#depth	O	O+	O+2	O+3	O+4	O+5	O+6	O+7	O+8	O[1]	O[2]	O[3]
 3.61202e+11	1.01e-05	1.69e-02	9.80e-01	3.00e-03	0.00e+00	0.00e+00	0.00e+00	0.00e+00	0.00e+00	6.88e-06	2.23e-06	1.03e-06
 2.16721e+12	1.01e-05	1.69e-02	9.80e-01	2.99e-03	0.00e+00	0.00e+00	0.00e+00	0.00e+00	0.00e+00	6.88e-06	2.23e-06	1.02e-06
 9.39124e+12	1.01e-05	1.69e-02	9.80e-01	2.95e-03	0.00e+00	0.00e+00	0.00e+00	0.00e+00	0.00e+00	6.88e-06	2.24e-06	1.03e-06
 3.82874e+13	1.02e-05	1.69e-02	9.80e-01	2.78e-03	0.00e+00	0.00e+00	0.00e+00	0.00e+00	0.00e+00	6.91e-06	2.25e-06	1.03e-06
 9.14562e+13	1.02e-05	1.70e-02	9.80e-01	2.55e-03	0.00e+00	0.00e+00	0.00e+00	0.00e+00	0.00e+00	6.92e-06	2.26e-06	1.04e-06
 1.60576e+14	1.03e-05	1.71e-02	9.81e-01	2.27e-03	0.00e+00	0.00e+00	0.00e+00	0.00e+00	0.00e+00	6.96e-06	2.27e-06	1.04e-06
 2.50431e+14	1.04e-05	1.72e-02	9.81e-01	1.94e-03	0.00e+00	0.00e+00	0.00e+00	0.00e+00	0.00e+00	7.01e-06	2.29e-06	1.05e-06
 3.67243e+14	1.05e-05	1.73e-02	9.81e-01	1.59e-03	0.00e+00	0.00e+00	0.00e+00	0.00e+00	0.00e+00	7.09e-06	2.32e-06	1.06e-06
 5.19099e+14	1.06e-05	1.75e-02	9.81e-01	1.21e-03	0.00e+00	0.00e+00	0.00e+00	0.00e+00	0.00e+00	7.19e-06	2.36e-06	1.08e-06
 7.16511e+14	1.09e-05	1.77e-02	9.81e-01	8.51e-04	0.00e+00	0.00e+00	0.00e+00	0.00e+00	0.00e+00	7.34e-06	2.41e-06	1.10e-06
 9.73147e+14	1.12e-05	1.80e-02	9.81e-01	5.36e-04	0.00e+00	0.00e+00	0.00e+00	0.00e+00	0.00e+00	7.54e-06	2.48e-06	1.13e-06
 1.30677e+15	1.16e-05	1.84e-02	9.81e-01	2.95e-04	0.00e+00	0.00e+00	0.00e+00	0.00e+00	0.00e+00	7.82e-06	2.57e-06	1.18e-06
 1.74049e+15	1.21e-05	1.89e-02	9.81e-01	1.38e-04	0.00e+00	0.00e+00	0.00e+00	0.00e+00	0.00e+00	8.20e-06	2.70e-06	1.23e-06
 2.30432e+15	1.29e-05	1.95e-02	9.80e-01	5.43e-05	0.00e+00	0.00e+00	0.00e+00	0.00e+00	0.00e+00	8.74e-06	2.88e-06	1.32e-06
 3.03730e+15	1.41e-05	2.04e-02	9.80e-01	1.87e-05	0.00e+00	0.00e+00	0.00e+00	0.00e+00	0.00e+00	9.53e-06	3.15e-06	1.44e-06
 3.99017e+15	1.58e-05	2.15e-02	9.79e-01	7.00e-06	0.00e+00	0.00e+00	0.00e+00	0.00e+00	0.00e+00	1.07e-05	3.53e-06	1.61e-06
 5.22890e+15	1.84e-05	2.30e-02	9.77e-01	3.88e-06	0.00e+00	0.00e+00	0.00e+00	0.00e+00	0.00e+00	1.24e-05	4.11e-06	1.87e-06
 6.83925e+15	2.24e-05	2.50e-02	9.75e-01	2.90e-06	0.00e+00	0.00e+00	0.00e+00	0.00e+00	0.00e+00	1.51e-05	5.03e-06	2.29e-06
 8.72424e+15	2.83e-05	2.76e-02	9.72e-01	2.37e-06	0.00e+00	0.00e+00	0.00e+00	0.00e+00	0.00e+00	1.91e-05	6.34e-06	2.89e-06
 1.06738e+16	3.64e-05	3.06e-02	9.69e-01	1.99e-06	0.00e+00	0.00e+00	0.00e+00	0.00e+00	0.00e+00	2.46e-05	8.17e-06	3.72e-06
 1.22310e+16	4.50e-05	3.32e-02	9.67e-01	1.75e-06	0.00e+00	0.00e+00	0.00e+00	0.00e+00	0.00e+00	3.03e-05	1.01e-05	4.59e-06
 1.32123e+16	5.53e-05	3.62e-02	9.64e-01	1.61e-06	0.00e+00	0.00e+00	0.00e+00	0.00e+00	0.00e+00	3.71e-05	1.25e-05	5.64e-06
 1.38887e+16	6.15e-05	3.77e-02	9.62e-01	1.53e-06	0.00e+00	0.00e+00	0.00e+00	0.00e+00	0.00e+00	4.13e-05	1.39e-05	6.28e-06
 1.45270e+16	6.80e-05	3.92e-02	9.61e-01	1.46e-06	0.00e+00	0.00e+00	0.00e+00	0.00e+00	0.00e+00	4.57e-05	1.53e-05	6.94e-06
 1.53568e+16	7.74e-05	4.11e-02	9.59e-01	1.37e-06	0.00e+00	0.00e+00	0.00e+00	0.00e+00	0.00e+00	5.21e-05	1.74e-05	7.89e-06
 1.64355e+16	9.19e-05	4.39e-02	9.56e-01	1.27e-06	0.00e+00	0.00e+00	0.00e+00	0.00e+00	0.00e+00	6.19e-05	2.06e-05	9.36e-06
 1.75467e+16	1.11e-04	4.72e-02	9.53e-01	1.17e-06	0.00e+00	0.00e+00	0.00e+00	0.00e+00	0.00e+00	7.48e-05	2.49e-05	1.13e-05
 1.84248e+16	1.30e-04	5.02e-02	9.50e-01	1.10e-06	0.00e+00	0.00e+00	0.00e+00	0.00e+00	0.00e+00	8.79e-05	2.92e-05	1.33e-05
 1.91412e+16	1.48e-04	5.28e-02	9.47e-01	1.05e-06	0.00e+00	0.00e+00	0.00e+00	0.00e+00	0.00e+00	1.00e-04	3.32e-05	1.51e-05
 1.99230e+16	1.72e-04	5.59e-02	9.44e-01	9.93e-07	0.00e+00	0.00e+00	0.00e+00	0.00e+00	0.00e+00	1.16e-04	3.82e-05	1.74e-05
 2.09393e+16	2.09e-04	6.05e-02	9.39e-01	9.25e-07	0.00e+00	0.00e+00	0.00e+00	0.00e+00	0.00e+00	1.41e-04	4.64e-05	2.11e-05
 2.19314e+16	2.56e-04	6.58e-02	9.34e-01	8.58e-07	0.00e+00	0.00e+00	0.00e+00	0.00e+00	0.00e+00	1.74e-04	5.69e-05	2.59e-05
 2.26421e+16	3.00e-04	7.02e-02	9.29e-01	8.09e-07	0.00e+00	0.00e+00	0.00e+00	0.00e+00	0.00e+00	2.03e-04	6.63e-05	3.03e-05
 2.32198e+16	3.43e-04	7.43e-02	9.25e-01	7.75e-07	0.00e+00	0.00e+00	0.00e+00	0.00e+00	0.00e+00	2.32e-04	7.57e-05	3.46e-05
 2.38743e+16	3.96e-04	7.91e-02	9.21e-01	7.29e-07	0.00e+00	0.00e+00	0.00e+00	0.00e+00	0.00e+00	2.69e-04	8.73e-05	3.99e-05
 2.47251e+16	4.83e-04	8.62e-02	9.13e-01	6.76e-07	0.00e+00	0.00e+00	0.00e+00	0.00e+00	0.00e+00	3.28e-04	1.06e-04	4.86e-05
 2.55747e+16	6.00e-04	9.50e-02	9.04e-01	6.20e-07	0.00e+00	0.00e+00	0.00e+00	0.00e+00	0.00e+00	4.08e-04	1.32e-04	6.04e-05
 2.62054e+16	7.17e-04	1.03e-01	8.96e-01	5.78e-07	0.00e+00	0.00e+00	0.00e+00	0.00e+00	0.00e+00	4.88e-04	1.57e-04	7.20e-05
 2.67087e+16	8.22e-04	1.10e-01	8.90e-01	5.43e-07	0.00e+00	0.00e+00	0.00e+00	0.00e+00	0.00e+00	5.60e-04	1.79e-04	8.24e-05
 2.72635e+16	9.62e-04	1.18e-01	8.81e-01	5.07e-07	0.00e+00	0.00e+00	0.00e+00	0.00e+00	0.00e+00	6.56e-04	2.10e-04	9.64e-05
 2.79847e+16	1.19e-03	1.30e-01	8.69e-01	4.60e-07	0.00e+00	0.00e+00	0.00e+00	0.00e+00	0.00e+00	8.14e-04	2.59e-04	1.19e-04
 2.87099e+16	1.51e-03	1.45e-01	8.53e-01	4.10e-07	0.00e+00	0.00e+00	0.00e+00	0.00e+00	0.00e+00	1.03e-03	3.25e-04	1.50e-04
 2.92602e+16	1.83e-03	1.59e-01	8.39e-01	3.72e-07	0.00e+00	0.00e+00	0.00e+00	0.00e+00	0.00e+00	1.25e-03	3.94e-04	1.82e-04
 2.97098e+16	2.15e-03	1.72e-01	8.26e-01	3.42e-07	0.00e+00	0.00e+00	0.00e+00	0.00e+00	0.00e+00	1.47e-03	4.62e-04	2.14e-04
 3.02083e+16	2.59e-03	1.88e-01	8.09e-01	3.08e-07	0.00e+00	0.00e+00	0.00e+00	0.00e+00	0.00e+00	1.78e-03	5.54e-04	2.57e-04
 3.07659e+16	3.22e-03	2.09e-01	7.88e-01	2.71e-07	0.00e+00	0.00e+00	0.00e+00	0.00e+00	0.00e+00	2.21e-03	6.87e-04	3.19e-04
 3.12673e+16	3.97e-03	2.31e-01	7.65e-01	2.38e-07	0.00e+00	0.00e+00	0.00e+00	0.00e+00	0.00e+00	2.73e-03	8.45e-04	3.93e-04
 3.16859e+16	4.78e-03	2.52e-01	7.43e-01	2.10e-07	0.00e+00	0.00e+00	0.00e+00	0.00e+00	0.00e+00	3.29e-03	1.01e-03	4.73e-04
 3.20690e+16	5.71e-03	2.74e-01	7.20e-01	1.86e-07	0.00e+00	0.00e+00	0.00e+00	0.00e+00	0.00e+00	3.93e-03	1.21e-03	5.64e-04
 3.25057e+16	7.07e-03	3.03e-01	6.90e-01	1.59e-07	0.00e+00	0.00e+00	0.00e+00	0.00e+00	0.00e+00	4.87e-03	1.49e-03	6.97e-04
 3.29606e+16	8.93e-03	3.37e-01	6.54e-01	1.32e-07	0.00e+00	0.00e+00	0.00e+00	0.00e+00	0.00e+00	6.17e-03	1.88e-03	8.80e-04
 3.33261e+16	1.09e-02	3.69e-01	6.20e-01	0.00e+00	0.00e+00	0.00e+00	0.00e+00	0.00e+00	0.00e+00	7.54e-03	2.30e-03	1.07e-03
 3.36250e+16	1.30e-02	3.98e-01	5.89e-01	0.00e+00	0.00e+00	0.00e+00	0.00e+00	0.00e+00	0.00e+00	8.97e-03	2.73e-03	1.28e-03
 3.39504e+16	1.58e-02	4.33e-01	5.52e-01	0.00e+00	0.00e+00	0.00e+00	0.00e+00	0.00e+00	0.00e+00	1.09e-02	3.32e-03	1.55e-03
 3.43032e+16	1.98e-02	4.74e-01	5.06e-01	0.00e+00	0.00e+00	0.00e+00	0.00e+00	0.00e+00	0.00e+00	1.37e-02	4.14e-03	1.94e-03
 3.46062e+16	2.43e-02	5.14e-01	4.62e-01	0.00e+00	0.00e+00	0.00e+00	0.00e+00	0.00e+00	0.00e+00	1.68e-02	5.08e-03	2.38e-03
 3.48582e+16	2.91e-02	5.49e-01	4.22e-01	0.00e+00	0.00e+00	0.00e+00	0.00e+00	0.00e+00	0.00e+00	2.01e-02	6.07e-03	2.85e-03
 3.51290e+16	3.56e-02	5.88e-01	3.76e-01	0.00e+00	0.00e+00	0.00e+00	0.00e+00	0.00e+00	0.00e+00	2.47e-02	7.44e-03	3.49e-03
 3.54177e+16	4.46e-02	6.31e-01	3.25e-01	0.00e+00	0.00e+00	0.00e+00	0.00e+00	0.00e+00	0.00e+00	3.09e-02	9.29e-03	4.36e-03
 3.56613e+16	5.46e-02	6.66e-01	2.79e-01	0.00e+00	0.00e+00	0.00e+00	0.00e+00	0.00e+00	0.00e+00	3.79e-02	1.14e-02	5.35e-03
 3.58649e+16	6.54e-02	6.95e-01	2.39e-01	0.00e+00	0.00e+00	0.00e+00	0.00e+00	0.00e+00	0.00e+00	4.53e-02	1.36e-02	6.39e-03
 3.60851e+16	8.01e-02	7.23e-01	1.97e-01	0.00e+00	0.00e+00	0.00e+00	0.00e+00	0.00e+00	0.00e+00	5.56e-02	1.67e-02	7.84e-03
 3.62860e+16	9.76e-02	7.44e-01	1.59e-01	0.00e+00	0.00e+00	0.00e+00	0.00e+00	0.00e+00	0.00e+00	6.77e-02	2.03e-02	9.54e-03
 3.64087e+16	1.11e-01	7.53e-01	1.36e-01	0.00e+00	0.00e+00	0.00e+00	0.00e+00	0.00e+00	0.00e+00	7.68e-02	2.30e-02	1.08e-02
 3.64982e+16	1.22e-01	7.58e-01	1.21e-01	0.00e+00	0.00e+00	0.00e+00	0.00e+00	0.00e+00	0.00e+00	8.44e-02	2.52e-02	1.19e-02
 3.65977e+16	1.35e-01	7.61e-01	1.04e-01	0.00e+00	0.00e+00	0.00e+00	0.00e+00	0.00e+00	0.00e+00	9.40e-02	2.81e-02	1.32e-02
 3.67101e+16	1.54e-01	7.60e-01	8.61e-02	0.00e+00	0.00e+00	0.00e+00	0.00e+00	0.00e+00	0.00e+00	1.07e-01	3.18e-02	1.50e-02
 3.68116e+16	1.73e-01	7.56e-01	7.12e-02	0.00e+00	0.00e+00	0.00e+00	0.00e+00	0.00e+00	0.00e+00	1.20e-01	3.58e-02	1.69e-02
 3.68948e+16	1.91e-01	7.49e-01	6.00e-02	0.00e+00	0.00e+00	0.00e+00	0.00e+00	0.00e+00	0.00e+00	1.33e-01	3.95e-02	1.87e-02
 3.69686e+16	2.09e-01	7.40e-01	5.07e-02	0.00e+00	0.00e+00	0.00e+00	0.00e+00	0.00e+00	0.00e+00	1.46e-01	4.32e-02	2.04e-02
 3.70515e+16	2.33e-01	7.26e-01	4.12e-02	0.00e+00	0.00e+00	0.00e+00	0.00e+00	0.00e+00	0.00e+00	1.62e-01	4.80e-02	2.27e-02
 3.71367e+16	2.60e-01	7.07e-01	3.27e-02	0.00e+00	0.00e+00	0.00e+00	0.00e+00	0.00e+00	0.00e+00	1.81e-01	5.35e-02	2.53e-02
 3.72037e+16	2.84e-01	6.89e-01	2.67e-02	0.00e+00	0.00e+00	0.00e+00	0.00e+00	0.00e+00	0.00e+00	1.98e-01	5.83e-02	2.77e-02
 3.72581e+16	3.06e-01	6.72e-01	2.23e-02	0.00e+00	0.00e+00	0.00e+00	0.00e+00	0.00e+00	0.00e+00	2.13e-01	6.27e-02	2.98e-02
 3.73173e+16	3.32e-01	6.50e-01	1.80e-02	0.00e+00	0.00e+00	0.00e+00	0.00e+00	0.00e+00	0.00e+00	2.32e-01	6.79e-02	3.23e-02
 3.73809e+16	3.63e-01	6.23e-01	1.41e-02	0.00e+00	0.00e+00	0.00e+00	0.00e+00	0.00e+00	0.00e+00	2.54e-01	7.39e-02	3.52e-02
 3.74348e+16	3.92e-01	5.97e-01	1.12e-02	0.00e+00	0.00e+00	0.00e+00	0.00e+00	0.00e+00	0.00e+00	2.75e-01	7.95e-02	3.79e-02
 3.74800e+16	4.18e-01	5.73e-01	9.09e-03	0.00e+00	0.00e+00	0.00e+00	0.00e+00	0.00e+00	0.00e+00	2.93e-01	8.45e-02	4.04e-02
 3.75259e+16	4.46e-01	5.46e-01	7.24e-03	0.00e+00	0.00e+00	0.00e+00	0.00e+00	0.00e+00	0.00e+00	3.14e-01	8.98e-02	4.30e-02
 3.75739e+16	4.78e-01	5.16e-01	5.60e-03	0.00e+00	0.00e+00	0.00e+00	0.00e+00	0.00e+00	0.00e+00	3.36e-01	9.56e-02	4.59e-02
 3.76172e+16	5.08e-01	4.87e-01	4.37e-03	0.00e+00	0.00e+00	0.00e+00	0.00e+00	0.00e+00	0.00e+00	3.58e-01	1.01e-01	4.87e-02
 3.76534e+16	5.34e-01	4.62e-01	3.50e-03	0.00e+00	0.00e+00	0.00e+00	0.00e+00	0.00e+00	0.00e+00	3.78e-01	1.06e-01	5.10e-02
 3.76845e+16	5.58e-01	4.40e-01	2.87e-03	0.00e+00	0.00e+00	0.00e+00	0.00e+00	0.00e+00	0.00e+00	3.95e-01	1.10e-01	5.31e-02
 3.77132e+16	5.79e-01	4.18e-01	2.36e-03	0.00e+00	0.00e+00	0.00e+00	0.00e+00	0.00e+00	0.00e+00	4.11e-01	1.13e-01	5.50e-02
 3.77357e+16	5.96e-01	4.02e-01	2.02e-03	0.00e+00	0.00e+00	0.00e+00	0.00e+00	0.00e+00	0.00e+00	4.24e-01	1.16e-01	5.64e-02
 3.77503e+16	6.07e-01	3.91e-01	1.82e-03	0.00e+00	0.00e+00	0.00e+00	0.00e+00	0.00e+00	0.00e+00	4.32e-01	1.17e-01	5.73e-02
 3.77638e+16	6.18e-01	3.80e-01	1.64e-03	0.00e+00	0.00e+00	0.00e+00	0.00e+00	0.00e+00	0.00e+00	4.40e-01	1.19e-01	5.82e-02
 3.77792e+16	6.30e-01	3.68e-01	1.46e-03	0.00e+00	0.00e+00	0.00e+00	0.00e+00	0.00e+00	0.00e+00	4.50e-01	1.21e-01	5.92e-02
 3.77957e+16	6.43e-01	3.55e-01	1.28e-03	0.00e+00	0.00e+00	0.00e+00	0.00e+00	0.00e+00	0.00e+00	4.60e-01	1.23e-01	6.03e-02
 3.78114e+16	6.56e-01	3.43e-01	1.12e-03	0.00e+00	0.00e+00	0.00e+00	0.00e+00	0.00e+00	0.00e+00	4.70e-01	1.25e-01	6.13e-02
 3.78260e+16	6.68e-01	3.31e-01	9.95e-04	0.00e+00	0.00e+00	0.00e+00	0.00e+00	0.00e+00	0.00e+00	4.79e-01	1.26e-01	6.22e-02
 3.78400e+16	6.79e-01	3.20e-01	8.81e-04	0.00e+00	0.00e+00	0.00e+00	0.00e+00	0.00e+00	0.00e+00	4.88e-01	1.28e-01	6.31e-02
 3.78540e+16	6.90e-01	3.09e-01	7.77e-04	0.00e+00	0.00e+00	0.00e+00	0.00e+00	0.00e+00	0.00e+00	4.97e-01	1.29e-01	6.40e-02
 3.78680e+16	7.02e-01	2.98e-01	6.84e-04	0.00e+00	0.00e+00	0.00e+00	0.00e+00	0.00e+00	0.00e+00	5.06e-01	1.31e-01	6.48e-02
 3.78816e+16	7.13e-01	2.87e-01	6.02e-04	0.00e+00	0.00e+00	0.00e+00	0.00e+00	0.00e+00	0.00e+00	5.15e-01	1.32e-01	6.56e-02
 3.78949e+16	7.23e-01	2.76e-01	5.30e-04	0.00e+00	0.00e+00	0.00e+00	0.00e+00	0.00e+00	0.00e+00	5.23e-01	1.33e-01	6.64e-02
 3.79078e+16	7.34e-01	2.66e-01	4.66e-04	0.00e+00	0.00e+00	0.00e+00	0.00e+00	0.00e+00	0.00e+00	5.32e-01	1.35e-01	6.71e-02
 3.79206e+16	7.44e-01	2.56e-01	4.10e-04	0.00e+00	0.00e+00	0.00e+00	0.00e+00	0.00e+00	0.00e+00	5.40e-01	1.36e-01	6.78e-02
 3.79332e+16	7.54e-01	2.46e-01	3.60e-04	0.00e+00	0.00e+00	0.00e+00	0.00e+00	0.00e+00	0.00e+00	5.49e-01	1.37e-01	6.84e-02
 3.79455e+16	7.63e-01	2.36e-01	3.16e-04	0.00e+00	0.00e+00	0.00e+00	0.00e+00	0.00e+00	0.00e+00	5.57e-01	1.38e-01	6.90e-02
 3.79576e+16	7.73e-01	2.27e-01	2.77e-04	0.00e+00	0.00e+00	0.00e+00	0.00e+00	0.00e+00	0.00e+00	5.64e-01	1.39e-01	6.96e-02
 3.79694e+16	7.82e-01	2.18e-01	2.43e-04	0.00e+00	0.00e+00	0.00e+00	0.00e+00	0.00e+00	0.00e+00	5.72e-01	1.39e-01	7.02e-02
 3.79811e+16	7.91e-01	2.09e-01	2.12e-04	0.00e+00	0.00e+00	0.00e+00	0.00e+00	0.00e+00	0.00e+00	5.80e-01	1.40e-01	7.07e-02
 3.79926e+16	7.99e-01	2.01e-01	1.86e-04	0.00e+00	0.00e+00	0.00e+00	0.00e+00	0.00e+00	0.00e+00	5.87e-01	1.41e-01	7.11e-02
 3.80039e+16	8.07e-01	1.92e-01	1.63e-04	0.00e+00	0.00e+00	0.00e+00	0.00e+00	0.00e+00	0.00e+00	5.94e-01	1.41e-01	7.16e-02
 3.80149e+16	8.16e-01	1.84e-01	1.42e-04	0.00e+00	0.00e+00	0.00e+00	0.00e+00	0.00e+00	0.00e+00	6.01e-01	1.42e-01	7.20e-02
 3.80258e+16	8.23e-01	1.77e-01	1.24e-04	0.00e+00	0.00e+00	0.00e+00	0.00e+00	0.00e+00	0.00e+00	6.08e-01	1.42e-01	7.23e-02
 3.80365e+16	8.31e-01	1.69e-01	1.08e-04	0.00e+00	0.00e+00	0.00e+00	0.00e+00	0.00e+00	0.00e+00	6.15e-01	1.43e-01	7.27e-02
 3.80471e+16	8.38e-01	1.62e-01	9.44e-05	0.00e+00	0.00e+00	0.00e+00	0.00e+00	0.00e+00	0.00e+00	6.22e-01	1.43e-01	7.30e-02
 3.80574e+16	8.45e-01	1.55e-01	8.23e-05	0.00e+00	0.00e+00	0.00e+00	0.00e+00	0.00e+00	0.00e+00	6.28e-01	1.44e-01	7.33e-02
 3.80676e+16	8.52e-01	1.48e-01	7.17e-05	0.00e+00	0.00e+00	0.00e+00	0.00e+00	0.00e+00	0.00e+00	6.34e-01	1.44e-01	7.35e-02
 3.80776e+16	8.58e-01	1.42e-01	6.24e-05	0.00e+00	0.00e+00	0.00e+00	0.00e+00	0.00e+00	0.00e+00	6.40e-01	1.44e-01	7.37e-02
 3.80875e+16	8.65e-01	1.35e-01	5.43e-05	0.00e+00	0.00e+00	0.00e+00	0.00e+00	0.00e+00	0.00e+00	6.46e-01	1.44e-01	7.39e-02
 3.80971e+16	8.71e-01	1.29e-01	4.73e-05	0.00e+00	0.00e+00	0.00e+00	0.00e+00	0.00e+00	0.00e+00	6.52e-01	1.45e-01	7.41e-02
 3.81064e+16	8.76e-01	1.24e-01	4.13e-05	0.00e+00	0.00e+00	0.00e+00	0.00e+00	0.00e+00	0.00e+00	6.57e-01	1.45e-01	7.42e-02
 3.81155e+16	8.82e-01	1.18e-01	3.60e-05	0.00e+00	0.00e+00	0.00e+00	0.00e+00	0.00e+00	0.00e+00	6.62e-01	1.45e-01	7.43e-02
 3.81243e+16	8.87e-01	1.13e-01	3.15e-05	0.00e+00	0.00e+00	0.00e+00	0.00e+00	0.00e+00	0.00e+00	6.67e-01	1.45e-01	7.44e-02
 3.81330e+16	8.92e-01	1.08e-01	2.76e-05	0.00e+00	0.00e+00	0.00e+00	0.00e+00	0.00e+00	0.00e+00	6.72e-01	1.45e-01	7.45e-02
 3.81415e+16	8.96e-01	1.04e-01	2.41e-05	0.00e+00	0.00e+00	0.00e+00	0.00e+00	0.00e+00	0.00e+00	6.76e-01	1.45e-01	7.46e-02
 3.81497e+16	9.01e-01	9.94e-02	2.12e-05	0.00e+00	0.00e+00	0.00e+00	0.00e+00	0.00e+00	0.00e+00	6.80e-01	1.45e-01	7.47e-02
 3.81578e+16	9.05e-01	9.52e-02	1.86e-05	0.00e+00	0.00e+00	0.00e+00	0.00e+00	0.00e+00	0.00e+00	6.85e-01	1.45e-01	7.47e-02
 3.81657e+16	9.09e-01	9.11e-02	1.63e-05	0.00e+00	0.00e+00	0.00e+00	0.00e+00	0.00e+00	0.00e+00	6.89e-01	1.45e-01	7.47e-02
 3.81735e+16	9.13e-01	8.73e-02	1.43e-05	0.00e+00	0.00e+00	0.00e+00	0.00e+00	0.00e+00	0.00e+00	6.92e-01	1.45e-01	7.47e-02
 3.81810e+16	9.16e-01	8.37e-02	1.26e-05	0.00e+00	0.00e+00	0.00e+00	0.00e+00	0.00e+00	0.00e+00	6.96e-01	1.46e-01	7.48e-02
 3.81883e+16	9.20e-01	8.02e-02	1.11e-05	0.00e+00	0.00e+00	0.00e+00	0.00e+00	0.00e+00	0.00e+00	6.99e-01	1.46e-01	7.48e-02
 3.81954e+16	9.23e-01	7.69e-02	9.78e-06	0.00e+00	0.00e+00	0.00e+00	0.00e+00	0.00e+00	0.00e+00	7.03e-01	1.46e-01	7.48e-02
 3.82025e+16	9.26e-01	7.38e-02	8.64e-06	0.00e+00	0.00e+00	0.00e+00	0.00e+00	0.00e+00	0.00e+00	7.06e-01	1.46e-01	7.47e-02
 3.82096e+16	9.29e-01	7.07e-02	7.58e-06	0.00e+00	0.00e+00	0.00e+00	0.00e+00	0.00e+00	0.00e+00	7.09e-01	1.46e-01	7.47e-02
 3.82164e+16	9.32e-01	6.78e-02	6.69e-06	0.00e+00	0.00e+00	0.00e+00	0.00e+00	0.00e+00	0.00e+00	7.12e-01	1.46e-01	7.47e-02
 3.82230e+16	9.35e-01	6.51e-02	5.92e-06	0.00e+00	0.00e+00	0.00e+00	0.00e+00	0.00e+00	0.00e+00	7.14e-01	1.46e-01	7.47e-02
 3.82295e+16	9.38e-01	6.25e-02	5.24e-06	0.00e+00	0.00e+00	0.00e+00	0.00e+00	0.00e+00	0.00e+00	7.17e-01	1.46e-01	7.47e-02
 3.82359e+16	9.40e-01	5.99e-02	4.63e-06	0.00e+00	0.00e+00	0.00e+00	0.00e+00	0.00e+00	0.00e+00	7.19e-01	1.46e-01	7.47e-02
 3.82423e+16	9.43e-01	5.75e-02	4.09e-06	0.00e+00	0.00e+00	0.00e+00	0.00e+00	0.00e+00	0.00e+00	7.22e-01	1.46e-01	7.46e-02
 3.82485e+16	9.45e-01	5.52e-02	3.63e-06	0.00e+00	0.00e+00	0.00e+00	0.00e+00	0.00e+00	0.00e+00	7.24e-01	1.46e-01	7.46e-02
 3.82545e+16	9.47e-01	5.30e-02	3.22e-06	0.00e+00	0.00e+00	0.00e+00	0.00e+00	0.00e+00	0.00e+00	7.26e-01	1.46e-01	7.45e-02
 3.82606e+16	9.49e-01	5.09e-02	2.85e-06	0.00e+00	0.00e+00	0.00e+00	0.00e+00	0.00e+00	0.00e+00	7.28e-01	1.46e-01	7.45e-02
 3.82665e+16	9.51e-01	4.88e-02	2.53e-06	0.00e+00	0.00e+00	0.00e+00	0.00e+00	0.00e+00	0.00e+00	7.30e-01	1.46e-01	7.44e-02
 3.82723e+16	9.53e-01	4.69e-02	2.24e-06	0.00e+00	0.00e+00	0.00e+00	0.00e+00	0.00e+00	0.00e+00	7.32e-01	1.47e-01	7.44e-02
 3.82779e+16	9.55e-01	4.51e-02	1.99e-06	0.00e+00	0.00e+00	0.00e+00	0.00e+00	0.00e+00	0.00e+00	7.34e-01	1.47e-01	7.43e-02
 3.82835e+16	9.57e-01	4.33e-02	1.77e-06	0.00e+00	0.00e+00	0.00e+00	0.00e+00	0.00e+00	0.00e+00	7.35e-01	1.47e-01	7.43e-02
 3.82890e+16	9.58e-01	4.16e-02	1.57e-06	0.00e+00	0.00e+00	0.00e+00	0.00e+00	0.00e+00	0.00e+00	7.37e-01	1.47e-01	7.42e-02
 3.82944e+16	9.60e-01	4.00e-02	1.40e-06	0.00e+00	0.00e+00	0.00e+00	0.00e+00	0.00e+00	0.00e+00	7.38e-01	1.47e-01	7.42e-02
 3.82998e+16	9.62e-01	3.84e-02	1.24e-06	0.00e+00	0.00e+00	0.00e+00	0.00e+00	0.00e+00	0.00e+00	7.40e-01	1.48e-01	7.41e-02
 3.83050e+16	9.63e-01	3.69e-02	1.11e-06	0.00e+00	0.00e+00	0.00e+00	0.00e+00	0.00e+00	0.00e+00	7.41e-01	1.48e-01	7.41e-02
 3.83101e+16	9.65e-01	3.55e-02	9.85e-07	0.00e+00	0.00e+00	0.00e+00	0.00e+00	0.00e+00	0.00e+00	7.42e-01	1.48e-01	7.41e-02
 3.83152e+16	9.66e-01	3.41e-02	8.75e-07	0.00e+00	0.00e+00	0.00e+00	0.00e+00	0.00e+00	0.00e+00	7.44e-01	1.48e-01	7.41e-02
 3.83203e+16	9.67e-01	3.27e-02	7.80e-07	0.00e+00	0.00e+00	0.00e+00	0.00e+00	0.00e+00	0.00e+00	7.45e-01	1.49e-01	7.40e-02
 3.83251e+16	9.69e-01	3.15e-02	6.95e-07	0.00e+00	0.00e+00	0.00e+00	0.00e+00	0.00e+00	0.00e+00	7.46e-01	1.49e-01	7.41e-02
 3.83300e+16	9.70e-01	3.03e-02	6.20e-07	0.00e+00	0.00e+00	0.00e+00	0.00e+00	0.00e+00	0.00e+00	7.47e-01	1.49e-01	7.40e-02
 3.83347e+16	9.71e-01	2.91e-02	5.52e-07	0.00e+00	0.00e+00	0.00e+00	0.00e+00	0.00e+00	0.00e+00	7.47e-01	1.50e-01	7.41e-02
 3.83394e+16	9.72e-01	2.79e-02	4.94e-07	0.00e+00	0.00e+00	0.00e+00	0.00e+00	0.00e+00	0.00e+00	7.48e-01	1.50e-01	7.41e-02
 3.83439e+16	9.73e-01	2.68e-02	4.40e-07	0.00e+00	0.00e+00	0.00e+00	0.00e+00	0.00e+00	0.00e+00	7.49e-01	1.50e-01	7.41e-02
 3.83484e+16	9.74e-01	2.58e-02	3.93e-07	0.00e+00	0.00e+00	0.00e+00	0.00e+00	0.00e+00	0.00e+00	7.49e-01	1.51e-01	7.41e-02
 3.83528e+16	9.75e-01	2.48e-02	3.51e-07	0.00e+00	0.00e+00	0.00e+00	0.00e+00	0.00e+00	0.00e+00	7.50e-01	1.51e-01	7.42e-02
 3.83572e+16	9.76e-01	2.38e-02	3.13e-07	0.00e+00	0.00e+00	0.00e+00	0.00e+00	0.00e+00	0.00e+00	7.50e-01	1.52e-01	7.42e-02
 3.83613e+16	9.77e-01	2.29e-02	2.81e-07	0.00e+00	0.00e+00	0.00e+00	0.00e+00	0.00e+00	0.00e+00	7.51e-01	1.52e-01	7.43e-02
 3.83654e+16	9.78e-01	2.20e-02	2.51e-07	0.00e+00	0.00e+00	0.00e+00	0.00e+00	0.00e+00	0.00e+00	7.51e-01	1.53e-01	7.43e-02
 3.83695e+16	9.79e-01	2.11e-02	2.25e-07	0.00e+00	0.00e+00	0.00e+00	0.00e+00	0.00e+00	0.00e+00	7.51e-01	1.53e-01	7.44e-02
 3.83735e+16	9.80e-01	2.03e-02	2.01e-07	0.00e+00	0.00e+00	0.00e+00	0.00e+00	0.00e+00	0.00e+00	7.52e-01	1.54e-01	7.44e-02
 3.83773e+16	9.81e-01	1.95e-02	1.80e-07	0.00e+00	0.00e+00	0.00e+00	0.00e+00	0.00e+00	0.00e+00	7.52e-01	1.54e-01	7.45e-02
 3.83811e+16	9.81e-01	1.87e-02	1.61e-07	0.00e+00	0.00e+00	0.00e+00	0.00e+00	0.00e+00	0.00e+00	7.52e-01	1.55e-01	7.46e-02
 3.83848e+16	9.82e-01	1.80e-02	1.45e-07	0.00e+00	0.00e+00	0.00e+00	0.00e+00	0.00e+00	0.00e+00	7.52e-01	1.56e-01	7.47e-02
 3.83883e+16	9.83e-01	1.73e-02	1.30e-07	0.00e+00	0.00e+00	0.00e+00	0.00e+00	0.00e+00	0.00e+00	7.52e-01	1.56e-01	7.48e-02
 3.83918e+16	9.83e-01	1.66e-02	1.17e-07	0.00e+00	0.00e+00	0.00e+00	0.00e+00	0.00e+00	0.00e+00	7.51e-01	1.57e-01	7.49e-02
 3.83951e+16	9.84e-01	1.59e-02	1.05e-07	0.00e+00	0.00e+00	0.00e+00	0.00e+00	0.00e+00	0.00e+00	7.51e-01	1.58e-01	7.50e-02
 3.83982e+16	9.85e-01	1.53e-02	9.48e-08	0.00e+00	0.00e+00	0.00e+00	0.00e+00	0.00e+00	0.00e+00	7.51e-01	1.59e-01	7.51e-02
 3.84010e+16	9.85e-01	1.47e-02	8.63e-08	0.00e+00	0.00e+00	0.00e+00	0.00e+00	0.00e+00	0.00e+00	7.51e-01	1.59e-01	7.52e-02
 3.84037e+16	9.86e-01	1.42e-02	7.88e-08	0.00e+00	0.00e+00	0.00e+00	0.00e+00	0.00e+00	0.00e+00	7.50e-01	1.60e-01	7.54e-02
 3.84062e+16	9.86e-01	1.37e-02	7.23e-08	0.00e+00	0.00e+00	0.00e+00	0.00e+00	0.00e+00	0.00e+00	7.50e-01	1.61e-01	7.55e-02
 3.84085e+16	9.87e-01	1.33e-02	6.64e-08	0.00e+00	0.00e+00	0.00e+00	0.00e+00	0.00e+00	0.00e+00	7.49e-01	1.62e-01	7.56e-02
 3.84107e+16	9.87e-01	1.29e-02	6.13e-08	0.00e+00	0.00e+00	0.00e+00	0.00e+00	0.00e+00	0.00e+00	7.49e-01	1.63e-01	7.58e-02
 3.84127e+16	9.88e-01	1.25e-02	5.67e-08	0.00e+00	0.00e+00	0.00e+00	0.00e+00	0.00e+00	0.00e+00	7.48e-01	1.64e-01	7.59e-02
 3.84146e+16	9.88e-01	1.21e-02	5.26e-08	0.00e+00	0.00e+00	0.00e+00	0.00e+00	0.00e+00	0.00e+00	7.47e-01	1.64e-01	7.60e-02
 3.84164e+16	9.88e-01	1.17e-02	4.89e-08	0.00e+00	0.00e+00	0.00e+00	0.00e+00	0.00e+00	0.00e+00	7.47e-01	1.65e-01	7.62e-02
 3.84181e+16	9.89e-01	1.14e-02	4.56e-08	0.00e+00	0.00e+00	0.00e+00	0.00e+00	0.00e+00	0.00e+00	7.46e-01	1.66e-01	7.63e-02
 3.84197e+16	9.89e-01	1.11e-02	4.25e-08	0.00e+00	0.00e+00	0.00e+00	0.00e+00	0.00e+00	0.00e+00	7.46e-01	1.67e-01	7.65e-02
 3.84212e+16	9.89e-01	1.07e-02	3.98e-08	0.00e+00	0.00e+00	0.00e+00	0.00e+00	0.00e+00	0.00e+00	7.45e-01	1.68e-01	7.66e-02
 3.84226e+16	9.90e-01	1.05e-02	3.73e-08	0.00e+00	0.00e+00	0.00e+00	0.00e+00	0.00e+00	0.00e+00	7.44e-01	1.69e-01	7.68e-02
 3.84239e+16	9.90e-01	1.02e-02	3.51e-08	0.00e+00	0.00e+00	0.00e+00	0.00e+00	0.00e+00	0.00e+00	7.43e-01	1.70e-01	7.69e-02
 3.84251e+16	9.90e-01	9.91e-03	3.30e-08	0.00e+00	0.00e+00	0.00e+00	0.00e+00	0.00e+00	0.00e+00	7.43e-01	1.70e-01	7.71e-02
 3.84263e+16	9.90e-01	9.65e-03	3.11e-08	0.00e+00	0.00e+00	0.00e+00	0.00e+00	0.00e+00	0.00e+00	7.42e-01	1.71e-01	7.72e-02
 3.84274e+16	9.91e-01	9.40e-03	2.93e-08	0.00e+00	0.00e+00	0.00e+00	0.00e+00	0.00e+00	0.00e+00	7.41e-01	1.72e-01	7.74e-02
 3.84285e+16	9.91e-01	9.16e-03	2.77e-08	0.00e+00	0.00e+00	0.00e+00	0.00e+00	0.00e+00	0.00e+00	7.40e-01	1.73e-01	7.75e-02
 3.84294e+16	9.91e-01	8.93e-03	2.62e-08	0.00e+00	0.00e+00	0.00e+00	0.00e+00	0.00e+00	0.00e+00	7.39e-01	1.74e-01	7.77e-02
 3.84304e+16	9.91e-01	8.70e-03	2.47e-08	0.00e+00	0.00e+00	0.00e+00	0.00e+00	0.00e+00	0.00e+00	7.38e-01	1.75e-01	7.79e-02
 3.84313e+16	9.92e-01	8.47e-03	2.33e-08	0.00e+00	0.00e+00	0.00e+00	0.00e+00	0.00e+00	0.00e+00	7.37e-01	1.76e-01	7.80e-02
 3.84322e+16	9.92e-01	8.25e-03	2.21e-08	0.00e+00	0.00e+00	0.00e+00	0.00e+00	0.00e+00	0.00e+00	7.36e-01	1.77e-01	7.82e-02
 3.84330e+16	9.92e-01	8.03e-03	2.09e-08	0.00e+00	0.00e+00	0.00e+00	0.00e+00	0.00e+00	0.00e+00	7.35e-01	1.78e-01	7.84e-02
 3.84338e+16	9.92e-01	7.82e-03	1.97e-08	0.00e+00	0.00e+00	0.00e+00	0.00e+00	0.00e+00	0.00e+00	7.34e-01	1.80e-01	7.85e-02
 3.84346e+16	9.92e-01	7.58e-03	1.86e-08	0.00e+00	0.00e+00	0.00e+00	0.00e+00	0.00e+00	0.00e+00	7.33e-01	1.81e-01	7.87e-02
