#depth	He	He+	He+2
 3.61202e+11	1.03e-03	9.92e-01	7.13e-03
 2.16721e+12	1.03e-03	9.92e-01	7.12e-03
 9.39124e+12	1.03e-03	9.92e-01	7.08e-03
 3.82874e+13	1.03e-03	9.92e-01	6.84e-03
 9.14562e+13	1.04e-03	9.92e-01	6.69e-03
 1.60576e+14	1.04e-03	9.93e-01	6.31e-03
 2.50431e+14	1.05e-03	9.93e-01	5.69e-03
 3.67243e+14	1.06e-03	9.94e-01	4.85e-03
 5.19099e+14	1.07e-03	9.95e-01	3.84e-03
 7.16511e+14	1.08e-03	9.96e-01	2.76e-03
 9.73147e+14	1.10e-03	9.97e-01	1.76e-03
 1.30677e+15	1.12e-03	9.98e-01	9.64e-04
 1.74049e+15	1.15e-03	9.98e-01	4.39e-04
 2.30432e+15	1.18e-03	9.99e-01	1.60e-04
 3.03730e+15	1.23e-03	9.99e-01	4.46e-05
 3.99017e+15	1.28e-03	9.99e-01	9.24e-06
 5.22890e+15	1.36e-03	9.99e-01	1.40e-06
 6.83925e+15	1.47e-03	9.99e-01	1.61e-07
 8.72424e+15	1.59e-03	9.98e-01	1.75e-08
 1.06738e+16	1.73e-03	9.98e-01	2.57e-09
 1.22310e+16	1.85e-03	9.98e-01	7.18e-10
 1.32123e+16	1.98e-03	9.98e-01	3.65e-10
 1.38887e+16	2.04e-03	9.98e-01	2.41e-10
 1.45270e+16	2.10e-03	9.98e-01	1.69e-10
 1.53568e+16	2.19e-03	9.98e-01	1.13e-10
 1.64355e+16	2.29e-03	9.98e-01	7.56e-11
 1.75467e+16	2.41e-03	9.98e-01	5.57e-11
 1.84248e+16	2.52e-03	9.97e-01	4.64e-11
 1.91412e+16	2.61e-03	9.97e-01	4.21e-11
 1.99230e+16	2.71e-03	9.97e-01	3.85e-11
 2.09393e+16	2.86e-03	9.97e-01	3.53e-11
 2.19314e+16	3.02e-03	9.97e-01	3.34e-11
 2.26421e+16	3.14e-03	9.97e-01	3.27e-11
 2.32198e+16	3.26e-03	9.97e-01	3.16e-11
 2.38743e+16	3.38e-03	9.97e-01	3.24e-11
 2.47251e+16	3.56e-03	9.96e-01	3.22e-11
 2.55747e+16	3.77e-03	9.96e-01	3.21e-11
 2.62054e+16	3.96e-03	9.96e-01	3.18e-11
 2.67087e+16	4.11e-03	9.96e-01	3.32e-11
 2.72635e+16	4.29e-03	9.96e-01	3.33e-11
 2.79847e+16	4.56e-03	9.95e-01	3.39e-11
 2.87099e+16	4.87e-03	9.95e-01	3.48e-11
 2.92602e+16	5.15e-03	9.95e-01	3.49e-11
 2.97098e+16	5.40e-03	9.95e-01	3.56e-11
 3.02083e+16	5.72e-03	9.94e-01	3.63e-11
 3.07659e+16	6.11e-03	9.94e-01	3.73e-11
 3.12673e+16	6.53e-03	9.93e-01	3.87e-11
 3.16859e+16	6.93e-03	9.93e-01	3.99e-11
 3.20690e+16	7.36e-03	9.93e-01	4.12e-11
 3.25057e+16	7.92e-03	9.92e-01	4.25e-11
 3.29606e+16	8.60e-03	9.91e-01	4.44e-11
 3.33261e+16	9.25e-03	9.91e-01	4.64e-11
 3.36250e+16	9.88e-03	9.90e-01	4.83e-11
 3.39504e+16	1.07e-02	9.89e-01	5.09e-11
 3.43032e+16	1.17e-02	9.88e-01	5.36e-11
 3.46062e+16	1.28e-02	9.87e-01	5.68e-11
 3.48582e+16	1.39e-02	9.86e-01	5.99e-11
 3.51290e+16	1.53e-02	9.85e-01	6.41e-11
 3.54177e+16	1.71e-02	9.83e-01	6.94e-11
 3.56613e+16	1.91e-02	9.81e-01	7.65e-11
 3.58649e+16	2.11e-02	9.79e-01	8.33e-11
 3.60851e+16	2.39e-02	9.76e-01	9.27e-11
 3.62860e+16	2.71e-02	9.73e-01	1.04e-10
 3.64087e+16	2.96e-02	9.70e-01	1.13e-10
 3.64982e+16	3.17e-02	9.68e-01	1.21e-10
 3.65977e+16	3.44e-02	9.66e-01	1.32e-10
 3.67101e+16	3.80e-02	9.62e-01	1.47e-10
 3.68116e+16	4.18e-02	9.58e-01	1.63e-10
 3.68948e+16	4.56e-02	9.54e-01	1.80e-10
 3.69686e+16	4.96e-02	9.50e-01	1.97e-10
 3.70515e+16	5.48e-02	9.45e-01	2.21e-10
 3.71367e+16	6.12e-02	9.39e-01	2.51e-10
 3.72037e+16	6.72e-02	9.33e-01	2.80e-10
 3.72581e+16	7.29e-02	9.27e-01	3.08e-10
 3.73173e+16	8.03e-02	9.20e-01	3.45e-10
 3.73809e+16	8.94e-02	9.11e-01	3.91e-10
 3.74348e+16	9.85e-02	9.01e-01	4.38e-10
 3.74800e+16	1.07e-01	8.93e-01	4.84e-10
 3.75259e+16	1.18e-01	8.82e-01	5.39e-10
 3.75739e+16	1.31e-01	8.69e-01	6.05e-10
 3.76172e+16	1.44e-01	8.56e-01	6.75e-10
 3.76534e+16	1.57e-01	8.43e-01	7.41e-10
 3.76845e+16	1.69e-01	8.31e-01	8.03e-10
 3.77132e+16	1.82e-01	8.18e-01	8.68e-10
 3.77357e+16	1.92e-01	8.08e-01	9.21e-10
 3.77503e+16	1.99e-01	8.01e-01	9.55e-10
 3.77638e+16	2.07e-01	7.93e-01	9.90e-10
 3.77792e+16	2.16e-01	7.84e-01	1.03e-09
 3.77957e+16	2.26e-01	7.74e-01	1.08e-09
 3.78114e+16	2.36e-01	7.64e-01	1.13e-09
 3.78260e+16	2.45e-01	7.55e-01	1.17e-09
 3.78400e+16	2.55e-01	7.45e-01	1.22e-09
 3.78540e+16	2.66e-01	7.34e-01	1.27e-09
 3.78680e+16	2.76e-01	7.24e-01	1.32e-09
 3.78816e+16	2.88e-01	7.12e-01	1.37e-09
 3.78949e+16	2.99e-01	7.01e-01	1.42e-09
 3.79078e+16	3.10e-01	6.90e-01	1.47e-09
 3.79206e+16	3.22e-01	6.78e-01	1.52e-09
 3.79332e+16	3.35e-01	6.65e-01	1.57e-09
 3.79455e+16	3.47e-01	6.53e-01	1.62e-09
 3.79576e+16	3.60e-01	6.40e-01	1.67e-09
 3.79694e+16	3.73e-01	6.27e-01	1.72e-09
 3.79811e+16	3.86e-01	6.14e-01	1.78e-09
 3.79926e+16	3.99e-01	6.01e-01	1.83e-09
 3.80039e+16	4.13e-01	5.87e-01	1.88e-09
 3.80149e+16	4.27e-01	5.73e-01	1.93e-09
 3.80258e+16	4.41e-01	5.59e-01	1.98e-09
 3.80365e+16	4.55e-01	5.45e-01	2.02e-09
 3.80471e+16	4.69e-01	5.31e-01	2.07e-09
 3.80574e+16	4.84e-01	5.16e-01	2.12e-09
 3.80676e+16	4.98e-01	5.02e-01	2.16e-09
 3.80776e+16	5.13e-01	4.87e-01	2.20e-09
 3.80875e+16	5.27e-01	4.73e-01	2.24e-09
 3.80971e+16	5.42e-01	4.58e-01	2.28e-09
 3.81064e+16	5.56e-01	4.44e-01	2.32e-09
 3.81155e+16	5.70e-01	4.30e-01	2.35e-09
 3.81243e+16	5.84e-01	4.16e-01	2.38e-09
 3.81330e+16	5.97e-01	4.03e-01	2.41e-09
 3.81415e+16	6.11e-01	3.89e-01	2.44e-09
 3.81497e+16	6.24e-01	3.76e-01	2.46e-09
 3.81578e+16	6.37e-01	3.63e-01	2.49e-09
 3.81657e+16	6.50e-01	3.50e-01	2.50e-09
 3.81735e+16	6.62e-01	3.38e-01	2.52e-09
 3.81810e+16	6.74e-01	3.26e-01	2.54e-09
 3.81883e+16	6.86e-01	3.14e-01	2.55e-09
 3.81954e+16	6.97e-01	3.03e-01	2.56e-09
 3.82025e+16	7.09e-01	2.91e-01	2.56e-09
 3.82096e+16	7.20e-01	2.80e-01	2.57e-09
 3.82164e+16	7.31e-01	2.69e-01	2.57e-09
 3.82230e+16	7.41e-01	2.59e-01	2.57e-09
 3.82295e+16	7.51e-01	2.49e-01	2.57e-09
 3.82359e+16	7.61e-01	2.39e-01	2.57e-09
 3.82423e+16	7.70e-01	2.30e-01	2.56e-09
 3.82485e+16	7.79e-01	2.21e-01	2.55e-09
 3.82545e+16	7.88e-01	2.12e-01	2.54e-09
 3.82606e+16	7.97e-01	2.03e-01	2.53e-09
 3.82665e+16	8.05e-01	1.95e-01	2.52e-09
 3.82723e+16	8.13e-01	1.87e-01	2.51e-09
 3.82779e+16	8.21e-01	1.79e-01	2.49e-09
 3.82835e+16	8.29e-01	1.71e-01	2.47e-09
 3.82890e+16	8.36e-01	1.64e-01	2.45e-09
 3.82944e+16	8.43e-01	1.57e-01	2.43e-09
 3.82998e+16	8.50e-01	1.50e-01	2.41e-09
 3.83050e+16	8.56e-01	1.44e-01	2.39e-09
 3.83101e+16	8.62e-01	1.38e-01	2.36e-09
 3.83152e+16	8.69e-01	1.31e-01	2.33e-09
 3.83203e+16	8.74e-01	1.26e-01	2.31e-09
 3.83251e+16	8.80e-01	1.20e-01	2.28e-09
 3.83300e+16	8.85e-01	1.15e-01	2.25e-09
 3.83347e+16	8.90e-01	1.10e-01	2.22e-09
 3.83394e+16	8.95e-01	1.05e-01	2.19e-09
 3.83439e+16	9.00e-01	1.00e-01	2.16e-09
 3.83484e+16	9.04e-01	9.56e-02	2.13e-09
 3.83528e+16	9.09e-01	9.12e-02	2.09e-09
 3.83572e+16	9.13e-01	8.71e-02	2.06e-09
 3.83613e+16	9.17e-01	8.32e-02	2.03e-09
 3.83654e+16	9.20e-01	7.95e-02	1.99e-09
 3.83695e+16	9.24e-01	7.59e-02	1.95e-09
 3.83735e+16	9.28e-01	7.24e-02	1.92e-09
 3.83773e+16	9.31e-01	6.92e-02	1.88e-09
 3.83811e+16	9.34e-01	6.60e-02	1.84e-09
 3.83848e+16	9.37e-01	6.30e-02	1.81e-09
 3.83883e+16	9.40e-01	6.02e-02	1.77e-09
 3.83918e+16	9.43e-01	5.74e-02	1.73e-09
 3.83951e+16	9.45e-01	5.49e-02	1.69e-09
 3.83982e+16	9.47e-01	5.26e-02	1.65e-09
 3.84010e+16	9.50e-01	5.05e-02	1.62e-09
 3.84037e+16	9.51e-01	4.85e-02	1.58e-09
 3.84062e+16	9.53e-01	4.67e-02	1.55e-09
 3.84085e+16	9.55e-01	4.50e-02	1.51e-09
 3.84107e+16	9.57e-01	4.35e-02	1.48e-09
 3.84127e+16	9.58e-01	4.20e-02	1.45e-09
 3.84146e+16	9.59e-01	4.06e-02	1.42e-09
 3.84164e+16	9.61e-01	3.94e-02	1.39e-09
 3.84181e+16	9.62e-01	3.82e-02	1.36e-09
 3.84197e+16	9.63e-01	3.71e-02	1.33e-09
 3.84212e+16	9.64e-01	3.60e-02	1.30e-09
 3.84226e+16	9.65e-01	3.50e-02	1.27e-09
 3.84239e+16	9.66e-01	3.41e-02	1.24e-09
 3.84251e+16	9.67e-01	3.32e-02	1.22e-09
 3.84263e+16	9.68e-01	3.23e-02	1.19e-09
 3.84274e+16	9.69e-01	3.15e-02	1.17e-09
 3.84285e+16	9.69e-01	3.07e-02	1.14e-09
 3.84294e+16	9.70e-01	3.00e-02	1.11e-09
 3.84304e+16	9.71e-01	2.92e-02	1.09e-09
 3.84313e+16	9.71e-01	2.85e-02	1.06e-09
 3.84322e+16	9.72e-01	2.78e-02	1.04e-09
 3.84330e+16	9.73e-01	2.72e-02	1.01e-09
 3.84338e+16	9.73e-01	2.65e-02	9.85e-10
 3.84346e+16	9.74e-01	2.59e-02	9.59e-10
