#depth	H	H+	H2
 3.61202e+11	1.02e-03	9.99e-01	3.05e-14
 2.16721e+12	1.02e-03	9.99e-01	3.05e-14
 9.39124e+12	1.02e-03	9.99e-01	3.05e-14
 3.82874e+13	1.02e-03	9.99e-01	3.06e-14
 9.14562e+13	1.02e-03	9.99e-01	3.08e-14
 1.60576e+14	1.01e-03	9.99e-01	3.09e-14
 2.50431e+14	1.01e-03	9.99e-01	3.12e-14
 3.67243e+14	1.01e-03	9.99e-01	3.15e-14
 5.19099e+14	1.01e-03	9.99e-01	3.19e-14
 7.16511e+14	1.01e-03	9.99e-01	3.25e-14
 9.73147e+14	1.01e-03	9.99e-01	3.33e-14
 1.30677e+15	1.02e-03	9.99e-01	3.44e-14
 1.74049e+15	1.03e-03	9.99e-01	3.58e-14
 2.30432e+15	1.04e-03	9.99e-01	3.78e-14
 3.03730e+15	1.06e-03	9.99e-01	4.05e-14
 3.99017e+15	1.10e-03	9.99e-01	4.44e-14
 5.22890e+15	1.16e-03	9.99e-01	4.99e-14
 6.83925e+15	1.25e-03	9.99e-01	5.80e-14
 8.72424e+15	1.38e-03	9.99e-01	6.89e-14
 1.06738e+16	1.54e-03	9.98e-01	8.25e-14
 1.22310e+16	1.70e-03	9.98e-01	9.61e-14
 1.32123e+16	1.87e-03	9.98e-01	1.11e-13
 1.38887e+16	1.97e-03	9.98e-01	1.20e-13
 1.45270e+16	2.07e-03	9.98e-01	1.28e-13
 1.53568e+16	2.21e-03	9.98e-01	1.39e-13
 1.64355e+16	2.41e-03	9.98e-01	1.55e-13
 1.75467e+16	2.65e-03	9.97e-01	1.75e-13
 1.84248e+16	2.88e-03	9.97e-01	1.93e-13
 1.91412e+16	3.07e-03	9.97e-01	2.09e-13
 1.99230e+16	3.31e-03	9.97e-01	2.28e-13
 2.09393e+16	3.65e-03	9.96e-01	2.54e-13
 2.19314e+16	4.05e-03	9.96e-01	2.87e-13
 2.26421e+16	4.38e-03	9.96e-01	3.14e-13
 2.32198e+16	4.68e-03	9.95e-01	3.38e-13
 2.38743e+16	5.02e-03	9.95e-01	3.65e-13
 2.47251e+16	5.53e-03	9.94e-01	4.04e-13
 2.55747e+16	6.15e-03	9.94e-01	4.54e-13
 2.62054e+16	6.69e-03	9.93e-01	5.00e-13
 2.67087e+16	7.14e-03	9.93e-01	5.37e-13
 2.72635e+16	7.70e-03	9.92e-01	5.80e-13
 2.79847e+16	8.52e-03	9.91e-01	6.44e-13
 2.87099e+16	9.52e-03	9.90e-01	7.26e-13
 2.92602e+16	1.04e-02	9.90e-01	8.02e-13
 2.97098e+16	1.13e-02	9.89e-01	8.71e-13
 3.02083e+16	1.23e-02	9.88e-01	9.54e-13
 3.07659e+16	1.36e-02	9.86e-01	1.07e-12
 3.12673e+16	1.51e-02	9.85e-01	1.19e-12
 3.16859e+16	1.65e-02	9.84e-01	1.31e-12
 3.20690e+16	1.80e-02	9.82e-01	1.43e-12
 3.25057e+16	2.00e-02	9.80e-01	1.60e-12
 3.29606e+16	2.25e-02	9.78e-01	1.82e-12
 3.33261e+16	2.49e-02	9.75e-01	2.04e-12
 3.36250e+16	2.72e-02	9.73e-01	2.26e-12
 3.39504e+16	3.03e-02	9.70e-01	2.53e-12
 3.43032e+16	3.42e-02	9.66e-01	2.91e-12
 3.46062e+16	3.85e-02	9.62e-01	3.32e-12
 3.48582e+16	4.27e-02	9.57e-01	3.74e-12
 3.51290e+16	4.84e-02	9.52e-01	4.31e-12
 3.54177e+16	5.58e-02	9.44e-01	5.08e-12
 3.56613e+16	6.39e-02	9.36e-01	5.96e-12
 3.58649e+16	7.24e-02	9.28e-01	6.92e-12
 3.60851e+16	8.40e-02	9.16e-01	8.30e-12
 3.62860e+16	9.77e-02	9.02e-01	9.99e-12
 3.64087e+16	1.08e-01	8.92e-01	1.13e-11
 3.64982e+16	1.17e-01	8.83e-01	1.25e-11
 3.65977e+16	1.28e-01	8.72e-01	1.40e-11
 3.67101e+16	1.42e-01	8.58e-01	1.62e-11
 3.68116e+16	1.58e-01	8.42e-01	1.86e-11
 3.68948e+16	1.73e-01	8.27e-01	2.10e-11
 3.69686e+16	1.88e-01	8.12e-01	2.36e-11
 3.70515e+16	2.07e-01	7.93e-01	2.72e-11
 3.71367e+16	2.31e-01	7.69e-01	3.18e-11
 3.72037e+16	2.52e-01	7.48e-01	3.63e-11
 3.72581e+16	2.71e-01	7.29e-01	4.06e-11
 3.73173e+16	2.94e-01	7.06e-01	4.64e-11
 3.73809e+16	3.22e-01	6.78e-01	5.38e-11
 3.74348e+16	3.48e-01	6.52e-01	6.16e-11
 3.74800e+16	3.72e-01	6.28e-01	6.93e-11
 3.75259e+16	3.99e-01	6.01e-01	7.88e-11
 3.75739e+16	4.29e-01	5.71e-01	9.06e-11
 3.76172e+16	4.58e-01	5.42e-01	1.03e-10
 3.76534e+16	4.83e-01	5.17e-01	1.16e-10
 3.76845e+16	5.06e-01	4.94e-01	1.28e-10
 3.77132e+16	5.28e-01	4.72e-01	1.42e-10
 3.77357e+16	5.45e-01	4.55e-01	1.53e-10
 3.77503e+16	5.57e-01	4.43e-01	1.60e-10
 3.77638e+16	5.67e-01	4.33e-01	1.69e-10
 3.77792e+16	5.80e-01	4.20e-01	1.78e-10
 3.77957e+16	5.94e-01	4.06e-01	1.90e-10
 3.78114e+16	6.07e-01	3.93e-01	2.01e-10
 3.78260e+16	6.19e-01	3.81e-01	2.13e-10
 3.78400e+16	6.31e-01	3.69e-01	2.25e-10
 3.78540e+16	6.43e-01	3.57e-01	2.38e-10
 3.78680e+16	6.55e-01	3.45e-01	2.52e-10
 3.78816e+16	6.67e-01	3.33e-01	2.66e-10
 3.78949e+16	6.78e-01	3.22e-01	2.81e-10
 3.79078e+16	6.90e-01	3.10e-01	2.97e-10
 3.79206e+16	7.01e-01	2.99e-01	3.14e-10
 3.79332e+16	7.12e-01	2.88e-01	3.32e-10
 3.79455e+16	7.22e-01	2.78e-01	3.51e-10
 3.79576e+16	7.33e-01	2.67e-01	3.70e-10
 3.79694e+16	7.43e-01	2.57e-01	3.91e-10
 3.79811e+16	7.53e-01	2.47e-01	4.13e-10
 3.79926e+16	7.62e-01	2.38e-01	4.36e-10
 3.80039e+16	7.72e-01	2.28e-01	4.61e-10
 3.80149e+16	7.81e-01	2.19e-01	4.87e-10
 3.80258e+16	7.89e-01	2.11e-01	5.14e-10
 3.80365e+16	7.98e-01	2.02e-01	5.43e-10
 3.80471e+16	8.06e-01	1.94e-01	5.74e-10
 3.80574e+16	8.14e-01	1.86e-01	6.06e-10
 3.80676e+16	8.22e-01	1.78e-01	6.41e-10
 3.80776e+16	8.30e-01	1.70e-01	6.77e-10
 3.80875e+16	8.37e-01	1.63e-01	7.16e-10
 3.80971e+16	8.44e-01	1.56e-01	7.57e-10
 3.81064e+16	8.50e-01	1.50e-01	8.00e-10
 3.81155e+16	8.57e-01	1.43e-01	8.45e-10
 3.81243e+16	8.63e-01	1.37e-01	8.92e-10
 3.81330e+16	8.68e-01	1.32e-01	9.42e-10
 3.81415e+16	8.74e-01	1.26e-01	9.94e-10
 3.81497e+16	8.79e-01	1.21e-01	1.05e-09
 3.81578e+16	8.84e-01	1.16e-01	1.11e-09
 3.81657e+16	8.89e-01	1.11e-01	1.17e-09
 3.81735e+16	8.93e-01	1.07e-01	1.23e-09
 3.81810e+16	8.98e-01	1.02e-01	1.30e-09
 3.81883e+16	9.02e-01	9.82e-02	1.38e-09
 3.81954e+16	9.06e-01	9.43e-02	1.45e-09
 3.82025e+16	9.09e-01	9.06e-02	1.53e-09
 3.82096e+16	9.13e-01	8.68e-02	1.62e-09
 3.82164e+16	9.17e-01	8.33e-02	1.71e-09
 3.82230e+16	9.20e-01	8.01e-02	1.81e-09
 3.82295e+16	9.23e-01	7.69e-02	1.91e-09
 3.82359e+16	9.26e-01	7.39e-02	2.02e-09
 3.82423e+16	9.29e-01	7.09e-02	2.13e-09
 3.82485e+16	9.32e-01	6.82e-02	2.25e-09
 3.82545e+16	9.34e-01	6.55e-02	2.38e-09
 3.82606e+16	9.37e-01	6.29e-02	2.53e-09
 3.82665e+16	9.40e-01	6.04e-02	2.68e-09
 3.82723e+16	9.42e-01	5.81e-02	2.83e-09
 3.82779e+16	9.44e-01	5.59e-02	3.00e-09
 3.82835e+16	9.46e-01	5.37e-02	3.18e-09
 3.82890e+16	9.48e-01	5.17e-02	3.37e-09
 3.82944e+16	9.50e-01	4.96e-02	3.58e-09
 3.82998e+16	9.52e-01	4.77e-02	3.80e-09
 3.83050e+16	9.54e-01	4.59e-02	4.04e-09
 3.83101e+16	9.56e-01	4.42e-02	4.29e-09
 3.83152e+16	9.58e-01	4.24e-02	4.57e-09
 3.83203e+16	9.59e-01	4.08e-02	4.87e-09
 3.83251e+16	9.61e-01	3.92e-02	5.19e-09
 3.83300e+16	9.62e-01	3.78e-02	5.55e-09
 3.83347e+16	9.64e-01	3.63e-02	5.92e-09
 3.83394e+16	9.65e-01	3.49e-02	6.35e-09
 3.83439e+16	9.66e-01	3.36e-02	6.79e-09
 3.83484e+16	9.68e-01	3.23e-02	7.30e-09
 3.83528e+16	9.69e-01	3.10e-02	7.84e-09
 3.83572e+16	9.70e-01	2.98e-02	8.45e-09
 3.83613e+16	9.71e-01	2.87e-02	9.09e-09
 3.83654e+16	9.72e-01	2.76e-02	9.84e-09
 3.83695e+16	9.73e-01	2.65e-02	1.07e-08
 3.83735e+16	9.75e-01	2.55e-02	1.16e-08
 3.83773e+16	9.76e-01	2.45e-02	1.26e-08
 3.83811e+16	9.76e-01	2.35e-02	1.38e-08
 3.83848e+16	9.77e-01	2.26e-02	1.51e-08
 3.83883e+16	9.78e-01	2.17e-02	1.66e-08
 3.83918e+16	9.79e-01	2.09e-02	1.83e-08
 3.83951e+16	9.80e-01	2.00e-02	2.02e-08
 3.83982e+16	9.81e-01	1.93e-02	2.24e-08
 3.84010e+16	9.81e-01	1.86e-02	2.47e-08
 3.84037e+16	9.82e-01	1.80e-02	2.73e-08
 3.84062e+16	9.83e-01	1.74e-02	3.01e-08
 3.84085e+16	9.83e-01	1.68e-02	3.33e-08
 3.84107e+16	9.84e-01	1.63e-02	3.68e-08
 3.84127e+16	9.84e-01	1.58e-02	4.06e-08
 3.84146e+16	9.85e-01	1.53e-02	4.48e-08
 3.84164e+16	9.85e-01	1.49e-02	4.94e-08
 3.84181e+16	9.86e-01	1.44e-02	5.45e-08
 3.84197e+16	9.86e-01	1.40e-02	6.02e-08
 3.84212e+16	9.86e-01	1.37e-02	6.65e-08
 3.84226e+16	9.87e-01	1.33e-02	7.33e-08
 3.84239e+16	9.87e-01	1.29e-02	8.09e-08
 3.84251e+16	9.87e-01	1.26e-02	8.92e-08
 3.84263e+16	9.88e-01	1.23e-02	9.83e-08
 3.84274e+16	9.88e-01	1.20e-02	1.08e-07
 3.84285e+16	9.88e-01	1.17e-02	1.19e-07
 3.84294e+16	9.89e-01	1.14e-02	1.31e-07
 3.84304e+16	9.89e-01	1.11e-02	1.44e-07
 3.84313e+16	9.89e-01	1.08e-02	1.59e-07
 3.84322e+16	9.89e-01	1.06e-02	1.75e-07
 3.84330e+16	9.90e-01	1.03e-02	1.91e-07
 3.84338e+16	9.90e-01	1.00e-02	2.10e-07
 3.84346e+16	9.90e-01	9.74e-03	2.31e-07
