#depth	O	O+	O+2	O+3	O+4	O+5	O+6	O+7	O+8	O[1]	O[2]	O[3]
 3.76389e+11	7.16e-06	1.41e-02	9.83e-01	3.36e-03	0.00e+00	0.00e+00	0.00e+00	0.00e+00	0.00e+00	4.81e-06	1.63e-06	7.20e-07
 2.25833e+12	7.16e-06	1.41e-02	9.83e-01	3.34e-03	0.00e+00	0.00e+00	0.00e+00	0.00e+00	0.00e+00	4.81e-06	1.63e-06	7.20e-07
 9.78611e+12	7.16e-06	1.41e-02	9.83e-01	3.30e-03	0.00e+00	0.00e+00	0.00e+00	0.00e+00	0.00e+00	4.81e-06	1.63e-06	7.20e-07
 3.98972e+13	7.19e-06	1.41e-02	9.83e-01	3.11e-03	0.00e+00	0.00e+00	0.00e+00	0.00e+00	0.00e+00	4.82e-06	1.63e-06	7.23e-07
 9.53016e+13	7.21e-06	1.42e-02	9.83e-01	2.87e-03	0.00e+00	0.00e+00	0.00e+00	0.00e+00	0.00e+00	4.84e-06	1.64e-06	7.25e-07
 1.67327e+14	7.25e-06	1.42e-02	9.83e-01	2.57e-03	0.00e+00	0.00e+00	0.00e+00	0.00e+00	0.00e+00	4.86e-06	1.65e-06	7.30e-07
 2.60961e+14	7.31e-06	1.43e-02	9.83e-01	2.21e-03	0.00e+00	0.00e+00	0.00e+00	0.00e+00	0.00e+00	4.90e-06	1.67e-06	7.36e-07
 3.82684e+14	7.40e-06	1.44e-02	9.84e-01	1.82e-03	0.00e+00	0.00e+00	0.00e+00	0.00e+00	0.00e+00	4.96e-06	1.69e-06	7.45e-07
 5.40925e+14	7.51e-06	1.46e-02	9.84e-01	1.40e-03	0.00e+00	0.00e+00	0.00e+00	0.00e+00	0.00e+00	5.03e-06	1.72e-06	7.57e-07
 7.46638e+14	7.67e-06	1.48e-02	9.84e-01	9.93e-04	0.00e+00	0.00e+00	0.00e+00	0.00e+00	0.00e+00	5.14e-06	1.75e-06	7.74e-07
 1.01406e+15	7.88e-06	1.50e-02	9.84e-01	6.34e-04	0.00e+00	0.00e+00	0.00e+00	0.00e+00	0.00e+00	5.28e-06	1.81e-06	7.96e-07
 1.36172e+15	8.18e-06	1.53e-02	9.84e-01	3.56e-04	0.00e+00	0.00e+00	0.00e+00	0.00e+00	0.00e+00	5.47e-06	1.88e-06	8.26e-07
 1.81367e+15	8.59e-06	1.57e-02	9.84e-01	1.73e-04	0.00e+00	0.00e+00	0.00e+00	0.00e+00	0.00e+00	5.74e-06	1.97e-06	8.68e-07
 2.40121e+15	9.16e-06	1.63e-02	9.84e-01	7.37e-05	0.00e+00	0.00e+00	0.00e+00	0.00e+00	0.00e+00	6.12e-06	2.11e-06	9.26e-07
 3.16500e+15	9.99e-06	1.70e-02	9.83e-01	3.09e-05	0.00e+00	0.00e+00	0.00e+00	0.00e+00	0.00e+00	6.67e-06	2.30e-06	1.01e-06
 4.15794e+15	1.12e-05	1.79e-02	9.82e-01	1.64e-05	0.00e+00	0.00e+00	0.00e+00	0.00e+00	0.00e+00	7.49e-06	2.60e-06	1.14e-06
 5.44876e+15	1.32e-05	1.93e-02	9.81e-01	1.20e-05	0.00e+00	0.00e+00	0.00e+00	0.00e+00	0.00e+00	8.79e-06	3.06e-06	1.34e-06
 7.12682e+15	1.63e-05	2.12e-02	9.79e-01	1.00e-05	0.00e+00	0.00e+00	0.00e+00	0.00e+00	0.00e+00	1.09e-05	3.80e-06	1.66e-06
 9.30830e+15	2.17e-05	2.40e-02	9.76e-01	8.38e-06	0.00e+00	0.00e+00	0.00e+00	0.00e+00	0.00e+00	1.45e-05	5.06e-06	2.21e-06
 1.17588e+16	3.08e-05	2.78e-02	9.72e-01	6.96e-06	0.00e+00	0.00e+00	0.00e+00	0.00e+00	0.00e+00	2.05e-05	7.19e-06	3.14e-06
 1.36250e+16	4.06e-05	3.11e-02	9.69e-01	6.07e-06	0.00e+00	0.00e+00	0.00e+00	0.00e+00	0.00e+00	2.69e-05	9.48e-06	4.13e-06
 1.46096e+16	4.72e-05	3.30e-02	9.67e-01	5.66e-06	0.00e+00	0.00e+00	0.00e+00	0.00e+00	0.00e+00	3.13e-05	1.10e-05	4.81e-06
 1.53819e+16	5.40e-05	3.48e-02	9.65e-01	5.32e-06	0.00e+00	0.00e+00	0.00e+00	0.00e+00	0.00e+00	3.59e-05	1.26e-05	5.50e-06
 1.63858e+16	6.76e-05	3.82e-02	9.62e-01	4.86e-06	0.00e+00	0.00e+00	0.00e+00	0.00e+00	0.00e+00	4.48e-05	1.59e-05	6.88e-06
 1.73177e+16	8.04e-05	4.10e-02	9.59e-01	4.52e-06	0.00e+00	0.00e+00	0.00e+00	0.00e+00	0.00e+00	5.33e-05	1.89e-05	8.19e-06
 1.79952e+16	9.15e-05	4.31e-02	9.57e-01	4.27e-06	0.00e+00	0.00e+00	0.00e+00	0.00e+00	0.00e+00	6.07e-05	2.15e-05	9.32e-06
 1.87153e+16	1.07e-04	4.59e-02	9.54e-01	3.99e-06	0.00e+00	0.00e+00	0.00e+00	0.00e+00	0.00e+00	7.08e-05	2.50e-05	1.09e-05
 1.95229e+16	1.26e-04	4.91e-02	9.51e-01	3.71e-06	0.00e+00	0.00e+00	0.00e+00	0.00e+00	0.00e+00	8.40e-05	2.96e-05	1.29e-05
 2.02771e+16	1.50e-04	5.27e-02	9.47e-01	3.46e-06	0.00e+00	0.00e+00	0.00e+00	0.00e+00	0.00e+00	9.96e-05	3.51e-05	1.52e-05
 2.09441e+16	1.76e-04	5.62e-02	9.44e-01	3.24e-06	0.00e+00	0.00e+00	0.00e+00	0.00e+00	0.00e+00	1.17e-04	4.10e-05	1.78e-05
 2.15634e+16	2.05e-04	6.00e-02	9.40e-01	3.03e-06	0.00e+00	0.00e+00	0.00e+00	0.00e+00	0.00e+00	1.36e-04	4.77e-05	2.08e-05
 2.22669e+16	2.46e-04	6.49e-02	9.35e-01	2.79e-06	0.00e+00	0.00e+00	0.00e+00	0.00e+00	0.00e+00	1.64e-04	5.73e-05	2.50e-05
 2.29938e+16	2.99e-04	7.05e-02	9.29e-01	2.55e-06	0.00e+00	0.00e+00	0.00e+00	0.00e+00	0.00e+00	1.99e-04	6.95e-05	3.03e-05
 2.35846e+16	3.54e-04	7.60e-02	9.24e-01	2.37e-06	0.00e+00	0.00e+00	0.00e+00	0.00e+00	0.00e+00	2.36e-04	8.24e-05	3.59e-05
 2.40877e+16	4.12e-04	8.12e-02	9.18e-01	2.21e-06	0.00e+00	0.00e+00	0.00e+00	0.00e+00	0.00e+00	2.74e-04	9.56e-05	4.17e-05
 2.46432e+16	4.91e-04	8.78e-02	9.12e-01	2.03e-06	0.00e+00	0.00e+00	0.00e+00	0.00e+00	0.00e+00	3.27e-04	1.14e-04	4.97e-05
 2.52477e+16	6.00e-04	9.61e-02	9.03e-01	1.85e-06	0.00e+00	0.00e+00	0.00e+00	0.00e+00	0.00e+00	4.00e-04	1.39e-04	6.06e-05
 2.57731e+16	7.21e-04	1.04e-01	8.95e-01	1.69e-06	0.00e+00	0.00e+00	0.00e+00	0.00e+00	0.00e+00	4.81e-04	1.67e-04	7.28e-05
 2.62229e+16	8.46e-04	1.12e-01	8.87e-01	1.56e-06	0.00e+00	0.00e+00	0.00e+00	0.00e+00	0.00e+00	5.65e-04	1.95e-04	8.53e-05
 2.67173e+16	1.03e-03	1.23e-01	8.76e-01	1.41e-06	0.00e+00	0.00e+00	0.00e+00	0.00e+00	0.00e+00	6.86e-04	2.37e-04	1.04e-04
 2.72430e+16	1.27e-03	1.36e-01	8.63e-01	1.26e-06	0.00e+00	0.00e+00	0.00e+00	0.00e+00	0.00e+00	8.49e-04	2.92e-04	1.28e-04
 2.76921e+16	1.54e-03	1.49e-01	8.50e-01	1.13e-06	0.00e+00	0.00e+00	0.00e+00	0.00e+00	0.00e+00	1.03e-03	3.53e-04	1.55e-04
 2.80871e+16	1.83e-03	1.62e-01	8.37e-01	1.03e-06	0.00e+00	0.00e+00	0.00e+00	0.00e+00	0.00e+00	1.23e-03	4.21e-04	1.85e-04
 2.85293e+16	2.26e-03	1.79e-01	8.19e-01	9.05e-07	0.00e+00	0.00e+00	0.00e+00	0.00e+00	0.00e+00	1.52e-03	5.19e-04	2.28e-04
 2.89921e+16	2.85e-03	1.99e-01	7.98e-01	7.86e-07	0.00e+00	0.00e+00	0.00e+00	0.00e+00	0.00e+00	1.91e-03	6.52e-04	2.86e-04
 2.93702e+16	3.47e-03	2.19e-01	7.78e-01	6.92e-07	0.00e+00	0.00e+00	0.00e+00	0.00e+00	0.00e+00	2.33e-03	7.95e-04	3.49e-04
 2.96857e+16	4.14e-03	2.38e-01	7.58e-01	6.15e-07	0.00e+00	0.00e+00	0.00e+00	0.00e+00	0.00e+00	2.77e-03	9.46e-04	4.15e-04
 3.00317e+16	5.08e-03	2.62e-01	7.33e-01	5.33e-07	0.00e+00	0.00e+00	0.00e+00	0.00e+00	0.00e+00	3.40e-03	1.16e-03	5.09e-04
 3.03998e+16	6.36e-03	2.90e-01	7.03e-01	4.51e-07	0.00e+00	0.00e+00	0.00e+00	0.00e+00	0.00e+00	4.27e-03	1.45e-03	6.37e-04
 3.07091e+16	7.77e-03	3.18e-01	6.74e-01	3.85e-07	0.00e+00	0.00e+00	0.00e+00	0.00e+00	0.00e+00	5.22e-03	1.77e-03	7.79e-04
 3.09684e+16	9.29e-03	3.45e-01	6.46e-01	3.32e-07	0.00e+00	0.00e+00	0.00e+00	0.00e+00	0.00e+00	6.24e-03	2.11e-03	9.30e-04
 3.12506e+16	1.14e-02	3.78e-01	6.11e-01	2.77e-07	0.00e+00	0.00e+00	0.00e+00	0.00e+00	0.00e+00	7.66e-03	2.59e-03	1.14e-03
 3.15501e+16	1.43e-02	4.16e-01	5.69e-01	2.23e-07	0.00e+00	0.00e+00	0.00e+00	0.00e+00	0.00e+00	9.62e-03	3.25e-03	1.43e-03
 3.18001e+16	1.75e-02	4.52e-01	5.30e-01	1.82e-07	0.00e+00	0.00e+00	0.00e+00	0.00e+00	0.00e+00	1.18e-02	3.97e-03	1.75e-03
 3.20093e+16	2.09e-02	4.86e-01	4.93e-01	1.50e-07	0.00e+00	0.00e+00	0.00e+00	0.00e+00	0.00e+00	1.41e-02	4.74e-03	2.09e-03
 3.22374e+16	2.56e-02	5.25e-01	4.49e-01	0.00e+00	0.00e+00	0.00e+00	0.00e+00	0.00e+00	0.00e+00	1.72e-02	5.81e-03	2.56e-03
 3.24803e+16	3.21e-02	5.68e-01	4.00e-01	0.00e+00	0.00e+00	0.00e+00	0.00e+00	0.00e+00	0.00e+00	2.16e-02	7.27e-03	3.20e-03
 3.26845e+16	3.93e-02	6.07e-01	3.54e-01	0.00e+00	0.00e+00	0.00e+00	0.00e+00	0.00e+00	0.00e+00	2.64e-02	8.89e-03	3.92e-03
 3.28557e+16	4.69e-02	6.40e-01	3.14e-01	0.00e+00	0.00e+00	0.00e+00	0.00e+00	0.00e+00	0.00e+00	3.16e-02	1.06e-02	4.68e-03
 3.30418e+16	5.76e-02	6.75e-01	2.67e-01	0.00e+00	0.00e+00	0.00e+00	0.00e+00	0.00e+00	0.00e+00	3.88e-02	1.30e-02	5.75e-03
 3.32392e+16	7.23e-02	7.09e-01	2.19e-01	0.00e+00	0.00e+00	0.00e+00	0.00e+00	0.00e+00	0.00e+00	4.87e-02	1.63e-02	7.21e-03
 3.34039e+16	8.86e-02	7.34e-01	1.78e-01	0.00e+00	0.00e+00	0.00e+00	0.00e+00	0.00e+00	0.00e+00	5.97e-02	2.00e-02	8.84e-03
 3.35196e+16	1.03e-01	7.47e-01	1.50e-01	0.00e+00	0.00e+00	0.00e+00	0.00e+00	0.00e+00	0.00e+00	6.92e-02	2.32e-02	1.02e-02
 3.35975e+16	1.14e-01	7.54e-01	1.32e-01	0.00e+00	0.00e+00	0.00e+00	0.00e+00	0.00e+00	0.00e+00	7.68e-02	2.57e-02	1.14e-02
 3.36776e+16	1.27e-01	7.58e-01	1.14e-01	0.00e+00	0.00e+00	0.00e+00	0.00e+00	0.00e+00	0.00e+00	8.59e-02	2.88e-02	1.27e-02
 3.37675e+16	1.45e-01	7.60e-01	9.52e-02	0.00e+00	0.00e+00	0.00e+00	0.00e+00	0.00e+00	0.00e+00	9.76e-02	3.27e-02	1.44e-02
 3.38483e+16	1.63e-01	7.57e-01	7.94e-02	0.00e+00	0.00e+00	0.00e+00	0.00e+00	0.00e+00	0.00e+00	1.10e-01	3.68e-02	1.63e-02
 3.39150e+16	1.81e-01	7.52e-01	6.72e-02	0.00e+00	0.00e+00	0.00e+00	0.00e+00	0.00e+00	0.00e+00	1.22e-01	4.07e-02	1.80e-02
 3.39748e+16	1.98e-01	7.45e-01	5.70e-02	0.00e+00	0.00e+00	0.00e+00	0.00e+00	0.00e+00	0.00e+00	1.34e-01	4.46e-02	1.98e-02
 3.40419e+16	2.21e-01	7.32e-01	4.64e-02	0.00e+00	0.00e+00	0.00e+00	0.00e+00	0.00e+00	0.00e+00	1.49e-01	4.97e-02	2.20e-02
 3.41104e+16	2.48e-01	7.15e-01	3.70e-02	0.00e+00	0.00e+00	0.00e+00	0.00e+00	0.00e+00	0.00e+00	1.67e-01	5.56e-02	2.46e-02
 3.41638e+16	2.71e-01	6.99e-01	3.04e-02	0.00e+00	0.00e+00	0.00e+00	0.00e+00	0.00e+00	0.00e+00	1.83e-01	6.07e-02	2.70e-02
 3.42074e+16	2.92e-01	6.82e-01	2.56e-02	0.00e+00	0.00e+00	0.00e+00	0.00e+00	0.00e+00	0.00e+00	1.97e-01	6.53e-02	2.90e-02
 3.42551e+16	3.18e-01	6.61e-01	2.07e-02	0.00e+00	0.00e+00	0.00e+00	0.00e+00	0.00e+00	0.00e+00	2.15e-01	7.09e-02	3.16e-02
 3.43061e+16	3.48e-01	6.36e-01	1.63e-02	0.00e+00	0.00e+00	0.00e+00	0.00e+00	0.00e+00	0.00e+00	2.36e-01	7.74e-02	3.45e-02
 3.43492e+16	3.76e-01	6.11e-01	1.31e-02	0.00e+00	0.00e+00	0.00e+00	0.00e+00	0.00e+00	0.00e+00	2.55e-01	8.34e-02	3.72e-02
 3.43856e+16	4.01e-01	5.88e-01	1.07e-02	0.00e+00	0.00e+00	0.00e+00	0.00e+00	0.00e+00	0.00e+00	2.73e-01	8.88e-02	3.97e-02
 3.44239e+16	4.30e-01	5.61e-01	8.48e-03	0.00e+00	0.00e+00	0.00e+00	0.00e+00	0.00e+00	0.00e+00	2.93e-01	9.48e-02	4.25e-02
 3.44641e+16	4.63e-01	5.31e-01	6.54e-03	0.00e+00	0.00e+00	0.00e+00	0.00e+00	0.00e+00	0.00e+00	3.15e-01	1.02e-01	4.56e-02
 3.44992e+16	4.93e-01	5.02e-01	5.13e-03	0.00e+00	0.00e+00	0.00e+00	0.00e+00	0.00e+00	0.00e+00	3.36e-01	1.08e-01	4.85e-02
 3.45290e+16	5.19e-01	4.77e-01	4.11e-03	0.00e+00	0.00e+00	0.00e+00	0.00e+00	0.00e+00	0.00e+00	3.55e-01	1.13e-01	5.10e-02
 3.45553e+16	5.43e-01	4.53e-01	3.34e-03	0.00e+00	0.00e+00	0.00e+00	0.00e+00	0.00e+00	0.00e+00	3.72e-01	1.18e-01	5.32e-02
 3.45799e+16	5.67e-01	4.31e-01	2.72e-03	0.00e+00	0.00e+00	0.00e+00	0.00e+00	0.00e+00	0.00e+00	3.89e-01	1.22e-01	5.54e-02
 3.46029e+16	5.89e-01	4.09e-01	2.23e-03	0.00e+00	0.00e+00	0.00e+00	0.00e+00	0.00e+00	0.00e+00	4.05e-01	1.26e-01	5.74e-02
 3.46204e+16	6.06e-01	3.92e-01	1.91e-03	0.00e+00	0.00e+00	0.00e+00	0.00e+00	0.00e+00	0.00e+00	4.18e-01	1.29e-01	5.89e-02
 3.46317e+16	6.16e-01	3.82e-01	1.73e-03	0.00e+00	0.00e+00	0.00e+00	0.00e+00	0.00e+00	0.00e+00	4.25e-01	1.31e-01	5.98e-02
 3.46424e+16	6.27e-01	3.72e-01	1.55e-03	0.00e+00	0.00e+00	0.00e+00	0.00e+00	0.00e+00	0.00e+00	4.33e-01	1.33e-01	6.07e-02
 3.46547e+16	6.39e-01	3.59e-01	1.38e-03	0.00e+00	0.00e+00	0.00e+00	0.00e+00	0.00e+00	0.00e+00	4.42e-01	1.35e-01	6.18e-02
 3.46676e+16	6.52e-01	3.47e-01	1.21e-03	0.00e+00	0.00e+00	0.00e+00	0.00e+00	0.00e+00	0.00e+00	4.52e-01	1.37e-01	6.29e-02
 3.46798e+16	6.64e-01	3.35e-01	1.06e-03	0.00e+00	0.00e+00	0.00e+00	0.00e+00	0.00e+00	0.00e+00	4.61e-01	1.39e-01	6.39e-02
 3.46912e+16	6.76e-01	3.23e-01	9.41e-04	0.00e+00	0.00e+00	0.00e+00	0.00e+00	0.00e+00	0.00e+00	4.70e-01	1.41e-01	6.49e-02
 3.47023e+16	6.87e-01	3.12e-01	8.32e-04	0.00e+00	0.00e+00	0.00e+00	0.00e+00	0.00e+00	0.00e+00	4.79e-01	1.42e-01	6.58e-02
 3.47134e+16	6.98e-01	3.01e-01	7.34e-04	0.00e+00	0.00e+00	0.00e+00	0.00e+00	0.00e+00	0.00e+00	4.87e-01	1.44e-01	6.67e-02
 3.47244e+16	7.09e-01	2.90e-01	6.46e-04	0.00e+00	0.00e+00	0.00e+00	0.00e+00	0.00e+00	0.00e+00	4.96e-01	1.46e-01	6.76e-02
 3.47352e+16	7.20e-01	2.79e-01	5.68e-04	0.00e+00	0.00e+00	0.00e+00	0.00e+00	0.00e+00	0.00e+00	5.04e-01	1.47e-01	6.84e-02
 3.47457e+16	7.31e-01	2.69e-01	5.00e-04	0.00e+00	0.00e+00	0.00e+00	0.00e+00	0.00e+00	0.00e+00	5.13e-01	1.49e-01	6.92e-02
 3.47560e+16	7.41e-01	2.59e-01	4.40e-04	0.00e+00	0.00e+00	0.00e+00	0.00e+00	0.00e+00	0.00e+00	5.21e-01	1.50e-01	7.00e-02
 3.47661e+16	7.51e-01	2.49e-01	3.86e-04	0.00e+00	0.00e+00	0.00e+00	0.00e+00	0.00e+00	0.00e+00	5.29e-01	1.51e-01	7.07e-02
 3.47761e+16	7.61e-01	2.39e-01	3.39e-04	0.00e+00	0.00e+00	0.00e+00	0.00e+00	0.00e+00	0.00e+00	5.36e-01	1.53e-01	7.14e-02
 3.47859e+16	7.70e-01	2.30e-01	2.97e-04	0.00e+00	0.00e+00	0.00e+00	0.00e+00	0.00e+00	0.00e+00	5.44e-01	1.54e-01	7.21e-02
 3.47955e+16	7.79e-01	2.21e-01	2.60e-04	0.00e+00	0.00e+00	0.00e+00	0.00e+00	0.00e+00	0.00e+00	5.52e-01	1.55e-01	7.27e-02
 3.48049e+16	7.88e-01	2.12e-01	2.28e-04	0.00e+00	0.00e+00	0.00e+00	0.00e+00	0.00e+00	0.00e+00	5.59e-01	1.56e-01	7.33e-02
 3.48142e+16	7.97e-01	2.03e-01	2.00e-04	0.00e+00	0.00e+00	0.00e+00	0.00e+00	0.00e+00	0.00e+00	5.66e-01	1.57e-01	7.38e-02
 3.48233e+16	8.05e-01	1.95e-01	1.75e-04	0.00e+00	0.00e+00	0.00e+00	0.00e+00	0.00e+00	0.00e+00	5.73e-01	1.57e-01	7.43e-02
 3.48323e+16	8.13e-01	1.87e-01	1.53e-04	0.00e+00	0.00e+00	0.00e+00	0.00e+00	0.00e+00	0.00e+00	5.80e-01	1.58e-01	7.48e-02
 3.48411e+16	8.21e-01	1.79e-01	1.33e-04	0.00e+00	0.00e+00	0.00e+00	0.00e+00	0.00e+00	0.00e+00	5.87e-01	1.59e-01	7.53e-02
 3.48498e+16	8.29e-01	1.71e-01	1.16e-04	0.00e+00	0.00e+00	0.00e+00	0.00e+00	0.00e+00	0.00e+00	5.93e-01	1.60e-01	7.57e-02
 3.48583e+16	8.36e-01	1.64e-01	1.01e-04	0.00e+00	0.00e+00	0.00e+00	0.00e+00	0.00e+00	0.00e+00	6.00e-01	1.60e-01	7.61e-02
 3.48667e+16	8.43e-01	1.57e-01	8.84e-05	0.00e+00	0.00e+00	0.00e+00	0.00e+00	0.00e+00	0.00e+00	6.06e-01	1.61e-01	7.64e-02
 3.48750e+16	8.50e-01	1.50e-01	7.71e-05	0.00e+00	0.00e+00	0.00e+00	0.00e+00	0.00e+00	0.00e+00	6.12e-01	1.61e-01	7.67e-02
 3.48832e+16	8.56e-01	1.44e-01	6.71e-05	0.00e+00	0.00e+00	0.00e+00	0.00e+00	0.00e+00	0.00e+00	6.18e-01	1.62e-01	7.70e-02
 3.48912e+16	8.63e-01	1.37e-01	5.84e-05	0.00e+00	0.00e+00	0.00e+00	0.00e+00	0.00e+00	0.00e+00	6.23e-01	1.62e-01	7.73e-02
 3.48990e+16	8.69e-01	1.31e-01	5.08e-05	0.00e+00	0.00e+00	0.00e+00	0.00e+00	0.00e+00	0.00e+00	6.29e-01	1.62e-01	7.75e-02
 3.49067e+16	8.75e-01	1.25e-01	4.43e-05	0.00e+00	0.00e+00	0.00e+00	0.00e+00	0.00e+00	0.00e+00	6.34e-01	1.63e-01	7.77e-02
 3.49141e+16	8.80e-01	1.20e-01	3.87e-05	0.00e+00	0.00e+00	0.00e+00	0.00e+00	0.00e+00	0.00e+00	6.39e-01	1.63e-01	7.79e-02
 3.49214e+16	8.85e-01	1.15e-01	3.39e-05	0.00e+00	0.00e+00	0.00e+00	0.00e+00	0.00e+00	0.00e+00	6.44e-01	1.63e-01	7.80e-02
 3.49286e+16	8.90e-01	1.10e-01	2.95e-05	0.00e+00	0.00e+00	0.00e+00	0.00e+00	0.00e+00	0.00e+00	6.49e-01	1.63e-01	7.82e-02
 3.49355e+16	8.95e-01	1.05e-01	2.58e-05	0.00e+00	0.00e+00	0.00e+00	0.00e+00	0.00e+00	0.00e+00	6.53e-01	1.63e-01	7.83e-02
 3.49423e+16	8.99e-01	1.01e-01	2.26e-05	0.00e+00	0.00e+00	0.00e+00	0.00e+00	0.00e+00	0.00e+00	6.57e-01	1.64e-01	7.84e-02
 3.49488e+16	9.04e-01	9.63e-02	1.99e-05	0.00e+00	0.00e+00	0.00e+00	0.00e+00	0.00e+00	0.00e+00	6.62e-01	1.64e-01	7.85e-02
 3.49553e+16	9.08e-01	9.22e-02	1.74e-05	0.00e+00	0.00e+00	0.00e+00	0.00e+00	0.00e+00	0.00e+00	6.65e-01	1.64e-01	7.86e-02
 3.49616e+16	9.12e-01	8.84e-02	1.53e-05	0.00e+00	0.00e+00	0.00e+00	0.00e+00	0.00e+00	0.00e+00	6.69e-01	1.64e-01	7.86e-02
 3.49678e+16	9.15e-01	8.46e-02	1.34e-05	0.00e+00	0.00e+00	0.00e+00	0.00e+00	0.00e+00	0.00e+00	6.73e-01	1.64e-01	7.87e-02
 3.49738e+16	9.19e-01	8.11e-02	1.18e-05	0.00e+00	0.00e+00	0.00e+00	0.00e+00	0.00e+00	0.00e+00	6.76e-01	1.64e-01	7.87e-02
 3.49797e+16	9.22e-01	7.77e-02	1.04e-05	0.00e+00	0.00e+00	0.00e+00	0.00e+00	0.00e+00	0.00e+00	6.79e-01	1.64e-01	7.88e-02
 3.49855e+16	9.25e-01	7.45e-02	9.18e-06	0.00e+00	0.00e+00	0.00e+00	0.00e+00	0.00e+00	0.00e+00	6.82e-01	1.64e-01	7.88e-02
 3.49912e+16	9.28e-01	7.15e-02	8.11e-06	0.00e+00	0.00e+00	0.00e+00	0.00e+00	0.00e+00	0.00e+00	6.85e-01	1.64e-01	7.88e-02
 3.49968e+16	9.31e-01	6.85e-02	7.13e-06	0.00e+00	0.00e+00	0.00e+00	0.00e+00	0.00e+00	0.00e+00	6.88e-01	1.64e-01	7.88e-02
 3.50023e+16	9.34e-01	6.57e-02	6.30e-06	0.00e+00	0.00e+00	0.00e+00	0.00e+00	0.00e+00	0.00e+00	6.91e-01	1.65e-01	7.88e-02
 3.50076e+16	9.37e-01	6.31e-02	5.58e-06	0.00e+00	0.00e+00	0.00e+00	0.00e+00	0.00e+00	0.00e+00	6.93e-01	1.65e-01	7.88e-02
 3.50129e+16	9.39e-01	6.05e-02	4.93e-06	0.00e+00	0.00e+00	0.00e+00	0.00e+00	0.00e+00	0.00e+00	6.96e-01	1.65e-01	7.89e-02
 3.50182e+16	9.42e-01	5.81e-02	4.36e-06	0.00e+00	0.00e+00	0.00e+00	0.00e+00	0.00e+00	0.00e+00	6.98e-01	1.65e-01	7.88e-02
 3.50233e+16	9.44e-01	5.57e-02	3.85e-06	0.00e+00	0.00e+00	0.00e+00	0.00e+00	0.00e+00	0.00e+00	7.00e-01	1.65e-01	7.88e-02
 3.50283e+16	9.47e-01	5.35e-02	3.42e-06	0.00e+00	0.00e+00	0.00e+00	0.00e+00	0.00e+00	0.00e+00	7.02e-01	1.65e-01	7.88e-02
 3.50331e+16	9.49e-01	5.14e-02	3.03e-06	0.00e+00	0.00e+00	0.00e+00	0.00e+00	0.00e+00	0.00e+00	7.05e-01	1.65e-01	7.88e-02
 3.50380e+16	9.51e-01	4.93e-02	2.68e-06	0.00e+00	0.00e+00	0.00e+00	0.00e+00	0.00e+00	0.00e+00	7.06e-01	1.65e-01	7.88e-02
 3.50428e+16	9.53e-01	4.74e-02	2.38e-06	0.00e+00	0.00e+00	0.00e+00	0.00e+00	0.00e+00	0.00e+00	7.08e-01	1.66e-01	7.88e-02
 3.50474e+16	9.54e-01	4.55e-02	2.12e-06	0.00e+00	0.00e+00	0.00e+00	0.00e+00	0.00e+00	0.00e+00	7.10e-01	1.66e-01	7.87e-02
 3.50520e+16	9.56e-01	4.37e-02	1.88e-06	0.00e+00	0.00e+00	0.00e+00	0.00e+00	0.00e+00	0.00e+00	7.12e-01	1.66e-01	7.87e-02
 3.50566e+16	9.58e-01	4.20e-02	1.67e-06	0.00e+00	0.00e+00	0.00e+00	0.00e+00	0.00e+00	0.00e+00	7.13e-01	1.66e-01	7.87e-02
 3.50611e+16	9.60e-01	4.03e-02	1.48e-06	0.00e+00	0.00e+00	0.00e+00	0.00e+00	0.00e+00	0.00e+00	7.15e-01	1.66e-01	7.86e-02
 3.50655e+16	9.61e-01	3.88e-02	1.32e-06	0.00e+00	0.00e+00	0.00e+00	0.00e+00	0.00e+00	0.00e+00	7.16e-01	1.67e-01	7.86e-02
 3.50698e+16	9.63e-01	3.73e-02	1.17e-06	0.00e+00	0.00e+00	0.00e+00	0.00e+00	0.00e+00	0.00e+00	7.17e-01	1.67e-01	7.86e-02
 3.50740e+16	9.64e-01	3.58e-02	1.04e-06	0.00e+00	0.00e+00	0.00e+00	0.00e+00	0.00e+00	0.00e+00	7.19e-01	1.67e-01	7.86e-02
 3.50782e+16	9.66e-01	3.44e-02	9.30e-07	0.00e+00	0.00e+00	0.00e+00	0.00e+00	0.00e+00	0.00e+00	7.20e-01	1.67e-01	7.86e-02
 3.50824e+16	9.67e-01	3.31e-02	8.28e-07	0.00e+00	0.00e+00	0.00e+00	0.00e+00	0.00e+00	0.00e+00	7.21e-01	1.68e-01	7.85e-02
 3.50864e+16	9.68e-01	3.18e-02	7.37e-07	0.00e+00	0.00e+00	0.00e+00	0.00e+00	0.00e+00	0.00e+00	7.22e-01	1.68e-01	7.86e-02
 3.50904e+16	9.69e-01	3.05e-02	6.57e-07	0.00e+00	0.00e+00	0.00e+00	0.00e+00	0.00e+00	0.00e+00	7.23e-01	1.68e-01	7.86e-02
 3.50944e+16	9.71e-01	2.94e-02	5.87e-07	0.00e+00	0.00e+00	0.00e+00	0.00e+00	0.00e+00	0.00e+00	7.24e-01	1.68e-01	7.85e-02
 3.50983e+16	9.72e-01	2.82e-02	5.22e-07	0.00e+00	0.00e+00	0.00e+00	0.00e+00	0.00e+00	0.00e+00	7.24e-01	1.69e-01	7.86e-02
 3.51021e+16	9.73e-01	2.71e-02	4.67e-07	0.00e+00	0.00e+00	0.00e+00	0.00e+00	0.00e+00	0.00e+00	7.25e-01	1.69e-01	7.86e-02
 3.51058e+16	9.74e-01	2.61e-02	4.16e-07	0.00e+00	0.00e+00	0.00e+00	0.00e+00	0.00e+00	0.00e+00	7.26e-01	1.70e-01	7.86e-02
 3.51095e+16	9.75e-01	2.50e-02	3.71e-07	0.00e+00	0.00e+00	0.00e+00	0.00e+00	0.00e+00	0.00e+00	7.26e-01	1.70e-01	7.86e-02
 3.51131e+16	9.76e-01	2.41e-02	3.33e-07	0.00e+00	0.00e+00	0.00e+00	0.00e+00	0.00e+00	0.00e+00	7.27e-01	1.70e-01	7.86e-02
 3.51167e+16	9.77e-01	2.31e-02	2.96e-07	0.00e+00	0.00e+00	0.00e+00	0.00e+00	0.00e+00	0.00e+00	7.27e-01	1.71e-01	7.87e-02
 3.51202e+16	9.78e-01	2.22e-02	2.65e-07	0.00e+00	0.00e+00	0.00e+00	0.00e+00	0.00e+00	0.00e+00	7.28e-01	1.71e-01	7.87e-02
 3.51236e+16	9.79e-01	2.14e-02	2.37e-07	0.00e+00	0.00e+00	0.00e+00	0.00e+00	0.00e+00	0.00e+00	7.28e-01	1.72e-01	7.88e-02
 3.51269e+16	9.79e-01	2.05e-02	2.12e-07	0.00e+00	0.00e+00	0.00e+00	0.00e+00	0.00e+00	0.00e+00	7.28e-01	1.72e-01	7.89e-02
 3.51302e+16	9.80e-01	1.97e-02	1.90e-07	0.00e+00	0.00e+00	0.00e+00	0.00e+00	0.00e+00	0.00e+00	7.28e-01	1.73e-01	7.89e-02
 3.51335e+16	9.81e-01	1.89e-02	1.70e-07	0.00e+00	0.00e+00	0.00e+00	0.00e+00	0.00e+00	0.00e+00	7.28e-01	1.74e-01	7.90e-02
 3.51366e+16	9.82e-01	1.82e-02	1.52e-07	0.00e+00	0.00e+00	0.00e+00	0.00e+00	0.00e+00	0.00e+00	7.29e-01	1.74e-01	7.91e-02
 3.51396e+16	9.83e-01	1.75e-02	1.37e-07	0.00e+00	0.00e+00	0.00e+00	0.00e+00	0.00e+00	0.00e+00	7.29e-01	1.75e-01	7.91e-02
 3.51426e+16	9.83e-01	1.68e-02	1.23e-07	0.00e+00	0.00e+00	0.00e+00	0.00e+00	0.00e+00	0.00e+00	7.28e-01	1.76e-01	7.92e-02
 3.51455e+16	9.84e-01	1.61e-02	1.10e-07	0.00e+00	0.00e+00	0.00e+00	0.00e+00	0.00e+00	0.00e+00	7.28e-01	1.76e-01	7.93e-02
 3.51484e+16	9.85e-01	1.55e-02	9.85e-08	0.00e+00	0.00e+00	0.00e+00	0.00e+00	0.00e+00	0.00e+00	7.28e-01	1.77e-01	7.94e-02
 3.51512e+16	9.85e-01	1.49e-02	8.84e-08	0.00e+00	0.00e+00	0.00e+00	0.00e+00	0.00e+00	0.00e+00	7.28e-01	1.78e-01	7.95e-02
 3.51538e+16	9.86e-01	1.43e-02	7.97e-08	0.00e+00	0.00e+00	0.00e+00	0.00e+00	0.00e+00	0.00e+00	7.28e-01	1.79e-01	7.96e-02
 3.51562e+16	9.86e-01	1.37e-02	7.21e-08	0.00e+00	0.00e+00	0.00e+00	0.00e+00	0.00e+00	0.00e+00	7.27e-01	1.79e-01	7.98e-02
 3.51585e+16	9.87e-01	1.32e-02	6.56e-08	0.00e+00	0.00e+00	0.00e+00	0.00e+00	0.00e+00	0.00e+00	7.27e-01	1.80e-01	7.99e-02
 3.51606e+16	9.87e-01	1.28e-02	6.00e-08	0.00e+00	0.00e+00	0.00e+00	0.00e+00	0.00e+00	0.00e+00	7.26e-01	1.81e-01	8.00e-02
 3.51626e+16	9.88e-01	1.23e-02	5.50e-08	0.00e+00	0.00e+00	0.00e+00	0.00e+00	0.00e+00	0.00e+00	7.26e-01	1.82e-01	8.01e-02
 3.51645e+16	9.88e-01	1.19e-02	5.06e-08	0.00e+00	0.00e+00	0.00e+00	0.00e+00	0.00e+00	0.00e+00	7.25e-01	1.83e-01	8.02e-02
 3.51662e+16	9.88e-01	1.15e-02	4.66e-08	0.00e+00	0.00e+00	0.00e+00	0.00e+00	0.00e+00	0.00e+00	7.25e-01	1.83e-01	8.04e-02
 3.51679e+16	9.89e-01	1.12e-02	4.31e-08	0.00e+00	0.00e+00	0.00e+00	0.00e+00	0.00e+00	0.00e+00	7.24e-01	1.84e-01	8.05e-02
 3.51694e+16	9.89e-01	1.08e-02	4.00e-08	0.00e+00	0.00e+00	0.00e+00	0.00e+00	0.00e+00	0.00e+00	7.24e-01	1.85e-01	8.06e-02
 3.51709e+16	9.89e-01	1.05e-02	3.72e-08	0.00e+00	0.00e+00	0.00e+00	0.00e+00	0.00e+00	0.00e+00	7.23e-01	1.86e-01	8.07e-02
 3.51723e+16	9.90e-01	1.02e-02	3.47e-08	0.00e+00	0.00e+00	0.00e+00	0.00e+00	0.00e+00	0.00e+00	7.22e-01	1.87e-01	8.09e-02
 3.51735e+16	9.90e-01	9.92e-03	3.23e-08	0.00e+00	0.00e+00	0.00e+00	0.00e+00	0.00e+00	0.00e+00	7.22e-01	1.88e-01	8.10e-02
 3.51748e+16	9.90e-01	9.65e-03	3.03e-08	0.00e+00	0.00e+00	0.00e+00	0.00e+00	0.00e+00	0.00e+00	7.21e-01	1.88e-01	8.11e-02
 3.51759e+16	9.91e-01	9.38e-03	2.84e-08	0.00e+00	0.00e+00	0.00e+00	0.00e+00	0.00e+00	0.00e+00	7.20e-01	1.89e-01	8.12e-02
 3.51770e+16	9.91e-01	9.13e-03	2.66e-08	0.00e+00	0.00e+00	0.00e+00	0.00e+00	0.00e+00	0.00e+00	7.19e-01	1.90e-01	8.14e-02
 3.51780e+16	9.91e-01	8.88e-03	2.50e-08	0.00e+00	0.00e+00	0.00e+00	0.00e+00	0.00e+00	0.00e+00	7.19e-01	1.91e-01	8.15e-02
 3.51790e+16	9.91e-01	8.65e-03	2.36e-08	0.00e+00	0.00e+00	0.00e+00	0.00e+00	0.00e+00	0.00e+00	7.18e-01	1.92e-01	8.16e-02
 3.51799e+16	9.92e-01	8.43e-03	2.22e-08	0.00e+00	0.00e+00	0.00e+00	0.00e+00	0.00e+00	0.00e+00	7.17e-01	1.93e-01	8.18e-02
 3.51808e+16	9.92e-01	8.21e-03	2.09e-08	0.00e+00	0.00e+00	0.00e+00	0.00e+00	0.00e+00	0.00e+00	7.16e-01	1.94e-01	8.19e-02
 3.51816e+16	9.92e-01	8.00e-03	1.98e-08	0.00e+00	0.00e+00	0.00e+00	0.00e+00	0.00e+00	0.00e+00	7.15e-01	1.95e-01	8.20e-02
 3.51824e+16	9.92e-01	7.77e-03	1.86e-08	0.00e+00	0.00e+00	0.00e+00	0.00e+00	0.00e+00	0.00e+00	7.14e-01	1.96e-01	8.22e-02
