#depth	He	He+	He+2
 3.76389e+11	8.28e-04	9.90e-01	8.81e-03
 2.25833e+12	8.28e-04	9.90e-01	8.80e-03
 9.78611e+12	8.29e-04	9.90e-01	8.75e-03
 3.98972e+13	8.31e-04	9.91e-01	8.48e-03
 9.53016e+13	8.34e-04	9.91e-01	8.36e-03
 1.67327e+14	8.38e-04	9.91e-01	7.93e-03
 2.60961e+14	8.44e-04	9.92e-01	7.20e-03
 3.82684e+14	8.51e-04	9.93e-01	6.19e-03
 5.40925e+14	8.59e-04	9.94e-01	4.94e-03
 7.46638e+14	8.71e-04	9.96e-01	3.58e-03
 1.01406e+15	8.84e-04	9.97e-01	2.30e-03
 1.36172e+15	9.02e-04	9.98e-01	1.27e-03
 1.81367e+15	9.23e-04	9.98e-01	5.82e-04
 2.40121e+15	9.51e-04	9.99e-01	2.14e-04
 3.16500e+15	9.88e-04	9.99e-01	6.04e-05
 4.15794e+15	1.04e-03	9.99e-01	1.27e-05
 5.44876e+15	1.11e-03	9.99e-01	1.98e-06
 7.12682e+15	1.20e-03	9.99e-01	2.33e-07
 9.30830e+15	1.33e-03	9.99e-01	2.20e-08
 1.17588e+16	1.51e-03	9.98e-01	2.30e-09
 1.36250e+16	1.65e-03	9.98e-01	5.67e-10
 1.46096e+16	1.73e-03	9.98e-01	3.24e-10
 1.53819e+16	1.80e-03	9.98e-01	2.17e-10
 1.63858e+16	1.94e-03	9.98e-01	1.38e-10
 1.73177e+16	2.04e-03	9.98e-01	9.93e-11
 1.79952e+16	2.12e-03	9.98e-01	8.23e-11
 1.87153e+16	2.22e-03	9.98e-01	6.92e-11
 1.95229e+16	2.33e-03	9.98e-01	5.91e-11
 2.02771e+16	2.44e-03	9.98e-01	5.26e-11
 2.09441e+16	2.55e-03	9.97e-01	4.84e-11
 2.15634e+16	2.67e-03	9.97e-01	4.55e-11
 2.22669e+16	2.81e-03	9.97e-01	4.28e-11
 2.29938e+16	2.97e-03	9.97e-01	4.09e-11
 2.35846e+16	3.11e-03	9.97e-01	3.97e-11
 2.40877e+16	3.24e-03	9.97e-01	3.90e-11
 2.46432e+16	3.41e-03	9.97e-01	3.80e-11
 2.52477e+16	3.61e-03	9.96e-01	3.73e-11
 2.57731e+16	3.80e-03	9.96e-01	3.66e-11
 2.62229e+16	3.98e-03	9.96e-01	3.66e-11
 2.67173e+16	4.22e-03	9.96e-01	3.63e-11
 2.72430e+16	4.49e-03	9.96e-01	3.59e-11
 2.76921e+16	4.75e-03	9.95e-01	3.60e-11
 2.80871e+16	5.01e-03	9.95e-01	3.62e-11
 2.85293e+16	5.35e-03	9.95e-01	3.64e-11
 2.89921e+16	5.75e-03	9.94e-01	3.66e-11
 2.93702e+16	6.13e-03	9.94e-01	3.70e-11
 2.96857e+16	6.49e-03	9.94e-01	3.76e-11
 3.00317e+16	6.96e-03	9.93e-01	3.82e-11
 3.03998e+16	7.52e-03	9.92e-01	3.89e-11
 3.07091e+16	8.08e-03	9.92e-01	3.99e-11
 3.09684e+16	8.62e-03	9.91e-01	4.07e-11
 3.12506e+16	9.32e-03	9.91e-01	4.19e-11
 3.15501e+16	1.02e-02	9.90e-01	4.34e-11
 3.18001e+16	1.10e-02	9.89e-01	4.50e-11
 3.20093e+16	1.19e-02	9.88e-01	4.66e-11
 3.22374e+16	1.30e-02	9.87e-01	4.89e-11
 3.24803e+16	1.45e-02	9.86e-01	5.17e-11
 3.26845e+16	1.59e-02	9.84e-01	5.52e-11
 3.28557e+16	1.75e-02	9.83e-01	5.90e-11
 3.30418e+16	1.96e-02	9.80e-01	6.39e-11
 3.32392e+16	2.23e-02	9.78e-01	7.10e-11
 3.34039e+16	2.54e-02	9.75e-01	7.89e-11
 3.35196e+16	2.80e-02	9.72e-01	8.65e-11
 3.35975e+16	3.01e-02	9.70e-01	9.26e-11
 3.36776e+16	3.27e-02	9.67e-01	1.00e-10
 3.37675e+16	3.60e-02	9.64e-01	1.11e-10
 3.38483e+16	3.96e-02	9.60e-01	1.22e-10
 3.39150e+16	4.32e-02	9.57e-01	1.34e-10
 3.39748e+16	4.69e-02	9.53e-01	1.47e-10
 3.40419e+16	5.19e-02	9.48e-01	1.64e-10
 3.41104e+16	5.78e-02	9.42e-01	1.86e-10
 3.41638e+16	6.34e-02	9.37e-01	2.07e-10
 3.42074e+16	6.87e-02	9.31e-01	2.27e-10
 3.42551e+16	7.56e-02	9.24e-01	2.53e-10
 3.43061e+16	8.40e-02	9.16e-01	2.87e-10
 3.43492e+16	9.24e-02	9.08e-01	3.20e-10
 3.43856e+16	1.01e-01	8.99e-01	3.53e-10
 3.44239e+16	1.11e-01	8.89e-01	3.95e-10
 3.44641e+16	1.23e-01	8.77e-01	4.45e-10
 3.44992e+16	1.36e-01	8.64e-01	4.97e-10
 3.45290e+16	1.48e-01	8.52e-01	5.45e-10
 3.45553e+16	1.60e-01	8.40e-01	5.94e-10
 3.45799e+16	1.73e-01	8.27e-01	6.45e-10
 3.46029e+16	1.86e-01	8.14e-01	6.97e-10
 3.46204e+16	1.96e-01	8.04e-01	7.39e-10
 3.46317e+16	2.03e-01	7.97e-01	7.67e-10
 3.46424e+16	2.11e-01	7.89e-01	7.94e-10
 3.46547e+16	2.20e-01	7.80e-01	8.28e-10
 3.46676e+16	2.30e-01	7.70e-01	8.66e-10
 3.46798e+16	2.40e-01	7.60e-01	9.03e-10
 3.46912e+16	2.50e-01	7.50e-01	9.39e-10
 3.47023e+16	2.60e-01	7.40e-01	9.76e-10
 3.47134e+16	2.70e-01	7.30e-01	1.01e-09
 3.47244e+16	2.81e-01	7.19e-01	1.05e-09
 3.47352e+16	2.92e-01	7.08e-01	1.09e-09
 3.47457e+16	3.04e-01	6.96e-01	1.13e-09
 3.47560e+16	3.15e-01	6.85e-01	1.17e-09
 3.47661e+16	3.27e-01	6.73e-01	1.21e-09
 3.47761e+16	3.40e-01	6.60e-01	1.25e-09
 3.47859e+16	3.52e-01	6.48e-01	1.29e-09
 3.47955e+16	3.65e-01	6.35e-01	1.34e-09
 3.48049e+16	3.78e-01	6.22e-01	1.38e-09
 3.48142e+16	3.91e-01	6.09e-01	1.42e-09
 3.48233e+16	4.05e-01	5.95e-01	1.46e-09
 3.48323e+16	4.18e-01	5.82e-01	1.50e-09
 3.48411e+16	4.32e-01	5.68e-01	1.54e-09
 3.48498e+16	4.46e-01	5.54e-01	1.57e-09
 3.48583e+16	4.60e-01	5.40e-01	1.61e-09
 3.48667e+16	4.75e-01	5.25e-01	1.65e-09
 3.48750e+16	4.89e-01	5.11e-01	1.69e-09
 3.48832e+16	5.04e-01	4.96e-01	1.72e-09
 3.48912e+16	5.18e-01	4.82e-01	1.75e-09
 3.48990e+16	5.32e-01	4.68e-01	1.79e-09
 3.49067e+16	5.47e-01	4.53e-01	1.82e-09
 3.49141e+16	5.61e-01	4.39e-01	1.85e-09
 3.49214e+16	5.75e-01	4.25e-01	1.87e-09
 3.49286e+16	5.89e-01	4.11e-01	1.90e-09
 3.49355e+16	6.02e-01	3.98e-01	1.92e-09
 3.49423e+16	6.15e-01	3.85e-01	1.94e-09
 3.49488e+16	6.28e-01	3.72e-01	1.96e-09
 3.49553e+16	6.41e-01	3.59e-01	1.98e-09
 3.49616e+16	6.54e-01	3.46e-01	1.99e-09
 3.49678e+16	6.66e-01	3.34e-01	2.01e-09
 3.49738e+16	6.78e-01	3.22e-01	2.02e-09
 3.49797e+16	6.90e-01	3.10e-01	2.03e-09
 3.49855e+16	7.01e-01	2.99e-01	2.04e-09
 3.49912e+16	7.12e-01	2.88e-01	2.04e-09
 3.49968e+16	7.23e-01	2.77e-01	2.05e-09
 3.50023e+16	7.33e-01	2.67e-01	2.05e-09
 3.50076e+16	7.43e-01	2.57e-01	2.05e-09
 3.50129e+16	7.54e-01	2.46e-01	2.05e-09
 3.50182e+16	7.63e-01	2.37e-01	2.05e-09
 3.50233e+16	7.73e-01	2.27e-01	2.04e-09
 3.50283e+16	7.82e-01	2.18e-01	2.04e-09
 3.50331e+16	7.90e-01	2.10e-01	2.03e-09
 3.50380e+16	7.99e-01	2.01e-01	2.02e-09
 3.50428e+16	8.07e-01	1.93e-01	2.01e-09
 3.50474e+16	8.15e-01	1.85e-01	2.00e-09
 3.50520e+16	8.23e-01	1.77e-01	1.99e-09
 3.50566e+16	8.30e-01	1.70e-01	1.98e-09
 3.50611e+16	8.38e-01	1.62e-01	1.96e-09
 3.50655e+16	8.45e-01	1.55e-01	1.95e-09
 3.50698e+16	8.51e-01	1.49e-01	1.93e-09
 3.50740e+16	8.58e-01	1.42e-01	1.91e-09
 3.50782e+16	8.64e-01	1.36e-01	1.89e-09
 3.50824e+16	8.70e-01	1.30e-01	1.87e-09
 3.50864e+16	8.76e-01	1.24e-01	1.85e-09
 3.50904e+16	8.81e-01	1.19e-01	1.83e-09
 3.50944e+16	8.86e-01	1.14e-01	1.81e-09
 3.50983e+16	8.92e-01	1.08e-01	1.78e-09
 3.51021e+16	8.96e-01	1.04e-01	1.76e-09
 3.51058e+16	9.01e-01	9.89e-02	1.73e-09
 3.51095e+16	9.06e-01	9.45e-02	1.70e-09
 3.51131e+16	9.10e-01	9.03e-02	1.68e-09
 3.51167e+16	9.14e-01	8.61e-02	1.65e-09
 3.51202e+16	9.18e-01	8.22e-02	1.62e-09
 3.51236e+16	9.22e-01	7.85e-02	1.60e-09
 3.51269e+16	9.25e-01	7.49e-02	1.57e-09
 3.51302e+16	9.28e-01	7.16e-02	1.54e-09
 3.51335e+16	9.32e-01	6.82e-02	1.51e-09
 3.51366e+16	9.35e-01	6.51e-02	1.48e-09
 3.51396e+16	9.38e-01	6.21e-02	1.45e-09
 3.51426e+16	9.41e-01	5.93e-02	1.42e-09
 3.51455e+16	9.43e-01	5.65e-02	1.39e-09
 3.51484e+16	9.46e-01	5.39e-02	1.36e-09
 3.51512e+16	9.49e-01	5.15e-02	1.33e-09
 3.51538e+16	9.51e-01	4.92e-02	1.30e-09
 3.51562e+16	9.53e-01	4.71e-02	1.27e-09
 3.51585e+16	9.55e-01	4.52e-02	1.24e-09
 3.51606e+16	9.57e-01	4.34e-02	1.21e-09
 3.51626e+16	9.58e-01	4.18e-02	1.18e-09
 3.51645e+16	9.60e-01	4.03e-02	1.16e-09
 3.51662e+16	9.61e-01	3.89e-02	1.13e-09
 3.51679e+16	9.62e-01	3.75e-02	1.11e-09
 3.51694e+16	9.64e-01	3.63e-02	1.08e-09
 3.51709e+16	9.65e-01	3.52e-02	1.06e-09
 3.51723e+16	9.66e-01	3.41e-02	1.03e-09
 3.51735e+16	9.67e-01	3.31e-02	1.01e-09
 3.51748e+16	9.68e-01	3.21e-02	9.90e-10
 3.51759e+16	9.69e-01	3.12e-02	9.68e-10
 3.51770e+16	9.70e-01	3.03e-02	9.47e-10
 3.51780e+16	9.70e-01	2.95e-02	9.26e-10
 3.51790e+16	9.71e-01	2.88e-02	9.06e-10
 3.51799e+16	9.72e-01	2.80e-02	8.86e-10
 3.51808e+16	9.73e-01	2.73e-02	8.66e-10
 3.51816e+16	9.73e-01	2.66e-02	8.46e-10
 3.51824e+16	9.74e-01	2.60e-02	8.28e-10
