#depth	H	H+	H2
 3.76389e+11	8.18e-04	9.99e-01	1.41e-14
 2.25833e+12	8.18e-04	9.99e-01	1.41e-14
 9.78611e+12	8.18e-04	9.99e-01	1.41e-14
 3.98972e+13	8.18e-04	9.99e-01	1.42e-14
 9.53016e+13	8.16e-04	9.99e-01	1.42e-14
 1.67327e+14	8.14e-04	9.99e-01	1.43e-14
 2.60961e+14	8.13e-04	9.99e-01	1.44e-14
 3.82684e+14	8.12e-04	9.99e-01	1.46e-14
 5.40925e+14	8.12e-04	9.99e-01	1.48e-14
 7.46638e+14	8.13e-04	9.99e-01	1.51e-14
 1.01406e+15	8.15e-04	9.99e-01	1.54e-14
 1.36172e+15	8.19e-04	9.99e-01	1.60e-14
 1.81367e+15	8.27e-04	9.99e-01	1.67e-14
 2.40121e+15	8.40e-04	9.99e-01	1.77e-14
 3.16500e+15	8.60e-04	9.99e-01	1.91e-14
 4.15794e+15	8.93e-04	9.99e-01	2.11e-14
 5.44876e+15	9.46e-04	9.99e-01	2.43e-14
 7.12682e+15	1.03e-03	9.99e-01	2.93e-14
 9.30830e+15	1.16e-03	9.99e-01	3.74e-14
 1.17588e+16	1.36e-03	9.99e-01	5.02e-14
 1.36250e+16	1.55e-03	9.98e-01	6.29e-14
 1.46096e+16	1.67e-03	9.98e-01	7.11e-14
 1.53819e+16	1.79e-03	9.98e-01	7.90e-14
 1.63858e+16	1.99e-03	9.98e-01	9.39e-14
 1.73177e+16	2.18e-03	9.98e-01	1.07e-13
 1.79952e+16	2.33e-03	9.98e-01	1.18e-13
 1.87153e+16	2.52e-03	9.97e-01	1.32e-13
 1.95229e+16	2.75e-03	9.97e-01	1.49e-13
 2.02771e+16	3.00e-03	9.97e-01	1.69e-13
 2.09441e+16	3.25e-03	9.97e-01	1.88e-13
 2.15634e+16	3.51e-03	9.96e-01	2.09e-13
 2.22669e+16	3.85e-03	9.96e-01	2.37e-13
 2.29938e+16	4.25e-03	9.96e-01	2.69e-13
 2.35846e+16	4.62e-03	9.95e-01	3.01e-13
 2.40877e+16	4.98e-03	9.95e-01	3.32e-13
 2.46432e+16	5.43e-03	9.95e-01	3.70e-13
 2.52477e+16	5.99e-03	9.94e-01	4.19e-13
 2.57731e+16	6.55e-03	9.93e-01	4.69e-13
 2.62229e+16	7.08e-03	9.93e-01	5.17e-13
 2.67173e+16	7.77e-03	9.92e-01	5.81e-13
 2.72430e+16	8.61e-03	9.91e-01	6.59e-13
 2.76921e+16	9.43e-03	9.91e-01	7.36e-13
 2.80871e+16	1.03e-02	9.90e-01	8.16e-13
 2.85293e+16	1.14e-02	9.89e-01	9.22e-13
 2.89921e+16	1.27e-02	9.87e-01	1.05e-12
 2.93702e+16	1.40e-02	9.86e-01	1.18e-12
 2.96857e+16	1.52e-02	9.85e-01	1.30e-12
 3.00317e+16	1.68e-02	9.83e-01	1.47e-12
 3.03998e+16	1.88e-02	9.81e-01	1.67e-12
 3.07091e+16	2.08e-02	9.79e-01	1.88e-12
 3.09684e+16	2.28e-02	9.77e-01	2.09e-12
 3.12506e+16	2.53e-02	9.75e-01	2.37e-12
 3.15501e+16	2.86e-02	9.71e-01	2.72e-12
 3.18001e+16	3.19e-02	9.68e-01	3.09e-12
 3.20093e+16	3.52e-02	9.65e-01	3.47e-12
 3.22374e+16	3.96e-02	9.60e-01	3.97e-12
 3.24803e+16	4.53e-02	9.55e-01	4.65e-12
 3.26845e+16	5.14e-02	9.49e-01	5.39e-12
 3.28557e+16	5.77e-02	9.42e-01	6.19e-12
 3.30418e+16	6.63e-02	9.34e-01	7.31e-12
 3.32392e+16	7.80e-02	9.22e-01	8.89e-12
 3.34039e+16	9.08e-02	9.09e-01	1.07e-11
 3.35196e+16	1.02e-01	8.98e-01	1.24e-11
 3.35975e+16	1.11e-01	8.89e-01	1.38e-11
 3.36776e+16	1.21e-01	8.79e-01	1.55e-11
 3.37675e+16	1.35e-01	8.65e-01	1.79e-11
 3.38483e+16	1.50e-01	8.50e-01	2.05e-11
 3.39150e+16	1.64e-01	8.36e-01	2.32e-11
 3.39748e+16	1.79e-01	8.21e-01	2.60e-11
 3.40419e+16	1.98e-01	8.02e-01	3.00e-11
 3.41104e+16	2.20e-01	7.80e-01	3.50e-11
 3.41638e+16	2.40e-01	7.60e-01	3.98e-11
 3.42074e+16	2.58e-01	7.42e-01	4.45e-11
 3.42551e+16	2.81e-01	7.19e-01	5.08e-11
 3.43061e+16	3.08e-01	6.92e-01	5.88e-11
 3.43492e+16	3.33e-01	6.67e-01	6.70e-11
 3.43856e+16	3.56e-01	6.44e-01	7.53e-11
 3.44239e+16	3.83e-01	6.17e-01	8.58e-11
 3.44641e+16	4.14e-01	5.86e-01	9.90e-11
 3.44992e+16	4.43e-01	5.57e-01	1.13e-10
 3.45290e+16	4.69e-01	5.31e-01	1.26e-10
 3.45553e+16	4.92e-01	5.08e-01	1.41e-10
 3.45799e+16	5.16e-01	4.84e-01	1.56e-10
 3.46029e+16	5.38e-01	4.62e-01	1.72e-10
 3.46204e+16	5.55e-01	4.45e-01	1.85e-10
 3.46317e+16	5.66e-01	4.34e-01	1.93e-10
 3.46424e+16	5.77e-01	4.23e-01	2.03e-10
 3.46547e+16	5.90e-01	4.10e-01	2.15e-10
 3.46676e+16	6.03e-01	3.97e-01	2.28e-10
 3.46798e+16	6.16e-01	3.84e-01	2.42e-10
 3.46912e+16	6.28e-01	3.72e-01	2.55e-10
 3.47023e+16	6.40e-01	3.60e-01	2.70e-10
 3.47134e+16	6.52e-01	3.48e-01	2.85e-10
 3.47244e+16	6.64e-01	3.36e-01	3.01e-10
 3.47352e+16	6.75e-01	3.25e-01	3.18e-10
 3.47457e+16	6.87e-01	3.13e-01	3.36e-10
 3.47560e+16	6.98e-01	3.02e-01	3.54e-10
 3.47661e+16	7.09e-01	2.91e-01	3.74e-10
 3.47761e+16	7.19e-01	2.81e-01	3.95e-10
 3.47859e+16	7.30e-01	2.70e-01	4.17e-10
 3.47955e+16	7.40e-01	2.60e-01	4.40e-10
 3.48049e+16	7.50e-01	2.50e-01	4.64e-10
 3.48142e+16	7.59e-01	2.41e-01	4.89e-10
 3.48233e+16	7.69e-01	2.31e-01	5.16e-10
 3.48323e+16	7.78e-01	2.22e-01	5.45e-10
 3.48411e+16	7.87e-01	2.13e-01	5.75e-10
 3.48498e+16	7.95e-01	2.05e-01	6.07e-10
 3.48583e+16	8.04e-01	1.96e-01	6.40e-10
 3.48667e+16	8.12e-01	1.88e-01	6.75e-10
 3.48750e+16	8.20e-01	1.80e-01	7.13e-10
 3.48832e+16	8.27e-01	1.73e-01	7.53e-10
 3.48912e+16	8.35e-01	1.65e-01	7.95e-10
 3.48990e+16	8.42e-01	1.58e-01	8.39e-10
 3.49067e+16	8.48e-01	1.52e-01	8.86e-10
 3.49141e+16	8.55e-01	1.45e-01	9.35e-10
 3.49214e+16	8.61e-01	1.39e-01	9.85e-10
 3.49286e+16	8.67e-01	1.33e-01	1.04e-09
 3.49355e+16	8.72e-01	1.28e-01	1.10e-09
 3.49423e+16	8.78e-01	1.22e-01	1.16e-09
 3.49488e+16	8.83e-01	1.17e-01	1.22e-09
 3.49553e+16	8.87e-01	1.13e-01	1.28e-09
 3.49616e+16	8.92e-01	1.08e-01	1.35e-09
 3.49678e+16	8.97e-01	1.03e-01	1.43e-09
 3.49738e+16	9.01e-01	9.93e-02	1.50e-09
 3.49797e+16	9.05e-01	9.53e-02	1.59e-09
 3.49855e+16	9.09e-01	9.14e-02	1.67e-09
 3.49912e+16	9.12e-01	8.78e-02	1.76e-09
 3.49968e+16	9.16e-01	8.42e-02	1.86e-09
 3.50023e+16	9.19e-01	8.08e-02	1.96e-09
 3.50076e+16	9.22e-01	7.77e-02	2.07e-09
 3.50129e+16	9.25e-01	7.46e-02	2.18e-09
 3.50182e+16	9.28e-01	7.16e-02	2.31e-09
 3.50233e+16	9.31e-01	6.87e-02	2.44e-09
 3.50283e+16	9.34e-01	6.61e-02	2.57e-09
 3.50331e+16	9.36e-01	6.35e-02	2.72e-09
 3.50380e+16	9.39e-01	6.10e-02	2.87e-09
 3.50428e+16	9.41e-01	5.86e-02	3.03e-09
 3.50474e+16	9.44e-01	5.64e-02	3.21e-09
 3.50520e+16	9.46e-01	5.42e-02	3.40e-09
 3.50566e+16	9.48e-01	5.21e-02	3.60e-09
 3.50611e+16	9.50e-01	5.01e-02	3.81e-09
 3.50655e+16	9.52e-01	4.81e-02	4.04e-09
 3.50698e+16	9.54e-01	4.63e-02	4.28e-09
 3.50740e+16	9.55e-01	4.45e-02	4.55e-09
 3.50782e+16	9.57e-01	4.28e-02	4.82e-09
 3.50824e+16	9.59e-01	4.12e-02	5.13e-09
 3.50864e+16	9.60e-01	3.96e-02	5.46e-09
 3.50904e+16	9.62e-01	3.81e-02	5.81e-09
 3.50944e+16	9.63e-01	3.67e-02	6.19e-09
 3.50983e+16	9.65e-01	3.52e-02	6.60e-09
 3.51021e+16	9.66e-01	3.39e-02	7.06e-09
 3.51058e+16	9.67e-01	3.26e-02	7.54e-09
 3.51095e+16	9.69e-01	3.13e-02	8.08e-09
 3.51131e+16	9.70e-01	3.01e-02	8.66e-09
 3.51167e+16	9.71e-01	2.90e-02	9.29e-09
 3.51202e+16	9.72e-01	2.78e-02	1.00e-08
 3.51236e+16	9.73e-01	2.68e-02	1.08e-08
 3.51269e+16	9.74e-01	2.58e-02	1.16e-08
 3.51302e+16	9.75e-01	2.48e-02	1.26e-08
 3.51335e+16	9.76e-01	2.38e-02	1.37e-08
 3.51366e+16	9.77e-01	2.29e-02	1.48e-08
 3.51396e+16	9.78e-01	2.20e-02	1.62e-08
 3.51426e+16	9.79e-01	2.11e-02	1.76e-08
 3.51455e+16	9.80e-01	2.03e-02	1.93e-08
 3.51484e+16	9.80e-01	1.95e-02	2.13e-08
 3.51512e+16	9.81e-01	1.87e-02	2.35e-08
 3.51538e+16	9.82e-01	1.80e-02	2.60e-08
 3.51562e+16	9.83e-01	1.73e-02	2.87e-08
 3.51585e+16	9.83e-01	1.67e-02	3.17e-08
 3.51606e+16	9.84e-01	1.61e-02	3.50e-08
 3.51626e+16	9.84e-01	1.56e-02	3.86e-08
 3.51645e+16	9.85e-01	1.51e-02	4.27e-08
 3.51662e+16	9.85e-01	1.46e-02	4.71e-08
 3.51679e+16	9.86e-01	1.42e-02	5.21e-08
 3.51694e+16	9.86e-01	1.38e-02	5.74e-08
 3.51709e+16	9.87e-01	1.34e-02	6.33e-08
 3.51723e+16	9.87e-01	1.30e-02	6.99e-08
 3.51735e+16	9.87e-01	1.26e-02	7.72e-08
 3.51748e+16	9.88e-01	1.23e-02	8.52e-08
 3.51759e+16	9.88e-01	1.19e-02	9.40e-08
 3.51770e+16	9.88e-01	1.16e-02	1.04e-07
 3.51780e+16	9.89e-01	1.13e-02	1.14e-07
 3.51790e+16	9.89e-01	1.10e-02	1.26e-07
 3.51799e+16	9.89e-01	1.07e-02	1.39e-07
 3.51808e+16	9.90e-01	1.05e-02	1.53e-07
 3.51816e+16	9.90e-01	1.02e-02	1.68e-07
 3.51824e+16	9.90e-01	9.94e-03	1.85e-07
