#depth	He	He+	He+2
 2.82628e+11	1.32e-03	9.98e-01	6.30e-04
 1.69577e+12	1.32e-03	9.98e-01	6.29e-04
 7.34833e+12	1.32e-03	9.98e-01	6.26e-04
 2.99586e+13	1.33e-03	9.98e-01	6.05e-04
 7.15615e+13	1.33e-03	9.98e-01	5.95e-04
 1.25645e+14	1.34e-03	9.98e-01	5.62e-04
 1.95954e+14	1.34e-03	9.98e-01	5.08e-04
 2.87356e+14	1.35e-03	9.98e-01	4.34e-04
 4.06178e+14	1.36e-03	9.98e-01	3.44e-04
 5.60646e+14	1.38e-03	9.98e-01	2.48e-04
 7.61455e+14	1.40e-03	9.98e-01	1.58e-04
 1.02251e+15	1.42e-03	9.98e-01	8.62e-05
 1.36187e+15	1.45e-03	9.99e-01	3.90e-05
 1.80305e+15	1.50e-03	9.98e-01	1.41e-05
 2.37658e+15	1.55e-03	9.98e-01	3.87e-06
 3.12217e+15	1.63e-03	9.98e-01	7.78e-07
 4.09144e+15	1.73e-03	9.98e-01	1.12e-07
 5.35149e+15	1.89e-03	9.98e-01	1.20e-08
 6.56835e+15	2.04e-03	9.98e-01	1.64e-09
 7.45561e+15	2.16e-03	9.98e-01	4.89e-10
 8.21659e+15	2.28e-03	9.98e-01	1.99e-10
 9.02472e+15	2.42e-03	9.98e-01	8.99e-11
 9.85137e+15	2.57e-03	9.97e-01	4.90e-11
 1.05967e+16	2.72e-03	9.97e-01	3.39e-11
 1.12666e+16	2.93e-03	9.97e-01	2.74e-11
 1.18222e+16	3.07e-03	9.97e-01	2.37e-11
 1.23605e+16	3.22e-03	9.97e-01	2.20e-11
 1.30603e+16	3.44e-03	9.97e-01	2.07e-11
 1.37586e+16	3.68e-03	9.96e-01	1.98e-11
 1.42863e+16	3.88e-03	9.96e-01	1.96e-11
 1.47243e+16	4.07e-03	9.96e-01	1.93e-11
 1.52144e+16	4.30e-03	9.96e-01	1.93e-11
 1.57453e+16	4.58e-03	9.95e-01	1.93e-11
 1.62068e+16	4.85e-03	9.95e-01	1.94e-11
 1.66020e+16	5.12e-03	9.95e-01	1.94e-11
 1.70336e+16	5.45e-03	9.95e-01	1.97e-11
 1.74901e+16	5.85e-03	9.94e-01	1.97e-11
 1.78701e+16	6.22e-03	9.94e-01	2.02e-11
 1.81922e+16	6.59e-03	9.93e-01	2.04e-11
 1.85481e+16	7.07e-03	9.93e-01	2.07e-11
 1.89206e+16	7.62e-03	9.92e-01	2.14e-11
 1.92254e+16	8.16e-03	9.92e-01	2.18e-11
 1.94767e+16	8.68e-03	9.91e-01	2.23e-11
 1.97479e+16	9.34e-03	9.91e-01	2.29e-11
 2.00372e+16	1.01e-02	9.90e-01	2.36e-11
 2.02806e+16	1.10e-02	9.89e-01	2.45e-11
 2.04830e+16	1.18e-02	9.88e-01	2.53e-11
 2.07020e+16	1.28e-02	9.87e-01	2.64e-11
 2.09333e+16	1.42e-02	9.86e-01	2.79e-11
 2.11239e+16	1.55e-02	9.84e-01	2.94e-11
 2.12803e+16	1.69e-02	9.83e-01	3.08e-11
 2.14489e+16	1.87e-02	9.81e-01	3.32e-11
 2.16272e+16	2.11e-02	9.79e-01	3.58e-11
 2.17738e+16	2.36e-02	9.76e-01	3.93e-11
 2.18922e+16	2.62e-02	9.74e-01	4.34e-11
 2.20012e+16	2.93e-02	9.71e-01	4.80e-11
 2.21061e+16	3.31e-02	9.67e-01	5.37e-11
 2.21900e+16	3.68e-02	9.63e-01	6.01e-11
 2.22476e+16	4.00e-02	9.60e-01	6.58e-11
 2.22962e+16	4.32e-02	9.57e-01	7.18e-11
 2.23516e+16	4.77e-02	9.52e-01	8.03e-11
 2.24087e+16	5.31e-02	9.47e-01	9.18e-11
 2.24536e+16	5.84e-02	9.42e-01	1.04e-10
 2.24891e+16	6.33e-02	9.37e-01	1.15e-10
 2.25268e+16	6.97e-02	9.30e-01	1.31e-10
 2.25661e+16	7.74e-02	9.23e-01	1.51e-10
 2.25978e+16	8.50e-02	9.15e-01	1.71e-10
 2.26235e+16	9.22e-02	9.08e-01	1.91e-10
 2.26509e+16	1.01e-01	8.99e-01	2.16e-10
 2.26798e+16	1.12e-01	8.88e-01	2.49e-10
 2.27035e+16	1.23e-01	8.77e-01	2.81e-10
 2.27232e+16	1.34e-01	8.66e-01	3.13e-10
 2.27420e+16	1.45e-01	8.55e-01	3.47e-10
 2.27607e+16	1.58e-01	8.42e-01	3.87e-10
 2.27778e+16	1.71e-01	8.29e-01	4.27e-10
 2.27926e+16	1.83e-01	8.17e-01	4.66e-10
 2.28057e+16	1.96e-01	8.04e-01	5.03e-10
 2.28179e+16	2.08e-01	7.92e-01	5.42e-10
 2.28276e+16	2.19e-01	7.81e-01	5.73e-10
 2.28341e+16	2.26e-01	7.74e-01	5.96e-10
 2.28402e+16	2.34e-01	7.66e-01	6.18e-10
 2.28471e+16	2.43e-01	7.57e-01	6.44e-10
 2.28544e+16	2.53e-01	7.47e-01	6.72e-10
 2.28614e+16	2.63e-01	7.37e-01	7.01e-10
 2.28680e+16	2.73e-01	7.27e-01	7.29e-10
 2.28745e+16	2.83e-01	7.17e-01	7.57e-10
 2.28810e+16	2.94e-01	7.06e-01	7.86e-10
 2.28874e+16	3.04e-01	6.96e-01	8.16e-10
 2.28937e+16	3.16e-01	6.84e-01	8.46e-10
 2.28999e+16	3.27e-01	6.73e-01	8.77e-10
 2.29060e+16	3.39e-01	6.61e-01	9.07e-10
 2.29120e+16	3.51e-01	6.49e-01	9.38e-10
 2.29180e+16	3.63e-01	6.37e-01	9.69e-10
 2.29238e+16	3.76e-01	6.24e-01	9.99e-10
 2.29296e+16	3.88e-01	6.12e-01	1.03e-09
 2.29353e+16	4.01e-01	5.99e-01	1.06e-09
 2.29409e+16	4.14e-01	5.86e-01	1.09e-09
 2.29464e+16	4.28e-01	5.72e-01	1.12e-09
 2.29519e+16	4.41e-01	5.59e-01	1.15e-09
 2.29573e+16	4.55e-01	5.45e-01	1.18e-09
 2.29626e+16	4.69e-01	5.31e-01	1.21e-09
 2.29679e+16	4.83e-01	5.17e-01	1.24e-09
 2.29731e+16	4.97e-01	5.03e-01	1.26e-09
 2.29782e+16	5.11e-01	4.89e-01	1.29e-09
 2.29832e+16	5.25e-01	4.75e-01	1.32e-09
 2.29882e+16	5.39e-01	4.61e-01	1.34e-09
 2.29931e+16	5.53e-01	4.47e-01	1.36e-09
 2.29979e+16	5.67e-01	4.33e-01	1.38e-09
 2.30025e+16	5.81e-01	4.19e-01	1.40e-09
 2.30070e+16	5.94e-01	4.06e-01	1.42e-09
 2.30116e+16	6.08e-01	3.92e-01	1.44e-09
 2.30160e+16	6.21e-01	3.79e-01	1.46e-09
 2.30202e+16	6.33e-01	3.67e-01	1.47e-09
 2.30243e+16	6.46e-01	3.54e-01	1.48e-09
 2.30285e+16	6.58e-01	3.42e-01	1.50e-09
 2.30325e+16	6.70e-01	3.30e-01	1.51e-09
 2.30365e+16	6.82e-01	3.18e-01	1.51e-09
 2.30404e+16	6.94e-01	3.06e-01	1.52e-09
 2.30442e+16	7.05e-01	2.95e-01	1.53e-09
 2.30479e+16	7.16e-01	2.84e-01	1.53e-09
 2.30516e+16	7.26e-01	2.74e-01	1.53e-09
 2.30552e+16	7.37e-01	2.63e-01	1.54e-09
 2.30588e+16	7.47e-01	2.53e-01	1.53e-09
 2.30623e+16	7.57e-01	2.43e-01	1.53e-09
 2.30658e+16	7.67e-01	2.33e-01	1.53e-09
 2.30692e+16	7.76e-01	2.24e-01	1.53e-09
 2.30726e+16	7.85e-01	2.15e-01	1.52e-09
 2.30759e+16	7.94e-01	2.06e-01	1.52e-09
 2.30792e+16	8.02e-01	1.98e-01	1.51e-09
 2.30825e+16	8.10e-01	1.90e-01	1.50e-09
 2.30856e+16	8.18e-01	1.82e-01	1.49e-09
 2.30887e+16	8.26e-01	1.74e-01	1.48e-09
 2.30919e+16	8.34e-01	1.66e-01	1.47e-09
 2.30950e+16	8.41e-01	1.59e-01	1.46e-09
 2.30980e+16	8.48e-01	1.52e-01	1.45e-09
 2.31010e+16	8.54e-01	1.46e-01	1.43e-09
 2.31040e+16	8.61e-01	1.39e-01	1.42e-09
 2.31070e+16	8.67e-01	1.33e-01	1.40e-09
 2.31099e+16	8.73e-01	1.27e-01	1.39e-09
 2.31127e+16	8.79e-01	1.21e-01	1.37e-09
 2.31155e+16	8.84e-01	1.16e-01	1.35e-09
 2.31183e+16	8.90e-01	1.10e-01	1.33e-09
 2.31211e+16	8.95e-01	1.05e-01	1.32e-09
 2.31239e+16	9.00e-01	1.00e-01	1.30e-09
 2.31266e+16	9.04e-01	9.56e-02	1.28e-09
 2.31293e+16	9.09e-01	9.11e-02	1.26e-09
 2.31319e+16	9.13e-01	8.67e-02	1.24e-09
 2.31345e+16	9.17e-01	8.26e-02	1.22e-09
 2.31371e+16	9.21e-01	7.86e-02	1.19e-09
 2.31396e+16	9.25e-01	7.49e-02	1.17e-09
 2.31422e+16	9.29e-01	7.12e-02	1.15e-09
 2.31446e+16	9.32e-01	6.78e-02	1.13e-09
 2.31471e+16	9.36e-01	6.45e-02	1.11e-09
 2.31495e+16	9.39e-01	6.13e-02	1.08e-09
 2.31518e+16	9.42e-01	5.84e-02	1.06e-09
 2.31541e+16	9.44e-01	5.55e-02	1.04e-09
 2.31564e+16	9.47e-01	5.28e-02	1.02e-09
 2.31586e+16	9.50e-01	5.02e-02	9.94e-10
 2.31608e+16	9.52e-01	4.77e-02	9.71e-10
 2.31629e+16	9.55e-01	4.54e-02	9.49e-10
 2.31650e+16	9.57e-01	4.32e-02	9.26e-10
 2.31670e+16	9.59e-01	4.11e-02	9.04e-10
 2.31690e+16	9.61e-01	3.91e-02	8.82e-10
 2.31709e+16	9.63e-01	3.72e-02	8.59e-10
 2.31728e+16	9.65e-01	3.55e-02	8.37e-10
 2.31746e+16	9.66e-01	3.38e-02	8.15e-10
 2.31764e+16	9.68e-01	3.22e-02	7.94e-10
 2.31780e+16	9.69e-01	3.08e-02	7.73e-10
 2.31795e+16	9.71e-01	2.94e-02	7.53e-10
 2.31810e+16	9.72e-01	2.82e-02	7.33e-10
 2.31824e+16	9.73e-01	2.70e-02	7.14e-10
 2.31837e+16	9.74e-01	2.59e-02	6.95e-10
 2.31850e+16	9.75e-01	2.49e-02	6.77e-10
 2.31861e+16	9.76e-01	2.39e-02	6.58e-10
 2.31873e+16	9.77e-01	2.30e-02	6.41e-10
 2.31883e+16	9.78e-01	2.22e-02	6.23e-10
 2.31894e+16	9.79e-01	2.14e-02	6.05e-10
