#depth	O	O+	O+2	O+3	O+4	O+5	O+6	O+7	O+8	O[1]	O[2]	O[3]
 2.82628e+11	2.23e-05	3.57e-02	9.64e-01	2.26e-04	0.00e+00	0.00e+00	0.00e+00	0.00e+00	0.00e+00	1.45e-05	5.47e-06	2.29e-06
 1.69577e+12	2.23e-05	3.57e-02	9.64e-01	2.25e-04	0.00e+00	0.00e+00	0.00e+00	0.00e+00	0.00e+00	1.45e-05	5.47e-06	2.29e-06
 7.34833e+12	2.23e-05	3.57e-02	9.64e-01	2.22e-04	0.00e+00	0.00e+00	0.00e+00	0.00e+00	0.00e+00	1.45e-05	5.47e-06	2.29e-06
 2.99586e+13	2.24e-05	3.58e-02	9.64e-01	2.09e-04	0.00e+00	0.00e+00	0.00e+00	0.00e+00	0.00e+00	1.46e-05	5.50e-06	2.30e-06
 7.15615e+13	2.24e-05	3.59e-02	9.64e-01	1.92e-04	0.00e+00	0.00e+00	0.00e+00	0.00e+00	0.00e+00	1.46e-05	5.52e-06	2.30e-06
 1.25645e+14	2.26e-05	3.61e-02	9.64e-01	1.72e-04	0.00e+00	0.00e+00	0.00e+00	0.00e+00	0.00e+00	1.47e-05	5.55e-06	2.32e-06
 1.95954e+14	2.27e-05	3.63e-02	9.64e-01	1.48e-04	0.00e+00	0.00e+00	0.00e+00	0.00e+00	0.00e+00	1.48e-05	5.60e-06	2.34e-06
 2.87356e+14	2.30e-05	3.66e-02	9.63e-01	1.21e-04	0.00e+00	0.00e+00	0.00e+00	0.00e+00	0.00e+00	1.49e-05	5.66e-06	2.36e-06
 4.06178e+14	2.33e-05	3.70e-02	9.63e-01	9.23e-05	0.00e+00	0.00e+00	0.00e+00	0.00e+00	0.00e+00	1.51e-05	5.74e-06	2.39e-06
 5.60646e+14	2.37e-05	3.74e-02	9.62e-01	6.49e-05	0.00e+00	0.00e+00	0.00e+00	0.00e+00	0.00e+00	1.54e-05	5.85e-06	2.44e-06
 7.61455e+14	2.43e-05	3.80e-02	9.62e-01	4.09e-05	0.00e+00	0.00e+00	0.00e+00	0.00e+00	0.00e+00	1.58e-05	6.01e-06	2.50e-06
 1.02251e+15	2.52e-05	3.88e-02	9.61e-01	2.25e-05	0.00e+00	0.00e+00	0.00e+00	0.00e+00	0.00e+00	1.64e-05	6.22e-06	2.59e-06
 1.36187e+15	2.64e-05	3.98e-02	9.60e-01	1.06e-05	0.00e+00	0.00e+00	0.00e+00	0.00e+00	0.00e+00	1.71e-05	6.53e-06	2.72e-06
 1.80305e+15	2.81e-05	4.11e-02	9.59e-01	4.17e-06	0.00e+00	0.00e+00	0.00e+00	0.00e+00	0.00e+00	1.83e-05	6.96e-06	2.90e-06
 2.37658e+15	3.06e-05	4.29e-02	9.57e-01	1.49e-06	0.00e+00	0.00e+00	0.00e+00	0.00e+00	0.00e+00	1.99e-05	7.59e-06	3.16e-06
 3.12217e+15	3.44e-05	4.54e-02	9.55e-01	6.22e-07	0.00e+00	0.00e+00	0.00e+00	0.00e+00	0.00e+00	2.23e-05	8.53e-06	3.55e-06
 4.09144e+15	4.03e-05	4.88e-02	9.51e-01	3.93e-07	0.00e+00	0.00e+00	0.00e+00	0.00e+00	0.00e+00	2.61e-05	1.00e-05	4.16e-06
 5.35149e+15	5.02e-05	5.38e-02	9.46e-01	3.16e-07	0.00e+00	0.00e+00	0.00e+00	0.00e+00	0.00e+00	3.25e-05	1.25e-05	5.18e-06
 6.56835e+15	6.16e-05	5.90e-02	9.41e-01	2.74e-07	0.00e+00	0.00e+00	0.00e+00	0.00e+00	0.00e+00	3.98e-05	1.53e-05	6.37e-06
 7.45561e+15	7.23e-05	6.31e-02	9.37e-01	2.50e-07	0.00e+00	0.00e+00	0.00e+00	0.00e+00	0.00e+00	4.68e-05	1.80e-05	7.48e-06
 8.21659e+15	8.41e-05	6.72e-02	9.33e-01	2.30e-07	0.00e+00	0.00e+00	0.00e+00	0.00e+00	0.00e+00	5.44e-05	2.10e-05	8.70e-06
 9.02472e+15	9.97e-05	7.19e-02	9.28e-01	2.10e-07	0.00e+00	0.00e+00	0.00e+00	0.00e+00	0.00e+00	6.44e-05	2.49e-05	1.03e-05
 9.85137e+15	1.19e-04	7.72e-02	9.23e-01	1.92e-07	0.00e+00	0.00e+00	0.00e+00	0.00e+00	0.00e+00	7.70e-05	2.97e-05	1.23e-05
 1.05967e+16	1.41e-04	8.26e-02	9.17e-01	1.77e-07	0.00e+00	0.00e+00	0.00e+00	0.00e+00	0.00e+00	9.12e-05	3.52e-05	1.46e-05
 1.12666e+16	1.74e-04	9.02e-02	9.10e-01	1.62e-07	0.00e+00	0.00e+00	0.00e+00	0.00e+00	0.00e+00	1.12e-04	4.36e-05	1.80e-05
 1.18222e+16	2.01e-04	9.55e-02	9.04e-01	1.52e-07	0.00e+00	0.00e+00	0.00e+00	0.00e+00	0.00e+00	1.30e-04	5.04e-05	2.08e-05
 1.23605e+16	2.33e-04	1.01e-01	8.99e-01	1.41e-07	0.00e+00	0.00e+00	0.00e+00	0.00e+00	0.00e+00	1.51e-04	5.84e-05	2.42e-05
 1.30603e+16	2.86e-04	1.10e-01	8.90e-01	1.28e-07	0.00e+00	0.00e+00	0.00e+00	0.00e+00	0.00e+00	1.85e-04	7.16e-05	2.96e-05
 1.37586e+16	3.54e-04	1.19e-01	8.80e-01	0.00e+00	0.00e+00	0.00e+00	0.00e+00	0.00e+00	0.00e+00	2.28e-04	8.84e-05	3.65e-05
 1.42863e+16	4.20e-04	1.28e-01	8.72e-01	0.00e+00	0.00e+00	0.00e+00	0.00e+00	0.00e+00	0.00e+00	2.71e-04	1.05e-04	4.34e-05
 1.47243e+16	4.90e-04	1.36e-01	8.63e-01	0.00e+00	0.00e+00	0.00e+00	0.00e+00	0.00e+00	0.00e+00	3.17e-04	1.22e-04	5.06e-05
 1.52144e+16	5.86e-04	1.47e-01	8.53e-01	0.00e+00	0.00e+00	0.00e+00	0.00e+00	0.00e+00	0.00e+00	3.79e-04	1.46e-04	6.05e-05
 1.57453e+16	7.19e-04	1.59e-01	8.40e-01	0.00e+00	0.00e+00	0.00e+00	0.00e+00	0.00e+00	0.00e+00	4.65e-04	1.79e-04	7.41e-05
 1.62068e+16	8.68e-04	1.72e-01	8.27e-01	0.00e+00	0.00e+00	0.00e+00	0.00e+00	0.00e+00	0.00e+00	5.62e-04	2.16e-04	8.95e-05
 1.66020e+16	1.03e-03	1.85e-01	8.14e-01	0.00e+00	0.00e+00	0.00e+00	0.00e+00	0.00e+00	0.00e+00	6.69e-04	2.57e-04	1.06e-04
 1.70336e+16	1.26e-03	2.02e-01	7.97e-01	0.00e+00	0.00e+00	0.00e+00	0.00e+00	0.00e+00	0.00e+00	8.18e-04	3.14e-04	1.30e-04
 1.74901e+16	1.58e-03	2.22e-01	7.76e-01	0.00e+00	0.00e+00	0.00e+00	0.00e+00	0.00e+00	0.00e+00	1.02e-03	3.92e-04	1.63e-04
 1.78701e+16	1.92e-03	2.41e-01	7.57e-01	0.00e+00	0.00e+00	0.00e+00	0.00e+00	0.00e+00	0.00e+00	1.25e-03	4.76e-04	1.97e-04
 1.81922e+16	2.30e-03	2.61e-01	7.37e-01	0.00e+00	0.00e+00	0.00e+00	0.00e+00	0.00e+00	0.00e+00	1.49e-03	5.69e-04	2.36e-04
 1.85481e+16	2.84e-03	2.85e-01	7.12e-01	0.00e+00	0.00e+00	0.00e+00	0.00e+00	0.00e+00	0.00e+00	1.85e-03	7.02e-04	2.92e-04
 1.89206e+16	3.57e-03	3.14e-01	6.82e-01	0.00e+00	0.00e+00	0.00e+00	0.00e+00	0.00e+00	0.00e+00	2.32e-03	8.80e-04	3.66e-04
 1.92254e+16	4.38e-03	3.42e-01	6.53e-01	0.00e+00	0.00e+00	0.00e+00	0.00e+00	0.00e+00	0.00e+00	2.85e-03	1.08e-03	4.48e-04
 1.94767e+16	5.23e-03	3.68e-01	6.27e-01	0.00e+00	0.00e+00	0.00e+00	0.00e+00	0.00e+00	0.00e+00	3.41e-03	1.29e-03	5.35e-04
 1.97479e+16	6.41e-03	4.00e-01	5.93e-01	0.00e+00	0.00e+00	0.00e+00	0.00e+00	0.00e+00	0.00e+00	4.18e-03	1.57e-03	6.55e-04
 2.00372e+16	8.03e-03	4.38e-01	5.54e-01	0.00e+00	0.00e+00	0.00e+00	0.00e+00	0.00e+00	0.00e+00	5.24e-03	1.97e-03	8.20e-04
 2.02806e+16	9.84e-03	4.73e-01	5.17e-01	0.00e+00	0.00e+00	0.00e+00	0.00e+00	0.00e+00	0.00e+00	6.42e-03	2.41e-03	1.00e-03
 2.04830e+16	1.18e-02	5.06e-01	4.82e-01	0.00e+00	0.00e+00	0.00e+00	0.00e+00	0.00e+00	0.00e+00	7.69e-03	2.88e-03	1.20e-03
 2.07020e+16	1.45e-02	5.45e-01	4.40e-01	0.00e+00	0.00e+00	0.00e+00	0.00e+00	0.00e+00	0.00e+00	9.47e-03	3.54e-03	1.48e-03
 2.09333e+16	1.82e-02	5.89e-01	3.93e-01	0.00e+00	0.00e+00	0.00e+00	0.00e+00	0.00e+00	0.00e+00	1.19e-02	4.45e-03	1.86e-03
 2.11239e+16	2.24e-02	6.27e-01	3.50e-01	0.00e+00	0.00e+00	0.00e+00	0.00e+00	0.00e+00	0.00e+00	1.46e-02	5.45e-03	2.28e-03
 2.12803e+16	2.67e-02	6.60e-01	3.13e-01	0.00e+00	0.00e+00	0.00e+00	0.00e+00	0.00e+00	0.00e+00	1.75e-02	6.51e-03	2.72e-03
 2.14489e+16	3.29e-02	6.97e-01	2.71e-01	0.00e+00	0.00e+00	0.00e+00	0.00e+00	0.00e+00	0.00e+00	2.15e-02	8.00e-03	3.34e-03
 2.16272e+16	4.15e-02	7.33e-01	2.25e-01	0.00e+00	0.00e+00	0.00e+00	0.00e+00	0.00e+00	0.00e+00	2.71e-02	1.01e-02	4.21e-03
 2.17738e+16	5.11e-02	7.62e-01	1.87e-01	0.00e+00	0.00e+00	0.00e+00	0.00e+00	0.00e+00	0.00e+00	3.35e-02	1.24e-02	5.19e-03
 2.18922e+16	6.14e-02	7.83e-01	1.56e-01	0.00e+00	0.00e+00	0.00e+00	0.00e+00	0.00e+00	0.00e+00	4.02e-02	1.49e-02	6.23e-03
 2.20012e+16	7.37e-02	7.98e-01	1.28e-01	0.00e+00	0.00e+00	0.00e+00	0.00e+00	0.00e+00	0.00e+00	4.83e-02	1.79e-02	7.48e-03
 2.21061e+16	8.91e-02	8.08e-01	1.02e-01	0.00e+00	0.00e+00	0.00e+00	0.00e+00	0.00e+00	0.00e+00	5.84e-02	2.16e-02	9.04e-03
 2.21900e+16	1.05e-01	8.12e-01	8.31e-02	0.00e+00	0.00e+00	0.00e+00	0.00e+00	0.00e+00	0.00e+00	6.88e-02	2.54e-02	1.06e-02
 2.22476e+16	1.18e-01	8.11e-01	7.05e-02	0.00e+00	0.00e+00	0.00e+00	0.00e+00	0.00e+00	0.00e+00	7.77e-02	2.87e-02	1.20e-02
 2.22962e+16	1.32e-01	8.08e-01	6.03e-02	0.00e+00	0.00e+00	0.00e+00	0.00e+00	0.00e+00	0.00e+00	8.65e-02	3.19e-02	1.34e-02
 2.23516e+16	1.50e-01	8.00e-01	4.93e-02	0.00e+00	0.00e+00	0.00e+00	0.00e+00	0.00e+00	0.00e+00	9.87e-02	3.64e-02	1.53e-02
 2.24087e+16	1.73e-01	7.88e-01	3.93e-02	0.00e+00	0.00e+00	0.00e+00	0.00e+00	0.00e+00	0.00e+00	1.14e-01	4.18e-02	1.76e-02
 2.24536e+16	1.95e-01	7.73e-01	3.21e-02	0.00e+00	0.00e+00	0.00e+00	0.00e+00	0.00e+00	0.00e+00	1.28e-01	4.70e-02	1.97e-02
 2.24891e+16	2.15e-01	7.58e-01	2.68e-02	0.00e+00	0.00e+00	0.00e+00	0.00e+00	0.00e+00	0.00e+00	1.41e-01	5.18e-02	2.18e-02
 2.25268e+16	2.39e-01	7.39e-01	2.17e-02	0.00e+00	0.00e+00	0.00e+00	0.00e+00	0.00e+00	0.00e+00	1.57e-01	5.76e-02	2.42e-02
 2.25661e+16	2.69e-01	7.14e-01	1.71e-02	0.00e+00	0.00e+00	0.00e+00	0.00e+00	0.00e+00	0.00e+00	1.77e-01	6.46e-02	2.72e-02
 2.25978e+16	2.96e-01	6.90e-01	1.37e-02	0.00e+00	0.00e+00	0.00e+00	0.00e+00	0.00e+00	0.00e+00	1.95e-01	7.11e-02	3.00e-02
 2.26235e+16	3.21e-01	6.67e-01	1.13e-02	0.00e+00	0.00e+00	0.00e+00	0.00e+00	0.00e+00	0.00e+00	2.12e-01	7.69e-02	3.25e-02
 2.26509e+16	3.51e-01	6.40e-01	9.06e-03	0.00e+00	0.00e+00	0.00e+00	0.00e+00	0.00e+00	0.00e+00	2.32e-01	8.38e-02	3.55e-02
 2.26798e+16	3.85e-01	6.08e-01	7.03e-03	0.00e+00	0.00e+00	0.00e+00	0.00e+00	0.00e+00	0.00e+00	2.55e-01	9.16e-02	3.89e-02
 2.27035e+16	4.16e-01	5.78e-01	5.60e-03	0.00e+00	0.00e+00	0.00e+00	0.00e+00	0.00e+00	0.00e+00	2.76e-01	9.86e-02	4.19e-02
 2.27232e+16	4.44e-01	5.52e-01	4.56e-03	0.00e+00	0.00e+00	0.00e+00	0.00e+00	0.00e+00	0.00e+00	2.94e-01	1.05e-01	4.46e-02
 2.27420e+16	4.72e-01	5.25e-01	3.70e-03	0.00e+00	0.00e+00	0.00e+00	0.00e+00	0.00e+00	0.00e+00	3.13e-01	1.11e-01	4.74e-02
 2.27607e+16	5.01e-01	4.96e-01	2.97e-03	0.00e+00	0.00e+00	0.00e+00	0.00e+00	0.00e+00	0.00e+00	3.33e-01	1.17e-01	5.02e-02
 2.27778e+16	5.28e-01	4.69e-01	2.40e-03	0.00e+00	0.00e+00	0.00e+00	0.00e+00	0.00e+00	0.00e+00	3.52e-01	1.23e-01	5.28e-02
 2.27926e+16	5.52e-01	4.46e-01	1.98e-03	0.00e+00	0.00e+00	0.00e+00	0.00e+00	0.00e+00	0.00e+00	3.69e-01	1.28e-01	5.51e-02
 2.28057e+16	5.75e-01	4.24e-01	1.65e-03	0.00e+00	0.00e+00	0.00e+00	0.00e+00	0.00e+00	0.00e+00	3.85e-01	1.33e-01	5.72e-02
 2.28179e+16	5.95e-01	4.03e-01	1.38e-03	0.00e+00	0.00e+00	0.00e+00	0.00e+00	0.00e+00	0.00e+00	3.99e-01	1.37e-01	5.91e-02
 2.28276e+16	6.11e-01	3.87e-01	1.20e-03	0.00e+00	0.00e+00	0.00e+00	0.00e+00	0.00e+00	0.00e+00	4.11e-01	1.40e-01	6.06e-02
 2.28341e+16	6.22e-01	3.77e-01	1.10e-03	0.00e+00	0.00e+00	0.00e+00	0.00e+00	0.00e+00	0.00e+00	4.18e-01	1.42e-01	6.16e-02
 2.28402e+16	6.33e-01	3.66e-01	9.92e-04	0.00e+00	0.00e+00	0.00e+00	0.00e+00	0.00e+00	0.00e+00	4.26e-01	1.44e-01	6.26e-02
 2.28471e+16	6.45e-01	3.54e-01	8.87e-04	0.00e+00	0.00e+00	0.00e+00	0.00e+00	0.00e+00	0.00e+00	4.35e-01	1.46e-01	6.36e-02
 2.28544e+16	6.57e-01	3.42e-01	7.87e-04	0.00e+00	0.00e+00	0.00e+00	0.00e+00	0.00e+00	0.00e+00	4.44e-01	1.48e-01	6.47e-02
 2.28614e+16	6.70e-01	3.30e-01	7.00e-04	0.00e+00	0.00e+00	0.00e+00	0.00e+00	0.00e+00	0.00e+00	4.53e-01	1.51e-01	6.58e-02
 2.28680e+16	6.81e-01	3.18e-01	6.24e-04	0.00e+00	0.00e+00	0.00e+00	0.00e+00	0.00e+00	0.00e+00	4.61e-01	1.53e-01	6.68e-02
 2.28745e+16	6.92e-01	3.07e-01	5.57e-04	0.00e+00	0.00e+00	0.00e+00	0.00e+00	0.00e+00	0.00e+00	4.70e-01	1.55e-01	6.78e-02
 2.28810e+16	7.03e-01	2.96e-01	4.95e-04	0.00e+00	0.00e+00	0.00e+00	0.00e+00	0.00e+00	0.00e+00	4.78e-01	1.56e-01	6.87e-02
 2.28874e+16	7.14e-01	2.86e-01	4.40e-04	0.00e+00	0.00e+00	0.00e+00	0.00e+00	0.00e+00	0.00e+00	4.86e-01	1.58e-01	6.96e-02
 2.28937e+16	7.25e-01	2.75e-01	3.90e-04	0.00e+00	0.00e+00	0.00e+00	0.00e+00	0.00e+00	0.00e+00	4.94e-01	1.60e-01	7.05e-02
 2.28999e+16	7.35e-01	2.65e-01	3.46e-04	0.00e+00	0.00e+00	0.00e+00	0.00e+00	0.00e+00	0.00e+00	5.02e-01	1.62e-01	7.13e-02
 2.29060e+16	7.45e-01	2.55e-01	3.07e-04	0.00e+00	0.00e+00	0.00e+00	0.00e+00	0.00e+00	0.00e+00	5.10e-01	1.63e-01	7.21e-02
 2.29120e+16	7.55e-01	2.45e-01	2.72e-04	0.00e+00	0.00e+00	0.00e+00	0.00e+00	0.00e+00	0.00e+00	5.17e-01	1.64e-01	7.29e-02
 2.29180e+16	7.64e-01	2.35e-01	2.40e-04	0.00e+00	0.00e+00	0.00e+00	0.00e+00	0.00e+00	0.00e+00	5.25e-01	1.66e-01	7.36e-02
 2.29238e+16	7.74e-01	2.26e-01	2.12e-04	0.00e+00	0.00e+00	0.00e+00	0.00e+00	0.00e+00	0.00e+00	5.32e-01	1.67e-01	7.43e-02
 2.29296e+16	7.83e-01	2.17e-01	1.88e-04	0.00e+00	0.00e+00	0.00e+00	0.00e+00	0.00e+00	0.00e+00	5.39e-01	1.68e-01	7.49e-02
 2.29353e+16	7.91e-01	2.08e-01	1.66e-04	0.00e+00	0.00e+00	0.00e+00	0.00e+00	0.00e+00	0.00e+00	5.46e-01	1.70e-01	7.56e-02
 2.29409e+16	8.00e-01	2.00e-01	1.46e-04	0.00e+00	0.00e+00	0.00e+00	0.00e+00	0.00e+00	0.00e+00	5.53e-01	1.71e-01	7.62e-02
 2.29464e+16	8.08e-01	1.92e-01	1.29e-04	0.00e+00	0.00e+00	0.00e+00	0.00e+00	0.00e+00	0.00e+00	5.60e-01	1.72e-01	7.67e-02
 2.29519e+16	8.16e-01	1.84e-01	1.13e-04	0.00e+00	0.00e+00	0.00e+00	0.00e+00	0.00e+00	0.00e+00	5.66e-01	1.73e-01	7.72e-02
 2.29573e+16	8.24e-01	1.76e-01	9.96e-05	0.00e+00	0.00e+00	0.00e+00	0.00e+00	0.00e+00	0.00e+00	5.73e-01	1.73e-01	7.77e-02
 2.29626e+16	8.31e-01	1.69e-01	8.76e-05	0.00e+00	0.00e+00	0.00e+00	0.00e+00	0.00e+00	0.00e+00	5.79e-01	1.74e-01	7.82e-02
 2.29679e+16	8.39e-01	1.61e-01	7.69e-05	0.00e+00	0.00e+00	0.00e+00	0.00e+00	0.00e+00	0.00e+00	5.85e-01	1.75e-01	7.86e-02
 2.29731e+16	8.45e-01	1.54e-01	6.75e-05	0.00e+00	0.00e+00	0.00e+00	0.00e+00	0.00e+00	0.00e+00	5.91e-01	1.76e-01	7.90e-02
 2.29782e+16	8.52e-01	1.48e-01	5.92e-05	0.00e+00	0.00e+00	0.00e+00	0.00e+00	0.00e+00	0.00e+00	5.96e-01	1.76e-01	7.94e-02
 2.29832e+16	8.59e-01	1.41e-01	5.19e-05	0.00e+00	0.00e+00	0.00e+00	0.00e+00	0.00e+00	0.00e+00	6.02e-01	1.77e-01	7.97e-02
 2.29882e+16	8.65e-01	1.35e-01	4.54e-05	0.00e+00	0.00e+00	0.00e+00	0.00e+00	0.00e+00	0.00e+00	6.07e-01	1.77e-01	8.00e-02
 2.29931e+16	8.71e-01	1.29e-01	3.98e-05	0.00e+00	0.00e+00	0.00e+00	0.00e+00	0.00e+00	0.00e+00	6.13e-01	1.78e-01	8.03e-02
 2.29979e+16	8.76e-01	1.24e-01	3.50e-05	0.00e+00	0.00e+00	0.00e+00	0.00e+00	0.00e+00	0.00e+00	6.17e-01	1.78e-01	8.05e-02
 2.30025e+16	8.82e-01	1.18e-01	3.07e-05	0.00e+00	0.00e+00	0.00e+00	0.00e+00	0.00e+00	0.00e+00	6.22e-01	1.79e-01	8.08e-02
 2.30070e+16	8.87e-01	1.13e-01	2.71e-05	0.00e+00	0.00e+00	0.00e+00	0.00e+00	0.00e+00	0.00e+00	6.27e-01	1.79e-01	8.09e-02
 2.30116e+16	8.92e-01	1.08e-01	2.37e-05	0.00e+00	0.00e+00	0.00e+00	0.00e+00	0.00e+00	0.00e+00	6.31e-01	1.79e-01	8.11e-02
 2.30160e+16	8.96e-01	1.04e-01	2.08e-05	0.00e+00	0.00e+00	0.00e+00	0.00e+00	0.00e+00	0.00e+00	6.35e-01	1.80e-01	8.13e-02
 2.30202e+16	9.01e-01	9.93e-02	1.85e-05	0.00e+00	0.00e+00	0.00e+00	0.00e+00	0.00e+00	0.00e+00	6.39e-01	1.80e-01	8.14e-02
 2.30243e+16	9.05e-01	9.51e-02	1.62e-05	0.00e+00	0.00e+00	0.00e+00	0.00e+00	0.00e+00	0.00e+00	6.43e-01	1.80e-01	8.16e-02
 2.30285e+16	9.09e-01	9.11e-02	1.43e-05	0.00e+00	0.00e+00	0.00e+00	0.00e+00	0.00e+00	0.00e+00	6.47e-01	1.80e-01	8.17e-02
 2.30325e+16	9.13e-01	8.73e-02	1.26e-05	0.00e+00	0.00e+00	0.00e+00	0.00e+00	0.00e+00	0.00e+00	6.50e-01	1.81e-01	8.18e-02
 2.30365e+16	9.16e-01	8.37e-02	1.12e-05	0.00e+00	0.00e+00	0.00e+00	0.00e+00	0.00e+00	0.00e+00	6.54e-01	1.81e-01	8.19e-02
 2.30404e+16	9.20e-01	8.02e-02	9.86e-06	0.00e+00	0.00e+00	0.00e+00	0.00e+00	0.00e+00	0.00e+00	6.57e-01	1.81e-01	8.20e-02
 2.30442e+16	9.23e-01	7.69e-02	8.71e-06	0.00e+00	0.00e+00	0.00e+00	0.00e+00	0.00e+00	0.00e+00	6.60e-01	1.81e-01	8.20e-02
 2.30479e+16	9.26e-01	7.38e-02	7.72e-06	0.00e+00	0.00e+00	0.00e+00	0.00e+00	0.00e+00	0.00e+00	6.63e-01	1.81e-01	8.21e-02
 2.30516e+16	9.29e-01	7.08e-02	6.83e-06	0.00e+00	0.00e+00	0.00e+00	0.00e+00	0.00e+00	0.00e+00	6.65e-01	1.82e-01	8.22e-02
 2.30552e+16	9.32e-01	6.79e-02	6.06e-06	0.00e+00	0.00e+00	0.00e+00	0.00e+00	0.00e+00	0.00e+00	6.68e-01	1.82e-01	8.22e-02
 2.30588e+16	9.35e-01	6.51e-02	5.36e-06	0.00e+00	0.00e+00	0.00e+00	0.00e+00	0.00e+00	0.00e+00	6.71e-01	1.82e-01	8.22e-02
 2.30623e+16	9.37e-01	6.25e-02	4.75e-06	0.00e+00	0.00e+00	0.00e+00	0.00e+00	0.00e+00	0.00e+00	6.73e-01	1.82e-01	8.23e-02
 2.30658e+16	9.40e-01	6.00e-02	4.21e-06	0.00e+00	0.00e+00	0.00e+00	0.00e+00	0.00e+00	0.00e+00	6.75e-01	1.82e-01	8.23e-02
 2.30692e+16	9.42e-01	5.76e-02	3.74e-06	0.00e+00	0.00e+00	0.00e+00	0.00e+00	0.00e+00	0.00e+00	6.78e-01	1.82e-01	8.23e-02
 2.30726e+16	9.45e-01	5.53e-02	3.32e-06	0.00e+00	0.00e+00	0.00e+00	0.00e+00	0.00e+00	0.00e+00	6.80e-01	1.83e-01	8.23e-02
 2.30759e+16	9.47e-01	5.31e-02	2.95e-06	0.00e+00	0.00e+00	0.00e+00	0.00e+00	0.00e+00	0.00e+00	6.82e-01	1.83e-01	8.23e-02
 2.30792e+16	9.49e-01	5.10e-02	2.61e-06	0.00e+00	0.00e+00	0.00e+00	0.00e+00	0.00e+00	0.00e+00	6.84e-01	1.83e-01	8.23e-02
 2.30825e+16	9.51e-01	4.90e-02	2.32e-06	0.00e+00	0.00e+00	0.00e+00	0.00e+00	0.00e+00	0.00e+00	6.85e-01	1.83e-01	8.23e-02
 2.30856e+16	9.53e-01	4.71e-02	2.07e-06	0.00e+00	0.00e+00	0.00e+00	0.00e+00	0.00e+00	0.00e+00	6.87e-01	1.83e-01	8.22e-02
 2.30887e+16	9.55e-01	4.53e-02	1.84e-06	0.00e+00	0.00e+00	0.00e+00	0.00e+00	0.00e+00	0.00e+00	6.89e-01	1.84e-01	8.22e-02
 2.30919e+16	9.57e-01	4.35e-02	1.63e-06	0.00e+00	0.00e+00	0.00e+00	0.00e+00	0.00e+00	0.00e+00	6.90e-01	1.84e-01	8.22e-02
 2.30950e+16	9.58e-01	4.18e-02	1.45e-06	0.00e+00	0.00e+00	0.00e+00	0.00e+00	0.00e+00	0.00e+00	6.92e-01	1.84e-01	8.22e-02
 2.30980e+16	9.60e-01	4.02e-02	1.29e-06	0.00e+00	0.00e+00	0.00e+00	0.00e+00	0.00e+00	0.00e+00	6.93e-01	1.84e-01	8.22e-02
 2.31010e+16	9.61e-01	3.86e-02	1.15e-06	0.00e+00	0.00e+00	0.00e+00	0.00e+00	0.00e+00	0.00e+00	6.95e-01	1.85e-01	8.22e-02
 2.31040e+16	9.63e-01	3.71e-02	1.02e-06	0.00e+00	0.00e+00	0.00e+00	0.00e+00	0.00e+00	0.00e+00	6.96e-01	1.85e-01	8.22e-02
 2.31070e+16	9.64e-01	3.57e-02	9.12e-07	0.00e+00	0.00e+00	0.00e+00	0.00e+00	0.00e+00	0.00e+00	6.97e-01	1.85e-01	8.22e-02
 2.31099e+16	9.66e-01	3.43e-02	8.13e-07	0.00e+00	0.00e+00	0.00e+00	0.00e+00	0.00e+00	0.00e+00	6.98e-01	1.85e-01	8.22e-02
 2.31127e+16	9.67e-01	3.30e-02	7.24e-07	0.00e+00	0.00e+00	0.00e+00	0.00e+00	0.00e+00	0.00e+00	6.99e-01	1.86e-01	8.22e-02
 2.31155e+16	9.68e-01	3.18e-02	6.45e-07	0.00e+00	0.00e+00	0.00e+00	0.00e+00	0.00e+00	0.00e+00	7.00e-01	1.86e-01	8.22e-02
 2.31183e+16	9.69e-01	3.05e-02	5.75e-07	0.00e+00	0.00e+00	0.00e+00	0.00e+00	0.00e+00	0.00e+00	7.01e-01	1.86e-01	8.23e-02
 2.31211e+16	9.71e-01	2.94e-02	5.13e-07	0.00e+00	0.00e+00	0.00e+00	0.00e+00	0.00e+00	0.00e+00	7.02e-01	1.87e-01	8.23e-02
 2.31239e+16	9.72e-01	2.82e-02	4.57e-07	0.00e+00	0.00e+00	0.00e+00	0.00e+00	0.00e+00	0.00e+00	7.02e-01	1.87e-01	8.23e-02
 2.31266e+16	9.73e-01	2.72e-02	4.07e-07	0.00e+00	0.00e+00	0.00e+00	0.00e+00	0.00e+00	0.00e+00	7.03e-01	1.87e-01	8.23e-02
 2.31293e+16	9.74e-01	2.62e-02	3.64e-07	0.00e+00	0.00e+00	0.00e+00	0.00e+00	0.00e+00	0.00e+00	7.04e-01	1.88e-01	8.23e-02
 2.31319e+16	9.75e-01	2.51e-02	3.24e-07	0.00e+00	0.00e+00	0.00e+00	0.00e+00	0.00e+00	0.00e+00	7.04e-01	1.88e-01	8.24e-02
 2.31345e+16	9.76e-01	2.42e-02	2.89e-07	0.00e+00	0.00e+00	0.00e+00	0.00e+00	0.00e+00	0.00e+00	7.05e-01	1.88e-01	8.24e-02
 2.31371e+16	9.77e-01	2.33e-02	2.58e-07	0.00e+00	0.00e+00	0.00e+00	0.00e+00	0.00e+00	0.00e+00	7.05e-01	1.89e-01	8.24e-02
 2.31396e+16	9.78e-01	2.24e-02	2.30e-07	0.00e+00	0.00e+00	0.00e+00	0.00e+00	0.00e+00	0.00e+00	7.06e-01	1.89e-01	8.25e-02
 2.31422e+16	9.78e-01	2.15e-02	2.05e-07	0.00e+00	0.00e+00	0.00e+00	0.00e+00	0.00e+00	0.00e+00	7.06e-01	1.90e-01	8.25e-02
 2.31446e+16	9.79e-01	2.07e-02	1.84e-07	0.00e+00	0.00e+00	0.00e+00	0.00e+00	0.00e+00	0.00e+00	7.07e-01	1.90e-01	8.25e-02
 2.31471e+16	9.80e-01	1.99e-02	1.64e-07	0.00e+00	0.00e+00	0.00e+00	0.00e+00	0.00e+00	0.00e+00	7.07e-01	1.91e-01	8.26e-02
 2.31495e+16	9.81e-01	1.91e-02	1.46e-07	0.00e+00	0.00e+00	0.00e+00	0.00e+00	0.00e+00	0.00e+00	7.07e-01	1.91e-01	8.27e-02
 2.31518e+16	9.82e-01	1.84e-02	1.31e-07	0.00e+00	0.00e+00	0.00e+00	0.00e+00	0.00e+00	0.00e+00	7.07e-01	1.92e-01	8.27e-02
 2.31541e+16	9.82e-01	1.77e-02	1.17e-07	0.00e+00	0.00e+00	0.00e+00	0.00e+00	0.00e+00	0.00e+00	7.07e-01	1.92e-01	8.28e-02
 2.31564e+16	9.83e-01	1.70e-02	1.05e-07	0.00e+00	0.00e+00	0.00e+00	0.00e+00	0.00e+00	0.00e+00	7.07e-01	1.93e-01	8.28e-02
 2.31586e+16	9.84e-01	1.64e-02	9.37e-08	0.00e+00	0.00e+00	0.00e+00	0.00e+00	0.00e+00	0.00e+00	7.07e-01	1.93e-01	8.29e-02
 2.31608e+16	9.84e-01	1.57e-02	8.38e-08	0.00e+00	0.00e+00	0.00e+00	0.00e+00	0.00e+00	0.00e+00	7.07e-01	1.94e-01	8.30e-02
 2.31629e+16	9.85e-01	1.51e-02	7.50e-08	0.00e+00	0.00e+00	0.00e+00	0.00e+00	0.00e+00	0.00e+00	7.07e-01	1.95e-01	8.31e-02
 2.31650e+16	9.85e-01	1.45e-02	6.72e-08	0.00e+00	0.00e+00	0.00e+00	0.00e+00	0.00e+00	0.00e+00	7.07e-01	1.95e-01	8.32e-02
 2.31670e+16	9.86e-01	1.39e-02	6.02e-08	0.00e+00	0.00e+00	0.00e+00	0.00e+00	0.00e+00	0.00e+00	7.07e-01	1.96e-01	8.32e-02
 2.31690e+16	9.87e-01	1.34e-02	5.40e-08	0.00e+00	0.00e+00	0.00e+00	0.00e+00	0.00e+00	0.00e+00	7.07e-01	1.97e-01	8.33e-02
 2.31709e+16	9.87e-01	1.28e-02	4.84e-08	0.00e+00	0.00e+00	0.00e+00	0.00e+00	0.00e+00	0.00e+00	7.06e-01	1.97e-01	8.34e-02
 2.31728e+16	9.88e-01	1.23e-02	4.34e-08	0.00e+00	0.00e+00	0.00e+00	0.00e+00	0.00e+00	0.00e+00	7.06e-01	1.98e-01	8.35e-02
 2.31746e+16	9.88e-01	1.18e-02	3.90e-08	0.00e+00	0.00e+00	0.00e+00	0.00e+00	0.00e+00	0.00e+00	7.06e-01	1.99e-01	8.37e-02
 2.31764e+16	9.89e-01	1.13e-02	3.51e-08	0.00e+00	0.00e+00	0.00e+00	0.00e+00	0.00e+00	0.00e+00	7.05e-01	2.00e-01	8.38e-02
 2.31780e+16	9.89e-01	1.09e-02	3.17e-08	0.00e+00	0.00e+00	0.00e+00	0.00e+00	0.00e+00	0.00e+00	7.05e-01	2.01e-01	8.39e-02
 2.31795e+16	9.90e-01	1.05e-02	2.87e-08	0.00e+00	0.00e+00	0.00e+00	0.00e+00	0.00e+00	0.00e+00	7.04e-01	2.01e-01	8.40e-02
 2.31810e+16	9.90e-01	1.01e-02	2.61e-08	0.00e+00	0.00e+00	0.00e+00	0.00e+00	0.00e+00	0.00e+00	7.03e-01	2.02e-01	8.41e-02
 2.31824e+16	9.90e-01	9.70e-03	2.37e-08	0.00e+00	0.00e+00	0.00e+00	0.00e+00	0.00e+00	0.00e+00	7.03e-01	2.03e-01	8.42e-02
 2.31837e+16	9.91e-01	9.34e-03	2.16e-08	0.00e+00	0.00e+00	0.00e+00	0.00e+00	0.00e+00	0.00e+00	7.02e-01	2.04e-01	8.44e-02
 2.31850e+16	9.91e-01	9.00e-03	1.98e-08	0.00e+00	0.00e+00	0.00e+00	0.00e+00	0.00e+00	0.00e+00	7.01e-01	2.05e-01	8.45e-02
 2.31861e+16	9.91e-01	8.67e-03	1.81e-08	0.00e+00	0.00e+00	0.00e+00	0.00e+00	0.00e+00	0.00e+00	7.01e-01	2.06e-01	8.46e-02
 2.31873e+16	9.92e-01	8.36e-03	1.66e-08	0.00e+00	0.00e+00	0.00e+00	0.00e+00	0.00e+00	0.00e+00	7.00e-01	2.07e-01	8.48e-02
 2.31883e+16	9.92e-01	8.05e-03	1.52e-08	0.00e+00	0.00e+00	0.00e+00	0.00e+00	0.00e+00	0.00e+00	6.99e-01	2.08e-01	8.49e-02
 2.31894e+16	9.92e-01	7.76e-03	1.40e-08	0.00e+00	0.00e+00	0.00e+00	0.00e+00	0.00e+00	0.00e+00	6.98e-01	2.09e-01	8.50e-02
