#depth	H	H+	H2
 2.82628e+11	8.95e-04	9.99e-01	1.62e-14
 1.69577e+12	8.95e-04	9.99e-01	1.62e-14
 7.34833e+12	8.94e-04	9.99e-01	1.62e-14
 2.99586e+13	8.95e-04	9.99e-01	1.63e-14
 7.15615e+13	8.92e-04	9.99e-01	1.64e-14
 1.25645e+14	8.90e-04	9.99e-01	1.64e-14
 1.95954e+14	8.88e-04	9.99e-01	1.66e-14
 2.87356e+14	8.87e-04	9.99e-01	1.67e-14
 4.06178e+14	8.86e-04	9.99e-01	1.69e-14
 5.60646e+14	8.87e-04	9.99e-01	1.72e-14
 7.61455e+14	8.88e-04	9.99e-01	1.76e-14
 1.02251e+15	8.93e-04	9.99e-01	1.82e-14
 1.36187e+15	9.01e-04	9.99e-01	1.89e-14
 1.80305e+15	9.15e-04	9.99e-01	2.00e-14
 2.37658e+15	9.38e-04	9.99e-01	2.15e-14
 3.12217e+15	9.75e-04	9.99e-01	2.38e-14
 4.09144e+15	1.03e-03	9.99e-01	2.72e-14
 5.35149e+15	1.13e-03	9.99e-01	3.27e-14
 6.56835e+15	1.23e-03	9.99e-01	3.90e-14
 7.45561e+15	1.32e-03	9.99e-01	4.45e-14
 8.21659e+15	1.42e-03	9.99e-01	5.02e-14
 9.02472e+15	1.55e-03	9.98e-01	5.76e-14
 9.85137e+15	1.69e-03	9.98e-01	6.63e-14
 1.05967e+16	1.85e-03	9.98e-01	7.56e-14
 1.12666e+16	2.05e-03	9.98e-01	8.89e-14
 1.18222e+16	2.21e-03	9.98e-01	9.89e-14
 1.23605e+16	2.39e-03	9.98e-01	1.10e-13
 1.30603e+16	2.66e-03	9.97e-01	1.27e-13
 1.37586e+16	2.98e-03	9.97e-01	1.48e-13
 1.42863e+16	3.27e-03	9.97e-01	1.66e-13
 1.47243e+16	3.54e-03	9.96e-01	1.85e-13
 1.52144e+16	3.89e-03	9.96e-01	2.08e-13
 1.57453e+16	4.34e-03	9.96e-01	2.37e-13
 1.62068e+16	4.79e-03	9.95e-01	2.68e-13
 1.66020e+16	5.25e-03	9.95e-01	2.99e-13
 1.70336e+16	5.82e-03	9.94e-01	3.38e-13
 1.74901e+16	6.55e-03	9.93e-01	3.89e-13
 1.78701e+16	7.26e-03	9.93e-01	4.37e-13
 1.81922e+16	7.98e-03	9.92e-01	4.88e-13
 1.85481e+16	8.92e-03	9.91e-01	5.54e-13
 1.89206e+16	1.01e-02	9.90e-01	6.35e-13
 1.92254e+16	1.12e-02	9.89e-01	7.18e-13
 1.94767e+16	1.24e-02	9.88e-01	7.99e-13
 1.97479e+16	1.38e-02	9.86e-01	9.05e-13
 2.00372e+16	1.57e-02	9.84e-01	1.04e-12
 2.02806e+16	1.76e-02	9.82e-01	1.19e-12
 2.04830e+16	1.96e-02	9.80e-01	1.33e-12
 2.07020e+16	2.22e-02	9.78e-01	1.53e-12
 2.09333e+16	2.56e-02	9.74e-01	1.80e-12
 2.11239e+16	2.93e-02	9.71e-01	2.08e-12
 2.12803e+16	3.30e-02	9.67e-01	2.38e-12
 2.14489e+16	3.81e-02	9.62e-01	2.80e-12
 2.16272e+16	4.50e-02	9.55e-01	3.39e-12
 2.17738e+16	5.28e-02	9.47e-01	4.07e-12
 2.18922e+16	6.10e-02	9.39e-01	4.83e-12
 2.20012e+16	7.08e-02	9.29e-01	5.76e-12
 2.21061e+16	8.32e-02	9.17e-01	7.00e-12
 2.21900e+16	9.60e-02	9.04e-01	8.34e-12
 2.22476e+16	1.07e-01	8.93e-01	9.54e-12
 2.22962e+16	1.18e-01	8.82e-01	1.08e-11
 2.23516e+16	1.33e-01	8.67e-01	1.26e-11
 2.24087e+16	1.52e-01	8.48e-01	1.51e-11
 2.24536e+16	1.70e-01	8.30e-01	1.76e-11
 2.24891e+16	1.87e-01	8.13e-01	2.01e-11
 2.25268e+16	2.09e-01	7.91e-01	2.34e-11
 2.25661e+16	2.34e-01	7.66e-01	2.78e-11
 2.25978e+16	2.59e-01	7.41e-01	3.23e-11
 2.26235e+16	2.81e-01	7.19e-01	3.68e-11
 2.26509e+16	3.08e-01	6.92e-01	4.29e-11
 2.26798e+16	3.40e-01	6.60e-01	5.06e-11
 2.27035e+16	3.68e-01	6.32e-01	5.86e-11
 2.27232e+16	3.94e-01	6.06e-01	6.65e-11
 2.27420e+16	4.21e-01	5.79e-01	7.57e-11
 2.27607e+16	4.49e-01	5.51e-01	8.63e-11
 2.27778e+16	4.76e-01	5.24e-01	9.78e-11
 2.27926e+16	5.00e-01	5.00e-01	1.09e-10
 2.28057e+16	5.23e-01	4.77e-01	1.21e-10
 2.28179e+16	5.44e-01	4.56e-01	1.33e-10
 2.28276e+16	5.60e-01	4.40e-01	1.44e-10
 2.28341e+16	5.71e-01	4.29e-01	1.51e-10
 2.28402e+16	5.82e-01	4.18e-01	1.59e-10
 2.28471e+16	5.95e-01	4.05e-01	1.69e-10
 2.28544e+16	6.08e-01	3.92e-01	1.80e-10
 2.28614e+16	6.21e-01	3.79e-01	1.91e-10
 2.28680e+16	6.33e-01	3.67e-01	2.03e-10
 2.28745e+16	6.45e-01	3.55e-01	2.15e-10
 2.28810e+16	6.56e-01	3.44e-01	2.28e-10
 2.28874e+16	6.68e-01	3.32e-01	2.41e-10
 2.28937e+16	6.80e-01	3.20e-01	2.56e-10
 2.28999e+16	6.91e-01	3.09e-01	2.71e-10
 2.29060e+16	7.02e-01	2.98e-01	2.87e-10
 2.29120e+16	7.13e-01	2.87e-01	3.05e-10
 2.29180e+16	7.23e-01	2.77e-01	3.23e-10
 2.29238e+16	7.34e-01	2.66e-01	3.42e-10
 2.29296e+16	7.44e-01	2.56e-01	3.63e-10
 2.29353e+16	7.53e-01	2.47e-01	3.84e-10
 2.29409e+16	7.63e-01	2.37e-01	4.07e-10
 2.29464e+16	7.72e-01	2.28e-01	4.32e-10
 2.29519e+16	7.81e-01	2.19e-01	4.58e-10
 2.29573e+16	7.90e-01	2.10e-01	4.86e-10
 2.29626e+16	7.98e-01	2.02e-01	5.15e-10
 2.29679e+16	8.07e-01	1.93e-01	5.46e-10
 2.29731e+16	8.15e-01	1.85e-01	5.80e-10
 2.29782e+16	8.22e-01	1.78e-01	6.15e-10
 2.29832e+16	8.30e-01	1.70e-01	6.53e-10
 2.29882e+16	8.37e-01	1.63e-01	6.93e-10
 2.29931e+16	8.44e-01	1.56e-01	7.36e-10
 2.29979e+16	8.50e-01	1.50e-01	7.81e-10
 2.30025e+16	8.57e-01	1.43e-01	8.28e-10
 2.30070e+16	8.63e-01	1.37e-01	8.78e-10
 2.30116e+16	8.68e-01	1.32e-01	9.32e-10
 2.30160e+16	8.74e-01	1.26e-01	9.89e-10
 2.30202e+16	8.79e-01	1.21e-01	1.05e-09
 2.30243e+16	8.84e-01	1.16e-01	1.11e-09
 2.30285e+16	8.89e-01	1.11e-01	1.18e-09
 2.30325e+16	8.93e-01	1.07e-01	1.25e-09
 2.30365e+16	8.98e-01	1.02e-01	1.32e-09
 2.30404e+16	9.02e-01	9.83e-02	1.40e-09
 2.30442e+16	9.06e-01	9.43e-02	1.48e-09
 2.30479e+16	9.09e-01	9.06e-02	1.57e-09
 2.30516e+16	9.13e-01	8.70e-02	1.67e-09
 2.30552e+16	9.16e-01	8.35e-02	1.77e-09
 2.30588e+16	9.20e-01	8.02e-02	1.87e-09
 2.30623e+16	9.23e-01	7.70e-02	1.99e-09
 2.30658e+16	9.26e-01	7.40e-02	2.11e-09
 2.30692e+16	9.29e-01	7.11e-02	2.24e-09
 2.30726e+16	9.32e-01	6.83e-02	2.37e-09
 2.30759e+16	9.34e-01	6.57e-02	2.52e-09
 2.30792e+16	9.37e-01	6.31e-02	2.67e-09
 2.30825e+16	9.39e-01	6.07e-02	2.83e-09
 2.30856e+16	9.42e-01	5.83e-02	3.01e-09
 2.30887e+16	9.44e-01	5.61e-02	3.19e-09
 2.30919e+16	9.46e-01	5.39e-02	3.39e-09
 2.30950e+16	9.48e-01	5.19e-02	3.60e-09
 2.30980e+16	9.50e-01	4.99e-02	3.82e-09
 2.31010e+16	9.52e-01	4.80e-02	4.06e-09
 2.31040e+16	9.54e-01	4.62e-02	4.32e-09
 2.31070e+16	9.56e-01	4.44e-02	4.59e-09
 2.31099e+16	9.57e-01	4.28e-02	4.89e-09
 2.31127e+16	9.59e-01	4.11e-02	5.19e-09
 2.31155e+16	9.60e-01	3.96e-02	5.52e-09
 2.31183e+16	9.62e-01	3.81e-02	5.88e-09
 2.31211e+16	9.63e-01	3.67e-02	6.27e-09
 2.31239e+16	9.65e-01	3.53e-02	6.68e-09
 2.31266e+16	9.66e-01	3.40e-02	7.12e-09
 2.31293e+16	9.67e-01	3.27e-02	7.60e-09
 2.31319e+16	9.69e-01	3.15e-02	8.10e-09
 2.31345e+16	9.70e-01	3.03e-02	8.68e-09
 2.31371e+16	9.71e-01	2.92e-02	9.26e-09
 2.31396e+16	9.72e-01	2.81e-02	9.94e-09
 2.31422e+16	9.73e-01	2.70e-02	1.06e-08
 2.31446e+16	9.74e-01	2.60e-02	1.14e-08
 2.31471e+16	9.75e-01	2.50e-02	1.22e-08
 2.31495e+16	9.76e-01	2.40e-02	1.32e-08
 2.31518e+16	9.77e-01	2.31e-02	1.42e-08
 2.31541e+16	9.78e-01	2.23e-02	1.53e-08
 2.31564e+16	9.79e-01	2.14e-02	1.65e-08
 2.31586e+16	9.79e-01	2.06e-02	1.78e-08
 2.31608e+16	9.80e-01	1.98e-02	1.93e-08
 2.31629e+16	9.81e-01	1.90e-02	2.10e-08
 2.31650e+16	9.82e-01	1.83e-02	2.28e-08
 2.31670e+16	9.82e-01	1.76e-02	2.49e-08
 2.31690e+16	9.83e-01	1.69e-02	2.72e-08
 2.31709e+16	9.84e-01	1.62e-02	2.98e-08
 2.31728e+16	9.84e-01	1.56e-02	3.28e-08
 2.31746e+16	9.85e-01	1.50e-02	3.61e-08
 2.31764e+16	9.86e-01	1.44e-02	3.99e-08
 2.31780e+16	9.86e-01	1.38e-02	4.41e-08
 2.31795e+16	9.87e-01	1.33e-02	4.85e-08
 2.31810e+16	9.87e-01	1.28e-02	5.33e-08
 2.31824e+16	9.88e-01	1.23e-02	5.88e-08
 2.31837e+16	9.88e-01	1.19e-02	6.48e-08
 2.31850e+16	9.89e-01	1.14e-02	7.13e-08
 2.31861e+16	9.89e-01	1.10e-02	7.84e-08
 2.31873e+16	9.89e-01	1.06e-02	8.62e-08
 2.31883e+16	9.90e-01	1.03e-02	9.45e-08
 2.31894e+16	9.90e-01	9.90e-03	1.04e-07
