#depth	O	O+	O+2	O+3	O+4	O+5	O+6	O+7	O+8	O[1]	O[2]	O[3]
 3.45990e+11	1.21e-05	1.86e-02	9.79e-01	2.88e-03	0.00e+00	0.00e+00	0.00e+00	0.00e+00	0.00e+00	8.25e-06	2.61e-06	1.21e-06
 2.07594e+12	1.21e-05	1.86e-02	9.79e-01	2.87e-03	0.00e+00	0.00e+00	0.00e+00	0.00e+00	0.00e+00	8.24e-06	2.61e-06	1.21e-06
 8.99574e+12	1.21e-05	1.86e-02	9.79e-01	2.83e-03	0.00e+00	0.00e+00	0.00e+00	0.00e+00	0.00e+00	8.24e-06	2.61e-06	1.21e-06
 3.66749e+13	1.21e-05	1.86e-02	9.79e-01	2.66e-03	0.00e+00	0.00e+00	0.00e+00	0.00e+00	0.00e+00	8.26e-06	2.62e-06	1.21e-06
 8.76047e+13	1.21e-05	1.86e-02	9.79e-01	2.44e-03	0.00e+00	0.00e+00	0.00e+00	0.00e+00	0.00e+00	8.23e-06	2.62e-06	1.21e-06
 1.53813e+14	1.21e-05	1.87e-02	9.79e-01	2.18e-03	0.00e+00	0.00e+00	0.00e+00	0.00e+00	0.00e+00	8.22e-06	2.62e-06	1.21e-06
 2.39885e+14	1.21e-05	1.88e-02	9.79e-01	1.87e-03	0.00e+00	0.00e+00	0.00e+00	0.00e+00	0.00e+00	8.25e-06	2.63e-06	1.22e-06
 3.51777e+14	1.21e-05	1.89e-02	9.80e-01	1.53e-03	0.00e+00	0.00e+00	0.00e+00	0.00e+00	0.00e+00	8.28e-06	2.63e-06	1.22e-06
 4.97238e+14	1.22e-05	1.90e-02	9.80e-01	1.17e-03	0.00e+00	0.00e+00	0.00e+00	0.00e+00	0.00e+00	8.34e-06	2.65e-06	1.23e-06
 6.86336e+14	1.23e-05	1.91e-02	9.80e-01	8.28e-04	0.00e+00	0.00e+00	0.00e+00	0.00e+00	0.00e+00	8.43e-06	2.68e-06	1.24e-06
 9.32164e+14	1.25e-05	1.94e-02	9.80e-01	5.27e-04	0.00e+00	0.00e+00	0.00e+00	0.00e+00	0.00e+00	8.57e-06	2.72e-06	1.26e-06
 1.25174e+15	1.28e-05	1.97e-02	9.80e-01	2.94e-04	0.00e+00	0.00e+00	0.00e+00	0.00e+00	0.00e+00	8.77e-06	2.78e-06	1.29e-06
 1.66719e+15	1.33e-05	2.00e-02	9.80e-01	1.40e-04	0.00e+00	0.00e+00	0.00e+00	0.00e+00	0.00e+00	9.06e-06	2.87e-06	1.33e-06
 2.20727e+15	1.39e-05	2.05e-02	9.79e-01	5.52e-05	0.00e+00	0.00e+00	0.00e+00	0.00e+00	0.00e+00	9.49e-06	3.00e-06	1.39e-06
 2.90938e+15	1.48e-05	2.12e-02	9.79e-01	1.81e-05	0.00e+00	0.00e+00	0.00e+00	0.00e+00	0.00e+00	1.01e-05	3.20e-06	1.49e-06
 3.82213e+15	1.62e-05	2.21e-02	9.78e-01	5.58e-06	0.00e+00	0.00e+00	0.00e+00	0.00e+00	0.00e+00	1.11e-05	3.49e-06	1.62e-06
 5.00869e+15	1.82e-05	2.34e-02	9.77e-01	2.27e-06	0.00e+00	0.00e+00	0.00e+00	0.00e+00	0.00e+00	1.25e-05	3.94e-06	1.83e-06
 6.42394e+15	2.11e-05	2.50e-02	9.75e-01	1.48e-06	0.00e+00	0.00e+00	0.00e+00	0.00e+00	0.00e+00	1.44e-05	4.55e-06	2.11e-06
 7.91309e+15	2.46e-05	2.67e-02	9.73e-01	1.21e-06	0.00e+00	0.00e+00	0.00e+00	0.00e+00	0.00e+00	1.68e-05	5.33e-06	2.47e-06
 9.40225e+15	2.91e-05	2.86e-02	9.71e-01	1.05e-06	0.00e+00	0.00e+00	0.00e+00	0.00e+00	0.00e+00	1.99e-05	6.31e-06	2.93e-06
 1.06542e+16	3.36e-05	3.03e-02	9.70e-01	9.48e-07	0.00e+00	0.00e+00	0.00e+00	0.00e+00	0.00e+00	2.29e-05	7.29e-06	3.39e-06
 1.17196e+16	3.85e-05	3.20e-02	9.68e-01	8.94e-07	0.00e+00	0.00e+00	0.00e+00	0.00e+00	0.00e+00	2.63e-05	8.36e-06	3.88e-06
 1.28915e+16	4.50e-05	3.40e-02	9.66e-01	8.43e-07	0.00e+00	0.00e+00	0.00e+00	0.00e+00	0.00e+00	3.06e-05	9.79e-06	4.54e-06
 1.40602e+16	5.28e-05	3.61e-02	9.64e-01	8.01e-07	0.00e+00	0.00e+00	0.00e+00	0.00e+00	0.00e+00	3.59e-05	1.15e-05	5.35e-06
 1.50961e+16	6.13e-05	3.83e-02	9.62e-01	7.70e-07	0.00e+00	0.00e+00	0.00e+00	0.00e+00	0.00e+00	4.17e-05	1.34e-05	6.22e-06
 1.60242e+16	7.06e-05	4.04e-02	9.60e-01	7.48e-07	0.00e+00	0.00e+00	0.00e+00	0.00e+00	0.00e+00	4.79e-05	1.55e-05	7.17e-06
 1.69134e+16	8.13e-05	4.27e-02	9.57e-01	7.31e-07	0.00e+00	0.00e+00	0.00e+00	0.00e+00	0.00e+00	5.51e-05	1.79e-05	8.25e-06
 1.77883e+16	9.40e-05	4.51e-02	9.55e-01	7.17e-07	0.00e+00	0.00e+00	0.00e+00	0.00e+00	0.00e+00	6.37e-05	2.07e-05	9.54e-06
 1.86311e+16	1.09e-04	4.78e-02	9.52e-01	7.04e-07	0.00e+00	0.00e+00	0.00e+00	0.00e+00	0.00e+00	7.37e-05	2.41e-05	1.11e-05
 1.94268e+16	1.26e-04	5.07e-02	9.49e-01	6.92e-07	0.00e+00	0.00e+00	0.00e+00	0.00e+00	0.00e+00	8.53e-05	2.79e-05	1.28e-05
 2.01796e+16	1.46e-04	5.38e-02	9.46e-01	6.81e-07	0.00e+00	0.00e+00	0.00e+00	0.00e+00	0.00e+00	9.85e-05	3.23e-05	1.48e-05
 2.09022e+16	1.69e-04	5.71e-02	9.43e-01	6.69e-07	0.00e+00	0.00e+00	0.00e+00	0.00e+00	0.00e+00	1.14e-04	3.75e-05	1.71e-05
 2.16008e+16	1.95e-04	6.08e-02	9.39e-01	6.57e-07	0.00e+00	0.00e+00	0.00e+00	0.00e+00	0.00e+00	1.32e-04	4.36e-05	1.98e-05
 2.22744e+16	2.27e-04	6.48e-02	9.35e-01	6.42e-07	0.00e+00	0.00e+00	0.00e+00	0.00e+00	0.00e+00	1.53e-04	5.09e-05	2.30e-05
 2.29206e+16	2.65e-04	6.92e-02	9.31e-01	6.26e-07	0.00e+00	0.00e+00	0.00e+00	0.00e+00	0.00e+00	1.78e-04	5.94e-05	2.68e-05
 2.35235e+16	3.07e-04	7.39e-02	9.26e-01	6.08e-07	0.00e+00	0.00e+00	0.00e+00	0.00e+00	0.00e+00	2.07e-04	6.91e-05	3.11e-05
 2.40683e+16	3.55e-04	7.88e-02	9.21e-01	5.88e-07	0.00e+00	0.00e+00	0.00e+00	0.00e+00	0.00e+00	2.39e-04	7.99e-05	3.59e-05
 2.45586e+16	4.06e-04	8.37e-02	9.16e-01	5.69e-07	0.00e+00	0.00e+00	0.00e+00	0.00e+00	0.00e+00	2.73e-04	9.16e-05	4.11e-05
 2.49998e+16	4.61e-04	8.86e-02	9.11e-01	5.52e-07	0.00e+00	0.00e+00	0.00e+00	0.00e+00	0.00e+00	3.10e-04	1.04e-04	4.66e-05
 2.53969e+16	5.19e-04	9.36e-02	9.06e-01	5.31e-07	0.00e+00	0.00e+00	0.00e+00	0.00e+00	0.00e+00	3.49e-04	1.17e-04	5.24e-05
 2.57543e+16	5.80e-04	9.85e-02	9.01e-01	5.11e-07	0.00e+00	0.00e+00	0.00e+00	0.00e+00	0.00e+00	3.90e-04	1.31e-04	5.85e-05
 2.60760e+16	6.44e-04	1.03e-01	8.96e-01	4.93e-07	0.00e+00	0.00e+00	0.00e+00	0.00e+00	0.00e+00	4.33e-04	1.46e-04	6.49e-05
 2.63732e+16	7.10e-04	1.08e-01	8.91e-01	4.77e-07	0.00e+00	0.00e+00	0.00e+00	0.00e+00	0.00e+00	4.78e-04	1.60e-04	7.15e-05
 2.66629e+16	7.84e-04	1.13e-01	8.86e-01	4.60e-07	0.00e+00	0.00e+00	0.00e+00	0.00e+00	0.00e+00	5.27e-04	1.77e-04	7.89e-05
 2.69526e+16	8.69e-04	1.19e-01	8.80e-01	4.41e-07	0.00e+00	0.00e+00	0.00e+00	0.00e+00	0.00e+00	5.85e-04	1.96e-04	8.74e-05
 2.72424e+16	9.68e-04	1.25e-01	8.74e-01	4.22e-07	0.00e+00	0.00e+00	0.00e+00	0.00e+00	0.00e+00	6.51e-04	2.19e-04	9.73e-05
 2.75321e+16	1.08e-03	1.32e-01	8.67e-01	4.02e-07	0.00e+00	0.00e+00	0.00e+00	0.00e+00	0.00e+00	7.28e-04	2.44e-04	1.09e-04
 2.78218e+16	1.21e-03	1.39e-01	8.60e-01	3.81e-07	0.00e+00	0.00e+00	0.00e+00	0.00e+00	0.00e+00	8.16e-04	2.74e-04	1.22e-04
 2.81115e+16	1.37e-03	1.47e-01	8.51e-01	3.60e-07	0.00e+00	0.00e+00	0.00e+00	0.00e+00	0.00e+00	9.20e-04	3.09e-04	1.37e-04
 2.84012e+16	1.55e-03	1.56e-01	8.42e-01	3.38e-07	0.00e+00	0.00e+00	0.00e+00	0.00e+00	0.00e+00	1.04e-03	3.50e-04	1.55e-04
 2.86909e+16	1.77e-03	1.66e-01	8.32e-01	3.16e-07	0.00e+00	0.00e+00	0.00e+00	0.00e+00	0.00e+00	1.19e-03	3.99e-04	1.77e-04
 2.89034e+16	1.97e-03	1.75e-01	8.23e-01	3.00e-07	0.00e+00	0.00e+00	0.00e+00	0.00e+00	0.00e+00	1.32e-03	4.43e-04	1.97e-04
