#depth	O	O+	O+2	O+3	O+4	O+5	O+6	O+7	O+8	O[1]	O[2]	O[3]
 3.13067e+11	1.60e-05	2.17e-02	9.76e-01	2.70e-03	0.00e+00	0.00e+00	0.00e+00	0.00e+00	0.00e+00	1.11e-05	3.35e-06	1.55e-06
 1.87840e+12	1.59e-05	2.17e-02	9.76e-01	2.69e-03	0.00e+00	0.00e+00	0.00e+00	0.00e+00	0.00e+00	1.10e-05	3.34e-06	1.55e-06
 8.13974e+12	1.59e-05	2.17e-02	9.76e-01	2.65e-03	0.00e+00	0.00e+00	0.00e+00	0.00e+00	0.00e+00	1.10e-05	3.35e-06	1.55e-06
 3.31851e+13	1.60e-05	2.18e-02	9.76e-01	2.49e-03	0.00e+00	0.00e+00	0.00e+00	0.00e+00	0.00e+00	1.11e-05	3.36e-06	1.56e-06
 7.92685e+13	1.59e-05	2.18e-02	9.76e-01	2.28e-03	0.00e+00	0.00e+00	0.00e+00	0.00e+00	0.00e+00	1.10e-05	3.36e-06	1.56e-06
 1.39177e+14	1.59e-05	2.19e-02	9.76e-01	2.02e-03	0.00e+00	0.00e+00	0.00e+00	0.00e+00	0.00e+00	1.10e-05	3.36e-06	1.56e-06
 2.17058e+14	1.59e-05	2.20e-02	9.76e-01	1.73e-03	0.00e+00	0.00e+00	0.00e+00	0.00e+00	0.00e+00	1.10e-05	3.36e-06	1.56e-06
 3.18303e+14	1.60e-05	2.21e-02	9.76e-01	1.41e-03	0.00e+00	0.00e+00	0.00e+00	0.00e+00	0.00e+00	1.11e-05	3.37e-06	1.57e-06
 4.49922e+14	1.61e-05	2.22e-02	9.77e-01	1.07e-03	0.00e+00	0.00e+00	0.00e+00	0.00e+00	0.00e+00	1.11e-05	3.39e-06	1.58e-06
 6.21027e+14	1.63e-05	2.25e-02	9.77e-01	7.53e-04	0.00e+00	0.00e+00	0.00e+00	0.00e+00	0.00e+00	1.12e-05	3.43e-06	1.59e-06
 8.43463e+14	1.65e-05	2.27e-02	9.77e-01	4.75e-04	0.00e+00	0.00e+00	0.00e+00	0.00e+00	0.00e+00	1.14e-05	3.48e-06	1.62e-06
 1.13263e+15	1.69e-05	2.31e-02	9.77e-01	2.63e-04	0.00e+00	0.00e+00	0.00e+00	0.00e+00	0.00e+00	1.17e-05	3.55e-06	1.65e-06
 1.50855e+15	1.74e-05	2.36e-02	9.76e-01	1.23e-04	0.00e+00	0.00e+00	0.00e+00	0.00e+00	0.00e+00	1.21e-05	3.67e-06	1.70e-06
 1.99724e+15	1.82e-05	2.42e-02	9.76e-01	4.70e-05	0.00e+00	0.00e+00	0.00e+00	0.00e+00	0.00e+00	1.26e-05	3.83e-06	1.78e-06
 2.63254e+15	1.94e-05	2.51e-02	9.75e-01	1.43e-05	0.00e+00	0.00e+00	0.00e+00	0.00e+00	0.00e+00	1.34e-05	4.07e-06	1.89e-06
 3.45843e+15	2.11e-05	2.63e-02	9.74e-01	3.50e-06	0.00e+00	0.00e+00	0.00e+00	0.00e+00	0.00e+00	1.46e-05	4.43e-06	2.06e-06
 4.53208e+15	2.37e-05	2.80e-02	9.72e-01	8.54e-07	0.00e+00	0.00e+00	0.00e+00	0.00e+00	0.00e+00	1.64e-05	4.98e-06	2.31e-06
 5.81177e+15	2.71e-05	3.00e-02	9.70e-01	3.47e-07	0.00e+00	0.00e+00	0.00e+00	0.00e+00	0.00e+00	1.88e-05	5.70e-06	2.65e-06
 7.15744e+15	3.14e-05	3.22e-02	9.68e-01	2.34e-07	0.00e+00	0.00e+00	0.00e+00	0.00e+00	0.00e+00	2.18e-05	6.61e-06	3.07e-06
 8.50312e+15	3.67e-05	3.46e-02	9.65e-01	1.89e-07	0.00e+00	0.00e+00	0.00e+00	0.00e+00	0.00e+00	2.54e-05	7.73e-06	3.60e-06
 9.63475e+15	4.19e-05	3.67e-02	9.63e-01	1.65e-07	0.00e+00	0.00e+00	0.00e+00	0.00e+00	0.00e+00	2.89e-05	8.83e-06	4.11e-06
 1.05982e+16	4.74e-05	3.87e-02	9.61e-01	1.51e-07	0.00e+00	0.00e+00	0.00e+00	0.00e+00	0.00e+00	3.27e-05	1.00e-05	4.66e-06
 1.16581e+16	5.45e-05	4.10e-02	9.59e-01	0.00e+00	0.00e+00	0.00e+00	0.00e+00	0.00e+00	0.00e+00	3.76e-05	1.16e-05	5.38e-06
 1.27557e+16	6.34e-05	4.35e-02	9.56e-01	0.00e+00	0.00e+00	0.00e+00	0.00e+00	0.00e+00	0.00e+00	4.36e-05	1.35e-05	6.28e-06
 1.37866e+16	7.35e-05	4.61e-02	9.54e-01	0.00e+00	0.00e+00	0.00e+00	0.00e+00	0.00e+00	0.00e+00	5.05e-05	1.57e-05	7.30e-06
 1.47196e+16	8.45e-05	4.87e-02	9.51e-01	0.00e+00	0.00e+00	0.00e+00	0.00e+00	0.00e+00	0.00e+00	5.79e-05	1.81e-05	8.43e-06
 1.55896e+16	9.68e-05	5.13e-02	9.49e-01	0.00e+00	0.00e+00	0.00e+00	0.00e+00	0.00e+00	0.00e+00	6.63e-05	2.08e-05	9.68e-06
 1.64233e+16	1.11e-04	5.41e-02	9.46e-01	0.00e+00	0.00e+00	0.00e+00	0.00e+00	0.00e+00	0.00e+00	7.57e-05	2.39e-05	1.11e-05
 1.72141e+16	1.27e-04	5.69e-02	9.43e-01	0.00e+00	0.00e+00	0.00e+00	0.00e+00	0.00e+00	0.00e+00	8.64e-05	2.74e-05	1.28e-05
 1.79559e+16	1.44e-04	5.99e-02	9.40e-01	0.00e+00	0.00e+00	0.00e+00	0.00e+00	0.00e+00	0.00e+00	9.83e-05	3.14e-05	1.46e-05
 1.86560e+16	1.64e-04	6.30e-02	9.37e-01	0.00e+00	0.00e+00	0.00e+00	0.00e+00	0.00e+00	0.00e+00	1.11e-04	3.58e-05	1.66e-05
 1.93217e+16	1.86e-04	6.63e-02	9.34e-01	0.00e+00	0.00e+00	0.00e+00	0.00e+00	0.00e+00	0.00e+00	1.26e-04	4.08e-05	1.89e-05
 1.99583e+16	2.11e-04	6.98e-02	9.30e-01	0.00e+00	0.00e+00	0.00e+00	0.00e+00	0.00e+00	0.00e+00	1.43e-04	4.64e-05	2.14e-05
 2.05707e+16	2.39e-04	7.35e-02	9.26e-01	0.00e+00	0.00e+00	0.00e+00	0.00e+00	0.00e+00	0.00e+00	1.62e-04	5.28e-05	2.42e-05
 2.11644e+16	2.72e-04	7.75e-02	9.22e-01	0.00e+00	0.00e+00	0.00e+00	0.00e+00	0.00e+00	0.00e+00	1.84e-04	6.02e-05	2.75e-05
 2.17341e+16	3.09e-04	8.19e-02	9.18e-01	0.00e+00	0.00e+00	0.00e+00	0.00e+00	0.00e+00	0.00e+00	2.09e-04	6.86e-05	3.12e-05
 2.22601e+16	3.49e-04	8.64e-02	9.13e-01	0.00e+00	0.00e+00	0.00e+00	0.00e+00	0.00e+00	0.00e+00	2.36e-04	7.78e-05	3.53e-05
 2.27336e+16	3.93e-04	9.10e-02	9.09e-01	0.00e+00	0.00e+00	0.00e+00	0.00e+00	0.00e+00	0.00e+00	2.65e-04	8.78e-05	3.97e-05
 2.31597e+16	4.39e-04	9.56e-02	9.04e-01	0.00e+00	0.00e+00	0.00e+00	0.00e+00	0.00e+00	0.00e+00	2.96e-04	9.84e-05	4.44e-05
 2.35433e+16	4.87e-04	1.00e-01	8.99e-01	0.00e+00	0.00e+00	0.00e+00	0.00e+00	0.00e+00	0.00e+00	3.28e-04	1.09e-04	4.92e-05
 2.38884e+16	5.37e-04	1.05e-01	8.95e-01	0.00e+00	0.00e+00	0.00e+00	0.00e+00	0.00e+00	0.00e+00	3.62e-04	1.21e-04	5.43e-05
 2.41991e+16	5.89e-04	1.09e-01	8.90e-01	0.00e+00	0.00e+00	0.00e+00	0.00e+00	0.00e+00	0.00e+00	3.96e-04	1.33e-04	5.94e-05
 2.44812e+16	6.41e-04	1.14e-01	8.86e-01	0.00e+00	0.00e+00	0.00e+00	0.00e+00	0.00e+00	0.00e+00	4.32e-04	1.45e-04	6.47e-05
 2.47511e+16	6.98e-04	1.18e-01	8.81e-01	0.00e+00	0.00e+00	0.00e+00	0.00e+00	0.00e+00	0.00e+00	4.69e-04	1.58e-04	7.04e-05
 2.50211e+16	7.62e-04	1.23e-01	8.76e-01	0.00e+00	0.00e+00	0.00e+00	0.00e+00	0.00e+00	0.00e+00	5.13e-04	1.72e-04	7.68e-05
 2.52910e+16	8.35e-04	1.28e-01	8.71e-01	0.00e+00	0.00e+00	0.00e+00	0.00e+00	0.00e+00	0.00e+00	5.62e-04	1.89e-04	8.41e-05
 2.55610e+16	9.18e-04	1.34e-01	8.65e-01	0.00e+00	0.00e+00	0.00e+00	0.00e+00	0.00e+00	0.00e+00	6.18e-04	2.07e-04	9.23e-05
 2.58309e+16	1.01e-03	1.40e-01	8.59e-01	0.00e+00	0.00e+00	0.00e+00	0.00e+00	0.00e+00	0.00e+00	6.82e-04	2.29e-04	1.02e-04
 2.61009e+16	1.12e-03	1.47e-01	8.52e-01	0.00e+00	0.00e+00	0.00e+00	0.00e+00	0.00e+00	0.00e+00	7.56e-04	2.53e-04	1.13e-04
 2.63708e+16	1.25e-03	1.55e-01	8.44e-01	0.00e+00	0.00e+00	0.00e+00	0.00e+00	0.00e+00	0.00e+00	8.41e-04	2.82e-04	1.26e-04
 2.66408e+16	1.40e-03	1.63e-01	8.36e-01	0.00e+00	0.00e+00	0.00e+00	0.00e+00	0.00e+00	0.00e+00	9.44e-04	3.16e-04	1.41e-04
 2.68853e+16	1.57e-03	1.72e-01	8.27e-01	0.00e+00	0.00e+00	0.00e+00	0.00e+00	0.00e+00	0.00e+00	1.06e-03	3.55e-04	1.58e-04
