#depth	H	H+	H2
 3.06379e+11	1.12e-03	9.99e-01	4.17e-13
 1.83828e+12	1.12e-03	9.99e-01	4.17e-13
 7.96586e+12	1.12e-03	9.99e-01	4.18e-13
 3.24762e+13	1.12e-03	9.99e-01	4.21e-13
 7.75752e+13	1.12e-03	9.99e-01	4.24e-13
 1.36204e+14	1.11e-03	9.99e-01	4.29e-13
 2.12421e+14	1.11e-03	9.99e-01	4.37e-13
 3.11504e+14	1.11e-03	9.99e-01	4.49e-13
 4.40311e+14	1.12e-03	9.99e-01	4.66e-13
 6.07761e+14	1.13e-03	9.99e-01	4.90e-13
 8.25445e+14	1.15e-03	9.99e-01	5.25e-13
 1.10844e+15	1.19e-03	9.99e-01	5.76e-13
 1.47632e+15	1.25e-03	9.99e-01	6.51e-13
 1.95457e+15	1.34e-03	9.99e-01	7.65e-13
 2.57630e+15	1.48e-03	9.99e-01	9.41e-13
 3.38455e+15	1.70e-03	9.98e-01	1.22e-12
 4.22188e+15	1.95e-03	9.98e-01	1.57e-12
 4.78258e+15	2.12e-03	9.98e-01	1.86e-12
 5.10685e+15	2.25e-03	9.98e-01	2.04e-12
 5.43823e+15	2.40e-03	9.98e-01	2.24e-12
 5.86902e+15	2.60e-03	9.97e-01	2.51e-12
 6.31530e+15	2.82e-03	9.97e-01	2.82e-12
 6.69049e+15	3.03e-03	9.97e-01	3.11e-12
 7.08703e+15	3.27e-03	9.97e-01	3.40e-12
 7.50991e+15	3.53e-03	9.96e-01	3.75e-12
 7.87991e+15	3.79e-03	9.96e-01	4.08e-12
 8.22020e+15	4.04e-03	9.96e-01	4.38e-12
 8.60896e+15	4.36e-03	9.96e-01	4.72e-12
 9.02162e+15	4.73e-03	9.95e-01	5.13e-12
 9.37885e+15	5.07e-03	9.95e-01	5.51e-12
 9.70645e+15	5.41e-03	9.95e-01	5.84e-12
 1.00820e+16	5.84e-03	9.94e-01	6.19e-12
 1.04832e+16	6.35e-03	9.94e-01	6.65e-12
 1.08315e+16	6.83e-03	9.93e-01	7.08e-12
 1.11463e+16	7.31e-03	9.93e-01	7.44e-12
 1.15037e+16	7.90e-03	9.92e-01	7.74e-12
 1.18903e+16	8.63e-03	9.91e-01	8.23e-12
 1.22288e+16	9.36e-03	9.91e-01	8.73e-12
 1.25273e+16	1.01e-02	9.90e-01	9.13e-12
 1.28596e+16	1.09e-02	9.89e-01	9.44e-12
 1.32224e+16	1.20e-02	9.88e-01	9.92e-12
 1.35450e+16	1.32e-02	9.87e-01	1.05e-11
 1.38280e+16	1.43e-02	9.86e-01	1.10e-11
 1.41395e+16	1.57e-02	9.84e-01	1.13e-11
 1.44731e+16	1.75e-02	9.83e-01	1.19e-11
 1.47549e+16	1.93e-02	9.81e-01	1.26e-11
 1.49908e+16	2.11e-02	9.79e-01	1.32e-11
 1.52476e+16	2.32e-02	9.77e-01	1.37e-11
 1.55282e+16	2.61e-02	9.74e-01	1.46e-11
 1.57729e+16	2.92e-02	9.71e-01	1.56e-11
 1.59791e+16	3.24e-02	9.68e-01	1.66e-11
 1.62019e+16	3.63e-02	9.64e-01	1.76e-11
 1.64438e+16	4.18e-02	9.58e-01	1.92e-11
 1.66519e+16	4.77e-02	9.52e-01	2.12e-11
 1.68260e+16	5.39e-02	9.46e-01	2.32e-11
 1.70149e+16	6.21e-02	9.38e-01	2.56e-11
 1.72191e+16	7.37e-02	9.26e-01	2.95e-11
 1.73929e+16	8.64e-02	9.14e-01	3.39e-11
 1.75175e+16	9.81e-02	9.02e-01	3.83e-11
 1.76044e+16	1.08e-01	8.92e-01	4.19e-11
 1.76931e+16	1.19e-01	8.81e-01	4.59e-11
 1.77924e+16	1.33e-01	8.67e-01	5.14e-11
 1.78816e+16	1.49e-01	8.51e-01	5.75e-11
 1.79559e+16	1.64e-01	8.36e-01	6.36e-11
 1.80229e+16	1.79e-01	8.21e-01	6.98e-11
 1.80981e+16	1.98e-01	8.02e-01	7.78e-11
 1.81762e+16	2.21e-01	7.79e-01	8.79e-11
 1.82396e+16	2.41e-01	7.59e-01	9.75e-11
 1.82926e+16	2.60e-01	7.40e-01	1.07e-10
 1.83507e+16	2.83e-01	7.17e-01	1.18e-10
 1.84135e+16	3.09e-01	6.91e-01	1.31e-10
 1.84684e+16	3.34e-01	6.66e-01	1.45e-10
 1.85166e+16	3.57e-01	6.43e-01	1.59e-10
 1.85689e+16	3.84e-01	6.16e-01	1.75e-10
 1.86248e+16	4.13e-01	5.87e-01	1.94e-10
 1.86731e+16	4.41e-01	5.59e-01	2.13e-10
 1.87156e+16	4.64e-01	5.36e-01	2.30e-10
 1.87559e+16	4.87e-01	5.13e-01	2.48e-10
 1.87945e+16	5.10e-01	4.90e-01	2.68e-10
 1.88327e+16	5.32e-01	4.68e-01	2.87e-10
 1.88632e+16	5.50e-01	4.50e-01	3.04e-10
 1.88826e+16	5.61e-01	4.39e-01	3.15e-10
 1.89005e+16	5.71e-01	4.29e-01	3.25e-10
 1.89218e+16	5.84e-01	4.16e-01	3.39e-10
 1.89451e+16	5.97e-01	4.03e-01	3.54e-10
 1.89672e+16	6.10e-01	3.90e-01	3.69e-10
 1.89881e+16	6.22e-01	3.78e-01	3.83e-10
 1.90090e+16	6.34e-01	3.66e-01	3.98e-10
 1.90300e+16	6.46e-01	3.54e-01	4.14e-10
 1.90510e+16	6.58e-01	3.42e-01	4.31e-10
 1.90718e+16	6.69e-01	3.31e-01	4.47e-10
 1.90925e+16	6.80e-01	3.20e-01	4.65e-10
 1.91133e+16	6.92e-01	3.08e-01	4.84e-10
 1.91337e+16	7.02e-01	2.98e-01	5.02e-10
 1.91538e+16	7.13e-01	2.87e-01	5.21e-10
 1.91743e+16	7.23e-01	2.77e-01	5.42e-10
 1.91946e+16	7.33e-01	2.67e-01	5.62e-10
 1.92148e+16	7.43e-01	2.57e-01	5.84e-10
 1.92351e+16	7.53e-01	2.47e-01	6.08e-10
 1.92550e+16	7.63e-01	2.37e-01	6.31e-10
 1.92747e+16	7.72e-01	2.28e-01	6.54e-10
 1.92947e+16	7.81e-01	2.19e-01	6.81e-10
 1.93147e+16	7.89e-01	2.11e-01	7.05e-10
 1.93344e+16	7.98e-01	2.02e-01	7.34e-10
 1.93542e+16	8.06e-01	1.94e-01	7.64e-10
 1.93738e+16	8.14e-01	1.86e-01	7.93e-10
 1.93931e+16	8.21e-01	1.79e-01	8.22e-10
 1.94127e+16	8.29e-01	1.71e-01	8.56e-10
 1.94323e+16	8.36e-01	1.64e-01	8.92e-10
 1.94515e+16	8.43e-01	1.57e-01	9.27e-10
 1.94703e+16	8.50e-01	1.50e-01	9.61e-10
 1.94888e+16	8.56e-01	1.44e-01	1.00e-09
 1.95072e+16	8.62e-01	1.38e-01	1.04e-09
 1.95256e+16	8.67e-01	1.33e-01	1.08e-09
 1.95439e+16	8.73e-01	1.27e-01	1.13e-09
 1.95616e+16	8.78e-01	1.22e-01	1.17e-09
 1.95790e+16	8.83e-01	1.17e-01	1.22e-09
 1.95963e+16	8.88e-01	1.12e-01	1.27e-09
 1.96136e+16	8.92e-01	1.08e-01	1.32e-09
 1.96307e+16	8.97e-01	1.03e-01	1.37e-09
 1.96476e+16	9.01e-01	9.92e-02	1.43e-09
 1.96641e+16	9.05e-01	9.52e-02	1.49e-09
 1.96805e+16	9.09e-01	9.15e-02	1.55e-09
 1.96970e+16	9.12e-01	8.79e-02	1.60e-09
 1.97133e+16	9.16e-01	8.44e-02	1.67e-09
 1.97293e+16	9.19e-01	8.10e-02	1.75e-09
 1.97452e+16	9.22e-01	7.78e-02	1.82e-09
 1.97611e+16	9.25e-01	7.47e-02	1.91e-09
 1.97767e+16	9.28e-01	7.18e-02	1.99e-09
 1.97922e+16	9.31e-01	6.90e-02	2.09e-09
 1.98075e+16	9.34e-01	6.63e-02	2.18e-09
 1.98229e+16	9.36e-01	6.37e-02	2.29e-09
 1.98383e+16	9.39e-01	6.12e-02	2.41e-09
 1.98531e+16	9.41e-01	5.88e-02	2.53e-09
 1.98678e+16	9.43e-01	5.67e-02	2.64e-09
 1.98828e+16	9.46e-01	5.45e-02	2.78e-09
 1.98976e+16	9.48e-01	5.23e-02	2.94e-09
 1.99120e+16	9.50e-01	5.03e-02	3.11e-09
 1.99266e+16	9.52e-01	4.84e-02	3.26e-09
 1.99412e+16	9.53e-01	4.65e-02	3.46e-09
 1.99553e+16	9.55e-01	4.47e-02	3.68e-09
 1.99693e+16	9.57e-01	4.30e-02	3.92e-09
 1.99836e+16	9.59e-01	4.13e-02	4.17e-09
 1.99981e+16	9.60e-01	3.96e-02	4.45e-09
 2.00120e+16	9.62e-01	3.81e-02	4.77e-09
 2.00253e+16	9.63e-01	3.67e-02	5.10e-09
 2.00386e+16	9.65e-01	3.53e-02	5.50e-09
 2.00525e+16	9.66e-01	3.39e-02	5.96e-09
 2.00663e+16	9.67e-01	3.26e-02	6.49e-09
 2.00795e+16	9.69e-01	3.13e-02	7.07e-09
 2.00923e+16	9.70e-01	3.01e-02	7.74e-09
 2.01053e+16	9.71e-01	2.90e-02	8.53e-09
 2.01183e+16	9.72e-01	2.78e-02	9.48e-09
 2.01311e+16	9.73e-01	2.67e-02	1.06e-08
 2.01437e+16	9.74e-01	2.57e-02	1.19e-08
 2.01554e+16	9.75e-01	2.47e-02	1.34e-08
 2.01659e+16	9.76e-01	2.39e-02	1.50e-08
 2.01754e+16	9.77e-01	2.32e-02	1.67e-08
 2.01845e+16	9.77e-01	2.25e-02	1.87e-08
 2.01931e+16	9.78e-01	2.19e-02	2.10e-08
 2.02011e+16	9.79e-01	2.13e-02	2.36e-08
 2.02084e+16	9.79e-01	2.08e-02	2.63e-08
 2.02153e+16	9.80e-01	2.03e-02	2.94e-08
 2.02220e+16	9.80e-01	1.98e-02	3.28e-08
 2.02284e+16	9.81e-01	1.94e-02	3.67e-08
 2.02344e+16	9.81e-01	1.89e-02	4.10e-08
 2.02401e+16	9.81e-01	1.85e-02	4.58e-08
 2.02456e+16	9.82e-01	1.81e-02	5.11e-08
 2.02508e+16	9.82e-01	1.78e-02	5.74e-08
 2.02558e+16	9.83e-01	1.74e-02	6.35e-08
 2.02605e+16	9.83e-01	1.71e-02	7.02e-08
 2.02655e+16	9.83e-01	1.67e-02	7.85e-08
 2.02705e+16	9.84e-01	1.64e-02	8.75e-08
 2.02753e+16	9.84e-01	1.60e-02	9.71e-08
 2.02800e+16	9.84e-01	1.57e-02	1.07e-07
 2.02849e+16	9.85e-01	1.53e-02	1.18e-07
 2.02900e+16	9.85e-01	1.49e-02	1.30e-07
 2.02952e+16	9.85e-01	1.45e-02	1.42e-07
 2.03002e+16	9.86e-01	1.41e-02	1.52e-07
 2.03048e+16	9.86e-01	1.38e-02	1.61e-07
 2.03089e+16	9.87e-01	1.34e-02	1.67e-07
 2.03127e+16	9.87e-01	1.31e-02	1.72e-07
 2.03164e+16	9.87e-01	1.29e-02	1.77e-07
 2.03200e+16	9.87e-01	1.26e-02	1.81e-07
 2.03234e+16	9.88e-01	1.23e-02	1.84e-07
 2.03266e+16	9.88e-01	1.21e-02	1.87e-07
 2.03294e+16	9.88e-01	1.18e-02	1.90e-07
 2.03320e+16	9.88e-01	1.16e-02	1.92e-07
 2.03343e+16	9.89e-01	1.15e-02	1.94e-07
 2.03365e+16	9.89e-01	1.13e-02	1.96e-07
 2.03388e+16	9.89e-01	1.11e-02	1.98e-07
 2.03413e+16	9.89e-01	1.10e-02	2.01e-07
 2.03436e+16	9.89e-01	1.08e-02	2.03e-07
 2.03457e+16	9.89e-01	1.06e-02	2.06e-07
 2.03476e+16	9.89e-01	1.05e-02	2.07e-07
 2.03497e+16	9.90e-01	1.03e-02	2.10e-07
 2.03519e+16	9.90e-01	1.02e-02	2.13e-07
 2.03540e+16	9.90e-01	1.00e-02	2.16e-07
 2.03559e+16	9.90e-01	9.85e-03	2.18e-07
