#depth	He	He+	He+2
 3.06379e+11	1.13e-03	9.92e-01	6.51e-03
 1.83828e+12	1.13e-03	9.92e-01	6.50e-03
 7.96586e+12	1.14e-03	9.92e-01	6.46e-03
 3.24762e+13	1.14e-03	9.93e-01	6.22e-03
 7.75752e+13	1.14e-03	9.93e-01	6.05e-03
 1.36204e+14	1.15e-03	9.93e-01	5.66e-03
 2.12421e+14	1.16e-03	9.94e-01	5.07e-03
 3.11504e+14	1.18e-03	9.95e-01	4.30e-03
 4.40311e+14	1.19e-03	9.95e-01	3.39e-03
 6.07761e+14	1.22e-03	9.96e-01	2.44e-03
 8.25445e+14	1.25e-03	9.97e-01	1.56e-03
 1.10844e+15	1.30e-03	9.98e-01	8.64e-04
 1.47632e+15	1.36e-03	9.98e-01	4.00e-04
 1.95457e+15	1.45e-03	9.98e-01	1.49e-04
 2.57630e+15	1.57e-03	9.98e-01	4.26e-05
 3.38455e+15	1.75e-03	9.98e-01	9.00e-06
 4.22188e+15	1.94e-03	9.98e-01	1.81e-06
 4.78258e+15	2.07e-03	9.98e-01	6.74e-07
 5.10685e+15	2.16e-03	9.98e-01	3.96e-07
 5.43823e+15	2.26e-03	9.98e-01	2.30e-07
 5.86902e+15	2.39e-03	9.98e-01	1.17e-07
 6.31530e+15	2.53e-03	9.97e-01	6.10e-08
 6.69049e+15	2.66e-03	9.97e-01	3.62e-08
 7.08703e+15	2.81e-03	9.97e-01	2.10e-08
 7.50991e+15	2.97e-03	9.97e-01	1.23e-08
 7.87991e+15	3.12e-03	9.97e-01	7.84e-09
 8.22020e+15	3.26e-03	9.97e-01	5.27e-09
 8.60896e+15	3.44e-03	9.97e-01	3.37e-09
 9.02162e+15	3.64e-03	9.96e-01	2.19e-09
 9.37885e+15	3.82e-03	9.96e-01	1.54e-09
 9.70645e+15	4.00e-03	9.96e-01	1.13e-09
 1.00820e+16	4.22e-03	9.96e-01	7.93e-10
 1.04832e+16	4.46e-03	9.96e-01	5.66e-10
 1.08315e+16	4.69e-03	9.95e-01	4.31e-10
 1.11463e+16	4.92e-03	9.95e-01	3.40e-10
 1.15037e+16	5.19e-03	9.95e-01	2.63e-10
 1.18903e+16	5.51e-03	9.94e-01	2.05e-10
 1.22288e+16	5.82e-03	9.94e-01	1.68e-10
 1.25273e+16	6.11e-03	9.94e-01	1.42e-10
 1.28596e+16	6.47e-03	9.94e-01	1.20e-10
 1.32224e+16	6.90e-03	9.93e-01	1.02e-10
 1.35450e+16	7.33e-03	9.93e-01	8.93e-11
 1.38280e+16	7.75e-03	9.92e-01	8.07e-11
 1.41395e+16	8.27e-03	9.92e-01	7.29e-11
 1.44731e+16	8.89e-03	9.91e-01	6.67e-11
 1.47549e+16	9.51e-03	9.90e-01	6.28e-11
 1.49908e+16	1.01e-02	9.90e-01	6.03e-11
 1.52476e+16	1.08e-02	9.89e-01	5.80e-11
 1.55282e+16	1.17e-02	9.88e-01	5.65e-11
 1.57729e+16	1.27e-02	9.87e-01	5.60e-11
 1.59791e+16	1.36e-02	9.86e-01	5.59e-11
 1.62019e+16	1.48e-02	9.85e-01	5.66e-11
 1.64438e+16	1.63e-02	9.84e-01	5.78e-11
 1.66519e+16	1.80e-02	9.82e-01	6.08e-11
 1.68260e+16	1.97e-02	9.80e-01	6.27e-11
 1.70149e+16	2.19e-02	9.78e-01	6.72e-11
 1.72191e+16	2.49e-02	9.75e-01	7.22e-11
 1.73929e+16	2.81e-02	9.72e-01	8.39e-11
 1.75175e+16	3.10e-02	9.69e-01	9.24e-11
 1.76044e+16	3.34e-02	9.67e-01	9.99e-11
 1.76931e+16	3.62e-02	9.64e-01	1.09e-10
 1.77924e+16	3.99e-02	9.60e-01	1.22e-10
 1.78816e+16	4.37e-02	9.56e-01	1.37e-10
 1.79559e+16	4.76e-02	9.52e-01	1.51e-10
 1.80229e+16	5.15e-02	9.49e-01	1.68e-10
 1.80981e+16	5.66e-02	9.43e-01	1.91e-10
 1.81762e+16	6.27e-02	9.37e-01	2.21e-10
 1.82396e+16	6.85e-02	9.32e-01	2.50e-10
 1.82926e+16	7.40e-02	9.26e-01	2.78e-10
 1.83507e+16	8.10e-02	9.19e-01	3.15e-10
 1.84135e+16	8.91e-02	9.11e-01	3.67e-10
 1.84684e+16	9.74e-02	9.03e-01	4.17e-10
 1.85166e+16	1.06e-01	8.94e-01	4.67e-10
 1.85689e+16	1.16e-01	8.84e-01	5.32e-10
 1.86248e+16	1.27e-01	8.73e-01	6.20e-10
 1.86731e+16	1.39e-01	8.61e-01	6.97e-10
 1.87156e+16	1.50e-01	8.50e-01	7.84e-10
 1.87559e+16	1.61e-01	8.39e-01	8.71e-10
 1.87945e+16	1.74e-01	8.26e-01	9.59e-10
 1.88327e+16	1.86e-01	8.14e-01	1.07e-09
 1.88632e+16	1.97e-01	8.03e-01	1.15e-09
 1.88826e+16	2.04e-01	7.96e-01	1.21e-09
 1.89005e+16	2.11e-01	7.89e-01	1.26e-09
 1.89218e+16	2.20e-01	7.80e-01	1.33e-09
 1.89451e+16	2.30e-01	7.70e-01	1.41e-09
 1.89672e+16	2.39e-01	7.61e-01	1.49e-09
 1.89881e+16	2.49e-01	7.51e-01	1.57e-09
 1.90090e+16	2.59e-01	7.41e-01	1.65e-09
 1.90300e+16	2.69e-01	7.31e-01	1.74e-09
 1.90510e+16	2.80e-01	7.20e-01	1.83e-09
 1.90718e+16	2.90e-01	7.10e-01	1.93e-09
 1.90925e+16	3.01e-01	6.99e-01	2.02e-09
 1.91133e+16	3.13e-01	6.87e-01	2.12e-09
 1.91337e+16	3.24e-01	6.76e-01	2.22e-09
 1.91538e+16	3.36e-01	6.64e-01	2.33e-09
 1.91743e+16	3.48e-01	6.52e-01	2.43e-09
 1.91946e+16	3.60e-01	6.40e-01	2.54e-09
 1.92148e+16	3.73e-01	6.27e-01	2.65e-09
 1.92351e+16	3.86e-01	6.14e-01	2.77e-09
 1.92550e+16	3.99e-01	6.01e-01	2.88e-09
 1.92747e+16	4.12e-01	5.88e-01	3.00e-09
 1.92947e+16	4.26e-01	5.74e-01	3.11e-09
 1.93147e+16	4.40e-01	5.60e-01	3.24e-09
 1.93344e+16	4.54e-01	5.46e-01	3.36e-09
 1.93542e+16	4.68e-01	5.32e-01	3.48e-09
 1.93738e+16	4.82e-01	5.18e-01	3.60e-09
 1.93931e+16	4.96e-01	5.04e-01	3.73e-09
 1.94127e+16	5.10e-01	4.90e-01	3.85e-09
 1.94323e+16	5.25e-01	4.75e-01	3.97e-09
 1.94515e+16	5.39e-01	4.61e-01	4.09e-09
 1.94703e+16	5.53e-01	4.47e-01	4.21e-09
 1.94888e+16	5.66e-01	4.34e-01	4.32e-09
 1.95072e+16	5.80e-01	4.20e-01	4.42e-09
 1.95256e+16	5.94e-01	4.06e-01	4.53e-09
 1.95439e+16	6.07e-01	3.93e-01	4.64e-09
 1.95616e+16	6.20e-01	3.80e-01	4.74e-09
 1.95790e+16	6.33e-01	3.67e-01	4.84e-09
 1.95963e+16	6.46e-01	3.54e-01	4.92e-09
 1.96136e+16	6.58e-01	3.42e-01	5.02e-09
 1.96307e+16	6.70e-01	3.30e-01	5.11e-09
 1.96476e+16	6.82e-01	3.18e-01	5.19e-09
 1.96641e+16	6.93e-01	3.07e-01	5.26e-09
 1.96805e+16	7.04e-01	2.96e-01	5.33e-09
 1.96970e+16	7.15e-01	2.85e-01	5.41e-09
 1.97133e+16	7.26e-01	2.74e-01	5.48e-09
 1.97293e+16	7.36e-01	2.64e-01	5.53e-09
 1.97452e+16	7.46e-01	2.54e-01	5.59e-09
 1.97611e+16	7.56e-01	2.44e-01	5.64e-09
 1.97767e+16	7.66e-01	2.34e-01	5.69e-09
 1.97922e+16	7.75e-01	2.25e-01	5.74e-09
 1.98075e+16	7.84e-01	2.16e-01	5.77e-09
 1.98229e+16	7.92e-01	2.07e-01	5.81e-09
 1.98383e+16	8.01e-01	1.99e-01	5.85e-09
 1.98531e+16	8.09e-01	1.91e-01	5.86e-09
 1.98678e+16	8.16e-01	1.84e-01	5.90e-09
 1.98828e+16	8.24e-01	1.76e-01	5.92e-09
 1.98976e+16	8.31e-01	1.69e-01	5.94e-09
 1.99120e+16	8.38e-01	1.62e-01	5.93e-09
 1.99266e+16	8.45e-01	1.55e-01	5.96e-09
 1.99412e+16	8.51e-01	1.49e-01	5.97e-09
 1.99553e+16	8.57e-01	1.43e-01	5.97e-09
 1.99693e+16	8.63e-01	1.37e-01	5.95e-09
 1.99836e+16	8.69e-01	1.31e-01	5.95e-09
 1.99981e+16	8.75e-01	1.25e-01	5.94e-09
 2.00120e+16	8.80e-01	1.20e-01	5.96e-09
 2.00253e+16	8.85e-01	1.15e-01	5.94e-09
 2.00386e+16	8.90e-01	1.10e-01	5.91e-09
 2.00525e+16	8.94e-01	1.06e-01	5.89e-09
 2.00663e+16	8.99e-01	1.01e-01	5.88e-09
 2.00795e+16	9.03e-01	9.69e-02	5.86e-09
 2.00923e+16	9.07e-01	9.29e-02	5.83e-09
 2.01053e+16	9.11e-01	8.90e-02	5.80e-09
 2.01183e+16	9.15e-01	8.52e-02	5.76e-09
 2.01311e+16	9.18e-01	8.17e-02	5.73e-09
 2.01437e+16	9.22e-01	7.84e-02	5.71e-09
 2.01554e+16	9.25e-01	7.53e-02	5.66e-09
 2.01659e+16	9.27e-01	7.27e-02	5.62e-09
 2.01754e+16	9.30e-01	7.04e-02	5.59e-09
 2.01845e+16	9.32e-01	6.82e-02	5.54e-09
 2.01931e+16	9.34e-01	6.62e-02	5.50e-09
 2.02011e+16	9.36e-01	6.44e-02	5.45e-09
 2.02084e+16	9.37e-01	6.28e-02	5.41e-09
 2.02153e+16	9.39e-01	6.12e-02	5.37e-09
 2.02220e+16	9.40e-01	5.98e-02	5.33e-09
 2.02284e+16	9.42e-01	5.84e-02	5.29e-09
 2.02344e+16	9.43e-01	5.72e-02	5.25e-09
 2.02401e+16	9.44e-01	5.60e-02	5.21e-09
 2.02456e+16	9.45e-01	5.49e-02	5.17e-09
 2.02508e+16	9.46e-01	5.39e-02	5.12e-09
 2.02558e+16	9.47e-01	5.29e-02	5.09e-09
 2.02605e+16	9.48e-01	5.20e-02	5.05e-09
 2.02655e+16	9.49e-01	5.10e-02	5.01e-09
 2.02705e+16	9.50e-01	5.01e-02	4.97e-09
 2.02753e+16	9.51e-01	4.92e-02	4.93e-09
 2.02800e+16	9.52e-01	4.83e-02	4.88e-09
 2.02849e+16	9.53e-01	4.74e-02	4.83e-09
 2.02900e+16	9.54e-01	4.65e-02	4.78e-09
 2.02952e+16	9.54e-01	4.55e-02	4.73e-09
 2.03002e+16	9.55e-01	4.47e-02	4.67e-09
 2.03048e+16	9.56e-01	4.39e-02	4.62e-09
 2.03089e+16	9.57e-01	4.31e-02	4.57e-09
 2.03127e+16	9.58e-01	4.25e-02	4.51e-09
 2.03164e+16	9.58e-01	4.18e-02	4.47e-09
 2.03200e+16	9.59e-01	4.12e-02	4.41e-09
 2.03234e+16	9.59e-01	4.06e-02	4.36e-09
 2.03266e+16	9.60e-01	4.00e-02	4.32e-09
 2.03294e+16	9.60e-01	3.95e-02	4.27e-09
 2.03320e+16	9.61e-01	3.90e-02	4.22e-09
 2.03343e+16	9.61e-01	3.86e-02	4.18e-09
 2.03365e+16	9.62e-01	3.83e-02	4.16e-09
 2.03388e+16	9.62e-01	3.78e-02	4.11e-09
 2.03413e+16	9.63e-01	3.74e-02	4.07e-09
 2.03436e+16	9.63e-01	3.70e-02	4.03e-09
 2.03457e+16	9.63e-01	3.66e-02	4.00e-09
 2.03476e+16	9.64e-01	3.63e-02	3.97e-09
 2.03497e+16	9.64e-01	3.59e-02	3.93e-09
 2.03519e+16	9.65e-01	3.55e-02	3.89e-09
 2.03540e+16	9.65e-01	3.51e-02	3.85e-09
 2.03559e+16	9.65e-01	3.49e-02	3.84e-09
