#depth	He	He+	He+2
 9.12340e+10	1.10e-03	4.25e-01	5.73e-01
 5.47404e+11	1.10e-03	4.25e-01	5.73e-01
 2.37208e+12	1.10e-03	4.26e-01	5.73e-01
 9.67081e+12	1.11e-03	4.28e-01	5.71e-01
 2.31005e+13	1.12e-03	4.31e-01	5.68e-01
 4.05590e+13	1.12e-03	4.35e-01	5.64e-01
 6.32551e+13	1.14e-03	4.40e-01	5.59e-01
 9.27600e+13	1.15e-03	4.47e-01	5.51e-01
 1.31116e+14	1.18e-03	4.57e-01	5.41e-01
 1.80980e+14	1.21e-03	4.71e-01	5.28e-01
 2.45802e+14	1.25e-03	4.89e-01	5.09e-01
 3.30071e+14	1.31e-03	5.14e-01	4.84e-01
 4.39621e+14	1.39e-03	5.48e-01	4.50e-01
 5.82036e+14	1.50e-03	5.94e-01	4.04e-01
 7.67175e+14	1.64e-03	6.54e-01	3.44e-01
 1.00786e+15	1.82e-03	7.30e-01	2.68e-01
 1.26650e+15	1.98e-03	8.02e-01	1.96e-01
 1.50205e+15	2.11e-03	8.57e-01	1.41e-01
 1.76178e+15	2.25e-03	9.04e-01	9.38e-02
 2.09944e+15	2.38e-03	9.44e-01	5.34e-02
 2.40481e+15	2.46e-03	9.66e-01	3.16e-02
 2.64529e+15	2.52e-03	9.77e-01	2.07e-02
 2.90982e+15	2.59e-03	9.84e-01	1.29e-02
 3.20080e+15	2.65e-03	9.90e-01	7.75e-03
 3.52088e+15	2.71e-03	9.93e-01	4.45e-03
 3.87297e+15	2.78e-03	9.95e-01	2.44e-03
 4.26026e+15	2.86e-03	9.96e-01	1.28e-03
 4.68629e+15	2.94e-03	9.96e-01	6.37e-04
 5.15492e+15	3.04e-03	9.97e-01	3.04e-04
 5.67041e+15	3.15e-03	9.97e-01	1.39e-04
 6.23745e+15	3.28e-03	9.97e-01	6.05e-05
 6.86120e+15	3.44e-03	9.97e-01	2.53e-05
 7.54732e+15	3.63e-03	9.96e-01	1.03e-05
 8.30205e+15	3.88e-03	9.96e-01	4.09e-06
 9.03777e+15	4.16e-03	9.96e-01	1.80e-06
 9.66063e+15	4.43e-03	9.96e-01	9.62e-07
 1.02064e+16	4.71e-03	9.95e-01	5.85e-07
 1.08119e+16	5.07e-03	9.95e-01	3.52e-07
 1.14529e+16	5.52e-03	9.94e-01	2.18e-07
 1.19834e+16	5.98e-03	9.94e-01	1.51e-07
 1.24061e+16	6.40e-03	9.94e-01	1.16e-07
 1.28455e+16	6.89e-03	9.93e-01	8.84e-08
 1.33334e+16	7.53e-03	9.92e-01	6.74e-08
 1.37826e+16	8.25e-03	9.92e-01	5.36e-08
 1.41909e+16	9.00e-03	9.91e-01	4.41e-08
 1.46393e+16	9.92e-03	9.90e-01	3.58e-08
 1.51108e+16	1.11e-02	9.89e-01	2.95e-08
 1.55018e+16	1.23e-02	9.88e-01	2.55e-08
 1.58147e+16	1.34e-02	9.87e-01	2.26e-08
 1.61038e+16	1.44e-02	9.86e-01	2.03e-08
 1.64099e+16	1.56e-02	9.84e-01	1.82e-08
 1.67456e+16	1.72e-02	9.83e-01	1.60e-08
 1.71116e+16	1.91e-02	9.81e-01	1.41e-08
 1.75222e+16	2.16e-02	9.78e-01	1.23e-08
 1.79994e+16	2.50e-02	9.75e-01	1.05e-08
 1.84964e+16	2.99e-02	9.70e-01	8.96e-09
 1.89200e+16	3.56e-02	9.64e-01	7.89e-09
 1.92483e+16	4.14e-02	9.59e-01	7.16e-09
 1.95268e+16	4.71e-02	9.53e-01	6.60e-09
 1.98357e+16	5.39e-02	9.46e-01	6.02e-09
 2.02373e+16	6.49e-02	9.35e-01	5.37e-09
 2.06312e+16	8.16e-02	9.18e-01	4.81e-09
 2.08954e+16	9.74e-02	9.03e-01	4.46e-09
 2.10682e+16	1.09e-01	8.91e-01	4.24e-09
 2.12416e+16	1.22e-01	8.78e-01	4.02e-09
 2.14672e+16	1.40e-01	8.60e-01	3.75e-09
 2.17603e+16	1.70e-01	8.30e-01	3.41e-09
 2.20430e+16	2.13e-01	7.87e-01	3.06e-09
 2.22281e+16	2.52e-01	7.48e-01	2.82e-09
 2.23531e+16	2.81e-01	7.19e-01	2.64e-09
 2.24839e+16	3.13e-01	6.87e-01	2.47e-09
 2.26539e+16	3.60e-01	6.40e-01	2.23e-09
 2.28460e+16	4.26e-01	5.74e-01	1.94e-09
 2.30207e+16	5.01e-01	4.99e-01	1.64e-09
 2.31667e+16	5.69e-01	4.31e-01	1.38e-09
 2.33216e+16	6.40e-01	3.60e-01	1.12e-09
 2.35230e+16	7.29e-01	2.71e-01	8.18e-10
 2.37847e+16	8.31e-01	1.69e-01	4.94e-10
 2.40921e+16	9.17e-01	8.32e-02	2.34e-10
 2.43890e+16	9.64e-01	3.65e-02	9.94e-11
 2.46437e+16	9.83e-01	1.75e-02	4.64e-11
 2.48678e+16	9.91e-01	9.24e-03	2.41e-11
 2.50785e+16	9.95e-01	5.14e-03	1.32e-11
 2.52848e+16	9.97e-01	2.92e-03	7.37e-12
 2.54914e+16	9.98e-01	1.68e-03	4.17e-12
 2.57005e+16	9.99e-01	9.67e-04	2.37e-12
 2.59135e+16	9.99e-01	5.58e-04	1.34e-12
 2.61314e+16	1.00e+00	3.23e-04	7.66e-13
 2.63550e+16	1.00e+00	1.87e-04	4.37e-13
 2.65850e+16	1.00e+00	1.09e-04	2.51e-13
 2.68218e+16	1.00e+00	6.44e-05	1.46e-13
 2.70657e+16	1.00e+00	3.90e-05	8.71e-14
 2.73167e+16	1.00e+00	2.46e-05	5.42e-14
 2.75747e+16	1.00e+00	1.65e-05	3.57e-14
 2.78394e+16	1.00e+00	1.19e-05	2.53e-14
 2.81104e+16	1.00e+00	9.22e-06	1.94e-14
 2.83868e+16	1.00e+00	7.64e-06	1.58e-14
 2.86684e+16	1.00e+00	6.66e-06	1.36e-14
 2.89541e+16	1.00e+00	6.02e-06	1.22e-14
 2.92383e+16	1.00e+00	5.58e-06	1.11e-14
 2.95216e+16	1.00e+00	5.24e-06	1.03e-14
 2.98111e+16	1.00e+00	4.97e-06	9.70e-15
 3.01052e+16	1.00e+00	4.73e-06	9.15e-15
 3.03969e+16	1.00e+00	4.53e-06	8.69e-15
 3.06835e+16	1.00e+00	4.35e-06	8.29e-15
 3.09658e+16	1.00e+00	4.19e-06	7.94e-15
 3.12440e+16	1.00e+00	4.05e-06	7.63e-15
 3.15178e+16	1.00e+00	3.92e-06	7.36e-15
 3.17871e+16	1.00e+00	3.80e-06	7.12e-15
 3.20516e+16	1.00e+00	3.69e-06	6.90e-15
 3.23115e+16	1.00e+00	3.60e-06	6.72e-15
 3.25672e+16	1.00e+00	3.51e-06	6.55e-15
 3.28197e+16	1.00e+00	3.44e-06	6.41e-15
 3.30702e+16	1.00e+00	3.37e-06	6.29e-15
 3.33197e+16	1.00e+00	3.31e-06	6.18e-15
 3.35703e+16	1.00e+00	3.26e-06	6.09e-15
 3.38249e+16	1.00e+00	3.21e-06	6.01e-15
 3.40877e+16	1.00e+00	3.17e-06	5.92e-15
 3.43661e+16	1.00e+00	3.12e-06	5.83e-15
 3.46741e+16	1.00e+00	3.07e-06	5.70e-15
 3.50148e+16	1.00e+00	3.00e-06	5.48e-15
 3.53075e+16	1.00e+00	2.89e-06	5.22e-15
