#depth	O	O+	O+2	O+3	O+4	O+5	O+6	O+7	O+8	O[1]	O[2]	O[3]
 9.12340e+10	1.76e-05	1.19e-02	5.29e-01	4.56e-01	3.30e-03	0.00e+00	0.00e+00	0.00e+00	0.00e+00	1.55e-05	1.31e-06	8.13e-07
 5.47404e+11	1.76e-05	1.19e-02	5.29e-01	4.56e-01	3.29e-03	0.00e+00	0.00e+00	0.00e+00	0.00e+00	1.55e-05	1.31e-06	8.11e-07
 2.37208e+12	1.76e-05	1.19e-02	5.30e-01	4.55e-01	3.28e-03	0.00e+00	0.00e+00	0.00e+00	0.00e+00	1.55e-05	1.31e-06	8.14e-07
 9.67081e+12	1.77e-05	1.20e-02	5.33e-01	4.52e-01	3.22e-03	0.00e+00	0.00e+00	0.00e+00	0.00e+00	1.56e-05	1.32e-06	8.20e-07
 2.31005e+13	1.76e-05	1.21e-02	5.37e-01	4.48e-01	3.13e-03	0.00e+00	0.00e+00	0.00e+00	0.00e+00	1.55e-05	1.31e-06	8.19e-07
 4.05590e+13	1.76e-05	1.21e-02	5.42e-01	4.43e-01	3.03e-03	0.00e+00	0.00e+00	0.00e+00	0.00e+00	1.54e-05	1.31e-06	8.16e-07
 6.32551e+13	1.76e-05	1.22e-02	5.49e-01	4.36e-01	2.90e-03	0.00e+00	0.00e+00	0.00e+00	0.00e+00	1.55e-05	1.30e-06	8.17e-07
 9.27600e+13	1.77e-05	1.24e-02	5.58e-01	4.27e-01	2.74e-03	0.00e+00	0.00e+00	0.00e+00	0.00e+00	1.56e-05	1.31e-06	8.20e-07
 1.31116e+14	1.77e-05	1.26e-02	5.70e-01	4.15e-01	2.54e-03	0.00e+00	0.00e+00	0.00e+00	0.00e+00	1.56e-05	1.31e-06	8.23e-07
 1.80980e+14	1.79e-05	1.29e-02	5.85e-01	4.00e-01	2.29e-03	0.00e+00	0.00e+00	0.00e+00	0.00e+00	1.58e-05	1.32e-06	8.30e-07
 2.45802e+14	1.82e-05	1.33e-02	6.05e-01	3.79e-01	2.01e-03	0.00e+00	0.00e+00	0.00e+00	0.00e+00	1.60e-05	1.33e-06	8.42e-07
 3.30071e+14	1.85e-05	1.38e-02	6.31e-01	3.53e-01	1.69e-03	0.00e+00	0.00e+00	0.00e+00	0.00e+00	1.63e-05	1.35e-06	8.57e-07
 4.39621e+14	1.91e-05	1.45e-02	6.64e-01	3.20e-01	1.33e-03	0.00e+00	0.00e+00	0.00e+00	0.00e+00	1.68e-05	1.39e-06	8.85e-07
 5.82036e+14	2.00e-05	1.54e-02	7.07e-01	2.77e-01	9.67e-04	0.00e+00	0.00e+00	0.00e+00	0.00e+00	1.76e-05	1.45e-06	9.25e-07
 7.67175e+14	2.11e-05	1.66e-02	7.58e-01	2.25e-01	6.24e-04	0.00e+00	0.00e+00	0.00e+00	0.00e+00	1.86e-05	1.53e-06	9.76e-07
 1.00786e+15	2.25e-05	1.81e-02	8.16e-01	1.65e-01	3.39e-04	0.00e+00	0.00e+00	0.00e+00	0.00e+00	1.98e-05	1.63e-06	1.05e-06
 1.26650e+15	2.37e-05	1.94e-02	8.66e-01	1.14e-01	1.69e-04	0.00e+00	0.00e+00	0.00e+00	0.00e+00	2.08e-05	1.72e-06	1.10e-06
 1.50205e+15	2.48e-05	2.07e-02	9.00e-01	7.88e-02	8.58e-05	0.00e+00	0.00e+00	0.00e+00	0.00e+00	2.18e-05	1.79e-06	1.16e-06
 1.76178e+15	2.65e-05	2.21e-02	9.28e-01	5.02e-02	3.84e-05	0.00e+00	0.00e+00	0.00e+00	0.00e+00	2.34e-05	1.91e-06	1.24e-06
 2.09944e+15	2.86e-05	2.38e-02	9.49e-01	2.72e-02	1.30e-05	0.00e+00	0.00e+00	0.00e+00	0.00e+00	2.52e-05	2.05e-06	1.33e-06
 2.40481e+15	2.96e-05	2.52e-02	9.59e-01	1.58e-02	5.08e-06	0.00e+00	0.00e+00	0.00e+00	0.00e+00	2.61e-05	2.10e-06	1.37e-06
 2.64529e+15	3.09e-05	2.64e-02	9.63e-01	1.01e-02	2.33e-06	0.00e+00	0.00e+00	0.00e+00	0.00e+00	2.73e-05	2.18e-06	1.43e-06
 2.90982e+15	3.23e-05	2.77e-02	9.66e-01	6.19e-03	9.92e-07	0.00e+00	0.00e+00	0.00e+00	0.00e+00	2.85e-05	2.27e-06	1.49e-06
 3.20080e+15	3.39e-05	2.93e-02	9.67e-01	3.63e-03	3.92e-07	0.00e+00	0.00e+00	0.00e+00	0.00e+00	2.99e-05	2.37e-06	1.56e-06
 3.52088e+15	3.56e-05	3.10e-02	9.67e-01	2.04e-03	1.43e-07	0.00e+00	0.00e+00	0.00e+00	0.00e+00	3.15e-05	2.48e-06	1.64e-06
 3.87297e+15	3.76e-05	3.29e-02	9.66e-01	1.10e-03	0.00e+00	0.00e+00	0.00e+00	0.00e+00	0.00e+00	3.33e-05	2.60e-06	1.73e-06
 4.26026e+15	3.99e-05	3.52e-02	9.64e-01	5.66e-04	0.00e+00	0.00e+00	0.00e+00	0.00e+00	0.00e+00	3.53e-05	2.75e-06	1.84e-06
 4.68629e+15	4.26e-05	3.78e-02	9.62e-01	2.81e-04	0.00e+00	0.00e+00	0.00e+00	0.00e+00	0.00e+00	3.78e-05	2.93e-06	1.96e-06
 5.15492e+15	4.59e-05	4.10e-02	9.59e-01	1.34e-04	0.00e+00	0.00e+00	0.00e+00	0.00e+00	0.00e+00	4.07e-05	3.14e-06	2.11e-06
 5.67041e+15	5.01e-05	4.49e-02	9.55e-01	6.21e-05	0.00e+00	0.00e+00	0.00e+00	0.00e+00	0.00e+00	4.44e-05	3.41e-06	2.30e-06
 6.23745e+15	5.52e-05	4.97e-02	9.50e-01	2.81e-05	0.00e+00	0.00e+00	0.00e+00	0.00e+00	0.00e+00	4.89e-05	3.75e-06	2.54e-06
 6.86120e+15	6.19e-05	5.57e-02	9.44e-01	1.25e-05	0.00e+00	0.00e+00	0.00e+00	0.00e+00	0.00e+00	5.49e-05	4.21e-06	2.85e-06
 7.54732e+15	7.10e-05	6.36e-02	9.36e-01	5.49e-06	0.00e+00	0.00e+00	0.00e+00	0.00e+00	0.00e+00	6.29e-05	4.81e-06	3.28e-06
 8.30205e+15	8.37e-05	7.42e-02	9.26e-01	2.43e-06	0.00e+00	0.00e+00	0.00e+00	0.00e+00	0.00e+00	7.42e-05	5.67e-06	3.86e-06
 9.03777e+15	9.95e-05	8.74e-02	9.12e-01	1.19e-06	0.00e+00	0.00e+00	0.00e+00	0.00e+00	0.00e+00	8.82e-05	6.73e-06	4.60e-06
 9.66063e+15	1.17e-04	1.02e-01	8.98e-01	6.90e-07	0.00e+00	0.00e+00	0.00e+00	0.00e+00	0.00e+00	1.04e-04	7.91e-06	5.42e-06
 1.02064e+16	1.37e-04	1.17e-01	8.83e-01	4.39e-07	0.00e+00	0.00e+00	0.00e+00	0.00e+00	0.00e+00	1.21e-04	9.24e-06	6.34e-06
 1.08119e+16	1.65e-04	1.37e-01	8.62e-01	2.71e-07	0.00e+00	0.00e+00	0.00e+00	0.00e+00	0.00e+00	1.46e-04	1.12e-05	7.65e-06
 1.14529e+16	2.04e-04	1.66e-01	8.34e-01	1.70e-07	0.00e+00	0.00e+00	0.00e+00	0.00e+00	0.00e+00	1.81e-04	1.38e-05	9.48e-06
 1.19834e+16	2.48e-04	1.97e-01	8.03e-01	0.00e+00	0.00e+00	0.00e+00	0.00e+00	0.00e+00	0.00e+00	2.19e-04	1.68e-05	1.15e-05
 1.24061e+16	2.92e-04	2.28e-01	7.72e-01	0.00e+00	0.00e+00	0.00e+00	0.00e+00	0.00e+00	0.00e+00	2.58e-04	1.99e-05	1.36e-05
 1.28455e+16	3.48e-04	2.65e-01	7.35e-01	0.00e+00	0.00e+00	0.00e+00	0.00e+00	0.00e+00	0.00e+00	3.08e-04	2.38e-05	1.62e-05
 1.33334e+16	4.25e-04	3.16e-01	6.84e-01	0.00e+00	0.00e+00	0.00e+00	0.00e+00	0.00e+00	0.00e+00	3.75e-04	2.94e-05	1.99e-05
 1.37826e+16	5.13e-04	3.75e-01	6.25e-01	0.00e+00	0.00e+00	0.00e+00	0.00e+00	0.00e+00	0.00e+00	4.53e-04	3.60e-05	2.43e-05
 1.41909e+16	6.10e-04	4.38e-01	5.62e-01	0.00e+00	0.00e+00	0.00e+00	0.00e+00	0.00e+00	0.00e+00	5.37e-04	4.34e-05	2.91e-05
 1.46393e+16	7.28e-04	5.14e-01	4.85e-01	0.00e+00	0.00e+00	0.00e+00	0.00e+00	0.00e+00	0.00e+00	6.40e-04	5.29e-05	3.52e-05
 1.51108e+16	8.68e-04	6.06e-01	3.93e-01	0.00e+00	0.00e+00	0.00e+00	0.00e+00	0.00e+00	0.00e+00	7.61e-04	6.48e-05	4.27e-05
 1.55018e+16	9.93e-04	6.87e-01	3.12e-01	0.00e+00	0.00e+00	0.00e+00	0.00e+00	0.00e+00	0.00e+00	8.68e-04	7.59e-05	4.95e-05
 1.58147e+16	1.09e-03	7.48e-01	2.51e-01	0.00e+00	0.00e+00	0.00e+00	0.00e+00	0.00e+00	0.00e+00	9.52e-04	8.52e-05	5.52e-05
 1.61038e+16	1.18e-03	8.00e-01	1.99e-01	0.00e+00	0.00e+00	0.00e+00	0.00e+00	0.00e+00	0.00e+00	1.02e-03	9.35e-05	6.01e-05
 1.64099e+16	1.26e-03	8.46e-01	1.53e-01	0.00e+00	0.00e+00	0.00e+00	0.00e+00	0.00e+00	0.00e+00	1.10e-03	1.02e-04	6.51e-05
 1.67456e+16	1.35e-03	8.88e-01	1.11e-01	0.00e+00	0.00e+00	0.00e+00	0.00e+00	0.00e+00	0.00e+00	1.17e-03	1.11e-04	7.02e-05
 1.71116e+16	1.43e-03	9.23e-01	7.60e-02	0.00e+00	0.00e+00	0.00e+00	0.00e+00	0.00e+00	0.00e+00	1.24e-03	1.20e-04	7.53e-05
 1.75222e+16	1.52e-03	9.50e-01	4.88e-02	0.00e+00	0.00e+00	0.00e+00	0.00e+00	0.00e+00	0.00e+00	1.31e-03	1.29e-04	8.05e-05
 1.79994e+16	1.61e-03	9.70e-01	2.87e-02	0.00e+00	0.00e+00	0.00e+00	0.00e+00	0.00e+00	0.00e+00	1.39e-03	1.39e-04	8.62e-05
 1.84964e+16	1.71e-03	9.82e-01	1.60e-02	0.00e+00	0.00e+00	0.00e+00	0.00e+00	0.00e+00	0.00e+00	1.47e-03	1.50e-04	9.22e-05
 1.89200e+16	1.81e-03	9.89e-01	9.56e-03	0.00e+00	0.00e+00	0.00e+00	0.00e+00	0.00e+00	0.00e+00	1.55e-03	1.60e-04	9.77e-05
 1.92483e+16	1.89e-03	9.92e-01	6.39e-03	0.00e+00	0.00e+00	0.00e+00	0.00e+00	0.00e+00	0.00e+00	1.62e-03	1.68e-04	1.02e-04
 1.95268e+16	1.96e-03	9.93e-01	4.56e-03	0.00e+00	0.00e+00	0.00e+00	0.00e+00	0.00e+00	0.00e+00	1.68e-03	1.75e-04	1.06e-04
 1.98357e+16	2.04e-03	9.95e-01	3.17e-03	0.00e+00	0.00e+00	0.00e+00	0.00e+00	0.00e+00	0.00e+00	1.74e-03	1.83e-04	1.11e-04
 2.02373e+16	2.13e-03	9.96e-01	1.99e-03	0.00e+00	0.00e+00	0.00e+00	0.00e+00	0.00e+00	0.00e+00	1.82e-03	1.94e-04	1.16e-04
 2.06312e+16	2.25e-03	9.97e-01	1.21e-03	0.00e+00	0.00e+00	0.00e+00	0.00e+00	0.00e+00	0.00e+00	1.92e-03	2.06e-04	1.23e-04
 2.08954e+16	2.34e-03	9.97e-01	8.59e-04	0.00e+00	0.00e+00	0.00e+00	0.00e+00	0.00e+00	0.00e+00	2.00e-03	2.15e-04	1.28e-04
 2.10682e+16	2.40e-03	9.97e-01	6.86e-04	0.00e+00	0.00e+00	0.00e+00	0.00e+00	0.00e+00	0.00e+00	2.05e-03	2.21e-04	1.32e-04
 2.12416e+16	2.45e-03	9.97e-01	5.52e-04	0.00e+00	0.00e+00	0.00e+00	0.00e+00	0.00e+00	0.00e+00	2.08e-03	2.27e-04	1.34e-04
 2.14672e+16	2.50e-03	9.97e-01	4.16e-04	0.00e+00	0.00e+00	0.00e+00	0.00e+00	0.00e+00	0.00e+00	2.13e-03	2.34e-04	1.38e-04
 2.17603e+16	2.56e-03	9.97e-01	2.86e-04	0.00e+00	0.00e+00	0.00e+00	0.00e+00	0.00e+00	0.00e+00	2.18e-03	2.43e-04	1.43e-04
 2.20430e+16	2.65e-03	9.97e-01	1.93e-04	0.00e+00	0.00e+00	0.00e+00	0.00e+00	0.00e+00	0.00e+00	2.25e-03	2.53e-04	1.48e-04
 2.22281e+16	2.71e-03	9.97e-01	1.47e-04	0.00e+00	0.00e+00	0.00e+00	0.00e+00	0.00e+00	0.00e+00	2.30e-03	2.60e-04	1.51e-04
 2.23531e+16	2.74e-03	9.97e-01	1.22e-04	0.00e+00	0.00e+00	0.00e+00	0.00e+00	0.00e+00	0.00e+00	2.32e-03	2.64e-04	1.54e-04
 2.24839e+16	2.76e-03	9.97e-01	1.00e-04	0.00e+00	0.00e+00	0.00e+00	0.00e+00	0.00e+00	0.00e+00	2.34e-03	2.68e-04	1.55e-04
 2.26539e+16	2.78e-03	9.97e-01	7.71e-05	0.00e+00	0.00e+00	0.00e+00	0.00e+00	0.00e+00	0.00e+00	2.35e-03	2.72e-04	1.57e-04
 2.28460e+16	2.82e-03	9.97e-01	5.63e-05	0.00e+00	0.00e+00	0.00e+00	0.00e+00	0.00e+00	0.00e+00	2.38e-03	2.77e-04	1.60e-04
 2.30207e+16	2.84e-03	9.97e-01	4.13e-05	0.00e+00	0.00e+00	0.00e+00	0.00e+00	0.00e+00	0.00e+00	2.40e-03	2.82e-04	1.62e-04
 2.31667e+16	2.86e-03	9.97e-01	3.13e-05	0.00e+00	0.00e+00	0.00e+00	0.00e+00	0.00e+00	0.00e+00	2.41e-03	2.85e-04	1.63e-04
 2.33216e+16	2.87e-03	9.97e-01	2.33e-05	0.00e+00	0.00e+00	0.00e+00	0.00e+00	0.00e+00	0.00e+00	2.41e-03	2.88e-04	1.65e-04
 2.35230e+16	2.87e-03	9.97e-01	1.56e-05	0.00e+00	0.00e+00	0.00e+00	0.00e+00	0.00e+00	0.00e+00	2.41e-03	2.92e-04	1.66e-04
 2.37847e+16	2.86e-03	9.97e-01	9.07e-06	0.00e+00	0.00e+00	0.00e+00	0.00e+00	0.00e+00	0.00e+00	2.40e-03	2.96e-04	1.67e-04
 2.40921e+16	2.85e-03	9.97e-01	4.65e-06	0.00e+00	0.00e+00	0.00e+00	0.00e+00	0.00e+00	0.00e+00	2.38e-03	3.02e-04	1.69e-04
 2.43890e+16	2.85e-03	9.97e-01	2.40e-06	0.00e+00	0.00e+00	0.00e+00	0.00e+00	0.00e+00	0.00e+00	2.37e-03	3.09e-04	1.72e-04
 2.46437e+16	2.85e-03	9.97e-01	1.37e-06	0.00e+00	0.00e+00	0.00e+00	0.00e+00	0.00e+00	0.00e+00	2.36e-03	3.14e-04	1.74e-04
 2.48678e+16	2.85e-03	9.97e-01	8.52e-07	0.00e+00	0.00e+00	0.00e+00	0.00e+00	0.00e+00	0.00e+00	2.36e-03	3.16e-04	1.76e-04
 2.50785e+16	2.84e-03	9.97e-01	5.51e-07	0.00e+00	0.00e+00	0.00e+00	0.00e+00	0.00e+00	0.00e+00	2.35e-03	3.18e-04	1.78e-04
 2.52848e+16	2.84e-03	9.97e-01	3.63e-07	0.00e+00	0.00e+00	0.00e+00	0.00e+00	0.00e+00	0.00e+00	2.34e-03	3.20e-04	1.80e-04
 2.54914e+16	2.83e-03	9.97e-01	2.41e-07	0.00e+00	0.00e+00	0.00e+00	0.00e+00	0.00e+00	0.00e+00	2.33e-03	3.21e-04	1.82e-04
 2.57005e+16	2.82e-03	9.97e-01	1.61e-07	0.00e+00	0.00e+00	0.00e+00	0.00e+00	0.00e+00	0.00e+00	2.31e-03	3.23e-04	1.83e-04
 2.59135e+16	2.81e-03	9.97e-01	1.08e-07	0.00e+00	0.00e+00	0.00e+00	0.00e+00	0.00e+00	0.00e+00	2.30e-03	3.25e-04	1.85e-04
 2.61314e+16	2.81e-03	9.97e-01	7.30e-08	0.00e+00	0.00e+00	0.00e+00	0.00e+00	0.00e+00	0.00e+00	2.30e-03	3.26e-04	1.87e-04
 2.63550e+16	2.80e-03	9.97e-01	4.96e-08	0.00e+00	0.00e+00	0.00e+00	0.00e+00	0.00e+00	0.00e+00	2.29e-03	3.28e-04	1.89e-04
 2.65850e+16	2.80e-03	9.97e-01	3.40e-08	0.00e+00	0.00e+00	0.00e+00	0.00e+00	0.00e+00	0.00e+00	2.28e-03	3.30e-04	1.90e-04
 2.68218e+16	2.80e-03	9.97e-01	2.36e-08	0.00e+00	0.00e+00	0.00e+00	0.00e+00	0.00e+00	0.00e+00	2.27e-03	3.32e-04	1.92e-04
 2.70657e+16	2.79e-03	9.97e-01	1.67e-08	0.00e+00	0.00e+00	0.00e+00	0.00e+00	0.00e+00	0.00e+00	2.26e-03	3.34e-04	1.94e-04
 2.73167e+16	2.79e-03	9.97e-01	1.22e-08	0.00e+00	0.00e+00	0.00e+00	0.00e+00	0.00e+00	0.00e+00	2.26e-03	3.37e-04	1.96e-04
 2.75747e+16	2.79e-03	9.97e-01	9.14e-09	0.00e+00	0.00e+00	0.00e+00	0.00e+00	0.00e+00	0.00e+00	2.25e-03	3.39e-04	1.99e-04
 2.78394e+16	2.79e-03	9.97e-01	7.12e-09	0.00e+00	0.00e+00	0.00e+00	0.00e+00	0.00e+00	0.00e+00	2.25e-03	3.42e-04	2.01e-04
 2.81104e+16	2.79e-03	9.97e-01	5.77e-09	0.00e+00	0.00e+00	0.00e+00	0.00e+00	0.00e+00	0.00e+00	2.24e-03	3.44e-04	2.03e-04
 2.83868e+16	2.79e-03	9.97e-01	4.85e-09	0.00e+00	0.00e+00	0.00e+00	0.00e+00	0.00e+00	0.00e+00	2.24e-03	3.47e-04	2.05e-04
 2.86684e+16	2.79e-03	9.97e-01	4.22e-09	0.00e+00	0.00e+00	0.00e+00	0.00e+00	0.00e+00	0.00e+00	2.24e-03	3.50e-04	2.07e-04
 2.89541e+16	2.79e-03	9.97e-01	3.76e-09	0.00e+00	0.00e+00	0.00e+00	0.00e+00	0.00e+00	0.00e+00	2.23e-03	3.53e-04	2.10e-04
 2.92383e+16	2.79e-03	9.97e-01	3.43e-09	0.00e+00	0.00e+00	0.00e+00	0.00e+00	0.00e+00	0.00e+00	2.23e-03	3.56e-04	2.12e-04
 2.95216e+16	2.79e-03	9.97e-01	3.18e-09	0.00e+00	0.00e+00	0.00e+00	0.00e+00	0.00e+00	0.00e+00	2.22e-03	3.59e-04	2.14e-04
 2.98111e+16	2.79e-03	9.97e-01	2.98e-09	0.00e+00	0.00e+00	0.00e+00	0.00e+00	0.00e+00	0.00e+00	2.22e-03	3.62e-04	2.16e-04
 3.01052e+16	2.79e-03	9.97e-01	2.81e-09	0.00e+00	0.00e+00	0.00e+00	0.00e+00	0.00e+00	0.00e+00	2.21e-03	3.65e-04	2.18e-04
 3.03969e+16	2.79e-03	9.97e-01	2.67e-09	0.00e+00	0.00e+00	0.00e+00	0.00e+00	0.00e+00	0.00e+00	2.20e-03	3.67e-04	2.21e-04
 3.06835e+16	2.79e-03	9.97e-01	2.55e-09	0.00e+00	0.00e+00	0.00e+00	0.00e+00	0.00e+00	0.00e+00	2.19e-03	3.69e-04	2.22e-04
 3.09658e+16	2.78e-03	9.97e-01	2.44e-09	0.00e+00	0.00e+00	0.00e+00	0.00e+00	0.00e+00	0.00e+00	2.19e-03	3.71e-04	2.24e-04
 3.12440e+16	2.77e-03	9.97e-01	2.34e-09	0.00e+00	0.00e+00	0.00e+00	0.00e+00	0.00e+00	0.00e+00	2.18e-03	3.72e-04	2.26e-04
 3.15178e+16	2.77e-03	9.97e-01	2.24e-09	0.00e+00	0.00e+00	0.00e+00	0.00e+00	0.00e+00	0.00e+00	2.16e-03	3.74e-04	2.27e-04
 3.17871e+16	2.76e-03	9.97e-01	2.16e-09	0.00e+00	0.00e+00	0.00e+00	0.00e+00	0.00e+00	0.00e+00	2.15e-03	3.75e-04	2.28e-04
 3.20516e+16	2.74e-03	9.97e-01	2.07e-09	0.00e+00	0.00e+00	0.00e+00	0.00e+00	0.00e+00	0.00e+00	2.14e-03	3.76e-04	2.30e-04
 3.23115e+16	2.73e-03	9.97e-01	2.00e-09	0.00e+00	0.00e+00	0.00e+00	0.00e+00	0.00e+00	0.00e+00	2.12e-03	3.77e-04	2.31e-04
 3.25672e+16	2.72e-03	9.97e-01	1.93e-09	0.00e+00	0.00e+00	0.00e+00	0.00e+00	0.00e+00	0.00e+00	2.11e-03	3.77e-04	2.31e-04
 3.28197e+16	2.70e-03	9.97e-01	1.86e-09	0.00e+00	0.00e+00	0.00e+00	0.00e+00	0.00e+00	0.00e+00	2.09e-03	3.78e-04	2.32e-04
 3.30702e+16	2.69e-03	9.97e-01	1.79e-09	0.00e+00	0.00e+00	0.00e+00	0.00e+00	0.00e+00	0.00e+00	2.07e-03	3.78e-04	2.33e-04
 3.33197e+16	2.67e-03	9.97e-01	1.72e-09	0.00e+00	0.00e+00	0.00e+00	0.00e+00	0.00e+00	0.00e+00	2.06e-03	3.79e-04	2.33e-04
 3.35703e+16	2.65e-03	9.97e-01	1.66e-09	0.00e+00	0.00e+00	0.00e+00	0.00e+00	0.00e+00	0.00e+00	2.04e-03	3.79e-04	2.34e-04
 3.38249e+16	2.64e-03	9.97e-01	1.60e-09	0.00e+00	0.00e+00	0.00e+00	0.00e+00	0.00e+00	0.00e+00	2.03e-03	3.79e-04	2.34e-04
 3.40877e+16	2.63e-03	9.97e-01	1.55e-09	0.00e+00	0.00e+00	0.00e+00	0.00e+00	0.00e+00	0.00e+00	2.01e-03	3.80e-04	2.33e-04
 3.43661e+16	2.62e-03	9.97e-01	1.49e-09	0.00e+00	0.00e+00	0.00e+00	0.00e+00	0.00e+00	0.00e+00	2.01e-03	3.80e-04	2.33e-04
 3.46741e+16	2.62e-03	9.97e-01	1.43e-09	0.00e+00	0.00e+00	0.00e+00	0.00e+00	0.00e+00	0.00e+00	2.00e-03	3.82e-04	2.33e-04
 3.50148e+16	2.64e-03	9.97e-01	1.38e-09	0.00e+00	0.00e+00	0.00e+00	0.00e+00	0.00e+00	0.00e+00	2.02e-03	3.87e-04	2.35e-04
 3.53075e+16	2.68e-03	9.97e-01	1.35e-09	0.00e+00	0.00e+00	0.00e+00	0.00e+00	0.00e+00	0.00e+00	2.05e-03	3.93e-04	2.39e-04
