#depth	H	H+	H2
 4.83187e+11	9.01e-04	9.99e-01	2.12e-14
 2.89912e+12	9.01e-04	9.99e-01	2.12e-14
 1.25629e+13	9.00e-04	9.99e-01	2.13e-14
 5.12178e+13	9.01e-04	9.99e-01	2.13e-14
 1.22343e+14	8.96e-04	9.99e-01	2.14e-14
 2.14806e+14	8.92e-04	9.99e-01	2.14e-14
 3.35007e+14	8.89e-04	9.99e-01	2.16e-14
 4.91269e+14	8.85e-04	9.99e-01	2.17e-14
 6.94409e+14	8.82e-04	9.99e-01	2.19e-14
 9.58492e+14	8.80e-04	9.99e-01	2.22e-14
 1.30180e+15	8.79e-04	9.99e-01	2.27e-14
 1.74810e+15	8.80e-04	9.99e-01	2.33e-14
 2.32829e+15	8.84e-04	9.99e-01	2.41e-14
 3.08253e+15	8.93e-04	9.99e-01	2.53e-14
 4.06305e+15	9.09e-04	9.99e-01	2.70e-14
 5.33773e+15	9.36e-04	9.99e-01	2.95e-14
 6.99481e+15	9.81e-04	9.99e-01	3.31e-14
 9.14901e+15	1.05e-03	9.99e-01	3.87e-14
 1.17091e+16	1.15e-03	9.99e-01	4.67e-14
 1.43941e+16	1.29e-03	9.99e-01	5.72e-14
 1.65234e+16	1.41e-03	9.99e-01	6.73e-14
 1.81757e+16	1.54e-03	9.98e-01	7.73e-14
 1.99933e+16	1.70e-03	9.98e-01	9.02e-14
 2.19926e+16	1.92e-03	9.98e-01	1.08e-13
 2.36186e+16	2.13e-03	9.98e-01	1.26e-13
 2.45852e+16	2.28e-03	9.98e-01	1.39e-13
 2.54770e+16	2.43e-03	9.98e-01	1.52e-13
 2.66363e+16	2.64e-03	9.97e-01	1.72e-13
 2.78176e+16	2.89e-03	9.97e-01	1.96e-13
 2.87431e+16	3.12e-03	9.97e-01	2.17e-13
 2.95208e+16	3.33e-03	9.97e-01	2.38e-13
 3.03903e+16	3.59e-03	9.96e-01	2.63e-13
 3.13302e+16	3.91e-03	9.96e-01	2.95e-13
 3.21442e+16	4.23e-03	9.96e-01	3.29e-13
 3.28430e+16	4.54e-03	9.95e-01	3.60e-13
 3.36092e+16	4.91e-03	9.95e-01	4.00e-13
 3.44295e+16	5.36e-03	9.95e-01	4.48e-13
 3.51302e+16	5.79e-03	9.94e-01	4.97e-13
 3.57335e+16	6.22e-03	9.94e-01	5.45e-13
 3.63996e+16	6.74e-03	9.93e-01	6.04e-13
 3.71184e+16	7.38e-03	9.93e-01	6.78e-13
 3.77380e+16	8.01e-03	9.92e-01	7.54e-13
 3.82713e+16	8.62e-03	9.91e-01	8.28e-13
 3.88605e+16	9.39e-03	9.91e-01	9.23e-13
 3.94956e+16	1.03e-02	9.90e-01	1.04e-12
 4.00475e+16	1.13e-02	9.89e-01	1.16e-12
 4.05281e+16	1.22e-02	9.88e-01	1.28e-12
 4.10591e+16	1.34e-02	9.87e-01	1.44e-12
 4.16191e+16	1.49e-02	9.85e-01	1.62e-12
 4.20850e+16	1.63e-02	9.84e-01	1.82e-12
 4.24761e+16	1.77e-02	9.82e-01	2.00e-12
 4.29020e+16	1.95e-02	9.81e-01	2.24e-12
 4.33580e+16	2.17e-02	9.78e-01	2.55e-12
 4.37435e+16	2.39e-02	9.76e-01	2.86e-12
 4.40671e+16	2.60e-02	9.74e-01	3.16e-12
 4.44197e+16	2.87e-02	9.71e-01	3.55e-12
 4.47984e+16	3.22e-02	9.68e-01	4.06e-12
 4.51211e+16	3.57e-02	9.64e-01	4.58e-12
 4.53945e+16	3.93e-02	9.61e-01	5.11e-12
 4.56939e+16	4.39e-02	9.56e-01	5.82e-12
 4.60154e+16	4.98e-02	9.50e-01	6.76e-12
 4.62912e+16	5.61e-02	9.44e-01	7.76e-12
 4.65270e+16	6.26e-02	9.37e-01	8.83e-12
 4.67855e+16	7.13e-02	9.29e-01	1.03e-11
 4.70641e+16	8.27e-02	9.17e-01	1.23e-11
 4.72746e+16	9.37e-02	9.06e-01	1.42e-11
 4.74077e+16	1.02e-01	8.98e-01	1.57e-11
 4.75345e+16	1.10e-01	8.90e-01	1.73e-11
 4.76995e+16	1.23e-01	8.77e-01	1.98e-11
 4.78641e+16	1.38e-01	8.62e-01	2.27e-11
 4.79879e+16	1.51e-01	8.49e-01	2.55e-11
 4.80879e+16	1.62e-01	8.38e-01	2.79e-11
 4.81972e+16	1.77e-01	8.23e-01	3.11e-11
 4.83180e+16	1.95e-01	8.05e-01	3.52e-11
 4.84256e+16	2.13e-01	7.87e-01	3.95e-11
 4.85176e+16	2.29e-01	7.71e-01	4.35e-11
 4.86170e+16	2.49e-01	7.51e-01	4.89e-11
 4.87223e+16	2.73e-01	7.27e-01	5.53e-11
 4.88118e+16	2.94e-01	7.06e-01	6.12e-11
 4.88918e+16	3.15e-01	6.85e-01	6.76e-11
 4.89830e+16	3.41e-01	6.59e-01	7.58e-11
 4.90801e+16	3.70e-01	6.30e-01	8.58e-11
 4.91631e+16	3.97e-01	6.03e-01	9.57e-11
 4.92357e+16	4.20e-01	5.80e-01	1.05e-10
 4.93063e+16	4.45e-01	5.55e-01	1.15e-10
 4.93794e+16	4.71e-01	5.29e-01	1.27e-10
 4.94492e+16	4.97e-01	5.03e-01	1.40e-10
 4.95110e+16	5.19e-01	4.81e-01	1.51e-10
 4.95671e+16	5.40e-01	4.60e-01	1.63e-10
 4.96103e+16	5.56e-01	4.44e-01	1.73e-10
 4.96405e+16	5.66e-01	4.34e-01	1.79e-10
 4.96702e+16	5.77e-01	4.23e-01	1.87e-10
 4.97048e+16	5.90e-01	4.10e-01	1.96e-10
 4.97408e+16	6.04e-01	3.96e-01	2.06e-10
 4.97743e+16	6.16e-01	3.84e-01	2.15e-10
 4.98062e+16	6.28e-01	3.72e-01	2.25e-10
 4.98381e+16	6.40e-01	3.60e-01	2.35e-10
 4.98704e+16	6.52e-01	3.48e-01	2.46e-10
 4.99024e+16	6.63e-01	3.37e-01	2.56e-10
 4.99340e+16	6.75e-01	3.25e-01	2.68e-10
 4.99655e+16	6.86e-01	3.14e-01	2.80e-10
 4.99964e+16	6.97e-01	3.03e-01	2.92e-10
 5.00269e+16	7.08e-01	2.92e-01	3.05e-10
 5.00578e+16	7.19e-01	2.81e-01	3.19e-10
 5.00884e+16	7.29e-01	2.71e-01	3.32e-10
 5.01187e+16	7.39e-01	2.61e-01	3.47e-10
 5.01490e+16	7.49e-01	2.51e-01	3.63e-10
 5.01787e+16	7.58e-01	2.42e-01	3.78e-10
 5.02081e+16	7.68e-01	2.32e-01	3.94e-10
 5.02379e+16	7.77e-01	2.23e-01	4.12e-10
 5.02675e+16	7.86e-01	2.14e-01	4.28e-10
 5.02967e+16	7.94e-01	2.06e-01	4.48e-10
 5.03260e+16	8.03e-01	1.97e-01	4.69e-10
 5.03547e+16	8.11e-01	1.89e-01	4.89e-10
 5.03832e+16	8.18e-01	1.82e-01	5.09e-10
 5.04120e+16	8.26e-01	1.74e-01	5.34e-10
 5.04406e+16	8.33e-01	1.67e-01	5.55e-10
 5.04681e+16	8.40e-01	1.60e-01	5.81e-10
 5.04953e+16	8.47e-01	1.53e-01	6.06e-10
 5.05230e+16	8.53e-01	1.47e-01	6.33e-10
 5.05507e+16	8.59e-01	1.41e-01	6.62e-10
 5.05773e+16	8.65e-01	1.35e-01	6.92e-10
 5.06030e+16	8.70e-01	1.30e-01	7.20e-10
 5.06287e+16	8.76e-01	1.24e-01	7.53e-10
 5.06544e+16	8.81e-01	1.19e-01	7.88e-10
 5.06798e+16	8.86e-01	1.14e-01	8.23e-10
 5.07048e+16	8.90e-01	1.10e-01	8.56e-10
 5.07292e+16	8.95e-01	1.05e-01	8.98e-10
 5.07533e+16	8.99e-01	1.01e-01	9.40e-10
 5.07774e+16	9.03e-01	9.70e-02	9.83e-10
 5.08014e+16	9.07e-01	9.32e-02	1.02e-09
 5.08249e+16	9.11e-01	8.94e-02	1.07e-09
 5.08479e+16	9.14e-01	8.59e-02	1.12e-09
 5.08707e+16	9.17e-01	8.25e-02	1.18e-09
 5.08938e+16	9.21e-01	7.93e-02	1.23e-09
 5.09166e+16	9.24e-01	7.61e-02	1.30e-09
 5.09387e+16	9.27e-01	7.32e-02	1.36e-09
 5.09605e+16	9.30e-01	7.03e-02	1.43e-09
 5.09827e+16	9.32e-01	6.77e-02	1.48e-09
 5.10050e+16	9.35e-01	6.49e-02	1.57e-09
 5.10264e+16	9.38e-01	6.24e-02	1.66e-09
 5.10473e+16	9.40e-01	6.01e-02	1.74e-09
 5.10683e+16	9.42e-01	5.79e-02	1.82e-09
 5.10897e+16	9.44e-01	5.56e-02	1.93e-09
 5.11108e+16	9.47e-01	5.34e-02	2.05e-09
 5.11312e+16	9.49e-01	5.13e-02	2.17e-09
 5.11515e+16	9.51e-01	4.94e-02	2.30e-09
 5.11719e+16	9.53e-01	4.75e-02	2.42e-09
 5.11926e+16	9.54e-01	4.56e-02	2.59e-09
 5.12127e+16	9.56e-01	4.38e-02	2.76e-09
 5.12320e+16	9.58e-01	4.22e-02	2.95e-09
 5.12515e+16	9.59e-01	4.05e-02	3.16e-09
 5.12718e+16	9.61e-01	3.89e-02	3.39e-09
 5.12921e+16	9.63e-01	3.74e-02	3.64e-09
 5.13109e+16	9.64e-01	3.60e-02	3.91e-09
 5.13287e+16	9.65e-01	3.47e-02	4.21e-09
 5.13474e+16	9.67e-01	3.33e-02	4.58e-09
 5.13670e+16	9.68e-01	3.19e-02	5.05e-09
 5.13857e+16	9.69e-01	3.06e-02	5.54e-09
 5.14034e+16	9.70e-01	2.95e-02	6.04e-09
 5.14210e+16	9.72e-01	2.84e-02	6.71e-09
 5.14388e+16	9.73e-01	2.72e-02	7.49e-09
 5.14564e+16	9.74e-01	2.62e-02	8.37e-09
 5.14733e+16	9.75e-01	2.51e-02	9.43e-09
 5.14888e+16	9.76e-01	2.42e-02	1.06e-08
 5.15027e+16	9.77e-01	2.35e-02	1.18e-08
 5.15156e+16	9.77e-01	2.28e-02	1.32e-08
 5.15280e+16	9.78e-01	2.21e-02	1.48e-08
 5.15398e+16	9.79e-01	2.15e-02	1.66e-08
 5.15506e+16	9.79e-01	2.09e-02	1.86e-08
 5.15608e+16	9.80e-01	2.04e-02	2.07e-08
 5.15706e+16	9.80e-01	1.99e-02	2.31e-08
 5.15801e+16	9.81e-01	1.94e-02	2.58e-08
 5.15891e+16	9.81e-01	1.89e-02	2.88e-08
 5.15977e+16	9.82e-01	1.85e-02	3.21e-08
 5.16060e+16	9.82e-01	1.80e-02	3.57e-08
 5.16142e+16	9.82e-01	1.76e-02	3.97e-08
 5.16223e+16	9.83e-01	1.72e-02	4.42e-08
 5.16302e+16	9.83e-01	1.68e-02	4.91e-08
 5.16382e+16	9.84e-01	1.63e-02	5.44e-08
 5.16462e+16	9.84e-01	1.59e-02	6.02e-08
 5.16545e+16	9.85e-01	1.54e-02	6.64e-08
 5.16629e+16	9.85e-01	1.50e-02	7.23e-08
 5.16708e+16	9.85e-01	1.46e-02	7.74e-08
 5.16778e+16	9.86e-01	1.42e-02	8.18e-08
 5.16841e+16	9.86e-01	1.38e-02	8.52e-08
 5.16901e+16	9.87e-01	1.35e-02	8.81e-08
 5.16960e+16	9.87e-01	1.32e-02	9.05e-08
 5.17016e+16	9.87e-01	1.29e-02	9.28e-08
 5.17069e+16	9.87e-01	1.26e-02	9.48e-08
 5.17118e+16	9.88e-01	1.23e-02	9.65e-08
 5.17163e+16	9.88e-01	1.21e-02	9.80e-08
 5.17204e+16	9.88e-01	1.19e-02	9.94e-08
 5.17241e+16	9.88e-01	1.17e-02	1.01e-07
 5.17274e+16	9.88e-01	1.15e-02	1.02e-07
 5.17305e+16	9.89e-01	1.14e-02	1.03e-07
 5.17338e+16	9.89e-01	1.12e-02	1.04e-07
 5.17374e+16	9.89e-01	1.10e-02	1.06e-07
 5.17407e+16	9.89e-01	1.08e-02	1.07e-07
 5.17437e+16	9.89e-01	1.07e-02	1.08e-07
 5.17465e+16	9.89e-01	1.06e-02	1.09e-07
 5.17495e+16	9.90e-01	1.04e-02	1.11e-07
 5.17527e+16	9.90e-01	1.02e-02	1.13e-07
 5.17556e+16	9.90e-01	1.01e-02	1.14e-07
 5.17588e+16	9.90e-01	9.91e-03	1.16e-07
