#depth	O	O+	O+2	O+3	O+4	O+5	O+6	O+7	O+8	O[1]	O[2]	O[3]
 4.83187e+11	5.02e-06	9.94e-03	9.64e-01	2.65e-02	1.05e-06	0.00e+00	0.00e+00	0.00e+00	0.00e+00	3.47e-06	1.05e-06	4.99e-07
 2.89912e+12	5.02e-06	9.93e-03	9.64e-01	2.64e-02	1.05e-06	0.00e+00	0.00e+00	0.00e+00	0.00e+00	3.47e-06	1.05e-06	4.99e-07
 1.25629e+13	5.02e-06	9.94e-03	9.64e-01	2.61e-02	1.03e-06	0.00e+00	0.00e+00	0.00e+00	0.00e+00	3.47e-06	1.05e-06	4.98e-07
 5.12178e+13	5.04e-06	9.96e-03	9.65e-01	2.47e-02	9.49e-07	0.00e+00	0.00e+00	0.00e+00	0.00e+00	3.48e-06	1.05e-06	5.01e-07
 1.22343e+14	5.03e-06	9.98e-03	9.67e-01	2.28e-02	8.41e-07	0.00e+00	0.00e+00	0.00e+00	0.00e+00	3.48e-06	1.05e-06	5.00e-07
 2.14806e+14	5.04e-06	1.00e-02	9.69e-01	2.06e-02	7.16e-07	0.00e+00	0.00e+00	0.00e+00	0.00e+00	3.48e-06	1.06e-06	5.01e-07
 3.35007e+14	5.07e-06	1.01e-02	9.72e-01	1.79e-02	5.79e-07	0.00e+00	0.00e+00	0.00e+00	0.00e+00	3.50e-06	1.06e-06	5.04e-07
 4.91269e+14	5.10e-06	1.02e-02	9.75e-01	1.48e-02	4.37e-07	0.00e+00	0.00e+00	0.00e+00	0.00e+00	3.53e-06	1.07e-06	5.07e-07
 6.94409e+14	5.16e-06	1.03e-02	9.78e-01	1.15e-02	3.01e-07	0.00e+00	0.00e+00	0.00e+00	0.00e+00	3.57e-06	1.08e-06	5.13e-07
 9.58492e+14	5.24e-06	1.04e-02	9.81e-01	8.27e-03	1.85e-07	0.00e+00	0.00e+00	0.00e+00	0.00e+00	3.62e-06	1.09e-06	5.21e-07
 1.30180e+15	5.35e-06	1.05e-02	9.84e-01	5.34e-03	0.00e+00	0.00e+00	0.00e+00	0.00e+00	0.00e+00	3.70e-06	1.12e-06	5.32e-07
 1.74810e+15	5.51e-06	1.07e-02	9.86e-01	3.03e-03	0.00e+00	0.00e+00	0.00e+00	0.00e+00	0.00e+00	3.81e-06	1.15e-06	5.48e-07
 2.32829e+15	5.73e-06	1.10e-02	9.88e-01	1.47e-03	0.00e+00	0.00e+00	0.00e+00	0.00e+00	0.00e+00	3.96e-06	1.19e-06	5.70e-07
 3.08253e+15	6.04e-06	1.13e-02	9.88e-01	6.05e-04	0.00e+00	0.00e+00	0.00e+00	0.00e+00	0.00e+00	4.18e-06	1.26e-06	6.01e-07
 4.06305e+15	6.50e-06	1.17e-02	9.88e-01	2.14e-04	0.00e+00	0.00e+00	0.00e+00	0.00e+00	0.00e+00	4.50e-06	1.35e-06	6.47e-07
 5.33773e+15	7.18e-06	1.22e-02	9.88e-01	7.41e-05	0.00e+00	0.00e+00	0.00e+00	0.00e+00	0.00e+00	4.97e-06	1.49e-06	7.14e-07
 6.99481e+15	8.24e-06	1.30e-02	9.87e-01	3.26e-05	0.00e+00	0.00e+00	0.00e+00	0.00e+00	0.00e+00	5.70e-06	1.71e-06	8.20e-07
 9.14901e+15	9.94e-06	1.41e-02	9.86e-01	2.08e-05	0.00e+00	0.00e+00	0.00e+00	0.00e+00	0.00e+00	6.88e-06	2.06e-06	9.89e-07
 1.17091e+16	1.25e-05	1.55e-02	9.84e-01	1.64e-05	0.00e+00	0.00e+00	0.00e+00	0.00e+00	0.00e+00	8.66e-06	2.59e-06	1.24e-06
 1.43941e+16	1.61e-05	1.72e-02	9.83e-01	1.39e-05	0.00e+00	0.00e+00	0.00e+00	0.00e+00	0.00e+00	1.12e-05	3.35e-06	1.61e-06
 1.65234e+16	1.98e-05	1.87e-02	9.81e-01	1.23e-05	0.00e+00	0.00e+00	0.00e+00	0.00e+00	0.00e+00	1.37e-05	4.12e-06	1.98e-06
 1.81757e+16	2.39e-05	2.01e-02	9.80e-01	1.12e-05	0.00e+00	0.00e+00	0.00e+00	0.00e+00	0.00e+00	1.65e-05	4.96e-06	2.38e-06
 1.99933e+16	2.95e-05	2.19e-02	9.78e-01	1.02e-05	0.00e+00	0.00e+00	0.00e+00	0.00e+00	0.00e+00	2.04e-05	6.14e-06	2.94e-06
 2.19926e+16	3.78e-05	2.42e-02	9.76e-01	9.24e-06	0.00e+00	0.00e+00	0.00e+00	0.00e+00	0.00e+00	2.62e-05	7.89e-06	3.77e-06
 2.36186e+16	4.68e-05	2.63e-02	9.74e-01	8.48e-06	0.00e+00	0.00e+00	0.00e+00	0.00e+00	0.00e+00	3.23e-05	9.76e-06	4.66e-06
 2.45852e+16	5.36e-05	2.78e-02	9.72e-01	8.07e-06	0.00e+00	0.00e+00	0.00e+00	0.00e+00	0.00e+00	3.70e-05	1.12e-05	5.33e-06
 2.54770e+16	6.11e-05	2.93e-02	9.71e-01	7.67e-06	0.00e+00	0.00e+00	0.00e+00	0.00e+00	0.00e+00	4.22e-05	1.28e-05	6.09e-06
 2.66363e+16	7.30e-05	3.15e-02	9.68e-01	7.21e-06	0.00e+00	0.00e+00	0.00e+00	0.00e+00	0.00e+00	5.05e-05	1.53e-05	7.27e-06
 2.78176e+16	8.82e-05	3.41e-02	9.66e-01	6.74e-06	0.00e+00	0.00e+00	0.00e+00	0.00e+00	0.00e+00	6.09e-05	1.85e-05	8.78e-06
 2.87431e+16	1.03e-04	3.64e-02	9.63e-01	6.36e-06	0.00e+00	0.00e+00	0.00e+00	0.00e+00	0.00e+00	7.11e-05	2.16e-05	1.03e-05
 2.95208e+16	1.18e-04	3.86e-02	9.61e-01	6.06e-06	0.00e+00	0.00e+00	0.00e+00	0.00e+00	0.00e+00	8.15e-05	2.48e-05	1.18e-05
 3.03903e+16	1.39e-04	4.14e-02	9.58e-01	5.69e-06	0.00e+00	0.00e+00	0.00e+00	0.00e+00	0.00e+00	9.57e-05	2.92e-05	1.38e-05
 3.13302e+16	1.66e-04	4.49e-02	9.55e-01	5.33e-06	0.00e+00	0.00e+00	0.00e+00	0.00e+00	0.00e+00	1.15e-04	3.50e-05	1.65e-05
 3.21442e+16	1.96e-04	4.83e-02	9.52e-01	4.99e-06	0.00e+00	0.00e+00	0.00e+00	0.00e+00	0.00e+00	1.35e-04	4.14e-05	1.95e-05
 3.28430e+16	2.27e-04	5.16e-02	9.48e-01	4.72e-06	0.00e+00	0.00e+00	0.00e+00	0.00e+00	0.00e+00	1.57e-04	4.80e-05	2.26e-05
 3.36092e+16	2.69e-04	5.58e-02	9.44e-01	4.43e-06	0.00e+00	0.00e+00	0.00e+00	0.00e+00	0.00e+00	1.86e-04	5.68e-05	2.67e-05
 3.44295e+16	3.25e-04	6.08e-02	9.39e-01	4.10e-06	0.00e+00	0.00e+00	0.00e+00	0.00e+00	0.00e+00	2.24e-04	6.86e-05	3.23e-05
 3.51302e+16	3.85e-04	6.59e-02	9.34e-01	3.82e-06	0.00e+00	0.00e+00	0.00e+00	0.00e+00	0.00e+00	2.66e-04	8.13e-05	3.82e-05
 3.57335e+16	4.49e-04	7.08e-02	9.29e-01	3.59e-06	0.00e+00	0.00e+00	0.00e+00	0.00e+00	0.00e+00	3.09e-04	9.48e-05	4.45e-05
 3.63996e+16	5.36e-04	7.71e-02	9.22e-01	3.32e-06	0.00e+00	0.00e+00	0.00e+00	0.00e+00	0.00e+00	3.69e-04	1.13e-04	5.31e-05
 3.71184e+16	6.54e-04	8.48e-02	9.15e-01	3.03e-06	0.00e+00	0.00e+00	0.00e+00	0.00e+00	0.00e+00	4.51e-04	1.38e-04	6.47e-05
 3.77380e+16	7.83e-04	9.26e-02	9.07e-01	2.79e-06	0.00e+00	0.00e+00	0.00e+00	0.00e+00	0.00e+00	5.40e-04	1.65e-04	7.75e-05
 3.82713e+16	9.21e-04	1.00e-01	8.99e-01	2.58e-06	0.00e+00	0.00e+00	0.00e+00	0.00e+00	0.00e+00	6.35e-04	1.94e-04	9.11e-05
 3.88605e+16	1.11e-03	1.10e-01	8.89e-01	2.36e-06	0.00e+00	0.00e+00	0.00e+00	0.00e+00	0.00e+00	7.68e-04	2.35e-04	1.10e-04
 3.94956e+16	1.37e-03	1.22e-01	8.76e-01	2.12e-06	0.00e+00	0.00e+00	0.00e+00	0.00e+00	0.00e+00	9.48e-04	2.90e-04	1.36e-04
 4.00475e+16	1.67e-03	1.35e-01	8.64e-01	1.90e-06	0.00e+00	0.00e+00	0.00e+00	0.00e+00	0.00e+00	1.15e-03	3.52e-04	1.65e-04
 4.05281e+16	2.00e-03	1.47e-01	8.51e-01	1.73e-06	0.00e+00	0.00e+00	0.00e+00	0.00e+00	0.00e+00	1.38e-03	4.21e-04	1.97e-04
 4.10591e+16	2.46e-03	1.63e-01	8.34e-01	1.54e-06	0.00e+00	0.00e+00	0.00e+00	0.00e+00	0.00e+00	1.70e-03	5.18e-04	2.42e-04
 4.16191e+16	3.08e-03	1.83e-01	8.14e-01	1.35e-06	0.00e+00	0.00e+00	0.00e+00	0.00e+00	0.00e+00	2.12e-03	6.48e-04	3.03e-04
 4.20850e+16	3.76e-03	2.02e-01	7.94e-01	1.19e-06	0.00e+00	0.00e+00	0.00e+00	0.00e+00	0.00e+00	2.60e-03	7.92e-04	3.70e-04
 4.24761e+16	4.49e-03	2.20e-01	7.75e-01	1.06e-06	0.00e+00	0.00e+00	0.00e+00	0.00e+00	0.00e+00	3.10e-03	9.45e-04	4.41e-04
 4.29020e+16	5.49e-03	2.43e-01	7.51e-01	9.21e-07	0.00e+00	0.00e+00	0.00e+00	0.00e+00	0.00e+00	3.79e-03	1.16e-03	5.40e-04
 4.33580e+16	6.88e-03	2.71e-01	7.22e-01	7.80e-07	0.00e+00	0.00e+00	0.00e+00	0.00e+00	0.00e+00	4.75e-03	1.45e-03	6.76e-04
 4.37435e+16	8.41e-03	2.99e-01	6.93e-01	6.71e-07	0.00e+00	0.00e+00	0.00e+00	0.00e+00	0.00e+00	5.81e-03	1.77e-03	8.25e-04
 4.40671e+16	1.00e-02	3.24e-01	6.66e-01	5.82e-07	0.00e+00	0.00e+00	0.00e+00	0.00e+00	0.00e+00	6.92e-03	2.10e-03	9.83e-04
 4.44197e+16	1.22e-02	3.56e-01	6.32e-01	4.89e-07	0.00e+00	0.00e+00	0.00e+00	0.00e+00	0.00e+00	8.47e-03	2.57e-03	1.20e-03
 4.47984e+16	1.53e-02	3.94e-01	5.91e-01	3.97e-07	0.00e+00	0.00e+00	0.00e+00	0.00e+00	0.00e+00	1.06e-02	3.21e-03	1.50e-03
 4.51211e+16	1.87e-02	4.29e-01	5.52e-01	3.25e-07	0.00e+00	0.00e+00	0.00e+00	0.00e+00	0.00e+00	1.29e-02	3.91e-03	1.83e-03
 4.53945e+16	2.23e-02	4.62e-01	5.16e-01	2.69e-07	0.00e+00	0.00e+00	0.00e+00	0.00e+00	0.00e+00	1.54e-02	4.65e-03	2.18e-03
 4.56939e+16	2.72e-02	5.01e-01	4.72e-01	2.13e-07	0.00e+00	0.00e+00	0.00e+00	0.00e+00	0.00e+00	1.88e-02	5.68e-03	2.66e-03
 4.60154e+16	3.39e-02	5.44e-01	4.22e-01	1.60e-07	0.00e+00	0.00e+00	0.00e+00	0.00e+00	0.00e+00	2.35e-02	7.07e-03	3.32e-03
 4.62912e+16	4.14e-02	5.83e-01	3.76e-01	1.22e-07	0.00e+00	0.00e+00	0.00e+00	0.00e+00	0.00e+00	2.87e-02	8.60e-03	4.04e-03
 4.65270e+16	4.92e-02	6.16e-01	3.35e-01	0.00e+00	0.00e+00	0.00e+00	0.00e+00	0.00e+00	0.00e+00	3.42e-02	1.02e-02	4.81e-03
 4.67855e+16	6.01e-02	6.51e-01	2.88e-01	0.00e+00	0.00e+00	0.00e+00	0.00e+00	0.00e+00	0.00e+00	4.17e-02	1.24e-02	5.86e-03
 4.70641e+16	7.46e-02	6.86e-01	2.39e-01	0.00e+00	0.00e+00	0.00e+00	0.00e+00	0.00e+00	0.00e+00	5.19e-02	1.54e-02	7.27e-03
 4.72746e+16	8.86e-02	7.09e-01	2.02e-01	0.00e+00	0.00e+00	0.00e+00	0.00e+00	0.00e+00	0.00e+00	6.17e-02	1.82e-02	8.63e-03
 4.74077e+16	9.86e-02	7.22e-01	1.80e-01	0.00e+00	0.00e+00	0.00e+00	0.00e+00	0.00e+00	0.00e+00	6.88e-02	2.02e-02	9.60e-03
 4.75345e+16	1.10e-01	7.31e-01	1.59e-01	0.00e+00	0.00e+00	0.00e+00	0.00e+00	0.00e+00	0.00e+00	7.66e-02	2.24e-02	1.07e-02
 4.76995e+16	1.26e-01	7.41e-01	1.33e-01	0.00e+00	0.00e+00	0.00e+00	0.00e+00	0.00e+00	0.00e+00	8.81e-02	2.56e-02	1.22e-02
 4.78641e+16	1.45e-01	7.45e-01	1.10e-01	0.00e+00	0.00e+00	0.00e+00	0.00e+00	0.00e+00	0.00e+00	1.01e-01	2.93e-02	1.40e-02
 4.79879e+16	1.62e-01	7.45e-01	9.34e-02	0.00e+00	0.00e+00	0.00e+00	0.00e+00	0.00e+00	0.00e+00	1.13e-01	3.25e-02	1.56e-02
 4.80879e+16	1.76e-01	7.43e-01	8.15e-02	0.00e+00	0.00e+00	0.00e+00	0.00e+00	0.00e+00	0.00e+00	1.23e-01	3.52e-02	1.70e-02
 4.81972e+16	1.93e-01	7.37e-01	6.91e-02	0.00e+00	0.00e+00	0.00e+00	0.00e+00	0.00e+00	0.00e+00	1.36e-01	3.85e-02	1.87e-02
 4.83180e+16	2.15e-01	7.28e-01	5.69e-02	0.00e+00	0.00e+00	0.00e+00	0.00e+00	0.00e+00	0.00e+00	1.52e-01	4.25e-02	2.07e-02
 4.84256e+16	2.37e-01	7.16e-01	4.72e-02	0.00e+00	0.00e+00	0.00e+00	0.00e+00	0.00e+00	0.00e+00	1.67e-01	4.65e-02	2.27e-02
 4.85176e+16	2.56e-01	7.04e-01	3.99e-02	0.00e+00	0.00e+00	0.00e+00	0.00e+00	0.00e+00	0.00e+00	1.82e-01	4.99e-02	2.46e-02
 4.86170e+16	2.80e-01	6.87e-01	3.27e-02	0.00e+00	0.00e+00	0.00e+00	0.00e+00	0.00e+00	0.00e+00	1.99e-01	5.41e-02	2.68e-02
 4.87223e+16	3.07e-01	6.67e-01	2.62e-02	0.00e+00	0.00e+00	0.00e+00	0.00e+00	0.00e+00	0.00e+00	2.19e-01	5.87e-02	2.92e-02
 4.88118e+16	3.31e-01	6.47e-01	2.16e-02	0.00e+00	0.00e+00	0.00e+00	0.00e+00	0.00e+00	0.00e+00	2.37e-01	6.26e-02	3.14e-02
 4.88918e+16	3.55e-01	6.27e-01	1.79e-02	0.00e+00	0.00e+00	0.00e+00	0.00e+00	0.00e+00	0.00e+00	2.55e-01	6.64e-02	3.35e-02
 4.89830e+16	3.83e-01	6.03e-01	1.42e-02	0.00e+00	0.00e+00	0.00e+00	0.00e+00	0.00e+00	0.00e+00	2.76e-01	7.08e-02	3.60e-02
 4.90801e+16	4.15e-01	5.74e-01	1.10e-02	0.00e+00	0.00e+00	0.00e+00	0.00e+00	0.00e+00	0.00e+00	3.00e-01	7.55e-02	3.88e-02
 4.91631e+16	4.44e-01	5.48e-01	8.78e-03	0.00e+00	0.00e+00	0.00e+00	0.00e+00	0.00e+00	0.00e+00	3.23e-01	7.95e-02	4.12e-02
 4.92357e+16	4.68e-01	5.24e-01	7.14e-03	0.00e+00	0.00e+00	0.00e+00	0.00e+00	0.00e+00	0.00e+00	3.42e-01	8.28e-02	4.33e-02
 4.93063e+16	4.94e-01	5.00e-01	5.77e-03	0.00e+00	0.00e+00	0.00e+00	0.00e+00	0.00e+00	0.00e+00	3.63e-01	8.60e-02	4.53e-02
 4.93794e+16	5.21e-01	4.74e-01	4.60e-03	0.00e+00	0.00e+00	0.00e+00	0.00e+00	0.00e+00	0.00e+00	3.84e-01	8.91e-02	4.74e-02
 4.94492e+16	5.48e-01	4.49e-01	3.67e-03	0.00e+00	0.00e+00	0.00e+00	0.00e+00	0.00e+00	0.00e+00	4.06e-01	9.19e-02	4.94e-02
 4.95110e+16	5.70e-01	4.27e-01	2.99e-03	0.00e+00	0.00e+00	0.00e+00	0.00e+00	0.00e+00	0.00e+00	4.25e-01	9.41e-02	5.11e-02
 4.95671e+16	5.91e-01	4.07e-01	2.47e-03	0.00e+00	0.00e+00	0.00e+00	0.00e+00	0.00e+00	0.00e+00	4.42e-01	9.58e-02	5.25e-02
 4.96103e+16	6.06e-01	3.92e-01	2.14e-03	0.00e+00	0.00e+00	0.00e+00	0.00e+00	0.00e+00	0.00e+00	4.56e-01	9.70e-02	5.35e-02
 4.96405e+16	6.17e-01	3.82e-01	1.93e-03	0.00e+00	0.00e+00	0.00e+00	0.00e+00	0.00e+00	0.00e+00	4.65e-01	9.77e-02	5.41e-02
 4.96702e+16	6.27e-01	3.71e-01	1.73e-03	0.00e+00	0.00e+00	0.00e+00	0.00e+00	0.00e+00	0.00e+00	4.74e-01	9.83e-02	5.48e-02
 4.97048e+16	6.40e-01	3.59e-01	1.52e-03	0.00e+00	0.00e+00	0.00e+00	0.00e+00	0.00e+00	0.00e+00	4.85e-01	9.91e-02	5.55e-02
 4.97408e+16	6.53e-01	3.46e-01	1.33e-03	0.00e+00	0.00e+00	0.00e+00	0.00e+00	0.00e+00	0.00e+00	4.97e-01	9.97e-02	5.63e-02
 4.97743e+16	6.65e-01	3.34e-01	1.18e-03	0.00e+00	0.00e+00	0.00e+00	0.00e+00	0.00e+00	0.00e+00	5.07e-01	1.00e-01	5.69e-02
 4.98062e+16	6.76e-01	3.23e-01	1.04e-03	0.00e+00	0.00e+00	0.00e+00	0.00e+00	0.00e+00	0.00e+00	5.18e-01	1.01e-01	5.75e-02
 4.98381e+16	6.87e-01	3.12e-01	9.19e-04	0.00e+00	0.00e+00	0.00e+00	0.00e+00	0.00e+00	0.00e+00	5.28e-01	1.01e-01	5.80e-02
 4.98704e+16	6.99e-01	3.01e-01	8.08e-04	0.00e+00	0.00e+00	0.00e+00	0.00e+00	0.00e+00	0.00e+00	5.39e-01	1.01e-01	5.85e-02
 4.99024e+16	7.09e-01	2.90e-01	7.11e-04	0.00e+00	0.00e+00	0.00e+00	0.00e+00	0.00e+00	0.00e+00	5.49e-01	1.01e-01	5.90e-02
 4.99340e+16	7.20e-01	2.79e-01	6.25e-04	0.00e+00	0.00e+00	0.00e+00	0.00e+00	0.00e+00	0.00e+00	5.59e-01	1.02e-01	5.94e-02
 4.99655e+16	7.31e-01	2.69e-01	5.49e-04	0.00e+00	0.00e+00	0.00e+00	0.00e+00	0.00e+00	0.00e+00	5.69e-01	1.02e-01	5.98e-02
 4.99964e+16	7.41e-01	2.59e-01	4.83e-04	0.00e+00	0.00e+00	0.00e+00	0.00e+00	0.00e+00	0.00e+00	5.79e-01	1.01e-01	6.01e-02
 5.00269e+16	7.50e-01	2.49e-01	4.24e-04	0.00e+00	0.00e+00	0.00e+00	0.00e+00	0.00e+00	0.00e+00	5.88e-01	1.01e-01	6.04e-02
 5.00578e+16	7.60e-01	2.40e-01	3.71e-04	0.00e+00	0.00e+00	0.00e+00	0.00e+00	0.00e+00	0.00e+00	5.98e-01	1.01e-01	6.06e-02
 5.00884e+16	7.69e-01	2.30e-01	3.26e-04	0.00e+00	0.00e+00	0.00e+00	0.00e+00	0.00e+00	0.00e+00	6.07e-01	1.01e-01	6.08e-02
 5.01187e+16	7.78e-01	2.21e-01	2.85e-04	0.00e+00	0.00e+00	0.00e+00	0.00e+00	0.00e+00	0.00e+00	6.17e-01	1.00e-01	6.10e-02
 5.01490e+16	7.87e-01	2.12e-01	2.49e-04	0.00e+00	0.00e+00	0.00e+00	0.00e+00	0.00e+00	0.00e+00	6.26e-01	1.00e-01	6.11e-02
 5.01787e+16	7.96e-01	2.04e-01	2.18e-04	0.00e+00	0.00e+00	0.00e+00	0.00e+00	0.00e+00	0.00e+00	6.35e-01	9.96e-02	6.11e-02
 5.02081e+16	8.04e-01	1.96e-01	1.91e-04	0.00e+00	0.00e+00	0.00e+00	0.00e+00	0.00e+00	0.00e+00	6.44e-01	9.91e-02	6.12e-02
 5.02379e+16	8.12e-01	1.88e-01	1.66e-04	0.00e+00	0.00e+00	0.00e+00	0.00e+00	0.00e+00	0.00e+00	6.53e-01	9.85e-02	6.12e-02
 5.02675e+16	8.20e-01	1.80e-01	1.45e-04	0.00e+00	0.00e+00	0.00e+00	0.00e+00	0.00e+00	0.00e+00	6.61e-01	9.80e-02	6.11e-02
 5.02967e+16	8.27e-01	1.72e-01	1.27e-04	0.00e+00	0.00e+00	0.00e+00	0.00e+00	0.00e+00	0.00e+00	6.69e-01	9.73e-02	6.10e-02
 5.03260e+16	8.35e-01	1.65e-01	1.10e-04	0.00e+00	0.00e+00	0.00e+00	0.00e+00	0.00e+00	0.00e+00	6.77e-01	9.66e-02	6.09e-02
 5.03547e+16	8.42e-01	1.58e-01	9.62e-05	0.00e+00	0.00e+00	0.00e+00	0.00e+00	0.00e+00	0.00e+00	6.85e-01	9.59e-02	6.08e-02
 5.03832e+16	8.48e-01	1.51e-01	8.39e-05	0.00e+00	0.00e+00	0.00e+00	0.00e+00	0.00e+00	0.00e+00	6.93e-01	9.51e-02	6.06e-02
 5.04120e+16	8.55e-01	1.45e-01	7.29e-05	0.00e+00	0.00e+00	0.00e+00	0.00e+00	0.00e+00	0.00e+00	7.00e-01	9.43e-02	6.04e-02
 5.04406e+16	8.61e-01	1.39e-01	6.34e-05	0.00e+00	0.00e+00	0.00e+00	0.00e+00	0.00e+00	0.00e+00	7.08e-01	9.35e-02	6.02e-02
 5.04681e+16	8.67e-01	1.33e-01	5.54e-05	0.00e+00	0.00e+00	0.00e+00	0.00e+00	0.00e+00	0.00e+00	7.15e-01	9.27e-02	6.00e-02
 5.04953e+16	8.73e-01	1.27e-01	4.84e-05	0.00e+00	0.00e+00	0.00e+00	0.00e+00	0.00e+00	0.00e+00	7.21e-01	9.19e-02	5.97e-02
 5.05230e+16	8.78e-01	1.21e-01	4.21e-05	0.00e+00	0.00e+00	0.00e+00	0.00e+00	0.00e+00	0.00e+00	7.28e-01	9.11e-02	5.94e-02
 5.05507e+16	8.84e-01	1.16e-01	3.66e-05	0.00e+00	0.00e+00	0.00e+00	0.00e+00	0.00e+00	0.00e+00	7.35e-01	9.02e-02	5.91e-02
 5.05773e+16	8.89e-01	1.11e-01	3.20e-05	0.00e+00	0.00e+00	0.00e+00	0.00e+00	0.00e+00	0.00e+00	7.41e-01	8.94e-02	5.88e-02
 5.06030e+16	8.93e-01	1.07e-01	2.80e-05	0.00e+00	0.00e+00	0.00e+00	0.00e+00	0.00e+00	0.00e+00	7.46e-01	8.86e-02	5.85e-02
 5.06287e+16	8.98e-01	1.02e-01	2.46e-05	0.00e+00	0.00e+00	0.00e+00	0.00e+00	0.00e+00	0.00e+00	7.52e-01	8.78e-02	5.82e-02
 5.06544e+16	9.02e-01	9.78e-02	2.15e-05	0.00e+00	0.00e+00	0.00e+00	0.00e+00	0.00e+00	0.00e+00	7.57e-01	8.70e-02	5.78e-02
 5.06798e+16	9.06e-01	9.37e-02	1.88e-05	0.00e+00	0.00e+00	0.00e+00	0.00e+00	0.00e+00	0.00e+00	7.63e-01	8.62e-02	5.75e-02
 5.07048e+16	9.10e-01	8.98e-02	1.65e-05	0.00e+00	0.00e+00	0.00e+00	0.00e+00	0.00e+00	0.00e+00	7.68e-01	8.55e-02	5.72e-02
 5.07292e+16	9.14e-01	8.61e-02	1.45e-05	0.00e+00	0.00e+00	0.00e+00	0.00e+00	0.00e+00	0.00e+00	7.72e-01	8.47e-02	5.68e-02
 5.07533e+16	9.17e-01	8.25e-02	1.28e-05	0.00e+00	0.00e+00	0.00e+00	0.00e+00	0.00e+00	0.00e+00	7.77e-01	8.39e-02	5.65e-02
 5.07774e+16	9.21e-01	7.92e-02	1.13e-05	0.00e+00	0.00e+00	0.00e+00	0.00e+00	0.00e+00	0.00e+00	7.81e-01	8.32e-02	5.61e-02
 5.08014e+16	9.24e-01	7.60e-02	9.90e-06	0.00e+00	0.00e+00	0.00e+00	0.00e+00	0.00e+00	0.00e+00	7.86e-01	8.25e-02	5.58e-02
 5.08249e+16	9.27e-01	7.28e-02	8.73e-06	0.00e+00	0.00e+00	0.00e+00	0.00e+00	0.00e+00	0.00e+00	7.90e-01	8.17e-02	5.54e-02
 5.08479e+16	9.30e-01	6.99e-02	7.72e-06	0.00e+00	0.00e+00	0.00e+00	0.00e+00	0.00e+00	0.00e+00	7.94e-01	8.11e-02	5.51e-02
 5.08707e+16	9.33e-01	6.71e-02	6.82e-06	0.00e+00	0.00e+00	0.00e+00	0.00e+00	0.00e+00	0.00e+00	7.98e-01	8.04e-02	5.48e-02
 5.08938e+16	9.36e-01	6.44e-02	6.02e-06	0.00e+00	0.00e+00	0.00e+00	0.00e+00	0.00e+00	0.00e+00	8.01e-01	7.97e-02	5.44e-02
 5.09166e+16	9.38e-01	6.18e-02	5.31e-06	0.00e+00	0.00e+00	0.00e+00	0.00e+00	0.00e+00	0.00e+00	8.05e-01	7.91e-02	5.41e-02
 5.09387e+16	9.41e-01	5.93e-02	4.71e-06	0.00e+00	0.00e+00	0.00e+00	0.00e+00	0.00e+00	0.00e+00	8.08e-01	7.84e-02	5.38e-02
 5.09605e+16	9.43e-01	5.70e-02	4.18e-06	0.00e+00	0.00e+00	0.00e+00	0.00e+00	0.00e+00	0.00e+00	8.12e-01	7.78e-02	5.34e-02
 5.09827e+16	9.45e-01	5.48e-02	3.70e-06	0.00e+00	0.00e+00	0.00e+00	0.00e+00	0.00e+00	0.00e+00	8.15e-01	7.72e-02	5.30e-02
 5.10050e+16	9.48e-01	5.25e-02	3.27e-06	0.00e+00	0.00e+00	0.00e+00	0.00e+00	0.00e+00	0.00e+00	8.18e-01	7.66e-02	5.27e-02
 5.10264e+16	9.50e-01	5.04e-02	2.90e-06	0.00e+00	0.00e+00	0.00e+00	0.00e+00	0.00e+00	0.00e+00	8.21e-01	7.60e-02	5.23e-02
 5.10473e+16	9.51e-01	4.85e-02	2.59e-06	0.00e+00	0.00e+00	0.00e+00	0.00e+00	0.00e+00	0.00e+00	8.24e-01	7.54e-02	5.20e-02
 5.10683e+16	9.53e-01	4.67e-02	2.30e-06	0.00e+00	0.00e+00	0.00e+00	0.00e+00	0.00e+00	0.00e+00	8.27e-01	7.49e-02	5.16e-02
 5.10897e+16	9.55e-01	4.48e-02	2.04e-06	0.00e+00	0.00e+00	0.00e+00	0.00e+00	0.00e+00	0.00e+00	8.30e-01	7.44e-02	5.13e-02
 5.11108e+16	9.57e-01	4.30e-02	1.81e-06	0.00e+00	0.00e+00	0.00e+00	0.00e+00	0.00e+00	0.00e+00	8.32e-01	7.38e-02	5.10e-02
 5.11312e+16	9.59e-01	4.13e-02	1.62e-06	0.00e+00	0.00e+00	0.00e+00	0.00e+00	0.00e+00	0.00e+00	8.35e-01	7.33e-02	5.06e-02
 5.11515e+16	9.60e-01	3.97e-02	1.44e-06	0.00e+00	0.00e+00	0.00e+00	0.00e+00	0.00e+00	0.00e+00	8.37e-01	7.28e-02	5.03e-02
 5.11719e+16	9.62e-01	3.82e-02	1.28e-06	0.00e+00	0.00e+00	0.00e+00	0.00e+00	0.00e+00	0.00e+00	8.39e-01	7.24e-02	5.00e-02
 5.11926e+16	9.63e-01	3.66e-02	1.14e-06	0.00e+00	0.00e+00	0.00e+00	0.00e+00	0.00e+00	0.00e+00	8.42e-01	7.19e-02	4.97e-02
 5.12127e+16	9.65e-01	3.52e-02	1.02e-06	0.00e+00	0.00e+00	0.00e+00	0.00e+00	0.00e+00	0.00e+00	8.44e-01	7.14e-02	4.94e-02
 5.12320e+16	9.66e-01	3.38e-02	9.14e-07	0.00e+00	0.00e+00	0.00e+00	0.00e+00	0.00e+00	0.00e+00	8.46e-01	7.10e-02	4.91e-02
 5.12515e+16	9.68e-01	3.25e-02	8.17e-07	0.00e+00	0.00e+00	0.00e+00	0.00e+00	0.00e+00	0.00e+00	8.48e-01	7.05e-02	4.88e-02
 5.12718e+16	9.69e-01	3.11e-02	7.27e-07	0.00e+00	0.00e+00	0.00e+00	0.00e+00	0.00e+00	0.00e+00	8.50e-01	7.01e-02	4.86e-02
 5.12921e+16	9.70e-01	2.99e-02	6.48e-07	0.00e+00	0.00e+00	0.00e+00	0.00e+00	0.00e+00	0.00e+00	8.52e-01	6.97e-02	4.83e-02
 5.13109e+16	9.71e-01	2.87e-02	5.82e-07	0.00e+00	0.00e+00	0.00e+00	0.00e+00	0.00e+00	0.00e+00	8.54e-01	6.93e-02	4.81e-02
 5.13287e+16	9.72e-01	2.77e-02	5.27e-07	0.00e+00	0.00e+00	0.00e+00	0.00e+00	0.00e+00	0.00e+00	8.56e-01	6.90e-02	4.78e-02
 5.13474e+16	9.73e-01	2.66e-02	4.72e-07	0.00e+00	0.00e+00	0.00e+00	0.00e+00	0.00e+00	0.00e+00	8.57e-01	6.86e-02	4.76e-02
 5.13670e+16	9.75e-01	2.55e-02	4.21e-07	0.00e+00	0.00e+00	0.00e+00	0.00e+00	0.00e+00	0.00e+00	8.59e-01	6.82e-02	4.73e-02
 5.13857e+16	9.76e-01	2.44e-02	3.78e-07	0.00e+00	0.00e+00	0.00e+00	0.00e+00	0.00e+00	0.00e+00	8.61e-01	6.78e-02	4.70e-02
 5.14034e+16	9.76e-01	2.35e-02	3.42e-07	0.00e+00	0.00e+00	0.00e+00	0.00e+00	0.00e+00	0.00e+00	8.62e-01	6.75e-02	4.68e-02
 5.14210e+16	9.77e-01	2.26e-02	3.09e-07	0.00e+00	0.00e+00	0.00e+00	0.00e+00	0.00e+00	0.00e+00	8.64e-01	6.71e-02	4.66e-02
 5.14388e+16	9.78e-01	2.17e-02	2.78e-07	0.00e+00	0.00e+00	0.00e+00	0.00e+00	0.00e+00	0.00e+00	8.65e-01	6.68e-02	4.64e-02
 5.14564e+16	9.79e-01	2.08e-02	2.51e-07	0.00e+00	0.00e+00	0.00e+00	0.00e+00	0.00e+00	0.00e+00	8.67e-01	6.65e-02	4.61e-02
 5.14733e+16	9.80e-01	2.00e-02	2.28e-07	0.00e+00	0.00e+00	0.00e+00	0.00e+00	0.00e+00	0.00e+00	8.68e-01	6.62e-02	4.59e-02
 5.14888e+16	9.81e-01	1.92e-02	2.08e-07	0.00e+00	0.00e+00	0.00e+00	0.00e+00	0.00e+00	0.00e+00	8.69e-01	6.59e-02	4.57e-02
 5.15027e+16	9.81e-01	1.86e-02	1.92e-07	0.00e+00	0.00e+00	0.00e+00	0.00e+00	0.00e+00	0.00e+00	8.70e-01	6.56e-02	4.55e-02
 5.15156e+16	9.82e-01	1.80e-02	1.79e-07	0.00e+00	0.00e+00	0.00e+00	0.00e+00	0.00e+00	0.00e+00	8.71e-01	6.54e-02	4.54e-02
 5.15280e+16	9.83e-01	1.75e-02	1.66e-07	0.00e+00	0.00e+00	0.00e+00	0.00e+00	0.00e+00	0.00e+00	8.72e-01	6.52e-02	4.52e-02
 5.15398e+16	9.83e-01	1.70e-02	1.56e-07	0.00e+00	0.00e+00	0.00e+00	0.00e+00	0.00e+00	0.00e+00	8.73e-01	6.50e-02	4.50e-02
 5.15506e+16	9.83e-01	1.65e-02	1.46e-07	0.00e+00	0.00e+00	0.00e+00	0.00e+00	0.00e+00	0.00e+00	8.74e-01	6.47e-02	4.49e-02
 5.15608e+16	9.84e-01	1.61e-02	1.38e-07	0.00e+00	0.00e+00	0.00e+00	0.00e+00	0.00e+00	0.00e+00	8.75e-01	6.45e-02	4.47e-02
 5.15706e+16	9.84e-01	1.57e-02	1.30e-07	0.00e+00	0.00e+00	0.00e+00	0.00e+00	0.00e+00	0.00e+00	8.75e-01	6.43e-02	4.46e-02
 5.15801e+16	9.85e-01	1.53e-02	1.23e-07	0.00e+00	0.00e+00	0.00e+00	0.00e+00	0.00e+00	0.00e+00	8.76e-01	6.41e-02	4.45e-02
 5.15891e+16	9.85e-01	1.49e-02	1.17e-07	0.00e+00	0.00e+00	0.00e+00	0.00e+00	0.00e+00	0.00e+00	8.77e-01	6.40e-02	4.43e-02
 5.15977e+16	9.85e-01	1.45e-02	1.11e-07	0.00e+00	0.00e+00	0.00e+00	0.00e+00	0.00e+00	0.00e+00	8.78e-01	6.38e-02	4.42e-02
 5.16060e+16	9.86e-01	1.42e-02	1.06e-07	0.00e+00	0.00e+00	0.00e+00	0.00e+00	0.00e+00	0.00e+00	8.78e-01	6.36e-02	4.40e-02
 5.16142e+16	9.86e-01	1.38e-02	1.01e-07	0.00e+00	0.00e+00	0.00e+00	0.00e+00	0.00e+00	0.00e+00	8.79e-01	6.34e-02	4.39e-02
 5.16223e+16	9.87e-01	1.35e-02	9.64e-08	0.00e+00	0.00e+00	0.00e+00	0.00e+00	0.00e+00	0.00e+00	8.80e-01	6.32e-02	4.38e-02
 5.16302e+16	9.87e-01	1.31e-02	9.19e-08	0.00e+00	0.00e+00	0.00e+00	0.00e+00	0.00e+00	0.00e+00	8.80e-01	6.30e-02	4.36e-02
 5.16382e+16	9.87e-01	1.28e-02	8.76e-08	0.00e+00	0.00e+00	0.00e+00	0.00e+00	0.00e+00	0.00e+00	8.81e-01	6.28e-02	4.35e-02
 5.16462e+16	9.88e-01	1.24e-02	8.34e-08	0.00e+00	0.00e+00	0.00e+00	0.00e+00	0.00e+00	0.00e+00	8.82e-01	6.26e-02	4.33e-02
 5.16545e+16	9.88e-01	1.20e-02	7.93e-08	0.00e+00	0.00e+00	0.00e+00	0.00e+00	0.00e+00	0.00e+00	8.83e-01	6.23e-02	4.31e-02
 5.16629e+16	9.88e-01	1.17e-02	7.53e-08	0.00e+00	0.00e+00	0.00e+00	0.00e+00	0.00e+00	0.00e+00	8.83e-01	6.21e-02	4.29e-02
 5.16708e+16	9.89e-01	1.13e-02	7.17e-08	0.00e+00	0.00e+00	0.00e+00	0.00e+00	0.00e+00	0.00e+00	8.84e-01	6.18e-02	4.27e-02
 5.16778e+16	9.89e-01	1.10e-02	6.87e-08	0.00e+00	0.00e+00	0.00e+00	0.00e+00	0.00e+00	0.00e+00	8.85e-01	6.16e-02	4.25e-02
 5.16841e+16	9.89e-01	1.07e-02	6.60e-08	0.00e+00	0.00e+00	0.00e+00	0.00e+00	0.00e+00	0.00e+00	8.86e-01	6.14e-02	4.23e-02
 5.16901e+16	9.90e-01	1.04e-02	6.35e-08	0.00e+00	0.00e+00	0.00e+00	0.00e+00	0.00e+00	0.00e+00	8.86e-01	6.12e-02	4.22e-02
 5.16960e+16	9.90e-01	1.02e-02	6.12e-08	0.00e+00	0.00e+00	0.00e+00	0.00e+00	0.00e+00	0.00e+00	8.87e-01	6.10e-02	4.20e-02
 5.17016e+16	9.90e-01	9.91e-03	5.90e-08	0.00e+00	0.00e+00	0.00e+00	0.00e+00	0.00e+00	0.00e+00	8.88e-01	6.08e-02	4.18e-02
 5.17069e+16	9.90e-01	9.67e-03	5.70e-08	0.00e+00	0.00e+00	0.00e+00	0.00e+00	0.00e+00	0.00e+00	8.88e-01	6.06e-02	4.16e-02
 5.17118e+16	9.91e-01	9.44e-03	5.51e-08	0.00e+00	0.00e+00	0.00e+00	0.00e+00	0.00e+00	0.00e+00	8.89e-01	6.03e-02	4.15e-02
 5.17163e+16	9.91e-01	9.24e-03	5.35e-08	0.00e+00	0.00e+00	0.00e+00	0.00e+00	0.00e+00	0.00e+00	8.89e-01	6.02e-02	4.13e-02
 5.17204e+16	9.91e-01	9.06e-03	5.20e-08	0.00e+00	0.00e+00	0.00e+00	0.00e+00	0.00e+00	0.00e+00	8.90e-01	6.00e-02	4.12e-02
 5.17241e+16	9.91e-01	8.89e-03	5.07e-08	0.00e+00	0.00e+00	0.00e+00	0.00e+00	0.00e+00	0.00e+00	8.90e-01	5.98e-02	4.10e-02
 5.17274e+16	9.91e-01	8.74e-03	4.95e-08	0.00e+00	0.00e+00	0.00e+00	0.00e+00	0.00e+00	0.00e+00	8.91e-01	5.97e-02	4.09e-02
 5.17305e+16	9.91e-01	8.63e-03	4.85e-08	0.00e+00	0.00e+00	0.00e+00	0.00e+00	0.00e+00	0.00e+00	8.91e-01	5.95e-02	4.08e-02
 5.17338e+16	9.92e-01	8.48e-03	4.73e-08	0.00e+00	0.00e+00	0.00e+00	0.00e+00	0.00e+00	0.00e+00	8.92e-01	5.94e-02	4.06e-02
 5.17374e+16	9.92e-01	8.32e-03	4.60e-08	0.00e+00	0.00e+00	0.00e+00	0.00e+00	0.00e+00	0.00e+00	8.92e-01	5.91e-02	4.05e-02
 5.17407e+16	9.92e-01	8.18e-03	4.49e-08	0.00e+00	0.00e+00	0.00e+00	0.00e+00	0.00e+00	0.00e+00	8.92e-01	5.90e-02	4.04e-02
 5.17437e+16	9.92e-01	8.06e-03	4.39e-08	0.00e+00	0.00e+00	0.00e+00	0.00e+00	0.00e+00	0.00e+00	8.93e-01	5.88e-02	4.02e-02
 5.17465e+16	9.92e-01	7.95e-03	4.30e-08	0.00e+00	0.00e+00	0.00e+00	0.00e+00	0.00e+00	0.00e+00	8.93e-01	5.86e-02	4.01e-02
 5.17495e+16	9.92e-01	7.82e-03	4.20e-08	0.00e+00	0.00e+00	0.00e+00	0.00e+00	0.00e+00	0.00e+00	8.94e-01	5.85e-02	4.00e-02
 5.17527e+16	9.92e-01	7.68e-03	4.09e-08	0.00e+00	0.00e+00	0.00e+00	0.00e+00	0.00e+00	0.00e+00	8.94e-01	5.83e-02	3.98e-02
 5.17556e+16	9.92e-01	7.56e-03	4.00e-08	0.00e+00	0.00e+00	0.00e+00	0.00e+00	0.00e+00	0.00e+00	8.95e-01	5.81e-02	3.97e-02
 5.17588e+16	9.93e-01	7.40e-03	3.88e-08	0.00e+00	0.00e+00	0.00e+00	0.00e+00	0.00e+00	0.00e+00	8.95e-01	5.79e-02	3.95e-02
