#depth	He	He+	He+2
 4.83187e+11	7.00e-04	9.38e-01	6.18e-02
 2.89912e+12	7.00e-04	9.38e-01	6.18e-02
 1.25629e+13	7.00e-04	9.38e-01	6.14e-02
 5.12178e+13	7.03e-04	9.40e-01	5.97e-02
 1.22343e+14	7.05e-04	9.40e-01	5.90e-02
 2.14806e+14	7.09e-04	9.43e-01	5.62e-02
 3.35007e+14	7.16e-04	9.48e-01	5.15e-02
 4.91269e+14	7.25e-04	9.55e-01	4.47e-02
 6.94409e+14	7.36e-04	9.63e-01	3.62e-02
 9.58492e+14	7.50e-04	9.73e-01	2.67e-02
 1.30180e+15	7.65e-04	9.82e-01	1.75e-02
 1.74810e+15	7.82e-04	9.89e-01	9.89e-03
 2.32829e+15	8.01e-04	9.95e-01	4.69e-03
 3.08253e+15	8.24e-04	9.97e-01	1.81e-03
 4.06305e+15	8.51e-04	9.99e-01	5.63e-04
 5.33773e+15	8.87e-04	9.99e-01	1.40e-04
 6.99481e+15	9.36e-04	9.99e-01	2.87e-05
 9.14901e+15	1.00e-03	9.99e-01	5.05e-06
 1.17091e+16	1.09e-03	9.99e-01	8.86e-07
 1.43941e+16	1.19e-03	9.99e-01	1.89e-07
 1.65234e+16	1.27e-03	9.99e-01	6.54e-08
 1.81757e+16	1.34e-03	9.99e-01	3.06e-08
 1.99933e+16	1.43e-03	9.99e-01	1.41e-08
 2.19926e+16	1.54e-03	9.98e-01	6.34e-09
 2.36186e+16	1.64e-03	9.98e-01	3.55e-09
 2.45852e+16	1.70e-03	9.98e-01	2.56e-09
 2.54770e+16	1.77e-03	9.98e-01	1.87e-09
 2.66363e+16	1.86e-03	9.98e-01	1.26e-09
 2.78176e+16	1.96e-03	9.98e-01	8.75e-10
 2.87431e+16	2.04e-03	9.98e-01	6.69e-10
 2.95208e+16	2.12e-03	9.98e-01	5.37e-10
 3.03903e+16	2.22e-03	9.98e-01	4.20e-10
 3.13302e+16	2.33e-03	9.98e-01	3.30e-10
 3.21442e+16	2.44e-03	9.98e-01	2.72e-10
 3.28430e+16	2.54e-03	9.97e-01	2.33e-10
 3.36092e+16	2.67e-03	9.97e-01	1.97e-10
 3.44295e+16	2.81e-03	9.97e-01	1.67e-10
 3.51302e+16	2.95e-03	9.97e-01	1.47e-10
 3.57335e+16	3.08e-03	9.97e-01	1.33e-10
 3.63996e+16	3.24e-03	9.97e-01	1.20e-10
 3.71184e+16	3.42e-03	9.97e-01	1.08e-10
 3.77380e+16	3.61e-03	9.96e-01	9.98e-11
 3.82713e+16	3.78e-03	9.96e-01	9.38e-11
 3.88605e+16	4.01e-03	9.96e-01	8.79e-11
 3.94956e+16	4.27e-03	9.96e-01	8.28e-11
 4.00475e+16	4.53e-03	9.95e-01	7.90e-11
 4.05281e+16	4.79e-03	9.95e-01	7.63e-11
 4.10591e+16	5.11e-03	9.95e-01	7.36e-11
 4.16191e+16	5.50e-03	9.95e-01	7.16e-11
 4.20850e+16	5.87e-03	9.94e-01	7.02e-11
 4.24761e+16	6.23e-03	9.94e-01	6.94e-11
 4.29020e+16	6.68e-03	9.93e-01	6.86e-11
 4.33580e+16	7.23e-03	9.93e-01	6.80e-11
 4.37435e+16	7.78e-03	9.92e-01	6.76e-11
 4.40671e+16	8.31e-03	9.92e-01	6.79e-11
 4.44197e+16	8.98e-03	9.91e-01	6.84e-11
 4.47984e+16	9.82e-03	9.90e-01	6.92e-11
 4.51211e+16	1.07e-02	9.89e-01	7.07e-11
 4.53945e+16	1.15e-02	9.88e-01	7.25e-11
 4.56939e+16	1.26e-02	9.87e-01	7.47e-11
 4.60154e+16	1.40e-02	9.86e-01	7.89e-11
 4.62912e+16	1.54e-02	9.85e-01	8.23e-11
 4.65270e+16	1.69e-02	9.83e-01	8.78e-11
 4.67855e+16	1.89e-02	9.81e-01	9.29e-11
 4.70641e+16	2.15e-02	9.78e-01	1.04e-10
 4.72746e+16	2.40e-02	9.76e-01	1.12e-10
 4.74077e+16	2.58e-02	9.74e-01	1.20e-10
 4.75345e+16	2.78e-02	9.72e-01	1.29e-10
 4.76995e+16	3.08e-02	9.69e-01	1.43e-10
 4.78641e+16	3.42e-02	9.66e-01	1.61e-10
 4.79879e+16	3.74e-02	9.63e-01	1.74e-10
 4.80879e+16	4.02e-02	9.60e-01	1.92e-10
 4.81972e+16	4.38e-02	9.56e-01	2.12e-10
 4.83180e+16	4.83e-02	9.52e-01	2.38e-10
 4.84256e+16	5.30e-02	9.47e-01	2.65e-10
 4.85176e+16	5.74e-02	9.43e-01	2.97e-10
 4.86170e+16	6.32e-02	9.37e-01	3.31e-10
 4.87223e+16	6.99e-02	9.30e-01	3.77e-10
 4.88118e+16	7.62e-02	9.24e-01	4.31e-10
 4.88918e+16	8.30e-02	9.17e-01	4.77e-10
 4.89830e+16	9.17e-02	9.08e-01	5.47e-10
 4.90801e+16	1.02e-01	8.98e-01	6.35e-10
 4.91631e+16	1.12e-01	8.88e-01	7.17e-10
 4.92357e+16	1.22e-01	8.78e-01	8.10e-10
 4.93063e+16	1.32e-01	8.68e-01	9.02e-10
 4.93794e+16	1.44e-01	8.56e-01	1.02e-09
 4.94492e+16	1.57e-01	8.43e-01	1.14e-09
 4.95110e+16	1.69e-01	8.31e-01	1.27e-09
 4.95671e+16	1.81e-01	8.19e-01	1.39e-09
 4.96103e+16	1.91e-01	8.09e-01	1.49e-09
 4.96405e+16	1.98e-01	8.02e-01	1.56e-09
 4.96702e+16	2.06e-01	7.94e-01	1.64e-09
 4.97048e+16	2.16e-01	7.84e-01	1.73e-09
 4.97408e+16	2.26e-01	7.74e-01	1.83e-09
 4.97743e+16	2.35e-01	7.65e-01	1.94e-09
 4.98062e+16	2.45e-01	7.55e-01	2.03e-09
 4.98381e+16	2.55e-01	7.45e-01	2.15e-09
 4.98704e+16	2.65e-01	7.35e-01	2.25e-09
 4.99024e+16	2.76e-01	7.24e-01	2.38e-09
 4.99340e+16	2.87e-01	7.13e-01	2.49e-09
 4.99655e+16	2.98e-01	7.02e-01	2.61e-09
 4.99964e+16	3.10e-01	6.90e-01	2.74e-09
 5.00269e+16	3.21e-01	6.79e-01	2.87e-09
 5.00578e+16	3.34e-01	6.66e-01	3.00e-09
 5.00884e+16	3.46e-01	6.54e-01	3.15e-09
 5.01187e+16	3.59e-01	6.41e-01	3.29e-09
 5.01490e+16	3.72e-01	6.28e-01	3.42e-09
 5.01787e+16	3.85e-01	6.15e-01	3.57e-09
 5.02081e+16	3.98e-01	6.02e-01	3.72e-09
 5.02379e+16	4.12e-01	5.88e-01	3.86e-09
 5.02675e+16	4.25e-01	5.75e-01	4.02e-09
 5.02967e+16	4.40e-01	5.60e-01	4.17e-09
 5.03260e+16	4.54e-01	5.46e-01	4.32e-09
 5.03547e+16	4.68e-01	5.32e-01	4.47e-09
 5.03832e+16	4.82e-01	5.18e-01	4.63e-09
 5.04120e+16	4.97e-01	5.03e-01	4.77e-09
 5.04406e+16	5.11e-01	4.89e-01	4.94e-09
 5.04681e+16	5.26e-01	4.74e-01	5.08e-09
 5.04953e+16	5.40e-01	4.60e-01	5.21e-09
 5.05230e+16	5.55e-01	4.45e-01	5.36e-09
 5.05507e+16	5.69e-01	4.31e-01	5.50e-09
 5.05773e+16	5.83e-01	4.17e-01	5.64e-09
 5.06030e+16	5.96e-01	4.04e-01	5.77e-09
 5.06287e+16	6.10e-01	3.90e-01	5.89e-09
 5.06544e+16	6.23e-01	3.77e-01	6.00e-09
 5.06798e+16	6.36e-01	3.64e-01	6.12e-09
 5.07048e+16	6.49e-01	3.51e-01	6.24e-09
 5.07292e+16	6.61e-01	3.39e-01	6.34e-09
 5.07533e+16	6.74e-01	3.26e-01	6.43e-09
 5.07774e+16	6.86e-01	3.14e-01	6.52e-09
 5.08014e+16	6.97e-01	3.03e-01	6.62e-09
 5.08249e+16	7.08e-01	2.92e-01	6.71e-09
 5.08479e+16	7.19e-01	2.81e-01	6.78e-09
 5.08707e+16	7.30e-01	2.70e-01	6.84e-09
 5.08938e+16	7.41e-01	2.59e-01	6.92e-09
 5.09166e+16	7.51e-01	2.49e-01	6.99e-09
 5.09387e+16	7.60e-01	2.40e-01	7.04e-09
 5.09605e+16	7.70e-01	2.30e-01	7.08e-09
 5.09827e+16	7.79e-01	2.21e-01	7.14e-09
 5.10050e+16	7.88e-01	2.12e-01	7.18e-09
 5.10264e+16	7.97e-01	2.03e-01	7.22e-09
 5.10473e+16	8.05e-01	1.95e-01	7.25e-09
 5.10683e+16	8.13e-01	1.87e-01	7.28e-09
 5.10897e+16	8.21e-01	1.79e-01	7.30e-09
 5.11108e+16	8.28e-01	1.72e-01	7.32e-09
 5.11312e+16	8.35e-01	1.65e-01	7.33e-09
 5.11515e+16	8.42e-01	1.58e-01	7.33e-09
 5.11719e+16	8.49e-01	1.51e-01	7.34e-09
 5.11926e+16	8.55e-01	1.45e-01	7.35e-09
 5.12127e+16	8.61e-01	1.39e-01	7.36e-09
 5.12320e+16	8.67e-01	1.33e-01	7.34e-09
 5.12515e+16	8.73e-01	1.27e-01	7.30e-09
 5.12718e+16	8.78e-01	1.22e-01	7.29e-09
 5.12921e+16	8.83e-01	1.17e-01	7.32e-09
 5.13109e+16	8.88e-01	1.12e-01	7.31e-09
 5.13287e+16	8.93e-01	1.07e-01	7.27e-09
 5.13474e+16	8.97e-01	1.03e-01	7.24e-09
 5.13670e+16	9.02e-01	9.84e-02	7.21e-09
 5.13857e+16	9.06e-01	9.43e-02	7.19e-09
 5.14034e+16	9.09e-01	9.05e-02	7.16e-09
 5.14210e+16	9.13e-01	8.68e-02	7.12e-09
 5.14388e+16	9.17e-01	8.32e-02	7.07e-09
 5.14564e+16	9.20e-01	7.98e-02	7.05e-09
 5.14733e+16	9.23e-01	7.67e-02	7.00e-09
 5.14888e+16	9.26e-01	7.39e-02	6.96e-09
 5.15027e+16	9.29e-01	7.14e-02	6.91e-09
 5.15156e+16	9.31e-01	6.93e-02	6.87e-09
 5.15280e+16	9.33e-01	6.71e-02	6.82e-09
 5.15398e+16	9.35e-01	6.52e-02	6.77e-09
 5.15506e+16	9.37e-01	6.35e-02	6.72e-09
 5.15608e+16	9.38e-01	6.19e-02	6.67e-09
 5.15706e+16	9.40e-01	6.03e-02	6.62e-09
 5.15801e+16	9.41e-01	5.89e-02	6.57e-09
 5.15891e+16	9.42e-01	5.76e-02	6.52e-09
 5.15977e+16	9.44e-01	5.63e-02	6.47e-09
 5.16060e+16	9.45e-01	5.51e-02	6.42e-09
 5.16142e+16	9.46e-01	5.39e-02	6.37e-09
 5.16223e+16	9.47e-01	5.28e-02	6.32e-09
 5.16302e+16	9.48e-01	5.17e-02	6.26e-09
 5.16382e+16	9.49e-01	5.06e-02	6.20e-09
 5.16462e+16	9.50e-01	4.95e-02	6.14e-09
 5.16545e+16	9.52e-01	4.84e-02	6.08e-09
 5.16629e+16	9.53e-01	4.74e-02	6.01e-09
 5.16708e+16	9.54e-01	4.64e-02	5.94e-09
 5.16778e+16	9.55e-01	4.55e-02	5.87e-09
 5.16841e+16	9.55e-01	4.47e-02	5.81e-09
 5.16901e+16	9.56e-01	4.39e-02	5.74e-09
 5.16960e+16	9.57e-01	4.31e-02	5.68e-09
 5.17016e+16	9.58e-01	4.24e-02	5.61e-09
 5.17069e+16	9.58e-01	4.18e-02	5.55e-09
 5.17118e+16	9.59e-01	4.11e-02	5.48e-09
 5.17163e+16	9.59e-01	4.06e-02	5.42e-09
 5.17204e+16	9.60e-01	4.00e-02	5.37e-09
 5.17241e+16	9.60e-01	3.95e-02	5.30e-09
 5.17274e+16	9.61e-01	3.91e-02	5.26e-09
 5.17305e+16	9.61e-01	3.88e-02	5.23e-09
 5.17338e+16	9.62e-01	3.83e-02	5.17e-09
 5.17374e+16	9.62e-01	3.78e-02	5.11e-09
 5.17407e+16	9.63e-01	3.74e-02	5.07e-09
 5.17437e+16	9.63e-01	3.71e-02	5.03e-09
 5.17465e+16	9.63e-01	3.67e-02	4.99e-09
 5.17495e+16	9.64e-01	3.63e-02	4.94e-09
 5.17527e+16	9.64e-01	3.59e-02	4.89e-09
 5.17556e+16	9.64e-01	3.56e-02	4.86e-09
 5.17588e+16	9.65e-01	3.52e-02	4.81e-09
