#depth	O	O+	O+2	O+3	O+4	O+5	O+6	O+7	O+8	O[1]	O[2]	O[3]
 4.70624e+11	5.78e-06	1.07e-02	9.64e-01	2.55e-02	9.55e-07	0.00e+00	0.00e+00	0.00e+00	0.00e+00	4.02e-06	1.19e-06	5.73e-07
 2.82374e+12	5.77e-06	1.07e-02	9.64e-01	2.54e-02	9.50e-07	0.00e+00	0.00e+00	0.00e+00	0.00e+00	4.02e-06	1.18e-06	5.72e-07
 1.22362e+13	5.77e-06	1.07e-02	9.64e-01	2.51e-02	9.31e-07	0.00e+00	0.00e+00	0.00e+00	0.00e+00	4.01e-06	1.18e-06	5.72e-07
 4.98861e+13	5.80e-06	1.08e-02	9.65e-01	2.38e-02	8.58e-07	0.00e+00	0.00e+00	0.00e+00	0.00e+00	4.03e-06	1.19e-06	5.75e-07
 1.19162e+14	5.79e-06	1.08e-02	9.67e-01	2.19e-02	7.58e-07	0.00e+00	0.00e+00	0.00e+00	0.00e+00	4.02e-06	1.19e-06	5.75e-07
 2.09221e+14	5.81e-06	1.08e-02	9.69e-01	1.97e-02	6.44e-07	0.00e+00	0.00e+00	0.00e+00	0.00e+00	4.03e-06	1.20e-06	5.77e-07
 3.26297e+14	5.84e-06	1.09e-02	9.72e-01	1.71e-02	5.19e-07	0.00e+00	0.00e+00	0.00e+00	0.00e+00	4.06e-06	1.20e-06	5.80e-07
 4.78496e+14	5.88e-06	1.10e-02	9.75e-01	1.41e-02	3.90e-07	0.00e+00	0.00e+00	0.00e+00	0.00e+00	4.08e-06	1.21e-06	5.84e-07
 6.76354e+14	5.94e-06	1.11e-02	9.78e-01	1.10e-02	2.68e-07	0.00e+00	0.00e+00	0.00e+00	0.00e+00	4.13e-06	1.22e-06	5.91e-07
 9.33571e+14	6.03e-06	1.12e-02	9.81e-01	7.86e-03	1.63e-07	0.00e+00	0.00e+00	0.00e+00	0.00e+00	4.19e-06	1.24e-06	5.99e-07
 1.26795e+15	6.16e-06	1.14e-02	9.84e-01	5.07e-03	0.00e+00	0.00e+00	0.00e+00	0.00e+00	0.00e+00	4.28e-06	1.27e-06	6.12e-07
 1.70265e+15	6.33e-06	1.16e-02	9.86e-01	2.87e-03	0.00e+00	0.00e+00	0.00e+00	0.00e+00	0.00e+00	4.40e-06	1.30e-06	6.29e-07
 2.26775e+15	6.58e-06	1.18e-02	9.87e-01	1.39e-03	0.00e+00	0.00e+00	0.00e+00	0.00e+00	0.00e+00	4.57e-06	1.35e-06	6.54e-07
 3.00239e+15	6.93e-06	1.22e-02	9.87e-01	5.65e-04	0.00e+00	0.00e+00	0.00e+00	0.00e+00	0.00e+00	4.82e-06	1.42e-06	6.88e-07
 3.95741e+15	7.44e-06	1.26e-02	9.87e-01	1.94e-04	0.00e+00	0.00e+00	0.00e+00	0.00e+00	0.00e+00	5.17e-06	1.52e-06	7.39e-07
 5.19895e+15	8.19e-06	1.31e-02	9.87e-01	6.17e-05	0.00e+00	0.00e+00	0.00e+00	0.00e+00	0.00e+00	5.70e-06	1.68e-06	8.14e-07
 6.81294e+15	9.37e-06	1.39e-02	9.86e-01	2.33e-05	0.00e+00	0.00e+00	0.00e+00	0.00e+00	0.00e+00	6.52e-06	1.92e-06	9.31e-07
 8.91113e+15	1.12e-05	1.51e-02	9.85e-01	1.31e-05	0.00e+00	0.00e+00	0.00e+00	0.00e+00	0.00e+00	7.83e-06	2.30e-06	1.12e-06
 1.13074e+16	1.39e-05	1.65e-02	9.84e-01	9.89e-06	0.00e+00	0.00e+00	0.00e+00	0.00e+00	0.00e+00	9.67e-06	2.84e-06	1.38e-06
 1.37281e+16	1.75e-05	1.81e-02	9.82e-01	8.27e-06	0.00e+00	0.00e+00	0.00e+00	0.00e+00	0.00e+00	1.22e-05	3.58e-06	1.74e-06
 1.56854e+16	2.12e-05	1.95e-02	9.80e-01	7.39e-06	0.00e+00	0.00e+00	0.00e+00	0.00e+00	0.00e+00	1.47e-05	4.34e-06	2.11e-06
 1.72539e+16	2.52e-05	2.09e-02	9.79e-01	6.76e-06	0.00e+00	0.00e+00	0.00e+00	0.00e+00	0.00e+00	1.75e-05	5.16e-06	2.51e-06
 1.89793e+16	3.07e-05	2.26e-02	9.77e-01	6.20e-06	0.00e+00	0.00e+00	0.00e+00	0.00e+00	0.00e+00	2.13e-05	6.32e-06	3.06e-06
 2.08772e+16	3.88e-05	2.47e-02	9.75e-01	5.67e-06	0.00e+00	0.00e+00	0.00e+00	0.00e+00	0.00e+00	2.69e-05	7.99e-06	3.86e-06
 2.24528e+16	4.75e-05	2.68e-02	9.73e-01	5.25e-06	0.00e+00	0.00e+00	0.00e+00	0.00e+00	0.00e+00	3.30e-05	9.81e-06	4.73e-06
 2.34357e+16	5.45e-05	2.83e-02	9.72e-01	5.01e-06	0.00e+00	0.00e+00	0.00e+00	0.00e+00	0.00e+00	3.78e-05	1.13e-05	5.42e-06
 2.43591e+16	6.23e-05	2.99e-02	9.70e-01	4.82e-06	0.00e+00	0.00e+00	0.00e+00	0.00e+00	0.00e+00	4.32e-05	1.29e-05	6.20e-06
 2.55596e+16	7.44e-05	3.21e-02	9.68e-01	4.54e-06	0.00e+00	0.00e+00	0.00e+00	0.00e+00	0.00e+00	5.16e-05	1.54e-05	7.41e-06
 2.67658e+16	9.02e-05	3.48e-02	9.65e-01	4.27e-06	0.00e+00	0.00e+00	0.00e+00	0.00e+00	0.00e+00	6.24e-05	1.87e-05	8.98e-06
 2.76823e+16	1.05e-04	3.71e-02	9.63e-01	4.08e-06	0.00e+00	0.00e+00	0.00e+00	0.00e+00	0.00e+00	7.27e-05	2.19e-05	1.05e-05
 2.84391e+16	1.20e-04	3.92e-02	9.61e-01	3.91e-06	0.00e+00	0.00e+00	0.00e+00	0.00e+00	0.00e+00	8.29e-05	2.50e-05	1.19e-05
 2.92858e+16	1.40e-04	4.19e-02	9.58e-01	3.73e-06	0.00e+00	0.00e+00	0.00e+00	0.00e+00	0.00e+00	9.65e-05	2.92e-05	1.39e-05
 3.02183e+16	1.67e-04	4.53e-02	9.55e-01	3.54e-06	0.00e+00	0.00e+00	0.00e+00	0.00e+00	0.00e+00	1.15e-04	3.49e-05	1.66e-05
 3.10441e+16	1.96e-04	4.87e-02	9.51e-01	3.35e-06	0.00e+00	0.00e+00	0.00e+00	0.00e+00	0.00e+00	1.36e-04	4.12e-05	1.95e-05
 3.17503e+16	2.28e-04	5.20e-02	9.48e-01	3.18e-06	0.00e+00	0.00e+00	0.00e+00	0.00e+00	0.00e+00	1.57e-04	4.78e-05	2.26e-05
 3.25190e+16	2.69e-04	5.61e-02	9.44e-01	3.01e-06	0.00e+00	0.00e+00	0.00e+00	0.00e+00	0.00e+00	1.85e-04	5.65e-05	2.67e-05
 3.33428e+16	3.24e-04	6.12e-02	9.38e-01	2.82e-06	0.00e+00	0.00e+00	0.00e+00	0.00e+00	0.00e+00	2.24e-04	6.83e-05	3.22e-05
 3.40455e+16	3.84e-04	6.62e-02	9.33e-01	2.65e-06	0.00e+00	0.00e+00	0.00e+00	0.00e+00	0.00e+00	2.64e-04	8.09e-05	3.81e-05
 3.46479e+16	4.46e-04	7.11e-02	9.28e-01	2.50e-06	0.00e+00	0.00e+00	0.00e+00	0.00e+00	0.00e+00	3.08e-04	9.41e-05	4.43e-05
 3.53120e+16	5.31e-04	7.73e-02	9.22e-01	2.34e-06	0.00e+00	0.00e+00	0.00e+00	0.00e+00	0.00e+00	3.66e-04	1.12e-04	5.26e-05
 3.60287e+16	6.45e-04	8.49e-02	9.14e-01	2.16e-06	0.00e+00	0.00e+00	0.00e+00	0.00e+00	0.00e+00	4.45e-04	1.36e-04	6.40e-05
 3.66493e+16	7.72e-04	9.27e-02	9.07e-01	2.00e-06	0.00e+00	0.00e+00	0.00e+00	0.00e+00	0.00e+00	5.32e-04	1.63e-04	7.65e-05
 3.71876e+16	9.08e-04	1.00e-01	8.99e-01	1.86e-06	0.00e+00	0.00e+00	0.00e+00	0.00e+00	0.00e+00	6.26e-04	1.91e-04	8.99e-05
 3.77834e+16	1.10e-03	1.10e-01	8.89e-01	1.70e-06	0.00e+00	0.00e+00	0.00e+00	0.00e+00	0.00e+00	7.56e-04	2.31e-04	1.08e-04
 3.84235e+16	1.36e-03	1.22e-01	8.76e-01	1.53e-06	0.00e+00	0.00e+00	0.00e+00	0.00e+00	0.00e+00	9.36e-04	2.86e-04	1.34e-04
 3.89743e+16	1.64e-03	1.35e-01	8.64e-01	1.40e-06	0.00e+00	0.00e+00	0.00e+00	0.00e+00	0.00e+00	1.13e-03	3.46e-04	1.62e-04
 3.94551e+16	1.96e-03	1.47e-01	8.51e-01	1.27e-06	0.00e+00	0.00e+00	0.00e+00	0.00e+00	0.00e+00	1.35e-03	4.13e-04	1.93e-04
 3.99913e+16	2.41e-03	1.63e-01	8.35e-01	1.14e-06	0.00e+00	0.00e+00	0.00e+00	0.00e+00	0.00e+00	1.66e-03	5.07e-04	2.37e-04
 4.05601e+16	3.03e-03	1.83e-01	8.14e-01	9.95e-07	0.00e+00	0.00e+00	0.00e+00	0.00e+00	0.00e+00	2.09e-03	6.37e-04	2.98e-04
 4.10317e+16	3.71e-03	2.02e-01	7.94e-01	8.80e-07	0.00e+00	0.00e+00	0.00e+00	0.00e+00	0.00e+00	2.56e-03	7.81e-04	3.65e-04
 4.14208e+16	4.41e-03	2.21e-01	7.75e-01	7.87e-07	0.00e+00	0.00e+00	0.00e+00	0.00e+00	0.00e+00	3.05e-03	9.28e-04	4.34e-04
 4.18419e+16	5.38e-03	2.43e-01	7.51e-01	6.88e-07	0.00e+00	0.00e+00	0.00e+00	0.00e+00	0.00e+00	3.72e-03	1.13e-03	5.29e-04
 4.22961e+16	6.74e-03	2.71e-01	7.22e-01	5.84e-07	0.00e+00	0.00e+00	0.00e+00	0.00e+00	0.00e+00	4.66e-03	1.41e-03	6.62e-04
 4.26847e+16	8.24e-03	2.99e-01	6.93e-01	5.04e-07	0.00e+00	0.00e+00	0.00e+00	0.00e+00	0.00e+00	5.70e-03	1.73e-03	8.09e-04
 4.30111e+16	9.83e-03	3.25e-01	6.66e-01	4.36e-07	0.00e+00	0.00e+00	0.00e+00	0.00e+00	0.00e+00	6.80e-03	2.06e-03	9.65e-04
 4.33655e+16	1.20e-02	3.56e-01	6.32e-01	3.67e-07	0.00e+00	0.00e+00	0.00e+00	0.00e+00	0.00e+00	8.31e-03	2.52e-03	1.18e-03
 4.37464e+16	1.50e-02	3.94e-01	5.91e-01	2.99e-07	0.00e+00	0.00e+00	0.00e+00	0.00e+00	0.00e+00	1.04e-02	3.15e-03	1.47e-03
 4.40710e+16	1.84e-02	4.30e-01	5.52e-01	2.45e-07	0.00e+00	0.00e+00	0.00e+00	0.00e+00	0.00e+00	1.27e-02	3.84e-03	1.80e-03
 4.43449e+16	2.19e-02	4.62e-01	5.16e-01	2.03e-07	0.00e+00	0.00e+00	0.00e+00	0.00e+00	0.00e+00	1.52e-02	4.57e-03	2.14e-03
 4.46440e+16	2.67e-02	5.01e-01	4.73e-01	1.60e-07	0.00e+00	0.00e+00	0.00e+00	0.00e+00	0.00e+00	1.85e-02	5.56e-03	2.61e-03
 4.49673e+16	3.33e-02	5.44e-01	4.23e-01	0.00e+00	0.00e+00	0.00e+00	0.00e+00	0.00e+00	0.00e+00	2.31e-02	6.92e-03	3.25e-03
 4.52460e+16	4.07e-02	5.83e-01	3.76e-01	0.00e+00	0.00e+00	0.00e+00	0.00e+00	0.00e+00	0.00e+00	2.82e-02	8.44e-03	3.97e-03
 4.54827e+16	4.85e-02	6.17e-01	3.35e-01	0.00e+00	0.00e+00	0.00e+00	0.00e+00	0.00e+00	0.00e+00	3.37e-02	1.00e-02	4.73e-03
 4.57406e+16	5.89e-02	6.52e-01	2.89e-01	0.00e+00	0.00e+00	0.00e+00	0.00e+00	0.00e+00	0.00e+00	4.10e-02	1.22e-02	5.75e-03
 4.60213e+16	7.34e-02	6.87e-01	2.39e-01	0.00e+00	0.00e+00	0.00e+00	0.00e+00	0.00e+00	0.00e+00	5.11e-02	1.51e-02	7.15e-03
 4.62348e+16	8.73e-02	7.11e-01	2.02e-01	0.00e+00	0.00e+00	0.00e+00	0.00e+00	0.00e+00	0.00e+00	6.09e-02	1.79e-02	8.51e-03
 4.63689e+16	9.76e-02	7.23e-01	1.79e-01	0.00e+00	0.00e+00	0.00e+00	0.00e+00	0.00e+00	0.00e+00	6.81e-02	2.00e-02	9.49e-03
 4.64967e+16	1.09e-01	7.33e-01	1.58e-01	0.00e+00	0.00e+00	0.00e+00	0.00e+00	0.00e+00	0.00e+00	7.60e-02	2.22e-02	1.06e-02
 4.66628e+16	1.25e-01	7.43e-01	1.32e-01	0.00e+00	0.00e+00	0.00e+00	0.00e+00	0.00e+00	0.00e+00	8.76e-02	2.54e-02	1.22e-02
 4.68280e+16	1.44e-01	7.47e-01	1.09e-01	0.00e+00	0.00e+00	0.00e+00	0.00e+00	0.00e+00	0.00e+00	1.01e-01	2.91e-02	1.40e-02
 4.69503e+16	1.60e-01	7.47e-01	9.26e-02	0.00e+00	0.00e+00	0.00e+00	0.00e+00	0.00e+00	0.00e+00	1.13e-01	3.22e-02	1.55e-02
 4.70496e+16	1.75e-01	7.45e-01	8.05e-02	0.00e+00	0.00e+00	0.00e+00	0.00e+00	0.00e+00	0.00e+00	1.23e-01	3.50e-02	1.69e-02
 4.71604e+16	1.93e-01	7.39e-01	6.81e-02	0.00e+00	0.00e+00	0.00e+00	0.00e+00	0.00e+00	0.00e+00	1.36e-01	3.83e-02	1.86e-02
 4.72817e+16	2.15e-01	7.29e-01	5.59e-02	0.00e+00	0.00e+00	0.00e+00	0.00e+00	0.00e+00	0.00e+00	1.52e-01	4.24e-02	2.07e-02
 4.73881e+16	2.36e-01	7.17e-01	4.63e-02	0.00e+00	0.00e+00	0.00e+00	0.00e+00	0.00e+00	0.00e+00	1.67e-01	4.63e-02	2.27e-02
 4.74783e+16	2.56e-01	7.05e-01	3.92e-02	0.00e+00	0.00e+00	0.00e+00	0.00e+00	0.00e+00	0.00e+00	1.81e-01	4.98e-02	2.45e-02
 4.75758e+16	2.80e-01	6.88e-01	3.22e-02	0.00e+00	0.00e+00	0.00e+00	0.00e+00	0.00e+00	0.00e+00	1.99e-01	5.39e-02	2.67e-02
 4.76797e+16	3.07e-01	6.68e-01	2.58e-02	0.00e+00	0.00e+00	0.00e+00	0.00e+00	0.00e+00	0.00e+00	2.19e-01	5.85e-02	2.92e-02
 4.77685e+16	3.31e-01	6.48e-01	2.12e-02	0.00e+00	0.00e+00	0.00e+00	0.00e+00	0.00e+00	0.00e+00	2.37e-01	6.25e-02	3.14e-02
 4.78476e+16	3.54e-01	6.28e-01	1.76e-02	0.00e+00	0.00e+00	0.00e+00	0.00e+00	0.00e+00	0.00e+00	2.54e-01	6.62e-02	3.35e-02
 4.79373e+16	3.82e-01	6.04e-01	1.40e-02	0.00e+00	0.00e+00	0.00e+00	0.00e+00	0.00e+00	0.00e+00	2.76e-01	7.05e-02	3.60e-02
 4.80327e+16	4.14e-01	5.75e-01	1.08e-02	0.00e+00	0.00e+00	0.00e+00	0.00e+00	0.00e+00	0.00e+00	3.00e-01	7.52e-02	3.87e-02
 4.81138e+16	4.43e-01	5.48e-01	8.63e-03	0.00e+00	0.00e+00	0.00e+00	0.00e+00	0.00e+00	0.00e+00	3.23e-01	7.92e-02	4.12e-02
 4.81845e+16	4.68e-01	5.25e-01	7.03e-03	0.00e+00	0.00e+00	0.00e+00	0.00e+00	0.00e+00	0.00e+00	3.42e-01	8.25e-02	4.32e-02
 4.82537e+16	4.93e-01	5.01e-01	5.70e-03	0.00e+00	0.00e+00	0.00e+00	0.00e+00	0.00e+00	0.00e+00	3.62e-01	8.56e-02	4.52e-02
 4.83240e+16	5.20e-01	4.76e-01	4.55e-03	0.00e+00	0.00e+00	0.00e+00	0.00e+00	0.00e+00	0.00e+00	3.84e-01	8.87e-02	4.73e-02
 4.83920e+16	5.46e-01	4.50e-01	3.64e-03	0.00e+00	0.00e+00	0.00e+00	0.00e+00	0.00e+00	0.00e+00	4.05e-01	9.15e-02	4.93e-02
 4.84545e+16	5.69e-01	4.28e-01	2.95e-03	0.00e+00	0.00e+00	0.00e+00	0.00e+00	0.00e+00	0.00e+00	4.24e-01	9.38e-02	5.10e-02
 4.85101e+16	5.91e-01	4.07e-01	2.43e-03	0.00e+00	0.00e+00	0.00e+00	0.00e+00	0.00e+00	0.00e+00	4.43e-01	9.56e-02	5.25e-02
 4.85513e+16	6.06e-01	3.92e-01	2.11e-03	0.00e+00	0.00e+00	0.00e+00	0.00e+00	0.00e+00	0.00e+00	4.55e-01	9.67e-02	5.34e-02
 4.85799e+16	6.16e-01	3.83e-01	1.91e-03	0.00e+00	0.00e+00	0.00e+00	0.00e+00	0.00e+00	0.00e+00	4.64e-01	9.74e-02	5.41e-02
 4.86094e+16	6.26e-01	3.72e-01	1.71e-03	0.00e+00	0.00e+00	0.00e+00	0.00e+00	0.00e+00	0.00e+00	4.74e-01	9.81e-02	5.47e-02
 4.86441e+16	6.39e-01	3.59e-01	1.50e-03	0.00e+00	0.00e+00	0.00e+00	0.00e+00	0.00e+00	0.00e+00	4.85e-01	9.88e-02	5.55e-02
 4.86796e+16	6.53e-01	3.46e-01	1.31e-03	0.00e+00	0.00e+00	0.00e+00	0.00e+00	0.00e+00	0.00e+00	4.97e-01	9.95e-02	5.63e-02
 4.87119e+16	6.64e-01	3.35e-01	1.16e-03	0.00e+00	0.00e+00	0.00e+00	0.00e+00	0.00e+00	0.00e+00	5.07e-01	1.00e-01	5.69e-02
 4.87426e+16	6.76e-01	3.23e-01	1.03e-03	0.00e+00	0.00e+00	0.00e+00	0.00e+00	0.00e+00	0.00e+00	5.18e-01	1.00e-01	5.75e-02
 4.87738e+16	6.86e-01	3.13e-01	9.07e-04	0.00e+00	0.00e+00	0.00e+00	0.00e+00	0.00e+00	0.00e+00	5.28e-01	1.01e-01	5.80e-02
 4.88056e+16	6.98e-01	3.01e-01	7.97e-04	0.00e+00	0.00e+00	0.00e+00	0.00e+00	0.00e+00	0.00e+00	5.38e-01	1.01e-01	5.85e-02
 4.88373e+16	7.09e-01	2.90e-01	7.00e-04	0.00e+00	0.00e+00	0.00e+00	0.00e+00	0.00e+00	0.00e+00	5.49e-01	1.01e-01	5.90e-02
 4.88677e+16	7.20e-01	2.80e-01	6.17e-04	0.00e+00	0.00e+00	0.00e+00	0.00e+00	0.00e+00	0.00e+00	5.59e-01	1.01e-01	5.94e-02
 4.88979e+16	7.30e-01	2.69e-01	5.43e-04	0.00e+00	0.00e+00	0.00e+00	0.00e+00	0.00e+00	0.00e+00	5.69e-01	1.01e-01	5.98e-02
 4.89282e+16	7.40e-01	2.60e-01	4.77e-04	0.00e+00	0.00e+00	0.00e+00	0.00e+00	0.00e+00	0.00e+00	5.78e-01	1.01e-01	6.01e-02
 4.89585e+16	7.50e-01	2.50e-01	4.18e-04	0.00e+00	0.00e+00	0.00e+00	0.00e+00	0.00e+00	0.00e+00	5.88e-01	1.01e-01	6.04e-02
 4.89887e+16	7.60e-01	2.40e-01	3.66e-04	0.00e+00	0.00e+00	0.00e+00	0.00e+00	0.00e+00	0.00e+00	5.98e-01	1.01e-01	6.06e-02
 4.90181e+16	7.69e-01	2.31e-01	3.22e-04	0.00e+00	0.00e+00	0.00e+00	0.00e+00	0.00e+00	0.00e+00	6.08e-01	1.01e-01	6.08e-02
 4.90472e+16	7.78e-01	2.22e-01	2.83e-04	0.00e+00	0.00e+00	0.00e+00	0.00e+00	0.00e+00	0.00e+00	6.17e-01	1.00e-01	6.09e-02
 4.90768e+16	7.87e-01	2.13e-01	2.47e-04	0.00e+00	0.00e+00	0.00e+00	0.00e+00	0.00e+00	0.00e+00	6.26e-01	9.99e-02	6.11e-02
 4.91061e+16	7.95e-01	2.04e-01	2.16e-04	0.00e+00	0.00e+00	0.00e+00	0.00e+00	0.00e+00	0.00e+00	6.35e-01	9.95e-02	6.11e-02
 4.91351e+16	8.04e-01	1.96e-01	1.89e-04	0.00e+00	0.00e+00	0.00e+00	0.00e+00	0.00e+00	0.00e+00	6.44e-01	9.89e-02	6.12e-02
 4.91640e+16	8.12e-01	1.88e-01	1.65e-04	0.00e+00	0.00e+00	0.00e+00	0.00e+00	0.00e+00	0.00e+00	6.52e-01	9.84e-02	6.11e-02
 4.91924e+16	8.20e-01	1.80e-01	1.44e-04	0.00e+00	0.00e+00	0.00e+00	0.00e+00	0.00e+00	0.00e+00	6.61e-01	9.78e-02	6.11e-02
 4.92206e+16	8.27e-01	1.73e-01	1.26e-04	0.00e+00	0.00e+00	0.00e+00	0.00e+00	0.00e+00	0.00e+00	6.69e-01	9.71e-02	6.10e-02
 4.92492e+16	8.35e-01	1.65e-01	1.09e-04	0.00e+00	0.00e+00	0.00e+00	0.00e+00	0.00e+00	0.00e+00	6.77e-01	9.64e-02	6.09e-02
 4.92774e+16	8.41e-01	1.58e-01	9.54e-05	0.00e+00	0.00e+00	0.00e+00	0.00e+00	0.00e+00	0.00e+00	6.85e-01	9.57e-02	6.08e-02
 4.93051e+16	8.48e-01	1.52e-01	8.32e-05	0.00e+00	0.00e+00	0.00e+00	0.00e+00	0.00e+00	0.00e+00	6.93e-01	9.50e-02	6.06e-02
 4.93328e+16	8.55e-01	1.45e-01	7.24e-05	0.00e+00	0.00e+00	0.00e+00	0.00e+00	0.00e+00	0.00e+00	7.00e-01	9.42e-02	6.04e-02
 4.93604e+16	8.61e-01	1.39e-01	6.31e-05	0.00e+00	0.00e+00	0.00e+00	0.00e+00	0.00e+00	0.00e+00	7.07e-01	9.34e-02	6.02e-02
 4.93877e+16	8.67e-01	1.33e-01	5.49e-05	0.00e+00	0.00e+00	0.00e+00	0.00e+00	0.00e+00	0.00e+00	7.14e-01	9.26e-02	5.99e-02
 4.94147e+16	8.73e-01	1.27e-01	4.78e-05	0.00e+00	0.00e+00	0.00e+00	0.00e+00	0.00e+00	0.00e+00	7.21e-01	9.18e-02	5.97e-02
 4.94413e+16	8.78e-01	1.22e-01	4.18e-05	0.00e+00	0.00e+00	0.00e+00	0.00e+00	0.00e+00	0.00e+00	7.28e-01	9.10e-02	5.94e-02
 4.94673e+16	8.83e-01	1.17e-01	3.65e-05	0.00e+00	0.00e+00	0.00e+00	0.00e+00	0.00e+00	0.00e+00	7.34e-01	9.02e-02	5.91e-02
 4.94929e+16	8.88e-01	1.12e-01	3.19e-05	0.00e+00	0.00e+00	0.00e+00	0.00e+00	0.00e+00	0.00e+00	7.40e-01	8.94e-02	5.88e-02
 4.95185e+16	8.93e-01	1.07e-01	2.79e-05	0.00e+00	0.00e+00	0.00e+00	0.00e+00	0.00e+00	0.00e+00	7.46e-01	8.86e-02	5.85e-02
 4.95441e+16	8.98e-01	1.02e-01	2.44e-05	0.00e+00	0.00e+00	0.00e+00	0.00e+00	0.00e+00	0.00e+00	7.52e-01	8.77e-02	5.81e-02
 4.95690e+16	9.02e-01	9.79e-02	2.14e-05	0.00e+00	0.00e+00	0.00e+00	0.00e+00	0.00e+00	0.00e+00	7.57e-01	8.69e-02	5.78e-02
 4.95932e+16	9.06e-01	9.40e-02	1.88e-05	0.00e+00	0.00e+00	0.00e+00	0.00e+00	0.00e+00	0.00e+00	7.62e-01	8.62e-02	5.75e-02
 4.96172e+16	9.10e-01	9.01e-02	1.65e-05	0.00e+00	0.00e+00	0.00e+00	0.00e+00	0.00e+00	0.00e+00	7.67e-01	8.54e-02	5.72e-02
 4.96412e+16	9.14e-01	8.63e-02	1.45e-05	0.00e+00	0.00e+00	0.00e+00	0.00e+00	0.00e+00	0.00e+00	7.72e-01	8.46e-02	5.68e-02
 4.96651e+16	9.17e-01	8.27e-02	1.27e-05	0.00e+00	0.00e+00	0.00e+00	0.00e+00	0.00e+00	0.00e+00	7.77e-01	8.39e-02	5.65e-02
 4.96885e+16	9.21e-01	7.94e-02	1.12e-05	0.00e+00	0.00e+00	0.00e+00	0.00e+00	0.00e+00	0.00e+00	7.81e-01	8.32e-02	5.61e-02
 4.97116e+16	9.24e-01	7.62e-02	9.89e-06	0.00e+00	0.00e+00	0.00e+00	0.00e+00	0.00e+00	0.00e+00	7.86e-01	8.25e-02	5.58e-02
 4.97343e+16	9.27e-01	7.31e-02	8.73e-06	0.00e+00	0.00e+00	0.00e+00	0.00e+00	0.00e+00	0.00e+00	7.90e-01	8.18e-02	5.55e-02
 4.97569e+16	9.30e-01	7.01e-02	7.70e-06	0.00e+00	0.00e+00	0.00e+00	0.00e+00	0.00e+00	0.00e+00	7.94e-01	8.11e-02	5.51e-02
 4.97796e+16	9.33e-01	6.72e-02	6.79e-06	0.00e+00	0.00e+00	0.00e+00	0.00e+00	0.00e+00	0.00e+00	7.98e-01	8.04e-02	5.48e-02
 4.98018e+16	9.35e-01	6.45e-02	5.99e-06	0.00e+00	0.00e+00	0.00e+00	0.00e+00	0.00e+00	0.00e+00	8.01e-01	7.97e-02	5.44e-02
 4.98237e+16	9.38e-01	6.19e-02	5.31e-06	0.00e+00	0.00e+00	0.00e+00	0.00e+00	0.00e+00	0.00e+00	8.05e-01	7.91e-02	5.41e-02
 4.98454e+16	9.41e-01	5.95e-02	4.70e-06	0.00e+00	0.00e+00	0.00e+00	0.00e+00	0.00e+00	0.00e+00	8.08e-01	7.85e-02	5.38e-02
 4.98670e+16	9.43e-01	5.71e-02	4.16e-06	0.00e+00	0.00e+00	0.00e+00	0.00e+00	0.00e+00	0.00e+00	8.12e-01	7.78e-02	5.34e-02
 4.98888e+16	9.45e-01	5.48e-02	3.68e-06	0.00e+00	0.00e+00	0.00e+00	0.00e+00	0.00e+00	0.00e+00	8.15e-01	7.72e-02	5.30e-02
 4.99098e+16	9.47e-01	5.26e-02	3.27e-06	0.00e+00	0.00e+00	0.00e+00	0.00e+00	0.00e+00	0.00e+00	8.18e-01	7.66e-02	5.26e-02
 4.99303e+16	9.49e-01	5.07e-02	2.91e-06	0.00e+00	0.00e+00	0.00e+00	0.00e+00	0.00e+00	0.00e+00	8.21e-01	7.61e-02	5.23e-02
 4.99511e+16	9.51e-01	4.87e-02	2.58e-06	0.00e+00	0.00e+00	0.00e+00	0.00e+00	0.00e+00	0.00e+00	8.24e-01	7.55e-02	5.19e-02
 4.99722e+16	9.53e-01	4.67e-02	2.29e-06	0.00e+00	0.00e+00	0.00e+00	0.00e+00	0.00e+00	0.00e+00	8.27e-01	7.49e-02	5.16e-02
 4.99928e+16	9.55e-01	4.48e-02	2.03e-06	0.00e+00	0.00e+00	0.00e+00	0.00e+00	0.00e+00	0.00e+00	8.30e-01	7.44e-02	5.13e-02
 5.00129e+16	9.57e-01	4.31e-02	1.81e-06	0.00e+00	0.00e+00	0.00e+00	0.00e+00	0.00e+00	0.00e+00	8.32e-01	7.39e-02	5.09e-02
 5.00332e+16	9.59e-01	4.14e-02	1.61e-06	0.00e+00	0.00e+00	0.00e+00	0.00e+00	0.00e+00	0.00e+00	8.35e-01	7.34e-02	5.06e-02
 5.00534e+16	9.60e-01	3.98e-02	1.43e-06	0.00e+00	0.00e+00	0.00e+00	0.00e+00	0.00e+00	0.00e+00	8.37e-01	7.29e-02	5.03e-02
 5.00730e+16	9.62e-01	3.82e-02	1.28e-06	0.00e+00	0.00e+00	0.00e+00	0.00e+00	0.00e+00	0.00e+00	8.39e-01	7.24e-02	5.00e-02
 5.00925e+16	9.63e-01	3.67e-02	1.14e-06	0.00e+00	0.00e+00	0.00e+00	0.00e+00	0.00e+00	0.00e+00	8.42e-01	7.20e-02	4.97e-02
 5.01125e+16	9.65e-01	3.52e-02	1.02e-06	0.00e+00	0.00e+00	0.00e+00	0.00e+00	0.00e+00	0.00e+00	8.44e-01	7.15e-02	4.94e-02
 5.01326e+16	9.66e-01	3.38e-02	9.04e-07	0.00e+00	0.00e+00	0.00e+00	0.00e+00	0.00e+00	0.00e+00	8.46e-01	7.11e-02	4.91e-02
 5.01520e+16	9.67e-01	3.25e-02	8.09e-07	0.00e+00	0.00e+00	0.00e+00	0.00e+00	0.00e+00	0.00e+00	8.48e-01	7.06e-02	4.88e-02
 5.01706e+16	9.69e-01	3.13e-02	7.26e-07	0.00e+00	0.00e+00	0.00e+00	0.00e+00	0.00e+00	0.00e+00	8.50e-01	7.02e-02	4.86e-02
 5.01888e+16	9.70e-01	3.01e-02	6.53e-07	0.00e+00	0.00e+00	0.00e+00	0.00e+00	0.00e+00	0.00e+00	8.52e-01	6.99e-02	4.83e-02
 5.02076e+16	9.71e-01	2.89e-02	5.85e-07	0.00e+00	0.00e+00	0.00e+00	0.00e+00	0.00e+00	0.00e+00	8.53e-01	6.95e-02	4.81e-02
 5.02266e+16	9.72e-01	2.78e-02	5.22e-07	0.00e+00	0.00e+00	0.00e+00	0.00e+00	0.00e+00	0.00e+00	8.55e-01	6.91e-02	4.78e-02
 5.02448e+16	9.73e-01	2.67e-02	4.70e-07	0.00e+00	0.00e+00	0.00e+00	0.00e+00	0.00e+00	0.00e+00	8.57e-01	6.87e-02	4.76e-02
 5.02628e+16	9.74e-01	2.56e-02	4.22e-07	0.00e+00	0.00e+00	0.00e+00	0.00e+00	0.00e+00	0.00e+00	8.59e-01	6.84e-02	4.73e-02
 5.02813e+16	9.75e-01	2.46e-02	3.78e-07	0.00e+00	0.00e+00	0.00e+00	0.00e+00	0.00e+00	0.00e+00	8.60e-01	6.80e-02	4.71e-02
 5.02993e+16	9.76e-01	2.36e-02	3.40e-07	0.00e+00	0.00e+00	0.00e+00	0.00e+00	0.00e+00	0.00e+00	8.62e-01	6.77e-02	4.68e-02
 5.03168e+16	9.77e-01	2.26e-02	3.06e-07	0.00e+00	0.00e+00	0.00e+00	0.00e+00	0.00e+00	0.00e+00	8.63e-01	6.73e-02	4.66e-02
 5.03342e+16	9.78e-01	2.17e-02	2.76e-07	0.00e+00	0.00e+00	0.00e+00	0.00e+00	0.00e+00	0.00e+00	8.65e-01	6.70e-02	4.64e-02
 5.03514e+16	9.79e-01	2.09e-02	2.49e-07	0.00e+00	0.00e+00	0.00e+00	0.00e+00	0.00e+00	0.00e+00	8.66e-01	6.67e-02	4.62e-02
 5.03682e+16	9.80e-01	2.00e-02	2.26e-07	0.00e+00	0.00e+00	0.00e+00	0.00e+00	0.00e+00	0.00e+00	8.68e-01	6.64e-02	4.59e-02
 5.03838e+16	9.81e-01	1.93e-02	2.06e-07	0.00e+00	0.00e+00	0.00e+00	0.00e+00	0.00e+00	0.00e+00	8.69e-01	6.61e-02	4.57e-02
 5.03977e+16	9.81e-01	1.86e-02	1.90e-07	0.00e+00	0.00e+00	0.00e+00	0.00e+00	0.00e+00	0.00e+00	8.70e-01	6.58e-02	4.55e-02
 5.04105e+16	9.82e-01	1.80e-02	1.76e-07	0.00e+00	0.00e+00	0.00e+00	0.00e+00	0.00e+00	0.00e+00	8.71e-01	6.56e-02	4.54e-02
 5.04228e+16	9.83e-01	1.75e-02	1.64e-07	0.00e+00	0.00e+00	0.00e+00	0.00e+00	0.00e+00	0.00e+00	8.72e-01	6.54e-02	4.52e-02
 5.04345e+16	9.83e-01	1.70e-02	1.53e-07	0.00e+00	0.00e+00	0.00e+00	0.00e+00	0.00e+00	0.00e+00	8.73e-01	6.52e-02	4.51e-02
 5.04453e+16	9.84e-01	1.65e-02	1.43e-07	0.00e+00	0.00e+00	0.00e+00	0.00e+00	0.00e+00	0.00e+00	8.74e-01	6.50e-02	4.49e-02
 5.04555e+16	9.84e-01	1.60e-02	1.35e-07	0.00e+00	0.00e+00	0.00e+00	0.00e+00	0.00e+00	0.00e+00	8.74e-01	6.48e-02	4.48e-02
 5.04653e+16	9.84e-01	1.56e-02	1.27e-07	0.00e+00	0.00e+00	0.00e+00	0.00e+00	0.00e+00	0.00e+00	8.75e-01	6.46e-02	4.46e-02
 5.04747e+16	9.85e-01	1.52e-02	1.20e-07	0.00e+00	0.00e+00	0.00e+00	0.00e+00	0.00e+00	0.00e+00	8.76e-01	6.44e-02	4.45e-02
 5.04836e+16	9.85e-01	1.48e-02	1.14e-07	0.00e+00	0.00e+00	0.00e+00	0.00e+00	0.00e+00	0.00e+00	8.77e-01	6.42e-02	4.43e-02
 5.04919e+16	9.86e-01	1.45e-02	1.09e-07	0.00e+00	0.00e+00	0.00e+00	0.00e+00	0.00e+00	0.00e+00	8.77e-01	6.40e-02	4.42e-02
 5.05002e+16	9.86e-01	1.41e-02	1.03e-07	0.00e+00	0.00e+00	0.00e+00	0.00e+00	0.00e+00	0.00e+00	8.78e-01	6.38e-02	4.40e-02
 5.05088e+16	9.86e-01	1.37e-02	9.82e-08	0.00e+00	0.00e+00	0.00e+00	0.00e+00	0.00e+00	0.00e+00	8.79e-01	6.36e-02	4.39e-02
 5.05170e+16	9.87e-01	1.34e-02	9.35e-08	0.00e+00	0.00e+00	0.00e+00	0.00e+00	0.00e+00	0.00e+00	8.79e-01	6.34e-02	4.38e-02
 5.05248e+16	9.87e-01	1.30e-02	8.91e-08	0.00e+00	0.00e+00	0.00e+00	0.00e+00	0.00e+00	0.00e+00	8.80e-01	6.32e-02	4.36e-02
 5.05326e+16	9.87e-01	1.27e-02	8.49e-08	0.00e+00	0.00e+00	0.00e+00	0.00e+00	0.00e+00	0.00e+00	8.81e-01	6.30e-02	4.34e-02
 5.05407e+16	9.88e-01	1.23e-02	8.07e-08	0.00e+00	0.00e+00	0.00e+00	0.00e+00	0.00e+00	0.00e+00	8.82e-01	6.28e-02	4.33e-02
 5.05491e+16	9.88e-01	1.19e-02	7.66e-08	0.00e+00	0.00e+00	0.00e+00	0.00e+00	0.00e+00	0.00e+00	8.82e-01	6.26e-02	4.31e-02
 5.05574e+16	9.88e-01	1.16e-02	7.26e-08	0.00e+00	0.00e+00	0.00e+00	0.00e+00	0.00e+00	0.00e+00	8.83e-01	6.23e-02	4.29e-02
 5.05650e+16	9.89e-01	1.12e-02	6.92e-08	0.00e+00	0.00e+00	0.00e+00	0.00e+00	0.00e+00	0.00e+00	8.84e-01	6.21e-02	4.27e-02
 5.05717e+16	9.89e-01	1.09e-02	6.64e-08	0.00e+00	0.00e+00	0.00e+00	0.00e+00	0.00e+00	0.00e+00	8.85e-01	6.18e-02	4.25e-02
 5.05779e+16	9.89e-01	1.06e-02	6.38e-08	0.00e+00	0.00e+00	0.00e+00	0.00e+00	0.00e+00	0.00e+00	8.85e-01	6.16e-02	4.23e-02
 5.05838e+16	9.90e-01	1.04e-02	6.14e-08	0.00e+00	0.00e+00	0.00e+00	0.00e+00	0.00e+00	0.00e+00	8.86e-01	6.14e-02	4.22e-02
 5.05896e+16	9.90e-01	1.01e-02	5.91e-08	0.00e+00	0.00e+00	0.00e+00	0.00e+00	0.00e+00	0.00e+00	8.87e-01	6.12e-02	4.20e-02
 5.05952e+16	9.90e-01	9.83e-03	5.70e-08	0.00e+00	0.00e+00	0.00e+00	0.00e+00	0.00e+00	0.00e+00	8.87e-01	6.10e-02	4.18e-02
 5.06003e+16	9.90e-01	9.60e-03	5.50e-08	0.00e+00	0.00e+00	0.00e+00	0.00e+00	0.00e+00	0.00e+00	8.88e-01	6.08e-02	4.16e-02
 5.06050e+16	9.91e-01	9.38e-03	5.33e-08	0.00e+00	0.00e+00	0.00e+00	0.00e+00	0.00e+00	0.00e+00	8.89e-01	6.06e-02	4.15e-02
 5.06092e+16	9.91e-01	9.19e-03	5.17e-08	0.00e+00	0.00e+00	0.00e+00	0.00e+00	0.00e+00	0.00e+00	8.89e-01	6.04e-02	4.13e-02
 5.06131e+16	9.91e-01	9.01e-03	5.03e-08	0.00e+00	0.00e+00	0.00e+00	0.00e+00	0.00e+00	0.00e+00	8.90e-01	6.02e-02	4.12e-02
 5.06167e+16	9.91e-01	8.85e-03	4.91e-08	0.00e+00	0.00e+00	0.00e+00	0.00e+00	0.00e+00	0.00e+00	8.90e-01	6.01e-02	4.10e-02
 5.06199e+16	9.91e-01	8.71e-03	4.80e-08	0.00e+00	0.00e+00	0.00e+00	0.00e+00	0.00e+00	0.00e+00	8.90e-01	5.99e-02	4.09e-02
 5.06228e+16	9.91e-01	8.59e-03	4.70e-08	0.00e+00	0.00e+00	0.00e+00	0.00e+00	0.00e+00	0.00e+00	8.91e-01	5.98e-02	4.08e-02
 5.06260e+16	9.92e-01	8.44e-03	4.58e-08	0.00e+00	0.00e+00	0.00e+00	0.00e+00	0.00e+00	0.00e+00	8.91e-01	5.96e-02	4.07e-02
 5.06295e+16	9.92e-01	8.29e-03	4.47e-08	0.00e+00	0.00e+00	0.00e+00	0.00e+00	0.00e+00	0.00e+00	8.92e-01	5.94e-02	4.05e-02
 5.06327e+16	9.92e-01	8.17e-03	4.37e-08	0.00e+00	0.00e+00	0.00e+00	0.00e+00	0.00e+00	0.00e+00	8.92e-01	5.93e-02	4.04e-02
 5.06355e+16	9.92e-01	8.05e-03	4.27e-08	0.00e+00	0.00e+00	0.00e+00	0.00e+00	0.00e+00	0.00e+00	8.93e-01	5.91e-02	4.03e-02
 5.06387e+16	9.92e-01	7.92e-03	4.17e-08	0.00e+00	0.00e+00	0.00e+00	0.00e+00	0.00e+00	0.00e+00	8.93e-01	5.89e-02	4.01e-02
 5.06421e+16	9.92e-01	7.77e-03	4.05e-08	0.00e+00	0.00e+00	0.00e+00	0.00e+00	0.00e+00	0.00e+00	8.94e-01	5.87e-02	4.00e-02
 5.06452e+16	9.92e-01	7.65e-03	3.96e-08	0.00e+00	0.00e+00	0.00e+00	0.00e+00	0.00e+00	0.00e+00	8.94e-01	5.85e-02	3.98e-02
 5.06480e+16	9.92e-01	7.54e-03	3.87e-08	0.00e+00	0.00e+00	0.00e+00	0.00e+00	0.00e+00	0.00e+00	8.94e-01	5.84e-02	3.97e-02
 5.06511e+16	9.93e-01	7.42e-03	3.78e-08	0.00e+00	0.00e+00	0.00e+00	0.00e+00	0.00e+00	0.00e+00	8.95e-01	5.82e-02	3.96e-02
###########################
 4.70624e+11	5.75e-06	1.07e-02	9.64e-01	2.55e-02	9.56e-07	0.00e+00	0.00e+00	0.00e+00	0.00e+00	3.99e-06	1.18e-06	5.70e-07
 2.82374e+12	5.74e-06	1.07e-02	9.64e-01	2.55e-02	9.51e-07	0.00e+00	0.00e+00	0.00e+00	0.00e+00	3.99e-06	1.18e-06	5.70e-07
 1.22362e+13	5.74e-06	1.07e-02	9.64e-01	2.51e-02	9.32e-07	0.00e+00	0.00e+00	0.00e+00	0.00e+00	3.99e-06	1.18e-06	5.70e-07
 4.98861e+13	5.77e-06	1.07e-02	9.66e-01	2.38e-02	8.58e-07	0.00e+00	0.00e+00	0.00e+00	0.00e+00	4.01e-06	1.19e-06	5.73e-07
 1.19162e+14	5.75e-06	1.07e-02	9.67e-01	2.19e-02	7.59e-07	0.00e+00	0.00e+00	0.00e+00	0.00e+00	4.00e-06	1.19e-06	5.72e-07
 2.09221e+14	5.77e-06	1.08e-02	9.69e-01	1.97e-02	6.45e-07	0.00e+00	0.00e+00	0.00e+00	0.00e+00	4.00e-06	1.19e-06	5.73e-07
 3.26297e+14	5.79e-06	1.09e-02	9.72e-01	1.71e-02	5.19e-07	0.00e+00	0.00e+00	0.00e+00	0.00e+00	4.02e-06	1.19e-06	5.76e-07
 4.78496e+14	5.83e-06	1.09e-02	9.75e-01	1.42e-02	3.91e-07	0.00e+00	0.00e+00	0.00e+00	0.00e+00	4.05e-06	1.20e-06	5.80e-07
 6.76354e+14	5.89e-06	1.10e-02	9.78e-01	1.10e-02	2.68e-07	0.00e+00	0.00e+00	0.00e+00	0.00e+00	4.09e-06	1.21e-06	5.86e-07
 9.33571e+14	5.98e-06	1.12e-02	9.81e-01	7.87e-03	1.63e-07	0.00e+00	0.00e+00	0.00e+00	0.00e+00	4.15e-06	1.23e-06	5.95e-07
 1.26795e+15	6.10e-06	1.13e-02	9.84e-01	5.07e-03	0.00e+00	0.00e+00	0.00e+00	0.00e+00	0.00e+00	4.24e-06	1.25e-06	6.07e-07
 1.70265e+15	6.28e-06	1.15e-02	9.86e-01	2.87e-03	0.00e+00	0.00e+00	0.00e+00	0.00e+00	0.00e+00	4.36e-06	1.29e-06	6.25e-07
 2.26775e+15	6.53e-06	1.18e-02	9.87e-01	1.39e-03	0.00e+00	0.00e+00	0.00e+00	0.00e+00	0.00e+00	4.54e-06	1.34e-06	6.49e-07
 3.00239e+15	6.88e-06	1.21e-02	9.87e-01	5.65e-04	0.00e+00	0.00e+00	0.00e+00	0.00e+00	0.00e+00	4.78e-06	1.41e-06	6.84e-07
 3.95741e+15	7.39e-06	1.25e-02	9.87e-01	1.94e-04	0.00e+00	0.00e+00	0.00e+00	0.00e+00	0.00e+00	5.14e-06	1.51e-06	7.35e-07
 5.19895e+15	8.14e-06	1.31e-02	9.87e-01	6.18e-05	0.00e+00	0.00e+00	0.00e+00	0.00e+00	0.00e+00	5.66e-06	1.67e-06	8.10e-07
 6.81294e+15	9.32e-06	1.39e-02	9.86e-01	2.33e-05	0.00e+00	0.00e+00	0.00e+00	0.00e+00	0.00e+00	6.49e-06	1.91e-06	9.28e-07
 8.91113e+15	1.12e-05	1.51e-02	9.85e-01	1.31e-05	0.00e+00	0.00e+00	0.00e+00	0.00e+00	0.00e+00	7.80e-06	2.29e-06	1.12e-06
 1.13074e+16	1.39e-05	1.64e-02	9.84e-01	9.88e-06	0.00e+00	0.00e+00	0.00e+00	0.00e+00	0.00e+00	9.64e-06	2.83e-06	1.38e-06
 1.37281e+16	1.75e-05	1.81e-02	9.82e-01	8.26e-06	0.00e+00	0.00e+00	0.00e+00	0.00e+00	0.00e+00	1.22e-05	3.58e-06	1.74e-06
 1.56854e+16	2.11e-05	1.95e-02	9.80e-01	7.34e-06	0.00e+00	0.00e+00	0.00e+00	0.00e+00	0.00e+00	1.47e-05	4.33e-06	2.11e-06
 1.72539e+16	2.52e-05	2.09e-02	9.79e-01	6.74e-06	0.00e+00	0.00e+00	0.00e+00	0.00e+00	0.00e+00	1.75e-05	5.16e-06	2.51e-06
 1.89793e+16	3.07e-05	2.26e-02	9.77e-01	6.18e-06	0.00e+00	0.00e+00	0.00e+00	0.00e+00	0.00e+00	2.14e-05	6.32e-06	3.06e-06
 2.08772e+16	3.88e-05	2.47e-02	9.75e-01	5.64e-06	0.00e+00	0.00e+00	0.00e+00	0.00e+00	0.00e+00	2.70e-05	8.00e-06	3.87e-06
 2.24520e+16	4.75e-05	2.68e-02	9.73e-01	5.23e-06	0.00e+00	0.00e+00	0.00e+00	0.00e+00	0.00e+00	3.30e-05	9.80e-06	4.73e-06
 2.34345e+16	5.44e-05	2.83e-02	9.72e-01	4.99e-06	0.00e+00	0.00e+00	0.00e+00	0.00e+00	0.00e+00	3.78e-05	1.12e-05	5.42e-06
 2.43589e+16	6.22e-05	2.98e-02	9.70e-01	4.78e-06	0.00e+00	0.00e+00	0.00e+00	0.00e+00	0.00e+00	4.31e-05	1.29e-05	6.20e-06
 2.55605e+16	7.45e-05	3.21e-02	9.68e-01	4.52e-06	0.00e+00	0.00e+00	0.00e+00	0.00e+00	0.00e+00	5.16e-05	1.55e-05	7.42e-06
 2.67636e+16	9.01e-05	3.48e-02	9.65e-01	4.26e-06	0.00e+00	0.00e+00	0.00e+00	0.00e+00	0.00e+00	6.24e-05	1.87e-05	8.97e-06
 2.76755e+16	1.05e-04	3.71e-02	9.63e-01	4.06e-06	0.00e+00	0.00e+00	0.00e+00	0.00e+00	0.00e+00	7.27e-05	2.19e-05	1.05e-05
 2.84312e+16	1.20e-04	3.92e-02	9.61e-01	3.90e-06	0.00e+00	0.00e+00	0.00e+00	0.00e+00	0.00e+00	8.29e-05	2.50e-05	1.19e-05
 2.92769e+16	1.40e-04	4.19e-02	9.58e-01	3.72e-06	0.00e+00	0.00e+00	0.00e+00	0.00e+00	0.00e+00	9.65e-05	2.92e-05	1.39e-05
 3.02079e+16	1.67e-04	4.53e-02	9.55e-01	3.53e-06	0.00e+00	0.00e+00	0.00e+00	0.00e+00	0.00e+00	1.15e-04	3.49e-05	1.66e-05
 3.10318e+16	1.96e-04	4.87e-02	9.51e-01	3.34e-06	0.00e+00	0.00e+00	0.00e+00	0.00e+00	0.00e+00	1.36e-04	4.12e-05	1.95e-05
 3.17363e+16	2.27e-04	5.20e-02	9.48e-01	3.17e-06	0.00e+00	0.00e+00	0.00e+00	0.00e+00	0.00e+00	1.57e-04	4.78e-05	2.26e-05
 3.25034e+16	2.69e-04	5.61e-02	9.44e-01	3.00e-06	0.00e+00	0.00e+00	0.00e+00	0.00e+00	0.00e+00	1.85e-04	5.65e-05	2.67e-05
 3.33254e+16	3.24e-04	6.12e-02	9.38e-01	2.81e-06	0.00e+00	0.00e+00	0.00e+00	0.00e+00	0.00e+00	2.24e-04	6.83e-05	3.22e-05
 3.40266e+16	3.83e-04	6.62e-02	9.33e-01	2.64e-06	0.00e+00	0.00e+00	0.00e+00	0.00e+00	0.00e+00	2.64e-04	8.08e-05	3.81e-05
 3.46292e+16	4.46e-04	7.11e-02	9.28e-01	2.48e-06	0.00e+00	0.00e+00	0.00e+00	0.00e+00	0.00e+00	3.08e-04	9.42e-05	4.43e-05
 3.52956e+16	5.31e-04	7.73e-02	9.22e-01	2.33e-06	0.00e+00	0.00e+00	0.00e+00	0.00e+00	0.00e+00	3.66e-04	1.12e-04	5.27e-05
 3.60140e+16	6.47e-04	8.50e-02	9.14e-01	2.16e-06	0.00e+00	0.00e+00	0.00e+00	0.00e+00	0.00e+00	4.46e-04	1.36e-04	6.41e-05
 3.66341e+16	7.74e-04	9.27e-02	9.07e-01	1.99e-06	0.00e+00	0.00e+00	0.00e+00	0.00e+00	0.00e+00	5.33e-04	1.63e-04	7.66e-05
 3.71703e+16	9.09e-04	1.00e-01	8.99e-01	1.85e-06	0.00e+00	0.00e+00	0.00e+00	0.00e+00	0.00e+00	6.27e-04	1.92e-04	9.00e-05
 3.77636e+16	1.10e-03	1.10e-01	8.89e-01	1.70e-06	0.00e+00	0.00e+00	0.00e+00	0.00e+00	0.00e+00	7.57e-04	2.32e-04	1.09e-04
 3.84014e+16	1.36e-03	1.22e-01	8.76e-01	1.53e-06	0.00e+00	0.00e+00	0.00e+00	0.00e+00	0.00e+00	9.37e-04	2.86e-04	1.34e-04
 3.89508e+16	1.65e-03	1.35e-01	8.64e-01	1.39e-06	0.00e+00	0.00e+00	0.00e+00	0.00e+00	0.00e+00	1.14e-03	3.47e-04	1.63e-04
 3.94283e+16	1.96e-03	1.47e-01	8.51e-01	1.27e-06	0.00e+00	0.00e+00	0.00e+00	0.00e+00	0.00e+00	1.35e-03	4.14e-04	1.94e-04
 3.99584e+16	2.41e-03	1.63e-01	8.35e-01	1.13e-06	0.00e+00	0.00e+00	0.00e+00	0.00e+00	0.00e+00	1.66e-03	5.08e-04	2.38e-04
 4.05203e+16	3.03e-03	1.83e-01	8.14e-01	9.92e-07	0.00e+00	0.00e+00	0.00e+00	0.00e+00	0.00e+00	2.09e-03	6.38e-04	2.98e-04
 4.09872e+16	3.70e-03	2.02e-01	7.95e-01	8.81e-07	0.00e+00	0.00e+00	0.00e+00	0.00e+00	0.00e+00	2.55e-03	7.79e-04	3.64e-04
 4.13775e+16	4.40e-03	2.20e-01	7.76e-01	7.88e-07	0.00e+00	0.00e+00	0.00e+00	0.00e+00	0.00e+00	3.04e-03	9.27e-04	4.33e-04
 4.18046e+16	5.39e-03	2.43e-01	7.52e-01	6.84e-07	0.00e+00	0.00e+00	0.00e+00	0.00e+00	0.00e+00	3.72e-03	1.13e-03	5.30e-04
 4.22622e+16	6.75e-03	2.71e-01	7.22e-01	5.83e-07	0.00e+00	0.00e+00	0.00e+00	0.00e+00	0.00e+00	4.66e-03	1.42e-03	6.63e-04
 4.26500e+16	8.25e-03	2.98e-01	6.93e-01	5.03e-07	0.00e+00	0.00e+00	0.00e+00	0.00e+00	0.00e+00	5.70e-03	1.73e-03	8.10e-04
 4.29753e+16	9.84e-03	3.24e-01	6.66e-01	4.37e-07	0.00e+00	0.00e+00	0.00e+00	0.00e+00	0.00e+00	6.80e-03	2.07e-03	9.65e-04
 4.33289e+16	1.20e-02	3.56e-01	6.32e-01	3.67e-07	0.00e+00	0.00e+00	0.00e+00	0.00e+00	0.00e+00	8.32e-03	2.52e-03	1.18e-03
 4.37086e+16	1.50e-02	3.94e-01	5.91e-01	2.98e-07	0.00e+00	0.00e+00	0.00e+00	0.00e+00	0.00e+00	1.04e-02	3.15e-03	1.47e-03
 4.40318e+16	1.84e-02	4.29e-01	5.52e-01	2.44e-07	0.00e+00	0.00e+00	0.00e+00	0.00e+00	0.00e+00	1.27e-02	3.85e-03	1.80e-03
 4.43050e+16	2.19e-02	4.62e-01	5.16e-01	2.03e-07	0.00e+00	0.00e+00	0.00e+00	0.00e+00	0.00e+00	1.51e-02	4.57e-03	2.14e-03
 4.46040e+16	2.67e-02	5.00e-01	4.73e-01	1.61e-07	0.00e+00	0.00e+00	0.00e+00	0.00e+00	0.00e+00	1.85e-02	5.58e-03	2.61e-03
 4.49260e+16	3.33e-02	5.44e-01	4.23e-01	0.00e+00	0.00e+00	0.00e+00	0.00e+00	0.00e+00	0.00e+00	2.31e-02	6.94e-03	3.26e-03
 4.52028e+16	4.06e-02	5.83e-01	3.77e-01	0.00e+00	0.00e+00	0.00e+00	0.00e+00	0.00e+00	0.00e+00	2.82e-02	8.46e-03	3.97e-03
 4.54387e+16	4.84e-02	6.16e-01	3.36e-01	0.00e+00	0.00e+00	0.00e+00	0.00e+00	0.00e+00	0.00e+00	3.36e-02	1.01e-02	4.73e-03
 4.56965e+16	5.89e-02	6.51e-01	2.90e-01	0.00e+00	0.00e+00	0.00e+00	0.00e+00	0.00e+00	0.00e+00	4.09e-02	1.22e-02	5.75e-03
 4.59770e+16	7.32e-02	6.87e-01	2.40e-01	0.00e+00	0.00e+00	0.00e+00	0.00e+00	0.00e+00	0.00e+00	5.09e-02	1.51e-02	7.14e-03
 4.61911e+16	8.72e-02	7.10e-01	2.03e-01	0.00e+00	0.00e+00	0.00e+00	0.00e+00	0.00e+00	0.00e+00	6.07e-02	1.79e-02	8.49e-03
 4.63266e+16	9.76e-02	7.23e-01	1.79e-01	0.00e+00	0.00e+00	0.00e+00	0.00e+00	0.00e+00	0.00e+00	6.80e-02	2.00e-02	9.49e-03
 4.64559e+16	1.09e-01	7.33e-01	1.58e-01	0.00e+00	0.00e+00	0.00e+00	0.00e+00	0.00e+00	0.00e+00	7.60e-02	2.22e-02	1.06e-02
 4.66239e+16	1.25e-01	7.43e-01	1.32e-01	0.00e+00	0.00e+00	0.00e+00	0.00e+00	0.00e+00	0.00e+00	8.77e-02	2.55e-02	1.22e-02
 4.67907e+16	1.45e-01	7.47e-01	1.08e-01	0.00e+00	0.00e+00	0.00e+00	0.00e+00	0.00e+00	0.00e+00	1.01e-01	2.93e-02	1.40e-02
 4.69131e+16	1.61e-01	7.47e-01	9.24e-02	0.00e+00	0.00e+00	0.00e+00	0.00e+00	0.00e+00	0.00e+00	1.13e-01	3.23e-02	1.56e-02
 4.70123e+16	1.75e-01	7.44e-01	8.04e-02	0.00e+00	0.00e+00	0.00e+00	0.00e+00	0.00e+00	0.00e+00	1.23e-01	3.51e-02	1.69e-02
 4.71237e+16	1.94e-01	7.39e-01	6.78e-02	0.00e+00	0.00e+00	0.00e+00	0.00e+00	0.00e+00	0.00e+00	1.36e-01	3.85e-02	1.87e-02
 4.72449e+16	2.16e-01	7.29e-01	5.57e-02	0.00e+00	0.00e+00	0.00e+00	0.00e+00	0.00e+00	0.00e+00	1.52e-01	4.26e-02	2.08e-02
 4.73505e+16	2.37e-01	7.17e-01	4.62e-02	0.00e+00	0.00e+00	0.00e+00	0.00e+00	0.00e+00	0.00e+00	1.68e-01	4.65e-02	2.28e-02
 4.74404e+16	2.56e-01	7.05e-01	3.91e-02	0.00e+00	0.00e+00	0.00e+00	0.00e+00	0.00e+00	0.00e+00	1.82e-01	4.99e-02	2.46e-02
 4.75381e+16	2.79e-01	6.88e-01	3.22e-02	0.00e+00	0.00e+00	0.00e+00	0.00e+00	0.00e+00	0.00e+00	1.99e-01	5.40e-02	2.67e-02
 4.76432e+16	3.07e-01	6.67e-01	2.57e-02	0.00e+00	0.00e+00	0.00e+00	0.00e+00	0.00e+00	0.00e+00	2.19e-01	5.87e-02	2.92e-02
 4.77334e+16	3.32e-01	6.47e-01	2.10e-02	0.00e+00	0.00e+00	0.00e+00	0.00e+00	0.00e+00	0.00e+00	2.38e-01	6.29e-02	3.15e-02
 4.78108e+16	3.55e-01	6.28e-01	1.75e-02	0.00e+00	0.00e+00	0.00e+00	0.00e+00	0.00e+00	0.00e+00	2.55e-01	6.64e-02	3.35e-02
 4.78961e+16	3.82e-01	6.04e-01	1.40e-02	0.00e+00	0.00e+00	0.00e+00	0.00e+00	0.00e+00	0.00e+00	2.76e-01	7.07e-02	3.60e-02
 4.79883e+16	4.12e-01	5.77e-01	1.10e-02	0.00e+00	0.00e+00	0.00e+00	0.00e+00	0.00e+00	0.00e+00	2.99e-01	7.51e-02	3.86e-02
 4.80704e+16	4.42e-01	5.50e-01	8.74e-03	0.00e+00	0.00e+00	0.00e+00	0.00e+00	0.00e+00	0.00e+00	3.21e-01	7.92e-02	4.10e-02
 4.81438e+16	4.67e-01	5.26e-01	7.07e-03	0.00e+00	0.00e+00	0.00e+00	0.00e+00	0.00e+00	0.00e+00	3.41e-01	8.26e-02	4.32e-02
 4.82135e+16	4.93e-01	5.01e-01	5.71e-03	0.00e+00	0.00e+00	0.00e+00	0.00e+00	0.00e+00	0.00e+00	3.62e-01	8.58e-02	4.52e-02
 4.82843e+16	5.20e-01	4.76e-01	4.56e-03	0.00e+00	0.00e+00	0.00e+00	0.00e+00	0.00e+00	0.00e+00	3.83e-01	8.89e-02	4.73e-02
 4.83537e+16	5.46e-01	4.50e-01	3.63e-03	0.00e+00	0.00e+00	0.00e+00	0.00e+00	0.00e+00	0.00e+00	4.05e-01	9.18e-02	4.93e-02
 4.84155e+16	5.69e-01	4.28e-01	2.95e-03	0.00e+00	0.00e+00	0.00e+00	0.00e+00	0.00e+00	0.00e+00	4.24e-01	9.40e-02	5.10e-02
 4.84691e+16	5.89e-01	4.08e-01	2.45e-03	0.00e+00	0.00e+00	0.00e+00	0.00e+00	0.00e+00	0.00e+00	4.41e-01	9.57e-02	5.24e-02
 4.85101e+16	6.04e-01	3.93e-01	2.13e-03	0.00e+00	0.00e+00	0.00e+00	0.00e+00	0.00e+00	0.00e+00	4.54e-01	9.68e-02	5.34e-02
 4.85396e+16	6.15e-01	3.83e-01	1.92e-03	0.00e+00	0.00e+00	0.00e+00	0.00e+00	0.00e+00	0.00e+00	4.63e-01	9.75e-02	5.40e-02
 4.85689e+16	6.26e-01	3.73e-01	1.72e-03	0.00e+00	0.00e+00	0.00e+00	0.00e+00	0.00e+00	0.00e+00	4.73e-01	9.82e-02	5.47e-02
 4.86029e+16	6.39e-01	3.60e-01	1.51e-03	0.00e+00	0.00e+00	0.00e+00	0.00e+00	0.00e+00	0.00e+00	4.84e-01	9.90e-02	5.55e-02
 4.86379e+16	6.51e-01	3.47e-01	1.33e-03	0.00e+00	0.00e+00	0.00e+00	0.00e+00	0.00e+00	0.00e+00	4.95e-01	9.96e-02	5.62e-02
 4.86706e+16	6.63e-01	3.35e-01	1.17e-03	0.00e+00	0.00e+00	0.00e+00	0.00e+00	0.00e+00	0.00e+00	5.06e-01	1.00e-01	5.68e-02
 4.87017e+16	6.74e-01	3.24e-01	1.04e-03	0.00e+00	0.00e+00	0.00e+00	0.00e+00	0.00e+00	0.00e+00	5.16e-01	1.01e-01	5.74e-02
 4.87327e+16	6.86e-01	3.13e-01	9.16e-04	0.00e+00	0.00e+00	0.00e+00	0.00e+00	0.00e+00	0.00e+00	5.27e-01	1.01e-01	5.80e-02
 4.87643e+16	6.97e-01	3.02e-01	8.07e-04	0.00e+00	0.00e+00	0.00e+00	0.00e+00	0.00e+00	0.00e+00	5.37e-01	1.01e-01	5.85e-02
 4.87960e+16	7.08e-01	2.91e-01	7.08e-04	0.00e+00	0.00e+00	0.00e+00	0.00e+00	0.00e+00	0.00e+00	5.48e-01	1.01e-01	5.89e-02
 4.88271e+16	7.19e-01	2.80e-01	6.22e-04	0.00e+00	0.00e+00	0.00e+00	0.00e+00	0.00e+00	0.00e+00	5.58e-01	1.01e-01	5.94e-02
 4.88572e+16	7.29e-01	2.70e-01	5.49e-04	0.00e+00	0.00e+00	0.00e+00	0.00e+00	0.00e+00	0.00e+00	5.68e-01	1.02e-01	5.97e-02
 4.88873e+16	7.39e-01	2.60e-01	4.82e-04	0.00e+00	0.00e+00	0.00e+00	0.00e+00	0.00e+00	0.00e+00	5.78e-01	1.01e-01	6.01e-02
 4.89176e+16	7.49e-01	2.51e-01	4.23e-04	0.00e+00	0.00e+00	0.00e+00	0.00e+00	0.00e+00	0.00e+00	5.87e-01	1.01e-01	6.04e-02
 4.89477e+16	7.59e-01	2.41e-01	3.71e-04	0.00e+00	0.00e+00	0.00e+00	0.00e+00	0.00e+00	0.00e+00	5.97e-01	1.01e-01	6.06e-02
 4.89774e+16	7.68e-01	2.32e-01	3.25e-04	0.00e+00	0.00e+00	0.00e+00	0.00e+00	0.00e+00	0.00e+00	6.06e-01	1.01e-01	6.08e-02
 4.90069e+16	7.77e-01	2.22e-01	2.85e-04	0.00e+00	0.00e+00	0.00e+00	0.00e+00	0.00e+00	0.00e+00	6.16e-01	1.00e-01	6.10e-02
 4.90362e+16	7.86e-01	2.14e-01	2.50e-04	0.00e+00	0.00e+00	0.00e+00	0.00e+00	0.00e+00	0.00e+00	6.25e-01	1.00e-01	6.11e-02
 4.90656e+16	7.95e-01	2.05e-01	2.18e-04	0.00e+00	0.00e+00	0.00e+00	0.00e+00	0.00e+00	0.00e+00	6.34e-01	9.97e-02	6.11e-02
 4.90951e+16	8.03e-01	1.96e-01	1.90e-04	0.00e+00	0.00e+00	0.00e+00	0.00e+00	0.00e+00	0.00e+00	6.43e-01	9.91e-02	6.12e-02
 4.91236e+16	8.11e-01	1.89e-01	1.66e-04	0.00e+00	0.00e+00	0.00e+00	0.00e+00	0.00e+00	0.00e+00	6.51e-01	9.86e-02	6.12e-02
 4.91519e+16	8.19e-01	1.81e-01	1.45e-04	0.00e+00	0.00e+00	0.00e+00	0.00e+00	0.00e+00	0.00e+00	6.60e-01	9.80e-02	6.11e-02
 4.91805e+16	8.26e-01	1.73e-01	1.27e-04	0.00e+00	0.00e+00	0.00e+00	0.00e+00	0.00e+00	0.00e+00	6.68e-01	9.73e-02	6.11e-02
 4.92092e+16	8.34e-01	1.66e-01	1.10e-04	0.00e+00	0.00e+00	0.00e+00	0.00e+00	0.00e+00	0.00e+00	6.76e-01	9.66e-02	6.09e-02
 4.92373e+16	8.41e-01	1.59e-01	9.63e-05	0.00e+00	0.00e+00	0.00e+00	0.00e+00	0.00e+00	0.00e+00	6.84e-01	9.59e-02	6.08e-02
 4.92650e+16	8.48e-01	1.52e-01	8.40e-05	0.00e+00	0.00e+00	0.00e+00	0.00e+00	0.00e+00	0.00e+00	6.92e-01	9.52e-02	6.06e-02
 4.92928e+16	8.54e-01	1.46e-01	7.31e-05	0.00e+00	0.00e+00	0.00e+00	0.00e+00	0.00e+00	0.00e+00	6.99e-01	9.44e-02	6.04e-02
 4.93205e+16	8.61e-01	1.39e-01	6.36e-05	0.00e+00	0.00e+00	0.00e+00	0.00e+00	0.00e+00	0.00e+00	7.07e-01	9.36e-02	6.02e-02
 4.93480e+16	8.67e-01	1.33e-01	5.54e-05	0.00e+00	0.00e+00	0.00e+00	0.00e+00	0.00e+00	0.00e+00	7.14e-01	9.28e-02	6.00e-02
 4.93751e+16	8.72e-01	1.28e-01	4.82e-05	0.00e+00	0.00e+00	0.00e+00	0.00e+00	0.00e+00	0.00e+00	7.21e-01	9.20e-02	5.97e-02
 4.94018e+16	8.78e-01	1.22e-01	4.21e-05	0.00e+00	0.00e+00	0.00e+00	0.00e+00	0.00e+00	0.00e+00	7.27e-01	9.11e-02	5.94e-02
 4.94281e+16	8.83e-01	1.17e-01	3.67e-05	0.00e+00	0.00e+00	0.00e+00	0.00e+00	0.00e+00	0.00e+00	7.34e-01	9.03e-02	5.91e-02
 4.94540e+16	8.88e-01	1.12e-01	3.21e-05	0.00e+00	0.00e+00	0.00e+00	0.00e+00	0.00e+00	0.00e+00	7.40e-01	8.95e-02	5.88e-02
 4.94796e+16	8.93e-01	1.07e-01	2.80e-05	0.00e+00	0.00e+00	0.00e+00	0.00e+00	0.00e+00	0.00e+00	7.46e-01	8.87e-02	5.85e-02
 4.95049e+16	8.97e-01	1.03e-01	2.45e-05	0.00e+00	0.00e+00	0.00e+00	0.00e+00	0.00e+00	0.00e+00	7.51e-01	8.79e-02	5.82e-02
