#depth	H	H+	H2
 4.70624e+11	9.81e-04	9.99e-01	2.88e-14
 2.82374e+12	9.80e-04	9.99e-01	2.88e-14
 1.22362e+13	9.80e-04	9.99e-01	2.88e-14
 4.98861e+13	9.80e-04	9.99e-01	2.89e-14
 1.19162e+14	9.75e-04	9.99e-01	2.89e-14
 2.09221e+14	9.71e-04	9.99e-01	2.90e-14
 3.26297e+14	9.67e-04	9.99e-01	2.92e-14
 4.78496e+14	9.63e-04	9.99e-01	2.94e-14
 6.76354e+14	9.59e-04	9.99e-01	2.97e-14
 9.33571e+14	9.56e-04	9.99e-01	3.01e-14
 1.26795e+15	9.55e-04	9.99e-01	3.07e-14
 1.70265e+15	9.56e-04	9.99e-01	3.15e-14
 2.26775e+15	9.60e-04	9.99e-01	3.26e-14
 3.00239e+15	9.69e-04	9.99e-01	3.41e-14
 3.95741e+15	9.86e-04	9.99e-01	3.63e-14
 5.19895e+15	1.01e-03	9.99e-01	3.94e-14
 6.81294e+15	1.06e-03	9.99e-01	4.40e-14
 8.91113e+15	1.14e-03	9.99e-01	5.07e-14
 1.13074e+16	1.23e-03	9.99e-01	5.96e-14
 1.37281e+16	1.36e-03	9.99e-01	7.05e-14
 1.56854e+16	1.48e-03	9.99e-01	8.12e-14
 1.72539e+16	1.60e-03	9.98e-01	9.15e-14
 1.89793e+16	1.76e-03	9.98e-01	1.05e-13
 2.08772e+16	1.96e-03	9.98e-01	1.23e-13
 2.24520e+16	2.16e-03	9.98e-01	1.41e-13
 2.34346e+16	2.31e-03	9.98e-01	1.54e-13
 2.43589e+16	2.46e-03	9.98e-01	1.68e-13
 2.55605e+16	2.68e-03	9.97e-01	1.88e-13
 2.67636e+16	2.93e-03	9.97e-01	2.12e-13
 2.76755e+16	3.16e-03	9.97e-01	2.34e-13
 2.84313e+16	3.36e-03	9.97e-01	2.54e-13
 2.92770e+16	3.61e-03	9.96e-01	2.78e-13
 3.02079e+16	3.92e-03	9.96e-01	3.10e-13
 3.10319e+16	4.23e-03	9.96e-01	3.42e-13
 3.17364e+16	4.53e-03	9.95e-01	3.74e-13
 3.25035e+16	4.89e-03	9.95e-01	4.11e-13
 3.33254e+16	5.33e-03	9.95e-01	4.58e-13
 3.40267e+16	5.76e-03	9.94e-01	5.04e-13
 3.46293e+16	6.17e-03	9.94e-01	5.51e-13
 3.52957e+16	6.68e-03	9.93e-01	6.06e-13
 3.60141e+16	7.30e-03	9.93e-01	6.77e-13
 3.66342e+16	7.92e-03	9.92e-01	7.49e-13
 3.71704e+16	8.52e-03	9.91e-01	8.18e-13
 3.77637e+16	9.26e-03	9.91e-01	9.05e-13
 3.84015e+16	1.02e-02	9.90e-01	1.02e-12
 3.89510e+16	1.11e-02	9.89e-01	1.13e-12
 3.94284e+16	1.20e-02	9.88e-01	1.24e-12
 3.99585e+16	1.32e-02	9.87e-01	1.39e-12
 4.05205e+16	1.47e-02	9.85e-01	1.57e-12
 4.09874e+16	1.61e-02	9.84e-01	1.75e-12
 4.13777e+16	1.74e-02	9.83e-01	1.93e-12
 4.18048e+16	1.91e-02	9.81e-01	2.15e-12
 4.22624e+16	2.13e-02	9.79e-01	2.44e-12
 4.26502e+16	2.35e-02	9.77e-01	2.73e-12
 4.29755e+16	2.56e-02	9.74e-01	3.02e-12
 4.33291e+16	2.82e-02	9.72e-01	3.39e-12
 4.37089e+16	3.17e-02	9.68e-01	3.88e-12
 4.40320e+16	3.52e-02	9.65e-01	4.38e-12
 4.43053e+16	3.86e-02	9.61e-01	4.88e-12
 4.46042e+16	4.31e-02	9.57e-01	5.55e-12
 4.49262e+16	4.90e-02	9.51e-01	6.44e-12
 4.52031e+16	5.53e-02	9.45e-01	7.41e-12
 4.54389e+16	6.17e-02	9.38e-01	8.43e-12
 4.56967e+16	7.01e-02	9.30e-01	9.80e-12
 4.59772e+16	8.13e-02	9.19e-01	1.17e-11
 4.61913e+16	9.22e-02	9.08e-01	1.36e-11
 4.63268e+16	1.00e-01	9.00e-01	1.50e-11
 4.64561e+16	1.09e-01	8.91e-01	1.66e-11
 4.66242e+16	1.22e-01	8.78e-01	1.91e-11
 4.67909e+16	1.37e-01	8.63e-01	2.21e-11
 4.69134e+16	1.50e-01	8.50e-01	2.46e-11
 4.70126e+16	1.62e-01	8.38e-01	2.71e-11
 4.71240e+16	1.77e-01	8.23e-01	3.03e-11
 4.72451e+16	1.95e-01	8.05e-01	3.43e-11
 4.73507e+16	2.13e-01	7.87e-01	3.85e-11
 4.74406e+16	2.29e-01	7.71e-01	4.24e-11
 4.75383e+16	2.49e-01	7.51e-01	4.76e-11
 4.76422e+16	2.73e-01	7.27e-01	5.39e-11
 4.77310e+16	2.94e-01	7.06e-01	5.98e-11
 4.78100e+16	3.15e-01	6.85e-01	6.59e-11
 4.78997e+16	3.40e-01	6.60e-01	7.39e-11
 4.79950e+16	3.70e-01	6.30e-01	8.37e-11
 4.80762e+16	3.96e-01	6.04e-01	9.34e-11
 4.81469e+16	4.20e-01	5.80e-01	1.02e-10
 4.82159e+16	4.44e-01	5.56e-01	1.12e-10
 4.82860e+16	4.70e-01	5.30e-01	1.24e-10
 4.83541e+16	4.96e-01	5.04e-01	1.36e-10
 4.84167e+16	5.19e-01	4.81e-01	1.48e-10
 4.84724e+16	5.40e-01	4.60e-01	1.60e-10
 4.85139e+16	5.55e-01	4.45e-01	1.69e-10
 4.85429e+16	5.66e-01	4.34e-01	1.75e-10
 4.85721e+16	5.77e-01	4.23e-01	1.82e-10
 4.86065e+16	5.90e-01	4.10e-01	1.91e-10
 4.86420e+16	6.04e-01	3.96e-01	2.01e-10
 4.86745e+16	6.16e-01	3.84e-01	2.10e-10
 4.87052e+16	6.28e-01	3.72e-01	2.20e-10
 4.87364e+16	6.40e-01	3.60e-01	2.29e-10
 4.87682e+16	6.52e-01	3.48e-01	2.41e-10
 4.87995e+16	6.63e-01	3.37e-01	2.51e-10
 4.88300e+16	6.75e-01	3.25e-01	2.62e-10
 4.88604e+16	6.86e-01	3.14e-01	2.73e-10
 4.88910e+16	6.97e-01	3.03e-01	2.87e-10
 4.89212e+16	7.08e-01	2.92e-01	2.98e-10
 4.89512e+16	7.18e-01	2.82e-01	3.12e-10
 4.89813e+16	7.29e-01	2.71e-01	3.26e-10
 4.90105e+16	7.39e-01	2.61e-01	3.40e-10
 4.90395e+16	7.48e-01	2.52e-01	3.54e-10
 4.90689e+16	7.58e-01	2.42e-01	3.71e-10
 4.90981e+16	7.68e-01	2.32e-01	3.86e-10
 4.91269e+16	7.77e-01	2.23e-01	4.04e-10
 4.91558e+16	7.86e-01	2.14e-01	4.22e-10
 4.91841e+16	7.94e-01	2.06e-01	4.40e-10
 4.92121e+16	8.02e-01	1.98e-01	4.59e-10
 4.92405e+16	8.11e-01	1.89e-01	4.81e-10
 4.92687e+16	8.18e-01	1.82e-01	5.00e-10
 4.92962e+16	8.26e-01	1.74e-01	5.23e-10
 4.93236e+16	8.33e-01	1.67e-01	5.47e-10
 4.93510e+16	8.40e-01	1.60e-01	5.71e-10
 4.93783e+16	8.47e-01	1.53e-01	5.97e-10
 4.94050e+16	8.53e-01	1.47e-01	6.24e-10
 4.94311e+16	8.59e-01	1.41e-01	6.51e-10
 4.94569e+16	8.65e-01	1.35e-01	6.80e-10
 4.94825e+16	8.70e-01	1.30e-01	7.11e-10
 4.95078e+16	8.76e-01	1.24e-01	7.42e-10
 4.95327e+16	8.81e-01	1.19e-01	7.75e-10
 4.95572e+16	8.86e-01	1.14e-01	8.09e-10
 4.95814e+16	8.90e-01	1.10e-01	8.45e-10
 4.96053e+16	8.95e-01	1.05e-01	8.86e-10
 4.96289e+16	8.99e-01	1.01e-01	9.27e-10
 4.96521e+16	9.03e-01	9.71e-02	9.71e-10
 4.96753e+16	9.07e-01	9.34e-02	1.01e-09
 4.96984e+16	9.10e-01	8.96e-02	1.06e-09
 4.97210e+16	9.14e-01	8.60e-02	1.11e-09
 4.97434e+16	9.17e-01	8.26e-02	1.16e-09
 4.97657e+16	9.21e-01	7.94e-02	1.22e-09
 4.97875e+16	9.24e-01	7.63e-02	1.28e-09
 4.98092e+16	9.27e-01	7.33e-02	1.34e-09
 4.98309e+16	9.30e-01	7.04e-02	1.42e-09
 4.98520e+16	9.32e-01	6.77e-02	1.49e-09
 4.98730e+16	9.35e-01	6.52e-02	1.55e-09
 4.98942e+16	9.37e-01	6.25e-02	1.64e-09
 4.99154e+16	9.40e-01	6.01e-02	1.74e-09
 4.99359e+16	9.42e-01	5.78e-02	1.83e-09
 4.99559e+16	9.44e-01	5.57e-02	1.92e-09
 4.99763e+16	9.46e-01	5.35e-02	2.03e-09
 4.99968e+16	9.49e-01	5.14e-02	2.16e-09
 5.00167e+16	9.51e-01	4.94e-02	2.30e-09
 5.00363e+16	9.52e-01	4.75e-02	2.44e-09
 5.00558e+16	9.54e-01	4.56e-02	2.60e-09
 5.00758e+16	9.56e-01	4.38e-02	2.77e-09
 5.00958e+16	9.58e-01	4.21e-02	2.96e-09
 5.01150e+16	9.60e-01	4.05e-02	3.17e-09
 5.01334e+16	9.61e-01	3.90e-02	3.40e-09
 5.01516e+16	9.62e-01	3.76e-02	3.65e-09
 5.01702e+16	9.64e-01	3.62e-02	3.92e-09
 5.01892e+16	9.65e-01	3.47e-02	4.29e-09
 5.02073e+16	9.67e-01	3.33e-02	4.63e-09
 5.02251e+16	9.68e-01	3.21e-02	5.06e-09
 5.02436e+16	9.69e-01	3.08e-02	5.56e-09
 5.02616e+16	9.70e-01	2.95e-02	6.15e-09
 5.02789e+16	9.72e-01	2.84e-02	6.81e-09
 5.02961e+16	9.73e-01	2.73e-02	7.59e-09
 5.03129e+16	9.74e-01	2.62e-02	8.48e-09
 5.03291e+16	9.75e-01	2.52e-02	9.56e-09
 5.03440e+16	9.76e-01	2.43e-02	1.07e-08
 5.03575e+16	9.76e-01	2.35e-02	1.20e-08
 5.03700e+16	9.77e-01	2.29e-02	1.34e-08
 5.03818e+16	9.78e-01	2.22e-02	1.50e-08
 5.03931e+16	9.78e-01	2.16e-02	1.68e-08
 5.04036e+16	9.79e-01	2.10e-02	1.88e-08
 5.04135e+16	9.80e-01	2.04e-02	2.09e-08
 5.04231e+16	9.80e-01	1.99e-02	2.34e-08
 5.04323e+16	9.81e-01	1.94e-02	2.61e-08
 5.04411e+16	9.81e-01	1.89e-02	2.94e-08
 5.04492e+16	9.81e-01	1.85e-02	3.23e-08
 5.04574e+16	9.82e-01	1.81e-02	3.60e-08
 5.04658e+16	9.82e-01	1.76e-02	4.03e-08
 5.04738e+16	9.83e-01	1.72e-02	4.48e-08
 5.04816e+16	9.83e-01	1.68e-02	4.97e-08
 5.04894e+16	9.84e-01	1.63e-02	5.49e-08
 5.04975e+16	9.84e-01	1.59e-02	6.06e-08
 5.05059e+16	9.85e-01	1.54e-02	6.67e-08
 5.05141e+16	9.85e-01	1.49e-02	7.21e-08
 5.05214e+16	9.85e-01	1.45e-02	7.67e-08
 5.05279e+16	9.86e-01	1.42e-02	8.02e-08
 5.05339e+16	9.86e-01	1.38e-02	8.32e-08
 5.05398e+16	9.86e-01	1.35e-02	8.58e-08
 5.05455e+16	9.87e-01	1.32e-02	8.81e-08
 5.05509e+16	9.87e-01	1.29e-02	9.01e-08
 5.05559e+16	9.87e-01	1.26e-02	9.19e-08
 5.05605e+16	9.88e-01	1.23e-02	9.34e-08
 5.05647e+16	9.88e-01	1.21e-02	9.48e-08
 5.05685e+16	9.88e-01	1.19e-02	9.61e-08
 5.05720e+16	9.88e-01	1.17e-02	9.73e-08
 5.05751e+16	9.88e-01	1.15e-02	9.85e-08
 5.05780e+16	9.89e-01	1.14e-02	9.95e-08
 5.05811e+16	9.89e-01	1.12e-02	1.01e-07
 5.05845e+16	9.89e-01	1.11e-02	1.02e-07
 5.05876e+16	9.89e-01	1.09e-02	1.03e-07
 5.05905e+16	9.89e-01	1.08e-02	1.04e-07
 5.05935e+16	9.89e-01	1.06e-02	1.06e-07
 5.05969e+16	9.90e-01	1.04e-02	1.08e-07
 5.05999e+16	9.90e-01	1.03e-02	1.09e-07
 5.06027e+16	9.90e-01	1.01e-02	1.10e-07
 5.06052e+16	9.90e-01	1.00e-02	1.12e-07
 5.06079e+16	9.90e-01	9.83e-03	1.13e-07
