#depth	He	He+	He+2
 4.70624e+11	7.65e-04	9.42e-01	5.72e-02
 2.82374e+12	7.65e-04	9.42e-01	5.71e-02
 1.22362e+13	7.66e-04	9.42e-01	5.68e-02
 4.98861e+13	7.68e-04	9.44e-01	5.51e-02
 1.19162e+14	7.71e-04	9.45e-01	5.43e-02
 2.09221e+14	7.75e-04	9.48e-01	5.16e-02
 3.26297e+14	7.82e-04	9.52e-01	4.71e-02
 4.78496e+14	7.91e-04	9.58e-01	4.08e-02
 6.76354e+14	8.03e-04	9.66e-01	3.30e-02
 9.33571e+14	8.17e-04	9.75e-01	2.43e-02
 1.26795e+15	8.33e-04	9.83e-01	1.59e-02
 1.70265e+15	8.51e-04	9.90e-01	8.96e-03
 2.26775e+15	8.71e-04	9.95e-01	4.24e-03
 3.00239e+15	8.94e-04	9.97e-01	1.64e-03
 3.95741e+15	9.23e-04	9.99e-01	5.08e-04
 5.19895e+15	9.61e-04	9.99e-01	1.26e-04
 6.81294e+15	1.01e-03	9.99e-01	2.53e-05
 8.91113e+15	1.08e-03	9.99e-01	4.36e-06
 1.13074e+16	1.17e-03	9.99e-01	7.94e-07
 1.37281e+16	1.26e-03	9.99e-01	1.86e-07
 1.56854e+16	1.34e-03	9.99e-01	6.70e-08
 1.72539e+16	1.41e-03	9.99e-01	3.15e-08
 1.89793e+16	1.50e-03	9.99e-01	1.46e-08
 2.08772e+16	1.60e-03	9.98e-01	6.64e-09
 2.24520e+16	1.69e-03	9.98e-01	3.70e-09
 2.34346e+16	1.76e-03	9.98e-01	2.61e-09
 2.43589e+16	1.83e-03	9.98e-01	1.87e-09
 2.55605e+16	1.92e-03	9.98e-01	1.23e-09
 2.67636e+16	2.02e-03	9.98e-01	8.40e-10
 2.76755e+16	2.11e-03	9.98e-01	6.41e-10
 2.84313e+16	2.19e-03	9.98e-01	5.14e-10
 2.92770e+16	2.28e-03	9.98e-01	4.03e-10
 3.02079e+16	2.39e-03	9.98e-01	3.14e-10
 3.10319e+16	2.50e-03	9.98e-01	2.57e-10
 3.17364e+16	2.60e-03	9.97e-01	2.18e-10
 3.25035e+16	2.72e-03	9.97e-01	1.84e-10
 3.33254e+16	2.86e-03	9.97e-01	1.55e-10
 3.40267e+16	3.00e-03	9.97e-01	1.37e-10
 3.46293e+16	3.12e-03	9.97e-01	1.23e-10
 3.52957e+16	3.28e-03	9.97e-01	1.11e-10
 3.60141e+16	3.47e-03	9.97e-01	9.96e-11
 3.66342e+16	3.65e-03	9.96e-01	9.18e-11
 3.71704e+16	3.82e-03	9.96e-01	8.63e-11
 3.77637e+16	4.04e-03	9.96e-01	8.11e-11
 3.84015e+16	4.30e-03	9.96e-01	7.62e-11
 3.89510e+16	4.55e-03	9.95e-01	7.28e-11
 3.94284e+16	4.80e-03	9.95e-01	7.05e-11
 3.99585e+16	5.12e-03	9.95e-01	6.80e-11
 4.05205e+16	5.50e-03	9.94e-01	6.60e-11
 4.09874e+16	5.87e-03	9.94e-01	6.49e-11
 4.13777e+16	6.22e-03	9.94e-01	6.46e-11
 4.18048e+16	6.67e-03	9.93e-01	6.40e-11
 4.22624e+16	7.21e-03	9.93e-01	6.37e-11
 4.26502e+16	7.75e-03	9.92e-01	6.36e-11
 4.29755e+16	8.27e-03	9.92e-01	6.40e-11
 4.33291e+16	8.94e-03	9.91e-01	6.46e-11
 4.37089e+16	9.77e-03	9.90e-01	6.55e-11
 4.40320e+16	1.06e-02	9.89e-01	6.71e-11
 4.43053e+16	1.14e-02	9.89e-01	6.90e-11
 4.46042e+16	1.25e-02	9.87e-01	7.13e-11
 4.49262e+16	1.39e-02	9.86e-01	7.55e-11
 4.52031e+16	1.53e-02	9.85e-01	7.90e-11
 4.54389e+16	1.68e-02	9.83e-01	8.35e-11
 4.56967e+16	1.87e-02	9.81e-01	9.09e-11
 4.59772e+16	2.13e-02	9.79e-01	1.02e-10
 4.61913e+16	2.37e-02	9.76e-01	1.12e-10
 4.63268e+16	2.56e-02	9.74e-01	1.18e-10
 4.64561e+16	2.77e-02	9.72e-01	1.26e-10
 4.66242e+16	3.07e-02	9.69e-01	1.41e-10
 4.67909e+16	3.43e-02	9.66e-01	1.57e-10
 4.69134e+16	3.73e-02	9.63e-01	1.76e-10
 4.70126e+16	4.02e-02	9.60e-01	1.91e-10
 4.71240e+16	4.40e-02	9.56e-01	2.11e-10
 4.72451e+16	4.85e-02	9.51e-01	2.37e-10
 4.73507e+16	5.32e-02	9.47e-01	2.64e-10
 4.74406e+16	5.76e-02	9.42e-01	2.95e-10
 4.75383e+16	6.34e-02	9.37e-01	3.29e-10
 4.76422e+16	7.02e-02	9.30e-01	3.75e-10
 4.77310e+16	7.66e-02	9.23e-01	4.29e-10
 4.78100e+16	8.33e-02	9.17e-01	4.79e-10
 4.78997e+16	9.21e-02	9.08e-01	5.47e-10
 4.79950e+16	1.02e-01	8.98e-01	6.34e-10
 4.80762e+16	1.13e-01	8.87e-01	7.15e-10
 4.81469e+16	1.22e-01	8.78e-01	8.06e-10
 4.82159e+16	1.33e-01	8.67e-01	9.04e-10
 4.82860e+16	1.45e-01	8.55e-01	1.01e-09
 4.83541e+16	1.58e-01	8.42e-01	1.13e-09
 4.84167e+16	1.70e-01	8.30e-01	1.27e-09
 4.84724e+16	1.83e-01	8.17e-01	1.39e-09
 4.85139e+16	1.92e-01	8.08e-01	1.49e-09
 4.85429e+16	1.99e-01	8.01e-01	1.56e-09
 4.85721e+16	2.07e-01	7.93e-01	1.63e-09
 4.86065e+16	2.17e-01	7.83e-01	1.73e-09
 4.86420e+16	2.27e-01	7.73e-01	1.83e-09
 4.86745e+16	2.36e-01	7.64e-01	1.93e-09
 4.87052e+16	2.46e-01	7.54e-01	2.03e-09
 4.87364e+16	2.56e-01	7.44e-01	2.14e-09
 4.87682e+16	2.67e-01	7.33e-01	2.24e-09
 4.87995e+16	2.77e-01	7.23e-01	2.37e-09
 4.88300e+16	2.88e-01	7.12e-01	2.48e-09
 4.88604e+16	2.99e-01	7.01e-01	2.61e-09
 4.88910e+16	3.11e-01	6.89e-01	2.73e-09
 4.89212e+16	3.23e-01	6.77e-01	2.87e-09
 4.89512e+16	3.35e-01	6.65e-01	3.00e-09
 4.89813e+16	3.48e-01	6.52e-01	3.13e-09
 4.90105e+16	3.61e-01	6.39e-01	3.27e-09
 4.90395e+16	3.73e-01	6.27e-01	3.41e-09
 4.90689e+16	3.87e-01	6.13e-01	3.55e-09
 4.90981e+16	4.00e-01	6.00e-01	3.71e-09
 4.91269e+16	4.14e-01	5.86e-01	3.85e-09
 4.91558e+16	4.28e-01	5.72e-01	4.00e-09
 4.91841e+16	4.42e-01	5.58e-01	4.15e-09
 4.92121e+16	4.56e-01	5.44e-01	4.30e-09
 4.92405e+16	4.70e-01	5.30e-01	4.44e-09
 4.92687e+16	4.84e-01	5.16e-01	4.61e-09
 4.92962e+16	4.99e-01	5.01e-01	4.75e-09
 4.93236e+16	5.13e-01	4.87e-01	4.90e-09
 4.93510e+16	5.28e-01	4.72e-01	5.04e-09
 4.93783e+16	5.43e-01	4.57e-01	5.19e-09
 4.94050e+16	5.57e-01	4.43e-01	5.33e-09
 4.94311e+16	5.71e-01	4.29e-01	5.47e-09
 4.94569e+16	5.85e-01	4.15e-01	5.60e-09
 4.94825e+16	5.98e-01	4.02e-01	5.73e-09
 4.95078e+16	6.12e-01	3.88e-01	5.85e-09
 4.95327e+16	6.25e-01	3.75e-01	5.97e-09
 4.95572e+16	6.38e-01	3.62e-01	6.08e-09
 4.95814e+16	6.51e-01	3.49e-01	6.19e-09
 4.96053e+16	6.63e-01	3.37e-01	6.30e-09
 4.96289e+16	6.75e-01	3.25e-01	6.39e-09
 4.96521e+16	6.87e-01	3.13e-01	6.48e-09
 4.96753e+16	6.99e-01	3.01e-01	6.57e-09
 4.96984e+16	7.10e-01	2.90e-01	6.66e-09
 4.97210e+16	7.21e-01	2.79e-01	6.73e-09
 4.97434e+16	7.32e-01	2.68e-01	6.80e-09
 4.97657e+16	7.42e-01	2.58e-01	6.87e-09
 4.97875e+16	7.52e-01	2.48e-01	6.92e-09
 4.98092e+16	7.62e-01	2.38e-01	6.98e-09
 4.98309e+16	7.71e-01	2.29e-01	7.04e-09
 4.98520e+16	7.80e-01	2.20e-01	7.08e-09
 4.98730e+16	7.89e-01	2.11e-01	7.13e-09
 4.98942e+16	7.98e-01	2.02e-01	7.15e-09
 4.99154e+16	8.06e-01	1.94e-01	7.19e-09
 4.99359e+16	8.14e-01	1.86e-01	7.22e-09
 4.99559e+16	8.21e-01	1.79e-01	7.24e-09
 4.99763e+16	8.29e-01	1.71e-01	7.26e-09
 4.99968e+16	8.36e-01	1.64e-01	7.27e-09
 5.00167e+16	8.43e-01	1.57e-01	7.28e-09
 5.00363e+16	8.49e-01	1.51e-01	7.28e-09
 5.00558e+16	8.56e-01	1.44e-01	7.26e-09
 5.00758e+16	8.62e-01	1.38e-01	7.26e-09
 5.00958e+16	8.68e-01	1.32e-01	7.26e-09
 5.01150e+16	8.74e-01	1.26e-01	7.27e-09
 5.01334e+16	8.79e-01	1.21e-01	7.26e-09
 5.01516e+16	8.84e-01	1.16e-01	7.24e-09
 5.01702e+16	8.89e-01	1.11e-01	7.22e-09
 5.01892e+16	8.93e-01	1.07e-01	7.23e-09
 5.02073e+16	8.98e-01	1.02e-01	7.18e-09
 5.02251e+16	9.02e-01	9.81e-02	7.15e-09
 5.02436e+16	9.06e-01	9.39e-02	7.13e-09
 5.02616e+16	9.10e-01	8.99e-02	7.09e-09
 5.02789e+16	9.14e-01	8.62e-02	7.05e-09
 5.02961e+16	9.17e-01	8.27e-02	7.02e-09
 5.03129e+16	9.21e-01	7.94e-02	6.98e-09
 5.03291e+16	9.24e-01	7.63e-02	6.94e-09
 5.03440e+16	9.26e-01	7.36e-02	6.91e-09
 5.03575e+16	9.29e-01	7.12e-02	6.85e-09
 5.03700e+16	9.31e-01	6.90e-02	6.81e-09
 5.03818e+16	9.33e-01	6.69e-02	6.76e-09
 5.03931e+16	9.35e-01	6.50e-02	6.71e-09
 5.04036e+16	9.37e-01	6.33e-02	6.66e-09
 5.04135e+16	9.38e-01	6.17e-02	6.61e-09
 5.04231e+16	9.40e-01	6.02e-02	6.56e-09
 5.04323e+16	9.41e-01	5.88e-02	6.51e-09
 5.04411e+16	9.43e-01	5.74e-02	6.45e-09
 5.04492e+16	9.44e-01	5.62e-02	6.42e-09
 5.04574e+16	9.45e-01	5.50e-02	6.36e-09
 5.04658e+16	9.46e-01	5.38e-02	6.31e-09
 5.04738e+16	9.47e-01	5.26e-02	6.26e-09
 5.04816e+16	9.48e-01	5.15e-02	6.21e-09
 5.04894e+16	9.50e-01	5.04e-02	6.15e-09
 5.04975e+16	9.51e-01	4.93e-02	6.08e-09
 5.05059e+16	9.52e-01	4.82e-02	6.01e-09
 5.05141e+16	9.53e-01	4.71e-02	5.94e-09
 5.05214e+16	9.54e-01	4.61e-02	5.88e-09
 5.05279e+16	9.55e-01	4.53e-02	5.81e-09
 5.05339e+16	9.55e-01	4.45e-02	5.75e-09
 5.05398e+16	9.56e-01	4.37e-02	5.68e-09
 5.05455e+16	9.57e-01	4.30e-02	5.62e-09
 5.05509e+16	9.58e-01	4.23e-02	5.55e-09
 5.05559e+16	9.58e-01	4.16e-02	5.49e-09
 5.05605e+16	9.59e-01	4.10e-02	5.42e-09
 5.05647e+16	9.60e-01	4.05e-02	5.37e-09
 5.05685e+16	9.60e-01	4.00e-02	5.31e-09
 5.05720e+16	9.60e-01	3.95e-02	5.26e-09
 5.05751e+16	9.61e-01	3.91e-02	5.21e-09
 5.05780e+16	9.61e-01	3.87e-02	5.18e-09
 5.05811e+16	9.62e-01	3.83e-02	5.12e-09
 5.05845e+16	9.62e-01	3.79e-02	5.08e-09
 5.05876e+16	9.63e-01	3.75e-02	5.03e-09
 5.05905e+16	9.63e-01	3.71e-02	4.99e-09
 5.05935e+16	9.63e-01	3.67e-02	4.94e-09
 5.05969e+16	9.64e-01	3.62e-02	4.89e-09
 5.05999e+16	9.64e-01	3.59e-02	4.85e-09
 5.06027e+16	9.64e-01	3.55e-02	4.80e-09
 5.06052e+16	9.65e-01	3.52e-02	4.78e-09
 5.06079e+16	9.65e-01	3.49e-02	4.74e-09
