#depth	He	He+	He+2
 1.70158e+12	8.32e-05	1.28e-01	8.72e-01
 1.02095e+13	8.32e-05	1.28e-01	8.72e-01
 4.42412e+13	8.34e-05	1.28e-01	8.72e-01
 1.80368e+14	8.45e-05	1.30e-01	8.70e-01
 4.30841e+14	8.52e-05	1.30e-01	8.69e-01
 7.56457e+14	8.71e-05	1.32e-01	8.67e-01
 1.17976e+15	9.02e-05	1.36e-01	8.64e-01
 1.73005e+15	9.50e-05	1.42e-01	8.58e-01
 2.44542e+15	1.03e-04	1.51e-01	8.49e-01
 3.37541e+15	1.15e-04	1.65e-01	8.35e-01
 4.58440e+15	1.35e-04	1.89e-01	8.11e-01
 5.90489e+15	1.63e-04	2.23e-01	7.77e-01
 7.07927e+15	1.97e-04	2.65e-01	7.35e-01
 8.08530e+15	2.36e-04	3.11e-01	6.89e-01
 8.97904e+15	2.82e-04	3.64e-01	6.36e-01
 9.80143e+15	3.32e-04	4.22e-01	5.77e-01
 1.05926e+16	3.90e-04	4.88e-01	5.11e-01
 1.13230e+16	4.52e-04	5.57e-01	4.42e-01
 1.19796e+16	5.13e-04	6.23e-01	3.76e-01
 1.27152e+16	5.85e-04	6.98e-01	3.02e-01
 1.36714e+16	6.77e-04	7.86e-01	2.13e-01
 1.47252e+16	7.62e-04	8.64e-01	1.35e-01
 1.59059e+16	8.38e-04	9.22e-01	7.71e-02
 1.74018e+16	9.04e-04	9.62e-01	3.68e-02
 1.91420e+16	9.58e-04	9.83e-01	1.59e-02
 2.10562e+16	1.01e-03	9.92e-01	6.61e-03
 2.31619e+16	1.05e-03	9.96e-01	2.68e-03
 2.54780e+16	1.11e-03	9.98e-01	1.06e-03
 2.80258e+16	1.16e-03	9.98e-01	4.05e-04
 3.08284e+16	1.23e-03	9.99e-01	1.50e-04
 3.39113e+16	1.32e-03	9.99e-01	5.44e-05
 3.73024e+16	1.42e-03	9.99e-01	1.96e-05
 4.10326e+16	1.55e-03	9.98e-01	7.19e-06
 4.48464e+16	1.69e-03	9.98e-01	2.93e-06
 4.73689e+16	1.81e-03	9.98e-01	1.80e-06
 4.83694e+16	1.87e-03	9.98e-01	1.51e-06
 4.91464e+16	1.91e-03	9.98e-01	1.29e-06
 5.01565e+16	1.96e-03	9.98e-01	1.07e-06
 5.14697e+16	2.04e-03	9.98e-01	8.39e-07
 5.31767e+16	2.14e-03	9.98e-01	6.25e-07
 5.48502e+16	2.26e-03	9.98e-01	4.85e-07
 5.60576e+16	2.35e-03	9.98e-01	4.06e-07
 5.70394e+16	2.44e-03	9.98e-01	3.51e-07
 5.81502e+16	2.53e-03	9.97e-01	2.98e-07
 5.95943e+16	2.67e-03	9.97e-01	2.43e-07
 6.10343e+16	2.82e-03	9.97e-01	2.02e-07
 6.21069e+16	2.95e-03	9.97e-01	1.77e-07
 6.29886e+16	3.07e-03	9.97e-01	1.58e-07
 6.39843e+16	3.20e-03	9.97e-01	1.39e-07
 6.52787e+16	3.39e-03	9.97e-01	1.18e-07
 6.65657e+16	3.62e-03	9.96e-01	1.02e-07
 6.75211e+16	3.81e-03	9.96e-01	9.17e-08
 6.83086e+16	3.98e-03	9.96e-01	8.39e-08
 6.91994e+16	4.18e-03	9.96e-01	7.57e-08
 7.03574e+16	4.48e-03	9.96e-01	6.63e-08
 7.15192e+16	4.83e-03	9.95e-01	5.87e-08
 7.23912e+16	5.15e-03	9.95e-01	5.37e-08
 7.30923e+16	5.42e-03	9.95e-01	4.99e-08
 7.38660e+16	5.76e-03	9.94e-01	4.58e-08
 7.48718e+16	6.25e-03	9.94e-01	4.12e-08
 7.58615e+16	6.84e-03	9.93e-01	3.73e-08
 7.65641e+16	7.34e-03	9.93e-01	3.48e-08
 7.71056e+16	7.77e-03	9.92e-01	3.30e-08
 7.77037e+16	8.30e-03	9.92e-01	3.09e-08
 7.84812e+16	9.07e-03	9.91e-01	2.85e-08
 7.92654e+16	1.00e-02	9.90e-01	2.64e-08
 7.98520e+16	1.09e-02	9.89e-01	2.50e-08
 8.03176e+16	1.17e-02	9.88e-01	2.39e-08
 8.08322e+16	1.27e-02	9.87e-01	2.26e-08
 8.15011e+16	1.42e-02	9.86e-01	2.11e-08
 8.21643e+16	1.61e-02	9.84e-01	1.98e-08
 8.26483e+16	1.78e-02	9.82e-01	1.90e-08
 8.30009e+16	1.92e-02	9.81e-01	1.84e-08
 8.33541e+16	2.09e-02	9.79e-01	1.77e-08
 8.37481e+16	2.30e-02	9.77e-01	1.70e-08
 8.40986e+16	2.53e-02	9.75e-01	1.65e-08
 8.43868e+16	2.75e-02	9.73e-01	1.61e-08
 8.46906e+16	3.00e-02	9.70e-01	1.57e-08
 8.50214e+16	3.33e-02	9.67e-01	1.52e-08
 8.53039e+16	3.66e-02	9.63e-01	1.49e-08
 8.55332e+16	3.98e-02	9.60e-01	1.47e-08
 8.57770e+16	4.35e-02	9.56e-01	1.44e-08
 8.60492e+16	4.85e-02	9.52e-01	1.42e-08
 8.62893e+16	5.36e-02	9.46e-01	1.40e-08
 8.64859e+16	5.83e-02	9.42e-01	1.39e-08
 8.66949e+16	6.41e-02	9.36e-01	1.38e-08
 8.69278e+16	7.15e-02	9.29e-01	1.37e-08
 8.71364e+16	7.94e-02	9.21e-01	1.37e-08
 8.73123e+16	8.68e-02	9.13e-01	1.38e-08
 8.74911e+16	9.56e-02	9.04e-01	1.38e-08
 8.77053e+16	1.07e-01	8.93e-01	1.40e-08
 8.79160e+16	1.21e-01	8.79e-01	1.43e-08
 8.80776e+16	1.33e-01	8.67e-01	1.45e-08
 8.82057e+16	1.44e-01	8.56e-01	1.47e-08
 8.83295e+16	1.55e-01	8.45e-01	1.50e-08
 8.84593e+16	1.68e-01	8.32e-01	1.52e-08
 8.85860e+16	1.81e-01	8.19e-01	1.56e-08
 8.86809e+16	1.92e-01	8.08e-01	1.59e-08
 8.87391e+16	2.00e-01	8.00e-01	1.60e-08
 8.87944e+16	2.07e-01	7.93e-01	1.61e-08
 8.88659e+16	2.17e-01	7.83e-01	1.63e-08
 8.89439e+16	2.28e-01	7.72e-01	1.66e-08
 8.90124e+16	2.38e-01	7.62e-01	1.69e-08
 8.90730e+16	2.48e-01	7.52e-01	1.71e-08
 8.91343e+16	2.58e-01	7.42e-01	1.73e-08
 8.91996e+16	2.69e-01	7.31e-01	1.76e-08
 8.92648e+16	2.80e-01	7.20e-01	1.79e-08
 8.93268e+16	2.91e-01	7.09e-01	1.82e-08
 8.93873e+16	3.03e-01	6.97e-01	1.84e-08
 8.94477e+16	3.15e-01	6.85e-01	1.87e-08
 8.95078e+16	3.26e-01	6.74e-01	1.90e-08
 8.95674e+16	3.39e-01	6.61e-01	1.93e-08
 8.96267e+16	3.51e-01	6.49e-01	1.96e-08
 8.96858e+16	3.65e-01	6.35e-01	1.99e-08
 8.97445e+16	3.78e-01	6.22e-01	2.02e-08
 8.98018e+16	3.91e-01	6.09e-01	2.05e-08
 8.98583e+16	4.05e-01	5.95e-01	2.08e-08
 8.99155e+16	4.19e-01	5.81e-01	2.10e-08
 8.99725e+16	4.33e-01	5.67e-01	2.14e-08
 9.00284e+16	4.47e-01	5.53e-01	2.16e-08
 9.00836e+16	4.61e-01	5.39e-01	2.20e-08
 9.01384e+16	4.75e-01	5.25e-01	2.22e-08
 9.01935e+16	4.90e-01	5.10e-01	2.25e-08
 9.02478e+16	5.05e-01	4.95e-01	2.27e-08
 9.03012e+16	5.19e-01	4.81e-01	2.30e-08
 9.03541e+16	5.33e-01	4.67e-01	2.33e-08
 9.04064e+16	5.48e-01	4.52e-01	2.35e-08
 9.04583e+16	5.62e-01	4.38e-01	2.37e-08
 9.05094e+16	5.76e-01	4.24e-01	2.39e-08
 9.05589e+16	5.90e-01	4.10e-01	2.41e-08
 9.06074e+16	6.03e-01	3.97e-01	2.42e-08
 9.06560e+16	6.17e-01	3.83e-01	2.44e-08
 9.07045e+16	6.30e-01	3.70e-01	2.45e-08
 9.07517e+16	6.43e-01	3.57e-01	2.47e-08
 9.07978e+16	6.55e-01	3.45e-01	2.48e-08
 9.08435e+16	6.67e-01	3.33e-01	2.49e-08
 9.08889e+16	6.79e-01	3.21e-01	2.49e-08
 9.09341e+16	6.91e-01	3.09e-01	2.51e-08
 9.09786e+16	7.02e-01	2.98e-01	2.51e-08
 9.10219e+16	7.13e-01	2.87e-01	2.52e-08
 9.10646e+16	7.24e-01	2.76e-01	2.51e-08
 9.11077e+16	7.35e-01	2.65e-01	2.52e-08
 9.11508e+16	7.45e-01	2.55e-01	2.52e-08
 9.11925e+16	7.54e-01	2.46e-01	2.52e-08
 9.12331e+16	7.64e-01	2.36e-01	2.51e-08
 9.12744e+16	7.73e-01	2.27e-01	2.51e-08
 9.13156e+16	7.82e-01	2.18e-01	2.50e-08
 9.13557e+16	7.91e-01	2.09e-01	2.50e-08
 9.13952e+16	7.99e-01	2.01e-01	2.50e-08
 9.14345e+16	8.07e-01	1.93e-01	2.49e-08
 9.14741e+16	8.15e-01	1.85e-01	2.48e-08
 9.15136e+16	8.22e-01	1.78e-01	2.47e-08
 9.15520e+16	8.30e-01	1.70e-01	2.46e-08
 9.15891e+16	8.36e-01	1.64e-01	2.45e-08
 9.16261e+16	8.43e-01	1.57e-01	2.43e-08
 9.16645e+16	8.50e-01	1.50e-01	2.41e-08
 9.17031e+16	8.56e-01	1.44e-01	2.41e-08
 9.17393e+16	8.61e-01	1.39e-01	2.39e-08
 9.17739e+16	8.67e-01	1.33e-01	2.37e-08
 9.18097e+16	8.72e-01	1.28e-01	2.35e-08
 9.18469e+16	8.78e-01	1.22e-01	2.33e-08
 9.18829e+16	8.83e-01	1.17e-01	2.32e-08
 9.19170e+16	8.87e-01	1.13e-01	2.30e-08
 9.19506e+16	8.92e-01	1.08e-01	2.28e-08
 9.19849e+16	8.96e-01	1.04e-01	2.25e-08
 9.20193e+16	9.01e-01	9.94e-02	2.23e-08
 9.20519e+16	9.04e-01	9.56e-02	2.21e-08
 9.20811e+16	9.08e-01	9.22e-02	2.19e-08
 9.21074e+16	9.11e-01	8.92e-02	2.16e-08
 9.21318e+16	9.14e-01	8.64e-02	2.14e-08
 9.21546e+16	9.16e-01	8.39e-02	2.12e-08
 9.21762e+16	9.18e-01	8.16e-02	2.09e-08
 9.21961e+16	9.21e-01	7.95e-02	2.07e-08
 9.22143e+16	9.22e-01	7.76e-02	2.05e-08
 9.22315e+16	9.24e-01	7.58e-02	2.03e-08
 9.22476e+16	9.26e-01	7.42e-02	2.01e-08
 9.22629e+16	9.27e-01	7.27e-02	1.99e-08
 9.22776e+16	9.29e-01	7.12e-02	1.97e-08
 9.22914e+16	9.30e-01	6.99e-02	1.96e-08
 9.23044e+16	9.31e-01	6.87e-02	1.94e-08
 9.23167e+16	9.32e-01	6.75e-02	1.92e-08
 9.23285e+16	9.34e-01	6.64e-02	1.91e-08
 9.23398e+16	9.35e-01	6.54e-02	1.89e-08
 9.23506e+16	9.36e-01	6.44e-02	1.87e-08
 9.23610e+16	9.37e-01	6.34e-02	1.86e-08
 9.23710e+16	9.37e-01	6.25e-02	1.84e-08
 9.23808e+16	9.38e-01	6.17e-02	1.83e-08
 9.23903e+16	9.39e-01	6.08e-02	1.81e-08
 9.23996e+16	9.40e-01	6.00e-02	1.80e-08
 9.24089e+16	9.41e-01	5.92e-02	1.78e-08
 9.24182e+16	9.42e-01	5.84e-02	1.76e-08
 9.24276e+16	9.42e-01	5.75e-02	1.75e-08
 9.24373e+16	9.43e-01	5.67e-02	1.73e-08
 9.24474e+16	9.44e-01	5.58e-02	1.71e-08
 9.24583e+16	9.45e-01	5.49e-02	1.69e-08
 9.24693e+16	9.46e-01	5.39e-02	1.66e-08
 9.24797e+16	9.47e-01	5.31e-02	1.64e-08
 9.24891e+16	9.48e-01	5.23e-02	1.62e-08
 9.24980e+16	9.48e-01	5.15e-02	1.60e-08
 9.25065e+16	9.49e-01	5.08e-02	1.58e-08
 9.25145e+16	9.50e-01	5.01e-02	1.56e-08
 9.25219e+16	9.51e-01	4.94e-02	1.54e-08
 9.25285e+16	9.51e-01	4.89e-02	1.52e-08
 9.25346e+16	9.52e-01	4.83e-02	1.51e-08
 9.25401e+16	9.52e-01	4.78e-02	1.49e-08
 9.25451e+16	9.53e-01	4.74e-02	1.48e-08
 9.25506e+16	9.53e-01	4.69e-02	1.46e-08
 9.25566e+16	9.54e-01	4.64e-02	1.45e-08
 9.25620e+16	9.54e-01	4.59e-02	1.43e-08
 9.25669e+16	9.54e-01	4.55e-02	1.42e-08
 9.25723e+16	9.55e-01	4.50e-02	1.41e-08
 9.25781e+16	9.55e-01	4.45e-02	1.39e-08
 9.25834e+16	9.56e-01	4.41e-02	1.37e-08
 9.25882e+16	9.56e-01	4.37e-02	1.36e-08
 9.25935e+16	9.57e-01	4.32e-02	1.35e-08
 9.25992e+16	9.57e-01	4.27e-02	1.33e-08
 9.26044e+16	9.58e-01	4.23e-02	1.32e-08
 9.26091e+16	9.58e-01	4.19e-02	1.31e-08
 9.26143e+16	9.58e-01	4.15e-02	1.30e-08
 9.26210e+16	9.59e-01	4.10e-02	1.29e-08
 9.26282e+16	9.60e-01	4.05e-02	1.27e-08
 9.26348e+16	9.60e-01	4.00e-02	1.26e-08
 9.26409e+16	9.60e-01	3.96e-02	1.25e-08
 9.26474e+16	9.61e-01	3.91e-02	1.23e-08
 9.26546e+16	9.61e-01	3.86e-02	1.22e-08
 9.26610e+16	9.62e-01	3.82e-02	1.21e-08
 9.26681e+16	9.62e-01	3.76e-02	1.19e-08
