#depth	O	O+	O+2	O+3	O+4	O+5	O+6	O+7	O+8	O[1]	O[2]	O[3]
 1.69050e+12	8.62e-07	1.34e-03	2.42e-01	7.26e-01	3.09e-02	8.22e-07	0.00e+00	0.00e+00	0.00e+00	6.44e-07	1.39e-07	7.90e-08
 1.01430e+13	8.62e-07	1.34e-03	2.42e-01	7.26e-01	3.08e-02	8.20e-07	0.00e+00	0.00e+00	0.00e+00	6.44e-07	1.39e-07	7.90e-08
 4.39529e+13	8.64e-07	1.35e-03	2.43e-01	7.25e-01	3.06e-02	8.14e-07	0.00e+00	0.00e+00	0.00e+00	6.45e-07	1.39e-07	7.92e-08
 1.79193e+14	8.76e-07	1.37e-03	2.47e-01	7.22e-01	3.00e-02	7.89e-07	0.00e+00	0.00e+00	0.00e+00	6.54e-07	1.41e-07	8.03e-08
 4.28034e+14	8.73e-07	1.39e-03	2.52e-01	7.18e-01	2.89e-02	7.51e-07	0.00e+00	0.00e+00	0.00e+00	6.52e-07	1.41e-07	8.00e-08
 7.51527e+14	8.86e-07	1.43e-03	2.60e-01	7.11e-01	2.75e-02	7.03e-07	0.00e+00	0.00e+00	0.00e+00	6.62e-07	1.43e-07	8.12e-08
 1.17207e+15	9.08e-07	1.48e-03	2.70e-01	7.03e-01	2.59e-02	6.45e-07	0.00e+00	0.00e+00	0.00e+00	6.79e-07	1.46e-07	8.32e-08
 1.71877e+15	9.47e-07	1.56e-03	2.84e-01	6.91e-01	2.38e-02	5.74e-07	0.00e+00	0.00e+00	0.00e+00	7.09e-07	1.52e-07	8.67e-08
 2.42949e+15	1.01e-06	1.67e-03	3.04e-01	6.73e-01	2.13e-02	4.91e-07	0.00e+00	0.00e+00	0.00e+00	7.57e-07	1.61e-07	9.25e-08
 3.35342e+15	1.12e-06	1.85e-03	3.33e-01	6.47e-01	1.82e-02	3.97e-07	0.00e+00	0.00e+00	0.00e+00	8.36e-07	1.77e-07	1.02e-07
 4.55453e+15	1.29e-06	2.12e-03	3.77e-01	6.07e-01	1.46e-02	2.94e-07	0.00e+00	0.00e+00	0.00e+00	9.68e-07	2.04e-07	1.18e-07
 5.87226e+15	1.50e-06	2.47e-03	4.32e-01	5.54e-01	1.12e-02	2.06e-07	0.00e+00	0.00e+00	0.00e+00	1.13e-06	2.36e-07	1.37e-07
 7.05427e+15	1.75e-06	2.85e-03	4.91e-01	4.98e-01	8.49e-03	1.44e-07	0.00e+00	0.00e+00	0.00e+00	1.31e-06	2.74e-07	1.59e-07
 8.06572e+15	2.02e-06	3.25e-03	5.50e-01	4.41e-01	6.41e-03	0.00e+00	0.00e+00	0.00e+00	0.00e+00	1.52e-06	3.16e-07	1.84e-07
 8.95978e+15	2.32e-06	3.66e-03	6.07e-01	3.84e-01	4.80e-03	0.00e+00	0.00e+00	0.00e+00	0.00e+00	1.74e-06	3.61e-07	2.11e-07
 9.80020e+15	2.66e-06	4.11e-03	6.65e-01	3.27e-01	3.49e-03	0.00e+00	0.00e+00	0.00e+00	0.00e+00	2.00e-06	4.14e-07	2.41e-07
 1.06209e+16	3.04e-06	4.58e-03	7.23e-01	2.70e-01	2.43e-03	0.00e+00	0.00e+00	0.00e+00	0.00e+00	2.29e-06	4.72e-07	2.75e-07
 1.14328e+16	3.46e-06	5.08e-03	7.78e-01	2.15e-01	1.60e-03	0.00e+00	0.00e+00	0.00e+00	0.00e+00	2.61e-06	5.37e-07	3.13e-07
 1.21883e+16	3.88e-06	5.53e-03	8.26e-01	1.67e-01	1.03e-03	0.00e+00	0.00e+00	0.00e+00	0.00e+00	2.93e-06	6.00e-07	3.50e-07
 1.28842e+16	4.28e-06	5.95e-03	8.65e-01	1.28e-01	6.53e-04	0.00e+00	0.00e+00	0.00e+00	0.00e+00	3.23e-06	6.62e-07	3.86e-07
 1.36808e+16	4.77e-06	6.39e-03	9.02e-01	9.12e-02	3.66e-04	0.00e+00	0.00e+00	0.00e+00	0.00e+00	3.60e-06	7.36e-07	4.29e-07
 1.47162e+16	5.40e-06	6.91e-03	9.37e-01	5.64e-02	1.62e-04	0.00e+00	0.00e+00	0.00e+00	0.00e+00	4.08e-06	8.30e-07	4.85e-07
 1.60624e+16	6.15e-06	7.44e-03	9.63e-01	2.92e-02	5.27e-05	0.00e+00	0.00e+00	0.00e+00	0.00e+00	4.65e-06	9.44e-07	5.51e-07
 1.76644e+16	6.95e-06	7.92e-03	9.79e-01	1.33e-02	1.37e-05	0.00e+00	0.00e+00	0.00e+00	0.00e+00	5.26e-06	1.07e-06	6.23e-07
 1.94308e+16	7.85e-06	8.38e-03	9.86e-01	5.78e-03	3.17e-06	0.00e+00	0.00e+00	0.00e+00	0.00e+00	5.95e-06	1.20e-06	7.03e-07
 2.13739e+16	8.91e-06	8.85e-03	9.89e-01	2.44e-03	6.76e-07	0.00e+00	0.00e+00	0.00e+00	0.00e+00	6.75e-06	1.37e-06	7.98e-07
 2.35113e+16	1.02e-05	9.38e-03	9.90e-01	1.00e-03	1.33e-07	0.00e+00	0.00e+00	0.00e+00	0.00e+00	7.74e-06	1.57e-06	9.18e-07
 2.58624e+16	1.19e-05	9.99e-03	9.90e-01	4.02e-04	0.00e+00	0.00e+00	0.00e+00	0.00e+00	0.00e+00	9.03e-06	1.83e-06	1.07e-06
 2.84487e+16	1.42e-05	1.07e-02	9.89e-01	1.62e-04	0.00e+00	0.00e+00	0.00e+00	0.00e+00	0.00e+00	1.07e-05	2.19e-06	1.28e-06
 3.12935e+16	1.74e-05	1.17e-02	9.88e-01	6.84e-05	0.00e+00	0.00e+00	0.00e+00	0.00e+00	0.00e+00	1.31e-05	2.69e-06	1.57e-06
 3.44229e+16	2.19e-05	1.28e-02	9.87e-01	3.30e-05	0.00e+00	0.00e+00	0.00e+00	0.00e+00	0.00e+00	1.65e-05	3.41e-06	2.00e-06
 3.78652e+16	2.87e-05	1.43e-02	9.86e-01	1.95e-05	0.00e+00	0.00e+00	0.00e+00	0.00e+00	0.00e+00	2.16e-05	4.48e-06	2.62e-06
 4.16517e+16	3.95e-05	1.64e-02	9.84e-01	1.39e-05	0.00e+00	0.00e+00	0.00e+00	0.00e+00	0.00e+00	2.97e-05	6.19e-06	3.61e-06
 4.54563e+16	5.60e-05	1.91e-02	9.81e-01	1.12e-05	0.00e+00	0.00e+00	0.00e+00	0.00e+00	0.00e+00	4.20e-05	8.83e-06	5.12e-06
 4.79178e+16	7.26e-05	2.14e-02	9.79e-01	9.87e-06	0.00e+00	0.00e+00	0.00e+00	0.00e+00	0.00e+00	5.44e-05	1.15e-05	6.64e-06
 4.88887e+16	8.06e-05	2.24e-02	9.77e-01	9.43e-06	0.00e+00	0.00e+00	0.00e+00	0.00e+00	0.00e+00	6.04e-05	1.28e-05	7.38e-06
 4.96491e+16	8.72e-05	2.33e-02	9.77e-01	9.13e-06	0.00e+00	0.00e+00	0.00e+00	0.00e+00	0.00e+00	6.54e-05	1.38e-05	7.99e-06
 5.06375e+16	9.67e-05	2.44e-02	9.75e-01	8.77e-06	0.00e+00	0.00e+00	0.00e+00	0.00e+00	0.00e+00	7.25e-05	1.54e-05	8.86e-06
 5.19225e+16	1.11e-04	2.60e-02	9.74e-01	8.37e-06	0.00e+00	0.00e+00	0.00e+00	0.00e+00	0.00e+00	8.33e-05	1.77e-05	1.02e-05
 5.35931e+16	1.34e-04	2.84e-02	9.71e-01	7.79e-06	0.00e+00	0.00e+00	0.00e+00	0.00e+00	0.00e+00	1.00e-04	2.14e-05	1.23e-05
 5.52426e+16	1.64e-04	3.13e-02	9.69e-01	7.25e-06	0.00e+00	0.00e+00	0.00e+00	0.00e+00	0.00e+00	1.22e-04	2.63e-05	1.50e-05
 5.64477e+16	1.91e-04	3.37e-02	9.66e-01	6.86e-06	0.00e+00	0.00e+00	0.00e+00	0.00e+00	0.00e+00	1.43e-04	3.07e-05	1.75e-05
 5.74295e+16	2.16e-04	3.58e-02	9.64e-01	6.58e-06	0.00e+00	0.00e+00	0.00e+00	0.00e+00	0.00e+00	1.62e-04	3.49e-05	1.99e-05
 5.85380e+16	2.50e-04	3.85e-02	9.61e-01	6.23e-06	0.00e+00	0.00e+00	0.00e+00	0.00e+00	0.00e+00	1.86e-04	4.03e-05	2.29e-05
 5.99789e+16	3.02e-04	4.24e-02	9.57e-01	5.81e-06	0.00e+00	0.00e+00	0.00e+00	0.00e+00	0.00e+00	2.25e-04	4.90e-05	2.78e-05
 6.14146e+16	3.72e-04	4.71e-02	9.53e-01	5.39e-06	0.00e+00	0.00e+00	0.00e+00	0.00e+00	0.00e+00	2.78e-04	6.05e-05	3.42e-05
 6.24816e+16	4.38e-04	5.12e-02	9.48e-01	5.05e-06	0.00e+00	0.00e+00	0.00e+00	0.00e+00	0.00e+00	3.26e-04	7.13e-05	4.02e-05
 6.33565e+16	5.01e-04	5.48e-02	9.45e-01	4.79e-06	0.00e+00	0.00e+00	0.00e+00	0.00e+00	0.00e+00	3.73e-04	8.17e-05	4.60e-05
 6.43435e+16	5.83e-04	5.94e-02	9.40e-01	4.53e-06	0.00e+00	0.00e+00	0.00e+00	0.00e+00	0.00e+00	4.34e-04	9.54e-05	5.36e-05
 6.56265e+16	7.17e-04	6.62e-02	9.33e-01	4.16e-06	0.00e+00	0.00e+00	0.00e+00	0.00e+00	0.00e+00	5.33e-04	1.17e-04	6.58e-05
 6.69072e+16	8.96e-04	7.45e-02	9.25e-01	3.78e-06	0.00e+00	0.00e+00	0.00e+00	0.00e+00	0.00e+00	6.67e-04	1.47e-04	8.22e-05
 6.78635e+16	1.07e-03	8.18e-02	9.17e-01	3.47e-06	0.00e+00	0.00e+00	0.00e+00	0.00e+00	0.00e+00	7.96e-04	1.75e-04	9.81e-05
 6.86511e+16	1.24e-03	8.85e-02	9.10e-01	3.26e-06	0.00e+00	0.00e+00	0.00e+00	0.00e+00	0.00e+00	9.21e-04	2.02e-04	1.13e-04
 6.95407e+16	1.46e-03	9.68e-02	9.02e-01	3.02e-06	0.00e+00	0.00e+00	0.00e+00	0.00e+00	0.00e+00	1.09e-03	2.39e-04	1.34e-04
 7.06970e+16	1.83e-03	1.09e-01	8.89e-01	2.70e-06	0.00e+00	0.00e+00	0.00e+00	0.00e+00	0.00e+00	1.37e-03	3.00e-04	1.68e-04
 7.18543e+16	2.35e-03	1.25e-01	8.73e-01	2.36e-06	0.00e+00	0.00e+00	0.00e+00	0.00e+00	0.00e+00	1.75e-03	3.84e-04	2.14e-04
 7.27161e+16	2.85e-03	1.39e-01	8.58e-01	2.14e-06	0.00e+00	0.00e+00	0.00e+00	0.00e+00	0.00e+00	2.13e-03	4.66e-04	2.60e-04
 7.34065e+16	3.35e-03	1.51e-01	8.45e-01	1.95e-06	0.00e+00	0.00e+00	0.00e+00	0.00e+00	0.00e+00	2.49e-03	5.46e-04	3.05e-04
 7.41705e+16	4.00e-03	1.67e-01	8.29e-01	1.75e-06	0.00e+00	0.00e+00	0.00e+00	0.00e+00	0.00e+00	2.98e-03	6.53e-04	3.65e-04
 7.51636e+16	5.08e-03	1.90e-01	8.05e-01	1.51e-06	0.00e+00	0.00e+00	0.00e+00	0.00e+00	0.00e+00	3.79e-03	8.28e-04	4.62e-04
 7.61422e+16	6.59e-03	2.18e-01	7.76e-01	1.27e-06	0.00e+00	0.00e+00	0.00e+00	0.00e+00	0.00e+00	4.92e-03	1.07e-03	5.99e-04
 7.68393e+16	8.02e-03	2.41e-01	7.51e-01	1.11e-06	0.00e+00	0.00e+00	0.00e+00	0.00e+00	0.00e+00	5.99e-03	1.30e-03	7.28e-04
 7.73774e+16	9.34e-03	2.61e-01	7.30e-01	9.92e-07	0.00e+00	0.00e+00	0.00e+00	0.00e+00	0.00e+00	6.97e-03	1.52e-03	8.48e-04
 7.79715e+16	1.11e-02	2.85e-01	7.04e-01	8.60e-07	0.00e+00	0.00e+00	0.00e+00	0.00e+00	0.00e+00	8.28e-03	1.80e-03	1.01e-03
 7.87438e+16	1.39e-02	3.20e-01	6.66e-01	7.14e-07	0.00e+00	0.00e+00	0.00e+00	0.00e+00	0.00e+00	1.04e-02	2.26e-03	1.26e-03
 7.95227e+16	1.79e-02	3.61e-01	6.21e-01	5.65e-07	0.00e+00	0.00e+00	0.00e+00	0.00e+00	0.00e+00	1.34e-02	2.89e-03	1.62e-03
 8.01050e+16	2.18e-02	3.96e-01	5.82e-01	4.66e-07	0.00e+00	0.00e+00	0.00e+00	0.00e+00	0.00e+00	1.63e-02	3.51e-03	1.97e-03
 8.05667e+16	2.54e-02	4.26e-01	5.49e-01	3.93e-07	0.00e+00	0.00e+00	0.00e+00	0.00e+00	0.00e+00	1.90e-02	4.10e-03	2.30e-03
 8.10767e+16	3.03e-02	4.60e-01	5.09e-01	3.21e-07	0.00e+00	0.00e+00	0.00e+00	0.00e+00	0.00e+00	2.27e-02	4.88e-03	2.74e-03
 8.17398e+16	3.83e-02	5.07e-01	4.54e-01	2.40e-07	0.00e+00	0.00e+00	0.00e+00	0.00e+00	0.00e+00	2.87e-02	6.15e-03	3.45e-03
 8.23984e+16	4.92e-02	5.58e-01	3.93e-01	1.69e-07	0.00e+00	0.00e+00	0.00e+00	0.00e+00	0.00e+00	3.69e-02	7.86e-03	4.42e-03
 8.28832e+16	5.93e-02	5.95e-01	3.45e-01	1.25e-07	0.00e+00	0.00e+00	0.00e+00	0.00e+00	0.00e+00	4.45e-02	9.45e-03	5.33e-03
 8.32349e+16	6.81e-02	6.22e-01	3.10e-01	0.00e+00	0.00e+00	0.00e+00	0.00e+00	0.00e+00	0.00e+00	5.11e-02	1.08e-02	6.11e-03
 8.35819e+16	7.79e-02	6.46e-01	2.76e-01	0.00e+00	0.00e+00	0.00e+00	0.00e+00	0.00e+00	0.00e+00	5.86e-02	1.23e-02	6.98e-03
 8.39678e+16	9.10e-02	6.71e-01	2.38e-01	0.00e+00	0.00e+00	0.00e+00	0.00e+00	0.00e+00	0.00e+00	6.85e-02	1.43e-02	8.14e-03
 8.43102e+16	1.05e-01	6.90e-01	2.05e-01	0.00e+00	0.00e+00	0.00e+00	0.00e+00	0.00e+00	0.00e+00	7.89e-02	1.64e-02	9.35e-03
 8.45927e+16	1.17e-01	7.03e-01	1.79e-01	0.00e+00	0.00e+00	0.00e+00	0.00e+00	0.00e+00	0.00e+00	8.87e-02	1.83e-02	1.05e-02
 8.48916e+16	1.32e-01	7.14e-01	1.54e-01	0.00e+00	0.00e+00	0.00e+00	0.00e+00	0.00e+00	0.00e+00	1.00e-01	2.05e-02	1.18e-02
 8.52180e+16	1.51e-01	7.22e-01	1.27e-01	0.00e+00	0.00e+00	0.00e+00	0.00e+00	0.00e+00	0.00e+00	1.15e-01	2.33e-02	1.34e-02
 8.54973e+16	1.70e-01	7.24e-01	1.06e-01	0.00e+00	0.00e+00	0.00e+00	0.00e+00	0.00e+00	0.00e+00	1.29e-01	2.60e-02	1.50e-02
 8.57239e+16	1.87e-01	7.22e-01	9.01e-02	0.00e+00	0.00e+00	0.00e+00	0.00e+00	0.00e+00	0.00e+00	1.42e-01	2.84e-02	1.65e-02
 8.59645e+16	2.06e-01	7.18e-01	7.55e-02	0.00e+00	0.00e+00	0.00e+00	0.00e+00	0.00e+00	0.00e+00	1.57e-01	3.10e-02	1.81e-02
 8.62340e+16	2.31e-01	7.09e-01	6.06e-02	0.00e+00	0.00e+00	0.00e+00	0.00e+00	0.00e+00	0.00e+00	1.76e-01	3.43e-02	2.02e-02
 8.64747e+16	2.56e-01	6.95e-01	4.87e-02	0.00e+00	0.00e+00	0.00e+00	0.00e+00	0.00e+00	0.00e+00	1.96e-01	3.76e-02	2.22e-02
 8.66726e+16	2.78e-01	6.82e-01	4.03e-02	0.00e+00	0.00e+00	0.00e+00	0.00e+00	0.00e+00	0.00e+00	2.13e-01	4.04e-02	2.40e-02
 8.68813e+16	3.03e-01	6.65e-01	3.26e-02	0.00e+00	0.00e+00	0.00e+00	0.00e+00	0.00e+00	0.00e+00	2.33e-01	4.34e-02	2.60e-02
 8.71110e+16	3.32e-01	6.42e-01	2.54e-02	0.00e+00	0.00e+00	0.00e+00	0.00e+00	0.00e+00	0.00e+00	2.57e-01	4.69e-02	2.83e-02
 8.73167e+16	3.62e-01	6.18e-01	1.99e-02	0.00e+00	0.00e+00	0.00e+00	0.00e+00	0.00e+00	0.00e+00	2.81e-01	5.02e-02	3.06e-02
 8.74944e+16	3.88e-01	5.96e-01	1.60e-02	0.00e+00	0.00e+00	0.00e+00	0.00e+00	0.00e+00	0.00e+00	3.02e-01	5.30e-02	3.25e-02
 8.76787e+16	4.17e-01	5.71e-01	1.26e-02	0.00e+00	0.00e+00	0.00e+00	0.00e+00	0.00e+00	0.00e+00	3.26e-01	5.59e-02	3.46e-02
 8.78799e+16	4.50e-01	5.40e-01	9.51e-03	0.00e+00	0.00e+00	0.00e+00	0.00e+00	0.00e+00	0.00e+00	3.54e-01	5.90e-02	3.69e-02
 8.80647e+16	4.83e-01	5.10e-01	7.23e-03	0.00e+00	0.00e+00	0.00e+00	0.00e+00	0.00e+00	0.00e+00	3.82e-01	6.17e-02	3.91e-02
 8.82178e+16	5.10e-01	4.84e-01	5.71e-03	0.00e+00	0.00e+00	0.00e+00	0.00e+00	0.00e+00	0.00e+00	4.05e-01	6.37e-02	4.08e-02
 8.83497e+16	5.34e-01	4.62e-01	4.62e-03	0.00e+00	0.00e+00	0.00e+00	0.00e+00	0.00e+00	0.00e+00	4.26e-01	6.53e-02	4.22e-02
 8.84774e+16	5.57e-01	4.40e-01	3.74e-03	0.00e+00	0.00e+00	0.00e+00	0.00e+00	0.00e+00	0.00e+00	4.46e-01	6.67e-02	4.35e-02
 8.86033e+16	5.80e-01	4.17e-01	3.01e-03	0.00e+00	0.00e+00	0.00e+00	0.00e+00	0.00e+00	0.00e+00	4.67e-01	6.80e-02	4.47e-02
 8.86990e+16	5.98e-01	4.00e-01	2.54e-03	0.00e+00	0.00e+00	0.00e+00	0.00e+00	0.00e+00	0.00e+00	4.83e-01	6.87e-02	4.55e-02
 8.87581e+16	6.07e-01	3.90e-01	2.30e-03	0.00e+00	0.00e+00	0.00e+00	0.00e+00	0.00e+00	0.00e+00	4.92e-01	6.91e-02	4.60e-02
 8.88144e+16	6.17e-01	3.81e-01	2.08e-03	0.00e+00	0.00e+00	0.00e+00	0.00e+00	0.00e+00	0.00e+00	5.01e-01	6.93e-02	4.64e-02
 8.88869e+16	6.30e-01	3.68e-01	1.82e-03	0.00e+00	0.00e+00	0.00e+00	0.00e+00	0.00e+00	0.00e+00	5.14e-01	6.97e-02	4.69e-02
 8.89656e+16	6.45e-01	3.54e-01	1.57e-03	0.00e+00	0.00e+00	0.00e+00	0.00e+00	0.00e+00	0.00e+00	5.27e-01	7.00e-02	4.75e-02
 8.90347e+16	6.57e-01	3.42e-01	1.37e-03	0.00e+00	0.00e+00	0.00e+00	0.00e+00	0.00e+00	0.00e+00	5.39e-01	7.02e-02	4.79e-02
 8.90963e+16	6.68e-01	3.31e-01	1.22e-03	0.00e+00	0.00e+00	0.00e+00	0.00e+00	0.00e+00	0.00e+00	5.49e-01	7.03e-02	4.82e-02
 8.91590e+16	6.79e-01	3.20e-01	1.07e-03	0.00e+00	0.00e+00	0.00e+00	0.00e+00	0.00e+00	0.00e+00	5.60e-01	7.04e-02	4.85e-02
 8.92245e+16	6.91e-01	3.08e-01	9.41e-04	0.00e+00	0.00e+00	0.00e+00	0.00e+00	0.00e+00	0.00e+00	5.71e-01	7.04e-02	4.88e-02
 8.92894e+16	7.02e-01	2.97e-01	8.23e-04	0.00e+00	0.00e+00	0.00e+00	0.00e+00	0.00e+00	0.00e+00	5.83e-01	7.03e-02	4.90e-02
 8.93520e+16	7.13e-01	2.87e-01	7.23e-04	0.00e+00	0.00e+00	0.00e+00	0.00e+00	0.00e+00	0.00e+00	5.93e-01	7.02e-02	4.92e-02
 8.94134e+16	7.23e-01	2.76e-01	6.34e-04	0.00e+00	0.00e+00	0.00e+00	0.00e+00	0.00e+00	0.00e+00	6.04e-01	7.00e-02	4.94e-02
 8.94746e+16	7.33e-01	2.66e-01	5.57e-04	0.00e+00	0.00e+00	0.00e+00	0.00e+00	0.00e+00	0.00e+00	6.14e-01	6.98e-02	4.95e-02
 8.95356e+16	7.44e-01	2.56e-01	4.87e-04	0.00e+00	0.00e+00	0.00e+00	0.00e+00	0.00e+00	0.00e+00	6.25e-01	6.95e-02	4.96e-02
 8.95960e+16	7.53e-01	2.46e-01	4.26e-04	0.00e+00	0.00e+00	0.00e+00	0.00e+00	0.00e+00	0.00e+00	6.35e-01	6.91e-02	4.96e-02
 8.96560e+16	7.63e-01	2.37e-01	3.73e-04	0.00e+00	0.00e+00	0.00e+00	0.00e+00	0.00e+00	0.00e+00	6.45e-01	6.87e-02	4.96e-02
 8.97157e+16	7.73e-01	2.27e-01	3.25e-04	0.00e+00	0.00e+00	0.00e+00	0.00e+00	0.00e+00	0.00e+00	6.55e-01	6.83e-02	4.96e-02
 8.97739e+16	7.81e-01	2.18e-01	2.84e-04	0.00e+00	0.00e+00	0.00e+00	0.00e+00	0.00e+00	0.00e+00	6.64e-01	6.79e-02	4.95e-02
 8.98313e+16	7.90e-01	2.10e-01	2.49e-04	0.00e+00	0.00e+00	0.00e+00	0.00e+00	0.00e+00	0.00e+00	6.73e-01	6.74e-02	4.94e-02
 8.98895e+16	7.99e-01	2.01e-01	2.17e-04	0.00e+00	0.00e+00	0.00e+00	0.00e+00	0.00e+00	0.00e+00	6.83e-01	6.68e-02	4.92e-02
 8.99474e+16	8.07e-01	1.93e-01	1.89e-04	0.00e+00	0.00e+00	0.00e+00	0.00e+00	0.00e+00	0.00e+00	6.91e-01	6.63e-02	4.91e-02
 9.00042e+16	8.15e-01	1.85e-01	1.65e-04	0.00e+00	0.00e+00	0.00e+00	0.00e+00	0.00e+00	0.00e+00	7.00e-01	6.57e-02	4.89e-02
 9.00607e+16	8.23e-01	1.77e-01	1.43e-04	0.00e+00	0.00e+00	0.00e+00	0.00e+00	0.00e+00	0.00e+00	7.09e-01	6.50e-02	4.86e-02
 9.01163e+16	8.30e-01	1.70e-01	1.25e-04	0.00e+00	0.00e+00	0.00e+00	0.00e+00	0.00e+00	0.00e+00	7.17e-01	6.44e-02	4.84e-02
 9.01714e+16	8.37e-01	1.63e-01	1.09e-04	0.00e+00	0.00e+00	0.00e+00	0.00e+00	0.00e+00	0.00e+00	7.25e-01	6.38e-02	4.81e-02
 9.02272e+16	8.44e-01	1.56e-01	9.46e-05	0.00e+00	0.00e+00	0.00e+00	0.00e+00	0.00e+00	0.00e+00	7.33e-01	6.31e-02	4.78e-02
 9.02828e+16	8.51e-01	1.49e-01	8.20e-05	0.00e+00	0.00e+00	0.00e+00	0.00e+00	0.00e+00	0.00e+00	7.41e-01	6.24e-02	4.75e-02
 9.03366e+16	8.57e-01	1.43e-01	7.14e-05	0.00e+00	0.00e+00	0.00e+00	0.00e+00	0.00e+00	0.00e+00	7.48e-01	6.17e-02	4.72e-02
 9.03892e+16	8.64e-01	1.36e-01	6.23e-05	0.00e+00	0.00e+00	0.00e+00	0.00e+00	0.00e+00	0.00e+00	7.56e-01	6.10e-02	4.68e-02
 9.04420e+16	8.69e-01	1.31e-01	5.43e-05	0.00e+00	0.00e+00	0.00e+00	0.00e+00	0.00e+00	0.00e+00	7.62e-01	6.04e-02	4.65e-02
 9.04947e+16	8.75e-01	1.25e-01	4.72e-05	0.00e+00	0.00e+00	0.00e+00	0.00e+00	0.00e+00	0.00e+00	7.69e-01	5.96e-02	4.61e-02
 9.05462e+16	8.80e-01	1.20e-01	4.11e-05	0.00e+00	0.00e+00	0.00e+00	0.00e+00	0.00e+00	0.00e+00	7.76e-01	5.90e-02	4.57e-02
 9.05970e+16	8.86e-01	1.14e-01	3.59e-05	0.00e+00	0.00e+00	0.00e+00	0.00e+00	0.00e+00	0.00e+00	7.82e-01	5.83e-02	4.53e-02
 9.06472e+16	8.90e-01	1.10e-01	3.13e-05	0.00e+00	0.00e+00	0.00e+00	0.00e+00	0.00e+00	0.00e+00	7.88e-01	5.76e-02	4.50e-02
 9.06966e+16	8.95e-01	1.05e-01	2.74e-05	0.00e+00	0.00e+00	0.00e+00	0.00e+00	0.00e+00	0.00e+00	7.94e-01	5.70e-02	4.46e-02
 9.07448e+16	9.00e-01	1.00e-01	2.40e-05	0.00e+00	0.00e+00	0.00e+00	0.00e+00	0.00e+00	0.00e+00	7.99e-01	5.63e-02	4.42e-02
 9.07927e+16	9.04e-01	9.63e-02	2.10e-05	0.00e+00	0.00e+00	0.00e+00	0.00e+00	0.00e+00	0.00e+00	8.04e-01	5.57e-02	4.38e-02
 9.08403e+16	9.08e-01	9.23e-02	1.84e-05	0.00e+00	0.00e+00	0.00e+00	0.00e+00	0.00e+00	0.00e+00	8.09e-01	5.51e-02	4.34e-02
 9.08871e+16	9.12e-01	8.83e-02	1.62e-05	0.00e+00	0.00e+00	0.00e+00	0.00e+00	0.00e+00	0.00e+00	8.14e-01	5.45e-02	4.31e-02
 9.09327e+16	9.15e-01	8.47e-02	1.42e-05	0.00e+00	0.00e+00	0.00e+00	0.00e+00	0.00e+00	0.00e+00	8.19e-01	5.39e-02	4.27e-02
 9.09779e+16	9.19e-01	8.12e-02	1.25e-05	0.00e+00	0.00e+00	0.00e+00	0.00e+00	0.00e+00	0.00e+00	8.23e-01	5.33e-02	4.23e-02
 9.10232e+16	9.22e-01	7.79e-02	1.10e-05	0.00e+00	0.00e+00	0.00e+00	0.00e+00	0.00e+00	0.00e+00	8.27e-01	5.27e-02	4.20e-02
 9.10679e+16	9.25e-01	7.46e-02	9.69e-06	0.00e+00	0.00e+00	0.00e+00	0.00e+00	0.00e+00	0.00e+00	8.32e-01	5.22e-02	4.16e-02
 9.11113e+16	9.28e-01	7.16e-02	8.56e-06	0.00e+00	0.00e+00	0.00e+00	0.00e+00	0.00e+00	0.00e+00	8.36e-01	5.16e-02	4.12e-02
 9.11543e+16	9.31e-01	6.87e-02	7.56e-06	0.00e+00	0.00e+00	0.00e+00	0.00e+00	0.00e+00	0.00e+00	8.39e-01	5.11e-02	4.09e-02
 9.11977e+16	9.34e-01	6.60e-02	6.67e-06	0.00e+00	0.00e+00	0.00e+00	0.00e+00	0.00e+00	0.00e+00	8.43e-01	5.06e-02	4.06e-02
 9.12405e+16	9.37e-01	6.33e-02	5.89e-06	0.00e+00	0.00e+00	0.00e+00	0.00e+00	0.00e+00	0.00e+00	8.46e-01	5.01e-02	4.02e-02
 9.12822e+16	9.39e-01	6.07e-02	5.22e-06	0.00e+00	0.00e+00	0.00e+00	0.00e+00	0.00e+00	0.00e+00	8.50e-01	4.97e-02	3.99e-02
 9.13235e+16	9.42e-01	5.83e-02	4.62e-06	0.00e+00	0.00e+00	0.00e+00	0.00e+00	0.00e+00	0.00e+00	8.53e-01	4.92e-02	3.96e-02
 9.13651e+16	9.44e-01	5.59e-02	4.09e-06	0.00e+00	0.00e+00	0.00e+00	0.00e+00	0.00e+00	0.00e+00	8.56e-01	4.87e-02	3.93e-02
 9.14059e+16	9.46e-01	5.36e-02	3.63e-06	0.00e+00	0.00e+00	0.00e+00	0.00e+00	0.00e+00	0.00e+00	8.59e-01	4.83e-02	3.89e-02
 9.14458e+16	9.48e-01	5.16e-02	3.23e-06	0.00e+00	0.00e+00	0.00e+00	0.00e+00	0.00e+00	0.00e+00	8.62e-01	4.79e-02	3.86e-02
 9.14859e+16	9.50e-01	4.95e-02	2.87e-06	0.00e+00	0.00e+00	0.00e+00	0.00e+00	0.00e+00	0.00e+00	8.65e-01	4.74e-02	3.82e-02
 9.15261e+16	9.52e-01	4.75e-02	2.54e-06	0.00e+00	0.00e+00	0.00e+00	0.00e+00	0.00e+00	0.00e+00	8.68e-01	4.70e-02	3.79e-02
 9.15657e+16	9.54e-01	4.56e-02	2.26e-06	0.00e+00	0.00e+00	0.00e+00	0.00e+00	0.00e+00	0.00e+00	8.70e-01	4.66e-02	3.76e-02
 9.16044e+16	9.56e-01	4.38e-02	2.01e-06	0.00e+00	0.00e+00	0.00e+00	0.00e+00	0.00e+00	0.00e+00	8.73e-01	4.62e-02	3.72e-02
 9.16423e+16	9.58e-01	4.21e-02	1.80e-06	0.00e+00	0.00e+00	0.00e+00	0.00e+00	0.00e+00	0.00e+00	8.75e-01	4.58e-02	3.69e-02
 9.16803e+16	9.60e-01	4.04e-02	1.61e-06	0.00e+00	0.00e+00	0.00e+00	0.00e+00	0.00e+00	0.00e+00	8.77e-01	4.55e-02	3.66e-02
 9.17191e+16	9.61e-01	3.88e-02	1.43e-06	0.00e+00	0.00e+00	0.00e+00	0.00e+00	0.00e+00	0.00e+00	8.80e-01	4.51e-02	3.63e-02
 9.17574e+16	9.63e-01	3.72e-02	1.27e-06	0.00e+00	0.00e+00	0.00e+00	0.00e+00	0.00e+00	0.00e+00	8.82e-01	4.47e-02	3.61e-02
 9.17942e+16	9.64e-01	3.58e-02	1.14e-06	0.00e+00	0.00e+00	0.00e+00	0.00e+00	0.00e+00	0.00e+00	8.84e-01	4.44e-02	3.58e-02
 9.18304e+16	9.66e-01	3.44e-02	1.02e-06	0.00e+00	0.00e+00	0.00e+00	0.00e+00	0.00e+00	0.00e+00	8.86e-01	4.41e-02	3.55e-02
 9.18671e+16	9.67e-01	3.31e-02	9.16e-07	0.00e+00	0.00e+00	0.00e+00	0.00e+00	0.00e+00	0.00e+00	8.88e-01	4.38e-02	3.53e-02
 9.19041e+16	9.68e-01	3.17e-02	8.18e-07	0.00e+00	0.00e+00	0.00e+00	0.00e+00	0.00e+00	0.00e+00	8.90e-01	4.35e-02	3.50e-02
 9.19402e+16	9.70e-01	3.04e-02	7.34e-07	0.00e+00	0.00e+00	0.00e+00	0.00e+00	0.00e+00	0.00e+00	8.92e-01	4.32e-02	3.47e-02
 9.19751e+16	9.71e-01	2.92e-02	6.60e-07	0.00e+00	0.00e+00	0.00e+00	0.00e+00	0.00e+00	0.00e+00	8.93e-01	4.29e-02	3.45e-02
 9.20101e+16	9.72e-01	2.81e-02	5.94e-07	0.00e+00	0.00e+00	0.00e+00	0.00e+00	0.00e+00	0.00e+00	8.95e-01	4.26e-02	3.42e-02
 9.20453e+16	9.73e-01	2.69e-02	5.33e-07	0.00e+00	0.00e+00	0.00e+00	0.00e+00	0.00e+00	0.00e+00	8.97e-01	4.23e-02	3.40e-02
 9.20800e+16	9.74e-01	2.58e-02	4.80e-07	0.00e+00	0.00e+00	0.00e+00	0.00e+00	0.00e+00	0.00e+00	8.98e-01	4.20e-02	3.38e-02
 9.21139e+16	9.75e-01	2.48e-02	4.33e-07	0.00e+00	0.00e+00	0.00e+00	0.00e+00	0.00e+00	0.00e+00	9.00e-01	4.18e-02	3.36e-02
 9.21472e+16	9.76e-01	2.38e-02	3.91e-07	0.00e+00	0.00e+00	0.00e+00	0.00e+00	0.00e+00	0.00e+00	9.01e-01	4.15e-02	3.33e-02
 9.21791e+16	9.77e-01	2.29e-02	3.55e-07	0.00e+00	0.00e+00	0.00e+00	0.00e+00	0.00e+00	0.00e+00	9.03e-01	4.13e-02	3.31e-02
 9.22078e+16	9.78e-01	2.21e-02	3.26e-07	0.00e+00	0.00e+00	0.00e+00	0.00e+00	0.00e+00	0.00e+00	9.04e-01	4.11e-02	3.29e-02
 9.22336e+16	9.79e-01	2.14e-02	3.02e-07	0.00e+00	0.00e+00	0.00e+00	0.00e+00	0.00e+00	0.00e+00	9.05e-01	4.09e-02	3.28e-02
 9.22575e+16	9.79e-01	2.08e-02	2.82e-07	0.00e+00	0.00e+00	0.00e+00	0.00e+00	0.00e+00	0.00e+00	9.06e-01	4.07e-02	3.26e-02
 9.22799e+16	9.80e-01	2.02e-02	2.64e-07	0.00e+00	0.00e+00	0.00e+00	0.00e+00	0.00e+00	0.00e+00	9.07e-01	4.06e-02	3.25e-02
 9.23012e+16	9.80e-01	1.97e-02	2.48e-07	0.00e+00	0.00e+00	0.00e+00	0.00e+00	0.00e+00	0.00e+00	9.08e-01	4.04e-02	3.23e-02
 9.23211e+16	9.81e-01	1.92e-02	2.33e-07	0.00e+00	0.00e+00	0.00e+00	0.00e+00	0.00e+00	0.00e+00	9.08e-01	4.03e-02	3.22e-02
 9.23392e+16	9.81e-01	1.87e-02	2.21e-07	0.00e+00	0.00e+00	0.00e+00	0.00e+00	0.00e+00	0.00e+00	9.09e-01	4.01e-02	3.21e-02
 9.23558e+16	9.82e-01	1.83e-02	2.11e-07	0.00e+00	0.00e+00	0.00e+00	0.00e+00	0.00e+00	0.00e+00	9.10e-01	4.00e-02	3.20e-02
 9.23716e+16	9.82e-01	1.80e-02	2.01e-07	0.00e+00	0.00e+00	0.00e+00	0.00e+00	0.00e+00	0.00e+00	9.10e-01	3.99e-02	3.19e-02
 9.23867e+16	9.82e-01	1.76e-02	1.92e-07	0.00e+00	0.00e+00	0.00e+00	0.00e+00	0.00e+00	0.00e+00	9.11e-01	3.98e-02	3.18e-02
 9.24011e+16	9.83e-01	1.72e-02	1.84e-07	0.00e+00	0.00e+00	0.00e+00	0.00e+00	0.00e+00	0.00e+00	9.11e-01	3.96e-02	3.16e-02
 9.24148e+16	9.83e-01	1.69e-02	1.77e-07	0.00e+00	0.00e+00	0.00e+00	0.00e+00	0.00e+00	0.00e+00	9.12e-01	3.95e-02	3.15e-02
 9.24276e+16	9.83e-01	1.66e-02	1.70e-07	0.00e+00	0.00e+00	0.00e+00	0.00e+00	0.00e+00	0.00e+00	9.13e-01	3.94e-02	3.15e-02
 9.24398e+16	9.84e-01	1.63e-02	1.64e-07	0.00e+00	0.00e+00	0.00e+00	0.00e+00	0.00e+00	0.00e+00	9.13e-01	3.93e-02	3.14e-02
 9.24514e+16	9.84e-01	1.60e-02	1.59e-07	0.00e+00	0.00e+00	0.00e+00	0.00e+00	0.00e+00	0.00e+00	9.14e-01	3.92e-02	3.13e-02
 9.24626e+16	9.84e-01	1.57e-02	1.53e-07	0.00e+00	0.00e+00	0.00e+00	0.00e+00	0.00e+00	0.00e+00	9.14e-01	3.91e-02	3.12e-02
 9.24733e+16	9.85e-01	1.54e-02	1.48e-07	0.00e+00	0.00e+00	0.00e+00	0.00e+00	0.00e+00	0.00e+00	9.14e-01	3.90e-02	3.11e-02
 9.24836e+16	9.85e-01	1.52e-02	1.44e-07	0.00e+00	0.00e+00	0.00e+00	0.00e+00	0.00e+00	0.00e+00	9.15e-01	3.89e-02	3.10e-02
 9.24936e+16	9.85e-01	1.49e-02	1.40e-07	0.00e+00	0.00e+00	0.00e+00	0.00e+00	0.00e+00	0.00e+00	9.15e-01	3.88e-02	3.09e-02
 9.25033e+16	9.85e-01	1.46e-02	1.35e-07	0.00e+00	0.00e+00	0.00e+00	0.00e+00	0.00e+00	0.00e+00	9.16e-01	3.87e-02	3.08e-02
 9.25125e+16	9.86e-01	1.44e-02	1.32e-07	0.00e+00	0.00e+00	0.00e+00	0.00e+00	0.00e+00	0.00e+00	9.16e-01	3.86e-02	3.07e-02
 9.25217e+16	9.86e-01	1.42e-02	1.28e-07	0.00e+00	0.00e+00	0.00e+00	0.00e+00	0.00e+00	0.00e+00	9.17e-01	3.85e-02	3.06e-02
 9.25313e+16	9.86e-01	1.39e-02	1.24e-07	0.00e+00	0.00e+00	0.00e+00	0.00e+00	0.00e+00	0.00e+00	9.17e-01	3.84e-02	3.05e-02
 9.25410e+16	9.86e-01	1.36e-02	1.20e-07	0.00e+00	0.00e+00	0.00e+00	0.00e+00	0.00e+00	0.00e+00	9.18e-01	3.83e-02	3.04e-02
 9.25505e+16	9.87e-01	1.34e-02	1.17e-07	0.00e+00	0.00e+00	0.00e+00	0.00e+00	0.00e+00	0.00e+00	9.18e-01	3.82e-02	3.03e-02
 9.25603e+16	9.87e-01	1.31e-02	1.13e-07	0.00e+00	0.00e+00	0.00e+00	0.00e+00	0.00e+00	0.00e+00	9.19e-01	3.80e-02	3.02e-02
 9.25706e+16	9.87e-01	1.28e-02	1.09e-07	0.00e+00	0.00e+00	0.00e+00	0.00e+00	0.00e+00	0.00e+00	9.19e-01	3.79e-02	3.01e-02
 9.25818e+16	9.88e-01	1.25e-02	1.05e-07	0.00e+00	0.00e+00	0.00e+00	0.00e+00	0.00e+00	0.00e+00	9.20e-01	3.78e-02	2.99e-02
 9.25928e+16	9.88e-01	1.21e-02	1.01e-07	0.00e+00	0.00e+00	0.00e+00	0.00e+00	0.00e+00	0.00e+00	9.21e-01	3.76e-02	2.98e-02
 9.26027e+16	9.88e-01	1.18e-02	9.79e-08	0.00e+00	0.00e+00	0.00e+00	0.00e+00	0.00e+00	0.00e+00	9.21e-01	3.74e-02	2.96e-02
 9.26118e+16	9.88e-01	1.16e-02	9.49e-08	0.00e+00	0.00e+00	0.00e+00	0.00e+00	0.00e+00	0.00e+00	9.22e-01	3.73e-02	2.95e-02
 9.26204e+16	9.89e-01	1.13e-02	9.20e-08	0.00e+00	0.00e+00	0.00e+00	0.00e+00	0.00e+00	0.00e+00	9.22e-01	3.72e-02	2.94e-02
 9.26289e+16	9.89e-01	1.10e-02	8.93e-08	0.00e+00	0.00e+00	0.00e+00	0.00e+00	0.00e+00	0.00e+00	9.23e-01	3.70e-02	2.92e-02
 9.26368e+16	9.89e-01	1.08e-02	8.67e-08	0.00e+00	0.00e+00	0.00e+00	0.00e+00	0.00e+00	0.00e+00	9.23e-01	3.69e-02	2.91e-02
 9.26440e+16	9.89e-01	1.06e-02	8.44e-08	0.00e+00	0.00e+00	0.00e+00	0.00e+00	0.00e+00	0.00e+00	9.24e-01	3.67e-02	2.90e-02
 9.26506e+16	9.90e-01	1.04e-02	8.23e-08	0.00e+00	0.00e+00	0.00e+00	0.00e+00	0.00e+00	0.00e+00	9.24e-01	3.66e-02	2.88e-02
 9.26566e+16	9.90e-01	1.02e-02	8.05e-08	0.00e+00	0.00e+00	0.00e+00	0.00e+00	0.00e+00	0.00e+00	9.25e-01	3.65e-02	2.87e-02
 9.26620e+16	9.90e-01	1.00e-02	7.88e-08	0.00e+00	0.00e+00	0.00e+00	0.00e+00	0.00e+00	0.00e+00	9.25e-01	3.64e-02	2.86e-02
 9.26670e+16	9.90e-01	9.92e-03	7.74e-08	0.00e+00	0.00e+00	0.00e+00	0.00e+00	0.00e+00	0.00e+00	9.25e-01	3.63e-02	2.86e-02
 9.26724e+16	9.90e-01	9.75e-03	7.56e-08	0.00e+00	0.00e+00	0.00e+00	0.00e+00	0.00e+00	0.00e+00	9.26e-01	3.62e-02	2.84e-02
 9.26783e+16	9.90e-01	9.58e-03	7.38e-08	0.00e+00	0.00e+00	0.00e+00	0.00e+00	0.00e+00	0.00e+00	9.26e-01	3.61e-02	2.83e-02
 9.26836e+16	9.91e-01	9.43e-03	7.23e-08	0.00e+00	0.00e+00	0.00e+00	0.00e+00	0.00e+00	0.00e+00	9.26e-01	3.59e-02	2.82e-02
 9.26885e+16	9.91e-01	9.31e-03	7.09e-08	0.00e+00	0.00e+00	0.00e+00	0.00e+00	0.00e+00	0.00e+00	9.27e-01	3.58e-02	2.81e-02
 9.26938e+16	9.91e-01	9.16e-03	6.93e-08	0.00e+00	0.00e+00	0.00e+00	0.00e+00	0.00e+00	0.00e+00	9.27e-01	3.57e-02	2.80e-02
 9.26996e+16	9.91e-01	9.00e-03	6.76e-08	0.00e+00	0.00e+00	0.00e+00	0.00e+00	0.00e+00	0.00e+00	9.28e-01	3.56e-02	2.79e-02
 9.27048e+16	9.91e-01	8.86e-03	6.61e-08	0.00e+00	0.00e+00	0.00e+00	0.00e+00	0.00e+00	0.00e+00	9.28e-01	3.54e-02	2.78e-02
 9.27096e+16	9.91e-01	8.75e-03	6.49e-08	0.00e+00	0.00e+00	0.00e+00	0.00e+00	0.00e+00	0.00e+00	9.28e-01	3.53e-02	2.77e-02
 9.27148e+16	9.91e-01	8.59e-03	6.33e-08	0.00e+00	0.00e+00	0.00e+00	0.00e+00	0.00e+00	0.00e+00	9.29e-01	3.52e-02	2.76e-02
 9.27204e+16	9.92e-01	8.45e-03	6.17e-08	0.00e+00	0.00e+00	0.00e+00	0.00e+00	0.00e+00	0.00e+00	9.29e-01	3.51e-02	2.75e-02
 9.27255e+16	9.92e-01	8.34e-03	6.04e-08	0.00e+00	0.00e+00	0.00e+00	0.00e+00	0.00e+00	0.00e+00	9.29e-01	3.50e-02	2.74e-02
 9.27311e+16	9.92e-01	8.22e-03	5.90e-08	0.00e+00	0.00e+00	0.00e+00	0.00e+00	0.00e+00	0.00e+00	9.30e-01	3.49e-02	2.73e-02
 9.27384e+16	9.92e-01	8.07e-03	5.72e-08	0.00e+00	0.00e+00	0.00e+00	0.00e+00	0.00e+00	0.00e+00	9.30e-01	3.47e-02	2.72e-02
 9.27463e+16	9.92e-01	7.91e-03	5.53e-08	0.00e+00	0.00e+00	0.00e+00	0.00e+00	0.00e+00	0.00e+00	9.30e-01	3.46e-02	2.71e-02
 9.27535e+16	9.92e-01	7.75e-03	5.36e-08	0.00e+00	0.00e+00	0.00e+00	0.00e+00	0.00e+00	0.00e+00	9.31e-01	3.44e-02	2.69e-02
 9.27600e+16	9.92e-01	7.63e-03	5.21e-08	0.00e+00	0.00e+00	0.00e+00	0.00e+00	0.00e+00	0.00e+00	9.31e-01	3.43e-02	2.68e-02
 9.27660e+16	9.92e-01	7.51e-03	5.08e-08	0.00e+00	0.00e+00	0.00e+00	0.00e+00	0.00e+00	0.00e+00	9.32e-01	3.42e-02	2.67e-02
 9.27725e+16	9.93e-01	7.39e-03	4.93e-08	0.00e+00	0.00e+00	0.00e+00	0.00e+00	0.00e+00	0.00e+00	9.32e-01	3.41e-02	2.66e-02
 9.27795e+16	9.93e-01	7.25e-03	4.78e-08	0.00e+00	0.00e+00	0.00e+00	0.00e+00	0.00e+00	0.00e+00	9.32e-01	3.40e-02	2.65e-02
###########################
 1.70205e+12	8.52e-07	1.33e-03	2.41e-01	7.26e-01	3.09e-02	8.25e-07	0.00e+00	0.00e+00	0.00e+00	6.36e-07	1.38e-07	7.82e-08
 1.02123e+13	8.50e-07	1.33e-03	2.42e-01	7.26e-01	3.09e-02	8.24e-07	0.00e+00	0.00e+00	0.00e+00	6.35e-07	1.37e-07	7.80e-08
 4.42534e+13	8.51e-07	1.34e-03	2.43e-01	7.25e-01	3.07e-02	8.18e-07	0.00e+00	0.00e+00	0.00e+00	6.35e-07	1.38e-07	7.81e-08
 1.80418e+14	8.60e-07	1.35e-03	2.46e-01	7.22e-01	3.01e-02	7.93e-07	0.00e+00	0.00e+00	0.00e+00	6.42e-07	1.39e-07	7.89e-08
 4.30960e+14	8.44e-07	1.36e-03	2.51e-01	7.18e-01	2.90e-02	7.56e-07	0.00e+00	0.00e+00	0.00e+00	6.30e-07	1.36e-07	7.75e-08
 7.56665e+14	8.47e-07	1.38e-03	2.59e-01	7.12e-01	2.76e-02	7.08e-07	0.00e+00	0.00e+00	0.00e+00	6.33e-07	1.36e-07	7.77e-08
 1.18008e+15	8.61e-07	1.42e-03	2.69e-01	7.04e-01	2.60e-02	6.50e-07	0.00e+00	0.00e+00	0.00e+00	6.43e-07	1.38e-07	7.89e-08
 1.73052e+15	8.88e-07	1.49e-03	2.83e-01	6.92e-01	2.39e-02	5.79e-07	0.00e+00	0.00e+00	0.00e+00	6.65e-07	1.42e-07	8.14e-08
 2.44610e+15	9.37e-07	1.59e-03	3.03e-01	6.74e-01	2.13e-02	4.95e-07	0.00e+00	0.00e+00	0.00e+00	7.02e-07	1.50e-07	8.58e-08
 3.37634e+15	1.02e-06	1.74e-03	3.32e-01	6.48e-01	1.83e-02	4.00e-07	0.00e+00	0.00e+00	0.00e+00	7.66e-07	1.62e-07	9.35e-08
 4.58566e+15	1.17e-06	1.99e-03	3.76e-01	6.08e-01	1.47e-02	2.96e-07	0.00e+00	0.00e+00	0.00e+00	8.78e-07	1.85e-07	1.07e-07
 5.90631e+15	1.35e-06	2.31e-03	4.31e-01	5.55e-01	1.12e-02	2.08e-07	0.00e+00	0.00e+00	0.00e+00	1.02e-06	2.13e-07	1.24e-07
 7.08053e+15	1.57e-06	2.66e-03	4.90e-01	4.99e-01	8.52e-03	1.46e-07	0.00e+00	0.00e+00	0.00e+00	1.18e-06	2.46e-07	1.43e-07
 8.08634e+15	1.82e-06	3.04e-03	5.48e-01	4.43e-01	6.45e-03	0.00e+00	0.00e+00	0.00e+00	0.00e+00	1.37e-06	2.85e-07	1.66e-07
 8.97995e+15	2.11e-06	3.45e-03	6.06e-01	3.86e-01	4.82e-03	0.00e+00	0.00e+00	0.00e+00	0.00e+00	1.59e-06	3.29e-07	1.92e-07
 9.80230e+15	2.42e-06	3.88e-03	6.62e-01	3.31e-01	3.54e-03	0.00e+00	0.00e+00	0.00e+00	0.00e+00	1.82e-06	3.77e-07	2.20e-07
 1.05935e+16	2.77e-06	4.33e-03	7.18e-01	2.75e-01	2.51e-03	0.00e+00	0.00e+00	0.00e+00	0.00e+00	2.09e-06	4.31e-07	2.52e-07
 1.13239e+16	3.14e-06	4.78e-03	7.68e-01	2.25e-01	1.74e-03	0.00e+00	0.00e+00	0.00e+00	0.00e+00	2.37e-06	4.87e-07	2.84e-07
 1.19804e+16	3.51e-06	5.20e-03	8.11e-01	1.82e-01	1.20e-03	0.00e+00	0.00e+00	0.00e+00	0.00e+00	2.65e-06	5.43e-07	3.17e-07
 1.27161e+16	3.97e-06	5.68e-03	8.55e-01	1.39e-01	7.48e-04	0.00e+00	0.00e+00	0.00e+00	0.00e+00	3.00e-06	6.14e-07	3.58e-07
 1.36724e+16	4.61e-06	6.28e-03	9.00e-01	9.31e-02	3.76e-04	0.00e+00	0.00e+00	0.00e+00	0.00e+00	3.48e-06	7.11e-07	4.15e-07
 1.47264e+16	5.23e-06	6.81e-03	9.36e-01	5.73e-02	1.66e-04	0.00e+00	0.00e+00	0.00e+00	0.00e+00	3.96e-06	8.05e-07	4.70e-07
 1.59073e+16	5.94e-06	7.33e-03	9.61e-01	3.21e-02	6.19e-05	0.00e+00	0.00e+00	0.00e+00	0.00e+00	4.49e-06	9.12e-07	5.33e-07
 1.74035e+16	6.75e-06	7.84e-03	9.77e-01	1.54e-02	1.74e-05	0.00e+00	0.00e+00	0.00e+00	0.00e+00	5.11e-06	1.04e-06	6.05e-07
 1.91439e+16	7.66e-06	8.33e-03	9.85e-01	6.70e-03	4.11e-06	0.00e+00	0.00e+00	0.00e+00	0.00e+00	5.80e-06	1.17e-06	6.86e-07
 2.10582e+16	8.71e-06	8.81e-03	9.88e-01	2.83e-03	8.87e-07	0.00e+00	0.00e+00	0.00e+00	0.00e+00	6.59e-06	1.33e-06	7.80e-07
 2.31641e+16	9.99e-06	9.33e-03	9.89e-01	1.17e-03	1.77e-07	0.00e+00	0.00e+00	0.00e+00	0.00e+00	7.56e-06	1.53e-06	8.96e-07
 2.54805e+16	1.16e-05	9.94e-03	9.90e-01	4.69e-04	0.00e+00	0.00e+00	0.00e+00	0.00e+00	0.00e+00	8.80e-06	1.79e-06	1.05e-06
 2.80285e+16	1.38e-05	1.07e-02	9.89e-01	1.88e-04	0.00e+00	0.00e+00	0.00e+00	0.00e+00	0.00e+00	1.04e-05	2.13e-06	1.25e-06
 3.08314e+16	1.68e-05	1.16e-02	9.88e-01	7.81e-05	0.00e+00	0.00e+00	0.00e+00	0.00e+00	0.00e+00	1.27e-05	2.60e-06	1.52e-06
 3.39145e+16	2.11e-05	1.27e-02	9.87e-01	3.65e-05	0.00e+00	0.00e+00	0.00e+00	0.00e+00	0.00e+00	1.59e-05	3.28e-06	1.92e-06
 3.73060e+16	2.75e-05	1.42e-02	9.86e-01	2.07e-05	0.00e+00	0.00e+00	0.00e+00	0.00e+00	0.00e+00	2.07e-05	4.29e-06	2.51e-06
 4.10366e+16	3.75e-05	1.61e-02	9.84e-01	1.43e-05	0.00e+00	0.00e+00	0.00e+00	0.00e+00	0.00e+00	2.82e-05	5.88e-06	3.43e-06
 4.48503e+16	5.30e-05	1.87e-02	9.81e-01	1.13e-05	0.00e+00	0.00e+00	0.00e+00	0.00e+00	0.00e+00	3.98e-05	8.35e-06	4.85e-06
 4.73724e+16	6.89e-05	2.10e-02	9.79e-01	9.94e-06	0.00e+00	0.00e+00	0.00e+00	0.00e+00	0.00e+00	5.17e-05	1.09e-05	6.30e-06
 4.83728e+16	7.66e-05	2.20e-02	9.78e-01	9.47e-06	0.00e+00	0.00e+00	0.00e+00	0.00e+00	0.00e+00	5.75e-05	1.21e-05	7.02e-06
 4.91496e+16	8.30e-05	2.29e-02	9.77e-01	9.15e-06	0.00e+00	0.00e+00	0.00e+00	0.00e+00	0.00e+00	6.22e-05	1.32e-05	7.60e-06
 5.01596e+16	9.21e-05	2.40e-02	9.76e-01	8.79e-06	0.00e+00	0.00e+00	0.00e+00	0.00e+00	0.00e+00	6.90e-05	1.46e-05	8.44e-06
 5.14725e+16	1.06e-04	2.56e-02	9.74e-01	8.36e-06	0.00e+00	0.00e+00	0.00e+00	0.00e+00	0.00e+00	7.96e-05	1.69e-05	9.74e-06
 5.31792e+16	1.28e-04	2.80e-02	9.72e-01	7.78e-06	0.00e+00	0.00e+00	0.00e+00	0.00e+00	0.00e+00	9.60e-05	2.05e-05	1.18e-05
 5.48525e+16	1.57e-04	3.08e-02	9.69e-01	7.25e-06	0.00e+00	0.00e+00	0.00e+00	0.00e+00	0.00e+00	1.17e-04	2.51e-05	1.44e-05
 5.60599e+16	1.82e-04	3.31e-02	9.67e-01	6.84e-06	0.00e+00	0.00e+00	0.00e+00	0.00e+00	0.00e+00	1.36e-04	2.93e-05	1.67e-05
 5.70417e+16	2.07e-04	3.52e-02	9.65e-01	6.54e-06	0.00e+00	0.00e+00	0.00e+00	0.00e+00	0.00e+00	1.55e-04	3.33e-05	1.90e-05
 5.81525e+16	2.39e-04	3.78e-02	9.62e-01	6.25e-06	0.00e+00	0.00e+00	0.00e+00	0.00e+00	0.00e+00	1.78e-04	3.85e-05	2.19e-05
 5.95966e+16	2.89e-04	4.16e-02	9.58e-01	5.82e-06	0.00e+00	0.00e+00	0.00e+00	0.00e+00	0.00e+00	2.15e-04	4.68e-05	2.65e-05
 6.10366e+16	3.55e-04	4.61e-02	9.54e-01	5.39e-06	0.00e+00	0.00e+00	0.00e+00	0.00e+00	0.00e+00	2.65e-04	5.77e-05	3.26e-05
 6.21091e+16	4.17e-04	5.01e-02	9.50e-01	5.06e-06	0.00e+00	0.00e+00	0.00e+00	0.00e+00	0.00e+00	3.11e-04	6.79e-05	3.83e-05
 6.29907e+16	4.77e-04	5.37e-02	9.46e-01	4.81e-06	0.00e+00	0.00e+00	0.00e+00	0.00e+00	0.00e+00	3.56e-04	7.79e-05	4.39e-05
 6.39863e+16	5.55e-04	5.81e-02	9.41e-01	4.54e-06	0.00e+00	0.00e+00	0.00e+00	0.00e+00	0.00e+00	4.13e-04	9.09e-05	5.10e-05
 6.52806e+16	6.83e-04	6.47e-02	9.35e-01	4.18e-06	0.00e+00	0.00e+00	0.00e+00	0.00e+00	0.00e+00	5.08e-04	1.12e-04	6.27e-05
 6.65675e+16	8.54e-04	7.28e-02	9.26e-01	3.80e-06	0.00e+00	0.00e+00	0.00e+00	0.00e+00	0.00e+00	6.35e-04	1.40e-04	7.84e-05
 6.75230e+16	1.02e-03	7.99e-02	9.19e-01	3.50e-06	0.00e+00	0.00e+00	0.00e+00	0.00e+00	0.00e+00	7.57e-04	1.67e-04	9.33e-05
 6.83104e+16	1.17e-03	8.63e-02	9.13e-01	3.29e-06	0.00e+00	0.00e+00	0.00e+00	0.00e+00	0.00e+00	8.74e-04	1.92e-04	1.08e-04
 6.92012e+16	1.39e-03	9.44e-02	9.04e-01	3.05e-06	0.00e+00	0.00e+00	0.00e+00	0.00e+00	0.00e+00	1.03e-03	2.27e-04	1.27e-04
 7.03592e+16	1.74e-03	1.07e-01	8.92e-01	2.74e-06	0.00e+00	0.00e+00	0.00e+00	0.00e+00	0.00e+00	1.29e-03	2.85e-04	1.59e-04
 7.15209e+16	2.22e-03	1.22e-01	8.76e-01	2.42e-06	0.00e+00	0.00e+00	0.00e+00	0.00e+00	0.00e+00	1.65e-03	3.64e-04	2.03e-04
 7.23927e+16	2.70e-03	1.35e-01	8.62e-01	2.17e-06	0.00e+00	0.00e+00	0.00e+00	0.00e+00	0.00e+00	2.01e-03	4.42e-04	2.47e-04
 7.30936e+16	3.17e-03	1.47e-01	8.50e-01	1.99e-06	0.00e+00	0.00e+00	0.00e+00	0.00e+00	0.00e+00	2.36e-03	5.19e-04	2.89e-04
 7.38672e+16	3.79e-03	1.62e-01	8.34e-01	1.78e-06	0.00e+00	0.00e+00	0.00e+00	0.00e+00	0.00e+00	2.83e-03	6.21e-04	3.46e-04
 7.48729e+16	4.82e-03	1.85e-01	8.11e-01	1.55e-06	0.00e+00	0.00e+00	0.00e+00	0.00e+00	0.00e+00	3.59e-03	7.88e-04	4.39e-04
 7.58625e+16	6.26e-03	2.12e-01	7.82e-01	1.30e-06	0.00e+00	0.00e+00	0.00e+00	0.00e+00	0.00e+00	4.67e-03	1.02e-03	5.69e-04
 7.65650e+16	7.62e-03	2.35e-01	7.57e-01	1.14e-06	0.00e+00	0.00e+00	0.00e+00	0.00e+00	0.00e+00	5.68e-03	1.24e-03	6.92e-04
 7.71065e+16	8.87e-03	2.54e-01	7.37e-01	1.02e-06	0.00e+00	0.00e+00	0.00e+00	0.00e+00	0.00e+00	6.61e-03	1.45e-03	8.05e-04
 7.77047e+16	1.05e-02	2.78e-01	7.12e-01	8.87e-07	0.00e+00	0.00e+00	0.00e+00	0.00e+00	0.00e+00	7.85e-03	1.71e-03	9.55e-04
 7.84822e+16	1.32e-02	3.12e-01	6.75e-01	7.39e-07	0.00e+00	0.00e+00	0.00e+00	0.00e+00	0.00e+00	9.86e-03	2.15e-03	1.20e-03
 7.92664e+16	1.70e-02	3.53e-01	6.30e-01	5.87e-07	0.00e+00	0.00e+00	0.00e+00	0.00e+00	0.00e+00	1.27e-02	2.76e-03	1.54e-03
 7.98529e+16	2.06e-02	3.87e-01	5.92e-01	4.86e-07	0.00e+00	0.00e+00	0.00e+00	0.00e+00	0.00e+00	1.54e-02	3.35e-03	1.87e-03
 8.03184e+16	2.42e-02	4.16e-01	5.59e-01	4.12e-07	0.00e+00	0.00e+00	0.00e+00	0.00e+00	0.00e+00	1.81e-02	3.91e-03	2.18e-03
 8.08329e+16	2.88e-02	4.51e-01	5.21e-01	3.37e-07	0.00e+00	0.00e+00	0.00e+00	0.00e+00	0.00e+00	2.15e-02	4.66e-03	2.60e-03
 8.15018e+16	3.64e-02	4.98e-01	4.66e-01	2.54e-07	0.00e+00	0.00e+00	0.00e+00	0.00e+00	0.00e+00	2.73e-02	5.87e-03	3.28e-03
 8.21649e+16	4.69e-02	5.49e-01	4.05e-01	1.81e-07	0.00e+00	0.00e+00	0.00e+00	0.00e+00	0.00e+00	3.51e-02	7.53e-03	4.22e-03
 8.26489e+16	5.65e-02	5.86e-01	3.57e-01	1.34e-07	0.00e+00	0.00e+00	0.00e+00	0.00e+00	0.00e+00	4.24e-02	9.04e-03	5.08e-03
 8.30014e+16	6.47e-02	6.13e-01	3.23e-01	0.00e+00	0.00e+00	0.00e+00	0.00e+00	0.00e+00	0.00e+00	4.86e-02	1.03e-02	5.81e-03
 8.33546e+16	7.42e-02	6.38e-01	2.88e-01	0.00e+00	0.00e+00	0.00e+00	0.00e+00	0.00e+00	0.00e+00	5.58e-02	1.18e-02	6.65e-03
 8.37486e+16	8.69e-02	6.64e-01	2.49e-01	0.00e+00	0.00e+00	0.00e+00	0.00e+00	0.00e+00	0.00e+00	6.53e-02	1.38e-02	7.78e-03
 8.40990e+16	1.00e-01	6.85e-01	2.15e-01	0.00e+00	0.00e+00	0.00e+00	0.00e+00	0.00e+00	0.00e+00	7.55e-02	1.58e-02	8.96e-03
 8.43872e+16	1.13e-01	6.99e-01	1.88e-01	0.00e+00	0.00e+00	0.00e+00	0.00e+00	0.00e+00	0.00e+00	8.50e-02	1.77e-02	1.01e-02
 8.46910e+16	1.27e-01	7.11e-01	1.61e-01	0.00e+00	0.00e+00	0.00e+00	0.00e+00	0.00e+00	0.00e+00	9.61e-02	1.98e-02	1.13e-02
 8.50217e+16	1.46e-01	7.20e-01	1.34e-01	0.00e+00	0.00e+00	0.00e+00	0.00e+00	0.00e+00	0.00e+00	1.10e-01	2.26e-02	1.29e-02
 8.53041e+16	1.64e-01	7.24e-01	1.12e-01	0.00e+00	0.00e+00	0.00e+00	0.00e+00	0.00e+00	0.00e+00	1.25e-01	2.52e-02	1.45e-02
 8.55335e+16	1.81e-01	7.23e-01	9.55e-02	0.00e+00	0.00e+00	0.00e+00	0.00e+00	0.00e+00	0.00e+00	1.37e-01	2.76e-02	1.60e-02
 8.57772e+16	2.00e-01	7.20e-01	8.02e-02	0.00e+00	0.00e+00	0.00e+00	0.00e+00	0.00e+00	0.00e+00	1.52e-01	3.02e-02	1.75e-02
 8.60494e+16	2.24e-01	7.11e-01	6.44e-02	0.00e+00	0.00e+00	0.00e+00	0.00e+00	0.00e+00	0.00e+00	1.71e-01	3.36e-02	1.96e-02
 8.62895e+16	2.48e-01	7.00e-01	5.21e-02	0.00e+00	0.00e+00	0.00e+00	0.00e+00	0.00e+00	0.00e+00	1.90e-01	3.67e-02	2.16e-02
 8.64860e+16	2.69e-01	6.88e-01	4.34e-02	0.00e+00	0.00e+00	0.00e+00	0.00e+00	0.00e+00	0.00e+00	2.06e-01	3.94e-02	2.33e-02
 8.66951e+16	2.93e-01	6.72e-01	3.54e-02	0.00e+00	0.00e+00	0.00e+00	0.00e+00	0.00e+00	0.00e+00	2.25e-01	4.24e-02	2.52e-02
 8.69279e+16	3.23e-01	6.50e-01	2.76e-02	0.00e+00	0.00e+00	0.00e+00	0.00e+00	0.00e+00	0.00e+00	2.49e-01	4.60e-02	2.76e-02
 8.71365e+16	3.52e-01	6.26e-01	2.16e-02	0.00e+00	0.00e+00	0.00e+00	0.00e+00	0.00e+00	0.00e+00	2.73e-01	4.93e-02	2.98e-02
 8.73124e+16	3.77e-01	6.05e-01	1.75e-02	0.00e+00	0.00e+00	0.00e+00	0.00e+00	0.00e+00	0.00e+00	2.93e-01	5.21e-02	3.17e-02
 8.74911e+16	4.05e-01	5.81e-01	1.39e-02	0.00e+00	0.00e+00	0.00e+00	0.00e+00	0.00e+00	0.00e+00	3.16e-01	5.49e-02	3.38e-02
 8.77053e+16	4.39e-01	5.51e-01	1.04e-02	0.00e+00	0.00e+00	0.00e+00	0.00e+00	0.00e+00	0.00e+00	3.45e-01	5.81e-02	3.62e-02
 8.79159e+16	4.76e-01	5.16e-01	7.66e-03	0.00e+00	0.00e+00	0.00e+00	0.00e+00	0.00e+00	0.00e+00	3.76e-01	6.14e-02	3.87e-02
 8.80775e+16	5.05e-01	4.89e-01	5.97e-03	0.00e+00	0.00e+00	0.00e+00	0.00e+00	0.00e+00	0.00e+00	4.01e-01	6.36e-02	4.05e-02
 8.82056e+16	5.28e-01	4.68e-01	4.88e-03	0.00e+00	0.00e+00	0.00e+00	0.00e+00	0.00e+00	0.00e+00	4.20e-01	6.51e-02	4.18e-02
 8.83294e+16	5.50e-01	4.46e-01	3.99e-03	0.00e+00	0.00e+00	0.00e+00	0.00e+00	0.00e+00	0.00e+00	4.40e-01	6.65e-02	4.31e-02
 8.84591e+16	5.74e-01	4.23e-01	3.19e-03	0.00e+00	0.00e+00	0.00e+00	0.00e+00	0.00e+00	0.00e+00	4.62e-01	6.79e-02	4.44e-02
 8.85858e+16	5.97e-01	4.00e-01	2.55e-03	0.00e+00	0.00e+00	0.00e+00	0.00e+00	0.00e+00	0.00e+00	4.83e-01	6.89e-02	4.55e-02
 8.86807e+16	6.15e-01	3.83e-01	2.15e-03	0.00e+00	0.00e+00	0.00e+00	0.00e+00	0.00e+00	0.00e+00	4.99e-01	6.95e-02	4.63e-02
 8.87390e+16	6.24e-01	3.74e-01	1.95e-03	0.00e+00	0.00e+00	0.00e+00	0.00e+00	0.00e+00	0.00e+00	5.08e-01	6.98e-02	4.67e-02
 8.87942e+16	6.33e-01	3.65e-01	1.76e-03	0.00e+00	0.00e+00	0.00e+00	0.00e+00	0.00e+00	0.00e+00	5.16e-01	7.00e-02	4.70e-02
 8.88657e+16	6.46e-01	3.52e-01	1.54e-03	0.00e+00	0.00e+00	0.00e+00	0.00e+00	0.00e+00	0.00e+00	5.29e-01	7.02e-02	4.75e-02
 8.89437e+16	6.61e-01	3.38e-01	1.32e-03	0.00e+00	0.00e+00	0.00e+00	0.00e+00	0.00e+00	0.00e+00	5.42e-01	7.04e-02	4.80e-02
 8.90122e+16	6.73e-01	3.26e-01	1.15e-03	0.00e+00	0.00e+00	0.00e+00	0.00e+00	0.00e+00	0.00e+00	5.54e-01	7.05e-02	4.84e-02
