#depth	O	O+	O+2	O+3	O+4	O+5	O+6	O+7	O+8	O[1]	O[2]	O[3]
 1.70158e+12	8.53e-07	1.33e-03	2.42e-01	7.26e-01	3.09e-02	8.25e-07	0.00e+00	0.00e+00	0.00e+00	6.36e-07	1.38e-07	7.82e-08
 1.02095e+13	8.50e-07	1.33e-03	2.42e-01	7.26e-01	3.09e-02	8.24e-07	0.00e+00	0.00e+00	0.00e+00	6.35e-07	1.37e-07	7.80e-08
 4.42412e+13	8.51e-07	1.34e-03	2.43e-01	7.25e-01	3.07e-02	8.18e-07	0.00e+00	0.00e+00	0.00e+00	6.35e-07	1.38e-07	7.81e-08
 1.80368e+14	8.60e-07	1.35e-03	2.46e-01	7.22e-01	3.01e-02	7.93e-07	0.00e+00	0.00e+00	0.00e+00	6.42e-07	1.39e-07	7.89e-08
 4.30841e+14	8.44e-07	1.36e-03	2.51e-01	7.18e-01	2.90e-02	7.56e-07	0.00e+00	0.00e+00	0.00e+00	6.30e-07	1.36e-07	7.75e-08
 7.56457e+14	8.47e-07	1.38e-03	2.59e-01	7.12e-01	2.76e-02	7.08e-07	0.00e+00	0.00e+00	0.00e+00	6.33e-07	1.36e-07	7.77e-08
 1.17976e+15	8.61e-07	1.42e-03	2.69e-01	7.04e-01	2.60e-02	6.50e-07	0.00e+00	0.00e+00	0.00e+00	6.43e-07	1.38e-07	7.89e-08
 1.73005e+15	8.88e-07	1.49e-03	2.83e-01	6.92e-01	2.39e-02	5.79e-07	0.00e+00	0.00e+00	0.00e+00	6.65e-07	1.42e-07	8.14e-08
 2.44542e+15	9.37e-07	1.59e-03	3.03e-01	6.74e-01	2.13e-02	4.95e-07	0.00e+00	0.00e+00	0.00e+00	7.02e-07	1.50e-07	8.58e-08
 3.37541e+15	1.02e-06	1.74e-03	3.32e-01	6.48e-01	1.83e-02	4.00e-07	0.00e+00	0.00e+00	0.00e+00	7.66e-07	1.62e-07	9.35e-08
 4.58440e+15	1.17e-06	1.99e-03	3.76e-01	6.08e-01	1.47e-02	2.96e-07	0.00e+00	0.00e+00	0.00e+00	8.78e-07	1.85e-07	1.07e-07
 5.90489e+15	1.35e-06	2.31e-03	4.31e-01	5.56e-01	1.12e-02	2.08e-07	0.00e+00	0.00e+00	0.00e+00	1.02e-06	2.13e-07	1.24e-07
 7.07927e+15	1.57e-06	2.66e-03	4.90e-01	4.99e-01	8.52e-03	1.46e-07	0.00e+00	0.00e+00	0.00e+00	1.18e-06	2.46e-07	1.43e-07
 8.08530e+15	1.82e-06	3.04e-03	5.48e-01	4.43e-01	6.45e-03	0.00e+00	0.00e+00	0.00e+00	0.00e+00	1.37e-06	2.85e-07	1.66e-07
 8.97904e+15	2.11e-06	3.45e-03	6.06e-01	3.86e-01	4.83e-03	0.00e+00	0.00e+00	0.00e+00	0.00e+00	1.59e-06	3.29e-07	1.92e-07
 9.80143e+15	2.42e-06	3.88e-03	6.62e-01	3.31e-01	3.54e-03	0.00e+00	0.00e+00	0.00e+00	0.00e+00	1.82e-06	3.77e-07	2.20e-07
 1.05926e+16	2.77e-06	4.33e-03	7.18e-01	2.75e-01	2.51e-03	0.00e+00	0.00e+00	0.00e+00	0.00e+00	2.09e-06	4.31e-07	2.52e-07
 1.13230e+16	3.14e-06	4.78e-03	7.68e-01	2.25e-01	1.74e-03	0.00e+00	0.00e+00	0.00e+00	0.00e+00	2.37e-06	4.87e-07	2.84e-07
 1.19796e+16	3.51e-06	5.20e-03	8.11e-01	1.82e-01	1.20e-03	0.00e+00	0.00e+00	0.00e+00	0.00e+00	2.65e-06	5.43e-07	3.17e-07
 1.27152e+16	3.97e-06	5.68e-03	8.55e-01	1.39e-01	7.48e-04	0.00e+00	0.00e+00	0.00e+00	0.00e+00	3.00e-06	6.14e-07	3.58e-07
 1.36714e+16	4.60e-06	6.28e-03	9.00e-01	9.31e-02	3.77e-04	0.00e+00	0.00e+00	0.00e+00	0.00e+00	3.48e-06	7.11e-07	4.15e-07
 1.47252e+16	5.23e-06	6.81e-03	9.36e-01	5.74e-02	1.66e-04	0.00e+00	0.00e+00	0.00e+00	0.00e+00	3.96e-06	8.05e-07	4.70e-07
 1.59059e+16	5.94e-06	7.33e-03	9.61e-01	3.21e-02	6.19e-05	0.00e+00	0.00e+00	0.00e+00	0.00e+00	4.49e-06	9.12e-07	5.33e-07
 1.74018e+16	6.75e-06	7.84e-03	9.77e-01	1.54e-02	1.75e-05	0.00e+00	0.00e+00	0.00e+00	0.00e+00	5.11e-06	1.04e-06	6.05e-07
 1.91420e+16	7.66e-06	8.33e-03	9.85e-01	6.71e-03	4.12e-06	0.00e+00	0.00e+00	0.00e+00	0.00e+00	5.80e-06	1.17e-06	6.86e-07
 2.10562e+16	8.71e-06	8.81e-03	9.88e-01	2.84e-03	8.88e-07	0.00e+00	0.00e+00	0.00e+00	0.00e+00	6.59e-06	1.33e-06	7.80e-07
 2.31619e+16	9.99e-06	9.33e-03	9.89e-01	1.17e-03	1.77e-07	0.00e+00	0.00e+00	0.00e+00	0.00e+00	7.56e-06	1.53e-06	8.96e-07
 2.54780e+16	1.16e-05	9.94e-03	9.90e-01	4.70e-04	0.00e+00	0.00e+00	0.00e+00	0.00e+00	0.00e+00	8.80e-06	1.79e-06	1.05e-06
 2.80258e+16	1.38e-05	1.07e-02	9.89e-01	1.88e-04	0.00e+00	0.00e+00	0.00e+00	0.00e+00	0.00e+00	1.04e-05	2.13e-06	1.25e-06
 3.08284e+16	1.68e-05	1.16e-02	9.88e-01	7.82e-05	0.00e+00	0.00e+00	0.00e+00	0.00e+00	0.00e+00	1.27e-05	2.60e-06	1.52e-06
 3.39113e+16	2.11e-05	1.27e-02	9.87e-01	3.65e-05	0.00e+00	0.00e+00	0.00e+00	0.00e+00	0.00e+00	1.59e-05	3.28e-06	1.92e-06
 3.73024e+16	2.75e-05	1.42e-02	9.86e-01	2.07e-05	0.00e+00	0.00e+00	0.00e+00	0.00e+00	0.00e+00	2.07e-05	4.29e-06	2.51e-06
 4.10326e+16	3.75e-05	1.61e-02	9.84e-01	1.43e-05	0.00e+00	0.00e+00	0.00e+00	0.00e+00	0.00e+00	2.82e-05	5.88e-06	3.43e-06
 4.48464e+16	5.30e-05	1.87e-02	9.81e-01	1.13e-05	0.00e+00	0.00e+00	0.00e+00	0.00e+00	0.00e+00	3.98e-05	8.34e-06	4.85e-06
 4.73689e+16	6.88e-05	2.10e-02	9.79e-01	9.94e-06	0.00e+00	0.00e+00	0.00e+00	0.00e+00	0.00e+00	5.17e-05	1.09e-05	6.30e-06
 4.83694e+16	7.66e-05	2.20e-02	9.78e-01	9.47e-06	0.00e+00	0.00e+00	0.00e+00	0.00e+00	0.00e+00	5.75e-05	1.21e-05	7.01e-06
 4.91464e+16	8.30e-05	2.29e-02	9.77e-01	9.15e-06	0.00e+00	0.00e+00	0.00e+00	0.00e+00	0.00e+00	6.22e-05	1.32e-05	7.60e-06
 5.01565e+16	9.21e-05	2.40e-02	9.76e-01	8.79e-06	0.00e+00	0.00e+00	0.00e+00	0.00e+00	0.00e+00	6.90e-05	1.46e-05	8.44e-06
 5.14697e+16	1.06e-04	2.56e-02	9.74e-01	8.36e-06	0.00e+00	0.00e+00	0.00e+00	0.00e+00	0.00e+00	7.95e-05	1.69e-05	9.73e-06
 5.31767e+16	1.28e-04	2.80e-02	9.72e-01	7.78e-06	0.00e+00	0.00e+00	0.00e+00	0.00e+00	0.00e+00	9.60e-05	2.05e-05	1.18e-05
 5.48502e+16	1.57e-04	3.08e-02	9.69e-01	7.25e-06	0.00e+00	0.00e+00	0.00e+00	0.00e+00	0.00e+00	1.17e-04	2.51e-05	1.44e-05
 5.60576e+16	1.82e-04	3.31e-02	9.67e-01	6.84e-06	0.00e+00	0.00e+00	0.00e+00	0.00e+00	0.00e+00	1.36e-04	2.93e-05	1.67e-05
 5.70394e+16	2.07e-04	3.52e-02	9.65e-01	6.54e-06	0.00e+00	0.00e+00	0.00e+00	0.00e+00	0.00e+00	1.55e-04	3.33e-05	1.90e-05
 5.81502e+16	2.39e-04	3.78e-02	9.62e-01	6.26e-06	0.00e+00	0.00e+00	0.00e+00	0.00e+00	0.00e+00	1.78e-04	3.85e-05	2.19e-05
 5.95943e+16	2.89e-04	4.15e-02	9.58e-01	5.82e-06	0.00e+00	0.00e+00	0.00e+00	0.00e+00	0.00e+00	2.15e-04	4.68e-05	2.65e-05
 6.10343e+16	3.55e-04	4.61e-02	9.54e-01	5.39e-06	0.00e+00	0.00e+00	0.00e+00	0.00e+00	0.00e+00	2.65e-04	5.77e-05	3.26e-05
 6.21069e+16	4.17e-04	5.01e-02	9.50e-01	5.06e-06	0.00e+00	0.00e+00	0.00e+00	0.00e+00	0.00e+00	3.11e-04	6.79e-05	3.83e-05
 6.29886e+16	4.77e-04	5.37e-02	9.46e-01	4.81e-06	0.00e+00	0.00e+00	0.00e+00	0.00e+00	0.00e+00	3.55e-04	7.79e-05	4.38e-05
 6.39843e+16	5.55e-04	5.81e-02	9.41e-01	4.54e-06	0.00e+00	0.00e+00	0.00e+00	0.00e+00	0.00e+00	4.13e-04	9.09e-05	5.10e-05
 6.52787e+16	6.83e-04	6.47e-02	9.35e-01	4.18e-06	0.00e+00	0.00e+00	0.00e+00	0.00e+00	0.00e+00	5.08e-04	1.12e-04	6.27e-05
 6.65657e+16	8.54e-04	7.28e-02	9.26e-01	3.80e-06	0.00e+00	0.00e+00	0.00e+00	0.00e+00	0.00e+00	6.35e-04	1.40e-04	7.83e-05
 6.75211e+16	1.02e-03	7.99e-02	9.19e-01	3.50e-06	0.00e+00	0.00e+00	0.00e+00	0.00e+00	0.00e+00	7.57e-04	1.67e-04	9.33e-05
 6.83086e+16	1.17e-03	8.63e-02	9.13e-01	3.29e-06	0.00e+00	0.00e+00	0.00e+00	0.00e+00	0.00e+00	8.74e-04	1.92e-04	1.08e-04
 6.91994e+16	1.39e-03	9.43e-02	9.04e-01	3.05e-06	0.00e+00	0.00e+00	0.00e+00	0.00e+00	0.00e+00	1.03e-03	2.27e-04	1.27e-04
 7.03574e+16	1.74e-03	1.07e-01	8.92e-01	2.75e-06	0.00e+00	0.00e+00	0.00e+00	0.00e+00	0.00e+00	1.29e-03	2.84e-04	1.59e-04
 7.15192e+16	2.22e-03	1.22e-01	8.76e-01	2.42e-06	0.00e+00	0.00e+00	0.00e+00	0.00e+00	0.00e+00	1.65e-03	3.63e-04	2.03e-04
 7.23912e+16	2.70e-03	1.35e-01	8.62e-01	2.18e-06	0.00e+00	0.00e+00	0.00e+00	0.00e+00	0.00e+00	2.01e-03	4.42e-04	2.46e-04
 7.30923e+16	3.17e-03	1.47e-01	8.50e-01	1.99e-06	0.00e+00	0.00e+00	0.00e+00	0.00e+00	0.00e+00	2.36e-03	5.19e-04	2.89e-04
 7.38660e+16	3.79e-03	1.62e-01	8.34e-01	1.79e-06	0.00e+00	0.00e+00	0.00e+00	0.00e+00	0.00e+00	2.83e-03	6.21e-04	3.46e-04
 7.48718e+16	4.82e-03	1.85e-01	8.11e-01	1.55e-06	0.00e+00	0.00e+00	0.00e+00	0.00e+00	0.00e+00	3.59e-03	7.88e-04	4.38e-04
 7.58615e+16	6.26e-03	2.12e-01	7.82e-01	1.30e-06	0.00e+00	0.00e+00	0.00e+00	0.00e+00	0.00e+00	4.67e-03	1.02e-03	5.69e-04
 7.65641e+16	7.61e-03	2.35e-01	7.57e-01	1.14e-06	0.00e+00	0.00e+00	0.00e+00	0.00e+00	0.00e+00	5.68e-03	1.24e-03	6.92e-04
 7.71056e+16	8.87e-03	2.54e-01	7.37e-01	1.02e-06	0.00e+00	0.00e+00	0.00e+00	0.00e+00	0.00e+00	6.61e-03	1.45e-03	8.05e-04
 7.77037e+16	1.05e-02	2.78e-01	7.12e-01	8.87e-07	0.00e+00	0.00e+00	0.00e+00	0.00e+00	0.00e+00	7.85e-03	1.71e-03	9.54e-04
 7.84812e+16	1.32e-02	3.12e-01	6.75e-01	7.39e-07	0.00e+00	0.00e+00	0.00e+00	0.00e+00	0.00e+00	9.85e-03	2.15e-03	1.20e-03
 7.92654e+16	1.70e-02	3.53e-01	6.30e-01	5.87e-07	0.00e+00	0.00e+00	0.00e+00	0.00e+00	0.00e+00	1.27e-02	2.76e-03	1.54e-03
 7.98520e+16	2.06e-02	3.87e-01	5.92e-01	4.86e-07	0.00e+00	0.00e+00	0.00e+00	0.00e+00	0.00e+00	1.54e-02	3.35e-03	1.87e-03
 8.03176e+16	2.41e-02	4.16e-01	5.59e-01	4.12e-07	0.00e+00	0.00e+00	0.00e+00	0.00e+00	0.00e+00	1.80e-02	3.91e-03	2.18e-03
 8.08322e+16	2.88e-02	4.50e-01	5.21e-01	3.37e-07	0.00e+00	0.00e+00	0.00e+00	0.00e+00	0.00e+00	2.15e-02	4.65e-03	2.60e-03
 8.15011e+16	3.64e-02	4.98e-01	4.66e-01	2.54e-07	0.00e+00	0.00e+00	0.00e+00	0.00e+00	0.00e+00	2.73e-02	5.87e-03	3.28e-03
 8.21643e+16	4.69e-02	5.48e-01	4.05e-01	1.81e-07	0.00e+00	0.00e+00	0.00e+00	0.00e+00	0.00e+00	3.51e-02	7.52e-03	4.22e-03
 8.26483e+16	5.65e-02	5.86e-01	3.58e-01	1.34e-07	0.00e+00	0.00e+00	0.00e+00	0.00e+00	0.00e+00	4.23e-02	9.03e-03	5.07e-03
 8.30009e+16	6.47e-02	6.13e-01	3.23e-01	0.00e+00	0.00e+00	0.00e+00	0.00e+00	0.00e+00	0.00e+00	4.86e-02	1.03e-02	5.81e-03
 8.33541e+16	7.42e-02	6.38e-01	2.88e-01	0.00e+00	0.00e+00	0.00e+00	0.00e+00	0.00e+00	0.00e+00	5.57e-02	1.18e-02	6.65e-03
 8.37481e+16	8.69e-02	6.64e-01	2.49e-01	0.00e+00	0.00e+00	0.00e+00	0.00e+00	0.00e+00	0.00e+00	6.53e-02	1.37e-02	7.77e-03
 8.40986e+16	1.00e-01	6.85e-01	2.15e-01	0.00e+00	0.00e+00	0.00e+00	0.00e+00	0.00e+00	0.00e+00	7.55e-02	1.58e-02	8.96e-03
 8.43868e+16	1.13e-01	6.99e-01	1.88e-01	0.00e+00	0.00e+00	0.00e+00	0.00e+00	0.00e+00	0.00e+00	8.50e-02	1.77e-02	1.01e-02
 8.46906e+16	1.27e-01	7.11e-01	1.62e-01	0.00e+00	0.00e+00	0.00e+00	0.00e+00	0.00e+00	0.00e+00	9.61e-02	1.98e-02	1.13e-02
 8.50214e+16	1.46e-01	7.20e-01	1.34e-01	0.00e+00	0.00e+00	0.00e+00	0.00e+00	0.00e+00	0.00e+00	1.10e-01	2.26e-02	1.29e-02
 8.53039e+16	1.64e-01	7.24e-01	1.12e-01	0.00e+00	0.00e+00	0.00e+00	0.00e+00	0.00e+00	0.00e+00	1.25e-01	2.52e-02	1.45e-02
 8.55332e+16	1.81e-01	7.23e-01	9.55e-02	0.00e+00	0.00e+00	0.00e+00	0.00e+00	0.00e+00	0.00e+00	1.37e-01	2.76e-02	1.60e-02
 8.57770e+16	2.00e-01	7.20e-01	8.02e-02	0.00e+00	0.00e+00	0.00e+00	0.00e+00	0.00e+00	0.00e+00	1.52e-01	3.02e-02	1.75e-02
 8.60492e+16	2.24e-01	7.12e-01	6.44e-02	0.00e+00	0.00e+00	0.00e+00	0.00e+00	0.00e+00	0.00e+00	1.71e-01	3.35e-02	1.96e-02
 8.62893e+16	2.48e-01	7.00e-01	5.21e-02	0.00e+00	0.00e+00	0.00e+00	0.00e+00	0.00e+00	0.00e+00	1.90e-01	3.67e-02	2.16e-02
 8.64859e+16	2.69e-01	6.88e-01	4.34e-02	0.00e+00	0.00e+00	0.00e+00	0.00e+00	0.00e+00	0.00e+00	2.06e-01	3.94e-02	2.33e-02
 8.66949e+16	2.93e-01	6.72e-01	3.54e-02	0.00e+00	0.00e+00	0.00e+00	0.00e+00	0.00e+00	0.00e+00	2.25e-01	4.24e-02	2.52e-02
 8.69278e+16	3.23e-01	6.50e-01	2.76e-02	0.00e+00	0.00e+00	0.00e+00	0.00e+00	0.00e+00	0.00e+00	2.49e-01	4.60e-02	2.76e-02
 8.71364e+16	3.52e-01	6.26e-01	2.16e-02	0.00e+00	0.00e+00	0.00e+00	0.00e+00	0.00e+00	0.00e+00	2.73e-01	4.93e-02	2.98e-02
 8.73123e+16	3.77e-01	6.05e-01	1.75e-02	0.00e+00	0.00e+00	0.00e+00	0.00e+00	0.00e+00	0.00e+00	2.93e-01	5.20e-02	3.17e-02
 8.74911e+16	4.05e-01	5.81e-01	1.39e-02	0.00e+00	0.00e+00	0.00e+00	0.00e+00	0.00e+00	0.00e+00	3.16e-01	5.49e-02	3.37e-02
 8.77053e+16	4.39e-01	5.51e-01	1.04e-02	0.00e+00	0.00e+00	0.00e+00	0.00e+00	0.00e+00	0.00e+00	3.45e-01	5.81e-02	3.62e-02
 8.79160e+16	4.76e-01	5.16e-01	7.66e-03	0.00e+00	0.00e+00	0.00e+00	0.00e+00	0.00e+00	0.00e+00	3.76e-01	6.14e-02	3.87e-02
 8.80776e+16	5.05e-01	4.89e-01	5.97e-03	0.00e+00	0.00e+00	0.00e+00	0.00e+00	0.00e+00	0.00e+00	4.01e-01	6.36e-02	4.05e-02
 8.82057e+16	5.28e-01	4.68e-01	4.88e-03	0.00e+00	0.00e+00	0.00e+00	0.00e+00	0.00e+00	0.00e+00	4.20e-01	6.51e-02	4.18e-02
 8.83295e+16	5.50e-01	4.46e-01	3.99e-03	0.00e+00	0.00e+00	0.00e+00	0.00e+00	0.00e+00	0.00e+00	4.40e-01	6.65e-02	4.31e-02
 8.84593e+16	5.74e-01	4.23e-01	3.19e-03	0.00e+00	0.00e+00	0.00e+00	0.00e+00	0.00e+00	0.00e+00	4.62e-01	6.79e-02	4.44e-02
 8.85860e+16	5.97e-01	4.00e-01	2.56e-03	0.00e+00	0.00e+00	0.00e+00	0.00e+00	0.00e+00	0.00e+00	4.82e-01	6.89e-02	4.55e-02
 8.86809e+16	6.15e-01	3.83e-01	2.15e-03	0.00e+00	0.00e+00	0.00e+00	0.00e+00	0.00e+00	0.00e+00	4.99e-01	6.95e-02	4.63e-02
 8.87391e+16	6.24e-01	3.74e-01	1.95e-03	0.00e+00	0.00e+00	0.00e+00	0.00e+00	0.00e+00	0.00e+00	5.08e-01	6.98e-02	4.67e-02
 8.87944e+16	6.33e-01	3.65e-01	1.76e-03	0.00e+00	0.00e+00	0.00e+00	0.00e+00	0.00e+00	0.00e+00	5.16e-01	7.00e-02	4.70e-02
 8.88659e+16	6.46e-01	3.52e-01	1.54e-03	0.00e+00	0.00e+00	0.00e+00	0.00e+00	0.00e+00	0.00e+00	5.29e-01	7.02e-02	4.75e-02
 8.89439e+16	6.61e-01	3.38e-01	1.32e-03	0.00e+00	0.00e+00	0.00e+00	0.00e+00	0.00e+00	0.00e+00	5.42e-01	7.04e-02	4.80e-02
 8.90124e+16	6.73e-01	3.26e-01	1.16e-03	0.00e+00	0.00e+00	0.00e+00	0.00e+00	0.00e+00	0.00e+00	5.54e-01	7.05e-02	4.84e-02
 8.90730e+16	6.83e-01	3.16e-01	1.02e-03	0.00e+00	0.00e+00	0.00e+00	0.00e+00	0.00e+00	0.00e+00	5.64e-01	7.06e-02	4.86e-02
 8.91343e+16	6.94e-01	3.05e-01	9.05e-04	0.00e+00	0.00e+00	0.00e+00	0.00e+00	0.00e+00	0.00e+00	5.74e-01	7.05e-02	4.89e-02
 8.91996e+16	7.05e-01	2.94e-01	7.90e-04	0.00e+00	0.00e+00	0.00e+00	0.00e+00	0.00e+00	0.00e+00	5.86e-01	7.04e-02	4.91e-02
 8.92648e+16	7.16e-01	2.83e-01	6.90e-04	0.00e+00	0.00e+00	0.00e+00	0.00e+00	0.00e+00	0.00e+00	5.97e-01	7.03e-02	4.93e-02
 8.93268e+16	7.27e-01	2.72e-01	6.04e-04	0.00e+00	0.00e+00	0.00e+00	0.00e+00	0.00e+00	0.00e+00	6.07e-01	7.01e-02	4.95e-02
 8.93873e+16	7.37e-01	2.62e-01	5.31e-04	0.00e+00	0.00e+00	0.00e+00	0.00e+00	0.00e+00	0.00e+00	6.18e-01	6.98e-02	4.96e-02
 8.94477e+16	7.47e-01	2.52e-01	4.65e-04	0.00e+00	0.00e+00	0.00e+00	0.00e+00	0.00e+00	0.00e+00	6.28e-01	6.95e-02	4.96e-02
 8.95078e+16	7.57e-01	2.43e-01	4.07e-04	0.00e+00	0.00e+00	0.00e+00	0.00e+00	0.00e+00	0.00e+00	6.38e-01	6.92e-02	4.96e-02
 8.95674e+16	7.66e-01	2.33e-01	3.56e-04	0.00e+00	0.00e+00	0.00e+00	0.00e+00	0.00e+00	0.00e+00	6.48e-01	6.87e-02	4.96e-02
 8.96267e+16	7.75e-01	2.24e-01	3.11e-04	0.00e+00	0.00e+00	0.00e+00	0.00e+00	0.00e+00	0.00e+00	6.57e-01	6.83e-02	4.96e-02
 8.96858e+16	7.84e-01	2.15e-01	2.71e-04	0.00e+00	0.00e+00	0.00e+00	0.00e+00	0.00e+00	0.00e+00	6.67e-01	6.78e-02	4.95e-02
 8.97445e+16	7.93e-01	2.06e-01	2.36e-04	0.00e+00	0.00e+00	0.00e+00	0.00e+00	0.00e+00	0.00e+00	6.77e-01	6.73e-02	4.94e-02
 8.98018e+16	8.02e-01	1.98e-01	2.06e-04	0.00e+00	0.00e+00	0.00e+00	0.00e+00	0.00e+00	0.00e+00	6.86e-01	6.67e-02	4.92e-02
 8.98583e+16	8.09e-01	1.90e-01	1.80e-04	0.00e+00	0.00e+00	0.00e+00	0.00e+00	0.00e+00	0.00e+00	6.94e-01	6.62e-02	4.90e-02
 8.99155e+16	8.18e-01	1.82e-01	1.57e-04	0.00e+00	0.00e+00	0.00e+00	0.00e+00	0.00e+00	0.00e+00	7.03e-01	6.56e-02	4.88e-02
 8.99725e+16	8.25e-01	1.75e-01	1.36e-04	0.00e+00	0.00e+00	0.00e+00	0.00e+00	0.00e+00	0.00e+00	7.12e-01	6.49e-02	4.86e-02
 9.00284e+16	8.33e-01	1.67e-01	1.19e-04	0.00e+00	0.00e+00	0.00e+00	0.00e+00	0.00e+00	0.00e+00	7.20e-01	6.43e-02	4.83e-02
 9.00836e+16	8.40e-01	1.60e-01	1.04e-04	0.00e+00	0.00e+00	0.00e+00	0.00e+00	0.00e+00	0.00e+00	7.28e-01	6.36e-02	4.80e-02
 9.01384e+16	8.46e-01	1.54e-01	9.01e-05	0.00e+00	0.00e+00	0.00e+00	0.00e+00	0.00e+00	0.00e+00	7.36e-01	6.29e-02	4.77e-02
 9.01935e+16	8.53e-01	1.47e-01	7.82e-05	0.00e+00	0.00e+00	0.00e+00	0.00e+00	0.00e+00	0.00e+00	7.44e-01	6.22e-02	4.74e-02
 9.02478e+16	8.60e-01	1.40e-01	6.80e-05	0.00e+00	0.00e+00	0.00e+00	0.00e+00	0.00e+00	0.00e+00	7.51e-01	6.15e-02	4.71e-02
 9.03012e+16	8.65e-01	1.34e-01	5.92e-05	0.00e+00	0.00e+00	0.00e+00	0.00e+00	0.00e+00	0.00e+00	7.58e-01	6.09e-02	4.67e-02
 9.03541e+16	8.71e-01	1.29e-01	5.15e-05	0.00e+00	0.00e+00	0.00e+00	0.00e+00	0.00e+00	0.00e+00	7.65e-01	6.01e-02	4.63e-02
 9.04064e+16	8.77e-01	1.23e-01	4.48e-05	0.00e+00	0.00e+00	0.00e+00	0.00e+00	0.00e+00	0.00e+00	7.72e-01	5.94e-02	4.60e-02
 9.04583e+16	8.82e-01	1.18e-01	3.90e-05	0.00e+00	0.00e+00	0.00e+00	0.00e+00	0.00e+00	0.00e+00	7.78e-01	5.87e-02	4.56e-02
 9.05094e+16	8.87e-01	1.13e-01	3.40e-05	0.00e+00	0.00e+00	0.00e+00	0.00e+00	0.00e+00	0.00e+00	7.84e-01	5.81e-02	4.52e-02
 9.05589e+16	8.92e-01	1.08e-01	2.98e-05	0.00e+00	0.00e+00	0.00e+00	0.00e+00	0.00e+00	0.00e+00	7.90e-01	5.74e-02	4.48e-02
 9.06074e+16	8.97e-01	1.03e-01	2.61e-05	0.00e+00	0.00e+00	0.00e+00	0.00e+00	0.00e+00	0.00e+00	7.95e-01	5.67e-02	4.45e-02
 9.06560e+16	9.01e-01	9.90e-02	2.28e-05	0.00e+00	0.00e+00	0.00e+00	0.00e+00	0.00e+00	0.00e+00	8.01e-01	5.61e-02	4.41e-02
 9.07045e+16	9.05e-01	9.48e-02	2.00e-05	0.00e+00	0.00e+00	0.00e+00	0.00e+00	0.00e+00	0.00e+00	8.06e-01	5.55e-02	4.37e-02
 9.07517e+16	9.09e-01	9.09e-02	1.75e-05	0.00e+00	0.00e+00	0.00e+00	0.00e+00	0.00e+00	0.00e+00	8.11e-01	5.49e-02	4.33e-02
 9.07978e+16	9.13e-01	8.71e-02	1.54e-05	0.00e+00	0.00e+00	0.00e+00	0.00e+00	0.00e+00	0.00e+00	8.16e-01	5.43e-02	4.30e-02
 9.08435e+16	9.16e-01	8.35e-02	1.35e-05	0.00e+00	0.00e+00	0.00e+00	0.00e+00	0.00e+00	0.00e+00	8.20e-01	5.37e-02	4.26e-02
 9.08889e+16	9.20e-01	8.00e-02	1.19e-05	0.00e+00	0.00e+00	0.00e+00	0.00e+00	0.00e+00	0.00e+00	8.25e-01	5.31e-02	4.22e-02
 9.09341e+16	9.23e-01	7.68e-02	1.05e-05	0.00e+00	0.00e+00	0.00e+00	0.00e+00	0.00e+00	0.00e+00	8.29e-01	5.25e-02	4.19e-02
 9.09786e+16	9.26e-01	7.36e-02	9.22e-06	0.00e+00	0.00e+00	0.00e+00	0.00e+00	0.00e+00	0.00e+00	8.33e-01	5.20e-02	4.15e-02
 9.10219e+16	9.29e-01	7.06e-02	8.14e-06	0.00e+00	0.00e+00	0.00e+00	0.00e+00	0.00e+00	0.00e+00	8.37e-01	5.14e-02	4.11e-02
 9.10646e+16	9.32e-01	6.77e-02	7.20e-06	0.00e+00	0.00e+00	0.00e+00	0.00e+00	0.00e+00	0.00e+00	8.41e-01	5.09e-02	4.08e-02
 9.11077e+16	9.35e-01	6.51e-02	6.36e-06	0.00e+00	0.00e+00	0.00e+00	0.00e+00	0.00e+00	0.00e+00	8.44e-01	5.04e-02	4.05e-02
 9.11508e+16	9.38e-01	6.24e-02	5.61e-06	0.00e+00	0.00e+00	0.00e+00	0.00e+00	0.00e+00	0.00e+00	8.48e-01	4.99e-02	4.01e-02
 9.11925e+16	9.40e-01	5.99e-02	4.97e-06	0.00e+00	0.00e+00	0.00e+00	0.00e+00	0.00e+00	0.00e+00	8.51e-01	4.94e-02	3.98e-02
 9.12331e+16	9.42e-01	5.75e-02	4.41e-06	0.00e+00	0.00e+00	0.00e+00	0.00e+00	0.00e+00	0.00e+00	8.54e-01	4.90e-02	3.95e-02
 9.12744e+16	9.45e-01	5.52e-02	3.91e-06	0.00e+00	0.00e+00	0.00e+00	0.00e+00	0.00e+00	0.00e+00	8.57e-01	4.85e-02	3.91e-02
 9.13156e+16	9.47e-01	5.29e-02	3.46e-06	0.00e+00	0.00e+00	0.00e+00	0.00e+00	0.00e+00	0.00e+00	8.60e-01	4.80e-02	3.88e-02
 9.13557e+16	9.49e-01	5.09e-02	3.08e-06	0.00e+00	0.00e+00	0.00e+00	0.00e+00	0.00e+00	0.00e+00	8.63e-01	4.76e-02	3.84e-02
 9.13952e+16	9.51e-01	4.89e-02	2.74e-06	0.00e+00	0.00e+00	0.00e+00	0.00e+00	0.00e+00	0.00e+00	8.66e-01	4.72e-02	3.81e-02
 9.14345e+16	9.53e-01	4.69e-02	2.43e-06	0.00e+00	0.00e+00	0.00e+00	0.00e+00	0.00e+00	0.00e+00	8.69e-01	4.68e-02	3.78e-02
 9.14741e+16	9.55e-01	4.50e-02	2.16e-06	0.00e+00	0.00e+00	0.00e+00	0.00e+00	0.00e+00	0.00e+00	8.71e-01	4.64e-02	3.75e-02
 9.15136e+16	9.57e-01	4.32e-02	1.92e-06	0.00e+00	0.00e+00	0.00e+00	0.00e+00	0.00e+00	0.00e+00	8.74e-01	4.60e-02	3.71e-02
 9.15520e+16	9.59e-01	4.15e-02	1.71e-06	0.00e+00	0.00e+00	0.00e+00	0.00e+00	0.00e+00	0.00e+00	8.76e-01	4.56e-02	3.68e-02
 9.15891e+16	9.60e-01	3.99e-02	1.53e-06	0.00e+00	0.00e+00	0.00e+00	0.00e+00	0.00e+00	0.00e+00	8.78e-01	4.52e-02	3.65e-02
 9.16261e+16	9.62e-01	3.83e-02	1.37e-06	0.00e+00	0.00e+00	0.00e+00	0.00e+00	0.00e+00	0.00e+00	8.81e-01	4.49e-02	3.62e-02
 9.16645e+16	9.63e-01	3.67e-02	1.22e-06	0.00e+00	0.00e+00	0.00e+00	0.00e+00	0.00e+00	0.00e+00	8.83e-01	4.45e-02	3.59e-02
 9.17031e+16	9.65e-01	3.53e-02	1.09e-06	0.00e+00	0.00e+00	0.00e+00	0.00e+00	0.00e+00	0.00e+00	8.85e-01	4.42e-02	3.57e-02
 9.17393e+16	9.66e-01	3.39e-02	9.76e-07	0.00e+00	0.00e+00	0.00e+00	0.00e+00	0.00e+00	0.00e+00	8.87e-01	4.38e-02	3.54e-02
 9.17739e+16	9.67e-01	3.26e-02	8.80e-07	0.00e+00	0.00e+00	0.00e+00	0.00e+00	0.00e+00	0.00e+00	8.89e-01	4.35e-02	3.51e-02
 9.18097e+16	9.69e-01	3.13e-02	7.89e-07	0.00e+00	0.00e+00	0.00e+00	0.00e+00	0.00e+00	0.00e+00	8.91e-01	4.32e-02	3.49e-02
 9.18469e+16	9.70e-01	3.00e-02	7.04e-07	0.00e+00	0.00e+00	0.00e+00	0.00e+00	0.00e+00	0.00e+00	8.92e-01	4.29e-02	3.46e-02
 9.18829e+16	9.71e-01	2.87e-02	6.31e-07	0.00e+00	0.00e+00	0.00e+00	0.00e+00	0.00e+00	0.00e+00	8.94e-01	4.26e-02	3.44e-02
 9.19170e+16	9.72e-01	2.76e-02	5.69e-07	0.00e+00	0.00e+00	0.00e+00	0.00e+00	0.00e+00	0.00e+00	8.96e-01	4.23e-02	3.41e-02
 9.19506e+16	9.73e-01	2.65e-02	5.14e-07	0.00e+00	0.00e+00	0.00e+00	0.00e+00	0.00e+00	0.00e+00	8.97e-01	4.20e-02	3.39e-02
 9.19849e+16	9.75e-01	2.55e-02	4.63e-07	0.00e+00	0.00e+00	0.00e+00	0.00e+00	0.00e+00	0.00e+00	8.99e-01	4.18e-02	3.37e-02
 9.20193e+16	9.76e-01	2.44e-02	4.17e-07	0.00e+00	0.00e+00	0.00e+00	0.00e+00	0.00e+00	0.00e+00	9.01e-01	4.15e-02	3.34e-02
 9.20519e+16	9.77e-01	2.34e-02	3.78e-07	0.00e+00	0.00e+00	0.00e+00	0.00e+00	0.00e+00	0.00e+00	9.02e-01	4.12e-02	3.32e-02
 9.20811e+16	9.77e-01	2.26e-02	3.46e-07	0.00e+00	0.00e+00	0.00e+00	0.00e+00	0.00e+00	0.00e+00	9.03e-01	4.10e-02	3.30e-02
 9.21074e+16	9.78e-01	2.19e-02	3.20e-07	0.00e+00	0.00e+00	0.00e+00	0.00e+00	0.00e+00	0.00e+00	9.04e-01	4.08e-02	3.29e-02
 9.21318e+16	9.79e-01	2.13e-02	2.98e-07	0.00e+00	0.00e+00	0.00e+00	0.00e+00	0.00e+00	0.00e+00	9.05e-01	4.06e-02	3.27e-02
 9.21546e+16	9.79e-01	2.07e-02	2.78e-07	0.00e+00	0.00e+00	0.00e+00	0.00e+00	0.00e+00	0.00e+00	9.06e-01	4.05e-02	3.26e-02
 9.21762e+16	9.80e-01	2.01e-02	2.61e-07	0.00e+00	0.00e+00	0.00e+00	0.00e+00	0.00e+00	0.00e+00	9.07e-01	4.03e-02	3.24e-02
 9.21961e+16	9.80e-01	1.96e-02	2.46e-07	0.00e+00	0.00e+00	0.00e+00	0.00e+00	0.00e+00	0.00e+00	9.08e-01	4.02e-02	3.23e-02
 9.22143e+16	9.81e-01	1.91e-02	2.33e-07	0.00e+00	0.00e+00	0.00e+00	0.00e+00	0.00e+00	0.00e+00	9.09e-01	4.00e-02	3.22e-02
 9.22315e+16	9.81e-01	1.87e-02	2.22e-07	0.00e+00	0.00e+00	0.00e+00	0.00e+00	0.00e+00	0.00e+00	9.09e-01	3.99e-02	3.20e-02
 9.22476e+16	9.82e-01	1.83e-02	2.11e-07	0.00e+00	0.00e+00	0.00e+00	0.00e+00	0.00e+00	0.00e+00	9.10e-01	3.98e-02	3.19e-02
 9.22629e+16	9.82e-01	1.79e-02	2.02e-07	0.00e+00	0.00e+00	0.00e+00	0.00e+00	0.00e+00	0.00e+00	9.11e-01	3.96e-02	3.18e-02
 9.22776e+16	9.82e-01	1.76e-02	1.93e-07	0.00e+00	0.00e+00	0.00e+00	0.00e+00	0.00e+00	0.00e+00	9.11e-01	3.95e-02	3.17e-02
 9.22914e+16	9.83e-01	1.72e-02	1.86e-07	0.00e+00	0.00e+00	0.00e+00	0.00e+00	0.00e+00	0.00e+00	9.12e-01	3.94e-02	3.16e-02
 9.23044e+16	9.83e-01	1.69e-02	1.79e-07	0.00e+00	0.00e+00	0.00e+00	0.00e+00	0.00e+00	0.00e+00	9.12e-01	3.93e-02	3.15e-02
 9.23167e+16	9.83e-01	1.66e-02	1.72e-07	0.00e+00	0.00e+00	0.00e+00	0.00e+00	0.00e+00	0.00e+00	9.13e-01	3.92e-02	3.14e-02
 9.23285e+16	9.84e-01	1.63e-02	1.66e-07	0.00e+00	0.00e+00	0.00e+00	0.00e+00	0.00e+00	0.00e+00	9.13e-01	3.91e-02	3.13e-02
 9.23398e+16	9.84e-01	1.60e-02	1.61e-07	0.00e+00	0.00e+00	0.00e+00	0.00e+00	0.00e+00	0.00e+00	9.14e-01	3.90e-02	3.12e-02
 9.23506e+16	9.84e-01	1.57e-02	1.55e-07	0.00e+00	0.00e+00	0.00e+00	0.00e+00	0.00e+00	0.00e+00	9.14e-01	3.89e-02	3.11e-02
 9.23610e+16	9.85e-01	1.54e-02	1.51e-07	0.00e+00	0.00e+00	0.00e+00	0.00e+00	0.00e+00	0.00e+00	9.15e-01	3.88e-02	3.10e-02
 9.23710e+16	9.85e-01	1.52e-02	1.46e-07	0.00e+00	0.00e+00	0.00e+00	0.00e+00	0.00e+00	0.00e+00	9.15e-01	3.87e-02	3.09e-02
 9.23808e+16	9.85e-01	1.49e-02	1.42e-07	0.00e+00	0.00e+00	0.00e+00	0.00e+00	0.00e+00	0.00e+00	9.16e-01	3.86e-02	3.09e-02
 9.23903e+16	9.85e-01	1.47e-02	1.38e-07	0.00e+00	0.00e+00	0.00e+00	0.00e+00	0.00e+00	0.00e+00	9.16e-01	3.85e-02	3.08e-02
 9.23996e+16	9.86e-01	1.44e-02	1.34e-07	0.00e+00	0.00e+00	0.00e+00	0.00e+00	0.00e+00	0.00e+00	9.17e-01	3.84e-02	3.07e-02
 9.24089e+16	9.86e-01	1.42e-02	1.30e-07	0.00e+00	0.00e+00	0.00e+00	0.00e+00	0.00e+00	0.00e+00	9.17e-01	3.82e-02	3.06e-02
 9.24182e+16	9.86e-01	1.39e-02	1.26e-07	0.00e+00	0.00e+00	0.00e+00	0.00e+00	0.00e+00	0.00e+00	9.17e-01	3.81e-02	3.05e-02
 9.24276e+16	9.86e-01	1.36e-02	1.22e-07	0.00e+00	0.00e+00	0.00e+00	0.00e+00	0.00e+00	0.00e+00	9.18e-01	3.80e-02	3.04e-02
 9.24373e+16	9.87e-01	1.34e-02	1.19e-07	0.00e+00	0.00e+00	0.00e+00	0.00e+00	0.00e+00	0.00e+00	9.18e-01	3.79e-02	3.03e-02
 9.24474e+16	9.87e-01	1.31e-02	1.15e-07	0.00e+00	0.00e+00	0.00e+00	0.00e+00	0.00e+00	0.00e+00	9.19e-01	3.78e-02	3.01e-02
 9.24583e+16	9.87e-01	1.27e-02	1.11e-07	0.00e+00	0.00e+00	0.00e+00	0.00e+00	0.00e+00	0.00e+00	9.20e-01	3.76e-02	3.00e-02
 9.24693e+16	9.88e-01	1.24e-02	1.06e-07	0.00e+00	0.00e+00	0.00e+00	0.00e+00	0.00e+00	0.00e+00	9.20e-01	3.75e-02	2.98e-02
 9.24797e+16	9.88e-01	1.21e-02	1.03e-07	0.00e+00	0.00e+00	0.00e+00	0.00e+00	0.00e+00	0.00e+00	9.21e-01	3.73e-02	2.97e-02
 9.24891e+16	9.88e-01	1.18e-02	9.94e-08	0.00e+00	0.00e+00	0.00e+00	0.00e+00	0.00e+00	0.00e+00	9.21e-01	3.72e-02	2.96e-02
 9.24980e+16	9.88e-01	1.15e-02	9.63e-08	0.00e+00	0.00e+00	0.00e+00	0.00e+00	0.00e+00	0.00e+00	9.22e-01	3.70e-02	2.94e-02
 9.25065e+16	9.89e-01	1.13e-02	9.34e-08	0.00e+00	0.00e+00	0.00e+00	0.00e+00	0.00e+00	0.00e+00	9.23e-01	3.69e-02	2.93e-02
 9.25145e+16	9.89e-01	1.10e-02	9.07e-08	0.00e+00	0.00e+00	0.00e+00	0.00e+00	0.00e+00	0.00e+00	9.23e-01	3.67e-02	2.91e-02
 9.25219e+16	9.89e-01	1.08e-02	8.83e-08	0.00e+00	0.00e+00	0.00e+00	0.00e+00	0.00e+00	0.00e+00	9.24e-01	3.66e-02	2.90e-02
 9.25285e+16	9.89e-01	1.06e-02	8.61e-08	0.00e+00	0.00e+00	0.00e+00	0.00e+00	0.00e+00	0.00e+00	9.24e-01	3.65e-02	2.89e-02
 9.25346e+16	9.90e-01	1.04e-02	8.42e-08	0.00e+00	0.00e+00	0.00e+00	0.00e+00	0.00e+00	0.00e+00	9.24e-01	3.64e-02	2.88e-02
 9.25401e+16	9.90e-01	1.02e-02	8.24e-08	0.00e+00	0.00e+00	0.00e+00	0.00e+00	0.00e+00	0.00e+00	9.25e-01	3.63e-02	2.87e-02
 9.25451e+16	9.90e-01	1.01e-02	8.09e-08	0.00e+00	0.00e+00	0.00e+00	0.00e+00	0.00e+00	0.00e+00	9.25e-01	3.62e-02	2.86e-02
 9.25506e+16	9.90e-01	9.94e-03	7.90e-08	0.00e+00	0.00e+00	0.00e+00	0.00e+00	0.00e+00	0.00e+00	9.26e-01	3.61e-02	2.85e-02
 9.25566e+16	9.90e-01	9.76e-03	7.72e-08	0.00e+00	0.00e+00	0.00e+00	0.00e+00	0.00e+00	0.00e+00	9.26e-01	3.59e-02	2.84e-02
 9.25620e+16	9.90e-01	9.61e-03	7.55e-08	0.00e+00	0.00e+00	0.00e+00	0.00e+00	0.00e+00	0.00e+00	9.26e-01	3.58e-02	2.83e-02
 9.25669e+16	9.91e-01	9.49e-03	7.41e-08	0.00e+00	0.00e+00	0.00e+00	0.00e+00	0.00e+00	0.00e+00	9.27e-01	3.57e-02	2.82e-02
 9.25723e+16	9.91e-01	9.33e-03	7.24e-08	0.00e+00	0.00e+00	0.00e+00	0.00e+00	0.00e+00	0.00e+00	9.27e-01	3.55e-02	2.81e-02
 9.25781e+16	9.91e-01	9.16e-03	7.06e-08	0.00e+00	0.00e+00	0.00e+00	0.00e+00	0.00e+00	0.00e+00	9.27e-01	3.54e-02	2.80e-02
 9.25834e+16	9.91e-01	9.02e-03	6.91e-08	0.00e+00	0.00e+00	0.00e+00	0.00e+00	0.00e+00	0.00e+00	9.28e-01	3.53e-02	2.79e-02
 9.25882e+16	9.91e-01	8.90e-03	6.77e-08	0.00e+00	0.00e+00	0.00e+00	0.00e+00	0.00e+00	0.00e+00	9.28e-01	3.52e-02	2.78e-02
 9.25935e+16	9.91e-01	8.75e-03	6.61e-08	0.00e+00	0.00e+00	0.00e+00	0.00e+00	0.00e+00	0.00e+00	9.29e-01	3.50e-02	2.77e-02
 9.25992e+16	9.91e-01	8.61e-03	6.45e-08	0.00e+00	0.00e+00	0.00e+00	0.00e+00	0.00e+00	0.00e+00	9.29e-01	3.49e-02	2.75e-02
 9.26044e+16	9.92e-01	8.48e-03	6.30e-08	0.00e+00	0.00e+00	0.00e+00	0.00e+00	0.00e+00	0.00e+00	9.29e-01	3.48e-02	2.74e-02
 9.26091e+16	9.92e-01	8.38e-03	6.18e-08	0.00e+00	0.00e+00	0.00e+00	0.00e+00	0.00e+00	0.00e+00	9.30e-01	3.47e-02	2.74e-02
 9.26143e+16	9.92e-01	8.27e-03	6.04e-08	0.00e+00	0.00e+00	0.00e+00	0.00e+00	0.00e+00	0.00e+00	9.30e-01	3.46e-02	2.73e-02
 9.26210e+16	9.92e-01	8.13e-03	5.87e-08	0.00e+00	0.00e+00	0.00e+00	0.00e+00	0.00e+00	0.00e+00	9.30e-01	3.45e-02	2.72e-02
 9.26282e+16	9.92e-01	7.97e-03	5.69e-08	0.00e+00	0.00e+00	0.00e+00	0.00e+00	0.00e+00	0.00e+00	9.31e-01	3.43e-02	2.70e-02
 9.26348e+16	9.92e-01	7.84e-03	5.53e-08	0.00e+00	0.00e+00	0.00e+00	0.00e+00	0.00e+00	0.00e+00	9.31e-01	3.42e-02	2.69e-02
 9.26409e+16	9.92e-01	7.72e-03	5.39e-08	0.00e+00	0.00e+00	0.00e+00	0.00e+00	0.00e+00	0.00e+00	9.31e-01	3.41e-02	2.68e-02
 9.26474e+16	9.92e-01	7.58e-03	5.23e-08	0.00e+00	0.00e+00	0.00e+00	0.00e+00	0.00e+00	0.00e+00	9.32e-01	3.40e-02	2.67e-02
 9.26546e+16	9.93e-01	7.43e-03	5.06e-08	0.00e+00	0.00e+00	0.00e+00	0.00e+00	0.00e+00	0.00e+00	9.32e-01	3.38e-02	2.66e-02
 9.26610e+16	9.93e-01	7.32e-03	4.92e-08	0.00e+00	0.00e+00	0.00e+00	0.00e+00	0.00e+00	0.00e+00	9.32e-01	3.37e-02	2.65e-02
 9.26681e+16	9.93e-01	7.15e-03	4.74e-08	0.00e+00	0.00e+00	0.00e+00	0.00e+00	0.00e+00	0.00e+00	9.33e-01	3.36e-02	2.63e-02
