#depth	H	H+	H2
 1.70158e+12	1.17e-03	9.99e-01	3.57e-14
 1.02095e+13	1.17e-03	9.99e-01	3.57e-14
 4.42412e+13	1.17e-03	9.99e-01	3.58e-14
 1.80368e+14	1.17e-03	9.99e-01	3.61e-14
 4.30841e+14	1.15e-03	9.99e-01	3.62e-14
 7.56457e+14	1.14e-03	9.99e-01	3.65e-14
 1.17976e+15	1.13e-03	9.99e-01	3.72e-14
 1.73005e+15	1.11e-03	9.99e-01	3.81e-14
 2.44542e+15	1.10e-03	9.99e-01	3.94e-14
 3.37541e+15	1.10e-03	9.99e-01	4.13e-14
 4.58440e+15	1.10e-03	9.99e-01	4.41e-14
 5.90489e+15	1.09e-03	9.99e-01	4.69e-14
 7.07927e+15	1.09e-03	9.99e-01	4.94e-14
 8.08530e+15	1.10e-03	9.99e-01	5.19e-14
 8.97904e+15	1.11e-03	9.99e-01	5.46e-14
 9.80143e+15	1.13e-03	9.99e-01	5.73e-14
 1.05926e+16	1.15e-03	9.99e-01	6.05e-14
 1.13230e+16	1.17e-03	9.99e-01	6.39e-14
 1.19796e+16	1.19e-03	9.99e-01	6.74e-14
 1.27152e+16	1.22e-03	9.99e-01	7.19e-14
 1.36714e+16	1.27e-03	9.99e-01	7.82e-14
 1.47252e+16	1.31e-03	9.99e-01	8.53e-14
 1.59059e+16	1.36e-03	9.99e-01	9.35e-14
 1.74018e+16	1.42e-03	9.99e-01	1.03e-13
 1.91420e+16	1.49e-03	9.99e-01	1.14e-13
 2.10562e+16	1.57e-03	9.98e-01	1.25e-13
 2.31619e+16	1.66e-03	9.98e-01	1.37e-13
 2.54780e+16	1.77e-03	9.98e-01	1.52e-13
 2.80258e+16	1.90e-03	9.98e-01	1.70e-13
 3.08284e+16	2.07e-03	9.98e-01	1.93e-13
 3.39113e+16	2.28e-03	9.98e-01	2.22e-13
 3.73024e+16	2.56e-03	9.97e-01	2.62e-13
 4.10326e+16	2.93e-03	9.97e-01	3.16e-13
 4.48464e+16	3.41e-03	9.97e-01	3.88e-13
 4.73689e+16	3.84e-03	9.96e-01	4.59e-13
 4.83694e+16	4.02e-03	9.96e-01	4.91e-13
 4.91464e+16	4.16e-03	9.96e-01	5.15e-13
 5.01565e+16	4.35e-03	9.96e-01	5.45e-13
 5.14697e+16	4.62e-03	9.95e-01	5.91e-13
 5.31767e+16	5.01e-03	9.95e-01	6.56e-13
 5.48502e+16	5.46e-03	9.95e-01	7.35e-13
 5.60576e+16	5.82e-03	9.94e-01	8.02e-13
 5.70394e+16	6.14e-03	9.94e-01	8.63e-13
 5.81502e+16	6.52e-03	9.93e-01	9.29e-13
 5.95943e+16	7.05e-03	9.93e-01	1.03e-12
 6.10343e+16	7.69e-03	9.92e-01	1.15e-12
 6.21069e+16	8.22e-03	9.92e-01	1.25e-12
 6.29886e+16	8.70e-03	9.91e-01	1.35e-12
 6.39843e+16	9.24e-03	9.91e-01	1.45e-12
 6.52787e+16	1.01e-02	9.90e-01	1.61e-12
 6.65657e+16	1.10e-02	9.89e-01	1.80e-12
 6.75211e+16	1.19e-02	9.88e-01	1.98e-12
 6.83086e+16	1.26e-02	9.87e-01	2.12e-12
 6.91994e+16	1.34e-02	9.87e-01	2.29e-12
 7.03574e+16	1.47e-02	9.85e-01	2.56e-12
 7.15192e+16	1.63e-02	9.84e-01	2.88e-12
 7.23912e+16	1.77e-02	9.82e-01	3.19e-12
 7.30923e+16	1.89e-02	9.81e-01	3.45e-12
 7.38660e+16	2.04e-02	9.80e-01	3.77e-12
 7.48718e+16	2.25e-02	9.77e-01	4.22e-12
 7.58615e+16	2.52e-02	9.75e-01	4.84e-12
 7.65641e+16	2.75e-02	9.73e-01	5.35e-12
 7.71056e+16	2.93e-02	9.71e-01	5.80e-12
 7.77037e+16	3.17e-02	9.68e-01	6.35e-12
 7.84812e+16	3.51e-02	9.65e-01	7.15e-12
 7.92654e+16	3.95e-02	9.61e-01	8.22e-12
 7.98520e+16	4.34e-02	9.57e-01	9.19e-12
 8.03176e+16	4.68e-02	9.53e-01	1.01e-11
 8.08322e+16	5.12e-02	9.49e-01	1.12e-11
 8.15011e+16	5.80e-02	9.42e-01	1.30e-11
 8.21643e+16	6.68e-02	9.33e-01	1.54e-11
 8.26483e+16	7.45e-02	9.26e-01	1.75e-11
 8.30009e+16	8.09e-02	9.19e-01	1.94e-11
 8.33541e+16	8.82e-02	9.12e-01	2.16e-11
 8.37481e+16	9.79e-02	9.02e-01	2.45e-11
 8.40986e+16	1.08e-01	8.92e-01	2.77e-11
 8.43868e+16	1.18e-01	8.82e-01	3.07e-11
 8.46906e+16	1.29e-01	8.71e-01	3.44e-11
 8.50214e+16	1.43e-01	8.57e-01	3.93e-11
 8.53039e+16	1.57e-01	8.43e-01	4.43e-11
 8.55332e+16	1.70e-01	8.30e-01	4.92e-11
 8.57770e+16	1.85e-01	8.15e-01	5.49e-11
 8.60492e+16	2.05e-01	7.95e-01	6.27e-11
 8.62893e+16	2.25e-01	7.75e-01	7.09e-11
 8.64859e+16	2.42e-01	7.58e-01	7.84e-11
 8.66949e+16	2.62e-01	7.38e-01	8.77e-11
 8.69278e+16	2.88e-01	7.12e-01	1.00e-10
 8.71364e+16	3.14e-01	6.86e-01	1.13e-10
 8.73123e+16	3.36e-01	6.64e-01	1.25e-10
 8.74911e+16	3.61e-01	6.39e-01	1.40e-10
 8.77053e+16	3.93e-01	6.07e-01	1.59e-10
 8.79160e+16	4.28e-01	5.72e-01	1.82e-10
 8.80776e+16	4.55e-01	5.45e-01	2.02e-10
 8.82057e+16	4.77e-01	5.23e-01	2.19e-10
 8.83295e+16	4.99e-01	5.01e-01	2.37e-10
 8.84593e+16	5.23e-01	4.77e-01	2.59e-10
 8.85860e+16	5.47e-01	4.53e-01	2.80e-10
 8.86809e+16	5.65e-01	4.35e-01	2.99e-10
 8.87391e+16	5.74e-01	4.26e-01	3.09e-10
 8.87944e+16	5.84e-01	4.16e-01	3.20e-10
 8.88659e+16	5.97e-01	4.03e-01	3.36e-10
 8.89439e+16	6.12e-01	3.88e-01	3.54e-10
 8.90124e+16	6.25e-01	3.75e-01	3.69e-10
 8.90730e+16	6.36e-01	3.64e-01	3.85e-10
 8.91343e+16	6.47e-01	3.53e-01	4.00e-10
 8.91996e+16	6.60e-01	3.40e-01	4.19e-10
 8.92648e+16	6.71e-01	3.29e-01	4.36e-10
 8.93268e+16	6.83e-01	3.17e-01	4.55e-10
 8.93873e+16	6.94e-01	3.06e-01	4.73e-10
 8.94477e+16	7.05e-01	2.95e-01	4.94e-10
 8.95078e+16	7.15e-01	2.85e-01	5.13e-10
 8.95674e+16	7.26e-01	2.74e-01	5.35e-10
 8.96267e+16	7.36e-01	2.64e-01	5.56e-10
 8.96858e+16	7.46e-01	2.54e-01	5.79e-10
 8.97445e+16	7.56e-01	2.44e-01	6.03e-10
 8.98018e+16	7.65e-01	2.35e-01	6.27e-10
 8.98583e+16	7.74e-01	2.26e-01	6.51e-10
 8.99155e+16	7.83e-01	2.17e-01	6.79e-10
 8.99725e+16	7.92e-01	2.08e-01	7.04e-10
 9.00284e+16	8.00e-01	2.00e-01	7.35e-10
 9.00836e+16	8.08e-01	1.92e-01	7.61e-10
 9.01384e+16	8.16e-01	1.84e-01	7.92e-10
 9.01935e+16	8.24e-01	1.76e-01	8.25e-10
 9.02478e+16	8.31e-01	1.69e-01	8.58e-10
 9.03012e+16	8.38e-01	1.62e-01	8.89e-10
 9.03541e+16	8.45e-01	1.55e-01	9.27e-10
 9.04064e+16	8.51e-01	1.49e-01	9.65e-10
 9.04583e+16	8.57e-01	1.43e-01	1.00e-09
 9.05094e+16	8.63e-01	1.37e-01	1.04e-09
 9.05589e+16	8.69e-01	1.31e-01	1.08e-09
 9.06074e+16	8.74e-01	1.26e-01	1.13e-09
 9.06560e+16	8.79e-01	1.21e-01	1.17e-09
 9.07045e+16	8.84e-01	1.16e-01	1.22e-09
 9.07517e+16	8.89e-01	1.11e-01	1.26e-09
 9.07978e+16	8.94e-01	1.06e-01	1.31e-09
 9.08435e+16	8.98e-01	1.02e-01	1.37e-09
 9.08889e+16	9.02e-01	9.80e-02	1.43e-09
 9.09341e+16	9.06e-01	9.41e-02	1.48e-09
 9.09786e+16	9.10e-01	9.03e-02	1.54e-09
 9.10219e+16	9.13e-01	8.67e-02	1.61e-09
 9.10646e+16	9.17e-01	8.33e-02	1.68e-09
 9.11077e+16	9.20e-01	8.01e-02	1.74e-09
 9.11508e+16	9.23e-01	7.68e-02	1.82e-09
 9.11925e+16	9.26e-01	7.38e-02	1.90e-09
 9.12331e+16	9.29e-01	7.10e-02	1.99e-09
 9.12744e+16	9.32e-01	6.82e-02	2.10e-09
 9.13156e+16	9.35e-01	6.53e-02	2.20e-09
 9.13557e+16	9.37e-01	6.29e-02	2.29e-09
 9.13952e+16	9.39e-01	6.05e-02	2.41e-09
 9.14345e+16	9.42e-01	5.81e-02	2.53e-09
 9.14741e+16	9.44e-01	5.58e-02	2.67e-09
 9.15136e+16	9.46e-01	5.36e-02	2.82e-09
 9.15520e+16	9.48e-01	5.15e-02	3.00e-09
 9.15891e+16	9.50e-01	4.96e-02	3.18e-09
 9.16261e+16	9.52e-01	4.76e-02	3.38e-09
 9.16645e+16	9.54e-01	4.57e-02	3.61e-09
 9.17031e+16	9.56e-01	4.39e-02	3.85e-09
 9.17393e+16	9.58e-01	4.22e-02	4.11e-09
 9.17739e+16	9.59e-01	4.07e-02	4.42e-09
 9.18097e+16	9.61e-01	3.91e-02	4.78e-09
 9.18469e+16	9.63e-01	3.75e-02	5.21e-09
 9.18829e+16	9.64e-01	3.59e-02	5.72e-09
 9.19170e+16	9.65e-01	3.46e-02	6.24e-09
 9.19506e+16	9.67e-01	3.33e-02	6.90e-09
 9.19849e+16	9.68e-01	3.20e-02	7.65e-09
 9.20193e+16	9.69e-01	3.07e-02	8.60e-09
 9.20519e+16	9.71e-01	2.95e-02	9.69e-09
 9.20811e+16	9.72e-01	2.84e-02	1.09e-08
 9.21074e+16	9.72e-01	2.76e-02	1.22e-08
 9.21318e+16	9.73e-01	2.68e-02	1.36e-08
 9.21546e+16	9.74e-01	2.61e-02	1.52e-08
 9.21762e+16	9.75e-01	2.54e-02	1.72e-08
 9.21961e+16	9.75e-01	2.48e-02	1.92e-08
 9.22143e+16	9.76e-01	2.42e-02	2.15e-08
 9.22315e+16	9.76e-01	2.37e-02	2.40e-08
 9.22476e+16	9.77e-01	2.32e-02	2.68e-08
 9.22629e+16	9.77e-01	2.27e-02	3.00e-08
 9.22776e+16	9.78e-01	2.23e-02	3.36e-08
 9.22914e+16	9.78e-01	2.18e-02	3.75e-08
 9.23044e+16	9.79e-01	2.14e-02	4.20e-08
 9.23167e+16	9.79e-01	2.11e-02	4.68e-08
 9.23285e+16	9.79e-01	2.07e-02	5.23e-08
 9.23398e+16	9.80e-01	2.04e-02	5.84e-08
 9.23506e+16	9.80e-01	2.00e-02	6.51e-08
 9.23610e+16	9.80e-01	1.97e-02	7.26e-08
 9.23710e+16	9.81e-01	1.94e-02	8.09e-08
 9.23808e+16	9.81e-01	1.91e-02	9.03e-08
 9.23903e+16	9.81e-01	1.88e-02	1.00e-07
 9.23996e+16	9.82e-01	1.85e-02	1.11e-07
 9.24089e+16	9.82e-01	1.82e-02	1.24e-07
 9.24182e+16	9.82e-01	1.78e-02	1.37e-07
 9.24276e+16	9.82e-01	1.75e-02	1.52e-07
 9.24373e+16	9.83e-01	1.72e-02	1.68e-07
 9.24474e+16	9.83e-01	1.68e-02	1.85e-07
 9.24583e+16	9.84e-01	1.64e-02	2.04e-07
 9.24693e+16	9.84e-01	1.60e-02	2.21e-07
 9.24797e+16	9.84e-01	1.57e-02	2.36e-07
 9.24891e+16	9.85e-01	1.53e-02	2.48e-07
 9.24980e+16	9.85e-01	1.50e-02	2.58e-07
 9.25065e+16	9.85e-01	1.47e-02	2.66e-07
 9.25145e+16	9.86e-01	1.44e-02	2.73e-07
 9.25219e+16	9.86e-01	1.41e-02	2.78e-07
 9.25285e+16	9.86e-01	1.39e-02	2.83e-07
 9.25346e+16	9.86e-01	1.37e-02	2.87e-07
 9.25401e+16	9.87e-01	1.35e-02	2.91e-07
 9.25451e+16	9.87e-01	1.33e-02	2.94e-07
 9.25506e+16	9.87e-01	1.31e-02	2.98e-07
 9.25566e+16	9.87e-01	1.29e-02	3.02e-07
 9.25620e+16	9.87e-01	1.27e-02	3.06e-07
 9.25669e+16	9.87e-01	1.26e-02	3.09e-07
 9.25723e+16	9.88e-01	1.24e-02	3.13e-07
 9.25781e+16	9.88e-01	1.22e-02	3.17e-07
 9.25834e+16	9.88e-01	1.20e-02	3.22e-07
 9.25882e+16	9.88e-01	1.19e-02	3.25e-07
 9.25935e+16	9.88e-01	1.17e-02	3.30e-07
 9.25992e+16	9.88e-01	1.15e-02	3.35e-07
 9.26044e+16	9.89e-01	1.14e-02	3.39e-07
 9.26091e+16	9.89e-01	1.13e-02	3.42e-07
 9.26143e+16	9.89e-01	1.11e-02	3.46e-07
 9.26210e+16	9.89e-01	1.10e-02	3.51e-07
 9.26282e+16	9.89e-01	1.08e-02	3.56e-07
 9.26348e+16	9.89e-01	1.06e-02	3.62e-07
 9.26409e+16	9.90e-01	1.05e-02	3.66e-07
 9.26474e+16	9.90e-01	1.03e-02	3.72e-07
 9.26546e+16	9.90e-01	1.02e-02	3.78e-07
 9.26610e+16	9.90e-01	1.00e-02	3.84e-07
 9.26681e+16	9.90e-01	9.82e-03	3.91e-07
