#depth	He	He+	He+2
 1.69623e+12	1.52e-04	2.75e-01	7.24e-01
 1.01774e+13	1.52e-04	2.75e-01	7.25e-01
 4.41019e+13	1.52e-04	2.76e-01	7.24e-01
 1.79800e+14	1.55e-04	2.80e-01	7.19e-01
 4.29485e+14	1.57e-04	2.82e-01	7.18e-01
 7.54075e+14	1.63e-04	2.89e-01	7.11e-01
 1.17604e+15	1.72e-04	3.02e-01	6.97e-01
 1.72460e+15	1.89e-04	3.26e-01	6.74e-01
 2.43772e+15	2.17e-04	3.66e-01	6.33e-01
 3.22994e+15	2.55e-04	4.23e-01	5.77e-01
 3.94386e+15	3.01e-04	4.89e-01	5.11e-01
 4.54390e+15	3.46e-04	5.54e-01	4.45e-01
 5.09088e+15	3.94e-04	6.20e-01	3.79e-01
 5.71580e+15	4.51e-04	6.98e-01	3.02e-01
 6.52820e+15	5.24e-04	7.90e-01	2.09e-01
 7.41581e+15	5.93e-04	8.72e-01	1.27e-01
 8.40119e+15	6.52e-04	9.31e-01	6.86e-02
 9.68218e+15	7.05e-04	9.70e-01	2.98e-02
 1.13475e+16	7.55e-04	9.89e-01	1.04e-02
 1.35123e+16	8.10e-04	9.96e-01	2.93e-03
 1.54728e+16	8.54e-04	9.98e-01	1.03e-03
 1.70200e+16	8.92e-04	9.99e-01	4.83e-04
 1.87221e+16	9.36e-04	9.99e-01	2.20e-04
 2.05943e+16	9.86e-04	9.99e-01	9.79e-05
 2.26537e+16	1.05e-03	9.99e-01	4.27e-05
 2.49191e+16	1.12e-03	9.99e-01	1.85e-05
 2.74110e+16	1.20e-03	9.99e-01	8.00e-06
 3.01521e+16	1.31e-03	9.99e-01	3.51e-06
 3.31673e+16	1.43e-03	9.99e-01	1.58e-06
 3.53599e+16	1.53e-03	9.98e-01	9.75e-07
 3.63061e+16	1.58e-03	9.98e-01	8.03e-07
 3.70719e+16	1.63e-03	9.98e-01	6.76e-07
 3.80673e+16	1.69e-03	9.98e-01	5.45e-07
 3.93614e+16	1.77e-03	9.98e-01	4.17e-07
 4.07160e+16	1.86e-03	9.98e-01	3.22e-07
 4.18367e+16	1.94e-03	9.98e-01	2.63e-07
 4.28085e+16	2.02e-03	9.98e-01	2.21e-07
 4.38993e+16	2.11e-03	9.98e-01	1.81e-07
 4.50849e+16	2.22e-03	9.98e-01	1.48e-07
 4.61267e+16	2.33e-03	9.98e-01	1.25e-07
 4.70386e+16	2.43e-03	9.98e-01	1.08e-07
 4.80487e+16	2.55e-03	9.97e-01	9.14e-08
 4.91416e+16	2.70e-03	9.97e-01	7.73e-08
 5.00911e+16	2.84e-03	9.97e-01	6.70e-08
 5.09172e+16	2.97e-03	9.97e-01	5.93e-08
 5.18335e+16	3.14e-03	9.97e-01	5.14e-08
 5.28263e+16	3.33e-03	9.97e-01	4.45e-08
 5.36942e+16	3.53e-03	9.96e-01	3.94e-08
 5.44570e+16	3.71e-03	9.96e-01	3.54e-08
 5.53075e+16	3.95e-03	9.96e-01	3.13e-08
 5.62257e+16	4.24e-03	9.96e-01	2.76e-08
 5.70178e+16	4.52e-03	9.95e-01	2.48e-08
 5.76970e+16	4.79e-03	9.95e-01	2.27e-08
 5.84433e+16	5.13e-03	9.95e-01	2.04e-08
 5.92435e+16	5.54e-03	9.94e-01	1.84e-08
 5.99243e+16	5.95e-03	9.94e-01	1.69e-08
 6.05022e+16	6.33e-03	9.94e-01	1.56e-08
 6.11360e+16	6.83e-03	9.93e-01	1.44e-08
 6.18156e+16	7.43e-03	9.93e-01	1.32e-08
 6.23938e+16	8.03e-03	9.92e-01	1.22e-08
 6.28838e+16	8.62e-03	9.91e-01	1.15e-08
 6.34203e+16	9.37e-03	9.91e-01	1.07e-08
 6.39987e+16	1.03e-02	9.90e-01	9.95e-09
 6.44955e+16	1.12e-02	9.89e-01	9.36e-09
 6.49195e+16	1.22e-02	9.88e-01	8.89e-09
 6.53851e+16	1.34e-02	9.87e-01	8.37e-09
 6.58925e+16	1.50e-02	9.85e-01	7.86e-09
 6.63342e+16	1.66e-02	9.83e-01	7.45e-09
 6.66714e+16	1.81e-02	9.82e-01	7.18e-09
 6.69395e+16	1.95e-02	9.80e-01	6.95e-09
 6.72342e+16	2.12e-02	9.79e-01	6.71e-09
 6.75567e+16	2.34e-02	9.77e-01	6.46e-09
 6.78355e+16	2.57e-02	9.74e-01	6.26e-09
 6.80636e+16	2.77e-02	9.72e-01	6.13e-09
 6.83060e+16	3.03e-02	9.70e-01	5.97e-09
 6.85669e+16	3.34e-02	9.67e-01	5.82e-09
 6.87900e+16	3.66e-02	9.63e-01	5.72e-09
 6.89798e+16	3.96e-02	9.60e-01	5.64e-09
 6.91881e+16	4.35e-02	9.57e-01	5.55e-09
 6.94112e+16	4.82e-02	9.52e-01	5.48e-09
 6.96017e+16	5.30e-02	9.47e-01	5.43e-09
 6.97645e+16	5.75e-02	9.43e-01	5.42e-09
 6.99434e+16	6.34e-02	9.37e-01	5.39e-09
 7.01374e+16	7.05e-02	9.29e-01	5.40e-09
 7.03073e+16	7.77e-02	9.22e-01	5.45e-09
 7.04577e+16	8.48e-02	9.15e-01	5.53e-09
 7.06188e+16	9.38e-02	9.06e-01	5.60e-09
 7.07914e+16	1.04e-01	8.96e-01	5.73e-09
 7.09509e+16	1.16e-01	8.84e-01	5.89e-09
 7.10903e+16	1.27e-01	8.73e-01	6.06e-09
 7.12152e+16	1.38e-01	8.62e-01	6.22e-09
 7.13340e+16	1.50e-01	8.50e-01	6.42e-09
 7.14454e+16	1.62e-01	8.38e-01	6.63e-09
 7.15469e+16	1.74e-01	8.26e-01	6.83e-09
 7.16255e+16	1.84e-01	8.16e-01	7.01e-09
 7.16791e+16	1.91e-01	8.09e-01	7.12e-09
 7.17321e+16	1.99e-01	8.01e-01	7.22e-09
 7.17953e+16	2.09e-01	7.91e-01	7.37e-09
 7.18603e+16	2.19e-01	7.81e-01	7.55e-09
 7.19189e+16	2.28e-01	7.72e-01	7.74e-09
 7.19742e+16	2.37e-01	7.63e-01	7.89e-09
 7.20304e+16	2.47e-01	7.53e-01	8.08e-09
 7.20878e+16	2.58e-01	7.42e-01	8.26e-09
 7.21440e+16	2.68e-01	7.32e-01	8.48e-09
 7.21987e+16	2.79e-01	7.21e-01	8.65e-09
 7.22527e+16	2.90e-01	7.10e-01	8.87e-09
 7.23064e+16	3.02e-01	6.98e-01	9.07e-09
 7.23604e+16	3.13e-01	6.87e-01	9.31e-09
 7.24142e+16	3.26e-01	6.74e-01	9.53e-09
 7.24673e+16	3.38e-01	6.62e-01	9.75e-09
 7.25188e+16	3.51e-01	6.49e-01	9.97e-09
 7.25700e+16	3.63e-01	6.37e-01	1.02e-08
 7.26220e+16	3.77e-01	6.23e-01	1.04e-08
 7.26735e+16	3.90e-01	6.10e-01	1.07e-08
 7.27237e+16	4.04e-01	5.96e-01	1.09e-08
 7.27735e+16	4.17e-01	5.83e-01	1.12e-08
 7.28237e+16	4.31e-01	5.69e-01	1.14e-08
 7.28742e+16	4.46e-01	5.54e-01	1.16e-08
 7.29229e+16	4.60e-01	5.40e-01	1.19e-08
 7.29706e+16	4.74e-01	5.26e-01	1.21e-08
 7.30194e+16	4.89e-01	5.11e-01	1.23e-08
 7.30685e+16	5.04e-01	4.96e-01	1.26e-08
 7.31160e+16	5.18e-01	4.82e-01	1.28e-08
 7.31616e+16	5.32e-01	4.68e-01	1.30e-08
 7.32072e+16	5.47e-01	4.53e-01	1.32e-08
 7.32531e+16	5.61e-01	4.39e-01	1.34e-08
 7.32979e+16	5.75e-01	4.25e-01	1.36e-08
 7.33416e+16	5.89e-01	4.11e-01	1.38e-08
 7.33849e+16	6.02e-01	3.98e-01	1.40e-08
 7.34277e+16	6.16e-01	3.84e-01	1.41e-08
 7.34696e+16	6.29e-01	3.71e-01	1.43e-08
 7.35111e+16	6.42e-01	3.58e-01	1.44e-08
 7.35523e+16	6.54e-01	3.46e-01	1.46e-08
 7.35926e+16	6.66e-01	3.34e-01	1.47e-08
 7.36321e+16	6.78e-01	3.22e-01	1.48e-08
 7.36714e+16	6.90e-01	3.10e-01	1.49e-08
 7.37107e+16	7.02e-01	2.98e-01	1.50e-08
 7.37491e+16	7.13e-01	2.87e-01	1.51e-08
 7.37868e+16	7.23e-01	2.77e-01	1.52e-08
 7.38242e+16	7.34e-01	2.66e-01	1.52e-08
 7.38617e+16	7.44e-01	2.56e-01	1.53e-08
 7.38988e+16	7.54e-01	2.46e-01	1.54e-08
 7.39351e+16	7.64e-01	2.36e-01	1.54e-08
 7.39707e+16	7.73e-01	2.27e-01	1.55e-08
 7.40058e+16	7.82e-01	2.18e-01	1.54e-08
 7.40412e+16	7.90e-01	2.10e-01	1.55e-08
 7.40768e+16	7.99e-01	2.01e-01	1.55e-08
 7.41115e+16	8.07e-01	1.93e-01	1.55e-08
 7.41452e+16	8.15e-01	1.85e-01	1.55e-08
 7.41791e+16	8.22e-01	1.78e-01	1.54e-08
 7.42132e+16	8.29e-01	1.71e-01	1.54e-08
 7.42466e+16	8.36e-01	1.64e-01	1.54e-08
 7.42793e+16	8.43e-01	1.57e-01	1.54e-08
 7.43118e+16	8.49e-01	1.51e-01	1.53e-08
 7.43446e+16	8.56e-01	1.44e-01	1.52e-08
 7.43770e+16	8.62e-01	1.38e-01	1.52e-08
 7.44087e+16	8.67e-01	1.33e-01	1.51e-08
 7.44398e+16	8.73e-01	1.27e-01	1.50e-08
 7.44708e+16	8.78e-01	1.22e-01	1.49e-08
 7.45019e+16	8.83e-01	1.17e-01	1.49e-08
 7.45326e+16	8.88e-01	1.12e-01	1.48e-08
 7.45627e+16	8.92e-01	1.08e-01	1.47e-08
 7.45923e+16	8.97e-01	1.03e-01	1.46e-08
 7.46217e+16	9.01e-01	9.92e-02	1.44e-08
 7.46509e+16	9.05e-01	9.52e-02	1.43e-08
 7.46785e+16	9.09e-01	9.14e-02	1.42e-08
 7.47029e+16	9.12e-01	8.83e-02	1.41e-08
 7.47247e+16	9.15e-01	8.55e-02	1.39e-08
 7.47450e+16	9.17e-01	8.29e-02	1.38e-08
 7.47642e+16	9.19e-01	8.05e-02	1.37e-08
 7.47824e+16	9.22e-01	7.83e-02	1.35e-08
 7.47993e+16	9.24e-01	7.63e-02	1.34e-08
 7.48147e+16	9.25e-01	7.45e-02	1.33e-08
 7.48289e+16	9.27e-01	7.29e-02	1.31e-08
 7.48424e+16	9.29e-01	7.14e-02	1.30e-08
 7.48553e+16	9.30e-01	6.99e-02	1.29e-08
 7.48676e+16	9.31e-01	6.86e-02	1.28e-08
 7.48792e+16	9.33e-01	6.73e-02	1.27e-08
 7.48901e+16	9.34e-01	6.61e-02	1.26e-08
 7.49004e+16	9.35e-01	6.50e-02	1.25e-08
 7.49104e+16	9.36e-01	6.40e-02	1.24e-08
 7.49198e+16	9.37e-01	6.30e-02	1.23e-08
 7.49289e+16	9.38e-01	6.21e-02	1.22e-08
 7.49377e+16	9.39e-01	6.12e-02	1.21e-08
 7.49462e+16	9.40e-01	6.03e-02	1.20e-08
 7.49544e+16	9.41e-01	5.95e-02	1.19e-08
 7.49625e+16	9.41e-01	5.87e-02	1.18e-08
 7.49703e+16	9.42e-01	5.79e-02	1.17e-08
 7.49782e+16	9.43e-01	5.71e-02	1.16e-08
 7.49862e+16	9.44e-01	5.63e-02	1.15e-08
 7.49942e+16	9.44e-01	5.55e-02	1.14e-08
 7.50025e+16	9.45e-01	5.47e-02	1.13e-08
 7.50113e+16	9.46e-01	5.39e-02	1.12e-08
 7.50210e+16	9.47e-01	5.29e-02	1.10e-08
 7.50303e+16	9.48e-01	5.20e-02	1.09e-08
 7.50386e+16	9.49e-01	5.13e-02	1.08e-08
 7.50462e+16	9.49e-01	5.05e-02	1.06e-08
 7.50535e+16	9.50e-01	4.98e-02	1.05e-08
 7.50606e+16	9.51e-01	4.91e-02	1.04e-08
 7.50673e+16	9.52e-01	4.84e-02	1.02e-08
 7.50734e+16	9.52e-01	4.78e-02	1.01e-08
 7.50789e+16	9.53e-01	4.73e-02	1.00e-08
 7.50839e+16	9.53e-01	4.68e-02	9.91e-09
 7.50885e+16	9.54e-01	4.63e-02	9.82e-09
 7.50927e+16	9.54e-01	4.60e-02	9.75e-09
 7.50973e+16	9.55e-01	4.54e-02	9.63e-09
 7.51022e+16	9.55e-01	4.50e-02	9.53e-09
 7.51067e+16	9.55e-01	4.45e-02	9.44e-09
 7.51108e+16	9.56e-01	4.41e-02	9.38e-09
 7.51153e+16	9.56e-01	4.37e-02	9.26e-09
 7.51201e+16	9.57e-01	4.32e-02	9.18e-09
 7.51245e+16	9.57e-01	4.27e-02	9.08e-09
 7.51285e+16	9.58e-01	4.24e-02	9.01e-09
 7.51329e+16	9.58e-01	4.19e-02	8.90e-09
 7.51376e+16	9.59e-01	4.15e-02	8.82e-09
 7.51420e+16	9.59e-01	4.11e-02	8.75e-09
 7.51467e+16	9.59e-01	4.07e-02	8.66e-09
 7.51528e+16	9.60e-01	4.01e-02	8.57e-09
 7.51595e+16	9.60e-01	3.96e-02	8.47e-09
 7.51655e+16	9.61e-01	3.90e-02	8.37e-09
 7.51710e+16	9.61e-01	3.86e-02	8.29e-09
 7.51760e+16	9.62e-01	3.82e-02	8.24e-09
