#depth	H	H+	H2
 1.69623e+12	9.67e-04	9.99e-01	3.74e-14
 1.01774e+13	9.66e-04	9.99e-01	3.74e-14
 4.41019e+13	9.65e-04	9.99e-01	3.75e-14
 1.79800e+14	9.64e-04	9.99e-01	3.78e-14
 4.29485e+14	9.51e-04	9.99e-01	3.81e-14
 7.54075e+14	9.41e-04	9.99e-01	3.85e-14
 1.17604e+15	9.34e-04	9.99e-01	3.93e-14
 1.72460e+15	9.29e-04	9.99e-01	4.06e-14
 2.43772e+15	9.29e-04	9.99e-01	4.26e-14
 3.22994e+15	9.28e-04	9.99e-01	4.49e-14
 3.94386e+15	9.30e-04	9.99e-01	4.71e-14
 4.54390e+15	9.35e-04	9.99e-01	4.91e-14
 5.09088e+15	9.45e-04	9.99e-01	5.16e-14
 5.71580e+15	9.64e-04	9.99e-01	5.49e-14
 6.52820e+15	9.89e-04	9.99e-01	5.94e-14
 7.41581e+15	1.01e-03	9.99e-01	6.42e-14
 8.40119e+15	1.05e-03	9.99e-01	7.00e-14
 9.68218e+15	1.09e-03	9.99e-01	7.74e-14
 1.13475e+16	1.16e-03	9.99e-01	8.72e-14
 1.35123e+16	1.25e-03	9.99e-01	1.01e-13
 1.54728e+16	1.32e-03	9.99e-01	1.14e-13
 1.70200e+16	1.40e-03	9.99e-01	1.25e-13
 1.87221e+16	1.49e-03	9.99e-01	1.40e-13
 2.05943e+16	1.61e-03	9.98e-01	1.57e-13
 2.26537e+16	1.75e-03	9.98e-01	1.79e-13
 2.49191e+16	1.93e-03	9.98e-01	2.06e-13
 2.74110e+16	2.16e-03	9.98e-01	2.40e-13
 3.01521e+16	2.47e-03	9.98e-01	2.85e-13
 3.31673e+16	2.87e-03	9.97e-01	3.45e-13
 3.53599e+16	3.23e-03	9.97e-01	4.07e-13
 3.63061e+16	3.40e-03	9.97e-01	4.37e-13
 3.70719e+16	3.55e-03	9.96e-01	4.60e-13
 3.80673e+16	3.76e-03	9.96e-01	4.92e-13
 3.93614e+16	4.05e-03	9.96e-01	5.36e-13
 4.07160e+16	4.39e-03	9.96e-01	5.92e-13
 4.18367e+16	4.70e-03	9.95e-01	6.45e-13
 4.28085e+16	5.00e-03	9.95e-01	6.95e-13
 4.38993e+16	5.36e-03	9.95e-01	7.53e-13
 4.50849e+16	5.80e-03	9.94e-01	8.26e-13
 4.61267e+16	6.22e-03	9.94e-01	9.02e-13
 4.70386e+16	6.63e-03	9.93e-01	9.74e-13
 4.80487e+16	7.13e-03	9.93e-01	1.06e-12
 4.91416e+16	7.73e-03	9.92e-01	1.16e-12
 5.00911e+16	8.32e-03	9.92e-01	1.27e-12
 5.09172e+16	8.88e-03	9.91e-01	1.38e-12
 5.18335e+16	9.57e-03	9.90e-01	1.50e-12
 5.28263e+16	1.04e-02	9.90e-01	1.67e-12
 5.36942e+16	1.13e-02	9.89e-01	1.83e-12
 5.44570e+16	1.21e-02	9.88e-01	1.99e-12
 5.53075e+16	1.31e-02	9.87e-01	2.19e-12
 5.62257e+16	1.43e-02	9.86e-01	2.44e-12
 5.70178e+16	1.56e-02	9.84e-01	2.70e-12
 5.76970e+16	1.68e-02	9.83e-01	2.95e-12
 5.84433e+16	1.83e-02	9.82e-01	3.27e-12
 5.92435e+16	2.01e-02	9.80e-01	3.67e-12
 5.99243e+16	2.19e-02	9.78e-01	4.07e-12
 6.05022e+16	2.37e-02	9.76e-01	4.46e-12
 6.11360e+16	2.59e-02	9.74e-01	4.96e-12
 6.18156e+16	2.86e-02	9.71e-01	5.59e-12
 6.23938e+16	3.13e-02	9.69e-01	6.25e-12
 6.28838e+16	3.40e-02	9.66e-01	6.90e-12
 6.34203e+16	3.74e-02	9.63e-01	7.72e-12
 6.39987e+16	4.16e-02	9.58e-01	8.79e-12
 6.44955e+16	4.60e-02	9.54e-01	9.90e-12
 6.49195e+16	5.03e-02	9.50e-01	1.10e-11
 6.53851e+16	5.57e-02	9.44e-01	1.25e-11
 6.58925e+16	6.30e-02	9.37e-01	1.45e-11
 6.63342e+16	7.08e-02	9.29e-01	1.67e-11
 6.66714e+16	7.76e-02	9.22e-01	1.87e-11
 6.69395e+16	8.39e-02	9.16e-01	2.06e-11
 6.72342e+16	9.16e-02	9.08e-01	2.30e-11
 6.75567e+16	1.02e-01	8.98e-01	2.62e-11
 6.78355e+16	1.12e-01	8.88e-01	2.95e-11
 6.80636e+16	1.21e-01	8.79e-01	3.25e-11
 6.83060e+16	1.32e-01	8.68e-01	3.65e-11
 6.85669e+16	1.46e-01	8.54e-01	4.15e-11
 6.87900e+16	1.60e-01	8.40e-01	4.65e-11
 6.89798e+16	1.73e-01	8.27e-01	5.13e-11
 6.91881e+16	1.89e-01	8.11e-01	5.77e-11
 6.94112e+16	2.08e-01	7.92e-01	6.57e-11
 6.96017e+16	2.27e-01	7.73e-01	7.38e-11
 6.97645e+16	2.43e-01	7.57e-01	8.14e-11
 6.99434e+16	2.65e-01	7.35e-01	9.16e-11
 7.01374e+16	2.90e-01	7.10e-01	1.04e-10
 7.03073e+16	3.14e-01	6.86e-01	1.17e-10
 7.04577e+16	3.36e-01	6.64e-01	1.29e-10
 7.06188e+16	3.62e-01	6.38e-01	1.45e-10
 7.07914e+16	3.92e-01	6.08e-01	1.64e-10
 7.09509e+16	4.22e-01	5.78e-01	1.84e-10
 7.10903e+16	4.49e-01	5.51e-01	2.03e-10
 7.12152e+16	4.74e-01	5.26e-01	2.23e-10
 7.13340e+16	4.97e-01	5.03e-01	2.43e-10
 7.14454e+16	5.20e-01	4.80e-01	2.64e-10
 7.15469e+16	5.42e-01	4.58e-01	2.85e-10
 7.16255e+16	5.58e-01	4.42e-01	3.02e-10
 7.16791e+16	5.68e-01	4.32e-01	3.13e-10
 7.17321e+16	5.79e-01	4.21e-01	3.25e-10
 7.17953e+16	5.92e-01	4.08e-01	3.41e-10
 7.18603e+16	6.06e-01	3.94e-01	3.58e-10
 7.19189e+16	6.18e-01	3.82e-01	3.73e-10
 7.19742e+16	6.30e-01	3.70e-01	3.89e-10
 7.20304e+16	6.42e-01	3.58e-01	4.05e-10
 7.20878e+16	6.54e-01	3.46e-01	4.24e-10
 7.21440e+16	6.66e-01	3.34e-01	4.41e-10
 7.21987e+16	6.77e-01	3.23e-01	4.61e-10
 7.22527e+16	6.88e-01	3.12e-01	4.79e-10
 7.23064e+16	6.99e-01	3.01e-01	5.00e-10
 7.23604e+16	7.10e-01	2.90e-01	5.19e-10
 7.24142e+16	7.21e-01	2.79e-01	5.41e-10
 7.24673e+16	7.31e-01	2.69e-01	5.63e-10
 7.25188e+16	7.41e-01	2.59e-01	5.86e-10
 7.25700e+16	7.50e-01	2.50e-01	6.08e-10
 7.26220e+16	7.60e-01	2.40e-01	6.34e-10
 7.26735e+16	7.70e-01	2.30e-01	6.58e-10
 7.27237e+16	7.79e-01	2.21e-01	6.85e-10
 7.27735e+16	7.87e-01	2.13e-01	7.09e-10
 7.28237e+16	7.96e-01	2.04e-01	7.39e-10
 7.28742e+16	8.04e-01	1.96e-01	7.69e-10
 7.29229e+16	8.12e-01	1.88e-01	7.99e-10
 7.29706e+16	8.20e-01	1.80e-01	8.28e-10
 7.30194e+16	8.27e-01	1.73e-01	8.62e-10
 7.30685e+16	8.35e-01	1.65e-01	8.98e-10
 7.31160e+16	8.42e-01	1.58e-01	9.31e-10
 7.31616e+16	8.48e-01	1.52e-01	9.69e-10
 7.32072e+16	8.54e-01	1.46e-01	1.00e-09
 7.32531e+16	8.61e-01	1.39e-01	1.04e-09
 7.32979e+16	8.67e-01	1.33e-01	1.09e-09
 7.33416e+16	8.72e-01	1.28e-01	1.13e-09
 7.33849e+16	8.77e-01	1.23e-01	1.17e-09
 7.34277e+16	8.82e-01	1.18e-01	1.21e-09
 7.34696e+16	8.87e-01	1.13e-01	1.26e-09
 7.35111e+16	8.92e-01	1.08e-01	1.31e-09
 7.35523e+16	8.96e-01	1.04e-01	1.36e-09
 7.35926e+16	9.00e-01	9.97e-02	1.42e-09
 7.36321e+16	9.04e-01	9.57e-02	1.47e-09
 7.36714e+16	9.08e-01	9.19e-02	1.53e-09
 7.37107e+16	9.12e-01	8.82e-02	1.60e-09
 7.37491e+16	9.15e-01	8.46e-02	1.66e-09
 7.37868e+16	9.19e-01	8.13e-02	1.73e-09
 7.38242e+16	9.22e-01	7.81e-02	1.80e-09
 7.38617e+16	9.25e-01	7.50e-02	1.88e-09
 7.38988e+16	9.28e-01	7.20e-02	1.96e-09
 7.39351e+16	9.31e-01	6.92e-02	2.04e-09
 7.39707e+16	9.33e-01	6.65e-02	2.14e-09
 7.40058e+16	9.36e-01	6.39e-02	2.25e-09
 7.40412e+16	9.39e-01	6.14e-02	2.35e-09
 7.40768e+16	9.41e-01	5.89e-02	2.47e-09
 7.41115e+16	9.43e-01	5.66e-02	2.60e-09
 7.41452e+16	9.46e-01	5.45e-02	2.73e-09
 7.41791e+16	9.48e-01	5.24e-02	2.87e-09
 7.42132e+16	9.50e-01	5.04e-02	3.03e-09
 7.42466e+16	9.52e-01	4.84e-02	3.20e-09
 7.42793e+16	9.53e-01	4.65e-02	3.40e-09
 7.43118e+16	9.55e-01	4.48e-02	3.61e-09
 7.43446e+16	9.57e-01	4.30e-02	3.85e-09
 7.43770e+16	9.59e-01	4.13e-02	4.13e-09
 7.44087e+16	9.60e-01	3.97e-02	4.45e-09
 7.44398e+16	9.62e-01	3.82e-02	4.78e-09
 7.44708e+16	9.63e-01	3.67e-02	5.19e-09
 7.45019e+16	9.65e-01	3.52e-02	5.63e-09
 7.45326e+16	9.66e-01	3.38e-02	6.19e-09
 7.45627e+16	9.67e-01	3.25e-02	6.78e-09
 7.45923e+16	9.69e-01	3.13e-02	7.54e-09
 7.46217e+16	9.70e-01	3.00e-02	8.38e-09
 7.46509e+16	9.71e-01	2.89e-02	9.43e-09
 7.46785e+16	9.72e-01	2.77e-02	1.07e-08
 7.47029e+16	9.73e-01	2.68e-02	1.20e-08
 7.47247e+16	9.74e-01	2.61e-02	1.34e-08
 7.47450e+16	9.75e-01	2.53e-02	1.50e-08
 7.47642e+16	9.75e-01	2.47e-02	1.67e-08
 7.47824e+16	9.76e-01	2.41e-02	1.88e-08
 7.47993e+16	9.77e-01	2.35e-02	2.11e-08
 7.48147e+16	9.77e-01	2.30e-02	2.36e-08
 7.48289e+16	9.78e-01	2.25e-02	2.64e-08
 7.48424e+16	9.78e-01	2.20e-02	2.94e-08
 7.48553e+16	9.78e-01	2.16e-02	3.29e-08
 7.48676e+16	9.79e-01	2.12e-02	3.68e-08
 7.48792e+16	9.79e-01	2.08e-02	4.12e-08
 7.48901e+16	9.80e-01	2.04e-02	4.60e-08
 7.49004e+16	9.80e-01	2.01e-02	5.14e-08
 7.49104e+16	9.80e-01	1.97e-02	5.74e-08
 7.49198e+16	9.81e-01	1.94e-02	6.41e-08
 7.49289e+16	9.81e-01	1.91e-02	7.15e-08
 7.49377e+16	9.81e-01	1.88e-02	7.97e-08
 7.49462e+16	9.82e-01	1.85e-02	8.87e-08
 7.49544e+16	9.82e-01	1.82e-02	9.90e-08
 7.49625e+16	9.82e-01	1.79e-02	1.10e-07
 7.49703e+16	9.82e-01	1.76e-02	1.22e-07
 7.49782e+16	9.83e-01	1.73e-02	1.36e-07
 7.49862e+16	9.83e-01	1.70e-02	1.50e-07
 7.49942e+16	9.83e-01	1.67e-02	1.67e-07
 7.50025e+16	9.84e-01	1.64e-02	1.83e-07
 7.50113e+16	9.84e-01	1.61e-02	2.01e-07
 7.50210e+16	9.84e-01	1.57e-02	2.21e-07
 7.50303e+16	9.85e-01	1.53e-02	2.39e-07
 7.50386e+16	9.85e-01	1.49e-02	2.52e-07
 7.50462e+16	9.85e-01	1.46e-02	2.63e-07
 7.50535e+16	9.86e-01	1.43e-02	2.73e-07
 7.50606e+16	9.86e-01	1.40e-02	2.80e-07
 7.50673e+16	9.86e-01	1.37e-02	2.87e-07
 7.50734e+16	9.87e-01	1.35e-02	2.92e-07
 7.50789e+16	9.87e-01	1.33e-02	2.97e-07
 7.50839e+16	9.87e-01	1.31e-02	3.01e-07
 7.50885e+16	9.87e-01	1.29e-02	3.05e-07
 7.50927e+16	9.87e-01	1.27e-02	3.08e-07
 7.50973e+16	9.87e-01	1.25e-02	3.12e-07
 7.51022e+16	9.88e-01	1.23e-02	3.16e-07
 7.51067e+16	9.88e-01	1.22e-02	3.20e-07
 7.51108e+16	9.88e-01	1.21e-02	3.23e-07
 7.51153e+16	9.88e-01	1.19e-02	3.27e-07
 7.51201e+16	9.88e-01	1.17e-02	3.32e-07
 7.51245e+16	9.88e-01	1.15e-02	3.36e-07
 7.51285e+16	9.89e-01	1.14e-02	3.40e-07
 7.51329e+16	9.89e-01	1.12e-02	3.45e-07
 7.51376e+16	9.89e-01	1.11e-02	3.50e-07
 7.51420e+16	9.89e-01	1.09e-02	3.53e-07
 7.51467e+16	9.89e-01	1.08e-02	3.57e-07
 7.51528e+16	9.89e-01	1.06e-02	3.63e-07
 7.51595e+16	9.90e-01	1.04e-02	3.69e-07
 7.51655e+16	9.90e-01	1.02e-02	3.75e-07
 7.51710e+16	9.90e-01	1.01e-02	3.81e-07
 7.51760e+16	9.90e-01	9.93e-03	3.86e-07
