#depth	O	O+	O+2	O+3	O+4	O+5	O+6	O+7	O+8	O[1]	O[2]	O[3]
 1.69623e+12	1.47e-06	2.61e-03	4.85e-01	5.10e-01	2.53e-03	0.00e+00	0.00e+00	0.00e+00	0.00e+00	1.07e-06	2.66e-07	1.38e-07
 1.01774e+13	1.47e-06	2.60e-03	4.86e-01	5.09e-01	2.52e-03	0.00e+00	0.00e+00	0.00e+00	0.00e+00	1.06e-06	2.65e-07	1.38e-07
 4.41019e+13	1.47e-06	2.61e-03	4.88e-01	5.07e-01	2.50e-03	0.00e+00	0.00e+00	0.00e+00	0.00e+00	1.06e-06	2.66e-07	1.38e-07
 1.79800e+14	1.49e-06	2.66e-03	4.98e-01	4.97e-01	2.39e-03	0.00e+00	0.00e+00	0.00e+00	0.00e+00	1.08e-06	2.71e-07	1.41e-07
 4.29485e+14	1.51e-06	2.72e-03	5.13e-01	4.82e-01	2.22e-03	0.00e+00	0.00e+00	0.00e+00	0.00e+00	1.09e-06	2.73e-07	1.42e-07
 7.54075e+14	1.54e-06	2.81e-03	5.32e-01	4.63e-01	2.02e-03	0.00e+00	0.00e+00	0.00e+00	0.00e+00	1.12e-06	2.79e-07	1.45e-07
 1.17604e+15	1.60e-06	2.95e-03	5.59e-01	4.36e-01	1.77e-03	0.00e+00	0.00e+00	0.00e+00	0.00e+00	1.16e-06	2.91e-07	1.51e-07
 1.72460e+15	1.71e-06	3.16e-03	5.96e-01	4.00e-01	1.47e-03	0.00e+00	0.00e+00	0.00e+00	0.00e+00	1.24e-06	3.10e-07	1.62e-07
 2.43772e+15	1.89e-06	3.47e-03	6.46e-01	3.50e-01	1.13e-03	0.00e+00	0.00e+00	0.00e+00	0.00e+00	1.37e-06	3.42e-07	1.78e-07
 3.22994e+15	2.10e-06	3.84e-03	7.03e-01	2.92e-01	8.08e-04	0.00e+00	0.00e+00	0.00e+00	0.00e+00	1.52e-06	3.79e-07	1.98e-07
 3.94386e+15	2.31e-06	4.21e-03	7.57e-01	2.38e-01	5.66e-04	0.00e+00	0.00e+00	0.00e+00	0.00e+00	1.68e-06	4.19e-07	2.19e-07
 4.54390e+15	2.53e-06	4.55e-03	8.01e-01	1.94e-01	3.99e-04	0.00e+00	0.00e+00	0.00e+00	0.00e+00	1.83e-06	4.57e-07	2.40e-07
 5.09088e+15	2.76e-06	4.88e-03	8.40e-01	1.55e-01	2.77e-04	0.00e+00	0.00e+00	0.00e+00	0.00e+00	2.00e-06	4.99e-07	2.62e-07
 5.71580e+15	3.06e-06	5.27e-03	8.79e-01	1.15e-01	1.72e-04	0.00e+00	0.00e+00	0.00e+00	0.00e+00	2.21e-06	5.52e-07	2.90e-07
 6.52820e+15	3.45e-06	5.73e-03	9.19e-01	7.48e-02	8.56e-05	0.00e+00	0.00e+00	0.00e+00	0.00e+00	2.50e-06	6.21e-07	3.27e-07
 7.41581e+15	3.84e-06	6.16e-03	9.50e-01	4.38e-02	3.69e-05	0.00e+00	0.00e+00	0.00e+00	0.00e+00	2.79e-06	6.90e-07	3.65e-07
 8.40119e+15	4.30e-06	6.57e-03	9.70e-01	2.32e-02	1.34e-05	0.00e+00	0.00e+00	0.00e+00	0.00e+00	3.12e-06	7.70e-07	4.08e-07
 9.68218e+15	4.87e-06	7.00e-03	9.83e-01	1.01e-02	3.55e-06	0.00e+00	0.00e+00	0.00e+00	0.00e+00	3.54e-06	8.71e-07	4.62e-07
 1.13475e+16	5.64e-06	7.50e-03	9.89e-01	3.66e-03	6.63e-07	0.00e+00	0.00e+00	0.00e+00	0.00e+00	4.10e-06	1.01e-06	5.35e-07
 1.35123e+16	6.78e-06	8.12e-03	9.91e-01	1.12e-03	0.00e+00	0.00e+00	0.00e+00	0.00e+00	0.00e+00	4.92e-06	1.21e-06	6.43e-07
 1.54728e+16	7.86e-06	8.66e-03	9.91e-01	4.49e-04	0.00e+00	0.00e+00	0.00e+00	0.00e+00	0.00e+00	5.71e-06	1.40e-06	7.46e-07
 1.70200e+16	8.95e-06	9.14e-03	9.91e-01	2.45e-04	0.00e+00	0.00e+00	0.00e+00	0.00e+00	0.00e+00	6.50e-06	1.60e-06	8.49e-07
 1.87221e+16	1.04e-05	9.72e-03	9.90e-01	1.44e-04	0.00e+00	0.00e+00	0.00e+00	0.00e+00	0.00e+00	7.54e-06	1.85e-06	9.85e-07
 2.05943e+16	1.23e-05	1.04e-02	9.89e-01	9.41e-05	0.00e+00	0.00e+00	0.00e+00	0.00e+00	0.00e+00	8.91e-06	2.19e-06	1.16e-06
 2.26537e+16	1.48e-05	1.13e-02	9.89e-01	6.89e-05	0.00e+00	0.00e+00	0.00e+00	0.00e+00	0.00e+00	1.08e-05	2.65e-06	1.41e-06
 2.49191e+16	1.84e-05	1.23e-02	9.88e-01	5.51e-05	0.00e+00	0.00e+00	0.00e+00	0.00e+00	0.00e+00	1.34e-05	3.29e-06	1.75e-06
 2.74110e+16	2.35e-05	1.37e-02	9.86e-01	4.63e-05	0.00e+00	0.00e+00	0.00e+00	0.00e+00	0.00e+00	1.71e-05	4.22e-06	2.24e-06
 3.01521e+16	3.13e-05	1.55e-02	9.84e-01	3.98e-05	0.00e+00	0.00e+00	0.00e+00	0.00e+00	0.00e+00	2.27e-05	5.62e-06	2.98e-06
 3.31673e+16	4.36e-05	1.79e-02	9.82e-01	3.44e-05	0.00e+00	0.00e+00	0.00e+00	0.00e+00	0.00e+00	3.16e-05	7.85e-06	4.14e-06
 3.53599e+16	5.62e-05	2.00e-02	9.80e-01	3.10e-05	0.00e+00	0.00e+00	0.00e+00	0.00e+00	0.00e+00	4.07e-05	1.01e-05	5.34e-06
 3.63061e+16	6.30e-05	2.11e-02	9.79e-01	2.96e-05	0.00e+00	0.00e+00	0.00e+00	0.00e+00	0.00e+00	4.57e-05	1.13e-05	5.98e-06
 3.70719e+16	6.94e-05	2.20e-02	9.78e-01	2.85e-05	0.00e+00	0.00e+00	0.00e+00	0.00e+00	0.00e+00	5.03e-05	1.25e-05	6.58e-06
 3.80673e+16	7.88e-05	2.33e-02	9.77e-01	2.71e-05	0.00e+00	0.00e+00	0.00e+00	0.00e+00	0.00e+00	5.71e-05	1.42e-05	7.47e-06
 3.93614e+16	9.33e-05	2.52e-02	9.75e-01	2.53e-05	0.00e+00	0.00e+00	0.00e+00	0.00e+00	0.00e+00	6.76e-05	1.68e-05	8.84e-06
 4.07160e+16	1.12e-04	2.75e-02	9.72e-01	2.35e-05	0.00e+00	0.00e+00	0.00e+00	0.00e+00	0.00e+00	8.11e-05	2.01e-05	1.06e-05
 4.18367e+16	1.31e-04	2.96e-02	9.70e-01	2.20e-05	0.00e+00	0.00e+00	0.00e+00	0.00e+00	0.00e+00	9.48e-05	2.35e-05	1.24e-05
 4.28085e+16	1.50e-04	3.16e-02	9.68e-01	2.08e-05	0.00e+00	0.00e+00	0.00e+00	0.00e+00	0.00e+00	1.09e-04	2.71e-05	1.42e-05
 4.38993e+16	1.77e-04	3.42e-02	9.66e-01	1.95e-05	0.00e+00	0.00e+00	0.00e+00	0.00e+00	0.00e+00	1.28e-04	3.18e-05	1.67e-05
 4.50849e+16	2.12e-04	3.74e-02	9.62e-01	1.81e-05	0.00e+00	0.00e+00	0.00e+00	0.00e+00	0.00e+00	1.53e-04	3.81e-05	2.00e-05
 4.61267e+16	2.49e-04	4.06e-02	9.59e-01	1.68e-05	0.00e+00	0.00e+00	0.00e+00	0.00e+00	0.00e+00	1.81e-04	4.49e-05	2.36e-05
 4.70386e+16	2.89e-04	4.37e-02	9.56e-01	1.58e-05	0.00e+00	0.00e+00	0.00e+00	0.00e+00	0.00e+00	2.10e-04	5.21e-05	2.73e-05
 4.80487e+16	3.43e-04	4.76e-02	9.52e-01	1.46e-05	0.00e+00	0.00e+00	0.00e+00	0.00e+00	0.00e+00	2.49e-04	6.17e-05	3.23e-05
 4.91416e+16	4.14e-04	5.24e-02	9.47e-01	1.35e-05	0.00e+00	0.00e+00	0.00e+00	0.00e+00	0.00e+00	3.01e-04	7.46e-05	3.91e-05
 5.00911e+16	4.92e-04	5.72e-02	9.42e-01	1.24e-05	0.00e+00	0.00e+00	0.00e+00	0.00e+00	0.00e+00	3.57e-04	8.86e-05	4.64e-05
 5.09172e+16	5.74e-04	6.19e-02	9.37e-01	1.16e-05	0.00e+00	0.00e+00	0.00e+00	0.00e+00	0.00e+00	4.16e-04	1.03e-04	5.40e-05
 5.18335e+16	6.86e-04	6.79e-02	9.31e-01	1.06e-05	0.00e+00	0.00e+00	0.00e+00	0.00e+00	0.00e+00	4.98e-04	1.23e-04	6.46e-05
 5.28263e+16	8.39e-04	7.54e-02	9.24e-01	9.58e-06	0.00e+00	0.00e+00	0.00e+00	0.00e+00	0.00e+00	6.09e-04	1.51e-04	7.89e-05
 5.36942e+16	1.01e-03	8.29e-02	9.16e-01	8.73e-06	0.00e+00	0.00e+00	0.00e+00	0.00e+00	0.00e+00	7.30e-04	1.81e-04	9.45e-05
 5.44570e+16	1.19e-03	9.05e-02	9.08e-01	8.02e-06	0.00e+00	0.00e+00	0.00e+00	0.00e+00	0.00e+00	8.61e-04	2.13e-04	1.11e-04
 5.53075e+16	1.44e-03	1.00e-01	8.98e-01	7.23e-06	0.00e+00	0.00e+00	0.00e+00	0.00e+00	0.00e+00	1.04e-03	2.59e-04	1.35e-04
 5.62257e+16	1.79e-03	1.12e-01	8.86e-01	6.41e-06	0.00e+00	0.00e+00	0.00e+00	0.00e+00	0.00e+00	1.30e-03	3.21e-04	1.67e-04
 5.70178e+16	2.17e-03	1.24e-01	8.73e-01	5.73e-06	0.00e+00	0.00e+00	0.00e+00	0.00e+00	0.00e+00	1.58e-03	3.90e-04	2.03e-04
 5.76970e+16	2.58e-03	1.37e-01	8.61e-01	5.14e-06	0.00e+00	0.00e+00	0.00e+00	0.00e+00	0.00e+00	1.88e-03	4.64e-04	2.42e-04
 5.84433e+16	3.16e-03	1.52e-01	8.45e-01	4.56e-06	0.00e+00	0.00e+00	0.00e+00	0.00e+00	0.00e+00	2.29e-03	5.67e-04	2.96e-04
 5.92435e+16	3.95e-03	1.71e-01	8.25e-01	3.94e-06	0.00e+00	0.00e+00	0.00e+00	0.00e+00	0.00e+00	2.87e-03	7.09e-04	3.70e-04
 5.99243e+16	4.82e-03	1.90e-01	8.06e-01	3.46e-06	0.00e+00	0.00e+00	0.00e+00	0.00e+00	0.00e+00	3.50e-03	8.64e-04	4.50e-04
 6.05022e+16	5.73e-03	2.08e-01	7.87e-01	3.06e-06	0.00e+00	0.00e+00	0.00e+00	0.00e+00	0.00e+00	4.17e-03	1.03e-03	5.36e-04
 6.11360e+16	7.01e-03	2.30e-01	7.63e-01	2.63e-06	0.00e+00	0.00e+00	0.00e+00	0.00e+00	0.00e+00	5.10e-03	1.26e-03	6.55e-04
 6.18156e+16	8.77e-03	2.58e-01	7.33e-01	2.23e-06	0.00e+00	0.00e+00	0.00e+00	0.00e+00	0.00e+00	6.37e-03	1.57e-03	8.19e-04
 6.23938e+16	1.07e-02	2.85e-01	7.04e-01	1.88e-06	0.00e+00	0.00e+00	0.00e+00	0.00e+00	0.00e+00	7.78e-03	1.91e-03	9.98e-04
 6.28838e+16	1.27e-02	3.11e-01	6.76e-01	1.63e-06	0.00e+00	0.00e+00	0.00e+00	0.00e+00	0.00e+00	9.28e-03	2.28e-03	1.19e-03
 6.34203e+16	1.56e-02	3.43e-01	6.41e-01	1.35e-06	0.00e+00	0.00e+00	0.00e+00	0.00e+00	0.00e+00	1.13e-02	2.77e-03	1.45e-03
 6.39987e+16	1.94e-02	3.81e-01	6.00e-01	1.09e-06	0.00e+00	0.00e+00	0.00e+00	0.00e+00	0.00e+00	1.41e-02	3.46e-03	1.81e-03
 6.44955e+16	2.37e-02	4.17e-01	5.59e-01	8.82e-07	0.00e+00	0.00e+00	0.00e+00	0.00e+00	0.00e+00	1.72e-02	4.21e-03	2.20e-03
 6.49195e+16	2.82e-02	4.50e-01	5.22e-01	7.23e-07	0.00e+00	0.00e+00	0.00e+00	0.00e+00	0.00e+00	2.05e-02	5.00e-03	2.62e-03
 6.53851e+16	3.42e-02	4.89e-01	4.77e-01	5.63e-07	0.00e+00	0.00e+00	0.00e+00	0.00e+00	0.00e+00	2.50e-02	6.06e-03	3.18e-03
 6.58925e+16	4.27e-02	5.33e-01	4.25e-01	4.19e-07	0.00e+00	0.00e+00	0.00e+00	0.00e+00	0.00e+00	3.12e-02	7.54e-03	3.97e-03
 6.63342e+16	5.22e-02	5.72e-01	3.75e-01	3.13e-07	0.00e+00	0.00e+00	0.00e+00	0.00e+00	0.00e+00	3.81e-02	9.18e-03	4.84e-03
 6.66714e+16	6.07e-02	6.02e-01	3.37e-01	2.43e-07	0.00e+00	0.00e+00	0.00e+00	0.00e+00	0.00e+00	4.44e-02	1.06e-02	5.63e-03
 6.69395e+16	6.88e-02	6.25e-01	3.06e-01	1.95e-07	0.00e+00	0.00e+00	0.00e+00	0.00e+00	0.00e+00	5.03e-02	1.20e-02	6.37e-03
 6.72342e+16	7.88e-02	6.49e-01	2.72e-01	1.50e-07	0.00e+00	0.00e+00	0.00e+00	0.00e+00	0.00e+00	5.77e-02	1.37e-02	7.29e-03
 6.75567e+16	9.20e-02	6.73e-01	2.35e-01	0.00e+00	0.00e+00	0.00e+00	0.00e+00	0.00e+00	0.00e+00	6.75e-02	1.60e-02	8.50e-03
 6.78355e+16	1.05e-01	6.91e-01	2.04e-01	0.00e+00	0.00e+00	0.00e+00	0.00e+00	0.00e+00	0.00e+00	7.74e-02	1.82e-02	9.72e-03
 6.80636e+16	1.17e-01	7.03e-01	1.79e-01	0.00e+00	0.00e+00	0.00e+00	0.00e+00	0.00e+00	0.00e+00	8.62e-02	2.02e-02	1.08e-02
 6.83060e+16	1.32e-01	7.14e-01	1.54e-01	0.00e+00	0.00e+00	0.00e+00	0.00e+00	0.00e+00	0.00e+00	9.73e-02	2.26e-02	1.21e-02
 6.85669e+16	1.50e-01	7.21e-01	1.29e-01	0.00e+00	0.00e+00	0.00e+00	0.00e+00	0.00e+00	0.00e+00	1.11e-01	2.56e-02	1.38e-02
 6.87900e+16	1.68e-01	7.23e-01	1.09e-01	0.00e+00	0.00e+00	0.00e+00	0.00e+00	0.00e+00	0.00e+00	1.24e-01	2.83e-02	1.53e-02
 6.89798e+16	1.84e-01	7.22e-01	9.40e-02	0.00e+00	0.00e+00	0.00e+00	0.00e+00	0.00e+00	0.00e+00	1.36e-01	3.09e-02	1.68e-02
 6.91881e+16	2.04e-01	7.18e-01	7.83e-02	0.00e+00	0.00e+00	0.00e+00	0.00e+00	0.00e+00	0.00e+00	1.51e-01	3.40e-02	1.85e-02
 6.94112e+16	2.28e-01	7.09e-01	6.34e-02	0.00e+00	0.00e+00	0.00e+00	0.00e+00	0.00e+00	0.00e+00	1.69e-01	3.76e-02	2.06e-02
 6.96017e+16	2.50e-01	6.98e-01	5.22e-02	0.00e+00	0.00e+00	0.00e+00	0.00e+00	0.00e+00	0.00e+00	1.87e-01	4.09e-02	2.26e-02
 6.97645e+16	2.70e-01	6.86e-01	4.38e-02	0.00e+00	0.00e+00	0.00e+00	0.00e+00	0.00e+00	0.00e+00	2.02e-01	4.38e-02	2.43e-02
 6.99434e+16	2.95e-01	6.69e-01	3.55e-02	0.00e+00	0.00e+00	0.00e+00	0.00e+00	0.00e+00	0.00e+00	2.22e-01	4.73e-02	2.65e-02
 7.01374e+16	3.25e-01	6.48e-01	2.79e-02	0.00e+00	0.00e+00	0.00e+00	0.00e+00	0.00e+00	0.00e+00	2.44e-01	5.12e-02	2.89e-02
 7.03073e+16	3.52e-01	6.26e-01	2.23e-02	0.00e+00	0.00e+00	0.00e+00	0.00e+00	0.00e+00	0.00e+00	2.66e-01	5.47e-02	3.11e-02
 7.04577e+16	3.76e-01	6.05e-01	1.81e-02	0.00e+00	0.00e+00	0.00e+00	0.00e+00	0.00e+00	0.00e+00	2.85e-01	5.78e-02	3.31e-02
 7.06188e+16	4.06e-01	5.80e-01	1.42e-02	0.00e+00	0.00e+00	0.00e+00	0.00e+00	0.00e+00	0.00e+00	3.09e-01	6.12e-02	3.54e-02
 7.07914e+16	4.38e-01	5.51e-01	1.09e-02	0.00e+00	0.00e+00	0.00e+00	0.00e+00	0.00e+00	0.00e+00	3.36e-01	6.48e-02	3.78e-02
 7.09509e+16	4.70e-01	5.22e-01	8.36e-03	0.00e+00	0.00e+00	0.00e+00	0.00e+00	0.00e+00	0.00e+00	3.61e-01	6.79e-02	4.01e-02
 7.10903e+16	4.98e-01	4.96e-01	6.58e-03	0.00e+00	0.00e+00	0.00e+00	0.00e+00	0.00e+00	0.00e+00	3.85e-01	7.05e-02	4.21e-02
 7.12152e+16	5.23e-01	4.71e-01	5.26e-03	0.00e+00	0.00e+00	0.00e+00	0.00e+00	0.00e+00	0.00e+00	4.07e-01	7.27e-02	4.38e-02
 7.13340e+16	5.48e-01	4.48e-01	4.22e-03	0.00e+00	0.00e+00	0.00e+00	0.00e+00	0.00e+00	0.00e+00	4.28e-01	7.45e-02	4.53e-02
 7.14454e+16	5.71e-01	4.26e-01	3.41e-03	0.00e+00	0.00e+00	0.00e+00	0.00e+00	0.00e+00	0.00e+00	4.48e-01	7.61e-02	4.67e-02
 7.15469e+16	5.92e-01	4.05e-01	2.79e-03	0.00e+00	0.00e+00	0.00e+00	0.00e+00	0.00e+00	0.00e+00	4.67e-01	7.74e-02	4.80e-02
 7.16255e+16	6.08e-01	3.90e-01	2.39e-03	0.00e+00	0.00e+00	0.00e+00	0.00e+00	0.00e+00	0.00e+00	4.81e-01	7.82e-02	4.88e-02
 7.16791e+16	6.18e-01	3.80e-01	2.15e-03	0.00e+00	0.00e+00	0.00e+00	0.00e+00	0.00e+00	0.00e+00	4.90e-01	7.86e-02	4.93e-02
 7.17321e+16	6.28e-01	3.70e-01	1.93e-03	0.00e+00	0.00e+00	0.00e+00	0.00e+00	0.00e+00	0.00e+00	4.99e-01	7.90e-02	4.98e-02
 7.17953e+16	6.42e-01	3.57e-01	1.68e-03	0.00e+00	0.00e+00	0.00e+00	0.00e+00	0.00e+00	0.00e+00	5.12e-01	7.94e-02	5.04e-02
 7.18603e+16	6.55e-01	3.44e-01	1.46e-03	0.00e+00	0.00e+00	0.00e+00	0.00e+00	0.00e+00	0.00e+00	5.24e-01	7.98e-02	5.10e-02
 7.19189e+16	6.66e-01	3.32e-01	1.29e-03	0.00e+00	0.00e+00	0.00e+00	0.00e+00	0.00e+00	0.00e+00	5.35e-01	8.00e-02	5.14e-02
 7.19742e+16	6.78e-01	3.21e-01	1.14e-03	0.00e+00	0.00e+00	0.00e+00	0.00e+00	0.00e+00	0.00e+00	5.46e-01	8.01e-02	5.18e-02
 7.20304e+16	6.89e-01	3.10e-01	1.00e-03	0.00e+00	0.00e+00	0.00e+00	0.00e+00	0.00e+00	0.00e+00	5.56e-01	8.02e-02	5.22e-02
 7.20878e+16	7.00e-01	2.99e-01	8.75e-04	0.00e+00	0.00e+00	0.00e+00	0.00e+00	0.00e+00	0.00e+00	5.68e-01	8.02e-02	5.25e-02
 7.21440e+16	7.11e-01	2.88e-01	7.67e-04	0.00e+00	0.00e+00	0.00e+00	0.00e+00	0.00e+00	0.00e+00	5.78e-01	8.02e-02	5.28e-02
 7.21987e+16	7.22e-01	2.77e-01	6.73e-04	0.00e+00	0.00e+00	0.00e+00	0.00e+00	0.00e+00	0.00e+00	5.89e-01	8.01e-02	5.30e-02
 7.22527e+16	7.32e-01	2.67e-01	5.91e-04	0.00e+00	0.00e+00	0.00e+00	0.00e+00	0.00e+00	0.00e+00	5.99e-01	7.99e-02	5.32e-02
 7.23064e+16	7.42e-01	2.57e-01	5.18e-04	0.00e+00	0.00e+00	0.00e+00	0.00e+00	0.00e+00	0.00e+00	6.09e-01	7.96e-02	5.34e-02
 7.23604e+16	7.52e-01	2.48e-01	4.53e-04	0.00e+00	0.00e+00	0.00e+00	0.00e+00	0.00e+00	0.00e+00	6.19e-01	7.94e-02	5.35e-02
 7.24142e+16	7.62e-01	2.38e-01	3.95e-04	0.00e+00	0.00e+00	0.00e+00	0.00e+00	0.00e+00	0.00e+00	6.29e-01	7.90e-02	5.36e-02
 7.24673e+16	7.71e-01	2.28e-01	3.45e-04	0.00e+00	0.00e+00	0.00e+00	0.00e+00	0.00e+00	0.00e+00	6.39e-01	7.86e-02	5.36e-02
 7.25188e+16	7.80e-01	2.20e-01	3.02e-04	0.00e+00	0.00e+00	0.00e+00	0.00e+00	0.00e+00	0.00e+00	6.48e-01	7.81e-02	5.36e-02
 7.25700e+16	7.89e-01	2.11e-01	2.64e-04	0.00e+00	0.00e+00	0.00e+00	0.00e+00	0.00e+00	0.00e+00	6.57e-01	7.77e-02	5.35e-02
 7.26220e+16	7.97e-01	2.02e-01	2.30e-04	0.00e+00	0.00e+00	0.00e+00	0.00e+00	0.00e+00	0.00e+00	6.67e-01	7.71e-02	5.35e-02
 7.26735e+16	8.06e-01	1.94e-01	2.01e-04	0.00e+00	0.00e+00	0.00e+00	0.00e+00	0.00e+00	0.00e+00	6.76e-01	7.65e-02	5.34e-02
 7.27237e+16	8.14e-01	1.86e-01	1.75e-04	0.00e+00	0.00e+00	0.00e+00	0.00e+00	0.00e+00	0.00e+00	6.85e-01	7.59e-02	5.32e-02
 7.27735e+16	8.21e-01	1.79e-01	1.53e-04	0.00e+00	0.00e+00	0.00e+00	0.00e+00	0.00e+00	0.00e+00	6.93e-01	7.53e-02	5.30e-02
 7.28237e+16	8.29e-01	1.71e-01	1.33e-04	0.00e+00	0.00e+00	0.00e+00	0.00e+00	0.00e+00	0.00e+00	7.01e-01	7.46e-02	5.28e-02
 7.28742e+16	8.36e-01	1.63e-01	1.15e-04	0.00e+00	0.00e+00	0.00e+00	0.00e+00	0.00e+00	0.00e+00	7.10e-01	7.39e-02	5.26e-02
 7.29229e+16	8.43e-01	1.57e-01	1.00e-04	0.00e+00	0.00e+00	0.00e+00	0.00e+00	0.00e+00	0.00e+00	7.18e-01	7.32e-02	5.23e-02
 7.29706e+16	8.50e-01	1.50e-01	8.75e-05	0.00e+00	0.00e+00	0.00e+00	0.00e+00	0.00e+00	0.00e+00	7.25e-01	7.25e-02	5.21e-02
 7.30194e+16	8.56e-01	1.44e-01	7.59e-05	0.00e+00	0.00e+00	0.00e+00	0.00e+00	0.00e+00	0.00e+00	7.33e-01	7.17e-02	5.18e-02
 7.30685e+16	8.63e-01	1.37e-01	6.57e-05	0.00e+00	0.00e+00	0.00e+00	0.00e+00	0.00e+00	0.00e+00	7.40e-01	7.10e-02	5.14e-02
 7.31160e+16	8.69e-01	1.31e-01	5.71e-05	0.00e+00	0.00e+00	0.00e+00	0.00e+00	0.00e+00	0.00e+00	7.47e-01	7.02e-02	5.11e-02
 7.31616e+16	8.74e-01	1.26e-01	4.99e-05	0.00e+00	0.00e+00	0.00e+00	0.00e+00	0.00e+00	0.00e+00	7.54e-01	6.95e-02	5.08e-02
 7.32072e+16	8.80e-01	1.20e-01	4.35e-05	0.00e+00	0.00e+00	0.00e+00	0.00e+00	0.00e+00	0.00e+00	7.60e-01	6.88e-02	5.04e-02
 7.32531e+16	8.85e-01	1.15e-01	3.78e-05	0.00e+00	0.00e+00	0.00e+00	0.00e+00	0.00e+00	0.00e+00	7.67e-01	6.80e-02	5.01e-02
 7.32979e+16	8.90e-01	1.10e-01	3.30e-05	0.00e+00	0.00e+00	0.00e+00	0.00e+00	0.00e+00	0.00e+00	7.73e-01	6.72e-02	4.97e-02
 7.33416e+16	8.95e-01	1.05e-01	2.89e-05	0.00e+00	0.00e+00	0.00e+00	0.00e+00	0.00e+00	0.00e+00	7.79e-01	6.65e-02	4.93e-02
 7.33849e+16	8.99e-01	1.01e-01	2.52e-05	0.00e+00	0.00e+00	0.00e+00	0.00e+00	0.00e+00	0.00e+00	7.84e-01	6.58e-02	4.89e-02
 7.34277e+16	9.03e-01	9.67e-02	2.21e-05	0.00e+00	0.00e+00	0.00e+00	0.00e+00	0.00e+00	0.00e+00	7.90e-01	6.51e-02	4.86e-02
 7.34696e+16	9.07e-01	9.26e-02	1.94e-05	0.00e+00	0.00e+00	0.00e+00	0.00e+00	0.00e+00	0.00e+00	7.95e-01	6.44e-02	4.82e-02
 7.35111e+16	9.11e-01	8.88e-02	1.70e-05	0.00e+00	0.00e+00	0.00e+00	0.00e+00	0.00e+00	0.00e+00	8.00e-01	6.37e-02	4.78e-02
 7.35523e+16	9.15e-01	8.51e-02	1.49e-05	0.00e+00	0.00e+00	0.00e+00	0.00e+00	0.00e+00	0.00e+00	8.04e-01	6.31e-02	4.74e-02
 7.35926e+16	9.18e-01	8.15e-02	1.31e-05	0.00e+00	0.00e+00	0.00e+00	0.00e+00	0.00e+00	0.00e+00	8.09e-01	6.24e-02	4.71e-02
 7.36321e+16	9.22e-01	7.82e-02	1.15e-05	0.00e+00	0.00e+00	0.00e+00	0.00e+00	0.00e+00	0.00e+00	8.13e-01	6.18e-02	4.67e-02
 7.36714e+16	9.25e-01	7.50e-02	1.02e-05	0.00e+00	0.00e+00	0.00e+00	0.00e+00	0.00e+00	0.00e+00	8.18e-01	6.12e-02	4.63e-02
 7.37107e+16	9.28e-01	7.18e-02	8.93e-06	0.00e+00	0.00e+00	0.00e+00	0.00e+00	0.00e+00	0.00e+00	8.22e-01	6.05e-02	4.60e-02
 7.37491e+16	9.31e-01	6.89e-02	7.88e-06	0.00e+00	0.00e+00	0.00e+00	0.00e+00	0.00e+00	0.00e+00	8.26e-01	5.99e-02	4.56e-02
 7.37868e+16	9.34e-01	6.61e-02	6.96e-06	0.00e+00	0.00e+00	0.00e+00	0.00e+00	0.00e+00	0.00e+00	8.29e-01	5.94e-02	4.53e-02
 7.38242e+16	9.37e-01	6.35e-02	6.15e-06	0.00e+00	0.00e+00	0.00e+00	0.00e+00	0.00e+00	0.00e+00	8.33e-01	5.88e-02	4.49e-02
 7.38617e+16	9.39e-01	6.09e-02	5.43e-06	0.00e+00	0.00e+00	0.00e+00	0.00e+00	0.00e+00	0.00e+00	8.36e-01	5.83e-02	4.46e-02
 7.38988e+16	9.42e-01	5.84e-02	4.80e-06	0.00e+00	0.00e+00	0.00e+00	0.00e+00	0.00e+00	0.00e+00	8.40e-01	5.78e-02	4.43e-02
 7.39351e+16	9.44e-01	5.61e-02	4.25e-06	0.00e+00	0.00e+00	0.00e+00	0.00e+00	0.00e+00	0.00e+00	8.43e-01	5.72e-02	4.39e-02
 7.39707e+16	9.46e-01	5.39e-02	3.78e-06	0.00e+00	0.00e+00	0.00e+00	0.00e+00	0.00e+00	0.00e+00	8.46e-01	5.67e-02	4.36e-02
 7.40058e+16	9.48e-01	5.17e-02	3.36e-06	0.00e+00	0.00e+00	0.00e+00	0.00e+00	0.00e+00	0.00e+00	8.49e-01	5.62e-02	4.33e-02
 7.40412e+16	9.50e-01	4.97e-02	2.98e-06	0.00e+00	0.00e+00	0.00e+00	0.00e+00	0.00e+00	0.00e+00	8.52e-01	5.58e-02	4.29e-02
 7.40768e+16	9.52e-01	4.76e-02	2.64e-06	0.00e+00	0.00e+00	0.00e+00	0.00e+00	0.00e+00	0.00e+00	8.55e-01	5.53e-02	4.26e-02
 7.41115e+16	9.54e-01	4.57e-02	2.35e-06	0.00e+00	0.00e+00	0.00e+00	0.00e+00	0.00e+00	0.00e+00	8.57e-01	5.48e-02	4.22e-02
 7.41452e+16	9.56e-01	4.39e-02	2.09e-06	0.00e+00	0.00e+00	0.00e+00	0.00e+00	0.00e+00	0.00e+00	8.60e-01	5.44e-02	4.19e-02
 7.41791e+16	9.58e-01	4.22e-02	1.86e-06	0.00e+00	0.00e+00	0.00e+00	0.00e+00	0.00e+00	0.00e+00	8.62e-01	5.39e-02	4.16e-02
 7.42132e+16	9.59e-01	4.06e-02	1.66e-06	0.00e+00	0.00e+00	0.00e+00	0.00e+00	0.00e+00	0.00e+00	8.65e-01	5.35e-02	4.13e-02
 7.42466e+16	9.61e-01	3.89e-02	1.48e-06	0.00e+00	0.00e+00	0.00e+00	0.00e+00	0.00e+00	0.00e+00	8.67e-01	5.31e-02	4.10e-02
 7.42793e+16	9.63e-01	3.74e-02	1.32e-06	0.00e+00	0.00e+00	0.00e+00	0.00e+00	0.00e+00	0.00e+00	8.69e-01	5.27e-02	4.07e-02
 7.43118e+16	9.64e-01	3.60e-02	1.18e-06	0.00e+00	0.00e+00	0.00e+00	0.00e+00	0.00e+00	0.00e+00	8.71e-01	5.23e-02	4.04e-02
 7.43446e+16	9.65e-01	3.45e-02	1.05e-06	0.00e+00	0.00e+00	0.00e+00	0.00e+00	0.00e+00	0.00e+00	8.73e-01	5.20e-02	4.01e-02
 7.43770e+16	9.67e-01	3.31e-02	9.43e-07	0.00e+00	0.00e+00	0.00e+00	0.00e+00	0.00e+00	0.00e+00	8.75e-01	5.16e-02	3.98e-02
 7.44087e+16	9.68e-01	3.18e-02	8.44e-07	0.00e+00	0.00e+00	0.00e+00	0.00e+00	0.00e+00	0.00e+00	8.77e-01	5.12e-02	3.95e-02
 7.44398e+16	9.69e-01	3.06e-02	7.58e-07	0.00e+00	0.00e+00	0.00e+00	0.00e+00	0.00e+00	0.00e+00	8.79e-01	5.09e-02	3.92e-02
 7.44708e+16	9.71e-01	2.94e-02	6.81e-07	0.00e+00	0.00e+00	0.00e+00	0.00e+00	0.00e+00	0.00e+00	8.81e-01	5.05e-02	3.90e-02
 7.45019e+16	9.72e-01	2.82e-02	6.11e-07	0.00e+00	0.00e+00	0.00e+00	0.00e+00	0.00e+00	0.00e+00	8.83e-01	5.02e-02	3.87e-02
 7.45326e+16	9.73e-01	2.70e-02	5.48e-07	0.00e+00	0.00e+00	0.00e+00	0.00e+00	0.00e+00	0.00e+00	8.85e-01	4.99e-02	3.85e-02
 7.45627e+16	9.74e-01	2.60e-02	4.94e-07	0.00e+00	0.00e+00	0.00e+00	0.00e+00	0.00e+00	0.00e+00	8.86e-01	4.96e-02	3.82e-02
 7.45923e+16	9.75e-01	2.49e-02	4.45e-07	0.00e+00	0.00e+00	0.00e+00	0.00e+00	0.00e+00	0.00e+00	8.88e-01	4.93e-02	3.80e-02
 7.46217e+16	9.76e-01	2.39e-02	4.01e-07	0.00e+00	0.00e+00	0.00e+00	0.00e+00	0.00e+00	0.00e+00	8.89e-01	4.90e-02	3.77e-02
 7.46509e+16	9.77e-01	2.30e-02	3.63e-07	0.00e+00	0.00e+00	0.00e+00	0.00e+00	0.00e+00	0.00e+00	8.91e-01	4.87e-02	3.75e-02
 7.46785e+16	9.78e-01	2.21e-02	3.29e-07	0.00e+00	0.00e+00	0.00e+00	0.00e+00	0.00e+00	0.00e+00	8.92e-01	4.84e-02	3.73e-02
 7.47029e+16	9.79e-01	2.13e-02	3.03e-07	0.00e+00	0.00e+00	0.00e+00	0.00e+00	0.00e+00	0.00e+00	8.93e-01	4.82e-02	3.71e-02
 7.47247e+16	9.79e-01	2.07e-02	2.81e-07	0.00e+00	0.00e+00	0.00e+00	0.00e+00	0.00e+00	0.00e+00	8.94e-01	4.80e-02	3.69e-02
 7.47450e+16	9.80e-01	2.01e-02	2.63e-07	0.00e+00	0.00e+00	0.00e+00	0.00e+00	0.00e+00	0.00e+00	8.95e-01	4.78e-02	3.68e-02
 7.47642e+16	9.80e-01	1.96e-02	2.46e-07	0.00e+00	0.00e+00	0.00e+00	0.00e+00	0.00e+00	0.00e+00	8.96e-01	4.76e-02	3.66e-02
 7.47824e+16	9.81e-01	1.91e-02	2.31e-07	0.00e+00	0.00e+00	0.00e+00	0.00e+00	0.00e+00	0.00e+00	8.97e-01	4.74e-02	3.65e-02
 7.47993e+16	9.81e-01	1.86e-02	2.18e-07	0.00e+00	0.00e+00	0.00e+00	0.00e+00	0.00e+00	0.00e+00	8.98e-01	4.73e-02	3.63e-02
 7.48147e+16	9.82e-01	1.82e-02	2.07e-07	0.00e+00	0.00e+00	0.00e+00	0.00e+00	0.00e+00	0.00e+00	8.99e-01	4.71e-02	3.62e-02
 7.48289e+16	9.82e-01	1.78e-02	1.97e-07	0.00e+00	0.00e+00	0.00e+00	0.00e+00	0.00e+00	0.00e+00	8.99e-01	4.70e-02	3.61e-02
 7.48424e+16	9.83e-01	1.74e-02	1.89e-07	0.00e+00	0.00e+00	0.00e+00	0.00e+00	0.00e+00	0.00e+00	9.00e-01	4.68e-02	3.60e-02
 7.48553e+16	9.83e-01	1.70e-02	1.80e-07	0.00e+00	0.00e+00	0.00e+00	0.00e+00	0.00e+00	0.00e+00	9.00e-01	4.67e-02	3.58e-02
 7.48676e+16	9.83e-01	1.67e-02	1.73e-07	0.00e+00	0.00e+00	0.00e+00	0.00e+00	0.00e+00	0.00e+00	9.01e-01	4.66e-02	3.57e-02
 7.48792e+16	9.84e-01	1.64e-02	1.66e-07	0.00e+00	0.00e+00	0.00e+00	0.00e+00	0.00e+00	0.00e+00	9.02e-01	4.64e-02	3.56e-02
 7.48901e+16	9.84e-01	1.61e-02	1.60e-07	0.00e+00	0.00e+00	0.00e+00	0.00e+00	0.00e+00	0.00e+00	9.02e-01	4.63e-02	3.55e-02
 7.49004e+16	9.84e-01	1.58e-02	1.54e-07	0.00e+00	0.00e+00	0.00e+00	0.00e+00	0.00e+00	0.00e+00	9.03e-01	4.62e-02	3.54e-02
 7.49104e+16	9.84e-01	1.55e-02	1.49e-07	0.00e+00	0.00e+00	0.00e+00	0.00e+00	0.00e+00	0.00e+00	9.03e-01	4.61e-02	3.53e-02
 7.49198e+16	9.85e-01	1.52e-02	1.44e-07	0.00e+00	0.00e+00	0.00e+00	0.00e+00	0.00e+00	0.00e+00	9.04e-01	4.59e-02	3.52e-02
 7.49289e+16	9.85e-01	1.50e-02	1.40e-07	0.00e+00	0.00e+00	0.00e+00	0.00e+00	0.00e+00	0.00e+00	9.04e-01	4.58e-02	3.51e-02
 7.49377e+16	9.85e-01	1.47e-02	1.36e-07	0.00e+00	0.00e+00	0.00e+00	0.00e+00	0.00e+00	0.00e+00	9.05e-01	4.57e-02	3.50e-02
 7.49462e+16	9.86e-01	1.45e-02	1.32e-07	0.00e+00	0.00e+00	0.00e+00	0.00e+00	0.00e+00	0.00e+00	9.05e-01	4.56e-02	3.49e-02
 7.49544e+16	9.86e-01	1.42e-02	1.28e-07	0.00e+00	0.00e+00	0.00e+00	0.00e+00	0.00e+00	0.00e+00	9.05e-01	4.55e-02	3.48e-02
 7.49625e+16	9.86e-01	1.40e-02	1.24e-07	0.00e+00	0.00e+00	0.00e+00	0.00e+00	0.00e+00	0.00e+00	9.06e-01	4.54e-02	3.47e-02
 7.49703e+16	9.86e-01	1.38e-02	1.21e-07	0.00e+00	0.00e+00	0.00e+00	0.00e+00	0.00e+00	0.00e+00	9.06e-01	4.53e-02	3.46e-02
 7.49782e+16	9.86e-01	1.35e-02	1.17e-07	0.00e+00	0.00e+00	0.00e+00	0.00e+00	0.00e+00	0.00e+00	9.07e-01	4.51e-02	3.45e-02
 7.49862e+16	9.87e-01	1.33e-02	1.14e-07	0.00e+00	0.00e+00	0.00e+00	0.00e+00	0.00e+00	0.00e+00	9.07e-01	4.50e-02	3.44e-02
 7.49942e+16	9.87e-01	1.30e-02	1.10e-07	0.00e+00	0.00e+00	0.00e+00	0.00e+00	0.00e+00	0.00e+00	9.08e-01	4.49e-02	3.43e-02
 7.50025e+16	9.87e-01	1.28e-02	1.07e-07	0.00e+00	0.00e+00	0.00e+00	0.00e+00	0.00e+00	0.00e+00	9.08e-01	4.47e-02	3.42e-02
 7.50113e+16	9.88e-01	1.25e-02	1.03e-07	0.00e+00	0.00e+00	0.00e+00	0.00e+00	0.00e+00	0.00e+00	9.09e-01	4.46e-02	3.40e-02
 7.50210e+16	9.88e-01	1.21e-02	9.96e-08	0.00e+00	0.00e+00	0.00e+00	0.00e+00	0.00e+00	0.00e+00	9.10e-01	4.44e-02	3.39e-02
 7.50303e+16	9.88e-01	1.18e-02	9.60e-08	0.00e+00	0.00e+00	0.00e+00	0.00e+00	0.00e+00	0.00e+00	9.10e-01	4.42e-02	3.37e-02
 7.50386e+16	9.88e-01	1.15e-02	9.28e-08	0.00e+00	0.00e+00	0.00e+00	0.00e+00	0.00e+00	0.00e+00	9.11e-01	4.40e-02	3.35e-02
 7.50462e+16	9.89e-01	1.13e-02	9.00e-08	0.00e+00	0.00e+00	0.00e+00	0.00e+00	0.00e+00	0.00e+00	9.11e-01	4.39e-02	3.34e-02
 7.50535e+16	9.89e-01	1.10e-02	8.73e-08	0.00e+00	0.00e+00	0.00e+00	0.00e+00	0.00e+00	0.00e+00	9.12e-01	4.37e-02	3.32e-02
 7.50606e+16	9.89e-01	1.07e-02	8.47e-08	0.00e+00	0.00e+00	0.00e+00	0.00e+00	0.00e+00	0.00e+00	9.13e-01	4.36e-02	3.31e-02
 7.50673e+16	9.89e-01	1.05e-02	8.23e-08	0.00e+00	0.00e+00	0.00e+00	0.00e+00	0.00e+00	0.00e+00	9.13e-01	4.34e-02	3.29e-02
 7.50734e+16	9.90e-01	1.03e-02	8.02e-08	0.00e+00	0.00e+00	0.00e+00	0.00e+00	0.00e+00	0.00e+00	9.14e-01	4.32e-02	3.28e-02
 7.50789e+16	9.90e-01	1.01e-02	7.83e-08	0.00e+00	0.00e+00	0.00e+00	0.00e+00	0.00e+00	0.00e+00	9.14e-01	4.31e-02	3.27e-02
 7.50839e+16	9.90e-01	9.94e-03	7.65e-08	0.00e+00	0.00e+00	0.00e+00	0.00e+00	0.00e+00	0.00e+00	9.15e-01	4.30e-02	3.26e-02
 7.50885e+16	9.90e-01	9.79e-03	7.50e-08	0.00e+00	0.00e+00	0.00e+00	0.00e+00	0.00e+00	0.00e+00	9.15e-01	4.29e-02	3.25e-02
 7.50927e+16	9.90e-01	9.66e-03	7.36e-08	0.00e+00	0.00e+00	0.00e+00	0.00e+00	0.00e+00	0.00e+00	9.15e-01	4.28e-02	3.24e-02
 7.50973e+16	9.91e-01	9.50e-03	7.19e-08	0.00e+00	0.00e+00	0.00e+00	0.00e+00	0.00e+00	0.00e+00	9.16e-01	4.26e-02	3.22e-02
 7.51022e+16	9.91e-01	9.33e-03	7.03e-08	0.00e+00	0.00e+00	0.00e+00	0.00e+00	0.00e+00	0.00e+00	9.16e-01	4.24e-02	3.21e-02
 7.51067e+16	9.91e-01	9.19e-03	6.88e-08	0.00e+00	0.00e+00	0.00e+00	0.00e+00	0.00e+00	0.00e+00	9.17e-01	4.23e-02	3.20e-02
 7.51108e+16	9.91e-01	9.08e-03	6.75e-08	0.00e+00	0.00e+00	0.00e+00	0.00e+00	0.00e+00	0.00e+00	9.17e-01	4.22e-02	3.19e-02
 7.51153e+16	9.91e-01	8.92e-03	6.60e-08	0.00e+00	0.00e+00	0.00e+00	0.00e+00	0.00e+00	0.00e+00	9.17e-01	4.20e-02	3.18e-02
 7.51201e+16	9.91e-01	8.77e-03	6.44e-08	0.00e+00	0.00e+00	0.00e+00	0.00e+00	0.00e+00	0.00e+00	9.18e-01	4.19e-02	3.16e-02
 7.51245e+16	9.91e-01	8.63e-03	6.30e-08	0.00e+00	0.00e+00	0.00e+00	0.00e+00	0.00e+00	0.00e+00	9.18e-01	4.17e-02	3.15e-02
 7.51285e+16	9.91e-01	8.52e-03	6.18e-08	0.00e+00	0.00e+00	0.00e+00	0.00e+00	0.00e+00	0.00e+00	9.18e-01	4.16e-02	3.14e-02
 7.51329e+16	9.92e-01	8.37e-03	6.03e-08	0.00e+00	0.00e+00	0.00e+00	0.00e+00	0.00e+00	0.00e+00	9.19e-01	4.14e-02	3.13e-02
 7.51376e+16	9.92e-01	8.23e-03	5.88e-08	0.00e+00	0.00e+00	0.00e+00	0.00e+00	0.00e+00	0.00e+00	9.19e-01	4.13e-02	3.12e-02
 7.51420e+16	9.92e-01	8.13e-03	5.76e-08	0.00e+00	0.00e+00	0.00e+00	0.00e+00	0.00e+00	0.00e+00	9.20e-01	4.12e-02	3.11e-02
 7.51467e+16	9.92e-01	8.01e-03	5.62e-08	0.00e+00	0.00e+00	0.00e+00	0.00e+00	0.00e+00	0.00e+00	9.20e-01	4.11e-02	3.10e-02
 7.51528e+16	9.92e-01	7.86e-03	5.45e-08	0.00e+00	0.00e+00	0.00e+00	0.00e+00	0.00e+00	0.00e+00	9.20e-01	4.09e-02	3.08e-02
 7.51595e+16	9.92e-01	7.70e-03	5.27e-08	0.00e+00	0.00e+00	0.00e+00	0.00e+00	0.00e+00	0.00e+00	9.21e-01	4.07e-02	3.07e-02
 7.51655e+16	9.92e-01	7.54e-03	5.10e-08	0.00e+00	0.00e+00	0.00e+00	0.00e+00	0.00e+00	0.00e+00	9.21e-01	4.06e-02	3.05e-02
 7.51710e+16	9.93e-01	7.41e-03	4.95e-08	0.00e+00	0.00e+00	0.00e+00	0.00e+00	0.00e+00	0.00e+00	9.22e-01	4.04e-02	3.04e-02
 7.51760e+16	9.93e-01	7.28e-03	4.82e-08	0.00e+00	0.00e+00	0.00e+00	0.00e+00	0.00e+00	0.00e+00	9.22e-01	4.03e-02	3.03e-02
