#depth	O	O+	O+2	O+3	O+4	O+5	O+6	O+7	O+8	O[1]	O[2]	O[3]
 1.13134e+11	8.81e-05	5.84e-02	9.40e-01	1.19e-03	0.00e+00	0.00e+00	0.00e+00	0.00e+00	0.00e+00	6.73e-05	1.42e-05	6.61e-06
 6.78805e+11	8.81e-05	5.85e-02	9.40e-01	1.19e-03	0.00e+00	0.00e+00	0.00e+00	0.00e+00	0.00e+00	6.73e-05	1.42e-05	6.62e-06
 2.94149e+12	8.85e-05	5.87e-02	9.40e-01	1.17e-03	0.00e+00	0.00e+00	0.00e+00	0.00e+00	0.00e+00	6.76e-05	1.42e-05	6.65e-06
 1.19922e+13	8.93e-05	5.91e-02	9.40e-01	1.09e-03	0.00e+00	0.00e+00	0.00e+00	0.00e+00	0.00e+00	6.82e-05	1.44e-05	6.71e-06
 2.86456e+13	8.94e-05	5.98e-02	9.39e-01	9.80e-04	0.00e+00	0.00e+00	0.00e+00	0.00e+00	0.00e+00	6.83e-05	1.44e-05	6.74e-06
 5.02949e+13	8.99e-05	6.06e-02	9.38e-01	8.55e-04	0.00e+00	0.00e+00	0.00e+00	0.00e+00	0.00e+00	6.86e-05	1.44e-05	6.81e-06
 7.84391e+13	9.08e-05	6.17e-02	9.38e-01	7.15e-04	0.00e+00	0.00e+00	0.00e+00	0.00e+00	0.00e+00	6.93e-05	1.46e-05	6.90e-06
 1.15026e+14	9.24e-05	6.32e-02	9.36e-01	5.67e-04	0.00e+00	0.00e+00	0.00e+00	0.00e+00	0.00e+00	7.05e-05	1.48e-05	7.04e-06
 1.62590e+14	9.43e-05	6.52e-02	9.34e-01	4.20e-04	0.00e+00	0.00e+00	0.00e+00	0.00e+00	0.00e+00	7.20e-05	1.51e-05	7.22e-06
 2.24423e+14	9.74e-05	6.80e-02	9.32e-01	2.85e-04	0.00e+00	0.00e+00	0.00e+00	0.00e+00	0.00e+00	7.44e-05	1.55e-05	7.47e-06
 3.04805e+14	1.02e-04	7.21e-02	9.28e-01	1.72e-04	0.00e+00	0.00e+00	0.00e+00	0.00e+00	0.00e+00	7.80e-05	1.62e-05	7.82e-06
 4.09303e+14	1.09e-04	7.80e-02	9.22e-01	8.97e-05	0.00e+00	0.00e+00	0.00e+00	0.00e+00	0.00e+00	8.34e-05	1.72e-05	8.35e-06
 5.45149e+14	1.19e-04	8.69e-02	9.13e-01	3.87e-05	0.00e+00	0.00e+00	0.00e+00	0.00e+00	0.00e+00	9.17e-05	1.87e-05	9.15e-06
 6.92551e+14	1.31e-04	9.81e-02	9.02e-01	1.58e-05	0.00e+00	0.00e+00	0.00e+00	0.00e+00	0.00e+00	1.01e-04	2.03e-05	1.00e-05
 8.54975e+14	1.50e-04	1.14e-01	8.86e-01	5.83e-06	0.00e+00	0.00e+00	0.00e+00	0.00e+00	0.00e+00	1.15e-04	2.31e-05	1.15e-05
 1.06613e+15	1.82e-04	1.39e-01	8.60e-01	1.62e-06	0.00e+00	0.00e+00	0.00e+00	0.00e+00	0.00e+00	1.40e-04	2.78e-05	1.39e-05
 1.27779e+15	2.20e-04	1.75e-01	8.25e-01	4.44e-07	0.00e+00	0.00e+00	0.00e+00	0.00e+00	0.00e+00	1.70e-04	3.34e-05	1.69e-05
 1.44208e+15	2.62e-04	2.13e-01	7.87e-01	1.63e-07	0.00e+00	0.00e+00	0.00e+00	0.00e+00	0.00e+00	2.02e-04	3.95e-05	2.01e-05
 1.56884e+15	3.03e-04	2.50e-01	7.49e-01	0.00e+00	0.00e+00	0.00e+00	0.00e+00	0.00e+00	0.00e+00	2.34e-04	4.57e-05	2.34e-05
 1.67792e+15	3.49e-04	2.91e-01	7.09e-01	0.00e+00	0.00e+00	0.00e+00	0.00e+00	0.00e+00	0.00e+00	2.69e-04	5.27e-05	2.70e-05
 1.80282e+15	4.16e-04	3.48e-01	6.51e-01	0.00e+00	0.00e+00	0.00e+00	0.00e+00	0.00e+00	0.00e+00	3.21e-04	6.29e-05	3.23e-05
 1.94085e+15	5.03e-04	4.27e-01	5.73e-01	0.00e+00	0.00e+00	0.00e+00	0.00e+00	0.00e+00	0.00e+00	3.88e-04	7.65e-05	3.93e-05
 2.06380e+15	5.97e-04	5.14e-01	4.86e-01	0.00e+00	0.00e+00	0.00e+00	0.00e+00	0.00e+00	0.00e+00	4.59e-04	9.13e-05	4.69e-05
 2.16957e+15	6.88e-04	6.00e-01	4.00e-01	0.00e+00	0.00e+00	0.00e+00	0.00e+00	0.00e+00	0.00e+00	5.28e-04	1.06e-04	5.44e-05
 2.28512e+15	7.98e-04	6.98e-01	3.01e-01	0.00e+00	0.00e+00	0.00e+00	0.00e+00	0.00e+00	0.00e+00	6.11e-04	1.24e-04	6.34e-05
 2.43533e+15	9.30e-04	8.15e-01	1.85e-01	0.00e+00	0.00e+00	0.00e+00	0.00e+00	0.00e+00	0.00e+00	7.11e-04	1.45e-04	7.42e-05
 2.60347e+15	1.04e-03	9.10e-01	8.92e-02	0.00e+00	0.00e+00	0.00e+00	0.00e+00	0.00e+00	0.00e+00	7.96e-04	1.63e-04	8.34e-05
 2.76378e+15	1.11e-03	9.60e-01	3.89e-02	0.00e+00	0.00e+00	0.00e+00	0.00e+00	0.00e+00	0.00e+00	8.52e-04	1.73e-04	8.91e-05
 2.91238e+15	1.17e-03	9.82e-01	1.68e-02	0.00e+00	0.00e+00	0.00e+00	0.00e+00	0.00e+00	0.00e+00	8.94e-04	1.80e-04	9.30e-05
 3.05139e+15	1.22e-03	9.91e-01	7.42e-03	0.00e+00	0.00e+00	0.00e+00	0.00e+00	0.00e+00	0.00e+00	9.35e-04	1.86e-04	9.64e-05
 3.18032e+15	1.27e-03	9.95e-01	3.37e-03	0.00e+00	0.00e+00	0.00e+00	0.00e+00	0.00e+00	0.00e+00	9.80e-04	1.92e-04	9.98e-05
 3.29764e+15	1.33e-03	9.97e-01	1.60e-03	0.00e+00	0.00e+00	0.00e+00	0.00e+00	0.00e+00	0.00e+00	1.03e-03	1.98e-04	1.04e-04
 3.40440e+15	1.40e-03	9.98e-01	7.93e-04	0.00e+00	0.00e+00	0.00e+00	0.00e+00	0.00e+00	0.00e+00	1.09e-03	2.05e-04	1.08e-04
 3.50155e+15	1.48e-03	9.98e-01	4.07e-04	0.00e+00	0.00e+00	0.00e+00	0.00e+00	0.00e+00	0.00e+00	1.16e-03	2.13e-04	1.13e-04
 3.58996e+15	1.57e-03	9.98e-01	2.17e-04	0.00e+00	0.00e+00	0.00e+00	0.00e+00	0.00e+00	0.00e+00	1.23e-03	2.21e-04	1.18e-04
 3.67042e+15	1.66e-03	9.98e-01	1.19e-04	0.00e+00	0.00e+00	0.00e+00	0.00e+00	0.00e+00	0.00e+00	1.30e-03	2.30e-04	1.22e-04
 3.74363e+15	1.74e-03	9.98e-01	6.78e-05	0.00e+00	0.00e+00	0.00e+00	0.00e+00	0.00e+00	0.00e+00	1.38e-03	2.38e-04	1.27e-04
 3.81025e+15	1.83e-03	9.98e-01	3.98e-05	0.00e+00	0.00e+00	0.00e+00	0.00e+00	0.00e+00	0.00e+00	1.45e-03	2.46e-04	1.32e-04
 3.87088e+15	1.91e-03	9.98e-01	2.41e-05	0.00e+00	0.00e+00	0.00e+00	0.00e+00	0.00e+00	0.00e+00	1.52e-03	2.52e-04	1.36e-04
 3.92605e+15	1.98e-03	9.98e-01	1.50e-05	0.00e+00	0.00e+00	0.00e+00	0.00e+00	0.00e+00	0.00e+00	1.58e-03	2.59e-04	1.40e-04
 3.97625e+15	2.04e-03	9.98e-01	9.67e-06	0.00e+00	0.00e+00	0.00e+00	0.00e+00	0.00e+00	0.00e+00	1.64e-03	2.64e-04	1.43e-04
 4.01611e+15	2.09e-03	9.98e-01	6.78e-06	0.00e+00	0.00e+00	0.00e+00	0.00e+00	0.00e+00	0.00e+00	1.68e-03	2.68e-04	1.46e-04
 4.04511e+15	2.12e-03	9.98e-01	5.20e-06	0.00e+00	0.00e+00	0.00e+00	0.00e+00	0.00e+00	0.00e+00	1.71e-03	2.70e-04	1.47e-04
 4.07514e+15	2.16e-03	9.98e-01	3.88e-06	0.00e+00	0.00e+00	0.00e+00	0.00e+00	0.00e+00	0.00e+00	1.74e-03	2.73e-04	1.49e-04
 4.11417e+15	2.20e-03	9.98e-01	2.64e-06	0.00e+00	0.00e+00	0.00e+00	0.00e+00	0.00e+00	0.00e+00	1.78e-03	2.76e-04	1.51e-04
 4.15607e+15	2.24e-03	9.98e-01	1.74e-06	0.00e+00	0.00e+00	0.00e+00	0.00e+00	0.00e+00	0.00e+00	1.81e-03	2.78e-04	1.52e-04
 4.19289e+15	2.27e-03	9.98e-01	1.19e-06	0.00e+00	0.00e+00	0.00e+00	0.00e+00	0.00e+00	0.00e+00	1.84e-03	2.80e-04	1.54e-04
 4.23195e+15	2.31e-03	9.98e-01	7.82e-07	0.00e+00	0.00e+00	0.00e+00	0.00e+00	0.00e+00	0.00e+00	1.87e-03	2.82e-04	1.55e-04
 4.28273e+15	2.34e-03	9.98e-01	4.48e-07	0.00e+00	0.00e+00	0.00e+00	0.00e+00	0.00e+00	0.00e+00	1.90e-03	2.84e-04	1.56e-04
 4.34874e+15	2.38e-03	9.98e-01	2.14e-07	0.00e+00	0.00e+00	0.00e+00	0.00e+00	0.00e+00	0.00e+00	1.94e-03	2.87e-04	1.58e-04
 4.43455e+15	2.43e-03	9.98e-01	8.07e-08	0.00e+00	0.00e+00	0.00e+00	0.00e+00	0.00e+00	0.00e+00	1.98e-03	2.90e-04	1.60e-04
 4.54611e+15	2.48e-03	9.98e-01	2.30e-08	0.00e+00	0.00e+00	0.00e+00	0.00e+00	0.00e+00	0.00e+00	2.02e-03	2.96e-04	1.63e-04
 4.69114e+15	2.55e-03	9.97e-01	4.66e-09	0.00e+00	0.00e+00	0.00e+00	0.00e+00	0.00e+00	0.00e+00	2.08e-03	3.05e-04	1.67e-04
 4.87968e+15	2.64e-03	9.97e-01	6.51e-10	0.00e+00	0.00e+00	0.00e+00	0.00e+00	0.00e+00	0.00e+00	2.15e-03	3.18e-04	1.73e-04
 5.12477e+15	2.76e-03	9.97e-01	7.72e-11	0.00e+00	0.00e+00	0.00e+00	0.00e+00	0.00e+00	0.00e+00	2.25e-03	3.36e-04	1.82e-04
 5.44340e+15	2.94e-03	9.97e-01	2.69e-11	0.00e+00	0.00e+00	0.00e+00	0.00e+00	0.00e+00	0.00e+00	2.38e-03	3.60e-04	1.93e-04
 5.84482e+15	3.17e-03	9.97e-01	2.40e-11	0.00e+00	0.00e+00	0.00e+00	0.00e+00	0.00e+00	0.00e+00	2.57e-03	3.96e-04	2.10e-04
 6.25295e+15	3.47e-03	9.97e-01	2.36e-11	0.00e+00	0.00e+00	0.00e+00	0.00e+00	0.00e+00	0.00e+00	2.80e-03	4.41e-04	2.30e-04
 6.60057e+15	3.76e-03	9.96e-01	2.33e-11	0.00e+00	0.00e+00	0.00e+00	0.00e+00	0.00e+00	0.00e+00	3.03e-03	4.87e-04	2.51e-04
 6.90308e+15	4.04e-03	9.96e-01	2.30e-11	0.00e+00	0.00e+00	0.00e+00	0.00e+00	0.00e+00	0.00e+00	3.24e-03	5.32e-04	2.71e-04
 7.17204e+15	4.31e-03	9.96e-01	2.27e-11	0.00e+00	0.00e+00	0.00e+00	0.00e+00	0.00e+00	0.00e+00	3.44e-03	5.76e-04	2.91e-04
 7.41516e+15	4.57e-03	9.95e-01	2.25e-11	0.00e+00	0.00e+00	0.00e+00	0.00e+00	0.00e+00	0.00e+00	3.63e-03	6.22e-04	3.11e-04
 7.63806e+15	4.82e-03	9.95e-01	2.22e-11	0.00e+00	0.00e+00	0.00e+00	0.00e+00	0.00e+00	0.00e+00	3.82e-03	6.67e-04	3.31e-04
 7.84529e+15	5.06e-03	9.95e-01	2.20e-11	0.00e+00	0.00e+00	0.00e+00	0.00e+00	0.00e+00	0.00e+00	4.00e-03	7.13e-04	3.51e-04
 8.03894e+15	5.31e-03	9.95e-01	2.17e-11	0.00e+00	0.00e+00	0.00e+00	0.00e+00	0.00e+00	0.00e+00	4.17e-03	7.60e-04	3.72e-04
 8.21956e+15	5.54e-03	9.94e-01	2.15e-11	0.00e+00	0.00e+00	0.00e+00	0.00e+00	0.00e+00	0.00e+00	4.34e-03	8.07e-04	3.92e-04
 8.38746e+15	5.77e-03	9.94e-01	2.12e-11	0.00e+00	0.00e+00	0.00e+00	0.00e+00	0.00e+00	0.00e+00	4.50e-03	8.55e-04	4.11e-04
 8.54457e+15	5.98e-03	9.94e-01	2.10e-11	0.00e+00	0.00e+00	0.00e+00	0.00e+00	0.00e+00	0.00e+00	4.65e-03	9.02e-04	4.31e-04
 8.69370e+15	6.20e-03	9.94e-01	2.08e-11	0.00e+00	0.00e+00	0.00e+00	0.00e+00	0.00e+00	0.00e+00	4.80e-03	9.49e-04	4.50e-04
 8.83577e+15	6.40e-03	9.94e-01	2.05e-11	0.00e+00	0.00e+00	0.00e+00	0.00e+00	0.00e+00	0.00e+00	4.94e-03	9.96e-04	4.70e-04
 8.97127e+15	6.60e-03	9.93e-01	2.03e-11	0.00e+00	0.00e+00	0.00e+00	0.00e+00	0.00e+00	0.00e+00	5.07e-03	1.04e-03	4.89e-04
 9.10088e+15	6.80e-03	9.93e-01	2.00e-11	0.00e+00	0.00e+00	0.00e+00	0.00e+00	0.00e+00	0.00e+00	5.20e-03	1.09e-03	5.08e-04
 9.22536e+15	6.99e-03	9.93e-01	1.98e-11	0.00e+00	0.00e+00	0.00e+00	0.00e+00	0.00e+00	0.00e+00	5.32e-03	1.14e-03	5.27e-04
 9.34512e+15	7.18e-03	9.93e-01	1.95e-11	0.00e+00	0.00e+00	0.00e+00	0.00e+00	0.00e+00	0.00e+00	5.45e-03	1.19e-03	5.46e-04
 9.46522e+15	7.36e-03	9.93e-01	1.92e-11	0.00e+00	0.00e+00	0.00e+00	0.00e+00	0.00e+00	0.00e+00	5.56e-03	1.24e-03	5.65e-04
 9.58253e+15	7.55e-03	9.92e-01	1.90e-11	0.00e+00	0.00e+00	0.00e+00	0.00e+00	0.00e+00	0.00e+00	5.68e-03	1.29e-03	5.85e-04
 9.69230e+15	7.73e-03	9.92e-01	1.87e-11	0.00e+00	0.00e+00	0.00e+00	0.00e+00	0.00e+00	0.00e+00	5.79e-03	1.34e-03	6.04e-04
 9.79930e+15	7.90e-03	9.92e-01	1.84e-11	0.00e+00	0.00e+00	0.00e+00	0.00e+00	0.00e+00	0.00e+00	5.89e-03	1.39e-03	6.23e-04
 9.90506e+15	8.07e-03	9.92e-01	1.81e-11	0.00e+00	0.00e+00	0.00e+00	0.00e+00	0.00e+00	0.00e+00	6.00e-03	1.44e-03	6.42e-04
 1.00097e+16	8.25e-03	9.92e-01	1.78e-11	0.00e+00	0.00e+00	0.00e+00	0.00e+00	0.00e+00	0.00e+00	6.10e-03	1.49e-03	6.61e-04
 1.01136e+16	8.43e-03	9.92e-01	1.75e-11	0.00e+00	0.00e+00	0.00e+00	0.00e+00	0.00e+00	0.00e+00	6.21e-03	1.54e-03	6.81e-04
 1.02172e+16	8.61e-03	9.91e-01	1.72e-11	0.00e+00	0.00e+00	0.00e+00	0.00e+00	0.00e+00	0.00e+00	6.33e-03	1.58e-03	7.01e-04
 1.03211e+16	8.80e-03	9.91e-01	1.69e-11	0.00e+00	0.00e+00	0.00e+00	0.00e+00	0.00e+00	0.00e+00	6.45e-03	1.63e-03	7.23e-04
 1.04258e+16	9.01e-03	9.91e-01	1.65e-11	0.00e+00	0.00e+00	0.00e+00	0.00e+00	0.00e+00	0.00e+00	6.59e-03	1.67e-03	7.45e-04
 1.05318e+16	9.22e-03	9.91e-01	1.61e-11	0.00e+00	0.00e+00	0.00e+00	0.00e+00	0.00e+00	0.00e+00	6.73e-03	1.72e-03	7.69e-04
 1.06396e+16	9.45e-03	9.91e-01	1.58e-11	0.00e+00	0.00e+00	0.00e+00	0.00e+00	0.00e+00	0.00e+00	6.88e-03	1.77e-03	7.94e-04
 1.07495e+16	9.69e-03	9.90e-01	1.54e-11	0.00e+00	0.00e+00	0.00e+00	0.00e+00	0.00e+00	0.00e+00	7.04e-03	1.83e-03	8.20e-04
 1.08611e+16	9.96e-03	9.90e-01	1.50e-11	0.00e+00	0.00e+00	0.00e+00	0.00e+00	0.00e+00	0.00e+00	7.22e-03	1.89e-03	8.49e-04
 1.09760e+16	1.02e-02	9.90e-01	1.45e-11	0.00e+00	0.00e+00	0.00e+00	0.00e+00	0.00e+00	0.00e+00	7.41e-03	1.95e-03	8.80e-04
 1.10955e+16	1.06e-02	9.89e-01	1.41e-11	0.00e+00	0.00e+00	0.00e+00	0.00e+00	0.00e+00	0.00e+00	7.63e-03	2.02e-03	9.14e-04
 1.12183e+16	1.09e-02	9.89e-01	1.36e-11	0.00e+00	0.00e+00	0.00e+00	0.00e+00	0.00e+00	0.00e+00	7.87e-03	2.10e-03	9.52e-04
 1.13443e+16	1.13e-02	9.89e-01	1.32e-11	0.00e+00	0.00e+00	0.00e+00	0.00e+00	0.00e+00	0.00e+00	8.13e-03	2.19e-03	9.92e-04
 1.14738e+16	1.17e-02	9.88e-01	1.27e-11	0.00e+00	0.00e+00	0.00e+00	0.00e+00	0.00e+00	0.00e+00	8.43e-03	2.28e-03	1.04e-03
 1.16069e+16	1.22e-02	9.88e-01	1.22e-11	0.00e+00	0.00e+00	0.00e+00	0.00e+00	0.00e+00	0.00e+00	8.76e-03	2.39e-03	1.09e-03
 1.17432e+16	1.28e-02	9.87e-01	1.17e-11	0.00e+00	0.00e+00	0.00e+00	0.00e+00	0.00e+00	0.00e+00	9.12e-03	2.51e-03	1.14e-03
 1.18826e+16	1.34e-02	9.87e-01	1.12e-11	0.00e+00	0.00e+00	0.00e+00	0.00e+00	0.00e+00	0.00e+00	9.53e-03	2.64e-03	1.20e-03
 1.20248e+16	1.40e-02	9.86e-01	1.07e-11	0.00e+00	0.00e+00	0.00e+00	0.00e+00	0.00e+00	0.00e+00	9.98e-03	2.78e-03	1.27e-03
 1.21693e+16	1.48e-02	9.85e-01	1.02e-11	0.00e+00	0.00e+00	0.00e+00	0.00e+00	0.00e+00	0.00e+00	1.05e-02	2.94e-03	1.35e-03
 1.23157e+16	1.56e-02	9.84e-01	9.75e-12	0.00e+00	0.00e+00	0.00e+00	0.00e+00	0.00e+00	0.00e+00	1.10e-02	3.12e-03	1.43e-03
 1.24635e+16	1.65e-02	9.83e-01	9.27e-12	0.00e+00	0.00e+00	0.00e+00	0.00e+00	0.00e+00	0.00e+00	1.17e-02	3.32e-03	1.53e-03
 1.26118e+16	1.75e-02	9.82e-01	8.80e-12	0.00e+00	0.00e+00	0.00e+00	0.00e+00	0.00e+00	0.00e+00	1.24e-02	3.55e-03	1.63e-03
 1.27601e+16	1.87e-02	9.81e-01	8.34e-12	0.00e+00	0.00e+00	0.00e+00	0.00e+00	0.00e+00	0.00e+00	1.31e-02	3.80e-03	1.75e-03
 1.29077e+16	2.00e-02	9.80e-01	7.89e-12	0.00e+00	0.00e+00	0.00e+00	0.00e+00	0.00e+00	0.00e+00	1.40e-02	4.08e-03	1.88e-03
 1.30541e+16	2.14e-02	9.79e-01	7.46e-12	0.00e+00	0.00e+00	0.00e+00	0.00e+00	0.00e+00	0.00e+00	1.50e-02	4.39e-03	2.02e-03
 1.31989e+16	2.29e-02	9.77e-01	7.05e-12	0.00e+00	0.00e+00	0.00e+00	0.00e+00	0.00e+00	0.00e+00	1.60e-02	4.73e-03	2.18e-03
 1.33415e+16	2.47e-02	9.75e-01	6.65e-12	0.00e+00	0.00e+00	0.00e+00	0.00e+00	0.00e+00	0.00e+00	1.72e-02	5.11e-03	2.36e-03
 1.34817e+16	2.67e-02	9.73e-01	6.27e-12	0.00e+00	0.00e+00	0.00e+00	0.00e+00	0.00e+00	0.00e+00	1.86e-02	5.54e-03	2.56e-03
 1.36192e+16	2.89e-02	9.71e-01	5.90e-12	0.00e+00	0.00e+00	0.00e+00	0.00e+00	0.00e+00	0.00e+00	2.01e-02	6.03e-03	2.79e-03
 1.37537e+16	3.14e-02	9.69e-01	5.55e-12	0.00e+00	0.00e+00	0.00e+00	0.00e+00	0.00e+00	0.00e+00	2.18e-02	6.58e-03	3.05e-03
 1.38853e+16	3.43e-02	9.66e-01	5.22e-12	0.00e+00	0.00e+00	0.00e+00	0.00e+00	0.00e+00	0.00e+00	2.38e-02	7.20e-03	3.34e-03
 1.40138e+16	3.76e-02	9.62e-01	4.90e-12	0.00e+00	0.00e+00	0.00e+00	0.00e+00	0.00e+00	0.00e+00	2.60e-02	7.92e-03	3.68e-03
 1.41391e+16	4.13e-02	9.59e-01	4.59e-12	0.00e+00	0.00e+00	0.00e+00	0.00e+00	0.00e+00	0.00e+00	2.85e-02	8.74e-03	4.07e-03
 1.42616e+16	4.57e-02	9.54e-01	4.30e-12	0.00e+00	0.00e+00	0.00e+00	0.00e+00	0.00e+00	0.00e+00	3.15e-02	9.70e-03	4.52e-03
 1.43813e+16	5.09e-02	9.49e-01	4.02e-12	0.00e+00	0.00e+00	0.00e+00	0.00e+00	0.00e+00	0.00e+00	3.50e-02	1.08e-02	5.05e-03
 1.44986e+16	5.71e-02	9.43e-01	3.76e-12	0.00e+00	0.00e+00	0.00e+00	0.00e+00	0.00e+00	0.00e+00	3.92e-02	1.22e-02	5.68e-03
 1.46139e+16	6.46e-02	9.35e-01	3.50e-12	0.00e+00	0.00e+00	0.00e+00	0.00e+00	0.00e+00	0.00e+00	4.43e-02	1.38e-02	6.45e-03
 1.47275e+16	7.39e-02	9.26e-01	3.25e-12	0.00e+00	0.00e+00	0.00e+00	0.00e+00	0.00e+00	0.00e+00	5.06e-02	1.59e-02	7.41e-03
 1.48401e+16	8.59e-02	9.14e-01	3.00e-12	0.00e+00	0.00e+00	0.00e+00	0.00e+00	0.00e+00	0.00e+00	5.88e-02	1.84e-02	8.60e-03
 1.49482e+16	1.01e-01	8.99e-01	2.77e-12	0.00e+00	0.00e+00	0.00e+00	0.00e+00	0.00e+00	0.00e+00	6.95e-02	2.18e-02	1.01e-02
 1.50428e+16	1.20e-01	8.80e-01	2.58e-12	0.00e+00	0.00e+00	0.00e+00	0.00e+00	0.00e+00	0.00e+00	8.23e-02	2.57e-02	1.20e-02
 1.51196e+16	1.40e-01	8.60e-01	2.43e-12	0.00e+00	0.00e+00	0.00e+00	0.00e+00	0.00e+00	0.00e+00	9.65e-02	3.00e-02	1.40e-02
 1.51833e+16	1.62e-01	8.38e-01	2.31e-12	0.00e+00	0.00e+00	0.00e+00	0.00e+00	0.00e+00	0.00e+00	1.12e-01	3.45e-02	1.62e-02
 1.52409e+16	1.87e-01	8.13e-01	2.19e-12	0.00e+00	0.00e+00	0.00e+00	0.00e+00	0.00e+00	0.00e+00	1.29e-01	3.95e-02	1.86e-02
 1.52955e+16	2.16e-01	7.84e-01	2.13e-12	0.00e+00	0.00e+00	0.00e+00	0.00e+00	0.00e+00	0.00e+00	1.49e-01	4.52e-02	2.14e-02
 1.53470e+16	2.50e-01	7.50e-01	2.06e-12	0.00e+00	0.00e+00	0.00e+00	0.00e+00	0.00e+00	0.00e+00	1.74e-01	5.19e-02	2.47e-02
 1.53941e+16	2.90e-01	7.10e-01	2.00e-12	0.00e+00	0.00e+00	0.00e+00	0.00e+00	0.00e+00	0.00e+00	2.02e-01	5.93e-02	2.85e-02
 1.54353e+16	3.33e-01	6.67e-01	1.95e-12	0.00e+00	0.00e+00	0.00e+00	0.00e+00	0.00e+00	0.00e+00	2.33e-01	6.69e-02	3.25e-02
 1.54682e+16	3.73e-01	6.27e-01	1.92e-12	0.00e+00	0.00e+00	0.00e+00	0.00e+00	0.00e+00	0.00e+00	2.63e-01	7.38e-02	3.62e-02
 1.54922e+16	4.06e-01	5.94e-01	1.89e-12	0.00e+00	0.00e+00	0.00e+00	0.00e+00	0.00e+00	0.00e+00	2.88e-01	7.91e-02	3.91e-02
 1.55107e+16	4.34e-01	5.66e-01	1.86e-12	0.00e+00	0.00e+00	0.00e+00	0.00e+00	0.00e+00	0.00e+00	3.09e-01	8.34e-02	4.16e-02
 1.55273e+16	4.60e-01	5.40e-01	1.84e-12	0.00e+00	0.00e+00	0.00e+00	0.00e+00	0.00e+00	0.00e+00	3.29e-01	8.71e-02	4.38e-02
 1.55432e+16	4.86e-01	5.14e-01	1.82e-12	0.00e+00	0.00e+00	0.00e+00	0.00e+00	0.00e+00	0.00e+00	3.49e-01	9.06e-02	4.59e-02
 1.55578e+16	5.11e-01	4.89e-01	1.79e-12	0.00e+00	0.00e+00	0.00e+00	0.00e+00	0.00e+00	0.00e+00	3.69e-01	9.38e-02	4.80e-02
 1.55711e+16	5.34e-01	4.66e-01	1.78e-12	0.00e+00	0.00e+00	0.00e+00	0.00e+00	0.00e+00	0.00e+00	3.88e-01	9.66e-02	4.98e-02
 1.55833e+16	5.55e-01	4.45e-01	1.76e-12	0.00e+00	0.00e+00	0.00e+00	0.00e+00	0.00e+00	0.00e+00	4.05e-01	9.90e-02	5.14e-02
 1.55941e+16	5.75e-01	4.25e-01	1.73e-12	0.00e+00	0.00e+00	0.00e+00	0.00e+00	0.00e+00	0.00e+00	4.21e-01	1.01e-01	5.29e-02
 1.56043e+16	5.93e-01	4.07e-01	1.72e-12	0.00e+00	0.00e+00	0.00e+00	0.00e+00	0.00e+00	0.00e+00	4.36e-01	1.03e-01	5.42e-02
 1.56130e+16	6.10e-01	3.90e-01	1.70e-12	0.00e+00	0.00e+00	0.00e+00	0.00e+00	0.00e+00	0.00e+00	4.50e-01	1.04e-01	5.53e-02
 1.56192e+16	6.21e-01	3.79e-01	1.68e-12	0.00e+00	0.00e+00	0.00e+00	0.00e+00	0.00e+00	0.00e+00	4.60e-01	1.05e-01	5.61e-02
 1.56249e+16	6.31e-01	3.69e-01	1.67e-12	0.00e+00	0.00e+00	0.00e+00	0.00e+00	0.00e+00	0.00e+00	4.68e-01	1.06e-01	5.67e-02
 1.56313e+16	6.43e-01	3.57e-01	1.65e-12	0.00e+00	0.00e+00	0.00e+00	0.00e+00	0.00e+00	0.00e+00	4.79e-01	1.07e-01	5.75e-02
 1.56383e+16	6.56e-01	3.44e-01	1.64e-12	0.00e+00	0.00e+00	0.00e+00	0.00e+00	0.00e+00	0.00e+00	4.90e-01	1.07e-01	5.82e-02
 1.56450e+16	6.68e-01	3.32e-01	1.62e-12	0.00e+00	0.00e+00	0.00e+00	0.00e+00	0.00e+00	0.00e+00	5.01e-01	1.08e-01	5.89e-02
 1.56512e+16	6.79e-01	3.21e-01	1.60e-12	0.00e+00	0.00e+00	0.00e+00	0.00e+00	0.00e+00	0.00e+00	5.11e-01	1.09e-01	5.96e-02
 1.56573e+16	6.90e-01	3.10e-01	1.58e-12	0.00e+00	0.00e+00	0.00e+00	0.00e+00	0.00e+00	0.00e+00	5.21e-01	1.09e-01	6.01e-02
 1.56634e+16	7.01e-01	2.99e-01	1.56e-12	0.00e+00	0.00e+00	0.00e+00	0.00e+00	0.00e+00	0.00e+00	5.31e-01	1.09e-01	6.06e-02
 1.56697e+16	7.12e-01	2.88e-01	1.54e-12	0.00e+00	0.00e+00	0.00e+00	0.00e+00	0.00e+00	0.00e+00	5.41e-01	1.10e-01	6.11e-02
 1.56759e+16	7.23e-01	2.77e-01	1.52e-12	0.00e+00	0.00e+00	0.00e+00	0.00e+00	0.00e+00	0.00e+00	5.51e-01	1.10e-01	6.16e-02
 1.56820e+16	7.33e-01	2.67e-01	1.49e-12	0.00e+00	0.00e+00	0.00e+00	0.00e+00	0.00e+00	0.00e+00	5.61e-01	1.10e-01	6.19e-02
 1.56879e+16	7.43e-01	2.57e-01	1.47e-12	0.00e+00	0.00e+00	0.00e+00	0.00e+00	0.00e+00	0.00e+00	5.71e-01	1.10e-01	6.22e-02
 1.56938e+16	7.53e-01	2.47e-01	1.45e-12	0.00e+00	0.00e+00	0.00e+00	0.00e+00	0.00e+00	0.00e+00	5.80e-01	1.10e-01	6.24e-02
 1.56998e+16	7.62e-01	2.38e-01	1.43e-12	0.00e+00	0.00e+00	0.00e+00	0.00e+00	0.00e+00	0.00e+00	5.90e-01	1.10e-01	6.26e-02
 1.57057e+16	7.72e-01	2.28e-01	1.40e-12	0.00e+00	0.00e+00	0.00e+00	0.00e+00	0.00e+00	0.00e+00	5.99e-01	1.09e-01	6.28e-02
 1.57114e+16	7.80e-01	2.20e-01	1.38e-12	0.00e+00	0.00e+00	0.00e+00	0.00e+00	0.00e+00	0.00e+00	6.08e-01	1.09e-01	6.29e-02
 1.57173e+16	7.89e-01	2.11e-01	1.36e-12	0.00e+00	0.00e+00	0.00e+00	0.00e+00	0.00e+00	0.00e+00	6.17e-01	1.09e-01	6.30e-02
 1.57232e+16	7.98e-01	2.02e-01	1.33e-12	0.00e+00	0.00e+00	0.00e+00	0.00e+00	0.00e+00	0.00e+00	6.27e-01	1.08e-01	6.30e-02
 1.57289e+16	8.06e-01	1.94e-01	1.31e-12	0.00e+00	0.00e+00	0.00e+00	0.00e+00	0.00e+00	0.00e+00	6.35e-01	1.08e-01	6.30e-02
 1.57345e+16	8.14e-01	1.86e-01	1.28e-12	0.00e+00	0.00e+00	0.00e+00	0.00e+00	0.00e+00	0.00e+00	6.43e-01	1.07e-01	6.29e-02
 1.57401e+16	8.21e-01	1.79e-01	1.26e-12	0.00e+00	0.00e+00	0.00e+00	0.00e+00	0.00e+00	0.00e+00	6.52e-01	1.07e-01	6.29e-02
 1.57457e+16	8.29e-01	1.71e-01	1.23e-12	0.00e+00	0.00e+00	0.00e+00	0.00e+00	0.00e+00	0.00e+00	6.60e-01	1.06e-01	6.27e-02
 1.57512e+16	8.36e-01	1.64e-01	1.21e-12	0.00e+00	0.00e+00	0.00e+00	0.00e+00	0.00e+00	0.00e+00	6.68e-01	1.06e-01	6.26e-02
 1.57566e+16	8.43e-01	1.57e-01	1.18e-12	0.00e+00	0.00e+00	0.00e+00	0.00e+00	0.00e+00	0.00e+00	6.75e-01	1.05e-01	6.24e-02
 1.57620e+16	8.49e-01	1.51e-01	1.16e-12	0.00e+00	0.00e+00	0.00e+00	0.00e+00	0.00e+00	0.00e+00	6.83e-01	1.04e-01	6.22e-02
 1.57672e+16	8.55e-01	1.45e-01	1.13e-12	0.00e+00	0.00e+00	0.00e+00	0.00e+00	0.00e+00	0.00e+00	6.90e-01	1.04e-01	6.20e-02
 1.57724e+16	8.61e-01	1.39e-01	1.11e-12	0.00e+00	0.00e+00	0.00e+00	0.00e+00	0.00e+00	0.00e+00	6.96e-01	1.03e-01	6.18e-02
 1.57776e+16	8.67e-01	1.33e-01	1.09e-12	0.00e+00	0.00e+00	0.00e+00	0.00e+00	0.00e+00	0.00e+00	7.03e-01	1.02e-01	6.15e-02
 1.57827e+16	8.72e-01	1.28e-01	1.06e-12	0.00e+00	0.00e+00	0.00e+00	0.00e+00	0.00e+00	0.00e+00	7.10e-01	1.01e-01	6.12e-02
 1.57877e+16	8.77e-01	1.23e-01	1.04e-12	0.00e+00	0.00e+00	0.00e+00	0.00e+00	0.00e+00	0.00e+00	7.16e-01	1.01e-01	6.10e-02
 1.57927e+16	8.82e-01	1.18e-01	1.02e-12	0.00e+00	0.00e+00	0.00e+00	0.00e+00	0.00e+00	0.00e+00	7.22e-01	9.98e-02	6.06e-02
 1.57977e+16	8.87e-01	1.13e-01	9.91e-13	0.00e+00	0.00e+00	0.00e+00	0.00e+00	0.00e+00	0.00e+00	7.28e-01	9.90e-02	6.04e-02
 1.58026e+16	8.92e-01	1.08e-01	9.70e-13	0.00e+00	0.00e+00	0.00e+00	0.00e+00	0.00e+00	0.00e+00	7.33e-01	9.83e-02	6.00e-02
 1.58075e+16	8.96e-01	1.04e-01	9.48e-13	0.00e+00	0.00e+00	0.00e+00	0.00e+00	0.00e+00	0.00e+00	7.39e-01	9.75e-02	5.97e-02
 1.58123e+16	9.00e-01	9.98e-02	9.26e-13	0.00e+00	0.00e+00	0.00e+00	0.00e+00	0.00e+00	0.00e+00	7.44e-01	9.68e-02	5.94e-02
 1.58170e+16	9.04e-01	9.60e-02	9.05e-13	0.00e+00	0.00e+00	0.00e+00	0.00e+00	0.00e+00	0.00e+00	7.49e-01	9.61e-02	5.91e-02
 1.58219e+16	9.08e-01	9.21e-02	8.84e-13	0.00e+00	0.00e+00	0.00e+00	0.00e+00	0.00e+00	0.00e+00	7.54e-01	9.53e-02	5.88e-02
 1.58266e+16	9.12e-01	8.83e-02	8.63e-13	0.00e+00	0.00e+00	0.00e+00	0.00e+00	0.00e+00	0.00e+00	7.59e-01	9.46e-02	5.84e-02
 1.58313e+16	9.15e-01	8.47e-02	8.42e-13	0.00e+00	0.00e+00	0.00e+00	0.00e+00	0.00e+00	0.00e+00	7.63e-01	9.39e-02	5.81e-02
 1.58360e+16	9.19e-01	8.14e-02	8.21e-13	0.00e+00	0.00e+00	0.00e+00	0.00e+00	0.00e+00	0.00e+00	7.68e-01	9.32e-02	5.78e-02
 1.58407e+16	9.22e-01	7.81e-02	8.02e-13	0.00e+00	0.00e+00	0.00e+00	0.00e+00	0.00e+00	0.00e+00	7.72e-01	9.25e-02	5.75e-02
 1.58453e+16	9.25e-01	7.49e-02	7.83e-13	0.00e+00	0.00e+00	0.00e+00	0.00e+00	0.00e+00	0.00e+00	7.76e-01	9.18e-02	5.71e-02
 1.58498e+16	9.28e-01	7.19e-02	7.64e-13	0.00e+00	0.00e+00	0.00e+00	0.00e+00	0.00e+00	0.00e+00	7.80e-01	9.11e-02	5.68e-02
 1.58543e+16	9.31e-01	6.92e-02	7.45e-13	0.00e+00	0.00e+00	0.00e+00	0.00e+00	0.00e+00	0.00e+00	7.84e-01	9.05e-02	5.65e-02
 1.58589e+16	9.34e-01	6.63e-02	7.27e-13	0.00e+00	0.00e+00	0.00e+00	0.00e+00	0.00e+00	0.00e+00	7.88e-01	8.98e-02	5.62e-02
 1.58635e+16	9.36e-01	6.36e-02	7.09e-13	0.00e+00	0.00e+00	0.00e+00	0.00e+00	0.00e+00	0.00e+00	7.91e-01	8.91e-02	5.58e-02
 1.58680e+16	9.39e-01	6.10e-02	6.90e-13	0.00e+00	0.00e+00	0.00e+00	0.00e+00	0.00e+00	0.00e+00	7.95e-01	8.85e-02	5.55e-02
 1.58724e+16	9.41e-01	5.87e-02	6.74e-13	0.00e+00	0.00e+00	0.00e+00	0.00e+00	0.00e+00	0.00e+00	7.98e-01	8.79e-02	5.52e-02
 1.58769e+16	9.44e-01	5.63e-02	6.57e-13	0.00e+00	0.00e+00	0.00e+00	0.00e+00	0.00e+00	0.00e+00	8.01e-01	8.73e-02	5.49e-02
 1.58813e+16	9.46e-01	5.41e-02	6.41e-13	0.00e+00	0.00e+00	0.00e+00	0.00e+00	0.00e+00	0.00e+00	8.05e-01	8.67e-02	5.46e-02
 1.58856e+16	9.48e-01	5.19e-02	6.25e-13	0.00e+00	0.00e+00	0.00e+00	0.00e+00	0.00e+00	0.00e+00	8.08e-01	8.61e-02	5.43e-02
 1.58900e+16	9.50e-01	4.97e-02	6.08e-13	0.00e+00	0.00e+00	0.00e+00	0.00e+00	0.00e+00	0.00e+00	8.11e-01	8.55e-02	5.40e-02
 1.58944e+16	9.52e-01	4.77e-02	5.93e-13	0.00e+00	0.00e+00	0.00e+00	0.00e+00	0.00e+00	0.00e+00	8.14e-01	8.50e-02	5.37e-02
 1.58988e+16	9.54e-01	4.58e-02	5.78e-13	0.00e+00	0.00e+00	0.00e+00	0.00e+00	0.00e+00	0.00e+00	8.16e-01	8.44e-02	5.34e-02
 1.59030e+16	9.56e-01	4.39e-02	5.63e-13	0.00e+00	0.00e+00	0.00e+00	0.00e+00	0.00e+00	0.00e+00	8.19e-01	8.39e-02	5.32e-02
 1.59072e+16	9.58e-01	4.22e-02	5.50e-13	0.00e+00	0.00e+00	0.00e+00	0.00e+00	0.00e+00	0.00e+00	8.22e-01	8.34e-02	5.29e-02
 1.59114e+16	9.59e-01	4.05e-02	5.37e-13	0.00e+00	0.00e+00	0.00e+00	0.00e+00	0.00e+00	0.00e+00	8.24e-01	8.29e-02	5.26e-02
 1.59155e+16	9.61e-01	3.89e-02	5.24e-13	0.00e+00	0.00e+00	0.00e+00	0.00e+00	0.00e+00	0.00e+00	8.26e-01	8.24e-02	5.24e-02
 1.59196e+16	9.63e-01	3.74e-02	5.11e-13	0.00e+00	0.00e+00	0.00e+00	0.00e+00	0.00e+00	0.00e+00	8.29e-01	8.19e-02	5.21e-02
 1.59237e+16	9.64e-01	3.58e-02	4.98e-13	0.00e+00	0.00e+00	0.00e+00	0.00e+00	0.00e+00	0.00e+00	8.31e-01	8.14e-02	5.18e-02
 1.59277e+16	9.66e-01	3.44e-02	4.86e-13	0.00e+00	0.00e+00	0.00e+00	0.00e+00	0.00e+00	0.00e+00	8.33e-01	8.10e-02	5.15e-02
 1.59316e+16	9.67e-01	3.30e-02	4.74e-13	0.00e+00	0.00e+00	0.00e+00	0.00e+00	0.00e+00	0.00e+00	8.35e-01	8.05e-02	5.13e-02
 1.59355e+16	9.68e-01	3.17e-02	4.63e-13	0.00e+00	0.00e+00	0.00e+00	0.00e+00	0.00e+00	0.00e+00	8.37e-01	8.00e-02	5.10e-02
 1.59394e+16	9.70e-01	3.04e-02	4.52e-13	0.00e+00	0.00e+00	0.00e+00	0.00e+00	0.00e+00	0.00e+00	8.39e-01	7.95e-02	5.08e-02
 1.59432e+16	9.71e-01	2.91e-02	4.41e-13	0.00e+00	0.00e+00	0.00e+00	0.00e+00	0.00e+00	0.00e+00	8.41e-01	7.91e-02	5.05e-02
 1.59470e+16	9.72e-01	2.79e-02	4.31e-13	0.00e+00	0.00e+00	0.00e+00	0.00e+00	0.00e+00	0.00e+00	8.43e-01	7.86e-02	5.02e-02
 1.59507e+16	9.73e-01	2.68e-02	4.21e-13	0.00e+00	0.00e+00	0.00e+00	0.00e+00	0.00e+00	0.00e+00	8.45e-01	7.82e-02	5.00e-02
 1.59542e+16	9.74e-01	2.57e-02	4.12e-13	0.00e+00	0.00e+00	0.00e+00	0.00e+00	0.00e+00	0.00e+00	8.47e-01	7.77e-02	4.97e-02
 1.59578e+16	9.75e-01	2.46e-02	4.03e-13	0.00e+00	0.00e+00	0.00e+00	0.00e+00	0.00e+00	0.00e+00	8.49e-01	7.73e-02	4.94e-02
 1.59613e+16	9.76e-01	2.35e-02	3.94e-13	0.00e+00	0.00e+00	0.00e+00	0.00e+00	0.00e+00	0.00e+00	8.50e-01	7.68e-02	4.91e-02
 1.59648e+16	9.77e-01	2.25e-02	3.85e-13	0.00e+00	0.00e+00	0.00e+00	0.00e+00	0.00e+00	0.00e+00	8.52e-01	7.64e-02	4.88e-02
 1.59681e+16	9.78e-01	2.16e-02	3.77e-13	0.00e+00	0.00e+00	0.00e+00	0.00e+00	0.00e+00	0.00e+00	8.54e-01	7.59e-02	4.85e-02
 1.59711e+16	9.79e-01	2.07e-02	3.70e-13	0.00e+00	0.00e+00	0.00e+00	0.00e+00	0.00e+00	0.00e+00	8.56e-01	7.55e-02	4.83e-02
 1.59738e+16	9.80e-01	1.99e-02	3.64e-13	0.00e+00	0.00e+00	0.00e+00	0.00e+00	0.00e+00	0.00e+00	8.57e-01	7.51e-02	4.80e-02
 1.59763e+16	9.81e-01	1.92e-02	3.58e-13	0.00e+00	0.00e+00	0.00e+00	0.00e+00	0.00e+00	0.00e+00	8.58e-01	7.47e-02	4.77e-02
 1.59787e+16	9.81e-01	1.86e-02	3.52e-13	0.00e+00	0.00e+00	0.00e+00	0.00e+00	0.00e+00	0.00e+00	8.60e-01	7.44e-02	4.75e-02
 1.59808e+16	9.82e-01	1.80e-02	3.47e-13	0.00e+00	0.00e+00	0.00e+00	0.00e+00	0.00e+00	0.00e+00	8.61e-01	7.40e-02	4.73e-02
 1.59828e+16	9.83e-01	1.74e-02	3.42e-13	0.00e+00	0.00e+00	0.00e+00	0.00e+00	0.00e+00	0.00e+00	8.62e-01	7.37e-02	4.70e-02
 1.59847e+16	9.83e-01	1.69e-02	3.38e-13	0.00e+00	0.00e+00	0.00e+00	0.00e+00	0.00e+00	0.00e+00	8.63e-01	7.34e-02	4.68e-02
 1.59864e+16	9.84e-01	1.65e-02	3.33e-13	0.00e+00	0.00e+00	0.00e+00	0.00e+00	0.00e+00	0.00e+00	8.64e-01	7.31e-02	4.66e-02
 1.59880e+16	9.84e-01	1.60e-02	3.29e-13	0.00e+00	0.00e+00	0.00e+00	0.00e+00	0.00e+00	0.00e+00	8.65e-01	7.28e-02	4.64e-02
 1.59894e+16	9.84e-01	1.57e-02	3.26e-13	0.00e+00	0.00e+00	0.00e+00	0.00e+00	0.00e+00	0.00e+00	8.66e-01	7.25e-02	4.62e-02
 1.59907e+16	9.85e-01	1.53e-02	3.22e-13	0.00e+00	0.00e+00	0.00e+00	0.00e+00	0.00e+00	0.00e+00	8.66e-01	7.23e-02	4.60e-02
 1.59919e+16	9.85e-01	1.50e-02	3.19e-13	0.00e+00	0.00e+00	0.00e+00	0.00e+00	0.00e+00	0.00e+00	8.67e-01	7.20e-02	4.58e-02
 1.59930e+16	9.85e-01	1.47e-02	3.16e-13	0.00e+00	0.00e+00	0.00e+00	0.00e+00	0.00e+00	0.00e+00	8.68e-01	7.18e-02	4.57e-02
 1.59939e+16	9.86e-01	1.45e-02	3.13e-13	0.00e+00	0.00e+00	0.00e+00	0.00e+00	0.00e+00	0.00e+00	8.68e-01	7.16e-02	4.55e-02
 1.59950e+16	9.86e-01	1.42e-02	3.10e-13	0.00e+00	0.00e+00	0.00e+00	0.00e+00	0.00e+00	0.00e+00	8.69e-01	7.14e-02	4.54e-02
 1.59964e+16	9.86e-01	1.38e-02	3.05e-13	0.00e+00	0.00e+00	0.00e+00	0.00e+00	0.00e+00	0.00e+00	8.70e-01	7.10e-02	4.51e-02
 1.59979e+16	9.87e-01	1.35e-02	3.01e-13	0.00e+00	0.00e+00	0.00e+00	0.00e+00	0.00e+00	0.00e+00	8.71e-01	7.06e-02	4.49e-02
 1.59993e+16	9.87e-01	1.31e-02	2.96e-13	0.00e+00	0.00e+00	0.00e+00	0.00e+00	0.00e+00	0.00e+00	8.72e-01	7.02e-02	4.47e-02
 1.60005e+16	9.87e-01	1.28e-02	2.92e-13	0.00e+00	0.00e+00	0.00e+00	0.00e+00	0.00e+00	0.00e+00	8.73e-01	6.99e-02	4.45e-02
 1.60017e+16	9.87e-01	1.26e-02	2.89e-13	0.00e+00	0.00e+00	0.00e+00	0.00e+00	0.00e+00	0.00e+00	8.74e-01	6.96e-02	4.43e-02
 1.60027e+16	9.88e-01	1.23e-02	2.85e-13	0.00e+00	0.00e+00	0.00e+00	0.00e+00	0.00e+00	0.00e+00	8.74e-01	6.94e-02	4.41e-02
 1.60037e+16	9.88e-01	1.21e-02	2.82e-13	0.00e+00	0.00e+00	0.00e+00	0.00e+00	0.00e+00	0.00e+00	8.75e-01	6.91e-02	4.40e-02
 1.60047e+16	9.88e-01	1.19e-02	2.79e-13	0.00e+00	0.00e+00	0.00e+00	0.00e+00	0.00e+00	0.00e+00	8.75e-01	6.89e-02	4.38e-02
 1.60060e+16	9.88e-01	1.16e-02	2.74e-13	0.00e+00	0.00e+00	0.00e+00	0.00e+00	0.00e+00	0.00e+00	8.76e-01	6.85e-02	4.36e-02
 1.60075e+16	9.89e-01	1.13e-02	2.69e-13	0.00e+00	0.00e+00	0.00e+00	0.00e+00	0.00e+00	0.00e+00	8.77e-01	6.82e-02	4.33e-02
 1.60088e+16	9.89e-01	1.11e-02	2.65e-13	0.00e+00	0.00e+00	0.00e+00	0.00e+00	0.00e+00	0.00e+00	8.78e-01	6.79e-02	4.31e-02
 1.60100e+16	9.89e-01	1.08e-02	2.61e-13	0.00e+00	0.00e+00	0.00e+00	0.00e+00	0.00e+00	0.00e+00	8.79e-01	6.76e-02	4.29e-02
 1.60111e+16	9.89e-01	1.06e-02	2.57e-13	0.00e+00	0.00e+00	0.00e+00	0.00e+00	0.00e+00	0.00e+00	8.79e-01	6.74e-02	4.28e-02
 1.60121e+16	9.90e-01	1.04e-02	2.54e-13	0.00e+00	0.00e+00	0.00e+00	0.00e+00	0.00e+00	0.00e+00	8.80e-01	6.72e-02	4.26e-02
 1.60132e+16	9.90e-01	1.02e-02	2.50e-13	0.00e+00	0.00e+00	0.00e+00	0.00e+00	0.00e+00	0.00e+00	8.80e-01	6.70e-02	4.24e-02
 1.60143e+16	9.90e-01	1.00e-02	2.46e-13	0.00e+00	0.00e+00	0.00e+00	0.00e+00	0.00e+00	0.00e+00	8.81e-01	6.67e-02	4.22e-02
 1.60154e+16	9.90e-01	9.82e-03	2.42e-13	0.00e+00	0.00e+00	0.00e+00	0.00e+00	0.00e+00	0.00e+00	8.82e-01	6.64e-02	4.20e-02
 1.60166e+16	9.90e-01	9.62e-03	2.38e-13	0.00e+00	0.00e+00	0.00e+00	0.00e+00	0.00e+00	0.00e+00	8.82e-01	6.62e-02	4.19e-02
 1.60178e+16	9.91e-01	9.39e-03	2.34e-13	0.00e+00	0.00e+00	0.00e+00	0.00e+00	0.00e+00	0.00e+00	8.83e-01	6.59e-02	4.16e-02
 1.60190e+16	9.91e-01	9.20e-03	2.30e-13	0.00e+00	0.00e+00	0.00e+00	0.00e+00	0.00e+00	0.00e+00	8.84e-01	6.56e-02	4.14e-02
 1.60200e+16	9.91e-01	9.01e-03	2.25e-13	0.00e+00	0.00e+00	0.00e+00	0.00e+00	0.00e+00	0.00e+00	8.84e-01	6.53e-02	4.12e-02
 1.60210e+16	9.91e-01	8.86e-03	2.22e-13	0.00e+00	0.00e+00	0.00e+00	0.00e+00	0.00e+00	0.00e+00	8.85e-01	6.51e-02	4.10e-02
 1.60220e+16	9.91e-01	8.70e-03	2.18e-13	0.00e+00	0.00e+00	0.00e+00	0.00e+00	0.00e+00	0.00e+00	8.86e-01	6.49e-02	4.08e-02
 1.60234e+16	9.92e-01	8.45e-03	2.12e-13	0.00e+00	0.00e+00	0.00e+00	0.00e+00	0.00e+00	0.00e+00	8.87e-01	6.44e-02	4.05e-02
 1.60248e+16	9.92e-01	8.21e-03	2.07e-13	0.00e+00	0.00e+00	0.00e+00	0.00e+00	0.00e+00	0.00e+00	8.88e-01	6.41e-02	4.02e-02
 1.60262e+16	9.92e-01	8.01e-03	2.02e-13	0.00e+00	0.00e+00	0.00e+00	0.00e+00	0.00e+00	0.00e+00	8.88e-01	6.37e-02	3.99e-02
 1.60274e+16	9.92e-01	7.82e-03	1.98e-13	0.00e+00	0.00e+00	0.00e+00	0.00e+00	0.00e+00	0.00e+00	8.89e-01	6.34e-02	3.97e-02
 1.60285e+16	9.92e-01	7.66e-03	1.94e-13	0.00e+00	0.00e+00	0.00e+00	0.00e+00	0.00e+00	0.00e+00	8.90e-01	6.31e-02	3.94e-02
 1.60295e+16	9.92e-01	7.53e-03	1.91e-13	0.00e+00	0.00e+00	0.00e+00	0.00e+00	0.00e+00	0.00e+00	8.90e-01	6.29e-02	3.93e-02
 1.60306e+16	9.93e-01	7.37e-03	1.87e-13	0.00e+00	0.00e+00	0.00e+00	0.00e+00	0.00e+00	0.00e+00	8.91e-01	6.25e-02	3.90e-02
 1.60318e+16	9.93e-01	7.21e-03	1.83e-13	0.00e+00	0.00e+00	0.00e+00	0.00e+00	0.00e+00	0.00e+00	8.92e-01	6.23e-02	3.88e-02
 1.60331e+16	9.93e-01	7.01e-03	1.78e-13	0.00e+00	0.00e+00	0.00e+00	0.00e+00	0.00e+00	0.00e+00	8.93e-01	6.19e-02	3.84e-02
 1.60345e+16	9.93e-01	6.83e-03	1.74e-13	0.00e+00	0.00e+00	0.00e+00	0.00e+00	0.00e+00	0.00e+00	8.94e-01	6.15e-02	3.81e-02
