#depth	O	O+	O+2	O+3	O+4	O+5	O+6	O+7	O+8	O[1]	O[2]	O[3]
 1.13134e+11	9.49e-05	6.09e-02	9.38e-01	1.14e-03	0.00e+00	0.00e+00	0.00e+00	0.00e+00	0.00e+00	7.33e-05	1.47e-05	6.92e-06
 6.78805e+11	9.50e-05	6.10e-02	9.38e-01	1.13e-03	0.00e+00	0.00e+00	0.00e+00	0.00e+00	0.00e+00	7.33e-05	1.47e-05	6.92e-06
 2.94149e+12	9.52e-05	6.12e-02	9.38e-01	1.11e-03	0.00e+00	0.00e+00	0.00e+00	0.00e+00	0.00e+00	7.35e-05	1.48e-05	6.93e-06
 1.19922e+13	9.61e-05	6.17e-02	9.37e-01	1.04e-03	0.00e+00	0.00e+00	0.00e+00	0.00e+00	0.00e+00	7.42e-05	1.49e-05	6.98e-06
 2.86456e+13	9.63e-05	6.23e-02	9.37e-01	9.37e-04	0.00e+00	0.00e+00	0.00e+00	0.00e+00	0.00e+00	7.44e-05	1.49e-05	7.01e-06
 5.02949e+13	9.69e-05	6.31e-02	9.36e-01	8.17e-04	0.00e+00	0.00e+00	0.00e+00	0.00e+00	0.00e+00	7.49e-05	1.50e-05	7.07e-06
 7.84391e+13	9.79e-05	6.43e-02	9.35e-01	6.84e-04	0.00e+00	0.00e+00	0.00e+00	0.00e+00	0.00e+00	7.56e-05	1.51e-05	7.16e-06
 1.15026e+14	9.94e-05	6.58e-02	9.34e-01	5.42e-04	0.00e+00	0.00e+00	0.00e+00	0.00e+00	0.00e+00	7.68e-05	1.53e-05	7.30e-06
 1.62590e+14	1.02e-04	6.79e-02	9.32e-01	4.02e-04	0.00e+00	0.00e+00	0.00e+00	0.00e+00	0.00e+00	7.85e-05	1.57e-05	7.50e-06
 2.24423e+14	1.05e-04	7.08e-02	9.29e-01	2.73e-04	0.00e+00	0.00e+00	0.00e+00	0.00e+00	0.00e+00	8.08e-05	1.61e-05	7.75e-06
 3.04805e+14	1.09e-04	7.49e-02	9.25e-01	1.65e-04	0.00e+00	0.00e+00	0.00e+00	0.00e+00	0.00e+00	8.44e-05	1.67e-05	8.12e-06
 4.09303e+14	1.16e-04	8.10e-02	9.19e-01	8.63e-05	0.00e+00	0.00e+00	0.00e+00	0.00e+00	0.00e+00	8.98e-05	1.77e-05	8.65e-06
 5.45149e+14	1.27e-04	9.00e-02	9.10e-01	3.74e-05	0.00e+00	0.00e+00	0.00e+00	0.00e+00	0.00e+00	9.82e-05	1.93e-05	9.45e-06
 7.21749e+14	1.44e-04	1.04e-01	8.95e-01	1.27e-05	0.00e+00	0.00e+00	0.00e+00	0.00e+00	0.00e+00	1.12e-04	2.18e-05	1.07e-05
 9.12651e+14	1.64e-04	1.23e-01	8.76e-01	4.01e-06	0.00e+00	0.00e+00	0.00e+00	0.00e+00	0.00e+00	1.27e-04	2.47e-05	1.23e-05
 1.12214e+15	1.98e-04	1.52e-01	8.48e-01	1.13e-06	0.00e+00	0.00e+00	0.00e+00	0.00e+00	0.00e+00	1.54e-04	2.98e-05	1.49e-05
 1.33423e+15	2.40e-04	1.91e-01	8.09e-01	3.10e-07	0.00e+00	0.00e+00	0.00e+00	0.00e+00	0.00e+00	1.86e-04	3.60e-05	1.82e-05
 1.48661e+15	2.80e-04	2.30e-01	7.70e-01	0.00e+00	0.00e+00	0.00e+00	0.00e+00	0.00e+00	0.00e+00	2.16e-04	4.20e-05	2.13e-05
 1.59651e+15	3.19e-04	2.66e-01	7.34e-01	0.00e+00	0.00e+00	0.00e+00	0.00e+00	0.00e+00	0.00e+00	2.46e-04	4.79e-05	2.44e-05
 1.71426e+15	3.74e-04	3.13e-01	6.86e-01	0.00e+00	0.00e+00	0.00e+00	0.00e+00	0.00e+00	0.00e+00	2.89e-04	5.64e-05	2.87e-05
 1.86733e+15	4.65e-04	3.91e-01	6.08e-01	0.00e+00	0.00e+00	0.00e+00	0.00e+00	0.00e+00	0.00e+00	3.59e-04	7.03e-05	3.59e-05
 2.01893e+15	5.73e-04	4.91e-01	5.08e-01	0.00e+00	0.00e+00	0.00e+00	0.00e+00	0.00e+00	0.00e+00	4.42e-04	8.70e-05	4.46e-05
 2.13146e+15	6.70e-04	5.82e-01	4.18e-01	0.00e+00	0.00e+00	0.00e+00	0.00e+00	0.00e+00	0.00e+00	5.16e-04	1.02e-04	5.24e-05
 2.24060e+15	7.80e-04	6.76e-01	3.23e-01	0.00e+00	0.00e+00	0.00e+00	0.00e+00	0.00e+00	0.00e+00	5.99e-04	1.19e-04	6.13e-05
 2.38249e+15	9.16e-04	7.92e-01	2.07e-01	0.00e+00	0.00e+00	0.00e+00	0.00e+00	0.00e+00	0.00e+00	7.03e-04	1.41e-04	7.22e-05
 2.53725e+15	1.03e-03	8.90e-01	1.09e-01	0.00e+00	0.00e+00	0.00e+00	0.00e+00	0.00e+00	0.00e+00	7.93e-04	1.59e-04	8.17e-05
 2.68425e+15	1.11e-03	9.46e-01	5.24e-02	0.00e+00	0.00e+00	0.00e+00	0.00e+00	0.00e+00	0.00e+00	8.55e-04	1.70e-04	8.81e-05
 2.81988e+15	1.17e-03	9.74e-01	2.49e-02	0.00e+00	0.00e+00	0.00e+00	0.00e+00	0.00e+00	0.00e+00	8.97e-04	1.77e-04	9.21e-05
 2.93693e+15	1.21e-03	9.86e-01	1.27e-02	0.00e+00	0.00e+00	0.00e+00	0.00e+00	0.00e+00	0.00e+00	9.31e-04	1.82e-04	9.50e-05
 3.03877e+15	1.25e-03	9.92e-01	6.93e-03	0.00e+00	0.00e+00	0.00e+00	0.00e+00	0.00e+00	0.00e+00	9.62e-04	1.86e-04	9.76e-05
 3.13116e+15	1.29e-03	9.95e-01	3.94e-03	0.00e+00	0.00e+00	0.00e+00	0.00e+00	0.00e+00	0.00e+00	9.95e-04	1.91e-04	1.00e-04
 3.21686e+15	1.33e-03	9.96e-01	2.30e-03	0.00e+00	0.00e+00	0.00e+00	0.00e+00	0.00e+00	0.00e+00	1.03e-03	1.95e-04	1.03e-04
 3.29572e+15	1.38e-03	9.97e-01	1.38e-03	0.00e+00	0.00e+00	0.00e+00	0.00e+00	0.00e+00	0.00e+00	1.07e-03	2.00e-04	1.06e-04
 3.36700e+15	1.42e-03	9.98e-01	8.65e-04	0.00e+00	0.00e+00	0.00e+00	0.00e+00	0.00e+00	0.00e+00	1.11e-03	2.05e-04	1.09e-04
 3.43145e+15	1.47e-03	9.98e-01	5.59e-04	0.00e+00	0.00e+00	0.00e+00	0.00e+00	0.00e+00	0.00e+00	1.15e-03	2.10e-04	1.12e-04
 3.49067e+15	1.53e-03	9.98e-01	3.70e-04	0.00e+00	0.00e+00	0.00e+00	0.00e+00	0.00e+00	0.00e+00	1.20e-03	2.15e-04	1.15e-04
 3.54585e+15	1.58e-03	9.98e-01	2.49e-04	0.00e+00	0.00e+00	0.00e+00	0.00e+00	0.00e+00	0.00e+00	1.24e-03	2.20e-04	1.18e-04
 3.59753e+15	1.64e-03	9.98e-01	1.71e-04	0.00e+00	0.00e+00	0.00e+00	0.00e+00	0.00e+00	0.00e+00	1.29e-03	2.26e-04	1.21e-04
 3.64592e+15	1.69e-03	9.98e-01	1.19e-04	0.00e+00	0.00e+00	0.00e+00	0.00e+00	0.00e+00	0.00e+00	1.34e-03	2.31e-04	1.24e-04
 3.69135e+15	1.75e-03	9.98e-01	8.38e-05	0.00e+00	0.00e+00	0.00e+00	0.00e+00	0.00e+00	0.00e+00	1.38e-03	2.36e-04	1.27e-04
 3.73436e+15	1.80e-03	9.98e-01	5.97e-05	0.00e+00	0.00e+00	0.00e+00	0.00e+00	0.00e+00	0.00e+00	1.43e-03	2.41e-04	1.30e-04
 3.77544e+15	1.86e-03	9.98e-01	4.30e-05	0.00e+00	0.00e+00	0.00e+00	0.00e+00	0.00e+00	0.00e+00	1.48e-03	2.46e-04	1.33e-04
 3.81481e+15	1.91e-03	9.98e-01	3.11e-05	0.00e+00	0.00e+00	0.00e+00	0.00e+00	0.00e+00	0.00e+00	1.52e-03	2.51e-04	1.36e-04
 3.85265e+15	1.96e-03	9.98e-01	2.27e-05	0.00e+00	0.00e+00	0.00e+00	0.00e+00	0.00e+00	0.00e+00	1.56e-03	2.55e-04	1.39e-04
 3.88917e+15	2.01e-03	9.98e-01	1.66e-05	0.00e+00	0.00e+00	0.00e+00	0.00e+00	0.00e+00	0.00e+00	1.61e-03	2.59e-04	1.41e-04
 3.92475e+15	2.05e-03	9.98e-01	1.22e-05	0.00e+00	0.00e+00	0.00e+00	0.00e+00	0.00e+00	0.00e+00	1.65e-03	2.63e-04	1.44e-04
 3.95958e+15	2.10e-03	9.98e-01	8.91e-06	0.00e+00	0.00e+00	0.00e+00	0.00e+00	0.00e+00	0.00e+00	1.68e-03	2.66e-04	1.46e-04
 3.99386e+15	2.14e-03	9.98e-01	6.51e-06	0.00e+00	0.00e+00	0.00e+00	0.00e+00	0.00e+00	0.00e+00	1.72e-03	2.70e-04	1.48e-04
 4.02766e+15	2.18e-03	9.98e-01	4.75e-06	0.00e+00	0.00e+00	0.00e+00	0.00e+00	0.00e+00	0.00e+00	1.76e-03	2.73e-04	1.50e-04
 4.06618e+15	2.22e-03	9.98e-01	3.27e-06	0.00e+00	0.00e+00	0.00e+00	0.00e+00	0.00e+00	0.00e+00	1.79e-03	2.76e-04	1.52e-04
 4.10751e+15	2.26e-03	9.98e-01	2.18e-06	0.00e+00	0.00e+00	0.00e+00	0.00e+00	0.00e+00	0.00e+00	1.83e-03	2.79e-04	1.54e-04
 4.14336e+15	2.30e-03	9.98e-01	1.52e-06	0.00e+00	0.00e+00	0.00e+00	0.00e+00	0.00e+00	0.00e+00	1.86e-03	2.81e-04	1.55e-04
 4.18082e+15	2.33e-03	9.98e-01	1.02e-06	0.00e+00	0.00e+00	0.00e+00	0.00e+00	0.00e+00	0.00e+00	1.89e-03	2.83e-04	1.56e-04
 4.22951e+15	2.36e-03	9.98e-01	6.04e-07	0.00e+00	0.00e+00	0.00e+00	0.00e+00	0.00e+00	0.00e+00	1.92e-03	2.85e-04	1.58e-04
 4.28380e+15	2.40e-03	9.98e-01	3.32e-07	0.00e+00	0.00e+00	0.00e+00	0.00e+00	0.00e+00	0.00e+00	1.96e-03	2.87e-04	1.59e-04
 4.34538e+15	2.44e-03	9.98e-01	1.65e-07	0.00e+00	0.00e+00	0.00e+00	0.00e+00	0.00e+00	0.00e+00	1.99e-03	2.89e-04	1.61e-04
 4.42544e+15	2.48e-03	9.98e-01	6.63e-08	0.00e+00	0.00e+00	0.00e+00	0.00e+00	0.00e+00	0.00e+00	2.02e-03	2.93e-04	1.63e-04
 4.52951e+15	2.53e-03	9.97e-01	2.04e-08	0.00e+00	0.00e+00	0.00e+00	0.00e+00	0.00e+00	0.00e+00	2.06e-03	2.99e-04	1.66e-04
 4.66480e+15	2.59e-03	9.97e-01	4.60e-09	0.00e+00	0.00e+00	0.00e+00	0.00e+00	0.00e+00	0.00e+00	2.11e-03	3.08e-04	1.70e-04
 4.84068e+15	2.67e-03	9.97e-01	7.25e-10	0.00e+00	0.00e+00	0.00e+00	0.00e+00	0.00e+00	0.00e+00	2.18e-03	3.20e-04	1.75e-04
 5.06933e+15	2.79e-03	9.97e-01	9.29e-11	0.00e+00	0.00e+00	0.00e+00	0.00e+00	0.00e+00	0.00e+00	2.27e-03	3.36e-04	1.83e-04
 5.36657e+15	2.94e-03	9.97e-01	2.84e-11	0.00e+00	0.00e+00	0.00e+00	0.00e+00	0.00e+00	0.00e+00	2.39e-03	3.60e-04	1.94e-04
 5.72639e+15	3.15e-03	9.97e-01	2.44e-11	0.00e+00	0.00e+00	0.00e+00	0.00e+00	0.00e+00	0.00e+00	2.55e-03	3.92e-04	2.08e-04
 6.08560e+15	3.40e-03	9.97e-01	2.40e-11	0.00e+00	0.00e+00	0.00e+00	0.00e+00	0.00e+00	0.00e+00	2.74e-03	4.31e-04	2.26e-04
 6.39822e+15	3.64e-03	9.96e-01	2.38e-11	0.00e+00	0.00e+00	0.00e+00	0.00e+00	0.00e+00	0.00e+00	2.93e-03	4.70e-04	2.44e-04
 6.67461e+15	3.87e-03	9.96e-01	2.36e-11	0.00e+00	0.00e+00	0.00e+00	0.00e+00	0.00e+00	0.00e+00	3.10e-03	5.09e-04	2.61e-04
 6.92665e+15	4.10e-03	9.96e-01	2.34e-11	0.00e+00	0.00e+00	0.00e+00	0.00e+00	0.00e+00	0.00e+00	3.27e-03	5.47e-04	2.78e-04
 7.15988e+15	4.32e-03	9.96e-01	2.32e-11	0.00e+00	0.00e+00	0.00e+00	0.00e+00	0.00e+00	0.00e+00	3.44e-03	5.87e-04	2.95e-04
 7.37740e+15	4.54e-03	9.95e-01	2.30e-11	0.00e+00	0.00e+00	0.00e+00	0.00e+00	0.00e+00	0.00e+00	3.60e-03	6.28e-04	3.13e-04
 7.58206e+15	4.75e-03	9.95e-01	2.27e-11	0.00e+00	0.00e+00	0.00e+00	0.00e+00	0.00e+00	0.00e+00	3.75e-03	6.69e-04	3.31e-04
 7.77520e+15	4.97e-03	9.95e-01	2.25e-11	0.00e+00	0.00e+00	0.00e+00	0.00e+00	0.00e+00	0.00e+00	3.91e-03	7.11e-04	3.49e-04
 7.95792e+15	5.18e-03	9.95e-01	2.23e-11	0.00e+00	0.00e+00	0.00e+00	0.00e+00	0.00e+00	0.00e+00	4.06e-03	7.54e-04	3.66e-04
 8.12847e+15	5.38e-03	9.95e-01	2.21e-11	0.00e+00	0.00e+00	0.00e+00	0.00e+00	0.00e+00	0.00e+00	4.20e-03	7.97e-04	3.84e-04
 8.28772e+15	5.58e-03	9.94e-01	2.18e-11	0.00e+00	0.00e+00	0.00e+00	0.00e+00	0.00e+00	0.00e+00	4.34e-03	8.40e-04	4.02e-04
 8.44031e+15	5.77e-03	9.94e-01	2.16e-11	0.00e+00	0.00e+00	0.00e+00	0.00e+00	0.00e+00	0.00e+00	4.47e-03	8.83e-04	4.20e-04
 8.58683e+15	5.96e-03	9.94e-01	2.14e-11	0.00e+00	0.00e+00	0.00e+00	0.00e+00	0.00e+00	0.00e+00	4.59e-03	9.27e-04	4.37e-04
 8.72709e+15	6.14e-03	9.94e-01	2.11e-11	0.00e+00	0.00e+00	0.00e+00	0.00e+00	0.00e+00	0.00e+00	4.72e-03	9.71e-04	4.55e-04
 8.86161e+15	6.32e-03	9.94e-01	2.09e-11	0.00e+00	0.00e+00	0.00e+00	0.00e+00	0.00e+00	0.00e+00	4.83e-03	1.02e-03	4.73e-04
 8.99115e+15	6.50e-03	9.94e-01	2.06e-11	0.00e+00	0.00e+00	0.00e+00	0.00e+00	0.00e+00	0.00e+00	4.95e-03	1.06e-03	4.90e-04
 9.11633e+15	6.68e-03	9.93e-01	2.03e-11	0.00e+00	0.00e+00	0.00e+00	0.00e+00	0.00e+00	0.00e+00	5.07e-03	1.11e-03	5.08e-04
 9.24146e+15	6.85e-03	9.93e-01	2.01e-11	0.00e+00	0.00e+00	0.00e+00	0.00e+00	0.00e+00	0.00e+00	5.17e-03	1.15e-03	5.26e-04
 9.36364e+15	7.03e-03	9.93e-01	1.98e-11	0.00e+00	0.00e+00	0.00e+00	0.00e+00	0.00e+00	0.00e+00	5.28e-03	1.20e-03	5.44e-04
 9.47880e+15	7.19e-03	9.93e-01	1.95e-11	0.00e+00	0.00e+00	0.00e+00	0.00e+00	0.00e+00	0.00e+00	5.39e-03	1.25e-03	5.62e-04
 9.59124e+15	7.36e-03	9.93e-01	1.92e-11	0.00e+00	0.00e+00	0.00e+00	0.00e+00	0.00e+00	0.00e+00	5.49e-03	1.29e-03	5.79e-04
 9.70249e+15	7.52e-03	9.92e-01	1.89e-11	0.00e+00	0.00e+00	0.00e+00	0.00e+00	0.00e+00	0.00e+00	5.59e-03	1.34e-03	5.97e-04
 9.81267e+15	7.69e-03	9.92e-01	1.86e-11	0.00e+00	0.00e+00	0.00e+00	0.00e+00	0.00e+00	0.00e+00	5.69e-03	1.39e-03	6.15e-04
 9.92207e+15	7.86e-03	9.92e-01	1.83e-11	0.00e+00	0.00e+00	0.00e+00	0.00e+00	0.00e+00	0.00e+00	5.79e-03	1.44e-03	6.34e-04
 1.00313e+16	8.04e-03	9.92e-01	1.79e-11	0.00e+00	0.00e+00	0.00e+00	0.00e+00	0.00e+00	0.00e+00	5.90e-03	1.48e-03	6.54e-04
 1.01408e+16	8.22e-03	9.92e-01	1.76e-11	0.00e+00	0.00e+00	0.00e+00	0.00e+00	0.00e+00	0.00e+00	6.03e-03	1.52e-03	6.74e-04
 1.02512e+16	8.42e-03	9.92e-01	1.72e-11	0.00e+00	0.00e+00	0.00e+00	0.00e+00	0.00e+00	0.00e+00	6.15e-03	1.57e-03	6.95e-04
 1.03629e+16	8.62e-03	9.91e-01	1.68e-11	0.00e+00	0.00e+00	0.00e+00	0.00e+00	0.00e+00	0.00e+00	6.29e-03	1.61e-03	7.18e-04
 1.04765e+16	8.84e-03	9.91e-01	1.64e-11	0.00e+00	0.00e+00	0.00e+00	0.00e+00	0.00e+00	0.00e+00	6.43e-03	1.66e-03	7.42e-04
 1.05925e+16	9.08e-03	9.91e-01	1.60e-11	0.00e+00	0.00e+00	0.00e+00	0.00e+00	0.00e+00	0.00e+00	6.59e-03	1.72e-03	7.67e-04
 1.07111e+16	9.33e-03	9.91e-01	1.55e-11	0.00e+00	0.00e+00	0.00e+00	0.00e+00	0.00e+00	0.00e+00	6.76e-03	1.77e-03	7.95e-04
 1.08328e+16	9.61e-03	9.90e-01	1.51e-11	0.00e+00	0.00e+00	0.00e+00	0.00e+00	0.00e+00	0.00e+00	6.95e-03	1.84e-03	8.24e-04
 1.09579e+16	9.92e-03	9.90e-01	1.46e-11	0.00e+00	0.00e+00	0.00e+00	0.00e+00	0.00e+00	0.00e+00	7.16e-03	1.90e-03	8.57e-04
 1.10855e+16	1.03e-02	9.90e-01	1.41e-11	0.00e+00	0.00e+00	0.00e+00	0.00e+00	0.00e+00	0.00e+00	7.39e-03	1.98e-03	8.92e-04
 1.12170e+16	1.06e-02	9.89e-01	1.37e-11	0.00e+00	0.00e+00	0.00e+00	0.00e+00	0.00e+00	0.00e+00	7.64e-03	2.06e-03	9.31e-04
 1.13536e+16	1.10e-02	9.89e-01	1.31e-11	0.00e+00	0.00e+00	0.00e+00	0.00e+00	0.00e+00	0.00e+00	7.92e-03	2.15e-03	9.74e-04
 1.14937e+16	1.15e-02	9.88e-01	1.26e-11	0.00e+00	0.00e+00	0.00e+00	0.00e+00	0.00e+00	0.00e+00	8.23e-03	2.25e-03	1.02e-03
 1.16368e+16	1.20e-02	9.88e-01	1.21e-11	0.00e+00	0.00e+00	0.00e+00	0.00e+00	0.00e+00	0.00e+00	8.58e-03	2.36e-03	1.07e-03
 1.17828e+16	1.26e-02	9.87e-01	1.16e-11	0.00e+00	0.00e+00	0.00e+00	0.00e+00	0.00e+00	0.00e+00	8.97e-03	2.49e-03	1.13e-03
 1.19315e+16	1.32e-02	9.87e-01	1.11e-11	0.00e+00	0.00e+00	0.00e+00	0.00e+00	0.00e+00	0.00e+00	9.40e-03	2.63e-03	1.20e-03
 1.20823e+16	1.39e-02	9.86e-01	1.06e-11	0.00e+00	0.00e+00	0.00e+00	0.00e+00	0.00e+00	0.00e+00	9.88e-03	2.78e-03	1.27e-03
 1.22350e+16	1.47e-02	9.85e-01	1.00e-11	0.00e+00	0.00e+00	0.00e+00	0.00e+00	0.00e+00	0.00e+00	1.04e-02	2.95e-03	1.35e-03
 1.23888e+16	1.56e-02	9.84e-01	9.54e-12	0.00e+00	0.00e+00	0.00e+00	0.00e+00	0.00e+00	0.00e+00	1.10e-02	3.14e-03	1.44e-03
 1.25429e+16	1.65e-02	9.83e-01	9.05e-12	0.00e+00	0.00e+00	0.00e+00	0.00e+00	0.00e+00	0.00e+00	1.17e-02	3.35e-03	1.53e-03
 1.26967e+16	1.76e-02	9.82e-01	8.58e-12	0.00e+00	0.00e+00	0.00e+00	0.00e+00	0.00e+00	0.00e+00	1.24e-02	3.59e-03	1.64e-03
 1.28495e+16	1.88e-02	9.81e-01	8.12e-12	0.00e+00	0.00e+00	0.00e+00	0.00e+00	0.00e+00	0.00e+00	1.32e-02	3.85e-03	1.77e-03
 1.30008e+16	2.01e-02	9.80e-01	7.67e-12	0.00e+00	0.00e+00	0.00e+00	0.00e+00	0.00e+00	0.00e+00	1.41e-02	4.14e-03	1.90e-03
 1.31501e+16	2.16e-02	9.78e-01	7.25e-12	0.00e+00	0.00e+00	0.00e+00	0.00e+00	0.00e+00	0.00e+00	1.51e-02	4.46e-03	2.05e-03
 1.32970e+16	2.32e-02	9.77e-01	6.84e-12	0.00e+00	0.00e+00	0.00e+00	0.00e+00	0.00e+00	0.00e+00	1.62e-02	4.82e-03	2.22e-03
 1.34411e+16	2.50e-02	9.75e-01	6.45e-12	0.00e+00	0.00e+00	0.00e+00	0.00e+00	0.00e+00	0.00e+00	1.74e-02	5.22e-03	2.40e-03
 1.35821e+16	2.71e-02	9.73e-01	6.07e-12	0.00e+00	0.00e+00	0.00e+00	0.00e+00	0.00e+00	0.00e+00	1.88e-02	5.66e-03	2.61e-03
 1.37200e+16	2.93e-02	9.71e-01	5.72e-12	0.00e+00	0.00e+00	0.00e+00	0.00e+00	0.00e+00	0.00e+00	2.03e-02	6.16e-03	2.84e-03
 1.38545e+16	3.19e-02	9.68e-01	5.38e-12	0.00e+00	0.00e+00	0.00e+00	0.00e+00	0.00e+00	0.00e+00	2.21e-02	6.73e-03	3.11e-03
 1.39856e+16	3.48e-02	9.65e-01	5.06e-12	0.00e+00	0.00e+00	0.00e+00	0.00e+00	0.00e+00	0.00e+00	2.41e-02	7.37e-03	3.41e-03
 1.41134e+16	3.81e-02	9.62e-01	4.75e-12	0.00e+00	0.00e+00	0.00e+00	0.00e+00	0.00e+00	0.00e+00	2.63e-02	8.10e-03	3.75e-03
 1.42380e+16	4.20e-02	9.58e-01	4.46e-12	0.00e+00	0.00e+00	0.00e+00	0.00e+00	0.00e+00	0.00e+00	2.89e-02	8.94e-03	4.14e-03
 1.43596e+16	4.64e-02	9.54e-01	4.17e-12	0.00e+00	0.00e+00	0.00e+00	0.00e+00	0.00e+00	0.00e+00	3.19e-02	9.92e-03	4.60e-03
 1.44785e+16	5.17e-02	9.48e-01	3.90e-12	0.00e+00	0.00e+00	0.00e+00	0.00e+00	0.00e+00	0.00e+00	3.54e-02	1.11e-02	5.14e-03
 1.45950e+16	5.79e-02	9.42e-01	3.65e-12	0.00e+00	0.00e+00	0.00e+00	0.00e+00	0.00e+00	0.00e+00	3.97e-02	1.25e-02	5.78e-03
 1.47095e+16	6.56e-02	9.34e-01	3.40e-12	0.00e+00	0.00e+00	0.00e+00	0.00e+00	0.00e+00	0.00e+00	4.48e-02	1.41e-02	6.56e-03
 1.48228e+16	7.51e-02	9.25e-01	3.16e-12	0.00e+00	0.00e+00	0.00e+00	0.00e+00	0.00e+00	0.00e+00	5.13e-02	1.62e-02	7.53e-03
 1.49356e+16	8.74e-02	9.13e-01	2.93e-12	0.00e+00	0.00e+00	0.00e+00	0.00e+00	0.00e+00	0.00e+00	5.97e-02	1.89e-02	8.75e-03
 1.50434e+16	1.03e-01	8.97e-01	2.70e-12	0.00e+00	0.00e+00	0.00e+00	0.00e+00	0.00e+00	0.00e+00	7.07e-02	2.23e-02	1.03e-02
 1.51365e+16	1.23e-01	8.77e-01	2.52e-12	0.00e+00	0.00e+00	0.00e+00	0.00e+00	0.00e+00	0.00e+00	8.39e-02	2.64e-02	1.22e-02
 1.52113e+16	1.43e-01	8.57e-01	2.38e-12	0.00e+00	0.00e+00	0.00e+00	0.00e+00	0.00e+00	0.00e+00	9.81e-02	3.07e-02	1.43e-02
 1.52736e+16	1.65e-01	8.35e-01	2.24e-12	0.00e+00	0.00e+00	0.00e+00	0.00e+00	0.00e+00	0.00e+00	1.13e-01	3.53e-02	1.64e-02
 1.53301e+16	1.90e-01	8.10e-01	2.18e-12	0.00e+00	0.00e+00	0.00e+00	0.00e+00	0.00e+00	0.00e+00	1.31e-01	4.03e-02	1.88e-02
 1.53845e+16	2.20e-01	7.80e-01	2.09e-12	0.00e+00	0.00e+00	0.00e+00	0.00e+00	0.00e+00	0.00e+00	1.51e-01	4.63e-02	2.17e-02
 1.54360e+16	2.55e-01	7.45e-01	2.03e-12	0.00e+00	0.00e+00	0.00e+00	0.00e+00	0.00e+00	0.00e+00	1.77e-01	5.32e-02	2.52e-02
 1.54824e+16	2.96e-01	7.04e-01	1.98e-12	0.00e+00	0.00e+00	0.00e+00	0.00e+00	0.00e+00	0.00e+00	2.06e-01	6.07e-02	2.90e-02
 1.55222e+16	3.38e-01	6.62e-01	1.93e-12	0.00e+00	0.00e+00	0.00e+00	0.00e+00	0.00e+00	0.00e+00	2.37e-01	6.83e-02	3.29e-02
 1.55534e+16	3.77e-01	6.23e-01	1.90e-12	0.00e+00	0.00e+00	0.00e+00	0.00e+00	0.00e+00	0.00e+00	2.66e-01	7.49e-02	3.65e-02
 1.55765e+16	4.09e-01	5.91e-01	1.87e-12	0.00e+00	0.00e+00	0.00e+00	0.00e+00	0.00e+00	0.00e+00	2.90e-01	8.01e-02	3.94e-02
 1.55947e+16	4.37e-01	5.63e-01	1.84e-12	0.00e+00	0.00e+00	0.00e+00	0.00e+00	0.00e+00	0.00e+00	3.11e-01	8.43e-02	4.18e-02
 1.56113e+16	4.62e-01	5.38e-01	1.83e-12	0.00e+00	0.00e+00	0.00e+00	0.00e+00	0.00e+00	0.00e+00	3.30e-01	8.80e-02	4.40e-02
 1.56272e+16	4.88e-01	5.12e-01	1.81e-12	0.00e+00	0.00e+00	0.00e+00	0.00e+00	0.00e+00	0.00e+00	3.51e-01	9.16e-02	4.62e-02
 1.56415e+16	5.13e-01	4.87e-01	1.78e-12	0.00e+00	0.00e+00	0.00e+00	0.00e+00	0.00e+00	0.00e+00	3.70e-01	9.48e-02	4.82e-02
 1.56547e+16	5.36e-01	4.64e-01	1.76e-12	0.00e+00	0.00e+00	0.00e+00	0.00e+00	0.00e+00	0.00e+00	3.89e-01	9.76e-02	5.00e-02
 1.56667e+16	5.57e-01	4.43e-01	1.75e-12	0.00e+00	0.00e+00	0.00e+00	0.00e+00	0.00e+00	0.00e+00	4.06e-01	9.99e-02	5.16e-02
 1.56775e+16	5.77e-01	4.23e-01	1.72e-12	0.00e+00	0.00e+00	0.00e+00	0.00e+00	0.00e+00	0.00e+00	4.22e-01	1.02e-01	5.31e-02
 1.56876e+16	5.95e-01	4.05e-01	1.71e-12	0.00e+00	0.00e+00	0.00e+00	0.00e+00	0.00e+00	0.00e+00	4.37e-01	1.04e-01	5.44e-02
 1.56962e+16	6.11e-01	3.89e-01	1.68e-12	0.00e+00	0.00e+00	0.00e+00	0.00e+00	0.00e+00	0.00e+00	4.51e-01	1.05e-01	5.55e-02
 1.57024e+16	6.23e-01	3.77e-01	1.67e-12	0.00e+00	0.00e+00	0.00e+00	0.00e+00	0.00e+00	0.00e+00	4.60e-01	1.06e-01	5.62e-02
 1.57081e+16	6.33e-01	3.67e-01	1.66e-12	0.00e+00	0.00e+00	0.00e+00	0.00e+00	0.00e+00	0.00e+00	4.69e-01	1.07e-01	5.69e-02
 1.57146e+16	6.45e-01	3.55e-01	1.64e-12	0.00e+00	0.00e+00	0.00e+00	0.00e+00	0.00e+00	0.00e+00	4.80e-01	1.08e-01	5.76e-02
 1.57214e+16	6.58e-01	3.42e-01	1.62e-12	0.00e+00	0.00e+00	0.00e+00	0.00e+00	0.00e+00	0.00e+00	4.91e-01	1.08e-01	5.84e-02
 1.57281e+16	6.70e-01	3.30e-01	1.60e-12	0.00e+00	0.00e+00	0.00e+00	0.00e+00	0.00e+00	0.00e+00	5.02e-01	1.09e-01	5.91e-02
 1.57342e+16	6.81e-01	3.19e-01	1.59e-12	0.00e+00	0.00e+00	0.00e+00	0.00e+00	0.00e+00	0.00e+00	5.11e-01	1.09e-01	5.96e-02
 1.57404e+16	6.92e-01	3.08e-01	1.57e-12	0.00e+00	0.00e+00	0.00e+00	0.00e+00	0.00e+00	0.00e+00	5.22e-01	1.10e-01	6.02e-02
 1.57467e+16	7.03e-01	2.97e-01	1.55e-12	0.00e+00	0.00e+00	0.00e+00	0.00e+00	0.00e+00	0.00e+00	5.32e-01	1.10e-01	6.08e-02
 1.57528e+16	7.14e-01	2.86e-01	1.52e-12	0.00e+00	0.00e+00	0.00e+00	0.00e+00	0.00e+00	0.00e+00	5.42e-01	1.11e-01	6.12e-02
 1.57589e+16	7.24e-01	2.76e-01	1.51e-12	0.00e+00	0.00e+00	0.00e+00	0.00e+00	0.00e+00	0.00e+00	5.51e-01	1.11e-01	6.17e-02
 1.57649e+16	7.34e-01	2.66e-01	1.48e-12	0.00e+00	0.00e+00	0.00e+00	0.00e+00	0.00e+00	0.00e+00	5.61e-01	1.11e-01	6.21e-02
 1.57710e+16	7.45e-01	2.55e-01	1.46e-12	0.00e+00	0.00e+00	0.00e+00	0.00e+00	0.00e+00	0.00e+00	5.71e-01	1.11e-01	6.23e-02
 1.57769e+16	7.54e-01	2.46e-01	1.44e-12	0.00e+00	0.00e+00	0.00e+00	0.00e+00	0.00e+00	0.00e+00	5.81e-01	1.11e-01	6.26e-02
 1.57828e+16	7.63e-01	2.37e-01	1.42e-12	0.00e+00	0.00e+00	0.00e+00	0.00e+00	0.00e+00	0.00e+00	5.90e-01	1.11e-01	6.28e-02
 1.57887e+16	7.73e-01	2.27e-01	1.39e-12	0.00e+00	0.00e+00	0.00e+00	0.00e+00	0.00e+00	0.00e+00	5.99e-01	1.10e-01	6.29e-02
 1.57946e+16	7.82e-01	2.18e-01	1.37e-12	0.00e+00	0.00e+00	0.00e+00	0.00e+00	0.00e+00	0.00e+00	6.09e-01	1.10e-01	6.30e-02
 1.58004e+16	7.91e-01	2.09e-01	1.34e-12	0.00e+00	0.00e+00	0.00e+00	0.00e+00	0.00e+00	0.00e+00	6.18e-01	1.10e-01	6.31e-02
 1.58061e+16	7.99e-01	2.01e-01	1.32e-12	0.00e+00	0.00e+00	0.00e+00	0.00e+00	0.00e+00	0.00e+00	6.26e-01	1.09e-01	6.31e-02
 1.58118e+16	8.07e-01	1.93e-01	1.30e-12	0.00e+00	0.00e+00	0.00e+00	0.00e+00	0.00e+00	0.00e+00	6.35e-01	1.09e-01	6.31e-02
 1.58176e+16	8.15e-01	1.85e-01	1.27e-12	0.00e+00	0.00e+00	0.00e+00	0.00e+00	0.00e+00	0.00e+00	6.44e-01	1.08e-01	6.30e-02
 1.58233e+16	8.23e-01	1.77e-01	1.25e-12	0.00e+00	0.00e+00	0.00e+00	0.00e+00	0.00e+00	0.00e+00	6.52e-01	1.08e-01	6.30e-02
 1.58287e+16	8.30e-01	1.70e-01	1.22e-12	0.00e+00	0.00e+00	0.00e+00	0.00e+00	0.00e+00	0.00e+00	6.60e-01	1.07e-01	6.29e-02
 1.58342e+16	8.37e-01	1.63e-01	1.20e-12	0.00e+00	0.00e+00	0.00e+00	0.00e+00	0.00e+00	0.00e+00	6.68e-01	1.06e-01	6.27e-02
 1.58396e+16	8.43e-01	1.57e-01	1.17e-12	0.00e+00	0.00e+00	0.00e+00	0.00e+00	0.00e+00	0.00e+00	6.75e-01	1.06e-01	6.25e-02
 1.58449e+16	8.50e-01	1.50e-01	1.15e-12	0.00e+00	0.00e+00	0.00e+00	0.00e+00	0.00e+00	0.00e+00	6.82e-01	1.05e-01	6.23e-02
 1.58502e+16	8.56e-01	1.44e-01	1.12e-12	0.00e+00	0.00e+00	0.00e+00	0.00e+00	0.00e+00	0.00e+00	6.90e-01	1.04e-01	6.21e-02
 1.58554e+16	8.62e-01	1.38e-01	1.10e-12	0.00e+00	0.00e+00	0.00e+00	0.00e+00	0.00e+00	0.00e+00	6.96e-01	1.04e-01	6.19e-02
 1.58606e+16	8.68e-01	1.32e-01	1.08e-12	0.00e+00	0.00e+00	0.00e+00	0.00e+00	0.00e+00	0.00e+00	7.03e-01	1.03e-01	6.16e-02
 1.58656e+16	8.73e-01	1.27e-01	1.05e-12	0.00e+00	0.00e+00	0.00e+00	0.00e+00	0.00e+00	0.00e+00	7.09e-01	1.02e-01	6.13e-02
 1.58706e+16	8.78e-01	1.22e-01	1.03e-12	0.00e+00	0.00e+00	0.00e+00	0.00e+00	0.00e+00	0.00e+00	7.16e-01	1.01e-01	6.10e-02
 1.58756e+16	8.83e-01	1.17e-01	1.01e-12	0.00e+00	0.00e+00	0.00e+00	0.00e+00	0.00e+00	0.00e+00	7.21e-01	1.01e-01	6.08e-02
 1.58807e+16	8.88e-01	1.12e-01	9.84e-13	0.00e+00	0.00e+00	0.00e+00	0.00e+00	0.00e+00	0.00e+00	7.27e-01	9.99e-02	6.05e-02
 1.58856e+16	8.92e-01	1.08e-01	9.62e-13	0.00e+00	0.00e+00	0.00e+00	0.00e+00	0.00e+00	0.00e+00	7.33e-01	9.91e-02	6.01e-02
 1.58904e+16	8.97e-01	1.03e-01	9.40e-13	0.00e+00	0.00e+00	0.00e+00	0.00e+00	0.00e+00	0.00e+00	7.38e-01	9.84e-02	5.98e-02
 1.58952e+16	9.01e-01	9.94e-02	9.18e-13	0.00e+00	0.00e+00	0.00e+00	0.00e+00	0.00e+00	0.00e+00	7.43e-01	9.77e-02	5.95e-02
 1.59001e+16	9.05e-01	9.54e-02	8.97e-13	0.00e+00	0.00e+00	0.00e+00	0.00e+00	0.00e+00	0.00e+00	7.48e-01	9.70e-02	5.92e-02
 1.59049e+16	9.09e-01	9.15e-02	8.76e-13	0.00e+00	0.00e+00	0.00e+00	0.00e+00	0.00e+00	0.00e+00	7.53e-01	9.62e-02	5.89e-02
 1.59096e+16	9.12e-01	8.78e-02	8.55e-13	0.00e+00	0.00e+00	0.00e+00	0.00e+00	0.00e+00	0.00e+00	7.58e-01	9.55e-02	5.85e-02
 1.59143e+16	9.16e-01	8.43e-02	8.34e-13	0.00e+00	0.00e+00	0.00e+00	0.00e+00	0.00e+00	0.00e+00	7.63e-01	9.48e-02	5.82e-02
 1.59190e+16	9.19e-01	8.09e-02	8.15e-13	0.00e+00	0.00e+00	0.00e+00	0.00e+00	0.00e+00	0.00e+00	7.67e-01	9.40e-02	5.79e-02
 1.59237e+16	9.22e-01	7.76e-02	7.95e-13	0.00e+00	0.00e+00	0.00e+00	0.00e+00	0.00e+00	0.00e+00	7.72e-01	9.33e-02	5.75e-02
 1.59283e+16	9.25e-01	7.45e-02	7.76e-13	0.00e+00	0.00e+00	0.00e+00	0.00e+00	0.00e+00	0.00e+00	7.76e-01	9.26e-02	5.72e-02
 1.59328e+16	9.28e-01	7.17e-02	7.57e-13	0.00e+00	0.00e+00	0.00e+00	0.00e+00	0.00e+00	0.00e+00	7.79e-01	9.20e-02	5.69e-02
 1.59375e+16	9.31e-01	6.87e-02	7.38e-13	0.00e+00	0.00e+00	0.00e+00	0.00e+00	0.00e+00	0.00e+00	7.83e-01	9.13e-02	5.66e-02
 1.59421e+16	9.34e-01	6.59e-02	7.20e-13	0.00e+00	0.00e+00	0.00e+00	0.00e+00	0.00e+00	0.00e+00	7.87e-01	9.07e-02	5.63e-02
 1.59466e+16	9.37e-01	6.33e-02	7.02e-13	0.00e+00	0.00e+00	0.00e+00	0.00e+00	0.00e+00	0.00e+00	7.91e-01	9.00e-02	5.60e-02
 1.59511e+16	9.39e-01	6.08e-02	6.85e-13	0.00e+00	0.00e+00	0.00e+00	0.00e+00	0.00e+00	0.00e+00	7.94e-01	8.94e-02	5.56e-02
 1.59555e+16	9.42e-01	5.84e-02	6.68e-13	0.00e+00	0.00e+00	0.00e+00	0.00e+00	0.00e+00	0.00e+00	7.97e-01	8.88e-02	5.54e-02
 1.59600e+16	9.44e-01	5.61e-02	6.51e-13	0.00e+00	0.00e+00	0.00e+00	0.00e+00	0.00e+00	0.00e+00	8.01e-01	8.82e-02	5.50e-02
 1.59645e+16	9.46e-01	5.37e-02	6.35e-13	0.00e+00	0.00e+00	0.00e+00	0.00e+00	0.00e+00	0.00e+00	8.04e-01	8.76e-02	5.47e-02
 1.59688e+16	9.48e-01	5.15e-02	6.18e-13	0.00e+00	0.00e+00	0.00e+00	0.00e+00	0.00e+00	0.00e+00	8.07e-01	8.70e-02	5.44e-02
 1.59733e+16	9.50e-01	4.95e-02	6.02e-13	0.00e+00	0.00e+00	0.00e+00	0.00e+00	0.00e+00	0.00e+00	8.10e-01	8.65e-02	5.42e-02
 1.59777e+16	9.53e-01	4.75e-02	5.87e-13	0.00e+00	0.00e+00	0.00e+00	0.00e+00	0.00e+00	0.00e+00	8.13e-01	8.59e-02	5.39e-02
 1.59821e+16	9.54e-01	4.56e-02	5.73e-13	0.00e+00	0.00e+00	0.00e+00	0.00e+00	0.00e+00	0.00e+00	8.16e-01	8.53e-02	5.36e-02
 1.59862e+16	9.56e-01	4.37e-02	5.58e-13	0.00e+00	0.00e+00	0.00e+00	0.00e+00	0.00e+00	0.00e+00	8.18e-01	8.48e-02	5.33e-02
 1.59904e+16	9.58e-01	4.20e-02	5.44e-13	0.00e+00	0.00e+00	0.00e+00	0.00e+00	0.00e+00	0.00e+00	8.21e-01	8.43e-02	5.30e-02
 1.59948e+16	9.60e-01	4.03e-02	5.30e-13	0.00e+00	0.00e+00	0.00e+00	0.00e+00	0.00e+00	0.00e+00	8.23e-01	8.38e-02	5.27e-02
 1.59991e+16	9.61e-01	3.86e-02	5.17e-13	0.00e+00	0.00e+00	0.00e+00	0.00e+00	0.00e+00	0.00e+00	8.26e-01	8.33e-02	5.25e-02
 1.60032e+16	9.63e-01	3.71e-02	5.04e-13	0.00e+00	0.00e+00	0.00e+00	0.00e+00	0.00e+00	0.00e+00	8.28e-01	8.28e-02	5.22e-02
 1.60071e+16	9.64e-01	3.57e-02	4.92e-13	0.00e+00	0.00e+00	0.00e+00	0.00e+00	0.00e+00	0.00e+00	8.30e-01	8.24e-02	5.20e-02
 1.60112e+16	9.66e-01	3.42e-02	4.80e-13	0.00e+00	0.00e+00	0.00e+00	0.00e+00	0.00e+00	0.00e+00	8.32e-01	8.19e-02	5.17e-02
 1.60152e+16	9.67e-01	3.28e-02	4.68e-13	0.00e+00	0.00e+00	0.00e+00	0.00e+00	0.00e+00	0.00e+00	8.34e-01	8.14e-02	5.14e-02
 1.60192e+16	9.69e-01	3.15e-02	4.57e-13	0.00e+00	0.00e+00	0.00e+00	0.00e+00	0.00e+00	0.00e+00	8.36e-01	8.09e-02	5.12e-02
 1.60231e+16	9.70e-01	3.02e-02	4.46e-13	0.00e+00	0.00e+00	0.00e+00	0.00e+00	0.00e+00	0.00e+00	8.38e-01	8.05e-02	5.09e-02
 1.60270e+16	9.71e-01	2.90e-02	4.35e-13	0.00e+00	0.00e+00	0.00e+00	0.00e+00	0.00e+00	0.00e+00	8.40e-01	8.00e-02	5.07e-02
 1.60308e+16	9.72e-01	2.78e-02	4.25e-13	0.00e+00	0.00e+00	0.00e+00	0.00e+00	0.00e+00	0.00e+00	8.42e-01	7.96e-02	5.04e-02
 1.60345e+16	9.73e-01	2.66e-02	4.15e-13	0.00e+00	0.00e+00	0.00e+00	0.00e+00	0.00e+00	0.00e+00	8.44e-01	7.91e-02	5.01e-02
 1.60382e+16	9.74e-01	2.55e-02	4.06e-13	0.00e+00	0.00e+00	0.00e+00	0.00e+00	0.00e+00	0.00e+00	8.46e-01	7.87e-02	4.99e-02
 1.60418e+16	9.76e-01	2.45e-02	3.97e-13	0.00e+00	0.00e+00	0.00e+00	0.00e+00	0.00e+00	0.00e+00	8.48e-01	7.83e-02	4.96e-02
 1.60453e+16	9.77e-01	2.35e-02	3.88e-13	0.00e+00	0.00e+00	0.00e+00	0.00e+00	0.00e+00	0.00e+00	8.49e-01	7.78e-02	4.93e-02
 1.60488e+16	9.78e-01	2.25e-02	3.79e-13	0.00e+00	0.00e+00	0.00e+00	0.00e+00	0.00e+00	0.00e+00	8.51e-01	7.74e-02	4.91e-02
 1.60522e+16	9.79e-01	2.15e-02	3.71e-13	0.00e+00	0.00e+00	0.00e+00	0.00e+00	0.00e+00	0.00e+00	8.53e-01	7.69e-02	4.88e-02
 1.60556e+16	9.79e-01	2.06e-02	3.64e-13	0.00e+00	0.00e+00	0.00e+00	0.00e+00	0.00e+00	0.00e+00	8.54e-01	7.65e-02	4.85e-02
 1.60586e+16	9.80e-01	1.97e-02	3.57e-13	0.00e+00	0.00e+00	0.00e+00	0.00e+00	0.00e+00	0.00e+00	8.56e-01	7.61e-02	4.82e-02
 1.60612e+16	9.81e-01	1.90e-02	3.51e-13	0.00e+00	0.00e+00	0.00e+00	0.00e+00	0.00e+00	0.00e+00	8.57e-01	7.57e-02	4.80e-02
 1.60636e+16	9.82e-01	1.84e-02	3.45e-13	0.00e+00	0.00e+00	0.00e+00	0.00e+00	0.00e+00	0.00e+00	8.59e-01	7.53e-02	4.77e-02
 1.60659e+16	9.82e-01	1.78e-02	3.40e-13	0.00e+00	0.00e+00	0.00e+00	0.00e+00	0.00e+00	0.00e+00	8.60e-01	7.50e-02	4.75e-02
 1.60681e+16	9.83e-01	1.72e-02	3.35e-13	0.00e+00	0.00e+00	0.00e+00	0.00e+00	0.00e+00	0.00e+00	8.61e-01	7.46e-02	4.72e-02
 1.60700e+16	9.83e-01	1.67e-02	3.30e-13	0.00e+00	0.00e+00	0.00e+00	0.00e+00	0.00e+00	0.00e+00	8.62e-01	7.43e-02	4.70e-02
 1.60718e+16	9.84e-01	1.62e-02	3.26e-13	0.00e+00	0.00e+00	0.00e+00	0.00e+00	0.00e+00	0.00e+00	8.63e-01	7.40e-02	4.68e-02
 1.60735e+16	9.84e-01	1.58e-02	3.22e-13	0.00e+00	0.00e+00	0.00e+00	0.00e+00	0.00e+00	0.00e+00	8.64e-01	7.37e-02	4.66e-02
 1.60751e+16	9.85e-01	1.54e-02	3.18e-13	0.00e+00	0.00e+00	0.00e+00	0.00e+00	0.00e+00	0.00e+00	8.65e-01	7.34e-02	4.64e-02
 1.60765e+16	9.85e-01	1.50e-02	3.14e-13	0.00e+00	0.00e+00	0.00e+00	0.00e+00	0.00e+00	0.00e+00	8.66e-01	7.32e-02	4.62e-02
 1.60777e+16	9.85e-01	1.47e-02	3.11e-13	0.00e+00	0.00e+00	0.00e+00	0.00e+00	0.00e+00	0.00e+00	8.66e-01	7.29e-02	4.60e-02
 1.60789e+16	9.86e-01	1.44e-02	3.08e-13	0.00e+00	0.00e+00	0.00e+00	0.00e+00	0.00e+00	0.00e+00	8.67e-01	7.27e-02	4.58e-02
 1.60799e+16	9.86e-01	1.41e-02	3.05e-13	0.00e+00	0.00e+00	0.00e+00	0.00e+00	0.00e+00	0.00e+00	8.68e-01	7.25e-02	4.57e-02
 1.60809e+16	9.86e-01	1.39e-02	3.03e-13	0.00e+00	0.00e+00	0.00e+00	0.00e+00	0.00e+00	0.00e+00	8.68e-01	7.23e-02	4.55e-02
 1.60819e+16	9.86e-01	1.37e-02	3.00e-13	0.00e+00	0.00e+00	0.00e+00	0.00e+00	0.00e+00	0.00e+00	8.69e-01	7.21e-02	4.54e-02
 1.60833e+16	9.87e-01	1.33e-02	2.95e-13	0.00e+00	0.00e+00	0.00e+00	0.00e+00	0.00e+00	0.00e+00	8.70e-01	7.17e-02	4.52e-02
 1.60848e+16	9.87e-01	1.29e-02	2.91e-13	0.00e+00	0.00e+00	0.00e+00	0.00e+00	0.00e+00	0.00e+00	8.71e-01	7.13e-02	4.49e-02
 1.60861e+16	9.87e-01	1.26e-02	2.87e-13	0.00e+00	0.00e+00	0.00e+00	0.00e+00	0.00e+00	0.00e+00	8.72e-01	7.10e-02	4.47e-02
 1.60873e+16	9.88e-01	1.23e-02	2.83e-13	0.00e+00	0.00e+00	0.00e+00	0.00e+00	0.00e+00	0.00e+00	8.73e-01	7.06e-02	4.45e-02
 1.60884e+16	9.88e-01	1.21e-02	2.80e-13	0.00e+00	0.00e+00	0.00e+00	0.00e+00	0.00e+00	0.00e+00	8.73e-01	7.04e-02	4.43e-02
 1.60894e+16	9.88e-01	1.19e-02	2.77e-13	0.00e+00	0.00e+00	0.00e+00	0.00e+00	0.00e+00	0.00e+00	8.74e-01	7.01e-02	4.42e-02
 1.60904e+16	9.88e-01	1.17e-02	2.74e-13	0.00e+00	0.00e+00	0.00e+00	0.00e+00	0.00e+00	0.00e+00	8.74e-01	6.99e-02	4.40e-02
 1.60914e+16	9.89e-01	1.15e-02	2.71e-13	0.00e+00	0.00e+00	0.00e+00	0.00e+00	0.00e+00	0.00e+00	8.75e-01	6.97e-02	4.39e-02
 1.60927e+16	9.89e-01	1.12e-02	2.66e-13	0.00e+00	0.00e+00	0.00e+00	0.00e+00	0.00e+00	0.00e+00	8.76e-01	6.93e-02	4.36e-02
 1.60941e+16	9.89e-01	1.09e-02	2.61e-13	0.00e+00	0.00e+00	0.00e+00	0.00e+00	0.00e+00	0.00e+00	8.77e-01	6.90e-02	4.34e-02
 1.60954e+16	9.89e-01	1.07e-02	2.57e-13	0.00e+00	0.00e+00	0.00e+00	0.00e+00	0.00e+00	0.00e+00	8.77e-01	6.87e-02	4.32e-02
 1.60965e+16	9.90e-01	1.05e-02	2.54e-13	0.00e+00	0.00e+00	0.00e+00	0.00e+00	0.00e+00	0.00e+00	8.78e-01	6.85e-02	4.30e-02
 1.60976e+16	9.90e-01	1.03e-02	2.50e-13	0.00e+00	0.00e+00	0.00e+00	0.00e+00	0.00e+00	0.00e+00	8.79e-01	6.82e-02	4.29e-02
 1.60988e+16	9.90e-01	1.01e-02	2.47e-13	0.00e+00	0.00e+00	0.00e+00	0.00e+00	0.00e+00	0.00e+00	8.79e-01	6.80e-02	4.27e-02
 1.61000e+16	9.90e-01	9.83e-03	2.42e-13	0.00e+00	0.00e+00	0.00e+00	0.00e+00	0.00e+00	0.00e+00	8.80e-01	6.77e-02	4.25e-02
 1.61012e+16	9.90e-01	9.64e-03	2.38e-13	0.00e+00	0.00e+00	0.00e+00	0.00e+00	0.00e+00	0.00e+00	8.81e-01	6.74e-02	4.23e-02
 1.61022e+16	9.91e-01	9.46e-03	2.35e-13	0.00e+00	0.00e+00	0.00e+00	0.00e+00	0.00e+00	0.00e+00	8.81e-01	6.72e-02	4.21e-02
 1.61032e+16	9.91e-01	9.29e-03	2.32e-13	0.00e+00	0.00e+00	0.00e+00	0.00e+00	0.00e+00	0.00e+00	8.82e-01	6.70e-02	4.19e-02
 1.61042e+16	9.91e-01	9.13e-03	2.28e-13	0.00e+00	0.00e+00	0.00e+00	0.00e+00	0.00e+00	0.00e+00	8.82e-01	6.67e-02	4.18e-02
 1.61053e+16	9.91e-01	8.95e-03	2.25e-13	0.00e+00	0.00e+00	0.00e+00	0.00e+00	0.00e+00	0.00e+00	8.83e-01	6.65e-02	4.16e-02
 1.61063e+16	9.91e-01	8.80e-03	2.21e-13	0.00e+00	0.00e+00	0.00e+00	0.00e+00	0.00e+00	0.00e+00	8.84e-01	6.63e-02	4.14e-02
 1.61075e+16	9.91e-01	8.59e-03	2.17e-13	0.00e+00	0.00e+00	0.00e+00	0.00e+00	0.00e+00	0.00e+00	8.84e-01	6.59e-02	4.12e-02
 1.61087e+16	9.92e-01	8.40e-03	2.12e-13	0.00e+00	0.00e+00	0.00e+00	0.00e+00	0.00e+00	0.00e+00	8.85e-01	6.56e-02	4.09e-02
 1.61098e+16	9.92e-01	8.22e-03	2.08e-13	0.00e+00	0.00e+00	0.00e+00	0.00e+00	0.00e+00	0.00e+00	8.86e-01	6.53e-02	4.07e-02
 1.61108e+16	9.92e-01	8.08e-03	2.04e-13	0.00e+00	0.00e+00	0.00e+00	0.00e+00	0.00e+00	0.00e+00	8.86e-01	6.51e-02	4.05e-02
 1.61119e+16	9.92e-01	7.92e-03	2.01e-13	0.00e+00	0.00e+00	0.00e+00	0.00e+00	0.00e+00	0.00e+00	8.87e-01	6.49e-02	4.03e-02
 1.61130e+16	9.92e-01	7.73e-03	1.96e-13	0.00e+00	0.00e+00	0.00e+00	0.00e+00	0.00e+00	0.00e+00	8.88e-01	6.45e-02	4.00e-02
 1.61141e+16	9.92e-01	7.58e-03	1.93e-13	0.00e+00	0.00e+00	0.00e+00	0.00e+00	0.00e+00	0.00e+00	8.88e-01	6.42e-02	3.98e-02
 1.61151e+16	9.93e-01	7.44e-03	1.89e-13	0.00e+00	0.00e+00	0.00e+00	0.00e+00	0.00e+00	0.00e+00	8.89e-01	6.40e-02	3.96e-02
 1.61160e+16	9.93e-01	7.31e-03	1.86e-13	0.00e+00	0.00e+00	0.00e+00	0.00e+00	0.00e+00	0.00e+00	8.90e-01	6.37e-02	3.94e-02
 1.61170e+16	9.93e-01	7.18e-03	1.83e-13	0.00e+00	0.00e+00	0.00e+00	0.00e+00	0.00e+00	0.00e+00	8.90e-01	6.35e-02	3.92e-02
 1.61180e+16	9.93e-01	7.04e-03	1.80e-13	0.00e+00	0.00e+00	0.00e+00	0.00e+00	0.00e+00	0.00e+00	8.91e-01	6.32e-02	3.90e-02
 1.61190e+16	9.93e-01	6.92e-03	1.77e-13	0.00e+00	0.00e+00	0.00e+00	0.00e+00	0.00e+00	0.00e+00	8.91e-01	6.30e-02	3.88e-02
###########################
 1.13134e+11	8.81e-05	5.84e-02	9.40e-01	1.19e-03	0.00e+00	0.00e+00	0.00e+00	0.00e+00	0.00e+00	6.73e-05	1.42e-05	6.61e-06
 6.78805e+11	8.81e-05	5.85e-02	9.40e-01	1.19e-03	0.00e+00	0.00e+00	0.00e+00	0.00e+00	0.00e+00	6.73e-05	1.42e-05	6.62e-06
 2.94149e+12	8.85e-05	5.87e-02	9.40e-01	1.17e-03	0.00e+00	0.00e+00	0.00e+00	0.00e+00	0.00e+00	6.76e-05	1.42e-05	6.65e-06
 1.19922e+13	8.93e-05	5.91e-02	9.40e-01	1.09e-03	0.00e+00	0.00e+00	0.00e+00	0.00e+00	0.00e+00	6.82e-05	1.44e-05	6.71e-06
 2.86456e+13	8.94e-05	5.98e-02	9.39e-01	9.80e-04	0.00e+00	0.00e+00	0.00e+00	0.00e+00	0.00e+00	6.83e-05	1.44e-05	6.74e-06
 5.02949e+13	8.99e-05	6.06e-02	9.38e-01	8.55e-04	0.00e+00	0.00e+00	0.00e+00	0.00e+00	0.00e+00	6.86e-05	1.44e-05	6.81e-06
 7.84391e+13	9.08e-05	6.17e-02	9.38e-01	7.15e-04	0.00e+00	0.00e+00	0.00e+00	0.00e+00	0.00e+00	6.93e-05	1.46e-05	6.90e-06
 1.15026e+14	9.23e-05	6.32e-02	9.36e-01	5.67e-04	0.00e+00	0.00e+00	0.00e+00	0.00e+00	0.00e+00	7.05e-05	1.48e-05	7.04e-06
 1.62590e+14	9.43e-05	6.52e-02	9.34e-01	4.20e-04	0.00e+00	0.00e+00	0.00e+00	0.00e+00	0.00e+00	7.20e-05	1.51e-05	7.22e-06
 2.24423e+14	9.74e-05	6.80e-02	9.32e-01	2.85e-04	0.00e+00	0.00e+00	0.00e+00	0.00e+00	0.00e+00	7.44e-05	1.55e-05	7.46e-06
 3.04805e+14	1.02e-04	7.21e-02	9.28e-01	1.72e-04	0.00e+00	0.00e+00	0.00e+00	0.00e+00	0.00e+00	7.80e-05	1.62e-05	7.82e-06
 4.09303e+14	1.09e-04	7.80e-02	9.22e-01	8.97e-05	0.00e+00	0.00e+00	0.00e+00	0.00e+00	0.00e+00	8.34e-05	1.72e-05	8.35e-06
 5.45149e+14	1.19e-04	8.69e-02	9.13e-01	3.87e-05	0.00e+00	0.00e+00	0.00e+00	0.00e+00	0.00e+00	9.17e-05	1.87e-05	9.15e-06
 6.92550e+14	1.31e-04	9.81e-02	9.02e-01	1.58e-05	0.00e+00	0.00e+00	0.00e+00	0.00e+00	0.00e+00	1.01e-04	2.03e-05	1.00e-05
 8.54971e+14	1.50e-04	1.14e-01	8.86e-01	5.83e-06	0.00e+00	0.00e+00	0.00e+00	0.00e+00	0.00e+00	1.15e-04	2.31e-05	1.15e-05
 1.06612e+15	1.82e-04	1.39e-01	8.60e-01	1.62e-06	0.00e+00	0.00e+00	0.00e+00	0.00e+00	0.00e+00	1.40e-04	2.77e-05	1.39e-05
 1.27779e+15	2.20e-04	1.75e-01	8.25e-01	4.44e-07	0.00e+00	0.00e+00	0.00e+00	0.00e+00	0.00e+00	1.70e-04	3.34e-05	1.69e-05
 1.44211e+15	2.61e-04	2.13e-01	7.87e-01	1.63e-07	0.00e+00	0.00e+00	0.00e+00	0.00e+00	0.00e+00	2.02e-04	3.95e-05	2.01e-05
 1.56888e+15	3.03e-04	2.50e-01	7.49e-01	0.00e+00	0.00e+00	0.00e+00	0.00e+00	0.00e+00	0.00e+00	2.34e-04	4.57e-05	2.34e-05
 1.67797e+15	3.49e-04	2.91e-01	7.09e-01	0.00e+00	0.00e+00	0.00e+00	0.00e+00	0.00e+00	0.00e+00	2.69e-04	5.27e-05	2.70e-05
 1.80288e+15	4.16e-04	3.48e-01	6.51e-01	0.00e+00	0.00e+00	0.00e+00	0.00e+00	0.00e+00	0.00e+00	3.21e-04	6.29e-05	3.23e-05
 1.94091e+15	5.03e-04	4.27e-01	5.73e-01	0.00e+00	0.00e+00	0.00e+00	0.00e+00	0.00e+00	0.00e+00	3.88e-04	7.65e-05	3.93e-05
 2.06388e+15	5.97e-04	5.14e-01	4.86e-01	0.00e+00	0.00e+00	0.00e+00	0.00e+00	0.00e+00	0.00e+00	4.59e-04	9.13e-05	4.69e-05
 2.16965e+15	6.88e-04	6.00e-01	4.00e-01	0.00e+00	0.00e+00	0.00e+00	0.00e+00	0.00e+00	0.00e+00	5.28e-04	1.06e-04	5.43e-05
 2.28520e+15	7.98e-04	6.98e-01	3.01e-01	0.00e+00	0.00e+00	0.00e+00	0.00e+00	0.00e+00	0.00e+00	6.11e-04	1.24e-04	6.33e-05
 2.43542e+15	9.30e-04	8.15e-01	1.85e-01	0.00e+00	0.00e+00	0.00e+00	0.00e+00	0.00e+00	0.00e+00	7.11e-04	1.45e-04	7.42e-05
 2.60351e+15	1.04e-03	9.10e-01	8.93e-02	0.00e+00	0.00e+00	0.00e+00	0.00e+00	0.00e+00	0.00e+00	7.96e-04	1.63e-04	8.34e-05
 2.76374e+15	1.11e-03	9.60e-01	3.89e-02	0.00e+00	0.00e+00	0.00e+00	0.00e+00	0.00e+00	0.00e+00	8.52e-04	1.73e-04	8.91e-05
 2.91229e+15	1.17e-03	9.82e-01	1.69e-02	0.00e+00	0.00e+00	0.00e+00	0.00e+00	0.00e+00	0.00e+00	8.94e-04	1.80e-04	9.29e-05
 3.05130e+15	1.22e-03	9.91e-01	7.43e-03	0.00e+00	0.00e+00	0.00e+00	0.00e+00	0.00e+00	0.00e+00	9.35e-04	1.86e-04	9.64e-05
 3.18026e+15	1.27e-03	9.95e-01	3.38e-03	0.00e+00	0.00e+00	0.00e+00	0.00e+00	0.00e+00	0.00e+00	9.80e-04	1.92e-04	9.98e-05
 3.29761e+15	1.33e-03	9.97e-01	1.60e-03	0.00e+00	0.00e+00	0.00e+00	0.00e+00	0.00e+00	0.00e+00	1.03e-03	1.98e-04	1.04e-04
 3.40440e+15	1.40e-03	9.98e-01	7.94e-04	0.00e+00	0.00e+00	0.00e+00	0.00e+00	0.00e+00	0.00e+00	1.09e-03	2.05e-04	1.08e-04
 3.50158e+15	1.48e-03	9.98e-01	4.08e-04	0.00e+00	0.00e+00	0.00e+00	0.00e+00	0.00e+00	0.00e+00	1.16e-03	2.13e-04	1.13e-04
 3.59001e+15	1.57e-03	9.98e-01	2.17e-04	0.00e+00	0.00e+00	0.00e+00	0.00e+00	0.00e+00	0.00e+00	1.23e-03	2.21e-04	1.18e-04
 3.67048e+15	1.66e-03	9.98e-01	1.19e-04	0.00e+00	0.00e+00	0.00e+00	0.00e+00	0.00e+00	0.00e+00	1.30e-03	2.30e-04	1.22e-04
 3.74371e+15	1.74e-03	9.98e-01	6.78e-05	0.00e+00	0.00e+00	0.00e+00	0.00e+00	0.00e+00	0.00e+00	1.38e-03	2.38e-04	1.27e-04
 3.81035e+15	1.83e-03	9.98e-01	3.98e-05	0.00e+00	0.00e+00	0.00e+00	0.00e+00	0.00e+00	0.00e+00	1.45e-03	2.46e-04	1.32e-04
 3.87100e+15	1.91e-03	9.98e-01	2.41e-05	0.00e+00	0.00e+00	0.00e+00	0.00e+00	0.00e+00	0.00e+00	1.52e-03	2.52e-04	1.36e-04
 3.92618e+15	1.98e-03	9.98e-01	1.50e-05	0.00e+00	0.00e+00	0.00e+00	0.00e+00	0.00e+00	0.00e+00	1.58e-03	2.59e-04	1.40e-04
 3.97640e+15	2.04e-03	9.98e-01	9.66e-06	0.00e+00	0.00e+00	0.00e+00	0.00e+00	0.00e+00	0.00e+00	1.64e-03	2.64e-04	1.43e-04
 4.01627e+15	2.09e-03	9.98e-01	6.78e-06	0.00e+00	0.00e+00	0.00e+00	0.00e+00	0.00e+00	0.00e+00	1.68e-03	2.68e-04	1.46e-04
 4.04526e+15	2.12e-03	9.98e-01	5.19e-06	0.00e+00	0.00e+00	0.00e+00	0.00e+00	0.00e+00	0.00e+00	1.71e-03	2.70e-04	1.47e-04
 4.07528e+15	2.16e-03	9.98e-01	3.88e-06	0.00e+00	0.00e+00	0.00e+00	0.00e+00	0.00e+00	0.00e+00	1.74e-03	2.73e-04	1.49e-04
 4.11430e+15	2.20e-03	9.98e-01	2.64e-06	0.00e+00	0.00e+00	0.00e+00	0.00e+00	0.00e+00	0.00e+00	1.78e-03	2.76e-04	1.51e-04
 4.15619e+15	2.24e-03	9.98e-01	1.74e-06	0.00e+00	0.00e+00	0.00e+00	0.00e+00	0.00e+00	0.00e+00	1.81e-03	2.78e-04	1.52e-04
 4.19301e+15	2.27e-03	9.98e-01	1.19e-06	0.00e+00	0.00e+00	0.00e+00	0.00e+00	0.00e+00	0.00e+00	1.84e-03	2.80e-04	1.54e-04
 4.23206e+15	2.31e-03	9.98e-01	7.81e-07	0.00e+00	0.00e+00	0.00e+00	0.00e+00	0.00e+00	0.00e+00	1.87e-03	2.82e-04	1.55e-04
 4.28283e+15	2.34e-03	9.98e-01	4.47e-07	0.00e+00	0.00e+00	0.00e+00	0.00e+00	0.00e+00	0.00e+00	1.90e-03	2.84e-04	1.57e-04
 4.34884e+15	2.38e-03	9.98e-01	2.13e-07	0.00e+00	0.00e+00	0.00e+00	0.00e+00	0.00e+00	0.00e+00	1.94e-03	2.87e-04	1.58e-04
 4.43464e+15	2.43e-03	9.98e-01	8.07e-08	0.00e+00	0.00e+00	0.00e+00	0.00e+00	0.00e+00	0.00e+00	1.98e-03	2.90e-04	1.60e-04
 4.54619e+15	2.48e-03	9.98e-01	2.29e-08	0.00e+00	0.00e+00	0.00e+00	0.00e+00	0.00e+00	0.00e+00	2.02e-03	2.96e-04	1.63e-04
 4.69120e+15	2.55e-03	9.97e-01	4.66e-09	0.00e+00	0.00e+00	0.00e+00	0.00e+00	0.00e+00	0.00e+00	2.08e-03	3.05e-04	1.67e-04
 4.87972e+15	2.64e-03	9.97e-01	6.51e-10	0.00e+00	0.00e+00	0.00e+00	0.00e+00	0.00e+00	0.00e+00	2.15e-03	3.18e-04	1.73e-04
 5.12478e+15	2.76e-03	9.97e-01	7.72e-11	0.00e+00	0.00e+00	0.00e+00	0.00e+00	0.00e+00	0.00e+00	2.25e-03	3.35e-04	1.82e-04
 5.44337e+15	2.94e-03	9.97e-01	2.69e-11	0.00e+00	0.00e+00	0.00e+00	0.00e+00	0.00e+00	0.00e+00	2.38e-03	3.60e-04	1.93e-04
 5.84436e+15	3.17e-03	9.97e-01	2.40e-11	0.00e+00	0.00e+00	0.00e+00	0.00e+00	0.00e+00	0.00e+00	2.57e-03	3.96e-04	2.10e-04
 6.25221e+15	3.47e-03	9.97e-01	2.36e-11	0.00e+00	0.00e+00	0.00e+00	0.00e+00	0.00e+00	0.00e+00	2.80e-03	4.41e-04	2.30e-04
 6.60011e+15	3.77e-03	9.96e-01	2.33e-11	0.00e+00	0.00e+00	0.00e+00	0.00e+00	0.00e+00	0.00e+00	3.03e-03	4.87e-04	2.51e-04
 6.90291e+15	4.04e-03	9.96e-01	2.30e-11	0.00e+00	0.00e+00	0.00e+00	0.00e+00	0.00e+00	0.00e+00	3.24e-03	5.32e-04	2.71e-04
 7.17206e+15	4.31e-03	9.96e-01	2.27e-11	0.00e+00	0.00e+00	0.00e+00	0.00e+00	0.00e+00	0.00e+00	3.44e-03	5.76e-04	2.92e-04
 7.41531e+15	4.57e-03	9.95e-01	2.25e-11	0.00e+00	0.00e+00	0.00e+00	0.00e+00	0.00e+00	0.00e+00	3.63e-03	6.22e-04	3.12e-04
 7.63829e+15	4.82e-03	9.95e-01	2.22e-11	0.00e+00	0.00e+00	0.00e+00	0.00e+00	0.00e+00	0.00e+00	3.82e-03	6.67e-04	3.31e-04
