#depth	H	H+	H2
 1.13134e+11	3.23e-03	9.97e-01	1.39e-11
 6.78805e+11	3.23e-03	9.97e-01	1.39e-11
 2.94149e+12	3.24e-03	9.97e-01	1.40e-11
 1.19922e+13	3.24e-03	9.97e-01	1.40e-11
 2.86456e+13	3.21e-03	9.97e-01	1.40e-11
 5.02949e+13	3.18e-03	9.97e-01	1.38e-11
 7.84391e+13	3.15e-03	9.97e-01	1.37e-11
 1.15026e+14	3.13e-03	9.97e-01	1.37e-11
 1.62590e+14	3.09e-03	9.97e-01	1.35e-11
 2.24423e+14	3.05e-03	9.97e-01	1.33e-11
 3.04805e+14	3.00e-03	9.97e-01	1.31e-11
 4.09303e+14	2.95e-03	9.97e-01	1.29e-11
 5.45149e+14	2.88e-03	9.97e-01	1.26e-11
 6.92551e+14	2.78e-03	9.97e-01	1.21e-11
 8.54975e+14	2.72e-03	9.97e-01	1.17e-11
 1.06613e+15	2.65e-03	9.97e-01	1.13e-11
 1.27779e+15	2.53e-03	9.97e-01	1.07e-11
 1.44208e+15	2.45e-03	9.98e-01	1.00e-11
 1.56884e+15	2.39e-03	9.98e-01	9.58e-12
 1.67792e+15	2.35e-03	9.98e-01	9.25e-12
 1.80282e+15	2.31e-03	9.98e-01	8.96e-12
 1.94085e+15	2.25e-03	9.98e-01	8.55e-12
 2.06380e+15	2.19e-03	9.98e-01	8.10e-12
 2.16957e+15	2.14e-03	9.98e-01	7.70e-12
 2.28512e+15	2.10e-03	9.98e-01	7.38e-12
 2.43533e+15	2.06e-03	9.98e-01	7.10e-12
 2.60347e+15	2.03e-03	9.98e-01	6.94e-12
 2.76378e+15	2.02e-03	9.98e-01	7.00e-12
 2.91238e+15	2.04e-03	9.98e-01	7.24e-12
 3.05139e+15	2.08e-03	9.98e-01	7.63e-12
 3.18032e+15	2.14e-03	9.98e-01	8.18e-12
 3.29764e+15	2.20e-03	9.98e-01	8.88e-12
 3.40440e+15	2.29e-03	9.98e-01	9.74e-12
 3.50155e+15	2.38e-03	9.98e-01	1.08e-11
 3.58996e+15	2.48e-03	9.98e-01	1.20e-11
 3.67042e+15	2.58e-03	9.97e-01	1.33e-11
 3.74363e+15	2.68e-03	9.97e-01	1.47e-11
 3.81025e+15	2.78e-03	9.97e-01	1.62e-11
 3.87088e+15	2.88e-03	9.97e-01	1.76e-11
 3.92605e+15	2.96e-03	9.97e-01	1.90e-11
 3.97625e+15	3.03e-03	9.97e-01	2.02e-11
 4.01611e+15	3.09e-03	9.97e-01	2.13e-11
 4.04511e+15	3.12e-03	9.97e-01	2.20e-11
 4.07514e+15	3.16e-03	9.97e-01	2.29e-11
 4.11417e+15	3.21e-03	9.97e-01	2.37e-11
 4.15607e+15	3.25e-03	9.97e-01	2.48e-11
 4.19289e+15	3.29e-03	9.97e-01	2.56e-11
 4.23195e+15	3.32e-03	9.97e-01	2.64e-11
 4.28273e+15	3.36e-03	9.97e-01	2.74e-11
 4.34874e+15	3.41e-03	9.97e-01	2.84e-11
 4.43455e+15	3.45e-03	9.97e-01	2.94e-11
 4.54611e+15	3.50e-03	9.96e-01	3.03e-11
 4.69114e+15	3.58e-03	9.96e-01	3.14e-11
 4.87968e+15	3.66e-03	9.96e-01	3.26e-11
 5.12477e+15	3.78e-03	9.96e-01	3.41e-11
 5.44340e+15	3.94e-03	9.96e-01	3.62e-11
 5.84482e+15	4.15e-03	9.96e-01	3.89e-11
 6.25295e+15	4.43e-03	9.96e-01	4.25e-11
 6.60057e+15	4.69e-03	9.95e-01	4.58e-11
 6.90308e+15	4.93e-03	9.95e-01	4.87e-11
 7.17204e+15	5.16e-03	9.95e-01	5.12e-11
 7.41516e+15	5.37e-03	9.95e-01	5.35e-11
 7.63806e+15	5.58e-03	9.94e-01	5.56e-11
 7.84529e+15	5.78e-03	9.94e-01	5.74e-11
 8.03894e+15	5.97e-03	9.94e-01	5.90e-11
 8.21956e+15	6.15e-03	9.94e-01	6.04e-11
 8.38746e+15	6.32e-03	9.94e-01	6.16e-11
 8.54457e+15	6.48e-03	9.94e-01	6.25e-11
 8.69370e+15	6.64e-03	9.93e-01	6.32e-11
 8.83577e+15	6.79e-03	9.93e-01	6.38e-11
 8.97127e+15	6.93e-03	9.93e-01	6.42e-11
 9.10088e+15	7.07e-03	9.93e-01	6.45e-11
 9.22536e+15	7.20e-03	9.93e-01	6.46e-11
 9.34512e+15	7.34e-03	9.93e-01	6.49e-11
 9.46522e+15	7.46e-03	9.93e-01	6.46e-11
 9.58253e+15	7.59e-03	9.92e-01	6.46e-11
 9.69230e+15	7.71e-03	9.92e-01	6.43e-11
 9.79930e+15	7.83e-03	9.92e-01	6.40e-11
 9.90506e+15	7.94e-03	9.92e-01	6.35e-11
 1.00097e+16	8.06e-03	9.92e-01	6.29e-11
 1.01136e+16	8.18e-03	9.92e-01	6.22e-11
 1.02172e+16	8.31e-03	9.92e-01	6.13e-11
 1.03211e+16	8.44e-03	9.92e-01	6.02e-11
 1.04258e+16	8.58e-03	9.91e-01	5.86e-11
 1.05318e+16	8.73e-03	9.91e-01	5.67e-11
 1.06396e+16	8.89e-03	9.91e-01	5.41e-11
 1.07495e+16	9.06e-03	9.91e-01	5.09e-11
 1.08611e+16	9.26e-03	9.91e-01	4.72e-11
 1.09760e+16	9.47e-03	9.91e-01	4.29e-11
 1.10955e+16	9.71e-03	9.90e-01	3.82e-11
 1.12183e+16	9.98e-03	9.90e-01	3.34e-11
 1.13443e+16	1.03e-02	9.90e-01	2.88e-11
 1.14738e+16	1.06e-02	9.89e-01	2.44e-11
 1.16069e+16	1.10e-02	9.89e-01	2.06e-11
 1.17432e+16	1.14e-02	9.89e-01	1.73e-11
 1.18826e+16	1.19e-02	9.88e-01	1.46e-11
 1.20248e+16	1.24e-02	9.88e-01	1.23e-11
 1.21693e+16	1.29e-02	9.87e-01	1.06e-11
 1.23157e+16	1.36e-02	9.86e-01	9.16e-12
 1.24635e+16	1.43e-02	9.86e-01	8.07e-12
 1.26118e+16	1.51e-02	9.85e-01	7.23e-12
 1.27601e+16	1.60e-02	9.84e-01	6.60e-12
 1.29077e+16	1.70e-02	9.83e-01	6.12e-12
 1.30541e+16	1.82e-02	9.82e-01	5.77e-12
 1.31989e+16	1.94e-02	9.81e-01	5.53e-12
 1.33415e+16	2.08e-02	9.79e-01	5.37e-12
 1.34817e+16	2.24e-02	9.78e-01	5.29e-12
 1.36192e+16	2.42e-02	9.76e-01	5.28e-12
 1.37537e+16	2.62e-02	9.74e-01	5.32e-12
 1.38853e+16	2.85e-02	9.71e-01	5.42e-12
 1.40138e+16	3.12e-02	9.69e-01	5.58e-12
 1.41391e+16	3.42e-02	9.66e-01	5.80e-12
 1.42616e+16	3.78e-02	9.62e-01	6.08e-12
 1.43813e+16	4.20e-02	9.58e-01	6.45e-12
 1.44986e+16	4.70e-02	9.53e-01	6.91e-12
 1.46139e+16	5.32e-02	9.47e-01	7.51e-12
 1.47275e+16	6.09e-02	9.39e-01	8.28e-12
 1.48401e+16	7.08e-02	9.29e-01	9.33e-12
 1.49482e+16	8.37e-02	9.16e-01	1.08e-11
 1.50428e+16	9.94e-02	9.01e-01	1.27e-11
 1.51196e+16	1.17e-01	8.83e-01	1.50e-11
 1.51833e+16	1.35e-01	8.65e-01	1.75e-11
 1.52409e+16	1.56e-01	8.44e-01	2.07e-11
 1.52955e+16	1.82e-01	8.18e-01	2.48e-11
 1.53470e+16	2.12e-01	7.88e-01	3.03e-11
 1.53941e+16	2.47e-01	7.53e-01	3.77e-11
 1.54353e+16	2.86e-01	7.14e-01	4.71e-11
 1.54682e+16	3.23e-01	6.77e-01	5.78e-11
 1.54922e+16	3.55e-01	6.45e-01	6.82e-11
 1.55107e+16	3.81e-01	6.19e-01	7.84e-11
 1.55273e+16	4.06e-01	5.94e-01	8.86e-11
 1.55432e+16	4.31e-01	5.69e-01	1.01e-10
 1.55578e+16	4.56e-01	5.44e-01	1.14e-10
 1.55711e+16	4.79e-01	5.21e-01	1.29e-10
 1.55833e+16	5.00e-01	5.00e-01	1.43e-10
 1.55941e+16	5.21e-01	4.79e-01	1.59e-10
 1.56043e+16	5.39e-01	4.61e-01	1.75e-10
 1.56130e+16	5.56e-01	4.44e-01	1.92e-10
 1.56192e+16	5.67e-01	4.33e-01	2.04e-10
 1.56249e+16	5.78e-01	4.22e-01	2.15e-10
 1.56313e+16	5.90e-01	4.10e-01	2.31e-10
 1.56383e+16	6.04e-01	3.96e-01	2.48e-10
 1.56450e+16	6.17e-01	3.83e-01	2.67e-10
 1.56512e+16	6.29e-01	3.71e-01	2.86e-10
 1.56573e+16	6.41e-01	3.59e-01	3.07e-10
 1.56634e+16	6.52e-01	3.48e-01	3.27e-10
 1.56697e+16	6.64e-01	3.36e-01	3.51e-10
 1.56759e+16	6.76e-01	3.24e-01	3.78e-10
 1.56820e+16	6.87e-01	3.13e-01	4.07e-10
 1.56879e+16	6.97e-01	3.03e-01	4.33e-10
 1.56938e+16	7.08e-01	2.92e-01	4.67e-10
 1.56998e+16	7.19e-01	2.81e-01	5.03e-10
 1.57057e+16	7.29e-01	2.71e-01	5.40e-10
 1.57114e+16	7.39e-01	2.61e-01	5.75e-10
 1.57173e+16	7.49e-01	2.51e-01	6.20e-10
 1.57232e+16	7.59e-01	2.41e-01	6.68e-10
 1.57289e+16	7.68e-01	2.32e-01	7.17e-10
 1.57345e+16	7.77e-01	2.23e-01	7.62e-10
 1.57401e+16	7.86e-01	2.14e-01	8.18e-10
 1.57457e+16	7.94e-01	2.06e-01	8.76e-10
 1.57512e+16	8.02e-01	1.98e-01	9.41e-10
 1.57566e+16	8.10e-01	1.90e-01	1.01e-09
 1.57620e+16	8.18e-01	1.82e-01	1.09e-09
 1.57672e+16	8.24e-01	1.76e-01	1.15e-09
 1.57724e+16	8.31e-01	1.69e-01	1.23e-09
 1.57776e+16	8.38e-01	1.62e-01	1.32e-09
 1.57827e+16	8.44e-01	1.56e-01	1.41e-09
 1.57877e+16	8.50e-01	1.50e-01	1.49e-09
 1.57927e+16	8.56e-01	1.44e-01	1.61e-09
 1.57977e+16	8.62e-01	1.38e-01	1.70e-09
 1.58026e+16	8.67e-01	1.33e-01	1.82e-09
 1.58075e+16	8.72e-01	1.28e-01	1.94e-09
 1.58123e+16	8.77e-01	1.23e-01	2.07e-09
 1.58170e+16	8.82e-01	1.18e-01	2.17e-09
 1.58219e+16	8.87e-01	1.13e-01	2.32e-09
 1.58266e+16	8.91e-01	1.09e-01	2.48e-09
 1.58313e+16	8.95e-01	1.05e-01	2.64e-09
 1.58360e+16	8.99e-01	1.01e-01	2.79e-09
 1.58407e+16	9.03e-01	9.66e-02	2.98e-09
 1.58453e+16	9.07e-01	9.28e-02	3.19e-09
 1.58498e+16	9.11e-01	8.92e-02	3.40e-09
 1.58543e+16	9.14e-01	8.58e-02	3.57e-09
 1.58589e+16	9.18e-01	8.24e-02	3.82e-09
 1.58635e+16	9.21e-01	7.92e-02	4.09e-09
 1.58680e+16	9.24e-01	7.60e-02	4.37e-09
 1.58724e+16	9.27e-01	7.32e-02	4.59e-09
 1.58769e+16	9.30e-01	7.03e-02	4.92e-09
 1.58813e+16	9.32e-01	6.75e-02	5.26e-09
 1.58856e+16	9.35e-01	6.49e-02	5.64e-09
 1.58900e+16	9.38e-01	6.22e-02	6.07e-09
 1.58944e+16	9.40e-01	5.97e-02	6.50e-09
 1.58988e+16	9.43e-01	5.73e-02	6.96e-09
 1.59030e+16	9.45e-01	5.51e-02	7.44e-09
 1.59072e+16	9.47e-01	5.30e-02	8.03e-09
 1.59114e+16	9.49e-01	5.10e-02	8.57e-09
 1.59155e+16	9.51e-01	4.90e-02	9.22e-09
 1.59196e+16	9.53e-01	4.70e-02	9.94e-09
 1.59237e+16	9.55e-01	4.52e-02	1.07e-08
 1.59277e+16	9.57e-01	4.34e-02	1.16e-08
 1.59316e+16	9.58e-01	4.17e-02	1.25e-08
 1.59355e+16	9.60e-01	4.01e-02	1.35e-08
 1.59394e+16	9.62e-01	3.85e-02	1.46e-08
 1.59432e+16	9.63e-01	3.69e-02	1.58e-08
 1.59470e+16	9.65e-01	3.54e-02	1.70e-08
 1.59507e+16	9.66e-01	3.40e-02	1.82e-08
 1.59542e+16	9.67e-01	3.27e-02	1.95e-08
 1.59578e+16	9.69e-01	3.14e-02	2.07e-08
 1.59613e+16	9.70e-01	3.00e-02	2.19e-08
 1.59648e+16	9.71e-01	2.88e-02	2.30e-08
 1.59681e+16	9.72e-01	2.76e-02	2.39e-08
 1.59711e+16	9.73e-01	2.66e-02	2.45e-08
 1.59738e+16	9.74e-01	2.57e-02	2.49e-08
 1.59763e+16	9.75e-01	2.48e-02	2.53e-08
 1.59787e+16	9.76e-01	2.40e-02	2.55e-08
 1.59808e+16	9.77e-01	2.33e-02	2.57e-08
 1.59828e+16	9.77e-01	2.26e-02	2.59e-08
 1.59847e+16	9.78e-01	2.20e-02	2.61e-08
 1.59864e+16	9.79e-01	2.15e-02	2.63e-08
 1.59880e+16	9.79e-01	2.09e-02	2.65e-08
 1.59894e+16	9.80e-01	2.05e-02	2.67e-08
 1.59907e+16	9.80e-01	2.01e-02	2.69e-08
 1.59919e+16	9.80e-01	1.97e-02	2.71e-08
 1.59930e+16	9.81e-01	1.94e-02	2.73e-08
 1.59939e+16	9.81e-01	1.91e-02	2.75e-08
 1.59950e+16	9.81e-01	1.88e-02	2.77e-08
 1.59964e+16	9.82e-01	1.83e-02	2.81e-08
 1.59979e+16	9.82e-01	1.78e-02	2.86e-08
 1.59993e+16	9.83e-01	1.74e-02	2.90e-08
 1.60005e+16	9.83e-01	1.71e-02	2.94e-08
 1.60017e+16	9.83e-01	1.68e-02	2.98e-08
 1.60027e+16	9.83e-01	1.65e-02	3.02e-08
 1.60037e+16	9.84e-01	1.62e-02	3.06e-08
 1.60047e+16	9.84e-01	1.60e-02	3.10e-08
 1.60060e+16	9.84e-01	1.56e-02	3.16e-08
 1.60075e+16	9.85e-01	1.53e-02	3.22e-08
 1.60088e+16	9.85e-01	1.50e-02	3.28e-08
 1.60100e+16	9.85e-01	1.47e-02	3.34e-08
 1.60111e+16	9.86e-01	1.44e-02	3.39e-08
 1.60121e+16	9.86e-01	1.42e-02	3.44e-08
 1.60132e+16	9.86e-01	1.40e-02	3.50e-08
 1.60143e+16	9.86e-01	1.37e-02	3.57e-08
 1.60154e+16	9.87e-01	1.35e-02	3.62e-08
 1.60166e+16	9.87e-01	1.32e-02	3.68e-08
 1.60178e+16	9.87e-01	1.30e-02	3.77e-08
 1.60190e+16	9.87e-01	1.27e-02	3.85e-08
 1.60200e+16	9.87e-01	1.25e-02	3.93e-08
 1.60210e+16	9.88e-01	1.23e-02	3.99e-08
 1.60220e+16	9.88e-01	1.21e-02	4.06e-08
 1.60234e+16	9.88e-01	1.18e-02	4.19e-08
 1.60248e+16	9.88e-01	1.16e-02	4.31e-08
 1.60262e+16	9.89e-01	1.13e-02	4.41e-08
 1.60274e+16	9.89e-01	1.11e-02	4.52e-08
 1.60285e+16	9.89e-01	1.09e-02	4.61e-08
 1.60295e+16	9.89e-01	1.07e-02	4.68e-08
 1.60306e+16	9.89e-01	1.05e-02	4.79e-08
 1.60318e+16	9.90e-01	1.03e-02	4.87e-08
 1.60331e+16	9.90e-01	1.01e-02	5.02e-08
 1.60345e+16	9.90e-01	9.88e-03	5.14e-08
