#depth	O	O+	O+2	O+3	O+4	O+5	O+6	O+7	O+8	O[1]	O[2]	O[3]
 2.06917e+12	1.20e-06	2.34e-03	4.69e-01	5.26e-01	2.80e-03	0.00e+00	0.00e+00	0.00e+00	0.00e+00	8.68e-07	2.18e-07	1.12e-07
 1.24150e+13	1.20e-06	2.33e-03	4.70e-01	5.25e-01	2.79e-03	0.00e+00	0.00e+00	0.00e+00	0.00e+00	8.66e-07	2.17e-07	1.11e-07
 5.37984e+13	1.20e-06	2.34e-03	4.72e-01	5.22e-01	2.76e-03	0.00e+00	0.00e+00	0.00e+00	0.00e+00	8.69e-07	2.18e-07	1.12e-07
 2.19332e+14	1.22e-06	2.39e-03	4.83e-01	5.12e-01	2.64e-03	0.00e+00	0.00e+00	0.00e+00	0.00e+00	8.84e-07	2.22e-07	1.14e-07
 5.23914e+14	1.23e-06	2.44e-03	4.99e-01	4.96e-01	2.45e-03	0.00e+00	0.00e+00	0.00e+00	0.00e+00	8.91e-07	2.23e-07	1.15e-07
 9.19870e+14	1.26e-06	2.53e-03	5.20e-01	4.76e-01	2.22e-03	0.00e+00	0.00e+00	0.00e+00	0.00e+00	9.14e-07	2.29e-07	1.18e-07
 1.43461e+15	1.32e-06	2.66e-03	5.48e-01	4.47e-01	1.93e-03	0.00e+00	0.00e+00	0.00e+00	0.00e+00	9.54e-07	2.39e-07	1.23e-07
 2.10378e+15	1.41e-06	2.86e-03	5.88e-01	4.07e-01	1.60e-03	0.00e+00	0.00e+00	0.00e+00	0.00e+00	1.02e-06	2.56e-07	1.32e-07
 2.95980e+15	1.56e-06	3.16e-03	6.42e-01	3.53e-01	1.21e-03	0.00e+00	0.00e+00	0.00e+00	0.00e+00	1.13e-06	2.82e-07	1.46e-07
 3.88537e+15	1.73e-06	3.51e-03	7.04e-01	2.92e-01	8.52e-04	0.00e+00	0.00e+00	0.00e+00	0.00e+00	1.25e-06	3.14e-07	1.62e-07
 4.67403e+15	1.90e-06	3.84e-03	7.59e-01	2.37e-01	5.95e-04	0.00e+00	0.00e+00	0.00e+00	0.00e+00	1.38e-06	3.45e-07	1.79e-07
 5.29113e+15	2.07e-06	4.15e-03	8.02e-01	1.93e-01	4.25e-04	0.00e+00	0.00e+00	0.00e+00	0.00e+00	1.50e-06	3.76e-07	1.95e-07
 5.83651e+15	2.24e-06	4.42e-03	8.38e-01	1.57e-01	3.03e-04	0.00e+00	0.00e+00	0.00e+00	0.00e+00	1.62e-06	4.05e-07	2.10e-07
 6.45560e+15	2.46e-06	4.74e-03	8.75e-01	1.20e-01	1.95e-04	0.00e+00	0.00e+00	0.00e+00	0.00e+00	1.78e-06	4.45e-07	2.31e-07
 7.26042e+15	2.73e-06	5.13e-03	9.15e-01	8.02e-02	1.03e-04	0.00e+00	0.00e+00	0.00e+00	0.00e+00	1.98e-06	4.95e-07	2.58e-07
 8.15055e+15	3.01e-06	5.49e-03	9.46e-01	4.86e-02	4.71e-05	0.00e+00	0.00e+00	0.00e+00	0.00e+00	2.18e-06	5.44e-07	2.84e-07
 9.15157e+15	3.33e-06	5.85e-03	9.68e-01	2.65e-02	1.79e-05	0.00e+00	0.00e+00	0.00e+00	0.00e+00	2.41e-06	6.03e-07	3.15e-07
 1.04529e+16	3.71e-06	6.21e-03	9.82e-01	1.19e-02	4.98e-06	0.00e+00	0.00e+00	0.00e+00	0.00e+00	2.69e-06	6.72e-07	3.51e-07
 1.21446e+16	4.20e-06	6.61e-03	9.89e-01	4.46e-03	9.82e-07	0.00e+00	0.00e+00	0.00e+00	0.00e+00	3.04e-06	7.60e-07	3.97e-07
 1.43439e+16	4.88e-06	7.08e-03	9.91e-01	1.43e-03	1.39e-07	0.00e+00	0.00e+00	0.00e+00	0.00e+00	3.54e-06	8.83e-07	4.62e-07
 1.63662e+16	5.52e-06	7.49e-03	9.92e-01	6.03e-04	0.00e+00	0.00e+00	0.00e+00	0.00e+00	0.00e+00	4.00e-06	9.98e-07	5.22e-07
 1.80029e+16	6.16e-06	7.86e-03	9.92e-01	3.43e-04	0.00e+00	0.00e+00	0.00e+00	0.00e+00	0.00e+00	4.46e-06	1.11e-06	5.83e-07
 1.98032e+16	6.98e-06	8.29e-03	9.91e-01	2.15e-04	0.00e+00	0.00e+00	0.00e+00	0.00e+00	0.00e+00	5.06e-06	1.26e-06	6.61e-07
 2.17835e+16	8.05e-06	8.81e-03	9.91e-01	1.51e-04	0.00e+00	0.00e+00	0.00e+00	0.00e+00	0.00e+00	5.83e-06	1.46e-06	7.62e-07
 2.39618e+16	9.46e-06	9.42e-03	9.90e-01	1.17e-04	0.00e+00	0.00e+00	0.00e+00	0.00e+00	0.00e+00	6.85e-06	1.71e-06	8.95e-07
 2.63580e+16	1.14e-05	1.02e-02	9.90e-01	9.83e-05	0.00e+00	0.00e+00	0.00e+00	0.00e+00	0.00e+00	8.25e-06	2.06e-06	1.08e-06
 2.89938e+16	1.41e-05	1.11e-02	9.89e-01	8.51e-05	0.00e+00	0.00e+00	0.00e+00	0.00e+00	0.00e+00	1.02e-05	2.55e-06	1.33e-06
 3.18932e+16	1.80e-05	1.24e-02	9.88e-01	7.45e-05	0.00e+00	0.00e+00	0.00e+00	0.00e+00	0.00e+00	1.31e-05	3.26e-06	1.70e-06
 3.50825e+16	2.41e-05	1.40e-02	9.86e-01	6.51e-05	0.00e+00	0.00e+00	0.00e+00	0.00e+00	0.00e+00	1.74e-05	4.34e-06	2.28e-06
 3.82775e+16	3.27e-05	1.59e-02	9.84e-01	5.69e-05	0.00e+00	0.00e+00	0.00e+00	0.00e+00	0.00e+00	2.37e-05	5.91e-06	3.09e-06
 4.11739e+16	4.42e-05	1.82e-02	9.82e-01	4.99e-05	0.00e+00	0.00e+00	0.00e+00	0.00e+00	0.00e+00	3.20e-05	7.98e-06	4.18e-06
 4.31614e+16	5.49e-05	2.00e-02	9.80e-01	4.55e-05	0.00e+00	0.00e+00	0.00e+00	0.00e+00	0.00e+00	3.98e-05	9.91e-06	5.18e-06
 4.41832e+16	6.17e-05	2.11e-02	9.79e-01	4.34e-05	0.00e+00	0.00e+00	0.00e+00	0.00e+00	0.00e+00	4.47e-05	1.11e-05	5.82e-06
 4.51174e+16	6.89e-05	2.22e-02	9.78e-01	4.13e-05	0.00e+00	0.00e+00	0.00e+00	0.00e+00	0.00e+00	5.00e-05	1.24e-05	6.51e-06
 4.63320e+16	8.01e-05	2.37e-02	9.76e-01	3.87e-05	0.00e+00	0.00e+00	0.00e+00	0.00e+00	0.00e+00	5.80e-05	1.44e-05	7.55e-06
 4.79109e+16	9.78e-05	2.60e-02	9.74e-01	3.54e-05	0.00e+00	0.00e+00	0.00e+00	0.00e+00	0.00e+00	7.09e-05	1.76e-05	9.22e-06
 4.94530e+16	1.20e-04	2.86e-02	9.71e-01	3.25e-05	0.00e+00	0.00e+00	0.00e+00	0.00e+00	0.00e+00	8.67e-05	2.16e-05	1.13e-05
 5.05764e+16	1.40e-04	3.08e-02	9.69e-01	3.04e-05	0.00e+00	0.00e+00	0.00e+00	0.00e+00	0.00e+00	1.01e-04	2.52e-05	1.31e-05
 5.15191e+16	1.59e-04	3.28e-02	9.67e-01	2.86e-05	0.00e+00	0.00e+00	0.00e+00	0.00e+00	0.00e+00	1.15e-04	2.87e-05	1.50e-05
 5.25980e+16	1.87e-04	3.54e-02	9.64e-01	2.65e-05	0.00e+00	0.00e+00	0.00e+00	0.00e+00	0.00e+00	1.35e-04	3.37e-05	1.76e-05
 5.37944e+16	2.23e-04	3.86e-02	9.61e-01	2.44e-05	0.00e+00	0.00e+00	0.00e+00	0.00e+00	0.00e+00	1.62e-04	4.02e-05	2.10e-05
 5.48817e+16	2.65e-04	4.20e-02	9.58e-01	2.25e-05	0.00e+00	0.00e+00	0.00e+00	0.00e+00	0.00e+00	1.92e-04	4.77e-05	2.49e-05
 5.58394e+16	3.09e-04	4.54e-02	9.54e-01	2.10e-05	0.00e+00	0.00e+00	0.00e+00	0.00e+00	0.00e+00	2.24e-04	5.57e-05	2.91e-05
 5.68439e+16	3.66e-04	4.94e-02	9.50e-01	1.93e-05	0.00e+00	0.00e+00	0.00e+00	0.00e+00	0.00e+00	2.66e-04	6.60e-05	3.44e-05
 5.78836e+16	4.38e-04	5.41e-02	9.45e-01	1.76e-05	0.00e+00	0.00e+00	0.00e+00	0.00e+00	0.00e+00	3.18e-04	7.89e-05	4.12e-05
 5.88151e+16	5.19e-04	5.89e-02	9.41e-01	1.62e-05	0.00e+00	0.00e+00	0.00e+00	0.00e+00	0.00e+00	3.76e-04	9.34e-05	4.87e-05
 5.96534e+16	6.07e-04	6.38e-02	9.36e-01	1.50e-05	0.00e+00	0.00e+00	0.00e+00	0.00e+00	0.00e+00	4.40e-04	1.09e-04	5.70e-05
 6.04122e+16	7.02e-04	6.88e-02	9.30e-01	1.39e-05	0.00e+00	0.00e+00	0.00e+00	0.00e+00	0.00e+00	5.10e-04	1.26e-04	6.59e-05
 6.11079e+16	8.06e-04	7.39e-02	9.25e-01	1.29e-05	0.00e+00	0.00e+00	0.00e+00	0.00e+00	0.00e+00	5.85e-04	1.45e-04	7.56e-05
 6.17803e+16	9.25e-04	7.94e-02	9.20e-01	1.20e-05	0.00e+00	0.00e+00	0.00e+00	0.00e+00	0.00e+00	6.71e-04	1.66e-04	8.67e-05
 6.24527e+16	1.07e-03	8.54e-02	9.13e-01	1.11e-05	0.00e+00	0.00e+00	0.00e+00	0.00e+00	0.00e+00	7.74e-04	1.92e-04	9.99e-05
 6.31251e+16	1.23e-03	9.22e-02	9.07e-01	1.02e-05	0.00e+00	0.00e+00	0.00e+00	0.00e+00	0.00e+00	8.96e-04	2.22e-04	1.16e-04
 6.37975e+16	1.44e-03	9.99e-02	8.99e-01	9.38e-06	0.00e+00	0.00e+00	0.00e+00	0.00e+00	0.00e+00	1.04e-03	2.58e-04	1.35e-04
 6.44699e+16	1.68e-03	1.08e-01	8.90e-01	8.57e-06	0.00e+00	0.00e+00	0.00e+00	0.00e+00	0.00e+00	1.22e-03	3.02e-04	1.57e-04
 6.51423e+16	1.98e-03	1.18e-01	8.80e-01	7.78e-06	0.00e+00	0.00e+00	0.00e+00	0.00e+00	0.00e+00	1.44e-03	3.55e-04	1.85e-04
 6.58147e+16	2.35e-03	1.29e-01	8.68e-01	7.04e-06	0.00e+00	0.00e+00	0.00e+00	0.00e+00	0.00e+00	1.71e-03	4.21e-04	2.20e-04
 6.64872e+16	2.80e-03	1.42e-01	8.55e-01	6.28e-06	0.00e+00	0.00e+00	0.00e+00	0.00e+00	0.00e+00	2.04e-03	5.03e-04	2.62e-04
 6.70323e+16	3.27e-03	1.54e-01	8.43e-01	5.72e-06	0.00e+00	0.00e+00	0.00e+00	0.00e+00	0.00e+00	2.38e-03	5.87e-04	3.06e-04
