#depth	H	H+	H2
 2.06917e+12	8.78e-04	9.99e-01	1.37e-14
 1.24150e+13	8.77e-04	9.99e-01	1.37e-14
 5.37984e+13	8.76e-04	9.99e-01	1.37e-14
 2.19332e+14	8.74e-04	9.99e-01	1.38e-14
 5.23914e+14	8.62e-04	9.99e-01	1.39e-14
 9.19870e+14	8.53e-04	9.99e-01	1.40e-14
 1.43461e+15	8.45e-04	9.99e-01	1.42e-14
 2.10378e+15	8.39e-04	9.99e-01	1.46e-14
 2.95980e+15	8.36e-04	9.99e-01	1.52e-14
 3.88537e+15	8.32e-04	9.99e-01	1.59e-14
 4.67403e+15	8.29e-04	9.99e-01	1.65e-14
 5.29113e+15	8.34e-04	9.99e-01	1.71e-14
 5.83651e+15	8.39e-04	9.99e-01	1.78e-14
 6.45560e+15	8.52e-04	9.99e-01	1.87e-14
 7.26042e+15	8.69e-04	9.99e-01	2.00e-14
 8.15055e+15	8.84e-04	9.99e-01	2.14e-14
 9.15157e+15	9.09e-04	9.99e-01	2.31e-14
 1.04529e+16	9.40e-04	9.99e-01	2.53e-14
 1.21446e+16	9.81e-04	9.99e-01	2.81e-14
 1.43439e+16	1.04e-03	9.99e-01	3.21e-14
 1.63662e+16	1.08e-03	9.99e-01	3.58e-14
 1.80029e+16	1.13e-03	9.99e-01	3.93e-14
 1.98032e+16	1.20e-03	9.99e-01	4.37e-14
 2.17835e+16	1.27e-03	9.99e-01	4.92e-14
 2.39618e+16	1.37e-03	9.99e-01	5.63e-14
 2.63580e+16	1.49e-03	9.99e-01	6.55e-14
 2.89938e+16	1.64e-03	9.98e-01	7.79e-14
 3.18932e+16	1.84e-03	9.98e-01	9.44e-14
 3.50825e+16	2.10e-03	9.98e-01	1.18e-13
 3.82775e+16	2.43e-03	9.98e-01	1.49e-13
 4.11739e+16	2.80e-03	9.97e-01	1.86e-13
 4.31614e+16	3.10e-03	9.97e-01	2.17e-13
 4.41832e+16	3.27e-03	9.97e-01	2.35e-13
 4.51174e+16	3.44e-03	9.97e-01	2.54e-13
 4.63320e+16	3.68e-03	9.96e-01	2.83e-13
 4.79109e+16	4.04e-03	9.96e-01	3.24e-13
 4.94530e+16	4.42e-03	9.96e-01	3.71e-13
 5.05764e+16	4.74e-03	9.95e-01	4.12e-13
 5.15191e+16	5.03e-03	9.95e-01	4.49e-13
 5.25980e+16	5.40e-03	9.95e-01	4.99e-13
 5.37944e+16	5.84e-03	9.94e-01	5.60e-13
 5.48817e+16	6.30e-03	9.94e-01	6.25e-13
 5.58394e+16	6.75e-03	9.93e-01	6.91e-13
 5.68439e+16	7.27e-03	9.93e-01	7.68e-13
 5.78836e+16	7.85e-03	9.92e-01	8.57e-13
 5.88151e+16	8.45e-03	9.92e-01	9.52e-13
 5.96534e+16	9.04e-03	9.91e-01	1.05e-12
 6.04122e+16	9.63e-03	9.90e-01	1.15e-12
 6.11079e+16	1.02e-02	9.90e-01	1.25e-12
 6.17803e+16	1.08e-02	9.89e-01	1.35e-12
 6.24527e+16	1.15e-02	9.88e-01	1.47e-12
 6.31251e+16	1.23e-02	9.88e-01	1.60e-12
 6.37975e+16	1.31e-02	9.87e-01	1.75e-12
 6.44699e+16	1.40e-02	9.86e-01	1.92e-12
 6.51423e+16	1.50e-02	9.85e-01	2.11e-12
 6.58147e+16	1.62e-02	9.84e-01	2.34e-12
 6.64872e+16	1.75e-02	9.83e-01	2.59e-12
 6.70323e+16	1.87e-02	9.81e-01	2.84e-12
