#depth	He	He+	He+2
 2.06917e+12	1.28e-04	2.57e-01	7.43e-01
 1.24150e+13	1.28e-04	2.57e-01	7.43e-01
 5.37984e+13	1.28e-04	2.57e-01	7.42e-01
 2.19332e+14	1.31e-04	2.62e-01	7.38e-01
 5.23914e+14	1.32e-04	2.63e-01	7.37e-01
 9.19870e+14	1.37e-04	2.70e-01	7.30e-01
 1.43461e+15	1.46e-04	2.84e-01	7.16e-01
 2.10378e+15	1.61e-04	3.08e-01	6.91e-01
 2.95980e+15	1.87e-04	3.51e-01	6.49e-01
 3.88537e+15	2.23e-04	4.11e-01	5.89e-01
 4.67403e+15	2.65e-04	4.79e-01	5.21e-01
 5.29113e+15	3.05e-04	5.44e-01	4.56e-01
 5.83651e+15	3.45e-04	6.06e-01	3.93e-01
 6.45560e+15	3.93e-04	6.80e-01	3.20e-01
 7.26042e+15	4.55e-04	7.70e-01	2.29e-01
 8.15055e+15	5.15e-04	8.54e-01	1.45e-01
 9.15157e+15	5.70e-04	9.19e-01	8.09e-02
 1.04529e+16	6.18e-04	9.63e-01	3.62e-02
 1.21446e+16	6.60e-04	9.86e-01	1.29e-02
 1.43439e+16	7.03e-04	9.96e-01	3.77e-03
 1.63662e+16	7.38e-04	9.98e-01	1.34e-03
 1.80029e+16	7.68e-04	9.99e-01	6.17e-04
 1.98032e+16	8.02e-04	9.99e-01	2.77e-04
 2.17835e+16	8.42e-04	9.99e-01	1.21e-04
 2.39618e+16	8.88e-04	9.99e-01	5.21e-05
 2.63580e+16	9.43e-04	9.99e-01	2.21e-05
 2.89938e+16	1.01e-03	9.99e-01	9.42e-06
 3.18932e+16	1.09e-03	9.99e-01	4.07e-06
 3.50825e+16	1.19e-03	9.99e-01	1.79e-06
 3.82775e+16	1.30e-03	9.99e-01	8.75e-07
 4.11739e+16	1.41e-03	9.99e-01	4.87e-07
 4.31614e+16	1.50e-03	9.99e-01	3.45e-07
 4.41832e+16	1.55e-03	9.98e-01	2.90e-07
 4.51174e+16	1.60e-03	9.98e-01	2.44e-07
 4.63320e+16	1.67e-03	9.98e-01	1.96e-07
 4.79109e+16	1.76e-03	9.98e-01	1.49e-07
 4.94530e+16	1.87e-03	9.98e-01	1.17e-07
 5.05764e+16	1.95e-03	9.98e-01	9.89e-08
 5.15191e+16	2.02e-03	9.98e-01	8.55e-08
 5.25980e+16	2.12e-03	9.98e-01	7.21e-08
 5.37944e+16	2.23e-03	9.98e-01	6.04e-08
 5.48817e+16	2.34e-03	9.98e-01	5.16e-08
 5.58394e+16	2.45e-03	9.98e-01	4.50e-08
 5.68439e+16	2.58e-03	9.97e-01	3.89e-08
 5.78836e+16	2.72e-03	9.97e-01	3.37e-08
 5.88151e+16	2.86e-03	9.97e-01	2.97e-08
 5.96534e+16	3.00e-03	9.97e-01	2.66e-08
 6.04122e+16	3.14e-03	9.97e-01	2.40e-08
 6.11079e+16	3.28e-03	9.97e-01	2.19e-08
 6.17803e+16	3.42e-03	9.97e-01	2.00e-08
 6.24527e+16	3.58e-03	9.96e-01	1.84e-08
 6.31251e+16	3.75e-03	9.96e-01	1.68e-08
 6.37975e+16	3.94e-03	9.96e-01	1.54e-08
 6.44699e+16	4.14e-03	9.96e-01	1.42e-08
 6.51423e+16	4.37e-03	9.96e-01	1.30e-08
 6.58147e+16	4.63e-03	9.95e-01	1.19e-08
 6.64872e+16	4.91e-03	9.95e-01	1.10e-08
 6.70323e+16	5.16e-03	9.95e-01	1.03e-08
