#depth	O	O+	O+2	O+3	O+4	O+5	O+6	O+7	O+8	O[1]	O[2]	O[3]
 1.66330e+11	8.95e-05	7.58e-02	9.24e-01	1.46e-04	0.00e+00	0.00e+00	0.00e+00	0.00e+00	0.00e+00	6.22e-05	1.92e-05	8.20e-06
 9.97979e+11	8.97e-05	7.59e-02	9.24e-01	1.46e-04	0.00e+00	0.00e+00	0.00e+00	0.00e+00	0.00e+00	6.22e-05	1.92e-05	8.22e-06
 4.32458e+12	9.00e-05	7.61e-02	9.24e-01	1.43e-04	0.00e+00	0.00e+00	0.00e+00	0.00e+00	0.00e+00	6.25e-05	1.93e-05	8.27e-06
 1.76310e+13	9.09e-05	7.66e-02	9.23e-01	1.34e-04	0.00e+00	0.00e+00	0.00e+00	0.00e+00	0.00e+00	6.30e-05	1.95e-05	8.37e-06
 4.21147e+13	9.18e-05	7.76e-02	9.22e-01	1.21e-04	0.00e+00	0.00e+00	0.00e+00	0.00e+00	0.00e+00	6.35e-05	1.98e-05	8.51e-06
 7.39436e+13	9.28e-05	7.86e-02	9.21e-01	1.05e-04	0.00e+00	0.00e+00	0.00e+00	0.00e+00	0.00e+00	6.42e-05	2.00e-05	8.63e-06
 1.15321e+14	9.44e-05	8.00e-02	9.20e-01	8.85e-05	0.00e+00	0.00e+00	0.00e+00	0.00e+00	0.00e+00	6.52e-05	2.04e-05	8.79e-06
 1.69112e+14	9.64e-05	8.17e-02	9.18e-01	7.04e-05	0.00e+00	0.00e+00	0.00e+00	0.00e+00	0.00e+00	6.66e-05	2.09e-05	9.00e-06
 2.39040e+14	9.92e-05	8.40e-02	9.16e-01	5.23e-05	0.00e+00	0.00e+00	0.00e+00	0.00e+00	0.00e+00	6.85e-05	2.15e-05	9.27e-06
 3.29946e+14	1.03e-04	8.73e-02	9.13e-01	3.55e-05	0.00e+00	0.00e+00	0.00e+00	0.00e+00	0.00e+00	7.13e-05	2.24e-05	9.66e-06
 4.48125e+14	1.09e-04	9.14e-02	9.08e-01	2.15e-05	0.00e+00	0.00e+00	0.00e+00	0.00e+00	0.00e+00	7.48e-05	2.36e-05	1.02e-05
 6.01757e+14	1.16e-04	9.72e-02	9.03e-01	1.12e-05	0.00e+00	0.00e+00	0.00e+00	0.00e+00	0.00e+00	7.99e-05	2.52e-05	1.09e-05
 8.01478e+14	1.27e-04	1.05e-01	8.94e-01	4.85e-06	0.00e+00	0.00e+00	0.00e+00	0.00e+00	0.00e+00	8.73e-05	2.75e-05	1.19e-05
 1.06112e+15	1.43e-04	1.18e-01	8.82e-01	1.66e-06	0.00e+00	0.00e+00	0.00e+00	0.00e+00	0.00e+00	9.82e-05	3.09e-05	1.34e-05
 1.39865e+15	1.67e-04	1.36e-01	8.64e-01	4.23e-07	0.00e+00	0.00e+00	0.00e+00	0.00e+00	0.00e+00	1.15e-04	3.62e-05	1.56e-05
 1.83743e+15	2.08e-04	1.66e-01	8.33e-01	0.00e+00	0.00e+00	0.00e+00	0.00e+00	0.00e+00	0.00e+00	1.43e-04	4.50e-05	1.95e-05
 2.27790e+15	2.60e-04	2.07e-01	7.93e-01	0.00e+00	0.00e+00	0.00e+00	0.00e+00	0.00e+00	0.00e+00	1.79e-04	5.63e-05	2.43e-05
 2.62081e+15	3.12e-04	2.49e-01	7.51e-01	0.00e+00	0.00e+00	0.00e+00	0.00e+00	0.00e+00	0.00e+00	2.15e-04	6.77e-05	2.93e-05
 2.90082e+15	3.67e-04	2.91e-01	7.08e-01	0.00e+00	0.00e+00	0.00e+00	0.00e+00	0.00e+00	0.00e+00	2.53e-04	7.94e-05	3.45e-05
 3.19882e+15	4.39e-04	3.47e-01	6.53e-01	0.00e+00	0.00e+00	0.00e+00	0.00e+00	0.00e+00	0.00e+00	3.03e-04	9.51e-05	4.14e-05
 3.53562e+15	5.37e-04	4.22e-01	5.78e-01	0.00e+00	0.00e+00	0.00e+00	0.00e+00	0.00e+00	0.00e+00	3.70e-04	1.16e-04	5.07e-05
 3.85895e+15	6.49e-04	5.09e-01	4.91e-01	0.00e+00	0.00e+00	0.00e+00	0.00e+00	0.00e+00	0.00e+00	4.47e-04	1.40e-04	6.13e-05
 4.16312e+15	7.71e-04	6.01e-01	3.98e-01	0.00e+00	0.00e+00	0.00e+00	0.00e+00	0.00e+00	0.00e+00	5.31e-04	1.67e-04	7.32e-05
 4.50629e+15	9.15e-04	7.09e-01	2.90e-01	0.00e+00	0.00e+00	0.00e+00	0.00e+00	0.00e+00	0.00e+00	6.30e-04	1.98e-04	8.71e-05
 4.92941e+15	1.20e-03	8.35e-01	1.64e-01	0.00e+00	0.00e+00	0.00e+00	0.00e+00	0.00e+00	0.00e+00	8.22e-04	2.67e-04	1.16e-04
 5.27042e+15	1.36e-03	9.09e-01	8.98e-02	0.00e+00	0.00e+00	0.00e+00	0.00e+00	0.00e+00	0.00e+00	9.27e-04	3.02e-04	1.31e-04
 5.47680e+15	1.44e-03	9.38e-01	6.05e-02	0.00e+00	0.00e+00	0.00e+00	0.00e+00	0.00e+00	0.00e+00	9.83e-04	3.20e-04	1.39e-04
 5.69425e+15	1.52e-03	9.60e-01	3.89e-02	0.00e+00	0.00e+00	0.00e+00	0.00e+00	0.00e+00	0.00e+00	1.04e-03	3.38e-04	1.47e-04
 5.97693e+15	1.63e-03	9.77e-01	2.15e-02	0.00e+00	0.00e+00	0.00e+00	0.00e+00	0.00e+00	0.00e+00	1.11e-03	3.62e-04	1.57e-04
 6.26824e+15	1.74e-03	9.87e-01	1.16e-02	0.00e+00	0.00e+00	0.00e+00	0.00e+00	0.00e+00	0.00e+00	1.19e-03	3.88e-04	1.68e-04
 6.48802e+15	1.85e-03	9.91e-01	7.14e-03	0.00e+00	0.00e+00	0.00e+00	0.00e+00	0.00e+00	0.00e+00	1.26e-03	4.13e-04	1.78e-04
 6.64346e+15	1.94e-03	9.93e-01	4.98e-03	0.00e+00	0.00e+00	0.00e+00	0.00e+00	0.00e+00	0.00e+00	1.32e-03	4.34e-04	1.87e-04
 6.77607e+15	2.02e-03	9.94e-01	3.60e-03	0.00e+00	0.00e+00	0.00e+00	0.00e+00	0.00e+00	0.00e+00	1.38e-03	4.53e-04	1.95e-04
 6.92651e+15	2.13e-03	9.95e-01	2.45e-03	0.00e+00	0.00e+00	0.00e+00	0.00e+00	0.00e+00	0.00e+00	1.44e-03	4.76e-04	2.05e-04
 7.08598e+15	2.25e-03	9.96e-01	1.62e-03	0.00e+00	0.00e+00	0.00e+00	0.00e+00	0.00e+00	0.00e+00	1.53e-03	5.05e-04	2.16e-04
 7.21312e+15	2.37e-03	9.96e-01	1.15e-03	0.00e+00	0.00e+00	0.00e+00	0.00e+00	0.00e+00	0.00e+00	1.61e-03	5.32e-04	2.28e-04
 7.30722e+15	2.47e-03	9.97e-01	8.82e-04	0.00e+00	0.00e+00	0.00e+00	0.00e+00	0.00e+00	0.00e+00	1.68e-03	5.56e-04	2.37e-04
 7.38939e+15	2.56e-03	9.97e-01	6.88e-04	0.00e+00	0.00e+00	0.00e+00	0.00e+00	0.00e+00	0.00e+00	1.74e-03	5.76e-04	2.46e-04
 7.48319e+15	2.66e-03	9.97e-01	5.10e-04	0.00e+00	0.00e+00	0.00e+00	0.00e+00	0.00e+00	0.00e+00	1.81e-03	6.01e-04	2.56e-04
 7.58178e+15	2.79e-03	9.97e-01	3.69e-04	0.00e+00	0.00e+00	0.00e+00	0.00e+00	0.00e+00	0.00e+00	1.89e-03	6.31e-04	2.67e-04
 7.66064e+15	2.90e-03	9.97e-01	2.81e-04	0.00e+00	0.00e+00	0.00e+00	0.00e+00	0.00e+00	0.00e+00	1.97e-03	6.56e-04	2.78e-04
 7.72082e+15	3.00e-03	9.97e-01	2.25e-04	0.00e+00	0.00e+00	0.00e+00	0.00e+00	0.00e+00	0.00e+00	2.03e-03	6.79e-04	2.87e-04
 7.78267e+15	3.08e-03	9.97e-01	1.75e-04	0.00e+00	0.00e+00	0.00e+00	0.00e+00	0.00e+00	0.00e+00	2.09e-03	6.99e-04	2.95e-04
 7.84945e+15	3.20e-03	9.97e-01	1.32e-04	0.00e+00	0.00e+00	0.00e+00	0.00e+00	0.00e+00	0.00e+00	2.16e-03	7.26e-04	3.06e-04
 7.90606e+15	3.29e-03	9.97e-01	1.02e-04	0.00e+00	0.00e+00	0.00e+00	0.00e+00	0.00e+00	0.00e+00	2.23e-03	7.47e-04	3.14e-04
 7.95139e+15	3.38e-03	9.97e-01	8.15e-05	0.00e+00	0.00e+00	0.00e+00	0.00e+00	0.00e+00	0.00e+00	2.29e-03	7.68e-04	3.23e-04
 7.99215e+15	3.44e-03	9.96e-01	6.55e-05	0.00e+00	0.00e+00	0.00e+00	0.00e+00	0.00e+00	0.00e+00	2.33e-03	7.84e-04	3.29e-04
 8.03866e+15	3.53e-03	9.96e-01	4.98e-05	0.00e+00	0.00e+00	0.00e+00	0.00e+00	0.00e+00	0.00e+00	2.39e-03	8.04e-04	3.37e-04
 8.08806e+15	3.63e-03	9.96e-01	3.64e-05	0.00e+00	0.00e+00	0.00e+00	0.00e+00	0.00e+00	0.00e+00	2.46e-03	8.29e-04	3.47e-04
 8.12914e+15	3.71e-03	9.96e-01	2.73e-05	0.00e+00	0.00e+00	0.00e+00	0.00e+00	0.00e+00	0.00e+00	2.51e-03	8.49e-04	3.54e-04
 8.16360e+15	3.79e-03	9.96e-01	2.10e-05	0.00e+00	0.00e+00	0.00e+00	0.00e+00	0.00e+00	0.00e+00	2.56e-03	8.68e-04	3.62e-04
 8.20149e+15	3.87e-03	9.96e-01	1.53e-05	0.00e+00	0.00e+00	0.00e+00	0.00e+00	0.00e+00	0.00e+00	2.61e-03	8.88e-04	3.69e-04
 8.25075e+15	3.97e-03	9.96e-01	9.88e-06	0.00e+00	0.00e+00	0.00e+00	0.00e+00	0.00e+00	0.00e+00	2.68e-03	9.13e-04	3.79e-04
 8.31478e+15	4.09e-03	9.96e-01	5.44e-06	0.00e+00	0.00e+00	0.00e+00	0.00e+00	0.00e+00	0.00e+00	2.76e-03	9.41e-04	3.90e-04
 8.39802e+15	4.22e-03	9.96e-01	2.46e-06	0.00e+00	0.00e+00	0.00e+00	0.00e+00	0.00e+00	0.00e+00	2.84e-03	9.72e-04	4.02e-04
 8.50624e+15	4.35e-03	9.96e-01	8.84e-07	0.00e+00	0.00e+00	0.00e+00	0.00e+00	0.00e+00	0.00e+00	2.93e-03	1.00e-03	4.15e-04
 8.64692e+15	4.49e-03	9.96e-01	2.48e-07	0.00e+00	0.00e+00	0.00e+00	0.00e+00	0.00e+00	0.00e+00	3.03e-03	1.03e-03	4.28e-04
 8.82981e+15	4.66e-03	9.95e-01	5.28e-08	0.00e+00	0.00e+00	0.00e+00	0.00e+00	0.00e+00	0.00e+00	3.15e-03	1.07e-03	4.46e-04
 9.06756e+15	4.91e-03	9.95e-01	8.16e-09	0.00e+00	0.00e+00	0.00e+00	0.00e+00	0.00e+00	0.00e+00	3.31e-03	1.12e-03	4.70e-04
 9.35780e+15	5.24e-03	9.95e-01	9.73e-10	0.00e+00	0.00e+00	0.00e+00	0.00e+00	0.00e+00	0.00e+00	3.54e-03	1.20e-03	5.02e-04
 9.66538e+15	5.66e-03	9.94e-01	1.22e-10	0.00e+00	0.00e+00	0.00e+00	0.00e+00	0.00e+00	0.00e+00	3.83e-03	1.29e-03	5.44e-04
 9.96178e+15	6.13e-03	9.94e-01	2.43e-11	0.00e+00	0.00e+00	0.00e+00	0.00e+00	0.00e+00	0.00e+00	4.15e-03	1.39e-03	5.89e-04
 1.02499e+16	6.62e-03	9.93e-01	1.04e-11	0.00e+00	0.00e+00	0.00e+00	0.00e+00	0.00e+00	0.00e+00	4.48e-03	1.50e-03	6.38e-04
 1.05376e+16	7.16e-03	9.93e-01	7.99e-12	0.00e+00	0.00e+00	0.00e+00	0.00e+00	0.00e+00	0.00e+00	4.85e-03	1.61e-03	6.91e-04
 1.08259e+16	7.76e-03	9.92e-01	7.42e-12	0.00e+00	0.00e+00	0.00e+00	0.00e+00	0.00e+00	0.00e+00	5.27e-03	1.74e-03	7.51e-04
 1.11125e+16	8.43e-03	9.92e-01	7.20e-12	0.00e+00	0.00e+00	0.00e+00	0.00e+00	0.00e+00	0.00e+00	5.73e-03	1.89e-03	8.17e-04
 1.13959e+16	9.17e-03	9.91e-01	7.04e-12	0.00e+00	0.00e+00	0.00e+00	0.00e+00	0.00e+00	0.00e+00	6.24e-03	2.04e-03	8.90e-04
 1.16757e+16	9.99e-03	9.90e-01	6.89e-12	0.00e+00	0.00e+00	0.00e+00	0.00e+00	0.00e+00	0.00e+00	6.80e-03	2.22e-03	9.71e-04
 1.19521e+16	1.09e-02	9.89e-01	6.74e-12	0.00e+00	0.00e+00	0.00e+00	0.00e+00	0.00e+00	0.00e+00	7.42e-03	2.41e-03	1.06e-03
 1.22244e+16	1.19e-02	9.88e-01	6.59e-12	0.00e+00	0.00e+00	0.00e+00	0.00e+00	0.00e+00	0.00e+00	8.11e-03	2.61e-03	1.16e-03
 1.24923e+16	1.30e-02	9.87e-01	6.41e-12	0.00e+00	0.00e+00	0.00e+00	0.00e+00	0.00e+00	0.00e+00	8.87e-03	2.84e-03	1.27e-03
 1.27546e+16	1.42e-02	9.86e-01	6.26e-12	0.00e+00	0.00e+00	0.00e+00	0.00e+00	0.00e+00	0.00e+00	9.71e-03	3.09e-03	1.39e-03
 1.30118e+16	1.55e-02	9.84e-01	6.10e-12	0.00e+00	0.00e+00	0.00e+00	0.00e+00	0.00e+00	0.00e+00	1.06e-02	3.36e-03	1.52e-03
 1.32653e+16	1.70e-02	9.83e-01	5.95e-12	0.00e+00	0.00e+00	0.00e+00	0.00e+00	0.00e+00	0.00e+00	1.16e-02	3.65e-03	1.67e-03
 1.35141e+16	1.86e-02	9.81e-01	5.80e-12	0.00e+00	0.00e+00	0.00e+00	0.00e+00	0.00e+00	0.00e+00	1.28e-02	3.98e-03	1.83e-03
 1.37579e+16	2.04e-02	9.80e-01	5.65e-12	0.00e+00	0.00e+00	0.00e+00	0.00e+00	0.00e+00	0.00e+00	1.40e-02	4.34e-03	2.01e-03
 1.39967e+16	2.24e-02	9.78e-01	5.49e-12	0.00e+00	0.00e+00	0.00e+00	0.00e+00	0.00e+00	0.00e+00	1.54e-02	4.73e-03	2.21e-03
 1.42312e+16	2.46e-02	9.75e-01	5.34e-12	0.00e+00	0.00e+00	0.00e+00	0.00e+00	0.00e+00	0.00e+00	1.70e-02	5.18e-03	2.44e-03
 1.44618e+16	2.71e-02	9.73e-01	5.18e-12	0.00e+00	0.00e+00	0.00e+00	0.00e+00	0.00e+00	0.00e+00	1.88e-02	5.67e-03	2.69e-03
 1.46885e+16	3.00e-02	9.70e-01	5.03e-12	0.00e+00	0.00e+00	0.00e+00	0.00e+00	0.00e+00	0.00e+00	2.08e-02	6.23e-03	2.98e-03
 1.49120e+16	3.33e-02	9.67e-01	4.87e-12	0.00e+00	0.00e+00	0.00e+00	0.00e+00	0.00e+00	0.00e+00	2.31e-02	6.88e-03	3.31e-03
 1.51329e+16	3.71e-02	9.63e-01	4.70e-12	0.00e+00	0.00e+00	0.00e+00	0.00e+00	0.00e+00	0.00e+00	2.58e-02	7.62e-03	3.69e-03
 1.53522e+16	4.17e-02	9.58e-01	4.53e-12	0.00e+00	0.00e+00	0.00e+00	0.00e+00	0.00e+00	0.00e+00	2.91e-02	8.50e-03	4.14e-03
 1.55712e+16	4.73e-02	9.53e-01	4.34e-12	0.00e+00	0.00e+00	0.00e+00	0.00e+00	0.00e+00	0.00e+00	3.31e-02	9.58e-03	4.68e-03
 1.57919e+16	5.45e-02	9.46e-01	4.15e-12	0.00e+00	0.00e+00	0.00e+00	0.00e+00	0.00e+00	0.00e+00	3.81e-02	1.09e-02	5.37e-03
 1.60172e+16	6.40e-02	9.36e-01	3.93e-12	0.00e+00	0.00e+00	0.00e+00	0.00e+00	0.00e+00	0.00e+00	4.49e-02	1.28e-02	6.29e-03
 1.62297e+16	7.68e-02	9.23e-01	3.69e-12	0.00e+00	0.00e+00	0.00e+00	0.00e+00	0.00e+00	0.00e+00	5.41e-02	1.52e-02	7.53e-03
 1.64016e+16	9.20e-02	9.08e-01	3.45e-12	0.00e+00	0.00e+00	0.00e+00	0.00e+00	0.00e+00	0.00e+00	6.48e-02	1.81e-02	9.00e-03
 1.65308e+16	1.08e-01	8.92e-01	3.28e-12	0.00e+00	0.00e+00	0.00e+00	0.00e+00	0.00e+00	0.00e+00	7.60e-02	2.11e-02	1.05e-02
 1.66352e+16	1.24e-01	8.76e-01	3.12e-12	0.00e+00	0.00e+00	0.00e+00	0.00e+00	0.00e+00	0.00e+00	8.78e-02	2.43e-02	1.21e-02
 1.67305e+16	1.44e-01	8.56e-01	2.98e-12	0.00e+00	0.00e+00	0.00e+00	0.00e+00	0.00e+00	0.00e+00	1.02e-01	2.80e-02	1.40e-02
 1.68208e+16	1.68e-01	8.32e-01	2.83e-12	0.00e+00	0.00e+00	0.00e+00	0.00e+00	0.00e+00	0.00e+00	1.19e-01	3.27e-02	1.64e-02
 1.69016e+16	1.99e-01	8.01e-01	2.68e-12	0.00e+00	0.00e+00	0.00e+00	0.00e+00	0.00e+00	0.00e+00	1.41e-01	3.83e-02	1.92e-02
 1.69757e+16	2.36e-01	7.64e-01	2.53e-12	0.00e+00	0.00e+00	0.00e+00	0.00e+00	0.00e+00	0.00e+00	1.68e-01	4.53e-02	2.28e-02
 1.70465e+16	2.84e-01	7.16e-01	2.38e-12	0.00e+00	0.00e+00	0.00e+00	0.00e+00	0.00e+00	0.00e+00	2.03e-01	5.42e-02	2.73e-02
 1.71039e+16	3.39e-01	6.61e-01	2.23e-12	0.00e+00	0.00e+00	0.00e+00	0.00e+00	0.00e+00	0.00e+00	2.42e-01	6.40e-02	3.24e-02
 1.71412e+16	3.85e-01	6.15e-01	2.11e-12	0.00e+00	0.00e+00	0.00e+00	0.00e+00	0.00e+00	0.00e+00	2.76e-01	7.22e-02	3.67e-02
 1.71631e+16	4.17e-01	5.83e-01	2.03e-12	0.00e+00	0.00e+00	0.00e+00	0.00e+00	0.00e+00	0.00e+00	3.00e-01	7.77e-02	3.97e-02
 1.71785e+16	4.42e-01	5.58e-01	1.97e-12	0.00e+00	0.00e+00	0.00e+00	0.00e+00	0.00e+00	0.00e+00	3.18e-01	8.19e-02	4.19e-02
 1.71930e+16	4.67e-01	5.33e-01	1.91e-12	0.00e+00	0.00e+00	0.00e+00	0.00e+00	0.00e+00	0.00e+00	3.37e-01	8.60e-02	4.41e-02
 1.72077e+16	4.94e-01	5.06e-01	1.84e-12	0.00e+00	0.00e+00	0.00e+00	0.00e+00	0.00e+00	0.00e+00	3.57e-01	9.04e-02	4.65e-02
 1.72211e+16	5.20e-01	4.80e-01	1.78e-12	0.00e+00	0.00e+00	0.00e+00	0.00e+00	0.00e+00	0.00e+00	3.77e-01	9.46e-02	4.88e-02
 1.72324e+16	5.44e-01	4.56e-01	1.72e-12	0.00e+00	0.00e+00	0.00e+00	0.00e+00	0.00e+00	0.00e+00	3.95e-01	9.83e-02	5.08e-02
 1.72419e+16	5.65e-01	4.35e-01	1.66e-12	0.00e+00	0.00e+00	0.00e+00	0.00e+00	0.00e+00	0.00e+00	4.11e-01	1.01e-01	5.25e-02
 1.72505e+16	5.84e-01	4.16e-01	1.61e-12	0.00e+00	0.00e+00	0.00e+00	0.00e+00	0.00e+00	0.00e+00	4.26e-01	1.04e-01	5.41e-02
 1.72575e+16	6.00e-01	4.00e-01	1.57e-12	0.00e+00	0.00e+00	0.00e+00	0.00e+00	0.00e+00	0.00e+00	4.38e-01	1.07e-01	5.54e-02
 1.72624e+16	6.11e-01	3.89e-01	1.53e-12	0.00e+00	0.00e+00	0.00e+00	0.00e+00	0.00e+00	0.00e+00	4.47e-01	1.08e-01	5.63e-02
 1.72668e+16	6.22e-01	3.78e-01	1.51e-12	0.00e+00	0.00e+00	0.00e+00	0.00e+00	0.00e+00	0.00e+00	4.55e-01	1.10e-01	5.71e-02
 1.72718e+16	6.34e-01	3.66e-01	1.47e-12	0.00e+00	0.00e+00	0.00e+00	0.00e+00	0.00e+00	0.00e+00	4.65e-01	1.11e-01	5.81e-02
 1.72770e+16	6.47e-01	3.53e-01	1.43e-12	0.00e+00	0.00e+00	0.00e+00	0.00e+00	0.00e+00	0.00e+00	4.75e-01	1.13e-01	5.91e-02
 1.72819e+16	6.60e-01	3.40e-01	1.39e-12	0.00e+00	0.00e+00	0.00e+00	0.00e+00	0.00e+00	0.00e+00	4.85e-01	1.15e-01	6.00e-02
 1.72865e+16	6.71e-01	3.29e-01	1.36e-12	0.00e+00	0.00e+00	0.00e+00	0.00e+00	0.00e+00	0.00e+00	4.94e-01	1.16e-01	6.09e-02
 1.72910e+16	6.83e-01	3.17e-01	1.32e-12	0.00e+00	0.00e+00	0.00e+00	0.00e+00	0.00e+00	0.00e+00	5.03e-01	1.18e-01	6.17e-02
 1.72954e+16	6.94e-01	3.06e-01	1.29e-12	0.00e+00	0.00e+00	0.00e+00	0.00e+00	0.00e+00	0.00e+00	5.12e-01	1.19e-01	6.25e-02
 1.72997e+16	7.05e-01	2.95e-01	1.25e-12	0.00e+00	0.00e+00	0.00e+00	0.00e+00	0.00e+00	0.00e+00	5.21e-01	1.20e-01	6.33e-02
 1.73040e+16	7.16e-01	2.84e-01	1.22e-12	0.00e+00	0.00e+00	0.00e+00	0.00e+00	0.00e+00	0.00e+00	5.30e-01	1.21e-01	6.40e-02
 1.73081e+16	7.27e-01	2.73e-01	1.18e-12	0.00e+00	0.00e+00	0.00e+00	0.00e+00	0.00e+00	0.00e+00	5.39e-01	1.23e-01	6.47e-02
 1.73121e+16	7.37e-01	2.63e-01	1.15e-12	0.00e+00	0.00e+00	0.00e+00	0.00e+00	0.00e+00	0.00e+00	5.48e-01	1.24e-01	6.54e-02
 1.73160e+16	7.47e-01	2.53e-01	1.12e-12	0.00e+00	0.00e+00	0.00e+00	0.00e+00	0.00e+00	0.00e+00	5.56e-01	1.25e-01	6.60e-02
 1.73199e+16	7.57e-01	2.43e-01	1.08e-12	0.00e+00	0.00e+00	0.00e+00	0.00e+00	0.00e+00	0.00e+00	5.64e-01	1.26e-01	6.66e-02
 1.73237e+16	7.66e-01	2.34e-01	1.05e-12	0.00e+00	0.00e+00	0.00e+00	0.00e+00	0.00e+00	0.00e+00	5.73e-01	1.27e-01	6.71e-02
 1.73273e+16	7.76e-01	2.24e-01	1.02e-12	0.00e+00	0.00e+00	0.00e+00	0.00e+00	0.00e+00	0.00e+00	5.81e-01	1.27e-01	6.75e-02
 1.73310e+16	7.85e-01	2.15e-01	9.83e-13	0.00e+00	0.00e+00	0.00e+00	0.00e+00	0.00e+00	0.00e+00	5.89e-01	1.28e-01	6.79e-02
 1.73345e+16	7.93e-01	2.07e-01	9.51e-13	0.00e+00	0.00e+00	0.00e+00	0.00e+00	0.00e+00	0.00e+00	5.96e-01	1.29e-01	6.83e-02
 1.73380e+16	8.02e-01	1.98e-01	9.20e-13	0.00e+00	0.00e+00	0.00e+00	0.00e+00	0.00e+00	0.00e+00	6.04e-01	1.30e-01	6.87e-02
 1.73414e+16	8.10e-01	1.90e-01	8.89e-13	0.00e+00	0.00e+00	0.00e+00	0.00e+00	0.00e+00	0.00e+00	6.11e-01	1.30e-01	6.90e-02
 1.73448e+16	8.18e-01	1.82e-01	8.59e-13	0.00e+00	0.00e+00	0.00e+00	0.00e+00	0.00e+00	0.00e+00	6.18e-01	1.31e-01	6.93e-02
 1.73480e+16	8.26e-01	1.74e-01	8.30e-13	0.00e+00	0.00e+00	0.00e+00	0.00e+00	0.00e+00	0.00e+00	6.25e-01	1.31e-01	6.95e-02
 1.73512e+16	8.33e-01	1.67e-01	8.02e-13	0.00e+00	0.00e+00	0.00e+00	0.00e+00	0.00e+00	0.00e+00	6.32e-01	1.32e-01	6.97e-02
 1.73542e+16	8.40e-01	1.60e-01	7.75e-13	0.00e+00	0.00e+00	0.00e+00	0.00e+00	0.00e+00	0.00e+00	6.38e-01	1.32e-01	6.99e-02
 1.73572e+16	8.46e-01	1.54e-01	7.48e-13	0.00e+00	0.00e+00	0.00e+00	0.00e+00	0.00e+00	0.00e+00	6.44e-01	1.32e-01	7.01e-02
 1.73602e+16	8.53e-01	1.47e-01	7.23e-13	0.00e+00	0.00e+00	0.00e+00	0.00e+00	0.00e+00	0.00e+00	6.50e-01	1.33e-01	7.02e-02
 1.73631e+16	8.59e-01	1.41e-01	6.98e-13	0.00e+00	0.00e+00	0.00e+00	0.00e+00	0.00e+00	0.00e+00	6.56e-01	1.33e-01	7.03e-02
 1.73659e+16	8.65e-01	1.35e-01	6.74e-13	0.00e+00	0.00e+00	0.00e+00	0.00e+00	0.00e+00	0.00e+00	6.61e-01	1.33e-01	7.04e-02
 1.73687e+16	8.70e-01	1.30e-01	6.51e-13	0.00e+00	0.00e+00	0.00e+00	0.00e+00	0.00e+00	0.00e+00	6.67e-01	1.33e-01	7.05e-02
 1.73713e+16	8.76e-01	1.24e-01	6.29e-13	0.00e+00	0.00e+00	0.00e+00	0.00e+00	0.00e+00	0.00e+00	6.72e-01	1.33e-01	7.05e-02
 1.73740e+16	8.81e-01	1.19e-01	6.07e-13	0.00e+00	0.00e+00	0.00e+00	0.00e+00	0.00e+00	0.00e+00	6.76e-01	1.34e-01	7.06e-02
 1.73766e+16	8.85e-01	1.15e-01	5.87e-13	0.00e+00	0.00e+00	0.00e+00	0.00e+00	0.00e+00	0.00e+00	6.81e-01	1.34e-01	7.06e-02
 1.73791e+16	8.90e-01	1.10e-01	5.67e-13	0.00e+00	0.00e+00	0.00e+00	0.00e+00	0.00e+00	0.00e+00	6.86e-01	1.34e-01	7.06e-02
 1.73816e+16	8.95e-01	1.05e-01	5.47e-13	0.00e+00	0.00e+00	0.00e+00	0.00e+00	0.00e+00	0.00e+00	6.90e-01	1.34e-01	7.06e-02
 1.73841e+16	8.99e-01	1.01e-01	5.28e-13	0.00e+00	0.00e+00	0.00e+00	0.00e+00	0.00e+00	0.00e+00	6.94e-01	1.34e-01	7.06e-02
 1.73865e+16	9.03e-01	9.70e-02	5.10e-13	0.00e+00	0.00e+00	0.00e+00	0.00e+00	0.00e+00	0.00e+00	6.98e-01	1.34e-01	7.06e-02
 1.73889e+16	9.07e-01	9.31e-02	4.93e-13	0.00e+00	0.00e+00	0.00e+00	0.00e+00	0.00e+00	0.00e+00	7.02e-01	1.34e-01	7.05e-02
 1.73913e+16	9.11e-01	8.93e-02	4.75e-13	0.00e+00	0.00e+00	0.00e+00	0.00e+00	0.00e+00	0.00e+00	7.06e-01	1.34e-01	7.05e-02
 1.73936e+16	9.14e-01	8.57e-02	4.59e-13	0.00e+00	0.00e+00	0.00e+00	0.00e+00	0.00e+00	0.00e+00	7.10e-01	1.34e-01	7.05e-02
 1.73959e+16	9.18e-01	8.22e-02	4.43e-13	0.00e+00	0.00e+00	0.00e+00	0.00e+00	0.00e+00	0.00e+00	7.13e-01	1.34e-01	7.05e-02
 1.73981e+16	9.21e-01	7.90e-02	4.28e-13	0.00e+00	0.00e+00	0.00e+00	0.00e+00	0.00e+00	0.00e+00	7.16e-01	1.34e-01	7.04e-02
 1.74003e+16	9.24e-01	7.58e-02	4.13e-13	0.00e+00	0.00e+00	0.00e+00	0.00e+00	0.00e+00	0.00e+00	7.20e-01	1.34e-01	7.03e-02
 1.74026e+16	9.27e-01	7.27e-02	3.98e-13	0.00e+00	0.00e+00	0.00e+00	0.00e+00	0.00e+00	0.00e+00	7.23e-01	1.34e-01	7.03e-02
 1.74047e+16	9.30e-01	6.98e-02	3.85e-13	0.00e+00	0.00e+00	0.00e+00	0.00e+00	0.00e+00	0.00e+00	7.26e-01	1.34e-01	7.03e-02
 1.74068e+16	9.33e-01	6.70e-02	3.71e-13	0.00e+00	0.00e+00	0.00e+00	0.00e+00	0.00e+00	0.00e+00	7.28e-01	1.34e-01	7.02e-02
 1.74090e+16	9.36e-01	6.43e-02	3.58e-13	0.00e+00	0.00e+00	0.00e+00	0.00e+00	0.00e+00	0.00e+00	7.31e-01	1.35e-01	7.02e-02
 1.74111e+16	9.38e-01	6.17e-02	3.45e-13	0.00e+00	0.00e+00	0.00e+00	0.00e+00	0.00e+00	0.00e+00	7.34e-01	1.35e-01	7.01e-02
 1.74131e+16	9.41e-01	5.92e-02	3.34e-13	0.00e+00	0.00e+00	0.00e+00	0.00e+00	0.00e+00	0.00e+00	7.36e-01	1.35e-01	7.01e-02
 1.74151e+16	9.43e-01	5.68e-02	3.21e-13	0.00e+00	0.00e+00	0.00e+00	0.00e+00	0.00e+00	0.00e+00	7.38e-01	1.35e-01	7.01e-02
 1.74172e+16	9.45e-01	5.45e-02	3.10e-13	0.00e+00	0.00e+00	0.00e+00	0.00e+00	0.00e+00	0.00e+00	7.41e-01	1.35e-01	7.00e-02
 1.74191e+16	9.48e-01	5.23e-02	2.99e-13	0.00e+00	0.00e+00	0.00e+00	0.00e+00	0.00e+00	0.00e+00	7.43e-01	1.35e-01	7.00e-02
 1.74211e+16	9.50e-01	5.02e-02	2.89e-13	0.00e+00	0.00e+00	0.00e+00	0.00e+00	0.00e+00	0.00e+00	7.45e-01	1.35e-01	6.99e-02
 1.74230e+16	9.52e-01	4.82e-02	2.78e-13	0.00e+00	0.00e+00	0.00e+00	0.00e+00	0.00e+00	0.00e+00	7.47e-01	1.35e-01	6.99e-02
 1.74249e+16	9.54e-01	4.62e-02	2.68e-13	0.00e+00	0.00e+00	0.00e+00	0.00e+00	0.00e+00	0.00e+00	7.49e-01	1.35e-01	6.99e-02
 1.74268e+16	9.56e-01	4.44e-02	2.58e-13	0.00e+00	0.00e+00	0.00e+00	0.00e+00	0.00e+00	0.00e+00	7.50e-01	1.35e-01	6.98e-02
 1.74286e+16	9.57e-01	4.26e-02	2.49e-13	0.00e+00	0.00e+00	0.00e+00	0.00e+00	0.00e+00	0.00e+00	7.52e-01	1.36e-01	6.98e-02
 1.74304e+16	9.59e-01	4.09e-02	2.40e-13	0.00e+00	0.00e+00	0.00e+00	0.00e+00	0.00e+00	0.00e+00	7.53e-01	1.36e-01	6.98e-02
 1.74322e+16	9.61e-01	3.92e-02	2.31e-13	0.00e+00	0.00e+00	0.00e+00	0.00e+00	0.00e+00	0.00e+00	7.55e-01	1.36e-01	6.98e-02
 1.74340e+16	9.62e-01	3.76e-02	2.22e-13	0.00e+00	0.00e+00	0.00e+00	0.00e+00	0.00e+00	0.00e+00	7.56e-01	1.36e-01	6.98e-02
 1.74357e+16	9.64e-01	3.61e-02	2.14e-13	0.00e+00	0.00e+00	0.00e+00	0.00e+00	0.00e+00	0.00e+00	7.57e-01	1.37e-01	6.98e-02
 1.74374e+16	9.65e-01	3.46e-02	2.06e-13	0.00e+00	0.00e+00	0.00e+00	0.00e+00	0.00e+00	0.00e+00	7.59e-01	1.37e-01	6.98e-02
 1.74390e+16	9.67e-01	3.32e-02	1.98e-13	0.00e+00	0.00e+00	0.00e+00	0.00e+00	0.00e+00	0.00e+00	7.60e-01	1.37e-01	6.99e-02
 1.74407e+16	9.68e-01	3.19e-02	1.91e-13	0.00e+00	0.00e+00	0.00e+00	0.00e+00	0.00e+00	0.00e+00	7.61e-01	1.38e-01	6.99e-02
 1.74423e+16	9.69e-01	3.06e-02	1.84e-13	0.00e+00	0.00e+00	0.00e+00	0.00e+00	0.00e+00	0.00e+00	7.61e-01	1.38e-01	6.99e-02
 1.74438e+16	9.71e-01	2.93e-02	1.77e-13	0.00e+00	0.00e+00	0.00e+00	0.00e+00	0.00e+00	0.00e+00	7.62e-01	1.39e-01	7.00e-02
 1.74454e+16	9.72e-01	2.81e-02	1.70e-13	0.00e+00	0.00e+00	0.00e+00	0.00e+00	0.00e+00	0.00e+00	7.63e-01	1.39e-01	7.00e-02
 1.74469e+16	9.73e-01	2.70e-02	1.63e-13	0.00e+00	0.00e+00	0.00e+00	0.00e+00	0.00e+00	0.00e+00	7.63e-01	1.40e-01	7.01e-02
 1.74483e+16	9.74e-01	2.59e-02	1.57e-13	0.00e+00	0.00e+00	0.00e+00	0.00e+00	0.00e+00	0.00e+00	7.64e-01	1.40e-01	7.02e-02
 1.74497e+16	9.75e-01	2.48e-02	1.50e-13	0.00e+00	0.00e+00	0.00e+00	0.00e+00	0.00e+00	0.00e+00	7.64e-01	1.41e-01	7.03e-02
 1.74511e+16	9.76e-01	2.38e-02	1.44e-13	0.00e+00	0.00e+00	0.00e+00	0.00e+00	0.00e+00	0.00e+00	7.65e-01	1.41e-01	7.03e-02
 1.74525e+16	9.77e-01	2.28e-02	1.38e-13	0.00e+00	0.00e+00	0.00e+00	0.00e+00	0.00e+00	0.00e+00	7.65e-01	1.42e-01	7.05e-02
 1.74537e+16	9.78e-01	2.18e-02	1.33e-13	0.00e+00	0.00e+00	0.00e+00	0.00e+00	0.00e+00	0.00e+00	7.65e-01	1.43e-01	7.06e-02
 1.74550e+16	9.79e-01	2.09e-02	1.27e-13	0.00e+00	0.00e+00	0.00e+00	0.00e+00	0.00e+00	0.00e+00	7.65e-01	1.44e-01	7.07e-02
 1.74562e+16	9.80e-01	2.00e-02	1.22e-13	0.00e+00	0.00e+00	0.00e+00	0.00e+00	0.00e+00	0.00e+00	7.65e-01	1.44e-01	7.08e-02
 1.74574e+16	9.81e-01	1.92e-02	1.16e-13	0.00e+00	0.00e+00	0.00e+00	0.00e+00	0.00e+00	0.00e+00	7.65e-01	1.45e-01	7.10e-02
 1.74585e+16	9.82e-01	1.84e-02	1.11e-13	0.00e+00	0.00e+00	0.00e+00	0.00e+00	0.00e+00	0.00e+00	7.64e-01	1.46e-01	7.12e-02
 1.74596e+16	9.82e-01	1.76e-02	1.06e-13	0.00e+00	0.00e+00	0.00e+00	0.00e+00	0.00e+00	0.00e+00	7.64e-01	1.47e-01	7.13e-02
 1.74606e+16	9.83e-01	1.68e-02	1.02e-13	0.00e+00	0.00e+00	0.00e+00	0.00e+00	0.00e+00	0.00e+00	7.63e-01	1.48e-01	7.15e-02
 1.74616e+16	9.84e-01	1.61e-02	9.68e-14	0.00e+00	0.00e+00	0.00e+00	0.00e+00	0.00e+00	0.00e+00	7.63e-01	1.50e-01	7.17e-02
 1.74625e+16	9.85e-01	1.54e-02	9.23e-14	0.00e+00	0.00e+00	0.00e+00	0.00e+00	0.00e+00	0.00e+00	7.62e-01	1.51e-01	7.20e-02
 1.74634e+16	9.85e-01	1.48e-02	8.79e-14	0.00e+00	0.00e+00	0.00e+00	0.00e+00	0.00e+00	0.00e+00	7.61e-01	1.52e-01	7.22e-02
 1.74643e+16	9.86e-01	1.41e-02	8.36e-14	0.00e+00	0.00e+00	0.00e+00	0.00e+00	0.00e+00	0.00e+00	7.60e-01	1.54e-01	7.24e-02
 1.74651e+16	9.86e-01	1.35e-02	7.95e-14	0.00e+00	0.00e+00	0.00e+00	0.00e+00	0.00e+00	0.00e+00	7.59e-01	1.55e-01	7.27e-02
 1.74658e+16	9.87e-01	1.29e-02	7.55e-14	0.00e+00	0.00e+00	0.00e+00	0.00e+00	0.00e+00	0.00e+00	7.57e-01	1.57e-01	7.30e-02
 1.74666e+16	9.88e-01	1.23e-02	7.16e-14	0.00e+00	0.00e+00	0.00e+00	0.00e+00	0.00e+00	0.00e+00	7.56e-01	1.58e-01	7.32e-02
 1.74673e+16	9.88e-01	1.18e-02	6.78e-14	0.00e+00	0.00e+00	0.00e+00	0.00e+00	0.00e+00	0.00e+00	7.55e-01	1.60e-01	7.35e-02
 1.74679e+16	9.89e-01	1.13e-02	6.42e-14	0.00e+00	0.00e+00	0.00e+00	0.00e+00	0.00e+00	0.00e+00	7.53e-01	1.62e-01	7.38e-02
 1.74685e+16	9.89e-01	1.08e-02	6.07e-14	0.00e+00	0.00e+00	0.00e+00	0.00e+00	0.00e+00	0.00e+00	7.52e-01	1.64e-01	7.41e-02
 1.74691e+16	9.90e-01	1.03e-02	5.75e-14	0.00e+00	0.00e+00	0.00e+00	0.00e+00	0.00e+00	0.00e+00	7.50e-01	1.65e-01	7.44e-02
 1.74696e+16	9.90e-01	9.83e-03	5.42e-14	0.00e+00	0.00e+00	0.00e+00	0.00e+00	0.00e+00	0.00e+00	7.48e-01	1.67e-01	7.47e-02
 1.74702e+16	9.91e-01	9.39e-03	5.11e-14	0.00e+00	0.00e+00	0.00e+00	0.00e+00	0.00e+00	0.00e+00	7.46e-01	1.69e-01	7.50e-02
 1.74707e+16	9.91e-01	8.97e-03	4.82e-14	0.00e+00	0.00e+00	0.00e+00	0.00e+00	0.00e+00	0.00e+00	7.44e-01	1.71e-01	7.53e-02
 1.74711e+16	9.91e-01	8.58e-03	4.55e-14	0.00e+00	0.00e+00	0.00e+00	0.00e+00	0.00e+00	0.00e+00	7.43e-01	1.73e-01	7.56e-02
 1.74715e+16	9.92e-01	8.23e-03	4.30e-14	0.00e+00	0.00e+00	0.00e+00	0.00e+00	0.00e+00	0.00e+00	7.41e-01	1.75e-01	7.58e-02
 1.74719e+16	9.92e-01	7.91e-03	4.09e-14	0.00e+00	0.00e+00	0.00e+00	0.00e+00	0.00e+00	0.00e+00	7.39e-01	1.77e-01	7.60e-02
 1.74723e+16	9.92e-01	7.62e-03	3.88e-14	0.00e+00	0.00e+00	0.00e+00	0.00e+00	0.00e+00	0.00e+00	7.38e-01	1.78e-01	7.63e-02
 1.74726e+16	9.93e-01	7.35e-03	3.70e-14	0.00e+00	0.00e+00	0.00e+00	0.00e+00	0.00e+00	0.00e+00	7.36e-01	1.80e-01	7.65e-02
