#depth	H	H+	H2
 1.66330e+11	2.01e-03	9.98e-01	2.86e-12
 9.97979e+11	2.01e-03	9.98e-01	2.87e-12
 4.32458e+12	2.02e-03	9.98e-01	2.88e-12
 1.76310e+13	2.02e-03	9.98e-01	2.90e-12
 4.21147e+13	2.01e-03	9.98e-01	2.94e-12
 7.39436e+13	2.00e-03	9.98e-01	2.95e-12
 1.15321e+14	1.99e-03	9.98e-01	2.98e-12
 1.69112e+14	1.98e-03	9.98e-01	3.02e-12
 2.39040e+14	1.97e-03	9.98e-01	3.07e-12
 3.29946e+14	1.96e-03	9.98e-01	3.14e-12
 4.48125e+14	1.95e-03	9.98e-01	3.19e-12
 6.01757e+14	1.94e-03	9.98e-01	3.26e-12
 8.01478e+14	1.93e-03	9.98e-01	3.34e-12
 1.06112e+15	1.92e-03	9.98e-01	3.42e-12
 1.39865e+15	1.90e-03	9.98e-01	3.48e-12
 1.83743e+15	1.89e-03	9.98e-01	3.52e-12
 2.27790e+15	1.86e-03	9.98e-01	3.47e-12
 2.62081e+15	1.83e-03	9.98e-01	3.37e-12
 2.90082e+15	1.81e-03	9.98e-01	3.25e-12
 3.19882e+15	1.79e-03	9.98e-01	3.09e-12
 3.53562e+15	1.77e-03	9.98e-01	2.90e-12
 3.85895e+15	1.74e-03	9.98e-01	2.67e-12
 4.16312e+15	1.72e-03	9.98e-01	2.43e-12
 4.50629e+15	1.70e-03	9.98e-01	2.15e-12
 4.92941e+15	1.82e-03	9.98e-01	1.97e-12
 5.27042e+15	1.85e-03	9.98e-01	1.91e-12
 5.47680e+15	1.87e-03	9.98e-01	1.91e-12
 5.69425e+15	1.91e-03	9.98e-01	1.90e-12
 5.97693e+15	1.97e-03	9.98e-01	1.93e-12
 6.26824e+15	2.05e-03	9.98e-01	2.05e-12
 6.48802e+15	2.13e-03	9.98e-01	2.22e-12
 6.64346e+15	2.21e-03	9.98e-01	2.35e-12
 6.77607e+15	2.28e-03	9.98e-01	2.50e-12
 6.92651e+15	2.36e-03	9.98e-01	2.65e-12
 7.08598e+15	2.46e-03	9.98e-01	2.90e-12
 7.21312e+15	2.56e-03	9.97e-01	3.16e-12
 7.30722e+15	2.65e-03	9.97e-01	3.38e-12
 7.38939e+15	2.73e-03	9.97e-01	3.59e-12
 7.48319e+15	2.81e-03	9.97e-01	3.82e-12
 7.58178e+15	2.92e-03	9.97e-01	4.12e-12
 7.66064e+15	3.02e-03	9.97e-01	4.42e-12
 7.72082e+15	3.09e-03	9.97e-01	4.65e-12
 7.78267e+15	3.17e-03	9.97e-01	4.89e-12
 7.84945e+15	3.26e-03	9.97e-01	5.19e-12
 7.90606e+15	3.34e-03	9.97e-01	5.48e-12
 7.95139e+15	3.41e-03	9.97e-01	5.74e-12
 7.99215e+15	3.47e-03	9.97e-01	5.97e-12
 8.03866e+15	3.54e-03	9.96e-01	6.23e-12
 8.08806e+15	3.63e-03	9.96e-01	6.63e-12
 8.12914e+15	3.70e-03	9.96e-01	6.99e-12
 8.16360e+15	3.76e-03	9.96e-01	7.32e-12
 8.20149e+15	3.83e-03	9.96e-01	7.68e-12
 8.25075e+15	3.91e-03	9.96e-01	8.13e-12
 8.31478e+15	4.00e-03	9.96e-01	8.62e-12
 8.39802e+15	4.11e-03	9.96e-01	8.90e-12
 8.50624e+15	4.22e-03	9.96e-01	8.80e-12
 8.64692e+15	4.33e-03	9.96e-01	8.29e-12
 8.82981e+15	4.48e-03	9.96e-01	7.55e-12
 9.06756e+15	4.68e-03	9.95e-01	6.63e-12
 9.35780e+15	4.96e-03	9.95e-01	5.66e-12
 9.66538e+15	5.31e-03	9.95e-01	4.87e-12
 9.96178e+15	5.69e-03	9.94e-01	4.24e-12
 1.02499e+16	6.10e-03	9.94e-01	3.72e-12
 1.05376e+16	6.54e-03	9.93e-01	3.29e-12
 1.08259e+16	7.04e-03	9.93e-01	2.96e-12
 1.11125e+16	7.59e-03	9.92e-01	2.69e-12
 1.13959e+16	8.20e-03	9.92e-01	2.49e-12
 1.16757e+16	8.86e-03	9.91e-01	2.33e-12
 1.19521e+16	9.59e-03	9.90e-01	2.21e-12
 1.22244e+16	1.04e-02	9.90e-01	2.12e-12
 1.24923e+16	1.13e-02	9.89e-01	2.06e-12
 1.27546e+16	1.23e-02	9.88e-01	2.02e-12
 1.30118e+16	1.33e-02	9.87e-01	2.00e-12
 1.32653e+16	1.45e-02	9.85e-01	1.99e-12
 1.35141e+16	1.58e-02	9.84e-01	1.99e-12
 1.37579e+16	1.73e-02	9.83e-01	2.01e-12
 1.39967e+16	1.89e-02	9.81e-01	2.03e-12
 1.42312e+16	2.07e-02	9.79e-01	2.07e-12
 1.44618e+16	2.28e-02	9.77e-01	2.12e-12
 1.46885e+16	2.51e-02	9.75e-01	2.18e-12
 1.49120e+16	2.78e-02	9.72e-01	2.25e-12
 1.51329e+16	3.09e-02	9.69e-01	2.35e-12
 1.53522e+16	3.46e-02	9.65e-01	2.48e-12
 1.55712e+16	3.92e-02	9.61e-01	2.64e-12
 1.57919e+16	4.51e-02	9.55e-01	2.88e-12
 1.60172e+16	5.29e-02	9.47e-01	3.23e-12
 1.62297e+16	6.35e-02	9.36e-01	3.78e-12
 1.64016e+16	7.61e-02	9.24e-01	4.51e-12
 1.65308e+16	8.92e-02	9.11e-01	5.35e-12
 1.66352e+16	1.03e-01	8.97e-01	6.31e-12
 1.67305e+16	1.20e-01	8.80e-01	7.56e-12
 1.68208e+16	1.41e-01	8.59e-01	9.34e-12
 1.69016e+16	1.67e-01	8.33e-01	1.19e-11
 1.69757e+16	1.99e-01	8.01e-01	1.55e-11
 1.70465e+16	2.42e-01	7.58e-01	2.14e-11
 1.71039e+16	2.92e-01	7.08e-01	3.01e-11
 1.71412e+16	3.35e-01	6.65e-01	3.96e-11
 1.71631e+16	3.65e-01	6.35e-01	4.77e-11
 1.71785e+16	3.89e-01	6.11e-01	5.50e-11
 1.71930e+16	4.13e-01	5.87e-01	6.34e-11
 1.72077e+16	4.39e-01	5.61e-01	7.40e-11
 1.72211e+16	4.65e-01	5.35e-01	8.63e-11
 1.72324e+16	4.89e-01	5.11e-01	9.89e-11
 1.72419e+16	5.10e-01	4.90e-01	1.12e-10
 1.72505e+16	5.30e-01	4.70e-01	1.26e-10
 1.72575e+16	5.46e-01	4.54e-01	1.38e-10
 1.72624e+16	5.58e-01	4.42e-01	1.49e-10
 1.72668e+16	5.69e-01	4.31e-01	1.59e-10
 1.72718e+16	5.82e-01	4.18e-01	1.72e-10
 1.72770e+16	5.95e-01	4.05e-01	1.87e-10
 1.72819e+16	6.08e-01	3.92e-01	2.03e-10
 1.72865e+16	6.20e-01	3.80e-01	2.19e-10
 1.72910e+16	6.32e-01	3.68e-01	2.37e-10
 1.72954e+16	6.45e-01	3.55e-01	2.56e-10
 1.72997e+16	6.57e-01	3.43e-01	2.78e-10
 1.73040e+16	6.68e-01	3.32e-01	3.01e-10
 1.73081e+16	6.80e-01	3.20e-01	3.26e-10
 1.73121e+16	6.91e-01	3.09e-01	3.53e-10
 1.73160e+16	7.02e-01	2.98e-01	3.82e-10
 1.73199e+16	7.13e-01	2.87e-01	4.14e-10
 1.73237e+16	7.24e-01	2.76e-01	4.49e-10
 1.73273e+16	7.34e-01	2.66e-01	4.86e-10
 1.73310e+16	7.44e-01	2.56e-01	5.27e-10
 1.73345e+16	7.54e-01	2.46e-01	5.71e-10
 1.73380e+16	7.64e-01	2.36e-01	6.19e-10
 1.73414e+16	7.73e-01	2.27e-01	6.71e-10
 1.73448e+16	7.82e-01	2.18e-01	7.27e-10
 1.73480e+16	7.91e-01	2.09e-01	7.87e-10
 1.73512e+16	7.99e-01	2.01e-01	8.51e-10
 1.73542e+16	8.07e-01	1.93e-01	9.19e-10
 1.73572e+16	8.14e-01	1.86e-01	9.92e-10
 1.73602e+16	8.22e-01	1.78e-01	1.07e-09
 1.73631e+16	8.29e-01	1.71e-01	1.16e-09
 1.73659e+16	8.36e-01	1.64e-01	1.24e-09
 1.73687e+16	8.42e-01	1.58e-01	1.34e-09
 1.73713e+16	8.48e-01	1.52e-01	1.44e-09
 1.73740e+16	8.54e-01	1.46e-01	1.54e-09
 1.73766e+16	8.60e-01	1.40e-01	1.65e-09
 1.73791e+16	8.66e-01	1.34e-01	1.78e-09
 1.73816e+16	8.71e-01	1.29e-01	1.90e-09
 1.73841e+16	8.76e-01	1.24e-01	2.04e-09
 1.73865e+16	8.81e-01	1.19e-01	2.18e-09
 1.73889e+16	8.85e-01	1.15e-01	2.34e-09
 1.73913e+16	8.90e-01	1.10e-01	2.50e-09
 1.73936e+16	8.94e-01	1.06e-01	2.67e-09
 1.73959e+16	8.98e-01	1.02e-01	2.85e-09
 1.73981e+16	9.02e-01	9.76e-02	3.05e-09
 1.74003e+16	9.06e-01	9.37e-02	3.25e-09
 1.74026e+16	9.10e-01	9.00e-02	3.47e-09
 1.74047e+16	9.14e-01	8.65e-02	3.71e-09
 1.74068e+16	9.17e-01	8.31e-02	3.96e-09
 1.74090e+16	9.20e-01	7.98e-02	4.21e-09
 1.74111e+16	9.23e-01	7.67e-02	4.50e-09
 1.74131e+16	9.26e-01	7.37e-02	4.80e-09
 1.74151e+16	9.29e-01	7.07e-02	5.11e-09
 1.74172e+16	9.32e-01	6.80e-02	5.46e-09
 1.74191e+16	9.35e-01	6.53e-02	5.82e-09
 1.74211e+16	9.37e-01	6.27e-02	6.21e-09
 1.74230e+16	9.40e-01	6.02e-02	6.63e-09
 1.74249e+16	9.42e-01	5.78e-02	7.08e-09
 1.74268e+16	9.44e-01	5.55e-02	7.57e-09
 1.74286e+16	9.47e-01	5.34e-02	8.08e-09
 1.74304e+16	9.49e-01	5.12e-02	8.65e-09
 1.74322e+16	9.51e-01	4.92e-02	9.26e-09
 1.74340e+16	9.53e-01	4.72e-02	9.92e-09
 1.74357e+16	9.55e-01	4.54e-02	1.06e-08
 1.74374e+16	9.56e-01	4.36e-02	1.14e-08
 1.74390e+16	9.58e-01	4.18e-02	1.23e-08
 1.74407e+16	9.60e-01	4.01e-02	1.32e-08
 1.74423e+16	9.61e-01	3.85e-02	1.42e-08
 1.74438e+16	9.63e-01	3.70e-02	1.53e-08
 1.74454e+16	9.64e-01	3.55e-02	1.65e-08
 1.74469e+16	9.66e-01	3.41e-02	1.78e-08
 1.74483e+16	9.67e-01	3.27e-02	1.92e-08
 1.74497e+16	9.69e-01	3.14e-02	2.08e-08
 1.74511e+16	9.70e-01	3.01e-02	2.25e-08
 1.74525e+16	9.71e-01	2.89e-02	2.44e-08
 1.74537e+16	9.72e-01	2.77e-02	2.64e-08
 1.74550e+16	9.73e-01	2.66e-02	2.86e-08
 1.74562e+16	9.75e-01	2.55e-02	3.10e-08
 1.74574e+16	9.76e-01	2.44e-02	3.35e-08
 1.74585e+16	9.77e-01	2.34e-02	3.62e-08
 1.74596e+16	9.78e-01	2.24e-02	3.91e-08
 1.74606e+16	9.78e-01	2.15e-02	4.21e-08
 1.74616e+16	9.79e-01	2.06e-02	4.52e-08
 1.74625e+16	9.80e-01	1.97e-02	4.84e-08
 1.74634e+16	9.81e-01	1.89e-02	5.16e-08
 1.74643e+16	9.82e-01	1.81e-02	5.48e-08
 1.74651e+16	9.83e-01	1.74e-02	5.79e-08
 1.74658e+16	9.83e-01	1.66e-02	6.08e-08
 1.74666e+16	9.84e-01	1.59e-02	6.36e-08
 1.74673e+16	9.85e-01	1.52e-02	6.64e-08
 1.74679e+16	9.85e-01	1.46e-02	6.91e-08
 1.74685e+16	9.86e-01	1.40e-02	7.17e-08
 1.74691e+16	9.87e-01	1.34e-02	7.44e-08
 1.74696e+16	9.87e-01	1.28e-02	7.72e-08
 1.74702e+16	9.88e-01	1.22e-02	8.00e-08
 1.74707e+16	9.88e-01	1.17e-02	8.29e-08
 1.74711e+16	9.89e-01	1.12e-02	8.58e-08
 1.74715e+16	9.89e-01	1.08e-02	8.87e-08
 1.74719e+16	9.90e-01	1.04e-02	9.16e-08
 1.74723e+16	9.90e-01	1.00e-02	9.45e-08
 1.74726e+16	9.90e-01	9.70e-03	9.74e-08
