#depth	H	H+	H2
 1.35405e+12	1.07e-03	9.99e-01	2.70e-14
 8.12428e+12	1.07e-03	9.99e-01	2.70e-14
 3.52052e+13	1.07e-03	9.99e-01	2.71e-14
 1.43529e+14	1.07e-03	9.99e-01	2.73e-14
 3.42845e+14	1.06e-03	9.99e-01	2.76e-14
 6.01955e+14	1.05e-03	9.99e-01	2.79e-14
 9.38798e+14	1.04e-03	9.99e-01	2.84e-14
 1.37669e+15	1.04e-03	9.99e-01	2.91e-14
 1.94596e+15	1.03e-03	9.99e-01	3.01e-14
 2.63270e+15	1.03e-03	9.99e-01	3.13e-14
 3.34842e+15	1.02e-03	9.99e-01	3.27e-14
 3.99688e+15	1.02e-03	9.99e-01	3.40e-14
 4.56670e+15	1.03e-03	9.99e-01	3.54e-14
 5.19255e+15	1.04e-03	9.99e-01	3.73e-14
 6.00614e+15	1.06e-03	9.99e-01	3.99e-14
 6.92477e+15	1.08e-03	9.99e-01	4.28e-14
 7.97995e+15	1.11e-03	9.99e-01	4.62e-14
 9.35167e+15	1.15e-03	9.99e-01	5.06e-14
 1.11349e+16	1.20e-03	9.99e-01	5.60e-14
 1.34531e+16	1.27e-03	9.99e-01	6.36e-14
 1.55016e+16	1.33e-03	9.99e-01	7.04e-14
 1.70518e+16	1.39e-03	9.99e-01	7.62e-14
 1.87569e+16	1.46e-03	9.99e-01	8.36e-14
 2.06326e+16	1.55e-03	9.98e-01	9.26e-14
 2.26959e+16	1.66e-03	9.98e-01	1.04e-13
 2.49655e+16	1.79e-03	9.98e-01	1.18e-13
 2.74620e+16	1.97e-03	9.98e-01	1.37e-13
 3.02082e+16	2.19e-03	9.98e-01	1.61e-13
 3.32291e+16	2.49e-03	9.98e-01	1.94e-13
 3.65520e+16	2.89e-03	9.97e-01	2.41e-13
 3.89541e+16	3.27e-03	9.97e-01	2.89e-13
 3.99526e+16	3.44e-03	9.97e-01	3.11e-13
 4.07275e+16	3.58e-03	9.96e-01	3.29e-13
 4.17348e+16	3.78e-03	9.96e-01	3.56e-13
 4.30442e+16	4.06e-03	9.96e-01	3.92e-13
 4.44429e+16	4.39e-03	9.96e-01	4.37e-13
 4.56282e+16	4.70e-03	9.95e-01	4.80e-13
 4.66444e+16	5.00e-03	9.95e-01	5.24e-13
 4.77700e+16	5.36e-03	9.95e-01	5.74e-13
 4.89929e+16	5.79e-03	9.94e-01	6.37e-13
 5.00596e+16	6.22e-03	9.94e-01	7.02e-13
 5.09827e+16	6.62e-03	9.93e-01	7.63e-13
 5.20020e+16	7.10e-03	9.93e-01	8.36e-13
 5.31029e+16	7.69e-03	9.92e-01	9.31e-13
 5.40599e+16	8.27e-03	9.92e-01	1.02e-12
 5.48928e+16	8.82e-03	9.91e-01	1.11e-12
 5.58141e+16	9.49e-03	9.91e-01	1.22e-12
 5.68180e+16	1.03e-02	9.90e-01	1.36e-12
 5.76948e+16	1.11e-02	9.89e-01	1.50e-12
 5.84515e+16	1.19e-02	9.88e-01	1.63e-12
 5.92865e+16	1.29e-02	9.87e-01	1.81e-12
 6.01988e+16	1.41e-02	9.86e-01	2.02e-12
 6.09968e+16	1.53e-02	9.85e-01	2.25e-12
 6.16786e+16	1.65e-02	9.83e-01	2.46e-12
 6.24242e+16	1.80e-02	9.82e-01	2.73e-12
 6.32294e+16	1.98e-02	9.80e-01	3.07e-12
 6.39173e+16	2.16e-02	9.78e-01	3.41e-12
 6.44946e+16	2.33e-02	9.77e-01	3.74e-12
 6.51224e+16	2.54e-02	9.75e-01	4.16e-12
 6.58016e+16	2.80e-02	9.72e-01	4.69e-12
 6.63842e+16	3.07e-02	9.69e-01	5.23e-12
 6.68727e+16	3.33e-02	9.67e-01	5.77e-12
 6.74024e+16	3.65e-02	9.64e-01	6.44e-12
 6.79775e+16	4.06e-02	9.59e-01	7.33e-12
 6.84744e+16	4.48e-02	9.55e-01	8.26e-12
 6.88952e+16	4.90e-02	9.51e-01	9.18e-12
 6.93542e+16	5.43e-02	9.46e-01	1.04e-11
 6.98548e+16	6.12e-02	9.39e-01	1.20e-11
 7.02924e+16	6.86e-02	9.31e-01	1.38e-11
 7.06680e+16	7.62e-02	9.24e-01	1.56e-11
 7.09903e+16	8.39e-02	9.16e-01	1.76e-11
 7.12591e+16	9.11e-02	9.09e-01	1.95e-11
 7.15477e+16	1.00e-01	9.00e-01	2.18e-11
 7.18539e+16	1.12e-01	8.88e-01	2.49e-11
 7.21072e+16	1.22e-01	8.78e-01	2.80e-11
 7.23166e+16	1.32e-01	8.68e-01	3.07e-11
 7.25444e+16	1.44e-01	8.56e-01	3.45e-11
 7.27903e+16	1.59e-01	8.41e-01	3.91e-11
 7.30019e+16	1.75e-01	8.25e-01	4.40e-11
 7.31801e+16	1.88e-01	8.12e-01	4.86e-11
 7.33728e+16	2.06e-01	7.94e-01	5.46e-11
 7.35804e+16	2.27e-01	7.73e-01	6.20e-11
 7.37590e+16	2.46e-01	7.54e-01	6.95e-11
 7.39132e+16	2.64e-01	7.36e-01	7.65e-11
 7.40838e+16	2.87e-01	7.13e-01	8.59e-11
 7.42699e+16	3.14e-01	6.86e-01	9.78e-11
 7.44330e+16	3.41e-01	6.59e-01	1.10e-10
 7.45724e+16	3.64e-01	6.36e-01	1.22e-10
 7.47117e+16	3.89e-01	6.11e-01	1.35e-10
 7.48690e+16	4.19e-01	5.81e-01	1.52e-10
 7.50218e+16	4.50e-01	5.50e-01	1.70e-10
 7.51445e+16	4.76e-01	5.24e-01	1.87e-10
 7.52484e+16	4.97e-01	5.03e-01	2.02e-10
 7.53499e+16	5.19e-01	4.81e-01	2.19e-10
 7.54521e+16	5.42e-01	4.58e-01	2.37e-10
 7.55315e+16	5.59e-01	4.41e-01	2.51e-10
 7.55819e+16	5.69e-01	4.31e-01	2.61e-10
 7.56309e+16	5.79e-01	4.21e-01	2.70e-10
 7.56911e+16	5.93e-01	4.07e-01	2.83e-10
 7.57550e+16	6.07e-01	3.93e-01	2.98e-10
 7.58119e+16	6.20e-01	3.80e-01	3.11e-10
 7.58638e+16	6.31e-01	3.69e-01	3.24e-10
 7.59166e+16	6.42e-01	3.58e-01	3.37e-10
 7.59716e+16	6.55e-01	3.45e-01	3.53e-10
 7.60267e+16	6.67e-01	3.33e-01	3.68e-10
 7.60789e+16	6.78e-01	3.22e-01	3.83e-10
 7.61298e+16	6.89e-01	3.11e-01	4.00e-10
 7.61813e+16	7.00e-01	3.00e-01	4.15e-10
 7.62332e+16	7.11e-01	2.89e-01	4.34e-10
 7.62841e+16	7.21e-01	2.79e-01	4.50e-10
 7.63341e+16	7.32e-01	2.68e-01	4.70e-10
 7.63844e+16	7.42e-01	2.58e-01	4.89e-10
 7.64337e+16	7.52e-01	2.48e-01	5.09e-10
 7.64822e+16	7.61e-01	2.39e-01	5.28e-10
 7.65312e+16	7.70e-01	2.30e-01	5.51e-10
 7.65798e+16	7.79e-01	2.21e-01	5.71e-10
 7.66279e+16	7.88e-01	2.12e-01	5.96e-10
 7.66759e+16	7.97e-01	2.03e-01	6.20e-10
 7.67228e+16	8.05e-01	1.95e-01	6.45e-10
 7.67692e+16	8.13e-01	1.87e-01	6.69e-10
 7.68162e+16	8.20e-01	1.80e-01	6.97e-10
 7.68633e+16	8.28e-01	1.72e-01	7.27e-10
 7.69089e+16	8.35e-01	1.65e-01	7.54e-10
 7.69532e+16	8.42e-01	1.58e-01	7.86e-10
 7.69975e+16	8.48e-01	1.52e-01	8.14e-10
 7.70417e+16	8.55e-01	1.45e-01	8.49e-10
 7.70850e+16	8.61e-01	1.39e-01	8.84e-10
 7.71275e+16	8.67e-01	1.33e-01	9.19e-10
 7.71696e+16	8.72e-01	1.28e-01	9.52e-10
 7.72110e+16	8.77e-01	1.23e-01	9.93e-10
 7.72515e+16	8.82e-01	1.18e-01	1.03e-09
 7.72917e+16	8.87e-01	1.13e-01	1.08e-09
 7.73317e+16	8.92e-01	1.08e-01	1.12e-09
 7.73709e+16	8.96e-01	1.04e-01	1.16e-09
 7.74092e+16	9.00e-01	9.97e-02	1.21e-09
 7.74473e+16	9.04e-01	9.57e-02	1.26e-09
 7.74853e+16	9.08e-01	9.19e-02	1.31e-09
 7.75227e+16	9.12e-01	8.82e-02	1.36e-09
 7.75593e+16	9.15e-01	8.48e-02	1.42e-09
 7.75953e+16	9.19e-01	8.15e-02	1.48e-09
 7.76314e+16	9.22e-01	7.82e-02	1.55e-09
 7.76676e+16	9.25e-01	7.50e-02	1.63e-09
 7.77028e+16	9.28e-01	7.20e-02	1.70e-09
 7.77370e+16	9.31e-01	6.94e-02	1.76e-09
 7.77715e+16	9.33e-01	6.66e-02	1.85e-09
 7.78065e+16	9.36e-01	6.39e-02	1.94e-09
 7.78408e+16	9.39e-01	6.14e-02	2.04e-09
 7.78740e+16	9.41e-01	5.90e-02	2.16e-09
 7.79064e+16	9.43e-01	5.68e-02	2.27e-09
 7.79389e+16	9.45e-01	5.47e-02	2.37e-09
 7.79723e+16	9.48e-01	5.24e-02	2.53e-09
 7.80055e+16	9.50e-01	5.03e-02	2.68e-09
 7.80370e+16	9.52e-01	4.83e-02	2.84e-09
 7.80680e+16	9.53e-01	4.66e-02	3.02e-09
 7.81000e+16	9.55e-01	4.47e-02	3.20e-09
 7.81322e+16	9.57e-01	4.29e-02	3.44e-09
 7.81630e+16	9.59e-01	4.13e-02	3.67e-09
 7.81923e+16	9.60e-01	3.98e-02	3.92e-09
 7.82219e+16	9.62e-01	3.83e-02	4.23e-09
 7.82527e+16	9.63e-01	3.67e-02	4.60e-09
 7.82835e+16	9.65e-01	3.52e-02	5.05e-09
 7.83125e+16	9.66e-01	3.38e-02	5.52e-09
 7.83406e+16	9.67e-01	3.26e-02	6.05e-09
 7.83691e+16	9.69e-01	3.13e-02	6.71e-09
 7.83980e+16	9.70e-01	3.00e-02	7.50e-09
 7.84259e+16	9.71e-01	2.88e-02	8.40e-09
 7.84522e+16	9.72e-01	2.78e-02	9.47e-09
 7.84761e+16	9.73e-01	2.68e-02	1.07e-08
 7.84975e+16	9.74e-01	2.60e-02	1.19e-08
 7.85171e+16	9.75e-01	2.53e-02	1.33e-08
 7.85359e+16	9.75e-01	2.46e-02	1.49e-08
 7.85536e+16	9.76e-01	2.40e-02	1.68e-08
 7.85698e+16	9.77e-01	2.34e-02	1.88e-08
 7.85847e+16	9.77e-01	2.29e-02	2.10e-08
 7.85987e+16	9.78e-01	2.24e-02	2.34e-08
 7.86121e+16	9.78e-01	2.19e-02	2.62e-08
 7.86249e+16	9.79e-01	2.15e-02	2.93e-08
 7.86371e+16	9.79e-01	2.10e-02	3.27e-08
 7.86486e+16	9.79e-01	2.06e-02	3.66e-08
 7.86595e+16	9.80e-01	2.02e-02	4.08e-08
 7.86699e+16	9.80e-01	1.99e-02	4.56e-08
 7.86799e+16	9.80e-01	1.95e-02	5.08e-08
 7.86895e+16	9.81e-01	1.92e-02	5.67e-08
 7.86988e+16	9.81e-01	1.88e-02	6.33e-08
 7.87078e+16	9.81e-01	1.85e-02	7.04e-08
 7.87166e+16	9.82e-01	1.82e-02	7.82e-08
 7.87252e+16	9.82e-01	1.79e-02	8.70e-08
 7.87339e+16	9.82e-01	1.75e-02	9.66e-08
 7.87426e+16	9.83e-01	1.72e-02	1.07e-07
 7.87514e+16	9.83e-01	1.69e-02	1.18e-07
 7.87604e+16	9.83e-01	1.65e-02	1.31e-07
 7.87700e+16	9.84e-01	1.61e-02	1.44e-07
 7.87800e+16	9.84e-01	1.57e-02	1.57e-07
 7.87896e+16	9.85e-01	1.53e-02	1.69e-07
 7.87982e+16	9.85e-01	1.50e-02	1.78e-07
 7.88061e+16	9.85e-01	1.46e-02	1.86e-07
 7.88137e+16	9.86e-01	1.43e-02	1.92e-07
 7.88211e+16	9.86e-01	1.40e-02	1.98e-07
 7.88281e+16	9.86e-01	1.37e-02	2.03e-07
 7.88344e+16	9.87e-01	1.35e-02	2.07e-07
 7.88401e+16	9.87e-01	1.32e-02	2.10e-07
 7.88454e+16	9.87e-01	1.30e-02	2.13e-07
 7.88501e+16	9.87e-01	1.29e-02	2.16e-07
 7.88545e+16	9.87e-01	1.27e-02	2.18e-07
 7.88592e+16	9.88e-01	1.25e-02	2.21e-07
 7.88644e+16	9.88e-01	1.23e-02	2.24e-07
 7.88690e+16	9.88e-01	1.21e-02	2.27e-07
 7.88733e+16	9.88e-01	1.20e-02	2.29e-07
 7.88779e+16	9.88e-01	1.18e-02	2.33e-07
 7.88829e+16	9.88e-01	1.16e-02	2.36e-07
 7.88875e+16	9.89e-01	1.15e-02	2.39e-07
 7.88917e+16	9.89e-01	1.13e-02	2.42e-07
 7.88962e+16	9.89e-01	1.11e-02	2.46e-07
 7.89012e+16	9.89e-01	1.10e-02	2.50e-07
 7.89056e+16	9.89e-01	1.08e-02	2.53e-07
 7.89106e+16	9.89e-01	1.07e-02	2.56e-07
 7.89159e+16	9.89e-01	1.05e-02	2.59e-07
 7.89207e+16	9.90e-01	1.04e-02	2.62e-07
 7.89260e+16	9.90e-01	1.02e-02	2.66e-07
 7.89317e+16	9.90e-01	1.01e-02	2.70e-07
 7.89369e+16	9.90e-01	9.92e-03	2.74e-07
