#depth	O	O+	O+2	O+3	O+4	O+5	O+6	O+7	O+8	O[1]	O[2]	O[3]
 1.35405e+12	1.68e-06	2.92e-03	5.00e-01	4.95e-01	2.27e-03	0.00e+00	0.00e+00	0.00e+00	0.00e+00	1.22e-06	3.02e-07	1.59e-07
 8.12428e+12	1.68e-06	2.93e-03	5.01e-01	4.94e-01	2.26e-03	0.00e+00	0.00e+00	0.00e+00	0.00e+00	1.22e-06	3.03e-07	1.60e-07
 3.52052e+13	1.69e-06	2.94e-03	5.03e-01	4.92e-01	2.24e-03	0.00e+00	0.00e+00	0.00e+00	0.00e+00	1.23e-06	3.03e-07	1.60e-07
 1.43529e+14	1.72e-06	2.98e-03	5.12e-01	4.83e-01	2.15e-03	0.00e+00	0.00e+00	0.00e+00	0.00e+00	1.24e-06	3.08e-07	1.63e-07
 3.42845e+14	1.73e-06	3.04e-03	5.25e-01	4.70e-01	2.01e-03	0.00e+00	0.00e+00	0.00e+00	0.00e+00	1.25e-06	3.10e-07	1.64e-07
 6.01955e+14	1.76e-06	3.12e-03	5.42e-01	4.53e-01	1.84e-03	0.00e+00	0.00e+00	0.00e+00	0.00e+00	1.28e-06	3.15e-07	1.67e-07
 9.38798e+14	1.81e-06	3.24e-03	5.65e-01	4.30e-01	1.64e-03	0.00e+00	0.00e+00	0.00e+00	0.00e+00	1.32e-06	3.24e-07	1.72e-07
 1.37669e+15	1.90e-06	3.42e-03	5.97e-01	3.98e-01	1.39e-03	0.00e+00	0.00e+00	0.00e+00	0.00e+00	1.38e-06	3.39e-07	1.81e-07
 1.94596e+15	2.05e-06	3.68e-03	6.40e-01	3.55e-01	1.11e-03	0.00e+00	0.00e+00	0.00e+00	0.00e+00	1.49e-06	3.63e-07	1.94e-07
 2.63270e+15	2.24e-06	4.02e-03	6.93e-01	3.02e-01	8.12e-04	0.00e+00	0.00e+00	0.00e+00	0.00e+00	1.63e-06	3.96e-07	2.12e-07
 3.34842e+15	2.46e-06	4.41e-03	7.50e-01	2.45e-01	5.59e-04	0.00e+00	0.00e+00	0.00e+00	0.00e+00	1.79e-06	4.35e-07	2.33e-07
 3.99688e+15	2.69e-06	4.79e-03	8.01e-01	1.94e-01	3.76e-04	0.00e+00	0.00e+00	0.00e+00	0.00e+00	1.96e-06	4.74e-07	2.55e-07
 4.56670e+15	2.92e-06	5.14e-03	8.42e-01	1.52e-01	2.51e-04	0.00e+00	0.00e+00	0.00e+00	0.00e+00	2.13e-06	5.13e-07	2.76e-07
 5.19255e+15	3.22e-06	5.54e-03	8.83e-01	1.11e-01	1.51e-04	0.00e+00	0.00e+00	0.00e+00	0.00e+00	2.35e-06	5.65e-07	3.05e-07
 6.00614e+15	3.59e-06	6.00e-03	9.24e-01	7.03e-02	7.20e-05	0.00e+00	0.00e+00	0.00e+00	0.00e+00	2.62e-06	6.29e-07	3.40e-07
 6.92477e+15	3.96e-06	6.42e-03	9.54e-01	3.93e-02	2.87e-05	0.00e+00	0.00e+00	0.00e+00	0.00e+00	2.90e-06	6.92e-07	3.75e-07
 7.97995e+15	4.38e-06	6.82e-03	9.74e-01	1.94e-02	9.30e-06	0.00e+00	0.00e+00	0.00e+00	0.00e+00	3.20e-06	7.64e-07	4.15e-07
 9.35167e+15	4.89e-06	7.22e-03	9.85e-01	7.82e-03	2.14e-06	0.00e+00	0.00e+00	0.00e+00	0.00e+00	3.58e-06	8.51e-07	4.63e-07
 1.11349e+16	5.54e-06	7.66e-03	9.90e-01	2.59e-03	3.43e-07	0.00e+00	0.00e+00	0.00e+00	0.00e+00	4.05e-06	9.63e-07	5.24e-07
 1.34531e+16	6.49e-06	8.20e-03	9.91e-01	7.23e-04	0.00e+00	0.00e+00	0.00e+00	0.00e+00	0.00e+00	4.74e-06	1.13e-06	6.14e-07
 1.55016e+16	7.31e-06	8.65e-03	9.91e-01	2.77e-04	0.00e+00	0.00e+00	0.00e+00	0.00e+00	0.00e+00	5.35e-06	1.27e-06	6.92e-07
 1.70518e+16	8.13e-06	9.04e-03	9.91e-01	1.50e-04	0.00e+00	0.00e+00	0.00e+00	0.00e+00	0.00e+00	5.95e-06	1.41e-06	7.70e-07
 1.87569e+16	9.19e-06	9.50e-03	9.90e-01	8.72e-05	0.00e+00	0.00e+00	0.00e+00	0.00e+00	0.00e+00	6.72e-06	1.60e-06	8.70e-07
 2.06326e+16	1.05e-05	1.00e-02	9.90e-01	5.64e-05	0.00e+00	0.00e+00	0.00e+00	0.00e+00	0.00e+00	7.71e-06	1.83e-06	9.99e-07
 2.26959e+16	1.24e-05	1.07e-02	9.89e-01	4.12e-05	0.00e+00	0.00e+00	0.00e+00	0.00e+00	0.00e+00	9.03e-06	2.15e-06	1.17e-06
 2.49655e+16	1.48e-05	1.15e-02	9.88e-01	3.28e-05	0.00e+00	0.00e+00	0.00e+00	0.00e+00	0.00e+00	1.08e-05	2.58e-06	1.40e-06
 2.74620e+16	1.82e-05	1.25e-02	9.87e-01	2.77e-05	0.00e+00	0.00e+00	0.00e+00	0.00e+00	0.00e+00	1.33e-05	3.18e-06	1.73e-06
 3.02082e+16	2.32e-05	1.38e-02	9.86e-01	2.42e-05	0.00e+00	0.00e+00	0.00e+00	0.00e+00	0.00e+00	1.69e-05	4.06e-06	2.20e-06
 3.32291e+16	3.07e-05	1.56e-02	9.84e-01	2.13e-05	0.00e+00	0.00e+00	0.00e+00	0.00e+00	0.00e+00	2.24e-05	5.40e-06	2.91e-06
 3.65520e+16	4.28e-05	1.79e-02	9.82e-01	1.87e-05	0.00e+00	0.00e+00	0.00e+00	0.00e+00	0.00e+00	3.12e-05	7.56e-06	4.06e-06
 3.89541e+16	5.58e-05	2.01e-02	9.80e-01	1.69e-05	0.00e+00	0.00e+00	0.00e+00	0.00e+00	0.00e+00	4.06e-05	9.88e-06	5.30e-06
 3.99526e+16	6.26e-05	2.11e-02	9.79e-01	1.62e-05	0.00e+00	0.00e+00	0.00e+00	0.00e+00	0.00e+00	4.55e-05	1.11e-05	5.94e-06
 4.07275e+16	6.85e-05	2.20e-02	9.78e-01	1.56e-05	0.00e+00	0.00e+00	0.00e+00	0.00e+00	0.00e+00	4.99e-05	1.22e-05	6.50e-06
 4.17348e+16	7.74e-05	2.32e-02	9.77e-01	1.49e-05	0.00e+00	0.00e+00	0.00e+00	0.00e+00	0.00e+00	5.63e-05	1.37e-05	7.34e-06
 4.30442e+16	9.09e-05	2.50e-02	9.75e-01	1.41e-05	0.00e+00	0.00e+00	0.00e+00	0.00e+00	0.00e+00	6.60e-05	1.62e-05	8.62e-06
 4.44429e+16	1.09e-04	2.72e-02	9.73e-01	1.33e-05	0.00e+00	0.00e+00	0.00e+00	0.00e+00	0.00e+00	7.89e-05	1.94e-05	1.03e-05
 4.56282e+16	1.27e-04	2.92e-02	9.71e-01	1.25e-05	0.00e+00	0.00e+00	0.00e+00	0.00e+00	0.00e+00	9.23e-05	2.27e-05	1.21e-05
 4.66444e+16	1.46e-04	3.12e-02	9.69e-01	1.18e-05	0.00e+00	0.00e+00	0.00e+00	0.00e+00	0.00e+00	1.06e-04	2.62e-05	1.39e-05
 4.77700e+16	1.72e-04	3.37e-02	9.66e-01	1.12e-05	0.00e+00	0.00e+00	0.00e+00	0.00e+00	0.00e+00	1.25e-04	3.08e-05	1.63e-05
 4.89929e+16	2.06e-04	3.68e-02	9.63e-01	1.04e-05	0.00e+00	0.00e+00	0.00e+00	0.00e+00	0.00e+00	1.49e-04	3.70e-05	1.95e-05
 5.00596e+16	2.42e-04	3.99e-02	9.60e-01	9.75e-06	0.00e+00	0.00e+00	0.00e+00	0.00e+00	0.00e+00	1.76e-04	4.36e-05	2.30e-05
 5.09827e+16	2.80e-04	4.29e-02	9.57e-01	9.19e-06	0.00e+00	0.00e+00	0.00e+00	0.00e+00	0.00e+00	2.03e-04	5.04e-05	2.66e-05
 5.20020e+16	3.32e-04	4.66e-02	9.53e-01	8.59e-06	0.00e+00	0.00e+00	0.00e+00	0.00e+00	0.00e+00	2.40e-04	5.96e-05	3.14e-05
 5.31029e+16	4.00e-04	5.12e-02	9.48e-01	7.94e-06	0.00e+00	0.00e+00	0.00e+00	0.00e+00	0.00e+00	2.90e-04	7.19e-05	3.79e-05
 5.40599e+16	4.74e-04	5.59e-02	9.44e-01	7.38e-06	0.00e+00	0.00e+00	0.00e+00	0.00e+00	0.00e+00	3.44e-04	8.53e-05	4.49e-05
 5.48928e+16	5.54e-04	6.05e-02	9.39e-01	6.91e-06	0.00e+00	0.00e+00	0.00e+00	0.00e+00	0.00e+00	4.02e-04	9.95e-05	5.23e-05
 5.58141e+16	6.59e-04	6.62e-02	9.33e-01	6.37e-06	0.00e+00	0.00e+00	0.00e+00	0.00e+00	0.00e+00	4.78e-04	1.18e-04	6.23e-05
 5.68180e+16	8.05e-04	7.35e-02	9.26e-01	5.82e-06	0.00e+00	0.00e+00	0.00e+00	0.00e+00	0.00e+00	5.84e-04	1.45e-04	7.60e-05
 5.76948e+16	9.67e-04	8.09e-02	9.18e-01	5.33e-06	0.00e+00	0.00e+00	0.00e+00	0.00e+00	0.00e+00	7.01e-04	1.74e-04	9.12e-05
 5.84515e+16	1.14e-03	8.81e-02	9.11e-01	4.93e-06	0.00e+00	0.00e+00	0.00e+00	0.00e+00	0.00e+00	8.25e-04	2.04e-04	1.07e-04
 5.92865e+16	1.37e-03	9.73e-02	9.01e-01	4.48e-06	0.00e+00	0.00e+00	0.00e+00	0.00e+00	0.00e+00	9.96e-04	2.47e-04	1.29e-04
 6.01988e+16	1.70e-03	1.09e-01	8.89e-01	3.99e-06	0.00e+00	0.00e+00	0.00e+00	0.00e+00	0.00e+00	1.23e-03	3.06e-04	1.60e-04
 6.09968e+16	2.07e-03	1.21e-01	8.77e-01	3.60e-06	0.00e+00	0.00e+00	0.00e+00	0.00e+00	0.00e+00	1.50e-03	3.72e-04	1.95e-04
 6.16786e+16	2.47e-03	1.33e-01	8.65e-01	3.26e-06	0.00e+00	0.00e+00	0.00e+00	0.00e+00	0.00e+00	1.79e-03	4.43e-04	2.32e-04
 6.24242e+16	3.01e-03	1.48e-01	8.49e-01	2.90e-06	0.00e+00	0.00e+00	0.00e+00	0.00e+00	0.00e+00	2.18e-03	5.40e-04	2.83e-04
 6.32294e+16	3.77e-03	1.66e-01	8.30e-01	2.53e-06	0.00e+00	0.00e+00	0.00e+00	0.00e+00	0.00e+00	2.74e-03	6.76e-04	3.54e-04
 6.39173e+16	4.61e-03	1.85e-01	8.10e-01	2.23e-06	0.00e+00	0.00e+00	0.00e+00	0.00e+00	0.00e+00	3.35e-03	8.26e-04	4.32e-04
 6.44946e+16	5.49e-03	2.03e-01	7.92e-01	1.98e-06	0.00e+00	0.00e+00	0.00e+00	0.00e+00	0.00e+00	3.99e-03	9.84e-04	5.15e-04
 6.51224e+16	6.69e-03	2.25e-01	7.68e-01	1.71e-06	0.00e+00	0.00e+00	0.00e+00	0.00e+00	0.00e+00	4.87e-03	1.20e-03	6.27e-04
 6.58016e+16	8.38e-03	2.53e-01	7.39e-01	1.45e-06	0.00e+00	0.00e+00	0.00e+00	0.00e+00	0.00e+00	6.09e-03	1.50e-03	7.84e-04
 6.63842e+16	1.03e-02	2.80e-01	7.10e-01	1.24e-06	0.00e+00	0.00e+00	0.00e+00	0.00e+00	0.00e+00	7.46e-03	1.83e-03	9.59e-04
 6.68727e+16	1.22e-02	3.06e-01	6.82e-01	1.07e-06	0.00e+00	0.00e+00	0.00e+00	0.00e+00	0.00e+00	8.89e-03	2.18e-03	1.14e-03
 6.74024e+16	1.49e-02	3.36e-01	6.49e-01	9.01e-07	0.00e+00	0.00e+00	0.00e+00	0.00e+00	0.00e+00	1.08e-02	2.65e-03	1.39e-03
 6.79775e+16	1.86e-02	3.74e-01	6.07e-01	7.28e-07	0.00e+00	0.00e+00	0.00e+00	0.00e+00	0.00e+00	1.35e-02	3.31e-03	1.73e-03
 6.84744e+16	2.27e-02	4.10e-01	5.67e-01	5.92e-07	0.00e+00	0.00e+00	0.00e+00	0.00e+00	0.00e+00	1.65e-02	4.03e-03	2.12e-03
 6.88952e+16	2.70e-02	4.43e-01	5.30e-01	4.88e-07	0.00e+00	0.00e+00	0.00e+00	0.00e+00	0.00e+00	1.97e-02	4.79e-03	2.52e-03
 6.93542e+16	3.28e-02	4.82e-01	4.85e-01	3.86e-07	0.00e+00	0.00e+00	0.00e+00	0.00e+00	0.00e+00	2.39e-02	5.81e-03	3.06e-03
 6.98548e+16	4.09e-02	5.26e-01	4.33e-01	2.88e-07	0.00e+00	0.00e+00	0.00e+00	0.00e+00	0.00e+00	2.98e-02	7.22e-03	3.80e-03
 7.02924e+16	4.98e-02	5.66e-01	3.84e-01	2.15e-07	0.00e+00	0.00e+00	0.00e+00	0.00e+00	0.00e+00	3.64e-02	8.77e-03	4.63e-03
 7.06680e+16	5.93e-02	6.00e-01	3.40e-01	1.63e-07	0.00e+00	0.00e+00	0.00e+00	0.00e+00	0.00e+00	4.34e-02	1.04e-02	5.50e-03
 7.09903e+16	6.91e-02	6.29e-01	3.02e-01	1.25e-07	0.00e+00	0.00e+00	0.00e+00	0.00e+00	0.00e+00	5.06e-02	1.21e-02	6.41e-03
 7.12591e+16	7.86e-02	6.51e-01	2.70e-01	0.00e+00	0.00e+00	0.00e+00	0.00e+00	0.00e+00	0.00e+00	5.76e-02	1.37e-02	7.28e-03
 7.15477e+16	9.04e-02	6.73e-01	2.36e-01	0.00e+00	0.00e+00	0.00e+00	0.00e+00	0.00e+00	0.00e+00	6.63e-02	1.57e-02	8.36e-03
 7.18539e+16	1.05e-01	6.94e-01	2.01e-01	0.00e+00	0.00e+00	0.00e+00	0.00e+00	0.00e+00	0.00e+00	7.73e-02	1.82e-02	9.72e-03
 7.21072e+16	1.19e-01	7.07e-01	1.73e-01	0.00e+00	0.00e+00	0.00e+00	0.00e+00	0.00e+00	0.00e+00	8.78e-02	2.05e-02	1.10e-02
 7.23166e+16	1.32e-01	7.16e-01	1.52e-01	0.00e+00	0.00e+00	0.00e+00	0.00e+00	0.00e+00	0.00e+00	9.72e-02	2.26e-02	1.21e-02
 7.25444e+16	1.48e-01	7.22e-01	1.30e-01	0.00e+00	0.00e+00	0.00e+00	0.00e+00	0.00e+00	0.00e+00	1.09e-01	2.52e-02	1.36e-02
 7.27903e+16	1.67e-01	7.25e-01	1.07e-01	0.00e+00	0.00e+00	0.00e+00	0.00e+00	0.00e+00	0.00e+00	1.24e-01	2.83e-02	1.53e-02
 7.30019e+16	1.87e-01	7.24e-01	8.98e-02	0.00e+00	0.00e+00	0.00e+00	0.00e+00	0.00e+00	0.00e+00	1.38e-01	3.13e-02	1.70e-02
 7.31801e+16	2.04e-01	7.20e-01	7.66e-02	0.00e+00	0.00e+00	0.00e+00	0.00e+00	0.00e+00	0.00e+00	1.51e-01	3.40e-02	1.86e-02
 7.33728e+16	2.25e-01	7.12e-01	6.34e-02	0.00e+00	0.00e+00	0.00e+00	0.00e+00	0.00e+00	0.00e+00	1.67e-01	3.72e-02	2.04e-02
 7.35804e+16	2.50e-01	6.99e-01	5.09e-02	0.00e+00	0.00e+00	0.00e+00	0.00e+00	0.00e+00	0.00e+00	1.87e-01	4.09e-02	2.26e-02
 7.37590e+16	2.74e-01	6.84e-01	4.15e-02	0.00e+00	0.00e+00	0.00e+00	0.00e+00	0.00e+00	0.00e+00	2.05e-01	4.43e-02	2.47e-02
 7.39132e+16	2.95e-01	6.70e-01	3.46e-02	0.00e+00	0.00e+00	0.00e+00	0.00e+00	0.00e+00	0.00e+00	2.21e-01	4.73e-02	2.65e-02
 7.40838e+16	3.21e-01	6.51e-01	2.78e-02	0.00e+00	0.00e+00	0.00e+00	0.00e+00	0.00e+00	0.00e+00	2.42e-01	5.08e-02	2.86e-02
 7.42699e+16	3.52e-01	6.26e-01	2.15e-02	0.00e+00	0.00e+00	0.00e+00	0.00e+00	0.00e+00	0.00e+00	2.66e-01	5.48e-02	3.12e-02
 7.44330e+16	3.82e-01	6.01e-01	1.69e-02	0.00e+00	0.00e+00	0.00e+00	0.00e+00	0.00e+00	0.00e+00	2.90e-01	5.85e-02	3.36e-02
 7.45724e+16	4.07e-01	5.79e-01	1.37e-02	0.00e+00	0.00e+00	0.00e+00	0.00e+00	0.00e+00	0.00e+00	3.10e-01	6.14e-02	3.55e-02
 7.47117e+16	4.35e-01	5.54e-01	1.09e-02	0.00e+00	0.00e+00	0.00e+00	0.00e+00	0.00e+00	0.00e+00	3.33e-01	6.44e-02	3.76e-02
 7.48690e+16	4.67e-01	5.25e-01	8.32e-03	0.00e+00	0.00e+00	0.00e+00	0.00e+00	0.00e+00	0.00e+00	3.59e-01	6.76e-02	3.99e-02
 7.50218e+16	4.99e-01	4.94e-01	6.32e-03	0.00e+00	0.00e+00	0.00e+00	0.00e+00	0.00e+00	0.00e+00	3.86e-01	7.07e-02	4.22e-02
 7.51445e+16	5.26e-01	4.69e-01	5.03e-03	0.00e+00	0.00e+00	0.00e+00	0.00e+00	0.00e+00	0.00e+00	4.09e-01	7.29e-02	4.40e-02
 7.52484e+16	5.48e-01	4.48e-01	4.11e-03	0.00e+00	0.00e+00	0.00e+00	0.00e+00	0.00e+00	0.00e+00	4.28e-01	7.45e-02	4.54e-02
 7.53499e+16	5.70e-01	4.27e-01	3.36e-03	0.00e+00	0.00e+00	0.00e+00	0.00e+00	0.00e+00	0.00e+00	4.47e-01	7.60e-02	4.67e-02
 7.54521e+16	5.92e-01	4.05e-01	2.71e-03	0.00e+00	0.00e+00	0.00e+00	0.00e+00	0.00e+00	0.00e+00	4.67e-01	7.74e-02	4.80e-02
 7.55315e+16	6.09e-01	3.89e-01	2.30e-03	0.00e+00	0.00e+00	0.00e+00	0.00e+00	0.00e+00	0.00e+00	4.82e-01	7.82e-02	4.89e-02
 7.55819e+16	6.19e-01	3.79e-01	2.08e-03	0.00e+00	0.00e+00	0.00e+00	0.00e+00	0.00e+00	0.00e+00	4.91e-01	7.86e-02	4.93e-02
 7.56309e+16	6.29e-01	3.69e-01	1.87e-03	0.00e+00	0.00e+00	0.00e+00	0.00e+00	0.00e+00	0.00e+00	5.00e-01	7.89e-02	4.98e-02
 7.56911e+16	6.42e-01	3.57e-01	1.63e-03	0.00e+00	0.00e+00	0.00e+00	0.00e+00	0.00e+00	0.00e+00	5.12e-01	7.93e-02	5.04e-02
 7.57550e+16	6.56e-01	3.43e-01	1.41e-03	0.00e+00	0.00e+00	0.00e+00	0.00e+00	0.00e+00	0.00e+00	5.25e-01	7.97e-02	5.10e-02
 7.58119e+16	6.68e-01	3.31e-01	1.24e-03	0.00e+00	0.00e+00	0.00e+00	0.00e+00	0.00e+00	0.00e+00	5.36e-01	7.99e-02	5.14e-02
 7.58638e+16	6.79e-01	3.20e-01	1.10e-03	0.00e+00	0.00e+00	0.00e+00	0.00e+00	0.00e+00	0.00e+00	5.47e-01	8.00e-02	5.18e-02
 7.59166e+16	6.89e-01	3.10e-01	9.68e-04	0.00e+00	0.00e+00	0.00e+00	0.00e+00	0.00e+00	0.00e+00	5.57e-01	8.01e-02	5.22e-02
 7.59716e+16	7.01e-01	2.98e-01	8.47e-04	0.00e+00	0.00e+00	0.00e+00	0.00e+00	0.00e+00	0.00e+00	5.68e-01	8.01e-02	5.25e-02
 7.60267e+16	7.12e-01	2.87e-01	7.39e-04	0.00e+00	0.00e+00	0.00e+00	0.00e+00	0.00e+00	0.00e+00	5.79e-01	8.01e-02	5.28e-02
 7.60789e+16	7.23e-01	2.77e-01	6.50e-04	0.00e+00	0.00e+00	0.00e+00	0.00e+00	0.00e+00	0.00e+00	5.90e-01	7.99e-02	5.30e-02
 7.61298e+16	7.33e-01	2.67e-01	5.71e-04	0.00e+00	0.00e+00	0.00e+00	0.00e+00	0.00e+00	0.00e+00	6.00e-01	7.98e-02	5.32e-02
 7.61813e+16	7.43e-01	2.57e-01	5.00e-04	0.00e+00	0.00e+00	0.00e+00	0.00e+00	0.00e+00	0.00e+00	6.10e-01	7.95e-02	5.34e-02
 7.62332e+16	7.53e-01	2.47e-01	4.36e-04	0.00e+00	0.00e+00	0.00e+00	0.00e+00	0.00e+00	0.00e+00	6.20e-01	7.92e-02	5.35e-02
 7.62841e+16	7.62e-01	2.37e-01	3.82e-04	0.00e+00	0.00e+00	0.00e+00	0.00e+00	0.00e+00	0.00e+00	6.30e-01	7.89e-02	5.35e-02
 7.63341e+16	7.72e-01	2.28e-01	3.34e-04	0.00e+00	0.00e+00	0.00e+00	0.00e+00	0.00e+00	0.00e+00	6.40e-01	7.84e-02	5.36e-02
 7.63844e+16	7.81e-01	2.19e-01	2.91e-04	0.00e+00	0.00e+00	0.00e+00	0.00e+00	0.00e+00	0.00e+00	6.49e-01	7.80e-02	5.36e-02
 7.64337e+16	7.90e-01	2.10e-01	2.55e-04	0.00e+00	0.00e+00	0.00e+00	0.00e+00	0.00e+00	0.00e+00	6.59e-01	7.75e-02	5.35e-02
 7.64822e+16	7.98e-01	2.02e-01	2.23e-04	0.00e+00	0.00e+00	0.00e+00	0.00e+00	0.00e+00	0.00e+00	6.67e-01	7.70e-02	5.34e-02
 7.65312e+16	8.06e-01	1.93e-01	1.94e-04	0.00e+00	0.00e+00	0.00e+00	0.00e+00	0.00e+00	0.00e+00	6.77e-01	7.63e-02	5.33e-02
 7.65798e+16	8.14e-01	1.86e-01	1.69e-04	0.00e+00	0.00e+00	0.00e+00	0.00e+00	0.00e+00	0.00e+00	6.85e-01	7.58e-02	5.32e-02
 7.66279e+16	8.22e-01	1.78e-01	1.47e-04	0.00e+00	0.00e+00	0.00e+00	0.00e+00	0.00e+00	0.00e+00	6.94e-01	7.51e-02	5.30e-02
 7.66759e+16	8.30e-01	1.70e-01	1.28e-04	0.00e+00	0.00e+00	0.00e+00	0.00e+00	0.00e+00	0.00e+00	7.02e-01	7.44e-02	5.28e-02
 7.67228e+16	8.37e-01	1.63e-01	1.11e-04	0.00e+00	0.00e+00	0.00e+00	0.00e+00	0.00e+00	0.00e+00	7.10e-01	7.37e-02	5.25e-02
 7.67692e+16	8.44e-01	1.56e-01	9.71e-05	0.00e+00	0.00e+00	0.00e+00	0.00e+00	0.00e+00	0.00e+00	7.18e-01	7.30e-02	5.23e-02
 7.68162e+16	8.50e-01	1.50e-01	8.43e-05	0.00e+00	0.00e+00	0.00e+00	0.00e+00	0.00e+00	0.00e+00	7.26e-01	7.23e-02	5.20e-02
 7.68633e+16	8.57e-01	1.43e-01	7.30e-05	0.00e+00	0.00e+00	0.00e+00	0.00e+00	0.00e+00	0.00e+00	7.34e-01	7.15e-02	5.17e-02
 7.69089e+16	8.63e-01	1.37e-01	6.35e-05	0.00e+00	0.00e+00	0.00e+00	0.00e+00	0.00e+00	0.00e+00	7.41e-01	7.08e-02	5.14e-02
 7.69532e+16	8.69e-01	1.31e-01	5.54e-05	0.00e+00	0.00e+00	0.00e+00	0.00e+00	0.00e+00	0.00e+00	7.48e-01	7.00e-02	5.10e-02
 7.69975e+16	8.75e-01	1.25e-01	4.83e-05	0.00e+00	0.00e+00	0.00e+00	0.00e+00	0.00e+00	0.00e+00	7.54e-01	6.93e-02	5.07e-02
 7.70417e+16	8.80e-01	1.20e-01	4.20e-05	0.00e+00	0.00e+00	0.00e+00	0.00e+00	0.00e+00	0.00e+00	7.61e-01	6.86e-02	5.03e-02
 7.70850e+16	8.85e-01	1.15e-01	3.66e-05	0.00e+00	0.00e+00	0.00e+00	0.00e+00	0.00e+00	0.00e+00	7.67e-01	6.78e-02	5.00e-02
 7.71275e+16	8.90e-01	1.10e-01	3.20e-05	0.00e+00	0.00e+00	0.00e+00	0.00e+00	0.00e+00	0.00e+00	7.73e-01	6.71e-02	4.96e-02
 7.71696e+16	8.95e-01	1.05e-01	2.80e-05	0.00e+00	0.00e+00	0.00e+00	0.00e+00	0.00e+00	0.00e+00	7.79e-01	6.64e-02	4.92e-02
 7.72110e+16	8.99e-01	1.01e-01	2.44e-05	0.00e+00	0.00e+00	0.00e+00	0.00e+00	0.00e+00	0.00e+00	7.85e-01	6.56e-02	4.89e-02
 7.72515e+16	9.03e-01	9.65e-02	2.14e-05	0.00e+00	0.00e+00	0.00e+00	0.00e+00	0.00e+00	0.00e+00	7.90e-01	6.49e-02	4.85e-02
 7.72917e+16	9.07e-01	9.25e-02	1.88e-05	0.00e+00	0.00e+00	0.00e+00	0.00e+00	0.00e+00	0.00e+00	7.95e-01	6.42e-02	4.81e-02
 7.73317e+16	9.11e-01	8.86e-02	1.65e-05	0.00e+00	0.00e+00	0.00e+00	0.00e+00	0.00e+00	0.00e+00	8.00e-01	6.36e-02	4.77e-02
 7.73709e+16	9.15e-01	8.49e-02	1.45e-05	0.00e+00	0.00e+00	0.00e+00	0.00e+00	0.00e+00	0.00e+00	8.05e-01	6.29e-02	4.74e-02
 7.74092e+16	9.19e-01	8.14e-02	1.27e-05	0.00e+00	0.00e+00	0.00e+00	0.00e+00	0.00e+00	0.00e+00	8.09e-01	6.23e-02	4.70e-02
 7.74473e+16	9.22e-01	7.81e-02	1.12e-05	0.00e+00	0.00e+00	0.00e+00	0.00e+00	0.00e+00	0.00e+00	8.14e-01	6.16e-02	4.66e-02
 7.74853e+16	9.25e-01	7.49e-02	9.85e-06	0.00e+00	0.00e+00	0.00e+00	0.00e+00	0.00e+00	0.00e+00	8.18e-01	6.10e-02	4.63e-02
 7.75227e+16	9.28e-01	7.19e-02	8.67e-06	0.00e+00	0.00e+00	0.00e+00	0.00e+00	0.00e+00	0.00e+00	8.22e-01	6.04e-02	4.59e-02
 7.75593e+16	9.31e-01	6.90e-02	7.66e-06	0.00e+00	0.00e+00	0.00e+00	0.00e+00	0.00e+00	0.00e+00	8.26e-01	5.99e-02	4.56e-02
 7.75953e+16	9.34e-01	6.62e-02	6.77e-06	0.00e+00	0.00e+00	0.00e+00	0.00e+00	0.00e+00	0.00e+00	8.29e-01	5.93e-02	4.52e-02
 7.76314e+16	9.36e-01	6.35e-02	5.98e-06	0.00e+00	0.00e+00	0.00e+00	0.00e+00	0.00e+00	0.00e+00	8.33e-01	5.87e-02	4.49e-02
 7.76676e+16	9.39e-01	6.09e-02	5.28e-06	0.00e+00	0.00e+00	0.00e+00	0.00e+00	0.00e+00	0.00e+00	8.36e-01	5.82e-02	4.45e-02
 7.77028e+16	9.42e-01	5.84e-02	4.67e-06	0.00e+00	0.00e+00	0.00e+00	0.00e+00	0.00e+00	0.00e+00	8.40e-01	5.76e-02	4.42e-02
 7.77370e+16	9.44e-01	5.62e-02	4.15e-06	0.00e+00	0.00e+00	0.00e+00	0.00e+00	0.00e+00	0.00e+00	8.43e-01	5.72e-02	4.39e-02
 7.77715e+16	9.46e-01	5.39e-02	3.68e-06	0.00e+00	0.00e+00	0.00e+00	0.00e+00	0.00e+00	0.00e+00	8.46e-01	5.67e-02	4.35e-02
 7.78065e+16	9.48e-01	5.17e-02	3.25e-06	0.00e+00	0.00e+00	0.00e+00	0.00e+00	0.00e+00	0.00e+00	8.49e-01	5.61e-02	4.32e-02
 7.78408e+16	9.50e-01	4.96e-02	2.88e-06	0.00e+00	0.00e+00	0.00e+00	0.00e+00	0.00e+00	0.00e+00	8.52e-01	5.56e-02	4.28e-02
 7.78740e+16	9.52e-01	4.77e-02	2.57e-06	0.00e+00	0.00e+00	0.00e+00	0.00e+00	0.00e+00	0.00e+00	8.55e-01	5.52e-02	4.24e-02
 7.79064e+16	9.54e-01	4.58e-02	2.29e-06	0.00e+00	0.00e+00	0.00e+00	0.00e+00	0.00e+00	0.00e+00	8.57e-01	5.47e-02	4.21e-02
 7.79389e+16	9.56e-01	4.41e-02	2.04e-06	0.00e+00	0.00e+00	0.00e+00	0.00e+00	0.00e+00	0.00e+00	8.60e-01	5.43e-02	4.18e-02
 7.79723e+16	9.58e-01	4.22e-02	1.81e-06	0.00e+00	0.00e+00	0.00e+00	0.00e+00	0.00e+00	0.00e+00	8.62e-01	5.38e-02	4.15e-02
 7.80055e+16	9.59e-01	4.05e-02	1.61e-06	0.00e+00	0.00e+00	0.00e+00	0.00e+00	0.00e+00	0.00e+00	8.65e-01	5.34e-02	4.11e-02
 7.80370e+16	9.61e-01	3.89e-02	1.44e-06	0.00e+00	0.00e+00	0.00e+00	0.00e+00	0.00e+00	0.00e+00	8.67e-01	5.30e-02	4.08e-02
 7.80680e+16	9.63e-01	3.74e-02	1.29e-06	0.00e+00	0.00e+00	0.00e+00	0.00e+00	0.00e+00	0.00e+00	8.69e-01	5.26e-02	4.05e-02
 7.81000e+16	9.64e-01	3.59e-02	1.15e-06	0.00e+00	0.00e+00	0.00e+00	0.00e+00	0.00e+00	0.00e+00	8.72e-01	5.22e-02	4.03e-02
 7.81322e+16	9.66e-01	3.45e-02	1.02e-06	0.00e+00	0.00e+00	0.00e+00	0.00e+00	0.00e+00	0.00e+00	8.74e-01	5.18e-02	4.00e-02
 7.81630e+16	9.67e-01	3.31e-02	9.15e-07	0.00e+00	0.00e+00	0.00e+00	0.00e+00	0.00e+00	0.00e+00	8.76e-01	5.15e-02	3.97e-02
 7.81923e+16	9.68e-01	3.19e-02	8.24e-07	0.00e+00	0.00e+00	0.00e+00	0.00e+00	0.00e+00	0.00e+00	8.78e-01	5.12e-02	3.94e-02
 7.82219e+16	9.69e-01	3.07e-02	7.40e-07	0.00e+00	0.00e+00	0.00e+00	0.00e+00	0.00e+00	0.00e+00	8.79e-01	5.08e-02	3.92e-02
 7.82527e+16	9.71e-01	2.94e-02	6.62e-07	0.00e+00	0.00e+00	0.00e+00	0.00e+00	0.00e+00	0.00e+00	8.81e-01	5.05e-02	3.89e-02
 7.82835e+16	9.72e-01	2.81e-02	5.91e-07	0.00e+00	0.00e+00	0.00e+00	0.00e+00	0.00e+00	0.00e+00	8.83e-01	5.01e-02	3.86e-02
 7.83125e+16	9.73e-01	2.70e-02	5.32e-07	0.00e+00	0.00e+00	0.00e+00	0.00e+00	0.00e+00	0.00e+00	8.85e-01	4.98e-02	3.84e-02
 7.83406e+16	9.74e-01	2.60e-02	4.81e-07	0.00e+00	0.00e+00	0.00e+00	0.00e+00	0.00e+00	0.00e+00	8.86e-01	4.95e-02	3.82e-02
 7.83691e+16	9.75e-01	2.49e-02	4.33e-07	0.00e+00	0.00e+00	0.00e+00	0.00e+00	0.00e+00	0.00e+00	8.88e-01	4.92e-02	3.79e-02
 7.83980e+16	9.76e-01	2.39e-02	3.90e-07	0.00e+00	0.00e+00	0.00e+00	0.00e+00	0.00e+00	0.00e+00	8.89e-01	4.89e-02	3.77e-02
 7.84259e+16	9.77e-01	2.29e-02	3.52e-07	0.00e+00	0.00e+00	0.00e+00	0.00e+00	0.00e+00	0.00e+00	8.91e-01	4.86e-02	3.74e-02
 7.84522e+16	9.78e-01	2.21e-02	3.20e-07	0.00e+00	0.00e+00	0.00e+00	0.00e+00	0.00e+00	0.00e+00	8.92e-01	4.84e-02	3.72e-02
 7.84761e+16	9.79e-01	2.13e-02	2.94e-07	0.00e+00	0.00e+00	0.00e+00	0.00e+00	0.00e+00	0.00e+00	8.94e-01	4.81e-02	3.70e-02
 7.84975e+16	9.79e-01	2.06e-02	2.72e-07	0.00e+00	0.00e+00	0.00e+00	0.00e+00	0.00e+00	0.00e+00	8.95e-01	4.79e-02	3.69e-02
 7.85171e+16	9.80e-01	2.01e-02	2.54e-07	0.00e+00	0.00e+00	0.00e+00	0.00e+00	0.00e+00	0.00e+00	8.95e-01	4.77e-02	3.67e-02
 7.85359e+16	9.80e-01	1.95e-02	2.38e-07	0.00e+00	0.00e+00	0.00e+00	0.00e+00	0.00e+00	0.00e+00	8.96e-01	4.76e-02	3.66e-02
 7.85536e+16	9.81e-01	1.90e-02	2.23e-07	0.00e+00	0.00e+00	0.00e+00	0.00e+00	0.00e+00	0.00e+00	8.97e-01	4.74e-02	3.64e-02
 7.85698e+16	9.81e-01	1.85e-02	2.11e-07	0.00e+00	0.00e+00	0.00e+00	0.00e+00	0.00e+00	0.00e+00	8.98e-01	4.72e-02	3.63e-02
 7.85847e+16	9.82e-01	1.81e-02	2.00e-07	0.00e+00	0.00e+00	0.00e+00	0.00e+00	0.00e+00	0.00e+00	8.99e-01	4.71e-02	3.61e-02
 7.85987e+16	9.82e-01	1.77e-02	1.90e-07	0.00e+00	0.00e+00	0.00e+00	0.00e+00	0.00e+00	0.00e+00	8.99e-01	4.69e-02	3.60e-02
 7.86121e+16	9.83e-01	1.73e-02	1.81e-07	0.00e+00	0.00e+00	0.00e+00	0.00e+00	0.00e+00	0.00e+00	9.00e-01	4.68e-02	3.59e-02
 7.86249e+16	9.83e-01	1.69e-02	1.73e-07	0.00e+00	0.00e+00	0.00e+00	0.00e+00	0.00e+00	0.00e+00	9.01e-01	4.66e-02	3.58e-02
 7.86371e+16	9.83e-01	1.66e-02	1.66e-07	0.00e+00	0.00e+00	0.00e+00	0.00e+00	0.00e+00	0.00e+00	9.01e-01	4.65e-02	3.57e-02
 7.86486e+16	9.84e-01	1.62e-02	1.59e-07	0.00e+00	0.00e+00	0.00e+00	0.00e+00	0.00e+00	0.00e+00	9.02e-01	4.63e-02	3.56e-02
 7.86595e+16	9.84e-01	1.59e-02	1.53e-07	0.00e+00	0.00e+00	0.00e+00	0.00e+00	0.00e+00	0.00e+00	9.02e-01	4.62e-02	3.55e-02
 7.86699e+16	9.84e-01	1.56e-02	1.47e-07	0.00e+00	0.00e+00	0.00e+00	0.00e+00	0.00e+00	0.00e+00	9.03e-01	4.61e-02	3.53e-02
 7.86799e+16	9.85e-01	1.53e-02	1.42e-07	0.00e+00	0.00e+00	0.00e+00	0.00e+00	0.00e+00	0.00e+00	9.03e-01	4.60e-02	3.52e-02
 7.86895e+16	9.85e-01	1.50e-02	1.37e-07	0.00e+00	0.00e+00	0.00e+00	0.00e+00	0.00e+00	0.00e+00	9.04e-01	4.59e-02	3.51e-02
 7.86988e+16	9.85e-01	1.48e-02	1.33e-07	0.00e+00	0.00e+00	0.00e+00	0.00e+00	0.00e+00	0.00e+00	9.04e-01	4.57e-02	3.50e-02
 7.87078e+16	9.86e-01	1.45e-02	1.28e-07	0.00e+00	0.00e+00	0.00e+00	0.00e+00	0.00e+00	0.00e+00	9.05e-01	4.56e-02	3.49e-02
 7.87166e+16	9.86e-01	1.42e-02	1.24e-07	0.00e+00	0.00e+00	0.00e+00	0.00e+00	0.00e+00	0.00e+00	9.05e-01	4.55e-02	3.48e-02
 7.87252e+16	9.86e-01	1.40e-02	1.20e-07	0.00e+00	0.00e+00	0.00e+00	0.00e+00	0.00e+00	0.00e+00	9.06e-01	4.54e-02	3.47e-02
 7.87339e+16	9.86e-01	1.37e-02	1.16e-07	0.00e+00	0.00e+00	0.00e+00	0.00e+00	0.00e+00	0.00e+00	9.06e-01	4.52e-02	3.46e-02
 7.87426e+16	9.87e-01	1.34e-02	1.12e-07	0.00e+00	0.00e+00	0.00e+00	0.00e+00	0.00e+00	0.00e+00	9.07e-01	4.51e-02	3.45e-02
 7.87514e+16	9.87e-01	1.31e-02	1.09e-07	0.00e+00	0.00e+00	0.00e+00	0.00e+00	0.00e+00	0.00e+00	9.08e-01	4.50e-02	3.44e-02
 7.87604e+16	9.87e-01	1.28e-02	1.05e-07	0.00e+00	0.00e+00	0.00e+00	0.00e+00	0.00e+00	0.00e+00	9.08e-01	4.48e-02	3.42e-02
 7.87700e+16	9.87e-01	1.25e-02	1.01e-07	0.00e+00	0.00e+00	0.00e+00	0.00e+00	0.00e+00	0.00e+00	9.09e-01	4.47e-02	3.41e-02
 7.87800e+16	9.88e-01	1.22e-02	9.70e-08	0.00e+00	0.00e+00	0.00e+00	0.00e+00	0.00e+00	0.00e+00	9.09e-01	4.45e-02	3.39e-02
 7.87896e+16	9.88e-01	1.18e-02	9.33e-08	0.00e+00	0.00e+00	0.00e+00	0.00e+00	0.00e+00	0.00e+00	9.10e-01	4.43e-02	3.38e-02
 7.87982e+16	9.88e-01	1.15e-02	9.01e-08	0.00e+00	0.00e+00	0.00e+00	0.00e+00	0.00e+00	0.00e+00	9.11e-01	4.41e-02	3.36e-02
 7.88061e+16	9.89e-01	1.13e-02	8.72e-08	0.00e+00	0.00e+00	0.00e+00	0.00e+00	0.00e+00	0.00e+00	9.11e-01	4.39e-02	3.35e-02
 7.88137e+16	9.89e-01	1.10e-02	8.44e-08	0.00e+00	0.00e+00	0.00e+00	0.00e+00	0.00e+00	0.00e+00	9.12e-01	4.38e-02	3.33e-02
 7.88211e+16	9.89e-01	1.08e-02	8.18e-08	0.00e+00	0.00e+00	0.00e+00	0.00e+00	0.00e+00	0.00e+00	9.12e-01	4.36e-02	3.32e-02
 7.88281e+16	9.89e-01	1.05e-02	7.94e-08	0.00e+00	0.00e+00	0.00e+00	0.00e+00	0.00e+00	0.00e+00	9.13e-01	4.35e-02	3.30e-02
 7.88344e+16	9.90e-01	1.03e-02	7.72e-08	0.00e+00	0.00e+00	0.00e+00	0.00e+00	0.00e+00	0.00e+00	9.14e-01	4.33e-02	3.29e-02
 7.88401e+16	9.90e-01	1.01e-02	7.52e-08	0.00e+00	0.00e+00	0.00e+00	0.00e+00	0.00e+00	0.00e+00	9.14e-01	4.32e-02	3.27e-02
 7.88454e+16	9.90e-01	9.93e-03	7.35e-08	0.00e+00	0.00e+00	0.00e+00	0.00e+00	0.00e+00	0.00e+00	9.14e-01	4.30e-02	3.26e-02
 7.88501e+16	9.90e-01	9.77e-03	7.19e-08	0.00e+00	0.00e+00	0.00e+00	0.00e+00	0.00e+00	0.00e+00	9.15e-01	4.29e-02	3.25e-02
 7.88545e+16	9.90e-01	9.64e-03	7.05e-08	0.00e+00	0.00e+00	0.00e+00	0.00e+00	0.00e+00	0.00e+00	9.15e-01	4.28e-02	3.24e-02
 7.88592e+16	9.91e-01	9.47e-03	6.89e-08	0.00e+00	0.00e+00	0.00e+00	0.00e+00	0.00e+00	0.00e+00	9.16e-01	4.27e-02	3.23e-02
 7.88644e+16	9.91e-01	9.30e-03	6.72e-08	0.00e+00	0.00e+00	0.00e+00	0.00e+00	0.00e+00	0.00e+00	9.16e-01	4.25e-02	3.22e-02
 7.88690e+16	9.91e-01	9.15e-03	6.57e-08	0.00e+00	0.00e+00	0.00e+00	0.00e+00	0.00e+00	0.00e+00	9.16e-01	4.24e-02	3.21e-02
 7.88733e+16	9.91e-01	9.04e-03	6.44e-08	0.00e+00	0.00e+00	0.00e+00	0.00e+00	0.00e+00	0.00e+00	9.17e-01	4.22e-02	3.20e-02
 7.88779e+16	9.91e-01	8.88e-03	6.29e-08	0.00e+00	0.00e+00	0.00e+00	0.00e+00	0.00e+00	0.00e+00	9.17e-01	4.21e-02	3.18e-02
 7.88829e+16	9.91e-01	8.71e-03	6.13e-08	0.00e+00	0.00e+00	0.00e+00	0.00e+00	0.00e+00	0.00e+00	9.18e-01	4.19e-02	3.17e-02
 7.88875e+16	9.91e-01	8.58e-03	5.99e-08	0.00e+00	0.00e+00	0.00e+00	0.00e+00	0.00e+00	0.00e+00	9.18e-01	4.18e-02	3.16e-02
 7.88917e+16	9.92e-01	8.47e-03	5.87e-08	0.00e+00	0.00e+00	0.00e+00	0.00e+00	0.00e+00	0.00e+00	9.18e-01	4.17e-02	3.15e-02
 7.88962e+16	9.92e-01	8.31e-03	5.72e-08	0.00e+00	0.00e+00	0.00e+00	0.00e+00	0.00e+00	0.00e+00	9.19e-01	4.15e-02	3.14e-02
 7.89012e+16	9.92e-01	8.16e-03	5.57e-08	0.00e+00	0.00e+00	0.00e+00	0.00e+00	0.00e+00	0.00e+00	9.19e-01	4.13e-02	3.12e-02
 7.89056e+16	9.92e-01	8.06e-03	5.45e-08	0.00e+00	0.00e+00	0.00e+00	0.00e+00	0.00e+00	0.00e+00	9.20e-01	4.12e-02	3.11e-02
 7.89106e+16	9.92e-01	7.93e-03	5.31e-08	0.00e+00	0.00e+00	0.00e+00	0.00e+00	0.00e+00	0.00e+00	9.20e-01	4.11e-02	3.10e-02
 7.89159e+16	9.92e-01	7.80e-03	5.17e-08	0.00e+00	0.00e+00	0.00e+00	0.00e+00	0.00e+00	0.00e+00	9.20e-01	4.10e-02	3.09e-02
 7.89207e+16	9.92e-01	7.68e-03	5.05e-08	0.00e+00	0.00e+00	0.00e+00	0.00e+00	0.00e+00	0.00e+00	9.21e-01	4.08e-02	3.08e-02
 7.89260e+16	9.92e-01	7.56e-03	4.91e-08	0.00e+00	0.00e+00	0.00e+00	0.00e+00	0.00e+00	0.00e+00	9.21e-01	4.07e-02	3.07e-02
 7.89317e+16	9.93e-01	7.41e-03	4.76e-08	0.00e+00	0.00e+00	0.00e+00	0.00e+00	0.00e+00	0.00e+00	9.22e-01	4.05e-02	3.05e-02
 7.89369e+16	9.93e-01	7.29e-03	4.62e-08	0.00e+00	0.00e+00	0.00e+00	0.00e+00	0.00e+00	0.00e+00	9.22e-01	4.04e-02	3.04e-02
