#depth	He	He+	He+2
 1.35405e+12	1.81e-04	2.97e-01	7.03e-01
 8.12428e+12	1.82e-04	2.97e-01	7.03e-01
 3.52052e+13	1.82e-04	2.98e-01	7.02e-01
 1.43529e+14	1.86e-04	3.02e-01	6.98e-01
 3.42845e+14	1.88e-04	3.04e-01	6.96e-01
 6.01955e+14	1.93e-04	3.10e-01	6.89e-01
 9.38798e+14	2.03e-04	3.23e-01	6.77e-01
 1.37669e+15	2.18e-04	3.43e-01	6.56e-01
 1.94596e+15	2.44e-04	3.78e-01	6.22e-01
 2.63270e+15	2.82e-04	4.29e-01	5.70e-01
 3.34842e+15	3.31e-04	4.97e-01	5.03e-01
 3.99688e+15	3.86e-04	5.70e-01	4.30e-01
 4.56670e+15	4.40e-04	6.41e-01	3.58e-01
 5.19255e+15	5.04e-04	7.20e-01	2.79e-01
 6.00614e+15	5.79e-04	8.12e-01	1.87e-01
 6.92477e+15	6.50e-04	8.91e-01	1.08e-01
 7.97995e+15	7.09e-04	9.46e-01	5.38e-02
 9.35167e+15	7.59e-04	9.78e-01	2.12e-02
 1.11349e+16	8.04e-04	9.92e-01	6.71e-03
 1.34531e+16	8.54e-04	9.97e-01	1.73e-03
 1.55016e+16	8.92e-04	9.99e-01	5.80e-04
 1.70518e+16	9.24e-04	9.99e-01	2.71e-04
 1.87569e+16	9.61e-04	9.99e-01	1.23e-04
 2.06326e+16	1.00e-03	9.99e-01	5.49e-05
 2.26959e+16	1.05e-03	9.99e-01	2.41e-05
 2.49655e+16	1.11e-03	9.99e-01	1.05e-05
 2.74620e+16	1.18e-03	9.99e-01	4.62e-06
 3.02082e+16	1.27e-03	9.99e-01	2.08e-06
 3.32291e+16	1.37e-03	9.99e-01	9.55e-07
 3.65520e+16	1.50e-03	9.98e-01	4.52e-07
 3.89541e+16	1.61e-03	9.98e-01	2.89e-07
 3.99526e+16	1.66e-03	9.98e-01	2.42e-07
 4.07275e+16	1.71e-03	9.98e-01	2.09e-07
 4.17348e+16	1.76e-03	9.98e-01	1.72e-07
 4.30442e+16	1.84e-03	9.98e-01	1.36e-07
 4.44429e+16	1.93e-03	9.98e-01	1.07e-07
 4.56282e+16	2.02e-03	9.98e-01	8.89e-08
 4.66444e+16	2.10e-03	9.98e-01	7.56e-08
 4.77700e+16	2.19e-03	9.98e-01	6.30e-08
 4.89929e+16	2.30e-03	9.98e-01	5.23e-08
 5.00596e+16	2.41e-03	9.98e-01	4.48e-08
 5.09827e+16	2.51e-03	9.97e-01	3.92e-08
 5.20020e+16	2.63e-03	9.97e-01	3.37e-08
 5.31029e+16	2.78e-03	9.97e-01	2.89e-08
 5.40599e+16	2.92e-03	9.97e-01	2.54e-08
 5.48928e+16	3.05e-03	9.97e-01	2.27e-08
 5.58141e+16	3.21e-03	9.97e-01	1.99e-08
 5.68180e+16	3.41e-03	9.97e-01	1.75e-08
 5.76948e+16	3.60e-03	9.96e-01	1.57e-08
 5.84515e+16	3.79e-03	9.96e-01	1.42e-08
 5.92865e+16	4.02e-03	9.96e-01	1.27e-08
 6.01988e+16	4.30e-03	9.96e-01	1.14e-08
 6.09968e+16	4.58e-03	9.95e-01	1.03e-08
 6.16786e+16	4.85e-03	9.95e-01	9.50e-09
 6.24242e+16	5.18e-03	9.95e-01	8.64e-09
 6.32294e+16	5.59e-03	9.94e-01	7.85e-09
 6.39173e+16	5.99e-03	9.94e-01	7.25e-09
 6.44946e+16	6.38e-03	9.94e-01	6.77e-09
 6.51224e+16	6.86e-03	9.93e-01	6.27e-09
 6.58016e+16	7.45e-03	9.93e-01	5.79e-09
 6.63842e+16	8.05e-03	9.92e-01	5.42e-09
 6.68727e+16	8.63e-03	9.91e-01	5.13e-09
 6.74024e+16	9.36e-03	9.91e-01	4.81e-09
 6.79775e+16	1.03e-02	9.90e-01	4.50e-09
 6.84744e+16	1.12e-02	9.89e-01	4.26e-09
 6.88952e+16	1.21e-02	9.88e-01	4.07e-09
 6.93542e+16	1.33e-02	9.87e-01	3.86e-09
 6.98548e+16	1.48e-02	9.85e-01	3.65e-09
 7.02924e+16	1.65e-02	9.84e-01	3.49e-09
 7.06680e+16	1.81e-02	9.82e-01	3.36e-09
 7.09903e+16	1.98e-02	9.80e-01	3.25e-09
 7.12591e+16	2.15e-02	9.79e-01	3.17e-09
 7.15477e+16	2.35e-02	9.77e-01	3.07e-09
 7.18539e+16	2.60e-02	9.74e-01	2.99e-09
 7.21072e+16	2.84e-02	9.72e-01	2.93e-09
 7.23166e+16	3.06e-02	9.69e-01	2.90e-09
 7.25444e+16	3.35e-02	9.66e-01	2.85e-09
 7.27903e+16	3.71e-02	9.63e-01	2.82e-09
 7.30019e+16	4.07e-02	9.59e-01	2.80e-09
 7.31801e+16	4.41e-02	9.56e-01	2.79e-09
 7.33728e+16	4.85e-02	9.51e-01	2.78e-09
 7.35804e+16	5.38e-02	9.46e-01	2.79e-09
 7.37590e+16	5.91e-02	9.41e-01	2.81e-09
 7.39132e+16	6.42e-02	9.36e-01	2.86e-09
 7.40838e+16	7.09e-02	9.29e-01	2.90e-09
 7.42699e+16	7.91e-02	9.21e-01	2.98e-09
 7.44330e+16	8.77e-02	9.12e-01	3.06e-09
 7.45724e+16	9.57e-02	9.04e-01	3.17e-09
 7.47117e+16	1.05e-01	8.95e-01	3.27e-09
 7.48690e+16	1.17e-01	8.83e-01	3.45e-09
 7.50218e+16	1.30e-01	8.70e-01	3.65e-09
 7.51445e+16	1.41e-01	8.59e-01	3.83e-09
 7.52484e+16	1.52e-01	8.48e-01	4.00e-09
 7.53499e+16	1.64e-01	8.36e-01	4.18e-09
 7.54521e+16	1.77e-01	8.23e-01	4.39e-09
 7.55315e+16	1.87e-01	8.13e-01	4.58e-09
 7.55819e+16	1.95e-01	8.05e-01	4.69e-09
 7.56309e+16	2.03e-01	7.97e-01	4.79e-09
 7.56911e+16	2.12e-01	7.88e-01	4.95e-09
 7.57550e+16	2.23e-01	7.77e-01	5.11e-09
 7.58119e+16	2.32e-01	7.68e-01	5.30e-09
 7.58638e+16	2.42e-01	7.58e-01	5.44e-09
 7.59166e+16	2.51e-01	7.49e-01	5.62e-09
 7.59716e+16	2.62e-01	7.38e-01	5.80e-09
 7.60267e+16	2.73e-01	7.27e-01	5.99e-09
 7.60789e+16	2.84e-01	7.16e-01	6.20e-09
 7.61298e+16	2.95e-01	7.05e-01	6.38e-09
 7.61813e+16	3.07e-01	6.93e-01	6.59e-09
 7.62332e+16	3.19e-01	6.81e-01	6.78e-09
 7.62841e+16	3.31e-01	6.69e-01	7.02e-09
 7.63341e+16	3.43e-01	6.57e-01	7.23e-09
 7.63844e+16	3.56e-01	6.44e-01	7.45e-09
 7.64337e+16	3.69e-01	6.31e-01	7.67e-09
 7.64822e+16	3.82e-01	6.18e-01	7.91e-09
 7.65312e+16	3.96e-01	6.04e-01	8.12e-09
 7.65798e+16	4.10e-01	5.90e-01	8.38e-09
 7.66279e+16	4.24e-01	5.76e-01	8.61e-09
 7.66759e+16	4.38e-01	5.62e-01	8.84e-09
 7.67228e+16	4.52e-01	5.48e-01	9.07e-09
 7.67692e+16	4.66e-01	5.34e-01	9.31e-09
 7.68162e+16	4.81e-01	5.19e-01	9.54e-09
 7.68633e+16	4.96e-01	5.04e-01	9.77e-09
 7.69089e+16	5.10e-01	4.90e-01	1.00e-08
 7.69532e+16	5.25e-01	4.75e-01	1.02e-08
 7.69975e+16	5.39e-01	4.61e-01	1.04e-08
 7.70417e+16	5.53e-01	4.47e-01	1.07e-08
 7.70850e+16	5.67e-01	4.33e-01	1.09e-08
 7.71275e+16	5.81e-01	4.19e-01	1.11e-08
 7.71696e+16	5.95e-01	4.05e-01	1.13e-08
 7.72110e+16	6.08e-01	3.92e-01	1.14e-08
 7.72515e+16	6.22e-01	3.78e-01	1.16e-08
 7.72917e+16	6.35e-01	3.65e-01	1.18e-08
 7.73317e+16	6.47e-01	3.53e-01	1.19e-08
 7.73709e+16	6.60e-01	3.40e-01	1.21e-08
 7.74092e+16	6.72e-01	3.28e-01	1.22e-08
 7.74473e+16	6.84e-01	3.16e-01	1.23e-08
 7.74853e+16	6.96e-01	3.04e-01	1.25e-08
 7.75227e+16	7.07e-01	2.93e-01	1.26e-08
 7.75593e+16	7.18e-01	2.82e-01	1.27e-08
 7.75953e+16	7.28e-01	2.72e-01	1.28e-08
 7.76314e+16	7.39e-01	2.61e-01	1.28e-08
 7.76676e+16	7.49e-01	2.51e-01	1.29e-08
 7.77028e+16	7.59e-01	2.41e-01	1.30e-08
 7.77370e+16	7.68e-01	2.32e-01	1.31e-08
 7.77715e+16	7.77e-01	2.23e-01	1.31e-08
 7.78065e+16	7.86e-01	2.14e-01	1.32e-08
 7.78408e+16	7.95e-01	2.05e-01	1.32e-08
 7.78740e+16	8.03e-01	1.97e-01	1.32e-08
 7.79064e+16	8.11e-01	1.89e-01	1.32e-08
 7.79389e+16	8.18e-01	1.82e-01	1.33e-08
 7.79723e+16	8.26e-01	1.74e-01	1.32e-08
 7.80055e+16	8.33e-01	1.67e-01	1.33e-08
 7.80370e+16	8.40e-01	1.60e-01	1.32e-08
 7.80680e+16	8.46e-01	1.54e-01	1.32e-08
 7.81000e+16	8.53e-01	1.47e-01	1.32e-08
 7.81322e+16	8.59e-01	1.41e-01	1.32e-08
 7.81630e+16	8.65e-01	1.35e-01	1.32e-08
 7.81923e+16	8.70e-01	1.30e-01	1.31e-08
 7.82219e+16	8.75e-01	1.25e-01	1.31e-08
 7.82527e+16	8.81e-01	1.19e-01	1.30e-08
 7.82835e+16	8.86e-01	1.14e-01	1.30e-08
 7.83125e+16	8.90e-01	1.10e-01	1.29e-08
 7.83406e+16	8.95e-01	1.05e-01	1.28e-08
 7.83691e+16	8.99e-01	1.01e-01	1.28e-08
 7.83980e+16	9.03e-01	9.69e-02	1.27e-08
 7.84259e+16	9.07e-01	9.31e-02	1.26e-08
 7.84522e+16	9.10e-01	8.95e-02	1.25e-08
 7.84761e+16	9.14e-01	8.64e-02	1.24e-08
 7.84975e+16	9.16e-01	8.36e-02	1.23e-08
 7.85171e+16	9.19e-01	8.11e-02	1.22e-08
 7.85359e+16	9.21e-01	7.88e-02	1.21e-08
 7.85536e+16	9.23e-01	7.66e-02	1.20e-08
 7.85698e+16	9.25e-01	7.47e-02	1.19e-08
 7.85847e+16	9.27e-01	7.29e-02	1.18e-08
 7.85987e+16	9.29e-01	7.13e-02	1.17e-08
 7.86121e+16	9.30e-01	6.97e-02	1.16e-08
 7.86249e+16	9.32e-01	6.83e-02	1.15e-08
 7.86371e+16	9.33e-01	6.70e-02	1.14e-08
 7.86486e+16	9.34e-01	6.57e-02	1.13e-08
 7.86595e+16	9.35e-01	6.45e-02	1.13e-08
 7.86699e+16	9.37e-01	6.34e-02	1.12e-08
 7.86799e+16	9.38e-01	6.24e-02	1.11e-08
 7.86895e+16	9.39e-01	6.14e-02	1.10e-08
 7.86988e+16	9.40e-01	6.04e-02	1.09e-08
 7.87078e+16	9.41e-01	5.95e-02	1.08e-08
 7.87166e+16	9.41e-01	5.86e-02	1.07e-08
 7.87252e+16	9.42e-01	5.77e-02	1.07e-08
 7.87339e+16	9.43e-01	5.69e-02	1.06e-08
 7.87426e+16	9.44e-01	5.60e-02	1.05e-08
 7.87514e+16	9.45e-01	5.51e-02	1.04e-08
 7.87604e+16	9.46e-01	5.42e-02	1.03e-08
 7.87700e+16	9.47e-01	5.33e-02	1.02e-08
 7.87800e+16	9.48e-01	5.23e-02	1.00e-08
 7.87896e+16	9.49e-01	5.14e-02	9.93e-09
 7.87982e+16	9.49e-01	5.06e-02	9.81e-09
 7.88061e+16	9.50e-01	4.98e-02	9.70e-09
 7.88137e+16	9.51e-01	4.91e-02	9.58e-09
 7.88211e+16	9.52e-01	4.83e-02	9.47e-09
 7.88281e+16	9.52e-01	4.77e-02	9.37e-09
 7.88344e+16	9.53e-01	4.71e-02	9.27e-09
 7.88401e+16	9.54e-01	4.65e-02	9.15e-09
 7.88454e+16	9.54e-01	4.60e-02	9.07e-09
 7.88501e+16	9.54e-01	4.55e-02	8.98e-09
 7.88545e+16	9.55e-01	4.51e-02	8.92e-09
 7.88592e+16	9.55e-01	4.46e-02	8.81e-09
 7.88644e+16	9.56e-01	4.41e-02	8.72e-09
 7.88690e+16	9.56e-01	4.36e-02	8.64e-09
 7.88733e+16	9.57e-01	4.33e-02	8.58e-09
 7.88779e+16	9.57e-01	4.28e-02	8.48e-09
 7.88829e+16	9.58e-01	4.23e-02	8.39e-09
 7.88875e+16	9.58e-01	4.19e-02	8.32e-09
 7.88917e+16	9.59e-01	4.15e-02	8.26e-09
 7.88962e+16	9.59e-01	4.10e-02	8.15e-09
 7.89012e+16	9.59e-01	4.05e-02	8.06e-09
 7.89056e+16	9.60e-01	4.02e-02	8.01e-09
 7.89106e+16	9.60e-01	3.97e-02	7.93e-09
 7.89159e+16	9.61e-01	3.92e-02	7.85e-09
 7.89207e+16	9.61e-01	3.88e-02	7.79e-09
 7.89260e+16	9.62e-01	3.84e-02	7.72e-09
 7.89317e+16	9.62e-01	3.79e-02	7.64e-09
 7.89369e+16	9.62e-01	3.75e-02	7.60e-09
