#depth	O	O+	O+2	O+3	O+4	O+5	O+6	O+7	O+8	O[1]	O[2]	O[3]
 1.35252e+12	1.69e-06	2.93e-03	5.00e-01	4.95e-01	2.27e-03	0.00e+00	0.00e+00	0.00e+00	0.00e+00	1.23e-06	3.04e-07	1.60e-07
 8.11509e+12	1.70e-06	2.94e-03	5.01e-01	4.94e-01	2.26e-03	0.00e+00	0.00e+00	0.00e+00	0.00e+00	1.23e-06	3.04e-07	1.61e-07
 3.51654e+13	1.70e-06	2.95e-03	5.03e-01	4.92e-01	2.24e-03	0.00e+00	0.00e+00	0.00e+00	0.00e+00	1.24e-06	3.06e-07	1.61e-07
 1.43367e+14	1.74e-06	3.01e-03	5.12e-01	4.83e-01	2.15e-03	0.00e+00	0.00e+00	0.00e+00	0.00e+00	1.26e-06	3.11e-07	1.65e-07
 3.42457e+14	1.76e-06	3.08e-03	5.25e-01	4.70e-01	2.01e-03	0.00e+00	0.00e+00	0.00e+00	0.00e+00	1.28e-06	3.16e-07	1.67e-07
 6.01274e+14	1.81e-06	3.18e-03	5.43e-01	4.52e-01	1.84e-03	0.00e+00	0.00e+00	0.00e+00	0.00e+00	1.31e-06	3.23e-07	1.71e-07
 9.37737e+14	1.88e-06	3.33e-03	5.66e-01	4.29e-01	1.64e-03	0.00e+00	0.00e+00	0.00e+00	0.00e+00	1.37e-06	3.36e-07	1.78e-07
 1.37514e+15	1.99e-06	3.53e-03	5.97e-01	3.98e-01	1.39e-03	0.00e+00	0.00e+00	0.00e+00	0.00e+00	1.45e-06	3.54e-07	1.88e-07
 1.94376e+15	2.15e-06	3.81e-03	6.40e-01	3.55e-01	1.10e-03	0.00e+00	0.00e+00	0.00e+00	0.00e+00	1.57e-06	3.82e-07	2.04e-07
 2.62977e+15	2.36e-06	4.18e-03	6.94e-01	3.01e-01	8.09e-04	0.00e+00	0.00e+00	0.00e+00	0.00e+00	1.72e-06	4.19e-07	2.24e-07
 3.34226e+15	2.60e-06	4.58e-03	7.50e-01	2.45e-01	5.57e-04	0.00e+00	0.00e+00	0.00e+00	0.00e+00	1.90e-06	4.60e-07	2.47e-07
 3.98569e+15	2.83e-06	4.95e-03	8.00e-01	1.94e-01	3.76e-04	0.00e+00	0.00e+00	0.00e+00	0.00e+00	2.07e-06	4.99e-07	2.68e-07
 4.55455e+15	3.06e-06	5.29e-03	8.42e-01	1.52e-01	2.51e-04	0.00e+00	0.00e+00	0.00e+00	0.00e+00	2.23e-06	5.38e-07	2.90e-07
 5.18316e+15	3.35e-06	5.68e-03	8.83e-01	1.11e-01	1.51e-04	0.00e+00	0.00e+00	0.00e+00	0.00e+00	2.45e-06	5.88e-07	3.17e-07
 6.00035e+15	3.70e-06	6.11e-03	9.24e-01	7.02e-02	7.19e-05	0.00e+00	0.00e+00	0.00e+00	0.00e+00	2.70e-06	6.48e-07	3.50e-07
 7.06269e+15	4.13e-06	6.57e-03	9.58e-01	3.59e-02	2.46e-05	0.00e+00	0.00e+00	0.00e+00	0.00e+00	3.02e-06	7.21e-07	3.91e-07
 8.44374e+15	4.64e-06	7.02e-03	9.79e-01	1.43e-02	5.63e-06	0.00e+00	0.00e+00	0.00e+00	0.00e+00	3.39e-06	8.09e-07	4.39e-07
 1.02391e+16	5.28e-06	7.48e-03	9.88e-01	4.47e-03	8.46e-07	0.00e+00	0.00e+00	0.00e+00	0.00e+00	3.86e-06	9.18e-07	4.99e-07
 1.25731e+16	6.16e-06	8.01e-03	9.91e-01	1.15e-03	0.00e+00	0.00e+00	0.00e+00	0.00e+00	0.00e+00	4.51e-06	1.07e-06	5.83e-07
 1.56072e+16	7.57e-06	8.74e-03	9.91e-01	2.65e-04	0.00e+00	0.00e+00	0.00e+00	0.00e+00	0.00e+00	5.54e-06	1.32e-06	7.16e-07
 1.81883e+16	8.86e-06	9.34e-03	9.91e-01	1.03e-04	0.00e+00	0.00e+00	0.00e+00	0.00e+00	0.00e+00	6.48e-06	1.54e-06	8.38e-07
 2.00071e+16	1.01e-05	9.86e-03	9.90e-01	6.45e-05	0.00e+00	0.00e+00	0.00e+00	0.00e+00	0.00e+00	7.40e-06	1.76e-06	9.57e-07
 2.20078e+16	1.18e-05	1.05e-02	9.89e-01	4.52e-05	0.00e+00	0.00e+00	0.00e+00	0.00e+00	0.00e+00	8.60e-06	2.05e-06	1.11e-06
 2.42086e+16	1.40e-05	1.12e-02	9.89e-01	3.52e-05	0.00e+00	0.00e+00	0.00e+00	0.00e+00	0.00e+00	1.02e-05	2.44e-06	1.32e-06
 2.66295e+16	1.70e-05	1.22e-02	9.88e-01	2.94e-05	0.00e+00	0.00e+00	0.00e+00	0.00e+00	0.00e+00	1.24e-05	2.97e-06	1.61e-06
 2.92924e+16	2.14e-05	1.34e-02	9.87e-01	2.55e-05	0.00e+00	0.00e+00	0.00e+00	0.00e+00	0.00e+00	1.56e-05	3.75e-06	2.03e-06
 3.22217e+16	2.80e-05	1.49e-02	9.85e-01	2.24e-05	0.00e+00	0.00e+00	0.00e+00	0.00e+00	0.00e+00	2.04e-05	4.92e-06	2.65e-06
 3.54439e+16	3.83e-05	1.71e-02	9.83e-01	1.97e-05	0.00e+00	0.00e+00	0.00e+00	0.00e+00	0.00e+00	2.79e-05	6.76e-06	3.64e-06
 3.87712e+16	5.45e-05	1.99e-02	9.80e-01	1.73e-05	0.00e+00	0.00e+00	0.00e+00	0.00e+00	0.00e+00	3.97e-05	9.65e-06	5.17e-06
 4.09927e+16	7.09e-05	2.23e-02	9.78e-01	1.56e-05	0.00e+00	0.00e+00	0.00e+00	0.00e+00	0.00e+00	5.15e-05	1.26e-05	6.72e-06
 4.18769e+16	7.88e-05	2.34e-02	9.77e-01	1.50e-05	0.00e+00	0.00e+00	0.00e+00	0.00e+00	0.00e+00	5.73e-05	1.40e-05	7.48e-06
 4.25722e+16	8.60e-05	2.43e-02	9.76e-01	1.46e-05	0.00e+00	0.00e+00	0.00e+00	0.00e+00	0.00e+00	6.25e-05	1.53e-05	8.16e-06
 4.34760e+16	9.63e-05	2.56e-02	9.74e-01	1.40e-05	0.00e+00	0.00e+00	0.00e+00	0.00e+00	0.00e+00	7.00e-05	1.71e-05	9.14e-06
 4.46510e+16	1.12e-04	2.75e-02	9.72e-01	1.32e-05	0.00e+00	0.00e+00	0.00e+00	0.00e+00	0.00e+00	8.14e-05	2.00e-05	1.06e-05
 4.59497e+16	1.33e-04	2.98e-02	9.70e-01	1.24e-05	0.00e+00	0.00e+00	0.00e+00	0.00e+00	0.00e+00	9.67e-05	2.38e-05	1.26e-05
 4.71133e+16	1.57e-04	3.22e-02	9.68e-01	1.17e-05	0.00e+00	0.00e+00	0.00e+00	0.00e+00	0.00e+00	1.14e-04	2.81e-05	1.49e-05
 4.81241e+16	1.81e-04	3.46e-02	9.65e-01	1.10e-05	0.00e+00	0.00e+00	0.00e+00	0.00e+00	0.00e+00	1.32e-04	3.25e-05	1.72e-05
 4.92321e+16	2.14e-04	3.74e-02	9.62e-01	1.04e-05	0.00e+00	0.00e+00	0.00e+00	0.00e+00	0.00e+00	1.55e-04	3.84e-05	2.03e-05
 5.04242e+16	2.57e-04	4.10e-02	9.59e-01	9.67e-06	0.00e+00	0.00e+00	0.00e+00	0.00e+00	0.00e+00	1.86e-04	4.62e-05	2.44e-05
 5.14484e+16	3.03e-04	4.45e-02	9.55e-01	9.02e-06	0.00e+00	0.00e+00	0.00e+00	0.00e+00	0.00e+00	2.20e-04	5.44e-05	2.87e-05
 5.23329e+16	3.51e-04	4.79e-02	9.52e-01	8.48e-06	0.00e+00	0.00e+00	0.00e+00	0.00e+00	0.00e+00	2.55e-04	6.31e-05	3.32e-05
 5.33132e+16	4.15e-04	5.22e-02	9.47e-01	7.90e-06	0.00e+00	0.00e+00	0.00e+00	0.00e+00	0.00e+00	3.01e-04	7.46e-05	3.93e-05
 5.43772e+16	5.03e-04	5.75e-02	9.42e-01	7.28e-06	0.00e+00	0.00e+00	0.00e+00	0.00e+00	0.00e+00	3.65e-04	9.03e-05	4.75e-05
 5.53082e+16	5.98e-04	6.29e-02	9.36e-01	6.73e-06	0.00e+00	0.00e+00	0.00e+00	0.00e+00	0.00e+00	4.34e-04	1.07e-04	5.65e-05
 5.61187e+16	7.00e-04	6.83e-02	9.31e-01	6.28e-06	0.00e+00	0.00e+00	0.00e+00	0.00e+00	0.00e+00	5.08e-04	1.26e-04	6.62e-05
 5.70144e+16	8.37e-04	7.50e-02	9.24e-01	5.76e-06	0.00e+00	0.00e+00	0.00e+00	0.00e+00	0.00e+00	6.08e-04	1.50e-04	7.90e-05
 5.79905e+16	1.03e-03	8.35e-02	9.16e-01	5.23e-06	0.00e+00	0.00e+00	0.00e+00	0.00e+00	0.00e+00	7.45e-04	1.84e-04	9.68e-05
 5.88444e+16	1.24e-03	9.22e-02	9.07e-01	4.77e-06	0.00e+00	0.00e+00	0.00e+00	0.00e+00	0.00e+00	9.00e-04	2.22e-04	1.17e-04
 5.95824e+16	1.47e-03	1.01e-01	8.98e-01	4.37e-06	0.00e+00	0.00e+00	0.00e+00	0.00e+00	0.00e+00	1.06e-03	2.63e-04	1.38e-04
 6.03966e+16	1.78e-03	1.12e-01	8.87e-01	3.95e-06	0.00e+00	0.00e+00	0.00e+00	0.00e+00	0.00e+00	1.29e-03	3.19e-04	1.67e-04
 6.12775e+16	2.21e-03	1.25e-01	8.72e-01	3.50e-06	0.00e+00	0.00e+00	0.00e+00	0.00e+00	0.00e+00	1.61e-03	3.96e-04	2.08e-04
 6.20376e+16	2.70e-03	1.39e-01	8.58e-01	3.12e-06	0.00e+00	0.00e+00	0.00e+00	0.00e+00	0.00e+00	1.96e-03	4.83e-04	2.53e-04
 6.26863e+16	3.21e-03	1.53e-01	8.44e-01	2.82e-06	0.00e+00	0.00e+00	0.00e+00	0.00e+00	0.00e+00	2.33e-03	5.75e-04	3.02e-04
 6.33977e+16	3.92e-03	1.70e-01	8.26e-01	2.49e-06	0.00e+00	0.00e+00	0.00e+00	0.00e+00	0.00e+00	2.85e-03	7.02e-04	3.68e-04
 6.41643e+16	4.93e-03	1.92e-01	8.03e-01	2.15e-06	0.00e+00	0.00e+00	0.00e+00	0.00e+00	0.00e+00	3.58e-03	8.81e-04	4.62e-04
 6.48127e+16	6.02e-03	2.13e-01	7.81e-01	1.88e-06	0.00e+00	0.00e+00	0.00e+00	0.00e+00	0.00e+00	4.38e-03	1.08e-03	5.64e-04
 6.53515e+16	7.16e-03	2.33e-01	7.60e-01	1.66e-06	0.00e+00	0.00e+00	0.00e+00	0.00e+00	0.00e+00	5.21e-03	1.28e-03	6.70e-04
 6.59378e+16	8.70e-03	2.58e-01	7.34e-01	1.42e-06	0.00e+00	0.00e+00	0.00e+00	0.00e+00	0.00e+00	6.33e-03	1.55e-03	8.14e-04
 6.65761e+16	1.09e-02	2.88e-01	7.01e-01	1.19e-06	0.00e+00	0.00e+00	0.00e+00	0.00e+00	0.00e+00	7.91e-03	1.94e-03	1.02e-03
 6.71299e+16	1.33e-02	3.19e-01	6.68e-01	1.00e-06	0.00e+00	0.00e+00	0.00e+00	0.00e+00	0.00e+00	9.69e-03	2.37e-03	1.24e-03
 6.75967e+16	1.59e-02	3.47e-01	6.37e-01	8.55e-07	0.00e+00	0.00e+00	0.00e+00	0.00e+00	0.00e+00	1.16e-02	2.82e-03	1.48e-03
 6.81024e+16	1.93e-02	3.81e-01	6.00e-01	7.06e-07	0.00e+00	0.00e+00	0.00e+00	0.00e+00	0.00e+00	1.41e-02	3.43e-03	1.80e-03
 6.86519e+16	2.41e-02	4.22e-01	5.54e-01	5.59e-07	0.00e+00	0.00e+00	0.00e+00	0.00e+00	0.00e+00	1.76e-02	4.27e-03	2.25e-03
 6.91271e+16	2.95e-02	4.60e-01	5.10e-01	4.45e-07	0.00e+00	0.00e+00	0.00e+00	0.00e+00	0.00e+00	2.15e-02	5.21e-03	2.74e-03
 6.95296e+16	3.50e-02	4.95e-01	4.70e-01	3.58e-07	0.00e+00	0.00e+00	0.00e+00	0.00e+00	0.00e+00	2.56e-02	6.18e-03	3.26e-03
 6.99689e+16	4.24e-02	5.34e-01	4.24e-01	2.75e-07	0.00e+00	0.00e+00	0.00e+00	0.00e+00	0.00e+00	3.10e-02	7.47e-03	3.95e-03
 7.04519e+16	5.30e-02	5.78e-01	3.69e-01	1.99e-07	0.00e+00	0.00e+00	0.00e+00	0.00e+00	0.00e+00	3.88e-02	9.29e-03	4.92e-03
 7.08757e+16	6.47e-02	6.16e-01	3.19e-01	1.43e-07	0.00e+00	0.00e+00	0.00e+00	0.00e+00	0.00e+00	4.74e-02	1.13e-02	6.01e-03
 7.11918e+16	7.53e-02	6.43e-01	2.81e-01	0.00e+00	0.00e+00	0.00e+00	0.00e+00	0.00e+00	0.00e+00	5.52e-02	1.31e-02	6.97e-03
 7.14291e+16	8.40e-02	6.62e-01	2.54e-01	0.00e+00	0.00e+00	0.00e+00	0.00e+00	0.00e+00	0.00e+00	6.16e-02	1.46e-02	7.78e-03
 7.16831e+16	9.52e-02	6.81e-01	2.24e-01	0.00e+00	0.00e+00	0.00e+00	0.00e+00	0.00e+00	0.00e+00	6.99e-02	1.65e-02	8.80e-03
 7.19662e+16	1.10e-01	6.98e-01	1.92e-01	0.00e+00	0.00e+00	0.00e+00	0.00e+00	0.00e+00	0.00e+00	8.06e-02	1.88e-02	1.01e-02
 7.22204e+16	1.24e-01	7.11e-01	1.65e-01	0.00e+00	0.00e+00	0.00e+00	0.00e+00	0.00e+00	0.00e+00	9.16e-02	2.13e-02	1.15e-02
 7.24354e+16	1.38e-01	7.19e-01	1.43e-01	0.00e+00	0.00e+00	0.00e+00	0.00e+00	0.00e+00	0.00e+00	1.02e-01	2.35e-02	1.27e-02
 7.26660e+16	1.55e-01	7.24e-01	1.21e-01	0.00e+00	0.00e+00	0.00e+00	0.00e+00	0.00e+00	0.00e+00	1.14e-01	2.62e-02	1.42e-02
 7.29115e+16	1.75e-01	7.25e-01	9.96e-02	0.00e+00	0.00e+00	0.00e+00	0.00e+00	0.00e+00	0.00e+00	1.30e-01	2.95e-02	1.60e-02
 7.31171e+16	1.95e-01	7.22e-01	8.32e-02	0.00e+00	0.00e+00	0.00e+00	0.00e+00	0.00e+00	0.00e+00	1.45e-01	3.25e-02	1.78e-02
 7.32888e+16	2.12e-01	7.17e-01	7.10e-02	0.00e+00	0.00e+00	0.00e+00	0.00e+00	0.00e+00	0.00e+00	1.58e-01	3.51e-02	1.93e-02
 7.34757e+16	2.34e-01	7.08e-01	5.87e-02	0.00e+00	0.00e+00	0.00e+00	0.00e+00	0.00e+00	0.00e+00	1.74e-01	3.83e-02	2.12e-02
 7.36790e+16	2.59e-01	6.94e-01	4.71e-02	0.00e+00	0.00e+00	0.00e+00	0.00e+00	0.00e+00	0.00e+00	1.94e-01	4.21e-02	2.34e-02
 7.38565e+16	2.84e-01	6.78e-01	3.83e-02	0.00e+00	0.00e+00	0.00e+00	0.00e+00	0.00e+00	0.00e+00	2.12e-01	4.55e-02	2.55e-02
 7.40102e+16	3.05e-01	6.63e-01	3.18e-02	0.00e+00	0.00e+00	0.00e+00	0.00e+00	0.00e+00	0.00e+00	2.30e-01	4.85e-02	2.73e-02
 7.41798e+16	3.32e-01	6.42e-01	2.54e-02	0.00e+00	0.00e+00	0.00e+00	0.00e+00	0.00e+00	0.00e+00	2.50e-01	5.20e-02	2.95e-02
 7.43647e+16	3.64e-01	6.16e-01	1.96e-02	0.00e+00	0.00e+00	0.00e+00	0.00e+00	0.00e+00	0.00e+00	2.76e-01	5.61e-02	3.21e-02
 7.45264e+16	3.94e-01	5.91e-01	1.53e-02	0.00e+00	0.00e+00	0.00e+00	0.00e+00	0.00e+00	0.00e+00	3.00e-01	5.97e-02	3.45e-02
 7.46645e+16	4.20e-01	5.68e-01	1.24e-02	0.00e+00	0.00e+00	0.00e+00	0.00e+00	0.00e+00	0.00e+00	3.21e-01	6.25e-02	3.65e-02
 7.48005e+16	4.47e-01	5.43e-01	9.85e-03	0.00e+00	0.00e+00	0.00e+00	0.00e+00	0.00e+00	0.00e+00	3.43e-01	6.55e-02	3.85e-02
 7.49502e+16	4.78e-01	5.15e-01	7.59e-03	0.00e+00	0.00e+00	0.00e+00	0.00e+00	0.00e+00	0.00e+00	3.68e-01	6.85e-02	4.07e-02
 7.50950e+16	5.09e-01	4.85e-01	5.82e-03	0.00e+00	0.00e+00	0.00e+00	0.00e+00	0.00e+00	0.00e+00	3.95e-01	7.13e-02	4.28e-02
 7.52137e+16	5.34e-01	4.61e-01	4.65e-03	0.00e+00	0.00e+00	0.00e+00	0.00e+00	0.00e+00	0.00e+00	4.16e-01	7.33e-02	4.45e-02
 7.53161e+16	5.56e-01	4.40e-01	3.81e-03	0.00e+00	0.00e+00	0.00e+00	0.00e+00	0.00e+00	0.00e+00	4.35e-01	7.49e-02	4.59e-02
 7.54165e+16	5.78e-01	4.19e-01	3.10e-03	0.00e+00	0.00e+00	0.00e+00	0.00e+00	0.00e+00	0.00e+00	4.54e-01	7.63e-02	4.72e-02
 7.54982e+16	5.96e-01	4.02e-01	2.63e-03	0.00e+00	0.00e+00	0.00e+00	0.00e+00	0.00e+00	0.00e+00	4.70e-01	7.73e-02	4.81e-02
 7.55512e+16	6.06e-01	3.92e-01	2.36e-03	0.00e+00	0.00e+00	0.00e+00	0.00e+00	0.00e+00	0.00e+00	4.79e-01	7.78e-02	4.87e-02
 7.56000e+16	6.16e-01	3.82e-01	2.13e-03	0.00e+00	0.00e+00	0.00e+00	0.00e+00	0.00e+00	0.00e+00	4.88e-01	7.82e-02	4.92e-02
 7.56593e+16	6.29e-01	3.69e-01	1.87e-03	0.00e+00	0.00e+00	0.00e+00	0.00e+00	0.00e+00	0.00e+00	5.00e-01	7.87e-02	4.98e-02
 7.57231e+16	6.43e-01	3.56e-01	1.62e-03	0.00e+00	0.00e+00	0.00e+00	0.00e+00	0.00e+00	0.00e+00	5.13e-01	7.91e-02	5.04e-02
 7.57811e+16	6.55e-01	3.44e-01	1.42e-03	0.00e+00	0.00e+00	0.00e+00	0.00e+00	0.00e+00	0.00e+00	5.25e-01	7.95e-02	5.09e-02
 7.58344e+16	6.66e-01	3.33e-01	1.26e-03	0.00e+00	0.00e+00	0.00e+00	0.00e+00	0.00e+00	0.00e+00	5.35e-01	7.97e-02	5.14e-02
 7.58882e+16	6.78e-01	3.21e-01	1.11e-03	0.00e+00	0.00e+00	0.00e+00	0.00e+00	0.00e+00	0.00e+00	5.46e-01	7.98e-02	5.18e-02
 7.59430e+16	6.89e-01	3.10e-01	9.74e-04	0.00e+00	0.00e+00	0.00e+00	0.00e+00	0.00e+00	0.00e+00	5.57e-01	7.99e-02	5.21e-02
 7.59974e+16	7.00e-01	2.99e-01	8.53e-04	0.00e+00	0.00e+00	0.00e+00	0.00e+00	0.00e+00	0.00e+00	5.68e-01	7.99e-02	5.25e-02
 7.60504e+16	7.11e-01	2.88e-01	7.50e-04	0.00e+00	0.00e+00	0.00e+00	0.00e+00	0.00e+00	0.00e+00	5.78e-01	7.99e-02	5.27e-02
 7.61025e+16	7.22e-01	2.78e-01	6.58e-04	0.00e+00	0.00e+00	0.00e+00	0.00e+00	0.00e+00	0.00e+00	5.89e-01	7.98e-02	5.30e-02
 7.61549e+16	7.32e-01	2.67e-01	5.76e-04	0.00e+00	0.00e+00	0.00e+00	0.00e+00	0.00e+00	0.00e+00	5.99e-01	7.96e-02	5.32e-02
 7.62064e+16	7.42e-01	2.57e-01	5.05e-04	0.00e+00	0.00e+00	0.00e+00	0.00e+00	0.00e+00	0.00e+00	6.10e-01	7.93e-02	5.33e-02
 7.62570e+16	7.52e-01	2.48e-01	4.43e-04	0.00e+00	0.00e+00	0.00e+00	0.00e+00	0.00e+00	0.00e+00	6.19e-01	7.91e-02	5.34e-02
 7.63079e+16	7.62e-01	2.38e-01	3.87e-04	0.00e+00	0.00e+00	0.00e+00	0.00e+00	0.00e+00	0.00e+00	6.29e-01	7.87e-02	5.35e-02
 7.63584e+16	7.71e-01	2.29e-01	3.38e-04	0.00e+00	0.00e+00	0.00e+00	0.00e+00	0.00e+00	0.00e+00	6.39e-01	7.83e-02	5.35e-02
 7.64082e+16	7.80e-01	2.19e-01	2.95e-04	0.00e+00	0.00e+00	0.00e+00	0.00e+00	0.00e+00	0.00e+00	6.49e-01	7.78e-02	5.35e-02
 7.64574e+16	7.89e-01	2.11e-01	2.58e-04	0.00e+00	0.00e+00	0.00e+00	0.00e+00	0.00e+00	0.00e+00	6.58e-01	7.74e-02	5.35e-02
 7.65065e+16	7.97e-01	2.02e-01	2.25e-04	0.00e+00	0.00e+00	0.00e+00	0.00e+00	0.00e+00	0.00e+00	6.67e-01	7.68e-02	5.34e-02
 7.65558e+16	8.06e-01	1.94e-01	1.96e-04	0.00e+00	0.00e+00	0.00e+00	0.00e+00	0.00e+00	0.00e+00	6.76e-01	7.63e-02	5.33e-02
 7.66039e+16	8.14e-01	1.86e-01	1.71e-04	0.00e+00	0.00e+00	0.00e+00	0.00e+00	0.00e+00	0.00e+00	6.85e-01	7.57e-02	5.32e-02
 7.66510e+16	8.21e-01	1.79e-01	1.49e-04	0.00e+00	0.00e+00	0.00e+00	0.00e+00	0.00e+00	0.00e+00	6.93e-01	7.51e-02	5.30e-02
 7.66989e+16	8.29e-01	1.71e-01	1.30e-04	0.00e+00	0.00e+00	0.00e+00	0.00e+00	0.00e+00	0.00e+00	7.02e-01	7.44e-02	5.28e-02
 7.67465e+16	8.36e-01	1.64e-01	1.13e-04	0.00e+00	0.00e+00	0.00e+00	0.00e+00	0.00e+00	0.00e+00	7.10e-01	7.37e-02	5.25e-02
 7.67934e+16	8.43e-01	1.57e-01	9.83e-05	0.00e+00	0.00e+00	0.00e+00	0.00e+00	0.00e+00	0.00e+00	7.18e-01	7.30e-02	5.23e-02
 7.68401e+16	8.50e-01	1.50e-01	8.54e-05	0.00e+00	0.00e+00	0.00e+00	0.00e+00	0.00e+00	0.00e+00	7.26e-01	7.23e-02	5.20e-02
 7.68861e+16	8.56e-01	1.43e-01	7.43e-05	0.00e+00	0.00e+00	0.00e+00	0.00e+00	0.00e+00	0.00e+00	7.33e-01	7.15e-02	5.17e-02
 7.69317e+16	8.63e-01	1.37e-01	6.46e-05	0.00e+00	0.00e+00	0.00e+00	0.00e+00	0.00e+00	0.00e+00	7.40e-01	7.08e-02	5.14e-02
 7.69773e+16	8.69e-01	1.31e-01	5.61e-05	0.00e+00	0.00e+00	0.00e+00	0.00e+00	0.00e+00	0.00e+00	7.48e-01	7.00e-02	5.10e-02
 7.70223e+16	8.74e-01	1.25e-01	4.87e-05	0.00e+00	0.00e+00	0.00e+00	0.00e+00	0.00e+00	0.00e+00	7.54e-01	6.93e-02	5.07e-02
 7.70663e+16	8.80e-01	1.20e-01	4.25e-05	0.00e+00	0.00e+00	0.00e+00	0.00e+00	0.00e+00	0.00e+00	7.61e-01	6.85e-02	5.03e-02
 7.71093e+16	8.85e-01	1.15e-01	3.71e-05	0.00e+00	0.00e+00	0.00e+00	0.00e+00	0.00e+00	0.00e+00	7.67e-01	6.78e-02	5.00e-02
 7.71519e+16	8.90e-01	1.10e-01	3.24e-05	0.00e+00	0.00e+00	0.00e+00	0.00e+00	0.00e+00	0.00e+00	7.73e-01	6.71e-02	4.96e-02
 7.71941e+16	8.95e-01	1.05e-01	2.83e-05	0.00e+00	0.00e+00	0.00e+00	0.00e+00	0.00e+00	0.00e+00	7.79e-01	6.64e-02	4.92e-02
 7.72356e+16	8.99e-01	1.01e-01	2.47e-05	0.00e+00	0.00e+00	0.00e+00	0.00e+00	0.00e+00	0.00e+00	7.85e-01	6.57e-02	4.89e-02
 7.72761e+16	9.03e-01	9.67e-02	2.17e-05	0.00e+00	0.00e+00	0.00e+00	0.00e+00	0.00e+00	0.00e+00	7.90e-01	6.50e-02	4.85e-02
 7.73159e+16	9.07e-01	9.27e-02	1.90e-05	0.00e+00	0.00e+00	0.00e+00	0.00e+00	0.00e+00	0.00e+00	7.95e-01	6.43e-02	4.81e-02
 7.73556e+16	9.11e-01	8.89e-02	1.67e-05	0.00e+00	0.00e+00	0.00e+00	0.00e+00	0.00e+00	0.00e+00	8.00e-01	6.36e-02	4.78e-02
 7.73951e+16	9.15e-01	8.51e-02	1.46e-05	0.00e+00	0.00e+00	0.00e+00	0.00e+00	0.00e+00	0.00e+00	8.05e-01	6.29e-02	4.74e-02
 7.74336e+16	9.18e-01	8.15e-02	1.29e-05	0.00e+00	0.00e+00	0.00e+00	0.00e+00	0.00e+00	0.00e+00	8.09e-01	6.23e-02	4.70e-02
 7.74714e+16	9.22e-01	7.82e-02	1.13e-05	0.00e+00	0.00e+00	0.00e+00	0.00e+00	0.00e+00	0.00e+00	8.13e-01	6.17e-02	4.66e-02
 7.75092e+16	9.25e-01	7.51e-02	9.97e-06	0.00e+00	0.00e+00	0.00e+00	0.00e+00	0.00e+00	0.00e+00	8.18e-01	6.11e-02	4.63e-02
 7.75467e+16	9.28e-01	7.19e-02	8.78e-06	0.00e+00	0.00e+00	0.00e+00	0.00e+00	0.00e+00	0.00e+00	8.22e-01	6.05e-02	4.59e-02
 7.75833e+16	9.31e-01	6.90e-02	7.75e-06	0.00e+00	0.00e+00	0.00e+00	0.00e+00	0.00e+00	0.00e+00	8.26e-01	5.99e-02	4.56e-02
 7.76196e+16	9.34e-01	6.62e-02	6.85e-06	0.00e+00	0.00e+00	0.00e+00	0.00e+00	0.00e+00	0.00e+00	8.29e-01	5.93e-02	4.52e-02
 7.76557e+16	9.36e-01	6.36e-02	6.05e-06	0.00e+00	0.00e+00	0.00e+00	0.00e+00	0.00e+00	0.00e+00	8.33e-01	5.88e-02	4.49e-02
 7.76915e+16	9.39e-01	6.10e-02	5.35e-06	0.00e+00	0.00e+00	0.00e+00	0.00e+00	0.00e+00	0.00e+00	8.36e-01	5.83e-02	4.46e-02
 7.77266e+16	9.41e-01	5.86e-02	4.73e-06	0.00e+00	0.00e+00	0.00e+00	0.00e+00	0.00e+00	0.00e+00	8.39e-01	5.78e-02	4.42e-02
 7.77617e+16	9.44e-01	5.62e-02	4.19e-06	0.00e+00	0.00e+00	0.00e+00	0.00e+00	0.00e+00	0.00e+00	8.43e-01	5.72e-02	4.39e-02
 7.77966e+16	9.46e-01	5.39e-02	3.71e-06	0.00e+00	0.00e+00	0.00e+00	0.00e+00	0.00e+00	0.00e+00	8.46e-01	5.67e-02	4.35e-02
 7.78306e+16	9.48e-01	5.17e-02	3.29e-06	0.00e+00	0.00e+00	0.00e+00	0.00e+00	0.00e+00	0.00e+00	8.49e-01	5.62e-02	4.32e-02
 7.78642e+16	9.50e-01	4.98e-02	2.93e-06	0.00e+00	0.00e+00	0.00e+00	0.00e+00	0.00e+00	0.00e+00	8.52e-01	5.58e-02	4.28e-02
 7.78980e+16	9.52e-01	4.78e-02	2.60e-06	0.00e+00	0.00e+00	0.00e+00	0.00e+00	0.00e+00	0.00e+00	8.54e-01	5.53e-02	4.25e-02
 7.79315e+16	9.54e-01	4.59e-02	2.31e-06	0.00e+00	0.00e+00	0.00e+00	0.00e+00	0.00e+00	0.00e+00	8.57e-01	5.48e-02	4.21e-02
 7.79643e+16	9.56e-01	4.41e-02	2.06e-06	0.00e+00	0.00e+00	0.00e+00	0.00e+00	0.00e+00	0.00e+00	8.60e-01	5.44e-02	4.18e-02
 7.79966e+16	9.58e-01	4.23e-02	1.83e-06	0.00e+00	0.00e+00	0.00e+00	0.00e+00	0.00e+00	0.00e+00	8.62e-01	5.40e-02	4.15e-02
 7.80294e+16	9.59e-01	4.06e-02	1.63e-06	0.00e+00	0.00e+00	0.00e+00	0.00e+00	0.00e+00	0.00e+00	8.65e-01	5.35e-02	4.12e-02
 7.80622e+16	9.61e-01	3.89e-02	1.45e-06	0.00e+00	0.00e+00	0.00e+00	0.00e+00	0.00e+00	0.00e+00	8.67e-01	5.31e-02	4.09e-02
 7.80939e+16	9.63e-01	3.74e-02	1.30e-06	0.00e+00	0.00e+00	0.00e+00	0.00e+00	0.00e+00	0.00e+00	8.69e-01	5.28e-02	4.06e-02
 7.81249e+16	9.64e-01	3.60e-02	1.16e-06	0.00e+00	0.00e+00	0.00e+00	0.00e+00	0.00e+00	0.00e+00	8.71e-01	5.24e-02	4.03e-02
 7.81564e+16	9.65e-01	3.46e-02	1.04e-06	0.00e+00	0.00e+00	0.00e+00	0.00e+00	0.00e+00	0.00e+00	8.73e-01	5.20e-02	4.00e-02
 7.81877e+16	9.67e-01	3.32e-02	9.26e-07	0.00e+00	0.00e+00	0.00e+00	0.00e+00	0.00e+00	0.00e+00	8.75e-01	5.17e-02	3.97e-02
 7.82179e+16	9.68e-01	3.19e-02	8.31e-07	0.00e+00	0.00e+00	0.00e+00	0.00e+00	0.00e+00	0.00e+00	8.77e-01	5.13e-02	3.95e-02
 7.82477e+16	9.69e-01	3.07e-02	7.46e-07	0.00e+00	0.00e+00	0.00e+00	0.00e+00	0.00e+00	0.00e+00	8.79e-01	5.10e-02	3.92e-02
 7.82782e+16	9.71e-01	2.95e-02	6.68e-07	0.00e+00	0.00e+00	0.00e+00	0.00e+00	0.00e+00	0.00e+00	8.81e-01	5.07e-02	3.89e-02
 7.83089e+16	9.72e-01	2.82e-02	5.97e-07	0.00e+00	0.00e+00	0.00e+00	0.00e+00	0.00e+00	0.00e+00	8.83e-01	5.03e-02	3.87e-02
 7.83384e+16	9.73e-01	2.71e-02	5.36e-07	0.00e+00	0.00e+00	0.00e+00	0.00e+00	0.00e+00	0.00e+00	8.84e-01	5.00e-02	3.84e-02
 7.83670e+16	9.74e-01	2.60e-02	4.84e-07	0.00e+00	0.00e+00	0.00e+00	0.00e+00	0.00e+00	0.00e+00	8.86e-01	4.97e-02	3.82e-02
 7.83956e+16	9.75e-01	2.50e-02	4.36e-07	0.00e+00	0.00e+00	0.00e+00	0.00e+00	0.00e+00	0.00e+00	8.88e-01	4.94e-02	3.80e-02
 7.84244e+16	9.76e-01	2.40e-02	3.92e-07	0.00e+00	0.00e+00	0.00e+00	0.00e+00	0.00e+00	0.00e+00	8.89e-01	4.91e-02	3.77e-02
 7.84529e+16	9.77e-01	2.30e-02	3.54e-07	0.00e+00	0.00e+00	0.00e+00	0.00e+00	0.00e+00	0.00e+00	8.91e-01	4.89e-02	3.75e-02
 7.84797e+16	9.78e-01	2.21e-02	3.21e-07	0.00e+00	0.00e+00	0.00e+00	0.00e+00	0.00e+00	0.00e+00	8.92e-01	4.86e-02	3.73e-02
 7.85047e+16	9.79e-01	2.13e-02	2.93e-07	0.00e+00	0.00e+00	0.00e+00	0.00e+00	0.00e+00	0.00e+00	8.93e-01	4.84e-02	3.71e-02
 7.85275e+16	9.79e-01	2.06e-02	2.71e-07	0.00e+00	0.00e+00	0.00e+00	0.00e+00	0.00e+00	0.00e+00	8.94e-01	4.81e-02	3.69e-02
 7.85480e+16	9.80e-01	2.00e-02	2.52e-07	0.00e+00	0.00e+00	0.00e+00	0.00e+00	0.00e+00	0.00e+00	8.95e-01	4.79e-02	3.67e-02
 7.85670e+16	9.81e-01	1.95e-02	2.35e-07	0.00e+00	0.00e+00	0.00e+00	0.00e+00	0.00e+00	0.00e+00	8.96e-01	4.78e-02	3.66e-02
 7.85851e+16	9.81e-01	1.89e-02	2.21e-07	0.00e+00	0.00e+00	0.00e+00	0.00e+00	0.00e+00	0.00e+00	8.97e-01	4.76e-02	3.64e-02
 7.86022e+16	9.82e-01	1.84e-02	2.08e-07	0.00e+00	0.00e+00	0.00e+00	0.00e+00	0.00e+00	0.00e+00	8.98e-01	4.74e-02	3.63e-02
 7.86178e+16	9.82e-01	1.80e-02	1.96e-07	0.00e+00	0.00e+00	0.00e+00	0.00e+00	0.00e+00	0.00e+00	8.99e-01	4.73e-02	3.62e-02
 7.86322e+16	9.82e-01	1.76e-02	1.87e-07	0.00e+00	0.00e+00	0.00e+00	0.00e+00	0.00e+00	0.00e+00	8.99e-01	4.71e-02	3.60e-02
 7.86457e+16	9.83e-01	1.72e-02	1.78e-07	0.00e+00	0.00e+00	0.00e+00	0.00e+00	0.00e+00	0.00e+00	9.00e-01	4.70e-02	3.59e-02
 7.86588e+16	9.83e-01	1.68e-02	1.70e-07	0.00e+00	0.00e+00	0.00e+00	0.00e+00	0.00e+00	0.00e+00	9.01e-01	4.69e-02	3.58e-02
 7.86713e+16	9.84e-01	1.65e-02	1.62e-07	0.00e+00	0.00e+00	0.00e+00	0.00e+00	0.00e+00	0.00e+00	9.01e-01	4.67e-02	3.57e-02
 7.86832e+16	9.84e-01	1.61e-02	1.56e-07	0.00e+00	0.00e+00	0.00e+00	0.00e+00	0.00e+00	0.00e+00	9.02e-01	4.66e-02	3.56e-02
 7.86943e+16	9.84e-01	1.58e-02	1.49e-07	0.00e+00	0.00e+00	0.00e+00	0.00e+00	0.00e+00	0.00e+00	9.02e-01	4.65e-02	3.55e-02
 7.87050e+16	9.84e-01	1.55e-02	1.44e-07	0.00e+00	0.00e+00	0.00e+00	0.00e+00	0.00e+00	0.00e+00	9.03e-01	4.63e-02	3.54e-02
 7.87152e+16	9.85e-01	1.52e-02	1.39e-07	0.00e+00	0.00e+00	0.00e+00	0.00e+00	0.00e+00	0.00e+00	9.03e-01	4.62e-02	3.53e-02
 7.87250e+16	9.85e-01	1.49e-02	1.34e-07	0.00e+00	0.00e+00	0.00e+00	0.00e+00	0.00e+00	0.00e+00	9.04e-01	4.61e-02	3.52e-02
 7.87345e+16	9.85e-01	1.47e-02	1.29e-07	0.00e+00	0.00e+00	0.00e+00	0.00e+00	0.00e+00	0.00e+00	9.04e-01	4.60e-02	3.51e-02
 7.87436e+16	9.86e-01	1.44e-02	1.25e-07	0.00e+00	0.00e+00	0.00e+00	0.00e+00	0.00e+00	0.00e+00	9.05e-01	4.59e-02	3.50e-02
 7.87525e+16	9.86e-01	1.41e-02	1.21e-07	0.00e+00	0.00e+00	0.00e+00	0.00e+00	0.00e+00	0.00e+00	9.05e-01	4.57e-02	3.49e-02
 7.87613e+16	9.86e-01	1.39e-02	1.17e-07	0.00e+00	0.00e+00	0.00e+00	0.00e+00	0.00e+00	0.00e+00	9.06e-01	4.56e-02	3.47e-02
 7.87700e+16	9.86e-01	1.36e-02	1.13e-07	0.00e+00	0.00e+00	0.00e+00	0.00e+00	0.00e+00	0.00e+00	9.06e-01	4.55e-02	3.46e-02
 7.87787e+16	9.87e-01	1.33e-02	1.10e-07	0.00e+00	0.00e+00	0.00e+00	0.00e+00	0.00e+00	0.00e+00	9.07e-01	4.54e-02	3.45e-02
 7.87875e+16	9.87e-01	1.31e-02	1.06e-07	0.00e+00	0.00e+00	0.00e+00	0.00e+00	0.00e+00	0.00e+00	9.07e-01	4.52e-02	3.44e-02
 7.87964e+16	9.87e-01	1.28e-02	1.02e-07	0.00e+00	0.00e+00	0.00e+00	0.00e+00	0.00e+00	0.00e+00	9.08e-01	4.51e-02	3.43e-02
 7.88058e+16	9.88e-01	1.25e-02	9.86e-08	0.00e+00	0.00e+00	0.00e+00	0.00e+00	0.00e+00	0.00e+00	9.08e-01	4.49e-02	3.41e-02
 7.88159e+16	9.88e-01	1.21e-02	9.47e-08	0.00e+00	0.00e+00	0.00e+00	0.00e+00	0.00e+00	0.00e+00	9.09e-01	4.47e-02	3.40e-02
 7.88258e+16	9.88e-01	1.18e-02	9.10e-08	0.00e+00	0.00e+00	0.00e+00	0.00e+00	0.00e+00	0.00e+00	9.10e-01	4.46e-02	3.38e-02
 7.88347e+16	9.89e-01	1.15e-02	8.78e-08	0.00e+00	0.00e+00	0.00e+00	0.00e+00	0.00e+00	0.00e+00	9.10e-01	4.44e-02	3.37e-02
 7.88428e+16	9.89e-01	1.12e-02	8.49e-08	0.00e+00	0.00e+00	0.00e+00	0.00e+00	0.00e+00	0.00e+00	9.11e-01	4.42e-02	3.35e-02
 7.88505e+16	9.89e-01	1.10e-02	8.22e-08	0.00e+00	0.00e+00	0.00e+00	0.00e+00	0.00e+00	0.00e+00	9.12e-01	4.41e-02	3.34e-02
 7.88579e+16	9.89e-01	1.07e-02	7.96e-08	0.00e+00	0.00e+00	0.00e+00	0.00e+00	0.00e+00	0.00e+00	9.12e-01	4.39e-02	3.32e-02
 7.88649e+16	9.90e-01	1.05e-02	7.73e-08	0.00e+00	0.00e+00	0.00e+00	0.00e+00	0.00e+00	0.00e+00	9.13e-01	4.37e-02	3.31e-02
 7.88713e+16	9.90e-01	1.03e-02	7.52e-08	0.00e+00	0.00e+00	0.00e+00	0.00e+00	0.00e+00	0.00e+00	9.13e-01	4.36e-02	3.29e-02
 7.88771e+16	9.90e-01	1.01e-02	7.32e-08	0.00e+00	0.00e+00	0.00e+00	0.00e+00	0.00e+00	0.00e+00	9.14e-01	4.35e-02	3.28e-02
 7.88824e+16	9.90e-01	9.88e-03	7.15e-08	0.00e+00	0.00e+00	0.00e+00	0.00e+00	0.00e+00	0.00e+00	9.14e-01	4.33e-02	3.27e-02
 7.88873e+16	9.90e-01	9.72e-03	7.00e-08	0.00e+00	0.00e+00	0.00e+00	0.00e+00	0.00e+00	0.00e+00	9.15e-01	4.32e-02	3.26e-02
 7.88916e+16	9.90e-01	9.59e-03	6.86e-08	0.00e+00	0.00e+00	0.00e+00	0.00e+00	0.00e+00	0.00e+00	9.15e-01	4.31e-02	3.25e-02
 7.88964e+16	9.91e-01	9.41e-03	6.70e-08	0.00e+00	0.00e+00	0.00e+00	0.00e+00	0.00e+00	0.00e+00	9.15e-01	4.30e-02	3.23e-02
 7.89016e+16	9.91e-01	9.25e-03	6.54e-08	0.00e+00	0.00e+00	0.00e+00	0.00e+00	0.00e+00	0.00e+00	9.16e-01	4.28e-02	3.22e-02
 7.89063e+16	9.91e-01	9.10e-03	6.39e-08	0.00e+00	0.00e+00	0.00e+00	0.00e+00	0.00e+00	0.00e+00	9.16e-01	4.27e-02	3.21e-02
 7.89106e+16	9.91e-01	8.98e-03	6.27e-08	0.00e+00	0.00e+00	0.00e+00	0.00e+00	0.00e+00	0.00e+00	9.16e-01	4.25e-02	3.20e-02
 7.89153e+16	9.91e-01	8.82e-03	6.11e-08	0.00e+00	0.00e+00	0.00e+00	0.00e+00	0.00e+00	0.00e+00	9.17e-01	4.24e-02	3.19e-02
 7.89204e+16	9.91e-01	8.66e-03	5.96e-08	0.00e+00	0.00e+00	0.00e+00	0.00e+00	0.00e+00	0.00e+00	9.17e-01	4.22e-02	3.17e-02
 7.89250e+16	9.91e-01	8.52e-03	5.82e-08	0.00e+00	0.00e+00	0.00e+00	0.00e+00	0.00e+00	0.00e+00	9.18e-01	4.21e-02	3.16e-02
 7.89292e+16	9.92e-01	8.41e-03	5.71e-08	0.00e+00	0.00e+00	0.00e+00	0.00e+00	0.00e+00	0.00e+00	9.18e-01	4.20e-02	3.15e-02
 7.89338e+16	9.92e-01	8.26e-03	5.56e-08	0.00e+00	0.00e+00	0.00e+00	0.00e+00	0.00e+00	0.00e+00	9.19e-01	4.18e-02	3.14e-02
 7.89388e+16	9.92e-01	8.11e-03	5.42e-08	0.00e+00	0.00e+00	0.00e+00	0.00e+00	0.00e+00	0.00e+00	9.19e-01	4.16e-02	3.13e-02
 7.89433e+16	9.92e-01	7.99e-03	5.30e-08	0.00e+00	0.00e+00	0.00e+00	0.00e+00	0.00e+00	0.00e+00	9.19e-01	4.15e-02	3.11e-02
 7.89474e+16	9.92e-01	7.89e-03	5.19e-08	0.00e+00	0.00e+00	0.00e+00	0.00e+00	0.00e+00	0.00e+00	9.20e-01	4.14e-02	3.11e-02
 7.89520e+16	9.92e-01	7.79e-03	5.07e-08	0.00e+00	0.00e+00	0.00e+00	0.00e+00	0.00e+00	0.00e+00	9.20e-01	4.13e-02	3.10e-02
 7.89578e+16	9.92e-01	7.64e-03	4.92e-08	0.00e+00	0.00e+00	0.00e+00	0.00e+00	0.00e+00	0.00e+00	9.20e-01	4.11e-02	3.08e-02
 7.89642e+16	9.93e-01	7.49e-03	4.76e-08	0.00e+00	0.00e+00	0.00e+00	0.00e+00	0.00e+00	0.00e+00	9.21e-01	4.10e-02	3.07e-02
 7.89699e+16	9.93e-01	7.37e-03	4.62e-08	0.00e+00	0.00e+00	0.00e+00	0.00e+00	0.00e+00	0.00e+00	9.21e-01	4.08e-02	3.06e-02
 7.89752e+16	9.93e-01	7.25e-03	4.50e-08	0.00e+00	0.00e+00	0.00e+00	0.00e+00	0.00e+00	0.00e+00	9.22e-01	4.07e-02	3.05e-02
###########################
 1.35404e+12	1.68e-06	2.92e-03	5.00e-01	4.95e-01	2.27e-03	0.00e+00	0.00e+00	0.00e+00	0.00e+00	1.22e-06	3.02e-07	1.59e-07
 8.12427e+12	1.68e-06	2.93e-03	5.01e-01	4.94e-01	2.26e-03	0.00e+00	0.00e+00	0.00e+00	0.00e+00	1.22e-06	3.03e-07	1.60e-07
 3.52052e+13	1.69e-06	2.94e-03	5.03e-01	4.92e-01	2.24e-03	0.00e+00	0.00e+00	0.00e+00	0.00e+00	1.23e-06	3.03e-07	1.60e-07
 1.43529e+14	1.72e-06	2.98e-03	5.12e-01	4.83e-01	2.15e-03	0.00e+00	0.00e+00	0.00e+00	0.00e+00	1.24e-06	3.08e-07	1.63e-07
 3.42844e+14	1.73e-06	3.04e-03	5.25e-01	4.70e-01	2.01e-03	0.00e+00	0.00e+00	0.00e+00	0.00e+00	1.25e-06	3.10e-07	1.64e-07
 6.01954e+14	1.76e-06	3.12e-03	5.42e-01	4.53e-01	1.84e-03	0.00e+00	0.00e+00	0.00e+00	0.00e+00	1.28e-06	3.15e-07	1.67e-07
 9.38797e+14	1.81e-06	3.24e-03	5.65e-01	4.30e-01	1.64e-03	0.00e+00	0.00e+00	0.00e+00	0.00e+00	1.32e-06	3.24e-07	1.72e-07
 1.37669e+15	1.90e-06	3.42e-03	5.97e-01	3.98e-01	1.39e-03	0.00e+00	0.00e+00	0.00e+00	0.00e+00	1.38e-06	3.39e-07	1.81e-07
 1.94596e+15	2.05e-06	3.68e-03	6.40e-01	3.55e-01	1.11e-03	0.00e+00	0.00e+00	0.00e+00	0.00e+00	1.49e-06	3.63e-07	1.94e-07
 2.63270e+15	2.24e-06	4.02e-03	6.93e-01	3.02e-01	8.12e-04	0.00e+00	0.00e+00	0.00e+00	0.00e+00	1.63e-06	3.96e-07	2.12e-07
 3.34841e+15	2.46e-06	4.41e-03	7.50e-01	2.45e-01	5.59e-04	0.00e+00	0.00e+00	0.00e+00	0.00e+00	1.79e-06	4.35e-07	2.33e-07
 3.99687e+15	2.69e-06	4.79e-03	8.01e-01	1.94e-01	3.76e-04	0.00e+00	0.00e+00	0.00e+00	0.00e+00	1.96e-06	4.74e-07	2.55e-07
 4.56670e+15	2.92e-06	5.14e-03	8.42e-01	1.52e-01	2.51e-04	0.00e+00	0.00e+00	0.00e+00	0.00e+00	2.13e-06	5.13e-07	2.76e-07
 5.19254e+15	3.22e-06	5.54e-03	8.83e-01	1.11e-01	1.51e-04	0.00e+00	0.00e+00	0.00e+00	0.00e+00	2.35e-06	5.65e-07	3.05e-07
 6.00614e+15	3.59e-06	6.00e-03	9.24e-01	7.03e-02	7.20e-05	0.00e+00	0.00e+00	0.00e+00	0.00e+00	2.62e-06	6.29e-07	3.40e-07
 6.92477e+15	3.96e-06	6.42e-03	9.54e-01	3.93e-02	2.87e-05	0.00e+00	0.00e+00	0.00e+00	0.00e+00	2.90e-06	6.92e-07	3.75e-07
 7.97995e+15	4.38e-06	6.82e-03	9.74e-01	1.94e-02	9.30e-06	0.00e+00	0.00e+00	0.00e+00	0.00e+00	3.20e-06	7.64e-07	4.15e-07
 9.35167e+15	4.89e-06	7.22e-03	9.85e-01	7.82e-03	2.14e-06	0.00e+00	0.00e+00	0.00e+00	0.00e+00	3.58e-06	8.51e-07	4.63e-07
 1.11349e+16	5.54e-06	7.66e-03	9.90e-01	2.59e-03	3.43e-07	0.00e+00	0.00e+00	0.00e+00	0.00e+00	4.05e-06	9.63e-07	5.24e-07
 1.34531e+16	6.49e-06	8.20e-03	9.91e-01	7.23e-04	0.00e+00	0.00e+00	0.00e+00	0.00e+00	0.00e+00	4.74e-06	1.13e-06	6.14e-07
 1.55016e+16	7.31e-06	8.65e-03	9.91e-01	2.77e-04	0.00e+00	0.00e+00	0.00e+00	0.00e+00	0.00e+00	5.35e-06	1.27e-06	6.92e-07
 1.70518e+16	8.13e-06	9.04e-03	9.91e-01	1.50e-04	0.00e+00	0.00e+00	0.00e+00	0.00e+00	0.00e+00	5.95e-06	1.41e-06	7.70e-07
 1.87569e+16	9.19e-06	9.50e-03	9.90e-01	8.72e-05	0.00e+00	0.00e+00	0.00e+00	0.00e+00	0.00e+00	6.72e-06	1.60e-06	8.70e-07
 2.06326e+16	1.05e-05	1.00e-02	9.90e-01	5.64e-05	0.00e+00	0.00e+00	0.00e+00	0.00e+00	0.00e+00	7.71e-06	1.83e-06	9.99e-07
 2.26959e+16	1.24e-05	1.07e-02	9.89e-01	4.12e-05	0.00e+00	0.00e+00	0.00e+00	0.00e+00	0.00e+00	9.03e-06	2.15e-06	1.17e-06
 2.49655e+16	1.48e-05	1.15e-02	9.88e-01	3.28e-05	0.00e+00	0.00e+00	0.00e+00	0.00e+00	0.00e+00	1.08e-05	2.58e-06	1.40e-06
 2.74620e+16	1.82e-05	1.25e-02	9.87e-01	2.77e-05	0.00e+00	0.00e+00	0.00e+00	0.00e+00	0.00e+00	1.33e-05	3.18e-06	1.73e-06
 3.02082e+16	2.32e-05	1.38e-02	9.86e-01	2.42e-05	0.00e+00	0.00e+00	0.00e+00	0.00e+00	0.00e+00	1.69e-05	4.06e-06	2.20e-06
 3.32291e+16	3.07e-05	1.56e-02	9.84e-01	2.13e-05	0.00e+00	0.00e+00	0.00e+00	0.00e+00	0.00e+00	2.24e-05	5.40e-06	2.91e-06
 3.65520e+16	4.28e-05	1.79e-02	9.82e-01	1.87e-05	0.00e+00	0.00e+00	0.00e+00	0.00e+00	0.00e+00	3.12e-05	7.56e-06	4.06e-06
 3.89541e+16	5.58e-05	2.01e-02	9.80e-01	1.69e-05	0.00e+00	0.00e+00	0.00e+00	0.00e+00	0.00e+00	4.06e-05	9.88e-06	5.30e-06
 3.99526e+16	6.26e-05	2.11e-02	9.79e-01	1.62e-05	0.00e+00	0.00e+00	0.00e+00	0.00e+00	0.00e+00	4.55e-05	1.11e-05	5.94e-06
 4.07275e+16	6.85e-05	2.20e-02	9.78e-01	1.56e-05	0.00e+00	0.00e+00	0.00e+00	0.00e+00	0.00e+00	4.99e-05	1.22e-05	6.50e-06
 4.17347e+16	7.74e-05	2.32e-02	9.77e-01	1.49e-05	0.00e+00	0.00e+00	0.00e+00	0.00e+00	0.00e+00	5.63e-05	1.37e-05	7.34e-06
 4.30442e+16	9.09e-05	2.50e-02	9.75e-01	1.41e-05	0.00e+00	0.00e+00	0.00e+00	0.00e+00	0.00e+00	6.60e-05	1.62e-05	8.63e-06
 4.44429e+16	1.09e-04	2.72e-02	9.73e-01	1.33e-05	0.00e+00	0.00e+00	0.00e+00	0.00e+00	0.00e+00	7.89e-05	1.94e-05	1.03e-05
 4.56281e+16	1.27e-04	2.92e-02	9.71e-01	1.25e-05	0.00e+00	0.00e+00	0.00e+00	0.00e+00	0.00e+00	9.23e-05	2.27e-05	1.21e-05
 4.66443e+16	1.46e-04	3.12e-02	9.69e-01	1.18e-05	0.00e+00	0.00e+00	0.00e+00	0.00e+00	0.00e+00	1.06e-04	2.62e-05	1.39e-05
 4.77700e+16	1.72e-04	3.37e-02	9.66e-01	1.12e-05	0.00e+00	0.00e+00	0.00e+00	0.00e+00	0.00e+00	1.25e-04	3.08e-05	1.63e-05
 4.89929e+16	2.06e-04	3.68e-02	9.63e-01	1.04e-05	0.00e+00	0.00e+00	0.00e+00	0.00e+00	0.00e+00	1.49e-04	3.70e-05	1.95e-05
 5.00595e+16	2.42e-04	3.99e-02	9.60e-01	9.75e-06	0.00e+00	0.00e+00	0.00e+00	0.00e+00	0.00e+00	1.76e-04	4.36e-05	2.30e-05
 5.09826e+16	2.80e-04	4.29e-02	9.57e-01	9.19e-06	0.00e+00	0.00e+00	0.00e+00	0.00e+00	0.00e+00	2.03e-04	5.04e-05	2.66e-05
 5.20019e+16	3.32e-04	4.66e-02	9.53e-01	8.59e-06	0.00e+00	0.00e+00	0.00e+00	0.00e+00	0.00e+00	2.40e-04	5.96e-05	3.14e-05
 5.31028e+16	4.00e-04	5.12e-02	9.48e-01	7.94e-06	0.00e+00	0.00e+00	0.00e+00	0.00e+00	0.00e+00	2.90e-04	7.19e-05	3.79e-05
 5.40598e+16	4.74e-04	5.59e-02	9.44e-01	7.38e-06	0.00e+00	0.00e+00	0.00e+00	0.00e+00	0.00e+00	3.44e-04	8.53e-05	4.49e-05
 5.48927e+16	5.54e-04	6.05e-02	9.39e-01	6.91e-06	0.00e+00	0.00e+00	0.00e+00	0.00e+00	0.00e+00	4.02e-04	9.95e-05	5.23e-05
 5.58140e+16	6.59e-04	6.62e-02	9.33e-01	6.37e-06	0.00e+00	0.00e+00	0.00e+00	0.00e+00	0.00e+00	4.78e-04	1.18e-04	6.23e-05
 5.68179e+16	8.05e-04	7.35e-02	9.26e-01	5.81e-06	0.00e+00	0.00e+00	0.00e+00	0.00e+00	0.00e+00	5.84e-04	1.45e-04	7.60e-05
 5.76947e+16	9.67e-04	8.09e-02	9.18e-01	5.33e-06	0.00e+00	0.00e+00	0.00e+00	0.00e+00	0.00e+00	7.01e-04	1.74e-04	9.12e-05
 5.84514e+16	1.14e-03	8.81e-02	9.11e-01	4.93e-06	0.00e+00	0.00e+00	0.00e+00	0.00e+00	0.00e+00	8.25e-04	2.04e-04	1.07e-04
 5.92863e+16	1.37e-03	9.73e-02	9.01e-01	4.48e-06	0.00e+00	0.00e+00	0.00e+00	0.00e+00	0.00e+00	9.96e-04	2.47e-04	1.29e-04
 6.01986e+16	1.70e-03	1.09e-01	8.89e-01	3.99e-06	0.00e+00	0.00e+00	0.00e+00	0.00e+00	0.00e+00	1.23e-03	3.06e-04	1.60e-04
 6.09966e+16	2.07e-03	1.21e-01	8.77e-01	3.60e-06	0.00e+00	0.00e+00	0.00e+00	0.00e+00	0.00e+00	1.50e-03	3.72e-04	1.95e-04
 6.16784e+16	2.47e-03	1.33e-01	8.65e-01	3.26e-06	0.00e+00	0.00e+00	0.00e+00	0.00e+00	0.00e+00	1.79e-03	4.43e-04	2.32e-04
 6.24240e+16	3.01e-03	1.48e-01	8.49e-01	2.90e-06	0.00e+00	0.00e+00	0.00e+00	0.00e+00	0.00e+00	2.18e-03	5.40e-04	2.83e-04
 6.32292e+16	3.77e-03	1.66e-01	8.30e-01	2.53e-06	0.00e+00	0.00e+00	0.00e+00	0.00e+00	0.00e+00	2.74e-03	6.76e-04	3.54e-04
 6.39171e+16	4.61e-03	1.85e-01	8.10e-01	2.23e-06	0.00e+00	0.00e+00	0.00e+00	0.00e+00	0.00e+00	3.35e-03	8.26e-04	4.32e-04
 6.44943e+16	5.49e-03	2.03e-01	7.92e-01	1.98e-06	0.00e+00	0.00e+00	0.00e+00	0.00e+00	0.00e+00	3.99e-03	9.84e-04	5.15e-04
 6.51222e+16	6.69e-03	2.25e-01	7.68e-01	1.71e-06	0.00e+00	0.00e+00	0.00e+00	0.00e+00	0.00e+00	4.87e-03	1.20e-03	6.27e-04
 6.58014e+16	8.38e-03	2.53e-01	7.39e-01	1.45e-06	0.00e+00	0.00e+00	0.00e+00	0.00e+00	0.00e+00	6.09e-03	1.50e-03	7.84e-04
 6.63839e+16	1.03e-02	2.80e-01	7.10e-01	1.24e-06	0.00e+00	0.00e+00	0.00e+00	0.00e+00	0.00e+00	7.46e-03	1.83e-03	9.59e-04
 6.68725e+16	1.22e-02	3.06e-01	6.82e-01	1.07e-06	0.00e+00	0.00e+00	0.00e+00	0.00e+00	0.00e+00	8.89e-03	2.18e-03	1.14e-03
 6.74021e+16	1.49e-02	3.36e-01	6.49e-01	9.01e-07	0.00e+00	0.00e+00	0.00e+00	0.00e+00	0.00e+00	1.08e-02	2.65e-03	1.39e-03
 6.79773e+16	1.86e-02	3.74e-01	6.07e-01	7.28e-07	0.00e+00	0.00e+00	0.00e+00	0.00e+00	0.00e+00	1.35e-02	3.31e-03	1.73e-03
 6.84742e+16	2.27e-02	4.10e-01	5.67e-01	5.92e-07	0.00e+00	0.00e+00	0.00e+00	0.00e+00	0.00e+00	1.65e-02	4.03e-03	2.12e-03
 6.88949e+16	2.70e-02	4.43e-01	5.30e-01	4.88e-07	0.00e+00	0.00e+00	0.00e+00	0.00e+00	0.00e+00	1.97e-02	4.79e-03	2.52e-03
 6.93540e+16	3.28e-02	4.82e-01	4.85e-01	3.86e-07	0.00e+00	0.00e+00	0.00e+00	0.00e+00	0.00e+00	2.39e-02	5.81e-03	3.06e-03
 6.98545e+16	4.09e-02	5.26e-01	4.33e-01	2.88e-07	0.00e+00	0.00e+00	0.00e+00	0.00e+00	0.00e+00	2.98e-02	7.22e-03	3.80e-03
 7.02921e+16	4.98e-02	5.66e-01	3.84e-01	2.15e-07	0.00e+00	0.00e+00	0.00e+00	0.00e+00	0.00e+00	3.64e-02	8.77e-03	4.63e-03
 7.06677e+16	5.93e-02	6.00e-01	3.40e-01	1.63e-07	0.00e+00	0.00e+00	0.00e+00	0.00e+00	0.00e+00	4.34e-02	1.04e-02	5.50e-03
 7.09901e+16	6.91e-02	6.29e-01	3.02e-01	1.25e-07	0.00e+00	0.00e+00	0.00e+00	0.00e+00	0.00e+00	5.06e-02	1.21e-02	6.41e-03
 7.12588e+16	7.86e-02	6.51e-01	2.70e-01	0.00e+00	0.00e+00	0.00e+00	0.00e+00	0.00e+00	0.00e+00	5.76e-02	1.37e-02	7.28e-03
 7.15474e+16	9.04e-02	6.73e-01	2.36e-01	0.00e+00	0.00e+00	0.00e+00	0.00e+00	0.00e+00	0.00e+00	6.63e-02	1.57e-02	8.36e-03
 7.18536e+16	1.05e-01	6.94e-01	2.01e-01	0.00e+00	0.00e+00	0.00e+00	0.00e+00	0.00e+00	0.00e+00	7.73e-02	1.82e-02	9.72e-03
 7.21069e+16	1.19e-01	7.07e-01	1.73e-01	0.00e+00	0.00e+00	0.00e+00	0.00e+00	0.00e+00	0.00e+00	8.78e-02	2.05e-02	1.10e-02
 7.23163e+16	1.32e-01	7.16e-01	1.52e-01	0.00e+00	0.00e+00	0.00e+00	0.00e+00	0.00e+00	0.00e+00	9.72e-02	2.26e-02	1.21e-02
 7.25441e+16	1.48e-01	7.22e-01	1.30e-01	0.00e+00	0.00e+00	0.00e+00	0.00e+00	0.00e+00	0.00e+00	1.09e-01	2.52e-02	1.36e-02
 7.27900e+16	1.67e-01	7.25e-01	1.07e-01	0.00e+00	0.00e+00	0.00e+00	0.00e+00	0.00e+00	0.00e+00	1.24e-01	2.83e-02	1.53e-02
 7.30016e+16	1.87e-01	7.24e-01	8.98e-02	0.00e+00	0.00e+00	0.00e+00	0.00e+00	0.00e+00	0.00e+00	1.38e-01	3.13e-02	1.70e-02
 7.31798e+16	2.04e-01	7.20e-01	7.66e-02	0.00e+00	0.00e+00	0.00e+00	0.00e+00	0.00e+00	0.00e+00	1.51e-01	3.40e-02	1.86e-02
 7.33725e+16	2.25e-01	7.12e-01	6.34e-02	0.00e+00	0.00e+00	0.00e+00	0.00e+00	0.00e+00	0.00e+00	1.67e-01	3.72e-02	2.04e-02
 7.35801e+16	2.50e-01	6.99e-01	5.09e-02	0.00e+00	0.00e+00	0.00e+00	0.00e+00	0.00e+00	0.00e+00	1.87e-01	4.09e-02	2.26e-02
 7.37587e+16	2.74e-01	6.84e-01	4.15e-02	0.00e+00	0.00e+00	0.00e+00	0.00e+00	0.00e+00	0.00e+00	2.05e-01	4.43e-02	2.47e-02
 7.39128e+16	2.95e-01	6.70e-01	3.46e-02	0.00e+00	0.00e+00	0.00e+00	0.00e+00	0.00e+00	0.00e+00	2.21e-01	4.73e-02	2.65e-02
 7.40835e+16	3.21e-01	6.51e-01	2.78e-02	0.00e+00	0.00e+00	0.00e+00	0.00e+00	0.00e+00	0.00e+00	2.42e-01	5.08e-02	2.86e-02
 7.42696e+16	3.52e-01	6.26e-01	2.15e-02	0.00e+00	0.00e+00	0.00e+00	0.00e+00	0.00e+00	0.00e+00	2.66e-01	5.48e-02	3.12e-02
 7.44327e+16	3.82e-01	6.01e-01	1.69e-02	0.00e+00	0.00e+00	0.00e+00	0.00e+00	0.00e+00	0.00e+00	2.90e-01	5.85e-02	3.36e-02
 7.45721e+16	4.07e-01	5.79e-01	1.37e-02	0.00e+00	0.00e+00	0.00e+00	0.00e+00	0.00e+00	0.00e+00	3.10e-01	6.14e-02	3.55e-02
 7.47113e+16	4.35e-01	5.54e-01	1.09e-02	0.00e+00	0.00e+00	0.00e+00	0.00e+00	0.00e+00	0.00e+00	3.33e-01	6.44e-02	3.76e-02
 7.48687e+16	4.67e-01	5.25e-01	8.32e-03	0.00e+00	0.00e+00	0.00e+00	0.00e+00	0.00e+00	0.00e+00	3.59e-01	6.77e-02	3.99e-02
 7.50215e+16	4.99e-01	4.94e-01	6.32e-03	0.00e+00	0.00e+00	0.00e+00	0.00e+00	0.00e+00	0.00e+00	3.86e-01	7.07e-02	4.22e-02
 7.51441e+16	5.26e-01	4.69e-01	5.03e-03	0.00e+00	0.00e+00	0.00e+00	0.00e+00	0.00e+00	0.00e+00	4.09e-01	7.29e-02	4.40e-02
 7.52481e+16	5.48e-01	4.48e-01	4.11e-03	0.00e+00	0.00e+00	0.00e+00	0.00e+00	0.00e+00	0.00e+00	4.28e-01	7.45e-02	4.54e-02
 7.53496e+16	5.70e-01	4.27e-01	3.36e-03	0.00e+00	0.00e+00	0.00e+00	0.00e+00	0.00e+00	0.00e+00	4.47e-01	7.60e-02	4.67e-02
 7.54518e+16	5.92e-01	4.05e-01	2.71e-03	0.00e+00	0.00e+00	0.00e+00	0.00e+00	0.00e+00	0.00e+00	4.67e-01	7.74e-02	4.80e-02
 7.55311e+16	6.09e-01	3.89e-01	2.30e-03	0.00e+00	0.00e+00	0.00e+00	0.00e+00	0.00e+00	0.00e+00	4.82e-01	7.82e-02	4.89e-02
 7.55816e+16	6.19e-01	3.79e-01	2.08e-03	0.00e+00	0.00e+00	0.00e+00	0.00e+00	0.00e+00	0.00e+00	4.91e-01	7.86e-02	4.93e-02
 7.56306e+16	6.29e-01	3.69e-01	1.87e-03	0.00e+00	0.00e+00	0.00e+00	0.00e+00	0.00e+00	0.00e+00	5.00e-01	7.89e-02	4.98e-02
 7.56908e+16	6.42e-01	3.57e-01	1.63e-03	0.00e+00	0.00e+00	0.00e+00	0.00e+00	0.00e+00	0.00e+00	5.12e-01	7.93e-02	5.04e-02
 7.57546e+16	6.56e-01	3.43e-01	1.41e-03	0.00e+00	0.00e+00	0.00e+00	0.00e+00	0.00e+00	0.00e+00	5.25e-01	7.97e-02	5.10e-02
 7.58116e+16	6.68e-01	3.31e-01	1.24e-03	0.00e+00	0.00e+00	0.00e+00	0.00e+00	0.00e+00	0.00e+00	5.36e-01	7.99e-02	5.14e-02
 7.58635e+16	6.79e-01	3.20e-01	1.10e-03	0.00e+00	0.00e+00	0.00e+00	0.00e+00	0.00e+00	0.00e+00	5.47e-01	8.00e-02	5.18e-02
 7.59163e+16	6.89e-01	3.10e-01	9.68e-04	0.00e+00	0.00e+00	0.00e+00	0.00e+00	0.00e+00	0.00e+00	5.57e-01	8.01e-02	5.22e-02
 7.59713e+16	7.01e-01	2.98e-01	8.47e-04	0.00e+00	0.00e+00	0.00e+00	0.00e+00	0.00e+00	0.00e+00	5.68e-01	8.01e-02	5.25e-02
 7.60263e+16	7.12e-01	2.87e-01	7.39e-04	0.00e+00	0.00e+00	0.00e+00	0.00e+00	0.00e+00	0.00e+00	5.79e-01	8.01e-02	5.28e-02
 7.60785e+16	7.23e-01	2.77e-01	6.50e-04	0.00e+00	0.00e+00	0.00e+00	0.00e+00	0.00e+00	0.00e+00	5.90e-01	7.99e-02	5.30e-02
 7.61295e+16	7.33e-01	2.67e-01	5.71e-04	0.00e+00	0.00e+00	0.00e+00	0.00e+00	0.00e+00	0.00e+00	6.00e-01	7.98e-02	5.32e-02
 7.61810e+16	7.43e-01	2.57e-01	5.00e-04	0.00e+00	0.00e+00	0.00e+00	0.00e+00	0.00e+00	0.00e+00	6.10e-01	7.95e-02	5.34e-02
 7.62329e+16	7.53e-01	2.47e-01	4.36e-04	0.00e+00	0.00e+00	0.00e+00	0.00e+00	0.00e+00	0.00e+00	6.20e-01	7.92e-02	5.35e-02
 7.62838e+16	7.62e-01	2.37e-01	3.82e-04	0.00e+00	0.00e+00	0.00e+00	0.00e+00	0.00e+00	0.00e+00	6.30e-01	7.89e-02	5.35e-02
