#depth	O	O+	O+2	O+3	O+4	O+5	O+6	O+7	O+8	O[1]	O[2]	O[3]
 3.28019e+12	5.16e-07	8.92e-04	2.06e-01	7.52e-01	4.03e-02	1.17e-06	0.00e+00	0.00e+00	0.00e+00	3.84e-07	8.57e-08	4.62e-08
 1.96811e+13	5.16e-07	8.93e-04	2.07e-01	7.52e-01	4.03e-02	1.17e-06	0.00e+00	0.00e+00	0.00e+00	3.84e-07	8.58e-08	4.62e-08
 8.52849e+13	5.18e-07	8.98e-04	2.08e-01	7.51e-01	4.00e-02	1.16e-06	0.00e+00	0.00e+00	0.00e+00	3.85e-07	8.60e-08	4.63e-08
 3.47700e+14	5.26e-07	9.16e-04	2.12e-01	7.48e-01	3.92e-02	1.12e-06	0.00e+00	0.00e+00	0.00e+00	3.91e-07	8.74e-08	4.71e-08
 8.30544e+14	5.20e-07	9.31e-04	2.18e-01	7.44e-01	3.77e-02	1.07e-06	0.00e+00	0.00e+00	0.00e+00	3.87e-07	8.64e-08	4.66e-08
 1.45824e+15	5.27e-07	9.64e-04	2.26e-01	7.37e-01	3.59e-02	1.00e-06	0.00e+00	0.00e+00	0.00e+00	3.92e-07	8.76e-08	4.73e-08
 2.27425e+15	5.46e-07	1.02e-03	2.38e-01	7.28e-01	3.37e-02	9.15e-07	0.00e+00	0.00e+00	0.00e+00	4.06e-07	9.06e-08	4.90e-08
 3.33505e+15	5.80e-07	1.09e-03	2.54e-01	7.14e-01	3.09e-02	8.11e-07	0.00e+00	0.00e+00	0.00e+00	4.31e-07	9.63e-08	5.21e-08
 4.71410e+15	6.40e-07	1.21e-03	2.78e-01	6.93e-01	2.74e-02	6.87e-07	0.00e+00	0.00e+00	0.00e+00	4.76e-07	1.06e-07	5.76e-08
 6.50687e+15	7.44e-07	1.39e-03	3.14e-01	6.62e-01	2.32e-02	5.45e-07	0.00e+00	0.00e+00	0.00e+00	5.53e-07	1.23e-07	6.70e-08
 8.52038e+15	8.83e-07	1.64e-03	3.60e-01	6.19e-01	1.88e-02	4.11e-07	0.00e+00	0.00e+00	0.00e+00	6.56e-07	1.46e-07	7.97e-08
 1.03642e+16	1.05e-06	1.93e-03	4.13e-01	5.70e-01	1.50e-02	3.06e-07	0.00e+00	0.00e+00	0.00e+00	7.81e-07	1.74e-07	9.50e-08
 1.19130e+16	1.24e-06	2.24e-03	4.66e-01	5.20e-01	1.20e-02	2.29e-07	0.00e+00	0.00e+00	0.00e+00	9.25e-07	2.06e-07	1.13e-07
 1.32438e+16	1.46e-06	2.58e-03	5.19e-01	4.69e-01	9.55e-03	1.72e-07	0.00e+00	0.00e+00	0.00e+00	1.09e-06	2.43e-07	1.33e-07
 1.44582e+16	1.72e-06	2.94e-03	5.73e-01	4.16e-01	7.44e-03	1.26e-07	0.00e+00	0.00e+00	0.00e+00	1.28e-06	2.85e-07	1.56e-07
 1.56100e+16	2.02e-06	3.35e-03	6.30e-01	3.61e-01	5.61e-03	0.00e+00	0.00e+00	0.00e+00	0.00e+00	1.50e-06	3.35e-07	1.84e-07
 1.65755e+16	2.30e-06	3.72e-03	6.81e-01	3.11e-01	4.26e-03	0.00e+00	0.00e+00	0.00e+00	0.00e+00	1.71e-06	3.81e-07	2.09e-07
 1.73182e+16	2.56e-06	4.04e-03	7.21e-01	2.71e-01	3.33e-03	0.00e+00	0.00e+00	0.00e+00	0.00e+00	1.90e-06	4.23e-07	2.33e-07
 1.81004e+16	2.89e-06	4.42e-03	7.64e-01	2.29e-01	2.46e-03	0.00e+00	0.00e+00	0.00e+00	0.00e+00	2.14e-06	4.77e-07	2.62e-07
 1.89784e+16	3.26e-06	4.83e-03	8.09e-01	1.85e-01	1.69e-03	0.00e+00	0.00e+00	0.00e+00	0.00e+00	2.42e-06	5.39e-07	2.97e-07
 1.98195e+16	3.66e-06	5.24e-03	8.48e-01	1.45e-01	1.12e-03	0.00e+00	0.00e+00	0.00e+00	0.00e+00	2.72e-06	6.06e-07	3.34e-07
 2.07516e+16	4.14e-06	5.69e-03	8.87e-01	1.07e-01	6.65e-04	0.00e+00	0.00e+00	0.00e+00	0.00e+00	3.08e-06	6.85e-07	3.78e-07
 2.19634e+16	4.79e-06	6.23e-03	9.25e-01	6.88e-02	3.14e-04	0.00e+00	0.00e+00	0.00e+00	0.00e+00	3.56e-06	7.92e-07	4.38e-07
 2.32953e+16	5.48e-06	6.74e-03	9.52e-01	4.07e-02	1.29e-04	0.00e+00	0.00e+00	0.00e+00	0.00e+00	4.07e-06	9.05e-07	5.01e-07
 2.47835e+16	6.27e-06	7.23e-03	9.71e-01	2.21e-02	4.48e-05	0.00e+00	0.00e+00	0.00e+00	0.00e+00	4.66e-06	1.03e-06	5.74e-07
 2.67182e+16	7.30e-06	7.78e-03	9.82e-01	1.01e-02	1.14e-05	0.00e+00	0.00e+00	0.00e+00	0.00e+00	5.42e-06	1.20e-06	6.68e-07
 2.92022e+16	8.72e-06	8.43e-03	9.88e-01	3.94e-03	2.06e-06	0.00e+00	0.00e+00	0.00e+00	0.00e+00	6.48e-06	1.44e-06	7.98e-07
 3.21225e+16	1.06e-05	9.20e-03	9.89e-01	1.43e-03	3.12e-07	0.00e+00	0.00e+00	0.00e+00	0.00e+00	7.91e-06	1.76e-06	9.76e-07
 3.53347e+16	1.33e-05	1.01e-02	9.89e-01	5.43e-04	0.00e+00	0.00e+00	0.00e+00	0.00e+00	0.00e+00	9.89e-06	2.19e-06	1.22e-06
 3.88682e+16	1.72e-05	1.13e-02	9.88e-01	2.36e-04	0.00e+00	0.00e+00	0.00e+00	0.00e+00	0.00e+00	1.28e-05	2.84e-06	1.58e-06
 4.27550e+16	2.33e-05	1.29e-02	9.87e-01	1.29e-04	0.00e+00	0.00e+00	0.00e+00	0.00e+00	0.00e+00	1.73e-05	3.84e-06	2.13e-06
 4.70305e+16	3.32e-05	1.50e-02	9.85e-01	8.75e-05	0.00e+00	0.00e+00	0.00e+00	0.00e+00	0.00e+00	2.47e-05	5.47e-06	3.04e-06
 5.11900e+16	4.82e-05	1.78e-02	9.82e-01	6.84e-05	0.00e+00	0.00e+00	0.00e+00	0.00e+00	0.00e+00	3.59e-05	7.95e-06	4.41e-06
 5.37691e+16	6.21e-05	1.99e-02	9.80e-01	6.03e-05	0.00e+00	0.00e+00	0.00e+00	0.00e+00	0.00e+00	4.62e-05	1.02e-05	5.68e-06
 5.47936e+16	6.88e-05	2.09e-02	9.79e-01	5.75e-05	0.00e+00	0.00e+00	0.00e+00	0.00e+00	0.00e+00	5.12e-05	1.13e-05	6.29e-06
 5.56344e+16	7.52e-05	2.18e-02	9.78e-01	5.50e-05	0.00e+00	0.00e+00	0.00e+00	0.00e+00	0.00e+00	5.59e-05	1.24e-05	6.87e-06
 5.67273e+16	8.44e-05	2.30e-02	9.77e-01	5.20e-05	0.00e+00	0.00e+00	0.00e+00	0.00e+00	0.00e+00	6.27e-05	1.39e-05	7.71e-06
 5.81481e+16	9.82e-05	2.47e-02	9.75e-01	4.84e-05	0.00e+00	0.00e+00	0.00e+00	0.00e+00	0.00e+00	7.31e-05	1.62e-05	8.97e-06
 5.97414e+16	1.17e-04	2.68e-02	9.73e-01	4.45e-05	0.00e+00	0.00e+00	0.00e+00	0.00e+00	0.00e+00	8.73e-05	1.93e-05	1.07e-05
 6.11928e+16	1.39e-04	2.91e-02	9.71e-01	4.11e-05	0.00e+00	0.00e+00	0.00e+00	0.00e+00	0.00e+00	1.03e-04	2.29e-05	1.27e-05
 6.24515e+16	1.61e-04	3.13e-02	9.69e-01	3.84e-05	0.00e+00	0.00e+00	0.00e+00	0.00e+00	0.00e+00	1.20e-04	2.65e-05	1.47e-05
 6.38257e+16	1.91e-04	3.40e-02	9.66e-01	3.54e-05	0.00e+00	0.00e+00	0.00e+00	0.00e+00	0.00e+00	1.42e-04	3.14e-05	1.74e-05
 6.53015e+16	2.31e-04	3.73e-02	9.62e-01	3.24e-05	0.00e+00	0.00e+00	0.00e+00	0.00e+00	0.00e+00	1.72e-04	3.80e-05	2.10e-05
 6.65653e+16	2.73e-04	4.06e-02	9.59e-01	2.98e-05	0.00e+00	0.00e+00	0.00e+00	0.00e+00	0.00e+00	2.03e-04	4.49e-05	2.49e-05
 6.76567e+16	3.16e-04	4.37e-02	9.56e-01	2.78e-05	0.00e+00	0.00e+00	0.00e+00	0.00e+00	0.00e+00	2.35e-04	5.21e-05	2.88e-05
 6.88685e+16	3.75e-04	4.77e-02	9.52e-01	2.55e-05	0.00e+00	0.00e+00	0.00e+00	0.00e+00	0.00e+00	2.79e-04	6.17e-05	3.42e-05
 7.01896e+16	4.55e-04	5.26e-02	9.47e-01	2.32e-05	0.00e+00	0.00e+00	0.00e+00	0.00e+00	0.00e+00	3.39e-04	7.48e-05	4.14e-05
 7.13503e+16	5.43e-04	5.77e-02	9.42e-01	2.11e-05	0.00e+00	0.00e+00	0.00e+00	0.00e+00	0.00e+00	4.04e-04	8.93e-05	4.94e-05
 7.23599e+16	6.36e-04	6.26e-02	9.37e-01	1.95e-05	0.00e+00	0.00e+00	0.00e+00	0.00e+00	0.00e+00	4.73e-04	1.04e-04	5.78e-05
 7.34756e+16	7.62e-04	6.88e-02	9.30e-01	1.77e-05	0.00e+00	0.00e+00	0.00e+00	0.00e+00	0.00e+00	5.67e-04	1.25e-04	6.93e-05
 7.46887e+16	9.35e-04	7.66e-02	9.22e-01	1.58e-05	0.00e+00	0.00e+00	0.00e+00	0.00e+00	0.00e+00	6.96e-04	1.53e-04	8.49e-05
 7.57513e+16	1.13e-03	8.45e-02	9.14e-01	1.42e-05	0.00e+00	0.00e+00	0.00e+00	0.00e+00	0.00e+00	8.40e-04	1.85e-04	1.02e-04
 7.66750e+16	1.33e-03	9.23e-02	9.06e-01	1.30e-05	0.00e+00	0.00e+00	0.00e+00	0.00e+00	0.00e+00	9.94e-04	2.19e-04	1.21e-04
 7.76950e+16	1.62e-03	1.02e-01	8.96e-01	1.16e-05	0.00e+00	0.00e+00	0.00e+00	0.00e+00	0.00e+00	1.21e-03	2.65e-04	1.47e-04
 7.87946e+16	2.01e-03	1.15e-01	8.83e-01	1.02e-05	0.00e+00	0.00e+00	0.00e+00	0.00e+00	0.00e+00	1.50e-03	3.29e-04	1.82e-04
 7.97420e+16	2.45e-03	1.27e-01	8.70e-01	9.02e-06	0.00e+00	0.00e+00	0.00e+00	0.00e+00	0.00e+00	1.82e-03	4.01e-04	2.22e-04
 8.05490e+16	2.91e-03	1.40e-01	8.57e-01	8.13e-06	0.00e+00	0.00e+00	0.00e+00	0.00e+00	0.00e+00	2.17e-03	4.76e-04	2.64e-04
 8.14290e+16	3.54e-03	1.55e-01	8.41e-01	7.14e-06	0.00e+00	0.00e+00	0.00e+00	0.00e+00	0.00e+00	2.64e-03	5.80e-04	3.21e-04
 8.23811e+16	4.42e-03	1.74e-01	8.21e-01	6.14e-06	0.00e+00	0.00e+00	0.00e+00	0.00e+00	0.00e+00	3.30e-03	7.23e-04	4.01e-04
 8.32022e+16	5.40e-03	1.94e-01	8.01e-01	5.34e-06	0.00e+00	0.00e+00	0.00e+00	0.00e+00	0.00e+00	4.03e-03	8.82e-04	4.89e-04
 8.38997e+16	6.44e-03	2.12e-01	7.81e-01	4.70e-06	0.00e+00	0.00e+00	0.00e+00	0.00e+00	0.00e+00	4.80e-03	1.05e-03	5.82e-04
 8.46612e+16	7.84e-03	2.35e-01	7.57e-01	4.04e-06	0.00e+00	0.00e+00	0.00e+00	0.00e+00	0.00e+00	5.85e-03	1.28e-03	7.09e-04
 8.54867e+16	9.82e-03	2.64e-01	7.26e-01	3.37e-06	0.00e+00	0.00e+00	0.00e+00	0.00e+00	0.00e+00	7.33e-03	1.60e-03	8.88e-04
 8.61938e+16	1.20e-02	2.92e-01	6.96e-01	2.85e-06	0.00e+00	0.00e+00	0.00e+00	0.00e+00	0.00e+00	8.98e-03	1.95e-03	1.09e-03
 8.67850e+16	1.43e-02	3.19e-01	6.67e-01	2.42e-06	0.00e+00	0.00e+00	0.00e+00	0.00e+00	0.00e+00	1.07e-02	2.32e-03	1.29e-03
 8.74269e+16	1.74e-02	3.50e-01	6.32e-01	2.02e-06	0.00e+00	0.00e+00	0.00e+00	0.00e+00	0.00e+00	1.30e-02	2.81e-03	1.57e-03
 8.81270e+16	2.16e-02	3.88e-01	5.90e-01	1.61e-06	0.00e+00	0.00e+00	0.00e+00	0.00e+00	0.00e+00	1.62e-02	3.49e-03	1.95e-03
 8.87411e+16	2.64e-02	4.25e-01	5.48e-01	1.29e-06	0.00e+00	0.00e+00	0.00e+00	0.00e+00	0.00e+00	1.98e-02	4.27e-03	2.38e-03
 8.92649e+16	3.15e-02	4.59e-01	5.09e-01	1.05e-06	0.00e+00	0.00e+00	0.00e+00	0.00e+00	0.00e+00	2.36e-02	5.08e-03	2.84e-03
 8.98330e+16	3.81e-02	4.97e-01	4.64e-01	8.14e-07	0.00e+00	0.00e+00	0.00e+00	0.00e+00	0.00e+00	2.86e-02	6.12e-03	3.43e-03
 9.04611e+16	4.76e-02	5.42e-01	4.10e-01	5.95e-07	0.00e+00	0.00e+00	0.00e+00	0.00e+00	0.00e+00	3.57e-02	7.62e-03	4.28e-03
 9.09673e+16	5.74e-02	5.79e-01	3.64e-01	4.48e-07	0.00e+00	0.00e+00	0.00e+00	0.00e+00	0.00e+00	4.31e-02	9.15e-03	5.15e-03
 9.13163e+16	6.52e-02	6.03e-01	3.31e-01	3.60e-07	0.00e+00	0.00e+00	0.00e+00	0.00e+00	0.00e+00	4.90e-02	1.04e-02	5.84e-03
 9.16608e+16	7.40e-02	6.27e-01	2.99e-01	2.86e-07	0.00e+00	0.00e+00	0.00e+00	0.00e+00	0.00e+00	5.56e-02	1.17e-02	6.62e-03
 9.21086e+16	8.72e-02	6.55e-01	2.58e-01	2.05e-07	0.00e+00	0.00e+00	0.00e+00	0.00e+00	0.00e+00	6.56e-02	1.37e-02	7.79e-03
 9.25515e+16	1.03e-01	6.80e-01	2.17e-01	1.42e-07	0.00e+00	0.00e+00	0.00e+00	0.00e+00	0.00e+00	7.80e-02	1.62e-02	9.22e-03
 9.28726e+16	1.17e-01	6.94e-01	1.89e-01	0.00e+00	0.00e+00	0.00e+00	0.00e+00	0.00e+00	0.00e+00	8.83e-02	1.82e-02	1.04e-02
 9.31273e+16	1.29e-01	7.04e-01	1.67e-01	0.00e+00	0.00e+00	0.00e+00	0.00e+00	0.00e+00	0.00e+00	9.73e-02	2.00e-02	1.14e-02
 9.34109e+16	1.43e-01	7.12e-01	1.45e-01	0.00e+00	0.00e+00	0.00e+00	0.00e+00	0.00e+00	0.00e+00	1.09e-01	2.21e-02	1.27e-02
 9.37308e+16	1.62e-01	7.17e-01	1.21e-01	0.00e+00	0.00e+00	0.00e+00	0.00e+00	0.00e+00	0.00e+00	1.23e-01	2.49e-02	1.43e-02
 9.40226e+16	1.82e-01	7.17e-01	1.01e-01	0.00e+00	0.00e+00	0.00e+00	0.00e+00	0.00e+00	0.00e+00	1.38e-01	2.76e-02	1.60e-02
 9.42707e+16	2.00e-01	7.15e-01	8.54e-02	0.00e+00	0.00e+00	0.00e+00	0.00e+00	0.00e+00	0.00e+00	1.52e-01	3.01e-02	1.75e-02
 9.45374e+16	2.21e-01	7.08e-01	7.04e-02	0.00e+00	0.00e+00	0.00e+00	0.00e+00	0.00e+00	0.00e+00	1.69e-01	3.30e-02	1.93e-02
 9.48248e+16	2.47e-01	6.97e-01	5.62e-02	0.00e+00	0.00e+00	0.00e+00	0.00e+00	0.00e+00	0.00e+00	1.89e-01	3.65e-02	2.15e-02
 9.50710e+16	2.72e-01	6.83e-01	4.55e-02	0.00e+00	0.00e+00	0.00e+00	0.00e+00	0.00e+00	0.00e+00	2.09e-01	3.96e-02	2.35e-02
 9.52803e+16	2.94e-01	6.69e-01	3.77e-02	0.00e+00	0.00e+00	0.00e+00	0.00e+00	0.00e+00	0.00e+00	2.26e-01	4.23e-02	2.53e-02
 9.55097e+16	3.20e-01	6.50e-01	3.02e-02	0.00e+00	0.00e+00	0.00e+00	0.00e+00	0.00e+00	0.00e+00	2.47e-01	4.55e-02	2.74e-02
 9.57620e+16	3.51e-01	6.25e-01	2.34e-02	0.00e+00	0.00e+00	0.00e+00	0.00e+00	0.00e+00	0.00e+00	2.72e-01	4.91e-02	2.98e-02
 9.59898e+16	3.82e-01	6.00e-01	1.82e-02	0.00e+00	0.00e+00	0.00e+00	0.00e+00	0.00e+00	0.00e+00	2.97e-01	5.23e-02	3.20e-02
 9.61913e+16	4.10e-01	5.76e-01	1.44e-02	0.00e+00	0.00e+00	0.00e+00	0.00e+00	0.00e+00	0.00e+00	3.20e-01	5.52e-02	3.41e-02
 9.63919e+16	4.39e-01	5.50e-01	1.13e-02	0.00e+00	0.00e+00	0.00e+00	0.00e+00	0.00e+00	0.00e+00	3.45e-01	5.79e-02	3.61e-02
 9.66017e+16	4.71e-01	5.20e-01	8.59e-03	0.00e+00	0.00e+00	0.00e+00	0.00e+00	0.00e+00	0.00e+00	3.72e-01	6.07e-02	3.83e-02
 9.67958e+16	5.02e-01	4.92e-01	6.59e-03	0.00e+00	0.00e+00	0.00e+00	0.00e+00	0.00e+00	0.00e+00	3.98e-01	6.31e-02	4.03e-02
 9.69578e+16	5.28e-01	4.67e-01	5.25e-03	0.00e+00	0.00e+00	0.00e+00	0.00e+00	0.00e+00	0.00e+00	4.21e-01	6.49e-02	4.18e-02
 9.71002e+16	5.50e-01	4.45e-01	4.27e-03	0.00e+00	0.00e+00	0.00e+00	0.00e+00	0.00e+00	0.00e+00	4.41e-01	6.64e-02	4.31e-02
 9.72398e+16	5.73e-01	4.24e-01	3.46e-03	0.00e+00	0.00e+00	0.00e+00	0.00e+00	0.00e+00	0.00e+00	4.61e-01	6.76e-02	4.43e-02
 9.73766e+16	5.96e-01	4.02e-01	2.79e-03	0.00e+00	0.00e+00	0.00e+00	0.00e+00	0.00e+00	0.00e+00	4.81e-01	6.87e-02	4.54e-02
 9.74803e+16	6.12e-01	3.86e-01	2.38e-03	0.00e+00	0.00e+00	0.00e+00	0.00e+00	0.00e+00	0.00e+00	4.96e-01	6.93e-02	4.62e-02
 9.75468e+16	6.21e-01	3.77e-01	2.15e-03	0.00e+00	0.00e+00	0.00e+00	0.00e+00	0.00e+00	0.00e+00	5.05e-01	6.97e-02	4.66e-02
 9.76135e+16	6.31e-01	3.67e-01	1.93e-03	0.00e+00	0.00e+00	0.00e+00	0.00e+00	0.00e+00	0.00e+00	5.14e-01	6.99e-02	4.70e-02
 9.76967e+16	6.44e-01	3.54e-01	1.68e-03	0.00e+00	0.00e+00	0.00e+00	0.00e+00	0.00e+00	0.00e+00	5.27e-01	7.02e-02	4.75e-02
 9.77837e+16	6.59e-01	3.40e-01	1.44e-03	0.00e+00	0.00e+00	0.00e+00	0.00e+00	0.00e+00	0.00e+00	5.41e-01	7.04e-02	4.80e-02
 9.78593e+16	6.70e-01	3.28e-01	1.27e-03	0.00e+00	0.00e+00	0.00e+00	0.00e+00	0.00e+00	0.00e+00	5.51e-01	7.05e-02	4.83e-02
 9.79277e+16	6.81e-01	3.18e-01	1.13e-03	0.00e+00	0.00e+00	0.00e+00	0.00e+00	0.00e+00	0.00e+00	5.62e-01	7.06e-02	4.86e-02
 9.79986e+16	6.92e-01	3.07e-01	9.93e-04	0.00e+00	0.00e+00	0.00e+00	0.00e+00	0.00e+00	0.00e+00	5.72e-01	7.06e-02	4.89e-02
 9.80735e+16	7.03e-01	2.96e-01	8.66e-04	0.00e+00	0.00e+00	0.00e+00	0.00e+00	0.00e+00	0.00e+00	5.84e-01	7.05e-02	4.91e-02
 9.81479e+16	7.15e-01	2.84e-01	7.54e-04	0.00e+00	0.00e+00	0.00e+00	0.00e+00	0.00e+00	0.00e+00	5.95e-01	7.03e-02	4.93e-02
 9.82173e+16	7.25e-01	2.74e-01	6.63e-04	0.00e+00	0.00e+00	0.00e+00	0.00e+00	0.00e+00	0.00e+00	6.05e-01	7.02e-02	4.95e-02
 9.82849e+16	7.35e-01	2.64e-01	5.83e-04	0.00e+00	0.00e+00	0.00e+00	0.00e+00	0.00e+00	0.00e+00	6.16e-01	6.99e-02	4.96e-02
 9.83542e+16	7.45e-01	2.55e-01	5.11e-04	0.00e+00	0.00e+00	0.00e+00	0.00e+00	0.00e+00	0.00e+00	6.26e-01	6.96e-02	4.97e-02
 9.84244e+16	7.55e-01	2.44e-01	4.45e-04	0.00e+00	0.00e+00	0.00e+00	0.00e+00	0.00e+00	0.00e+00	6.36e-01	6.93e-02	4.97e-02
 9.84927e+16	7.65e-01	2.35e-01	3.89e-04	0.00e+00	0.00e+00	0.00e+00	0.00e+00	0.00e+00	0.00e+00	6.46e-01	6.89e-02	4.97e-02
 9.85593e+16	7.74e-01	2.26e-01	3.40e-04	0.00e+00	0.00e+00	0.00e+00	0.00e+00	0.00e+00	0.00e+00	6.56e-01	6.85e-02	4.96e-02
 9.86256e+16	7.83e-01	2.17e-01	2.98e-04	0.00e+00	0.00e+00	0.00e+00	0.00e+00	0.00e+00	0.00e+00	6.65e-01	6.80e-02	4.96e-02
 9.86926e+16	7.91e-01	2.08e-01	2.59e-04	0.00e+00	0.00e+00	0.00e+00	0.00e+00	0.00e+00	0.00e+00	6.74e-01	6.75e-02	4.94e-02
 9.87600e+16	8.00e-01	1.99e-01	2.25e-04	0.00e+00	0.00e+00	0.00e+00	0.00e+00	0.00e+00	0.00e+00	6.84e-01	6.69e-02	4.93e-02
 9.88244e+16	8.08e-01	1.92e-01	1.97e-04	0.00e+00	0.00e+00	0.00e+00	0.00e+00	0.00e+00	0.00e+00	6.93e-01	6.64e-02	4.91e-02
 9.88879e+16	8.16e-01	1.84e-01	1.72e-04	0.00e+00	0.00e+00	0.00e+00	0.00e+00	0.00e+00	0.00e+00	7.01e-01	6.58e-02	4.89e-02
 9.89524e+16	8.24e-01	1.76e-01	1.50e-04	0.00e+00	0.00e+00	0.00e+00	0.00e+00	0.00e+00	0.00e+00	7.10e-01	6.52e-02	4.87e-02
 9.90174e+16	8.31e-01	1.69e-01	1.30e-04	0.00e+00	0.00e+00	0.00e+00	0.00e+00	0.00e+00	0.00e+00	7.18e-01	6.45e-02	4.84e-02
 9.90814e+16	8.39e-01	1.61e-01	1.13e-04	0.00e+00	0.00e+00	0.00e+00	0.00e+00	0.00e+00	0.00e+00	7.27e-01	6.38e-02	4.81e-02
 9.91432e+16	8.45e-01	1.55e-01	9.86e-05	0.00e+00	0.00e+00	0.00e+00	0.00e+00	0.00e+00	0.00e+00	7.34e-01	6.32e-02	4.79e-02
 9.92050e+16	8.52e-01	1.48e-01	8.58e-05	0.00e+00	0.00e+00	0.00e+00	0.00e+00	0.00e+00	0.00e+00	7.42e-01	6.25e-02	4.75e-02
 9.92675e+16	8.58e-01	1.42e-01	7.45e-05	0.00e+00	0.00e+00	0.00e+00	0.00e+00	0.00e+00	0.00e+00	7.49e-01	6.18e-02	4.72e-02
 9.93287e+16	8.65e-01	1.35e-01	6.48e-05	0.00e+00	0.00e+00	0.00e+00	0.00e+00	0.00e+00	0.00e+00	7.57e-01	6.11e-02	4.68e-02
 9.93887e+16	8.70e-01	1.30e-01	5.64e-05	0.00e+00	0.00e+00	0.00e+00	0.00e+00	0.00e+00	0.00e+00	7.63e-01	6.04e-02	4.65e-02
 9.94487e+16	8.76e-01	1.24e-01	4.90e-05	0.00e+00	0.00e+00	0.00e+00	0.00e+00	0.00e+00	0.00e+00	7.70e-01	5.97e-02	4.61e-02
 9.95086e+16	8.82e-01	1.18e-01	4.26e-05	0.00e+00	0.00e+00	0.00e+00	0.00e+00	0.00e+00	0.00e+00	7.77e-01	5.90e-02	4.57e-02
 9.95669e+16	8.87e-01	1.13e-01	3.71e-05	0.00e+00	0.00e+00	0.00e+00	0.00e+00	0.00e+00	0.00e+00	7.83e-01	5.83e-02	4.53e-02
 9.96234e+16	8.91e-01	1.09e-01	3.25e-05	0.00e+00	0.00e+00	0.00e+00	0.00e+00	0.00e+00	0.00e+00	7.89e-01	5.77e-02	4.50e-02
 9.96792e+16	8.96e-01	1.04e-01	2.84e-05	0.00e+00	0.00e+00	0.00e+00	0.00e+00	0.00e+00	0.00e+00	7.94e-01	5.70e-02	4.46e-02
 9.97349e+16	9.00e-01	9.95e-02	2.48e-05	0.00e+00	0.00e+00	0.00e+00	0.00e+00	0.00e+00	0.00e+00	8.00e-01	5.64e-02	4.42e-02
 9.97901e+16	9.05e-01	9.53e-02	2.17e-05	0.00e+00	0.00e+00	0.00e+00	0.00e+00	0.00e+00	0.00e+00	8.05e-01	5.57e-02	4.38e-02
 9.98440e+16	9.09e-01	9.13e-02	1.90e-05	0.00e+00	0.00e+00	0.00e+00	0.00e+00	0.00e+00	0.00e+00	8.10e-01	5.51e-02	4.34e-02
 9.98968e+16	9.12e-01	8.75e-02	1.67e-05	0.00e+00	0.00e+00	0.00e+00	0.00e+00	0.00e+00	0.00e+00	8.15e-01	5.45e-02	4.31e-02
 9.99492e+16	9.16e-01	8.39e-02	1.47e-05	0.00e+00	0.00e+00	0.00e+00	0.00e+00	0.00e+00	0.00e+00	8.19e-01	5.39e-02	4.27e-02
 1.00001e+17	9.20e-01	8.03e-02	1.29e-05	0.00e+00	0.00e+00	0.00e+00	0.00e+00	0.00e+00	0.00e+00	8.24e-01	5.33e-02	4.23e-02
 1.00052e+17	9.23e-01	7.70e-02	1.13e-05	0.00e+00	0.00e+00	0.00e+00	0.00e+00	0.00e+00	0.00e+00	8.28e-01	5.28e-02	4.20e-02
 1.00102e+17	9.26e-01	7.39e-02	9.99e-06	0.00e+00	0.00e+00	0.00e+00	0.00e+00	0.00e+00	0.00e+00	8.32e-01	5.22e-02	4.16e-02
 1.00152e+17	9.29e-01	7.09e-02	8.80e-06	0.00e+00	0.00e+00	0.00e+00	0.00e+00	0.00e+00	0.00e+00	8.36e-01	5.17e-02	4.13e-02
 1.00201e+17	9.32e-01	6.79e-02	7.76e-06	0.00e+00	0.00e+00	0.00e+00	0.00e+00	0.00e+00	0.00e+00	8.40e-01	5.12e-02	4.09e-02
 1.00250e+17	9.35e-01	6.52e-02	6.86e-06	0.00e+00	0.00e+00	0.00e+00	0.00e+00	0.00e+00	0.00e+00	8.44e-01	5.07e-02	4.06e-02
 1.00298e+17	9.37e-01	6.25e-02	6.06e-06	0.00e+00	0.00e+00	0.00e+00	0.00e+00	0.00e+00	0.00e+00	8.47e-01	5.02e-02	4.02e-02
 1.00346e+17	9.40e-01	6.00e-02	5.35e-06	0.00e+00	0.00e+00	0.00e+00	0.00e+00	0.00e+00	0.00e+00	8.50e-01	4.97e-02	3.99e-02
 1.00393e+17	9.42e-01	5.75e-02	4.73e-06	0.00e+00	0.00e+00	0.00e+00	0.00e+00	0.00e+00	0.00e+00	8.54e-01	4.92e-02	3.96e-02
 1.00439e+17	9.45e-01	5.52e-02	4.20e-06	0.00e+00	0.00e+00	0.00e+00	0.00e+00	0.00e+00	0.00e+00	8.57e-01	4.88e-02	3.93e-02
 1.00485e+17	9.47e-01	5.31e-02	3.73e-06	0.00e+00	0.00e+00	0.00e+00	0.00e+00	0.00e+00	0.00e+00	8.60e-01	4.83e-02	3.90e-02
 1.00531e+17	9.49e-01	5.10e-02	3.30e-06	0.00e+00	0.00e+00	0.00e+00	0.00e+00	0.00e+00	0.00e+00	8.62e-01	4.79e-02	3.87e-02
 1.00576e+17	9.51e-01	4.89e-02	2.93e-06	0.00e+00	0.00e+00	0.00e+00	0.00e+00	0.00e+00	0.00e+00	8.65e-01	4.75e-02	3.83e-02
 1.00621e+17	9.53e-01	4.69e-02	2.61e-06	0.00e+00	0.00e+00	0.00e+00	0.00e+00	0.00e+00	0.00e+00	8.68e-01	4.71e-02	3.80e-02
 1.00665e+17	9.55e-01	4.51e-02	2.32e-06	0.00e+00	0.00e+00	0.00e+00	0.00e+00	0.00e+00	0.00e+00	8.71e-01	4.67e-02	3.77e-02
 1.00709e+17	9.57e-01	4.33e-02	2.06e-06	0.00e+00	0.00e+00	0.00e+00	0.00e+00	0.00e+00	0.00e+00	8.73e-01	4.63e-02	3.73e-02
 1.00753e+17	9.58e-01	4.15e-02	1.83e-06	0.00e+00	0.00e+00	0.00e+00	0.00e+00	0.00e+00	0.00e+00	8.76e-01	4.59e-02	3.70e-02
 1.00796e+17	9.60e-01	3.99e-02	1.64e-06	0.00e+00	0.00e+00	0.00e+00	0.00e+00	0.00e+00	0.00e+00	8.78e-01	4.55e-02	3.67e-02
 1.00838e+17	9.62e-01	3.84e-02	1.46e-06	0.00e+00	0.00e+00	0.00e+00	0.00e+00	0.00e+00	0.00e+00	8.80e-01	4.52e-02	3.64e-02
 1.00880e+17	9.63e-01	3.69e-02	1.31e-06	0.00e+00	0.00e+00	0.00e+00	0.00e+00	0.00e+00	0.00e+00	8.82e-01	4.48e-02	3.62e-02
 1.00922e+17	9.65e-01	3.54e-02	1.17e-06	0.00e+00	0.00e+00	0.00e+00	0.00e+00	0.00e+00	0.00e+00	8.84e-01	4.45e-02	3.59e-02
 1.00964e+17	9.66e-01	3.40e-02	1.04e-06	0.00e+00	0.00e+00	0.00e+00	0.00e+00	0.00e+00	0.00e+00	8.86e-01	4.42e-02	3.56e-02
 1.01005e+17	9.67e-01	3.26e-02	9.33e-07	0.00e+00	0.00e+00	0.00e+00	0.00e+00	0.00e+00	0.00e+00	8.88e-01	4.38e-02	3.53e-02
 1.01046e+17	9.69e-01	3.13e-02	8.35e-07	0.00e+00	0.00e+00	0.00e+00	0.00e+00	0.00e+00	0.00e+00	8.90e-01	4.35e-02	3.51e-02
 1.01086e+17	9.70e-01	3.01e-02	7.50e-07	0.00e+00	0.00e+00	0.00e+00	0.00e+00	0.00e+00	0.00e+00	8.92e-01	4.32e-02	3.48e-02
 1.01126e+17	9.71e-01	2.89e-02	6.74e-07	0.00e+00	0.00e+00	0.00e+00	0.00e+00	0.00e+00	0.00e+00	8.94e-01	4.29e-02	3.46e-02
 1.01165e+17	9.72e-01	2.77e-02	6.05e-07	0.00e+00	0.00e+00	0.00e+00	0.00e+00	0.00e+00	0.00e+00	8.95e-01	4.26e-02	3.43e-02
 1.01204e+17	9.73e-01	2.66e-02	5.44e-07	0.00e+00	0.00e+00	0.00e+00	0.00e+00	0.00e+00	0.00e+00	8.97e-01	4.24e-02	3.41e-02
 1.01243e+17	9.74e-01	2.55e-02	4.90e-07	0.00e+00	0.00e+00	0.00e+00	0.00e+00	0.00e+00	0.00e+00	8.99e-01	4.21e-02	3.38e-02
 1.01280e+17	9.75e-01	2.45e-02	4.42e-07	0.00e+00	0.00e+00	0.00e+00	0.00e+00	0.00e+00	0.00e+00	9.00e-01	4.18e-02	3.36e-02
 1.01318e+17	9.76e-01	2.35e-02	4.00e-07	0.00e+00	0.00e+00	0.00e+00	0.00e+00	0.00e+00	0.00e+00	9.01e-01	4.16e-02	3.34e-02
 1.01353e+17	9.77e-01	2.26e-02	3.63e-07	0.00e+00	0.00e+00	0.00e+00	0.00e+00	0.00e+00	0.00e+00	9.03e-01	4.13e-02	3.32e-02
 1.01384e+17	9.78e-01	2.19e-02	3.34e-07	0.00e+00	0.00e+00	0.00e+00	0.00e+00	0.00e+00	0.00e+00	9.04e-01	4.11e-02	3.30e-02
 1.01413e+17	9.79e-01	2.12e-02	3.10e-07	0.00e+00	0.00e+00	0.00e+00	0.00e+00	0.00e+00	0.00e+00	9.05e-01	4.10e-02	3.28e-02
 1.01440e+17	9.79e-01	2.06e-02	2.89e-07	0.00e+00	0.00e+00	0.00e+00	0.00e+00	0.00e+00	0.00e+00	9.06e-01	4.08e-02	3.27e-02
 1.01464e+17	9.80e-01	2.01e-02	2.71e-07	0.00e+00	0.00e+00	0.00e+00	0.00e+00	0.00e+00	0.00e+00	9.07e-01	4.06e-02	3.25e-02
 1.01487e+17	9.80e-01	1.96e-02	2.55e-07	0.00e+00	0.00e+00	0.00e+00	0.00e+00	0.00e+00	0.00e+00	9.08e-01	4.05e-02	3.24e-02
 1.01509e+17	9.81e-01	1.91e-02	2.41e-07	0.00e+00	0.00e+00	0.00e+00	0.00e+00	0.00e+00	0.00e+00	9.08e-01	4.03e-02	3.23e-02
 1.01529e+17	9.81e-01	1.86e-02	2.28e-07	0.00e+00	0.00e+00	0.00e+00	0.00e+00	0.00e+00	0.00e+00	9.09e-01	4.02e-02	3.21e-02
 1.01548e+17	9.82e-01	1.82e-02	2.17e-07	0.00e+00	0.00e+00	0.00e+00	0.00e+00	0.00e+00	0.00e+00	9.10e-01	4.01e-02	3.20e-02
 1.01565e+17	9.82e-01	1.79e-02	2.08e-07	0.00e+00	0.00e+00	0.00e+00	0.00e+00	0.00e+00	0.00e+00	9.10e-01	4.00e-02	3.19e-02
 1.01581e+17	9.82e-01	1.75e-02	1.99e-07	0.00e+00	0.00e+00	0.00e+00	0.00e+00	0.00e+00	0.00e+00	9.11e-01	3.98e-02	3.18e-02
 1.01596e+17	9.83e-01	1.72e-02	1.91e-07	0.00e+00	0.00e+00	0.00e+00	0.00e+00	0.00e+00	0.00e+00	9.11e-01	3.97e-02	3.17e-02
 1.01611e+17	9.83e-01	1.69e-02	1.83e-07	0.00e+00	0.00e+00	0.00e+00	0.00e+00	0.00e+00	0.00e+00	9.12e-01	3.96e-02	3.16e-02
 1.01625e+17	9.83e-01	1.65e-02	1.77e-07	0.00e+00	0.00e+00	0.00e+00	0.00e+00	0.00e+00	0.00e+00	9.12e-01	3.95e-02	3.15e-02
 1.01638e+17	9.84e-01	1.63e-02	1.71e-07	0.00e+00	0.00e+00	0.00e+00	0.00e+00	0.00e+00	0.00e+00	9.13e-01	3.94e-02	3.14e-02
 1.01651e+17	9.84e-01	1.60e-02	1.65e-07	0.00e+00	0.00e+00	0.00e+00	0.00e+00	0.00e+00	0.00e+00	9.13e-01	3.93e-02	3.13e-02
 1.01663e+17	9.84e-01	1.57e-02	1.60e-07	0.00e+00	0.00e+00	0.00e+00	0.00e+00	0.00e+00	0.00e+00	9.14e-01	3.92e-02	3.12e-02
 1.01674e+17	9.85e-01	1.55e-02	1.55e-07	0.00e+00	0.00e+00	0.00e+00	0.00e+00	0.00e+00	0.00e+00	9.14e-01	3.91e-02	3.11e-02
 1.01685e+17	9.85e-01	1.52e-02	1.50e-07	0.00e+00	0.00e+00	0.00e+00	0.00e+00	0.00e+00	0.00e+00	9.15e-01	3.90e-02	3.10e-02
 1.01696e+17	9.85e-01	1.50e-02	1.46e-07	0.00e+00	0.00e+00	0.00e+00	0.00e+00	0.00e+00	0.00e+00	9.15e-01	3.89e-02	3.10e-02
 1.01706e+17	9.85e-01	1.47e-02	1.42e-07	0.00e+00	0.00e+00	0.00e+00	0.00e+00	0.00e+00	0.00e+00	9.16e-01	3.88e-02	3.09e-02
 1.01716e+17	9.85e-01	1.45e-02	1.38e-07	0.00e+00	0.00e+00	0.00e+00	0.00e+00	0.00e+00	0.00e+00	9.16e-01	3.87e-02	3.08e-02
 1.01725e+17	9.86e-01	1.43e-02	1.35e-07	0.00e+00	0.00e+00	0.00e+00	0.00e+00	0.00e+00	0.00e+00	9.16e-01	3.86e-02	3.07e-02
 1.01735e+17	9.86e-01	1.40e-02	1.31e-07	0.00e+00	0.00e+00	0.00e+00	0.00e+00	0.00e+00	0.00e+00	9.17e-01	3.85e-02	3.06e-02
 1.01744e+17	9.86e-01	1.38e-02	1.28e-07	0.00e+00	0.00e+00	0.00e+00	0.00e+00	0.00e+00	0.00e+00	9.17e-01	3.84e-02	3.05e-02
 1.01753e+17	9.86e-01	1.36e-02	1.24e-07	0.00e+00	0.00e+00	0.00e+00	0.00e+00	0.00e+00	0.00e+00	9.18e-01	3.83e-02	3.04e-02
 1.01763e+17	9.87e-01	1.33e-02	1.21e-07	0.00e+00	0.00e+00	0.00e+00	0.00e+00	0.00e+00	0.00e+00	9.18e-01	3.82e-02	3.03e-02
 1.01772e+17	9.87e-01	1.31e-02	1.18e-07	0.00e+00	0.00e+00	0.00e+00	0.00e+00	0.00e+00	0.00e+00	9.19e-01	3.81e-02	3.02e-02
 1.01782e+17	9.87e-01	1.28e-02	1.14e-07	0.00e+00	0.00e+00	0.00e+00	0.00e+00	0.00e+00	0.00e+00	9.19e-01	3.80e-02	3.01e-02
 1.01793e+17	9.87e-01	1.25e-02	1.10e-07	0.00e+00	0.00e+00	0.00e+00	0.00e+00	0.00e+00	0.00e+00	9.20e-01	3.78e-02	3.00e-02
 1.01804e+17	9.88e-01	1.22e-02	1.07e-07	0.00e+00	0.00e+00	0.00e+00	0.00e+00	0.00e+00	0.00e+00	9.20e-01	3.77e-02	2.98e-02
 1.01815e+17	9.88e-01	1.19e-02	1.03e-07	0.00e+00	0.00e+00	0.00e+00	0.00e+00	0.00e+00	0.00e+00	9.21e-01	3.75e-02	2.97e-02
 1.01825e+17	9.88e-01	1.16e-02	1.00e-07	0.00e+00	0.00e+00	0.00e+00	0.00e+00	0.00e+00	0.00e+00	9.21e-01	3.74e-02	2.95e-02
 1.01834e+17	9.89e-01	1.14e-02	9.71e-08	0.00e+00	0.00e+00	0.00e+00	0.00e+00	0.00e+00	0.00e+00	9.22e-01	3.72e-02	2.94e-02
 1.01842e+17	9.89e-01	1.11e-02	9.44e-08	0.00e+00	0.00e+00	0.00e+00	0.00e+00	0.00e+00	0.00e+00	9.23e-01	3.71e-02	2.93e-02
 1.01851e+17	9.89e-01	1.09e-02	9.19e-08	0.00e+00	0.00e+00	0.00e+00	0.00e+00	0.00e+00	0.00e+00	9.23e-01	3.70e-02	2.91e-02
 1.01858e+17	9.89e-01	1.07e-02	8.96e-08	0.00e+00	0.00e+00	0.00e+00	0.00e+00	0.00e+00	0.00e+00	9.24e-01	3.68e-02	2.90e-02
 1.01865e+17	9.90e-01	1.05e-02	8.75e-08	0.00e+00	0.00e+00	0.00e+00	0.00e+00	0.00e+00	0.00e+00	9.24e-01	3.67e-02	2.89e-02
 1.01871e+17	9.90e-01	1.03e-02	8.56e-08	0.00e+00	0.00e+00	0.00e+00	0.00e+00	0.00e+00	0.00e+00	9.24e-01	3.66e-02	2.88e-02
 1.01876e+17	9.90e-01	1.01e-02	8.40e-08	0.00e+00	0.00e+00	0.00e+00	0.00e+00	0.00e+00	0.00e+00	9.25e-01	3.65e-02	2.87e-02
 1.01881e+17	9.90e-01	1.00e-02	8.25e-08	0.00e+00	0.00e+00	0.00e+00	0.00e+00	0.00e+00	0.00e+00	9.25e-01	3.64e-02	2.86e-02
 1.01886e+17	9.90e-01	9.88e-03	8.11e-08	0.00e+00	0.00e+00	0.00e+00	0.00e+00	0.00e+00	0.00e+00	9.25e-01	3.63e-02	2.85e-02
 1.01891e+17	9.90e-01	9.74e-03	7.96e-08	0.00e+00	0.00e+00	0.00e+00	0.00e+00	0.00e+00	0.00e+00	9.26e-01	3.62e-02	2.84e-02
 1.01897e+17	9.90e-01	9.59e-03	7.80e-08	0.00e+00	0.00e+00	0.00e+00	0.00e+00	0.00e+00	0.00e+00	9.26e-01	3.61e-02	2.83e-02
 1.01902e+17	9.91e-01	9.47e-03	7.66e-08	0.00e+00	0.00e+00	0.00e+00	0.00e+00	0.00e+00	0.00e+00	9.26e-01	3.60e-02	2.82e-02
 1.01907e+17	9.91e-01	9.32e-03	7.49e-08	0.00e+00	0.00e+00	0.00e+00	0.00e+00	0.00e+00	0.00e+00	9.27e-01	3.58e-02	2.81e-02
 1.01913e+17	9.91e-01	9.16e-03	7.32e-08	0.00e+00	0.00e+00	0.00e+00	0.00e+00	0.00e+00	0.00e+00	9.27e-01	3.57e-02	2.80e-02
 1.01918e+17	9.91e-01	9.03e-03	7.17e-08	0.00e+00	0.00e+00	0.00e+00	0.00e+00	0.00e+00	0.00e+00	9.27e-01	3.56e-02	2.79e-02
 1.01923e+17	9.91e-01	8.91e-03	7.04e-08	0.00e+00	0.00e+00	0.00e+00	0.00e+00	0.00e+00	0.00e+00	9.28e-01	3.55e-02	2.78e-02
 1.01928e+17	9.91e-01	8.76e-03	6.88e-08	0.00e+00	0.00e+00	0.00e+00	0.00e+00	0.00e+00	0.00e+00	9.28e-01	3.53e-02	2.77e-02
 1.01934e+17	9.91e-01	8.62e-03	6.72e-08	0.00e+00	0.00e+00	0.00e+00	0.00e+00	0.00e+00	0.00e+00	9.29e-01	3.52e-02	2.76e-02
 1.01939e+17	9.92e-01	8.49e-03	6.58e-08	0.00e+00	0.00e+00	0.00e+00	0.00e+00	0.00e+00	0.00e+00	9.29e-01	3.51e-02	2.75e-02
 1.01944e+17	9.92e-01	8.40e-03	6.46e-08	0.00e+00	0.00e+00	0.00e+00	0.00e+00	0.00e+00	0.00e+00	9.29e-01	3.50e-02	2.74e-02
 1.01949e+17	9.92e-01	8.30e-03	6.33e-08	0.00e+00	0.00e+00	0.00e+00	0.00e+00	0.00e+00	0.00e+00	9.29e-01	3.49e-02	2.73e-02
 1.01956e+17	9.92e-01	8.16e-03	6.16e-08	0.00e+00	0.00e+00	0.00e+00	0.00e+00	0.00e+00	0.00e+00	9.30e-01	3.48e-02	2.72e-02
 1.01964e+17	9.92e-01	8.02e-03	5.98e-08	0.00e+00	0.00e+00	0.00e+00	0.00e+00	0.00e+00	0.00e+00	9.30e-01	3.47e-02	2.71e-02
 1.01970e+17	9.92e-01	7.89e-03	5.83e-08	0.00e+00	0.00e+00	0.00e+00	0.00e+00	0.00e+00	0.00e+00	9.31e-01	3.45e-02	2.70e-02
 1.01976e+17	9.92e-01	7.77e-03	5.68e-08	0.00e+00	0.00e+00	0.00e+00	0.00e+00	0.00e+00	0.00e+00	9.31e-01	3.44e-02	2.69e-02
 1.01983e+17	9.92e-01	7.65e-03	5.53e-08	0.00e+00	0.00e+00	0.00e+00	0.00e+00	0.00e+00	0.00e+00	9.31e-01	3.43e-02	2.68e-02
 1.01990e+17	9.92e-01	7.51e-03	5.37e-08	0.00e+00	0.00e+00	0.00e+00	0.00e+00	0.00e+00	0.00e+00	9.32e-01	3.42e-02	2.67e-02
 1.01997e+17	9.93e-01	7.39e-03	5.22e-08	0.00e+00	0.00e+00	0.00e+00	0.00e+00	0.00e+00	0.00e+00	9.32e-01	3.41e-02	2.65e-02
 1.02003e+17	9.93e-01	7.29e-03	5.10e-08	0.00e+00	0.00e+00	0.00e+00	0.00e+00	0.00e+00	0.00e+00	9.32e-01	3.40e-02	2.64e-02
###########################
 3.28093e+12	5.15e-07	8.92e-04	2.06e-01	7.52e-01	4.03e-02	1.17e-06	0.00e+00	0.00e+00	0.00e+00	3.83e-07	8.57e-08	4.62e-08
 1.96856e+13	5.14e-07	8.91e-04	2.07e-01	7.52e-01	4.03e-02	1.17e-06	0.00e+00	0.00e+00	0.00e+00	3.82e-07	8.55e-08	4.61e-08
 8.53042e+13	5.15e-07	8.94e-04	2.08e-01	7.51e-01	4.00e-02	1.16e-06	0.00e+00	0.00e+00	0.00e+00	3.83e-07	8.56e-08	4.62e-08
 3.47779e+14	5.20e-07	9.07e-04	2.12e-01	7.48e-01	3.92e-02	1.13e-06	0.00e+00	0.00e+00	0.00e+00	3.87e-07	8.64e-08	4.66e-08
 8.30731e+14	5.06e-07	9.08e-04	2.17e-01	7.44e-01	3.78e-02	1.07e-06	0.00e+00	0.00e+00	0.00e+00	3.76e-07	8.40e-08	4.54e-08
 1.45857e+15	5.07e-07	9.31e-04	2.26e-01	7.38e-01	3.60e-02	1.00e-06	0.00e+00	0.00e+00	0.00e+00	3.77e-07	8.43e-08	4.56e-08
 2.27476e+15	5.19e-07	9.71e-04	2.37e-01	7.28e-01	3.37e-02	9.20e-07	0.00e+00	0.00e+00	0.00e+00	3.86e-07	8.62e-08	4.67e-08
 3.33581e+15	5.45e-07	1.04e-03	2.53e-01	7.15e-01	3.10e-02	8.16e-07	0.00e+00	0.00e+00	0.00e+00	4.05e-07	9.04e-08	4.90e-08
 4.71517e+15	5.92e-07	1.14e-03	2.77e-01	6.95e-01	2.75e-02	6.93e-07	0.00e+00	0.00e+00	0.00e+00	4.40e-07	9.83e-08	5.33e-08
 6.50834e+15	6.78e-07	1.30e-03	3.12e-01	6.63e-01	2.33e-02	5.50e-07	0.00e+00	0.00e+00	0.00e+00	5.04e-07	1.13e-07	6.12e-08
 8.80286e+15	8.35e-07	1.58e-03	3.67e-01	6.13e-01	1.83e-02	3.96e-07	0.00e+00	0.00e+00	0.00e+00	6.21e-07	1.38e-07	7.54e-08
 1.09702e+16	1.01e-06	1.89e-03	4.30e-01	5.54e-01	1.39e-02	2.79e-07	0.00e+00	0.00e+00	0.00e+00	7.47e-07	1.67e-07	9.10e-08
 1.25033e+16	1.19e-06	2.20e-03	4.86e-01	5.01e-01	1.10e-02	2.06e-07	0.00e+00	0.00e+00	0.00e+00	8.83e-07	1.97e-07	1.08e-07
 1.37168e+16	1.39e-06	2.52e-03	5.37e-01	4.52e-01	8.78e-03	1.55e-07	0.00e+00	0.00e+00	0.00e+00	1.03e-06	2.30e-07	1.26e-07
 1.48414e+16	1.63e-06	2.87e-03	5.90e-01	4.01e-01	6.87e-03	0.00e+00	0.00e+00	0.00e+00	0.00e+00	1.21e-06	2.70e-07	1.48e-07
 1.59505e+16	1.92e-06	3.27e-03	6.46e-01	3.46e-01	5.16e-03	0.00e+00	0.00e+00	0.00e+00	0.00e+00	1.43e-06	3.18e-07	1.74e-07
 1.70307e+16	2.27e-06	3.72e-03	7.03e-01	2.89e-01	3.70e-03	0.00e+00	0.00e+00	0.00e+00	0.00e+00	1.69e-06	3.75e-07	2.06e-07
 1.80573e+16	2.65e-06	4.19e-03	7.59e-01	2.35e-01	2.55e-03	0.00e+00	0.00e+00	0.00e+00	0.00e+00	1.97e-06	4.38e-07	2.41e-07
 1.89277e+16	3.02e-06	4.61e-03	8.04e-01	1.90e-01	1.77e-03	0.00e+00	0.00e+00	0.00e+00	0.00e+00	2.24e-06	4.99e-07	2.75e-07
 1.96340e+16	3.36e-06	4.98e-03	8.38e-01	1.55e-01	1.25e-03	0.00e+00	0.00e+00	0.00e+00	0.00e+00	2.50e-06	5.55e-07	3.06e-07
 2.04012e+16	3.78e-06	5.38e-03	8.72e-01	1.22e-01	8.27e-04	0.00e+00	0.00e+00	0.00e+00	0.00e+00	2.81e-06	6.24e-07	3.45e-07
 2.13986e+16	4.32e-06	5.88e-03	9.08e-01	8.61e-02	4.59e-04	0.00e+00	0.00e+00	0.00e+00	0.00e+00	3.21e-06	7.14e-07	3.95e-07
 2.26952e+16	5.06e-06	6.46e-03	9.41e-01	5.24e-02	1.97e-04	0.00e+00	0.00e+00	0.00e+00	0.00e+00	3.76e-06	8.36e-07	4.63e-07
 2.43808e+16	6.01e-06	7.10e-03	9.66e-01	2.64e-02	6.08e-05	0.00e+00	0.00e+00	0.00e+00	0.00e+00	4.46e-06	9.92e-07	5.50e-07
 2.65721e+16	7.22e-06	7.78e-03	9.81e-01	1.09e-02	1.28e-05	0.00e+00	0.00e+00	0.00e+00	0.00e+00	5.36e-06	1.19e-06	6.61e-07
 2.92011e+16	8.73e-06	8.50e-03	9.88e-01	3.98e-03	2.10e-06	0.00e+00	0.00e+00	0.00e+00	0.00e+00	6.49e-06	1.44e-06	8.00e-07
 3.21213e+16	1.07e-05	9.28e-03	9.89e-01	1.44e-03	3.16e-07	0.00e+00	0.00e+00	0.00e+00	0.00e+00	7.94e-06	1.76e-06	9.79e-07
 3.53334e+16	1.34e-05	1.02e-02	9.89e-01	5.45e-04	0.00e+00	0.00e+00	0.00e+00	0.00e+00	0.00e+00	9.95e-06	2.21e-06	1.23e-06
 3.88667e+16	1.73e-05	1.14e-02	9.88e-01	2.36e-04	0.00e+00	0.00e+00	0.00e+00	0.00e+00	0.00e+00	1.29e-05	2.86e-06	1.59e-06
 4.27534e+16	2.34e-05	1.30e-02	9.87e-01	1.28e-04	0.00e+00	0.00e+00	0.00e+00	0.00e+00	0.00e+00	1.74e-05	3.85e-06	2.14e-06
 4.70287e+16	3.34e-05	1.52e-02	9.85e-01	8.66e-05	0.00e+00	0.00e+00	0.00e+00	0.00e+00	0.00e+00	2.48e-05	5.50e-06	3.06e-06
 5.11770e+16	4.85e-05	1.79e-02	9.82e-01	6.74e-05	0.00e+00	0.00e+00	0.00e+00	0.00e+00	0.00e+00	3.61e-05	7.99e-06	4.44e-06
 5.37413e+16	6.24e-05	2.01e-02	9.80e-01	5.95e-05	0.00e+00	0.00e+00	0.00e+00	0.00e+00	0.00e+00	4.64e-05	1.03e-05	5.71e-06
 5.47623e+16	6.91e-05	2.11e-02	9.79e-01	5.67e-05	0.00e+00	0.00e+00	0.00e+00	0.00e+00	0.00e+00	5.14e-05	1.14e-05	6.32e-06
 5.56028e+16	7.56e-05	2.19e-02	9.78e-01	5.42e-05	0.00e+00	0.00e+00	0.00e+00	0.00e+00	0.00e+00	5.62e-05	1.24e-05	6.91e-06
 5.66956e+16	8.48e-05	2.32e-02	9.77e-01	5.13e-05	0.00e+00	0.00e+00	0.00e+00	0.00e+00	0.00e+00	6.31e-05	1.40e-05	7.75e-06
 5.81162e+16	9.88e-05	2.49e-02	9.75e-01	4.76e-05	0.00e+00	0.00e+00	0.00e+00	0.00e+00	0.00e+00	7.34e-05	1.63e-05	9.02e-06
 5.97069e+16	1.18e-04	2.71e-02	9.73e-01	4.38e-05	0.00e+00	0.00e+00	0.00e+00	0.00e+00	0.00e+00	8.78e-05	1.94e-05	1.08e-05
 6.11530e+16	1.40e-04	2.94e-02	9.70e-01	4.06e-05	0.00e+00	0.00e+00	0.00e+00	0.00e+00	0.00e+00	1.04e-04	2.30e-05	1.27e-05
 6.24061e+16	1.62e-04	3.16e-02	9.68e-01	3.78e-05	0.00e+00	0.00e+00	0.00e+00	0.00e+00	0.00e+00	1.21e-04	2.67e-05	1.48e-05
 6.37743e+16	1.92e-04	3.43e-02	9.65e-01	3.49e-05	0.00e+00	0.00e+00	0.00e+00	0.00e+00	0.00e+00	1.43e-04	3.16e-05	1.75e-05
 6.52403e+16	2.32e-04	3.76e-02	9.62e-01	3.19e-05	0.00e+00	0.00e+00	0.00e+00	0.00e+00	0.00e+00	1.72e-04	3.82e-05	2.11e-05
 6.64997e+16	2.74e-04	4.09e-02	9.59e-01	2.95e-05	0.00e+00	0.00e+00	0.00e+00	0.00e+00	0.00e+00	2.04e-04	4.51e-05	2.50e-05
 6.75943e+16	3.19e-04	4.41e-02	9.56e-01	2.73e-05	0.00e+00	0.00e+00	0.00e+00	0.00e+00	0.00e+00	2.37e-04	5.24e-05	2.90e-05
 6.88081e+16	3.78e-04	4.81e-02	9.51e-01	2.52e-05	0.00e+00	0.00e+00	0.00e+00	0.00e+00	0.00e+00	2.81e-04	6.22e-05	3.44e-05
 7.01303e+16	4.59e-04	5.31e-02	9.46e-01	2.28e-05	0.00e+00	0.00e+00	0.00e+00	0.00e+00	0.00e+00	3.42e-04	7.55e-05	4.18e-05
 7.12877e+16	5.47e-04	5.82e-02	9.41e-01	2.09e-05	0.00e+00	0.00e+00	0.00e+00	0.00e+00	0.00e+00	4.07e-04	9.00e-05	4.98e-05
 7.22939e+16	6.41e-04	6.32e-02	9.36e-01	1.92e-05	0.00e+00	0.00e+00	0.00e+00	0.00e+00	0.00e+00	4.77e-04	1.05e-04	5.83e-05
 7.34092e+16	7.70e-04	6.95e-02	9.30e-01	1.74e-05	0.00e+00	0.00e+00	0.00e+00	0.00e+00	0.00e+00	5.73e-04	1.27e-04	7.00e-05
 7.46174e+16	9.46e-04	7.73e-02	9.22e-01	1.56e-05	0.00e+00	0.00e+00	0.00e+00	0.00e+00	0.00e+00	7.04e-04	1.55e-04	8.60e-05
 7.56708e+16	1.14e-03	8.53e-02	9.14e-01	1.41e-05	0.00e+00	0.00e+00	0.00e+00	0.00e+00	0.00e+00	8.48e-04	1.87e-04	1.04e-04
 7.65920e+16	1.35e-03	9.33e-02	9.05e-01	1.28e-05	0.00e+00	0.00e+00	0.00e+00	0.00e+00	0.00e+00	1.00e-03	2.22e-04	1.22e-04
 7.76170e+16	1.64e-03	1.03e-01	8.95e-01	1.14e-05	0.00e+00	0.00e+00	0.00e+00	0.00e+00	0.00e+00	1.22e-03	2.69e-04	1.49e-04
 7.87169e+16	2.04e-03	1.16e-01	8.82e-01	1.00e-05	0.00e+00	0.00e+00	0.00e+00	0.00e+00	0.00e+00	1.52e-03	3.35e-04	1.85e-04
 7.96560e+16	2.48e-03	1.29e-01	8.69e-01	8.91e-06	0.00e+00	0.00e+00	0.00e+00	0.00e+00	0.00e+00	1.85e-03	4.07e-04	2.25e-04
 8.04586e+16	2.95e-03	1.41e-01	8.56e-01	7.96e-06	0.00e+00	0.00e+00	0.00e+00	0.00e+00	0.00e+00	2.20e-03	4.84e-04	2.67e-04
 8.13421e+16	3.60e-03	1.57e-01	8.40e-01	7.01e-06	0.00e+00	0.00e+00	0.00e+00	0.00e+00	0.00e+00	2.68e-03	5.90e-04	3.26e-04
 8.22949e+16	4.48e-03	1.76e-01	8.19e-01	6.04e-06	0.00e+00	0.00e+00	0.00e+00	0.00e+00	0.00e+00	3.34e-03	7.34e-04	4.06e-04
 8.31168e+16	5.48e-03	1.96e-01	7.99e-01	5.24e-06	0.00e+00	0.00e+00	0.00e+00	0.00e+00	0.00e+00	4.09e-03	8.97e-04	4.96e-04
 8.38154e+16	6.55e-03	2.15e-01	7.79e-01	4.59e-06	0.00e+00	0.00e+00	0.00e+00	0.00e+00	0.00e+00	4.88e-03	1.07e-03	5.93e-04
 8.45748e+16	8.00e-03	2.38e-01	7.54e-01	3.94e-06	0.00e+00	0.00e+00	0.00e+00	0.00e+00	0.00e+00	5.97e-03	1.31e-03	7.24e-04
 8.53909e+16	9.99e-03	2.67e-01	7.23e-01	3.29e-06	0.00e+00	0.00e+00	0.00e+00	0.00e+00	0.00e+00	7.45e-03	1.63e-03	9.03e-04
 8.60895e+16	1.22e-02	2.95e-01	6.92e-01	2.77e-06	0.00e+00	0.00e+00	0.00e+00	0.00e+00	0.00e+00	9.11e-03	1.99e-03	1.10e-03
 8.66824e+16	1.45e-02	3.22e-01	6.63e-01	2.36e-06	0.00e+00	0.00e+00	0.00e+00	0.00e+00	0.00e+00	1.09e-02	2.37e-03	1.31e-03
 8.73291e+16	1.77e-02	3.54e-01	6.28e-01	1.96e-06	0.00e+00	0.00e+00	0.00e+00	0.00e+00	0.00e+00	1.32e-02	2.88e-03	1.60e-03
 8.80331e+16	2.21e-02	3.93e-01	5.85e-01	1.56e-06	0.00e+00	0.00e+00	0.00e+00	0.00e+00	0.00e+00	1.65e-02	3.59e-03	1.99e-03
 8.86414e+16	2.70e-02	4.30e-01	5.43e-01	1.25e-06	0.00e+00	0.00e+00	0.00e+00	0.00e+00	0.00e+00	2.02e-02	4.38e-03	2.44e-03
 8.91543e+16	3.21e-02	4.64e-01	5.04e-01	1.01e-06	0.00e+00	0.00e+00	0.00e+00	0.00e+00	0.00e+00	2.40e-02	5.19e-03	2.89e-03
 8.97131e+16	3.89e-02	5.02e-01	4.59e-01	7.90e-07	0.00e+00	0.00e+00	0.00e+00	0.00e+00	0.00e+00	2.91e-02	6.27e-03	3.50e-03
 9.03269e+16	4.84e-02	5.46e-01	4.06e-01	5.80e-07	0.00e+00	0.00e+00	0.00e+00	0.00e+00	0.00e+00	3.63e-02	7.78e-03	4.35e-03
 9.08211e+16	5.81e-02	5.82e-01	3.60e-01	4.37e-07	0.00e+00	0.00e+00	0.00e+00	0.00e+00	0.00e+00	4.35e-02	9.29e-03	5.21e-03
 9.11694e+16	6.57e-02	6.06e-01	3.28e-01	3.51e-07	0.00e+00	0.00e+00	0.00e+00	0.00e+00	0.00e+00	4.93e-02	1.05e-02	5.89e-03
 9.15194e+16	7.49e-02	6.30e-01	2.96e-01	2.77e-07	0.00e+00	0.00e+00	0.00e+00	0.00e+00	0.00e+00	5.63e-02	1.19e-02	6.70e-03
 9.19743e+16	8.90e-02	6.58e-01	2.53e-01	1.97e-07	0.00e+00	0.00e+00	0.00e+00	0.00e+00	0.00e+00	6.69e-02	1.41e-02	7.95e-03
 9.24139e+16	1.05e-01	6.82e-01	2.13e-01	1.37e-07	0.00e+00	0.00e+00	0.00e+00	0.00e+00	0.00e+00	7.93e-02	1.65e-02	9.37e-03
 9.27245e+16	1.18e-01	6.96e-01	1.86e-01	0.00e+00	0.00e+00	0.00e+00	0.00e+00	0.00e+00	0.00e+00	8.93e-02	1.85e-02	1.05e-02
 9.29773e+16	1.30e-01	7.05e-01	1.64e-01	0.00e+00	0.00e+00	0.00e+00	0.00e+00	0.00e+00	0.00e+00	9.85e-02	2.03e-02	1.16e-02
 9.32639e+16	1.46e-01	7.13e-01	1.42e-01	0.00e+00	0.00e+00	0.00e+00	0.00e+00	0.00e+00	0.00e+00	1.10e-01	2.25e-02	1.29e-02
 9.35812e+16	1.65e-01	7.17e-01	1.18e-01	0.00e+00	0.00e+00	0.00e+00	0.00e+00	0.00e+00	0.00e+00	1.25e-01	2.53e-02	1.45e-02
 9.38669e+16	1.84e-01	7.17e-01	9.88e-02	0.00e+00	0.00e+00	0.00e+00	0.00e+00	0.00e+00	0.00e+00	1.40e-01	2.80e-02	1.62e-02
 9.41136e+16	2.02e-01	7.15e-01	8.37e-02	0.00e+00	0.00e+00	0.00e+00	0.00e+00	0.00e+00	0.00e+00	1.53e-01	3.05e-02	1.77e-02
 9.43810e+16	2.24e-01	7.08e-01	6.89e-02	0.00e+00	0.00e+00	0.00e+00	0.00e+00	0.00e+00	0.00e+00	1.70e-01	3.35e-02	1.95e-02
 9.46670e+16	2.50e-01	6.95e-01	5.49e-02	0.00e+00	0.00e+00	0.00e+00	0.00e+00	0.00e+00	0.00e+00	1.91e-01	3.70e-02	2.17e-02
 9.49099e+16	2.74e-01	6.81e-01	4.46e-02	0.00e+00	0.00e+00	0.00e+00	0.00e+00	0.00e+00	0.00e+00	2.10e-01	4.01e-02	2.37e-02
 9.51169e+16	2.96e-01	6.67e-01	3.70e-02	0.00e+00	0.00e+00	0.00e+00	0.00e+00	0.00e+00	0.00e+00	2.28e-01	4.28e-02	2.54e-02
 9.53449e+16	3.23e-01	6.48e-01	2.96e-02	0.00e+00	0.00e+00	0.00e+00	0.00e+00	0.00e+00	0.00e+00	2.49e-01	4.60e-02	2.75e-02
 9.55955e+16	3.54e-01	6.24e-01	2.29e-02	0.00e+00	0.00e+00	0.00e+00	0.00e+00	0.00e+00	0.00e+00	2.74e-01	4.95e-02	2.99e-02
 9.58219e+16	3.84e-01	5.98e-01	1.78e-02	0.00e+00	0.00e+00	0.00e+00	0.00e+00	0.00e+00	0.00e+00	2.99e-01	5.28e-02	3.22e-02
 9.60226e+16	4.12e-01	5.74e-01	1.41e-02	0.00e+00	0.00e+00	0.00e+00	0.00e+00	0.00e+00	0.00e+00	3.22e-01	5.56e-02	3.42e-02
 9.62221e+16	4.41e-01	5.48e-01	1.10e-02	0.00e+00	0.00e+00	0.00e+00	0.00e+00	0.00e+00	0.00e+00	3.46e-01	5.84e-02	3.63e-02
 9.64302e+16	4.73e-01	5.19e-01	8.44e-03	0.00e+00	0.00e+00	0.00e+00	0.00e+00	0.00e+00	0.00e+00	3.73e-01	6.11e-02	3.84e-02
 9.66226e+16	5.04e-01	4.90e-01	6.50e-03	0.00e+00	0.00e+00	0.00e+00	0.00e+00	0.00e+00	0.00e+00	4.00e-01	6.35e-02	4.04e-02
 9.67837e+16	5.29e-01	4.66e-01	5.18e-03	0.00e+00	0.00e+00	0.00e+00	0.00e+00	0.00e+00	0.00e+00	4.22e-01	6.53e-02	4.19e-02
 9.69259e+16	5.52e-01	4.44e-01	4.21e-03	0.00e+00	0.00e+00	0.00e+00	0.00e+00	0.00e+00	0.00e+00	4.42e-01	6.67e-02	4.32e-02
 9.70655e+16	5.74e-01	4.22e-01	3.41e-03	0.00e+00	0.00e+00	0.00e+00	0.00e+00	0.00e+00	0.00e+00	4.62e-01	6.79e-02	4.44e-02
 9.72019e+16	5.97e-01	4.00e-01	2.75e-03	0.00e+00	0.00e+00	0.00e+00	0.00e+00	0.00e+00	0.00e+00	4.82e-01	6.90e-02	4.55e-02
 9.73053e+16	6.13e-01	3.85e-01	2.35e-03	0.00e+00	0.00e+00	0.00e+00	0.00e+00	0.00e+00	0.00e+00	4.97e-01	6.96e-02	4.63e-02
 9.73719e+16	6.22e-01	3.75e-01	2.12e-03	0.00e+00	0.00e+00	0.00e+00	0.00e+00	0.00e+00	0.00e+00	5.06e-01	6.99e-02	4.67e-02
 9.74391e+16	6.33e-01	3.66e-01	1.90e-03	0.00e+00	0.00e+00	0.00e+00	0.00e+00	0.00e+00	0.00e+00	5.15e-01	7.02e-02	4.71e-02
 9.75227e+16	6.46e-01	3.52e-01	1.65e-03	0.00e+00	0.00e+00	0.00e+00	0.00e+00	0.00e+00	0.00e+00	5.28e-01	7.05e-02	4.76e-02
