#depth	O	O+	O+2	O+3	O+4	O+5	O+6	O+7	O+8	O[1]	O[2]	O[3]
 3.28074e+12	5.15e-07	8.91e-04	2.06e-01	7.52e-01	4.03e-02	1.17e-06	0.00e+00	0.00e+00	0.00e+00	3.83e-07	8.57e-08	4.62e-08
 1.96844e+13	5.14e-07	8.91e-04	2.07e-01	7.52e-01	4.03e-02	1.17e-06	0.00e+00	0.00e+00	0.00e+00	3.82e-07	8.55e-08	4.61e-08
 8.52991e+13	5.15e-07	8.94e-04	2.08e-01	7.51e-01	4.00e-02	1.16e-06	0.00e+00	0.00e+00	0.00e+00	3.83e-07	8.56e-08	4.62e-08
 3.47758e+14	5.20e-07	9.07e-04	2.12e-01	7.48e-01	3.92e-02	1.13e-06	0.00e+00	0.00e+00	0.00e+00	3.87e-07	8.64e-08	4.66e-08
 8.30682e+14	5.06e-07	9.08e-04	2.17e-01	7.44e-01	3.78e-02	1.07e-06	0.00e+00	0.00e+00	0.00e+00	3.76e-07	8.40e-08	4.54e-08
 1.45848e+15	5.07e-07	9.31e-04	2.26e-01	7.38e-01	3.60e-02	1.00e-06	0.00e+00	0.00e+00	0.00e+00	3.77e-07	8.43e-08	4.56e-08
 2.27463e+15	5.19e-07	9.71e-04	2.37e-01	7.28e-01	3.37e-02	9.20e-07	0.00e+00	0.00e+00	0.00e+00	3.86e-07	8.62e-08	4.67e-08
 3.33561e+15	5.45e-07	1.04e-03	2.53e-01	7.15e-01	3.10e-02	8.16e-07	0.00e+00	0.00e+00	0.00e+00	4.05e-07	9.04e-08	4.90e-08
 4.71489e+15	5.92e-07	1.14e-03	2.77e-01	6.95e-01	2.75e-02	6.93e-07	0.00e+00	0.00e+00	0.00e+00	4.40e-07	9.83e-08	5.33e-08
 6.50795e+15	6.78e-07	1.30e-03	3.12e-01	6.63e-01	2.33e-02	5.50e-07	0.00e+00	0.00e+00	0.00e+00	5.04e-07	1.13e-07	6.12e-08
 8.80245e+15	8.35e-07	1.58e-03	3.67e-01	6.13e-01	1.83e-02	3.96e-07	0.00e+00	0.00e+00	0.00e+00	6.21e-07	1.38e-07	7.54e-08
 1.09697e+16	1.00e-06	1.89e-03	4.30e-01	5.54e-01	1.39e-02	2.79e-07	0.00e+00	0.00e+00	0.00e+00	7.47e-07	1.67e-07	9.10e-08
 1.25026e+16	1.19e-06	2.20e-03	4.85e-01	5.01e-01	1.10e-02	2.06e-07	0.00e+00	0.00e+00	0.00e+00	8.83e-07	1.97e-07	1.08e-07
 1.37161e+16	1.39e-06	2.52e-03	5.37e-01	4.52e-01	8.79e-03	1.55e-07	0.00e+00	0.00e+00	0.00e+00	1.03e-06	2.30e-07	1.26e-07
 1.48408e+16	1.63e-06	2.87e-03	5.89e-01	4.01e-01	6.87e-03	0.00e+00	0.00e+00	0.00e+00	0.00e+00	1.21e-06	2.70e-07	1.48e-07
 1.59500e+16	1.92e-06	3.27e-03	6.46e-01	3.46e-01	5.17e-03	0.00e+00	0.00e+00	0.00e+00	0.00e+00	1.43e-06	3.18e-07	1.74e-07
 1.70302e+16	2.27e-06	3.72e-03	7.03e-01	2.89e-01	3.70e-03	0.00e+00	0.00e+00	0.00e+00	0.00e+00	1.69e-06	3.75e-07	2.06e-07
 1.80568e+16	2.65e-06	4.19e-03	7.59e-01	2.35e-01	2.55e-03	0.00e+00	0.00e+00	0.00e+00	0.00e+00	1.97e-06	4.38e-07	2.41e-07
 1.89272e+16	3.02e-06	4.61e-03	8.04e-01	1.90e-01	1.77e-03	0.00e+00	0.00e+00	0.00e+00	0.00e+00	2.24e-06	4.99e-07	2.75e-07
 1.96334e+16	3.36e-06	4.98e-03	8.38e-01	1.55e-01	1.25e-03	0.00e+00	0.00e+00	0.00e+00	0.00e+00	2.50e-06	5.55e-07	3.06e-07
 2.04007e+16	3.78e-06	5.38e-03	8.72e-01	1.22e-01	8.27e-04	0.00e+00	0.00e+00	0.00e+00	0.00e+00	2.81e-06	6.24e-07	3.45e-07
 2.13980e+16	4.32e-06	5.88e-03	9.08e-01	8.61e-02	4.59e-04	0.00e+00	0.00e+00	0.00e+00	0.00e+00	3.21e-06	7.14e-07	3.95e-07
 2.26946e+16	5.06e-06	6.46e-03	9.41e-01	5.24e-02	1.97e-04	0.00e+00	0.00e+00	0.00e+00	0.00e+00	3.76e-06	8.36e-07	4.63e-07
 2.43802e+16	6.01e-06	7.10e-03	9.66e-01	2.64e-02	6.08e-05	0.00e+00	0.00e+00	0.00e+00	0.00e+00	4.46e-06	9.92e-07	5.50e-07
 2.65714e+16	7.22e-06	7.78e-03	9.81e-01	1.09e-02	1.28e-05	0.00e+00	0.00e+00	0.00e+00	0.00e+00	5.36e-06	1.19e-06	6.61e-07
 2.92004e+16	8.73e-06	8.50e-03	9.88e-01	3.98e-03	2.10e-06	0.00e+00	0.00e+00	0.00e+00	0.00e+00	6.49e-06	1.44e-06	8.00e-07
 3.21205e+16	1.07e-05	9.28e-03	9.89e-01	1.44e-03	3.16e-07	0.00e+00	0.00e+00	0.00e+00	0.00e+00	7.94e-06	1.76e-06	9.79e-07
 3.53325e+16	1.34e-05	1.02e-02	9.89e-01	5.45e-04	0.00e+00	0.00e+00	0.00e+00	0.00e+00	0.00e+00	9.95e-06	2.21e-06	1.23e-06
 3.88658e+16	1.73e-05	1.14e-02	9.88e-01	2.36e-04	0.00e+00	0.00e+00	0.00e+00	0.00e+00	0.00e+00	1.29e-05	2.86e-06	1.59e-06
 4.27524e+16	2.34e-05	1.30e-02	9.87e-01	1.28e-04	0.00e+00	0.00e+00	0.00e+00	0.00e+00	0.00e+00	1.74e-05	3.85e-06	2.14e-06
 4.70276e+16	3.34e-05	1.52e-02	9.85e-01	8.66e-05	0.00e+00	0.00e+00	0.00e+00	0.00e+00	0.00e+00	2.48e-05	5.50e-06	3.05e-06
 5.11759e+16	4.85e-05	1.79e-02	9.82e-01	6.74e-05	0.00e+00	0.00e+00	0.00e+00	0.00e+00	0.00e+00	3.61e-05	7.99e-06	4.44e-06
 5.37403e+16	6.24e-05	2.01e-02	9.80e-01	5.95e-05	0.00e+00	0.00e+00	0.00e+00	0.00e+00	0.00e+00	4.64e-05	1.03e-05	5.71e-06
 5.47613e+16	6.91e-05	2.11e-02	9.79e-01	5.67e-05	0.00e+00	0.00e+00	0.00e+00	0.00e+00	0.00e+00	5.14e-05	1.14e-05	6.32e-06
 5.56019e+16	7.55e-05	2.19e-02	9.78e-01	5.42e-05	0.00e+00	0.00e+00	0.00e+00	0.00e+00	0.00e+00	5.62e-05	1.24e-05	6.91e-06
 5.66947e+16	8.48e-05	2.32e-02	9.77e-01	5.13e-05	0.00e+00	0.00e+00	0.00e+00	0.00e+00	0.00e+00	6.30e-05	1.40e-05	7.75e-06
 5.81153e+16	9.88e-05	2.49e-02	9.75e-01	4.76e-05	0.00e+00	0.00e+00	0.00e+00	0.00e+00	0.00e+00	7.34e-05	1.63e-05	9.02e-06
 5.97061e+16	1.18e-04	2.71e-02	9.73e-01	4.38e-05	0.00e+00	0.00e+00	0.00e+00	0.00e+00	0.00e+00	8.78e-05	1.94e-05	1.08e-05
 6.11522e+16	1.40e-04	2.93e-02	9.70e-01	4.06e-05	0.00e+00	0.00e+00	0.00e+00	0.00e+00	0.00e+00	1.04e-04	2.30e-05	1.27e-05
 6.24053e+16	1.62e-04	3.16e-02	9.68e-01	3.78e-05	0.00e+00	0.00e+00	0.00e+00	0.00e+00	0.00e+00	1.21e-04	2.67e-05	1.48e-05
 6.37736e+16	1.92e-04	3.43e-02	9.65e-01	3.49e-05	0.00e+00	0.00e+00	0.00e+00	0.00e+00	0.00e+00	1.43e-04	3.16e-05	1.75e-05
 6.52395e+16	2.32e-04	3.76e-02	9.62e-01	3.19e-05	0.00e+00	0.00e+00	0.00e+00	0.00e+00	0.00e+00	1.72e-04	3.81e-05	2.11e-05
 6.64989e+16	2.74e-04	4.09e-02	9.59e-01	2.95e-05	0.00e+00	0.00e+00	0.00e+00	0.00e+00	0.00e+00	2.04e-04	4.51e-05	2.50e-05
 6.75932e+16	3.19e-04	4.41e-02	9.56e-01	2.73e-05	0.00e+00	0.00e+00	0.00e+00	0.00e+00	0.00e+00	2.37e-04	5.24e-05	2.90e-05
 6.88064e+16	3.78e-04	4.81e-02	9.51e-01	2.52e-05	0.00e+00	0.00e+00	0.00e+00	0.00e+00	0.00e+00	2.81e-04	6.22e-05	3.44e-05
 7.01284e+16	4.59e-04	5.31e-02	9.46e-01	2.28e-05	0.00e+00	0.00e+00	0.00e+00	0.00e+00	0.00e+00	3.41e-04	7.54e-05	4.17e-05
 7.12873e+16	5.48e-04	5.82e-02	9.41e-01	2.08e-05	0.00e+00	0.00e+00	0.00e+00	0.00e+00	0.00e+00	4.08e-04	9.01e-05	4.98e-05
 7.22920e+16	6.41e-04	6.31e-02	9.36e-01	1.92e-05	0.00e+00	0.00e+00	0.00e+00	0.00e+00	0.00e+00	4.77e-04	1.05e-04	5.83e-05
 7.34005e+16	7.70e-04	6.94e-02	9.30e-01	1.74e-05	0.00e+00	0.00e+00	0.00e+00	0.00e+00	0.00e+00	5.73e-04	1.27e-04	7.00e-05
 7.46011e+16	9.42e-04	7.72e-02	9.22e-01	1.56e-05	0.00e+00	0.00e+00	0.00e+00	0.00e+00	0.00e+00	7.01e-04	1.55e-04	8.56e-05
 7.56550e+16	1.14e-03	8.52e-02	9.14e-01	1.41e-05	0.00e+00	0.00e+00	0.00e+00	0.00e+00	0.00e+00	8.45e-04	1.87e-04	1.03e-04
 7.65821e+16	1.35e-03	9.32e-02	9.05e-01	1.28e-05	0.00e+00	0.00e+00	0.00e+00	0.00e+00	0.00e+00	1.00e-03	2.21e-04	1.22e-04
 7.76107e+16	1.64e-03	1.03e-01	8.95e-01	1.14e-05	0.00e+00	0.00e+00	0.00e+00	0.00e+00	0.00e+00	1.22e-03	2.69e-04	1.49e-04
 7.87104e+16	2.03e-03	1.16e-01	8.82e-01	1.00e-05	0.00e+00	0.00e+00	0.00e+00	0.00e+00	0.00e+00	1.51e-03	3.34e-04	1.84e-04
 7.96511e+16	2.47e-03	1.29e-01	8.69e-01	8.91e-06	0.00e+00	0.00e+00	0.00e+00	0.00e+00	0.00e+00	1.84e-03	4.06e-04	2.24e-04
 8.04577e+16	2.95e-03	1.41e-01	8.56e-01	7.97e-06	0.00e+00	0.00e+00	0.00e+00	0.00e+00	0.00e+00	2.19e-03	4.83e-04	2.67e-04
 8.13410e+16	3.59e-03	1.57e-01	8.40e-01	7.02e-06	0.00e+00	0.00e+00	0.00e+00	0.00e+00	0.00e+00	2.68e-03	5.89e-04	3.26e-04
 8.22936e+16	4.48e-03	1.76e-01	8.19e-01	6.04e-06	0.00e+00	0.00e+00	0.00e+00	0.00e+00	0.00e+00	3.34e-03	7.34e-04	4.05e-04
 8.31156e+16	5.48e-03	1.96e-01	7.99e-01	5.24e-06	0.00e+00	0.00e+00	0.00e+00	0.00e+00	0.00e+00	4.08e-03	8.97e-04	4.96e-04
 8.38145e+16	6.55e-03	2.15e-01	7.79e-01	4.59e-06	0.00e+00	0.00e+00	0.00e+00	0.00e+00	0.00e+00	4.88e-03	1.07e-03	5.92e-04
 8.45737e+16	8.00e-03	2.38e-01	7.54e-01	3.94e-06	0.00e+00	0.00e+00	0.00e+00	0.00e+00	0.00e+00	5.97e-03	1.31e-03	7.23e-04
 8.53898e+16	9.98e-03	2.67e-01	7.23e-01	3.29e-06	0.00e+00	0.00e+00	0.00e+00	0.00e+00	0.00e+00	7.45e-03	1.63e-03	9.02e-04
 8.60886e+16	1.22e-02	2.95e-01	6.93e-01	2.77e-06	0.00e+00	0.00e+00	0.00e+00	0.00e+00	0.00e+00	9.10e-03	1.99e-03	1.10e-03
 8.66817e+16	1.45e-02	3.22e-01	6.63e-01	2.36e-06	0.00e+00	0.00e+00	0.00e+00	0.00e+00	0.00e+00	1.09e-02	2.37e-03	1.31e-03
 8.73285e+16	1.77e-02	3.54e-01	6.28e-01	1.96e-06	0.00e+00	0.00e+00	0.00e+00	0.00e+00	0.00e+00	1.32e-02	2.88e-03	1.60e-03
 8.80326e+16	2.21e-02	3.93e-01	5.85e-01	1.56e-06	0.00e+00	0.00e+00	0.00e+00	0.00e+00	0.00e+00	1.65e-02	3.59e-03	1.99e-03
 8.86410e+16	2.70e-02	4.30e-01	5.43e-01	1.25e-06	0.00e+00	0.00e+00	0.00e+00	0.00e+00	0.00e+00	2.02e-02	4.38e-03	2.43e-03
 8.91539e+16	3.21e-02	4.64e-01	5.04e-01	1.01e-06	0.00e+00	0.00e+00	0.00e+00	0.00e+00	0.00e+00	2.40e-02	5.19e-03	2.89e-03
 8.97127e+16	3.89e-02	5.02e-01	4.59e-01	7.90e-07	0.00e+00	0.00e+00	0.00e+00	0.00e+00	0.00e+00	2.91e-02	6.27e-03	3.50e-03
 9.03266e+16	4.84e-02	5.46e-01	4.06e-01	5.81e-07	0.00e+00	0.00e+00	0.00e+00	0.00e+00	0.00e+00	3.63e-02	7.77e-03	4.35e-03
 9.08208e+16	5.80e-02	5.81e-01	3.61e-01	4.37e-07	0.00e+00	0.00e+00	0.00e+00	0.00e+00	0.00e+00	4.35e-02	9.28e-03	5.20e-03
 9.11692e+16	6.57e-02	6.06e-01	3.29e-01	3.51e-07	0.00e+00	0.00e+00	0.00e+00	0.00e+00	0.00e+00	4.93e-02	1.05e-02	5.89e-03
 9.15193e+16	7.49e-02	6.29e-01	2.96e-01	2.77e-07	0.00e+00	0.00e+00	0.00e+00	0.00e+00	0.00e+00	5.63e-02	1.19e-02	6.70e-03
 9.19743e+16	8.89e-02	6.58e-01	2.53e-01	1.98e-07	0.00e+00	0.00e+00	0.00e+00	0.00e+00	0.00e+00	6.69e-02	1.41e-02	7.94e-03
 9.24140e+16	1.05e-01	6.82e-01	2.13e-01	1.37e-07	0.00e+00	0.00e+00	0.00e+00	0.00e+00	0.00e+00	7.92e-02	1.65e-02	9.37e-03
 9.27247e+16	1.18e-01	6.96e-01	1.86e-01	0.00e+00	0.00e+00	0.00e+00	0.00e+00	0.00e+00	0.00e+00	8.92e-02	1.85e-02	1.05e-02
 9.29775e+16	1.30e-01	7.05e-01	1.64e-01	0.00e+00	0.00e+00	0.00e+00	0.00e+00	0.00e+00	0.00e+00	9.84e-02	2.03e-02	1.16e-02
 9.32641e+16	1.46e-01	7.13e-01	1.42e-01	0.00e+00	0.00e+00	0.00e+00	0.00e+00	0.00e+00	0.00e+00	1.10e-01	2.25e-02	1.29e-02
 9.35814e+16	1.64e-01	7.17e-01	1.18e-01	0.00e+00	0.00e+00	0.00e+00	0.00e+00	0.00e+00	0.00e+00	1.25e-01	2.53e-02	1.45e-02
 9.38672e+16	1.84e-01	7.17e-01	9.88e-02	0.00e+00	0.00e+00	0.00e+00	0.00e+00	0.00e+00	0.00e+00	1.40e-01	2.80e-02	1.62e-02
 9.41139e+16	2.02e-01	7.15e-01	8.38e-02	0.00e+00	0.00e+00	0.00e+00	0.00e+00	0.00e+00	0.00e+00	1.53e-01	3.05e-02	1.77e-02
 9.43813e+16	2.23e-01	7.08e-01	6.89e-02	0.00e+00	0.00e+00	0.00e+00	0.00e+00	0.00e+00	0.00e+00	1.70e-01	3.35e-02	1.95e-02
 9.46674e+16	2.50e-01	6.95e-01	5.49e-02	0.00e+00	0.00e+00	0.00e+00	0.00e+00	0.00e+00	0.00e+00	1.91e-01	3.69e-02	2.17e-02
 9.49103e+16	2.74e-01	6.81e-01	4.46e-02	0.00e+00	0.00e+00	0.00e+00	0.00e+00	0.00e+00	0.00e+00	2.10e-01	4.01e-02	2.37e-02
 9.51173e+16	2.96e-01	6.67e-01	3.70e-02	0.00e+00	0.00e+00	0.00e+00	0.00e+00	0.00e+00	0.00e+00	2.28e-01	4.28e-02	2.54e-02
 9.53453e+16	3.22e-01	6.48e-01	2.97e-02	0.00e+00	0.00e+00	0.00e+00	0.00e+00	0.00e+00	0.00e+00	2.49e-01	4.60e-02	2.75e-02
 9.55959e+16	3.53e-01	6.24e-01	2.29e-02	0.00e+00	0.00e+00	0.00e+00	0.00e+00	0.00e+00	0.00e+00	2.74e-01	4.95e-02	2.99e-02
 9.58223e+16	3.84e-01	5.98e-01	1.78e-02	0.00e+00	0.00e+00	0.00e+00	0.00e+00	0.00e+00	0.00e+00	2.99e-01	5.28e-02	3.22e-02
 9.60230e+16	4.12e-01	5.74e-01	1.41e-02	0.00e+00	0.00e+00	0.00e+00	0.00e+00	0.00e+00	0.00e+00	3.22e-01	5.56e-02	3.42e-02
 9.62226e+16	4.41e-01	5.48e-01	1.11e-02	0.00e+00	0.00e+00	0.00e+00	0.00e+00	0.00e+00	0.00e+00	3.46e-01	5.84e-02	3.63e-02
 9.64307e+16	4.73e-01	5.19e-01	8.44e-03	0.00e+00	0.00e+00	0.00e+00	0.00e+00	0.00e+00	0.00e+00	3.73e-01	6.11e-02	3.84e-02
 9.66232e+16	5.03e-01	4.90e-01	6.50e-03	0.00e+00	0.00e+00	0.00e+00	0.00e+00	0.00e+00	0.00e+00	4.00e-01	6.35e-02	4.04e-02
 9.67844e+16	5.29e-01	4.66e-01	5.18e-03	0.00e+00	0.00e+00	0.00e+00	0.00e+00	0.00e+00	0.00e+00	4.22e-01	6.53e-02	4.19e-02
 9.69266e+16	5.52e-01	4.44e-01	4.21e-03	0.00e+00	0.00e+00	0.00e+00	0.00e+00	0.00e+00	0.00e+00	4.42e-01	6.67e-02	4.32e-02
 9.70662e+16	5.74e-01	4.22e-01	3.41e-03	0.00e+00	0.00e+00	0.00e+00	0.00e+00	0.00e+00	0.00e+00	4.62e-01	6.79e-02	4.44e-02
 9.72026e+16	5.97e-01	4.00e-01	2.75e-03	0.00e+00	0.00e+00	0.00e+00	0.00e+00	0.00e+00	0.00e+00	4.82e-01	6.90e-02	4.55e-02
 9.73060e+16	6.13e-01	3.85e-01	2.35e-03	0.00e+00	0.00e+00	0.00e+00	0.00e+00	0.00e+00	0.00e+00	4.97e-01	6.96e-02	4.63e-02
 9.73727e+16	6.22e-01	3.75e-01	2.12e-03	0.00e+00	0.00e+00	0.00e+00	0.00e+00	0.00e+00	0.00e+00	5.06e-01	6.99e-02	4.67e-02
 9.74399e+16	6.32e-01	3.66e-01	1.90e-03	0.00e+00	0.00e+00	0.00e+00	0.00e+00	0.00e+00	0.00e+00	5.15e-01	7.02e-02	4.71e-02
 9.75235e+16	6.46e-01	3.52e-01	1.65e-03	0.00e+00	0.00e+00	0.00e+00	0.00e+00	0.00e+00	0.00e+00	5.28e-01	7.05e-02	4.76e-02
 9.76094e+16	6.60e-01	3.39e-01	1.43e-03	0.00e+00	0.00e+00	0.00e+00	0.00e+00	0.00e+00	0.00e+00	5.41e-01	7.07e-02	4.80e-02
 9.76849e+16	6.72e-01	3.27e-01	1.25e-03	0.00e+00	0.00e+00	0.00e+00	0.00e+00	0.00e+00	0.00e+00	5.53e-01	7.08e-02	4.84e-02
 9.77538e+16	6.82e-01	3.17e-01	1.11e-03	0.00e+00	0.00e+00	0.00e+00	0.00e+00	0.00e+00	0.00e+00	5.62e-01	7.08e-02	4.87e-02
 9.78248e+16	6.93e-01	3.06e-01	9.79e-04	0.00e+00	0.00e+00	0.00e+00	0.00e+00	0.00e+00	0.00e+00	5.73e-01	7.08e-02	4.89e-02
 9.78997e+16	7.04e-01	2.95e-01	8.55e-04	0.00e+00	0.00e+00	0.00e+00	0.00e+00	0.00e+00	0.00e+00	5.84e-01	7.07e-02	4.92e-02
 9.79738e+16	7.16e-01	2.84e-01	7.45e-04	0.00e+00	0.00e+00	0.00e+00	0.00e+00	0.00e+00	0.00e+00	5.96e-01	7.05e-02	4.94e-02
 9.80442e+16	7.26e-01	2.73e-01	6.54e-04	0.00e+00	0.00e+00	0.00e+00	0.00e+00	0.00e+00	0.00e+00	6.06e-01	7.03e-02	4.95e-02
 9.81123e+16	7.36e-01	2.63e-01	5.75e-04	0.00e+00	0.00e+00	0.00e+00	0.00e+00	0.00e+00	0.00e+00	6.16e-01	7.01e-02	4.96e-02
 9.81807e+16	7.46e-01	2.54e-01	5.04e-04	0.00e+00	0.00e+00	0.00e+00	0.00e+00	0.00e+00	0.00e+00	6.26e-01	6.98e-02	4.97e-02
 9.82505e+16	7.56e-01	2.44e-01	4.40e-04	0.00e+00	0.00e+00	0.00e+00	0.00e+00	0.00e+00	0.00e+00	6.37e-01	6.94e-02	4.97e-02
 9.83201e+16	7.66e-01	2.34e-01	3.83e-04	0.00e+00	0.00e+00	0.00e+00	0.00e+00	0.00e+00	0.00e+00	6.47e-01	6.90e-02	4.97e-02
 9.83869e+16	7.75e-01	2.25e-01	3.36e-04	0.00e+00	0.00e+00	0.00e+00	0.00e+00	0.00e+00	0.00e+00	6.56e-01	6.86e-02	4.96e-02
 9.84528e+16	7.84e-01	2.16e-01	2.94e-04	0.00e+00	0.00e+00	0.00e+00	0.00e+00	0.00e+00	0.00e+00	6.66e-01	6.81e-02	4.96e-02
 9.85193e+16	7.92e-01	2.08e-01	2.56e-04	0.00e+00	0.00e+00	0.00e+00	0.00e+00	0.00e+00	0.00e+00	6.75e-01	6.76e-02	4.94e-02
 9.85862e+16	8.01e-01	1.99e-01	2.23e-04	0.00e+00	0.00e+00	0.00e+00	0.00e+00	0.00e+00	0.00e+00	6.85e-01	6.70e-02	4.93e-02
 9.86517e+16	8.09e-01	1.91e-01	1.94e-04	0.00e+00	0.00e+00	0.00e+00	0.00e+00	0.00e+00	0.00e+00	6.93e-01	6.65e-02	4.91e-02
 9.87162e+16	8.17e-01	1.83e-01	1.69e-04	0.00e+00	0.00e+00	0.00e+00	0.00e+00	0.00e+00	0.00e+00	7.02e-01	6.59e-02	4.89e-02
 9.87812e+16	8.25e-01	1.75e-01	1.47e-04	0.00e+00	0.00e+00	0.00e+00	0.00e+00	0.00e+00	0.00e+00	7.11e-01	6.52e-02	4.87e-02
 9.88451e+16	8.32e-01	1.68e-01	1.28e-04	0.00e+00	0.00e+00	0.00e+00	0.00e+00	0.00e+00	0.00e+00	7.19e-01	6.46e-02	4.84e-02
 9.89078e+16	8.39e-01	1.61e-01	1.12e-04	0.00e+00	0.00e+00	0.00e+00	0.00e+00	0.00e+00	0.00e+00	7.27e-01	6.39e-02	4.81e-02
 9.89712e+16	8.46e-01	1.54e-01	9.70e-05	0.00e+00	0.00e+00	0.00e+00	0.00e+00	0.00e+00	0.00e+00	7.35e-01	6.32e-02	4.78e-02
 9.90342e+16	8.53e-01	1.47e-01	8.43e-05	0.00e+00	0.00e+00	0.00e+00	0.00e+00	0.00e+00	0.00e+00	7.42e-01	6.26e-02	4.75e-02
 9.90954e+16	8.59e-01	1.41e-01	7.34e-05	0.00e+00	0.00e+00	0.00e+00	0.00e+00	0.00e+00	0.00e+00	7.50e-01	6.18e-02	4.72e-02
 9.91560e+16	8.65e-01	1.35e-01	6.39e-05	0.00e+00	0.00e+00	0.00e+00	0.00e+00	0.00e+00	0.00e+00	7.57e-01	6.11e-02	4.68e-02
 9.92170e+16	8.71e-01	1.29e-01	5.55e-05	0.00e+00	0.00e+00	0.00e+00	0.00e+00	0.00e+00	0.00e+00	7.64e-01	6.04e-02	4.65e-02
 9.92777e+16	8.77e-01	1.23e-01	4.82e-05	0.00e+00	0.00e+00	0.00e+00	0.00e+00	0.00e+00	0.00e+00	7.71e-01	5.97e-02	4.61e-02
 9.93369e+16	8.82e-01	1.18e-01	4.20e-05	0.00e+00	0.00e+00	0.00e+00	0.00e+00	0.00e+00	0.00e+00	7.77e-01	5.90e-02	4.57e-02
 9.93942e+16	8.87e-01	1.13e-01	3.67e-05	0.00e+00	0.00e+00	0.00e+00	0.00e+00	0.00e+00	0.00e+00	7.83e-01	5.83e-02	4.53e-02
 9.94508e+16	8.92e-01	1.08e-01	3.20e-05	0.00e+00	0.00e+00	0.00e+00	0.00e+00	0.00e+00	0.00e+00	7.89e-01	5.77e-02	4.50e-02
 9.95077e+16	8.96e-01	1.04e-01	2.80e-05	0.00e+00	0.00e+00	0.00e+00	0.00e+00	0.00e+00	0.00e+00	7.95e-01	5.70e-02	4.46e-02
 9.95641e+16	9.01e-01	9.92e-02	2.44e-05	0.00e+00	0.00e+00	0.00e+00	0.00e+00	0.00e+00	0.00e+00	8.00e-01	5.63e-02	4.42e-02
 9.96186e+16	9.05e-01	9.50e-02	2.14e-05	0.00e+00	0.00e+00	0.00e+00	0.00e+00	0.00e+00	0.00e+00	8.05e-01	5.57e-02	4.38e-02
 9.96717e+16	9.09e-01	9.11e-02	1.88e-05	0.00e+00	0.00e+00	0.00e+00	0.00e+00	0.00e+00	0.00e+00	8.10e-01	5.51e-02	4.34e-02
 9.97249e+16	9.13e-01	8.73e-02	1.65e-05	0.00e+00	0.00e+00	0.00e+00	0.00e+00	0.00e+00	0.00e+00	8.15e-01	5.45e-02	4.31e-02
 9.97782e+16	9.16e-01	8.36e-02	1.44e-05	0.00e+00	0.00e+00	0.00e+00	0.00e+00	0.00e+00	0.00e+00	8.20e-01	5.39e-02	4.27e-02
 9.98302e+16	9.20e-01	8.01e-02	1.27e-05	0.00e+00	0.00e+00	0.00e+00	0.00e+00	0.00e+00	0.00e+00	8.24e-01	5.33e-02	4.23e-02
 9.98804e+16	9.23e-01	7.68e-02	1.12e-05	0.00e+00	0.00e+00	0.00e+00	0.00e+00	0.00e+00	0.00e+00	8.29e-01	5.27e-02	4.19e-02
 9.99305e+16	9.26e-01	7.37e-02	9.84e-06	0.00e+00	0.00e+00	0.00e+00	0.00e+00	0.00e+00	0.00e+00	8.32e-01	5.22e-02	4.16e-02
 9.99812e+16	9.29e-01	7.06e-02	8.65e-06	0.00e+00	0.00e+00	0.00e+00	0.00e+00	0.00e+00	0.00e+00	8.37e-01	5.16e-02	4.12e-02
 1.00031e+17	9.32e-01	6.77e-02	7.62e-06	0.00e+00	0.00e+00	0.00e+00	0.00e+00	0.00e+00	0.00e+00	8.40e-01	5.11e-02	4.09e-02
 1.00079e+17	9.35e-01	6.50e-02	6.74e-06	0.00e+00	0.00e+00	0.00e+00	0.00e+00	0.00e+00	0.00e+00	8.44e-01	5.06e-02	4.05e-02
 1.00127e+17	9.38e-01	6.24e-02	5.96e-06	0.00e+00	0.00e+00	0.00e+00	0.00e+00	0.00e+00	0.00e+00	8.47e-01	5.01e-02	4.02e-02
 1.00175e+17	9.40e-01	5.99e-02	5.27e-06	0.00e+00	0.00e+00	0.00e+00	0.00e+00	0.00e+00	0.00e+00	8.51e-01	4.96e-02	3.99e-02
 1.00222e+17	9.43e-01	5.74e-02	4.65e-06	0.00e+00	0.00e+00	0.00e+00	0.00e+00	0.00e+00	0.00e+00	8.54e-01	4.91e-02	3.96e-02
 1.00269e+17	9.45e-01	5.51e-02	4.13e-06	0.00e+00	0.00e+00	0.00e+00	0.00e+00	0.00e+00	0.00e+00	8.57e-01	4.87e-02	3.93e-02
 1.00314e+17	9.47e-01	5.29e-02	3.67e-06	0.00e+00	0.00e+00	0.00e+00	0.00e+00	0.00e+00	0.00e+00	8.60e-01	4.82e-02	3.89e-02
 1.00359e+17	9.49e-01	5.09e-02	3.26e-06	0.00e+00	0.00e+00	0.00e+00	0.00e+00	0.00e+00	0.00e+00	8.63e-01	4.78e-02	3.86e-02
 1.00405e+17	9.51e-01	4.87e-02	2.88e-06	0.00e+00	0.00e+00	0.00e+00	0.00e+00	0.00e+00	0.00e+00	8.66e-01	4.73e-02	3.83e-02
 1.00451e+17	9.53e-01	4.68e-02	2.56e-06	0.00e+00	0.00e+00	0.00e+00	0.00e+00	0.00e+00	0.00e+00	8.68e-01	4.69e-02	3.80e-02
 1.00494e+17	9.55e-01	4.50e-02	2.28e-06	0.00e+00	0.00e+00	0.00e+00	0.00e+00	0.00e+00	0.00e+00	8.71e-01	4.65e-02	3.76e-02
 1.00538e+17	9.57e-01	4.32e-02	2.03e-06	0.00e+00	0.00e+00	0.00e+00	0.00e+00	0.00e+00	0.00e+00	8.73e-01	4.61e-02	3.73e-02
 1.00581e+17	9.58e-01	4.15e-02	1.81e-06	0.00e+00	0.00e+00	0.00e+00	0.00e+00	0.00e+00	0.00e+00	8.76e-01	4.58e-02	3.70e-02
 1.00624e+17	9.60e-01	3.99e-02	1.61e-06	0.00e+00	0.00e+00	0.00e+00	0.00e+00	0.00e+00	0.00e+00	8.78e-01	4.54e-02	3.67e-02
 1.00667e+17	9.62e-01	3.83e-02	1.44e-06	0.00e+00	0.00e+00	0.00e+00	0.00e+00	0.00e+00	0.00e+00	8.80e-01	4.50e-02	3.64e-02
 1.00709e+17	9.63e-01	3.67e-02	1.29e-06	0.00e+00	0.00e+00	0.00e+00	0.00e+00	0.00e+00	0.00e+00	8.82e-01	4.47e-02	3.61e-02
 1.00751e+17	9.65e-01	3.53e-02	1.15e-06	0.00e+00	0.00e+00	0.00e+00	0.00e+00	0.00e+00	0.00e+00	8.85e-01	4.43e-02	3.58e-02
 1.00792e+17	9.66e-01	3.39e-02	1.03e-06	0.00e+00	0.00e+00	0.00e+00	0.00e+00	0.00e+00	0.00e+00	8.87e-01	4.40e-02	3.56e-02
 1.00833e+17	9.67e-01	3.25e-02	9.20e-07	0.00e+00	0.00e+00	0.00e+00	0.00e+00	0.00e+00	0.00e+00	8.88e-01	4.37e-02	3.53e-02
 1.00874e+17	9.69e-01	3.12e-02	8.25e-07	0.00e+00	0.00e+00	0.00e+00	0.00e+00	0.00e+00	0.00e+00	8.90e-01	4.33e-02	3.50e-02
 1.00914e+17	9.70e-01	3.00e-02	7.40e-07	0.00e+00	0.00e+00	0.00e+00	0.00e+00	0.00e+00	0.00e+00	8.92e-01	4.30e-02	3.48e-02
 1.00953e+17	9.71e-01	2.88e-02	6.64e-07	0.00e+00	0.00e+00	0.00e+00	0.00e+00	0.00e+00	0.00e+00	8.94e-01	4.27e-02	3.45e-02
 1.00992e+17	9.72e-01	2.76e-02	5.97e-07	0.00e+00	0.00e+00	0.00e+00	0.00e+00	0.00e+00	0.00e+00	8.96e-01	4.25e-02	3.43e-02
 1.01031e+17	9.73e-01	2.65e-02	5.37e-07	0.00e+00	0.00e+00	0.00e+00	0.00e+00	0.00e+00	0.00e+00	8.97e-01	4.22e-02	3.40e-02
 1.01069e+17	9.75e-01	2.55e-02	4.84e-07	0.00e+00	0.00e+00	0.00e+00	0.00e+00	0.00e+00	0.00e+00	8.99e-01	4.19e-02	3.38e-02
 1.01107e+17	9.76e-01	2.44e-02	4.37e-07	0.00e+00	0.00e+00	0.00e+00	0.00e+00	0.00e+00	0.00e+00	9.00e-01	4.16e-02	3.36e-02
 1.01143e+17	9.77e-01	2.35e-02	3.96e-07	0.00e+00	0.00e+00	0.00e+00	0.00e+00	0.00e+00	0.00e+00	9.02e-01	4.14e-02	3.33e-02
 1.01177e+17	9.77e-01	2.26e-02	3.61e-07	0.00e+00	0.00e+00	0.00e+00	0.00e+00	0.00e+00	0.00e+00	9.03e-01	4.11e-02	3.31e-02
 1.01207e+17	9.78e-01	2.19e-02	3.33e-07	0.00e+00	0.00e+00	0.00e+00	0.00e+00	0.00e+00	0.00e+00	9.04e-01	4.09e-02	3.30e-02
 1.01235e+17	9.79e-01	2.12e-02	3.10e-07	0.00e+00	0.00e+00	0.00e+00	0.00e+00	0.00e+00	0.00e+00	9.05e-01	4.07e-02	3.28e-02
 1.01261e+17	9.79e-01	2.06e-02	2.89e-07	0.00e+00	0.00e+00	0.00e+00	0.00e+00	0.00e+00	0.00e+00	9.06e-01	4.06e-02	3.26e-02
 1.01285e+17	9.80e-01	2.01e-02	2.71e-07	0.00e+00	0.00e+00	0.00e+00	0.00e+00	0.00e+00	0.00e+00	9.07e-01	4.04e-02	3.25e-02
 1.01308e+17	9.80e-01	1.96e-02	2.56e-07	0.00e+00	0.00e+00	0.00e+00	0.00e+00	0.00e+00	0.00e+00	9.08e-01	4.03e-02	3.24e-02
 1.01329e+17	9.81e-01	1.91e-02	2.42e-07	0.00e+00	0.00e+00	0.00e+00	0.00e+00	0.00e+00	0.00e+00	9.09e-01	4.01e-02	3.22e-02
 1.01348e+17	9.81e-01	1.87e-02	2.30e-07	0.00e+00	0.00e+00	0.00e+00	0.00e+00	0.00e+00	0.00e+00	9.09e-01	4.00e-02	3.21e-02
 1.01366e+17	9.82e-01	1.83e-02	2.19e-07	0.00e+00	0.00e+00	0.00e+00	0.00e+00	0.00e+00	0.00e+00	9.10e-01	3.99e-02	3.20e-02
 1.01383e+17	9.82e-01	1.79e-02	2.09e-07	0.00e+00	0.00e+00	0.00e+00	0.00e+00	0.00e+00	0.00e+00	9.10e-01	3.97e-02	3.19e-02
 1.01399e+17	9.82e-01	1.76e-02	2.01e-07	0.00e+00	0.00e+00	0.00e+00	0.00e+00	0.00e+00	0.00e+00	9.11e-01	3.96e-02	3.18e-02
 1.01415e+17	9.83e-01	1.72e-02	1.93e-07	0.00e+00	0.00e+00	0.00e+00	0.00e+00	0.00e+00	0.00e+00	9.12e-01	3.95e-02	3.17e-02
 1.01429e+17	9.83e-01	1.69e-02	1.85e-07	0.00e+00	0.00e+00	0.00e+00	0.00e+00	0.00e+00	0.00e+00	9.12e-01	3.94e-02	3.16e-02
 1.01442e+17	9.83e-01	1.66e-02	1.79e-07	0.00e+00	0.00e+00	0.00e+00	0.00e+00	0.00e+00	0.00e+00	9.13e-01	3.93e-02	3.15e-02
 1.01455e+17	9.84e-01	1.63e-02	1.73e-07	0.00e+00	0.00e+00	0.00e+00	0.00e+00	0.00e+00	0.00e+00	9.13e-01	3.92e-02	3.14e-02
 1.01468e+17	9.84e-01	1.60e-02	1.67e-07	0.00e+00	0.00e+00	0.00e+00	0.00e+00	0.00e+00	0.00e+00	9.14e-01	3.91e-02	3.13e-02
 1.01479e+17	9.84e-01	1.58e-02	1.62e-07	0.00e+00	0.00e+00	0.00e+00	0.00e+00	0.00e+00	0.00e+00	9.14e-01	3.90e-02	3.12e-02
 1.01490e+17	9.84e-01	1.55e-02	1.57e-07	0.00e+00	0.00e+00	0.00e+00	0.00e+00	0.00e+00	0.00e+00	9.15e-01	3.89e-02	3.11e-02
 1.01501e+17	9.85e-01	1.53e-02	1.52e-07	0.00e+00	0.00e+00	0.00e+00	0.00e+00	0.00e+00	0.00e+00	9.15e-01	3.88e-02	3.10e-02
 1.01512e+17	9.85e-01	1.50e-02	1.48e-07	0.00e+00	0.00e+00	0.00e+00	0.00e+00	0.00e+00	0.00e+00	9.15e-01	3.87e-02	3.09e-02
 1.01522e+17	9.85e-01	1.48e-02	1.44e-07	0.00e+00	0.00e+00	0.00e+00	0.00e+00	0.00e+00	0.00e+00	9.16e-01	3.86e-02	3.09e-02
 1.01531e+17	9.85e-01	1.46e-02	1.40e-07	0.00e+00	0.00e+00	0.00e+00	0.00e+00	0.00e+00	0.00e+00	9.16e-01	3.85e-02	3.08e-02
 1.01541e+17	9.86e-01	1.43e-02	1.37e-07	0.00e+00	0.00e+00	0.00e+00	0.00e+00	0.00e+00	0.00e+00	9.17e-01	3.84e-02	3.07e-02
 1.01550e+17	9.86e-01	1.41e-02	1.33e-07	0.00e+00	0.00e+00	0.00e+00	0.00e+00	0.00e+00	0.00e+00	9.17e-01	3.83e-02	3.06e-02
 1.01559e+17	9.86e-01	1.39e-02	1.30e-07	0.00e+00	0.00e+00	0.00e+00	0.00e+00	0.00e+00	0.00e+00	9.17e-01	3.82e-02	3.05e-02
 1.01569e+17	9.86e-01	1.36e-02	1.26e-07	0.00e+00	0.00e+00	0.00e+00	0.00e+00	0.00e+00	0.00e+00	9.18e-01	3.81e-02	3.04e-02
 1.01578e+17	9.87e-01	1.34e-02	1.23e-07	0.00e+00	0.00e+00	0.00e+00	0.00e+00	0.00e+00	0.00e+00	9.18e-01	3.80e-02	3.03e-02
 1.01588e+17	9.87e-01	1.31e-02	1.19e-07	0.00e+00	0.00e+00	0.00e+00	0.00e+00	0.00e+00	0.00e+00	9.19e-01	3.78e-02	3.02e-02
 1.01598e+17	9.87e-01	1.28e-02	1.15e-07	0.00e+00	0.00e+00	0.00e+00	0.00e+00	0.00e+00	0.00e+00	9.19e-01	3.77e-02	3.01e-02
 1.01609e+17	9.87e-01	1.25e-02	1.12e-07	0.00e+00	0.00e+00	0.00e+00	0.00e+00	0.00e+00	0.00e+00	9.20e-01	3.76e-02	2.99e-02
 1.01621e+17	9.88e-01	1.22e-02	1.08e-07	0.00e+00	0.00e+00	0.00e+00	0.00e+00	0.00e+00	0.00e+00	9.21e-01	3.74e-02	2.98e-02
 1.01631e+17	9.88e-01	1.19e-02	1.04e-07	0.00e+00	0.00e+00	0.00e+00	0.00e+00	0.00e+00	0.00e+00	9.21e-01	3.72e-02	2.96e-02
 1.01641e+17	9.88e-01	1.16e-02	1.01e-07	0.00e+00	0.00e+00	0.00e+00	0.00e+00	0.00e+00	0.00e+00	9.22e-01	3.71e-02	2.95e-02
 1.01650e+17	9.89e-01	1.14e-02	9.82e-08	0.00e+00	0.00e+00	0.00e+00	0.00e+00	0.00e+00	0.00e+00	9.22e-01	3.70e-02	2.94e-02
 1.01658e+17	9.89e-01	1.11e-02	9.54e-08	0.00e+00	0.00e+00	0.00e+00	0.00e+00	0.00e+00	0.00e+00	9.23e-01	3.68e-02	2.92e-02
 1.01666e+17	9.89e-01	1.09e-02	9.28e-08	0.00e+00	0.00e+00	0.00e+00	0.00e+00	0.00e+00	0.00e+00	9.23e-01	3.67e-02	2.91e-02
 1.01674e+17	9.89e-01	1.07e-02	9.05e-08	0.00e+00	0.00e+00	0.00e+00	0.00e+00	0.00e+00	0.00e+00	9.24e-01	3.65e-02	2.90e-02
 1.01681e+17	9.90e-01	1.05e-02	8.84e-08	0.00e+00	0.00e+00	0.00e+00	0.00e+00	0.00e+00	0.00e+00	9.24e-01	3.64e-02	2.88e-02
 1.01687e+17	9.90e-01	1.03e-02	8.65e-08	0.00e+00	0.00e+00	0.00e+00	0.00e+00	0.00e+00	0.00e+00	9.25e-01	3.63e-02	2.87e-02
 1.01692e+17	9.90e-01	1.01e-02	8.48e-08	0.00e+00	0.00e+00	0.00e+00	0.00e+00	0.00e+00	0.00e+00	9.25e-01	3.62e-02	2.86e-02
 1.01697e+17	9.90e-01	1.00e-02	8.33e-08	0.00e+00	0.00e+00	0.00e+00	0.00e+00	0.00e+00	0.00e+00	9.25e-01	3.61e-02	2.85e-02
 1.01703e+17	9.90e-01	9.84e-03	8.15e-08	0.00e+00	0.00e+00	0.00e+00	0.00e+00	0.00e+00	0.00e+00	9.26e-01	3.60e-02	2.84e-02
 1.01709e+17	9.90e-01	9.68e-03	7.97e-08	0.00e+00	0.00e+00	0.00e+00	0.00e+00	0.00e+00	0.00e+00	9.26e-01	3.59e-02	2.83e-02
 1.01715e+17	9.90e-01	9.53e-03	7.81e-08	0.00e+00	0.00e+00	0.00e+00	0.00e+00	0.00e+00	0.00e+00	9.26e-01	3.57e-02	2.82e-02
 1.01720e+17	9.91e-01	9.41e-03	7.66e-08	0.00e+00	0.00e+00	0.00e+00	0.00e+00	0.00e+00	0.00e+00	9.27e-01	3.56e-02	2.81e-02
 1.01725e+17	9.91e-01	9.26e-03	7.50e-08	0.00e+00	0.00e+00	0.00e+00	0.00e+00	0.00e+00	0.00e+00	9.27e-01	3.55e-02	2.80e-02
 1.01731e+17	9.91e-01	9.10e-03	7.32e-08	0.00e+00	0.00e+00	0.00e+00	0.00e+00	0.00e+00	0.00e+00	9.28e-01	3.54e-02	2.79e-02
 1.01736e+17	9.91e-01	8.97e-03	7.17e-08	0.00e+00	0.00e+00	0.00e+00	0.00e+00	0.00e+00	0.00e+00	9.28e-01	3.52e-02	2.78e-02
 1.01741e+17	9.91e-01	8.85e-03	7.04e-08	0.00e+00	0.00e+00	0.00e+00	0.00e+00	0.00e+00	0.00e+00	9.28e-01	3.51e-02	2.77e-02
 1.01747e+17	9.91e-01	8.71e-03	6.87e-08	0.00e+00	0.00e+00	0.00e+00	0.00e+00	0.00e+00	0.00e+00	9.29e-01	3.50e-02	2.76e-02
 1.01752e+17	9.91e-01	8.56e-03	6.71e-08	0.00e+00	0.00e+00	0.00e+00	0.00e+00	0.00e+00	0.00e+00	9.29e-01	3.49e-02	2.75e-02
 1.01758e+17	9.92e-01	8.46e-03	6.58e-08	0.00e+00	0.00e+00	0.00e+00	0.00e+00	0.00e+00	0.00e+00	9.29e-01	3.48e-02	2.74e-02
 1.01763e+17	9.92e-01	8.34e-03	6.43e-08	0.00e+00	0.00e+00	0.00e+00	0.00e+00	0.00e+00	0.00e+00	9.30e-01	3.47e-02	2.73e-02
 1.01771e+17	9.92e-01	8.18e-03	6.24e-08	0.00e+00	0.00e+00	0.00e+00	0.00e+00	0.00e+00	0.00e+00	9.30e-01	3.45e-02	2.72e-02
 1.01779e+17	9.92e-01	8.02e-03	6.03e-08	0.00e+00	0.00e+00	0.00e+00	0.00e+00	0.00e+00	0.00e+00	9.31e-01	3.44e-02	2.71e-02
 1.01786e+17	9.92e-01	7.87e-03	5.86e-08	0.00e+00	0.00e+00	0.00e+00	0.00e+00	0.00e+00	0.00e+00	9.31e-01	3.42e-02	2.69e-02
 1.01793e+17	9.92e-01	7.76e-03	5.71e-08	0.00e+00	0.00e+00	0.00e+00	0.00e+00	0.00e+00	0.00e+00	9.31e-01	3.41e-02	2.68e-02
 1.01800e+17	9.92e-01	7.60e-03	5.53e-08	0.00e+00	0.00e+00	0.00e+00	0.00e+00	0.00e+00	0.00e+00	9.32e-01	3.40e-02	2.67e-02
 1.01808e+17	9.93e-01	7.45e-03	5.34e-08	0.00e+00	0.00e+00	0.00e+00	0.00e+00	0.00e+00	0.00e+00	9.32e-01	3.38e-02	2.66e-02
 1.01816e+17	9.93e-01	7.31e-03	5.18e-08	0.00e+00	0.00e+00	0.00e+00	0.00e+00	0.00e+00	0.00e+00	9.33e-01	3.37e-02	2.64e-02
 1.01822e+17	9.93e-01	7.17e-03	5.02e-08	0.00e+00	0.00e+00	0.00e+00	0.00e+00	0.00e+00	0.00e+00	9.33e-01	3.36e-02	2.63e-02
