#depth	H	H+	H2
 2.22182e+12	1.18e-03	9.99e-01	3.92e-14
 1.33309e+13	1.18e-03	9.99e-01	3.92e-14
 5.77674e+13	1.18e-03	9.99e-01	3.93e-14
 2.35513e+14	1.18e-03	9.99e-01	3.98e-14
 5.62566e+14	1.16e-03	9.99e-01	4.03e-14
 9.87734e+14	1.15e-03	9.99e-01	4.09e-14
 1.54045e+15	1.14e-03	9.99e-01	4.19e-14
 2.25899e+15	1.13e-03	9.99e-01	4.33e-14
 3.19308e+15	1.12e-03	9.99e-01	4.52e-14
 4.40740e+15	1.12e-03	9.99e-01	4.79e-14
 5.75049e+15	1.11e-03	9.99e-01	5.05e-14
 7.05409e+15	1.11e-03	9.99e-01	5.28e-14
 8.26894e+15	1.12e-03	9.99e-01	5.52e-14
 9.33393e+15	1.12e-03	9.99e-01	5.76e-14
 1.02989e+16	1.14e-03	9.99e-01	6.05e-14
 1.11574e+16	1.15e-03	9.99e-01	6.28e-14
 1.19258e+16	1.17e-03	9.99e-01	6.58e-14
 1.27945e+16	1.19e-03	9.99e-01	6.96e-14
 1.39239e+16	1.23e-03	9.99e-01	7.52e-14
 1.51402e+16	1.27e-03	9.99e-01	8.13e-14
 1.64695e+16	1.32e-03	9.99e-01	8.84e-14
 1.80819e+16	1.37e-03	9.99e-01	9.69e-14
 1.98901e+16	1.42e-03	9.99e-01	1.05e-13
 2.18791e+16	1.49e-03	9.99e-01	1.14e-13
 2.40670e+16	1.56e-03	9.98e-01	1.23e-13
 2.64737e+16	1.64e-03	9.98e-01	1.34e-13
 2.91210e+16	1.74e-03	9.98e-01	1.47e-13
 3.20331e+16	1.86e-03	9.98e-01	1.62e-13
 3.52365e+16	2.01e-03	9.98e-01	1.80e-13
 3.87601e+16	2.20e-03	9.98e-01	2.03e-13
 4.24270e+16	2.43e-03	9.98e-01	2.32e-13
 4.58662e+16	2.69e-03	9.97e-01	2.64e-13
 4.89429e+16	2.95e-03	9.97e-01	2.99e-13
 5.17693e+16	3.23e-03	9.97e-01	3.35e-13
 5.39872e+16	3.49e-03	9.97e-01	3.70e-13
 5.54931e+16	3.68e-03	9.96e-01	3.96e-13
 5.70012e+16	3.87e-03	9.96e-01	4.22e-13
 5.89617e+16	4.14e-03	9.96e-01	4.56e-13
 6.10024e+16	4.46e-03	9.96e-01	5.02e-13
 6.26468e+16	4.76e-03	9.95e-01	5.43e-13
 6.40256e+16	5.03e-03	9.95e-01	5.83e-13
 6.55597e+16	5.33e-03	9.95e-01	6.25e-13
 6.72836e+16	5.72e-03	9.94e-01	6.83e-13
 6.88581e+16	6.13e-03	9.94e-01	7.45e-13
 7.02141e+16	6.52e-03	9.93e-01	8.05e-13
 7.16525e+16	6.95e-03	9.93e-01	8.72e-13
 7.31725e+16	7.48e-03	9.93e-01	9.59e-13
 7.45145e+16	7.99e-03	9.92e-01	1.05e-12
 7.57223e+16	8.51e-03	9.91e-01	1.14e-12
 7.68353e+16	9.03e-03	9.91e-01	1.23e-12
 7.78371e+16	9.54e-03	9.90e-01	1.33e-12
 7.87458e+16	1.01e-02	9.90e-01	1.42e-12
 7.96144e+16	1.06e-02	9.89e-01	1.53e-12
 8.04829e+16	1.11e-02	9.89e-01	1.64e-12
 8.13514e+16	1.18e-02	9.88e-01	1.77e-12
 8.22200e+16	1.24e-02	9.88e-01	1.91e-12
 8.30885e+16	1.32e-02	9.87e-01	2.08e-12
 8.39570e+16	1.40e-02	9.86e-01	2.26e-12
 8.48255e+16	1.49e-02	9.85e-01	2.47e-12
 8.56941e+16	1.59e-02	9.84e-01	2.71e-12
 8.64906e+16	1.69e-02	9.83e-01	2.96e-12
