#depth	O	O+	O+2	O+3	O+4	O+5	O+6	O+7	O+8	O[1]	O[2]	O[3]
 2.22182e+12	8.26e-07	1.34e-03	2.76e-01	6.95e-01	2.67e-02	2.20e-06	0.00e+00	0.00e+00	0.00e+00	6.30e-07	1.23e-07	7.35e-08
 1.33309e+13	8.24e-07	1.34e-03	2.77e-01	6.95e-01	2.67e-02	2.19e-06	0.00e+00	0.00e+00	0.00e+00	6.28e-07	1.22e-07	7.34e-08
 5.77674e+13	8.26e-07	1.35e-03	2.78e-01	6.94e-01	2.65e-02	2.17e-06	0.00e+00	0.00e+00	0.00e+00	6.30e-07	1.23e-07	7.36e-08
 2.35513e+14	8.39e-07	1.37e-03	2.83e-01	6.90e-01	2.58e-02	2.09e-06	0.00e+00	0.00e+00	0.00e+00	6.39e-07	1.25e-07	7.47e-08
 5.62566e+14	8.37e-07	1.39e-03	2.91e-01	6.83e-01	2.46e-02	1.96e-06	0.00e+00	0.00e+00	0.00e+00	6.38e-07	1.24e-07	7.44e-08
 9.87734e+14	8.50e-07	1.43e-03	3.01e-01	6.75e-01	2.32e-02	1.81e-06	0.00e+00	0.00e+00	0.00e+00	6.49e-07	1.26e-07	7.56e-08
 1.54045e+15	8.77e-07	1.49e-03	3.15e-01	6.62e-01	2.14e-02	1.62e-06	0.00e+00	0.00e+00	0.00e+00	6.70e-07	1.29e-07	7.80e-08
 2.25899e+15	9.23e-07	1.59e-03	3.35e-01	6.44e-01	1.92e-02	1.40e-06	0.00e+00	0.00e+00	0.00e+00	7.05e-07	1.36e-07	8.20e-08
 3.19308e+15	9.99e-07	1.73e-03	3.64e-01	6.18e-01	1.66e-02	1.15e-06	0.00e+00	0.00e+00	0.00e+00	7.64e-07	1.46e-07	8.86e-08
 4.40740e+15	1.13e-06	1.95e-03	4.07e-01	5.78e-01	1.35e-02	8.66e-07	0.00e+00	0.00e+00	0.00e+00	8.65e-07	1.64e-07	1.00e-07
 5.75049e+15	1.28e-06	2.23e-03	4.59e-01	5.28e-01	1.05e-02	6.23e-07	0.00e+00	0.00e+00	0.00e+00	9.83e-07	1.86e-07	1.14e-07
 7.05409e+15	1.49e-06	2.56e-03	5.20e-01	4.70e-01	7.89e-03	4.33e-07	0.00e+00	0.00e+00	0.00e+00	1.14e-06	2.15e-07	1.31e-07
 8.26894e+15	1.72e-06	2.93e-03	5.83e-01	4.08e-01	5.80e-03	2.94e-07	0.00e+00	0.00e+00	0.00e+00	1.32e-06	2.49e-07	1.52e-07
 9.33393e+15	1.98e-06	3.31e-03	6.44e-01	3.49e-01	4.22e-03	1.98e-07	0.00e+00	0.00e+00	0.00e+00	1.52e-06	2.85e-07	1.74e-07
 1.02989e+16	2.26e-06	3.70e-03	7.02e-01	2.92e-01	3.01e-03	1.31e-07	0.00e+00	0.00e+00	0.00e+00	1.74e-06	3.25e-07	1.99e-07
 1.11574e+16	2.53e-06	4.07e-03	7.53e-01	2.41e-01	2.14e-03	0.00e+00	0.00e+00	0.00e+00	0.00e+00	1.95e-06	3.64e-07	2.22e-07
 1.19258e+16	2.82e-06	4.42e-03	7.97e-01	1.97e-01	1.50e-03	0.00e+00	0.00e+00	0.00e+00	0.00e+00	2.17e-06	4.04e-07	2.47e-07
 1.27945e+16	3.18e-06	4.82e-03	8.42e-01	1.52e-01	9.55e-04	0.00e+00	0.00e+00	0.00e+00	0.00e+00	2.45e-06	4.55e-07	2.79e-07
 1.39239e+16	3.68e-06	5.33e-03	8.91e-01	1.03e-01	4.94e-04	0.00e+00	0.00e+00	0.00e+00	0.00e+00	2.83e-06	5.26e-07	3.22e-07
 1.51402e+16	4.16e-06	5.78e-03	9.29e-01	6.48e-02	2.28e-04	0.00e+00	0.00e+00	0.00e+00	0.00e+00	3.20e-06	5.93e-07	3.63e-07
 1.64695e+16	4.70e-06	6.21e-03	9.56e-01	3.75e-02	9.09e-05	0.00e+00	0.00e+00	0.00e+00	0.00e+00	3.62e-06	6.69e-07	4.10e-07
 1.80819e+16	5.30e-06	6.63e-03	9.74e-01	1.92e-02	2.95e-05	0.00e+00	0.00e+00	0.00e+00	0.00e+00	4.09e-06	7.53e-07	4.61e-07
 1.98901e+16	5.94e-06	7.00e-03	9.84e-01	9.29e-03	8.49e-06	0.00e+00	0.00e+00	0.00e+00	0.00e+00	4.58e-06	8.43e-07	5.17e-07
 2.18791e+16	6.66e-06	7.37e-03	9.88e-01	4.37e-03	2.27e-06	0.00e+00	0.00e+00	0.00e+00	0.00e+00	5.13e-06	9.46e-07	5.80e-07
 2.40670e+16	7.51e-06	7.76e-03	9.90e-01	2.02e-03	5.74e-07	0.00e+00	0.00e+00	0.00e+00	0.00e+00	5.79e-06	1.07e-06	6.56e-07
 2.64737e+16	8.57e-06	8.20e-03	9.91e-01	9.18e-04	1.37e-07	0.00e+00	0.00e+00	0.00e+00	0.00e+00	6.60e-06	1.22e-06	7.50e-07
 2.91210e+16	9.93e-06	8.71e-03	9.91e-01	4.16e-04	0.00e+00	0.00e+00	0.00e+00	0.00e+00	0.00e+00	7.64e-06	1.42e-06	8.73e-07
 3.20331e+16	1.17e-05	9.32e-03	9.90e-01	1.91e-04	0.00e+00	0.00e+00	0.00e+00	0.00e+00	0.00e+00	9.01e-06	1.68e-06	1.04e-06
 3.52365e+16	1.42e-05	1.01e-02	9.90e-01	9.22e-05	0.00e+00	0.00e+00	0.00e+00	0.00e+00	0.00e+00	1.09e-05	2.04e-06	1.25e-06
 3.87601e+16	1.76e-05	1.10e-02	9.89e-01	4.93e-05	0.00e+00	0.00e+00	0.00e+00	0.00e+00	0.00e+00	1.35e-05	2.55e-06	1.56e-06
 4.24270e+16	2.22e-05	1.21e-02	9.88e-01	3.13e-05	0.00e+00	0.00e+00	0.00e+00	0.00e+00	0.00e+00	1.70e-05	3.25e-06	1.98e-06
 4.58662e+16	2.81e-05	1.34e-02	9.87e-01	2.36e-05	0.00e+00	0.00e+00	0.00e+00	0.00e+00	0.00e+00	2.15e-05	4.13e-06	2.50e-06
 4.89429e+16	3.51e-05	1.47e-02	9.85e-01	1.99e-05	0.00e+00	0.00e+00	0.00e+00	0.00e+00	0.00e+00	2.68e-05	5.19e-06	3.12e-06
 5.17693e+16	4.33e-05	1.61e-02	9.84e-01	1.78e-05	0.00e+00	0.00e+00	0.00e+00	0.00e+00	0.00e+00	3.30e-05	6.45e-06	3.87e-06
 5.39872e+16	5.18e-05	1.75e-02	9.82e-01	1.65e-05	0.00e+00	0.00e+00	0.00e+00	0.00e+00	0.00e+00	3.94e-05	7.74e-06	4.62e-06
 5.54931e+16	5.87e-05	1.85e-02	9.81e-01	1.58e-05	0.00e+00	0.00e+00	0.00e+00	0.00e+00	0.00e+00	4.46e-05	8.80e-06	5.24e-06
 5.70012e+16	6.64e-05	1.96e-02	9.80e-01	1.52e-05	0.00e+00	0.00e+00	0.00e+00	0.00e+00	0.00e+00	5.04e-05	9.99e-06	5.93e-06
 5.89617e+16	7.81e-05	2.11e-02	9.79e-01	1.46e-05	0.00e+00	0.00e+00	0.00e+00	0.00e+00	0.00e+00	5.93e-05	1.18e-05	6.98e-06
 6.10024e+16	9.37e-05	2.31e-02	9.77e-01	1.39e-05	0.00e+00	0.00e+00	0.00e+00	0.00e+00	0.00e+00	7.10e-05	1.43e-05	8.38e-06
 6.26468e+16	1.09e-04	2.48e-02	9.75e-01	1.33e-05	0.00e+00	0.00e+00	0.00e+00	0.00e+00	0.00e+00	8.27e-05	1.66e-05	9.76e-06
 6.40256e+16	1.25e-04	2.65e-02	9.73e-01	1.28e-05	0.00e+00	0.00e+00	0.00e+00	0.00e+00	0.00e+00	9.44e-05	1.90e-05	1.11e-05
 6.55597e+16	1.44e-04	2.85e-02	9.71e-01	1.23e-05	0.00e+00	0.00e+00	0.00e+00	0.00e+00	0.00e+00	1.09e-04	2.19e-05	1.29e-05
 6.72836e+16	1.71e-04	3.10e-02	9.69e-01	1.17e-05	0.00e+00	0.00e+00	0.00e+00	0.00e+00	0.00e+00	1.30e-04	2.61e-05	1.53e-05
 6.88581e+16	2.02e-04	3.37e-02	9.66e-01	1.11e-05	0.00e+00	0.00e+00	0.00e+00	0.00e+00	0.00e+00	1.53e-04	3.08e-05	1.80e-05
 7.02141e+16	2.34e-04	3.64e-02	9.63e-01	1.06e-05	0.00e+00	0.00e+00	0.00e+00	0.00e+00	0.00e+00	1.78e-04	3.57e-05	2.08e-05
 7.16525e+16	2.74e-04	3.95e-02	9.60e-01	9.98e-06	0.00e+00	0.00e+00	0.00e+00	0.00e+00	0.00e+00	2.08e-04	4.18e-05	2.44e-05
 7.31725e+16	3.28e-04	4.32e-02	9.56e-01	9.34e-06	0.00e+00	0.00e+00	0.00e+00	0.00e+00	0.00e+00	2.49e-04	4.99e-05	2.91e-05
 7.45145e+16	3.85e-04	4.71e-02	9.53e-01	8.74e-06	0.00e+00	0.00e+00	0.00e+00	0.00e+00	0.00e+00	2.92e-04	5.87e-05	3.42e-05
 7.57223e+16	4.49e-04	5.10e-02	9.49e-01	8.19e-06	0.00e+00	0.00e+00	0.00e+00	0.00e+00	0.00e+00	3.40e-04	6.83e-05	3.97e-05
 7.68353e+16	5.18e-04	5.50e-02	9.44e-01	7.69e-06	0.00e+00	0.00e+00	0.00e+00	0.00e+00	0.00e+00	3.93e-04	7.89e-05	4.59e-05
 7.78371e+16	5.92e-04	5.90e-02	9.40e-01	7.22e-06	0.00e+00	0.00e+00	0.00e+00	0.00e+00	0.00e+00	4.50e-04	9.02e-05	5.24e-05
 7.87458e+16	6.71e-04	6.30e-02	9.36e-01	6.80e-06	0.00e+00	0.00e+00	0.00e+00	0.00e+00	0.00e+00	5.09e-04	1.02e-04	5.93e-05
 7.96144e+16	7.58e-04	6.73e-02	9.32e-01	6.40e-06	0.00e+00	0.00e+00	0.00e+00	0.00e+00	0.00e+00	5.76e-04	1.15e-04	6.70e-05
 8.04829e+16	8.60e-04	7.19e-02	9.27e-01	5.99e-06	0.00e+00	0.00e+00	0.00e+00	0.00e+00	0.00e+00	6.53e-04	1.31e-04	7.60e-05
 8.13514e+16	9.79e-04	7.70e-02	9.22e-01	5.61e-06	0.00e+00	0.00e+00	0.00e+00	0.00e+00	0.00e+00	7.44e-04	1.49e-04	8.65e-05
 8.22200e+16	1.12e-03	8.27e-02	9.16e-01	5.21e-06	0.00e+00	0.00e+00	0.00e+00	0.00e+00	0.00e+00	8.50e-04	1.70e-04	9.88e-05
 8.30885e+16	1.28e-03	8.90e-02	9.10e-01	4.83e-06	0.00e+00	0.00e+00	0.00e+00	0.00e+00	0.00e+00	9.75e-04	1.95e-04	1.13e-04
 8.39570e+16	1.48e-03	9.61e-02	9.02e-01	4.44e-06	0.00e+00	0.00e+00	0.00e+00	0.00e+00	0.00e+00	1.12e-03	2.25e-04	1.31e-04
 8.48255e+16	1.72e-03	1.04e-01	8.94e-01	4.07e-06	0.00e+00	0.00e+00	0.00e+00	0.00e+00	0.00e+00	1.30e-03	2.61e-04	1.51e-04
 8.56941e+16	2.00e-03	1.13e-01	8.85e-01	3.70e-06	0.00e+00	0.00e+00	0.00e+00	0.00e+00	0.00e+00	1.52e-03	3.04e-04	1.77e-04
 8.64906e+16	2.33e-03	1.22e-01	8.75e-01	3.37e-06	0.00e+00	0.00e+00	0.00e+00	0.00e+00	0.00e+00	1.77e-03	3.53e-04	2.05e-04
