#depth	He	He+	He+2
 2.22182e+12	9.33e-05	1.51e-01	8.49e-01
 1.33309e+13	9.33e-05	1.51e-01	8.49e-01
 5.77674e+13	9.36e-05	1.52e-01	8.48e-01
 2.35513e+14	9.52e-05	1.54e-01	8.46e-01
 5.62566e+14	9.66e-05	1.55e-01	8.45e-01
 9.87734e+14	9.96e-05	1.58e-01	8.42e-01
 1.54045e+15	1.04e-04	1.64e-01	8.36e-01
 2.25899e+15	1.12e-04	1.73e-01	8.27e-01
 3.19308e+15	1.23e-04	1.87e-01	8.13e-01
 4.40740e+15	1.43e-04	2.12e-01	7.88e-01
 5.75049e+15	1.69e-04	2.45e-01	7.55e-01
 7.05409e+15	2.03e-04	2.89e-01	7.11e-01
 8.26894e+15	2.46e-04	3.43e-01	6.57e-01
 9.33393e+15	2.93e-04	4.02e-01	5.98e-01
 1.02989e+16	3.46e-04	4.67e-01	5.32e-01
 1.11574e+16	4.00e-04	5.33e-01	4.66e-01
 1.19258e+16	4.54e-04	5.98e-01	4.01e-01
 1.27945e+16	5.20e-04	6.73e-01	3.26e-01
 1.39239e+16	6.06e-04	7.65e-01	2.34e-01
 1.51402e+16	6.86e-04	8.47e-01	1.52e-01
 1.64695e+16	7.57e-04	9.09e-01	8.98e-02
 1.80819e+16	8.17e-04	9.53e-01	4.59e-02
 1.98901e+16	8.64e-04	9.77e-01	2.19e-02
 2.18791e+16	9.05e-04	9.89e-01	1.01e-02
 2.40670e+16	9.44e-04	9.94e-01	4.60e-03
 2.64737e+16	9.84e-04	9.97e-01	2.06e-03
 2.91210e+16	1.03e-03	9.98e-01	9.09e-04
 3.20331e+16	1.08e-03	9.99e-01	3.96e-04
 3.52365e+16	1.14e-03	9.99e-01	1.72e-04
 3.87601e+16	1.20e-03	9.99e-01	7.49e-05
 4.24270e+16	1.28e-03	9.99e-01	3.46e-05
 4.58662e+16	1.36e-03	9.99e-01	1.82e-05
 4.89429e+16	1.43e-03	9.99e-01	1.09e-05
 5.17693e+16	1.51e-03	9.98e-01	7.04e-06
 5.39872e+16	1.57e-03	9.98e-01	5.18e-06
 5.54931e+16	1.62e-03	9.98e-01	4.24e-06
 5.70012e+16	1.67e-03	9.98e-01	3.45e-06
 5.89617e+16	1.74e-03	9.98e-01	2.67e-06
 6.10024e+16	1.82e-03	9.98e-01	2.10e-06
 6.26468e+16	1.89e-03	9.98e-01	1.74e-06
 6.40256e+16	1.95e-03	9.98e-01	1.49e-06
 6.55597e+16	2.02e-03	9.98e-01	1.26e-06
 6.72836e+16	2.11e-03	9.98e-01	1.04e-06
 6.88581e+16	2.21e-03	9.98e-01	8.90e-07
 7.02141e+16	2.29e-03	9.98e-01	7.77e-07
 7.16525e+16	2.39e-03	9.98e-01	6.70e-07
 7.31725e+16	2.51e-03	9.97e-01	5.78e-07
 7.45145e+16	2.62e-03	9.97e-01	5.10e-07
 7.57223e+16	2.74e-03	9.97e-01	4.54e-07
 7.68353e+16	2.86e-03	9.97e-01	4.09e-07
 7.78371e+16	2.97e-03	9.97e-01	3.73e-07
 7.87458e+16	3.08e-03	9.97e-01	3.43e-07
 7.96144e+16	3.20e-03	9.97e-01	3.16e-07
 8.04829e+16	3.33e-03	9.97e-01	2.92e-07
 8.13514e+16	3.46e-03	9.97e-01	2.69e-07
 8.22200e+16	3.61e-03	9.96e-01	2.49e-07
 8.30885e+16	3.77e-03	9.96e-01	2.30e-07
 8.39570e+16	3.95e-03	9.96e-01	2.12e-07
 8.48255e+16	4.15e-03	9.96e-01	1.96e-07
 8.56941e+16	4.37e-03	9.96e-01	1.81e-07
 8.64906e+16	4.58e-03	9.95e-01	1.69e-07
