#depth	He	He+	He+2
 2.97592e+12	7.24e-05	1.34e-01	8.65e-01
 1.78555e+13	7.24e-05	1.34e-01	8.65e-01
 7.73738e+13	7.26e-05	1.35e-01	8.65e-01
 3.15447e+14	7.39e-05	1.37e-01	8.63e-01
 7.53502e+14	7.48e-05	1.37e-01	8.62e-01
 1.32297e+15	7.71e-05	1.40e-01	8.60e-01
 2.06329e+15	8.10e-05	1.45e-01	8.55e-01
 3.02569e+15	8.74e-05	1.54e-01	8.46e-01
 4.27682e+15	9.80e-05	1.69e-01	8.31e-01
 5.90329e+15	1.16e-04	1.94e-01	8.06e-01
 7.68186e+15	1.43e-04	2.31e-01	7.69e-01
 9.24541e+15	1.76e-04	2.76e-01	7.23e-01
 1.05353e+16	2.13e-04	3.27e-01	6.73e-01
 1.16572e+16	2.54e-04	3.83e-01	6.17e-01
 1.27201e+16	3.04e-04	4.47e-01	5.53e-01
 1.37650e+16	3.61e-04	5.20e-01	4.80e-01
 1.47014e+16	4.20e-04	5.93e-01	4.06e-01
 1.55018e+16	4.74e-04	6.58e-01	3.41e-01
 1.63812e+16	5.34e-04	7.28e-01	2.72e-01
 1.75246e+16	6.07e-04	8.07e-01	1.93e-01
 1.90109e+16	6.89e-04	8.84e-01	1.15e-01
 2.08436e+16	7.59e-04	9.42e-01	5.77e-02
 2.29279e+16	8.15e-04	9.73e-01	2.63e-02
 2.52207e+16	8.62e-04	9.88e-01	1.16e-02
 2.77428e+16	9.06e-04	9.94e-01	5.03e-03
 3.05171e+16	9.52e-04	9.97e-01	2.15e-03
 3.35688e+16	1.00e-03	9.98e-01	9.08e-04
 3.69257e+16	1.06e-03	9.99e-01	3.78e-04
 4.06183e+16	1.13e-03	9.99e-01	1.57e-04
 4.46801e+16	1.21e-03	9.99e-01	6.59e-05
 4.89501e+16	1.31e-03	9.99e-01	2.93e-05
 5.30575e+16	1.41e-03	9.99e-01	1.47e-05
 5.58501e+16	1.49e-03	9.98e-01	9.87e-06
 5.71823e+16	1.54e-03	9.98e-01	8.21e-06
 5.83426e+16	1.58e-03	9.98e-01	6.92e-06
 5.98510e+16	1.63e-03	9.98e-01	5.59e-06
 6.18119e+16	1.70e-03	9.98e-01	4.27e-06
 6.38444e+16	1.79e-03	9.98e-01	3.32e-06
 6.54806e+16	1.86e-03	9.98e-01	2.74e-06
 6.68640e+16	1.93e-03	9.98e-01	2.32e-06
 6.84078e+16	2.01e-03	9.98e-01	1.93e-06
 7.01201e+16	2.11e-03	9.98e-01	1.60e-06
 7.16648e+16	2.21e-03	9.98e-01	1.35e-06
 7.30046e+16	2.30e-03	9.98e-01	1.17e-06
 7.44653e+16	2.41e-03	9.98e-01	9.97e-07
 7.60460e+16	2.54e-03	9.97e-01	8.47e-07
 7.74215e+16	2.67e-03	9.97e-01	7.40e-07
 7.86209e+16	2.80e-03	9.97e-01	6.56e-07
 7.97594e+16	2.93e-03	9.97e-01	5.86e-07
 8.08226e+16	3.06e-03	9.97e-01	5.29e-07
 8.17795e+16	3.19e-03	9.97e-01	4.82e-07
 8.26847e+16	3.32e-03	9.97e-01	4.42e-07
 8.35886e+16	3.47e-03	9.97e-01	4.05e-07
 8.44925e+16	3.62e-03	9.96e-01	3.71e-07
 8.53964e+16	3.79e-03	9.96e-01	3.41e-07
 8.63003e+16	3.98e-03	9.96e-01	3.13e-07
 8.72042e+16	4.19e-03	9.96e-01	2.87e-07
 8.81082e+16	4.41e-03	9.96e-01	2.64e-07
 8.90121e+16	4.66e-03	9.95e-01	2.43e-07
 8.99160e+16	4.94e-03	9.95e-01	2.24e-07
 9.03796e+16	5.09e-03	9.95e-01	2.17e-07
