#depth	O	O+	O+2	O+3	O+4	O+5	O+6	O+7	O+8	O[1]	O[2]	O[3]
 2.97592e+12	6.58e-07	1.13e-03	2.62e-01	7.07e-01	3.00e-02	2.57e-06	0.00e+00	0.00e+00	0.00e+00	4.99e-07	1.01e-07	5.87e-08
 1.78555e+13	6.56e-07	1.13e-03	2.62e-01	7.07e-01	3.00e-02	2.57e-06	0.00e+00	0.00e+00	0.00e+00	4.97e-07	1.00e-07	5.85e-08
 7.73738e+13	6.58e-07	1.14e-03	2.63e-01	7.06e-01	2.98e-02	2.54e-06	0.00e+00	0.00e+00	0.00e+00	4.98e-07	1.01e-07	5.86e-08
 3.15447e+14	6.68e-07	1.16e-03	2.69e-01	7.01e-01	2.89e-02	2.44e-06	0.00e+00	0.00e+00	0.00e+00	5.06e-07	1.02e-07	5.96e-08
 7.53502e+14	6.64e-07	1.18e-03	2.77e-01	6.94e-01	2.76e-02	2.30e-06	0.00e+00	0.00e+00	0.00e+00	5.03e-07	1.02e-07	5.93e-08
 1.32297e+15	6.76e-07	1.22e-03	2.88e-01	6.85e-01	2.59e-02	2.11e-06	0.00e+00	0.00e+00	0.00e+00	5.12e-07	1.03e-07	6.04e-08
 2.06329e+15	7.01e-07	1.28e-03	3.03e-01	6.71e-01	2.39e-02	1.89e-06	0.00e+00	0.00e+00	0.00e+00	5.31e-07	1.07e-07	6.26e-08
 3.02569e+15	7.45e-07	1.37e-03	3.25e-01	6.52e-01	2.13e-02	1.62e-06	0.00e+00	0.00e+00	0.00e+00	5.64e-07	1.14e-07	6.66e-08
 4.27682e+15	8.21e-07	1.52e-03	3.57e-01	6.23e-01	1.83e-02	1.31e-06	0.00e+00	0.00e+00	0.00e+00	6.22e-07	1.25e-07	7.34e-08
 5.90329e+15	9.54e-07	1.75e-03	4.05e-01	5.78e-01	1.46e-02	9.72e-07	0.00e+00	0.00e+00	0.00e+00	7.24e-07	1.45e-07	8.53e-08
 7.68186e+15	1.12e-06	2.06e-03	4.66e-01	5.21e-01	1.11e-02	6.78e-07	0.00e+00	0.00e+00	0.00e+00	8.54e-07	1.70e-07	1.00e-07
 9.24541e+15	1.33e-06	2.39e-03	5.30e-01	4.60e-01	8.30e-03	4.69e-07	0.00e+00	0.00e+00	0.00e+00	1.01e-06	2.00e-07	1.18e-07
 1.05353e+16	1.55e-06	2.74e-03	5.90e-01	4.01e-01	6.23e-03	3.28e-07	0.00e+00	0.00e+00	0.00e+00	1.18e-06	2.32e-07	1.38e-07
 1.16572e+16	1.79e-06	3.09e-03	6.47e-01	3.45e-01	4.64e-03	2.28e-07	0.00e+00	0.00e+00	0.00e+00	1.36e-06	2.68e-07	1.60e-07
 1.27201e+16	2.08e-06	3.48e-03	7.04e-01	2.89e-01	3.33e-03	1.53e-07	0.00e+00	0.00e+00	0.00e+00	1.58e-06	3.10e-07	1.85e-07
 1.37650e+16	2.39e-06	3.89e-03	7.59e-01	2.35e-01	2.29e-03	0.00e+00	0.00e+00	0.00e+00	0.00e+00	1.82e-06	3.56e-07	2.13e-07
 1.47014e+16	2.71e-06	4.27e-03	8.07e-01	1.87e-01	1.55e-03	0.00e+00	0.00e+00	0.00e+00	0.00e+00	2.06e-06	4.03e-07	2.41e-07
 1.55018e+16	3.00e-06	4.60e-03	8.44e-01	1.50e-01	1.06e-03	0.00e+00	0.00e+00	0.00e+00	0.00e+00	2.29e-06	4.46e-07	2.67e-07
 1.63812e+16	3.36e-06	4.97e-03	8.80e-01	1.14e-01	6.71e-04	0.00e+00	0.00e+00	0.00e+00	0.00e+00	2.56e-06	4.98e-07	2.99e-07
 1.75246e+16	3.83e-06	5.40e-03	9.17e-01	7.73e-02	3.49e-04	0.00e+00	0.00e+00	0.00e+00	0.00e+00	2.92e-06	5.66e-07	3.41e-07
 1.90109e+16	4.43e-06	5.89e-03	9.49e-01	4.47e-02	1.39e-04	0.00e+00	0.00e+00	0.00e+00	0.00e+00	3.39e-06	6.54e-07	3.94e-07
 2.08436e+16	5.11e-06	6.36e-03	9.71e-01	2.22e-02	4.29e-05	0.00e+00	0.00e+00	0.00e+00	0.00e+00	3.90e-06	7.52e-07	4.54e-07
 2.29279e+16	5.86e-06	6.81e-03	9.83e-01	1.02e-02	1.13e-05	0.00e+00	0.00e+00	0.00e+00	0.00e+00	4.48e-06	8.62e-07	5.21e-07
 2.52207e+16	6.71e-06	7.24e-03	9.88e-01	4.59e-03	2.77e-06	0.00e+00	0.00e+00	0.00e+00	0.00e+00	5.13e-06	9.87e-07	5.97e-07
 2.77428e+16	7.74e-06	7.69e-03	9.90e-01	2.03e-03	6.40e-07	0.00e+00	0.00e+00	0.00e+00	0.00e+00	5.91e-06	1.14e-06	6.89e-07
 3.05171e+16	9.05e-06	8.22e-03	9.91e-01	8.93e-04	1.42e-07	0.00e+00	0.00e+00	0.00e+00	0.00e+00	6.91e-06	1.34e-06	8.06e-07
 3.35688e+16	1.08e-05	8.84e-03	9.91e-01	3.99e-04	0.00e+00	0.00e+00	0.00e+00	0.00e+00	0.00e+00	8.23e-06	1.60e-06	9.61e-07
 3.69257e+16	1.32e-05	9.59e-03	9.90e-01	1.88e-04	0.00e+00	0.00e+00	0.00e+00	0.00e+00	0.00e+00	1.00e-05	1.95e-06	1.17e-06
 4.06183e+16	1.65e-05	1.05e-02	9.89e-01	9.88e-05	0.00e+00	0.00e+00	0.00e+00	0.00e+00	0.00e+00	1.26e-05	2.46e-06	1.47e-06
 4.46801e+16	2.15e-05	1.18e-02	9.88e-01	6.08e-05	0.00e+00	0.00e+00	0.00e+00	0.00e+00	0.00e+00	1.63e-05	3.22e-06	1.92e-06
 4.89501e+16	2.88e-05	1.34e-02	9.87e-01	4.43e-05	0.00e+00	0.00e+00	0.00e+00	0.00e+00	0.00e+00	2.19e-05	4.35e-06	2.58e-06
 5.30575e+16	3.90e-05	1.53e-02	9.85e-01	3.63e-05	0.00e+00	0.00e+00	0.00e+00	0.00e+00	0.00e+00	2.96e-05	5.93e-06	3.49e-06
 5.58501e+16	4.89e-05	1.69e-02	9.83e-01	3.24e-05	0.00e+00	0.00e+00	0.00e+00	0.00e+00	0.00e+00	3.70e-05	7.45e-06	4.37e-06
 5.71823e+16	5.47e-05	1.78e-02	9.82e-01	3.09e-05	0.00e+00	0.00e+00	0.00e+00	0.00e+00	0.00e+00	4.15e-05	8.34e-06	4.89e-06
 5.83426e+16	6.02e-05	1.86e-02	9.81e-01	2.97e-05	0.00e+00	0.00e+00	0.00e+00	0.00e+00	0.00e+00	4.56e-05	9.18e-06	5.38e-06
 5.98510e+16	6.84e-05	1.98e-02	9.80e-01	2.84e-05	0.00e+00	0.00e+00	0.00e+00	0.00e+00	0.00e+00	5.18e-05	1.04e-05	6.11e-06
 6.18119e+16	8.10e-05	2.14e-02	9.78e-01	2.67e-05	0.00e+00	0.00e+00	0.00e+00	0.00e+00	0.00e+00	6.14e-05	1.24e-05	7.23e-06
 6.38444e+16	9.75e-05	2.34e-02	9.76e-01	2.48e-05	0.00e+00	0.00e+00	0.00e+00	0.00e+00	0.00e+00	7.39e-05	1.49e-05	8.69e-06
 6.54806e+16	1.14e-04	2.53e-02	9.75e-01	2.34e-05	0.00e+00	0.00e+00	0.00e+00	0.00e+00	0.00e+00	8.64e-05	1.74e-05	1.01e-05
 6.68640e+16	1.31e-04	2.70e-02	9.73e-01	2.23e-05	0.00e+00	0.00e+00	0.00e+00	0.00e+00	0.00e+00	9.90e-05	1.99e-05	1.16e-05
 6.84078e+16	1.52e-04	2.91e-02	9.71e-01	2.10e-05	0.00e+00	0.00e+00	0.00e+00	0.00e+00	0.00e+00	1.15e-04	2.32e-05	1.35e-05
 7.01201e+16	1.81e-04	3.18e-02	9.68e-01	1.96e-05	0.00e+00	0.00e+00	0.00e+00	0.00e+00	0.00e+00	1.38e-04	2.77e-05	1.61e-05
 7.16648e+16	2.15e-04	3.46e-02	9.65e-01	1.82e-05	0.00e+00	0.00e+00	0.00e+00	0.00e+00	0.00e+00	1.63e-04	3.27e-05	1.91e-05
 7.30046e+16	2.49e-04	3.74e-02	9.62e-01	1.71e-05	0.00e+00	0.00e+00	0.00e+00	0.00e+00	0.00e+00	1.89e-04	3.80e-05	2.21e-05
 7.44653e+16	2.95e-04	4.07e-02	9.59e-01	1.60e-05	0.00e+00	0.00e+00	0.00e+00	0.00e+00	0.00e+00	2.24e-04	4.49e-05	2.61e-05
 7.60460e+16	3.56e-04	4.49e-02	9.55e-01	1.46e-05	0.00e+00	0.00e+00	0.00e+00	0.00e+00	0.00e+00	2.70e-04	5.42e-05	3.15e-05
 7.74215e+16	4.22e-04	4.90e-02	9.51e-01	1.36e-05	0.00e+00	0.00e+00	0.00e+00	0.00e+00	0.00e+00	3.20e-04	6.43e-05	3.73e-05
 7.86209e+16	4.92e-04	5.31e-02	9.46e-01	1.26e-05	0.00e+00	0.00e+00	0.00e+00	0.00e+00	0.00e+00	3.73e-04	7.49e-05	4.35e-05
 7.97594e+16	5.72e-04	5.75e-02	9.42e-01	1.17e-05	0.00e+00	0.00e+00	0.00e+00	0.00e+00	0.00e+00	4.34e-04	8.71e-05	5.05e-05
 8.08226e+16	6.61e-04	6.20e-02	9.37e-01	1.09e-05	0.00e+00	0.00e+00	0.00e+00	0.00e+00	0.00e+00	5.02e-04	1.01e-04	5.84e-05
 8.17795e+16	7.56e-04	6.66e-02	9.33e-01	1.01e-05	0.00e+00	0.00e+00	0.00e+00	0.00e+00	0.00e+00	5.74e-04	1.15e-04	6.68e-05
 8.26847e+16	8.62e-04	7.14e-02	9.28e-01	9.43e-06	0.00e+00	0.00e+00	0.00e+00	0.00e+00	0.00e+00	6.54e-04	1.31e-04	7.61e-05
 8.35886e+16	9.85e-04	7.67e-02	9.22e-01	8.79e-06	0.00e+00	0.00e+00	0.00e+00	0.00e+00	0.00e+00	7.48e-04	1.50e-04	8.70e-05
 8.44925e+16	1.13e-03	8.25e-02	9.16e-01	8.14e-06	0.00e+00	0.00e+00	0.00e+00	0.00e+00	0.00e+00	8.59e-04	1.72e-04	9.98e-05
 8.53964e+16	1.30e-03	8.90e-02	9.10e-01	7.50e-06	0.00e+00	0.00e+00	0.00e+00	0.00e+00	0.00e+00	9.90e-04	1.98e-04	1.15e-04
 8.63003e+16	1.51e-03	9.63e-02	9.02e-01	6.89e-06	0.00e+00	0.00e+00	0.00e+00	0.00e+00	0.00e+00	1.15e-03	2.30e-04	1.33e-04
 8.72042e+16	1.76e-03	1.04e-01	8.94e-01	6.29e-06	0.00e+00	0.00e+00	0.00e+00	0.00e+00	0.00e+00	1.34e-03	2.67e-04	1.55e-04
 8.81082e+16	2.06e-03	1.14e-01	8.84e-01	5.71e-06	0.00e+00	0.00e+00	0.00e+00	0.00e+00	0.00e+00	1.56e-03	3.13e-04	1.81e-04
 8.90121e+16	2.43e-03	1.24e-01	8.74e-01	5.16e-06	0.00e+00	0.00e+00	0.00e+00	0.00e+00	0.00e+00	1.84e-03	3.68e-04	2.14e-04
 8.99160e+16	2.88e-03	1.36e-01	8.61e-01	4.61e-06	0.00e+00	0.00e+00	0.00e+00	0.00e+00	0.00e+00	2.19e-03	4.37e-04	2.54e-04
 9.03796e+16	3.21e-03	1.44e-01	8.53e-01	4.34e-06	0.00e+00	0.00e+00	0.00e+00	0.00e+00	0.00e+00	2.44e-03	4.86e-04	2.82e-04
