#depth	H	H+	H2
 2.97592e+12	1.04e-03	9.99e-01	2.48e-14
 1.78555e+13	1.04e-03	9.99e-01	2.48e-14
 7.73738e+13	1.04e-03	9.99e-01	2.49e-14
 3.15447e+14	1.03e-03	9.99e-01	2.51e-14
 7.53502e+14	1.02e-03	9.99e-01	2.52e-14
 1.32297e+15	1.00e-03	9.99e-01	2.55e-14
 2.06329e+15	9.91e-04	9.99e-01	2.60e-14
 3.02569e+15	9.82e-04	9.99e-01	2.68e-14
 4.27682e+15	9.77e-04	9.99e-01	2.81e-14
 5.90329e+15	9.80e-04	9.99e-01	3.00e-14
 7.68186e+15	9.80e-04	9.99e-01	3.21e-14
 9.24541e+15	9.86e-04	9.99e-01	3.41e-14
 1.05353e+16	9.97e-04	9.99e-01	3.61e-14
 1.16572e+16	1.01e-03	9.99e-01	3.83e-14
 1.27201e+16	1.04e-03	9.99e-01	4.08e-14
 1.37650e+16	1.06e-03	9.99e-01	4.36e-14
 1.47014e+16	1.08e-03	9.99e-01	4.63e-14
 1.55018e+16	1.10e-03	9.99e-01	4.90e-14
 1.63812e+16	1.14e-03	9.99e-01	5.25e-14
 1.75246e+16	1.18e-03	9.99e-01	5.71e-14
 1.90109e+16	1.23e-03	9.99e-01	6.34e-14
 2.08436e+16	1.29e-03	9.99e-01	7.07e-14
 2.29279e+16	1.36e-03	9.99e-01	7.87e-14
 2.52207e+16	1.43e-03	9.99e-01	8.72e-14
 2.77428e+16	1.51e-03	9.98e-01	9.68e-14
 3.05171e+16	1.61e-03	9.98e-01	1.08e-13
 3.35688e+16	1.74e-03	9.98e-01	1.22e-13
 3.69257e+16	1.89e-03	9.98e-01	1.39e-13
 4.06183e+16	2.08e-03	9.98e-01	1.61e-13
 4.46801e+16	2.33e-03	9.98e-01	1.89e-13
 4.89501e+16	2.65e-03	9.97e-01	2.27e-13
 5.30575e+16	3.03e-03	9.97e-01	2.73e-13
 5.58501e+16	3.35e-03	9.97e-01	3.14e-13
 5.71823e+16	3.52e-03	9.96e-01	3.38e-13
 5.83426e+16	3.67e-03	9.96e-01	3.57e-13
 5.98510e+16	3.87e-03	9.96e-01	3.84e-13
 6.18119e+16	4.16e-03	9.96e-01	4.22e-13
 6.38444e+16	4.50e-03	9.95e-01	4.70e-13
 6.54806e+16	4.81e-03	9.95e-01	5.15e-13
 6.68640e+16	5.10e-03	9.95e-01	5.59e-13
 6.84078e+16	5.44e-03	9.95e-01	6.09e-13
 7.01201e+16	5.85e-03	9.94e-01	6.73e-13
 7.16648e+16	6.29e-03	9.94e-01	7.44e-13
 7.30046e+16	6.69e-03	9.93e-01	8.11e-13
 7.44653e+16	7.18e-03	9.93e-01	8.94e-13
 7.60460e+16	7.77e-03	9.92e-01	9.98e-13
 7.74215e+16	8.34e-03	9.92e-01	1.10e-12
 7.86209e+16	8.89e-03	9.91e-01	1.20e-12
 7.97594e+16	9.47e-03	9.91e-01	1.32e-12
 8.08226e+16	1.01e-02	9.90e-01	1.43e-12
 8.17795e+16	1.06e-02	9.89e-01	1.55e-12
 8.26847e+16	1.12e-02	9.89e-01	1.68e-12
 8.35886e+16	1.19e-02	9.88e-01	1.81e-12
 8.44925e+16	1.26e-02	9.87e-01	1.97e-12
 8.53964e+16	1.34e-02	9.87e-01	2.14e-12
 8.63003e+16	1.42e-02	9.86e-01	2.34e-12
 8.72042e+16	1.51e-02	9.85e-01	2.56e-12
 8.81082e+16	1.62e-02	9.84e-01	2.81e-12
 8.90121e+16	1.74e-02	9.83e-01	3.10e-12
 8.99160e+16	1.87e-02	9.81e-01	3.44e-12
 9.03796e+16	1.96e-02	9.80e-01	3.65e-12
