#depth	He	He+	He+2
 6.51364e+11	5.71e-04	7.99e-01	2.00e-01
 3.90819e+12	5.71e-04	7.99e-01	2.00e-01
 1.69355e+13	5.73e-04	8.00e-01	1.99e-01
 6.90446e+13	5.78e-04	8.05e-01	1.94e-01
 1.64925e+14	5.82e-04	8.08e-01	1.91e-01
 2.89570e+14	5.91e-04	8.16e-01	1.83e-01
 4.51609e+14	6.06e-04	8.31e-01	1.69e-01
 6.62259e+14	6.27e-04	8.51e-01	1.48e-01
 9.36104e+14	6.55e-04	8.78e-01	1.21e-01
 1.29210e+15	6.89e-04	9.10e-01	8.94e-02
 1.75490e+15	7.28e-04	9.42e-01	5.76e-02
 2.35654e+15	7.70e-04	9.68e-01	3.12e-02
 3.13867e+15	8.14e-04	9.86e-01	1.36e-02
 4.15544e+15	8.63e-04	9.94e-01	4.71e-03
 5.47724e+15	9.25e-04	9.98e-01	1.27e-03
 7.19557e+15	1.01e-03	9.99e-01	2.67e-04
 8.98615e+15	1.10e-03	9.99e-01	6.05e-05
 1.05364e+16	1.19e-03	9.99e-01	1.97e-05
 1.22176e+16	1.29e-03	9.99e-01	6.61e-06
 1.40830e+16	1.42e-03	9.99e-01	2.23e-06
 1.57480e+16	1.54e-03	9.98e-01	9.48e-07
 1.73228e+16	1.68e-03	9.98e-01	4.50e-07
 1.85483e+16	1.78e-03	9.98e-01	2.72e-07
 1.92189e+16	1.84e-03	9.98e-01	2.09e-07
 1.98398e+16	1.91e-03	9.98e-01	1.62e-07
 2.06470e+16	2.00e-03	9.98e-01	1.18e-07
 2.15285e+16	2.09e-03	9.98e-01	8.51e-08
 2.23151e+16	2.18e-03	9.98e-01	6.48e-08
 2.30206e+16	2.27e-03	9.98e-01	5.09e-08
 2.38123e+16	2.38e-03	9.98e-01	3.89e-08
 2.46539e+16	2.50e-03	9.97e-01	2.98e-08
 2.53754e+16	2.61e-03	9.97e-01	2.40e-08
 2.60179e+16	2.72e-03	9.97e-01	1.98e-08
 2.67429e+16	2.85e-03	9.97e-01	1.59e-08
 2.75233e+16	2.99e-03	9.97e-01	1.28e-08
 2.82044e+16	3.13e-03	9.97e-01	1.06e-08
 2.88113e+16	3.27e-03	9.97e-01	9.01e-09
 2.94930e+16	3.43e-03	9.97e-01	7.49e-09
 3.02305e+16	3.63e-03	9.96e-01	6.21e-09
 3.08760e+16	3.82e-03	9.96e-01	5.30e-09
 3.14464e+16	4.00e-03	9.96e-01	4.61e-09
 3.20840e+16	4.22e-03	9.96e-01	3.94e-09
 3.27775e+16	4.49e-03	9.96e-01	3.35e-09
 3.33887e+16	4.76e-03	9.95e-01	2.92e-09
 3.39278e+16	5.02e-03	9.95e-01	2.59e-09
 3.45282e+16	5.36e-03	9.95e-01	2.26e-09
 3.51685e+16	5.76e-03	9.94e-01	1.97e-09
 3.57068e+16	6.15e-03	9.94e-01	1.76e-09
 3.61569e+16	6.52e-03	9.93e-01	1.61e-09
 3.66464e+16	6.98e-03	9.93e-01	1.45e-09
 3.71784e+16	7.54e-03	9.92e-01	1.31e-09
 3.76422e+16	8.11e-03	9.92e-01	1.20e-09
 3.80378e+16	8.69e-03	9.91e-01	1.11e-09
 3.84679e+16	9.41e-03	9.91e-01	1.02e-09
 3.89273e+16	1.03e-02	9.90e-01	9.36e-10
 3.93142e+16	1.12e-02	9.89e-01	8.76e-10
 3.96410e+16	1.21e-02	9.88e-01	8.29e-10
 4.00001e+16	1.32e-02	9.87e-01	7.78e-10
 4.03913e+16	1.47e-02	9.85e-01	7.31e-10
 4.07329e+16	1.63e-02	9.84e-01	6.97e-10
 4.10259e+16	1.80e-02	9.82e-01	6.70e-10
 4.13471e+16	2.01e-02	9.80e-01	6.44e-10
 4.16498e+16	2.26e-02	9.77e-01	6.28e-10
 4.18507e+16	2.46e-02	9.75e-01	6.20e-10
 4.20056e+16	2.63e-02	9.74e-01	6.13e-10
 4.21785e+16	2.86e-02	9.71e-01	6.08e-10
 4.23716e+16	3.14e-02	9.69e-01	6.10e-10
 4.25473e+16	3.45e-02	9.66e-01	6.15e-10
 4.26980e+16	3.75e-02	9.62e-01	6.20e-10
 4.28357e+16	4.05e-02	9.59e-01	6.38e-10
 4.29909e+16	4.46e-02	9.55e-01	6.55e-10
 4.31537e+16	4.94e-02	9.51e-01	6.82e-10
 4.32876e+16	5.41e-02	9.46e-01	7.10e-10
 4.34004e+16	5.85e-02	9.42e-01	7.44e-10
 4.35245e+16	6.42e-02	9.36e-01	7.80e-10
 4.36592e+16	7.11e-02	9.29e-01	8.34e-10
 4.37775e+16	7.79e-02	9.22e-01	8.97e-10
 4.38818e+16	8.47e-02	9.15e-01	9.67e-10
 4.39977e+16	9.34e-02	9.07e-01	1.05e-09
 4.41228e+16	1.04e-01	8.96e-01	1.16e-09
 4.42324e+16	1.15e-01	8.85e-01	1.27e-09
 4.43284e+16	1.25e-01	8.75e-01	1.40e-09
 4.44181e+16	1.36e-01	8.64e-01	1.52e-09
 4.45059e+16	1.48e-01	8.52e-01	1.66e-09
 4.45931e+16	1.60e-01	8.40e-01	1.83e-09
 4.46726e+16	1.73e-01	8.27e-01	1.98e-09
 4.47293e+16	1.82e-01	8.18e-01	2.10e-09
 4.47664e+16	1.89e-01	8.11e-01	2.19e-09
 4.48051e+16	1.96e-01	8.04e-01	2.27e-09
 4.48520e+16	2.06e-01	7.94e-01	2.38e-09
 4.48996e+16	2.15e-01	7.85e-01	2.52e-09
 4.49430e+16	2.25e-01	7.75e-01	2.64e-09
 4.49838e+16	2.34e-01	7.66e-01	2.77e-09
 4.50252e+16	2.43e-01	7.57e-01	2.90e-09
 4.50677e+16	2.54e-01	7.46e-01	3.03e-09
 4.51092e+16	2.64e-01	7.36e-01	3.18e-09
 4.51493e+16	2.75e-01	7.25e-01	3.33e-09
 4.51897e+16	2.86e-01	7.14e-01	3.47e-09
 4.52300e+16	2.97e-01	7.03e-01	3.64e-09
 4.52699e+16	3.09e-01	6.91e-01	3.79e-09
 4.53092e+16	3.20e-01	6.80e-01	3.97e-09
 4.53484e+16	3.32e-01	6.68e-01	4.13e-09
 4.53877e+16	3.45e-01	6.55e-01	4.30e-09
 4.54261e+16	3.58e-01	6.42e-01	4.48e-09
 4.54639e+16	3.70e-01	6.30e-01	4.67e-09
 4.55022e+16	3.84e-01	6.16e-01	4.84e-09
 4.55402e+16	3.97e-01	6.03e-01	5.04e-09
 4.55776e+16	4.11e-01	5.89e-01	5.22e-09
 4.56147e+16	4.24e-01	5.76e-01	5.42e-09
 4.56519e+16	4.39e-01	5.61e-01	5.61e-09
 4.56893e+16	4.53e-01	5.47e-01	5.80e-09
 4.57255e+16	4.67e-01	5.33e-01	6.00e-09
 4.57612e+16	4.81e-01	5.19e-01	6.19e-09
 4.57975e+16	4.96e-01	5.04e-01	6.39e-09
 4.58339e+16	5.11e-01	4.89e-01	6.58e-09
 4.58692e+16	5.25e-01	4.75e-01	6.77e-09
 4.59036e+16	5.39e-01	4.61e-01	6.96e-09
 4.59376e+16	5.53e-01	4.47e-01	7.14e-09
 4.59715e+16	5.67e-01	4.33e-01	7.31e-09
 4.60053e+16	5.81e-01	4.19e-01	7.48e-09
 4.60384e+16	5.95e-01	4.05e-01	7.66e-09
 4.60704e+16	6.08e-01	3.92e-01	7.82e-09
 4.61018e+16	6.21e-01	3.79e-01	7.96e-09
 4.61334e+16	6.34e-01	3.66e-01	8.11e-09
 4.61649e+16	6.47e-01	3.53e-01	8.26e-09
 4.61955e+16	6.59e-01	3.41e-01	8.41e-09
 4.62254e+16	6.71e-01	3.29e-01	8.53e-09
 4.62551e+16	6.83e-01	3.17e-01	8.64e-09
 4.62848e+16	6.95e-01	3.05e-01	8.76e-09
 4.63143e+16	7.06e-01	2.94e-01	8.89e-09
 4.63431e+16	7.17e-01	2.83e-01	8.99e-09
 4.63712e+16	7.27e-01	2.73e-01	9.07e-09
 4.63994e+16	7.38e-01	2.62e-01	9.16e-09
 4.64277e+16	7.48e-01	2.52e-01	9.25e-09
 4.64555e+16	7.57e-01	2.43e-01	9.33e-09
 4.64827e+16	7.67e-01	2.33e-01	9.40e-09
 4.65096e+16	7.76e-01	2.24e-01	9.46e-09
 4.65366e+16	7.85e-01	2.15e-01	9.52e-09
 4.65634e+16	7.93e-01	2.07e-01	9.59e-09
 4.65898e+16	8.01e-01	1.99e-01	9.64e-09
 4.66154e+16	8.09e-01	1.91e-01	9.65e-09
 4.66412e+16	8.17e-01	1.83e-01	9.68e-09
 4.66675e+16	8.25e-01	1.75e-01	9.72e-09
 4.66931e+16	8.32e-01	1.68e-01	9.74e-09
 4.67182e+16	8.38e-01	1.62e-01	9.76e-09
 4.67431e+16	8.45e-01	1.55e-01	9.77e-09
 4.67680e+16	8.51e-01	1.49e-01	9.78e-09
 4.67926e+16	8.57e-01	1.43e-01	9.77e-09
 4.68171e+16	8.63e-01	1.37e-01	9.76e-09
 4.68414e+16	8.69e-01	1.31e-01	9.75e-09
 4.68654e+16	8.74e-01	1.26e-01	9.73e-09
 4.68890e+16	8.80e-01	1.20e-01	9.71e-09
 4.69124e+16	8.84e-01	1.16e-01	9.67e-09
 4.69359e+16	8.89e-01	1.11e-01	9.64e-09
 4.69591e+16	8.94e-01	1.06e-01	9.61e-09
 4.69817e+16	8.98e-01	1.02e-01	9.56e-09
 4.70044e+16	9.02e-01	9.77e-02	9.50e-09
 4.70269e+16	9.06e-01	9.36e-02	9.45e-09
 4.70483e+16	9.10e-01	9.00e-02	9.39e-09
 4.70678e+16	9.13e-01	8.67e-02	9.33e-09
 4.70855e+16	9.16e-01	8.38e-02	9.25e-09
 4.71018e+16	9.19e-01	8.12e-02	9.17e-09
 4.71170e+16	9.21e-01	7.88e-02	9.11e-09
 4.71314e+16	9.23e-01	7.66e-02	9.03e-09
 4.71448e+16	9.25e-01	7.45e-02	8.96e-09
 4.71570e+16	9.27e-01	7.27e-02	8.88e-09
 4.71683e+16	9.29e-01	7.11e-02	8.81e-09
 4.71789e+16	9.30e-01	6.96e-02	8.74e-09
 4.71891e+16	9.32e-01	6.81e-02	8.67e-09
 4.71988e+16	9.33e-01	6.67e-02	8.61e-09
 4.72080e+16	9.35e-01	6.55e-02	8.54e-09
 4.72166e+16	9.36e-01	6.43e-02	8.48e-09
 4.72247e+16	9.37e-01	6.32e-02	8.42e-09
 4.72325e+16	9.38e-01	6.22e-02	8.36e-09
 4.72400e+16	9.39e-01	6.12e-02	8.30e-09
 4.72471e+16	9.40e-01	6.03e-02	8.24e-09
 4.72540e+16	9.41e-01	5.94e-02	8.18e-09
 4.72606e+16	9.41e-01	5.85e-02	8.13e-09
 4.72671e+16	9.42e-01	5.77e-02	8.07e-09
 4.72733e+16	9.43e-01	5.69e-02	8.01e-09
 4.72794e+16	9.44e-01	5.62e-02	7.95e-09
 4.72856e+16	9.45e-01	5.54e-02	7.89e-09
 4.72917e+16	9.45e-01	5.46e-02	7.83e-09
 4.72979e+16	9.46e-01	5.39e-02	7.76e-09
 4.73043e+16	9.47e-01	5.31e-02	7.69e-09
 4.73110e+16	9.48e-01	5.23e-02	7.61e-09
 4.73182e+16	9.49e-01	5.14e-02	7.52e-09
 4.73254e+16	9.49e-01	5.05e-02	7.44e-09
 4.73321e+16	9.50e-01	4.97e-02	7.35e-09
 4.73382e+16	9.51e-01	4.90e-02	7.27e-09
 4.73439e+16	9.52e-01	4.83e-02	7.18e-09
 4.73494e+16	9.52e-01	4.76e-02	7.10e-09
 4.73546e+16	9.53e-01	4.70e-02	7.02e-09
 4.73594e+16	9.54e-01	4.64e-02	6.94e-09
 4.73637e+16	9.54e-01	4.59e-02	6.88e-09
 4.73676e+16	9.55e-01	4.54e-02	6.81e-09
 4.73711e+16	9.55e-01	4.49e-02	6.75e-09
 4.73744e+16	9.55e-01	4.45e-02	6.70e-09
 4.73779e+16	9.56e-01	4.41e-02	6.63e-09
 4.73817e+16	9.56e-01	4.36e-02	6.56e-09
 4.73852e+16	9.57e-01	4.31e-02	6.50e-09
 4.73884e+16	9.57e-01	4.28e-02	6.45e-09
 4.73919e+16	9.58e-01	4.23e-02	6.39e-09
 4.73956e+16	9.58e-01	4.19e-02	6.33e-09
 4.73991e+16	9.59e-01	4.14e-02	6.26e-09
 4.74022e+16	9.59e-01	4.11e-02	6.22e-09
 4.74056e+16	9.59e-01	4.06e-02	6.15e-09
 4.74092e+16	9.60e-01	4.02e-02	6.08e-09
 4.74126e+16	9.60e-01	3.98e-02	6.04e-09
 4.74163e+16	9.61e-01	3.94e-02	5.99e-09
 4.74210e+16	9.61e-01	3.89e-02	5.92e-09
 4.74262e+16	9.62e-01	3.83e-02	5.86e-09
 4.74309e+16	9.62e-01	3.78e-02	5.79e-09
 4.74351e+16	9.63e-01	3.74e-02	5.75e-09
