#depth	O	O+	O+2	O+3	O+4	O+5	O+6	O+7	O+8	O[1]	O[2]	O[3]
 6.51364e+11	3.86e-06	7.08e-03	8.94e-01	9.84e-02	1.68e-05	0.00e+00	0.00e+00	0.00e+00	0.00e+00	2.75e-06	7.30e-07	3.74e-07
 3.90819e+12	3.86e-06	7.08e-03	8.95e-01	9.80e-02	1.66e-05	0.00e+00	0.00e+00	0.00e+00	0.00e+00	2.75e-06	7.31e-07	3.74e-07
 1.69355e+13	3.87e-06	7.09e-03	8.96e-01	9.68e-02	1.63e-05	0.00e+00	0.00e+00	0.00e+00	0.00e+00	2.76e-06	7.33e-07	3.75e-07
 6.90446e+13	3.91e-06	7.15e-03	9.01e-01	9.20e-02	1.51e-05	0.00e+00	0.00e+00	0.00e+00	0.00e+00	2.79e-06	7.41e-07	3.79e-07
 1.64925e+14	3.93e-06	7.21e-03	9.07e-01	8.54e-02	1.33e-05	0.00e+00	0.00e+00	0.00e+00	0.00e+00	2.80e-06	7.45e-07	3.82e-07
 2.89570e+14	3.97e-06	7.29e-03	9.15e-01	7.73e-02	1.13e-05	0.00e+00	0.00e+00	0.00e+00	0.00e+00	2.83e-06	7.53e-07	3.85e-07
 4.51609e+14	4.04e-06	7.42e-03	9.25e-01	6.74e-02	9.11e-06	0.00e+00	0.00e+00	0.00e+00	0.00e+00	2.88e-06	7.66e-07	3.93e-07
 6.62259e+14	4.15e-06	7.58e-03	9.36e-01	5.60e-02	6.80e-06	0.00e+00	0.00e+00	0.00e+00	0.00e+00	2.96e-06	7.87e-07	4.04e-07
 9.36104e+14	4.31e-06	7.78e-03	9.49e-01	4.34e-02	4.58e-06	0.00e+00	0.00e+00	0.00e+00	0.00e+00	3.07e-06	8.15e-07	4.19e-07
 1.29210e+15	4.52e-06	8.03e-03	9.61e-01	3.07e-02	2.69e-06	0.00e+00	0.00e+00	0.00e+00	0.00e+00	3.23e-06	8.55e-07	4.39e-07
 1.75490e+15	4.82e-06	8.33e-03	9.73e-01	1.91e-02	1.31e-06	0.00e+00	0.00e+00	0.00e+00	0.00e+00	3.44e-06	9.10e-07	4.69e-07
 2.35654e+15	5.24e-06	8.70e-03	9.81e-01	1.02e-02	5.06e-07	0.00e+00	0.00e+00	0.00e+00	0.00e+00	3.74e-06	9.88e-07	5.09e-07
 3.13867e+15	5.84e-06	9.16e-03	9.86e-01	4.50e-03	1.46e-07	0.00e+00	0.00e+00	0.00e+00	0.00e+00	4.17e-06	1.10e-06	5.68e-07
 4.15544e+15	6.74e-06	9.75e-03	9.89e-01	1.61e-03	0.00e+00	0.00e+00	0.00e+00	0.00e+00	0.00e+00	4.82e-06	1.27e-06	6.55e-07
 5.47724e+15	8.16e-06	1.06e-02	9.89e-01	4.67e-04	0.00e+00	0.00e+00	0.00e+00	0.00e+00	0.00e+00	5.83e-06	1.53e-06	7.93e-07
 7.19557e+15	1.05e-05	1.17e-02	9.88e-01	1.18e-04	0.00e+00	0.00e+00	0.00e+00	0.00e+00	0.00e+00	7.55e-06	1.97e-06	1.03e-06
 8.98615e+15	1.36e-05	1.30e-02	9.87e-01	3.93e-05	0.00e+00	0.00e+00	0.00e+00	0.00e+00	0.00e+00	9.72e-06	2.54e-06	1.32e-06
 1.05364e+16	1.71e-05	1.43e-02	9.86e-01	2.12e-05	0.00e+00	0.00e+00	0.00e+00	0.00e+00	0.00e+00	1.22e-05	3.19e-06	1.66e-06
 1.22176e+16	2.25e-05	1.60e-02	9.84e-01	1.38e-05	0.00e+00	0.00e+00	0.00e+00	0.00e+00	0.00e+00	1.61e-05	4.19e-06	2.18e-06
 1.40830e+16	3.03e-05	1.81e-02	9.82e-01	1.02e-05	0.00e+00	0.00e+00	0.00e+00	0.00e+00	0.00e+00	2.17e-05	5.66e-06	2.95e-06
 1.57480e+16	3.98e-05	2.03e-02	9.80e-01	8.28e-06	0.00e+00	0.00e+00	0.00e+00	0.00e+00	0.00e+00	2.85e-05	7.44e-06	3.87e-06
 1.73228e+16	5.23e-05	2.28e-02	9.77e-01	7.03e-06	0.00e+00	0.00e+00	0.00e+00	0.00e+00	0.00e+00	3.74e-05	9.78e-06	5.08e-06
 1.85483e+16	6.44e-05	2.49e-02	9.75e-01	6.29e-06	0.00e+00	0.00e+00	0.00e+00	0.00e+00	0.00e+00	4.61e-05	1.20e-05	6.25e-06
 1.92189e+16	7.26e-05	2.63e-02	9.74e-01	5.91e-06	0.00e+00	0.00e+00	0.00e+00	0.00e+00	0.00e+00	5.19e-05	1.36e-05	7.04e-06
 1.98398e+16	8.15e-05	2.77e-02	9.72e-01	5.58e-06	0.00e+00	0.00e+00	0.00e+00	0.00e+00	0.00e+00	5.83e-05	1.53e-05	7.91e-06
 2.06470e+16	9.49e-05	2.96e-02	9.70e-01	5.24e-06	0.00e+00	0.00e+00	0.00e+00	0.00e+00	0.00e+00	6.79e-05	1.78e-05	9.22e-06
 2.15285e+16	1.12e-04	3.19e-02	9.68e-01	4.87e-06	0.00e+00	0.00e+00	0.00e+00	0.00e+00	0.00e+00	8.02e-05	2.11e-05	1.09e-05
 2.23151e+16	1.31e-04	3.42e-02	9.66e-01	4.54e-06	0.00e+00	0.00e+00	0.00e+00	0.00e+00	0.00e+00	9.33e-05	2.46e-05	1.27e-05
 2.30206e+16	1.50e-04	3.65e-02	9.63e-01	4.29e-06	0.00e+00	0.00e+00	0.00e+00	0.00e+00	0.00e+00	1.07e-04	2.84e-05	1.46e-05
 2.38123e+16	1.77e-04	3.94e-02	9.60e-01	4.03e-06	0.00e+00	0.00e+00	0.00e+00	0.00e+00	0.00e+00	1.26e-04	3.34e-05	1.72e-05
 2.46539e+16	2.11e-04	4.27e-02	9.57e-01	3.77e-06	0.00e+00	0.00e+00	0.00e+00	0.00e+00	0.00e+00	1.50e-04	3.99e-05	2.05e-05
 2.53754e+16	2.46e-04	4.60e-02	9.54e-01	3.55e-06	0.00e+00	0.00e+00	0.00e+00	0.00e+00	0.00e+00	1.75e-04	4.66e-05	2.39e-05
 2.60179e+16	2.83e-04	4.92e-02	9.51e-01	3.35e-06	0.00e+00	0.00e+00	0.00e+00	0.00e+00	0.00e+00	2.01e-04	5.37e-05	2.74e-05
 2.67429e+16	3.33e-04	5.33e-02	9.46e-01	3.17e-06	0.00e+00	0.00e+00	0.00e+00	0.00e+00	0.00e+00	2.37e-04	6.34e-05	3.24e-05
 2.75233e+16	3.99e-04	5.82e-02	9.41e-01	2.97e-06	0.00e+00	0.00e+00	0.00e+00	0.00e+00	0.00e+00	2.84e-04	7.61e-05	3.87e-05
 2.82044e+16	4.69e-04	6.31e-02	9.36e-01	2.79e-06	0.00e+00	0.00e+00	0.00e+00	0.00e+00	0.00e+00	3.34e-04	8.97e-05	4.56e-05
 2.88113e+16	5.45e-04	6.80e-02	9.31e-01	2.64e-06	0.00e+00	0.00e+00	0.00e+00	0.00e+00	0.00e+00	3.88e-04	1.04e-04	5.29e-05
 2.94930e+16	6.47e-04	7.42e-02	9.25e-01	2.47e-06	0.00e+00	0.00e+00	0.00e+00	0.00e+00	0.00e+00	4.60e-04	1.24e-04	6.28e-05
 3.02305e+16	7.85e-04	8.18e-02	9.17e-01	2.30e-06	0.00e+00	0.00e+00	0.00e+00	0.00e+00	0.00e+00	5.57e-04	1.51e-04	7.62e-05
 3.08760e+16	9.35e-04	8.94e-02	9.10e-01	2.13e-06	0.00e+00	0.00e+00	0.00e+00	0.00e+00	0.00e+00	6.64e-04	1.80e-04	9.07e-05
 3.14464e+16	1.10e-03	9.71e-02	9.02e-01	2.00e-06	0.00e+00	0.00e+00	0.00e+00	0.00e+00	0.00e+00	7.78e-04	2.12e-04	1.06e-04
 3.20840e+16	1.32e-03	1.07e-01	8.92e-01	1.84e-06	0.00e+00	0.00e+00	0.00e+00	0.00e+00	0.00e+00	9.35e-04	2.55e-04	1.28e-04
 3.27775e+16	1.62e-03	1.19e-01	8.79e-01	1.69e-06	0.00e+00	0.00e+00	0.00e+00	0.00e+00	0.00e+00	1.15e-03	3.15e-04	1.58e-04
 3.33887e+16	1.97e-03	1.32e-01	8.66e-01	1.54e-06	0.00e+00	0.00e+00	0.00e+00	0.00e+00	0.00e+00	1.39e-03	3.81e-04	1.91e-04
 3.39278e+16	2.34e-03	1.44e-01	8.53e-01	1.41e-06	0.00e+00	0.00e+00	0.00e+00	0.00e+00	0.00e+00	1.66e-03	4.54e-04	2.27e-04
 3.45282e+16	2.87e-03	1.60e-01	8.37e-01	1.28e-06	0.00e+00	0.00e+00	0.00e+00	0.00e+00	0.00e+00	2.04e-03	5.56e-04	2.78e-04
 3.51685e+16	3.60e-03	1.80e-01	8.16e-01	1.13e-06	0.00e+00	0.00e+00	0.00e+00	0.00e+00	0.00e+00	2.55e-03	6.97e-04	3.48e-04
 3.57068e+16	4.40e-03	2.00e-01	7.95e-01	9.99e-07	0.00e+00	0.00e+00	0.00e+00	0.00e+00	0.00e+00	3.12e-03	8.53e-04	4.25e-04
 3.61569e+16	5.24e-03	2.19e-01	7.76e-01	9.04e-07	0.00e+00	0.00e+00	0.00e+00	0.00e+00	0.00e+00	3.72e-03	1.01e-03	5.05e-04
 3.66464e+16	6.37e-03	2.42e-01	7.52e-01	7.94e-07	0.00e+00	0.00e+00	0.00e+00	0.00e+00	0.00e+00	4.52e-03	1.23e-03	6.14e-04
 3.71784e+16	7.93e-03	2.70e-01	7.22e-01	6.84e-07	0.00e+00	0.00e+00	0.00e+00	0.00e+00	0.00e+00	5.63e-03	1.53e-03	7.64e-04
 3.76422e+16	9.70e-03	2.99e-01	6.91e-01	5.89e-07	0.00e+00	0.00e+00	0.00e+00	0.00e+00	0.00e+00	6.89e-03	1.88e-03	9.33e-04
 3.80378e+16	1.16e-02	3.26e-01	6.62e-01	5.13e-07	0.00e+00	0.00e+00	0.00e+00	0.00e+00	0.00e+00	8.26e-03	2.24e-03	1.12e-03
 3.84679e+16	1.42e-02	3.59e-01	6.26e-01	4.29e-07	0.00e+00	0.00e+00	0.00e+00	0.00e+00	0.00e+00	1.01e-02	2.75e-03	1.37e-03
 3.89273e+16	1.78e-02	3.99e-01	5.83e-01	3.47e-07	0.00e+00	0.00e+00	0.00e+00	0.00e+00	0.00e+00	1.27e-02	3.44e-03	1.71e-03
 3.93142e+16	2.17e-02	4.35e-01	5.43e-01	2.85e-07	0.00e+00	0.00e+00	0.00e+00	0.00e+00	0.00e+00	1.55e-02	4.18e-03	2.08e-03
 3.96410e+16	2.58e-02	4.68e-01	5.06e-01	2.36e-07	0.00e+00	0.00e+00	0.00e+00	0.00e+00	0.00e+00	1.84e-02	4.96e-03	2.47e-03
 4.00001e+16	3.14e-02	5.07e-01	4.61e-01	1.87e-07	0.00e+00	0.00e+00	0.00e+00	0.00e+00	0.00e+00	2.23e-02	6.02e-03	3.00e-03
 4.03913e+16	3.91e-02	5.51e-01	4.10e-01	1.40e-07	0.00e+00	0.00e+00	0.00e+00	0.00e+00	0.00e+00	2.78e-02	7.48e-03	3.74e-03
 4.07329e+16	4.77e-02	5.90e-01	3.62e-01	0.00e+00	0.00e+00	0.00e+00	0.00e+00	0.00e+00	0.00e+00	3.40e-02	9.10e-03	4.55e-03
 4.10259e+16	5.68e-02	6.23e-01	3.20e-01	0.00e+00	0.00e+00	0.00e+00	0.00e+00	0.00e+00	0.00e+00	4.05e-02	1.08e-02	5.42e-03
 4.13471e+16	6.91e-02	6.58e-01	2.73e-01	0.00e+00	0.00e+00	0.00e+00	0.00e+00	0.00e+00	0.00e+00	4.94e-02	1.31e-02	6.58e-03
 4.16498e+16	8.35e-02	6.88e-01	2.29e-01	0.00e+00	0.00e+00	0.00e+00	0.00e+00	0.00e+00	0.00e+00	5.97e-02	1.58e-02	7.94e-03
 4.18507e+16	9.49e-02	7.04e-01	2.01e-01	0.00e+00	0.00e+00	0.00e+00	0.00e+00	0.00e+00	0.00e+00	6.80e-02	1.79e-02	9.02e-03
 4.20056e+16	1.05e-01	7.16e-01	1.79e-01	0.00e+00	0.00e+00	0.00e+00	0.00e+00	0.00e+00	0.00e+00	7.53e-02	1.97e-02	9.97e-03
 4.21785e+16	1.18e-01	7.26e-01	1.56e-01	0.00e+00	0.00e+00	0.00e+00	0.00e+00	0.00e+00	0.00e+00	8.45e-02	2.20e-02	1.12e-02
 4.23716e+16	1.33e-01	7.34e-01	1.33e-01	0.00e+00	0.00e+00	0.00e+00	0.00e+00	0.00e+00	0.00e+00	9.60e-02	2.48e-02	1.26e-02
 4.25473e+16	1.50e-01	7.38e-01	1.12e-01	0.00e+00	0.00e+00	0.00e+00	0.00e+00	0.00e+00	0.00e+00	1.08e-01	2.77e-02	1.42e-02
 4.26980e+16	1.66e-01	7.38e-01	9.61e-02	0.00e+00	0.00e+00	0.00e+00	0.00e+00	0.00e+00	0.00e+00	1.20e-01	3.06e-02	1.57e-02
 4.28357e+16	1.82e-01	7.36e-01	8.28e-02	0.00e+00	0.00e+00	0.00e+00	0.00e+00	0.00e+00	0.00e+00	1.31e-01	3.32e-02	1.71e-02
 4.29909e+16	2.02e-01	7.29e-01	6.87e-02	0.00e+00	0.00e+00	0.00e+00	0.00e+00	0.00e+00	0.00e+00	1.46e-01	3.67e-02	1.89e-02
 4.31537e+16	2.26e-01	7.19e-01	5.58e-02	0.00e+00	0.00e+00	0.00e+00	0.00e+00	0.00e+00	0.00e+00	1.64e-01	4.06e-02	2.11e-02
 4.32876e+16	2.47e-01	7.07e-01	4.63e-02	0.00e+00	0.00e+00	0.00e+00	0.00e+00	0.00e+00	0.00e+00	1.80e-01	4.41e-02	2.30e-02
 4.34004e+16	2.66e-01	6.95e-01	3.93e-02	0.00e+00	0.00e+00	0.00e+00	0.00e+00	0.00e+00	0.00e+00	1.94e-01	4.71e-02	2.48e-02
 4.35245e+16	2.90e-01	6.78e-01	3.23e-02	0.00e+00	0.00e+00	0.00e+00	0.00e+00	0.00e+00	0.00e+00	2.12e-01	5.08e-02	2.68e-02
 4.36592e+16	3.17e-01	6.57e-01	2.58e-02	0.00e+00	0.00e+00	0.00e+00	0.00e+00	0.00e+00	0.00e+00	2.33e-01	5.50e-02	2.93e-02
 4.37775e+16	3.43e-01	6.36e-01	2.09e-02	0.00e+00	0.00e+00	0.00e+00	0.00e+00	0.00e+00	0.00e+00	2.53e-01	5.87e-02	3.15e-02
 4.38818e+16	3.66e-01	6.16e-01	1.73e-02	0.00e+00	0.00e+00	0.00e+00	0.00e+00	0.00e+00	0.00e+00	2.71e-01	6.19e-02	3.34e-02
 4.39977e+16	3.95e-01	5.92e-01	1.37e-02	0.00e+00	0.00e+00	0.00e+00	0.00e+00	0.00e+00	0.00e+00	2.93e-01	6.57e-02	3.58e-02
 4.41228e+16	4.27e-01	5.62e-01	1.06e-02	0.00e+00	0.00e+00	0.00e+00	0.00e+00	0.00e+00	0.00e+00	3.19e-01	6.98e-02	3.84e-02
 4.42324e+16	4.57e-01	5.35e-01	8.32e-03	0.00e+00	0.00e+00	0.00e+00	0.00e+00	0.00e+00	0.00e+00	3.43e-01	7.34e-02	4.08e-02
 4.43284e+16	4.83e-01	5.11e-01	6.70e-03	0.00e+00	0.00e+00	0.00e+00	0.00e+00	0.00e+00	0.00e+00	3.64e-01	7.62e-02	4.27e-02
 4.44181e+16	5.08e-01	4.87e-01	5.41e-03	0.00e+00	0.00e+00	0.00e+00	0.00e+00	0.00e+00	0.00e+00	3.84e-01	7.88e-02	4.46e-02
 4.45059e+16	5.33e-01	4.62e-01	4.35e-03	0.00e+00	0.00e+00	0.00e+00	0.00e+00	0.00e+00	0.00e+00	4.05e-01	8.12e-02	4.64e-02
 4.45931e+16	5.58e-01	4.39e-01	3.49e-03	0.00e+00	0.00e+00	0.00e+00	0.00e+00	0.00e+00	0.00e+00	4.26e-01	8.33e-02	4.81e-02
 4.46726e+16	5.81e-01	4.16e-01	2.83e-03	0.00e+00	0.00e+00	0.00e+00	0.00e+00	0.00e+00	0.00e+00	4.47e-01	8.51e-02	4.96e-02
 4.47293e+16	5.97e-01	4.01e-01	2.44e-03	0.00e+00	0.00e+00	0.00e+00	0.00e+00	0.00e+00	0.00e+00	4.60e-01	8.61e-02	5.05e-02
 4.47664e+16	6.06e-01	3.92e-01	2.22e-03	0.00e+00	0.00e+00	0.00e+00	0.00e+00	0.00e+00	0.00e+00	4.68e-01	8.66e-02	5.11e-02
 4.48051e+16	6.17e-01	3.81e-01	1.99e-03	0.00e+00	0.00e+00	0.00e+00	0.00e+00	0.00e+00	0.00e+00	4.78e-01	8.72e-02	5.17e-02
 4.48520e+16	6.30e-01	3.68e-01	1.74e-03	0.00e+00	0.00e+00	0.00e+00	0.00e+00	0.00e+00	0.00e+00	4.90e-01	8.78e-02	5.24e-02
 4.48996e+16	6.44e-01	3.55e-01	1.52e-03	0.00e+00	0.00e+00	0.00e+00	0.00e+00	0.00e+00	0.00e+00	5.02e-01	8.84e-02	5.31e-02
 4.49430e+16	6.56e-01	3.43e-01	1.34e-03	0.00e+00	0.00e+00	0.00e+00	0.00e+00	0.00e+00	0.00e+00	5.13e-01	8.88e-02	5.36e-02
 4.49838e+16	6.67e-01	3.32e-01	1.19e-03	0.00e+00	0.00e+00	0.00e+00	0.00e+00	0.00e+00	0.00e+00	5.23e-01	8.91e-02	5.41e-02
 4.50252e+16	6.78e-01	3.21e-01	1.05e-03	0.00e+00	0.00e+00	0.00e+00	0.00e+00	0.00e+00	0.00e+00	5.34e-01	8.94e-02	5.46e-02
 4.50677e+16	6.90e-01	3.09e-01	9.20e-04	0.00e+00	0.00e+00	0.00e+00	0.00e+00	0.00e+00	0.00e+00	5.45e-01	8.96e-02	5.51e-02
 4.51092e+16	7.01e-01	2.98e-01	8.09e-04	0.00e+00	0.00e+00	0.00e+00	0.00e+00	0.00e+00	0.00e+00	5.56e-01	8.97e-02	5.55e-02
 4.51493e+16	7.12e-01	2.88e-01	7.13e-04	0.00e+00	0.00e+00	0.00e+00	0.00e+00	0.00e+00	0.00e+00	5.66e-01	8.97e-02	5.58e-02
 4.51897e+16	7.22e-01	2.77e-01	6.26e-04	0.00e+00	0.00e+00	0.00e+00	0.00e+00	0.00e+00	0.00e+00	5.76e-01	8.96e-02	5.62e-02
 4.52300e+16	7.33e-01	2.67e-01	5.50e-04	0.00e+00	0.00e+00	0.00e+00	0.00e+00	0.00e+00	0.00e+00	5.86e-01	8.95e-02	5.64e-02
 4.52699e+16	7.43e-01	2.57e-01	4.81e-04	0.00e+00	0.00e+00	0.00e+00	0.00e+00	0.00e+00	0.00e+00	5.97e-01	8.93e-02	5.67e-02
 4.53092e+16	7.52e-01	2.47e-01	4.23e-04	0.00e+00	0.00e+00	0.00e+00	0.00e+00	0.00e+00	0.00e+00	6.06e-01	8.91e-02	5.68e-02
 4.53484e+16	7.62e-01	2.38e-01	3.70e-04	0.00e+00	0.00e+00	0.00e+00	0.00e+00	0.00e+00	0.00e+00	6.16e-01	8.88e-02	5.70e-02
 4.53877e+16	7.72e-01	2.28e-01	3.23e-04	0.00e+00	0.00e+00	0.00e+00	0.00e+00	0.00e+00	0.00e+00	6.26e-01	8.84e-02	5.71e-02
 4.54261e+16	7.81e-01	2.19e-01	2.83e-04	0.00e+00	0.00e+00	0.00e+00	0.00e+00	0.00e+00	0.00e+00	6.35e-01	8.80e-02	5.71e-02
 4.54639e+16	7.89e-01	2.11e-01	2.48e-04	0.00e+00	0.00e+00	0.00e+00	0.00e+00	0.00e+00	0.00e+00	6.44e-01	8.76e-02	5.72e-02
 4.55022e+16	7.98e-01	2.02e-01	2.16e-04	0.00e+00	0.00e+00	0.00e+00	0.00e+00	0.00e+00	0.00e+00	6.54e-01	8.70e-02	5.71e-02
 4.55402e+16	8.06e-01	1.94e-01	1.89e-04	0.00e+00	0.00e+00	0.00e+00	0.00e+00	0.00e+00	0.00e+00	6.62e-01	8.65e-02	5.71e-02
 4.55776e+16	8.14e-01	1.86e-01	1.65e-04	0.00e+00	0.00e+00	0.00e+00	0.00e+00	0.00e+00	0.00e+00	6.71e-01	8.58e-02	5.70e-02
 4.56147e+16	8.22e-01	1.78e-01	1.44e-04	0.00e+00	0.00e+00	0.00e+00	0.00e+00	0.00e+00	0.00e+00	6.79e-01	8.52e-02	5.69e-02
 4.56519e+16	8.29e-01	1.71e-01	1.25e-04	0.00e+00	0.00e+00	0.00e+00	0.00e+00	0.00e+00	0.00e+00	6.88e-01	8.45e-02	5.67e-02
 4.56893e+16	8.37e-01	1.63e-01	1.09e-04	0.00e+00	0.00e+00	0.00e+00	0.00e+00	0.00e+00	0.00e+00	6.96e-01	8.38e-02	5.65e-02
 4.57255e+16	8.44e-01	1.56e-01	9.51e-05	0.00e+00	0.00e+00	0.00e+00	0.00e+00	0.00e+00	0.00e+00	7.04e-01	8.31e-02	5.63e-02
 4.57612e+16	8.50e-01	1.50e-01	8.30e-05	0.00e+00	0.00e+00	0.00e+00	0.00e+00	0.00e+00	0.00e+00	7.11e-01	8.24e-02	5.61e-02
 4.57975e+16	8.57e-01	1.43e-01	7.21e-05	0.00e+00	0.00e+00	0.00e+00	0.00e+00	0.00e+00	0.00e+00	7.19e-01	8.16e-02	5.58e-02
 4.58339e+16	8.63e-01	1.37e-01	6.25e-05	0.00e+00	0.00e+00	0.00e+00	0.00e+00	0.00e+00	0.00e+00	7.27e-01	8.08e-02	5.55e-02
 4.58692e+16	8.69e-01	1.31e-01	5.44e-05	0.00e+00	0.00e+00	0.00e+00	0.00e+00	0.00e+00	0.00e+00	7.34e-01	8.00e-02	5.52e-02
 4.59036e+16	8.74e-01	1.25e-01	4.75e-05	0.00e+00	0.00e+00	0.00e+00	0.00e+00	0.00e+00	0.00e+00	7.40e-01	7.92e-02	5.49e-02
 4.59376e+16	8.80e-01	1.20e-01	4.15e-05	0.00e+00	0.00e+00	0.00e+00	0.00e+00	0.00e+00	0.00e+00	7.47e-01	7.84e-02	5.46e-02
 4.59715e+16	8.85e-01	1.15e-01	3.62e-05	0.00e+00	0.00e+00	0.00e+00	0.00e+00	0.00e+00	0.00e+00	7.53e-01	7.76e-02	5.43e-02
 4.60053e+16	8.90e-01	1.10e-01	3.15e-05	0.00e+00	0.00e+00	0.00e+00	0.00e+00	0.00e+00	0.00e+00	7.59e-01	7.68e-02	5.39e-02
 4.60384e+16	8.95e-01	1.05e-01	2.76e-05	0.00e+00	0.00e+00	0.00e+00	0.00e+00	0.00e+00	0.00e+00	7.65e-01	7.61e-02	5.36e-02
 4.60704e+16	8.99e-01	1.01e-01	2.42e-05	0.00e+00	0.00e+00	0.00e+00	0.00e+00	0.00e+00	0.00e+00	7.71e-01	7.53e-02	5.32e-02
 4.61018e+16	9.03e-01	9.66e-02	2.12e-05	0.00e+00	0.00e+00	0.00e+00	0.00e+00	0.00e+00	0.00e+00	7.76e-01	7.46e-02	5.29e-02
 4.61334e+16	9.07e-01	9.26e-02	1.86e-05	0.00e+00	0.00e+00	0.00e+00	0.00e+00	0.00e+00	0.00e+00	7.81e-01	7.38e-02	5.25e-02
 4.61649e+16	9.11e-01	8.86e-02	1.63e-05	0.00e+00	0.00e+00	0.00e+00	0.00e+00	0.00e+00	0.00e+00	7.86e-01	7.31e-02	5.21e-02
 4.61955e+16	9.15e-01	8.50e-02	1.43e-05	0.00e+00	0.00e+00	0.00e+00	0.00e+00	0.00e+00	0.00e+00	7.91e-01	7.24e-02	5.18e-02
 4.62254e+16	9.19e-01	8.15e-02	1.26e-05	0.00e+00	0.00e+00	0.00e+00	0.00e+00	0.00e+00	0.00e+00	7.95e-01	7.17e-02	5.14e-02
 4.62551e+16	9.22e-01	7.81e-02	1.11e-05	0.00e+00	0.00e+00	0.00e+00	0.00e+00	0.00e+00	0.00e+00	8.00e-01	7.10e-02	5.10e-02
 4.62848e+16	9.25e-01	7.49e-02	9.79e-06	0.00e+00	0.00e+00	0.00e+00	0.00e+00	0.00e+00	0.00e+00	8.04e-01	7.03e-02	5.07e-02
 4.63143e+16	9.28e-01	7.18e-02	8.62e-06	0.00e+00	0.00e+00	0.00e+00	0.00e+00	0.00e+00	0.00e+00	8.08e-01	6.97e-02	5.03e-02
 4.63431e+16	9.31e-01	6.89e-02	7.61e-06	0.00e+00	0.00e+00	0.00e+00	0.00e+00	0.00e+00	0.00e+00	8.12e-01	6.90e-02	5.00e-02
 4.63712e+16	9.34e-01	6.61e-02	6.74e-06	0.00e+00	0.00e+00	0.00e+00	0.00e+00	0.00e+00	0.00e+00	8.16e-01	6.84e-02	4.96e-02
 4.63994e+16	9.37e-01	6.34e-02	5.96e-06	0.00e+00	0.00e+00	0.00e+00	0.00e+00	0.00e+00	0.00e+00	8.19e-01	6.78e-02	4.93e-02
 4.64277e+16	9.39e-01	6.08e-02	5.26e-06	0.00e+00	0.00e+00	0.00e+00	0.00e+00	0.00e+00	0.00e+00	8.23e-01	6.72e-02	4.89e-02
 4.64555e+16	9.42e-01	5.83e-02	4.65e-06	0.00e+00	0.00e+00	0.00e+00	0.00e+00	0.00e+00	0.00e+00	8.26e-01	6.66e-02	4.86e-02
 4.64827e+16	9.44e-01	5.60e-02	4.13e-06	0.00e+00	0.00e+00	0.00e+00	0.00e+00	0.00e+00	0.00e+00	8.30e-01	6.61e-02	4.83e-02
 4.65096e+16	9.46e-01	5.38e-02	3.67e-06	0.00e+00	0.00e+00	0.00e+00	0.00e+00	0.00e+00	0.00e+00	8.33e-01	6.55e-02	4.80e-02
 4.65366e+16	9.48e-01	5.17e-02	3.25e-06	0.00e+00	0.00e+00	0.00e+00	0.00e+00	0.00e+00	0.00e+00	8.36e-01	6.50e-02	4.76e-02
 4.65634e+16	9.50e-01	4.96e-02	2.89e-06	0.00e+00	0.00e+00	0.00e+00	0.00e+00	0.00e+00	0.00e+00	8.39e-01	6.45e-02	4.72e-02
 4.65898e+16	9.52e-01	4.76e-02	2.57e-06	0.00e+00	0.00e+00	0.00e+00	0.00e+00	0.00e+00	0.00e+00	8.42e-01	6.39e-02	4.69e-02
 4.66154e+16	9.54e-01	4.57e-02	2.29e-06	0.00e+00	0.00e+00	0.00e+00	0.00e+00	0.00e+00	0.00e+00	8.44e-01	6.34e-02	4.65e-02
 4.66412e+16	9.56e-01	4.39e-02	2.04e-06	0.00e+00	0.00e+00	0.00e+00	0.00e+00	0.00e+00	0.00e+00	8.47e-01	6.29e-02	4.62e-02
 4.66675e+16	9.58e-01	4.22e-02	1.81e-06	0.00e+00	0.00e+00	0.00e+00	0.00e+00	0.00e+00	0.00e+00	8.50e-01	6.24e-02	4.59e-02
 4.66931e+16	9.60e-01	4.05e-02	1.61e-06	0.00e+00	0.00e+00	0.00e+00	0.00e+00	0.00e+00	0.00e+00	8.52e-01	6.20e-02	4.55e-02
 4.67182e+16	9.61e-01	3.89e-02	1.44e-06	0.00e+00	0.00e+00	0.00e+00	0.00e+00	0.00e+00	0.00e+00	8.54e-01	6.15e-02	4.52e-02
 4.67431e+16	9.63e-01	3.74e-02	1.29e-06	0.00e+00	0.00e+00	0.00e+00	0.00e+00	0.00e+00	0.00e+00	8.57e-01	6.11e-02	4.49e-02
 4.67680e+16	9.64e-01	3.59e-02	1.15e-06	0.00e+00	0.00e+00	0.00e+00	0.00e+00	0.00e+00	0.00e+00	8.59e-01	6.07e-02	4.46e-02
 4.67926e+16	9.65e-01	3.45e-02	1.03e-06	0.00e+00	0.00e+00	0.00e+00	0.00e+00	0.00e+00	0.00e+00	8.61e-01	6.03e-02	4.43e-02
 4.68171e+16	9.67e-01	3.31e-02	9.19e-07	0.00e+00	0.00e+00	0.00e+00	0.00e+00	0.00e+00	0.00e+00	8.63e-01	5.99e-02	4.40e-02
 4.68414e+16	9.68e-01	3.18e-02	8.23e-07	0.00e+00	0.00e+00	0.00e+00	0.00e+00	0.00e+00	0.00e+00	8.65e-01	5.95e-02	4.37e-02
 4.68654e+16	9.69e-01	3.05e-02	7.37e-07	0.00e+00	0.00e+00	0.00e+00	0.00e+00	0.00e+00	0.00e+00	8.67e-01	5.91e-02	4.35e-02
 4.68890e+16	9.71e-01	2.93e-02	6.62e-07	0.00e+00	0.00e+00	0.00e+00	0.00e+00	0.00e+00	0.00e+00	8.69e-01	5.87e-02	4.32e-02
 4.69124e+16	9.72e-01	2.82e-02	5.95e-07	0.00e+00	0.00e+00	0.00e+00	0.00e+00	0.00e+00	0.00e+00	8.71e-01	5.84e-02	4.29e-02
 4.69359e+16	9.73e-01	2.70e-02	5.34e-07	0.00e+00	0.00e+00	0.00e+00	0.00e+00	0.00e+00	0.00e+00	8.72e-01	5.80e-02	4.27e-02
 4.69591e+16	9.74e-01	2.60e-02	4.80e-07	0.00e+00	0.00e+00	0.00e+00	0.00e+00	0.00e+00	0.00e+00	8.74e-01	5.77e-02	4.24e-02
 4.69817e+16	9.75e-01	2.49e-02	4.33e-07	0.00e+00	0.00e+00	0.00e+00	0.00e+00	0.00e+00	0.00e+00	8.76e-01	5.73e-02	4.22e-02
 4.70044e+16	9.76e-01	2.39e-02	3.90e-07	0.00e+00	0.00e+00	0.00e+00	0.00e+00	0.00e+00	0.00e+00	8.77e-01	5.70e-02	4.19e-02
 4.70269e+16	9.77e-01	2.30e-02	3.52e-07	0.00e+00	0.00e+00	0.00e+00	0.00e+00	0.00e+00	0.00e+00	8.79e-01	5.67e-02	4.17e-02
 4.70483e+16	9.78e-01	2.21e-02	3.19e-07	0.00e+00	0.00e+00	0.00e+00	0.00e+00	0.00e+00	0.00e+00	8.80e-01	5.64e-02	4.14e-02
 4.70678e+16	9.79e-01	2.13e-02	2.92e-07	0.00e+00	0.00e+00	0.00e+00	0.00e+00	0.00e+00	0.00e+00	8.81e-01	5.61e-02	4.12e-02
 4.70855e+16	9.79e-01	2.06e-02	2.70e-07	0.00e+00	0.00e+00	0.00e+00	0.00e+00	0.00e+00	0.00e+00	8.82e-01	5.59e-02	4.10e-02
 4.71018e+16	9.80e-01	2.00e-02	2.51e-07	0.00e+00	0.00e+00	0.00e+00	0.00e+00	0.00e+00	0.00e+00	8.84e-01	5.56e-02	4.09e-02
 4.71170e+16	9.81e-01	1.94e-02	2.35e-07	0.00e+00	0.00e+00	0.00e+00	0.00e+00	0.00e+00	0.00e+00	8.84e-01	5.54e-02	4.07e-02
 4.71314e+16	9.81e-01	1.89e-02	2.20e-07	0.00e+00	0.00e+00	0.00e+00	0.00e+00	0.00e+00	0.00e+00	8.85e-01	5.52e-02	4.06e-02
 4.71448e+16	9.82e-01	1.84e-02	2.07e-07	0.00e+00	0.00e+00	0.00e+00	0.00e+00	0.00e+00	0.00e+00	8.86e-01	5.50e-02	4.04e-02
 4.71570e+16	9.82e-01	1.80e-02	1.96e-07	0.00e+00	0.00e+00	0.00e+00	0.00e+00	0.00e+00	0.00e+00	8.87e-01	5.49e-02	4.03e-02
 4.71683e+16	9.82e-01	1.76e-02	1.87e-07	0.00e+00	0.00e+00	0.00e+00	0.00e+00	0.00e+00	0.00e+00	8.88e-01	5.47e-02	4.01e-02
 4.71789e+16	9.83e-01	1.72e-02	1.78e-07	0.00e+00	0.00e+00	0.00e+00	0.00e+00	0.00e+00	0.00e+00	8.88e-01	5.45e-02	4.00e-02
 4.71891e+16	9.83e-01	1.69e-02	1.70e-07	0.00e+00	0.00e+00	0.00e+00	0.00e+00	0.00e+00	0.00e+00	8.89e-01	5.44e-02	3.99e-02
 4.71988e+16	9.83e-01	1.65e-02	1.63e-07	0.00e+00	0.00e+00	0.00e+00	0.00e+00	0.00e+00	0.00e+00	8.89e-01	5.42e-02	3.98e-02
 4.72080e+16	9.84e-01	1.62e-02	1.56e-07	0.00e+00	0.00e+00	0.00e+00	0.00e+00	0.00e+00	0.00e+00	8.90e-01	5.41e-02	3.97e-02
 4.72166e+16	9.84e-01	1.59e-02	1.50e-07	0.00e+00	0.00e+00	0.00e+00	0.00e+00	0.00e+00	0.00e+00	8.91e-01	5.39e-02	3.95e-02
 4.72247e+16	9.84e-01	1.56e-02	1.45e-07	0.00e+00	0.00e+00	0.00e+00	0.00e+00	0.00e+00	0.00e+00	8.91e-01	5.38e-02	3.94e-02
 4.72325e+16	9.85e-01	1.53e-02	1.40e-07	0.00e+00	0.00e+00	0.00e+00	0.00e+00	0.00e+00	0.00e+00	8.92e-01	5.37e-02	3.93e-02
 4.72400e+16	9.85e-01	1.51e-02	1.35e-07	0.00e+00	0.00e+00	0.00e+00	0.00e+00	0.00e+00	0.00e+00	8.92e-01	5.35e-02	3.92e-02
 4.72471e+16	9.85e-01	1.48e-02	1.31e-07	0.00e+00	0.00e+00	0.00e+00	0.00e+00	0.00e+00	0.00e+00	8.93e-01	5.34e-02	3.91e-02
 4.72540e+16	9.85e-01	1.45e-02	1.27e-07	0.00e+00	0.00e+00	0.00e+00	0.00e+00	0.00e+00	0.00e+00	8.93e-01	5.33e-02	3.90e-02
 4.72606e+16	9.86e-01	1.43e-02	1.23e-07	0.00e+00	0.00e+00	0.00e+00	0.00e+00	0.00e+00	0.00e+00	8.94e-01	5.32e-02	3.89e-02
 4.72671e+16	9.86e-01	1.41e-02	1.19e-07	0.00e+00	0.00e+00	0.00e+00	0.00e+00	0.00e+00	0.00e+00	8.94e-01	5.30e-02	3.88e-02
 4.72733e+16	9.86e-01	1.38e-02	1.16e-07	0.00e+00	0.00e+00	0.00e+00	0.00e+00	0.00e+00	0.00e+00	8.95e-01	5.29e-02	3.87e-02
 4.72794e+16	9.86e-01	1.36e-02	1.13e-07	0.00e+00	0.00e+00	0.00e+00	0.00e+00	0.00e+00	0.00e+00	8.95e-01	5.28e-02	3.86e-02
 4.72856e+16	9.87e-01	1.34e-02	1.09e-07	0.00e+00	0.00e+00	0.00e+00	0.00e+00	0.00e+00	0.00e+00	8.95e-01	5.27e-02	3.85e-02
 4.72917e+16	9.87e-01	1.31e-02	1.06e-07	0.00e+00	0.00e+00	0.00e+00	0.00e+00	0.00e+00	0.00e+00	8.96e-01	5.25e-02	3.84e-02
 4.72979e+16	9.87e-01	1.29e-02	1.03e-07	0.00e+00	0.00e+00	0.00e+00	0.00e+00	0.00e+00	0.00e+00	8.96e-01	5.24e-02	3.83e-02
 4.73043e+16	9.87e-01	1.26e-02	9.99e-08	0.00e+00	0.00e+00	0.00e+00	0.00e+00	0.00e+00	0.00e+00	8.97e-01	5.22e-02	3.81e-02
 4.73110e+16	9.88e-01	1.23e-02	9.66e-08	0.00e+00	0.00e+00	0.00e+00	0.00e+00	0.00e+00	0.00e+00	8.98e-01	5.20e-02	3.80e-02
 4.73182e+16	9.88e-01	1.20e-02	9.31e-08	0.00e+00	0.00e+00	0.00e+00	0.00e+00	0.00e+00	0.00e+00	8.98e-01	5.19e-02	3.78e-02
 4.73254e+16	9.88e-01	1.17e-02	8.97e-08	0.00e+00	0.00e+00	0.00e+00	0.00e+00	0.00e+00	0.00e+00	8.99e-01	5.16e-02	3.76e-02
 4.73321e+16	9.89e-01	1.14e-02	8.67e-08	0.00e+00	0.00e+00	0.00e+00	0.00e+00	0.00e+00	0.00e+00	9.00e-01	5.14e-02	3.75e-02
 4.73382e+16	9.89e-01	1.11e-02	8.39e-08	0.00e+00	0.00e+00	0.00e+00	0.00e+00	0.00e+00	0.00e+00	9.00e-01	5.13e-02	3.73e-02
 4.73439e+16	9.89e-01	1.09e-02	8.14e-08	0.00e+00	0.00e+00	0.00e+00	0.00e+00	0.00e+00	0.00e+00	9.01e-01	5.11e-02	3.71e-02
 4.73494e+16	9.89e-01	1.06e-02	7.90e-08	0.00e+00	0.00e+00	0.00e+00	0.00e+00	0.00e+00	0.00e+00	9.02e-01	5.09e-02	3.70e-02
 4.73546e+16	9.90e-01	1.04e-02	7.67e-08	0.00e+00	0.00e+00	0.00e+00	0.00e+00	0.00e+00	0.00e+00	9.02e-01	5.07e-02	3.68e-02
 4.73594e+16	9.90e-01	1.02e-02	7.47e-08	0.00e+00	0.00e+00	0.00e+00	0.00e+00	0.00e+00	0.00e+00	9.03e-01	5.05e-02	3.67e-02
 4.73637e+16	9.90e-01	1.00e-02	7.29e-08	0.00e+00	0.00e+00	0.00e+00	0.00e+00	0.00e+00	0.00e+00	9.03e-01	5.04e-02	3.65e-02
 4.73676e+16	9.90e-01	9.84e-03	7.13e-08	0.00e+00	0.00e+00	0.00e+00	0.00e+00	0.00e+00	0.00e+00	9.04e-01	5.02e-02	3.64e-02
 4.73711e+16	9.90e-01	9.68e-03	6.98e-08	0.00e+00	0.00e+00	0.00e+00	0.00e+00	0.00e+00	0.00e+00	9.04e-01	5.01e-02	3.63e-02
 4.73744e+16	9.90e-01	9.56e-03	6.85e-08	0.00e+00	0.00e+00	0.00e+00	0.00e+00	0.00e+00	0.00e+00	9.04e-01	5.00e-02	3.62e-02
 4.73779e+16	9.91e-01	9.39e-03	6.69e-08	0.00e+00	0.00e+00	0.00e+00	0.00e+00	0.00e+00	0.00e+00	9.05e-01	4.98e-02	3.60e-02
 4.73817e+16	9.91e-01	9.23e-03	6.54e-08	0.00e+00	0.00e+00	0.00e+00	0.00e+00	0.00e+00	0.00e+00	9.05e-01	4.96e-02	3.59e-02
 4.73852e+16	9.91e-01	9.09e-03	6.40e-08	0.00e+00	0.00e+00	0.00e+00	0.00e+00	0.00e+00	0.00e+00	9.06e-01	4.95e-02	3.58e-02
 4.73884e+16	9.91e-01	8.96e-03	6.28e-08	0.00e+00	0.00e+00	0.00e+00	0.00e+00	0.00e+00	0.00e+00	9.06e-01	4.93e-02	3.57e-02
 4.73919e+16	9.91e-01	8.81e-03	6.13e-08	0.00e+00	0.00e+00	0.00e+00	0.00e+00	0.00e+00	0.00e+00	9.07e-01	4.91e-02	3.55e-02
 4.73956e+16	9.91e-01	8.67e-03	5.99e-08	0.00e+00	0.00e+00	0.00e+00	0.00e+00	0.00e+00	0.00e+00	9.07e-01	4.90e-02	3.54e-02
 4.73991e+16	9.91e-01	8.52e-03	5.85e-08	0.00e+00	0.00e+00	0.00e+00	0.00e+00	0.00e+00	0.00e+00	9.07e-01	4.88e-02	3.52e-02
 4.74022e+16	9.92e-01	8.41e-03	5.74e-08	0.00e+00	0.00e+00	0.00e+00	0.00e+00	0.00e+00	0.00e+00	9.08e-01	4.87e-02	3.51e-02
 4.74056e+16	9.92e-01	8.27e-03	5.60e-08	0.00e+00	0.00e+00	0.00e+00	0.00e+00	0.00e+00	0.00e+00	9.08e-01	4.85e-02	3.50e-02
 4.74092e+16	9.92e-01	8.12e-03	5.46e-08	0.00e+00	0.00e+00	0.00e+00	0.00e+00	0.00e+00	0.00e+00	9.09e-01	4.83e-02	3.48e-02
 4.74126e+16	9.92e-01	8.02e-03	5.35e-08	0.00e+00	0.00e+00	0.00e+00	0.00e+00	0.00e+00	0.00e+00	9.09e-01	4.82e-02	3.47e-02
 4.74163e+16	9.92e-01	7.90e-03	5.22e-08	0.00e+00	0.00e+00	0.00e+00	0.00e+00	0.00e+00	0.00e+00	9.09e-01	4.80e-02	3.46e-02
 4.74210e+16	9.92e-01	7.75e-03	5.06e-08	0.00e+00	0.00e+00	0.00e+00	0.00e+00	0.00e+00	0.00e+00	9.10e-01	4.78e-02	3.45e-02
 4.74262e+16	9.92e-01	7.59e-03	4.88e-08	0.00e+00	0.00e+00	0.00e+00	0.00e+00	0.00e+00	0.00e+00	9.10e-01	4.76e-02	3.43e-02
 4.74309e+16	9.93e-01	7.43e-03	4.72e-08	0.00e+00	0.00e+00	0.00e+00	0.00e+00	0.00e+00	0.00e+00	9.11e-01	4.74e-02	3.41e-02
 4.74351e+16	9.93e-01	7.28e-03	4.58e-08	0.00e+00	0.00e+00	0.00e+00	0.00e+00	0.00e+00	0.00e+00	9.11e-01	4.73e-02	3.40e-02
