#depth	H	H+	H2
 6.51364e+11	1.00e-03	9.99e-01	1.47e-13
 3.90819e+12	1.00e-03	9.99e-01	1.47e-13
 1.69355e+13	1.00e-03	9.99e-01	1.48e-13
 6.90446e+13	1.00e-03	9.99e-01	1.49e-13
 1.64925e+14	9.97e-04	9.99e-01	1.50e-13
 2.89570e+14	9.91e-04	9.99e-01	1.51e-13
 4.51609e+14	9.88e-04	9.99e-01	1.54e-13
 6.62259e+14	9.88e-04	9.99e-01	1.58e-13
 9.36104e+14	9.89e-04	9.99e-01	1.63e-13
 1.29210e+15	9.94e-04	9.99e-01	1.70e-13
 1.75490e+15	1.01e-03	9.99e-01	1.80e-13
 2.35654e+15	1.03e-03	9.99e-01	1.94e-13
 3.13867e+15	1.06e-03	9.99e-01	2.14e-13
 4.15544e+15	1.12e-03	9.99e-01	2.44e-13
 5.47724e+15	1.21e-03	9.99e-01	2.89e-13
 7.19557e+15	1.35e-03	9.99e-01	3.58e-13
 8.98615e+15	1.50e-03	9.98e-01	4.43e-13
 1.05364e+16	1.66e-03	9.98e-01	5.29e-13
 1.22176e+16	1.89e-03	9.98e-01	6.37e-13
 1.40830e+16	2.17e-03	9.98e-01	7.82e-13
 1.57480e+16	2.46e-03	9.98e-01	9.31e-13
 1.73228e+16	2.79e-03	9.97e-01	1.09e-12
 1.85483e+16	3.07e-03	9.97e-01	1.25e-12
 1.92189e+16	3.25e-03	9.97e-01	1.34e-12
 1.98398e+16	3.42e-03	9.97e-01	1.42e-12
 2.06470e+16	3.66e-03	9.96e-01	1.52e-12
 2.15285e+16	3.95e-03	9.96e-01	1.65e-12
 2.23151e+16	4.23e-03	9.96e-01	1.77e-12
 2.30206e+16	4.50e-03	9.95e-01	1.89e-12
 2.38123e+16	4.83e-03	9.95e-01	2.01e-12
 2.46539e+16	5.22e-03	9.95e-01	2.17e-12
 2.53754e+16	5.58e-03	9.94e-01	2.32e-12
 2.60179e+16	5.93e-03	9.94e-01	2.45e-12
 2.67429e+16	6.36e-03	9.94e-01	2.59e-12
 2.75233e+16	6.88e-03	9.93e-01	2.78e-12
 2.82044e+16	7.38e-03	9.93e-01	2.96e-12
 2.88113e+16	7.86e-03	9.92e-01	3.12e-12
 2.94930e+16	8.45e-03	9.92e-01	3.28e-12
 3.02305e+16	9.17e-03	9.91e-01	3.52e-12
 3.08760e+16	9.88e-03	9.90e-01	3.75e-12
 3.14464e+16	1.06e-02	9.89e-01	3.96e-12
 3.20840e+16	1.14e-02	9.89e-01	4.16e-12
 3.27775e+16	1.25e-02	9.88e-01	4.47e-12
 3.33887e+16	1.35e-02	9.86e-01	4.79e-12
 3.39278e+16	1.46e-02	9.85e-01	5.07e-12
 3.45282e+16	1.59e-02	9.84e-01	5.40e-12
 3.51685e+16	1.75e-02	9.82e-01	5.85e-12
 3.57068e+16	1.92e-02	9.81e-01	6.33e-12
 3.61569e+16	2.07e-02	9.79e-01	6.76e-12
 3.66464e+16	2.26e-02	9.77e-01	7.24e-12
 3.71784e+16	2.49e-02	9.75e-01	7.86e-12
 3.76422e+16	2.73e-02	9.73e-01	8.54e-12
 3.80378e+16	2.98e-02	9.70e-01	9.26e-12
 3.84679e+16	3.28e-02	9.67e-01	1.01e-11
 3.89273e+16	3.68e-02	9.63e-01	1.13e-11
 3.93142e+16	4.07e-02	9.59e-01	1.24e-11
 3.96410e+16	4.45e-02	9.55e-01	1.36e-11
 4.00001e+16	4.95e-02	9.50e-01	1.51e-11
 4.03913e+16	5.62e-02	9.44e-01	1.72e-11
 4.07329e+16	6.33e-02	9.37e-01	1.95e-11
 4.10259e+16	7.06e-02	9.29e-01	2.19e-11
 4.13471e+16	8.02e-02	9.20e-01	2.52e-11
 4.16498e+16	9.14e-02	9.09e-01	2.91e-11
 4.18507e+16	1.00e-01	9.00e-01	3.25e-11
 4.20056e+16	1.08e-01	8.92e-01	3.55e-11
 4.21785e+16	1.18e-01	8.82e-01	3.92e-11
 4.23716e+16	1.30e-01	8.70e-01	4.41e-11
 4.25473e+16	1.43e-01	8.57e-01	4.94e-11
 4.26980e+16	1.56e-01	8.44e-01	5.48e-11
 4.28357e+16	1.68e-01	8.32e-01	6.02e-11
 4.29909e+16	1.85e-01	8.15e-01	6.76e-11
 4.31537e+16	2.04e-01	7.96e-01	7.67e-11
 4.32876e+16	2.22e-01	7.78e-01	8.56e-11
 4.34004e+16	2.38e-01	7.62e-01	9.38e-11
 4.35245e+16	2.58e-01	7.42e-01	1.05e-10
 4.36592e+16	2.82e-01	7.18e-01	1.18e-10
 4.37775e+16	3.05e-01	6.95e-01	1.31e-10
 4.38818e+16	3.26e-01	6.74e-01	1.44e-10
 4.39977e+16	3.51e-01	6.49e-01	1.61e-10
 4.41228e+16	3.81e-01	6.19e-01	1.82e-10
 4.42324e+16	4.09e-01	5.91e-01	2.03e-10
 4.43284e+16	4.34e-01	5.66e-01	2.23e-10
 4.44181e+16	4.58e-01	5.42e-01	2.43e-10
 4.45059e+16	4.83e-01	5.17e-01	2.67e-10
 4.45931e+16	5.07e-01	4.93e-01	2.90e-10
 4.46726e+16	5.31e-01	4.69e-01	3.15e-10
 4.47293e+16	5.46e-01	4.54e-01	3.32e-10
 4.47664e+16	5.56e-01	4.44e-01	3.44e-10
 4.48051e+16	5.67e-01	4.33e-01	3.57e-10
 4.48520e+16	5.81e-01	4.19e-01	3.75e-10
 4.48996e+16	5.94e-01	4.06e-01	3.92e-10
 4.49430e+16	6.07e-01	3.93e-01	4.10e-10
 4.49838e+16	6.18e-01	3.82e-01	4.26e-10
 4.50252e+16	6.30e-01	3.70e-01	4.44e-10
 4.50677e+16	6.43e-01	3.57e-01	4.64e-10
 4.51092e+16	6.55e-01	3.45e-01	4.84e-10
 4.51493e+16	6.66e-01	3.34e-01	5.03e-10
 4.51897e+16	6.78e-01	3.22e-01	5.24e-10
 4.52300e+16	6.89e-01	3.11e-01	5.45e-10
 4.52699e+16	7.00e-01	3.00e-01	5.68e-10
 4.53092e+16	7.10e-01	2.90e-01	5.89e-10
 4.53484e+16	7.21e-01	2.79e-01	6.13e-10
 4.53877e+16	7.32e-01	2.68e-01	6.39e-10
 4.54261e+16	7.41e-01	2.59e-01	6.63e-10
 4.54639e+16	7.51e-01	2.49e-01	6.88e-10
 4.55022e+16	7.61e-01	2.39e-01	7.17e-10
 4.55402e+16	7.70e-01	2.30e-01	7.43e-10
 4.55776e+16	7.79e-01	2.21e-01	7.74e-10
 4.56147e+16	7.88e-01	2.12e-01	8.00e-10
 4.56519e+16	7.96e-01	2.04e-01	8.33e-10
 4.56893e+16	8.05e-01	1.95e-01	8.66e-10
 4.57255e+16	8.13e-01	1.87e-01	8.99e-10
 4.57612e+16	8.20e-01	1.80e-01	9.31e-10
 4.57975e+16	8.28e-01	1.72e-01	9.69e-10
 4.58339e+16	8.35e-01	1.65e-01	1.01e-09
 4.58692e+16	8.42e-01	1.58e-01	1.05e-09
 4.59036e+16	8.48e-01	1.52e-01	1.08e-09
 4.59376e+16	8.55e-01	1.45e-01	1.13e-09
 4.59715e+16	8.61e-01	1.39e-01	1.17e-09
 4.60053e+16	8.67e-01	1.33e-01	1.21e-09
 4.60384e+16	8.72e-01	1.28e-01	1.26e-09
 4.60704e+16	8.77e-01	1.23e-01	1.31e-09
 4.61018e+16	8.82e-01	1.18e-01	1.36e-09
 4.61334e+16	8.87e-01	1.13e-01	1.41e-09
 4.61649e+16	8.92e-01	1.08e-01	1.46e-09
 4.61955e+16	8.96e-01	1.04e-01	1.51e-09
 4.62254e+16	9.00e-01	9.97e-02	1.57e-09
 4.62551e+16	9.04e-01	9.57e-02	1.64e-09
 4.62848e+16	9.08e-01	9.18e-02	1.70e-09
 4.63143e+16	9.12e-01	8.82e-02	1.76e-09
 4.63431e+16	9.15e-01	8.46e-02	1.84e-09
 4.63712e+16	9.19e-01	8.13e-02	1.92e-09
 4.63994e+16	9.22e-01	7.81e-02	2.00e-09
 4.64277e+16	9.25e-01	7.49e-02	2.08e-09
 4.64555e+16	9.28e-01	7.19e-02	2.17e-09
 4.64827e+16	9.31e-01	6.91e-02	2.26e-09
 4.65096e+16	9.34e-01	6.65e-02	2.36e-09
 4.65366e+16	9.36e-01	6.39e-02	2.47e-09
 4.65634e+16	9.39e-01	6.14e-02	2.58e-09
 4.65898e+16	9.41e-01	5.90e-02	2.72e-09
 4.66154e+16	9.43e-01	5.67e-02	2.85e-09
 4.66412e+16	9.46e-01	5.45e-02	3.00e-09
 4.66675e+16	9.48e-01	5.23e-02	3.16e-09
 4.66931e+16	9.50e-01	5.03e-02	3.33e-09
 4.67182e+16	9.52e-01	4.83e-02	3.52e-09
 4.67431e+16	9.53e-01	4.65e-02	3.72e-09
 4.67680e+16	9.55e-01	4.47e-02	3.94e-09
 4.67926e+16	9.57e-01	4.30e-02	4.20e-09
 4.68171e+16	9.59e-01	4.13e-02	4.48e-09
 4.68414e+16	9.60e-01	3.97e-02	4.81e-09
 4.68654e+16	9.62e-01	3.81e-02	5.19e-09
 4.68890e+16	9.63e-01	3.67e-02	5.58e-09
 4.69124e+16	9.65e-01	3.52e-02	6.06e-09
 4.69359e+16	9.66e-01	3.39e-02	6.64e-09
 4.69591e+16	9.67e-01	3.25e-02	7.26e-09
 4.69817e+16	9.69e-01	3.13e-02	8.00e-09
 4.70044e+16	9.70e-01	3.00e-02	8.90e-09
 4.70269e+16	9.71e-01	2.88e-02	9.99e-09
 4.70483e+16	9.72e-01	2.77e-02	1.12e-08
 4.70678e+16	9.73e-01	2.68e-02	1.26e-08
 4.70855e+16	9.74e-01	2.60e-02	1.41e-08
 4.71018e+16	9.75e-01	2.52e-02	1.58e-08
 4.71170e+16	9.75e-01	2.45e-02	1.77e-08
 4.71314e+16	9.76e-01	2.39e-02	1.98e-08
 4.71448e+16	9.77e-01	2.33e-02	2.23e-08
 4.71570e+16	9.77e-01	2.28e-02	2.50e-08
 4.71683e+16	9.78e-01	2.23e-02	2.79e-08
 4.71789e+16	9.78e-01	2.18e-02	3.11e-08
 4.71891e+16	9.79e-01	2.14e-02	3.48e-08
 4.71988e+16	9.79e-01	2.10e-02	3.90e-08
 4.72080e+16	9.79e-01	2.06e-02	4.36e-08
 4.72166e+16	9.80e-01	2.02e-02	4.87e-08
 4.72247e+16	9.80e-01	1.98e-02	5.44e-08
 4.72325e+16	9.80e-01	1.95e-02	6.07e-08
 4.72400e+16	9.81e-01	1.92e-02	6.78e-08
 4.72471e+16	9.81e-01	1.89e-02	7.57e-08
 4.72540e+16	9.81e-01	1.86e-02	8.44e-08
 4.72606e+16	9.82e-01	1.83e-02	9.40e-08
 4.72671e+16	9.82e-01	1.80e-02	1.05e-07
 4.72733e+16	9.82e-01	1.77e-02	1.17e-07
 4.72794e+16	9.83e-01	1.74e-02	1.30e-07
 4.72856e+16	9.83e-01	1.71e-02	1.44e-07
 4.72917e+16	9.83e-01	1.68e-02	1.60e-07
 4.72979e+16	9.83e-01	1.65e-02	1.76e-07
 4.73043e+16	9.84e-01	1.62e-02	1.95e-07
 4.73110e+16	9.84e-01	1.59e-02	2.15e-07
 4.73182e+16	9.84e-01	1.55e-02	2.36e-07
 4.73254e+16	9.85e-01	1.51e-02	2.56e-07
 4.73321e+16	9.85e-01	1.48e-02	2.73e-07
 4.73382e+16	9.86e-01	1.45e-02	2.86e-07
 4.73439e+16	9.86e-01	1.42e-02	2.97e-07
 4.73494e+16	9.86e-01	1.39e-02	3.06e-07
 4.73546e+16	9.86e-01	1.36e-02	3.14e-07
 4.73594e+16	9.87e-01	1.33e-02	3.20e-07
 4.73637e+16	9.87e-01	1.31e-02	3.25e-07
 4.73676e+16	9.87e-01	1.29e-02	3.30e-07
 4.73711e+16	9.87e-01	1.27e-02	3.34e-07
 4.73744e+16	9.87e-01	1.26e-02	3.37e-07
 4.73779e+16	9.88e-01	1.24e-02	3.41e-07
 4.73817e+16	9.88e-01	1.22e-02	3.46e-07
 4.73852e+16	9.88e-01	1.20e-02	3.50e-07
 4.73884e+16	9.88e-01	1.19e-02	3.53e-07
 4.73919e+16	9.88e-01	1.17e-02	3.58e-07
 4.73956e+16	9.88e-01	1.15e-02	3.63e-07
 4.73991e+16	9.89e-01	1.14e-02	3.67e-07
 4.74022e+16	9.89e-01	1.13e-02	3.71e-07
 4.74056e+16	9.89e-01	1.11e-02	3.77e-07
 4.74092e+16	9.89e-01	1.09e-02	3.82e-07
 4.74126e+16	9.89e-01	1.08e-02	3.86e-07
 4.74163e+16	9.89e-01	1.06e-02	3.91e-07
 4.74210e+16	9.90e-01	1.05e-02	3.97e-07
 4.74262e+16	9.90e-01	1.03e-02	4.04e-07
 4.74309e+16	9.90e-01	1.01e-02	4.10e-07
 4.74351e+16	9.90e-01	9.91e-03	4.17e-07
