#depth	He	He+	He+2
 1.19883e+12	1.58e-04	1.92e-01	8.08e-01
 7.19297e+12	1.58e-04	1.92e-01	8.08e-01
 3.11696e+13	1.59e-04	1.92e-01	8.07e-01
 1.27076e+14	1.62e-04	1.95e-01	8.05e-01
 3.03543e+14	1.66e-04	1.98e-01	8.02e-01
 5.32951e+14	1.72e-04	2.03e-01	7.97e-01
 8.31182e+14	1.81e-04	2.10e-01	7.90e-01
 1.21888e+15	1.94e-04	2.21e-01	7.79e-01
 1.72289e+15	2.12e-04	2.37e-01	7.63e-01
 2.37810e+15	2.39e-04	2.62e-01	7.38e-01
 3.22988e+15	2.79e-04	3.00e-01	6.99e-01
 4.14141e+15	3.30e-04	3.51e-01	6.48e-01
 4.94758e+15	3.86e-04	4.08e-01	5.91e-01
 5.68069e+15	4.51e-04	4.73e-01	5.27e-01
 6.35992e+15	5.17e-04	5.40e-01	4.60e-01
 7.10099e+15	5.98e-04	6.20e-01	3.80e-01
 7.92753e+15	6.94e-04	7.11e-01	2.88e-01
 8.72490e+15	7.86e-04	7.94e-01	2.05e-01
 9.62120e+15	8.83e-04	8.69e-01	1.30e-01
 1.07864e+16	9.83e-04	9.32e-01	6.73e-02
 1.20172e+16	1.06e-03	9.67e-01	3.18e-02
 1.32190e+16	1.11e-03	9.83e-01	1.56e-02
 1.45409e+16	1.16e-03	9.92e-01	7.31e-03
 1.59949e+16	1.21e-03	9.95e-01	3.35e-03
 1.75944e+16	1.25e-03	9.97e-01	1.51e-03
 1.93539e+16	1.31e-03	9.98e-01	6.65e-04
 2.12893e+16	1.42e-03	9.98e-01	2.79e-04
 2.34182e+16	1.49e-03	9.98e-01	1.15e-04
 2.57600e+16	1.58e-03	9.98e-01	4.78e-05
 2.83360e+16	1.67e-03	9.98e-01	2.03e-05
 3.11696e+16	1.79e-03	9.98e-01	8.87e-06
 3.42866e+16	1.92e-03	9.98e-01	4.04e-06
 3.77152e+16	2.08e-03	9.98e-01	1.93e-06
 4.03183e+16	2.24e-03	9.98e-01	1.22e-06
 4.15300e+16	2.32e-03	9.98e-01	1.01e-06
 4.24603e+16	2.38e-03	9.98e-01	8.56e-07
 4.36698e+16	2.46e-03	9.98e-01	7.00e-07
 4.52421e+16	2.55e-03	9.97e-01	5.49e-07
 4.70140e+16	2.67e-03	9.97e-01	4.28e-07
 4.85953e+16	2.80e-03	9.97e-01	3.49e-07
 4.98742e+16	2.91e-03	9.97e-01	2.98e-07
 5.12098e+16	3.02e-03	9.97e-01	2.53e-07
 5.29462e+16	3.16e-03	9.97e-01	2.07e-07
 5.47093e+16	3.34e-03	9.97e-01	1.73e-07
 5.60311e+16	3.49e-03	9.97e-01	1.53e-07
 5.70561e+16	3.61e-03	9.96e-01	1.38e-07
 5.81710e+16	3.73e-03	9.96e-01	1.25e-07
 5.96205e+16	3.89e-03	9.96e-01	1.10e-07
 6.12071e+16	4.10e-03	9.96e-01	9.66e-08
 6.25565e+16	4.31e-03	9.96e-01	8.74e-08
 6.36453e+16	4.48e-03	9.96e-01	8.08e-08
 6.48107e+16	4.66e-03	9.95e-01	7.43e-08
 6.63258e+16	4.91e-03	9.95e-01	6.71e-08
 6.79183e+16	5.22e-03	9.95e-01	6.09e-08
 6.92045e+16	5.52e-03	9.94e-01	5.66e-08
 7.02435e+16	5.77e-03	9.94e-01	5.35e-08
 7.13684e+16	6.04e-03	9.94e-01	5.03e-08
 7.28306e+16	6.41e-03	9.94e-01	4.67e-08
 7.43639e+16	6.92e-03	9.93e-01	4.33e-08
 7.55631e+16	7.40e-03	9.93e-01	4.10e-08
 7.64685e+16	7.81e-03	9.92e-01	3.93e-08
 7.74184e+16	8.21e-03	9.92e-01	3.77e-08
 7.86533e+16	8.81e-03	9.91e-01	3.57e-08
 7.99541e+16	9.61e-03	9.90e-01	3.38e-08
 8.09853e+16	1.04e-02	9.90e-01	3.23e-08
 8.17662e+16	1.11e-02	9.89e-01	3.12e-08
 8.25768e+16	1.19e-02	9.88e-01	3.01e-08
 8.36305e+16	1.31e-02	9.87e-01	2.87e-08
 8.47125e+16	1.46e-02	9.85e-01	2.73e-08
 8.55415e+16	1.61e-02	9.84e-01	2.63e-08
 8.61840e+16	1.75e-02	9.83e-01	2.55e-08
 8.67701e+16	1.89e-02	9.81e-01	2.47e-08
 8.73401e+16	2.06e-02	9.79e-01	2.40e-08
 8.78950e+16	2.25e-02	9.78e-01	2.33e-08
 8.84133e+16	2.46e-02	9.75e-01	2.26e-08
 8.88832e+16	2.69e-02	9.73e-01	2.20e-08
 8.93106e+16	2.93e-02	9.71e-01	2.14e-08
 8.97080e+16	3.20e-02	9.68e-01	2.08e-08
 9.00858e+16	3.50e-02	9.65e-01	2.03e-08
 9.04456e+16	3.85e-02	9.62e-01	1.98e-08
 9.07802e+16	4.22e-02	9.58e-01	1.94e-08
 9.10900e+16	4.63e-02	9.54e-01	1.89e-08
 9.13805e+16	5.09e-02	9.49e-01	1.85e-08
 9.16537e+16	5.60e-02	9.44e-01	1.82e-08
 9.19130e+16	6.16e-02	9.38e-01	1.78e-08
 9.21589e+16	6.80e-02	9.32e-01	1.75e-08
 9.23909e+16	7.52e-02	9.25e-01	1.73e-08
 9.26095e+16	8.31e-02	9.17e-01	1.70e-08
 9.28162e+16	9.21e-02	9.08e-01	1.68e-08
 9.30125e+16	1.02e-01	8.98e-01	1.67e-08
 9.31992e+16	1.13e-01	8.87e-01	1.65e-08
 9.33735e+16	1.26e-01	8.74e-01	1.65e-08
 9.35281e+16	1.39e-01	8.61e-01	1.64e-08
 9.36592e+16	1.51e-01	8.49e-01	1.64e-08
 9.37731e+16	1.64e-01	8.36e-01	1.64e-08
 9.38780e+16	1.77e-01	8.23e-01	1.64e-08
 9.39588e+16	1.87e-01	8.13e-01	1.65e-08
 9.40103e+16	1.95e-01	8.05e-01	1.65e-08
 9.40578e+16	2.02e-01	7.98e-01	1.65e-08
 9.41152e+16	2.12e-01	7.88e-01	1.65e-08
 9.41774e+16	2.22e-01	7.78e-01	1.65e-08
 9.42344e+16	2.33e-01	7.67e-01	1.66e-08
 9.42842e+16	2.43e-01	7.57e-01	1.66e-08
 9.43320e+16	2.52e-01	7.48e-01	1.67e-08
 9.43814e+16	2.63e-01	7.37e-01	1.67e-08
 9.44314e+16	2.75e-01	7.25e-01	1.68e-08
 9.44793e+16	2.86e-01	7.14e-01	1.69e-08
 9.45245e+16	2.97e-01	7.03e-01	1.69e-08
 9.45684e+16	3.09e-01	6.91e-01	1.70e-08
 9.46122e+16	3.21e-01	6.79e-01	1.70e-08
 9.46556e+16	3.34e-01	6.66e-01	1.71e-08
 9.46977e+16	3.47e-01	6.53e-01	1.72e-08
 9.47385e+16	3.60e-01	6.40e-01	1.72e-08
 9.47783e+16	3.73e-01	6.27e-01	1.73e-08
 9.48176e+16	3.86e-01	6.14e-01	1.73e-08
 9.48562e+16	4.00e-01	6.00e-01	1.74e-08
 9.48940e+16	4.14e-01	5.86e-01	1.74e-08
 9.49308e+16	4.28e-01	5.72e-01	1.75e-08
 9.49668e+16	4.42e-01	5.58e-01	1.75e-08
 9.50022e+16	4.57e-01	5.43e-01	1.75e-08
 9.50370e+16	4.71e-01	5.29e-01	1.76e-08
 9.50710e+16	4.86e-01	5.14e-01	1.76e-08
 9.51043e+16	5.01e-01	4.99e-01	1.76e-08
 9.51370e+16	5.15e-01	4.85e-01	1.76e-08
 9.51690e+16	5.30e-01	4.70e-01	1.76e-08
 9.52000e+16	5.45e-01	4.55e-01	1.76e-08
 9.52300e+16	5.59e-01	4.41e-01	1.75e-08
 9.52591e+16	5.73e-01	4.27e-01	1.75e-08
 9.52874e+16	5.87e-01	4.13e-01	1.74e-08
 9.53150e+16	6.01e-01	3.99e-01	1.74e-08
 9.53419e+16	6.14e-01	3.86e-01	1.73e-08
 9.53680e+16	6.27e-01	3.73e-01	1.72e-08
 9.53934e+16	6.40e-01	3.60e-01	1.72e-08
 9.54184e+16	6.53e-01	3.47e-01	1.71e-08
 9.54428e+16	6.65e-01	3.35e-01	1.70e-08
 9.54662e+16	6.77e-01	3.23e-01	1.68e-08
 9.54890e+16	6.89e-01	3.11e-01	1.67e-08
 9.55114e+16	7.00e-01	3.00e-01	1.66e-08
 9.55333e+16	7.12e-01	2.88e-01	1.65e-08
 9.55543e+16	7.22e-01	2.78e-01	1.63e-08
 9.55750e+16	7.33e-01	2.67e-01	1.62e-08
 9.55955e+16	7.43e-01	2.57e-01	1.60e-08
 9.56152e+16	7.53e-01	2.47e-01	1.59e-08
 9.56344e+16	7.62e-01	2.38e-01	1.57e-08
 9.56532e+16	7.72e-01	2.28e-01	1.55e-08
 9.56718e+16	7.81e-01	2.19e-01	1.53e-08
 9.56899e+16	7.89e-01	2.11e-01	1.52e-08
 9.57075e+16	7.98e-01	2.02e-01	1.50e-08
 9.57248e+16	8.06e-01	1.94e-01	1.48e-08
 9.57416e+16	8.14e-01	1.86e-01	1.46e-08
 9.57580e+16	8.21e-01	1.79e-01	1.43e-08
 9.57740e+16	8.28e-01	1.72e-01	1.41e-08
 9.57896e+16	8.35e-01	1.65e-01	1.39e-08
 9.58048e+16	8.42e-01	1.58e-01	1.37e-08
 9.58197e+16	8.49e-01	1.51e-01	1.34e-08
 9.58341e+16	8.55e-01	1.45e-01	1.32e-08
 9.58482e+16	8.61e-01	1.39e-01	1.30e-08
 9.58619e+16	8.67e-01	1.33e-01	1.27e-08
 9.58752e+16	8.72e-01	1.28e-01	1.24e-08
 9.58883e+16	8.78e-01	1.22e-01	1.22e-08
 9.59010e+16	8.83e-01	1.17e-01	1.19e-08
 9.59130e+16	8.88e-01	1.12e-01	1.17e-08
 9.59246e+16	8.92e-01	1.08e-01	1.14e-08
 9.59359e+16	8.97e-01	1.03e-01	1.11e-08
 9.59465e+16	9.01e-01	9.91e-02	1.09e-08
 9.59561e+16	9.05e-01	9.52e-02	1.06e-08
 9.59649e+16	9.08e-01	9.18e-02	1.04e-08
 9.59731e+16	9.11e-01	8.85e-02	1.01e-08
 9.59808e+16	9.15e-01	8.55e-02	9.85e-09
 9.59877e+16	9.17e-01	8.27e-02	9.61e-09
 9.59938e+16	9.20e-01	8.02e-02	9.40e-09
 9.59994e+16	9.22e-01	7.79e-02	9.18e-09
 9.60047e+16	9.24e-01	7.58e-02	8.98e-09
 9.60097e+16	9.26e-01	7.37e-02	8.77e-09
 9.60143e+16	9.28e-01	7.18e-02	8.58e-09
 9.60185e+16	9.30e-01	7.01e-02	8.40e-09
 9.60224e+16	9.32e-01	6.84e-02	8.21e-09
 9.60260e+16	9.33e-01	6.68e-02	8.04e-09
 9.60294e+16	9.34e-01	6.55e-02	7.90e-09
 9.60326e+16	9.36e-01	6.39e-02	7.70e-09
 9.60356e+16	9.37e-01	6.26e-02	7.54e-09
 9.60380e+16	9.38e-01	6.16e-02	7.42e-09
 9.60405e+16	9.40e-01	6.03e-02	7.24e-09
 9.60428e+16	9.41e-01	5.93e-02	7.13e-09
 9.60449e+16	9.42e-01	5.81e-02	6.95e-09
 9.60468e+16	9.43e-01	5.72e-02	6.85e-09
 9.60485e+16	9.44e-01	5.62e-02	6.69e-09
 9.60501e+16	9.45e-01	5.54e-02	6.59e-09
 9.60516e+16	9.46e-01	5.44e-02	6.43e-09
 9.60530e+16	9.46e-01	5.38e-02	6.34e-09
 9.60542e+16	9.47e-01	5.28e-02	6.19e-09
 9.60554e+16	9.48e-01	5.22e-02	6.10e-09
 9.60564e+16	9.49e-01	5.14e-02	5.96e-09
 9.60575e+16	9.49e-01	5.08e-02	5.87e-09
 9.60585e+16	9.50e-01	4.99e-02	5.72e-09
 9.60594e+16	9.51e-01	4.91e-02	5.58e-09
 9.60604e+16	9.52e-01	4.83e-02	5.44e-09
 9.60614e+16	9.53e-01	4.73e-02	5.27e-09
 9.60623e+16	9.54e-01	4.63e-02	5.09e-09
 9.60633e+16	9.55e-01	4.46e-02	4.76e-09
 9.60642e+16	9.89e-01	1.10e-02	3.01e-10
