#depth	O	O+	O+2	O+3	O+4	O+5	O+6	O+7	O+8	O[1]	O[2]	O[3]
 1.19883e+12	1.35e-06	1.88e-03	2.98e-01	6.79e-01	2.08e-02	1.48e-06	0.00e+00	0.00e+00	0.00e+00	1.06e-06	1.81e-07	1.10e-07
 7.19297e+12	1.35e-06	1.88e-03	2.99e-01	6.79e-01	2.07e-02	1.48e-06	0.00e+00	0.00e+00	0.00e+00	1.06e-06	1.82e-07	1.10e-07
 3.11696e+13	1.36e-06	1.89e-03	3.00e-01	6.78e-01	2.06e-02	1.46e-06	0.00e+00	0.00e+00	0.00e+00	1.06e-06	1.83e-07	1.11e-07
 1.27076e+14	1.39e-06	1.93e-03	3.05e-01	6.73e-01	2.00e-02	1.40e-06	0.00e+00	0.00e+00	0.00e+00	1.09e-06	1.88e-07	1.14e-07
 3.03543e+14	1.42e-06	1.98e-03	3.13e-01	6.66e-01	1.90e-02	1.30e-06	0.00e+00	0.00e+00	0.00e+00	1.11e-06	1.92e-07	1.16e-07
 5.32951e+14	1.49e-06	2.07e-03	3.24e-01	6.56e-01	1.78e-02	1.17e-06	0.00e+00	0.00e+00	0.00e+00	1.16e-06	2.03e-07	1.22e-07
 8.31182e+14	1.57e-06	2.17e-03	3.39e-01	6.43e-01	1.63e-02	1.03e-06	0.00e+00	0.00e+00	0.00e+00	1.23e-06	2.15e-07	1.28e-07
 1.21888e+15	1.68e-06	2.32e-03	3.59e-01	6.24e-01	1.46e-02	8.81e-07	0.00e+00	0.00e+00	0.00e+00	1.31e-06	2.31e-07	1.37e-07
 1.72289e+15	1.83e-06	2.51e-03	3.87e-01	5.98e-01	1.26e-02	7.14e-07	0.00e+00	0.00e+00	0.00e+00	1.43e-06	2.53e-07	1.50e-07
 2.37810e+15	2.04e-06	2.79e-03	4.25e-01	5.62e-01	1.03e-02	5.41e-07	0.00e+00	0.00e+00	0.00e+00	1.59e-06	2.83e-07	1.67e-07
 3.22988e+15	2.35e-06	3.19e-03	4.81e-01	5.08e-01	7.80e-03	3.72e-07	0.00e+00	0.00e+00	0.00e+00	1.83e-06	3.27e-07	1.92e-07
 4.14141e+15	2.66e-06	3.63e-03	5.45e-01	4.45e-01	5.63e-03	2.44e-07	0.00e+00	0.00e+00	0.00e+00	2.07e-06	3.73e-07	2.18e-07
 4.94758e+15	2.98e-06	4.08e-03	6.09e-01	3.83e-01	4.05e-03	1.61e-07	0.00e+00	0.00e+00	0.00e+00	2.32e-06	4.19e-07	2.45e-07
 5.68069e+15	3.40e-06	4.58e-03	6.72e-01	3.21e-01	2.83e-03	0.00e+00	0.00e+00	0.00e+00	0.00e+00	2.64e-06	4.82e-07	2.81e-07
 6.35992e+15	3.75e-06	5.03e-03	7.29e-01	2.64e-01	1.96e-03	0.00e+00	0.00e+00	0.00e+00	0.00e+00	2.91e-06	5.33e-07	3.11e-07
 7.10099e+15	4.23e-06	5.56e-03	7.89e-01	2.04e-01	1.23e-03	0.00e+00	0.00e+00	0.00e+00	0.00e+00	3.28e-06	6.02e-07	3.51e-07
 7.92753e+15	4.81e-06	6.15e-03	8.48e-01	1.45e-01	6.83e-04	0.00e+00	0.00e+00	0.00e+00	0.00e+00	3.72e-06	6.86e-07	4.00e-07
 8.72490e+15	5.40e-06	6.70e-03	8.94e-01	9.90e-02	3.55e-04	0.00e+00	0.00e+00	0.00e+00	0.00e+00	4.18e-06	7.74e-07	4.51e-07
 9.62120e+15	6.19e-06	7.32e-03	9.32e-01	6.06e-02	1.55e-04	0.00e+00	0.00e+00	0.00e+00	0.00e+00	4.78e-06	8.91e-07	5.17e-07
 1.07864e+16	7.18e-06	7.99e-03	9.61e-01	3.08e-02	4.95e-05	0.00e+00	0.00e+00	0.00e+00	0.00e+00	5.54e-06	1.04e-06	6.01e-07
 1.20172e+16	8.09e-06	8.53e-03	9.77e-01	1.49e-02	1.46e-05	0.00e+00	0.00e+00	0.00e+00	0.00e+00	6.24e-06	1.17e-06	6.77e-07
 1.32190e+16	8.98e-06	9.00e-03	9.84e-01	7.43e-03	4.42e-06	0.00e+00	0.00e+00	0.00e+00	0.00e+00	6.92e-06	1.31e-06	7.53e-07
 1.45409e+16	9.96e-06	9.47e-03	9.87e-01	3.58e-03	1.24e-06	0.00e+00	0.00e+00	0.00e+00	0.00e+00	7.67e-06	1.45e-06	8.36e-07
 1.59949e+16	1.11e-05	9.95e-03	9.88e-01	1.68e-03	3.26e-07	0.00e+00	0.00e+00	0.00e+00	0.00e+00	8.52e-06	1.62e-06	9.29e-07
 1.75944e+16	1.24e-05	1.05e-02	9.89e-01	7.69e-04	0.00e+00	0.00e+00	0.00e+00	0.00e+00	0.00e+00	9.52e-06	1.81e-06	1.04e-06
 1.93539e+16	1.39e-05	1.11e-02	9.89e-01	3.45e-04	0.00e+00	0.00e+00	0.00e+00	0.00e+00	0.00e+00	1.07e-05	2.05e-06	1.17e-06
 2.12893e+16	1.75e-05	1.23e-02	9.88e-01	1.45e-04	0.00e+00	0.00e+00	0.00e+00	0.00e+00	0.00e+00	1.34e-05	2.62e-06	1.49e-06
 2.34182e+16	2.05e-05	1.32e-02	9.87e-01	6.11e-05	0.00e+00	0.00e+00	0.00e+00	0.00e+00	0.00e+00	1.57e-05	3.08e-06	1.75e-06
 2.57600e+16	2.44e-05	1.42e-02	9.86e-01	2.65e-05	0.00e+00	0.00e+00	0.00e+00	0.00e+00	0.00e+00	1.87e-05	3.67e-06	2.09e-06
 2.83360e+16	2.96e-05	1.54e-02	9.85e-01	1.20e-05	0.00e+00	0.00e+00	0.00e+00	0.00e+00	0.00e+00	2.26e-05	4.44e-06	2.54e-06
 3.11696e+16	3.68e-05	1.69e-02	9.83e-01	5.84e-06	0.00e+00	0.00e+00	0.00e+00	0.00e+00	0.00e+00	2.81e-05	5.52e-06	3.17e-06
 3.42866e+16	4.70e-05	1.88e-02	9.81e-01	3.10e-06	0.00e+00	0.00e+00	0.00e+00	0.00e+00	0.00e+00	3.59e-05	7.02e-06	4.05e-06
 3.77152e+16	6.20e-05	2.11e-02	9.79e-01	1.82e-06	0.00e+00	0.00e+00	0.00e+00	0.00e+00	0.00e+00	4.74e-05	9.23e-06	5.37e-06
 4.03183e+16	8.04e-05	2.36e-02	9.76e-01	1.33e-06	0.00e+00	0.00e+00	0.00e+00	0.00e+00	0.00e+00	6.15e-05	1.20e-05	6.98e-06
 4.15300e+16	9.08e-05	2.49e-02	9.75e-01	1.17e-06	0.00e+00	0.00e+00	0.00e+00	0.00e+00	0.00e+00	6.94e-05	1.35e-05	7.89e-06
 4.24603e+16	9.90e-05	2.58e-02	9.74e-01	1.06e-06	0.00e+00	0.00e+00	0.00e+00	0.00e+00	0.00e+00	7.57e-05	1.47e-05	8.62e-06
 4.36698e+16	1.10e-04	2.71e-02	9.73e-01	9.45e-07	0.00e+00	0.00e+00	0.00e+00	0.00e+00	0.00e+00	8.44e-05	1.64e-05	9.62e-06
 4.52421e+16	1.27e-04	2.88e-02	9.71e-01	8.20e-07	0.00e+00	0.00e+00	0.00e+00	0.00e+00	0.00e+00	9.69e-05	1.87e-05	1.10e-05
 4.70140e+16	1.50e-04	3.10e-02	9.69e-01	7.11e-07	0.00e+00	0.00e+00	0.00e+00	0.00e+00	0.00e+00	1.15e-04	2.21e-05	1.31e-05
 4.85953e+16	1.78e-04	3.35e-02	9.66e-01	6.31e-07	0.00e+00	0.00e+00	0.00e+00	0.00e+00	0.00e+00	1.36e-04	2.61e-05	1.56e-05
 4.98742e+16	2.05e-04	3.57e-02	9.64e-01	5.76e-07	0.00e+00	0.00e+00	0.00e+00	0.00e+00	0.00e+00	1.57e-04	3.00e-05	1.80e-05
 5.12098e+16	2.33e-04	3.79e-02	9.62e-01	5.26e-07	0.00e+00	0.00e+00	0.00e+00	0.00e+00	0.00e+00	1.79e-04	3.40e-05	2.04e-05
 5.29462e+16	2.78e-04	4.11e-02	9.59e-01	4.73e-07	0.00e+00	0.00e+00	0.00e+00	0.00e+00	0.00e+00	2.13e-04	4.03e-05	2.44e-05
 5.47093e+16	3.41e-04	4.53e-02	9.54e-01	4.24e-07	0.00e+00	0.00e+00	0.00e+00	0.00e+00	0.00e+00	2.62e-04	4.93e-05	3.00e-05
 5.60311e+16	4.02e-04	4.91e-02	9.51e-01	3.90e-07	0.00e+00	0.00e+00	0.00e+00	0.00e+00	0.00e+00	3.09e-04	5.80e-05	3.54e-05
 5.70561e+16	4.58e-04	5.23e-02	9.47e-01	3.68e-07	0.00e+00	0.00e+00	0.00e+00	0.00e+00	0.00e+00	3.51e-04	6.58e-05	4.03e-05
 5.81710e+16	5.17e-04	5.55e-02	9.44e-01	3.44e-07	0.00e+00	0.00e+00	0.00e+00	0.00e+00	0.00e+00	3.97e-04	7.41e-05	4.55e-05
 5.96205e+16	6.08e-04	6.02e-02	9.39e-01	3.20e-07	0.00e+00	0.00e+00	0.00e+00	0.00e+00	0.00e+00	4.68e-04	8.65e-05	5.34e-05
 6.12071e+16	7.43e-04	6.66e-02	9.33e-01	2.92e-07	0.00e+00	0.00e+00	0.00e+00	0.00e+00	0.00e+00	5.73e-04	1.05e-04	6.51e-05
 6.25565e+16	8.93e-04	7.31e-02	9.26e-01	2.69e-07	0.00e+00	0.00e+00	0.00e+00	0.00e+00	0.00e+00	6.89e-04	1.26e-04	7.80e-05
 6.36453e+16	1.04e-03	7.90e-02	9.20e-01	2.52e-07	0.00e+00	0.00e+00	0.00e+00	0.00e+00	0.00e+00	8.01e-04	1.46e-04	9.04e-05
 6.48107e+16	1.20e-03	8.51e-02	9.14e-01	2.37e-07	0.00e+00	0.00e+00	0.00e+00	0.00e+00	0.00e+00	9.28e-04	1.67e-04	1.04e-04
 6.63258e+16	1.45e-03	9.43e-02	9.04e-01	2.18e-07	0.00e+00	0.00e+00	0.00e+00	0.00e+00	0.00e+00	1.13e-03	2.02e-04	1.26e-04
 6.79183e+16	1.83e-03	1.06e-01	8.92e-01	1.97e-07	0.00e+00	0.00e+00	0.00e+00	0.00e+00	0.00e+00	1.42e-03	2.52e-04	1.58e-04
 6.92045e+16	2.23e-03	1.18e-01	8.79e-01	1.79e-07	0.00e+00	0.00e+00	0.00e+00	0.00e+00	0.00e+00	1.74e-03	3.06e-04	1.92e-04
 7.02435e+16	2.61e-03	1.29e-01	8.69e-01	1.67e-07	0.00e+00	0.00e+00	0.00e+00	0.00e+00	0.00e+00	2.03e-03	3.56e-04	2.24e-04
 7.13684e+16	3.06e-03	1.40e-01	8.57e-01	1.54e-07	0.00e+00	0.00e+00	0.00e+00	0.00e+00	0.00e+00	2.38e-03	4.15e-04	2.61e-04
 7.28306e+16	3.77e-03	1.57e-01	8.39e-01	1.40e-07	0.00e+00	0.00e+00	0.00e+00	0.00e+00	0.00e+00	2.94e-03	5.08e-04	3.21e-04
 7.43639e+16	4.86e-03	1.80e-01	8.15e-01	0.00e+00	0.00e+00	0.00e+00	0.00e+00	0.00e+00	0.00e+00	3.80e-03	6.49e-04	4.11e-04
 7.55631e+16	6.01e-03	2.02e-01	7.92e-01	0.00e+00	0.00e+00	0.00e+00	0.00e+00	0.00e+00	0.00e+00	4.71e-03	8.01e-04	5.08e-04
 7.64685e+16	7.09e-03	2.20e-01	7.73e-01	0.00e+00	0.00e+00	0.00e+00	0.00e+00	0.00e+00	0.00e+00	5.55e-03	9.40e-04	5.97e-04
 7.74184e+16	8.26e-03	2.39e-01	7.53e-01	0.00e+00	0.00e+00	0.00e+00	0.00e+00	0.00e+00	0.00e+00	6.48e-03	1.09e-03	6.93e-04
 7.86533e+16	1.02e-02	2.67e-01	7.23e-01	0.00e+00	0.00e+00	0.00e+00	0.00e+00	0.00e+00	0.00e+00	8.00e-03	1.33e-03	8.48e-04
 7.99541e+16	1.30e-02	3.03e-01	6.84e-01	0.00e+00	0.00e+00	0.00e+00	0.00e+00	0.00e+00	0.00e+00	1.03e-02	1.68e-03	1.08e-03
 8.09853e+16	1.62e-02	3.39e-01	6.45e-01	0.00e+00	0.00e+00	0.00e+00	0.00e+00	0.00e+00	0.00e+00	1.28e-02	2.08e-03	1.34e-03
 8.17662e+16	1.91e-02	3.67e-01	6.14e-01	0.00e+00	0.00e+00	0.00e+00	0.00e+00	0.00e+00	0.00e+00	1.51e-02	2.44e-03	1.57e-03
 8.25768e+16	2.25e-02	3.97e-01	5.80e-01	0.00e+00	0.00e+00	0.00e+00	0.00e+00	0.00e+00	0.00e+00	1.78e-02	2.86e-03	1.85e-03
 8.36305e+16	2.80e-02	4.40e-01	5.32e-01	0.00e+00	0.00e+00	0.00e+00	0.00e+00	0.00e+00	0.00e+00	2.21e-02	3.53e-03	2.29e-03
 8.47125e+16	3.59e-02	4.91e-01	4.73e-01	0.00e+00	0.00e+00	0.00e+00	0.00e+00	0.00e+00	0.00e+00	2.85e-02	4.50e-03	2.93e-03
 8.55415e+16	4.41e-02	5.33e-01	4.23e-01	0.00e+00	0.00e+00	0.00e+00	0.00e+00	0.00e+00	0.00e+00	3.50e-02	5.51e-03	3.58e-03
 8.61840e+16	5.17e-02	5.66e-01	3.82e-01	0.00e+00	0.00e+00	0.00e+00	0.00e+00	0.00e+00	0.00e+00	4.11e-02	6.44e-03	4.19e-03
 8.67701e+16	6.00e-02	5.96e-01	3.44e-01	0.00e+00	0.00e+00	0.00e+00	0.00e+00	0.00e+00	0.00e+00	4.77e-02	7.44e-03	4.85e-03
 8.73401e+16	6.95e-02	6.25e-01	3.06e-01	0.00e+00	0.00e+00	0.00e+00	0.00e+00	0.00e+00	0.00e+00	5.53e-02	8.60e-03	5.62e-03
 8.78950e+16	8.05e-02	6.51e-01	2.68e-01	0.00e+00	0.00e+00	0.00e+00	0.00e+00	0.00e+00	0.00e+00	6.41e-02	9.93e-03	6.49e-03
 8.84133e+16	9.29e-02	6.75e-01	2.33e-01	0.00e+00	0.00e+00	0.00e+00	0.00e+00	0.00e+00	0.00e+00	7.39e-02	1.14e-02	7.48e-03
 8.88832e+16	1.06e-01	6.93e-01	2.01e-01	0.00e+00	0.00e+00	0.00e+00	0.00e+00	0.00e+00	0.00e+00	8.45e-02	1.30e-02	8.54e-03
 8.93106e+16	1.20e-01	7.07e-01	1.72e-01	0.00e+00	0.00e+00	0.00e+00	0.00e+00	0.00e+00	0.00e+00	9.58e-02	1.47e-02	9.66e-03
 8.97080e+16	1.35e-01	7.17e-01	1.47e-01	0.00e+00	0.00e+00	0.00e+00	0.00e+00	0.00e+00	0.00e+00	1.08e-01	1.66e-02	1.09e-02
 9.00858e+16	1.52e-01	7.24e-01	1.25e-01	0.00e+00	0.00e+00	0.00e+00	0.00e+00	0.00e+00	0.00e+00	1.21e-01	1.85e-02	1.22e-02
 9.04456e+16	1.70e-01	7.26e-01	1.04e-01	0.00e+00	0.00e+00	0.00e+00	0.00e+00	0.00e+00	0.00e+00	1.36e-01	2.07e-02	1.36e-02
 9.07802e+16	1.89e-01	7.24e-01	8.68e-02	0.00e+00	0.00e+00	0.00e+00	0.00e+00	0.00e+00	0.00e+00	1.51e-01	2.30e-02	1.51e-02
 9.10900e+16	2.09e-01	7.19e-01	7.17e-02	0.00e+00	0.00e+00	0.00e+00	0.00e+00	0.00e+00	0.00e+00	1.67e-01	2.54e-02	1.67e-02
 9.13805e+16	2.31e-01	7.10e-01	5.89e-02	0.00e+00	0.00e+00	0.00e+00	0.00e+00	0.00e+00	0.00e+00	1.85e-01	2.79e-02	1.84e-02
 9.16537e+16	2.54e-01	6.98e-01	4.81e-02	0.00e+00	0.00e+00	0.00e+00	0.00e+00	0.00e+00	0.00e+00	2.03e-01	3.06e-02	2.02e-02
 9.19130e+16	2.78e-01	6.83e-01	3.89e-02	0.00e+00	0.00e+00	0.00e+00	0.00e+00	0.00e+00	0.00e+00	2.22e-01	3.34e-02	2.20e-02
 9.21589e+16	3.04e-01	6.65e-01	3.12e-02	0.00e+00	0.00e+00	0.00e+00	0.00e+00	0.00e+00	0.00e+00	2.43e-01	3.63e-02	2.40e-02
 9.23909e+16	3.30e-01	6.45e-01	2.48e-02	0.00e+00	0.00e+00	0.00e+00	0.00e+00	0.00e+00	0.00e+00	2.65e-01	3.93e-02	2.60e-02
 9.26095e+16	3.58e-01	6.22e-01	1.96e-02	0.00e+00	0.00e+00	0.00e+00	0.00e+00	0.00e+00	0.00e+00	2.88e-01	4.24e-02	2.81e-02
 9.28162e+16	3.87e-01	5.97e-01	1.54e-02	0.00e+00	0.00e+00	0.00e+00	0.00e+00	0.00e+00	0.00e+00	3.12e-01	4.56e-02	3.03e-02
 9.30125e+16	4.18e-01	5.70e-01	1.19e-02	0.00e+00	0.00e+00	0.00e+00	0.00e+00	0.00e+00	0.00e+00	3.36e-01	4.87e-02	3.25e-02
 9.31992e+16	4.49e-01	5.42e-01	9.17e-03	0.00e+00	0.00e+00	0.00e+00	0.00e+00	0.00e+00	0.00e+00	3.62e-01	5.19e-02	3.47e-02
 9.33735e+16	4.80e-01	5.13e-01	7.01e-03	0.00e+00	0.00e+00	0.00e+00	0.00e+00	0.00e+00	0.00e+00	3.88e-01	5.50e-02	3.69e-02
 9.35281e+16	5.10e-01	4.85e-01	5.42e-03	0.00e+00	0.00e+00	0.00e+00	0.00e+00	0.00e+00	0.00e+00	4.13e-01	5.78e-02	3.89e-02
 9.36592e+16	5.36e-01	4.60e-01	4.29e-03	0.00e+00	0.00e+00	0.00e+00	0.00e+00	0.00e+00	0.00e+00	4.35e-01	6.03e-02	4.06e-02
 9.37731e+16	5.59e-01	4.37e-01	3.46e-03	0.00e+00	0.00e+00	0.00e+00	0.00e+00	0.00e+00	0.00e+00	4.55e-01	6.23e-02	4.21e-02
 9.38780e+16	5.81e-01	4.16e-01	2.81e-03	0.00e+00	0.00e+00	0.00e+00	0.00e+00	0.00e+00	0.00e+00	4.74e-01	6.40e-02	4.34e-02
 9.39588e+16	5.99e-01	3.99e-01	2.37e-03	0.00e+00	0.00e+00	0.00e+00	0.00e+00	0.00e+00	0.00e+00	4.89e-01	6.54e-02	4.44e-02
 9.40103e+16	6.09e-01	3.89e-01	2.14e-03	0.00e+00	0.00e+00	0.00e+00	0.00e+00	0.00e+00	0.00e+00	4.98e-01	6.61e-02	4.50e-02
 9.40578e+16	6.19e-01	3.79e-01	1.92e-03	0.00e+00	0.00e+00	0.00e+00	0.00e+00	0.00e+00	0.00e+00	5.07e-01	6.69e-02	4.56e-02
 9.41152e+16	6.32e-01	3.66e-01	1.69e-03	0.00e+00	0.00e+00	0.00e+00	0.00e+00	0.00e+00	0.00e+00	5.18e-01	6.77e-02	4.63e-02
 9.41774e+16	6.46e-01	3.52e-01	1.46e-03	0.00e+00	0.00e+00	0.00e+00	0.00e+00	0.00e+00	0.00e+00	5.30e-01	6.87e-02	4.70e-02
 9.42344e+16	6.59e-01	3.40e-01	1.27e-03	0.00e+00	0.00e+00	0.00e+00	0.00e+00	0.00e+00	0.00e+00	5.42e-01	6.95e-02	4.77e-02
 9.42842e+16	6.70e-01	3.28e-01	1.12e-03	0.00e+00	0.00e+00	0.00e+00	0.00e+00	0.00e+00	0.00e+00	5.52e-01	7.01e-02	4.82e-02
 9.43320e+16	6.81e-01	3.18e-01	9.89e-04	0.00e+00	0.00e+00	0.00e+00	0.00e+00	0.00e+00	0.00e+00	5.62e-01	7.07e-02	4.87e-02
 9.43814e+16	6.93e-01	3.06e-01	8.67e-04	0.00e+00	0.00e+00	0.00e+00	0.00e+00	0.00e+00	0.00e+00	5.72e-01	7.13e-02	4.92e-02
 9.44314e+16	7.04e-01	2.95e-01	7.55e-04	0.00e+00	0.00e+00	0.00e+00	0.00e+00	0.00e+00	0.00e+00	5.83e-01	7.19e-02	4.97e-02
 9.44793e+16	7.16e-01	2.84e-01	6.59e-04	0.00e+00	0.00e+00	0.00e+00	0.00e+00	0.00e+00	0.00e+00	5.93e-01	7.24e-02	5.02e-02
 9.45245e+16	7.26e-01	2.73e-01	5.78e-04	0.00e+00	0.00e+00	0.00e+00	0.00e+00	0.00e+00	0.00e+00	6.03e-01	7.28e-02	5.06e-02
 9.45684e+16	7.36e-01	2.63e-01	5.07e-04	0.00e+00	0.00e+00	0.00e+00	0.00e+00	0.00e+00	0.00e+00	6.12e-01	7.32e-02	5.09e-02
 9.46122e+16	7.46e-01	2.53e-01	4.43e-04	0.00e+00	0.00e+00	0.00e+00	0.00e+00	0.00e+00	0.00e+00	6.21e-01	7.36e-02	5.13e-02
 9.46556e+16	7.56e-01	2.43e-01	3.86e-04	0.00e+00	0.00e+00	0.00e+00	0.00e+00	0.00e+00	0.00e+00	6.31e-01	7.39e-02	5.16e-02
 9.46977e+16	7.66e-01	2.34e-01	3.37e-04	0.00e+00	0.00e+00	0.00e+00	0.00e+00	0.00e+00	0.00e+00	6.40e-01	7.41e-02	5.19e-02
 9.47385e+16	7.75e-01	2.24e-01	2.94e-04	0.00e+00	0.00e+00	0.00e+00	0.00e+00	0.00e+00	0.00e+00	6.49e-01	7.44e-02	5.21e-02
 9.47783e+16	7.84e-01	2.15e-01	2.57e-04	0.00e+00	0.00e+00	0.00e+00	0.00e+00	0.00e+00	0.00e+00	6.57e-01	7.45e-02	5.23e-02
 9.48176e+16	7.93e-01	2.07e-01	2.24e-04	0.00e+00	0.00e+00	0.00e+00	0.00e+00	0.00e+00	0.00e+00	6.66e-01	7.47e-02	5.25e-02
 9.48562e+16	8.02e-01	1.98e-01	1.95e-04	0.00e+00	0.00e+00	0.00e+00	0.00e+00	0.00e+00	0.00e+00	6.74e-01	7.48e-02	5.27e-02
 9.48940e+16	8.10e-01	1.90e-01	1.69e-04	0.00e+00	0.00e+00	0.00e+00	0.00e+00	0.00e+00	0.00e+00	6.82e-01	7.48e-02	5.28e-02
 9.49308e+16	8.18e-01	1.82e-01	1.47e-04	0.00e+00	0.00e+00	0.00e+00	0.00e+00	0.00e+00	0.00e+00	6.90e-01	7.49e-02	5.29e-02
 9.49668e+16	8.26e-01	1.74e-01	1.28e-04	0.00e+00	0.00e+00	0.00e+00	0.00e+00	0.00e+00	0.00e+00	6.98e-01	7.49e-02	5.30e-02
 9.50022e+16	8.33e-01	1.67e-01	1.11e-04	0.00e+00	0.00e+00	0.00e+00	0.00e+00	0.00e+00	0.00e+00	7.05e-01	7.49e-02	5.30e-02
 9.50370e+16	8.40e-01	1.60e-01	9.68e-05	0.00e+00	0.00e+00	0.00e+00	0.00e+00	0.00e+00	0.00e+00	7.12e-01	7.48e-02	5.31e-02
 9.50710e+16	8.47e-01	1.53e-01	8.40e-05	0.00e+00	0.00e+00	0.00e+00	0.00e+00	0.00e+00	0.00e+00	7.19e-01	7.48e-02	5.31e-02
 9.51043e+16	8.54e-01	1.46e-01	7.29e-05	0.00e+00	0.00e+00	0.00e+00	0.00e+00	0.00e+00	0.00e+00	7.26e-01	7.47e-02	5.31e-02
 9.51370e+16	8.60e-01	1.40e-01	6.33e-05	0.00e+00	0.00e+00	0.00e+00	0.00e+00	0.00e+00	0.00e+00	7.33e-01	7.46e-02	5.30e-02
 9.51690e+16	8.67e-01	1.33e-01	5.49e-05	0.00e+00	0.00e+00	0.00e+00	0.00e+00	0.00e+00	0.00e+00	7.39e-01	7.44e-02	5.30e-02
 9.52000e+16	8.72e-01	1.28e-01	4.77e-05	0.00e+00	0.00e+00	0.00e+00	0.00e+00	0.00e+00	0.00e+00	7.45e-01	7.43e-02	5.29e-02
 9.52300e+16	8.78e-01	1.22e-01	4.15e-05	0.00e+00	0.00e+00	0.00e+00	0.00e+00	0.00e+00	0.00e+00	7.51e-01	7.42e-02	5.29e-02
 9.52591e+16	8.83e-01	1.17e-01	3.62e-05	0.00e+00	0.00e+00	0.00e+00	0.00e+00	0.00e+00	0.00e+00	7.56e-01	7.41e-02	5.28e-02
 9.52874e+16	8.88e-01	1.12e-01	3.16e-05	0.00e+00	0.00e+00	0.00e+00	0.00e+00	0.00e+00	0.00e+00	7.62e-01	7.39e-02	5.27e-02
 9.53150e+16	8.93e-01	1.07e-01	2.76e-05	0.00e+00	0.00e+00	0.00e+00	0.00e+00	0.00e+00	0.00e+00	7.67e-01	7.38e-02	5.26e-02
 9.53419e+16	8.98e-01	1.02e-01	2.41e-05	0.00e+00	0.00e+00	0.00e+00	0.00e+00	0.00e+00	0.00e+00	7.72e-01	7.36e-02	5.25e-02
 9.53680e+16	9.02e-01	9.79e-02	2.11e-05	0.00e+00	0.00e+00	0.00e+00	0.00e+00	0.00e+00	0.00e+00	7.76e-01	7.35e-02	5.24e-02
 9.53934e+16	9.06e-01	9.38e-02	1.85e-05	0.00e+00	0.00e+00	0.00e+00	0.00e+00	0.00e+00	0.00e+00	7.81e-01	7.33e-02	5.23e-02
 9.54184e+16	9.10e-01	8.98e-02	1.62e-05	0.00e+00	0.00e+00	0.00e+00	0.00e+00	0.00e+00	0.00e+00	7.85e-01	7.32e-02	5.22e-02
 9.54428e+16	9.14e-01	8.60e-02	1.42e-05	0.00e+00	0.00e+00	0.00e+00	0.00e+00	0.00e+00	0.00e+00	7.89e-01	7.30e-02	5.21e-02
 9.54662e+16	9.18e-01	8.24e-02	1.25e-05	0.00e+00	0.00e+00	0.00e+00	0.00e+00	0.00e+00	0.00e+00	7.93e-01	7.30e-02	5.20e-02
 9.54890e+16	9.21e-01	7.90e-02	1.10e-05	0.00e+00	0.00e+00	0.00e+00	0.00e+00	0.00e+00	0.00e+00	7.96e-01	7.28e-02	5.19e-02
 9.55114e+16	9.24e-01	7.57e-02	9.67e-06	0.00e+00	0.00e+00	0.00e+00	0.00e+00	0.00e+00	0.00e+00	8.00e-01	7.28e-02	5.18e-02
 9.55333e+16	9.27e-01	7.25e-02	8.51e-06	0.00e+00	0.00e+00	0.00e+00	0.00e+00	0.00e+00	0.00e+00	8.03e-01	7.27e-02	5.17e-02
 9.55543e+16	9.30e-01	6.96e-02	7.53e-06	0.00e+00	0.00e+00	0.00e+00	0.00e+00	0.00e+00	0.00e+00	8.06e-01	7.26e-02	5.16e-02
 9.55750e+16	9.33e-01	6.67e-02	6.64e-06	0.00e+00	0.00e+00	0.00e+00	0.00e+00	0.00e+00	0.00e+00	8.09e-01	7.26e-02	5.15e-02
 9.55955e+16	9.36e-01	6.39e-02	5.86e-06	0.00e+00	0.00e+00	0.00e+00	0.00e+00	0.00e+00	0.00e+00	8.12e-01	7.26e-02	5.14e-02
 9.56152e+16	9.39e-01	6.13e-02	5.18e-06	0.00e+00	0.00e+00	0.00e+00	0.00e+00	0.00e+00	0.00e+00	8.15e-01	7.25e-02	5.14e-02
 9.56344e+16	9.41e-01	5.89e-02	4.59e-06	0.00e+00	0.00e+00	0.00e+00	0.00e+00	0.00e+00	0.00e+00	8.17e-01	7.25e-02	5.13e-02
 9.56532e+16	9.44e-01	5.65e-02	4.06e-06	0.00e+00	0.00e+00	0.00e+00	0.00e+00	0.00e+00	0.00e+00	8.20e-01	7.25e-02	5.12e-02
 9.56718e+16	9.46e-01	5.42e-02	3.60e-06	0.00e+00	0.00e+00	0.00e+00	0.00e+00	0.00e+00	0.00e+00	8.22e-01	7.25e-02	5.11e-02
 9.56899e+16	9.48e-01	5.19e-02	3.19e-06	0.00e+00	0.00e+00	0.00e+00	0.00e+00	0.00e+00	0.00e+00	8.25e-01	7.25e-02	5.09e-02
 9.57075e+16	9.50e-01	4.98e-02	2.83e-06	0.00e+00	0.00e+00	0.00e+00	0.00e+00	0.00e+00	0.00e+00	8.27e-01	7.25e-02	5.09e-02
 9.57248e+16	9.52e-01	4.78e-02	2.51e-06	0.00e+00	0.00e+00	0.00e+00	0.00e+00	0.00e+00	0.00e+00	8.29e-01	7.26e-02	5.08e-02
 9.57416e+16	9.54e-01	4.59e-02	2.23e-06	0.00e+00	0.00e+00	0.00e+00	0.00e+00	0.00e+00	0.00e+00	8.31e-01	7.27e-02	5.07e-02
 9.57580e+16	9.56e-01	4.40e-02	1.99e-06	0.00e+00	0.00e+00	0.00e+00	0.00e+00	0.00e+00	0.00e+00	8.33e-01	7.28e-02	5.06e-02
 9.57740e+16	9.58e-01	4.23e-02	1.77e-06	0.00e+00	0.00e+00	0.00e+00	0.00e+00	0.00e+00	0.00e+00	8.34e-01	7.29e-02	5.06e-02
 9.57896e+16	9.59e-01	4.06e-02	1.57e-06	0.00e+00	0.00e+00	0.00e+00	0.00e+00	0.00e+00	0.00e+00	8.36e-01	7.30e-02	5.05e-02
 9.58048e+16	9.61e-01	3.89e-02	1.40e-06	0.00e+00	0.00e+00	0.00e+00	0.00e+00	0.00e+00	0.00e+00	8.37e-01	7.32e-02	5.05e-02
 9.58197e+16	9.63e-01	3.74e-02	1.25e-06	0.00e+00	0.00e+00	0.00e+00	0.00e+00	0.00e+00	0.00e+00	8.39e-01	7.34e-02	5.05e-02
 9.58341e+16	9.64e-01	3.59e-02	1.11e-06	0.00e+00	0.00e+00	0.00e+00	0.00e+00	0.00e+00	0.00e+00	8.40e-01	7.36e-02	5.05e-02
 9.58482e+16	9.66e-01	3.44e-02	9.95e-07	0.00e+00	0.00e+00	0.00e+00	0.00e+00	0.00e+00	0.00e+00	8.41e-01	7.39e-02	5.05e-02
 9.58619e+16	9.67e-01	3.30e-02	8.89e-07	0.00e+00	0.00e+00	0.00e+00	0.00e+00	0.00e+00	0.00e+00	8.42e-01	7.41e-02	5.05e-02
 9.58752e+16	9.68e-01	3.17e-02	7.96e-07	0.00e+00	0.00e+00	0.00e+00	0.00e+00	0.00e+00	0.00e+00	8.43e-01	7.44e-02	5.05e-02
 9.58883e+16	9.70e-01	3.04e-02	7.09e-07	0.00e+00	0.00e+00	0.00e+00	0.00e+00	0.00e+00	0.00e+00	8.44e-01	7.48e-02	5.06e-02
 9.59010e+16	9.71e-01	2.91e-02	6.34e-07	0.00e+00	0.00e+00	0.00e+00	0.00e+00	0.00e+00	0.00e+00	8.45e-01	7.52e-02	5.06e-02
 9.59130e+16	9.72e-01	2.80e-02	5.69e-07	0.00e+00	0.00e+00	0.00e+00	0.00e+00	0.00e+00	0.00e+00	8.46e-01	7.56e-02	5.07e-02
 9.59246e+16	9.73e-01	2.69e-02	5.10e-07	0.00e+00	0.00e+00	0.00e+00	0.00e+00	0.00e+00	0.00e+00	8.46e-01	7.61e-02	5.08e-02
 9.59359e+16	9.74e-01	2.58e-02	4.58e-07	0.00e+00	0.00e+00	0.00e+00	0.00e+00	0.00e+00	0.00e+00	8.47e-01	7.65e-02	5.09e-02
 9.59465e+16	9.75e-01	2.48e-02	4.13e-07	0.00e+00	0.00e+00	0.00e+00	0.00e+00	0.00e+00	0.00e+00	8.47e-01	7.70e-02	5.10e-02
 9.59561e+16	9.76e-01	2.38e-02	3.75e-07	0.00e+00	0.00e+00	0.00e+00	0.00e+00	0.00e+00	0.00e+00	8.47e-01	7.75e-02	5.11e-02
 9.59649e+16	9.77e-01	2.30e-02	3.43e-07	0.00e+00	0.00e+00	0.00e+00	0.00e+00	0.00e+00	0.00e+00	8.48e-01	7.80e-02	5.13e-02
 9.59731e+16	9.78e-01	2.23e-02	3.14e-07	0.00e+00	0.00e+00	0.00e+00	0.00e+00	0.00e+00	0.00e+00	8.48e-01	7.86e-02	5.14e-02
 9.59808e+16	9.78e-01	2.15e-02	2.89e-07	0.00e+00	0.00e+00	0.00e+00	0.00e+00	0.00e+00	0.00e+00	8.48e-01	7.92e-02	5.16e-02
 9.59877e+16	9.79e-01	2.09e-02	2.67e-07	0.00e+00	0.00e+00	0.00e+00	0.00e+00	0.00e+00	0.00e+00	8.48e-01	7.98e-02	5.17e-02
 9.59938e+16	9.80e-01	2.03e-02	2.49e-07	0.00e+00	0.00e+00	0.00e+00	0.00e+00	0.00e+00	0.00e+00	8.47e-01	8.03e-02	5.19e-02
 9.59994e+16	9.80e-01	1.98e-02	2.33e-07	0.00e+00	0.00e+00	0.00e+00	0.00e+00	0.00e+00	0.00e+00	8.47e-01	8.09e-02	5.21e-02
 9.60047e+16	9.81e-01	1.92e-02	2.18e-07	0.00e+00	0.00e+00	0.00e+00	0.00e+00	0.00e+00	0.00e+00	8.47e-01	8.15e-02	5.22e-02
 9.60097e+16	9.81e-01	1.87e-02	2.04e-07	0.00e+00	0.00e+00	0.00e+00	0.00e+00	0.00e+00	0.00e+00	8.47e-01	8.21e-02	5.24e-02
 9.60143e+16	9.82e-01	1.83e-02	1.92e-07	0.00e+00	0.00e+00	0.00e+00	0.00e+00	0.00e+00	0.00e+00	8.46e-01	8.27e-02	5.26e-02
 9.60185e+16	9.82e-01	1.78e-02	1.82e-07	0.00e+00	0.00e+00	0.00e+00	0.00e+00	0.00e+00	0.00e+00	8.46e-01	8.33e-02	5.27e-02
 9.60224e+16	9.83e-01	1.74e-02	1.72e-07	0.00e+00	0.00e+00	0.00e+00	0.00e+00	0.00e+00	0.00e+00	8.46e-01	8.39e-02	5.29e-02
 9.60260e+16	9.83e-01	1.70e-02	1.63e-07	0.00e+00	0.00e+00	0.00e+00	0.00e+00	0.00e+00	0.00e+00	8.45e-01	8.45e-02	5.31e-02
 9.60294e+16	9.83e-01	1.67e-02	1.56e-07	0.00e+00	0.00e+00	0.00e+00	0.00e+00	0.00e+00	0.00e+00	8.45e-01	8.50e-02	5.32e-02
 9.60326e+16	9.84e-01	1.63e-02	1.47e-07	0.00e+00	0.00e+00	0.00e+00	0.00e+00	0.00e+00	0.00e+00	8.44e-01	8.58e-02	5.35e-02
 9.60356e+16	9.84e-01	1.59e-02	1.40e-07	0.00e+00	0.00e+00	0.00e+00	0.00e+00	0.00e+00	0.00e+00	8.44e-01	8.64e-02	5.37e-02
 9.60380e+16	9.84e-01	1.57e-02	1.35e-07	0.00e+00	0.00e+00	0.00e+00	0.00e+00	0.00e+00	0.00e+00	8.44e-01	8.68e-02	5.38e-02
 9.60405e+16	9.85e-01	1.53e-02	1.29e-07	0.00e+00	0.00e+00	0.00e+00	0.00e+00	0.00e+00	0.00e+00	8.43e-01	8.76e-02	5.40e-02
 9.60428e+16	9.85e-01	1.51e-02	1.24e-07	0.00e+00	0.00e+00	0.00e+00	0.00e+00	0.00e+00	0.00e+00	8.43e-01	8.81e-02	5.41e-02
 9.60449e+16	9.85e-01	1.48e-02	1.19e-07	0.00e+00	0.00e+00	0.00e+00	0.00e+00	0.00e+00	0.00e+00	8.42e-01	8.89e-02	5.44e-02
 9.60468e+16	9.85e-01	1.45e-02	1.15e-07	0.00e+00	0.00e+00	0.00e+00	0.00e+00	0.00e+00	0.00e+00	8.42e-01	8.93e-02	5.45e-02
 9.60485e+16	9.86e-01	1.42e-02	1.10e-07	0.00e+00	0.00e+00	0.00e+00	0.00e+00	0.00e+00	0.00e+00	8.41e-01	9.02e-02	5.47e-02
 9.60501e+16	9.86e-01	1.40e-02	1.07e-07	0.00e+00	0.00e+00	0.00e+00	0.00e+00	0.00e+00	0.00e+00	8.40e-01	9.06e-02	5.49e-02
 9.60516e+16	9.86e-01	1.38e-02	1.02e-07	0.00e+00	0.00e+00	0.00e+00	0.00e+00	0.00e+00	0.00e+00	8.40e-01	9.15e-02	5.51e-02
 9.60530e+16	9.86e-01	1.36e-02	9.96e-08	0.00e+00	0.00e+00	0.00e+00	0.00e+00	0.00e+00	0.00e+00	8.39e-01	9.19e-02	5.52e-02
 9.60542e+16	9.87e-01	1.33e-02	9.58e-08	0.00e+00	0.00e+00	0.00e+00	0.00e+00	0.00e+00	0.00e+00	8.38e-01	9.28e-02	5.55e-02
 9.60554e+16	9.87e-01	1.32e-02	9.34e-08	0.00e+00	0.00e+00	0.00e+00	0.00e+00	0.00e+00	0.00e+00	8.38e-01	9.32e-02	5.56e-02
 9.60564e+16	9.87e-01	1.29e-02	9.00e-08	0.00e+00	0.00e+00	0.00e+00	0.00e+00	0.00e+00	0.00e+00	8.37e-01	9.41e-02	5.59e-02
 9.60575e+16	9.87e-01	1.27e-02	8.77e-08	0.00e+00	0.00e+00	0.00e+00	0.00e+00	0.00e+00	0.00e+00	8.37e-01	9.46e-02	5.60e-02
 9.60585e+16	9.88e-01	1.25e-02	8.43e-08	0.00e+00	0.00e+00	0.00e+00	0.00e+00	0.00e+00	0.00e+00	8.36e-01	9.55e-02	5.63e-02
 9.60594e+16	9.88e-01	1.22e-02	8.12e-08	0.00e+00	0.00e+00	0.00e+00	0.00e+00	0.00e+00	0.00e+00	8.35e-01	9.65e-02	5.65e-02
 9.60604e+16	9.88e-01	1.20e-02	7.81e-08	0.00e+00	0.00e+00	0.00e+00	0.00e+00	0.00e+00	0.00e+00	8.34e-01	9.74e-02	5.68e-02
 9.60614e+16	9.88e-01	1.17e-02	7.47e-08	0.00e+00	0.00e+00	0.00e+00	0.00e+00	0.00e+00	0.00e+00	8.33e-01	9.86e-02	5.71e-02
 9.60623e+16	9.89e-01	1.14e-02	7.11e-08	0.00e+00	0.00e+00	0.00e+00	0.00e+00	0.00e+00	0.00e+00	8.31e-01	9.99e-02	5.74e-02
 9.60633e+16	9.89e-01	1.09e-02	6.53e-08	0.00e+00	0.00e+00	0.00e+00	0.00e+00	0.00e+00	0.00e+00	8.28e-01	1.03e-01	5.81e-02
 9.60642e+16	9.98e-01	1.63e-03	1.79e-09	0.00e+00	0.00e+00	0.00e+00	0.00e+00	0.00e+00	0.00e+00	7.63e-01	1.75e-01	5.98e-02
