#depth	H	H+	H2
 1.19883e+12	1.56e-03	9.98e-01	1.38e-13
 7.19297e+12	1.56e-03	9.98e-01	1.38e-13
 3.11696e+13	1.56e-03	9.98e-01	1.39e-13
 1.27076e+14	1.56e-03	9.98e-01	1.40e-13
 3.03543e+14	1.56e-03	9.98e-01	1.47e-13
 5.32951e+14	1.56e-03	9.98e-01	1.52e-13
 8.31182e+14	1.55e-03	9.98e-01	1.59e-13
 1.21888e+15	1.55e-03	9.98e-01	1.68e-13
 1.72289e+15	1.55e-03	9.98e-01	1.77e-13
 2.37810e+15	1.54e-03	9.98e-01	1.87e-13
 3.22988e+15	1.53e-03	9.98e-01	1.97e-13
 4.14141e+15	1.50e-03	9.98e-01	2.01e-13
 4.94758e+15	1.48e-03	9.99e-01	2.01e-13
 5.68069e+15	1.48e-03	9.99e-01	1.96e-13
 6.35992e+15	1.47e-03	9.99e-01	1.94e-13
 7.10099e+15	1.48e-03	9.99e-01	1.94e-13
 7.92753e+15	1.50e-03	9.99e-01	1.98e-13
 8.72490e+15	1.52e-03	9.98e-01	2.06e-13
 9.62120e+15	1.57e-03	9.98e-01	2.20e-13
 1.07864e+16	1.64e-03	9.98e-01	2.41e-13
 1.20172e+16	1.69e-03	9.98e-01	2.63e-13
 1.32190e+16	1.75e-03	9.98e-01	2.82e-13
 1.45409e+16	1.81e-03	9.98e-01	3.02e-13
 1.59949e+16	1.88e-03	9.98e-01	3.21e-13
 1.75944e+16	1.95e-03	9.98e-01	3.41e-13
 1.93539e+16	2.04e-03	9.98e-01	3.61e-13
 2.12893e+16	2.21e-03	9.98e-01	3.97e-13
 2.34182e+16	2.35e-03	9.98e-01	4.26e-13
 2.57600e+16	2.51e-03	9.97e-01	4.58e-13
 2.83360e+16	2.71e-03	9.97e-01	4.97e-13
 3.11696e+16	2.97e-03	9.97e-01	5.45e-13
 3.42866e+16	3.28e-03	9.97e-01	6.08e-13
 3.77152e+16	3.69e-03	9.96e-01	6.93e-13
 4.03183e+16	4.14e-03	9.96e-01	8.04e-13
 4.15300e+16	4.37e-03	9.96e-01	8.63e-13
 4.24603e+16	4.53e-03	9.95e-01	9.03e-13
 4.36698e+16	4.75e-03	9.95e-01	9.53e-13
 4.52421e+16	5.04e-03	9.95e-01	1.02e-12
 4.70140e+16	5.43e-03	9.95e-01	1.12e-12
 4.85953e+16	5.84e-03	9.94e-01	1.22e-12
 4.98742e+16	6.21e-03	9.94e-01	1.32e-12
 5.12098e+16	6.56e-03	9.93e-01	1.41e-12
 5.29462e+16	7.07e-03	9.93e-01	1.53e-12
 5.47093e+16	7.73e-03	9.92e-01	1.70e-12
 5.60311e+16	8.30e-03	9.92e-01	1.86e-12
 5.70561e+16	8.77e-03	9.91e-01	1.98e-12
 5.81710e+16	9.22e-03	9.91e-01	2.09e-12
 5.96205e+16	9.88e-03	9.90e-01	2.24e-12
 6.12071e+16	1.07e-02	9.89e-01	2.45e-12
 6.25565e+16	1.16e-02	9.88e-01	2.67e-12
 6.36453e+16	1.24e-02	9.88e-01	2.85e-12
 6.48107e+16	1.31e-02	9.87e-01	3.01e-12
 6.63258e+16	1.42e-02	9.86e-01	3.23e-12
 6.79183e+16	1.56e-02	9.84e-01	3.54e-12
 6.92045e+16	1.70e-02	9.83e-01	3.85e-12
 7.02435e+16	1.81e-02	9.82e-01	4.09e-12
 7.13684e+16	1.93e-02	9.81e-01	4.31e-12
 7.28306e+16	2.10e-02	9.79e-01	4.61e-12
 7.43639e+16	2.33e-02	9.77e-01	5.07e-12
 7.55631e+16	2.55e-02	9.74e-01	5.53e-12
 7.64685e+16	2.74e-02	9.73e-01	5.91e-12
 7.74184e+16	2.92e-02	9.71e-01	6.22e-12
 7.86533e+16	3.19e-02	9.68e-01	6.69e-12
 7.99541e+16	3.56e-02	9.64e-01	7.41e-12
 8.09853e+16	3.93e-02	9.61e-01	8.18e-12
 8.17662e+16	4.24e-02	9.58e-01	8.82e-12
 8.25768e+16	4.58e-02	9.54e-01	9.50e-12
 8.36305e+16	5.09e-02	9.49e-01	1.05e-11
 8.47125e+16	5.80e-02	9.42e-01	1.21e-11
 8.55415e+16	6.48e-02	9.35e-01	1.37e-11
 8.61840e+16	7.09e-02	9.29e-01	1.51e-11
 8.67701e+16	7.73e-02	9.23e-01	1.67e-11
 8.73401e+16	8.46e-02	9.15e-01	1.85e-11
 8.78950e+16	9.30e-02	9.07e-01	2.07e-11
 8.84133e+16	1.02e-01	8.98e-01	2.32e-11
 8.88832e+16	1.12e-01	8.88e-01	2.60e-11
 8.93106e+16	1.23e-01	8.77e-01	2.92e-11
 8.97080e+16	1.34e-01	8.66e-01	3.27e-11
 9.00858e+16	1.47e-01	8.53e-01	3.68e-11
 9.04456e+16	1.61e-01	8.39e-01	4.15e-11
 9.07802e+16	1.76e-01	8.24e-01	4.69e-11
 9.10900e+16	1.93e-01	8.07e-01	5.30e-11
 9.13805e+16	2.10e-01	7.90e-01	5.99e-11
 9.16537e+16	2.29e-01	7.71e-01	6.78e-11
 9.19130e+16	2.49e-01	7.51e-01	7.69e-11
 9.21589e+16	2.71e-01	7.29e-01	8.75e-11
 9.23909e+16	2.94e-01	7.06e-01	9.97e-11
 9.26095e+16	3.19e-01	6.81e-01	1.14e-10
 9.28162e+16	3.45e-01	6.55e-01	1.30e-10
 9.30125e+16	3.73e-01	6.27e-01	1.48e-10
 9.31992e+16	4.02e-01	5.98e-01	1.69e-10
 9.33735e+16	4.31e-01	5.69e-01	1.94e-10
 9.35281e+16	4.60e-01	5.40e-01	2.19e-10
 9.36592e+16	4.85e-01	5.15e-01	2.45e-10
 9.37731e+16	5.08e-01	4.92e-01	2.71e-10
 9.38780e+16	5.31e-01	4.69e-01	2.98e-10
 9.39588e+16	5.48e-01	4.52e-01	3.21e-10
 9.40103e+16	5.59e-01	4.41e-01	3.36e-10
 9.40578e+16	5.69e-01	4.31e-01	3.52e-10
 9.41152e+16	5.82e-01	4.18e-01	3.72e-10
 9.41774e+16	5.97e-01	4.03e-01	3.96e-10
 9.42344e+16	6.10e-01	3.90e-01	4.20e-10
 9.42842e+16	6.22e-01	3.78e-01	4.42e-10
 9.43320e+16	6.34e-01	3.66e-01	4.65e-10
 9.43814e+16	6.46e-01	3.54e-01	4.90e-10
 9.44314e+16	6.58e-01	3.42e-01	5.18e-10
 9.44793e+16	6.70e-01	3.30e-01	5.47e-10
 9.45245e+16	6.82e-01	3.18e-01	5.76e-10
 9.45684e+16	6.93e-01	3.07e-01	6.06e-10
 9.46122e+16	7.04e-01	2.96e-01	6.39e-10
 9.46556e+16	7.15e-01	2.85e-01	6.73e-10
 9.46977e+16	7.25e-01	2.75e-01	7.09e-10
 9.47385e+16	7.36e-01	2.64e-01	7.46e-10
 9.47783e+16	7.46e-01	2.54e-01	7.84e-10
 9.48176e+16	7.55e-01	2.45e-01	8.25e-10
 9.48562e+16	7.65e-01	2.35e-01	8.69e-10
 9.48940e+16	7.74e-01	2.26e-01	9.14e-10
 9.49308e+16	7.83e-01	2.17e-01	9.61e-10
 9.49668e+16	7.92e-01	2.08e-01	1.01e-09
 9.50022e+16	8.01e-01	1.99e-01	1.06e-09
 9.50370e+16	8.09e-01	1.91e-01	1.12e-09
 9.50710e+16	8.17e-01	1.83e-01	1.18e-09
 9.51043e+16	8.24e-01	1.76e-01	1.24e-09
 9.51370e+16	8.32e-01	1.68e-01	1.30e-09
 9.51690e+16	8.39e-01	1.61e-01	1.37e-09
 9.52000e+16	8.46e-01	1.54e-01	1.44e-09
 9.52300e+16	8.52e-01	1.48e-01	1.51e-09
 9.52591e+16	8.59e-01	1.41e-01	1.59e-09
 9.52874e+16	8.64e-01	1.36e-01	1.67e-09
 9.53150e+16	8.70e-01	1.30e-01	1.76e-09
 9.53419e+16	8.76e-01	1.24e-01	1.84e-09
 9.53680e+16	8.81e-01	1.19e-01	1.94e-09
 9.53934e+16	8.86e-01	1.14e-01	2.03e-09
 9.54184e+16	8.90e-01	1.10e-01	2.14e-09
 9.54428e+16	8.95e-01	1.05e-01	2.25e-09
 9.54662e+16	8.99e-01	1.01e-01	2.36e-09
 9.54890e+16	9.03e-01	9.68e-02	2.48e-09
 9.55114e+16	9.07e-01	9.28e-02	2.61e-09
 9.55333e+16	9.11e-01	8.90e-02	2.75e-09
 9.55543e+16	9.15e-01	8.55e-02	2.89e-09
 9.55750e+16	9.18e-01	8.21e-02	3.04e-09
 9.55955e+16	9.21e-01	7.87e-02	3.21e-09
 9.56152e+16	9.24e-01	7.56e-02	3.38e-09
 9.56344e+16	9.27e-01	7.26e-02	3.57e-09
 9.56532e+16	9.30e-01	6.97e-02	3.77e-09
 9.56718e+16	9.33e-01	6.69e-02	3.98e-09
 9.56899e+16	9.36e-01	6.42e-02	4.22e-09
 9.57075e+16	9.38e-01	6.17e-02	4.47e-09
 9.57248e+16	9.41e-01	5.92e-02	4.74e-09
 9.57416e+16	9.43e-01	5.69e-02	5.04e-09
 9.57580e+16	9.45e-01	5.46e-02	5.36e-09
 9.57740e+16	9.48e-01	5.25e-02	5.71e-09
 9.57896e+16	9.50e-01	5.04e-02	6.09e-09
 9.58048e+16	9.52e-01	4.84e-02	6.51e-09
 9.58197e+16	9.54e-01	4.65e-02	6.98e-09
 9.58341e+16	9.55e-01	4.47e-02	7.50e-09
 9.58482e+16	9.57e-01	4.29e-02	8.09e-09
 9.58619e+16	9.59e-01	4.12e-02	8.73e-09
 9.58752e+16	9.60e-01	3.96e-02	9.48e-09
 9.58883e+16	9.62e-01	3.80e-02	1.03e-08
 9.59010e+16	9.64e-01	3.64e-02	1.13e-08
 9.59130e+16	9.65e-01	3.50e-02	1.23e-08
 9.59246e+16	9.66e-01	3.36e-02	1.36e-08
 9.59359e+16	9.68e-01	3.23e-02	1.50e-08
 9.59465e+16	9.69e-01	3.11e-02	1.66e-08
 9.59561e+16	9.70e-01	2.99e-02	1.84e-08
 9.59649e+16	9.71e-01	2.89e-02	2.02e-08
 9.59731e+16	9.72e-01	2.80e-02	2.23e-08
 9.59808e+16	9.73e-01	2.71e-02	2.48e-08
 9.59877e+16	9.74e-01	2.63e-02	2.75e-08
 9.59938e+16	9.74e-01	2.56e-02	3.03e-08
 9.59994e+16	9.75e-01	2.49e-02	3.34e-08
 9.60047e+16	9.76e-01	2.43e-02	3.70e-08
 9.60097e+16	9.76e-01	2.36e-02	4.09e-08
 9.60143e+16	9.77e-01	2.31e-02	4.53e-08
 9.60185e+16	9.77e-01	2.25e-02	5.00e-08
 9.60224e+16	9.78e-01	2.20e-02	5.54e-08
 9.60260e+16	9.78e-01	2.15e-02	6.14e-08
 9.60294e+16	9.79e-01	2.11e-02	6.72e-08
 9.60326e+16	9.79e-01	2.06e-02	7.56e-08
 9.60356e+16	9.80e-01	2.02e-02	8.42e-08
 9.60380e+16	9.80e-01	1.99e-02	9.16e-08
 9.60405e+16	9.81e-01	1.95e-02	1.03e-07
 9.60428e+16	9.81e-01	1.92e-02	1.13e-07
 9.60449e+16	9.81e-01	1.88e-02	1.27e-07
 9.60468e+16	9.82e-01	1.85e-02	1.39e-07
 9.60485e+16	9.82e-01	1.81e-02	1.57e-07
 9.60501e+16	9.82e-01	1.79e-02	1.71e-07
 9.60516e+16	9.82e-01	1.75e-02	1.93e-07
 9.60530e+16	9.83e-01	1.73e-02	2.11e-07
 9.60542e+16	9.83e-01	1.70e-02	2.38e-07
 9.60554e+16	9.83e-01	1.68e-02	2.60e-07
 9.60564e+16	9.84e-01	1.65e-02	2.94e-07
 9.60575e+16	9.84e-01	1.63e-02	3.23e-07
 9.60585e+16	9.84e-01	1.60e-02	3.70e-07
 9.60594e+16	9.84e-01	1.57e-02	4.25e-07
 9.60604e+16	9.85e-01	1.54e-02	4.93e-07
 9.60614e+16	9.85e-01	1.50e-02	5.83e-07
 9.60623e+16	9.85e-01	1.46e-02	7.06e-07
 9.60633e+16	9.86e-01	1.40e-02	9.73e-07
 9.60642e+16	9.97e-01	2.65e-03	2.61e-05
