#depth	He	He+	He+2
 1.61401e+12	1.57e-04	2.80e-01	7.20e-01
 9.68408e+12	1.58e-04	2.80e-01	7.20e-01
 4.19644e+13	1.58e-04	2.81e-01	7.19e-01
 1.71085e+14	1.62e-04	2.86e-01	7.14e-01
 4.08668e+14	1.66e-04	2.89e-01	7.11e-01
 7.17526e+14	1.76e-04	2.99e-01	7.01e-01
 1.11904e+15	1.90e-04	3.16e-01	6.84e-01
 1.64101e+15	2.14e-04	3.45e-01	6.55e-01
 2.31957e+15	2.55e-04	3.94e-01	6.06e-01
 3.00727e+15	3.08e-04	4.58e-01	5.42e-01
 3.53035e+15	3.61e-04	5.20e-01	4.79e-01
 3.94053e+15	4.13e-04	5.78e-01	4.21e-01
 4.38042e+15	4.72e-04	6.44e-01	3.56e-01
 4.95227e+15	5.54e-04	7.29e-01	2.71e-01
 5.55731e+15	6.39e-04	8.12e-01	1.87e-01
 6.11381e+15	7.09e-04	8.74e-01	1.25e-01
 6.74559e+15	7.73e-04	9.23e-01	7.58e-02
 7.56691e+15	8.32e-04	9.61e-01	3.84e-02
 8.63463e+15	8.88e-04	9.83e-01	1.58e-02
 1.00227e+16	9.41e-04	9.94e-01	5.33e-03
 1.13476e+16	9.83e-04	9.97e-01	2.03e-03
 1.24823e+16	1.02e-03	9.98e-01	9.42e-04
 1.37305e+16	1.06e-03	9.99e-01	4.27e-04
 1.51036e+16	1.10e-03	9.99e-01	1.89e-04
 1.66140e+16	1.15e-03	9.99e-01	8.22e-05
 1.82754e+16	1.20e-03	9.99e-01	3.52e-05
 2.01029e+16	1.27e-03	9.99e-01	1.50e-05
 2.21132e+16	1.37e-03	9.99e-01	6.34e-06
 2.43245e+16	1.45e-03	9.99e-01	2.74e-06
 2.61506e+16	1.54e-03	9.98e-01	1.54e-06
 2.72552e+16	1.59e-03	9.98e-01	1.12e-06
 2.82596e+16	1.64e-03	9.98e-01	8.34e-07
 2.95654e+16	1.71e-03	9.98e-01	5.83e-07
 3.09565e+16	1.79e-03	9.98e-01	4.15e-07
 3.21335e+16	1.87e-03	9.98e-01	3.18e-07
 3.31423e+16	1.93e-03	9.98e-01	2.55e-07
 3.42572e+16	2.01e-03	9.98e-01	2.00e-07
 3.54773e+16	2.11e-03	9.98e-01	1.56e-07
 3.65526e+16	2.20e-03	9.98e-01	1.27e-07
 3.74806e+16	2.29e-03	9.98e-01	1.07e-07
 3.84983e+16	2.40e-03	9.98e-01	8.86e-08
 3.96122e+16	2.52e-03	9.97e-01	7.30e-08
 4.05907e+16	2.65e-03	9.97e-01	6.20e-08
 4.14268e+16	2.76e-03	9.97e-01	5.41e-08
 4.23382e+16	2.91e-03	9.97e-01	4.64e-08
 4.33344e+16	3.07e-03	9.97e-01	3.97e-08
 4.42206e+16	3.24e-03	9.97e-01	3.47e-08
 4.49945e+16	3.40e-03	9.97e-01	3.09e-08
 4.58423e+16	3.60e-03	9.96e-01	2.71e-08
 4.67626e+16	3.84e-03	9.96e-01	2.37e-08
 4.75670e+16	4.08e-03	9.96e-01	2.12e-08
 4.82632e+16	4.32e-03	9.96e-01	1.93e-08
 4.90290e+16	4.61e-03	9.95e-01	1.72e-08
 4.98494e+16	4.96e-03	9.95e-01	1.54e-08
 5.05457e+16	5.31e-03	9.95e-01	1.40e-08
 5.11335e+16	5.65e-03	9.94e-01	1.30e-08
 5.17751e+16	6.07e-03	9.94e-01	1.19e-08
 5.24638e+16	6.59e-03	9.93e-01	1.08e-08
 5.30460e+16	7.11e-03	9.93e-01	1.00e-08
 5.35302e+16	7.60e-03	9.92e-01	9.39e-09
 5.40544e+16	8.23e-03	9.92e-01	8.71e-09
 5.46176e+16	9.00e-03	9.91e-01	8.08e-09
 5.50997e+16	9.79e-03	9.90e-01	7.58e-09
 5.55077e+16	1.06e-02	9.89e-01	7.16e-09
 5.59508e+16	1.16e-02	9.88e-01	6.72e-09
 5.64257e+16	1.29e-02	9.87e-01	6.29e-09
 5.68282e+16	1.42e-02	9.86e-01	5.94e-09
 5.71647e+16	1.56e-02	9.84e-01	5.65e-09
 5.75296e+16	1.73e-02	9.83e-01	5.34e-09
 5.78844e+16	1.94e-02	9.81e-01	5.08e-09
 5.81340e+16	2.12e-02	9.79e-01	4.89e-09
 5.83263e+16	2.28e-02	9.77e-01	4.75e-09
 5.85363e+16	2.48e-02	9.75e-01	4.59e-09
 5.87685e+16	2.74e-02	9.73e-01	4.41e-09
 5.89720e+16	3.02e-02	9.70e-01	4.28e-09
 5.91392e+16	3.29e-02	9.67e-01	4.16e-09
 5.92910e+16	3.57e-02	9.64e-01	4.06e-09
 5.94627e+16	3.96e-02	9.60e-01	3.94e-09
 5.96398e+16	4.42e-02	9.56e-01	3.84e-09
 5.97799e+16	4.87e-02	9.51e-01	3.76e-09
 5.98935e+16	5.30e-02	9.47e-01	3.70e-09
 6.00171e+16	5.85e-02	9.41e-01	3.63e-09
 6.01514e+16	6.55e-02	9.34e-01	3.58e-09
 6.02668e+16	7.28e-02	9.27e-01	3.54e-09
 6.03624e+16	8.00e-02	9.20e-01	3.52e-09
 6.04648e+16	8.91e-02	9.11e-01	3.50e-09
 6.05748e+16	1.01e-01	8.99e-01	3.51e-09
 6.06678e+16	1.12e-01	8.88e-01	3.52e-09
 6.07435e+16	1.24e-01	8.76e-01	3.55e-09
 6.08105e+16	1.35e-01	8.65e-01	3.58e-09
 6.08727e+16	1.48e-01	8.52e-01	3.63e-09
 6.09302e+16	1.60e-01	8.40e-01	3.68e-09
 6.09819e+16	1.73e-01	8.27e-01	3.73e-09
 6.10200e+16	1.83e-01	8.17e-01	3.78e-09
 6.10443e+16	1.90e-01	8.10e-01	3.81e-09
 6.10677e+16	1.98e-01	8.02e-01	3.83e-09
 6.10954e+16	2.07e-01	7.93e-01	3.87e-09
 6.11242e+16	2.17e-01	7.83e-01	3.92e-09
 6.11507e+16	2.27e-01	7.73e-01	3.96e-09
 6.11750e+16	2.36e-01	7.64e-01	4.00e-09
 6.11987e+16	2.46e-01	7.54e-01	4.05e-09
 6.12226e+16	2.56e-01	7.44e-01	4.10e-09
 6.12463e+16	2.67e-01	7.33e-01	4.15e-09
 6.12693e+16	2.78e-01	7.22e-01	4.20e-09
 6.12914e+16	2.89e-01	7.11e-01	4.25e-09
 6.13131e+16	3.01e-01	6.99e-01	4.30e-09
 6.13345e+16	3.13e-01	6.87e-01	4.36e-09
 6.13555e+16	3.25e-01	6.75e-01	4.41e-09
 6.13760e+16	3.37e-01	6.63e-01	4.47e-09
 6.13961e+16	3.50e-01	6.50e-01	4.52e-09
 6.14157e+16	3.63e-01	6.37e-01	4.57e-09
 6.14351e+16	3.76e-01	6.24e-01	4.63e-09
 6.14541e+16	3.90e-01	6.10e-01	4.68e-09
 6.14727e+16	4.03e-01	5.97e-01	4.73e-09
 6.14909e+16	4.17e-01	5.83e-01	4.78e-09
 6.15088e+16	4.31e-01	5.69e-01	4.83e-09
 6.15264e+16	4.45e-01	5.55e-01	4.88e-09
 6.15436e+16	4.60e-01	5.40e-01	4.92e-09
 6.15605e+16	4.74e-01	5.26e-01	4.97e-09
 6.15771e+16	4.88e-01	5.12e-01	5.01e-09
 6.15935e+16	5.03e-01	4.97e-01	5.05e-09
 6.16095e+16	5.18e-01	4.82e-01	5.09e-09
 6.16251e+16	5.32e-01	4.68e-01	5.12e-09
 6.16403e+16	5.47e-01	4.53e-01	5.15e-09
 6.16550e+16	5.60e-01	4.40e-01	5.18e-09
 6.16696e+16	5.75e-01	4.25e-01	5.20e-09
 6.16837e+16	5.88e-01	4.12e-01	5.22e-09
 6.16973e+16	6.02e-01	3.98e-01	5.23e-09
 6.17105e+16	6.15e-01	3.85e-01	5.25e-09
 6.17235e+16	6.28e-01	3.72e-01	5.25e-09
 6.17362e+16	6.41e-01	3.59e-01	5.26e-09
 6.17485e+16	6.53e-01	3.47e-01	5.26e-09
 6.17606e+16	6.66e-01	3.34e-01	5.26e-09
 6.17724e+16	6.78e-01	3.22e-01	5.25e-09
 6.17839e+16	6.89e-01	3.11e-01	5.25e-09
 6.17952e+16	7.01e-01	2.99e-01	5.23e-09
 6.18062e+16	7.11e-01	2.89e-01	5.22e-09
 6.18170e+16	7.22e-01	2.78e-01	5.20e-09
 6.18275e+16	7.33e-01	2.67e-01	5.18e-09
 6.18378e+16	7.43e-01	2.57e-01	5.16e-09
 6.18480e+16	7.53e-01	2.47e-01	5.12e-09
 6.18580e+16	7.62e-01	2.38e-01	5.10e-09
 6.18675e+16	7.71e-01	2.29e-01	5.07e-09
 6.18770e+16	7.80e-01	2.20e-01	5.03e-09
 6.18864e+16	7.89e-01	2.11e-01	4.99e-09
 6.18955e+16	7.97e-01	2.03e-01	4.95e-09
 6.19045e+16	8.06e-01	1.94e-01	4.91e-09
 6.19132e+16	8.13e-01	1.87e-01	4.86e-09
 6.19218e+16	8.21e-01	1.79e-01	4.81e-09
 6.19302e+16	8.28e-01	1.72e-01	4.76e-09
 6.19385e+16	8.35e-01	1.65e-01	4.70e-09
 6.19466e+16	8.42e-01	1.58e-01	4.65e-09
 6.19545e+16	8.48e-01	1.52e-01	4.60e-09
 6.19623e+16	8.55e-01	1.45e-01	4.53e-09
 6.19699e+16	8.61e-01	1.39e-01	4.47e-09
 6.19772e+16	8.67e-01	1.33e-01	4.40e-09
 6.19844e+16	8.72e-01	1.28e-01	4.33e-09
 6.19915e+16	8.78e-01	1.22e-01	4.26e-09
 6.19985e+16	8.83e-01	1.17e-01	4.19e-09
 6.20053e+16	8.88e-01	1.12e-01	4.12e-09
 6.20119e+16	8.93e-01	1.07e-01	4.05e-09
 6.20183e+16	8.97e-01	1.03e-01	3.97e-09
 6.20247e+16	9.02e-01	9.83e-02	3.89e-09
 6.20308e+16	9.06e-01	9.41e-02	3.81e-09
 6.20367e+16	9.10e-01	9.01e-02	3.73e-09
 6.20424e+16	9.14e-01	8.63e-02	3.65e-09
 6.20480e+16	9.17e-01	8.25e-02	3.57e-09
 6.20534e+16	9.21e-01	7.91e-02	3.49e-09
 6.20583e+16	9.24e-01	7.59e-02	3.41e-09
 6.20628e+16	9.27e-01	7.29e-02	3.33e-09
 6.20671e+16	9.30e-01	7.02e-02	3.24e-09
 6.20709e+16	9.32e-01	6.77e-02	3.17e-09
 6.20744e+16	9.35e-01	6.55e-02	3.10e-09
 6.20777e+16	9.37e-01	6.34e-02	3.03e-09
 6.20807e+16	9.39e-01	6.14e-02	2.96e-09
 6.20836e+16	9.40e-01	5.95e-02	2.89e-09
 6.20863e+16	9.42e-01	5.78e-02	2.83e-09
 6.20887e+16	9.44e-01	5.63e-02	2.77e-09
 6.20910e+16	9.45e-01	5.48e-02	2.71e-09
 6.20932e+16	9.47e-01	5.33e-02	2.65e-09
 6.20952e+16	9.48e-01	5.20e-02	2.59e-09
 6.20970e+16	9.49e-01	5.08e-02	2.54e-09
 6.20987e+16	9.50e-01	4.98e-02	2.50e-09
 6.21004e+16	9.51e-01	4.85e-02	2.43e-09
 6.21020e+16	9.53e-01	4.74e-02	2.38e-09
 6.21033e+16	9.53e-01	4.66e-02	2.35e-09
 6.21045e+16	9.54e-01	4.56e-02	2.29e-09
 6.21058e+16	9.55e-01	4.47e-02	2.24e-09
 6.21069e+16	9.56e-01	4.40e-02	2.21e-09
 6.21079e+16	9.57e-01	4.31e-02	2.16e-09
 6.21090e+16	9.58e-01	4.23e-02	2.11e-09
 6.21098e+16	9.58e-01	4.17e-02	2.08e-09
 6.21107e+16	9.59e-01	4.09e-02	2.04e-09
 6.21115e+16	9.60e-01	4.03e-02	2.01e-09
 6.21123e+16	9.60e-01	3.96e-02	1.96e-09
 6.21130e+16	9.61e-01	3.91e-02	1.93e-09
 6.21136e+16	9.62e-01	3.84e-02	1.88e-09
 6.21143e+16	9.62e-01	3.79e-02	1.85e-09
 6.21149e+16	9.63e-01	3.72e-02	1.81e-09
 6.21155e+16	9.63e-01	3.65e-02	1.76e-09
 6.21161e+16	9.64e-01	3.59e-02	1.72e-09
 6.21168e+16	9.65e-01	3.52e-02	1.67e-09
 6.21174e+16	9.66e-01	3.44e-02	1.61e-09
 6.21180e+16	9.66e-01	3.36e-02	1.55e-09
 6.21186e+16	9.67e-01	3.25e-02	1.47e-09
 6.21192e+16	9.69e-01	3.12e-02	1.37e-09
