#depth	H	H+	H2
 1.61401e+12	9.89e-04	9.99e-01	2.04e-14
 9.68408e+12	9.89e-04	9.99e-01	2.04e-14
 4.19644e+13	9.88e-04	9.99e-01	2.04e-14
 1.71085e+14	9.91e-04	9.99e-01	2.08e-14
 4.08668e+14	9.87e-04	9.99e-01	2.13e-14
 7.17526e+14	9.92e-04	9.99e-01	2.21e-14
 1.11904e+15	9.96e-04	9.99e-01	2.32e-14
 1.64101e+15	1.01e-03	9.99e-01	2.46e-14
 2.31957e+15	1.02e-03	9.99e-01	2.68e-14
 3.00727e+15	1.04e-03	9.99e-01	2.91e-14
 3.53035e+15	1.05e-03	9.99e-01	3.10e-14
 3.94053e+15	1.07e-03	9.99e-01	3.31e-14
 4.38042e+15	1.10e-03	9.99e-01	3.54e-14
 4.95227e+15	1.13e-03	9.99e-01	3.87e-14
 5.55731e+15	1.16e-03	9.99e-01	4.22e-14
 6.11381e+15	1.19e-03	9.99e-01	4.56e-14
 6.74559e+15	1.23e-03	9.99e-01	4.94e-14
 7.56691e+15	1.27e-03	9.99e-01	5.38e-14
 8.63463e+15	1.32e-03	9.99e-01	5.94e-14
 1.00227e+16	1.39e-03	9.99e-01	6.64e-14
 1.13476e+16	1.44e-03	9.99e-01	7.28e-14
 1.24823e+16	1.50e-03	9.98e-01	7.90e-14
 1.37305e+16	1.58e-03	9.98e-01	8.64e-14
 1.51036e+16	1.66e-03	9.98e-01	9.53e-14
 1.66140e+16	1.77e-03	9.98e-01	1.06e-13
 1.82754e+16	1.90e-03	9.98e-01	1.20e-13
 2.01029e+16	2.07e-03	9.98e-01	1.37e-13
 2.21132e+16	2.32e-03	9.98e-01	1.65e-13
 2.43245e+16	2.60e-03	9.97e-01	1.95e-13
 2.61506e+16	2.88e-03	9.97e-01	2.26e-13
 2.72552e+16	3.07e-03	9.97e-01	2.48e-13
 2.82596e+16	3.26e-03	9.97e-01	2.69e-13
 2.95654e+16	3.52e-03	9.96e-01	3.00e-13
 3.09565e+16	3.83e-03	9.96e-01	3.37e-13
 3.21335e+16	4.12e-03	9.96e-01	3.73e-13
 3.31423e+16	4.39e-03	9.96e-01	4.06e-13
 3.42572e+16	4.72e-03	9.95e-01	4.48e-13
 3.54773e+16	5.12e-03	9.95e-01	4.99e-13
 3.65526e+16	5.51e-03	9.94e-01	5.52e-13
 3.74806e+16	5.89e-03	9.94e-01	6.04e-13
 3.84983e+16	6.33e-03	9.94e-01	6.63e-13
 3.96122e+16	6.87e-03	9.93e-01	7.38e-13
 4.05907e+16	7.41e-03	9.93e-01	8.17e-13
 4.14268e+16	7.91e-03	9.92e-01	8.90e-13
 4.23382e+16	8.51e-03	9.91e-01	9.78e-13
 4.33344e+16	9.24e-03	9.91e-01	1.09e-12
 4.42206e+16	9.98e-03	9.90e-01	1.20e-12
 4.49945e+16	1.07e-02	9.89e-01	1.31e-12
 4.58423e+16	1.16e-02	9.88e-01	1.45e-12
 4.67626e+16	1.26e-02	9.87e-01	1.62e-12
 4.75670e+16	1.37e-02	9.86e-01	1.79e-12
 4.82632e+16	1.47e-02	9.85e-01	1.97e-12
 4.90290e+16	1.60e-02	9.84e-01	2.18e-12
 4.98494e+16	1.76e-02	9.82e-01	2.45e-12
 5.05457e+16	1.92e-02	9.81e-01	2.73e-12
 5.11335e+16	2.07e-02	9.79e-01	3.00e-12
 5.17751e+16	2.26e-02	9.77e-01	3.33e-12
 5.24638e+16	2.49e-02	9.75e-01	3.76e-12
 5.30460e+16	2.72e-02	9.73e-01	4.19e-12
 5.35302e+16	2.95e-02	9.71e-01	4.62e-12
 5.40544e+16	3.22e-02	9.68e-01	5.16e-12
 5.46176e+16	3.57e-02	9.64e-01	5.85e-12
 5.50997e+16	3.93e-02	9.61e-01	6.57e-12
 5.55077e+16	4.28e-02	9.57e-01	7.30e-12
 5.59508e+16	4.73e-02	9.53e-01	8.27e-12
 5.64257e+16	5.32e-02	9.47e-01	9.54e-12
 5.68282e+16	5.93e-02	9.41e-01	1.09e-11
 5.71647e+16	6.53e-02	9.35e-01	1.23e-11
 5.75296e+16	7.32e-02	9.27e-01	1.42e-11
 5.78844e+16	8.27e-02	9.17e-01	1.66e-11
 5.81340e+16	9.08e-02	9.09e-01	1.87e-11
 5.83263e+16	9.79e-02	9.02e-01	2.06e-11
 5.85363e+16	1.07e-01	8.93e-01	2.31e-11
 5.87685e+16	1.19e-01	8.81e-01	2.65e-11
 5.89720e+16	1.31e-01	8.69e-01	3.01e-11
 5.91392e+16	1.42e-01	8.58e-01	3.38e-11
 5.92910e+16	1.54e-01	8.46e-01	3.77e-11
 5.94627e+16	1.70e-01	8.30e-01	4.32e-11
 5.96398e+16	1.90e-01	8.10e-01	5.03e-11
 5.97799e+16	2.08e-01	7.92e-01	5.72e-11
 5.98935e+16	2.24e-01	7.76e-01	6.40e-11
 6.00171e+16	2.44e-01	7.56e-01	7.28e-11
 6.01514e+16	2.69e-01	7.31e-01	8.47e-11
 6.02668e+16	2.94e-01	7.06e-01	9.73e-11
 6.03624e+16	3.17e-01	6.83e-01	1.10e-10
 6.04648e+16	3.44e-01	6.56e-01	1.26e-10
 6.05748e+16	3.77e-01	6.23e-01	1.48e-10
 6.06678e+16	4.08e-01	5.92e-01	1.71e-10
 6.07435e+16	4.35e-01	5.65e-01	1.93e-10
 6.08105e+16	4.61e-01	5.39e-01	2.16e-10
 6.08727e+16	4.86e-01	5.14e-01	2.41e-10
 6.09302e+16	5.11e-01	4.89e-01	2.68e-10
 6.09819e+16	5.34e-01	4.66e-01	2.95e-10
 6.10200e+16	5.51e-01	4.49e-01	3.17e-10
 6.10443e+16	5.61e-01	4.39e-01	3.31e-10
 6.10677e+16	5.72e-01	4.28e-01	3.47e-10
 6.10954e+16	5.85e-01	4.15e-01	3.67e-10
 6.11242e+16	5.99e-01	4.01e-01	3.89e-10
 6.11507e+16	6.12e-01	3.88e-01	4.11e-10
 6.11750e+16	6.24e-01	3.76e-01	4.33e-10
 6.11987e+16	6.36e-01	3.64e-01	4.56e-10
 6.12226e+16	6.48e-01	3.52e-01	4.80e-10
 6.12463e+16	6.60e-01	3.40e-01	5.06e-10
 6.12693e+16	6.72e-01	3.28e-01	5.33e-10
 6.12914e+16	6.83e-01	3.17e-01	5.61e-10
 6.13131e+16	6.94e-01	3.06e-01	5.90e-10
 6.13345e+16	7.05e-01	2.95e-01	6.21e-10
 6.13555e+16	7.16e-01	2.84e-01	6.53e-10
 6.13760e+16	7.27e-01	2.73e-01	6.86e-10
 6.13961e+16	7.37e-01	2.63e-01	7.21e-10
 6.14157e+16	7.47e-01	2.53e-01	7.58e-10
 6.14351e+16	7.57e-01	2.43e-01	7.96e-10
 6.14541e+16	7.66e-01	2.34e-01	8.36e-10
 6.14727e+16	7.76e-01	2.24e-01	8.78e-10
 6.14909e+16	7.85e-01	2.15e-01	9.22e-10
 6.15088e+16	7.93e-01	2.07e-01	9.68e-10
 6.15264e+16	8.02e-01	1.98e-01	1.02e-09
 6.15436e+16	8.10e-01	1.90e-01	1.07e-09
 6.15605e+16	8.18e-01	1.82e-01	1.12e-09
 6.15771e+16	8.25e-01	1.75e-01	1.17e-09
 6.15935e+16	8.33e-01	1.67e-01	1.23e-09
 6.16095e+16	8.40e-01	1.60e-01	1.29e-09
 6.16251e+16	8.47e-01	1.53e-01	1.36e-09
 6.16403e+16	8.53e-01	1.47e-01	1.42e-09
 6.16550e+16	8.60e-01	1.40e-01	1.49e-09
 6.16696e+16	8.66e-01	1.34e-01	1.57e-09
 6.16837e+16	8.71e-01	1.29e-01	1.64e-09
 6.16973e+16	8.77e-01	1.23e-01	1.72e-09
 6.17105e+16	8.82e-01	1.18e-01	1.80e-09
 6.17235e+16	8.87e-01	1.13e-01	1.89e-09
 6.17362e+16	8.91e-01	1.09e-01	1.97e-09
 6.17485e+16	8.96e-01	1.04e-01	2.07e-09
 6.17606e+16	9.00e-01	1.00e-01	2.17e-09
 6.17724e+16	9.04e-01	9.59e-02	2.27e-09
 6.17839e+16	9.08e-01	9.20e-02	2.38e-09
 6.17952e+16	9.12e-01	8.82e-02	2.50e-09
 6.18062e+16	9.15e-01	8.47e-02	2.61e-09
 6.18170e+16	9.19e-01	8.12e-02	2.74e-09
 6.18275e+16	9.22e-01	7.80e-02	2.88e-09
 6.18378e+16	9.25e-01	7.49e-02	3.02e-09
 6.18480e+16	9.28e-01	7.18e-02	3.17e-09
 6.18580e+16	9.31e-01	6.89e-02	3.33e-09
 6.18675e+16	9.34e-01	6.62e-02	3.50e-09
 6.18770e+16	9.36e-01	6.36e-02	3.68e-09
 6.18864e+16	9.39e-01	6.11e-02	3.87e-09
 6.18955e+16	9.41e-01	5.86e-02	4.08e-09
 6.19045e+16	9.44e-01	5.63e-02	4.30e-09
 6.19132e+16	9.46e-01	5.41e-02	4.54e-09
 6.19218e+16	9.48e-01	5.20e-02	4.79e-09
 6.19302e+16	9.50e-01	4.99e-02	5.07e-09
 6.19385e+16	9.52e-01	4.80e-02	5.36e-09
 6.19466e+16	9.54e-01	4.61e-02	5.69e-09
 6.19545e+16	9.56e-01	4.43e-02	6.02e-09
 6.19623e+16	9.57e-01	4.25e-02	6.41e-09
 6.19699e+16	9.59e-01	4.09e-02	6.83e-09
 6.19772e+16	9.61e-01	3.93e-02	7.28e-09
 6.19844e+16	9.62e-01	3.78e-02	7.78e-09
 6.19915e+16	9.64e-01	3.63e-02	8.33e-09
 6.19985e+16	9.65e-01	3.48e-02	8.95e-09
 6.20053e+16	9.67e-01	3.35e-02	9.63e-09
 6.20119e+16	9.68e-01	3.22e-02	1.04e-08
 6.20183e+16	9.69e-01	3.09e-02	1.13e-08
 6.20247e+16	9.70e-01	2.96e-02	1.22e-08
 6.20308e+16	9.72e-01	2.85e-02	1.33e-08
 6.20367e+16	9.73e-01	2.74e-02	1.46e-08
 6.20424e+16	9.74e-01	2.63e-02	1.60e-08
 6.20480e+16	9.75e-01	2.52e-02	1.76e-08
 6.20534e+16	9.76e-01	2.42e-02	1.95e-08
 6.20583e+16	9.77e-01	2.34e-02	2.15e-08
 6.20628e+16	9.77e-01	2.25e-02	2.38e-08
 6.20671e+16	9.78e-01	2.18e-02	2.64e-08
 6.20709e+16	9.79e-01	2.11e-02	2.92e-08
 6.20744e+16	9.80e-01	2.05e-02	3.21e-08
 6.20777e+16	9.80e-01	1.99e-02	3.55e-08
 6.20807e+16	9.81e-01	1.93e-02	3.93e-08
 6.20836e+16	9.81e-01	1.88e-02	4.34e-08
 6.20863e+16	9.82e-01	1.83e-02	4.80e-08
 6.20887e+16	9.82e-01	1.78e-02	5.28e-08
 6.20910e+16	9.83e-01	1.74e-02	5.86e-08
 6.20932e+16	9.83e-01	1.70e-02	6.49e-08
 6.20952e+16	9.83e-01	1.66e-02	7.18e-08
 6.20970e+16	9.84e-01	1.62e-02	7.93e-08
 6.20987e+16	9.84e-01	1.59e-02	8.65e-08
 6.21004e+16	9.84e-01	1.55e-02	9.75e-08
 6.21020e+16	9.85e-01	1.52e-02	1.09e-07
 6.21033e+16	9.85e-01	1.49e-02	1.18e-07
 6.21045e+16	9.85e-01	1.46e-02	1.32e-07
 6.21058e+16	9.86e-01	1.43e-02	1.47e-07
 6.21069e+16	9.86e-01	1.41e-02	1.60e-07
 6.21079e+16	9.86e-01	1.38e-02	1.80e-07
 6.21090e+16	9.86e-01	1.36e-02	2.01e-07
 6.21098e+16	9.87e-01	1.34e-02	2.18e-07
 6.21107e+16	9.87e-01	1.31e-02	2.45e-07
 6.21115e+16	9.87e-01	1.29e-02	2.68e-07
 6.21123e+16	9.87e-01	1.27e-02	3.02e-07
 6.21130e+16	9.87e-01	1.25e-02	3.30e-07
 6.21136e+16	9.88e-01	1.23e-02	3.71e-07
 6.21143e+16	9.88e-01	1.21e-02	4.07e-07
 6.21149e+16	9.88e-01	1.19e-02	4.63e-07
 6.21155e+16	9.88e-01	1.16e-02	5.26e-07
 6.21161e+16	9.89e-01	1.14e-02	6.00e-07
 6.21168e+16	9.89e-01	1.11e-02	6.91e-07
 6.21174e+16	9.89e-01	1.09e-02	8.07e-07
 6.21180e+16	9.89e-01	1.05e-02	9.54e-07
 6.21186e+16	9.90e-01	1.01e-02	1.18e-06
 6.21192e+16	9.90e-01	9.53e-03	1.53e-06
