#depth	O	O+	O+2	O+3	O+4	O+5	O+6	O+7	O+8	O[1]	O[2]	O[3]
 1.61401e+12	1.47e-06	2.67e-03	4.89e-01	5.06e-01	2.47e-03	0.00e+00	0.00e+00	0.00e+00	0.00e+00	1.06e-06	2.66e-07	1.39e-07
 9.68408e+12	1.47e-06	2.68e-03	4.90e-01	5.05e-01	2.46e-03	0.00e+00	0.00e+00	0.00e+00	0.00e+00	1.06e-06	2.66e-07	1.39e-07
 4.19644e+13	1.48e-06	2.69e-03	4.92e-01	5.03e-01	2.43e-03	0.00e+00	0.00e+00	0.00e+00	0.00e+00	1.07e-06	2.67e-07	1.39e-07
 1.71085e+14	1.52e-06	2.75e-03	5.03e-01	4.92e-01	2.31e-03	0.00e+00	0.00e+00	0.00e+00	0.00e+00	1.10e-06	2.75e-07	1.43e-07
 4.08668e+14	1.57e-06	2.85e-03	5.20e-01	4.75e-01	2.13e-03	0.00e+00	0.00e+00	0.00e+00	0.00e+00	1.14e-06	2.86e-07	1.49e-07
 7.17526e+14	1.68e-06	3.01e-03	5.43e-01	4.52e-01	1.89e-03	0.00e+00	0.00e+00	0.00e+00	0.00e+00	1.21e-06	3.07e-07	1.59e-07
 1.11904e+15	1.82e-06	3.22e-03	5.73e-01	4.22e-01	1.62e-03	0.00e+00	0.00e+00	0.00e+00	0.00e+00	1.31e-06	3.34e-07	1.73e-07
 1.64101e+15	2.03e-06	3.52e-03	6.15e-01	3.80e-01	1.30e-03	0.00e+00	0.00e+00	0.00e+00	0.00e+00	1.46e-06	3.76e-07	1.93e-07
 2.31957e+15	2.36e-06	3.98e-03	6.73e-01	3.23e-01	9.42e-04	0.00e+00	0.00e+00	0.00e+00	0.00e+00	1.69e-06	4.42e-07	2.26e-07
 3.00727e+15	2.73e-06	4.48e-03	7.32e-01	2.62e-01	6.43e-04	0.00e+00	0.00e+00	0.00e+00	0.00e+00	1.95e-06	5.16e-07	2.63e-07
 3.53035e+15	3.07e-06	4.92e-03	7.80e-01	2.15e-01	4.55e-04	0.00e+00	0.00e+00	0.00e+00	0.00e+00	2.19e-06	5.83e-07	2.96e-07
 3.94053e+15	3.44e-06	5.34e-03	8.17e-01	1.78e-01	3.29e-04	0.00e+00	0.00e+00	0.00e+00	0.00e+00	2.45e-06	6.57e-07	3.33e-07
 4.38042e+15	3.87e-06	5.80e-03	8.53e-01	1.41e-01	2.23e-04	0.00e+00	0.00e+00	0.00e+00	0.00e+00	2.75e-06	7.41e-07	3.75e-07
 4.95227e+15	4.46e-06	6.39e-03	8.94e-01	9.94e-02	1.27e-04	0.00e+00	0.00e+00	0.00e+00	0.00e+00	3.17e-06	8.59e-07	4.33e-07
 5.55731e+15	5.08e-06	6.97e-03	9.28e-01	6.50e-02	6.48e-05	0.00e+00	0.00e+00	0.00e+00	0.00e+00	3.61e-06	9.83e-07	4.94e-07
 6.11381e+15	5.66e-06	7.46e-03	9.50e-01	4.21e-02	3.26e-05	0.00e+00	0.00e+00	0.00e+00	0.00e+00	4.01e-06	1.10e-06	5.51e-07
 6.74559e+15	6.31e-06	7.94e-03	9.67e-01	2.50e-02	1.43e-05	0.00e+00	0.00e+00	0.00e+00	0.00e+00	4.46e-06	1.23e-06	6.15e-07
 7.56691e+15	7.02e-06	8.43e-03	9.79e-01	1.27e-02	4.83e-06	0.00e+00	0.00e+00	0.00e+00	0.00e+00	4.97e-06	1.37e-06	6.86e-07
 8.63463e+15	7.92e-06	8.95e-03	9.86e-01	5.37e-03	1.19e-06	0.00e+00	0.00e+00	0.00e+00	0.00e+00	5.60e-06	1.55e-06	7.74e-07
 1.00227e+16	9.06e-06	9.53e-03	9.89e-01	1.90e-03	2.11e-07	0.00e+00	0.00e+00	0.00e+00	0.00e+00	6.39e-06	1.77e-06	8.86e-07
 1.13476e+16	1.01e-05	1.00e-02	9.89e-01	7.90e-04	0.00e+00	0.00e+00	0.00e+00	0.00e+00	0.00e+00	7.13e-06	1.98e-06	9.89e-07
 1.24823e+16	1.12e-05	1.05e-02	9.89e-01	4.05e-04	0.00e+00	0.00e+00	0.00e+00	0.00e+00	0.00e+00	7.90e-06	2.20e-06	1.10e-06
 1.37305e+16	1.25e-05	1.10e-02	9.89e-01	2.18e-04	0.00e+00	0.00e+00	0.00e+00	0.00e+00	0.00e+00	8.83e-06	2.46e-06	1.23e-06
 1.51036e+16	1.42e-05	1.16e-02	9.88e-01	1.28e-04	0.00e+00	0.00e+00	0.00e+00	0.00e+00	0.00e+00	9.99e-06	2.78e-06	1.39e-06
 1.66140e+16	1.63e-05	1.23e-02	9.88e-01	8.53e-05	0.00e+00	0.00e+00	0.00e+00	0.00e+00	0.00e+00	1.15e-05	3.20e-06	1.59e-06
 1.82754e+16	1.90e-05	1.31e-02	9.87e-01	6.40e-05	0.00e+00	0.00e+00	0.00e+00	0.00e+00	0.00e+00	1.34e-05	3.74e-06	1.86e-06
 2.01029e+16	2.28e-05	1.41e-02	9.86e-01	5.25e-05	0.00e+00	0.00e+00	0.00e+00	0.00e+00	0.00e+00	1.61e-05	4.48e-06	2.23e-06
 2.21132e+16	2.93e-05	1.56e-02	9.84e-01	4.47e-05	0.00e+00	0.00e+00	0.00e+00	0.00e+00	0.00e+00	2.06e-05	5.80e-06	2.88e-06
 2.43245e+16	3.72e-05	1.72e-02	9.83e-01	3.92e-05	0.00e+00	0.00e+00	0.00e+00	0.00e+00	0.00e+00	2.62e-05	7.34e-06	3.64e-06
 2.61506e+16	4.61e-05	1.88e-02	9.81e-01	3.56e-05	0.00e+00	0.00e+00	0.00e+00	0.00e+00	0.00e+00	3.25e-05	9.09e-06	4.51e-06
 2.72552e+16	5.26e-05	1.99e-02	9.80e-01	3.36e-05	0.00e+00	0.00e+00	0.00e+00	0.00e+00	0.00e+00	3.71e-05	1.04e-05	5.15e-06
 2.82596e+16	5.94e-05	2.10e-02	9.79e-01	3.20e-05	0.00e+00	0.00e+00	0.00e+00	0.00e+00	0.00e+00	4.19e-05	1.17e-05	5.81e-06
 2.95654e+16	6.99e-05	2.25e-02	9.77e-01	2.98e-05	0.00e+00	0.00e+00	0.00e+00	0.00e+00	0.00e+00	4.94e-05	1.37e-05	6.82e-06
 3.09565e+16	8.36e-05	2.43e-02	9.76e-01	2.76e-05	0.00e+00	0.00e+00	0.00e+00	0.00e+00	0.00e+00	5.91e-05	1.64e-05	8.16e-06
 3.21335e+16	9.80e-05	2.61e-02	9.74e-01	2.59e-05	0.00e+00	0.00e+00	0.00e+00	0.00e+00	0.00e+00	6.92e-05	1.92e-05	9.54e-06
 3.31423e+16	1.12e-04	2.77e-02	9.72e-01	2.43e-05	0.00e+00	0.00e+00	0.00e+00	0.00e+00	0.00e+00	7.94e-05	2.19e-05	1.09e-05
 3.42572e+16	1.31e-04	2.98e-02	9.70e-01	2.27e-05	0.00e+00	0.00e+00	0.00e+00	0.00e+00	0.00e+00	9.31e-05	2.56e-05	1.28e-05
 3.54773e+16	1.57e-04	3.23e-02	9.67e-01	2.10e-05	0.00e+00	0.00e+00	0.00e+00	0.00e+00	0.00e+00	1.11e-04	3.05e-05	1.52e-05
 3.65526e+16	1.85e-04	3.49e-02	9.65e-01	1.95e-05	0.00e+00	0.00e+00	0.00e+00	0.00e+00	0.00e+00	1.31e-04	3.59e-05	1.80e-05
 3.74806e+16	2.15e-04	3.75e-02	9.62e-01	1.84e-05	0.00e+00	0.00e+00	0.00e+00	0.00e+00	0.00e+00	1.53e-04	4.15e-05	2.08e-05
 3.84983e+16	2.53e-04	4.05e-02	9.59e-01	1.70e-05	0.00e+00	0.00e+00	0.00e+00	0.00e+00	0.00e+00	1.80e-04	4.86e-05	2.44e-05
 3.96122e+16	3.05e-04	4.44e-02	9.55e-01	1.56e-05	0.00e+00	0.00e+00	0.00e+00	0.00e+00	0.00e+00	2.17e-04	5.84e-05	2.94e-05
 4.05907e+16	3.62e-04	4.83e-02	9.51e-01	1.45e-05	0.00e+00	0.00e+00	0.00e+00	0.00e+00	0.00e+00	2.58e-04	6.93e-05	3.49e-05
 4.14268e+16	4.21e-04	5.21e-02	9.47e-01	1.35e-05	0.00e+00	0.00e+00	0.00e+00	0.00e+00	0.00e+00	3.00e-04	8.05e-05	4.05e-05
 4.23382e+16	5.00e-04	5.68e-02	9.43e-01	1.24e-05	0.00e+00	0.00e+00	0.00e+00	0.00e+00	0.00e+00	3.56e-04	9.52e-05	4.80e-05
 4.33344e+16	6.05e-04	6.26e-02	9.37e-01	1.14e-05	0.00e+00	0.00e+00	0.00e+00	0.00e+00	0.00e+00	4.32e-04	1.15e-04	5.80e-05
 4.42206e+16	7.25e-04	6.87e-02	9.31e-01	1.03e-05	0.00e+00	0.00e+00	0.00e+00	0.00e+00	0.00e+00	5.18e-04	1.37e-04	6.94e-05
 4.49945e+16	8.53e-04	7.47e-02	9.24e-01	9.52e-06	0.00e+00	0.00e+00	0.00e+00	0.00e+00	0.00e+00	6.10e-04	1.61e-04	8.16e-05
 4.58423e+16	1.03e-03	8.23e-02	9.17e-01	8.65e-06	0.00e+00	0.00e+00	0.00e+00	0.00e+00	0.00e+00	7.34e-04	1.94e-04	9.80e-05
 4.67626e+16	1.26e-03	9.18e-02	9.07e-01	7.74e-06	0.00e+00	0.00e+00	0.00e+00	0.00e+00	0.00e+00	9.05e-04	2.38e-04	1.21e-04
 4.75670e+16	1.53e-03	1.02e-01	8.97e-01	6.96e-06	0.00e+00	0.00e+00	0.00e+00	0.00e+00	0.00e+00	1.10e-03	2.88e-04	1.46e-04
 4.82632e+16	1.82e-03	1.11e-01	8.87e-01	6.32e-06	0.00e+00	0.00e+00	0.00e+00	0.00e+00	0.00e+00	1.31e-03	3.42e-04	1.73e-04
 4.90290e+16	2.22e-03	1.24e-01	8.74e-01	5.63e-06	0.00e+00	0.00e+00	0.00e+00	0.00e+00	0.00e+00	1.59e-03	4.16e-04	2.11e-04
 4.98494e+16	2.78e-03	1.39e-01	8.58e-01	4.92e-06	0.00e+00	0.00e+00	0.00e+00	0.00e+00	0.00e+00	1.99e-03	5.19e-04	2.64e-04
 5.05457e+16	3.39e-03	1.55e-01	8.42e-01	4.35e-06	0.00e+00	0.00e+00	0.00e+00	0.00e+00	0.00e+00	2.43e-03	6.33e-04	3.22e-04
 5.11335e+16	4.04e-03	1.70e-01	8.26e-01	3.88e-06	0.00e+00	0.00e+00	0.00e+00	0.00e+00	0.00e+00	2.91e-03	7.54e-04	3.84e-04
 5.17751e+16	4.94e-03	1.89e-01	8.06e-01	3.38e-06	0.00e+00	0.00e+00	0.00e+00	0.00e+00	0.00e+00	3.55e-03	9.21e-04	4.69e-04
 5.24638e+16	6.20e-03	2.13e-01	7.81e-01	2.89e-06	0.00e+00	0.00e+00	0.00e+00	0.00e+00	0.00e+00	4.46e-03	1.15e-03	5.87e-04
 5.30460e+16	7.60e-03	2.36e-01	7.56e-01	2.49e-06	0.00e+00	0.00e+00	0.00e+00	0.00e+00	0.00e+00	5.46e-03	1.41e-03	7.19e-04
 5.35302e+16	9.06e-03	2.59e-01	7.32e-01	2.17e-06	0.00e+00	0.00e+00	0.00e+00	0.00e+00	0.00e+00	6.52e-03	1.68e-03	8.57e-04
 5.40544e+16	1.11e-02	2.87e-01	7.02e-01	1.84e-06	0.00e+00	0.00e+00	0.00e+00	0.00e+00	0.00e+00	7.96e-03	2.05e-03	1.05e-03
 5.46176e+16	1.38e-02	3.20e-01	6.66e-01	1.52e-06	0.00e+00	0.00e+00	0.00e+00	0.00e+00	0.00e+00	9.94e-03	2.56e-03	1.31e-03
 5.50997e+16	1.69e-02	3.53e-01	6.30e-01	1.26e-06	0.00e+00	0.00e+00	0.00e+00	0.00e+00	0.00e+00	1.22e-02	3.13e-03	1.60e-03
 5.55077e+16	2.02e-02	3.85e-01	5.95e-01	1.05e-06	0.00e+00	0.00e+00	0.00e+00	0.00e+00	0.00e+00	1.46e-02	3.75e-03	1.91e-03
 5.59508e+16	2.47e-02	4.22e-01	5.53e-01	8.47e-07	0.00e+00	0.00e+00	0.00e+00	0.00e+00	0.00e+00	1.78e-02	4.58e-03	2.34e-03
 5.64257e+16	3.10e-02	4.66e-01	5.03e-01	6.53e-07	0.00e+00	0.00e+00	0.00e+00	0.00e+00	0.00e+00	2.23e-02	5.73e-03	2.92e-03
 5.68282e+16	3.79e-02	5.06e-01	4.56e-01	5.05e-07	0.00e+00	0.00e+00	0.00e+00	0.00e+00	0.00e+00	2.73e-02	7.02e-03	3.58e-03
 5.71647e+16	4.52e-02	5.42e-01	4.13e-01	3.96e-07	0.00e+00	0.00e+00	0.00e+00	0.00e+00	0.00e+00	3.25e-02	8.36e-03	4.27e-03
 5.75296e+16	5.50e-02	5.81e-01	3.64e-01	2.93e-07	0.00e+00	0.00e+00	0.00e+00	0.00e+00	0.00e+00	3.96e-02	1.02e-02	5.19e-03
 5.78844e+16	6.71e-02	6.19e-01	3.14e-01	2.10e-07	0.00e+00	0.00e+00	0.00e+00	0.00e+00	0.00e+00	4.83e-02	1.24e-02	6.33e-03
 5.81340e+16	7.75e-02	6.45e-01	2.77e-01	1.61e-07	0.00e+00	0.00e+00	0.00e+00	0.00e+00	0.00e+00	5.58e-02	1.43e-02	7.32e-03
 5.83263e+16	8.69e-02	6.64e-01	2.49e-01	1.28e-07	0.00e+00	0.00e+00	0.00e+00	0.00e+00	0.00e+00	6.26e-02	1.61e-02	8.20e-03
 5.85363e+16	9.87e-02	6.83e-01	2.18e-01	0.00e+00	0.00e+00	0.00e+00	0.00e+00	0.00e+00	0.00e+00	7.11e-02	1.82e-02	9.31e-03
 5.87685e+16	1.14e-01	7.01e-01	1.85e-01	0.00e+00	0.00e+00	0.00e+00	0.00e+00	0.00e+00	0.00e+00	8.22e-02	2.11e-02	1.08e-02
 5.89720e+16	1.30e-01	7.13e-01	1.57e-01	0.00e+00	0.00e+00	0.00e+00	0.00e+00	0.00e+00	0.00e+00	9.36e-02	2.40e-02	1.23e-02
 5.91392e+16	1.45e-01	7.20e-01	1.35e-01	0.00e+00	0.00e+00	0.00e+00	0.00e+00	0.00e+00	0.00e+00	1.05e-01	2.68e-02	1.37e-02
 5.92910e+16	1.61e-01	7.24e-01	1.16e-01	0.00e+00	0.00e+00	0.00e+00	0.00e+00	0.00e+00	0.00e+00	1.16e-01	2.96e-02	1.51e-02
 5.94627e+16	1.81e-01	7.24e-01	9.52e-02	0.00e+00	0.00e+00	0.00e+00	0.00e+00	0.00e+00	0.00e+00	1.30e-01	3.34e-02	1.71e-02
 5.96398e+16	2.05e-01	7.19e-01	7.61e-02	0.00e+00	0.00e+00	0.00e+00	0.00e+00	0.00e+00	0.00e+00	1.48e-01	3.78e-02	1.93e-02
 5.97799e+16	2.27e-01	7.10e-01	6.24e-02	0.00e+00	0.00e+00	0.00e+00	0.00e+00	0.00e+00	0.00e+00	1.64e-01	4.18e-02	2.14e-02
 5.98935e+16	2.47e-01	7.01e-01	5.24e-02	0.00e+00	0.00e+00	0.00e+00	0.00e+00	0.00e+00	0.00e+00	1.78e-01	4.54e-02	2.33e-02
 6.00171e+16	2.71e-01	6.86e-01	4.25e-02	0.00e+00	0.00e+00	0.00e+00	0.00e+00	0.00e+00	0.00e+00	1.96e-01	4.97e-02	2.55e-02
 6.01514e+16	3.01e-01	6.66e-01	3.30e-02	0.00e+00	0.00e+00	0.00e+00	0.00e+00	0.00e+00	0.00e+00	2.18e-01	5.49e-02	2.82e-02
 6.02668e+16	3.29e-01	6.45e-01	2.60e-02	0.00e+00	0.00e+00	0.00e+00	0.00e+00	0.00e+00	0.00e+00	2.39e-01	6.00e-02	3.09e-02
 6.03624e+16	3.55e-01	6.24e-01	2.09e-02	0.00e+00	0.00e+00	0.00e+00	0.00e+00	0.00e+00	0.00e+00	2.58e-01	6.44e-02	3.32e-02
 6.04648e+16	3.86e-01	5.98e-01	1.62e-02	0.00e+00	0.00e+00	0.00e+00	0.00e+00	0.00e+00	0.00e+00	2.80e-01	6.97e-02	3.60e-02
 6.05748e+16	4.22e-01	5.66e-01	1.20e-02	0.00e+00	0.00e+00	0.00e+00	0.00e+00	0.00e+00	0.00e+00	3.07e-01	7.57e-02	3.92e-02
 6.06678e+16	4.55e-01	5.36e-01	9.10e-03	0.00e+00	0.00e+00	0.00e+00	0.00e+00	0.00e+00	0.00e+00	3.32e-01	8.12e-02	4.22e-02
 6.07435e+16	4.84e-01	5.09e-01	7.12e-03	0.00e+00	0.00e+00	0.00e+00	0.00e+00	0.00e+00	0.00e+00	3.53e-01	8.58e-02	4.47e-02
 6.08105e+16	5.11e-01	4.84e-01	5.64e-03	0.00e+00	0.00e+00	0.00e+00	0.00e+00	0.00e+00	0.00e+00	3.74e-01	9.00e-02	4.70e-02
 6.08727e+16	5.37e-01	4.59e-01	4.48e-03	0.00e+00	0.00e+00	0.00e+00	0.00e+00	0.00e+00	0.00e+00	3.93e-01	9.39e-02	4.92e-02
 6.09302e+16	5.61e-01	4.35e-01	3.57e-03	0.00e+00	0.00e+00	0.00e+00	0.00e+00	0.00e+00	0.00e+00	4.12e-01	9.76e-02	5.13e-02
 6.09819e+16	5.84e-01	4.13e-01	2.88e-03	0.00e+00	0.00e+00	0.00e+00	0.00e+00	0.00e+00	0.00e+00	4.30e-01	1.01e-01	5.32e-02
 6.10200e+16	6.01e-01	3.96e-01	2.45e-03	0.00e+00	0.00e+00	0.00e+00	0.00e+00	0.00e+00	0.00e+00	4.43e-01	1.03e-01	5.45e-02
 6.10443e+16	6.11e-01	3.87e-01	2.22e-03	0.00e+00	0.00e+00	0.00e+00	0.00e+00	0.00e+00	0.00e+00	4.51e-01	1.04e-01	5.53e-02
 6.10677e+16	6.22e-01	3.76e-01	1.99e-03	0.00e+00	0.00e+00	0.00e+00	0.00e+00	0.00e+00	0.00e+00	4.60e-01	1.06e-01	5.61e-02
 6.10954e+16	6.35e-01	3.64e-01	1.74e-03	0.00e+00	0.00e+00	0.00e+00	0.00e+00	0.00e+00	0.00e+00	4.70e-01	1.08e-01	5.71e-02
 6.11242e+16	6.48e-01	3.50e-01	1.51e-03	0.00e+00	0.00e+00	0.00e+00	0.00e+00	0.00e+00	0.00e+00	4.81e-01	1.09e-01	5.81e-02
 6.11507e+16	6.61e-01	3.38e-01	1.32e-03	0.00e+00	0.00e+00	0.00e+00	0.00e+00	0.00e+00	0.00e+00	4.91e-01	1.11e-01	5.90e-02
 6.11750e+16	6.72e-01	3.27e-01	1.17e-03	0.00e+00	0.00e+00	0.00e+00	0.00e+00	0.00e+00	0.00e+00	5.00e-01	1.12e-01	5.98e-02
 6.11987e+16	6.83e-01	3.16e-01	1.03e-03	0.00e+00	0.00e+00	0.00e+00	0.00e+00	0.00e+00	0.00e+00	5.09e-01	1.13e-01	6.06e-02
 6.12226e+16	6.95e-01	3.04e-01	9.01e-04	0.00e+00	0.00e+00	0.00e+00	0.00e+00	0.00e+00	0.00e+00	5.19e-01	1.14e-01	6.14e-02
 6.12463e+16	7.06e-01	2.93e-01	7.88e-04	0.00e+00	0.00e+00	0.00e+00	0.00e+00	0.00e+00	0.00e+00	5.28e-01	1.15e-01	6.21e-02
 6.12693e+16	7.17e-01	2.82e-01	6.90e-04	0.00e+00	0.00e+00	0.00e+00	0.00e+00	0.00e+00	0.00e+00	5.38e-01	1.17e-01	6.28e-02
 6.12914e+16	7.28e-01	2.72e-01	6.05e-04	0.00e+00	0.00e+00	0.00e+00	0.00e+00	0.00e+00	0.00e+00	5.46e-01	1.17e-01	6.35e-02
 6.13131e+16	7.38e-01	2.62e-01	5.30e-04	0.00e+00	0.00e+00	0.00e+00	0.00e+00	0.00e+00	0.00e+00	5.55e-01	1.18e-01	6.41e-02
 6.13345e+16	7.48e-01	2.52e-01	4.63e-04	0.00e+00	0.00e+00	0.00e+00	0.00e+00	0.00e+00	0.00e+00	5.64e-01	1.19e-01	6.47e-02
 6.13555e+16	7.58e-01	2.42e-01	4.05e-04	0.00e+00	0.00e+00	0.00e+00	0.00e+00	0.00e+00	0.00e+00	5.72e-01	1.20e-01	6.52e-02
 6.13760e+16	7.67e-01	2.32e-01	3.53e-04	0.00e+00	0.00e+00	0.00e+00	0.00e+00	0.00e+00	0.00e+00	5.81e-01	1.21e-01	6.58e-02
 6.13961e+16	7.77e-01	2.23e-01	3.08e-04	0.00e+00	0.00e+00	0.00e+00	0.00e+00	0.00e+00	0.00e+00	5.89e-01	1.21e-01	6.62e-02
 6.14157e+16	7.86e-01	2.14e-01	2.69e-04	0.00e+00	0.00e+00	0.00e+00	0.00e+00	0.00e+00	0.00e+00	5.97e-01	1.22e-01	6.67e-02
 6.14351e+16	7.94e-01	2.05e-01	2.35e-04	0.00e+00	0.00e+00	0.00e+00	0.00e+00	0.00e+00	0.00e+00	6.05e-01	1.22e-01	6.71e-02
 6.14541e+16	8.03e-01	1.97e-01	2.05e-04	0.00e+00	0.00e+00	0.00e+00	0.00e+00	0.00e+00	0.00e+00	6.12e-01	1.23e-01	6.74e-02
 6.14727e+16	8.11e-01	1.89e-01	1.78e-04	0.00e+00	0.00e+00	0.00e+00	0.00e+00	0.00e+00	0.00e+00	6.20e-01	1.23e-01	6.78e-02
 6.14909e+16	8.19e-01	1.81e-01	1.55e-04	0.00e+00	0.00e+00	0.00e+00	0.00e+00	0.00e+00	0.00e+00	6.27e-01	1.24e-01	6.81e-02
 6.15088e+16	8.27e-01	1.73e-01	1.35e-04	0.00e+00	0.00e+00	0.00e+00	0.00e+00	0.00e+00	0.00e+00	6.34e-01	1.24e-01	6.84e-02
 6.15264e+16	8.34e-01	1.66e-01	1.17e-04	0.00e+00	0.00e+00	0.00e+00	0.00e+00	0.00e+00	0.00e+00	6.41e-01	1.24e-01	6.86e-02
 6.15436e+16	8.41e-01	1.59e-01	1.02e-04	0.00e+00	0.00e+00	0.00e+00	0.00e+00	0.00e+00	0.00e+00	6.48e-01	1.24e-01	6.88e-02
 6.15605e+16	8.48e-01	1.52e-01	8.86e-05	0.00e+00	0.00e+00	0.00e+00	0.00e+00	0.00e+00	0.00e+00	6.55e-01	1.24e-01	6.90e-02
 6.15771e+16	8.55e-01	1.45e-01	7.70e-05	0.00e+00	0.00e+00	0.00e+00	0.00e+00	0.00e+00	0.00e+00	6.61e-01	1.25e-01	6.92e-02
 6.15935e+16	8.61e-01	1.39e-01	6.68e-05	0.00e+00	0.00e+00	0.00e+00	0.00e+00	0.00e+00	0.00e+00	6.67e-01	1.25e-01	6.93e-02
 6.16095e+16	8.67e-01	1.33e-01	5.80e-05	0.00e+00	0.00e+00	0.00e+00	0.00e+00	0.00e+00	0.00e+00	6.73e-01	1.25e-01	6.94e-02
 6.16251e+16	8.73e-01	1.27e-01	5.04e-05	0.00e+00	0.00e+00	0.00e+00	0.00e+00	0.00e+00	0.00e+00	6.79e-01	1.25e-01	6.95e-02
 6.16403e+16	8.79e-01	1.21e-01	4.38e-05	0.00e+00	0.00e+00	0.00e+00	0.00e+00	0.00e+00	0.00e+00	6.84e-01	1.25e-01	6.95e-02
 6.16550e+16	8.84e-01	1.16e-01	3.83e-05	0.00e+00	0.00e+00	0.00e+00	0.00e+00	0.00e+00	0.00e+00	6.90e-01	1.25e-01	6.96e-02
 6.16696e+16	8.89e-01	1.11e-01	3.32e-05	0.00e+00	0.00e+00	0.00e+00	0.00e+00	0.00e+00	0.00e+00	6.95e-01	1.25e-01	6.96e-02
 6.16837e+16	8.94e-01	1.06e-01	2.90e-05	0.00e+00	0.00e+00	0.00e+00	0.00e+00	0.00e+00	0.00e+00	7.00e-01	1.24e-01	6.96e-02
 6.16973e+16	8.98e-01	1.01e-01	2.53e-05	0.00e+00	0.00e+00	0.00e+00	0.00e+00	0.00e+00	0.00e+00	7.04e-01	1.25e-01	6.96e-02
 6.17105e+16	9.03e-01	9.72e-02	2.22e-05	0.00e+00	0.00e+00	0.00e+00	0.00e+00	0.00e+00	0.00e+00	7.09e-01	1.24e-01	6.96e-02
 6.17235e+16	9.07e-01	9.30e-02	1.94e-05	0.00e+00	0.00e+00	0.00e+00	0.00e+00	0.00e+00	0.00e+00	7.13e-01	1.24e-01	6.96e-02
 6.17362e+16	9.11e-01	8.91e-02	1.71e-05	0.00e+00	0.00e+00	0.00e+00	0.00e+00	0.00e+00	0.00e+00	7.17e-01	1.24e-01	6.95e-02
 6.17485e+16	9.15e-01	8.53e-02	1.49e-05	0.00e+00	0.00e+00	0.00e+00	0.00e+00	0.00e+00	0.00e+00	7.21e-01	1.24e-01	6.95e-02
 6.17606e+16	9.18e-01	8.18e-02	1.32e-05	0.00e+00	0.00e+00	0.00e+00	0.00e+00	0.00e+00	0.00e+00	7.25e-01	1.24e-01	6.94e-02
 6.17724e+16	9.22e-01	7.83e-02	1.15e-05	0.00e+00	0.00e+00	0.00e+00	0.00e+00	0.00e+00	0.00e+00	7.28e-01	1.24e-01	6.94e-02
 6.17839e+16	9.25e-01	7.50e-02	1.02e-05	0.00e+00	0.00e+00	0.00e+00	0.00e+00	0.00e+00	0.00e+00	7.32e-01	1.24e-01	6.93e-02
 6.17952e+16	9.28e-01	7.19e-02	8.94e-06	0.00e+00	0.00e+00	0.00e+00	0.00e+00	0.00e+00	0.00e+00	7.35e-01	1.24e-01	6.93e-02
 6.18062e+16	9.31e-01	6.89e-02	7.90e-06	0.00e+00	0.00e+00	0.00e+00	0.00e+00	0.00e+00	0.00e+00	7.38e-01	1.24e-01	6.92e-02
 6.18170e+16	9.34e-01	6.61e-02	6.96e-06	0.00e+00	0.00e+00	0.00e+00	0.00e+00	0.00e+00	0.00e+00	7.41e-01	1.24e-01	6.92e-02
 6.18275e+16	9.37e-01	6.34e-02	6.15e-06	0.00e+00	0.00e+00	0.00e+00	0.00e+00	0.00e+00	0.00e+00	7.44e-01	1.24e-01	6.91e-02
 6.18378e+16	9.39e-01	6.08e-02	5.44e-06	0.00e+00	0.00e+00	0.00e+00	0.00e+00	0.00e+00	0.00e+00	7.46e-01	1.24e-01	6.91e-02
 6.18480e+16	9.42e-01	5.83e-02	4.80e-06	0.00e+00	0.00e+00	0.00e+00	0.00e+00	0.00e+00	0.00e+00	7.49e-01	1.24e-01	6.90e-02
 6.18580e+16	9.44e-01	5.59e-02	4.24e-06	0.00e+00	0.00e+00	0.00e+00	0.00e+00	0.00e+00	0.00e+00	7.51e-01	1.24e-01	6.90e-02
 6.18675e+16	9.46e-01	5.37e-02	3.77e-06	0.00e+00	0.00e+00	0.00e+00	0.00e+00	0.00e+00	0.00e+00	7.54e-01	1.24e-01	6.89e-02
 6.18770e+16	9.49e-01	5.15e-02	3.34e-06	0.00e+00	0.00e+00	0.00e+00	0.00e+00	0.00e+00	0.00e+00	7.56e-01	1.24e-01	6.89e-02
 6.18864e+16	9.51e-01	4.94e-02	2.96e-06	0.00e+00	0.00e+00	0.00e+00	0.00e+00	0.00e+00	0.00e+00	7.58e-01	1.24e-01	6.88e-02
 6.18955e+16	9.53e-01	4.74e-02	2.62e-06	0.00e+00	0.00e+00	0.00e+00	0.00e+00	0.00e+00	0.00e+00	7.60e-01	1.24e-01	6.88e-02
 6.19045e+16	9.54e-01	4.55e-02	2.33e-06	0.00e+00	0.00e+00	0.00e+00	0.00e+00	0.00e+00	0.00e+00	7.62e-01	1.24e-01	6.87e-02
 6.19132e+16	9.56e-01	4.37e-02	2.07e-06	0.00e+00	0.00e+00	0.00e+00	0.00e+00	0.00e+00	0.00e+00	7.63e-01	1.24e-01	6.86e-02
 6.19218e+16	9.58e-01	4.19e-02	1.84e-06	0.00e+00	0.00e+00	0.00e+00	0.00e+00	0.00e+00	0.00e+00	7.65e-01	1.24e-01	6.86e-02
 6.19302e+16	9.60e-01	4.02e-02	1.64e-06	0.00e+00	0.00e+00	0.00e+00	0.00e+00	0.00e+00	0.00e+00	7.67e-01	1.25e-01	6.85e-02
 6.19385e+16	9.61e-01	3.86e-02	1.46e-06	0.00e+00	0.00e+00	0.00e+00	0.00e+00	0.00e+00	0.00e+00	7.68e-01	1.25e-01	6.84e-02
 6.19466e+16	9.63e-01	3.71e-02	1.30e-06	0.00e+00	0.00e+00	0.00e+00	0.00e+00	0.00e+00	0.00e+00	7.69e-01	1.25e-01	6.84e-02
 6.19545e+16	9.64e-01	3.56e-02	1.16e-06	0.00e+00	0.00e+00	0.00e+00	0.00e+00	0.00e+00	0.00e+00	7.71e-01	1.25e-01	6.83e-02
 6.19623e+16	9.66e-01	3.42e-02	1.03e-06	0.00e+00	0.00e+00	0.00e+00	0.00e+00	0.00e+00	0.00e+00	7.72e-01	1.26e-01	6.84e-02
 6.19699e+16	9.67e-01	3.28e-02	9.20e-07	0.00e+00	0.00e+00	0.00e+00	0.00e+00	0.00e+00	0.00e+00	7.73e-01	1.26e-01	6.83e-02
 6.19772e+16	9.68e-01	3.15e-02	8.22e-07	0.00e+00	0.00e+00	0.00e+00	0.00e+00	0.00e+00	0.00e+00	7.74e-01	1.26e-01	6.83e-02
 6.19844e+16	9.70e-01	3.03e-02	7.35e-07	0.00e+00	0.00e+00	0.00e+00	0.00e+00	0.00e+00	0.00e+00	7.75e-01	1.26e-01	6.83e-02
 6.19915e+16	9.71e-01	2.91e-02	6.56e-07	0.00e+00	0.00e+00	0.00e+00	0.00e+00	0.00e+00	0.00e+00	7.76e-01	1.27e-01	6.83e-02
 6.19985e+16	9.72e-01	2.79e-02	5.86e-07	0.00e+00	0.00e+00	0.00e+00	0.00e+00	0.00e+00	0.00e+00	7.76e-01	1.27e-01	6.84e-02
 6.20053e+16	9.73e-01	2.68e-02	5.24e-07	0.00e+00	0.00e+00	0.00e+00	0.00e+00	0.00e+00	0.00e+00	7.77e-01	1.28e-01	6.84e-02
 6.20119e+16	9.74e-01	2.57e-02	4.69e-07	0.00e+00	0.00e+00	0.00e+00	0.00e+00	0.00e+00	0.00e+00	7.78e-01	1.28e-01	6.84e-02
 6.20183e+16	9.75e-01	2.47e-02	4.21e-07	0.00e+00	0.00e+00	0.00e+00	0.00e+00	0.00e+00	0.00e+00	7.78e-01	1.29e-01	6.84e-02
 6.20247e+16	9.76e-01	2.37e-02	3.76e-07	0.00e+00	0.00e+00	0.00e+00	0.00e+00	0.00e+00	0.00e+00	7.78e-01	1.29e-01	6.85e-02
 6.20308e+16	9.77e-01	2.27e-02	3.37e-07	0.00e+00	0.00e+00	0.00e+00	0.00e+00	0.00e+00	0.00e+00	7.79e-01	1.30e-01	6.86e-02
 6.20367e+16	9.78e-01	2.18e-02	3.03e-07	0.00e+00	0.00e+00	0.00e+00	0.00e+00	0.00e+00	0.00e+00	7.79e-01	1.31e-01	6.87e-02
 6.20424e+16	9.79e-01	2.10e-02	2.72e-07	0.00e+00	0.00e+00	0.00e+00	0.00e+00	0.00e+00	0.00e+00	7.79e-01	1.31e-01	6.88e-02
 6.20480e+16	9.80e-01	2.01e-02	2.44e-07	0.00e+00	0.00e+00	0.00e+00	0.00e+00	0.00e+00	0.00e+00	7.79e-01	1.32e-01	6.89e-02
 6.20534e+16	9.81e-01	1.93e-02	2.20e-07	0.00e+00	0.00e+00	0.00e+00	0.00e+00	0.00e+00	0.00e+00	7.79e-01	1.33e-01	6.90e-02
 6.20583e+16	9.81e-01	1.86e-02	1.99e-07	0.00e+00	0.00e+00	0.00e+00	0.00e+00	0.00e+00	0.00e+00	7.79e-01	1.33e-01	6.91e-02
 6.20628e+16	9.82e-01	1.79e-02	1.82e-07	0.00e+00	0.00e+00	0.00e+00	0.00e+00	0.00e+00	0.00e+00	7.79e-01	1.34e-01	6.93e-02
 6.20671e+16	9.83e-01	1.73e-02	1.66e-07	0.00e+00	0.00e+00	0.00e+00	0.00e+00	0.00e+00	0.00e+00	7.78e-01	1.35e-01	6.94e-02
 6.20709e+16	9.83e-01	1.67e-02	1.53e-07	0.00e+00	0.00e+00	0.00e+00	0.00e+00	0.00e+00	0.00e+00	7.78e-01	1.36e-01	6.95e-02
 6.20744e+16	9.84e-01	1.62e-02	1.41e-07	0.00e+00	0.00e+00	0.00e+00	0.00e+00	0.00e+00	0.00e+00	7.78e-01	1.37e-01	6.97e-02
 6.20777e+16	9.84e-01	1.58e-02	1.31e-07	0.00e+00	0.00e+00	0.00e+00	0.00e+00	0.00e+00	0.00e+00	7.77e-01	1.37e-01	6.98e-02
 6.20807e+16	9.85e-01	1.53e-02	1.22e-07	0.00e+00	0.00e+00	0.00e+00	0.00e+00	0.00e+00	0.00e+00	7.77e-01	1.38e-01	7.00e-02
 6.20836e+16	9.85e-01	1.49e-02	1.14e-07	0.00e+00	0.00e+00	0.00e+00	0.00e+00	0.00e+00	0.00e+00	7.76e-01	1.39e-01	7.01e-02
 6.20863e+16	9.86e-01	1.45e-02	1.07e-07	0.00e+00	0.00e+00	0.00e+00	0.00e+00	0.00e+00	0.00e+00	7.75e-01	1.40e-01	7.03e-02
 6.20887e+16	9.86e-01	1.41e-02	1.00e-07	0.00e+00	0.00e+00	0.00e+00	0.00e+00	0.00e+00	0.00e+00	7.75e-01	1.41e-01	7.04e-02
 6.20910e+16	9.86e-01	1.38e-02	9.41e-08	0.00e+00	0.00e+00	0.00e+00	0.00e+00	0.00e+00	0.00e+00	7.74e-01	1.41e-01	7.06e-02
 6.20932e+16	9.87e-01	1.34e-02	8.87e-08	0.00e+00	0.00e+00	0.00e+00	0.00e+00	0.00e+00	0.00e+00	7.74e-01	1.42e-01	7.07e-02
 6.20952e+16	9.87e-01	1.31e-02	8.39e-08	0.00e+00	0.00e+00	0.00e+00	0.00e+00	0.00e+00	0.00e+00	7.73e-01	1.43e-01	7.09e-02
 6.20970e+16	9.87e-01	1.28e-02	7.96e-08	0.00e+00	0.00e+00	0.00e+00	0.00e+00	0.00e+00	0.00e+00	7.72e-01	1.44e-01	7.11e-02
 6.20987e+16	9.87e-01	1.26e-02	7.60e-08	0.00e+00	0.00e+00	0.00e+00	0.00e+00	0.00e+00	0.00e+00	7.72e-01	1.44e-01	7.12e-02
 6.21004e+16	9.88e-01	1.22e-02	7.17e-08	0.00e+00	0.00e+00	0.00e+00	0.00e+00	0.00e+00	0.00e+00	7.71e-01	1.45e-01	7.14e-02
 6.21020e+16	9.88e-01	1.20e-02	6.81e-08	0.00e+00	0.00e+00	0.00e+00	0.00e+00	0.00e+00	0.00e+00	7.70e-01	1.46e-01	7.15e-02
 6.21033e+16	9.88e-01	1.18e-02	6.55e-08	0.00e+00	0.00e+00	0.00e+00	0.00e+00	0.00e+00	0.00e+00	7.70e-01	1.47e-01	7.16e-02
 6.21045e+16	9.89e-01	1.15e-02	6.24e-08	0.00e+00	0.00e+00	0.00e+00	0.00e+00	0.00e+00	0.00e+00	7.69e-01	1.48e-01	7.18e-02
 6.21058e+16	9.89e-01	1.13e-02	5.96e-08	0.00e+00	0.00e+00	0.00e+00	0.00e+00	0.00e+00	0.00e+00	7.68e-01	1.49e-01	7.20e-02
 6.21069e+16	9.89e-01	1.11e-02	5.76e-08	0.00e+00	0.00e+00	0.00e+00	0.00e+00	0.00e+00	0.00e+00	7.68e-01	1.49e-01	7.21e-02
 6.21079e+16	9.89e-01	1.09e-02	5.49e-08	0.00e+00	0.00e+00	0.00e+00	0.00e+00	0.00e+00	0.00e+00	7.66e-01	1.50e-01	7.23e-02
 6.21090e+16	9.89e-01	1.06e-02	5.27e-08	0.00e+00	0.00e+00	0.00e+00	0.00e+00	0.00e+00	0.00e+00	7.66e-01	1.51e-01	7.24e-02
 6.21098e+16	9.90e-01	1.05e-02	5.11e-08	0.00e+00	0.00e+00	0.00e+00	0.00e+00	0.00e+00	0.00e+00	7.65e-01	1.52e-01	7.25e-02
 6.21107e+16	9.90e-01	1.03e-02	4.90e-08	0.00e+00	0.00e+00	0.00e+00	0.00e+00	0.00e+00	0.00e+00	7.64e-01	1.53e-01	7.27e-02
 6.21115e+16	9.90e-01	1.01e-02	4.74e-08	0.00e+00	0.00e+00	0.00e+00	0.00e+00	0.00e+00	0.00e+00	7.64e-01	1.53e-01	7.28e-02
 6.21123e+16	9.90e-01	9.92e-03	4.55e-08	0.00e+00	0.00e+00	0.00e+00	0.00e+00	0.00e+00	0.00e+00	7.63e-01	1.55e-01	7.30e-02
 6.21130e+16	9.90e-01	9.78e-03	4.42e-08	0.00e+00	0.00e+00	0.00e+00	0.00e+00	0.00e+00	0.00e+00	7.62e-01	1.55e-01	7.31e-02
 6.21136e+16	9.90e-01	9.59e-03	4.24e-08	0.00e+00	0.00e+00	0.00e+00	0.00e+00	0.00e+00	0.00e+00	7.61e-01	1.56e-01	7.33e-02
 6.21143e+16	9.91e-01	9.45e-03	4.12e-08	0.00e+00	0.00e+00	0.00e+00	0.00e+00	0.00e+00	0.00e+00	7.60e-01	1.57e-01	7.34e-02
 6.21149e+16	9.91e-01	9.25e-03	3.95e-08	0.00e+00	0.00e+00	0.00e+00	0.00e+00	0.00e+00	0.00e+00	7.59e-01	1.58e-01	7.37e-02
 6.21155e+16	9.91e-01	9.06e-03	3.79e-08	0.00e+00	0.00e+00	0.00e+00	0.00e+00	0.00e+00	0.00e+00	7.58e-01	1.59e-01	7.39e-02
 6.21161e+16	9.91e-01	8.87e-03	3.63e-08	0.00e+00	0.00e+00	0.00e+00	0.00e+00	0.00e+00	0.00e+00	7.57e-01	1.60e-01	7.41e-02
 6.21168e+16	9.91e-01	8.66e-03	3.47e-08	0.00e+00	0.00e+00	0.00e+00	0.00e+00	0.00e+00	0.00e+00	7.55e-01	1.62e-01	7.43e-02
 6.21174e+16	9.92e-01	8.43e-03	3.30e-08	0.00e+00	0.00e+00	0.00e+00	0.00e+00	0.00e+00	0.00e+00	7.54e-01	1.63e-01	7.45e-02
 6.21180e+16	9.92e-01	8.18e-03	3.12e-08	0.00e+00	0.00e+00	0.00e+00	0.00e+00	0.00e+00	0.00e+00	7.52e-01	1.65e-01	7.48e-02
 6.21186e+16	9.92e-01	7.84e-03	2.89e-08	0.00e+00	0.00e+00	0.00e+00	0.00e+00	0.00e+00	0.00e+00	7.50e-01	1.67e-01	7.52e-02
 6.21192e+16	9.93e-01	7.35e-03	2.58e-08	0.00e+00	0.00e+00	0.00e+00	0.00e+00	0.00e+00	0.00e+00	7.46e-01	1.71e-01	7.58e-02
