#depth	He	He+	He+2
 1.50894e+12	1.33e-04	1.73e-01	8.27e-01
 9.05367e+12	1.33e-04	1.73e-01	8.27e-01
 3.92326e+13	1.34e-04	1.74e-01	8.26e-01
 1.59948e+14	1.40e-04	1.79e-01	8.21e-01
 3.82065e+14	1.46e-04	1.84e-01	8.16e-01
 6.70816e+14	1.57e-04	1.93e-01	8.07e-01
 1.04619e+15	1.74e-04	2.07e-01	7.93e-01
 1.49756e+15	1.98e-04	2.27e-01	7.73e-01
 1.98981e+15	2.28e-04	2.53e-01	7.47e-01
 2.49106e+15	2.65e-04	2.84e-01	7.16e-01
 2.97159e+15	3.06e-04	3.19e-01	6.81e-01
 3.42392e+15	3.53e-04	3.57e-01	6.42e-01
 3.85851e+15	4.05e-04	4.00e-01	6.00e-01
 4.28755e+15	4.63e-04	4.46e-01	5.53e-01
 4.78074e+15	5.42e-04	5.07e-01	4.93e-01
 5.29188e+15	6.30e-04	5.73e-01	4.26e-01
 5.73299e+15	7.13e-04	6.33e-01	3.66e-01
 6.21307e+15	8.15e-04	7.00e-01	3.00e-01
 6.75398e+15	9.26e-04	7.68e-01	2.31e-01
 7.37396e+15	1.05e-03	8.35e-01	1.64e-01
 8.06068e+15	1.19e-03	8.92e-01	1.07e-01
 8.81682e+15	1.33e-03	9.34e-01	6.43e-02
 9.69850e+15	1.47e-03	9.64e-01	3.50e-02
 1.06684e+16	1.63e-03	9.80e-01	1.79e-02
 1.16535e+16	1.79e-03	9.89e-01	9.32e-03
 1.27372e+16	1.98e-03	9.93e-01	4.68e-03
 1.36309e+16	2.13e-03	9.95e-01	2.81e-03
 1.41052e+16	2.22e-03	9.96e-01	2.16e-03
 1.45357e+16	2.31e-03	9.96e-01	1.69e-03
 1.50954e+16	2.43e-03	9.96e-01	1.24e-03
 1.58229e+16	2.59e-03	9.97e-01	8.40e-04
 1.65528e+16	2.75e-03	9.97e-01	5.90e-04
 1.71274e+16	2.89e-03	9.97e-01	4.51e-04
 1.77163e+16	3.04e-03	9.97e-01	3.41e-04
 1.83778e+16	3.22e-03	9.97e-01	2.54e-04
 1.89982e+16	3.39e-03	9.96e-01	1.96e-04
 1.95690e+16	3.56e-03	9.96e-01	1.55e-04
 2.02108e+16	3.77e-03	9.96e-01	1.19e-04
 2.09052e+16	3.99e-03	9.96e-01	9.16e-05
 2.15184e+16	4.22e-03	9.96e-01	7.33e-05
 2.20755e+16	4.42e-03	9.96e-01	6.03e-05
 2.27091e+16	4.68e-03	9.95e-01	4.82e-05
 2.33972e+16	4.97e-03	9.95e-01	3.86e-05
 2.40004e+16	5.25e-03	9.95e-01	3.21e-05
 2.45305e+16	5.51e-03	9.94e-01	2.73e-05
 2.51216e+16	5.81e-03	9.94e-01	2.29e-05
 2.57709e+16	6.18e-03	9.94e-01	1.91e-05
 2.63493e+16	6.54e-03	9.93e-01	1.64e-05
 2.68558e+16	6.87e-03	9.93e-01	1.44e-05
 2.74156e+16	7.26e-03	9.93e-01	1.25e-05
 2.80377e+16	7.74e-03	9.92e-01	1.07e-05
 2.85960e+16	8.22e-03	9.92e-01	9.46e-06
 2.90801e+16	8.68e-03	9.91e-01	8.49e-06
 2.96122e+16	9.21e-03	9.91e-01	7.54e-06
 3.02100e+16	9.88e-03	9.90e-01	6.67e-06
 3.07605e+16	1.06e-02	9.89e-01	5.99e-06
 3.12400e+16	1.13e-02	9.89e-01	5.47e-06
 3.17596e+16	1.21e-02	9.88e-01	4.95e-06
 3.23249e+16	1.31e-02	9.87e-01	4.49e-06
 3.28109e+16	1.41e-02	9.86e-01	4.14e-06
 3.32150e+16	1.51e-02	9.85e-01	3.88e-06
 3.36513e+16	1.62e-02	9.84e-01	3.61e-06
 3.41439e+16	1.77e-02	9.82e-01	3.34e-06
 3.45946e+16	1.93e-02	9.81e-01	3.13e-06
 3.49793e+16	2.09e-02	9.79e-01	2.97e-06
 3.53932e+16	2.28e-02	9.77e-01	2.80e-06
 3.58316e+16	2.53e-02	9.75e-01	2.65e-06
 3.61870e+16	2.77e-02	9.72e-01	2.54e-06
 3.64632e+16	2.99e-02	9.70e-01	2.45e-06
 3.67512e+16	3.25e-02	9.67e-01	2.36e-06
 3.70690e+16	3.58e-02	9.64e-01	2.28e-06
 3.73467e+16	3.93e-02	9.61e-01	2.21e-06
 3.75707e+16	4.24e-02	9.58e-01	2.16e-06
 3.78039e+16	4.61e-02	9.54e-01	2.11e-06
 3.80595e+16	5.09e-02	9.49e-01	2.06e-06
 3.82820e+16	5.58e-02	9.44e-01	2.01e-06
 3.84654e+16	6.03e-02	9.40e-01	1.98e-06
 3.86604e+16	6.58e-02	9.34e-01	1.95e-06
 3.88752e+16	7.28e-02	9.27e-01	1.91e-06
 3.90638e+16	7.96e-02	9.20e-01	1.89e-06
 3.92250e+16	8.62e-02	9.14e-01	1.87e-06
 3.94025e+16	9.46e-02	9.05e-01	1.85e-06
 3.95978e+16	1.05e-01	8.95e-01	1.83e-06
 3.97720e+16	1.15e-01	8.85e-01	1.82e-06
 3.99235e+16	1.25e-01	8.75e-01	1.81e-06
 4.00700e+16	1.36e-01	8.64e-01	1.80e-06
 4.02185e+16	1.49e-01	8.51e-01	1.79e-06
 4.03587e+16	1.61e-01	8.39e-01	1.79e-06
 4.04812e+16	1.73e-01	8.27e-01	1.79e-06
 4.05713e+16	1.83e-01	8.17e-01	1.79e-06
 4.06317e+16	1.89e-01	8.11e-01	1.79e-06
 4.06926e+16	1.97e-01	8.03e-01	1.79e-06
 4.07672e+16	2.06e-01	7.94e-01	1.78e-06
 4.08455e+16	2.16e-01	7.84e-01	1.78e-06
 4.09162e+16	2.25e-01	7.75e-01	1.78e-06
 4.09806e+16	2.34e-01	7.66e-01	1.78e-06
 4.10452e+16	2.44e-01	7.56e-01	1.78e-06
 4.11135e+16	2.54e-01	7.46e-01	1.78e-06
 4.11825e+16	2.64e-01	7.36e-01	1.78e-06
 4.12488e+16	2.75e-01	7.25e-01	1.78e-06
 4.13118e+16	2.86e-01	7.14e-01	1.78e-06
 4.13752e+16	2.97e-01	7.03e-01	1.78e-06
 4.14399e+16	3.08e-01	6.92e-01	1.78e-06
 4.15045e+16	3.20e-01	6.80e-01	1.78e-06
 4.15673e+16	3.32e-01	6.68e-01	1.78e-06
 4.16294e+16	3.44e-01	6.56e-01	1.78e-06
 4.16920e+16	3.57e-01	6.43e-01	1.78e-06
 4.17537e+16	3.70e-01	6.30e-01	1.77e-06
 4.18143e+16	3.82e-01	6.18e-01	1.77e-06
 4.18753e+16	3.96e-01	6.04e-01	1.77e-06
 4.19360e+16	4.09e-01	5.91e-01	1.77e-06
 4.19961e+16	4.23e-01	5.77e-01	1.76e-06
 4.20561e+16	4.37e-01	5.63e-01	1.76e-06
 4.21148e+16	4.51e-01	5.49e-01	1.75e-06
 4.21728e+16	4.64e-01	5.36e-01	1.75e-06
 4.22316e+16	4.79e-01	5.21e-01	1.74e-06
 4.22899e+16	4.93e-01	5.07e-01	1.74e-06
 4.23465e+16	5.07e-01	4.93e-01	1.73e-06
 4.24019e+16	5.21e-01	4.79e-01	1.72e-06
 4.24571e+16	5.35e-01	4.65e-01	1.71e-06
 4.25123e+16	5.49e-01	4.51e-01	1.70e-06
 4.25675e+16	5.63e-01	4.37e-01	1.69e-06
 4.26214e+16	5.77e-01	4.23e-01	1.68e-06
 4.26736e+16	5.90e-01	4.10e-01	1.67e-06
 4.27249e+16	6.03e-01	3.97e-01	1.65e-06
 4.27761e+16	6.16e-01	3.84e-01	1.64e-06
 4.28271e+16	6.29e-01	3.71e-01	1.63e-06
 4.28768e+16	6.42e-01	3.58e-01	1.61e-06
 4.29254e+16	6.54e-01	3.46e-01	1.60e-06
 4.29735e+16	6.66e-01	3.34e-01	1.58e-06
 4.30212e+16	6.77e-01	3.23e-01	1.57e-06
 4.30685e+16	6.89e-01	3.11e-01	1.55e-06
 4.31146e+16	7.00e-01	3.00e-01	1.53e-06
 4.31603e+16	7.11e-01	2.89e-01	1.52e-06
 4.32058e+16	7.21e-01	2.79e-01	1.50e-06
 4.32505e+16	7.31e-01	2.69e-01	1.48e-06
 4.32944e+16	7.41e-01	2.59e-01	1.46e-06
 4.33381e+16	7.51e-01	2.49e-01	1.45e-06
 4.33819e+16	7.60e-01	2.40e-01	1.43e-06
 4.34247e+16	7.69e-01	2.31e-01	1.41e-06
 4.34665e+16	7.78e-01	2.22e-01	1.39e-06
 4.35083e+16	7.86e-01	2.14e-01	1.37e-06
 4.35500e+16	7.95e-01	2.05e-01	1.35e-06
 4.35913e+16	8.03e-01	1.97e-01	1.33e-06
 4.36317e+16	8.10e-01	1.90e-01	1.31e-06
 4.36716e+16	8.18e-01	1.82e-01	1.29e-06
 4.37115e+16	8.25e-01	1.75e-01	1.27e-06
 4.37510e+16	8.31e-01	1.69e-01	1.25e-06
 4.37897e+16	8.38e-01	1.62e-01	1.23e-06
 4.38285e+16	8.44e-01	1.56e-01	1.21e-06
 4.38670e+16	8.51e-01	1.49e-01	1.19e-06
 4.39049e+16	8.56e-01	1.44e-01	1.17e-06
 4.39425e+16	8.62e-01	1.38e-01	1.15e-06
 4.39798e+16	8.68e-01	1.32e-01	1.13e-06
 4.40166e+16	8.73e-01	1.27e-01	1.10e-06
 4.40529e+16	8.78e-01	1.22e-01	1.08e-06
 4.40881e+16	8.83e-01	1.17e-01	1.06e-06
 4.41207e+16	8.87e-01	1.13e-01	1.04e-06
 4.41498e+16	8.91e-01	1.09e-01	1.02e-06
 4.41761e+16	8.94e-01	1.06e-01	1.00e-06
 4.42002e+16	8.97e-01	1.03e-01	9.83e-07
 4.42228e+16	9.00e-01	1.00e-01	9.64e-07
 4.42435e+16	9.02e-01	9.78e-02	9.50e-07
 4.42624e+16	9.04e-01	9.55e-02	9.34e-07
 4.42802e+16	9.07e-01	9.34e-02	9.20e-07
 4.42967e+16	9.09e-01	9.15e-02	9.06e-07
 4.43119e+16	9.10e-01	8.97e-02	8.93e-07
 4.43262e+16	9.12e-01	8.81e-02	8.81e-07
 4.43396e+16	9.13e-01	8.65e-02	8.68e-07
 4.43520e+16	9.15e-01	8.52e-02	8.57e-07
 4.43634e+16	9.16e-01	8.39e-02	8.47e-07
 4.43744e+16	9.17e-01	8.27e-02	8.37e-07
 4.43849e+16	9.18e-01	8.15e-02	8.27e-07
 4.43947e+16	9.20e-01	8.04e-02	8.18e-07
 4.44039e+16	9.21e-01	7.94e-02	8.09e-07
 4.44126e+16	9.21e-01	7.85e-02	8.01e-07
 4.44209e+16	9.22e-01	7.77e-02	7.94e-07
 4.44288e+16	9.23e-01	7.67e-02	7.84e-07
 4.44364e+16	9.24e-01	7.60e-02	7.78e-07
 4.44435e+16	9.25e-01	7.52e-02	7.69e-07
 4.44503e+16	9.26e-01	7.45e-02	7.63e-07
 4.44569e+16	9.26e-01	7.37e-02	7.55e-07
 4.44632e+16	9.27e-01	7.31e-02	7.48e-07
 4.44691e+16	9.28e-01	7.24e-02	7.41e-07
 4.44749e+16	9.28e-01	7.18e-02	7.34e-07
 4.44806e+16	9.29e-01	7.12e-02	7.27e-07
 4.44863e+16	9.29e-01	7.06e-02	7.20e-07
 4.44918e+16	9.30e-01	7.00e-02	7.13e-07
 4.44974e+16	9.31e-01	6.94e-02	7.06e-07
 4.45027e+16	9.31e-01	6.88e-02	7.00e-07
 4.45081e+16	9.32e-01	6.82e-02	6.93e-07
 4.45137e+16	9.32e-01	6.76e-02	6.85e-07
 4.45193e+16	9.33e-01	6.70e-02	6.78e-07
 4.45252e+16	9.34e-01	6.63e-02	6.70e-07
 4.45314e+16	9.34e-01	6.56e-02	6.60e-07
 4.45383e+16	9.35e-01	6.48e-02	6.50e-07
 4.45456e+16	9.36e-01	6.40e-02	6.39e-07
 4.45530e+16	9.37e-01	6.32e-02	6.29e-07
 4.45597e+16	9.38e-01	6.24e-02	6.18e-07
 4.45657e+16	9.38e-01	6.17e-02	6.09e-07
 4.45713e+16	9.39e-01	6.10e-02	6.00e-07
 4.45763e+16	9.40e-01	6.05e-02	5.92e-07
 4.45809e+16	9.40e-01	5.99e-02	5.84e-07
 4.45851e+16	9.41e-01	5.94e-02	5.78e-07
 4.45888e+16	9.41e-01	5.89e-02	5.71e-07
 4.45930e+16	9.42e-01	5.85e-02	5.65e-07
 4.45975e+16	9.42e-01	5.79e-02	5.58e-07
 4.46016e+16	9.43e-01	5.74e-02	5.52e-07
 4.46053e+16	9.43e-01	5.70e-02	5.46e-07
 4.46094e+16	9.43e-01	5.65e-02	5.39e-07
 4.46138e+16	9.44e-01	5.60e-02	5.32e-07
 4.46178e+16	9.44e-01	5.55e-02	5.26e-07
 4.46214e+16	9.45e-01	5.51e-02	5.21e-07
 4.46254e+16	9.45e-01	5.46e-02	5.14e-07
 4.46297e+16	9.46e-01	5.41e-02	5.08e-07
 4.46344e+16	9.46e-01	5.36e-02	5.03e-07
 4.46406e+16	9.47e-01	5.30e-02	4.95e-07
 4.46472e+16	9.48e-01	5.23e-02	4.88e-07
 4.46532e+16	9.48e-01	5.17e-02	4.81e-07
 4.46587e+16	9.49e-01	5.12e-02	4.75e-07
 4.46637e+16	9.49e-01	5.07e-02	4.69e-07
 4.46692e+16	9.50e-01	5.01e-02	4.63e-07
 4.46751e+16	9.50e-01	4.95e-02	4.56e-07
 4.46804e+16	9.51e-01	4.90e-02	4.51e-07
 4.46853e+16	9.51e-01	4.86e-02	4.46e-07
 4.46907e+16	9.52e-01	4.80e-02	4.39e-07
 4.46965e+16	9.53e-01	4.75e-02	4.33e-07
 4.47017e+16	9.53e-01	4.70e-02	4.28e-07
 4.47065e+16	9.54e-01	4.65e-02	4.22e-07
 4.47109e+16	9.54e-01	4.60e-02	4.17e-07
 4.47149e+16	9.54e-01	4.56e-02	4.12e-07
 4.47192e+16	9.55e-01	4.52e-02	4.07e-07
 4.47239e+16	9.55e-01	4.47e-02	4.02e-07
 4.47282e+16	9.56e-01	4.43e-02	3.97e-07
 4.47321e+16	9.56e-01	4.39e-02	3.93e-07
 4.47363e+16	9.56e-01	4.35e-02	3.88e-07
 4.47419e+16	9.57e-01	4.30e-02	3.82e-07
 4.47478e+16	9.58e-01	4.24e-02	3.76e-07
 4.47533e+16	9.58e-01	4.19e-02	3.71e-07
 4.47582e+16	9.59e-01	4.15e-02	3.66e-07
 4.47627e+16	9.59e-01	4.11e-02	3.61e-07
 4.47668e+16	9.59e-01	4.07e-02	3.58e-07
 4.47713e+16	9.60e-01	4.03e-02	3.54e-07
 4.47762e+16	9.60e-01	4.00e-02	3.51e-07
