#depth	H	H+	H2
 1.50894e+12	1.30e-03	9.99e-01	1.15e-12
 9.05367e+12	1.30e-03	9.99e-01	1.15e-12
 3.92326e+13	1.30e-03	9.99e-01	1.16e-12
 1.59948e+14	1.31e-03	9.99e-01	1.21e-12
 3.82065e+14	1.29e-03	9.99e-01	1.27e-12
 6.70816e+14	1.30e-03	9.99e-01	1.36e-12
 1.04619e+15	1.31e-03	9.99e-01	1.51e-12
 1.49756e+15	1.34e-03	9.99e-01	1.71e-12
 1.98981e+15	1.38e-03	9.99e-01	1.95e-12
 2.49106e+15	1.42e-03	9.99e-01	2.21e-12
 2.97159e+15	1.47e-03	9.99e-01	2.47e-12
 3.42392e+15	1.52e-03	9.98e-01	2.74e-12
 3.85851e+15	1.57e-03	9.98e-01	3.01e-12
 4.28755e+15	1.63e-03	9.98e-01	3.30e-12
 4.78074e+15	1.72e-03	9.98e-01	3.68e-12
 5.29188e+15	1.81e-03	9.98e-01	4.08e-12
 5.73299e+15	1.89e-03	9.98e-01	4.47e-12
 6.21307e+15	2.00e-03	9.98e-01	4.98e-12
 6.75398e+15	2.13e-03	9.98e-01	5.62e-12
 7.37396e+15	2.29e-03	9.98e-01	6.49e-12
 8.06068e+15	2.48e-03	9.98e-01	7.60e-12
 8.81682e+15	2.72e-03	9.97e-01	9.04e-12
 9.69850e+15	3.02e-03	9.97e-01	1.09e-11
 1.06684e+16	3.37e-03	9.97e-01	1.33e-11
 1.16535e+16	3.74e-03	9.96e-01	1.61e-11
 1.27372e+16	4.20e-03	9.96e-01	1.94e-11
 1.36309e+16	4.58e-03	9.95e-01	2.27e-11
 1.41052e+16	4.81e-03	9.95e-01	2.46e-11
 1.45357e+16	5.02e-03	9.95e-01	2.62e-11
 1.50954e+16	5.30e-03	9.95e-01	2.83e-11
 1.58229e+16	5.69e-03	9.94e-01	3.12e-11
 1.65528e+16	6.10e-03	9.94e-01	3.45e-11
 1.71274e+16	6.44e-03	9.94e-01	3.74e-11
 1.77163e+16	6.80e-03	9.93e-01	4.00e-11
 1.83778e+16	7.23e-03	9.93e-01	4.33e-11
 1.89982e+16	7.66e-03	9.92e-01	4.67e-11
 1.95690e+16	8.07e-03	9.92e-01	4.98e-11
 2.02108e+16	8.57e-03	9.91e-01	5.31e-11
 2.09052e+16	9.14e-03	9.91e-01	5.73e-11
 2.15184e+16	9.69e-03	9.90e-01	6.16e-11
 2.20755e+16	1.02e-02	9.90e-01	6.52e-11
 2.27091e+16	1.08e-02	9.89e-01	6.88e-11
 2.33972e+16	1.16e-02	9.88e-01	7.38e-11
 2.40004e+16	1.23e-02	9.88e-01	7.89e-11
 2.45305e+16	1.30e-02	9.87e-01	8.33e-11
 2.51216e+16	1.38e-02	9.86e-01	8.73e-11
 2.57709e+16	1.48e-02	9.85e-01	9.30e-11
 2.63493e+16	1.58e-02	9.84e-01	9.92e-11
 2.68558e+16	1.68e-02	9.83e-01	1.05e-10
 2.74156e+16	1.79e-02	9.82e-01	1.09e-10
 2.80377e+16	1.93e-02	9.81e-01	1.16e-10
 2.85960e+16	2.08e-02	9.79e-01	1.23e-10
 2.90801e+16	2.21e-02	9.78e-01	1.30e-10
 2.96122e+16	2.38e-02	9.76e-01	1.35e-10
 3.02100e+16	2.59e-02	9.74e-01	1.43e-10
 3.07605e+16	2.83e-02	9.72e-01	1.52e-10
 3.12400e+16	3.06e-02	9.69e-01	1.61e-10
 3.17596e+16	3.33e-02	9.67e-01	1.67e-10
 3.23249e+16	3.69e-02	9.63e-01	1.78e-10
 3.28109e+16	4.07e-02	9.59e-01	1.90e-10
 3.32150e+16	4.42e-02	9.56e-01	2.00e-10
 3.36513e+16	4.85e-02	9.52e-01	2.07e-10
 3.41439e+16	5.43e-02	9.46e-01	2.20e-10
 3.45946e+16	6.09e-02	9.39e-01	2.36e-10
 3.49793e+16	6.76e-02	9.32e-01	2.50e-10
 3.53932e+16	7.57e-02	9.24e-01	2.62e-10
 3.58316e+16	8.65e-02	9.14e-01	2.83e-10
 3.61870e+16	9.73e-02	9.03e-01	3.07e-10
 3.64632e+16	1.07e-01	8.93e-01	3.27e-10
 3.67512e+16	1.18e-01	8.82e-01	3.44e-10
 3.70690e+16	1.32e-01	8.68e-01	3.70e-10
 3.73467e+16	1.48e-01	8.52e-01	4.02e-10
 3.75707e+16	1.61e-01	8.39e-01	4.30e-10
 3.78039e+16	1.76e-01	8.24e-01	4.55e-10
 3.80595e+16	1.96e-01	8.04e-01	4.95e-10
 3.82820e+16	2.15e-01	7.85e-01	5.42e-10
 3.84654e+16	2.33e-01	7.67e-01	5.83e-10
 3.86604e+16	2.53e-01	7.47e-01	6.26e-10
 3.88752e+16	2.78e-01	7.22e-01	6.89e-10
 3.90638e+16	3.01e-01	6.99e-01	7.52e-10
 3.92250e+16	3.22e-01	6.78e-01	8.11e-10
 3.94025e+16	3.47e-01	6.53e-01	8.81e-10
 3.95978e+16	3.76e-01	6.24e-01	9.74e-10
 3.97720e+16	4.05e-01	5.95e-01	1.07e-09
 3.99235e+16	4.30e-01	5.70e-01	1.17e-09
 4.00700e+16	4.55e-01	5.45e-01	1.27e-09
 4.02185e+16	4.81e-01	5.19e-01	1.38e-09
 4.03587e+16	5.07e-01	4.93e-01	1.50e-09
 4.04812e+16	5.29e-01	4.71e-01	1.61e-09
 4.05713e+16	5.45e-01	4.55e-01	1.70e-09
 4.06317e+16	5.55e-01	4.45e-01	1.76e-09
 4.06926e+16	5.65e-01	4.35e-01	1.82e-09
 4.07672e+16	5.79e-01	4.21e-01	1.91e-09
 4.08455e+16	5.93e-01	4.07e-01	1.99e-09
 4.09162e+16	6.06e-01	3.94e-01	2.09e-09
 4.09806e+16	6.17e-01	3.83e-01	2.17e-09
 4.10452e+16	6.29e-01	3.71e-01	2.25e-09
 4.11135e+16	6.41e-01	3.59e-01	2.34e-09
 4.11825e+16	6.54e-01	3.46e-01	2.45e-09
 4.12488e+16	6.66e-01	3.34e-01	2.55e-09
 4.13118e+16	6.76e-01	3.24e-01	2.65e-09
 4.13752e+16	6.88e-01	3.12e-01	2.76e-09
 4.14399e+16	6.99e-01	3.01e-01	2.86e-09
 4.15045e+16	7.10e-01	2.90e-01	2.99e-09
 4.15673e+16	7.20e-01	2.80e-01	3.10e-09
 4.16294e+16	7.30e-01	2.70e-01	3.23e-09
 4.16920e+16	7.41e-01	2.59e-01	3.36e-09
 4.17537e+16	7.50e-01	2.50e-01	3.49e-09
 4.18143e+16	7.60e-01	2.40e-01	3.62e-09
 4.18753e+16	7.69e-01	2.31e-01	3.77e-09
 4.19360e+16	7.78e-01	2.22e-01	3.90e-09
 4.19961e+16	7.87e-01	2.13e-01	4.07e-09
 4.20561e+16	7.96e-01	2.04e-01	4.23e-09
 4.21148e+16	8.04e-01	1.96e-01	4.39e-09
 4.21728e+16	8.12e-01	1.88e-01	4.55e-09
 4.22316e+16	8.20e-01	1.80e-01	4.74e-09
 4.22899e+16	8.27e-01	1.73e-01	4.91e-09
 4.23465e+16	8.34e-01	1.66e-01	5.12e-09
 4.24019e+16	8.41e-01	1.59e-01	5.29e-09
 4.24571e+16	8.47e-01	1.53e-01	5.50e-09
 4.25123e+16	8.54e-01	1.46e-01	5.72e-09
 4.25675e+16	8.60e-01	1.40e-01	5.94e-09
 4.26214e+16	8.66e-01	1.34e-01	6.18e-09
 4.26736e+16	8.72e-01	1.28e-01	6.41e-09
 4.27249e+16	8.77e-01	1.23e-01	6.65e-09
 4.27761e+16	8.82e-01	1.18e-01	6.90e-09
 4.28271e+16	8.87e-01	1.13e-01	7.17e-09
 4.28768e+16	8.92e-01	1.08e-01	7.47e-09
 4.29254e+16	8.96e-01	1.04e-01	7.73e-09
 4.29735e+16	9.00e-01	9.99e-02	8.07e-09
 4.30212e+16	9.04e-01	9.59e-02	8.35e-09
 4.30685e+16	9.08e-01	9.20e-02	8.70e-09
 4.31146e+16	9.12e-01	8.82e-02	9.09e-09
 4.31603e+16	9.15e-01	8.47e-02	9.46e-09
 4.32058e+16	9.19e-01	8.13e-02	9.84e-09
 4.32505e+16	9.22e-01	7.80e-02	1.03e-08
 4.32944e+16	9.25e-01	7.49e-02	1.08e-08
 4.33381e+16	9.28e-01	7.19e-02	1.12e-08
 4.33819e+16	9.31e-01	6.90e-02	1.18e-08
 4.34247e+16	9.34e-01	6.63e-02	1.23e-08
 4.34665e+16	9.36e-01	6.37e-02	1.29e-08
 4.35083e+16	9.39e-01	6.12e-02	1.36e-08
 4.35500e+16	9.41e-01	5.87e-02	1.44e-08
 4.35913e+16	9.44e-01	5.64e-02	1.52e-08
 4.36317e+16	9.46e-01	5.42e-02	1.60e-08
 4.36716e+16	9.48e-01	5.20e-02	1.71e-08
 4.37115e+16	9.50e-01	5.00e-02	1.81e-08
 4.37510e+16	9.52e-01	4.81e-02	1.93e-08
 4.37897e+16	9.54e-01	4.61e-02	2.07e-08
 4.38285e+16	9.56e-01	4.44e-02	2.22e-08
 4.38670e+16	9.57e-01	4.26e-02	2.41e-08
 4.39049e+16	9.59e-01	4.09e-02	2.62e-08
 4.39425e+16	9.61e-01	3.93e-02	2.87e-08
 4.39798e+16	9.62e-01	3.77e-02	3.15e-08
 4.40166e+16	9.64e-01	3.62e-02	3.50e-08
 4.40529e+16	9.65e-01	3.48e-02	3.91e-08
 4.40881e+16	9.67e-01	3.35e-02	4.40e-08
 4.41207e+16	9.68e-01	3.23e-02	4.95e-08
 4.41498e+16	9.69e-01	3.13e-02	5.56e-08
 4.41761e+16	9.70e-01	3.04e-02	6.24e-08
 4.42002e+16	9.70e-01	2.96e-02	6.97e-08
 4.42228e+16	9.71e-01	2.89e-02	7.87e-08
 4.42435e+16	9.72e-01	2.82e-02	8.79e-08
 4.42624e+16	9.72e-01	2.76e-02	9.85e-08
 4.42802e+16	9.73e-01	2.71e-02	1.10e-07
 4.42967e+16	9.73e-01	2.65e-02	1.24e-07
 4.43119e+16	9.74e-01	2.61e-02	1.39e-07
 4.43262e+16	9.74e-01	2.56e-02	1.55e-07
 4.43396e+16	9.75e-01	2.52e-02	1.74e-07
 4.43520e+16	9.75e-01	2.48e-02	1.95e-07
 4.43634e+16	9.76e-01	2.44e-02	2.17e-07
 4.43744e+16	9.76e-01	2.41e-02	2.43e-07
 4.43849e+16	9.76e-01	2.38e-02	2.72e-07
 4.43947e+16	9.77e-01	2.35e-02	3.05e-07
 4.44039e+16	9.77e-01	2.32e-02	3.41e-07
 4.44126e+16	9.77e-01	2.29e-02	3.81e-07
 4.44209e+16	9.77e-01	2.26e-02	4.24e-07
 4.44288e+16	9.78e-01	2.24e-02	4.76e-07
 4.44364e+16	9.78e-01	2.21e-02	5.30e-07
 4.44435e+16	9.78e-01	2.19e-02	5.94e-07
 4.44503e+16	9.78e-01	2.17e-02	6.60e-07
 4.44569e+16	9.79e-01	2.14e-02	7.40e-07
 4.44632e+16	9.79e-01	2.12e-02	8.26e-07
 4.44691e+16	9.79e-01	2.10e-02	9.19e-07
 4.44749e+16	9.79e-01	2.08e-02	1.02e-06
 4.44806e+16	9.79e-01	2.06e-02	1.14e-06
 4.44863e+16	9.80e-01	2.04e-02	1.27e-06
 4.44918e+16	9.80e-01	2.01e-02	1.41e-06
 4.44974e+16	9.80e-01	1.99e-02	1.58e-06
 4.45027e+16	9.80e-01	1.97e-02	1.73e-06
 4.45081e+16	9.80e-01	1.95e-02	1.93e-06
 4.45137e+16	9.81e-01	1.93e-02	2.14e-06
 4.45193e+16	9.81e-01	1.91e-02	2.37e-06
 4.45252e+16	9.81e-01	1.88e-02	2.60e-06
 4.45314e+16	9.81e-01	1.86e-02	2.87e-06
 4.45383e+16	9.82e-01	1.83e-02	3.14e-06
 4.45456e+16	9.82e-01	1.79e-02	3.42e-06
 4.45530e+16	9.82e-01	1.76e-02	3.65e-06
 4.45597e+16	9.83e-01	1.73e-02	3.82e-06
 4.45657e+16	9.83e-01	1.70e-02	3.95e-06
 4.45713e+16	9.83e-01	1.68e-02	4.05e-06
 4.45763e+16	9.83e-01	1.66e-02	4.13e-06
 4.45809e+16	9.84e-01	1.63e-02	4.19e-06
 4.45851e+16	9.84e-01	1.62e-02	4.24e-06
 4.45888e+16	9.84e-01	1.60e-02	4.28e-06
 4.45930e+16	9.84e-01	1.58e-02	4.33e-06
 4.45975e+16	9.84e-01	1.56e-02	4.37e-06
 4.46016e+16	9.85e-01	1.55e-02	4.41e-06
 4.46053e+16	9.85e-01	1.53e-02	4.45e-06
 4.46094e+16	9.85e-01	1.51e-02	4.49e-06
 4.46138e+16	9.85e-01	1.49e-02	4.53e-06
 4.46178e+16	9.85e-01	1.48e-02	4.57e-06
 4.46214e+16	9.85e-01	1.46e-02	4.61e-06
 4.46254e+16	9.86e-01	1.45e-02	4.66e-06
 4.46297e+16	9.86e-01	1.43e-02	4.70e-06
 4.46344e+16	9.86e-01	1.41e-02	4.74e-06
 4.46406e+16	9.86e-01	1.39e-02	4.80e-06
 4.46472e+16	9.86e-01	1.37e-02	4.86e-06
 4.46532e+16	9.86e-01	1.35e-02	4.92e-06
 4.46587e+16	9.87e-01	1.34e-02	4.97e-06
 4.46637e+16	9.87e-01	1.32e-02	5.02e-06
 4.46692e+16	9.87e-01	1.30e-02	5.09e-06
 4.46751e+16	9.87e-01	1.29e-02	5.15e-06
 4.46804e+16	9.87e-01	1.27e-02	5.22e-06
 4.46853e+16	9.87e-01	1.26e-02	5.28e-06
 4.46907e+16	9.88e-01	1.24e-02	5.35e-06
 4.46965e+16	9.88e-01	1.22e-02	5.42e-06
 4.47017e+16	9.88e-01	1.21e-02	5.49e-06
 4.47065e+16	9.88e-01	1.19e-02	5.57e-06
 4.47109e+16	9.88e-01	1.18e-02	5.65e-06
 4.47149e+16	9.88e-01	1.16e-02	5.72e-06
 4.47192e+16	9.88e-01	1.15e-02	5.80e-06
 4.47239e+16	9.89e-01	1.14e-02	5.88e-06
 4.47282e+16	9.89e-01	1.12e-02	5.96e-06
 4.47321e+16	9.89e-01	1.11e-02	6.04e-06
 4.47363e+16	9.89e-01	1.10e-02	6.12e-06
 4.47419e+16	9.89e-01	1.08e-02	6.23e-06
 4.47478e+16	9.89e-01	1.07e-02	6.36e-06
 4.47533e+16	9.89e-01	1.05e-02	6.47e-06
 4.47582e+16	9.90e-01	1.04e-02	6.57e-06
 4.47627e+16	9.90e-01	1.03e-02	6.66e-06
 4.47668e+16	9.90e-01	1.01e-02	6.75e-06
 4.47713e+16	9.90e-01	1.00e-02	6.85e-06
 4.47762e+16	9.90e-01	9.82e-03	6.97e-06
