#depth	O	O+	O+2	O+3	O+4	O+5	O+6	O+7	O+8	O[1]	O[2]	O[3]
 1.50894e+12	1.83e-06	1.64e-03	2.94e-01	6.82e-01	2.30e-02	1.76e-06	0.00e+00	0.00e+00	0.00e+00	1.41e-06	2.63e-07	1.61e-07
 9.05367e+12	1.82e-06	1.64e-03	2.94e-01	6.82e-01	2.30e-02	1.76e-06	0.00e+00	0.00e+00	0.00e+00	1.40e-06	2.62e-07	1.61e-07
 3.92326e+13	1.84e-06	1.65e-03	2.96e-01	6.80e-01	2.27e-02	1.73e-06	0.00e+00	0.00e+00	0.00e+00	1.41e-06	2.64e-07	1.62e-07
 1.59948e+14	1.91e-06	1.72e-03	3.04e-01	6.73e-01	2.15e-02	1.60e-06	0.00e+00	0.00e+00	0.00e+00	1.47e-06	2.75e-07	1.68e-07
 3.82065e+14	1.96e-06	1.80e-03	3.16e-01	6.62e-01	1.98e-02	1.42e-06	0.00e+00	0.00e+00	0.00e+00	1.50e-06	2.80e-07	1.72e-07
 6.70816e+14	2.09e-06	1.94e-03	3.34e-01	6.46e-01	1.77e-02	1.21e-06	0.00e+00	0.00e+00	0.00e+00	1.61e-06	2.98e-07	1.82e-07
 1.04619e+15	2.31e-06	2.14e-03	3.59e-01	6.23e-01	1.52e-02	9.67e-07	0.00e+00	0.00e+00	0.00e+00	1.78e-06	3.28e-07	2.00e-07
 1.49756e+15	2.61e-06	2.42e-03	3.92e-01	5.93e-01	1.26e-02	7.36e-07	0.00e+00	0.00e+00	0.00e+00	2.02e-06	3.69e-07	2.26e-07
 1.98981e+15	3.03e-06	2.77e-03	4.32e-01	5.55e-01	1.02e-02	5.40e-07	0.00e+00	0.00e+00	0.00e+00	2.34e-06	4.24e-07	2.59e-07
 2.49106e+15	3.52e-06	3.17e-03	4.76e-01	5.13e-01	8.03e-03	3.87e-07	0.00e+00	0.00e+00	0.00e+00	2.73e-06	4.91e-07	3.00e-07
 2.97159e+15	4.09e-06	3.60e-03	5.22e-01	4.68e-01	6.29e-03	2.77e-07	0.00e+00	0.00e+00	0.00e+00	3.17e-06	5.68e-07	3.47e-07
 3.42392e+15	4.73e-06	4.07e-03	5.69e-01	4.22e-01	4.90e-03	1.97e-07	0.00e+00	0.00e+00	0.00e+00	3.68e-06	6.56e-07	4.00e-07
 3.85851e+15	5.47e-06	4.56e-03	6.16e-01	3.76e-01	3.77e-03	1.39e-07	0.00e+00	0.00e+00	0.00e+00	4.25e-06	7.56e-07	4.61e-07
 4.28755e+15	6.32e-06	5.10e-03	6.64e-01	3.29e-01	2.84e-03	0.00e+00	0.00e+00	0.00e+00	0.00e+00	4.92e-06	8.72e-07	5.32e-07
 4.78074e+15	7.54e-06	5.79e-03	7.19e-01	2.74e-01	1.97e-03	0.00e+00	0.00e+00	0.00e+00	0.00e+00	5.87e-06	1.04e-06	6.34e-07
 5.29188e+15	8.86e-06	6.50e-03	7.71e-01	2.21e-01	1.32e-03	0.00e+00	0.00e+00	0.00e+00	0.00e+00	6.90e-06	1.22e-06	7.43e-07
 5.73299e+15	1.02e-05	7.15e-03	8.13e-01	1.79e-01	9.02e-04	0.00e+00	0.00e+00	0.00e+00	0.00e+00	7.94e-06	1.40e-06	8.53e-07
 6.21307e+15	1.20e-05	7.93e-03	8.54e-01	1.37e-01	5.64e-04	0.00e+00	0.00e+00	0.00e+00	0.00e+00	9.34e-06	1.64e-06	1.00e-06
 6.75398e+15	1.41e-05	8.77e-03	8.92e-01	9.93e-02	3.25e-04	0.00e+00	0.00e+00	0.00e+00	0.00e+00	1.10e-05	1.93e-06	1.18e-06
 7.37396e+15	1.70e-05	9.77e-03	9.24e-01	6.60e-02	1.63e-04	0.00e+00	0.00e+00	0.00e+00	0.00e+00	1.33e-05	2.32e-06	1.42e-06
 8.06068e+15	2.06e-05	1.08e-02	9.48e-01	4.11e-02	7.42e-05	0.00e+00	0.00e+00	0.00e+00	0.00e+00	1.61e-05	2.81e-06	1.71e-06
 8.81682e+15	2.55e-05	1.21e-02	9.64e-01	2.38e-02	2.98e-05	0.00e+00	0.00e+00	0.00e+00	0.00e+00	1.99e-05	3.46e-06	2.10e-06
 9.69850e+15	3.21e-05	1.36e-02	9.74e-01	1.26e-02	1.04e-05	0.00e+00	0.00e+00	0.00e+00	0.00e+00	2.51e-05	4.35e-06	2.64e-06
 1.06684e+16	4.12e-05	1.54e-02	9.78e-01	6.32e-03	3.29e-06	0.00e+00	0.00e+00	0.00e+00	0.00e+00	3.23e-05	5.56e-06	3.37e-06
 1.16535e+16	5.26e-05	1.74e-02	9.79e-01	3.24e-03	1.08e-06	0.00e+00	0.00e+00	0.00e+00	0.00e+00	4.13e-05	7.08e-06	4.29e-06
 1.27372e+16	6.89e-05	1.98e-02	9.79e-01	1.58e-03	3.21e-07	0.00e+00	0.00e+00	0.00e+00	0.00e+00	5.40e-05	9.25e-06	5.59e-06
 1.36309e+16	8.47e-05	2.20e-02	9.77e-01	9.41e-04	1.33e-07	0.00e+00	0.00e+00	0.00e+00	0.00e+00	6.65e-05	1.14e-05	6.87e-06
 1.41052e+16	9.49e-05	2.33e-02	9.76e-01	7.17e-04	0.00e+00	0.00e+00	0.00e+00	0.00e+00	0.00e+00	7.45e-05	1.27e-05	7.69e-06
 1.45357e+16	1.06e-04	2.46e-02	9.75e-01	5.52e-04	0.00e+00	0.00e+00	0.00e+00	0.00e+00	0.00e+00	8.28e-05	1.41e-05	8.55e-06
 1.50954e+16	1.21e-04	2.64e-02	9.73e-01	3.96e-04	0.00e+00	0.00e+00	0.00e+00	0.00e+00	0.00e+00	9.50e-05	1.62e-05	9.80e-06
 1.58229e+16	1.44e-04	2.88e-02	9.71e-01	2.61e-04	0.00e+00	0.00e+00	0.00e+00	0.00e+00	0.00e+00	1.13e-04	1.94e-05	1.17e-05
 1.65528e+16	1.71e-04	3.15e-02	9.68e-01	1.78e-04	0.00e+00	0.00e+00	0.00e+00	0.00e+00	0.00e+00	1.35e-04	2.30e-05	1.39e-05
 1.71274e+16	1.97e-04	3.39e-02	9.66e-01	1.33e-04	0.00e+00	0.00e+00	0.00e+00	0.00e+00	0.00e+00	1.55e-04	2.64e-05	1.60e-05
 1.77163e+16	2.27e-04	3.65e-02	9.63e-01	9.77e-05	0.00e+00	0.00e+00	0.00e+00	0.00e+00	0.00e+00	1.78e-04	3.05e-05	1.84e-05
 1.83778e+16	2.66e-04	3.96e-02	9.60e-01	7.04e-05	0.00e+00	0.00e+00	0.00e+00	0.00e+00	0.00e+00	2.09e-04	3.58e-05	2.16e-05
 1.89982e+16	3.09e-04	4.29e-02	9.57e-01	5.24e-05	0.00e+00	0.00e+00	0.00e+00	0.00e+00	0.00e+00	2.43e-04	4.16e-05	2.52e-05
 1.95690e+16	3.55e-04	4.62e-02	9.53e-01	4.02e-05	0.00e+00	0.00e+00	0.00e+00	0.00e+00	0.00e+00	2.78e-04	4.78e-05	2.90e-05
 2.02108e+16	4.16e-04	5.02e-02	9.49e-01	2.97e-05	0.00e+00	0.00e+00	0.00e+00	0.00e+00	0.00e+00	3.26e-04	5.61e-05	3.40e-05
 2.09052e+16	4.93e-04	5.50e-02	9.44e-01	2.19e-05	0.00e+00	0.00e+00	0.00e+00	0.00e+00	0.00e+00	3.86e-04	6.67e-05	4.04e-05
 2.15184e+16	5.75e-04	5.97e-02	9.40e-01	1.69e-05	0.00e+00	0.00e+00	0.00e+00	0.00e+00	0.00e+00	4.50e-04	7.78e-05	4.72e-05
 2.20755e+16	6.62e-04	6.45e-02	9.35e-01	1.33e-05	0.00e+00	0.00e+00	0.00e+00	0.00e+00	0.00e+00	5.18e-04	8.98e-05	5.45e-05
 2.27091e+16	7.78e-04	7.03e-02	9.29e-01	1.02e-05	0.00e+00	0.00e+00	0.00e+00	0.00e+00	0.00e+00	6.08e-04	1.06e-04	6.42e-05
 2.33972e+16	9.30e-04	7.75e-02	9.22e-01	7.72e-06	0.00e+00	0.00e+00	0.00e+00	0.00e+00	0.00e+00	7.26e-04	1.27e-04	7.70e-05
 2.40004e+16	1.09e-03	8.47e-02	9.14e-01	6.11e-06	0.00e+00	0.00e+00	0.00e+00	0.00e+00	0.00e+00	8.52e-04	1.49e-04	9.07e-05
 2.45305e+16	1.26e-03	9.16e-02	9.07e-01	4.98e-06	0.00e+00	0.00e+00	0.00e+00	0.00e+00	0.00e+00	9.83e-04	1.72e-04	1.05e-04
 2.51216e+16	1.48e-03	1.00e-01	8.98e-01	3.95e-06	0.00e+00	0.00e+00	0.00e+00	0.00e+00	0.00e+00	1.15e-03	2.03e-04	1.24e-04
 2.57709e+16	1.78e-03	1.11e-01	8.88e-01	3.10e-06	0.00e+00	0.00e+00	0.00e+00	0.00e+00	0.00e+00	1.38e-03	2.44e-04	1.49e-04
 2.63493e+16	2.10e-03	1.21e-01	8.76e-01	2.51e-06	0.00e+00	0.00e+00	0.00e+00	0.00e+00	0.00e+00	1.64e-03	2.90e-04	1.77e-04
 2.68558e+16	2.45e-03	1.32e-01	8.66e-01	2.09e-06	0.00e+00	0.00e+00	0.00e+00	0.00e+00	0.00e+00	1.90e-03	3.38e-04	2.07e-04
 2.74156e+16	2.88e-03	1.45e-01	8.53e-01	1.70e-06	0.00e+00	0.00e+00	0.00e+00	0.00e+00	0.00e+00	2.24e-03	4.00e-04	2.45e-04
 2.80377e+16	3.51e-03	1.61e-01	8.36e-01	1.35e-06	0.00e+00	0.00e+00	0.00e+00	0.00e+00	0.00e+00	2.72e-03	4.87e-04	2.99e-04
 2.85960e+16	4.21e-03	1.78e-01	8.18e-01	1.11e-06	0.00e+00	0.00e+00	0.00e+00	0.00e+00	0.00e+00	3.26e-03	5.86e-04	3.60e-04
 2.90801e+16	4.94e-03	1.94e-01	8.01e-01	9.27e-07	0.00e+00	0.00e+00	0.00e+00	0.00e+00	0.00e+00	3.83e-03	6.91e-04	4.24e-04
 2.96122e+16	5.90e-03	2.14e-01	7.80e-01	7.60e-07	0.00e+00	0.00e+00	0.00e+00	0.00e+00	0.00e+00	4.56e-03	8.27e-04	5.08e-04
 3.02100e+16	7.27e-03	2.39e-01	7.54e-01	6.07e-07	0.00e+00	0.00e+00	0.00e+00	0.00e+00	0.00e+00	5.62e-03	1.02e-03	6.30e-04
 3.07605e+16	8.91e-03	2.66e-01	7.25e-01	4.91e-07	0.00e+00	0.00e+00	0.00e+00	0.00e+00	0.00e+00	6.87e-03	1.26e-03	7.74e-04
 3.12400e+16	1.07e-02	2.93e-01	6.97e-01	4.05e-07	0.00e+00	0.00e+00	0.00e+00	0.00e+00	0.00e+00	8.23e-03	1.51e-03	9.31e-04
 3.17596e+16	1.30e-02	3.24e-01	6.63e-01	3.27e-07	0.00e+00	0.00e+00	0.00e+00	0.00e+00	0.00e+00	1.00e-02	1.84e-03	1.14e-03
 3.23249e+16	1.63e-02	3.62e-01	6.22e-01	2.56e-07	0.00e+00	0.00e+00	0.00e+00	0.00e+00	0.00e+00	1.25e-02	2.32e-03	1.42e-03
 3.28109e+16	2.00e-02	3.99e-01	5.81e-01	2.03e-07	0.00e+00	0.00e+00	0.00e+00	0.00e+00	0.00e+00	1.54e-02	2.84e-03	1.75e-03
 3.32150e+16	2.37e-02	4.32e-01	5.44e-01	1.66e-07	0.00e+00	0.00e+00	0.00e+00	0.00e+00	0.00e+00	1.82e-02	3.38e-03	2.07e-03
 3.36513e+16	2.84e-02	4.70e-01	5.02e-01	1.32e-07	0.00e+00	0.00e+00	0.00e+00	0.00e+00	0.00e+00	2.19e-02	4.07e-03	2.49e-03
 3.41439e+16	3.53e-02	5.14e-01	4.51e-01	0.00e+00	0.00e+00	0.00e+00	0.00e+00	0.00e+00	0.00e+00	2.71e-02	5.05e-03	3.09e-03
 3.45946e+16	4.33e-02	5.57e-01	4.00e-01	0.00e+00	0.00e+00	0.00e+00	0.00e+00	0.00e+00	0.00e+00	3.33e-02	6.21e-03	3.79e-03
 3.49793e+16	5.17e-02	5.93e-01	3.56e-01	0.00e+00	0.00e+00	0.00e+00	0.00e+00	0.00e+00	0.00e+00	3.97e-02	7.41e-03	4.51e-03
 3.53932e+16	6.22e-02	6.30e-01	3.08e-01	0.00e+00	0.00e+00	0.00e+00	0.00e+00	0.00e+00	0.00e+00	4.78e-02	8.91e-03	5.43e-03
 3.58316e+16	7.63e-02	6.66e-01	2.58e-01	0.00e+00	0.00e+00	0.00e+00	0.00e+00	0.00e+00	0.00e+00	5.87e-02	1.09e-02	6.65e-03
 3.61870e+16	9.04e-02	6.92e-01	2.18e-01	0.00e+00	0.00e+00	0.00e+00	0.00e+00	0.00e+00	0.00e+00	6.96e-02	1.29e-02	7.87e-03
 3.64632e+16	1.03e-01	7.09e-01	1.88e-01	0.00e+00	0.00e+00	0.00e+00	0.00e+00	0.00e+00	0.00e+00	7.95e-02	1.47e-02	8.96e-03
 3.67512e+16	1.18e-01	7.22e-01	1.60e-01	0.00e+00	0.00e+00	0.00e+00	0.00e+00	0.00e+00	0.00e+00	9.07e-02	1.67e-02	1.02e-02
 3.70690e+16	1.36e-01	7.32e-01	1.31e-01	0.00e+00	0.00e+00	0.00e+00	0.00e+00	0.00e+00	0.00e+00	1.05e-01	1.93e-02	1.18e-02
 3.73467e+16	1.56e-01	7.36e-01	1.08e-01	0.00e+00	0.00e+00	0.00e+00	0.00e+00	0.00e+00	0.00e+00	1.20e-01	2.19e-02	1.34e-02
 3.75707e+16	1.73e-01	7.36e-01	9.16e-02	0.00e+00	0.00e+00	0.00e+00	0.00e+00	0.00e+00	0.00e+00	1.34e-01	2.42e-02	1.48e-02
 3.78039e+16	1.92e-01	7.32e-01	7.63e-02	0.00e+00	0.00e+00	0.00e+00	0.00e+00	0.00e+00	0.00e+00	1.49e-01	2.66e-02	1.64e-02
 3.80595e+16	2.16e-01	7.23e-01	6.13e-02	0.00e+00	0.00e+00	0.00e+00	0.00e+00	0.00e+00	0.00e+00	1.68e-01	2.97e-02	1.83e-02
 3.82820e+16	2.39e-01	7.11e-01	4.99e-02	0.00e+00	0.00e+00	0.00e+00	0.00e+00	0.00e+00	0.00e+00	1.87e-01	3.26e-02	2.02e-02
 3.84654e+16	2.60e-01	6.98e-01	4.17e-02	0.00e+00	0.00e+00	0.00e+00	0.00e+00	0.00e+00	0.00e+00	2.03e-01	3.51e-02	2.19e-02
 3.86604e+16	2.83e-01	6.82e-01	3.42e-02	0.00e+00	0.00e+00	0.00e+00	0.00e+00	0.00e+00	0.00e+00	2.22e-01	3.77e-02	2.37e-02
 3.88752e+16	3.12e-01	6.61e-01	2.70e-02	0.00e+00	0.00e+00	0.00e+00	0.00e+00	0.00e+00	0.00e+00	2.46e-01	4.09e-02	2.59e-02
 3.90638e+16	3.39e-01	6.39e-01	2.18e-02	0.00e+00	0.00e+00	0.00e+00	0.00e+00	0.00e+00	0.00e+00	2.67e-01	4.37e-02	2.78e-02
 3.92250e+16	3.63e-01	6.19e-01	1.80e-02	0.00e+00	0.00e+00	0.00e+00	0.00e+00	0.00e+00	0.00e+00	2.87e-01	4.61e-02	2.95e-02
 3.94025e+16	3.90e-01	5.96e-01	1.44e-02	0.00e+00	0.00e+00	0.00e+00	0.00e+00	0.00e+00	0.00e+00	3.10e-01	4.87e-02	3.14e-02
 3.95978e+16	4.22e-01	5.67e-01	1.11e-02	0.00e+00	0.00e+00	0.00e+00	0.00e+00	0.00e+00	0.00e+00	3.37e-01	5.15e-02	3.36e-02
 3.97720e+16	4.52e-01	5.39e-01	8.71e-03	0.00e+00	0.00e+00	0.00e+00	0.00e+00	0.00e+00	0.00e+00	3.63e-01	5.39e-02	3.55e-02
 3.99235e+16	4.79e-01	5.14e-01	7.00e-03	0.00e+00	0.00e+00	0.00e+00	0.00e+00	0.00e+00	0.00e+00	3.86e-01	5.59e-02	3.71e-02
 4.00700e+16	5.05e-01	4.89e-01	5.62e-03	0.00e+00	0.00e+00	0.00e+00	0.00e+00	0.00e+00	0.00e+00	4.09e-01	5.76e-02	3.86e-02
 4.02185e+16	5.32e-01	4.64e-01	4.46e-03	0.00e+00	0.00e+00	0.00e+00	0.00e+00	0.00e+00	0.00e+00	4.33e-01	5.91e-02	4.01e-02
 4.03587e+16	5.58e-01	4.39e-01	3.56e-03	0.00e+00	0.00e+00	0.00e+00	0.00e+00	0.00e+00	0.00e+00	4.56e-01	6.04e-02	4.14e-02
 4.04812e+16	5.80e-01	4.17e-01	2.91e-03	0.00e+00	0.00e+00	0.00e+00	0.00e+00	0.00e+00	0.00e+00	4.76e-01	6.13e-02	4.24e-02
 4.05713e+16	5.96e-01	4.02e-01	2.51e-03	0.00e+00	0.00e+00	0.00e+00	0.00e+00	0.00e+00	0.00e+00	4.91e-01	6.19e-02	4.30e-02
 4.06317e+16	6.05e-01	3.92e-01	2.27e-03	0.00e+00	0.00e+00	0.00e+00	0.00e+00	0.00e+00	0.00e+00	5.00e-01	6.22e-02	4.34e-02
 4.06926e+16	6.16e-01	3.82e-01	2.05e-03	0.00e+00	0.00e+00	0.00e+00	0.00e+00	0.00e+00	0.00e+00	5.09e-01	6.25e-02	4.38e-02
 4.07672e+16	6.29e-01	3.69e-01	1.80e-03	0.00e+00	0.00e+00	0.00e+00	0.00e+00	0.00e+00	0.00e+00	5.22e-01	6.28e-02	4.43e-02
 4.08455e+16	6.43e-01	3.56e-01	1.56e-03	0.00e+00	0.00e+00	0.00e+00	0.00e+00	0.00e+00	0.00e+00	5.35e-01	6.30e-02	4.47e-02
 4.09162e+16	6.55e-01	3.43e-01	1.37e-03	0.00e+00	0.00e+00	0.00e+00	0.00e+00	0.00e+00	0.00e+00	5.47e-01	6.32e-02	4.51e-02
 4.09806e+16	6.66e-01	3.33e-01	1.22e-03	0.00e+00	0.00e+00	0.00e+00	0.00e+00	0.00e+00	0.00e+00	5.57e-01	6.32e-02	4.54e-02
 4.10452e+16	6.77e-01	3.22e-01	1.08e-03	0.00e+00	0.00e+00	0.00e+00	0.00e+00	0.00e+00	0.00e+00	5.68e-01	6.33e-02	4.56e-02
 4.11135e+16	6.88e-01	3.11e-01	9.51e-04	0.00e+00	0.00e+00	0.00e+00	0.00e+00	0.00e+00	0.00e+00	5.79e-01	6.32e-02	4.59e-02
 4.11825e+16	7.00e-01	2.99e-01	8.32e-04	0.00e+00	0.00e+00	0.00e+00	0.00e+00	0.00e+00	0.00e+00	5.91e-01	6.32e-02	4.61e-02
 4.12488e+16	7.11e-01	2.88e-01	7.31e-04	0.00e+00	0.00e+00	0.00e+00	0.00e+00	0.00e+00	0.00e+00	6.02e-01	6.30e-02	4.62e-02
 4.13118e+16	7.21e-01	2.78e-01	6.46e-04	0.00e+00	0.00e+00	0.00e+00	0.00e+00	0.00e+00	0.00e+00	6.12e-01	6.28e-02	4.63e-02
 4.13752e+16	7.32e-01	2.68e-01	5.68e-04	0.00e+00	0.00e+00	0.00e+00	0.00e+00	0.00e+00	0.00e+00	6.23e-01	6.26e-02	4.64e-02
 4.14399e+16	7.42e-01	2.58e-01	4.98e-04	0.00e+00	0.00e+00	0.00e+00	0.00e+00	0.00e+00	0.00e+00	6.33e-01	6.23e-02	4.64e-02
 4.15045e+16	7.52e-01	2.48e-01	4.36e-04	0.00e+00	0.00e+00	0.00e+00	0.00e+00	0.00e+00	0.00e+00	6.44e-01	6.20e-02	4.64e-02
 4.15673e+16	7.61e-01	2.38e-01	3.82e-04	0.00e+00	0.00e+00	0.00e+00	0.00e+00	0.00e+00	0.00e+00	6.53e-01	6.16e-02	4.64e-02
 4.16294e+16	7.71e-01	2.29e-01	3.35e-04	0.00e+00	0.00e+00	0.00e+00	0.00e+00	0.00e+00	0.00e+00	6.63e-01	6.12e-02	4.63e-02
 4.16920e+16	7.80e-01	2.20e-01	2.93e-04	0.00e+00	0.00e+00	0.00e+00	0.00e+00	0.00e+00	0.00e+00	6.73e-01	6.08e-02	4.62e-02
 4.17537e+16	7.89e-01	2.11e-01	2.56e-04	0.00e+00	0.00e+00	0.00e+00	0.00e+00	0.00e+00	0.00e+00	6.82e-01	6.03e-02	4.60e-02
 4.18143e+16	7.97e-01	2.03e-01	2.25e-04	0.00e+00	0.00e+00	0.00e+00	0.00e+00	0.00e+00	0.00e+00	6.91e-01	5.98e-02	4.59e-02
 4.18753e+16	8.05e-01	1.94e-01	1.96e-04	0.00e+00	0.00e+00	0.00e+00	0.00e+00	0.00e+00	0.00e+00	7.00e-01	5.93e-02	4.57e-02
 4.19360e+16	8.13e-01	1.87e-01	1.71e-04	0.00e+00	0.00e+00	0.00e+00	0.00e+00	0.00e+00	0.00e+00	7.09e-01	5.87e-02	4.55e-02
 4.19961e+16	8.21e-01	1.79e-01	1.49e-04	0.00e+00	0.00e+00	0.00e+00	0.00e+00	0.00e+00	0.00e+00	7.18e-01	5.82e-02	4.52e-02
 4.20561e+16	8.29e-01	1.71e-01	1.30e-04	0.00e+00	0.00e+00	0.00e+00	0.00e+00	0.00e+00	0.00e+00	7.26e-01	5.75e-02	4.49e-02
 4.21148e+16	8.36e-01	1.64e-01	1.14e-04	0.00e+00	0.00e+00	0.00e+00	0.00e+00	0.00e+00	0.00e+00	7.34e-01	5.69e-02	4.47e-02
 4.21728e+16	8.43e-01	1.57e-01	9.91e-05	0.00e+00	0.00e+00	0.00e+00	0.00e+00	0.00e+00	0.00e+00	7.42e-01	5.63e-02	4.44e-02
 4.22316e+16	8.50e-01	1.50e-01	8.62e-05	0.00e+00	0.00e+00	0.00e+00	0.00e+00	0.00e+00	0.00e+00	7.50e-01	5.57e-02	4.40e-02
 4.22899e+16	8.56e-01	1.44e-01	7.50e-05	0.00e+00	0.00e+00	0.00e+00	0.00e+00	0.00e+00	0.00e+00	7.57e-01	5.51e-02	4.37e-02
 4.23465e+16	8.62e-01	1.37e-01	6.54e-05	0.00e+00	0.00e+00	0.00e+00	0.00e+00	0.00e+00	0.00e+00	7.65e-01	5.44e-02	4.33e-02
 4.24019e+16	8.68e-01	1.32e-01	5.72e-05	0.00e+00	0.00e+00	0.00e+00	0.00e+00	0.00e+00	0.00e+00	7.71e-01	5.38e-02	4.30e-02
 4.24571e+16	8.74e-01	1.26e-01	5.00e-05	0.00e+00	0.00e+00	0.00e+00	0.00e+00	0.00e+00	0.00e+00	7.78e-01	5.31e-02	4.26e-02
 4.25123e+16	8.79e-01	1.21e-01	4.36e-05	0.00e+00	0.00e+00	0.00e+00	0.00e+00	0.00e+00	0.00e+00	7.85e-01	5.25e-02	4.22e-02
 4.25675e+16	8.85e-01	1.15e-01	3.79e-05	0.00e+00	0.00e+00	0.00e+00	0.00e+00	0.00e+00	0.00e+00	7.91e-01	5.19e-02	4.18e-02
 4.26214e+16	8.90e-01	1.10e-01	3.31e-05	0.00e+00	0.00e+00	0.00e+00	0.00e+00	0.00e+00	0.00e+00	7.97e-01	5.12e-02	4.15e-02
 4.26736e+16	8.94e-01	1.06e-01	2.90e-05	0.00e+00	0.00e+00	0.00e+00	0.00e+00	0.00e+00	0.00e+00	8.03e-01	5.06e-02	4.11e-02
 4.27249e+16	8.99e-01	1.01e-01	2.55e-05	0.00e+00	0.00e+00	0.00e+00	0.00e+00	0.00e+00	0.00e+00	8.08e-01	5.00e-02	4.07e-02
 4.27761e+16	9.03e-01	9.69e-02	2.23e-05	0.00e+00	0.00e+00	0.00e+00	0.00e+00	0.00e+00	0.00e+00	8.13e-01	4.94e-02	4.03e-02
 4.28271e+16	9.07e-01	9.28e-02	1.96e-05	0.00e+00	0.00e+00	0.00e+00	0.00e+00	0.00e+00	0.00e+00	8.18e-01	4.89e-02	3.99e-02
 4.28768e+16	9.11e-01	8.88e-02	1.72e-05	0.00e+00	0.00e+00	0.00e+00	0.00e+00	0.00e+00	0.00e+00	8.23e-01	4.83e-02	3.96e-02
 4.29254e+16	9.15e-01	8.52e-02	1.51e-05	0.00e+00	0.00e+00	0.00e+00	0.00e+00	0.00e+00	0.00e+00	8.28e-01	4.77e-02	3.92e-02
 4.29735e+16	9.18e-01	8.16e-02	1.33e-05	0.00e+00	0.00e+00	0.00e+00	0.00e+00	0.00e+00	0.00e+00	8.32e-01	4.72e-02	3.88e-02
 4.30212e+16	9.22e-01	7.83e-02	1.17e-05	0.00e+00	0.00e+00	0.00e+00	0.00e+00	0.00e+00	0.00e+00	8.37e-01	4.67e-02	3.85e-02
 4.30685e+16	9.25e-01	7.50e-02	1.04e-05	0.00e+00	0.00e+00	0.00e+00	0.00e+00	0.00e+00	0.00e+00	8.41e-01	4.62e-02	3.81e-02
 4.31146e+16	9.28e-01	7.18e-02	9.15e-06	0.00e+00	0.00e+00	0.00e+00	0.00e+00	0.00e+00	0.00e+00	8.45e-01	4.57e-02	3.78e-02
 4.31603e+16	9.31e-01	6.89e-02	8.09e-06	0.00e+00	0.00e+00	0.00e+00	0.00e+00	0.00e+00	0.00e+00	8.48e-01	4.52e-02	3.74e-02
 4.32058e+16	9.34e-01	6.61e-02	7.15e-06	0.00e+00	0.00e+00	0.00e+00	0.00e+00	0.00e+00	0.00e+00	8.52e-01	4.47e-02	3.71e-02
 4.32505e+16	9.37e-01	6.34e-02	6.34e-06	0.00e+00	0.00e+00	0.00e+00	0.00e+00	0.00e+00	0.00e+00	8.56e-01	4.42e-02	3.68e-02
 4.32944e+16	9.39e-01	6.07e-02	5.62e-06	0.00e+00	0.00e+00	0.00e+00	0.00e+00	0.00e+00	0.00e+00	8.59e-01	4.38e-02	3.64e-02
 4.33381e+16	9.42e-01	5.83e-02	4.98e-06	0.00e+00	0.00e+00	0.00e+00	0.00e+00	0.00e+00	0.00e+00	8.62e-01	4.34e-02	3.61e-02
 4.33819e+16	9.44e-01	5.59e-02	4.42e-06	0.00e+00	0.00e+00	0.00e+00	0.00e+00	0.00e+00	0.00e+00	8.65e-01	4.29e-02	3.58e-02
 4.34247e+16	9.46e-01	5.36e-02	3.93e-06	0.00e+00	0.00e+00	0.00e+00	0.00e+00	0.00e+00	0.00e+00	8.68e-01	4.25e-02	3.54e-02
 4.34665e+16	9.49e-01	5.15e-02	3.50e-06	0.00e+00	0.00e+00	0.00e+00	0.00e+00	0.00e+00	0.00e+00	8.71e-01	4.21e-02	3.51e-02
 4.35083e+16	9.51e-01	4.94e-02	3.11e-06	0.00e+00	0.00e+00	0.00e+00	0.00e+00	0.00e+00	0.00e+00	8.74e-01	4.17e-02	3.47e-02
 4.35500e+16	9.53e-01	4.74e-02	2.77e-06	0.00e+00	0.00e+00	0.00e+00	0.00e+00	0.00e+00	0.00e+00	8.77e-01	4.13e-02	3.44e-02
 4.35913e+16	9.55e-01	4.55e-02	2.47e-06	0.00e+00	0.00e+00	0.00e+00	0.00e+00	0.00e+00	0.00e+00	8.80e-01	4.09e-02	3.41e-02
 4.36317e+16	9.56e-01	4.36e-02	2.21e-06	0.00e+00	0.00e+00	0.00e+00	0.00e+00	0.00e+00	0.00e+00	8.82e-01	4.05e-02	3.38e-02
 4.36716e+16	9.58e-01	4.19e-02	1.97e-06	0.00e+00	0.00e+00	0.00e+00	0.00e+00	0.00e+00	0.00e+00	8.84e-01	4.02e-02	3.35e-02
 4.37115e+16	9.60e-01	4.02e-02	1.76e-06	0.00e+00	0.00e+00	0.00e+00	0.00e+00	0.00e+00	0.00e+00	8.87e-01	3.98e-02	3.32e-02
 4.37510e+16	9.61e-01	3.86e-02	1.58e-06	0.00e+00	0.00e+00	0.00e+00	0.00e+00	0.00e+00	0.00e+00	8.89e-01	3.95e-02	3.29e-02
 4.37897e+16	9.63e-01	3.70e-02	1.41e-06	0.00e+00	0.00e+00	0.00e+00	0.00e+00	0.00e+00	0.00e+00	8.91e-01	3.92e-02	3.26e-02
 4.38285e+16	9.64e-01	3.56e-02	1.27e-06	0.00e+00	0.00e+00	0.00e+00	0.00e+00	0.00e+00	0.00e+00	8.93e-01	3.89e-02	3.23e-02
 4.38670e+16	9.66e-01	3.41e-02	1.14e-06	0.00e+00	0.00e+00	0.00e+00	0.00e+00	0.00e+00	0.00e+00	8.95e-01	3.85e-02	3.21e-02
 4.39049e+16	9.67e-01	3.27e-02	1.02e-06	0.00e+00	0.00e+00	0.00e+00	0.00e+00	0.00e+00	0.00e+00	8.97e-01	3.82e-02	3.18e-02
 4.39425e+16	9.69e-01	3.14e-02	9.19e-07	0.00e+00	0.00e+00	0.00e+00	0.00e+00	0.00e+00	0.00e+00	8.99e-01	3.80e-02	3.15e-02
 4.39798e+16	9.70e-01	3.02e-02	8.27e-07	0.00e+00	0.00e+00	0.00e+00	0.00e+00	0.00e+00	0.00e+00	9.01e-01	3.77e-02	3.13e-02
 4.40166e+16	9.71e-01	2.89e-02	7.45e-07	0.00e+00	0.00e+00	0.00e+00	0.00e+00	0.00e+00	0.00e+00	9.03e-01	3.74e-02	3.10e-02
 4.40529e+16	9.72e-01	2.78e-02	6.72e-07	0.00e+00	0.00e+00	0.00e+00	0.00e+00	0.00e+00	0.00e+00	9.04e-01	3.71e-02	3.08e-02
 4.40881e+16	9.73e-01	2.67e-02	6.09e-07	0.00e+00	0.00e+00	0.00e+00	0.00e+00	0.00e+00	0.00e+00	9.06e-01	3.69e-02	3.06e-02
 4.41207e+16	9.74e-01	2.57e-02	5.56e-07	0.00e+00	0.00e+00	0.00e+00	0.00e+00	0.00e+00	0.00e+00	9.07e-01	3.66e-02	3.03e-02
 4.41498e+16	9.75e-01	2.49e-02	5.13e-07	0.00e+00	0.00e+00	0.00e+00	0.00e+00	0.00e+00	0.00e+00	9.09e-01	3.64e-02	3.02e-02
 4.41761e+16	9.76e-01	2.41e-02	4.78e-07	0.00e+00	0.00e+00	0.00e+00	0.00e+00	0.00e+00	0.00e+00	9.10e-01	3.62e-02	3.00e-02
 4.42002e+16	9.76e-01	2.35e-02	4.48e-07	0.00e+00	0.00e+00	0.00e+00	0.00e+00	0.00e+00	0.00e+00	9.11e-01	3.61e-02	2.98e-02
 4.42228e+16	9.77e-01	2.29e-02	4.21e-07	0.00e+00	0.00e+00	0.00e+00	0.00e+00	0.00e+00	0.00e+00	9.12e-01	3.59e-02	2.97e-02
 4.42435e+16	9.78e-01	2.24e-02	3.98e-07	0.00e+00	0.00e+00	0.00e+00	0.00e+00	0.00e+00	0.00e+00	9.12e-01	3.58e-02	2.96e-02
 4.42624e+16	9.78e-01	2.19e-02	3.79e-07	0.00e+00	0.00e+00	0.00e+00	0.00e+00	0.00e+00	0.00e+00	9.13e-01	3.56e-02	2.94e-02
 4.42802e+16	9.79e-01	2.14e-02	3.61e-07	0.00e+00	0.00e+00	0.00e+00	0.00e+00	0.00e+00	0.00e+00	9.14e-01	3.55e-02	2.93e-02
 4.42967e+16	9.79e-01	2.10e-02	3.45e-07	0.00e+00	0.00e+00	0.00e+00	0.00e+00	0.00e+00	0.00e+00	9.14e-01	3.54e-02	2.92e-02
 4.43119e+16	9.79e-01	2.06e-02	3.31e-07	0.00e+00	0.00e+00	0.00e+00	0.00e+00	0.00e+00	0.00e+00	9.15e-01	3.53e-02	2.91e-02
 4.43262e+16	9.80e-01	2.02e-02	3.19e-07	0.00e+00	0.00e+00	0.00e+00	0.00e+00	0.00e+00	0.00e+00	9.16e-01	3.52e-02	2.90e-02
 4.43396e+16	9.80e-01	1.99e-02	3.07e-07	0.00e+00	0.00e+00	0.00e+00	0.00e+00	0.00e+00	0.00e+00	9.16e-01	3.50e-02	2.89e-02
 4.43520e+16	9.80e-01	1.96e-02	2.97e-07	0.00e+00	0.00e+00	0.00e+00	0.00e+00	0.00e+00	0.00e+00	9.17e-01	3.49e-02	2.88e-02
 4.43634e+16	9.81e-01	1.93e-02	2.88e-07	0.00e+00	0.00e+00	0.00e+00	0.00e+00	0.00e+00	0.00e+00	9.17e-01	3.49e-02	2.87e-02
 4.43744e+16	9.81e-01	1.90e-02	2.80e-07	0.00e+00	0.00e+00	0.00e+00	0.00e+00	0.00e+00	0.00e+00	9.18e-01	3.48e-02	2.86e-02
 4.43849e+16	9.81e-01	1.87e-02	2.72e-07	0.00e+00	0.00e+00	0.00e+00	0.00e+00	0.00e+00	0.00e+00	9.18e-01	3.47e-02	2.85e-02
 4.43947e+16	9.82e-01	1.84e-02	2.65e-07	0.00e+00	0.00e+00	0.00e+00	0.00e+00	0.00e+00	0.00e+00	9.19e-01	3.46e-02	2.84e-02
 4.44039e+16	9.82e-01	1.82e-02	2.58e-07	0.00e+00	0.00e+00	0.00e+00	0.00e+00	0.00e+00	0.00e+00	9.19e-01	3.45e-02	2.84e-02
 4.44126e+16	9.82e-01	1.80e-02	2.52e-07	0.00e+00	0.00e+00	0.00e+00	0.00e+00	0.00e+00	0.00e+00	9.19e-01	3.44e-02	2.83e-02
 4.44209e+16	9.82e-01	1.78e-02	2.47e-07	0.00e+00	0.00e+00	0.00e+00	0.00e+00	0.00e+00	0.00e+00	9.20e-01	3.43e-02	2.82e-02
 4.44288e+16	9.82e-01	1.75e-02	2.41e-07	0.00e+00	0.00e+00	0.00e+00	0.00e+00	0.00e+00	0.00e+00	9.20e-01	3.43e-02	2.81e-02
 4.44364e+16	9.83e-01	1.73e-02	2.37e-07	0.00e+00	0.00e+00	0.00e+00	0.00e+00	0.00e+00	0.00e+00	9.20e-01	3.42e-02	2.81e-02
 4.44435e+16	9.83e-01	1.71e-02	2.32e-07	0.00e+00	0.00e+00	0.00e+00	0.00e+00	0.00e+00	0.00e+00	9.21e-01	3.41e-02	2.80e-02
 4.44503e+16	9.83e-01	1.69e-02	2.28e-07	0.00e+00	0.00e+00	0.00e+00	0.00e+00	0.00e+00	0.00e+00	9.21e-01	3.40e-02	2.79e-02
 4.44569e+16	9.83e-01	1.67e-02	2.23e-07	0.00e+00	0.00e+00	0.00e+00	0.00e+00	0.00e+00	0.00e+00	9.21e-01	3.40e-02	2.79e-02
 4.44632e+16	9.83e-01	1.65e-02	2.20e-07	0.00e+00	0.00e+00	0.00e+00	0.00e+00	0.00e+00	0.00e+00	9.22e-01	3.39e-02	2.78e-02
 4.44691e+16	9.84e-01	1.64e-02	2.16e-07	0.00e+00	0.00e+00	0.00e+00	0.00e+00	0.00e+00	0.00e+00	9.22e-01	3.38e-02	2.77e-02
 4.44749e+16	9.84e-01	1.62e-02	2.12e-07	0.00e+00	0.00e+00	0.00e+00	0.00e+00	0.00e+00	0.00e+00	9.22e-01	3.38e-02	2.77e-02
 4.44806e+16	9.84e-01	1.60e-02	2.09e-07	0.00e+00	0.00e+00	0.00e+00	0.00e+00	0.00e+00	0.00e+00	9.23e-01	3.37e-02	2.76e-02
 4.44863e+16	9.84e-01	1.58e-02	2.06e-07	0.00e+00	0.00e+00	0.00e+00	0.00e+00	0.00e+00	0.00e+00	9.23e-01	3.36e-02	2.75e-02
 4.44918e+16	9.84e-01	1.57e-02	2.02e-07	0.00e+00	0.00e+00	0.00e+00	0.00e+00	0.00e+00	0.00e+00	9.23e-01	3.35e-02	2.75e-02
 4.44974e+16	9.85e-01	1.55e-02	1.99e-07	0.00e+00	0.00e+00	0.00e+00	0.00e+00	0.00e+00	0.00e+00	9.24e-01	3.35e-02	2.74e-02
 4.45027e+16	9.85e-01	1.53e-02	1.96e-07	0.00e+00	0.00e+00	0.00e+00	0.00e+00	0.00e+00	0.00e+00	9.24e-01	3.34e-02	2.73e-02
 4.45081e+16	9.85e-01	1.51e-02	1.93e-07	0.00e+00	0.00e+00	0.00e+00	0.00e+00	0.00e+00	0.00e+00	9.24e-01	3.33e-02	2.72e-02
 4.45137e+16	9.85e-01	1.49e-02	1.90e-07	0.00e+00	0.00e+00	0.00e+00	0.00e+00	0.00e+00	0.00e+00	9.25e-01	3.32e-02	2.71e-02
 4.45193e+16	9.85e-01	1.48e-02	1.86e-07	0.00e+00	0.00e+00	0.00e+00	0.00e+00	0.00e+00	0.00e+00	9.25e-01	3.31e-02	2.71e-02
 4.45252e+16	9.85e-01	1.46e-02	1.83e-07	0.00e+00	0.00e+00	0.00e+00	0.00e+00	0.00e+00	0.00e+00	9.25e-01	3.30e-02	2.70e-02
 4.45314e+16	9.86e-01	1.43e-02	1.79e-07	0.00e+00	0.00e+00	0.00e+00	0.00e+00	0.00e+00	0.00e+00	9.26e-01	3.29e-02	2.69e-02
 4.45383e+16	9.86e-01	1.41e-02	1.76e-07	0.00e+00	0.00e+00	0.00e+00	0.00e+00	0.00e+00	0.00e+00	9.26e-01	3.28e-02	2.67e-02
 4.45456e+16	9.86e-01	1.38e-02	1.71e-07	0.00e+00	0.00e+00	0.00e+00	0.00e+00	0.00e+00	0.00e+00	9.27e-01	3.27e-02	2.66e-02
 4.45530e+16	9.86e-01	1.35e-02	1.67e-07	0.00e+00	0.00e+00	0.00e+00	0.00e+00	0.00e+00	0.00e+00	9.27e-01	3.25e-02	2.65e-02
 4.45597e+16	9.87e-01	1.32e-02	1.63e-07	0.00e+00	0.00e+00	0.00e+00	0.00e+00	0.00e+00	0.00e+00	9.28e-01	3.24e-02	2.63e-02
 4.45657e+16	9.87e-01	1.30e-02	1.60e-07	0.00e+00	0.00e+00	0.00e+00	0.00e+00	0.00e+00	0.00e+00	9.28e-01	3.23e-02	2.62e-02
 4.45713e+16	9.87e-01	1.28e-02	1.57e-07	0.00e+00	0.00e+00	0.00e+00	0.00e+00	0.00e+00	0.00e+00	9.29e-01	3.22e-02	2.61e-02
 4.45763e+16	9.87e-01	1.26e-02	1.54e-07	0.00e+00	0.00e+00	0.00e+00	0.00e+00	0.00e+00	0.00e+00	9.29e-01	3.21e-02	2.60e-02
 4.45809e+16	9.88e-01	1.24e-02	1.51e-07	0.00e+00	0.00e+00	0.00e+00	0.00e+00	0.00e+00	0.00e+00	9.30e-01	3.20e-02	2.59e-02
 4.45851e+16	9.88e-01	1.23e-02	1.49e-07	0.00e+00	0.00e+00	0.00e+00	0.00e+00	0.00e+00	0.00e+00	9.30e-01	3.19e-02	2.58e-02
 4.45888e+16	9.88e-01	1.21e-02	1.47e-07	0.00e+00	0.00e+00	0.00e+00	0.00e+00	0.00e+00	0.00e+00	9.30e-01	3.18e-02	2.57e-02
 4.45930e+16	9.88e-01	1.20e-02	1.44e-07	0.00e+00	0.00e+00	0.00e+00	0.00e+00	0.00e+00	0.00e+00	9.31e-01	3.17e-02	2.56e-02
 4.45975e+16	9.88e-01	1.18e-02	1.42e-07	0.00e+00	0.00e+00	0.00e+00	0.00e+00	0.00e+00	0.00e+00	9.31e-01	3.15e-02	2.55e-02
 4.46016e+16	9.88e-01	1.16e-02	1.39e-07	0.00e+00	0.00e+00	0.00e+00	0.00e+00	0.00e+00	0.00e+00	9.31e-01	3.14e-02	2.55e-02
 4.46053e+16	9.88e-01	1.15e-02	1.37e-07	0.00e+00	0.00e+00	0.00e+00	0.00e+00	0.00e+00	0.00e+00	9.32e-01	3.13e-02	2.54e-02
 4.46094e+16	9.89e-01	1.14e-02	1.35e-07	0.00e+00	0.00e+00	0.00e+00	0.00e+00	0.00e+00	0.00e+00	9.32e-01	3.12e-02	2.53e-02
 4.46138e+16	9.89e-01	1.12e-02	1.32e-07	0.00e+00	0.00e+00	0.00e+00	0.00e+00	0.00e+00	0.00e+00	9.33e-01	3.11e-02	2.52e-02
 4.46178e+16	9.89e-01	1.11e-02	1.30e-07	0.00e+00	0.00e+00	0.00e+00	0.00e+00	0.00e+00	0.00e+00	9.33e-01	3.10e-02	2.51e-02
 4.46214e+16	9.89e-01	1.09e-02	1.28e-07	0.00e+00	0.00e+00	0.00e+00	0.00e+00	0.00e+00	0.00e+00	9.33e-01	3.09e-02	2.50e-02
 4.46254e+16	9.89e-01	1.08e-02	1.26e-07	0.00e+00	0.00e+00	0.00e+00	0.00e+00	0.00e+00	0.00e+00	9.34e-01	3.08e-02	2.49e-02
 4.46297e+16	9.89e-01	1.06e-02	1.24e-07	0.00e+00	0.00e+00	0.00e+00	0.00e+00	0.00e+00	0.00e+00	9.34e-01	3.07e-02	2.48e-02
 4.46344e+16	9.89e-01	1.05e-02	1.21e-07	0.00e+00	0.00e+00	0.00e+00	0.00e+00	0.00e+00	0.00e+00	9.34e-01	3.06e-02	2.47e-02
 4.46406e+16	9.90e-01	1.03e-02	1.18e-07	0.00e+00	0.00e+00	0.00e+00	0.00e+00	0.00e+00	0.00e+00	9.35e-01	3.04e-02	2.46e-02
 4.46472e+16	9.90e-01	1.02e-02	1.15e-07	0.00e+00	0.00e+00	0.00e+00	0.00e+00	0.00e+00	0.00e+00	9.35e-01	3.03e-02	2.45e-02
 4.46532e+16	9.90e-01	9.99e-03	1.12e-07	0.00e+00	0.00e+00	0.00e+00	0.00e+00	0.00e+00	0.00e+00	9.35e-01	3.02e-02	2.44e-02
 4.46587e+16	9.90e-01	9.84e-03	1.09e-07	0.00e+00	0.00e+00	0.00e+00	0.00e+00	0.00e+00	0.00e+00	9.36e-01	3.01e-02	2.43e-02
 4.46637e+16	9.90e-01	9.71e-03	1.07e-07	0.00e+00	0.00e+00	0.00e+00	0.00e+00	0.00e+00	0.00e+00	9.36e-01	2.99e-02	2.42e-02
 4.46692e+16	9.90e-01	9.56e-03	1.04e-07	0.00e+00	0.00e+00	0.00e+00	0.00e+00	0.00e+00	0.00e+00	9.37e-01	2.98e-02	2.41e-02
 4.46751e+16	9.91e-01	9.40e-03	1.02e-07	0.00e+00	0.00e+00	0.00e+00	0.00e+00	0.00e+00	0.00e+00	9.37e-01	2.97e-02	2.39e-02
 4.46804e+16	9.91e-01	9.26e-03	9.91e-08	0.00e+00	0.00e+00	0.00e+00	0.00e+00	0.00e+00	0.00e+00	9.37e-01	2.96e-02	2.38e-02
 4.46853e+16	9.91e-01	9.14e-03	9.69e-08	0.00e+00	0.00e+00	0.00e+00	0.00e+00	0.00e+00	0.00e+00	9.38e-01	2.95e-02	2.37e-02
 4.46907e+16	9.91e-01	9.00e-03	9.44e-08	0.00e+00	0.00e+00	0.00e+00	0.00e+00	0.00e+00	0.00e+00	9.38e-01	2.94e-02	2.36e-02
 4.46965e+16	9.91e-01	8.85e-03	9.19e-08	0.00e+00	0.00e+00	0.00e+00	0.00e+00	0.00e+00	0.00e+00	9.38e-01	2.92e-02	2.35e-02
 4.47017e+16	9.91e-01	8.72e-03	8.96e-08	0.00e+00	0.00e+00	0.00e+00	0.00e+00	0.00e+00	0.00e+00	9.39e-01	2.91e-02	2.34e-02
 4.47065e+16	9.91e-01	8.59e-03	8.72e-08	0.00e+00	0.00e+00	0.00e+00	0.00e+00	0.00e+00	0.00e+00	9.39e-01	2.90e-02	2.33e-02
 4.47109e+16	9.92e-01	8.47e-03	8.52e-08	0.00e+00	0.00e+00	0.00e+00	0.00e+00	0.00e+00	0.00e+00	9.39e-01	2.89e-02	2.32e-02
 4.47149e+16	9.92e-01	8.36e-03	8.33e-08	0.00e+00	0.00e+00	0.00e+00	0.00e+00	0.00e+00	0.00e+00	9.40e-01	2.88e-02	2.31e-02
 4.47192e+16	9.92e-01	8.24e-03	8.13e-08	0.00e+00	0.00e+00	0.00e+00	0.00e+00	0.00e+00	0.00e+00	9.40e-01	2.87e-02	2.30e-02
 4.47239e+16	9.92e-01	8.12e-03	7.93e-08	0.00e+00	0.00e+00	0.00e+00	0.00e+00	0.00e+00	0.00e+00	9.40e-01	2.86e-02	2.28e-02
 4.47282e+16	9.92e-01	8.01e-03	7.74e-08	0.00e+00	0.00e+00	0.00e+00	0.00e+00	0.00e+00	0.00e+00	9.41e-01	2.84e-02	2.27e-02
 4.47321e+16	9.92e-01	7.91e-03	7.58e-08	0.00e+00	0.00e+00	0.00e+00	0.00e+00	0.00e+00	0.00e+00	9.41e-01	2.83e-02	2.26e-02
 4.47363e+16	9.92e-01	7.80e-03	7.40e-08	0.00e+00	0.00e+00	0.00e+00	0.00e+00	0.00e+00	0.00e+00	9.41e-01	2.82e-02	2.25e-02
 4.47419e+16	9.92e-01	7.66e-03	7.17e-08	0.00e+00	0.00e+00	0.00e+00	0.00e+00	0.00e+00	0.00e+00	9.42e-01	2.81e-02	2.24e-02
 4.47478e+16	9.92e-01	7.51e-03	6.94e-08	0.00e+00	0.00e+00	0.00e+00	0.00e+00	0.00e+00	0.00e+00	9.42e-01	2.79e-02	2.22e-02
 4.47533e+16	9.93e-01	7.38e-03	6.73e-08	0.00e+00	0.00e+00	0.00e+00	0.00e+00	0.00e+00	0.00e+00	9.43e-01	2.78e-02	2.20e-02
 4.47582e+16	9.93e-01	7.26e-03	6.55e-08	0.00e+00	0.00e+00	0.00e+00	0.00e+00	0.00e+00	0.00e+00	9.43e-01	2.76e-02	2.19e-02
 4.47627e+16	9.93e-01	7.15e-03	6.38e-08	0.00e+00	0.00e+00	0.00e+00	0.00e+00	0.00e+00	0.00e+00	9.44e-01	2.75e-02	2.18e-02
 4.47668e+16	9.93e-01	7.05e-03	6.23e-08	0.00e+00	0.00e+00	0.00e+00	0.00e+00	0.00e+00	0.00e+00	9.44e-01	2.74e-02	2.17e-02
 4.47713e+16	9.93e-01	6.94e-03	6.07e-08	0.00e+00	0.00e+00	0.00e+00	0.00e+00	0.00e+00	0.00e+00	9.44e-01	2.73e-02	2.15e-02
 4.47762e+16	9.93e-01	6.79e-03	5.87e-08	0.00e+00	0.00e+00	0.00e+00	0.00e+00	0.00e+00	0.00e+00	9.45e-01	2.71e-02	2.14e-02
