#depth	He	He+	He+2
 2.25321e+11	1.98e-03	9.94e-01	3.75e-03
 1.35193e+12	1.98e-03	9.94e-01	3.74e-03
 5.85834e+12	1.98e-03	9.94e-01	3.71e-03
 2.38840e+13	1.99e-03	9.94e-01	3.54e-03
 5.70513e+13	1.99e-03	9.95e-01	3.37e-03
 1.00169e+14	2.00e-03	9.95e-01	3.09e-03
 1.56221e+14	2.02e-03	9.95e-01	2.71e-03
 2.29090e+14	2.03e-03	9.96e-01	2.25e-03
 3.23819e+14	2.05e-03	9.96e-01	1.75e-03
 4.46966e+14	2.08e-03	9.97e-01	1.24e-03
 6.07058e+14	2.11e-03	9.97e-01	7.89e-04
 8.15178e+14	2.15e-03	9.97e-01	4.35e-04
 1.08573e+15	2.21e-03	9.98e-01	2.02e-04
 1.43746e+15	2.28e-03	9.98e-01	7.57e-05
 1.89469e+15	2.38e-03	9.98e-01	2.20e-05
 2.48910e+15	2.51e-03	9.97e-01	4.63e-06
 3.15930e+15	2.66e-03	9.97e-01	7.87e-07
 3.74569e+15	2.78e-03	9.97e-01	1.66e-07
 4.32571e+15	2.93e-03	9.97e-01	4.24e-08
 5.07972e+15	3.13e-03	9.97e-01	8.05e-09
 5.78120e+15	3.32e-03	9.97e-01	1.73e-09
 6.35932e+15	3.50e-03	9.96e-01	6.01e-10
 6.99525e+15	3.71e-03	9.96e-01	2.22e-10
 7.67001e+15	3.95e-03	9.96e-01	9.77e-11
 8.31934e+15	4.21e-03	9.96e-01	5.62e-11
 8.90867e+15	4.45e-03	9.96e-01	4.04e-11
 9.45248e+15	4.70e-03	9.95e-01	3.32e-11
 9.96235e+15	4.95e-03	9.95e-01	2.93e-11
 1.04472e+16	5.21e-03	9.95e-01	2.71e-11
 1.09133e+16	5.47e-03	9.95e-01	2.56e-11
 1.13654e+16	5.73e-03	9.94e-01	2.46e-11
 1.18058e+16	6.02e-03	9.94e-01	2.38e-11
 1.22347e+16	6.30e-03	9.94e-01	2.32e-11
 1.26526e+16	6.58e-03	9.93e-01	2.27e-11
 1.30605e+16	6.87e-03	9.93e-01	2.23e-11
 1.34584e+16	7.16e-03	9.93e-01	2.20e-11
 1.38465e+16	7.45e-03	9.93e-01	2.17e-11
 1.42262e+16	7.74e-03	9.92e-01	2.15e-11
 1.45983e+16	8.03e-03	9.92e-01	2.13e-11
 1.49616e+16	8.31e-03	9.92e-01	2.11e-11
 1.53155e+16	8.59e-03	9.91e-01	2.10e-11
 1.56610e+16	8.87e-03	9.91e-01	2.09e-11
 1.59986e+16	9.13e-03	9.91e-01	2.08e-11
 1.63280e+16	9.39e-03	9.91e-01	2.08e-11
 1.66494e+16	9.64e-03	9.90e-01	2.07e-11
 1.69640e+16	9.88e-03	9.90e-01	2.08e-11
 1.72721e+16	1.01e-02	9.90e-01	2.08e-11
 1.75738e+16	1.03e-02	9.90e-01	2.09e-11
 1.78697e+16	1.06e-02	9.89e-01	2.10e-11
 1.81607e+16	1.08e-02	9.89e-01	2.12e-11
 1.84478e+16	1.10e-02	9.89e-01	2.13e-11
 1.87238e+16	1.12e-02	9.89e-01	2.15e-11
 1.89768e+16	1.15e-02	9.89e-01	2.17e-11
 1.92045e+16	1.17e-02	9.88e-01	2.19e-11
 1.94187e+16	1.19e-02	9.88e-01	2.21e-11
 1.96312e+16	1.21e-02	9.88e-01	2.23e-11
 1.98437e+16	1.23e-02	9.88e-01	2.25e-11
 2.00563e+16	1.25e-02	9.87e-01	2.27e-11
 2.02688e+16	1.28e-02	9.87e-01	2.29e-11
 2.04814e+16	1.31e-02	9.87e-01	2.31e-11
 2.06939e+16	1.35e-02	9.87e-01	2.32e-11
 2.09064e+16	1.39e-02	9.86e-01	2.34e-11
 2.11190e+16	1.43e-02	9.86e-01	2.35e-11
 2.12396e+16	1.46e-02	9.85e-01	2.36e-11
