#depth	O	O+	O+2	O+3	O+4	O+5	O+6	O+7	O+8	O[1]	O[2]	O[3]
 2.25321e+11	3.18e-05	3.24e-02	9.65e-01	2.15e-03	0.00e+00	0.00e+00	0.00e+00	0.00e+00	0.00e+00	2.29e-05	6.15e-06	2.79e-06
 1.35193e+12	3.18e-05	3.24e-02	9.65e-01	2.14e-03	0.00e+00	0.00e+00	0.00e+00	0.00e+00	0.00e+00	2.28e-05	6.15e-06	2.79e-06
 5.85834e+12	3.18e-05	3.24e-02	9.65e-01	2.10e-03	0.00e+00	0.00e+00	0.00e+00	0.00e+00	0.00e+00	2.29e-05	6.16e-06	2.80e-06
 2.38840e+13	3.20e-05	3.26e-02	9.65e-01	1.97e-03	0.00e+00	0.00e+00	0.00e+00	0.00e+00	0.00e+00	2.30e-05	6.20e-06	2.83e-06
 5.70513e+13	3.19e-05	3.27e-02	9.65e-01	1.79e-03	0.00e+00	0.00e+00	0.00e+00	0.00e+00	0.00e+00	2.29e-05	6.21e-06	2.84e-06
 1.00169e+14	3.20e-05	3.29e-02	9.65e-01	1.57e-03	0.00e+00	0.00e+00	0.00e+00	0.00e+00	0.00e+00	2.29e-05	6.23e-06	2.85e-06
 1.56221e+14	3.22e-05	3.32e-02	9.65e-01	1.33e-03	0.00e+00	0.00e+00	0.00e+00	0.00e+00	0.00e+00	2.31e-05	6.26e-06	2.87e-06
 2.29090e+14	3.25e-05	3.36e-02	9.65e-01	1.07e-03	0.00e+00	0.00e+00	0.00e+00	0.00e+00	0.00e+00	2.33e-05	6.31e-06	2.90e-06
 3.23819e+14	3.29e-05	3.42e-02	9.65e-01	8.02e-04	0.00e+00	0.00e+00	0.00e+00	0.00e+00	0.00e+00	2.36e-05	6.39e-06	2.93e-06
 4.46966e+14	3.35e-05	3.48e-02	9.65e-01	5.54e-04	0.00e+00	0.00e+00	0.00e+00	0.00e+00	0.00e+00	2.40e-05	6.49e-06	2.98e-06
 6.07058e+14	3.43e-05	3.58e-02	9.64e-01	3.43e-04	0.00e+00	0.00e+00	0.00e+00	0.00e+00	0.00e+00	2.46e-05	6.65e-06	3.06e-06
 8.15178e+14	3.55e-05	3.70e-02	9.63e-01	1.85e-04	0.00e+00	0.00e+00	0.00e+00	0.00e+00	0.00e+00	2.55e-05	6.88e-06	3.16e-06
 1.08573e+15	3.73e-05	3.88e-02	9.61e-01	8.35e-05	0.00e+00	0.00e+00	0.00e+00	0.00e+00	0.00e+00	2.68e-05	7.21e-06	3.31e-06
 1.43746e+15	3.98e-05	4.12e-02	9.59e-01	3.04e-05	0.00e+00	0.00e+00	0.00e+00	0.00e+00	0.00e+00	2.86e-05	7.69e-06	3.53e-06
 1.89469e+15	4.34e-05	4.45e-02	9.55e-01	8.49e-06	0.00e+00	0.00e+00	0.00e+00	0.00e+00	0.00e+00	3.12e-05	8.37e-06	3.85e-06
 2.48910e+15	4.90e-05	4.94e-02	9.51e-01	1.73e-06	0.00e+00	0.00e+00	0.00e+00	0.00e+00	0.00e+00	3.52e-05	9.43e-06	4.34e-06
 3.15930e+15	5.57e-05	5.56e-02	9.44e-01	3.01e-07	0.00e+00	0.00e+00	0.00e+00	0.00e+00	0.00e+00	4.01e-05	1.07e-05	4.93e-06
 3.74569e+15	6.18e-05	6.17e-02	9.38e-01	0.00e+00	0.00e+00	0.00e+00	0.00e+00	0.00e+00	0.00e+00	4.45e-05	1.19e-05	5.48e-06
 4.32571e+15	7.02e-05	6.86e-02	9.31e-01	0.00e+00	0.00e+00	0.00e+00	0.00e+00	0.00e+00	0.00e+00	5.05e-05	1.35e-05	6.24e-06
 5.07972e+15	8.31e-05	7.86e-02	9.21e-01	0.00e+00	0.00e+00	0.00e+00	0.00e+00	0.00e+00	0.00e+00	5.97e-05	1.60e-05	7.41e-06
 5.78120e+15	9.62e-05	8.96e-02	9.10e-01	0.00e+00	0.00e+00	0.00e+00	0.00e+00	0.00e+00	0.00e+00	6.90e-05	1.86e-05	8.59e-06
 6.35932e+15	1.10e-04	1.00e-01	9.00e-01	0.00e+00	0.00e+00	0.00e+00	0.00e+00	0.00e+00	0.00e+00	7.91e-05	2.14e-05	9.90e-06
 6.99525e+15	1.29e-04	1.13e-01	8.87e-01	0.00e+00	0.00e+00	0.00e+00	0.00e+00	0.00e+00	0.00e+00	9.21e-05	2.50e-05	1.16e-05
 7.67001e+15	1.52e-04	1.29e-01	8.71e-01	0.00e+00	0.00e+00	0.00e+00	0.00e+00	0.00e+00	0.00e+00	1.09e-04	2.97e-05	1.38e-05
 8.31934e+15	1.80e-04	1.47e-01	8.52e-01	0.00e+00	0.00e+00	0.00e+00	0.00e+00	0.00e+00	0.00e+00	1.28e-04	3.53e-05	1.64e-05
 8.90867e+15	2.10e-04	1.66e-01	8.34e-01	0.00e+00	0.00e+00	0.00e+00	0.00e+00	0.00e+00	0.00e+00	1.50e-04	4.14e-05	1.93e-05
 9.45248e+15	2.44e-04	1.86e-01	8.14e-01	0.00e+00	0.00e+00	0.00e+00	0.00e+00	0.00e+00	0.00e+00	1.73e-04	4.82e-05	2.25e-05
 9.96235e+15	2.81e-04	2.07e-01	7.93e-01	0.00e+00	0.00e+00	0.00e+00	0.00e+00	0.00e+00	0.00e+00	1.99e-04	5.58e-05	2.60e-05
 1.04472e+16	3.22e-04	2.29e-01	7.71e-01	0.00e+00	0.00e+00	0.00e+00	0.00e+00	0.00e+00	0.00e+00	2.28e-04	6.43e-05	3.00e-05
 1.09133e+16	3.68e-04	2.52e-01	7.48e-01	0.00e+00	0.00e+00	0.00e+00	0.00e+00	0.00e+00	0.00e+00	2.60e-04	7.38e-05	3.44e-05
 1.13654e+16	4.18e-04	2.76e-01	7.23e-01	0.00e+00	0.00e+00	0.00e+00	0.00e+00	0.00e+00	0.00e+00	2.95e-04	8.43e-05	3.93e-05
 1.18058e+16	4.74e-04	3.02e-01	6.97e-01	0.00e+00	0.00e+00	0.00e+00	0.00e+00	0.00e+00	0.00e+00	3.33e-04	9.60e-05	4.48e-05
 1.22347e+16	5.35e-04	3.28e-01	6.71e-01	0.00e+00	0.00e+00	0.00e+00	0.00e+00	0.00e+00	0.00e+00	3.75e-04	1.09e-04	5.07e-05
 1.26526e+16	6.00e-04	3.55e-01	6.44e-01	0.00e+00	0.00e+00	0.00e+00	0.00e+00	0.00e+00	0.00e+00	4.20e-04	1.23e-04	5.72e-05
 1.30605e+16	6.71e-04	3.83e-01	6.17e-01	0.00e+00	0.00e+00	0.00e+00	0.00e+00	0.00e+00	0.00e+00	4.69e-04	1.38e-04	6.42e-05
 1.34584e+16	7.45e-04	4.10e-01	5.89e-01	0.00e+00	0.00e+00	0.00e+00	0.00e+00	0.00e+00	0.00e+00	5.19e-04	1.54e-04	7.16e-05
 1.38465e+16	8.21e-04	4.36e-01	5.63e-01	0.00e+00	0.00e+00	0.00e+00	0.00e+00	0.00e+00	0.00e+00	5.71e-04	1.70e-04	7.92e-05
 1.42262e+16	9.00e-04	4.61e-01	5.38e-01	0.00e+00	0.00e+00	0.00e+00	0.00e+00	0.00e+00	0.00e+00	6.25e-04	1.87e-04	8.73e-05
 1.45983e+16	9.82e-04	4.86e-01	5.13e-01	0.00e+00	0.00e+00	0.00e+00	0.00e+00	0.00e+00	0.00e+00	6.81e-04	2.05e-04	9.56e-05
 1.49616e+16	1.07e-03	5.10e-01	4.89e-01	0.00e+00	0.00e+00	0.00e+00	0.00e+00	0.00e+00	0.00e+00	7.37e-04	2.23e-04	1.04e-04
 1.53155e+16	1.15e-03	5.32e-01	4.67e-01	0.00e+00	0.00e+00	0.00e+00	0.00e+00	0.00e+00	0.00e+00	7.94e-04	2.42e-04	1.13e-04
 1.56610e+16	1.23e-03	5.53e-01	4.46e-01	0.00e+00	0.00e+00	0.00e+00	0.00e+00	0.00e+00	0.00e+00	8.51e-04	2.61e-04	1.22e-04
 1.59986e+16	1.32e-03	5.72e-01	4.26e-01	0.00e+00	0.00e+00	0.00e+00	0.00e+00	0.00e+00	0.00e+00	9.08e-04	2.80e-04	1.31e-04
 1.63280e+16	1.40e-03	5.91e-01	4.08e-01	0.00e+00	0.00e+00	0.00e+00	0.00e+00	0.00e+00	0.00e+00	9.65e-04	2.99e-04	1.39e-04
 1.66494e+16	1.49e-03	6.08e-01	3.91e-01	0.00e+00	0.00e+00	0.00e+00	0.00e+00	0.00e+00	0.00e+00	1.02e-03	3.18e-04	1.48e-04
 1.69640e+16	1.57e-03	6.23e-01	3.75e-01	0.00e+00	0.00e+00	0.00e+00	0.00e+00	0.00e+00	0.00e+00	1.08e-03	3.38e-04	1.57e-04
 1.72721e+16	1.65e-03	6.38e-01	3.61e-01	0.00e+00	0.00e+00	0.00e+00	0.00e+00	0.00e+00	0.00e+00	1.13e-03	3.57e-04	1.66e-04
 1.75738e+16	1.74e-03	6.51e-01	3.47e-01	0.00e+00	0.00e+00	0.00e+00	0.00e+00	0.00e+00	0.00e+00	1.18e-03	3.76e-04	1.75e-04
 1.78697e+16	1.82e-03	6.64e-01	3.35e-01	0.00e+00	0.00e+00	0.00e+00	0.00e+00	0.00e+00	0.00e+00	1.24e-03	3.95e-04	1.84e-04
 1.81607e+16	1.90e-03	6.75e-01	3.23e-01	0.00e+00	0.00e+00	0.00e+00	0.00e+00	0.00e+00	0.00e+00	1.29e-03	4.15e-04	1.92e-04
 1.84478e+16	1.98e-03	6.86e-01	3.12e-01	0.00e+00	0.00e+00	0.00e+00	0.00e+00	0.00e+00	0.00e+00	1.34e-03	4.34e-04	2.00e-04
 1.87238e+16	2.06e-03	6.96e-01	3.02e-01	0.00e+00	0.00e+00	0.00e+00	0.00e+00	0.00e+00	0.00e+00	1.40e-03	4.53e-04	2.09e-04
 1.89768e+16	2.14e-03	7.05e-01	2.92e-01	0.00e+00	0.00e+00	0.00e+00	0.00e+00	0.00e+00	0.00e+00	1.45e-03	4.72e-04	2.16e-04
 1.92045e+16	2.21e-03	7.13e-01	2.84e-01	0.00e+00	0.00e+00	0.00e+00	0.00e+00	0.00e+00	0.00e+00	1.50e-03	4.89e-04	2.24e-04
 1.94187e+16	2.28e-03	7.21e-01	2.77e-01	0.00e+00	0.00e+00	0.00e+00	0.00e+00	0.00e+00	0.00e+00	1.54e-03	5.06e-04	2.31e-04
 1.96312e+16	2.35e-03	7.28e-01	2.70e-01	0.00e+00	0.00e+00	0.00e+00	0.00e+00	0.00e+00	0.00e+00	1.59e-03	5.23e-04	2.38e-04
 1.98437e+16	2.43e-03	7.35e-01	2.63e-01	0.00e+00	0.00e+00	0.00e+00	0.00e+00	0.00e+00	0.00e+00	1.64e-03	5.42e-04	2.46e-04
 2.00563e+16	2.51e-03	7.42e-01	2.55e-01	0.00e+00	0.00e+00	0.00e+00	0.00e+00	0.00e+00	0.00e+00	1.69e-03	5.61e-04	2.54e-04
 2.02688e+16	2.60e-03	7.49e-01	2.48e-01	0.00e+00	0.00e+00	0.00e+00	0.00e+00	0.00e+00	0.00e+00	1.75e-03	5.82e-04	2.63e-04
 2.04814e+16	2.70e-03	7.57e-01	2.40e-01	0.00e+00	0.00e+00	0.00e+00	0.00e+00	0.00e+00	0.00e+00	1.82e-03	6.05e-04	2.73e-04
 2.06939e+16	2.81e-03	7.64e-01	2.33e-01	0.00e+00	0.00e+00	0.00e+00	0.00e+00	0.00e+00	0.00e+00	1.89e-03	6.31e-04	2.84e-04
 2.09064e+16	2.93e-03	7.72e-01	2.25e-01	0.00e+00	0.00e+00	0.00e+00	0.00e+00	0.00e+00	0.00e+00	1.98e-03	6.59e-04	2.96e-04
 2.11190e+16	3.08e-03	7.80e-01	2.17e-01	0.00e+00	0.00e+00	0.00e+00	0.00e+00	0.00e+00	0.00e+00	2.07e-03	6.93e-04	3.11e-04
 2.12396e+16	3.22e-03	7.86e-01	2.11e-01	0.00e+00	0.00e+00	0.00e+00	0.00e+00	0.00e+00	0.00e+00	2.17e-03	7.25e-04	3.25e-04
