#depth	O	O+	O+2	O+3	O+4	O+5	O+6	O+7	O+8	O[1]	O[2]	O[3]
 7.56796e+11	2.58e-06	5.76e-03	8.84e-01	1.10e-01	2.22e-05	0.00e+00	0.00e+00	0.00e+00	0.00e+00	1.82e-06	5.04e-07	2.48e-07
 4.54077e+12	2.58e-06	5.76e-03	8.84e-01	1.10e-01	2.21e-05	0.00e+00	0.00e+00	0.00e+00	0.00e+00	1.83e-06	5.05e-07	2.48e-07
 1.96767e+13	2.59e-06	5.77e-03	8.86e-01	1.08e-01	2.17e-05	0.00e+00	0.00e+00	0.00e+00	0.00e+00	1.83e-06	5.05e-07	2.49e-07
 8.02204e+13	2.60e-06	5.81e-03	8.91e-01	1.03e-01	2.01e-05	0.00e+00	0.00e+00	0.00e+00	0.00e+00	1.84e-06	5.09e-07	2.51e-07
 1.91621e+14	2.62e-06	5.86e-03	8.98e-01	9.64e-02	1.80e-05	0.00e+00	0.00e+00	0.00e+00	0.00e+00	1.85e-06	5.13e-07	2.52e-07
 3.36441e+14	2.64e-06	5.93e-03	9.06e-01	8.78e-02	1.55e-05	0.00e+00	0.00e+00	0.00e+00	0.00e+00	1.87e-06	5.17e-07	2.54e-07
 5.24708e+14	2.68e-06	6.02e-03	9.17e-01	7.72e-02	1.26e-05	0.00e+00	0.00e+00	0.00e+00	0.00e+00	1.90e-06	5.25e-07	2.58e-07
 7.69454e+14	2.73e-06	6.14e-03	9.29e-01	6.47e-02	9.61e-06	0.00e+00	0.00e+00	0.00e+00	0.00e+00	1.93e-06	5.35e-07	2.63e-07
 1.08762e+15	2.80e-06	6.27e-03	9.43e-01	5.06e-02	6.63e-06	0.00e+00	0.00e+00	0.00e+00	0.00e+00	1.98e-06	5.47e-07	2.70e-07
 1.50125e+15	2.89e-06	6.44e-03	9.58e-01	3.60e-02	3.97e-06	0.00e+00	0.00e+00	0.00e+00	0.00e+00	2.04e-06	5.65e-07	2.79e-07
 2.03895e+15	3.00e-06	6.63e-03	9.71e-01	2.26e-02	1.98e-06	0.00e+00	0.00e+00	0.00e+00	0.00e+00	2.12e-06	5.87e-07	2.90e-07
 2.73798e+15	3.14e-06	6.84e-03	9.81e-01	1.20e-02	7.71e-07	0.00e+00	0.00e+00	0.00e+00	0.00e+00	2.22e-06	6.14e-07	3.03e-07
 3.64670e+15	3.33e-06	7.07e-03	9.88e-01	5.27e-03	2.25e-07	0.00e+00	0.00e+00	0.00e+00	0.00e+00	2.35e-06	6.50e-07	3.21e-07
 4.82805e+15	3.59e-06	7.36e-03	9.91e-01	1.92e-03	0.00e+00	0.00e+00	0.00e+00	0.00e+00	0.00e+00	2.54e-06	7.01e-07	3.47e-07
 6.36380e+15	3.96e-06	7.72e-03	9.92e-01	6.09e-04	0.00e+00	0.00e+00	0.00e+00	0.00e+00	0.00e+00	2.80e-06	7.74e-07	3.83e-07
 8.36027e+15	4.54e-06	8.22e-03	9.92e-01	2.07e-04	0.00e+00	0.00e+00	0.00e+00	0.00e+00	0.00e+00	3.21e-06	8.87e-07	4.39e-07
 1.09557e+16	5.46e-06	8.92e-03	9.91e-01	1.02e-04	0.00e+00	0.00e+00	0.00e+00	0.00e+00	0.00e+00	3.86e-06	1.07e-06	5.29e-07
 1.43297e+16	7.03e-06	9.95e-03	9.90e-01	7.20e-05	0.00e+00	0.00e+00	0.00e+00	0.00e+00	0.00e+00	4.98e-06	1.37e-06	6.81e-07
 1.80238e+16	9.33e-06	1.12e-02	9.89e-01	5.91e-05	0.00e+00	0.00e+00	0.00e+00	0.00e+00	0.00e+00	6.60e-06	1.82e-06	9.04e-07
 2.13954e+16	1.23e-05	1.26e-02	9.87e-01	5.06e-05	0.00e+00	0.00e+00	0.00e+00	0.00e+00	0.00e+00	8.70e-06	2.40e-06	1.19e-06
 2.41289e+16	1.56e-05	1.39e-02	9.86e-01	4.49e-05	0.00e+00	0.00e+00	0.00e+00	0.00e+00	0.00e+00	1.11e-05	3.05e-06	1.52e-06
 2.65418e+16	1.97e-05	1.53e-02	9.85e-01	4.04e-05	0.00e+00	0.00e+00	0.00e+00	0.00e+00	0.00e+00	1.40e-05	3.85e-06	1.91e-06
 2.91960e+16	2.59e-05	1.71e-02	9.83e-01	3.57e-05	0.00e+00	0.00e+00	0.00e+00	0.00e+00	0.00e+00	1.83e-05	5.06e-06	2.51e-06
 3.21156e+16	3.57e-05	1.95e-02	9.80e-01	3.11e-05	0.00e+00	0.00e+00	0.00e+00	0.00e+00	0.00e+00	2.53e-05	6.96e-06	3.46e-06
 3.50271e+16	5.06e-05	2.26e-02	9.77e-01	2.69e-05	0.00e+00	0.00e+00	0.00e+00	0.00e+00	0.00e+00	3.58e-05	9.87e-06	4.91e-06
 3.69291e+16	6.45e-05	2.51e-02	9.75e-01	2.44e-05	0.00e+00	0.00e+00	0.00e+00	0.00e+00	0.00e+00	4.57e-05	1.26e-05	6.25e-06
 3.77515e+16	7.20e-05	2.63e-02	9.74e-01	2.33e-05	0.00e+00	0.00e+00	0.00e+00	0.00e+00	0.00e+00	5.10e-05	1.40e-05	6.97e-06
 3.84472e+16	7.95e-05	2.75e-02	9.72e-01	2.24e-05	0.00e+00	0.00e+00	0.00e+00	0.00e+00	0.00e+00	5.63e-05	1.55e-05	7.69e-06
 3.93515e+16	9.08e-05	2.91e-02	9.71e-01	2.11e-05	0.00e+00	0.00e+00	0.00e+00	0.00e+00	0.00e+00	6.43e-05	1.77e-05	8.79e-06
 4.05272e+16	1.08e-04	3.15e-02	9.68e-01	1.96e-05	0.00e+00	0.00e+00	0.00e+00	0.00e+00	0.00e+00	7.67e-05	2.11e-05	1.05e-05
 4.17481e+16	1.31e-04	3.44e-02	9.65e-01	1.81e-05	0.00e+00	0.00e+00	0.00e+00	0.00e+00	0.00e+00	9.27e-05	2.55e-05	1.27e-05
 4.27399e+16	1.54e-04	3.70e-02	9.63e-01	1.68e-05	0.00e+00	0.00e+00	0.00e+00	0.00e+00	0.00e+00	1.09e-04	3.00e-05	1.49e-05
 4.35840e+16	1.78e-04	3.96e-02	9.60e-01	1.59e-05	0.00e+00	0.00e+00	0.00e+00	0.00e+00	0.00e+00	1.26e-04	3.46e-05	1.72e-05
 4.45239e+16	2.10e-04	4.28e-02	9.57e-01	1.47e-05	0.00e+00	0.00e+00	0.00e+00	0.00e+00	0.00e+00	1.49e-04	4.09e-05	2.03e-05
 4.55412e+16	2.53e-04	4.67e-02	9.53e-01	1.35e-05	0.00e+00	0.00e+00	0.00e+00	0.00e+00	0.00e+00	1.79e-04	4.92e-05	2.44e-05
 4.64304e+16	2.99e-04	5.06e-02	9.49e-01	1.25e-05	0.00e+00	0.00e+00	0.00e+00	0.00e+00	0.00e+00	2.12e-04	5.82e-05	2.89e-05
 4.72055e+16	3.49e-04	5.46e-02	9.45e-01	1.16e-05	0.00e+00	0.00e+00	0.00e+00	0.00e+00	0.00e+00	2.47e-04	6.80e-05	3.37e-05
 4.80607e+16	4.17e-04	5.95e-02	9.40e-01	1.07e-05	0.00e+00	0.00e+00	0.00e+00	0.00e+00	0.00e+00	2.95e-04	8.11e-05	4.02e-05
 4.89783e+16	5.07e-04	6.55e-02	9.34e-01	9.72e-06	0.00e+00	0.00e+00	0.00e+00	0.00e+00	0.00e+00	3.59e-04	9.87e-05	4.88e-05
 4.97662e+16	6.05e-04	7.15e-02	9.28e-01	8.90e-06	0.00e+00	0.00e+00	0.00e+00	0.00e+00	0.00e+00	4.29e-04	1.18e-04	5.83e-05
 5.04494e+16	7.11e-04	7.75e-02	9.22e-01	8.19e-06	0.00e+00	0.00e+00	0.00e+00	0.00e+00	0.00e+00	5.04e-04	1.38e-04	6.84e-05
 5.12072e+16	8.55e-04	8.50e-02	9.14e-01	7.46e-06	0.00e+00	0.00e+00	0.00e+00	0.00e+00	0.00e+00	6.06e-04	1.66e-04	8.23e-05
 5.20269e+16	1.05e-03	9.44e-02	9.05e-01	6.68e-06	0.00e+00	0.00e+00	0.00e+00	0.00e+00	0.00e+00	7.46e-04	2.04e-04	1.01e-04
 5.27406e+16	1.27e-03	1.04e-01	8.95e-01	6.03e-06	0.00e+00	0.00e+00	0.00e+00	0.00e+00	0.00e+00	9.02e-04	2.47e-04	1.22e-04
 5.33614e+16	1.51e-03	1.14e-01	8.85e-01	5.46e-06	0.00e+00	0.00e+00	0.00e+00	0.00e+00	0.00e+00	1.07e-03	2.94e-04	1.45e-04
 5.40480e+16	1.85e-03	1.26e-01	8.72e-01	4.88e-06	0.00e+00	0.00e+00	0.00e+00	0.00e+00	0.00e+00	1.31e-03	3.59e-04	1.77e-04
 5.47794e+16	2.30e-03	1.41e-01	8.57e-01	4.27e-06	0.00e+00	0.00e+00	0.00e+00	0.00e+00	0.00e+00	1.63e-03	4.47e-04	2.21e-04
 5.54004e+16	2.81e-03	1.56e-01	8.41e-01	3.78e-06	0.00e+00	0.00e+00	0.00e+00	0.00e+00	0.00e+00	1.99e-03	5.45e-04	2.70e-04
 5.59310e+16	3.35e-03	1.71e-01	8.26e-01	3.37e-06	0.00e+00	0.00e+00	0.00e+00	0.00e+00	0.00e+00	2.38e-03	6.50e-04	3.22e-04
 5.65130e+16	4.12e-03	1.89e-01	8.06e-01	2.95e-06	0.00e+00	0.00e+00	0.00e+00	0.00e+00	0.00e+00	2.92e-03	7.97e-04	3.95e-04
 5.71321e+16	5.16e-03	2.12e-01	7.83e-01	2.53e-06	0.00e+00	0.00e+00	0.00e+00	0.00e+00	0.00e+00	3.66e-03	9.99e-04	4.94e-04
 5.76513e+16	6.29e-03	2.34e-01	7.59e-01	2.19e-06	0.00e+00	0.00e+00	0.00e+00	0.00e+00	0.00e+00	4.46e-03	1.22e-03	6.02e-04
 5.80897e+16	7.48e-03	2.56e-01	7.37e-01	1.92e-06	0.00e+00	0.00e+00	0.00e+00	0.00e+00	0.00e+00	5.31e-03	1.45e-03	7.16e-04
 5.85712e+16	9.12e-03	2.82e-01	7.09e-01	1.64e-06	0.00e+00	0.00e+00	0.00e+00	0.00e+00	0.00e+00	6.48e-03	1.76e-03	8.73e-04
 5.90906e+16	1.14e-02	3.14e-01	6.74e-01	1.36e-06	0.00e+00	0.00e+00	0.00e+00	0.00e+00	0.00e+00	8.12e-03	2.20e-03	1.09e-03
 5.95343e+16	1.39e-02	3.45e-01	6.41e-01	1.13e-06	0.00e+00	0.00e+00	0.00e+00	0.00e+00	0.00e+00	9.92e-03	2.69e-03	1.33e-03
 5.99083e+16	1.66e-02	3.75e-01	6.09e-01	9.58e-07	0.00e+00	0.00e+00	0.00e+00	0.00e+00	0.00e+00	1.18e-02	3.20e-03	1.59e-03
 6.03169e+16	2.03e-02	4.10e-01	5.70e-01	7.82e-07	0.00e+00	0.00e+00	0.00e+00	0.00e+00	0.00e+00	1.44e-02	3.90e-03	1.94e-03
 6.07569e+16	2.53e-02	4.51e-01	5.24e-01	6.13e-07	0.00e+00	0.00e+00	0.00e+00	0.00e+00	0.00e+00	1.80e-02	4.85e-03	2.41e-03
 6.11367e+16	3.08e-02	4.89e-01	4.80e-01	4.85e-07	0.00e+00	0.00e+00	0.00e+00	0.00e+00	0.00e+00	2.20e-02	5.90e-03	2.94e-03
 6.14627e+16	3.67e-02	5.23e-01	4.40e-01	3.84e-07	0.00e+00	0.00e+00	0.00e+00	0.00e+00	0.00e+00	2.62e-02	7.01e-03	3.50e-03
 6.18202e+16	4.48e-02	5.62e-01	3.93e-01	2.92e-07	0.00e+00	0.00e+00	0.00e+00	0.00e+00	0.00e+00	3.19e-02	8.53e-03	4.26e-03
 6.22058e+16	5.57e-02	6.04e-01	3.40e-01	2.07e-07	0.00e+00	0.00e+00	0.00e+00	0.00e+00	0.00e+00	3.98e-02	1.06e-02	5.30e-03
 6.25401e+16	6.78e-02	6.40e-01	2.93e-01	1.48e-07	0.00e+00	0.00e+00	0.00e+00	0.00e+00	0.00e+00	4.85e-02	1.28e-02	6.44e-03
 6.27906e+16	7.83e-02	6.64e-01	2.58e-01	0.00e+00	0.00e+00	0.00e+00	0.00e+00	0.00e+00	0.00e+00	5.61e-02	1.48e-02	7.44e-03
 6.29779e+16	8.76e-02	6.81e-01	2.32e-01	0.00e+00	0.00e+00	0.00e+00	0.00e+00	0.00e+00	0.00e+00	6.28e-02	1.65e-02	8.32e-03
 6.31792e+16	9.92e-02	6.97e-01	2.04e-01	0.00e+00	0.00e+00	0.00e+00	0.00e+00	0.00e+00	0.00e+00	7.11e-02	1.86e-02	9.40e-03
 6.34006e+16	1.13e-01	7.12e-01	1.75e-01	0.00e+00	0.00e+00	0.00e+00	0.00e+00	0.00e+00	0.00e+00	8.14e-02	2.11e-02	1.07e-02
 6.35985e+16	1.28e-01	7.21e-01	1.50e-01	0.00e+00	0.00e+00	0.00e+00	0.00e+00	0.00e+00	0.00e+00	9.23e-02	2.38e-02	1.21e-02
 6.37667e+16	1.42e-01	7.27e-01	1.31e-01	0.00e+00	0.00e+00	0.00e+00	0.00e+00	0.00e+00	0.00e+00	1.02e-01	2.63e-02	1.34e-02
 6.39457e+16	1.59e-01	7.30e-01	1.11e-01	0.00e+00	0.00e+00	0.00e+00	0.00e+00	0.00e+00	0.00e+00	1.15e-01	2.92e-02	1.50e-02
 6.41351e+16	1.79e-01	7.29e-01	9.18e-02	0.00e+00	0.00e+00	0.00e+00	0.00e+00	0.00e+00	0.00e+00	1.30e-01	3.27e-02	1.69e-02
 6.42934e+16	1.97e-01	7.25e-01	7.76e-02	0.00e+00	0.00e+00	0.00e+00	0.00e+00	0.00e+00	0.00e+00	1.43e-01	3.58e-02	1.85e-02
 6.44300e+16	2.16e-01	7.18e-01	6.61e-02	0.00e+00	0.00e+00	0.00e+00	0.00e+00	0.00e+00	0.00e+00	1.57e-01	3.89e-02	2.02e-02
 6.45829e+16	2.37e-01	7.08e-01	5.46e-02	0.00e+00	0.00e+00	0.00e+00	0.00e+00	0.00e+00	0.00e+00	1.73e-01	4.24e-02	2.22e-02
 6.47461e+16	2.63e-01	6.93e-01	4.40e-02	0.00e+00	0.00e+00	0.00e+00	0.00e+00	0.00e+00	0.00e+00	1.92e-01	4.65e-02	2.45e-02
 6.48843e+16	2.86e-01	6.77e-01	3.62e-02	0.00e+00	0.00e+00	0.00e+00	0.00e+00	0.00e+00	0.00e+00	2.10e-01	5.01e-02	2.65e-02
 6.50037e+16	3.07e-01	6.62e-01	3.03e-02	0.00e+00	0.00e+00	0.00e+00	0.00e+00	0.00e+00	0.00e+00	2.26e-01	5.33e-02	2.84e-02
 6.51370e+16	3.34e-01	6.42e-01	2.44e-02	0.00e+00	0.00e+00	0.00e+00	0.00e+00	0.00e+00	0.00e+00	2.46e-01	5.72e-02	3.06e-02
 6.52815e+16	3.64e-01	6.17e-01	1.91e-02	0.00e+00	0.00e+00	0.00e+00	0.00e+00	0.00e+00	0.00e+00	2.69e-01	6.14e-02	3.32e-02
 6.54083e+16	3.93e-01	5.92e-01	1.52e-02	0.00e+00	0.00e+00	0.00e+00	0.00e+00	0.00e+00	0.00e+00	2.92e-01	6.53e-02	3.56e-02
 6.55197e+16	4.18e-01	5.70e-01	1.24e-02	0.00e+00	0.00e+00	0.00e+00	0.00e+00	0.00e+00	0.00e+00	3.11e-01	6.85e-02	3.76e-02
 6.56330e+16	4.45e-01	5.45e-01	9.85e-03	0.00e+00	0.00e+00	0.00e+00	0.00e+00	0.00e+00	0.00e+00	3.34e-01	7.18e-02	3.98e-02
 6.57589e+16	4.77e-01	5.16e-01	7.58e-03	0.00e+00	0.00e+00	0.00e+00	0.00e+00	0.00e+00	0.00e+00	3.59e-01	7.53e-02	4.23e-02
 6.58786e+16	5.07e-01	4.87e-01	5.85e-03	0.00e+00	0.00e+00	0.00e+00	0.00e+00	0.00e+00	0.00e+00	3.84e-01	7.85e-02	4.45e-02
 6.59760e+16	5.32e-01	4.63e-01	4.71e-03	0.00e+00	0.00e+00	0.00e+00	0.00e+00	0.00e+00	0.00e+00	4.05e-01	8.09e-02	4.63e-02
 6.60619e+16	5.54e-01	4.42e-01	3.85e-03	0.00e+00	0.00e+00	0.00e+00	0.00e+00	0.00e+00	0.00e+00	4.24e-01	8.28e-02	4.78e-02
 6.61479e+16	5.77e-01	4.20e-01	3.13e-03	0.00e+00	0.00e+00	0.00e+00	0.00e+00	0.00e+00	0.00e+00	4.43e-01	8.45e-02	4.93e-02
 6.62320e+16	5.99e-01	3.98e-01	2.54e-03	0.00e+00	0.00e+00	0.00e+00	0.00e+00	0.00e+00	0.00e+00	4.62e-01	8.61e-02	5.06e-02
 6.62952e+16	6.15e-01	3.83e-01	2.19e-03	0.00e+00	0.00e+00	0.00e+00	0.00e+00	0.00e+00	0.00e+00	4.76e-01	8.70e-02	5.15e-02
 6.63369e+16	6.24e-01	3.74e-01	1.98e-03	0.00e+00	0.00e+00	0.00e+00	0.00e+00	0.00e+00	0.00e+00	4.84e-01	8.75e-02	5.21e-02
 6.63795e+16	6.35e-01	3.64e-01	1.77e-03	0.00e+00	0.00e+00	0.00e+00	0.00e+00	0.00e+00	0.00e+00	4.94e-01	8.79e-02	5.26e-02
 6.64306e+16	6.48e-01	3.50e-01	1.54e-03	0.00e+00	0.00e+00	0.00e+00	0.00e+00	0.00e+00	0.00e+00	5.06e-01	8.84e-02	5.33e-02
 6.64823e+16	6.61e-01	3.38e-01	1.34e-03	0.00e+00	0.00e+00	0.00e+00	0.00e+00	0.00e+00	0.00e+00	5.18e-01	8.89e-02	5.39e-02
 6.65293e+16	6.73e-01	3.26e-01	1.18e-03	0.00e+00	0.00e+00	0.00e+00	0.00e+00	0.00e+00	0.00e+00	5.29e-01	8.92e-02	5.44e-02
 6.65736e+16	6.83e-01	3.15e-01	1.04e-03	0.00e+00	0.00e+00	0.00e+00	0.00e+00	0.00e+00	0.00e+00	5.39e-01	8.94e-02	5.49e-02
 6.66184e+16	6.95e-01	3.04e-01	9.20e-04	0.00e+00	0.00e+00	0.00e+00	0.00e+00	0.00e+00	0.00e+00	5.50e-01	8.95e-02	5.53e-02
 6.66645e+16	7.06e-01	2.94e-01	8.06e-04	0.00e+00	0.00e+00	0.00e+00	0.00e+00	0.00e+00	0.00e+00	5.60e-01	8.96e-02	5.57e-02
 6.67104e+16	7.17e-01	2.83e-01	7.05e-04	0.00e+00	0.00e+00	0.00e+00	0.00e+00	0.00e+00	0.00e+00	5.71e-01	8.96e-02	5.60e-02
 6.67550e+16	7.27e-01	2.72e-01	6.18e-04	0.00e+00	0.00e+00	0.00e+00	0.00e+00	0.00e+00	0.00e+00	5.81e-01	8.95e-02	5.63e-02
 6.67981e+16	7.37e-01	2.62e-01	5.44e-04	0.00e+00	0.00e+00	0.00e+00	0.00e+00	0.00e+00	0.00e+00	5.91e-01	8.94e-02	5.65e-02
 6.68414e+16	7.47e-01	2.52e-01	4.77e-04	0.00e+00	0.00e+00	0.00e+00	0.00e+00	0.00e+00	0.00e+00	6.01e-01	8.92e-02	5.68e-02
 6.68850e+16	7.57e-01	2.43e-01	4.17e-04	0.00e+00	0.00e+00	0.00e+00	0.00e+00	0.00e+00	0.00e+00	6.11e-01	8.89e-02	5.69e-02
 6.69282e+16	7.67e-01	2.33e-01	3.64e-04	0.00e+00	0.00e+00	0.00e+00	0.00e+00	0.00e+00	0.00e+00	6.21e-01	8.85e-02	5.70e-02
 6.69706e+16	7.75e-01	2.24e-01	3.19e-04	0.00e+00	0.00e+00	0.00e+00	0.00e+00	0.00e+00	0.00e+00	6.30e-01	8.82e-02	5.71e-02
 6.70129e+16	7.84e-01	2.15e-01	2.79e-04	0.00e+00	0.00e+00	0.00e+00	0.00e+00	0.00e+00	0.00e+00	6.40e-01	8.77e-02	5.72e-02
 6.70554e+16	7.93e-01	2.06e-01	2.43e-04	0.00e+00	0.00e+00	0.00e+00	0.00e+00	0.00e+00	0.00e+00	6.49e-01	8.72e-02	5.72e-02
 6.70969e+16	8.02e-01	1.98e-01	2.12e-04	0.00e+00	0.00e+00	0.00e+00	0.00e+00	0.00e+00	0.00e+00	6.58e-01	8.67e-02	5.71e-02
 6.71377e+16	8.10e-01	1.90e-01	1.86e-04	0.00e+00	0.00e+00	0.00e+00	0.00e+00	0.00e+00	0.00e+00	6.66e-01	8.61e-02	5.71e-02
 6.71790e+16	8.18e-01	1.82e-01	1.62e-04	0.00e+00	0.00e+00	0.00e+00	0.00e+00	0.00e+00	0.00e+00	6.75e-01	8.55e-02	5.69e-02
 6.72205e+16	8.25e-01	1.74e-01	1.40e-04	0.00e+00	0.00e+00	0.00e+00	0.00e+00	0.00e+00	0.00e+00	6.84e-01	8.48e-02	5.68e-02
 6.72607e+16	8.33e-01	1.67e-01	1.22e-04	0.00e+00	0.00e+00	0.00e+00	0.00e+00	0.00e+00	0.00e+00	6.92e-01	8.42e-02	5.66e-02
 6.73005e+16	8.40e-01	1.60e-01	1.07e-04	0.00e+00	0.00e+00	0.00e+00	0.00e+00	0.00e+00	0.00e+00	7.00e-01	8.34e-02	5.64e-02
 6.73405e+16	8.46e-01	1.53e-01	9.28e-05	0.00e+00	0.00e+00	0.00e+00	0.00e+00	0.00e+00	0.00e+00	7.07e-01	8.27e-02	5.62e-02
 6.73803e+16	8.53e-01	1.47e-01	8.07e-05	0.00e+00	0.00e+00	0.00e+00	0.00e+00	0.00e+00	0.00e+00	7.15e-01	8.20e-02	5.60e-02
 6.74197e+16	8.60e-01	1.40e-01	7.01e-05	0.00e+00	0.00e+00	0.00e+00	0.00e+00	0.00e+00	0.00e+00	7.23e-01	8.12e-02	5.57e-02
 6.74585e+16	8.66e-01	1.34e-01	6.10e-05	0.00e+00	0.00e+00	0.00e+00	0.00e+00	0.00e+00	0.00e+00	7.30e-01	8.04e-02	5.54e-02
 6.74969e+16	8.71e-01	1.29e-01	5.31e-05	0.00e+00	0.00e+00	0.00e+00	0.00e+00	0.00e+00	0.00e+00	7.37e-01	7.96e-02	5.51e-02
 6.75349e+16	8.77e-01	1.23e-01	4.62e-05	0.00e+00	0.00e+00	0.00e+00	0.00e+00	0.00e+00	0.00e+00	7.43e-01	7.88e-02	5.48e-02
 6.75722e+16	8.82e-01	1.18e-01	4.02e-05	0.00e+00	0.00e+00	0.00e+00	0.00e+00	0.00e+00	0.00e+00	7.50e-01	7.80e-02	5.44e-02
 6.76092e+16	8.87e-01	1.13e-01	3.51e-05	0.00e+00	0.00e+00	0.00e+00	0.00e+00	0.00e+00	0.00e+00	7.56e-01	7.73e-02	5.41e-02
 6.76457e+16	8.92e-01	1.08e-01	3.06e-05	0.00e+00	0.00e+00	0.00e+00	0.00e+00	0.00e+00	0.00e+00	7.62e-01	7.65e-02	5.38e-02
 6.76813e+16	8.97e-01	1.03e-01	2.68e-05	0.00e+00	0.00e+00	0.00e+00	0.00e+00	0.00e+00	0.00e+00	7.68e-01	7.57e-02	5.34e-02
 6.77161e+16	9.01e-01	9.88e-02	2.35e-05	0.00e+00	0.00e+00	0.00e+00	0.00e+00	0.00e+00	0.00e+00	7.73e-01	7.50e-02	5.30e-02
 6.77509e+16	9.05e-01	9.47e-02	2.06e-05	0.00e+00	0.00e+00	0.00e+00	0.00e+00	0.00e+00	0.00e+00	7.78e-01	7.42e-02	5.27e-02
 6.77856e+16	9.09e-01	9.07e-02	1.80e-05	0.00e+00	0.00e+00	0.00e+00	0.00e+00	0.00e+00	0.00e+00	7.83e-01	7.35e-02	5.23e-02
 6.78194e+16	9.13e-01	8.69e-02	1.58e-05	0.00e+00	0.00e+00	0.00e+00	0.00e+00	0.00e+00	0.00e+00	7.88e-01	7.28e-02	5.19e-02
 6.78523e+16	9.17e-01	8.33e-02	1.39e-05	0.00e+00	0.00e+00	0.00e+00	0.00e+00	0.00e+00	0.00e+00	7.93e-01	7.21e-02	5.16e-02
 6.78851e+16	9.20e-01	7.99e-02	1.22e-05	0.00e+00	0.00e+00	0.00e+00	0.00e+00	0.00e+00	0.00e+00	7.97e-01	7.14e-02	5.12e-02
 6.79180e+16	9.23e-01	7.66e-02	1.07e-05	0.00e+00	0.00e+00	0.00e+00	0.00e+00	0.00e+00	0.00e+00	8.02e-01	7.07e-02	5.09e-02
 6.79503e+16	9.27e-01	7.34e-02	9.45e-06	0.00e+00	0.00e+00	0.00e+00	0.00e+00	0.00e+00	0.00e+00	8.06e-01	7.01e-02	5.05e-02
 6.79817e+16	9.30e-01	7.05e-02	8.34e-06	0.00e+00	0.00e+00	0.00e+00	0.00e+00	0.00e+00	0.00e+00	8.10e-01	6.94e-02	5.02e-02
 6.80129e+16	9.32e-01	6.78e-02	7.37e-06	0.00e+00	0.00e+00	0.00e+00	0.00e+00	0.00e+00	0.00e+00	8.14e-01	6.89e-02	4.98e-02
 6.80444e+16	9.35e-01	6.49e-02	6.49e-06	0.00e+00	0.00e+00	0.00e+00	0.00e+00	0.00e+00	0.00e+00	8.17e-01	6.82e-02	4.95e-02
 6.80754e+16	9.38e-01	6.23e-02	5.73e-06	0.00e+00	0.00e+00	0.00e+00	0.00e+00	0.00e+00	0.00e+00	8.21e-01	6.76e-02	4.91e-02
 6.81055e+16	9.40e-01	5.98e-02	5.07e-06	0.00e+00	0.00e+00	0.00e+00	0.00e+00	0.00e+00	0.00e+00	8.24e-01	6.70e-02	4.88e-02
 6.81354e+16	9.43e-01	5.74e-02	4.49e-06	0.00e+00	0.00e+00	0.00e+00	0.00e+00	0.00e+00	0.00e+00	8.28e-01	6.65e-02	4.85e-02
 6.81652e+16	9.45e-01	5.51e-02	3.98e-06	0.00e+00	0.00e+00	0.00e+00	0.00e+00	0.00e+00	0.00e+00	8.31e-01	6.59e-02	4.81e-02
 6.81945e+16	9.47e-01	5.30e-02	3.53e-06	0.00e+00	0.00e+00	0.00e+00	0.00e+00	0.00e+00	0.00e+00	8.34e-01	6.54e-02	4.78e-02
 6.82238e+16	9.49e-01	5.08e-02	3.13e-06	0.00e+00	0.00e+00	0.00e+00	0.00e+00	0.00e+00	0.00e+00	8.37e-01	6.49e-02	4.74e-02
 6.82527e+16	9.51e-01	4.88e-02	2.78e-06	0.00e+00	0.00e+00	0.00e+00	0.00e+00	0.00e+00	0.00e+00	8.40e-01	6.43e-02	4.71e-02
 6.82812e+16	9.53e-01	4.68e-02	2.47e-06	0.00e+00	0.00e+00	0.00e+00	0.00e+00	0.00e+00	0.00e+00	8.43e-01	6.38e-02	4.67e-02
 6.83099e+16	9.55e-01	4.50e-02	2.19e-06	0.00e+00	0.00e+00	0.00e+00	0.00e+00	0.00e+00	0.00e+00	8.45e-01	6.33e-02	4.64e-02
 6.83386e+16	9.57e-01	4.31e-02	1.94e-06	0.00e+00	0.00e+00	0.00e+00	0.00e+00	0.00e+00	0.00e+00	8.48e-01	6.28e-02	4.60e-02
 6.83664e+16	9.59e-01	4.15e-02	1.73e-06	0.00e+00	0.00e+00	0.00e+00	0.00e+00	0.00e+00	0.00e+00	8.50e-01	6.24e-02	4.57e-02
 6.83938e+16	9.60e-01	3.99e-02	1.54e-06	0.00e+00	0.00e+00	0.00e+00	0.00e+00	0.00e+00	0.00e+00	8.53e-01	6.19e-02	4.54e-02
 6.84212e+16	9.62e-01	3.83e-02	1.38e-06	0.00e+00	0.00e+00	0.00e+00	0.00e+00	0.00e+00	0.00e+00	8.55e-01	6.15e-02	4.51e-02
 6.84488e+16	9.63e-01	3.68e-02	1.23e-06	0.00e+00	0.00e+00	0.00e+00	0.00e+00	0.00e+00	0.00e+00	8.57e-01	6.11e-02	4.48e-02
 6.84757e+16	9.65e-01	3.54e-02	1.10e-06	0.00e+00	0.00e+00	0.00e+00	0.00e+00	0.00e+00	0.00e+00	8.59e-01	6.07e-02	4.45e-02
 6.85017e+16	9.66e-01	3.40e-02	9.82e-07	0.00e+00	0.00e+00	0.00e+00	0.00e+00	0.00e+00	0.00e+00	8.61e-01	6.03e-02	4.42e-02
 6.85277e+16	9.67e-01	3.27e-02	8.79e-07	0.00e+00	0.00e+00	0.00e+00	0.00e+00	0.00e+00	0.00e+00	8.63e-01	5.99e-02	4.40e-02
 6.85542e+16	9.69e-01	3.14e-02	7.86e-07	0.00e+00	0.00e+00	0.00e+00	0.00e+00	0.00e+00	0.00e+00	8.65e-01	5.95e-02	4.37e-02
 6.85807e+16	9.70e-01	3.01e-02	7.02e-07	0.00e+00	0.00e+00	0.00e+00	0.00e+00	0.00e+00	0.00e+00	8.67e-01	5.92e-02	4.34e-02
 6.86065e+16	9.71e-01	2.89e-02	6.29e-07	0.00e+00	0.00e+00	0.00e+00	0.00e+00	0.00e+00	0.00e+00	8.69e-01	5.88e-02	4.31e-02
 6.86317e+16	9.72e-01	2.78e-02	5.64e-07	0.00e+00	0.00e+00	0.00e+00	0.00e+00	0.00e+00	0.00e+00	8.71e-01	5.85e-02	4.29e-02
 6.86568e+16	9.73e-01	2.67e-02	5.07e-07	0.00e+00	0.00e+00	0.00e+00	0.00e+00	0.00e+00	0.00e+00	8.73e-01	5.81e-02	4.26e-02
 6.86818e+16	9.74e-01	2.56e-02	4.55e-07	0.00e+00	0.00e+00	0.00e+00	0.00e+00	0.00e+00	0.00e+00	8.74e-01	5.78e-02	4.24e-02
 6.87065e+16	9.75e-01	2.46e-02	4.09e-07	0.00e+00	0.00e+00	0.00e+00	0.00e+00	0.00e+00	0.00e+00	8.76e-01	5.75e-02	4.21e-02
 6.87307e+16	9.76e-01	2.36e-02	3.69e-07	0.00e+00	0.00e+00	0.00e+00	0.00e+00	0.00e+00	0.00e+00	8.77e-01	5.71e-02	4.19e-02
 6.87547e+16	9.77e-01	2.27e-02	3.33e-07	0.00e+00	0.00e+00	0.00e+00	0.00e+00	0.00e+00	0.00e+00	8.79e-01	5.68e-02	4.17e-02
 6.87786e+16	9.78e-01	2.17e-02	3.00e-07	0.00e+00	0.00e+00	0.00e+00	0.00e+00	0.00e+00	0.00e+00	8.80e-01	5.65e-02	4.14e-02
 6.88012e+16	9.79e-01	2.09e-02	2.72e-07	0.00e+00	0.00e+00	0.00e+00	0.00e+00	0.00e+00	0.00e+00	8.82e-01	5.63e-02	4.12e-02
 6.88221e+16	9.80e-01	2.01e-02	2.49e-07	0.00e+00	0.00e+00	0.00e+00	0.00e+00	0.00e+00	0.00e+00	8.83e-01	5.60e-02	4.10e-02
 6.88412e+16	9.81e-01	1.95e-02	2.30e-07	0.00e+00	0.00e+00	0.00e+00	0.00e+00	0.00e+00	0.00e+00	8.84e-01	5.58e-02	4.08e-02
 6.88586e+16	9.81e-01	1.89e-02	2.14e-07	0.00e+00	0.00e+00	0.00e+00	0.00e+00	0.00e+00	0.00e+00	8.85e-01	5.56e-02	4.07e-02
 6.88747e+16	9.82e-01	1.84e-02	2.00e-07	0.00e+00	0.00e+00	0.00e+00	0.00e+00	0.00e+00	0.00e+00	8.86e-01	5.54e-02	4.05e-02
 6.88900e+16	9.82e-01	1.79e-02	1.87e-07	0.00e+00	0.00e+00	0.00e+00	0.00e+00	0.00e+00	0.00e+00	8.87e-01	5.52e-02	4.04e-02
 6.89044e+16	9.83e-01	1.74e-02	1.76e-07	0.00e+00	0.00e+00	0.00e+00	0.00e+00	0.00e+00	0.00e+00	8.87e-01	5.50e-02	4.02e-02
 6.89176e+16	9.83e-01	1.70e-02	1.67e-07	0.00e+00	0.00e+00	0.00e+00	0.00e+00	0.00e+00	0.00e+00	8.88e-01	5.48e-02	4.01e-02
 6.89299e+16	9.83e-01	1.66e-02	1.58e-07	0.00e+00	0.00e+00	0.00e+00	0.00e+00	0.00e+00	0.00e+00	8.89e-01	5.47e-02	4.00e-02
 6.89416e+16	9.84e-01	1.62e-02	1.50e-07	0.00e+00	0.00e+00	0.00e+00	0.00e+00	0.00e+00	0.00e+00	8.89e-01	5.45e-02	3.98e-02
 6.89530e+16	9.84e-01	1.58e-02	1.43e-07	0.00e+00	0.00e+00	0.00e+00	0.00e+00	0.00e+00	0.00e+00	8.90e-01	5.44e-02	3.97e-02
 6.89638e+16	9.85e-01	1.55e-02	1.37e-07	0.00e+00	0.00e+00	0.00e+00	0.00e+00	0.00e+00	0.00e+00	8.91e-01	5.42e-02	3.96e-02
 6.89740e+16	9.85e-01	1.52e-02	1.31e-07	0.00e+00	0.00e+00	0.00e+00	0.00e+00	0.00e+00	0.00e+00	8.91e-01	5.41e-02	3.95e-02
 6.89837e+16	9.85e-01	1.49e-02	1.26e-07	0.00e+00	0.00e+00	0.00e+00	0.00e+00	0.00e+00	0.00e+00	8.92e-01	5.39e-02	3.94e-02
 6.89930e+16	9.85e-01	1.45e-02	1.21e-07	0.00e+00	0.00e+00	0.00e+00	0.00e+00	0.00e+00	0.00e+00	8.92e-01	5.38e-02	3.92e-02
 6.90020e+16	9.86e-01	1.43e-02	1.16e-07	0.00e+00	0.00e+00	0.00e+00	0.00e+00	0.00e+00	0.00e+00	8.93e-01	5.36e-02	3.91e-02
 6.90107e+16	9.86e-01	1.40e-02	1.12e-07	0.00e+00	0.00e+00	0.00e+00	0.00e+00	0.00e+00	0.00e+00	8.94e-01	5.35e-02	3.90e-02
 6.90190e+16	9.86e-01	1.37e-02	1.08e-07	0.00e+00	0.00e+00	0.00e+00	0.00e+00	0.00e+00	0.00e+00	8.94e-01	5.34e-02	3.89e-02
 6.90274e+16	9.87e-01	1.34e-02	1.04e-07	0.00e+00	0.00e+00	0.00e+00	0.00e+00	0.00e+00	0.00e+00	8.95e-01	5.32e-02	3.88e-02
 6.90356e+16	9.87e-01	1.31e-02	1.00e-07	0.00e+00	0.00e+00	0.00e+00	0.00e+00	0.00e+00	0.00e+00	8.95e-01	5.31e-02	3.87e-02
 6.90438e+16	9.87e-01	1.29e-02	9.66e-08	0.00e+00	0.00e+00	0.00e+00	0.00e+00	0.00e+00	0.00e+00	8.96e-01	5.29e-02	3.85e-02
 6.90521e+16	9.87e-01	1.26e-02	9.30e-08	0.00e+00	0.00e+00	0.00e+00	0.00e+00	0.00e+00	0.00e+00	8.96e-01	5.28e-02	3.84e-02
 6.90606e+16	9.88e-01	1.23e-02	8.94e-08	0.00e+00	0.00e+00	0.00e+00	0.00e+00	0.00e+00	0.00e+00	8.97e-01	5.26e-02	3.83e-02
 6.90695e+16	9.88e-01	1.19e-02	8.58e-08	0.00e+00	0.00e+00	0.00e+00	0.00e+00	0.00e+00	0.00e+00	8.98e-01	5.24e-02	3.81e-02
 6.90786e+16	9.88e-01	1.16e-02	8.22e-08	0.00e+00	0.00e+00	0.00e+00	0.00e+00	0.00e+00	0.00e+00	8.98e-01	5.22e-02	3.79e-02
 6.90872e+16	9.89e-01	1.13e-02	7.89e-08	0.00e+00	0.00e+00	0.00e+00	0.00e+00	0.00e+00	0.00e+00	8.99e-01	5.20e-02	3.77e-02
 6.90949e+16	9.89e-01	1.10e-02	7.61e-08	0.00e+00	0.00e+00	0.00e+00	0.00e+00	0.00e+00	0.00e+00	9.00e-01	5.18e-02	3.76e-02
 6.91020e+16	9.89e-01	1.07e-02	7.35e-08	0.00e+00	0.00e+00	0.00e+00	0.00e+00	0.00e+00	0.00e+00	9.00e-01	5.16e-02	3.74e-02
 6.91088e+16	9.90e-01	1.05e-02	7.11e-08	0.00e+00	0.00e+00	0.00e+00	0.00e+00	0.00e+00	0.00e+00	9.01e-01	5.14e-02	3.73e-02
 6.91154e+16	9.90e-01	1.02e-02	6.88e-08	0.00e+00	0.00e+00	0.00e+00	0.00e+00	0.00e+00	0.00e+00	9.01e-01	5.12e-02	3.71e-02
 6.91217e+16	9.90e-01	9.98e-03	6.66e-08	0.00e+00	0.00e+00	0.00e+00	0.00e+00	0.00e+00	0.00e+00	9.02e-01	5.11e-02	3.69e-02
 6.91277e+16	9.90e-01	9.76e-03	6.46e-08	0.00e+00	0.00e+00	0.00e+00	0.00e+00	0.00e+00	0.00e+00	9.03e-01	5.09e-02	3.68e-02
 6.91331e+16	9.90e-01	9.56e-03	6.28e-08	0.00e+00	0.00e+00	0.00e+00	0.00e+00	0.00e+00	0.00e+00	9.03e-01	5.07e-02	3.66e-02
 6.91381e+16	9.91e-01	9.36e-03	6.11e-08	0.00e+00	0.00e+00	0.00e+00	0.00e+00	0.00e+00	0.00e+00	9.04e-01	5.06e-02	3.65e-02
 6.91426e+16	9.91e-01	9.20e-03	5.97e-08	0.00e+00	0.00e+00	0.00e+00	0.00e+00	0.00e+00	0.00e+00	9.04e-01	5.04e-02	3.64e-02
 6.91466e+16	9.91e-01	9.05e-03	5.84e-08	0.00e+00	0.00e+00	0.00e+00	0.00e+00	0.00e+00	0.00e+00	9.04e-01	5.03e-02	3.62e-02
 6.91504e+16	9.91e-01	8.94e-03	5.72e-08	0.00e+00	0.00e+00	0.00e+00	0.00e+00	0.00e+00	0.00e+00	9.05e-01	5.02e-02	3.61e-02
 6.91544e+16	9.91e-01	8.78e-03	5.59e-08	0.00e+00	0.00e+00	0.00e+00	0.00e+00	0.00e+00	0.00e+00	9.05e-01	5.00e-02	3.60e-02
 6.91588e+16	9.91e-01	8.63e-03	5.45e-08	0.00e+00	0.00e+00	0.00e+00	0.00e+00	0.00e+00	0.00e+00	9.06e-01	4.98e-02	3.59e-02
 6.91629e+16	9.92e-01	8.48e-03	5.33e-08	0.00e+00	0.00e+00	0.00e+00	0.00e+00	0.00e+00	0.00e+00	9.06e-01	4.96e-02	3.57e-02
 6.91665e+16	9.92e-01	8.37e-03	5.22e-08	0.00e+00	0.00e+00	0.00e+00	0.00e+00	0.00e+00	0.00e+00	9.06e-01	4.95e-02	3.56e-02
 6.91705e+16	9.92e-01	8.22e-03	5.09e-08	0.00e+00	0.00e+00	0.00e+00	0.00e+00	0.00e+00	0.00e+00	9.07e-01	4.93e-02	3.55e-02
 6.91748e+16	9.92e-01	8.08e-03	4.97e-08	0.00e+00	0.00e+00	0.00e+00	0.00e+00	0.00e+00	0.00e+00	9.07e-01	4.92e-02	3.54e-02
 6.91787e+16	9.92e-01	7.95e-03	4.85e-08	0.00e+00	0.00e+00	0.00e+00	0.00e+00	0.00e+00	0.00e+00	9.08e-01	4.90e-02	3.52e-02
 6.91823e+16	9.92e-01	7.84e-03	4.75e-08	0.00e+00	0.00e+00	0.00e+00	0.00e+00	0.00e+00	0.00e+00	9.08e-01	4.89e-02	3.51e-02
 6.91862e+16	9.92e-01	7.70e-03	4.63e-08	0.00e+00	0.00e+00	0.00e+00	0.00e+00	0.00e+00	0.00e+00	9.09e-01	4.87e-02	3.50e-02
 6.91904e+16	9.92e-01	7.57e-03	4.51e-08	0.00e+00	0.00e+00	0.00e+00	0.00e+00	0.00e+00	0.00e+00	9.09e-01	4.85e-02	3.48e-02
 6.91943e+16	9.93e-01	7.47e-03	4.41e-08	0.00e+00	0.00e+00	0.00e+00	0.00e+00	0.00e+00	0.00e+00	9.09e-01	4.84e-02	3.47e-02
 6.91985e+16	9.93e-01	7.36e-03	4.30e-08	0.00e+00	0.00e+00	0.00e+00	0.00e+00	0.00e+00	0.00e+00	9.10e-01	4.82e-02	3.46e-02
###########################
 7.56796e+11	2.58e-06	5.76e-03	8.84e-01	1.10e-01	2.22e-05	0.00e+00	0.00e+00	0.00e+00	0.00e+00	1.83e-06	5.05e-07	2.48e-07
 4.54077e+12	2.57e-06	5.75e-03	8.84e-01	1.10e-01	2.21e-05	0.00e+00	0.00e+00	0.00e+00	0.00e+00	1.82e-06	5.03e-07	2.48e-07
 1.96767e+13	2.57e-06	5.76e-03	8.86e-01	1.08e-01	2.17e-05	0.00e+00	0.00e+00	0.00e+00	0.00e+00	1.82e-06	5.04e-07	2.48e-07
 8.02204e+13	2.59e-06	5.79e-03	8.91e-01	1.03e-01	2.01e-05	0.00e+00	0.00e+00	0.00e+00	0.00e+00	1.83e-06	5.07e-07	2.49e-07
 1.91621e+14	2.60e-06	5.84e-03	8.98e-01	9.65e-02	1.80e-05	0.00e+00	0.00e+00	0.00e+00	0.00e+00	1.84e-06	5.09e-07	2.51e-07
 3.36441e+14	2.62e-06	5.89e-03	9.06e-01	8.79e-02	1.55e-05	0.00e+00	0.00e+00	0.00e+00	0.00e+00	1.85e-06	5.13e-07	2.53e-07
 5.24708e+14	2.65e-06	5.97e-03	9.17e-01	7.73e-02	1.27e-05	0.00e+00	0.00e+00	0.00e+00	0.00e+00	1.87e-06	5.19e-07	2.56e-07
 7.69454e+14	2.70e-06	6.08e-03	9.29e-01	6.47e-02	9.63e-06	0.00e+00	0.00e+00	0.00e+00	0.00e+00	1.91e-06	5.28e-07	2.60e-07
 1.08762e+15	2.76e-06	6.21e-03	9.43e-01	5.07e-02	6.64e-06	0.00e+00	0.00e+00	0.00e+00	0.00e+00	1.95e-06	5.41e-07	2.67e-07
 1.50125e+15	2.85e-06	6.38e-03	9.58e-01	3.61e-02	3.98e-06	0.00e+00	0.00e+00	0.00e+00	0.00e+00	2.02e-06	5.58e-07	2.76e-07
 2.03895e+15	2.97e-06	6.58e-03	9.71e-01	2.26e-02	1.98e-06	0.00e+00	0.00e+00	0.00e+00	0.00e+00	2.10e-06	5.80e-07	2.87e-07
 2.73798e+15	3.11e-06	6.80e-03	9.81e-01	1.20e-02	7.73e-07	0.00e+00	0.00e+00	0.00e+00	0.00e+00	2.20e-06	6.09e-07	3.01e-07
 3.64670e+15	3.31e-06	7.04e-03	9.88e-01	5.28e-03	2.26e-07	0.00e+00	0.00e+00	0.00e+00	0.00e+00	2.34e-06	6.46e-07	3.20e-07
 4.82805e+15	3.57e-06	7.34e-03	9.91e-01	1.92e-03	0.00e+00	0.00e+00	0.00e+00	0.00e+00	0.00e+00	2.52e-06	6.98e-07	3.45e-07
 6.36380e+15	3.95e-06	7.71e-03	9.92e-01	6.09e-04	0.00e+00	0.00e+00	0.00e+00	0.00e+00	0.00e+00	2.79e-06	7.71e-07	3.82e-07
 8.36027e+15	4.52e-06	8.20e-03	9.92e-01	2.07e-04	0.00e+00	0.00e+00	0.00e+00	0.00e+00	0.00e+00	3.19e-06	8.83e-07	4.38e-07
 1.09557e+16	5.44e-06	8.90e-03	9.91e-01	1.02e-04	0.00e+00	0.00e+00	0.00e+00	0.00e+00	0.00e+00	3.84e-06	1.06e-06	5.27e-07
 1.43297e+16	7.01e-06	9.94e-03	9.90e-01	7.19e-05	0.00e+00	0.00e+00	0.00e+00	0.00e+00	0.00e+00	4.96e-06	1.37e-06	6.79e-07
 1.80129e+16	9.30e-06	1.12e-02	9.89e-01	5.88e-05	0.00e+00	0.00e+00	0.00e+00	0.00e+00	0.00e+00	6.58e-06	1.81e-06	9.01e-07
 2.13611e+16	1.22e-05	1.26e-02	9.87e-01	5.05e-05	0.00e+00	0.00e+00	0.00e+00	0.00e+00	0.00e+00	8.66e-06	2.39e-06	1.19e-06
 2.40798e+16	1.55e-05	1.38e-02	9.86e-01	4.49e-05	0.00e+00	0.00e+00	0.00e+00	0.00e+00	0.00e+00	1.10e-05	3.03e-06	1.51e-06
 2.64878e+16	1.96e-05	1.52e-02	9.85e-01	4.04e-05	0.00e+00	0.00e+00	0.00e+00	0.00e+00	0.00e+00	1.39e-05	3.83e-06	1.90e-06
 2.91366e+16	2.57e-05	1.70e-02	9.83e-01	3.57e-05	0.00e+00	0.00e+00	0.00e+00	0.00e+00	0.00e+00	1.82e-05	5.01e-06	2.49e-06
 3.20503e+16	3.55e-05	1.95e-02	9.80e-01	3.11e-05	0.00e+00	0.00e+00	0.00e+00	0.00e+00	0.00e+00	2.51e-05	6.92e-06	3.44e-06
 3.49374e+16	5.01e-05	2.25e-02	9.77e-01	2.68e-05	0.00e+00	0.00e+00	0.00e+00	0.00e+00	0.00e+00	3.55e-05	9.77e-06	4.85e-06
 3.68172e+16	6.36e-05	2.49e-02	9.75e-01	2.45e-05	0.00e+00	0.00e+00	0.00e+00	0.00e+00	0.00e+00	4.50e-05	1.24e-05	6.16e-06
 3.76428e+16	7.10e-05	2.61e-02	9.74e-01	2.34e-05	0.00e+00	0.00e+00	0.00e+00	0.00e+00	0.00e+00	5.03e-05	1.38e-05	6.88e-06
 3.83483e+16	7.85e-05	2.73e-02	9.73e-01	2.24e-05	0.00e+00	0.00e+00	0.00e+00	0.00e+00	0.00e+00	5.56e-05	1.53e-05	7.60e-06
 3.92655e+16	8.98e-05	2.90e-02	9.71e-01	2.11e-05	0.00e+00	0.00e+00	0.00e+00	0.00e+00	0.00e+00	6.36e-05	1.75e-05	8.69e-06
 4.04577e+16	1.07e-04	3.14e-02	9.68e-01	1.96e-05	0.00e+00	0.00e+00	0.00e+00	0.00e+00	0.00e+00	7.60e-05	2.09e-05	1.04e-05
 4.16875e+16	1.30e-04	3.43e-02	9.66e-01	1.80e-05	0.00e+00	0.00e+00	0.00e+00	0.00e+00	0.00e+00	9.20e-05	2.53e-05	1.26e-05
 4.26744e+16	1.53e-04	3.69e-02	9.63e-01	1.69e-05	0.00e+00	0.00e+00	0.00e+00	0.00e+00	0.00e+00	1.08e-04	2.97e-05	1.47e-05
 4.35146e+16	1.76e-04	3.94e-02	9.60e-01	1.58e-05	0.00e+00	0.00e+00	0.00e+00	0.00e+00	0.00e+00	1.25e-04	3.43e-05	1.70e-05
 4.44556e+16	2.08e-04	4.26e-02	9.57e-01	1.47e-05	0.00e+00	0.00e+00	0.00e+00	0.00e+00	0.00e+00	1.47e-04	4.05e-05	2.01e-05
 4.54755e+16	2.50e-04	4.65e-02	9.53e-01	1.35e-05	0.00e+00	0.00e+00	0.00e+00	0.00e+00	0.00e+00	1.77e-04	4.88e-05	2.42e-05
 4.63633e+16	2.97e-04	5.04e-02	9.49e-01	1.25e-05	0.00e+00	0.00e+00	0.00e+00	0.00e+00	0.00e+00	2.10e-04	5.78e-05	2.86e-05
 4.71337e+16	3.45e-04	5.43e-02	9.45e-01	1.17e-05	0.00e+00	0.00e+00	0.00e+00	0.00e+00	0.00e+00	2.45e-04	6.72e-05	3.33e-05
 4.79860e+16	4.13e-04	5.92e-02	9.40e-01	1.07e-05	0.00e+00	0.00e+00	0.00e+00	0.00e+00	0.00e+00	2.93e-04	8.04e-05	3.98e-05
 4.88959e+16	5.01e-04	6.51e-02	9.34e-01	9.74e-06	0.00e+00	0.00e+00	0.00e+00	0.00e+00	0.00e+00	3.55e-04	9.75e-05	4.83e-05
 4.96784e+16	5.97e-04	7.10e-02	9.28e-01	8.93e-06	0.00e+00	0.00e+00	0.00e+00	0.00e+00	0.00e+00	4.23e-04	1.16e-04	5.75e-05
 5.03654e+16	7.01e-04	7.69e-02	9.22e-01	8.22e-06	0.00e+00	0.00e+00	0.00e+00	0.00e+00	0.00e+00	4.97e-04	1.37e-04	6.75e-05
 5.11308e+16	8.47e-04	8.46e-02	9.15e-01	7.47e-06	0.00e+00	0.00e+00	0.00e+00	0.00e+00	0.00e+00	6.01e-04	1.65e-04	8.15e-05
 5.19503e+16	1.04e-03	9.39e-02	9.05e-01	6.70e-06	0.00e+00	0.00e+00	0.00e+00	0.00e+00	0.00e+00	7.37e-04	2.02e-04	1.00e-04
 5.26583e+16	1.26e-03	1.03e-01	8.95e-01	6.05e-06	0.00e+00	0.00e+00	0.00e+00	0.00e+00	0.00e+00	8.90e-04	2.44e-04	1.21e-04
 5.32801e+16	1.49e-03	1.13e-01	8.86e-01	5.48e-06	0.00e+00	0.00e+00	0.00e+00	0.00e+00	0.00e+00	1.06e-03	2.91e-04	1.44e-04
 5.39716e+16	1.83e-03	1.25e-01	8.73e-01	4.89e-06	0.00e+00	0.00e+00	0.00e+00	0.00e+00	0.00e+00	1.30e-03	3.56e-04	1.76e-04
 5.47024e+16	2.28e-03	1.40e-01	8.58e-01	4.29e-06	0.00e+00	0.00e+00	0.00e+00	0.00e+00	0.00e+00	1.62e-03	4.43e-04	2.19e-04
 5.53199e+16	2.78e-03	1.55e-01	8.42e-01	3.79e-06	0.00e+00	0.00e+00	0.00e+00	0.00e+00	0.00e+00	1.97e-03	5.39e-04	2.66e-04
 5.58518e+16	3.32e-03	1.70e-01	8.27e-01	3.40e-06	0.00e+00	0.00e+00	0.00e+00	0.00e+00	0.00e+00	2.35e-03	6.44e-04	3.18e-04
 5.64367e+16	4.07e-03	1.88e-01	8.08e-01	2.97e-06	0.00e+00	0.00e+00	0.00e+00	0.00e+00	0.00e+00	2.89e-03	7.90e-04	3.90e-04
 5.70576e+16	5.09e-03	2.11e-01	7.84e-01	2.54e-06	0.00e+00	0.00e+00	0.00e+00	0.00e+00	0.00e+00	3.61e-03	9.87e-04	4.88e-04
 5.75805e+16	6.21e-03	2.33e-01	7.61e-01	2.20e-06	0.00e+00	0.00e+00	0.00e+00	0.00e+00	0.00e+00	4.41e-03	1.20e-03	5.95e-04
 5.80233e+16	7.41e-03	2.54e-01	7.38e-01	1.93e-06	0.00e+00	0.00e+00	0.00e+00	0.00e+00	0.00e+00	5.26e-03	1.44e-03	7.10e-04
 5.85068e+16	9.07e-03	2.81e-01	7.10e-01	1.64e-06	0.00e+00	0.00e+00	0.00e+00	0.00e+00	0.00e+00	6.44e-03	1.76e-03	8.68e-04
 5.90243e+16	1.13e-02	3.13e-01	6.76e-01	1.36e-06	0.00e+00	0.00e+00	0.00e+00	0.00e+00	0.00e+00	8.06e-03	2.19e-03	1.08e-03
 5.94640e+16	1.38e-02	3.44e-01	6.43e-01	1.14e-06	0.00e+00	0.00e+00	0.00e+00	0.00e+00	0.00e+00	9.82e-03	2.67e-03	1.32e-03
 5.98385e+16	1.64e-02	3.73e-01	6.11e-01	9.68e-07	0.00e+00	0.00e+00	0.00e+00	0.00e+00	0.00e+00	1.17e-02	3.17e-03	1.57e-03
 6.02502e+16	2.01e-02	4.08e-01	5.72e-01	7.88e-07	0.00e+00	0.00e+00	0.00e+00	0.00e+00	0.00e+00	1.43e-02	3.87e-03	1.92e-03
 6.06942e+16	2.51e-02	4.49e-01	5.26e-01	6.19e-07	0.00e+00	0.00e+00	0.00e+00	0.00e+00	0.00e+00	1.79e-02	4.83e-03	2.39e-03
 6.10740e+16	3.06e-02	4.87e-01	4.83e-01	4.86e-07	0.00e+00	0.00e+00	0.00e+00	0.00e+00	0.00e+00	2.18e-02	5.87e-03	2.91e-03
 6.13974e+16	3.64e-02	5.21e-01	4.42e-01	3.90e-07	0.00e+00	0.00e+00	0.00e+00	0.00e+00	0.00e+00	2.59e-02	6.97e-03	3.47e-03
 6.17533e+16	4.43e-02	5.60e-01	3.95e-01	2.95e-07	0.00e+00	0.00e+00	0.00e+00	0.00e+00	0.00e+00	3.16e-02	8.47e-03	4.22e-03
 6.21388e+16	5.51e-02	6.02e-01	3.43e-01	2.10e-07	0.00e+00	0.00e+00	0.00e+00	0.00e+00	0.00e+00	3.93e-02	1.05e-02	5.25e-03
 6.24746e+16	6.71e-02	6.38e-01	2.95e-01	1.50e-07	0.00e+00	0.00e+00	0.00e+00	0.00e+00	0.00e+00	4.80e-02	1.27e-02	6.38e-03
 6.27266e+16	7.78e-02	6.62e-01	2.60e-01	0.00e+00	0.00e+00	0.00e+00	0.00e+00	0.00e+00	0.00e+00	5.57e-02	1.47e-02	7.39e-03
 6.29138e+16	8.67e-02	6.79e-01	2.34e-01	0.00e+00	0.00e+00	0.00e+00	0.00e+00	0.00e+00	0.00e+00	6.21e-02	1.64e-02	8.23e-03
 6.31134e+16	9.80e-02	6.95e-01	2.07e-01	0.00e+00	0.00e+00	0.00e+00	0.00e+00	0.00e+00	0.00e+00	7.02e-02	1.84e-02	9.29e-03
 6.33353e+16	1.12e-01	7.10e-01	1.77e-01	0.00e+00	0.00e+00	0.00e+00	0.00e+00	0.00e+00	0.00e+00	8.05e-02	2.10e-02	1.06e-02
 6.35347e+16	1.27e-01	7.21e-01	1.52e-01	0.00e+00	0.00e+00	0.00e+00	0.00e+00	0.00e+00	0.00e+00	9.14e-02	2.37e-02	1.20e-02
 6.37028e+16	1.41e-01	7.27e-01	1.33e-01	0.00e+00	0.00e+00	0.00e+00	0.00e+00	0.00e+00	0.00e+00	1.01e-01	2.61e-02	1.33e-02
 6.38821e+16	1.58e-01	7.30e-01	1.13e-01	0.00e+00	0.00e+00	0.00e+00	0.00e+00	0.00e+00	0.00e+00	1.14e-01	2.91e-02	1.49e-02
 6.40721e+16	1.78e-01	7.29e-01	9.34e-02	0.00e+00	0.00e+00	0.00e+00	0.00e+00	0.00e+00	0.00e+00	1.28e-01	3.25e-02	1.67e-02
 6.42312e+16	1.96e-01	7.25e-01	7.90e-02	0.00e+00	0.00e+00	0.00e+00	0.00e+00	0.00e+00	0.00e+00	1.42e-01	3.56e-02	1.84e-02
 6.43686e+16	2.14e-01	7.19e-01	6.73e-02	0.00e+00	0.00e+00	0.00e+00	0.00e+00	0.00e+00	0.00e+00	1.55e-01	3.87e-02	2.00e-02
 6.45224e+16	2.35e-01	7.09e-01	5.56e-02	0.00e+00	0.00e+00	0.00e+00	0.00e+00	0.00e+00	0.00e+00	1.71e-01	4.22e-02	2.20e-02
 6.46862e+16	2.61e-01	6.94e-01	4.48e-02	0.00e+00	0.00e+00	0.00e+00	0.00e+00	0.00e+00	0.00e+00	1.90e-01	4.63e-02	2.43e-02
 6.48247e+16	2.84e-01	6.79e-01	3.69e-02	0.00e+00	0.00e+00	0.00e+00	0.00e+00	0.00e+00	0.00e+00	2.08e-01	4.99e-02	2.63e-02
 6.49444e+16	3.05e-01	6.64e-01	3.09e-02	0.00e+00	0.00e+00	0.00e+00	0.00e+00	0.00e+00	0.00e+00	2.24e-01	5.31e-02	2.82e-02
 6.50781e+16	3.31e-01	6.44e-01	2.49e-02	0.00e+00	0.00e+00	0.00e+00	0.00e+00	0.00e+00	0.00e+00	2.44e-01	5.70e-02	3.04e-02
 6.52225e+16	3.62e-01	6.19e-01	1.95e-02	0.00e+00	0.00e+00	0.00e+00	0.00e+00	0.00e+00	0.00e+00	2.67e-01	6.13e-02	3.30e-02
 6.53490e+16	3.90e-01	5.95e-01	1.56e-02	0.00e+00	0.00e+00	0.00e+00	0.00e+00	0.00e+00	0.00e+00	2.89e-01	6.51e-02	3.54e-02
 6.54608e+16	4.15e-01	5.73e-01	1.27e-02	0.00e+00	0.00e+00	0.00e+00	0.00e+00	0.00e+00	0.00e+00	3.09e-01	6.83e-02	3.74e-02
 6.55762e+16	4.42e-01	5.48e-01	1.01e-02	0.00e+00	0.00e+00	0.00e+00	0.00e+00	0.00e+00	0.00e+00	3.31e-01	7.17e-02	3.96e-02
 6.57014e+16	4.74e-01	5.19e-01	7.77e-03	0.00e+00	0.00e+00	0.00e+00	0.00e+00	0.00e+00	0.00e+00	3.56e-01	7.52e-02	4.20e-02
 6.58203e+16	5.04e-01	4.90e-01	6.01e-03	0.00e+00	0.00e+00	0.00e+00	0.00e+00	0.00e+00	0.00e+00	3.81e-01	7.84e-02	4.43e-02
 6.59207e+16	5.30e-01	4.65e-01	4.81e-03	0.00e+00	0.00e+00	0.00e+00	0.00e+00	0.00e+00	0.00e+00	4.03e-01	8.09e-02	4.61e-02
 6.60087e+16	5.52e-01	4.44e-01	3.92e-03	0.00e+00	0.00e+00	0.00e+00	0.00e+00	0.00e+00	0.00e+00	4.22e-01	8.29e-02	4.77e-02
 6.60944e+16	5.75e-01	4.22e-01	3.19e-03	0.00e+00	0.00e+00	0.00e+00	0.00e+00	0.00e+00	0.00e+00	4.41e-01	8.46e-02	4.91e-02
 6.61782e+16	5.97e-01	4.00e-01	2.59e-03	0.00e+00	0.00e+00	0.00e+00	0.00e+00	0.00e+00	0.00e+00	4.60e-01	8.62e-02	5.05e-02
 6.62422e+16	6.13e-01	3.85e-01	2.23e-03	0.00e+00	0.00e+00	0.00e+00	0.00e+00	0.00e+00	0.00e+00	4.74e-01	8.71e-02	5.14e-02
 6.62844e+16	6.22e-01	3.76e-01	2.01e-03	0.00e+00	0.00e+00	0.00e+00	0.00e+00	0.00e+00	0.00e+00	4.83e-01	8.76e-02	5.20e-02
 6.63269e+16	6.33e-01	3.65e-01	1.80e-03	0.00e+00	0.00e+00	0.00e+00	0.00e+00	0.00e+00	0.00e+00	4.92e-01	8.81e-02	5.25e-02
 6.63778e+16	6.46e-01	3.52e-01	1.57e-03	0.00e+00	0.00e+00	0.00e+00	0.00e+00	0.00e+00	0.00e+00	5.04e-01	8.86e-02	5.32e-02
 6.64296e+16	6.59e-01	3.40e-01	1.37e-03	0.00e+00	0.00e+00	0.00e+00	0.00e+00	0.00e+00	0.00e+00	5.16e-01	8.90e-02	5.38e-02
 6.64769e+16	6.71e-01	3.28e-01	1.20e-03	0.00e+00	0.00e+00	0.00e+00	0.00e+00	0.00e+00	0.00e+00	5.27e-01	8.94e-02	5.43e-02
 6.65213e+16	6.82e-01	3.17e-01	1.07e-03	0.00e+00	0.00e+00	0.00e+00	0.00e+00	0.00e+00	0.00e+00	5.37e-01	8.96e-02	5.48e-02
 6.65666e+16	6.93e-01	3.06e-01	9.37e-04	0.00e+00	0.00e+00	0.00e+00	0.00e+00	0.00e+00	0.00e+00	5.48e-01	8.97e-02	5.52e-02
 6.66132e+16	7.04e-01	2.95e-01	8.19e-04	0.00e+00	0.00e+00	0.00e+00	0.00e+00	0.00e+00	0.00e+00	5.59e-01	8.98e-02	5.56e-02
 6.66584e+16	7.15e-01	2.84e-01	7.19e-04	0.00e+00	0.00e+00	0.00e+00	0.00e+00	0.00e+00	0.00e+00	5.69e-01	8.98e-02	5.60e-02
 6.67023e+16	7.26e-01	2.74e-01	6.32e-04	0.00e+00	0.00e+00	0.00e+00	0.00e+00	0.00e+00	0.00e+00	5.79e-01	8.97e-02	5.63e-02
 6.67461e+16	7.36e-01	2.64e-01	5.55e-04	0.00e+00	0.00e+00	0.00e+00	0.00e+00	0.00e+00	0.00e+00	5.89e-01	8.96e-02	5.65e-02
 6.67902e+16	7.46e-01	2.54e-01	4.85e-04	0.00e+00	0.00e+00	0.00e+00	0.00e+00	0.00e+00	0.00e+00	6.00e-01	8.94e-02	5.67e-02
 6.68341e+16	7.56e-01	2.44e-01	4.24e-04	0.00e+00	0.00e+00	0.00e+00	0.00e+00	0.00e+00	0.00e+00	6.10e-01	8.91e-02	5.69e-02
 6.68768e+16	7.65e-01	2.35e-01	3.72e-04	0.00e+00	0.00e+00	0.00e+00	0.00e+00	0.00e+00	0.00e+00	6.19e-01	8.88e-02	5.70e-02
 6.69191e+16	7.74e-01	2.25e-01	3.25e-04	0.00e+00	0.00e+00	0.00e+00	0.00e+00	0.00e+00	0.00e+00	6.29e-01	8.84e-02	5.71e-02
 6.69616e+16	7.83e-01	2.17e-01	2.84e-04	0.00e+00	0.00e+00	0.00e+00	0.00e+00	0.00e+00	0.00e+00	6.38e-01	8.80e-02	5.72e-02
 6.70040e+16	7.92e-01	2.08e-01	2.48e-04	0.00e+00	0.00e+00	0.00e+00	0.00e+00	0.00e+00	0.00e+00	6.47e-01	8.75e-02	5.72e-02
 6.70457e+16	8.00e-01	2.00e-01	2.17e-04	0.00e+00	0.00e+00	0.00e+00	0.00e+00	0.00e+00	0.00e+00	6.56e-01	8.70e-02	5.72e-02
 6.70871e+16	8.08e-01	1.91e-01	1.89e-04	0.00e+00	0.00e+00	0.00e+00	0.00e+00	0.00e+00	0.00e+00	6.65e-01	8.64e-02	5.71e-02
 6.71287e+16	8.17e-01	1.83e-01	1.64e-04	0.00e+00	0.00e+00	0.00e+00	0.00e+00	0.00e+00	0.00e+00	6.74e-01	8.57e-02	5.70e-02
 6.71695e+16	8.24e-01	1.76e-01	1.43e-04	0.00e+00	0.00e+00	0.00e+00	0.00e+00	0.00e+00	0.00e+00	6.82e-01	8.51e-02	5.68e-02
 6.72096e+16	8.31e-01	1.69e-01	1.25e-04	0.00e+00	0.00e+00	0.00e+00	0.00e+00	0.00e+00	0.00e+00	6.90e-01	8.44e-02	5.67e-02
 6.72503e+16	8.39e-01	1.61e-01	1.09e-04	0.00e+00	0.00e+00	0.00e+00	0.00e+00	0.00e+00	0.00e+00	6.98e-01	8.37e-02	5.65e-02
 6.72910e+16	8.46e-01	1.54e-01	9.42e-05	0.00e+00	0.00e+00	0.00e+00	0.00e+00	0.00e+00	0.00e+00	7.07e-01	8.29e-02	5.63e-02
 6.73305e+16	8.52e-01	1.48e-01	8.21e-05	0.00e+00	0.00e+00	0.00e+00	0.00e+00	0.00e+00	0.00e+00	7.14e-01	8.22e-02	5.60e-02
 6.73693e+16	8.59e-01	1.41e-01	7.15e-05	0.00e+00	0.00e+00	0.00e+00	0.00e+00	0.00e+00	0.00e+00	7.21e-01	8.14e-02	5.58e-02
 6.74082e+16	8.65e-01	1.35e-01	6.22e-05	0.00e+00	0.00e+00	0.00e+00	0.00e+00	0.00e+00	0.00e+00	7.28e-01	8.06e-02	5.55e-02
 6.74469e+16	8.71e-01	1.29e-01	5.41e-05	0.00e+00	0.00e+00	0.00e+00	0.00e+00	0.00e+00	0.00e+00	7.36e-01	7.98e-02	5.52e-02
 6.74849e+16	8.76e-01	1.24e-01	4.71e-05	0.00e+00	0.00e+00	0.00e+00	0.00e+00	0.00e+00	0.00e+00	7.42e-01	7.90e-02	5.48e-02
