#depth	O	O+	O+2	O+3	O+4	O+5	O+6	O+7	O+8	O[1]	O[2]	O[3]
 1.85020e+11	1.23e-05	1.12e-02	9.14e-01	7.47e-02	8.40e-06	0.00e+00	0.00e+00	0.00e+00	0.00e+00	8.94e-06	2.22e-06	1.15e-06
 1.11012e+12	1.24e-05	1.12e-02	9.14e-01	7.44e-02	8.33e-06	0.00e+00	0.00e+00	0.00e+00	0.00e+00	8.97e-06	2.23e-06	1.15e-06
 4.81053e+12	1.25e-05	1.13e-02	9.15e-01	7.32e-02	8.09e-06	0.00e+00	0.00e+00	0.00e+00	0.00e+00	9.06e-06	2.25e-06	1.17e-06
 1.96122e+13	1.29e-05	1.15e-02	9.20e-01	6.90e-02	7.27e-06	0.00e+00	0.00e+00	0.00e+00	0.00e+00	9.39e-06	2.34e-06	1.21e-06
 4.68472e+13	1.34e-05	1.17e-02	9.25e-01	6.28e-02	6.13e-06	0.00e+00	0.00e+00	0.00e+00	0.00e+00	9.73e-06	2.43e-06	1.26e-06
 8.22527e+13	1.42e-05	1.20e-02	9.33e-01	5.54e-02	4.89e-06	0.00e+00	0.00e+00	0.00e+00	0.00e+00	1.03e-05	2.58e-06	1.34e-06
 1.28280e+14	1.54e-05	1.25e-02	9.41e-01	4.68e-02	3.62e-06	0.00e+00	0.00e+00	0.00e+00	0.00e+00	1.12e-05	2.79e-06	1.45e-06
 1.88115e+14	1.72e-05	1.31e-02	9.50e-01	3.73e-02	2.44e-06	0.00e+00	0.00e+00	0.00e+00	0.00e+00	1.25e-05	3.10e-06	1.61e-06
 2.65901e+14	1.99e-05	1.40e-02	9.58e-01	2.76e-02	1.44e-06	0.00e+00	0.00e+00	0.00e+00	0.00e+00	1.45e-05	3.58e-06	1.86e-06
 3.67023e+14	2.42e-05	1.52e-02	9.66e-01	1.84e-02	7.19e-07	0.00e+00	0.00e+00	0.00e+00	0.00e+00	1.76e-05	4.33e-06	2.24e-06
 4.97361e+14	3.09e-05	1.70e-02	9.72e-01	1.07e-02	2.90e-07	0.00e+00	0.00e+00	0.00e+00	0.00e+00	2.26e-05	5.51e-06	2.85e-06
 6.31834e+14	3.86e-05	1.89e-02	9.75e-01	6.25e-03	0.00e+00	0.00e+00	0.00e+00	0.00e+00	0.00e+00	2.82e-05	6.84e-06	3.53e-06
 7.46608e+14	4.68e-05	2.08e-02	9.75e-01	3.92e-03	0.00e+00	0.00e+00	0.00e+00	0.00e+00	0.00e+00	3.43e-05	8.25e-06	4.25e-06
 8.62233e+14	5.77e-05	2.32e-02	9.74e-01	2.40e-03	0.00e+00	0.00e+00	0.00e+00	0.00e+00	0.00e+00	4.24e-05	1.01e-05	5.20e-06
 9.92484e+14	7.27e-05	2.61e-02	9.72e-01	1.39e-03	0.00e+00	0.00e+00	0.00e+00	0.00e+00	0.00e+00	5.35e-05	1.27e-05	6.50e-06
 1.12542e+15	9.16e-05	2.96e-02	9.69e-01	8.08e-04	0.00e+00	0.00e+00	0.00e+00	0.00e+00	0.00e+00	6.77e-05	1.59e-05	8.13e-06
 1.22872e+15	1.08e-04	3.26e-02	9.67e-01	5.42e-04	0.00e+00	0.00e+00	0.00e+00	0.00e+00	0.00e+00	7.99e-05	1.86e-05	9.53e-06
 1.30084e+15	1.22e-04	3.49e-02	9.65e-01	4.06e-04	0.00e+00	0.00e+00	0.00e+00	0.00e+00	0.00e+00	9.04e-05	2.09e-05	1.07e-05
 1.37820e+15	1.40e-04	3.77e-02	9.62e-01	2.94e-04	0.00e+00	0.00e+00	0.00e+00	0.00e+00	0.00e+00	1.04e-04	2.39e-05	1.22e-05
 1.47878e+15	1.67e-04	4.18e-02	9.58e-01	1.94e-04	0.00e+00	0.00e+00	0.00e+00	0.00e+00	0.00e+00	1.24e-04	2.84e-05	1.45e-05
 1.58145e+15	1.98e-04	4.61e-02	9.54e-01	1.30e-04	0.00e+00	0.00e+00	0.00e+00	0.00e+00	0.00e+00	1.47e-04	3.34e-05	1.71e-05
 1.66691e+15	2.28e-04	5.01e-02	9.50e-01	9.39e-05	0.00e+00	0.00e+00	0.00e+00	0.00e+00	0.00e+00	1.70e-04	3.83e-05	1.95e-05
 1.75808e+15	2.66e-04	5.50e-02	9.45e-01	6.52e-05	0.00e+00	0.00e+00	0.00e+00	0.00e+00	0.00e+00	1.99e-04	4.47e-05	2.27e-05
 1.85834e+15	3.15e-04	6.07e-02	9.39e-01	4.46e-05	0.00e+00	0.00e+00	0.00e+00	0.00e+00	0.00e+00	2.36e-04	5.26e-05	2.67e-05
 1.95101e+15	3.67e-04	6.66e-02	9.33e-01	3.16e-05	0.00e+00	0.00e+00	0.00e+00	0.00e+00	0.00e+00	2.75e-04	6.10e-05	3.10e-05
 2.03889e+15	4.25e-04	7.27e-02	9.27e-01	2.28e-05	0.00e+00	0.00e+00	0.00e+00	0.00e+00	0.00e+00	3.19e-04	7.04e-05	3.57e-05
 2.13993e+15	5.05e-04	8.06e-02	9.19e-01	1.55e-05	0.00e+00	0.00e+00	0.00e+00	0.00e+00	0.00e+00	3.79e-04	8.32e-05	4.21e-05
 2.24682e+15	6.01e-04	8.98e-02	9.10e-01	1.06e-05	0.00e+00	0.00e+00	0.00e+00	0.00e+00	0.00e+00	4.53e-04	9.88e-05	4.99e-05
 2.33905e+15	7.00e-04	9.85e-02	9.01e-01	7.73e-06	0.00e+00	0.00e+00	0.00e+00	0.00e+00	0.00e+00	5.28e-04	1.15e-04	5.78e-05
 2.42380e+15	8.06e-04	1.08e-01	8.92e-01	5.74e-06	0.00e+00	0.00e+00	0.00e+00	0.00e+00	0.00e+00	6.08e-04	1.32e-04	6.63e-05
 2.52111e+15	9.50e-04	1.19e-01	8.80e-01	4.06e-06	0.00e+00	0.00e+00	0.00e+00	0.00e+00	0.00e+00	7.18e-04	1.55e-04	7.78e-05
 2.62545e+15	1.13e-03	1.33e-01	8.66e-01	2.87e-06	0.00e+00	0.00e+00	0.00e+00	0.00e+00	0.00e+00	8.55e-04	1.83e-04	9.21e-05
 2.71683e+15	1.32e-03	1.46e-01	8.53e-01	2.13e-06	0.00e+00	0.00e+00	0.00e+00	0.00e+00	0.00e+00	9.97e-04	2.13e-04	1.07e-04
 2.80007e+15	1.51e-03	1.59e-01	8.39e-01	1.62e-06	0.00e+00	0.00e+00	0.00e+00	0.00e+00	0.00e+00	1.15e-03	2.44e-04	1.22e-04
 2.89480e+15	1.78e-03	1.76e-01	8.22e-01	1.18e-06	0.00e+00	0.00e+00	0.00e+00	0.00e+00	0.00e+00	1.35e-03	2.87e-04	1.44e-04
 2.99626e+15	2.12e-03	1.96e-01	8.02e-01	8.55e-07	0.00e+00	0.00e+00	0.00e+00	0.00e+00	0.00e+00	1.61e-03	3.39e-04	1.70e-04
 3.08491e+15	2.46e-03	2.15e-01	7.82e-01	6.50e-07	0.00e+00	0.00e+00	0.00e+00	0.00e+00	0.00e+00	1.87e-03	3.93e-04	1.97e-04
 3.16561e+15	2.82e-03	2.34e-01	7.63e-01	5.05e-07	0.00e+00	0.00e+00	0.00e+00	0.00e+00	0.00e+00	2.15e-03	4.51e-04	2.25e-04
 3.25752e+15	3.31e-03	2.59e-01	7.38e-01	3.75e-07	0.00e+00	0.00e+00	0.00e+00	0.00e+00	0.00e+00	2.52e-03	5.28e-04	2.64e-04
 3.35624e+15	3.93e-03	2.87e-01	7.09e-01	2.77e-07	0.00e+00	0.00e+00	0.00e+00	0.00e+00	0.00e+00	2.99e-03	6.26e-04	3.12e-04
 3.44259e+15	4.56e-03	3.15e-01	6.81e-01	2.13e-07	0.00e+00	0.00e+00	0.00e+00	0.00e+00	0.00e+00	3.48e-03	7.27e-04	3.63e-04
 3.52061e+15	5.23e-03	3.42e-01	6.53e-01	1.67e-07	0.00e+00	0.00e+00	0.00e+00	0.00e+00	0.00e+00	3.98e-03	8.32e-04	4.15e-04
 3.60903e+15	6.11e-03	3.75e-01	6.19e-01	1.25e-07	0.00e+00	0.00e+00	0.00e+00	0.00e+00	0.00e+00	4.65e-03	9.72e-04	4.85e-04
 3.70527e+15	7.23e-03	4.13e-01	5.80e-01	0.00e+00	0.00e+00	0.00e+00	0.00e+00	0.00e+00	0.00e+00	5.50e-03	1.15e-03	5.74e-04
 3.79123e+15	8.40e-03	4.49e-01	5.42e-01	0.00e+00	0.00e+00	0.00e+00	0.00e+00	0.00e+00	0.00e+00	6.40e-03	1.34e-03	6.67e-04
 3.86965e+15	9.64e-03	4.85e-01	5.06e-01	0.00e+00	0.00e+00	0.00e+00	0.00e+00	0.00e+00	0.00e+00	7.34e-03	1.53e-03	7.67e-04
 3.95868e+15	1.12e-02	5.26e-01	4.63e-01	0.00e+00	0.00e+00	0.00e+00	0.00e+00	0.00e+00	0.00e+00	8.55e-03	1.79e-03	8.96e-04
 4.05697e+15	1.33e-02	5.72e-01	4.14e-01	0.00e+00	0.00e+00	0.00e+00	0.00e+00	0.00e+00	0.00e+00	1.01e-02	2.12e-03	1.06e-03
 4.14734e+15	1.55e-02	6.15e-01	3.69e-01	0.00e+00	0.00e+00	0.00e+00	0.00e+00	0.00e+00	0.00e+00	1.18e-02	2.48e-03	1.24e-03
 4.24486e+15	1.83e-02	6.61e-01	3.21e-01	0.00e+00	0.00e+00	0.00e+00	0.00e+00	0.00e+00	0.00e+00	1.39e-02	2.92e-03	1.46e-03
 4.35312e+15	2.18e-02	7.08e-01	2.70e-01	0.00e+00	0.00e+00	0.00e+00	0.00e+00	0.00e+00	0.00e+00	1.65e-02	3.49e-03	1.75e-03
 4.45537e+15	2.57e-02	7.49e-01	2.25e-01	0.00e+00	0.00e+00	0.00e+00	0.00e+00	0.00e+00	0.00e+00	1.95e-02	4.12e-03	2.07e-03
 4.56834e+15	3.05e-02	7.89e-01	1.80e-01	0.00e+00	0.00e+00	0.00e+00	0.00e+00	0.00e+00	0.00e+00	2.31e-02	4.91e-03	2.47e-03
 4.69553e+15	3.70e-02	8.26e-01	1.38e-01	0.00e+00	0.00e+00	0.00e+00	0.00e+00	0.00e+00	0.00e+00	2.80e-02	5.96e-03	3.01e-03
 4.81165e+15	4.41e-02	8.51e-01	1.05e-01	0.00e+00	0.00e+00	0.00e+00	0.00e+00	0.00e+00	0.00e+00	3.34e-02	7.13e-03	3.61e-03
 4.91053e+15	5.13e-02	8.66e-01	8.23e-02	0.00e+00	0.00e+00	0.00e+00	0.00e+00	0.00e+00	0.00e+00	3.88e-02	8.29e-03	4.21e-03
 5.01652e+15	5.95e-02	8.78e-01	6.27e-02	0.00e+00	0.00e+00	0.00e+00	0.00e+00	0.00e+00	0.00e+00	4.50e-02	9.65e-03	4.91e-03
 5.13086e+15	7.07e-02	8.83e-01	4.60e-02	0.00e+00	0.00e+00	0.00e+00	0.00e+00	0.00e+00	0.00e+00	5.34e-02	1.15e-02	5.86e-03
 5.22973e+15	8.31e-02	8.83e-01	3.44e-02	0.00e+00	0.00e+00	0.00e+00	0.00e+00	0.00e+00	0.00e+00	6.26e-02	1.35e-02	6.92e-03
 5.31388e+15	9.55e-02	8.78e-01	2.65e-02	0.00e+00	0.00e+00	0.00e+00	0.00e+00	0.00e+00	0.00e+00	7.20e-02	1.55e-02	7.99e-03
 5.40473e+15	1.10e-01	8.70e-01	1.99e-02	0.00e+00	0.00e+00	0.00e+00	0.00e+00	0.00e+00	0.00e+00	8.29e-02	1.79e-02	9.25e-03
 5.50236e+15	1.31e-01	8.55e-01	1.43e-02	0.00e+00	0.00e+00	0.00e+00	0.00e+00	0.00e+00	0.00e+00	9.88e-02	2.13e-02	1.11e-02
 5.58579e+15	1.55e-01	8.35e-01	1.04e-02	0.00e+00	0.00e+00	0.00e+00	0.00e+00	0.00e+00	0.00e+00	1.17e-01	2.51e-02	1.31e-02
 5.65384e+15	1.79e-01	8.14e-01	7.86e-03	0.00e+00	0.00e+00	0.00e+00	0.00e+00	0.00e+00	0.00e+00	1.35e-01	2.89e-02	1.51e-02
 5.71420e+15	2.03e-01	7.91e-01	6.06e-03	0.00e+00	0.00e+00	0.00e+00	0.00e+00	0.00e+00	0.00e+00	1.53e-01	3.26e-02	1.72e-02
 5.77406e+15	2.31e-01	7.65e-01	4.62e-03	0.00e+00	0.00e+00	0.00e+00	0.00e+00	0.00e+00	0.00e+00	1.74e-01	3.69e-02	1.96e-02
 5.83520e+15	2.64e-01	7.32e-01	3.43e-03	0.00e+00	0.00e+00	0.00e+00	0.00e+00	0.00e+00	0.00e+00	2.00e-01	4.18e-02	2.24e-02
 5.89348e+15	3.03e-01	6.95e-01	2.53e-03	0.00e+00	0.00e+00	0.00e+00	0.00e+00	0.00e+00	0.00e+00	2.30e-01	4.71e-02	2.55e-02
 5.94557e+15	3.42e-01	6.56e-01	1.89e-03	0.00e+00	0.00e+00	0.00e+00	0.00e+00	0.00e+00	0.00e+00	2.61e-01	5.24e-02	2.86e-02
 5.98974e+15	3.80e-01	6.18e-01	1.45e-03	0.00e+00	0.00e+00	0.00e+00	0.00e+00	0.00e+00	0.00e+00	2.91e-01	5.72e-02	3.15e-02
 6.02549e+15	4.13e-01	5.85e-01	1.16e-03	0.00e+00	0.00e+00	0.00e+00	0.00e+00	0.00e+00	0.00e+00	3.18e-01	6.11e-02	3.40e-02
 6.05549e+15	4.42e-01	5.57e-01	9.60e-04	0.00e+00	0.00e+00	0.00e+00	0.00e+00	0.00e+00	0.00e+00	3.42e-01	6.43e-02	3.61e-02
 6.08257e+15	4.69e-01	5.30e-01	8.04e-04	0.00e+00	0.00e+00	0.00e+00	0.00e+00	0.00e+00	0.00e+00	3.64e-01	6.70e-02	3.79e-02
 6.10813e+15	4.95e-01	5.05e-01	6.78e-04	0.00e+00	0.00e+00	0.00e+00	0.00e+00	0.00e+00	0.00e+00	3.85e-01	6.95e-02	3.97e-02
 6.13256e+15	5.20e-01	4.80e-01	5.74e-04	0.00e+00	0.00e+00	0.00e+00	0.00e+00	0.00e+00	0.00e+00	4.07e-01	7.18e-02	4.13e-02
 6.15540e+15	5.44e-01	4.56e-01	4.89e-04	0.00e+00	0.00e+00	0.00e+00	0.00e+00	0.00e+00	0.00e+00	4.27e-01	7.38e-02	4.27e-02
 6.17650e+15	5.66e-01	4.33e-01	4.21e-04	0.00e+00	0.00e+00	0.00e+00	0.00e+00	0.00e+00	0.00e+00	4.47e-01	7.54e-02	4.40e-02
 6.19647e+15	5.87e-01	4.12e-01	3.64e-04	0.00e+00	0.00e+00	0.00e+00	0.00e+00	0.00e+00	0.00e+00	4.65e-01	7.68e-02	4.52e-02
 6.21231e+15	6.04e-01	3.96e-01	3.25e-04	0.00e+00	0.00e+00	0.00e+00	0.00e+00	0.00e+00	0.00e+00	4.80e-01	7.78e-02	4.60e-02
 6.22288e+15	6.15e-01	3.85e-01	3.01e-04	0.00e+00	0.00e+00	0.00e+00	0.00e+00	0.00e+00	0.00e+00	4.90e-01	7.84e-02	4.66e-02
 6.23246e+15	6.25e-01	3.75e-01	2.80e-04	0.00e+00	0.00e+00	0.00e+00	0.00e+00	0.00e+00	0.00e+00	4.99e-01	7.89e-02	4.70e-02
 6.24356e+15	6.35e-01	3.64e-01	2.58e-04	0.00e+00	0.00e+00	0.00e+00	0.00e+00	0.00e+00	0.00e+00	5.08e-01	7.94e-02	4.76e-02
 6.25643e+15	6.48e-01	3.51e-01	2.35e-04	0.00e+00	0.00e+00	0.00e+00	0.00e+00	0.00e+00	0.00e+00	5.20e-01	8.00e-02	4.81e-02
 6.26939e+15	6.61e-01	3.38e-01	2.13e-04	0.00e+00	0.00e+00	0.00e+00	0.00e+00	0.00e+00	0.00e+00	5.32e-01	8.04e-02	4.86e-02
 6.28107e+15	6.73e-01	3.27e-01	1.95e-04	0.00e+00	0.00e+00	0.00e+00	0.00e+00	0.00e+00	0.00e+00	5.43e-01	8.08e-02	4.91e-02
 6.29210e+15	6.83e-01	3.17e-01	1.79e-04	0.00e+00	0.00e+00	0.00e+00	0.00e+00	0.00e+00	0.00e+00	5.53e-01	8.10e-02	4.95e-02
 6.30355e+15	6.94e-01	3.06e-01	1.64e-04	0.00e+00	0.00e+00	0.00e+00	0.00e+00	0.00e+00	0.00e+00	5.63e-01	8.12e-02	4.98e-02
 6.31543e+15	7.05e-01	2.95e-01	1.50e-04	0.00e+00	0.00e+00	0.00e+00	0.00e+00	0.00e+00	0.00e+00	5.73e-01	8.14e-02	5.02e-02
 6.32733e+15	7.16e-01	2.84e-01	1.37e-04	0.00e+00	0.00e+00	0.00e+00	0.00e+00	0.00e+00	0.00e+00	5.84e-01	8.15e-02	5.05e-02
 6.33895e+15	7.26e-01	2.74e-01	1.25e-04	0.00e+00	0.00e+00	0.00e+00	0.00e+00	0.00e+00	0.00e+00	5.94e-01	8.15e-02	5.07e-02
 6.35046e+15	7.36e-01	2.63e-01	1.14e-04	0.00e+00	0.00e+00	0.00e+00	0.00e+00	0.00e+00	0.00e+00	6.04e-01	8.15e-02	5.09e-02
 6.36204e+15	7.46e-01	2.54e-01	1.05e-04	0.00e+00	0.00e+00	0.00e+00	0.00e+00	0.00e+00	0.00e+00	6.14e-01	8.14e-02	5.11e-02
 6.37368e+15	7.56e-01	2.44e-01	9.55e-05	0.00e+00	0.00e+00	0.00e+00	0.00e+00	0.00e+00	0.00e+00	6.23e-01	8.12e-02	5.12e-02
 6.38536e+15	7.65e-01	2.35e-01	8.73e-05	0.00e+00	0.00e+00	0.00e+00	0.00e+00	0.00e+00	0.00e+00	6.33e-01	8.11e-02	5.14e-02
 6.39705e+15	7.74e-01	2.26e-01	7.96e-05	0.00e+00	0.00e+00	0.00e+00	0.00e+00	0.00e+00	0.00e+00	6.42e-01	8.08e-02	5.14e-02
 6.40873e+15	7.83e-01	2.17e-01	7.27e-05	0.00e+00	0.00e+00	0.00e+00	0.00e+00	0.00e+00	0.00e+00	6.51e-01	8.05e-02	5.15e-02
 6.42044e+15	7.92e-01	2.08e-01	6.63e-05	0.00e+00	0.00e+00	0.00e+00	0.00e+00	0.00e+00	0.00e+00	6.60e-01	8.02e-02	5.15e-02
 6.43220e+15	8.00e-01	2.00e-01	6.05e-05	0.00e+00	0.00e+00	0.00e+00	0.00e+00	0.00e+00	0.00e+00	6.69e-01	7.98e-02	5.15e-02
 6.44396e+15	8.08e-01	1.92e-01	5.52e-05	0.00e+00	0.00e+00	0.00e+00	0.00e+00	0.00e+00	0.00e+00	6.77e-01	7.94e-02	5.14e-02
 6.45587e+15	8.16e-01	1.84e-01	5.03e-05	0.00e+00	0.00e+00	0.00e+00	0.00e+00	0.00e+00	0.00e+00	6.85e-01	7.90e-02	5.14e-02
 6.46789e+15	8.23e-01	1.77e-01	4.58e-05	0.00e+00	0.00e+00	0.00e+00	0.00e+00	0.00e+00	0.00e+00	6.94e-01	7.85e-02	5.13e-02
 6.47993e+15	8.31e-01	1.69e-01	4.17e-05	0.00e+00	0.00e+00	0.00e+00	0.00e+00	0.00e+00	0.00e+00	7.02e-01	7.80e-02	5.11e-02
 6.49194e+15	8.38e-01	1.62e-01	3.80e-05	0.00e+00	0.00e+00	0.00e+00	0.00e+00	0.00e+00	0.00e+00	7.09e-01	7.75e-02	5.10e-02
 6.50407e+15	8.45e-01	1.55e-01	3.45e-05	0.00e+00	0.00e+00	0.00e+00	0.00e+00	0.00e+00	0.00e+00	7.17e-01	7.69e-02	5.08e-02
 6.51635e+15	8.51e-01	1.49e-01	3.14e-05	0.00e+00	0.00e+00	0.00e+00	0.00e+00	0.00e+00	0.00e+00	7.24e-01	7.64e-02	5.06e-02
 6.52875e+15	8.57e-01	1.43e-01	2.85e-05	0.00e+00	0.00e+00	0.00e+00	0.00e+00	0.00e+00	0.00e+00	7.31e-01	7.58e-02	5.04e-02
 6.54134e+15	8.64e-01	1.36e-01	2.59e-05	0.00e+00	0.00e+00	0.00e+00	0.00e+00	0.00e+00	0.00e+00	7.38e-01	7.52e-02	5.02e-02
 6.55394e+15	8.69e-01	1.31e-01	2.35e-05	0.00e+00	0.00e+00	0.00e+00	0.00e+00	0.00e+00	0.00e+00	7.45e-01	7.46e-02	5.00e-02
 6.56658e+15	8.75e-01	1.25e-01	2.13e-05	0.00e+00	0.00e+00	0.00e+00	0.00e+00	0.00e+00	0.00e+00	7.52e-01	7.39e-02	4.97e-02
 6.57926e+15	8.80e-01	1.20e-01	1.94e-05	0.00e+00	0.00e+00	0.00e+00	0.00e+00	0.00e+00	0.00e+00	7.58e-01	7.33e-02	4.95e-02
 6.59197e+15	8.86e-01	1.14e-01	1.76e-05	0.00e+00	0.00e+00	0.00e+00	0.00e+00	0.00e+00	0.00e+00	7.64e-01	7.27e-02	4.92e-02
 6.60481e+15	8.91e-01	1.09e-01	1.60e-05	0.00e+00	0.00e+00	0.00e+00	0.00e+00	0.00e+00	0.00e+00	7.70e-01	7.21e-02	4.90e-02
 6.61774e+15	8.95e-01	1.05e-01	1.45e-05	0.00e+00	0.00e+00	0.00e+00	0.00e+00	0.00e+00	0.00e+00	7.75e-01	7.14e-02	4.87e-02
 6.63071e+15	9.00e-01	1.00e-01	1.32e-05	0.00e+00	0.00e+00	0.00e+00	0.00e+00	0.00e+00	0.00e+00	7.81e-01	7.08e-02	4.84e-02
 6.64384e+15	9.04e-01	9.58e-02	1.19e-05	0.00e+00	0.00e+00	0.00e+00	0.00e+00	0.00e+00	0.00e+00	7.86e-01	7.02e-02	4.81e-02
 6.65712e+15	9.08e-01	9.16e-02	1.08e-05	0.00e+00	0.00e+00	0.00e+00	0.00e+00	0.00e+00	0.00e+00	7.91e-01	6.96e-02	4.78e-02
 6.67033e+15	9.12e-01	8.77e-02	9.81e-06	0.00e+00	0.00e+00	0.00e+00	0.00e+00	0.00e+00	0.00e+00	7.96e-01	6.90e-02	4.75e-02
 6.68351e+15	9.16e-01	8.39e-02	8.91e-06	0.00e+00	0.00e+00	0.00e+00	0.00e+00	0.00e+00	0.00e+00	8.00e-01	6.84e-02	4.72e-02
 6.69682e+15	9.20e-01	8.04e-02	8.09e-06	0.00e+00	0.00e+00	0.00e+00	0.00e+00	0.00e+00	0.00e+00	8.05e-01	6.79e-02	4.69e-02
 6.71028e+15	9.23e-01	7.69e-02	7.33e-06	0.00e+00	0.00e+00	0.00e+00	0.00e+00	0.00e+00	0.00e+00	8.09e-01	6.73e-02	4.67e-02
 6.72387e+15	9.26e-01	7.37e-02	6.65e-06	0.00e+00	0.00e+00	0.00e+00	0.00e+00	0.00e+00	0.00e+00	8.13e-01	6.68e-02	4.64e-02
 6.73749e+15	9.29e-01	7.06e-02	6.04e-06	0.00e+00	0.00e+00	0.00e+00	0.00e+00	0.00e+00	0.00e+00	8.17e-01	6.62e-02	4.61e-02
 6.75107e+15	9.32e-01	6.76e-02	5.48e-06	0.00e+00	0.00e+00	0.00e+00	0.00e+00	0.00e+00	0.00e+00	8.21e-01	6.57e-02	4.58e-02
 6.76484e+15	9.35e-01	6.48e-02	4.97e-06	0.00e+00	0.00e+00	0.00e+00	0.00e+00	0.00e+00	0.00e+00	8.24e-01	6.52e-02	4.56e-02
 6.77886e+15	9.38e-01	6.21e-02	4.50e-06	0.00e+00	0.00e+00	0.00e+00	0.00e+00	0.00e+00	0.00e+00	8.28e-01	6.47e-02	4.53e-02
 6.79292e+15	9.41e-01	5.95e-02	4.08e-06	0.00e+00	0.00e+00	0.00e+00	0.00e+00	0.00e+00	0.00e+00	8.31e-01	6.42e-02	4.50e-02
 6.80692e+15	9.43e-01	5.70e-02	3.70e-06	0.00e+00	0.00e+00	0.00e+00	0.00e+00	0.00e+00	0.00e+00	8.34e-01	6.37e-02	4.48e-02
 6.82109e+15	9.45e-01	5.47e-02	3.36e-06	0.00e+00	0.00e+00	0.00e+00	0.00e+00	0.00e+00	0.00e+00	8.38e-01	6.33e-02	4.45e-02
 6.83549e+15	9.48e-01	5.24e-02	3.04e-06	0.00e+00	0.00e+00	0.00e+00	0.00e+00	0.00e+00	0.00e+00	8.40e-01	6.28e-02	4.43e-02
 6.84995e+15	9.50e-01	5.03e-02	2.76e-06	0.00e+00	0.00e+00	0.00e+00	0.00e+00	0.00e+00	0.00e+00	8.43e-01	6.24e-02	4.40e-02
 6.86446e+15	9.52e-01	4.82e-02	2.50e-06	0.00e+00	0.00e+00	0.00e+00	0.00e+00	0.00e+00	0.00e+00	8.46e-01	6.20e-02	4.38e-02
 6.87904e+15	9.54e-01	4.62e-02	2.26e-06	0.00e+00	0.00e+00	0.00e+00	0.00e+00	0.00e+00	0.00e+00	8.49e-01	6.16e-02	4.36e-02
 6.89379e+15	9.56e-01	4.44e-02	2.05e-06	0.00e+00	0.00e+00	0.00e+00	0.00e+00	0.00e+00	0.00e+00	8.51e-01	6.12e-02	4.34e-02
 6.90868e+15	9.57e-01	4.26e-02	1.86e-06	0.00e+00	0.00e+00	0.00e+00	0.00e+00	0.00e+00	0.00e+00	8.54e-01	6.08e-02	4.31e-02
 6.92366e+15	9.59e-01	4.09e-02	1.68e-06	0.00e+00	0.00e+00	0.00e+00	0.00e+00	0.00e+00	0.00e+00	8.56e-01	6.04e-02	4.29e-02
 6.93871e+15	9.61e-01	3.92e-02	1.52e-06	0.00e+00	0.00e+00	0.00e+00	0.00e+00	0.00e+00	0.00e+00	8.58e-01	6.00e-02	4.27e-02
 6.95374e+15	9.62e-01	3.77e-02	1.38e-06	0.00e+00	0.00e+00	0.00e+00	0.00e+00	0.00e+00	0.00e+00	8.60e-01	5.97e-02	4.25e-02
 6.96898e+15	9.64e-01	3.62e-02	1.25e-06	0.00e+00	0.00e+00	0.00e+00	0.00e+00	0.00e+00	0.00e+00	8.62e-01	5.94e-02	4.23e-02
 6.98444e+15	9.65e-01	3.47e-02	1.13e-06	0.00e+00	0.00e+00	0.00e+00	0.00e+00	0.00e+00	0.00e+00	8.64e-01	5.90e-02	4.21e-02
 6.99990e+15	9.67e-01	3.33e-02	1.02e-06	0.00e+00	0.00e+00	0.00e+00	0.00e+00	0.00e+00	0.00e+00	8.66e-01	5.87e-02	4.19e-02
 7.01534e+15	9.68e-01	3.20e-02	9.28e-07	0.00e+00	0.00e+00	0.00e+00	0.00e+00	0.00e+00	0.00e+00	8.68e-01	5.84e-02	4.17e-02
 7.03088e+15	9.69e-01	3.08e-02	8.40e-07	0.00e+00	0.00e+00	0.00e+00	0.00e+00	0.00e+00	0.00e+00	8.70e-01	5.80e-02	4.15e-02
 7.04655e+15	9.70e-01	2.95e-02	7.61e-07	0.00e+00	0.00e+00	0.00e+00	0.00e+00	0.00e+00	0.00e+00	8.71e-01	5.77e-02	4.14e-02
 7.06224e+15	9.72e-01	2.84e-02	6.89e-07	0.00e+00	0.00e+00	0.00e+00	0.00e+00	0.00e+00	0.00e+00	8.73e-01	5.74e-02	4.12e-02
 7.07795e+15	9.73e-01	2.73e-02	6.25e-07	0.00e+00	0.00e+00	0.00e+00	0.00e+00	0.00e+00	0.00e+00	8.75e-01	5.71e-02	4.10e-02
 7.09370e+15	9.74e-01	2.62e-02	5.66e-07	0.00e+00	0.00e+00	0.00e+00	0.00e+00	0.00e+00	0.00e+00	8.76e-01	5.68e-02	4.08e-02
 7.10950e+15	9.75e-01	2.52e-02	5.14e-07	0.00e+00	0.00e+00	0.00e+00	0.00e+00	0.00e+00	0.00e+00	8.78e-01	5.66e-02	4.06e-02
 7.12521e+15	9.76e-01	2.42e-02	4.66e-07	0.00e+00	0.00e+00	0.00e+00	0.00e+00	0.00e+00	0.00e+00	8.79e-01	5.63e-02	4.04e-02
 7.14078e+15	9.77e-01	2.32e-02	4.24e-07	0.00e+00	0.00e+00	0.00e+00	0.00e+00	0.00e+00	0.00e+00	8.80e-01	5.60e-02	4.03e-02
 7.15607e+15	9.78e-01	2.23e-02	3.86e-07	0.00e+00	0.00e+00	0.00e+00	0.00e+00	0.00e+00	0.00e+00	8.82e-01	5.57e-02	4.01e-02
 7.16961e+15	9.78e-01	2.15e-02	3.56e-07	0.00e+00	0.00e+00	0.00e+00	0.00e+00	0.00e+00	0.00e+00	8.83e-01	5.55e-02	3.99e-02
 7.18044e+15	9.79e-01	2.09e-02	3.34e-07	0.00e+00	0.00e+00	0.00e+00	0.00e+00	0.00e+00	0.00e+00	8.84e-01	5.53e-02	3.98e-02
 7.18933e+15	9.80e-01	2.05e-02	3.18e-07	0.00e+00	0.00e+00	0.00e+00	0.00e+00	0.00e+00	0.00e+00	8.85e-01	5.51e-02	3.96e-02
 7.19766e+15	9.80e-01	2.00e-02	3.03e-07	0.00e+00	0.00e+00	0.00e+00	0.00e+00	0.00e+00	0.00e+00	8.85e-01	5.50e-02	3.95e-02
 7.20645e+15	9.80e-01	1.96e-02	2.88e-07	0.00e+00	0.00e+00	0.00e+00	0.00e+00	0.00e+00	0.00e+00	8.86e-01	5.48e-02	3.94e-02
 7.21509e+15	9.81e-01	1.91e-02	2.73e-07	0.00e+00	0.00e+00	0.00e+00	0.00e+00	0.00e+00	0.00e+00	8.87e-01	5.46e-02	3.93e-02
 7.22287e+15	9.81e-01	1.87e-02	2.61e-07	0.00e+00	0.00e+00	0.00e+00	0.00e+00	0.00e+00	0.00e+00	8.88e-01	5.45e-02	3.92e-02
 7.22976e+15	9.82e-01	1.84e-02	2.51e-07	0.00e+00	0.00e+00	0.00e+00	0.00e+00	0.00e+00	0.00e+00	8.88e-01	5.43e-02	3.91e-02
 7.23595e+15	9.82e-01	1.81e-02	2.43e-07	0.00e+00	0.00e+00	0.00e+00	0.00e+00	0.00e+00	0.00e+00	8.89e-01	5.42e-02	3.90e-02
 7.24190e+15	9.82e-01	1.78e-02	2.35e-07	0.00e+00	0.00e+00	0.00e+00	0.00e+00	0.00e+00	0.00e+00	8.89e-01	5.41e-02	3.89e-02
 7.24758e+15	9.82e-01	1.75e-02	2.27e-07	0.00e+00	0.00e+00	0.00e+00	0.00e+00	0.00e+00	0.00e+00	8.90e-01	5.40e-02	3.88e-02
 7.25304e+15	9.83e-01	1.72e-02	2.20e-07	0.00e+00	0.00e+00	0.00e+00	0.00e+00	0.00e+00	0.00e+00	8.90e-01	5.38e-02	3.87e-02
 7.25847e+15	9.83e-01	1.69e-02	2.13e-07	0.00e+00	0.00e+00	0.00e+00	0.00e+00	0.00e+00	0.00e+00	8.91e-01	5.37e-02	3.86e-02
 7.26362e+15	9.83e-01	1.67e-02	2.07e-07	0.00e+00	0.00e+00	0.00e+00	0.00e+00	0.00e+00	0.00e+00	8.91e-01	5.36e-02	3.85e-02
 7.26848e+15	9.84e-01	1.64e-02	2.01e-07	0.00e+00	0.00e+00	0.00e+00	0.00e+00	0.00e+00	0.00e+00	8.92e-01	5.35e-02	3.84e-02
 7.27315e+15	9.84e-01	1.62e-02	1.95e-07	0.00e+00	0.00e+00	0.00e+00	0.00e+00	0.00e+00	0.00e+00	8.92e-01	5.33e-02	3.83e-02
 7.27772e+15	9.84e-01	1.59e-02	1.90e-07	0.00e+00	0.00e+00	0.00e+00	0.00e+00	0.00e+00	0.00e+00	8.93e-01	5.32e-02	3.82e-02
 7.28226e+15	9.84e-01	1.57e-02	1.85e-07	0.00e+00	0.00e+00	0.00e+00	0.00e+00	0.00e+00	0.00e+00	8.93e-01	5.31e-02	3.81e-02
 7.28681e+15	9.85e-01	1.54e-02	1.80e-07	0.00e+00	0.00e+00	0.00e+00	0.00e+00	0.00e+00	0.00e+00	8.94e-01	5.30e-02	3.80e-02
 7.29142e+15	9.85e-01	1.52e-02	1.75e-07	0.00e+00	0.00e+00	0.00e+00	0.00e+00	0.00e+00	0.00e+00	8.94e-01	5.28e-02	3.79e-02
 7.29607e+15	9.85e-01	1.49e-02	1.71e-07	0.00e+00	0.00e+00	0.00e+00	0.00e+00	0.00e+00	0.00e+00	8.95e-01	5.27e-02	3.77e-02
 7.30091e+15	9.85e-01	1.46e-02	1.65e-07	0.00e+00	0.00e+00	0.00e+00	0.00e+00	0.00e+00	0.00e+00	8.95e-01	5.25e-02	3.76e-02
 7.30621e+15	9.86e-01	1.43e-02	1.60e-07	0.00e+00	0.00e+00	0.00e+00	0.00e+00	0.00e+00	0.00e+00	8.96e-01	5.23e-02	3.74e-02
 7.31202e+15	9.86e-01	1.40e-02	1.54e-07	0.00e+00	0.00e+00	0.00e+00	0.00e+00	0.00e+00	0.00e+00	8.97e-01	5.21e-02	3.73e-02
 7.31780e+15	9.86e-01	1.36e-02	1.48e-07	0.00e+00	0.00e+00	0.00e+00	0.00e+00	0.00e+00	0.00e+00	8.97e-01	5.18e-02	3.71e-02
 7.32306e+15	9.87e-01	1.33e-02	1.43e-07	0.00e+00	0.00e+00	0.00e+00	0.00e+00	0.00e+00	0.00e+00	8.98e-01	5.16e-02	3.69e-02
 7.32785e+15	9.87e-01	1.30e-02	1.39e-07	0.00e+00	0.00e+00	0.00e+00	0.00e+00	0.00e+00	0.00e+00	8.99e-01	5.14e-02	3.67e-02
 7.33221e+15	9.87e-01	1.27e-02	1.34e-07	0.00e+00	0.00e+00	0.00e+00	0.00e+00	0.00e+00	0.00e+00	9.00e-01	5.12e-02	3.65e-02
 7.33617e+15	9.88e-01	1.24e-02	1.31e-07	0.00e+00	0.00e+00	0.00e+00	0.00e+00	0.00e+00	0.00e+00	9.00e-01	5.10e-02	3.63e-02
 7.33978e+15	9.88e-01	1.22e-02	1.27e-07	0.00e+00	0.00e+00	0.00e+00	0.00e+00	0.00e+00	0.00e+00	9.01e-01	5.07e-02	3.61e-02
 7.34306e+15	9.88e-01	1.20e-02	1.24e-07	0.00e+00	0.00e+00	0.00e+00	0.00e+00	0.00e+00	0.00e+00	9.02e-01	5.05e-02	3.60e-02
 7.34605e+15	9.88e-01	1.18e-02	1.22e-07	0.00e+00	0.00e+00	0.00e+00	0.00e+00	0.00e+00	0.00e+00	9.02e-01	5.03e-02	3.58e-02
 7.34877e+15	9.88e-01	1.16e-02	1.19e-07	0.00e+00	0.00e+00	0.00e+00	0.00e+00	0.00e+00	0.00e+00	9.03e-01	5.01e-02	3.57e-02
 7.35124e+15	9.89e-01	1.14e-02	1.17e-07	0.00e+00	0.00e+00	0.00e+00	0.00e+00	0.00e+00	0.00e+00	9.03e-01	5.00e-02	3.56e-02
 7.35349e+15	9.89e-01	1.13e-02	1.15e-07	0.00e+00	0.00e+00	0.00e+00	0.00e+00	0.00e+00	0.00e+00	9.03e-01	4.98e-02	3.55e-02
 7.35596e+15	9.89e-01	1.11e-02	1.12e-07	0.00e+00	0.00e+00	0.00e+00	0.00e+00	0.00e+00	0.00e+00	9.04e-01	4.96e-02	3.53e-02
 7.35862e+15	9.89e-01	1.10e-02	1.10e-07	0.00e+00	0.00e+00	0.00e+00	0.00e+00	0.00e+00	0.00e+00	9.04e-01	4.94e-02	3.52e-02
 7.36105e+15	9.89e-01	1.08e-02	1.08e-07	0.00e+00	0.00e+00	0.00e+00	0.00e+00	0.00e+00	0.00e+00	9.05e-01	4.93e-02	3.51e-02
 7.36325e+15	9.89e-01	1.07e-02	1.06e-07	0.00e+00	0.00e+00	0.00e+00	0.00e+00	0.00e+00	0.00e+00	9.05e-01	4.91e-02	3.49e-02
 7.36567e+15	9.89e-01	1.05e-02	1.04e-07	0.00e+00	0.00e+00	0.00e+00	0.00e+00	0.00e+00	0.00e+00	9.06e-01	4.90e-02	3.48e-02
 7.36881e+15	9.90e-01	1.04e-02	1.01e-07	0.00e+00	0.00e+00	0.00e+00	0.00e+00	0.00e+00	0.00e+00	9.06e-01	4.88e-02	3.47e-02
 7.37220e+15	9.90e-01	1.02e-02	9.84e-08	0.00e+00	0.00e+00	0.00e+00	0.00e+00	0.00e+00	0.00e+00	9.07e-01	4.86e-02	3.45e-02
 7.37529e+15	9.90e-01	1.00e-02	9.59e-08	0.00e+00	0.00e+00	0.00e+00	0.00e+00	0.00e+00	0.00e+00	9.07e-01	4.84e-02	3.44e-02
 7.37809e+15	9.90e-01	9.88e-03	9.36e-08	0.00e+00	0.00e+00	0.00e+00	0.00e+00	0.00e+00	0.00e+00	9.08e-01	4.82e-02	3.43e-02
 7.38065e+15	9.90e-01	9.75e-03	9.16e-08	0.00e+00	0.00e+00	0.00e+00	0.00e+00	0.00e+00	0.00e+00	9.08e-01	4.81e-02	3.41e-02
 7.38345e+15	9.90e-01	9.61e-03	8.94e-08	0.00e+00	0.00e+00	0.00e+00	0.00e+00	0.00e+00	0.00e+00	9.08e-01	4.79e-02	3.40e-02
 7.38647e+15	9.91e-01	9.45e-03	8.70e-08	0.00e+00	0.00e+00	0.00e+00	0.00e+00	0.00e+00	0.00e+00	9.09e-01	4.77e-02	3.38e-02
 7.38923e+15	9.91e-01	9.31e-03	8.49e-08	0.00e+00	0.00e+00	0.00e+00	0.00e+00	0.00e+00	0.00e+00	9.09e-01	4.76e-02	3.37e-02
 7.39173e+15	9.91e-01	9.18e-03	8.31e-08	0.00e+00	0.00e+00	0.00e+00	0.00e+00	0.00e+00	0.00e+00	9.10e-01	4.74e-02	3.36e-02
 7.39447e+15	9.91e-01	9.04e-03	8.09e-08	0.00e+00	0.00e+00	0.00e+00	0.00e+00	0.00e+00	0.00e+00	9.10e-01	4.72e-02	3.34e-02
 7.39743e+15	9.91e-01	8.89e-03	7.87e-08	0.00e+00	0.00e+00	0.00e+00	0.00e+00	0.00e+00	0.00e+00	9.11e-01	4.70e-02	3.33e-02
 7.40013e+15	9.91e-01	8.75e-03	7.67e-08	0.00e+00	0.00e+00	0.00e+00	0.00e+00	0.00e+00	0.00e+00	9.11e-01	4.69e-02	3.31e-02
 7.40258e+15	9.91e-01	8.61e-03	7.48e-08	0.00e+00	0.00e+00	0.00e+00	0.00e+00	0.00e+00	0.00e+00	9.12e-01	4.67e-02	3.30e-02
 7.40481e+15	9.91e-01	8.51e-03	7.31e-08	0.00e+00	0.00e+00	0.00e+00	0.00e+00	0.00e+00	0.00e+00	9.12e-01	4.65e-02	3.28e-02
 7.40684e+15	9.92e-01	8.39e-03	7.15e-08	0.00e+00	0.00e+00	0.00e+00	0.00e+00	0.00e+00	0.00e+00	9.13e-01	4.64e-02	3.27e-02
 7.40907e+15	9.92e-01	8.27e-03	6.97e-08	0.00e+00	0.00e+00	0.00e+00	0.00e+00	0.00e+00	0.00e+00	9.13e-01	4.62e-02	3.25e-02
 7.41147e+15	9.92e-01	8.15e-03	6.79e-08	0.00e+00	0.00e+00	0.00e+00	0.00e+00	0.00e+00	0.00e+00	9.14e-01	4.60e-02	3.23e-02
 7.41366e+15	9.92e-01	8.03e-03	6.63e-08	0.00e+00	0.00e+00	0.00e+00	0.00e+00	0.00e+00	0.00e+00	9.14e-01	4.58e-02	3.22e-02
 7.41565e+15	9.92e-01	7.92e-03	6.48e-08	0.00e+00	0.00e+00	0.00e+00	0.00e+00	0.00e+00	0.00e+00	9.14e-01	4.56e-02	3.20e-02
 7.41783e+15	9.92e-01	7.81e-03	6.32e-08	0.00e+00	0.00e+00	0.00e+00	0.00e+00	0.00e+00	0.00e+00	9.15e-01	4.55e-02	3.19e-02
 7.42018e+15	9.92e-01	7.69e-03	6.16e-08	0.00e+00	0.00e+00	0.00e+00	0.00e+00	0.00e+00	0.00e+00	9.15e-01	4.53e-02	3.17e-02
 7.42233e+15	9.92e-01	7.57e-03	6.01e-08	0.00e+00	0.00e+00	0.00e+00	0.00e+00	0.00e+00	0.00e+00	9.16e-01	4.51e-02	3.15e-02
 7.42427e+15	9.93e-01	7.47e-03	5.88e-08	0.00e+00	0.00e+00	0.00e+00	0.00e+00	0.00e+00	0.00e+00	9.16e-01	4.49e-02	3.14e-02
 7.42641e+15	9.93e-01	7.37e-03	5.74e-08	0.00e+00	0.00e+00	0.00e+00	0.00e+00	0.00e+00	0.00e+00	9.17e-01	4.47e-02	3.12e-02
 7.42872e+15	9.93e-01	7.25e-03	5.59e-08	0.00e+00	0.00e+00	0.00e+00	0.00e+00	0.00e+00	0.00e+00	9.17e-01	4.45e-02	3.10e-02
 7.43082e+15	9.93e-01	7.14e-03	5.45e-08	0.00e+00	0.00e+00	0.00e+00	0.00e+00	0.00e+00	0.00e+00	9.18e-01	4.43e-02	3.09e-02
 7.43272e+15	9.93e-01	7.04e-03	5.33e-08	0.00e+00	0.00e+00	0.00e+00	0.00e+00	0.00e+00	0.00e+00	9.18e-01	4.41e-02	3.07e-02
 7.43482e+15	9.93e-01	6.94e-03	5.19e-08	0.00e+00	0.00e+00	0.00e+00	0.00e+00	0.00e+00	0.00e+00	9.19e-01	4.39e-02	3.05e-02
