#depth	H	H+	H2
 1.85020e+11	1.44e-03	9.99e-01	8.19e-12
 1.11012e+12	1.44e-03	9.99e-01	8.20e-12
 4.81053e+12	1.45e-03	9.99e-01	8.28e-12
 1.96122e+13	1.46e-03	9.99e-01	8.51e-12
 4.68472e+13	1.46e-03	9.99e-01	8.85e-12
 8.22527e+13	1.47e-03	9.99e-01	9.38e-12
 1.28280e+14	1.51e-03	9.98e-01	1.02e-11
 1.88115e+14	1.56e-03	9.98e-01	1.15e-11
 2.65901e+14	1.65e-03	9.98e-01	1.35e-11
 3.67023e+14	1.80e-03	9.98e-01	1.69e-11
 4.97361e+14	2.01e-03	9.98e-01	2.27e-11
 6.31834e+14	2.24e-03	9.98e-01	3.03e-11
 7.46608e+14	2.45e-03	9.98e-01	3.88e-11
 8.62233e+14	2.72e-03	9.97e-01	5.07e-11
 9.92484e+14	3.05e-03	9.97e-01	6.82e-11
 1.12542e+15	3.39e-03	9.97e-01	9.18e-11
 1.22872e+15	3.65e-03	9.96e-01	1.14e-10
 1.30084e+15	3.85e-03	9.96e-01	1.33e-10
 1.37820e+15	4.09e-03	9.96e-01	1.59e-10
 1.47878e+15	4.42e-03	9.96e-01	1.99e-10
 1.58145e+15	4.73e-03	9.95e-01	2.47e-10
 1.66691e+15	5.00e-03	9.95e-01	2.95e-10
 1.75808e+15	5.32e-03	9.95e-01	3.58e-10
 1.85834e+15	5.67e-03	9.94e-01	4.39e-10
 1.95101e+15	5.99e-03	9.94e-01	5.29e-10
 2.03889e+15	6.32e-03	9.94e-01	6.30e-10
 2.13993e+15	6.71e-03	9.93e-01	7.67e-10
 2.24682e+15	7.12e-03	9.93e-01	9.38e-10
 2.33905e+15	7.48e-03	9.93e-01	1.11e-09
 2.42380e+15	7.83e-03	9.92e-01	1.29e-09
 2.52111e+15	8.25e-03	9.92e-01	1.53e-09
 2.62545e+15	8.70e-03	9.91e-01	1.81e-09
 2.71683e+15	9.12e-03	9.91e-01	2.10e-09
 2.80007e+15	9.52e-03	9.90e-01	2.38e-09
 2.89480e+15	1.00e-02	9.90e-01	2.69e-09
 2.99626e+15	1.05e-02	9.89e-01	3.07e-09
 3.08491e+15	1.10e-02	9.89e-01	3.43e-09
 3.16561e+15	1.15e-02	9.89e-01	3.74e-09
 3.25752e+15	1.20e-02	9.88e-01	4.03e-09
 3.35624e+15	1.27e-02	9.87e-01	4.36e-09
 3.44259e+15	1.33e-02	9.87e-01	4.64e-09
 3.52061e+15	1.39e-02	9.86e-01	4.84e-09
 3.60903e+15	1.47e-02	9.85e-01	4.94e-09
 3.70527e+15	1.55e-02	9.84e-01	5.07e-09
 3.79123e+15	1.64e-02	9.84e-01	5.17e-09
 3.86965e+15	1.73e-02	9.83e-01	5.24e-09
 3.95868e+15	1.84e-02	9.82e-01	5.07e-09
 4.05697e+15	1.98e-02	9.80e-01	5.05e-09
 4.14734e+15	2.12e-02	9.79e-01	4.98e-09
 4.24486e+15	2.30e-02	9.77e-01	4.81e-09
 4.35312e+15	2.53e-02	9.75e-01	4.75e-09
 4.45537e+15	2.79e-02	9.72e-01	4.77e-09
 4.56834e+15	3.11e-02	9.69e-01	4.67e-09
 4.69553e+15	3.55e-02	9.64e-01	4.73e-09
 4.81165e+15	4.07e-02	9.59e-01	4.96e-09
 4.91053e+15	4.59e-02	9.54e-01	5.21e-09
 5.01652e+15	5.20e-02	9.48e-01	5.33e-09
 5.13086e+15	6.07e-02	9.39e-01	5.70e-09
 5.22973e+15	7.03e-02	9.30e-01	6.23e-09
 5.31388e+15	8.02e-02	9.20e-01	6.75e-09
 5.40473e+15	9.19e-02	9.08e-01	7.20e-09
 5.50236e+15	1.09e-01	8.91e-01	8.05e-09
 5.58579e+15	1.29e-01	8.71e-01	9.13e-09
 5.65384e+15	1.49e-01	8.51e-01	1.02e-08
 5.71420e+15	1.70e-01	8.30e-01	1.13e-08
 5.77406e+15	1.93e-01	8.07e-01	1.25e-08
 5.83520e+15	2.23e-01	7.77e-01	1.39e-08
 5.89348e+15	2.57e-01	7.43e-01	1.57e-08
 5.94557e+15	2.93e-01	7.07e-01	1.77e-08
 5.98974e+15	3.28e-01	6.72e-01	1.97e-08
 6.02549e+15	3.59e-01	6.41e-01	2.17e-08
 6.05549e+15	3.86e-01	6.14e-01	2.33e-08
 6.08257e+15	4.12e-01	5.88e-01	2.49e-08
 6.10813e+15	4.37e-01	5.63e-01	2.64e-08
 6.13256e+15	4.62e-01	5.38e-01	2.80e-08
 6.15540e+15	4.86e-01	5.14e-01	2.97e-08
 6.17650e+15	5.09e-01	4.91e-01	3.13e-08
 6.19647e+15	5.30e-01	4.70e-01	3.27e-08
 6.21231e+15	5.47e-01	4.53e-01	3.41e-08
 6.22288e+15	5.58e-01	4.42e-01	3.50e-08
 6.23246e+15	5.69e-01	4.31e-01	3.58e-08
 6.24356e+15	5.80e-01	4.20e-01	3.64e-08
 6.25643e+15	5.94e-01	4.06e-01	3.75e-08
 6.26939e+15	6.08e-01	3.92e-01	3.87e-08
 6.28107e+15	6.20e-01	3.80e-01	3.96e-08
 6.29210e+15	6.31e-01	3.69e-01	4.05e-08
 6.30355e+15	6.43e-01	3.57e-01	4.15e-08
 6.31543e+15	6.54e-01	3.46e-01	4.24e-08
 6.32733e+15	6.66e-01	3.34e-01	4.35e-08
 6.33895e+15	6.77e-01	3.23e-01	4.43e-08
 6.35046e+15	6.89e-01	3.11e-01	4.55e-08
 6.36204e+15	6.99e-01	3.01e-01	4.63e-08
 6.37368e+15	7.10e-01	2.90e-01	4.74e-08
 6.38536e+15	7.20e-01	2.80e-01	4.83e-08
 6.39705e+15	7.31e-01	2.69e-01	4.94e-08
 6.40873e+15	7.41e-01	2.59e-01	5.03e-08
 6.42044e+15	7.50e-01	2.50e-01	5.14e-08
 6.43220e+15	7.60e-01	2.40e-01	5.24e-08
 6.44396e+15	7.69e-01	2.31e-01	5.34e-08
 6.45587e+15	7.78e-01	2.22e-01	5.44e-08
 6.46789e+15	7.87e-01	2.13e-01	5.54e-08
 6.47993e+15	7.95e-01	2.05e-01	5.66e-08
 6.49194e+15	8.03e-01	1.97e-01	5.75e-08
 6.50407e+15	8.11e-01	1.89e-01	5.88e-08
 6.51635e+15	8.19e-01	1.81e-01	5.97e-08
 6.52875e+15	8.26e-01	1.74e-01	6.09e-08
 6.54134e+15	8.33e-01	1.67e-01	6.21e-08
 6.55394e+15	8.40e-01	1.60e-01	6.33e-08
 6.56658e+15	8.47e-01	1.53e-01	6.48e-08
 6.57926e+15	8.53e-01	1.47e-01	6.59e-08
 6.59197e+15	8.60e-01	1.40e-01	6.75e-08
 6.60481e+15	8.65e-01	1.35e-01	6.84e-08
 6.61774e+15	8.71e-01	1.29e-01	7.01e-08
 6.63071e+15	8.77e-01	1.23e-01	7.16e-08
 6.64384e+15	8.82e-01	1.18e-01	7.31e-08
 6.65712e+15	8.87e-01	1.13e-01	7.48e-08
 6.67033e+15	8.92e-01	1.08e-01	7.65e-08
 6.68351e+15	8.96e-01	1.04e-01	7.82e-08
 6.69682e+15	9.00e-01	9.97e-02	7.99e-08
 6.71028e+15	9.05e-01	9.55e-02	8.22e-08
 6.72387e+15	9.08e-01	9.16e-02	8.37e-08
 6.73749e+15	9.12e-01	8.78e-02	8.62e-08
 6.75107e+15	9.16e-01	8.42e-02	8.86e-08
 6.76484e+15	9.19e-01	8.07e-02	9.09e-08
 6.77886e+15	9.23e-01	7.74e-02	9.32e-08
 6.79292e+15	9.26e-01	7.43e-02	9.62e-08
 6.80692e+15	9.29e-01	7.12e-02	9.92e-08
 6.82109e+15	9.32e-01	6.84e-02	1.02e-07
 6.83549e+15	9.34e-01	6.56e-02	1.06e-07
 6.84995e+15	9.37e-01	6.29e-02	1.09e-07
 6.86446e+15	9.40e-01	6.04e-02	1.13e-07
 6.87904e+15	9.42e-01	5.80e-02	1.17e-07
 6.89379e+15	9.44e-01	5.57e-02	1.21e-07
 6.90868e+15	9.47e-01	5.34e-02	1.27e-07
 6.92366e+15	9.49e-01	5.14e-02	1.31e-07
 6.93871e+15	9.51e-01	4.93e-02	1.37e-07
 6.95374e+15	9.53e-01	4.74e-02	1.44e-07
 6.96898e+15	9.54e-01	4.55e-02	1.51e-07
 6.98444e+15	9.56e-01	4.38e-02	1.58e-07
 6.99990e+15	9.58e-01	4.20e-02	1.68e-07
 7.01534e+15	9.60e-01	4.04e-02	1.78e-07
 7.03088e+15	9.61e-01	3.88e-02	1.89e-07
 7.04655e+15	9.63e-01	3.73e-02	2.02e-07
 7.06224e+15	9.64e-01	3.59e-02	2.17e-07
 7.07795e+15	9.66e-01	3.45e-02	2.34e-07
 7.09370e+15	9.67e-01	3.31e-02	2.55e-07
 7.10950e+15	9.68e-01	3.19e-02	2.79e-07
 7.12521e+15	9.69e-01	3.06e-02	3.10e-07
 7.14078e+15	9.71e-01	2.95e-02	3.46e-07
 7.15607e+15	9.72e-01	2.83e-02	3.96e-07
 7.16961e+15	9.73e-01	2.74e-02	4.52e-07
 7.18044e+15	9.73e-01	2.66e-02	5.13e-07
 7.18933e+15	9.74e-01	2.61e-02	5.67e-07
 7.19766e+15	9.74e-01	2.55e-02	6.26e-07
 7.20645e+15	9.75e-01	2.50e-02	7.03e-07
 7.21509e+15	9.76e-01	2.44e-02	7.92e-07
 7.22287e+15	9.76e-01	2.39e-02	8.94e-07
 7.22976e+15	9.76e-01	2.35e-02	1.00e-06
 7.23595e+15	9.77e-01	2.32e-02	1.11e-06
 7.24190e+15	9.77e-01	2.28e-02	1.25e-06
 7.24758e+15	9.78e-01	2.24e-02	1.39e-06
 7.25304e+15	9.78e-01	2.21e-02	1.55e-06
 7.25847e+15	9.78e-01	2.17e-02	1.73e-06
 7.26362e+15	9.79e-01	2.14e-02	1.94e-06
 7.26848e+15	9.79e-01	2.11e-02	2.16e-06
 7.27315e+15	9.79e-01	2.08e-02	2.40e-06
 7.27772e+15	9.79e-01	2.05e-02	2.67e-06
 7.28226e+15	9.80e-01	2.02e-02	2.97e-06
 7.28681e+15	9.80e-01	2.00e-02	3.29e-06
 7.29142e+15	9.80e-01	1.96e-02	3.65e-06
 7.29607e+15	9.81e-01	1.93e-02	4.03e-06
 7.30091e+15	9.81e-01	1.90e-02	4.42e-06
 7.30621e+15	9.81e-01	1.86e-02	4.86e-06
 7.31202e+15	9.82e-01	1.82e-02	5.31e-06
 7.31780e+15	9.82e-01	1.78e-02	5.68e-06
 7.32306e+15	9.83e-01	1.74e-02	5.95e-06
 7.32785e+15	9.83e-01	1.70e-02	6.14e-06
 7.33221e+15	9.83e-01	1.66e-02	6.26e-06
 7.33617e+15	9.84e-01	1.63e-02	6.34e-06
 7.33978e+15	9.84e-01	1.61e-02	6.40e-06
 7.34306e+15	9.84e-01	1.58e-02	6.44e-06
 7.34605e+15	9.84e-01	1.56e-02	6.48e-06
 7.34877e+15	9.85e-01	1.54e-02	6.51e-06
 7.35124e+15	9.85e-01	1.52e-02	6.53e-06
 7.35349e+15	9.85e-01	1.50e-02	6.56e-06
 7.35596e+15	9.85e-01	1.49e-02	6.59e-06
 7.35862e+15	9.85e-01	1.46e-02	6.62e-06
 7.36105e+15	9.86e-01	1.45e-02	6.65e-06
 7.36325e+15	9.86e-01	1.43e-02	6.69e-06
 7.36567e+15	9.86e-01	1.42e-02	6.71e-06
 7.36881e+15	9.86e-01	1.40e-02	6.74e-06
 7.37220e+15	9.86e-01	1.38e-02	6.79e-06
 7.37529e+15	9.86e-01	1.36e-02	6.83e-06
 7.37809e+15	9.87e-01	1.34e-02	6.87e-06
 7.38065e+15	9.87e-01	1.32e-02	6.91e-06
 7.38345e+15	9.87e-01	1.31e-02	6.96e-06
 7.38647e+15	9.87e-01	1.29e-02	7.02e-06
 7.38923e+15	9.87e-01	1.27e-02	7.07e-06
 7.39173e+15	9.87e-01	1.26e-02	7.12e-06
 7.39447e+15	9.88e-01	1.24e-02	7.19e-06
 7.39743e+15	9.88e-01	1.22e-02	7.26e-06
 7.40013e+15	9.88e-01	1.21e-02	7.33e-06
 7.40258e+15	9.88e-01	1.19e-02	7.40e-06
 7.40481e+15	9.88e-01	1.18e-02	7.47e-06
 7.40684e+15	9.88e-01	1.17e-02	7.54e-06
 7.40907e+15	9.88e-01	1.15e-02	7.62e-06
 7.41147e+15	9.89e-01	1.14e-02	7.71e-06
 7.41366e+15	9.89e-01	1.12e-02	7.79e-06
 7.41565e+15	9.89e-01	1.11e-02	7.87e-06
 7.41783e+15	9.89e-01	1.10e-02	7.96e-06
 7.42018e+15	9.89e-01	1.09e-02	8.07e-06
 7.42233e+15	9.89e-01	1.07e-02	8.16e-06
 7.42427e+15	9.89e-01	1.06e-02	8.25e-06
 7.42641e+15	9.89e-01	1.05e-02	8.35e-06
 7.42872e+15	9.90e-01	1.04e-02	8.46e-06
 7.43082e+15	9.90e-01	1.02e-02	8.56e-06
 7.43272e+15	9.90e-01	1.01e-02	8.65e-06
 7.43482e+15	9.90e-01	9.99e-03	8.76e-06
