#depth	He	He+	He+2
 1.85020e+11	1.02e-03	8.63e-01	1.36e-01
 1.11012e+12	1.02e-03	8.64e-01	1.35e-01
 4.81053e+12	1.02e-03	8.65e-01	1.34e-01
 1.96122e+13	1.04e-03	8.71e-01	1.28e-01
 4.68472e+13	1.07e-03	8.78e-01	1.21e-01
 8.22527e+13	1.10e-03	8.89e-01	1.10e-01
 1.28280e+14	1.15e-03	9.03e-01	9.62e-02
 1.88115e+14	1.21e-03	9.19e-01	7.96e-02
 2.65901e+14	1.30e-03	9.38e-01	6.11e-02
 3.67023e+14	1.42e-03	9.56e-01	4.24e-02
 4.97361e+14	1.58e-03	9.72e-01	2.61e-02
 6.31834e+14	1.74e-03	9.82e-01	1.58e-02
 7.46608e+14	1.89e-03	9.88e-01	1.02e-02
 8.62233e+14	2.07e-03	9.91e-01	6.54e-03
 9.92484e+14	2.29e-03	9.94e-01	3.98e-03
 1.12542e+15	2.53e-03	9.95e-01	2.42e-03
 1.22872e+15	2.72e-03	9.96e-01	1.68e-03
 1.30084e+15	2.87e-03	9.96e-01	1.29e-03
 1.37820e+15	3.05e-03	9.96e-01	9.67e-04
 1.47878e+15	3.30e-03	9.96e-01	6.70e-04
 1.58145e+15	3.56e-03	9.96e-01	4.69e-04
 1.66691e+15	3.79e-03	9.96e-01	3.49e-04
 1.75808e+15	4.08e-03	9.96e-01	2.54e-04
 1.85834e+15	4.40e-03	9.95e-01	1.81e-04
 1.95101e+15	4.72e-03	9.95e-01	1.33e-04
 2.03889e+15	5.05e-03	9.95e-01	1.00e-04
 2.13993e+15	5.46e-03	9.94e-01	7.19e-05
 2.24682e+15	5.92e-03	9.94e-01	5.14e-05
 2.33905e+15	6.36e-03	9.94e-01	3.87e-05
 2.42380e+15	6.80e-03	9.93e-01	2.98e-05
 2.52111e+15	7.34e-03	9.93e-01	2.21e-05
 2.62545e+15	7.97e-03	9.92e-01	1.63e-05
 2.71683e+15	8.57e-03	9.91e-01	1.25e-05
 2.80007e+15	9.17e-03	9.91e-01	9.87e-06
 2.89480e+15	9.91e-03	9.90e-01	7.53e-06
 2.99626e+15	1.08e-02	9.89e-01	5.70e-06
 3.08491e+15	1.16e-02	9.88e-01	4.50e-06
 3.16561e+15	1.24e-02	9.88e-01	3.63e-06
 3.25752e+15	1.34e-02	9.87e-01	2.85e-06
 3.35624e+15	1.46e-02	9.85e-01	2.22e-06
 3.44259e+15	1.57e-02	9.84e-01	1.80e-06
 3.52061e+15	1.69e-02	9.83e-01	1.49e-06
 3.60903e+15	1.83e-02	9.82e-01	1.20e-06
 3.70527e+15	2.00e-02	9.80e-01	9.64e-07
 3.79123e+15	2.17e-02	9.78e-01	7.97e-07
 3.86965e+15	2.34e-02	9.77e-01	6.71e-07
 3.95868e+15	2.55e-02	9.74e-01	5.55e-07
 4.05697e+15	2.82e-02	9.72e-01	4.55e-07
 4.14734e+15	3.09e-02	9.69e-01	3.82e-07
 4.24486e+15	3.42e-02	9.66e-01	3.18e-07
 4.35312e+15	3.84e-02	9.62e-01	2.62e-07
 4.45537e+15	4.29e-02	9.57e-01	2.21e-07
 4.56834e+15	4.84e-02	9.52e-01	1.84e-07
 4.69553e+15	5.56e-02	9.44e-01	1.53e-07
 4.81165e+15	6.32e-02	9.37e-01	1.31e-07
 4.91053e+15	7.06e-02	9.29e-01	1.16e-07
 5.01652e+15	7.95e-02	9.21e-01	1.02e-07
 5.13086e+15	9.01e-02	9.10e-01	9.02e-08
 5.22973e+15	1.01e-01	8.99e-01	8.19e-08
 5.31388e+15	1.12e-01	8.88e-01	7.59e-08
 5.40473e+15	1.24e-01	8.76e-01	7.01e-08
 5.50236e+15	1.40e-01	8.60e-01	6.52e-08
 5.58579e+15	1.55e-01	8.45e-01	6.16e-08
 5.65384e+15	1.70e-01	8.30e-01	5.91e-08
 5.71420e+15	1.85e-01	8.15e-01	5.71e-08
 5.77406e+15	2.01e-01	7.99e-01	5.53e-08
 5.83520e+15	2.19e-01	7.81e-01	5.37e-08
 5.89348e+15	2.39e-01	7.61e-01	5.26e-08
 5.94557e+15	2.59e-01	7.41e-01	5.18e-08
 5.98974e+15	2.78e-01	7.22e-01	5.14e-08
 6.02549e+15	2.94e-01	7.06e-01	5.12e-08
 6.05549e+15	3.09e-01	6.91e-01	5.11e-08
 6.08257e+15	3.22e-01	6.78e-01	5.11e-08
 6.10813e+15	3.36e-01	6.64e-01	5.12e-08
 6.13256e+15	3.49e-01	6.51e-01	5.14e-08
 6.15540e+15	3.62e-01	6.38e-01	5.16e-08
 6.17650e+15	3.75e-01	6.25e-01	5.18e-08
 6.19647e+15	3.86e-01	6.14e-01	5.22e-08
 6.21231e+15	3.95e-01	6.05e-01	5.27e-08
 6.22288e+15	4.02e-01	5.98e-01	5.29e-08
 6.23246e+15	4.08e-01	5.92e-01	5.30e-08
 6.24356e+15	4.15e-01	5.85e-01	5.34e-08
 6.25643e+15	4.23e-01	5.77e-01	5.36e-08
 6.26939e+15	4.31e-01	5.69e-01	5.39e-08
 6.28107e+15	4.39e-01	5.61e-01	5.43e-08
 6.29210e+15	4.46e-01	5.54e-01	5.47e-08
 6.30355e+15	4.53e-01	5.47e-01	5.50e-08
 6.31543e+15	4.61e-01	5.39e-01	5.55e-08
 6.32733e+15	4.69e-01	5.31e-01	5.58e-08
 6.33895e+15	4.76e-01	5.24e-01	5.64e-08
 6.35046e+15	4.84e-01	5.16e-01	5.67e-08
 6.36204e+15	4.92e-01	5.08e-01	5.73e-08
 6.37368e+15	5.00e-01	5.00e-01	5.76e-08
 6.38536e+15	5.07e-01	4.93e-01	5.82e-08
 6.39705e+15	5.16e-01	4.84e-01	5.86e-08
 6.40873e+15	5.23e-01	4.77e-01	5.92e-08
 6.42044e+15	5.31e-01	4.69e-01	5.95e-08
 6.43220e+15	5.39e-01	4.61e-01	6.01e-08
 6.44396e+15	5.47e-01	4.53e-01	6.06e-08
 6.45587e+15	5.55e-01	4.45e-01	6.11e-08
 6.46789e+15	5.63e-01	4.37e-01	6.16e-08
 6.47993e+15	5.72e-01	4.28e-01	6.20e-08
 6.49194e+15	5.80e-01	4.20e-01	6.26e-08
 6.50407e+15	5.88e-01	4.12e-01	6.29e-08
 6.51635e+15	5.96e-01	4.04e-01	6.35e-08
 6.52875e+15	6.05e-01	3.95e-01	6.39e-08
 6.54134e+15	6.13e-01	3.87e-01	6.43e-08
 6.55394e+15	6.22e-01	3.78e-01	6.47e-08
 6.56658e+15	6.30e-01	3.70e-01	6.49e-08
 6.57926e+15	6.38e-01	3.62e-01	6.54e-08
 6.59197e+15	6.47e-01	3.53e-01	6.56e-08
 6.60481e+15	6.55e-01	3.45e-01	6.60e-08
 6.61774e+15	6.64e-01	3.36e-01	6.62e-08
 6.63071e+15	6.72e-01	3.28e-01	6.63e-08
 6.64384e+15	6.80e-01	3.20e-01	6.65e-08
 6.65712e+15	6.89e-01	3.11e-01	6.66e-08
 6.67033e+15	6.97e-01	3.03e-01	6.67e-08
 6.68351e+15	7.05e-01	2.95e-01	6.68e-08
 6.69682e+15	7.13e-01	2.87e-01	6.68e-08
 6.71028e+15	7.21e-01	2.79e-01	6.67e-08
 6.72387e+15	7.29e-01	2.71e-01	6.68e-08
 6.73749e+15	7.36e-01	2.64e-01	6.67e-08
 6.75107e+15	7.44e-01	2.56e-01	6.65e-08
 6.76484e+15	7.52e-01	2.48e-01	6.63e-08
 6.77886e+15	7.59e-01	2.41e-01	6.62e-08
 6.79292e+15	7.67e-01	2.33e-01	6.59e-08
 6.80692e+15	7.74e-01	2.26e-01	6.56e-08
 6.82109e+15	7.81e-01	2.19e-01	6.53e-08
 6.83549e+15	7.88e-01	2.12e-01	6.49e-08
 6.84995e+15	7.95e-01	2.05e-01	6.46e-08
 6.86446e+15	8.02e-01	1.98e-01	6.41e-08
 6.87904e+15	8.08e-01	1.92e-01	6.36e-08
 6.89379e+15	8.15e-01	1.85e-01	6.32e-08
 6.90868e+15	8.21e-01	1.79e-01	6.26e-08
 6.92366e+15	8.27e-01	1.73e-01	6.22e-08
 6.93871e+15	8.33e-01	1.67e-01	6.16e-08
 6.95374e+15	8.39e-01	1.61e-01	6.09e-08
 6.96898e+15	8.45e-01	1.55e-01	6.03e-08
 6.98444e+15	8.51e-01	1.49e-01	5.96e-08
 6.99990e+15	8.56e-01	1.44e-01	5.89e-08
 7.01534e+15	8.61e-01	1.39e-01	5.81e-08
 7.03088e+15	8.67e-01	1.33e-01	5.74e-08
 7.04655e+15	8.72e-01	1.28e-01	5.66e-08
 7.06224e+15	8.76e-01	1.24e-01	5.58e-08
 7.07795e+15	8.81e-01	1.19e-01	5.50e-08
 7.09370e+15	8.86e-01	1.14e-01	5.41e-08
 7.10950e+15	8.90e-01	1.10e-01	5.33e-08
 7.12521e+15	8.94e-01	1.06e-01	5.23e-08
 7.14078e+15	8.98e-01	1.02e-01	5.14e-08
 7.15607e+15	9.02e-01	9.77e-02	5.04e-08
 7.16961e+15	9.05e-01	9.45e-02	4.96e-08
 7.18044e+15	9.08e-01	9.19e-02	4.88e-08
 7.18933e+15	9.10e-01	8.98e-02	4.81e-08
 7.19766e+15	9.12e-01	8.78e-02	4.74e-08
 7.20645e+15	9.14e-01	8.58e-02	4.68e-08
 7.21509e+15	9.16e-01	8.37e-02	4.60e-08
 7.22287e+15	9.18e-01	8.20e-02	4.53e-08
 7.22976e+15	9.20e-01	8.04e-02	4.47e-08
 7.23595e+15	9.21e-01	7.91e-02	4.42e-08
 7.24190e+15	9.22e-01	7.79e-02	4.38e-08
 7.24758e+15	9.23e-01	7.66e-02	4.31e-08
 7.25304e+15	9.25e-01	7.53e-02	4.25e-08
 7.25847e+15	9.26e-01	7.42e-02	4.20e-08
 7.26362e+15	9.27e-01	7.31e-02	4.15e-08
 7.26848e+15	9.28e-01	7.21e-02	4.11e-08
 7.27315e+15	9.29e-01	7.11e-02	4.05e-08
 7.27772e+15	9.30e-01	7.01e-02	4.00e-08
 7.28226e+15	9.31e-01	6.92e-02	3.96e-08
 7.28681e+15	9.32e-01	6.83e-02	3.91e-08
 7.29142e+15	9.33e-01	6.73e-02	3.85e-08
 7.29607e+15	9.34e-01	6.64e-02	3.80e-08
 7.30091e+15	9.35e-01	6.54e-02	3.74e-08
 7.30621e+15	9.36e-01	6.43e-02	3.68e-08
 7.31202e+15	9.37e-01	6.31e-02	3.60e-08
 7.31780e+15	9.38e-01	6.19e-02	3.53e-08
 7.32306e+15	9.39e-01	6.08e-02	3.46e-08
 7.32785e+15	9.40e-01	5.98e-02	3.39e-08
 7.33221e+15	9.41e-01	5.88e-02	3.32e-08
 7.33617e+15	9.42e-01	5.80e-02	3.26e-08
 7.33978e+15	9.43e-01	5.72e-02	3.21e-08
 7.34306e+15	9.43e-01	5.65e-02	3.16e-08
 7.34605e+15	9.44e-01	5.59e-02	3.12e-08
 7.34877e+15	9.45e-01	5.53e-02	3.08e-08
 7.35124e+15	9.45e-01	5.48e-02	3.04e-08
 7.35349e+15	9.46e-01	5.43e-02	3.01e-08
 7.35596e+15	9.46e-01	5.37e-02	2.97e-08
 7.35862e+15	9.47e-01	5.31e-02	2.92e-08
 7.36105e+15	9.47e-01	5.26e-02	2.89e-08
 7.36325e+15	9.48e-01	5.22e-02	2.86e-08
 7.36567e+15	9.48e-01	5.17e-02	2.82e-08
 7.36881e+15	9.49e-01	5.10e-02	2.78e-08
 7.37220e+15	9.50e-01	5.04e-02	2.74e-08
 7.37529e+15	9.50e-01	4.98e-02	2.71e-08
 7.37809e+15	9.51e-01	4.93e-02	2.67e-08
 7.38065e+15	9.51e-01	4.88e-02	2.64e-08
 7.38345e+15	9.52e-01	4.82e-02	2.61e-08
 7.38647e+15	9.52e-01	4.77e-02	2.57e-08
 7.38923e+15	9.53e-01	4.72e-02	2.54e-08
 7.39173e+15	9.53e-01	4.67e-02	2.51e-08
 7.39447e+15	9.54e-01	4.61e-02	2.47e-08
 7.39743e+15	9.54e-01	4.56e-02	2.44e-08
 7.40013e+15	9.55e-01	4.51e-02	2.41e-08
 7.40258e+15	9.55e-01	4.46e-02	2.37e-08
 7.40481e+15	9.56e-01	4.42e-02	2.35e-08
 7.40684e+15	9.56e-01	4.38e-02	2.32e-08
 7.40907e+15	9.57e-01	4.34e-02	2.29e-08
 7.41147e+15	9.57e-01	4.29e-02	2.26e-08
 7.41366e+15	9.58e-01	4.25e-02	2.23e-08
 7.41565e+15	9.58e-01	4.21e-02	2.20e-08
 7.41783e+15	9.58e-01	4.17e-02	2.18e-08
 7.42018e+15	9.59e-01	4.12e-02	2.15e-08
 7.42233e+15	9.59e-01	4.08e-02	2.12e-08
 7.42427e+15	9.60e-01	4.05e-02	2.10e-08
 7.42641e+15	9.60e-01	4.01e-02	2.07e-08
 7.42872e+15	9.60e-01	3.97e-02	2.05e-08
 7.43082e+15	9.61e-01	3.93e-02	2.02e-08
 7.43272e+15	9.61e-01	3.89e-02	2.00e-08
 7.43482e+15	9.61e-01	3.86e-02	1.98e-08
