#depth	O	O+	O+2	O+3	O+4	O+5	O+6	O+7	O+8	O[1]	O[2]	O[3]
 2.77401e+11	2.76e-05	3.98e-02	9.60e-01	2.11e-04	0.00e+00	0.00e+00	0.00e+00	0.00e+00	0.00e+00	1.81e-05	6.64e-06	2.83e-06
 1.66441e+12	2.76e-05	3.98e-02	9.60e-01	2.10e-04	0.00e+00	0.00e+00	0.00e+00	0.00e+00	0.00e+00	1.81e-05	6.64e-06	2.83e-06
 7.21243e+12	2.76e-05	3.98e-02	9.60e-01	2.07e-04	0.00e+00	0.00e+00	0.00e+00	0.00e+00	0.00e+00	1.81e-05	6.64e-06	2.83e-06
 2.94045e+13	2.77e-05	3.98e-02	9.60e-01	1.95e-04	0.00e+00	0.00e+00	0.00e+00	0.00e+00	0.00e+00	1.81e-05	6.66e-06	2.84e-06
 7.02379e+13	2.76e-05	3.99e-02	9.60e-01	1.79e-04	0.00e+00	0.00e+00	0.00e+00	0.00e+00	0.00e+00	1.81e-05	6.67e-06	2.85e-06
 1.23321e+14	2.76e-05	4.00e-02	9.60e-01	1.60e-04	0.00e+00	0.00e+00	0.00e+00	0.00e+00	0.00e+00	1.81e-05	6.67e-06	2.85e-06
 1.92330e+14	2.77e-05	4.02e-02	9.60e-01	1.38e-04	0.00e+00	0.00e+00	0.00e+00	0.00e+00	0.00e+00	1.82e-05	6.69e-06	2.86e-06
 2.82041e+14	2.78e-05	4.04e-02	9.59e-01	1.13e-04	0.00e+00	0.00e+00	0.00e+00	0.00e+00	0.00e+00	1.82e-05	6.72e-06	2.87e-06
 3.98665e+14	2.80e-05	4.07e-02	9.59e-01	8.63e-05	0.00e+00	0.00e+00	0.00e+00	0.00e+00	0.00e+00	1.84e-05	6.77e-06	2.89e-06
 5.50277e+14	2.83e-05	4.10e-02	9.59e-01	6.09e-05	0.00e+00	0.00e+00	0.00e+00	0.00e+00	0.00e+00	1.86e-05	6.84e-06	2.93e-06
 7.47372e+14	2.88e-05	4.15e-02	9.58e-01	3.86e-05	0.00e+00	0.00e+00	0.00e+00	0.00e+00	0.00e+00	1.89e-05	6.95e-06	2.97e-06
 1.00360e+15	2.95e-05	4.21e-02	9.58e-01	2.15e-05	0.00e+00	0.00e+00	0.00e+00	0.00e+00	0.00e+00	1.93e-05	7.12e-06	3.05e-06
 1.33669e+15	3.05e-05	4.30e-02	9.57e-01	1.01e-05	0.00e+00	0.00e+00	0.00e+00	0.00e+00	0.00e+00	2.00e-05	7.36e-06	3.15e-06
 1.76970e+15	3.20e-05	4.41e-02	9.56e-01	4.00e-06	0.00e+00	0.00e+00	0.00e+00	0.00e+00	0.00e+00	2.10e-05	7.71e-06	3.30e-06
 2.33263e+15	3.42e-05	4.56e-02	9.54e-01	1.34e-06	0.00e+00	0.00e+00	0.00e+00	0.00e+00	0.00e+00	2.24e-05	8.23e-06	3.53e-06
 3.06443e+15	3.75e-05	4.77e-02	9.52e-01	4.53e-07	0.00e+00	0.00e+00	0.00e+00	0.00e+00	0.00e+00	2.46e-05	9.01e-06	3.87e-06
 4.01577e+15	4.26e-05	5.06e-02	9.49e-01	2.23e-07	0.00e+00	0.00e+00	0.00e+00	0.00e+00	0.00e+00	2.80e-05	1.02e-05	4.41e-06
 5.21252e+15	5.04e-05	5.45e-02	9.45e-01	1.64e-07	0.00e+00	0.00e+00	0.00e+00	0.00e+00	0.00e+00	3.31e-05	1.21e-05	5.21e-06
 6.49059e+15	6.06e-05	5.91e-02	9.41e-01	1.39e-07	0.00e+00	0.00e+00	0.00e+00	0.00e+00	0.00e+00	3.97e-05	1.46e-05	6.26e-06
 7.63260e+15	7.23e-05	6.36e-02	9.36e-01	0.00e+00	0.00e+00	0.00e+00	0.00e+00	0.00e+00	0.00e+00	4.74e-05	1.74e-05	7.47e-06
 8.56336e+15	8.43e-05	6.77e-02	9.32e-01	0.00e+00	0.00e+00	0.00e+00	0.00e+00	0.00e+00	0.00e+00	5.53e-05	2.03e-05	8.71e-06
 9.41970e+15	9.86e-05	7.20e-02	9.28e-01	0.00e+00	0.00e+00	0.00e+00	0.00e+00	0.00e+00	0.00e+00	6.46e-05	2.37e-05	1.02e-05
 1.03070e+16	1.17e-04	7.71e-02	9.23e-01	0.00e+00	0.00e+00	0.00e+00	0.00e+00	0.00e+00	0.00e+00	7.67e-05	2.81e-05	1.21e-05
 1.11358e+16	1.39e-04	8.24e-02	9.17e-01	0.00e+00	0.00e+00	0.00e+00	0.00e+00	0.00e+00	0.00e+00	9.08e-05	3.33e-05	1.43e-05
 1.18775e+16	1.63e-04	8.78e-02	9.12e-01	0.00e+00	0.00e+00	0.00e+00	0.00e+00	0.00e+00	0.00e+00	1.07e-04	3.92e-05	1.68e-05
 1.25639e+16	1.91e-04	9.35e-02	9.06e-01	0.00e+00	0.00e+00	0.00e+00	0.00e+00	0.00e+00	0.00e+00	1.25e-04	4.60e-05	1.97e-05
 1.32229e+16	2.24e-04	9.97e-02	9.00e-01	0.00e+00	0.00e+00	0.00e+00	0.00e+00	0.00e+00	0.00e+00	1.47e-04	5.41e-05	2.32e-05
 1.38545e+16	2.65e-04	1.06e-01	8.93e-01	0.00e+00	0.00e+00	0.00e+00	0.00e+00	0.00e+00	0.00e+00	1.73e-04	6.38e-05	2.73e-05
 1.44506e+16	3.12e-04	1.14e-01	8.86e-01	0.00e+00	0.00e+00	0.00e+00	0.00e+00	0.00e+00	0.00e+00	2.04e-04	7.54e-05	3.22e-05
 1.50130e+16	3.68e-04	1.22e-01	8.78e-01	0.00e+00	0.00e+00	0.00e+00	0.00e+00	0.00e+00	0.00e+00	2.41e-04	8.90e-05	3.80e-05
 1.55472e+16	4.35e-04	1.30e-01	8.69e-01	0.00e+00	0.00e+00	0.00e+00	0.00e+00	0.00e+00	0.00e+00	2.85e-04	1.05e-04	4.48e-05
 1.60571e+16	5.15e-04	1.40e-01	8.60e-01	0.00e+00	0.00e+00	0.00e+00	0.00e+00	0.00e+00	0.00e+00	3.37e-04	1.25e-04	5.31e-05
 1.65440e+16	6.12e-04	1.50e-01	8.49e-01	0.00e+00	0.00e+00	0.00e+00	0.00e+00	0.00e+00	0.00e+00	4.00e-04	1.48e-04	6.30e-05
 1.70082e+16	7.28e-04	1.62e-01	8.38e-01	0.00e+00	0.00e+00	0.00e+00	0.00e+00	0.00e+00	0.00e+00	4.76e-04	1.77e-04	7.49e-05
 1.74510e+16	8.67e-04	1.74e-01	8.25e-01	0.00e+00	0.00e+00	0.00e+00	0.00e+00	0.00e+00	0.00e+00	5.67e-04	2.11e-04	8.92e-05
 1.78759e+16	1.04e-03	1.88e-01	8.11e-01	0.00e+00	0.00e+00	0.00e+00	0.00e+00	0.00e+00	0.00e+00	6.79e-04	2.52e-04	1.07e-04
 1.82822e+16	1.25e-03	2.03e-01	7.95e-01	0.00e+00	0.00e+00	0.00e+00	0.00e+00	0.00e+00	0.00e+00	8.14e-04	3.03e-04	1.28e-04
 1.86694e+16	1.50e-03	2.20e-01	7.78e-01	0.00e+00	0.00e+00	0.00e+00	0.00e+00	0.00e+00	0.00e+00	9.79e-04	3.65e-04	1.54e-04
 1.90395e+16	1.81e-03	2.39e-01	7.59e-01	0.00e+00	0.00e+00	0.00e+00	0.00e+00	0.00e+00	0.00e+00	1.18e-03	4.40e-04	1.86e-04
 1.93942e+16	2.19e-03	2.60e-01	7.38e-01	0.00e+00	0.00e+00	0.00e+00	0.00e+00	0.00e+00	0.00e+00	1.43e-03	5.32e-04	2.24e-04
 1.97350e+16	2.66e-03	2.83e-01	7.15e-01	0.00e+00	0.00e+00	0.00e+00	0.00e+00	0.00e+00	0.00e+00	1.74e-03	6.47e-04	2.72e-04
 2.00563e+16	3.22e-03	3.07e-01	6.90e-01	0.00e+00	0.00e+00	0.00e+00	0.00e+00	0.00e+00	0.00e+00	2.11e-03	7.85e-04	3.30e-04
 2.03558e+16	3.90e-03	3.33e-01	6.63e-01	0.00e+00	0.00e+00	0.00e+00	0.00e+00	0.00e+00	0.00e+00	2.55e-03	9.50e-04	4.00e-04
 2.06383e+16	4.73e-03	3.62e-01	6.34e-01	0.00e+00	0.00e+00	0.00e+00	0.00e+00	0.00e+00	0.00e+00	3.09e-03	1.15e-03	4.84e-04
 2.09049e+16	5.73e-03	3.91e-01	6.03e-01	0.00e+00	0.00e+00	0.00e+00	0.00e+00	0.00e+00	0.00e+00	3.75e-03	1.39e-03	5.85e-04
 2.11568e+16	6.93e-03	4.23e-01	5.70e-01	0.00e+00	0.00e+00	0.00e+00	0.00e+00	0.00e+00	0.00e+00	4.53e-03	1.69e-03	7.08e-04
 2.13969e+16	8.39e-03	4.56e-01	5.35e-01	0.00e+00	0.00e+00	0.00e+00	0.00e+00	0.00e+00	0.00e+00	5.49e-03	2.04e-03	8.57e-04
 2.16251e+16	1.02e-02	4.91e-01	4.99e-01	0.00e+00	0.00e+00	0.00e+00	0.00e+00	0.00e+00	0.00e+00	6.66e-03	2.47e-03	1.04e-03
 2.18404e+16	1.23e-02	5.27e-01	4.61e-01	0.00e+00	0.00e+00	0.00e+00	0.00e+00	0.00e+00	0.00e+00	8.07e-03	3.00e-03	1.26e-03
 2.20434e+16	1.49e-02	5.64e-01	4.22e-01	0.00e+00	0.00e+00	0.00e+00	0.00e+00	0.00e+00	0.00e+00	9.77e-03	3.62e-03	1.52e-03
 2.22360e+16	1.81e-02	6.00e-01	3.82e-01	0.00e+00	0.00e+00	0.00e+00	0.00e+00	0.00e+00	0.00e+00	1.18e-02	4.38e-03	1.84e-03
 2.24191e+16	2.19e-02	6.36e-01	3.42e-01	0.00e+00	0.00e+00	0.00e+00	0.00e+00	0.00e+00	0.00e+00	1.43e-02	5.31e-03	2.23e-03
 2.25927e+16	2.65e-02	6.72e-01	3.02e-01	0.00e+00	0.00e+00	0.00e+00	0.00e+00	0.00e+00	0.00e+00	1.74e-02	6.43e-03	2.70e-03
 2.27564e+16	3.21e-02	7.05e-01	2.63e-01	0.00e+00	0.00e+00	0.00e+00	0.00e+00	0.00e+00	0.00e+00	2.11e-02	7.78e-03	3.27e-03
 2.29108e+16	3.90e-02	7.35e-01	2.26e-01	0.00e+00	0.00e+00	0.00e+00	0.00e+00	0.00e+00	0.00e+00	2.56e-02	9.42e-03	3.96e-03
 2.30566e+16	4.73e-02	7.62e-01	1.90e-01	0.00e+00	0.00e+00	0.00e+00	0.00e+00	0.00e+00	0.00e+00	3.10e-02	1.14e-02	4.80e-03
 2.31936e+16	5.73e-02	7.85e-01	1.58e-01	0.00e+00	0.00e+00	0.00e+00	0.00e+00	0.00e+00	0.00e+00	3.77e-02	1.38e-02	5.82e-03
 2.33225e+16	6.98e-02	8.02e-01	1.29e-01	0.00e+00	0.00e+00	0.00e+00	0.00e+00	0.00e+00	0.00e+00	4.59e-02	1.68e-02	7.07e-03
 2.34425e+16	8.48e-02	8.13e-01	1.03e-01	0.00e+00	0.00e+00	0.00e+00	0.00e+00	0.00e+00	0.00e+00	5.58e-02	2.03e-02	8.59e-03
 2.35376e+16	1.00e-01	8.16e-01	8.37e-02	0.00e+00	0.00e+00	0.00e+00	0.00e+00	0.00e+00	0.00e+00	6.60e-02	2.39e-02	1.01e-02
 2.36031e+16	1.13e-01	8.16e-01	7.12e-02	0.00e+00	0.00e+00	0.00e+00	0.00e+00	0.00e+00	0.00e+00	7.46e-02	2.69e-02	1.14e-02
 2.36591e+16	1.26e-01	8.13e-01	6.14e-02	0.00e+00	0.00e+00	0.00e+00	0.00e+00	0.00e+00	0.00e+00	8.32e-02	2.99e-02	1.27e-02
 2.37232e+16	1.43e-01	8.06e-01	5.11e-02	0.00e+00	0.00e+00	0.00e+00	0.00e+00	0.00e+00	0.00e+00	9.45e-02	3.38e-02	1.44e-02
 2.37917e+16	1.64e-01	7.95e-01	4.11e-02	0.00e+00	0.00e+00	0.00e+00	0.00e+00	0.00e+00	0.00e+00	1.09e-01	3.87e-02	1.66e-02
 2.38484e+16	1.85e-01	7.81e-01	3.38e-02	0.00e+00	0.00e+00	0.00e+00	0.00e+00	0.00e+00	0.00e+00	1.23e-01	4.34e-02	1.87e-02
 2.38941e+16	2.04e-01	7.67e-01	2.85e-02	0.00e+00	0.00e+00	0.00e+00	0.00e+00	0.00e+00	0.00e+00	1.36e-01	4.76e-02	2.06e-02
 2.39428e+16	2.28e-01	7.49e-01	2.33e-02	0.00e+00	0.00e+00	0.00e+00	0.00e+00	0.00e+00	0.00e+00	1.52e-01	5.28e-02	2.29e-02
 2.39943e+16	2.56e-01	7.26e-01	1.87e-02	0.00e+00	0.00e+00	0.00e+00	0.00e+00	0.00e+00	0.00e+00	1.71e-01	5.88e-02	2.57e-02
 2.40371e+16	2.82e-01	7.03e-01	1.53e-02	0.00e+00	0.00e+00	0.00e+00	0.00e+00	0.00e+00	0.00e+00	1.89e-01	6.44e-02	2.82e-02
 2.40729e+16	3.05e-01	6.82e-01	1.28e-02	0.00e+00	0.00e+00	0.00e+00	0.00e+00	0.00e+00	0.00e+00	2.05e-01	6.92e-02	3.05e-02
 2.41118e+16	3.34e-01	6.56e-01	1.04e-02	0.00e+00	0.00e+00	0.00e+00	0.00e+00	0.00e+00	0.00e+00	2.25e-01	7.50e-02	3.33e-02
 2.41531e+16	3.65e-01	6.27e-01	8.31e-03	0.00e+00	0.00e+00	0.00e+00	0.00e+00	0.00e+00	0.00e+00	2.47e-01	8.11e-02	3.63e-02
 2.41888e+16	3.94e-01	5.99e-01	6.75e-03	0.00e+00	0.00e+00	0.00e+00	0.00e+00	0.00e+00	0.00e+00	2.68e-01	8.68e-02	3.91e-02
 2.42202e+16	4.20e-01	5.74e-01	5.59e-03	0.00e+00	0.00e+00	0.00e+00	0.00e+00	0.00e+00	0.00e+00	2.87e-01	9.15e-02	4.15e-02
 2.42509e+16	4.47e-01	5.48e-01	4.61e-03	0.00e+00	0.00e+00	0.00e+00	0.00e+00	0.00e+00	0.00e+00	3.07e-01	9.64e-02	4.40e-02
 2.42831e+16	4.77e-01	5.19e-01	3.73e-03	0.00e+00	0.00e+00	0.00e+00	0.00e+00	0.00e+00	0.00e+00	3.29e-01	1.01e-01	4.67e-02
 2.43150e+16	5.05e-01	4.92e-01	3.01e-03	0.00e+00	0.00e+00	0.00e+00	0.00e+00	0.00e+00	0.00e+00	3.50e-01	1.06e-01	4.92e-02
 2.43432e+16	5.31e-01	4.66e-01	2.48e-03	0.00e+00	0.00e+00	0.00e+00	0.00e+00	0.00e+00	0.00e+00	3.70e-01	1.10e-01	5.15e-02
 2.43678e+16	5.53e-01	4.45e-01	2.08e-03	0.00e+00	0.00e+00	0.00e+00	0.00e+00	0.00e+00	0.00e+00	3.87e-01	1.13e-01	5.33e-02
 2.43913e+16	5.75e-01	4.23e-01	1.75e-03	0.00e+00	0.00e+00	0.00e+00	0.00e+00	0.00e+00	0.00e+00	4.04e-01	1.16e-01	5.51e-02
 2.44144e+16	5.95e-01	4.03e-01	1.47e-03	0.00e+00	0.00e+00	0.00e+00	0.00e+00	0.00e+00	0.00e+00	4.20e-01	1.18e-01	5.68e-02
 2.44335e+16	6.12e-01	3.87e-01	1.28e-03	0.00e+00	0.00e+00	0.00e+00	0.00e+00	0.00e+00	0.00e+00	4.34e-01	1.20e-01	5.80e-02
 2.44463e+16	6.23e-01	3.76e-01	1.17e-03	0.00e+00	0.00e+00	0.00e+00	0.00e+00	0.00e+00	0.00e+00	4.42e-01	1.21e-01	5.89e-02
 2.44581e+16	6.33e-01	3.66e-01	1.06e-03	0.00e+00	0.00e+00	0.00e+00	0.00e+00	0.00e+00	0.00e+00	4.51e-01	1.22e-01	5.96e-02
 2.44719e+16	6.45e-01	3.54e-01	9.53e-04	0.00e+00	0.00e+00	0.00e+00	0.00e+00	0.00e+00	0.00e+00	4.61e-01	1.23e-01	6.05e-02
 2.44868e+16	6.57e-01	3.42e-01	8.46e-04	0.00e+00	0.00e+00	0.00e+00	0.00e+00	0.00e+00	0.00e+00	4.71e-01	1.24e-01	6.14e-02
 2.45013e+16	6.69e-01	3.30e-01	7.54e-04	0.00e+00	0.00e+00	0.00e+00	0.00e+00	0.00e+00	0.00e+00	4.81e-01	1.25e-01	6.22e-02
 2.45151e+16	6.80e-01	3.19e-01	6.74e-04	0.00e+00	0.00e+00	0.00e+00	0.00e+00	0.00e+00	0.00e+00	4.91e-01	1.26e-01	6.29e-02
 2.45288e+16	6.92e-01	3.08e-01	6.01e-04	0.00e+00	0.00e+00	0.00e+00	0.00e+00	0.00e+00	0.00e+00	5.01e-01	1.27e-01	6.36e-02
 2.45427e+16	7.02e-01	2.97e-01	5.36e-04	0.00e+00	0.00e+00	0.00e+00	0.00e+00	0.00e+00	0.00e+00	5.10e-01	1.28e-01	6.43e-02
 2.45565e+16	7.13e-01	2.86e-01	4.77e-04	0.00e+00	0.00e+00	0.00e+00	0.00e+00	0.00e+00	0.00e+00	5.20e-01	1.28e-01	6.50e-02
 2.45703e+16	7.23e-01	2.76e-01	4.24e-04	0.00e+00	0.00e+00	0.00e+00	0.00e+00	0.00e+00	0.00e+00	5.29e-01	1.28e-01	6.55e-02
 2.45841e+16	7.34e-01	2.66e-01	3.77e-04	0.00e+00	0.00e+00	0.00e+00	0.00e+00	0.00e+00	0.00e+00	5.39e-01	1.29e-01	6.61e-02
 2.45980e+16	7.44e-01	2.56e-01	3.34e-04	0.00e+00	0.00e+00	0.00e+00	0.00e+00	0.00e+00	0.00e+00	5.48e-01	1.29e-01	6.66e-02
 2.46116e+16	7.54e-01	2.46e-01	2.96e-04	0.00e+00	0.00e+00	0.00e+00	0.00e+00	0.00e+00	0.00e+00	5.57e-01	1.29e-01	6.70e-02
 2.46251e+16	7.63e-01	2.37e-01	2.63e-04	0.00e+00	0.00e+00	0.00e+00	0.00e+00	0.00e+00	0.00e+00	5.66e-01	1.29e-01	6.74e-02
 2.46388e+16	7.72e-01	2.27e-01	2.32e-04	0.00e+00	0.00e+00	0.00e+00	0.00e+00	0.00e+00	0.00e+00	5.75e-01	1.29e-01	6.78e-02
 2.46525e+16	7.81e-01	2.19e-01	2.05e-04	0.00e+00	0.00e+00	0.00e+00	0.00e+00	0.00e+00	0.00e+00	5.84e-01	1.29e-01	6.81e-02
 2.46661e+16	7.90e-01	2.10e-01	1.81e-04	0.00e+00	0.00e+00	0.00e+00	0.00e+00	0.00e+00	0.00e+00	5.92e-01	1.29e-01	6.84e-02
 2.46798e+16	7.98e-01	2.01e-01	1.60e-04	0.00e+00	0.00e+00	0.00e+00	0.00e+00	0.00e+00	0.00e+00	6.01e-01	1.29e-01	6.87e-02
 2.46932e+16	8.07e-01	1.93e-01	1.41e-04	0.00e+00	0.00e+00	0.00e+00	0.00e+00	0.00e+00	0.00e+00	6.09e-01	1.28e-01	6.89e-02
 2.47066e+16	8.14e-01	1.86e-01	1.24e-04	0.00e+00	0.00e+00	0.00e+00	0.00e+00	0.00e+00	0.00e+00	6.17e-01	1.28e-01	6.90e-02
 2.47202e+16	8.22e-01	1.78e-01	1.09e-04	0.00e+00	0.00e+00	0.00e+00	0.00e+00	0.00e+00	0.00e+00	6.25e-01	1.28e-01	6.91e-02
 2.47338e+16	8.29e-01	1.70e-01	9.60e-05	0.00e+00	0.00e+00	0.00e+00	0.00e+00	0.00e+00	0.00e+00	6.33e-01	1.27e-01	6.92e-02
 2.47473e+16	8.37e-01	1.63e-01	8.43e-05	0.00e+00	0.00e+00	0.00e+00	0.00e+00	0.00e+00	0.00e+00	6.41e-01	1.27e-01	6.93e-02
 2.47608e+16	8.44e-01	1.56e-01	7.39e-05	0.00e+00	0.00e+00	0.00e+00	0.00e+00	0.00e+00	0.00e+00	6.49e-01	1.26e-01	6.93e-02
 2.47742e+16	8.50e-01	1.50e-01	6.49e-05	0.00e+00	0.00e+00	0.00e+00	0.00e+00	0.00e+00	0.00e+00	6.56e-01	1.25e-01	6.93e-02
 2.47875e+16	8.57e-01	1.43e-01	5.69e-05	0.00e+00	0.00e+00	0.00e+00	0.00e+00	0.00e+00	0.00e+00	6.63e-01	1.25e-01	6.92e-02
 2.48008e+16	8.63e-01	1.37e-01	4.99e-05	0.00e+00	0.00e+00	0.00e+00	0.00e+00	0.00e+00	0.00e+00	6.70e-01	1.24e-01	6.91e-02
 2.48141e+16	8.69e-01	1.31e-01	4.38e-05	0.00e+00	0.00e+00	0.00e+00	0.00e+00	0.00e+00	0.00e+00	6.77e-01	1.23e-01	6.90e-02
 2.48270e+16	8.74e-01	1.26e-01	3.85e-05	0.00e+00	0.00e+00	0.00e+00	0.00e+00	0.00e+00	0.00e+00	6.83e-01	1.22e-01	6.89e-02
 2.48397e+16	8.80e-01	1.20e-01	3.38e-05	0.00e+00	0.00e+00	0.00e+00	0.00e+00	0.00e+00	0.00e+00	6.89e-01	1.22e-01	6.87e-02
 2.48526e+16	8.85e-01	1.15e-01	2.97e-05	0.00e+00	0.00e+00	0.00e+00	0.00e+00	0.00e+00	0.00e+00	6.96e-01	1.21e-01	6.85e-02
 2.48655e+16	8.90e-01	1.10e-01	2.61e-05	0.00e+00	0.00e+00	0.00e+00	0.00e+00	0.00e+00	0.00e+00	7.02e-01	1.20e-01	6.83e-02
 2.48780e+16	8.94e-01	1.06e-01	2.29e-05	0.00e+00	0.00e+00	0.00e+00	0.00e+00	0.00e+00	0.00e+00	7.07e-01	1.19e-01	6.81e-02
 2.48904e+16	8.99e-01	1.01e-01	2.02e-05	0.00e+00	0.00e+00	0.00e+00	0.00e+00	0.00e+00	0.00e+00	7.13e-01	1.18e-01	6.79e-02
 2.49026e+16	9.03e-01	9.70e-02	1.78e-05	0.00e+00	0.00e+00	0.00e+00	0.00e+00	0.00e+00	0.00e+00	7.18e-01	1.17e-01	6.77e-02
 2.49147e+16	9.07e-01	9.30e-02	1.57e-05	0.00e+00	0.00e+00	0.00e+00	0.00e+00	0.00e+00	0.00e+00	7.23e-01	1.17e-01	6.74e-02
 2.49269e+16	9.11e-01	8.92e-02	1.39e-05	0.00e+00	0.00e+00	0.00e+00	0.00e+00	0.00e+00	0.00e+00	7.28e-01	1.16e-01	6.72e-02
 2.49389e+16	9.15e-01	8.55e-02	1.22e-05	0.00e+00	0.00e+00	0.00e+00	0.00e+00	0.00e+00	0.00e+00	7.33e-01	1.15e-01	6.69e-02
 2.49507e+16	9.18e-01	8.19e-02	1.08e-05	0.00e+00	0.00e+00	0.00e+00	0.00e+00	0.00e+00	0.00e+00	7.37e-01	1.14e-01	6.66e-02
 2.49625e+16	9.21e-01	7.86e-02	9.56e-06	0.00e+00	0.00e+00	0.00e+00	0.00e+00	0.00e+00	0.00e+00	7.42e-01	1.13e-01	6.63e-02
 2.49742e+16	9.24e-01	7.55e-02	8.46e-06	0.00e+00	0.00e+00	0.00e+00	0.00e+00	0.00e+00	0.00e+00	7.46e-01	1.13e-01	6.61e-02
 2.49857e+16	9.28e-01	7.24e-02	7.50e-06	0.00e+00	0.00e+00	0.00e+00	0.00e+00	0.00e+00	0.00e+00	7.50e-01	1.12e-01	6.58e-02
 2.49972e+16	9.30e-01	6.95e-02	6.64e-06	0.00e+00	0.00e+00	0.00e+00	0.00e+00	0.00e+00	0.00e+00	7.54e-01	1.11e-01	6.54e-02
 2.50086e+16	9.33e-01	6.67e-02	5.88e-06	0.00e+00	0.00e+00	0.00e+00	0.00e+00	0.00e+00	0.00e+00	7.58e-01	1.10e-01	6.51e-02
 2.50201e+16	9.36e-01	6.41e-02	5.21e-06	0.00e+00	0.00e+00	0.00e+00	0.00e+00	0.00e+00	0.00e+00	7.62e-01	1.10e-01	6.47e-02
 2.50314e+16	9.38e-01	6.15e-02	4.62e-06	0.00e+00	0.00e+00	0.00e+00	0.00e+00	0.00e+00	0.00e+00	7.65e-01	1.09e-01	6.44e-02
 2.50425e+16	9.41e-01	5.91e-02	4.10e-06	0.00e+00	0.00e+00	0.00e+00	0.00e+00	0.00e+00	0.00e+00	7.69e-01	1.08e-01	6.40e-02
 2.50537e+16	9.43e-01	5.67e-02	3.64e-06	0.00e+00	0.00e+00	0.00e+00	0.00e+00	0.00e+00	0.00e+00	7.72e-01	1.07e-01	6.37e-02
 2.50649e+16	9.45e-01	5.46e-02	3.23e-06	0.00e+00	0.00e+00	0.00e+00	0.00e+00	0.00e+00	0.00e+00	7.75e-01	1.07e-01	6.34e-02
 2.50760e+16	9.48e-01	5.24e-02	2.87e-06	0.00e+00	0.00e+00	0.00e+00	0.00e+00	0.00e+00	0.00e+00	7.78e-01	1.06e-01	6.31e-02
 2.50868e+16	9.50e-01	5.04e-02	2.56e-06	0.00e+00	0.00e+00	0.00e+00	0.00e+00	0.00e+00	0.00e+00	7.81e-01	1.05e-01	6.28e-02
 2.50977e+16	9.52e-01	4.84e-02	2.28e-06	0.00e+00	0.00e+00	0.00e+00	0.00e+00	0.00e+00	0.00e+00	7.84e-01	1.05e-01	6.24e-02
 2.51087e+16	9.53e-01	4.65e-02	2.02e-06	0.00e+00	0.00e+00	0.00e+00	0.00e+00	0.00e+00	0.00e+00	7.87e-01	1.04e-01	6.21e-02
 2.51199e+16	9.55e-01	4.47e-02	1.79e-06	0.00e+00	0.00e+00	0.00e+00	0.00e+00	0.00e+00	0.00e+00	7.90e-01	1.04e-01	6.18e-02
 2.51306e+16	9.57e-01	4.29e-02	1.60e-06	0.00e+00	0.00e+00	0.00e+00	0.00e+00	0.00e+00	0.00e+00	7.93e-01	1.03e-01	6.15e-02
 2.51410e+16	9.59e-01	4.13e-02	1.43e-06	0.00e+00	0.00e+00	0.00e+00	0.00e+00	0.00e+00	0.00e+00	7.95e-01	1.02e-01	6.12e-02
 2.51517e+16	9.60e-01	3.99e-02	1.28e-06	0.00e+00	0.00e+00	0.00e+00	0.00e+00	0.00e+00	0.00e+00	7.97e-01	1.02e-01	6.10e-02
 2.51628e+16	9.62e-01	3.82e-02	1.13e-06	0.00e+00	0.00e+00	0.00e+00	0.00e+00	0.00e+00	0.00e+00	8.00e-01	1.01e-01	6.07e-02
 2.51735e+16	9.63e-01	3.67e-02	1.01e-06	0.00e+00	0.00e+00	0.00e+00	0.00e+00	0.00e+00	0.00e+00	8.02e-01	1.01e-01	6.04e-02
 2.51838e+16	9.65e-01	3.53e-02	9.02e-07	0.00e+00	0.00e+00	0.00e+00	0.00e+00	0.00e+00	0.00e+00	8.04e-01	1.00e-01	6.01e-02
 2.51943e+16	9.66e-01	3.40e-02	8.05e-07	0.00e+00	0.00e+00	0.00e+00	0.00e+00	0.00e+00	0.00e+00	8.06e-01	9.98e-02	5.98e-02
 2.52053e+16	9.67e-01	3.26e-02	7.15e-07	0.00e+00	0.00e+00	0.00e+00	0.00e+00	0.00e+00	0.00e+00	8.09e-01	9.93e-02	5.96e-02
 2.52160e+16	9.69e-01	3.14e-02	6.37e-07	0.00e+00	0.00e+00	0.00e+00	0.00e+00	0.00e+00	0.00e+00	8.10e-01	9.88e-02	5.93e-02
 2.52263e+16	9.70e-01	3.02e-02	5.71e-07	0.00e+00	0.00e+00	0.00e+00	0.00e+00	0.00e+00	0.00e+00	8.12e-01	9.83e-02	5.91e-02
 2.52362e+16	9.71e-01	2.90e-02	5.13e-07	0.00e+00	0.00e+00	0.00e+00	0.00e+00	0.00e+00	0.00e+00	8.14e-01	9.79e-02	5.88e-02
 2.52467e+16	9.72e-01	2.80e-02	4.58e-07	0.00e+00	0.00e+00	0.00e+00	0.00e+00	0.00e+00	0.00e+00	8.16e-01	9.75e-02	5.86e-02
 2.52575e+16	9.73e-01	2.69e-02	4.08e-07	0.00e+00	0.00e+00	0.00e+00	0.00e+00	0.00e+00	0.00e+00	8.18e-01	9.71e-02	5.84e-02
 2.52676e+16	9.74e-01	2.59e-02	3.66e-07	0.00e+00	0.00e+00	0.00e+00	0.00e+00	0.00e+00	0.00e+00	8.19e-01	9.66e-02	5.82e-02
 2.52774e+16	9.75e-01	2.49e-02	3.29e-07	0.00e+00	0.00e+00	0.00e+00	0.00e+00	0.00e+00	0.00e+00	8.21e-01	9.63e-02	5.80e-02
 2.52876e+16	9.76e-01	2.40e-02	2.95e-07	0.00e+00	0.00e+00	0.00e+00	0.00e+00	0.00e+00	0.00e+00	8.22e-01	9.59e-02	5.77e-02
 2.52979e+16	9.77e-01	2.30e-02	2.64e-07	0.00e+00	0.00e+00	0.00e+00	0.00e+00	0.00e+00	0.00e+00	8.24e-01	9.55e-02	5.75e-02
 2.53079e+16	9.78e-01	2.21e-02	2.36e-07	0.00e+00	0.00e+00	0.00e+00	0.00e+00	0.00e+00	0.00e+00	8.26e-01	9.51e-02	5.73e-02
 2.53177e+16	9.79e-01	2.13e-02	2.13e-07	0.00e+00	0.00e+00	0.00e+00	0.00e+00	0.00e+00	0.00e+00	8.27e-01	9.47e-02	5.71e-02
 2.53274e+16	9.80e-01	2.04e-02	1.91e-07	0.00e+00	0.00e+00	0.00e+00	0.00e+00	0.00e+00	0.00e+00	8.28e-01	9.44e-02	5.69e-02
 2.53371e+16	9.80e-01	1.96e-02	1.72e-07	0.00e+00	0.00e+00	0.00e+00	0.00e+00	0.00e+00	0.00e+00	8.30e-01	9.40e-02	5.67e-02
 2.53468e+16	9.81e-01	1.89e-02	1.55e-07	0.00e+00	0.00e+00	0.00e+00	0.00e+00	0.00e+00	0.00e+00	8.31e-01	9.36e-02	5.64e-02
 2.53563e+16	9.82e-01	1.81e-02	1.40e-07	0.00e+00	0.00e+00	0.00e+00	0.00e+00	0.00e+00	0.00e+00	8.32e-01	9.33e-02	5.62e-02
 2.53656e+16	9.83e-01	1.74e-02	1.26e-07	0.00e+00	0.00e+00	0.00e+00	0.00e+00	0.00e+00	0.00e+00	8.34e-01	9.29e-02	5.60e-02
 2.53747e+16	9.83e-01	1.67e-02	1.14e-07	0.00e+00	0.00e+00	0.00e+00	0.00e+00	0.00e+00	0.00e+00	8.35e-01	9.26e-02	5.58e-02
 2.53837e+16	9.84e-01	1.60e-02	1.04e-07	0.00e+00	0.00e+00	0.00e+00	0.00e+00	0.00e+00	0.00e+00	8.36e-01	9.22e-02	5.56e-02
 2.53925e+16	9.85e-01	1.54e-02	9.40e-08	0.00e+00	0.00e+00	0.00e+00	0.00e+00	0.00e+00	0.00e+00	8.37e-01	9.18e-02	5.54e-02
 2.54013e+16	9.85e-01	1.47e-02	8.54e-08	0.00e+00	0.00e+00	0.00e+00	0.00e+00	0.00e+00	0.00e+00	8.39e-01	9.15e-02	5.52e-02
 2.54099e+16	9.86e-01	1.41e-02	7.76e-08	0.00e+00	0.00e+00	0.00e+00	0.00e+00	0.00e+00	0.00e+00	8.40e-01	9.11e-02	5.49e-02
 2.54184e+16	9.86e-01	1.35e-02	7.08e-08	0.00e+00	0.00e+00	0.00e+00	0.00e+00	0.00e+00	0.00e+00	8.41e-01	9.07e-02	5.47e-02
 2.54264e+16	9.87e-01	1.30e-02	6.48e-08	0.00e+00	0.00e+00	0.00e+00	0.00e+00	0.00e+00	0.00e+00	8.42e-01	9.03e-02	5.44e-02
 2.54338e+16	9.88e-01	1.25e-02	5.98e-08	0.00e+00	0.00e+00	0.00e+00	0.00e+00	0.00e+00	0.00e+00	8.43e-01	9.00e-02	5.42e-02
 2.54404e+16	9.88e-01	1.20e-02	5.56e-08	0.00e+00	0.00e+00	0.00e+00	0.00e+00	0.00e+00	0.00e+00	8.44e-01	8.97e-02	5.40e-02
 2.54463e+16	9.88e-01	1.16e-02	5.22e-08	0.00e+00	0.00e+00	0.00e+00	0.00e+00	0.00e+00	0.00e+00	8.45e-01	8.93e-02	5.37e-02
 2.54518e+16	9.89e-01	1.13e-02	4.92e-08	0.00e+00	0.00e+00	0.00e+00	0.00e+00	0.00e+00	0.00e+00	8.46e-01	8.90e-02	5.35e-02
 2.54569e+16	9.89e-01	1.09e-02	4.65e-08	0.00e+00	0.00e+00	0.00e+00	0.00e+00	0.00e+00	0.00e+00	8.47e-01	8.87e-02	5.33e-02
 2.54616e+16	9.89e-01	1.06e-02	4.41e-08	0.00e+00	0.00e+00	0.00e+00	0.00e+00	0.00e+00	0.00e+00	8.48e-01	8.85e-02	5.31e-02
 2.54661e+16	9.90e-01	1.03e-02	4.20e-08	0.00e+00	0.00e+00	0.00e+00	0.00e+00	0.00e+00	0.00e+00	8.49e-01	8.82e-02	5.29e-02
 2.54703e+16	9.90e-01	1.01e-02	4.01e-08	0.00e+00	0.00e+00	0.00e+00	0.00e+00	0.00e+00	0.00e+00	8.49e-01	8.79e-02	5.27e-02
 2.54742e+16	9.90e-01	9.81e-03	3.83e-08	0.00e+00	0.00e+00	0.00e+00	0.00e+00	0.00e+00	0.00e+00	8.50e-01	8.76e-02	5.25e-02
 2.54779e+16	9.90e-01	9.57e-03	3.67e-08	0.00e+00	0.00e+00	0.00e+00	0.00e+00	0.00e+00	0.00e+00	8.51e-01	8.73e-02	5.23e-02
 2.54814e+16	9.91e-01	9.34e-03	3.53e-08	0.00e+00	0.00e+00	0.00e+00	0.00e+00	0.00e+00	0.00e+00	8.51e-01	8.71e-02	5.21e-02
 2.54845e+16	9.91e-01	9.14e-03	3.40e-08	0.00e+00	0.00e+00	0.00e+00	0.00e+00	0.00e+00	0.00e+00	8.52e-01	8.68e-02	5.19e-02
 2.54874e+16	9.91e-01	8.96e-03	3.29e-08	0.00e+00	0.00e+00	0.00e+00	0.00e+00	0.00e+00	0.00e+00	8.53e-01	8.66e-02	5.17e-02
 2.54899e+16	9.91e-01	8.80e-03	3.19e-08	0.00e+00	0.00e+00	0.00e+00	0.00e+00	0.00e+00	0.00e+00	8.53e-01	8.64e-02	5.16e-02
 2.54923e+16	9.91e-01	8.65e-03	3.10e-08	0.00e+00	0.00e+00	0.00e+00	0.00e+00	0.00e+00	0.00e+00	8.54e-01	8.62e-02	5.14e-02
 2.54944e+16	9.91e-01	8.52e-03	3.02e-08	0.00e+00	0.00e+00	0.00e+00	0.00e+00	0.00e+00	0.00e+00	8.54e-01	8.60e-02	5.13e-02
 2.54964e+16	9.92e-01	8.41e-03	2.95e-08	0.00e+00	0.00e+00	0.00e+00	0.00e+00	0.00e+00	0.00e+00	8.55e-01	8.58e-02	5.12e-02
 2.54985e+16	9.92e-01	8.28e-03	2.88e-08	0.00e+00	0.00e+00	0.00e+00	0.00e+00	0.00e+00	0.00e+00	8.55e-01	8.56e-02	5.10e-02
 2.55013e+16	9.92e-01	8.09e-03	2.77e-08	0.00e+00	0.00e+00	0.00e+00	0.00e+00	0.00e+00	0.00e+00	8.56e-01	8.53e-02	5.08e-02
 2.55043e+16	9.92e-01	7.91e-03	2.67e-08	0.00e+00	0.00e+00	0.00e+00	0.00e+00	0.00e+00	0.00e+00	8.57e-01	8.49e-02	5.06e-02
 2.55071e+16	9.92e-01	7.74e-03	2.57e-08	0.00e+00	0.00e+00	0.00e+00	0.00e+00	0.00e+00	0.00e+00	8.57e-01	8.46e-02	5.04e-02
 2.55095e+16	9.92e-01	7.60e-03	2.49e-08	0.00e+00	0.00e+00	0.00e+00	0.00e+00	0.00e+00	0.00e+00	8.58e-01	8.43e-02	5.02e-02
 2.55118e+16	9.93e-01	7.47e-03	2.42e-08	0.00e+00	0.00e+00	0.00e+00	0.00e+00	0.00e+00	0.00e+00	8.58e-01	8.41e-02	5.00e-02
###########################
 2.77401e+11	2.75e-05	3.97e-02	9.60e-01	2.11e-04	0.00e+00	0.00e+00	0.00e+00	0.00e+00	0.00e+00	1.81e-05	6.63e-06	2.83e-06
 1.66441e+12	2.75e-05	3.97e-02	9.60e-01	2.10e-04	0.00e+00	0.00e+00	0.00e+00	0.00e+00	0.00e+00	1.80e-05	6.63e-06	2.83e-06
 7.21243e+12	2.75e-05	3.97e-02	9.60e-01	2.07e-04	0.00e+00	0.00e+00	0.00e+00	0.00e+00	0.00e+00	1.80e-05	6.63e-06	2.83e-06
 2.94045e+13	2.76e-05	3.98e-02	9.60e-01	1.95e-04	0.00e+00	0.00e+00	0.00e+00	0.00e+00	0.00e+00	1.81e-05	6.66e-06	2.85e-06
 7.02379e+13	2.75e-05	3.99e-02	9.60e-01	1.79e-04	0.00e+00	0.00e+00	0.00e+00	0.00e+00	0.00e+00	1.80e-05	6.65e-06	2.84e-06
 1.23321e+14	2.75e-05	4.00e-02	9.60e-01	1.60e-04	0.00e+00	0.00e+00	0.00e+00	0.00e+00	0.00e+00	1.80e-05	6.65e-06	2.85e-06
 1.92330e+14	2.76e-05	4.01e-02	9.60e-01	1.38e-04	0.00e+00	0.00e+00	0.00e+00	0.00e+00	0.00e+00	1.81e-05	6.67e-06	2.85e-06
 2.82041e+14	2.77e-05	4.03e-02	9.60e-01	1.13e-04	0.00e+00	0.00e+00	0.00e+00	0.00e+00	0.00e+00	1.81e-05	6.69e-06	2.86e-06
 3.98665e+14	2.79e-05	4.06e-02	9.59e-01	8.63e-05	0.00e+00	0.00e+00	0.00e+00	0.00e+00	0.00e+00	1.83e-05	6.74e-06	2.88e-06
 5.50277e+14	2.82e-05	4.10e-02	9.59e-01	6.09e-05	0.00e+00	0.00e+00	0.00e+00	0.00e+00	0.00e+00	1.85e-05	6.81e-06	2.92e-06
 7.47372e+14	2.87e-05	4.14e-02	9.59e-01	3.87e-05	0.00e+00	0.00e+00	0.00e+00	0.00e+00	0.00e+00	1.88e-05	6.91e-06	2.96e-06
 1.00360e+15	2.93e-05	4.21e-02	9.58e-01	2.15e-05	0.00e+00	0.00e+00	0.00e+00	0.00e+00	0.00e+00	1.92e-05	7.08e-06	3.03e-06
 1.33669e+15	3.04e-05	4.29e-02	9.57e-01	1.02e-05	0.00e+00	0.00e+00	0.00e+00	0.00e+00	0.00e+00	1.99e-05	7.32e-06	3.14e-06
 1.76970e+15	3.18e-05	4.40e-02	9.56e-01	4.00e-06	0.00e+00	0.00e+00	0.00e+00	0.00e+00	0.00e+00	2.09e-05	7.67e-06	3.29e-06
 2.33263e+15	3.40e-05	4.56e-02	9.54e-01	1.34e-06	0.00e+00	0.00e+00	0.00e+00	0.00e+00	0.00e+00	2.23e-05	8.19e-06	3.52e-06
 3.06443e+15	3.73e-05	4.76e-02	9.52e-01	4.53e-07	0.00e+00	0.00e+00	0.00e+00	0.00e+00	0.00e+00	2.45e-05	8.97e-06	3.86e-06
 4.01577e+15	4.24e-05	5.06e-02	9.49e-01	2.23e-07	0.00e+00	0.00e+00	0.00e+00	0.00e+00	0.00e+00	2.78e-05	1.02e-05	4.39e-06
 5.21252e+15	5.03e-05	5.45e-02	9.45e-01	1.64e-07	0.00e+00	0.00e+00	0.00e+00	0.00e+00	0.00e+00	3.30e-05	1.21e-05	5.20e-06
 6.48617e+15	6.04e-05	5.90e-02	9.41e-01	1.39e-07	0.00e+00	0.00e+00	0.00e+00	0.00e+00	0.00e+00	3.96e-05	1.45e-05	6.25e-06
 7.62120e+15	7.20e-05	6.35e-02	9.36e-01	0.00e+00	0.00e+00	0.00e+00	0.00e+00	0.00e+00	0.00e+00	4.72e-05	1.73e-05	7.45e-06
 8.54868e+15	8.39e-05	6.76e-02	9.32e-01	0.00e+00	0.00e+00	0.00e+00	0.00e+00	0.00e+00	0.00e+00	5.51e-05	2.02e-05	8.68e-06
 9.40355e+15	9.82e-05	7.19e-02	9.28e-01	0.00e+00	0.00e+00	0.00e+00	0.00e+00	0.00e+00	0.00e+00	6.44e-05	2.36e-05	1.02e-05
 1.02887e+16	1.16e-04	7.69e-02	9.23e-01	0.00e+00	0.00e+00	0.00e+00	0.00e+00	0.00e+00	0.00e+00	7.64e-05	2.80e-05	1.20e-05
 1.11170e+16	1.38e-04	8.22e-02	9.18e-01	0.00e+00	0.00e+00	0.00e+00	0.00e+00	0.00e+00	0.00e+00	9.04e-05	3.32e-05	1.42e-05
 1.18605e+16	1.62e-04	8.76e-02	9.12e-01	0.00e+00	0.00e+00	0.00e+00	0.00e+00	0.00e+00	0.00e+00	1.06e-04	3.90e-05	1.67e-05
 1.25481e+16	1.90e-04	9.33e-02	9.07e-01	0.00e+00	0.00e+00	0.00e+00	0.00e+00	0.00e+00	0.00e+00	1.24e-04	4.58e-05	1.96e-05
 1.32059e+16	2.23e-04	9.95e-02	9.00e-01	0.00e+00	0.00e+00	0.00e+00	0.00e+00	0.00e+00	0.00e+00	1.46e-04	5.38e-05	2.31e-05
 1.38361e+16	2.63e-04	1.06e-01	8.93e-01	0.00e+00	0.00e+00	0.00e+00	0.00e+00	0.00e+00	0.00e+00	1.72e-04	6.35e-05	2.72e-05
 1.44329e+16	3.11e-04	1.14e-01	8.86e-01	0.00e+00	0.00e+00	0.00e+00	0.00e+00	0.00e+00	0.00e+00	2.03e-04	7.50e-05	3.20e-05
 1.49960e+16	3.66e-04	1.21e-01	8.78e-01	0.00e+00	0.00e+00	0.00e+00	0.00e+00	0.00e+00	0.00e+00	2.40e-04	8.86e-05	3.78e-05
 1.55301e+16	4.33e-04	1.30e-01	8.70e-01	0.00e+00	0.00e+00	0.00e+00	0.00e+00	0.00e+00	0.00e+00	2.83e-04	1.05e-04	4.46e-05
 1.60395e+16	5.13e-04	1.39e-01	8.60e-01	0.00e+00	0.00e+00	0.00e+00	0.00e+00	0.00e+00	0.00e+00	3.36e-04	1.24e-04	5.28e-05
 1.65259e+16	6.09e-04	1.50e-01	8.50e-01	0.00e+00	0.00e+00	0.00e+00	0.00e+00	0.00e+00	0.00e+00	3.98e-04	1.48e-04	6.27e-05
 1.69899e+16	7.24e-04	1.61e-01	8.38e-01	0.00e+00	0.00e+00	0.00e+00	0.00e+00	0.00e+00	0.00e+00	4.74e-04	1.76e-04	7.46e-05
 1.74325e+16	8.64e-04	1.74e-01	8.25e-01	0.00e+00	0.00e+00	0.00e+00	0.00e+00	0.00e+00	0.00e+00	5.65e-04	2.10e-04	8.89e-05
 1.78557e+16	1.03e-03	1.88e-01	8.11e-01	0.00e+00	0.00e+00	0.00e+00	0.00e+00	0.00e+00	0.00e+00	6.75e-04	2.51e-04	1.06e-04
 1.82607e+16	1.24e-03	2.03e-01	7.96e-01	0.00e+00	0.00e+00	0.00e+00	0.00e+00	0.00e+00	0.00e+00	8.10e-04	3.01e-04	1.27e-04
 1.86474e+16	1.49e-03	2.20e-01	7.79e-01	0.00e+00	0.00e+00	0.00e+00	0.00e+00	0.00e+00	0.00e+00	9.73e-04	3.63e-04	1.53e-04
 1.90175e+16	1.80e-03	2.38e-01	7.60e-01	0.00e+00	0.00e+00	0.00e+00	0.00e+00	0.00e+00	0.00e+00	1.17e-03	4.38e-04	1.85e-04
 1.93719e+16	2.17e-03	2.59e-01	7.39e-01	0.00e+00	0.00e+00	0.00e+00	0.00e+00	0.00e+00	0.00e+00	1.42e-03	5.30e-04	2.23e-04
 1.97119e+16	2.64e-03	2.82e-01	7.16e-01	0.00e+00	0.00e+00	0.00e+00	0.00e+00	0.00e+00	0.00e+00	1.72e-03	6.44e-04	2.71e-04
 2.00335e+16	3.21e-03	3.06e-01	6.90e-01	0.00e+00	0.00e+00	0.00e+00	0.00e+00	0.00e+00	0.00e+00	2.10e-03	7.82e-04	3.29e-04
 2.03325e+16	3.89e-03	3.32e-01	6.64e-01	0.00e+00	0.00e+00	0.00e+00	0.00e+00	0.00e+00	0.00e+00	2.54e-03	9.47e-04	3.98e-04
 2.06128e+16	4.70e-03	3.60e-01	6.35e-01	0.00e+00	0.00e+00	0.00e+00	0.00e+00	0.00e+00	0.00e+00	3.07e-03	1.14e-03	4.81e-04
 2.08794e+16	5.69e-03	3.90e-01	6.04e-01	0.00e+00	0.00e+00	0.00e+00	0.00e+00	0.00e+00	0.00e+00	3.72e-03	1.38e-03	5.81e-04
 2.11336e+16	6.89e-03	4.22e-01	5.71e-01	0.00e+00	0.00e+00	0.00e+00	0.00e+00	0.00e+00	0.00e+00	4.51e-03	1.68e-03	7.04e-04
 2.13744e+16	8.36e-03	4.55e-01	5.36e-01	0.00e+00	0.00e+00	0.00e+00	0.00e+00	0.00e+00	0.00e+00	5.46e-03	2.03e-03	8.53e-04
 2.16014e+16	1.01e-02	4.90e-01	5.00e-01	0.00e+00	0.00e+00	0.00e+00	0.00e+00	0.00e+00	0.00e+00	6.62e-03	2.46e-03	1.03e-03
 2.18155e+16	1.23e-02	5.26e-01	4.62e-01	0.00e+00	0.00e+00	0.00e+00	0.00e+00	0.00e+00	0.00e+00	8.02e-03	2.98e-03	1.25e-03
 2.20184e+16	1.48e-02	5.62e-01	4.23e-01	0.00e+00	0.00e+00	0.00e+00	0.00e+00	0.00e+00	0.00e+00	9.71e-03	3.60e-03	1.51e-03
 2.22114e+16	1.80e-02	5.99e-01	3.83e-01	0.00e+00	0.00e+00	0.00e+00	0.00e+00	0.00e+00	0.00e+00	1.18e-02	4.36e-03	1.83e-03
 2.23945e+16	2.18e-02	6.35e-01	3.43e-01	0.00e+00	0.00e+00	0.00e+00	0.00e+00	0.00e+00	0.00e+00	1.43e-02	5.28e-03	2.21e-03
 2.25677e+16	2.64e-02	6.70e-01	3.03e-01	0.00e+00	0.00e+00	0.00e+00	0.00e+00	0.00e+00	0.00e+00	1.73e-02	6.40e-03	2.68e-03
 2.27310e+16	3.20e-02	7.04e-01	2.64e-01	0.00e+00	0.00e+00	0.00e+00	0.00e+00	0.00e+00	0.00e+00	2.10e-02	7.75e-03	3.25e-03
 2.28847e+16	3.88e-02	7.34e-01	2.27e-01	0.00e+00	0.00e+00	0.00e+00	0.00e+00	0.00e+00	0.00e+00	2.55e-02	9.39e-03	3.94e-03
 2.30293e+16	4.70e-02	7.61e-01	1.92e-01	0.00e+00	0.00e+00	0.00e+00	0.00e+00	0.00e+00	0.00e+00	3.08e-02	1.13e-02	4.77e-03
 2.31660e+16	5.71e-02	7.84e-01	1.59e-01	0.00e+00	0.00e+00	0.00e+00	0.00e+00	0.00e+00	0.00e+00	3.75e-02	1.38e-02	5.79e-03
 2.32945e+16	6.93e-02	8.01e-01	1.30e-01	0.00e+00	0.00e+00	0.00e+00	0.00e+00	0.00e+00	0.00e+00	4.56e-02	1.67e-02	7.02e-03
 2.34142e+16	8.41e-02	8.12e-01	1.04e-01	0.00e+00	0.00e+00	0.00e+00	0.00e+00	0.00e+00	0.00e+00	5.53e-02	2.02e-02	8.52e-03
 2.35102e+16	9.92e-02	8.16e-01	8.48e-02	0.00e+00	0.00e+00	0.00e+00	0.00e+00	0.00e+00	0.00e+00	6.54e-02	2.37e-02	1.00e-02
 2.35771e+16	1.12e-01	8.16e-01	7.21e-02	0.00e+00	0.00e+00	0.00e+00	0.00e+00	0.00e+00	0.00e+00	7.42e-02	2.68e-02	1.14e-02
 2.36340e+16	1.25e-01	8.13e-01	6.22e-02	0.00e+00	0.00e+00	0.00e+00	0.00e+00	0.00e+00	0.00e+00	8.26e-02	2.97e-02	1.26e-02
 2.36985e+16	1.42e-01	8.06e-01	5.15e-02	0.00e+00	0.00e+00	0.00e+00	0.00e+00	0.00e+00	0.00e+00	9.40e-02	3.37e-02	1.44e-02
 2.37665e+16	1.63e-01	7.95e-01	4.17e-02	0.00e+00	0.00e+00	0.00e+00	0.00e+00	0.00e+00	0.00e+00	1.08e-01	3.85e-02	1.65e-02
 2.38226e+16	1.84e-01	7.82e-01	3.43e-02	0.00e+00	0.00e+00	0.00e+00	0.00e+00	0.00e+00	0.00e+00	1.22e-01	4.31e-02	1.85e-02
 2.38686e+16	2.03e-01	7.68e-01	2.89e-02	0.00e+00	0.00e+00	0.00e+00	0.00e+00	0.00e+00	0.00e+00	1.35e-01	4.74e-02	2.04e-02
 2.39179e+16	2.26e-01	7.50e-01	2.37e-02	0.00e+00	0.00e+00	0.00e+00	0.00e+00	0.00e+00	0.00e+00	1.51e-01	5.25e-02	2.28e-02
 2.39699e+16	2.54e-01	7.27e-01	1.89e-02	0.00e+00	0.00e+00	0.00e+00	0.00e+00	0.00e+00	0.00e+00	1.70e-01	5.86e-02	2.55e-02
 2.40131e+16	2.81e-01	7.04e-01	1.55e-02	0.00e+00	0.00e+00	0.00e+00	0.00e+00	0.00e+00	0.00e+00	1.88e-01	6.42e-02	2.81e-02
 2.40488e+16	3.04e-01	6.83e-01	1.30e-02	0.00e+00	0.00e+00	0.00e+00	0.00e+00	0.00e+00	0.00e+00	2.04e-01	6.89e-02	3.03e-02
 2.40874e+16	3.31e-01	6.58e-01	1.06e-02	0.00e+00	0.00e+00	0.00e+00	0.00e+00	0.00e+00	0.00e+00	2.24e-01	7.46e-02	3.30e-02
 2.41290e+16	3.63e-01	6.29e-01	8.46e-03	0.00e+00	0.00e+00	0.00e+00	0.00e+00	0.00e+00	0.00e+00	2.46e-01	8.08e-02	3.61e-02
 2.41652e+16	3.93e-01	6.00e-01	6.85e-03	0.00e+00	0.00e+00	0.00e+00	0.00e+00	0.00e+00	0.00e+00	2.67e-01	8.66e-02	3.89e-02
 2.41963e+16	4.18e-01	5.76e-01	5.70e-03	0.00e+00	0.00e+00	0.00e+00	0.00e+00	0.00e+00	0.00e+00	2.85e-01	9.13e-02	4.13e-02
 2.42266e+16	4.45e-01	5.50e-01	4.70e-03	0.00e+00	0.00e+00	0.00e+00	0.00e+00	0.00e+00	0.00e+00	3.05e-01	9.61e-02	4.38e-02
 2.42596e+16	4.74e-01	5.22e-01	3.80e-03	0.00e+00	0.00e+00	0.00e+00	0.00e+00	0.00e+00	0.00e+00	3.27e-01	1.01e-01	4.65e-02
 2.42920e+16	5.04e-01	4.93e-01	3.06e-03	0.00e+00	0.00e+00	0.00e+00	0.00e+00	0.00e+00	0.00e+00	3.49e-01	1.06e-01	4.91e-02
 2.43198e+16	5.29e-01	4.69e-01	2.52e-03	0.00e+00	0.00e+00	0.00e+00	0.00e+00	0.00e+00	0.00e+00	3.68e-01	1.10e-01	5.13e-02
 2.43446e+16	5.51e-01	4.47e-01	2.12e-03	0.00e+00	0.00e+00	0.00e+00	0.00e+00	0.00e+00	0.00e+00	3.85e-01	1.13e-01	5.32e-02
 2.43684e+16	5.73e-01	4.25e-01	1.78e-03	0.00e+00	0.00e+00	0.00e+00	0.00e+00	0.00e+00	0.00e+00	4.02e-01	1.16e-01	5.50e-02
 2.43921e+16	5.95e-01	4.04e-01	1.49e-03	0.00e+00	0.00e+00	0.00e+00	0.00e+00	0.00e+00	0.00e+00	4.20e-01	1.18e-01	5.67e-02
 2.44113e+16	6.11e-01	3.88e-01	1.30e-03	0.00e+00	0.00e+00	0.00e+00	0.00e+00	0.00e+00	0.00e+00	4.32e-01	1.20e-01	5.79e-02
 2.44241e+16	6.21e-01	3.77e-01	1.18e-03	0.00e+00	0.00e+00	0.00e+00	0.00e+00	0.00e+00	0.00e+00	4.41e-01	1.21e-01	5.88e-02
 2.44360e+16	6.32e-01	3.67e-01	1.07e-03	0.00e+00	0.00e+00	0.00e+00	0.00e+00	0.00e+00	0.00e+00	4.50e-01	1.22e-01	5.95e-02
 2.44497e+16	6.44e-01	3.55e-01	9.64e-04	0.00e+00	0.00e+00	0.00e+00	0.00e+00	0.00e+00	0.00e+00	4.60e-01	1.23e-01	6.04e-02
 2.44645e+16	6.56e-01	3.43e-01	8.58e-04	0.00e+00	0.00e+00	0.00e+00	0.00e+00	0.00e+00	0.00e+00	4.70e-01	1.24e-01	6.13e-02
 2.44790e+16	6.68e-01	3.31e-01	7.63e-04	0.00e+00	0.00e+00	0.00e+00	0.00e+00	0.00e+00	0.00e+00	4.80e-01	1.25e-01	6.21e-02
 2.44929e+16	6.79e-01	3.20e-01	6.82e-04	0.00e+00	0.00e+00	0.00e+00	0.00e+00	0.00e+00	0.00e+00	4.90e-01	1.26e-01	6.29e-02
 2.45065e+16	6.90e-01	3.09e-01	6.10e-04	0.00e+00	0.00e+00	0.00e+00	0.00e+00	0.00e+00	0.00e+00	5.00e-01	1.27e-01	6.36e-02
 2.45203e+16	7.01e-01	2.98e-01	5.44e-04	0.00e+00	0.00e+00	0.00e+00	0.00e+00	0.00e+00	0.00e+00	5.09e-01	1.28e-01	6.42e-02
 2.45344e+16	7.12e-01	2.87e-01	4.82e-04	0.00e+00	0.00e+00	0.00e+00	0.00e+00	0.00e+00	0.00e+00	5.19e-01	1.28e-01	6.49e-02
 2.45482e+16	7.22e-01	2.77e-01	4.29e-04	0.00e+00	0.00e+00	0.00e+00	0.00e+00	0.00e+00	0.00e+00	5.28e-01	1.29e-01	6.55e-02
 2.45620e+16	7.33e-01	2.67e-01	3.81e-04	0.00e+00	0.00e+00	0.00e+00	0.00e+00	0.00e+00	0.00e+00	5.38e-01	1.29e-01	6.60e-02
 2.45759e+16	7.43e-01	2.57e-01	3.38e-04	0.00e+00	0.00e+00	0.00e+00	0.00e+00	0.00e+00	0.00e+00	5.47e-01	1.29e-01	6.65e-02
 2.45895e+16	7.53e-01	2.47e-01	3.00e-04	0.00e+00	0.00e+00	0.00e+00	0.00e+00	0.00e+00	0.00e+00	5.56e-01	1.29e-01	6.70e-02
 2.46030e+16	7.62e-01	2.38e-01	2.66e-04	0.00e+00	0.00e+00	0.00e+00	0.00e+00	0.00e+00	0.00e+00	5.65e-01	1.29e-01	6.74e-02
 2.46168e+16	7.71e-01	2.28e-01	2.35e-04	0.00e+00	0.00e+00	0.00e+00	0.00e+00	0.00e+00	0.00e+00	5.74e-01	1.29e-01	6.78e-02
 2.46305e+16	7.80e-01	2.20e-01	2.08e-04	0.00e+00	0.00e+00	0.00e+00	0.00e+00	0.00e+00	0.00e+00	5.83e-01	1.29e-01	6.81e-02
 2.46441e+16	7.89e-01	2.11e-01	1.83e-04	0.00e+00	0.00e+00	0.00e+00	0.00e+00	0.00e+00	0.00e+00	5.91e-01	1.29e-01	6.84e-02
 2.46576e+16	7.97e-01	2.02e-01	1.62e-04	0.00e+00	0.00e+00	0.00e+00	0.00e+00	0.00e+00	0.00e+00	6.00e-01	1.29e-01	6.86e-02
 2.46712e+16	8.06e-01	1.94e-01	1.43e-04	0.00e+00	0.00e+00	0.00e+00	0.00e+00	0.00e+00	0.00e+00	6.08e-01	1.29e-01	6.88e-02
 2.46850e+16	8.14e-01	1.86e-01	1.25e-04	0.00e+00	0.00e+00	0.00e+00	0.00e+00	0.00e+00	0.00e+00	6.16e-01	1.28e-01	6.90e-02
 2.46984e+16	8.21e-01	1.78e-01	1.10e-04	0.00e+00	0.00e+00	0.00e+00	0.00e+00	0.00e+00	0.00e+00	6.24e-01	1.28e-01	6.91e-02
 2.47118e+16	8.29e-01	1.71e-01	9.73e-05	0.00e+00	0.00e+00	0.00e+00	0.00e+00	0.00e+00	0.00e+00	6.32e-01	1.27e-01	6.92e-02
 2.47253e+16	8.36e-01	1.64e-01	8.54e-05	0.00e+00	0.00e+00	0.00e+00	0.00e+00	0.00e+00	0.00e+00	6.40e-01	1.27e-01	6.93e-02
 2.47388e+16	8.43e-01	1.57e-01	7.50e-05	0.00e+00	0.00e+00	0.00e+00	0.00e+00	0.00e+00	0.00e+00	6.47e-01	1.26e-01	6.93e-02
 2.47522e+16	8.50e-01	1.50e-01	6.58e-05	0.00e+00	0.00e+00	0.00e+00	0.00e+00	0.00e+00	0.00e+00	6.55e-01	1.25e-01	6.93e-02
 2.47654e+16	8.56e-01	1.44e-01	5.78e-05	0.00e+00	0.00e+00	0.00e+00	0.00e+00	0.00e+00	0.00e+00	6.62e-01	1.25e-01	6.92e-02
 2.47785e+16	8.62e-01	1.38e-01	5.08e-05	0.00e+00	0.00e+00	0.00e+00	0.00e+00	0.00e+00	0.00e+00	6.69e-01	1.24e-01	6.91e-02
 2.47917e+16	8.68e-01	1.32e-01	4.46e-05	0.00e+00	0.00e+00	0.00e+00	0.00e+00	0.00e+00	0.00e+00	6.76e-01	1.23e-01	6.90e-02
 2.48050e+16	8.74e-01	1.26e-01	3.90e-05	0.00e+00	0.00e+00	0.00e+00	0.00e+00	0.00e+00	0.00e+00	6.82e-01	1.23e-01	6.89e-02
 2.48182e+16	8.79e-01	1.21e-01	3.42e-05	0.00e+00	0.00e+00	0.00e+00	0.00e+00	0.00e+00	0.00e+00	6.89e-01	1.22e-01	6.87e-02
 2.48309e+16	8.84e-01	1.16e-01	3.01e-05	0.00e+00	0.00e+00	0.00e+00	0.00e+00	0.00e+00	0.00e+00	6.95e-01	1.21e-01	6.86e-02
 2.48435e+16	8.89e-01	1.11e-01	2.65e-05	0.00e+00	0.00e+00	0.00e+00	0.00e+00	0.00e+00	0.00e+00	7.01e-01	1.20e-01	6.84e-02
 2.48560e+16	8.94e-01	1.06e-01	2.33e-05	0.00e+00	0.00e+00	0.00e+00	0.00e+00	0.00e+00	0.00e+00	7.06e-01	1.19e-01	6.82e-02
 2.48685e+16	8.98e-01	1.02e-01	2.05e-05	0.00e+00	0.00e+00	0.00e+00	0.00e+00	0.00e+00	0.00e+00	7.12e-01	1.18e-01	6.79e-02
 2.48809e+16	9.03e-01	9.74e-02	1.81e-05	0.00e+00	0.00e+00	0.00e+00	0.00e+00	0.00e+00	0.00e+00	7.17e-01	1.18e-01	6.77e-02
 2.48930e+16	9.07e-01	9.34e-02	1.59e-05	0.00e+00	0.00e+00	0.00e+00	0.00e+00	0.00e+00	0.00e+00	7.22e-01	1.17e-01	6.74e-02
 2.49051e+16	9.10e-01	8.96e-02	1.41e-05	0.00e+00	0.00e+00	0.00e+00	0.00e+00	0.00e+00	0.00e+00	7.27e-01	1.16e-01	6.72e-02
 2.49170e+16	9.14e-01	8.59e-02	1.24e-05	0.00e+00	0.00e+00	0.00e+00	0.00e+00	0.00e+00	0.00e+00	7.32e-01	1.15e-01	6.69e-02
 2.49289e+16	9.18e-01	8.23e-02	1.10e-05	0.00e+00	0.00e+00	0.00e+00	0.00e+00	0.00e+00	0.00e+00	7.37e-01	1.14e-01	6.67e-02
 2.49406e+16	9.21e-01	7.91e-02	9.71e-06	0.00e+00	0.00e+00	0.00e+00	0.00e+00	0.00e+00	0.00e+00	7.41e-01	1.14e-01	6.64e-02
 2.49524e+16	9.24e-01	7.58e-02	8.58e-06	0.00e+00	0.00e+00	0.00e+00	0.00e+00	0.00e+00	0.00e+00	7.45e-01	1.13e-01	6.61e-02
 2.49639e+16	9.27e-01	7.27e-02	7.60e-06	0.00e+00	0.00e+00	0.00e+00	0.00e+00	0.00e+00	0.00e+00	7.49e-01	1.12e-01	6.58e-02
 2.49754e+16	9.30e-01	6.98e-02	6.73e-06	0.00e+00	0.00e+00	0.00e+00	0.00e+00	0.00e+00	0.00e+00	7.54e-01	1.11e-01	6.54e-02
 2.49869e+16	9.33e-01	6.71e-02	5.96e-06	0.00e+00	0.00e+00	0.00e+00	0.00e+00	0.00e+00	0.00e+00	7.57e-01	1.10e-01	6.51e-02
 2.49983e+16	9.36e-01	6.44e-02	5.29e-06	0.00e+00	0.00e+00	0.00e+00	0.00e+00	0.00e+00	0.00e+00	7.61e-01	1.10e-01	6.48e-02
 2.50096e+16	9.38e-01	6.18e-02	4.69e-06	0.00e+00	0.00e+00	0.00e+00	0.00e+00	0.00e+00	0.00e+00	7.65e-01	1.09e-01	6.44e-02
 2.50208e+16	9.41e-01	5.94e-02	4.16e-06	0.00e+00	0.00e+00	0.00e+00	0.00e+00	0.00e+00	0.00e+00	7.68e-01	1.08e-01	6.41e-02
 2.50321e+16	9.43e-01	5.70e-02	3.69e-06	0.00e+00	0.00e+00	0.00e+00	0.00e+00	0.00e+00	0.00e+00	7.72e-01	1.08e-01	6.38e-02
 2.50432e+16	9.45e-01	5.47e-02	3.28e-06	0.00e+00	0.00e+00	0.00e+00	0.00e+00	0.00e+00	0.00e+00	7.75e-01	1.07e-01	6.34e-02
 2.50541e+16	9.47e-01	5.27e-02	2.92e-06	0.00e+00	0.00e+00	0.00e+00	0.00e+00	0.00e+00	0.00e+00	7.78e-01	1.06e-01	6.31e-02
 2.50651e+16	9.49e-01	5.06e-02	2.59e-06	0.00e+00	0.00e+00	0.00e+00	0.00e+00	0.00e+00	0.00e+00	7.81e-01	1.05e-01	6.28e-02
 2.50760e+16	9.51e-01	4.86e-02	2.31e-06	0.00e+00	0.00e+00	0.00e+00	0.00e+00	0.00e+00	0.00e+00	7.84e-01	1.05e-01	6.24e-02
 2.50868e+16	9.53e-01	4.67e-02	2.06e-06	0.00e+00	0.00e+00	0.00e+00	0.00e+00	0.00e+00	0.00e+00	7.87e-01	1.04e-01	6.21e-02
 2.50977e+16	9.55e-01	4.50e-02	1.83e-06	0.00e+00	0.00e+00	0.00e+00	0.00e+00	0.00e+00	0.00e+00	7.90e-01	1.04e-01	6.19e-02
 2.51086e+16	9.57e-01	4.32e-02	1.63e-06	0.00e+00	0.00e+00	0.00e+00	0.00e+00	0.00e+00	0.00e+00	7.92e-01	1.03e-01	6.15e-02
 2.51193e+16	9.58e-01	4.15e-02	1.45e-06	0.00e+00	0.00e+00	0.00e+00	0.00e+00	0.00e+00	0.00e+00	7.95e-01	1.02e-01	6.12e-02
 2.51300e+16	9.60e-01	3.99e-02	1.29e-06	0.00e+00	0.00e+00	0.00e+00	0.00e+00	0.00e+00	0.00e+00	7.97e-01	1.02e-01	6.10e-02
