#depth	He	He+	He+2
 2.77401e+11	1.51e-03	9.98e-01	5.54e-04
 1.66441e+12	1.51e-03	9.98e-01	5.53e-04
 7.21243e+12	1.51e-03	9.98e-01	5.50e-04
 2.94045e+13	1.51e-03	9.98e-01	5.31e-04
 7.02379e+13	1.51e-03	9.98e-01	5.21e-04
 1.23321e+14	1.52e-03	9.98e-01	4.92e-04
 1.92330e+14	1.52e-03	9.98e-01	4.44e-04
 2.82041e+14	1.53e-03	9.98e-01	3.79e-04
 3.98665e+14	1.54e-03	9.98e-01	3.01e-04
 5.50277e+14	1.55e-03	9.98e-01	2.17e-04
 7.47372e+14	1.56e-03	9.98e-01	1.39e-04
 1.00360e+15	1.58e-03	9.98e-01	7.72e-05
 1.33669e+15	1.61e-03	9.98e-01	3.57e-05
 1.76970e+15	1.64e-03	9.98e-01	1.33e-05
 2.33263e+15	1.69e-03	9.98e-01	3.82e-06
 3.06443e+15	1.76e-03	9.98e-01	8.17e-07
 4.01577e+15	1.85e-03	9.98e-01	1.27e-07
 5.21252e+15	1.97e-03	9.98e-01	1.56e-08
 6.48618e+15	2.11e-03	9.98e-01	2.13e-09
 7.62120e+15	2.24e-03	9.98e-01	4.74e-10
 8.54869e+15	2.36e-03	9.98e-01	1.69e-10
 9.40356e+15	2.49e-03	9.98e-01	7.84e-11
 1.02887e+16	2.64e-03	9.97e-01	4.36e-11
 1.11170e+16	2.79e-03	9.97e-01	3.05e-11
 1.18606e+16	2.94e-03	9.97e-01	2.50e-11
 1.25481e+16	3.09e-03	9.97e-01	2.24e-11
 1.32060e+16	3.26e-03	9.97e-01	2.09e-11
 1.38361e+16	3.43e-03	9.97e-01	2.01e-11
 1.44329e+16	3.62e-03	9.96e-01	1.97e-11
 1.49961e+16	3.81e-03	9.96e-01	1.94e-11
 1.55302e+16	4.01e-03	9.96e-01	1.93e-11
 1.60395e+16	4.23e-03	9.96e-01	1.93e-11
 1.65259e+16	4.46e-03	9.96e-01	1.93e-11
 1.69899e+16	4.71e-03	9.95e-01	1.94e-11
 1.74326e+16	4.98e-03	9.95e-01	1.94e-11
 1.78558e+16	5.26e-03	9.95e-01	1.96e-11
 1.82607e+16	5.57e-03	9.94e-01	1.98e-11
 1.86475e+16	5.92e-03	9.94e-01	2.01e-11
 1.90176e+16	6.28e-03	9.94e-01	2.02e-11
 1.93721e+16	6.68e-03	9.93e-01	2.06e-11
 1.97117e+16	7.12e-03	9.93e-01	2.09e-11
 2.00331e+16	7.59e-03	9.92e-01	2.12e-11
 2.03324e+16	8.10e-03	9.92e-01	2.15e-11
 2.06131e+16	8.66e-03	9.91e-01	2.19e-11
 2.08797e+16	9.27e-03	9.91e-01	2.24e-11
 2.11337e+16	9.94e-03	9.90e-01	2.30e-11
 2.13744e+16	1.07e-02	9.89e-01	2.36e-11
 2.16012e+16	1.15e-02	9.88e-01	2.42e-11
 2.18154e+16	1.24e-02	9.88e-01	2.50e-11
 2.20185e+16	1.35e-02	9.87e-01	2.59e-11
 2.22116e+16	1.46e-02	9.85e-01	2.70e-11
 2.23947e+16	1.59e-02	9.84e-01	2.82e-11
 2.25678e+16	1.75e-02	9.83e-01	2.97e-11
 2.27309e+16	1.92e-02	9.81e-01	3.15e-11
 2.28846e+16	2.12e-02	9.79e-01	3.36e-11
 2.30293e+16	2.35e-02	9.77e-01	3.72e-11
 2.31662e+16	2.62e-02	9.74e-01	4.02e-11
 2.32946e+16	2.93e-02	9.71e-01	4.56e-11
 2.34143e+16	3.30e-02	9.67e-01	5.22e-11
 2.35103e+16	3.67e-02	9.63e-01	5.95e-11
 2.35772e+16	3.98e-02	9.60e-01	6.45e-11
 2.36340e+16	4.28e-02	9.57e-01	7.22e-11
 2.36986e+16	4.69e-02	9.53e-01	8.04e-11
 2.37666e+16	5.18e-02	9.48e-01	9.32e-11
 2.38227e+16	5.68e-02	9.43e-01	1.06e-10
 2.38687e+16	6.13e-02	9.39e-01	1.21e-10
 2.39179e+16	6.71e-02	9.33e-01	1.39e-10
 2.39700e+16	7.41e-02	9.26e-01	1.63e-10
 2.40132e+16	8.09e-02	9.19e-01	1.85e-10
 2.40489e+16	8.71e-02	9.13e-01	2.12e-10
 2.40875e+16	9.50e-02	9.05e-01	2.44e-10
 2.41291e+16	1.04e-01	8.96e-01	2.86e-10
 2.41653e+16	1.14e-01	8.86e-01	3.26e-10
 2.41963e+16	1.23e-01	8.77e-01	3.73e-10
 2.42267e+16	1.33e-01	8.67e-01	4.19e-10
 2.42597e+16	1.44e-01	8.56e-01	4.83e-10
 2.42921e+16	1.57e-01	8.43e-01	5.52e-10
 2.43199e+16	1.68e-01	8.32e-01	6.19e-10
 2.43447e+16	1.80e-01	8.20e-01	6.85e-10
 2.43685e+16	1.92e-01	8.08e-01	7.52e-10
 2.43922e+16	2.05e-01	7.95e-01	8.27e-10
 2.44114e+16	2.15e-01	7.85e-01	8.95e-10
 2.44242e+16	2.22e-01	7.78e-01	9.39e-10
 2.44361e+16	2.30e-01	7.70e-01	9.81e-10
 2.44497e+16	2.39e-01	7.61e-01	1.03e-09
 2.44645e+16	2.48e-01	7.52e-01	1.09e-09
 2.44791e+16	2.58e-01	7.42e-01	1.15e-09
 2.44930e+16	2.68e-01	7.32e-01	1.22e-09
 2.45066e+16	2.78e-01	7.22e-01	1.28e-09
 2.45204e+16	2.88e-01	7.12e-01	1.35e-09
 2.45345e+16	3.00e-01	7.00e-01	1.41e-09
 2.45483e+16	3.10e-01	6.90e-01	1.48e-09
 2.45620e+16	3.22e-01	6.78e-01	1.55e-09
 2.45757e+16	3.33e-01	6.67e-01	1.63e-09
 2.45895e+16	3.45e-01	6.55e-01	1.70e-09
 2.46032e+16	3.57e-01	6.43e-01	1.79e-09
 2.46169e+16	3.70e-01	6.30e-01	1.87e-09
 2.46307e+16	3.83e-01	6.17e-01	1.95e-09
 2.46442e+16	3.95e-01	6.05e-01	2.03e-09
 2.46576e+16	4.08e-01	5.92e-01	2.12e-09
 2.46713e+16	4.22e-01	5.78e-01	2.20e-09
 2.46849e+16	4.35e-01	5.65e-01	2.29e-09
 2.46984e+16	4.49e-01	5.51e-01	2.37e-09
 2.47121e+16	4.63e-01	5.37e-01	2.46e-09
 2.47255e+16	4.77e-01	5.23e-01	2.55e-09
 2.47388e+16	4.90e-01	5.10e-01	2.64e-09
 2.47524e+16	5.05e-01	4.95e-01	2.72e-09
 2.47658e+16	5.19e-01	4.81e-01	2.81e-09
 2.47789e+16	5.33e-01	4.67e-01	2.90e-09
 2.47920e+16	5.47e-01	4.53e-01	2.98e-09
 2.48052e+16	5.61e-01	4.39e-01	3.06e-09
 2.48184e+16	5.75e-01	4.25e-01	3.14e-09
 2.48313e+16	5.89e-01	4.11e-01	3.22e-09
 2.48438e+16	6.02e-01	3.98e-01	3.29e-09
 2.48563e+16	6.15e-01	3.85e-01	3.36e-09
 2.48688e+16	6.28e-01	3.72e-01	3.43e-09
 2.48812e+16	6.41e-01	3.59e-01	3.50e-09
 2.48934e+16	6.54e-01	3.46e-01	3.57e-09
 2.49054e+16	6.66e-01	3.34e-01	3.62e-09
 2.49173e+16	6.78e-01	3.22e-01	3.68e-09
 2.49292e+16	6.89e-01	3.11e-01	3.74e-09
 2.49409e+16	7.01e-01	2.99e-01	3.78e-09
 2.49526e+16	7.12e-01	2.88e-01	3.83e-09
 2.49642e+16	7.23e-01	2.77e-01	3.87e-09
 2.49758e+16	7.34e-01	2.66e-01	3.92e-09
 2.49872e+16	7.44e-01	2.56e-01	3.96e-09
 2.49985e+16	7.54e-01	2.46e-01	3.98e-09
 2.50099e+16	7.64e-01	2.36e-01	4.01e-09
 2.50212e+16	7.73e-01	2.27e-01	4.03e-09
 2.50322e+16	7.82e-01	2.18e-01	4.07e-09
 2.50434e+16	7.91e-01	2.09e-01	4.08e-09
 2.50545e+16	8.00e-01	2.00e-01	4.10e-09
 2.50655e+16	8.08e-01	1.92e-01	4.11e-09
 2.50762e+16	8.16e-01	1.84e-01	4.12e-09
 2.50872e+16	8.24e-01	1.76e-01	4.13e-09
 2.50982e+16	8.32e-01	1.68e-01	4.13e-09
 2.51088e+16	8.39e-01	1.61e-01	4.13e-09
 2.51194e+16	8.46e-01	1.54e-01	4.14e-09
 2.51303e+16	8.53e-01	1.47e-01	4.13e-09
 2.51412e+16	8.59e-01	1.41e-01	4.12e-09
 2.51517e+16	8.65e-01	1.35e-01	4.11e-09
 2.51621e+16	8.71e-01	1.29e-01	4.10e-09
 2.51726e+16	8.77e-01	1.23e-01	4.06e-09
 2.51835e+16	8.83e-01	1.17e-01	4.04e-09
 2.51944e+16	8.88e-01	1.12e-01	4.03e-09
 2.52049e+16	8.94e-01	1.06e-01	4.00e-09
 2.52151e+16	8.98e-01	1.02e-01	3.97e-09
 2.52254e+16	9.03e-01	9.71e-02	3.97e-09
 2.52355e+16	9.07e-01	9.28e-02	3.94e-09
 2.52454e+16	9.11e-01	8.85e-02	3.91e-09
 2.52555e+16	9.16e-01	8.44e-02	3.87e-09
 2.52659e+16	9.20e-01	8.04e-02	3.83e-09
 2.52760e+16	9.23e-01	7.66e-02	3.80e-09
 2.52859e+16	9.27e-01	7.32e-02	3.77e-09
 2.52956e+16	9.30e-01	6.98e-02	3.73e-09
 2.53054e+16	9.33e-01	6.66e-02	3.69e-09
 2.53151e+16	9.36e-01	6.35e-02	3.65e-09
 2.53247e+16	9.39e-01	6.07e-02	3.61e-09
 2.53341e+16	9.42e-01	5.80e-02	3.57e-09
 2.53433e+16	9.45e-01	5.54e-02	3.53e-09
 2.53524e+16	9.47e-01	5.30e-02	3.49e-09
 2.53614e+16	9.49e-01	5.07e-02	3.45e-09
 2.53701e+16	9.51e-01	4.86e-02	3.40e-09
 2.53788e+16	9.54e-01	4.65e-02	3.35e-09
 2.53874e+16	9.55e-01	4.45e-02	3.30e-09
 2.53957e+16	9.57e-01	4.27e-02	3.25e-09
 2.54037e+16	9.59e-01	4.10e-02	3.20e-09
 2.54109e+16	9.61e-01	3.95e-02	3.15e-09
 2.54174e+16	9.62e-01	3.82e-02	3.10e-09
 2.54232e+16	9.63e-01	3.70e-02	3.05e-09
 2.54285e+16	9.64e-01	3.60e-02	3.00e-09
 2.54336e+16	9.65e-01	3.50e-02	2.95e-09
 2.54382e+16	9.66e-01	3.42e-02	2.91e-09
 2.54426e+16	9.67e-01	3.33e-02	2.87e-09
 2.54467e+16	9.67e-01	3.26e-02	2.82e-09
 2.54505e+16	9.68e-01	3.19e-02	2.78e-09
 2.54541e+16	9.69e-01	3.12e-02	2.74e-09
 2.54575e+16	9.69e-01	3.06e-02	2.70e-09
 2.54606e+16	9.70e-01	3.01e-02	2.66e-09
 2.54633e+16	9.70e-01	2.96e-02	2.63e-09
 2.54659e+16	9.71e-01	2.91e-02	2.60e-09
 2.54682e+16	9.71e-01	2.87e-02	2.57e-09
 2.54703e+16	9.72e-01	2.84e-02	2.55e-09
 2.54722e+16	9.72e-01	2.81e-02	2.53e-09
 2.54743e+16	9.72e-01	2.77e-02	2.50e-09
 2.54770e+16	9.73e-01	2.72e-02	2.46e-09
 2.54800e+16	9.73e-01	2.67e-02	2.43e-09
 2.54826e+16	9.74e-01	2.63e-02	2.40e-09
 2.54851e+16	9.74e-01	2.59e-02	2.37e-09
