#depth	H	H+	H2
 2.77401e+11	1.02e-03	9.99e-01	2.58e-14
 1.66441e+12	1.02e-03	9.99e-01	2.58e-14
 7.21243e+12	1.02e-03	9.99e-01	2.58e-14
 2.94045e+13	1.02e-03	9.99e-01	2.59e-14
 7.02379e+13	1.02e-03	9.99e-01	2.59e-14
 1.23321e+14	1.01e-03	9.99e-01	2.59e-14
 1.92330e+14	1.01e-03	9.99e-01	2.60e-14
 2.82041e+14	1.00e-03	9.99e-01	2.61e-14
 3.98665e+14	9.99e-04	9.99e-01	2.63e-14
 5.50277e+14	9.96e-04	9.99e-01	2.65e-14
 7.47372e+14	9.94e-04	9.99e-01	2.69e-14
 1.00360e+15	9.94e-04	9.99e-01	2.75e-14
 1.33669e+15	9.97e-04	9.99e-01	2.83e-14
 1.76970e+15	1.01e-03	9.99e-01	2.94e-14
 2.33263e+15	1.02e-03	9.99e-01	3.11e-14
 3.06443e+15	1.05e-03	9.99e-01	3.34e-14
 4.01577e+15	1.10e-03	9.99e-01	3.69e-14
 5.21252e+15	1.17e-03	9.99e-01	4.20e-14
 6.48618e+15	1.26e-03	9.99e-01	4.82e-14
 7.62120e+15	1.36e-03	9.99e-01	5.49e-14
 8.54869e+15	1.46e-03	9.99e-01	6.14e-14
 9.40356e+15	1.58e-03	9.98e-01	6.86e-14
 1.02887e+16	1.72e-03	9.98e-01	7.72e-14
 1.11170e+16	1.87e-03	9.98e-01	8.67e-14
 1.18606e+16	2.03e-03	9.98e-01	9.67e-14
 1.25481e+16	2.20e-03	9.98e-01	1.08e-13
 1.32060e+16	2.39e-03	9.98e-01	1.20e-13
 1.38361e+16	2.60e-03	9.97e-01	1.33e-13
 1.44329e+16	2.82e-03	9.97e-01	1.48e-13
 1.49961e+16	3.08e-03	9.97e-01	1.65e-13
 1.55302e+16	3.35e-03	9.97e-01	1.83e-13
 1.60395e+16	3.65e-03	9.96e-01	2.03e-13
 1.65259e+16	3.99e-03	9.96e-01	2.26e-13
 1.69899e+16	4.36e-03	9.96e-01	2.51e-13
 1.74326e+16	4.76e-03	9.95e-01	2.79e-13
 1.78558e+16	5.22e-03	9.95e-01	3.11e-13
 1.82607e+16	5.73e-03	9.94e-01	3.46e-13
 1.86475e+16	6.29e-03	9.94e-01	3.86e-13
 1.90176e+16	6.92e-03	9.93e-01	4.31e-13
 1.93721e+16	7.63e-03	9.92e-01	4.81e-13
 1.97117e+16	8.43e-03	9.92e-01	5.40e-13
 2.00331e+16	9.34e-03	9.91e-01	6.05e-13
 2.03324e+16	1.03e-02	9.90e-01	6.78e-13
 2.06131e+16	1.14e-02	9.89e-01	7.59e-13
 2.08797e+16	1.27e-02	9.87e-01	8.50e-13
 2.11337e+16	1.41e-02	9.86e-01	9.56e-13
 2.13744e+16	1.57e-02	9.84e-01	1.08e-12
 2.16012e+16	1.75e-02	9.82e-01	1.22e-12
 2.18154e+16	1.96e-02	9.80e-01	1.38e-12
 2.20185e+16	2.20e-02	9.78e-01	1.57e-12
 2.22116e+16	2.49e-02	9.75e-01	1.79e-12
 2.23947e+16	2.82e-02	9.72e-01	2.05e-12
 2.25678e+16	3.21e-02	9.68e-01	2.37e-12
 2.27309e+16	3.67e-02	9.63e-01	2.75e-12
 2.28846e+16	4.23e-02	9.58e-01	3.22e-12
 2.30293e+16	4.88e-02	9.51e-01	3.78e-12
 2.31662e+16	5.70e-02	9.43e-01	4.50e-12
 2.32946e+16	6.67e-02	9.33e-01	5.38e-12
 2.34143e+16	7.86e-02	9.21e-01	6.49e-12
 2.35103e+16	9.09e-02	9.09e-01	7.67e-12
 2.35772e+16	1.02e-01	8.98e-01	8.75e-12
 2.36340e+16	1.12e-01	8.88e-01	9.80e-12
 2.36986e+16	1.26e-01	8.74e-01	1.13e-11
 2.37666e+16	1.44e-01	8.56e-01	1.32e-11
 2.38227e+16	1.61e-01	8.39e-01	1.53e-11
 2.38687e+16	1.77e-01	8.23e-01	1.72e-11
 2.39179e+16	1.97e-01	8.03e-01	1.98e-11
 2.39700e+16	2.22e-01	7.78e-01	2.31e-11
 2.40132e+16	2.45e-01	7.55e-01	2.65e-11
 2.40489e+16	2.65e-01	7.35e-01	2.95e-11
 2.40875e+16	2.90e-01	7.10e-01	3.37e-11
 2.41291e+16	3.19e-01	6.81e-01	3.88e-11
 2.41653e+16	3.46e-01	6.54e-01	4.41e-11
 2.41963e+16	3.70e-01	6.30e-01	4.91e-11
 2.42267e+16	3.96e-01	6.04e-01	5.49e-11
 2.42597e+16	4.24e-01	5.76e-01	6.19e-11
 2.42921e+16	4.52e-01	5.48e-01	6.97e-11
 2.43199e+16	4.77e-01	5.23e-01	7.70e-11
 2.43447e+16	4.99e-01	5.01e-01	8.44e-11
 2.43685e+16	5.21e-01	4.79e-01	9.24e-11
 2.43922e+16	5.43e-01	4.57e-01	1.01e-10
 2.44114e+16	5.59e-01	4.41e-01	1.08e-10
 2.44242e+16	5.71e-01	4.29e-01	1.13e-10
 2.44361e+16	5.81e-01	4.19e-01	1.18e-10
 2.44497e+16	5.94e-01	4.06e-01	1.25e-10
 2.44645e+16	6.06e-01	3.94e-01	1.31e-10
 2.44791e+16	6.19e-01	3.81e-01	1.39e-10
 2.44930e+16	6.31e-01	3.69e-01	1.46e-10
 2.45066e+16	6.43e-01	3.57e-01	1.54e-10
 2.45204e+16	6.54e-01	3.46e-01	1.61e-10
 2.45345e+16	6.66e-01	3.34e-01	1.71e-10
 2.45483e+16	6.77e-01	3.23e-01	1.79e-10
 2.45620e+16	6.89e-01	3.11e-01	1.89e-10
 2.45757e+16	6.99e-01	3.01e-01	1.98e-10
 2.45895e+16	7.10e-01	2.90e-01	2.10e-10
 2.46032e+16	7.20e-01	2.80e-01	2.19e-10
 2.46169e+16	7.31e-01	2.69e-01	2.32e-10
 2.46307e+16	7.41e-01	2.59e-01	2.44e-10
 2.46442e+16	7.51e-01	2.49e-01	2.57e-10
 2.46576e+16	7.60e-01	2.40e-01	2.70e-10
 2.46713e+16	7.69e-01	2.31e-01	2.85e-10
 2.46849e+16	7.78e-01	2.22e-01	2.99e-10
 2.46984e+16	7.87e-01	2.13e-01	3.16e-10
 2.47121e+16	7.96e-01	2.04e-01	3.33e-10
 2.47255e+16	8.04e-01	1.96e-01	3.50e-10
 2.47388e+16	8.12e-01	1.88e-01	3.68e-10
 2.47524e+16	8.20e-01	1.80e-01	3.90e-10
 2.47658e+16	8.27e-01	1.73e-01	4.09e-10
 2.47789e+16	8.34e-01	1.66e-01	4.32e-10
 2.47920e+16	8.41e-01	1.59e-01	4.56e-10
 2.48052e+16	8.47e-01	1.53e-01	4.81e-10
 2.48184e+16	8.54e-01	1.46e-01	5.07e-10
 2.48313e+16	8.60e-01	1.40e-01	5.35e-10
 2.48438e+16	8.66e-01	1.34e-01	5.64e-10
 2.48563e+16	8.71e-01	1.29e-01	5.94e-10
 2.48688e+16	8.76e-01	1.24e-01	6.26e-10
 2.48812e+16	8.81e-01	1.19e-01	6.60e-10
 2.48934e+16	8.86e-01	1.14e-01	6.96e-10
 2.49054e+16	8.91e-01	1.09e-01	7.38e-10
 2.49173e+16	8.95e-01	1.05e-01	7.73e-10
 2.49292e+16	8.99e-01	1.01e-01	8.20e-10
 2.49409e+16	9.03e-01	9.68e-02	8.67e-10
 2.49526e+16	9.07e-01	9.30e-02	9.15e-10
 2.49642e+16	9.11e-01	8.94e-02	9.61e-10
 2.49758e+16	9.14e-01	8.59e-02	1.02e-09
 2.49872e+16	9.17e-01	8.26e-02	1.07e-09
 2.49985e+16	9.21e-01	7.93e-02	1.14e-09
 2.50099e+16	9.24e-01	7.62e-02	1.21e-09
 2.50212e+16	9.27e-01	7.32e-02	1.29e-09
 2.50322e+16	9.29e-01	7.05e-02	1.35e-09
 2.50434e+16	9.32e-01	6.77e-02	1.43e-09
 2.50545e+16	9.35e-01	6.51e-02	1.52e-09
 2.50655e+16	9.37e-01	6.26e-02	1.62e-09
 2.50762e+16	9.40e-01	6.03e-02	1.71e-09
 2.50872e+16	9.42e-01	5.80e-02	1.82e-09
 2.50982e+16	9.44e-01	5.57e-02	1.95e-09
 2.51088e+16	9.46e-01	5.36e-02	2.07e-09
 2.51194e+16	9.48e-01	5.17e-02	2.17e-09
 2.51303e+16	9.50e-01	4.97e-02	2.33e-09
 2.51412e+16	9.52e-01	4.78e-02	2.49e-09
 2.51517e+16	9.54e-01	4.60e-02	2.66e-09
 2.51621e+16	9.56e-01	4.43e-02	2.86e-09
 2.51726e+16	9.57e-01	4.25e-02	3.06e-09
 2.51835e+16	9.59e-01	4.09e-02	3.28e-09
 2.51944e+16	9.61e-01	3.93e-02	3.52e-09
 2.52049e+16	9.62e-01	3.78e-02	3.78e-09
 2.52151e+16	9.64e-01	3.64e-02	4.06e-09
 2.52254e+16	9.65e-01	3.51e-02	4.35e-09
 2.52355e+16	9.66e-01	3.39e-02	4.68e-09
 2.52454e+16	9.67e-01	3.26e-02	5.05e-09
 2.52555e+16	9.69e-01	3.14e-02	5.47e-09
 2.52659e+16	9.70e-01	3.02e-02	5.98e-09
 2.52760e+16	9.71e-01	2.90e-02	6.51e-09
 2.52859e+16	9.72e-01	2.79e-02	7.07e-09
 2.52956e+16	9.73e-01	2.69e-02	7.72e-09
 2.53054e+16	9.74e-01	2.59e-02	8.46e-09
 2.53151e+16	9.75e-01	2.49e-02	9.30e-09
 2.53247e+16	9.76e-01	2.39e-02	1.02e-08
 2.53341e+16	9.77e-01	2.30e-02	1.13e-08
 2.53433e+16	9.78e-01	2.21e-02	1.24e-08
 2.53524e+16	9.79e-01	2.12e-02	1.37e-08
 2.53614e+16	9.80e-01	2.04e-02	1.51e-08
 2.53701e+16	9.80e-01	1.96e-02	1.66e-08
 2.53788e+16	9.81e-01	1.88e-02	1.82e-08
 2.53874e+16	9.82e-01	1.80e-02	1.99e-08
 2.53957e+16	9.83e-01	1.73e-02	2.16e-08
 2.54037e+16	9.83e-01	1.66e-02	2.32e-08
 2.54109e+16	9.84e-01	1.60e-02	2.46e-08
 2.54174e+16	9.85e-01	1.55e-02	2.57e-08
 2.54232e+16	9.85e-01	1.50e-02	2.65e-08
 2.54285e+16	9.85e-01	1.45e-02	2.72e-08
 2.54336e+16	9.86e-01	1.41e-02	2.78e-08
 2.54382e+16	9.86e-01	1.38e-02	2.83e-08
 2.54426e+16	9.87e-01	1.34e-02	2.87e-08
 2.54467e+16	9.87e-01	1.31e-02	2.91e-08
 2.54505e+16	9.87e-01	1.28e-02	2.95e-08
 2.54541e+16	9.88e-01	1.25e-02	2.99e-08
 2.54575e+16	9.88e-01	1.22e-02	3.03e-08
 2.54606e+16	9.88e-01	1.19e-02	3.07e-08
 2.54633e+16	9.88e-01	1.17e-02	3.10e-08
 2.54659e+16	9.88e-01	1.15e-02	3.14e-08
 2.54682e+16	9.89e-01	1.13e-02	3.17e-08
 2.54703e+16	9.89e-01	1.12e-02	3.21e-08
 2.54722e+16	9.89e-01	1.10e-02	3.24e-08
 2.54743e+16	9.89e-01	1.09e-02	3.27e-08
 2.54770e+16	9.89e-01	1.06e-02	3.33e-08
 2.54800e+16	9.90e-01	1.04e-02	3.39e-08
 2.54826e+16	9.90e-01	1.02e-02	3.46e-08
 2.54851e+16	9.90e-01	1.00e-02	3.52e-08
