#depth	H	H+	H2
 2.92568e+11	3.88e-03	9.96e-01	2.62e-11
 1.75541e+12	3.88e-03	9.96e-01	2.64e-11
 7.60676e+12	3.87e-03	9.96e-01	2.62e-11
 3.10122e+13	3.86e-03	9.96e-01	2.61e-11
 7.40781e+13	3.80e-03	9.96e-01	2.56e-11
 1.30064e+14	3.73e-03	9.96e-01	2.47e-11
 2.02845e+14	3.66e-03	9.96e-01	2.39e-11
 2.97461e+14	3.60e-03	9.96e-01	2.31e-11
 4.20462e+14	3.54e-03	9.96e-01	2.23e-11
 5.80363e+14	3.49e-03	9.97e-01	2.17e-11
 7.88234e+14	3.45e-03	9.97e-01	2.13e-11
 1.00476e+15	3.39e-03	9.97e-01	2.09e-11
 1.18837e+15	3.33e-03	9.97e-01	2.03e-11
 1.38288e+15	3.31e-03	9.97e-01	2.01e-11
 1.63574e+15	3.27e-03	9.97e-01	1.99e-11
 1.90667e+15	3.19e-03	9.97e-01	1.93e-11
 2.15827e+15	3.12e-03	9.97e-01	1.85e-11
 2.39029e+15	3.05e-03	9.97e-01	1.78e-11
 2.63969e+15	3.00e-03	9.97e-01	1.72e-11
 2.96391e+15	2.95e-03	9.97e-01	1.69e-11
 3.30452e+15	2.88e-03	9.97e-01	1.63e-11
 3.63497e+15	2.82e-03	9.97e-01	1.56e-11
 3.99847e+15	2.77e-03	9.97e-01	1.52e-11
 4.35615e+15	2.73e-03	9.97e-01	1.48e-11
 4.66328e+15	2.89e-03	9.97e-01	1.63e-11
 4.85326e+15	2.86e-03	9.97e-01	1.57e-11
 4.94344e+15	2.85e-03	9.97e-01	1.53e-11
 5.03559e+15	2.85e-03	9.97e-01	1.53e-11
 5.15538e+15	2.85e-03	9.97e-01	1.54e-11
 5.31110e+15	2.85e-03	9.97e-01	1.54e-11
 5.48492e+15	2.85e-03	9.97e-01	1.55e-11
 5.64077e+15	2.83e-03	9.97e-01	1.54e-11
 5.77300e+15	2.83e-03	9.97e-01	1.53e-11
 5.91600e+15	2.83e-03	9.97e-01	1.53e-11
 6.07384e+15	2.81e-03	9.97e-01	1.52e-11
 6.21874e+15	2.79e-03	9.97e-01	1.50e-11
 6.34833e+15	2.78e-03	9.97e-01	1.49e-11
 6.49024e+15	2.79e-03	9.97e-01	1.50e-11
 6.67473e+15	2.83e-03	9.97e-01	1.54e-11
 6.85964e+15	2.93e-03	9.97e-01	1.67e-11
 6.99467e+15	3.08e-03	9.97e-01	1.87e-11
 7.08271e+15	3.21e-03	9.97e-01	2.08e-11
 7.14468e+15	3.32e-03	9.97e-01	2.26e-11
 7.20984e+15	3.46e-03	9.97e-01	2.47e-11
 7.29453e+15	3.66e-03	9.96e-01	2.79e-11
 7.37884e+15	3.92e-03	9.96e-01	3.25e-11
 7.43797e+15	4.14e-03	9.96e-01	3.71e-11
 7.47847e+15	4.30e-03	9.96e-01	4.08e-11
 7.51941e+15	4.47e-03	9.96e-01	4.44e-11
 7.57263e+15	4.69e-03	9.95e-01	4.93e-11
 7.62764e+15	4.96e-03	9.95e-01	5.57e-11
 7.66992e+15	5.18e-03	9.95e-01	6.18e-11
 7.70180e+15	5.36e-03	9.95e-01	6.69e-11
 7.73519e+15	5.53e-03	9.94e-01	7.18e-11
 7.77860e+15	5.76e-03	9.94e-01	7.84e-11
 7.82317e+15	6.03e-03	9.94e-01	8.66e-11
 7.85759e+15	6.25e-03	9.94e-01	9.43e-11
 7.88499e+15	6.42e-03	9.94e-01	1.01e-10
 7.91494e+15	6.61e-03	9.93e-01	1.07e-10
 7.95386e+15	6.84e-03	9.93e-01	1.16e-10
 7.99733e+15	7.11e-03	9.93e-01	1.26e-10
 8.03907e+15	7.37e-03	9.93e-01	1.37e-10
 8.08569e+15	7.60e-03	9.92e-01	1.46e-10
 8.14629e+15	7.84e-03	9.92e-01	1.56e-10
 8.22507e+15	8.12e-03	9.92e-01	1.66e-10
 8.32749e+15	8.40e-03	9.92e-01	1.75e-10
 8.46063e+15	8.74e-03	9.91e-01	1.85e-10
 8.63372e+15	9.16e-03	9.91e-01	1.96e-10
 8.83496e+15	9.76e-03	9.90e-01	2.13e-10
 9.02746e+15	1.05e-02	9.90e-01	2.33e-10
 9.19612e+15	1.11e-02	9.89e-01	2.51e-10
 9.35166e+15	1.17e-02	9.88e-01	2.67e-10
 9.50177e+15	1.23e-02	9.88e-01	2.82e-10
 9.64769e+15	1.30e-02	9.87e-01	2.96e-10
 9.78855e+15	1.36e-02	9.86e-01	3.10e-10
 9.92431e+15	1.42e-02	9.86e-01	3.24e-10
 1.00588e+16	1.48e-02	9.85e-01	3.35e-10
 1.01919e+16	1.54e-02	9.85e-01	3.46e-10
 1.03193e+16	1.60e-02	9.84e-01	3.56e-10
 1.04424e+16	1.65e-02	9.83e-01	3.64e-10
 1.05640e+16	1.71e-02	9.83e-01	3.69e-10
 1.06852e+16	1.76e-02	9.82e-01	3.73e-10
 1.08060e+16	1.82e-02	9.82e-01	3.74e-10
 1.09266e+16	1.88e-02	9.81e-01	3.72e-10
 1.10476e+16	1.93e-02	9.81e-01	3.66e-10
 1.11696e+16	1.99e-02	9.80e-01	3.56e-10
 1.12930e+16	2.06e-02	9.79e-01	3.40e-10
 1.14185e+16	2.12e-02	9.79e-01	3.18e-10
 1.15464e+16	2.19e-02	9.78e-01	2.92e-10
 1.16772e+16	2.27e-02	9.77e-01	2.61e-10
 1.18110e+16	2.35e-02	9.76e-01	2.29e-10
 1.19484e+16	2.44e-02	9.76e-01	1.96e-10
 1.20898e+16	2.54e-02	9.75e-01	1.66e-10
 1.22352e+16	2.65e-02	9.73e-01	1.40e-10
 1.23846e+16	2.77e-02	9.72e-01	1.17e-10
 1.25380e+16	2.91e-02	9.71e-01	9.77e-11
 1.26953e+16	3.06e-02	9.69e-01	8.22e-11
 1.28563e+16	3.23e-02	9.68e-01	6.98e-11
 1.30205e+16	3.42e-02	9.66e-01	5.98e-11
 1.31874e+16	3.63e-02	9.64e-01	5.21e-11
 1.33569e+16	3.87e-02	9.61e-01	4.60e-11
 1.35283e+16	4.14e-02	9.59e-01	4.12e-11
 1.37007e+16	4.44e-02	9.56e-01	3.75e-11
 1.38734e+16	4.77e-02	9.52e-01	3.46e-11
 1.40453e+16	5.15e-02	9.49e-01	3.25e-11
 1.42163e+16	5.56e-02	9.44e-01	3.08e-11
 1.43866e+16	6.03e-02	9.40e-01	2.96e-11
 1.45550e+16	6.56e-02	9.34e-01	2.88e-11
 1.47210e+16	7.14e-02	9.29e-01	2.82e-11
 1.48845e+16	7.80e-02	9.22e-01	2.79e-11
 1.50452e+16	8.55e-02	9.15e-01	2.79e-11
 1.52028e+16	9.39e-02	9.06e-01	2.81e-11
 1.53575e+16	1.03e-01	8.97e-01	2.85e-11
 1.55094e+16	1.14e-01	8.86e-01	2.93e-11
 1.56585e+16	1.27e-01	8.73e-01	3.03e-11
 1.58054e+16	1.42e-01	8.58e-01	3.17e-11
 1.59509e+16	1.59e-01	8.41e-01	3.36e-11
 1.60964e+16	1.80e-01	8.20e-01	3.63e-11
 1.62430e+16	2.07e-01	7.93e-01	4.02e-11
 1.63936e+16	2.41e-01	7.59e-01	4.63e-11
 1.65378e+16	2.87e-01	7.13e-01	5.67e-11
 1.66464e+16	3.36e-01	6.64e-01	7.28e-11
 1.67097e+16	3.74e-01	6.26e-01	8.81e-11
 1.67466e+16	3.97e-01	6.03e-01	9.92e-11
 1.67767e+16	4.17e-01	5.83e-01	1.09e-10
 1.68099e+16	4.39e-01	5.61e-01	1.21e-10
 1.68458e+16	4.66e-01	5.34e-01	1.37e-10
 1.68779e+16	4.93e-01	5.07e-01	1.57e-10
 1.69029e+16	5.15e-01	4.85e-01	1.76e-10
 1.69232e+16	5.34e-01	4.66e-01	1.93e-10
 1.69393e+16	5.50e-01	4.50e-01	2.10e-10
 1.69513e+16	5.61e-01	4.39e-01	2.23e-10
 1.69626e+16	5.72e-01	4.28e-01	2.37e-10
 1.69752e+16	5.84e-01	4.16e-01	2.52e-10
 1.69886e+16	5.98e-01	4.02e-01	2.72e-10
 1.70016e+16	6.12e-01	3.88e-01	2.93e-10
 1.70133e+16	6.24e-01	3.76e-01	3.14e-10
 1.70244e+16	6.36e-01	3.64e-01	3.37e-10
 1.70355e+16	6.48e-01	3.52e-01	3.61e-10
 1.70465e+16	6.60e-01	3.40e-01	3.87e-10
 1.70574e+16	6.72e-01	3.28e-01	4.16e-10
 1.70679e+16	6.83e-01	3.17e-01	4.48e-10
 1.70781e+16	6.94e-01	3.06e-01	4.81e-10
 1.70881e+16	7.05e-01	2.95e-01	5.16e-10
 1.70979e+16	7.16e-01	2.84e-01	5.55e-10
 1.71075e+16	7.27e-01	2.73e-01	5.97e-10
 1.71170e+16	7.37e-01	2.63e-01	6.42e-10
 1.71262e+16	7.47e-01	2.53e-01	6.90e-10
 1.71352e+16	7.57e-01	2.43e-01	7.43e-10
 1.71441e+16	7.66e-01	2.34e-01	7.99e-10
 1.71528e+16	7.75e-01	2.25e-01	8.60e-10
 1.71613e+16	7.84e-01	2.16e-01	9.25e-10
 1.71696e+16	7.93e-01	2.07e-01	9.94e-10
 1.71777e+16	8.01e-01	1.99e-01	1.07e-09
 1.71855e+16	8.09e-01	1.91e-01	1.15e-09
 1.71932e+16	8.17e-01	1.83e-01	1.23e-09
 1.72006e+16	8.24e-01	1.76e-01	1.33e-09
 1.72079e+16	8.31e-01	1.69e-01	1.42e-09
 1.72150e+16	8.37e-01	1.63e-01	1.52e-09
 1.72219e+16	8.44e-01	1.56e-01	1.63e-09
 1.72287e+16	8.50e-01	1.50e-01	1.74e-09
 1.72353e+16	8.56e-01	1.44e-01	1.87e-09
 1.72418e+16	8.62e-01	1.38e-01	2.00e-09
 1.72482e+16	8.67e-01	1.33e-01	2.15e-09
 1.72545e+16	8.72e-01	1.28e-01	2.30e-09
 1.72607e+16	8.77e-01	1.23e-01	2.47e-09
 1.72667e+16	8.82e-01	1.18e-01	2.65e-09
 1.72725e+16	8.87e-01	1.13e-01	2.84e-09
 1.72783e+16	8.91e-01	1.09e-01	3.05e-09
 1.72840e+16	8.96e-01	1.04e-01	3.28e-09
 1.72895e+16	9.00e-01	1.00e-01	3.53e-09
 1.72949e+16	9.04e-01	9.63e-02	3.79e-09
 1.73003e+16	9.08e-01	9.25e-02	4.09e-09
 1.73055e+16	9.11e-01	8.89e-02	4.41e-09
 1.73106e+16	9.15e-01	8.53e-02	4.75e-09
 1.73157e+16	9.18e-01	8.19e-02	5.15e-09
 1.73205e+16	9.21e-01	7.87e-02	5.57e-09
 1.73252e+16	9.24e-01	7.56e-02	6.04e-09
 1.73299e+16	9.27e-01	7.26e-02	6.57e-09
 1.73344e+16	9.30e-01	6.97e-02	7.17e-09
 1.73389e+16	9.33e-01	6.69e-02	7.85e-09
 1.73433e+16	9.36e-01	6.42e-02	8.62e-09
 1.73475e+16	9.38e-01	6.16e-02	9.46e-09
 1.73516e+16	9.41e-01	5.92e-02	1.04e-08
 1.73555e+16	9.43e-01	5.68e-02	1.15e-08
 1.73592e+16	9.45e-01	5.47e-02	1.28e-08
 1.73626e+16	9.47e-01	5.27e-02	1.41e-08
 1.73657e+16	9.49e-01	5.08e-02	1.55e-08
 1.73686e+16	9.51e-01	4.91e-02	1.71e-08
 1.73714e+16	9.53e-01	4.74e-02	1.89e-08
 1.73741e+16	9.54e-01	4.59e-02	2.09e-08
 1.73766e+16	9.56e-01	4.44e-02	2.30e-08
 1.73789e+16	9.57e-01	4.30e-02	2.54e-08
 1.73811e+16	9.58e-01	4.17e-02	2.81e-08
 1.73831e+16	9.59e-01	4.05e-02	3.10e-08
 1.73850e+16	9.61e-01	3.94e-02	3.42e-08
 1.73869e+16	9.62e-01	3.82e-02	3.77e-08
 1.73886e+16	9.63e-01	3.72e-02	4.15e-08
 1.73902e+16	9.64e-01	3.62e-02	4.58e-08
 1.73917e+16	9.65e-01	3.52e-02	5.04e-08
 1.73931e+16	9.66e-01	3.43e-02	5.55e-08
 1.73945e+16	9.67e-01	3.34e-02	6.09e-08
 1.73958e+16	9.68e-01	3.25e-02	6.71e-08
 1.73970e+16	9.68e-01	3.16e-02	7.36e-08
 1.73982e+16	9.69e-01	3.08e-02	8.07e-08
 1.73994e+16	9.70e-01	2.99e-02	8.85e-08
 1.74005e+16	9.71e-01	2.91e-02	9.68e-08
 1.74015e+16	9.72e-01	2.83e-02	1.05e-07
 1.74025e+16	9.73e-01	2.74e-02	1.14e-07
 1.74036e+16	9.73e-01	2.65e-02	1.25e-07
 1.74046e+16	9.74e-01	2.56e-02	1.35e-07
 1.74056e+16	9.75e-01	2.47e-02	1.46e-07
 1.74066e+16	9.76e-01	2.37e-02	1.58e-07
 1.74076e+16	9.77e-01	2.27e-02	1.70e-07
 1.74084e+16	9.78e-01	2.18e-02	1.80e-07
 1.74091e+16	9.79e-01	2.09e-02	1.91e-07
 1.74097e+16	9.80e-01	2.01e-02	2.01e-07
 1.74103e+16	9.81e-01	1.93e-02	2.11e-07
 1.74108e+16	9.81e-01	1.86e-02	2.19e-07
 1.74113e+16	9.82e-01	1.79e-02	2.31e-07
 1.74117e+16	9.83e-01	1.73e-02	2.40e-07
 1.74121e+16	9.83e-01	1.67e-02	2.49e-07
 1.74124e+16	9.84e-01	1.62e-02	2.59e-07
 1.74127e+16	9.84e-01	1.56e-02	2.69e-07
 1.74130e+16	9.85e-01	1.52e-02	2.79e-07
 1.74133e+16	9.85e-01	1.48e-02	2.89e-07
 1.74135e+16	9.86e-01	1.44e-02	2.99e-07
 1.74138e+16	9.86e-01	1.40e-02	3.09e-07
 1.74140e+16	9.86e-01	1.37e-02	3.18e-07
 1.74141e+16	9.87e-01	1.34e-02	3.27e-07
 1.74143e+16	9.87e-01	1.32e-02	3.35e-07
 1.74146e+16	9.87e-01	1.28e-02	3.47e-07
 1.74149e+16	9.88e-01	1.24e-02	3.61e-07
 1.74151e+16	9.88e-01	1.21e-02	3.74e-07
 1.74154e+16	9.88e-01	1.18e-02	3.87e-07
 1.74156e+16	9.89e-01	1.15e-02	4.00e-07
 1.74158e+16	9.89e-01	1.12e-02	4.13e-07
 1.74160e+16	9.89e-01	1.10e-02	4.24e-07
 1.74162e+16	9.89e-01	1.07e-02	4.39e-07
 1.74164e+16	9.90e-01	1.05e-02	4.54e-07
 1.74166e+16	9.90e-01	1.02e-02	4.70e-07
 1.74167e+16	9.90e-01	9.99e-03	4.85e-07
