#depth	O	O+	O+2	O+3	O+4	O+5	O+6	O+7	O+8	O[1]	O[2]	O[3]
 2.92568e+11	2.82e-05	1.93e-02	7.26e-01	2.55e-01	2.27e-04	0.00e+00	0.00e+00	0.00e+00	0.00e+00	2.38e-05	2.78e-06	1.57e-06
 1.75541e+12	2.84e-05	1.93e-02	7.27e-01	2.53e-01	2.25e-04	0.00e+00	0.00e+00	0.00e+00	0.00e+00	2.40e-05	2.82e-06	1.59e-06
 7.60676e+12	2.83e-05	1.94e-02	7.30e-01	2.51e-01	2.20e-04	0.00e+00	0.00e+00	0.00e+00	0.00e+00	2.39e-05	2.80e-06	1.58e-06
 3.10122e+13	2.88e-05	1.97e-02	7.40e-01	2.40e-01	2.00e-04	0.00e+00	0.00e+00	0.00e+00	0.00e+00	2.43e-05	2.86e-06	1.62e-06
 7.40781e+13	2.88e-05	2.01e-02	7.58e-01	2.22e-01	1.71e-04	0.00e+00	0.00e+00	0.00e+00	0.00e+00	2.43e-05	2.88e-06	1.63e-06
 1.30064e+14	2.88e-05	2.05e-02	7.79e-01	2.01e-01	1.39e-04	0.00e+00	0.00e+00	0.00e+00	0.00e+00	2.43e-05	2.89e-06	1.64e-06
 2.02845e+14	2.91e-05	2.11e-02	8.05e-01	1.74e-01	1.05e-04	0.00e+00	0.00e+00	0.00e+00	0.00e+00	2.45e-05	2.95e-06	1.67e-06
 2.97461e+14	2.97e-05	2.19e-02	8.35e-01	1.43e-01	7.20e-05	0.00e+00	0.00e+00	0.00e+00	0.00e+00	2.50e-05	3.02e-06	1.72e-06
 4.20462e+14	3.09e-05	2.30e-02	8.69e-01	1.08e-01	4.28e-05	0.00e+00	0.00e+00	0.00e+00	0.00e+00	2.59e-05	3.18e-06	1.80e-06
 5.80363e+14	3.24e-05	2.44e-02	9.03e-01	7.28e-02	2.09e-05	0.00e+00	0.00e+00	0.00e+00	0.00e+00	2.72e-05	3.36e-06	1.91e-06
 7.88234e+14	3.50e-05	2.62e-02	9.32e-01	4.16e-02	7.73e-06	0.00e+00	0.00e+00	0.00e+00	0.00e+00	2.92e-05	3.65e-06	2.08e-06
 1.00476e+15	3.73e-05	2.82e-02	9.49e-01	2.24e-02	2.65e-06	0.00e+00	0.00e+00	0.00e+00	0.00e+00	3.12e-05	3.95e-06	2.24e-06
 1.18837e+15	3.94e-05	3.00e-02	9.57e-01	1.30e-02	1.03e-06	0.00e+00	0.00e+00	0.00e+00	0.00e+00	3.28e-05	4.18e-06	2.38e-06
 1.38288e+15	4.23e-05	3.20e-02	9.61e-01	7.10e-03	3.65e-07	0.00e+00	0.00e+00	0.00e+00	0.00e+00	3.52e-05	4.52e-06	2.57e-06
 1.63574e+15	4.62e-05	3.48e-02	9.62e-01	3.23e-03	0.00e+00	0.00e+00	0.00e+00	0.00e+00	0.00e+00	3.84e-05	4.95e-06	2.81e-06
 1.90667e+15	5.00e-05	3.80e-02	9.61e-01	1.41e-03	0.00e+00	0.00e+00	0.00e+00	0.00e+00	0.00e+00	4.15e-05	5.39e-06	3.06e-06
 2.15827e+15	5.38e-05	4.13e-02	9.58e-01	6.52e-04	0.00e+00	0.00e+00	0.00e+00	0.00e+00	0.00e+00	4.46e-05	5.82e-06	3.31e-06
 2.39029e+15	5.76e-05	4.47e-02	9.55e-01	3.24e-04	0.00e+00	0.00e+00	0.00e+00	0.00e+00	0.00e+00	4.78e-05	6.27e-06	3.57e-06
 2.63969e+15	6.26e-05	4.86e-02	9.51e-01	1.52e-04	0.00e+00	0.00e+00	0.00e+00	0.00e+00	0.00e+00	5.19e-05	6.85e-06	3.89e-06
 2.96391e+15	7.04e-05	5.44e-02	9.45e-01	5.86e-05	0.00e+00	0.00e+00	0.00e+00	0.00e+00	0.00e+00	5.82e-05	7.76e-06	4.40e-06
 3.30452e+15	7.96e-05	6.18e-02	9.38e-01	2.23e-05	0.00e+00	0.00e+00	0.00e+00	0.00e+00	0.00e+00	6.56e-05	8.89e-06	5.03e-06
 3.63497e+15	9.01e-05	7.02e-02	9.30e-01	8.97e-06	0.00e+00	0.00e+00	0.00e+00	0.00e+00	0.00e+00	7.42e-05	1.01e-05	5.74e-06
 3.99847e+15	1.06e-04	8.15e-02	9.18e-01	3.47e-06	0.00e+00	0.00e+00	0.00e+00	0.00e+00	0.00e+00	8.68e-05	1.20e-05	6.79e-06
 4.35615e+15	1.25e-04	9.58e-02	9.04e-01	1.43e-06	0.00e+00	0.00e+00	0.00e+00	0.00e+00	0.00e+00	1.02e-04	1.44e-05	8.11e-06
 4.66328e+15	1.88e-04	1.22e-01	8.78e-01	6.15e-07	0.00e+00	0.00e+00	0.00e+00	0.00e+00	0.00e+00	1.49e-04	2.56e-05	1.34e-05
 4.85326e+15	2.24e-04	1.44e-01	8.56e-01	3.52e-07	0.00e+00	0.00e+00	0.00e+00	0.00e+00	0.00e+00	1.77e-04	3.12e-05	1.62e-05
 4.94344e+15	2.43e-04	1.56e-01	8.44e-01	2.76e-07	0.00e+00	0.00e+00	0.00e+00	0.00e+00	0.00e+00	1.92e-04	3.40e-05	1.76e-05
 5.03559e+15	2.65e-04	1.68e-01	8.32e-01	2.13e-07	0.00e+00	0.00e+00	0.00e+00	0.00e+00	0.00e+00	2.09e-04	3.74e-05	1.93e-05
 5.15538e+15	2.98e-04	1.86e-01	8.14e-01	1.54e-07	0.00e+00	0.00e+00	0.00e+00	0.00e+00	0.00e+00	2.34e-04	4.22e-05	2.17e-05
 5.31110e+15	3.49e-04	2.14e-01	7.86e-01	0.00e+00	0.00e+00	0.00e+00	0.00e+00	0.00e+00	0.00e+00	2.73e-04	4.97e-05	2.56e-05
 5.48492e+15	4.23e-04	2.53e-01	7.47e-01	0.00e+00	0.00e+00	0.00e+00	0.00e+00	0.00e+00	0.00e+00	3.30e-04	6.12e-05	3.13e-05
 5.64077e+15	5.05e-04	2.98e-01	7.01e-01	0.00e+00	0.00e+00	0.00e+00	0.00e+00	0.00e+00	0.00e+00	3.94e-04	7.36e-05	3.75e-05
 5.77300e+15	5.93e-04	3.46e-01	6.54e-01	0.00e+00	0.00e+00	0.00e+00	0.00e+00	0.00e+00	0.00e+00	4.62e-04	8.72e-05	4.43e-05
 5.91600e+15	7.11e-04	4.06e-01	5.94e-01	0.00e+00	0.00e+00	0.00e+00	0.00e+00	0.00e+00	0.00e+00	5.52e-04	1.05e-04	5.34e-05
 6.07384e+15	8.61e-04	4.84e-01	5.15e-01	0.00e+00	0.00e+00	0.00e+00	0.00e+00	0.00e+00	0.00e+00	6.67e-04	1.29e-04	6.50e-05
 6.21874e+15	1.02e-03	5.68e-01	4.30e-01	0.00e+00	0.00e+00	0.00e+00	0.00e+00	0.00e+00	0.00e+00	7.92e-04	1.54e-04	7.76e-05
 6.34833e+15	1.19e-03	6.50e-01	3.49e-01	0.00e+00	0.00e+00	0.00e+00	0.00e+00	0.00e+00	0.00e+00	9.17e-04	1.80e-04	9.03e-05
 6.49024e+15	1.38e-03	7.36e-01	2.63e-01	0.00e+00	0.00e+00	0.00e+00	0.00e+00	0.00e+00	0.00e+00	1.06e-03	2.10e-04	1.05e-04
 6.67473e+15	1.62e-03	8.33e-01	1.65e-01	0.00e+00	0.00e+00	0.00e+00	0.00e+00	0.00e+00	0.00e+00	1.25e-03	2.49e-04	1.24e-04
 6.85964e+15	1.89e-03	9.09e-01	8.88e-02	0.00e+00	0.00e+00	0.00e+00	0.00e+00	0.00e+00	0.00e+00	1.46e-03	2.93e-04	1.45e-04
 6.99467e+15	2.12e-03	9.47e-01	5.12e-02	0.00e+00	0.00e+00	0.00e+00	0.00e+00	0.00e+00	0.00e+00	1.63e-03	3.29e-04	1.62e-04
 7.08271e+15	2.30e-03	9.63e-01	3.45e-02	0.00e+00	0.00e+00	0.00e+00	0.00e+00	0.00e+00	0.00e+00	1.77e-03	3.57e-04	1.75e-04
 7.14468e+15	2.44e-03	9.72e-01	2.57e-02	0.00e+00	0.00e+00	0.00e+00	0.00e+00	0.00e+00	0.00e+00	1.87e-03	3.79e-04	1.86e-04
 7.20984e+15	2.60e-03	9.79e-01	1.87e-02	0.00e+00	0.00e+00	0.00e+00	0.00e+00	0.00e+00	0.00e+00	1.99e-03	4.04e-04	1.98e-04
 7.29453e+15	2.82e-03	9.85e-01	1.22e-02	0.00e+00	0.00e+00	0.00e+00	0.00e+00	0.00e+00	0.00e+00	2.17e-03	4.40e-04	2.14e-04
 7.37884e+15	3.11e-03	9.89e-01	7.62e-03	0.00e+00	0.00e+00	0.00e+00	0.00e+00	0.00e+00	0.00e+00	2.39e-03	4.85e-04	2.35e-04
 7.43797e+15	3.36e-03	9.91e-01	5.33e-03	0.00e+00	0.00e+00	0.00e+00	0.00e+00	0.00e+00	0.00e+00	2.58e-03	5.25e-04	2.53e-04
 7.47847e+15	3.54e-03	9.92e-01	4.13e-03	0.00e+00	0.00e+00	0.00e+00	0.00e+00	0.00e+00	0.00e+00	2.72e-03	5.54e-04	2.67e-04
 7.51941e+15	3.72e-03	9.93e-01	3.18e-03	0.00e+00	0.00e+00	0.00e+00	0.00e+00	0.00e+00	0.00e+00	2.86e-03	5.83e-04	2.80e-04
 7.57263e+15	3.98e-03	9.94e-01	2.24e-03	0.00e+00	0.00e+00	0.00e+00	0.00e+00	0.00e+00	0.00e+00	3.05e-03	6.24e-04	2.99e-04
 7.62764e+15	4.27e-03	9.94e-01	1.53e-03	0.00e+00	0.00e+00	0.00e+00	0.00e+00	0.00e+00	0.00e+00	3.28e-03	6.71e-04	3.20e-04
 7.66992e+15	4.53e-03	9.94e-01	1.11e-03	0.00e+00	0.00e+00	0.00e+00	0.00e+00	0.00e+00	0.00e+00	3.48e-03	7.13e-04	3.39e-04
 7.70180e+15	4.73e-03	9.94e-01	8.71e-04	0.00e+00	0.00e+00	0.00e+00	0.00e+00	0.00e+00	0.00e+00	3.63e-03	7.45e-04	3.53e-04
 7.73519e+15	4.93e-03	9.94e-01	6.70e-04	0.00e+00	0.00e+00	0.00e+00	0.00e+00	0.00e+00	0.00e+00	3.79e-03	7.77e-04	3.68e-04
 7.77860e+15	5.19e-03	9.94e-01	4.71e-04	0.00e+00	0.00e+00	0.00e+00	0.00e+00	0.00e+00	0.00e+00	3.99e-03	8.20e-04	3.87e-04
 7.82317e+15	5.50e-03	9.94e-01	3.20e-04	0.00e+00	0.00e+00	0.00e+00	0.00e+00	0.00e+00	0.00e+00	4.22e-03	8.69e-04	4.09e-04
 7.85759e+15	5.76e-03	9.94e-01	2.33e-04	0.00e+00	0.00e+00	0.00e+00	0.00e+00	0.00e+00	0.00e+00	4.42e-03	9.13e-04	4.28e-04
 7.88499e+15	5.97e-03	9.94e-01	1.79e-04	0.00e+00	0.00e+00	0.00e+00	0.00e+00	0.00e+00	0.00e+00	4.58e-03	9.46e-04	4.43e-04
 7.91494e+15	6.19e-03	9.94e-01	1.33e-04	0.00e+00	0.00e+00	0.00e+00	0.00e+00	0.00e+00	0.00e+00	4.75e-03	9.83e-04	4.59e-04
 7.95386e+15	6.46e-03	9.93e-01	8.88e-05	0.00e+00	0.00e+00	0.00e+00	0.00e+00	0.00e+00	0.00e+00	4.95e-03	1.03e-03	4.79e-04
 7.99733e+15	6.79e-03	9.93e-01	5.52e-05	0.00e+00	0.00e+00	0.00e+00	0.00e+00	0.00e+00	0.00e+00	5.20e-03	1.08e-03	5.02e-04
 8.03907e+15	7.10e-03	9.93e-01	3.41e-05	0.00e+00	0.00e+00	0.00e+00	0.00e+00	0.00e+00	0.00e+00	5.44e-03	1.14e-03	5.26e-04
 8.08569e+15	7.39e-03	9.93e-01	1.98e-05	0.00e+00	0.00e+00	0.00e+00	0.00e+00	0.00e+00	0.00e+00	5.66e-03	1.18e-03	5.46e-04
 8.14629e+15	7.69e-03	9.92e-01	9.68e-06	0.00e+00	0.00e+00	0.00e+00	0.00e+00	0.00e+00	0.00e+00	5.88e-03	1.24e-03	5.68e-04
 8.22507e+15	8.02e-03	9.92e-01	3.84e-06	0.00e+00	0.00e+00	0.00e+00	0.00e+00	0.00e+00	0.00e+00	6.13e-03	1.29e-03	5.93e-04
 8.32749e+15	8.38e-03	9.92e-01	1.19e-06	0.00e+00	0.00e+00	0.00e+00	0.00e+00	0.00e+00	0.00e+00	6.40e-03	1.35e-03	6.20e-04
 8.46063e+15	8.80e-03	9.91e-01	2.76e-07	0.00e+00	0.00e+00	0.00e+00	0.00e+00	0.00e+00	0.00e+00	6.72e-03	1.43e-03	6.53e-04
 8.63372e+15	9.35e-03	9.91e-01	4.62e-08	0.00e+00	0.00e+00	0.00e+00	0.00e+00	0.00e+00	0.00e+00	7.13e-03	1.53e-03	6.95e-04
 8.83496e+15	1.01e-02	9.90e-01	6.62e-09	0.00e+00	0.00e+00	0.00e+00	0.00e+00	0.00e+00	0.00e+00	7.70e-03	1.66e-03	7.55e-04
 9.02746e+15	1.10e-02	9.89e-01	1.49e-09	0.00e+00	0.00e+00	0.00e+00	0.00e+00	0.00e+00	0.00e+00	8.37e-03	1.82e-03	8.26e-04
 9.19612e+15	1.19e-02	9.88e-01	6.92e-10	0.00e+00	0.00e+00	0.00e+00	0.00e+00	0.00e+00	0.00e+00	8.99e-03	1.97e-03	8.91e-04
 9.35166e+15	1.26e-02	9.87e-01	4.83e-10	0.00e+00	0.00e+00	0.00e+00	0.00e+00	0.00e+00	0.00e+00	9.57e-03	2.11e-03	9.53e-04
 9.50177e+15	1.34e-02	9.87e-01	3.96e-10	0.00e+00	0.00e+00	0.00e+00	0.00e+00	0.00e+00	0.00e+00	1.01e-02	2.25e-03	1.01e-03
 9.64769e+15	1.42e-02	9.86e-01	3.45e-10	0.00e+00	0.00e+00	0.00e+00	0.00e+00	0.00e+00	0.00e+00	1.07e-02	2.40e-03	1.08e-03
 9.78855e+15	1.50e-02	9.85e-01	3.09e-10	0.00e+00	0.00e+00	0.00e+00	0.00e+00	0.00e+00	0.00e+00	1.13e-02	2.54e-03	1.14e-03
 9.92431e+15	1.58e-02	9.84e-01	2.81e-10	0.00e+00	0.00e+00	0.00e+00	0.00e+00	0.00e+00	0.00e+00	1.19e-02	2.68e-03	1.21e-03
 1.00588e+16	1.65e-02	9.83e-01	2.58e-10	0.00e+00	0.00e+00	0.00e+00	0.00e+00	0.00e+00	0.00e+00	1.24e-02	2.82e-03	1.27e-03
 1.01919e+16	1.73e-02	9.83e-01	2.39e-10	0.00e+00	0.00e+00	0.00e+00	0.00e+00	0.00e+00	0.00e+00	1.30e-02	2.97e-03	1.33e-03
 1.03193e+16	1.81e-02	9.82e-01	2.23e-10	0.00e+00	0.00e+00	0.00e+00	0.00e+00	0.00e+00	0.00e+00	1.36e-02	3.11e-03	1.39e-03
 1.04424e+16	1.88e-02	9.81e-01	2.09e-10	0.00e+00	0.00e+00	0.00e+00	0.00e+00	0.00e+00	0.00e+00	1.41e-02	3.24e-03	1.45e-03
 1.05640e+16	1.95e-02	9.80e-01	1.98e-10	0.00e+00	0.00e+00	0.00e+00	0.00e+00	0.00e+00	0.00e+00	1.46e-02	3.37e-03	1.51e-03
 1.06852e+16	2.02e-02	9.80e-01	1.87e-10	0.00e+00	0.00e+00	0.00e+00	0.00e+00	0.00e+00	0.00e+00	1.52e-02	3.51e-03	1.57e-03
 1.08060e+16	2.10e-02	9.79e-01	1.78e-10	0.00e+00	0.00e+00	0.00e+00	0.00e+00	0.00e+00	0.00e+00	1.57e-02	3.64e-03	1.63e-03
 1.09266e+16	2.17e-02	9.78e-01	1.70e-10	0.00e+00	0.00e+00	0.00e+00	0.00e+00	0.00e+00	0.00e+00	1.62e-02	3.76e-03	1.70e-03
 1.10476e+16	2.25e-02	9.78e-01	1.62e-10	0.00e+00	0.00e+00	0.00e+00	0.00e+00	0.00e+00	0.00e+00	1.68e-02	3.87e-03	1.76e-03
 1.11696e+16	2.32e-02	9.77e-01	1.55e-10	0.00e+00	0.00e+00	0.00e+00	0.00e+00	0.00e+00	0.00e+00	1.74e-02	3.98e-03	1.83e-03
 1.12930e+16	2.40e-02	9.76e-01	1.48e-10	0.00e+00	0.00e+00	0.00e+00	0.00e+00	0.00e+00	0.00e+00	1.81e-02	4.09e-03	1.89e-03
 1.14185e+16	2.49e-02	9.75e-01	1.42e-10	0.00e+00	0.00e+00	0.00e+00	0.00e+00	0.00e+00	0.00e+00	1.87e-02	4.21e-03	1.97e-03
 1.15464e+16	2.58e-02	9.74e-01	1.36e-10	0.00e+00	0.00e+00	0.00e+00	0.00e+00	0.00e+00	0.00e+00	1.94e-02	4.33e-03	2.04e-03
 1.16772e+16	2.68e-02	9.73e-01	1.31e-10	0.00e+00	0.00e+00	0.00e+00	0.00e+00	0.00e+00	0.00e+00	2.02e-02	4.47e-03	2.13e-03
 1.18110e+16	2.78e-02	9.72e-01	1.25e-10	0.00e+00	0.00e+00	0.00e+00	0.00e+00	0.00e+00	0.00e+00	2.10e-02	4.61e-03	2.22e-03
 1.19484e+16	2.90e-02	9.71e-01	1.20e-10	0.00e+00	0.00e+00	0.00e+00	0.00e+00	0.00e+00	0.00e+00	2.19e-02	4.77e-03	2.31e-03
 1.20898e+16	3.02e-02	9.70e-01	1.15e-10	0.00e+00	0.00e+00	0.00e+00	0.00e+00	0.00e+00	0.00e+00	2.29e-02	4.95e-03	2.42e-03
 1.22352e+16	3.16e-02	9.68e-01	1.09e-10	0.00e+00	0.00e+00	0.00e+00	0.00e+00	0.00e+00	0.00e+00	2.40e-02	5.14e-03	2.54e-03
 1.23846e+16	3.32e-02	9.67e-01	1.04e-10	0.00e+00	0.00e+00	0.00e+00	0.00e+00	0.00e+00	0.00e+00	2.52e-02	5.35e-03	2.67e-03
 1.25380e+16	3.49e-02	9.65e-01	9.95e-11	0.00e+00	0.00e+00	0.00e+00	0.00e+00	0.00e+00	0.00e+00	2.65e-02	5.59e-03	2.81e-03
 1.26953e+16	3.68e-02	9.63e-01	9.47e-11	0.00e+00	0.00e+00	0.00e+00	0.00e+00	0.00e+00	0.00e+00	2.80e-02	5.85e-03	2.97e-03
 1.28563e+16	3.89e-02	9.61e-01	8.99e-11	0.00e+00	0.00e+00	0.00e+00	0.00e+00	0.00e+00	0.00e+00	2.96e-02	6.15e-03	3.15e-03
 1.30205e+16	4.13e-02	9.59e-01	8.53e-11	0.00e+00	0.00e+00	0.00e+00	0.00e+00	0.00e+00	0.00e+00	3.15e-02	6.47e-03	3.35e-03
 1.31874e+16	4.40e-02	9.56e-01	8.07e-11	0.00e+00	0.00e+00	0.00e+00	0.00e+00	0.00e+00	0.00e+00	3.36e-02	6.84e-03	3.57e-03
 1.33569e+16	4.69e-02	9.53e-01	7.63e-11	0.00e+00	0.00e+00	0.00e+00	0.00e+00	0.00e+00	0.00e+00	3.59e-02	7.25e-03	3.82e-03
 1.35283e+16	5.03e-02	9.50e-01	7.19e-11	0.00e+00	0.00e+00	0.00e+00	0.00e+00	0.00e+00	0.00e+00	3.84e-02	7.70e-03	4.10e-03
 1.37007e+16	5.40e-02	9.46e-01	6.77e-11	0.00e+00	0.00e+00	0.00e+00	0.00e+00	0.00e+00	0.00e+00	4.13e-02	8.21e-03	4.41e-03
 1.38734e+16	5.81e-02	9.42e-01	6.36e-11	0.00e+00	0.00e+00	0.00e+00	0.00e+00	0.00e+00	0.00e+00	4.46e-02	8.76e-03	4.76e-03
 1.40453e+16	6.27e-02	9.37e-01	5.97e-11	0.00e+00	0.00e+00	0.00e+00	0.00e+00	0.00e+00	0.00e+00	4.82e-02	9.39e-03	5.15e-03
 1.42163e+16	6.78e-02	9.32e-01	5.58e-11	0.00e+00	0.00e+00	0.00e+00	0.00e+00	0.00e+00	0.00e+00	5.22e-02	1.01e-02	5.58e-03
 1.43866e+16	7.35e-02	9.26e-01	5.22e-11	0.00e+00	0.00e+00	0.00e+00	0.00e+00	0.00e+00	0.00e+00	5.67e-02	1.08e-02	6.06e-03
 1.45550e+16	8.00e-02	9.20e-01	4.86e-11	0.00e+00	0.00e+00	0.00e+00	0.00e+00	0.00e+00	0.00e+00	6.17e-02	1.16e-02	6.59e-03
 1.47210e+16	8.71e-02	9.13e-01	4.52e-11	0.00e+00	0.00e+00	0.00e+00	0.00e+00	0.00e+00	0.00e+00	6.74e-02	1.26e-02	7.19e-03
 1.48845e+16	9.51e-02	9.05e-01	4.19e-11	0.00e+00	0.00e+00	0.00e+00	0.00e+00	0.00e+00	0.00e+00	7.37e-02	1.36e-02	7.86e-03
 1.50452e+16	1.04e-01	8.96e-01	3.88e-11	0.00e+00	0.00e+00	0.00e+00	0.00e+00	0.00e+00	0.00e+00	8.08e-02	1.47e-02	8.61e-03
 1.52028e+16	1.14e-01	8.86e-01	3.58e-11	0.00e+00	0.00e+00	0.00e+00	0.00e+00	0.00e+00	0.00e+00	8.88e-02	1.59e-02	9.44e-03
 1.53575e+16	1.26e-01	8.74e-01	3.29e-11	0.00e+00	0.00e+00	0.00e+00	0.00e+00	0.00e+00	0.00e+00	9.79e-02	1.73e-02	1.04e-02
 1.55094e+16	1.39e-01	8.61e-01	3.02e-11	0.00e+00	0.00e+00	0.00e+00	0.00e+00	0.00e+00	0.00e+00	1.08e-01	1.89e-02	1.15e-02
 1.56585e+16	1.53e-01	8.47e-01	2.75e-11	0.00e+00	0.00e+00	0.00e+00	0.00e+00	0.00e+00	0.00e+00	1.20e-01	2.06e-02	1.27e-02
 1.58054e+16	1.71e-01	8.29e-01	2.50e-11	0.00e+00	0.00e+00	0.00e+00	0.00e+00	0.00e+00	0.00e+00	1.34e-01	2.26e-02	1.41e-02
 1.59509e+16	1.91e-01	8.09e-01	2.25e-11	0.00e+00	0.00e+00	0.00e+00	0.00e+00	0.00e+00	0.00e+00	1.50e-01	2.50e-02	1.57e-02
 1.60964e+16	2.15e-01	7.85e-01	2.01e-11	0.00e+00	0.00e+00	0.00e+00	0.00e+00	0.00e+00	0.00e+00	1.70e-01	2.77e-02	1.77e-02
 1.62430e+16	2.45e-01	7.55e-01	1.77e-11	0.00e+00	0.00e+00	0.00e+00	0.00e+00	0.00e+00	0.00e+00	1.94e-01	3.11e-02	2.01e-02
 1.63936e+16	2.84e-01	7.16e-01	1.52e-11	0.00e+00	0.00e+00	0.00e+00	0.00e+00	0.00e+00	0.00e+00	2.26e-01	3.53e-02	2.31e-02
 1.65378e+16	3.34e-01	6.66e-01	1.29e-11	0.00e+00	0.00e+00	0.00e+00	0.00e+00	0.00e+00	0.00e+00	2.66e-01	4.05e-02	2.68e-02
 1.66464e+16	3.87e-01	6.13e-01	1.09e-11	0.00e+00	0.00e+00	0.00e+00	0.00e+00	0.00e+00	0.00e+00	3.10e-01	4.61e-02	3.06e-02
 1.67097e+16	4.27e-01	5.73e-01	9.69e-12	0.00e+00	0.00e+00	0.00e+00	0.00e+00	0.00e+00	0.00e+00	3.43e-01	5.00e-02	3.34e-02
 1.67466e+16	4.52e-01	5.48e-01	9.02e-12	0.00e+00	0.00e+00	0.00e+00	0.00e+00	0.00e+00	0.00e+00	3.64e-01	5.24e-02	3.51e-02
 1.67767e+16	4.72e-01	5.28e-01	8.54e-12	0.00e+00	0.00e+00	0.00e+00	0.00e+00	0.00e+00	0.00e+00	3.81e-01	5.43e-02	3.65e-02
 1.68099e+16	4.95e-01	5.05e-01	8.02e-12	0.00e+00	0.00e+00	0.00e+00	0.00e+00	0.00e+00	0.00e+00	4.00e-01	5.64e-02	3.80e-02
 1.68458e+16	5.22e-01	4.78e-01	7.44e-12	0.00e+00	0.00e+00	0.00e+00	0.00e+00	0.00e+00	0.00e+00	4.23e-01	5.87e-02	3.97e-02
 1.68779e+16	5.49e-01	4.51e-01	6.92e-12	0.00e+00	0.00e+00	0.00e+00	0.00e+00	0.00e+00	0.00e+00	4.46e-01	6.09e-02	4.14e-02
 1.69029e+16	5.71e-01	4.29e-01	6.51e-12	0.00e+00	0.00e+00	0.00e+00	0.00e+00	0.00e+00	0.00e+00	4.65e-01	6.27e-02	4.27e-02
 1.69232e+16	5.89e-01	4.11e-01	6.19e-12	0.00e+00	0.00e+00	0.00e+00	0.00e+00	0.00e+00	0.00e+00	4.81e-01	6.41e-02	4.37e-02
 1.69393e+16	6.04e-01	3.96e-01	5.93e-12	0.00e+00	0.00e+00	0.00e+00	0.00e+00	0.00e+00	0.00e+00	4.94e-01	6.53e-02	4.46e-02
 1.69513e+16	6.15e-01	3.85e-01	5.75e-12	0.00e+00	0.00e+00	0.00e+00	0.00e+00	0.00e+00	0.00e+00	5.04e-01	6.60e-02	4.52e-02
 1.69626e+16	6.26e-01	3.74e-01	5.57e-12	0.00e+00	0.00e+00	0.00e+00	0.00e+00	0.00e+00	0.00e+00	5.13e-01	6.68e-02	4.58e-02
 1.69752e+16	6.38e-01	3.62e-01	5.39e-12	0.00e+00	0.00e+00	0.00e+00	0.00e+00	0.00e+00	0.00e+00	5.24e-01	6.75e-02	4.64e-02
 1.69886e+16	6.51e-01	3.49e-01	5.17e-12	0.00e+00	0.00e+00	0.00e+00	0.00e+00	0.00e+00	0.00e+00	5.35e-01	6.84e-02	4.70e-02
 1.70016e+16	6.64e-01	3.36e-01	4.97e-12	0.00e+00	0.00e+00	0.00e+00	0.00e+00	0.00e+00	0.00e+00	5.47e-01	6.92e-02	4.76e-02
 1.70133e+16	6.75e-01	3.25e-01	4.81e-12	0.00e+00	0.00e+00	0.00e+00	0.00e+00	0.00e+00	0.00e+00	5.57e-01	6.97e-02	4.80e-02
 1.70244e+16	6.86e-01	3.14e-01	4.63e-12	0.00e+00	0.00e+00	0.00e+00	0.00e+00	0.00e+00	0.00e+00	5.67e-01	7.04e-02	4.85e-02
 1.70355e+16	6.97e-01	3.03e-01	4.46e-12	0.00e+00	0.00e+00	0.00e+00	0.00e+00	0.00e+00	0.00e+00	5.77e-01	7.10e-02	4.89e-02
 1.70465e+16	7.08e-01	2.92e-01	4.30e-12	0.00e+00	0.00e+00	0.00e+00	0.00e+00	0.00e+00	0.00e+00	5.87e-01	7.15e-02	4.93e-02
 1.70574e+16	7.19e-01	2.81e-01	4.14e-12	0.00e+00	0.00e+00	0.00e+00	0.00e+00	0.00e+00	0.00e+00	5.97e-01	7.20e-02	4.97e-02
 1.70679e+16	7.30e-01	2.70e-01	3.99e-12	0.00e+00	0.00e+00	0.00e+00	0.00e+00	0.00e+00	0.00e+00	6.07e-01	7.25e-02	5.00e-02
 1.70781e+16	7.40e-01	2.60e-01	3.84e-12	0.00e+00	0.00e+00	0.00e+00	0.00e+00	0.00e+00	0.00e+00	6.17e-01	7.29e-02	5.03e-02
 1.70881e+16	7.50e-01	2.50e-01	3.70e-12	0.00e+00	0.00e+00	0.00e+00	0.00e+00	0.00e+00	0.00e+00	6.26e-01	7.33e-02	5.06e-02
 1.70979e+16	7.60e-01	2.40e-01	3.56e-12	0.00e+00	0.00e+00	0.00e+00	0.00e+00	0.00e+00	0.00e+00	6.35e-01	7.36e-02	5.08e-02
 1.71075e+16	7.69e-01	2.31e-01	3.43e-12	0.00e+00	0.00e+00	0.00e+00	0.00e+00	0.00e+00	0.00e+00	6.44e-01	7.39e-02	5.10e-02
 1.71170e+16	7.78e-01	2.22e-01	3.30e-12	0.00e+00	0.00e+00	0.00e+00	0.00e+00	0.00e+00	0.00e+00	6.53e-01	7.41e-02	5.12e-02
 1.71262e+16	7.87e-01	2.13e-01	3.17e-12	0.00e+00	0.00e+00	0.00e+00	0.00e+00	0.00e+00	0.00e+00	6.62e-01	7.43e-02	5.14e-02
 1.71352e+16	7.96e-01	2.04e-01	3.05e-12	0.00e+00	0.00e+00	0.00e+00	0.00e+00	0.00e+00	0.00e+00	6.70e-01	7.45e-02	5.15e-02
 1.71441e+16	8.04e-01	1.96e-01	2.94e-12	0.00e+00	0.00e+00	0.00e+00	0.00e+00	0.00e+00	0.00e+00	6.78e-01	7.46e-02	5.16e-02
 1.71528e+16	8.13e-01	1.87e-01	2.82e-12	0.00e+00	0.00e+00	0.00e+00	0.00e+00	0.00e+00	0.00e+00	6.86e-01	7.47e-02	5.16e-02
 1.71613e+16	8.20e-01	1.80e-01	2.71e-12	0.00e+00	0.00e+00	0.00e+00	0.00e+00	0.00e+00	0.00e+00	6.94e-01	7.48e-02	5.16e-02
 1.71696e+16	8.28e-01	1.72e-01	2.61e-12	0.00e+00	0.00e+00	0.00e+00	0.00e+00	0.00e+00	0.00e+00	7.01e-01	7.49e-02	5.17e-02
 1.71777e+16	8.35e-01	1.65e-01	2.51e-12	0.00e+00	0.00e+00	0.00e+00	0.00e+00	0.00e+00	0.00e+00	7.09e-01	7.48e-02	5.17e-02
 1.71855e+16	8.42e-01	1.58e-01	2.41e-12	0.00e+00	0.00e+00	0.00e+00	0.00e+00	0.00e+00	0.00e+00	7.15e-01	7.49e-02	5.16e-02
 1.71932e+16	8.48e-01	1.52e-01	2.32e-12	0.00e+00	0.00e+00	0.00e+00	0.00e+00	0.00e+00	0.00e+00	7.22e-01	7.49e-02	5.16e-02
 1.72006e+16	8.55e-01	1.45e-01	2.23e-12	0.00e+00	0.00e+00	0.00e+00	0.00e+00	0.00e+00	0.00e+00	7.28e-01	7.48e-02	5.16e-02
 1.72079e+16	8.61e-01	1.39e-01	2.15e-12	0.00e+00	0.00e+00	0.00e+00	0.00e+00	0.00e+00	0.00e+00	7.34e-01	7.48e-02	5.15e-02
 1.72150e+16	8.66e-01	1.34e-01	2.07e-12	0.00e+00	0.00e+00	0.00e+00	0.00e+00	0.00e+00	0.00e+00	7.40e-01	7.48e-02	5.14e-02
 1.72219e+16	8.72e-01	1.28e-01	1.99e-12	0.00e+00	0.00e+00	0.00e+00	0.00e+00	0.00e+00	0.00e+00	7.46e-01	7.47e-02	5.14e-02
 1.72287e+16	8.77e-01	1.23e-01	1.92e-12	0.00e+00	0.00e+00	0.00e+00	0.00e+00	0.00e+00	0.00e+00	7.51e-01	7.46e-02	5.13e-02
 1.72353e+16	8.82e-01	1.18e-01	1.84e-12	0.00e+00	0.00e+00	0.00e+00	0.00e+00	0.00e+00	0.00e+00	7.56e-01	7.46e-02	5.12e-02
 1.72418e+16	8.87e-01	1.13e-01	1.78e-12	0.00e+00	0.00e+00	0.00e+00	0.00e+00	0.00e+00	0.00e+00	7.61e-01	7.45e-02	5.11e-02
 1.72482e+16	8.91e-01	1.09e-01	1.71e-12	0.00e+00	0.00e+00	0.00e+00	0.00e+00	0.00e+00	0.00e+00	7.66e-01	7.44e-02	5.10e-02
 1.72545e+16	8.96e-01	1.04e-01	1.65e-12	0.00e+00	0.00e+00	0.00e+00	0.00e+00	0.00e+00	0.00e+00	7.71e-01	7.43e-02	5.08e-02
 1.72607e+16	9.00e-01	9.98e-02	1.58e-12	0.00e+00	0.00e+00	0.00e+00	0.00e+00	0.00e+00	0.00e+00	7.75e-01	7.43e-02	5.08e-02
 1.72667e+16	9.04e-01	9.57e-02	1.52e-12	0.00e+00	0.00e+00	0.00e+00	0.00e+00	0.00e+00	0.00e+00	7.79e-01	7.42e-02	5.07e-02
 1.72725e+16	9.08e-01	9.19e-02	1.47e-12	0.00e+00	0.00e+00	0.00e+00	0.00e+00	0.00e+00	0.00e+00	7.84e-01	7.41e-02	5.05e-02
 1.72783e+16	9.12e-01	8.81e-02	1.41e-12	0.00e+00	0.00e+00	0.00e+00	0.00e+00	0.00e+00	0.00e+00	7.87e-01	7.41e-02	5.05e-02
 1.72840e+16	9.15e-01	8.45e-02	1.36e-12	0.00e+00	0.00e+00	0.00e+00	0.00e+00	0.00e+00	0.00e+00	7.91e-01	7.41e-02	5.04e-02
 1.72895e+16	9.19e-01	8.11e-02	1.31e-12	0.00e+00	0.00e+00	0.00e+00	0.00e+00	0.00e+00	0.00e+00	7.95e-01	7.40e-02	5.02e-02
 1.72949e+16	9.22e-01	7.78e-02	1.26e-12	0.00e+00	0.00e+00	0.00e+00	0.00e+00	0.00e+00	0.00e+00	7.98e-01	7.40e-02	5.02e-02
 1.73003e+16	9.25e-01	7.46e-02	1.21e-12	0.00e+00	0.00e+00	0.00e+00	0.00e+00	0.00e+00	0.00e+00	8.01e-01	7.40e-02	5.01e-02
 1.73055e+16	9.28e-01	7.16e-02	1.17e-12	0.00e+00	0.00e+00	0.00e+00	0.00e+00	0.00e+00	0.00e+00	8.04e-01	7.39e-02	5.00e-02
 1.73106e+16	9.31e-01	6.87e-02	1.12e-12	0.00e+00	0.00e+00	0.00e+00	0.00e+00	0.00e+00	0.00e+00	8.07e-01	7.40e-02	4.99e-02
 1.73157e+16	9.34e-01	6.59e-02	1.08e-12	0.00e+00	0.00e+00	0.00e+00	0.00e+00	0.00e+00	0.00e+00	8.10e-01	7.41e-02	4.99e-02
 1.73205e+16	9.37e-01	6.32e-02	1.04e-12	0.00e+00	0.00e+00	0.00e+00	0.00e+00	0.00e+00	0.00e+00	8.13e-01	7.41e-02	4.98e-02
 1.73252e+16	9.39e-01	6.07e-02	9.98e-13	0.00e+00	0.00e+00	0.00e+00	0.00e+00	0.00e+00	0.00e+00	8.15e-01	7.42e-02	4.98e-02
 1.73299e+16	9.42e-01	5.82e-02	9.59e-13	0.00e+00	0.00e+00	0.00e+00	0.00e+00	0.00e+00	0.00e+00	8.18e-01	7.43e-02	4.97e-02
 1.73344e+16	9.44e-01	5.58e-02	9.22e-13	0.00e+00	0.00e+00	0.00e+00	0.00e+00	0.00e+00	0.00e+00	8.20e-01	7.44e-02	4.97e-02
 1.73389e+16	9.46e-01	5.35e-02	8.86e-13	0.00e+00	0.00e+00	0.00e+00	0.00e+00	0.00e+00	0.00e+00	8.22e-01	7.46e-02	4.97e-02
 1.73433e+16	9.49e-01	5.13e-02	8.51e-13	0.00e+00	0.00e+00	0.00e+00	0.00e+00	0.00e+00	0.00e+00	8.24e-01	7.47e-02	4.96e-02
 1.73475e+16	9.51e-01	4.92e-02	8.17e-13	0.00e+00	0.00e+00	0.00e+00	0.00e+00	0.00e+00	0.00e+00	8.26e-01	7.50e-02	4.97e-02
 1.73516e+16	9.53e-01	4.72e-02	7.84e-13	0.00e+00	0.00e+00	0.00e+00	0.00e+00	0.00e+00	0.00e+00	8.28e-01	7.52e-02	4.97e-02
 1.73555e+16	9.55e-01	4.53e-02	7.53e-13	0.00e+00	0.00e+00	0.00e+00	0.00e+00	0.00e+00	0.00e+00	8.30e-01	7.55e-02	4.97e-02
 1.73592e+16	9.56e-01	4.35e-02	7.24e-13	0.00e+00	0.00e+00	0.00e+00	0.00e+00	0.00e+00	0.00e+00	8.31e-01	7.58e-02	4.97e-02
 1.73626e+16	9.58e-01	4.19e-02	6.97e-13	0.00e+00	0.00e+00	0.00e+00	0.00e+00	0.00e+00	0.00e+00	8.32e-01	7.61e-02	4.98e-02
 1.73657e+16	9.60e-01	4.04e-02	6.73e-13	0.00e+00	0.00e+00	0.00e+00	0.00e+00	0.00e+00	0.00e+00	8.33e-01	7.64e-02	4.98e-02
 1.73686e+16	9.61e-01	3.90e-02	6.49e-13	0.00e+00	0.00e+00	0.00e+00	0.00e+00	0.00e+00	0.00e+00	8.34e-01	7.67e-02	4.99e-02
 1.73714e+16	9.62e-01	3.76e-02	6.26e-13	0.00e+00	0.00e+00	0.00e+00	0.00e+00	0.00e+00	0.00e+00	8.35e-01	7.71e-02	5.00e-02
 1.73741e+16	9.64e-01	3.64e-02	6.05e-13	0.00e+00	0.00e+00	0.00e+00	0.00e+00	0.00e+00	0.00e+00	8.36e-01	7.74e-02	5.01e-02
 1.73766e+16	9.65e-01	3.52e-02	5.84e-13	0.00e+00	0.00e+00	0.00e+00	0.00e+00	0.00e+00	0.00e+00	8.37e-01	7.78e-02	5.02e-02
 1.73789e+16	9.66e-01	3.41e-02	5.65e-13	0.00e+00	0.00e+00	0.00e+00	0.00e+00	0.00e+00	0.00e+00	8.37e-01	7.83e-02	5.03e-02
 1.73811e+16	9.67e-01	3.30e-02	5.46e-13	0.00e+00	0.00e+00	0.00e+00	0.00e+00	0.00e+00	0.00e+00	8.38e-01	7.87e-02	5.04e-02
 1.73831e+16	9.68e-01	3.20e-02	5.29e-13	0.00e+00	0.00e+00	0.00e+00	0.00e+00	0.00e+00	0.00e+00	8.38e-01	7.92e-02	5.05e-02
 1.73850e+16	9.69e-01	3.11e-02	5.12e-13	0.00e+00	0.00e+00	0.00e+00	0.00e+00	0.00e+00	0.00e+00	8.39e-01	7.97e-02	5.06e-02
 1.73869e+16	9.70e-01	3.02e-02	4.96e-13	0.00e+00	0.00e+00	0.00e+00	0.00e+00	0.00e+00	0.00e+00	8.39e-01	8.02e-02	5.08e-02
 1.73886e+16	9.71e-01	2.93e-02	4.81e-13	0.00e+00	0.00e+00	0.00e+00	0.00e+00	0.00e+00	0.00e+00	8.39e-01	8.07e-02	5.09e-02
 1.73902e+16	9.72e-01	2.85e-02	4.66e-13	0.00e+00	0.00e+00	0.00e+00	0.00e+00	0.00e+00	0.00e+00	8.39e-01	8.12e-02	5.11e-02
 1.73917e+16	9.72e-01	2.77e-02	4.52e-13	0.00e+00	0.00e+00	0.00e+00	0.00e+00	0.00e+00	0.00e+00	8.39e-01	8.18e-02	5.12e-02
 1.73931e+16	9.73e-01	2.69e-02	4.38e-13	0.00e+00	0.00e+00	0.00e+00	0.00e+00	0.00e+00	0.00e+00	8.39e-01	8.24e-02	5.14e-02
 1.73945e+16	9.74e-01	2.62e-02	4.24e-13	0.00e+00	0.00e+00	0.00e+00	0.00e+00	0.00e+00	0.00e+00	8.39e-01	8.30e-02	5.16e-02
 1.73958e+16	9.75e-01	2.55e-02	4.11e-13	0.00e+00	0.00e+00	0.00e+00	0.00e+00	0.00e+00	0.00e+00	8.39e-01	8.37e-02	5.18e-02
 1.73970e+16	9.75e-01	2.48e-02	3.98e-13	0.00e+00	0.00e+00	0.00e+00	0.00e+00	0.00e+00	0.00e+00	8.39e-01	8.44e-02	5.20e-02
 1.73982e+16	9.76e-01	2.41e-02	3.85e-13	0.00e+00	0.00e+00	0.00e+00	0.00e+00	0.00e+00	0.00e+00	8.39e-01	8.51e-02	5.22e-02
 1.73994e+16	9.77e-01	2.34e-02	3.72e-13	0.00e+00	0.00e+00	0.00e+00	0.00e+00	0.00e+00	0.00e+00	8.38e-01	8.59e-02	5.24e-02
 1.74005e+16	9.77e-01	2.27e-02	3.59e-13	0.00e+00	0.00e+00	0.00e+00	0.00e+00	0.00e+00	0.00e+00	8.38e-01	8.68e-02	5.26e-02
 1.74015e+16	9.78e-01	2.20e-02	3.46e-13	0.00e+00	0.00e+00	0.00e+00	0.00e+00	0.00e+00	0.00e+00	8.37e-01	8.77e-02	5.29e-02
 1.74025e+16	9.79e-01	2.14e-02	3.33e-13	0.00e+00	0.00e+00	0.00e+00	0.00e+00	0.00e+00	0.00e+00	8.37e-01	8.87e-02	5.32e-02
 1.74036e+16	9.79e-01	2.06e-02	3.19e-13	0.00e+00	0.00e+00	0.00e+00	0.00e+00	0.00e+00	0.00e+00	8.36e-01	8.98e-02	5.35e-02
 1.74046e+16	9.80e-01	1.99e-02	3.04e-13	0.00e+00	0.00e+00	0.00e+00	0.00e+00	0.00e+00	0.00e+00	8.35e-01	9.11e-02	5.39e-02
 1.74056e+16	9.81e-01	1.91e-02	2.89e-13	0.00e+00	0.00e+00	0.00e+00	0.00e+00	0.00e+00	0.00e+00	8.34e-01	9.25e-02	5.42e-02
 1.74066e+16	9.82e-01	1.83e-02	2.74e-13	0.00e+00	0.00e+00	0.00e+00	0.00e+00	0.00e+00	0.00e+00	8.33e-01	9.41e-02	5.47e-02
 1.74076e+16	9.83e-01	1.75e-02	2.57e-13	0.00e+00	0.00e+00	0.00e+00	0.00e+00	0.00e+00	0.00e+00	8.31e-01	9.61e-02	5.52e-02
 1.74084e+16	9.83e-01	1.68e-02	2.43e-13	0.00e+00	0.00e+00	0.00e+00	0.00e+00	0.00e+00	0.00e+00	8.30e-01	9.78e-02	5.56e-02
 1.74091e+16	9.84e-01	1.60e-02	2.28e-13	0.00e+00	0.00e+00	0.00e+00	0.00e+00	0.00e+00	0.00e+00	8.28e-01	9.98e-02	5.61e-02
 1.74097e+16	9.85e-01	1.54e-02	2.15e-13	0.00e+00	0.00e+00	0.00e+00	0.00e+00	0.00e+00	0.00e+00	8.26e-01	1.02e-01	5.66e-02
 1.74103e+16	9.85e-01	1.47e-02	2.02e-13	0.00e+00	0.00e+00	0.00e+00	0.00e+00	0.00e+00	0.00e+00	8.25e-01	1.04e-01	5.71e-02
 1.74108e+16	9.86e-01	1.42e-02	1.92e-13	0.00e+00	0.00e+00	0.00e+00	0.00e+00	0.00e+00	0.00e+00	8.23e-01	1.05e-01	5.75e-02
 1.74113e+16	9.86e-01	1.36e-02	1.80e-13	0.00e+00	0.00e+00	0.00e+00	0.00e+00	0.00e+00	0.00e+00	8.21e-01	1.08e-01	5.80e-02
 1.74117e+16	9.87e-01	1.31e-02	1.70e-13	0.00e+00	0.00e+00	0.00e+00	0.00e+00	0.00e+00	0.00e+00	8.19e-01	1.09e-01	5.84e-02
 1.74121e+16	9.87e-01	1.26e-02	1.61e-13	0.00e+00	0.00e+00	0.00e+00	0.00e+00	0.00e+00	0.00e+00	8.18e-01	1.11e-01	5.87e-02
 1.74124e+16	9.88e-01	1.22e-02	1.53e-13	0.00e+00	0.00e+00	0.00e+00	0.00e+00	0.00e+00	0.00e+00	8.16e-01	1.12e-01	5.91e-02
 1.74127e+16	9.88e-01	1.18e-02	1.45e-13	0.00e+00	0.00e+00	0.00e+00	0.00e+00	0.00e+00	0.00e+00	8.15e-01	1.14e-01	5.94e-02
 1.74130e+16	9.89e-01	1.14e-02	1.39e-13	0.00e+00	0.00e+00	0.00e+00	0.00e+00	0.00e+00	0.00e+00	8.13e-01	1.15e-01	5.97e-02
 1.74133e+16	9.89e-01	1.11e-02	1.32e-13	0.00e+00	0.00e+00	0.00e+00	0.00e+00	0.00e+00	0.00e+00	8.12e-01	1.17e-01	6.00e-02
 1.74135e+16	9.89e-01	1.08e-02	1.26e-13	0.00e+00	0.00e+00	0.00e+00	0.00e+00	0.00e+00	0.00e+00	8.11e-01	1.18e-01	6.03e-02
 1.74138e+16	9.90e-01	1.05e-02	1.21e-13	0.00e+00	0.00e+00	0.00e+00	0.00e+00	0.00e+00	0.00e+00	8.09e-01	1.20e-01	6.06e-02
 1.74140e+16	9.90e-01	1.02e-02	1.16e-13	0.00e+00	0.00e+00	0.00e+00	0.00e+00	0.00e+00	0.00e+00	8.08e-01	1.21e-01	6.08e-02
 1.74141e+16	9.90e-01	9.99e-03	1.13e-13	0.00e+00	0.00e+00	0.00e+00	0.00e+00	0.00e+00	0.00e+00	8.07e-01	1.22e-01	6.10e-02
 1.74143e+16	9.90e-01	9.77e-03	1.09e-13	0.00e+00	0.00e+00	0.00e+00	0.00e+00	0.00e+00	0.00e+00	8.06e-01	1.23e-01	6.12e-02
 1.74146e+16	9.91e-01	9.49e-03	1.04e-13	0.00e+00	0.00e+00	0.00e+00	0.00e+00	0.00e+00	0.00e+00	8.05e-01	1.24e-01	6.14e-02
 1.74149e+16	9.91e-01	9.18e-03	9.84e-14	0.00e+00	0.00e+00	0.00e+00	0.00e+00	0.00e+00	0.00e+00	8.03e-01	1.26e-01	6.17e-02
 1.74151e+16	9.91e-01	8.91e-03	9.40e-14	0.00e+00	0.00e+00	0.00e+00	0.00e+00	0.00e+00	0.00e+00	8.02e-01	1.27e-01	6.19e-02
 1.74154e+16	9.91e-01	8.66e-03	8.97e-14	0.00e+00	0.00e+00	0.00e+00	0.00e+00	0.00e+00	0.00e+00	8.01e-01	1.28e-01	6.21e-02
 1.74156e+16	9.92e-01	8.43e-03	8.59e-14	0.00e+00	0.00e+00	0.00e+00	0.00e+00	0.00e+00	0.00e+00	8.00e-01	1.30e-01	6.23e-02
 1.74158e+16	9.92e-01	8.22e-03	8.24e-14	0.00e+00	0.00e+00	0.00e+00	0.00e+00	0.00e+00	0.00e+00	7.98e-01	1.31e-01	6.25e-02
 1.74160e+16	9.92e-01	8.04e-03	7.95e-14	0.00e+00	0.00e+00	0.00e+00	0.00e+00	0.00e+00	0.00e+00	7.97e-01	1.32e-01	6.26e-02
 1.74162e+16	9.92e-01	7.82e-03	7.61e-14	0.00e+00	0.00e+00	0.00e+00	0.00e+00	0.00e+00	0.00e+00	7.96e-01	1.33e-01	6.28e-02
 1.74164e+16	9.92e-01	7.61e-03	7.27e-14	0.00e+00	0.00e+00	0.00e+00	0.00e+00	0.00e+00	0.00e+00	7.95e-01	1.34e-01	6.29e-02
 1.74166e+16	9.93e-01	7.40e-03	6.96e-14	0.00e+00	0.00e+00	0.00e+00	0.00e+00	0.00e+00	0.00e+00	7.94e-01	1.36e-01	6.31e-02
 1.74167e+16	9.93e-01	7.22e-03	6.68e-14	0.00e+00	0.00e+00	0.00e+00	0.00e+00	0.00e+00	0.00e+00	7.93e-01	1.37e-01	6.32e-02
