#depth	H	H+	H2
 2.25315e+11	1.93e-03	9.98e-01	3.07e-12
 1.35189e+12	1.92e-03	9.98e-01	3.07e-12
 5.85818e+12	1.93e-03	9.98e-01	3.09e-12
 2.38834e+13	1.93e-03	9.98e-01	3.11e-12
 5.70497e+13	1.92e-03	9.98e-01	3.16e-12
 1.00166e+14	1.91e-03	9.98e-01	3.18e-12
 1.56217e+14	1.91e-03	9.98e-01	3.21e-12
 2.29083e+14	1.90e-03	9.98e-01	3.27e-12
 3.23810e+14	1.90e-03	9.98e-01	3.32e-12
 4.46954e+14	1.89e-03	9.98e-01	3.40e-12
 6.07042e+14	1.88e-03	9.98e-01	3.48e-12
 8.15155e+14	1.88e-03	9.98e-01	3.60e-12
 1.08570e+15	1.87e-03	9.98e-01	3.71e-12
 1.43742e+15	1.87e-03	9.98e-01	3.84e-12
 1.89464e+15	1.86e-03	9.98e-01	3.96e-12
 2.48904e+15	1.86e-03	9.98e-01	4.07e-12
 3.14301e+15	1.84e-03	9.98e-01	4.16e-12
 3.68473e+15	1.82e-03	9.98e-01	4.15e-12
 4.19924e+15	1.83e-03	9.98e-01	4.12e-12
 4.86810e+15	1.84e-03	9.98e-01	4.14e-12
 5.50846e+15	1.84e-03	9.98e-01	4.15e-12
 5.98491e+15	1.95e-03	9.98e-01	4.12e-12
 6.30596e+15	1.96e-03	9.98e-01	4.09e-12
 6.55184e+15	1.98e-03	9.98e-01	4.06e-12
 6.87148e+15	2.00e-03	9.98e-01	4.01e-12
 7.28702e+15	2.02e-03	9.98e-01	3.89e-12
 7.74096e+15	2.05e-03	9.98e-01	3.72e-12
 8.13776e+15	2.07e-03	9.98e-01	3.56e-12
 8.47836e+15	2.08e-03	9.98e-01	3.37e-12
 8.85293e+15	2.10e-03	9.98e-01	3.05e-12
 9.26610e+15	2.12e-03	9.98e-01	2.71e-12
 9.64810e+15	2.13e-03	9.98e-01	2.41e-12
 1.00633e+16	2.14e-03	9.98e-01	2.04e-12
 1.05559e+16	2.17e-03	9.98e-01	1.71e-12
 1.10382e+16	2.22e-03	9.98e-01	1.50e-12
 1.14562e+16	2.29e-03	9.98e-01	1.40e-12
 1.18360e+16	2.37e-03	9.98e-01	1.34e-12
 1.21859e+16	2.47e-03	9.98e-01	1.34e-12
 1.24884e+16	2.58e-03	9.97e-01	1.38e-12
 1.27491e+16	2.69e-03	9.97e-01	1.43e-12
 1.29836e+16	2.80e-03	9.97e-01	1.49e-12
 1.32022e+16	2.92e-03	9.97e-01	1.57e-12
 1.34061e+16	3.04e-03	9.97e-01	1.65e-12
 1.35916e+16	3.17e-03	9.97e-01	1.76e-12
 1.37576e+16	3.30e-03	9.97e-01	1.85e-12
 1.39078e+16	3.43e-03	9.97e-01	1.96e-12
 1.40462e+16	3.56e-03	9.96e-01	2.07e-12
 1.41744e+16	3.68e-03	9.96e-01	2.18e-12
 1.42924e+16	3.80e-03	9.96e-01	2.27e-12
 1.44007e+16	3.92e-03	9.96e-01	2.37e-12
 1.45000e+16	4.04e-03	9.96e-01	2.48e-12
 1.45912e+16	4.14e-03	9.96e-01	2.56e-12
 1.46753e+16	4.25e-03	9.96e-01	2.66e-12
 1.47536e+16	4.34e-03	9.96e-01	2.74e-12
 1.48266e+16	4.44e-03	9.96e-01	2.84e-12
 1.48950e+16	4.53e-03	9.95e-01	2.93e-12
 1.49598e+16	4.62e-03	9.95e-01	3.02e-12
 1.50221e+16	4.71e-03	9.95e-01	3.11e-12
 1.50830e+16	4.80e-03	9.95e-01	3.21e-12
 1.51522e+16	4.89e-03	9.95e-01	3.32e-12
 1.52290e+16	5.00e-03	9.95e-01	3.45e-12
 1.53032e+16	5.10e-03	9.95e-01	3.58e-12
 1.53872e+16	5.21e-03	9.95e-01	3.63e-12
 1.54963e+16	5.32e-03	9.95e-01	3.62e-12
 1.56382e+16	5.46e-03	9.95e-01	3.52e-12
 1.58227e+16	5.62e-03	9.94e-01	3.34e-12
 1.60626e+16	5.83e-03	9.94e-01	3.10e-12
 1.63744e+16	6.12e-03	9.94e-01	2.84e-12
 1.67635e+16	6.53e-03	9.93e-01	2.59e-12
 1.71863e+16	7.08e-03	9.93e-01	2.42e-12
 1.75923e+16	7.69e-03	9.92e-01	2.32e-12
 1.79781e+16	8.33e-03	9.92e-01	2.24e-12
 1.83555e+16	9.02e-03	9.91e-01	2.19e-12
 1.87293e+16	9.78e-03	9.90e-01	2.16e-12
 1.90989e+16	1.06e-02	9.89e-01	2.15e-12
 1.94615e+16	1.16e-02	9.88e-01	2.16e-12
 1.98166e+16	1.26e-02	9.87e-01	2.18e-12
 2.01645e+16	1.37e-02	9.86e-01	2.21e-12
 2.05055e+16	1.50e-02	9.85e-01	2.25e-12
 2.08400e+16	1.63e-02	9.84e-01	2.30e-12
 2.11688e+16	1.79e-02	9.82e-01	2.36e-12
 2.14924e+16	1.96e-02	9.80e-01	2.44e-12
 2.18113e+16	2.16e-02	9.78e-01	2.52e-12
 2.21261e+16	2.39e-02	9.76e-01	2.63e-12
 2.24380e+16	2.66e-02	9.73e-01	2.76e-12
 2.27487e+16	2.99e-02	9.70e-01	2.92e-12
 2.30600e+16	3.39e-02	9.66e-01	3.14e-12
 2.33753e+16	3.90e-02	9.61e-01	3.43e-12
 2.36926e+16	4.59e-02	9.54e-01	3.87e-12
 2.39849e+16	5.50e-02	9.45e-01	4.52e-12
 2.42205e+16	6.57e-02	9.34e-01	5.36e-12
 2.44000e+16	7.69e-02	9.23e-01	6.30e-12
 2.45470e+16	8.89e-02	9.11e-01	7.37e-12
 2.46821e+16	1.03e-01	8.97e-01	8.73e-12
 2.48098e+16	1.21e-01	8.79e-01	1.06e-11
 2.49237e+16	1.44e-01	8.56e-01	1.32e-11
 2.50184e+16	1.70e-01	8.30e-01	1.66e-11
 2.50961e+16	1.98e-01	8.02e-01	2.07e-11
 2.51638e+16	2.30e-01	7.70e-01	2.61e-11
 2.52259e+16	2.68e-01	7.32e-01	3.36e-11
 2.52791e+16	3.09e-01	6.91e-01	4.37e-11
 2.53176e+16	3.48e-01	6.52e-01	5.48e-11
 2.53434e+16	3.78e-01	6.22e-01	6.51e-11
 2.53627e+16	4.02e-01	5.98e-01	7.48e-11
 2.53801e+16	4.27e-01	5.73e-01	8.55e-11
 2.53968e+16	4.52e-01	5.48e-01	9.82e-11
 2.54121e+16	4.76e-01	5.24e-01	1.12e-10
 2.54254e+16	4.99e-01	5.01e-01	1.28e-10
 2.54370e+16	5.20e-01	4.80e-01	1.43e-10
 2.54474e+16	5.39e-01	4.61e-01	1.60e-10
 2.54557e+16	5.55e-01	4.45e-01	1.75e-10
 2.54617e+16	5.67e-01	4.33e-01	1.87e-10
 2.54672e+16	5.78e-01	4.22e-01	2.00e-10
 2.54732e+16	5.91e-01	4.09e-01	2.15e-10
 2.54795e+16	6.04e-01	3.96e-01	2.32e-10
 2.54857e+16	6.17e-01	3.83e-01	2.51e-10
 2.54914e+16	6.29e-01	3.71e-01	2.71e-10
 2.54969e+16	6.41e-01	3.59e-01	2.91e-10
 2.55023e+16	6.53e-01	3.47e-01	3.14e-10
 2.55076e+16	6.65e-01	3.35e-01	3.39e-10
 2.55129e+16	6.77e-01	3.23e-01	3.66e-10
 2.55180e+16	6.88e-01	3.12e-01	3.95e-10
 2.55229e+16	6.99e-01	3.01e-01	4.27e-10
 2.55278e+16	7.10e-01	2.90e-01	4.60e-10
 2.55325e+16	7.21e-01	2.79e-01	4.97e-10
 2.55372e+16	7.31e-01	2.69e-01	5.37e-10
 2.55418e+16	7.41e-01	2.59e-01	5.80e-10
 2.55463e+16	7.51e-01	2.49e-01	6.26e-10
 2.55506e+16	7.61e-01	2.39e-01	6.76e-10
 2.55550e+16	7.70e-01	2.30e-01	7.31e-10
 2.55592e+16	7.79e-01	2.21e-01	7.89e-10
 2.55633e+16	7.88e-01	2.12e-01	8.52e-10
 2.55673e+16	7.97e-01	2.03e-01	9.19e-10
 2.55713e+16	8.05e-01	1.95e-01	9.91e-10
 2.55751e+16	8.12e-01	1.88e-01	1.07e-09
 2.55788e+16	8.20e-01	1.80e-01	1.15e-09
 2.55824e+16	8.27e-01	1.73e-01	1.23e-09
 2.55860e+16	8.34e-01	1.66e-01	1.33e-09
 2.55895e+16	8.40e-01	1.60e-01	1.43e-09
 2.55929e+16	8.47e-01	1.53e-01	1.53e-09
 2.55962e+16	8.53e-01	1.47e-01	1.64e-09
 2.55995e+16	8.58e-01	1.42e-01	1.76e-09
 2.56027e+16	8.64e-01	1.36e-01	1.88e-09
 2.56058e+16	8.69e-01	1.31e-01	2.01e-09
 2.56090e+16	8.75e-01	1.25e-01	2.16e-09
 2.56121e+16	8.79e-01	1.21e-01	2.31e-09
 2.56151e+16	8.84e-01	1.16e-01	2.47e-09
 2.56180e+16	8.89e-01	1.11e-01	2.64e-09
 2.56209e+16	8.93e-01	1.07e-01	2.82e-09
 2.56237e+16	8.97e-01	1.03e-01	3.02e-09
 2.56266e+16	9.01e-01	9.86e-02	3.22e-09
 2.56294e+16	9.05e-01	9.48e-02	3.44e-09
 2.56321e+16	9.09e-01	9.10e-02	3.68e-09
 2.56348e+16	9.13e-01	8.74e-02	3.94e-09
 2.56375e+16	9.16e-01	8.40e-02	4.21e-09
 2.56401e+16	9.19e-01	8.07e-02	4.50e-09
 2.56427e+16	9.23e-01	7.75e-02	4.81e-09
 2.56452e+16	9.26e-01	7.44e-02	5.15e-09
 2.56477e+16	9.28e-01	7.15e-02	5.51e-09
 2.56502e+16	9.31e-01	6.87e-02	5.90e-09
 2.56526e+16	9.34e-01	6.60e-02	6.34e-09
 2.56550e+16	9.37e-01	6.34e-02	6.79e-09
 2.56573e+16	9.39e-01	6.08e-02	7.31e-09
 2.56596e+16	9.42e-01	5.84e-02	7.85e-09
 2.56619e+16	9.44e-01	5.61e-02	8.45e-09
 2.56641e+16	9.46e-01	5.39e-02	9.11e-09
 2.56663e+16	9.48e-01	5.17e-02	9.84e-09
 2.56684e+16	9.50e-01	4.97e-02	1.07e-08
 2.56705e+16	9.52e-01	4.77e-02	1.15e-08
 2.56726e+16	9.54e-01	4.58e-02	1.25e-08
 2.56746e+16	9.56e-01	4.40e-02	1.36e-08
 2.56765e+16	9.58e-01	4.22e-02	1.49e-08
 2.56784e+16	9.60e-01	4.05e-02	1.63e-08
 2.56803e+16	9.61e-01	3.89e-02	1.78e-08
 2.56821e+16	9.63e-01	3.73e-02	1.96e-08
 2.56839e+16	9.64e-01	3.58e-02	2.16e-08
 2.56855e+16	9.66e-01	3.43e-02	2.38e-08
 2.56871e+16	9.67e-01	3.30e-02	2.62e-08
 2.56886e+16	9.68e-01	3.17e-02	2.89e-08
 2.56901e+16	9.69e-01	3.05e-02	3.19e-08
 2.56914e+16	9.71e-01	2.94e-02	3.51e-08
 2.56926e+16	9.72e-01	2.84e-02	3.87e-08
 2.56938e+16	9.73e-01	2.73e-02	4.25e-08
 2.56949e+16	9.74e-01	2.64e-02	4.68e-08
 2.56960e+16	9.75e-01	2.55e-02	5.14e-08
 2.56970e+16	9.75e-01	2.46e-02	5.63e-08
 2.56979e+16	9.76e-01	2.37e-02	6.18e-08
 2.56989e+16	9.77e-01	2.29e-02	6.76e-08
 2.56998e+16	9.78e-01	2.21e-02	7.39e-08
 2.57006e+16	9.79e-01	2.13e-02	8.06e-08
 2.57015e+16	9.80e-01	2.04e-02	8.78e-08
 2.57023e+16	9.80e-01	1.96e-02	9.51e-08
 2.57031e+16	9.81e-01	1.88e-02	1.03e-07
 2.57039e+16	9.82e-01	1.80e-02	1.11e-07
 2.57046e+16	9.83e-01	1.72e-02	1.18e-07
 2.57053e+16	9.84e-01	1.65e-02	1.25e-07
 2.57059e+16	9.84e-01	1.57e-02	1.32e-07
 2.57065e+16	9.85e-01	1.51e-02	1.39e-07
 2.57070e+16	9.86e-01	1.44e-02	1.45e-07
 2.57075e+16	9.86e-01	1.38e-02	1.51e-07
 2.57079e+16	9.87e-01	1.32e-02	1.58e-07
 2.57083e+16	9.87e-01	1.27e-02	1.64e-07
 2.57087e+16	9.88e-01	1.22e-02	1.70e-07
 2.57090e+16	9.88e-01	1.18e-02	1.77e-07
 2.57093e+16	9.89e-01	1.14e-02	1.82e-07
 2.57096e+16	9.89e-01	1.10e-02	1.89e-07
 2.57098e+16	9.89e-01	1.07e-02	1.95e-07
 2.57101e+16	9.90e-01	1.04e-02	2.02e-07
 2.57103e+16	9.90e-01	1.00e-02	2.09e-07
 2.57106e+16	9.90e-01	9.67e-03	2.17e-07
