#depth	He	He+	He+2
 3.69394e+11	9.47e-04	9.91e-01	7.74e-03
 2.21636e+12	9.47e-04	9.91e-01	7.73e-03
 9.60424e+12	9.48e-04	9.91e-01	7.69e-03
 3.91557e+13	9.49e-04	9.92e-01	7.44e-03
 9.35305e+13	9.51e-04	9.92e-01	7.32e-03
 1.64218e+14	9.54e-04	9.92e-01	6.93e-03
 2.56111e+14	9.58e-04	9.93e-01	6.29e-03
 3.75572e+14	9.64e-04	9.94e-01	5.40e-03
 5.30872e+14	9.70e-04	9.95e-01	4.31e-03
 7.32762e+14	9.79e-04	9.96e-01	3.14e-03
 9.95218e+14	9.90e-04	9.97e-01	2.03e-03
 1.33641e+15	1.00e-03	9.98e-01	1.14e-03
 1.77996e+15	1.02e-03	9.98e-01	5.33e-04
 2.35658e+15	1.05e-03	9.99e-01	2.02e-04
 3.10618e+15	1.08e-03	9.99e-01	6.00e-05
 4.08067e+15	1.12e-03	9.99e-01	1.34e-05
 5.34749e+15	1.17e-03	9.99e-01	2.25e-06
 6.99437e+15	1.25e-03	9.99e-01	2.88e-07
 8.94594e+15	1.35e-03	9.99e-01	3.43e-08
 1.09874e+16	1.46e-03	9.99e-01	5.17e-09
 1.26085e+16	1.56e-03	9.98e-01	1.44e-09
 1.38694e+16	1.64e-03	9.98e-01	6.18e-10
 1.51000e+16	1.73e-03	9.98e-01	3.06e-10
 1.61578e+16	1.82e-03	9.98e-01	1.84e-10
 1.71052e+16	1.90e-03	9.98e-01	1.25e-10
 1.80233e+16	1.99e-03	9.98e-01	9.20e-11
 1.89266e+16	2.08e-03	9.98e-01	7.18e-11
 1.97896e+16	2.17e-03	9.98e-01	5.95e-11
 2.05989e+16	2.27e-03	9.98e-01	5.16e-11
 2.13613e+16	2.38e-03	9.98e-01	4.65e-11
 2.20893e+16	2.49e-03	9.98e-01	4.28e-11
 2.27911e+16	2.60e-03	9.97e-01	4.03e-11
 2.34672e+16	2.72e-03	9.97e-01	3.84e-11
 2.41126e+16	2.84e-03	9.97e-01	3.69e-11
 2.47310e+16	2.97e-03	9.97e-01	3.58e-11
 2.53281e+16	3.12e-03	9.97e-01	3.51e-11
 2.59005e+16	3.26e-03	9.97e-01	3.44e-11
 2.64505e+16	3.41e-03	9.97e-01	3.41e-11
 2.69831e+16	3.58e-03	9.96e-01	3.37e-11
 2.74975e+16	3.75e-03	9.96e-01	3.34e-11
 2.79963e+16	3.95e-03	9.96e-01	3.33e-11
 2.84779e+16	4.15e-03	9.96e-01	3.32e-11
 2.89409e+16	4.37e-03	9.96e-01	3.32e-11
 2.93905e+16	4.61e-03	9.95e-01	3.33e-11
 2.98291e+16	4.88e-03	9.95e-01	3.36e-11
 3.02556e+16	5.17e-03	9.95e-01	3.38e-11
 3.06666e+16	5.48e-03	9.95e-01	3.40e-11
 3.10571e+16	5.82e-03	9.94e-01	3.43e-11
 3.14256e+16	6.18e-03	9.94e-01	3.47e-11
 3.17755e+16	6.57e-03	9.93e-01	3.52e-11
 3.21101e+16	7.00e-03	9.93e-01	3.60e-11
 3.24299e+16	7.47e-03	9.93e-01	3.67e-11
 3.27337e+16	7.99e-03	9.92e-01	3.73e-11
 3.30215e+16	8.55e-03	9.91e-01	3.81e-11
 3.32958e+16	9.16e-03	9.91e-01	3.91e-11
 3.35591e+16	9.84e-03	9.90e-01	4.03e-11
 3.38119e+16	1.06e-02	9.89e-01	4.20e-11
 3.40539e+16	1.15e-02	9.89e-01	4.37e-11
 3.42848e+16	1.24e-02	9.88e-01	4.52e-11
 3.45048e+16	1.35e-02	9.87e-01	4.73e-11
 3.47153e+16	1.47e-02	9.85e-01	4.98e-11
 3.49185e+16	1.61e-02	9.84e-01	5.29e-11
 3.51149e+16	1.77e-02	9.82e-01	5.79e-11
 3.53047e+16	1.96e-02	9.80e-01	6.21e-11
 3.54871e+16	2.19e-02	9.78e-01	6.93e-11
 3.56624e+16	2.45e-02	9.76e-01	7.80e-11
 3.58071e+16	2.71e-02	9.73e-01	8.61e-11
 3.59098e+16	2.93e-02	9.71e-01	9.31e-11
 3.60118e+16	3.19e-02	9.68e-01	1.01e-10
 3.61233e+16	3.50e-02	9.65e-01	1.14e-10
 3.62216e+16	3.83e-02	9.62e-01	1.28e-10
 3.63054e+16	4.16e-02	9.58e-01	1.40e-10
 3.63826e+16	4.49e-02	9.55e-01	1.58e-10
 3.64699e+16	4.94e-02	9.51e-01	1.78e-10
 3.65605e+16	5.46e-02	9.45e-01	2.04e-10
 3.66339e+16	5.96e-02	9.40e-01	2.28e-10
 3.66958e+16	6.42e-02	9.36e-01	2.55e-10
 3.67644e+16	7.02e-02	9.30e-01	2.89e-10
 3.68389e+16	7.75e-02	9.22e-01	3.31e-10
 3.69042e+16	8.49e-02	9.15e-01	3.72e-10
 3.69608e+16	9.18e-02	9.08e-01	4.20e-10
 3.70224e+16	1.01e-01	8.99e-01	4.76e-10
 3.70890e+16	1.11e-01	8.89e-01	5.49e-10
 3.71486e+16	1.22e-01	8.78e-01	6.20e-10
 3.72019e+16	1.32e-01	8.68e-01	7.01e-10
 3.72524e+16	1.43e-01	8.57e-01	7.84e-10
 3.73016e+16	1.55e-01	8.45e-01	8.70e-10
 3.73504e+16	1.68e-01	8.32e-01	9.71e-10
 3.73964e+16	1.81e-01	8.19e-01	1.08e-09
 3.74307e+16	1.91e-01	8.09e-01	1.16e-09
 3.74528e+16	1.98e-01	8.02e-01	1.22e-09
 3.74742e+16	2.06e-01	7.94e-01	1.27e-09
 3.74998e+16	2.15e-01	7.85e-01	1.34e-09
 3.75269e+16	2.25e-01	7.75e-01	1.42e-09
 3.75524e+16	2.34e-01	7.66e-01	1.51e-09
 3.75766e+16	2.44e-01	7.56e-01	1.59e-09
 3.76006e+16	2.53e-01	7.47e-01	1.67e-09
 3.76249e+16	2.64e-01	7.36e-01	1.75e-09
 3.76491e+16	2.74e-01	7.26e-01	1.85e-09
 3.76729e+16	2.85e-01	7.15e-01	1.94e-09
 3.76965e+16	2.96e-01	7.04e-01	2.04e-09
 3.77199e+16	3.08e-01	6.92e-01	2.14e-09
 3.77433e+16	3.19e-01	6.81e-01	2.24e-09
 3.77668e+16	3.31e-01	6.69e-01	2.35e-09
 3.77902e+16	3.44e-01	6.56e-01	2.46e-09
 3.78129e+16	3.56e-01	6.44e-01	2.57e-09
 3.78355e+16	3.69e-01	6.31e-01	2.68e-09
 3.78584e+16	3.82e-01	6.18e-01	2.79e-09
 3.78812e+16	3.96e-01	6.04e-01	2.91e-09
 3.79037e+16	4.09e-01	5.91e-01	3.02e-09
 3.79259e+16	4.23e-01	5.77e-01	3.15e-09
 3.79482e+16	4.37e-01	5.63e-01	3.27e-09
 3.79707e+16	4.51e-01	5.49e-01	3.39e-09
 3.79927e+16	4.65e-01	5.35e-01	3.51e-09
 3.80143e+16	4.79e-01	5.21e-01	3.63e-09
 3.80363e+16	4.94e-01	5.06e-01	3.75e-09
 3.80584e+16	5.09e-01	4.91e-01	3.87e-09
 3.80799e+16	5.23e-01	4.77e-01	3.99e-09
 3.81009e+16	5.37e-01	4.63e-01	4.11e-09
 3.81217e+16	5.52e-01	4.48e-01	4.22e-09
 3.81424e+16	5.66e-01	4.34e-01	4.32e-09
 3.81630e+16	5.80e-01	4.20e-01	4.43e-09
 3.81833e+16	5.94e-01	4.06e-01	4.54e-09
 3.82030e+16	6.07e-01	3.93e-01	4.64e-09
 3.82224e+16	6.21e-01	3.79e-01	4.72e-09
 3.82418e+16	6.34e-01	3.66e-01	4.82e-09
 3.82611e+16	6.47e-01	3.53e-01	4.91e-09
 3.82801e+16	6.59e-01	3.41e-01	4.99e-09
 3.82985e+16	6.72e-01	3.28e-01	5.06e-09
 3.83169e+16	6.84e-01	3.16e-01	5.14e-09
 3.83353e+16	6.95e-01	3.05e-01	5.21e-09
 3.83535e+16	7.07e-01	2.93e-01	5.28e-09
 3.83713e+16	7.18e-01	2.82e-01	5.35e-09
 3.83888e+16	7.29e-01	2.71e-01	5.39e-09
 3.84065e+16	7.39e-01	2.61e-01	5.44e-09
 3.84240e+16	7.49e-01	2.51e-01	5.49e-09
 3.84411e+16	7.59e-01	2.41e-01	5.54e-09
 3.84582e+16	7.69e-01	2.31e-01	5.58e-09
 3.84748e+16	7.78e-01	2.22e-01	5.61e-09
 3.84915e+16	7.87e-01	2.13e-01	5.65e-09
 3.85084e+16	7.96e-01	2.04e-01	5.66e-09
 3.85251e+16	8.04e-01	1.96e-01	5.69e-09
 3.85414e+16	8.12e-01	1.88e-01	5.71e-09
 3.85572e+16	8.20e-01	1.80e-01	5.73e-09
 3.85734e+16	8.28e-01	1.72e-01	5.74e-09
 3.85897e+16	8.35e-01	1.65e-01	5.74e-09
 3.86055e+16	8.42e-01	1.58e-01	5.75e-09
 3.86211e+16	8.49e-01	1.51e-01	5.76e-09
 3.86368e+16	8.55e-01	1.45e-01	5.75e-09
 3.86524e+16	8.61e-01	1.39e-01	5.75e-09
 3.86678e+16	8.67e-01	1.33e-01	5.74e-09
 3.86831e+16	8.73e-01	1.27e-01	5.70e-09
 3.86986e+16	8.79e-01	1.21e-01	5.69e-09
 3.87143e+16	8.84e-01	1.16e-01	5.68e-09
 3.87293e+16	8.89e-01	1.11e-01	5.66e-09
 3.87440e+16	8.94e-01	1.06e-01	5.67e-09
 3.87581e+16	8.98e-01	1.02e-01	5.66e-09
 3.87721e+16	9.02e-01	9.77e-02	5.63e-09
 3.87866e+16	9.07e-01	9.33e-02	5.59e-09
 3.88015e+16	9.11e-01	8.91e-02	5.56e-09
 3.88159e+16	9.15e-01	8.53e-02	5.54e-09
 3.88296e+16	9.18e-01	8.18e-02	5.51e-09
 3.88431e+16	9.22e-01	7.84e-02	5.47e-09
 3.88567e+16	9.25e-01	7.51e-02	5.44e-09
 3.88704e+16	9.28e-01	7.19e-02	5.40e-09
 3.88834e+16	9.31e-01	6.91e-02	5.38e-09
 3.88955e+16	9.34e-01	6.65e-02	5.34e-09
 3.89070e+16	9.36e-01	6.41e-02	5.30e-09
 3.89178e+16	9.38e-01	6.19e-02	5.27e-09
 3.89280e+16	9.40e-01	5.99e-02	5.23e-09
 3.89378e+16	9.42e-01	5.80e-02	5.19e-09
 3.89471e+16	9.44e-01	5.63e-02	5.14e-09
 3.89561e+16	9.45e-01	5.46e-02	5.10e-09
 3.89647e+16	9.47e-01	5.31e-02	5.06e-09
 3.89732e+16	9.48e-01	5.16e-02	5.01e-09
 3.89815e+16	9.50e-01	5.02e-02	4.97e-09
 3.89898e+16	9.51e-01	4.88e-02	4.92e-09
 3.89981e+16	9.53e-01	4.74e-02	4.86e-09
 3.90065e+16	9.54e-01	4.60e-02	4.81e-09
 3.90147e+16	9.55e-01	4.48e-02	4.75e-09
 3.90219e+16	9.56e-01	4.37e-02	4.70e-09
 3.90283e+16	9.57e-01	4.27e-02	4.64e-09
 3.90342e+16	9.58e-01	4.18e-02	4.58e-09
 3.90398e+16	9.59e-01	4.09e-02	4.53e-09
 3.90451e+16	9.60e-01	4.02e-02	4.48e-09
 3.90502e+16	9.61e-01	3.94e-02	4.42e-09
 3.90549e+16	9.61e-01	3.87e-02	4.37e-09
 3.90593e+16	9.62e-01	3.80e-02	4.31e-09
 3.90634e+16	9.63e-01	3.74e-02	4.26e-09
 3.90672e+16	9.63e-01	3.69e-02	4.22e-09
 3.90706e+16	9.64e-01	3.64e-02	4.17e-09
 3.90737e+16	9.64e-01	3.59e-02	4.13e-09
 3.90765e+16	9.65e-01	3.55e-02	4.09e-09
 3.90791e+16	9.65e-01	3.51e-02	4.05e-09
 3.90819e+16	9.65e-01	3.47e-02	4.01e-09
 3.90849e+16	9.66e-01	3.42e-02	3.97e-09
 3.90877e+16	9.66e-01	3.38e-02	3.93e-09
 3.90902e+16	9.67e-01	3.35e-02	3.90e-09
 3.90925e+16	9.67e-01	3.32e-02	3.87e-09
 3.90950e+16	9.67e-01	3.28e-02	3.83e-09
 3.90983e+16	9.68e-01	3.23e-02	3.78e-09
