#depth	O	O+	O+2	O+3	O+4	O+5	O+6	O+7	O+8	O[1]	O[2]	O[3]
 3.69394e+11	8.87e-06	1.57e-02	9.81e-01	3.12e-03	0.00e+00	0.00e+00	0.00e+00	0.00e+00	0.00e+00	6.00e-06	1.98e-06	8.95e-07
 2.21636e+12	8.87e-06	1.57e-02	9.81e-01	3.11e-03	0.00e+00	0.00e+00	0.00e+00	0.00e+00	0.00e+00	5.99e-06	1.98e-06	8.95e-07
 9.60424e+12	8.86e-06	1.57e-02	9.81e-01	3.07e-03	0.00e+00	0.00e+00	0.00e+00	0.00e+00	0.00e+00	5.99e-06	1.98e-06	8.95e-07
 3.91557e+13	8.88e-06	1.58e-02	9.81e-01	2.89e-03	0.00e+00	0.00e+00	0.00e+00	0.00e+00	0.00e+00	6.00e-06	1.98e-06	8.97e-07
 9.35305e+13	8.87e-06	1.58e-02	9.82e-01	2.66e-03	0.00e+00	0.00e+00	0.00e+00	0.00e+00	0.00e+00	5.99e-06	1.98e-06	8.97e-07
 1.64218e+14	8.88e-06	1.58e-02	9.82e-01	2.38e-03	0.00e+00	0.00e+00	0.00e+00	0.00e+00	0.00e+00	5.99e-06	1.99e-06	8.98e-07
 2.56111e+14	8.91e-06	1.59e-02	9.82e-01	2.06e-03	0.00e+00	0.00e+00	0.00e+00	0.00e+00	0.00e+00	6.01e-06	1.99e-06	9.01e-07
 3.75572e+14	8.95e-06	1.60e-02	9.82e-01	1.69e-03	0.00e+00	0.00e+00	0.00e+00	0.00e+00	0.00e+00	6.04e-06	2.00e-06	9.05e-07
 5.30872e+14	9.02e-06	1.61e-02	9.83e-01	1.30e-03	0.00e+00	0.00e+00	0.00e+00	0.00e+00	0.00e+00	6.09e-06	2.02e-06	9.12e-07
 7.32762e+14	9.12e-06	1.62e-02	9.83e-01	9.28e-04	0.00e+00	0.00e+00	0.00e+00	0.00e+00	0.00e+00	6.16e-06	2.04e-06	9.23e-07
 9.95218e+14	9.28e-06	1.64e-02	9.83e-01	5.95e-04	0.00e+00	0.00e+00	0.00e+00	0.00e+00	0.00e+00	6.26e-06	2.07e-06	9.39e-07
 1.33641e+15	9.50e-06	1.66e-02	9.83e-01	3.36e-04	0.00e+00	0.00e+00	0.00e+00	0.00e+00	0.00e+00	6.41e-06	2.12e-06	9.61e-07
 1.77996e+15	9.83e-06	1.70e-02	9.83e-01	1.64e-04	0.00e+00	0.00e+00	0.00e+00	0.00e+00	0.00e+00	6.64e-06	2.19e-06	9.94e-07
 2.35658e+15	1.03e-05	1.74e-02	9.83e-01	6.80e-05	0.00e+00	0.00e+00	0.00e+00	0.00e+00	0.00e+00	6.96e-06	2.30e-06	1.04e-06
 3.10618e+15	1.10e-05	1.80e-02	9.82e-01	2.57e-05	0.00e+00	0.00e+00	0.00e+00	0.00e+00	0.00e+00	7.42e-06	2.45e-06	1.11e-06
 4.08067e+15	1.20e-05	1.87e-02	9.81e-01	1.09e-05	0.00e+00	0.00e+00	0.00e+00	0.00e+00	0.00e+00	8.12e-06	2.68e-06	1.22e-06
 5.34749e+15	1.36e-05	1.98e-02	9.80e-01	6.60e-06	0.00e+00	0.00e+00	0.00e+00	0.00e+00	0.00e+00	9.20e-06	3.03e-06	1.38e-06
 6.99437e+15	1.62e-05	2.13e-02	9.79e-01	5.22e-06	0.00e+00	0.00e+00	0.00e+00	0.00e+00	0.00e+00	1.09e-05	3.60e-06	1.64e-06
 8.94594e+15	1.99e-05	2.33e-02	9.77e-01	4.40e-06	0.00e+00	0.00e+00	0.00e+00	0.00e+00	0.00e+00	1.35e-05	4.44e-06	2.02e-06
 1.09874e+16	2.52e-05	2.56e-02	9.74e-01	3.79e-06	0.00e+00	0.00e+00	0.00e+00	0.00e+00	0.00e+00	1.71e-05	5.61e-06	2.56e-06
 1.26085e+16	3.05e-05	2.77e-02	9.72e-01	3.39e-06	0.00e+00	0.00e+00	0.00e+00	0.00e+00	0.00e+00	2.06e-05	6.79e-06	3.09e-06
 1.38694e+16	3.61e-05	2.96e-02	9.70e-01	3.12e-06	0.00e+00	0.00e+00	0.00e+00	0.00e+00	0.00e+00	2.44e-05	8.05e-06	3.66e-06
 1.51036e+16	4.30e-05	3.16e-02	9.68e-01	2.88e-06	0.00e+00	0.00e+00	0.00e+00	0.00e+00	0.00e+00	2.90e-05	9.57e-06	4.36e-06
 1.61667e+16	5.03e-05	3.36e-02	9.66e-01	2.69e-06	0.00e+00	0.00e+00	0.00e+00	0.00e+00	0.00e+00	3.40e-05	1.12e-05	5.10e-06
 1.71153e+16	5.84e-05	3.57e-02	9.64e-01	2.54e-06	0.00e+00	0.00e+00	0.00e+00	0.00e+00	0.00e+00	3.94e-05	1.30e-05	5.92e-06
 1.80309e+16	6.78e-05	3.78e-02	9.62e-01	2.40e-06	0.00e+00	0.00e+00	0.00e+00	0.00e+00	0.00e+00	4.58e-05	1.51e-05	6.87e-06
 1.89320e+16	7.93e-05	4.03e-02	9.60e-01	2.26e-06	0.00e+00	0.00e+00	0.00e+00	0.00e+00	0.00e+00	5.35e-05	1.77e-05	8.03e-06
 1.97951e+16	9.26e-05	4.29e-02	9.57e-01	2.13e-06	0.00e+00	0.00e+00	0.00e+00	0.00e+00	0.00e+00	6.25e-05	2.07e-05	9.38e-06
 2.06057e+16	1.08e-04	4.57e-02	9.54e-01	2.01e-06	0.00e+00	0.00e+00	0.00e+00	0.00e+00	0.00e+00	7.31e-05	2.43e-05	1.10e-05
 2.13685e+16	1.26e-04	4.86e-02	9.51e-01	1.91e-06	0.00e+00	0.00e+00	0.00e+00	0.00e+00	0.00e+00	8.51e-05	2.83e-05	1.28e-05
 2.20968e+16	1.47e-04	5.18e-02	9.48e-01	1.81e-06	0.00e+00	0.00e+00	0.00e+00	0.00e+00	0.00e+00	9.92e-05	3.30e-05	1.49e-05
 2.28013e+16	1.72e-04	5.53e-02	9.45e-01	1.71e-06	0.00e+00	0.00e+00	0.00e+00	0.00e+00	0.00e+00	1.16e-04	3.86e-05	1.74e-05
 2.34800e+16	2.02e-04	5.92e-02	9.41e-01	1.61e-06	0.00e+00	0.00e+00	0.00e+00	0.00e+00	0.00e+00	1.36e-04	4.53e-05	2.04e-05
 2.41263e+16	2.36e-04	6.33e-02	9.36e-01	1.52e-06	0.00e+00	0.00e+00	0.00e+00	0.00e+00	0.00e+00	1.59e-04	5.31e-05	2.39e-05
 2.47443e+16	2.76e-04	6.79e-02	9.32e-01	1.43e-06	0.00e+00	0.00e+00	0.00e+00	0.00e+00	0.00e+00	1.86e-04	6.23e-05	2.79e-05
 2.53414e+16	3.25e-04	7.29e-02	9.27e-01	1.35e-06	0.00e+00	0.00e+00	0.00e+00	0.00e+00	0.00e+00	2.19e-04	7.33e-05	3.28e-05
 2.59154e+16	3.82e-04	7.83e-02	9.21e-01	1.26e-06	0.00e+00	0.00e+00	0.00e+00	0.00e+00	0.00e+00	2.57e-04	8.63e-05	3.86e-05
 2.64672e+16	4.50e-04	8.43e-02	9.15e-01	1.18e-06	0.00e+00	0.00e+00	0.00e+00	0.00e+00	0.00e+00	3.03e-04	1.02e-04	4.55e-05
 2.70011e+16	5.32e-04	9.10e-02	9.08e-01	1.10e-06	0.00e+00	0.00e+00	0.00e+00	0.00e+00	0.00e+00	3.58e-04	1.20e-04	5.37e-05
 2.75165e+16	6.30e-04	9.84e-02	9.01e-01	1.03e-06	0.00e+00	0.00e+00	0.00e+00	0.00e+00	0.00e+00	4.24e-04	1.42e-04	6.36e-05
 2.80153e+16	7.48e-04	1.07e-01	8.93e-01	9.49e-07	0.00e+00	0.00e+00	0.00e+00	0.00e+00	0.00e+00	5.03e-04	1.69e-04	7.54e-05
 2.84993e+16	8.91e-04	1.16e-01	8.83e-01	8.77e-07	0.00e+00	0.00e+00	0.00e+00	0.00e+00	0.00e+00	6.00e-04	2.01e-04	8.98e-05
 2.89653e+16	1.06e-03	1.26e-01	8.73e-01	8.04e-07	0.00e+00	0.00e+00	0.00e+00	0.00e+00	0.00e+00	7.16e-04	2.41e-04	1.07e-04
 2.94145e+16	1.27e-03	1.37e-01	8.62e-01	7.39e-07	0.00e+00	0.00e+00	0.00e+00	0.00e+00	0.00e+00	8.57e-04	2.87e-04	1.28e-04
 2.98532e+16	1.53e-03	1.50e-01	8.49e-01	6.72e-07	0.00e+00	0.00e+00	0.00e+00	0.00e+00	0.00e+00	1.03e-03	3.46e-04	1.54e-04
 3.02821e+16	1.85e-03	1.64e-01	8.34e-01	6.07e-07	0.00e+00	0.00e+00	0.00e+00	0.00e+00	0.00e+00	1.25e-03	4.18e-04	1.86e-04
 3.06956e+16	2.24e-03	1.80e-01	8.18e-01	5.46e-07	0.00e+00	0.00e+00	0.00e+00	0.00e+00	0.00e+00	1.51e-03	5.06e-04	2.25e-04
 3.10887e+16	2.72e-03	1.97e-01	8.00e-01	4.90e-07	0.00e+00	0.00e+00	0.00e+00	0.00e+00	0.00e+00	1.83e-03	6.13e-04	2.73e-04
 3.14600e+16	3.29e-03	2.16e-01	7.81e-01	4.36e-07	0.00e+00	0.00e+00	0.00e+00	0.00e+00	0.00e+00	2.22e-03	7.43e-04	3.31e-04
 3.18100e+16	3.98e-03	2.36e-01	7.60e-01	3.86e-07	0.00e+00	0.00e+00	0.00e+00	0.00e+00	0.00e+00	2.68e-03	8.98e-04	3.99e-04
 3.21419e+16	4.81e-03	2.58e-01	7.37e-01	3.39e-07	0.00e+00	0.00e+00	0.00e+00	0.00e+00	0.00e+00	3.24e-03	1.08e-03	4.82e-04
 3.24599e+16	5.83e-03	2.83e-01	7.12e-01	2.97e-07	0.00e+00	0.00e+00	0.00e+00	0.00e+00	0.00e+00	3.93e-03	1.31e-03	5.84e-04
 3.27634e+16	7.05e-03	3.09e-01	6.84e-01	2.58e-07	0.00e+00	0.00e+00	0.00e+00	0.00e+00	0.00e+00	4.75e-03	1.59e-03	7.06e-04
 3.30521e+16	8.52e-03	3.37e-01	6.55e-01	2.22e-07	0.00e+00	0.00e+00	0.00e+00	0.00e+00	0.00e+00	5.75e-03	1.92e-03	8.52e-04
 3.33280e+16	1.03e-02	3.66e-01	6.23e-01	1.89e-07	0.00e+00	0.00e+00	0.00e+00	0.00e+00	0.00e+00	6.95e-03	2.31e-03	1.03e-03
 3.35925e+16	1.24e-02	3.98e-01	5.90e-01	1.60e-07	0.00e+00	0.00e+00	0.00e+00	0.00e+00	0.00e+00	8.40e-03	2.80e-03	1.24e-03
 3.38462e+16	1.51e-02	4.31e-01	5.54e-01	1.33e-07	0.00e+00	0.00e+00	0.00e+00	0.00e+00	0.00e+00	1.02e-02	3.38e-03	1.50e-03
 3.40888e+16	1.82e-02	4.66e-01	5.15e-01	0.00e+00	0.00e+00	0.00e+00	0.00e+00	0.00e+00	0.00e+00	1.23e-02	4.09e-03	1.82e-03
 3.43196e+16	2.21e-02	5.02e-01	4.76e-01	0.00e+00	0.00e+00	0.00e+00	0.00e+00	0.00e+00	0.00e+00	1.49e-02	4.94e-03	2.20e-03
 3.45388e+16	2.66e-02	5.39e-01	4.35e-01	0.00e+00	0.00e+00	0.00e+00	0.00e+00	0.00e+00	0.00e+00	1.80e-02	5.96e-03	2.65e-03
 3.47490e+16	3.21e-02	5.75e-01	3.93e-01	0.00e+00	0.00e+00	0.00e+00	0.00e+00	0.00e+00	0.00e+00	2.17e-02	7.18e-03	3.20e-03
 3.49525e+16	3.88e-02	6.11e-01	3.51e-01	0.00e+00	0.00e+00	0.00e+00	0.00e+00	0.00e+00	0.00e+00	2.62e-02	8.65e-03	3.86e-03
 3.51493e+16	4.68e-02	6.45e-01	3.08e-01	0.00e+00	0.00e+00	0.00e+00	0.00e+00	0.00e+00	0.00e+00	3.17e-02	1.04e-02	4.66e-03
 3.53396e+16	5.66e-02	6.77e-01	2.66e-01	0.00e+00	0.00e+00	0.00e+00	0.00e+00	0.00e+00	0.00e+00	3.83e-02	1.26e-02	5.62e-03
 3.55230e+16	6.84e-02	7.06e-01	2.26e-01	0.00e+00	0.00e+00	0.00e+00	0.00e+00	0.00e+00	0.00e+00	4.64e-02	1.51e-02	6.79e-03
 3.56986e+16	8.24e-02	7.29e-01	1.88e-01	0.00e+00	0.00e+00	0.00e+00	0.00e+00	0.00e+00	0.00e+00	5.60e-02	1.82e-02	8.18e-03
 3.58425e+16	9.66e-02	7.45e-01	1.59e-01	0.00e+00	0.00e+00	0.00e+00	0.00e+00	0.00e+00	0.00e+00	6.57e-02	2.13e-02	9.58e-03
 3.59444e+16	1.08e-01	7.53e-01	1.39e-01	0.00e+00	0.00e+00	0.00e+00	0.00e+00	0.00e+00	0.00e+00	7.38e-02	2.38e-02	1.08e-02
 3.60456e+16	1.22e-01	7.59e-01	1.19e-01	0.00e+00	0.00e+00	0.00e+00	0.00e+00	0.00e+00	0.00e+00	8.32e-02	2.67e-02	1.21e-02
 3.61565e+16	1.39e-01	7.61e-01	1.00e-01	0.00e+00	0.00e+00	0.00e+00	0.00e+00	0.00e+00	0.00e+00	9.46e-02	3.02e-02	1.37e-02
 3.62548e+16	1.56e-01	7.60e-01	8.47e-02	0.00e+00	0.00e+00	0.00e+00	0.00e+00	0.00e+00	0.00e+00	1.06e-01	3.37e-02	1.54e-02
 3.63386e+16	1.72e-01	7.55e-01	7.23e-02	0.00e+00	0.00e+00	0.00e+00	0.00e+00	0.00e+00	0.00e+00	1.18e-01	3.72e-02	1.70e-02
 3.64157e+16	1.88e-01	7.49e-01	6.21e-02	0.00e+00	0.00e+00	0.00e+00	0.00e+00	0.00e+00	0.00e+00	1.29e-01	4.05e-02	1.86e-02
 3.65027e+16	2.10e-01	7.39e-01	5.14e-02	0.00e+00	0.00e+00	0.00e+00	0.00e+00	0.00e+00	0.00e+00	1.44e-01	4.47e-02	2.06e-02
 3.65931e+16	2.34e-01	7.24e-01	4.17e-02	0.00e+00	0.00e+00	0.00e+00	0.00e+00	0.00e+00	0.00e+00	1.61e-01	4.96e-02	2.30e-02
 3.66663e+16	2.56e-01	7.09e-01	3.48e-02	0.00e+00	0.00e+00	0.00e+00	0.00e+00	0.00e+00	0.00e+00	1.77e-01	5.38e-02	2.51e-02
 3.67283e+16	2.75e-01	6.95e-01	2.96e-02	0.00e+00	0.00e+00	0.00e+00	0.00e+00	0.00e+00	0.00e+00	1.91e-01	5.75e-02	2.69e-02
 3.67968e+16	2.99e-01	6.77e-01	2.44e-02	0.00e+00	0.00e+00	0.00e+00	0.00e+00	0.00e+00	0.00e+00	2.08e-01	6.20e-02	2.92e-02
 3.68711e+16	3.27e-01	6.54e-01	1.97e-02	0.00e+00	0.00e+00	0.00e+00	0.00e+00	0.00e+00	0.00e+00	2.28e-01	6.70e-02	3.18e-02
 3.69364e+16	3.53e-01	6.31e-01	1.60e-02	0.00e+00	0.00e+00	0.00e+00	0.00e+00	0.00e+00	0.00e+00	2.47e-01	7.17e-02	3.42e-02
 3.69929e+16	3.76e-01	6.11e-01	1.34e-02	0.00e+00	0.00e+00	0.00e+00	0.00e+00	0.00e+00	0.00e+00	2.64e-01	7.56e-02	3.63e-02
 3.70543e+16	4.03e-01	5.86e-01	1.08e-02	0.00e+00	0.00e+00	0.00e+00	0.00e+00	0.00e+00	0.00e+00	2.84e-01	8.02e-02	3.88e-02
 3.71208e+16	4.33e-01	5.58e-01	8.52e-03	0.00e+00	0.00e+00	0.00e+00	0.00e+00	0.00e+00	0.00e+00	3.07e-01	8.50e-02	4.15e-02
 3.71803e+16	4.62e-01	5.31e-01	6.80e-03	0.00e+00	0.00e+00	0.00e+00	0.00e+00	0.00e+00	0.00e+00	3.29e-01	8.94e-02	4.40e-02
 3.72336e+16	4.87e-01	5.07e-01	5.53e-03	0.00e+00	0.00e+00	0.00e+00	0.00e+00	0.00e+00	0.00e+00	3.48e-01	9.30e-02	4.62e-02
 3.72840e+16	5.12e-01	4.83e-01	4.51e-03	0.00e+00	0.00e+00	0.00e+00	0.00e+00	0.00e+00	0.00e+00	3.67e-01	9.63e-02	4.82e-02
 3.73331e+16	5.37e-01	4.59e-01	3.67e-03	0.00e+00	0.00e+00	0.00e+00	0.00e+00	0.00e+00	0.00e+00	3.87e-01	9.95e-02	5.03e-02
 3.73817e+16	5.61e-01	4.36e-01	2.97e-03	0.00e+00	0.00e+00	0.00e+00	0.00e+00	0.00e+00	0.00e+00	4.07e-01	1.02e-01	5.22e-02
 3.74267e+16	5.84e-01	4.14e-01	2.43e-03	0.00e+00	0.00e+00	0.00e+00	0.00e+00	0.00e+00	0.00e+00	4.25e-01	1.05e-01	5.39e-02
 3.74594e+16	5.99e-01	3.99e-01	2.11e-03	0.00e+00	0.00e+00	0.00e+00	0.00e+00	0.00e+00	0.00e+00	4.38e-01	1.06e-01	5.50e-02
 3.74811e+16	6.09e-01	3.89e-01	1.92e-03	0.00e+00	0.00e+00	0.00e+00	0.00e+00	0.00e+00	0.00e+00	4.46e-01	1.07e-01	5.57e-02
 3.75031e+16	6.20e-01	3.78e-01	1.73e-03	0.00e+00	0.00e+00	0.00e+00	0.00e+00	0.00e+00	0.00e+00	4.56e-01	1.08e-01	5.64e-02
 3.75292e+16	6.33e-01	3.66e-01	1.52e-03	0.00e+00	0.00e+00	0.00e+00	0.00e+00	0.00e+00	0.00e+00	4.67e-01	1.09e-01	5.73e-02
 3.75562e+16	6.46e-01	3.53e-01	1.34e-03	0.00e+00	0.00e+00	0.00e+00	0.00e+00	0.00e+00	0.00e+00	4.78e-01	1.10e-01	5.81e-02
 3.75813e+16	6.58e-01	3.41e-01	1.18e-03	0.00e+00	0.00e+00	0.00e+00	0.00e+00	0.00e+00	0.00e+00	4.88e-01	1.11e-01	5.89e-02
 3.76055e+16	6.69e-01	3.30e-01	1.05e-03	0.00e+00	0.00e+00	0.00e+00	0.00e+00	0.00e+00	0.00e+00	4.98e-01	1.11e-01	5.96e-02
 3.76296e+16	6.80e-01	3.19e-01	9.28e-04	0.00e+00	0.00e+00	0.00e+00	0.00e+00	0.00e+00	0.00e+00	5.08e-01	1.12e-01	6.02e-02
 3.76539e+16	6.92e-01	3.07e-01	8.18e-04	0.00e+00	0.00e+00	0.00e+00	0.00e+00	0.00e+00	0.00e+00	5.19e-01	1.12e-01	6.08e-02
 3.76780e+16	7.03e-01	2.96e-01	7.22e-04	0.00e+00	0.00e+00	0.00e+00	0.00e+00	0.00e+00	0.00e+00	5.29e-01	1.13e-01	6.14e-02
 3.77017e+16	7.14e-01	2.86e-01	6.36e-04	0.00e+00	0.00e+00	0.00e+00	0.00e+00	0.00e+00	0.00e+00	5.39e-01	1.13e-01	6.19e-02
 3.77254e+16	7.24e-01	2.75e-01	5.61e-04	0.00e+00	0.00e+00	0.00e+00	0.00e+00	0.00e+00	0.00e+00	5.48e-01	1.13e-01	6.24e-02
 3.77490e+16	7.34e-01	2.65e-01	4.93e-04	0.00e+00	0.00e+00	0.00e+00	0.00e+00	0.00e+00	0.00e+00	5.58e-01	1.13e-01	6.29e-02
 3.77727e+16	7.45e-01	2.55e-01	4.33e-04	0.00e+00	0.00e+00	0.00e+00	0.00e+00	0.00e+00	0.00e+00	5.68e-01	1.13e-01	6.33e-02
 3.77958e+16	7.54e-01	2.45e-01	3.81e-04	0.00e+00	0.00e+00	0.00e+00	0.00e+00	0.00e+00	0.00e+00	5.77e-01	1.13e-01	6.36e-02
 3.78185e+16	7.64e-01	2.36e-01	3.35e-04	0.00e+00	0.00e+00	0.00e+00	0.00e+00	0.00e+00	0.00e+00	5.86e-01	1.13e-01	6.39e-02
 3.78417e+16	7.73e-01	2.27e-01	2.94e-04	0.00e+00	0.00e+00	0.00e+00	0.00e+00	0.00e+00	0.00e+00	5.96e-01	1.13e-01	6.42e-02
 3.78646e+16	7.82e-01	2.18e-01	2.57e-04	0.00e+00	0.00e+00	0.00e+00	0.00e+00	0.00e+00	0.00e+00	6.05e-01	1.13e-01	6.44e-02
 3.78874e+16	7.91e-01	2.09e-01	2.25e-04	0.00e+00	0.00e+00	0.00e+00	0.00e+00	0.00e+00	0.00e+00	6.14e-01	1.12e-01	6.45e-02
 3.79101e+16	7.99e-01	2.01e-01	1.97e-04	0.00e+00	0.00e+00	0.00e+00	0.00e+00	0.00e+00	0.00e+00	6.23e-01	1.12e-01	6.47e-02
 3.79324e+16	8.07e-01	1.92e-01	1.73e-04	0.00e+00	0.00e+00	0.00e+00	0.00e+00	0.00e+00	0.00e+00	6.31e-01	1.11e-01	6.48e-02
 3.79546e+16	8.15e-01	1.85e-01	1.51e-04	0.00e+00	0.00e+00	0.00e+00	0.00e+00	0.00e+00	0.00e+00	6.39e-01	1.11e-01	6.48e-02
 3.79770e+16	8.23e-01	1.77e-01	1.32e-04	0.00e+00	0.00e+00	0.00e+00	0.00e+00	0.00e+00	0.00e+00	6.48e-01	1.10e-01	6.48e-02
 3.79992e+16	8.30e-01	1.70e-01	1.15e-04	0.00e+00	0.00e+00	0.00e+00	0.00e+00	0.00e+00	0.00e+00	6.56e-01	1.10e-01	6.48e-02
 3.80212e+16	8.38e-01	1.62e-01	1.00e-04	0.00e+00	0.00e+00	0.00e+00	0.00e+00	0.00e+00	0.00e+00	6.64e-01	1.09e-01	6.48e-02
 3.80433e+16	8.45e-01	1.55e-01	8.73e-05	0.00e+00	0.00e+00	0.00e+00	0.00e+00	0.00e+00	0.00e+00	6.72e-01	1.08e-01	6.47e-02
 3.80649e+16	8.51e-01	1.49e-01	7.63e-05	0.00e+00	0.00e+00	0.00e+00	0.00e+00	0.00e+00	0.00e+00	6.79e-01	1.08e-01	6.46e-02
 3.80863e+16	8.57e-01	1.42e-01	6.66e-05	0.00e+00	0.00e+00	0.00e+00	0.00e+00	0.00e+00	0.00e+00	6.86e-01	1.07e-01	6.44e-02
 3.81079e+16	8.64e-01	1.36e-01	5.79e-05	0.00e+00	0.00e+00	0.00e+00	0.00e+00	0.00e+00	0.00e+00	6.94e-01	1.06e-01	6.42e-02
 3.81293e+16	8.70e-01	1.30e-01	5.05e-05	0.00e+00	0.00e+00	0.00e+00	0.00e+00	0.00e+00	0.00e+00	7.00e-01	1.05e-01	6.40e-02
 3.81499e+16	8.75e-01	1.25e-01	4.41e-05	0.00e+00	0.00e+00	0.00e+00	0.00e+00	0.00e+00	0.00e+00	7.07e-01	1.04e-01	6.38e-02
 3.81702e+16	8.80e-01	1.20e-01	3.86e-05	0.00e+00	0.00e+00	0.00e+00	0.00e+00	0.00e+00	0.00e+00	7.13e-01	1.04e-01	6.36e-02
 3.81908e+16	8.86e-01	1.14e-01	3.37e-05	0.00e+00	0.00e+00	0.00e+00	0.00e+00	0.00e+00	0.00e+00	7.19e-01	1.03e-01	6.33e-02
 3.82113e+16	8.91e-01	1.09e-01	2.94e-05	0.00e+00	0.00e+00	0.00e+00	0.00e+00	0.00e+00	0.00e+00	7.26e-01	1.02e-01	6.31e-02
 3.82313e+16	8.95e-01	1.05e-01	2.57e-05	0.00e+00	0.00e+00	0.00e+00	0.00e+00	0.00e+00	0.00e+00	7.31e-01	1.01e-01	6.28e-02
 3.82506e+16	8.99e-01	1.00e-01	2.26e-05	0.00e+00	0.00e+00	0.00e+00	0.00e+00	0.00e+00	0.00e+00	7.37e-01	1.00e-01	6.25e-02
 3.82698e+16	9.04e-01	9.63e-02	1.99e-05	0.00e+00	0.00e+00	0.00e+00	0.00e+00	0.00e+00	0.00e+00	7.42e-01	9.94e-02	6.22e-02
 3.82890e+16	9.08e-01	9.23e-02	1.74e-05	0.00e+00	0.00e+00	0.00e+00	0.00e+00	0.00e+00	0.00e+00	7.47e-01	9.86e-02	6.19e-02
 3.83080e+16	9.12e-01	8.85e-02	1.53e-05	0.00e+00	0.00e+00	0.00e+00	0.00e+00	0.00e+00	0.00e+00	7.52e-01	9.78e-02	6.16e-02
 3.83267e+16	9.15e-01	8.48e-02	1.34e-05	0.00e+00	0.00e+00	0.00e+00	0.00e+00	0.00e+00	0.00e+00	7.57e-01	9.70e-02	6.13e-02
 3.83452e+16	9.19e-01	8.14e-02	1.18e-05	0.00e+00	0.00e+00	0.00e+00	0.00e+00	0.00e+00	0.00e+00	7.61e-01	9.63e-02	6.10e-02
 3.83634e+16	9.22e-01	7.80e-02	1.04e-05	0.00e+00	0.00e+00	0.00e+00	0.00e+00	0.00e+00	0.00e+00	7.66e-01	9.55e-02	6.06e-02
 3.83816e+16	9.25e-01	7.49e-02	9.19e-06	0.00e+00	0.00e+00	0.00e+00	0.00e+00	0.00e+00	0.00e+00	7.70e-01	9.48e-02	6.03e-02
 3.83995e+16	9.28e-01	7.18e-02	8.10e-06	0.00e+00	0.00e+00	0.00e+00	0.00e+00	0.00e+00	0.00e+00	7.74e-01	9.40e-02	6.00e-02
 3.84170e+16	9.31e-01	6.89e-02	7.17e-06	0.00e+00	0.00e+00	0.00e+00	0.00e+00	0.00e+00	0.00e+00	7.78e-01	9.33e-02	5.97e-02
 3.84344e+16	9.34e-01	6.63e-02	6.34e-06	0.00e+00	0.00e+00	0.00e+00	0.00e+00	0.00e+00	0.00e+00	7.82e-01	9.26e-02	5.94e-02
 3.84519e+16	9.36e-01	6.36e-02	5.60e-06	0.00e+00	0.00e+00	0.00e+00	0.00e+00	0.00e+00	0.00e+00	7.85e-01	9.19e-02	5.90e-02
 3.84694e+16	9.39e-01	6.10e-02	4.94e-06	0.00e+00	0.00e+00	0.00e+00	0.00e+00	0.00e+00	0.00e+00	7.89e-01	9.12e-02	5.87e-02
 3.84865e+16	9.41e-01	5.85e-02	4.37e-06	0.00e+00	0.00e+00	0.00e+00	0.00e+00	0.00e+00	0.00e+00	7.93e-01	9.05e-02	5.83e-02
 3.85031e+16	9.44e-01	5.63e-02	3.89e-06	0.00e+00	0.00e+00	0.00e+00	0.00e+00	0.00e+00	0.00e+00	7.96e-01	8.99e-02	5.79e-02
 3.85200e+16	9.46e-01	5.41e-02	3.44e-06	0.00e+00	0.00e+00	0.00e+00	0.00e+00	0.00e+00	0.00e+00	7.99e-01	8.92e-02	5.76e-02
 3.85369e+16	9.48e-01	5.18e-02	3.04e-06	0.00e+00	0.00e+00	0.00e+00	0.00e+00	0.00e+00	0.00e+00	8.02e-01	8.86e-02	5.72e-02
 3.85532e+16	9.50e-01	4.98e-02	2.71e-06	0.00e+00	0.00e+00	0.00e+00	0.00e+00	0.00e+00	0.00e+00	8.05e-01	8.80e-02	5.69e-02
 3.85694e+16	9.52e-01	4.80e-02	2.41e-06	0.00e+00	0.00e+00	0.00e+00	0.00e+00	0.00e+00	0.00e+00	8.08e-01	8.74e-02	5.66e-02
 3.85860e+16	9.54e-01	4.61e-02	2.13e-06	0.00e+00	0.00e+00	0.00e+00	0.00e+00	0.00e+00	0.00e+00	8.11e-01	8.68e-02	5.62e-02
 3.86025e+16	9.56e-01	4.42e-02	1.89e-06	0.00e+00	0.00e+00	0.00e+00	0.00e+00	0.00e+00	0.00e+00	8.14e-01	8.62e-02	5.59e-02
 3.86181e+16	9.58e-01	4.25e-02	1.69e-06	0.00e+00	0.00e+00	0.00e+00	0.00e+00	0.00e+00	0.00e+00	8.16e-01	8.57e-02	5.56e-02
 3.86337e+16	9.59e-01	4.09e-02	1.51e-06	0.00e+00	0.00e+00	0.00e+00	0.00e+00	0.00e+00	0.00e+00	8.19e-01	8.52e-02	5.53e-02
 3.86500e+16	9.61e-01	3.93e-02	1.34e-06	0.00e+00	0.00e+00	0.00e+00	0.00e+00	0.00e+00	0.00e+00	8.21e-01	8.46e-02	5.50e-02
 3.86661e+16	9.62e-01	3.77e-02	1.19e-06	0.00e+00	0.00e+00	0.00e+00	0.00e+00	0.00e+00	0.00e+00	8.24e-01	8.41e-02	5.47e-02
 3.86813e+16	9.64e-01	3.63e-02	1.06e-06	0.00e+00	0.00e+00	0.00e+00	0.00e+00	0.00e+00	0.00e+00	8.26e-01	8.36e-02	5.44e-02
 3.86964e+16	9.65e-01	3.49e-02	9.51e-07	0.00e+00	0.00e+00	0.00e+00	0.00e+00	0.00e+00	0.00e+00	8.28e-01	8.32e-02	5.41e-02
 3.87119e+16	9.67e-01	3.35e-02	8.47e-07	0.00e+00	0.00e+00	0.00e+00	0.00e+00	0.00e+00	0.00e+00	8.30e-01	8.27e-02	5.38e-02
 3.87278e+16	9.68e-01	3.21e-02	7.52e-07	0.00e+00	0.00e+00	0.00e+00	0.00e+00	0.00e+00	0.00e+00	8.32e-01	8.22e-02	5.35e-02
 3.87435e+16	9.69e-01	3.08e-02	6.69e-07	0.00e+00	0.00e+00	0.00e+00	0.00e+00	0.00e+00	0.00e+00	8.34e-01	8.18e-02	5.33e-02
 3.87585e+16	9.70e-01	2.96e-02	5.99e-07	0.00e+00	0.00e+00	0.00e+00	0.00e+00	0.00e+00	0.00e+00	8.36e-01	8.14e-02	5.30e-02
 3.87732e+16	9.71e-01	2.85e-02	5.38e-07	0.00e+00	0.00e+00	0.00e+00	0.00e+00	0.00e+00	0.00e+00	8.38e-01	8.10e-02	5.28e-02
 3.87875e+16	9.73e-01	2.75e-02	4.84e-07	0.00e+00	0.00e+00	0.00e+00	0.00e+00	0.00e+00	0.00e+00	8.39e-01	8.06e-02	5.25e-02
 3.88016e+16	9.74e-01	2.65e-02	4.35e-07	0.00e+00	0.00e+00	0.00e+00	0.00e+00	0.00e+00	0.00e+00	8.41e-01	8.02e-02	5.23e-02
 3.88161e+16	9.75e-01	2.54e-02	3.90e-07	0.00e+00	0.00e+00	0.00e+00	0.00e+00	0.00e+00	0.00e+00	8.43e-01	7.98e-02	5.21e-02
 3.88310e+16	9.76e-01	2.44e-02	3.49e-07	0.00e+00	0.00e+00	0.00e+00	0.00e+00	0.00e+00	0.00e+00	8.44e-01	7.94e-02	5.18e-02
 3.88455e+16	9.77e-01	2.33e-02	3.12e-07	0.00e+00	0.00e+00	0.00e+00	0.00e+00	0.00e+00	0.00e+00	8.46e-01	7.90e-02	5.16e-02
 3.88593e+16	9.78e-01	2.25e-02	2.82e-07	0.00e+00	0.00e+00	0.00e+00	0.00e+00	0.00e+00	0.00e+00	8.47e-01	7.87e-02	5.14e-02
 3.88729e+16	9.78e-01	2.16e-02	2.54e-07	0.00e+00	0.00e+00	0.00e+00	0.00e+00	0.00e+00	0.00e+00	8.49e-01	7.84e-02	5.12e-02
 3.88867e+16	9.79e-01	2.07e-02	2.29e-07	0.00e+00	0.00e+00	0.00e+00	0.00e+00	0.00e+00	0.00e+00	8.50e-01	7.80e-02	5.09e-02
 3.89004e+16	9.80e-01	1.99e-02	2.06e-07	0.00e+00	0.00e+00	0.00e+00	0.00e+00	0.00e+00	0.00e+00	8.52e-01	7.77e-02	5.07e-02
 3.89136e+16	9.81e-01	1.91e-02	1.87e-07	0.00e+00	0.00e+00	0.00e+00	0.00e+00	0.00e+00	0.00e+00	8.53e-01	7.74e-02	5.05e-02
 3.89262e+16	9.82e-01	1.83e-02	1.69e-07	0.00e+00	0.00e+00	0.00e+00	0.00e+00	0.00e+00	0.00e+00	8.54e-01	7.71e-02	5.03e-02
 3.89383e+16	9.82e-01	1.76e-02	1.55e-07	0.00e+00	0.00e+00	0.00e+00	0.00e+00	0.00e+00	0.00e+00	8.56e-01	7.68e-02	5.01e-02
 3.89494e+16	9.83e-01	1.70e-02	1.42e-07	0.00e+00	0.00e+00	0.00e+00	0.00e+00	0.00e+00	0.00e+00	8.57e-01	7.65e-02	4.99e-02
 3.89599e+16	9.84e-01	1.65e-02	1.31e-07	0.00e+00	0.00e+00	0.00e+00	0.00e+00	0.00e+00	0.00e+00	8.58e-01	7.62e-02	4.97e-02
 3.89699e+16	9.84e-01	1.59e-02	1.22e-07	0.00e+00	0.00e+00	0.00e+00	0.00e+00	0.00e+00	0.00e+00	8.59e-01	7.60e-02	4.96e-02
 3.89794e+16	9.85e-01	1.54e-02	1.13e-07	0.00e+00	0.00e+00	0.00e+00	0.00e+00	0.00e+00	0.00e+00	8.60e-01	7.57e-02	4.94e-02
 3.89885e+16	9.85e-01	1.49e-02	1.06e-07	0.00e+00	0.00e+00	0.00e+00	0.00e+00	0.00e+00	0.00e+00	8.60e-01	7.54e-02	4.92e-02
 3.89973e+16	9.86e-01	1.44e-02	9.87e-08	0.00e+00	0.00e+00	0.00e+00	0.00e+00	0.00e+00	0.00e+00	8.61e-01	7.52e-02	4.90e-02
 3.90059e+16	9.86e-01	1.40e-02	9.24e-08	0.00e+00	0.00e+00	0.00e+00	0.00e+00	0.00e+00	0.00e+00	8.62e-01	7.49e-02	4.89e-02
 3.90143e+16	9.86e-01	1.35e-02	8.66e-08	0.00e+00	0.00e+00	0.00e+00	0.00e+00	0.00e+00	0.00e+00	8.63e-01	7.47e-02	4.87e-02
 3.90226e+16	9.87e-01	1.31e-02	8.12e-08	0.00e+00	0.00e+00	0.00e+00	0.00e+00	0.00e+00	0.00e+00	8.64e-01	7.44e-02	4.85e-02
 3.90309e+16	9.87e-01	1.27e-02	7.60e-08	0.00e+00	0.00e+00	0.00e+00	0.00e+00	0.00e+00	0.00e+00	8.65e-01	7.42e-02	4.83e-02
 3.90395e+16	9.88e-01	1.22e-02	7.10e-08	0.00e+00	0.00e+00	0.00e+00	0.00e+00	0.00e+00	0.00e+00	8.66e-01	7.39e-02	4.81e-02
 3.90478e+16	9.88e-01	1.17e-02	6.65e-08	0.00e+00	0.00e+00	0.00e+00	0.00e+00	0.00e+00	0.00e+00	8.67e-01	7.36e-02	4.79e-02
 3.90553e+16	9.89e-01	1.13e-02	6.27e-08	0.00e+00	0.00e+00	0.00e+00	0.00e+00	0.00e+00	0.00e+00	8.68e-01	7.33e-02	4.77e-02
 3.90620e+16	9.89e-01	1.10e-02	5.95e-08	0.00e+00	0.00e+00	0.00e+00	0.00e+00	0.00e+00	0.00e+00	8.69e-01	7.30e-02	4.75e-02
 3.90680e+16	9.89e-01	1.07e-02	5.67e-08	0.00e+00	0.00e+00	0.00e+00	0.00e+00	0.00e+00	0.00e+00	8.69e-01	7.28e-02	4.73e-02
 3.90738e+16	9.90e-01	1.04e-02	5.42e-08	0.00e+00	0.00e+00	0.00e+00	0.00e+00	0.00e+00	0.00e+00	8.70e-01	7.25e-02	4.71e-02
 3.90793e+16	9.90e-01	1.01e-02	5.19e-08	0.00e+00	0.00e+00	0.00e+00	0.00e+00	0.00e+00	0.00e+00	8.71e-01	7.23e-02	4.69e-02
 3.90845e+16	9.90e-01	9.83e-03	4.97e-08	0.00e+00	0.00e+00	0.00e+00	0.00e+00	0.00e+00	0.00e+00	8.71e-01	7.21e-02	4.67e-02
 3.90893e+16	9.90e-01	9.58e-03	4.78e-08	0.00e+00	0.00e+00	0.00e+00	0.00e+00	0.00e+00	0.00e+00	8.72e-01	7.18e-02	4.65e-02
 3.90938e+16	9.91e-01	9.35e-03	4.60e-08	0.00e+00	0.00e+00	0.00e+00	0.00e+00	0.00e+00	0.00e+00	8.73e-01	7.16e-02	4.64e-02
 3.90981e+16	9.91e-01	9.12e-03	4.44e-08	0.00e+00	0.00e+00	0.00e+00	0.00e+00	0.00e+00	0.00e+00	8.73e-01	7.14e-02	4.62e-02
 3.91022e+16	9.91e-01	8.91e-03	4.28e-08	0.00e+00	0.00e+00	0.00e+00	0.00e+00	0.00e+00	0.00e+00	8.74e-01	7.11e-02	4.60e-02
 3.91059e+16	9.91e-01	8.72e-03	4.15e-08	0.00e+00	0.00e+00	0.00e+00	0.00e+00	0.00e+00	0.00e+00	8.75e-01	7.09e-02	4.58e-02
 3.91093e+16	9.91e-01	8.55e-03	4.03e-08	0.00e+00	0.00e+00	0.00e+00	0.00e+00	0.00e+00	0.00e+00	8.75e-01	7.07e-02	4.57e-02
 3.91123e+16	9.92e-01	8.40e-03	3.92e-08	0.00e+00	0.00e+00	0.00e+00	0.00e+00	0.00e+00	0.00e+00	8.76e-01	7.05e-02	4.55e-02
 3.91151e+16	9.92e-01	8.26e-03	3.83e-08	0.00e+00	0.00e+00	0.00e+00	0.00e+00	0.00e+00	0.00e+00	8.76e-01	7.04e-02	4.54e-02
 3.91177e+16	9.92e-01	8.14e-03	3.74e-08	0.00e+00	0.00e+00	0.00e+00	0.00e+00	0.00e+00	0.00e+00	8.76e-01	7.02e-02	4.53e-02
 3.91204e+16	9.92e-01	8.01e-03	3.65e-08	0.00e+00	0.00e+00	0.00e+00	0.00e+00	0.00e+00	0.00e+00	8.77e-01	7.01e-02	4.51e-02
 3.91234e+16	9.92e-01	7.85e-03	3.54e-08	0.00e+00	0.00e+00	0.00e+00	0.00e+00	0.00e+00	0.00e+00	8.77e-01	6.98e-02	4.49e-02
 3.91262e+16	9.92e-01	7.72e-03	3.46e-08	0.00e+00	0.00e+00	0.00e+00	0.00e+00	0.00e+00	0.00e+00	8.78e-01	6.96e-02	4.48e-02
 3.91287e+16	9.92e-01	7.61e-03	3.38e-08	0.00e+00	0.00e+00	0.00e+00	0.00e+00	0.00e+00	0.00e+00	8.78e-01	6.94e-02	4.47e-02
 3.91314e+16	9.93e-01	7.48e-03	3.29e-08	0.00e+00	0.00e+00	0.00e+00	0.00e+00	0.00e+00	0.00e+00	8.79e-01	6.92e-02	4.45e-02
###########################
 3.69394e+11	8.84e-06	1.57e-02	9.81e-01	3.12e-03	0.00e+00	0.00e+00	0.00e+00	0.00e+00	0.00e+00	5.97e-06	1.97e-06	8.93e-07
 2.21636e+12	8.83e-06	1.57e-02	9.81e-01	3.11e-03	0.00e+00	0.00e+00	0.00e+00	0.00e+00	0.00e+00	5.96e-06	1.97e-06	8.93e-07
 9.60424e+12	8.83e-06	1.57e-02	9.81e-01	3.07e-03	0.00e+00	0.00e+00	0.00e+00	0.00e+00	0.00e+00	5.96e-06	1.97e-06	8.93e-07
 3.91557e+13	8.85e-06	1.57e-02	9.81e-01	2.89e-03	0.00e+00	0.00e+00	0.00e+00	0.00e+00	0.00e+00	5.97e-06	1.98e-06	8.96e-07
 9.35305e+13	8.83e-06	1.57e-02	9.82e-01	2.67e-03	0.00e+00	0.00e+00	0.00e+00	0.00e+00	0.00e+00	5.96e-06	1.98e-06	8.94e-07
 1.64218e+14	8.84e-06	1.58e-02	9.82e-01	2.39e-03	0.00e+00	0.00e+00	0.00e+00	0.00e+00	0.00e+00	5.96e-06	1.98e-06	8.95e-07
 2.56111e+14	8.86e-06	1.58e-02	9.82e-01	2.06e-03	0.00e+00	0.00e+00	0.00e+00	0.00e+00	0.00e+00	5.98e-06	1.98e-06	8.98e-07
 3.75572e+14	8.90e-06	1.59e-02	9.82e-01	1.69e-03	0.00e+00	0.00e+00	0.00e+00	0.00e+00	0.00e+00	6.01e-06	1.99e-06	9.02e-07
 5.30872e+14	8.97e-06	1.60e-02	9.83e-01	1.31e-03	0.00e+00	0.00e+00	0.00e+00	0.00e+00	0.00e+00	6.05e-06	2.01e-06	9.08e-07
 7.32762e+14	9.07e-06	1.62e-02	9.83e-01	9.28e-04	0.00e+00	0.00e+00	0.00e+00	0.00e+00	0.00e+00	6.12e-06	2.03e-06	9.19e-07
 9.95218e+14	9.22e-06	1.64e-02	9.83e-01	5.96e-04	0.00e+00	0.00e+00	0.00e+00	0.00e+00	0.00e+00	6.22e-06	2.06e-06	9.34e-07
 1.33641e+15	9.44e-06	1.66e-02	9.83e-01	3.37e-04	0.00e+00	0.00e+00	0.00e+00	0.00e+00	0.00e+00	6.38e-06	2.11e-06	9.57e-07
 1.77996e+15	9.77e-06	1.69e-02	9.83e-01	1.64e-04	0.00e+00	0.00e+00	0.00e+00	0.00e+00	0.00e+00	6.60e-06	2.18e-06	9.90e-07
 2.35658e+15	1.02e-05	1.73e-02	9.83e-01	6.81e-05	0.00e+00	0.00e+00	0.00e+00	0.00e+00	0.00e+00	6.92e-06	2.28e-06	1.04e-06
 3.10618e+15	1.09e-05	1.79e-02	9.82e-01	2.57e-05	0.00e+00	0.00e+00	0.00e+00	0.00e+00	0.00e+00	7.38e-06	2.44e-06	1.11e-06
 4.08067e+15	1.20e-05	1.87e-02	9.81e-01	1.09e-05	0.00e+00	0.00e+00	0.00e+00	0.00e+00	0.00e+00	8.08e-06	2.66e-06	1.21e-06
 5.34749e+15	1.36e-05	1.98e-02	9.80e-01	6.64e-06	0.00e+00	0.00e+00	0.00e+00	0.00e+00	0.00e+00	9.17e-06	3.02e-06	1.38e-06
 6.99437e+15	1.61e-05	2.13e-02	9.79e-01	5.21e-06	0.00e+00	0.00e+00	0.00e+00	0.00e+00	0.00e+00	1.09e-05	3.59e-06	1.63e-06
 8.94594e+15	1.99e-05	2.33e-02	9.77e-01	4.40e-06	0.00e+00	0.00e+00	0.00e+00	0.00e+00	0.00e+00	1.35e-05	4.42e-06	2.02e-06
 1.09874e+16	2.52e-05	2.56e-02	9.74e-01	3.79e-06	0.00e+00	0.00e+00	0.00e+00	0.00e+00	0.00e+00	1.70e-05	5.60e-06	2.55e-06
 1.26085e+16	3.05e-05	2.77e-02	9.72e-01	3.38e-06	0.00e+00	0.00e+00	0.00e+00	0.00e+00	0.00e+00	2.06e-05	6.77e-06	3.09e-06
 1.38694e+16	3.62e-05	2.96e-02	9.70e-01	3.12e-06	0.00e+00	0.00e+00	0.00e+00	0.00e+00	0.00e+00	2.44e-05	8.04e-06	3.67e-06
 1.51000e+16	4.29e-05	3.16e-02	9.68e-01	2.89e-06	0.00e+00	0.00e+00	0.00e+00	0.00e+00	0.00e+00	2.90e-05	9.56e-06	4.35e-06
 1.61578e+16	5.02e-05	3.36e-02	9.66e-01	2.70e-06	0.00e+00	0.00e+00	0.00e+00	0.00e+00	0.00e+00	3.39e-05	1.12e-05	5.09e-06
 1.71052e+16	5.82e-05	3.56e-02	9.64e-01	2.54e-06	0.00e+00	0.00e+00	0.00e+00	0.00e+00	0.00e+00	3.93e-05	1.30e-05	5.90e-06
 1.80232e+16	6.77e-05	3.78e-02	9.62e-01	2.39e-06	0.00e+00	0.00e+00	0.00e+00	0.00e+00	0.00e+00	4.57e-05	1.51e-05	6.87e-06
 1.89266e+16	7.92e-05	4.03e-02	9.60e-01	2.25e-06	0.00e+00	0.00e+00	0.00e+00	0.00e+00	0.00e+00	5.34e-05	1.77e-05	8.03e-06
 1.97896e+16	9.26e-05	4.29e-02	9.57e-01	2.13e-06	0.00e+00	0.00e+00	0.00e+00	0.00e+00	0.00e+00	6.25e-05	2.07e-05	9.38e-06
 2.05988e+16	1.08e-04	4.56e-02	9.54e-01	2.01e-06	0.00e+00	0.00e+00	0.00e+00	0.00e+00	0.00e+00	7.29e-05	2.42e-05	1.10e-05
 2.13613e+16	1.26e-04	4.86e-02	9.51e-01	1.90e-06	0.00e+00	0.00e+00	0.00e+00	0.00e+00	0.00e+00	8.50e-05	2.83e-05	1.28e-05
 2.20892e+16	1.47e-04	5.18e-02	9.48e-01	1.80e-06	0.00e+00	0.00e+00	0.00e+00	0.00e+00	0.00e+00	9.91e-05	3.30e-05	1.49e-05
 2.27911e+16	1.72e-04	5.53e-02	9.45e-01	1.70e-06	0.00e+00	0.00e+00	0.00e+00	0.00e+00	0.00e+00	1.16e-04	3.86e-05	1.74e-05
 2.34671e+16	2.01e-04	5.91e-02	9.41e-01	1.60e-06	0.00e+00	0.00e+00	0.00e+00	0.00e+00	0.00e+00	1.36e-04	4.52e-05	2.04e-05
 2.41125e+16	2.35e-04	6.33e-02	9.36e-01	1.52e-06	0.00e+00	0.00e+00	0.00e+00	0.00e+00	0.00e+00	1.59e-04	5.30e-05	2.38e-05
 2.47309e+16	2.76e-04	6.78e-02	9.32e-01	1.43e-06	0.00e+00	0.00e+00	0.00e+00	0.00e+00	0.00e+00	1.86e-04	6.22e-05	2.79e-05
 2.53281e+16	3.25e-04	7.28e-02	9.27e-01	1.34e-06	0.00e+00	0.00e+00	0.00e+00	0.00e+00	0.00e+00	2.18e-04	7.32e-05	3.28e-05
 2.59004e+16	3.82e-04	7.83e-02	9.21e-01	1.26e-06	0.00e+00	0.00e+00	0.00e+00	0.00e+00	0.00e+00	2.57e-04	8.62e-05	3.86e-05
 2.64504e+16	4.50e-04	8.43e-02	9.15e-01	1.18e-06	0.00e+00	0.00e+00	0.00e+00	0.00e+00	0.00e+00	3.02e-04	1.02e-04	4.54e-05
 2.69831e+16	5.31e-04	9.09e-02	9.09e-01	1.10e-06	0.00e+00	0.00e+00	0.00e+00	0.00e+00	0.00e+00	3.57e-04	1.20e-04	5.37e-05
 2.74974e+16	6.29e-04	9.83e-02	9.01e-01	1.02e-06	0.00e+00	0.00e+00	0.00e+00	0.00e+00	0.00e+00	4.23e-04	1.42e-04	6.35e-05
 2.79962e+16	7.48e-04	1.06e-01	8.93e-01	9.48e-07	0.00e+00	0.00e+00	0.00e+00	0.00e+00	0.00e+00	5.03e-04	1.69e-04	7.54e-05
 2.84778e+16	8.91e-04	1.16e-01	8.84e-01	8.75e-07	0.00e+00	0.00e+00	0.00e+00	0.00e+00	0.00e+00	5.99e-04	2.01e-04	8.98e-05
 2.89408e+16	1.06e-03	1.26e-01	8.73e-01	8.06e-07	0.00e+00	0.00e+00	0.00e+00	0.00e+00	0.00e+00	7.15e-04	2.40e-04	1.07e-04
 2.93904e+16	1.27e-03	1.37e-01	8.62e-01	7.39e-07	0.00e+00	0.00e+00	0.00e+00	0.00e+00	0.00e+00	8.55e-04	2.87e-04	1.28e-04
 2.98290e+16	1.53e-03	1.49e-01	8.49e-01	6.73e-07	0.00e+00	0.00e+00	0.00e+00	0.00e+00	0.00e+00	1.03e-03	3.45e-04	1.54e-04
 3.02555e+16	1.85e-03	1.64e-01	8.35e-01	6.07e-07	0.00e+00	0.00e+00	0.00e+00	0.00e+00	0.00e+00	1.24e-03	4.17e-04	1.86e-04
 3.06665e+16	2.24e-03	1.79e-01	8.18e-01	5.47e-07	0.00e+00	0.00e+00	0.00e+00	0.00e+00	0.00e+00	1.51e-03	5.06e-04	2.25e-04
 3.10570e+16	2.71e-03	1.97e-01	8.01e-01	4.89e-07	0.00e+00	0.00e+00	0.00e+00	0.00e+00	0.00e+00	1.83e-03	6.13e-04	2.73e-04
 3.14255e+16	3.28e-03	2.15e-01	7.81e-01	4.36e-07	0.00e+00	0.00e+00	0.00e+00	0.00e+00	0.00e+00	2.21e-03	7.41e-04	3.30e-04
 3.17754e+16	3.97e-03	2.36e-01	7.60e-01	3.87e-07	0.00e+00	0.00e+00	0.00e+00	0.00e+00	0.00e+00	2.67e-03	8.95e-04	3.98e-04
 3.21099e+16	4.80e-03	2.58e-01	7.37e-01	3.41e-07	0.00e+00	0.00e+00	0.00e+00	0.00e+00	0.00e+00	3.23e-03	1.08e-03	4.81e-04
 3.24297e+16	5.82e-03	2.82e-01	7.12e-01	2.97e-07	0.00e+00	0.00e+00	0.00e+00	0.00e+00	0.00e+00	3.92e-03	1.31e-03	5.82e-04
 3.27335e+16	7.04e-03	3.08e-01	6.85e-01	2.58e-07	0.00e+00	0.00e+00	0.00e+00	0.00e+00	0.00e+00	4.75e-03	1.59e-03	7.05e-04
 3.30214e+16	8.51e-03	3.36e-01	6.55e-01	2.22e-07	0.00e+00	0.00e+00	0.00e+00	0.00e+00	0.00e+00	5.74e-03	1.92e-03	8.52e-04
 3.32957e+16	1.03e-02	3.66e-01	6.24e-01	1.90e-07	0.00e+00	0.00e+00	0.00e+00	0.00e+00	0.00e+00	6.93e-03	2.31e-03	1.03e-03
 3.35589e+16	1.24e-02	3.97e-01	5.90e-01	1.60e-07	0.00e+00	0.00e+00	0.00e+00	0.00e+00	0.00e+00	8.38e-03	2.80e-03	1.24e-03
 3.38118e+16	1.50e-02	4.31e-01	5.54e-01	1.33e-07	0.00e+00	0.00e+00	0.00e+00	0.00e+00	0.00e+00	1.01e-02	3.38e-03	1.50e-03
 3.40537e+16	1.82e-02	4.65e-01	5.16e-01	0.00e+00	0.00e+00	0.00e+00	0.00e+00	0.00e+00	0.00e+00	1.23e-02	4.08e-03	1.81e-03
 3.42846e+16	2.20e-02	5.01e-01	4.77e-01	0.00e+00	0.00e+00	0.00e+00	0.00e+00	0.00e+00	0.00e+00	1.49e-02	4.94e-03	2.19e-03
 3.45046e+16	2.66e-02	5.38e-01	4.36e-01	0.00e+00	0.00e+00	0.00e+00	0.00e+00	0.00e+00	0.00e+00	1.80e-02	5.96e-03	2.65e-03
 3.47151e+16	3.21e-02	5.74e-01	3.94e-01	0.00e+00	0.00e+00	0.00e+00	0.00e+00	0.00e+00	0.00e+00	2.17e-02	7.18e-03	3.19e-03
 3.49183e+16	3.87e-02	6.10e-01	3.51e-01	0.00e+00	0.00e+00	0.00e+00	0.00e+00	0.00e+00	0.00e+00	2.62e-02	8.65e-03	3.85e-03
 3.51147e+16	4.67e-02	6.44e-01	3.09e-01	0.00e+00	0.00e+00	0.00e+00	0.00e+00	0.00e+00	0.00e+00	3.16e-02	1.04e-02	4.65e-03
 3.53045e+16	5.65e-02	6.76e-01	2.67e-01	0.00e+00	0.00e+00	0.00e+00	0.00e+00	0.00e+00	0.00e+00	3.83e-02	1.26e-02	5.62e-03
 3.54869e+16	6.82e-02	7.05e-01	2.27e-01	0.00e+00	0.00e+00	0.00e+00	0.00e+00	0.00e+00	0.00e+00	4.62e-02	1.51e-02	6.77e-03
 3.56623e+16	8.21e-02	7.28e-01	1.89e-01	0.00e+00	0.00e+00	0.00e+00	0.00e+00	0.00e+00	0.00e+00	5.58e-02	1.82e-02	8.15e-03
 3.58069e+16	9.63e-02	7.44e-01	1.60e-01	0.00e+00	0.00e+00	0.00e+00	0.00e+00	0.00e+00	0.00e+00	6.55e-02	2.12e-02	9.56e-03
 3.59096e+16	1.08e-01	7.53e-01	1.39e-01	0.00e+00	0.00e+00	0.00e+00	0.00e+00	0.00e+00	0.00e+00	7.36e-02	2.38e-02	1.07e-02
 3.60116e+16	1.22e-01	7.58e-01	1.20e-01	0.00e+00	0.00e+00	0.00e+00	0.00e+00	0.00e+00	0.00e+00	8.30e-02	2.67e-02	1.21e-02
 3.61231e+16	1.38e-01	7.61e-01	1.01e-01	0.00e+00	0.00e+00	0.00e+00	0.00e+00	0.00e+00	0.00e+00	9.45e-02	3.02e-02	1.37e-02
 3.62214e+16	1.55e-01	7.60e-01	8.50e-02	0.00e+00	0.00e+00	0.00e+00	0.00e+00	0.00e+00	0.00e+00	1.06e-01	3.37e-02	1.54e-02
 3.63052e+16	1.72e-01	7.55e-01	7.26e-02	0.00e+00	0.00e+00	0.00e+00	0.00e+00	0.00e+00	0.00e+00	1.18e-01	3.72e-02	1.70e-02
 3.63824e+16	1.88e-01	7.49e-01	6.24e-02	0.00e+00	0.00e+00	0.00e+00	0.00e+00	0.00e+00	0.00e+00	1.29e-01	4.05e-02	1.86e-02
 3.64697e+16	2.09e-01	7.39e-01	5.16e-02	0.00e+00	0.00e+00	0.00e+00	0.00e+00	0.00e+00	0.00e+00	1.44e-01	4.48e-02	2.06e-02
 3.65603e+16	2.34e-01	7.24e-01	4.19e-02	0.00e+00	0.00e+00	0.00e+00	0.00e+00	0.00e+00	0.00e+00	1.61e-01	4.96e-02	2.29e-02
 3.66337e+16	2.55e-01	7.10e-01	3.49e-02	0.00e+00	0.00e+00	0.00e+00	0.00e+00	0.00e+00	0.00e+00	1.76e-01	5.38e-02	2.50e-02
 3.66956e+16	2.75e-01	6.96e-01	2.98e-02	0.00e+00	0.00e+00	0.00e+00	0.00e+00	0.00e+00	0.00e+00	1.90e-01	5.75e-02	2.69e-02
 3.67642e+16	2.98e-01	6.77e-01	2.46e-02	0.00e+00	0.00e+00	0.00e+00	0.00e+00	0.00e+00	0.00e+00	2.07e-01	6.20e-02	2.91e-02
 3.68387e+16	3.26e-01	6.54e-01	1.98e-02	0.00e+00	0.00e+00	0.00e+00	0.00e+00	0.00e+00	0.00e+00	2.27e-01	6.71e-02	3.17e-02
 3.69040e+16	3.52e-01	6.32e-01	1.61e-02	0.00e+00	0.00e+00	0.00e+00	0.00e+00	0.00e+00	0.00e+00	2.46e-01	7.17e-02	3.42e-02
 3.69606e+16	3.75e-01	6.11e-01	1.34e-02	0.00e+00	0.00e+00	0.00e+00	0.00e+00	0.00e+00	0.00e+00	2.63e-01	7.57e-02	3.63e-02
 3.70222e+16	4.03e-01	5.87e-01	1.09e-02	0.00e+00	0.00e+00	0.00e+00	0.00e+00	0.00e+00	0.00e+00	2.83e-01	8.02e-02	3.87e-02
 3.70888e+16	4.33e-01	5.58e-01	8.56e-03	0.00e+00	0.00e+00	0.00e+00	0.00e+00	0.00e+00	0.00e+00	3.06e-01	8.51e-02	4.14e-02
 3.71484e+16	4.62e-01	5.31e-01	6.84e-03	0.00e+00	0.00e+00	0.00e+00	0.00e+00	0.00e+00	0.00e+00	3.28e-01	8.94e-02	4.40e-02
 3.72017e+16	4.87e-01	5.08e-01	5.56e-03	0.00e+00	0.00e+00	0.00e+00	0.00e+00	0.00e+00	0.00e+00	3.48e-01	9.31e-02	4.61e-02
 3.72522e+16	5.12e-01	4.84e-01	4.54e-03	0.00e+00	0.00e+00	0.00e+00	0.00e+00	0.00e+00	0.00e+00	3.67e-01	9.64e-02	4.82e-02
 3.73014e+16	5.37e-01	4.60e-01	3.68e-03	0.00e+00	0.00e+00	0.00e+00	0.00e+00	0.00e+00	0.00e+00	3.87e-01	9.96e-02	5.02e-02
 3.73502e+16	5.61e-01	4.36e-01	2.98e-03	0.00e+00	0.00e+00	0.00e+00	0.00e+00	0.00e+00	0.00e+00	4.06e-01	1.02e-01	5.22e-02
 3.73962e+16	5.84e-01	4.14e-01	2.43e-03	0.00e+00	0.00e+00	0.00e+00	0.00e+00	0.00e+00	0.00e+00	4.25e-01	1.05e-01	5.39e-02
 3.74304e+16	6.00e-01	3.98e-01	2.09e-03	0.00e+00	0.00e+00	0.00e+00	0.00e+00	0.00e+00	0.00e+00	4.39e-01	1.06e-01	5.50e-02
 3.74526e+16	6.10e-01	3.88e-01	1.90e-03	0.00e+00	0.00e+00	0.00e+00	0.00e+00	0.00e+00	0.00e+00	4.47e-01	1.07e-01	5.58e-02
 3.74740e+16	6.21e-01	3.78e-01	1.72e-03	0.00e+00	0.00e+00	0.00e+00	0.00e+00	0.00e+00	0.00e+00	4.56e-01	1.08e-01	5.65e-02
 3.74996e+16	6.33e-01	3.65e-01	1.52e-03	0.00e+00	0.00e+00	0.00e+00	0.00e+00	0.00e+00	0.00e+00	4.67e-01	1.09e-01	5.73e-02
 3.75267e+16	6.46e-01	3.53e-01	1.33e-03	0.00e+00	0.00e+00	0.00e+00	0.00e+00	0.00e+00	0.00e+00	4.78e-01	1.10e-01	5.82e-02
 3.75523e+16	6.59e-01	3.40e-01	1.17e-03	0.00e+00	0.00e+00	0.00e+00	0.00e+00	0.00e+00	0.00e+00	4.89e-01	1.11e-01	5.89e-02
 3.75764e+16	6.70e-01	3.29e-01	1.04e-03	0.00e+00	0.00e+00	0.00e+00	0.00e+00	0.00e+00	0.00e+00	4.98e-01	1.11e-01	5.96e-02
 3.76004e+16	6.81e-01	3.18e-01	9.22e-04	0.00e+00	0.00e+00	0.00e+00	0.00e+00	0.00e+00	0.00e+00	5.09e-01	1.12e-01	6.02e-02
 3.76249e+16	6.93e-01	3.07e-01	8.12e-04	0.00e+00	0.00e+00	0.00e+00	0.00e+00	0.00e+00	0.00e+00	5.19e-01	1.12e-01	6.09e-02
 3.76490e+16	7.04e-01	2.96e-01	7.16e-04	0.00e+00	0.00e+00	0.00e+00	0.00e+00	0.00e+00	0.00e+00	5.29e-01	1.13e-01	6.14e-02
 3.76726e+16	7.14e-01	2.85e-01	6.33e-04	0.00e+00	0.00e+00	0.00e+00	0.00e+00	0.00e+00	0.00e+00	5.39e-01	1.13e-01	6.20e-02
 3.76963e+16	7.25e-01	2.75e-01	5.57e-04	0.00e+00	0.00e+00	0.00e+00	0.00e+00	0.00e+00	0.00e+00	5.49e-01	1.13e-01	6.25e-02
 3.77200e+16	7.35e-01	2.65e-01	4.90e-04	0.00e+00	0.00e+00	0.00e+00	0.00e+00	0.00e+00	0.00e+00	5.58e-01	1.13e-01	6.29e-02
 3.77434e+16	7.45e-01	2.54e-01	4.30e-04	0.00e+00	0.00e+00	0.00e+00	0.00e+00	0.00e+00	0.00e+00	5.68e-01	1.13e-01	6.33e-02
 3.77666e+16	7.55e-01	2.45e-01	3.79e-04	0.00e+00	0.00e+00	0.00e+00	0.00e+00	0.00e+00	0.00e+00	5.77e-01	1.13e-01	6.36e-02
 3.77897e+16	7.64e-01	2.35e-01	3.32e-04	0.00e+00	0.00e+00	0.00e+00	0.00e+00	0.00e+00	0.00e+00	5.87e-01	1.13e-01	6.39e-02
 3.78130e+16	7.74e-01	2.26e-01	2.91e-04	0.00e+00	0.00e+00	0.00e+00	0.00e+00	0.00e+00	0.00e+00	5.96e-01	1.13e-01	6.42e-02
 3.78357e+16	7.83e-01	2.17e-01	2.55e-04	0.00e+00	0.00e+00	0.00e+00	0.00e+00	0.00e+00	0.00e+00	6.05e-01	1.13e-01	6.44e-02
 3.78582e+16	7.91e-01	2.09e-01	2.24e-04	0.00e+00	0.00e+00	0.00e+00	0.00e+00	0.00e+00	0.00e+00	6.14e-01	1.12e-01	6.46e-02
 3.78809e+16	8.00e-01	2.00e-01	1.96e-04	0.00e+00	0.00e+00	0.00e+00	0.00e+00	0.00e+00	0.00e+00	6.23e-01	1.12e-01	6.47e-02
 3.79035e+16	8.08e-01	1.92e-01	1.71e-04	0.00e+00	0.00e+00	0.00e+00	0.00e+00	0.00e+00	0.00e+00	6.31e-01	1.12e-01	6.48e-02
 3.79259e+16	8.16e-01	1.84e-01	1.50e-04	0.00e+00	0.00e+00	0.00e+00	0.00e+00	0.00e+00	0.00e+00	6.40e-01	1.11e-01	6.48e-02
 3.79483e+16	8.23e-01	1.76e-01	1.31e-04	0.00e+00	0.00e+00	0.00e+00	0.00e+00	0.00e+00	0.00e+00	6.48e-01	1.10e-01	6.48e-02
 3.79703e+16	8.31e-01	1.69e-01	1.14e-04	0.00e+00	0.00e+00	0.00e+00	0.00e+00	0.00e+00	0.00e+00	6.56e-01	1.10e-01	6.48e-02
 3.79922e+16	8.38e-01	1.62e-01	9.97e-05	0.00e+00	0.00e+00	0.00e+00	0.00e+00	0.00e+00	0.00e+00	6.64e-01	1.09e-01	6.48e-02
 3.80143e+16	8.45e-01	1.55e-01	8.67e-05	0.00e+00	0.00e+00	0.00e+00	0.00e+00	0.00e+00	0.00e+00	6.72e-01	1.08e-01	6.47e-02
 3.80362e+16	8.51e-01	1.48e-01	7.56e-05	0.00e+00	0.00e+00	0.00e+00	0.00e+00	0.00e+00	0.00e+00	6.79e-01	1.08e-01	6.46e-02
 3.80576e+16	8.58e-01	1.42e-01	6.60e-05	0.00e+00	0.00e+00	0.00e+00	0.00e+00	0.00e+00	0.00e+00	6.86e-01	1.07e-01	6.44e-02
 3.80788e+16	8.64e-01	1.36e-01	5.76e-05	0.00e+00	0.00e+00	0.00e+00	0.00e+00	0.00e+00	0.00e+00	6.94e-01	1.06e-01	6.42e-02
 3.81002e+16	8.70e-01	1.30e-01	5.01e-05	0.00e+00	0.00e+00	0.00e+00	0.00e+00	0.00e+00	0.00e+00	7.00e-01	1.05e-01	6.40e-02
 3.81215e+16	8.76e-01	1.24e-01	4.36e-05	0.00e+00	0.00e+00	0.00e+00	0.00e+00	0.00e+00	0.00e+00	7.07e-01	1.04e-01	6.38e-02
 3.81422e+16	8.81e-01	1.19e-01	3.81e-05	0.00e+00	0.00e+00	0.00e+00	0.00e+00	0.00e+00	0.00e+00	7.14e-01	1.04e-01	6.36e-02
 3.81624e+16	8.86e-01	1.14e-01	3.34e-05	0.00e+00	0.00e+00	0.00e+00	0.00e+00	0.00e+00	0.00e+00	7.20e-01	1.03e-01	6.33e-02
 3.81824e+16	8.91e-01	1.09e-01	2.92e-05	0.00e+00	0.00e+00	0.00e+00	0.00e+00	0.00e+00	0.00e+00	7.26e-01	1.02e-01	6.31e-02
 3.82024e+16	8.95e-01	1.05e-01	2.55e-05	0.00e+00	0.00e+00	0.00e+00	0.00e+00	0.00e+00	0.00e+00	7.31e-01	1.01e-01	6.28e-02
 3.82223e+16	9.00e-01	1.00e-01	2.23e-05	0.00e+00	0.00e+00	0.00e+00	0.00e+00	0.00e+00	0.00e+00	7.37e-01	1.00e-01	6.25e-02
 3.82415e+16	9.04e-01	9.60e-02	1.96e-05	0.00e+00	0.00e+00	0.00e+00	0.00e+00	0.00e+00	0.00e+00	7.42e-01	9.94e-02	6.22e-02
 3.82604e+16	9.08e-01	9.21e-02	1.73e-05	0.00e+00	0.00e+00	0.00e+00	0.00e+00	0.00e+00	0.00e+00	7.47e-01	9.86e-02	6.19e-02
 3.82792e+16	9.12e-01	8.83e-02	1.52e-05	0.00e+00	0.00e+00	0.00e+00	0.00e+00	0.00e+00	0.00e+00	7.52e-01	9.78e-02	6.16e-02
 3.82981e+16	9.15e-01	8.47e-02	1.33e-05	0.00e+00	0.00e+00	0.00e+00	0.00e+00	0.00e+00	0.00e+00	7.57e-01	9.71e-02	6.13e-02
