#depth	H	H+	H2
 3.69394e+11	9.37e-04	9.99e-01	2.24e-14
 2.21636e+12	9.37e-04	9.99e-01	2.24e-14
 9.60424e+12	9.36e-04	9.99e-01	2.24e-14
 3.91557e+13	9.36e-04	9.99e-01	2.25e-14
 9.35305e+13	9.32e-04	9.99e-01	2.25e-14
 1.64218e+14	9.28e-04	9.99e-01	2.25e-14
 2.56111e+14	9.24e-04	9.99e-01	2.26e-14
 3.75572e+14	9.20e-04	9.99e-01	2.27e-14
 5.30872e+14	9.17e-04	9.99e-01	2.29e-14
 7.32762e+14	9.14e-04	9.99e-01	2.32e-14
 9.95218e+14	9.13e-04	9.99e-01	2.35e-14
 1.33641e+15	9.13e-04	9.99e-01	2.41e-14
 1.77996e+15	9.16e-04	9.99e-01	2.48e-14
 2.35658e+15	9.24e-04	9.99e-01	2.59e-14
 3.10618e+15	9.38e-04	9.99e-01	2.74e-14
 4.08067e+15	9.63e-04	9.99e-01	2.96e-14
 5.34749e+15	1.00e-03	9.99e-01	3.29e-14
 6.99437e+15	1.07e-03	9.99e-01	3.78e-14
 8.94594e+15	1.17e-03	9.99e-01	4.48e-14
 1.09874e+16	1.29e-03	9.99e-01	5.38e-14
 1.26085e+16	1.41e-03	9.99e-01	6.24e-14
 1.38694e+16	1.53e-03	9.98e-01	7.08e-14
 1.51000e+16	1.66e-03	9.98e-01	8.04e-14
 1.61578e+16	1.79e-03	9.98e-01	9.01e-14
 1.71052e+16	1.93e-03	9.98e-01	1.00e-13
 1.80233e+16	2.08e-03	9.98e-01	1.11e-13
 1.89266e+16	2.25e-03	9.98e-01	1.24e-13
 1.97896e+16	2.43e-03	9.98e-01	1.38e-13
 2.05989e+16	2.62e-03	9.97e-01	1.53e-13
 2.13613e+16	2.83e-03	9.97e-01	1.70e-13
 2.20893e+16	3.05e-03	9.97e-01	1.88e-13
 2.27911e+16	3.29e-03	9.97e-01	2.08e-13
 2.34672e+16	3.56e-03	9.96e-01	2.30e-13
 2.41126e+16	3.84e-03	9.96e-01	2.54e-13
 2.47310e+16	4.15e-03	9.96e-01	2.81e-13
 2.53281e+16	4.49e-03	9.96e-01	3.10e-13
 2.59005e+16	4.86e-03	9.95e-01	3.43e-13
 2.64505e+16	5.25e-03	9.95e-01	3.78e-13
 2.69831e+16	5.69e-03	9.94e-01	4.18e-13
 2.74975e+16	6.16e-03	9.94e-01	4.61e-13
 2.79963e+16	6.69e-03	9.93e-01	5.11e-13
 2.84779e+16	7.26e-03	9.93e-01	5.65e-13
 2.89409e+16	7.89e-03	9.92e-01	6.25e-13
 2.93905e+16	8.59e-03	9.91e-01	6.92e-13
 2.98291e+16	9.37e-03	9.91e-01	7.68e-13
 3.02556e+16	1.02e-02	9.90e-01	8.55e-13
 3.06666e+16	1.12e-02	9.89e-01	9.53e-13
 3.10571e+16	1.23e-02	9.88e-01	1.06e-12
 3.14256e+16	1.35e-02	9.87e-01	1.18e-12
 3.17755e+16	1.47e-02	9.85e-01	1.31e-12
 3.21101e+16	1.62e-02	9.84e-01	1.46e-12
 3.24299e+16	1.78e-02	9.82e-01	1.63e-12
 3.27337e+16	1.95e-02	9.80e-01	1.82e-12
 3.30215e+16	2.15e-02	9.79e-01	2.02e-12
 3.32958e+16	2.37e-02	9.76e-01	2.26e-12
 3.35591e+16	2.62e-02	9.74e-01	2.53e-12
 3.38119e+16	2.90e-02	9.71e-01	2.84e-12
 3.40539e+16	3.22e-02	9.68e-01	3.20e-12
 3.42848e+16	3.58e-02	9.64e-01	3.62e-12
 3.45048e+16	4.00e-02	9.60e-01	4.10e-12
 3.47153e+16	4.49e-02	9.55e-01	4.66e-12
 3.49185e+16	5.05e-02	9.49e-01	5.33e-12
 3.51149e+16	5.71e-02	9.43e-01	6.14e-12
 3.53047e+16	6.50e-02	9.35e-01	7.12e-12
 3.54871e+16	7.43e-02	9.26e-01	8.31e-12
 3.56624e+16	8.53e-02	9.15e-01	9.76e-12
 3.58071e+16	9.66e-02	9.03e-01	1.13e-11
 3.59098e+16	1.06e-01	8.94e-01	1.26e-11
 3.60118e+16	1.17e-01	8.83e-01	1.41e-11
 3.61233e+16	1.30e-01	8.70e-01	1.61e-11
 3.62216e+16	1.44e-01	8.56e-01	1.82e-11
 3.63054e+16	1.57e-01	8.43e-01	2.03e-11
 3.63826e+16	1.71e-01	8.29e-01	2.25e-11
 3.64699e+16	1.88e-01	8.12e-01	2.55e-11
 3.65605e+16	2.08e-01	7.92e-01	2.91e-11
 3.66339e+16	2.27e-01	7.73e-01	3.26e-11
 3.66958e+16	2.44e-01	7.56e-01	3.57e-11
 3.67644e+16	2.64e-01	7.36e-01	4.00e-11
 3.68389e+16	2.89e-01	7.11e-01	4.53e-11
 3.69042e+16	3.12e-01	6.88e-01	5.07e-11
 3.69608e+16	3.33e-01	6.67e-01	5.57e-11
 3.70224e+16	3.58e-01	6.42e-01	6.22e-11
 3.70890e+16	3.86e-01	6.14e-01	7.00e-11
 3.71486e+16	4.13e-01	5.87e-01	7.83e-11
 3.72019e+16	4.37e-01	5.63e-01	8.60e-11
 3.72524e+16	4.61e-01	5.39e-01	9.44e-11
 3.73016e+16	4.86e-01	5.14e-01	1.04e-10
 3.73504e+16	5.10e-01	4.90e-01	1.14e-10
 3.73964e+16	5.33e-01	4.67e-01	1.24e-10
 3.74307e+16	5.49e-01	4.51e-01	1.32e-10
 3.74528e+16	5.60e-01	4.40e-01	1.37e-10
 3.74742e+16	5.70e-01	4.30e-01	1.43e-10
 3.74998e+16	5.83e-01	4.17e-01	1.50e-10
 3.75269e+16	5.97e-01	4.03e-01	1.58e-10
 3.75524e+16	6.09e-01	3.91e-01	1.66e-10
 3.75766e+16	6.22e-01	3.78e-01	1.74e-10
 3.76006e+16	6.33e-01	3.67e-01	1.82e-10
 3.76249e+16	6.46e-01	3.54e-01	1.91e-10
 3.76491e+16	6.57e-01	3.43e-01	2.00e-10
 3.76729e+16	6.69e-01	3.31e-01	2.10e-10
 3.76965e+16	6.80e-01	3.20e-01	2.19e-10
 3.77199e+16	6.91e-01	3.09e-01	2.30e-10
 3.77433e+16	7.02e-01	2.98e-01	2.40e-10
 3.77668e+16	7.13e-01	2.87e-01	2.52e-10
 3.77902e+16	7.23e-01	2.77e-01	2.65e-10
 3.78129e+16	7.34e-01	2.66e-01	2.77e-10
 3.78355e+16	7.43e-01	2.57e-01	2.89e-10
 3.78584e+16	7.53e-01	2.47e-01	3.04e-10
 3.78812e+16	7.63e-01	2.37e-01	3.17e-10
 3.79037e+16	7.72e-01	2.28e-01	3.33e-10
 3.79259e+16	7.81e-01	2.19e-01	3.48e-10
 3.79482e+16	7.89e-01	2.11e-01	3.65e-10
 3.79707e+16	7.98e-01	2.02e-01	3.83e-10
 3.79927e+16	8.06e-01	1.94e-01	4.01e-10
 3.80143e+16	8.14e-01	1.86e-01	4.19e-10
 3.80363e+16	8.22e-01	1.78e-01	4.40e-10
 3.80584e+16	8.29e-01	1.71e-01	4.63e-10
 3.80799e+16	8.36e-01	1.64e-01	4.85e-10
 3.81009e+16	8.43e-01	1.57e-01	5.06e-10
 3.81217e+16	8.49e-01	1.51e-01	5.32e-10
 3.81424e+16	8.56e-01	1.44e-01	5.59e-10
 3.81630e+16	8.62e-01	1.38e-01	5.86e-10
 3.81833e+16	8.67e-01	1.33e-01	6.13e-10
 3.82030e+16	8.73e-01	1.27e-01	6.44e-10
 3.82224e+16	8.78e-01	1.22e-01	6.76e-10
 3.82418e+16	8.83e-01	1.17e-01	7.09e-10
 3.82611e+16	8.88e-01	1.12e-01	7.40e-10
 3.82801e+16	8.92e-01	1.08e-01	7.80e-10
 3.82985e+16	8.97e-01	1.03e-01	8.20e-10
 3.83169e+16	9.01e-01	9.94e-02	8.61e-10
 3.83353e+16	9.05e-01	9.54e-02	8.98e-10
 3.83535e+16	9.08e-01	9.16e-02	9.44e-10
 3.83713e+16	9.12e-01	8.81e-02	9.91e-10
 3.83888e+16	9.15e-01	8.46e-02	1.04e-09
 3.84065e+16	9.19e-01	8.12e-02	1.10e-09
 3.84240e+16	9.22e-01	7.80e-02	1.16e-09
 3.84411e+16	9.25e-01	7.50e-02	1.22e-09
 3.84582e+16	9.28e-01	7.20e-02	1.29e-09
 3.84748e+16	9.31e-01	6.93e-02	1.36e-09
 3.84915e+16	9.33e-01	6.68e-02	1.42e-09
 3.85084e+16	9.36e-01	6.40e-02	1.51e-09
 3.85251e+16	9.38e-01	6.15e-02	1.60e-09
 3.85414e+16	9.41e-01	5.92e-02	1.69e-09
 3.85572e+16	9.43e-01	5.70e-02	1.77e-09
 3.85734e+16	9.45e-01	5.48e-02	1.88e-09
 3.85897e+16	9.47e-01	5.26e-02	2.01e-09
 3.86055e+16	9.49e-01	5.06e-02	2.13e-09
 3.86211e+16	9.51e-01	4.88e-02	2.24e-09
 3.86368e+16	9.53e-01	4.69e-02	2.39e-09
 3.86524e+16	9.55e-01	4.51e-02	2.55e-09
 3.86678e+16	9.57e-01	4.33e-02	2.73e-09
 3.86831e+16	9.58e-01	4.16e-02	2.93e-09
 3.86986e+16	9.60e-01	4.00e-02	3.13e-09
 3.87143e+16	9.62e-01	3.84e-02	3.36e-09
 3.87293e+16	9.63e-01	3.69e-02	3.60e-09
 3.87440e+16	9.64e-01	3.56e-02	3.88e-09
 3.87581e+16	9.66e-01	3.43e-02	4.18e-09
 3.87721e+16	9.67e-01	3.30e-02	4.50e-09
 3.87866e+16	9.68e-01	3.17e-02	4.91e-09
 3.88015e+16	9.70e-01	3.04e-02	5.38e-09
 3.88159e+16	9.71e-01	2.92e-02	5.92e-09
 3.88296e+16	9.72e-01	2.81e-02	6.49e-09
 3.88431e+16	9.73e-01	2.70e-02	7.14e-09
 3.88567e+16	9.74e-01	2.60e-02	7.90e-09
 3.88704e+16	9.75e-01	2.49e-02	8.88e-09
 3.88834e+16	9.76e-01	2.39e-02	9.90e-09
 3.88955e+16	9.77e-01	2.31e-02	1.11e-08
 3.89070e+16	9.78e-01	2.23e-02	1.24e-08
 3.89178e+16	9.78e-01	2.15e-02	1.38e-08
 3.89280e+16	9.79e-01	2.08e-02	1.55e-08
 3.89378e+16	9.80e-01	2.02e-02	1.73e-08
 3.89471e+16	9.80e-01	1.95e-02	1.93e-08
 3.89561e+16	9.81e-01	1.89e-02	2.15e-08
 3.89647e+16	9.82e-01	1.84e-02	2.39e-08
 3.89732e+16	9.82e-01	1.78e-02	2.66e-08
 3.89815e+16	9.83e-01	1.73e-02	2.96e-08
 3.89898e+16	9.83e-01	1.67e-02	3.28e-08
 3.89981e+16	9.84e-01	1.62e-02	3.63e-08
 3.90065e+16	9.84e-01	1.56e-02	4.00e-08
 3.90147e+16	9.85e-01	1.51e-02	4.35e-08
 3.90219e+16	9.85e-01	1.46e-02	4.63e-08
 3.90283e+16	9.86e-01	1.42e-02	4.86e-08
 3.90342e+16	9.86e-01	1.38e-02	5.05e-08
 3.90398e+16	9.87e-01	1.34e-02	5.21e-08
 3.90451e+16	9.87e-01	1.31e-02	5.35e-08
 3.90502e+16	9.87e-01	1.28e-02	5.47e-08
 3.90549e+16	9.88e-01	1.25e-02	5.57e-08
 3.90593e+16	9.88e-01	1.22e-02	5.67e-08
 3.90634e+16	9.88e-01	1.19e-02	5.76e-08
 3.90672e+16	9.88e-01	1.17e-02	5.84e-08
 3.90706e+16	9.89e-01	1.15e-02	5.92e-08
 3.90737e+16	9.89e-01	1.13e-02	5.99e-08
 3.90765e+16	9.89e-01	1.11e-02	6.06e-08
 3.90791e+16	9.89e-01	1.10e-02	6.12e-08
 3.90819e+16	9.89e-01	1.08e-02	6.20e-08
 3.90849e+16	9.89e-01	1.06e-02	6.29e-08
 3.90877e+16	9.90e-01	1.04e-02	6.37e-08
 3.90902e+16	9.90e-01	1.03e-02	6.45e-08
 3.90925e+16	9.90e-01	1.02e-02	6.52e-08
 3.90950e+16	9.90e-01	1.00e-02	6.59e-08
 3.90983e+16	9.90e-01	9.80e-03	6.73e-08
