#depth	He	He+	He+2
 2.62900e+11	1.66e-03	9.94e-01	4.45e-03
 1.57740e+12	1.66e-03	9.94e-01	4.44e-03
 6.83540e+12	1.67e-03	9.94e-01	4.40e-03
 2.78674e+13	1.67e-03	9.94e-01	4.22e-03
 6.65662e+13	1.67e-03	9.94e-01	4.05e-03
 1.16875e+14	1.68e-03	9.95e-01	3.74e-03
 1.82276e+14	1.69e-03	9.95e-01	3.31e-03
 2.67297e+14	1.70e-03	9.96e-01	2.77e-03
 3.77825e+14	1.72e-03	9.96e-01	2.17e-03
 5.21511e+14	1.73e-03	9.97e-01	1.55e-03
 7.08303e+14	1.76e-03	9.97e-01	9.88e-04
 9.51133e+14	1.79e-03	9.98e-01	5.46e-04
 1.26681e+15	1.82e-03	9.98e-01	2.54e-04
 1.67719e+15	1.88e-03	9.98e-01	9.49e-05
 2.21069e+15	1.94e-03	9.98e-01	2.73e-05
 2.90424e+15	2.03e-03	9.98e-01	5.75e-06
 3.80584e+15	2.15e-03	9.98e-01	8.40e-07
 4.80039e+15	2.27e-03	9.98e-01	1.02e-07
 5.87541e+15	2.42e-03	9.98e-01	1.41e-08
 7.05556e+15	2.58e-03	9.97e-01	2.01e-09
 8.02792e+15	2.72e-03	9.97e-01	5.23e-10
 8.83072e+15	2.85e-03	9.97e-01	2.14e-10
 9.68557e+15	2.99e-03	9.97e-01	1.00e-10
 1.05208e+16	3.14e-03	9.97e-01	5.82e-11
 1.12903e+16	3.28e-03	9.97e-01	4.10e-11
 1.20056e+16	3.42e-03	9.97e-01	3.28e-11
 1.26810e+16	3.56e-03	9.96e-01	2.84e-11
 1.33223e+16	3.69e-03	9.96e-01	2.58e-11
 1.39363e+16	3.82e-03	9.96e-01	2.41e-11
 1.45259e+16	3.95e-03	9.96e-01	2.30e-11
 1.50907e+16	4.08e-03	9.96e-01	2.23e-11
 1.56318e+16	4.20e-03	9.96e-01	2.18e-11
 1.61510e+16	4.33e-03	9.96e-01	2.14e-11
 1.66493e+16	4.45e-03	9.96e-01	2.12e-11
 1.71270e+16	4.56e-03	9.95e-01	2.10e-11
 1.75857e+16	4.68e-03	9.95e-01	2.10e-11
 1.80271e+16	4.79e-03	9.95e-01	2.10e-11
 1.84519e+16	4.89e-03	9.95e-01	2.10e-11
 1.88616e+16	5.00e-03	9.95e-01	2.11e-11
 1.92579e+16	5.10e-03	9.95e-01	2.13e-11
 1.96429e+16	5.20e-03	9.95e-01	2.15e-11
 2.00116e+16	5.30e-03	9.95e-01	2.17e-11
 2.03512e+16	5.39e-03	9.95e-01	2.20e-11
 2.06569e+16	5.48e-03	9.95e-01	2.22e-11
 2.09321e+16	5.56e-03	9.94e-01	2.24e-11
 2.11797e+16	5.64e-03	9.94e-01	2.26e-11
 2.14141e+16	5.72e-03	9.94e-01	2.28e-11
 2.16481e+16	5.81e-03	9.94e-01	2.30e-11
 2.18822e+16	5.90e-03	9.94e-01	2.32e-11
 2.21163e+16	6.01e-03	9.94e-01	2.34e-11
 2.23504e+16	6.12e-03	9.94e-01	2.36e-11
 2.25845e+16	6.24e-03	9.94e-01	2.38e-11
 2.28186e+16	6.38e-03	9.94e-01	2.40e-11
 2.30526e+16	6.54e-03	9.93e-01	2.42e-11
 2.32867e+16	6.72e-03	9.93e-01	2.44e-11
 2.34061e+16	6.82e-03	9.93e-01	2.45e-11
