#depth	O	O+	O+2	O+3	O+4	O+5	O+6	O+7	O+8	O[1]	O[2]	O[3]
 2.62900e+11	2.32e-05	2.70e-02	9.71e-01	2.43e-03	0.00e+00	0.00e+00	0.00e+00	0.00e+00	0.00e+00	1.64e-05	4.67e-06	2.15e-06
 1.57740e+12	2.32e-05	2.70e-02	9.71e-01	2.42e-03	0.00e+00	0.00e+00	0.00e+00	0.00e+00	0.00e+00	1.64e-05	4.66e-06	2.14e-06
 6.83540e+12	2.32e-05	2.70e-02	9.71e-01	2.38e-03	0.00e+00	0.00e+00	0.00e+00	0.00e+00	0.00e+00	1.64e-05	4.67e-06	2.15e-06
 2.78674e+13	2.33e-05	2.71e-02	9.71e-01	2.24e-03	0.00e+00	0.00e+00	0.00e+00	0.00e+00	0.00e+00	1.65e-05	4.70e-06	2.17e-06
 6.65662e+13	2.33e-05	2.72e-02	9.71e-01	2.04e-03	0.00e+00	0.00e+00	0.00e+00	0.00e+00	0.00e+00	1.64e-05	4.69e-06	2.17e-06
 1.16875e+14	2.33e-05	2.73e-02	9.71e-01	1.80e-03	0.00e+00	0.00e+00	0.00e+00	0.00e+00	0.00e+00	1.64e-05	4.70e-06	2.18e-06
 1.82276e+14	2.33e-05	2.75e-02	9.71e-01	1.53e-03	0.00e+00	0.00e+00	0.00e+00	0.00e+00	0.00e+00	1.64e-05	4.71e-06	2.19e-06
 2.67297e+14	2.35e-05	2.77e-02	9.71e-01	1.23e-03	0.00e+00	0.00e+00	0.00e+00	0.00e+00	0.00e+00	1.66e-05	4.75e-06	2.20e-06
 3.77825e+14	2.37e-05	2.81e-02	9.71e-01	9.33e-04	0.00e+00	0.00e+00	0.00e+00	0.00e+00	0.00e+00	1.67e-05	4.78e-06	2.22e-06
 5.21511e+14	2.40e-05	2.85e-02	9.71e-01	6.49e-04	0.00e+00	0.00e+00	0.00e+00	0.00e+00	0.00e+00	1.70e-05	4.85e-06	2.25e-06
 7.08303e+14	2.45e-05	2.90e-02	9.71e-01	4.05e-04	0.00e+00	0.00e+00	0.00e+00	0.00e+00	0.00e+00	1.73e-05	4.94e-06	2.29e-06
 9.51133e+14	2.53e-05	2.98e-02	9.70e-01	2.21e-04	0.00e+00	0.00e+00	0.00e+00	0.00e+00	0.00e+00	1.78e-05	5.08e-06	2.36e-06
 1.26681e+15	2.63e-05	3.08e-02	9.69e-01	1.01e-04	0.00e+00	0.00e+00	0.00e+00	0.00e+00	0.00e+00	1.86e-05	5.28e-06	2.45e-06
 1.67719e+15	2.78e-05	3.22e-02	9.68e-01	3.76e-05	0.00e+00	0.00e+00	0.00e+00	0.00e+00	0.00e+00	1.97e-05	5.58e-06	2.59e-06
 2.21069e+15	3.00e-05	3.42e-02	9.66e-01	1.08e-05	0.00e+00	0.00e+00	0.00e+00	0.00e+00	0.00e+00	2.12e-05	6.01e-06	2.79e-06
 2.90424e+15	3.32e-05	3.68e-02	9.63e-01	2.31e-06	0.00e+00	0.00e+00	0.00e+00	0.00e+00	0.00e+00	2.35e-05	6.64e-06	3.09e-06
 3.80584e+15	3.80e-05	4.06e-02	9.59e-01	3.66e-07	0.00e+00	0.00e+00	0.00e+00	0.00e+00	0.00e+00	2.68e-05	7.60e-06	3.53e-06
 4.80039e+15	4.36e-05	4.51e-02	9.55e-01	0.00e+00	0.00e+00	0.00e+00	0.00e+00	0.00e+00	0.00e+00	3.08e-05	8.73e-06	4.06e-06
 5.87541e+15	5.14e-05	5.05e-02	9.49e-01	0.00e+00	0.00e+00	0.00e+00	0.00e+00	0.00e+00	0.00e+00	3.63e-05	1.03e-05	4.80e-06
 7.05556e+15	6.14e-05	5.69e-02	9.43e-01	0.00e+00	0.00e+00	0.00e+00	0.00e+00	0.00e+00	0.00e+00	4.33e-05	1.24e-05	5.76e-06
 8.02792e+15	7.10e-05	6.28e-02	9.37e-01	0.00e+00	0.00e+00	0.00e+00	0.00e+00	0.00e+00	0.00e+00	5.00e-05	1.43e-05	6.67e-06
 8.83072e+15	8.10e-05	6.80e-02	9.32e-01	0.00e+00	0.00e+00	0.00e+00	0.00e+00	0.00e+00	0.00e+00	5.69e-05	1.64e-05	7.64e-06
 9.68557e+15	9.33e-05	7.40e-02	9.26e-01	0.00e+00	0.00e+00	0.00e+00	0.00e+00	0.00e+00	0.00e+00	6.54e-05	1.90e-05	8.84e-06
 1.05208e+16	1.07e-04	8.02e-02	9.20e-01	0.00e+00	0.00e+00	0.00e+00	0.00e+00	0.00e+00	0.00e+00	7.52e-05	2.20e-05	1.02e-05
 1.12903e+16	1.23e-04	8.63e-02	9.14e-01	0.00e+00	0.00e+00	0.00e+00	0.00e+00	0.00e+00	0.00e+00	8.57e-05	2.52e-05	1.17e-05
 1.20056e+16	1.39e-04	9.24e-02	9.08e-01	0.00e+00	0.00e+00	0.00e+00	0.00e+00	0.00e+00	0.00e+00	9.71e-05	2.87e-05	1.34e-05
 1.26810e+16	1.57e-04	9.83e-02	9.02e-01	0.00e+00	0.00e+00	0.00e+00	0.00e+00	0.00e+00	0.00e+00	1.09e-04	3.26e-05	1.51e-05
 1.33223e+16	1.75e-04	1.04e-01	8.96e-01	0.00e+00	0.00e+00	0.00e+00	0.00e+00	0.00e+00	0.00e+00	1.22e-04	3.65e-05	1.70e-05
 1.39363e+16	1.95e-04	1.09e-01	8.91e-01	0.00e+00	0.00e+00	0.00e+00	0.00e+00	0.00e+00	0.00e+00	1.35e-04	4.08e-05	1.90e-05
 1.45259e+16	2.17e-04	1.14e-01	8.86e-01	0.00e+00	0.00e+00	0.00e+00	0.00e+00	0.00e+00	0.00e+00	1.50e-04	4.54e-05	2.11e-05
 1.50907e+16	2.40e-04	1.19e-01	8.80e-01	0.00e+00	0.00e+00	0.00e+00	0.00e+00	0.00e+00	0.00e+00	1.66e-04	5.05e-05	2.35e-05
 1.56318e+16	2.65e-04	1.25e-01	8.75e-01	0.00e+00	0.00e+00	0.00e+00	0.00e+00	0.00e+00	0.00e+00	1.83e-04	5.59e-05	2.60e-05
 1.61510e+16	2.91e-04	1.30e-01	8.70e-01	0.00e+00	0.00e+00	0.00e+00	0.00e+00	0.00e+00	0.00e+00	2.01e-04	6.17e-05	2.87e-05
 1.66493e+16	3.19e-04	1.35e-01	8.65e-01	0.00e+00	0.00e+00	0.00e+00	0.00e+00	0.00e+00	0.00e+00	2.20e-04	6.80e-05	3.16e-05
 1.71270e+16	3.49e-04	1.40e-01	8.59e-01	0.00e+00	0.00e+00	0.00e+00	0.00e+00	0.00e+00	0.00e+00	2.40e-04	7.46e-05	3.47e-05
 1.75857e+16	3.81e-04	1.46e-01	8.54e-01	0.00e+00	0.00e+00	0.00e+00	0.00e+00	0.00e+00	0.00e+00	2.61e-04	8.17e-05	3.80e-05
 1.80271e+16	4.14e-04	1.51e-01	8.49e-01	0.00e+00	0.00e+00	0.00e+00	0.00e+00	0.00e+00	0.00e+00	2.83e-04	8.92e-05	4.14e-05
 1.84519e+16	4.49e-04	1.56e-01	8.44e-01	0.00e+00	0.00e+00	0.00e+00	0.00e+00	0.00e+00	0.00e+00	3.07e-04	9.72e-05	4.51e-05
 1.88616e+16	4.86e-04	1.61e-01	8.38e-01	0.00e+00	0.00e+00	0.00e+00	0.00e+00	0.00e+00	0.00e+00	3.31e-04	1.06e-04	4.90e-05
 1.92579e+16	5.25e-04	1.66e-01	8.33e-01	0.00e+00	0.00e+00	0.00e+00	0.00e+00	0.00e+00	0.00e+00	3.57e-04	1.15e-04	5.31e-05
 1.96429e+16	5.67e-04	1.72e-01	8.28e-01	0.00e+00	0.00e+00	0.00e+00	0.00e+00	0.00e+00	0.00e+00	3.85e-04	1.24e-04	5.73e-05
 2.00116e+16	6.11e-04	1.77e-01	8.22e-01	0.00e+00	0.00e+00	0.00e+00	0.00e+00	0.00e+00	0.00e+00	4.15e-04	1.34e-04	6.17e-05
 2.03512e+16	6.55e-04	1.83e-01	8.17e-01	0.00e+00	0.00e+00	0.00e+00	0.00e+00	0.00e+00	0.00e+00	4.44e-04	1.44e-04	6.61e-05
 2.06569e+16	7.00e-04	1.88e-01	8.11e-01	0.00e+00	0.00e+00	0.00e+00	0.00e+00	0.00e+00	0.00e+00	4.74e-04	1.55e-04	7.07e-05
 2.09321e+16	7.44e-04	1.93e-01	8.06e-01	0.00e+00	0.00e+00	0.00e+00	0.00e+00	0.00e+00	0.00e+00	5.04e-04	1.65e-04	7.51e-05
 2.11797e+16	7.86e-04	1.98e-01	8.02e-01	0.00e+00	0.00e+00	0.00e+00	0.00e+00	0.00e+00	0.00e+00	5.32e-04	1.75e-04	7.94e-05
 2.14141e+16	8.30e-04	2.02e-01	7.97e-01	0.00e+00	0.00e+00	0.00e+00	0.00e+00	0.00e+00	0.00e+00	5.61e-04	1.85e-04	8.38e-05
 2.16481e+16	8.78e-04	2.07e-01	7.92e-01	0.00e+00	0.00e+00	0.00e+00	0.00e+00	0.00e+00	0.00e+00	5.93e-04	1.96e-04	8.85e-05
 2.18822e+16	9.30e-04	2.13e-01	7.86e-01	0.00e+00	0.00e+00	0.00e+00	0.00e+00	0.00e+00	0.00e+00	6.28e-04	2.08e-04	9.38e-05
 2.21163e+16	9.89e-04	2.18e-01	7.81e-01	0.00e+00	0.00e+00	0.00e+00	0.00e+00	0.00e+00	0.00e+00	6.67e-04	2.21e-04	9.97e-05
 2.23504e+16	1.05e-03	2.24e-01	7.75e-01	0.00e+00	0.00e+00	0.00e+00	0.00e+00	0.00e+00	0.00e+00	7.11e-04	2.36e-04	1.06e-04
 2.25845e+16	1.13e-03	2.31e-01	7.68e-01	0.00e+00	0.00e+00	0.00e+00	0.00e+00	0.00e+00	0.00e+00	7.59e-04	2.53e-04	1.14e-04
 2.28186e+16	1.21e-03	2.38e-01	7.61e-01	0.00e+00	0.00e+00	0.00e+00	0.00e+00	0.00e+00	0.00e+00	8.15e-04	2.72e-04	1.22e-04
 2.30526e+16	1.30e-03	2.46e-01	7.53e-01	0.00e+00	0.00e+00	0.00e+00	0.00e+00	0.00e+00	0.00e+00	8.79e-04	2.94e-04	1.31e-04
 2.32867e+16	1.42e-03	2.54e-01	7.44e-01	0.00e+00	0.00e+00	0.00e+00	0.00e+00	0.00e+00	0.00e+00	9.55e-04	3.19e-04	1.43e-04
 2.34061e+16	1.51e-03	2.60e-01	7.38e-01	0.00e+00	0.00e+00	0.00e+00	0.00e+00	0.00e+00	0.00e+00	1.02e-03	3.40e-04	1.52e-04
