#depth	O	O+	O+2	O+3	O+4	O+5	O+6	O+7	O+8	O[1]	O[2]	O[3]
 3.15821e+11	9.21e-06	1.40e-02	9.63e-01	2.30e-02	6.80e-07	0.00e+00	0.00e+00	0.00e+00	0.00e+00	6.56e-06	1.78e-06	8.68e-07
 1.89493e+12	9.19e-06	1.40e-02	9.63e-01	2.29e-02	6.77e-07	0.00e+00	0.00e+00	0.00e+00	0.00e+00	6.54e-06	1.78e-06	8.67e-07
 8.21135e+12	9.19e-06	1.40e-02	9.63e-01	2.27e-02	6.66e-07	0.00e+00	0.00e+00	0.00e+00	0.00e+00	6.54e-06	1.78e-06	8.67e-07
 3.34771e+13	9.22e-06	1.40e-02	9.64e-01	2.17e-02	6.22e-07	0.00e+00	0.00e+00	0.00e+00	0.00e+00	6.56e-06	1.79e-06	8.73e-07
 7.99660e+13	9.19e-06	1.40e-02	9.66e-01	2.03e-02	5.60e-07	0.00e+00	0.00e+00	0.00e+00	0.00e+00	6.53e-06	1.79e-06	8.73e-07
 1.40402e+14	9.18e-06	1.41e-02	9.67e-01	1.86e-02	4.87e-07	0.00e+00	0.00e+00	0.00e+00	0.00e+00	6.52e-06	1.79e-06	8.73e-07
 2.18968e+14	9.19e-06	1.41e-02	9.69e-01	1.65e-02	4.07e-07	0.00e+00	0.00e+00	0.00e+00	0.00e+00	6.52e-06	1.79e-06	8.74e-07
 3.21104e+14	9.22e-06	1.42e-02	9.72e-01	1.42e-02	3.21e-07	0.00e+00	0.00e+00	0.00e+00	0.00e+00	6.55e-06	1.79e-06	8.77e-07
 4.53881e+14	9.27e-06	1.43e-02	9.74e-01	1.16e-02	2.35e-07	0.00e+00	0.00e+00	0.00e+00	0.00e+00	6.58e-06	1.80e-06	8.81e-07
 6.26491e+14	9.34e-06	1.44e-02	9.77e-01	8.85e-03	1.56e-07	0.00e+00	0.00e+00	0.00e+00	0.00e+00	6.64e-06	1.82e-06	8.88e-07
 8.50884e+14	9.46e-06	1.46e-02	9.79e-01	6.23e-03	0.00e+00	0.00e+00	0.00e+00	0.00e+00	0.00e+00	6.72e-06	1.84e-06	8.98e-07
 1.14259e+15	9.64e-06	1.48e-02	9.81e-01	3.95e-03	0.00e+00	0.00e+00	0.00e+00	0.00e+00	0.00e+00	6.85e-06	1.87e-06	9.14e-07
 1.52182e+15	9.88e-06	1.50e-02	9.83e-01	2.19e-03	0.00e+00	0.00e+00	0.00e+00	0.00e+00	0.00e+00	7.03e-06	1.92e-06	9.37e-07
 2.01481e+15	1.02e-05	1.53e-02	9.84e-01	1.03e-03	0.00e+00	0.00e+00	0.00e+00	0.00e+00	0.00e+00	7.28e-06	1.98e-06	9.69e-07
 2.65570e+15	1.07e-05	1.58e-02	9.84e-01	4.00e-04	0.00e+00	0.00e+00	0.00e+00	0.00e+00	0.00e+00	7.65e-06	2.08e-06	1.02e-06
 3.48885e+15	1.15e-05	1.64e-02	9.83e-01	1.25e-04	0.00e+00	0.00e+00	0.00e+00	0.00e+00	0.00e+00	8.18e-06	2.22e-06	1.09e-06
 4.57196e+15	1.26e-05	1.72e-02	9.83e-01	3.16e-05	0.00e+00	0.00e+00	0.00e+00	0.00e+00	0.00e+00	9.00e-06	2.44e-06	1.19e-06
 5.97999e+15	1.44e-05	1.83e-02	9.82e-01	6.99e-06	0.00e+00	0.00e+00	0.00e+00	0.00e+00	0.00e+00	1.02e-05	2.77e-06	1.35e-06
 7.50670e+15	1.63e-05	1.96e-02	9.80e-01	2.09e-06	0.00e+00	0.00e+00	0.00e+00	0.00e+00	0.00e+00	1.17e-05	3.16e-06	1.54e-06
 8.92963e+15	1.86e-05	2.09e-02	9.79e-01	1.04e-06	0.00e+00	0.00e+00	0.00e+00	0.00e+00	0.00e+00	1.33e-05	3.60e-06	1.76e-06
 1.01028e+16	2.07e-05	2.20e-02	9.78e-01	7.24e-07	0.00e+00	0.00e+00	0.00e+00	0.00e+00	0.00e+00	1.48e-05	4.01e-06	1.96e-06
 1.11131e+16	2.31e-05	2.31e-02	9.77e-01	5.72e-07	0.00e+00	0.00e+00	0.00e+00	0.00e+00	0.00e+00	1.64e-05	4.46e-06	2.18e-06
 1.22244e+16	2.60e-05	2.44e-02	9.76e-01	4.70e-07	0.00e+00	0.00e+00	0.00e+00	0.00e+00	0.00e+00	1.85e-05	5.03e-06	2.46e-06
 1.34468e+16	2.98e-05	2.58e-02	9.74e-01	3.93e-07	0.00e+00	0.00e+00	0.00e+00	0.00e+00	0.00e+00	2.12e-05	5.77e-06	2.82e-06
 1.47915e+16	3.48e-05	2.76e-02	9.72e-01	3.33e-07	0.00e+00	0.00e+00	0.00e+00	0.00e+00	0.00e+00	2.47e-05	6.75e-06	3.31e-06
 1.62706e+16	4.15e-05	2.97e-02	9.70e-01	2.84e-07	0.00e+00	0.00e+00	0.00e+00	0.00e+00	0.00e+00	2.95e-05	8.09e-06	3.96e-06
 1.78977e+16	5.10e-05	3.24e-02	9.68e-01	2.45e-07	0.00e+00	0.00e+00	0.00e+00	0.00e+00	0.00e+00	3.62e-05	9.97e-06	4.89e-06
 1.93094e+16	6.16e-05	3.50e-02	9.65e-01	2.17e-07	0.00e+00	0.00e+00	0.00e+00	0.00e+00	0.00e+00	4.36e-05	1.21e-05	5.92e-06
 2.02782e+16	7.08e-05	3.70e-02	9.63e-01	2.02e-07	0.00e+00	0.00e+00	0.00e+00	0.00e+00	0.00e+00	5.01e-05	1.39e-05	6.82e-06
 2.12199e+16	8.12e-05	3.91e-02	9.61e-01	1.88e-07	0.00e+00	0.00e+00	0.00e+00	0.00e+00	0.00e+00	5.74e-05	1.60e-05	7.85e-06
 2.22824e+16	9.56e-05	4.18e-02	9.58e-01	1.75e-07	0.00e+00	0.00e+00	0.00e+00	0.00e+00	0.00e+00	6.75e-05	1.89e-05	9.27e-06
 2.32554e+16	1.12e-04	4.46e-02	9.55e-01	1.64e-07	0.00e+00	0.00e+00	0.00e+00	0.00e+00	0.00e+00	7.90e-05	2.22e-05	1.09e-05
 2.40832e+16	1.29e-04	4.73e-02	9.53e-01	1.56e-07	0.00e+00	0.00e+00	0.00e+00	0.00e+00	0.00e+00	9.10e-05	2.56e-05	1.26e-05
 2.48456e+16	1.48e-04	5.00e-02	9.50e-01	1.49e-07	0.00e+00	0.00e+00	0.00e+00	0.00e+00	0.00e+00	1.04e-04	2.94e-05	1.44e-05
 2.57136e+16	1.73e-04	5.34e-02	9.46e-01	1.42e-07	0.00e+00	0.00e+00	0.00e+00	0.00e+00	0.00e+00	1.22e-04	3.46e-05	1.70e-05
 2.66270e+16	2.08e-04	5.76e-02	9.42e-01	0.00e+00	0.00e+00	0.00e+00	0.00e+00	0.00e+00	0.00e+00	1.46e-04	4.15e-05	2.04e-05
 2.73744e+16	2.43e-04	6.17e-02	9.38e-01	0.00e+00	0.00e+00	0.00e+00	0.00e+00	0.00e+00	0.00e+00	1.70e-04	4.87e-05	2.39e-05
 2.79918e+16	2.78e-04	6.54e-02	9.34e-01	0.00e+00	0.00e+00	0.00e+00	0.00e+00	0.00e+00	0.00e+00	1.95e-04	5.59e-05	2.74e-05
 2.86658e+16	3.23e-04	6.99e-02	9.30e-01	0.00e+00	0.00e+00	0.00e+00	0.00e+00	0.00e+00	0.00e+00	2.26e-04	6.51e-05	3.19e-05
 2.94116e+16	3.85e-04	7.56e-02	9.24e-01	0.00e+00	0.00e+00	0.00e+00	0.00e+00	0.00e+00	0.00e+00	2.69e-04	7.80e-05	3.82e-05
 3.00742e+16	4.56e-04	8.16e-02	9.18e-01	0.00e+00	0.00e+00	0.00e+00	0.00e+00	0.00e+00	0.00e+00	3.18e-04	9.25e-05	4.53e-05
 3.06338e+16	5.30e-04	8.74e-02	9.12e-01	0.00e+00	0.00e+00	0.00e+00	0.00e+00	0.00e+00	0.00e+00	3.70e-04	1.08e-04	5.27e-05
 3.12362e+16	6.24e-04	9.42e-02	9.05e-01	0.00e+00	0.00e+00	0.00e+00	0.00e+00	0.00e+00	0.00e+00	4.35e-04	1.27e-04	6.19e-05
 3.18943e+16	7.56e-04	1.03e-01	8.96e-01	0.00e+00	0.00e+00	0.00e+00	0.00e+00	0.00e+00	0.00e+00	5.26e-04	1.54e-04	7.50e-05
 3.24673e+16	9.04e-04	1.12e-01	8.87e-01	0.00e+00	0.00e+00	0.00e+00	0.00e+00	0.00e+00	0.00e+00	6.29e-04	1.85e-04	8.97e-05
 3.29508e+16	1.06e-03	1.21e-01	8.78e-01	0.00e+00	0.00e+00	0.00e+00	0.00e+00	0.00e+00	0.00e+00	7.38e-04	2.18e-04	1.05e-04
 3.34752e+16	1.26e-03	1.32e-01	8.67e-01	0.00e+00	0.00e+00	0.00e+00	0.00e+00	0.00e+00	0.00e+00	8.77e-04	2.60e-04	1.25e-04
 3.40533e+16	1.55e-03	1.46e-01	8.53e-01	0.00e+00	0.00e+00	0.00e+00	0.00e+00	0.00e+00	0.00e+00	1.08e-03	3.20e-04	1.54e-04
 3.45649e+16	1.89e-03	1.60e-01	8.38e-01	0.00e+00	0.00e+00	0.00e+00	0.00e+00	0.00e+00	0.00e+00	1.31e-03	3.91e-04	1.88e-04
 3.49992e+16	2.25e-03	1.75e-01	8.23e-01	0.00e+00	0.00e+00	0.00e+00	0.00e+00	0.00e+00	0.00e+00	1.56e-03	4.67e-04	2.24e-04
 3.54694e+16	2.73e-03	1.92e-01	8.05e-01	0.00e+00	0.00e+00	0.00e+00	0.00e+00	0.00e+00	0.00e+00	1.89e-03	5.68e-04	2.71e-04
 3.59848e+16	3.44e-03	2.15e-01	7.81e-01	0.00e+00	0.00e+00	0.00e+00	0.00e+00	0.00e+00	0.00e+00	2.38e-03	7.16e-04	3.41e-04
 3.64289e+16	4.25e-03	2.39e-01	7.57e-01	0.00e+00	0.00e+00	0.00e+00	0.00e+00	0.00e+00	0.00e+00	2.94e-03	8.87e-04	4.21e-04
 3.67876e+16	5.09e-03	2.61e-01	7.34e-01	0.00e+00	0.00e+00	0.00e+00	0.00e+00	0.00e+00	0.00e+00	3.52e-03	1.06e-03	5.04e-04
 3.71649e+16	6.16e-03	2.86e-01	7.08e-01	0.00e+00	0.00e+00	0.00e+00	0.00e+00	0.00e+00	0.00e+00	4.26e-03	1.29e-03	6.10e-04
 3.75811e+16	7.72e-03	3.18e-01	6.74e-01	0.00e+00	0.00e+00	0.00e+00	0.00e+00	0.00e+00	0.00e+00	5.34e-03	1.62e-03	7.65e-04
 3.79440e+16	9.53e-03	3.51e-01	6.40e-01	0.00e+00	0.00e+00	0.00e+00	0.00e+00	0.00e+00	0.00e+00	6.59e-03	2.00e-03	9.43e-04
 3.82407e+16	1.14e-02	3.80e-01	6.08e-01	0.00e+00	0.00e+00	0.00e+00	0.00e+00	0.00e+00	0.00e+00	7.89e-03	2.39e-03	1.13e-03
 3.85549e+16	1.38e-02	4.14e-01	5.72e-01	0.00e+00	0.00e+00	0.00e+00	0.00e+00	0.00e+00	0.00e+00	9.54e-03	2.89e-03	1.36e-03
 3.89028e+16	1.73e-02	4.56e-01	5.27e-01	0.00e+00	0.00e+00	0.00e+00	0.00e+00	0.00e+00	0.00e+00	1.20e-02	3.63e-03	1.71e-03
 3.92058e+16	2.14e-02	4.96e-01	4.82e-01	0.00e+00	0.00e+00	0.00e+00	0.00e+00	0.00e+00	0.00e+00	1.48e-02	4.47e-03	2.11e-03
 3.94521e+16	2.55e-02	5.31e-01	4.43e-01	0.00e+00	0.00e+00	0.00e+00	0.00e+00	0.00e+00	0.00e+00	1.76e-02	5.32e-03	2.51e-03
 3.97137e+16	3.08e-02	5.69e-01	4.00e-01	0.00e+00	0.00e+00	0.00e+00	0.00e+00	0.00e+00	0.00e+00	2.13e-02	6.43e-03	3.03e-03
 4.00029e+16	3.85e-02	6.12e-01	3.49e-01	0.00e+00	0.00e+00	0.00e+00	0.00e+00	0.00e+00	0.00e+00	2.67e-02	8.01e-03	3.78e-03
 4.02580e+16	4.71e-02	6.50e-01	3.03e-01	0.00e+00	0.00e+00	0.00e+00	0.00e+00	0.00e+00	0.00e+00	3.27e-02	9.79e-03	4.62e-03
 4.04726e+16	5.63e-02	6.81e-01	2.63e-01	0.00e+00	0.00e+00	0.00e+00	0.00e+00	0.00e+00	0.00e+00	3.91e-02	1.17e-02	5.52e-03
 4.07048e+16	6.85e-02	7.11e-01	2.21e-01	0.00e+00	0.00e+00	0.00e+00	0.00e+00	0.00e+00	0.00e+00	4.76e-02	1.41e-02	6.70e-03
 4.09579e+16	8.56e-02	7.38e-01	1.76e-01	0.00e+00	0.00e+00	0.00e+00	0.00e+00	0.00e+00	0.00e+00	5.96e-02	1.76e-02	8.36e-03
 4.11481e+16	1.02e-01	7.54e-01	1.44e-01	0.00e+00	0.00e+00	0.00e+00	0.00e+00	0.00e+00	0.00e+00	7.14e-02	2.10e-02	9.99e-03
 4.12625e+16	1.14e-01	7.61e-01	1.25e-01	0.00e+00	0.00e+00	0.00e+00	0.00e+00	0.00e+00	0.00e+00	7.98e-02	2.33e-02	1.11e-02
 4.13684e+16	1.26e-01	7.64e-01	1.09e-01	0.00e+00	0.00e+00	0.00e+00	0.00e+00	0.00e+00	0.00e+00	8.83e-02	2.57e-02	1.23e-02
 4.15060e+16	1.44e-01	7.65e-01	9.07e-02	0.00e+00	0.00e+00	0.00e+00	0.00e+00	0.00e+00	0.00e+00	1.01e-01	2.91e-02	1.40e-02
 4.16461e+16	1.65e-01	7.61e-01	7.33e-02	0.00e+00	0.00e+00	0.00e+00	0.00e+00	0.00e+00	0.00e+00	1.16e-01	3.32e-02	1.60e-02
 4.17535e+16	1.84e-01	7.55e-01	6.12e-02	0.00e+00	0.00e+00	0.00e+00	0.00e+00	0.00e+00	0.00e+00	1.30e-01	3.68e-02	1.78e-02
 4.18389e+16	2.01e-01	7.46e-01	5.24e-02	0.00e+00	0.00e+00	0.00e+00	0.00e+00	0.00e+00	0.00e+00	1.42e-01	4.00e-02	1.94e-02
 4.19315e+16	2.21e-01	7.35e-01	4.40e-02	0.00e+00	0.00e+00	0.00e+00	0.00e+00	0.00e+00	0.00e+00	1.56e-01	4.36e-02	2.13e-02
 4.20343e+16	2.45e-01	7.19e-01	3.57e-02	0.00e+00	0.00e+00	0.00e+00	0.00e+00	0.00e+00	0.00e+00	1.73e-01	4.80e-02	2.36e-02
 4.21257e+16	2.69e-01	7.02e-01	2.92e-02	0.00e+00	0.00e+00	0.00e+00	0.00e+00	0.00e+00	0.00e+00	1.91e-01	5.22e-02	2.58e-02
 4.22024e+16	2.90e-01	6.85e-01	2.45e-02	0.00e+00	0.00e+00	0.00e+00	0.00e+00	0.00e+00	0.00e+00	2.07e-01	5.59e-02	2.78e-02
 4.22847e+16	3.15e-01	6.65e-01	2.00e-02	0.00e+00	0.00e+00	0.00e+00	0.00e+00	0.00e+00	0.00e+00	2.25e-01	6.01e-02	3.00e-02
 4.23736e+16	3.45e-01	6.39e-01	1.59e-02	0.00e+00	0.00e+00	0.00e+00	0.00e+00	0.00e+00	0.00e+00	2.47e-01	6.48e-02	3.27e-02
 4.24503e+16	3.72e-01	6.15e-01	1.28e-02	0.00e+00	0.00e+00	0.00e+00	0.00e+00	0.00e+00	0.00e+00	2.68e-01	6.91e-02	3.51e-02
 4.25155e+16	3.96e-01	5.94e-01	1.06e-02	0.00e+00	0.00e+00	0.00e+00	0.00e+00	0.00e+00	0.00e+00	2.86e-01	7.27e-02	3.72e-02
 4.25839e+16	4.22e-01	5.69e-01	8.61e-03	0.00e+00	0.00e+00	0.00e+00	0.00e+00	0.00e+00	0.00e+00	3.06e-01	7.66e-02	3.95e-02
 4.26580e+16	4.52e-01	5.41e-01	6.82e-03	0.00e+00	0.00e+00	0.00e+00	0.00e+00	0.00e+00	0.00e+00	3.29e-01	8.06e-02	4.19e-02
 4.27271e+16	4.81e-01	5.14e-01	5.41e-03	0.00e+00	0.00e+00	0.00e+00	0.00e+00	0.00e+00	0.00e+00	3.52e-01	8.43e-02	4.43e-02
 4.27899e+16	5.08e-01	4.88e-01	4.34e-03	0.00e+00	0.00e+00	0.00e+00	0.00e+00	0.00e+00	0.00e+00	3.74e-01	8.76e-02	4.65e-02
 4.28490e+16	5.33e-01	4.64e-01	3.51e-03	0.00e+00	0.00e+00	0.00e+00	0.00e+00	0.00e+00	0.00e+00	3.94e-01	9.03e-02	4.84e-02
 4.29032e+16	5.57e-01	4.40e-01	2.87e-03	0.00e+00	0.00e+00	0.00e+00	0.00e+00	0.00e+00	0.00e+00	4.14e-01	9.26e-02	5.01e-02
 4.29533e+16	5.78e-01	4.19e-01	2.37e-03	0.00e+00	0.00e+00	0.00e+00	0.00e+00	0.00e+00	0.00e+00	4.32e-01	9.45e-02	5.16e-02
 4.29932e+16	5.96e-01	4.02e-01	2.03e-03	0.00e+00	0.00e+00	0.00e+00	0.00e+00	0.00e+00	0.00e+00	4.47e-01	9.59e-02	5.28e-02
 4.30194e+16	6.06e-01	3.92e-01	1.83e-03	0.00e+00	0.00e+00	0.00e+00	0.00e+00	0.00e+00	0.00e+00	4.56e-01	9.67e-02	5.35e-02
 4.30434e+16	6.16e-01	3.82e-01	1.66e-03	0.00e+00	0.00e+00	0.00e+00	0.00e+00	0.00e+00	0.00e+00	4.65e-01	9.73e-02	5.41e-02
 4.30721e+16	6.29e-01	3.70e-01	1.48e-03	0.00e+00	0.00e+00	0.00e+00	0.00e+00	0.00e+00	0.00e+00	4.76e-01	9.81e-02	5.48e-02
 4.31037e+16	6.42e-01	3.57e-01	1.29e-03	0.00e+00	0.00e+00	0.00e+00	0.00e+00	0.00e+00	0.00e+00	4.87e-01	9.89e-02	5.56e-02
 4.31334e+16	6.55e-01	3.44e-01	1.14e-03	0.00e+00	0.00e+00	0.00e+00	0.00e+00	0.00e+00	0.00e+00	4.99e-01	9.95e-02	5.63e-02
 4.31609e+16	6.66e-01	3.33e-01	1.01e-03	0.00e+00	0.00e+00	0.00e+00	0.00e+00	0.00e+00	0.00e+00	5.09e-01	1.00e-01	5.69e-02
 4.31882e+16	6.77e-01	3.22e-01	8.99e-04	0.00e+00	0.00e+00	0.00e+00	0.00e+00	0.00e+00	0.00e+00	5.19e-01	1.00e-01	5.75e-02
 4.32160e+16	6.88e-01	3.11e-01	7.95e-04	0.00e+00	0.00e+00	0.00e+00	0.00e+00	0.00e+00	0.00e+00	5.29e-01	1.01e-01	5.80e-02
 4.32438e+16	7.00e-01	3.00e-01	7.01e-04	0.00e+00	0.00e+00	0.00e+00	0.00e+00	0.00e+00	0.00e+00	5.40e-01	1.01e-01	5.86e-02
 4.32711e+16	7.10e-01	2.89e-01	6.19e-04	0.00e+00	0.00e+00	0.00e+00	0.00e+00	0.00e+00	0.00e+00	5.50e-01	1.01e-01	5.90e-02
 4.32982e+16	7.21e-01	2.78e-01	5.46e-04	0.00e+00	0.00e+00	0.00e+00	0.00e+00	0.00e+00	0.00e+00	5.60e-01	1.01e-01	5.94e-02
 4.33253e+16	7.32e-01	2.68e-01	4.80e-04	0.00e+00	0.00e+00	0.00e+00	0.00e+00	0.00e+00	0.00e+00	5.71e-01	1.01e-01	5.98e-02
 4.33518e+16	7.42e-01	2.58e-01	4.23e-04	0.00e+00	0.00e+00	0.00e+00	0.00e+00	0.00e+00	0.00e+00	5.80e-01	1.01e-01	6.01e-02
 4.33780e+16	7.51e-01	2.49e-01	3.73e-04	0.00e+00	0.00e+00	0.00e+00	0.00e+00	0.00e+00	0.00e+00	5.90e-01	1.01e-01	6.03e-02
 4.34045e+16	7.61e-01	2.39e-01	3.27e-04	0.00e+00	0.00e+00	0.00e+00	0.00e+00	0.00e+00	0.00e+00	6.00e-01	1.01e-01	6.06e-02
 4.34309e+16	7.70e-01	2.30e-01	2.88e-04	0.00e+00	0.00e+00	0.00e+00	0.00e+00	0.00e+00	0.00e+00	6.09e-01	1.00e-01	6.08e-02
 4.34570e+16	7.79e-01	2.20e-01	2.52e-04	0.00e+00	0.00e+00	0.00e+00	0.00e+00	0.00e+00	0.00e+00	6.18e-01	1.00e-01	6.09e-02
 4.34828e+16	7.88e-01	2.12e-01	2.22e-04	0.00e+00	0.00e+00	0.00e+00	0.00e+00	0.00e+00	0.00e+00	6.27e-01	9.97e-02	6.10e-02
 4.35086e+16	7.97e-01	2.03e-01	1.94e-04	0.00e+00	0.00e+00	0.00e+00	0.00e+00	0.00e+00	0.00e+00	6.36e-01	9.92e-02	6.11e-02
 4.35347e+16	8.05e-01	1.95e-01	1.70e-04	0.00e+00	0.00e+00	0.00e+00	0.00e+00	0.00e+00	0.00e+00	6.45e-01	9.87e-02	6.11e-02
 4.35600e+16	8.13e-01	1.87e-01	1.49e-04	0.00e+00	0.00e+00	0.00e+00	0.00e+00	0.00e+00	0.00e+00	6.54e-01	9.81e-02	6.11e-02
 4.35850e+16	8.21e-01	1.79e-01	1.30e-04	0.00e+00	0.00e+00	0.00e+00	0.00e+00	0.00e+00	0.00e+00	6.62e-01	9.76e-02	6.10e-02
 4.36104e+16	8.28e-01	1.72e-01	1.14e-04	0.00e+00	0.00e+00	0.00e+00	0.00e+00	0.00e+00	0.00e+00	6.70e-01	9.69e-02	6.09e-02
 4.36357e+16	8.35e-01	1.65e-01	9.92e-05	0.00e+00	0.00e+00	0.00e+00	0.00e+00	0.00e+00	0.00e+00	6.78e-01	9.62e-02	6.08e-02
 4.36607e+16	8.43e-01	1.57e-01	8.66e-05	0.00e+00	0.00e+00	0.00e+00	0.00e+00	0.00e+00	0.00e+00	6.86e-01	9.54e-02	6.07e-02
 4.36855e+16	8.49e-01	1.51e-01	7.57e-05	0.00e+00	0.00e+00	0.00e+00	0.00e+00	0.00e+00	0.00e+00	6.94e-01	9.47e-02	6.05e-02
 4.37098e+16	8.55e-01	1.44e-01	6.61e-05	0.00e+00	0.00e+00	0.00e+00	0.00e+00	0.00e+00	0.00e+00	7.01e-01	9.39e-02	6.03e-02
 4.37343e+16	8.62e-01	1.38e-01	5.76e-05	0.00e+00	0.00e+00	0.00e+00	0.00e+00	0.00e+00	0.00e+00	7.09e-01	9.31e-02	6.01e-02
 4.37588e+16	8.68e-01	1.32e-01	5.02e-05	0.00e+00	0.00e+00	0.00e+00	0.00e+00	0.00e+00	0.00e+00	7.16e-01	9.23e-02	5.98e-02
 4.37830e+16	8.74e-01	1.26e-01	4.38e-05	0.00e+00	0.00e+00	0.00e+00	0.00e+00	0.00e+00	0.00e+00	7.22e-01	9.15e-02	5.96e-02
 4.38065e+16	8.79e-01	1.21e-01	3.83e-05	0.00e+00	0.00e+00	0.00e+00	0.00e+00	0.00e+00	0.00e+00	7.29e-01	9.07e-02	5.93e-02
 4.38296e+16	8.84e-01	1.16e-01	3.36e-05	0.00e+00	0.00e+00	0.00e+00	0.00e+00	0.00e+00	0.00e+00	7.35e-01	8.99e-02	5.90e-02
 4.38525e+16	8.89e-01	1.11e-01	2.94e-05	0.00e+00	0.00e+00	0.00e+00	0.00e+00	0.00e+00	0.00e+00	7.41e-01	8.91e-02	5.87e-02
 4.38753e+16	8.94e-01	1.06e-01	2.57e-05	0.00e+00	0.00e+00	0.00e+00	0.00e+00	0.00e+00	0.00e+00	7.47e-01	8.83e-02	5.84e-02
 4.38979e+16	8.98e-01	1.02e-01	2.25e-05	0.00e+00	0.00e+00	0.00e+00	0.00e+00	0.00e+00	0.00e+00	7.53e-01	8.75e-02	5.80e-02
 4.39201e+16	9.02e-01	9.76e-02	1.98e-05	0.00e+00	0.00e+00	0.00e+00	0.00e+00	0.00e+00	0.00e+00	7.58e-01	8.67e-02	5.77e-02
 4.39416e+16	9.06e-01	9.36e-02	1.74e-05	0.00e+00	0.00e+00	0.00e+00	0.00e+00	0.00e+00	0.00e+00	7.63e-01	8.59e-02	5.74e-02
 4.39631e+16	9.10e-01	8.97e-02	1.53e-05	0.00e+00	0.00e+00	0.00e+00	0.00e+00	0.00e+00	0.00e+00	7.68e-01	8.51e-02	5.70e-02
 4.39847e+16	9.14e-01	8.61e-02	1.35e-05	0.00e+00	0.00e+00	0.00e+00	0.00e+00	0.00e+00	0.00e+00	7.73e-01	8.44e-02	5.67e-02
 4.40058e+16	9.18e-01	8.25e-02	1.18e-05	0.00e+00	0.00e+00	0.00e+00	0.00e+00	0.00e+00	0.00e+00	7.78e-01	8.36e-02	5.63e-02
 4.40265e+16	9.21e-01	7.91e-02	1.05e-05	0.00e+00	0.00e+00	0.00e+00	0.00e+00	0.00e+00	0.00e+00	7.82e-01	8.29e-02	5.60e-02
 4.40469e+16	9.24e-01	7.59e-02	9.23e-06	0.00e+00	0.00e+00	0.00e+00	0.00e+00	0.00e+00	0.00e+00	7.86e-01	8.22e-02	5.57e-02
 4.40675e+16	9.27e-01	7.29e-02	8.14e-06	0.00e+00	0.00e+00	0.00e+00	0.00e+00	0.00e+00	0.00e+00	7.90e-01	8.15e-02	5.53e-02
 4.40880e+16	9.30e-01	6.99e-02	7.18e-06	0.00e+00	0.00e+00	0.00e+00	0.00e+00	0.00e+00	0.00e+00	7.94e-01	8.08e-02	5.50e-02
 4.41081e+16	9.33e-01	6.71e-02	6.34e-06	0.00e+00	0.00e+00	0.00e+00	0.00e+00	0.00e+00	0.00e+00	7.98e-01	8.01e-02	5.46e-02
 4.41276e+16	9.36e-01	6.44e-02	5.62e-06	0.00e+00	0.00e+00	0.00e+00	0.00e+00	0.00e+00	0.00e+00	8.02e-01	7.94e-02	5.42e-02
 4.41469e+16	9.38e-01	6.19e-02	4.98e-06	0.00e+00	0.00e+00	0.00e+00	0.00e+00	0.00e+00	0.00e+00	8.06e-01	7.88e-02	5.39e-02
 4.41666e+16	9.41e-01	5.94e-02	4.41e-06	0.00e+00	0.00e+00	0.00e+00	0.00e+00	0.00e+00	0.00e+00	8.09e-01	7.81e-02	5.35e-02
 4.41862e+16	9.43e-01	5.69e-02	3.90e-06	0.00e+00	0.00e+00	0.00e+00	0.00e+00	0.00e+00	0.00e+00	8.13e-01	7.74e-02	5.31e-02
 4.42050e+16	9.45e-01	5.47e-02	3.47e-06	0.00e+00	0.00e+00	0.00e+00	0.00e+00	0.00e+00	0.00e+00	8.16e-01	7.68e-02	5.27e-02
 4.42236e+16	9.47e-01	5.26e-02	3.08e-06	0.00e+00	0.00e+00	0.00e+00	0.00e+00	0.00e+00	0.00e+00	8.19e-01	7.63e-02	5.24e-02
 4.42426e+16	9.49e-01	5.05e-02	2.73e-06	0.00e+00	0.00e+00	0.00e+00	0.00e+00	0.00e+00	0.00e+00	8.22e-01	7.57e-02	5.20e-02
 4.42616e+16	9.52e-01	4.84e-02	2.42e-06	0.00e+00	0.00e+00	0.00e+00	0.00e+00	0.00e+00	0.00e+00	8.25e-01	7.51e-02	5.16e-02
 4.42797e+16	9.53e-01	4.66e-02	2.16e-06	0.00e+00	0.00e+00	0.00e+00	0.00e+00	0.00e+00	0.00e+00	8.28e-01	7.46e-02	5.13e-02
 4.42977e+16	9.55e-01	4.49e-02	1.93e-06	0.00e+00	0.00e+00	0.00e+00	0.00e+00	0.00e+00	0.00e+00	8.30e-01	7.41e-02	5.10e-02
 4.43160e+16	9.57e-01	4.31e-02	1.71e-06	0.00e+00	0.00e+00	0.00e+00	0.00e+00	0.00e+00	0.00e+00	8.33e-01	7.35e-02	5.07e-02
 4.43342e+16	9.59e-01	4.13e-02	1.52e-06	0.00e+00	0.00e+00	0.00e+00	0.00e+00	0.00e+00	0.00e+00	8.35e-01	7.30e-02	5.04e-02
 4.43520e+16	9.60e-01	3.97e-02	1.36e-06	0.00e+00	0.00e+00	0.00e+00	0.00e+00	0.00e+00	0.00e+00	8.38e-01	7.25e-02	5.00e-02
 4.43696e+16	9.62e-01	3.81e-02	1.21e-06	0.00e+00	0.00e+00	0.00e+00	0.00e+00	0.00e+00	0.00e+00	8.40e-01	7.21e-02	4.97e-02
 4.43870e+16	9.63e-01	3.66e-02	1.08e-06	0.00e+00	0.00e+00	0.00e+00	0.00e+00	0.00e+00	0.00e+00	8.42e-01	7.16e-02	4.94e-02
 4.44048e+16	9.65e-01	3.51e-02	9.62e-07	0.00e+00	0.00e+00	0.00e+00	0.00e+00	0.00e+00	0.00e+00	8.45e-01	7.11e-02	4.92e-02
 4.44227e+16	9.66e-01	3.37e-02	8.56e-07	0.00e+00	0.00e+00	0.00e+00	0.00e+00	0.00e+00	0.00e+00	8.47e-01	7.07e-02	4.89e-02
 4.44400e+16	9.68e-01	3.24e-02	7.66e-07	0.00e+00	0.00e+00	0.00e+00	0.00e+00	0.00e+00	0.00e+00	8.49e-01	7.03e-02	4.86e-02
 4.44565e+16	9.69e-01	3.12e-02	6.88e-07	0.00e+00	0.00e+00	0.00e+00	0.00e+00	0.00e+00	0.00e+00	8.51e-01	6.99e-02	4.83e-02
 4.44725e+16	9.70e-01	3.00e-02	6.20e-07	0.00e+00	0.00e+00	0.00e+00	0.00e+00	0.00e+00	0.00e+00	8.52e-01	6.95e-02	4.81e-02
 4.44890e+16	9.71e-01	2.89e-02	5.56e-07	0.00e+00	0.00e+00	0.00e+00	0.00e+00	0.00e+00	0.00e+00	8.54e-01	6.91e-02	4.78e-02
 4.45060e+16	9.72e-01	2.77e-02	4.96e-07	0.00e+00	0.00e+00	0.00e+00	0.00e+00	0.00e+00	0.00e+00	8.56e-01	6.87e-02	4.76e-02
 4.45228e+16	9.73e-01	2.65e-02	4.44e-07	0.00e+00	0.00e+00	0.00e+00	0.00e+00	0.00e+00	0.00e+00	8.58e-01	6.83e-02	4.73e-02
 4.45387e+16	9.74e-01	2.55e-02	4.00e-07	0.00e+00	0.00e+00	0.00e+00	0.00e+00	0.00e+00	0.00e+00	8.59e-01	6.80e-02	4.71e-02
 4.45543e+16	9.75e-01	2.45e-02	3.61e-07	0.00e+00	0.00e+00	0.00e+00	0.00e+00	0.00e+00	0.00e+00	8.61e-01	6.76e-02	4.69e-02
 4.45700e+16	9.76e-01	2.35e-02	3.25e-07	0.00e+00	0.00e+00	0.00e+00	0.00e+00	0.00e+00	0.00e+00	8.63e-01	6.73e-02	4.66e-02
 4.45858e+16	9.77e-01	2.26e-02	2.92e-07	0.00e+00	0.00e+00	0.00e+00	0.00e+00	0.00e+00	0.00e+00	8.64e-01	6.69e-02	4.64e-02
 4.46012e+16	9.78e-01	2.16e-02	2.63e-07	0.00e+00	0.00e+00	0.00e+00	0.00e+00	0.00e+00	0.00e+00	8.66e-01	6.66e-02	4.62e-02
 4.46160e+16	9.79e-01	2.08e-02	2.39e-07	0.00e+00	0.00e+00	0.00e+00	0.00e+00	0.00e+00	0.00e+00	8.67e-01	6.63e-02	4.59e-02
 4.46299e+16	9.80e-01	2.00e-02	2.18e-07	0.00e+00	0.00e+00	0.00e+00	0.00e+00	0.00e+00	0.00e+00	8.68e-01	6.60e-02	4.57e-02
 4.46428e+16	9.81e-01	1.93e-02	2.00e-07	0.00e+00	0.00e+00	0.00e+00	0.00e+00	0.00e+00	0.00e+00	8.69e-01	6.57e-02	4.55e-02
 4.46546e+16	9.81e-01	1.87e-02	1.85e-07	0.00e+00	0.00e+00	0.00e+00	0.00e+00	0.00e+00	0.00e+00	8.70e-01	6.55e-02	4.54e-02
 4.46657e+16	9.82e-01	1.81e-02	1.72e-07	0.00e+00	0.00e+00	0.00e+00	0.00e+00	0.00e+00	0.00e+00	8.71e-01	6.52e-02	4.52e-02
 4.46762e+16	9.82e-01	1.75e-02	1.60e-07	0.00e+00	0.00e+00	0.00e+00	0.00e+00	0.00e+00	0.00e+00	8.72e-01	6.50e-02	4.50e-02
 4.46861e+16	9.83e-01	1.70e-02	1.50e-07	0.00e+00	0.00e+00	0.00e+00	0.00e+00	0.00e+00	0.00e+00	8.73e-01	6.48e-02	4.49e-02
 4.46957e+16	9.83e-01	1.65e-02	1.40e-07	0.00e+00	0.00e+00	0.00e+00	0.00e+00	0.00e+00	0.00e+00	8.74e-01	6.45e-02	4.47e-02
 4.47048e+16	9.84e-01	1.61e-02	1.32e-07	0.00e+00	0.00e+00	0.00e+00	0.00e+00	0.00e+00	0.00e+00	8.75e-01	6.43e-02	4.46e-02
 4.47135e+16	9.84e-01	1.56e-02	1.25e-07	0.00e+00	0.00e+00	0.00e+00	0.00e+00	0.00e+00	0.00e+00	8.76e-01	6.41e-02	4.44e-02
 4.47216e+16	9.85e-01	1.52e-02	1.18e-07	0.00e+00	0.00e+00	0.00e+00	0.00e+00	0.00e+00	0.00e+00	8.77e-01	6.39e-02	4.43e-02
 4.47297e+16	9.85e-01	1.48e-02	1.12e-07	0.00e+00	0.00e+00	0.00e+00	0.00e+00	0.00e+00	0.00e+00	8.77e-01	6.37e-02	4.41e-02
 4.47381e+16	9.86e-01	1.44e-02	1.05e-07	0.00e+00	0.00e+00	0.00e+00	0.00e+00	0.00e+00	0.00e+00	8.78e-01	6.35e-02	4.39e-02
 4.47461e+16	9.86e-01	1.40e-02	9.98e-08	0.00e+00	0.00e+00	0.00e+00	0.00e+00	0.00e+00	0.00e+00	8.79e-01	6.33e-02	4.38e-02
 4.47538e+16	9.86e-01	1.36e-02	9.46e-08	0.00e+00	0.00e+00	0.00e+00	0.00e+00	0.00e+00	0.00e+00	8.80e-01	6.30e-02	4.36e-02
 4.47617e+16	9.87e-01	1.32e-02	8.95e-08	0.00e+00	0.00e+00	0.00e+00	0.00e+00	0.00e+00	0.00e+00	8.81e-01	6.28e-02	4.34e-02
 4.47699e+16	9.87e-01	1.27e-02	8.45e-08	0.00e+00	0.00e+00	0.00e+00	0.00e+00	0.00e+00	0.00e+00	8.81e-01	6.26e-02	4.32e-02
 4.47782e+16	9.88e-01	1.23e-02	7.97e-08	0.00e+00	0.00e+00	0.00e+00	0.00e+00	0.00e+00	0.00e+00	8.82e-01	6.23e-02	4.30e-02
 4.47857e+16	9.88e-01	1.19e-02	7.55e-08	0.00e+00	0.00e+00	0.00e+00	0.00e+00	0.00e+00	0.00e+00	8.83e-01	6.20e-02	4.28e-02
 4.47924e+16	9.88e-01	1.16e-02	7.21e-08	0.00e+00	0.00e+00	0.00e+00	0.00e+00	0.00e+00	0.00e+00	8.84e-01	6.18e-02	4.26e-02
 4.47985e+16	9.89e-01	1.12e-02	6.90e-08	0.00e+00	0.00e+00	0.00e+00	0.00e+00	0.00e+00	0.00e+00	8.85e-01	6.16e-02	4.25e-02
 4.48042e+16	9.89e-01	1.10e-02	6.62e-08	0.00e+00	0.00e+00	0.00e+00	0.00e+00	0.00e+00	0.00e+00	8.85e-01	6.14e-02	4.23e-02
 4.48097e+16	9.89e-01	1.07e-02	6.36e-08	0.00e+00	0.00e+00	0.00e+00	0.00e+00	0.00e+00	0.00e+00	8.86e-01	6.11e-02	4.21e-02
 4.48151e+16	9.90e-01	1.04e-02	6.11e-08	0.00e+00	0.00e+00	0.00e+00	0.00e+00	0.00e+00	0.00e+00	8.87e-01	6.09e-02	4.19e-02
 4.48201e+16	9.90e-01	1.01e-02	5.89e-08	0.00e+00	0.00e+00	0.00e+00	0.00e+00	0.00e+00	0.00e+00	8.87e-01	6.07e-02	4.17e-02
 4.48247e+16	9.90e-01	9.89e-03	5.68e-08	0.00e+00	0.00e+00	0.00e+00	0.00e+00	0.00e+00	0.00e+00	8.88e-01	6.05e-02	4.16e-02
 4.48291e+16	9.90e-01	9.66e-03	5.49e-08	0.00e+00	0.00e+00	0.00e+00	0.00e+00	0.00e+00	0.00e+00	8.89e-01	6.03e-02	4.14e-02
 4.48331e+16	9.91e-01	9.46e-03	5.32e-08	0.00e+00	0.00e+00	0.00e+00	0.00e+00	0.00e+00	0.00e+00	8.89e-01	6.01e-02	4.12e-02
 4.48367e+16	9.91e-01	9.27e-03	5.17e-08	0.00e+00	0.00e+00	0.00e+00	0.00e+00	0.00e+00	0.00e+00	8.90e-01	5.99e-02	4.11e-02
 4.48400e+16	9.91e-01	9.11e-03	5.04e-08	0.00e+00	0.00e+00	0.00e+00	0.00e+00	0.00e+00	0.00e+00	8.90e-01	5.98e-02	4.10e-02
 4.48429e+16	9.91e-01	8.95e-03	4.92e-08	0.00e+00	0.00e+00	0.00e+00	0.00e+00	0.00e+00	0.00e+00	8.91e-01	5.96e-02	4.08e-02
 4.48457e+16	9.91e-01	8.83e-03	4.81e-08	0.00e+00	0.00e+00	0.00e+00	0.00e+00	0.00e+00	0.00e+00	8.91e-01	5.95e-02	4.07e-02
 4.48486e+16	9.91e-01	8.68e-03	4.69e-08	0.00e+00	0.00e+00	0.00e+00	0.00e+00	0.00e+00	0.00e+00	8.91e-01	5.93e-02	4.06e-02
 4.48519e+16	9.91e-01	8.52e-03	4.56e-08	0.00e+00	0.00e+00	0.00e+00	0.00e+00	0.00e+00	0.00e+00	8.92e-01	5.91e-02	4.04e-02
 4.48548e+16	9.92e-01	8.38e-03	4.45e-08	0.00e+00	0.00e+00	0.00e+00	0.00e+00	0.00e+00	0.00e+00	8.92e-01	5.89e-02	4.03e-02
 4.48574e+16	9.92e-01	8.26e-03	4.35e-08	0.00e+00	0.00e+00	0.00e+00	0.00e+00	0.00e+00	0.00e+00	8.93e-01	5.87e-02	4.02e-02
 4.48604e+16	9.92e-01	8.12e-03	4.24e-08	0.00e+00	0.00e+00	0.00e+00	0.00e+00	0.00e+00	0.00e+00	8.93e-01	5.85e-02	4.00e-02
 4.48635e+16	9.92e-01	7.96e-03	4.12e-08	0.00e+00	0.00e+00	0.00e+00	0.00e+00	0.00e+00	0.00e+00	8.94e-01	5.83e-02	3.99e-02
 4.48664e+16	9.92e-01	7.83e-03	4.02e-08	0.00e+00	0.00e+00	0.00e+00	0.00e+00	0.00e+00	0.00e+00	8.94e-01	5.81e-02	3.97e-02
 4.48690e+16	9.92e-01	7.71e-03	3.92e-08	0.00e+00	0.00e+00	0.00e+00	0.00e+00	0.00e+00	0.00e+00	8.95e-01	5.80e-02	3.96e-02
 4.48719e+16	9.92e-01	7.57e-03	3.82e-08	0.00e+00	0.00e+00	0.00e+00	0.00e+00	0.00e+00	0.00e+00	8.95e-01	5.78e-02	3.95e-02
 4.48749e+16	9.93e-01	7.40e-03	3.69e-08	0.00e+00	0.00e+00	0.00e+00	0.00e+00	0.00e+00	0.00e+00	8.96e-01	5.75e-02	3.93e-02
