#depth	H	H+	H2
 3.15821e+11	1.30e-03	9.99e-01	1.10e-13
 1.89493e+12	1.30e-03	9.99e-01	1.11e-13
 8.21135e+12	1.30e-03	9.99e-01	1.11e-13
 3.34771e+13	1.30e-03	9.99e-01	1.11e-13
 7.99660e+13	1.29e-03	9.99e-01	1.12e-13
 1.40402e+14	1.28e-03	9.99e-01	1.12e-13
 2.18968e+14	1.28e-03	9.99e-01	1.13e-13
 3.21104e+14	1.27e-03	9.99e-01	1.14e-13
 4.53881e+14	1.26e-03	9.99e-01	1.16e-13
 6.26491e+14	1.26e-03	9.99e-01	1.18e-13
 8.50884e+14	1.25e-03	9.99e-01	1.20e-13
 1.14259e+15	1.25e-03	9.99e-01	1.24e-13
 1.52182e+15	1.25e-03	9.99e-01	1.28e-13
 2.01481e+15	1.25e-03	9.99e-01	1.34e-13
 2.65570e+15	1.26e-03	9.99e-01	1.41e-13
 3.48885e+15	1.27e-03	9.99e-01	1.50e-13
 4.57196e+15	1.30e-03	9.99e-01	1.60e-13
 5.97999e+15	1.34e-03	9.99e-01	1.73e-13
 7.50670e+15	1.39e-03	9.99e-01	1.84e-13
 8.92963e+15	1.44e-03	9.99e-01	1.93e-13
 1.01028e+16	1.49e-03	9.99e-01	2.00e-13
 1.11131e+16	1.55e-03	9.98e-01	2.05e-13
 1.22244e+16	1.61e-03	9.98e-01	2.10e-13
 1.34468e+16	1.70e-03	9.98e-01	2.16e-13
 1.47915e+16	1.80e-03	9.98e-01	2.24e-13
 1.62706e+16	1.94e-03	9.98e-01	2.33e-13
 1.78977e+16	2.11e-03	9.98e-01	2.47e-13
 1.93094e+16	2.29e-03	9.98e-01	2.66e-13
 2.02782e+16	2.43e-03	9.98e-01	2.83e-13
 2.12199e+16	2.58e-03	9.97e-01	2.97e-13
 2.22824e+16	2.77e-03	9.97e-01	3.18e-13
 2.32554e+16	2.98e-03	9.97e-01	3.42e-13
 2.40832e+16	3.18e-03	9.97e-01	3.67e-13
 2.48456e+16	3.38e-03	9.97e-01	3.91e-13
 2.57136e+16	3.63e-03	9.96e-01	4.20e-13
 2.66270e+16	3.94e-03	9.96e-01	4.61e-13
 2.73744e+16	4.24e-03	9.96e-01	5.00e-13
 2.79918e+16	4.51e-03	9.95e-01	5.36e-13
 2.86658e+16	4.82e-03	9.95e-01	5.75e-13
 2.94116e+16	5.23e-03	9.95e-01	6.28e-13
 3.00742e+16	5.65e-03	9.94e-01	6.84e-13
 3.06338e+16	6.05e-03	9.94e-01	7.40e-13
 3.12362e+16	6.51e-03	9.93e-01	7.98e-13
 3.18943e+16	7.10e-03	9.93e-01	8.75e-13
 3.24673e+16	7.70e-03	9.92e-01	9.54e-13
 3.29508e+16	8.28e-03	9.92e-01	1.03e-12
 3.34752e+16	8.95e-03	9.91e-01	1.12e-12
 3.40533e+16	9.82e-03	9.90e-01	1.23e-12
 3.45649e+16	1.07e-02	9.89e-01	1.36e-12
 3.49992e+16	1.16e-02	9.88e-01	1.47e-12
 3.54694e+16	1.27e-02	9.87e-01	1.61e-12
 3.59848e+16	1.41e-02	9.86e-01	1.79e-12
 3.64289e+16	1.56e-02	9.84e-01	1.98e-12
 3.67876e+16	1.70e-02	9.83e-01	2.16e-12
 3.71649e+16	1.86e-02	9.81e-01	2.36e-12
 3.75811e+16	2.07e-02	9.79e-01	2.64e-12
 3.79440e+16	2.30e-02	9.77e-01	2.94e-12
 3.82407e+16	2.52e-02	9.75e-01	3.24e-12
 3.85549e+16	2.77e-02	9.72e-01	3.56e-12
 3.89028e+16	3.14e-02	9.69e-01	4.05e-12
 3.92058e+16	3.52e-02	9.65e-01	4.58e-12
 3.94521e+16	3.89e-02	9.61e-01	5.07e-12
 3.97137e+16	4.35e-02	9.56e-01	5.71e-12
 4.00029e+16	5.00e-02	9.50e-01	6.61e-12
 4.02580e+16	5.70e-02	9.43e-01	7.63e-12
 4.04726e+16	6.44e-02	9.36e-01	8.71e-12
 4.07048e+16	7.40e-02	9.26e-01	1.01e-11
 4.09579e+16	8.74e-02	9.13e-01	1.22e-11
 4.11481e+16	1.01e-01	8.99e-01	1.44e-11
 4.12625e+16	1.10e-01	8.90e-01	1.60e-11
 4.13684e+16	1.20e-01	8.80e-01	1.76e-11
 4.15060e+16	1.34e-01	8.66e-01	2.01e-11
 4.16461e+16	1.51e-01	8.49e-01	2.32e-11
 4.17535e+16	1.67e-01	8.33e-01	2.62e-11
 4.18389e+16	1.81e-01	8.19e-01	2.89e-11
 4.19315e+16	1.97e-01	8.03e-01	3.22e-11
 4.20343e+16	2.17e-01	7.83e-01	3.66e-11
 4.21257e+16	2.38e-01	7.62e-01	4.13e-11
 4.22024e+16	2.56e-01	7.44e-01	4.55e-11
 4.22847e+16	2.78e-01	7.22e-01	5.10e-11
 4.23736e+16	3.05e-01	6.95e-01	5.78e-11
 4.24503e+16	3.29e-01	6.71e-01	6.47e-11
 4.25155e+16	3.51e-01	6.49e-01	7.10e-11
 4.25839e+16	3.76e-01	6.24e-01	7.89e-11
 4.26580e+16	4.04e-01	5.96e-01	8.81e-11
 4.27271e+16	4.31e-01	5.69e-01	9.82e-11
 4.27899e+16	4.57e-01	5.43e-01	1.08e-10
 4.28490e+16	4.82e-01	5.18e-01	1.19e-10
 4.29032e+16	5.06e-01	4.94e-01	1.30e-10
 4.29533e+16	5.27e-01	4.73e-01	1.40e-10
 4.29932e+16	5.45e-01	4.55e-01	1.49e-10
 4.30194e+16	5.55e-01	4.45e-01	1.56e-10
 4.30434e+16	5.66e-01	4.34e-01	1.62e-10
 4.30721e+16	5.78e-01	4.22e-01	1.70e-10
 4.31037e+16	5.92e-01	4.08e-01	1.78e-10
 4.31334e+16	6.05e-01	3.95e-01	1.87e-10
 4.31609e+16	6.17e-01	3.83e-01	1.95e-10
 4.31882e+16	6.29e-01	3.71e-01	2.05e-10
 4.32160e+16	6.41e-01	3.59e-01	2.14e-10
 4.32438e+16	6.53e-01	3.47e-01	2.25e-10
 4.32711e+16	6.64e-01	3.36e-01	2.34e-10
 4.32982e+16	6.76e-01	3.24e-01	2.45e-10
 4.33253e+16	6.87e-01	3.13e-01	2.57e-10
 4.33518e+16	6.98e-01	3.02e-01	2.69e-10
 4.33780e+16	7.09e-01	2.91e-01	2.80e-10
 4.34045e+16	7.20e-01	2.80e-01	2.94e-10
 4.34309e+16	7.30e-01	2.70e-01	3.06e-10
 4.34570e+16	7.40e-01	2.60e-01	3.22e-10
 4.34828e+16	7.49e-01	2.51e-01	3.34e-10
 4.35086e+16	7.59e-01	2.41e-01	3.51e-10
 4.35347e+16	7.69e-01	2.31e-01	3.67e-10
 4.35600e+16	7.78e-01	2.22e-01	3.84e-10
 4.35850e+16	7.86e-01	2.14e-01	4.01e-10
 4.36104e+16	7.95e-01	2.05e-01	4.20e-10
 4.36357e+16	8.03e-01	1.97e-01	4.38e-10
 4.36607e+16	8.11e-01	1.89e-01	4.60e-10
 4.36855e+16	8.19e-01	1.81e-01	4.80e-10
 4.37098e+16	8.26e-01	1.74e-01	5.03e-10
 4.37343e+16	8.33e-01	1.67e-01	5.27e-10
 4.37588e+16	8.40e-01	1.60e-01	5.52e-10
 4.37830e+16	8.47e-01	1.53e-01	5.78e-10
 4.38065e+16	8.53e-01	1.47e-01	6.03e-10
 4.38296e+16	8.59e-01	1.41e-01	6.33e-10
 4.38525e+16	8.65e-01	1.35e-01	6.64e-10
 4.38753e+16	8.71e-01	1.29e-01	6.95e-10
 4.38979e+16	8.76e-01	1.24e-01	7.25e-10
 4.39201e+16	8.81e-01	1.19e-01	7.62e-10
 4.39416e+16	8.86e-01	1.14e-01	7.99e-10
 4.39631e+16	8.90e-01	1.10e-01	8.37e-10
 4.39847e+16	8.95e-01	1.05e-01	8.74e-10
 4.40058e+16	8.99e-01	1.01e-01	9.20e-10
 4.40265e+16	9.03e-01	9.70e-02	9.65e-10
 4.40469e+16	9.07e-01	9.32e-02	1.01e-09
 4.40675e+16	9.10e-01	8.96e-02	1.05e-09
 4.40880e+16	9.14e-01	8.59e-02	1.11e-09
 4.41081e+16	9.17e-01	8.26e-02	1.17e-09
 4.41276e+16	9.21e-01	7.93e-02	1.23e-09
 4.41469e+16	9.24e-01	7.63e-02	1.29e-09
 4.41666e+16	9.27e-01	7.33e-02	1.36e-09
 4.41862e+16	9.30e-01	7.03e-02	1.44e-09
 4.42050e+16	9.32e-01	6.77e-02	1.52e-09
 4.42236e+16	9.35e-01	6.51e-02	1.59e-09
 4.42426e+16	9.37e-01	6.26e-02	1.68e-09
 4.42616e+16	9.40e-01	6.01e-02	1.79e-09
 4.42797e+16	9.42e-01	5.78e-02	1.89e-09
 4.42977e+16	9.44e-01	5.57e-02	1.98e-09
 4.43160e+16	9.46e-01	5.35e-02	2.11e-09
 4.43342e+16	9.49e-01	5.14e-02	2.24e-09
 4.43520e+16	9.51e-01	4.94e-02	2.39e-09
 4.43696e+16	9.52e-01	4.75e-02	2.55e-09
 4.43870e+16	9.54e-01	4.56e-02	2.72e-09
 4.44048e+16	9.56e-01	4.38e-02	2.90e-09
 4.44227e+16	9.58e-01	4.21e-02	3.10e-09
 4.44400e+16	9.60e-01	4.05e-02	3.34e-09
 4.44565e+16	9.61e-01	3.90e-02	3.59e-09
 4.44725e+16	9.62e-01	3.76e-02	3.85e-09
 4.44890e+16	9.64e-01	3.62e-02	4.16e-09
 4.45060e+16	9.65e-01	3.46e-02	4.56e-09
 4.45228e+16	9.67e-01	3.33e-02	4.97e-09
 4.45387e+16	9.68e-01	3.20e-02	5.41e-09
 4.45543e+16	9.69e-01	3.08e-02	5.97e-09
 4.45700e+16	9.70e-01	2.96e-02	6.60e-09
 4.45858e+16	9.72e-01	2.84e-02	7.35e-09
 4.46012e+16	9.73e-01	2.72e-02	8.24e-09
 4.46160e+16	9.74e-01	2.62e-02	9.21e-09
 4.46299e+16	9.75e-01	2.52e-02	1.03e-08
 4.46428e+16	9.76e-01	2.44e-02	1.16e-08
 4.46546e+16	9.76e-01	2.36e-02	1.29e-08
 4.46657e+16	9.77e-01	2.29e-02	1.45e-08
 4.46762e+16	9.78e-01	2.22e-02	1.62e-08
 4.46861e+16	9.78e-01	2.16e-02	1.81e-08
 4.46957e+16	9.79e-01	2.10e-02	2.02e-08
 4.47048e+16	9.80e-01	2.04e-02	2.26e-08
 4.47135e+16	9.80e-01	1.98e-02	2.53e-08
 4.47216e+16	9.81e-01	1.94e-02	2.79e-08
 4.47297e+16	9.81e-01	1.89e-02	3.11e-08
 4.47381e+16	9.82e-01	1.83e-02	3.48e-08
 4.47461e+16	9.82e-01	1.78e-02	3.87e-08
 4.47538e+16	9.83e-01	1.74e-02	4.28e-08
 4.47617e+16	9.83e-01	1.69e-02	4.73e-08
 4.47699e+16	9.84e-01	1.63e-02	5.22e-08
 4.47782e+16	9.84e-01	1.58e-02	5.70e-08
 4.47857e+16	9.85e-01	1.53e-02	6.10e-08
 4.47924e+16	9.85e-01	1.49e-02	6.43e-08
 4.47985e+16	9.85e-01	1.45e-02	6.69e-08
 4.48042e+16	9.86e-01	1.42e-02	6.92e-08
 4.48097e+16	9.86e-01	1.38e-02	7.11e-08
 4.48151e+16	9.86e-01	1.35e-02	7.29e-08
 4.48201e+16	9.87e-01	1.32e-02	7.44e-08
 4.48247e+16	9.87e-01	1.29e-02	7.58e-08
 4.48291e+16	9.87e-01	1.26e-02	7.70e-08
 4.48331e+16	9.88e-01	1.24e-02	7.82e-08
 4.48367e+16	9.88e-01	1.22e-02	7.92e-08
 4.48400e+16	9.88e-01	1.20e-02	8.02e-08
 4.48429e+16	9.88e-01	1.18e-02	8.12e-08
 4.48457e+16	9.88e-01	1.16e-02	8.20e-08
 4.48486e+16	9.89e-01	1.15e-02	8.31e-08
 4.48519e+16	9.89e-01	1.13e-02	8.42e-08
 4.48548e+16	9.89e-01	1.11e-02	8.53e-08
 4.48574e+16	9.89e-01	1.10e-02	8.63e-08
 4.48604e+16	9.89e-01	1.08e-02	8.74e-08
 4.48635e+16	9.89e-01	1.06e-02	8.89e-08
 4.48664e+16	9.90e-01	1.05e-02	9.01e-08
 4.48690e+16	9.90e-01	1.03e-02	9.12e-08
 4.48719e+16	9.90e-01	1.02e-02	9.26e-08
 4.48749e+16	9.90e-01	9.95e-03	9.44e-08
