#depth	He	He+	He+2
 3.15821e+11	1.03e-03	9.55e-01	4.39e-02
 1.89493e+12	1.03e-03	9.55e-01	4.39e-02
 8.21135e+12	1.03e-03	9.55e-01	4.37e-02
 3.34771e+13	1.03e-03	9.56e-01	4.26e-02
 7.99660e+13	1.03e-03	9.57e-01	4.18e-02
 1.40402e+14	1.04e-03	9.59e-01	4.01e-02
 2.18968e+14	1.04e-03	9.62e-01	3.72e-02
 3.21104e+14	1.05e-03	9.66e-01	3.33e-02
 4.53881e+14	1.06e-03	9.71e-01	2.82e-02
 6.26491e+14	1.07e-03	9.77e-01	2.22e-02
 8.50884e+14	1.09e-03	9.83e-01	1.60e-02
 1.14259e+15	1.11e-03	9.89e-01	1.03e-02
 1.52182e+15	1.13e-03	9.93e-01	5.71e-03
 2.01481e+15	1.15e-03	9.96e-01	2.66e-03
 2.65570e+15	1.18e-03	9.98e-01	1.00e-03
 3.48885e+15	1.21e-03	9.98e-01	2.98e-04
 4.57196e+15	1.26e-03	9.99e-01	6.80e-05
 5.97999e+15	1.33e-03	9.99e-01	1.21e-05
 7.50670e+15	1.40e-03	9.99e-01	2.25e-06
 8.92963e+15	1.47e-03	9.99e-01	5.97e-07
 1.01028e+16	1.53e-03	9.98e-01	2.29e-07
 1.11131e+16	1.59e-03	9.98e-01	1.08e-07
 1.22244e+16	1.66e-03	9.98e-01	4.99e-08
 1.34468e+16	1.74e-03	9.98e-01	2.29e-08
 1.47915e+16	1.83e-03	9.98e-01	1.04e-08
 1.62706e+16	1.94e-03	9.98e-01	4.70e-09
 1.78977e+16	2.07e-03	9.98e-01	2.11e-09
 1.93094e+16	2.19e-03	9.98e-01	1.13e-09
 2.02782e+16	2.29e-03	9.98e-01	7.62e-10
 2.12199e+16	2.39e-03	9.98e-01	5.18e-10
 2.22824e+16	2.51e-03	9.97e-01	3.48e-10
 2.32554e+16	2.63e-03	9.97e-01	2.50e-10
 2.40832e+16	2.75e-03	9.97e-01	1.92e-10
 2.48456e+16	2.86e-03	9.97e-01	1.53e-10
 2.57136e+16	2.99e-03	9.97e-01	1.20e-10
 2.66270e+16	3.15e-03	9.97e-01	9.61e-11
 2.73744e+16	3.30e-03	9.97e-01	8.21e-11
 2.79918e+16	3.43e-03	9.97e-01	7.29e-11
 2.86658e+16	3.58e-03	9.96e-01	6.47e-11
 2.94116e+16	3.76e-03	9.96e-01	5.78e-11
 3.00742e+16	3.93e-03	9.96e-01	5.32e-11
 3.06338e+16	4.10e-03	9.96e-01	5.00e-11
 3.12362e+16	4.29e-03	9.96e-01	4.72e-11
 3.18943e+16	4.52e-03	9.95e-01	4.49e-11
 3.24673e+16	4.75e-03	9.95e-01	4.34e-11
 3.29508e+16	4.96e-03	9.95e-01	4.23e-11
 3.34752e+16	5.21e-03	9.95e-01	4.15e-11
 3.40533e+16	5.52e-03	9.94e-01	4.09e-11
 3.45649e+16	5.83e-03	9.94e-01	4.06e-11
 3.49992e+16	6.13e-03	9.94e-01	4.06e-11
 3.54694e+16	6.48e-03	9.94e-01	4.07e-11
 3.59848e+16	6.93e-03	9.93e-01	4.10e-11
 3.64289e+16	7.38e-03	9.93e-01	4.16e-11
 3.67876e+16	7.80e-03	9.92e-01	4.22e-11
 3.71649e+16	8.28e-03	9.92e-01	4.31e-11
 3.75811e+16	8.91e-03	9.91e-01	4.41e-11
 3.79440e+16	9.56e-03	9.90e-01	4.55e-11
 3.82407e+16	1.02e-02	9.90e-01	4.68e-11
 3.85549e+16	1.09e-02	9.89e-01	4.89e-11
 3.89028e+16	1.19e-02	9.88e-01	5.07e-11
 3.92058e+16	1.29e-02	9.87e-01	5.33e-11
 3.94521e+16	1.39e-02	9.86e-01	5.63e-11
 3.97137e+16	1.51e-02	9.85e-01	5.96e-11
 4.00029e+16	1.67e-02	9.83e-01	6.30e-11
 4.02580e+16	1.84e-02	9.82e-01	7.03e-11
 4.04726e+16	2.02e-02	9.80e-01	7.63e-11
 4.07048e+16	2.25e-02	9.77e-01	8.45e-11
 4.09579e+16	2.57e-02	9.74e-01	9.67e-11
 4.11481e+16	2.88e-02	9.71e-01	1.10e-10
 4.12625e+16	3.11e-02	9.69e-01	1.19e-10
 4.13684e+16	3.34e-02	9.67e-01	1.29e-10
 4.15060e+16	3.69e-02	9.63e-01	1.45e-10
 4.16461e+16	4.11e-02	9.59e-01	1.67e-10
 4.17535e+16	4.49e-02	9.55e-01	1.87e-10
 4.18389e+16	4.86e-02	9.51e-01	2.03e-10
 4.19315e+16	5.29e-02	9.47e-01	2.29e-10
 4.20343e+16	5.84e-02	9.42e-01	2.61e-10
 4.21257e+16	6.42e-02	9.36e-01	2.97e-10
 4.22024e+16	6.95e-02	9.30e-01	3.37e-10
 4.22847e+16	7.63e-02	9.24e-01	3.82e-10
 4.23736e+16	8.45e-02	9.15e-01	4.41e-10
 4.24503e+16	9.28e-02	9.07e-01	4.99e-10
 4.25155e+16	1.01e-01	8.99e-01	5.64e-10
 4.25839e+16	1.10e-01	8.90e-01	6.33e-10
 4.26580e+16	1.21e-01	8.79e-01	7.32e-10
 4.27271e+16	1.33e-01	8.67e-01	8.32e-10
 4.27899e+16	1.45e-01	8.55e-01	9.35e-10
 4.28490e+16	1.57e-01	8.43e-01	1.05e-09
 4.29032e+16	1.70e-01	8.30e-01	1.17e-09
 4.29533e+16	1.82e-01	8.18e-01	1.29e-09
 4.29932e+16	1.92e-01	8.08e-01	1.39e-09
 4.30194e+16	2.00e-01	8.00e-01	1.46e-09
 4.30434e+16	2.07e-01	7.93e-01	1.52e-09
 4.30721e+16	2.16e-01	7.84e-01	1.60e-09
 4.31037e+16	2.26e-01	7.74e-01	1.70e-09
 4.31334e+16	2.36e-01	7.64e-01	1.80e-09
 4.31609e+16	2.45e-01	7.55e-01	1.90e-09
 4.31882e+16	2.55e-01	7.45e-01	2.00e-09
 4.32160e+16	2.65e-01	7.35e-01	2.11e-09
 4.32438e+16	2.76e-01	7.24e-01	2.21e-09
 4.32711e+16	2.87e-01	7.13e-01	2.33e-09
 4.32982e+16	2.98e-01	7.02e-01	2.45e-09
 4.33253e+16	3.10e-01	6.90e-01	2.56e-09
 4.33518e+16	3.22e-01	6.78e-01	2.69e-09
 4.33780e+16	3.33e-01	6.67e-01	2.81e-09
 4.34045e+16	3.46e-01	6.54e-01	2.94e-09
 4.34309e+16	3.58e-01	6.42e-01	3.08e-09
 4.34570e+16	3.72e-01	6.28e-01	3.20e-09
 4.34828e+16	3.84e-01	6.16e-01	3.35e-09
 4.35086e+16	3.98e-01	6.02e-01	3.49e-09
 4.35347e+16	4.12e-01	5.88e-01	3.63e-09
 4.35600e+16	4.25e-01	5.75e-01	3.77e-09
 4.35850e+16	4.39e-01	5.61e-01	3.92e-09
 4.36104e+16	4.53e-01	5.47e-01	4.05e-09
 4.36357e+16	4.67e-01	5.33e-01	4.21e-09
 4.36607e+16	4.82e-01	5.18e-01	4.35e-09
 4.36855e+16	4.96e-01	5.04e-01	4.50e-09
 4.37098e+16	5.10e-01	4.90e-01	4.64e-09
 4.37343e+16	5.25e-01	4.75e-01	4.78e-09
 4.37588e+16	5.39e-01	4.61e-01	4.92e-09
 4.37830e+16	5.54e-01	4.46e-01	5.06e-09
 4.38065e+16	5.67e-01	4.33e-01	5.20e-09
 4.38296e+16	5.81e-01	4.19e-01	5.33e-09
 4.38525e+16	5.95e-01	4.05e-01	5.44e-09
 4.38753e+16	6.09e-01	3.91e-01	5.56e-09
 4.38979e+16	6.22e-01	3.78e-01	5.69e-09
 4.39201e+16	6.35e-01	3.65e-01	5.80e-09
 4.39416e+16	6.48e-01	3.52e-01	5.90e-09
 4.39631e+16	6.60e-01	3.40e-01	6.00e-09
 4.39847e+16	6.72e-01	3.28e-01	6.10e-09
 4.40058e+16	6.84e-01	3.16e-01	6.19e-09
 4.40265e+16	6.96e-01	3.04e-01	6.28e-09
 4.40469e+16	7.07e-01	2.93e-01	6.35e-09
 4.40675e+16	7.18e-01	2.82e-01	6.44e-09
 4.40880e+16	7.29e-01	2.71e-01	6.50e-09
 4.41081e+16	7.40e-01	2.60e-01	6.58e-09
 4.41276e+16	7.50e-01	2.50e-01	6.63e-09
 4.41469e+16	7.59e-01	2.41e-01	6.68e-09
 4.41666e+16	7.69e-01	2.31e-01	6.74e-09
 4.41862e+16	7.78e-01	2.22e-01	6.79e-09
 4.42050e+16	7.87e-01	2.13e-01	6.82e-09
 4.42236e+16	7.96e-01	2.04e-01	6.85e-09
 4.42426e+16	8.04e-01	1.96e-01	6.89e-09
 4.42616e+16	8.12e-01	1.88e-01	6.92e-09
 4.42797e+16	8.20e-01	1.80e-01	6.94e-09
 4.42977e+16	8.27e-01	1.73e-01	6.97e-09
 4.43160e+16	8.34e-01	1.66e-01	6.98e-09
 4.43342e+16	8.41e-01	1.59e-01	6.99e-09
 4.43520e+16	8.48e-01	1.52e-01	7.00e-09
 4.43696e+16	8.54e-01	1.46e-01	7.00e-09
 4.43870e+16	8.61e-01	1.39e-01	6.98e-09
 4.44048e+16	8.67e-01	1.33e-01	6.97e-09
 4.44227e+16	8.72e-01	1.28e-01	6.97e-09
 4.44400e+16	8.78e-01	1.22e-01	6.98e-09
 4.44565e+16	8.83e-01	1.17e-01	6.98e-09
 4.44725e+16	8.87e-01	1.13e-01	6.96e-09
 4.44890e+16	8.92e-01	1.08e-01	6.93e-09
 4.45060e+16	8.97e-01	1.03e-01	6.90e-09
 4.45228e+16	9.01e-01	9.87e-02	6.89e-09
 4.45387e+16	9.05e-01	9.46e-02	6.87e-09
 4.45543e+16	9.09e-01	9.07e-02	6.83e-09
 4.45700e+16	9.13e-01	8.69e-02	6.79e-09
 4.45858e+16	9.17e-01	8.32e-02	6.75e-09
 4.46012e+16	9.20e-01	7.98e-02	6.73e-09
 4.46160e+16	9.23e-01	7.67e-02	6.70e-09
 4.46299e+16	9.26e-01	7.38e-02	6.65e-09
 4.46428e+16	9.29e-01	7.12e-02	6.61e-09
 4.46546e+16	9.31e-01	6.90e-02	6.58e-09
 4.46657e+16	9.33e-01	6.68e-02	6.53e-09
 4.46762e+16	9.35e-01	6.48e-02	6.48e-09
 4.46861e+16	9.37e-01	6.30e-02	6.44e-09
 4.46957e+16	9.39e-01	6.13e-02	6.39e-09
 4.47048e+16	9.40e-01	5.97e-02	6.34e-09
 4.47135e+16	9.42e-01	5.82e-02	6.28e-09
 4.47216e+16	9.43e-01	5.68e-02	6.25e-09
 4.47297e+16	9.45e-01	5.54e-02	6.20e-09
 4.47381e+16	9.46e-01	5.41e-02	6.15e-09
 4.47461e+16	9.47e-01	5.28e-02	6.09e-09
 4.47538e+16	9.48e-01	5.16e-02	6.04e-09
 4.47617e+16	9.50e-01	5.03e-02	5.98e-09
 4.47699e+16	9.51e-01	4.91e-02	5.91e-09
 4.47782e+16	9.52e-01	4.78e-02	5.84e-09
 4.47857e+16	9.53e-01	4.67e-02	5.77e-09
 4.47924e+16	9.54e-01	4.57e-02	5.71e-09
 4.47985e+16	9.55e-01	4.49e-02	5.64e-09
 4.48042e+16	9.56e-01	4.40e-02	5.58e-09
 4.48097e+16	9.57e-01	4.32e-02	5.52e-09
 4.48151e+16	9.58e-01	4.24e-02	5.45e-09
 4.48201e+16	9.58e-01	4.17e-02	5.39e-09
 4.48247e+16	9.59e-01	4.10e-02	5.32e-09
 4.48291e+16	9.60e-01	4.04e-02	5.26e-09
 4.48331e+16	9.60e-01	3.98e-02	5.20e-09
 4.48367e+16	9.61e-01	3.93e-02	5.15e-09
 4.48400e+16	9.61e-01	3.88e-02	5.10e-09
 4.48429e+16	9.62e-01	3.84e-02	5.05e-09
 4.48457e+16	9.62e-01	3.80e-02	5.02e-09
 4.48486e+16	9.62e-01	3.76e-02	4.97e-09
 4.48519e+16	9.63e-01	3.71e-02	4.91e-09
 4.48548e+16	9.63e-01	3.67e-02	4.88e-09
 4.48574e+16	9.64e-01	3.63e-02	4.83e-09
 4.48604e+16	9.64e-01	3.59e-02	4.78e-09
 4.48635e+16	9.65e-01	3.54e-02	4.73e-09
 4.48664e+16	9.65e-01	3.51e-02	4.69e-09
 4.48690e+16	9.65e-01	3.47e-02	4.65e-09
 4.48719e+16	9.66e-01	3.43e-02	4.61e-09
 4.48749e+16	9.66e-01	3.39e-02	4.57e-09
