#depth	O	O+	O+2	O+3	O+4	O+5	O+6	O+7	O+8	O[1]	O[2]	O[3]
 3.13407e+11	9.32e-06	1.41e-02	9.63e-01	2.29e-02	6.77e-07	0.00e+00	0.00e+00	0.00e+00	0.00e+00	6.64e-06	1.80e-06	8.75e-07
 1.88044e+12	9.31e-06	1.41e-02	9.63e-01	2.29e-02	6.74e-07	0.00e+00	0.00e+00	0.00e+00	0.00e+00	6.64e-06	1.80e-06	8.74e-07
 8.14859e+12	9.31e-06	1.41e-02	9.63e-01	2.26e-02	6.62e-07	0.00e+00	0.00e+00	0.00e+00	0.00e+00	6.64e-06	1.80e-06	8.74e-07
 3.32212e+13	9.33e-06	1.41e-02	9.64e-01	2.16e-02	6.19e-07	0.00e+00	0.00e+00	0.00e+00	0.00e+00	6.65e-06	1.80e-06	8.77e-07
 7.93548e+13	9.31e-06	1.41e-02	9.66e-01	2.03e-02	5.57e-07	0.00e+00	0.00e+00	0.00e+00	0.00e+00	6.63e-06	1.81e-06	8.80e-07
 1.39328e+14	9.32e-06	1.42e-02	9.67e-01	1.86e-02	4.86e-07	0.00e+00	0.00e+00	0.00e+00	0.00e+00	6.62e-06	1.81e-06	8.82e-07
 2.17294e+14	9.35e-06	1.42e-02	9.69e-01	1.65e-02	4.06e-07	0.00e+00	0.00e+00	0.00e+00	0.00e+00	6.64e-06	1.82e-06	8.86e-07
 3.18650e+14	9.37e-06	1.43e-02	9.72e-01	1.42e-02	3.21e-07	0.00e+00	0.00e+00	0.00e+00	0.00e+00	6.66e-06	1.82e-06	8.89e-07
 4.50412e+14	9.43e-06	1.44e-02	9.74e-01	1.16e-02	2.35e-07	0.00e+00	0.00e+00	0.00e+00	0.00e+00	6.70e-06	1.83e-06	8.94e-07
 6.21702e+14	9.51e-06	1.45e-02	9.77e-01	8.89e-03	1.57e-07	0.00e+00	0.00e+00	0.00e+00	0.00e+00	6.76e-06	1.85e-06	9.01e-07
 8.44380e+14	9.63e-06	1.47e-02	9.79e-01	6.28e-03	0.00e+00	0.00e+00	0.00e+00	0.00e+00	0.00e+00	6.85e-06	1.87e-06	9.12e-07
 1.13386e+15	9.80e-06	1.49e-02	9.81e-01	3.99e-03	0.00e+00	0.00e+00	0.00e+00	0.00e+00	0.00e+00	6.97e-06	1.90e-06	9.27e-07
 1.51019e+15	1.00e-05	1.51e-02	9.83e-01	2.22e-03	0.00e+00	0.00e+00	0.00e+00	0.00e+00	0.00e+00	7.14e-06	1.95e-06	9.49e-07
 1.99941e+15	1.04e-05	1.55e-02	9.83e-01	1.05e-03	0.00e+00	0.00e+00	0.00e+00	0.00e+00	0.00e+00	7.39e-06	2.01e-06	9.81e-07
 2.63540e+15	1.09e-05	1.59e-02	9.84e-01	4.10e-04	0.00e+00	0.00e+00	0.00e+00	0.00e+00	0.00e+00	7.75e-06	2.11e-06	1.03e-06
 3.46219e+15	1.16e-05	1.65e-02	9.83e-01	1.29e-04	0.00e+00	0.00e+00	0.00e+00	0.00e+00	0.00e+00	8.28e-06	2.25e-06	1.10e-06
 4.53701e+15	1.27e-05	1.73e-02	9.83e-01	3.28e-05	0.00e+00	0.00e+00	0.00e+00	0.00e+00	0.00e+00	9.08e-06	2.46e-06	1.20e-06
 5.93428e+15	1.44e-05	1.84e-02	9.82e-01	7.26e-06	0.00e+00	0.00e+00	0.00e+00	0.00e+00	0.00e+00	1.03e-05	2.79e-06	1.36e-06
 7.45598e+15	1.64e-05	1.96e-02	9.80e-01	2.14e-06	0.00e+00	0.00e+00	0.00e+00	0.00e+00	0.00e+00	1.17e-05	3.17e-06	1.54e-06
 8.88480e+15	1.87e-05	2.09e-02	9.79e-01	1.05e-06	0.00e+00	0.00e+00	0.00e+00	0.00e+00	0.00e+00	1.33e-05	3.61e-06	1.76e-06
 1.00608e+16	2.08e-05	2.20e-02	9.78e-01	7.25e-07	0.00e+00	0.00e+00	0.00e+00	0.00e+00	0.00e+00	1.48e-05	4.01e-06	1.96e-06
 1.10669e+16	2.30e-05	2.31e-02	9.77e-01	5.77e-07	0.00e+00	0.00e+00	0.00e+00	0.00e+00	0.00e+00	1.64e-05	4.45e-06	2.18e-06
 1.21736e+16	2.59e-05	2.43e-02	9.76e-01	4.74e-07	0.00e+00	0.00e+00	0.00e+00	0.00e+00	0.00e+00	1.85e-05	5.02e-06	2.45e-06
 1.33909e+16	2.97e-05	2.58e-02	9.74e-01	3.98e-07	0.00e+00	0.00e+00	0.00e+00	0.00e+00	0.00e+00	2.11e-05	5.75e-06	2.81e-06
 1.47300e+16	3.46e-05	2.75e-02	9.72e-01	3.38e-07	0.00e+00	0.00e+00	0.00e+00	0.00e+00	0.00e+00	2.46e-05	6.72e-06	3.29e-06
 1.62030e+16	4.12e-05	2.96e-02	9.70e-01	2.89e-07	0.00e+00	0.00e+00	0.00e+00	0.00e+00	0.00e+00	2.93e-05	8.03e-06	3.93e-06
 1.78233e+16	5.06e-05	3.22e-02	9.68e-01	2.49e-07	0.00e+00	0.00e+00	0.00e+00	0.00e+00	0.00e+00	3.58e-05	9.88e-06	4.84e-06
 1.92346e+16	6.10e-05	3.48e-02	9.65e-01	2.21e-07	0.00e+00	0.00e+00	0.00e+00	0.00e+00	0.00e+00	4.32e-05	1.19e-05	5.86e-06
 2.02117e+16	7.01e-05	3.68e-02	9.63e-01	2.04e-07	0.00e+00	0.00e+00	0.00e+00	0.00e+00	0.00e+00	4.96e-05	1.38e-05	6.75e-06
 2.11648e+16	8.06e-05	3.90e-02	9.61e-01	1.91e-07	0.00e+00	0.00e+00	0.00e+00	0.00e+00	0.00e+00	5.70e-05	1.59e-05	7.79e-06
 2.22333e+16	9.48e-05	4.16e-02	9.58e-01	1.78e-07	0.00e+00	0.00e+00	0.00e+00	0.00e+00	0.00e+00	6.69e-05	1.87e-05	9.19e-06
 2.32064e+16	1.11e-04	4.44e-02	9.55e-01	1.67e-07	0.00e+00	0.00e+00	0.00e+00	0.00e+00	0.00e+00	7.83e-05	2.20e-05	1.08e-05
 2.40367e+16	1.28e-04	4.71e-02	9.53e-01	1.58e-07	0.00e+00	0.00e+00	0.00e+00	0.00e+00	0.00e+00	9.03e-05	2.54e-05	1.25e-05
 2.48019e+16	1.47e-04	4.98e-02	9.50e-01	1.51e-07	0.00e+00	0.00e+00	0.00e+00	0.00e+00	0.00e+00	1.03e-04	2.91e-05	1.43e-05
 2.56719e+16	1.72e-04	5.32e-02	9.47e-01	1.44e-07	0.00e+00	0.00e+00	0.00e+00	0.00e+00	0.00e+00	1.21e-04	3.42e-05	1.68e-05
 2.65879e+16	2.05e-04	5.74e-02	9.42e-01	1.36e-07	0.00e+00	0.00e+00	0.00e+00	0.00e+00	0.00e+00	1.44e-04	4.11e-05	2.02e-05
 2.73382e+16	2.41e-04	6.14e-02	9.38e-01	0.00e+00	0.00e+00	0.00e+00	0.00e+00	0.00e+00	0.00e+00	1.69e-04	4.82e-05	2.37e-05
 2.79587e+16	2.76e-04	6.52e-02	9.35e-01	0.00e+00	0.00e+00	0.00e+00	0.00e+00	0.00e+00	0.00e+00	1.93e-04	5.54e-05	2.72e-05
 2.86362e+16	3.20e-04	6.96e-02	9.30e-01	0.00e+00	0.00e+00	0.00e+00	0.00e+00	0.00e+00	0.00e+00	2.24e-04	6.45e-05	3.17e-05
 2.93859e+16	3.82e-04	7.53e-02	9.24e-01	0.00e+00	0.00e+00	0.00e+00	0.00e+00	0.00e+00	0.00e+00	2.67e-04	7.72e-05	3.79e-05
 3.00518e+16	4.52e-04	8.13e-02	9.18e-01	0.00e+00	0.00e+00	0.00e+00	0.00e+00	0.00e+00	0.00e+00	3.15e-04	9.16e-05	4.49e-05
 3.06137e+16	5.25e-04	8.71e-02	9.12e-01	0.00e+00	0.00e+00	0.00e+00	0.00e+00	0.00e+00	0.00e+00	3.66e-04	1.07e-04	5.22e-05
 3.12183e+16	6.18e-04	9.39e-02	9.05e-01	0.00e+00	0.00e+00	0.00e+00	0.00e+00	0.00e+00	0.00e+00	4.31e-04	1.26e-04	6.14e-05
 3.18788e+16	7.49e-04	1.03e-01	8.97e-01	0.00e+00	0.00e+00	0.00e+00	0.00e+00	0.00e+00	0.00e+00	5.21e-04	1.53e-04	7.43e-05
 3.24541e+16	8.96e-04	1.12e-01	8.87e-01	0.00e+00	0.00e+00	0.00e+00	0.00e+00	0.00e+00	0.00e+00	6.24e-04	1.83e-04	8.90e-05
 3.29384e+16	1.05e-03	1.21e-01	8.78e-01	0.00e+00	0.00e+00	0.00e+00	0.00e+00	0.00e+00	0.00e+00	7.30e-04	2.15e-04	1.04e-04
 3.34625e+16	1.25e-03	1.31e-01	8.68e-01	0.00e+00	0.00e+00	0.00e+00	0.00e+00	0.00e+00	0.00e+00	8.67e-04	2.57e-04	1.24e-04
 3.40416e+16	1.53e-03	1.45e-01	8.53e-01	0.00e+00	0.00e+00	0.00e+00	0.00e+00	0.00e+00	0.00e+00	1.07e-03	3.16e-04	1.52e-04
 3.45559e+16	1.87e-03	1.60e-01	8.38e-01	0.00e+00	0.00e+00	0.00e+00	0.00e+00	0.00e+00	0.00e+00	1.30e-03	3.86e-04	1.85e-04
 3.49929e+16	2.23e-03	1.74e-01	8.24e-01	0.00e+00	0.00e+00	0.00e+00	0.00e+00	0.00e+00	0.00e+00	1.55e-03	4.61e-04	2.21e-04
 3.54657e+16	2.70e-03	1.92e-01	8.06e-01	0.00e+00	0.00e+00	0.00e+00	0.00e+00	0.00e+00	0.00e+00	1.87e-03	5.61e-04	2.68e-04
 3.59840e+16	3.40e-03	2.14e-01	7.82e-01	0.00e+00	0.00e+00	0.00e+00	0.00e+00	0.00e+00	0.00e+00	2.35e-03	7.06e-04	3.37e-04
 3.64307e+16	4.20e-03	2.38e-01	7.58e-01	0.00e+00	0.00e+00	0.00e+00	0.00e+00	0.00e+00	0.00e+00	2.91e-03	8.76e-04	4.17e-04
 3.67912e+16	5.03e-03	2.59e-01	7.36e-01	0.00e+00	0.00e+00	0.00e+00	0.00e+00	0.00e+00	0.00e+00	3.48e-03	1.05e-03	4.99e-04
 3.71704e+16	6.09e-03	2.85e-01	7.09e-01	0.00e+00	0.00e+00	0.00e+00	0.00e+00	0.00e+00	0.00e+00	4.21e-03	1.27e-03	6.03e-04
 3.75887e+16	7.63e-03	3.17e-01	6.76e-01	0.00e+00	0.00e+00	0.00e+00	0.00e+00	0.00e+00	0.00e+00	5.28e-03	1.60e-03	7.56e-04
 3.79536e+16	9.42e-03	3.49e-01	6.41e-01	0.00e+00	0.00e+00	0.00e+00	0.00e+00	0.00e+00	0.00e+00	6.51e-03	1.97e-03	9.32e-04
 3.82518e+16	1.13e-02	3.79e-01	6.10e-01	0.00e+00	0.00e+00	0.00e+00	0.00e+00	0.00e+00	0.00e+00	7.81e-03	2.36e-03	1.12e-03
 3.85674e+16	1.36e-02	4.13e-01	5.74e-01	0.00e+00	0.00e+00	0.00e+00	0.00e+00	0.00e+00	0.00e+00	9.44e-03	2.85e-03	1.35e-03
 3.89170e+16	1.71e-02	4.54e-01	5.28e-01	0.00e+00	0.00e+00	0.00e+00	0.00e+00	0.00e+00	0.00e+00	1.19e-02	3.58e-03	1.69e-03
 3.92214e+16	2.12e-02	4.95e-01	4.84e-01	0.00e+00	0.00e+00	0.00e+00	0.00e+00	0.00e+00	0.00e+00	1.46e-02	4.41e-03	2.08e-03
 3.94688e+16	2.52e-02	5.29e-01	4.45e-01	0.00e+00	0.00e+00	0.00e+00	0.00e+00	0.00e+00	0.00e+00	1.75e-02	5.25e-03	2.48e-03
 3.97313e+16	3.05e-02	5.67e-01	4.02e-01	0.00e+00	0.00e+00	0.00e+00	0.00e+00	0.00e+00	0.00e+00	2.11e-02	6.34e-03	3.00e-03
 4.00218e+16	3.80e-02	6.11e-01	3.51e-01	0.00e+00	0.00e+00	0.00e+00	0.00e+00	0.00e+00	0.00e+00	2.64e-02	7.91e-03	3.74e-03
 4.02779e+16	4.66e-02	6.49e-01	3.05e-01	0.00e+00	0.00e+00	0.00e+00	0.00e+00	0.00e+00	0.00e+00	3.24e-02	9.67e-03	4.57e-03
 4.04932e+16	5.57e-02	6.80e-01	2.65e-01	0.00e+00	0.00e+00	0.00e+00	0.00e+00	0.00e+00	0.00e+00	3.87e-02	1.15e-02	5.46e-03
 4.07259e+16	6.77e-02	7.10e-01	2.23e-01	0.00e+00	0.00e+00	0.00e+00	0.00e+00	0.00e+00	0.00e+00	4.71e-02	1.40e-02	6.63e-03
 4.09796e+16	8.47e-02	7.38e-01	1.78e-01	0.00e+00	0.00e+00	0.00e+00	0.00e+00	0.00e+00	0.00e+00	5.90e-02	1.74e-02	8.28e-03
 4.11705e+16	1.01e-01	7.54e-01	1.45e-01	0.00e+00	0.00e+00	0.00e+00	0.00e+00	0.00e+00	0.00e+00	7.07e-02	2.07e-02	9.89e-03
 4.12855e+16	1.13e-01	7.60e-01	1.26e-01	0.00e+00	0.00e+00	0.00e+00	0.00e+00	0.00e+00	0.00e+00	7.90e-02	2.31e-02	1.10e-02
 4.13919e+16	1.25e-01	7.64e-01	1.11e-01	0.00e+00	0.00e+00	0.00e+00	0.00e+00	0.00e+00	0.00e+00	8.75e-02	2.54e-02	1.22e-02
 4.15302e+16	1.43e-01	7.66e-01	9.17e-02	0.00e+00	0.00e+00	0.00e+00	0.00e+00	0.00e+00	0.00e+00	1.00e-01	2.88e-02	1.39e-02
 4.16709e+16	1.64e-01	7.62e-01	7.41e-02	0.00e+00	0.00e+00	0.00e+00	0.00e+00	0.00e+00	0.00e+00	1.15e-01	3.29e-02	1.59e-02
 4.17786e+16	1.83e-01	7.55e-01	6.19e-02	0.00e+00	0.00e+00	0.00e+00	0.00e+00	0.00e+00	0.00e+00	1.29e-01	3.65e-02	1.77e-02
 4.18641e+16	2.00e-01	7.47e-01	5.30e-02	0.00e+00	0.00e+00	0.00e+00	0.00e+00	0.00e+00	0.00e+00	1.41e-01	3.96e-02	1.93e-02
 4.19568e+16	2.19e-01	7.36e-01	4.45e-02	0.00e+00	0.00e+00	0.00e+00	0.00e+00	0.00e+00	0.00e+00	1.55e-01	4.32e-02	2.11e-02
 4.20599e+16	2.43e-01	7.21e-01	3.61e-02	0.00e+00	0.00e+00	0.00e+00	0.00e+00	0.00e+00	0.00e+00	1.72e-01	4.76e-02	2.34e-02
 4.21515e+16	2.67e-01	7.03e-01	2.95e-02	0.00e+00	0.00e+00	0.00e+00	0.00e+00	0.00e+00	0.00e+00	1.90e-01	5.18e-02	2.56e-02
 4.22284e+16	2.89e-01	6.87e-01	2.48e-02	0.00e+00	0.00e+00	0.00e+00	0.00e+00	0.00e+00	0.00e+00	2.05e-01	5.55e-02	2.76e-02
 4.23108e+16	3.14e-01	6.66e-01	2.03e-02	0.00e+00	0.00e+00	0.00e+00	0.00e+00	0.00e+00	0.00e+00	2.24e-01	5.97e-02	2.99e-02
 4.23999e+16	3.43e-01	6.41e-01	1.61e-02	0.00e+00	0.00e+00	0.00e+00	0.00e+00	0.00e+00	0.00e+00	2.46e-01	6.44e-02	3.25e-02
 4.24767e+16	3.70e-01	6.17e-01	1.30e-02	0.00e+00	0.00e+00	0.00e+00	0.00e+00	0.00e+00	0.00e+00	2.67e-01	6.87e-02	3.50e-02
 4.25420e+16	3.94e-01	5.95e-01	1.08e-02	0.00e+00	0.00e+00	0.00e+00	0.00e+00	0.00e+00	0.00e+00	2.84e-01	7.23e-02	3.70e-02
 4.26106e+16	4.21e-01	5.71e-01	8.73e-03	0.00e+00	0.00e+00	0.00e+00	0.00e+00	0.00e+00	0.00e+00	3.05e-01	7.61e-02	3.93e-02
 4.26849e+16	4.50e-01	5.43e-01	6.90e-03	0.00e+00	0.00e+00	0.00e+00	0.00e+00	0.00e+00	0.00e+00	3.28e-01	8.02e-02	4.18e-02
 4.27543e+16	4.79e-01	5.15e-01	5.47e-03	0.00e+00	0.00e+00	0.00e+00	0.00e+00	0.00e+00	0.00e+00	3.51e-01	8.39e-02	4.42e-02
 4.28173e+16	5.06e-01	4.89e-01	4.39e-03	0.00e+00	0.00e+00	0.00e+00	0.00e+00	0.00e+00	0.00e+00	3.73e-01	8.72e-02	4.63e-02
 4.28766e+16	5.32e-01	4.65e-01	3.55e-03	0.00e+00	0.00e+00	0.00e+00	0.00e+00	0.00e+00	0.00e+00	3.93e-01	9.00e-02	4.83e-02
 4.29310e+16	5.56e-01	4.41e-01	2.90e-03	0.00e+00	0.00e+00	0.00e+00	0.00e+00	0.00e+00	0.00e+00	4.13e-01	9.23e-02	5.00e-02
 4.29813e+16	5.77e-01	4.20e-01	2.39e-03	0.00e+00	0.00e+00	0.00e+00	0.00e+00	0.00e+00	0.00e+00	4.31e-01	9.42e-02	5.15e-02
 4.30292e+16	5.98e-01	4.00e-01	1.98e-03	0.00e+00	0.00e+00	0.00e+00	0.00e+00	0.00e+00	0.00e+00	4.49e-01	9.59e-02	5.29e-02
 4.30664e+16	6.14e-01	3.84e-01	1.71e-03	0.00e+00	0.00e+00	0.00e+00	0.00e+00	0.00e+00	0.00e+00	4.63e-01	9.70e-02	5.39e-02
 4.30916e+16	6.24e-01	3.74e-01	1.55e-03	0.00e+00	0.00e+00	0.00e+00	0.00e+00	0.00e+00	0.00e+00	4.72e-01	9.77e-02	5.46e-02
 4.31163e+16	6.34e-01	3.64e-01	1.40e-03	0.00e+00	0.00e+00	0.00e+00	0.00e+00	0.00e+00	0.00e+00	4.81e-01	9.83e-02	5.52e-02
 4.31457e+16	6.47e-01	3.52e-01	1.23e-03	0.00e+00	0.00e+00	0.00e+00	0.00e+00	0.00e+00	0.00e+00	4.92e-01	9.89e-02	5.59e-02
 4.31772e+16	6.60e-01	3.39e-01	1.08e-03	0.00e+00	0.00e+00	0.00e+00	0.00e+00	0.00e+00	0.00e+00	5.04e-01	9.96e-02	5.66e-02
 4.32059e+16	6.72e-01	3.27e-01	9.51e-04	0.00e+00	0.00e+00	0.00e+00	0.00e+00	0.00e+00	0.00e+00	5.14e-01	1.00e-01	5.72e-02
 4.32326e+16	6.83e-01	3.16e-01	8.45e-04	0.00e+00	0.00e+00	0.00e+00	0.00e+00	0.00e+00	0.00e+00	5.25e-01	1.00e-01	5.78e-02
 4.32596e+16	6.94e-01	3.06e-01	7.50e-04	0.00e+00	0.00e+00	0.00e+00	0.00e+00	0.00e+00	0.00e+00	5.35e-01	1.01e-01	5.83e-02
 4.32873e+16	7.05e-01	2.95e-01	6.61e-04	0.00e+00	0.00e+00	0.00e+00	0.00e+00	0.00e+00	0.00e+00	5.45e-01	1.01e-01	5.88e-02
 4.33152e+16	7.16e-01	2.83e-01	5.80e-04	0.00e+00	0.00e+00	0.00e+00	0.00e+00	0.00e+00	0.00e+00	5.56e-01	1.01e-01	5.92e-02
 4.33421e+16	7.26e-01	2.73e-01	5.12e-04	0.00e+00	0.00e+00	0.00e+00	0.00e+00	0.00e+00	0.00e+00	5.65e-01	1.01e-01	5.96e-02
 4.33685e+16	7.36e-01	2.63e-01	4.52e-04	0.00e+00	0.00e+00	0.00e+00	0.00e+00	0.00e+00	0.00e+00	5.75e-01	1.01e-01	5.99e-02
 4.33950e+16	7.46e-01	2.53e-01	3.98e-04	0.00e+00	0.00e+00	0.00e+00	0.00e+00	0.00e+00	0.00e+00	5.85e-01	1.01e-01	6.02e-02
 4.34216e+16	7.56e-01	2.43e-01	3.50e-04	0.00e+00	0.00e+00	0.00e+00	0.00e+00	0.00e+00	0.00e+00	5.95e-01	1.01e-01	6.05e-02
 4.34479e+16	7.65e-01	2.34e-01	3.07e-04	0.00e+00	0.00e+00	0.00e+00	0.00e+00	0.00e+00	0.00e+00	6.04e-01	1.00e-01	6.07e-02
 4.34740e+16	7.75e-01	2.25e-01	2.70e-04	0.00e+00	0.00e+00	0.00e+00	0.00e+00	0.00e+00	0.00e+00	6.14e-01	1.00e-01	6.08e-02
 4.35002e+16	7.84e-01	2.16e-01	2.36e-04	0.00e+00	0.00e+00	0.00e+00	0.00e+00	0.00e+00	0.00e+00	6.23e-01	9.98e-02	6.10e-02
 4.35259e+16	7.92e-01	2.07e-01	2.08e-04	0.00e+00	0.00e+00	0.00e+00	0.00e+00	0.00e+00	0.00e+00	6.32e-01	9.93e-02	6.10e-02
 4.35513e+16	8.01e-01	1.99e-01	1.82e-04	0.00e+00	0.00e+00	0.00e+00	0.00e+00	0.00e+00	0.00e+00	6.41e-01	9.89e-02	6.11e-02
 4.35770e+16	8.09e-01	1.91e-01	1.59e-04	0.00e+00	0.00e+00	0.00e+00	0.00e+00	0.00e+00	0.00e+00	6.50e-01	9.83e-02	6.11e-02
 4.36025e+16	8.17e-01	1.83e-01	1.39e-04	0.00e+00	0.00e+00	0.00e+00	0.00e+00	0.00e+00	0.00e+00	6.58e-01	9.77e-02	6.11e-02
 4.36279e+16	8.24e-01	1.75e-01	1.22e-04	0.00e+00	0.00e+00	0.00e+00	0.00e+00	0.00e+00	0.00e+00	6.66e-01	9.71e-02	6.10e-02
 4.36533e+16	8.32e-01	1.68e-01	1.06e-04	0.00e+00	0.00e+00	0.00e+00	0.00e+00	0.00e+00	0.00e+00	6.75e-01	9.64e-02	6.09e-02
 4.36781e+16	8.39e-01	1.61e-01	9.29e-05	0.00e+00	0.00e+00	0.00e+00	0.00e+00	0.00e+00	0.00e+00	6.82e-01	9.57e-02	6.07e-02
 4.37028e+16	8.46e-01	1.54e-01	8.12e-05	0.00e+00	0.00e+00	0.00e+00	0.00e+00	0.00e+00	0.00e+00	6.90e-01	9.50e-02	6.06e-02
 4.37278e+16	8.52e-01	1.48e-01	7.08e-05	0.00e+00	0.00e+00	0.00e+00	0.00e+00	0.00e+00	0.00e+00	6.98e-01	9.42e-02	6.04e-02
 4.37528e+16	8.59e-01	1.41e-01	6.15e-05	0.00e+00	0.00e+00	0.00e+00	0.00e+00	0.00e+00	0.00e+00	7.05e-01	9.34e-02	6.02e-02
 4.37772e+16	8.65e-01	1.35e-01	5.37e-05	0.00e+00	0.00e+00	0.00e+00	0.00e+00	0.00e+00	0.00e+00	7.12e-01	9.26e-02	5.99e-02
 4.38010e+16	8.71e-01	1.29e-01	4.70e-05	0.00e+00	0.00e+00	0.00e+00	0.00e+00	0.00e+00	0.00e+00	7.19e-01	9.19e-02	5.97e-02
 4.38246e+16	8.76e-01	1.24e-01	4.10e-05	0.00e+00	0.00e+00	0.00e+00	0.00e+00	0.00e+00	0.00e+00	7.26e-01	9.10e-02	5.94e-02
 4.38482e+16	8.81e-01	1.19e-01	3.59e-05	0.00e+00	0.00e+00	0.00e+00	0.00e+00	0.00e+00	0.00e+00	7.32e-01	9.02e-02	5.91e-02
 4.38716e+16	8.87e-01	1.13e-01	3.13e-05	0.00e+00	0.00e+00	0.00e+00	0.00e+00	0.00e+00	0.00e+00	7.38e-01	8.94e-02	5.88e-02
 4.38942e+16	8.91e-01	1.09e-01	2.75e-05	0.00e+00	0.00e+00	0.00e+00	0.00e+00	0.00e+00	0.00e+00	7.44e-01	8.86e-02	5.85e-02
 4.39166e+16	8.96e-01	1.04e-01	2.41e-05	0.00e+00	0.00e+00	0.00e+00	0.00e+00	0.00e+00	0.00e+00	7.50e-01	8.78e-02	5.82e-02
 4.39389e+16	9.00e-01	9.97e-02	2.11e-05	0.00e+00	0.00e+00	0.00e+00	0.00e+00	0.00e+00	0.00e+00	7.55e-01	8.70e-02	5.79e-02
 4.39609e+16	9.04e-01	9.55e-02	1.86e-05	0.00e+00	0.00e+00	0.00e+00	0.00e+00	0.00e+00	0.00e+00	7.61e-01	8.62e-02	5.75e-02
 4.39825e+16	9.08e-01	9.15e-02	1.63e-05	0.00e+00	0.00e+00	0.00e+00	0.00e+00	0.00e+00	0.00e+00	7.66e-01	8.55e-02	5.72e-02
 4.40039e+16	9.12e-01	8.78e-02	1.44e-05	0.00e+00	0.00e+00	0.00e+00	0.00e+00	0.00e+00	0.00e+00	7.71e-01	8.47e-02	5.68e-02
 4.40252e+16	9.16e-01	8.42e-02	1.26e-05	0.00e+00	0.00e+00	0.00e+00	0.00e+00	0.00e+00	0.00e+00	7.75e-01	8.40e-02	5.65e-02
 4.40463e+16	9.19e-01	8.08e-02	1.11e-05	0.00e+00	0.00e+00	0.00e+00	0.00e+00	0.00e+00	0.00e+00	7.80e-01	8.32e-02	5.62e-02
 4.40669e+16	9.22e-01	7.75e-02	9.82e-06	0.00e+00	0.00e+00	0.00e+00	0.00e+00	0.00e+00	0.00e+00	7.84e-01	8.25e-02	5.58e-02
 4.40873e+16	9.26e-01	7.43e-02	8.67e-06	0.00e+00	0.00e+00	0.00e+00	0.00e+00	0.00e+00	0.00e+00	7.88e-01	8.18e-02	5.55e-02
 4.41077e+16	9.29e-01	7.13e-02	7.65e-06	0.00e+00	0.00e+00	0.00e+00	0.00e+00	0.00e+00	0.00e+00	7.92e-01	8.11e-02	5.51e-02
 4.41280e+16	9.32e-01	6.84e-02	6.75e-06	0.00e+00	0.00e+00	0.00e+00	0.00e+00	0.00e+00	0.00e+00	7.96e-01	8.04e-02	5.48e-02
 4.41478e+16	9.34e-01	6.57e-02	5.97e-06	0.00e+00	0.00e+00	0.00e+00	0.00e+00	0.00e+00	0.00e+00	8.00e-01	7.98e-02	5.44e-02
 4.41675e+16	9.37e-01	6.30e-02	5.29e-06	0.00e+00	0.00e+00	0.00e+00	0.00e+00	0.00e+00	0.00e+00	8.04e-01	7.91e-02	5.40e-02
 4.41868e+16	9.39e-01	6.05e-02	4.69e-06	0.00e+00	0.00e+00	0.00e+00	0.00e+00	0.00e+00	0.00e+00	8.07e-01	7.85e-02	5.36e-02
 4.42061e+16	9.42e-01	5.82e-02	4.16e-06	0.00e+00	0.00e+00	0.00e+00	0.00e+00	0.00e+00	0.00e+00	8.11e-01	7.79e-02	5.33e-02
 4.42255e+16	9.44e-01	5.59e-02	3.68e-06	0.00e+00	0.00e+00	0.00e+00	0.00e+00	0.00e+00	0.00e+00	8.14e-01	7.72e-02	5.29e-02
 4.42447e+16	9.46e-01	5.36e-02	3.26e-06	0.00e+00	0.00e+00	0.00e+00	0.00e+00	0.00e+00	0.00e+00	8.17e-01	7.66e-02	5.25e-02
 4.42633e+16	9.49e-01	5.15e-02	2.90e-06	0.00e+00	0.00e+00	0.00e+00	0.00e+00	0.00e+00	0.00e+00	8.20e-01	7.60e-02	5.22e-02
 4.42819e+16	9.50e-01	4.95e-02	2.58e-06	0.00e+00	0.00e+00	0.00e+00	0.00e+00	0.00e+00	0.00e+00	8.23e-01	7.55e-02	5.19e-02
 4.43008e+16	9.52e-01	4.75e-02	2.28e-06	0.00e+00	0.00e+00	0.00e+00	0.00e+00	0.00e+00	0.00e+00	8.26e-01	7.49e-02	5.15e-02
 4.43195e+16	9.54e-01	4.56e-02	2.03e-06	0.00e+00	0.00e+00	0.00e+00	0.00e+00	0.00e+00	0.00e+00	8.29e-01	7.44e-02	5.12e-02
 4.43374e+16	9.56e-01	4.39e-02	1.81e-06	0.00e+00	0.00e+00	0.00e+00	0.00e+00	0.00e+00	0.00e+00	8.31e-01	7.39e-02	5.08e-02
 4.43552e+16	9.58e-01	4.23e-02	1.62e-06	0.00e+00	0.00e+00	0.00e+00	0.00e+00	0.00e+00	0.00e+00	8.34e-01	7.34e-02	5.06e-02
 4.43734e+16	9.59e-01	4.06e-02	1.44e-06	0.00e+00	0.00e+00	0.00e+00	0.00e+00	0.00e+00	0.00e+00	8.36e-01	7.29e-02	5.02e-02
 4.43916e+16	9.61e-01	3.89e-02	1.28e-06	0.00e+00	0.00e+00	0.00e+00	0.00e+00	0.00e+00	0.00e+00	8.39e-01	7.24e-02	4.99e-02
 4.44092e+16	9.63e-01	3.74e-02	1.14e-06	0.00e+00	0.00e+00	0.00e+00	0.00e+00	0.00e+00	0.00e+00	8.41e-01	7.19e-02	4.96e-02
 4.44264e+16	9.64e-01	3.59e-02	1.02e-06	0.00e+00	0.00e+00	0.00e+00	0.00e+00	0.00e+00	0.00e+00	8.43e-01	7.15e-02	4.93e-02
 4.44440e+16	9.66e-01	3.45e-02	9.08e-07	0.00e+00	0.00e+00	0.00e+00	0.00e+00	0.00e+00	0.00e+00	8.45e-01	7.11e-02	4.90e-02
 4.44619e+16	9.67e-01	3.31e-02	8.07e-07	0.00e+00	0.00e+00	0.00e+00	0.00e+00	0.00e+00	0.00e+00	8.48e-01	7.06e-02	4.88e-02
 4.44793e+16	9.68e-01	3.18e-02	7.22e-07	0.00e+00	0.00e+00	0.00e+00	0.00e+00	0.00e+00	0.00e+00	8.50e-01	7.02e-02	4.85e-02
 4.44958e+16	9.69e-01	3.06e-02	6.48e-07	0.00e+00	0.00e+00	0.00e+00	0.00e+00	0.00e+00	0.00e+00	8.51e-01	6.98e-02	4.82e-02
 4.45118e+16	9.71e-01	2.94e-02	5.84e-07	0.00e+00	0.00e+00	0.00e+00	0.00e+00	0.00e+00	0.00e+00	8.53e-01	6.95e-02	4.80e-02
 4.45284e+16	9.72e-01	2.83e-02	5.24e-07	0.00e+00	0.00e+00	0.00e+00	0.00e+00	0.00e+00	0.00e+00	8.55e-01	6.91e-02	4.78e-02
 4.45454e+16	9.73e-01	2.71e-02	4.68e-07	0.00e+00	0.00e+00	0.00e+00	0.00e+00	0.00e+00	0.00e+00	8.57e-01	6.87e-02	4.75e-02
 4.45615e+16	9.74e-01	2.61e-02	4.21e-07	0.00e+00	0.00e+00	0.00e+00	0.00e+00	0.00e+00	0.00e+00	8.58e-01	6.83e-02	4.72e-02
 4.45774e+16	9.75e-01	2.51e-02	3.78e-07	0.00e+00	0.00e+00	0.00e+00	0.00e+00	0.00e+00	0.00e+00	8.60e-01	6.80e-02	4.70e-02
 4.45938e+16	9.76e-01	2.40e-02	3.39e-07	0.00e+00	0.00e+00	0.00e+00	0.00e+00	0.00e+00	0.00e+00	8.62e-01	6.76e-02	4.68e-02
 4.46099e+16	9.77e-01	2.30e-02	3.05e-07	0.00e+00	0.00e+00	0.00e+00	0.00e+00	0.00e+00	0.00e+00	8.63e-01	6.73e-02	4.65e-02
 4.46254e+16	9.78e-01	2.21e-02	2.75e-07	0.00e+00	0.00e+00	0.00e+00	0.00e+00	0.00e+00	0.00e+00	8.65e-01	6.70e-02	4.63e-02
 4.46404e+16	9.79e-01	2.12e-02	2.49e-07	0.00e+00	0.00e+00	0.00e+00	0.00e+00	0.00e+00	0.00e+00	8.66e-01	6.67e-02	4.61e-02
 4.46553e+16	9.80e-01	2.04e-02	2.25e-07	0.00e+00	0.00e+00	0.00e+00	0.00e+00	0.00e+00	0.00e+00	8.67e-01	6.64e-02	4.59e-02
 4.46694e+16	9.80e-01	1.96e-02	2.05e-07	0.00e+00	0.00e+00	0.00e+00	0.00e+00	0.00e+00	0.00e+00	8.69e-01	6.61e-02	4.57e-02
 4.46821e+16	9.81e-01	1.89e-02	1.88e-07	0.00e+00	0.00e+00	0.00e+00	0.00e+00	0.00e+00	0.00e+00	8.70e-01	6.58e-02	4.55e-02
 4.46937e+16	9.82e-01	1.83e-02	1.74e-07	0.00e+00	0.00e+00	0.00e+00	0.00e+00	0.00e+00	0.00e+00	8.71e-01	6.56e-02	4.53e-02
 4.47049e+16	9.82e-01	1.78e-02	1.62e-07	0.00e+00	0.00e+00	0.00e+00	0.00e+00	0.00e+00	0.00e+00	8.72e-01	6.53e-02	4.51e-02
 4.47155e+16	9.83e-01	1.72e-02	1.51e-07	0.00e+00	0.00e+00	0.00e+00	0.00e+00	0.00e+00	0.00e+00	8.73e-01	6.51e-02	4.50e-02
 4.47254e+16	9.83e-01	1.67e-02	1.41e-07	0.00e+00	0.00e+00	0.00e+00	0.00e+00	0.00e+00	0.00e+00	8.74e-01	6.49e-02	4.48e-02
 4.47350e+16	9.84e-01	1.62e-02	1.32e-07	0.00e+00	0.00e+00	0.00e+00	0.00e+00	0.00e+00	0.00e+00	8.74e-01	6.47e-02	4.47e-02
 4.47441e+16	9.84e-01	1.58e-02	1.25e-07	0.00e+00	0.00e+00	0.00e+00	0.00e+00	0.00e+00	0.00e+00	8.75e-01	6.44e-02	4.45e-02
 4.47528e+16	9.85e-01	1.53e-02	1.17e-07	0.00e+00	0.00e+00	0.00e+00	0.00e+00	0.00e+00	0.00e+00	8.76e-01	6.42e-02	4.44e-02
 4.47612e+16	9.85e-01	1.49e-02	1.11e-07	0.00e+00	0.00e+00	0.00e+00	0.00e+00	0.00e+00	0.00e+00	8.77e-01	6.40e-02	4.42e-02
 4.47694e+16	9.85e-01	1.45e-02	1.05e-07	0.00e+00	0.00e+00	0.00e+00	0.00e+00	0.00e+00	0.00e+00	8.78e-01	6.38e-02	4.41e-02
 4.47774e+16	9.86e-01	1.41e-02	9.93e-08	0.00e+00	0.00e+00	0.00e+00	0.00e+00	0.00e+00	0.00e+00	8.78e-01	6.36e-02	4.39e-02
 4.47853e+16	9.86e-01	1.37e-02	9.41e-08	0.00e+00	0.00e+00	0.00e+00	0.00e+00	0.00e+00	0.00e+00	8.79e-01	6.34e-02	4.37e-02
 4.47932e+16	9.87e-01	1.33e-02	8.90e-08	0.00e+00	0.00e+00	0.00e+00	0.00e+00	0.00e+00	0.00e+00	8.80e-01	6.32e-02	4.36e-02
 4.48013e+16	9.87e-01	1.29e-02	8.42e-08	0.00e+00	0.00e+00	0.00e+00	0.00e+00	0.00e+00	0.00e+00	8.81e-01	6.30e-02	4.34e-02
 4.48096e+16	9.88e-01	1.25e-02	7.94e-08	0.00e+00	0.00e+00	0.00e+00	0.00e+00	0.00e+00	0.00e+00	8.82e-01	6.27e-02	4.32e-02
 4.48177e+16	9.88e-01	1.21e-02	7.50e-08	0.00e+00	0.00e+00	0.00e+00	0.00e+00	0.00e+00	0.00e+00	8.82e-01	6.24e-02	4.30e-02
 4.48250e+16	9.88e-01	1.17e-02	7.12e-08	0.00e+00	0.00e+00	0.00e+00	0.00e+00	0.00e+00	0.00e+00	8.83e-01	6.22e-02	4.28e-02
 4.48316e+16	9.89e-01	1.13e-02	6.79e-08	0.00e+00	0.00e+00	0.00e+00	0.00e+00	0.00e+00	0.00e+00	8.84e-01	6.20e-02	4.26e-02
 4.48377e+16	9.89e-01	1.10e-02	6.51e-08	0.00e+00	0.00e+00	0.00e+00	0.00e+00	0.00e+00	0.00e+00	8.85e-01	6.18e-02	4.24e-02
 4.48434e+16	9.89e-01	1.07e-02	6.24e-08	0.00e+00	0.00e+00	0.00e+00	0.00e+00	0.00e+00	0.00e+00	8.85e-01	6.15e-02	4.23e-02
 4.48490e+16	9.90e-01	1.05e-02	5.99e-08	0.00e+00	0.00e+00	0.00e+00	0.00e+00	0.00e+00	0.00e+00	8.86e-01	6.13e-02	4.21e-02
 4.48543e+16	9.90e-01	1.02e-02	5.76e-08	0.00e+00	0.00e+00	0.00e+00	0.00e+00	0.00e+00	0.00e+00	8.87e-01	6.11e-02	4.19e-02
 4.48592e+16	9.90e-01	9.94e-03	5.55e-08	0.00e+00	0.00e+00	0.00e+00	0.00e+00	0.00e+00	0.00e+00	8.87e-01	6.09e-02	4.17e-02
 4.48637e+16	9.90e-01	9.71e-03	5.37e-08	0.00e+00	0.00e+00	0.00e+00	0.00e+00	0.00e+00	0.00e+00	8.88e-01	6.07e-02	4.16e-02
 4.48678e+16	9.90e-01	9.50e-03	5.20e-08	0.00e+00	0.00e+00	0.00e+00	0.00e+00	0.00e+00	0.00e+00	8.89e-01	6.05e-02	4.14e-02
 4.48715e+16	9.91e-01	9.31e-03	5.05e-08	0.00e+00	0.00e+00	0.00e+00	0.00e+00	0.00e+00	0.00e+00	8.89e-01	6.03e-02	4.13e-02
 4.48749e+16	9.91e-01	9.15e-03	4.92e-08	0.00e+00	0.00e+00	0.00e+00	0.00e+00	0.00e+00	0.00e+00	8.90e-01	6.02e-02	4.11e-02
 4.48780e+16	9.91e-01	8.98e-03	4.80e-08	0.00e+00	0.00e+00	0.00e+00	0.00e+00	0.00e+00	0.00e+00	8.90e-01	6.00e-02	4.10e-02
 4.48808e+16	9.91e-01	8.86e-03	4.69e-08	0.00e+00	0.00e+00	0.00e+00	0.00e+00	0.00e+00	0.00e+00	8.90e-01	5.99e-02	4.09e-02
 4.48839e+16	9.91e-01	8.71e-03	4.57e-08	0.00e+00	0.00e+00	0.00e+00	0.00e+00	0.00e+00	0.00e+00	8.91e-01	5.97e-02	4.07e-02
 4.48872e+16	9.91e-01	8.53e-03	4.45e-08	0.00e+00	0.00e+00	0.00e+00	0.00e+00	0.00e+00	0.00e+00	8.91e-01	5.95e-02	4.06e-02
 4.48902e+16	9.92e-01	8.40e-03	4.34e-08	0.00e+00	0.00e+00	0.00e+00	0.00e+00	0.00e+00	0.00e+00	8.92e-01	5.93e-02	4.05e-02
 4.48930e+16	9.92e-01	8.28e-03	4.24e-08	0.00e+00	0.00e+00	0.00e+00	0.00e+00	0.00e+00	0.00e+00	8.92e-01	5.92e-02	4.03e-02
 4.48960e+16	9.92e-01	8.14e-03	4.13e-08	0.00e+00	0.00e+00	0.00e+00	0.00e+00	0.00e+00	0.00e+00	8.93e-01	5.90e-02	4.02e-02
 4.48993e+16	9.92e-01	7.98e-03	4.01e-08	0.00e+00	0.00e+00	0.00e+00	0.00e+00	0.00e+00	0.00e+00	8.93e-01	5.88e-02	4.00e-02
 4.49022e+16	9.92e-01	7.85e-03	3.91e-08	0.00e+00	0.00e+00	0.00e+00	0.00e+00	0.00e+00	0.00e+00	8.94e-01	5.86e-02	3.99e-02
 4.49049e+16	9.92e-01	7.73e-03	3.82e-08	0.00e+00	0.00e+00	0.00e+00	0.00e+00	0.00e+00	0.00e+00	8.94e-01	5.84e-02	3.98e-02
 4.49079e+16	9.92e-01	7.60e-03	3.72e-08	0.00e+00	0.00e+00	0.00e+00	0.00e+00	0.00e+00	0.00e+00	8.95e-01	5.82e-02	3.96e-02
 4.49111e+16	9.93e-01	7.45e-03	3.61e-08	0.00e+00	0.00e+00	0.00e+00	0.00e+00	0.00e+00	0.00e+00	8.95e-01	5.80e-02	3.95e-02
###########################
 3.15818e+11	9.21e-06	1.40e-02	9.63e-01	2.30e-02	6.80e-07	0.00e+00	0.00e+00	0.00e+00	0.00e+00	6.56e-06	1.78e-06	8.68e-07
 1.89491e+12	9.19e-06	1.40e-02	9.63e-01	2.29e-02	6.77e-07	0.00e+00	0.00e+00	0.00e+00	0.00e+00	6.54e-06	1.78e-06	8.67e-07
 8.21128e+12	9.19e-06	1.40e-02	9.63e-01	2.27e-02	6.66e-07	0.00e+00	0.00e+00	0.00e+00	0.00e+00	6.54e-06	1.78e-06	8.67e-07
 3.34768e+13	9.22e-06	1.40e-02	9.64e-01	2.17e-02	6.22e-07	0.00e+00	0.00e+00	0.00e+00	0.00e+00	6.56e-06	1.79e-06	8.73e-07
 7.99652e+13	9.19e-06	1.40e-02	9.66e-01	2.03e-02	5.60e-07	0.00e+00	0.00e+00	0.00e+00	0.00e+00	6.53e-06	1.79e-06	8.73e-07
 1.40400e+14	9.18e-06	1.41e-02	9.67e-01	1.86e-02	4.87e-07	0.00e+00	0.00e+00	0.00e+00	0.00e+00	6.52e-06	1.79e-06	8.73e-07
 2.18966e+14	9.19e-06	1.41e-02	9.69e-01	1.65e-02	4.07e-07	0.00e+00	0.00e+00	0.00e+00	0.00e+00	6.52e-06	1.79e-06	8.74e-07
 3.21101e+14	9.22e-06	1.42e-02	9.72e-01	1.42e-02	3.21e-07	0.00e+00	0.00e+00	0.00e+00	0.00e+00	6.55e-06	1.79e-06	8.77e-07
 4.53877e+14	9.27e-06	1.43e-02	9.74e-01	1.16e-02	2.35e-07	0.00e+00	0.00e+00	0.00e+00	0.00e+00	6.58e-06	1.80e-06	8.81e-07
 6.26485e+14	9.34e-06	1.44e-02	9.77e-01	8.85e-03	1.56e-07	0.00e+00	0.00e+00	0.00e+00	0.00e+00	6.64e-06	1.82e-06	8.88e-07
 8.50876e+14	9.46e-06	1.46e-02	9.79e-01	6.23e-03	0.00e+00	0.00e+00	0.00e+00	0.00e+00	0.00e+00	6.72e-06	1.84e-06	8.98e-07
 1.14258e+15	9.64e-06	1.48e-02	9.81e-01	3.95e-03	0.00e+00	0.00e+00	0.00e+00	0.00e+00	0.00e+00	6.85e-06	1.87e-06	9.14e-07
 1.52181e+15	9.88e-06	1.50e-02	9.83e-01	2.19e-03	0.00e+00	0.00e+00	0.00e+00	0.00e+00	0.00e+00	7.03e-06	1.92e-06	9.37e-07
 2.01479e+15	1.02e-05	1.53e-02	9.84e-01	1.03e-03	0.00e+00	0.00e+00	0.00e+00	0.00e+00	0.00e+00	7.28e-06	1.98e-06	9.69e-07
 2.65568e+15	1.07e-05	1.58e-02	9.84e-01	4.00e-04	0.00e+00	0.00e+00	0.00e+00	0.00e+00	0.00e+00	7.65e-06	2.08e-06	1.02e-06
 3.48882e+15	1.15e-05	1.64e-02	9.83e-01	1.25e-04	0.00e+00	0.00e+00	0.00e+00	0.00e+00	0.00e+00	8.18e-06	2.22e-06	1.09e-06
 4.57192e+15	1.26e-05	1.72e-02	9.83e-01	3.16e-05	0.00e+00	0.00e+00	0.00e+00	0.00e+00	0.00e+00	9.00e-06	2.44e-06	1.19e-06
 5.97994e+15	1.44e-05	1.83e-02	9.82e-01	6.99e-06	0.00e+00	0.00e+00	0.00e+00	0.00e+00	0.00e+00	1.02e-05	2.77e-06	1.35e-06
 7.50664e+15	1.63e-05	1.96e-02	9.80e-01	2.09e-06	0.00e+00	0.00e+00	0.00e+00	0.00e+00	0.00e+00	1.17e-05	3.16e-06	1.54e-06
 8.92957e+15	1.86e-05	2.09e-02	9.79e-01	1.04e-06	0.00e+00	0.00e+00	0.00e+00	0.00e+00	0.00e+00	1.33e-05	3.60e-06	1.76e-06
 1.01027e+16	2.07e-05	2.20e-02	9.78e-01	7.24e-07	0.00e+00	0.00e+00	0.00e+00	0.00e+00	0.00e+00	1.48e-05	4.01e-06	1.96e-06
 1.11130e+16	2.31e-05	2.31e-02	9.77e-01	5.72e-07	0.00e+00	0.00e+00	0.00e+00	0.00e+00	0.00e+00	1.64e-05	4.46e-06	2.18e-06
 1.22243e+16	2.60e-05	2.44e-02	9.76e-01	4.70e-07	0.00e+00	0.00e+00	0.00e+00	0.00e+00	0.00e+00	1.85e-05	5.03e-06	2.46e-06
 1.34467e+16	2.98e-05	2.58e-02	9.74e-01	3.93e-07	0.00e+00	0.00e+00	0.00e+00	0.00e+00	0.00e+00	2.12e-05	5.77e-06	2.82e-06
 1.47914e+16	3.48e-05	2.76e-02	9.72e-01	3.33e-07	0.00e+00	0.00e+00	0.00e+00	0.00e+00	0.00e+00	2.47e-05	6.75e-06	3.31e-06
 1.62705e+16	4.15e-05	2.97e-02	9.70e-01	2.84e-07	0.00e+00	0.00e+00	0.00e+00	0.00e+00	0.00e+00	2.95e-05	8.09e-06	3.96e-06
 1.78976e+16	5.10e-05	3.24e-02	9.68e-01	2.45e-07	0.00e+00	0.00e+00	0.00e+00	0.00e+00	0.00e+00	3.62e-05	9.97e-06	4.89e-06
 1.93092e+16	6.16e-05	3.49e-02	9.65e-01	2.17e-07	0.00e+00	0.00e+00	0.00e+00	0.00e+00	0.00e+00	4.36e-05	1.21e-05	5.92e-06
 2.02781e+16	7.08e-05	3.70e-02	9.63e-01	2.02e-07	0.00e+00	0.00e+00	0.00e+00	0.00e+00	0.00e+00	5.01e-05	1.39e-05	6.82e-06
 2.12198e+16	8.12e-05	3.91e-02	9.61e-01	1.88e-07	0.00e+00	0.00e+00	0.00e+00	0.00e+00	0.00e+00	5.74e-05	1.60e-05	7.85e-06
 2.22822e+16	9.56e-05	4.18e-02	9.58e-01	1.75e-07	0.00e+00	0.00e+00	0.00e+00	0.00e+00	0.00e+00	6.75e-05	1.89e-05	9.27e-06
 2.32553e+16	1.12e-04	4.46e-02	9.55e-01	1.64e-07	0.00e+00	0.00e+00	0.00e+00	0.00e+00	0.00e+00	7.90e-05	2.22e-05	1.09e-05
 2.40831e+16	1.29e-04	4.73e-02	9.53e-01	1.56e-07	0.00e+00	0.00e+00	0.00e+00	0.00e+00	0.00e+00	9.10e-05	2.56e-05	1.26e-05
 2.48455e+16	1.48e-04	5.00e-02	9.50e-01	1.49e-07	0.00e+00	0.00e+00	0.00e+00	0.00e+00	0.00e+00	1.04e-04	2.94e-05	1.44e-05
 2.57134e+16	1.73e-04	5.34e-02	9.46e-01	1.42e-07	0.00e+00	0.00e+00	0.00e+00	0.00e+00	0.00e+00	1.22e-04	3.46e-05	1.70e-05
 2.66269e+16	2.08e-04	5.76e-02	9.42e-01	0.00e+00	0.00e+00	0.00e+00	0.00e+00	0.00e+00	0.00e+00	1.46e-04	4.15e-05	2.04e-05
 2.73742e+16	2.43e-04	6.17e-02	9.38e-01	0.00e+00	0.00e+00	0.00e+00	0.00e+00	0.00e+00	0.00e+00	1.70e-04	4.87e-05	2.39e-05
 2.79917e+16	2.78e-04	6.54e-02	9.34e-01	0.00e+00	0.00e+00	0.00e+00	0.00e+00	0.00e+00	0.00e+00	1.95e-04	5.59e-05	2.74e-05
 2.86656e+16	3.23e-04	6.98e-02	9.30e-01	0.00e+00	0.00e+00	0.00e+00	0.00e+00	0.00e+00	0.00e+00	2.26e-04	6.51e-05	3.19e-05
 2.94122e+16	3.85e-04	7.56e-02	9.24e-01	0.00e+00	0.00e+00	0.00e+00	0.00e+00	0.00e+00	0.00e+00	2.69e-04	7.80e-05	3.82e-05
 3.00754e+16	4.56e-04	8.16e-02	9.18e-01	0.00e+00	0.00e+00	0.00e+00	0.00e+00	0.00e+00	0.00e+00	3.18e-04	9.25e-05	4.53e-05
 3.06345e+16	5.30e-04	8.74e-02	9.12e-01	0.00e+00	0.00e+00	0.00e+00	0.00e+00	0.00e+00	0.00e+00	3.70e-04	1.08e-04	5.27e-05
 3.12359e+16	6.24e-04	9.42e-02	9.05e-01	0.00e+00	0.00e+00	0.00e+00	0.00e+00	0.00e+00	0.00e+00	4.35e-04	1.27e-04	6.19e-05
 3.18935e+16	7.56e-04	1.03e-01	8.96e-01	0.00e+00	0.00e+00	0.00e+00	0.00e+00	0.00e+00	0.00e+00	5.26e-04	1.54e-04	7.50e-05
 3.24668e+16	9.04e-04	1.12e-01	8.87e-01	0.00e+00	0.00e+00	0.00e+00	0.00e+00	0.00e+00	0.00e+00	6.29e-04	1.85e-04	8.97e-05
 3.29507e+16	1.06e-03	1.21e-01	8.78e-01	0.00e+00	0.00e+00	0.00e+00	0.00e+00	0.00e+00	0.00e+00	7.38e-04	2.18e-04	1.05e-04
 3.34754e+16	1.26e-03	1.32e-01	8.67e-01	0.00e+00	0.00e+00	0.00e+00	0.00e+00	0.00e+00	0.00e+00	8.77e-04	2.60e-04	1.25e-04
 3.40537e+16	1.55e-03	1.46e-01	8.53e-01	0.00e+00	0.00e+00	0.00e+00	0.00e+00	0.00e+00	0.00e+00	1.08e-03	3.20e-04	1.54e-04
 3.45651e+16	1.89e-03	1.61e-01	8.38e-01	0.00e+00	0.00e+00	0.00e+00	0.00e+00	0.00e+00	0.00e+00	1.31e-03	3.91e-04	1.88e-04
 3.49993e+16	2.25e-03	1.75e-01	8.23e-01	0.00e+00	0.00e+00	0.00e+00	0.00e+00	0.00e+00	0.00e+00	1.56e-03	4.67e-04	2.24e-04
 3.54694e+16	2.73e-03	1.92e-01	8.05e-01	0.00e+00	0.00e+00	0.00e+00	0.00e+00	0.00e+00	0.00e+00	1.89e-03	5.68e-04	2.71e-04
 3.59847e+16	3.44e-03	2.15e-01	7.81e-01	0.00e+00	0.00e+00	0.00e+00	0.00e+00	0.00e+00	0.00e+00	2.38e-03	7.16e-04	3.41e-04
 3.64289e+16	4.25e-03	2.39e-01	7.57e-01	0.00e+00	0.00e+00	0.00e+00	0.00e+00	0.00e+00	0.00e+00	2.94e-03	8.87e-04	4.21e-04
 3.67875e+16	5.09e-03	2.61e-01	7.34e-01	0.00e+00	0.00e+00	0.00e+00	0.00e+00	0.00e+00	0.00e+00	3.52e-03	1.06e-03	5.04e-04
 3.71649e+16	6.16e-03	2.86e-01	7.08e-01	0.00e+00	0.00e+00	0.00e+00	0.00e+00	0.00e+00	0.00e+00	4.26e-03	1.29e-03	6.10e-04
 3.75811e+16	7.72e-03	3.18e-01	6.74e-01	0.00e+00	0.00e+00	0.00e+00	0.00e+00	0.00e+00	0.00e+00	5.34e-03	1.62e-03	7.65e-04
 3.79440e+16	9.53e-03	3.51e-01	6.40e-01	0.00e+00	0.00e+00	0.00e+00	0.00e+00	0.00e+00	0.00e+00	6.59e-03	2.00e-03	9.43e-04
 3.82406e+16	1.14e-02	3.80e-01	6.08e-01	0.00e+00	0.00e+00	0.00e+00	0.00e+00	0.00e+00	0.00e+00	7.89e-03	2.39e-03	1.13e-03
 3.85548e+16	1.38e-02	4.14e-01	5.72e-01	0.00e+00	0.00e+00	0.00e+00	0.00e+00	0.00e+00	0.00e+00	9.54e-03	2.89e-03	1.36e-03
 3.89027e+16	1.73e-02	4.56e-01	5.27e-01	0.00e+00	0.00e+00	0.00e+00	0.00e+00	0.00e+00	0.00e+00	1.20e-02	3.63e-03	1.71e-03
 3.92057e+16	2.14e-02	4.96e-01	4.82e-01	0.00e+00	0.00e+00	0.00e+00	0.00e+00	0.00e+00	0.00e+00	1.48e-02	4.47e-03	2.11e-03
 3.94520e+16	2.55e-02	5.31e-01	4.43e-01	0.00e+00	0.00e+00	0.00e+00	0.00e+00	0.00e+00	0.00e+00	1.76e-02	5.32e-03	2.51e-03
 3.97135e+16	3.08e-02	5.69e-01	4.00e-01	0.00e+00	0.00e+00	0.00e+00	0.00e+00	0.00e+00	0.00e+00	2.13e-02	6.43e-03	3.03e-03
 4.00028e+16	3.85e-02	6.12e-01	3.49e-01	0.00e+00	0.00e+00	0.00e+00	0.00e+00	0.00e+00	0.00e+00	2.67e-02	8.01e-03	3.78e-03
 4.02579e+16	4.71e-02	6.50e-01	3.03e-01	0.00e+00	0.00e+00	0.00e+00	0.00e+00	0.00e+00	0.00e+00	3.27e-02	9.79e-03	4.62e-03
 4.04725e+16	5.63e-02	6.81e-01	2.63e-01	0.00e+00	0.00e+00	0.00e+00	0.00e+00	0.00e+00	0.00e+00	3.91e-02	1.17e-02	5.52e-03
 4.07047e+16	6.85e-02	7.11e-01	2.21e-01	0.00e+00	0.00e+00	0.00e+00	0.00e+00	0.00e+00	0.00e+00	4.76e-02	1.41e-02	6.70e-03
 4.09577e+16	8.56e-02	7.38e-01	1.76e-01	0.00e+00	0.00e+00	0.00e+00	0.00e+00	0.00e+00	0.00e+00	5.96e-02	1.76e-02	8.36e-03
 4.11479e+16	1.02e-01	7.54e-01	1.44e-01	0.00e+00	0.00e+00	0.00e+00	0.00e+00	0.00e+00	0.00e+00	7.14e-02	2.10e-02	9.99e-03
 4.12623e+16	1.14e-01	7.61e-01	1.25e-01	0.00e+00	0.00e+00	0.00e+00	0.00e+00	0.00e+00	0.00e+00	7.98e-02	2.33e-02	1.11e-02
 4.13682e+16	1.26e-01	7.64e-01	1.09e-01	0.00e+00	0.00e+00	0.00e+00	0.00e+00	0.00e+00	0.00e+00	8.83e-02	2.57e-02	1.23e-02
 4.15058e+16	1.44e-01	7.65e-01	9.07e-02	0.00e+00	0.00e+00	0.00e+00	0.00e+00	0.00e+00	0.00e+00	1.01e-01	2.91e-02	1.40e-02
 4.16459e+16	1.65e-01	7.61e-01	7.33e-02	0.00e+00	0.00e+00	0.00e+00	0.00e+00	0.00e+00	0.00e+00	1.16e-01	3.32e-02	1.60e-02
 4.17533e+16	1.84e-01	7.55e-01	6.12e-02	0.00e+00	0.00e+00	0.00e+00	0.00e+00	0.00e+00	0.00e+00	1.30e-01	3.68e-02	1.78e-02
 4.18387e+16	2.01e-01	7.46e-01	5.24e-02	0.00e+00	0.00e+00	0.00e+00	0.00e+00	0.00e+00	0.00e+00	1.42e-01	4.00e-02	1.94e-02
 4.19313e+16	2.21e-01	7.35e-01	4.40e-02	0.00e+00	0.00e+00	0.00e+00	0.00e+00	0.00e+00	0.00e+00	1.56e-01	4.36e-02	2.13e-02
 4.20341e+16	2.45e-01	7.19e-01	3.57e-02	0.00e+00	0.00e+00	0.00e+00	0.00e+00	0.00e+00	0.00e+00	1.73e-01	4.80e-02	2.36e-02
 4.21255e+16	2.69e-01	7.02e-01	2.92e-02	0.00e+00	0.00e+00	0.00e+00	0.00e+00	0.00e+00	0.00e+00	1.91e-01	5.22e-02	2.58e-02
 4.22022e+16	2.90e-01	6.85e-01	2.45e-02	0.00e+00	0.00e+00	0.00e+00	0.00e+00	0.00e+00	0.00e+00	2.07e-01	5.59e-02	2.78e-02
 4.22845e+16	3.15e-01	6.65e-01	2.00e-02	0.00e+00	0.00e+00	0.00e+00	0.00e+00	0.00e+00	0.00e+00	2.25e-01	6.01e-02	3.00e-02
 4.23734e+16	3.45e-01	6.39e-01	1.59e-02	0.00e+00	0.00e+00	0.00e+00	0.00e+00	0.00e+00	0.00e+00	2.47e-01	6.48e-02	3.27e-02
 4.24500e+16	3.72e-01	6.15e-01	1.28e-02	0.00e+00	0.00e+00	0.00e+00	0.00e+00	0.00e+00	0.00e+00	2.68e-01	6.91e-02	3.51e-02
 4.25153e+16	3.96e-01	5.94e-01	1.06e-02	0.00e+00	0.00e+00	0.00e+00	0.00e+00	0.00e+00	0.00e+00	2.86e-01	7.27e-02	3.72e-02
 4.25837e+16	4.22e-01	5.69e-01	8.62e-03	0.00e+00	0.00e+00	0.00e+00	0.00e+00	0.00e+00	0.00e+00	3.06e-01	7.66e-02	3.95e-02
 4.26577e+16	4.52e-01	5.41e-01	6.82e-03	0.00e+00	0.00e+00	0.00e+00	0.00e+00	0.00e+00	0.00e+00	3.29e-01	8.06e-02	4.19e-02
 4.27269e+16	4.81e-01	5.14e-01	5.41e-03	0.00e+00	0.00e+00	0.00e+00	0.00e+00	0.00e+00	0.00e+00	3.52e-01	8.43e-02	4.43e-02
 4.27897e+16	5.08e-01	4.88e-01	4.34e-03	0.00e+00	0.00e+00	0.00e+00	0.00e+00	0.00e+00	0.00e+00	3.74e-01	8.76e-02	4.65e-02
 4.28488e+16	5.33e-01	4.64e-01	3.51e-03	0.00e+00	0.00e+00	0.00e+00	0.00e+00	0.00e+00	0.00e+00	3.94e-01	9.03e-02	4.84e-02
 4.29030e+16	5.57e-01	4.40e-01	2.87e-03	0.00e+00	0.00e+00	0.00e+00	0.00e+00	0.00e+00	0.00e+00	4.14e-01	9.26e-02	5.01e-02
 4.29531e+16	5.78e-01	4.19e-01	2.37e-03	0.00e+00	0.00e+00	0.00e+00	0.00e+00	0.00e+00	0.00e+00	4.32e-01	9.45e-02	5.16e-02
 4.29930e+16	5.96e-01	4.02e-01	2.03e-03	0.00e+00	0.00e+00	0.00e+00	0.00e+00	0.00e+00	0.00e+00	4.47e-01	9.59e-02	5.28e-02
 4.30192e+16	6.06e-01	3.92e-01	1.83e-03	0.00e+00	0.00e+00	0.00e+00	0.00e+00	0.00e+00	0.00e+00	4.56e-01	9.67e-02	5.35e-02
 4.30432e+16	6.16e-01	3.82e-01	1.66e-03	0.00e+00	0.00e+00	0.00e+00	0.00e+00	0.00e+00	0.00e+00	4.65e-01	9.73e-02	5.41e-02
 4.30720e+16	6.29e-01	3.70e-01	1.48e-03	0.00e+00	0.00e+00	0.00e+00	0.00e+00	0.00e+00	0.00e+00	4.76e-01	9.81e-02	5.48e-02
 4.31035e+16	6.42e-01	3.57e-01	1.29e-03	0.00e+00	0.00e+00	0.00e+00	0.00e+00	0.00e+00	0.00e+00	4.87e-01	9.89e-02	5.56e-02
 4.31333e+16	6.55e-01	3.44e-01	1.14e-03	0.00e+00	0.00e+00	0.00e+00	0.00e+00	0.00e+00	0.00e+00	4.99e-01	9.95e-02	5.63e-02
 4.31607e+16	6.66e-01	3.33e-01	1.01e-03	0.00e+00	0.00e+00	0.00e+00	0.00e+00	0.00e+00	0.00e+00	5.09e-01	1.00e-01	5.69e-02
 4.31880e+16	6.77e-01	3.22e-01	8.99e-04	0.00e+00	0.00e+00	0.00e+00	0.00e+00	0.00e+00	0.00e+00	5.19e-01	1.00e-01	5.75e-02
 4.32158e+16	6.88e-01	3.11e-01	7.95e-04	0.00e+00	0.00e+00	0.00e+00	0.00e+00	0.00e+00	0.00e+00	5.29e-01	1.01e-01	5.80e-02
 4.32436e+16	7.00e-01	3.00e-01	7.01e-04	0.00e+00	0.00e+00	0.00e+00	0.00e+00	0.00e+00	0.00e+00	5.40e-01	1.01e-01	5.86e-02
 4.32709e+16	7.10e-01	2.89e-01	6.19e-04	0.00e+00	0.00e+00	0.00e+00	0.00e+00	0.00e+00	0.00e+00	5.50e-01	1.01e-01	5.90e-02
 4.32980e+16	7.21e-01	2.78e-01	5.46e-04	0.00e+00	0.00e+00	0.00e+00	0.00e+00	0.00e+00	0.00e+00	5.60e-01	1.01e-01	5.94e-02
 4.33251e+16	7.32e-01	2.68e-01	4.80e-04	0.00e+00	0.00e+00	0.00e+00	0.00e+00	0.00e+00	0.00e+00	5.71e-01	1.01e-01	5.98e-02
 4.33517e+16	7.42e-01	2.58e-01	4.23e-04	0.00e+00	0.00e+00	0.00e+00	0.00e+00	0.00e+00	0.00e+00	5.80e-01	1.01e-01	6.01e-02
 4.33778e+16	7.51e-01	2.49e-01	3.73e-04	0.00e+00	0.00e+00	0.00e+00	0.00e+00	0.00e+00	0.00e+00	5.90e-01	1.01e-01	6.03e-02
 4.34043e+16	7.61e-01	2.39e-01	3.27e-04	0.00e+00	0.00e+00	0.00e+00	0.00e+00	0.00e+00	0.00e+00	6.00e-01	1.01e-01	6.06e-02
 4.34307e+16	7.70e-01	2.30e-01	2.88e-04	0.00e+00	0.00e+00	0.00e+00	0.00e+00	0.00e+00	0.00e+00	6.09e-01	1.00e-01	6.08e-02
 4.34568e+16	7.79e-01	2.20e-01	2.52e-04	0.00e+00	0.00e+00	0.00e+00	0.00e+00	0.00e+00	0.00e+00	6.18e-01	1.00e-01	6.09e-02
 4.34826e+16	7.88e-01	2.12e-01	2.22e-04	0.00e+00	0.00e+00	0.00e+00	0.00e+00	0.00e+00	0.00e+00	6.27e-01	9.97e-02	6.10e-02
 4.35084e+16	7.97e-01	2.03e-01	1.94e-04	0.00e+00	0.00e+00	0.00e+00	0.00e+00	0.00e+00	0.00e+00	6.36e-01	9.92e-02	6.11e-02
 4.35345e+16	8.05e-01	1.95e-01	1.70e-04	0.00e+00	0.00e+00	0.00e+00	0.00e+00	0.00e+00	0.00e+00	6.45e-01	9.87e-02	6.11e-02
 4.35599e+16	8.13e-01	1.87e-01	1.49e-04	0.00e+00	0.00e+00	0.00e+00	0.00e+00	0.00e+00	0.00e+00	6.54e-01	9.81e-02	6.11e-02
 4.35849e+16	8.21e-01	1.79e-01	1.30e-04	0.00e+00	0.00e+00	0.00e+00	0.00e+00	0.00e+00	0.00e+00	6.62e-01	9.76e-02	6.10e-02
 4.36103e+16	8.28e-01	1.72e-01	1.14e-04	0.00e+00	0.00e+00	0.00e+00	0.00e+00	0.00e+00	0.00e+00	6.70e-01	9.69e-02	6.09e-02
 4.36356e+16	8.35e-01	1.65e-01	9.92e-05	0.00e+00	0.00e+00	0.00e+00	0.00e+00	0.00e+00	0.00e+00	6.78e-01	9.62e-02	6.08e-02
 4.36606e+16	8.43e-01	1.57e-01	8.66e-05	0.00e+00	0.00e+00	0.00e+00	0.00e+00	0.00e+00	0.00e+00	6.86e-01	9.54e-02	6.07e-02
 4.36853e+16	8.49e-01	1.51e-01	7.57e-05	0.00e+00	0.00e+00	0.00e+00	0.00e+00	0.00e+00	0.00e+00	6.94e-01	9.47e-02	6.05e-02
 4.37097e+16	8.55e-01	1.44e-01	6.61e-05	0.00e+00	0.00e+00	0.00e+00	0.00e+00	0.00e+00	0.00e+00	7.01e-01	9.39e-02	6.03e-02
 4.37341e+16	8.62e-01	1.38e-01	5.77e-05	0.00e+00	0.00e+00	0.00e+00	0.00e+00	0.00e+00	0.00e+00	7.09e-01	9.31e-02	6.01e-02
 4.37586e+16	8.68e-01	1.32e-01	5.02e-05	0.00e+00	0.00e+00	0.00e+00	0.00e+00	0.00e+00	0.00e+00	7.16e-01	9.23e-02	5.98e-02
 4.37828e+16	8.74e-01	1.26e-01	4.38e-05	0.00e+00	0.00e+00	0.00e+00	0.00e+00	0.00e+00	0.00e+00	7.22e-01	9.15e-02	5.96e-02
 4.38063e+16	8.79e-01	1.21e-01	3.83e-05	0.00e+00	0.00e+00	0.00e+00	0.00e+00	0.00e+00	0.00e+00	7.29e-01	9.07e-02	5.93e-02
 4.38294e+16	8.84e-01	1.16e-01	3.36e-05	0.00e+00	0.00e+00	0.00e+00	0.00e+00	0.00e+00	0.00e+00	7.35e-01	8.99e-02	5.90e-02
 4.38523e+16	8.89e-01	1.11e-01	2.94e-05	0.00e+00	0.00e+00	0.00e+00	0.00e+00	0.00e+00	0.00e+00	7.41e-01	8.91e-02	5.87e-02
