#depth	H	H+	H2
 4.48789e+11	1.10e-03	9.99e-01	4.50e-14
 2.69273e+12	1.10e-03	9.99e-01	4.50e-14
 1.16685e+13	1.10e-03	9.99e-01	4.50e-14
 4.75716e+13	1.10e-03	9.99e-01	4.53e-14
 1.13633e+14	1.10e-03	9.99e-01	4.55e-14
 1.99514e+14	1.09e-03	9.99e-01	4.59e-14
 3.11158e+14	1.09e-03	9.99e-01	4.64e-14
 4.56296e+14	1.09e-03	9.99e-01	4.70e-14
 6.44974e+14	1.09e-03	9.99e-01	4.79e-14
 8.90257e+14	1.09e-03	9.99e-01	4.90e-14
 1.20912e+15	1.09e-03	9.99e-01	5.04e-14
 1.62365e+15	1.10e-03	9.99e-01	5.23e-14
 2.16254e+15	1.11e-03	9.99e-01	5.47e-14
 2.86309e+15	1.13e-03	9.99e-01	5.81e-14
 3.77381e+15	1.16e-03	9.99e-01	6.25e-14
 4.95774e+15	1.20e-03	9.99e-01	6.86e-14
 6.49685e+15	1.26e-03	9.99e-01	7.73e-14
 8.49770e+15	1.36e-03	9.99e-01	8.95e-14
 1.08786e+16	1.51e-03	9.98e-01	1.06e-13
 1.32819e+16	1.69e-03	9.98e-01	1.26e-13
 1.51569e+16	1.91e-03	9.98e-01	1.53e-13
 1.66726e+16	2.10e-03	9.98e-01	1.73e-13
 1.80350e+16	2.29e-03	9.98e-01	1.94e-13
 1.90430e+16	2.45e-03	9.98e-01	2.12e-13
 2.00539e+16	2.61e-03	9.97e-01	2.29e-13
 2.13680e+16	2.85e-03	9.97e-01	2.55e-13
 2.26705e+16	3.14e-03	9.97e-01	2.87e-13
 2.36261e+16	3.38e-03	9.97e-01	3.14e-13
 2.44009e+16	3.59e-03	9.96e-01	3.37e-13
 2.52724e+16	3.83e-03	9.96e-01	3.62e-13
 2.64054e+16	4.17e-03	9.96e-01	3.97e-13
 2.75512e+16	4.59e-03	9.95e-01	4.43e-13
 2.84196e+16	4.95e-03	9.95e-01	4.84e-13
 2.91200e+16	5.26e-03	9.95e-01	5.18e-13
 2.98958e+16	5.61e-03	9.94e-01	5.53e-13
 3.09044e+16	6.11e-03	9.94e-01	6.02e-13
 3.19369e+16	6.72e-03	9.93e-01	6.66e-13
 3.27383e+16	7.27e-03	9.93e-01	7.25e-13
 3.33921e+16	7.75e-03	9.92e-01	7.75e-13
 3.41161e+16	8.30e-03	9.92e-01	8.26e-13
 3.50574e+16	9.10e-03	9.91e-01	9.01e-13
 3.60081e+16	1.01e-02	9.90e-01	9.99e-13
 3.67365e+16	1.10e-02	9.89e-01	1.09e-12
 3.73393e+16	1.18e-02	9.88e-01	1.17e-12
 3.80136e+16	1.27e-02	9.87e-01	1.25e-12
 3.88902e+16	1.41e-02	9.86e-01	1.38e-12
 3.97580e+16	1.59e-02	9.84e-01	1.56e-12
 4.03837e+16	1.74e-02	9.83e-01	1.72e-12
 4.08592e+16	1.87e-02	9.81e-01	1.85e-12
 4.13703e+16	2.03e-02	9.80e-01	2.00e-12
 4.20348e+16	2.26e-02	9.77e-01	2.24e-12
 4.26955e+16	2.55e-02	9.74e-01	2.54e-12
 4.31785e+16	2.81e-02	9.72e-01	2.82e-12
 4.35576e+16	3.05e-02	9.70e-01	3.08e-12
 4.39742e+16	3.34e-02	9.67e-01	3.41e-12
 4.44449e+16	3.74e-02	9.63e-01	3.87e-12
 4.48745e+16	4.20e-02	9.58e-01	4.40e-12
 4.52343e+16	4.66e-02	9.53e-01	4.96e-12
 4.55624e+16	5.16e-02	9.48e-01	5.58e-12
 4.59362e+16	5.85e-02	9.42e-01	6.46e-12
 4.63320e+16	6.78e-02	9.32e-01	7.70e-12
 4.66573e+16	7.78e-02	9.22e-01	9.11e-12
 4.69215e+16	8.80e-02	9.12e-01	1.06e-11
 4.71345e+16	9.79e-02	9.02e-01	1.21e-11
 4.72995e+16	1.07e-01	8.93e-01	1.35e-11
 4.74728e+16	1.18e-01	8.82e-01	1.54e-11
 4.76577e+16	1.32e-01	8.68e-01	1.78e-11
 4.78106e+16	1.46e-01	8.54e-01	2.03e-11
 4.79334e+16	1.59e-01	8.41e-01	2.28e-11
 4.80466e+16	1.72e-01	8.28e-01	2.55e-11
 4.81762e+16	1.90e-01	8.10e-01	2.93e-11
 4.83088e+16	2.12e-01	7.88e-01	3.41e-11
 4.84121e+16	2.31e-01	7.69e-01	3.89e-11
 4.84952e+16	2.49e-01	7.51e-01	4.34e-11
 4.85853e+16	2.71e-01	7.29e-01	4.94e-11
 4.86829e+16	2.97e-01	7.03e-01	5.73e-11
 4.87666e+16	3.23e-01	6.77e-01	6.56e-11
 4.88358e+16	3.46e-01	6.54e-01	7.39e-11
 4.89079e+16	3.73e-01	6.27e-01	8.42e-11
 4.89842e+16	4.04e-01	5.96e-01	9.76e-11
 4.90506e+16	4.34e-01	5.66e-01	1.12e-10
 4.91055e+16	4.60e-01	5.40e-01	1.26e-10
 4.91534e+16	4.85e-01	5.15e-01	1.40e-10
 4.91982e+16	5.08e-01	4.92e-01	1.55e-10
 4.92402e+16	5.31e-01	4.69e-01	1.71e-10
 4.92718e+16	5.49e-01	4.51e-01	1.85e-10
 4.92916e+16	5.59e-01	4.41e-01	1.93e-10
 4.93101e+16	5.70e-01	4.30e-01	2.03e-10
 4.93319e+16	5.83e-01	4.17e-01	2.14e-10
 4.93552e+16	5.97e-01	4.03e-01	2.28e-10
 4.93770e+16	6.10e-01	3.90e-01	2.41e-10
 4.93969e+16	6.22e-01	3.78e-01	2.55e-10
 4.94162e+16	6.34e-01	3.66e-01	2.68e-10
 4.94356e+16	6.46e-01	3.54e-01	2.83e-10
 4.94549e+16	6.58e-01	3.42e-01	3.00e-10
 4.94737e+16	6.70e-01	3.30e-01	3.16e-10
 4.94919e+16	6.81e-01	3.19e-01	3.34e-10
 4.95096e+16	6.92e-01	3.08e-01	3.52e-10
 4.95271e+16	7.03e-01	2.97e-01	3.71e-10
 4.95444e+16	7.14e-01	2.86e-01	3.91e-10
 4.95612e+16	7.25e-01	2.75e-01	4.13e-10
 4.95777e+16	7.35e-01	2.65e-01	4.35e-10
 4.95939e+16	7.45e-01	2.55e-01	4.59e-10
 4.96098e+16	7.55e-01	2.45e-01	4.83e-10
 4.96255e+16	7.65e-01	2.35e-01	5.10e-10
 4.96408e+16	7.74e-01	2.26e-01	5.37e-10
 4.96559e+16	7.83e-01	2.17e-01	5.66e-10
 4.96707e+16	7.92e-01	2.08e-01	5.96e-10
 4.96852e+16	8.00e-01	2.00e-01	6.29e-10
 4.96995e+16	8.08e-01	1.92e-01	6.63e-10
 4.97136e+16	8.16e-01	1.84e-01	6.98e-10
 4.97274e+16	8.24e-01	1.76e-01	7.36e-10
 4.97409e+16	8.31e-01	1.69e-01	7.76e-10
 4.97542e+16	8.39e-01	1.61e-01	8.19e-10
 4.97672e+16	8.45e-01	1.55e-01	8.63e-10
 4.97798e+16	8.52e-01	1.48e-01	9.09e-10
 4.97920e+16	8.58e-01	1.42e-01	9.58e-10
 4.98039e+16	8.64e-01	1.36e-01	1.01e-09
 4.98158e+16	8.70e-01	1.30e-01	1.06e-09
 4.98273e+16	8.75e-01	1.25e-01	1.12e-09
 4.98381e+16	8.80e-01	1.20e-01	1.18e-09
 4.98489e+16	8.85e-01	1.15e-01	1.24e-09
 4.98596e+16	8.90e-01	1.10e-01	1.31e-09
 4.98701e+16	8.94e-01	1.06e-01	1.38e-09
 4.98801e+16	8.99e-01	1.01e-01	1.45e-09
 4.98898e+16	9.03e-01	9.72e-02	1.52e-09
 4.98995e+16	9.07e-01	9.33e-02	1.60e-09
 4.99091e+16	9.11e-01	8.95e-02	1.69e-09
 4.99183e+16	9.14e-01	8.59e-02	1.78e-09
 4.99274e+16	9.18e-01	8.25e-02	1.88e-09
 4.99362e+16	9.21e-01	7.92e-02	1.98e-09
 4.99450e+16	9.24e-01	7.60e-02	2.09e-09
 4.99536e+16	9.27e-01	7.30e-02	2.20e-09
 4.99620e+16	9.30e-01	7.01e-02	2.32e-09
 4.99702e+16	9.33e-01	6.74e-02	2.46e-09
 4.99783e+16	9.35e-01	6.47e-02	2.59e-09
 4.99862e+16	9.38e-01	6.22e-02	2.74e-09
 4.99940e+16	9.40e-01	5.98e-02	2.90e-09
 5.00018e+16	9.43e-01	5.74e-02	3.07e-09
 5.00093e+16	9.45e-01	5.51e-02	3.25e-09
 5.00166e+16	9.47e-01	5.30e-02	3.44e-09
 5.00238e+16	9.49e-01	5.10e-02	3.65e-09
 5.00309e+16	9.51e-01	4.90e-02	3.88e-09
 5.00379e+16	9.53e-01	4.71e-02	4.12e-09
 5.00448e+16	9.55e-01	4.53e-02	4.38e-09
 5.00515e+16	9.57e-01	4.35e-02	4.67e-09
 5.00581e+16	9.58e-01	4.18e-02	4.98e-09
 5.00645e+16	9.60e-01	4.02e-02	5.31e-09
 5.00709e+16	9.61e-01	3.86e-02	5.69e-09
 5.00771e+16	9.63e-01	3.71e-02	6.09e-09
 5.00832e+16	9.64e-01	3.57e-02	6.53e-09
 5.00892e+16	9.66e-01	3.43e-02	7.03e-09
 5.00950e+16	9.67e-01	3.30e-02	7.58e-09
 5.01007e+16	9.68e-01	3.17e-02	8.18e-09
 5.01063e+16	9.70e-01	3.05e-02	8.86e-09
 5.01117e+16	9.71e-01	2.93e-02	9.62e-09
 5.01170e+16	9.72e-01	2.81e-02	1.05e-08
 5.01222e+16	9.73e-01	2.70e-02	1.14e-08
 5.01272e+16	9.74e-01	2.60e-02	1.25e-08
 5.01321e+16	9.75e-01	2.49e-02	1.38e-08
 5.01368e+16	9.76e-01	2.39e-02	1.53e-08
 5.01412e+16	9.77e-01	2.30e-02	1.69e-08
 5.01453e+16	9.78e-01	2.22e-02	1.86e-08
 5.01492e+16	9.79e-01	2.14e-02	2.06e-08
 5.01527e+16	9.79e-01	2.07e-02	2.27e-08
 5.01560e+16	9.80e-01	2.00e-02	2.51e-08
 5.01591e+16	9.81e-01	1.94e-02	2.78e-08
 5.01619e+16	9.81e-01	1.88e-02	3.07e-08
 5.01646e+16	9.82e-01	1.83e-02	3.39e-08
 5.01670e+16	9.82e-01	1.78e-02	3.75e-08
 5.01693e+16	9.83e-01	1.73e-02	4.15e-08
 5.01715e+16	9.83e-01	1.68e-02	4.58e-08
 5.01735e+16	9.84e-01	1.64e-02	5.05e-08
 5.01753e+16	9.84e-01	1.60e-02	5.58e-08
 5.01771e+16	9.84e-01	1.56e-02	6.17e-08
 5.01788e+16	9.85e-01	1.52e-02	6.82e-08
 5.01803e+16	9.85e-01	1.49e-02	7.54e-08
 5.01817e+16	9.85e-01	1.46e-02	8.33e-08
 5.01831e+16	9.86e-01	1.42e-02	9.16e-08
 5.01844e+16	9.86e-01	1.39e-02	1.01e-07
 5.01856e+16	9.86e-01	1.36e-02	1.12e-07
 5.01867e+16	9.87e-01	1.33e-02	1.24e-07
 5.01878e+16	9.87e-01	1.31e-02	1.37e-07
 5.01887e+16	9.87e-01	1.28e-02	1.51e-07
 5.01897e+16	9.87e-01	1.26e-02	1.66e-07
 5.01906e+16	9.88e-01	1.23e-02	1.83e-07
 5.01914e+16	9.88e-01	1.21e-02	1.99e-07
 5.01922e+16	9.88e-01	1.18e-02	2.24e-07
 5.01930e+16	9.88e-01	1.15e-02	2.48e-07
 5.01937e+16	9.89e-01	1.13e-02	2.71e-07
 5.01943e+16	9.89e-01	1.11e-02	2.92e-07
 5.01951e+16	9.89e-01	1.08e-02	3.28e-07
 5.01958e+16	9.89e-01	1.06e-02	3.63e-07
 5.01963e+16	9.90e-01	1.03e-02	3.96e-07
 5.01969e+16	9.90e-01	1.01e-02	4.32e-07
 5.01974e+16	9.90e-01	9.70e-03	4.79e-07
