#depth	O	O+	O+2	O+3	O+4	O+5	O+6	O+7	O+8	O[1]	O[2]	O[3]
 4.48789e+11	6.94e-06	1.19e-02	9.64e-01	2.44e-02	8.36e-07	0.00e+00	0.00e+00	0.00e+00	0.00e+00	4.86e-06	1.39e-06	6.81e-07
 2.69273e+12	6.93e-06	1.19e-02	9.64e-01	2.43e-02	8.32e-07	0.00e+00	0.00e+00	0.00e+00	0.00e+00	4.86e-06	1.39e-06	6.80e-07
 1.16685e+13	6.94e-06	1.19e-02	9.64e-01	2.39e-02	8.14e-07	0.00e+00	0.00e+00	0.00e+00	0.00e+00	4.86e-06	1.40e-06	6.81e-07
 4.75716e+13	6.99e-06	1.19e-02	9.65e-01	2.26e-02	7.46e-07	0.00e+00	0.00e+00	0.00e+00	0.00e+00	4.89e-06	1.41e-06	6.87e-07
 1.13633e+14	7.02e-06	1.20e-02	9.67e-01	2.08e-02	6.53e-07	0.00e+00	0.00e+00	0.00e+00	0.00e+00	4.91e-06	1.42e-06	6.91e-07
 1.99514e+14	7.07e-06	1.21e-02	9.69e-01	1.85e-02	5.48e-07	0.00e+00	0.00e+00	0.00e+00	0.00e+00	4.94e-06	1.43e-06	6.97e-07
 3.11158e+14	7.15e-06	1.22e-02	9.72e-01	1.59e-02	4.35e-07	0.00e+00	0.00e+00	0.00e+00	0.00e+00	5.00e-06	1.45e-06	7.05e-07
 4.56296e+14	7.26e-06	1.23e-02	9.75e-01	1.31e-02	3.21e-07	0.00e+00	0.00e+00	0.00e+00	0.00e+00	5.07e-06	1.47e-06	7.15e-07
 6.44974e+14	7.40e-06	1.25e-02	9.78e-01	1.00e-02	2.15e-07	0.00e+00	0.00e+00	0.00e+00	0.00e+00	5.17e-06	1.50e-06	7.30e-07
 8.90257e+14	7.60e-06	1.27e-02	9.80e-01	7.04e-03	1.27e-07	0.00e+00	0.00e+00	0.00e+00	0.00e+00	5.31e-06	1.54e-06	7.49e-07
 1.20912e+15	7.86e-06	1.29e-02	9.83e-01	4.44e-03	0.00e+00	0.00e+00	0.00e+00	0.00e+00	0.00e+00	5.49e-06	1.60e-06	7.75e-07
 1.62365e+15	8.20e-06	1.33e-02	9.84e-01	2.44e-03	0.00e+00	0.00e+00	0.00e+00	0.00e+00	0.00e+00	5.72e-06	1.67e-06	8.08e-07
 2.16254e+15	8.66e-06	1.36e-02	9.85e-01	1.13e-03	0.00e+00	0.00e+00	0.00e+00	0.00e+00	0.00e+00	6.04e-06	1.77e-06	8.54e-07
 2.86309e+15	9.30e-06	1.41e-02	9.85e-01	4.35e-04	0.00e+00	0.00e+00	0.00e+00	0.00e+00	0.00e+00	6.48e-06	1.90e-06	9.16e-07
 3.77381e+15	1.02e-05	1.48e-02	9.85e-01	1.37e-04	0.00e+00	0.00e+00	0.00e+00	0.00e+00	0.00e+00	7.10e-06	2.08e-06	1.00e-06
 4.95774e+15	1.15e-05	1.56e-02	9.84e-01	3.78e-05	0.00e+00	0.00e+00	0.00e+00	0.00e+00	0.00e+00	8.00e-06	2.35e-06	1.13e-06
 6.49685e+15	1.35e-05	1.68e-02	9.83e-01	1.16e-05	0.00e+00	0.00e+00	0.00e+00	0.00e+00	0.00e+00	9.38e-06	2.77e-06	1.33e-06
 8.49770e+15	1.66e-05	1.84e-02	9.82e-01	5.42e-06	0.00e+00	0.00e+00	0.00e+00	0.00e+00	0.00e+00	1.16e-05	3.42e-06	1.64e-06
 1.08786e+16	2.14e-05	2.05e-02	9.79e-01	3.61e-06	0.00e+00	0.00e+00	0.00e+00	0.00e+00	0.00e+00	1.49e-05	4.41e-06	2.12e-06
 1.32819e+16	2.79e-05	2.29e-02	9.77e-01	2.79e-06	0.00e+00	0.00e+00	0.00e+00	0.00e+00	0.00e+00	1.94e-05	5.75e-06	2.76e-06
 1.51569e+16	3.76e-05	2.59e-02	9.74e-01	2.34e-06	0.00e+00	0.00e+00	0.00e+00	0.00e+00	0.00e+00	2.60e-05	7.83e-06	3.74e-06
 1.66726e+16	4.57e-05	2.80e-02	9.72e-01	2.04e-06	0.00e+00	0.00e+00	0.00e+00	0.00e+00	0.00e+00	3.17e-05	9.50e-06	4.55e-06
 1.80350e+16	5.49e-05	3.01e-02	9.70e-01	1.84e-06	0.00e+00	0.00e+00	0.00e+00	0.00e+00	0.00e+00	3.80e-05	1.14e-05	5.47e-06
 1.90430e+16	6.31e-05	3.17e-02	9.68e-01	1.70e-06	0.00e+00	0.00e+00	0.00e+00	0.00e+00	0.00e+00	4.37e-05	1.31e-05	6.29e-06
 2.00539e+16	7.23e-05	3.34e-02	9.67e-01	1.58e-06	0.00e+00	0.00e+00	0.00e+00	0.00e+00	0.00e+00	5.01e-05	1.50e-05	7.21e-06
 2.13680e+16	8.67e-05	3.59e-02	9.64e-01	1.44e-06	0.00e+00	0.00e+00	0.00e+00	0.00e+00	0.00e+00	6.01e-05	1.79e-05	8.65e-06
 2.26705e+16	1.05e-04	3.87e-02	9.61e-01	1.32e-06	0.00e+00	0.00e+00	0.00e+00	0.00e+00	0.00e+00	7.31e-05	2.18e-05	1.05e-05
 2.36261e+16	1.22e-04	4.11e-02	9.59e-01	1.24e-06	0.00e+00	0.00e+00	0.00e+00	0.00e+00	0.00e+00	8.50e-05	2.52e-05	1.22e-05
 2.44009e+16	1.38e-04	4.32e-02	9.57e-01	1.17e-06	0.00e+00	0.00e+00	0.00e+00	0.00e+00	0.00e+00	9.61e-05	2.84e-05	1.38e-05
 2.52724e+16	1.58e-04	4.56e-02	9.54e-01	1.11e-06	0.00e+00	0.00e+00	0.00e+00	0.00e+00	0.00e+00	1.10e-04	3.24e-05	1.58e-05
 2.64054e+16	1.89e-04	4.90e-02	9.51e-01	1.04e-06	0.00e+00	0.00e+00	0.00e+00	0.00e+00	0.00e+00	1.32e-04	3.86e-05	1.88e-05
 2.75512e+16	2.30e-04	5.32e-02	9.47e-01	9.67e-07	0.00e+00	0.00e+00	0.00e+00	0.00e+00	0.00e+00	1.60e-04	4.68e-05	2.28e-05
 2.84196e+16	2.70e-04	5.70e-02	9.43e-01	9.11e-07	0.00e+00	0.00e+00	0.00e+00	0.00e+00	0.00e+00	1.88e-04	5.47e-05	2.67e-05
 2.91200e+16	3.07e-04	6.02e-02	9.39e-01	8.68e-07	0.00e+00	0.00e+00	0.00e+00	0.00e+00	0.00e+00	2.14e-04	6.21e-05	3.04e-05
 2.98958e+16	3.52e-04	6.39e-02	9.36e-01	8.28e-07	0.00e+00	0.00e+00	0.00e+00	0.00e+00	0.00e+00	2.46e-04	7.09e-05	3.48e-05
 3.09044e+16	4.22e-04	6.93e-02	9.30e-01	7.77e-07	0.00e+00	0.00e+00	0.00e+00	0.00e+00	0.00e+00	2.95e-04	8.47e-05	4.16e-05
 3.19369e+16	5.18e-04	7.61e-02	9.23e-01	7.20e-07	0.00e+00	0.00e+00	0.00e+00	0.00e+00	0.00e+00	3.63e-04	1.04e-04	5.10e-05
 3.27383e+16	6.14e-04	8.23e-02	9.17e-01	6.74e-07	0.00e+00	0.00e+00	0.00e+00	0.00e+00	0.00e+00	4.31e-04	1.23e-04	6.04e-05
 3.33921e+16	7.06e-04	8.79e-02	9.11e-01	6.38e-07	0.00e+00	0.00e+00	0.00e+00	0.00e+00	0.00e+00	4.96e-04	1.41e-04	6.93e-05
 3.41161e+16	8.20e-04	9.43e-02	9.05e-01	6.03e-07	0.00e+00	0.00e+00	0.00e+00	0.00e+00	0.00e+00	5.77e-04	1.63e-04	8.03e-05
 3.50574e+16	1.01e-03	1.04e-01	8.95e-01	5.57e-07	0.00e+00	0.00e+00	0.00e+00	0.00e+00	0.00e+00	7.08e-04	1.99e-04	9.83e-05
 3.60081e+16	1.26e-03	1.16e-01	8.83e-01	5.07e-07	0.00e+00	0.00e+00	0.00e+00	0.00e+00	0.00e+00	8.88e-04	2.48e-04	1.23e-04
 3.67365e+16	1.51e-03	1.27e-01	8.72e-01	4.66e-07	0.00e+00	0.00e+00	0.00e+00	0.00e+00	0.00e+00	1.07e-03	2.97e-04	1.48e-04
 3.73393e+16	1.77e-03	1.37e-01	8.61e-01	4.34e-07	0.00e+00	0.00e+00	0.00e+00	0.00e+00	0.00e+00	1.25e-03	3.46e-04	1.72e-04
 3.80136e+16	2.10e-03	1.49e-01	8.49e-01	3.99e-07	0.00e+00	0.00e+00	0.00e+00	0.00e+00	0.00e+00	1.49e-03	4.08e-04	2.04e-04
 3.88902e+16	2.66e-03	1.68e-01	8.29e-01	3.54e-07	0.00e+00	0.00e+00	0.00e+00	0.00e+00	0.00e+00	1.89e-03	5.13e-04	2.57e-04
 3.97580e+16	3.44e-03	1.91e-01	8.06e-01	3.08e-07	0.00e+00	0.00e+00	0.00e+00	0.00e+00	0.00e+00	2.45e-03	6.60e-04	3.31e-04
 4.03837e+16	4.22e-03	2.11e-01	7.84e-01	2.73e-07	0.00e+00	0.00e+00	0.00e+00	0.00e+00	0.00e+00	3.01e-03	8.07e-04	4.06e-04
 4.08592e+16	4.94e-03	2.29e-01	7.66e-01	2.47e-07	0.00e+00	0.00e+00	0.00e+00	0.00e+00	0.00e+00	3.52e-03	9.42e-04	4.74e-04
 4.13703e+16	5.86e-03	2.49e-01	7.45e-01	2.22e-07	0.00e+00	0.00e+00	0.00e+00	0.00e+00	0.00e+00	4.18e-03	1.11e-03	5.61e-04
 4.20348e+16	7.40e-03	2.79e-01	7.14e-01	1.88e-07	0.00e+00	0.00e+00	0.00e+00	0.00e+00	0.00e+00	5.29e-03	1.40e-03	7.08e-04
 4.26955e+16	9.53e-03	3.15e-01	6.75e-01	1.55e-07	0.00e+00	0.00e+00	0.00e+00	0.00e+00	0.00e+00	6.83e-03	1.80e-03	9.10e-04
 4.31785e+16	1.16e-02	3.46e-01	6.43e-01	1.31e-07	0.00e+00	0.00e+00	0.00e+00	0.00e+00	0.00e+00	8.32e-03	2.18e-03	1.11e-03
 4.35576e+16	1.36e-02	3.72e-01	6.14e-01	0.00e+00	0.00e+00	0.00e+00	0.00e+00	0.00e+00	0.00e+00	9.78e-03	2.56e-03	1.30e-03
 4.39742e+16	1.64e-02	4.04e-01	5.79e-01	0.00e+00	0.00e+00	0.00e+00	0.00e+00	0.00e+00	0.00e+00	1.17e-02	3.06e-03	1.56e-03
 4.44449e+16	2.03e-02	4.44e-01	5.35e-01	0.00e+00	0.00e+00	0.00e+00	0.00e+00	0.00e+00	0.00e+00	1.46e-02	3.80e-03	1.93e-03
 4.48745e+16	2.51e-02	4.85e-01	4.90e-01	0.00e+00	0.00e+00	0.00e+00	0.00e+00	0.00e+00	0.00e+00	1.80e-02	4.68e-03	2.38e-03
 4.52343e+16	3.02e-02	5.22e-01	4.48e-01	0.00e+00	0.00e+00	0.00e+00	0.00e+00	0.00e+00	0.00e+00	2.17e-02	5.63e-03	2.87e-03
 4.55624e+16	3.61e-02	5.57e-01	4.07e-01	0.00e+00	0.00e+00	0.00e+00	0.00e+00	0.00e+00	0.00e+00	2.59e-02	6.71e-03	3.42e-03
 4.59362e+16	4.44e-02	5.98e-01	3.58e-01	0.00e+00	0.00e+00	0.00e+00	0.00e+00	0.00e+00	0.00e+00	3.19e-02	8.24e-03	4.20e-03
 4.63320e+16	5.60e-02	6.42e-01	3.02e-01	0.00e+00	0.00e+00	0.00e+00	0.00e+00	0.00e+00	0.00e+00	4.03e-02	1.04e-02	5.30e-03
 4.66573e+16	6.88e-02	6.77e-01	2.54e-01	0.00e+00	0.00e+00	0.00e+00	0.00e+00	0.00e+00	0.00e+00	4.95e-02	1.27e-02	6.51e-03
 4.69215e+16	8.18e-02	7.03e-01	2.15e-01	0.00e+00	0.00e+00	0.00e+00	0.00e+00	0.00e+00	0.00e+00	5.89e-02	1.52e-02	7.74e-03
 4.71345e+16	9.46e-02	7.21e-01	1.84e-01	0.00e+00	0.00e+00	0.00e+00	0.00e+00	0.00e+00	0.00e+00	6.81e-02	1.75e-02	8.95e-03
 4.72995e+16	1.06e-01	7.33e-01	1.61e-01	0.00e+00	0.00e+00	0.00e+00	0.00e+00	0.00e+00	0.00e+00	7.65e-02	1.97e-02	1.00e-02
 4.74728e+16	1.20e-01	7.42e-01	1.37e-01	0.00e+00	0.00e+00	0.00e+00	0.00e+00	0.00e+00	0.00e+00	8.67e-02	2.23e-02	1.14e-02
 4.76577e+16	1.38e-01	7.48e-01	1.13e-01	0.00e+00	0.00e+00	0.00e+00	0.00e+00	0.00e+00	0.00e+00	9.97e-02	2.56e-02	1.31e-02
 4.78106e+16	1.56e-01	7.49e-01	9.49e-02	0.00e+00	0.00e+00	0.00e+00	0.00e+00	0.00e+00	0.00e+00	1.12e-01	2.87e-02	1.47e-02
 4.79334e+16	1.72e-01	7.47e-01	8.07e-02	0.00e+00	0.00e+00	0.00e+00	0.00e+00	0.00e+00	0.00e+00	1.24e-01	3.17e-02	1.62e-02
 4.80466e+16	1.89e-01	7.43e-01	6.88e-02	0.00e+00	0.00e+00	0.00e+00	0.00e+00	0.00e+00	0.00e+00	1.36e-01	3.47e-02	1.78e-02
 4.81762e+16	2.11e-01	7.33e-01	5.60e-02	0.00e+00	0.00e+00	0.00e+00	0.00e+00	0.00e+00	0.00e+00	1.52e-01	3.88e-02	1.99e-02
 4.83088e+16	2.37e-01	7.19e-01	4.44e-02	0.00e+00	0.00e+00	0.00e+00	0.00e+00	0.00e+00	0.00e+00	1.71e-01	4.35e-02	2.23e-02
 4.84121e+16	2.60e-01	7.04e-01	3.62e-02	0.00e+00	0.00e+00	0.00e+00	0.00e+00	0.00e+00	0.00e+00	1.88e-01	4.76e-02	2.45e-02
 4.84952e+16	2.81e-01	6.89e-01	3.04e-02	0.00e+00	0.00e+00	0.00e+00	0.00e+00	0.00e+00	0.00e+00	2.03e-01	5.13e-02	2.64e-02
 4.85853e+16	3.05e-01	6.70e-01	2.46e-02	0.00e+00	0.00e+00	0.00e+00	0.00e+00	0.00e+00	0.00e+00	2.21e-01	5.57e-02	2.87e-02
 4.86829e+16	3.35e-01	6.45e-01	1.93e-02	0.00e+00	0.00e+00	0.00e+00	0.00e+00	0.00e+00	0.00e+00	2.43e-01	6.09e-02	3.14e-02
 4.87666e+16	3.64e-01	6.21e-01	1.52e-02	0.00e+00	0.00e+00	0.00e+00	0.00e+00	0.00e+00	0.00e+00	2.64e-01	6.59e-02	3.40e-02
 4.88358e+16	3.90e-01	5.98e-01	1.24e-02	0.00e+00	0.00e+00	0.00e+00	0.00e+00	0.00e+00	0.00e+00	2.83e-01	7.03e-02	3.64e-02
 4.89079e+16	4.19e-01	5.71e-01	9.75e-03	0.00e+00	0.00e+00	0.00e+00	0.00e+00	0.00e+00	0.00e+00	3.05e-01	7.51e-02	3.90e-02
 4.89842e+16	4.52e-01	5.40e-01	7.42e-03	0.00e+00	0.00e+00	0.00e+00	0.00e+00	0.00e+00	0.00e+00	3.30e-01	8.06e-02	4.20e-02
 4.90506e+16	4.84e-01	5.11e-01	5.73e-03	0.00e+00	0.00e+00	0.00e+00	0.00e+00	0.00e+00	0.00e+00	3.53e-01	8.56e-02	4.47e-02
 4.91055e+16	5.11e-01	4.85e-01	4.56e-03	0.00e+00	0.00e+00	0.00e+00	0.00e+00	0.00e+00	0.00e+00	3.74e-01	8.99e-02	4.70e-02
 4.91534e+16	5.35e-01	4.61e-01	3.68e-03	0.00e+00	0.00e+00	0.00e+00	0.00e+00	0.00e+00	0.00e+00	3.93e-01	9.36e-02	4.91e-02
 4.91982e+16	5.59e-01	4.38e-01	2.98e-03	0.00e+00	0.00e+00	0.00e+00	0.00e+00	0.00e+00	0.00e+00	4.11e-01	9.71e-02	5.11e-02
 4.92402e+16	5.82e-01	4.15e-01	2.42e-03	0.00e+00	0.00e+00	0.00e+00	0.00e+00	0.00e+00	0.00e+00	4.29e-01	1.00e-01	5.30e-02
 4.92718e+16	6.00e-01	3.98e-01	2.06e-03	0.00e+00	0.00e+00	0.00e+00	0.00e+00	0.00e+00	0.00e+00	4.42e-01	1.03e-01	5.43e-02
 4.92916e+16	6.10e-01	3.88e-01	1.86e-03	0.00e+00	0.00e+00	0.00e+00	0.00e+00	0.00e+00	0.00e+00	4.51e-01	1.04e-01	5.51e-02
 4.93101e+16	6.20e-01	3.78e-01	1.68e-03	0.00e+00	0.00e+00	0.00e+00	0.00e+00	0.00e+00	0.00e+00	4.59e-01	1.05e-01	5.59e-02
 4.93319e+16	6.33e-01	3.66e-01	1.48e-03	0.00e+00	0.00e+00	0.00e+00	0.00e+00	0.00e+00	0.00e+00	4.69e-01	1.07e-01	5.69e-02
 4.93552e+16	6.46e-01	3.53e-01	1.29e-03	0.00e+00	0.00e+00	0.00e+00	0.00e+00	0.00e+00	0.00e+00	4.80e-01	1.08e-01	5.79e-02
 4.93770e+16	6.59e-01	3.40e-01	1.14e-03	0.00e+00	0.00e+00	0.00e+00	0.00e+00	0.00e+00	0.00e+00	4.90e-01	1.10e-01	5.88e-02
 4.93969e+16	6.70e-01	3.29e-01	1.00e-03	0.00e+00	0.00e+00	0.00e+00	0.00e+00	0.00e+00	0.00e+00	4.99e-01	1.11e-01	5.96e-02
 4.94162e+16	6.82e-01	3.18e-01	8.88e-04	0.00e+00	0.00e+00	0.00e+00	0.00e+00	0.00e+00	0.00e+00	5.08e-01	1.13e-01	6.04e-02
 4.94356e+16	6.93e-01	3.06e-01	7.82e-04	0.00e+00	0.00e+00	0.00e+00	0.00e+00	0.00e+00	0.00e+00	5.18e-01	1.14e-01	6.12e-02
 4.94549e+16	7.04e-01	2.95e-01	6.86e-04	0.00e+00	0.00e+00	0.00e+00	0.00e+00	0.00e+00	0.00e+00	5.27e-01	1.15e-01	6.19e-02
 4.94737e+16	7.15e-01	2.84e-01	6.03e-04	0.00e+00	0.00e+00	0.00e+00	0.00e+00	0.00e+00	0.00e+00	5.36e-01	1.16e-01	6.26e-02
 4.94919e+16	7.26e-01	2.74e-01	5.30e-04	0.00e+00	0.00e+00	0.00e+00	0.00e+00	0.00e+00	0.00e+00	5.45e-01	1.17e-01	6.33e-02
 4.95096e+16	7.36e-01	2.63e-01	4.65e-04	0.00e+00	0.00e+00	0.00e+00	0.00e+00	0.00e+00	0.00e+00	5.54e-01	1.18e-01	6.39e-02
 4.95271e+16	7.46e-01	2.53e-01	4.08e-04	0.00e+00	0.00e+00	0.00e+00	0.00e+00	0.00e+00	0.00e+00	5.63e-01	1.19e-01	6.45e-02
 4.95444e+16	7.56e-01	2.44e-01	3.58e-04	0.00e+00	0.00e+00	0.00e+00	0.00e+00	0.00e+00	0.00e+00	5.71e-01	1.19e-01	6.51e-02
 4.95612e+16	7.66e-01	2.34e-01	3.13e-04	0.00e+00	0.00e+00	0.00e+00	0.00e+00	0.00e+00	0.00e+00	5.80e-01	1.20e-01	6.56e-02
 4.95777e+16	7.75e-01	2.25e-01	2.74e-04	0.00e+00	0.00e+00	0.00e+00	0.00e+00	0.00e+00	0.00e+00	5.88e-01	1.21e-01	6.61e-02
 4.95939e+16	7.84e-01	2.16e-01	2.40e-04	0.00e+00	0.00e+00	0.00e+00	0.00e+00	0.00e+00	0.00e+00	5.96e-01	1.21e-01	6.65e-02
 4.96098e+16	7.93e-01	2.07e-01	2.10e-04	0.00e+00	0.00e+00	0.00e+00	0.00e+00	0.00e+00	0.00e+00	6.04e-01	1.22e-01	6.69e-02
 4.96255e+16	8.01e-01	1.99e-01	1.84e-04	0.00e+00	0.00e+00	0.00e+00	0.00e+00	0.00e+00	0.00e+00	6.11e-01	1.22e-01	6.73e-02
 4.96408e+16	8.10e-01	1.90e-01	1.60e-04	0.00e+00	0.00e+00	0.00e+00	0.00e+00	0.00e+00	0.00e+00	6.19e-01	1.23e-01	6.77e-02
 4.96559e+16	8.17e-01	1.82e-01	1.40e-04	0.00e+00	0.00e+00	0.00e+00	0.00e+00	0.00e+00	0.00e+00	6.26e-01	1.23e-01	6.80e-02
 4.96707e+16	8.25e-01	1.75e-01	1.22e-04	0.00e+00	0.00e+00	0.00e+00	0.00e+00	0.00e+00	0.00e+00	6.33e-01	1.24e-01	6.83e-02
 4.96852e+16	8.33e-01	1.67e-01	1.06e-04	0.00e+00	0.00e+00	0.00e+00	0.00e+00	0.00e+00	0.00e+00	6.40e-01	1.24e-01	6.85e-02
 4.96995e+16	8.40e-01	1.60e-01	9.26e-05	0.00e+00	0.00e+00	0.00e+00	0.00e+00	0.00e+00	0.00e+00	6.47e-01	1.24e-01	6.87e-02
 4.97136e+16	8.47e-01	1.53e-01	8.07e-05	0.00e+00	0.00e+00	0.00e+00	0.00e+00	0.00e+00	0.00e+00	6.54e-01	1.24e-01	6.89e-02
 4.97274e+16	8.53e-01	1.46e-01	7.02e-05	0.00e+00	0.00e+00	0.00e+00	0.00e+00	0.00e+00	0.00e+00	6.60e-01	1.24e-01	6.91e-02
 4.97409e+16	8.60e-01	1.40e-01	6.11e-05	0.00e+00	0.00e+00	0.00e+00	0.00e+00	0.00e+00	0.00e+00	6.66e-01	1.24e-01	6.92e-02
 4.97542e+16	8.66e-01	1.34e-01	5.31e-05	0.00e+00	0.00e+00	0.00e+00	0.00e+00	0.00e+00	0.00e+00	6.72e-01	1.25e-01	6.93e-02
 4.97672e+16	8.72e-01	1.28e-01	4.62e-05	0.00e+00	0.00e+00	0.00e+00	0.00e+00	0.00e+00	0.00e+00	6.78e-01	1.25e-01	6.94e-02
 4.97798e+16	8.78e-01	1.22e-01	4.03e-05	0.00e+00	0.00e+00	0.00e+00	0.00e+00	0.00e+00	0.00e+00	6.83e-01	1.25e-01	6.95e-02
 4.97920e+16	8.83e-01	1.17e-01	3.52e-05	0.00e+00	0.00e+00	0.00e+00	0.00e+00	0.00e+00	0.00e+00	6.89e-01	1.25e-01	6.96e-02
 4.98039e+16	8.88e-01	1.12e-01	3.08e-05	0.00e+00	0.00e+00	0.00e+00	0.00e+00	0.00e+00	0.00e+00	6.94e-01	1.25e-01	6.96e-02
 4.98158e+16	8.93e-01	1.07e-01	2.68e-05	0.00e+00	0.00e+00	0.00e+00	0.00e+00	0.00e+00	0.00e+00	6.98e-01	1.25e-01	6.96e-02
 4.98273e+16	8.97e-01	1.03e-01	2.35e-05	0.00e+00	0.00e+00	0.00e+00	0.00e+00	0.00e+00	0.00e+00	7.03e-01	1.25e-01	6.96e-02
 4.98381e+16	9.02e-01	9.83e-02	2.07e-05	0.00e+00	0.00e+00	0.00e+00	0.00e+00	0.00e+00	0.00e+00	7.08e-01	1.24e-01	6.96e-02
 4.98489e+16	9.06e-01	9.42e-02	1.81e-05	0.00e+00	0.00e+00	0.00e+00	0.00e+00	0.00e+00	0.00e+00	7.12e-01	1.25e-01	6.96e-02
 4.98596e+16	9.10e-01	9.01e-02	1.59e-05	0.00e+00	0.00e+00	0.00e+00	0.00e+00	0.00e+00	0.00e+00	7.16e-01	1.24e-01	6.96e-02
 4.98701e+16	9.14e-01	8.63e-02	1.39e-05	0.00e+00	0.00e+00	0.00e+00	0.00e+00	0.00e+00	0.00e+00	7.20e-01	1.24e-01	6.96e-02
 4.98801e+16	9.17e-01	8.27e-02	1.23e-05	0.00e+00	0.00e+00	0.00e+00	0.00e+00	0.00e+00	0.00e+00	7.23e-01	1.24e-01	6.95e-02
 4.98898e+16	9.21e-01	7.94e-02	1.08e-05	0.00e+00	0.00e+00	0.00e+00	0.00e+00	0.00e+00	0.00e+00	7.27e-01	1.24e-01	6.95e-02
 4.98995e+16	9.24e-01	7.61e-02	9.53e-06	0.00e+00	0.00e+00	0.00e+00	0.00e+00	0.00e+00	0.00e+00	7.30e-01	1.24e-01	6.95e-02
 4.99091e+16	9.27e-01	7.29e-02	8.39e-06	0.00e+00	0.00e+00	0.00e+00	0.00e+00	0.00e+00	0.00e+00	7.33e-01	1.24e-01	6.94e-02
 4.99183e+16	9.30e-01	6.99e-02	7.40e-06	0.00e+00	0.00e+00	0.00e+00	0.00e+00	0.00e+00	0.00e+00	7.36e-01	1.24e-01	6.94e-02
 4.99274e+16	9.33e-01	6.71e-02	6.54e-06	0.00e+00	0.00e+00	0.00e+00	0.00e+00	0.00e+00	0.00e+00	7.39e-01	1.24e-01	6.93e-02
 4.99362e+16	9.36e-01	6.43e-02	5.78e-06	0.00e+00	0.00e+00	0.00e+00	0.00e+00	0.00e+00	0.00e+00	7.42e-01	1.24e-01	6.93e-02
 4.99450e+16	9.38e-01	6.17e-02	5.10e-06	0.00e+00	0.00e+00	0.00e+00	0.00e+00	0.00e+00	0.00e+00	7.45e-01	1.24e-01	6.92e-02
 4.99536e+16	9.41e-01	5.92e-02	4.52e-06	0.00e+00	0.00e+00	0.00e+00	0.00e+00	0.00e+00	0.00e+00	7.47e-01	1.24e-01	6.92e-02
 4.99620e+16	9.43e-01	5.68e-02	4.00e-06	0.00e+00	0.00e+00	0.00e+00	0.00e+00	0.00e+00	0.00e+00	7.50e-01	1.24e-01	6.91e-02
 4.99702e+16	9.45e-01	5.45e-02	3.54e-06	0.00e+00	0.00e+00	0.00e+00	0.00e+00	0.00e+00	0.00e+00	7.52e-01	1.25e-01	6.90e-02
 4.99783e+16	9.48e-01	5.24e-02	3.14e-06	0.00e+00	0.00e+00	0.00e+00	0.00e+00	0.00e+00	0.00e+00	7.54e-01	1.25e-01	6.90e-02
 4.99862e+16	9.50e-01	5.03e-02	2.78e-06	0.00e+00	0.00e+00	0.00e+00	0.00e+00	0.00e+00	0.00e+00	7.56e-01	1.25e-01	6.89e-02
 4.99940e+16	9.52e-01	4.83e-02	2.47e-06	0.00e+00	0.00e+00	0.00e+00	0.00e+00	0.00e+00	0.00e+00	7.58e-01	1.25e-01	6.88e-02
 5.00018e+16	9.54e-01	4.63e-02	2.19e-06	0.00e+00	0.00e+00	0.00e+00	0.00e+00	0.00e+00	0.00e+00	7.60e-01	1.25e-01	6.87e-02
 5.00093e+16	9.56e-01	4.45e-02	1.95e-06	0.00e+00	0.00e+00	0.00e+00	0.00e+00	0.00e+00	0.00e+00	7.62e-01	1.25e-01	6.86e-02
 5.00166e+16	9.57e-01	4.27e-02	1.73e-06	0.00e+00	0.00e+00	0.00e+00	0.00e+00	0.00e+00	0.00e+00	7.64e-01	1.25e-01	6.86e-02
 5.00238e+16	9.59e-01	4.11e-02	1.54e-06	0.00e+00	0.00e+00	0.00e+00	0.00e+00	0.00e+00	0.00e+00	7.65e-01	1.25e-01	6.85e-02
 5.00309e+16	9.61e-01	3.94e-02	1.37e-06	0.00e+00	0.00e+00	0.00e+00	0.00e+00	0.00e+00	0.00e+00	7.67e-01	1.25e-01	6.85e-02
 5.00379e+16	9.62e-01	3.79e-02	1.22e-06	0.00e+00	0.00e+00	0.00e+00	0.00e+00	0.00e+00	0.00e+00	7.68e-01	1.26e-01	6.84e-02
 5.00448e+16	9.64e-01	3.64e-02	1.09e-06	0.00e+00	0.00e+00	0.00e+00	0.00e+00	0.00e+00	0.00e+00	7.69e-01	1.26e-01	6.84e-02
 5.00515e+16	9.65e-01	3.49e-02	9.66e-07	0.00e+00	0.00e+00	0.00e+00	0.00e+00	0.00e+00	0.00e+00	7.71e-01	1.26e-01	6.84e-02
 5.00581e+16	9.66e-01	3.36e-02	8.63e-07	0.00e+00	0.00e+00	0.00e+00	0.00e+00	0.00e+00	0.00e+00	7.72e-01	1.26e-01	6.84e-02
 5.00645e+16	9.68e-01	3.23e-02	7.69e-07	0.00e+00	0.00e+00	0.00e+00	0.00e+00	0.00e+00	0.00e+00	7.73e-01	1.27e-01	6.84e-02
 5.00709e+16	9.69e-01	3.10e-02	6.85e-07	0.00e+00	0.00e+00	0.00e+00	0.00e+00	0.00e+00	0.00e+00	7.74e-01	1.27e-01	6.84e-02
 5.00771e+16	9.70e-01	2.97e-02	6.12e-07	0.00e+00	0.00e+00	0.00e+00	0.00e+00	0.00e+00	0.00e+00	7.75e-01	1.27e-01	6.84e-02
 5.00832e+16	9.71e-01	2.86e-02	5.47e-07	0.00e+00	0.00e+00	0.00e+00	0.00e+00	0.00e+00	0.00e+00	7.75e-01	1.28e-01	6.84e-02
 5.00892e+16	9.73e-01	2.75e-02	4.89e-07	0.00e+00	0.00e+00	0.00e+00	0.00e+00	0.00e+00	0.00e+00	7.76e-01	1.28e-01	6.84e-02
 5.00950e+16	9.74e-01	2.64e-02	4.37e-07	0.00e+00	0.00e+00	0.00e+00	0.00e+00	0.00e+00	0.00e+00	7.77e-01	1.29e-01	6.84e-02
 5.01007e+16	9.75e-01	2.53e-02	3.90e-07	0.00e+00	0.00e+00	0.00e+00	0.00e+00	0.00e+00	0.00e+00	7.77e-01	1.29e-01	6.85e-02
 5.01063e+16	9.76e-01	2.43e-02	3.49e-07	0.00e+00	0.00e+00	0.00e+00	0.00e+00	0.00e+00	0.00e+00	7.78e-01	1.29e-01	6.85e-02
 5.01117e+16	9.77e-01	2.34e-02	3.13e-07	0.00e+00	0.00e+00	0.00e+00	0.00e+00	0.00e+00	0.00e+00	7.78e-01	1.30e-01	6.86e-02
 5.01170e+16	9.78e-01	2.24e-02	2.80e-07	0.00e+00	0.00e+00	0.00e+00	0.00e+00	0.00e+00	0.00e+00	7.78e-01	1.31e-01	6.87e-02
 5.01222e+16	9.78e-01	2.15e-02	2.51e-07	0.00e+00	0.00e+00	0.00e+00	0.00e+00	0.00e+00	0.00e+00	7.79e-01	1.31e-01	6.87e-02
 5.01272e+16	9.79e-01	2.07e-02	2.25e-07	0.00e+00	0.00e+00	0.00e+00	0.00e+00	0.00e+00	0.00e+00	7.79e-01	1.32e-01	6.88e-02
 5.01321e+16	9.80e-01	1.98e-02	2.02e-07	0.00e+00	0.00e+00	0.00e+00	0.00e+00	0.00e+00	0.00e+00	7.79e-01	1.32e-01	6.89e-02
 5.01368e+16	9.81e-01	1.90e-02	1.82e-07	0.00e+00	0.00e+00	0.00e+00	0.00e+00	0.00e+00	0.00e+00	7.79e-01	1.33e-01	6.90e-02
 5.01412e+16	9.82e-01	1.83e-02	1.64e-07	0.00e+00	0.00e+00	0.00e+00	0.00e+00	0.00e+00	0.00e+00	7.79e-01	1.34e-01	6.91e-02
 5.01453e+16	9.82e-01	1.76e-02	1.49e-07	0.00e+00	0.00e+00	0.00e+00	0.00e+00	0.00e+00	0.00e+00	7.79e-01	1.35e-01	6.93e-02
 5.01492e+16	9.83e-01	1.70e-02	1.35e-07	0.00e+00	0.00e+00	0.00e+00	0.00e+00	0.00e+00	0.00e+00	7.78e-01	1.35e-01	6.94e-02
 5.01527e+16	9.84e-01	1.64e-02	1.24e-07	0.00e+00	0.00e+00	0.00e+00	0.00e+00	0.00e+00	0.00e+00	7.78e-01	1.36e-01	6.95e-02
 5.01560e+16	9.84e-01	1.59e-02	1.14e-07	0.00e+00	0.00e+00	0.00e+00	0.00e+00	0.00e+00	0.00e+00	7.78e-01	1.37e-01	6.97e-02
 5.01591e+16	9.85e-01	1.54e-02	1.05e-07	0.00e+00	0.00e+00	0.00e+00	0.00e+00	0.00e+00	0.00e+00	7.77e-01	1.38e-01	6.98e-02
 5.01619e+16	9.85e-01	1.49e-02	9.73e-08	0.00e+00	0.00e+00	0.00e+00	0.00e+00	0.00e+00	0.00e+00	7.77e-01	1.38e-01	6.99e-02
 5.01646e+16	9.86e-01	1.45e-02	9.03e-08	0.00e+00	0.00e+00	0.00e+00	0.00e+00	0.00e+00	0.00e+00	7.76e-01	1.39e-01	7.01e-02
 5.01670e+16	9.86e-01	1.41e-02	8.42e-08	0.00e+00	0.00e+00	0.00e+00	0.00e+00	0.00e+00	0.00e+00	7.76e-01	1.40e-01	7.02e-02
 5.01693e+16	9.86e-01	1.37e-02	7.86e-08	0.00e+00	0.00e+00	0.00e+00	0.00e+00	0.00e+00	0.00e+00	7.75e-01	1.41e-01	7.04e-02
 5.01715e+16	9.87e-01	1.33e-02	7.37e-08	0.00e+00	0.00e+00	0.00e+00	0.00e+00	0.00e+00	0.00e+00	7.75e-01	1.42e-01	7.05e-02
 5.01735e+16	9.87e-01	1.30e-02	6.92e-08	0.00e+00	0.00e+00	0.00e+00	0.00e+00	0.00e+00	0.00e+00	7.74e-01	1.42e-01	7.07e-02
 5.01753e+16	9.87e-01	1.26e-02	6.51e-08	0.00e+00	0.00e+00	0.00e+00	0.00e+00	0.00e+00	0.00e+00	7.73e-01	1.43e-01	7.08e-02
 5.01771e+16	9.88e-01	1.23e-02	6.13e-08	0.00e+00	0.00e+00	0.00e+00	0.00e+00	0.00e+00	0.00e+00	7.73e-01	1.44e-01	7.10e-02
 5.01788e+16	9.88e-01	1.20e-02	5.79e-08	0.00e+00	0.00e+00	0.00e+00	0.00e+00	0.00e+00	0.00e+00	7.72e-01	1.45e-01	7.12e-02
 5.01803e+16	9.88e-01	1.17e-02	5.48e-08	0.00e+00	0.00e+00	0.00e+00	0.00e+00	0.00e+00	0.00e+00	7.71e-01	1.46e-01	7.13e-02
 5.01817e+16	9.89e-01	1.14e-02	5.20e-08	0.00e+00	0.00e+00	0.00e+00	0.00e+00	0.00e+00	0.00e+00	7.71e-01	1.47e-01	7.15e-02
 5.01831e+16	9.89e-01	1.12e-02	4.94e-08	0.00e+00	0.00e+00	0.00e+00	0.00e+00	0.00e+00	0.00e+00	7.70e-01	1.47e-01	7.16e-02
 5.01844e+16	9.89e-01	1.09e-02	4.69e-08	0.00e+00	0.00e+00	0.00e+00	0.00e+00	0.00e+00	0.00e+00	7.69e-01	1.48e-01	7.18e-02
 5.01856e+16	9.89e-01	1.07e-02	4.46e-08	0.00e+00	0.00e+00	0.00e+00	0.00e+00	0.00e+00	0.00e+00	7.68e-01	1.49e-01	7.20e-02
 5.01867e+16	9.90e-01	1.05e-02	4.25e-08	0.00e+00	0.00e+00	0.00e+00	0.00e+00	0.00e+00	0.00e+00	7.67e-01	1.50e-01	7.21e-02
 5.01878e+16	9.90e-01	1.02e-02	4.06e-08	0.00e+00	0.00e+00	0.00e+00	0.00e+00	0.00e+00	0.00e+00	7.67e-01	1.51e-01	7.23e-02
 5.01887e+16	9.90e-01	1.00e-02	3.88e-08	0.00e+00	0.00e+00	0.00e+00	0.00e+00	0.00e+00	0.00e+00	7.66e-01	1.52e-01	7.24e-02
 5.01897e+16	9.90e-01	9.82e-03	3.71e-08	0.00e+00	0.00e+00	0.00e+00	0.00e+00	0.00e+00	0.00e+00	7.65e-01	1.53e-01	7.26e-02
 5.01906e+16	9.90e-01	9.61e-03	3.54e-08	0.00e+00	0.00e+00	0.00e+00	0.00e+00	0.00e+00	0.00e+00	7.64e-01	1.54e-01	7.28e-02
 5.01914e+16	9.91e-01	9.44e-03	3.42e-08	0.00e+00	0.00e+00	0.00e+00	0.00e+00	0.00e+00	0.00e+00	7.63e-01	1.54e-01	7.29e-02
 5.01922e+16	9.91e-01	9.20e-03	3.24e-08	0.00e+00	0.00e+00	0.00e+00	0.00e+00	0.00e+00	0.00e+00	7.62e-01	1.56e-01	7.31e-02
 5.01930e+16	9.91e-01	9.00e-03	3.09e-08	0.00e+00	0.00e+00	0.00e+00	0.00e+00	0.00e+00	0.00e+00	7.61e-01	1.57e-01	7.33e-02
 5.01937e+16	9.91e-01	8.81e-03	2.97e-08	0.00e+00	0.00e+00	0.00e+00	0.00e+00	0.00e+00	0.00e+00	7.60e-01	1.58e-01	7.35e-02
 5.01943e+16	9.91e-01	8.67e-03	2.87e-08	0.00e+00	0.00e+00	0.00e+00	0.00e+00	0.00e+00	0.00e+00	7.59e-01	1.58e-01	7.36e-02
 5.01951e+16	9.92e-01	8.43e-03	2.71e-08	0.00e+00	0.00e+00	0.00e+00	0.00e+00	0.00e+00	0.00e+00	7.58e-01	1.60e-01	7.39e-02
 5.01958e+16	9.92e-01	8.21e-03	2.57e-08	0.00e+00	0.00e+00	0.00e+00	0.00e+00	0.00e+00	0.00e+00	7.57e-01	1.61e-01	7.41e-02
 5.01963e+16	9.92e-01	8.01e-03	2.46e-08	0.00e+00	0.00e+00	0.00e+00	0.00e+00	0.00e+00	0.00e+00	7.55e-01	1.62e-01	7.43e-02
 5.01969e+16	9.92e-01	7.81e-03	2.34e-08	0.00e+00	0.00e+00	0.00e+00	0.00e+00	0.00e+00	0.00e+00	7.54e-01	1.64e-01	7.46e-02
 5.01974e+16	9.92e-01	7.51e-03	2.19e-08	0.00e+00	0.00e+00	0.00e+00	0.00e+00	0.00e+00	0.00e+00	7.52e-01	1.65e-01	7.48e-02
