#depth	He	He+	He+2
 4.48789e+11	8.62e-04	9.48e-01	5.14e-02
 2.69273e+12	8.62e-04	9.48e-01	5.14e-02
 1.16685e+13	8.63e-04	9.48e-01	5.11e-02
 4.75716e+13	8.67e-04	9.50e-01	4.94e-02
 1.13633e+14	8.71e-04	9.51e-01	4.84e-02
 1.99514e+14	8.79e-04	9.53e-01	4.56e-02
 3.11158e+14	8.89e-04	9.58e-01	4.13e-02
 4.56296e+14	9.01e-04	9.64e-01	3.54e-02
 6.44974e+14	9.17e-04	9.71e-01	2.82e-02
 8.90257e+14	9.37e-04	9.79e-01	2.04e-02
 1.20912e+15	9.59e-04	9.86e-01	1.31e-02
 1.62365e+15	9.84e-04	9.92e-01	7.17e-03
 2.16254e+15	1.01e-03	9.96e-01	3.27e-03
 2.86309e+15	1.05e-03	9.98e-01	1.20e-03
 3.77381e+15	1.09e-03	9.99e-01	3.47e-04
 4.95774e+15	1.14e-03	9.99e-01	7.81e-05
 6.49685e+15	1.22e-03	9.99e-01	1.40e-05
 8.49770e+15	1.31e-03	9.99e-01	2.14e-06
 1.08786e+16	1.44e-03	9.99e-01	3.28e-07
 1.32819e+16	1.57e-03	9.98e-01	6.69e-08
 1.51569e+16	1.73e-03	9.98e-01	2.25e-08
 1.66726e+16	1.83e-03	9.98e-01	9.95e-09
 1.80350e+16	1.93e-03	9.98e-01	5.21e-09
 1.90430e+16	2.01e-03	9.98e-01	3.33e-09
 2.00539e+16	2.09e-03	9.98e-01	2.14e-09
 2.13680e+16	2.20e-03	9.98e-01	1.25e-09
 2.26705e+16	2.31e-03	9.98e-01	7.83e-10
 2.36261e+16	2.41e-03	9.98e-01	5.71e-10
 2.44009e+16	2.48e-03	9.98e-01	4.46e-10
 2.52724e+16	2.57e-03	9.97e-01	3.40e-10
 2.64054e+16	2.69e-03	9.97e-01	2.46e-10
 2.75512e+16	2.83e-03	9.97e-01	1.87e-10
 2.84196e+16	2.95e-03	9.97e-01	1.55e-10
 2.91200e+16	3.05e-03	9.97e-01	1.36e-10
 2.98958e+16	3.16e-03	9.97e-01	1.17e-10
 3.09044e+16	3.31e-03	9.97e-01	9.94e-11
 3.19369e+16	3.48e-03	9.97e-01	8.72e-11
 3.27383e+16	3.64e-03	9.96e-01	8.03e-11
 3.33921e+16	3.77e-03	9.96e-01	7.60e-11
 3.41161e+16	3.92e-03	9.96e-01	7.17e-11
 3.50574e+16	4.14e-03	9.96e-01	6.76e-11
 3.60081e+16	4.40e-03	9.96e-01	6.44e-11
 3.67365e+16	4.62e-03	9.95e-01	6.33e-11
 3.73393e+16	4.83e-03	9.95e-01	6.27e-11
 3.80136e+16	5.07e-03	9.95e-01	6.25e-11
 3.88902e+16	5.43e-03	9.95e-01	6.24e-11
 3.97580e+16	5.87e-03	9.94e-01	6.25e-11
 4.03837e+16	6.26e-03	9.94e-01	6.26e-11
 4.08592e+16	6.58e-03	9.93e-01	6.35e-11
 4.13703e+16	6.97e-03	9.93e-01	6.42e-11
 4.20348e+16	7.55e-03	9.92e-01	6.60e-11
 4.26955e+16	8.25e-03	9.92e-01	6.86e-11
 4.31785e+16	8.87e-03	9.91e-01	7.15e-11
 4.35576e+16	9.44e-03	9.91e-01	7.38e-11
 4.39742e+16	1.02e-02	9.90e-01	7.64e-11
 4.44449e+16	1.11e-02	9.89e-01	8.06e-11
 4.48745e+16	1.22e-02	9.88e-01	8.49e-11
 4.52343e+16	1.33e-02	9.87e-01	8.94e-11
 4.55624e+16	1.45e-02	9.86e-01	9.43e-11
 4.59362e+16	1.61e-02	9.84e-01	1.01e-10
 4.63320e+16	1.82e-02	9.82e-01	1.12e-10
 4.66573e+16	2.05e-02	9.79e-01	1.22e-10
 4.69215e+16	2.29e-02	9.77e-01	1.33e-10
 4.71345e+16	2.52e-02	9.75e-01	1.45e-10
 4.72995e+16	2.73e-02	9.73e-01	1.55e-10
 4.74728e+16	3.00e-02	9.70e-01	1.69e-10
 4.76577e+16	3.34e-02	9.67e-01	1.87e-10
 4.78106e+16	3.67e-02	9.63e-01	2.06e-10
 4.79334e+16	4.00e-02	9.60e-01	2.25e-10
 4.80466e+16	4.34e-02	9.57e-01	2.45e-10
 4.81762e+16	4.81e-02	9.52e-01	2.73e-10
 4.83088e+16	5.38e-02	9.46e-01	3.09e-10
 4.84121e+16	5.93e-02	9.41e-01	3.43e-10
 4.84952e+16	6.44e-02	9.36e-01	3.76e-10
 4.85853e+16	7.09e-02	9.29e-01	4.18e-10
 4.86829e+16	7.92e-02	9.21e-01	4.74e-10
 4.87666e+16	8.76e-02	9.12e-01	5.32e-10
 4.88358e+16	9.59e-02	9.04e-01	5.88e-10
 4.89079e+16	1.06e-01	8.94e-01	6.57e-10
 4.89842e+16	1.18e-01	8.82e-01	7.43e-10
 4.90506e+16	1.31e-01	8.69e-01	8.34e-10
 4.91055e+16	1.43e-01	8.57e-01	9.18e-10
 4.91534e+16	1.56e-01	8.44e-01	1.00e-09
 4.91982e+16	1.68e-01	8.32e-01	1.09e-09
 4.92402e+16	1.82e-01	8.18e-01	1.18e-09
 4.92718e+16	1.92e-01	8.08e-01	1.25e-09
 4.92916e+16	1.99e-01	8.01e-01	1.30e-09
 4.93101e+16	2.07e-01	7.93e-01	1.34e-09
 4.93319e+16	2.16e-01	7.84e-01	1.40e-09
 4.93552e+16	2.26e-01	7.74e-01	1.47e-09
 4.93770e+16	2.37e-01	7.63e-01	1.53e-09
 4.93969e+16	2.46e-01	7.54e-01	1.59e-09
 4.94162e+16	2.56e-01	7.44e-01	1.65e-09
 4.94356e+16	2.67e-01	7.33e-01	1.72e-09
 4.94549e+16	2.78e-01	7.22e-01	1.78e-09
 4.94737e+16	2.89e-01	7.11e-01	1.85e-09
 4.94919e+16	3.01e-01	6.99e-01	1.92e-09
 4.95096e+16	3.12e-01	6.88e-01	1.99e-09
 4.95271e+16	3.24e-01	6.76e-01	2.06e-09
 4.95444e+16	3.37e-01	6.63e-01	2.12e-09
 4.95612e+16	3.49e-01	6.51e-01	2.19e-09
 4.95777e+16	3.62e-01	6.38e-01	2.26e-09
 4.95939e+16	3.75e-01	6.25e-01	2.33e-09
 4.96098e+16	3.88e-01	6.12e-01	2.40e-09
 4.96255e+16	4.02e-01	5.98e-01	2.47e-09
 4.96408e+16	4.16e-01	5.84e-01	2.54e-09
 4.96559e+16	4.30e-01	5.70e-01	2.60e-09
 4.96707e+16	4.44e-01	5.56e-01	2.67e-09
 4.96852e+16	4.58e-01	5.42e-01	2.73e-09
 4.96995e+16	4.72e-01	5.28e-01	2.80e-09
 4.97136e+16	4.87e-01	5.13e-01	2.86e-09
 4.97274e+16	5.01e-01	4.99e-01	2.92e-09
 4.97409e+16	5.16e-01	4.84e-01	2.97e-09
 4.97542e+16	5.31e-01	4.69e-01	3.03e-09
 4.97672e+16	5.45e-01	4.55e-01	3.08e-09
 4.97798e+16	5.59e-01	4.41e-01	3.13e-09
 4.97920e+16	5.73e-01	4.27e-01	3.17e-09
 4.98039e+16	5.87e-01	4.13e-01	3.21e-09
 4.98158e+16	6.01e-01	3.99e-01	3.25e-09
 4.98273e+16	6.14e-01	3.86e-01	3.29e-09
 4.98381e+16	6.27e-01	3.73e-01	3.32e-09
 4.98489e+16	6.40e-01	3.60e-01	3.34e-09
 4.98596e+16	6.53e-01	3.47e-01	3.37e-09
 4.98701e+16	6.65e-01	3.35e-01	3.39e-09
 4.98801e+16	6.77e-01	3.23e-01	3.41e-09
 4.98898e+16	6.88e-01	3.12e-01	3.43e-09
 4.98995e+16	7.00e-01	3.00e-01	3.44e-09
 4.99091e+16	7.11e-01	2.89e-01	3.45e-09
 4.99183e+16	7.22e-01	2.78e-01	3.46e-09
 4.99274e+16	7.33e-01	2.67e-01	3.46e-09
 4.99362e+16	7.43e-01	2.57e-01	3.46e-09
 4.99450e+16	7.53e-01	2.47e-01	3.46e-09
 4.99536e+16	7.63e-01	2.37e-01	3.46e-09
 4.99620e+16	7.72e-01	2.28e-01	3.45e-09
 4.99702e+16	7.81e-01	2.19e-01	3.44e-09
 4.99783e+16	7.90e-01	2.10e-01	3.42e-09
 4.99862e+16	7.98e-01	2.02e-01	3.41e-09
 4.99940e+16	8.07e-01	1.93e-01	3.39e-09
 5.00018e+16	8.15e-01	1.85e-01	3.37e-09
 5.00093e+16	8.22e-01	1.78e-01	3.35e-09
 5.00166e+16	8.30e-01	1.70e-01	3.33e-09
 5.00238e+16	8.37e-01	1.63e-01	3.30e-09
 5.00309e+16	8.44e-01	1.56e-01	3.27e-09
 5.00379e+16	8.50e-01	1.50e-01	3.25e-09
 5.00448e+16	8.57e-01	1.43e-01	3.21e-09
 5.00515e+16	8.63e-01	1.37e-01	3.18e-09
 5.00581e+16	8.69e-01	1.31e-01	3.15e-09
 5.00645e+16	8.74e-01	1.26e-01	3.11e-09
 5.00709e+16	8.80e-01	1.20e-01	3.07e-09
 5.00771e+16	8.85e-01	1.15e-01	3.03e-09
 5.00832e+16	8.90e-01	1.10e-01	2.99e-09
 5.00892e+16	8.95e-01	1.05e-01	2.95e-09
 5.00950e+16	8.99e-01	1.01e-01	2.90e-09
 5.01007e+16	9.04e-01	9.63e-02	2.86e-09
 5.01063e+16	9.08e-01	9.20e-02	2.81e-09
 5.01117e+16	9.12e-01	8.80e-02	2.77e-09
 5.01170e+16	9.16e-01	8.41e-02	2.72e-09
 5.01222e+16	9.20e-01	8.05e-02	2.67e-09
 5.01272e+16	9.23e-01	7.69e-02	2.62e-09
 5.01321e+16	9.26e-01	7.35e-02	2.56e-09
 5.01368e+16	9.30e-01	7.03e-02	2.51e-09
 5.01412e+16	9.33e-01	6.73e-02	2.46e-09
 5.01453e+16	9.35e-01	6.46e-02	2.41e-09
 5.01492e+16	9.38e-01	6.21e-02	2.36e-09
 5.01527e+16	9.40e-01	5.98e-02	2.31e-09
 5.01560e+16	9.42e-01	5.76e-02	2.26e-09
 5.01591e+16	9.44e-01	5.57e-02	2.21e-09
 5.01619e+16	9.46e-01	5.38e-02	2.16e-09
 5.01646e+16	9.48e-01	5.21e-02	2.12e-09
 5.01670e+16	9.49e-01	5.05e-02	2.08e-09
 5.01693e+16	9.51e-01	4.91e-02	2.03e-09
 5.01715e+16	9.52e-01	4.77e-02	1.99e-09
 5.01735e+16	9.54e-01	4.64e-02	1.95e-09
 5.01753e+16	9.55e-01	4.52e-02	1.91e-09
 5.01771e+16	9.56e-01	4.40e-02	1.87e-09
 5.01788e+16	9.57e-01	4.29e-02	1.84e-09
 5.01803e+16	9.58e-01	4.19e-02	1.80e-09
 5.01817e+16	9.59e-01	4.09e-02	1.76e-09
 5.01831e+16	9.60e-01	4.00e-02	1.73e-09
 5.01844e+16	9.61e-01	3.91e-02	1.70e-09
 5.01856e+16	9.62e-01	3.83e-02	1.66e-09
 5.01867e+16	9.62e-01	3.75e-02	1.63e-09
 5.01878e+16	9.63e-01	3.68e-02	1.60e-09
 5.01887e+16	9.64e-01	3.60e-02	1.57e-09
 5.01897e+16	9.65e-01	3.53e-02	1.53e-09
 5.01906e+16	9.65e-01	3.46e-02	1.50e-09
 5.01914e+16	9.66e-01	3.41e-02	1.48e-09
 5.01922e+16	9.67e-01	3.33e-02	1.44e-09
 5.01930e+16	9.67e-01	3.26e-02	1.40e-09
 5.01937e+16	9.68e-01	3.20e-02	1.37e-09
 5.01943e+16	9.68e-01	3.16e-02	1.35e-09
 5.01951e+16	9.69e-01	3.08e-02	1.31e-09
 5.01958e+16	9.70e-01	3.01e-02	1.27e-09
 5.01963e+16	9.70e-01	2.96e-02	1.24e-09
 5.01969e+16	9.71e-01	2.90e-02	1.21e-09
 5.01974e+16	9.72e-01	2.84e-02	1.17e-09
