#depth	O	O+	O+2	O+3	O+4	O+5	O+6	O+7	O+8	O[1]	O[2]	O[3]
 1.44324e+11	5.25e-05	3.96e-02	9.50e-01	1.03e-02	0.00e+00	0.00e+00	0.00e+00	0.00e+00	0.00e+00	4.17e-05	7.20e-06	3.58e-06
 8.65946e+11	5.27e-05	3.97e-02	9.50e-01	1.02e-02	0.00e+00	0.00e+00	0.00e+00	0.00e+00	0.00e+00	4.18e-05	7.24e-06	3.60e-06
 3.75243e+12	5.29e-05	3.98e-02	9.50e-01	1.00e-02	0.00e+00	0.00e+00	0.00e+00	0.00e+00	0.00e+00	4.20e-05	7.27e-06	3.62e-06
 1.52984e+13	5.35e-05	4.01e-02	9.50e-01	9.39e-03	0.00e+00	0.00e+00	0.00e+00	0.00e+00	0.00e+00	4.25e-05	7.37e-06	3.68e-06
 3.65429e+13	5.39e-05	4.05e-02	9.51e-01	8.46e-03	0.00e+00	0.00e+00	0.00e+00	0.00e+00	0.00e+00	4.27e-05	7.45e-06	3.72e-06
 6.41608e+13	5.43e-05	4.10e-02	9.52e-01	7.40e-03	0.00e+00	0.00e+00	0.00e+00	0.00e+00	0.00e+00	4.30e-05	7.52e-06	3.77e-06
 1.00064e+14	5.51e-05	4.17e-02	9.52e-01	6.21e-03	0.00e+00	0.00e+00	0.00e+00	0.00e+00	0.00e+00	4.36e-05	7.66e-06	3.85e-06
 1.46738e+14	5.62e-05	4.26e-02	9.52e-01	4.94e-03	0.00e+00	0.00e+00	0.00e+00	0.00e+00	0.00e+00	4.44e-05	7.84e-06	3.95e-06
 2.07415e+14	5.77e-05	4.38e-02	9.52e-01	3.67e-03	0.00e+00	0.00e+00	0.00e+00	0.00e+00	0.00e+00	4.56e-05	8.07e-06	4.08e-06
 2.86294e+14	6.00e-05	4.56e-02	9.52e-01	2.49e-03	0.00e+00	0.00e+00	0.00e+00	0.00e+00	0.00e+00	4.73e-05	8.41e-06	4.26e-06
 3.88838e+14	6.32e-05	4.80e-02	9.50e-01	1.50e-03	0.00e+00	0.00e+00	0.00e+00	0.00e+00	0.00e+00	4.98e-05	8.88e-06	4.51e-06
 5.22144e+14	6.73e-05	5.14e-02	9.48e-01	7.74e-04	0.00e+00	0.00e+00	0.00e+00	0.00e+00	0.00e+00	5.30e-05	9.46e-06	4.82e-06
 6.95442e+14	7.38e-05	5.65e-02	9.43e-01	3.30e-04	0.00e+00	0.00e+00	0.00e+00	0.00e+00	0.00e+00	5.81e-05	1.04e-05	5.31e-06
 8.59463e+14	7.90e-05	6.19e-02	9.38e-01	1.50e-04	0.00e+00	0.00e+00	0.00e+00	0.00e+00	0.00e+00	6.22e-05	1.12e-05	5.72e-06
 9.79722e+14	8.39e-05	6.65e-02	9.33e-01	8.35e-05	0.00e+00	0.00e+00	0.00e+00	0.00e+00	0.00e+00	6.59e-05	1.19e-05	6.08e-06
 1.10436e+15	9.05e-05	7.19e-02	9.28e-01	4.48e-05	0.00e+00	0.00e+00	0.00e+00	0.00e+00	0.00e+00	7.11e-05	1.28e-05	6.58e-06
 1.26638e+15	1.00e-04	7.99e-02	9.20e-01	2.01e-05	0.00e+00	0.00e+00	0.00e+00	0.00e+00	0.00e+00	7.87e-05	1.42e-05	7.30e-06
 1.47701e+15	1.15e-04	9.21e-02	9.08e-01	7.27e-06	0.00e+00	0.00e+00	0.00e+00	0.00e+00	0.00e+00	9.04e-05	1.64e-05	8.43e-06
 1.75084e+15	1.41e-04	1.13e-01	8.87e-01	1.99e-06	0.00e+00	0.00e+00	0.00e+00	0.00e+00	0.00e+00	1.11e-04	2.02e-05	1.04e-05
 2.01629e+15	1.74e-04	1.40e-01	8.59e-01	5.75e-07	0.00e+00	0.00e+00	0.00e+00	0.00e+00	0.00e+00	1.36e-04	2.52e-05	1.30e-05
 2.20496e+15	2.05e-04	1.67e-01	8.32e-01	2.44e-07	0.00e+00	0.00e+00	0.00e+00	0.00e+00	0.00e+00	1.60e-04	2.98e-05	1.54e-05
 2.35887e+15	2.38e-04	1.95e-01	8.04e-01	0.00e+00	0.00e+00	0.00e+00	0.00e+00	0.00e+00	0.00e+00	1.85e-04	3.48e-05	1.80e-05
 2.50808e+15	2.80e-04	2.29e-01	7.71e-01	0.00e+00	0.00e+00	0.00e+00	0.00e+00	0.00e+00	0.00e+00	2.17e-04	4.11e-05	2.12e-05
 2.65257e+15	3.29e-04	2.70e-01	7.30e-01	0.00e+00	0.00e+00	0.00e+00	0.00e+00	0.00e+00	0.00e+00	2.55e-04	4.88e-05	2.51e-05
 2.81632e+15	4.00e-04	3.28e-01	6.72e-01	0.00e+00	0.00e+00	0.00e+00	0.00e+00	0.00e+00	0.00e+00	3.10e-04	5.96e-05	3.07e-05
 2.98999e+15	4.91e-04	4.06e-01	5.94e-01	0.00e+00	0.00e+00	0.00e+00	0.00e+00	0.00e+00	0.00e+00	3.79e-04	7.38e-05	3.79e-05
 3.13485e+15	5.79e-04	4.87e-01	5.12e-01	0.00e+00	0.00e+00	0.00e+00	0.00e+00	0.00e+00	0.00e+00	4.47e-04	8.76e-05	4.50e-05
 3.25801e+15	6.65e-04	5.66e-01	4.34e-01	0.00e+00	0.00e+00	0.00e+00	0.00e+00	0.00e+00	0.00e+00	5.12e-04	1.01e-04	5.19e-05
 3.39470e+15	7.66e-04	6.58e-01	3.42e-01	0.00e+00	0.00e+00	0.00e+00	0.00e+00	0.00e+00	0.00e+00	5.89e-04	1.17e-04	6.01e-05
 3.57238e+15	8.93e-04	7.71e-01	2.28e-01	0.00e+00	0.00e+00	0.00e+00	0.00e+00	0.00e+00	0.00e+00	6.85e-04	1.38e-04	7.05e-05
 3.79787e+15	1.18e-03	8.92e-01	1.06e-01	0.00e+00	0.00e+00	0.00e+00	0.00e+00	0.00e+00	0.00e+00	8.88e-04	1.99e-04	9.69e-05
 3.97799e+15	1.41e-03	9.58e-01	4.10e-02	0.00e+00	0.00e+00	0.00e+00	0.00e+00	0.00e+00	0.00e+00	1.05e-03	2.47e-04	1.17e-04
 4.05950e+15	1.49e-03	9.73e-01	2.54e-02	0.00e+00	0.00e+00	0.00e+00	0.00e+00	0.00e+00	0.00e+00	1.10e-03	2.61e-04	1.24e-04
 4.11178e+15	1.54e-03	9.80e-01	1.87e-02	0.00e+00	0.00e+00	0.00e+00	0.00e+00	0.00e+00	0.00e+00	1.14e-03	2.70e-04	1.28e-04
 4.17119e+15	1.60e-03	9.85e-01	1.30e-02	0.00e+00	0.00e+00	0.00e+00	0.00e+00	0.00e+00	0.00e+00	1.19e-03	2.82e-04	1.33e-04
 4.24843e+15	1.70e-03	9.90e-01	8.06e-03	0.00e+00	0.00e+00	0.00e+00	0.00e+00	0.00e+00	0.00e+00	1.26e-03	3.00e-04	1.41e-04
 4.33307e+15	1.82e-03	9.94e-01	4.63e-03	0.00e+00	0.00e+00	0.00e+00	0.00e+00	0.00e+00	0.00e+00	1.35e-03	3.22e-04	1.51e-04
 4.40378e+15	1.95e-03	9.95e-01	2.82e-03	0.00e+00	0.00e+00	0.00e+00	0.00e+00	0.00e+00	0.00e+00	1.45e-03	3.46e-04	1.62e-04
 4.45543e+15	2.08e-03	9.96e-01	1.93e-03	0.00e+00	0.00e+00	0.00e+00	0.00e+00	0.00e+00	0.00e+00	1.54e-03	3.69e-04	1.72e-04
 4.49711e+15	2.19e-03	9.96e-01	1.39e-03	0.00e+00	0.00e+00	0.00e+00	0.00e+00	0.00e+00	0.00e+00	1.62e-03	3.90e-04	1.81e-04
 4.54258e+15	2.33e-03	9.97e-01	9.59e-04	0.00e+00	0.00e+00	0.00e+00	0.00e+00	0.00e+00	0.00e+00	1.73e-03	4.14e-04	1.92e-04
 4.59170e+15	2.51e-03	9.97e-01	6.32e-04	0.00e+00	0.00e+00	0.00e+00	0.00e+00	0.00e+00	0.00e+00	1.86e-03	4.46e-04	2.05e-04
 4.63251e+15	2.68e-03	9.97e-01	4.38e-04	0.00e+00	0.00e+00	0.00e+00	0.00e+00	0.00e+00	0.00e+00	1.99e-03	4.77e-04	2.19e-04
 4.66381e+15	2.83e-03	9.97e-01	3.25e-04	0.00e+00	0.00e+00	0.00e+00	0.00e+00	0.00e+00	0.00e+00	2.10e-03	5.05e-04	2.31e-04
 4.69144e+15	2.97e-03	9.97e-01	2.48e-04	0.00e+00	0.00e+00	0.00e+00	0.00e+00	0.00e+00	0.00e+00	2.20e-03	5.30e-04	2.42e-04
 4.72298e+15	3.14e-03	9.97e-01	1.79e-04	0.00e+00	0.00e+00	0.00e+00	0.00e+00	0.00e+00	0.00e+00	2.32e-03	5.59e-04	2.55e-04
 4.75716e+15	3.33e-03	9.97e-01	1.25e-04	0.00e+00	0.00e+00	0.00e+00	0.00e+00	0.00e+00	0.00e+00	2.47e-03	5.95e-04	2.70e-04
 4.78619e+15	3.52e-03	9.96e-01	9.03e-05	0.00e+00	0.00e+00	0.00e+00	0.00e+00	0.00e+00	0.00e+00	2.61e-03	6.29e-04	2.84e-04
 4.80962e+15	3.67e-03	9.96e-01	6.88e-05	0.00e+00	0.00e+00	0.00e+00	0.00e+00	0.00e+00	0.00e+00	2.72e-03	6.56e-04	2.96e-04
 4.83436e+15	3.83e-03	9.96e-01	5.09e-05	0.00e+00	0.00e+00	0.00e+00	0.00e+00	0.00e+00	0.00e+00	2.84e-03	6.86e-04	3.08e-04
 4.86208e+15	4.02e-03	9.96e-01	3.60e-05	0.00e+00	0.00e+00	0.00e+00	0.00e+00	0.00e+00	0.00e+00	2.98e-03	7.21e-04	3.23e-04
 4.88720e+15	4.21e-03	9.96e-01	2.59e-05	0.00e+00	0.00e+00	0.00e+00	0.00e+00	0.00e+00	0.00e+00	3.12e-03	7.54e-04	3.37e-04
 4.90865e+15	4.37e-03	9.96e-01	1.92e-05	0.00e+00	0.00e+00	0.00e+00	0.00e+00	0.00e+00	0.00e+00	3.24e-03	7.84e-04	3.50e-04
 4.93178e+15	4.54e-03	9.95e-01	1.37e-05	0.00e+00	0.00e+00	0.00e+00	0.00e+00	0.00e+00	0.00e+00	3.36e-03	8.16e-04	3.63e-04
 4.96185e+15	4.77e-03	9.95e-01	8.73e-06	0.00e+00	0.00e+00	0.00e+00	0.00e+00	0.00e+00	0.00e+00	3.53e-03	8.56e-04	3.80e-04
 4.99249e+15	5.02e-03	9.95e-01	5.35e-06	0.00e+00	0.00e+00	0.00e+00	0.00e+00	0.00e+00	0.00e+00	3.72e-03	9.04e-04	3.99e-04
 5.01729e+15	5.24e-03	9.95e-01	3.50e-06	0.00e+00	0.00e+00	0.00e+00	0.00e+00	0.00e+00	0.00e+00	3.88e-03	9.45e-04	4.16e-04
 5.04299e+15	5.42e-03	9.95e-01	2.22e-06	0.00e+00	0.00e+00	0.00e+00	0.00e+00	0.00e+00	0.00e+00	4.01e-03	9.80e-04	4.30e-04
 5.07639e+15	5.64e-03	9.94e-01	1.22e-06	0.00e+00	0.00e+00	0.00e+00	0.00e+00	0.00e+00	0.00e+00	4.17e-03	1.02e-03	4.47e-04
 5.11981e+15	5.87e-03	9.94e-01	5.55e-07	0.00e+00	0.00e+00	0.00e+00	0.00e+00	0.00e+00	0.00e+00	4.34e-03	1.06e-03	4.64e-04
 5.17626e+15	6.10e-03	9.94e-01	2.00e-07	0.00e+00	0.00e+00	0.00e+00	0.00e+00	0.00e+00	0.00e+00	4.51e-03	1.11e-03	4.82e-04
 5.24964e+15	6.37e-03	9.94e-01	5.48e-08	0.00e+00	0.00e+00	0.00e+00	0.00e+00	0.00e+00	0.00e+00	4.70e-03	1.16e-03	5.04e-04
 5.34504e+15	6.69e-03	9.93e-01	1.08e-08	0.00e+00	0.00e+00	0.00e+00	0.00e+00	0.00e+00	0.00e+00	4.93e-03	1.22e-03	5.29e-04
 5.46906e+15	7.09e-03	9.93e-01	1.47e-09	0.00e+00	0.00e+00	0.00e+00	0.00e+00	0.00e+00	0.00e+00	5.23e-03	1.30e-03	5.63e-04
 5.63028e+15	7.67e-03	9.92e-01	1.43e-10	0.00e+00	0.00e+00	0.00e+00	0.00e+00	0.00e+00	0.00e+00	5.64e-03	1.42e-03	6.10e-04
 5.81640e+15	8.48e-03	9.92e-01	2.40e-11	0.00e+00	0.00e+00	0.00e+00	0.00e+00	0.00e+00	0.00e+00	6.22e-03	1.58e-03	6.76e-04
 5.99053e+15	9.41e-03	9.91e-01	1.56e-11	0.00e+00	0.00e+00	0.00e+00	0.00e+00	0.00e+00	0.00e+00	6.89e-03	1.77e-03	7.53e-04
 6.13596e+15	1.03e-02	9.90e-01	1.44e-11	0.00e+00	0.00e+00	0.00e+00	0.00e+00	0.00e+00	0.00e+00	7.51e-03	1.95e-03	8.26e-04
 6.26476e+15	1.11e-02	9.89e-01	1.39e-11	0.00e+00	0.00e+00	0.00e+00	0.00e+00	0.00e+00	0.00e+00	8.07e-03	2.11e-03	8.92e-04
 6.38824e+15	1.19e-02	9.88e-01	1.37e-11	0.00e+00	0.00e+00	0.00e+00	0.00e+00	0.00e+00	0.00e+00	8.63e-03	2.27e-03	9.58e-04
 6.50781e+15	1.26e-02	9.87e-01	1.35e-11	0.00e+00	0.00e+00	0.00e+00	0.00e+00	0.00e+00	0.00e+00	9.19e-03	2.43e-03	1.03e-03
 6.62201e+15	1.34e-02	9.87e-01	1.34e-11	0.00e+00	0.00e+00	0.00e+00	0.00e+00	0.00e+00	0.00e+00	9.76e-03	2.59e-03	1.09e-03
 6.73069e+15	1.42e-02	9.86e-01	1.33e-11	0.00e+00	0.00e+00	0.00e+00	0.00e+00	0.00e+00	0.00e+00	1.03e-02	2.76e-03	1.16e-03
 6.83492e+15	1.50e-02	9.85e-01	1.32e-11	0.00e+00	0.00e+00	0.00e+00	0.00e+00	0.00e+00	0.00e+00	1.09e-02	2.92e-03	1.23e-03
 6.93795e+15	1.58e-02	9.84e-01	1.32e-11	0.00e+00	0.00e+00	0.00e+00	0.00e+00	0.00e+00	0.00e+00	1.14e-02	3.08e-03	1.30e-03
 7.03943e+15	1.66e-02	9.83e-01	1.31e-11	0.00e+00	0.00e+00	0.00e+00	0.00e+00	0.00e+00	0.00e+00	1.20e-02	3.25e-03	1.37e-03
 7.13632e+15	1.74e-02	9.83e-01	1.31e-11	0.00e+00	0.00e+00	0.00e+00	0.00e+00	0.00e+00	0.00e+00	1.25e-02	3.41e-03	1.43e-03
 7.22978e+15	1.81e-02	9.82e-01	1.31e-11	0.00e+00	0.00e+00	0.00e+00	0.00e+00	0.00e+00	0.00e+00	1.30e-02	3.56e-03	1.50e-03
 7.32182e+15	1.88e-02	9.81e-01	1.31e-11	0.00e+00	0.00e+00	0.00e+00	0.00e+00	0.00e+00	0.00e+00	1.35e-02	3.71e-03	1.56e-03
 7.41326e+15	1.95e-02	9.80e-01	1.30e-11	0.00e+00	0.00e+00	0.00e+00	0.00e+00	0.00e+00	0.00e+00	1.40e-02	3.86e-03	1.63e-03
 7.50422e+15	2.03e-02	9.80e-01	1.30e-11	0.00e+00	0.00e+00	0.00e+00	0.00e+00	0.00e+00	0.00e+00	1.46e-02	4.02e-03	1.69e-03
 7.59491e+15	2.10e-02	9.79e-01	1.30e-11	0.00e+00	0.00e+00	0.00e+00	0.00e+00	0.00e+00	0.00e+00	1.51e-02	4.15e-03	1.76e-03
 7.68571e+15	2.18e-02	9.78e-01	1.29e-11	0.00e+00	0.00e+00	0.00e+00	0.00e+00	0.00e+00	0.00e+00	1.56e-02	4.28e-03	1.83e-03
 7.77710e+15	2.25e-02	9.77e-01	1.28e-11	0.00e+00	0.00e+00	0.00e+00	0.00e+00	0.00e+00	0.00e+00	1.62e-02	4.41e-03	1.90e-03
 7.86953e+15	2.33e-02	9.77e-01	1.27e-11	0.00e+00	0.00e+00	0.00e+00	0.00e+00	0.00e+00	0.00e+00	1.68e-02	4.55e-03	1.97e-03
 7.96338e+15	2.42e-02	9.76e-01	1.26e-11	0.00e+00	0.00e+00	0.00e+00	0.00e+00	0.00e+00	0.00e+00	1.74e-02	4.69e-03	2.05e-03
 8.05896e+15	2.51e-02	9.75e-01	1.25e-11	0.00e+00	0.00e+00	0.00e+00	0.00e+00	0.00e+00	0.00e+00	1.81e-02	4.84e-03	2.13e-03
 8.15661e+15	2.61e-02	9.74e-01	1.23e-11	0.00e+00	0.00e+00	0.00e+00	0.00e+00	0.00e+00	0.00e+00	1.88e-02	5.00e-03	2.22e-03
 8.25666e+15	2.71e-02	9.73e-01	1.22e-11	0.00e+00	0.00e+00	0.00e+00	0.00e+00	0.00e+00	0.00e+00	1.96e-02	5.17e-03	2.31e-03
 8.35934e+15	2.83e-02	9.72e-01	1.20e-11	0.00e+00	0.00e+00	0.00e+00	0.00e+00	0.00e+00	0.00e+00	2.05e-02	5.36e-03	2.42e-03
 8.46482e+15	2.95e-02	9.70e-01	1.17e-11	0.00e+00	0.00e+00	0.00e+00	0.00e+00	0.00e+00	0.00e+00	2.14e-02	5.58e-03	2.53e-03
 8.57313e+15	3.09e-02	9.69e-01	1.15e-11	0.00e+00	0.00e+00	0.00e+00	0.00e+00	0.00e+00	0.00e+00	2.25e-02	5.81e-03	2.66e-03
 8.68442e+15	3.25e-02	9.68e-01	1.12e-11	0.00e+00	0.00e+00	0.00e+00	0.00e+00	0.00e+00	0.00e+00	2.36e-02	6.06e-03	2.80e-03
 8.79876e+15	3.42e-02	9.66e-01	1.09e-11	0.00e+00	0.00e+00	0.00e+00	0.00e+00	0.00e+00	0.00e+00	2.49e-02	6.35e-03	2.96e-03
 8.91593e+15	3.61e-02	9.64e-01	1.06e-11	0.00e+00	0.00e+00	0.00e+00	0.00e+00	0.00e+00	0.00e+00	2.63e-02	6.66e-03	3.13e-03
 9.03572e+15	3.82e-02	9.62e-01	1.03e-11	0.00e+00	0.00e+00	0.00e+00	0.00e+00	0.00e+00	0.00e+00	2.79e-02	7.01e-03	3.32e-03
 9.15788e+15	4.06e-02	9.59e-01	9.93e-12	0.00e+00	0.00e+00	0.00e+00	0.00e+00	0.00e+00	0.00e+00	2.97e-02	7.41e-03	3.54e-03
 9.28207e+15	4.33e-02	9.57e-01	9.58e-12	0.00e+00	0.00e+00	0.00e+00	0.00e+00	0.00e+00	0.00e+00	3.17e-02	7.84e-03	3.78e-03
 9.40802e+15	4.63e-02	9.54e-01	9.22e-12	0.00e+00	0.00e+00	0.00e+00	0.00e+00	0.00e+00	0.00e+00	3.39e-02	8.33e-03	4.04e-03
 9.53531e+15	4.96e-02	9.50e-01	8.85e-12	0.00e+00	0.00e+00	0.00e+00	0.00e+00	0.00e+00	0.00e+00	3.64e-02	8.87e-03	4.35e-03
 9.66327e+15	5.33e-02	9.47e-01	8.49e-12	0.00e+00	0.00e+00	0.00e+00	0.00e+00	0.00e+00	0.00e+00	3.92e-02	9.48e-03	4.68e-03
 9.79138e+15	5.75e-02	9.43e-01	8.14e-12	0.00e+00	0.00e+00	0.00e+00	0.00e+00	0.00e+00	0.00e+00	4.23e-02	1.01e-02	5.06e-03
 9.91918e+15	6.21e-02	9.38e-01	7.78e-12	0.00e+00	0.00e+00	0.00e+00	0.00e+00	0.00e+00	0.00e+00	4.57e-02	1.09e-02	5.47e-03
 1.00458e+16	6.72e-02	9.33e-01	7.45e-12	0.00e+00	0.00e+00	0.00e+00	0.00e+00	0.00e+00	0.00e+00	4.96e-02	1.17e-02	5.94e-03
 1.01713e+16	7.29e-02	9.27e-01	7.13e-12	0.00e+00	0.00e+00	0.00e+00	0.00e+00	0.00e+00	0.00e+00	5.39e-02	1.26e-02	6.45e-03
 1.02957e+16	7.93e-02	9.21e-01	6.83e-12	0.00e+00	0.00e+00	0.00e+00	0.00e+00	0.00e+00	0.00e+00	5.87e-02	1.36e-02	7.03e-03
 1.04184e+16	8.65e-02	9.14e-01	6.54e-12	0.00e+00	0.00e+00	0.00e+00	0.00e+00	0.00e+00	0.00e+00	6.41e-02	1.47e-02	7.68e-03
 1.05391e+16	9.45e-02	9.06e-01	6.28e-12	0.00e+00	0.00e+00	0.00e+00	0.00e+00	0.00e+00	0.00e+00	7.02e-02	1.59e-02	8.40e-03
 1.06577e+16	1.03e-01	8.97e-01	6.03e-12	0.00e+00	0.00e+00	0.00e+00	0.00e+00	0.00e+00	0.00e+00	7.70e-02	1.72e-02	9.21e-03
 1.07740e+16	1.14e-01	8.86e-01	5.79e-12	0.00e+00	0.00e+00	0.00e+00	0.00e+00	0.00e+00	0.00e+00	8.47e-02	1.87e-02	1.01e-02
 1.08881e+16	1.25e-01	8.75e-01	5.57e-12	0.00e+00	0.00e+00	0.00e+00	0.00e+00	0.00e+00	0.00e+00	9.35e-02	2.04e-02	1.11e-02
 1.10000e+16	1.38e-01	8.62e-01	5.37e-12	0.00e+00	0.00e+00	0.00e+00	0.00e+00	0.00e+00	0.00e+00	1.03e-01	2.23e-02	1.23e-02
 1.11101e+16	1.53e-01	8.47e-01	5.18e-12	0.00e+00	0.00e+00	0.00e+00	0.00e+00	0.00e+00	0.00e+00	1.15e-01	2.45e-02	1.36e-02
 1.12184e+16	1.70e-01	8.30e-01	4.99e-12	0.00e+00	0.00e+00	0.00e+00	0.00e+00	0.00e+00	0.00e+00	1.28e-01	2.69e-02	1.52e-02
 1.13258e+16	1.91e-01	8.09e-01	4.84e-12	0.00e+00	0.00e+00	0.00e+00	0.00e+00	0.00e+00	0.00e+00	1.44e-01	2.98e-02	1.70e-02
 1.14331e+16	2.16e-01	7.84e-01	4.65e-12	0.00e+00	0.00e+00	0.00e+00	0.00e+00	0.00e+00	0.00e+00	1.63e-01	3.32e-02	1.92e-02
 1.15412e+16	2.47e-01	7.53e-01	4.48e-12	0.00e+00	0.00e+00	0.00e+00	0.00e+00	0.00e+00	0.00e+00	1.87e-01	3.74e-02	2.19e-02
 1.16523e+16	2.87e-01	7.13e-01	4.28e-12	0.00e+00	0.00e+00	0.00e+00	0.00e+00	0.00e+00	0.00e+00	2.19e-01	4.27e-02	2.53e-02
 1.17564e+16	3.37e-01	6.63e-01	4.08e-12	0.00e+00	0.00e+00	0.00e+00	0.00e+00	0.00e+00	0.00e+00	2.58e-01	4.93e-02	2.94e-02
 1.18324e+16	3.89e-01	6.11e-01	3.86e-12	0.00e+00	0.00e+00	0.00e+00	0.00e+00	0.00e+00	0.00e+00	2.99e-01	5.58e-02	3.35e-02
 1.18768e+16	4.26e-01	5.74e-01	3.70e-12	0.00e+00	0.00e+00	0.00e+00	0.00e+00	0.00e+00	0.00e+00	3.29e-01	6.04e-02	3.65e-02
 1.19040e+16	4.50e-01	5.50e-01	3.59e-12	0.00e+00	0.00e+00	0.00e+00	0.00e+00	0.00e+00	0.00e+00	3.49e-01	6.34e-02	3.83e-02
 1.19270e+16	4.72e-01	5.28e-01	3.50e-12	0.00e+00	0.00e+00	0.00e+00	0.00e+00	0.00e+00	0.00e+00	3.66e-01	6.58e-02	3.99e-02
 1.19518e+16	4.96e-01	5.04e-01	3.40e-12	0.00e+00	0.00e+00	0.00e+00	0.00e+00	0.00e+00	0.00e+00	3.86e-01	6.85e-02	4.17e-02
 1.19775e+16	5.23e-01	4.77e-01	3.28e-12	0.00e+00	0.00e+00	0.00e+00	0.00e+00	0.00e+00	0.00e+00	4.08e-01	7.15e-02	4.37e-02
 1.19998e+16	5.49e-01	4.51e-01	3.16e-12	0.00e+00	0.00e+00	0.00e+00	0.00e+00	0.00e+00	0.00e+00	4.29e-01	7.42e-02	4.55e-02
 1.20177e+16	5.70e-01	4.30e-01	3.06e-12	0.00e+00	0.00e+00	0.00e+00	0.00e+00	0.00e+00	0.00e+00	4.47e-01	7.64e-02	4.70e-02
 1.20326e+16	5.89e-01	4.11e-01	2.97e-12	0.00e+00	0.00e+00	0.00e+00	0.00e+00	0.00e+00	0.00e+00	4.62e-01	7.82e-02	4.82e-02
 1.20445e+16	6.04e-01	3.96e-01	2.89e-12	0.00e+00	0.00e+00	0.00e+00	0.00e+00	0.00e+00	0.00e+00	4.75e-01	7.97e-02	4.92e-02
 1.20533e+16	6.15e-01	3.85e-01	2.84e-12	0.00e+00	0.00e+00	0.00e+00	0.00e+00	0.00e+00	0.00e+00	4.84e-01	8.07e-02	4.99e-02
 1.20616e+16	6.26e-01	3.74e-01	2.78e-12	0.00e+00	0.00e+00	0.00e+00	0.00e+00	0.00e+00	0.00e+00	4.94e-01	8.17e-02	5.06e-02
 1.20706e+16	6.38e-01	3.62e-01	2.72e-12	0.00e+00	0.00e+00	0.00e+00	0.00e+00	0.00e+00	0.00e+00	5.04e-01	8.28e-02	5.13e-02
 1.20801e+16	6.51e-01	3.49e-01	2.65e-12	0.00e+00	0.00e+00	0.00e+00	0.00e+00	0.00e+00	0.00e+00	5.15e-01	8.38e-02	5.21e-02
 1.20892e+16	6.63e-01	3.37e-01	2.58e-12	0.00e+00	0.00e+00	0.00e+00	0.00e+00	0.00e+00	0.00e+00	5.26e-01	8.48e-02	5.27e-02
 1.20978e+16	6.75e-01	3.25e-01	2.52e-12	0.00e+00	0.00e+00	0.00e+00	0.00e+00	0.00e+00	0.00e+00	5.36e-01	8.57e-02	5.33e-02
 1.21059e+16	6.86e-01	3.14e-01	2.45e-12	0.00e+00	0.00e+00	0.00e+00	0.00e+00	0.00e+00	0.00e+00	5.46e-01	8.66e-02	5.39e-02
 1.21139e+16	6.97e-01	3.03e-01	2.39e-12	0.00e+00	0.00e+00	0.00e+00	0.00e+00	0.00e+00	0.00e+00	5.55e-01	8.73e-02	5.44e-02
 1.21219e+16	7.08e-01	2.92e-01	2.33e-12	0.00e+00	0.00e+00	0.00e+00	0.00e+00	0.00e+00	0.00e+00	5.65e-01	8.81e-02	5.50e-02
 1.21297e+16	7.19e-01	2.81e-01	2.26e-12	0.00e+00	0.00e+00	0.00e+00	0.00e+00	0.00e+00	0.00e+00	5.75e-01	8.88e-02	5.54e-02
 1.21372e+16	7.30e-01	2.70e-01	2.20e-12	0.00e+00	0.00e+00	0.00e+00	0.00e+00	0.00e+00	0.00e+00	5.84e-01	8.94e-02	5.59e-02
 1.21445e+16	7.40e-01	2.60e-01	2.13e-12	0.00e+00	0.00e+00	0.00e+00	0.00e+00	0.00e+00	0.00e+00	5.94e-01	9.00e-02	5.63e-02
 1.21517e+16	7.50e-01	2.50e-01	2.07e-12	0.00e+00	0.00e+00	0.00e+00	0.00e+00	0.00e+00	0.00e+00	6.03e-01	9.06e-02	5.66e-02
 1.21588e+16	7.60e-01	2.40e-01	2.01e-12	0.00e+00	0.00e+00	0.00e+00	0.00e+00	0.00e+00	0.00e+00	6.12e-01	9.11e-02	5.69e-02
 1.21657e+16	7.69e-01	2.31e-01	1.95e-12	0.00e+00	0.00e+00	0.00e+00	0.00e+00	0.00e+00	0.00e+00	6.20e-01	9.15e-02	5.72e-02
 1.21725e+16	7.78e-01	2.22e-01	1.89e-12	0.00e+00	0.00e+00	0.00e+00	0.00e+00	0.00e+00	0.00e+00	6.29e-01	9.19e-02	5.75e-02
 1.21791e+16	7.87e-01	2.13e-01	1.83e-12	0.00e+00	0.00e+00	0.00e+00	0.00e+00	0.00e+00	0.00e+00	6.37e-01	9.22e-02	5.77e-02
 1.21856e+16	7.96e-01	2.04e-01	1.77e-12	0.00e+00	0.00e+00	0.00e+00	0.00e+00	0.00e+00	0.00e+00	6.45e-01	9.26e-02	5.79e-02
 1.21920e+16	8.04e-01	1.96e-01	1.71e-12	0.00e+00	0.00e+00	0.00e+00	0.00e+00	0.00e+00	0.00e+00	6.53e-01	9.28e-02	5.81e-02
 1.21982e+16	8.13e-01	1.87e-01	1.65e-12	0.00e+00	0.00e+00	0.00e+00	0.00e+00	0.00e+00	0.00e+00	6.61e-01	9.30e-02	5.82e-02
 1.22044e+16	8.20e-01	1.80e-01	1.60e-12	0.00e+00	0.00e+00	0.00e+00	0.00e+00	0.00e+00	0.00e+00	6.69e-01	9.32e-02	5.84e-02
 1.22104e+16	8.28e-01	1.72e-01	1.54e-12	0.00e+00	0.00e+00	0.00e+00	0.00e+00	0.00e+00	0.00e+00	6.76e-01	9.34e-02	5.84e-02
 1.22162e+16	8.35e-01	1.65e-01	1.49e-12	0.00e+00	0.00e+00	0.00e+00	0.00e+00	0.00e+00	0.00e+00	6.83e-01	9.35e-02	5.85e-02
 1.22218e+16	8.42e-01	1.58e-01	1.44e-12	0.00e+00	0.00e+00	0.00e+00	0.00e+00	0.00e+00	0.00e+00	6.90e-01	9.36e-02	5.85e-02
 1.22273e+16	8.48e-01	1.52e-01	1.39e-12	0.00e+00	0.00e+00	0.00e+00	0.00e+00	0.00e+00	0.00e+00	6.96e-01	9.37e-02	5.86e-02
 1.22326e+16	8.55e-01	1.45e-01	1.35e-12	0.00e+00	0.00e+00	0.00e+00	0.00e+00	0.00e+00	0.00e+00	7.02e-01	9.37e-02	5.86e-02
 1.22379e+16	8.61e-01	1.39e-01	1.30e-12	0.00e+00	0.00e+00	0.00e+00	0.00e+00	0.00e+00	0.00e+00	7.08e-01	9.37e-02	5.86e-02
 1.22430e+16	8.66e-01	1.34e-01	1.26e-12	0.00e+00	0.00e+00	0.00e+00	0.00e+00	0.00e+00	0.00e+00	7.14e-01	9.37e-02	5.85e-02
 1.22480e+16	8.72e-01	1.28e-01	1.21e-12	0.00e+00	0.00e+00	0.00e+00	0.00e+00	0.00e+00	0.00e+00	7.20e-01	9.37e-02	5.85e-02
 1.22530e+16	8.77e-01	1.23e-01	1.17e-12	0.00e+00	0.00e+00	0.00e+00	0.00e+00	0.00e+00	0.00e+00	7.25e-01	9.37e-02	5.85e-02
 1.22578e+16	8.82e-01	1.18e-01	1.13e-12	0.00e+00	0.00e+00	0.00e+00	0.00e+00	0.00e+00	0.00e+00	7.30e-01	9.37e-02	5.84e-02
 1.22624e+16	8.87e-01	1.13e-01	1.09e-12	0.00e+00	0.00e+00	0.00e+00	0.00e+00	0.00e+00	0.00e+00	7.35e-01	9.36e-02	5.83e-02
 1.22671e+16	8.92e-01	1.08e-01	1.06e-12	0.00e+00	0.00e+00	0.00e+00	0.00e+00	0.00e+00	0.00e+00	7.40e-01	9.36e-02	5.83e-02
 1.22717e+16	8.96e-01	1.04e-01	1.02e-12	0.00e+00	0.00e+00	0.00e+00	0.00e+00	0.00e+00	0.00e+00	7.44e-01	9.36e-02	5.82e-02
 1.22761e+16	9.00e-01	9.99e-02	9.85e-13	0.00e+00	0.00e+00	0.00e+00	0.00e+00	0.00e+00	0.00e+00	7.49e-01	9.34e-02	5.81e-02
 1.22805e+16	9.04e-01	9.58e-02	9.50e-13	0.00e+00	0.00e+00	0.00e+00	0.00e+00	0.00e+00	0.00e+00	7.53e-01	9.35e-02	5.80e-02
 1.22848e+16	9.08e-01	9.19e-02	9.17e-13	0.00e+00	0.00e+00	0.00e+00	0.00e+00	0.00e+00	0.00e+00	7.57e-01	9.34e-02	5.79e-02
 1.22890e+16	9.12e-01	8.82e-02	8.85e-13	0.00e+00	0.00e+00	0.00e+00	0.00e+00	0.00e+00	0.00e+00	7.61e-01	9.34e-02	5.78e-02
 1.22931e+16	9.15e-01	8.46e-02	8.55e-13	0.00e+00	0.00e+00	0.00e+00	0.00e+00	0.00e+00	0.00e+00	7.64e-01	9.33e-02	5.77e-02
 1.22972e+16	9.19e-01	8.12e-02	8.25e-13	0.00e+00	0.00e+00	0.00e+00	0.00e+00	0.00e+00	0.00e+00	7.68e-01	9.33e-02	5.77e-02
 1.23013e+16	9.22e-01	7.78e-02	7.95e-13	0.00e+00	0.00e+00	0.00e+00	0.00e+00	0.00e+00	0.00e+00	7.71e-01	9.33e-02	5.76e-02
 1.23052e+16	9.25e-01	7.47e-02	7.67e-13	0.00e+00	0.00e+00	0.00e+00	0.00e+00	0.00e+00	0.00e+00	7.75e-01	9.32e-02	5.75e-02
 1.23091e+16	9.28e-01	7.17e-02	7.40e-13	0.00e+00	0.00e+00	0.00e+00	0.00e+00	0.00e+00	0.00e+00	7.78e-01	9.33e-02	5.74e-02
 1.23129e+16	9.31e-01	6.88e-02	7.14e-13	0.00e+00	0.00e+00	0.00e+00	0.00e+00	0.00e+00	0.00e+00	7.81e-01	9.33e-02	5.73e-02
 1.23166e+16	9.34e-01	6.60e-02	6.90e-13	0.00e+00	0.00e+00	0.00e+00	0.00e+00	0.00e+00	0.00e+00	7.84e-01	9.32e-02	5.72e-02
 1.23203e+16	9.37e-01	6.33e-02	6.64e-13	0.00e+00	0.00e+00	0.00e+00	0.00e+00	0.00e+00	0.00e+00	7.86e-01	9.33e-02	5.72e-02
 1.23240e+16	9.39e-01	6.07e-02	6.39e-13	0.00e+00	0.00e+00	0.00e+00	0.00e+00	0.00e+00	0.00e+00	7.89e-01	9.34e-02	5.71e-02
 1.23275e+16	9.42e-01	5.83e-02	6.18e-13	0.00e+00	0.00e+00	0.00e+00	0.00e+00	0.00e+00	0.00e+00	7.91e-01	9.34e-02	5.71e-02
 1.23309e+16	9.44e-01	5.59e-02	5.94e-13	0.00e+00	0.00e+00	0.00e+00	0.00e+00	0.00e+00	0.00e+00	7.93e-01	9.35e-02	5.70e-02
 1.23344e+16	9.46e-01	5.37e-02	5.74e-13	0.00e+00	0.00e+00	0.00e+00	0.00e+00	0.00e+00	0.00e+00	7.96e-01	9.36e-02	5.70e-02
 1.23377e+16	9.49e-01	5.15e-02	5.51e-13	0.00e+00	0.00e+00	0.00e+00	0.00e+00	0.00e+00	0.00e+00	7.98e-01	9.38e-02	5.70e-02
 1.23410e+16	9.51e-01	4.94e-02	5.31e-13	0.00e+00	0.00e+00	0.00e+00	0.00e+00	0.00e+00	0.00e+00	8.00e-01	9.39e-02	5.69e-02
 1.23441e+16	9.53e-01	4.75e-02	5.13e-13	0.00e+00	0.00e+00	0.00e+00	0.00e+00	0.00e+00	0.00e+00	8.02e-01	9.40e-02	5.69e-02
 1.23473e+16	9.55e-01	4.54e-02	4.92e-13	0.00e+00	0.00e+00	0.00e+00	0.00e+00	0.00e+00	0.00e+00	8.03e-01	9.43e-02	5.69e-02
 1.23503e+16	9.56e-01	4.36e-02	4.73e-13	0.00e+00	0.00e+00	0.00e+00	0.00e+00	0.00e+00	0.00e+00	8.05e-01	9.46e-02	5.69e-02
 1.23533e+16	9.58e-01	4.18e-02	4.55e-13	0.00e+00	0.00e+00	0.00e+00	0.00e+00	0.00e+00	0.00e+00	8.06e-01	9.49e-02	5.69e-02
 1.23561e+16	9.60e-01	4.01e-02	4.38e-13	0.00e+00	0.00e+00	0.00e+00	0.00e+00	0.00e+00	0.00e+00	8.08e-01	9.52e-02	5.70e-02
 1.23589e+16	9.62e-01	3.84e-02	4.21e-13	0.00e+00	0.00e+00	0.00e+00	0.00e+00	0.00e+00	0.00e+00	8.09e-01	9.55e-02	5.70e-02
 1.23617e+16	9.63e-01	3.69e-02	4.04e-13	0.00e+00	0.00e+00	0.00e+00	0.00e+00	0.00e+00	0.00e+00	8.10e-01	9.59e-02	5.71e-02
 1.23643e+16	9.65e-01	3.53e-02	3.88e-13	0.00e+00	0.00e+00	0.00e+00	0.00e+00	0.00e+00	0.00e+00	8.11e-01	9.63e-02	5.71e-02
 1.23669e+16	9.66e-01	3.39e-02	3.72e-13	0.00e+00	0.00e+00	0.00e+00	0.00e+00	0.00e+00	0.00e+00	8.12e-01	9.68e-02	5.72e-02
 1.23693e+16	9.68e-01	3.25e-02	3.57e-13	0.00e+00	0.00e+00	0.00e+00	0.00e+00	0.00e+00	0.00e+00	8.13e-01	9.73e-02	5.73e-02
 1.23716e+16	9.69e-01	3.12e-02	3.43e-13	0.00e+00	0.00e+00	0.00e+00	0.00e+00	0.00e+00	0.00e+00	8.14e-01	9.78e-02	5.74e-02
 1.23736e+16	9.70e-01	3.00e-02	3.30e-13	0.00e+00	0.00e+00	0.00e+00	0.00e+00	0.00e+00	0.00e+00	8.14e-01	9.84e-02	5.75e-02
 1.23756e+16	9.71e-01	2.89e-02	3.18e-13	0.00e+00	0.00e+00	0.00e+00	0.00e+00	0.00e+00	0.00e+00	8.15e-01	9.89e-02	5.76e-02
 1.23774e+16	9.72e-01	2.78e-02	3.06e-13	0.00e+00	0.00e+00	0.00e+00	0.00e+00	0.00e+00	0.00e+00	8.15e-01	9.96e-02	5.78e-02
 1.23792e+16	9.73e-01	2.68e-02	2.94e-13	0.00e+00	0.00e+00	0.00e+00	0.00e+00	0.00e+00	0.00e+00	8.15e-01	1.00e-01	5.79e-02
 1.23808e+16	9.74e-01	2.58e-02	2.83e-13	0.00e+00	0.00e+00	0.00e+00	0.00e+00	0.00e+00	0.00e+00	8.15e-01	1.01e-01	5.81e-02
 1.23824e+16	9.75e-01	2.49e-02	2.72e-13	0.00e+00	0.00e+00	0.00e+00	0.00e+00	0.00e+00	0.00e+00	8.15e-01	1.02e-01	5.83e-02
 1.23839e+16	9.76e-01	2.40e-02	2.62e-13	0.00e+00	0.00e+00	0.00e+00	0.00e+00	0.00e+00	0.00e+00	8.15e-01	1.03e-01	5.85e-02
 1.23853e+16	9.77e-01	2.31e-02	2.51e-13	0.00e+00	0.00e+00	0.00e+00	0.00e+00	0.00e+00	0.00e+00	8.15e-01	1.03e-01	5.87e-02
 1.23867e+16	9.78e-01	2.23e-02	2.41e-13	0.00e+00	0.00e+00	0.00e+00	0.00e+00	0.00e+00	0.00e+00	8.14e-01	1.04e-01	5.89e-02
 1.23880e+16	9.79e-01	2.14e-02	2.31e-13	0.00e+00	0.00e+00	0.00e+00	0.00e+00	0.00e+00	0.00e+00	8.14e-01	1.05e-01	5.92e-02
 1.23893e+16	9.79e-01	2.06e-02	2.21e-13	0.00e+00	0.00e+00	0.00e+00	0.00e+00	0.00e+00	0.00e+00	8.13e-01	1.07e-01	5.94e-02
 1.23905e+16	9.80e-01	1.98e-02	2.10e-13	0.00e+00	0.00e+00	0.00e+00	0.00e+00	0.00e+00	0.00e+00	8.13e-01	1.08e-01	5.97e-02
 1.23916e+16	9.81e-01	1.89e-02	2.00e-13	0.00e+00	0.00e+00	0.00e+00	0.00e+00	0.00e+00	0.00e+00	8.12e-01	1.09e-01	6.00e-02
 1.23928e+16	9.82e-01	1.81e-02	1.90e-13	0.00e+00	0.00e+00	0.00e+00	0.00e+00	0.00e+00	0.00e+00	8.11e-01	1.11e-01	6.04e-02
 1.23939e+16	9.83e-01	1.73e-02	1.79e-13	0.00e+00	0.00e+00	0.00e+00	0.00e+00	0.00e+00	0.00e+00	8.09e-01	1.13e-01	6.08e-02
 1.23949e+16	9.84e-01	1.65e-02	1.69e-13	0.00e+00	0.00e+00	0.00e+00	0.00e+00	0.00e+00	0.00e+00	8.08e-01	1.14e-01	6.12e-02
 1.23958e+16	9.84e-01	1.57e-02	1.59e-13	0.00e+00	0.00e+00	0.00e+00	0.00e+00	0.00e+00	0.00e+00	8.06e-01	1.16e-01	6.16e-02
 1.23966e+16	9.85e-01	1.50e-02	1.50e-13	0.00e+00	0.00e+00	0.00e+00	0.00e+00	0.00e+00	0.00e+00	8.05e-01	1.18e-01	6.21e-02
 1.23973e+16	9.86e-01	1.44e-02	1.42e-13	0.00e+00	0.00e+00	0.00e+00	0.00e+00	0.00e+00	0.00e+00	8.03e-01	1.20e-01	6.25e-02
 1.23980e+16	9.86e-01	1.37e-02	1.34e-13	0.00e+00	0.00e+00	0.00e+00	0.00e+00	0.00e+00	0.00e+00	8.01e-01	1.22e-01	6.29e-02
 1.23986e+16	9.87e-01	1.32e-02	1.26e-13	0.00e+00	0.00e+00	0.00e+00	0.00e+00	0.00e+00	0.00e+00	7.99e-01	1.24e-01	6.33e-02
 1.23991e+16	9.87e-01	1.26e-02	1.19e-13	0.00e+00	0.00e+00	0.00e+00	0.00e+00	0.00e+00	0.00e+00	7.98e-01	1.26e-01	6.37e-02
 1.23996e+16	9.88e-01	1.21e-02	1.12e-13	0.00e+00	0.00e+00	0.00e+00	0.00e+00	0.00e+00	0.00e+00	7.96e-01	1.28e-01	6.41e-02
 1.24001e+16	9.88e-01	1.16e-02	1.06e-13	0.00e+00	0.00e+00	0.00e+00	0.00e+00	0.00e+00	0.00e+00	7.94e-01	1.30e-01	6.45e-02
 1.24005e+16	9.89e-01	1.12e-02	1.01e-13	0.00e+00	0.00e+00	0.00e+00	0.00e+00	0.00e+00	0.00e+00	7.92e-01	1.32e-01	6.48e-02
 1.24008e+16	9.89e-01	1.08e-02	9.55e-14	0.00e+00	0.00e+00	0.00e+00	0.00e+00	0.00e+00	0.00e+00	7.91e-01	1.33e-01	6.52e-02
 1.24012e+16	9.90e-01	1.05e-02	9.13e-14	0.00e+00	0.00e+00	0.00e+00	0.00e+00	0.00e+00	0.00e+00	7.89e-01	1.35e-01	6.54e-02
 1.24015e+16	9.90e-01	1.01e-02	8.71e-14	0.00e+00	0.00e+00	0.00e+00	0.00e+00	0.00e+00	0.00e+00	7.88e-01	1.36e-01	6.57e-02
 1.24018e+16	9.90e-01	9.83e-03	8.35e-14	0.00e+00	0.00e+00	0.00e+00	0.00e+00	0.00e+00	0.00e+00	7.86e-01	1.38e-01	6.59e-02
 1.24020e+16	9.90e-01	9.56e-03	8.01e-14	0.00e+00	0.00e+00	0.00e+00	0.00e+00	0.00e+00	0.00e+00	7.85e-01	1.39e-01	6.62e-02
 1.24022e+16	9.91e-01	9.32e-03	7.72e-14	0.00e+00	0.00e+00	0.00e+00	0.00e+00	0.00e+00	0.00e+00	7.84e-01	1.40e-01	6.63e-02
 1.24025e+16	9.91e-01	9.09e-03	7.43e-14	0.00e+00	0.00e+00	0.00e+00	0.00e+00	0.00e+00	0.00e+00	7.83e-01	1.41e-01	6.65e-02
 1.24027e+16	9.91e-01	8.84e-03	7.14e-14	0.00e+00	0.00e+00	0.00e+00	0.00e+00	0.00e+00	0.00e+00	7.82e-01	1.43e-01	6.67e-02
 1.24029e+16	9.91e-01	8.58e-03	6.83e-14	0.00e+00	0.00e+00	0.00e+00	0.00e+00	0.00e+00	0.00e+00	7.80e-01	1.44e-01	6.70e-02
 1.24032e+16	9.92e-01	8.35e-03	6.55e-14	0.00e+00	0.00e+00	0.00e+00	0.00e+00	0.00e+00	0.00e+00	7.79e-01	1.45e-01	6.71e-02
 1.24034e+16	9.92e-01	8.15e-03	6.32e-14	0.00e+00	0.00e+00	0.00e+00	0.00e+00	0.00e+00	0.00e+00	7.78e-01	1.46e-01	6.73e-02
 1.24036e+16	9.92e-01	7.94e-03	6.07e-14	0.00e+00	0.00e+00	0.00e+00	0.00e+00	0.00e+00	0.00e+00	7.77e-01	1.48e-01	6.75e-02
 1.24039e+16	9.92e-01	7.65e-03	5.74e-14	0.00e+00	0.00e+00	0.00e+00	0.00e+00	0.00e+00	0.00e+00	7.75e-01	1.49e-01	6.77e-02
 1.24042e+16	9.93e-01	7.37e-03	5.43e-14	0.00e+00	0.00e+00	0.00e+00	0.00e+00	0.00e+00	0.00e+00	7.74e-01	1.51e-01	6.79e-02
