#depth	H	H+	H2
 1.44324e+11	3.20e-03	9.97e-01	1.51e-11
 8.65946e+11	3.20e-03	9.97e-01	1.52e-11
 3.75243e+12	3.20e-03	9.97e-01	1.52e-11
 1.52984e+13	3.21e-03	9.97e-01	1.53e-11
 3.65429e+13	3.19e-03	9.97e-01	1.53e-11
 6.41608e+13	3.17e-03	9.97e-01	1.52e-11
 1.00064e+14	3.15e-03	9.97e-01	1.52e-11
 1.46738e+14	3.14e-03	9.97e-01	1.51e-11
 2.07415e+14	3.11e-03	9.97e-01	1.51e-11
 2.86294e+14	3.09e-03	9.97e-01	1.50e-11
 3.88838e+14	3.06e-03	9.97e-01	1.49e-11
 5.22144e+14	3.02e-03	9.97e-01	1.48e-11
 6.95442e+14	2.97e-03	9.97e-01	1.45e-11
 8.59463e+14	2.87e-03	9.97e-01	1.39e-11
 9.79722e+14	2.81e-03	9.97e-01	1.34e-11
 1.10436e+15	2.78e-03	9.97e-01	1.31e-11
 1.26638e+15	2.73e-03	9.97e-01	1.28e-11
 1.47701e+15	2.68e-03	9.97e-01	1.25e-11
 1.75084e+15	2.63e-03	9.97e-01	1.22e-11
 2.01629e+15	2.53e-03	9.97e-01	1.16e-11
 2.20496e+15	2.47e-03	9.98e-01	1.09e-11
 2.35887e+15	2.43e-03	9.98e-01	1.06e-11
 2.50808e+15	2.39e-03	9.98e-01	1.03e-11
 2.65257e+15	2.35e-03	9.98e-01	9.99e-12
 2.81632e+15	2.32e-03	9.98e-01	9.66e-12
 2.98999e+15	2.25e-03	9.98e-01	9.20e-12
 3.13485e+15	2.19e-03	9.98e-01	8.66e-12
 3.25801e+15	2.14e-03	9.98e-01	8.22e-12
 3.39470e+15	2.09e-03	9.98e-01	7.81e-12
 3.57238e+15	2.04e-03	9.98e-01	7.40e-12
 3.79787e+15	2.16e-03	9.98e-01	8.22e-12
 3.97799e+15	2.28e-03	9.98e-01	9.24e-12
 4.05950e+15	2.33e-03	9.98e-01	9.69e-12
 4.11178e+15	2.37e-03	9.98e-01	1.01e-11
 4.17119e+15	2.43e-03	9.98e-01	1.06e-11
 4.24843e+15	2.51e-03	9.97e-01	1.15e-11
 4.33307e+15	2.63e-03	9.97e-01	1.28e-11
 4.40378e+15	2.76e-03	9.97e-01	1.43e-11
 4.45543e+15	2.88e-03	9.97e-01	1.59e-11
 4.49711e+15	3.00e-03	9.97e-01	1.74e-11
 4.54258e+15	3.14e-03	9.97e-01	1.92e-11
 4.59170e+15	3.31e-03	9.97e-01	2.17e-11
 4.63251e+15	3.48e-03	9.97e-01	2.44e-11
 4.66381e+15	3.62e-03	9.96e-01	2.69e-11
 4.69144e+15	3.76e-03	9.96e-01	2.92e-11
 4.72298e+15	3.91e-03	9.96e-01	3.21e-11
 4.75716e+15	4.10e-03	9.96e-01	3.56e-11
 4.78619e+15	4.27e-03	9.96e-01	3.92e-11
 4.80962e+15	4.41e-03	9.96e-01	4.22e-11
 4.83436e+15	4.56e-03	9.95e-01	4.55e-11
 4.86208e+15	4.73e-03	9.95e-01	4.95e-11
 4.88720e+15	4.90e-03	9.95e-01	5.37e-11
 4.90865e+15	5.04e-03	9.95e-01	5.75e-11
 4.93178e+15	5.20e-03	9.95e-01	6.16e-11
 4.96185e+15	5.40e-03	9.95e-01	6.72e-11
 4.99249e+15	5.62e-03	9.94e-01	7.37e-11
 5.01729e+15	5.80e-03	9.94e-01	7.95e-11
 5.04299e+15	5.97e-03	9.94e-01	8.47e-11
 5.07639e+15	6.15e-03	9.94e-01	9.05e-11
 5.11981e+15	6.34e-03	9.94e-01	9.66e-11
 5.17626e+15	6.53e-03	9.93e-01	1.02e-10
 5.24964e+15	6.75e-03	9.93e-01	1.08e-10
 5.34504e+15	7.01e-03	9.93e-01	1.14e-10
 5.46906e+15	7.34e-03	9.93e-01	1.21e-10
 5.63028e+15	7.80e-03	9.92e-01	1.31e-10
 5.81640e+15	8.45e-03	9.92e-01	1.45e-10
 5.99053e+15	9.20e-03	9.91e-01	1.61e-10
 6.13596e+15	9.89e-03	9.90e-01	1.76e-10
 6.26476e+15	1.05e-02	9.89e-01	1.89e-10
 6.38824e+15	1.11e-02	9.89e-01	2.00e-10
 6.50781e+15	1.18e-02	9.88e-01	2.11e-10
 6.62201e+15	1.24e-02	9.88e-01	2.22e-10
 6.73069e+15	1.30e-02	9.87e-01	2.31e-10
 6.83492e+15	1.36e-02	9.86e-01	2.40e-10
 6.93795e+15	1.42e-02	9.86e-01	2.47e-10
 7.03943e+15	1.48e-02	9.85e-01	2.54e-10
 7.13632e+15	1.54e-02	9.85e-01	2.60e-10
 7.22978e+15	1.60e-02	9.84e-01	2.64e-10
 7.32182e+15	1.65e-02	9.83e-01	2.67e-10
 7.41326e+15	1.71e-02	9.83e-01	2.68e-10
 7.50422e+15	1.77e-02	9.82e-01	2.68e-10
 7.59491e+15	1.82e-02	9.82e-01	2.67e-10
 7.68571e+15	1.88e-02	9.81e-01	2.63e-10
 7.77710e+15	1.94e-02	9.81e-01	2.56e-10
 7.86953e+15	2.00e-02	9.80e-01	2.46e-10
 7.96338e+15	2.07e-02	9.79e-01	2.33e-10
 8.05896e+15	2.14e-02	9.79e-01	2.16e-10
 8.15661e+15	2.22e-02	9.78e-01	1.97e-10
 8.25666e+15	2.30e-02	9.77e-01	1.76e-10
 8.35934e+15	2.39e-02	9.76e-01	1.55e-10
 8.46482e+15	2.49e-02	9.75e-01	1.34e-10
 8.57313e+15	2.60e-02	9.74e-01	1.14e-10
 8.68442e+15	2.72e-02	9.73e-01	9.66e-11
 8.79876e+15	2.86e-02	9.71e-01	8.17e-11
 8.91593e+15	3.01e-02	9.70e-01	6.93e-11
 9.03572e+15	3.18e-02	9.68e-01	5.90e-11
 9.15788e+15	3.37e-02	9.66e-01	5.06e-11
 9.28207e+15	3.58e-02	9.64e-01	4.39e-11
 9.40802e+15	3.82e-02	9.62e-01	3.86e-11
 9.53531e+15	4.09e-02	9.59e-01	3.44e-11
 9.66327e+15	4.39e-02	9.56e-01	3.11e-11
 9.79138e+15	4.73e-02	9.53e-01	2.85e-11
 9.91918e+15	5.10e-02	9.49e-01	2.64e-11
 1.00458e+16	5.52e-02	9.45e-01	2.49e-11
 1.01713e+16	5.99e-02	9.40e-01	2.37e-11
 1.02957e+16	6.51e-02	9.35e-01	2.28e-11
 1.04184e+16	7.10e-02	9.29e-01	2.22e-11
 1.05391e+16	7.76e-02	9.22e-01	2.19e-11
 1.06577e+16	8.50e-02	9.15e-01	2.17e-11
 1.07740e+16	9.35e-02	9.07e-01	2.18e-11
 1.08881e+16	1.03e-01	8.97e-01	2.20e-11
 1.10000e+16	1.14e-01	8.86e-01	2.25e-11
 1.11101e+16	1.27e-01	8.73e-01	2.33e-11
 1.12184e+16	1.42e-01	8.58e-01	2.44e-11
 1.13258e+16	1.59e-01	8.41e-01	2.59e-11
 1.14331e+16	1.81e-01	8.19e-01	2.82e-11
 1.15412e+16	2.08e-01	7.92e-01	3.14e-11
 1.16523e+16	2.44e-01	7.56e-01	3.67e-11
 1.17564e+16	2.90e-01	7.10e-01	4.58e-11
 1.18324e+16	3.38e-01	6.62e-01	5.91e-11
 1.18768e+16	3.73e-01	6.27e-01	7.14e-11
 1.19040e+16	3.96e-01	6.04e-01	8.07e-11
 1.19270e+16	4.17e-01	5.83e-01	8.94e-11
 1.19518e+16	4.41e-01	5.59e-01	1.00e-10
 1.19775e+16	4.67e-01	5.33e-01	1.15e-10
 1.19998e+16	4.93e-01	5.07e-01	1.32e-10
 1.20177e+16	5.15e-01	4.85e-01	1.48e-10
 1.20326e+16	5.34e-01	4.66e-01	1.64e-10
 1.20445e+16	5.49e-01	4.51e-01	1.79e-10
 1.20533e+16	5.61e-01	4.39e-01	1.91e-10
 1.20616e+16	5.72e-01	4.28e-01	2.03e-10
 1.20706e+16	5.85e-01	4.15e-01	2.18e-10
 1.20801e+16	5.98e-01	4.02e-01	2.35e-10
 1.20892e+16	6.11e-01	3.89e-01	2.54e-10
 1.20978e+16	6.24e-01	3.76e-01	2.73e-10
 1.21059e+16	6.36e-01	3.64e-01	2.94e-10
 1.21139e+16	6.48e-01	3.52e-01	3.16e-10
 1.21219e+16	6.60e-01	3.40e-01	3.40e-10
 1.21297e+16	6.72e-01	3.28e-01	3.67e-10
 1.21372e+16	6.83e-01	3.17e-01	3.96e-10
 1.21445e+16	6.94e-01	3.06e-01	4.27e-10
 1.21517e+16	7.05e-01	2.95e-01	4.60e-10
 1.21588e+16	7.16e-01	2.84e-01	4.96e-10
 1.21657e+16	7.27e-01	2.73e-01	5.35e-10
 1.21725e+16	7.37e-01	2.63e-01	5.77e-10
 1.21791e+16	7.47e-01	2.53e-01	6.22e-10
 1.21856e+16	7.57e-01	2.43e-01	6.71e-10
 1.21920e+16	7.66e-01	2.34e-01	7.25e-10
 1.21982e+16	7.75e-01	2.25e-01	7.82e-10
 1.22044e+16	7.84e-01	2.16e-01	8.44e-10
 1.22104e+16	7.93e-01	2.07e-01	9.10e-10
 1.22162e+16	8.01e-01	1.99e-01	9.81e-10
 1.22218e+16	8.09e-01	1.91e-01	1.06e-09
 1.22273e+16	8.17e-01	1.83e-01	1.13e-09
 1.22326e+16	8.24e-01	1.76e-01	1.22e-09
 1.22379e+16	8.31e-01	1.69e-01	1.31e-09
 1.22430e+16	8.37e-01	1.63e-01	1.41e-09
 1.22480e+16	8.44e-01	1.56e-01	1.51e-09
 1.22530e+16	8.50e-01	1.50e-01	1.62e-09
 1.22578e+16	8.56e-01	1.44e-01	1.73e-09
 1.22624e+16	8.61e-01	1.39e-01	1.86e-09
 1.22671e+16	8.67e-01	1.33e-01	1.99e-09
 1.22717e+16	8.72e-01	1.28e-01	2.13e-09
 1.22761e+16	8.77e-01	1.23e-01	2.28e-09
 1.22805e+16	8.82e-01	1.18e-01	2.44e-09
 1.22848e+16	8.87e-01	1.13e-01	2.61e-09
 1.22890e+16	8.91e-01	1.09e-01	2.79e-09
 1.22931e+16	8.95e-01	1.05e-01	2.99e-09
 1.22972e+16	9.00e-01	1.00e-01	3.21e-09
 1.23013e+16	9.04e-01	9.64e-02	3.44e-09
 1.23052e+16	9.07e-01	9.26e-02	3.68e-09
 1.23091e+16	9.11e-01	8.89e-02	3.94e-09
 1.23129e+16	9.15e-01	8.54e-02	4.22e-09
 1.23166e+16	9.18e-01	8.21e-02	4.53e-09
 1.23203e+16	9.21e-01	7.88e-02	4.87e-09
 1.23240e+16	9.24e-01	7.56e-02	5.24e-09
 1.23275e+16	9.27e-01	7.27e-02	5.64e-09
 1.23309e+16	9.30e-01	6.98e-02	6.06e-09
 1.23344e+16	9.33e-01	6.71e-02	6.54e-09
 1.23377e+16	9.36e-01	6.44e-02	7.06e-09
 1.23410e+16	9.38e-01	6.18e-02	7.64e-09
 1.23441e+16	9.41e-01	5.95e-02	8.23e-09
 1.23473e+16	9.43e-01	5.70e-02	9.00e-09
 1.23503e+16	9.45e-01	5.47e-02	9.80e-09
 1.23533e+16	9.48e-01	5.25e-02	1.07e-08
 1.23561e+16	9.50e-01	5.04e-02	1.17e-08
 1.23589e+16	9.52e-01	4.84e-02	1.28e-08
 1.23617e+16	9.54e-01	4.64e-02	1.41e-08
 1.23643e+16	9.55e-01	4.45e-02	1.55e-08
 1.23669e+16	9.57e-01	4.27e-02	1.70e-08
 1.23693e+16	9.59e-01	4.10e-02	1.88e-08
 1.23716e+16	9.61e-01	3.94e-02	2.08e-08
 1.23736e+16	9.62e-01	3.80e-02	2.29e-08
 1.23756e+16	9.63e-01	3.66e-02	2.52e-08
 1.23774e+16	9.65e-01	3.53e-02	2.77e-08
 1.23792e+16	9.66e-01	3.40e-02	3.05e-08
 1.23808e+16	9.67e-01	3.28e-02	3.35e-08
 1.23824e+16	9.68e-01	3.17e-02	3.67e-08
 1.23839e+16	9.69e-01	3.05e-02	4.03e-08
 1.23853e+16	9.71e-01	2.95e-02	4.41e-08
 1.23867e+16	9.72e-01	2.84e-02	4.83e-08
 1.23880e+16	9.73e-01	2.74e-02	5.28e-08
 1.23893e+16	9.74e-01	2.63e-02	5.75e-08
 1.23905e+16	9.75e-01	2.53e-02	6.26e-08
 1.23916e+16	9.76e-01	2.43e-02	6.76e-08
 1.23928e+16	9.77e-01	2.33e-02	7.29e-08
 1.23939e+16	9.78e-01	2.23e-02	7.82e-08
 1.23949e+16	9.79e-01	2.13e-02	8.35e-08
 1.23958e+16	9.80e-01	2.04e-02	8.83e-08
 1.23966e+16	9.81e-01	1.95e-02	9.30e-08
 1.23973e+16	9.81e-01	1.87e-02	9.77e-08
 1.23980e+16	9.82e-01	1.79e-02	1.02e-07
 1.23986e+16	9.83e-01	1.72e-02	1.07e-07
 1.23991e+16	9.84e-01	1.65e-02	1.11e-07
 1.23996e+16	9.84e-01	1.59e-02	1.16e-07
 1.24001e+16	9.85e-01	1.53e-02	1.21e-07
 1.24005e+16	9.85e-01	1.47e-02	1.25e-07
 1.24008e+16	9.86e-01	1.43e-02	1.30e-07
 1.24012e+16	9.86e-01	1.38e-02	1.34e-07
 1.24015e+16	9.87e-01	1.34e-02	1.39e-07
 1.24018e+16	9.87e-01	1.31e-02	1.43e-07
 1.24020e+16	9.87e-01	1.27e-02	1.47e-07
 1.24022e+16	9.88e-01	1.24e-02	1.52e-07
 1.24025e+16	9.88e-01	1.21e-02	1.56e-07
 1.24027e+16	9.88e-01	1.18e-02	1.60e-07
 1.24029e+16	9.88e-01	1.15e-02	1.66e-07
 1.24032e+16	9.89e-01	1.12e-02	1.71e-07
 1.24034e+16	9.89e-01	1.10e-02	1.76e-07
 1.24036e+16	9.89e-01	1.07e-02	1.81e-07
 1.24039e+16	9.90e-01	1.03e-02	1.89e-07
 1.24042e+16	9.90e-01	9.98e-03	1.97e-07
