#depth	He	He+	He+2
 3.52785e+12	6.23e-05	1.25e-01	8.75e-01
 2.11671e+13	6.22e-05	1.25e-01	8.75e-01
 9.17240e+13	6.25e-05	1.26e-01	8.74e-01
 3.73952e+14	6.36e-05	1.27e-01	8.73e-01
 8.93251e+14	6.43e-05	1.28e-01	8.72e-01
 1.56834e+15	6.63e-05	1.31e-01	8.69e-01
 2.44596e+15	6.98e-05	1.36e-01	8.64e-01
 3.58686e+15	7.57e-05	1.44e-01	8.56e-01
 5.07003e+15	8.57e-05	1.59e-01	8.41e-01
 6.99815e+15	1.03e-04	1.85e-01	8.15e-01
 9.00760e+15	1.28e-04	2.21e-01	7.79e-01
 1.06545e+16	1.58e-04	2.65e-01	7.35e-01
 1.19957e+16	1.91e-04	3.12e-01	6.88e-01
 1.31863e+16	2.29e-04	3.65e-01	6.34e-01
 1.43341e+16	2.75e-04	4.28e-01	5.71e-01
 1.54675e+16	3.30e-04	5.02e-01	4.98e-01
 1.65891e+16	3.93e-04	5.85e-01	4.15e-01
 1.75822e+16	4.55e-04	6.62e-01	3.38e-01
 1.84331e+16	5.10e-04	7.27e-01	2.73e-01
 1.93921e+16	5.68e-04	7.92e-01	2.07e-01
 2.06388e+16	6.36e-04	8.61e-01	1.38e-01
 2.22595e+16	7.05e-04	9.21e-01	7.83e-02
 2.43343e+16	7.67e-04	9.62e-01	3.71e-02
 2.67678e+16	8.21e-04	9.83e-01	1.59e-02
 2.94445e+16	8.70e-04	9.92e-01	6.66e-03
 3.23890e+16	9.20e-04	9.96e-01	2.75e-03
 3.56279e+16	9.77e-04	9.98e-01	1.12e-03
 3.91907e+16	1.04e-03	9.99e-01	4.50e-04
 4.31097e+16	1.12e-03	9.99e-01	1.80e-04
 4.74207e+16	1.21e-03	9.99e-01	7.25e-05
 5.17912e+16	1.32e-03	9.99e-01	3.20e-05
 5.58046e+16	1.43e-03	9.99e-01	1.64e-05
 5.85045e+16	1.52e-03	9.98e-01	1.11e-05
 5.97977e+16	1.57e-03	9.98e-01	9.31e-06
 6.09346e+16	1.61e-03	9.98e-01	7.86e-06
 6.24126e+16	1.67e-03	9.98e-01	6.36e-06
 6.43340e+16	1.75e-03	9.98e-01	4.87e-06
 6.63166e+16	1.84e-03	9.98e-01	3.79e-06
 6.79048e+16	1.92e-03	9.98e-01	3.13e-06
 6.92551e+16	1.99e-03	9.98e-01	2.66e-06
 7.07701e+16	2.08e-03	9.98e-01	2.21e-06
 7.24420e+16	2.18e-03	9.98e-01	1.82e-06
 7.39442e+16	2.29e-03	9.98e-01	1.55e-06
 7.52570e+16	2.39e-03	9.98e-01	1.34e-06
 7.66854e+16	2.51e-03	9.97e-01	1.14e-06
 7.82094e+16	2.65e-03	9.97e-01	9.75e-07
 7.95403e+16	2.79e-03	9.97e-01	8.51e-07
 8.07259e+16	2.93e-03	9.97e-01	7.55e-07
 8.18338e+16	3.06e-03	9.97e-01	6.76e-07
 8.28429e+16	3.20e-03	9.97e-01	6.11e-07
 8.37806e+16	3.34e-03	9.97e-01	5.57e-07
 8.46998e+16	3.48e-03	9.97e-01	5.09e-07
 8.56191e+16	3.64e-03	9.96e-01	4.66e-07
 8.65383e+16	3.81e-03	9.96e-01	4.26e-07
 8.74576e+16	4.00e-03	9.96e-01	3.91e-07
 8.83768e+16	4.20e-03	9.96e-01	3.58e-07
 8.92961e+16	4.43e-03	9.96e-01	3.28e-07
 9.02153e+16	4.68e-03	9.95e-01	3.01e-07
 9.11346e+16	4.96e-03	9.95e-01	2.77e-07
 9.17598e+16	5.16e-03	9.95e-01	2.64e-07
