#depth	H	H+	H2
 3.52785e+12	9.62e-04	9.99e-01	1.91e-14
 2.11671e+13	9.61e-04	9.99e-01	1.91e-14
 9.17240e+13	9.60e-04	9.99e-01	1.91e-14
 3.73952e+14	9.57e-04	9.99e-01	1.93e-14
 8.93251e+14	9.38e-04	9.99e-01	1.93e-14
 1.56834e+15	9.24e-04	9.99e-01	1.95e-14
 2.44596e+15	9.13e-04	9.99e-01	1.99e-14
 3.58686e+15	9.05e-04	9.99e-01	2.05e-14
 5.07003e+15	9.02e-04	9.99e-01	2.15e-14
 6.99815e+15	9.07e-04	9.99e-01	2.31e-14
 9.00760e+15	9.07e-04	9.99e-01	2.47e-14
 1.06545e+16	9.15e-04	9.99e-01	2.63e-14
 1.19957e+16	9.29e-04	9.99e-01	2.80e-14
 1.31863e+16	9.47e-04	9.99e-01	2.98e-14
 1.43341e+16	9.69e-04	9.99e-01	3.20e-14
 1.54675e+16	9.95e-04	9.99e-01	3.44e-14
 1.65891e+16	1.02e-03	9.99e-01	3.72e-14
 1.75822e+16	1.05e-03	9.99e-01	4.00e-14
 1.84331e+16	1.08e-03	9.99e-01	4.28e-14
 1.93921e+16	1.11e-03	9.99e-01	4.60e-14
 2.06388e+16	1.16e-03	9.99e-01	5.06e-14
 2.22595e+16	1.22e-03	9.99e-01	5.63e-14
 2.43343e+16	1.29e-03	9.99e-01	6.35e-14
 2.67678e+16	1.36e-03	9.99e-01	7.17e-14
 2.94445e+16	1.45e-03	9.99e-01	8.11e-14
 3.23890e+16	1.56e-03	9.98e-01	9.24e-14
 3.56279e+16	1.70e-03	9.98e-01	1.06e-13
 3.91907e+16	1.87e-03	9.98e-01	1.25e-13
 4.31097e+16	2.08e-03	9.98e-01	1.48e-13
 4.74207e+16	2.37e-03	9.98e-01	1.81e-13
 5.17912e+16	2.73e-03	9.97e-01	2.23e-13
 5.58046e+16	3.13e-03	9.97e-01	2.74e-13
 5.85045e+16	3.47e-03	9.97e-01	3.19e-13
 5.97977e+16	3.65e-03	9.96e-01	3.43e-13
 6.09346e+16	3.81e-03	9.96e-01	3.65e-13
 6.24126e+16	4.03e-03	9.96e-01	3.96e-13
 6.43340e+16	4.35e-03	9.96e-01	4.42e-13
 6.63166e+16	4.72e-03	9.95e-01	4.97e-13
 6.79048e+16	5.05e-03	9.95e-01	5.48e-13
 6.92551e+16	5.36e-03	9.95e-01	5.96e-13
 7.07701e+16	5.73e-03	9.94e-01	6.58e-13
 7.24420e+16	6.18e-03	9.94e-01	7.31e-13
 7.39442e+16	6.64e-03	9.93e-01	8.10e-13
 7.52570e+16	7.08e-03	9.93e-01	8.88e-13
 7.66854e+16	7.61e-03	9.92e-01	9.83e-13
 7.82094e+16	8.22e-03	9.92e-01	1.10e-12
 7.95403e+16	8.83e-03	9.91e-01	1.21e-12
 8.07259e+16	9.42e-03	9.91e-01	1.33e-12
 8.18338e+16	1.00e-02	9.90e-01	1.45e-12
 8.28429e+16	1.06e-02	9.89e-01	1.58e-12
 8.37806e+16	1.13e-02	9.89e-01	1.71e-12
 8.46998e+16	1.19e-02	9.88e-01	1.85e-12
 8.56191e+16	1.26e-02	9.87e-01	2.00e-12
 8.65383e+16	1.34e-02	9.87e-01	2.18e-12
 8.74576e+16	1.43e-02	9.86e-01	2.38e-12
 8.83768e+16	1.52e-02	9.85e-01	2.60e-12
 8.92961e+16	1.63e-02	9.84e-01	2.85e-12
 9.02153e+16	1.74e-02	9.83e-01	3.14e-12
 9.11346e+16	1.88e-02	9.81e-01	3.47e-12
 9.17598e+16	1.99e-02	9.80e-01	3.74e-12
