#depth	O	O+	O+2	O+3	O+4	O+5	O+6	O+7	O+8	O[1]	O[2]	O[3]
 3.52785e+12	5.77e-07	1.02e-03	2.52e-01	7.15e-01	3.22e-02	2.82e-06	0.00e+00	0.00e+00	0.00e+00	4.37e-07	8.86e-08	5.10e-08
 2.11671e+13	5.76e-07	1.02e-03	2.52e-01	7.15e-01	3.22e-02	2.81e-06	0.00e+00	0.00e+00	0.00e+00	4.36e-07	8.84e-08	5.09e-08
 9.17240e+13	5.78e-07	1.03e-03	2.53e-01	7.14e-01	3.19e-02	2.79e-06	0.00e+00	0.00e+00	0.00e+00	4.38e-07	8.87e-08	5.11e-08
 3.73952e+14	5.87e-07	1.05e-03	2.59e-01	7.09e-01	3.10e-02	2.68e-06	0.00e+00	0.00e+00	0.00e+00	4.45e-07	9.01e-08	5.19e-08
 8.93251e+14	5.83e-07	1.06e-03	2.67e-01	7.02e-01	2.96e-02	2.52e-06	0.00e+00	0.00e+00	0.00e+00	4.42e-07	8.95e-08	5.16e-08
 1.56834e+15	5.94e-07	1.10e-03	2.79e-01	6.92e-01	2.78e-02	2.31e-06	0.00e+00	0.00e+00	0.00e+00	4.50e-07	9.12e-08	5.26e-08
 2.44596e+15	6.18e-07	1.16e-03	2.95e-01	6.78e-01	2.56e-02	2.06e-06	0.00e+00	0.00e+00	0.00e+00	4.68e-07	9.48e-08	5.48e-08
 3.58686e+15	6.62e-07	1.26e-03	3.18e-01	6.58e-01	2.28e-02	1.76e-06	0.00e+00	0.00e+00	0.00e+00	5.01e-07	1.01e-07	5.87e-08
 5.07003e+15	7.38e-07	1.41e-03	3.52e-01	6.27e-01	1.94e-02	1.42e-06	0.00e+00	0.00e+00	0.00e+00	5.59e-07	1.13e-07	6.56e-08
 6.99815e+15	8.75e-07	1.65e-03	4.03e-01	5.79e-01	1.54e-02	1.04e-06	0.00e+00	0.00e+00	0.00e+00	6.63e-07	1.34e-07	7.79e-08
 9.00760e+15	1.04e-06	1.95e-03	4.66e-01	5.20e-01	1.17e-02	7.27e-07	0.00e+00	0.00e+00	0.00e+00	7.87e-07	1.59e-07	9.26e-08
 1.06545e+16	1.23e-06	2.27e-03	5.28e-01	4.61e-01	8.87e-03	5.13e-07	0.00e+00	0.00e+00	0.00e+00	9.31e-07	1.88e-07	1.10e-07
 1.19957e+16	1.44e-06	2.60e-03	5.86e-01	4.05e-01	6.77e-03	3.66e-07	0.00e+00	0.00e+00	0.00e+00	1.09e-06	2.20e-07	1.28e-07
 1.31863e+16	1.67e-06	2.95e-03	6.42e-01	3.50e-01	5.09e-03	2.58e-07	0.00e+00	0.00e+00	0.00e+00	1.27e-06	2.56e-07	1.49e-07
 1.43341e+16	1.95e-06	3.33e-03	6.99e-01	2.94e-01	3.68e-03	1.74e-07	0.00e+00	0.00e+00	0.00e+00	1.47e-06	2.98e-07	1.74e-07
 1.54675e+16	2.26e-06	3.74e-03	7.56e-01	2.38e-01	2.53e-03	0.00e+00	0.00e+00	0.00e+00	0.00e+00	1.71e-06	3.46e-07	2.03e-07
 1.65891e+16	2.63e-06	4.17e-03	8.09e-01	1.85e-01	1.63e-03	0.00e+00	0.00e+00	0.00e+00	0.00e+00	1.99e-06	4.01e-07	2.35e-07
 1.75822e+16	2.97e-06	4.55e-03	8.52e-01	1.42e-01	1.05e-03	0.00e+00	0.00e+00	0.00e+00	0.00e+00	2.25e-06	4.52e-07	2.65e-07
 1.84331e+16	3.29e-06	4.88e-03	8.84e-01	1.10e-01	6.83e-04	0.00e+00	0.00e+00	0.00e+00	0.00e+00	2.50e-06	5.00e-07	2.95e-07
 1.93921e+16	3.67e-06	5.24e-03	9.14e-01	8.04e-02	4.04e-04	0.00e+00	0.00e+00	0.00e+00	0.00e+00	2.79e-06	5.57e-07	3.28e-07
 2.06388e+16	4.18e-06	5.66e-03	9.42e-01	5.20e-02	1.94e-04	0.00e+00	0.00e+00	0.00e+00	0.00e+00	3.17e-06	6.32e-07	3.73e-07
 2.22595e+16	4.80e-06	6.11e-03	9.65e-01	2.89e-02	7.21e-05	0.00e+00	0.00e+00	0.00e+00	0.00e+00	3.65e-06	7.24e-07	4.29e-07
 2.43343e+16	5.56e-06	6.58e-03	9.80e-01	1.37e-02	2.00e-05	0.00e+00	0.00e+00	0.00e+00	0.00e+00	4.23e-06	8.37e-07	4.97e-07
 2.67678e+16	6.47e-06	7.06e-03	9.87e-01	5.95e-03	4.67e-06	0.00e+00	0.00e+00	0.00e+00	0.00e+00	4.92e-06	9.74e-07	5.78e-07
 2.94445e+16	7.57e-06	7.56e-03	9.90e-01	2.55e-03	1.02e-06	0.00e+00	0.00e+00	0.00e+00	0.00e+00	5.75e-06	1.14e-06	6.76e-07
 3.23890e+16	8.98e-06	8.13e-03	9.91e-01	1.09e-03	2.14e-07	0.00e+00	0.00e+00	0.00e+00	0.00e+00	6.82e-06	1.35e-06	8.02e-07
 3.56279e+16	1.09e-05	8.82e-03	9.91e-01	4.79e-04	0.00e+00	0.00e+00	0.00e+00	0.00e+00	0.00e+00	8.26e-06	1.64e-06	9.72e-07
 3.91907e+16	1.35e-05	9.66e-03	9.90e-01	2.25e-04	0.00e+00	0.00e+00	0.00e+00	0.00e+00	0.00e+00	1.03e-05	2.04e-06	1.21e-06
 4.31097e+16	1.73e-05	1.07e-02	9.89e-01	1.20e-04	0.00e+00	0.00e+00	0.00e+00	0.00e+00	0.00e+00	1.31e-05	2.63e-06	1.55e-06
 4.74207e+16	2.32e-05	1.22e-02	9.88e-01	7.50e-05	0.00e+00	0.00e+00	0.00e+00	0.00e+00	0.00e+00	1.76e-05	3.53e-06	2.07e-06
 5.17912e+16	3.17e-05	1.40e-02	9.86e-01	5.53e-05	0.00e+00	0.00e+00	0.00e+00	0.00e+00	0.00e+00	2.40e-05	4.83e-06	2.84e-06
 5.58046e+16	4.32e-05	1.60e-02	9.84e-01	4.52e-05	0.00e+00	0.00e+00	0.00e+00	0.00e+00	0.00e+00	3.28e-05	6.59e-06	3.86e-06
 5.85045e+16	5.42e-05	1.78e-02	9.82e-01	4.03e-05	0.00e+00	0.00e+00	0.00e+00	0.00e+00	0.00e+00	4.11e-05	8.27e-06	4.84e-06
 5.97977e+16	6.06e-05	1.87e-02	9.81e-01	3.82e-05	0.00e+00	0.00e+00	0.00e+00	0.00e+00	0.00e+00	4.59e-05	9.24e-06	5.41e-06
 6.09346e+16	6.69e-05	1.96e-02	9.80e-01	3.65e-05	0.00e+00	0.00e+00	0.00e+00	0.00e+00	0.00e+00	5.07e-05	1.02e-05	5.97e-06
 6.24126e+16	7.62e-05	2.08e-02	9.79e-01	3.44e-05	0.00e+00	0.00e+00	0.00e+00	0.00e+00	0.00e+00	5.78e-05	1.16e-05	6.80e-06
 6.43340e+16	9.08e-05	2.26e-02	9.77e-01	3.20e-05	0.00e+00	0.00e+00	0.00e+00	0.00e+00	0.00e+00	6.89e-05	1.39e-05	8.09e-06
 6.63166e+16	1.10e-04	2.48e-02	9.75e-01	2.94e-05	0.00e+00	0.00e+00	0.00e+00	0.00e+00	0.00e+00	8.31e-05	1.67e-05	9.76e-06
 6.79048e+16	1.28e-04	2.67e-02	9.73e-01	2.75e-05	0.00e+00	0.00e+00	0.00e+00	0.00e+00	0.00e+00	9.72e-05	1.96e-05	1.14e-05
 6.92551e+16	1.47e-04	2.86e-02	9.71e-01	2.60e-05	0.00e+00	0.00e+00	0.00e+00	0.00e+00	0.00e+00	1.11e-04	2.24e-05	1.31e-05
 7.07701e+16	1.72e-04	3.09e-02	9.69e-01	2.43e-05	0.00e+00	0.00e+00	0.00e+00	0.00e+00	0.00e+00	1.31e-04	2.63e-05	1.53e-05
 7.24420e+16	2.06e-04	3.38e-02	9.66e-01	2.24e-05	0.00e+00	0.00e+00	0.00e+00	0.00e+00	0.00e+00	1.56e-04	3.14e-05	1.83e-05
 7.39442e+16	2.44e-04	3.68e-02	9.63e-01	2.07e-05	0.00e+00	0.00e+00	0.00e+00	0.00e+00	0.00e+00	1.85e-04	3.71e-05	2.16e-05
 7.52570e+16	2.83e-04	3.98e-02	9.60e-01	1.94e-05	0.00e+00	0.00e+00	0.00e+00	0.00e+00	0.00e+00	2.15e-04	4.32e-05	2.51e-05
 7.66854e+16	3.36e-04	4.34e-02	9.56e-01	1.80e-05	0.00e+00	0.00e+00	0.00e+00	0.00e+00	0.00e+00	2.55e-04	5.12e-05	2.98e-05
 7.82094e+16	4.04e-04	4.78e-02	9.52e-01	1.64e-05	0.00e+00	0.00e+00	0.00e+00	0.00e+00	0.00e+00	3.07e-04	6.16e-05	3.58e-05
 7.95403e+16	4.79e-04	5.22e-02	9.47e-01	1.51e-05	0.00e+00	0.00e+00	0.00e+00	0.00e+00	0.00e+00	3.64e-04	7.30e-05	4.24e-05
 8.07259e+16	5.60e-04	5.67e-02	9.43e-01	1.40e-05	0.00e+00	0.00e+00	0.00e+00	0.00e+00	0.00e+00	4.25e-04	8.53e-05	4.96e-05
 8.18338e+16	6.51e-04	6.14e-02	9.38e-01	1.30e-05	0.00e+00	0.00e+00	0.00e+00	0.00e+00	0.00e+00	4.94e-04	9.91e-05	5.76e-05
 8.28429e+16	7.50e-04	6.61e-02	9.33e-01	1.20e-05	0.00e+00	0.00e+00	0.00e+00	0.00e+00	0.00e+00	5.69e-04	1.14e-04	6.63e-05
 8.37806e+16	8.59e-04	7.10e-02	9.28e-01	1.12e-05	0.00e+00	0.00e+00	0.00e+00	0.00e+00	0.00e+00	6.52e-04	1.31e-04	7.59e-05
 8.46998e+16	9.84e-04	7.64e-02	9.23e-01	1.04e-05	0.00e+00	0.00e+00	0.00e+00	0.00e+00	0.00e+00	7.47e-04	1.50e-04	8.69e-05
 8.56191e+16	1.13e-03	8.22e-02	9.17e-01	9.67e-06	0.00e+00	0.00e+00	0.00e+00	0.00e+00	0.00e+00	8.58e-04	1.72e-04	9.97e-05
 8.65383e+16	1.31e-03	8.88e-02	9.10e-01	8.94e-06	0.00e+00	0.00e+00	0.00e+00	0.00e+00	0.00e+00	9.92e-04	1.99e-04	1.15e-04
 8.74576e+16	1.51e-03	9.62e-02	9.02e-01	8.20e-06	0.00e+00	0.00e+00	0.00e+00	0.00e+00	0.00e+00	1.15e-03	2.30e-04	1.34e-04
 8.83768e+16	1.77e-03	1.04e-01	8.94e-01	7.51e-06	0.00e+00	0.00e+00	0.00e+00	0.00e+00	0.00e+00	1.34e-03	2.68e-04	1.56e-04
 8.92961e+16	2.07e-03	1.14e-01	8.84e-01	6.81e-06	0.00e+00	0.00e+00	0.00e+00	0.00e+00	0.00e+00	1.57e-03	3.14e-04	1.82e-04
 9.02153e+16	2.44e-03	1.24e-01	8.73e-01	6.17e-06	0.00e+00	0.00e+00	0.00e+00	0.00e+00	0.00e+00	1.86e-03	3.71e-04	2.15e-04
 9.11346e+16	2.91e-03	1.36e-01	8.61e-01	5.52e-06	0.00e+00	0.00e+00	0.00e+00	0.00e+00	0.00e+00	2.21e-03	4.41e-04	2.56e-04
 9.17598e+16	3.31e-03	1.46e-01	8.51e-01	5.11e-06	0.00e+00	0.00e+00	0.00e+00	0.00e+00	0.00e+00	2.52e-03	5.02e-04	2.92e-04
