#depth	O	O+	O+2	O+3	O+4	O+5	O+6	O+7	O+8	O[1]	O[2]	O[3]
 4.05649e+11	3.03e-06	3.19e-03	3.01e-01	6.80e-01	1.51e-02	2.52e-07	0.00e+00	0.00e+00	0.00e+00	2.41e-06	3.98e-07	2.21e-07
 2.43390e+12	3.02e-06	3.19e-03	3.01e-01	6.80e-01	1.50e-02	2.52e-07	0.00e+00	0.00e+00	0.00e+00	2.40e-06	3.97e-07	2.21e-07
 1.05469e+13	3.03e-06	3.20e-03	3.02e-01	6.80e-01	1.50e-02	2.50e-07	0.00e+00	0.00e+00	0.00e+00	2.41e-06	3.98e-07	2.21e-07
 4.29988e+13	3.05e-06	3.23e-03	3.05e-01	6.77e-01	1.47e-02	2.44e-07	0.00e+00	0.00e+00	0.00e+00	2.43e-06	4.02e-07	2.23e-07
 1.02710e+14	3.05e-06	3.26e-03	3.09e-01	6.74e-01	1.42e-02	2.32e-07	0.00e+00	0.00e+00	0.00e+00	2.43e-06	4.02e-07	2.24e-07
 1.80336e+14	3.07e-06	3.30e-03	3.14e-01	6.69e-01	1.37e-02	2.20e-07	0.00e+00	0.00e+00	0.00e+00	2.44e-06	4.04e-07	2.25e-07
 2.81248e+14	3.11e-06	3.37e-03	3.22e-01	6.62e-01	1.30e-02	2.04e-07	0.00e+00	0.00e+00	0.00e+00	2.47e-06	4.08e-07	2.27e-07
 4.12435e+14	3.17e-06	3.47e-03	3.32e-01	6.53e-01	1.21e-02	1.85e-07	0.00e+00	0.00e+00	0.00e+00	2.52e-06	4.15e-07	2.30e-07
 5.82977e+14	3.26e-06	3.60e-03	3.45e-01	6.40e-01	1.11e-02	1.64e-07	0.00e+00	0.00e+00	0.00e+00	2.60e-06	4.25e-07	2.35e-07
 8.04682e+14	3.37e-06	3.77e-03	3.63e-01	6.23e-01	9.90e-03	1.40e-07	0.00e+00	0.00e+00	0.00e+00	2.69e-06	4.38e-07	2.42e-07
 1.09290e+15	3.55e-06	4.03e-03	3.88e-01	5.99e-01	8.53e-03	0.00e+00	0.00e+00	0.00e+00	0.00e+00	2.84e-06	4.60e-07	2.54e-07
 1.46758e+15	3.83e-06	4.39e-03	4.24e-01	5.65e-01	6.97e-03	0.00e+00	0.00e+00	0.00e+00	0.00e+00	3.06e-06	4.93e-07	2.71e-07
 1.95467e+15	4.20e-06	4.90e-03	4.73e-01	5.17e-01	5.33e-03	0.00e+00	0.00e+00	0.00e+00	0.00e+00	3.37e-06	5.40e-07	2.97e-07
 2.58788e+15	4.77e-06	5.63e-03	5.43e-01	4.48e-01	3.66e-03	0.00e+00	0.00e+00	0.00e+00	0.00e+00	3.82e-06	6.11e-07	3.36e-07
 3.22697e+15	5.22e-06	6.33e-03	6.16e-01	3.75e-01	2.43e-03	0.00e+00	0.00e+00	0.00e+00	0.00e+00	4.18e-06	6.69e-07	3.68e-07
 3.73900e+15	5.62e-06	6.93e-03	6.78e-01	3.14e-01	1.69e-03	0.00e+00	0.00e+00	0.00e+00	0.00e+00	4.50e-06	7.23e-07	3.99e-07
 4.26993e+15	6.18e-06	7.61e-03	7.41e-01	2.51e-01	1.09e-03	0.00e+00	0.00e+00	0.00e+00	0.00e+00	4.94e-06	7.98e-07	4.42e-07
 4.85463e+15	6.71e-06	8.29e-03	8.03e-01	1.88e-01	6.46e-04	0.00e+00	0.00e+00	0.00e+00	0.00e+00	5.35e-06	8.70e-07	4.83e-07
 5.42275e+15	7.25e-06	8.92e-03	8.56e-01	1.35e-01	3.61e-04	0.00e+00	0.00e+00	0.00e+00	0.00e+00	5.78e-06	9.45e-07	5.26e-07
 6.07484e+15	7.94e-06	9.61e-03	9.03e-01	8.75e-02	1.70e-04	0.00e+00	0.00e+00	0.00e+00	0.00e+00	6.33e-06	1.04e-06	5.79e-07
 6.76558e+15	8.57e-06	1.02e-02	9.36e-01	5.34e-02	7.33e-05	0.00e+00	0.00e+00	0.00e+00	0.00e+00	6.83e-06	1.12e-06	6.26e-07
 7.44214e+15	9.22e-06	1.08e-02	9.57e-01	3.19e-02	3.04e-05	0.00e+00	0.00e+00	0.00e+00	0.00e+00	7.34e-06	1.21e-06	6.73e-07
 8.18635e+15	9.89e-06	1.13e-02	9.71e-01	1.80e-02	1.14e-05	0.00e+00	0.00e+00	0.00e+00	0.00e+00	7.88e-06	1.29e-06	7.21e-07
 9.00499e+15	1.06e-05	1.18e-02	9.79e-01	9.69e-03	3.90e-06	0.00e+00	0.00e+00	0.00e+00	0.00e+00	8.44e-06	1.38e-06	7.72e-07
 9.90549e+15	1.14e-05	1.23e-02	9.83e-01	4.99e-03	1.22e-06	0.00e+00	0.00e+00	0.00e+00	0.00e+00	9.04e-06	1.48e-06	8.26e-07
 1.08960e+16	1.22e-05	1.28e-02	9.85e-01	2.47e-03	3.56e-07	0.00e+00	0.00e+00	0.00e+00	0.00e+00	9.71e-06	1.59e-06	8.86e-07
 1.19856e+16	1.31e-05	1.34e-02	9.85e-01	1.18e-03	0.00e+00	0.00e+00	0.00e+00	0.00e+00	0.00e+00	1.04e-05	1.71e-06	9.55e-07
 1.31842e+16	1.41e-05	1.39e-02	9.86e-01	5.50e-04	0.00e+00	0.00e+00	0.00e+00	0.00e+00	0.00e+00	1.13e-05	1.85e-06	1.03e-06
 1.45026e+16	1.53e-05	1.46e-02	9.85e-01	2.47e-04	0.00e+00	0.00e+00	0.00e+00	0.00e+00	0.00e+00	1.22e-05	2.01e-06	1.13e-06
 1.59529e+16	1.68e-05	1.52e-02	9.85e-01	1.08e-04	0.00e+00	0.00e+00	0.00e+00	0.00e+00	0.00e+00	1.33e-05	2.21e-06	1.24e-06
 1.75482e+16	1.84e-05	1.60e-02	9.84e-01	4.60e-05	0.00e+00	0.00e+00	0.00e+00	0.00e+00	0.00e+00	1.46e-05	2.44e-06	1.37e-06
 1.93030e+16	2.04e-05	1.68e-02	9.83e-01	1.92e-05	0.00e+00	0.00e+00	0.00e+00	0.00e+00	0.00e+00	1.62e-05	2.73e-06	1.54e-06
 2.10217e+16	2.26e-05	1.76e-02	9.82e-01	8.83e-06	0.00e+00	0.00e+00	0.00e+00	0.00e+00	0.00e+00	1.79e-05	3.04e-06	1.72e-06
 2.25385e+16	2.48e-05	1.83e-02	9.82e-01	4.70e-06	0.00e+00	0.00e+00	0.00e+00	0.00e+00	0.00e+00	1.96e-05	3.36e-06	1.91e-06
 2.39201e+16	2.70e-05	1.90e-02	9.81e-01	2.77e-06	0.00e+00	0.00e+00	0.00e+00	0.00e+00	0.00e+00	2.12e-05	3.69e-06	2.10e-06
 2.52160e+16	2.93e-05	1.97e-02	9.80e-01	1.76e-06	0.00e+00	0.00e+00	0.00e+00	0.00e+00	0.00e+00	2.30e-05	4.03e-06	2.29e-06
 2.64600e+16	3.18e-05	2.03e-02	9.80e-01	1.19e-06	0.00e+00	0.00e+00	0.00e+00	0.00e+00	0.00e+00	2.49e-05	4.40e-06	2.51e-06
 2.76707e+16	3.44e-05	2.10e-02	9.79e-01	8.37e-07	0.00e+00	0.00e+00	0.00e+00	0.00e+00	0.00e+00	2.69e-05	4.79e-06	2.74e-06
 2.88576e+16	3.73e-05	2.16e-02	9.78e-01	6.18e-07	0.00e+00	0.00e+00	0.00e+00	0.00e+00	0.00e+00	2.90e-05	5.23e-06	3.00e-06
 3.00266e+16	4.04e-05	2.23e-02	9.78e-01	4.75e-07	0.00e+00	0.00e+00	0.00e+00	0.00e+00	0.00e+00	3.14e-05	5.71e-06	3.28e-06
 3.11816e+16	4.39e-05	2.30e-02	9.77e-01	3.79e-07	0.00e+00	0.00e+00	0.00e+00	0.00e+00	0.00e+00	3.40e-05	6.25e-06	3.59e-06
 3.23256e+16	4.77e-05	2.38e-02	9.76e-01	3.13e-07	0.00e+00	0.00e+00	0.00e+00	0.00e+00	0.00e+00	3.69e-05	6.85e-06	3.94e-06
 3.34605e+16	5.19e-05	2.45e-02	9.75e-01	2.68e-07	0.00e+00	0.00e+00	0.00e+00	0.00e+00	0.00e+00	4.01e-05	7.49e-06	4.32e-06
 3.45891e+16	5.65e-05	2.53e-02	9.75e-01	2.36e-07	0.00e+00	0.00e+00	0.00e+00	0.00e+00	0.00e+00	4.36e-05	8.20e-06	4.74e-06
 3.57106e+16	6.17e-05	2.62e-02	9.74e-01	2.17e-07	0.00e+00	0.00e+00	0.00e+00	0.00e+00	0.00e+00	4.75e-05	9.01e-06	5.22e-06
 3.68204e+16	6.76e-05	2.71e-02	9.73e-01	1.98e-07	0.00e+00	0.00e+00	0.00e+00	0.00e+00	0.00e+00	5.19e-05	9.92e-06	5.76e-06
 3.79166e+16	7.41e-05	2.80e-02	9.72e-01	1.90e-07	0.00e+00	0.00e+00	0.00e+00	0.00e+00	0.00e+00	5.68e-05	1.09e-05	6.37e-06
 3.89983e+16	8.13e-05	2.90e-02	9.71e-01	1.83e-07	0.00e+00	0.00e+00	0.00e+00	0.00e+00	0.00e+00	6.22e-05	1.21e-05	7.04e-06
 4.00629e+16	8.94e-05	3.01e-02	9.70e-01	1.77e-07	0.00e+00	0.00e+00	0.00e+00	0.00e+00	0.00e+00	6.82e-05	1.34e-05	7.80e-06
 4.11074e+16	9.84e-05	3.13e-02	9.69e-01	1.75e-07	0.00e+00	0.00e+00	0.00e+00	0.00e+00	0.00e+00	7.49e-05	1.48e-05	8.65e-06
 4.21309e+16	1.08e-04	3.25e-02	9.67e-01	1.75e-07	0.00e+00	0.00e+00	0.00e+00	0.00e+00	0.00e+00	8.23e-05	1.64e-05	9.60e-06
 4.31326e+16	1.19e-04	3.38e-02	9.66e-01	1.76e-07	0.00e+00	0.00e+00	0.00e+00	0.00e+00	0.00e+00	9.05e-05	1.82e-05	1.07e-05
 4.41113e+16	1.32e-04	3.52e-02	9.65e-01	1.79e-07	0.00e+00	0.00e+00	0.00e+00	0.00e+00	0.00e+00	9.96e-05	2.02e-05	1.18e-05
 4.50662e+16	1.45e-04	3.67e-02	9.63e-01	1.82e-07	0.00e+00	0.00e+00	0.00e+00	0.00e+00	0.00e+00	1.10e-04	2.24e-05	1.31e-05
 4.59971e+16	1.60e-04	3.83e-02	9.62e-01	1.88e-07	0.00e+00	0.00e+00	0.00e+00	0.00e+00	0.00e+00	1.21e-04	2.49e-05	1.46e-05
 4.69048e+16	1.76e-04	4.00e-02	9.60e-01	1.93e-07	0.00e+00	0.00e+00	0.00e+00	0.00e+00	0.00e+00	1.33e-04	2.76e-05	1.61e-05
 4.77903e+16	1.95e-04	4.18e-02	9.58e-01	1.96e-07	0.00e+00	0.00e+00	0.00e+00	0.00e+00	0.00e+00	1.46e-04	3.06e-05	1.78e-05
 4.86554e+16	2.15e-04	4.37e-02	9.56e-01	2.03e-07	0.00e+00	0.00e+00	0.00e+00	0.00e+00	0.00e+00	1.61e-04	3.39e-05	1.96e-05
 4.95034e+16	2.37e-04	4.58e-02	9.54e-01	2.06e-07	0.00e+00	0.00e+00	0.00e+00	0.00e+00	0.00e+00	1.77e-04	3.76e-05	2.17e-05
 5.03377e+16	2.61e-04	4.80e-02	9.52e-01	2.11e-07	0.00e+00	0.00e+00	0.00e+00	0.00e+00	0.00e+00	1.96e-04	4.18e-05	2.39e-05
 5.11620e+16	2.89e-04	5.04e-02	9.49e-01	2.19e-07	0.00e+00	0.00e+00	0.00e+00	0.00e+00	0.00e+00	2.16e-04	4.64e-05	2.65e-05
 5.19748e+16	3.20e-04	5.30e-02	9.47e-01	2.23e-07	0.00e+00	0.00e+00	0.00e+00	0.00e+00	0.00e+00	2.39e-04	5.18e-05	2.94e-05
 5.27399e+16	3.55e-04	5.57e-02	9.44e-01	2.25e-07	0.00e+00	0.00e+00	0.00e+00	0.00e+00	0.00e+00	2.64e-04	5.76e-05	3.26e-05
 5.34285e+16	3.90e-04	5.84e-02	9.41e-01	2.26e-07	0.00e+00	0.00e+00	0.00e+00	0.00e+00	0.00e+00	2.91e-04	6.37e-05	3.58e-05
 5.40528e+16	4.26e-04	6.11e-02	9.39e-01	2.25e-07	0.00e+00	0.00e+00	0.00e+00	0.00e+00	0.00e+00	3.17e-04	6.99e-05	3.92e-05
 5.46491e+16	4.64e-04	6.38e-02	9.36e-01	2.25e-07	0.00e+00	0.00e+00	0.00e+00	0.00e+00	0.00e+00	3.45e-04	7.61e-05	4.26e-05
 5.52453e+16	5.07e-04	6.67e-02	9.33e-01	2.24e-07	0.00e+00	0.00e+00	0.00e+00	0.00e+00	0.00e+00	3.77e-04	8.31e-05	4.65e-05
 5.58416e+16	5.56e-04	6.99e-02	9.30e-01	2.22e-07	0.00e+00	0.00e+00	0.00e+00	0.00e+00	0.00e+00	4.14e-04	9.11e-05	5.09e-05
 5.64378e+16	6.11e-04	7.34e-02	9.26e-01	2.18e-07	0.00e+00	0.00e+00	0.00e+00	0.00e+00	0.00e+00	4.55e-04	1.00e-04	5.60e-05
 5.70341e+16	6.76e-04	7.72e-02	9.22e-01	2.14e-07	0.00e+00	0.00e+00	0.00e+00	0.00e+00	0.00e+00	5.03e-04	1.11e-04	6.18e-05
 5.76304e+16	7.50e-04	8.14e-02	9.18e-01	2.07e-07	0.00e+00	0.00e+00	0.00e+00	0.00e+00	0.00e+00	5.58e-04	1.23e-04	6.85e-05
 5.82266e+16	8.37e-04	8.60e-02	9.13e-01	1.98e-07	0.00e+00	0.00e+00	0.00e+00	0.00e+00	0.00e+00	6.23e-04	1.37e-04	7.64e-05
 5.88229e+16	9.38e-04	9.12e-02	9.08e-01	1.89e-07	0.00e+00	0.00e+00	0.00e+00	0.00e+00	0.00e+00	6.99e-04	1.54e-04	8.56e-05
 5.93734e+16	1.06e-03	9.67e-02	9.02e-01	1.79e-07	0.00e+00	0.00e+00	0.00e+00	0.00e+00	0.00e+00	7.87e-04	1.73e-04	9.64e-05
