#depth	He	He+	He+2
 4.05649e+11	2.80e-04	2.22e-01	7.78e-01
 2.43390e+12	2.80e-04	2.22e-01	7.78e-01
 1.05469e+13	2.81e-04	2.22e-01	7.78e-01
 4.29988e+13	2.84e-04	2.24e-01	7.76e-01
 1.02710e+14	2.87e-04	2.26e-01	7.74e-01
 1.80336e+14	2.92e-04	2.29e-01	7.71e-01
 2.81248e+14	2.99e-04	2.33e-01	7.67e-01
 4.12435e+14	3.09e-04	2.39e-01	7.60e-01
 5.82977e+14	3.22e-04	2.48e-01	7.52e-01
 8.04682e+14	3.40e-04	2.60e-01	7.39e-01
 1.09290e+15	3.66e-04	2.78e-01	7.22e-01
 1.46758e+15	4.04e-04	3.04e-01	6.95e-01
 1.95467e+15	4.58e-04	3.43e-01	6.56e-01
 2.58788e+15	5.39e-04	4.03e-01	5.97e-01
 3.22697e+15	6.28e-04	4.73e-01	5.26e-01
 3.73900e+15	7.07e-04	5.38e-01	4.61e-01
 4.26993e+15	7.96e-04	6.12e-01	3.88e-01
 4.85463e+15	8.93e-04	6.93e-01	3.06e-01
 5.42275e+15	9.85e-04	7.69e-01	2.30e-01
 6.07484e+15	1.08e-03	8.44e-01	1.55e-01
 6.76558e+15	1.17e-03	9.03e-01	9.60e-02
 7.44214e+15	1.23e-03	9.41e-01	5.76e-02
 8.18635e+15	1.29e-03	9.66e-01	3.23e-02
 9.00499e+15	1.34e-03	9.82e-01	1.70e-02
 9.90549e+15	1.38e-03	9.90e-01	8.54e-03
 1.08960e+16	1.43e-03	9.94e-01	4.12e-03
 1.19856e+16	1.47e-03	9.97e-01	1.92e-03
 1.31842e+16	1.51e-03	9.98e-01	8.71e-04
 1.45026e+16	1.56e-03	9.98e-01	3.85e-04
 1.59529e+16	1.61e-03	9.98e-01	1.66e-04
 1.75482e+16	1.66e-03	9.98e-01	7.02e-05
 1.93030e+16	1.71e-03	9.98e-01	2.92e-05
 2.10217e+16	1.77e-03	9.98e-01	1.34e-05
 2.25385e+16	1.82e-03	9.98e-01	7.07e-06
 2.39201e+16	1.87e-03	9.98e-01	4.14e-06
 2.52160e+16	1.91e-03	9.98e-01	2.59e-06
 2.64600e+16	1.96e-03	9.98e-01	1.71e-06
 2.76707e+16	2.00e-03	9.98e-01	1.18e-06
 2.88576e+16	2.04e-03	9.98e-01	8.36e-07
 3.00266e+16	2.09e-03	9.98e-01	6.12e-07
 3.11816e+16	2.13e-03	9.98e-01	4.60e-07
 3.23256e+16	2.18e-03	9.98e-01	3.53e-07
 3.34605e+16	2.22e-03	9.98e-01	2.76e-07
 3.45891e+16	2.27e-03	9.98e-01	2.20e-07
 3.57106e+16	2.32e-03	9.98e-01	1.78e-07
 3.68204e+16	2.37e-03	9.98e-01	1.46e-07
 3.79166e+16	2.42e-03	9.98e-01	1.22e-07
 3.89983e+16	2.47e-03	9.98e-01	1.03e-07
 4.00629e+16	2.53e-03	9.97e-01	8.78e-08
 4.11074e+16	2.58e-03	9.97e-01	7.58e-08
 4.21309e+16	2.64e-03	9.97e-01	6.61e-08
 4.31326e+16	2.69e-03	9.97e-01	5.82e-08
 4.41113e+16	2.74e-03	9.97e-01	5.16e-08
 4.50662e+16	2.80e-03	9.97e-01	4.62e-08
 4.59971e+16	2.85e-03	9.97e-01	4.17e-08
 4.69048e+16	2.90e-03	9.97e-01	3.79e-08
 4.77903e+16	2.95e-03	9.97e-01	3.46e-08
 4.86554e+16	3.01e-03	9.97e-01	3.18e-08
 4.95034e+16	3.06e-03	9.97e-01	2.93e-08
 5.03377e+16	3.11e-03	9.97e-01	2.71e-08
 5.11620e+16	3.17e-03	9.97e-01	2.52e-08
 5.19748e+16	3.22e-03	9.97e-01	2.35e-08
 5.27399e+16	3.28e-03	9.97e-01	2.20e-08
 5.34285e+16	3.34e-03	9.97e-01	2.07e-08
 5.40528e+16	3.40e-03	9.97e-01	1.97e-08
 5.46491e+16	3.45e-03	9.97e-01	1.87e-08
 5.52453e+16	3.51e-03	9.96e-01	1.78e-08
 5.58416e+16	3.58e-03	9.96e-01	1.69e-08
 5.64378e+16	3.66e-03	9.96e-01	1.61e-08
 5.70341e+16	3.74e-03	9.96e-01	1.52e-08
 5.76304e+16	3.83e-03	9.96e-01	1.45e-08
 5.82266e+16	3.93e-03	9.96e-01	1.37e-08
 5.88229e+16	4.05e-03	9.96e-01	1.30e-08
 5.93734e+16	4.18e-03	9.96e-01	1.23e-08
