#depth	He	He+	He+2
 1.18533e+12	1.60e-04	1.93e-01	8.07e-01
 7.11199e+12	1.60e-04	1.93e-01	8.07e-01
 3.08186e+13	1.60e-04	1.93e-01	8.07e-01
 1.25645e+14	1.62e-04	1.95e-01	8.04e-01
 3.00126e+14	1.65e-04	1.97e-01	8.02e-01
 5.26951e+14	1.69e-04	2.01e-01	7.99e-01
 8.21824e+14	1.76e-04	2.07e-01	7.93e-01
 1.20516e+15	1.85e-04	2.16e-01	7.84e-01
 1.70349e+15	1.98e-04	2.29e-01	7.71e-01
 2.35133e+15	2.18e-04	2.49e-01	7.51e-01
 3.19351e+15	2.48e-04	2.80e-01	7.19e-01
 4.28836e+15	2.95e-04	3.31e-01	6.69e-01
 5.40172e+15	3.53e-04	3.96e-01	6.04e-01
 6.29627e+15	4.10e-04	4.61e-01	5.39e-01
 7.08219e+15	4.69e-04	5.28e-01	4.71e-01
 7.96979e+15	5.45e-04	6.11e-01	3.88e-01
 8.92585e+15	6.31e-04	7.05e-01	2.95e-01
 9.82016e+15	7.08e-04	7.86e-01	2.13e-01
 1.08320e+16	7.87e-04	8.60e-01	1.39e-01
 1.21474e+16	8.66e-04	9.25e-01	7.42e-02
 1.35355e+16	9.23e-04	9.62e-01	3.67e-02
 1.48890e+16	9.63e-04	9.80e-01	1.87e-02
 1.63779e+16	9.98e-04	9.90e-01	9.22e-03
 1.80157e+16	1.03e-03	9.95e-01	4.44e-03
 1.98173e+16	1.07e-03	9.97e-01	2.10e-03
 2.17990e+16	1.10e-03	9.98e-01	9.74e-04
 2.39789e+16	1.14e-03	9.98e-01	4.47e-04
 2.63768e+16	1.19e-03	9.99e-01	2.03e-04
 2.90145e+16	1.24e-03	9.99e-01	9.16e-05
 3.19159e+16	1.30e-03	9.99e-01	4.16e-05
 3.49651e+16	1.37e-03	9.99e-01	1.99e-05
 3.78678e+16	1.44e-03	9.99e-01	1.07e-05
 4.04865e+16	1.51e-03	9.98e-01	6.48e-06
 4.28969e+16	1.57e-03	9.98e-01	4.25e-06
 4.51657e+16	1.64e-03	9.98e-01	2.96e-06
 4.73210e+16	1.70e-03	9.98e-01	2.14e-06
 4.92306e+16	1.77e-03	9.98e-01	1.65e-06
 5.08486e+16	1.82e-03	9.98e-01	1.34e-06
 5.25346e+16	1.88e-03	9.98e-01	1.08e-06
 5.43760e+16	1.95e-03	9.98e-01	8.64e-07
 5.60776e+16	2.02e-03	9.98e-01	7.14e-07
 5.75630e+16	2.08e-03	9.98e-01	6.09e-07
 5.90461e+16	2.15e-03	9.98e-01	5.20e-07
 6.07017e+16	2.22e-03	9.98e-01	4.40e-07
 6.23392e+16	2.31e-03	9.98e-01	3.76e-07
 6.37500e+16	2.38e-03	9.98e-01	3.30e-07
 6.50139e+16	2.46e-03	9.98e-01	2.95e-07
 6.63725e+16	2.54e-03	9.97e-01	2.61e-07
 6.77784e+16	2.64e-03	9.97e-01	2.31e-07
 6.90436e+16	2.73e-03	9.97e-01	2.08e-07
 7.01823e+16	2.82e-03	9.97e-01	1.89e-07
 7.12071e+16	2.92e-03	9.97e-01	1.74e-07
 7.21295e+16	3.01e-03	9.97e-01	1.61e-07
 7.29686e+16	3.09e-03	9.97e-01	1.51e-07
 7.37729e+16	3.18e-03	9.97e-01	1.41e-07
 7.45772e+16	3.28e-03	9.97e-01	1.32e-07
 7.53815e+16	3.38e-03	9.97e-01	1.24e-07
 7.61858e+16	3.50e-03	9.97e-01	1.16e-07
 7.69901e+16	3.62e-03	9.96e-01	1.09e-07
 7.77944e+16	3.76e-03	9.96e-01	1.02e-07
 7.85987e+16	3.91e-03	9.96e-01	9.54e-08
 7.94030e+16	4.07e-03	9.96e-01	8.93e-08
 8.01179e+16	4.24e-03	9.96e-01	8.44e-08
