#depth	H	H+	H2
 1.18533e+12	1.57e-03	9.98e-01	1.36e-13
 7.11199e+12	1.57e-03	9.98e-01	1.37e-13
 3.08186e+13	1.57e-03	9.98e-01	1.38e-13
 1.25645e+14	1.57e-03	9.98e-01	1.40e-13
 3.00126e+14	1.55e-03	9.98e-01	1.46e-13
 5.26951e+14	1.54e-03	9.98e-01	1.53e-13
 8.21824e+14	1.53e-03	9.98e-01	1.61e-13
 1.20516e+15	1.52e-03	9.98e-01	1.72e-13
 1.70349e+15	1.50e-03	9.98e-01	1.85e-13
 2.35133e+15	1.49e-03	9.99e-01	2.01e-13
 3.19351e+15	1.47e-03	9.99e-01	2.12e-13
 4.28836e+15	1.45e-03	9.99e-01	2.20e-13
 5.40172e+15	1.41e-03	9.99e-01	2.16e-13
 6.29627e+15	1.39e-03	9.99e-01	2.06e-13
 7.08219e+15	1.38e-03	9.99e-01	1.97e-13
 7.96979e+15	1.38e-03	9.99e-01	1.90e-13
 8.92585e+15	1.39e-03	9.99e-01	1.88e-13
 9.82016e+15	1.40e-03	9.99e-01	1.89e-13
 1.08320e+16	1.43e-03	9.99e-01	1.96e-13
 1.21474e+16	1.47e-03	9.99e-01	2.09e-13
 1.35355e+16	1.50e-03	9.98e-01	2.23e-13
 1.48890e+16	1.54e-03	9.98e-01	2.35e-13
 1.63779e+16	1.59e-03	9.98e-01	2.45e-13
 1.80157e+16	1.63e-03	9.98e-01	2.54e-13
 1.98173e+16	1.69e-03	9.98e-01	2.62e-13
 2.17990e+16	1.75e-03	9.98e-01	2.69e-13
 2.39789e+16	1.82e-03	9.98e-01	2.75e-13
 2.63768e+16	1.91e-03	9.98e-01	2.82e-13
 2.90145e+16	2.02e-03	9.98e-01	2.90e-13
 3.19159e+16	2.15e-03	9.98e-01	3.01e-13
 3.49651e+16	2.31e-03	9.98e-01	3.17e-13
 3.78678e+16	2.49e-03	9.98e-01	3.38e-13
 4.04865e+16	2.67e-03	9.97e-01	3.61e-13
 4.28969e+16	2.86e-03	9.97e-01	3.86e-13
 4.51657e+16	3.05e-03	9.97e-01	4.14e-13
 4.73210e+16	3.26e-03	9.97e-01	4.44e-13
 4.92306e+16	3.48e-03	9.97e-01	4.77e-13
 5.08486e+16	3.67e-03	9.96e-01	5.07e-13
 5.25346e+16	3.88e-03	9.96e-01	5.36e-13
 5.43760e+16	4.13e-03	9.96e-01	5.73e-13
 5.60776e+16	4.40e-03	9.96e-01	6.15e-13
 5.75630e+16	4.65e-03	9.95e-01	6.52e-13
 5.90461e+16	4.91e-03	9.95e-01	6.91e-13
 6.07017e+16	5.23e-03	9.95e-01	7.35e-13
 6.23392e+16	5.59e-03	9.94e-01	7.89e-13
 6.37500e+16	5.94e-03	9.94e-01	8.42e-13
 6.50139e+16	6.28e-03	9.94e-01	8.91e-13
 6.63725e+16	6.64e-03	9.93e-01	9.40e-13
 6.77784e+16	7.08e-03	9.93e-01	1.01e-12
 6.90436e+16	7.52e-03	9.92e-01	1.07e-12
 7.01823e+16	7.96e-03	9.92e-01	1.14e-12
 7.12071e+16	8.38e-03	9.92e-01	1.20e-12
 7.21295e+16	8.80e-03	9.91e-01	1.27e-12
 7.29686e+16	9.21e-03	9.91e-01	1.34e-12
 7.37729e+16	9.62e-03	9.90e-01	1.40e-12
 7.45772e+16	1.01e-02	9.90e-01	1.48e-12
 7.53815e+16	1.06e-02	9.89e-01	1.56e-12
 7.61858e+16	1.11e-02	9.89e-01	1.66e-12
 7.69901e+16	1.17e-02	9.88e-01	1.76e-12
 7.77944e+16	1.23e-02	9.88e-01	1.88e-12
 7.85987e+16	1.30e-02	9.87e-01	2.02e-12
 7.94030e+16	1.38e-02	9.86e-01	2.18e-12
 8.01179e+16	1.46e-02	9.85e-01	2.35e-12
