#depth	O	O+	O+2	O+3	O+4	O+5	O+6	O+7	O+8	O[1]	O[2]	O[3]
 1.18533e+12	1.39e-06	1.91e-03	3.01e-01	6.77e-01	2.06e-02	1.45e-06	0.00e+00	0.00e+00	0.00e+00	1.09e-06	1.88e-07	1.14e-07
 7.11199e+12	1.39e-06	1.91e-03	3.01e-01	6.77e-01	2.05e-02	1.45e-06	0.00e+00	0.00e+00	0.00e+00	1.08e-06	1.88e-07	1.14e-07
 3.08186e+13	1.39e-06	1.92e-03	3.02e-01	6.76e-01	2.04e-02	1.44e-06	0.00e+00	0.00e+00	0.00e+00	1.09e-06	1.88e-07	1.14e-07
 1.25645e+14	1.40e-06	1.94e-03	3.06e-01	6.72e-01	1.99e-02	1.39e-06	0.00e+00	0.00e+00	0.00e+00	1.10e-06	1.91e-07	1.15e-07
 3.00126e+14	1.41e-06	1.97e-03	3.12e-01	6.67e-01	1.91e-02	1.31e-06	0.00e+00	0.00e+00	0.00e+00	1.10e-06	1.91e-07	1.15e-07
 5.26951e+14	1.43e-06	2.02e-03	3.20e-01	6.60e-01	1.81e-02	1.21e-06	0.00e+00	0.00e+00	0.00e+00	1.12e-06	1.93e-07	1.16e-07
 8.21824e+14	1.46e-06	2.08e-03	3.32e-01	6.49e-01	1.68e-02	1.10e-06	0.00e+00	0.00e+00	0.00e+00	1.14e-06	1.97e-07	1.18e-07
 1.20516e+15	1.51e-06	2.18e-03	3.48e-01	6.35e-01	1.53e-02	9.64e-07	0.00e+00	0.00e+00	0.00e+00	1.19e-06	2.03e-07	1.22e-07
 1.70349e+15	1.59e-06	2.31e-03	3.70e-01	6.15e-01	1.35e-02	8.13e-07	0.00e+00	0.00e+00	0.00e+00	1.25e-06	2.12e-07	1.27e-07
 2.35133e+15	1.71e-06	2.51e-03	4.01e-01	5.85e-01	1.14e-02	6.46e-07	0.00e+00	0.00e+00	0.00e+00	1.34e-06	2.27e-07	1.36e-07
 3.19351e+15	1.89e-06	2.80e-03	4.47e-01	5.42e-01	9.08e-03	4.75e-07	0.00e+00	0.00e+00	0.00e+00	1.49e-06	2.51e-07	1.50e-07
 4.28836e+15	2.17e-06	3.23e-03	5.13e-01	4.77e-01	6.52e-03	3.09e-07	0.00e+00	0.00e+00	0.00e+00	1.71e-06	2.88e-07	1.72e-07
 5.40172e+15	2.43e-06	3.68e-03	5.88e-01	4.04e-01	4.48e-03	1.93e-07	0.00e+00	0.00e+00	0.00e+00	1.92e-06	3.23e-07	1.93e-07
 6.29627e+15	2.69e-06	4.09e-03	6.53e-01	3.39e-01	3.14e-03	0.00e+00	0.00e+00	0.00e+00	0.00e+00	2.12e-06	3.58e-07	2.14e-07
 7.08219e+15	2.97e-06	4.50e-03	7.13e-01	2.80e-01	2.18e-03	0.00e+00	0.00e+00	0.00e+00	0.00e+00	2.34e-06	3.96e-07	2.37e-07
 7.96979e+15	3.36e-06	5.01e-03	7.78e-01	2.15e-01	1.35e-03	0.00e+00	0.00e+00	0.00e+00	0.00e+00	2.65e-06	4.49e-07	2.70e-07
 8.92585e+15	3.77e-06	5.51e-03	8.40e-01	1.54e-01	7.55e-04	0.00e+00	0.00e+00	0.00e+00	0.00e+00	2.97e-06	5.05e-07	3.03e-07
 9.82016e+15	4.17e-06	5.96e-03	8.87e-01	1.07e-01	4.04e-04	0.00e+00	0.00e+00	0.00e+00	0.00e+00	3.28e-06	5.58e-07	3.35e-07
 1.08320e+16	4.65e-06	6.42e-03	9.26e-01	6.69e-02	1.84e-04	0.00e+00	0.00e+00	0.00e+00	0.00e+00	3.66e-06	6.23e-07	3.74e-07
 1.21474e+16	5.24e-06	6.92e-03	9.58e-01	3.52e-02	6.24e-05	0.00e+00	0.00e+00	0.00e+00	0.00e+00	4.12e-06	7.01e-07	4.22e-07
 1.35355e+16	5.76e-06	7.31e-03	9.75e-01	1.78e-02	1.98e-05	0.00e+00	0.00e+00	0.00e+00	0.00e+00	4.53e-06	7.69e-07	4.62e-07
 1.48890e+16	6.26e-06	7.63e-03	9.83e-01	9.25e-03	6.47e-06	0.00e+00	0.00e+00	0.00e+00	0.00e+00	4.93e-06	8.36e-07	5.03e-07
 1.63779e+16	6.82e-06	7.95e-03	9.87e-01	4.67e-03	1.98e-06	0.00e+00	0.00e+00	0.00e+00	0.00e+00	5.36e-06	9.10e-07	5.47e-07
 1.80157e+16	7.45e-06	8.28e-03	9.89e-01	2.29e-03	5.67e-07	0.00e+00	0.00e+00	0.00e+00	0.00e+00	5.86e-06	9.95e-07	5.99e-07
 1.98173e+16	8.20e-06	8.64e-03	9.90e-01	1.10e-03	1.53e-07	0.00e+00	0.00e+00	0.00e+00	0.00e+00	6.45e-06	1.10e-06	6.61e-07
 2.17990e+16	9.12e-06	9.04e-03	9.90e-01	5.19e-04	0.00e+00	0.00e+00	0.00e+00	0.00e+00	0.00e+00	7.16e-06	1.22e-06	7.37e-07
 2.39789e+16	1.03e-05	9.51e-03	9.90e-01	2.41e-04	0.00e+00	0.00e+00	0.00e+00	0.00e+00	0.00e+00	8.05e-06	1.38e-06	8.32e-07
 2.63768e+16	1.17e-05	1.00e-02	9.90e-01	1.11e-04	0.00e+00	0.00e+00	0.00e+00	0.00e+00	0.00e+00	9.17e-06	1.58e-06	9.55e-07
 2.90145e+16	1.36e-05	1.07e-02	9.89e-01	5.15e-05	0.00e+00	0.00e+00	0.00e+00	0.00e+00	0.00e+00	1.06e-05	1.84e-06	1.12e-06
 3.19159e+16	1.61e-05	1.14e-02	9.89e-01	2.47e-05	0.00e+00	0.00e+00	0.00e+00	0.00e+00	0.00e+00	1.25e-05	2.19e-06	1.33e-06
 3.49651e+16	1.93e-05	1.23e-02	9.88e-01	1.30e-05	0.00e+00	0.00e+00	0.00e+00	0.00e+00	0.00e+00	1.50e-05	2.65e-06	1.61e-06
 3.78678e+16	2.32e-05	1.33e-02	9.87e-01	7.96e-06	0.00e+00	0.00e+00	0.00e+00	0.00e+00	0.00e+00	1.80e-05	3.20e-06	1.96e-06
 4.04865e+16	2.76e-05	1.42e-02	9.86e-01	5.64e-06	0.00e+00	0.00e+00	0.00e+00	0.00e+00	0.00e+00	2.14e-05	3.84e-06	2.35e-06
 4.28969e+16	3.26e-05	1.52e-02	9.85e-01	4.41e-06	0.00e+00	0.00e+00	0.00e+00	0.00e+00	0.00e+00	2.52e-05	4.56e-06	2.80e-06
 4.51657e+16	3.83e-05	1.62e-02	9.84e-01	3.70e-06	0.00e+00	0.00e+00	0.00e+00	0.00e+00	0.00e+00	2.96e-05	5.40e-06	3.32e-06
 4.73210e+16	4.50e-05	1.74e-02	9.83e-01	3.25e-06	0.00e+00	0.00e+00	0.00e+00	0.00e+00	0.00e+00	3.47e-05	6.38e-06	3.92e-06
 4.92306e+16	5.22e-05	1.85e-02	9.81e-01	2.97e-06	0.00e+00	0.00e+00	0.00e+00	0.00e+00	0.00e+00	4.02e-05	7.46e-06	4.59e-06
 5.08486e+16	5.95e-05	1.96e-02	9.80e-01	2.79e-06	0.00e+00	0.00e+00	0.00e+00	0.00e+00	0.00e+00	4.57e-05	8.54e-06	5.26e-06
 5.25346e+16	6.80e-05	2.07e-02	9.79e-01	2.67e-06	0.00e+00	0.00e+00	0.00e+00	0.00e+00	0.00e+00	5.21e-05	9.81e-06	6.02e-06
 5.43760e+16	7.93e-05	2.22e-02	9.78e-01	2.56e-06	0.00e+00	0.00e+00	0.00e+00	0.00e+00	0.00e+00	6.07e-05	1.15e-05	7.03e-06
 5.60776e+16	9.23e-05	2.38e-02	9.76e-01	2.47e-06	0.00e+00	0.00e+00	0.00e+00	0.00e+00	0.00e+00	7.06e-05	1.35e-05	8.19e-06
 5.75630e+16	1.06e-04	2.53e-02	9.75e-01	2.41e-06	0.00e+00	0.00e+00	0.00e+00	0.00e+00	0.00e+00	8.07e-05	1.55e-05	9.38e-06
 5.90461e+16	1.21e-04	2.70e-02	9.73e-01	2.37e-06	0.00e+00	0.00e+00	0.00e+00	0.00e+00	0.00e+00	9.23e-05	1.78e-05	1.08e-05
 6.07017e+16	1.41e-04	2.90e-02	9.71e-01	2.33e-06	0.00e+00	0.00e+00	0.00e+00	0.00e+00	0.00e+00	1.08e-04	2.09e-05	1.26e-05
 6.23392e+16	1.66e-04	3.14e-02	9.68e-01	2.29e-06	0.00e+00	0.00e+00	0.00e+00	0.00e+00	0.00e+00	1.27e-04	2.48e-05	1.48e-05
 6.37500e+16	1.93e-04	3.38e-02	9.66e-01	2.22e-06	0.00e+00	0.00e+00	0.00e+00	0.00e+00	0.00e+00	1.47e-04	2.90e-05	1.72e-05
 6.50139e+16	2.21e-04	3.62e-02	9.64e-01	2.18e-06	0.00e+00	0.00e+00	0.00e+00	0.00e+00	0.00e+00	1.68e-04	3.33e-05	1.97e-05
 6.63725e+16	2.55e-04	3.89e-02	9.61e-01	2.14e-06	0.00e+00	0.00e+00	0.00e+00	0.00e+00	0.00e+00	1.93e-04	3.87e-05	2.28e-05
 6.77784e+16	2.99e-04	4.23e-02	9.57e-01	2.09e-06	0.00e+00	0.00e+00	0.00e+00	0.00e+00	0.00e+00	2.27e-04	4.55e-05	2.67e-05
 6.90436e+16	3.47e-04	4.57e-02	9.54e-01	2.01e-06	0.00e+00	0.00e+00	0.00e+00	0.00e+00	0.00e+00	2.63e-04	5.28e-05	3.10e-05
 7.01823e+16	4.00e-04	4.92e-02	9.50e-01	1.94e-06	0.00e+00	0.00e+00	0.00e+00	0.00e+00	0.00e+00	3.03e-04	6.08e-05	3.56e-05
 7.12071e+16	4.55e-04	5.26e-02	9.47e-01	1.88e-06	0.00e+00	0.00e+00	0.00e+00	0.00e+00	0.00e+00	3.45e-04	6.92e-05	4.05e-05
 7.21295e+16	5.13e-04	5.61e-02	9.43e-01	1.81e-06	0.00e+00	0.00e+00	0.00e+00	0.00e+00	0.00e+00	3.89e-04	7.80e-05	4.56e-05
 7.29686e+16	5.74e-04	5.95e-02	9.40e-01	1.75e-06	0.00e+00	0.00e+00	0.00e+00	0.00e+00	0.00e+00	4.36e-04	8.73e-05	5.10e-05
 7.37729e+16	6.40e-04	6.31e-02	9.36e-01	1.69e-06	0.00e+00	0.00e+00	0.00e+00	0.00e+00	0.00e+00	4.86e-04	9.74e-05	5.68e-05
 7.45772e+16	7.16e-04	6.70e-02	9.32e-01	1.62e-06	0.00e+00	0.00e+00	0.00e+00	0.00e+00	0.00e+00	5.44e-04	1.09e-04	6.35e-05
 7.53815e+16	8.04e-04	7.13e-02	9.28e-01	1.55e-06	0.00e+00	0.00e+00	0.00e+00	0.00e+00	0.00e+00	6.11e-04	1.22e-04	7.12e-05
 7.61858e+16	9.06e-04	7.60e-02	9.23e-01	1.48e-06	0.00e+00	0.00e+00	0.00e+00	0.00e+00	0.00e+00	6.88e-04	1.38e-04	8.02e-05
 7.69901e+16	1.02e-03	8.11e-02	9.18e-01	1.40e-06	0.00e+00	0.00e+00	0.00e+00	0.00e+00	0.00e+00	7.78e-04	1.56e-04	9.06e-05
 7.77944e+16	1.16e-03	8.69e-02	9.12e-01	1.32e-06	0.00e+00	0.00e+00	0.00e+00	0.00e+00	0.00e+00	8.84e-04	1.77e-04	1.03e-04
 7.85987e+16	1.33e-03	9.32e-02	9.05e-01	1.23e-06	0.00e+00	0.00e+00	0.00e+00	0.00e+00	0.00e+00	1.01e-03	2.02e-04	1.17e-04
 7.94030e+16	1.52e-03	1.00e-01	8.98e-01	1.15e-06	0.00e+00	0.00e+00	0.00e+00	0.00e+00	0.00e+00	1.16e-03	2.32e-04	1.35e-04
 8.01179e+16	1.74e-03	1.08e-01	8.91e-01	1.07e-06	0.00e+00	0.00e+00	0.00e+00	0.00e+00	0.00e+00	1.32e-03	2.65e-04	1.54e-04
