#depth	H	H+	H2
 1.20239e+12	1.37e-03	9.99e-01	2.23e-12
 7.21432e+12	1.37e-03	9.99e-01	2.23e-12
 3.12620e+13	1.37e-03	9.99e-01	2.26e-12
 1.27453e+14	1.38e-03	9.99e-01	2.38e-12
 3.04444e+14	1.37e-03	9.99e-01	2.54e-12
 5.34533e+14	1.38e-03	9.99e-01	2.80e-12
 8.14014e+14	1.40e-03	9.99e-01	3.15e-12
 1.12111e+15	1.43e-03	9.99e-01	3.59e-12
 1.45366e+15	1.47e-03	9.99e-01	4.14e-12
 1.83759e+15	1.54e-03	9.98e-01	4.86e-12
 2.21974e+15	1.59e-03	9.98e-01	5.48e-12
 2.54918e+15	1.65e-03	9.98e-01	6.05e-12
 2.90875e+15	1.73e-03	9.98e-01	6.79e-12
 3.28334e+15	1.81e-03	9.98e-01	7.49e-12
 3.60785e+15	1.89e-03	9.98e-01	8.14e-12
 3.96007e+15	2.00e-03	9.98e-01	9.01e-12
 4.34335e+15	2.11e-03	9.98e-01	1.00e-11
 4.70127e+15	2.23e-03	9.98e-01	1.11e-11
 5.10083e+15	2.39e-03	9.98e-01	1.26e-11
 5.62026e+15	2.61e-03	9.97e-01	1.50e-11
 6.16712e+15	2.85e-03	9.97e-01	1.79e-11
 6.67245e+15	3.09e-03	9.97e-01	2.11e-11
 7.25221e+15	3.40e-03	9.97e-01	2.54e-11
 7.95889e+15	3.79e-03	9.96e-01	3.15e-11
 8.70253e+15	4.23e-03	9.96e-01	3.89e-11
 9.25209e+15	4.55e-03	9.95e-01	4.52e-11
 9.58242e+15	4.76e-03	9.95e-01	4.92e-11
 9.91683e+15	4.99e-03	9.95e-01	5.33e-11
 1.03516e+16	5.29e-03	9.95e-01	5.87e-11
 1.08311e+16	5.63e-03	9.94e-01	6.49e-11
 1.12729e+16	5.95e-03	9.94e-01	7.12e-11
 1.16848e+16	6.27e-03	9.94e-01	7.72e-11
 1.21541e+16	6.64e-03	9.93e-01	8.36e-11
 1.26630e+16	7.06e-03	9.93e-01	9.12e-11
 1.31182e+16	7.45e-03	9.93e-01	9.83e-11
 1.35382e+16	7.82e-03	9.92e-01	1.05e-10
 1.40178e+16	8.27e-03	9.92e-01	1.12e-10
 1.45394e+16	8.79e-03	9.91e-01	1.20e-10
 1.50072e+16	9.27e-03	9.91e-01	1.28e-10
 1.54377e+16	9.74e-03	9.90e-01	1.35e-10
 1.59280e+16	1.03e-02	9.90e-01	1.42e-10
 1.64585e+16	1.09e-02	9.89e-01	1.52e-10
 1.69231e+16	1.16e-02	9.88e-01	1.61e-10
 1.73359e+16	1.21e-02	9.88e-01	1.70e-10
 1.77995e+16	1.28e-02	9.87e-01	1.77e-10
 1.83073e+16	1.37e-02	9.86e-01	1.88e-10
 1.87587e+16	1.45e-02	9.86e-01	1.99e-10
 1.91569e+16	1.52e-02	9.85e-01	2.09e-10
 1.96000e+16	1.62e-02	9.84e-01	2.18e-10
 2.00858e+16	1.73e-02	9.83e-01	2.31e-10
 2.05190e+16	1.84e-02	9.82e-01	2.46e-10
 2.08999e+16	1.95e-02	9.80e-01	2.59e-10
 2.13208e+16	2.08e-02	9.79e-01	2.69e-10
 2.17899e+16	2.25e-02	9.78e-01	2.86e-10
 2.22153e+16	2.43e-02	9.76e-01	3.07e-10
 2.25872e+16	2.60e-02	9.74e-01	3.25e-10
 2.29960e+16	2.81e-02	9.72e-01	3.40e-10
 2.34576e+16	3.09e-02	9.69e-01	3.63e-10
 2.38796e+16	3.40e-02	9.66e-01	3.93e-10
 2.42364e+16	3.71e-02	9.63e-01	4.20e-10
 2.46164e+16	4.07e-02	9.59e-01	4.43e-10
 2.50347e+16	4.57e-02	9.54e-01	4.78e-10
 2.54017e+16	5.12e-02	9.49e-01	5.20e-10
 2.57089e+16	5.65e-02	9.43e-01	5.58e-10
 2.60399e+16	6.29e-02	9.37e-01	5.88e-10
 2.64702e+16	7.31e-02	9.27e-01	6.29e-10
 2.68956e+16	8.71e-02	9.13e-01	7.07e-10
 2.71963e+16	9.98e-02	9.00e-01	7.84e-10
 2.74129e+16	1.10e-01	8.90e-01	8.38e-10
 2.76384e+16	1.21e-01	8.79e-01	8.78e-10
 2.79317e+16	1.39e-01	8.61e-01	9.33e-10
 2.82207e+16	1.61e-01	8.39e-01	1.03e-09
 2.84258e+16	1.80e-01	8.20e-01	1.12e-09
 2.85788e+16	1.94e-01	8.06e-01	1.19e-09
 2.87423e+16	2.11e-01	7.89e-01	1.24e-09
 2.89550e+16	2.34e-01	7.66e-01	1.32e-09
 2.91686e+16	2.63e-01	7.37e-01	1.45e-09
 2.93289e+16	2.86e-01	7.14e-01	1.57e-09
 2.94574e+16	3.06e-01	6.94e-01	1.66e-09
 2.95989e+16	3.27e-01	6.73e-01	1.75e-09
 2.97828e+16	3.58e-01	6.42e-01	1.88e-09
 2.99677e+16	3.93e-01	6.07e-01	2.06e-09
 3.01072e+16	4.20e-01	5.80e-01	2.24e-09
 3.02218e+16	4.42e-01	5.58e-01	2.38e-09
 3.03433e+16	4.65e-01	5.35e-01	2.52e-09
 3.04731e+16	4.92e-01	5.08e-01	2.70e-09
 3.05928e+16	5.16e-01	4.84e-01	2.89e-09
 3.06970e+16	5.38e-01	4.62e-01	3.06e-09
 3.07754e+16	5.54e-01	4.46e-01	3.21e-09
 3.08290e+16	5.63e-01	4.37e-01	3.30e-09
 3.08830e+16	5.74e-01	4.26e-01	3.40e-09
 3.09491e+16	5.87e-01	4.13e-01	3.51e-09
 3.10203e+16	6.02e-01	3.98e-01	3.66e-09
 3.10853e+16	6.14e-01	3.86e-01	3.78e-09
 3.11437e+16	6.26e-01	3.74e-01	3.92e-09
 3.12026e+16	6.37e-01	3.63e-01	4.05e-09
 3.12643e+16	6.49e-01	3.51e-01	4.19e-09
 3.13263e+16	6.61e-01	3.39e-01	4.34e-09
 3.13866e+16	6.73e-01	3.27e-01	4.49e-09
 3.14454e+16	6.84e-01	3.16e-01	4.64e-09
 3.15043e+16	6.95e-01	3.05e-01	4.80e-09
 3.15639e+16	7.06e-01	2.94e-01	4.96e-09
 3.16231e+16	7.16e-01	2.84e-01	5.14e-09
 3.16815e+16	7.27e-01	2.73e-01	5.31e-09
 3.17393e+16	7.37e-01	2.63e-01	5.50e-09
 3.17972e+16	7.47e-01	2.53e-01	5.68e-09
 3.18551e+16	7.56e-01	2.44e-01	5.88e-09
 3.19127e+16	7.66e-01	2.34e-01	6.08e-09
 3.19697e+16	7.75e-01	2.25e-01	6.29e-09
 3.20263e+16	7.84e-01	2.16e-01	6.51e-09
 3.20827e+16	7.92e-01	2.08e-01	6.74e-09
 3.21390e+16	8.01e-01	1.99e-01	6.97e-09
 3.21949e+16	8.09e-01	1.91e-01	7.22e-09
 3.22505e+16	8.17e-01	1.83e-01	7.47e-09
 3.23059e+16	8.24e-01	1.76e-01	7.74e-09
 3.23611e+16	8.32e-01	1.68e-01	8.01e-09
 3.24159e+16	8.39e-01	1.61e-01	8.30e-09
 3.24701e+16	8.45e-01	1.55e-01	8.61e-09
 3.25234e+16	8.52e-01	1.48e-01	8.92e-09
 3.25757e+16	8.58e-01	1.42e-01	9.25e-09
 3.26272e+16	8.64e-01	1.36e-01	9.58e-09
 3.26780e+16	8.70e-01	1.30e-01	9.93e-09
 3.27283e+16	8.75e-01	1.25e-01	1.03e-08
 3.27779e+16	8.80e-01	1.20e-01	1.07e-08
 3.28267e+16	8.85e-01	1.15e-01	1.11e-08
 3.28748e+16	8.90e-01	1.10e-01	1.15e-08
 3.29221e+16	8.94e-01	1.06e-01	1.20e-08
 3.29690e+16	8.99e-01	1.01e-01	1.24e-08
 3.30153e+16	9.03e-01	9.72e-02	1.29e-08
 3.30606e+16	9.07e-01	9.32e-02	1.34e-08
 3.31055e+16	9.11e-01	8.95e-02	1.40e-08
 3.31504e+16	9.14e-01	8.58e-02	1.45e-08
 3.31947e+16	9.18e-01	8.24e-02	1.52e-08
 3.32381e+16	9.21e-01	7.91e-02	1.58e-08
 3.32809e+16	9.24e-01	7.59e-02	1.66e-08
 3.33235e+16	9.27e-01	7.29e-02	1.73e-08
 3.33657e+16	9.30e-01	6.99e-02	1.81e-08
 3.34071e+16	9.33e-01	6.72e-02	1.90e-08
 3.34481e+16	9.35e-01	6.45e-02	2.00e-08
 3.34888e+16	9.38e-01	6.19e-02	2.10e-08
 3.35293e+16	9.41e-01	5.95e-02	2.22e-08
 3.35692e+16	9.43e-01	5.71e-02	2.34e-08
 3.36086e+16	9.45e-01	5.49e-02	2.48e-08
 3.36476e+16	9.47e-01	5.27e-02	2.64e-08
 3.36862e+16	9.49e-01	5.07e-02	2.81e-08
 3.37245e+16	9.51e-01	4.87e-02	2.98e-08
 3.37626e+16	9.53e-01	4.67e-02	3.21e-08
 3.38006e+16	9.55e-01	4.49e-02	3.46e-08
 3.38379e+16	9.57e-01	4.31e-02	3.74e-08
 3.38742e+16	9.59e-01	4.14e-02	4.08e-08
 3.39107e+16	9.60e-01	3.98e-02	4.47e-08
 3.39474e+16	9.62e-01	3.82e-02	4.91e-08
 3.39831e+16	9.63e-01	3.67e-02	5.47e-08
 3.40176e+16	9.65e-01	3.53e-02	6.11e-08
 3.40511e+16	9.66e-01	3.40e-02	6.87e-08
 3.40822e+16	9.67e-01	3.28e-02	7.74e-08
 3.41103e+16	9.68e-01	3.17e-02	8.70e-08
 3.41356e+16	9.69e-01	3.09e-02	9.75e-08
 3.41587e+16	9.70e-01	3.01e-02	1.09e-07
 3.41801e+16	9.71e-01	2.94e-02	1.22e-07
 3.42002e+16	9.71e-01	2.87e-02	1.37e-07
 3.42190e+16	9.72e-01	2.81e-02	1.54e-07
 3.42360e+16	9.73e-01	2.75e-02	1.73e-07
 3.42515e+16	9.73e-01	2.70e-02	1.93e-07
 3.42660e+16	9.73e-01	2.65e-02	2.16e-07
 3.42797e+16	9.74e-01	2.61e-02	2.42e-07
 3.42926e+16	9.74e-01	2.56e-02	2.71e-07
 3.43046e+16	9.75e-01	2.52e-02	3.05e-07
 3.43156e+16	9.75e-01	2.49e-02	3.41e-07
 3.43259e+16	9.75e-01	2.45e-02	3.80e-07
 3.43358e+16	9.76e-01	2.42e-02	4.25e-07
 3.43452e+16	9.76e-01	2.39e-02	4.76e-07
 3.43541e+16	9.76e-01	2.36e-02	5.32e-07
 3.43624e+16	9.77e-01	2.33e-02	5.95e-07
 3.43703e+16	9.77e-01	2.30e-02	6.65e-07
 3.43778e+16	9.77e-01	2.28e-02	7.43e-07
 3.43849e+16	9.77e-01	2.25e-02	8.30e-07
 3.43917e+16	9.78e-01	2.23e-02	9.27e-07
 3.43982e+16	9.78e-01	2.21e-02	1.03e-06
 3.44044e+16	9.78e-01	2.18e-02	1.16e-06
 3.44104e+16	9.78e-01	2.16e-02	1.29e-06
 3.44161e+16	9.79e-01	2.14e-02	1.44e-06
 3.44217e+16	9.79e-01	2.12e-02	1.60e-06
 3.44271e+16	9.79e-01	2.10e-02	1.78e-06
 3.44324e+16	9.79e-01	2.08e-02	1.98e-06
 3.44376e+16	9.79e-01	2.06e-02	2.23e-06
 3.44426e+16	9.80e-01	2.04e-02	2.45e-06
 3.44476e+16	9.80e-01	2.02e-02	2.74e-06
 3.44527e+16	9.80e-01	2.00e-02	3.02e-06
 3.44578e+16	9.80e-01	1.97e-02	3.38e-06
 3.44629e+16	9.80e-01	1.95e-02	3.71e-06
 3.44682e+16	9.81e-01	1.93e-02	4.11e-06
 3.44738e+16	9.81e-01	1.91e-02	4.49e-06
 3.44801e+16	9.81e-01	1.88e-02	4.95e-06
 3.44871e+16	9.82e-01	1.85e-02	5.41e-06
 3.44943e+16	9.82e-01	1.81e-02	5.84e-06
 3.45012e+16	9.82e-01	1.78e-02	6.16e-06
 3.45074e+16	9.82e-01	1.75e-02	6.40e-06
 3.45131e+16	9.83e-01	1.72e-02	6.58e-06
 3.45183e+16	9.83e-01	1.70e-02	6.71e-06
 3.45230e+16	9.83e-01	1.67e-02	6.81e-06
 3.45273e+16	9.83e-01	1.65e-02	6.89e-06
 3.45312e+16	9.84e-01	1.64e-02	6.96e-06
 3.45347e+16	9.84e-01	1.62e-02	7.01e-06
 3.45386e+16	9.84e-01	1.60e-02	7.07e-06
 3.45428e+16	9.84e-01	1.59e-02	7.13e-06
 3.45466e+16	9.84e-01	1.57e-02	7.19e-06
 3.45501e+16	9.84e-01	1.55e-02	7.24e-06
 3.45539e+16	9.85e-01	1.54e-02	7.30e-06
 3.45580e+16	9.85e-01	1.52e-02	7.36e-06
 3.45617e+16	9.85e-01	1.50e-02	7.43e-06
 3.45651e+16	9.85e-01	1.49e-02	7.48e-06
 3.45689e+16	9.85e-01	1.47e-02	7.53e-06
 3.45737e+16	9.85e-01	1.45e-02	7.60e-06
 3.45790e+16	9.86e-01	1.44e-02	7.67e-06
 3.45837e+16	9.86e-01	1.42e-02	7.73e-06
 3.45889e+16	9.86e-01	1.40e-02	7.81e-06
 3.45946e+16	9.86e-01	1.39e-02	7.89e-06
 3.45997e+16	9.86e-01	1.37e-02	7.98e-06
 3.46044e+16	9.86e-01	1.35e-02	8.06e-06
 3.46095e+16	9.87e-01	1.34e-02	8.15e-06
 3.46150e+16	9.87e-01	1.32e-02	8.25e-06
 3.46200e+16	9.87e-01	1.30e-02	8.34e-06
 3.46246e+16	9.87e-01	1.29e-02	8.43e-06
 3.46296e+16	9.87e-01	1.27e-02	8.54e-06
 3.46350e+16	9.87e-01	1.25e-02	8.65e-06
 3.46399e+16	9.88e-01	1.24e-02	8.77e-06
 3.46444e+16	9.88e-01	1.22e-02	8.89e-06
 3.46485e+16	9.88e-01	1.21e-02	9.01e-06
 3.46522e+16	9.88e-01	1.20e-02	9.12e-06
 3.46562e+16	9.88e-01	1.18e-02	9.23e-06
 3.46615e+16	9.88e-01	1.17e-02	9.39e-06
 3.46672e+16	9.89e-01	1.15e-02	9.57e-06
 3.46724e+16	9.89e-01	1.13e-02	9.73e-06
 3.46771e+16	9.89e-01	1.12e-02	9.88e-06
 3.46814e+16	9.89e-01	1.10e-02	1.00e-05
 3.46853e+16	9.89e-01	1.09e-02	1.02e-05
 3.46889e+16	9.89e-01	1.08e-02	1.03e-05
 3.46928e+16	9.89e-01	1.07e-02	1.04e-05
 3.46979e+16	9.89e-01	1.06e-02	1.06e-05
 3.47033e+16	9.90e-01	1.04e-02	1.08e-05
 3.47083e+16	9.90e-01	1.03e-02	1.09e-05
 3.47129e+16	9.90e-01	1.01e-02	1.11e-05
 3.47170e+16	9.90e-01	9.97e-03	1.13e-05
