#depth	He	He+	He+2
 1.20239e+12	1.60e-04	1.87e-01	8.13e-01
 7.21432e+12	1.60e-04	1.87e-01	8.12e-01
 3.12620e+13	1.62e-04	1.89e-01	8.11e-01
 1.27453e+14	1.70e-04	1.94e-01	8.06e-01
 3.04444e+14	1.79e-04	2.01e-01	7.98e-01
 5.34533e+14	1.95e-04	2.13e-01	7.87e-01
 8.14014e+14	2.16e-04	2.30e-01	7.70e-01
 1.12111e+15	2.43e-04	2.50e-01	7.49e-01
 1.45366e+15	2.78e-04	2.77e-01	7.23e-01
 1.83759e+15	3.27e-04	3.12e-01	6.87e-01
 2.21974e+15	3.78e-04	3.52e-01	6.48e-01
 2.54918e+15	4.32e-04	3.91e-01	6.09e-01
 2.90875e+15	5.01e-04	4.40e-01	5.60e-01
 3.28334e+15	5.77e-04	4.94e-01	5.05e-01
 3.60785e+15	6.52e-04	5.45e-01	4.54e-01
 3.96007e+15	7.46e-04	6.05e-01	3.94e-01
 4.34335e+15	8.53e-04	6.69e-01	3.30e-01
 4.70127e+15	9.55e-04	7.27e-01	2.72e-01
 5.10083e+15	1.08e-03	7.87e-01	2.12e-01
 5.62026e+15	1.23e-03	8.52e-01	1.47e-01
 6.16712e+15	1.39e-03	9.03e-01	9.59e-02
 6.67245e+15	1.53e-03	9.35e-01	6.30e-02
 7.25221e+15	1.69e-03	9.60e-01	3.82e-02
 7.95889e+15	1.88e-03	9.77e-01	2.08e-02
 8.70253e+15	2.09e-03	9.87e-01	1.11e-02
 9.25209e+15	2.24e-03	9.91e-01	7.23e-03
 9.58242e+15	2.34e-03	9.92e-01	5.58e-03
 9.91683e+15	2.44e-03	9.93e-01	4.27e-03
 1.03516e+16	2.59e-03	9.94e-01	3.04e-03
 1.08311e+16	2.75e-03	9.95e-01	2.14e-03
 1.12729e+16	2.91e-03	9.96e-01	1.57e-03
 1.16848e+16	3.07e-03	9.96e-01	1.18e-03
 1.21541e+16	3.26e-03	9.96e-01	8.56e-04
 1.26630e+16	3.47e-03	9.96e-01	6.20e-04
 1.31182e+16	3.67e-03	9.96e-01	4.70e-04
 1.35382e+16	3.87e-03	9.96e-01	3.66e-04
 1.40178e+16	4.10e-03	9.96e-01	2.76e-04
 1.45394e+16	4.37e-03	9.95e-01	2.08e-04
 1.50072e+16	4.63e-03	9.95e-01	1.63e-04
 1.54377e+16	4.88e-03	9.95e-01	1.31e-04
 1.59280e+16	5.18e-03	9.95e-01	1.02e-04
 1.64585e+16	5.52e-03	9.94e-01	8.02e-05
 1.69231e+16	5.85e-03	9.94e-01	6.54e-05
 1.73359e+16	6.16e-03	9.94e-01	5.48e-05
 1.77995e+16	6.52e-03	9.93e-01	4.50e-05
 1.83073e+16	6.95e-03	9.93e-01	3.68e-05
 1.87587e+16	7.36e-03	9.93e-01	3.12e-05
 1.91569e+16	7.75e-03	9.92e-01	2.70e-05
 1.96000e+16	8.21e-03	9.92e-01	2.29e-05
 2.00858e+16	8.74e-03	9.91e-01	1.95e-05
 2.05190e+16	9.29e-03	9.91e-01	1.70e-05
 2.08999e+16	9.80e-03	9.90e-01	1.51e-05
 2.13208e+16	1.04e-02	9.90e-01	1.33e-05
 2.17899e+16	1.11e-02	9.89e-01	1.16e-05
 2.22153e+16	1.19e-02	9.88e-01	1.04e-05
 2.25872e+16	1.26e-02	9.87e-01	9.42e-06
 2.29960e+16	1.34e-02	9.87e-01	8.46e-06
 2.34576e+16	1.45e-02	9.85e-01	7.57e-06
 2.38796e+16	1.56e-02	9.84e-01	6.89e-06
 2.42364e+16	1.67e-02	9.83e-01	6.38e-06
 2.46164e+16	1.80e-02	9.82e-01	5.86e-06
 2.50347e+16	1.96e-02	9.80e-01	5.39e-06
 2.54017e+16	2.12e-02	9.79e-01	5.04e-06
 2.57089e+16	2.28e-02	9.77e-01	4.76e-06
 2.60399e+16	2.46e-02	9.75e-01	4.48e-06
 2.64702e+16	2.74e-02	9.73e-01	4.16e-06
 2.68956e+16	3.08e-02	9.69e-01	3.92e-06
 2.71963e+16	3.38e-02	9.66e-01	3.77e-06
 2.74129e+16	3.63e-02	9.64e-01	3.66e-06
 2.76384e+16	3.91e-02	9.61e-01	3.55e-06
 2.79317e+16	4.33e-02	9.57e-01	3.42e-06
 2.82207e+16	4.83e-02	9.52e-01	3.32e-06
 2.84258e+16	5.27e-02	9.47e-01	3.26e-06
 2.85788e+16	5.64e-02	9.44e-01	3.21e-06
 2.87423e+16	6.07e-02	9.39e-01	3.16e-06
 2.89550e+16	6.70e-02	9.33e-01	3.10e-06
 2.91686e+16	7.43e-02	9.26e-01	3.07e-06
 2.93289e+16	8.08e-02	9.19e-01	3.04e-06
 2.94574e+16	8.67e-02	9.13e-01	3.01e-06
 2.95989e+16	9.37e-02	9.06e-01	2.99e-06
 2.97828e+16	1.04e-01	8.96e-01	2.96e-06
 2.99677e+16	1.15e-01	8.85e-01	2.96e-06
 3.01072e+16	1.26e-01	8.74e-01	2.95e-06
 3.02218e+16	1.35e-01	8.65e-01	2.94e-06
 3.03433e+16	1.46e-01	8.54e-01	2.93e-06
 3.04731e+16	1.58e-01	8.42e-01	2.93e-06
 3.05928e+16	1.71e-01	8.29e-01	2.93e-06
 3.06970e+16	1.82e-01	8.18e-01	2.93e-06
 3.07754e+16	1.92e-01	8.08e-01	2.93e-06
 3.08290e+16	1.99e-01	8.01e-01	2.93e-06
 3.08830e+16	2.06e-01	7.94e-01	2.92e-06
 3.09491e+16	2.15e-01	7.85e-01	2.92e-06
 3.10203e+16	2.25e-01	7.75e-01	2.91e-06
 3.10853e+16	2.34e-01	7.66e-01	2.92e-06
 3.11437e+16	2.44e-01	7.56e-01	2.92e-06
 3.12026e+16	2.53e-01	7.47e-01	2.92e-06
 3.12643e+16	2.63e-01	7.37e-01	2.92e-06
 3.13263e+16	2.74e-01	7.26e-01	2.92e-06
 3.13866e+16	2.84e-01	7.16e-01	2.92e-06
 3.14454e+16	2.95e-01	7.05e-01	2.92e-06
 3.15043e+16	3.06e-01	6.94e-01	2.92e-06
 3.15639e+16	3.18e-01	6.82e-01	2.91e-06
 3.16231e+16	3.30e-01	6.70e-01	2.91e-06
 3.16815e+16	3.41e-01	6.59e-01	2.91e-06
 3.17393e+16	3.54e-01	6.46e-01	2.91e-06
 3.17972e+16	3.66e-01	6.34e-01	2.90e-06
 3.18551e+16	3.79e-01	6.21e-01	2.90e-06
 3.19127e+16	3.92e-01	6.08e-01	2.89e-06
 3.19697e+16	4.05e-01	5.95e-01	2.89e-06
 3.20263e+16	4.18e-01	5.82e-01	2.88e-06
 3.20827e+16	4.32e-01	5.68e-01	2.87e-06
 3.21390e+16	4.46e-01	5.54e-01	2.86e-06
 3.21949e+16	4.60e-01	5.40e-01	2.85e-06
 3.22505e+16	4.73e-01	5.27e-01	2.84e-06
 3.23059e+16	4.88e-01	5.12e-01	2.83e-06
 3.23611e+16	5.02e-01	4.98e-01	2.81e-06
 3.24159e+16	5.16e-01	4.84e-01	2.80e-06
 3.24701e+16	5.30e-01	4.70e-01	2.78e-06
 3.25234e+16	5.44e-01	4.56e-01	2.77e-06
 3.25757e+16	5.58e-01	4.42e-01	2.75e-06
 3.26272e+16	5.71e-01	4.29e-01	2.73e-06
 3.26780e+16	5.85e-01	4.15e-01	2.70e-06
 3.27283e+16	5.98e-01	4.02e-01	2.68e-06
 3.27779e+16	6.11e-01	3.89e-01	2.66e-06
 3.28267e+16	6.24e-01	3.76e-01	2.63e-06
 3.28748e+16	6.36e-01	3.64e-01	2.61e-06
 3.29221e+16	6.49e-01	3.51e-01	2.58e-06
 3.29690e+16	6.61e-01	3.39e-01	2.56e-06
 3.30153e+16	6.72e-01	3.28e-01	2.53e-06
 3.30606e+16	6.84e-01	3.16e-01	2.50e-06
 3.31055e+16	6.95e-01	3.05e-01	2.48e-06
 3.31504e+16	7.06e-01	2.94e-01	2.45e-06
 3.31947e+16	7.17e-01	2.83e-01	2.42e-06
 3.32381e+16	7.27e-01	2.73e-01	2.39e-06
 3.32809e+16	7.37e-01	2.63e-01	2.36e-06
 3.33235e+16	7.47e-01	2.53e-01	2.33e-06
 3.33657e+16	7.56e-01	2.44e-01	2.30e-06
 3.34071e+16	7.65e-01	2.35e-01	2.27e-06
 3.34481e+16	7.74e-01	2.26e-01	2.23e-06
 3.34888e+16	7.83e-01	2.17e-01	2.20e-06
 3.35293e+16	7.91e-01	2.09e-01	2.17e-06
 3.35692e+16	7.99e-01	2.01e-01	2.14e-06
 3.36086e+16	8.06e-01	1.94e-01	2.10e-06
 3.36476e+16	8.14e-01	1.86e-01	2.07e-06
 3.36862e+16	8.21e-01	1.79e-01	2.04e-06
 3.37245e+16	8.28e-01	1.72e-01	2.00e-06
 3.37626e+16	8.35e-01	1.65e-01	1.97e-06
 3.38006e+16	8.41e-01	1.59e-01	1.94e-06
 3.38379e+16	8.47e-01	1.53e-01	1.90e-06
 3.38742e+16	8.53e-01	1.47e-01	1.86e-06
 3.39107e+16	8.59e-01	1.41e-01	1.83e-06
 3.39474e+16	8.65e-01	1.35e-01	1.80e-06
 3.39831e+16	8.70e-01	1.30e-01	1.76e-06
 3.40176e+16	8.75e-01	1.25e-01	1.72e-06
 3.40511e+16	8.80e-01	1.20e-01	1.69e-06
 3.40822e+16	8.84e-01	1.16e-01	1.65e-06
 3.41103e+16	8.88e-01	1.12e-01	1.62e-06
 3.41356e+16	8.91e-01	1.09e-01	1.59e-06
 3.41587e+16	8.94e-01	1.06e-01	1.56e-06
 3.41801e+16	8.97e-01	1.03e-01	1.53e-06
 3.42002e+16	9.00e-01	1.00e-01	1.51e-06
 3.42190e+16	9.02e-01	9.79e-02	1.48e-06
 3.42360e+16	9.04e-01	9.58e-02	1.46e-06
 3.42515e+16	9.06e-01	9.39e-02	1.44e-06
 3.42660e+16	9.08e-01	9.21e-02	1.42e-06
 3.42797e+16	9.10e-01	9.04e-02	1.40e-06
 3.42926e+16	9.11e-01	8.89e-02	1.38e-06
 3.43046e+16	9.13e-01	8.74e-02	1.36e-06
 3.43156e+16	9.14e-01	8.61e-02	1.34e-06
 3.43259e+16	9.15e-01	8.49e-02	1.33e-06
 3.43358e+16	9.16e-01	8.38e-02	1.31e-06
 3.43452e+16	9.17e-01	8.27e-02	1.30e-06
 3.43541e+16	9.18e-01	8.17e-02	1.28e-06
 3.43624e+16	9.19e-01	8.07e-02	1.27e-06
 3.43703e+16	9.20e-01	7.98e-02	1.26e-06
 3.43778e+16	9.21e-01	7.89e-02	1.24e-06
 3.43849e+16	9.22e-01	7.81e-02	1.23e-06
 3.43917e+16	9.23e-01	7.73e-02	1.22e-06
 3.43982e+16	9.23e-01	7.66e-02	1.21e-06
 3.44044e+16	9.24e-01	7.59e-02	1.20e-06
 3.44104e+16	9.25e-01	7.52e-02	1.19e-06
 3.44161e+16	9.25e-01	7.45e-02	1.17e-06
 3.44217e+16	9.26e-01	7.39e-02	1.16e-06
 3.44271e+16	9.27e-01	7.33e-02	1.15e-06
 3.44324e+16	9.27e-01	7.27e-02	1.14e-06
 3.44376e+16	9.28e-01	7.21e-02	1.13e-06
 3.44426e+16	9.29e-01	7.15e-02	1.12e-06
 3.44476e+16	9.29e-01	7.09e-02	1.11e-06
 3.44527e+16	9.30e-01	7.03e-02	1.10e-06
 3.44578e+16	9.30e-01	6.97e-02	1.09e-06
 3.44629e+16	9.31e-01	6.91e-02	1.07e-06
 3.44682e+16	9.32e-01	6.84e-02	1.06e-06
 3.44738e+16	9.32e-01	6.78e-02	1.05e-06
 3.44801e+16	9.33e-01	6.70e-02	1.03e-06
 3.44871e+16	9.34e-01	6.62e-02	1.02e-06
 3.44943e+16	9.35e-01	6.53e-02	9.97e-07
 3.45012e+16	9.36e-01	6.45e-02	9.80e-07
 3.45074e+16	9.36e-01	6.37e-02	9.63e-07
 3.45131e+16	9.37e-01	6.30e-02	9.48e-07
 3.45183e+16	9.38e-01	6.23e-02	9.33e-07
 3.45230e+16	9.38e-01	6.17e-02	9.20e-07
 3.45273e+16	9.39e-01	6.11e-02	9.09e-07
 3.45312e+16	9.39e-01	6.06e-02	8.99e-07
 3.45347e+16	9.40e-01	6.02e-02	8.89e-07
 3.45386e+16	9.40e-01	5.97e-02	8.79e-07
 3.45428e+16	9.41e-01	5.92e-02	8.69e-07
 3.45466e+16	9.41e-01	5.87e-02	8.58e-07
 3.45501e+16	9.42e-01	5.82e-02	8.48e-07
 3.45539e+16	9.42e-01	5.77e-02	8.38e-07
 3.45580e+16	9.43e-01	5.72e-02	8.27e-07
 3.45617e+16	9.43e-01	5.67e-02	8.18e-07
 3.45651e+16	9.44e-01	5.63e-02	8.09e-07
 3.45689e+16	9.44e-01	5.59e-02	8.02e-07
 3.45737e+16	9.45e-01	5.52e-02	7.90e-07
 3.45790e+16	9.45e-01	5.47e-02	7.80e-07
 3.45837e+16	9.46e-01	5.42e-02	7.71e-07
 3.45889e+16	9.46e-01	5.36e-02	7.62e-07
 3.45946e+16	9.47e-01	5.30e-02	7.51e-07
 3.45997e+16	9.48e-01	5.25e-02	7.41e-07
 3.46044e+16	9.48e-01	5.19e-02	7.32e-07
 3.46095e+16	9.49e-01	5.14e-02	7.23e-07
 3.46150e+16	9.49e-01	5.08e-02	7.13e-07
 3.46200e+16	9.50e-01	5.03e-02	7.03e-07
 3.46246e+16	9.50e-01	4.98e-02	6.94e-07
 3.46296e+16	9.51e-01	4.93e-02	6.86e-07
 3.46350e+16	9.51e-01	4.87e-02	6.76e-07
 3.46399e+16	9.52e-01	4.82e-02	6.67e-07
 3.46444e+16	9.52e-01	4.77e-02	6.58e-07
 3.46485e+16	9.53e-01	4.72e-02	6.49e-07
 3.46522e+16	9.53e-01	4.68e-02	6.42e-07
 3.46562e+16	9.54e-01	4.64e-02	6.35e-07
 3.46615e+16	9.54e-01	4.58e-02	6.25e-07
 3.46672e+16	9.55e-01	4.53e-02	6.14e-07
 3.46724e+16	9.55e-01	4.47e-02	6.05e-07
 3.46771e+16	9.56e-01	4.42e-02	5.97e-07
 3.46814e+16	9.56e-01	4.38e-02	5.89e-07
 3.46853e+16	9.57e-01	4.34e-02	5.81e-07
 3.46889e+16	9.57e-01	4.30e-02	5.75e-07
 3.46928e+16	9.57e-01	4.26e-02	5.68e-07
 3.46979e+16	9.58e-01	4.22e-02	5.61e-07
 3.47033e+16	9.58e-01	4.16e-02	5.53e-07
 3.47083e+16	9.59e-01	4.12e-02	5.45e-07
 3.47129e+16	9.59e-01	4.08e-02	5.38e-07
 3.47170e+16	9.60e-01	4.04e-02	5.33e-07
