#depth	He	He+	He+2
 1.90248e+11	2.44e-03	9.33e-01	6.50e-02
 1.14149e+12	2.44e-03	9.33e-01	6.48e-02
 4.94645e+12	2.45e-03	9.33e-01	6.41e-02
 2.01663e+13	2.46e-03	9.36e-01	6.11e-02
 4.81708e+13	2.47e-03	9.40e-01	5.71e-02
 8.45767e+13	2.49e-03	9.46e-01	5.17e-02
 1.31904e+14	2.51e-03	9.53e-01	4.49e-02
 1.93430e+14	2.54e-03	9.60e-01	3.71e-02
 2.73414e+14	2.57e-03	9.69e-01	2.86e-02
 3.77393e+14	2.62e-03	9.77e-01	2.01e-02
 5.12565e+14	2.67e-03	9.85e-01	1.27e-02
 6.88290e+14	2.74e-03	9.90e-01	6.91e-03
 8.83362e+14	2.81e-03	9.94e-01	3.55e-03
 1.07013e+15	2.87e-03	9.95e-01	1.89e-03
 1.27948e+15	2.95e-03	9.96e-01	9.36e-04
 1.55163e+15	3.07e-03	9.97e-01	3.88e-04
 1.80962e+15	3.15e-03	9.97e-01	1.67e-04
 2.00454e+15	3.23e-03	9.97e-01	9.03e-05
 2.21325e+15	3.33e-03	9.97e-01	4.75e-05
 2.48458e+15	3.48e-03	9.97e-01	2.11e-05
 2.76984e+15	3.62e-03	9.96e-01	9.03e-06
 3.04683e+15	3.79e-03	9.96e-01	4.02e-06
 3.35151e+15	4.00e-03	9.96e-01	1.68e-06
 3.68666e+15	4.26e-03	9.96e-01	6.53e-07
 4.02189e+15	4.56e-03	9.95e-01	2.50e-07
 4.32033e+15	4.88e-03	9.95e-01	1.06e-07
 4.58750e+15	5.21e-03	9.95e-01	5.08e-08
 4.82400e+15	5.56e-03	9.94e-01	2.70e-08
 5.03347e+15	5.93e-03	9.94e-01	1.58e-08
 5.26662e+15	6.39e-03	9.94e-01	9.04e-09
 5.51723e+15	6.99e-03	9.93e-01	5.11e-09
 5.73081e+15	7.61e-03	9.92e-01	3.28e-09
 5.91286e+15	8.22e-03	9.92e-01	2.33e-09
 6.11362e+15	8.99e-03	9.91e-01	1.64e-09
 6.35936e+15	1.01e-02	9.90e-01	1.11e-09
 6.62682e+15	1.16e-02	9.88e-01	7.63e-10
 6.92910e+15	1.36e-02	9.86e-01	5.16e-10
 7.25796e+15	1.67e-02	9.83e-01	3.53e-10
 7.55529e+15	2.07e-02	9.79e-01	2.62e-10
 7.77558e+15	2.50e-02	9.75e-01	2.16e-10
 7.92099e+15	2.87e-02	9.71e-01	1.91e-10
 8.06049e+15	3.29e-02	9.67e-01	1.69e-10
 8.24184e+15	3.96e-02	9.60e-01	1.46e-10
 8.41959e+15	4.90e-02	9.51e-01	1.30e-10
 8.54213e+15	5.81e-02	9.42e-01	1.20e-10
 8.62753e+15	6.58e-02	9.34e-01	1.13e-10
 8.71518e+15	7.46e-02	9.25e-01	1.07e-10
 8.82913e+15	8.84e-02	9.12e-01	9.95e-11
 8.94575e+15	1.08e-01	8.92e-01	9.26e-11
 9.03382e+15	1.27e-01	8.73e-01	8.78e-11
 9.10023e+15	1.43e-01	8.57e-01	8.42e-11
 9.17051e+15	1.63e-01	8.37e-01	8.03e-11
 9.26188e+15	1.94e-01	8.06e-01	7.51e-11
 9.35466e+15	2.35e-01	7.65e-01	6.98e-11
 9.42487e+15	2.74e-01	7.26e-01	6.55e-11
 9.48027e+15	3.08e-01	6.92e-01	6.19e-11
 9.54084e+15	3.50e-01	6.50e-01	5.77e-11
 9.61957e+15	4.13e-01	5.87e-01	5.14e-11
 9.70125e+15	4.89e-01	5.11e-01	4.51e-11
 9.76848e+15	5.62e-01	4.38e-01	3.86e-11
 9.83760e+15	6.35e-01	3.65e-01	3.22e-11
 9.92747e+15	7.26e-01	2.74e-01	2.44e-11
 1.00443e+16	8.28e-01	1.72e-01	1.54e-11
 1.01962e+16	9.17e-01	8.25e-02	7.39e-12
 1.03936e+16	9.72e-01	2.79e-02	2.48e-12
 1.06503e+16	9.94e-01	6.42e-03	5.56e-13
 1.09574e+16	9.99e-01	1.05e-03	8.89e-14
 1.12575e+16	1.00e+00	1.79e-04	1.48e-14
 1.15219e+16	1.00e+00	4.94e-05	4.03e-15
 1.17666e+16	1.00e+00	2.16e-05	1.74e-15
 1.19962e+16	1.00e+00	1.41e-05	1.12e-15
 1.22111e+16	1.00e+00	1.14e-05	9.07e-16
 1.24129e+16	1.00e+00	1.02e-05	8.06e-16
 1.26050e+16	1.00e+00	9.50e-06	7.46e-16
 1.27884e+16	1.00e+00	8.99e-06	7.03e-16
 1.29637e+16	1.00e+00	8.58e-06	6.70e-16
 1.31317e+16	1.00e+00	8.25e-06	6.43e-16
 1.32931e+16	1.00e+00	7.96e-06	6.20e-16
 1.34488e+16	1.00e+00	7.71e-06	6.00e-16
 1.36046e+16	1.00e+00	7.47e-06	5.82e-16
 1.37558e+16	1.00e+00	7.25e-06	5.65e-16
 1.38980e+16	1.00e+00	7.06e-06	5.51e-16
 1.40371e+16	1.00e+00	6.89e-06	5.38e-16
 1.41739e+16	1.00e+00	6.72e-06	5.25e-16
 1.43090e+16	1.00e+00	6.56e-06	5.14e-16
 1.44428e+16	1.00e+00	6.40e-06	5.02e-16
 1.45762e+16	1.00e+00	6.25e-06	4.91e-16
 1.47097e+16	1.00e+00	6.11e-06	4.80e-16
 1.48440e+16	1.00e+00	5.96e-06	4.69e-16
 1.49798e+16	1.00e+00	5.82e-06	4.58e-16
 1.51176e+16	1.00e+00	5.68e-06	4.47e-16
 1.52580e+16	1.00e+00	5.53e-06	4.35e-16
 1.54014e+16	1.00e+00	5.39e-06	4.24e-16
 1.55485e+16	1.00e+00	5.25e-06	4.12e-16
 1.56994e+16	1.00e+00	5.11e-06	4.00e-16
 1.58547e+16	1.00e+00	4.97e-06	3.88e-16
 1.60143e+16	1.00e+00	4.83e-06	3.76e-16
 1.61783e+16	1.00e+00	4.69e-06	3.64e-16
 1.63468e+16	1.00e+00	4.55e-06	3.52e-16
 1.65195e+16	1.00e+00	4.42e-06	3.40e-16
 1.66960e+16	1.00e+00	4.28e-06	3.28e-16
 1.68725e+16	1.00e+00	4.15e-06	3.17e-16
 1.70530e+16	1.00e+00	4.03e-06	3.06e-16
 1.72400e+16	1.00e+00	3.91e-06	2.95e-16
 1.74287e+16	1.00e+00	3.79e-06	2.85e-16
 1.76184e+16	1.00e+00	3.67e-06	2.75e-16
 1.78075e+16	1.00e+00	3.57e-06	2.66e-16
 1.79955e+16	1.00e+00	3.46e-06	2.58e-16
 1.81819e+16	1.00e+00	3.36e-06	2.50e-16
 1.83663e+16	1.00e+00	3.27e-06	2.43e-16
 1.85481e+16	1.00e+00	3.19e-06	2.37e-16
 1.87269e+16	1.00e+00	3.11e-06	2.32e-16
 1.89024e+16	1.00e+00	3.04e-06	2.27e-16
 1.90744e+16	1.00e+00	2.96e-06	2.22e-16
 1.92429e+16	1.00e+00	2.90e-06	2.19e-16
 1.94080e+16	1.00e+00	2.84e-06	2.15e-16
 1.95695e+16	1.00e+00	2.78e-06	2.13e-16
 1.97280e+16	1.00e+00	2.74e-06	2.11e-16
 1.98840e+16	1.00e+00	2.69e-06	2.10e-16
 2.00382e+16	1.00e+00	2.66e-06	2.09e-16
 2.01911e+16	1.00e+00	2.63e-06	2.09e-16
 2.03439e+16	1.00e+00	2.60e-06	2.09e-16
 2.04981e+16	1.00e+00	2.58e-06	2.10e-16
 2.06560e+16	1.00e+00	2.56e-06	2.11e-16
 2.08211e+16	1.00e+00	2.55e-06	2.13e-16
 2.09997e+16	1.00e+00	2.54e-06	2.15e-16
 2.11993e+16	1.00e+00	2.51e-06	2.14e-16
 2.14135e+16	1.00e+00	2.45e-06	2.10e-16
 2.15877e+16	1.00e+00	2.37e-06	2.04e-16
