#depth	H	H+	H2
 2.69449e+11	1.05e-03	9.99e-01	8.53e-14
 1.61670e+12	1.05e-03	9.99e-01	8.53e-14
 7.00568e+12	1.05e-03	9.99e-01	8.54e-14
 2.85616e+13	1.05e-03	9.99e-01	8.57e-14
 6.82246e+13	1.05e-03	9.99e-01	8.58e-14
 1.19786e+14	1.04e-03	9.99e-01	8.61e-14
 1.86817e+14	1.04e-03	9.99e-01	8.68e-14
 2.73956e+14	1.04e-03	9.99e-01	8.75e-14
 3.87238e+14	1.03e-03	9.99e-01	8.88e-14
 5.34503e+14	1.04e-03	9.99e-01	9.06e-14
 7.25949e+14	1.04e-03	9.99e-01	9.32e-14
 9.74828e+14	1.05e-03	9.99e-01	9.67e-14
 1.29837e+15	1.06e-03	9.99e-01	1.02e-13
 1.71898e+15	1.09e-03	9.99e-01	1.09e-13
 2.26576e+15	1.13e-03	9.99e-01	1.19e-13
 2.97659e+15	1.20e-03	9.99e-01	1.33e-13
 3.89944e+15	1.31e-03	9.99e-01	1.54e-13
 4.81649e+15	1.41e-03	9.99e-01	1.77e-13
 5.53968e+15	1.52e-03	9.98e-01	1.98e-13
 6.18361e+15	1.64e-03	9.98e-01	2.17e-13
 6.82533e+15	1.77e-03	9.98e-01	2.39e-13
 7.46166e+15	1.92e-03	9.98e-01	2.62e-13
 8.06452e+15	2.08e-03	9.98e-01	2.85e-13
 8.63427e+15	2.25e-03	9.98e-01	3.09e-13
 9.18282e+15	2.44e-03	9.98e-01	3.33e-13
 9.71594e+15	2.64e-03	9.97e-01	3.59e-13
 1.02323e+16	2.87e-03	9.97e-01	3.85e-13
 1.07300e+16	3.11e-03	9.97e-01	4.13e-13
 1.12091e+16	3.38e-03	9.97e-01	4.43e-13
 1.16717e+16	3.67e-03	9.96e-01	4.74e-13
 1.21188e+16	4.00e-03	9.96e-01	5.07e-13
 1.25509e+16	4.35e-03	9.96e-01	5.42e-13
 1.29680e+16	4.74e-03	9.95e-01	5.80e-13
 1.33703e+16	5.18e-03	9.95e-01	6.22e-13
 1.37585e+16	5.66e-03	9.94e-01	6.68e-13
 1.41331e+16	6.20e-03	9.94e-01	7.18e-13
 1.44943e+16	6.80e-03	9.93e-01	7.74e-13
 1.48424e+16	7.48e-03	9.93e-01	8.37e-13
 1.51778e+16	8.24e-03	9.92e-01	9.07e-13
 1.54994e+16	9.10e-03	9.91e-01	9.87e-13
 1.58042e+16	1.01e-02	9.90e-01	1.08e-12
 1.60909e+16	1.11e-02	9.89e-01	1.18e-12
 1.63616e+16	1.23e-02	9.88e-01	1.29e-12
 1.66188e+16	1.37e-02	9.86e-01	1.42e-12
 1.68626e+16	1.52e-02	9.85e-01	1.57e-12
 1.70935e+16	1.69e-02	9.83e-01	1.74e-12
 1.73139e+16	1.89e-02	9.81e-01	1.93e-12
 1.75245e+16	2.13e-02	9.79e-01	2.17e-12
 1.77238e+16	2.40e-02	9.76e-01	2.44e-12
 1.79118e+16	2.71e-02	9.73e-01	2.77e-12
 1.80896e+16	3.09e-02	9.69e-01	3.16e-12
 1.82580e+16	3.53e-02	9.65e-01	3.63e-12
 1.84172e+16	4.06e-02	9.59e-01	4.20e-12
 1.85672e+16	4.69e-02	9.53e-01	4.91e-12
 1.87081e+16	5.46e-02	9.45e-01	5.77e-12
 1.88403e+16	6.40e-02	9.36e-01	6.88e-12
 1.89639e+16	7.56e-02	9.24e-01	8.28e-12
 1.90619e+16	8.72e-02	9.13e-01	9.73e-12
 1.91298e+16	9.73e-02	9.03e-01	1.10e-11
 1.91886e+16	1.08e-01	8.92e-01	1.24e-11
 1.92560e+16	1.21e-01	8.79e-01	1.42e-11
 1.93271e+16	1.38e-01	8.62e-01	1.66e-11
 1.93853e+16	1.56e-01	8.44e-01	1.91e-11
 1.94322e+16	1.71e-01	8.29e-01	2.15e-11
 1.94819e+16	1.91e-01	8.09e-01	2.46e-11
 1.95346e+16	2.14e-01	7.86e-01	2.86e-11
 1.95784e+16	2.37e-01	7.63e-01	3.26e-11
 1.96146e+16	2.57e-01	7.43e-01	3.63e-11
 1.96538e+16	2.82e-01	7.18e-01	4.14e-11
 1.96955e+16	3.10e-01	6.90e-01	4.72e-11
 1.97315e+16	3.37e-01	6.63e-01	5.34e-11
 1.97630e+16	3.61e-01	6.39e-01	5.93e-11
 1.97941e+16	3.87e-01	6.13e-01	6.62e-11
 1.98280e+16	4.16e-01	5.84e-01	7.45e-11
 1.98608e+16	4.45e-01	5.55e-01	8.37e-11
 1.98886e+16	4.70e-01	5.30e-01	9.23e-11
 1.99134e+16	4.93e-01	5.07e-01	1.01e-10
 1.99372e+16	5.15e-01	4.85e-01	1.10e-10
 1.99610e+16	5.37e-01	4.63e-01	1.20e-10
 1.99801e+16	5.54e-01	4.46e-01	1.28e-10
 1.99927e+16	5.65e-01	4.35e-01	1.33e-10
 2.00041e+16	5.75e-01	4.25e-01	1.39e-10
 2.00176e+16	5.88e-01	4.12e-01	1.46e-10
 2.00323e+16	6.01e-01	3.99e-01	1.54e-10
 2.00466e+16	6.14e-01	3.86e-01	1.62e-10
 2.00601e+16	6.26e-01	3.74e-01	1.70e-10
 2.00737e+16	6.38e-01	3.62e-01	1.79e-10
 2.00873e+16	6.49e-01	3.51e-01	1.87e-10
 2.01009e+16	6.61e-01	3.39e-01	1.98e-10
 2.01145e+16	6.72e-01	3.28e-01	2.06e-10
 2.01280e+16	6.84e-01	3.16e-01	2.17e-10
 2.01417e+16	6.95e-01	3.05e-01	2.29e-10
 2.01550e+16	7.06e-01	2.94e-01	2.40e-10
 2.01682e+16	7.16e-01	2.84e-01	2.51e-10
 2.01817e+16	7.26e-01	2.74e-01	2.65e-10
 2.01952e+16	7.36e-01	2.64e-01	2.77e-10
 2.02086e+16	7.46e-01	2.54e-01	2.92e-10
 2.02218e+16	7.56e-01	2.44e-01	3.06e-10
 2.02352e+16	7.65e-01	2.35e-01	3.22e-10
 2.02487e+16	7.75e-01	2.25e-01	3.39e-10
 2.02619e+16	7.83e-01	2.17e-01	3.55e-10
 2.02750e+16	7.92e-01	2.08e-01	3.73e-10
 2.02883e+16	8.00e-01	2.00e-01	3.93e-10
 2.03016e+16	8.08e-01	1.92e-01	4.12e-10
 2.03148e+16	8.16e-01	1.84e-01	4.35e-10
 2.03279e+16	8.23e-01	1.77e-01	4.55e-10
 2.03409e+16	8.31e-01	1.69e-01	4.80e-10
 2.03539e+16	8.38e-01	1.62e-01	5.05e-10
 2.03671e+16	8.45e-01	1.55e-01	5.31e-10
 2.03800e+16	8.51e-01	1.49e-01	5.60e-10
 2.03927e+16	8.57e-01	1.43e-01	5.89e-10
 2.04051e+16	8.63e-01	1.37e-01	6.19e-10
 2.04176e+16	8.69e-01	1.31e-01	6.51e-10
 2.04299e+16	8.74e-01	1.26e-01	6.85e-10
 2.04422e+16	8.79e-01	1.21e-01	7.21e-10
 2.04543e+16	8.84e-01	1.16e-01	7.58e-10
 2.04663e+16	8.89e-01	1.11e-01	7.97e-10
 2.04781e+16	8.93e-01	1.07e-01	8.38e-10
 2.04899e+16	8.97e-01	1.03e-01	8.85e-10
 2.05016e+16	9.01e-01	9.86e-02	9.33e-10
 2.05131e+16	9.05e-01	9.48e-02	9.77e-10
 2.05247e+16	9.09e-01	9.10e-02	1.04e-09
 2.05361e+16	9.13e-01	8.74e-02	1.09e-09
 2.05474e+16	9.16e-01	8.41e-02	1.14e-09
 2.05588e+16	9.19e-01	8.07e-02	1.21e-09
 2.05701e+16	9.22e-01	7.76e-02	1.28e-09
 2.05812e+16	9.25e-01	7.45e-02	1.35e-09
 2.05921e+16	9.28e-01	7.17e-02	1.42e-09
 2.06032e+16	9.31e-01	6.89e-02	1.51e-09
 2.06143e+16	9.34e-01	6.62e-02	1.60e-09
 2.06251e+16	9.36e-01	6.37e-02	1.69e-09
 2.06358e+16	9.39e-01	6.14e-02	1.77e-09
 2.06467e+16	9.41e-01	5.90e-02	1.88e-09
 2.06576e+16	9.43e-01	5.67e-02	2.00e-09
 2.06682e+16	9.45e-01	5.45e-02	2.13e-09
 2.06787e+16	9.47e-01	5.25e-02	2.24e-09
 2.06894e+16	9.50e-01	5.05e-02	2.39e-09
 2.07001e+16	9.51e-01	4.85e-02	2.55e-09
 2.07104e+16	9.53e-01	4.67e-02	2.69e-09
 2.07209e+16	9.55e-01	4.50e-02	2.88e-09
 2.07314e+16	9.57e-01	4.32e-02	3.09e-09
 2.07416e+16	9.58e-01	4.16e-02	3.30e-09
 2.07518e+16	9.60e-01	4.00e-02	3.52e-09
 2.07623e+16	9.62e-01	3.84e-02	3.77e-09
 2.07730e+16	9.63e-01	3.69e-02	4.04e-09
 2.07833e+16	9.65e-01	3.55e-02	4.37e-09
 2.07930e+16	9.66e-01	3.42e-02	4.70e-09
 2.08024e+16	9.67e-01	3.29e-02	5.05e-09
 2.08126e+16	9.68e-01	3.18e-02	5.42e-09
 2.08231e+16	9.70e-01	3.04e-02	5.94e-09
 2.08324e+16	9.71e-01	2.93e-02	6.41e-09
 2.08417e+16	9.72e-01	2.83e-02	6.98e-09
 2.08517e+16	9.73e-01	2.71e-02	7.67e-09
 2.08617e+16	9.74e-01	2.60e-02	8.40e-09
 2.08709e+16	9.75e-01	2.50e-02	9.25e-09
 2.08799e+16	9.76e-01	2.41e-02	1.02e-08
 2.08890e+16	9.77e-01	2.31e-02	1.13e-08
 2.08982e+16	9.78e-01	2.22e-02	1.26e-08
 2.09071e+16	9.79e-01	2.13e-02	1.41e-08
 2.09156e+16	9.79e-01	2.05e-02	1.57e-08
 2.09239e+16	9.80e-01	1.97e-02	1.75e-08
 2.09319e+16	9.81e-01	1.90e-02	1.96e-08
 2.09396e+16	9.82e-01	1.82e-02	2.17e-08
 2.09472e+16	9.82e-01	1.75e-02	2.41e-08
 2.09548e+16	9.83e-01	1.68e-02	2.67e-08
 2.09624e+16	9.84e-01	1.61e-02	2.95e-08
 2.09695e+16	9.85e-01	1.55e-02	3.20e-08
 2.09757e+16	9.85e-01	1.49e-02	3.41e-08
 2.09812e+16	9.86e-01	1.45e-02	3.58e-08
 2.09862e+16	9.86e-01	1.40e-02	3.72e-08
 2.09910e+16	9.86e-01	1.36e-02	3.83e-08
 2.09954e+16	9.87e-01	1.33e-02	3.92e-08
 2.09996e+16	9.87e-01	1.29e-02	4.00e-08
 2.10034e+16	9.87e-01	1.26e-02	4.07e-08
 2.10070e+16	9.88e-01	1.23e-02	4.13e-08
 2.10104e+16	9.88e-01	1.20e-02	4.19e-08
 2.10137e+16	9.88e-01	1.17e-02	4.25e-08
 2.10167e+16	9.89e-01	1.15e-02	4.30e-08
 2.10195e+16	9.89e-01	1.12e-02	4.35e-08
 2.10220e+16	9.89e-01	1.10e-02	4.41e-08
 2.10243e+16	9.89e-01	1.08e-02	4.45e-08
 2.10264e+16	9.89e-01	1.07e-02	4.50e-08
 2.10283e+16	9.89e-01	1.05e-02	4.55e-08
 2.10300e+16	9.90e-01	1.04e-02	4.59e-08
 2.10319e+16	9.90e-01	1.02e-02	4.63e-08
 2.10344e+16	9.90e-01	1.00e-02	4.72e-08
 2.10370e+16	9.90e-01	9.76e-03	4.81e-08
