#depth	O	O+	O+2	O+3	O+4	O+5	O+6	O+7	O+8	O[1]	O[2]	O[3]
 2.69449e+11	2.90e-05	4.07e-02	9.59e-01	2.08e-04	0.00e+00	0.00e+00	0.00e+00	0.00e+00	0.00e+00	1.91e-05	6.96e-06	2.99e-06
 1.61670e+12	2.90e-05	4.07e-02	9.59e-01	2.07e-04	0.00e+00	0.00e+00	0.00e+00	0.00e+00	0.00e+00	1.90e-05	6.96e-06	2.99e-06
 7.00568e+12	2.90e-05	4.07e-02	9.59e-01	2.04e-04	0.00e+00	0.00e+00	0.00e+00	0.00e+00	0.00e+00	1.90e-05	6.97e-06	2.99e-06
 2.85616e+13	2.91e-05	4.08e-02	9.59e-01	1.92e-04	0.00e+00	0.00e+00	0.00e+00	0.00e+00	0.00e+00	1.91e-05	7.01e-06	3.01e-06
 6.82246e+13	2.91e-05	4.09e-02	9.59e-01	1.77e-04	0.00e+00	0.00e+00	0.00e+00	0.00e+00	0.00e+00	1.91e-05	7.01e-06	3.01e-06
 1.19786e+14	2.92e-05	4.11e-02	9.59e-01	1.57e-04	0.00e+00	0.00e+00	0.00e+00	0.00e+00	0.00e+00	1.91e-05	7.03e-06	3.02e-06
 1.86817e+14	2.94e-05	4.13e-02	9.59e-01	1.35e-04	0.00e+00	0.00e+00	0.00e+00	0.00e+00	0.00e+00	1.93e-05	7.07e-06	3.04e-06
 2.73956e+14	2.96e-05	4.16e-02	9.58e-01	1.10e-04	0.00e+00	0.00e+00	0.00e+00	0.00e+00	0.00e+00	1.94e-05	7.13e-06	3.07e-06
 3.87238e+14	3.01e-05	4.20e-02	9.58e-01	8.44e-05	0.00e+00	0.00e+00	0.00e+00	0.00e+00	0.00e+00	1.97e-05	7.23e-06	3.11e-06
 5.34503e+14	3.07e-05	4.26e-02	9.57e-01	5.93e-05	0.00e+00	0.00e+00	0.00e+00	0.00e+00	0.00e+00	2.01e-05	7.38e-06	3.18e-06
 7.25949e+14	3.16e-05	4.33e-02	9.57e-01	3.75e-05	0.00e+00	0.00e+00	0.00e+00	0.00e+00	0.00e+00	2.07e-05	7.60e-06	3.27e-06
 9.74828e+14	3.30e-05	4.43e-02	9.56e-01	2.07e-05	0.00e+00	0.00e+00	0.00e+00	0.00e+00	0.00e+00	2.16e-05	7.91e-06	3.41e-06
 1.29837e+15	3.49e-05	4.56e-02	9.54e-01	9.73e-06	0.00e+00	0.00e+00	0.00e+00	0.00e+00	0.00e+00	2.29e-05	8.38e-06	3.62e-06
 1.71898e+15	3.78e-05	4.74e-02	9.53e-01	3.77e-06	0.00e+00	0.00e+00	0.00e+00	0.00e+00	0.00e+00	2.48e-05	9.08e-06	3.92e-06
 2.26576e+15	4.23e-05	4.98e-02	9.50e-01	1.22e-06	0.00e+00	0.00e+00	0.00e+00	0.00e+00	0.00e+00	2.77e-05	1.01e-05	4.38e-06
 2.97659e+15	4.91e-05	5.32e-02	9.47e-01	3.78e-07	0.00e+00	0.00e+00	0.00e+00	0.00e+00	0.00e+00	3.23e-05	1.18e-05	5.09e-06
 3.89944e+15	6.04e-05	5.81e-02	9.42e-01	1.62e-07	0.00e+00	0.00e+00	0.00e+00	0.00e+00	0.00e+00	3.97e-05	1.44e-05	6.25e-06
 4.81649e+15	7.30e-05	6.30e-02	9.37e-01	0.00e+00	0.00e+00	0.00e+00	0.00e+00	0.00e+00	0.00e+00	4.80e-05	1.74e-05	7.56e-06
 5.53968e+15	8.59e-05	6.75e-02	9.32e-01	0.00e+00	0.00e+00	0.00e+00	0.00e+00	0.00e+00	0.00e+00	5.65e-05	2.05e-05	8.89e-06
 6.18361e+15	1.00e-04	7.19e-02	9.28e-01	0.00e+00	0.00e+00	0.00e+00	0.00e+00	0.00e+00	0.00e+00	6.60e-05	2.40e-05	1.04e-05
 6.82533e+15	1.18e-04	7.67e-02	9.23e-01	0.00e+00	0.00e+00	0.00e+00	0.00e+00	0.00e+00	0.00e+00	7.76e-05	2.82e-05	1.22e-05
 7.46166e+15	1.39e-04	8.20e-02	9.18e-01	0.00e+00	0.00e+00	0.00e+00	0.00e+00	0.00e+00	0.00e+00	9.15e-05	3.33e-05	1.44e-05
 8.06452e+15	1.64e-04	8.75e-02	9.12e-01	0.00e+00	0.00e+00	0.00e+00	0.00e+00	0.00e+00	0.00e+00	1.08e-04	3.91e-05	1.69e-05
 8.63427e+15	1.92e-04	9.32e-02	9.07e-01	0.00e+00	0.00e+00	0.00e+00	0.00e+00	0.00e+00	0.00e+00	1.26e-04	4.59e-05	1.98e-05
 9.18282e+15	2.25e-04	9.94e-02	9.00e-01	0.00e+00	0.00e+00	0.00e+00	0.00e+00	0.00e+00	0.00e+00	1.48e-04	5.38e-05	2.32e-05
 9.71594e+15	2.64e-04	1.06e-01	8.94e-01	0.00e+00	0.00e+00	0.00e+00	0.00e+00	0.00e+00	0.00e+00	1.74e-04	6.33e-05	2.73e-05
 1.02323e+16	3.11e-04	1.13e-01	8.86e-01	0.00e+00	0.00e+00	0.00e+00	0.00e+00	0.00e+00	0.00e+00	2.04e-04	7.45e-05	3.21e-05
 1.07300e+16	3.66e-04	1.21e-01	8.78e-01	0.00e+00	0.00e+00	0.00e+00	0.00e+00	0.00e+00	0.00e+00	2.40e-04	8.77e-05	3.77e-05
 1.12091e+16	4.31e-04	1.30e-01	8.70e-01	0.00e+00	0.00e+00	0.00e+00	0.00e+00	0.00e+00	0.00e+00	2.83e-04	1.03e-04	4.44e-05
 1.16717e+16	5.08e-04	1.39e-01	8.61e-01	0.00e+00	0.00e+00	0.00e+00	0.00e+00	0.00e+00	0.00e+00	3.34e-04	1.22e-04	5.24e-05
 1.21188e+16	6.01e-04	1.49e-01	8.50e-01	0.00e+00	0.00e+00	0.00e+00	0.00e+00	0.00e+00	0.00e+00	3.94e-04	1.45e-04	6.20e-05
 1.25509e+16	7.12e-04	1.60e-01	8.39e-01	0.00e+00	0.00e+00	0.00e+00	0.00e+00	0.00e+00	0.00e+00	4.67e-04	1.72e-04	7.34e-05
 1.29680e+16	8.46e-04	1.73e-01	8.27e-01	0.00e+00	0.00e+00	0.00e+00	0.00e+00	0.00e+00	0.00e+00	5.55e-04	2.04e-04	8.72e-05
 1.33703e+16	1.01e-03	1.86e-01	8.13e-01	0.00e+00	0.00e+00	0.00e+00	0.00e+00	0.00e+00	0.00e+00	6.60e-04	2.43e-04	1.04e-04
 1.37585e+16	1.20e-03	2.01e-01	7.98e-01	0.00e+00	0.00e+00	0.00e+00	0.00e+00	0.00e+00	0.00e+00	7.89e-04	2.91e-04	1.24e-04
 1.41331e+16	1.44e-03	2.17e-01	7.81e-01	0.00e+00	0.00e+00	0.00e+00	0.00e+00	0.00e+00	0.00e+00	9.45e-04	3.49e-04	1.48e-04
 1.44943e+16	1.73e-03	2.36e-01	7.63e-01	0.00e+00	0.00e+00	0.00e+00	0.00e+00	0.00e+00	0.00e+00	1.13e-03	4.20e-04	1.78e-04
 1.48424e+16	2.09e-03	2.56e-01	7.42e-01	0.00e+00	0.00e+00	0.00e+00	0.00e+00	0.00e+00	0.00e+00	1.37e-03	5.07e-04	2.15e-04
 1.51778e+16	2.53e-03	2.78e-01	7.20e-01	0.00e+00	0.00e+00	0.00e+00	0.00e+00	0.00e+00	0.00e+00	1.65e-03	6.14e-04	2.60e-04
 1.54994e+16	3.07e-03	3.02e-01	6.95e-01	0.00e+00	0.00e+00	0.00e+00	0.00e+00	0.00e+00	0.00e+00	2.00e-03	7.45e-04	3.15e-04
 1.58042e+16	3.72e-03	3.28e-01	6.68e-01	0.00e+00	0.00e+00	0.00e+00	0.00e+00	0.00e+00	0.00e+00	2.43e-03	9.05e-04	3.81e-04
 1.60909e+16	4.50e-03	3.56e-01	6.39e-01	0.00e+00	0.00e+00	0.00e+00	0.00e+00	0.00e+00	0.00e+00	2.94e-03	1.10e-03	4.61e-04
 1.63616e+16	5.45e-03	3.86e-01	6.09e-01	0.00e+00	0.00e+00	0.00e+00	0.00e+00	0.00e+00	0.00e+00	3.56e-03	1.33e-03	5.58e-04
 1.66188e+16	6.61e-03	4.18e-01	5.76e-01	0.00e+00	0.00e+00	0.00e+00	0.00e+00	0.00e+00	0.00e+00	4.32e-03	1.61e-03	6.75e-04
 1.68626e+16	7.99e-03	4.51e-01	5.41e-01	0.00e+00	0.00e+00	0.00e+00	0.00e+00	0.00e+00	0.00e+00	5.23e-03	1.94e-03	8.17e-04
 1.70935e+16	9.66e-03	4.85e-01	5.05e-01	0.00e+00	0.00e+00	0.00e+00	0.00e+00	0.00e+00	0.00e+00	6.32e-03	2.35e-03	9.86e-04
 1.73139e+16	1.17e-02	5.21e-01	4.67e-01	0.00e+00	0.00e+00	0.00e+00	0.00e+00	0.00e+00	0.00e+00	7.65e-03	2.84e-03	1.19e-03
 1.75245e+16	1.42e-02	5.58e-01	4.28e-01	0.00e+00	0.00e+00	0.00e+00	0.00e+00	0.00e+00	0.00e+00	9.28e-03	3.44e-03	1.44e-03
 1.77238e+16	1.72e-02	5.95e-01	3.88e-01	0.00e+00	0.00e+00	0.00e+00	0.00e+00	0.00e+00	0.00e+00	1.12e-02	4.17e-03	1.75e-03
 1.79118e+16	2.08e-02	6.32e-01	3.48e-01	0.00e+00	0.00e+00	0.00e+00	0.00e+00	0.00e+00	0.00e+00	1.36e-02	5.05e-03	2.12e-03
 1.80896e+16	2.52e-02	6.67e-01	3.08e-01	0.00e+00	0.00e+00	0.00e+00	0.00e+00	0.00e+00	0.00e+00	1.65e-02	6.11e-03	2.56e-03
 1.82580e+16	3.05e-02	7.01e-01	2.69e-01	0.00e+00	0.00e+00	0.00e+00	0.00e+00	0.00e+00	0.00e+00	2.00e-02	7.40e-03	3.10e-03
 1.84172e+16	3.70e-02	7.32e-01	2.31e-01	0.00e+00	0.00e+00	0.00e+00	0.00e+00	0.00e+00	0.00e+00	2.43e-02	8.96e-03	3.76e-03
 1.85672e+16	4.49e-02	7.60e-01	1.95e-01	0.00e+00	0.00e+00	0.00e+00	0.00e+00	0.00e+00	0.00e+00	2.95e-02	1.09e-02	4.56e-03
 1.87081e+16	5.45e-02	7.83e-01	1.63e-01	0.00e+00	0.00e+00	0.00e+00	0.00e+00	0.00e+00	0.00e+00	3.58e-02	1.31e-02	5.53e-03
 1.88403e+16	6.62e-02	8.01e-01	1.33e-01	0.00e+00	0.00e+00	0.00e+00	0.00e+00	0.00e+00	0.00e+00	4.35e-02	1.59e-02	6.72e-03
 1.89639e+16	8.06e-02	8.13e-01	1.06e-01	0.00e+00	0.00e+00	0.00e+00	0.00e+00	0.00e+00	0.00e+00	5.30e-02	1.93e-02	8.17e-03
 1.90619e+16	9.50e-02	8.18e-01	8.68e-02	0.00e+00	0.00e+00	0.00e+00	0.00e+00	0.00e+00	0.00e+00	6.26e-02	2.27e-02	9.62e-03
 1.91298e+16	1.07e-01	8.18e-01	7.40e-02	0.00e+00	0.00e+00	0.00e+00	0.00e+00	0.00e+00	0.00e+00	7.09e-02	2.56e-02	1.09e-02
 1.91886e+16	1.20e-01	8.16e-01	6.38e-02	0.00e+00	0.00e+00	0.00e+00	0.00e+00	0.00e+00	0.00e+00	7.91e-02	2.85e-02	1.21e-02
 1.92560e+16	1.36e-01	8.11e-01	5.29e-02	0.00e+00	0.00e+00	0.00e+00	0.00e+00	0.00e+00	0.00e+00	9.02e-02	3.24e-02	1.38e-02
 1.93271e+16	1.57e-01	8.00e-01	4.26e-02	0.00e+00	0.00e+00	0.00e+00	0.00e+00	0.00e+00	0.00e+00	1.04e-01	3.71e-02	1.59e-02
 1.93853e+16	1.78e-01	7.87e-01	3.50e-02	0.00e+00	0.00e+00	0.00e+00	0.00e+00	0.00e+00	0.00e+00	1.18e-01	4.17e-02	1.79e-02
 1.94322e+16	1.96e-01	7.74e-01	2.96e-02	0.00e+00	0.00e+00	0.00e+00	0.00e+00	0.00e+00	0.00e+00	1.30e-01	4.59e-02	1.98e-02
 1.94819e+16	2.19e-01	7.57e-01	2.43e-02	0.00e+00	0.00e+00	0.00e+00	0.00e+00	0.00e+00	0.00e+00	1.46e-01	5.09e-02	2.20e-02
 1.95346e+16	2.46e-01	7.34e-01	1.94e-02	0.00e+00	0.00e+00	0.00e+00	0.00e+00	0.00e+00	0.00e+00	1.65e-01	5.68e-02	2.47e-02
 1.95784e+16	2.72e-01	7.12e-01	1.59e-02	0.00e+00	0.00e+00	0.00e+00	0.00e+00	0.00e+00	0.00e+00	1.82e-01	6.24e-02	2.73e-02
 1.96146e+16	2.95e-01	6.92e-01	1.34e-02	0.00e+00	0.00e+00	0.00e+00	0.00e+00	0.00e+00	0.00e+00	1.98e-01	6.71e-02	2.95e-02
 1.96538e+16	3.23e-01	6.66e-01	1.09e-02	0.00e+00	0.00e+00	0.00e+00	0.00e+00	0.00e+00	0.00e+00	2.18e-01	7.29e-02	3.22e-02
 1.96955e+16	3.53e-01	6.38e-01	8.70e-03	0.00e+00	0.00e+00	0.00e+00	0.00e+00	0.00e+00	0.00e+00	2.39e-01	7.90e-02	3.52e-02
 1.97315e+16	3.83e-01	6.10e-01	7.07e-03	0.00e+00	0.00e+00	0.00e+00	0.00e+00	0.00e+00	0.00e+00	2.60e-01	8.46e-02	3.80e-02
 1.97630e+16	4.09e-01	5.86e-01	5.87e-03	0.00e+00	0.00e+00	0.00e+00	0.00e+00	0.00e+00	0.00e+00	2.78e-01	8.95e-02	4.04e-02
 1.97941e+16	4.36e-01	5.59e-01	4.83e-03	0.00e+00	0.00e+00	0.00e+00	0.00e+00	0.00e+00	0.00e+00	2.98e-01	9.45e-02	4.30e-02
 1.98280e+16	4.66e-01	5.30e-01	3.88e-03	0.00e+00	0.00e+00	0.00e+00	0.00e+00	0.00e+00	0.00e+00	3.21e-01	9.97e-02	4.57e-02
 1.98608e+16	4.96e-01	5.01e-01	3.11e-03	0.00e+00	0.00e+00	0.00e+00	0.00e+00	0.00e+00	0.00e+00	3.43e-01	1.05e-01	4.84e-02
 1.98886e+16	5.22e-01	4.76e-01	2.57e-03	0.00e+00	0.00e+00	0.00e+00	0.00e+00	0.00e+00	0.00e+00	3.63e-01	1.08e-01	5.07e-02
 1.99134e+16	5.45e-01	4.53e-01	2.15e-03	0.00e+00	0.00e+00	0.00e+00	0.00e+00	0.00e+00	0.00e+00	3.80e-01	1.12e-01	5.26e-02
 1.99372e+16	5.67e-01	4.31e-01	1.81e-03	0.00e+00	0.00e+00	0.00e+00	0.00e+00	0.00e+00	0.00e+00	3.98e-01	1.15e-01	5.45e-02
 1.99610e+16	5.89e-01	4.10e-01	1.51e-03	0.00e+00	0.00e+00	0.00e+00	0.00e+00	0.00e+00	0.00e+00	4.15e-01	1.17e-01	5.62e-02
 1.99801e+16	6.05e-01	3.93e-01	1.31e-03	0.00e+00	0.00e+00	0.00e+00	0.00e+00	0.00e+00	0.00e+00	4.28e-01	1.19e-01	5.75e-02
 1.99927e+16	6.16e-01	3.83e-01	1.20e-03	0.00e+00	0.00e+00	0.00e+00	0.00e+00	0.00e+00	0.00e+00	4.37e-01	1.21e-01	5.84e-02
 2.00041e+16	6.26e-01	3.73e-01	1.09e-03	0.00e+00	0.00e+00	0.00e+00	0.00e+00	0.00e+00	0.00e+00	4.45e-01	1.22e-01	5.91e-02
 2.00176e+16	6.38e-01	3.61e-01	9.82e-04	0.00e+00	0.00e+00	0.00e+00	0.00e+00	0.00e+00	0.00e+00	4.55e-01	1.23e-01	6.00e-02
 2.00323e+16	6.51e-01	3.48e-01	8.73e-04	0.00e+00	0.00e+00	0.00e+00	0.00e+00	0.00e+00	0.00e+00	4.66e-01	1.24e-01	6.09e-02
 2.00466e+16	6.63e-01	3.36e-01	7.79e-04	0.00e+00	0.00e+00	0.00e+00	0.00e+00	0.00e+00	0.00e+00	4.76e-01	1.25e-01	6.18e-02
 2.00601e+16	6.74e-01	3.25e-01	6.98e-04	0.00e+00	0.00e+00	0.00e+00	0.00e+00	0.00e+00	0.00e+00	4.85e-01	1.26e-01	6.25e-02
 2.00737e+16	6.85e-01	3.14e-01	6.23e-04	0.00e+00	0.00e+00	0.00e+00	0.00e+00	0.00e+00	0.00e+00	4.95e-01	1.27e-01	6.33e-02
 2.00873e+16	6.96e-01	3.03e-01	5.56e-04	0.00e+00	0.00e+00	0.00e+00	0.00e+00	0.00e+00	0.00e+00	5.05e-01	1.27e-01	6.40e-02
 2.01009e+16	7.08e-01	2.92e-01	4.95e-04	0.00e+00	0.00e+00	0.00e+00	0.00e+00	0.00e+00	0.00e+00	5.15e-01	1.28e-01	6.46e-02
 2.01145e+16	7.18e-01	2.82e-01	4.41e-04	0.00e+00	0.00e+00	0.00e+00	0.00e+00	0.00e+00	0.00e+00	5.24e-01	1.28e-01	6.52e-02
 2.01280e+16	7.28e-01	2.71e-01	3.92e-04	0.00e+00	0.00e+00	0.00e+00	0.00e+00	0.00e+00	0.00e+00	5.33e-01	1.29e-01	6.58e-02
 2.01417e+16	7.39e-01	2.61e-01	3.48e-04	0.00e+00	0.00e+00	0.00e+00	0.00e+00	0.00e+00	0.00e+00	5.43e-01	1.29e-01	6.63e-02
 2.01550e+16	7.48e-01	2.51e-01	3.09e-04	0.00e+00	0.00e+00	0.00e+00	0.00e+00	0.00e+00	0.00e+00	5.52e-01	1.29e-01	6.68e-02
 2.01682e+16	7.58e-01	2.42e-01	2.75e-04	0.00e+00	0.00e+00	0.00e+00	0.00e+00	0.00e+00	0.00e+00	5.61e-01	1.29e-01	6.72e-02
 2.01817e+16	7.67e-01	2.32e-01	2.43e-04	0.00e+00	0.00e+00	0.00e+00	0.00e+00	0.00e+00	0.00e+00	5.70e-01	1.29e-01	6.76e-02
 2.01952e+16	7.76e-01	2.24e-01	2.15e-04	0.00e+00	0.00e+00	0.00e+00	0.00e+00	0.00e+00	0.00e+00	5.79e-01	1.29e-01	6.80e-02
 2.02086e+16	7.85e-01	2.14e-01	1.90e-04	0.00e+00	0.00e+00	0.00e+00	0.00e+00	0.00e+00	0.00e+00	5.88e-01	1.29e-01	6.83e-02
 2.02218e+16	7.94e-01	2.06e-01	1.68e-04	0.00e+00	0.00e+00	0.00e+00	0.00e+00	0.00e+00	0.00e+00	5.96e-01	1.29e-01	6.86e-02
 2.02352e+16	8.02e-01	1.98e-01	1.48e-04	0.00e+00	0.00e+00	0.00e+00	0.00e+00	0.00e+00	0.00e+00	6.04e-01	1.29e-01	6.88e-02
 2.02487e+16	8.10e-01	1.90e-01	1.31e-04	0.00e+00	0.00e+00	0.00e+00	0.00e+00	0.00e+00	0.00e+00	6.13e-01	1.28e-01	6.90e-02
 2.02619e+16	8.18e-01	1.82e-01	1.15e-04	0.00e+00	0.00e+00	0.00e+00	0.00e+00	0.00e+00	0.00e+00	6.21e-01	1.28e-01	6.91e-02
 2.02750e+16	8.25e-01	1.74e-01	1.02e-04	0.00e+00	0.00e+00	0.00e+00	0.00e+00	0.00e+00	0.00e+00	6.29e-01	1.28e-01	6.92e-02
 2.02883e+16	8.33e-01	1.67e-01	8.92e-05	0.00e+00	0.00e+00	0.00e+00	0.00e+00	0.00e+00	0.00e+00	6.37e-01	1.27e-01	6.93e-02
 2.03016e+16	8.40e-01	1.60e-01	7.85e-05	0.00e+00	0.00e+00	0.00e+00	0.00e+00	0.00e+00	0.00e+00	6.44e-01	1.26e-01	6.93e-02
 2.03148e+16	8.47e-01	1.53e-01	6.89e-05	0.00e+00	0.00e+00	0.00e+00	0.00e+00	0.00e+00	0.00e+00	6.52e-01	1.26e-01	6.93e-02
 2.03279e+16	8.53e-01	1.47e-01	6.06e-05	0.00e+00	0.00e+00	0.00e+00	0.00e+00	0.00e+00	0.00e+00	6.59e-01	1.25e-01	6.93e-02
 2.03409e+16	8.59e-01	1.41e-01	5.33e-05	0.00e+00	0.00e+00	0.00e+00	0.00e+00	0.00e+00	0.00e+00	6.66e-01	1.24e-01	6.92e-02
 2.03539e+16	8.65e-01	1.34e-01	4.67e-05	0.00e+00	0.00e+00	0.00e+00	0.00e+00	0.00e+00	0.00e+00	6.73e-01	1.24e-01	6.91e-02
 2.03671e+16	8.71e-01	1.29e-01	4.09e-05	0.00e+00	0.00e+00	0.00e+00	0.00e+00	0.00e+00	0.00e+00	6.79e-01	1.23e-01	6.90e-02
 2.03800e+16	8.77e-01	1.23e-01	3.59e-05	0.00e+00	0.00e+00	0.00e+00	0.00e+00	0.00e+00	0.00e+00	6.86e-01	1.22e-01	6.88e-02
 2.03927e+16	8.82e-01	1.18e-01	3.16e-05	0.00e+00	0.00e+00	0.00e+00	0.00e+00	0.00e+00	0.00e+00	6.92e-01	1.21e-01	6.87e-02
 2.04051e+16	8.87e-01	1.13e-01	2.78e-05	0.00e+00	0.00e+00	0.00e+00	0.00e+00	0.00e+00	0.00e+00	6.98e-01	1.20e-01	6.85e-02
 2.04176e+16	8.92e-01	1.08e-01	2.45e-05	0.00e+00	0.00e+00	0.00e+00	0.00e+00	0.00e+00	0.00e+00	7.04e-01	1.20e-01	6.83e-02
 2.04299e+16	8.96e-01	1.04e-01	2.15e-05	0.00e+00	0.00e+00	0.00e+00	0.00e+00	0.00e+00	0.00e+00	7.09e-01	1.19e-01	6.80e-02
 2.04422e+16	9.01e-01	9.92e-02	1.90e-05	0.00e+00	0.00e+00	0.00e+00	0.00e+00	0.00e+00	0.00e+00	7.15e-01	1.18e-01	6.78e-02
 2.04543e+16	9.05e-01	9.51e-02	1.67e-05	0.00e+00	0.00e+00	0.00e+00	0.00e+00	0.00e+00	0.00e+00	7.20e-01	1.17e-01	6.76e-02
 2.04663e+16	9.09e-01	9.12e-02	1.48e-05	0.00e+00	0.00e+00	0.00e+00	0.00e+00	0.00e+00	0.00e+00	7.25e-01	1.16e-01	6.73e-02
 2.04781e+16	9.13e-01	8.75e-02	1.30e-05	0.00e+00	0.00e+00	0.00e+00	0.00e+00	0.00e+00	0.00e+00	7.30e-01	1.16e-01	6.71e-02
 2.04899e+16	9.16e-01	8.39e-02	1.15e-05	0.00e+00	0.00e+00	0.00e+00	0.00e+00	0.00e+00	0.00e+00	7.35e-01	1.15e-01	6.68e-02
 2.05016e+16	9.20e-01	8.04e-02	1.02e-05	0.00e+00	0.00e+00	0.00e+00	0.00e+00	0.00e+00	0.00e+00	7.39e-01	1.14e-01	6.65e-02
 2.05131e+16	9.23e-01	7.73e-02	9.02e-06	0.00e+00	0.00e+00	0.00e+00	0.00e+00	0.00e+00	0.00e+00	7.43e-01	1.13e-01	6.63e-02
 2.05247e+16	9.26e-01	7.41e-02	7.98e-06	0.00e+00	0.00e+00	0.00e+00	0.00e+00	0.00e+00	0.00e+00	7.48e-01	1.12e-01	6.60e-02
 2.05361e+16	9.29e-01	7.10e-02	7.06e-06	0.00e+00	0.00e+00	0.00e+00	0.00e+00	0.00e+00	0.00e+00	7.52e-01	1.12e-01	6.57e-02
 2.05474e+16	9.32e-01	6.83e-02	6.26e-06	0.00e+00	0.00e+00	0.00e+00	0.00e+00	0.00e+00	0.00e+00	7.55e-01	1.11e-01	6.54e-02
 2.05588e+16	9.34e-01	6.55e-02	5.55e-06	0.00e+00	0.00e+00	0.00e+00	0.00e+00	0.00e+00	0.00e+00	7.59e-01	1.10e-01	6.50e-02
 2.05701e+16	9.37e-01	6.29e-02	4.92e-06	0.00e+00	0.00e+00	0.00e+00	0.00e+00	0.00e+00	0.00e+00	7.63e-01	1.09e-01	6.47e-02
 2.05812e+16	9.40e-01	6.04e-02	4.36e-06	0.00e+00	0.00e+00	0.00e+00	0.00e+00	0.00e+00	0.00e+00	7.67e-01	1.09e-01	6.43e-02
 2.05921e+16	9.42e-01	5.80e-02	3.88e-06	0.00e+00	0.00e+00	0.00e+00	0.00e+00	0.00e+00	0.00e+00	7.70e-01	1.08e-01	6.40e-02
 2.06032e+16	9.44e-01	5.57e-02	3.44e-06	0.00e+00	0.00e+00	0.00e+00	0.00e+00	0.00e+00	0.00e+00	7.73e-01	1.07e-01	6.37e-02
 2.06143e+16	9.47e-01	5.35e-02	3.05e-06	0.00e+00	0.00e+00	0.00e+00	0.00e+00	0.00e+00	0.00e+00	7.77e-01	1.07e-01	6.33e-02
 2.06251e+16	9.49e-01	5.14e-02	2.72e-06	0.00e+00	0.00e+00	0.00e+00	0.00e+00	0.00e+00	0.00e+00	7.80e-01	1.06e-01	6.30e-02
 2.06358e+16	9.50e-01	4.95e-02	2.43e-06	0.00e+00	0.00e+00	0.00e+00	0.00e+00	0.00e+00	0.00e+00	7.82e-01	1.05e-01	6.27e-02
 2.06467e+16	9.52e-01	4.75e-02	2.15e-06	0.00e+00	0.00e+00	0.00e+00	0.00e+00	0.00e+00	0.00e+00	7.85e-01	1.05e-01	6.24e-02
 2.06576e+16	9.54e-01	4.56e-02	1.91e-06	0.00e+00	0.00e+00	0.00e+00	0.00e+00	0.00e+00	0.00e+00	7.88e-01	1.04e-01	6.21e-02
 2.06682e+16	9.56e-01	4.39e-02	1.71e-06	0.00e+00	0.00e+00	0.00e+00	0.00e+00	0.00e+00	0.00e+00	7.91e-01	1.03e-01	6.18e-02
 2.06787e+16	9.58e-01	4.22e-02	1.52e-06	0.00e+00	0.00e+00	0.00e+00	0.00e+00	0.00e+00	0.00e+00	7.93e-01	1.03e-01	6.15e-02
 2.06894e+16	9.59e-01	4.06e-02	1.35e-06	0.00e+00	0.00e+00	0.00e+00	0.00e+00	0.00e+00	0.00e+00	7.96e-01	1.02e-01	6.12e-02
 2.07001e+16	9.61e-01	3.89e-02	1.21e-06	0.00e+00	0.00e+00	0.00e+00	0.00e+00	0.00e+00	0.00e+00	7.99e-01	1.02e-01	6.09e-02
 2.07104e+16	9.62e-01	3.75e-02	1.08e-06	0.00e+00	0.00e+00	0.00e+00	0.00e+00	0.00e+00	0.00e+00	8.01e-01	1.01e-01	6.07e-02
 2.07209e+16	9.64e-01	3.61e-02	9.62e-07	0.00e+00	0.00e+00	0.00e+00	0.00e+00	0.00e+00	0.00e+00	8.03e-01	1.01e-01	6.04e-02
 2.07314e+16	9.65e-01	3.46e-02	8.57e-07	0.00e+00	0.00e+00	0.00e+00	0.00e+00	0.00e+00	0.00e+00	8.05e-01	1.00e-01	6.01e-02
 2.07416e+16	9.67e-01	3.33e-02	7.67e-07	0.00e+00	0.00e+00	0.00e+00	0.00e+00	0.00e+00	0.00e+00	8.07e-01	9.96e-02	5.98e-02
 2.07518e+16	9.68e-01	3.20e-02	6.86e-07	0.00e+00	0.00e+00	0.00e+00	0.00e+00	0.00e+00	0.00e+00	8.09e-01	9.91e-02	5.96e-02
 2.07623e+16	9.69e-01	3.07e-02	6.10e-07	0.00e+00	0.00e+00	0.00e+00	0.00e+00	0.00e+00	0.00e+00	8.11e-01	9.86e-02	5.93e-02
 2.07730e+16	9.71e-01	2.95e-02	5.42e-07	0.00e+00	0.00e+00	0.00e+00	0.00e+00	0.00e+00	0.00e+00	8.13e-01	9.81e-02	5.91e-02
 2.07833e+16	9.72e-01	2.83e-02	4.85e-07	0.00e+00	0.00e+00	0.00e+00	0.00e+00	0.00e+00	0.00e+00	8.15e-01	9.76e-02	5.88e-02
 2.07930e+16	9.73e-01	2.73e-02	4.37e-07	0.00e+00	0.00e+00	0.00e+00	0.00e+00	0.00e+00	0.00e+00	8.17e-01	9.72e-02	5.86e-02
 2.08024e+16	9.74e-01	2.63e-02	3.93e-07	0.00e+00	0.00e+00	0.00e+00	0.00e+00	0.00e+00	0.00e+00	8.19e-01	9.68e-02	5.84e-02
 2.08126e+16	9.75e-01	2.53e-02	3.52e-07	0.00e+00	0.00e+00	0.00e+00	0.00e+00	0.00e+00	0.00e+00	8.20e-01	9.64e-02	5.82e-02
 2.08231e+16	9.76e-01	2.42e-02	3.13e-07	0.00e+00	0.00e+00	0.00e+00	0.00e+00	0.00e+00	0.00e+00	8.22e-01	9.60e-02	5.79e-02
 2.08324e+16	9.77e-01	2.33e-02	2.83e-07	0.00e+00	0.00e+00	0.00e+00	0.00e+00	0.00e+00	0.00e+00	8.23e-01	9.56e-02	5.77e-02
 2.08417e+16	9.78e-01	2.25e-02	2.55e-07	0.00e+00	0.00e+00	0.00e+00	0.00e+00	0.00e+00	0.00e+00	8.25e-01	9.52e-02	5.75e-02
 2.08517e+16	9.78e-01	2.15e-02	2.28e-07	0.00e+00	0.00e+00	0.00e+00	0.00e+00	0.00e+00	0.00e+00	8.26e-01	9.48e-02	5.73e-02
 2.08617e+16	9.79e-01	2.06e-02	2.05e-07	0.00e+00	0.00e+00	0.00e+00	0.00e+00	0.00e+00	0.00e+00	8.28e-01	9.44e-02	5.71e-02
 2.08709e+16	9.80e-01	1.98e-02	1.85e-07	0.00e+00	0.00e+00	0.00e+00	0.00e+00	0.00e+00	0.00e+00	8.29e-01	9.41e-02	5.69e-02
 2.08799e+16	9.81e-01	1.91e-02	1.67e-07	0.00e+00	0.00e+00	0.00e+00	0.00e+00	0.00e+00	0.00e+00	8.31e-01	9.37e-02	5.66e-02
 2.08890e+16	9.82e-01	1.83e-02	1.51e-07	0.00e+00	0.00e+00	0.00e+00	0.00e+00	0.00e+00	0.00e+00	8.32e-01	9.34e-02	5.64e-02
 2.08982e+16	9.82e-01	1.76e-02	1.36e-07	0.00e+00	0.00e+00	0.00e+00	0.00e+00	0.00e+00	0.00e+00	8.33e-01	9.30e-02	5.62e-02
 2.09071e+16	9.83e-01	1.68e-02	1.23e-07	0.00e+00	0.00e+00	0.00e+00	0.00e+00	0.00e+00	0.00e+00	8.35e-01	9.26e-02	5.60e-02
 2.09156e+16	9.84e-01	1.62e-02	1.12e-07	0.00e+00	0.00e+00	0.00e+00	0.00e+00	0.00e+00	0.00e+00	8.36e-01	9.23e-02	5.58e-02
 2.09239e+16	9.84e-01	1.55e-02	1.02e-07	0.00e+00	0.00e+00	0.00e+00	0.00e+00	0.00e+00	0.00e+00	8.37e-01	9.19e-02	5.56e-02
 2.09319e+16	9.85e-01	1.49e-02	9.33e-08	0.00e+00	0.00e+00	0.00e+00	0.00e+00	0.00e+00	0.00e+00	8.38e-01	9.16e-02	5.54e-02
 2.09396e+16	9.86e-01	1.43e-02	8.55e-08	0.00e+00	0.00e+00	0.00e+00	0.00e+00	0.00e+00	0.00e+00	8.39e-01	9.12e-02	5.52e-02
 2.09472e+16	9.86e-01	1.38e-02	7.85e-08	0.00e+00	0.00e+00	0.00e+00	0.00e+00	0.00e+00	0.00e+00	8.40e-01	9.09e-02	5.50e-02
 2.09548e+16	9.87e-01	1.32e-02	7.20e-08	0.00e+00	0.00e+00	0.00e+00	0.00e+00	0.00e+00	0.00e+00	8.42e-01	9.05e-02	5.47e-02
 2.09624e+16	9.87e-01	1.26e-02	6.60e-08	0.00e+00	0.00e+00	0.00e+00	0.00e+00	0.00e+00	0.00e+00	8.43e-01	9.01e-02	5.45e-02
 2.09695e+16	9.88e-01	1.21e-02	6.09e-08	0.00e+00	0.00e+00	0.00e+00	0.00e+00	0.00e+00	0.00e+00	8.44e-01	8.98e-02	5.42e-02
 2.09757e+16	9.88e-01	1.17e-02	5.67e-08	0.00e+00	0.00e+00	0.00e+00	0.00e+00	0.00e+00	0.00e+00	8.45e-01	8.94e-02	5.40e-02
 2.09812e+16	9.89e-01	1.13e-02	5.33e-08	0.00e+00	0.00e+00	0.00e+00	0.00e+00	0.00e+00	0.00e+00	8.46e-01	8.91e-02	5.38e-02
 2.09862e+16	9.89e-01	1.09e-02	5.04e-08	0.00e+00	0.00e+00	0.00e+00	0.00e+00	0.00e+00	0.00e+00	8.47e-01	8.88e-02	5.36e-02
 2.09910e+16	9.89e-01	1.06e-02	4.77e-08	0.00e+00	0.00e+00	0.00e+00	0.00e+00	0.00e+00	0.00e+00	8.48e-01	8.85e-02	5.34e-02
 2.09954e+16	9.90e-01	1.03e-02	4.53e-08	0.00e+00	0.00e+00	0.00e+00	0.00e+00	0.00e+00	0.00e+00	8.48e-01	8.82e-02	5.32e-02
 2.09996e+16	9.90e-01	9.98e-03	4.32e-08	0.00e+00	0.00e+00	0.00e+00	0.00e+00	0.00e+00	0.00e+00	8.49e-01	8.79e-02	5.30e-02
 2.10034e+16	9.90e-01	9.71e-03	4.13e-08	0.00e+00	0.00e+00	0.00e+00	0.00e+00	0.00e+00	0.00e+00	8.50e-01	8.76e-02	5.27e-02
 2.10070e+16	9.91e-01	9.46e-03	3.96e-08	0.00e+00	0.00e+00	0.00e+00	0.00e+00	0.00e+00	0.00e+00	8.51e-01	8.74e-02	5.25e-02
 2.10104e+16	9.91e-01	9.21e-03	3.80e-08	0.00e+00	0.00e+00	0.00e+00	0.00e+00	0.00e+00	0.00e+00	8.51e-01	8.71e-02	5.23e-02
 2.10137e+16	9.91e-01	8.98e-03	3.65e-08	0.00e+00	0.00e+00	0.00e+00	0.00e+00	0.00e+00	0.00e+00	8.52e-01	8.68e-02	5.21e-02
 2.10167e+16	9.91e-01	8.76e-03	3.52e-08	0.00e+00	0.00e+00	0.00e+00	0.00e+00	0.00e+00	0.00e+00	8.53e-01	8.66e-02	5.19e-02
 2.10195e+16	9.91e-01	8.57e-03	3.40e-08	0.00e+00	0.00e+00	0.00e+00	0.00e+00	0.00e+00	0.00e+00	8.53e-01	8.63e-02	5.18e-02
 2.10220e+16	9.92e-01	8.39e-03	3.29e-08	0.00e+00	0.00e+00	0.00e+00	0.00e+00	0.00e+00	0.00e+00	8.54e-01	8.61e-02	5.16e-02
 2.10243e+16	9.92e-01	8.24e-03	3.20e-08	0.00e+00	0.00e+00	0.00e+00	0.00e+00	0.00e+00	0.00e+00	8.54e-01	8.58e-02	5.14e-02
 2.10264e+16	9.92e-01	8.10e-03	3.11e-08	0.00e+00	0.00e+00	0.00e+00	0.00e+00	0.00e+00	0.00e+00	8.55e-01	8.56e-02	5.13e-02
 2.10283e+16	9.92e-01	7.97e-03	3.04e-08	0.00e+00	0.00e+00	0.00e+00	0.00e+00	0.00e+00	0.00e+00	8.55e-01	8.55e-02	5.11e-02
 2.10300e+16	9.92e-01	7.85e-03	2.97e-08	0.00e+00	0.00e+00	0.00e+00	0.00e+00	0.00e+00	0.00e+00	8.56e-01	8.53e-02	5.10e-02
 2.10319e+16	9.92e-01	7.73e-03	2.89e-08	0.00e+00	0.00e+00	0.00e+00	0.00e+00	0.00e+00	0.00e+00	8.56e-01	8.51e-02	5.08e-02
 2.10344e+16	9.92e-01	7.54e-03	2.79e-08	0.00e+00	0.00e+00	0.00e+00	0.00e+00	0.00e+00	0.00e+00	8.57e-01	8.47e-02	5.06e-02
 2.10370e+16	9.93e-01	7.34e-03	2.68e-08	0.00e+00	0.00e+00	0.00e+00	0.00e+00	0.00e+00	0.00e+00	8.58e-01	8.43e-02	5.04e-02
