#depth	He	He+	He+2
 2.69449e+11	1.55e-03	9.98e-01	5.39e-04
 1.61670e+12	1.55e-03	9.98e-01	5.38e-04
 7.00568e+12	1.55e-03	9.98e-01	5.35e-04
 2.85616e+13	1.56e-03	9.98e-01	5.16e-04
 6.82246e+13	1.56e-03	9.98e-01	5.05e-04
 1.19786e+14	1.56e-03	9.98e-01	4.76e-04
 1.86817e+14	1.57e-03	9.98e-01	4.28e-04
 2.73956e+14	1.58e-03	9.98e-01	3.65e-04
 3.87238e+14	1.59e-03	9.98e-01	2.89e-04
 5.34503e+14	1.61e-03	9.98e-01	2.09e-04
 7.25949e+14	1.63e-03	9.98e-01	1.34e-04
 9.74828e+14	1.66e-03	9.98e-01	7.39e-05
 1.29837e+15	1.70e-03	9.98e-01	3.41e-05
 1.71898e+15	1.75e-03	9.98e-01	1.27e-05
 2.26576e+15	1.83e-03	9.98e-01	3.62e-06
 2.97659e+15	1.93e-03	9.98e-01	7.68e-07
 3.89944e+15	2.08e-03	9.98e-01	1.18e-07
 4.81649e+15	2.22e-03	9.98e-01	1.97e-08
 5.53968e+15	2.35e-03	9.98e-01	5.79e-09
 6.18361e+15	2.48e-03	9.98e-01	2.15e-09
 6.82533e+15	2.61e-03	9.97e-01	8.68e-10
 7.46166e+15	2.76e-03	9.97e-01	3.83e-10
 8.06452e+15	2.91e-03	9.97e-01	1.91e-10
 8.63427e+15	3.06e-03	9.97e-01	1.07e-10
 9.18282e+15	3.22e-03	9.97e-01	6.72e-11
 9.71594e+15	3.39e-03	9.97e-01	4.66e-11
 1.02323e+16	3.57e-03	9.96e-01	3.55e-11
 1.07300e+16	3.75e-03	9.96e-01	2.92e-11
 1.12091e+16	3.95e-03	9.96e-01	2.56e-11
 1.16717e+16	4.15e-03	9.96e-01	2.34e-11
 1.21188e+16	4.37e-03	9.96e-01	2.21e-11
 1.25509e+16	4.60e-03	9.95e-01	2.12e-11
 1.29680e+16	4.85e-03	9.95e-01	2.08e-11
 1.33703e+16	5.12e-03	9.95e-01	2.05e-11
 1.37585e+16	5.41e-03	9.95e-01	2.04e-11
 1.41331e+16	5.72e-03	9.94e-01	2.04e-11
 1.44943e+16	6.06e-03	9.94e-01	2.05e-11
 1.48424e+16	6.42e-03	9.94e-01	2.07e-11
 1.51778e+16	6.83e-03	9.93e-01	2.09e-11
 1.54994e+16	7.27e-03	9.93e-01	2.12e-11
 1.58042e+16	7.75e-03	9.92e-01	2.16e-11
 1.60909e+16	8.27e-03	9.92e-01	2.20e-11
 1.63616e+16	8.84e-03	9.91e-01	2.24e-11
 1.66188e+16	9.47e-03	9.91e-01	2.28e-11
 1.68626e+16	1.02e-02	9.90e-01	2.34e-11
 1.70935e+16	1.09e-02	9.89e-01	2.41e-11
 1.73139e+16	1.18e-02	9.88e-01	2.52e-11
 1.75245e+16	1.28e-02	9.87e-01	2.61e-11
 1.77238e+16	1.39e-02	9.86e-01	2.72e-11
 1.79118e+16	1.51e-02	9.85e-01	2.85e-11
 1.80896e+16	1.65e-02	9.83e-01	3.00e-11
 1.82580e+16	1.82e-02	9.82e-01	3.19e-11
 1.84172e+16	2.00e-02	9.80e-01	3.42e-11
 1.85672e+16	2.22e-02	9.78e-01	3.70e-11
 1.87081e+16	2.48e-02	9.75e-01	4.06e-11
 1.88403e+16	2.78e-02	9.72e-01	4.51e-11
 1.89639e+16	3.14e-02	9.69e-01	5.02e-11
 1.90619e+16	3.48e-02	9.65e-01	5.71e-11
 1.91298e+16	3.78e-02	9.62e-01	6.18e-11
 1.91886e+16	4.08e-02	9.59e-01	6.76e-11
 1.92560e+16	4.47e-02	9.55e-01	7.69e-11
 1.93271e+16	4.96e-02	9.50e-01	8.94e-11
 1.93853e+16	5.45e-02	9.46e-01	1.01e-10
 1.94322e+16	5.89e-02	9.41e-01	1.15e-10
 1.94819e+16	6.45e-02	9.36e-01	1.33e-10
 1.95346e+16	7.13e-02	9.29e-01	1.54e-10
 1.95784e+16	7.80e-02	9.22e-01	1.77e-10
 1.96146e+16	8.41e-02	9.16e-01	2.02e-10
 1.96538e+16	9.21e-02	9.08e-01	2.30e-10
 1.96955e+16	1.01e-01	8.99e-01	2.73e-10
 1.97315e+16	1.10e-01	8.90e-01	3.10e-10
 1.97630e+16	1.19e-01	8.81e-01	3.55e-10
 1.97941e+16	1.29e-01	8.71e-01	4.01e-10
 1.98280e+16	1.41e-01	8.59e-01	4.65e-10
 1.98608e+16	1.53e-01	8.47e-01	5.33e-10
 1.98886e+16	1.65e-01	8.35e-01	5.99e-10
 1.99134e+16	1.76e-01	8.24e-01	6.64e-10
 1.99372e+16	1.88e-01	8.12e-01	7.30e-10
 1.99610e+16	2.01e-01	7.99e-01	8.08e-10
 1.99801e+16	2.11e-01	7.89e-01	8.71e-10
 1.99927e+16	2.19e-01	7.81e-01	9.15e-10
 2.00041e+16	2.26e-01	7.74e-01	9.56e-10
 2.00176e+16	2.35e-01	7.65e-01	1.01e-09
 2.00323e+16	2.45e-01	7.55e-01	1.07e-09
 2.00466e+16	2.54e-01	7.46e-01	1.13e-09
 2.00601e+16	2.64e-01	7.36e-01	1.19e-09
 2.00737e+16	2.74e-01	7.26e-01	1.25e-09
 2.00873e+16	2.84e-01	7.16e-01	1.32e-09
 2.01009e+16	2.95e-01	7.05e-01	1.38e-09
 2.01145e+16	3.05e-01	6.95e-01	1.45e-09
 2.01280e+16	3.16e-01	6.84e-01	1.53e-09
 2.01417e+16	3.28e-01	6.72e-01	1.60e-09
 2.01550e+16	3.40e-01	6.60e-01	1.67e-09
 2.01682e+16	3.51e-01	6.49e-01	1.75e-09
 2.01817e+16	3.64e-01	6.36e-01	1.83e-09
 2.01952e+16	3.76e-01	6.24e-01	1.91e-09
 2.02086e+16	3.89e-01	6.11e-01	1.99e-09
 2.02218e+16	4.02e-01	5.98e-01	2.08e-09
 2.02352e+16	4.15e-01	5.85e-01	2.16e-09
 2.02487e+16	4.29e-01	5.71e-01	2.25e-09
 2.02619e+16	4.42e-01	5.58e-01	2.34e-09
 2.02750e+16	4.56e-01	5.44e-01	2.42e-09
 2.02883e+16	4.70e-01	5.30e-01	2.51e-09
 2.03016e+16	4.84e-01	5.16e-01	2.60e-09
 2.03148e+16	4.98e-01	5.02e-01	2.68e-09
 2.03279e+16	5.12e-01	4.88e-01	2.78e-09
 2.03409e+16	5.26e-01	4.74e-01	2.86e-09
 2.03539e+16	5.40e-01	4.60e-01	2.94e-09
 2.03671e+16	5.54e-01	4.46e-01	3.03e-09
 2.03800e+16	5.68e-01	4.32e-01	3.11e-09
 2.03927e+16	5.82e-01	4.18e-01	3.19e-09
 2.04051e+16	5.95e-01	4.05e-01	3.27e-09
 2.04176e+16	6.08e-01	3.92e-01	3.34e-09
 2.04299e+16	6.22e-01	3.78e-01	3.41e-09
 2.04422e+16	6.34e-01	3.66e-01	3.48e-09
 2.04543e+16	6.47e-01	3.53e-01	3.55e-09
 2.04663e+16	6.59e-01	3.41e-01	3.61e-09
 2.04781e+16	6.71e-01	3.29e-01	3.67e-09
 2.04899e+16	6.83e-01	3.17e-01	3.73e-09
 2.05016e+16	6.95e-01	3.05e-01	3.78e-09
 2.05131e+16	7.06e-01	2.94e-01	3.83e-09
 2.05247e+16	7.17e-01	2.83e-01	3.88e-09
 2.05361e+16	7.28e-01	2.72e-01	3.92e-09
 2.05474e+16	7.38e-01	2.62e-01	3.97e-09
 2.05588e+16	7.48e-01	2.52e-01	4.00e-09
 2.05701e+16	7.58e-01	2.42e-01	4.04e-09
 2.05812e+16	7.68e-01	2.32e-01	4.07e-09
 2.05921e+16	7.77e-01	2.23e-01	4.09e-09
 2.06032e+16	7.86e-01	2.14e-01	4.12e-09
 2.06143e+16	7.95e-01	2.05e-01	4.14e-09
 2.06251e+16	8.03e-01	1.97e-01	4.15e-09
 2.06358e+16	8.11e-01	1.89e-01	4.17e-09
 2.06467e+16	8.19e-01	1.81e-01	4.18e-09
 2.06576e+16	8.27e-01	1.73e-01	4.19e-09
 2.06682e+16	8.34e-01	1.66e-01	4.19e-09
 2.06787e+16	8.41e-01	1.59e-01	4.19e-09
 2.06894e+16	8.48e-01	1.52e-01	4.20e-09
 2.07001e+16	8.55e-01	1.45e-01	4.20e-09
 2.07104e+16	8.61e-01	1.39e-01	4.19e-09
 2.07209e+16	8.67e-01	1.33e-01	4.19e-09
 2.07314e+16	8.73e-01	1.27e-01	4.17e-09
 2.07416e+16	8.79e-01	1.21e-01	4.16e-09
 2.07518e+16	8.84e-01	1.16e-01	4.13e-09
 2.07623e+16	8.89e-01	1.11e-01	4.11e-09
 2.07730e+16	8.95e-01	1.05e-01	4.10e-09
 2.07833e+16	8.99e-01	1.01e-01	4.09e-09
 2.07930e+16	9.03e-01	9.66e-02	4.08e-09
 2.08024e+16	9.08e-01	9.23e-02	4.03e-09
 2.08126e+16	9.12e-01	8.81e-02	4.02e-09
 2.08231e+16	9.16e-01	8.41e-02	4.02e-09
 2.08324e+16	9.20e-01	8.05e-02	3.97e-09
 2.08417e+16	9.23e-01	7.69e-02	3.94e-09
 2.08517e+16	9.27e-01	7.33e-02	3.91e-09
 2.08617e+16	9.30e-01	7.01e-02	3.88e-09
 2.08709e+16	9.33e-01	6.71e-02	3.85e-09
 2.08799e+16	9.36e-01	6.42e-02	3.82e-09
 2.08890e+16	9.39e-01	6.15e-02	3.79e-09
 2.08982e+16	9.41e-01	5.88e-02	3.75e-09
 2.09071e+16	9.44e-01	5.64e-02	3.72e-09
 2.09156e+16	9.46e-01	5.41e-02	3.69e-09
 2.09239e+16	9.48e-01	5.20e-02	3.66e-09
 2.09319e+16	9.50e-01	5.00e-02	3.62e-09
 2.09396e+16	9.52e-01	4.81e-02	3.58e-09
 2.09472e+16	9.54e-01	4.64e-02	3.54e-09
 2.09548e+16	9.55e-01	4.46e-02	3.50e-09
 2.09624e+16	9.57e-01	4.30e-02	3.45e-09
 2.09695e+16	9.59e-01	4.15e-02	3.40e-09
 2.09757e+16	9.60e-01	4.02e-02	3.36e-09
 2.09812e+16	9.61e-01	3.91e-02	3.31e-09
 2.09862e+16	9.62e-01	3.81e-02	3.27e-09
 2.09910e+16	9.63e-01	3.71e-02	3.22e-09
 2.09954e+16	9.64e-01	3.63e-02	3.18e-09
 2.09996e+16	9.65e-01	3.54e-02	3.14e-09
 2.10034e+16	9.65e-01	3.47e-02	3.10e-09
 2.10070e+16	9.66e-01	3.40e-02	3.06e-09
 2.10104e+16	9.67e-01	3.34e-02	3.01e-09
 2.10137e+16	9.67e-01	3.27e-02	2.97e-09
 2.10167e+16	9.68e-01	3.22e-02	2.94e-09
 2.10195e+16	9.68e-01	3.17e-02	2.90e-09
 2.10220e+16	9.69e-01	3.12e-02	2.87e-09
 2.10243e+16	9.69e-01	3.08e-02	2.84e-09
 2.10264e+16	9.70e-01	3.04e-02	2.82e-09
 2.10283e+16	9.70e-01	3.01e-02	2.79e-09
 2.10300e+16	9.70e-01	2.97e-02	2.77e-09
 2.10319e+16	9.71e-01	2.94e-02	2.74e-09
 2.10344e+16	9.71e-01	2.89e-02	2.70e-09
 2.10370e+16	9.72e-01	2.85e-02	2.67e-09
