#depth	H	H+	H2
 6.48686e+11	1.11e-03	9.99e-01	4.45e-14
 3.89212e+12	1.11e-03	9.99e-01	4.45e-14
 1.68658e+13	1.11e-03	9.99e-01	4.46e-14
 6.87607e+13	1.11e-03	9.99e-01	4.48e-14
 1.64247e+14	1.10e-03	9.99e-01	4.50e-14
 2.88380e+14	1.10e-03	9.99e-01	4.52e-14
 4.49752e+14	1.09e-03	9.99e-01	4.56e-14
 6.59536e+14	1.08e-03	9.99e-01	4.62e-14
 9.32255e+14	1.08e-03	9.99e-01	4.68e-14
 1.28679e+15	1.08e-03	9.99e-01	4.78e-14
 1.74769e+15	1.07e-03	9.99e-01	4.91e-14
 2.34685e+15	1.08e-03	9.99e-01	5.08e-14
 3.12576e+15	1.08e-03	9.99e-01	5.30e-14
 4.13835e+15	1.10e-03	9.99e-01	5.60e-14
 5.45471e+15	1.12e-03	9.99e-01	6.03e-14
 7.16599e+15	1.16e-03	9.99e-01	6.56e-14
 9.35759e+15	1.22e-03	9.99e-01	7.29e-14
 1.18063e+16	1.29e-03	9.99e-01	8.15e-14
 1.42550e+16	1.39e-03	9.99e-01	9.09e-14
 1.67038e+16	1.50e-03	9.99e-01	1.02e-13
 1.88245e+16	1.61e-03	9.98e-01	1.13e-13
 2.07070e+16	1.73e-03	9.98e-01	1.24e-13
 2.27777e+16	1.88e-03	9.98e-01	1.37e-13
 2.50051e+16	2.06e-03	9.98e-01	1.54e-13
 2.71668e+16	2.28e-03	9.98e-01	1.74e-13
 2.90926e+16	2.51e-03	9.97e-01	1.95e-13
 3.05680e+16	2.71e-03	9.97e-01	2.16e-13
 3.15918e+16	2.87e-03	9.97e-01	2.31e-13
 3.26387e+16	3.04e-03	9.97e-01	2.46e-13
 3.39997e+16	3.28e-03	9.97e-01	2.69e-13
 3.53699e+16	3.56e-03	9.96e-01	2.96e-13
 3.64164e+16	3.81e-03	9.96e-01	3.22e-13
 3.72837e+16	4.03e-03	9.96e-01	3.45e-13
 3.82539e+16	4.30e-03	9.96e-01	3.71e-13
 3.93387e+16	4.64e-03	9.95e-01	4.05e-13
 4.03223e+16	4.99e-03	9.95e-01	4.43e-13
 4.11676e+16	5.33e-03	9.95e-01	4.81e-13
 4.19729e+16	5.69e-03	9.94e-01	5.20e-13
 4.27467e+16	6.07e-03	9.94e-01	5.63e-13
 4.34431e+16	6.44e-03	9.94e-01	6.07e-13
 4.40699e+16	6.82e-03	9.93e-01	6.53e-13
 4.46339e+16	7.19e-03	9.93e-01	6.98e-13
 4.51497e+16	7.56e-03	9.92e-01	7.44e-13
 4.56468e+16	7.94e-03	9.92e-01	7.93e-13
 4.61439e+16	8.35e-03	9.92e-01	8.47e-13
 4.66410e+16	8.80e-03	9.91e-01	9.08e-13
 4.71381e+16	9.30e-03	9.91e-01	9.76e-13
 4.76352e+16	9.84e-03	9.90e-01	1.05e-12
 4.81323e+16	1.04e-02	9.90e-01	1.14e-12
 4.86294e+16	1.11e-02	9.89e-01	1.24e-12
 4.91265e+16	1.18e-02	9.88e-01	1.35e-12
 4.95429e+16	1.26e-02	9.87e-01	1.46e-12
