#depth	O	O+	O+2	O+3	O+4	O+5	O+6	O+7	O+8	O[1]	O[2]	O[3]
 6.48686e+11	4.39e-06	7.77e-03	8.97e-01	9.51e-02	1.50e-05	0.00e+00	0.00e+00	0.00e+00	0.00e+00	3.15e-06	8.11e-07	4.21e-07
 3.89212e+12	4.38e-06	7.77e-03	8.97e-01	9.48e-02	1.49e-05	0.00e+00	0.00e+00	0.00e+00	0.00e+00	3.15e-06	8.11e-07	4.21e-07
 1.68658e+13	4.39e-06	7.78e-03	8.99e-01	9.36e-02	1.46e-05	0.00e+00	0.00e+00	0.00e+00	0.00e+00	3.15e-06	8.12e-07	4.22e-07
 6.87607e+13	4.42e-06	7.83e-03	9.03e-01	8.90e-02	1.35e-05	0.00e+00	0.00e+00	0.00e+00	0.00e+00	3.18e-06	8.20e-07	4.26e-07
 1.64247e+14	4.43e-06	7.88e-03	9.10e-01	8.25e-02	1.20e-05	0.00e+00	0.00e+00	0.00e+00	0.00e+00	3.18e-06	8.21e-07	4.26e-07
 2.88380e+14	4.45e-06	7.95e-03	9.17e-01	7.46e-02	1.02e-05	0.00e+00	0.00e+00	0.00e+00	0.00e+00	3.20e-06	8.26e-07	4.29e-07
 4.49752e+14	4.49e-06	8.04e-03	9.27e-01	6.50e-02	8.19e-06	0.00e+00	0.00e+00	0.00e+00	0.00e+00	3.23e-06	8.33e-07	4.32e-07
 6.59536e+14	4.56e-06	8.16e-03	9.38e-01	5.40e-02	6.13e-06	0.00e+00	0.00e+00	0.00e+00	0.00e+00	3.27e-06	8.44e-07	4.38e-07
 9.32255e+14	4.64e-06	8.31e-03	9.50e-01	4.19e-02	4.15e-06	0.00e+00	0.00e+00	0.00e+00	0.00e+00	3.33e-06	8.59e-07	4.46e-07
 1.28679e+15	4.76e-06	8.49e-03	9.62e-01	2.97e-02	2.46e-06	0.00e+00	0.00e+00	0.00e+00	0.00e+00	3.42e-06	8.79e-07	4.56e-07
 1.74769e+15	4.91e-06	8.70e-03	9.73e-01	1.87e-02	1.22e-06	0.00e+00	0.00e+00	0.00e+00	0.00e+00	3.53e-06	9.06e-07	4.71e-07
 2.34685e+15	5.11e-06	8.94e-03	9.81e-01	1.01e-02	4.78e-07	0.00e+00	0.00e+00	0.00e+00	0.00e+00	3.68e-06	9.43e-07	4.89e-07
 3.12576e+15	5.37e-06	9.21e-03	9.86e-01	4.54e-03	1.42e-07	0.00e+00	0.00e+00	0.00e+00	0.00e+00	3.87e-06	9.90e-07	5.14e-07
 4.13835e+15	5.73e-06	9.52e-03	9.89e-01	1.66e-03	0.00e+00	0.00e+00	0.00e+00	0.00e+00	0.00e+00	4.13e-06	1.05e-06	5.48e-07
 5.45471e+15	6.26e-06	9.93e-03	9.90e-01	4.96e-04	0.00e+00	0.00e+00	0.00e+00	0.00e+00	0.00e+00	4.51e-06	1.15e-06	5.98e-07
 7.16599e+15	7.02e-06	1.05e-02	9.89e-01	1.26e-04	0.00e+00	0.00e+00	0.00e+00	0.00e+00	0.00e+00	5.06e-06	1.29e-06	6.70e-07
 9.35759e+15	8.18e-06	1.12e-02	9.89e-01	3.36e-05	0.00e+00	0.00e+00	0.00e+00	0.00e+00	0.00e+00	5.89e-06	1.50e-06	7.81e-07
 1.18063e+16	9.68e-06	1.20e-02	9.88e-01	1.47e-05	0.00e+00	0.00e+00	0.00e+00	0.00e+00	0.00e+00	6.98e-06	1.78e-06	9.27e-07
 1.42550e+16	1.16e-05	1.29e-02	9.87e-01	1.02e-05	0.00e+00	0.00e+00	0.00e+00	0.00e+00	0.00e+00	8.36e-06	2.14e-06	1.11e-06
 1.67038e+16	1.41e-05	1.40e-02	9.86e-01	8.48e-06	0.00e+00	0.00e+00	0.00e+00	0.00e+00	0.00e+00	1.01e-05	2.60e-06	1.36e-06
 1.88245e+16	1.67e-05	1.50e-02	9.85e-01	7.60e-06	0.00e+00	0.00e+00	0.00e+00	0.00e+00	0.00e+00	1.20e-05	3.10e-06	1.62e-06
 2.07070e+16	1.98e-05	1.60e-02	9.84e-01	7.10e-06	0.00e+00	0.00e+00	0.00e+00	0.00e+00	0.00e+00	1.42e-05	3.68e-06	1.91e-06
 2.27777e+16	2.39e-05	1.72e-02	9.83e-01	6.69e-06	0.00e+00	0.00e+00	0.00e+00	0.00e+00	0.00e+00	1.71e-05	4.47e-06	2.32e-06
 2.50051e+16	2.97e-05	1.87e-02	9.81e-01	6.37e-06	0.00e+00	0.00e+00	0.00e+00	0.00e+00	0.00e+00	2.12e-05	5.56e-06	2.88e-06
 2.71668e+16	3.70e-05	2.04e-02	9.80e-01	6.11e-06	0.00e+00	0.00e+00	0.00e+00	0.00e+00	0.00e+00	2.64e-05	6.97e-06	3.60e-06
 2.90926e+16	4.56e-05	2.22e-02	9.78e-01	5.91e-06	0.00e+00	0.00e+00	0.00e+00	0.00e+00	0.00e+00	3.25e-05	8.64e-06	4.44e-06
 3.05680e+16	5.41e-05	2.38e-02	9.76e-01	5.72e-06	0.00e+00	0.00e+00	0.00e+00	0.00e+00	0.00e+00	3.86e-05	1.03e-05	5.27e-06
 3.15918e+16	6.12e-05	2.51e-02	9.75e-01	5.61e-06	0.00e+00	0.00e+00	0.00e+00	0.00e+00	0.00e+00	4.36e-05	1.17e-05	5.96e-06
 3.26387e+16	6.96e-05	2.64e-02	9.73e-01	5.55e-06	0.00e+00	0.00e+00	0.00e+00	0.00e+00	0.00e+00	4.95e-05	1.33e-05	6.77e-06
 3.39997e+16	8.27e-05	2.85e-02	9.71e-01	5.45e-06	0.00e+00	0.00e+00	0.00e+00	0.00e+00	0.00e+00	5.87e-05	1.59e-05	8.05e-06
 3.53699e+16	9.94e-05	3.09e-02	9.69e-01	5.29e-06	0.00e+00	0.00e+00	0.00e+00	0.00e+00	0.00e+00	7.05e-05	1.92e-05	9.67e-06
 3.64164e+16	1.16e-04	3.30e-02	9.67e-01	5.14e-06	0.00e+00	0.00e+00	0.00e+00	0.00e+00	0.00e+00	8.19e-05	2.23e-05	1.12e-05
 3.72837e+16	1.31e-04	3.50e-02	9.65e-01	5.03e-06	0.00e+00	0.00e+00	0.00e+00	0.00e+00	0.00e+00	9.30e-05	2.55e-05	1.28e-05
 3.82539e+16	1.52e-04	3.74e-02	9.62e-01	4.91e-06	0.00e+00	0.00e+00	0.00e+00	0.00e+00	0.00e+00	1.08e-04	2.95e-05	1.48e-05
 3.93387e+16	1.80e-04	4.05e-02	9.59e-01	4.72e-06	0.00e+00	0.00e+00	0.00e+00	0.00e+00	0.00e+00	1.28e-04	3.51e-05	1.75e-05
 4.03223e+16	2.13e-04	4.38e-02	9.56e-01	4.53e-06	0.00e+00	0.00e+00	0.00e+00	0.00e+00	0.00e+00	1.51e-04	4.14e-05	2.06e-05
 4.11676e+16	2.47e-04	4.70e-02	9.53e-01	4.35e-06	0.00e+00	0.00e+00	0.00e+00	0.00e+00	0.00e+00	1.75e-04	4.81e-05	2.40e-05
 4.19729e+16	2.86e-04	5.04e-02	9.49e-01	4.16e-06	0.00e+00	0.00e+00	0.00e+00	0.00e+00	0.00e+00	2.02e-04	5.56e-05	2.77e-05
 4.27467e+16	3.31e-04	5.42e-02	9.45e-01	3.97e-06	0.00e+00	0.00e+00	0.00e+00	0.00e+00	0.00e+00	2.35e-04	6.44e-05	3.20e-05
 4.34431e+16	3.80e-04	5.79e-02	9.42e-01	3.77e-06	0.00e+00	0.00e+00	0.00e+00	0.00e+00	0.00e+00	2.69e-04	7.39e-05	3.67e-05
 4.40699e+16	4.32e-04	6.17e-02	9.38e-01	3.59e-06	0.00e+00	0.00e+00	0.00e+00	0.00e+00	0.00e+00	3.06e-04	8.41e-05	4.17e-05
 4.46339e+16	4.87e-04	6.55e-02	9.34e-01	3.43e-06	0.00e+00	0.00e+00	0.00e+00	0.00e+00	0.00e+00	3.45e-04	9.47e-05	4.70e-05
 4.51497e+16	5.45e-04	6.93e-02	9.30e-01	3.27e-06	0.00e+00	0.00e+00	0.00e+00	0.00e+00	0.00e+00	3.86e-04	1.06e-04	5.26e-05
 4.56468e+16	6.10e-04	7.33e-02	9.26e-01	3.12e-06	0.00e+00	0.00e+00	0.00e+00	0.00e+00	0.00e+00	4.32e-04	1.19e-04	5.88e-05
 4.61439e+16	6.84e-04	7.76e-02	9.22e-01	2.96e-06	0.00e+00	0.00e+00	0.00e+00	0.00e+00	0.00e+00	4.85e-04	1.33e-04	6.59e-05
 4.66410e+16	7.71e-04	8.24e-02	9.17e-01	2.81e-06	0.00e+00	0.00e+00	0.00e+00	0.00e+00	0.00e+00	5.47e-04	1.50e-04	7.43e-05
 4.71381e+16	8.72e-04	8.77e-02	9.11e-01	2.64e-06	0.00e+00	0.00e+00	0.00e+00	0.00e+00	0.00e+00	6.18e-04	1.70e-04	8.40e-05
 4.76352e+16	9.91e-04	9.35e-02	9.05e-01	2.48e-06	0.00e+00	0.00e+00	0.00e+00	0.00e+00	0.00e+00	7.03e-04	1.93e-04	9.54e-05
 4.81323e+16	1.13e-03	1.00e-01	8.99e-01	2.32e-06	0.00e+00	0.00e+00	0.00e+00	0.00e+00	0.00e+00	8.02e-04	2.20e-04	1.09e-04
 4.86294e+16	1.30e-03	1.07e-01	8.91e-01	2.15e-06	0.00e+00	0.00e+00	0.00e+00	0.00e+00	0.00e+00	9.21e-04	2.52e-04	1.25e-04
 4.91265e+16	1.50e-03	1.15e-01	8.83e-01	1.99e-06	0.00e+00	0.00e+00	0.00e+00	0.00e+00	0.00e+00	1.06e-03	2.92e-04	1.44e-04
 4.95429e+16	1.71e-03	1.23e-01	8.75e-01	1.85e-06	0.00e+00	0.00e+00	0.00e+00	0.00e+00	0.00e+00	1.21e-03	3.32e-04	1.64e-04
