#depth	O	O+	O+2	O+3	O+4	O+5	O+6	O+7	O+8	O[1]	O[2]	O[3]
 1.35388e+12	1.68e-06	2.92e-03	5.00e-01	4.95e-01	2.27e-03	0.00e+00	0.00e+00	0.00e+00	0.00e+00	1.22e-06	3.02e-07	1.60e-07
 8.12328e+12	1.68e-06	2.93e-03	5.01e-01	4.94e-01	2.26e-03	0.00e+00	0.00e+00	0.00e+00	0.00e+00	1.22e-06	3.03e-07	1.60e-07
 3.52009e+13	1.69e-06	2.94e-03	5.03e-01	4.92e-01	2.24e-03	0.00e+00	0.00e+00	0.00e+00	0.00e+00	1.23e-06	3.04e-07	1.60e-07
 1.43511e+14	1.72e-06	2.98e-03	5.12e-01	4.83e-01	2.15e-03	0.00e+00	0.00e+00	0.00e+00	0.00e+00	1.24e-06	3.08e-07	1.63e-07
 3.42802e+14	1.73e-06	3.04e-03	5.25e-01	4.70e-01	2.01e-03	0.00e+00	0.00e+00	0.00e+00	0.00e+00	1.25e-06	3.10e-07	1.64e-07
 6.01881e+14	1.76e-06	3.12e-03	5.42e-01	4.53e-01	1.84e-03	0.00e+00	0.00e+00	0.00e+00	0.00e+00	1.28e-06	3.15e-07	1.67e-07
 9.38682e+14	1.82e-06	3.24e-03	5.65e-01	4.30e-01	1.64e-03	0.00e+00	0.00e+00	0.00e+00	0.00e+00	1.32e-06	3.25e-07	1.72e-07
 1.37652e+15	1.91e-06	3.42e-03	5.97e-01	3.98e-01	1.39e-03	0.00e+00	0.00e+00	0.00e+00	0.00e+00	1.38e-06	3.40e-07	1.81e-07
 1.94572e+15	2.05e-06	3.68e-03	6.40e-01	3.55e-01	1.11e-03	0.00e+00	0.00e+00	0.00e+00	0.00e+00	1.49e-06	3.64e-07	1.94e-07
 2.63251e+15	2.24e-06	4.02e-03	6.93e-01	3.02e-01	8.12e-04	0.00e+00	0.00e+00	0.00e+00	0.00e+00	1.63e-06	3.97e-07	2.12e-07
 3.34782e+15	2.46e-06	4.41e-03	7.50e-01	2.45e-01	5.59e-04	0.00e+00	0.00e+00	0.00e+00	0.00e+00	1.79e-06	4.35e-07	2.34e-07
 3.99667e+15	2.69e-06	4.78e-03	8.00e-01	1.94e-01	3.76e-04	0.00e+00	0.00e+00	0.00e+00	0.00e+00	1.96e-06	4.74e-07	2.55e-07
 4.56836e+15	2.92e-06	5.13e-03	8.42e-01	1.52e-01	2.51e-04	0.00e+00	0.00e+00	0.00e+00	0.00e+00	2.13e-06	5.14e-07	2.77e-07
 5.19649e+15	3.22e-06	5.54e-03	8.83e-01	1.11e-01	1.50e-04	0.00e+00	0.00e+00	0.00e+00	0.00e+00	2.35e-06	5.66e-07	3.05e-07
 6.01305e+15	3.59e-06	6.00e-03	9.24e-01	7.01e-02	7.18e-05	0.00e+00	0.00e+00	0.00e+00	0.00e+00	2.62e-06	6.30e-07	3.40e-07
 6.93464e+15	3.96e-06	6.42e-03	9.54e-01	3.91e-02	2.86e-05	0.00e+00	0.00e+00	0.00e+00	0.00e+00	2.89e-06	6.93e-07	3.75e-07
 7.99277e+15	4.38e-06	6.81e-03	9.74e-01	1.93e-02	9.24e-06	0.00e+00	0.00e+00	0.00e+00	0.00e+00	3.20e-06	7.64e-07	4.14e-07
 9.36833e+15	4.87e-06	7.21e-03	9.85e-01	7.78e-03	2.13e-06	0.00e+00	0.00e+00	0.00e+00	0.00e+00	3.56e-06	8.49e-07	4.61e-07
 1.11566e+16	5.52e-06	7.64e-03	9.90e-01	2.57e-03	3.41e-07	0.00e+00	0.00e+00	0.00e+00	0.00e+00	4.03e-06	9.61e-07	5.22e-07
 1.34813e+16	6.44e-06	8.17e-03	9.91e-01	7.21e-04	0.00e+00	0.00e+00	0.00e+00	0.00e+00	0.00e+00	4.71e-06	1.12e-06	6.10e-07
 1.55350e+16	7.24e-06	8.60e-03	9.91e-01	2.78e-04	0.00e+00	0.00e+00	0.00e+00	0.00e+00	0.00e+00	5.29e-06	1.26e-06	6.86e-07
 1.70885e+16	8.04e-06	8.98e-03	9.91e-01	1.52e-04	0.00e+00	0.00e+00	0.00e+00	0.00e+00	0.00e+00	5.88e-06	1.40e-06	7.62e-07
 1.87973e+16	9.06e-06	9.43e-03	9.90e-01	8.97e-05	0.00e+00	0.00e+00	0.00e+00	0.00e+00	0.00e+00	6.62e-06	1.58e-06	8.59e-07
 2.06770e+16	1.04e-05	9.96e-03	9.90e-01	5.93e-05	0.00e+00	0.00e+00	0.00e+00	0.00e+00	0.00e+00	7.57e-06	1.81e-06	9.83e-07
 2.27448e+16	1.21e-05	1.06e-02	9.89e-01	4.43e-05	0.00e+00	0.00e+00	0.00e+00	0.00e+00	0.00e+00	8.83e-06	2.12e-06	1.15e-06
 2.50192e+16	1.44e-05	1.14e-02	9.89e-01	3.63e-05	0.00e+00	0.00e+00	0.00e+00	0.00e+00	0.00e+00	1.05e-05	2.53e-06	1.37e-06
 2.75212e+16	1.76e-05	1.23e-02	9.88e-01	3.17e-05	0.00e+00	0.00e+00	0.00e+00	0.00e+00	0.00e+00	1.28e-05	3.10e-06	1.67e-06
 3.02733e+16	2.22e-05	1.36e-02	9.86e-01	2.85e-05	0.00e+00	0.00e+00	0.00e+00	0.00e+00	0.00e+00	1.62e-05	3.93e-06	2.11e-06
 3.32821e+16	2.91e-05	1.52e-02	9.85e-01	2.59e-05	0.00e+00	0.00e+00	0.00e+00	0.00e+00	0.00e+00	2.12e-05	5.17e-06	2.77e-06
 3.62600e+16	3.88e-05	1.72e-02	9.83e-01	2.37e-05	0.00e+00	0.00e+00	0.00e+00	0.00e+00	0.00e+00	2.82e-05	6.91e-06	3.69e-06
 3.83074e+16	4.80e-05	1.88e-02	9.81e-01	2.22e-05	0.00e+00	0.00e+00	0.00e+00	0.00e+00	0.00e+00	3.48e-05	8.57e-06	4.56e-06
 3.93581e+16	5.38e-05	1.98e-02	9.80e-01	2.13e-05	0.00e+00	0.00e+00	0.00e+00	0.00e+00	0.00e+00	3.91e-05	9.64e-06	5.12e-06
 4.03100e+16	5.97e-05	2.07e-02	9.79e-01	2.08e-05	0.00e+00	0.00e+00	0.00e+00	0.00e+00	0.00e+00	4.33e-05	1.07e-05	5.68e-06
 4.15475e+16	6.87e-05	2.20e-02	9.78e-01	2.00e-05	0.00e+00	0.00e+00	0.00e+00	0.00e+00	0.00e+00	4.98e-05	1.23e-05	6.53e-06
 4.31562e+16	8.27e-05	2.40e-02	9.76e-01	1.90e-05	0.00e+00	0.00e+00	0.00e+00	0.00e+00	0.00e+00	5.99e-05	1.49e-05	7.85e-06
 4.47460e+16	1.01e-04	2.63e-02	9.74e-01	1.78e-05	0.00e+00	0.00e+00	0.00e+00	0.00e+00	0.00e+00	7.29e-05	1.81e-05	9.55e-06
 4.59175e+16	1.17e-04	2.82e-02	9.72e-01	1.70e-05	0.00e+00	0.00e+00	0.00e+00	0.00e+00	0.00e+00	8.48e-05	2.11e-05	1.11e-05
 4.68860e+16	1.33e-04	3.00e-02	9.70e-01	1.63e-05	0.00e+00	0.00e+00	0.00e+00	0.00e+00	0.00e+00	9.63e-05	2.39e-05	1.26e-05
 4.79845e+16	1.54e-04	3.22e-02	9.68e-01	1.55e-05	0.00e+00	0.00e+00	0.00e+00	0.00e+00	0.00e+00	1.12e-04	2.78e-05	1.46e-05
 4.92195e+16	1.83e-04	3.50e-02	9.65e-01	1.46e-05	0.00e+00	0.00e+00	0.00e+00	0.00e+00	0.00e+00	1.33e-04	3.30e-05	1.73e-05
 5.03557e+16	2.16e-04	3.80e-02	9.62e-01	1.37e-05	0.00e+00	0.00e+00	0.00e+00	0.00e+00	0.00e+00	1.57e-04	3.90e-05	2.05e-05
 5.13499e+16	2.52e-04	4.10e-02	9.59e-01	1.29e-05	0.00e+00	0.00e+00	0.00e+00	0.00e+00	0.00e+00	1.83e-04	4.54e-05	2.38e-05
 5.23840e+16	2.97e-04	4.44e-02	9.55e-01	1.21e-05	0.00e+00	0.00e+00	0.00e+00	0.00e+00	0.00e+00	2.15e-04	5.34e-05	2.80e-05
 5.34517e+16	3.54e-04	4.86e-02	9.51e-01	1.13e-05	0.00e+00	0.00e+00	0.00e+00	0.00e+00	0.00e+00	2.57e-04	6.37e-05	3.33e-05
 5.44043e+16	4.16e-04	5.27e-02	9.47e-01	1.06e-05	0.00e+00	0.00e+00	0.00e+00	0.00e+00	0.00e+00	3.02e-04	7.48e-05	3.92e-05
 5.52616e+16	4.83e-04	5.69e-02	9.43e-01	9.90e-06	0.00e+00	0.00e+00	0.00e+00	0.00e+00	0.00e+00	3.51e-04	8.69e-05	4.55e-05
 5.60415e+16	5.56e-04	6.12e-02	9.38e-01	9.28e-06	0.00e+00	0.00e+00	0.00e+00	0.00e+00	0.00e+00	4.03e-04	1.00e-04	5.23e-05
 5.67435e+16	6.34e-04	6.55e-02	9.34e-01	8.73e-06	0.00e+00	0.00e+00	0.00e+00	0.00e+00	0.00e+00	4.60e-04	1.14e-04	5.96e-05
 5.73913e+16	7.20e-04	7.00e-02	9.29e-01	8.22e-06	0.00e+00	0.00e+00	0.00e+00	0.00e+00	0.00e+00	5.22e-04	1.29e-04	6.76e-05
 5.80219e+16	8.16e-04	7.47e-02	9.24e-01	7.75e-06	0.00e+00	0.00e+00	0.00e+00	0.00e+00	0.00e+00	5.92e-04	1.47e-04	7.66e-05
 5.86525e+16	9.28e-04	7.99e-02	9.19e-01	7.24e-06	0.00e+00	0.00e+00	0.00e+00	0.00e+00	0.00e+00	6.74e-04	1.67e-04	8.71e-05
 5.92831e+16	1.06e-03	8.57e-02	9.13e-01	6.77e-06	0.00e+00	0.00e+00	0.00e+00	0.00e+00	0.00e+00	7.70e-04	1.91e-04	9.95e-05
 5.99137e+16	1.22e-03	9.21e-02	9.07e-01	6.29e-06	0.00e+00	0.00e+00	0.00e+00	0.00e+00	0.00e+00	8.83e-04	2.19e-04	1.14e-04
 6.05443e+16	1.40e-03	9.93e-02	8.99e-01	5.83e-06	0.00e+00	0.00e+00	0.00e+00	0.00e+00	0.00e+00	1.02e-03	2.52e-04	1.31e-04
 6.11749e+16	1.63e-03	1.07e-01	8.91e-01	5.37e-06	0.00e+00	0.00e+00	0.00e+00	0.00e+00	0.00e+00	1.18e-03	2.92e-04	1.52e-04
 6.18055e+16	1.90e-03	1.16e-01	8.82e-01	4.92e-06	0.00e+00	0.00e+00	0.00e+00	0.00e+00	0.00e+00	1.38e-03	3.40e-04	1.77e-04
 6.24361e+16	2.22e-03	1.26e-01	8.71e-01	4.48e-06	0.00e+00	0.00e+00	0.00e+00	0.00e+00	0.00e+00	1.62e-03	3.99e-04	2.08e-04
 6.29061e+16	2.54e-03	1.35e-01	8.62e-01	4.15e-06	0.00e+00	0.00e+00	0.00e+00	0.00e+00	0.00e+00	1.84e-03	4.55e-04	2.37e-04
