#depth	H	H+	H2
 1.35388e+12	1.07e-03	9.99e-01	2.70e-14
 8.12328e+12	1.07e-03	9.99e-01	2.71e-14
 3.52009e+13	1.07e-03	9.99e-01	2.71e-14
 1.43511e+14	1.07e-03	9.99e-01	2.73e-14
 3.42802e+14	1.06e-03	9.99e-01	2.76e-14
 6.01881e+14	1.05e-03	9.99e-01	2.79e-14
 9.38682e+14	1.04e-03	9.99e-01	2.84e-14
 1.37652e+15	1.04e-03	9.99e-01	2.91e-14
 1.94572e+15	1.03e-03	9.99e-01	3.01e-14
 2.63251e+15	1.03e-03	9.99e-01	3.14e-14
 3.34782e+15	1.02e-03	9.99e-01	3.27e-14
 3.99667e+15	1.02e-03	9.99e-01	3.40e-14
 4.56836e+15	1.03e-03	9.99e-01	3.54e-14
 5.19649e+15	1.04e-03	9.99e-01	3.73e-14
 6.01305e+15	1.06e-03	9.99e-01	3.98e-14
 6.93464e+15	1.08e-03	9.99e-01	4.26e-14
 7.99277e+15	1.11e-03	9.99e-01	4.59e-14
 9.36833e+15	1.14e-03	9.99e-01	5.01e-14
 1.11566e+16	1.19e-03	9.99e-01	5.53e-14
 1.34813e+16	1.26e-03	9.99e-01	6.24e-14
 1.55350e+16	1.32e-03	9.99e-01	6.87e-14
 1.70885e+16	1.37e-03	9.99e-01	7.40e-14
 1.87973e+16	1.44e-03	9.99e-01	8.07e-14
 2.06770e+16	1.53e-03	9.98e-01	8.87e-14
 2.27448e+16	1.63e-03	9.98e-01	9.87e-14
 2.50192e+16	1.76e-03	9.98e-01	1.11e-13
 2.75212e+16	1.92e-03	9.98e-01	1.27e-13
 3.02733e+16	2.13e-03	9.98e-01	1.48e-13
 3.32821e+16	2.40e-03	9.98e-01	1.75e-13
 3.62600e+16	2.73e-03	9.97e-01	2.09e-13
 3.83074e+16	3.01e-03	9.97e-01	2.40e-13
 3.93581e+16	3.17e-03	9.97e-01	2.59e-13
 4.03100e+16	3.32e-03	9.97e-01	2.74e-13
 4.15475e+16	3.53e-03	9.96e-01	2.98e-13
 4.31562e+16	3.83e-03	9.96e-01	3.31e-13
 4.47460e+16	4.18e-03	9.96e-01	3.73e-13
 4.59175e+16	4.46e-03	9.96e-01	4.08e-13
 4.68860e+16	4.71e-03	9.95e-01	4.38e-13
 4.79845e+16	5.03e-03	9.95e-01	4.77e-13
 4.92195e+16	5.42e-03	9.95e-01	5.27e-13
 5.03557e+16	5.82e-03	9.94e-01	5.78e-13
 5.13499e+16	6.21e-03	9.94e-01	6.33e-13
 5.23840e+16	6.66e-03	9.93e-01	6.93e-13
 5.34517e+16	7.18e-03	9.93e-01	7.68e-13
 5.44043e+16	7.69e-03	9.92e-01	8.41e-13
 5.52616e+16	8.19e-03	9.92e-01	9.14e-13
 5.60415e+16	8.69e-03	9.91e-01	9.88e-13
 5.67435e+16	9.19e-03	9.91e-01	1.07e-12
 5.73913e+16	9.70e-03	9.90e-01	1.15e-12
 5.80219e+16	1.02e-02	9.90e-01	1.23e-12
 5.86525e+16	1.08e-02	9.89e-01	1.32e-12
 5.92831e+16	1.14e-02	9.89e-01	1.43e-12
 5.99137e+16	1.21e-02	9.88e-01	1.54e-12
 6.05443e+16	1.29e-02	9.87e-01	1.67e-12
 6.11749e+16	1.37e-02	9.86e-01	1.82e-12
 6.18055e+16	1.46e-02	9.85e-01	1.99e-12
 6.24361e+16	1.57e-02	9.84e-01	2.18e-12
 6.29061e+16	1.66e-02	9.83e-01	2.35e-12
