#depth	He	He+	He+2
 1.35388e+12	1.81e-04	2.97e-01	7.03e-01
 8.12328e+12	1.82e-04	2.97e-01	7.03e-01
 3.52009e+13	1.83e-04	2.98e-01	7.02e-01
 1.43511e+14	1.86e-04	3.02e-01	6.98e-01
 3.42802e+14	1.88e-04	3.04e-01	6.96e-01
 6.01881e+14	1.93e-04	3.10e-01	6.90e-01
 9.38682e+14	2.03e-04	3.23e-01	6.77e-01
 1.37652e+15	2.18e-04	3.43e-01	6.56e-01
 1.94572e+15	2.44e-04	3.78e-01	6.22e-01
 2.63251e+15	2.82e-04	4.29e-01	5.70e-01
 3.34782e+15	3.31e-04	4.96e-01	5.03e-01
 3.99667e+15	3.86e-04	5.70e-01	4.30e-01
 4.56836e+15	4.40e-04	6.41e-01	3.58e-01
 5.19649e+15	5.04e-04	7.21e-01	2.79e-01
 6.01305e+15	5.79e-04	8.12e-01	1.87e-01
 6.93464e+15	6.50e-04	8.92e-01	1.08e-01
 7.99277e+15	7.08e-04	9.46e-01	5.36e-02
 9.36833e+15	7.57e-04	9.78e-01	2.12e-02
 1.11566e+16	8.01e-04	9.93e-01	6.69e-03
 1.34813e+16	8.49e-04	9.97e-01	1.73e-03
 1.55350e+16	8.86e-04	9.99e-01	5.83e-04
 1.70885e+16	9.17e-04	9.99e-01	2.73e-04
 1.87973e+16	9.52e-04	9.99e-01	1.25e-04
 2.06770e+16	9.92e-04	9.99e-01	5.59e-05
 2.27448e+16	1.04e-03	9.99e-01	2.47e-05
 2.50192e+16	1.09e-03	9.99e-01	1.09e-05
 2.75212e+16	1.16e-03	9.99e-01	4.85e-06
 3.02733e+16	1.23e-03	9.99e-01	2.20e-06
 3.32821e+16	1.33e-03	9.99e-01	1.03e-06
 3.62600e+16	1.43e-03	9.99e-01	5.36e-07
 3.83074e+16	1.51e-03	9.98e-01	3.66e-07
 3.93581e+16	1.56e-03	9.98e-01	3.02e-07
 4.03100e+16	1.60e-03	9.98e-01	2.52e-07
 4.15475e+16	1.66e-03	9.98e-01	2.00e-07
 4.31562e+16	1.74e-03	9.98e-01	1.51e-07
 4.47460e+16	1.83e-03	9.98e-01	1.17e-07
 4.59175e+16	1.91e-03	9.98e-01	9.75e-08
 4.68860e+16	1.97e-03	9.98e-01	8.39e-08
 4.79845e+16	2.05e-03	9.98e-01	7.05e-08
 4.92195e+16	2.15e-03	9.98e-01	5.87e-08
 5.03557e+16	2.25e-03	9.98e-01	4.99e-08
 5.13499e+16	2.35e-03	9.98e-01	4.33e-08
 5.23840e+16	2.45e-03	9.98e-01	3.73e-08
 5.34517e+16	2.58e-03	9.97e-01	3.22e-08
 5.44043e+16	2.70e-03	9.97e-01	2.84e-08
 5.52616e+16	2.82e-03	9.97e-01	2.53e-08
 5.60415e+16	2.94e-03	9.97e-01	2.29e-08
 5.67435e+16	3.06e-03	9.97e-01	2.09e-08
 5.73913e+16	3.17e-03	9.97e-01	1.92e-08
 5.80219e+16	3.30e-03	9.97e-01	1.77e-08
 5.86525e+16	3.43e-03	9.97e-01	1.63e-08
 5.92831e+16	3.57e-03	9.96e-01	1.50e-08
 5.99137e+16	3.73e-03	9.96e-01	1.39e-08
 6.05443e+16	3.90e-03	9.96e-01	1.28e-08
 6.11749e+16	4.09e-03	9.96e-01	1.18e-08
 6.18055e+16	4.30e-03	9.96e-01	1.09e-08
 6.24361e+16	4.52e-03	9.95e-01	1.01e-08
 6.29061e+16	4.71e-03	9.95e-01	9.59e-09
