#depth	H	H+	H2
 2.06942e+12	8.78e-04	9.99e-01	1.37e-14
 1.24165e+13	8.77e-04	9.99e-01	1.37e-14
 5.38050e+13	8.76e-04	9.99e-01	1.37e-14
 2.19359e+14	8.74e-04	9.99e-01	1.38e-14
 5.23978e+14	8.62e-04	9.99e-01	1.39e-14
 9.19983e+14	8.53e-04	9.99e-01	1.40e-14
 1.43479e+15	8.45e-04	9.99e-01	1.42e-14
 2.10404e+15	8.39e-04	9.99e-01	1.46e-14
 2.96007e+15	8.35e-04	9.99e-01	1.52e-14
 3.88561e+15	8.31e-04	9.99e-01	1.59e-14
 4.67431e+15	8.29e-04	9.99e-01	1.65e-14
 5.29147e+15	8.33e-04	9.99e-01	1.71e-14
 5.83688e+15	8.39e-04	9.99e-01	1.77e-14
 6.45598e+15	8.52e-04	9.99e-01	1.87e-14
 7.26080e+15	8.69e-04	9.99e-01	2.00e-14
 8.15134e+15	8.84e-04	9.99e-01	2.13e-14
 9.15328e+15	9.09e-04	9.99e-01	2.31e-14
 1.04558e+16	9.40e-04	9.99e-01	2.52e-14
 1.21491e+16	9.81e-04	9.99e-01	2.81e-14
 1.43504e+16	1.04e-03	9.99e-01	3.21e-14
 1.63743e+16	1.08e-03	9.99e-01	3.58e-14
 1.80117e+16	1.13e-03	9.99e-01	3.92e-14
 1.98129e+16	1.20e-03	9.99e-01	4.36e-14
 2.17942e+16	1.27e-03	9.99e-01	4.92e-14
 2.39736e+16	1.37e-03	9.99e-01	5.62e-14
 2.63709e+16	1.49e-03	9.99e-01	6.55e-14
 2.90080e+16	1.64e-03	9.98e-01	7.78e-14
 3.19088e+16	1.84e-03	9.98e-01	9.45e-14
 3.50997e+16	2.10e-03	9.98e-01	1.18e-13
 3.86097e+16	2.46e-03	9.98e-01	1.52e-13
 4.21615e+16	2.93e-03	9.97e-01	2.00e-13
 4.44652e+16	3.32e-03	9.97e-01	2.40e-13
 4.53719e+16	3.48e-03	9.97e-01	2.58e-13
 4.60997e+16	3.63e-03	9.96e-01	2.76e-13
 4.70457e+16	3.83e-03	9.96e-01	2.99e-13
 4.82756e+16	4.12e-03	9.96e-01	3.32e-13
 4.96312e+16	4.46e-03	9.96e-01	3.75e-13
 5.08405e+16	4.81e-03	9.95e-01	4.20e-13
 5.18899e+16	5.14e-03	9.95e-01	4.62e-13
 5.30412e+16	5.55e-03	9.94e-01	5.17e-13
 5.42708e+16	6.03e-03	9.94e-01	5.82e-13
 5.53239e+16	6.49e-03	9.94e-01	6.48e-13
 5.62426e+16	6.93e-03	9.93e-01	7.12e-13
 5.72649e+16	7.48e-03	9.93e-01	7.94e-13
 5.83679e+16	8.13e-03	9.92e-01	8.93e-13
 5.93230e+16	8.77e-03	9.91e-01	9.95e-13
 6.01560e+16	9.39e-03	9.91e-01	1.09e-12
 6.10826e+16	1.02e-02	9.90e-01	1.22e-12
 6.20792e+16	1.11e-02	9.89e-01	1.37e-12
 6.29472e+16	1.20e-02	9.88e-01	1.54e-12
 6.37116e+16	1.29e-02	9.87e-01	1.70e-12
 6.45607e+16	1.41e-02	9.86e-01	1.90e-12
 6.54639e+16	1.54e-02	9.85e-01	2.15e-12
 6.62315e+16	1.68e-02	9.83e-01	2.40e-12
 6.68912e+16	1.81e-02	9.82e-01	2.66e-12
 6.76164e+16	1.98e-02	9.80e-01	2.98e-12
 6.83954e+16	2.17e-02	9.78e-01	3.36e-12
 6.90624e+16	2.38e-02	9.76e-01	3.77e-12
 6.96295e+16	2.57e-02	9.74e-01	4.17e-12
 7.02484e+16	2.82e-02	9.72e-01	4.69e-12
 7.09094e+16	3.11e-02	9.69e-01	5.31e-12
 7.14722e+16	3.42e-02	9.66e-01	5.97e-12
 7.19534e+16	3.71e-02	9.63e-01	6.63e-12
 7.24813e+16	4.09e-02	9.59e-01	7.48e-12
 7.30493e+16	4.57e-02	9.54e-01	8.58e-12
 7.35350e+16	5.06e-02	9.49e-01	9.73e-12
 7.39491e+16	5.54e-02	9.45e-01	1.09e-11
 7.44047e+16	6.17e-02	9.38e-01	1.24e-11
 7.48997e+16	7.00e-02	9.30e-01	1.45e-11
 7.52904e+16	7.77e-02	9.22e-01	1.65e-11
 7.55652e+16	8.39e-02	9.16e-01	1.82e-11
 7.58451e+16	9.13e-02	9.09e-01	2.03e-11
 7.61586e+16	1.01e-01	8.99e-01	2.29e-11
 7.64427e+16	1.11e-01	8.89e-01	2.58e-11
 7.66841e+16	1.20e-01	8.80e-01	2.85e-11
 7.69432e+16	1.32e-01	8.68e-01	3.21e-11
 7.72157e+16	1.46e-01	8.54e-01	3.66e-11
 7.74407e+16	1.59e-01	8.41e-01	4.10e-11
 7.76298e+16	1.71e-01	8.29e-01	4.50e-11
 7.78369e+16	1.87e-01	8.13e-01	5.04e-11
 7.80630e+16	2.05e-01	7.95e-01	5.73e-11
 7.82617e+16	2.24e-01	7.76e-01	6.44e-11
 7.84325e+16	2.41e-01	7.59e-01	7.12e-11
 7.86192e+16	2.63e-01	7.37e-01	8.03e-11
 7.88204e+16	2.88e-01	7.12e-01	9.13e-11
 7.89953e+16	3.12e-01	6.88e-01	1.02e-10
 7.91508e+16	3.34e-01	6.66e-01	1.13e-10
 7.93184e+16	3.60e-01	6.40e-01	1.27e-10
 7.94981e+16	3.91e-01	6.09e-01	1.44e-10
 7.96634e+16	4.20e-01	5.80e-01	1.62e-10
 7.98076e+16	4.47e-01	5.53e-01	1.79e-10
 7.99367e+16	4.72e-01	5.28e-01	1.96e-10
 8.00598e+16	4.96e-01	5.04e-01	2.14e-10
 8.01751e+16	5.19e-01	4.81e-01	2.33e-10
 8.02820e+16	5.41e-01	4.59e-01	2.51e-10
 8.03664e+16	5.58e-01	4.42e-01	2.67e-10
 8.04226e+16	5.68e-01	4.32e-01	2.77e-10
 8.04763e+16	5.79e-01	4.21e-01	2.88e-10
 8.05406e+16	5.92e-01	4.08e-01	3.02e-10
 8.06078e+16	6.06e-01	3.94e-01	3.16e-10
 8.06693e+16	6.19e-01	3.81e-01	3.31e-10
 8.07260e+16	6.30e-01	3.70e-01	3.44e-10
 8.07833e+16	6.41e-01	3.59e-01	3.59e-10
 8.08430e+16	6.54e-01	3.46e-01	3.76e-10
 8.09009e+16	6.66e-01	3.34e-01	3.92e-10
 8.09565e+16	6.77e-01	3.23e-01	4.07e-10
 8.10123e+16	6.88e-01	3.12e-01	4.25e-10
 8.10684e+16	6.99e-01	3.01e-01	4.42e-10
 8.11239e+16	7.10e-01	2.90e-01	4.62e-10
 8.11783e+16	7.20e-01	2.80e-01	4.79e-10
 8.12324e+16	7.31e-01	2.69e-01	5.00e-10
 8.12869e+16	7.41e-01	2.59e-01	5.21e-10
 8.13399e+16	7.51e-01	2.49e-01	5.42e-10
 8.13920e+16	7.60e-01	2.40e-01	5.62e-10
 8.14448e+16	7.70e-01	2.30e-01	5.87e-10
 8.14973e+16	7.78e-01	2.22e-01	6.09e-10
 8.15487e+16	7.87e-01	2.13e-01	6.34e-10
 8.16001e+16	7.96e-01	2.04e-01	6.60e-10
 8.16509e+16	8.04e-01	1.96e-01	6.86e-10
 8.17010e+16	8.12e-01	1.88e-01	7.13e-10
 8.17512e+16	8.20e-01	1.80e-01	7.42e-10
 8.18012e+16	8.27e-01	1.73e-01	7.71e-10
 8.18508e+16	8.35e-01	1.65e-01	8.02e-10
 8.18997e+16	8.42e-01	1.58e-01	8.34e-10
 8.19477e+16	8.48e-01	1.52e-01	8.70e-10
 8.19949e+16	8.54e-01	1.46e-01	9.01e-10
 8.20414e+16	8.61e-01	1.39e-01	9.38e-10
 8.20869e+16	8.66e-01	1.34e-01	9.76e-10
 8.21323e+16	8.72e-01	1.28e-01	1.01e-09
 8.21774e+16	8.77e-01	1.23e-01	1.06e-09
 8.22212e+16	8.82e-01	1.18e-01	1.09e-09
 8.22639e+16	8.87e-01	1.13e-01	1.14e-09
 8.23061e+16	8.92e-01	1.08e-01	1.19e-09
 8.23484e+16	8.96e-01	1.04e-01	1.23e-09
 8.23903e+16	9.00e-01	9.98e-02	1.28e-09
 8.24310e+16	9.04e-01	9.58e-02	1.34e-09
 8.24708e+16	9.08e-01	9.20e-02	1.39e-09
 8.25107e+16	9.12e-01	8.83e-02	1.45e-09
 8.25507e+16	9.15e-01	8.47e-02	1.51e-09
 8.25897e+16	9.19e-01	8.14e-02	1.57e-09
 8.26277e+16	9.22e-01	7.82e-02	1.64e-09
 8.26653e+16	9.25e-01	7.51e-02	1.71e-09
 8.27034e+16	9.28e-01	7.21e-02	1.79e-09
 8.27414e+16	9.31e-01	6.92e-02	1.88e-09
 8.27780e+16	9.34e-01	6.65e-02	1.96e-09
 8.28138e+16	9.36e-01	6.40e-02	2.06e-09
 8.28498e+16	9.39e-01	6.15e-02	2.15e-09
 8.28862e+16	9.41e-01	5.90e-02	2.26e-09
 8.29219e+16	9.43e-01	5.67e-02	2.37e-09
 8.29566e+16	9.45e-01	5.46e-02	2.49e-09
 8.29906e+16	9.47e-01	5.25e-02	2.62e-09
 8.30251e+16	9.50e-01	5.05e-02	2.78e-09
 8.30602e+16	9.52e-01	4.84e-02	2.96e-09
 8.30940e+16	9.53e-01	4.65e-02	3.15e-09
 8.31263e+16	9.55e-01	4.47e-02	3.35e-09
 8.31592e+16	9.57e-01	4.31e-02	3.56e-09
 8.31934e+16	9.59e-01	4.14e-02	3.82e-09
 8.32258e+16	9.60e-01	3.97e-02	4.08e-09
 8.32566e+16	9.62e-01	3.82e-02	4.41e-09
 8.32885e+16	9.63e-01	3.68e-02	4.78e-09
 8.33209e+16	9.65e-01	3.52e-02	5.21e-09
 8.33523e+16	9.66e-01	3.38e-02	5.70e-09
 8.33824e+16	9.67e-01	3.26e-02	6.22e-09
 8.34125e+16	9.69e-01	3.13e-02	6.92e-09
 8.34430e+16	9.70e-01	3.00e-02	7.72e-09
 8.34726e+16	9.71e-01	2.88e-02	8.63e-09
 8.35008e+16	9.72e-01	2.78e-02	9.73e-09
 8.35267e+16	9.73e-01	2.68e-02	1.10e-08
 8.35498e+16	9.74e-01	2.60e-02	1.23e-08
 8.35708e+16	9.75e-01	2.52e-02	1.37e-08
 8.35903e+16	9.75e-01	2.46e-02	1.53e-08
 8.36090e+16	9.76e-01	2.40e-02	1.72e-08
 8.36267e+16	9.77e-01	2.34e-02	1.94e-08
 8.36426e+16	9.77e-01	2.28e-02	2.16e-08
 8.36572e+16	9.78e-01	2.24e-02	2.42e-08
 8.36713e+16	9.78e-01	2.19e-02	2.70e-08
 8.36847e+16	9.79e-01	2.15e-02	3.02e-08
 8.36975e+16	9.79e-01	2.10e-02	3.38e-08
 8.37095e+16	9.79e-01	2.06e-02	3.77e-08
 8.37209e+16	9.80e-01	2.03e-02	4.21e-08
 8.37317e+16	9.80e-01	1.99e-02	4.70e-08
 8.37422e+16	9.80e-01	1.95e-02	5.25e-08
 8.37521e+16	9.81e-01	1.92e-02	5.86e-08
 8.37617e+16	9.81e-01	1.89e-02	6.54e-08
 8.37710e+16	9.81e-01	1.86e-02	7.30e-08
 8.37799e+16	9.82e-01	1.83e-02	8.11e-08
 8.37886e+16	9.82e-01	1.80e-02	9.02e-08
 8.37973e+16	9.82e-01	1.77e-02	1.00e-07
 8.38059e+16	9.83e-01	1.74e-02	1.11e-07
 8.38145e+16	9.83e-01	1.70e-02	1.24e-07
 8.38232e+16	9.83e-01	1.67e-02	1.37e-07
 8.38321e+16	9.84e-01	1.64e-02	1.51e-07
 8.38416e+16	9.84e-01	1.60e-02	1.66e-07
 8.38516e+16	9.84e-01	1.56e-02	1.82e-07
 8.38613e+16	9.85e-01	1.52e-02	1.96e-07
 8.38700e+16	9.85e-01	1.49e-02	2.07e-07
 8.38780e+16	9.85e-01	1.46e-02	2.16e-07
 8.38857e+16	9.86e-01	1.42e-02	2.23e-07
 8.38932e+16	9.86e-01	1.39e-02	2.30e-07
 8.39002e+16	9.86e-01	1.37e-02	2.35e-07
 8.39065e+16	9.87e-01	1.34e-02	2.40e-07
 8.39123e+16	9.87e-01	1.32e-02	2.43e-07
 8.39176e+16	9.87e-01	1.30e-02	2.47e-07
 8.39224e+16	9.87e-01	1.28e-02	2.49e-07
 8.39267e+16	9.87e-01	1.27e-02	2.52e-07
 8.39315e+16	9.88e-01	1.25e-02	2.55e-07
 8.39367e+16	9.88e-01	1.23e-02	2.59e-07
 8.39414e+16	9.88e-01	1.21e-02	2.62e-07
 8.39456e+16	9.88e-01	1.20e-02	2.64e-07
 8.39503e+16	9.88e-01	1.18e-02	2.68e-07
 8.39554e+16	9.88e-01	1.16e-02	2.71e-07
 8.39600e+16	9.89e-01	1.14e-02	2.75e-07
 8.39642e+16	9.89e-01	1.13e-02	2.78e-07
 8.39688e+16	9.89e-01	1.11e-02	2.82e-07
 8.39737e+16	9.89e-01	1.10e-02	2.86e-07
 8.39782e+16	9.89e-01	1.08e-02	2.89e-07
 8.39832e+16	9.89e-01	1.07e-02	2.93e-07
 8.39885e+16	9.89e-01	1.05e-02	2.96e-07
 8.39943e+16	9.90e-01	1.04e-02	3.01e-07
 8.40006e+16	9.90e-01	1.02e-02	3.06e-07
 8.40064e+16	9.90e-01	1.00e-02	3.10e-07
 8.40116e+16	9.90e-01	9.85e-03	3.15e-07
