#depth	He	He+	He+2
 2.06942e+12	1.28e-04	2.57e-01	7.43e-01
 1.24165e+13	1.28e-04	2.57e-01	7.43e-01
 5.38050e+13	1.28e-04	2.57e-01	7.42e-01
 2.19359e+14	1.31e-04	2.62e-01	7.38e-01
 5.23978e+14	1.32e-04	2.63e-01	7.37e-01
 9.19983e+14	1.37e-04	2.70e-01	7.30e-01
 1.43479e+15	1.45e-04	2.84e-01	7.16e-01
 2.10404e+15	1.61e-04	3.08e-01	6.91e-01
 2.96007e+15	1.86e-04	3.51e-01	6.49e-01
 3.88561e+15	2.23e-04	4.11e-01	5.88e-01
 4.67431e+15	2.65e-04	4.79e-01	5.20e-01
 5.29147e+15	3.05e-04	5.44e-01	4.56e-01
 5.83688e+15	3.45e-04	6.07e-01	3.93e-01
 6.45598e+15	3.93e-04	6.80e-01	3.20e-01
 7.26080e+15	4.55e-04	7.70e-01	2.29e-01
 8.15134e+15	5.15e-04	8.54e-01	1.45e-01
 9.15328e+15	5.70e-04	9.19e-01	8.08e-02
 1.04558e+16	6.18e-04	9.63e-01	3.61e-02
 1.21491e+16	6.60e-04	9.86e-01	1.29e-02
 1.43504e+16	7.03e-04	9.96e-01	3.75e-03
 1.63743e+16	7.38e-04	9.98e-01	1.33e-03
 1.80117e+16	7.68e-04	9.99e-01	6.14e-04
 1.98129e+16	8.02e-04	9.99e-01	2.76e-04
 2.17942e+16	8.42e-04	9.99e-01	1.21e-04
 2.39736e+16	8.88e-04	9.99e-01	5.19e-05
 2.63709e+16	9.43e-04	9.99e-01	2.20e-05
 2.90080e+16	1.01e-03	9.99e-01	9.38e-06
 3.19088e+16	1.09e-03	9.99e-01	4.05e-06
 3.50997e+16	1.19e-03	9.99e-01	1.79e-06
 3.86097e+16	1.31e-03	9.99e-01	8.10e-07
 4.21615e+16	1.46e-03	9.99e-01	3.99e-07
 4.44652e+16	1.56e-03	9.98e-01	2.73e-07
 4.53719e+16	1.61e-03	9.98e-01	2.36e-07
 4.60997e+16	1.65e-03	9.98e-01	2.07e-07
 4.70457e+16	1.71e-03	9.98e-01	1.75e-07
 4.82756e+16	1.78e-03	9.98e-01	1.42e-07
 4.96312e+16	1.88e-03	9.98e-01	1.14e-07
 5.08405e+16	1.97e-03	9.98e-01	9.46e-08
 5.18899e+16	2.05e-03	9.98e-01	8.07e-08
 5.30412e+16	2.16e-03	9.98e-01	6.73e-08
 5.42708e+16	2.27e-03	9.98e-01	5.63e-08
 5.53239e+16	2.39e-03	9.98e-01	4.85e-08
 5.62426e+16	2.49e-03	9.98e-01	4.25e-08
 5.72649e+16	2.63e-03	9.97e-01	3.66e-08
 5.83679e+16	2.79e-03	9.97e-01	3.15e-08
 5.93230e+16	2.94e-03	9.97e-01	2.77e-08
 6.01560e+16	3.08e-03	9.97e-01	2.48e-08
 6.10826e+16	3.27e-03	9.97e-01	2.18e-08
 6.20792e+16	3.48e-03	9.97e-01	1.92e-08
 6.29472e+16	3.69e-03	9.96e-01	1.72e-08
 6.37116e+16	3.90e-03	9.96e-01	1.56e-08
 6.45607e+16	4.16e-03	9.96e-01	1.39e-08
 6.54639e+16	4.47e-03	9.96e-01	1.24e-08
 6.62315e+16	4.78e-03	9.95e-01	1.13e-08
 6.68912e+16	5.07e-03	9.95e-01	1.05e-08
 6.76164e+16	5.44e-03	9.95e-01	9.52e-09
 6.83954e+16	5.88e-03	9.94e-01	8.68e-09
 6.90624e+16	6.33e-03	9.94e-01	8.02e-09
 6.96295e+16	6.76e-03	9.93e-01	7.50e-09
 7.02484e+16	7.31e-03	9.93e-01	6.93e-09
 7.09094e+16	7.96e-03	9.92e-01	6.42e-09
 7.14722e+16	8.62e-03	9.91e-01	6.02e-09
 7.19534e+16	9.27e-03	9.91e-01	5.69e-09
 7.24813e+16	1.01e-02	9.90e-01	5.34e-09
 7.30493e+16	1.11e-02	9.89e-01	4.99e-09
 7.35350e+16	1.22e-02	9.88e-01	4.73e-09
 7.39491e+16	1.32e-02	9.87e-01	4.52e-09
 7.44047e+16	1.46e-02	9.85e-01	4.28e-09
 7.48997e+16	1.64e-02	9.84e-01	4.04e-09
 7.52904e+16	1.80e-02	9.82e-01	3.90e-09
 7.55652e+16	1.94e-02	9.81e-01	3.79e-09
 7.58451e+16	2.10e-02	9.79e-01	3.67e-09
 7.61586e+16	2.31e-02	9.77e-01	3.55e-09
 7.64427e+16	2.53e-02	9.75e-01	3.46e-09
 7.66841e+16	2.73e-02	9.73e-01	3.40e-09
 7.69432e+16	3.00e-02	9.70e-01	3.32e-09
 7.72157e+16	3.32e-02	9.67e-01	3.25e-09
 7.74407e+16	3.63e-02	9.64e-01	3.20e-09
 7.76298e+16	3.91e-02	9.61e-01	3.18e-09
 7.78369e+16	4.28e-02	9.57e-01	3.15e-09
 7.80630e+16	4.74e-02	9.53e-01	3.14e-09
 7.82617e+16	5.21e-02	9.48e-01	3.13e-09
 7.84325e+16	5.65e-02	9.43e-01	3.15e-09
 7.86192e+16	6.25e-02	9.38e-01	3.16e-09
 7.88204e+16	6.95e-02	9.30e-01	3.21e-09
 7.89953e+16	7.66e-02	9.23e-01	3.27e-09
 7.91508e+16	8.36e-02	9.16e-01	3.36e-09
 7.93184e+16	9.25e-02	9.07e-01	3.45e-09
 7.94981e+16	1.03e-01	8.97e-01	3.59e-09
 7.96634e+16	1.14e-01	8.86e-01	3.75e-09
 7.98076e+16	1.26e-01	8.74e-01	3.92e-09
 7.99367e+16	1.37e-01	8.63e-01	4.08e-09
 8.00598e+16	1.48e-01	8.52e-01	4.28e-09
 8.01751e+16	1.61e-01	8.39e-01	4.47e-09
 8.02820e+16	1.73e-01	8.27e-01	4.69e-09
 8.03664e+16	1.83e-01	8.17e-01	4.86e-09
 8.04226e+16	1.90e-01	8.10e-01	4.97e-09
 8.04763e+16	1.98e-01	8.02e-01	5.07e-09
 8.05406e+16	2.08e-01	7.92e-01	5.22e-09
 8.06078e+16	2.17e-01	7.83e-01	5.41e-09
 8.06693e+16	2.27e-01	7.73e-01	5.57e-09
 8.07260e+16	2.36e-01	7.64e-01	5.74e-09
 8.07833e+16	2.46e-01	7.54e-01	5.91e-09
 8.08430e+16	2.57e-01	7.43e-01	6.09e-09
 8.09009e+16	2.67e-01	7.33e-01	6.28e-09
 8.09565e+16	2.78e-01	7.22e-01	6.48e-09
 8.10123e+16	2.89e-01	7.11e-01	6.67e-09
 8.10684e+16	3.00e-01	7.00e-01	6.89e-09
 8.11239e+16	3.12e-01	6.88e-01	7.09e-09
 8.11783e+16	3.24e-01	6.76e-01	7.32e-09
 8.12324e+16	3.37e-01	6.63e-01	7.54e-09
 8.12869e+16	3.49e-01	6.51e-01	7.76e-09
 8.13399e+16	3.62e-01	6.38e-01	7.99e-09
 8.13920e+16	3.75e-01	6.25e-01	8.23e-09
 8.14448e+16	3.89e-01	6.11e-01	8.44e-09
 8.14973e+16	4.02e-01	5.98e-01	8.71e-09
 8.15487e+16	4.16e-01	5.84e-01	8.94e-09
 8.16001e+16	4.30e-01	5.70e-01	9.17e-09
 8.16509e+16	4.44e-01	5.56e-01	9.41e-09
 8.17010e+16	4.59e-01	5.41e-01	9.65e-09
 8.17512e+16	4.73e-01	5.27e-01	9.89e-09
 8.18012e+16	4.88e-01	5.12e-01	1.01e-08
 8.18508e+16	5.02e-01	4.98e-01	1.04e-08
 8.18997e+16	5.17e-01	4.83e-01	1.06e-08
 8.19477e+16	5.32e-01	4.68e-01	1.08e-08
 8.19949e+16	5.46e-01	4.54e-01	1.11e-08
 8.20414e+16	5.60e-01	4.40e-01	1.13e-08
 8.20869e+16	5.74e-01	4.26e-01	1.14e-08
 8.21323e+16	5.88e-01	4.12e-01	1.16e-08
 8.21774e+16	6.02e-01	3.98e-01	1.18e-08
 8.22212e+16	6.15e-01	3.85e-01	1.20e-08
 8.22639e+16	6.28e-01	3.72e-01	1.22e-08
 8.23061e+16	6.41e-01	3.59e-01	1.23e-08
 8.23484e+16	6.54e-01	3.46e-01	1.25e-08
 8.23903e+16	6.66e-01	3.34e-01	1.27e-08
 8.24310e+16	6.78e-01	3.22e-01	1.28e-08
 8.24708e+16	6.90e-01	3.10e-01	1.29e-08
 8.25107e+16	7.01e-01	2.99e-01	1.30e-08
 8.25507e+16	7.13e-01	2.87e-01	1.31e-08
 8.25897e+16	7.23e-01	2.77e-01	1.32e-08
 8.26277e+16	7.34e-01	2.66e-01	1.33e-08
 8.26653e+16	7.44e-01	2.56e-01	1.34e-08
 8.27034e+16	7.54e-01	2.46e-01	1.34e-08
 8.27414e+16	7.64e-01	2.36e-01	1.35e-08
 8.27780e+16	7.73e-01	2.27e-01	1.36e-08
 8.28138e+16	7.82e-01	2.18e-01	1.36e-08
 8.28498e+16	7.91e-01	2.09e-01	1.36e-08
 8.28862e+16	7.99e-01	2.01e-01	1.37e-08
 8.29219e+16	8.07e-01	1.93e-01	1.37e-08
 8.29566e+16	8.15e-01	1.85e-01	1.37e-08
 8.29906e+16	8.22e-01	1.78e-01	1.37e-08
 8.30251e+16	8.30e-01	1.70e-01	1.37e-08
 8.30602e+16	8.37e-01	1.63e-01	1.37e-08
 8.30940e+16	8.43e-01	1.57e-01	1.37e-08
 8.31263e+16	8.50e-01	1.50e-01	1.36e-08
 8.31592e+16	8.56e-01	1.44e-01	1.36e-08
 8.31934e+16	8.62e-01	1.38e-01	1.36e-08
 8.32258e+16	8.67e-01	1.33e-01	1.36e-08
 8.32566e+16	8.73e-01	1.27e-01	1.35e-08
 8.32885e+16	8.78e-01	1.22e-01	1.34e-08
 8.33209e+16	8.83e-01	1.17e-01	1.34e-08
 8.33523e+16	8.88e-01	1.12e-01	1.33e-08
 8.33824e+16	8.93e-01	1.07e-01	1.33e-08
 8.34125e+16	8.97e-01	1.03e-01	1.32e-08
 8.34430e+16	9.01e-01	9.88e-02	1.31e-08
 8.34726e+16	9.05e-01	9.48e-02	1.30e-08
 8.35008e+16	9.09e-01	9.12e-02	1.29e-08
 8.35267e+16	9.12e-01	8.78e-02	1.28e-08
 8.35498e+16	9.15e-01	8.50e-02	1.27e-08
 8.35708e+16	9.18e-01	8.24e-02	1.26e-08
 8.35903e+16	9.20e-01	8.00e-02	1.25e-08
 8.36090e+16	9.22e-01	7.78e-02	1.23e-08
 8.36267e+16	9.24e-01	7.58e-02	1.22e-08
 8.36426e+16	9.26e-01	7.40e-02	1.21e-08
 8.36572e+16	9.28e-01	7.23e-02	1.20e-08
 8.36713e+16	9.29e-01	7.07e-02	1.19e-08
 8.36847e+16	9.31e-01	6.93e-02	1.18e-08
 8.36975e+16	9.32e-01	6.79e-02	1.17e-08
 8.37095e+16	9.33e-01	6.66e-02	1.16e-08
 8.37209e+16	9.35e-01	6.55e-02	1.15e-08
 8.37317e+16	9.36e-01	6.43e-02	1.14e-08
 8.37422e+16	9.37e-01	6.33e-02	1.14e-08
 8.37521e+16	9.38e-01	6.23e-02	1.13e-08
 8.37617e+16	9.39e-01	6.13e-02	1.12e-08
 8.37710e+16	9.40e-01	6.04e-02	1.11e-08
 8.37799e+16	9.40e-01	5.95e-02	1.10e-08
 8.37886e+16	9.41e-01	5.87e-02	1.09e-08
 8.37973e+16	9.42e-01	5.78e-02	1.08e-08
 8.38059e+16	9.43e-01	5.70e-02	1.07e-08
 8.38145e+16	9.44e-01	5.62e-02	1.07e-08
 8.38232e+16	9.45e-01	5.53e-02	1.06e-08
 8.38321e+16	9.46e-01	5.45e-02	1.05e-08
 8.38416e+16	9.46e-01	5.36e-02	1.03e-08
 8.38516e+16	9.47e-01	5.26e-02	1.02e-08
 8.38613e+16	9.48e-01	5.18e-02	1.01e-08
 8.38700e+16	9.49e-01	5.09e-02	9.97e-09
 8.38780e+16	9.50e-01	5.02e-02	9.85e-09
 8.38857e+16	9.51e-01	4.95e-02	9.74e-09
 8.38932e+16	9.51e-01	4.88e-02	9.62e-09
 8.39002e+16	9.52e-01	4.81e-02	9.50e-09
 8.39065e+16	9.53e-01	4.75e-02	9.40e-09
 8.39123e+16	9.53e-01	4.69e-02	9.30e-09
 8.39176e+16	9.54e-01	4.64e-02	9.21e-09
 8.39224e+16	9.54e-01	4.60e-02	9.12e-09
 8.39267e+16	9.54e-01	4.56e-02	9.06e-09
 8.39315e+16	9.55e-01	4.51e-02	8.95e-09
 8.39367e+16	9.55e-01	4.46e-02	8.86e-09
 8.39414e+16	9.56e-01	4.41e-02	8.78e-09
 8.39456e+16	9.56e-01	4.37e-02	8.71e-09
 8.39503e+16	9.57e-01	4.32e-02	8.61e-09
 8.39554e+16	9.57e-01	4.28e-02	8.52e-09
 8.39600e+16	9.58e-01	4.23e-02	8.44e-09
 8.39642e+16	9.58e-01	4.20e-02	8.38e-09
 8.39688e+16	9.58e-01	4.15e-02	8.28e-09
 8.39737e+16	9.59e-01	4.11e-02	8.21e-09
 8.39782e+16	9.59e-01	4.07e-02	8.14e-09
 8.39832e+16	9.60e-01	4.02e-02	8.05e-09
 8.39885e+16	9.60e-01	3.98e-02	7.98e-09
 8.39943e+16	9.61e-01	3.93e-02	7.89e-09
 8.40006e+16	9.61e-01	3.88e-02	7.82e-09
 8.40064e+16	9.62e-01	3.83e-02	7.74e-09
 8.40116e+16	9.62e-01	3.80e-02	7.70e-09
