#depth	O	O+	O+2	O+3	O+4	O+5	O+6	O+7	O+8	O[1]	O[2]	O[3]
 4.48789e+11	6.89e-06	1.18e-02	9.64e-01	2.45e-02	8.41e-07	0.00e+00	0.00e+00	0.00e+00	0.00e+00	4.83e-06	1.39e-06	6.77e-07
 2.69273e+12	6.89e-06	1.18e-02	9.64e-01	2.44e-02	8.36e-07	0.00e+00	0.00e+00	0.00e+00	0.00e+00	4.82e-06	1.38e-06	6.77e-07
 1.16685e+13	6.89e-06	1.18e-02	9.64e-01	2.40e-02	8.19e-07	0.00e+00	0.00e+00	0.00e+00	0.00e+00	4.82e-06	1.39e-06	6.77e-07
 4.75716e+13	6.92e-06	1.19e-02	9.65e-01	2.27e-02	7.53e-07	0.00e+00	0.00e+00	0.00e+00	0.00e+00	4.84e-06	1.39e-06	6.81e-07
 1.13633e+14	6.90e-06	1.19e-02	9.67e-01	2.09e-02	6.63e-07	0.00e+00	0.00e+00	0.00e+00	0.00e+00	4.83e-06	1.39e-06	6.80e-07
 1.99514e+14	6.91e-06	1.19e-02	9.69e-01	1.88e-02	5.61e-07	0.00e+00	0.00e+00	0.00e+00	0.00e+00	4.83e-06	1.39e-06	6.81e-07
 3.11158e+14	6.94e-06	1.20e-02	9.72e-01	1.62e-02	4.49e-07	0.00e+00	0.00e+00	0.00e+00	0.00e+00	4.85e-06	1.40e-06	6.84e-07
 4.56296e+14	6.98e-06	1.21e-02	9.75e-01	1.34e-02	3.36e-07	0.00e+00	0.00e+00	0.00e+00	0.00e+00	4.88e-06	1.41e-06	6.88e-07
 6.44975e+14	7.04e-06	1.22e-02	9.77e-01	1.04e-02	2.29e-07	0.00e+00	0.00e+00	0.00e+00	0.00e+00	4.93e-06	1.42e-06	6.94e-07
 8.90257e+14	7.14e-06	1.23e-02	9.80e-01	7.39e-03	1.38e-07	0.00e+00	0.00e+00	0.00e+00	0.00e+00	5.00e-06	1.44e-06	7.03e-07
 1.20912e+15	7.28e-06	1.25e-02	9.83e-01	4.75e-03	0.00e+00	0.00e+00	0.00e+00	0.00e+00	0.00e+00	5.10e-06	1.47e-06	7.16e-07
 1.62365e+15	7.47e-06	1.27e-02	9.85e-01	2.68e-03	0.00e+00	0.00e+00	0.00e+00	0.00e+00	0.00e+00	5.23e-06	1.50e-06	7.35e-07
 2.16254e+15	7.75e-06	1.30e-02	9.86e-01	1.29e-03	0.00e+00	0.00e+00	0.00e+00	0.00e+00	0.00e+00	5.43e-06	1.56e-06	7.62e-07
 2.86309e+15	8.15e-06	1.33e-02	9.86e-01	5.18e-04	0.00e+00	0.00e+00	0.00e+00	0.00e+00	0.00e+00	5.71e-06	1.64e-06	8.00e-07
 3.77381e+15	8.71e-06	1.38e-02	9.86e-01	1.72e-04	0.00e+00	0.00e+00	0.00e+00	0.00e+00	0.00e+00	6.11e-06	1.75e-06	8.55e-07
 4.95774e+15	9.57e-06	1.44e-02	9.86e-01	4.97e-05	0.00e+00	0.00e+00	0.00e+00	0.00e+00	0.00e+00	6.71e-06	1.92e-06	9.40e-07
 6.49685e+15	1.09e-05	1.52e-02	9.85e-01	1.51e-05	0.00e+00	0.00e+00	0.00e+00	0.00e+00	0.00e+00	7.62e-06	2.18e-06	1.07e-06
 8.30631e+15	1.26e-05	1.63e-02	9.84e-01	7.10e-06	0.00e+00	0.00e+00	0.00e+00	0.00e+00	0.00e+00	8.83e-06	2.53e-06	1.24e-06
 1.01854e+16	1.48e-05	1.74e-02	9.83e-01	4.99e-06	0.00e+00	0.00e+00	0.00e+00	0.00e+00	0.00e+00	1.04e-05	2.97e-06	1.46e-06
 1.20644e+16	1.75e-05	1.86e-02	9.81e-01	4.16e-06	0.00e+00	0.00e+00	0.00e+00	0.00e+00	0.00e+00	1.23e-05	3.53e-06	1.73e-06
 1.36542e+16	2.03e-05	1.98e-02	9.80e-01	3.73e-06	0.00e+00	0.00e+00	0.00e+00	0.00e+00	0.00e+00	1.42e-05	4.09e-06	2.01e-06
 1.50196e+16	2.33e-05	2.09e-02	9.79e-01	3.49e-06	0.00e+00	0.00e+00	0.00e+00	0.00e+00	0.00e+00	1.63e-05	4.72e-06	2.31e-06
 1.65215e+16	2.73e-05	2.22e-02	9.78e-01	3.29e-06	0.00e+00	0.00e+00	0.00e+00	0.00e+00	0.00e+00	1.91e-05	5.54e-06	2.71e-06
 1.81737e+16	3.28e-05	2.38e-02	9.76e-01	3.13e-06	0.00e+00	0.00e+00	0.00e+00	0.00e+00	0.00e+00	2.28e-05	6.67e-06	3.27e-06
 1.99164e+16	4.01e-05	2.57e-02	9.74e-01	3.01e-06	0.00e+00	0.00e+00	0.00e+00	0.00e+00	0.00e+00	2.79e-05	8.19e-06	3.99e-06
 2.13715e+16	4.79e-05	2.75e-02	9.72e-01	2.90e-06	0.00e+00	0.00e+00	0.00e+00	0.00e+00	0.00e+00	3.33e-05	9.82e-06	4.78e-06
 2.23899e+16	5.46e-05	2.89e-02	9.71e-01	2.85e-06	0.00e+00	0.00e+00	0.00e+00	0.00e+00	0.00e+00	3.79e-05	1.12e-05	5.44e-06
 2.34028e+16	6.24e-05	3.05e-02	9.69e-01	2.82e-06	0.00e+00	0.00e+00	0.00e+00	0.00e+00	0.00e+00	4.33e-05	1.29e-05	6.22e-06
 2.46276e+16	7.40e-05	3.27e-02	9.67e-01	2.79e-06	0.00e+00	0.00e+00	0.00e+00	0.00e+00	0.00e+00	5.13e-05	1.53e-05	7.38e-06
 2.57935e+16	8.78e-05	3.50e-02	9.65e-01	2.73e-06	0.00e+00	0.00e+00	0.00e+00	0.00e+00	0.00e+00	6.08e-05	1.82e-05	8.74e-06
 2.67162e+16	1.01e-04	3.72e-02	9.63e-01	2.68e-06	0.00e+00	0.00e+00	0.00e+00	0.00e+00	0.00e+00	7.01e-05	2.11e-05	1.01e-05
 2.75225e+16	1.15e-04	3.93e-02	9.61e-01	2.64e-06	0.00e+00	0.00e+00	0.00e+00	0.00e+00	0.00e+00	7.98e-05	2.41e-05	1.15e-05
 2.84361e+16	1.34e-04	4.19e-02	9.58e-01	2.61e-06	0.00e+00	0.00e+00	0.00e+00	0.00e+00	0.00e+00	9.27e-05	2.81e-05	1.34e-05
 2.94277e+16	1.60e-04	4.53e-02	9.55e-01	2.54e-06	0.00e+00	0.00e+00	0.00e+00	0.00e+00	0.00e+00	1.10e-04	3.36e-05	1.59e-05
 3.02840e+16	1.88e-04	4.86e-02	9.51e-01	2.46e-06	0.00e+00	0.00e+00	0.00e+00	0.00e+00	0.00e+00	1.29e-04	3.96e-05	1.87e-05
 3.10078e+16	2.17e-04	5.19e-02	9.48e-01	2.38e-06	0.00e+00	0.00e+00	0.00e+00	0.00e+00	0.00e+00	1.49e-04	4.58e-05	2.15e-05
 3.17111e+16	2.50e-04	5.54e-02	9.44e-01	2.30e-06	0.00e+00	0.00e+00	0.00e+00	0.00e+00	0.00e+00	1.72e-04	5.28e-05	2.48e-05
 3.23968e+16	2.90e-04	5.94e-02	9.40e-01	2.21e-06	0.00e+00	0.00e+00	0.00e+00	0.00e+00	0.00e+00	2.00e-04	6.13e-05	2.88e-05
 3.30139e+16	3.34e-04	6.33e-02	9.36e-01	2.12e-06	0.00e+00	0.00e+00	0.00e+00	0.00e+00	0.00e+00	2.30e-04	7.05e-05	3.31e-05
 3.35692e+16	3.80e-04	6.74e-02	9.32e-01	2.02e-06	0.00e+00	0.00e+00	0.00e+00	0.00e+00	0.00e+00	2.62e-04	8.03e-05	3.77e-05
 3.40691e+16	4.30e-04	7.14e-02	9.28e-01	1.94e-06	0.00e+00	0.00e+00	0.00e+00	0.00e+00	0.00e+00	2.97e-04	9.08e-05	4.26e-05
 3.45189e+16	4.82e-04	7.54e-02	9.24e-01	1.86e-06	0.00e+00	0.00e+00	0.00e+00	0.00e+00	0.00e+00	3.32e-04	1.02e-04	4.76e-05
 3.49248e+16	5.36e-04	7.93e-02	9.20e-01	1.78e-06	0.00e+00	0.00e+00	0.00e+00	0.00e+00	0.00e+00	3.70e-04	1.13e-04	5.30e-05
 3.53105e+16	5.95e-04	8.34e-02	9.16e-01	1.71e-06	0.00e+00	0.00e+00	0.00e+00	0.00e+00	0.00e+00	4.10e-04	1.26e-04	5.87e-05
 3.56962e+16	6.64e-04	8.79e-02	9.11e-01	1.63e-06	0.00e+00	0.00e+00	0.00e+00	0.00e+00	0.00e+00	4.58e-04	1.40e-04	6.55e-05
 3.60819e+16	7.42e-04	9.28e-02	9.06e-01	1.55e-06	0.00e+00	0.00e+00	0.00e+00	0.00e+00	0.00e+00	5.12e-04	1.57e-04	7.32e-05
 3.64675e+16	8.33e-04	9.82e-02	9.01e-01	1.47e-06	0.00e+00	0.00e+00	0.00e+00	0.00e+00	0.00e+00	5.75e-04	1.76e-04	8.22e-05
 3.68532e+16	9.39e-04	1.04e-01	8.95e-01	1.38e-06	0.00e+00	0.00e+00	0.00e+00	0.00e+00	0.00e+00	6.48e-04	1.98e-04	9.26e-05
 3.72389e+16	1.06e-03	1.11e-01	8.88e-01	1.30e-06	0.00e+00	0.00e+00	0.00e+00	0.00e+00	0.00e+00	7.34e-04	2.24e-04	1.05e-04
 3.76246e+16	1.21e-03	1.18e-01	8.81e-01	1.21e-06	0.00e+00	0.00e+00	0.00e+00	0.00e+00	0.00e+00	8.36e-04	2.55e-04	1.19e-04
 3.80102e+16	1.39e-03	1.26e-01	8.73e-01	1.12e-06	0.00e+00	0.00e+00	0.00e+00	0.00e+00	0.00e+00	9.58e-04	2.93e-04	1.37e-04
 3.83853e+16	1.60e-03	1.35e-01	8.64e-01	1.04e-06	0.00e+00	0.00e+00	0.00e+00	0.00e+00	0.00e+00	1.10e-03	3.37e-04	1.57e-04
