#depth	H	H+	H2
 2.06752e+12	8.77e-04	9.99e-01	1.37e-14
 1.24051e+13	8.77e-04	9.99e-01	1.37e-14
 5.37556e+13	8.77e-04	9.99e-01	1.37e-14
 2.19158e+14	8.79e-04	9.99e-01	1.39e-14
 5.23497e+14	8.74e-04	9.99e-01	1.43e-14
 9.19138e+14	8.74e-04	9.99e-01	1.47e-14
 1.43347e+15	8.77e-04	9.99e-01	1.54e-14
 2.10211e+15	8.84e-04	9.99e-01	1.63e-14
 2.91084e+15	8.96e-04	9.99e-01	1.76e-14
 3.66189e+15	9.05e-04	9.99e-01	1.89e-14
 4.20941e+15	9.15e-04	9.99e-01	2.01e-14
 4.63867e+15	9.33e-04	9.99e-01	2.13e-14
 5.10324e+15	9.54e-04	9.99e-01	2.28e-14
 5.70718e+15	9.84e-04	9.99e-01	2.49e-14
 6.33588e+15	1.01e-03	9.99e-01	2.71e-14
 6.89027e+15	1.04e-03	9.99e-01	2.92e-14
 7.50447e+15	1.07e-03	9.99e-01	3.16e-14
 8.30293e+15	1.11e-03	9.99e-01	3.47e-14
 9.34093e+15	1.15e-03	9.99e-01	3.83e-14
 1.06903e+16	1.21e-03	9.99e-01	4.30e-14
 1.20257e+16	1.26e-03	9.99e-01	4.75e-14
 1.32282e+16	1.32e-03	9.99e-01	5.20e-14
 1.45511e+16	1.39e-03	9.99e-01	5.75e-14
 1.60062e+16	1.47e-03	9.99e-01	6.44e-14
 1.76068e+16	1.57e-03	9.98e-01	7.30e-14
 1.93675e+16	1.70e-03	9.98e-01	8.40e-14
 2.13042e+16	1.87e-03	9.98e-01	9.84e-14
 2.34346e+16	2.08e-03	9.98e-01	1.18e-13
 2.57781e+16	2.38e-03	9.98e-01	1.47e-13
 2.83559e+16	2.78e-03	9.97e-01	1.87e-13
 3.02627e+16	3.14e-03	9.97e-01	2.22e-13
 3.11393e+16	3.32e-03	9.97e-01	2.41e-13
 3.18756e+16	3.49e-03	9.97e-01	2.60e-13
 3.28329e+16	3.73e-03	9.96e-01	2.86e-13
 3.40774e+16	4.06e-03	9.96e-01	3.24e-13
 3.53459e+16	4.45e-03	9.96e-01	3.70e-13
 3.63373e+16	4.79e-03	9.95e-01	4.12e-13
 3.71638e+16	5.11e-03	9.95e-01	4.51e-13
 3.80845e+16	5.50e-03	9.95e-01	5.00e-13
 3.91012e+16	5.97e-03	9.94e-01	5.62e-13
 4.00157e+16	6.44e-03	9.94e-01	6.25e-13
 4.08189e+16	6.90e-03	9.93e-01	6.89e-13
 4.17045e+16	7.46e-03	9.93e-01	7.70e-13
 4.26481e+16	8.14e-03	9.92e-01	8.67e-13
 4.34514e+16	8.78e-03	9.91e-01	9.63e-13
 4.41520e+16	9.41e-03	9.91e-01	1.06e-12
 4.49343e+16	1.02e-02	9.90e-01	1.18e-12
 4.57773e+16	1.11e-02	9.89e-01	1.33e-12
 4.65082e+16	1.21e-02	9.88e-01	1.49e-12
 4.71472e+16	1.30e-02	9.87e-01	1.64e-12
 4.78581e+16	1.42e-02	9.86e-01	1.84e-12
 4.86115e+16	1.56e-02	9.84e-01	2.08e-12
 4.92429e+16	1.69e-02	9.83e-01	2.32e-12
 4.97813e+16	1.83e-02	9.82e-01	2.56e-12
 5.03760e+16	1.99e-02	9.80e-01	2.87e-12
 5.10099e+16	2.20e-02	9.78e-01	3.26e-12
 5.15469e+16	2.40e-02	9.76e-01	3.64e-12
 5.20037e+16	2.60e-02	9.74e-01	4.03e-12
 5.25037e+16	2.85e-02	9.72e-01	4.54e-12
 5.30347e+16	3.16e-02	9.68e-01	5.17e-12
 5.34790e+16	3.46e-02	9.65e-01	5.82e-12
 5.38519e+16	3.76e-02	9.62e-01	6.46e-12
 5.42591e+16	4.15e-02	9.59e-01	7.30e-12
 5.46968e+16	4.64e-02	9.54e-01	8.41e-12
 5.50690e+16	5.14e-02	9.49e-01	9.59e-12
 5.53822e+16	5.64e-02	9.44e-01	1.08e-11
 5.57236e+16	6.30e-02	9.37e-01	1.24e-11
 5.60918e+16	7.16e-02	9.28e-01	1.46e-11
 5.63783e+16	8.00e-02	9.20e-01	1.68e-11
 5.65737e+16	8.66e-02	9.13e-01	1.87e-11
 5.67673e+16	9.42e-02	9.06e-01	2.08e-11
 5.69848e+16	1.04e-01	8.96e-01	2.38e-11
 5.71819e+16	1.15e-01	8.85e-01	2.71e-11
 5.73453e+16	1.25e-01	8.75e-01	3.04e-11
 5.74920e+16	1.36e-01	8.64e-01	3.39e-11
 5.76585e+16	1.50e-01	8.50e-01	3.89e-11
 5.78285e+16	1.68e-01	8.32e-01	4.52e-11
 5.79615e+16	1.83e-01	8.17e-01	5.13e-11
 5.80701e+16	1.98e-01	8.02e-01	5.72e-11
 5.81892e+16	2.16e-01	7.84e-01	6.51e-11
 5.83175e+16	2.38e-01	7.62e-01	7.56e-11
 5.84271e+16	2.60e-01	7.40e-01	8.65e-11
 5.85187e+16	2.81e-01	7.19e-01	9.76e-11
 5.86174e+16	3.06e-01	6.94e-01	1.12e-10
 5.87228e+16	3.37e-01	6.63e-01	1.31e-10
 5.88114e+16	3.65e-01	6.35e-01	1.51e-10
 5.88855e+16	3.92e-01	6.08e-01	1.71e-10
 5.89569e+16	4.19e-01	5.81e-01	1.94e-10
 5.90277e+16	4.48e-01	5.52e-01	2.21e-10
 5.90907e+16	4.76e-01	5.24e-01	2.49e-10
 5.91434e+16	5.01e-01	4.99e-01	2.77e-10
 5.91894e+16	5.23e-01	4.77e-01	3.04e-10
 5.92325e+16	5.44e-01	4.56e-01	3.33e-10
 5.92664e+16	5.61e-01	4.39e-01	3.58e-10
 5.92887e+16	5.72e-01	4.28e-01	3.74e-10
 5.93096e+16	5.83e-01	4.17e-01	3.93e-10
 5.93337e+16	5.96e-01	4.04e-01	4.15e-10
 5.93588e+16	6.10e-01	3.90e-01	4.40e-10
 5.93822e+16	6.23e-01	3.77e-01	4.64e-10
 5.94038e+16	6.34e-01	3.66e-01	4.89e-10
 5.94248e+16	6.46e-01	3.54e-01	5.14e-10
 5.94460e+16	6.58e-01	3.42e-01	5.41e-10
 5.94670e+16	6.70e-01	3.30e-01	5.71e-10
 5.94873e+16	6.82e-01	3.18e-01	6.01e-10
 5.95070e+16	6.93e-01	3.07e-01	6.32e-10
 5.95263e+16	7.04e-01	2.96e-01	6.64e-10
 5.95453e+16	7.15e-01	2.85e-01	6.98e-10
 5.95640e+16	7.25e-01	2.75e-01	7.34e-10
 5.95822e+16	7.35e-01	2.65e-01	7.71e-10
 5.96001e+16	7.45e-01	2.55e-01	8.10e-10
 5.96176e+16	7.55e-01	2.45e-01	8.50e-10
 5.96348e+16	7.65e-01	2.35e-01	8.93e-10
 5.96517e+16	7.74e-01	2.26e-01	9.37e-10
 5.96683e+16	7.83e-01	2.17e-01	9.84e-10
 5.96845e+16	7.92e-01	2.08e-01	1.03e-09
 5.97004e+16	8.00e-01	2.00e-01	1.08e-09
 5.97161e+16	8.09e-01	1.91e-01	1.14e-09
 5.97315e+16	8.17e-01	1.83e-01	1.19e-09
 5.97466e+16	8.24e-01	1.76e-01	1.25e-09
 5.97614e+16	8.32e-01	1.68e-01	1.31e-09
 5.97760e+16	8.39e-01	1.61e-01	1.38e-09
 5.97902e+16	8.46e-01	1.54e-01	1.44e-09
 5.98041e+16	8.52e-01	1.48e-01	1.51e-09
 5.98175e+16	8.59e-01	1.41e-01	1.58e-09
 5.98308e+16	8.65e-01	1.35e-01	1.66e-09
 5.98436e+16	8.70e-01	1.30e-01	1.74e-09
 5.98560e+16	8.76e-01	1.24e-01	1.82e-09
 5.98681e+16	8.81e-01	1.19e-01	1.90e-09
 5.98799e+16	8.86e-01	1.14e-01	2.00e-09
 5.98915e+16	8.91e-01	1.09e-01	2.09e-09
 5.99028e+16	8.95e-01	1.05e-01	2.19e-09
 5.99138e+16	8.99e-01	1.01e-01	2.29e-09
 5.99245e+16	9.04e-01	9.65e-02	2.39e-09
 5.99351e+16	9.07e-01	9.25e-02	2.50e-09
 5.99453e+16	9.11e-01	8.88e-02	2.62e-09
 5.99553e+16	9.15e-01	8.52e-02	2.75e-09
 5.99652e+16	9.18e-01	8.17e-02	2.88e-09
 5.99750e+16	9.22e-01	7.84e-02	3.02e-09
 5.99844e+16	9.25e-01	7.52e-02	3.16e-09
 5.99935e+16	9.28e-01	7.23e-02	3.31e-09
 6.00027e+16	9.31e-01	6.93e-02	3.47e-09
 6.00115e+16	9.33e-01	6.66e-02	3.65e-09
 6.00201e+16	9.36e-01	6.40e-02	3.82e-09
 6.00287e+16	9.39e-01	6.14e-02	4.02e-09
 6.00372e+16	9.41e-01	5.89e-02	4.23e-09
 6.00453e+16	9.43e-01	5.66e-02	4.45e-09
 6.00532e+16	9.46e-01	5.44e-02	4.68e-09
 6.00610e+16	9.48e-01	5.23e-02	4.93e-09
 6.00688e+16	9.50e-01	5.02e-02	5.20e-09
 6.00764e+16	9.52e-01	4.82e-02	5.50e-09
 6.00839e+16	9.54e-01	4.63e-02	5.81e-09
 6.00911e+16	9.55e-01	4.45e-02	6.15e-09
 6.00982e+16	9.57e-01	4.28e-02	6.51e-09
 6.01051e+16	9.59e-01	4.11e-02	6.91e-09
 6.01119e+16	9.60e-01	3.95e-02	7.34e-09
 6.01186e+16	9.62e-01	3.80e-02	7.82e-09
 6.01252e+16	9.64e-01	3.65e-02	8.34e-09
 6.01316e+16	9.65e-01	3.51e-02	8.91e-09
 6.01378e+16	9.66e-01	3.37e-02	9.54e-09
 6.01439e+16	9.68e-01	3.24e-02	1.02e-08
 6.01499e+16	9.69e-01	3.11e-02	1.10e-08
 6.01557e+16	9.70e-01	2.99e-02	1.19e-08
 6.01614e+16	9.71e-01	2.87e-02	1.29e-08
 6.01669e+16	9.72e-01	2.76e-02	1.40e-08
 6.01723e+16	9.74e-01	2.65e-02	1.53e-08
 6.01776e+16	9.75e-01	2.54e-02	1.67e-08
 6.01827e+16	9.76e-01	2.44e-02	1.84e-08
 6.01878e+16	9.77e-01	2.34e-02	2.04e-08
 6.01925e+16	9.77e-01	2.25e-02	2.25e-08
 6.01969e+16	9.78e-01	2.17e-02	2.49e-08
 6.02008e+16	9.79e-01	2.09e-02	2.75e-08
 6.02044e+16	9.80e-01	2.02e-02	3.03e-08
 6.02078e+16	9.80e-01	1.96e-02	3.35e-08
 6.02110e+16	9.81e-01	1.90e-02	3.70e-08
 6.02139e+16	9.82e-01	1.85e-02	4.09e-08
 6.02166e+16	9.82e-01	1.79e-02	4.52e-08
 6.02192e+16	9.83e-01	1.74e-02	4.99e-08
 6.02215e+16	9.83e-01	1.70e-02	5.52e-08
 6.02237e+16	9.83e-01	1.66e-02	6.08e-08
 6.02258e+16	9.84e-01	1.62e-02	6.73e-08
 6.02277e+16	9.84e-01	1.58e-02	7.46e-08
 6.02294e+16	9.85e-01	1.54e-02	8.26e-08
 6.02311e+16	9.85e-01	1.51e-02	9.11e-08
 6.02326e+16	9.85e-01	1.48e-02	9.95e-08
 6.02341e+16	9.86e-01	1.44e-02	1.12e-07
 6.02355e+16	9.86e-01	1.41e-02	1.25e-07
 6.02367e+16	9.86e-01	1.39e-02	1.35e-07
 6.02379e+16	9.86e-01	1.36e-02	1.52e-07
 6.02390e+16	9.87e-01	1.33e-02	1.70e-07
 6.02400e+16	9.87e-01	1.31e-02	1.84e-07
 6.02409e+16	9.87e-01	1.28e-02	2.07e-07
 6.02419e+16	9.87e-01	1.26e-02	2.27e-07
 6.02427e+16	9.88e-01	1.24e-02	2.55e-07
 6.02435e+16	9.88e-01	1.22e-02	2.79e-07
 6.02442e+16	9.88e-01	1.20e-02	3.12e-07
 6.02449e+16	9.88e-01	1.18e-02	3.41e-07
 6.02455e+16	9.88e-01	1.16e-02	3.82e-07
 6.02461e+16	9.89e-01	1.14e-02	4.20e-07
 6.02467e+16	9.89e-01	1.12e-02	4.76e-07
 6.02473e+16	9.89e-01	1.10e-02	5.38e-07
 6.02479e+16	9.89e-01	1.07e-02	6.13e-07
 6.02485e+16	9.89e-01	1.05e-02	7.05e-07
 6.02491e+16	9.90e-01	1.02e-02	8.22e-07
 6.02498e+16	9.90e-01	9.95e-03	9.73e-07
