#depth	He	He+	He+2
 2.06752e+12	1.28e-04	2.57e-01	7.43e-01
 1.24051e+13	1.28e-04	2.57e-01	7.43e-01
 5.37556e+13	1.28e-04	2.58e-01	7.42e-01
 2.19158e+14	1.32e-04	2.63e-01	7.37e-01
 5.23497e+14	1.35e-04	2.66e-01	7.34e-01
 9.19138e+14	1.43e-04	2.75e-01	7.25e-01
 1.43347e+15	1.56e-04	2.93e-01	7.07e-01
 2.10211e+15	1.78e-04	3.24e-01	6.76e-01
 2.91084e+15	2.14e-04	3.75e-01	6.25e-01
 3.66189e+15	2.60e-04	4.38e-01	5.62e-01
 4.20941e+15	3.03e-04	4.97e-01	5.02e-01
 4.63867e+15	3.47e-04	5.53e-01	4.47e-01
 5.10324e+15	3.97e-04	6.17e-01	3.83e-01
 5.70718e+15	4.68e-04	7.02e-01	2.97e-01
 6.33588e+15	5.44e-04	7.88e-01	2.11e-01
 6.89027e+15	6.06e-04	8.53e-01	1.47e-01
 7.50447e+15	6.63e-04	9.05e-01	9.40e-02
 8.30293e+15	7.21e-04	9.49e-01	5.07e-02
 9.34093e+15	7.73e-04	9.77e-01	2.24e-02
 1.06903e+16	8.24e-04	9.91e-01	8.08e-03
 1.20257e+16	8.65e-04	9.96e-01	3.14e-03
 1.32282e+16	9.01e-04	9.98e-01	1.42e-03
 1.45511e+16	9.39e-04	9.98e-01	6.31e-04
 1.60062e+16	9.83e-04	9.99e-01	2.73e-04
 1.76068e+16	1.03e-03	9.99e-01	1.15e-04
 1.93675e+16	1.09e-03	9.99e-01	4.74e-05
 2.13042e+16	1.16e-03	9.99e-01	1.95e-05
 2.34346e+16	1.24e-03	9.99e-01	8.04e-06
 2.57781e+16	1.35e-03	9.99e-01	3.36e-06
 2.83559e+16	1.48e-03	9.99e-01	1.44e-06
 3.02627e+16	1.58e-03	9.98e-01	8.67e-07
 3.11393e+16	1.62e-03	9.98e-01	6.98e-07
 3.18756e+16	1.67e-03	9.98e-01	5.73e-07
 3.28329e+16	1.73e-03	9.98e-01	4.48e-07
 3.40774e+16	1.82e-03	9.98e-01	3.31e-07
 3.53459e+16	1.92e-03	9.98e-01	2.51e-07
 3.63373e+16	2.01e-03	9.98e-01	2.04e-07
 3.71638e+16	2.08e-03	9.98e-01	1.71e-07
 3.80845e+16	2.18e-03	9.98e-01	1.41e-07
 3.91012e+16	2.29e-03	9.98e-01	1.15e-07
 4.00157e+16	2.41e-03	9.98e-01	9.67e-08
 4.08189e+16	2.51e-03	9.97e-01	8.32e-08
 4.17045e+16	2.65e-03	9.97e-01	7.01e-08
 4.26481e+16	2.81e-03	9.97e-01	5.92e-08
 4.34514e+16	2.95e-03	9.97e-01	5.15e-08
 4.41520e+16	3.10e-03	9.97e-01	4.56e-08
 4.49343e+16	3.28e-03	9.97e-01	3.96e-08
 4.57773e+16	3.50e-03	9.97e-01	3.44e-08
 4.65082e+16	3.71e-03	9.96e-01	3.05e-08
 4.71472e+16	3.92e-03	9.96e-01	2.75e-08
 4.78581e+16	4.18e-03	9.96e-01	2.43e-08
 4.86115e+16	4.50e-03	9.96e-01	2.15e-08
 4.92429e+16	4.80e-03	9.95e-01	1.95e-08
 4.97813e+16	5.09e-03	9.95e-01	1.79e-08
 5.03760e+16	5.47e-03	9.95e-01	1.62e-08
 5.10099e+16	5.92e-03	9.94e-01	1.47e-08
 5.15469e+16	6.36e-03	9.94e-01	1.35e-08
 5.20037e+16	6.80e-03	9.93e-01	1.26e-08
 5.25037e+16	7.36e-03	9.93e-01	1.16e-08
 5.30347e+16	8.04e-03	9.92e-01	1.06e-08
 5.34790e+16	8.71e-03	9.91e-01	9.93e-09
 5.38519e+16	9.37e-03	9.91e-01	9.35e-09
 5.42591e+16	1.02e-02	9.90e-01	8.72e-09
 5.46968e+16	1.13e-02	9.89e-01	8.11e-09
 5.50690e+16	1.24e-02	9.88e-01	7.63e-09
 5.53822e+16	1.35e-02	9.87e-01	7.24e-09
 5.57236e+16	1.49e-02	9.85e-01	6.81e-09
 5.60918e+16	1.68e-02	9.83e-01	6.38e-09
 5.63783e+16	1.86e-02	9.81e-01	6.08e-09
 5.65737e+16	2.01e-02	9.80e-01	5.87e-09
 5.67673e+16	2.18e-02	9.78e-01	5.65e-09
 5.69848e+16	2.39e-02	9.76e-01	5.42e-09
 5.71819e+16	2.64e-02	9.74e-01	5.21e-09
 5.73453e+16	2.87e-02	9.71e-01	5.05e-09
 5.74920e+16	3.11e-02	9.69e-01	4.91e-09
 5.76585e+16	3.44e-02	9.66e-01	4.73e-09
 5.78285e+16	3.84e-02	9.62e-01	4.58e-09
 5.79615e+16	4.22e-02	9.58e-01	4.46e-09
 5.80701e+16	4.58e-02	9.54e-01	4.36e-09
 5.81892e+16	5.04e-02	9.50e-01	4.26e-09
 5.83175e+16	5.63e-02	9.44e-01	4.15e-09
 5.84271e+16	6.23e-02	9.38e-01	4.08e-09
 5.85187e+16	6.83e-02	9.32e-01	4.01e-09
 5.86174e+16	7.60e-02	9.24e-01	3.95e-09
 5.87228e+16	8.55e-02	9.14e-01	3.91e-09
 5.88114e+16	9.52e-02	9.05e-01	3.88e-09
 5.88855e+16	1.05e-01	8.95e-01	3.86e-09
 5.89569e+16	1.16e-01	8.84e-01	3.86e-09
 5.90277e+16	1.28e-01	8.72e-01	3.87e-09
 5.90907e+16	1.41e-01	8.59e-01	3.89e-09
 5.91434e+16	1.53e-01	8.47e-01	3.92e-09
 5.91894e+16	1.65e-01	8.35e-01	3.95e-09
 5.92325e+16	1.78e-01	8.22e-01	3.98e-09
 5.92664e+16	1.88e-01	8.12e-01	4.02e-09
 5.92887e+16	1.95e-01	8.05e-01	4.04e-09
 5.93096e+16	2.03e-01	7.97e-01	4.05e-09
 5.93337e+16	2.12e-01	7.88e-01	4.08e-09
 5.93588e+16	2.22e-01	7.78e-01	4.12e-09
 5.93822e+16	2.32e-01	7.68e-01	4.15e-09
 5.94038e+16	2.42e-01	7.58e-01	4.19e-09
 5.94248e+16	2.52e-01	7.48e-01	4.22e-09
 5.94460e+16	2.63e-01	7.37e-01	4.26e-09
 5.94670e+16	2.74e-01	7.26e-01	4.30e-09
 5.94873e+16	2.85e-01	7.15e-01	4.34e-09
 5.95070e+16	2.96e-01	7.04e-01	4.38e-09
 5.95263e+16	3.08e-01	6.92e-01	4.42e-09
 5.95453e+16	3.20e-01	6.80e-01	4.46e-09
 5.95640e+16	3.32e-01	6.68e-01	4.51e-09
 5.95822e+16	3.45e-01	6.55e-01	4.55e-09
 5.96001e+16	3.58e-01	6.42e-01	4.59e-09
 5.96176e+16	3.71e-01	6.29e-01	4.63e-09
 5.96348e+16	3.84e-01	6.16e-01	4.67e-09
 5.96517e+16	3.98e-01	6.02e-01	4.72e-09
 5.96683e+16	4.11e-01	5.89e-01	4.75e-09
 5.96845e+16	4.25e-01	5.75e-01	4.79e-09
 5.97004e+16	4.39e-01	5.61e-01	4.83e-09
 5.97161e+16	4.54e-01	5.46e-01	4.87e-09
 5.97315e+16	4.68e-01	5.32e-01	4.90e-09
 5.97466e+16	4.82e-01	5.18e-01	4.93e-09
 5.97614e+16	4.97e-01	5.03e-01	4.96e-09
 5.97760e+16	5.12e-01	4.88e-01	4.99e-09
 5.97902e+16	5.26e-01	4.74e-01	5.02e-09
 5.98041e+16	5.41e-01	4.59e-01	5.04e-09
 5.98175e+16	5.55e-01	4.45e-01	5.06e-09
 5.98308e+16	5.69e-01	4.31e-01	5.07e-09
 5.98436e+16	5.83e-01	4.17e-01	5.09e-09
 5.98560e+16	5.96e-01	4.04e-01	5.10e-09
 5.98681e+16	6.09e-01	3.91e-01	5.11e-09
 5.98799e+16	6.23e-01	3.77e-01	5.10e-09
 5.98915e+16	6.35e-01	3.65e-01	5.11e-09
 5.99028e+16	6.48e-01	3.52e-01	5.10e-09
 5.99138e+16	6.60e-01	3.40e-01	5.10e-09
 5.99245e+16	6.72e-01	3.28e-01	5.09e-09
 5.99351e+16	6.84e-01	3.16e-01	5.08e-09
 5.99453e+16	6.96e-01	3.04e-01	5.06e-09
 5.99553e+16	7.07e-01	2.93e-01	5.05e-09
 5.99652e+16	7.18e-01	2.82e-01	5.03e-09
 5.99750e+16	7.28e-01	2.72e-01	5.00e-09
 5.99844e+16	7.38e-01	2.62e-01	4.98e-09
 5.99935e+16	7.48e-01	2.52e-01	4.95e-09
 6.00027e+16	7.58e-01	2.42e-01	4.92e-09
 6.00115e+16	7.67e-01	2.33e-01	4.89e-09
 6.00201e+16	7.76e-01	2.24e-01	4.85e-09
 6.00287e+16	7.85e-01	2.15e-01	4.81e-09
 6.00372e+16	7.94e-01	2.06e-01	4.77e-09
 6.00453e+16	8.02e-01	1.98e-01	4.73e-09
 6.00532e+16	8.10e-01	1.90e-01	4.68e-09
 6.00610e+16	8.18e-01	1.82e-01	4.63e-09
 6.00688e+16	8.25e-01	1.75e-01	4.58e-09
 6.00764e+16	8.32e-01	1.68e-01	4.53e-09
 6.00839e+16	8.39e-01	1.61e-01	4.47e-09
 6.00911e+16	8.46e-01	1.54e-01	4.42e-09
 6.00982e+16	8.52e-01	1.48e-01	4.36e-09
 6.01051e+16	8.58e-01	1.42e-01	4.30e-09
 6.01119e+16	8.64e-01	1.36e-01	4.24e-09
 6.01186e+16	8.70e-01	1.30e-01	4.17e-09
 6.01252e+16	8.75e-01	1.25e-01	4.11e-09
 6.01316e+16	8.81e-01	1.19e-01	4.04e-09
 6.01378e+16	8.86e-01	1.14e-01	3.97e-09
 6.01439e+16	8.91e-01	1.09e-01	3.90e-09
 6.01499e+16	8.95e-01	1.05e-01	3.83e-09
 6.01557e+16	9.00e-01	1.00e-01	3.76e-09
 6.01614e+16	9.04e-01	9.58e-02	3.68e-09
 6.01669e+16	9.08e-01	9.17e-02	3.60e-09
 6.01723e+16	9.12e-01	8.78e-02	3.53e-09
 6.01776e+16	9.16e-01	8.40e-02	3.45e-09
 6.01827e+16	9.20e-01	8.03e-02	3.37e-09
 6.01878e+16	9.23e-01	7.68e-02	3.29e-09
 6.01925e+16	9.26e-01	7.36e-02	3.21e-09
 6.01969e+16	9.29e-01	7.05e-02	3.13e-09
 6.02008e+16	9.32e-01	6.78e-02	3.05e-09
 6.02044e+16	9.35e-01	6.53e-02	2.98e-09
 6.02078e+16	9.37e-01	6.30e-02	2.91e-09
 6.02110e+16	9.39e-01	6.09e-02	2.84e-09
 6.02139e+16	9.41e-01	5.89e-02	2.77e-09
 6.02166e+16	9.43e-01	5.70e-02	2.70e-09
 6.02192e+16	9.45e-01	5.53e-02	2.64e-09
 6.02215e+16	9.46e-01	5.37e-02	2.58e-09
 6.02237e+16	9.48e-01	5.23e-02	2.53e-09
 6.02258e+16	9.49e-01	5.08e-02	2.47e-09
 6.02277e+16	9.50e-01	4.95e-02	2.42e-09
 6.02294e+16	9.52e-01	4.83e-02	2.36e-09
 6.02311e+16	9.53e-01	4.71e-02	2.31e-09
 6.02326e+16	9.54e-01	4.62e-02	2.27e-09
 6.02341e+16	9.55e-01	4.50e-02	2.21e-09
 6.02355e+16	9.56e-01	4.40e-02	2.17e-09
 6.02367e+16	9.57e-01	4.32e-02	2.13e-09
 6.02379e+16	9.58e-01	4.22e-02	2.08e-09
 6.02390e+16	9.59e-01	4.14e-02	2.04e-09
 6.02400e+16	9.59e-01	4.07e-02	2.01e-09
 6.02409e+16	9.60e-01	3.99e-02	1.96e-09
 6.02419e+16	9.61e-01	3.92e-02	1.93e-09
 6.02427e+16	9.62e-01	3.85e-02	1.88e-09
 6.02435e+16	9.62e-01	3.79e-02	1.85e-09
 6.02442e+16	9.63e-01	3.72e-02	1.81e-09
 6.02449e+16	9.63e-01	3.67e-02	1.78e-09
 6.02455e+16	9.64e-01	3.61e-02	1.74e-09
 6.02461e+16	9.64e-01	3.56e-02	1.71e-09
 6.02467e+16	9.65e-01	3.49e-02	1.67e-09
 6.02473e+16	9.66e-01	3.43e-02	1.63e-09
 6.02479e+16	9.66e-01	3.36e-02	1.59e-09
 6.02485e+16	9.67e-01	3.30e-02	1.55e-09
 6.02491e+16	9.68e-01	3.23e-02	1.50e-09
 6.02498e+16	9.68e-01	3.16e-02	1.45e-09
