#depth	O	O+	O+2	O+3	O+4	O+5	O+6	O+7	O+8	O[1]	O[2]	O[3]
 2.06752e+12	1.20e-06	2.34e-03	4.69e-01	5.26e-01	2.80e-03	0.00e+00	0.00e+00	0.00e+00	0.00e+00	8.68e-07	2.18e-07	1.12e-07
 1.24051e+13	1.20e-06	2.34e-03	4.70e-01	5.25e-01	2.79e-03	0.00e+00	0.00e+00	0.00e+00	0.00e+00	8.69e-07	2.18e-07	1.12e-07
 5.37556e+13	1.21e-06	2.35e-03	4.73e-01	5.22e-01	2.76e-03	0.00e+00	0.00e+00	0.00e+00	0.00e+00	8.73e-07	2.19e-07	1.12e-07
 2.19158e+14	1.24e-06	2.41e-03	4.85e-01	5.10e-01	2.62e-03	0.00e+00	0.00e+00	0.00e+00	0.00e+00	8.99e-07	2.26e-07	1.16e-07
 5.23497e+14	1.29e-06	2.50e-03	5.03e-01	4.92e-01	2.39e-03	0.00e+00	0.00e+00	0.00e+00	0.00e+00	9.30e-07	2.35e-07	1.20e-07
 9.19138e+14	1.37e-06	2.65e-03	5.28e-01	4.67e-01	2.12e-03	0.00e+00	0.00e+00	0.00e+00	0.00e+00	9.89e-07	2.51e-07	1.28e-07
 1.43347e+15	1.49e-06	2.85e-03	5.62e-01	4.33e-01	1.80e-03	0.00e+00	0.00e+00	0.00e+00	0.00e+00	1.07e-06	2.74e-07	1.40e-07
 2.10211e+15	1.68e-06	3.16e-03	6.09e-01	3.87e-01	1.42e-03	0.00e+00	0.00e+00	0.00e+00	0.00e+00	1.21e-06	3.11e-07	1.58e-07
 2.91084e+15	1.95e-06	3.59e-03	6.69e-01	3.26e-01	1.02e-03	0.00e+00	0.00e+00	0.00e+00	0.00e+00	1.40e-06	3.65e-07	1.85e-07
 3.66189e+15	2.25e-06	4.03e-03	7.29e-01	2.66e-01	7.06e-04	0.00e+00	0.00e+00	0.00e+00	0.00e+00	1.61e-06	4.23e-07	2.13e-07
 4.20941e+15	2.51e-06	4.42e-03	7.74e-01	2.21e-01	5.10e-04	0.00e+00	0.00e+00	0.00e+00	0.00e+00	1.80e-06	4.77e-07	2.39e-07
 4.63867e+15	2.81e-06	4.78e-03	8.10e-01	1.84e-01	3.77e-04	0.00e+00	0.00e+00	0.00e+00	0.00e+00	2.00e-06	5.35e-07	2.68e-07
 5.10324e+15	3.15e-06	5.19e-03	8.47e-01	1.48e-01	2.61e-04	0.00e+00	0.00e+00	0.00e+00	0.00e+00	2.24e-06	6.03e-07	3.01e-07
 5.70718e+15	3.63e-06	5.72e-03	8.88e-01	1.06e-01	1.53e-04	0.00e+00	0.00e+00	0.00e+00	0.00e+00	2.58e-06	7.00e-07	3.48e-07
 6.33588e+15	4.13e-06	6.25e-03	9.23e-01	7.07e-02	8.06e-05	0.00e+00	0.00e+00	0.00e+00	0.00e+00	2.93e-06	8.02e-07	3.98e-07
 6.89027e+15	4.59e-06	6.68e-03	9.46e-01	4.74e-02	4.29e-05	0.00e+00	0.00e+00	0.00e+00	0.00e+00	3.25e-06	8.96e-07	4.43e-07
 7.50447e+15	5.11e-06	7.12e-03	9.63e-01	2.96e-02	2.04e-05	0.00e+00	0.00e+00	0.00e+00	0.00e+00	3.61e-06	1.00e-06	4.94e-07
 8.30293e+15	5.73e-06	7.59e-03	9.77e-01	1.59e-02	7.53e-06	0.00e+00	0.00e+00	0.00e+00	0.00e+00	4.04e-06	1.13e-06	5.55e-07
 9.34093e+15	6.45e-06	8.08e-03	9.85e-01	7.16e-03	2.07e-06	0.00e+00	0.00e+00	0.00e+00	0.00e+00	4.55e-06	1.28e-06	6.26e-07
 1.06903e+16	7.39e-06	8.62e-03	9.89e-01	2.73e-03	4.15e-07	0.00e+00	0.00e+00	0.00e+00	0.00e+00	5.20e-06	1.46e-06	7.18e-07
 1.20257e+16	8.29e-06	9.11e-03	9.90e-01	1.17e-03	0.00e+00	0.00e+00	0.00e+00	0.00e+00	0.00e+00	5.83e-06	1.65e-06	8.06e-07
 1.32282e+16	9.24e-06	9.57e-03	9.90e-01	6.02e-04	0.00e+00	0.00e+00	0.00e+00	0.00e+00	0.00e+00	6.50e-06	1.84e-06	8.99e-07
 1.45511e+16	1.04e-05	1.01e-02	9.90e-01	3.33e-04	0.00e+00	0.00e+00	0.00e+00	0.00e+00	0.00e+00	7.30e-06	2.07e-06	1.01e-06
 1.60062e+16	1.19e-05	1.07e-02	9.89e-01	2.05e-04	0.00e+00	0.00e+00	0.00e+00	0.00e+00	0.00e+00	8.36e-06	2.38e-06	1.16e-06
 1.76068e+16	1.39e-05	1.14e-02	9.88e-01	1.44e-04	0.00e+00	0.00e+00	0.00e+00	0.00e+00	0.00e+00	9.75e-06	2.77e-06	1.35e-06
 1.93675e+16	1.65e-05	1.23e-02	9.88e-01	1.13e-04	0.00e+00	0.00e+00	0.00e+00	0.00e+00	0.00e+00	1.16e-05	3.29e-06	1.61e-06
 2.13042e+16	2.01e-05	1.33e-02	9.87e-01	9.47e-05	0.00e+00	0.00e+00	0.00e+00	0.00e+00	0.00e+00	1.41e-05	4.01e-06	1.96e-06
 2.34346e+16	2.52e-05	1.47e-02	9.85e-01	8.22e-05	0.00e+00	0.00e+00	0.00e+00	0.00e+00	0.00e+00	1.77e-05	5.04e-06	2.46e-06
 2.57781e+16	3.39e-05	1.67e-02	9.83e-01	7.13e-05	0.00e+00	0.00e+00	0.00e+00	0.00e+00	0.00e+00	2.38e-05	6.79e-06	3.30e-06
 2.83559e+16	4.68e-05	1.91e-02	9.81e-01	6.20e-05	0.00e+00	0.00e+00	0.00e+00	0.00e+00	0.00e+00	3.28e-05	9.37e-06	4.56e-06
 3.02627e+16	5.97e-05	2.13e-02	9.79e-01	5.60e-05	0.00e+00	0.00e+00	0.00e+00	0.00e+00	0.00e+00	4.20e-05	1.19e-05	5.81e-06
 3.11393e+16	6.72e-05	2.24e-02	9.78e-01	5.31e-05	0.00e+00	0.00e+00	0.00e+00	0.00e+00	0.00e+00	4.72e-05	1.34e-05	6.54e-06
 3.18756e+16	7.46e-05	2.34e-02	9.76e-01	5.08e-05	0.00e+00	0.00e+00	0.00e+00	0.00e+00	0.00e+00	5.24e-05	1.49e-05	7.25e-06
 3.28329e+16	8.58e-05	2.50e-02	9.75e-01	4.76e-05	0.00e+00	0.00e+00	0.00e+00	0.00e+00	0.00e+00	6.04e-05	1.71e-05	8.34e-06
 3.40774e+16	1.03e-04	2.71e-02	9.73e-01	4.38e-05	0.00e+00	0.00e+00	0.00e+00	0.00e+00	0.00e+00	7.26e-05	2.05e-05	1.00e-05
 3.53459e+16	1.25e-04	2.97e-02	9.70e-01	4.02e-05	0.00e+00	0.00e+00	0.00e+00	0.00e+00	0.00e+00	8.83e-05	2.49e-05	1.22e-05
 3.63373e+16	1.47e-04	3.20e-02	9.68e-01	3.75e-05	0.00e+00	0.00e+00	0.00e+00	0.00e+00	0.00e+00	1.04e-04	2.92e-05	1.43e-05
 3.71638e+16	1.69e-04	3.41e-02	9.66e-01	3.52e-05	0.00e+00	0.00e+00	0.00e+00	0.00e+00	0.00e+00	1.19e-04	3.36e-05	1.64e-05
 3.80845e+16	1.99e-04	3.69e-02	9.63e-01	3.26e-05	0.00e+00	0.00e+00	0.00e+00	0.00e+00	0.00e+00	1.40e-04	3.94e-05	1.93e-05
 3.91012e+16	2.39e-04	4.02e-02	9.59e-01	3.00e-05	0.00e+00	0.00e+00	0.00e+00	0.00e+00	0.00e+00	1.68e-04	4.72e-05	2.31e-05
 4.00157e+16	2.83e-04	4.37e-02	9.56e-01	2.76e-05	0.00e+00	0.00e+00	0.00e+00	0.00e+00	0.00e+00	2.00e-04	5.58e-05	2.73e-05
 4.08189e+16	3.30e-04	4.72e-02	9.52e-01	2.56e-05	0.00e+00	0.00e+00	0.00e+00	0.00e+00	0.00e+00	2.33e-04	6.51e-05	3.19e-05
 4.17045e+16	3.95e-04	5.15e-02	9.48e-01	2.35e-05	0.00e+00	0.00e+00	0.00e+00	0.00e+00	0.00e+00	2.79e-04	7.78e-05	3.81e-05
 4.26481e+16	4.81e-04	5.69e-02	9.43e-01	2.13e-05	0.00e+00	0.00e+00	0.00e+00	0.00e+00	0.00e+00	3.39e-04	9.45e-05	4.63e-05
 4.34514e+16	5.72e-04	6.21e-02	9.37e-01	1.95e-05	0.00e+00	0.00e+00	0.00e+00	0.00e+00	0.00e+00	4.04e-04	1.12e-04	5.51e-05
 4.41520e+16	6.70e-04	6.73e-02	9.32e-01	1.79e-05	0.00e+00	0.00e+00	0.00e+00	0.00e+00	0.00e+00	4.73e-04	1.32e-04	6.45e-05
 4.49343e+16	8.06e-04	7.40e-02	9.25e-01	1.63e-05	0.00e+00	0.00e+00	0.00e+00	0.00e+00	0.00e+00	5.70e-04	1.58e-04	7.76e-05
 4.57773e+16	9.90e-04	8.23e-02	9.17e-01	1.45e-05	0.00e+00	0.00e+00	0.00e+00	0.00e+00	0.00e+00	7.01e-04	1.94e-04	9.53e-05
 4.65082e+16	1.19e-03	9.07e-02	9.08e-01	1.31e-05	0.00e+00	0.00e+00	0.00e+00	0.00e+00	0.00e+00	8.45e-04	2.34e-04	1.15e-04
 4.71472e+16	1.42e-03	9.92e-02	8.99e-01	1.19e-05	0.00e+00	0.00e+00	0.00e+00	0.00e+00	0.00e+00	1.00e-03	2.77e-04	1.36e-04
 4.78581e+16	1.73e-03	1.10e-01	8.88e-01	1.06e-05	0.00e+00	0.00e+00	0.00e+00	0.00e+00	0.00e+00	1.23e-03	3.39e-04	1.66e-04
 4.86115e+16	2.16e-03	1.24e-01	8.74e-01	9.30e-06	0.00e+00	0.00e+00	0.00e+00	0.00e+00	0.00e+00	1.53e-03	4.22e-04	2.07e-04
 4.92429e+16	2.62e-03	1.37e-01	8.60e-01	8.26e-06	0.00e+00	0.00e+00	0.00e+00	0.00e+00	0.00e+00	1.86e-03	5.12e-04	2.51e-04
 4.97813e+16	3.12e-03	1.50e-01	8.47e-01	7.40e-06	0.00e+00	0.00e+00	0.00e+00	0.00e+00	0.00e+00	2.21e-03	6.09e-04	2.99e-04
 5.03760e+16	3.82e-03	1.67e-01	8.29e-01	6.47e-06	0.00e+00	0.00e+00	0.00e+00	0.00e+00	0.00e+00	2.70e-03	7.46e-04	3.66e-04
 5.10099e+16	4.77e-03	1.87e-01	8.08e-01	5.57e-06	0.00e+00	0.00e+00	0.00e+00	0.00e+00	0.00e+00	3.38e-03	9.31e-04	4.57e-04
 5.15469e+16	5.82e-03	2.08e-01	7.86e-01	4.83e-06	0.00e+00	0.00e+00	0.00e+00	0.00e+00	0.00e+00	4.12e-03	1.14e-03	5.58e-04
 5.20037e+16	6.96e-03	2.28e-01	7.65e-01	4.23e-06	0.00e+00	0.00e+00	0.00e+00	0.00e+00	0.00e+00	4.93e-03	1.36e-03	6.67e-04
 5.25037e+16	8.55e-03	2.53e-01	7.38e-01	3.61e-06	0.00e+00	0.00e+00	0.00e+00	0.00e+00	0.00e+00	6.06e-03	1.67e-03	8.19e-04
 5.30347e+16	1.07e-02	2.84e-01	7.05e-01	3.00e-06	0.00e+00	0.00e+00	0.00e+00	0.00e+00	0.00e+00	7.59e-03	2.09e-03	1.03e-03
 5.34790e+16	1.31e-02	3.13e-01	6.73e-01	2.52e-06	0.00e+00	0.00e+00	0.00e+00	0.00e+00	0.00e+00	9.27e-03	2.55e-03	1.25e-03
 5.38519e+16	1.56e-02	3.41e-01	6.43e-01	2.15e-06	0.00e+00	0.00e+00	0.00e+00	0.00e+00	0.00e+00	1.10e-02	3.04e-03	1.49e-03
 5.42591e+16	1.90e-02	3.75e-01	6.05e-01	1.76e-06	0.00e+00	0.00e+00	0.00e+00	0.00e+00	0.00e+00	1.35e-02	3.72e-03	1.83e-03
 5.46968e+16	2.38e-02	4.16e-01	5.60e-01	1.39e-06	0.00e+00	0.00e+00	0.00e+00	0.00e+00	0.00e+00	1.69e-02	4.66e-03	2.28e-03
 5.50690e+16	2.91e-02	4.54e-01	5.16e-01	1.11e-06	0.00e+00	0.00e+00	0.00e+00	0.00e+00	0.00e+00	2.06e-02	5.69e-03	2.79e-03
 5.53822e+16	3.47e-02	4.89e-01	4.76e-01	8.91e-07	0.00e+00	0.00e+00	0.00e+00	0.00e+00	0.00e+00	2.46e-02	6.78e-03	3.33e-03
 5.57236e+16	4.24e-02	5.29e-01	4.28e-01	6.80e-07	0.00e+00	0.00e+00	0.00e+00	0.00e+00	0.00e+00	3.00e-02	8.28e-03	4.06e-03
 5.60918e+16	5.29e-02	5.74e-01	3.73e-01	4.89e-07	0.00e+00	0.00e+00	0.00e+00	0.00e+00	0.00e+00	3.75e-02	1.03e-02	5.07e-03
 5.63783e+16	6.34e-02	6.09e-01	3.28e-01	3.64e-07	0.00e+00	0.00e+00	0.00e+00	0.00e+00	0.00e+00	4.49e-02	1.24e-02	6.08e-03
 5.65737e+16	7.20e-02	6.32e-01	2.96e-01	2.90e-07	0.00e+00	0.00e+00	0.00e+00	0.00e+00	0.00e+00	5.10e-02	1.41e-02	6.90e-03
 5.67673e+16	8.20e-02	6.54e-01	2.64e-01	2.26e-07	0.00e+00	0.00e+00	0.00e+00	0.00e+00	0.00e+00	5.80e-02	1.60e-02	7.86e-03
 5.69848e+16	9.50e-02	6.77e-01	2.28e-01	1.67e-07	0.00e+00	0.00e+00	0.00e+00	0.00e+00	0.00e+00	6.73e-02	1.86e-02	9.11e-03
 5.71819e+16	1.09e-01	6.95e-01	1.96e-01	1.22e-07	0.00e+00	0.00e+00	0.00e+00	0.00e+00	0.00e+00	7.74e-02	2.14e-02	1.05e-02
 5.73453e+16	1.23e-01	7.07e-01	1.70e-01	0.00e+00	0.00e+00	0.00e+00	0.00e+00	0.00e+00	0.00e+00	8.70e-02	2.40e-02	1.18e-02
 5.74920e+16	1.37e-01	7.16e-01	1.48e-01	0.00e+00	0.00e+00	0.00e+00	0.00e+00	0.00e+00	0.00e+00	9.68e-02	2.67e-02	1.31e-02
 5.76585e+16	1.55e-01	7.22e-01	1.23e-01	0.00e+00	0.00e+00	0.00e+00	0.00e+00	0.00e+00	0.00e+00	1.10e-01	3.03e-02	1.49e-02
 5.78285e+16	1.77e-01	7.23e-01	9.97e-02	0.00e+00	0.00e+00	0.00e+00	0.00e+00	0.00e+00	0.00e+00	1.26e-01	3.46e-02	1.70e-02
 5.79615e+16	1.97e-01	7.20e-01	8.31e-02	0.00e+00	0.00e+00	0.00e+00	0.00e+00	0.00e+00	0.00e+00	1.40e-01	3.84e-02	1.89e-02
 5.80701e+16	2.15e-01	7.15e-01	7.05e-02	0.00e+00	0.00e+00	0.00e+00	0.00e+00	0.00e+00	0.00e+00	1.52e-01	4.19e-02	2.06e-02
 5.81892e+16	2.37e-01	7.05e-01	5.78e-02	0.00e+00	0.00e+00	0.00e+00	0.00e+00	0.00e+00	0.00e+00	1.68e-01	4.61e-02	2.27e-02
 5.83175e+16	2.64e-01	6.90e-01	4.57e-02	0.00e+00	0.00e+00	0.00e+00	0.00e+00	0.00e+00	0.00e+00	1.88e-01	5.13e-02	2.53e-02
 5.84271e+16	2.90e-01	6.73e-01	3.66e-02	0.00e+00	0.00e+00	0.00e+00	0.00e+00	0.00e+00	0.00e+00	2.06e-01	5.62e-02	2.78e-02
 5.85187e+16	3.15e-01	6.56e-01	2.99e-02	0.00e+00	0.00e+00	0.00e+00	0.00e+00	0.00e+00	0.00e+00	2.24e-01	6.08e-02	3.00e-02
 5.86174e+16	3.43e-01	6.33e-01	2.34e-02	0.00e+00	0.00e+00	0.00e+00	0.00e+00	0.00e+00	0.00e+00	2.44e-01	6.61e-02	3.27e-02
 5.87228e+16	3.78e-01	6.05e-01	1.77e-02	0.00e+00	0.00e+00	0.00e+00	0.00e+00	0.00e+00	0.00e+00	2.69e-01	7.24e-02	3.59e-02
 5.88114e+16	4.09e-01	5.77e-01	1.36e-02	0.00e+00	0.00e+00	0.00e+00	0.00e+00	0.00e+00	0.00e+00	2.92e-01	7.81e-02	3.88e-02
 5.88855e+16	4.37e-01	5.52e-01	1.08e-02	0.00e+00	0.00e+00	0.00e+00	0.00e+00	0.00e+00	0.00e+00	3.13e-01	8.31e-02	4.14e-02
 5.89569e+16	4.67e-01	5.25e-01	8.39e-03	0.00e+00	0.00e+00	0.00e+00	0.00e+00	0.00e+00	0.00e+00	3.34e-01	8.82e-02	4.40e-02
 5.90277e+16	4.97e-01	4.96e-01	6.45e-03	0.00e+00	0.00e+00	0.00e+00	0.00e+00	0.00e+00	0.00e+00	3.57e-01	9.34e-02	4.68e-02
 5.90907e+16	5.26e-01	4.69e-01	5.01e-03	0.00e+00	0.00e+00	0.00e+00	0.00e+00	0.00e+00	0.00e+00	3.79e-01	9.82e-02	4.93e-02
 5.91434e+16	5.51e-01	4.45e-01	4.00e-03	0.00e+00	0.00e+00	0.00e+00	0.00e+00	0.00e+00	0.00e+00	3.97e-01	1.02e-01	5.15e-02
 5.91894e+16	5.73e-01	4.23e-01	3.25e-03	0.00e+00	0.00e+00	0.00e+00	0.00e+00	0.00e+00	0.00e+00	4.14e-01	1.06e-01	5.34e-02
 5.92325e+16	5.95e-01	4.03e-01	2.65e-03	0.00e+00	0.00e+00	0.00e+00	0.00e+00	0.00e+00	0.00e+00	4.31e-01	1.09e-01	5.52e-02
 5.92664e+16	6.11e-01	3.86e-01	2.25e-03	0.00e+00	0.00e+00	0.00e+00	0.00e+00	0.00e+00	0.00e+00	4.43e-01	1.11e-01	5.65e-02
 5.92887e+16	6.22e-01	3.76e-01	2.02e-03	0.00e+00	0.00e+00	0.00e+00	0.00e+00	0.00e+00	0.00e+00	4.51e-01	1.13e-01	5.74e-02
 5.93096e+16	6.33e-01	3.66e-01	1.81e-03	0.00e+00	0.00e+00	0.00e+00	0.00e+00	0.00e+00	0.00e+00	4.60e-01	1.14e-01	5.82e-02
 5.93337e+16	6.45e-01	3.53e-01	1.59e-03	0.00e+00	0.00e+00	0.00e+00	0.00e+00	0.00e+00	0.00e+00	4.70e-01	1.16e-01	5.92e-02
 5.93588e+16	6.58e-01	3.40e-01	1.38e-03	0.00e+00	0.00e+00	0.00e+00	0.00e+00	0.00e+00	0.00e+00	4.80e-01	1.18e-01	6.02e-02
 5.93822e+16	6.70e-01	3.28e-01	1.21e-03	0.00e+00	0.00e+00	0.00e+00	0.00e+00	0.00e+00	0.00e+00	4.90e-01	1.19e-01	6.11e-02
 5.94038e+16	6.82e-01	3.17e-01	1.06e-03	0.00e+00	0.00e+00	0.00e+00	0.00e+00	0.00e+00	0.00e+00	4.99e-01	1.21e-01	6.20e-02
 5.94248e+16	6.93e-01	3.06e-01	9.37e-04	0.00e+00	0.00e+00	0.00e+00	0.00e+00	0.00e+00	0.00e+00	5.08e-01	1.22e-01	6.28e-02
 5.94460e+16	7.04e-01	2.95e-01	8.21e-04	0.00e+00	0.00e+00	0.00e+00	0.00e+00	0.00e+00	0.00e+00	5.17e-01	1.23e-01	6.36e-02
 5.94670e+16	7.15e-01	2.84e-01	7.18e-04	0.00e+00	0.00e+00	0.00e+00	0.00e+00	0.00e+00	0.00e+00	5.26e-01	1.24e-01	6.43e-02
 5.94873e+16	7.26e-01	2.74e-01	6.28e-04	0.00e+00	0.00e+00	0.00e+00	0.00e+00	0.00e+00	0.00e+00	5.35e-01	1.26e-01	6.50e-02
 5.95070e+16	7.36e-01	2.63e-01	5.50e-04	0.00e+00	0.00e+00	0.00e+00	0.00e+00	0.00e+00	0.00e+00	5.44e-01	1.27e-01	6.57e-02
 5.95263e+16	7.46e-01	2.53e-01	4.81e-04	0.00e+00	0.00e+00	0.00e+00	0.00e+00	0.00e+00	0.00e+00	5.52e-01	1.28e-01	6.63e-02
 5.95453e+16	7.56e-01	2.44e-01	4.21e-04	0.00e+00	0.00e+00	0.00e+00	0.00e+00	0.00e+00	0.00e+00	5.61e-01	1.28e-01	6.69e-02
 5.95640e+16	7.66e-01	2.34e-01	3.67e-04	0.00e+00	0.00e+00	0.00e+00	0.00e+00	0.00e+00	0.00e+00	5.69e-01	1.29e-01	6.75e-02
 5.95822e+16	7.75e-01	2.25e-01	3.20e-04	0.00e+00	0.00e+00	0.00e+00	0.00e+00	0.00e+00	0.00e+00	5.77e-01	1.30e-01	6.80e-02
 5.96001e+16	7.84e-01	2.16e-01	2.80e-04	0.00e+00	0.00e+00	0.00e+00	0.00e+00	0.00e+00	0.00e+00	5.85e-01	1.31e-01	6.85e-02
 5.96176e+16	7.93e-01	2.07e-01	2.44e-04	0.00e+00	0.00e+00	0.00e+00	0.00e+00	0.00e+00	0.00e+00	5.93e-01	1.31e-01	6.90e-02
 5.96348e+16	8.01e-01	1.98e-01	2.13e-04	0.00e+00	0.00e+00	0.00e+00	0.00e+00	0.00e+00	0.00e+00	6.00e-01	1.32e-01	6.94e-02
 5.96517e+16	8.10e-01	1.90e-01	1.85e-04	0.00e+00	0.00e+00	0.00e+00	0.00e+00	0.00e+00	0.00e+00	6.07e-01	1.32e-01	6.98e-02
 5.96683e+16	8.18e-01	1.82e-01	1.61e-04	0.00e+00	0.00e+00	0.00e+00	0.00e+00	0.00e+00	0.00e+00	6.15e-01	1.33e-01	7.01e-02
 5.96845e+16	8.25e-01	1.75e-01	1.40e-04	0.00e+00	0.00e+00	0.00e+00	0.00e+00	0.00e+00	0.00e+00	6.22e-01	1.33e-01	7.04e-02
 5.97004e+16	8.33e-01	1.67e-01	1.22e-04	0.00e+00	0.00e+00	0.00e+00	0.00e+00	0.00e+00	0.00e+00	6.29e-01	1.33e-01	7.07e-02
 5.97161e+16	8.40e-01	1.60e-01	1.06e-04	0.00e+00	0.00e+00	0.00e+00	0.00e+00	0.00e+00	0.00e+00	6.35e-01	1.34e-01	7.10e-02
 5.97315e+16	8.47e-01	1.53e-01	9.21e-05	0.00e+00	0.00e+00	0.00e+00	0.00e+00	0.00e+00	0.00e+00	6.42e-01	1.34e-01	7.12e-02
 5.97466e+16	8.54e-01	1.46e-01	8.00e-05	0.00e+00	0.00e+00	0.00e+00	0.00e+00	0.00e+00	0.00e+00	6.48e-01	1.34e-01	7.14e-02
 5.97614e+16	8.60e-01	1.40e-01	6.94e-05	0.00e+00	0.00e+00	0.00e+00	0.00e+00	0.00e+00	0.00e+00	6.54e-01	1.34e-01	7.15e-02
 5.97760e+16	8.66e-01	1.34e-01	6.03e-05	0.00e+00	0.00e+00	0.00e+00	0.00e+00	0.00e+00	0.00e+00	6.60e-01	1.34e-01	7.17e-02
 5.97902e+16	8.72e-01	1.28e-01	5.23e-05	0.00e+00	0.00e+00	0.00e+00	0.00e+00	0.00e+00	0.00e+00	6.66e-01	1.34e-01	7.18e-02
 5.98041e+16	8.78e-01	1.22e-01	4.55e-05	0.00e+00	0.00e+00	0.00e+00	0.00e+00	0.00e+00	0.00e+00	6.71e-01	1.34e-01	7.19e-02
 5.98175e+16	8.83e-01	1.17e-01	3.97e-05	0.00e+00	0.00e+00	0.00e+00	0.00e+00	0.00e+00	0.00e+00	6.77e-01	1.34e-01	7.19e-02
 5.98308e+16	8.88e-01	1.12e-01	3.45e-05	0.00e+00	0.00e+00	0.00e+00	0.00e+00	0.00e+00	0.00e+00	6.82e-01	1.34e-01	7.20e-02
 5.98436e+16	8.93e-01	1.07e-01	3.01e-05	0.00e+00	0.00e+00	0.00e+00	0.00e+00	0.00e+00	0.00e+00	6.87e-01	1.34e-01	7.20e-02
 5.98560e+16	8.98e-01	1.02e-01	2.63e-05	0.00e+00	0.00e+00	0.00e+00	0.00e+00	0.00e+00	0.00e+00	6.91e-01	1.34e-01	7.21e-02
 5.98681e+16	9.02e-01	9.79e-02	2.30e-05	0.00e+00	0.00e+00	0.00e+00	0.00e+00	0.00e+00	0.00e+00	6.96e-01	1.34e-01	7.21e-02
 5.98799e+16	9.06e-01	9.37e-02	2.01e-05	0.00e+00	0.00e+00	0.00e+00	0.00e+00	0.00e+00	0.00e+00	7.00e-01	1.34e-01	7.21e-02
 5.98915e+16	9.10e-01	8.97e-02	1.77e-05	0.00e+00	0.00e+00	0.00e+00	0.00e+00	0.00e+00	0.00e+00	7.04e-01	1.34e-01	7.21e-02
 5.99028e+16	9.14e-01	8.59e-02	1.54e-05	0.00e+00	0.00e+00	0.00e+00	0.00e+00	0.00e+00	0.00e+00	7.08e-01	1.34e-01	7.21e-02
 5.99138e+16	9.18e-01	8.23e-02	1.36e-05	0.00e+00	0.00e+00	0.00e+00	0.00e+00	0.00e+00	0.00e+00	7.12e-01	1.34e-01	7.20e-02
 5.99245e+16	9.21e-01	7.88e-02	1.19e-05	0.00e+00	0.00e+00	0.00e+00	0.00e+00	0.00e+00	0.00e+00	7.15e-01	1.34e-01	7.20e-02
 5.99351e+16	9.24e-01	7.55e-02	1.05e-05	0.00e+00	0.00e+00	0.00e+00	0.00e+00	0.00e+00	0.00e+00	7.19e-01	1.34e-01	7.19e-02
 5.99453e+16	9.28e-01	7.24e-02	9.24e-06	0.00e+00	0.00e+00	0.00e+00	0.00e+00	0.00e+00	0.00e+00	7.22e-01	1.34e-01	7.19e-02
 5.99553e+16	9.31e-01	6.94e-02	8.15e-06	0.00e+00	0.00e+00	0.00e+00	0.00e+00	0.00e+00	0.00e+00	7.25e-01	1.34e-01	7.18e-02
 5.99652e+16	9.33e-01	6.65e-02	7.19e-06	0.00e+00	0.00e+00	0.00e+00	0.00e+00	0.00e+00	0.00e+00	7.28e-01	1.34e-01	7.18e-02
 5.99750e+16	9.36e-01	6.37e-02	6.32e-06	0.00e+00	0.00e+00	0.00e+00	0.00e+00	0.00e+00	0.00e+00	7.31e-01	1.34e-01	7.18e-02
 5.99844e+16	9.39e-01	6.11e-02	5.60e-06	0.00e+00	0.00e+00	0.00e+00	0.00e+00	0.00e+00	0.00e+00	7.33e-01	1.34e-01	7.17e-02
 5.99935e+16	9.41e-01	5.87e-02	4.96e-06	0.00e+00	0.00e+00	0.00e+00	0.00e+00	0.00e+00	0.00e+00	7.36e-01	1.34e-01	7.16e-02
 6.00027e+16	9.44e-01	5.63e-02	4.37e-06	0.00e+00	0.00e+00	0.00e+00	0.00e+00	0.00e+00	0.00e+00	7.38e-01	1.34e-01	7.16e-02
 6.00115e+16	9.46e-01	5.40e-02	3.87e-06	0.00e+00	0.00e+00	0.00e+00	0.00e+00	0.00e+00	0.00e+00	7.41e-01	1.34e-01	7.16e-02
 6.00201e+16	9.48e-01	5.18e-02	3.44e-06	0.00e+00	0.00e+00	0.00e+00	0.00e+00	0.00e+00	0.00e+00	7.43e-01	1.34e-01	7.15e-02
 6.00287e+16	9.50e-01	4.97e-02	3.05e-06	0.00e+00	0.00e+00	0.00e+00	0.00e+00	0.00e+00	0.00e+00	7.45e-01	1.34e-01	7.15e-02
 6.00372e+16	9.52e-01	4.76e-02	2.69e-06	0.00e+00	0.00e+00	0.00e+00	0.00e+00	0.00e+00	0.00e+00	7.47e-01	1.34e-01	7.14e-02
 6.00453e+16	9.54e-01	4.57e-02	2.39e-06	0.00e+00	0.00e+00	0.00e+00	0.00e+00	0.00e+00	0.00e+00	7.49e-01	1.34e-01	7.14e-02
 6.00532e+16	9.56e-01	4.40e-02	2.13e-06	0.00e+00	0.00e+00	0.00e+00	0.00e+00	0.00e+00	0.00e+00	7.50e-01	1.34e-01	7.14e-02
 6.00610e+16	9.58e-01	4.22e-02	1.90e-06	0.00e+00	0.00e+00	0.00e+00	0.00e+00	0.00e+00	0.00e+00	7.52e-01	1.34e-01	7.13e-02
 6.00688e+16	9.59e-01	4.05e-02	1.68e-06	0.00e+00	0.00e+00	0.00e+00	0.00e+00	0.00e+00	0.00e+00	7.54e-01	1.34e-01	7.13e-02
 6.00764e+16	9.61e-01	3.89e-02	1.50e-06	0.00e+00	0.00e+00	0.00e+00	0.00e+00	0.00e+00	0.00e+00	7.55e-01	1.34e-01	7.12e-02
 6.00839e+16	9.63e-01	3.73e-02	1.33e-06	0.00e+00	0.00e+00	0.00e+00	0.00e+00	0.00e+00	0.00e+00	7.57e-01	1.35e-01	7.12e-02
 6.00911e+16	9.64e-01	3.58e-02	1.19e-06	0.00e+00	0.00e+00	0.00e+00	0.00e+00	0.00e+00	0.00e+00	7.58e-01	1.35e-01	7.11e-02
 6.00982e+16	9.66e-01	3.44e-02	1.06e-06	0.00e+00	0.00e+00	0.00e+00	0.00e+00	0.00e+00	0.00e+00	7.59e-01	1.35e-01	7.11e-02
 6.01051e+16	9.67e-01	3.31e-02	9.44e-07	0.00e+00	0.00e+00	0.00e+00	0.00e+00	0.00e+00	0.00e+00	7.60e-01	1.35e-01	7.11e-02
 6.01119e+16	9.68e-01	3.17e-02	8.43e-07	0.00e+00	0.00e+00	0.00e+00	0.00e+00	0.00e+00	0.00e+00	7.61e-01	1.36e-01	7.11e-02
 6.01186e+16	9.70e-01	3.05e-02	7.52e-07	0.00e+00	0.00e+00	0.00e+00	0.00e+00	0.00e+00	0.00e+00	7.62e-01	1.36e-01	7.10e-02
 6.01252e+16	9.71e-01	2.93e-02	6.72e-07	0.00e+00	0.00e+00	0.00e+00	0.00e+00	0.00e+00	0.00e+00	7.63e-01	1.36e-01	7.10e-02
 6.01316e+16	9.72e-01	2.81e-02	6.01e-07	0.00e+00	0.00e+00	0.00e+00	0.00e+00	0.00e+00	0.00e+00	7.64e-01	1.37e-01	7.11e-02
 6.01378e+16	9.73e-01	2.70e-02	5.37e-07	0.00e+00	0.00e+00	0.00e+00	0.00e+00	0.00e+00	0.00e+00	7.65e-01	1.37e-01	7.11e-02
 6.01439e+16	9.74e-01	2.59e-02	4.80e-07	0.00e+00	0.00e+00	0.00e+00	0.00e+00	0.00e+00	0.00e+00	7.65e-01	1.38e-01	7.11e-02
 6.01499e+16	9.75e-01	2.49e-02	4.30e-07	0.00e+00	0.00e+00	0.00e+00	0.00e+00	0.00e+00	0.00e+00	7.66e-01	1.38e-01	7.11e-02
 6.01557e+16	9.76e-01	2.39e-02	3.85e-07	0.00e+00	0.00e+00	0.00e+00	0.00e+00	0.00e+00	0.00e+00	7.66e-01	1.39e-01	7.12e-02
 6.01614e+16	9.77e-01	2.29e-02	3.45e-07	0.00e+00	0.00e+00	0.00e+00	0.00e+00	0.00e+00	0.00e+00	7.67e-01	1.39e-01	7.12e-02
 6.01669e+16	9.78e-01	2.20e-02	3.09e-07	0.00e+00	0.00e+00	0.00e+00	0.00e+00	0.00e+00	0.00e+00	7.67e-01	1.40e-01	7.13e-02
 6.01723e+16	9.79e-01	2.11e-02	2.77e-07	0.00e+00	0.00e+00	0.00e+00	0.00e+00	0.00e+00	0.00e+00	7.67e-01	1.41e-01	7.14e-02
 6.01776e+16	9.80e-01	2.03e-02	2.49e-07	0.00e+00	0.00e+00	0.00e+00	0.00e+00	0.00e+00	0.00e+00	7.67e-01	1.41e-01	7.15e-02
 6.01827e+16	9.81e-01	1.95e-02	2.24e-07	0.00e+00	0.00e+00	0.00e+00	0.00e+00	0.00e+00	0.00e+00	7.67e-01	1.42e-01	7.16e-02
 6.01878e+16	9.81e-01	1.86e-02	2.00e-07	0.00e+00	0.00e+00	0.00e+00	0.00e+00	0.00e+00	0.00e+00	7.67e-01	1.43e-01	7.17e-02
 6.01925e+16	9.82e-01	1.79e-02	1.80e-07	0.00e+00	0.00e+00	0.00e+00	0.00e+00	0.00e+00	0.00e+00	7.67e-01	1.43e-01	7.18e-02
 6.01969e+16	9.83e-01	1.72e-02	1.63e-07	0.00e+00	0.00e+00	0.00e+00	0.00e+00	0.00e+00	0.00e+00	7.67e-01	1.44e-01	7.19e-02
 6.02008e+16	9.83e-01	1.66e-02	1.49e-07	0.00e+00	0.00e+00	0.00e+00	0.00e+00	0.00e+00	0.00e+00	7.66e-01	1.45e-01	7.21e-02
 6.02044e+16	9.84e-01	1.61e-02	1.37e-07	0.00e+00	0.00e+00	0.00e+00	0.00e+00	0.00e+00	0.00e+00	7.66e-01	1.46e-01	7.22e-02
 6.02078e+16	9.84e-01	1.56e-02	1.26e-07	0.00e+00	0.00e+00	0.00e+00	0.00e+00	0.00e+00	0.00e+00	7.65e-01	1.47e-01	7.23e-02
 6.02110e+16	9.85e-01	1.51e-02	1.16e-07	0.00e+00	0.00e+00	0.00e+00	0.00e+00	0.00e+00	0.00e+00	7.65e-01	1.48e-01	7.25e-02
 6.02139e+16	9.85e-01	1.46e-02	1.08e-07	0.00e+00	0.00e+00	0.00e+00	0.00e+00	0.00e+00	0.00e+00	7.64e-01	1.48e-01	7.26e-02
 6.02166e+16	9.86e-01	1.42e-02	1.00e-07	0.00e+00	0.00e+00	0.00e+00	0.00e+00	0.00e+00	0.00e+00	7.64e-01	1.49e-01	7.28e-02
 6.02192e+16	9.86e-01	1.38e-02	9.37e-08	0.00e+00	0.00e+00	0.00e+00	0.00e+00	0.00e+00	0.00e+00	7.63e-01	1.50e-01	7.29e-02
 6.02215e+16	9.87e-01	1.34e-02	8.78e-08	0.00e+00	0.00e+00	0.00e+00	0.00e+00	0.00e+00	0.00e+00	7.63e-01	1.51e-01	7.31e-02
 6.02237e+16	9.87e-01	1.31e-02	8.24e-08	0.00e+00	0.00e+00	0.00e+00	0.00e+00	0.00e+00	0.00e+00	7.62e-01	1.52e-01	7.32e-02
 6.02258e+16	9.87e-01	1.28e-02	7.75e-08	0.00e+00	0.00e+00	0.00e+00	0.00e+00	0.00e+00	0.00e+00	7.61e-01	1.53e-01	7.34e-02
 6.02277e+16	9.88e-01	1.25e-02	7.30e-08	0.00e+00	0.00e+00	0.00e+00	0.00e+00	0.00e+00	0.00e+00	7.61e-01	1.53e-01	7.35e-02
 6.02294e+16	9.88e-01	1.22e-02	6.90e-08	0.00e+00	0.00e+00	0.00e+00	0.00e+00	0.00e+00	0.00e+00	7.60e-01	1.54e-01	7.37e-02
 6.02311e+16	9.88e-01	1.19e-02	6.55e-08	0.00e+00	0.00e+00	0.00e+00	0.00e+00	0.00e+00	0.00e+00	7.59e-01	1.55e-01	7.38e-02
 6.02326e+16	9.88e-01	1.17e-02	6.25e-08	0.00e+00	0.00e+00	0.00e+00	0.00e+00	0.00e+00	0.00e+00	7.59e-01	1.56e-01	7.39e-02
 6.02341e+16	9.89e-01	1.14e-02	5.90e-08	0.00e+00	0.00e+00	0.00e+00	0.00e+00	0.00e+00	0.00e+00	7.58e-01	1.57e-01	7.41e-02
 6.02355e+16	9.89e-01	1.11e-02	5.61e-08	0.00e+00	0.00e+00	0.00e+00	0.00e+00	0.00e+00	0.00e+00	7.57e-01	1.58e-01	7.43e-02
 6.02367e+16	9.89e-01	1.09e-02	5.40e-08	0.00e+00	0.00e+00	0.00e+00	0.00e+00	0.00e+00	0.00e+00	7.57e-01	1.58e-01	7.44e-02
 6.02379e+16	9.89e-01	1.07e-02	5.12e-08	0.00e+00	0.00e+00	0.00e+00	0.00e+00	0.00e+00	0.00e+00	7.56e-01	1.59e-01	7.46e-02
 6.02390e+16	9.90e-01	1.04e-02	4.89e-08	0.00e+00	0.00e+00	0.00e+00	0.00e+00	0.00e+00	0.00e+00	7.55e-01	1.60e-01	7.47e-02
 6.02400e+16	9.90e-01	1.03e-02	4.73e-08	0.00e+00	0.00e+00	0.00e+00	0.00e+00	0.00e+00	0.00e+00	7.54e-01	1.61e-01	7.48e-02
 6.02409e+16	9.90e-01	1.01e-02	4.51e-08	0.00e+00	0.00e+00	0.00e+00	0.00e+00	0.00e+00	0.00e+00	7.53e-01	1.62e-01	7.50e-02
 6.02419e+16	9.90e-01	9.90e-03	4.35e-08	0.00e+00	0.00e+00	0.00e+00	0.00e+00	0.00e+00	0.00e+00	7.53e-01	1.62e-01	7.51e-02
 6.02427e+16	9.90e-01	9.70e-03	4.16e-08	0.00e+00	0.00e+00	0.00e+00	0.00e+00	0.00e+00	0.00e+00	7.52e-01	1.63e-01	7.53e-02
 6.02435e+16	9.90e-01	9.55e-03	4.03e-08	0.00e+00	0.00e+00	0.00e+00	0.00e+00	0.00e+00	0.00e+00	7.51e-01	1.64e-01	7.54e-02
 6.02442e+16	9.91e-01	9.36e-03	3.87e-08	0.00e+00	0.00e+00	0.00e+00	0.00e+00	0.00e+00	0.00e+00	7.50e-01	1.65e-01	7.56e-02
 6.02449e+16	9.91e-01	9.23e-03	3.75e-08	0.00e+00	0.00e+00	0.00e+00	0.00e+00	0.00e+00	0.00e+00	7.50e-01	1.66e-01	7.57e-02
 6.02455e+16	9.91e-01	9.05e-03	3.60e-08	0.00e+00	0.00e+00	0.00e+00	0.00e+00	0.00e+00	0.00e+00	7.48e-01	1.67e-01	7.59e-02
 6.02461e+16	9.91e-01	8.91e-03	3.49e-08	0.00e+00	0.00e+00	0.00e+00	0.00e+00	0.00e+00	0.00e+00	7.48e-01	1.67e-01	7.59e-02
 6.02467e+16	9.91e-01	8.73e-03	3.35e-08	0.00e+00	0.00e+00	0.00e+00	0.00e+00	0.00e+00	0.00e+00	7.47e-01	1.68e-01	7.62e-02
 6.02473e+16	9.91e-01	8.55e-03	3.22e-08	0.00e+00	0.00e+00	0.00e+00	0.00e+00	0.00e+00	0.00e+00	7.46e-01	1.70e-01	7.63e-02
 6.02479e+16	9.92e-01	8.37e-03	3.08e-08	0.00e+00	0.00e+00	0.00e+00	0.00e+00	0.00e+00	0.00e+00	7.45e-01	1.71e-01	7.65e-02
 6.02485e+16	9.92e-01	8.18e-03	2.95e-08	0.00e+00	0.00e+00	0.00e+00	0.00e+00	0.00e+00	0.00e+00	7.43e-01	1.72e-01	7.67e-02
 6.02491e+16	9.92e-01	7.97e-03	2.80e-08	0.00e+00	0.00e+00	0.00e+00	0.00e+00	0.00e+00	0.00e+00	7.42e-01	1.73e-01	7.69e-02
 6.02498e+16	9.92e-01	7.73e-03	2.65e-08	0.00e+00	0.00e+00	0.00e+00	0.00e+00	0.00e+00	0.00e+00	7.40e-01	1.75e-01	7.72e-02
