#depth	O	O+	O+2	O+3	O+4	O+5	O+6	O+7	O+8	O[1]	O[2]	O[3]
 2.75341e+12	9.03e-07	1.18e-03	2.66e-01	7.04e-01	2.92e-02	2.47e-06	0.00e+00	0.00e+00	0.00e+00	6.84e-07	1.38e-07	8.06e-08
 1.65205e+13	9.04e-07	1.19e-03	2.66e-01	7.04e-01	2.91e-02	2.46e-06	0.00e+00	0.00e+00	0.00e+00	6.85e-07	1.38e-07	8.07e-08
 7.15888e+13	9.08e-07	1.19e-03	2.68e-01	7.02e-01	2.88e-02	2.43e-06	0.00e+00	0.00e+00	0.00e+00	6.88e-07	1.39e-07	8.11e-08
 2.91862e+14	9.27e-07	1.22e-03	2.74e-01	6.97e-01	2.78e-02	2.31e-06	0.00e+00	0.00e+00	0.00e+00	7.02e-07	1.42e-07	8.29e-08
 6.97165e+14	9.25e-07	1.26e-03	2.83e-01	6.89e-01	2.63e-02	2.14e-06	0.00e+00	0.00e+00	0.00e+00	7.00e-07	1.42e-07	8.27e-08
 1.22406e+15	9.53e-07	1.32e-03	2.96e-01	6.78e-01	2.44e-02	1.93e-06	0.00e+00	0.00e+00	0.00e+00	7.22e-07	1.46e-07	8.52e-08
 1.90902e+15	1.01e-06	1.42e-03	3.15e-01	6.62e-01	2.20e-02	1.67e-06	0.00e+00	0.00e+00	0.00e+00	7.66e-07	1.54e-07	9.04e-08
 2.79947e+15	1.11e-06	1.57e-03	3.42e-01	6.38e-01	1.92e-02	1.37e-06	0.00e+00	0.00e+00	0.00e+00	8.45e-07	1.69e-07	9.95e-08
 3.95705e+15	1.29e-06	1.81e-03	3.81e-01	6.01e-01	1.58e-02	1.05e-06	0.00e+00	0.00e+00	0.00e+00	9.80e-07	1.95e-07	1.15e-07
 5.25369e+15	1.52e-06	2.11e-03	4.30e-01	5.55e-01	1.25e-02	7.58e-07	0.00e+00	0.00e+00	0.00e+00	1.16e-06	2.28e-07	1.35e-07
 6.44779e+15	1.79e-06	2.46e-03	4.82e-01	5.05e-01	9.74e-03	5.47e-07	0.00e+00	0.00e+00	0.00e+00	1.36e-06	2.67e-07	1.59e-07
 7.48135e+15	2.09e-06	2.81e-03	5.34e-01	4.56e-01	7.64e-03	3.97e-07	0.00e+00	0.00e+00	0.00e+00	1.59e-06	3.11e-07	1.86e-07
 8.41298e+15	2.43e-06	3.19e-03	5.85e-01	4.06e-01	5.94e-03	2.87e-07	0.00e+00	0.00e+00	0.00e+00	1.86e-06	3.61e-07	2.17e-07
 9.30353e+15	2.83e-06	3.60e-03	6.37e-01	3.55e-01	4.52e-03	2.03e-07	0.00e+00	0.00e+00	0.00e+00	2.16e-06	4.19e-07	2.52e-07
 1.01778e+16	3.30e-06	4.06e-03	6.91e-01	3.02e-01	3.32e-03	1.38e-07	0.00e+00	0.00e+00	0.00e+00	2.52e-06	4.87e-07	2.94e-07
 1.10351e+16	3.84e-06	4.54e-03	7.43e-01	2.50e-01	2.35e-03	0.00e+00	0.00e+00	0.00e+00	0.00e+00	2.93e-06	5.66e-07	3.41e-07
 1.18810e+16	4.45e-06	5.05e-03	7.93e-01	2.01e-01	1.59e-03	0.00e+00	0.00e+00	0.00e+00	0.00e+00	3.40e-06	6.53e-07	3.95e-07
 1.26713e+16	5.06e-06	5.52e-03	8.35e-01	1.58e-01	1.06e-03	0.00e+00	0.00e+00	0.00e+00	0.00e+00	3.87e-06	7.42e-07	4.50e-07
 1.35180e+16	5.84e-06	6.05e-03	8.75e-01	1.18e-01	6.47e-04	0.00e+00	0.00e+00	0.00e+00	0.00e+00	4.46e-06	8.55e-07	5.19e-07
 1.46188e+16	6.92e-06	6.70e-03	9.15e-01	7.77e-02	3.21e-04	0.00e+00	0.00e+00	0.00e+00	0.00e+00	5.29e-06	1.01e-06	6.14e-07
 1.58266e+16	8.15e-06	7.34e-03	9.45e-01	4.71e-02	1.40e-04	0.00e+00	0.00e+00	0.00e+00	0.00e+00	6.24e-06	1.19e-06	7.23e-07
 1.71734e+16	9.64e-06	8.00e-03	9.66e-01	2.62e-02	5.28e-05	0.00e+00	0.00e+00	0.00e+00	0.00e+00	7.39e-06	1.40e-06	8.56e-07
 1.88313e+16	1.17e-05	8.76e-03	9.78e-01	1.28e-02	1.58e-05	0.00e+00	0.00e+00	0.00e+00	0.00e+00	8.95e-06	1.70e-06	1.04e-06
 2.07145e+16	1.43e-05	9.60e-03	9.85e-01	5.85e-03	4.16e-06	0.00e+00	0.00e+00	0.00e+00	0.00e+00	1.10e-05	2.07e-06	1.27e-06
 2.27859e+16	1.78e-05	1.06e-02	9.87e-01	2.61e-03	1.02e-06	0.00e+00	0.00e+00	0.00e+00	0.00e+00	1.36e-05	2.58e-06	1.58e-06
 2.50645e+16	2.25e-05	1.17e-02	9.87e-01	1.14e-03	2.36e-07	0.00e+00	0.00e+00	0.00e+00	0.00e+00	1.73e-05	3.27e-06	2.00e-06
 2.75709e+16	2.93e-05	1.32e-02	9.86e-01	4.93e-04	0.00e+00	0.00e+00	0.00e+00	0.00e+00	0.00e+00	2.25e-05	4.26e-06	2.60e-06
 3.03280e+16	3.94e-05	1.51e-02	9.85e-01	2.12e-04	0.00e+00	0.00e+00	0.00e+00	0.00e+00	0.00e+00	3.01e-05	5.73e-06	3.49e-06
 3.31721e+16	5.39e-05	1.74e-02	9.82e-01	9.79e-05	0.00e+00	0.00e+00	0.00e+00	0.00e+00	0.00e+00	4.12e-05	7.86e-06	4.78e-06
 3.51378e+16	6.73e-05	1.93e-02	9.81e-01	6.28e-05	0.00e+00	0.00e+00	0.00e+00	0.00e+00	0.00e+00	5.15e-05	9.83e-06	5.97e-06
 3.60539e+16	7.48e-05	2.03e-02	9.80e-01	5.17e-05	0.00e+00	0.00e+00	0.00e+00	0.00e+00	0.00e+00	5.72e-05	1.09e-05	6.64e-06
 3.68597e+16	8.24e-05	2.12e-02	9.79e-01	4.33e-05	0.00e+00	0.00e+00	0.00e+00	0.00e+00	0.00e+00	6.30e-05	1.21e-05	7.31e-06
 3.79072e+16	9.34e-05	2.25e-02	9.77e-01	3.49e-05	0.00e+00	0.00e+00	0.00e+00	0.00e+00	0.00e+00	7.14e-05	1.37e-05	8.29e-06
 3.92689e+16	1.10e-04	2.44e-02	9.75e-01	2.71e-05	0.00e+00	0.00e+00	0.00e+00	0.00e+00	0.00e+00	8.40e-05	1.62e-05	9.77e-06
 4.07004e+16	1.31e-04	2.66e-02	9.73e-01	2.14e-05	0.00e+00	0.00e+00	0.00e+00	0.00e+00	0.00e+00	1.00e-04	1.93e-05	1.17e-05
 4.18978e+16	1.53e-04	2.87e-02	9.71e-01	1.80e-05	0.00e+00	0.00e+00	0.00e+00	0.00e+00	0.00e+00	1.17e-04	2.25e-05	1.36e-05
 4.29459e+16	1.75e-04	3.07e-02	9.69e-01	1.56e-05	0.00e+00	0.00e+00	0.00e+00	0.00e+00	0.00e+00	1.33e-04	2.58e-05	1.55e-05
 4.41248e+16	2.04e-04	3.31e-02	9.67e-01	1.34e-05	0.00e+00	0.00e+00	0.00e+00	0.00e+00	0.00e+00	1.55e-04	3.02e-05	1.81e-05
 4.54239e+16	2.42e-04	3.62e-02	9.64e-01	1.15e-05	0.00e+00	0.00e+00	0.00e+00	0.00e+00	0.00e+00	1.85e-04	3.60e-05	2.16e-05
 4.65920e+16	2.84e-04	3.93e-02	9.60e-01	1.02e-05	0.00e+00	0.00e+00	0.00e+00	0.00e+00	0.00e+00	2.16e-04	4.23e-05	2.53e-05
 4.76311e+16	3.29e-04	4.24e-02	9.57e-01	9.12e-06	0.00e+00	0.00e+00	0.00e+00	0.00e+00	0.00e+00	2.50e-04	4.90e-05	2.93e-05
 4.87897e+16	3.87e-04	4.62e-02	9.53e-01	8.18e-06	0.00e+00	0.00e+00	0.00e+00	0.00e+00	0.00e+00	2.95e-04	5.79e-05	3.45e-05
 5.00482e+16	4.66e-04	5.08e-02	9.49e-01	7.30e-06	0.00e+00	0.00e+00	0.00e+00	0.00e+00	0.00e+00	3.54e-04	6.98e-05	4.15e-05
 5.11534e+16	5.50e-04	5.55e-02	9.44e-01	6.60e-06	0.00e+00	0.00e+00	0.00e+00	0.00e+00	0.00e+00	4.18e-04	8.26e-05	4.90e-05
 5.21279e+16	6.39e-04	6.01e-02	9.39e-01	6.06e-06	0.00e+00	0.00e+00	0.00e+00	0.00e+00	0.00e+00	4.86e-04	9.61e-05	5.69e-05
 5.32156e+16	7.58e-04	6.60e-02	9.33e-01	5.53e-06	0.00e+00	0.00e+00	0.00e+00	0.00e+00	0.00e+00	5.76e-04	1.14e-04	6.76e-05
 5.44057e+16	9.18e-04	7.32e-02	9.26e-01	4.98e-06	0.00e+00	0.00e+00	0.00e+00	0.00e+00	0.00e+00	6.97e-04	1.39e-04	8.19e-05
 5.54680e+16	1.10e-03	8.07e-02	9.18e-01	4.50e-06	0.00e+00	0.00e+00	0.00e+00	0.00e+00	0.00e+00	8.36e-04	1.67e-04	9.82e-05
 5.64084e+16	1.29e-03	8.81e-02	9.11e-01	4.15e-06	0.00e+00	0.00e+00	0.00e+00	0.00e+00	0.00e+00	9.83e-04	1.96e-04	1.15e-04
 5.74517e+16	1.56e-03	9.75e-02	9.01e-01	3.77e-06	0.00e+00	0.00e+00	0.00e+00	0.00e+00	0.00e+00	1.18e-03	2.36e-04	1.39e-04
 5.85983e+16	1.92e-03	1.09e-01	8.89e-01	3.37e-06	0.00e+00	0.00e+00	0.00e+00	0.00e+00	0.00e+00	1.46e-03	2.92e-04	1.71e-04
 5.96148e+16	2.34e-03	1.22e-01	8.76e-01	3.00e-06	0.00e+00	0.00e+00	0.00e+00	0.00e+00	0.00e+00	1.78e-03	3.55e-04	2.08e-04
 6.04865e+16	2.79e-03	1.34e-01	8.63e-01	2.73e-06	0.00e+00	0.00e+00	0.00e+00	0.00e+00	0.00e+00	2.12e-03	4.22e-04	2.47e-04
 6.14349e+16	3.37e-03	1.49e-01	8.48e-01	2.45e-06	0.00e+00	0.00e+00	0.00e+00	0.00e+00	0.00e+00	2.56e-03	5.10e-04	2.99e-04
 6.24846e+16	4.22e-03	1.68e-01	8.28e-01	2.12e-06	0.00e+00	0.00e+00	0.00e+00	0.00e+00	0.00e+00	3.20e-03	6.39e-04	3.74e-04
 6.34047e+16	5.18e-03	1.88e-01	8.07e-01	1.88e-06	0.00e+00	0.00e+00	0.00e+00	0.00e+00	0.00e+00	3.94e-03	7.85e-04	4.59e-04
 6.41657e+16	6.17e-03	2.06e-01	7.87e-01	1.67e-06	0.00e+00	0.00e+00	0.00e+00	0.00e+00	0.00e+00	4.69e-03	9.33e-04	5.45e-04
 6.49811e+16	7.48e-03	2.29e-01	7.64e-01	1.46e-06	0.00e+00	0.00e+00	0.00e+00	0.00e+00	0.00e+00	5.69e-03	1.13e-03	6.61e-04
 6.58742e+16	9.32e-03	2.57e-01	7.34e-01	1.24e-06	0.00e+00	0.00e+00	0.00e+00	0.00e+00	0.00e+00	7.09e-03	1.41e-03	8.23e-04
 6.66575e+16	1.14e-02	2.85e-01	7.03e-01	1.06e-06	0.00e+00	0.00e+00	0.00e+00	0.00e+00	0.00e+00	8.68e-03	1.72e-03	1.01e-03
 6.73230e+16	1.36e-02	3.12e-01	6.75e-01	9.10e-07	0.00e+00	0.00e+00	0.00e+00	0.00e+00	0.00e+00	1.03e-02	2.05e-03	1.20e-03
 6.80459e+16	1.65e-02	3.44e-01	6.40e-01	7.66e-07	0.00e+00	0.00e+00	0.00e+00	0.00e+00	0.00e+00	1.26e-02	2.49e-03	1.45e-03
 6.88330e+16	2.07e-02	3.83e-01	5.96e-01	6.16e-07	0.00e+00	0.00e+00	0.00e+00	0.00e+00	0.00e+00	1.58e-02	3.11e-03	1.82e-03
 6.95126e+16	2.53e-02	4.20e-01	5.54e-01	5.00e-07	0.00e+00	0.00e+00	0.00e+00	0.00e+00	0.00e+00	1.93e-02	3.79e-03	2.22e-03
 7.00842e+16	3.00e-02	4.54e-01	5.16e-01	4.12e-07	0.00e+00	0.00e+00	0.00e+00	0.00e+00	0.00e+00	2.29e-02	4.49e-03	2.63e-03
 7.07065e+16	3.63e-02	4.92e-01	4.71e-01	3.25e-07	0.00e+00	0.00e+00	0.00e+00	0.00e+00	0.00e+00	2.77e-02	5.42e-03	3.18e-03
 7.13939e+16	4.53e-02	5.37e-01	4.18e-01	2.43e-07	0.00e+00	0.00e+00	0.00e+00	0.00e+00	0.00e+00	3.46e-02	6.73e-03	3.96e-03
 7.20013e+16	5.51e-02	5.77e-01	3.68e-01	1.79e-07	0.00e+00	0.00e+00	0.00e+00	0.00e+00	0.00e+00	4.21e-02	8.16e-03	4.81e-03
 7.24730e+16	6.45e-02	6.08e-01	3.28e-01	1.38e-07	0.00e+00	0.00e+00	0.00e+00	0.00e+00	0.00e+00	4.94e-02	9.52e-03	5.62e-03
 7.28493e+16	7.33e-02	6.31e-01	2.96e-01	0.00e+00	0.00e+00	0.00e+00	0.00e+00	0.00e+00	0.00e+00	5.61e-02	1.08e-02	6.37e-03
 7.32551e+16	8.39e-02	6.54e-01	2.62e-01	0.00e+00	0.00e+00	0.00e+00	0.00e+00	0.00e+00	0.00e+00	6.43e-02	1.23e-02	7.29e-03
 7.37002e+16	9.81e-02	6.78e-01	2.24e-01	0.00e+00	0.00e+00	0.00e+00	0.00e+00	0.00e+00	0.00e+00	7.53e-02	1.43e-02	8.49e-03
 7.40847e+16	1.12e-01	6.95e-01	1.93e-01	0.00e+00	0.00e+00	0.00e+00	0.00e+00	0.00e+00	0.00e+00	8.63e-02	1.63e-02	9.70e-03
 7.43998e+16	1.25e-01	7.06e-01	1.69e-01	0.00e+00	0.00e+00	0.00e+00	0.00e+00	0.00e+00	0.00e+00	9.63e-02	1.80e-02	1.08e-02
 7.47366e+16	1.41e-01	7.15e-01	1.44e-01	0.00e+00	0.00e+00	0.00e+00	0.00e+00	0.00e+00	0.00e+00	1.08e-01	2.01e-02	1.21e-02
 7.51024e+16	1.60e-01	7.20e-01	1.20e-01	0.00e+00	0.00e+00	0.00e+00	0.00e+00	0.00e+00	0.00e+00	1.23e-01	2.27e-02	1.37e-02
 7.54199e+16	1.79e-01	7.21e-01	1.00e-01	0.00e+00	0.00e+00	0.00e+00	0.00e+00	0.00e+00	0.00e+00	1.38e-01	2.52e-02	1.52e-02
 7.56878e+16	1.96e-01	7.18e-01	8.51e-02	0.00e+00	0.00e+00	0.00e+00	0.00e+00	0.00e+00	0.00e+00	1.52e-01	2.75e-02	1.67e-02
 7.59771e+16	2.17e-01	7.12e-01	7.05e-02	0.00e+00	0.00e+00	0.00e+00	0.00e+00	0.00e+00	0.00e+00	1.69e-01	3.00e-02	1.84e-02
 7.62928e+16	2.43e-01	7.01e-01	5.64e-02	0.00e+00	0.00e+00	0.00e+00	0.00e+00	0.00e+00	0.00e+00	1.89e-01	3.32e-02	2.04e-02
 7.65651e+16	2.67e-01	6.87e-01	4.57e-02	0.00e+00	0.00e+00	0.00e+00	0.00e+00	0.00e+00	0.00e+00	2.09e-01	3.60e-02	2.23e-02
 7.67929e+16	2.88e-01	6.74e-01	3.81e-02	0.00e+00	0.00e+00	0.00e+00	0.00e+00	0.00e+00	0.00e+00	2.26e-01	3.85e-02	2.40e-02
 7.70403e+16	3.13e-01	6.56e-01	3.07e-02	0.00e+00	0.00e+00	0.00e+00	0.00e+00	0.00e+00	0.00e+00	2.46e-01	4.12e-02	2.59e-02
 7.73153e+16	3.44e-01	6.32e-01	2.38e-02	0.00e+00	0.00e+00	0.00e+00	0.00e+00	0.00e+00	0.00e+00	2.72e-01	4.45e-02	2.82e-02
 7.75619e+16	3.74e-01	6.07e-01	1.86e-02	0.00e+00	0.00e+00	0.00e+00	0.00e+00	0.00e+00	0.00e+00	2.97e-01	4.75e-02	3.03e-02
 7.77736e+16	4.01e-01	5.84e-01	1.49e-02	0.00e+00	0.00e+00	0.00e+00	0.00e+00	0.00e+00	0.00e+00	3.19e-01	4.99e-02	3.21e-02
 7.79908e+16	4.29e-01	5.59e-01	1.18e-02	0.00e+00	0.00e+00	0.00e+00	0.00e+00	0.00e+00	0.00e+00	3.43e-01	5.24e-02	3.40e-02
 7.82300e+16	4.63e-01	5.28e-01	8.89e-03	0.00e+00	0.00e+00	0.00e+00	0.00e+00	0.00e+00	0.00e+00	3.72e-01	5.50e-02	3.62e-02
 7.84525e+16	4.95e-01	4.98e-01	6.76e-03	0.00e+00	0.00e+00	0.00e+00	0.00e+00	0.00e+00	0.00e+00	4.00e-01	5.74e-02	3.81e-02
 7.86330e+16	5.22e-01	4.73e-01	5.37e-03	0.00e+00	0.00e+00	0.00e+00	0.00e+00	0.00e+00	0.00e+00	4.23e-01	5.90e-02	3.96e-02
 7.87877e+16	5.44e-01	4.52e-01	4.38e-03	0.00e+00	0.00e+00	0.00e+00	0.00e+00	0.00e+00	0.00e+00	4.43e-01	6.03e-02	4.08e-02
 7.89387e+16	5.66e-01	4.30e-01	3.56e-03	0.00e+00	0.00e+00	0.00e+00	0.00e+00	0.00e+00	0.00e+00	4.63e-01	6.14e-02	4.19e-02
 7.90898e+16	5.89e-01	4.08e-01	2.87e-03	0.00e+00	0.00e+00	0.00e+00	0.00e+00	0.00e+00	0.00e+00	4.84e-01	6.23e-02	4.30e-02
 7.92065e+16	6.06e-01	3.91e-01	2.43e-03	0.00e+00	0.00e+00	0.00e+00	0.00e+00	0.00e+00	0.00e+00	5.00e-01	6.29e-02	4.37e-02
 7.92799e+16	6.16e-01	3.82e-01	2.20e-03	0.00e+00	0.00e+00	0.00e+00	0.00e+00	0.00e+00	0.00e+00	5.09e-01	6.31e-02	4.40e-02
 7.93516e+16	6.26e-01	3.72e-01	1.98e-03	0.00e+00	0.00e+00	0.00e+00	0.00e+00	0.00e+00	0.00e+00	5.18e-01	6.34e-02	4.44e-02
 7.94414e+16	6.39e-01	3.59e-01	1.72e-03	0.00e+00	0.00e+00	0.00e+00	0.00e+00	0.00e+00	0.00e+00	5.31e-01	6.36e-02	4.48e-02
 7.95366e+16	6.54e-01	3.45e-01	1.48e-03	0.00e+00	0.00e+00	0.00e+00	0.00e+00	0.00e+00	0.00e+00	5.45e-01	6.37e-02	4.52e-02
 7.96199e+16	6.65e-01	3.33e-01	1.30e-03	0.00e+00	0.00e+00	0.00e+00	0.00e+00	0.00e+00	0.00e+00	5.56e-01	6.38e-02	4.56e-02
 7.96947e+16	6.76e-01	3.23e-01	1.16e-03	0.00e+00	0.00e+00	0.00e+00	0.00e+00	0.00e+00	0.00e+00	5.66e-01	6.38e-02	4.58e-02
 7.97716e+16	6.87e-01	3.12e-01	1.02e-03	0.00e+00	0.00e+00	0.00e+00	0.00e+00	0.00e+00	0.00e+00	5.77e-01	6.38e-02	4.60e-02
 7.98528e+16	6.98e-01	3.01e-01	8.90e-04	0.00e+00	0.00e+00	0.00e+00	0.00e+00	0.00e+00	0.00e+00	5.89e-01	6.37e-02	4.62e-02
 7.99339e+16	7.10e-01	2.89e-01	7.76e-04	0.00e+00	0.00e+00	0.00e+00	0.00e+00	0.00e+00	0.00e+00	6.00e-01	6.36e-02	4.64e-02
 8.00097e+16	7.20e-01	2.79e-01	6.82e-04	0.00e+00	0.00e+00	0.00e+00	0.00e+00	0.00e+00	0.00e+00	6.11e-01	6.34e-02	4.65e-02
 8.00832e+16	7.31e-01	2.69e-01	6.00e-04	0.00e+00	0.00e+00	0.00e+00	0.00e+00	0.00e+00	0.00e+00	6.21e-01	6.31e-02	4.66e-02
 8.01583e+16	7.41e-01	2.59e-01	5.26e-04	0.00e+00	0.00e+00	0.00e+00	0.00e+00	0.00e+00	0.00e+00	6.31e-01	6.28e-02	4.66e-02
 8.02345e+16	7.51e-01	2.49e-01	4.58e-04	0.00e+00	0.00e+00	0.00e+00	0.00e+00	0.00e+00	0.00e+00	6.42e-01	6.25e-02	4.66e-02
 8.03087e+16	7.60e-01	2.39e-01	4.01e-04	0.00e+00	0.00e+00	0.00e+00	0.00e+00	0.00e+00	0.00e+00	6.52e-01	6.21e-02	4.66e-02
 8.03810e+16	7.70e-01	2.30e-01	3.51e-04	0.00e+00	0.00e+00	0.00e+00	0.00e+00	0.00e+00	0.00e+00	6.62e-01	6.17e-02	4.65e-02
 8.04537e+16	7.79e-01	2.21e-01	3.07e-04	0.00e+00	0.00e+00	0.00e+00	0.00e+00	0.00e+00	0.00e+00	6.71e-01	6.12e-02	4.64e-02
 8.05257e+16	7.88e-01	2.12e-01	2.68e-04	0.00e+00	0.00e+00	0.00e+00	0.00e+00	0.00e+00	0.00e+00	6.81e-01	6.07e-02	4.62e-02
 8.05966e+16	7.96e-01	2.04e-01	2.34e-04	0.00e+00	0.00e+00	0.00e+00	0.00e+00	0.00e+00	0.00e+00	6.90e-01	6.02e-02	4.61e-02
 8.06675e+16	8.05e-01	1.95e-01	2.04e-04	0.00e+00	0.00e+00	0.00e+00	0.00e+00	0.00e+00	0.00e+00	6.99e-01	5.97e-02	4.59e-02
 8.07378e+16	8.13e-01	1.87e-01	1.78e-04	0.00e+00	0.00e+00	0.00e+00	0.00e+00	0.00e+00	0.00e+00	7.08e-01	5.91e-02	4.57e-02
 8.08074e+16	8.20e-01	1.79e-01	1.55e-04	0.00e+00	0.00e+00	0.00e+00	0.00e+00	0.00e+00	0.00e+00	7.16e-01	5.85e-02	4.54e-02
 8.08769e+16	8.28e-01	1.72e-01	1.35e-04	0.00e+00	0.00e+00	0.00e+00	0.00e+00	0.00e+00	0.00e+00	7.25e-01	5.79e-02	4.51e-02
 8.09450e+16	8.35e-01	1.65e-01	1.17e-04	0.00e+00	0.00e+00	0.00e+00	0.00e+00	0.00e+00	0.00e+00	7.33e-01	5.73e-02	4.48e-02
 8.10121e+16	8.42e-01	1.58e-01	1.02e-04	0.00e+00	0.00e+00	0.00e+00	0.00e+00	0.00e+00	0.00e+00	7.41e-01	5.67e-02	4.45e-02
 8.10802e+16	8.49e-01	1.51e-01	8.88e-05	0.00e+00	0.00e+00	0.00e+00	0.00e+00	0.00e+00	0.00e+00	7.49e-01	5.60e-02	4.42e-02
 8.11483e+16	8.56e-01	1.44e-01	7.69e-05	0.00e+00	0.00e+00	0.00e+00	0.00e+00	0.00e+00	0.00e+00	7.57e-01	5.53e-02	4.39e-02
 8.12141e+16	8.62e-01	1.38e-01	6.70e-05	0.00e+00	0.00e+00	0.00e+00	0.00e+00	0.00e+00	0.00e+00	7.64e-01	5.47e-02	4.35e-02
 8.12781e+16	8.68e-01	1.32e-01	5.85e-05	0.00e+00	0.00e+00	0.00e+00	0.00e+00	0.00e+00	0.00e+00	7.71e-01	5.40e-02	4.31e-02
 8.13424e+16	8.73e-01	1.27e-01	5.09e-05	0.00e+00	0.00e+00	0.00e+00	0.00e+00	0.00e+00	0.00e+00	7.77e-01	5.34e-02	4.28e-02
 8.14065e+16	8.79e-01	1.21e-01	4.43e-05	0.00e+00	0.00e+00	0.00e+00	0.00e+00	0.00e+00	0.00e+00	7.84e-01	5.27e-02	4.24e-02
 8.14692e+16	8.84e-01	1.16e-01	3.86e-05	0.00e+00	0.00e+00	0.00e+00	0.00e+00	0.00e+00	0.00e+00	7.90e-01	5.21e-02	4.20e-02
 8.15308e+16	8.89e-01	1.11e-01	3.37e-05	0.00e+00	0.00e+00	0.00e+00	0.00e+00	0.00e+00	0.00e+00	7.96e-01	5.14e-02	4.16e-02
 8.15917e+16	8.94e-01	1.06e-01	2.95e-05	0.00e+00	0.00e+00	0.00e+00	0.00e+00	0.00e+00	0.00e+00	8.02e-01	5.08e-02	4.12e-02
 8.16515e+16	8.99e-01	1.01e-01	2.58e-05	0.00e+00	0.00e+00	0.00e+00	0.00e+00	0.00e+00	0.00e+00	8.07e-01	5.02e-02	4.09e-02
 8.17101e+16	9.03e-01	9.72e-02	2.26e-05	0.00e+00	0.00e+00	0.00e+00	0.00e+00	0.00e+00	0.00e+00	8.13e-01	4.96e-02	4.05e-02
 8.17683e+16	9.07e-01	9.31e-02	1.98e-05	0.00e+00	0.00e+00	0.00e+00	0.00e+00	0.00e+00	0.00e+00	8.18e-01	4.90e-02	4.01e-02
 8.18259e+16	9.11e-01	8.91e-02	1.74e-05	0.00e+00	0.00e+00	0.00e+00	0.00e+00	0.00e+00	0.00e+00	8.23e-01	4.85e-02	3.97e-02
 8.18823e+16	9.15e-01	8.54e-02	1.53e-05	0.00e+00	0.00e+00	0.00e+00	0.00e+00	0.00e+00	0.00e+00	8.27e-01	4.79e-02	3.94e-02
 8.19376e+16	9.18e-01	8.19e-02	1.34e-05	0.00e+00	0.00e+00	0.00e+00	0.00e+00	0.00e+00	0.00e+00	8.32e-01	4.74e-02	3.90e-02
 8.19923e+16	9.22e-01	7.85e-02	1.18e-05	0.00e+00	0.00e+00	0.00e+00	0.00e+00	0.00e+00	0.00e+00	8.36e-01	4.68e-02	3.86e-02
 8.20468e+16	9.25e-01	7.52e-02	1.04e-05	0.00e+00	0.00e+00	0.00e+00	0.00e+00	0.00e+00	0.00e+00	8.40e-01	4.63e-02	3.83e-02
 8.21007e+16	9.28e-01	7.21e-02	9.17e-06	0.00e+00	0.00e+00	0.00e+00	0.00e+00	0.00e+00	0.00e+00	8.44e-01	4.58e-02	3.79e-02
 8.21534e+16	9.31e-01	6.91e-02	8.10e-06	0.00e+00	0.00e+00	0.00e+00	0.00e+00	0.00e+00	0.00e+00	8.48e-01	4.53e-02	3.76e-02
 8.22051e+16	9.34e-01	6.64e-02	7.16e-06	0.00e+00	0.00e+00	0.00e+00	0.00e+00	0.00e+00	0.00e+00	8.52e-01	4.48e-02	3.72e-02
 8.22568e+16	9.36e-01	6.37e-02	6.33e-06	0.00e+00	0.00e+00	0.00e+00	0.00e+00	0.00e+00	0.00e+00	8.55e-01	4.44e-02	3.69e-02
 8.23084e+16	9.39e-01	6.10e-02	5.60e-06	0.00e+00	0.00e+00	0.00e+00	0.00e+00	0.00e+00	0.00e+00	8.58e-01	4.39e-02	3.66e-02
 8.23591e+16	9.41e-01	5.85e-02	4.96e-06	0.00e+00	0.00e+00	0.00e+00	0.00e+00	0.00e+00	0.00e+00	8.62e-01	4.35e-02	3.63e-02
 8.24083e+16	9.44e-01	5.62e-02	4.40e-06	0.00e+00	0.00e+00	0.00e+00	0.00e+00	0.00e+00	0.00e+00	8.65e-01	4.31e-02	3.60e-02
 8.24575e+16	9.46e-01	5.40e-02	3.91e-06	0.00e+00	0.00e+00	0.00e+00	0.00e+00	0.00e+00	0.00e+00	8.68e-01	4.27e-02	3.57e-02
 8.25071e+16	9.48e-01	5.17e-02	3.46e-06	0.00e+00	0.00e+00	0.00e+00	0.00e+00	0.00e+00	0.00e+00	8.71e-01	4.23e-02	3.54e-02
 8.25559e+16	9.50e-01	4.96e-02	3.08e-06	0.00e+00	0.00e+00	0.00e+00	0.00e+00	0.00e+00	0.00e+00	8.73e-01	4.18e-02	3.50e-02
 8.26035e+16	9.52e-01	4.77e-02	2.74e-06	0.00e+00	0.00e+00	0.00e+00	0.00e+00	0.00e+00	0.00e+00	8.76e-01	4.15e-02	3.47e-02
 8.26505e+16	9.54e-01	4.58e-02	2.44e-06	0.00e+00	0.00e+00	0.00e+00	0.00e+00	0.00e+00	0.00e+00	8.79e-01	4.11e-02	3.44e-02
 8.26979e+16	9.56e-01	4.39e-02	2.17e-06	0.00e+00	0.00e+00	0.00e+00	0.00e+00	0.00e+00	0.00e+00	8.81e-01	4.07e-02	3.41e-02
 8.27449e+16	9.58e-01	4.22e-02	1.94e-06	0.00e+00	0.00e+00	0.00e+00	0.00e+00	0.00e+00	0.00e+00	8.84e-01	4.03e-02	3.38e-02
 8.27909e+16	9.60e-01	4.05e-02	1.73e-06	0.00e+00	0.00e+00	0.00e+00	0.00e+00	0.00e+00	0.00e+00	8.86e-01	4.00e-02	3.35e-02
 8.28363e+16	9.61e-01	3.89e-02	1.55e-06	0.00e+00	0.00e+00	0.00e+00	0.00e+00	0.00e+00	0.00e+00	8.88e-01	3.97e-02	3.32e-02
 8.28813e+16	9.63e-01	3.74e-02	1.39e-06	0.00e+00	0.00e+00	0.00e+00	0.00e+00	0.00e+00	0.00e+00	8.90e-01	3.93e-02	3.29e-02
 8.29264e+16	9.64e-01	3.59e-02	1.24e-06	0.00e+00	0.00e+00	0.00e+00	0.00e+00	0.00e+00	0.00e+00	8.92e-01	3.90e-02	3.26e-02
 8.29717e+16	9.66e-01	3.44e-02	1.11e-06	0.00e+00	0.00e+00	0.00e+00	0.00e+00	0.00e+00	0.00e+00	8.95e-01	3.87e-02	3.23e-02
 8.30159e+16	9.67e-01	3.30e-02	9.92e-07	0.00e+00	0.00e+00	0.00e+00	0.00e+00	0.00e+00	0.00e+00	8.96e-01	3.84e-02	3.21e-02
 8.30591e+16	9.68e-01	3.17e-02	8.91e-07	0.00e+00	0.00e+00	0.00e+00	0.00e+00	0.00e+00	0.00e+00	8.98e-01	3.81e-02	3.18e-02
 8.31021e+16	9.70e-01	3.05e-02	8.01e-07	0.00e+00	0.00e+00	0.00e+00	0.00e+00	0.00e+00	0.00e+00	9.00e-01	3.78e-02	3.16e-02
 8.31452e+16	9.71e-01	2.92e-02	7.20e-07	0.00e+00	0.00e+00	0.00e+00	0.00e+00	0.00e+00	0.00e+00	9.02e-01	3.76e-02	3.13e-02
 8.31878e+16	9.72e-01	2.81e-02	6.47e-07	0.00e+00	0.00e+00	0.00e+00	0.00e+00	0.00e+00	0.00e+00	9.04e-01	3.73e-02	3.11e-02
 8.32296e+16	9.73e-01	2.69e-02	5.84e-07	0.00e+00	0.00e+00	0.00e+00	0.00e+00	0.00e+00	0.00e+00	9.05e-01	3.70e-02	3.08e-02
 8.32708e+16	9.74e-01	2.59e-02	5.27e-07	0.00e+00	0.00e+00	0.00e+00	0.00e+00	0.00e+00	0.00e+00	9.07e-01	3.68e-02	3.06e-02
 8.33108e+16	9.75e-01	2.48e-02	4.77e-07	0.00e+00	0.00e+00	0.00e+00	0.00e+00	0.00e+00	0.00e+00	9.08e-01	3.65e-02	3.04e-02
 8.33479e+16	9.76e-01	2.39e-02	4.36e-07	0.00e+00	0.00e+00	0.00e+00	0.00e+00	0.00e+00	0.00e+00	9.10e-01	3.63e-02	3.02e-02
 8.33812e+16	9.77e-01	2.32e-02	4.02e-07	0.00e+00	0.00e+00	0.00e+00	0.00e+00	0.00e+00	0.00e+00	9.11e-01	3.61e-02	3.00e-02
 8.34114e+16	9.78e-01	2.25e-02	3.74e-07	0.00e+00	0.00e+00	0.00e+00	0.00e+00	0.00e+00	0.00e+00	9.12e-01	3.59e-02	2.98e-02
 8.34391e+16	9.78e-01	2.19e-02	3.50e-07	0.00e+00	0.00e+00	0.00e+00	0.00e+00	0.00e+00	0.00e+00	9.13e-01	3.58e-02	2.97e-02
 8.34648e+16	9.79e-01	2.13e-02	3.30e-07	0.00e+00	0.00e+00	0.00e+00	0.00e+00	0.00e+00	0.00e+00	9.13e-01	3.56e-02	2.96e-02
 8.34889e+16	9.79e-01	2.08e-02	3.11e-07	0.00e+00	0.00e+00	0.00e+00	0.00e+00	0.00e+00	0.00e+00	9.14e-01	3.55e-02	2.94e-02
 8.35112e+16	9.80e-01	2.03e-02	2.95e-07	0.00e+00	0.00e+00	0.00e+00	0.00e+00	0.00e+00	0.00e+00	9.15e-01	3.54e-02	2.93e-02
 8.35315e+16	9.80e-01	1.99e-02	2.81e-07	0.00e+00	0.00e+00	0.00e+00	0.00e+00	0.00e+00	0.00e+00	9.16e-01	3.52e-02	2.92e-02
 8.35505e+16	9.80e-01	1.95e-02	2.69e-07	0.00e+00	0.00e+00	0.00e+00	0.00e+00	0.00e+00	0.00e+00	9.16e-01	3.51e-02	2.91e-02
 8.35681e+16	9.81e-01	1.91e-02	2.58e-07	0.00e+00	0.00e+00	0.00e+00	0.00e+00	0.00e+00	0.00e+00	9.17e-01	3.50e-02	2.90e-02
 8.35847e+16	9.81e-01	1.88e-02	2.48e-07	0.00e+00	0.00e+00	0.00e+00	0.00e+00	0.00e+00	0.00e+00	9.17e-01	3.49e-02	2.89e-02
 8.36004e+16	9.82e-01	1.85e-02	2.39e-07	0.00e+00	0.00e+00	0.00e+00	0.00e+00	0.00e+00	0.00e+00	9.18e-01	3.48e-02	2.88e-02
 8.36152e+16	9.82e-01	1.81e-02	2.30e-07	0.00e+00	0.00e+00	0.00e+00	0.00e+00	0.00e+00	0.00e+00	9.18e-01	3.47e-02	2.87e-02
 8.36290e+16	9.82e-01	1.79e-02	2.23e-07	0.00e+00	0.00e+00	0.00e+00	0.00e+00	0.00e+00	0.00e+00	9.19e-01	3.46e-02	2.86e-02
 8.36421e+16	9.82e-01	1.76e-02	2.16e-07	0.00e+00	0.00e+00	0.00e+00	0.00e+00	0.00e+00	0.00e+00	9.19e-01	3.45e-02	2.85e-02
 8.36547e+16	9.83e-01	1.73e-02	2.10e-07	0.00e+00	0.00e+00	0.00e+00	0.00e+00	0.00e+00	0.00e+00	9.20e-01	3.44e-02	2.84e-02
 8.36665e+16	9.83e-01	1.70e-02	2.04e-07	0.00e+00	0.00e+00	0.00e+00	0.00e+00	0.00e+00	0.00e+00	9.20e-01	3.43e-02	2.83e-02
 8.36776e+16	9.83e-01	1.68e-02	1.98e-07	0.00e+00	0.00e+00	0.00e+00	0.00e+00	0.00e+00	0.00e+00	9.21e-01	3.42e-02	2.83e-02
 8.36881e+16	9.83e-01	1.66e-02	1.93e-07	0.00e+00	0.00e+00	0.00e+00	0.00e+00	0.00e+00	0.00e+00	9.21e-01	3.42e-02	2.82e-02
 8.36981e+16	9.84e-01	1.63e-02	1.89e-07	0.00e+00	0.00e+00	0.00e+00	0.00e+00	0.00e+00	0.00e+00	9.21e-01	3.41e-02	2.81e-02
 8.37077e+16	9.84e-01	1.61e-02	1.84e-07	0.00e+00	0.00e+00	0.00e+00	0.00e+00	0.00e+00	0.00e+00	9.22e-01	3.40e-02	2.80e-02
 8.37170e+16	9.84e-01	1.59e-02	1.80e-07	0.00e+00	0.00e+00	0.00e+00	0.00e+00	0.00e+00	0.00e+00	9.22e-01	3.39e-02	2.80e-02
 8.37259e+16	9.84e-01	1.57e-02	1.76e-07	0.00e+00	0.00e+00	0.00e+00	0.00e+00	0.00e+00	0.00e+00	9.23e-01	3.39e-02	2.79e-02
 8.37344e+16	9.84e-01	1.55e-02	1.72e-07	0.00e+00	0.00e+00	0.00e+00	0.00e+00	0.00e+00	0.00e+00	9.23e-01	3.38e-02	2.78e-02
 8.37428e+16	9.85e-01	1.53e-02	1.69e-07	0.00e+00	0.00e+00	0.00e+00	0.00e+00	0.00e+00	0.00e+00	9.23e-01	3.37e-02	2.78e-02
 8.37509e+16	9.85e-01	1.51e-02	1.65e-07	0.00e+00	0.00e+00	0.00e+00	0.00e+00	0.00e+00	0.00e+00	9.24e-01	3.36e-02	2.77e-02
 8.37588e+16	9.85e-01	1.49e-02	1.62e-07	0.00e+00	0.00e+00	0.00e+00	0.00e+00	0.00e+00	0.00e+00	9.24e-01	3.36e-02	2.76e-02
 8.37666e+16	9.85e-01	1.47e-02	1.59e-07	0.00e+00	0.00e+00	0.00e+00	0.00e+00	0.00e+00	0.00e+00	9.24e-01	3.35e-02	2.75e-02
 8.37743e+16	9.85e-01	1.45e-02	1.56e-07	0.00e+00	0.00e+00	0.00e+00	0.00e+00	0.00e+00	0.00e+00	9.25e-01	3.34e-02	2.75e-02
 8.37820e+16	9.86e-01	1.43e-02	1.53e-07	0.00e+00	0.00e+00	0.00e+00	0.00e+00	0.00e+00	0.00e+00	9.25e-01	3.33e-02	2.74e-02
 8.37897e+16	9.86e-01	1.41e-02	1.50e-07	0.00e+00	0.00e+00	0.00e+00	0.00e+00	0.00e+00	0.00e+00	9.25e-01	3.32e-02	2.73e-02
 8.37977e+16	9.86e-01	1.39e-02	1.46e-07	0.00e+00	0.00e+00	0.00e+00	0.00e+00	0.00e+00	0.00e+00	9.26e-01	3.31e-02	2.72e-02
 8.38060e+16	9.86e-01	1.37e-02	1.43e-07	0.00e+00	0.00e+00	0.00e+00	0.00e+00	0.00e+00	0.00e+00	9.26e-01	3.30e-02	2.71e-02
 8.38147e+16	9.87e-01	1.34e-02	1.40e-07	0.00e+00	0.00e+00	0.00e+00	0.00e+00	0.00e+00	0.00e+00	9.27e-01	3.29e-02	2.70e-02
 8.38241e+16	9.87e-01	1.31e-02	1.36e-07	0.00e+00	0.00e+00	0.00e+00	0.00e+00	0.00e+00	0.00e+00	9.27e-01	3.28e-02	2.69e-02
 8.38340e+16	9.87e-01	1.28e-02	1.32e-07	0.00e+00	0.00e+00	0.00e+00	0.00e+00	0.00e+00	0.00e+00	9.28e-01	3.27e-02	2.67e-02
 8.38436e+16	9.87e-01	1.26e-02	1.28e-07	0.00e+00	0.00e+00	0.00e+00	0.00e+00	0.00e+00	0.00e+00	9.28e-01	3.25e-02	2.66e-02
 8.38526e+16	9.88e-01	1.23e-02	1.25e-07	0.00e+00	0.00e+00	0.00e+00	0.00e+00	0.00e+00	0.00e+00	9.29e-01	3.24e-02	2.65e-02
 8.38608e+16	9.88e-01	1.20e-02	1.22e-07	0.00e+00	0.00e+00	0.00e+00	0.00e+00	0.00e+00	0.00e+00	9.29e-01	3.23e-02	2.64e-02
 8.38683e+16	9.88e-01	1.18e-02	1.19e-07	0.00e+00	0.00e+00	0.00e+00	0.00e+00	0.00e+00	0.00e+00	9.30e-01	3.22e-02	2.62e-02
 8.38751e+16	9.88e-01	1.16e-02	1.16e-07	0.00e+00	0.00e+00	0.00e+00	0.00e+00	0.00e+00	0.00e+00	9.30e-01	3.20e-02	2.61e-02
 8.38813e+16	9.89e-01	1.14e-02	1.14e-07	0.00e+00	0.00e+00	0.00e+00	0.00e+00	0.00e+00	0.00e+00	9.31e-01	3.19e-02	2.60e-02
 8.38869e+16	9.89e-01	1.12e-02	1.12e-07	0.00e+00	0.00e+00	0.00e+00	0.00e+00	0.00e+00	0.00e+00	9.31e-01	3.18e-02	2.59e-02
 8.38920e+16	9.89e-01	1.11e-02	1.10e-07	0.00e+00	0.00e+00	0.00e+00	0.00e+00	0.00e+00	0.00e+00	9.31e-01	3.18e-02	2.58e-02
 8.38967e+16	9.89e-01	1.10e-02	1.08e-07	0.00e+00	0.00e+00	0.00e+00	0.00e+00	0.00e+00	0.00e+00	9.32e-01	3.17e-02	2.58e-02
 8.39018e+16	9.89e-01	1.08e-02	1.06e-07	0.00e+00	0.00e+00	0.00e+00	0.00e+00	0.00e+00	0.00e+00	9.32e-01	3.16e-02	2.57e-02
 8.39073e+16	9.89e-01	1.06e-02	1.05e-07	0.00e+00	0.00e+00	0.00e+00	0.00e+00	0.00e+00	0.00e+00	9.32e-01	3.14e-02	2.56e-02
 8.39123e+16	9.89e-01	1.05e-02	1.03e-07	0.00e+00	0.00e+00	0.00e+00	0.00e+00	0.00e+00	0.00e+00	9.33e-01	3.13e-02	2.55e-02
 8.39169e+16	9.90e-01	1.04e-02	1.01e-07	0.00e+00	0.00e+00	0.00e+00	0.00e+00	0.00e+00	0.00e+00	9.33e-01	3.12e-02	2.54e-02
 8.39219e+16	9.90e-01	1.02e-02	9.92e-08	0.00e+00	0.00e+00	0.00e+00	0.00e+00	0.00e+00	0.00e+00	9.33e-01	3.11e-02	2.53e-02
 8.39273e+16	9.90e-01	1.01e-02	9.73e-08	0.00e+00	0.00e+00	0.00e+00	0.00e+00	0.00e+00	0.00e+00	9.34e-01	3.10e-02	2.52e-02
 8.39322e+16	9.90e-01	9.95e-03	9.55e-08	0.00e+00	0.00e+00	0.00e+00	0.00e+00	0.00e+00	0.00e+00	9.34e-01	3.09e-02	2.51e-02
 8.39367e+16	9.90e-01	9.83e-03	9.39e-08	0.00e+00	0.00e+00	0.00e+00	0.00e+00	0.00e+00	0.00e+00	9.34e-01	3.08e-02	2.51e-02
 8.39416e+16	9.90e-01	9.69e-03	9.21e-08	0.00e+00	0.00e+00	0.00e+00	0.00e+00	0.00e+00	0.00e+00	9.35e-01	3.07e-02	2.50e-02
 8.39469e+16	9.90e-01	9.55e-03	9.02e-08	0.00e+00	0.00e+00	0.00e+00	0.00e+00	0.00e+00	0.00e+00	9.35e-01	3.06e-02	2.49e-02
 8.39517e+16	9.91e-01	9.42e-03	8.86e-08	0.00e+00	0.00e+00	0.00e+00	0.00e+00	0.00e+00	0.00e+00	9.35e-01	3.05e-02	2.48e-02
 8.39570e+16	9.91e-01	9.32e-03	8.70e-08	0.00e+00	0.00e+00	0.00e+00	0.00e+00	0.00e+00	0.00e+00	9.36e-01	3.04e-02	2.47e-02
 8.39638e+16	9.91e-01	9.17e-03	8.48e-08	0.00e+00	0.00e+00	0.00e+00	0.00e+00	0.00e+00	0.00e+00	9.36e-01	3.03e-02	2.46e-02
 8.39712e+16	9.91e-01	9.02e-03	8.25e-08	0.00e+00	0.00e+00	0.00e+00	0.00e+00	0.00e+00	0.00e+00	9.36e-01	3.02e-02	2.45e-02
 8.39780e+16	9.91e-01	8.88e-03	8.05e-08	0.00e+00	0.00e+00	0.00e+00	0.00e+00	0.00e+00	0.00e+00	9.37e-01	3.01e-02	2.44e-02
 8.39841e+16	9.91e-01	8.75e-03	7.87e-08	0.00e+00	0.00e+00	0.00e+00	0.00e+00	0.00e+00	0.00e+00	9.37e-01	3.00e-02	2.43e-02
 8.39908e+16	9.91e-01	8.62e-03	7.67e-08	0.00e+00	0.00e+00	0.00e+00	0.00e+00	0.00e+00	0.00e+00	9.37e-01	2.99e-02	2.42e-02
 8.39981e+16	9.92e-01	8.47e-03	7.45e-08	0.00e+00	0.00e+00	0.00e+00	0.00e+00	0.00e+00	0.00e+00	9.38e-01	2.98e-02	2.41e-02
 8.40047e+16	9.92e-01	8.34e-03	7.27e-08	0.00e+00	0.00e+00	0.00e+00	0.00e+00	0.00e+00	0.00e+00	9.38e-01	2.97e-02	2.40e-02
 8.40107e+16	9.92e-01	8.22e-03	7.10e-08	0.00e+00	0.00e+00	0.00e+00	0.00e+00	0.00e+00	0.00e+00	9.38e-01	2.96e-02	2.39e-02
 8.40172e+16	9.92e-01	8.09e-03	6.91e-08	0.00e+00	0.00e+00	0.00e+00	0.00e+00	0.00e+00	0.00e+00	9.39e-01	2.94e-02	2.38e-02
 8.40243e+16	9.92e-01	7.96e-03	6.72e-08	0.00e+00	0.00e+00	0.00e+00	0.00e+00	0.00e+00	0.00e+00	9.39e-01	2.93e-02	2.37e-02
 8.40308e+16	9.92e-01	7.83e-03	6.55e-08	0.00e+00	0.00e+00	0.00e+00	0.00e+00	0.00e+00	0.00e+00	9.39e-01	2.92e-02	2.36e-02
 8.40367e+16	9.92e-01	7.72e-03	6.39e-08	0.00e+00	0.00e+00	0.00e+00	0.00e+00	0.00e+00	0.00e+00	9.40e-01	2.91e-02	2.35e-02
 8.40431e+16	9.92e-01	7.60e-03	6.22e-08	0.00e+00	0.00e+00	0.00e+00	0.00e+00	0.00e+00	0.00e+00	9.40e-01	2.90e-02	2.34e-02
 8.40501e+16	9.93e-01	7.46e-03	6.02e-08	0.00e+00	0.00e+00	0.00e+00	0.00e+00	0.00e+00	0.00e+00	9.40e-01	2.89e-02	2.32e-02
 8.40564e+16	9.93e-01	7.32e-03	5.84e-08	0.00e+00	0.00e+00	0.00e+00	0.00e+00	0.00e+00	0.00e+00	9.41e-01	2.87e-02	2.31e-02
 8.40622e+16	9.93e-01	7.20e-03	5.67e-08	0.00e+00	0.00e+00	0.00e+00	0.00e+00	0.00e+00	0.00e+00	9.41e-01	2.86e-02	2.30e-02
 8.40674e+16	9.93e-01	7.07e-03	5.51e-08	0.00e+00	0.00e+00	0.00e+00	0.00e+00	0.00e+00	0.00e+00	9.42e-01	2.85e-02	2.29e-02
