#depth	He	He+	He+2
 2.75341e+12	7.91e-05	1.38e-01	8.62e-01
 1.65205e+13	7.93e-05	1.38e-01	8.61e-01
 7.15888e+13	7.97e-05	1.39e-01	8.61e-01
 2.91862e+14	8.17e-05	1.41e-01	8.59e-01
 6.97165e+14	8.34e-05	1.43e-01	8.57e-01
 1.22406e+15	8.70e-05	1.47e-01	8.53e-01
 1.90902e+15	9.32e-05	1.54e-01	8.46e-01
 2.79947e+15	1.03e-04	1.65e-01	8.35e-01
 3.95705e+15	1.20e-04	1.85e-01	8.15e-01
 5.25369e+15	1.43e-04	2.12e-01	7.88e-01
 6.44779e+15	1.71e-04	2.45e-01	7.54e-01
 7.48135e+15	2.04e-04	2.83e-01	7.17e-01
 8.41298e+15	2.40e-04	3.25e-01	6.75e-01
 9.30353e+15	2.84e-04	3.74e-01	6.26e-01
 1.01778e+16	3.36e-04	4.31e-01	5.68e-01
 1.10351e+16	3.97e-04	4.96e-01	5.03e-01
 1.18810e+16	4.65e-04	5.68e-01	4.32e-01
 1.26713e+16	5.34e-04	6.38e-01	3.61e-01
 1.35180e+16	6.12e-04	7.13e-01	2.87e-01
 1.46188e+16	7.10e-04	7.99e-01	2.00e-01
 1.58266e+16	8.06e-04	8.73e-01	1.26e-01
 1.71734e+16	8.91e-04	9.27e-01	7.20e-02
 1.88313e+16	9.79e-04	9.64e-01	3.55e-02
 2.07145e+16	1.06e-03	9.83e-01	1.63e-02
 2.27859e+16	1.14e-03	9.92e-01	7.28e-03
 2.50645e+16	1.24e-03	9.96e-01	3.21e-03
 2.75709e+16	1.34e-03	9.97e-01	1.40e-03
 3.03280e+16	1.46e-03	9.98e-01	5.99e-04
 3.31721e+16	1.61e-03	9.98e-01	2.69e-04
 3.51378e+16	1.71e-03	9.98e-01	1.66e-04
 3.60539e+16	1.77e-03	9.98e-01	1.34e-04
 3.68597e+16	1.82e-03	9.98e-01	1.09e-04
 3.79072e+16	1.88e-03	9.98e-01	8.42e-05
 3.92689e+16	1.97e-03	9.98e-01	6.10e-05
 4.07004e+16	2.08e-03	9.98e-01	4.47e-05
 4.18978e+16	2.17e-03	9.98e-01	3.49e-05
 4.29459e+16	2.26e-03	9.98e-01	2.83e-05
 4.41248e+16	2.36e-03	9.98e-01	2.22e-05
 4.54239e+16	2.48e-03	9.98e-01	1.74e-05
 4.65920e+16	2.59e-03	9.97e-01	1.42e-05
 4.76311e+16	2.71e-03	9.97e-01	1.18e-05
 4.87897e+16	2.84e-03	9.97e-01	9.64e-06
 5.00482e+16	3.00e-03	9.97e-01	7.87e-06
 5.11534e+16	3.15e-03	9.97e-01	6.64e-06
 5.21279e+16	3.29e-03	9.97e-01	5.72e-06
 5.32156e+16	3.46e-03	9.97e-01	4.84e-06
 5.44057e+16	3.67e-03	9.96e-01	4.09e-06
 5.54680e+16	3.88e-03	9.96e-01	3.53e-06
 5.64084e+16	4.07e-03	9.96e-01	3.12e-06
 5.74517e+16	4.31e-03	9.96e-01	2.70e-06
 5.85983e+16	4.61e-03	9.95e-01	2.33e-06
 5.96148e+16	4.91e-03	9.95e-01	2.06e-06
 6.04865e+16	5.19e-03	9.95e-01	1.85e-06
 6.14349e+16	5.52e-03	9.94e-01	1.65e-06
 6.24846e+16	5.96e-03	9.94e-01	1.45e-06
 6.34047e+16	6.40e-03	9.94e-01	1.31e-06
 6.41657e+16	6.80e-03	9.93e-01	1.20e-06
 6.49811e+16	7.30e-03	9.93e-01	1.09e-06
 6.58742e+16	7.91e-03	9.92e-01	9.89e-07
 6.66575e+16	8.54e-03	9.91e-01	9.10e-07
 6.73230e+16	9.15e-03	9.91e-01	8.48e-07
 6.80459e+16	9.92e-03	9.90e-01	7.81e-07
 6.88330e+16	1.09e-02	9.89e-01	7.18e-07
 6.95126e+16	1.19e-02	9.88e-01	6.70e-07
 7.00842e+16	1.29e-02	9.87e-01	6.31e-07
 7.07065e+16	1.41e-02	9.86e-01	5.89e-07
 7.13939e+16	1.57e-02	9.84e-01	5.48e-07
 7.20013e+16	1.74e-02	9.83e-01	5.17e-07
 7.24730e+16	1.90e-02	9.81e-01	4.93e-07
 7.28493e+16	2.05e-02	9.79e-01	4.74e-07
 7.32551e+16	2.23e-02	9.78e-01	4.54e-07
 7.37002e+16	2.47e-02	9.75e-01	4.34e-07
 7.40847e+16	2.70e-02	9.73e-01	4.18e-07
 7.43998e+16	2.92e-02	9.71e-01	4.06e-07
 7.47366e+16	3.20e-02	9.68e-01	3.92e-07
 7.51024e+16	3.53e-02	9.65e-01	3.80e-07
 7.54199e+16	3.87e-02	9.61e-01	3.69e-07
 7.56878e+16	4.21e-02	9.58e-01	3.60e-07
 7.59771e+16	4.62e-02	9.54e-01	3.51e-07
 7.62928e+16	5.15e-02	9.49e-01	3.43e-07
 7.65651e+16	5.67e-02	9.43e-01	3.36e-07
 7.67929e+16	6.16e-02	9.38e-01	3.32e-07
 7.70403e+16	6.79e-02	9.32e-01	3.26e-07
 7.73153e+16	7.57e-02	9.24e-01	3.21e-07
 7.75619e+16	8.40e-02	9.16e-01	3.17e-07
 7.77736e+16	9.20e-02	9.08e-01	3.15e-07
 7.79908e+16	1.02e-01	8.98e-01	3.12e-07
 7.82300e+16	1.13e-01	8.87e-01	3.11e-07
 7.84525e+16	1.26e-01	8.74e-01	3.11e-07
 7.86330e+16	1.37e-01	8.63e-01	3.11e-07
 7.87877e+16	1.48e-01	8.52e-01	3.11e-07
 7.89387e+16	1.60e-01	8.40e-01	3.11e-07
 7.90898e+16	1.73e-01	8.27e-01	3.11e-07
 7.92065e+16	1.83e-01	8.17e-01	3.13e-07
 7.92799e+16	1.90e-01	8.10e-01	3.13e-07
 7.93516e+16	1.98e-01	8.02e-01	3.12e-07
 7.94414e+16	2.07e-01	7.93e-01	3.12e-07
 7.95366e+16	2.18e-01	7.82e-01	3.13e-07
 7.96199e+16	2.27e-01	7.73e-01	3.15e-07
 7.96947e+16	2.36e-01	7.64e-01	3.15e-07
 7.97716e+16	2.46e-01	7.54e-01	3.16e-07
 7.98528e+16	2.57e-01	7.43e-01	3.16e-07
 7.99339e+16	2.68e-01	7.32e-01	3.17e-07
 8.00097e+16	2.78e-01	7.22e-01	3.19e-07
 8.00832e+16	2.89e-01	7.11e-01	3.19e-07
 8.01583e+16	3.00e-01	7.00e-01	3.20e-07
 8.02345e+16	3.13e-01	6.87e-01	3.20e-07
 8.03087e+16	3.24e-01	6.76e-01	3.22e-07
 8.03810e+16	3.37e-01	6.63e-01	3.22e-07
 8.04537e+16	3.50e-01	6.50e-01	3.23e-07
 8.05257e+16	3.62e-01	6.38e-01	3.24e-07
 8.05966e+16	3.75e-01	6.25e-01	3.24e-07
 8.06675e+16	3.89e-01	6.11e-01	3.24e-07
 8.07378e+16	4.02e-01	5.98e-01	3.25e-07
 8.08074e+16	4.16e-01	5.84e-01	3.25e-07
 8.08769e+16	4.30e-01	5.70e-01	3.25e-07
 8.09450e+16	4.44e-01	5.56e-01	3.26e-07
 8.10121e+16	4.58e-01	5.42e-01	3.26e-07
 8.10802e+16	4.73e-01	5.27e-01	3.25e-07
 8.11483e+16	4.87e-01	5.13e-01	3.25e-07
 8.12141e+16	5.01e-01	4.99e-01	3.25e-07
 8.12781e+16	5.16e-01	4.84e-01	3.24e-07
 8.13424e+16	5.30e-01	4.70e-01	3.23e-07
 8.14065e+16	5.44e-01	4.56e-01	3.22e-07
 8.14692e+16	5.58e-01	4.42e-01	3.21e-07
 8.15308e+16	5.72e-01	4.28e-01	3.20e-07
 8.15917e+16	5.86e-01	4.14e-01	3.19e-07
 8.16515e+16	5.99e-01	4.01e-01	3.17e-07
 8.17101e+16	6.13e-01	3.87e-01	3.15e-07
 8.17683e+16	6.26e-01	3.74e-01	3.13e-07
 8.18259e+16	6.39e-01	3.61e-01	3.12e-07
 8.18823e+16	6.51e-01	3.49e-01	3.10e-07
 8.19376e+16	6.63e-01	3.37e-01	3.08e-07
 8.19923e+16	6.75e-01	3.25e-01	3.05e-07
 8.20468e+16	6.87e-01	3.13e-01	3.03e-07
 8.21007e+16	6.98e-01	3.02e-01	3.00e-07
 8.21534e+16	7.09e-01	2.91e-01	2.98e-07
 8.22051e+16	7.20e-01	2.80e-01	2.95e-07
 8.22568e+16	7.30e-01	2.70e-01	2.92e-07
 8.23084e+16	7.40e-01	2.60e-01	2.89e-07
 8.23591e+16	7.50e-01	2.50e-01	2.87e-07
 8.24083e+16	7.59e-01	2.41e-01	2.83e-07
 8.24575e+16	7.69e-01	2.31e-01	2.80e-07
 8.25071e+16	7.78e-01	2.22e-01	2.77e-07
 8.25559e+16	7.86e-01	2.14e-01	2.74e-07
 8.26035e+16	7.95e-01	2.05e-01	2.71e-07
 8.26505e+16	8.03e-01	1.97e-01	2.67e-07
 8.26979e+16	8.11e-01	1.89e-01	2.64e-07
 8.27449e+16	8.18e-01	1.82e-01	2.60e-07
 8.27909e+16	8.25e-01	1.75e-01	2.57e-07
 8.28363e+16	8.32e-01	1.68e-01	2.53e-07
 8.28813e+16	8.39e-01	1.61e-01	2.50e-07
 8.29264e+16	8.45e-01	1.55e-01	2.46e-07
 8.29717e+16	8.52e-01	1.48e-01	2.42e-07
 8.30159e+16	8.58e-01	1.42e-01	2.38e-07
 8.30591e+16	8.63e-01	1.37e-01	2.35e-07
 8.31021e+16	8.69e-01	1.31e-01	2.31e-07
 8.31452e+16	8.74e-01	1.26e-01	2.27e-07
 8.31878e+16	8.79e-01	1.21e-01	2.23e-07
 8.32296e+16	8.84e-01	1.16e-01	2.19e-07
 8.32708e+16	8.89e-01	1.11e-01	2.15e-07
 8.33108e+16	8.93e-01	1.07e-01	2.11e-07
 8.33479e+16	8.97e-01	1.03e-01	2.07e-07
 8.33812e+16	9.00e-01	9.95e-02	2.03e-07
 8.34114e+16	9.04e-01	9.64e-02	1.99e-07
 8.34391e+16	9.06e-01	9.36e-02	1.96e-07
 8.34648e+16	9.09e-01	9.11e-02	1.93e-07
 8.34889e+16	9.11e-01	8.87e-02	1.90e-07
 8.35112e+16	9.13e-01	8.66e-02	1.87e-07
 8.35315e+16	9.15e-01	8.46e-02	1.84e-07
 8.35505e+16	9.17e-01	8.29e-02	1.82e-07
 8.35681e+16	9.19e-01	8.12e-02	1.79e-07
 8.35847e+16	9.20e-01	7.97e-02	1.77e-07
 8.36004e+16	9.22e-01	7.83e-02	1.74e-07
 8.36152e+16	9.23e-01	7.70e-02	1.72e-07
 8.36290e+16	9.24e-01	7.57e-02	1.70e-07
 8.36421e+16	9.25e-01	7.46e-02	1.68e-07
 8.36547e+16	9.26e-01	7.35e-02	1.66e-07
 8.36665e+16	9.28e-01	7.25e-02	1.65e-07
 8.36776e+16	9.28e-01	7.15e-02	1.63e-07
 8.36881e+16	9.29e-01	7.06e-02	1.61e-07
 8.36981e+16	9.30e-01	6.98e-02	1.60e-07
 8.37077e+16	9.31e-01	6.90e-02	1.58e-07
 8.37170e+16	9.32e-01	6.82e-02	1.57e-07
 8.37259e+16	9.33e-01	6.75e-02	1.55e-07
 8.37344e+16	9.33e-01	6.67e-02	1.54e-07
 8.37428e+16	9.34e-01	6.60e-02	1.52e-07
 8.37509e+16	9.35e-01	6.54e-02	1.51e-07
 8.37588e+16	9.35e-01	6.47e-02	1.49e-07
 8.37666e+16	9.36e-01	6.41e-02	1.48e-07
 8.37743e+16	9.37e-01	6.34e-02	1.46e-07
 8.37820e+16	9.37e-01	6.28e-02	1.45e-07
 8.37897e+16	9.38e-01	6.21e-02	1.43e-07
 8.37977e+16	9.39e-01	6.15e-02	1.42e-07
 8.38060e+16	9.39e-01	6.08e-02	1.40e-07
 8.38147e+16	9.40e-01	6.00e-02	1.38e-07
 8.38241e+16	9.41e-01	5.92e-02	1.36e-07
 8.38340e+16	9.42e-01	5.84e-02	1.34e-07
 8.38436e+16	9.42e-01	5.76e-02	1.32e-07
 8.38526e+16	9.43e-01	5.68e-02	1.29e-07
 8.38608e+16	9.44e-01	5.61e-02	1.28e-07
 8.38683e+16	9.45e-01	5.55e-02	1.26e-07
 8.38751e+16	9.45e-01	5.49e-02	1.24e-07
 8.38813e+16	9.46e-01	5.43e-02	1.23e-07
 8.38869e+16	9.46e-01	5.38e-02	1.21e-07
 8.38920e+16	9.47e-01	5.34e-02	1.20e-07
 8.38967e+16	9.47e-01	5.30e-02	1.19e-07
 8.39018e+16	9.48e-01	5.25e-02	1.17e-07
 8.39073e+16	9.48e-01	5.20e-02	1.16e-07
 8.39123e+16	9.48e-01	5.16e-02	1.15e-07
 8.39169e+16	9.49e-01	5.12e-02	1.14e-07
 8.39219e+16	9.49e-01	5.07e-02	1.12e-07
 8.39273e+16	9.50e-01	5.03e-02	1.11e-07
 8.39322e+16	9.50e-01	4.98e-02	1.10e-07
 8.39367e+16	9.51e-01	4.94e-02	1.09e-07
 8.39416e+16	9.51e-01	4.90e-02	1.07e-07
 8.39469e+16	9.51e-01	4.85e-02	1.06e-07
 8.39517e+16	9.52e-01	4.81e-02	1.05e-07
 8.39570e+16	9.52e-01	4.77e-02	1.04e-07
 8.39638e+16	9.53e-01	4.72e-02	1.03e-07
 8.39712e+16	9.53e-01	4.66e-02	1.01e-07
 8.39780e+16	9.54e-01	4.61e-02	1.00e-07
 8.39841e+16	9.54e-01	4.57e-02	9.91e-08
 8.39908e+16	9.55e-01	4.52e-02	9.78e-08
 8.39981e+16	9.55e-01	4.46e-02	9.66e-08
 8.40047e+16	9.56e-01	4.42e-02	9.55e-08
 8.40107e+16	9.56e-01	4.37e-02	9.44e-08
 8.40172e+16	9.57e-01	4.32e-02	9.32e-08
 8.40243e+16	9.57e-01	4.27e-02	9.21e-08
 8.40308e+16	9.58e-01	4.23e-02	9.10e-08
 8.40367e+16	9.58e-01	4.19e-02	9.00e-08
 8.40431e+16	9.59e-01	4.14e-02	8.89e-08
 8.40501e+16	9.59e-01	4.09e-02	8.77e-08
 8.40564e+16	9.60e-01	4.05e-02	8.66e-08
 8.40622e+16	9.60e-01	4.01e-02	8.56e-08
 8.40674e+16	9.60e-01	3.97e-02	8.48e-08
