#depth	H	H+	H2
 2.75341e+12	1.07e-03	9.99e-01	1.36e-13
 1.65205e+13	1.07e-03	9.99e-01	1.36e-13
 7.15888e+13	1.07e-03	9.99e-01	1.36e-13
 2.91862e+14	1.07e-03	9.99e-01	1.39e-13
 6.97165e+14	1.05e-03	9.99e-01	1.40e-13
 1.22406e+15	1.03e-03	9.99e-01	1.44e-13
 1.90902e+15	1.03e-03	9.99e-01	1.50e-13
 2.79947e+15	1.03e-03	9.99e-01	1.61e-13
 3.95705e+15	1.05e-03	9.99e-01	1.77e-13
 5.25369e+15	1.07e-03	9.99e-01	1.96e-13
 6.44779e+15	1.09e-03	9.99e-01	2.15e-13
 7.48135e+15	1.12e-03	9.99e-01	2.35e-13
 8.41298e+15	1.15e-03	9.99e-01	2.56e-13
 9.30353e+15	1.19e-03	9.99e-01	2.78e-13
 1.01778e+16	1.23e-03	9.99e-01	3.03e-13
 1.10351e+16	1.27e-03	9.99e-01	3.31e-13
 1.18810e+16	1.32e-03	9.99e-01	3.61e-13
 1.26713e+16	1.37e-03	9.99e-01	3.92e-13
 1.35180e+16	1.43e-03	9.99e-01	4.30e-13
 1.46188e+16	1.52e-03	9.98e-01	4.84e-13
 1.58266e+16	1.61e-03	9.98e-01	5.49e-13
 1.71734e+16	1.73e-03	9.98e-01	6.22e-13
 1.88313e+16	1.87e-03	9.98e-01	7.22e-13
 2.07145e+16	2.05e-03	9.98e-01	8.40e-13
 2.27859e+16	2.25e-03	9.98e-01	9.78e-13
 2.50645e+16	2.51e-03	9.97e-01	1.14e-12
 2.75709e+16	2.82e-03	9.97e-01	1.35e-12
 3.03280e+16	3.21e-03	9.97e-01	1.59e-12
 3.31721e+16	3.68e-03	9.96e-01	1.90e-12
 3.51378e+16	4.06e-03	9.96e-01	2.19e-12
 3.60539e+16	4.25e-03	9.96e-01	2.33e-12
 3.68597e+16	4.43e-03	9.96e-01	2.44e-12
 3.79072e+16	4.67e-03	9.95e-01	2.58e-12
 3.92689e+16	5.00e-03	9.95e-01	2.76e-12
 4.07004e+16	5.38e-03	9.95e-01	3.01e-12
 4.18978e+16	5.74e-03	9.94e-01	3.25e-12
 4.29459e+16	6.06e-03	9.94e-01	3.44e-12
 4.41248e+16	6.46e-03	9.94e-01	3.65e-12
 4.54239e+16	6.93e-03	9.93e-01	3.92e-12
 4.65920e+16	7.39e-03	9.93e-01	4.19e-12
 4.76311e+16	7.84e-03	9.92e-01	4.45e-12
 4.87897e+16	8.37e-03	9.92e-01	4.70e-12
 5.00482e+16	9.01e-03	9.91e-01	5.04e-12
 5.11534e+16	9.63e-03	9.90e-01	5.39e-12
 5.21279e+16	1.02e-02	9.90e-01	5.70e-12
 5.32156e+16	1.09e-02	9.89e-01	6.00e-12
 5.44057e+16	1.18e-02	9.88e-01	6.40e-12
 5.54680e+16	1.27e-02	9.87e-01	6.87e-12
 5.64084e+16	1.35e-02	9.86e-01	7.26e-12
 5.74517e+16	1.46e-02	9.85e-01	7.66e-12
 5.85983e+16	1.58e-02	9.84e-01	8.23e-12
 5.96148e+16	1.72e-02	9.83e-01	8.87e-12
 6.04865e+16	1.84e-02	9.82e-01	9.43e-12
 6.14349e+16	1.99e-02	9.80e-01	9.94e-12
 6.24846e+16	2.18e-02	9.78e-01	1.08e-11
 6.34047e+16	2.38e-02	9.76e-01	1.17e-11
 6.41657e+16	2.55e-02	9.74e-01	1.25e-11
 6.49811e+16	2.77e-02	9.72e-01	1.34e-11
 6.58742e+16	3.05e-02	9.69e-01	1.46e-11
 6.66575e+16	3.34e-02	9.67e-01	1.58e-11
 6.73230e+16	3.61e-02	9.64e-01	1.71e-11
 6.80459e+16	3.95e-02	9.61e-01	1.85e-11
 6.88330e+16	4.39e-02	9.56e-01	2.06e-11
 6.95126e+16	4.85e-02	9.52e-01	2.28e-11
 7.00842e+16	5.29e-02	9.47e-01	2.49e-11
 7.07065e+16	5.84e-02	9.42e-01	2.75e-11
 7.13939e+16	6.60e-02	9.34e-01	3.13e-11
 7.20013e+16	7.39e-02	9.26e-01	3.54e-11
 7.24730e+16	8.13e-02	9.19e-01	3.95e-11
 7.28493e+16	8.80e-02	9.12e-01	4.32e-11
 7.32551e+16	9.62e-02	9.04e-01	4.77e-11
 7.37002e+16	1.07e-01	8.93e-01	5.40e-11
 7.40847e+16	1.18e-01	8.82e-01	6.05e-11
 7.43998e+16	1.28e-01	8.72e-01	6.66e-11
 7.47366e+16	1.39e-01	8.61e-01	7.41e-11
 7.51024e+16	1.54e-01	8.46e-01	8.39e-11
 7.54199e+16	1.69e-01	8.31e-01	9.44e-11
 7.56878e+16	1.83e-01	8.17e-01	1.05e-10
 7.59771e+16	2.00e-01	8.00e-01	1.17e-10
 7.62928e+16	2.21e-01	7.79e-01	1.34e-10
 7.65651e+16	2.41e-01	7.59e-01	1.51e-10
 7.67929e+16	2.59e-01	7.41e-01	1.66e-10
 7.70403e+16	2.80e-01	7.20e-01	1.87e-10
 7.73153e+16	3.07e-01	6.93e-01	2.13e-10
 7.75619e+16	3.34e-01	6.66e-01	2.42e-10
 7.77736e+16	3.58e-01	6.42e-01	2.69e-10
 7.79908e+16	3.84e-01	6.16e-01	3.01e-10
 7.82300e+16	4.16e-01	5.84e-01	3.42e-10
 7.84525e+16	4.46e-01	5.54e-01	3.86e-10
 7.86330e+16	4.72e-01	5.28e-01	4.26e-10
 7.87877e+16	4.94e-01	5.06e-01	4.63e-10
 7.89387e+16	5.16e-01	4.84e-01	5.03e-10
 7.90898e+16	5.39e-01	4.61e-01	5.48e-10
 7.92065e+16	5.56e-01	4.44e-01	5.83e-10
 7.92799e+16	5.66e-01	4.34e-01	6.05e-10
 7.93516e+16	5.76e-01	4.24e-01	6.28e-10
 7.94414e+16	5.90e-01	4.10e-01	6.61e-10
 7.95366e+16	6.05e-01	3.95e-01	6.98e-10
 7.96199e+16	6.17e-01	3.83e-01	7.28e-10
 7.96947e+16	6.28e-01	3.72e-01	7.60e-10
 7.97716e+16	6.40e-01	3.60e-01	7.91e-10
 7.98528e+16	6.52e-01	3.48e-01	8.29e-10
 7.99339e+16	6.65e-01	3.35e-01	8.68e-10
 8.00097e+16	6.76e-01	3.24e-01	9.04e-10
 8.00832e+16	6.87e-01	3.13e-01	9.42e-10
 8.01583e+16	6.98e-01	3.02e-01	9.81e-10
 8.02345e+16	7.09e-01	2.91e-01	1.03e-09
 8.03087e+16	7.19e-01	2.81e-01	1.07e-09
 8.03810e+16	7.30e-01	2.70e-01	1.11e-09
 8.04537e+16	7.40e-01	2.60e-01	1.16e-09
 8.05257e+16	7.50e-01	2.50e-01	1.20e-09
 8.05966e+16	7.59e-01	2.41e-01	1.25e-09
 8.06675e+16	7.69e-01	2.31e-01	1.30e-09
 8.07378e+16	7.77e-01	2.23e-01	1.35e-09
 8.08074e+16	7.86e-01	2.14e-01	1.41e-09
 8.08769e+16	7.95e-01	2.05e-01	1.46e-09
 8.09450e+16	8.03e-01	1.97e-01	1.52e-09
 8.10121e+16	8.11e-01	1.89e-01	1.58e-09
 8.10802e+16	8.19e-01	1.81e-01	1.64e-09
 8.11483e+16	8.27e-01	1.73e-01	1.71e-09
 8.12141e+16	8.34e-01	1.66e-01	1.77e-09
 8.12781e+16	8.41e-01	1.59e-01	1.84e-09
 8.13424e+16	8.47e-01	1.53e-01	1.90e-09
 8.14065e+16	8.54e-01	1.46e-01	1.98e-09
 8.14692e+16	8.60e-01	1.40e-01	2.06e-09
 8.15308e+16	8.66e-01	1.34e-01	2.13e-09
 8.15917e+16	8.71e-01	1.29e-01	2.21e-09
 8.16515e+16	8.77e-01	1.23e-01	2.29e-09
 8.17101e+16	8.82e-01	1.18e-01	2.38e-09
 8.17683e+16	8.87e-01	1.13e-01	2.47e-09
 8.18259e+16	8.91e-01	1.09e-01	2.56e-09
 8.18823e+16	8.96e-01	1.04e-01	2.65e-09
 8.19376e+16	9.00e-01	1.00e-01	2.76e-09
 8.19923e+16	9.04e-01	9.61e-02	2.87e-09
 8.20468e+16	9.08e-01	9.22e-02	2.98e-09
 8.21007e+16	9.12e-01	8.85e-02	3.10e-09
 8.21534e+16	9.15e-01	8.49e-02	3.22e-09
 8.22051e+16	9.18e-01	8.16e-02	3.34e-09
 8.22568e+16	9.22e-01	7.83e-02	3.48e-09
 8.23084e+16	9.25e-01	7.52e-02	3.62e-09
 8.23591e+16	9.28e-01	7.22e-02	3.78e-09
 8.24083e+16	9.31e-01	6.93e-02	3.95e-09
 8.24575e+16	9.33e-01	6.66e-02	4.13e-09
 8.25071e+16	9.36e-01	6.39e-02	4.32e-09
 8.25559e+16	9.39e-01	6.14e-02	4.53e-09
 8.26035e+16	9.41e-01	5.90e-02	4.75e-09
 8.26505e+16	9.43e-01	5.67e-02	5.00e-09
 8.26979e+16	9.46e-01	5.45e-02	5.27e-09
 8.27449e+16	9.48e-01	5.23e-02	5.56e-09
 8.27909e+16	9.50e-01	5.03e-02	5.88e-09
 8.28363e+16	9.52e-01	4.84e-02	6.24e-09
 8.28813e+16	9.54e-01	4.65e-02	6.62e-09
 8.29264e+16	9.55e-01	4.47e-02	7.07e-09
 8.29717e+16	9.57e-01	4.29e-02	7.59e-09
 8.30159e+16	9.59e-01	4.12e-02	8.17e-09
 8.30591e+16	9.60e-01	3.96e-02	8.82e-09
 8.31021e+16	9.62e-01	3.81e-02	9.59e-09
 8.31452e+16	9.63e-01	3.66e-02	1.05e-08
 8.31878e+16	9.65e-01	3.51e-02	1.16e-08
 8.32296e+16	9.66e-01	3.37e-02	1.28e-08
 8.32708e+16	9.68e-01	3.24e-02	1.43e-08
 8.33108e+16	9.69e-01	3.12e-02	1.61e-08
 8.33479e+16	9.70e-01	3.01e-02	1.81e-08
 8.33812e+16	9.71e-01	2.91e-02	2.04e-08
 8.34114e+16	9.72e-01	2.83e-02	2.28e-08
 8.34391e+16	9.72e-01	2.76e-02	2.56e-08
 8.34648e+16	9.73e-01	2.69e-02	2.86e-08
 8.34889e+16	9.74e-01	2.63e-02	3.22e-08
 8.35112e+16	9.74e-01	2.57e-02	3.60e-08
 8.35315e+16	9.75e-01	2.52e-02	4.04e-08
 8.35505e+16	9.75e-01	2.47e-02	4.52e-08
 8.35681e+16	9.76e-01	2.42e-02	5.06e-08
 8.35847e+16	9.76e-01	2.38e-02	5.65e-08
 8.36004e+16	9.77e-01	2.34e-02	6.33e-08
 8.36152e+16	9.77e-01	2.30e-02	7.09e-08
 8.36290e+16	9.77e-01	2.27e-02	7.91e-08
 8.36421e+16	9.78e-01	2.23e-02	8.84e-08
 8.36547e+16	9.78e-01	2.20e-02	9.90e-08
 8.36665e+16	9.78e-01	2.17e-02	1.11e-07
 8.36776e+16	9.79e-01	2.14e-02	1.24e-07
 8.36881e+16	9.79e-01	2.11e-02	1.38e-07
 8.36981e+16	9.79e-01	2.08e-02	1.54e-07
 8.37077e+16	9.79e-01	2.06e-02	1.72e-07
 8.37170e+16	9.80e-01	2.03e-02	1.92e-07
 8.37259e+16	9.80e-01	2.01e-02	2.14e-07
 8.37344e+16	9.80e-01	1.98e-02	2.39e-07
 8.37428e+16	9.80e-01	1.96e-02	2.66e-07
 8.37509e+16	9.81e-01	1.94e-02	2.96e-07
 8.37588e+16	9.81e-01	1.91e-02	3.30e-07
 8.37666e+16	9.81e-01	1.89e-02	3.66e-07
 8.37743e+16	9.81e-01	1.86e-02	4.08e-07
 8.37820e+16	9.82e-01	1.84e-02	4.52e-07
 8.37897e+16	9.82e-01	1.82e-02	5.00e-07
 8.37977e+16	9.82e-01	1.79e-02	5.53e-07
 8.38060e+16	9.82e-01	1.76e-02	6.10e-07
 8.38147e+16	9.83e-01	1.73e-02	6.72e-07
 8.38241e+16	9.83e-01	1.70e-02	7.40e-07
 8.38340e+16	9.83e-01	1.67e-02	8.03e-07
 8.38436e+16	9.84e-01	1.63e-02	8.59e-07
 8.38526e+16	9.84e-01	1.60e-02	9.02e-07
 8.38608e+16	9.84e-01	1.57e-02	9.36e-07
 8.38683e+16	9.85e-01	1.54e-02	9.63e-07
 8.38751e+16	9.85e-01	1.52e-02	9.84e-07
 8.38813e+16	9.85e-01	1.50e-02	1.00e-06
 8.38869e+16	9.85e-01	1.48e-02	1.02e-06
 8.38920e+16	9.85e-01	1.46e-02	1.03e-06
 8.38967e+16	9.86e-01	1.44e-02	1.04e-06
 8.39018e+16	9.86e-01	1.43e-02	1.05e-06
 8.39073e+16	9.86e-01	1.41e-02	1.06e-06
 8.39123e+16	9.86e-01	1.39e-02	1.07e-06
 8.39169e+16	9.86e-01	1.38e-02	1.08e-06
 8.39219e+16	9.86e-01	1.36e-02	1.09e-06
 8.39273e+16	9.87e-01	1.34e-02	1.11e-06
 8.39322e+16	9.87e-01	1.33e-02	1.12e-06
 8.39367e+16	9.87e-01	1.31e-02	1.13e-06
 8.39416e+16	9.87e-01	1.30e-02	1.14e-06
 8.39469e+16	9.87e-01	1.28e-02	1.16e-06
 8.39517e+16	9.87e-01	1.27e-02	1.17e-06
 8.39570e+16	9.87e-01	1.25e-02	1.18e-06
 8.39638e+16	9.88e-01	1.24e-02	1.19e-06
 8.39712e+16	9.88e-01	1.22e-02	1.21e-06
 8.39780e+16	9.88e-01	1.20e-02	1.22e-06
 8.39841e+16	9.88e-01	1.19e-02	1.24e-06
 8.39908e+16	9.88e-01	1.17e-02	1.25e-06
 8.39981e+16	9.88e-01	1.15e-02	1.27e-06
 8.40047e+16	9.89e-01	1.14e-02	1.29e-06
 8.40107e+16	9.89e-01	1.13e-02	1.31e-06
 8.40172e+16	9.89e-01	1.11e-02	1.32e-06
 8.40243e+16	9.89e-01	1.09e-02	1.34e-06
 8.40308e+16	9.89e-01	1.08e-02	1.36e-06
 8.40367e+16	9.89e-01	1.07e-02	1.38e-06
 8.40431e+16	9.89e-01	1.05e-02	1.40e-06
 8.40501e+16	9.90e-01	1.04e-02	1.43e-06
 8.40564e+16	9.90e-01	1.02e-02	1.45e-06
 8.40622e+16	9.90e-01	1.01e-02	1.47e-06
 8.40674e+16	9.90e-01	9.89e-03	1.50e-06
