#depth	O	O+	O+2	O+3	O+4	O+5	O+6	O+7	O+8	O[1]	O[2]	O[3]
 6.44516e+11	7.45e-06	2.87e-03	3.45e-01	6.38e-01	1.44e-02	8.76e-07	0.00e+00	0.00e+00	0.00e+00	5.84e-06	1.00e-06	6.02e-07
 3.86710e+12	7.51e-06	2.89e-03	3.46e-01	6.37e-01	1.42e-02	8.61e-07	0.00e+00	0.00e+00	0.00e+00	5.89e-06	1.01e-06	6.07e-07
 1.67574e+13	7.65e-06	2.95e-03	3.50e-01	6.33e-01	1.39e-02	8.26e-07	0.00e+00	0.00e+00	0.00e+00	6.00e-06	1.03e-06	6.18e-07
 6.83187e+13	8.20e-06	3.19e-03	3.66e-01	6.18e-01	1.24e-02	7.01e-07	0.00e+00	0.00e+00	0.00e+00	6.44e-06	1.10e-06	6.61e-07
 1.58465e+14	8.66e-06	3.48e-03	3.89e-01	5.97e-01	1.06e-02	5.54e-07	0.00e+00	0.00e+00	0.00e+00	6.80e-06	1.16e-06	6.96e-07
 2.50717e+14	9.14e-06	3.78e-03	4.14e-01	5.74e-01	9.02e-03	4.38e-07	0.00e+00	0.00e+00	0.00e+00	7.20e-06	1.22e-06	7.30e-07
 3.37980e+14	9.82e-06	4.13e-03	4.40e-01	5.49e-01	7.65e-03	3.45e-07	0.00e+00	0.00e+00	0.00e+00	7.74e-06	1.30e-06	7.78e-07
 4.30632e+14	1.07e-05	4.55e-03	4.69e-01	5.20e-01	6.39e-03	2.66e-07	0.00e+00	0.00e+00	0.00e+00	8.48e-06	1.41e-06	8.45e-07
 5.42747e+14	1.21e-05	5.14e-03	5.08e-01	4.81e-01	5.06e-03	1.90e-07	0.00e+00	0.00e+00	0.00e+00	9.60e-06	1.59e-06	9.46e-07
 6.83126e+14	1.41e-05	5.94e-03	5.59e-01	4.31e-01	3.74e-03	1.25e-07	0.00e+00	0.00e+00	0.00e+00	1.12e-05	1.84e-06	1.09e-06
 8.22517e+14	1.61e-05	6.70e-03	6.08e-01	3.82e-01	2.78e-03	0.00e+00	0.00e+00	0.00e+00	0.00e+00	1.28e-05	2.09e-06	1.24e-06
 9.42029e+14	1.82e-05	7.43e-03	6.52e-01	3.39e-01	2.11e-03	0.00e+00	0.00e+00	0.00e+00	0.00e+00	1.44e-05	2.35e-06	1.40e-06
 1.07343e+15	2.11e-05	8.38e-03	7.00e-01	2.90e-01	1.51e-03	0.00e+00	0.00e+00	0.00e+00	0.00e+00	1.68e-05	2.73e-06	1.62e-06
 1.21264e+15	2.44e-05	9.35e-03	7.47e-01	2.43e-01	1.06e-03	0.00e+00	0.00e+00	0.00e+00	0.00e+00	1.93e-05	3.15e-06	1.86e-06
 1.33770e+15	2.77e-05	1.03e-02	7.86e-01	2.03e-01	7.49e-04	0.00e+00	0.00e+00	0.00e+00	0.00e+00	2.20e-05	3.59e-06	2.12e-06
 1.47599e+15	3.23e-05	1.15e-02	8.25e-01	1.62e-01	4.92e-04	0.00e+00	0.00e+00	0.00e+00	0.00e+00	2.56e-05	4.17e-06	2.46e-06
 1.62661e+15	3.75e-05	1.28e-02	8.61e-01	1.26e-01	3.10e-04	0.00e+00	0.00e+00	0.00e+00	0.00e+00	2.98e-05	4.84e-06	2.85e-06
 1.76894e+15	4.34e-05	1.41e-02	8.88e-01	9.72e-02	1.95e-04	0.00e+00	0.00e+00	0.00e+00	0.00e+00	3.45e-05	5.58e-06	3.28e-06
 1.92965e+15	5.15e-05	1.58e-02	9.13e-01	7.06e-02	1.11e-04	0.00e+00	0.00e+00	0.00e+00	0.00e+00	4.11e-05	6.60e-06	3.87e-06
 2.10940e+15	6.18e-05	1.77e-02	9.33e-01	4.92e-02	5.91e-05	0.00e+00	0.00e+00	0.00e+00	0.00e+00	4.93e-05	7.88e-06	4.61e-06
 2.28684e+15	7.38e-05	1.98e-02	9.46e-01	3.40e-02	3.12e-05	0.00e+00	0.00e+00	0.00e+00	0.00e+00	5.90e-05	9.35e-06	5.45e-06
 2.49046e+15	9.06e-05	2.25e-02	9.56e-01	2.19e-02	1.46e-05	0.00e+00	0.00e+00	0.00e+00	0.00e+00	7.26e-05	1.14e-05	6.62e-06
 2.71816e+15	1.13e-04	2.57e-02	9.61e-01	1.35e-02	6.37e-06	0.00e+00	0.00e+00	0.00e+00	0.00e+00	9.05e-05	1.40e-05	8.13e-06
 2.89395e+15	1.32e-04	2.85e-02	9.62e-01	9.47e-03	3.50e-06	0.00e+00	0.00e+00	0.00e+00	0.00e+00	1.06e-04	1.64e-05	9.44e-06
 3.00995e+15	1.47e-04	3.04e-02	9.62e-01	7.45e-03	2.33e-06	0.00e+00	0.00e+00	0.00e+00	0.00e+00	1.19e-04	1.82e-05	1.05e-05
 3.13150e+15	1.66e-04	3.27e-02	9.61e-01	5.74e-03	1.48e-06	0.00e+00	0.00e+00	0.00e+00	0.00e+00	1.34e-04	2.03e-05	1.17e-05
 3.28951e+15	1.93e-04	3.59e-02	9.60e-01	4.10e-03	8.34e-07	0.00e+00	0.00e+00	0.00e+00	0.00e+00	1.56e-04	2.35e-05	1.34e-05
 3.46165e+15	2.26e-04	3.96e-02	9.57e-01	2.89e-03	4.61e-07	0.00e+00	0.00e+00	0.00e+00	0.00e+00	1.83e-04	2.74e-05	1.56e-05
 3.61826e+15	2.61e-04	4.33e-02	9.54e-01	2.12e-03	2.71e-07	0.00e+00	0.00e+00	0.00e+00	0.00e+00	2.12e-04	3.15e-05	1.79e-05
 3.78793e+15	3.06e-04	4.77e-02	9.51e-01	1.50e-03	1.51e-07	0.00e+00	0.00e+00	0.00e+00	0.00e+00	2.49e-04	3.67e-05	2.08e-05
 3.97227e+15	3.63e-04	5.29e-02	9.46e-01	1.06e-03	0.00e+00	0.00e+00	0.00e+00	0.00e+00	0.00e+00	2.95e-04	4.32e-05	2.44e-05
 4.13819e+15	4.24e-04	5.81e-02	9.41e-01	7.76e-04	0.00e+00	0.00e+00	0.00e+00	0.00e+00	0.00e+00	3.45e-04	5.02e-05	2.82e-05
 4.29148e+15	4.87e-04	6.33e-02	9.36e-01	5.84e-04	0.00e+00	0.00e+00	0.00e+00	0.00e+00	0.00e+00	3.98e-04	5.75e-05	3.23e-05
 4.46583e+15	5.72e-04	6.99e-02	9.29e-01	4.22e-04	0.00e+00	0.00e+00	0.00e+00	0.00e+00	0.00e+00	4.68e-04	6.72e-05	3.76e-05
 4.62386e+15	6.61e-04	7.64e-02	9.23e-01	3.24e-04	0.00e+00	0.00e+00	0.00e+00	0.00e+00	0.00e+00	5.41e-04	7.72e-05	4.31e-05
 4.72386e+15	7.24e-04	8.08e-02	9.18e-01	2.74e-04	0.00e+00	0.00e+00	0.00e+00	0.00e+00	0.00e+00	5.93e-04	8.44e-05	4.70e-05
 4.81004e+15	7.85e-04	8.49e-02	9.14e-01	2.36e-04	0.00e+00	0.00e+00	0.00e+00	0.00e+00	0.00e+00	6.43e-04	9.13e-05	5.08e-05
 4.91508e+15	8.65e-04	9.01e-02	9.09e-01	1.96e-04	0.00e+00	0.00e+00	0.00e+00	0.00e+00	0.00e+00	7.09e-04	1.00e-04	5.57e-05
 5.04742e+15	9.79e-04	9.72e-02	9.02e-01	1.56e-04	0.00e+00	0.00e+00	0.00e+00	0.00e+00	0.00e+00	8.03e-04	1.13e-04	6.27e-05
 5.19436e+15	1.12e-03	1.06e-01	8.93e-01	1.22e-04	0.00e+00	0.00e+00	0.00e+00	0.00e+00	0.00e+00	9.20e-04	1.29e-04	7.15e-05
 5.34703e+15	1.29e-03	1.15e-01	8.83e-01	9.53e-05	0.00e+00	0.00e+00	0.00e+00	0.00e+00	0.00e+00	1.06e-03	1.48e-04	8.20e-05
 5.50666e+15	1.50e-03	1.26e-01	8.72e-01	7.40e-05	0.00e+00	0.00e+00	0.00e+00	0.00e+00	0.00e+00	1.23e-03	1.71e-04	9.46e-05
 5.66670e+15	1.74e-03	1.39e-01	8.60e-01	5.78e-05	0.00e+00	0.00e+00	0.00e+00	0.00e+00	0.00e+00	1.43e-03	1.99e-04	1.09e-04
 5.82133e+15	2.01e-03	1.52e-01	8.46e-01	4.57e-05	0.00e+00	0.00e+00	0.00e+00	0.00e+00	0.00e+00	1.66e-03	2.29e-04	1.26e-04
 5.97114e+15	2.32e-03	1.65e-01	8.32e-01	3.64e-05	0.00e+00	0.00e+00	0.00e+00	0.00e+00	0.00e+00	1.91e-03	2.64e-04	1.45e-04
 6.11973e+15	2.67e-03	1.81e-01	8.17e-01	2.92e-05	0.00e+00	0.00e+00	0.00e+00	0.00e+00	0.00e+00	2.20e-03	3.04e-04	1.67e-04
 6.26820e+15	3.08e-03	1.97e-01	8.00e-01	2.35e-05	0.00e+00	0.00e+00	0.00e+00	0.00e+00	0.00e+00	2.54e-03	3.50e-04	1.92e-04
 6.41565e+15	3.56e-03	2.15e-01	7.82e-01	1.90e-05	0.00e+00	0.00e+00	0.00e+00	0.00e+00	0.00e+00	2.93e-03	4.04e-04	2.21e-04
 6.56105e+15	4.09e-03	2.34e-01	7.62e-01	1.54e-05	0.00e+00	0.00e+00	0.00e+00	0.00e+00	0.00e+00	3.37e-03	4.64e-04	2.55e-04
 6.70460e+15	4.71e-03	2.54e-01	7.41e-01	1.25e-05	0.00e+00	0.00e+00	0.00e+00	0.00e+00	0.00e+00	3.88e-03	5.35e-04	2.94e-04
 6.84688e+15	5.41e-03	2.77e-01	7.18e-01	1.02e-05	0.00e+00	0.00e+00	0.00e+00	0.00e+00	0.00e+00	4.46e-03	6.16e-04	3.39e-04
 6.98806e+15	6.23e-03	3.01e-01	6.93e-01	8.31e-06	0.00e+00	0.00e+00	0.00e+00	0.00e+00	0.00e+00	5.13e-03	7.09e-04	3.90e-04
 7.12838e+15	7.16e-03	3.26e-01	6.67e-01	6.78e-06	0.00e+00	0.00e+00	0.00e+00	0.00e+00	0.00e+00	5.89e-03	8.17e-04	4.51e-04
 7.26822e+15	8.24e-03	3.54e-01	6.38e-01	5.51e-06	0.00e+00	0.00e+00	0.00e+00	0.00e+00	0.00e+00	6.78e-03	9.42e-04	5.21e-04
 7.42890e+15	9.67e-03	3.87e-01	6.03e-01	4.32e-06	0.00e+00	0.00e+00	0.00e+00	0.00e+00	0.00e+00	7.94e-03	1.11e-03	6.15e-04
 7.59862e+15	1.15e-02	4.26e-01	5.63e-01	3.33e-06	0.00e+00	0.00e+00	0.00e+00	0.00e+00	0.00e+00	9.44e-03	1.32e-03	7.36e-04
 7.74262e+15	1.34e-02	4.61e-01	5.26e-01	2.65e-06	0.00e+00	0.00e+00	0.00e+00	0.00e+00	0.00e+00	1.10e-02	1.54e-03	8.60e-04
 7.87273e+15	1.53e-02	4.94e-01	4.91e-01	2.14e-06	0.00e+00	0.00e+00	0.00e+00	0.00e+00	0.00e+00	1.25e-02	1.77e-03	9.91e-04
 8.01171e+15	1.76e-02	5.30e-01	4.52e-01	1.68e-06	0.00e+00	0.00e+00	0.00e+00	0.00e+00	0.00e+00	1.44e-02	2.05e-03	1.15e-03
 8.14992e+15	2.04e-02	5.68e-01	4.12e-01	1.31e-06	0.00e+00	0.00e+00	0.00e+00	0.00e+00	0.00e+00	1.67e-02	2.39e-03	1.34e-03
 8.27698e+15	2.34e-02	6.02e-01	3.75e-01	1.03e-06	0.00e+00	0.00e+00	0.00e+00	0.00e+00	0.00e+00	1.91e-02	2.74e-03	1.55e-03
 8.40697e+15	2.68e-02	6.37e-01	3.36e-01	7.93e-07	0.00e+00	0.00e+00	0.00e+00	0.00e+00	0.00e+00	2.18e-02	3.15e-03	1.79e-03
 8.54346e+15	3.09e-02	6.73e-01	2.96e-01	5.95e-07	0.00e+00	0.00e+00	0.00e+00	0.00e+00	0.00e+00	2.52e-02	3.66e-03	2.08e-03
 8.69403e+15	3.62e-02	7.10e-01	2.54e-01	4.26e-07	0.00e+00	0.00e+00	0.00e+00	0.00e+00	0.00e+00	2.94e-02	4.29e-03	2.45e-03
 8.87247e+15	4.34e-02	7.49e-01	2.08e-01	2.80e-07	0.00e+00	0.00e+00	0.00e+00	0.00e+00	0.00e+00	3.52e-02	5.17e-03	2.97e-03
 9.06456e+15	5.30e-02	7.84e-01	1.63e-01	1.73e-07	0.00e+00	0.00e+00	0.00e+00	0.00e+00	0.00e+00	4.30e-02	6.35e-03	3.66e-03
 9.23964e+15	6.41e-02	8.09e-01	1.26e-01	0.00e+00	0.00e+00	0.00e+00	0.00e+00	0.00e+00	0.00e+00	5.20e-02	7.70e-03	4.46e-03
 9.39011e+15	7.57e-02	8.25e-01	9.96e-02	0.00e+00	0.00e+00	0.00e+00	0.00e+00	0.00e+00	0.00e+00	6.13e-02	9.10e-03	5.29e-03
 9.52969e+15	8.81e-02	8.33e-01	7.87e-02	0.00e+00	0.00e+00	0.00e+00	0.00e+00	0.00e+00	0.00e+00	7.13e-02	1.06e-02	6.19e-03
 9.68908e+15	1.04e-01	8.37e-01	5.95e-02	0.00e+00	0.00e+00	0.00e+00	0.00e+00	0.00e+00	0.00e+00	8.39e-02	1.25e-02	7.35e-03
 9.85865e+15	1.27e-01	8.31e-01	4.25e-02	0.00e+00	0.00e+00	0.00e+00	0.00e+00	0.00e+00	0.00e+00	1.02e-01	1.52e-02	9.01e-03
 9.99876e+15	1.52e-01	8.17e-01	3.10e-02	0.00e+00	0.00e+00	0.00e+00	0.00e+00	0.00e+00	0.00e+00	1.23e-01	1.82e-02	1.08e-02
 1.01053e+16	1.75e-01	8.01e-01	2.39e-02	0.00e+00	0.00e+00	0.00e+00	0.00e+00	0.00e+00	0.00e+00	1.42e-01	2.08e-02	1.25e-02
 1.01902e+16	1.96e-01	7.85e-01	1.92e-02	0.00e+00	0.00e+00	0.00e+00	0.00e+00	0.00e+00	0.00e+00	1.59e-01	2.32e-02	1.40e-02
 1.02711e+16	2.18e-01	7.66e-01	1.56e-02	0.00e+00	0.00e+00	0.00e+00	0.00e+00	0.00e+00	0.00e+00	1.77e-01	2.57e-02	1.55e-02
 1.03591e+16	2.45e-01	7.43e-01	1.23e-02	0.00e+00	0.00e+00	0.00e+00	0.00e+00	0.00e+00	0.00e+00	1.99e-01	2.85e-02	1.74e-02
 1.04528e+16	2.77e-01	7.13e-01	9.35e-03	0.00e+00	0.00e+00	0.00e+00	0.00e+00	0.00e+00	0.00e+00	2.26e-01	3.19e-02	1.96e-02
 1.05419e+16	3.14e-01	6.79e-01	7.07e-03	0.00e+00	0.00e+00	0.00e+00	0.00e+00	0.00e+00	0.00e+00	2.57e-01	3.56e-02	2.21e-02
 1.06172e+16	3.50e-01	6.45e-01	5.50e-03	0.00e+00	0.00e+00	0.00e+00	0.00e+00	0.00e+00	0.00e+00	2.87e-01	3.89e-02	2.44e-02
 1.06793e+16	3.81e-01	6.15e-01	4.44e-03	0.00e+00	0.00e+00	0.00e+00	0.00e+00	0.00e+00	0.00e+00	3.13e-01	4.16e-02	2.63e-02
 1.07368e+16	4.11e-01	5.86e-01	3.63e-03	0.00e+00	0.00e+00	0.00e+00	0.00e+00	0.00e+00	0.00e+00	3.39e-01	4.40e-02	2.80e-02
 1.07948e+16	4.42e-01	5.55e-01	2.95e-03	0.00e+00	0.00e+00	0.00e+00	0.00e+00	0.00e+00	0.00e+00	3.66e-01	4.63e-02	2.98e-02
 1.08516e+16	4.73e-01	5.25e-01	2.40e-03	0.00e+00	0.00e+00	0.00e+00	0.00e+00	0.00e+00	0.00e+00	3.93e-01	4.85e-02	3.14e-02
 1.09009e+16	5.02e-01	4.96e-01	1.99e-03	0.00e+00	0.00e+00	0.00e+00	0.00e+00	0.00e+00	0.00e+00	4.18e-01	5.02e-02	3.29e-02
 1.09415e+16	5.25e-01	4.73e-01	1.70e-03	0.00e+00	0.00e+00	0.00e+00	0.00e+00	0.00e+00	0.00e+00	4.39e-01	5.15e-02	3.40e-02
 1.09792e+16	5.46e-01	4.53e-01	1.48e-03	0.00e+00	0.00e+00	0.00e+00	0.00e+00	0.00e+00	0.00e+00	4.58e-01	5.26e-02	3.49e-02
 1.10180e+16	5.68e-01	4.31e-01	1.27e-03	0.00e+00	0.00e+00	0.00e+00	0.00e+00	0.00e+00	0.00e+00	4.78e-01	5.36e-02	3.58e-02
 1.10578e+16	5.90e-01	4.09e-01	1.09e-03	0.00e+00	0.00e+00	0.00e+00	0.00e+00	0.00e+00	0.00e+00	4.99e-01	5.44e-02	3.67e-02
 1.10889e+16	6.08e-01	3.91e-01	9.61e-04	0.00e+00	0.00e+00	0.00e+00	0.00e+00	0.00e+00	0.00e+00	5.16e-01	5.50e-02	3.73e-02
 1.11081e+16	6.18e-01	3.81e-01	8.91e-04	0.00e+00	0.00e+00	0.00e+00	0.00e+00	0.00e+00	0.00e+00	5.25e-01	5.53e-02	3.76e-02
 1.11252e+16	6.27e-01	3.72e-01	8.34e-04	0.00e+00	0.00e+00	0.00e+00	0.00e+00	0.00e+00	0.00e+00	5.34e-01	5.55e-02	3.79e-02
 1.11463e+16	6.38e-01	3.62e-01	7.69e-04	0.00e+00	0.00e+00	0.00e+00	0.00e+00	0.00e+00	0.00e+00	5.44e-01	5.58e-02	3.82e-02
 1.11719e+16	6.51e-01	3.48e-01	6.95e-04	0.00e+00	0.00e+00	0.00e+00	0.00e+00	0.00e+00	0.00e+00	5.56e-01	5.60e-02	3.85e-02
 1.11979e+16	6.64e-01	3.36e-01	6.27e-04	0.00e+00	0.00e+00	0.00e+00	0.00e+00	0.00e+00	0.00e+00	5.69e-01	5.62e-02	3.89e-02
 1.12211e+16	6.75e-01	3.24e-01	5.72e-04	0.00e+00	0.00e+00	0.00e+00	0.00e+00	0.00e+00	0.00e+00	5.80e-01	5.63e-02	3.91e-02
 1.12430e+16	6.86e-01	3.14e-01	5.24e-04	0.00e+00	0.00e+00	0.00e+00	0.00e+00	0.00e+00	0.00e+00	5.90e-01	5.63e-02	3.93e-02
 1.12654e+16	6.96e-01	3.03e-01	4.80e-04	0.00e+00	0.00e+00	0.00e+00	0.00e+00	0.00e+00	0.00e+00	6.00e-01	5.64e-02	3.95e-02
 1.12890e+16	7.07e-01	2.93e-01	4.37e-04	0.00e+00	0.00e+00	0.00e+00	0.00e+00	0.00e+00	0.00e+00	6.11e-01	5.63e-02	3.96e-02
 1.13135e+16	7.18e-01	2.82e-01	3.97e-04	0.00e+00	0.00e+00	0.00e+00	0.00e+00	0.00e+00	0.00e+00	6.22e-01	5.63e-02	3.98e-02
 1.13376e+16	7.28e-01	2.71e-01	3.61e-04	0.00e+00	0.00e+00	0.00e+00	0.00e+00	0.00e+00	0.00e+00	6.32e-01	5.62e-02	3.99e-02
 1.13612e+16	7.38e-01	2.62e-01	3.29e-04	0.00e+00	0.00e+00	0.00e+00	0.00e+00	0.00e+00	0.00e+00	6.42e-01	5.60e-02	3.99e-02
 1.13850e+16	7.48e-01	2.52e-01	2.99e-04	0.00e+00	0.00e+00	0.00e+00	0.00e+00	0.00e+00	0.00e+00	6.52e-01	5.59e-02	4.00e-02
 1.14093e+16	7.57e-01	2.43e-01	2.72e-04	0.00e+00	0.00e+00	0.00e+00	0.00e+00	0.00e+00	0.00e+00	6.62e-01	5.56e-02	4.00e-02
 1.14339e+16	7.66e-01	2.33e-01	2.47e-04	0.00e+00	0.00e+00	0.00e+00	0.00e+00	0.00e+00	0.00e+00	6.71e-01	5.54e-02	4.00e-02
 1.14587e+16	7.75e-01	2.24e-01	2.24e-04	0.00e+00	0.00e+00	0.00e+00	0.00e+00	0.00e+00	0.00e+00	6.80e-01	5.51e-02	3.99e-02
 1.14836e+16	7.84e-01	2.16e-01	2.03e-04	0.00e+00	0.00e+00	0.00e+00	0.00e+00	0.00e+00	0.00e+00	6.90e-01	5.48e-02	3.99e-02
 1.15088e+16	7.93e-01	2.07e-01	1.84e-04	0.00e+00	0.00e+00	0.00e+00	0.00e+00	0.00e+00	0.00e+00	6.98e-01	5.45e-02	3.98e-02
 1.15343e+16	8.01e-01	1.99e-01	1.67e-04	0.00e+00	0.00e+00	0.00e+00	0.00e+00	0.00e+00	0.00e+00	7.07e-01	5.41e-02	3.97e-02
 1.15602e+16	8.09e-01	1.91e-01	1.51e-04	0.00e+00	0.00e+00	0.00e+00	0.00e+00	0.00e+00	0.00e+00	7.16e-01	5.37e-02	3.95e-02
 1.15864e+16	8.17e-01	1.83e-01	1.36e-04	0.00e+00	0.00e+00	0.00e+00	0.00e+00	0.00e+00	0.00e+00	7.24e-01	5.33e-02	3.94e-02
 1.16127e+16	8.24e-01	1.76e-01	1.23e-04	0.00e+00	0.00e+00	0.00e+00	0.00e+00	0.00e+00	0.00e+00	7.32e-01	5.29e-02	3.92e-02
 1.16395e+16	8.31e-01	1.69e-01	1.11e-04	0.00e+00	0.00e+00	0.00e+00	0.00e+00	0.00e+00	0.00e+00	7.40e-01	5.25e-02	3.90e-02
 1.16667e+16	8.38e-01	1.62e-01	1.00e-04	0.00e+00	0.00e+00	0.00e+00	0.00e+00	0.00e+00	0.00e+00	7.47e-01	5.20e-02	3.89e-02
 1.16941e+16	8.45e-01	1.55e-01	9.02e-05	0.00e+00	0.00e+00	0.00e+00	0.00e+00	0.00e+00	0.00e+00	7.55e-01	5.16e-02	3.86e-02
 1.17219e+16	8.51e-01	1.48e-01	8.13e-05	0.00e+00	0.00e+00	0.00e+00	0.00e+00	0.00e+00	0.00e+00	7.62e-01	5.11e-02	3.84e-02
 1.17502e+16	8.58e-01	1.42e-01	7.30e-05	0.00e+00	0.00e+00	0.00e+00	0.00e+00	0.00e+00	0.00e+00	7.69e-01	5.06e-02	3.82e-02
 1.17789e+16	8.64e-01	1.36e-01	6.56e-05	0.00e+00	0.00e+00	0.00e+00	0.00e+00	0.00e+00	0.00e+00	7.76e-01	5.01e-02	3.79e-02
 1.18079e+16	8.70e-01	1.30e-01	5.89e-05	0.00e+00	0.00e+00	0.00e+00	0.00e+00	0.00e+00	0.00e+00	7.82e-01	4.97e-02	3.77e-02
 1.18375e+16	8.75e-01	1.25e-01	5.27e-05	0.00e+00	0.00e+00	0.00e+00	0.00e+00	0.00e+00	0.00e+00	7.89e-01	4.92e-02	3.74e-02
 1.18677e+16	8.81e-01	1.19e-01	4.72e-05	0.00e+00	0.00e+00	0.00e+00	0.00e+00	0.00e+00	0.00e+00	7.95e-01	4.87e-02	3.71e-02
 1.18981e+16	8.86e-01	1.14e-01	4.22e-05	0.00e+00	0.00e+00	0.00e+00	0.00e+00	0.00e+00	0.00e+00	8.01e-01	4.82e-02	3.69e-02
 1.19287e+16	8.91e-01	1.09e-01	3.77e-05	0.00e+00	0.00e+00	0.00e+00	0.00e+00	0.00e+00	0.00e+00	8.07e-01	4.77e-02	3.66e-02
 1.19594e+16	8.96e-01	1.04e-01	3.38e-05	0.00e+00	0.00e+00	0.00e+00	0.00e+00	0.00e+00	0.00e+00	8.12e-01	4.72e-02	3.63e-02
 1.19902e+16	9.00e-01	9.98e-02	3.02e-05	0.00e+00	0.00e+00	0.00e+00	0.00e+00	0.00e+00	0.00e+00	8.17e-01	4.67e-02	3.61e-02
 1.20216e+16	9.04e-01	9.55e-02	2.70e-05	0.00e+00	0.00e+00	0.00e+00	0.00e+00	0.00e+00	0.00e+00	8.22e-01	4.63e-02	3.58e-02
 1.20533e+16	9.09e-01	9.13e-02	2.41e-05	0.00e+00	0.00e+00	0.00e+00	0.00e+00	0.00e+00	0.00e+00	8.27e-01	4.58e-02	3.55e-02
 1.20853e+16	9.13e-01	8.74e-02	2.15e-05	0.00e+00	0.00e+00	0.00e+00	0.00e+00	0.00e+00	0.00e+00	8.32e-01	4.54e-02	3.52e-02
 1.21172e+16	9.16e-01	8.37e-02	1.92e-05	0.00e+00	0.00e+00	0.00e+00	0.00e+00	0.00e+00	0.00e+00	8.36e-01	4.49e-02	3.50e-02
 1.21488e+16	9.20e-01	8.01e-02	1.72e-05	0.00e+00	0.00e+00	0.00e+00	0.00e+00	0.00e+00	0.00e+00	8.41e-01	4.45e-02	3.47e-02
 1.21810e+16	9.23e-01	7.68e-02	1.53e-05	0.00e+00	0.00e+00	0.00e+00	0.00e+00	0.00e+00	0.00e+00	8.45e-01	4.41e-02	3.44e-02
 1.22138e+16	9.26e-01	7.35e-02	1.37e-05	0.00e+00	0.00e+00	0.00e+00	0.00e+00	0.00e+00	0.00e+00	8.49e-01	4.37e-02	3.42e-02
 1.22467e+16	9.30e-01	7.04e-02	1.22e-05	0.00e+00	0.00e+00	0.00e+00	0.00e+00	0.00e+00	0.00e+00	8.52e-01	4.33e-02	3.39e-02
 1.22794e+16	9.32e-01	6.75e-02	1.09e-05	0.00e+00	0.00e+00	0.00e+00	0.00e+00	0.00e+00	0.00e+00	8.56e-01	4.29e-02	3.37e-02
 1.23120e+16	9.35e-01	6.47e-02	9.73e-06	0.00e+00	0.00e+00	0.00e+00	0.00e+00	0.00e+00	0.00e+00	8.59e-01	4.25e-02	3.35e-02
 1.23450e+16	9.38e-01	6.21e-02	8.69e-06	0.00e+00	0.00e+00	0.00e+00	0.00e+00	0.00e+00	0.00e+00	8.62e-01	4.22e-02	3.32e-02
 1.23786e+16	9.40e-01	5.95e-02	7.74e-06	0.00e+00	0.00e+00	0.00e+00	0.00e+00	0.00e+00	0.00e+00	8.66e-01	4.18e-02	3.30e-02
 1.24120e+16	9.43e-01	5.70e-02	6.91e-06	0.00e+00	0.00e+00	0.00e+00	0.00e+00	0.00e+00	0.00e+00	8.69e-01	4.15e-02	3.28e-02
 1.24455e+16	9.45e-01	5.47e-02	6.17e-06	0.00e+00	0.00e+00	0.00e+00	0.00e+00	0.00e+00	0.00e+00	8.72e-01	4.12e-02	3.26e-02
 1.24793e+16	9.47e-01	5.25e-02	5.50e-06	0.00e+00	0.00e+00	0.00e+00	0.00e+00	0.00e+00	0.00e+00	8.74e-01	4.08e-02	3.24e-02
 1.25129e+16	9.50e-01	5.04e-02	4.91e-06	0.00e+00	0.00e+00	0.00e+00	0.00e+00	0.00e+00	0.00e+00	8.77e-01	4.05e-02	3.21e-02
 1.25468e+16	9.52e-01	4.84e-02	4.39e-06	0.00e+00	0.00e+00	0.00e+00	0.00e+00	0.00e+00	0.00e+00	8.79e-01	4.02e-02	3.20e-02
 1.25809e+16	9.54e-01	4.64e-02	3.91e-06	0.00e+00	0.00e+00	0.00e+00	0.00e+00	0.00e+00	0.00e+00	8.82e-01	3.99e-02	3.18e-02
 1.26152e+16	9.55e-01	4.46e-02	3.49e-06	0.00e+00	0.00e+00	0.00e+00	0.00e+00	0.00e+00	0.00e+00	8.84e-01	3.97e-02	3.16e-02
 1.26494e+16	9.57e-01	4.28e-02	3.11e-06	0.00e+00	0.00e+00	0.00e+00	0.00e+00	0.00e+00	0.00e+00	8.86e-01	3.94e-02	3.14e-02
 1.26834e+16	9.59e-01	4.11e-02	2.78e-06	0.00e+00	0.00e+00	0.00e+00	0.00e+00	0.00e+00	0.00e+00	8.89e-01	3.91e-02	3.12e-02
 1.27176e+16	9.60e-01	3.95e-02	2.49e-06	0.00e+00	0.00e+00	0.00e+00	0.00e+00	0.00e+00	0.00e+00	8.91e-01	3.89e-02	3.10e-02
 1.27524e+16	9.62e-01	3.80e-02	2.22e-06	0.00e+00	0.00e+00	0.00e+00	0.00e+00	0.00e+00	0.00e+00	8.93e-01	3.86e-02	3.09e-02
 1.27871e+16	9.64e-01	3.65e-02	1.98e-06	0.00e+00	0.00e+00	0.00e+00	0.00e+00	0.00e+00	0.00e+00	8.94e-01	3.84e-02	3.07e-02
 1.28213e+16	9.65e-01	3.50e-02	1.77e-06	0.00e+00	0.00e+00	0.00e+00	0.00e+00	0.00e+00	0.00e+00	8.96e-01	3.81e-02	3.05e-02
 1.28555e+16	9.66e-01	3.37e-02	1.58e-06	0.00e+00	0.00e+00	0.00e+00	0.00e+00	0.00e+00	0.00e+00	8.98e-01	3.79e-02	3.04e-02
 1.28899e+16	9.68e-01	3.24e-02	1.42e-06	0.00e+00	0.00e+00	0.00e+00	0.00e+00	0.00e+00	0.00e+00	9.00e-01	3.77e-02	3.02e-02
 1.29242e+16	9.69e-01	3.11e-02	1.27e-06	0.00e+00	0.00e+00	0.00e+00	0.00e+00	0.00e+00	0.00e+00	9.01e-01	3.74e-02	3.00e-02
 1.29587e+16	9.70e-01	2.99e-02	1.13e-06	0.00e+00	0.00e+00	0.00e+00	0.00e+00	0.00e+00	0.00e+00	9.03e-01	3.72e-02	2.99e-02
 1.29932e+16	9.71e-01	2.87e-02	1.01e-06	0.00e+00	0.00e+00	0.00e+00	0.00e+00	0.00e+00	0.00e+00	9.05e-01	3.70e-02	2.97e-02
 1.30273e+16	9.72e-01	2.76e-02	9.08e-07	0.00e+00	0.00e+00	0.00e+00	0.00e+00	0.00e+00	0.00e+00	9.06e-01	3.68e-02	2.96e-02
 1.30607e+16	9.73e-01	2.66e-02	8.16e-07	0.00e+00	0.00e+00	0.00e+00	0.00e+00	0.00e+00	0.00e+00	9.07e-01	3.66e-02	2.94e-02
 1.30938e+16	9.74e-01	2.55e-02	7.34e-07	0.00e+00	0.00e+00	0.00e+00	0.00e+00	0.00e+00	0.00e+00	9.09e-01	3.64e-02	2.93e-02
 1.31270e+16	9.75e-01	2.45e-02	6.60e-07	0.00e+00	0.00e+00	0.00e+00	0.00e+00	0.00e+00	0.00e+00	9.10e-01	3.62e-02	2.91e-02
 1.31574e+16	9.76e-01	2.36e-02	6.00e-07	0.00e+00	0.00e+00	0.00e+00	0.00e+00	0.00e+00	0.00e+00	9.11e-01	3.60e-02	2.90e-02
 1.31820e+16	9.77e-01	2.29e-02	5.56e-07	0.00e+00	0.00e+00	0.00e+00	0.00e+00	0.00e+00	0.00e+00	9.12e-01	3.58e-02	2.88e-02
 1.32012e+16	9.78e-01	2.24e-02	5.26e-07	0.00e+00	0.00e+00	0.00e+00	0.00e+00	0.00e+00	0.00e+00	9.13e-01	3.57e-02	2.87e-02
 1.32185e+16	9.78e-01	2.20e-02	4.99e-07	0.00e+00	0.00e+00	0.00e+00	0.00e+00	0.00e+00	0.00e+00	9.14e-01	3.56e-02	2.86e-02
 1.32365e+16	9.78e-01	2.15e-02	4.73e-07	0.00e+00	0.00e+00	0.00e+00	0.00e+00	0.00e+00	0.00e+00	9.14e-01	3.55e-02	2.85e-02
 1.32558e+16	9.79e-01	2.10e-02	4.45e-07	0.00e+00	0.00e+00	0.00e+00	0.00e+00	0.00e+00	0.00e+00	9.15e-01	3.54e-02	2.84e-02
 1.32743e+16	9.80e-01	2.05e-02	4.21e-07	0.00e+00	0.00e+00	0.00e+00	0.00e+00	0.00e+00	0.00e+00	9.16e-01	3.52e-02	2.83e-02
 1.32888e+16	9.80e-01	2.01e-02	4.03e-07	0.00e+00	0.00e+00	0.00e+00	0.00e+00	0.00e+00	0.00e+00	9.17e-01	3.51e-02	2.82e-02
 1.32998e+16	9.80e-01	1.98e-02	3.90e-07	0.00e+00	0.00e+00	0.00e+00	0.00e+00	0.00e+00	0.00e+00	9.17e-01	3.50e-02	2.82e-02
 1.33101e+16	9.80e-01	1.96e-02	3.78e-07	0.00e+00	0.00e+00	0.00e+00	0.00e+00	0.00e+00	0.00e+00	9.17e-01	3.49e-02	2.81e-02
 1.33214e+16	9.81e-01	1.93e-02	3.66e-07	0.00e+00	0.00e+00	0.00e+00	0.00e+00	0.00e+00	0.00e+00	9.18e-01	3.49e-02	2.80e-02
 1.33331e+16	9.81e-01	1.89e-02	3.53e-07	0.00e+00	0.00e+00	0.00e+00	0.00e+00	0.00e+00	0.00e+00	9.18e-01	3.48e-02	2.79e-02
 1.33439e+16	9.81e-01	1.86e-02	3.41e-07	0.00e+00	0.00e+00	0.00e+00	0.00e+00	0.00e+00	0.00e+00	9.19e-01	3.47e-02	2.78e-02
 1.33533e+16	9.82e-01	1.84e-02	3.32e-07	0.00e+00	0.00e+00	0.00e+00	0.00e+00	0.00e+00	0.00e+00	9.19e-01	3.46e-02	2.78e-02
 1.33615e+16	9.82e-01	1.82e-02	3.24e-07	0.00e+00	0.00e+00	0.00e+00	0.00e+00	0.00e+00	0.00e+00	9.20e-01	3.45e-02	2.77e-02
 1.33694e+16	9.82e-01	1.79e-02	3.16e-07	0.00e+00	0.00e+00	0.00e+00	0.00e+00	0.00e+00	0.00e+00	9.20e-01	3.44e-02	2.76e-02
 1.33782e+16	9.82e-01	1.77e-02	3.08e-07	0.00e+00	0.00e+00	0.00e+00	0.00e+00	0.00e+00	0.00e+00	9.20e-01	3.43e-02	2.75e-02
 1.33868e+16	9.83e-01	1.74e-02	3.00e-07	0.00e+00	0.00e+00	0.00e+00	0.00e+00	0.00e+00	0.00e+00	9.21e-01	3.42e-02	2.74e-02
 1.33945e+16	9.83e-01	1.72e-02	2.93e-07	0.00e+00	0.00e+00	0.00e+00	0.00e+00	0.00e+00	0.00e+00	9.21e-01	3.42e-02	2.74e-02
 1.34017e+16	9.83e-01	1.70e-02	2.86e-07	0.00e+00	0.00e+00	0.00e+00	0.00e+00	0.00e+00	0.00e+00	9.22e-01	3.41e-02	2.73e-02
 1.34091e+16	9.83e-01	1.67e-02	2.80e-07	0.00e+00	0.00e+00	0.00e+00	0.00e+00	0.00e+00	0.00e+00	9.22e-01	3.40e-02	2.72e-02
 1.34171e+16	9.83e-01	1.65e-02	2.72e-07	0.00e+00	0.00e+00	0.00e+00	0.00e+00	0.00e+00	0.00e+00	9.23e-01	3.39e-02	2.71e-02
 1.34256e+16	9.84e-01	1.62e-02	2.65e-07	0.00e+00	0.00e+00	0.00e+00	0.00e+00	0.00e+00	0.00e+00	9.23e-01	3.38e-02	2.70e-02
 1.34347e+16	9.84e-01	1.59e-02	2.58e-07	0.00e+00	0.00e+00	0.00e+00	0.00e+00	0.00e+00	0.00e+00	9.23e-01	3.37e-02	2.69e-02
 1.34445e+16	9.84e-01	1.56e-02	2.49e-07	0.00e+00	0.00e+00	0.00e+00	0.00e+00	0.00e+00	0.00e+00	9.24e-01	3.35e-02	2.68e-02
 1.34549e+16	9.85e-01	1.52e-02	2.40e-07	0.00e+00	0.00e+00	0.00e+00	0.00e+00	0.00e+00	0.00e+00	9.25e-01	3.34e-02	2.66e-02
 1.34651e+16	9.85e-01	1.49e-02	2.32e-07	0.00e+00	0.00e+00	0.00e+00	0.00e+00	0.00e+00	0.00e+00	9.25e-01	3.32e-02	2.65e-02
 1.34743e+16	9.85e-01	1.46e-02	2.25e-07	0.00e+00	0.00e+00	0.00e+00	0.00e+00	0.00e+00	0.00e+00	9.26e-01	3.30e-02	2.63e-02
 1.34827e+16	9.86e-01	1.43e-02	2.18e-07	0.00e+00	0.00e+00	0.00e+00	0.00e+00	0.00e+00	0.00e+00	9.27e-01	3.29e-02	2.62e-02
 1.34903e+16	9.86e-01	1.40e-02	2.12e-07	0.00e+00	0.00e+00	0.00e+00	0.00e+00	0.00e+00	0.00e+00	9.27e-01	3.28e-02	2.60e-02
 1.34972e+16	9.86e-01	1.37e-02	2.06e-07	0.00e+00	0.00e+00	0.00e+00	0.00e+00	0.00e+00	0.00e+00	9.28e-01	3.26e-02	2.59e-02
 1.35036e+16	9.87e-01	1.35e-02	2.01e-07	0.00e+00	0.00e+00	0.00e+00	0.00e+00	0.00e+00	0.00e+00	9.28e-01	3.25e-02	2.58e-02
 1.35093e+16	9.87e-01	1.33e-02	1.97e-07	0.00e+00	0.00e+00	0.00e+00	0.00e+00	0.00e+00	0.00e+00	9.29e-01	3.24e-02	2.57e-02
 1.35145e+16	9.87e-01	1.31e-02	1.93e-07	0.00e+00	0.00e+00	0.00e+00	0.00e+00	0.00e+00	0.00e+00	9.29e-01	3.22e-02	2.56e-02
 1.35193e+16	9.87e-01	1.29e-02	1.89e-07	0.00e+00	0.00e+00	0.00e+00	0.00e+00	0.00e+00	0.00e+00	9.29e-01	3.21e-02	2.55e-02
 1.35236e+16	9.87e-01	1.28e-02	1.86e-07	0.00e+00	0.00e+00	0.00e+00	0.00e+00	0.00e+00	0.00e+00	9.30e-01	3.20e-02	2.54e-02
 1.35284e+16	9.87e-01	1.26e-02	1.82e-07	0.00e+00	0.00e+00	0.00e+00	0.00e+00	0.00e+00	0.00e+00	9.30e-01	3.19e-02	2.53e-02
 1.35346e+16	9.88e-01	1.24e-02	1.78e-07	0.00e+00	0.00e+00	0.00e+00	0.00e+00	0.00e+00	0.00e+00	9.31e-01	3.18e-02	2.52e-02
 1.35412e+16	9.88e-01	1.22e-02	1.73e-07	0.00e+00	0.00e+00	0.00e+00	0.00e+00	0.00e+00	0.00e+00	9.31e-01	3.16e-02	2.51e-02
 1.35473e+16	9.88e-01	1.19e-02	1.68e-07	0.00e+00	0.00e+00	0.00e+00	0.00e+00	0.00e+00	0.00e+00	9.32e-01	3.14e-02	2.50e-02
 1.35528e+16	9.88e-01	1.18e-02	1.64e-07	0.00e+00	0.00e+00	0.00e+00	0.00e+00	0.00e+00	0.00e+00	9.32e-01	3.13e-02	2.49e-02
 1.35578e+16	9.88e-01	1.16e-02	1.61e-07	0.00e+00	0.00e+00	0.00e+00	0.00e+00	0.00e+00	0.00e+00	9.32e-01	3.12e-02	2.48e-02
 1.35633e+16	9.89e-01	1.15e-02	1.57e-07	0.00e+00	0.00e+00	0.00e+00	0.00e+00	0.00e+00	0.00e+00	9.33e-01	3.11e-02	2.47e-02
 1.35705e+16	9.89e-01	1.13e-02	1.52e-07	0.00e+00	0.00e+00	0.00e+00	0.00e+00	0.00e+00	0.00e+00	9.33e-01	3.09e-02	2.46e-02
 1.35782e+16	9.89e-01	1.10e-02	1.47e-07	0.00e+00	0.00e+00	0.00e+00	0.00e+00	0.00e+00	0.00e+00	9.34e-01	3.08e-02	2.44e-02
 1.35852e+16	9.89e-01	1.08e-02	1.43e-07	0.00e+00	0.00e+00	0.00e+00	0.00e+00	0.00e+00	0.00e+00	9.34e-01	3.06e-02	2.43e-02
 1.35916e+16	9.89e-01	1.06e-02	1.39e-07	0.00e+00	0.00e+00	0.00e+00	0.00e+00	0.00e+00	0.00e+00	9.35e-01	3.05e-02	2.42e-02
 1.35975e+16	9.90e-01	1.05e-02	1.35e-07	0.00e+00	0.00e+00	0.00e+00	0.00e+00	0.00e+00	0.00e+00	9.35e-01	3.04e-02	2.40e-02
 1.36027e+16	9.90e-01	1.03e-02	1.31e-07	0.00e+00	0.00e+00	0.00e+00	0.00e+00	0.00e+00	0.00e+00	9.36e-01	3.02e-02	2.39e-02
 1.36076e+16	9.90e-01	1.02e-02	1.28e-07	0.00e+00	0.00e+00	0.00e+00	0.00e+00	0.00e+00	0.00e+00	9.36e-01	3.01e-02	2.38e-02
 1.36120e+16	9.90e-01	1.00e-02	1.26e-07	0.00e+00	0.00e+00	0.00e+00	0.00e+00	0.00e+00	0.00e+00	9.36e-01	3.00e-02	2.37e-02
 1.36168e+16	9.90e-01	9.89e-03	1.23e-07	0.00e+00	0.00e+00	0.00e+00	0.00e+00	0.00e+00	0.00e+00	9.37e-01	2.99e-02	2.36e-02
 1.36230e+16	9.90e-01	9.72e-03	1.19e-07	0.00e+00	0.00e+00	0.00e+00	0.00e+00	0.00e+00	0.00e+00	9.37e-01	2.98e-02	2.35e-02
 1.36298e+16	9.90e-01	9.51e-03	1.15e-07	0.00e+00	0.00e+00	0.00e+00	0.00e+00	0.00e+00	0.00e+00	9.38e-01	2.96e-02	2.33e-02
 1.36359e+16	9.91e-01	9.31e-03	1.10e-07	0.00e+00	0.00e+00	0.00e+00	0.00e+00	0.00e+00	0.00e+00	9.38e-01	2.94e-02	2.32e-02
 1.36415e+16	9.91e-01	9.15e-03	1.07e-07	0.00e+00	0.00e+00	0.00e+00	0.00e+00	0.00e+00	0.00e+00	9.39e-01	2.93e-02	2.30e-02
 1.36466e+16	9.91e-01	8.99e-03	1.04e-07	0.00e+00	0.00e+00	0.00e+00	0.00e+00	0.00e+00	0.00e+00	9.39e-01	2.91e-02	2.29e-02
 1.36512e+16	9.91e-01	8.84e-03	1.01e-07	0.00e+00	0.00e+00	0.00e+00	0.00e+00	0.00e+00	0.00e+00	9.39e-01	2.90e-02	2.27e-02
 1.36554e+16	9.91e-01	8.71e-03	9.83e-08	0.00e+00	0.00e+00	0.00e+00	0.00e+00	0.00e+00	0.00e+00	9.40e-01	2.88e-02	2.26e-02
 1.36592e+16	9.91e-01	8.59e-03	9.61e-08	0.00e+00	0.00e+00	0.00e+00	0.00e+00	0.00e+00	0.00e+00	9.40e-01	2.87e-02	2.25e-02
 1.36627e+16	9.92e-01	8.49e-03	9.41e-08	0.00e+00	0.00e+00	0.00e+00	0.00e+00	0.00e+00	0.00e+00	9.41e-01	2.86e-02	2.24e-02
 1.36665e+16	9.92e-01	8.38e-03	9.20e-08	0.00e+00	0.00e+00	0.00e+00	0.00e+00	0.00e+00	0.00e+00	9.41e-01	2.85e-02	2.23e-02
 1.36715e+16	9.92e-01	8.23e-03	8.91e-08	0.00e+00	0.00e+00	0.00e+00	0.00e+00	0.00e+00	0.00e+00	9.41e-01	2.83e-02	2.21e-02
 1.36769e+16	9.92e-01	8.07e-03	8.63e-08	0.00e+00	0.00e+00	0.00e+00	0.00e+00	0.00e+00	0.00e+00	9.42e-01	2.82e-02	2.19e-02
 1.36817e+16	9.92e-01	7.94e-03	8.38e-08	0.00e+00	0.00e+00	0.00e+00	0.00e+00	0.00e+00	0.00e+00	9.42e-01	2.80e-02	2.18e-02
 1.36862e+16	9.92e-01	7.81e-03	8.16e-08	0.00e+00	0.00e+00	0.00e+00	0.00e+00	0.00e+00	0.00e+00	9.43e-01	2.79e-02	2.16e-02
 1.36902e+16	9.92e-01	7.69e-03	7.96e-08	0.00e+00	0.00e+00	0.00e+00	0.00e+00	0.00e+00	0.00e+00	9.43e-01	2.77e-02	2.15e-02
 1.36939e+16	9.92e-01	7.59e-03	7.77e-08	0.00e+00	0.00e+00	0.00e+00	0.00e+00	0.00e+00	0.00e+00	9.43e-01	2.76e-02	2.14e-02
 1.36972e+16	9.93e-01	7.50e-03	7.61e-08	0.00e+00	0.00e+00	0.00e+00	0.00e+00	0.00e+00	0.00e+00	9.44e-01	2.75e-02	2.13e-02
 1.37009e+16	9.93e-01	7.39e-03	7.44e-08	0.00e+00	0.00e+00	0.00e+00	0.00e+00	0.00e+00	0.00e+00	9.44e-01	2.74e-02	2.11e-02
 1.37057e+16	9.93e-01	7.27e-03	7.22e-08	0.00e+00	0.00e+00	0.00e+00	0.00e+00	0.00e+00	0.00e+00	9.45e-01	2.72e-02	2.10e-02
 1.37108e+16	9.93e-01	7.17e-03	7.03e-08	0.00e+00	0.00e+00	0.00e+00	0.00e+00	0.00e+00	0.00e+00	9.45e-01	2.69e-02	2.08e-02
 1.37164e+16	9.93e-01	7.06e-03	6.83e-08	0.00e+00	0.00e+00	0.00e+00	0.00e+00	0.00e+00	0.00e+00	9.46e-01	2.66e-02	2.06e-02
 1.37238e+16	9.93e-01	6.92e-03	6.57e-08	0.00e+00	0.00e+00	0.00e+00	0.00e+00	0.00e+00	0.00e+00	9.47e-01	2.62e-02	2.03e-02
 1.37317e+16	9.93e-01	6.75e-03	6.30e-08	0.00e+00	0.00e+00	0.00e+00	0.00e+00	0.00e+00	0.00e+00	9.47e-01	2.58e-02	2.00e-02
 1.37389e+16	9.93e-01	6.52e-03	5.98e-08	0.00e+00	0.00e+00	0.00e+00	0.00e+00	0.00e+00	0.00e+00	9.48e-01	2.54e-02	1.97e-02
