#depth	H	H+	H2
 4.96145e+11	7.87e-04	9.99e-01	1.34e-14
 2.97687e+12	7.87e-04	9.99e-01	1.34e-14
 1.28998e+13	7.87e-04	9.99e-01	1.35e-14
 5.25914e+13	7.87e-04	9.99e-01	1.35e-14
 1.25624e+14	7.86e-04	9.99e-01	1.36e-14
 2.20566e+14	7.84e-04	9.99e-01	1.37e-14
 3.43991e+14	7.84e-04	9.99e-01	1.39e-14
 5.04444e+14	7.84e-04	9.99e-01	1.41e-14
 7.13032e+14	7.85e-04	9.99e-01	1.44e-14
 9.84197e+14	7.87e-04	9.99e-01	1.47e-14
 1.33671e+15	7.91e-04	9.99e-01	1.52e-14
 1.79498e+15	7.97e-04	9.99e-01	1.58e-14
 2.39073e+15	8.06e-04	9.99e-01	1.66e-14
 3.16520e+15	8.21e-04	9.99e-01	1.78e-14
 4.17202e+15	8.45e-04	9.99e-01	1.94e-14
 5.48088e+15	8.80e-04	9.99e-01	2.18e-14
 7.18240e+15	9.38e-04	9.99e-01	2.54e-14
 9.39437e+15	1.03e-03	9.99e-01	3.13e-14
 1.22699e+16	1.18e-03	9.99e-01	4.10e-14
 1.53138e+16	1.38e-03	9.99e-01	5.55e-14
 1.75689e+16	1.57e-03	9.98e-01	6.95e-14
 1.93258e+16	1.77e-03	9.98e-01	8.42e-14
 2.07910e+16	1.99e-03	9.98e-01	1.02e-13
 2.16490e+16	2.12e-03	9.98e-01	1.12e-13
 2.23690e+16	2.24e-03	9.98e-01	1.22e-13
 2.33051e+16	2.42e-03	9.98e-01	1.37e-13
 2.43493e+16	2.64e-03	9.97e-01	1.56e-13
 2.52991e+16	2.87e-03	9.97e-01	1.76e-13
 2.61255e+16	3.10e-03	9.97e-01	1.96e-13
 2.69084e+16	3.33e-03	9.97e-01	2.18e-13
 2.78084e+16	3.64e-03	9.96e-01	2.47e-13
 2.87384e+16	4.01e-03	9.96e-01	2.81e-13
 2.94871e+16	4.33e-03	9.96e-01	3.13e-13
 3.01295e+16	4.65e-03	9.95e-01	3.45e-13
 3.08539e+16	5.04e-03	9.95e-01	3.85e-13
 3.16332e+16	5.53e-03	9.94e-01	4.36e-13
 3.23066e+16	6.00e-03	9.94e-01	4.86e-13
 3.28893e+16	6.46e-03	9.94e-01	5.36e-13
 3.35314e+16	7.04e-03	9.93e-01	6.00e-13
 3.42194e+16	7.73e-03	9.92e-01	6.78e-13
 3.48112e+16	8.41e-03	9.92e-01	7.57e-13
 3.53279e+16	9.08e-03	9.91e-01	8.36e-13
 3.59030e+16	9.94e-03	9.90e-01	9.39e-13
 3.65181e+16	1.10e-02	9.89e-01	1.07e-12
 3.70449e+16	1.20e-02	9.88e-01	1.19e-12
 3.74997e+16	1.31e-02	9.87e-01	1.32e-12
 3.80011e+16	1.44e-02	9.86e-01	1.49e-12
 3.85274e+16	1.60e-02	9.84e-01	1.70e-12
 3.89614e+16	1.75e-02	9.82e-01	1.91e-12
 3.93251e+16	1.90e-02	9.81e-01	2.11e-12
 3.97224e+16	2.10e-02	9.79e-01	2.37e-12
 4.01474e+16	2.34e-02	9.77e-01	2.70e-12
 4.05057e+16	2.58e-02	9.74e-01	3.04e-12
 4.08060e+16	2.81e-02	9.72e-01	3.38e-12
 4.11336e+16	3.12e-02	9.69e-01	3.83e-12
 4.14800e+16	3.50e-02	9.65e-01	4.40e-12
 4.17699e+16	3.89e-02	9.61e-01	4.99e-12
 4.20164e+16	4.29e-02	9.57e-01	5.62e-12
 4.22872e+16	4.82e-02	9.52e-01	6.46e-12
 4.25752e+16	5.51e-02	9.45e-01	7.59e-12
 4.28165e+16	6.23e-02	9.38e-01	8.84e-12
 4.30188e+16	6.98e-02	9.30e-01	1.02e-11
 4.32395e+16	7.99e-02	9.20e-01	1.20e-11
 4.34444e+16	9.17e-02	9.08e-01	1.43e-11
 4.35754e+16	1.01e-01	8.99e-01	1.61e-11
 4.36742e+16	1.09e-01	8.91e-01	1.77e-11
 4.37844e+16	1.19e-01	8.81e-01	2.00e-11
 4.39065e+16	1.32e-01	8.68e-01	2.29e-11
 4.40139e+16	1.46e-01	8.54e-01	2.62e-11
 4.41023e+16	1.59e-01	8.41e-01	2.94e-11
 4.41832e+16	1.73e-01	8.27e-01	3.29e-11
 4.42632e+16	1.88e-01	8.12e-01	3.71e-11
 4.43406e+16	2.05e-01	7.95e-01	4.20e-11
 4.44129e+16	2.24e-01	7.76e-01	4.76e-11
 4.44800e+16	2.43e-01	7.57e-01	5.37e-11
 4.45430e+16	2.63e-01	7.37e-01	6.06e-11
 4.46032e+16	2.84e-01	7.16e-01	6.85e-11
 4.46608e+16	3.07e-01	6.93e-01	7.76e-11
 4.47155e+16	3.31e-01	6.69e-01	8.78e-11
 4.47674e+16	3.56e-01	6.44e-01	9.95e-11
 4.48170e+16	3.82e-01	6.18e-01	1.13e-10
 4.48646e+16	4.10e-01	5.90e-01	1.28e-10
 4.49102e+16	4.38e-01	5.62e-01	1.45e-10
 4.49522e+16	4.65e-01	5.35e-01	1.64e-10
 4.49889e+16	4.91e-01	5.09e-01	1.83e-10
 4.50212e+16	5.14e-01	4.86e-01	2.02e-10
 4.50508e+16	5.36e-01	4.64e-01	2.21e-10
 4.50734e+16	5.53e-01	4.47e-01	2.38e-10
 4.50884e+16	5.63e-01	4.37e-01	2.49e-10
 4.51025e+16	5.74e-01	4.26e-01	2.61e-10
 4.51187e+16	5.87e-01	4.13e-01	2.76e-10
 4.51355e+16	6.01e-01	3.99e-01	2.92e-10
 4.51514e+16	6.14e-01	3.86e-01	3.09e-10
 4.51663e+16	6.26e-01	3.74e-01	3.26e-10
 4.51808e+16	6.38e-01	3.62e-01	3.43e-10
 4.51952e+16	6.50e-01	3.50e-01	3.62e-10
 4.52096e+16	6.62e-01	3.38e-01	3.82e-10
 4.52236e+16	6.73e-01	3.27e-01	4.02e-10
 4.52371e+16	6.85e-01	3.15e-01	4.24e-10
 4.52505e+16	6.96e-01	3.04e-01	4.46e-10
 4.52636e+16	7.07e-01	2.93e-01	4.70e-10
 4.52765e+16	7.18e-01	2.82e-01	4.95e-10
 4.52892e+16	7.28e-01	2.72e-01	5.21e-10
 4.53016e+16	7.38e-01	2.62e-01	5.48e-10
 4.53138e+16	7.48e-01	2.52e-01	5.77e-10
 4.53258e+16	7.58e-01	2.42e-01	6.07e-10
 4.53377e+16	7.67e-01	2.33e-01	6.39e-10
 4.53493e+16	7.77e-01	2.23e-01	6.72e-10
 4.53607e+16	7.85e-01	2.15e-01	7.07e-10
 4.53719e+16	7.94e-01	2.06e-01	7.43e-10
 4.53829e+16	8.03e-01	1.97e-01	7.82e-10
 4.53937e+16	8.11e-01	1.89e-01	8.22e-10
 4.54044e+16	8.19e-01	1.81e-01	8.65e-10
 4.54149e+16	8.26e-01	1.74e-01	9.10e-10
 4.54252e+16	8.33e-01	1.67e-01	9.58e-10
 4.54354e+16	8.41e-01	1.59e-01	1.01e-09
 4.54453e+16	8.47e-01	1.53e-01	1.06e-09
 4.54549e+16	8.54e-01	1.46e-01	1.11e-09
 4.54643e+16	8.60e-01	1.40e-01	1.17e-09
 4.54735e+16	8.66e-01	1.34e-01	1.23e-09
 4.54826e+16	8.72e-01	1.28e-01	1.29e-09
 4.54912e+16	8.77e-01	1.23e-01	1.36e-09
 4.54997e+16	8.82e-01	1.18e-01	1.43e-09
 4.55080e+16	8.87e-01	1.13e-01	1.50e-09
 4.55162e+16	8.92e-01	1.08e-01	1.57e-09
 4.55241e+16	8.96e-01	1.04e-01	1.65e-09
 4.55319e+16	9.00e-01	9.98e-02	1.74e-09
 4.55395e+16	9.04e-01	9.57e-02	1.83e-09
 4.55470e+16	9.08e-01	9.18e-02	1.92e-09
 4.55543e+16	9.12e-01	8.81e-02	2.01e-09
 4.55615e+16	9.15e-01	8.46e-02	2.12e-09
 4.55685e+16	9.19e-01	8.12e-02	2.23e-09
 4.55754e+16	9.22e-01	7.79e-02	2.34e-09
 4.55821e+16	9.25e-01	7.48e-02	2.46e-09
 4.55888e+16	9.28e-01	7.18e-02	2.59e-09
 4.55953e+16	9.31e-01	6.90e-02	2.72e-09
 4.56016e+16	9.34e-01	6.63e-02	2.87e-09
 4.56078e+16	9.36e-01	6.37e-02	3.02e-09
 4.56140e+16	9.39e-01	6.11e-02	3.18e-09
 4.56201e+16	9.41e-01	5.87e-02	3.35e-09
 4.56260e+16	9.44e-01	5.64e-02	3.54e-09
 4.56319e+16	9.46e-01	5.42e-02	3.74e-09
 4.56376e+16	9.48e-01	5.21e-02	3.95e-09
 4.56433e+16	9.50e-01	5.01e-02	4.17e-09
 4.56488e+16	9.52e-01	4.81e-02	4.41e-09
 4.56542e+16	9.54e-01	4.63e-02	4.67e-09
 4.56596e+16	9.56e-01	4.45e-02	4.95e-09
 4.56649e+16	9.57e-01	4.28e-02	5.26e-09
 4.56701e+16	9.59e-01	4.11e-02	5.58e-09
 4.56752e+16	9.60e-01	3.95e-02	5.94e-09
 4.56802e+16	9.62e-01	3.80e-02	6.32e-09
 4.56850e+16	9.63e-01	3.66e-02	6.73e-09
 4.56899e+16	9.65e-01	3.51e-02	7.19e-09
 4.56946e+16	9.66e-01	3.37e-02	7.69e-09
 4.56992e+16	9.68e-01	3.24e-02	8.23e-09
 4.57037e+16	9.69e-01	3.12e-02	8.79e-09
 4.57082e+16	9.70e-01	3.00e-02	9.50e-09
 4.57126e+16	9.71e-01	2.88e-02	1.02e-08
 4.57168e+16	9.72e-01	2.77e-02	1.10e-08
 4.57209e+16	9.73e-01	2.66e-02	1.20e-08
 4.57250e+16	9.74e-01	2.56e-02	1.30e-08
 4.57290e+16	9.75e-01	2.46e-02	1.42e-08
 4.57329e+16	9.76e-01	2.36e-02	1.55e-08
 4.57366e+16	9.77e-01	2.27e-02	1.69e-08
 4.57403e+16	9.78e-01	2.18e-02	1.86e-08
 4.57439e+16	9.79e-01	2.09e-02	2.06e-08
 4.57472e+16	9.80e-01	2.01e-02	2.28e-08
 4.57504e+16	9.81e-01	1.94e-02	2.52e-08
 4.57533e+16	9.81e-01	1.87e-02	2.78e-08
 4.57560e+16	9.82e-01	1.81e-02	3.07e-08
 4.57585e+16	9.82e-01	1.75e-02	3.39e-08
 4.57608e+16	9.83e-01	1.70e-02	3.75e-08
 4.57630e+16	9.84e-01	1.65e-02	4.14e-08
 4.57651e+16	9.84e-01	1.60e-02	4.57e-08
 4.57670e+16	9.84e-01	1.55e-02	5.05e-08
 4.57687e+16	9.85e-01	1.51e-02	5.58e-08
 4.57704e+16	9.85e-01	1.47e-02	6.16e-08
 4.57720e+16	9.86e-01	1.43e-02	6.81e-08
 4.57734e+16	9.86e-01	1.40e-02	7.52e-08
 4.57748e+16	9.86e-01	1.36e-02	8.30e-08
 4.57761e+16	9.87e-01	1.33e-02	9.18e-08
 4.57773e+16	9.87e-01	1.30e-02	1.01e-07
 4.57785e+16	9.87e-01	1.27e-02	1.12e-07
 4.57795e+16	9.88e-01	1.24e-02	1.24e-07
 4.57805e+16	9.88e-01	1.22e-02	1.37e-07
 4.57815e+16	9.88e-01	1.19e-02	1.50e-07
 4.57824e+16	9.88e-01	1.16e-02	1.66e-07
 4.57833e+16	9.89e-01	1.14e-02	1.84e-07
 4.57841e+16	9.89e-01	1.12e-02	2.03e-07
 4.57848e+16	9.89e-01	1.09e-02	2.24e-07
 4.57855e+16	9.89e-01	1.07e-02	2.46e-07
 4.57862e+16	9.89e-01	1.05e-02	2.72e-07
 4.57868e+16	9.90e-01	1.03e-02	2.99e-07
 4.57874e+16	9.90e-01	1.01e-02	3.29e-07
 4.57880e+16	9.90e-01	9.86e-03	3.65e-07
