#depth	O	O+	O+2	O+3	O+4	O+5	O+6	O+7	O+8	O[1]	O[2]	O[3]
 4.96145e+11	4.08e-06	8.89e-03	9.63e-01	2.85e-02	1.25e-06	0.00e+00	0.00e+00	0.00e+00	0.00e+00	2.81e-06	8.64e-07	4.02e-07
 2.97687e+12	4.08e-06	8.89e-03	9.63e-01	2.84e-02	1.24e-06	0.00e+00	0.00e+00	0.00e+00	0.00e+00	2.81e-06	8.64e-07	4.02e-07
 1.28998e+13	4.08e-06	8.90e-03	9.63e-01	2.80e-02	1.22e-06	0.00e+00	0.00e+00	0.00e+00	0.00e+00	2.81e-06	8.66e-07	4.03e-07
 5.25914e+13	4.11e-06	8.93e-03	9.65e-01	2.65e-02	1.12e-06	0.00e+00	0.00e+00	0.00e+00	0.00e+00	2.83e-06	8.72e-07	4.06e-07
 1.25624e+14	4.13e-06	8.98e-03	9.67e-01	2.45e-02	9.91e-07	0.00e+00	0.00e+00	0.00e+00	0.00e+00	2.84e-06	8.78e-07	4.08e-07
 2.20566e+14	4.16e-06	9.03e-03	9.69e-01	2.21e-02	8.44e-07	0.00e+00	0.00e+00	0.00e+00	0.00e+00	2.86e-06	8.84e-07	4.11e-07
 3.43991e+14	4.22e-06	9.13e-03	9.72e-01	1.91e-02	6.79e-07	0.00e+00	0.00e+00	0.00e+00	0.00e+00	2.90e-06	9.00e-07	4.18e-07
 5.04444e+14	4.29e-06	9.23e-03	9.75e-01	1.58e-02	5.10e-07	0.00e+00	0.00e+00	0.00e+00	0.00e+00	2.95e-06	9.14e-07	4.24e-07
 7.13032e+14	4.39e-06	9.38e-03	9.78e-01	1.22e-02	3.48e-07	0.00e+00	0.00e+00	0.00e+00	0.00e+00	3.02e-06	9.39e-07	4.35e-07
 9.84197e+14	4.52e-06	9.55e-03	9.82e-01	8.69e-03	2.10e-07	0.00e+00	0.00e+00	0.00e+00	0.00e+00	3.10e-06	9.68e-07	4.48e-07
 1.33671e+15	4.69e-06	9.77e-03	9.85e-01	5.53e-03	0.00e+00	0.00e+00	0.00e+00	0.00e+00	0.00e+00	3.22e-06	1.01e-06	4.65e-07
 1.79498e+15	4.91e-06	1.00e-02	9.87e-01	3.07e-03	0.00e+00	0.00e+00	0.00e+00	0.00e+00	0.00e+00	3.37e-06	1.06e-06	4.88e-07
 2.39073e+15	5.21e-06	1.04e-02	9.88e-01	1.45e-03	0.00e+00	0.00e+00	0.00e+00	0.00e+00	0.00e+00	3.57e-06	1.12e-06	5.18e-07
 3.16520e+15	5.62e-06	1.08e-02	9.89e-01	5.86e-04	0.00e+00	0.00e+00	0.00e+00	0.00e+00	0.00e+00	3.84e-06	1.21e-06	5.59e-07
 4.17202e+15	6.20e-06	1.13e-02	9.88e-01	2.14e-04	0.00e+00	0.00e+00	0.00e+00	0.00e+00	0.00e+00	4.24e-06	1.34e-06	6.17e-07
 5.48088e+15	7.06e-06	1.20e-02	9.88e-01	8.61e-05	0.00e+00	0.00e+00	0.00e+00	0.00e+00	0.00e+00	4.82e-06	1.53e-06	7.04e-07
 7.18240e+15	8.44e-06	1.30e-02	9.87e-01	4.90e-05	0.00e+00	0.00e+00	0.00e+00	0.00e+00	0.00e+00	5.75e-06	1.84e-06	8.43e-07
 9.39437e+15	1.07e-05	1.44e-02	9.86e-01	3.68e-05	0.00e+00	0.00e+00	0.00e+00	0.00e+00	0.00e+00	7.28e-06	2.34e-06	1.07e-06
 1.22699e+16	1.46e-05	1.65e-02	9.83e-01	2.98e-05	0.00e+00	0.00e+00	0.00e+00	0.00e+00	0.00e+00	9.95e-06	3.21e-06	1.47e-06
 1.53138e+16	2.09e-05	1.92e-02	9.81e-01	2.47e-05	0.00e+00	0.00e+00	0.00e+00	0.00e+00	0.00e+00	1.42e-05	4.61e-06	2.10e-06
 1.75689e+16	2.75e-05	2.15e-02	9.78e-01	2.16e-05	0.00e+00	0.00e+00	0.00e+00	0.00e+00	0.00e+00	1.87e-05	6.06e-06	2.76e-06
 1.93258e+16	3.51e-05	2.37e-02	9.76e-01	1.94e-05	0.00e+00	0.00e+00	0.00e+00	0.00e+00	0.00e+00	2.38e-05	7.72e-06	3.51e-06
 2.07910e+16	4.48e-05	2.62e-02	9.74e-01	1.76e-05	0.00e+00	0.00e+00	0.00e+00	0.00e+00	0.00e+00	3.04e-05	9.91e-06	4.50e-06
 2.16490e+16	5.08e-05	2.76e-02	9.72e-01	1.67e-05	0.00e+00	0.00e+00	0.00e+00	0.00e+00	0.00e+00	3.45e-05	1.12e-05	5.10e-06
 2.23690e+16	5.69e-05	2.89e-02	9.71e-01	1.59e-05	0.00e+00	0.00e+00	0.00e+00	0.00e+00	0.00e+00	3.86e-05	1.26e-05	5.71e-06
 2.33051e+16	6.63e-05	3.07e-02	9.69e-01	1.49e-05	0.00e+00	0.00e+00	0.00e+00	0.00e+00	0.00e+00	4.50e-05	1.46e-05	6.65e-06
 2.43493e+16	7.90e-05	3.30e-02	9.67e-01	1.38e-05	0.00e+00	0.00e+00	0.00e+00	0.00e+00	0.00e+00	5.36e-05	1.74e-05	7.91e-06
 2.52991e+16	9.32e-05	3.54e-02	9.65e-01	1.29e-05	0.00e+00	0.00e+00	0.00e+00	0.00e+00	0.00e+00	6.33e-05	2.05e-05	9.33e-06
 2.61255e+16	1.08e-04	3.77e-02	9.62e-01	1.21e-05	0.00e+00	0.00e+00	0.00e+00	0.00e+00	0.00e+00	7.36e-05	2.38e-05	1.08e-05
 2.69084e+16	1.26e-04	4.02e-02	9.60e-01	1.13e-05	0.00e+00	0.00e+00	0.00e+00	0.00e+00	0.00e+00	8.56e-05	2.77e-05	1.26e-05
 2.78084e+16	1.51e-04	4.34e-02	9.56e-01	1.04e-05	0.00e+00	0.00e+00	0.00e+00	0.00e+00	0.00e+00	1.03e-04	3.31e-05	1.51e-05
 2.87384e+16	1.83e-04	4.73e-02	9.53e-01	9.62e-06	0.00e+00	0.00e+00	0.00e+00	0.00e+00	0.00e+00	1.25e-04	4.01e-05	1.83e-05
 2.94871e+16	2.15e-04	5.07e-02	9.49e-01	8.96e-06	0.00e+00	0.00e+00	0.00e+00	0.00e+00	0.00e+00	1.46e-04	4.70e-05	2.14e-05
 3.01295e+16	2.48e-04	5.41e-02	9.46e-01	8.39e-06	0.00e+00	0.00e+00	0.00e+00	0.00e+00	0.00e+00	1.69e-04	5.43e-05	2.48e-05
 3.08539e+16	2.95e-04	5.85e-02	9.41e-01	7.75e-06	0.00e+00	0.00e+00	0.00e+00	0.00e+00	0.00e+00	2.01e-04	6.44e-05	2.94e-05
 3.16332e+16	3.58e-04	6.39e-02	9.36e-01	7.12e-06	0.00e+00	0.00e+00	0.00e+00	0.00e+00	0.00e+00	2.44e-04	7.79e-05	3.56e-05
 3.23066e+16	4.25e-04	6.93e-02	9.30e-01	6.54e-06	0.00e+00	0.00e+00	0.00e+00	0.00e+00	0.00e+00	2.90e-04	9.26e-05	4.23e-05
 3.28893e+16	4.98e-04	7.46e-02	9.25e-01	6.07e-06	0.00e+00	0.00e+00	0.00e+00	0.00e+00	0.00e+00	3.40e-04	1.08e-04	4.95e-05
 3.35314e+16	5.98e-04	8.13e-02	9.18e-01	5.54e-06	0.00e+00	0.00e+00	0.00e+00	0.00e+00	0.00e+00	4.08e-04	1.30e-04	5.94e-05
 3.42194e+16	7.31e-04	8.96e-02	9.10e-01	5.01e-06	0.00e+00	0.00e+00	0.00e+00	0.00e+00	0.00e+00	5.00e-04	1.59e-04	7.26e-05
 3.48112e+16	8.77e-04	9.78e-02	9.01e-01	4.56e-06	0.00e+00	0.00e+00	0.00e+00	0.00e+00	0.00e+00	6.00e-04	1.90e-04	8.70e-05
 3.53279e+16	1.04e-03	1.06e-01	8.93e-01	4.18e-06	0.00e+00	0.00e+00	0.00e+00	0.00e+00	0.00e+00	7.09e-04	2.24e-04	1.03e-04
 3.59030e+16	1.26e-03	1.17e-01	8.82e-01	3.75e-06	0.00e+00	0.00e+00	0.00e+00	0.00e+00	0.00e+00	8.64e-04	2.73e-04	1.25e-04
 3.65181e+16	1.57e-03	1.30e-01	8.68e-01	3.33e-06	0.00e+00	0.00e+00	0.00e+00	0.00e+00	0.00e+00	1.07e-03	3.39e-04	1.55e-04
 3.70449e+16	1.91e-03	1.43e-01	8.55e-01	2.97e-06	0.00e+00	0.00e+00	0.00e+00	0.00e+00	0.00e+00	1.31e-03	4.12e-04	1.89e-04
 3.74997e+16	2.28e-03	1.56e-01	8.41e-01	2.67e-06	0.00e+00	0.00e+00	0.00e+00	0.00e+00	0.00e+00	1.57e-03	4.92e-04	2.26e-04
 3.80011e+16	2.82e-03	1.74e-01	8.24e-01	2.35e-06	0.00e+00	0.00e+00	0.00e+00	0.00e+00	0.00e+00	1.93e-03	6.06e-04	2.78e-04
 3.85274e+16	3.53e-03	1.94e-01	8.02e-01	2.03e-06	0.00e+00	0.00e+00	0.00e+00	0.00e+00	0.00e+00	2.42e-03	7.59e-04	3.49e-04
 3.89614e+16	4.32e-03	2.14e-01	7.81e-01	1.77e-06	0.00e+00	0.00e+00	0.00e+00	0.00e+00	0.00e+00	2.96e-03	9.27e-04	4.26e-04
 3.93251e+16	5.15e-03	2.34e-01	7.61e-01	1.57e-06	0.00e+00	0.00e+00	0.00e+00	0.00e+00	0.00e+00	3.53e-03	1.10e-03	5.08e-04
 3.97224e+16	6.30e-03	2.58e-01	7.36e-01	1.35e-06	0.00e+00	0.00e+00	0.00e+00	0.00e+00	0.00e+00	4.33e-03	1.35e-03	6.21e-04
 4.01474e+16	7.90e-03	2.87e-01	7.05e-01	1.14e-06	0.00e+00	0.00e+00	0.00e+00	0.00e+00	0.00e+00	5.42e-03	1.69e-03	7.78e-04
 4.05057e+16	9.65e-03	3.16e-01	6.75e-01	9.66e-07	0.00e+00	0.00e+00	0.00e+00	0.00e+00	0.00e+00	6.63e-03	2.07e-03	9.50e-04
 4.08060e+16	1.15e-02	3.43e-01	6.45e-01	8.28e-07	0.00e+00	0.00e+00	0.00e+00	0.00e+00	0.00e+00	7.92e-03	2.47e-03	1.13e-03
 4.11336e+16	1.42e-02	3.77e-01	6.09e-01	6.83e-07	0.00e+00	0.00e+00	0.00e+00	0.00e+00	0.00e+00	9.74e-03	3.03e-03	1.39e-03
 4.14800e+16	1.77e-02	4.16e-01	5.66e-01	5.48e-07	0.00e+00	0.00e+00	0.00e+00	0.00e+00	0.00e+00	1.22e-02	3.79e-03	1.74e-03
 4.17699e+16	2.16e-02	4.52e-01	5.26e-01	4.44e-07	0.00e+00	0.00e+00	0.00e+00	0.00e+00	0.00e+00	1.48e-02	4.61e-03	2.12e-03
 4.20164e+16	2.58e-02	4.87e-01	4.88e-01	3.62e-07	0.00e+00	0.00e+00	0.00e+00	0.00e+00	0.00e+00	1.77e-02	5.51e-03	2.54e-03
 4.22872e+16	3.17e-02	5.27e-01	4.42e-01	2.80e-07	0.00e+00	0.00e+00	0.00e+00	0.00e+00	0.00e+00	2.18e-02	6.76e-03	3.11e-03
 4.25752e+16	3.97e-02	5.71e-01	3.89e-01	2.06e-07	0.00e+00	0.00e+00	0.00e+00	0.00e+00	0.00e+00	2.73e-02	8.47e-03	3.90e-03
 4.28165e+16	4.85e-02	6.10e-01	3.42e-01	1.53e-07	0.00e+00	0.00e+00	0.00e+00	0.00e+00	0.00e+00	3.33e-02	1.04e-02	4.77e-03
 4.30188e+16	5.78e-02	6.42e-01	3.00e-01	0.00e+00	0.00e+00	0.00e+00	0.00e+00	0.00e+00	0.00e+00	3.98e-02	1.23e-02	5.68e-03
 4.32395e+16	7.06e-02	6.76e-01	2.54e-01	0.00e+00	0.00e+00	0.00e+00	0.00e+00	0.00e+00	0.00e+00	4.86e-02	1.51e-02	6.94e-03
 4.34444e+16	8.58e-02	7.04e-01	2.11e-01	0.00e+00	0.00e+00	0.00e+00	0.00e+00	0.00e+00	0.00e+00	5.90e-02	1.83e-02	8.43e-03
 4.35754e+16	9.75e-02	7.19e-01	1.84e-01	0.00e+00	0.00e+00	0.00e+00	0.00e+00	0.00e+00	0.00e+00	6.70e-02	2.08e-02	9.58e-03
 4.36742e+16	1.08e-01	7.29e-01	1.64e-01	0.00e+00	0.00e+00	0.00e+00	0.00e+00	0.00e+00	0.00e+00	7.41e-02	2.30e-02	1.06e-02
 4.37844e+16	1.21e-01	7.37e-01	1.42e-01	0.00e+00	0.00e+00	0.00e+00	0.00e+00	0.00e+00	0.00e+00	8.31e-02	2.58e-02	1.19e-02
 4.39065e+16	1.38e-01	7.44e-01	1.18e-01	0.00e+00	0.00e+00	0.00e+00	0.00e+00	0.00e+00	0.00e+00	9.48e-02	2.94e-02	1.35e-02
 4.40139e+16	1.55e-01	7.45e-01	9.95e-02	0.00e+00	0.00e+00	0.00e+00	0.00e+00	0.00e+00	0.00e+00	1.07e-01	3.31e-02	1.53e-02
 4.41023e+16	1.71e-01	7.44e-01	8.51e-02	0.00e+00	0.00e+00	0.00e+00	0.00e+00	0.00e+00	0.00e+00	1.18e-01	3.65e-02	1.68e-02
 4.41832e+16	1.89e-01	7.39e-01	7.23e-02	0.00e+00	0.00e+00	0.00e+00	0.00e+00	0.00e+00	0.00e+00	1.30e-01	4.01e-02	1.85e-02
 4.42632e+16	2.08e-01	7.32e-01	6.07e-02	0.00e+00	0.00e+00	0.00e+00	0.00e+00	0.00e+00	0.00e+00	1.43e-01	4.41e-02	2.04e-02
 4.43406e+16	2.28e-01	7.21e-01	5.05e-02	0.00e+00	0.00e+00	0.00e+00	0.00e+00	0.00e+00	0.00e+00	1.57e-01	4.84e-02	2.24e-02
 4.44129e+16	2.50e-01	7.08e-01	4.18e-02	0.00e+00	0.00e+00	0.00e+00	0.00e+00	0.00e+00	0.00e+00	1.72e-01	5.30e-02	2.45e-02
 4.44800e+16	2.72e-01	6.93e-01	3.45e-02	0.00e+00	0.00e+00	0.00e+00	0.00e+00	0.00e+00	0.00e+00	1.88e-01	5.76e-02	2.67e-02
 4.45430e+16	2.96e-01	6.76e-01	2.85e-02	0.00e+00	0.00e+00	0.00e+00	0.00e+00	0.00e+00	0.00e+00	2.04e-01	6.24e-02	2.90e-02
 4.46032e+16	3.20e-01	6.57e-01	2.32e-02	0.00e+00	0.00e+00	0.00e+00	0.00e+00	0.00e+00	0.00e+00	2.21e-01	6.74e-02	3.13e-02
 4.46608e+16	3.46e-01	6.35e-01	1.88e-02	0.00e+00	0.00e+00	0.00e+00	0.00e+00	0.00e+00	0.00e+00	2.39e-01	7.27e-02	3.38e-02
 4.47155e+16	3.73e-01	6.12e-01	1.52e-02	0.00e+00	0.00e+00	0.00e+00	0.00e+00	0.00e+00	0.00e+00	2.58e-01	7.81e-02	3.64e-02
 4.47674e+16	4.00e-01	5.88e-01	1.21e-02	0.00e+00	0.00e+00	0.00e+00	0.00e+00	0.00e+00	0.00e+00	2.77e-01	8.35e-02	3.90e-02
 4.48170e+16	4.28e-01	5.62e-01	9.66e-03	0.00e+00	0.00e+00	0.00e+00	0.00e+00	0.00e+00	0.00e+00	2.97e-01	8.91e-02	4.17e-02
 4.48646e+16	4.58e-01	5.35e-01	7.62e-03	0.00e+00	0.00e+00	0.00e+00	0.00e+00	0.00e+00	0.00e+00	3.18e-01	9.47e-02	4.44e-02
 4.49102e+16	4.87e-01	5.07e-01	5.97e-03	0.00e+00	0.00e+00	0.00e+00	0.00e+00	0.00e+00	0.00e+00	3.39e-01	1.00e-01	4.72e-02
 4.49522e+16	5.15e-01	4.80e-01	4.70e-03	0.00e+00	0.00e+00	0.00e+00	0.00e+00	0.00e+00	0.00e+00	3.60e-01	1.06e-01	4.98e-02
 4.49889e+16	5.41e-01	4.55e-01	3.76e-03	0.00e+00	0.00e+00	0.00e+00	0.00e+00	0.00e+00	0.00e+00	3.79e-01	1.10e-01	5.21e-02
 4.50212e+16	5.65e-01	4.32e-01	3.05e-03	0.00e+00	0.00e+00	0.00e+00	0.00e+00	0.00e+00	0.00e+00	3.96e-01	1.14e-01	5.42e-02
 4.50508e+16	5.87e-01	4.11e-01	2.50e-03	0.00e+00	0.00e+00	0.00e+00	0.00e+00	0.00e+00	0.00e+00	4.12e-01	1.18e-01	5.62e-02
 4.50734e+16	6.03e-01	3.95e-01	2.14e-03	0.00e+00	0.00e+00	0.00e+00	0.00e+00	0.00e+00	0.00e+00	4.24e-01	1.21e-01	5.76e-02
 4.50884e+16	6.14e-01	3.85e-01	1.93e-03	0.00e+00	0.00e+00	0.00e+00	0.00e+00	0.00e+00	0.00e+00	4.32e-01	1.22e-01	5.85e-02
 4.51025e+16	6.24e-01	3.74e-01	1.73e-03	0.00e+00	0.00e+00	0.00e+00	0.00e+00	0.00e+00	0.00e+00	4.41e-01	1.24e-01	5.94e-02
 4.51187e+16	6.37e-01	3.62e-01	1.53e-03	0.00e+00	0.00e+00	0.00e+00	0.00e+00	0.00e+00	0.00e+00	4.50e-01	1.26e-01	6.04e-02
 4.51355e+16	6.50e-01	3.49e-01	1.34e-03	0.00e+00	0.00e+00	0.00e+00	0.00e+00	0.00e+00	0.00e+00	4.60e-01	1.28e-01	6.15e-02
 4.51514e+16	6.62e-01	3.37e-01	1.18e-03	0.00e+00	0.00e+00	0.00e+00	0.00e+00	0.00e+00	0.00e+00	4.70e-01	1.30e-01	6.25e-02
 4.51663e+16	6.74e-01	3.25e-01	1.04e-03	0.00e+00	0.00e+00	0.00e+00	0.00e+00	0.00e+00	0.00e+00	4.78e-01	1.32e-01	6.34e-02
 4.51808e+16	6.85e-01	3.14e-01	9.17e-04	0.00e+00	0.00e+00	0.00e+00	0.00e+00	0.00e+00	0.00e+00	4.87e-01	1.33e-01	6.43e-02
 4.51952e+16	6.96e-01	3.03e-01	8.07e-04	0.00e+00	0.00e+00	0.00e+00	0.00e+00	0.00e+00	0.00e+00	4.96e-01	1.35e-01	6.52e-02
 4.52096e+16	7.08e-01	2.92e-01	7.09e-04	0.00e+00	0.00e+00	0.00e+00	0.00e+00	0.00e+00	0.00e+00	5.05e-01	1.36e-01	6.60e-02
 4.52236e+16	7.18e-01	2.81e-01	6.23e-04	0.00e+00	0.00e+00	0.00e+00	0.00e+00	0.00e+00	0.00e+00	5.14e-01	1.38e-01	6.68e-02
 4.52371e+16	7.29e-01	2.71e-01	5.47e-04	0.00e+00	0.00e+00	0.00e+00	0.00e+00	0.00e+00	0.00e+00	5.22e-01	1.39e-01	6.76e-02
 4.52505e+16	7.39e-01	2.60e-01	4.81e-04	0.00e+00	0.00e+00	0.00e+00	0.00e+00	0.00e+00	0.00e+00	5.31e-01	1.40e-01	6.83e-02
 4.52636e+16	7.49e-01	2.50e-01	4.21e-04	0.00e+00	0.00e+00	0.00e+00	0.00e+00	0.00e+00	0.00e+00	5.39e-01	1.41e-01	6.90e-02
 4.52765e+16	7.59e-01	2.41e-01	3.69e-04	0.00e+00	0.00e+00	0.00e+00	0.00e+00	0.00e+00	0.00e+00	5.47e-01	1.42e-01	6.97e-02
 4.52892e+16	7.68e-01	2.31e-01	3.23e-04	0.00e+00	0.00e+00	0.00e+00	0.00e+00	0.00e+00	0.00e+00	5.55e-01	1.43e-01	7.03e-02
 4.53016e+16	7.78e-01	2.22e-01	2.83e-04	0.00e+00	0.00e+00	0.00e+00	0.00e+00	0.00e+00	0.00e+00	5.62e-01	1.44e-01	7.08e-02
 4.53138e+16	7.87e-01	2.13e-01	2.48e-04	0.00e+00	0.00e+00	0.00e+00	0.00e+00	0.00e+00	0.00e+00	5.70e-01	1.45e-01	7.14e-02
 4.53258e+16	7.95e-01	2.05e-01	2.16e-04	0.00e+00	0.00e+00	0.00e+00	0.00e+00	0.00e+00	0.00e+00	5.77e-01	1.46e-01	7.19e-02
 4.53377e+16	8.04e-01	1.96e-01	1.89e-04	0.00e+00	0.00e+00	0.00e+00	0.00e+00	0.00e+00	0.00e+00	5.85e-01	1.46e-01	7.24e-02
 4.53493e+16	8.12e-01	1.88e-01	1.65e-04	0.00e+00	0.00e+00	0.00e+00	0.00e+00	0.00e+00	0.00e+00	5.92e-01	1.47e-01	7.28e-02
 4.53607e+16	8.20e-01	1.80e-01	1.44e-04	0.00e+00	0.00e+00	0.00e+00	0.00e+00	0.00e+00	0.00e+00	5.99e-01	1.48e-01	7.32e-02
 4.53719e+16	8.27e-01	1.73e-01	1.25e-04	0.00e+00	0.00e+00	0.00e+00	0.00e+00	0.00e+00	0.00e+00	6.05e-01	1.48e-01	7.36e-02
 4.53829e+16	8.35e-01	1.65e-01	1.09e-04	0.00e+00	0.00e+00	0.00e+00	0.00e+00	0.00e+00	0.00e+00	6.12e-01	1.49e-01	7.39e-02
 4.53937e+16	8.42e-01	1.58e-01	9.52e-05	0.00e+00	0.00e+00	0.00e+00	0.00e+00	0.00e+00	0.00e+00	6.18e-01	1.49e-01	7.42e-02
 4.54044e+16	8.49e-01	1.51e-01	8.29e-05	0.00e+00	0.00e+00	0.00e+00	0.00e+00	0.00e+00	0.00e+00	6.25e-01	1.49e-01	7.45e-02
 4.54149e+16	8.55e-01	1.45e-01	7.21e-05	0.00e+00	0.00e+00	0.00e+00	0.00e+00	0.00e+00	0.00e+00	6.31e-01	1.50e-01	7.47e-02
 4.54252e+16	8.62e-01	1.38e-01	6.27e-05	0.00e+00	0.00e+00	0.00e+00	0.00e+00	0.00e+00	0.00e+00	6.37e-01	1.50e-01	7.50e-02
 4.54354e+16	8.68e-01	1.32e-01	5.45e-05	0.00e+00	0.00e+00	0.00e+00	0.00e+00	0.00e+00	0.00e+00	6.42e-01	1.50e-01	7.52e-02
 4.54453e+16	8.74e-01	1.26e-01	4.74e-05	0.00e+00	0.00e+00	0.00e+00	0.00e+00	0.00e+00	0.00e+00	6.48e-01	1.50e-01	7.53e-02
 4.54549e+16	8.79e-01	1.21e-01	4.13e-05	0.00e+00	0.00e+00	0.00e+00	0.00e+00	0.00e+00	0.00e+00	6.53e-01	1.51e-01	7.55e-02
 4.54643e+16	8.84e-01	1.16e-01	3.62e-05	0.00e+00	0.00e+00	0.00e+00	0.00e+00	0.00e+00	0.00e+00	6.58e-01	1.51e-01	7.56e-02
 4.54735e+16	8.89e-01	1.11e-01	3.14e-05	0.00e+00	0.00e+00	0.00e+00	0.00e+00	0.00e+00	0.00e+00	6.63e-01	1.51e-01	7.57e-02
 4.54826e+16	8.94e-01	1.06e-01	2.75e-05	0.00e+00	0.00e+00	0.00e+00	0.00e+00	0.00e+00	0.00e+00	6.68e-01	1.51e-01	7.58e-02
 4.54912e+16	8.99e-01	1.01e-01	2.40e-05	0.00e+00	0.00e+00	0.00e+00	0.00e+00	0.00e+00	0.00e+00	6.72e-01	1.51e-01	7.59e-02
 4.54997e+16	9.03e-01	9.69e-02	2.11e-05	0.00e+00	0.00e+00	0.00e+00	0.00e+00	0.00e+00	0.00e+00	6.76e-01	1.51e-01	7.59e-02
 4.55080e+16	9.07e-01	9.28e-02	1.85e-05	0.00e+00	0.00e+00	0.00e+00	0.00e+00	0.00e+00	0.00e+00	6.80e-01	1.51e-01	7.60e-02
 4.55162e+16	9.11e-01	8.89e-02	1.62e-05	0.00e+00	0.00e+00	0.00e+00	0.00e+00	0.00e+00	0.00e+00	6.84e-01	1.51e-01	7.60e-02
 4.55241e+16	9.15e-01	8.51e-02	1.42e-05	0.00e+00	0.00e+00	0.00e+00	0.00e+00	0.00e+00	0.00e+00	6.88e-01	1.51e-01	7.60e-02
 4.55319e+16	9.18e-01	8.16e-02	1.26e-05	0.00e+00	0.00e+00	0.00e+00	0.00e+00	0.00e+00	0.00e+00	6.91e-01	1.51e-01	7.60e-02
 4.55395e+16	9.22e-01	7.82e-02	1.10e-05	0.00e+00	0.00e+00	0.00e+00	0.00e+00	0.00e+00	0.00e+00	6.95e-01	1.51e-01	7.60e-02
 4.55470e+16	9.25e-01	7.49e-02	9.72e-06	0.00e+00	0.00e+00	0.00e+00	0.00e+00	0.00e+00	0.00e+00	6.98e-01	1.51e-01	7.60e-02
 4.55543e+16	9.28e-01	7.18e-02	8.55e-06	0.00e+00	0.00e+00	0.00e+00	0.00e+00	0.00e+00	0.00e+00	7.01e-01	1.51e-01	7.60e-02
 4.55615e+16	9.31e-01	6.89e-02	7.56e-06	0.00e+00	0.00e+00	0.00e+00	0.00e+00	0.00e+00	0.00e+00	7.04e-01	1.51e-01	7.60e-02
 4.55685e+16	9.34e-01	6.60e-02	6.66e-06	0.00e+00	0.00e+00	0.00e+00	0.00e+00	0.00e+00	0.00e+00	7.07e-01	1.51e-01	7.60e-02
 4.55754e+16	9.37e-01	6.33e-02	5.89e-06	0.00e+00	0.00e+00	0.00e+00	0.00e+00	0.00e+00	0.00e+00	7.09e-01	1.51e-01	7.59e-02
 4.55821e+16	9.39e-01	6.08e-02	5.22e-06	0.00e+00	0.00e+00	0.00e+00	0.00e+00	0.00e+00	0.00e+00	7.12e-01	1.51e-01	7.59e-02
 4.55888e+16	9.42e-01	5.83e-02	4.60e-06	0.00e+00	0.00e+00	0.00e+00	0.00e+00	0.00e+00	0.00e+00	7.14e-01	1.51e-01	7.59e-02
 4.55953e+16	9.44e-01	5.59e-02	4.07e-06	0.00e+00	0.00e+00	0.00e+00	0.00e+00	0.00e+00	0.00e+00	7.17e-01	1.51e-01	7.59e-02
 4.56016e+16	9.46e-01	5.37e-02	3.61e-06	0.00e+00	0.00e+00	0.00e+00	0.00e+00	0.00e+00	0.00e+00	7.19e-01	1.51e-01	7.58e-02
 4.56078e+16	9.48e-01	5.15e-02	3.20e-06	0.00e+00	0.00e+00	0.00e+00	0.00e+00	0.00e+00	0.00e+00	7.21e-01	1.52e-01	7.58e-02
 4.56140e+16	9.51e-01	4.95e-02	2.84e-06	0.00e+00	0.00e+00	0.00e+00	0.00e+00	0.00e+00	0.00e+00	7.23e-01	1.52e-01	7.58e-02
 4.56201e+16	9.53e-01	4.75e-02	2.52e-06	0.00e+00	0.00e+00	0.00e+00	0.00e+00	0.00e+00	0.00e+00	7.25e-01	1.52e-01	7.58e-02
 4.56260e+16	9.54e-01	4.56e-02	2.23e-06	0.00e+00	0.00e+00	0.00e+00	0.00e+00	0.00e+00	0.00e+00	7.27e-01	1.52e-01	7.57e-02
 4.56319e+16	9.56e-01	4.38e-02	1.98e-06	0.00e+00	0.00e+00	0.00e+00	0.00e+00	0.00e+00	0.00e+00	7.29e-01	1.52e-01	7.57e-02
 4.56376e+16	9.58e-01	4.20e-02	1.76e-06	0.00e+00	0.00e+00	0.00e+00	0.00e+00	0.00e+00	0.00e+00	7.30e-01	1.52e-01	7.56e-02
 4.56433e+16	9.60e-01	4.04e-02	1.57e-06	0.00e+00	0.00e+00	0.00e+00	0.00e+00	0.00e+00	0.00e+00	7.32e-01	1.52e-01	7.56e-02
 4.56488e+16	9.61e-01	3.88e-02	1.39e-06	0.00e+00	0.00e+00	0.00e+00	0.00e+00	0.00e+00	0.00e+00	7.33e-01	1.53e-01	7.56e-02
 4.56542e+16	9.63e-01	3.73e-02	1.24e-06	0.00e+00	0.00e+00	0.00e+00	0.00e+00	0.00e+00	0.00e+00	7.34e-01	1.53e-01	7.55e-02
 4.56596e+16	9.64e-01	3.58e-02	1.11e-06	0.00e+00	0.00e+00	0.00e+00	0.00e+00	0.00e+00	0.00e+00	7.36e-01	1.53e-01	7.55e-02
 4.56649e+16	9.66e-01	3.44e-02	9.85e-07	0.00e+00	0.00e+00	0.00e+00	0.00e+00	0.00e+00	0.00e+00	7.37e-01	1.53e-01	7.55e-02
 4.56701e+16	9.67e-01	3.31e-02	8.80e-07	0.00e+00	0.00e+00	0.00e+00	0.00e+00	0.00e+00	0.00e+00	7.38e-01	1.53e-01	7.54e-02
 4.56752e+16	9.68e-01	3.17e-02	7.82e-07	0.00e+00	0.00e+00	0.00e+00	0.00e+00	0.00e+00	0.00e+00	7.39e-01	1.54e-01	7.54e-02
 4.56802e+16	9.70e-01	3.05e-02	6.97e-07	0.00e+00	0.00e+00	0.00e+00	0.00e+00	0.00e+00	0.00e+00	7.40e-01	1.54e-01	7.54e-02
 4.56850e+16	9.71e-01	2.93e-02	6.25e-07	0.00e+00	0.00e+00	0.00e+00	0.00e+00	0.00e+00	0.00e+00	7.41e-01	1.54e-01	7.54e-02
 4.56899e+16	9.72e-01	2.81e-02	5.56e-07	0.00e+00	0.00e+00	0.00e+00	0.00e+00	0.00e+00	0.00e+00	7.42e-01	1.55e-01	7.55e-02
 4.56946e+16	9.73e-01	2.70e-02	4.96e-07	0.00e+00	0.00e+00	0.00e+00	0.00e+00	0.00e+00	0.00e+00	7.42e-01	1.55e-01	7.55e-02
 4.56992e+16	9.74e-01	2.60e-02	4.44e-07	0.00e+00	0.00e+00	0.00e+00	0.00e+00	0.00e+00	0.00e+00	7.43e-01	1.56e-01	7.55e-02
 4.57037e+16	9.75e-01	2.50e-02	3.98e-07	0.00e+00	0.00e+00	0.00e+00	0.00e+00	0.00e+00	0.00e+00	7.44e-01	1.56e-01	7.55e-02
 4.57082e+16	9.76e-01	2.40e-02	3.55e-07	0.00e+00	0.00e+00	0.00e+00	0.00e+00	0.00e+00	0.00e+00	7.44e-01	1.57e-01	7.56e-02
 4.57126e+16	9.77e-01	2.30e-02	3.17e-07	0.00e+00	0.00e+00	0.00e+00	0.00e+00	0.00e+00	0.00e+00	7.44e-01	1.57e-01	7.56e-02
 4.57168e+16	9.78e-01	2.21e-02	2.84e-07	0.00e+00	0.00e+00	0.00e+00	0.00e+00	0.00e+00	0.00e+00	7.45e-01	1.58e-01	7.57e-02
 4.57209e+16	9.79e-01	2.12e-02	2.55e-07	0.00e+00	0.00e+00	0.00e+00	0.00e+00	0.00e+00	0.00e+00	7.45e-01	1.58e-01	7.57e-02
 4.57250e+16	9.80e-01	2.04e-02	2.28e-07	0.00e+00	0.00e+00	0.00e+00	0.00e+00	0.00e+00	0.00e+00	7.45e-01	1.59e-01	7.58e-02
 4.57290e+16	9.80e-01	1.96e-02	2.04e-07	0.00e+00	0.00e+00	0.00e+00	0.00e+00	0.00e+00	0.00e+00	7.45e-01	1.59e-01	7.59e-02
 4.57329e+16	9.81e-01	1.88e-02	1.83e-07	0.00e+00	0.00e+00	0.00e+00	0.00e+00	0.00e+00	0.00e+00	7.45e-01	1.60e-01	7.59e-02
 4.57366e+16	9.82e-01	1.81e-02	1.65e-07	0.00e+00	0.00e+00	0.00e+00	0.00e+00	0.00e+00	0.00e+00	7.45e-01	1.61e-01	7.60e-02
 4.57403e+16	9.83e-01	1.73e-02	1.48e-07	0.00e+00	0.00e+00	0.00e+00	0.00e+00	0.00e+00	0.00e+00	7.45e-01	1.62e-01	7.61e-02
 4.57439e+16	9.83e-01	1.66e-02	1.33e-07	0.00e+00	0.00e+00	0.00e+00	0.00e+00	0.00e+00	0.00e+00	7.45e-01	1.62e-01	7.62e-02
 4.57472e+16	9.84e-01	1.60e-02	1.20e-07	0.00e+00	0.00e+00	0.00e+00	0.00e+00	0.00e+00	0.00e+00	7.45e-01	1.63e-01	7.63e-02
 4.57504e+16	9.85e-01	1.54e-02	1.09e-07	0.00e+00	0.00e+00	0.00e+00	0.00e+00	0.00e+00	0.00e+00	7.44e-01	1.64e-01	7.65e-02
 4.57533e+16	9.85e-01	1.49e-02	9.92e-08	0.00e+00	0.00e+00	0.00e+00	0.00e+00	0.00e+00	0.00e+00	7.44e-01	1.65e-01	7.66e-02
 4.57560e+16	9.86e-01	1.43e-02	9.08e-08	0.00e+00	0.00e+00	0.00e+00	0.00e+00	0.00e+00	0.00e+00	7.43e-01	1.65e-01	7.67e-02
 4.57585e+16	9.86e-01	1.39e-02	8.34e-08	0.00e+00	0.00e+00	0.00e+00	0.00e+00	0.00e+00	0.00e+00	7.43e-01	1.66e-01	7.68e-02
 4.57608e+16	9.87e-01	1.34e-02	7.69e-08	0.00e+00	0.00e+00	0.00e+00	0.00e+00	0.00e+00	0.00e+00	7.42e-01	1.67e-01	7.70e-02
 4.57630e+16	9.87e-01	1.30e-02	7.11e-08	0.00e+00	0.00e+00	0.00e+00	0.00e+00	0.00e+00	0.00e+00	7.42e-01	1.68e-01	7.71e-02
 4.57651e+16	9.87e-01	1.26e-02	6.60e-08	0.00e+00	0.00e+00	0.00e+00	0.00e+00	0.00e+00	0.00e+00	7.41e-01	1.69e-01	7.72e-02
 4.57670e+16	9.88e-01	1.23e-02	6.15e-08	0.00e+00	0.00e+00	0.00e+00	0.00e+00	0.00e+00	0.00e+00	7.41e-01	1.70e-01	7.74e-02
 4.57687e+16	9.88e-01	1.19e-02	5.74e-08	0.00e+00	0.00e+00	0.00e+00	0.00e+00	0.00e+00	0.00e+00	7.40e-01	1.70e-01	7.75e-02
 4.57704e+16	9.88e-01	1.16e-02	5.37e-08	0.00e+00	0.00e+00	0.00e+00	0.00e+00	0.00e+00	0.00e+00	7.39e-01	1.71e-01	7.76e-02
 4.57720e+16	9.89e-01	1.13e-02	5.04e-08	0.00e+00	0.00e+00	0.00e+00	0.00e+00	0.00e+00	0.00e+00	7.39e-01	1.72e-01	7.78e-02
 4.57734e+16	9.89e-01	1.10e-02	4.74e-08	0.00e+00	0.00e+00	0.00e+00	0.00e+00	0.00e+00	0.00e+00	7.38e-01	1.73e-01	7.79e-02
 4.57748e+16	9.89e-01	1.07e-02	4.46e-08	0.00e+00	0.00e+00	0.00e+00	0.00e+00	0.00e+00	0.00e+00	7.37e-01	1.74e-01	7.80e-02
 4.57761e+16	9.90e-01	1.05e-02	4.21e-08	0.00e+00	0.00e+00	0.00e+00	0.00e+00	0.00e+00	0.00e+00	7.37e-01	1.75e-01	7.82e-02
 4.57773e+16	9.90e-01	1.02e-02	3.98e-08	0.00e+00	0.00e+00	0.00e+00	0.00e+00	0.00e+00	0.00e+00	7.36e-01	1.75e-01	7.83e-02
 4.57785e+16	9.90e-01	9.99e-03	3.78e-08	0.00e+00	0.00e+00	0.00e+00	0.00e+00	0.00e+00	0.00e+00	7.35e-01	1.76e-01	7.84e-02
 4.57795e+16	9.90e-01	9.76e-03	3.58e-08	0.00e+00	0.00e+00	0.00e+00	0.00e+00	0.00e+00	0.00e+00	7.35e-01	1.77e-01	7.86e-02
 4.57805e+16	9.90e-01	9.54e-03	3.41e-08	0.00e+00	0.00e+00	0.00e+00	0.00e+00	0.00e+00	0.00e+00	7.34e-01	1.78e-01	7.87e-02
 4.57815e+16	9.91e-01	9.33e-03	3.24e-08	0.00e+00	0.00e+00	0.00e+00	0.00e+00	0.00e+00	0.00e+00	7.33e-01	1.79e-01	7.89e-02
 4.57824e+16	9.91e-01	9.13e-03	3.08e-08	0.00e+00	0.00e+00	0.00e+00	0.00e+00	0.00e+00	0.00e+00	7.32e-01	1.80e-01	7.90e-02
 4.57833e+16	9.91e-01	8.93e-03	2.94e-08	0.00e+00	0.00e+00	0.00e+00	0.00e+00	0.00e+00	0.00e+00	7.31e-01	1.81e-01	7.91e-02
 4.57841e+16	9.91e-01	8.74e-03	2.80e-08	0.00e+00	0.00e+00	0.00e+00	0.00e+00	0.00e+00	0.00e+00	7.31e-01	1.81e-01	7.93e-02
 4.57848e+16	9.91e-01	8.56e-03	2.68e-08	0.00e+00	0.00e+00	0.00e+00	0.00e+00	0.00e+00	0.00e+00	7.30e-01	1.82e-01	7.94e-02
 4.57855e+16	9.92e-01	8.38e-03	2.56e-08	0.00e+00	0.00e+00	0.00e+00	0.00e+00	0.00e+00	0.00e+00	7.29e-01	1.83e-01	7.95e-02
 4.57862e+16	9.92e-01	8.21e-03	2.45e-08	0.00e+00	0.00e+00	0.00e+00	0.00e+00	0.00e+00	0.00e+00	7.28e-01	1.84e-01	7.97e-02
 4.57868e+16	9.92e-01	8.04e-03	2.35e-08	0.00e+00	0.00e+00	0.00e+00	0.00e+00	0.00e+00	0.00e+00	7.27e-01	1.85e-01	7.98e-02
 4.57874e+16	9.92e-01	7.87e-03	2.25e-08	0.00e+00	0.00e+00	0.00e+00	0.00e+00	0.00e+00	0.00e+00	7.26e-01	1.86e-01	8.00e-02
 4.57880e+16	9.92e-01	7.68e-03	2.14e-08	0.00e+00	0.00e+00	0.00e+00	0.00e+00	0.00e+00	0.00e+00	7.25e-01	1.87e-01	8.01e-02
