#depth	He	He+	He+2
 4.96145e+11	6.07e-04	9.30e-01	6.98e-02
 2.97687e+12	6.07e-04	9.30e-01	6.98e-02
 1.28998e+13	6.08e-04	9.30e-01	6.95e-02
 5.25914e+13	6.10e-04	9.32e-01	6.75e-02
 1.25624e+14	6.14e-04	9.33e-01	6.68e-02
 2.20566e+14	6.19e-04	9.36e-01	6.38e-02
 3.43991e+14	6.27e-04	9.41e-01	5.85e-02
 5.04444e+14	6.38e-04	9.49e-01	5.08e-02
 7.13032e+14	6.52e-04	9.58e-01	4.10e-02
 9.84197e+14	6.69e-04	9.69e-01	3.00e-02
 1.33671e+15	6.88e-04	9.80e-01	1.94e-02
 1.79498e+15	7.09e-04	9.89e-01	1.07e-02
 2.39073e+15	7.32e-04	9.94e-01	4.90e-03
 3.16520e+15	7.59e-04	9.97e-01	1.81e-03
 4.17202e+15	7.93e-04	9.99e-01	5.30e-04
 5.48088e+15	8.37e-04	9.99e-01	1.23e-04
 7.18240e+15	8.99e-04	9.99e-01	2.36e-05
 9.39437e+15	9.83e-04	9.99e-01	3.85e-06
 1.22699e+16	1.10e-03	9.99e-01	5.49e-07
 1.53138e+16	1.25e-03	9.99e-01	9.22e-08
 1.75689e+16	1.36e-03	9.99e-01	2.95e-08
 1.93258e+16	1.46e-03	9.99e-01	1.31e-08
 2.07910e+16	1.58e-03	9.98e-01	7.04e-09
 2.16490e+16	1.64e-03	9.98e-01	5.01e-09
 2.23690e+16	1.69e-03	9.98e-01	3.72e-09
 2.33051e+16	1.77e-03	9.98e-01	2.56e-09
 2.43493e+16	1.86e-03	9.98e-01	1.74e-09
 2.52991e+16	1.94e-03	9.98e-01	1.25e-09
 2.61255e+16	2.03e-03	9.98e-01	9.53e-10
 2.69084e+16	2.11e-03	9.98e-01	7.41e-10
 2.78084e+16	2.22e-03	9.98e-01	5.59e-10
 2.87384e+16	2.34e-03	9.98e-01	4.30e-10
 2.94871e+16	2.45e-03	9.98e-01	3.55e-10
 3.01295e+16	2.55e-03	9.97e-01	3.02e-10
 3.08539e+16	2.67e-03	9.97e-01	2.53e-10
 3.16332e+16	2.82e-03	9.97e-01	2.13e-10
 3.23066e+16	2.96e-03	9.97e-01	1.87e-10
 3.28893e+16	3.09e-03	9.97e-01	1.67e-10
 3.35314e+16	3.26e-03	9.97e-01	1.49e-10
 3.42194e+16	3.46e-03	9.97e-01	1.33e-10
 3.48112e+16	3.64e-03	9.96e-01	1.23e-10
 3.53279e+16	3.83e-03	9.96e-01	1.15e-10
 3.59030e+16	4.07e-03	9.96e-01	1.07e-10
 3.65181e+16	4.35e-03	9.96e-01	9.94e-11
 3.70449e+16	4.62e-03	9.95e-01	9.44e-11
 3.74997e+16	4.89e-03	9.95e-01	9.08e-11
 3.80011e+16	5.24e-03	9.95e-01	8.73e-11
 3.85274e+16	5.65e-03	9.94e-01	8.38e-11
 3.89614e+16	6.04e-03	9.94e-01	8.20e-11
 3.93251e+16	6.42e-03	9.94e-01	8.05e-11
 3.97224e+16	6.90e-03	9.93e-01	7.91e-11
 4.01474e+16	7.49e-03	9.93e-01	7.82e-11
 4.05057e+16	8.07e-03	9.92e-01	7.76e-11
 4.08060e+16	8.64e-03	9.91e-01	7.77e-11
 4.11336e+16	9.40e-03	9.91e-01	7.80e-11
 4.14800e+16	1.03e-02	9.90e-01	7.83e-11
 4.17699e+16	1.12e-02	9.89e-01	7.96e-11
 4.20164e+16	1.22e-02	9.88e-01	8.14e-11
 4.22872e+16	1.34e-02	9.87e-01	8.38e-11
 4.25752e+16	1.50e-02	9.85e-01	8.68e-11
 4.28165e+16	1.66e-02	9.83e-01	9.08e-11
 4.30188e+16	1.84e-02	9.82e-01	9.52e-11
 4.32395e+16	2.07e-02	9.79e-01	1.02e-10
 4.34444e+16	2.33e-02	9.77e-01	1.10e-10
 4.35754e+16	2.54e-02	9.75e-01	1.16e-10
 4.36742e+16	2.73e-02	9.73e-01	1.23e-10
 4.37844e+16	2.97e-02	9.70e-01	1.31e-10
 4.39065e+16	3.28e-02	9.67e-01	1.42e-10
 4.40139e+16	3.61e-02	9.64e-01	1.54e-10
 4.41023e+16	3.92e-02	9.61e-01	1.67e-10
 4.41832e+16	4.27e-02	9.57e-01	1.80e-10
 4.42632e+16	4.66e-02	9.53e-01	1.97e-10
 4.43406e+16	5.11e-02	9.49e-01	2.15e-10
 4.44129e+16	5.60e-02	9.44e-01	2.37e-10
 4.44800e+16	6.12e-02	9.39e-01	2.60e-10
 4.45430e+16	6.70e-02	9.33e-01	2.86e-10
 4.46032e+16	7.35e-02	9.27e-01	3.16e-10
 4.46608e+16	8.06e-02	9.19e-01	3.50e-10
 4.47155e+16	8.86e-02	9.11e-01	3.88e-10
 4.47674e+16	9.73e-02	9.03e-01	4.30e-10
 4.48170e+16	1.07e-01	8.93e-01	4.78e-10
 4.48646e+16	1.18e-01	8.82e-01	5.30e-10
 4.49102e+16	1.30e-01	8.70e-01	5.90e-10
 4.49522e+16	1.42e-01	8.58e-01	6.52e-10
 4.49889e+16	1.55e-01	8.45e-01	7.14e-10
 4.50212e+16	1.67e-01	8.33e-01	7.74e-10
 4.50508e+16	1.80e-01	8.20e-01	8.35e-10
 4.50734e+16	1.90e-01	8.10e-01	8.84e-10
 4.50884e+16	1.97e-01	8.03e-01	9.18e-10
 4.51025e+16	2.05e-01	7.95e-01	9.50e-10
 4.51187e+16	2.14e-01	7.86e-01	9.92e-10
 4.51355e+16	2.24e-01	7.76e-01	1.04e-09
 4.51514e+16	2.34e-01	7.66e-01	1.08e-09
 4.51663e+16	2.43e-01	7.57e-01	1.12e-09
 4.51808e+16	2.53e-01	7.47e-01	1.17e-09
 4.51952e+16	2.64e-01	7.36e-01	1.21e-09
 4.52096e+16	2.74e-01	7.26e-01	1.26e-09
 4.52236e+16	2.85e-01	7.15e-01	1.31e-09
 4.52371e+16	2.97e-01	7.03e-01	1.36e-09
 4.52505e+16	3.08e-01	6.92e-01	1.41e-09
 4.52636e+16	3.20e-01	6.80e-01	1.45e-09
 4.52765e+16	3.32e-01	6.68e-01	1.50e-09
 4.52892e+16	3.45e-01	6.55e-01	1.55e-09
 4.53016e+16	3.57e-01	6.43e-01	1.60e-09
 4.53138e+16	3.70e-01	6.30e-01	1.65e-09
 4.53258e+16	3.83e-01	6.17e-01	1.70e-09
 4.53377e+16	3.97e-01	6.03e-01	1.75e-09
 4.53493e+16	4.10e-01	5.90e-01	1.80e-09
 4.53607e+16	4.24e-01	5.76e-01	1.85e-09
 4.53719e+16	4.38e-01	5.62e-01	1.90e-09
 4.53829e+16	4.52e-01	5.48e-01	1.94e-09
 4.53937e+16	4.67e-01	5.33e-01	1.99e-09
 4.54044e+16	4.81e-01	5.19e-01	2.03e-09
 4.54149e+16	4.95e-01	5.05e-01	2.08e-09
 4.54252e+16	5.10e-01	4.90e-01	2.12e-09
 4.54354e+16	5.24e-01	4.76e-01	2.16e-09
 4.54453e+16	5.39e-01	4.61e-01	2.20e-09
 4.54549e+16	5.53e-01	4.47e-01	2.24e-09
 4.54643e+16	5.67e-01	4.33e-01	2.27e-09
 4.54735e+16	5.81e-01	4.19e-01	2.30e-09
 4.54826e+16	5.94e-01	4.06e-01	2.33e-09
 4.54912e+16	6.08e-01	3.92e-01	2.36e-09
 4.54997e+16	6.21e-01	3.79e-01	2.39e-09
 4.55080e+16	6.34e-01	3.66e-01	2.41e-09
 4.55162e+16	6.46e-01	3.54e-01	2.43e-09
 4.55241e+16	6.59e-01	3.41e-01	2.45e-09
 4.55319e+16	6.71e-01	3.29e-01	2.47e-09
 4.55395e+16	6.83e-01	3.17e-01	2.48e-09
 4.55470e+16	6.94e-01	3.06e-01	2.49e-09
 4.55543e+16	7.05e-01	2.95e-01	2.50e-09
 4.55615e+16	7.16e-01	2.84e-01	2.51e-09
 4.55685e+16	7.27e-01	2.73e-01	2.51e-09
 4.55754e+16	7.37e-01	2.63e-01	2.52e-09
 4.55821e+16	7.47e-01	2.53e-01	2.52e-09
 4.55888e+16	7.57e-01	2.43e-01	2.52e-09
 4.55953e+16	7.67e-01	2.33e-01	2.52e-09
 4.56016e+16	7.76e-01	2.24e-01	2.51e-09
 4.56078e+16	7.85e-01	2.15e-01	2.51e-09
 4.56140e+16	7.93e-01	2.07e-01	2.50e-09
 4.56201e+16	8.02e-01	1.98e-01	2.49e-09
 4.56260e+16	8.10e-01	1.90e-01	2.48e-09
 4.56319e+16	8.17e-01	1.83e-01	2.47e-09
 4.56376e+16	8.25e-01	1.75e-01	2.45e-09
 4.56433e+16	8.32e-01	1.68e-01	2.43e-09
 4.56488e+16	8.39e-01	1.61e-01	2.42e-09
 4.56542e+16	8.46e-01	1.54e-01	2.40e-09
 4.56596e+16	8.52e-01	1.48e-01	2.38e-09
 4.56649e+16	8.59e-01	1.41e-01	2.35e-09
 4.56701e+16	8.65e-01	1.35e-01	2.33e-09
 4.56752e+16	8.71e-01	1.29e-01	2.30e-09
 4.56802e+16	8.76e-01	1.24e-01	2.28e-09
 4.56850e+16	8.81e-01	1.19e-01	2.25e-09
 4.56899e+16	8.87e-01	1.13e-01	2.22e-09
 4.56946e+16	8.92e-01	1.08e-01	2.19e-09
 4.56992e+16	8.96e-01	1.04e-01	2.16e-09
 4.57037e+16	9.01e-01	9.92e-02	2.14e-09
 4.57082e+16	9.05e-01	9.46e-02	2.10e-09
 4.57126e+16	9.10e-01	9.05e-02	2.06e-09
 4.57168e+16	9.13e-01	8.65e-02	2.03e-09
 4.57209e+16	9.17e-01	8.27e-02	2.00e-09
 4.57250e+16	9.21e-01	7.91e-02	1.96e-09
 4.57290e+16	9.24e-01	7.55e-02	1.92e-09
 4.57329e+16	9.28e-01	7.22e-02	1.89e-09
 4.57366e+16	9.31e-01	6.90e-02	1.85e-09
 4.57403e+16	9.34e-01	6.59e-02	1.81e-09
 4.57439e+16	9.37e-01	6.30e-02	1.77e-09
 4.57472e+16	9.40e-01	6.03e-02	1.73e-09
 4.57504e+16	9.42e-01	5.78e-02	1.69e-09
 4.57533e+16	9.44e-01	5.55e-02	1.65e-09
 4.57560e+16	9.47e-01	5.34e-02	1.62e-09
 4.57585e+16	9.49e-01	5.15e-02	1.58e-09
 4.57608e+16	9.50e-01	4.97e-02	1.55e-09
 4.57630e+16	9.52e-01	4.80e-02	1.51e-09
 4.57651e+16	9.54e-01	4.64e-02	1.48e-09
 4.57670e+16	9.55e-01	4.50e-02	1.45e-09
 4.57687e+16	9.56e-01	4.36e-02	1.42e-09
 4.57704e+16	9.58e-01	4.24e-02	1.39e-09
 4.57720e+16	9.59e-01	4.12e-02	1.36e-09
 4.57734e+16	9.60e-01	4.01e-02	1.33e-09
 4.57748e+16	9.61e-01	3.90e-02	1.30e-09
 4.57761e+16	9.62e-01	3.80e-02	1.28e-09
 4.57773e+16	9.63e-01	3.71e-02	1.25e-09
 4.57785e+16	9.64e-01	3.62e-02	1.23e-09
 4.57795e+16	9.65e-01	3.54e-02	1.20e-09
 4.57805e+16	9.65e-01	3.46e-02	1.18e-09
 4.57815e+16	9.66e-01	3.39e-02	1.15e-09
 4.57824e+16	9.67e-01	3.31e-02	1.13e-09
 4.57833e+16	9.68e-01	3.24e-02	1.11e-09
 4.57841e+16	9.68e-01	3.17e-02	1.08e-09
 4.57848e+16	9.69e-01	3.11e-02	1.06e-09
 4.57855e+16	9.69e-01	3.05e-02	1.04e-09
 4.57862e+16	9.70e-01	2.99e-02	1.02e-09
 4.57868e+16	9.71e-01	2.94e-02	9.98e-10
 4.57874e+16	9.71e-01	2.88e-02	9.78e-10
 4.57880e+16	9.72e-01	2.83e-02	9.57e-10
