#depth	O	O+	O+2	O+3	O+4	O+5	O+6	O+7	O+8	O[1]	O[2]	O[3]
 2.25321e+11	3.18e-05	3.23e-02	9.65e-01	2.15e-03	0.00e+00	0.00e+00	0.00e+00	0.00e+00	0.00e+00	2.29e-05	6.15e-06	2.78e-06
 1.35193e+12	3.17e-05	3.24e-02	9.65e-01	2.14e-03	0.00e+00	0.00e+00	0.00e+00	0.00e+00	0.00e+00	2.28e-05	6.14e-06	2.78e-06
 5.85834e+12	3.18e-05	3.24e-02	9.65e-01	2.11e-03	0.00e+00	0.00e+00	0.00e+00	0.00e+00	0.00e+00	2.29e-05	6.15e-06	2.79e-06
 2.38840e+13	3.20e-05	3.25e-02	9.65e-01	1.98e-03	0.00e+00	0.00e+00	0.00e+00	0.00e+00	0.00e+00	2.30e-05	6.20e-06	2.81e-06
 5.70513e+13	3.19e-05	3.27e-02	9.65e-01	1.79e-03	0.00e+00	0.00e+00	0.00e+00	0.00e+00	0.00e+00	2.29e-05	6.20e-06	2.83e-06
 1.00169e+14	3.20e-05	3.29e-02	9.65e-01	1.57e-03	0.00e+00	0.00e+00	0.00e+00	0.00e+00	0.00e+00	2.29e-05	6.22e-06	2.84e-06
 1.56221e+14	3.21e-05	3.32e-02	9.65e-01	1.33e-03	0.00e+00	0.00e+00	0.00e+00	0.00e+00	0.00e+00	2.30e-05	6.25e-06	2.85e-06
 2.29090e+14	3.24e-05	3.36e-02	9.65e-01	1.07e-03	0.00e+00	0.00e+00	0.00e+00	0.00e+00	0.00e+00	2.33e-05	6.30e-06	2.88e-06
 3.23819e+14	3.29e-05	3.41e-02	9.65e-01	8.02e-04	0.00e+00	0.00e+00	0.00e+00	0.00e+00	0.00e+00	2.36e-05	6.38e-06	2.92e-06
 4.46966e+14	3.34e-05	3.48e-02	9.65e-01	5.54e-04	0.00e+00	0.00e+00	0.00e+00	0.00e+00	0.00e+00	2.40e-05	6.48e-06	2.97e-06
 6.07058e+14	3.43e-05	3.58e-02	9.64e-01	3.43e-04	0.00e+00	0.00e+00	0.00e+00	0.00e+00	0.00e+00	2.46e-05	6.65e-06	3.04e-06
 8.15178e+14	3.56e-05	3.70e-02	9.63e-01	1.84e-04	0.00e+00	0.00e+00	0.00e+00	0.00e+00	0.00e+00	2.55e-05	6.88e-06	3.15e-06
 1.08573e+15	3.74e-05	3.88e-02	9.61e-01	8.34e-05	0.00e+00	0.00e+00	0.00e+00	0.00e+00	0.00e+00	2.68e-05	7.21e-06	3.30e-06
 1.43746e+15	4.00e-05	4.13e-02	9.59e-01	3.03e-05	0.00e+00	0.00e+00	0.00e+00	0.00e+00	0.00e+00	2.87e-05	7.71e-06	3.53e-06
 1.89469e+15	4.38e-05	4.48e-02	9.55e-01	8.41e-06	0.00e+00	0.00e+00	0.00e+00	0.00e+00	0.00e+00	3.15e-05	8.43e-06	3.86e-06
 2.48910e+15	4.95e-05	4.98e-02	9.50e-01	1.69e-06	0.00e+00	0.00e+00	0.00e+00	0.00e+00	0.00e+00	3.57e-05	9.52e-06	4.36e-06
 3.15448e+15	5.66e-05	5.64e-02	9.44e-01	2.93e-07	0.00e+00	0.00e+00	0.00e+00	0.00e+00	0.00e+00	4.08e-05	1.09e-05	4.98e-06
 3.72704e+15	6.34e-05	6.29e-02	9.37e-01	0.00e+00	0.00e+00	0.00e+00	0.00e+00	0.00e+00	0.00e+00	4.57e-05	1.22e-05	5.58e-06
 4.28629e+15	7.27e-05	7.04e-02	9.30e-01	0.00e+00	0.00e+00	0.00e+00	0.00e+00	0.00e+00	0.00e+00	5.23e-05	1.39e-05	6.40e-06
 5.01333e+15	8.73e-05	8.17e-02	9.18e-01	0.00e+00	0.00e+00	0.00e+00	0.00e+00	0.00e+00	0.00e+00	6.28e-05	1.67e-05	7.70e-06
 5.69547e+15	1.03e-04	9.45e-02	9.05e-01	0.00e+00	0.00e+00	0.00e+00	0.00e+00	0.00e+00	0.00e+00	7.39e-05	1.97e-05	9.06e-06
 6.23271e+15	1.19e-04	1.07e-01	8.93e-01	0.00e+00	0.00e+00	0.00e+00	0.00e+00	0.00e+00	0.00e+00	8.56e-05	2.28e-05	1.05e-05
 6.82367e+15	1.42e-04	1.23e-01	8.77e-01	0.00e+00	0.00e+00	0.00e+00	0.00e+00	0.00e+00	0.00e+00	1.02e-04	2.72e-05	1.26e-05
 7.46817e+15	1.72e-04	1.45e-01	8.55e-01	0.00e+00	0.00e+00	0.00e+00	0.00e+00	0.00e+00	0.00e+00	1.24e-04	3.32e-05	1.54e-05
 8.06974e+15	2.09e-04	1.70e-01	8.30e-01	0.00e+00	0.00e+00	0.00e+00	0.00e+00	0.00e+00	0.00e+00	1.50e-04	4.04e-05	1.87e-05
 8.61037e+15	2.52e-04	1.97e-01	8.02e-01	0.00e+00	0.00e+00	0.00e+00	0.00e+00	0.00e+00	0.00e+00	1.81e-04	4.89e-05	2.26e-05
 9.12390e+15	3.04e-04	2.30e-01	7.70e-01	0.00e+00	0.00e+00	0.00e+00	0.00e+00	0.00e+00	0.00e+00	2.18e-04	5.91e-05	2.74e-05
 9.70919e+15	3.81e-04	2.75e-01	7.24e-01	0.00e+00	0.00e+00	0.00e+00	0.00e+00	0.00e+00	0.00e+00	2.72e-04	7.43e-05	3.45e-05
 1.03156e+16	4.82e-04	3.34e-01	6.66e-01	0.00e+00	0.00e+00	0.00e+00	0.00e+00	0.00e+00	0.00e+00	3.44e-04	9.45e-05	4.39e-05
 1.08132e+16	5.90e-04	3.93e-01	6.07e-01	0.00e+00	0.00e+00	0.00e+00	0.00e+00	0.00e+00	0.00e+00	4.20e-04	1.16e-04	5.40e-05
 1.12481e+16	7.06e-04	4.53e-01	5.46e-01	0.00e+00	0.00e+00	0.00e+00	0.00e+00	0.00e+00	0.00e+00	5.01e-04	1.39e-04	6.49e-05
 1.16942e+16	8.45e-04	5.22e-01	4.77e-01	0.00e+00	0.00e+00	0.00e+00	0.00e+00	0.00e+00	0.00e+00	5.99e-04	1.68e-04	7.82e-05
 1.21569e+16	1.01e-03	5.98e-01	4.01e-01	0.00e+00	0.00e+00	0.00e+00	0.00e+00	0.00e+00	0.00e+00	7.15e-04	2.01e-04	9.39e-05
 1.26118e+16	1.19e-03	6.75e-01	3.24e-01	0.00e+00	0.00e+00	0.00e+00	0.00e+00	0.00e+00	0.00e+00	8.40e-04	2.38e-04	1.11e-04
 1.30562e+16	1.38e-03	7.46e-01	2.53e-01	0.00e+00	0.00e+00	0.00e+00	0.00e+00	0.00e+00	0.00e+00	9.70e-04	2.77e-04	1.29e-04
 1.35057e+16	1.57e-03	8.09e-01	1.89e-01	0.00e+00	0.00e+00	0.00e+00	0.00e+00	0.00e+00	0.00e+00	1.10e-03	3.16e-04	1.48e-04
 1.39822e+16	1.77e-03	8.64e-01	1.35e-01	0.00e+00	0.00e+00	0.00e+00	0.00e+00	0.00e+00	0.00e+00	1.24e-03	3.58e-04	1.67e-04
 1.45000e+16	1.98e-03	9.08e-01	9.00e-02	0.00e+00	0.00e+00	0.00e+00	0.00e+00	0.00e+00	0.00e+00	1.39e-03	4.04e-04	1.88e-04
 1.50215e+16	2.20e-03	9.39e-01	5.89e-02	0.00e+00	0.00e+00	0.00e+00	0.00e+00	0.00e+00	0.00e+00	1.54e-03	4.50e-04	2.10e-04
 1.54956e+16	2.42e-03	9.58e-01	3.95e-02	0.00e+00	0.00e+00	0.00e+00	0.00e+00	0.00e+00	0.00e+00	1.69e-03	4.95e-04	2.31e-04
 1.59367e+16	2.63e-03	9.70e-01	2.69e-02	0.00e+00	0.00e+00	0.00e+00	0.00e+00	0.00e+00	0.00e+00	1.84e-03	5.40e-04	2.52e-04
 1.63622e+16	2.86e-03	9.79e-01	1.84e-02	0.00e+00	0.00e+00	0.00e+00	0.00e+00	0.00e+00	0.00e+00	2.00e-03	5.88e-04	2.74e-04
 1.67677e+16	3.10e-03	9.84e-01	1.27e-02	0.00e+00	0.00e+00	0.00e+00	0.00e+00	0.00e+00	0.00e+00	2.17e-03	6.39e-04	2.97e-04
 1.71048e+16	3.34e-03	9.87e-01	9.32e-03	0.00e+00	0.00e+00	0.00e+00	0.00e+00	0.00e+00	0.00e+00	2.33e-03	6.88e-04	3.20e-04
 1.73467e+16	3.53e-03	9.89e-01	7.35e-03	0.00e+00	0.00e+00	0.00e+00	0.00e+00	0.00e+00	0.00e+00	2.46e-03	7.28e-04	3.38e-04
 1.75459e+16	3.69e-03	9.90e-01	5.99e-03	0.00e+00	0.00e+00	0.00e+00	0.00e+00	0.00e+00	0.00e+00	2.58e-03	7.61e-04	3.54e-04
 1.77693e+16	3.87e-03	9.91e-01	4.70e-03	0.00e+00	0.00e+00	0.00e+00	0.00e+00	0.00e+00	0.00e+00	2.70e-03	7.98e-04	3.71e-04
 1.80122e+16	4.08e-03	9.92e-01	3.58e-03	0.00e+00	0.00e+00	0.00e+00	0.00e+00	0.00e+00	0.00e+00	2.85e-03	8.43e-04	3.92e-04
 1.82111e+16	4.30e-03	9.93e-01	2.81e-03	0.00e+00	0.00e+00	0.00e+00	0.00e+00	0.00e+00	0.00e+00	3.00e-03	8.89e-04	4.13e-04
 1.83568e+16	4.47e-03	9.93e-01	2.32e-03	0.00e+00	0.00e+00	0.00e+00	0.00e+00	0.00e+00	0.00e+00	3.12e-03	9.22e-04	4.28e-04
 1.84823e+16	4.60e-03	9.93e-01	1.94e-03	0.00e+00	0.00e+00	0.00e+00	0.00e+00	0.00e+00	0.00e+00	3.21e-03	9.50e-04	4.41e-04
 1.86252e+16	4.75e-03	9.94e-01	1.56e-03	0.00e+00	0.00e+00	0.00e+00	0.00e+00	0.00e+00	0.00e+00	3.31e-03	9.82e-04	4.56e-04
 1.87793e+16	4.93e-03	9.94e-01	1.20e-03	0.00e+00	0.00e+00	0.00e+00	0.00e+00	0.00e+00	0.00e+00	3.44e-03	1.02e-03	4.74e-04
 1.89029e+16	5.10e-03	9.94e-01	9.52e-04	0.00e+00	0.00e+00	0.00e+00	0.00e+00	0.00e+00	0.00e+00	3.56e-03	1.06e-03	4.90e-04
 1.89919e+16	5.22e-03	9.94e-01	7.88e-04	0.00e+00	0.00e+00	0.00e+00	0.00e+00	0.00e+00	0.00e+00	3.64e-03	1.08e-03	5.01e-04
 1.90809e+16	5.32e-03	9.94e-01	6.37e-04	0.00e+00	0.00e+00	0.00e+00	0.00e+00	0.00e+00	0.00e+00	3.71e-03	1.10e-03	5.11e-04
 1.91800e+16	5.45e-03	9.94e-01	4.92e-04	0.00e+00	0.00e+00	0.00e+00	0.00e+00	0.00e+00	0.00e+00	3.80e-03	1.13e-03	5.24e-04
 1.92688e+16	5.57e-03	9.94e-01	3.79e-04	0.00e+00	0.00e+00	0.00e+00	0.00e+00	0.00e+00	0.00e+00	3.88e-03	1.15e-03	5.35e-04
 1.93432e+16	5.66e-03	9.94e-01	2.97e-04	0.00e+00	0.00e+00	0.00e+00	0.00e+00	0.00e+00	0.00e+00	3.94e-03	1.17e-03	5.44e-04
 1.94225e+16	5.73e-03	9.94e-01	2.23e-04	0.00e+00	0.00e+00	0.00e+00	0.00e+00	0.00e+00	0.00e+00	4.00e-03	1.19e-03	5.52e-04
 1.95255e+16	5.84e-03	9.94e-01	1.50e-04	0.00e+00	0.00e+00	0.00e+00	0.00e+00	0.00e+00	0.00e+00	4.07e-03	1.21e-03	5.62e-04
 1.96353e+16	5.96e-03	9.94e-01	9.48e-05	0.00e+00	0.00e+00	0.00e+00	0.00e+00	0.00e+00	0.00e+00	4.15e-03	1.24e-03	5.74e-04
 1.97378e+16	6.09e-03	9.94e-01	6.02e-05	0.00e+00	0.00e+00	0.00e+00	0.00e+00	0.00e+00	0.00e+00	4.24e-03	1.26e-03	5.87e-04
 1.98553e+16	6.22e-03	9.94e-01	3.56e-05	0.00e+00	0.00e+00	0.00e+00	0.00e+00	0.00e+00	0.00e+00	4.33e-03	1.29e-03	6.00e-04
 2.00079e+16	6.40e-03	9.94e-01	1.81e-05	0.00e+00	0.00e+00	0.00e+00	0.00e+00	0.00e+00	0.00e+00	4.45e-03	1.33e-03	6.19e-04
 2.02064e+16	6.66e-03	9.93e-01	7.67e-06	0.00e+00	0.00e+00	0.00e+00	0.00e+00	0.00e+00	0.00e+00	4.63e-03	1.39e-03	6.45e-04
 2.04645e+16	7.02e-03	9.93e-01	2.61e-06	0.00e+00	0.00e+00	0.00e+00	0.00e+00	0.00e+00	0.00e+00	4.87e-03	1.47e-03	6.83e-04
 2.07965e+16	7.54e-03	9.92e-01	6.91e-07	0.00e+00	0.00e+00	0.00e+00	0.00e+00	0.00e+00	0.00e+00	5.22e-03	1.58e-03	7.37e-04
 2.11631e+16	8.26e-03	9.92e-01	1.66e-07	0.00e+00	0.00e+00	0.00e+00	0.00e+00	0.00e+00	0.00e+00	5.71e-03	1.74e-03	8.11e-04
 2.15109e+16	9.07e-03	9.91e-01	4.50e-08	0.00e+00	0.00e+00	0.00e+00	0.00e+00	0.00e+00	0.00e+00	6.26e-03	1.92e-03	8.94e-04
 2.18397e+16	9.95e-03	9.90e-01	1.35e-08	0.00e+00	0.00e+00	0.00e+00	0.00e+00	0.00e+00	0.00e+00	6.85e-03	2.12e-03	9.85e-04
 2.21599e+16	1.10e-02	9.89e-01	4.28e-09	0.00e+00	0.00e+00	0.00e+00	0.00e+00	0.00e+00	0.00e+00	7.53e-03	2.34e-03	1.09e-03
 2.24748e+16	1.21e-02	9.88e-01	1.41e-09	0.00e+00	0.00e+00	0.00e+00	0.00e+00	0.00e+00	0.00e+00	8.31e-03	2.60e-03	1.21e-03
 2.27837e+16	1.35e-02	9.87e-01	4.80e-10	0.00e+00	0.00e+00	0.00e+00	0.00e+00	0.00e+00	0.00e+00	9.22e-03	2.90e-03	1.35e-03
 2.30820e+16	1.51e-02	9.85e-01	1.73e-10	0.00e+00	0.00e+00	0.00e+00	0.00e+00	0.00e+00	0.00e+00	1.03e-02	3.26e-03	1.52e-03
 2.33790e+16	1.70e-02	9.83e-01	6.48e-11	0.00e+00	0.00e+00	0.00e+00	0.00e+00	0.00e+00	0.00e+00	1.16e-02	3.69e-03	1.71e-03
 2.36791e+16	1.94e-02	9.81e-01	2.58e-11	0.00e+00	0.00e+00	0.00e+00	0.00e+00	0.00e+00	0.00e+00	1.33e-02	4.23e-03	1.96e-03
 2.39734e+16	2.25e-02	9.77e-01	1.20e-11	0.00e+00	0.00e+00	0.00e+00	0.00e+00	0.00e+00	0.00e+00	1.53e-02	4.92e-03	2.27e-03
 2.42649e+16	2.65e-02	9.73e-01	6.90e-12	0.00e+00	0.00e+00	0.00e+00	0.00e+00	0.00e+00	0.00e+00	1.80e-02	5.81e-03	2.68e-03
 2.45547e+16	3.20e-02	9.68e-01	4.84e-12	0.00e+00	0.00e+00	0.00e+00	0.00e+00	0.00e+00	0.00e+00	2.17e-02	7.01e-03	3.22e-03
 2.48391e+16	3.96e-02	9.60e-01	3.89e-12	0.00e+00	0.00e+00	0.00e+00	0.00e+00	0.00e+00	0.00e+00	2.69e-02	8.71e-03	4.00e-03
 2.50967e+16	5.04e-02	9.50e-01	3.36e-12	0.00e+00	0.00e+00	0.00e+00	0.00e+00	0.00e+00	0.00e+00	3.42e-02	1.11e-02	5.07e-03
 2.53005e+16	6.37e-02	9.36e-01	3.00e-12	0.00e+00	0.00e+00	0.00e+00	0.00e+00	0.00e+00	0.00e+00	4.33e-02	1.40e-02	6.41e-03
 2.54523e+16	7.88e-02	9.21e-01	2.67e-12	0.00e+00	0.00e+00	0.00e+00	0.00e+00	0.00e+00	0.00e+00	5.36e-02	1.73e-02	7.92e-03
 2.55588e+16	9.36e-02	9.06e-01	2.57e-12	0.00e+00	0.00e+00	0.00e+00	0.00e+00	0.00e+00	0.00e+00	6.37e-02	2.04e-02	9.39e-03
 2.56330e+16	1.07e-01	8.93e-01	2.45e-12	0.00e+00	0.00e+00	0.00e+00	0.00e+00	0.00e+00	0.00e+00	7.28e-02	2.32e-02	1.07e-02
 2.57086e+16	1.23e-01	8.77e-01	2.34e-12	0.00e+00	0.00e+00	0.00e+00	0.00e+00	0.00e+00	0.00e+00	8.39e-02	2.66e-02	1.23e-02
 2.57936e+16	1.47e-01	8.53e-01	2.22e-12	0.00e+00	0.00e+00	0.00e+00	0.00e+00	0.00e+00	0.00e+00	1.00e-01	3.16e-02	1.46e-02
 2.58680e+16	1.75e-01	8.25e-01	2.13e-12	0.00e+00	0.00e+00	0.00e+00	0.00e+00	0.00e+00	0.00e+00	1.20e-01	3.74e-02	1.75e-02
 2.59313e+16	2.07e-01	7.93e-01	2.05e-12	0.00e+00	0.00e+00	0.00e+00	0.00e+00	0.00e+00	0.00e+00	1.43e-01	4.38e-02	2.06e-02
 2.59935e+16	2.47e-01	7.53e-01	1.98e-12	0.00e+00	0.00e+00	0.00e+00	0.00e+00	0.00e+00	0.00e+00	1.71e-01	5.16e-02	2.45e-02
 2.60519e+16	2.97e-01	7.03e-01	1.92e-12	0.00e+00	0.00e+00	0.00e+00	0.00e+00	0.00e+00	0.00e+00	2.07e-01	6.08e-02	2.92e-02
 2.60977e+16	3.47e-01	6.53e-01	1.88e-12	0.00e+00	0.00e+00	0.00e+00	0.00e+00	0.00e+00	0.00e+00	2.44e-01	6.96e-02	3.39e-02
 2.61274e+16	3.86e-01	6.14e-01	1.86e-12	0.00e+00	0.00e+00	0.00e+00	0.00e+00	0.00e+00	0.00e+00	2.73e-01	7.60e-02	3.74e-02
 2.61470e+16	4.14e-01	5.86e-01	1.83e-12	0.00e+00	0.00e+00	0.00e+00	0.00e+00	0.00e+00	0.00e+00	2.93e-01	8.04e-02	3.98e-02
 2.61636e+16	4.38e-01	5.62e-01	1.82e-12	0.00e+00	0.00e+00	0.00e+00	0.00e+00	0.00e+00	0.00e+00	3.12e-01	8.40e-02	4.20e-02
 2.61805e+16	4.65e-01	5.35e-01	1.79e-12	0.00e+00	0.00e+00	0.00e+00	0.00e+00	0.00e+00	0.00e+00	3.33e-01	8.78e-02	4.43e-02
 2.61975e+16	4.92e-01	5.08e-01	1.78e-12	0.00e+00	0.00e+00	0.00e+00	0.00e+00	0.00e+00	0.00e+00	3.54e-01	9.15e-02	4.66e-02
 2.62126e+16	5.18e-01	4.82e-01	1.75e-12	0.00e+00	0.00e+00	0.00e+00	0.00e+00	0.00e+00	0.00e+00	3.75e-01	9.47e-02	4.87e-02
 2.62253e+16	5.40e-01	4.60e-01	1.74e-12	0.00e+00	0.00e+00	0.00e+00	0.00e+00	0.00e+00	0.00e+00	3.92e-01	9.72e-02	5.03e-02
 2.62366e+16	5.60e-01	4.40e-01	1.72e-12	0.00e+00	0.00e+00	0.00e+00	0.00e+00	0.00e+00	0.00e+00	4.09e-01	9.94e-02	5.19e-02
 2.62474e+16	5.79e-01	4.21e-01	1.71e-12	0.00e+00	0.00e+00	0.00e+00	0.00e+00	0.00e+00	0.00e+00	4.25e-01	1.01e-01	5.33e-02
 2.62579e+16	5.98e-01	4.02e-01	1.68e-12	0.00e+00	0.00e+00	0.00e+00	0.00e+00	0.00e+00	0.00e+00	4.41e-01	1.03e-01	5.47e-02
 2.62664e+16	6.14e-01	3.86e-01	1.67e-12	0.00e+00	0.00e+00	0.00e+00	0.00e+00	0.00e+00	0.00e+00	4.54e-01	1.04e-01	5.57e-02
 2.62725e+16	6.25e-01	3.75e-01	1.65e-12	0.00e+00	0.00e+00	0.00e+00	0.00e+00	0.00e+00	0.00e+00	4.63e-01	1.05e-01	5.64e-02
 2.62783e+16	6.35e-01	3.65e-01	1.64e-12	0.00e+00	0.00e+00	0.00e+00	0.00e+00	0.00e+00	0.00e+00	4.72e-01	1.06e-01	5.71e-02
 2.62847e+16	6.47e-01	3.53e-01	1.62e-12	0.00e+00	0.00e+00	0.00e+00	0.00e+00	0.00e+00	0.00e+00	4.83e-01	1.07e-01	5.78e-02
 2.62916e+16	6.59e-01	3.41e-01	1.60e-12	0.00e+00	0.00e+00	0.00e+00	0.00e+00	0.00e+00	0.00e+00	4.93e-01	1.07e-01	5.86e-02
 2.62982e+16	6.71e-01	3.29e-01	1.59e-12	0.00e+00	0.00e+00	0.00e+00	0.00e+00	0.00e+00	0.00e+00	5.04e-01	1.08e-01	5.92e-02
 2.63046e+16	6.83e-01	3.17e-01	1.57e-12	0.00e+00	0.00e+00	0.00e+00	0.00e+00	0.00e+00	0.00e+00	5.14e-01	1.08e-01	5.98e-02
 2.63109e+16	6.94e-01	3.06e-01	1.55e-12	0.00e+00	0.00e+00	0.00e+00	0.00e+00	0.00e+00	0.00e+00	5.24e-01	1.09e-01	6.04e-02
 2.63171e+16	7.05e-01	2.95e-01	1.53e-12	0.00e+00	0.00e+00	0.00e+00	0.00e+00	0.00e+00	0.00e+00	5.34e-01	1.09e-01	6.09e-02
 2.63234e+16	7.15e-01	2.85e-01	1.51e-12	0.00e+00	0.00e+00	0.00e+00	0.00e+00	0.00e+00	0.00e+00	5.44e-01	1.09e-01	6.14e-02
 2.63296e+16	7.26e-01	2.74e-01	1.49e-12	0.00e+00	0.00e+00	0.00e+00	0.00e+00	0.00e+00	0.00e+00	5.55e-01	1.10e-01	6.18e-02
 2.63357e+16	7.36e-01	2.64e-01	1.47e-12	0.00e+00	0.00e+00	0.00e+00	0.00e+00	0.00e+00	0.00e+00	5.64e-01	1.10e-01	6.22e-02
 2.63417e+16	7.46e-01	2.54e-01	1.45e-12	0.00e+00	0.00e+00	0.00e+00	0.00e+00	0.00e+00	0.00e+00	5.74e-01	1.10e-01	6.26e-02
 2.63478e+16	7.56e-01	2.44e-01	1.42e-12	0.00e+00	0.00e+00	0.00e+00	0.00e+00	0.00e+00	0.00e+00	5.84e-01	1.09e-01	6.28e-02
 2.63538e+16	7.65e-01	2.35e-01	1.40e-12	0.00e+00	0.00e+00	0.00e+00	0.00e+00	0.00e+00	0.00e+00	5.93e-01	1.09e-01	6.30e-02
 2.63597e+16	7.74e-01	2.26e-01	1.38e-12	0.00e+00	0.00e+00	0.00e+00	0.00e+00	0.00e+00	0.00e+00	6.02e-01	1.09e-01	6.32e-02
 2.63656e+16	7.83e-01	2.17e-01	1.36e-12	0.00e+00	0.00e+00	0.00e+00	0.00e+00	0.00e+00	0.00e+00	6.11e-01	1.09e-01	6.33e-02
 2.63716e+16	7.92e-01	2.08e-01	1.33e-12	0.00e+00	0.00e+00	0.00e+00	0.00e+00	0.00e+00	0.00e+00	6.20e-01	1.08e-01	6.33e-02
 2.63775e+16	8.01e-01	1.99e-01	1.31e-12	0.00e+00	0.00e+00	0.00e+00	0.00e+00	0.00e+00	0.00e+00	6.29e-01	1.08e-01	6.33e-02
 2.63831e+16	8.08e-01	1.92e-01	1.28e-12	0.00e+00	0.00e+00	0.00e+00	0.00e+00	0.00e+00	0.00e+00	6.38e-01	1.07e-01	6.33e-02
 2.63888e+16	8.16e-01	1.84e-01	1.26e-12	0.00e+00	0.00e+00	0.00e+00	0.00e+00	0.00e+00	0.00e+00	6.46e-01	1.07e-01	6.32e-02
 2.63945e+16	8.24e-01	1.76e-01	1.23e-12	0.00e+00	0.00e+00	0.00e+00	0.00e+00	0.00e+00	0.00e+00	6.55e-01	1.06e-01	6.31e-02
 2.64001e+16	8.31e-01	1.69e-01	1.21e-12	0.00e+00	0.00e+00	0.00e+00	0.00e+00	0.00e+00	0.00e+00	6.63e-01	1.06e-01	6.30e-02
 2.64057e+16	8.38e-01	1.62e-01	1.19e-12	0.00e+00	0.00e+00	0.00e+00	0.00e+00	0.00e+00	0.00e+00	6.70e-01	1.05e-01	6.28e-02
 2.64111e+16	8.44e-01	1.56e-01	1.16e-12	0.00e+00	0.00e+00	0.00e+00	0.00e+00	0.00e+00	0.00e+00	6.78e-01	1.04e-01	6.26e-02
 2.64165e+16	8.51e-01	1.49e-01	1.14e-12	0.00e+00	0.00e+00	0.00e+00	0.00e+00	0.00e+00	0.00e+00	6.85e-01	1.04e-01	6.24e-02
 2.64218e+16	8.57e-01	1.43e-01	1.11e-12	0.00e+00	0.00e+00	0.00e+00	0.00e+00	0.00e+00	0.00e+00	6.92e-01	1.03e-01	6.22e-02
 2.64271e+16	8.63e-01	1.37e-01	1.09e-12	0.00e+00	0.00e+00	0.00e+00	0.00e+00	0.00e+00	0.00e+00	6.99e-01	1.02e-01	6.19e-02
 2.64323e+16	8.68e-01	1.32e-01	1.07e-12	0.00e+00	0.00e+00	0.00e+00	0.00e+00	0.00e+00	0.00e+00	7.05e-01	1.01e-01	6.17e-02
 2.64375e+16	8.74e-01	1.26e-01	1.05e-12	0.00e+00	0.00e+00	0.00e+00	0.00e+00	0.00e+00	0.00e+00	7.12e-01	1.01e-01	6.14e-02
 2.64426e+16	8.79e-01	1.21e-01	1.02e-12	0.00e+00	0.00e+00	0.00e+00	0.00e+00	0.00e+00	0.00e+00	7.18e-01	9.99e-02	6.11e-02
 2.64476e+16	8.84e-01	1.16e-01	9.99e-13	0.00e+00	0.00e+00	0.00e+00	0.00e+00	0.00e+00	0.00e+00	7.24e-01	9.91e-02	6.08e-02
 2.64527e+16	8.88e-01	1.12e-01	9.77e-13	0.00e+00	0.00e+00	0.00e+00	0.00e+00	0.00e+00	0.00e+00	7.30e-01	9.83e-02	6.05e-02
 2.64576e+16	8.93e-01	1.07e-01	9.54e-13	0.00e+00	0.00e+00	0.00e+00	0.00e+00	0.00e+00	0.00e+00	7.35e-01	9.75e-02	6.01e-02
 2.64625e+16	8.97e-01	1.03e-01	9.34e-13	0.00e+00	0.00e+00	0.00e+00	0.00e+00	0.00e+00	0.00e+00	7.40e-01	9.68e-02	5.99e-02
 2.64674e+16	9.01e-01	9.87e-02	9.12e-13	0.00e+00	0.00e+00	0.00e+00	0.00e+00	0.00e+00	0.00e+00	7.46e-01	9.60e-02	5.95e-02
 2.64723e+16	9.05e-01	9.46e-02	8.91e-13	0.00e+00	0.00e+00	0.00e+00	0.00e+00	0.00e+00	0.00e+00	7.51e-01	9.53e-02	5.92e-02
 2.64771e+16	9.09e-01	9.08e-02	8.70e-13	0.00e+00	0.00e+00	0.00e+00	0.00e+00	0.00e+00	0.00e+00	7.56e-01	9.45e-02	5.88e-02
 2.64819e+16	9.13e-01	8.73e-02	8.50e-13	0.00e+00	0.00e+00	0.00e+00	0.00e+00	0.00e+00	0.00e+00	7.60e-01	9.38e-02	5.85e-02
 2.64867e+16	9.16e-01	8.37e-02	8.30e-13	0.00e+00	0.00e+00	0.00e+00	0.00e+00	0.00e+00	0.00e+00	7.65e-01	9.31e-02	5.82e-02
 2.64915e+16	9.20e-01	8.03e-02	8.10e-13	0.00e+00	0.00e+00	0.00e+00	0.00e+00	0.00e+00	0.00e+00	7.69e-01	9.24e-02	5.78e-02
 2.64961e+16	9.23e-01	7.71e-02	7.90e-13	0.00e+00	0.00e+00	0.00e+00	0.00e+00	0.00e+00	0.00e+00	7.74e-01	9.16e-02	5.75e-02
 2.65008e+16	9.26e-01	7.41e-02	7.71e-13	0.00e+00	0.00e+00	0.00e+00	0.00e+00	0.00e+00	0.00e+00	7.78e-01	9.10e-02	5.72e-02
 2.65055e+16	9.29e-01	7.11e-02	7.53e-13	0.00e+00	0.00e+00	0.00e+00	0.00e+00	0.00e+00	0.00e+00	7.82e-01	9.03e-02	5.68e-02
 2.65101e+16	9.32e-01	6.82e-02	7.35e-13	0.00e+00	0.00e+00	0.00e+00	0.00e+00	0.00e+00	0.00e+00	7.86e-01	8.96e-02	5.65e-02
 2.65147e+16	9.35e-01	6.54e-02	7.16e-13	0.00e+00	0.00e+00	0.00e+00	0.00e+00	0.00e+00	0.00e+00	7.89e-01	8.90e-02	5.62e-02
 2.65193e+16	9.37e-01	6.29e-02	6.99e-13	0.00e+00	0.00e+00	0.00e+00	0.00e+00	0.00e+00	0.00e+00	7.93e-01	8.84e-02	5.59e-02
 2.65239e+16	9.40e-01	6.04e-02	6.82e-13	0.00e+00	0.00e+00	0.00e+00	0.00e+00	0.00e+00	0.00e+00	7.96e-01	8.77e-02	5.55e-02
 2.65284e+16	9.42e-01	5.79e-02	6.65e-13	0.00e+00	0.00e+00	0.00e+00	0.00e+00	0.00e+00	0.00e+00	8.00e-01	8.71e-02	5.52e-02
 2.65328e+16	9.44e-01	5.56e-02	6.48e-13	0.00e+00	0.00e+00	0.00e+00	0.00e+00	0.00e+00	0.00e+00	8.03e-01	8.65e-02	5.49e-02
 2.65374e+16	9.47e-01	5.33e-02	6.32e-13	0.00e+00	0.00e+00	0.00e+00	0.00e+00	0.00e+00	0.00e+00	8.06e-01	8.59e-02	5.46e-02
 2.65419e+16	9.49e-01	5.11e-02	6.16e-13	0.00e+00	0.00e+00	0.00e+00	0.00e+00	0.00e+00	0.00e+00	8.09e-01	8.53e-02	5.43e-02
 2.65463e+16	9.51e-01	4.91e-02	6.01e-13	0.00e+00	0.00e+00	0.00e+00	0.00e+00	0.00e+00	0.00e+00	8.12e-01	8.47e-02	5.40e-02
 2.65507e+16	9.53e-01	4.71e-02	5.86e-13	0.00e+00	0.00e+00	0.00e+00	0.00e+00	0.00e+00	0.00e+00	8.15e-01	8.42e-02	5.37e-02
 2.65551e+16	9.55e-01	4.53e-02	5.72e-13	0.00e+00	0.00e+00	0.00e+00	0.00e+00	0.00e+00	0.00e+00	8.18e-01	8.37e-02	5.34e-02
 2.65594e+16	9.57e-01	4.35e-02	5.58e-13	0.00e+00	0.00e+00	0.00e+00	0.00e+00	0.00e+00	0.00e+00	8.20e-01	8.31e-02	5.31e-02
 2.65637e+16	9.58e-01	4.17e-02	5.44e-13	0.00e+00	0.00e+00	0.00e+00	0.00e+00	0.00e+00	0.00e+00	8.23e-01	8.26e-02	5.28e-02
 2.65680e+16	9.60e-01	4.01e-02	5.31e-13	0.00e+00	0.00e+00	0.00e+00	0.00e+00	0.00e+00	0.00e+00	8.25e-01	8.21e-02	5.26e-02
 2.65722e+16	9.62e-01	3.85e-02	5.18e-13	0.00e+00	0.00e+00	0.00e+00	0.00e+00	0.00e+00	0.00e+00	8.28e-01	8.17e-02	5.23e-02
 2.65764e+16	9.63e-01	3.69e-02	5.06e-13	0.00e+00	0.00e+00	0.00e+00	0.00e+00	0.00e+00	0.00e+00	8.30e-01	8.12e-02	5.20e-02
 2.65805e+16	9.65e-01	3.54e-02	4.93e-13	0.00e+00	0.00e+00	0.00e+00	0.00e+00	0.00e+00	0.00e+00	8.32e-01	8.07e-02	5.18e-02
 2.65847e+16	9.66e-01	3.40e-02	4.81e-13	0.00e+00	0.00e+00	0.00e+00	0.00e+00	0.00e+00	0.00e+00	8.34e-01	8.02e-02	5.15e-02
 2.65887e+16	9.67e-01	3.26e-02	4.70e-13	0.00e+00	0.00e+00	0.00e+00	0.00e+00	0.00e+00	0.00e+00	8.37e-01	7.97e-02	5.12e-02
 2.65928e+16	9.69e-01	3.13e-02	4.59e-13	0.00e+00	0.00e+00	0.00e+00	0.00e+00	0.00e+00	0.00e+00	8.39e-01	7.92e-02	5.09e-02
 2.65968e+16	9.70e-01	3.00e-02	4.48e-13	0.00e+00	0.00e+00	0.00e+00	0.00e+00	0.00e+00	0.00e+00	8.41e-01	7.87e-02	5.07e-02
 2.66007e+16	9.71e-01	2.88e-02	4.38e-13	0.00e+00	0.00e+00	0.00e+00	0.00e+00	0.00e+00	0.00e+00	8.43e-01	7.83e-02	5.04e-02
 2.66046e+16	9.72e-01	2.76e-02	4.28e-13	0.00e+00	0.00e+00	0.00e+00	0.00e+00	0.00e+00	0.00e+00	8.44e-01	7.78e-02	5.01e-02
 2.66084e+16	9.74e-01	2.64e-02	4.18e-13	0.00e+00	0.00e+00	0.00e+00	0.00e+00	0.00e+00	0.00e+00	8.46e-01	7.74e-02	4.99e-02
 2.66122e+16	9.75e-01	2.53e-02	4.09e-13	0.00e+00	0.00e+00	0.00e+00	0.00e+00	0.00e+00	0.00e+00	8.48e-01	7.69e-02	4.96e-02
 2.66159e+16	9.76e-01	2.43e-02	4.00e-13	0.00e+00	0.00e+00	0.00e+00	0.00e+00	0.00e+00	0.00e+00	8.50e-01	7.65e-02	4.93e-02
 2.66195e+16	9.77e-01	2.33e-02	3.91e-13	0.00e+00	0.00e+00	0.00e+00	0.00e+00	0.00e+00	0.00e+00	8.52e-01	7.60e-02	4.90e-02
 2.66231e+16	9.78e-01	2.23e-02	3.83e-13	0.00e+00	0.00e+00	0.00e+00	0.00e+00	0.00e+00	0.00e+00	8.53e-01	7.56e-02	4.87e-02
 2.66265e+16	9.79e-01	2.13e-02	3.75e-13	0.00e+00	0.00e+00	0.00e+00	0.00e+00	0.00e+00	0.00e+00	8.55e-01	7.51e-02	4.84e-02
 2.66296e+16	9.80e-01	2.05e-02	3.68e-13	0.00e+00	0.00e+00	0.00e+00	0.00e+00	0.00e+00	0.00e+00	8.57e-01	7.47e-02	4.82e-02
 2.66324e+16	9.80e-01	1.97e-02	3.62e-13	0.00e+00	0.00e+00	0.00e+00	0.00e+00	0.00e+00	0.00e+00	8.58e-01	7.43e-02	4.79e-02
 2.66350e+16	9.81e-01	1.91e-02	3.56e-13	0.00e+00	0.00e+00	0.00e+00	0.00e+00	0.00e+00	0.00e+00	8.59e-01	7.40e-02	4.76e-02
 2.66374e+16	9.82e-01	1.84e-02	3.51e-13	0.00e+00	0.00e+00	0.00e+00	0.00e+00	0.00e+00	0.00e+00	8.61e-01	7.36e-02	4.74e-02
 2.66396e+16	9.82e-01	1.78e-02	3.46e-13	0.00e+00	0.00e+00	0.00e+00	0.00e+00	0.00e+00	0.00e+00	8.62e-01	7.33e-02	4.72e-02
 2.66416e+16	9.83e-01	1.73e-02	3.41e-13	0.00e+00	0.00e+00	0.00e+00	0.00e+00	0.00e+00	0.00e+00	8.63e-01	7.29e-02	4.69e-02
 2.66435e+16	9.83e-01	1.68e-02	3.37e-13	0.00e+00	0.00e+00	0.00e+00	0.00e+00	0.00e+00	0.00e+00	8.64e-01	7.26e-02	4.67e-02
 2.66452e+16	9.84e-01	1.64e-02	3.32e-13	0.00e+00	0.00e+00	0.00e+00	0.00e+00	0.00e+00	0.00e+00	8.65e-01	7.23e-02	4.65e-02
 2.66468e+16	9.84e-01	1.59e-02	3.28e-13	0.00e+00	0.00e+00	0.00e+00	0.00e+00	0.00e+00	0.00e+00	8.66e-01	7.20e-02	4.63e-02
 2.66483e+16	9.84e-01	1.56e-02	3.25e-13	0.00e+00	0.00e+00	0.00e+00	0.00e+00	0.00e+00	0.00e+00	8.67e-01	7.18e-02	4.61e-02
 2.66496e+16	9.85e-01	1.52e-02	3.21e-13	0.00e+00	0.00e+00	0.00e+00	0.00e+00	0.00e+00	0.00e+00	8.67e-01	7.15e-02	4.59e-02
 2.66508e+16	9.85e-01	1.49e-02	3.18e-13	0.00e+00	0.00e+00	0.00e+00	0.00e+00	0.00e+00	0.00e+00	8.68e-01	7.13e-02	4.57e-02
 2.66519e+16	9.85e-01	1.47e-02	3.15e-13	0.00e+00	0.00e+00	0.00e+00	0.00e+00	0.00e+00	0.00e+00	8.69e-01	7.11e-02	4.56e-02
 2.66529e+16	9.86e-01	1.44e-02	3.12e-13	0.00e+00	0.00e+00	0.00e+00	0.00e+00	0.00e+00	0.00e+00	8.69e-01	7.09e-02	4.54e-02
 2.66540e+16	9.86e-01	1.42e-02	3.09e-13	0.00e+00	0.00e+00	0.00e+00	0.00e+00	0.00e+00	0.00e+00	8.70e-01	7.07e-02	4.53e-02
 2.66554e+16	9.86e-01	1.38e-02	3.05e-13	0.00e+00	0.00e+00	0.00e+00	0.00e+00	0.00e+00	0.00e+00	8.71e-01	7.02e-02	4.50e-02
 2.66569e+16	9.87e-01	1.34e-02	3.00e-13	0.00e+00	0.00e+00	0.00e+00	0.00e+00	0.00e+00	0.00e+00	8.72e-01	6.98e-02	4.48e-02
 2.66583e+16	9.87e-01	1.31e-02	2.96e-13	0.00e+00	0.00e+00	0.00e+00	0.00e+00	0.00e+00	0.00e+00	8.73e-01	6.95e-02	4.46e-02
 2.66596e+16	9.87e-01	1.28e-02	2.92e-13	0.00e+00	0.00e+00	0.00e+00	0.00e+00	0.00e+00	0.00e+00	8.74e-01	6.92e-02	4.44e-02
 2.66607e+16	9.87e-01	1.25e-02	2.89e-13	0.00e+00	0.00e+00	0.00e+00	0.00e+00	0.00e+00	0.00e+00	8.74e-01	6.89e-02	4.42e-02
 2.66618e+16	9.88e-01	1.23e-02	2.85e-13	0.00e+00	0.00e+00	0.00e+00	0.00e+00	0.00e+00	0.00e+00	8.75e-01	6.86e-02	4.40e-02
 2.66627e+16	9.88e-01	1.21e-02	2.82e-13	0.00e+00	0.00e+00	0.00e+00	0.00e+00	0.00e+00	0.00e+00	8.76e-01	6.84e-02	4.38e-02
 2.66638e+16	9.88e-01	1.19e-02	2.79e-13	0.00e+00	0.00e+00	0.00e+00	0.00e+00	0.00e+00	0.00e+00	8.76e-01	6.82e-02	4.37e-02
 2.66651e+16	9.88e-01	1.16e-02	2.74e-13	0.00e+00	0.00e+00	0.00e+00	0.00e+00	0.00e+00	0.00e+00	8.77e-01	6.78e-02	4.35e-02
 2.66666e+16	9.89e-01	1.13e-02	2.69e-13	0.00e+00	0.00e+00	0.00e+00	0.00e+00	0.00e+00	0.00e+00	8.78e-01	6.75e-02	4.32e-02
 2.66679e+16	9.89e-01	1.10e-02	2.65e-13	0.00e+00	0.00e+00	0.00e+00	0.00e+00	0.00e+00	0.00e+00	8.79e-01	6.72e-02	4.30e-02
 2.66691e+16	9.89e-01	1.08e-02	2.61e-13	0.00e+00	0.00e+00	0.00e+00	0.00e+00	0.00e+00	0.00e+00	8.79e-01	6.69e-02	4.28e-02
 2.66703e+16	9.89e-01	1.06e-02	2.57e-13	0.00e+00	0.00e+00	0.00e+00	0.00e+00	0.00e+00	0.00e+00	8.80e-01	6.67e-02	4.27e-02
 2.66713e+16	9.90e-01	1.04e-02	2.54e-13	0.00e+00	0.00e+00	0.00e+00	0.00e+00	0.00e+00	0.00e+00	8.81e-01	6.65e-02	4.25e-02
 2.66724e+16	9.90e-01	1.02e-02	2.50e-13	0.00e+00	0.00e+00	0.00e+00	0.00e+00	0.00e+00	0.00e+00	8.81e-01	6.63e-02	4.23e-02
 2.66735e+16	9.90e-01	1.00e-02	2.46e-13	0.00e+00	0.00e+00	0.00e+00	0.00e+00	0.00e+00	0.00e+00	8.82e-01	6.60e-02	4.21e-02
 2.66746e+16	9.90e-01	9.84e-03	2.43e-13	0.00e+00	0.00e+00	0.00e+00	0.00e+00	0.00e+00	0.00e+00	8.82e-01	6.58e-02	4.19e-02
 2.66758e+16	9.90e-01	9.65e-03	2.39e-13	0.00e+00	0.00e+00	0.00e+00	0.00e+00	0.00e+00	0.00e+00	8.83e-01	6.55e-02	4.18e-02
 2.66774e+16	9.91e-01	9.35e-03	2.33e-13	0.00e+00	0.00e+00	0.00e+00	0.00e+00	0.00e+00	0.00e+00	8.84e-01	6.51e-02	4.15e-02
 2.66790e+16	9.91e-01	9.08e-03	2.27e-13	0.00e+00	0.00e+00	0.00e+00	0.00e+00	0.00e+00	0.00e+00	8.85e-01	6.47e-02	4.11e-02
 2.66805e+16	9.91e-01	8.83e-03	2.21e-13	0.00e+00	0.00e+00	0.00e+00	0.00e+00	0.00e+00	0.00e+00	8.86e-01	6.43e-02	4.09e-02
 2.66819e+16	9.91e-01	8.60e-03	2.16e-13	0.00e+00	0.00e+00	0.00e+00	0.00e+00	0.00e+00	0.00e+00	8.87e-01	6.40e-02	4.06e-02
 2.66832e+16	9.92e-01	8.41e-03	2.11e-13	0.00e+00	0.00e+00	0.00e+00	0.00e+00	0.00e+00	0.00e+00	8.88e-01	6.37e-02	4.03e-02
 2.66843e+16	9.92e-01	8.24e-03	2.07e-13	0.00e+00	0.00e+00	0.00e+00	0.00e+00	0.00e+00	0.00e+00	8.88e-01	6.34e-02	4.01e-02
 2.66854e+16	9.92e-01	8.08e-03	2.03e-13	0.00e+00	0.00e+00	0.00e+00	0.00e+00	0.00e+00	0.00e+00	8.89e-01	6.31e-02	3.99e-02
 2.66863e+16	9.92e-01	7.94e-03	2.00e-13	0.00e+00	0.00e+00	0.00e+00	0.00e+00	0.00e+00	0.00e+00	8.89e-01	6.29e-02	3.97e-02
 2.66873e+16	9.92e-01	7.80e-03	1.97e-13	0.00e+00	0.00e+00	0.00e+00	0.00e+00	0.00e+00	0.00e+00	8.90e-01	6.27e-02	3.95e-02
 2.66887e+16	9.92e-01	7.59e-03	1.92e-13	0.00e+00	0.00e+00	0.00e+00	0.00e+00	0.00e+00	0.00e+00	8.91e-01	6.23e-02	3.92e-02
 2.66901e+16	9.93e-01	7.38e-03	1.87e-13	0.00e+00	0.00e+00	0.00e+00	0.00e+00	0.00e+00	0.00e+00	8.92e-01	6.19e-02	3.89e-02
 2.66915e+16	9.93e-01	7.20e-03	1.83e-13	0.00e+00	0.00e+00	0.00e+00	0.00e+00	0.00e+00	0.00e+00	8.93e-01	6.15e-02	3.86e-02
 2.66927e+16	9.93e-01	7.04e-03	1.79e-13	0.00e+00	0.00e+00	0.00e+00	0.00e+00	0.00e+00	0.00e+00	8.93e-01	6.12e-02	3.83e-02
 2.66938e+16	9.93e-01	6.91e-03	1.76e-13	0.00e+00	0.00e+00	0.00e+00	0.00e+00	0.00e+00	0.00e+00	8.94e-01	6.10e-02	3.81e-02
