#depth	O	O+	O+2	O+3	O+4	O+5	O+6	O+7	O+8	O[1]	O[2]	O[3]
 2.25321e+11	3.34e-05	3.32e-02	9.65e-01	2.11e-03	0.00e+00	0.00e+00	0.00e+00	0.00e+00	0.00e+00	2.41e-05	6.40e-06	2.87e-06
 1.35193e+12	3.33e-05	3.32e-02	9.65e-01	2.10e-03	0.00e+00	0.00e+00	0.00e+00	0.00e+00	0.00e+00	2.41e-05	6.39e-06	2.87e-06
 5.85834e+12	3.34e-05	3.33e-02	9.65e-01	2.06e-03	0.00e+00	0.00e+00	0.00e+00	0.00e+00	0.00e+00	2.41e-05	6.40e-06	2.87e-06
 2.38840e+13	3.35e-05	3.34e-02	9.65e-01	1.94e-03	0.00e+00	0.00e+00	0.00e+00	0.00e+00	0.00e+00	2.42e-05	6.43e-06	2.89e-06
 5.70513e+13	3.36e-05	3.36e-02	9.65e-01	1.75e-03	0.00e+00	0.00e+00	0.00e+00	0.00e+00	0.00e+00	2.42e-05	6.46e-06	2.91e-06
 1.00169e+14	3.37e-05	3.38e-02	9.65e-01	1.54e-03	0.00e+00	0.00e+00	0.00e+00	0.00e+00	0.00e+00	2.42e-05	6.49e-06	2.94e-06
 1.56221e+14	3.39e-05	3.42e-02	9.65e-01	1.30e-03	0.00e+00	0.00e+00	0.00e+00	0.00e+00	0.00e+00	2.44e-05	6.54e-06	2.97e-06
 2.29090e+14	3.42e-05	3.46e-02	9.64e-01	1.04e-03	0.00e+00	0.00e+00	0.00e+00	0.00e+00	0.00e+00	2.46e-05	6.61e-06	3.00e-06
 3.23819e+14	3.47e-05	3.51e-02	9.64e-01	7.84e-04	0.00e+00	0.00e+00	0.00e+00	0.00e+00	0.00e+00	2.49e-05	6.69e-06	3.04e-06
 4.46966e+14	3.52e-05	3.58e-02	9.64e-01	5.41e-04	0.00e+00	0.00e+00	0.00e+00	0.00e+00	0.00e+00	2.54e-05	6.79e-06	3.09e-06
 6.07058e+14	3.61e-05	3.68e-02	9.63e-01	3.35e-04	0.00e+00	0.00e+00	0.00e+00	0.00e+00	0.00e+00	2.60e-05	6.96e-06	3.17e-06
 8.15178e+14	3.74e-05	3.81e-02	9.62e-01	1.80e-04	0.00e+00	0.00e+00	0.00e+00	0.00e+00	0.00e+00	2.69e-05	7.20e-06	3.28e-06
 1.08573e+15	3.92e-05	3.99e-02	9.60e-01	8.15e-05	0.00e+00	0.00e+00	0.00e+00	0.00e+00	0.00e+00	2.83e-05	7.54e-06	3.43e-06
 1.43746e+15	4.19e-05	4.24e-02	9.58e-01	2.96e-05	0.00e+00	0.00e+00	0.00e+00	0.00e+00	0.00e+00	3.02e-05	8.04e-06	3.66e-06
 1.89469e+15	4.58e-05	4.59e-02	9.54e-01	8.24e-06	0.00e+00	0.00e+00	0.00e+00	0.00e+00	0.00e+00	3.30e-05	8.77e-06	4.00e-06
 2.48910e+15	5.17e-05	5.11e-02	9.49e-01	1.66e-06	0.00e+00	0.00e+00	0.00e+00	0.00e+00	0.00e+00	3.73e-05	9.89e-06	4.51e-06
 3.16027e+15	5.88e-05	5.77e-02	9.42e-01	2.85e-07	0.00e+00	0.00e+00	0.00e+00	0.00e+00	0.00e+00	4.24e-05	1.13e-05	5.14e-06
 3.75461e+15	6.58e-05	6.45e-02	9.35e-01	0.00e+00	0.00e+00	0.00e+00	0.00e+00	0.00e+00	0.00e+00	4.75e-05	1.26e-05	5.76e-06
 4.35066e+15	7.57e-05	7.25e-02	9.27e-01	0.00e+00	0.00e+00	0.00e+00	0.00e+00	0.00e+00	0.00e+00	5.46e-05	1.45e-05	6.64e-06
 5.12552e+15	9.16e-05	8.48e-02	9.15e-01	0.00e+00	0.00e+00	0.00e+00	0.00e+00	0.00e+00	0.00e+00	6.60e-05	1.76e-05	8.06e-06
 5.84166e+15	1.08e-04	9.87e-02	9.01e-01	0.00e+00	0.00e+00	0.00e+00	0.00e+00	0.00e+00	0.00e+00	7.78e-05	2.07e-05	9.53e-06
 6.38730e+15	1.25e-04	1.12e-01	8.88e-01	0.00e+00	0.00e+00	0.00e+00	0.00e+00	0.00e+00	0.00e+00	9.00e-05	2.41e-05	1.11e-05
 6.98751e+15	1.49e-04	1.29e-01	8.71e-01	0.00e+00	0.00e+00	0.00e+00	0.00e+00	0.00e+00	0.00e+00	1.07e-04	2.88e-05	1.33e-05
 7.64519e+15	1.82e-04	1.52e-01	8.48e-01	0.00e+00	0.00e+00	0.00e+00	0.00e+00	0.00e+00	0.00e+00	1.31e-04	3.53e-05	1.63e-05
 8.25377e+15	2.22e-04	1.79e-01	8.21e-01	0.00e+00	0.00e+00	0.00e+00	0.00e+00	0.00e+00	0.00e+00	1.59e-04	4.31e-05	1.99e-05
 8.79604e+15	2.68e-04	2.09e-01	7.91e-01	0.00e+00	0.00e+00	0.00e+00	0.00e+00	0.00e+00	0.00e+00	1.92e-04	5.22e-05	2.41e-05
 9.30869e+15	3.24e-04	2.44e-01	7.56e-01	0.00e+00	0.00e+00	0.00e+00	0.00e+00	0.00e+00	0.00e+00	2.31e-04	6.32e-05	2.93e-05
 9.87722e+15	4.04e-04	2.91e-01	7.09e-01	0.00e+00	0.00e+00	0.00e+00	0.00e+00	0.00e+00	0.00e+00	2.88e-04	7.91e-05	3.67e-05
 1.04620e+16	5.09e-04	3.51e-01	6.48e-01	0.00e+00	0.00e+00	0.00e+00	0.00e+00	0.00e+00	0.00e+00	3.62e-04	1.00e-04	4.65e-05
 1.09564e+16	6.23e-04	4.13e-01	5.86e-01	0.00e+00	0.00e+00	0.00e+00	0.00e+00	0.00e+00	0.00e+00	4.43e-04	1.23e-04	5.73e-05
 1.13797e+16	7.42e-04	4.74e-01	5.25e-01	0.00e+00	0.00e+00	0.00e+00	0.00e+00	0.00e+00	0.00e+00	5.26e-04	1.47e-04	6.85e-05
 1.18191e+16	8.88e-04	5.45e-01	4.54e-01	0.00e+00	0.00e+00	0.00e+00	0.00e+00	0.00e+00	0.00e+00	6.29e-04	1.77e-04	8.23e-05
 1.23206e+16	1.07e-03	6.29e-01	3.70e-01	0.00e+00	0.00e+00	0.00e+00	0.00e+00	0.00e+00	0.00e+00	7.58e-04	2.14e-04	1.00e-04
 1.28144e+16	1.27e-03	7.10e-01	2.88e-01	0.00e+00	0.00e+00	0.00e+00	0.00e+00	0.00e+00	0.00e+00	8.98e-04	2.56e-04	1.19e-04
 1.32690e+16	1.47e-03	7.79e-01	2.19e-01	0.00e+00	0.00e+00	0.00e+00	0.00e+00	0.00e+00	0.00e+00	1.03e-03	2.96e-04	1.38e-04
 1.37397e+16	1.66e-03	8.40e-01	1.59e-01	0.00e+00	0.00e+00	0.00e+00	0.00e+00	0.00e+00	0.00e+00	1.17e-03	3.37e-04	1.57e-04
 1.42607e+16	1.88e-03	8.91e-01	1.07e-01	0.00e+00	0.00e+00	0.00e+00	0.00e+00	0.00e+00	0.00e+00	1.32e-03	3.83e-04	1.79e-04
 1.47840e+16	2.10e-03	9.27e-01	7.05e-02	0.00e+00	0.00e+00	0.00e+00	0.00e+00	0.00e+00	0.00e+00	1.47e-03	4.29e-04	2.00e-04
 1.52596e+16	2.31e-03	9.50e-01	4.75e-02	0.00e+00	0.00e+00	0.00e+00	0.00e+00	0.00e+00	0.00e+00	1.62e-03	4.72e-04	2.20e-04
 1.57041e+16	2.51e-03	9.65e-01	3.24e-02	0.00e+00	0.00e+00	0.00e+00	0.00e+00	0.00e+00	0.00e+00	1.76e-03	5.15e-04	2.40e-04
 1.61385e+16	2.73e-03	9.75e-01	2.22e-02	0.00e+00	0.00e+00	0.00e+00	0.00e+00	0.00e+00	0.00e+00	1.91e-03	5.61e-04	2.62e-04
 1.65590e+16	2.97e-03	9.82e-01	1.52e-02	0.00e+00	0.00e+00	0.00e+00	0.00e+00	0.00e+00	0.00e+00	2.07e-03	6.10e-04	2.84e-04
 1.69604e+16	3.22e-03	9.86e-01	1.05e-02	0.00e+00	0.00e+00	0.00e+00	0.00e+00	0.00e+00	0.00e+00	2.24e-03	6.62e-04	3.08e-04
 1.72855e+16	3.46e-03	9.89e-01	7.72e-03	0.00e+00	0.00e+00	0.00e+00	0.00e+00	0.00e+00	0.00e+00	2.42e-03	7.14e-04	3.32e-04
 1.75088e+16	3.65e-03	9.90e-01	6.18e-03	0.00e+00	0.00e+00	0.00e+00	0.00e+00	0.00e+00	0.00e+00	2.55e-03	7.52e-04	3.50e-04
 1.76949e+16	3.80e-03	9.91e-01	5.07e-03	0.00e+00	0.00e+00	0.00e+00	0.00e+00	0.00e+00	0.00e+00	2.65e-03	7.84e-04	3.65e-04
 1.79073e+16	3.98e-03	9.92e-01	4.00e-03	0.00e+00	0.00e+00	0.00e+00	0.00e+00	0.00e+00	0.00e+00	2.78e-03	8.21e-04	3.82e-04
 1.81392e+16	4.20e-03	9.93e-01	3.06e-03	0.00e+00	0.00e+00	0.00e+00	0.00e+00	0.00e+00	0.00e+00	2.93e-03	8.67e-04	4.03e-04
 1.83305e+16	4.41e-03	9.93e-01	2.41e-03	0.00e+00	0.00e+00	0.00e+00	0.00e+00	0.00e+00	0.00e+00	3.08e-03	9.11e-04	4.23e-04
 1.84699e+16	4.57e-03	9.93e-01	1.99e-03	0.00e+00	0.00e+00	0.00e+00	0.00e+00	0.00e+00	0.00e+00	3.19e-03	9.44e-04	4.39e-04
 1.85875e+16	4.70e-03	9.94e-01	1.67e-03	0.00e+00	0.00e+00	0.00e+00	0.00e+00	0.00e+00	0.00e+00	3.28e-03	9.71e-04	4.52e-04
 1.87201e+16	4.85e-03	9.94e-01	1.35e-03	0.00e+00	0.00e+00	0.00e+00	0.00e+00	0.00e+00	0.00e+00	3.38e-03	1.00e-03	4.66e-04
 1.88647e+16	5.02e-03	9.94e-01	1.04e-03	0.00e+00	0.00e+00	0.00e+00	0.00e+00	0.00e+00	0.00e+00	3.50e-03	1.04e-03	4.82e-04
 1.89831e+16	5.18e-03	9.94e-01	8.23e-04	0.00e+00	0.00e+00	0.00e+00	0.00e+00	0.00e+00	0.00e+00	3.61e-03	1.07e-03	4.98e-04
 1.90695e+16	5.29e-03	9.94e-01	6.77e-04	0.00e+00	0.00e+00	0.00e+00	0.00e+00	0.00e+00	0.00e+00	3.69e-03	1.09e-03	5.09e-04
 1.91561e+16	5.39e-03	9.94e-01	5.44e-04	0.00e+00	0.00e+00	0.00e+00	0.00e+00	0.00e+00	0.00e+00	3.76e-03	1.12e-03	5.18e-04
 1.92524e+16	5.51e-03	9.94e-01	4.17e-04	0.00e+00	0.00e+00	0.00e+00	0.00e+00	0.00e+00	0.00e+00	3.84e-03	1.14e-03	5.31e-04
 1.93387e+16	5.63e-03	9.94e-01	3.18e-04	0.00e+00	0.00e+00	0.00e+00	0.00e+00	0.00e+00	0.00e+00	3.92e-03	1.16e-03	5.42e-04
 1.94121e+16	5.72e-03	9.94e-01	2.47e-04	0.00e+00	0.00e+00	0.00e+00	0.00e+00	0.00e+00	0.00e+00	3.98e-03	1.18e-03	5.50e-04
 1.94913e+16	5.79e-03	9.94e-01	1.84e-04	0.00e+00	0.00e+00	0.00e+00	0.00e+00	0.00e+00	0.00e+00	4.03e-03	1.20e-03	5.58e-04
 1.95941e+16	5.89e-03	9.94e-01	1.22e-04	0.00e+00	0.00e+00	0.00e+00	0.00e+00	0.00e+00	0.00e+00	4.10e-03	1.22e-03	5.67e-04
 1.97079e+16	6.02e-03	9.94e-01	7.48e-05	0.00e+00	0.00e+00	0.00e+00	0.00e+00	0.00e+00	0.00e+00	4.19e-03	1.25e-03	5.81e-04
 1.98358e+16	6.17e-03	9.94e-01	4.23e-05	0.00e+00	0.00e+00	0.00e+00	0.00e+00	0.00e+00	0.00e+00	4.29e-03	1.28e-03	5.95e-04
 2.00021e+16	6.36e-03	9.94e-01	2.02e-05	0.00e+00	0.00e+00	0.00e+00	0.00e+00	0.00e+00	0.00e+00	4.42e-03	1.32e-03	6.15e-04
 2.02183e+16	6.64e-03	9.93e-01	7.92e-06	0.00e+00	0.00e+00	0.00e+00	0.00e+00	0.00e+00	0.00e+00	4.61e-03	1.38e-03	6.43e-04
 2.04994e+16	7.03e-03	9.93e-01	2.45e-06	0.00e+00	0.00e+00	0.00e+00	0.00e+00	0.00e+00	0.00e+00	4.88e-03	1.47e-03	6.84e-04
 2.08448e+16	7.58e-03	9.92e-01	6.15e-07	0.00e+00	0.00e+00	0.00e+00	0.00e+00	0.00e+00	0.00e+00	5.25e-03	1.59e-03	7.42e-04
 2.12093e+16	8.31e-03	9.92e-01	1.50e-07	0.00e+00	0.00e+00	0.00e+00	0.00e+00	0.00e+00	0.00e+00	5.74e-03	1.75e-03	8.16e-04
 2.15538e+16	9.12e-03	9.91e-01	4.12e-08	0.00e+00	0.00e+00	0.00e+00	0.00e+00	0.00e+00	0.00e+00	6.29e-03	1.93e-03	9.00e-04
 2.18818e+16	1.00e-02	9.90e-01	1.24e-08	0.00e+00	0.00e+00	0.00e+00	0.00e+00	0.00e+00	0.00e+00	6.89e-03	2.13e-03	9.91e-04
 2.22022e+16	1.10e-02	9.89e-01	3.94e-09	0.00e+00	0.00e+00	0.00e+00	0.00e+00	0.00e+00	0.00e+00	7.57e-03	2.35e-03	1.10e-03
 2.25170e+16	1.22e-02	9.88e-01	1.30e-09	0.00e+00	0.00e+00	0.00e+00	0.00e+00	0.00e+00	0.00e+00	8.36e-03	2.61e-03	1.22e-03
 2.28255e+16	1.36e-02	9.86e-01	4.44e-10	0.00e+00	0.00e+00	0.00e+00	0.00e+00	0.00e+00	0.00e+00	9.29e-03	2.92e-03	1.36e-03
 2.31280e+16	1.52e-02	9.85e-01	1.58e-10	0.00e+00	0.00e+00	0.00e+00	0.00e+00	0.00e+00	0.00e+00	1.04e-02	3.28e-03	1.53e-03
 2.34261e+16	1.72e-02	9.83e-01	5.93e-11	0.00e+00	0.00e+00	0.00e+00	0.00e+00	0.00e+00	0.00e+00	1.17e-02	3.72e-03	1.73e-03
 2.37166e+16	1.96e-02	9.80e-01	2.46e-11	0.00e+00	0.00e+00	0.00e+00	0.00e+00	0.00e+00	0.00e+00	1.33e-02	4.26e-03	1.98e-03
 2.40092e+16	2.26e-02	9.77e-01	1.16e-11	0.00e+00	0.00e+00	0.00e+00	0.00e+00	0.00e+00	0.00e+00	1.54e-02	4.93e-03	2.28e-03
 2.43090e+16	2.68e-02	9.73e-01	6.65e-12	0.00e+00	0.00e+00	0.00e+00	0.00e+00	0.00e+00	0.00e+00	1.82e-02	5.86e-03	2.70e-03
 2.46038e+16	3.24e-02	9.68e-01	4.71e-12	0.00e+00	0.00e+00	0.00e+00	0.00e+00	0.00e+00	0.00e+00	2.20e-02	7.11e-03	3.27e-03
 2.48856e+16	4.03e-02	9.60e-01	3.83e-12	0.00e+00	0.00e+00	0.00e+00	0.00e+00	0.00e+00	0.00e+00	2.74e-02	8.85e-03	4.06e-03
 2.51357e+16	5.10e-02	9.49e-01	3.32e-12	0.00e+00	0.00e+00	0.00e+00	0.00e+00	0.00e+00	0.00e+00	3.46e-02	1.12e-02	5.14e-03
 2.53338e+16	6.42e-02	9.36e-01	2.98e-12	0.00e+00	0.00e+00	0.00e+00	0.00e+00	0.00e+00	0.00e+00	4.36e-02	1.41e-02	6.46e-03
 2.54845e+16	7.93e-02	9.21e-01	2.66e-12	0.00e+00	0.00e+00	0.00e+00	0.00e+00	0.00e+00	0.00e+00	5.39e-02	1.73e-02	7.96e-03
 2.55921e+16	9.43e-02	9.06e-01	2.56e-12	0.00e+00	0.00e+00	0.00e+00	0.00e+00	0.00e+00	0.00e+00	6.42e-02	2.06e-02	9.46e-03
 2.56669e+16	1.08e-01	8.92e-01	2.44e-12	0.00e+00	0.00e+00	0.00e+00	0.00e+00	0.00e+00	0.00e+00	7.36e-02	2.35e-02	1.08e-02
 2.57426e+16	1.24e-01	8.76e-01	2.33e-12	0.00e+00	0.00e+00	0.00e+00	0.00e+00	0.00e+00	0.00e+00	8.48e-02	2.69e-02	1.24e-02
 2.58273e+16	1.48e-01	8.52e-01	2.21e-12	0.00e+00	0.00e+00	0.00e+00	0.00e+00	0.00e+00	0.00e+00	1.02e-01	3.19e-02	1.48e-02
 2.59008e+16	1.77e-01	8.23e-01	2.12e-12	0.00e+00	0.00e+00	0.00e+00	0.00e+00	0.00e+00	0.00e+00	1.22e-01	3.78e-02	1.77e-02
 2.59633e+16	2.09e-01	7.91e-01	2.04e-12	0.00e+00	0.00e+00	0.00e+00	0.00e+00	0.00e+00	0.00e+00	1.44e-01	4.42e-02	2.08e-02
 2.60248e+16	2.50e-01	7.50e-01	1.98e-12	0.00e+00	0.00e+00	0.00e+00	0.00e+00	0.00e+00	0.00e+00	1.73e-01	5.20e-02	2.47e-02
 2.60828e+16	3.00e-01	7.00e-01	1.92e-12	0.00e+00	0.00e+00	0.00e+00	0.00e+00	0.00e+00	0.00e+00	2.09e-01	6.13e-02	2.94e-02
 2.61282e+16	3.50e-01	6.50e-01	1.88e-12	0.00e+00	0.00e+00	0.00e+00	0.00e+00	0.00e+00	0.00e+00	2.46e-01	7.01e-02	3.41e-02
 2.61574e+16	3.88e-01	6.12e-01	1.85e-12	0.00e+00	0.00e+00	0.00e+00	0.00e+00	0.00e+00	0.00e+00	2.74e-01	7.64e-02	3.76e-02
 2.61765e+16	4.16e-01	5.84e-01	1.83e-12	0.00e+00	0.00e+00	0.00e+00	0.00e+00	0.00e+00	0.00e+00	2.95e-01	8.06e-02	4.00e-02
 2.61929e+16	4.40e-01	5.60e-01	1.82e-12	0.00e+00	0.00e+00	0.00e+00	0.00e+00	0.00e+00	0.00e+00	3.14e-01	8.43e-02	4.21e-02
 2.62098e+16	4.67e-01	5.33e-01	1.79e-12	0.00e+00	0.00e+00	0.00e+00	0.00e+00	0.00e+00	0.00e+00	3.34e-01	8.80e-02	4.44e-02
 2.62267e+16	4.94e-01	5.06e-01	1.78e-12	0.00e+00	0.00e+00	0.00e+00	0.00e+00	0.00e+00	0.00e+00	3.56e-01	9.17e-02	4.67e-02
 2.62417e+16	5.20e-01	4.80e-01	1.75e-12	0.00e+00	0.00e+00	0.00e+00	0.00e+00	0.00e+00	0.00e+00	3.76e-01	9.49e-02	4.88e-02
 2.62543e+16	5.41e-01	4.59e-01	1.74e-12	0.00e+00	0.00e+00	0.00e+00	0.00e+00	0.00e+00	0.00e+00	3.93e-01	9.74e-02	5.05e-02
 2.62655e+16	5.62e-01	4.38e-01	1.72e-12	0.00e+00	0.00e+00	0.00e+00	0.00e+00	0.00e+00	0.00e+00	4.10e-01	9.95e-02	5.20e-02
 2.62763e+16	5.81e-01	4.19e-01	1.70e-12	0.00e+00	0.00e+00	0.00e+00	0.00e+00	0.00e+00	0.00e+00	4.26e-01	1.01e-01	5.34e-02
 2.62867e+16	6.00e-01	4.00e-01	1.68e-12	0.00e+00	0.00e+00	0.00e+00	0.00e+00	0.00e+00	0.00e+00	4.42e-01	1.03e-01	5.47e-02
 2.62952e+16	6.15e-01	3.85e-01	1.66e-12	0.00e+00	0.00e+00	0.00e+00	0.00e+00	0.00e+00	0.00e+00	4.55e-01	1.04e-01	5.58e-02
 2.63013e+16	6.26e-01	3.74e-01	1.65e-12	0.00e+00	0.00e+00	0.00e+00	0.00e+00	0.00e+00	0.00e+00	4.64e-01	1.05e-01	5.65e-02
 2.63071e+16	6.36e-01	3.64e-01	1.64e-12	0.00e+00	0.00e+00	0.00e+00	0.00e+00	0.00e+00	0.00e+00	4.73e-01	1.06e-01	5.72e-02
 2.63135e+16	6.48e-01	3.52e-01	1.62e-12	0.00e+00	0.00e+00	0.00e+00	0.00e+00	0.00e+00	0.00e+00	4.84e-01	1.07e-01	5.79e-02
 2.63203e+16	6.61e-01	3.39e-01	1.60e-12	0.00e+00	0.00e+00	0.00e+00	0.00e+00	0.00e+00	0.00e+00	4.94e-01	1.07e-01	5.86e-02
 2.63270e+16	6.72e-01	3.28e-01	1.58e-12	0.00e+00	0.00e+00	0.00e+00	0.00e+00	0.00e+00	0.00e+00	5.05e-01	1.08e-01	5.93e-02
 2.63333e+16	6.84e-01	3.16e-01	1.57e-12	0.00e+00	0.00e+00	0.00e+00	0.00e+00	0.00e+00	0.00e+00	5.15e-01	1.08e-01	5.99e-02
 2.63396e+16	6.95e-01	3.05e-01	1.55e-12	0.00e+00	0.00e+00	0.00e+00	0.00e+00	0.00e+00	0.00e+00	5.25e-01	1.09e-01	6.04e-02
 2.63459e+16	7.05e-01	2.95e-01	1.53e-12	0.00e+00	0.00e+00	0.00e+00	0.00e+00	0.00e+00	0.00e+00	5.35e-01	1.09e-01	6.10e-02
 2.63521e+16	7.16e-01	2.84e-01	1.51e-12	0.00e+00	0.00e+00	0.00e+00	0.00e+00	0.00e+00	0.00e+00	5.46e-01	1.09e-01	6.15e-02
 2.63583e+16	7.27e-01	2.73e-01	1.49e-12	0.00e+00	0.00e+00	0.00e+00	0.00e+00	0.00e+00	0.00e+00	5.55e-01	1.10e-01	6.19e-02
 2.63643e+16	7.37e-01	2.63e-01	1.47e-12	0.00e+00	0.00e+00	0.00e+00	0.00e+00	0.00e+00	0.00e+00	5.65e-01	1.10e-01	6.23e-02
 2.63704e+16	7.47e-01	2.53e-01	1.45e-12	0.00e+00	0.00e+00	0.00e+00	0.00e+00	0.00e+00	0.00e+00	5.74e-01	1.10e-01	6.26e-02
 2.63765e+16	7.57e-01	2.43e-01	1.42e-12	0.00e+00	0.00e+00	0.00e+00	0.00e+00	0.00e+00	0.00e+00	5.84e-01	1.09e-01	6.29e-02
 2.63825e+16	7.66e-01	2.34e-01	1.40e-12	0.00e+00	0.00e+00	0.00e+00	0.00e+00	0.00e+00	0.00e+00	5.94e-01	1.09e-01	6.30e-02
 2.63884e+16	7.75e-01	2.25e-01	1.38e-12	0.00e+00	0.00e+00	0.00e+00	0.00e+00	0.00e+00	0.00e+00	6.03e-01	1.09e-01	6.32e-02
 2.63943e+16	7.84e-01	2.16e-01	1.35e-12	0.00e+00	0.00e+00	0.00e+00	0.00e+00	0.00e+00	0.00e+00	6.12e-01	1.09e-01	6.33e-02
 2.64001e+16	7.93e-01	2.07e-01	1.33e-12	0.00e+00	0.00e+00	0.00e+00	0.00e+00	0.00e+00	0.00e+00	6.21e-01	1.08e-01	6.33e-02
 2.64059e+16	8.01e-01	1.99e-01	1.31e-12	0.00e+00	0.00e+00	0.00e+00	0.00e+00	0.00e+00	0.00e+00	6.30e-01	1.08e-01	6.33e-02
 2.64117e+16	8.09e-01	1.91e-01	1.28e-12	0.00e+00	0.00e+00	0.00e+00	0.00e+00	0.00e+00	0.00e+00	6.39e-01	1.07e-01	6.33e-02
 2.64175e+16	8.17e-01	1.83e-01	1.26e-12	0.00e+00	0.00e+00	0.00e+00	0.00e+00	0.00e+00	0.00e+00	6.47e-01	1.07e-01	6.32e-02
 2.64231e+16	8.24e-01	1.76e-01	1.23e-12	0.00e+00	0.00e+00	0.00e+00	0.00e+00	0.00e+00	0.00e+00	6.55e-01	1.06e-01	6.31e-02
 2.64287e+16	8.32e-01	1.68e-01	1.21e-12	0.00e+00	0.00e+00	0.00e+00	0.00e+00	0.00e+00	0.00e+00	6.63e-01	1.06e-01	6.30e-02
 2.64342e+16	8.39e-01	1.61e-01	1.18e-12	0.00e+00	0.00e+00	0.00e+00	0.00e+00	0.00e+00	0.00e+00	6.71e-01	1.05e-01	6.28e-02
 2.64396e+16	8.45e-01	1.55e-01	1.16e-12	0.00e+00	0.00e+00	0.00e+00	0.00e+00	0.00e+00	0.00e+00	6.78e-01	1.04e-01	6.26e-02
 2.64451e+16	8.51e-01	1.49e-01	1.14e-12	0.00e+00	0.00e+00	0.00e+00	0.00e+00	0.00e+00	0.00e+00	6.86e-01	1.03e-01	6.24e-02
 2.64504e+16	8.58e-01	1.42e-01	1.11e-12	0.00e+00	0.00e+00	0.00e+00	0.00e+00	0.00e+00	0.00e+00	6.93e-01	1.03e-01	6.22e-02
 2.64556e+16	8.63e-01	1.37e-01	1.09e-12	0.00e+00	0.00e+00	0.00e+00	0.00e+00	0.00e+00	0.00e+00	6.99e-01	1.02e-01	6.20e-02
 2.64609e+16	8.69e-01	1.31e-01	1.07e-12	0.00e+00	0.00e+00	0.00e+00	0.00e+00	0.00e+00	0.00e+00	7.06e-01	1.01e-01	6.17e-02
 2.64660e+16	8.74e-01	1.26e-01	1.04e-12	0.00e+00	0.00e+00	0.00e+00	0.00e+00	0.00e+00	0.00e+00	7.12e-01	1.01e-01	6.14e-02
 2.64711e+16	8.79e-01	1.21e-01	1.02e-12	0.00e+00	0.00e+00	0.00e+00	0.00e+00	0.00e+00	0.00e+00	7.18e-01	9.98e-02	6.11e-02
 2.64762e+16	8.84e-01	1.16e-01	9.97e-13	0.00e+00	0.00e+00	0.00e+00	0.00e+00	0.00e+00	0.00e+00	7.24e-01	9.91e-02	6.08e-02
 2.64812e+16	8.89e-01	1.11e-01	9.75e-13	0.00e+00	0.00e+00	0.00e+00	0.00e+00	0.00e+00	0.00e+00	7.30e-01	9.83e-02	6.05e-02
 2.64862e+16	8.93e-01	1.07e-01	9.53e-13	0.00e+00	0.00e+00	0.00e+00	0.00e+00	0.00e+00	0.00e+00	7.36e-01	9.75e-02	6.02e-02
 2.64911e+16	8.98e-01	1.02e-01	9.30e-13	0.00e+00	0.00e+00	0.00e+00	0.00e+00	0.00e+00	0.00e+00	7.41e-01	9.68e-02	5.98e-02
 2.64960e+16	9.02e-01	9.84e-02	9.09e-13	0.00e+00	0.00e+00	0.00e+00	0.00e+00	0.00e+00	0.00e+00	7.46e-01	9.61e-02	5.95e-02
 2.65009e+16	9.06e-01	9.44e-02	8.88e-13	0.00e+00	0.00e+00	0.00e+00	0.00e+00	0.00e+00	0.00e+00	7.51e-01	9.53e-02	5.92e-02
 2.65058e+16	9.09e-01	9.06e-02	8.67e-13	0.00e+00	0.00e+00	0.00e+00	0.00e+00	0.00e+00	0.00e+00	7.56e-01	9.46e-02	5.89e-02
 2.65105e+16	9.13e-01	8.69e-02	8.47e-13	0.00e+00	0.00e+00	0.00e+00	0.00e+00	0.00e+00	0.00e+00	7.61e-01	9.38e-02	5.85e-02
 2.65153e+16	9.17e-01	8.35e-02	8.26e-13	0.00e+00	0.00e+00	0.00e+00	0.00e+00	0.00e+00	0.00e+00	7.65e-01	9.31e-02	5.82e-02
 2.65201e+16	9.20e-01	8.01e-02	8.07e-13	0.00e+00	0.00e+00	0.00e+00	0.00e+00	0.00e+00	0.00e+00	7.70e-01	9.24e-02	5.79e-02
 2.65249e+16	9.23e-01	7.68e-02	7.88e-13	0.00e+00	0.00e+00	0.00e+00	0.00e+00	0.00e+00	0.00e+00	7.74e-01	9.17e-02	5.75e-02
 2.65295e+16	9.26e-01	7.37e-02	7.68e-13	0.00e+00	0.00e+00	0.00e+00	0.00e+00	0.00e+00	0.00e+00	7.78e-01	9.10e-02	5.72e-02
 2.65341e+16	9.29e-01	7.09e-02	7.50e-13	0.00e+00	0.00e+00	0.00e+00	0.00e+00	0.00e+00	0.00e+00	7.82e-01	9.04e-02	5.69e-02
 2.65389e+16	9.32e-01	6.80e-02	7.32e-13	0.00e+00	0.00e+00	0.00e+00	0.00e+00	0.00e+00	0.00e+00	7.86e-01	8.97e-02	5.65e-02
 2.65435e+16	9.35e-01	6.53e-02	7.14e-13	0.00e+00	0.00e+00	0.00e+00	0.00e+00	0.00e+00	0.00e+00	7.89e-01	8.90e-02	5.62e-02
 2.65480e+16	9.37e-01	6.26e-02	6.96e-13	0.00e+00	0.00e+00	0.00e+00	0.00e+00	0.00e+00	0.00e+00	7.93e-01	8.84e-02	5.59e-02
 2.65526e+16	9.40e-01	6.02e-02	6.79e-13	0.00e+00	0.00e+00	0.00e+00	0.00e+00	0.00e+00	0.00e+00	7.96e-01	8.78e-02	5.56e-02
 2.65572e+16	9.42e-01	5.77e-02	6.61e-13	0.00e+00	0.00e+00	0.00e+00	0.00e+00	0.00e+00	0.00e+00	8.00e-01	8.72e-02	5.53e-02
 2.65618e+16	9.45e-01	5.54e-02	6.46e-13	0.00e+00	0.00e+00	0.00e+00	0.00e+00	0.00e+00	0.00e+00	8.03e-01	8.66e-02	5.49e-02
 2.65662e+16	9.47e-01	5.31e-02	6.29e-13	0.00e+00	0.00e+00	0.00e+00	0.00e+00	0.00e+00	0.00e+00	8.06e-01	8.60e-02	5.46e-02
 2.65706e+16	9.49e-01	5.10e-02	6.13e-13	0.00e+00	0.00e+00	0.00e+00	0.00e+00	0.00e+00	0.00e+00	8.09e-01	8.54e-02	5.43e-02
 2.65752e+16	9.51e-01	4.90e-02	5.98e-13	0.00e+00	0.00e+00	0.00e+00	0.00e+00	0.00e+00	0.00e+00	8.12e-01	8.48e-02	5.40e-02
 2.65796e+16	9.53e-01	4.70e-02	5.83e-13	0.00e+00	0.00e+00	0.00e+00	0.00e+00	0.00e+00	0.00e+00	8.15e-01	8.43e-02	5.37e-02
 2.65840e+16	9.55e-01	4.51e-02	5.68e-13	0.00e+00	0.00e+00	0.00e+00	0.00e+00	0.00e+00	0.00e+00	8.18e-01	8.38e-02	5.35e-02
 2.65884e+16	9.57e-01	4.33e-02	5.55e-13	0.00e+00	0.00e+00	0.00e+00	0.00e+00	0.00e+00	0.00e+00	8.20e-01	8.32e-02	5.32e-02
 2.65927e+16	9.58e-01	4.16e-02	5.41e-13	0.00e+00	0.00e+00	0.00e+00	0.00e+00	0.00e+00	0.00e+00	8.23e-01	8.27e-02	5.29e-02
 2.65969e+16	9.60e-01	4.00e-02	5.28e-13	0.00e+00	0.00e+00	0.00e+00	0.00e+00	0.00e+00	0.00e+00	8.25e-01	8.23e-02	5.26e-02
 2.66011e+16	9.62e-01	3.84e-02	5.15e-13	0.00e+00	0.00e+00	0.00e+00	0.00e+00	0.00e+00	0.00e+00	8.27e-01	8.18e-02	5.24e-02
 2.66054e+16	9.63e-01	3.68e-02	5.03e-13	0.00e+00	0.00e+00	0.00e+00	0.00e+00	0.00e+00	0.00e+00	8.30e-01	8.13e-02	5.21e-02
 2.66096e+16	9.65e-01	3.53e-02	4.90e-13	0.00e+00	0.00e+00	0.00e+00	0.00e+00	0.00e+00	0.00e+00	8.32e-01	8.08e-02	5.18e-02
 2.66138e+16	9.66e-01	3.39e-02	4.78e-13	0.00e+00	0.00e+00	0.00e+00	0.00e+00	0.00e+00	0.00e+00	8.34e-01	8.03e-02	5.16e-02
 2.66179e+16	9.67e-01	3.25e-02	4.67e-13	0.00e+00	0.00e+00	0.00e+00	0.00e+00	0.00e+00	0.00e+00	8.36e-01	7.98e-02	5.13e-02
 2.66220e+16	9.69e-01	3.12e-02	4.56e-13	0.00e+00	0.00e+00	0.00e+00	0.00e+00	0.00e+00	0.00e+00	8.38e-01	7.94e-02	5.10e-02
 2.66260e+16	9.70e-01	2.99e-02	4.45e-13	0.00e+00	0.00e+00	0.00e+00	0.00e+00	0.00e+00	0.00e+00	8.40e-01	7.89e-02	5.08e-02
 2.66300e+16	9.71e-01	2.87e-02	4.35e-13	0.00e+00	0.00e+00	0.00e+00	0.00e+00	0.00e+00	0.00e+00	8.42e-01	7.85e-02	5.05e-02
 2.66339e+16	9.72e-01	2.75e-02	4.25e-13	0.00e+00	0.00e+00	0.00e+00	0.00e+00	0.00e+00	0.00e+00	8.44e-01	7.80e-02	5.02e-02
 2.66378e+16	9.74e-01	2.64e-02	4.15e-13	0.00e+00	0.00e+00	0.00e+00	0.00e+00	0.00e+00	0.00e+00	8.46e-01	7.76e-02	5.00e-02
 2.66416e+16	9.75e-01	2.53e-02	4.06e-13	0.00e+00	0.00e+00	0.00e+00	0.00e+00	0.00e+00	0.00e+00	8.48e-01	7.71e-02	4.97e-02
 2.66453e+16	9.76e-01	2.42e-02	3.96e-13	0.00e+00	0.00e+00	0.00e+00	0.00e+00	0.00e+00	0.00e+00	8.50e-01	7.67e-02	4.94e-02
 2.66491e+16	9.77e-01	2.32e-02	3.87e-13	0.00e+00	0.00e+00	0.00e+00	0.00e+00	0.00e+00	0.00e+00	8.51e-01	7.62e-02	4.91e-02
 2.66528e+16	9.78e-01	2.22e-02	3.79e-13	0.00e+00	0.00e+00	0.00e+00	0.00e+00	0.00e+00	0.00e+00	8.53e-01	7.58e-02	4.88e-02
 2.66563e+16	9.79e-01	2.13e-02	3.72e-13	0.00e+00	0.00e+00	0.00e+00	0.00e+00	0.00e+00	0.00e+00	8.55e-01	7.53e-02	4.86e-02
 2.66595e+16	9.80e-01	2.04e-02	3.65e-13	0.00e+00	0.00e+00	0.00e+00	0.00e+00	0.00e+00	0.00e+00	8.56e-01	7.49e-02	4.83e-02
 2.66624e+16	9.80e-01	1.96e-02	3.58e-13	0.00e+00	0.00e+00	0.00e+00	0.00e+00	0.00e+00	0.00e+00	8.58e-01	7.45e-02	4.80e-02
 2.66651e+16	9.81e-01	1.90e-02	3.52e-13	0.00e+00	0.00e+00	0.00e+00	0.00e+00	0.00e+00	0.00e+00	8.59e-01	7.42e-02	4.78e-02
 2.66676e+16	9.82e-01	1.83e-02	3.47e-13	0.00e+00	0.00e+00	0.00e+00	0.00e+00	0.00e+00	0.00e+00	8.60e-01	7.38e-02	4.75e-02
 2.66699e+16	9.82e-01	1.77e-02	3.42e-13	0.00e+00	0.00e+00	0.00e+00	0.00e+00	0.00e+00	0.00e+00	8.62e-01	7.35e-02	4.73e-02
 2.66720e+16	9.83e-01	1.72e-02	3.37e-13	0.00e+00	0.00e+00	0.00e+00	0.00e+00	0.00e+00	0.00e+00	8.63e-01	7.31e-02	4.70e-02
 2.66739e+16	9.83e-01	1.67e-02	3.33e-13	0.00e+00	0.00e+00	0.00e+00	0.00e+00	0.00e+00	0.00e+00	8.64e-01	7.28e-02	4.68e-02
 2.66758e+16	9.84e-01	1.62e-02	3.28e-13	0.00e+00	0.00e+00	0.00e+00	0.00e+00	0.00e+00	0.00e+00	8.65e-01	7.25e-02	4.66e-02
 2.66775e+16	9.84e-01	1.58e-02	3.24e-13	0.00e+00	0.00e+00	0.00e+00	0.00e+00	0.00e+00	0.00e+00	8.66e-01	7.22e-02	4.64e-02
 2.66791e+16	9.85e-01	1.54e-02	3.20e-13	0.00e+00	0.00e+00	0.00e+00	0.00e+00	0.00e+00	0.00e+00	8.67e-01	7.19e-02	4.62e-02
 2.66805e+16	9.85e-01	1.50e-02	3.17e-13	0.00e+00	0.00e+00	0.00e+00	0.00e+00	0.00e+00	0.00e+00	8.67e-01	7.17e-02	4.60e-02
 2.66818e+16	9.85e-01	1.47e-02	3.13e-13	0.00e+00	0.00e+00	0.00e+00	0.00e+00	0.00e+00	0.00e+00	8.68e-01	7.14e-02	4.58e-02
 2.66830e+16	9.86e-01	1.44e-02	3.10e-13	0.00e+00	0.00e+00	0.00e+00	0.00e+00	0.00e+00	0.00e+00	8.69e-01	7.12e-02	4.56e-02
 2.66840e+16	9.86e-01	1.41e-02	3.07e-13	0.00e+00	0.00e+00	0.00e+00	0.00e+00	0.00e+00	0.00e+00	8.69e-01	7.10e-02	4.55e-02
 2.66850e+16	9.86e-01	1.39e-02	3.05e-13	0.00e+00	0.00e+00	0.00e+00	0.00e+00	0.00e+00	0.00e+00	8.70e-01	7.08e-02	4.53e-02
 2.66861e+16	9.86e-01	1.37e-02	3.02e-13	0.00e+00	0.00e+00	0.00e+00	0.00e+00	0.00e+00	0.00e+00	8.71e-01	7.05e-02	4.52e-02
 2.66875e+16	9.87e-01	1.33e-02	2.97e-13	0.00e+00	0.00e+00	0.00e+00	0.00e+00	0.00e+00	0.00e+00	8.72e-01	7.01e-02	4.49e-02
 2.66890e+16	9.87e-01	1.30e-02	2.93e-13	0.00e+00	0.00e+00	0.00e+00	0.00e+00	0.00e+00	0.00e+00	8.73e-01	6.98e-02	4.47e-02
 2.66904e+16	9.87e-01	1.27e-02	2.89e-13	0.00e+00	0.00e+00	0.00e+00	0.00e+00	0.00e+00	0.00e+00	8.73e-01	6.94e-02	4.45e-02
 2.66916e+16	9.88e-01	1.24e-02	2.85e-13	0.00e+00	0.00e+00	0.00e+00	0.00e+00	0.00e+00	0.00e+00	8.74e-01	6.91e-02	4.43e-02
 2.66927e+16	9.88e-01	1.21e-02	2.82e-13	0.00e+00	0.00e+00	0.00e+00	0.00e+00	0.00e+00	0.00e+00	8.75e-01	6.88e-02	4.41e-02
 2.66938e+16	9.88e-01	1.19e-02	2.78e-13	0.00e+00	0.00e+00	0.00e+00	0.00e+00	0.00e+00	0.00e+00	8.76e-01	6.86e-02	4.39e-02
 2.66947e+16	9.88e-01	1.17e-02	2.75e-13	0.00e+00	0.00e+00	0.00e+00	0.00e+00	0.00e+00	0.00e+00	8.76e-01	6.84e-02	4.38e-02
 2.66957e+16	9.88e-01	1.15e-02	2.72e-13	0.00e+00	0.00e+00	0.00e+00	0.00e+00	0.00e+00	0.00e+00	8.77e-01	6.82e-02	4.36e-02
 2.66971e+16	9.89e-01	1.12e-02	2.68e-13	0.00e+00	0.00e+00	0.00e+00	0.00e+00	0.00e+00	0.00e+00	8.78e-01	6.78e-02	4.34e-02
 2.66985e+16	9.89e-01	1.10e-02	2.63e-13	0.00e+00	0.00e+00	0.00e+00	0.00e+00	0.00e+00	0.00e+00	8.78e-01	6.75e-02	4.32e-02
 2.66998e+16	9.89e-01	1.07e-02	2.59e-13	0.00e+00	0.00e+00	0.00e+00	0.00e+00	0.00e+00	0.00e+00	8.79e-01	6.72e-02	4.30e-02
 2.67010e+16	9.89e-01	1.05e-02	2.55e-13	0.00e+00	0.00e+00	0.00e+00	0.00e+00	0.00e+00	0.00e+00	8.80e-01	6.70e-02	4.28e-02
 2.67023e+16	9.90e-01	1.03e-02	2.51e-13	0.00e+00	0.00e+00	0.00e+00	0.00e+00	0.00e+00	0.00e+00	8.80e-01	6.67e-02	4.26e-02
 2.67038e+16	9.90e-01	1.00e-02	2.46e-13	0.00e+00	0.00e+00	0.00e+00	0.00e+00	0.00e+00	0.00e+00	8.81e-01	6.64e-02	4.24e-02
 2.67050e+16	9.90e-01	9.84e-03	2.42e-13	0.00e+00	0.00e+00	0.00e+00	0.00e+00	0.00e+00	0.00e+00	8.82e-01	6.62e-02	4.22e-02
 2.67062e+16	9.90e-01	9.64e-03	2.39e-13	0.00e+00	0.00e+00	0.00e+00	0.00e+00	0.00e+00	0.00e+00	8.83e-01	6.59e-02	4.20e-02
 2.67073e+16	9.91e-01	9.47e-03	2.35e-13	0.00e+00	0.00e+00	0.00e+00	0.00e+00	0.00e+00	0.00e+00	8.83e-01	6.57e-02	4.18e-02
 2.67085e+16	9.91e-01	9.29e-03	2.31e-13	0.00e+00	0.00e+00	0.00e+00	0.00e+00	0.00e+00	0.00e+00	8.84e-01	6.54e-02	4.16e-02
 2.67100e+16	9.91e-01	9.01e-03	2.26e-13	0.00e+00	0.00e+00	0.00e+00	0.00e+00	0.00e+00	0.00e+00	8.85e-01	6.50e-02	4.13e-02
 2.67116e+16	9.91e-01	8.76e-03	2.20e-13	0.00e+00	0.00e+00	0.00e+00	0.00e+00	0.00e+00	0.00e+00	8.86e-01	6.46e-02	4.10e-02
 2.67131e+16	9.91e-01	8.53e-03	2.14e-13	0.00e+00	0.00e+00	0.00e+00	0.00e+00	0.00e+00	0.00e+00	8.86e-01	6.43e-02	4.07e-02
 2.67145e+16	9.92e-01	8.31e-03	2.09e-13	0.00e+00	0.00e+00	0.00e+00	0.00e+00	0.00e+00	0.00e+00	8.87e-01	6.39e-02	4.05e-02
 2.67157e+16	9.92e-01	8.13e-03	2.05e-13	0.00e+00	0.00e+00	0.00e+00	0.00e+00	0.00e+00	0.00e+00	8.88e-01	6.36e-02	4.02e-02
 2.67168e+16	9.92e-01	7.98e-03	2.01e-13	0.00e+00	0.00e+00	0.00e+00	0.00e+00	0.00e+00	0.00e+00	8.89e-01	6.34e-02	4.00e-02
 2.67178e+16	9.92e-01	7.84e-03	1.98e-13	0.00e+00	0.00e+00	0.00e+00	0.00e+00	0.00e+00	0.00e+00	8.89e-01	6.31e-02	3.98e-02
 2.67190e+16	9.92e-01	7.69e-03	1.95e-13	0.00e+00	0.00e+00	0.00e+00	0.00e+00	0.00e+00	0.00e+00	8.90e-01	6.29e-02	3.96e-02
 2.67204e+16	9.93e-01	7.47e-03	1.89e-13	0.00e+00	0.00e+00	0.00e+00	0.00e+00	0.00e+00	0.00e+00	8.91e-01	6.25e-02	3.93e-02
 2.67220e+16	9.93e-01	7.27e-03	1.85e-13	0.00e+00	0.00e+00	0.00e+00	0.00e+00	0.00e+00	0.00e+00	8.92e-01	6.21e-02	3.90e-02
 2.67234e+16	9.93e-01	7.08e-03	1.80e-13	0.00e+00	0.00e+00	0.00e+00	0.00e+00	0.00e+00	0.00e+00	8.93e-01	6.17e-02	3.87e-02
 2.67247e+16	9.93e-01	6.93e-03	1.76e-13	0.00e+00	0.00e+00	0.00e+00	0.00e+00	0.00e+00	0.00e+00	8.93e-01	6.14e-02	3.84e-02
###########################
 2.25321e+11	3.18e-05	3.23e-02	9.65e-01	2.15e-03	0.00e+00	0.00e+00	0.00e+00	0.00e+00	0.00e+00	2.29e-05	6.15e-06	2.78e-06
 1.35193e+12	3.17e-05	3.24e-02	9.65e-01	2.14e-03	0.00e+00	0.00e+00	0.00e+00	0.00e+00	0.00e+00	2.28e-05	6.14e-06	2.78e-06
 5.85834e+12	3.18e-05	3.24e-02	9.65e-01	2.10e-03	0.00e+00	0.00e+00	0.00e+00	0.00e+00	0.00e+00	2.29e-05	6.15e-06	2.79e-06
 2.38840e+13	3.20e-05	3.25e-02	9.65e-01	1.98e-03	0.00e+00	0.00e+00	0.00e+00	0.00e+00	0.00e+00	2.30e-05	6.20e-06	2.81e-06
 5.70513e+13	3.19e-05	3.27e-02	9.65e-01	1.79e-03	0.00e+00	0.00e+00	0.00e+00	0.00e+00	0.00e+00	2.29e-05	6.20e-06	2.83e-06
 1.00169e+14	3.20e-05	3.29e-02	9.65e-01	1.57e-03	0.00e+00	0.00e+00	0.00e+00	0.00e+00	0.00e+00	2.29e-05	6.22e-06	2.84e-06
 1.56221e+14	3.22e-05	3.32e-02	9.65e-01	1.33e-03	0.00e+00	0.00e+00	0.00e+00	0.00e+00	0.00e+00	2.30e-05	6.25e-06	2.86e-06
 2.29090e+14	3.24e-05	3.36e-02	9.65e-01	1.07e-03	0.00e+00	0.00e+00	0.00e+00	0.00e+00	0.00e+00	2.33e-05	6.30e-06	2.88e-06
 3.23819e+14	3.29e-05	3.41e-02	9.65e-01	8.02e-04	0.00e+00	0.00e+00	0.00e+00	0.00e+00	0.00e+00	2.36e-05	6.38e-06	2.92e-06
 4.46966e+14	3.34e-05	3.48e-02	9.65e-01	5.54e-04	0.00e+00	0.00e+00	0.00e+00	0.00e+00	0.00e+00	2.40e-05	6.48e-06	2.97e-06
 6.07058e+14	3.43e-05	3.58e-02	9.64e-01	3.43e-04	0.00e+00	0.00e+00	0.00e+00	0.00e+00	0.00e+00	2.46e-05	6.65e-06	3.04e-06
 8.15178e+14	3.56e-05	3.70e-02	9.63e-01	1.84e-04	0.00e+00	0.00e+00	0.00e+00	0.00e+00	0.00e+00	2.55e-05	6.88e-06	3.15e-06
 1.08573e+15	3.74e-05	3.88e-02	9.61e-01	8.34e-05	0.00e+00	0.00e+00	0.00e+00	0.00e+00	0.00e+00	2.68e-05	7.21e-06	3.30e-06
 1.43746e+15	4.00e-05	4.13e-02	9.59e-01	3.03e-05	0.00e+00	0.00e+00	0.00e+00	0.00e+00	0.00e+00	2.87e-05	7.71e-06	3.53e-06
 1.89469e+15	4.38e-05	4.48e-02	9.55e-01	8.41e-06	0.00e+00	0.00e+00	0.00e+00	0.00e+00	0.00e+00	3.15e-05	8.43e-06	3.86e-06
 2.48910e+15	4.95e-05	4.98e-02	9.50e-01	1.69e-06	0.00e+00	0.00e+00	0.00e+00	0.00e+00	0.00e+00	3.57e-05	9.52e-06	4.36e-06
 3.15448e+15	5.66e-05	5.64e-02	9.44e-01	2.93e-07	0.00e+00	0.00e+00	0.00e+00	0.00e+00	0.00e+00	4.08e-05	1.09e-05	4.98e-06
 3.72704e+15	6.35e-05	6.29e-02	9.37e-01	0.00e+00	0.00e+00	0.00e+00	0.00e+00	0.00e+00	0.00e+00	4.57e-05	1.22e-05	5.58e-06
 4.28630e+15	7.27e-05	7.04e-02	9.30e-01	0.00e+00	0.00e+00	0.00e+00	0.00e+00	0.00e+00	0.00e+00	5.23e-05	1.39e-05	6.40e-06
 5.01333e+15	8.73e-05	8.17e-02	9.18e-01	0.00e+00	0.00e+00	0.00e+00	0.00e+00	0.00e+00	0.00e+00	6.29e-05	1.67e-05	7.70e-06
 5.69548e+15	1.03e-04	9.46e-02	9.05e-01	0.00e+00	0.00e+00	0.00e+00	0.00e+00	0.00e+00	0.00e+00	7.39e-05	1.97e-05	9.07e-06
 6.23270e+15	1.19e-04	1.07e-01	8.93e-01	0.00e+00	0.00e+00	0.00e+00	0.00e+00	0.00e+00	0.00e+00	8.56e-05	2.28e-05	1.05e-05
 6.82364e+15	1.42e-04	1.23e-01	8.77e-01	0.00e+00	0.00e+00	0.00e+00	0.00e+00	0.00e+00	0.00e+00	1.02e-04	2.72e-05	1.26e-05
 7.46813e+15	1.72e-04	1.45e-01	8.55e-01	0.00e+00	0.00e+00	0.00e+00	0.00e+00	0.00e+00	0.00e+00	1.24e-04	3.32e-05	1.54e-05
 8.06969e+15	2.09e-04	1.70e-01	8.30e-01	0.00e+00	0.00e+00	0.00e+00	0.00e+00	0.00e+00	0.00e+00	1.50e-04	4.04e-05	1.87e-05
 8.61029e+15	2.52e-04	1.98e-01	8.02e-01	0.00e+00	0.00e+00	0.00e+00	0.00e+00	0.00e+00	0.00e+00	1.81e-04	4.89e-05	2.26e-05
 9.12354e+15	3.04e-04	2.30e-01	7.70e-01	0.00e+00	0.00e+00	0.00e+00	0.00e+00	0.00e+00	0.00e+00	2.18e-04	5.91e-05	2.74e-05
 9.70599e+15	3.80e-04	2.75e-01	7.25e-01	0.00e+00	0.00e+00	0.00e+00	0.00e+00	0.00e+00	0.00e+00	2.72e-04	7.42e-05	3.44e-05
 1.03092e+16	4.81e-04	3.33e-01	6.67e-01	0.00e+00	0.00e+00	0.00e+00	0.00e+00	0.00e+00	0.00e+00	3.43e-04	9.43e-05	4.38e-05
 1.08069e+16	5.89e-04	3.92e-01	6.07e-01	0.00e+00	0.00e+00	0.00e+00	0.00e+00	0.00e+00	0.00e+00	4.19e-04	1.16e-04	5.39e-05
 1.12433e+16	7.05e-04	4.52e-01	5.47e-01	0.00e+00	0.00e+00	0.00e+00	0.00e+00	0.00e+00	0.00e+00	5.01e-04	1.39e-04	6.48e-05
 1.16904e+16	8.44e-04	5.21e-01	4.78e-01	0.00e+00	0.00e+00	0.00e+00	0.00e+00	0.00e+00	0.00e+00	5.98e-04	1.68e-04	7.81e-05
 1.21534e+16	1.01e-03	5.98e-01	4.01e-01	0.00e+00	0.00e+00	0.00e+00	0.00e+00	0.00e+00	0.00e+00	7.14e-04	2.01e-04	9.38e-05
 1.26075e+16	1.19e-03	6.74e-01	3.25e-01	0.00e+00	0.00e+00	0.00e+00	0.00e+00	0.00e+00	0.00e+00	8.39e-04	2.38e-04	1.11e-04
 1.30517e+16	1.37e-03	7.45e-01	2.54e-01	0.00e+00	0.00e+00	0.00e+00	0.00e+00	0.00e+00	0.00e+00	9.68e-04	2.76e-04	1.29e-04
 1.35016e+16	1.57e-03	8.09e-01	1.90e-01	0.00e+00	0.00e+00	0.00e+00	0.00e+00	0.00e+00	0.00e+00	1.10e-03	3.16e-04	1.48e-04
 1.39780e+16	1.77e-03	8.63e-01	1.35e-01	0.00e+00	0.00e+00	0.00e+00	0.00e+00	0.00e+00	0.00e+00	1.24e-03	3.58e-04	1.67e-04
 1.44954e+16	1.98e-03	9.08e-01	9.03e-02	0.00e+00	0.00e+00	0.00e+00	0.00e+00	0.00e+00	0.00e+00	1.39e-03	4.03e-04	1.88e-04
 1.50167e+16	2.20e-03	9.39e-01	5.91e-02	0.00e+00	0.00e+00	0.00e+00	0.00e+00	0.00e+00	0.00e+00	1.54e-03	4.50e-04	2.10e-04
 1.54909e+16	2.42e-03	9.58e-01	3.96e-02	0.00e+00	0.00e+00	0.00e+00	0.00e+00	0.00e+00	0.00e+00	1.69e-03	4.95e-04	2.31e-04
 1.59322e+16	2.63e-03	9.70e-01	2.70e-02	0.00e+00	0.00e+00	0.00e+00	0.00e+00	0.00e+00	0.00e+00	1.84e-03	5.40e-04	2.51e-04
 1.63578e+16	2.86e-03	9.79e-01	1.85e-02	0.00e+00	0.00e+00	0.00e+00	0.00e+00	0.00e+00	0.00e+00	2.00e-03	5.88e-04	2.74e-04
 1.67634e+16	3.10e-03	9.84e-01	1.28e-02	0.00e+00	0.00e+00	0.00e+00	0.00e+00	0.00e+00	0.00e+00	2.17e-03	6.38e-04	2.97e-04
 1.71007e+16	3.34e-03	9.87e-01	9.34e-03	0.00e+00	0.00e+00	0.00e+00	0.00e+00	0.00e+00	0.00e+00	2.33e-03	6.88e-04	3.20e-04
 1.73429e+16	3.53e-03	9.89e-01	7.37e-03	0.00e+00	0.00e+00	0.00e+00	0.00e+00	0.00e+00	0.00e+00	2.46e-03	7.27e-04	3.38e-04
 1.75424e+16	3.69e-03	9.90e-01	6.00e-03	0.00e+00	0.00e+00	0.00e+00	0.00e+00	0.00e+00	0.00e+00	2.57e-03	7.60e-04	3.53e-04
 1.77661e+16	3.87e-03	9.91e-01	4.71e-03	0.00e+00	0.00e+00	0.00e+00	0.00e+00	0.00e+00	0.00e+00	2.70e-03	7.98e-04	3.71e-04
 1.80094e+16	4.08e-03	9.92e-01	3.58e-03	0.00e+00	0.00e+00	0.00e+00	0.00e+00	0.00e+00	0.00e+00	2.85e-03	8.42e-04	3.91e-04
 1.82085e+16	4.30e-03	9.93e-01	2.82e-03	0.00e+00	0.00e+00	0.00e+00	0.00e+00	0.00e+00	0.00e+00	3.00e-03	8.88e-04	4.13e-04
 1.83542e+16	4.46e-03	9.93e-01	2.33e-03	0.00e+00	0.00e+00	0.00e+00	0.00e+00	0.00e+00	0.00e+00	3.11e-03	9.22e-04	4.28e-04
 1.84799e+16	4.60e-03	9.93e-01	1.95e-03	0.00e+00	0.00e+00	0.00e+00	0.00e+00	0.00e+00	0.00e+00	3.21e-03	9.50e-04	4.41e-04
 1.86229e+16	4.75e-03	9.94e-01	1.56e-03	0.00e+00	0.00e+00	0.00e+00	0.00e+00	0.00e+00	0.00e+00	3.31e-03	9.82e-04	4.56e-04
 1.87772e+16	4.93e-03	9.94e-01	1.21e-03	0.00e+00	0.00e+00	0.00e+00	0.00e+00	0.00e+00	0.00e+00	3.44e-03	1.02e-03	4.74e-04
 1.89010e+16	5.10e-03	9.94e-01	9.54e-04	0.00e+00	0.00e+00	0.00e+00	0.00e+00	0.00e+00	0.00e+00	3.56e-03	1.05e-03	4.90e-04
 1.89900e+16	5.22e-03	9.94e-01	7.90e-04	0.00e+00	0.00e+00	0.00e+00	0.00e+00	0.00e+00	0.00e+00	3.64e-03	1.08e-03	5.01e-04
 1.90790e+16	5.32e-03	9.94e-01	6.38e-04	0.00e+00	0.00e+00	0.00e+00	0.00e+00	0.00e+00	0.00e+00	3.71e-03	1.10e-03	5.11e-04
 1.91782e+16	5.45e-03	9.94e-01	4.93e-04	0.00e+00	0.00e+00	0.00e+00	0.00e+00	0.00e+00	0.00e+00	3.80e-03	1.13e-03	5.24e-04
 1.92670e+16	5.56e-03	9.94e-01	3.80e-04	0.00e+00	0.00e+00	0.00e+00	0.00e+00	0.00e+00	0.00e+00	3.88e-03	1.15e-03	5.35e-04
 1.93415e+16	5.66e-03	9.94e-01	2.98e-04	0.00e+00	0.00e+00	0.00e+00	0.00e+00	0.00e+00	0.00e+00	3.94e-03	1.17e-03	5.44e-04
 1.94208e+16	5.73e-03	9.94e-01	2.24e-04	0.00e+00	0.00e+00	0.00e+00	0.00e+00	0.00e+00	0.00e+00	3.99e-03	1.19e-03	5.51e-04
 1.95238e+16	5.84e-03	9.94e-01	1.50e-04	0.00e+00	0.00e+00	0.00e+00	0.00e+00	0.00e+00	0.00e+00	4.07e-03	1.21e-03	5.61e-04
 1.96335e+16	5.96e-03	9.94e-01	9.51e-05	0.00e+00	0.00e+00	0.00e+00	0.00e+00	0.00e+00	0.00e+00	4.15e-03	1.24e-03	5.74e-04
 1.97358e+16	6.09e-03	9.94e-01	6.05e-05	0.00e+00	0.00e+00	0.00e+00	0.00e+00	0.00e+00	0.00e+00	4.24e-03	1.26e-03	5.86e-04
 1.98528e+16	6.22e-03	9.94e-01	3.58e-05	0.00e+00	0.00e+00	0.00e+00	0.00e+00	0.00e+00	0.00e+00	4.33e-03	1.29e-03	6.00e-04
 2.00049e+16	6.40e-03	9.94e-01	1.83e-05	0.00e+00	0.00e+00	0.00e+00	0.00e+00	0.00e+00	0.00e+00	4.45e-03	1.33e-03	6.19e-04
 2.02027e+16	6.66e-03	9.93e-01	7.76e-06	0.00e+00	0.00e+00	0.00e+00	0.00e+00	0.00e+00	0.00e+00	4.63e-03	1.39e-03	6.45e-04
 2.04598e+16	7.02e-03	9.93e-01	2.65e-06	0.00e+00	0.00e+00	0.00e+00	0.00e+00	0.00e+00	0.00e+00	4.87e-03	1.47e-03	6.82e-04
 2.07914e+16	7.53e-03	9.92e-01	7.02e-07	0.00e+00	0.00e+00	0.00e+00	0.00e+00	0.00e+00	0.00e+00	5.22e-03	1.58e-03	7.36e-04
 2.11583e+16	8.25e-03	9.92e-01	1.69e-07	0.00e+00	0.00e+00	0.00e+00	0.00e+00	0.00e+00	0.00e+00	5.70e-03	1.74e-03	8.10e-04
 2.15064e+16	9.06e-03	9.91e-01	4.56e-08	0.00e+00	0.00e+00	0.00e+00	0.00e+00	0.00e+00	0.00e+00	6.25e-03	1.92e-03	8.93e-04
 2.18352e+16	9.94e-03	9.90e-01	1.37e-08	0.00e+00	0.00e+00	0.00e+00	0.00e+00	0.00e+00	0.00e+00	6.85e-03	2.11e-03	9.84e-04
 2.21556e+16	1.09e-02	9.89e-01	4.33e-09	0.00e+00	0.00e+00	0.00e+00	0.00e+00	0.00e+00	0.00e+00	7.52e-03	2.33e-03	1.09e-03
 2.24706e+16	1.21e-02	9.88e-01	1.42e-09	0.00e+00	0.00e+00	0.00e+00	0.00e+00	0.00e+00	0.00e+00	8.30e-03	2.59e-03	1.21e-03
 2.27794e+16	1.35e-02	9.87e-01	4.85e-10	0.00e+00	0.00e+00	0.00e+00	0.00e+00	0.00e+00	0.00e+00	9.21e-03	2.90e-03	1.35e-03
 2.30778e+16	1.51e-02	9.85e-01	1.75e-10	0.00e+00	0.00e+00	0.00e+00	0.00e+00	0.00e+00	0.00e+00	1.03e-02	3.26e-03	1.52e-03
 2.33749e+16	1.70e-02	9.83e-01	6.54e-11	0.00e+00	0.00e+00	0.00e+00	0.00e+00	0.00e+00	0.00e+00	1.16e-02	3.68e-03	1.71e-03
 2.36750e+16	1.94e-02	9.81e-01	2.61e-11	0.00e+00	0.00e+00	0.00e+00	0.00e+00	0.00e+00	0.00e+00	1.32e-02	4.22e-03	1.96e-03
 2.39693e+16	2.25e-02	9.78e-01	1.21e-11	0.00e+00	0.00e+00	0.00e+00	0.00e+00	0.00e+00	0.00e+00	1.53e-02	4.91e-03	2.27e-03
 2.42608e+16	2.65e-02	9.74e-01	6.93e-12	0.00e+00	0.00e+00	0.00e+00	0.00e+00	0.00e+00	0.00e+00	1.80e-02	5.79e-03	2.67e-03
 2.45505e+16	3.19e-02	9.68e-01	4.85e-12	0.00e+00	0.00e+00	0.00e+00	0.00e+00	0.00e+00	0.00e+00	2.17e-02	7.00e-03	3.22e-03
 2.48352e+16	3.95e-02	9.60e-01	3.90e-12	0.00e+00	0.00e+00	0.00e+00	0.00e+00	0.00e+00	0.00e+00	2.69e-02	8.69e-03	3.99e-03
 2.50933e+16	5.03e-02	9.50e-01	3.36e-12	0.00e+00	0.00e+00	0.00e+00	0.00e+00	0.00e+00	0.00e+00	3.41e-02	1.10e-02	5.06e-03
 2.52977e+16	6.36e-02	9.36e-01	3.00e-12	0.00e+00	0.00e+00	0.00e+00	0.00e+00	0.00e+00	0.00e+00	4.32e-02	1.40e-02	6.40e-03
 2.54499e+16	7.87e-02	9.21e-01	2.67e-12	0.00e+00	0.00e+00	0.00e+00	0.00e+00	0.00e+00	0.00e+00	5.35e-02	1.72e-02	7.91e-03
 2.55566e+16	9.34e-02	9.07e-01	2.57e-12	0.00e+00	0.00e+00	0.00e+00	0.00e+00	0.00e+00	0.00e+00	6.36e-02	2.04e-02	9.37e-03
 2.56307e+16	1.07e-01	8.93e-01	2.45e-12	0.00e+00	0.00e+00	0.00e+00	0.00e+00	0.00e+00	0.00e+00	7.27e-02	2.32e-02	1.07e-02
 2.57064e+16	1.23e-01	8.77e-01	2.34e-12	0.00e+00	0.00e+00	0.00e+00	0.00e+00	0.00e+00	0.00e+00	8.37e-02	2.66e-02	1.23e-02
 2.57914e+16	1.46e-01	8.54e-01	2.22e-12	0.00e+00	0.00e+00	0.00e+00	0.00e+00	0.00e+00	0.00e+00	1.00e-01	3.15e-02	1.46e-02
 2.58659e+16	1.75e-01	8.25e-01	2.13e-12	0.00e+00	0.00e+00	0.00e+00	0.00e+00	0.00e+00	0.00e+00	1.20e-01	3.74e-02	1.74e-02
 2.59294e+16	2.07e-01	7.93e-01	2.05e-12	0.00e+00	0.00e+00	0.00e+00	0.00e+00	0.00e+00	0.00e+00	1.42e-01	4.37e-02	2.05e-02
 2.59917e+16	2.47e-01	7.53e-01	1.98e-12	0.00e+00	0.00e+00	0.00e+00	0.00e+00	0.00e+00	0.00e+00	1.71e-01	5.15e-02	2.44e-02
 2.60502e+16	2.97e-01	7.03e-01	1.93e-12	0.00e+00	0.00e+00	0.00e+00	0.00e+00	0.00e+00	0.00e+00	2.07e-01	6.07e-02	2.91e-02
 2.60961e+16	3.47e-01	6.53e-01	1.88e-12	0.00e+00	0.00e+00	0.00e+00	0.00e+00	0.00e+00	0.00e+00	2.44e-01	6.96e-02	3.38e-02
 2.61259e+16	3.86e-01	6.14e-01	1.86e-12	0.00e+00	0.00e+00	0.00e+00	0.00e+00	0.00e+00	0.00e+00	2.72e-01	7.59e-02	3.73e-02
 2.61455e+16	4.13e-01	5.87e-01	1.84e-12	0.00e+00	0.00e+00	0.00e+00	0.00e+00	0.00e+00	0.00e+00	2.93e-01	8.03e-02	3.98e-02
 2.61620e+16	4.38e-01	5.62e-01	1.82e-12	0.00e+00	0.00e+00	0.00e+00	0.00e+00	0.00e+00	0.00e+00	3.12e-01	8.39e-02	4.19e-02
 2.61789e+16	4.64e-01	5.36e-01	1.79e-12	0.00e+00	0.00e+00	0.00e+00	0.00e+00	0.00e+00	0.00e+00	3.32e-01	8.77e-02	4.42e-02
 2.61961e+16	4.92e-01	5.08e-01	1.78e-12	0.00e+00	0.00e+00	0.00e+00	0.00e+00	0.00e+00	0.00e+00	3.54e-01	9.14e-02	4.65e-02
 2.62113e+16	5.18e-01	4.82e-01	1.75e-12	0.00e+00	0.00e+00	0.00e+00	0.00e+00	0.00e+00	0.00e+00	3.75e-01	9.47e-02	4.87e-02
 2.62240e+16	5.40e-01	4.60e-01	1.74e-12	0.00e+00	0.00e+00	0.00e+00	0.00e+00	0.00e+00	0.00e+00	3.92e-01	9.72e-02	5.04e-02
 2.62353e+16	5.60e-01	4.40e-01	1.72e-12	0.00e+00	0.00e+00	0.00e+00	0.00e+00	0.00e+00	0.00e+00	4.09e-01	9.94e-02	5.19e-02
 2.62460e+16	5.79e-01	4.21e-01	1.70e-12	0.00e+00	0.00e+00	0.00e+00	0.00e+00	0.00e+00	0.00e+00	4.25e-01	1.01e-01	5.33e-02
 2.62566e+16	5.98e-01	4.02e-01	1.68e-12	0.00e+00	0.00e+00	0.00e+00	0.00e+00	0.00e+00	0.00e+00	4.41e-01	1.03e-01	5.47e-02
 2.62653e+16	6.14e-01	3.86e-01	1.67e-12	0.00e+00	0.00e+00	0.00e+00	0.00e+00	0.00e+00	0.00e+00	4.54e-01	1.04e-01	5.57e-02
 2.62717e+16	6.25e-01	3.75e-01	1.65e-12	0.00e+00	0.00e+00	0.00e+00	0.00e+00	0.00e+00	0.00e+00	4.64e-01	1.05e-01	5.65e-02
 2.62775e+16	6.36e-01	3.64e-01	1.64e-12	0.00e+00	0.00e+00	0.00e+00	0.00e+00	0.00e+00	0.00e+00	4.73e-01	1.06e-01	5.71e-02
 2.62838e+16	6.48e-01	3.52e-01	1.62e-12	0.00e+00	0.00e+00	0.00e+00	0.00e+00	0.00e+00	0.00e+00	4.83e-01	1.07e-01	5.79e-02
 2.62905e+16	6.60e-01	3.40e-01	1.60e-12	0.00e+00	0.00e+00	0.00e+00	0.00e+00	0.00e+00	0.00e+00	4.94e-01	1.07e-01	5.86e-02
