#depth	H	H+	H2
 2.25321e+11	1.94e-03	9.98e-01	3.01e-12
 1.35193e+12	1.94e-03	9.98e-01	3.03e-12
 5.85834e+12	1.94e-03	9.98e-01	3.04e-12
 2.38840e+13	1.94e-03	9.98e-01	3.07e-12
 5.70513e+13	1.93e-03	9.98e-01	3.11e-12
 1.00169e+14	1.92e-03	9.98e-01	3.14e-12
 1.56221e+14	1.91e-03	9.98e-01	3.19e-12
 2.29090e+14	1.90e-03	9.98e-01	3.25e-12
 3.23819e+14	1.89e-03	9.98e-01	3.31e-12
 4.46966e+14	1.87e-03	9.98e-01	3.38e-12
 6.07058e+14	1.86e-03	9.98e-01	3.46e-12
 8.15178e+14	1.85e-03	9.98e-01	3.56e-12
 1.08573e+15	1.84e-03	9.98e-01	3.66e-12
 1.43746e+15	1.82e-03	9.98e-01	3.77e-12
 1.89469e+15	1.81e-03	9.98e-01	3.88e-12
 2.48910e+15	1.80e-03	9.98e-01	3.97e-12
 3.15448e+15	1.78e-03	9.98e-01	4.02e-12
 3.72704e+15	1.75e-03	9.98e-01	4.02e-12
 4.28629e+15	1.76e-03	9.98e-01	4.01e-12
 5.01333e+15	1.77e-03	9.98e-01	4.01e-12
 5.69547e+15	1.76e-03	9.98e-01	4.00e-12
 6.23271e+15	1.76e-03	9.98e-01	3.94e-12
 6.82367e+15	1.78e-03	9.98e-01	3.87e-12
 7.46817e+15	1.80e-03	9.98e-01	3.79e-12
 8.06974e+15	1.81e-03	9.98e-01	3.67e-12
 8.61037e+15	1.83e-03	9.98e-01	3.51e-12
 9.12390e+15	1.86e-03	9.98e-01	3.30e-12
 9.70919e+15	1.88e-03	9.98e-01	2.94e-12
 1.03156e+16	1.92e-03	9.98e-01	2.60e-12
 1.08132e+16	1.95e-03	9.98e-01	2.28e-12
 1.12481e+16	1.98e-03	9.98e-01	1.96e-12
 1.16942e+16	2.01e-03	9.98e-01	1.65e-12
 1.21569e+16	2.05e-03	9.98e-01	1.37e-12
 1.26118e+16	2.09e-03	9.98e-01	1.14e-12
 1.30562e+16	2.14e-03	9.98e-01	9.74e-13
 1.35057e+16	2.21e-03	9.98e-01	8.43e-13
 1.39822e+16	2.28e-03	9.98e-01	7.46e-13
 1.45000e+16	2.38e-03	9.98e-01	6.77e-13
 1.50215e+16	2.51e-03	9.97e-01	6.50e-13
 1.54956e+16	2.65e-03	9.97e-01	6.44e-13
 1.59367e+16	2.80e-03	9.97e-01	6.49e-13
 1.63622e+16	2.97e-03	9.97e-01	6.70e-13
 1.67677e+16	3.16e-03	9.97e-01	6.95e-13
 1.71048e+16	3.35e-03	9.97e-01	7.34e-13
 1.73467e+16	3.50e-03	9.96e-01	7.70e-13
 1.75459e+16	3.63e-03	9.96e-01	7.95e-13
 1.77693e+16	3.77e-03	9.96e-01	8.16e-13
 1.80122e+16	3.95e-03	9.96e-01	8.47e-13
 1.82111e+16	4.13e-03	9.96e-01	8.93e-13
 1.83568e+16	4.26e-03	9.96e-01	9.25e-13
 1.84823e+16	4.37e-03	9.96e-01	9.48e-13
 1.86252e+16	4.49e-03	9.96e-01	9.68e-13
 1.87793e+16	4.64e-03	9.95e-01	9.95e-13
 1.89029e+16	4.78e-03	9.95e-01	1.03e-12
 1.89919e+16	4.88e-03	9.95e-01	1.05e-12
 1.90809e+16	4.96e-03	9.95e-01	1.07e-12
 1.91800e+16	5.06e-03	9.95e-01	1.09e-12
 1.92688e+16	5.16e-03	9.95e-01	1.11e-12
 1.93432e+16	5.23e-03	9.95e-01	1.13e-12
 1.94225e+16	5.29e-03	9.95e-01	1.14e-12
 1.95255e+16	5.37e-03	9.95e-01	1.16e-12
 1.96353e+16	5.47e-03	9.95e-01	1.17e-12
 1.97378e+16	5.57e-03	9.94e-01	1.19e-12
 1.98553e+16	5.67e-03	9.94e-01	1.19e-12
 2.00079e+16	5.82e-03	9.94e-01	1.19e-12
 2.02064e+16	6.03e-03	9.94e-01	1.19e-12
 2.04645e+16	6.32e-03	9.94e-01	1.18e-12
 2.07965e+16	6.73e-03	9.93e-01	1.19e-12
 2.11631e+16	7.31e-03	9.93e-01	1.23e-12
 2.15109e+16	7.97e-03	9.92e-01	1.28e-12
 2.18397e+16	8.69e-03	9.91e-01	1.35e-12
 2.21599e+16	9.50e-03	9.91e-01	1.42e-12
 2.24748e+16	1.04e-02	9.90e-01	1.51e-12
 2.27837e+16	1.15e-02	9.88e-01	1.62e-12
 2.30820e+16	1.29e-02	9.87e-01	1.76e-12
 2.33790e+16	1.44e-02	9.86e-01	1.92e-12
 2.36791e+16	1.64e-02	9.84e-01	2.13e-12
 2.39734e+16	1.89e-02	9.81e-01	2.40e-12
 2.42649e+16	2.22e-02	9.78e-01	2.76e-12
 2.45547e+16	2.66e-02	9.73e-01	3.26e-12
 2.48391e+16	3.29e-02	9.67e-01	3.98e-12
 2.50967e+16	4.17e-02	9.58e-01	5.04e-12
 2.53005e+16	5.27e-02	9.47e-01	6.42e-12
 2.54523e+16	6.52e-02	9.35e-01	8.04e-12
 2.55588e+16	7.74e-02	9.23e-01	9.70e-12
 2.56330e+16	8.85e-02	9.11e-01	1.13e-11
 2.57086e+16	1.02e-01	8.98e-01	1.32e-11
 2.57936e+16	1.22e-01	8.78e-01	1.63e-11
 2.58680e+16	1.47e-01	8.53e-01	2.04e-11
 2.59313e+16	1.74e-01	8.26e-01	2.53e-11
 2.59935e+16	2.10e-01	7.90e-01	3.24e-11
 2.60519e+16	2.54e-01	7.46e-01	4.26e-11
 2.60977e+16	3.00e-01	7.00e-01	5.50e-11
 2.61274e+16	3.36e-01	6.64e-01	6.63e-11
 2.61470e+16	3.62e-01	6.38e-01	7.56e-11
 2.61636e+16	3.85e-01	6.15e-01	8.48e-11
 2.61805e+16	4.11e-01	5.89e-01	9.62e-11
 2.61975e+16	4.38e-01	5.62e-01	1.09e-10
 2.62126e+16	4.63e-01	5.37e-01	1.24e-10
 2.62253e+16	4.85e-01	5.15e-01	1.37e-10
 2.62366e+16	5.06e-01	4.94e-01	1.52e-10
 2.62474e+16	5.25e-01	4.75e-01	1.66e-10
 2.62579e+16	5.44e-01	4.56e-01	1.83e-10
 2.62664e+16	5.60e-01	4.40e-01	1.98e-10
 2.62725e+16	5.72e-01	4.28e-01	2.10e-10
 2.62783e+16	5.82e-01	4.18e-01	2.22e-10
 2.62847e+16	5.95e-01	4.05e-01	2.37e-10
 2.62916e+16	6.08e-01	3.92e-01	2.53e-10
 2.62982e+16	6.20e-01	3.80e-01	2.71e-10
 2.63046e+16	6.33e-01	3.67e-01	2.89e-10
 2.63109e+16	6.44e-01	3.56e-01	3.08e-10
 2.63171e+16	6.56e-01	3.44e-01	3.29e-10
 2.63234e+16	6.68e-01	3.32e-01	3.52e-10
 2.63296e+16	6.79e-01	3.21e-01	3.78e-10
 2.63357e+16	6.90e-01	3.10e-01	4.01e-10
 2.63417e+16	7.01e-01	2.99e-01	4.31e-10
 2.63478e+16	7.12e-01	2.88e-01	4.62e-10
 2.63538e+16	7.22e-01	2.78e-01	4.94e-10
 2.63597e+16	7.32e-01	2.68e-01	5.25e-10
 2.63656e+16	7.42e-01	2.58e-01	5.63e-10
 2.63716e+16	7.52e-01	2.48e-01	6.06e-10
 2.63775e+16	7.62e-01	2.38e-01	6.51e-10
 2.63831e+16	7.71e-01	2.29e-01	6.90e-10
 2.63888e+16	7.80e-01	2.20e-01	7.43e-10
 2.63945e+16	7.89e-01	2.11e-01	7.97e-10
 2.64001e+16	7.97e-01	2.03e-01	8.53e-10
 2.64057e+16	8.05e-01	1.95e-01	9.04e-10
 2.64111e+16	8.12e-01	1.88e-01	9.66e-10
 2.64165e+16	8.19e-01	1.81e-01	1.03e-09
 2.64218e+16	8.27e-01	1.73e-01	1.10e-09
 2.64271e+16	8.33e-01	1.67e-01	1.18e-09
 2.64323e+16	8.40e-01	1.60e-01	1.25e-09
 2.64375e+16	8.46e-01	1.54e-01	1.35e-09
 2.64426e+16	8.52e-01	1.48e-01	1.42e-09
 2.64476e+16	8.58e-01	1.42e-01	1.52e-09
 2.64527e+16	8.64e-01	1.36e-01	1.63e-09
 2.64576e+16	8.69e-01	1.31e-01	1.74e-09
 2.64625e+16	8.74e-01	1.26e-01	1.83e-09
 2.64674e+16	8.79e-01	1.21e-01	1.95e-09
 2.64723e+16	8.84e-01	1.16e-01	2.09e-09
 2.64771e+16	8.88e-01	1.12e-01	2.23e-09
 2.64819e+16	8.92e-01	1.08e-01	2.34e-09
 2.64867e+16	8.97e-01	1.03e-01	2.51e-09
 2.64915e+16	9.01e-01	9.93e-02	2.68e-09
 2.64961e+16	9.05e-01	9.53e-02	2.86e-09
 2.65008e+16	9.08e-01	9.18e-02	3.02e-09
 2.65055e+16	9.12e-01	8.81e-02	3.23e-09
 2.65101e+16	9.15e-01	8.47e-02	3.46e-09
 2.65147e+16	9.19e-01	8.13e-02	3.70e-09
 2.65193e+16	9.22e-01	7.82e-02	3.91e-09
 2.65239e+16	9.25e-01	7.51e-02	4.19e-09
 2.65284e+16	9.28e-01	7.22e-02	4.51e-09
 2.65328e+16	9.31e-01	6.93e-02	4.85e-09
 2.65374e+16	9.33e-01	6.66e-02	5.21e-09
 2.65419e+16	9.36e-01	6.39e-02	5.60e-09
 2.65463e+16	9.39e-01	6.14e-02	6.01e-09
 2.65507e+16	9.41e-01	5.90e-02	6.44e-09
 2.65551e+16	9.43e-01	5.67e-02	6.96e-09
 2.65594e+16	9.45e-01	5.45e-02	7.51e-09
 2.65637e+16	9.48e-01	5.24e-02	8.14e-09
 2.65680e+16	9.50e-01	5.04e-02	8.82e-09
 2.65722e+16	9.52e-01	4.84e-02	9.59e-09
 2.65764e+16	9.53e-01	4.65e-02	1.05e-08
 2.65805e+16	9.55e-01	4.47e-02	1.14e-08
 2.65847e+16	9.57e-01	4.29e-02	1.25e-08
 2.65887e+16	9.59e-01	4.12e-02	1.37e-08
 2.65928e+16	9.60e-01	3.95e-02	1.51e-08
 2.65968e+16	9.62e-01	3.80e-02	1.66e-08
 2.66007e+16	9.64e-01	3.65e-02	1.82e-08
 2.66046e+16	9.65e-01	3.50e-02	1.99e-08
 2.66084e+16	9.66e-01	3.36e-02	2.18e-08
 2.66122e+16	9.68e-01	3.23e-02	2.37e-08
 2.66159e+16	9.69e-01	3.10e-02	2.57e-08
 2.66195e+16	9.70e-01	2.97e-02	2.76e-08
 2.66231e+16	9.72e-01	2.85e-02	2.94e-08
 2.66265e+16	9.73e-01	2.74e-02	3.09e-08
 2.66296e+16	9.74e-01	2.63e-02	3.20e-08
 2.66324e+16	9.75e-01	2.54e-02	3.29e-08
 2.66350e+16	9.75e-01	2.46e-02	3.35e-08
 2.66374e+16	9.76e-01	2.38e-02	3.41e-08
 2.66396e+16	9.77e-01	2.31e-02	3.45e-08
 2.66416e+16	9.78e-01	2.25e-02	3.49e-08
 2.66435e+16	9.78e-01	2.19e-02	3.52e-08
 2.66452e+16	9.79e-01	2.13e-02	3.56e-08
 2.66468e+16	9.79e-01	2.08e-02	3.59e-08
 2.66483e+16	9.80e-01	2.04e-02	3.62e-08
 2.66496e+16	9.80e-01	2.00e-02	3.66e-08
 2.66508e+16	9.80e-01	1.96e-02	3.69e-08
 2.66519e+16	9.81e-01	1.93e-02	3.73e-08
 2.66529e+16	9.81e-01	1.90e-02	3.76e-08
 2.66540e+16	9.81e-01	1.87e-02	3.79e-08
 2.66554e+16	9.82e-01	1.82e-02	3.85e-08
 2.66569e+16	9.82e-01	1.78e-02	3.92e-08
 2.66583e+16	9.83e-01	1.74e-02	3.98e-08
 2.66596e+16	9.83e-01	1.71e-02	4.05e-08
 2.66607e+16	9.83e-01	1.67e-02	4.11e-08
 2.66618e+16	9.84e-01	1.65e-02	4.17e-08
 2.66627e+16	9.84e-01	1.62e-02	4.22e-08
 2.66638e+16	9.84e-01	1.60e-02	4.28e-08
 2.66651e+16	9.84e-01	1.56e-02	4.37e-08
 2.66666e+16	9.85e-01	1.53e-02	4.46e-08
 2.66679e+16	9.85e-01	1.50e-02	4.55e-08
 2.66691e+16	9.85e-01	1.47e-02	4.63e-08
 2.66703e+16	9.86e-01	1.44e-02	4.70e-08
 2.66713e+16	9.86e-01	1.42e-02	4.77e-08
 2.66724e+16	9.86e-01	1.40e-02	4.85e-08
 2.66735e+16	9.86e-01	1.37e-02	4.96e-08
 2.66746e+16	9.86e-01	1.35e-02	5.03e-08
 2.66758e+16	9.87e-01	1.33e-02	5.12e-08
 2.66774e+16	9.87e-01	1.29e-02	5.28e-08
 2.66790e+16	9.87e-01	1.26e-02	5.44e-08
 2.66805e+16	9.88e-01	1.23e-02	5.59e-08
 2.66819e+16	9.88e-01	1.20e-02	5.75e-08
 2.66832e+16	9.88e-01	1.18e-02	5.88e-08
 2.66843e+16	9.88e-01	1.16e-02	6.00e-08
 2.66854e+16	9.89e-01	1.14e-02	6.12e-08
 2.66863e+16	9.89e-01	1.12e-02	6.22e-08
 2.66873e+16	9.89e-01	1.11e-02	6.32e-08
 2.66887e+16	9.89e-01	1.08e-02	6.52e-08
 2.66901e+16	9.89e-01	1.06e-02	6.70e-08
 2.66915e+16	9.90e-01	1.03e-02	6.87e-08
 2.66927e+16	9.90e-01	1.02e-02	7.00e-08
 2.66938e+16	9.90e-01	9.99e-03	7.13e-08
