#depth	O	O+	O+2	O+3	O+4	O+5	O+6	O+7	O+8	O[1]	O[2]	O[3]
 4.06665e+11	3.02e-06	3.19e-03	3.01e-01	6.81e-01	1.51e-02	2.53e-07	0.00e+00	0.00e+00	0.00e+00	2.40e-06	3.97e-07	2.20e-07
 2.43999e+12	3.01e-06	3.18e-03	3.01e-01	6.81e-01	1.51e-02	2.53e-07	0.00e+00	0.00e+00	0.00e+00	2.40e-06	3.96e-07	2.20e-07
 1.05733e+13	3.02e-06	3.19e-03	3.02e-01	6.80e-01	1.50e-02	2.51e-07	0.00e+00	0.00e+00	0.00e+00	2.40e-06	3.97e-07	2.20e-07
 4.31065e+13	3.04e-06	3.22e-03	3.05e-01	6.78e-01	1.47e-02	2.45e-07	0.00e+00	0.00e+00	0.00e+00	2.42e-06	4.00e-07	2.22e-07
 1.02968e+14	3.04e-06	3.25e-03	3.09e-01	6.74e-01	1.42e-02	2.33e-07	0.00e+00	0.00e+00	0.00e+00	2.42e-06	4.00e-07	2.22e-07
 1.80787e+14	3.06e-06	3.30e-03	3.14e-01	6.69e-01	1.37e-02	2.20e-07	0.00e+00	0.00e+00	0.00e+00	2.43e-06	4.02e-07	2.23e-07
 2.81953e+14	3.10e-06	3.37e-03	3.22e-01	6.62e-01	1.30e-02	2.05e-07	0.00e+00	0.00e+00	0.00e+00	2.47e-06	4.06e-07	2.25e-07
 4.13468e+14	3.16e-06	3.46e-03	3.32e-01	6.53e-01	1.21e-02	1.86e-07	0.00e+00	0.00e+00	0.00e+00	2.52e-06	4.13e-07	2.29e-07
 5.84437e+14	3.25e-06	3.59e-03	3.45e-01	6.40e-01	1.11e-02	1.64e-07	0.00e+00	0.00e+00	0.00e+00	2.59e-06	4.23e-07	2.34e-07
 8.06697e+14	3.36e-06	3.77e-03	3.63e-01	6.23e-01	9.92e-03	1.40e-07	0.00e+00	0.00e+00	0.00e+00	2.69e-06	4.36e-07	2.41e-07
 1.09564e+15	3.54e-06	4.02e-03	3.88e-01	5.99e-01	8.53e-03	0.00e+00	0.00e+00	0.00e+00	0.00e+00	2.83e-06	4.58e-07	2.52e-07
 1.47126e+15	3.82e-06	4.39e-03	4.24e-01	5.65e-01	6.97e-03	0.00e+00	0.00e+00	0.00e+00	0.00e+00	3.06e-06	4.91e-07	2.70e-07
 1.95816e+15	4.19e-06	4.89e-03	4.73e-01	5.17e-01	5.33e-03	0.00e+00	0.00e+00	0.00e+00	0.00e+00	3.36e-06	5.37e-07	2.95e-07
 2.58975e+15	4.76e-06	5.62e-03	5.43e-01	4.48e-01	3.66e-03	0.00e+00	0.00e+00	0.00e+00	0.00e+00	3.81e-06	6.09e-07	3.34e-07
 3.22740e+15	5.20e-06	6.32e-03	6.16e-01	3.75e-01	2.43e-03	0.00e+00	0.00e+00	0.00e+00	0.00e+00	4.17e-06	6.66e-07	3.66e-07
 3.73865e+15	5.61e-06	6.92e-03	6.77e-01	3.14e-01	1.69e-03	0.00e+00	0.00e+00	0.00e+00	0.00e+00	4.49e-06	7.20e-07	3.96e-07
 4.26899e+15	6.17e-06	7.61e-03	7.41e-01	2.50e-01	1.09e-03	0.00e+00	0.00e+00	0.00e+00	0.00e+00	4.94e-06	7.96e-07	4.39e-07
 4.85222e+15	6.70e-06	8.29e-03	8.03e-01	1.88e-01	6.44e-04	0.00e+00	0.00e+00	0.00e+00	0.00e+00	5.35e-06	8.68e-07	4.81e-07
 5.41770e+15	7.25e-06	8.93e-03	8.56e-01	1.35e-01	3.60e-04	0.00e+00	0.00e+00	0.00e+00	0.00e+00	5.79e-06	9.43e-07	5.24e-07
 6.06630e+15	7.96e-06	9.63e-03	9.03e-01	8.75e-02	1.70e-04	0.00e+00	0.00e+00	0.00e+00	0.00e+00	6.35e-06	1.04e-06	5.77e-07
 6.75455e+15	8.60e-06	1.03e-02	9.36e-01	5.33e-02	7.27e-05	0.00e+00	0.00e+00	0.00e+00	0.00e+00	6.86e-06	1.12e-06	6.25e-07
 7.43001e+15	9.27e-06	1.08e-02	9.57e-01	3.18e-02	3.00e-05	0.00e+00	0.00e+00	0.00e+00	0.00e+00	7.39e-06	1.21e-06	6.73e-07
 8.17301e+15	9.98e-06	1.14e-02	9.71e-01	1.79e-02	1.11e-05	0.00e+00	0.00e+00	0.00e+00	0.00e+00	7.96e-06	1.30e-06	7.23e-07
 8.99031e+15	1.07e-05	1.19e-02	9.79e-01	9.55e-03	3.76e-06	0.00e+00	0.00e+00	0.00e+00	0.00e+00	8.56e-06	1.40e-06	7.76e-07
 9.88934e+15	1.15e-05	1.24e-02	9.83e-01	4.88e-03	1.16e-06	0.00e+00	0.00e+00	0.00e+00	0.00e+00	9.21e-06	1.50e-06	8.32e-07
 1.08783e+16	1.25e-05	1.30e-02	9.85e-01	2.40e-03	3.31e-07	0.00e+00	0.00e+00	0.00e+00	0.00e+00	9.96e-06	1.62e-06	8.98e-07
 1.19661e+16	1.35e-05	1.36e-02	9.85e-01	1.14e-03	0.00e+00	0.00e+00	0.00e+00	0.00e+00	0.00e+00	1.08e-05	1.75e-06	9.71e-07
 1.31627e+16	1.47e-05	1.43e-02	9.85e-01	5.18e-04	0.00e+00	0.00e+00	0.00e+00	0.00e+00	0.00e+00	1.17e-05	1.91e-06	1.06e-06
 1.44790e+16	1.61e-05	1.51e-02	9.85e-01	2.29e-04	0.00e+00	0.00e+00	0.00e+00	0.00e+00	0.00e+00	1.29e-05	2.09e-06	1.16e-06
 1.59269e+16	1.78e-05	1.59e-02	9.84e-01	9.76e-05	0.00e+00	0.00e+00	0.00e+00	0.00e+00	0.00e+00	1.42e-05	2.32e-06	1.29e-06
 1.75196e+16	1.99e-05	1.69e-02	9.83e-01	4.04e-05	0.00e+00	0.00e+00	0.00e+00	0.00e+00	0.00e+00	1.58e-05	2.60e-06	1.45e-06
 1.92715e+16	2.25e-05	1.80e-02	9.82e-01	1.63e-05	0.00e+00	0.00e+00	0.00e+00	0.00e+00	0.00e+00	1.79e-05	2.95e-06	1.65e-06
 2.11987e+16	2.57e-05	1.92e-02	9.81e-01	6.50e-06	0.00e+00	0.00e+00	0.00e+00	0.00e+00	0.00e+00	2.04e-05	3.39e-06	1.90e-06
 2.32739e+16	2.97e-05	2.06e-02	9.79e-01	2.66e-06	0.00e+00	0.00e+00	0.00e+00	0.00e+00	0.00e+00	2.35e-05	3.95e-06	2.22e-06
 2.52827e+16	3.44e-05	2.21e-02	9.78e-01	1.24e-06	0.00e+00	0.00e+00	0.00e+00	0.00e+00	0.00e+00	2.72e-05	4.60e-06	2.59e-06
 2.70765e+16	3.94e-05	2.35e-02	9.76e-01	6.74e-07	0.00e+00	0.00e+00	0.00e+00	0.00e+00	0.00e+00	3.10e-05	5.31e-06	3.00e-06
 2.87275e+16	4.48e-05	2.49e-02	9.75e-01	4.09e-07	0.00e+00	0.00e+00	0.00e+00	0.00e+00	0.00e+00	3.52e-05	6.08e-06	3.45e-06
 3.03009e+16	5.08e-05	2.64e-02	9.74e-01	2.67e-07	0.00e+00	0.00e+00	0.00e+00	0.00e+00	0.00e+00	3.99e-05	6.95e-06	3.95e-06
 3.18300e+16	5.78e-05	2.79e-02	9.72e-01	1.85e-07	0.00e+00	0.00e+00	0.00e+00	0.00e+00	0.00e+00	4.53e-05	7.96e-06	4.53e-06
 3.33297e+16	6.58e-05	2.95e-02	9.70e-01	1.34e-07	0.00e+00	0.00e+00	0.00e+00	0.00e+00	0.00e+00	5.15e-05	9.13e-06	5.21e-06
 3.48076e+16	7.52e-05	3.13e-02	9.69e-01	0.00e+00	0.00e+00	0.00e+00	0.00e+00	0.00e+00	0.00e+00	5.87e-05	1.05e-05	6.01e-06
 3.62460e+16	8.63e-05	3.32e-02	9.67e-01	0.00e+00	0.00e+00	0.00e+00	0.00e+00	0.00e+00	0.00e+00	6.72e-05	1.21e-05	6.95e-06
 3.76115e+16	9.88e-05	3.52e-02	9.65e-01	0.00e+00	0.00e+00	0.00e+00	0.00e+00	0.00e+00	0.00e+00	7.68e-05	1.40e-05	8.03e-06
 3.88990e+16	1.13e-04	3.73e-02	9.63e-01	0.00e+00	0.00e+00	0.00e+00	0.00e+00	0.00e+00	0.00e+00	8.77e-05	1.61e-05	9.25e-06
 4.01294e+16	1.29e-04	3.94e-02	9.60e-01	0.00e+00	0.00e+00	0.00e+00	0.00e+00	0.00e+00	0.00e+00	9.97e-05	1.85e-05	1.06e-05
 4.13326e+16	1.47e-04	4.18e-02	9.58e-01	0.00e+00	0.00e+00	0.00e+00	0.00e+00	0.00e+00	0.00e+00	1.14e-04	2.12e-05	1.22e-05
 4.25154e+16	1.69e-04	4.43e-02	9.56e-01	0.00e+00	0.00e+00	0.00e+00	0.00e+00	0.00e+00	0.00e+00	1.30e-04	2.44e-05	1.41e-05
 4.36538e+16	1.94e-04	4.71e-02	9.53e-01	0.00e+00	0.00e+00	0.00e+00	0.00e+00	0.00e+00	0.00e+00	1.49e-04	2.82e-05	1.63e-05
 4.47328e+16	2.23e-04	5.00e-02	9.50e-01	0.00e+00	0.00e+00	0.00e+00	0.00e+00	0.00e+00	0.00e+00	1.71e-04	3.26e-05	1.89e-05
 4.57618e+16	2.56e-04	5.32e-02	9.47e-01	0.00e+00	0.00e+00	0.00e+00	0.00e+00	0.00e+00	0.00e+00	1.96e-04	3.75e-05	2.18e-05
 4.67585e+16	2.94e-04	5.66e-02	9.43e-01	0.00e+00	0.00e+00	0.00e+00	0.00e+00	0.00e+00	0.00e+00	2.25e-04	4.33e-05	2.52e-05
 4.77308e+16	3.39e-04	6.04e-02	9.39e-01	0.00e+00	0.00e+00	0.00e+00	0.00e+00	0.00e+00	0.00e+00	2.60e-04	5.02e-05	2.92e-05
 4.86748e+16	3.92e-04	6.46e-02	9.35e-01	0.00e+00	0.00e+00	0.00e+00	0.00e+00	0.00e+00	0.00e+00	3.00e-04	5.83e-05	3.39e-05
 4.95850e+16	4.54e-04	6.91e-02	9.30e-01	0.00e+00	0.00e+00	0.00e+00	0.00e+00	0.00e+00	0.00e+00	3.46e-04	6.78e-05	3.95e-05
 5.04624e+16	5.26e-04	7.41e-02	9.25e-01	0.00e+00	0.00e+00	0.00e+00	0.00e+00	0.00e+00	0.00e+00	4.01e-04	7.89e-05	4.61e-05
 5.13132e+16	6.12e-04	7.96e-02	9.20e-01	0.00e+00	0.00e+00	0.00e+00	0.00e+00	0.00e+00	0.00e+00	4.66e-04	9.22e-05	5.38e-05
 5.21423e+16	7.13e-04	8.57e-02	9.14e-01	0.00e+00	0.00e+00	0.00e+00	0.00e+00	0.00e+00	0.00e+00	5.42e-04	1.08e-04	6.31e-05
 5.29507e+16	8.35e-04	9.24e-02	9.07e-01	0.00e+00	0.00e+00	0.00e+00	0.00e+00	0.00e+00	0.00e+00	6.34e-04	1.27e-04	7.42e-05
 5.37374e+16	9.80e-04	1.00e-01	8.99e-01	0.00e+00	0.00e+00	0.00e+00	0.00e+00	0.00e+00	0.00e+00	7.43e-04	1.50e-04	8.76e-05
 5.45025e+16	1.16e-03	1.08e-01	8.90e-01	0.00e+00	0.00e+00	0.00e+00	0.00e+00	0.00e+00	0.00e+00	8.74e-04	1.77e-04	1.04e-04
 5.52485e+16	1.37e-03	1.18e-01	8.81e-01	0.00e+00	0.00e+00	0.00e+00	0.00e+00	0.00e+00	0.00e+00	1.03e-03	2.10e-04	1.23e-04
 5.59783e+16	1.62e-03	1.28e-01	8.70e-01	0.00e+00	0.00e+00	0.00e+00	0.00e+00	0.00e+00	0.00e+00	1.22e-03	2.51e-04	1.47e-04
 5.66938e+16	1.94e-03	1.40e-01	8.58e-01	0.00e+00	0.00e+00	0.00e+00	0.00e+00	0.00e+00	0.00e+00	1.46e-03	3.00e-04	1.76e-04
 5.73955e+16	2.32e-03	1.54e-01	8.44e-01	0.00e+00	0.00e+00	0.00e+00	0.00e+00	0.00e+00	0.00e+00	1.75e-03	3.62e-04	2.11e-04
 5.80841e+16	2.80e-03	1.69e-01	8.28e-01	0.00e+00	0.00e+00	0.00e+00	0.00e+00	0.00e+00	0.00e+00	2.11e-03	4.38e-04	2.55e-04
 5.87569e+16	3.39e-03	1.86e-01	8.10e-01	0.00e+00	0.00e+00	0.00e+00	0.00e+00	0.00e+00	0.00e+00	2.55e-03	5.32e-04	3.09e-04
 5.94012e+16	4.12e-03	2.05e-01	7.90e-01	0.00e+00	0.00e+00	0.00e+00	0.00e+00	0.00e+00	0.00e+00	3.10e-03	6.48e-04	3.75e-04
 6.00064e+16	4.99e-03	2.26e-01	7.69e-01	0.00e+00	0.00e+00	0.00e+00	0.00e+00	0.00e+00	0.00e+00	3.74e-03	7.87e-04	4.54e-04
 6.05764e+16	6.01e-03	2.48e-01	7.46e-01	0.00e+00	0.00e+00	0.00e+00	0.00e+00	0.00e+00	0.00e+00	4.51e-03	9.52e-04	5.48e-04
 6.11240e+16	7.24e-03	2.72e-01	7.20e-01	0.00e+00	0.00e+00	0.00e+00	0.00e+00	0.00e+00	0.00e+00	5.43e-03	1.15e-03	6.60e-04
 6.16573e+16	8.75e-03	2.99e-01	6.93e-01	0.00e+00	0.00e+00	0.00e+00	0.00e+00	0.00e+00	0.00e+00	6.56e-03	1.39e-03	7.97e-04
 6.21746e+16	1.06e-02	3.27e-01	6.62e-01	0.00e+00	0.00e+00	0.00e+00	0.00e+00	0.00e+00	0.00e+00	7.92e-03	1.69e-03	9.65e-04
 6.26710e+16	1.28e-02	3.58e-01	6.29e-01	0.00e+00	0.00e+00	0.00e+00	0.00e+00	0.00e+00	0.00e+00	9.57e-03	2.05e-03	1.17e-03
 6.31457e+16	1.54e-02	3.90e-01	5.94e-01	0.00e+00	0.00e+00	0.00e+00	0.00e+00	0.00e+00	0.00e+00	1.15e-02	2.47e-03	1.41e-03
 6.36033e+16	1.86e-02	4.24e-01	5.57e-01	0.00e+00	0.00e+00	0.00e+00	0.00e+00	0.00e+00	0.00e+00	1.39e-02	2.98e-03	1.69e-03
 6.40489e+16	2.24e-02	4.60e-01	5.18e-01	0.00e+00	0.00e+00	0.00e+00	0.00e+00	0.00e+00	0.00e+00	1.68e-02	3.60e-03	2.04e-03
 6.44826e+16	2.70e-02	4.97e-01	4.76e-01	0.00e+00	0.00e+00	0.00e+00	0.00e+00	0.00e+00	0.00e+00	2.02e-02	4.35e-03	2.46e-03
 6.49047e+16	3.25e-02	5.34e-01	4.34e-01	0.00e+00	0.00e+00	0.00e+00	0.00e+00	0.00e+00	0.00e+00	2.43e-02	5.24e-03	2.96e-03
 6.53172e+16	3.92e-02	5.71e-01	3.89e-01	0.00e+00	0.00e+00	0.00e+00	0.00e+00	0.00e+00	0.00e+00	2.93e-02	6.31e-03	3.57e-03
 6.57193e+16	4.74e-02	6.08e-01	3.44e-01	0.00e+00	0.00e+00	0.00e+00	0.00e+00	0.00e+00	0.00e+00	3.55e-02	7.60e-03	4.30e-03
 6.61083e+16	5.70e-02	6.43e-01	3.00e-01	0.00e+00	0.00e+00	0.00e+00	0.00e+00	0.00e+00	0.00e+00	4.27e-02	9.11e-03	5.16e-03
 6.64872e+16	6.86e-02	6.74e-01	2.57e-01	0.00e+00	0.00e+00	0.00e+00	0.00e+00	0.00e+00	0.00e+00	5.15e-02	1.09e-02	6.20e-03
 6.68218e+16	8.10e-02	6.99e-01	2.20e-01	0.00e+00	0.00e+00	0.00e+00	0.00e+00	0.00e+00	0.00e+00	6.08e-02	1.28e-02	7.30e-03
 6.70905e+16	9.28e-02	7.16e-01	1.91e-01	0.00e+00	0.00e+00	0.00e+00	0.00e+00	0.00e+00	0.00e+00	6.97e-02	1.47e-02	8.35e-03
 6.73306e+16	1.05e-01	7.29e-01	1.66e-01	0.00e+00	0.00e+00	0.00e+00	0.00e+00	0.00e+00	0.00e+00	7.88e-02	1.65e-02	9.40e-03
 6.76015e+16	1.20e-01	7.39e-01	1.41e-01	0.00e+00	0.00e+00	0.00e+00	0.00e+00	0.00e+00	0.00e+00	9.01e-02	1.87e-02	1.07e-02
 6.78894e+16	1.39e-01	7.46e-01	1.15e-01	0.00e+00	0.00e+00	0.00e+00	0.00e+00	0.00e+00	0.00e+00	1.05e-01	2.15e-02	1.24e-02
 6.81240e+16	1.57e-01	7.47e-01	9.61e-02	0.00e+00	0.00e+00	0.00e+00	0.00e+00	0.00e+00	0.00e+00	1.19e-01	2.42e-02	1.40e-02
 6.83084e+16	1.73e-01	7.45e-01	8.25e-02	0.00e+00	0.00e+00	0.00e+00	0.00e+00	0.00e+00	0.00e+00	1.31e-01	2.65e-02	1.53e-02
 6.85028e+16	1.91e-01	7.39e-01	6.96e-02	0.00e+00	0.00e+00	0.00e+00	0.00e+00	0.00e+00	0.00e+00	1.45e-01	2.91e-02	1.69e-02
 6.87173e+16	2.14e-01	7.30e-01	5.68e-02	0.00e+00	0.00e+00	0.00e+00	0.00e+00	0.00e+00	0.00e+00	1.63e-01	3.22e-02	1.88e-02
 6.89088e+16	2.36e-01	7.17e-01	4.67e-02	0.00e+00	0.00e+00	0.00e+00	0.00e+00	0.00e+00	0.00e+00	1.80e-01	3.52e-02	2.07e-02
 6.90719e+16	2.57e-01	7.04e-01	3.91e-02	0.00e+00	0.00e+00	0.00e+00	0.00e+00	0.00e+00	0.00e+00	1.97e-01	3.79e-02	2.24e-02
 6.92471e+16	2.80e-01	6.88e-01	3.21e-02	0.00e+00	0.00e+00	0.00e+00	0.00e+00	0.00e+00	0.00e+00	2.15e-01	4.08e-02	2.43e-02
 6.94382e+16	3.09e-01	6.66e-01	2.54e-02	0.00e+00	0.00e+00	0.00e+00	0.00e+00	0.00e+00	0.00e+00	2.38e-01	4.43e-02	2.65e-02
 6.96041e+16	3.36e-01	6.44e-01	2.04e-02	0.00e+00	0.00e+00	0.00e+00	0.00e+00	0.00e+00	0.00e+00	2.59e-01	4.75e-02	2.86e-02
 6.97432e+16	3.60e-01	6.24e-01	1.68e-02	0.00e+00	0.00e+00	0.00e+00	0.00e+00	0.00e+00	0.00e+00	2.79e-01	5.02e-02	3.05e-02
 6.98931e+16	3.86e-01	6.01e-01	1.36e-02	0.00e+00	0.00e+00	0.00e+00	0.00e+00	0.00e+00	0.00e+00	3.00e-01	5.29e-02	3.24e-02
 7.00609e+16	4.17e-01	5.72e-01	1.06e-02	0.00e+00	0.00e+00	0.00e+00	0.00e+00	0.00e+00	0.00e+00	3.26e-01	5.61e-02	3.47e-02
 7.02144e+16	4.48e-01	5.44e-01	8.25e-03	0.00e+00	0.00e+00	0.00e+00	0.00e+00	0.00e+00	0.00e+00	3.52e-01	5.89e-02	3.68e-02
 7.03467e+16	4.76e-01	5.18e-01	6.58e-03	0.00e+00	0.00e+00	0.00e+00	0.00e+00	0.00e+00	0.00e+00	3.76e-01	6.13e-02	3.87e-02
 7.04731e+16	5.01e-01	4.93e-01	5.29e-03	0.00e+00	0.00e+00	0.00e+00	0.00e+00	0.00e+00	0.00e+00	3.98e-01	6.33e-02	4.03e-02
 7.05973e+16	5.28e-01	4.68e-01	4.22e-03	0.00e+00	0.00e+00	0.00e+00	0.00e+00	0.00e+00	0.00e+00	4.21e-01	6.51e-02	4.19e-02
 7.07109e+16	5.52e-01	4.44e-01	3.40e-03	0.00e+00	0.00e+00	0.00e+00	0.00e+00	0.00e+00	0.00e+00	4.43e-01	6.65e-02	4.32e-02
 7.08131e+16	5.75e-01	4.22e-01	2.79e-03	0.00e+00	0.00e+00	0.00e+00	0.00e+00	0.00e+00	0.00e+00	4.63e-01	6.76e-02	4.44e-02
 7.09101e+16	5.95e-01	4.02e-01	2.30e-03	0.00e+00	0.00e+00	0.00e+00	0.00e+00	0.00e+00	0.00e+00	4.81e-01	6.85e-02	4.54e-02
 7.09891e+16	6.12e-01	3.86e-01	1.95e-03	0.00e+00	0.00e+00	0.00e+00	0.00e+00	0.00e+00	0.00e+00	4.97e-01	6.91e-02	4.61e-02
 7.10420e+16	6.23e-01	3.75e-01	1.75e-03	0.00e+00	0.00e+00	0.00e+00	0.00e+00	0.00e+00	0.00e+00	5.07e-01	6.94e-02	4.66e-02
 7.10898e+16	6.33e-01	3.66e-01	1.59e-03	0.00e+00	0.00e+00	0.00e+00	0.00e+00	0.00e+00	0.00e+00	5.16e-01	6.96e-02	4.69e-02
 7.11476e+16	6.45e-01	3.54e-01	1.40e-03	0.00e+00	0.00e+00	0.00e+00	0.00e+00	0.00e+00	0.00e+00	5.27e-01	6.98e-02	4.74e-02
 7.12126e+16	6.58e-01	3.40e-01	1.22e-03	0.00e+00	0.00e+00	0.00e+00	0.00e+00	0.00e+00	0.00e+00	5.40e-01	7.01e-02	4.78e-02
 7.12732e+16	6.71e-01	3.28e-01	1.06e-03	0.00e+00	0.00e+00	0.00e+00	0.00e+00	0.00e+00	0.00e+00	5.53e-01	7.02e-02	4.82e-02
 7.13269e+16	6.82e-01	3.17e-01	9.42e-04	0.00e+00	0.00e+00	0.00e+00	0.00e+00	0.00e+00	0.00e+00	5.63e-01	7.02e-02	4.85e-02
 7.13797e+16	6.92e-01	3.07e-01	8.34e-04	0.00e+00	0.00e+00	0.00e+00	0.00e+00	0.00e+00	0.00e+00	5.73e-01	7.02e-02	4.88e-02
 7.14350e+16	7.03e-01	2.96e-01	7.33e-04	0.00e+00	0.00e+00	0.00e+00	0.00e+00	0.00e+00	0.00e+00	5.84e-01	7.01e-02	4.90e-02
 7.14910e+16	7.15e-01	2.85e-01	6.42e-04	0.00e+00	0.00e+00	0.00e+00	0.00e+00	0.00e+00	0.00e+00	5.95e-01	7.00e-02	4.92e-02
 7.15454e+16	7.25e-01	2.74e-01	5.63e-04	0.00e+00	0.00e+00	0.00e+00	0.00e+00	0.00e+00	0.00e+00	6.06e-01	6.98e-02	4.93e-02
 7.15981e+16	7.35e-01	2.64e-01	4.95e-04	0.00e+00	0.00e+00	0.00e+00	0.00e+00	0.00e+00	0.00e+00	6.16e-01	6.95e-02	4.94e-02
 7.16503e+16	7.45e-01	2.54e-01	4.35e-04	0.00e+00	0.00e+00	0.00e+00	0.00e+00	0.00e+00	0.00e+00	6.26e-01	6.92e-02	4.95e-02
 7.17031e+16	7.55e-01	2.45e-01	3.81e-04	0.00e+00	0.00e+00	0.00e+00	0.00e+00	0.00e+00	0.00e+00	6.37e-01	6.89e-02	4.95e-02
 7.17558e+16	7.65e-01	2.35e-01	3.33e-04	0.00e+00	0.00e+00	0.00e+00	0.00e+00	0.00e+00	0.00e+00	6.47e-01	6.85e-02	4.95e-02
 7.18074e+16	7.74e-01	2.26e-01	2.92e-04	0.00e+00	0.00e+00	0.00e+00	0.00e+00	0.00e+00	0.00e+00	6.56e-01	6.80e-02	4.95e-02
 7.18580e+16	7.83e-01	2.17e-01	2.56e-04	0.00e+00	0.00e+00	0.00e+00	0.00e+00	0.00e+00	0.00e+00	6.66e-01	6.76e-02	4.94e-02
 7.19090e+16	7.92e-01	2.08e-01	2.23e-04	0.00e+00	0.00e+00	0.00e+00	0.00e+00	0.00e+00	0.00e+00	6.75e-01	6.71e-02	4.93e-02
 7.19598e+16	8.00e-01	2.00e-01	1.95e-04	0.00e+00	0.00e+00	0.00e+00	0.00e+00	0.00e+00	0.00e+00	6.84e-01	6.65e-02	4.91e-02
 7.20101e+16	8.08e-01	1.92e-01	1.70e-04	0.00e+00	0.00e+00	0.00e+00	0.00e+00	0.00e+00	0.00e+00	6.93e-01	6.60e-02	4.89e-02
 7.20601e+16	8.16e-01	1.84e-01	1.48e-04	0.00e+00	0.00e+00	0.00e+00	0.00e+00	0.00e+00	0.00e+00	7.02e-01	6.53e-02	4.87e-02
 7.21091e+16	8.24e-01	1.76e-01	1.29e-04	0.00e+00	0.00e+00	0.00e+00	0.00e+00	0.00e+00	0.00e+00	7.11e-01	6.47e-02	4.85e-02
 7.21576e+16	8.31e-01	1.69e-01	1.13e-04	0.00e+00	0.00e+00	0.00e+00	0.00e+00	0.00e+00	0.00e+00	7.19e-01	6.41e-02	4.82e-02
 7.22069e+16	8.38e-01	1.62e-01	9.83e-05	0.00e+00	0.00e+00	0.00e+00	0.00e+00	0.00e+00	0.00e+00	7.27e-01	6.34e-02	4.80e-02
 7.22561e+16	8.46e-01	1.54e-01	8.53e-05	0.00e+00	0.00e+00	0.00e+00	0.00e+00	0.00e+00	0.00e+00	7.35e-01	6.27e-02	4.76e-02
 7.23038e+16	8.52e-01	1.48e-01	7.43e-05	0.00e+00	0.00e+00	0.00e+00	0.00e+00	0.00e+00	0.00e+00	7.43e-01	6.20e-02	4.73e-02
 7.23504e+16	8.58e-01	1.42e-01	6.49e-05	0.00e+00	0.00e+00	0.00e+00	0.00e+00	0.00e+00	0.00e+00	7.50e-01	6.14e-02	4.70e-02
 7.23975e+16	8.64e-01	1.36e-01	5.64e-05	0.00e+00	0.00e+00	0.00e+00	0.00e+00	0.00e+00	0.00e+00	7.57e-01	6.07e-02	4.66e-02
 7.24445e+16	8.70e-01	1.30e-01	4.90e-05	0.00e+00	0.00e+00	0.00e+00	0.00e+00	0.00e+00	0.00e+00	7.64e-01	6.00e-02	4.63e-02
 7.24907e+16	8.76e-01	1.24e-01	4.26e-05	0.00e+00	0.00e+00	0.00e+00	0.00e+00	0.00e+00	0.00e+00	7.71e-01	5.93e-02	4.59e-02
 7.25356e+16	8.81e-01	1.19e-01	3.72e-05	0.00e+00	0.00e+00	0.00e+00	0.00e+00	0.00e+00	0.00e+00	7.77e-01	5.86e-02	4.55e-02
 7.25792e+16	8.86e-01	1.14e-01	3.26e-05	0.00e+00	0.00e+00	0.00e+00	0.00e+00	0.00e+00	0.00e+00	7.83e-01	5.79e-02	4.52e-02
 7.26223e+16	8.91e-01	1.09e-01	2.85e-05	0.00e+00	0.00e+00	0.00e+00	0.00e+00	0.00e+00	0.00e+00	7.89e-01	5.73e-02	4.48e-02
 7.26655e+16	8.96e-01	1.04e-01	2.49e-05	0.00e+00	0.00e+00	0.00e+00	0.00e+00	0.00e+00	0.00e+00	7.95e-01	5.66e-02	4.44e-02
 7.27084e+16	9.00e-01	9.99e-02	2.18e-05	0.00e+00	0.00e+00	0.00e+00	0.00e+00	0.00e+00	0.00e+00	8.00e-01	5.60e-02	4.40e-02
 7.27500e+16	9.04e-01	9.57e-02	1.91e-05	0.00e+00	0.00e+00	0.00e+00	0.00e+00	0.00e+00	0.00e+00	8.05e-01	5.53e-02	4.36e-02
 7.27904e+16	9.08e-01	9.17e-02	1.68e-05	0.00e+00	0.00e+00	0.00e+00	0.00e+00	0.00e+00	0.00e+00	8.10e-01	5.47e-02	4.33e-02
 7.28307e+16	9.12e-01	8.80e-02	1.48e-05	0.00e+00	0.00e+00	0.00e+00	0.00e+00	0.00e+00	0.00e+00	8.15e-01	5.41e-02	4.29e-02
 7.28712e+16	9.16e-01	8.44e-02	1.30e-05	0.00e+00	0.00e+00	0.00e+00	0.00e+00	0.00e+00	0.00e+00	8.20e-01	5.35e-02	4.25e-02
 7.29109e+16	9.19e-01	8.09e-02	1.14e-05	0.00e+00	0.00e+00	0.00e+00	0.00e+00	0.00e+00	0.00e+00	8.24e-01	5.30e-02	4.22e-02
 7.29495e+16	9.22e-01	7.76e-02	1.01e-05	0.00e+00	0.00e+00	0.00e+00	0.00e+00	0.00e+00	0.00e+00	8.28e-01	5.24e-02	4.18e-02
 7.29874e+16	9.26e-01	7.45e-02	8.89e-06	0.00e+00	0.00e+00	0.00e+00	0.00e+00	0.00e+00	0.00e+00	8.32e-01	5.19e-02	4.15e-02
 7.30256e+16	9.29e-01	7.14e-02	7.84e-06	0.00e+00	0.00e+00	0.00e+00	0.00e+00	0.00e+00	0.00e+00	8.36e-01	5.13e-02	4.11e-02
 7.30635e+16	9.32e-01	6.84e-02	6.91e-06	0.00e+00	0.00e+00	0.00e+00	0.00e+00	0.00e+00	0.00e+00	8.40e-01	5.08e-02	4.07e-02
 7.31001e+16	9.34e-01	6.58e-02	6.12e-06	0.00e+00	0.00e+00	0.00e+00	0.00e+00	0.00e+00	0.00e+00	8.44e-01	5.03e-02	4.04e-02
 7.31364e+16	9.37e-01	6.31e-02	5.42e-06	0.00e+00	0.00e+00	0.00e+00	0.00e+00	0.00e+00	0.00e+00	8.47e-01	4.98e-02	4.00e-02
 7.31731e+16	9.39e-01	6.06e-02	4.79e-06	0.00e+00	0.00e+00	0.00e+00	0.00e+00	0.00e+00	0.00e+00	8.51e-01	4.93e-02	3.96e-02
 7.32092e+16	9.42e-01	5.81e-02	4.24e-06	0.00e+00	0.00e+00	0.00e+00	0.00e+00	0.00e+00	0.00e+00	8.54e-01	4.88e-02	3.93e-02
 7.32441e+16	9.44e-01	5.57e-02	3.76e-06	0.00e+00	0.00e+00	0.00e+00	0.00e+00	0.00e+00	0.00e+00	8.57e-01	4.83e-02	3.89e-02
 7.32791e+16	9.46e-01	5.36e-02	3.35e-06	0.00e+00	0.00e+00	0.00e+00	0.00e+00	0.00e+00	0.00e+00	8.60e-01	4.79e-02	3.86e-02
 7.33142e+16	9.49e-01	5.14e-02	2.96e-06	0.00e+00	0.00e+00	0.00e+00	0.00e+00	0.00e+00	0.00e+00	8.63e-01	4.74e-02	3.82e-02
 7.33484e+16	9.51e-01	4.93e-02	2.64e-06	0.00e+00	0.00e+00	0.00e+00	0.00e+00	0.00e+00	0.00e+00	8.66e-01	4.70e-02	3.79e-02
 7.33816e+16	9.53e-01	4.74e-02	2.35e-06	0.00e+00	0.00e+00	0.00e+00	0.00e+00	0.00e+00	0.00e+00	8.69e-01	4.66e-02	3.75e-02
 7.34151e+16	9.54e-01	4.56e-02	2.09e-06	0.00e+00	0.00e+00	0.00e+00	0.00e+00	0.00e+00	0.00e+00	8.71e-01	4.62e-02	3.72e-02
 7.34492e+16	9.56e-01	4.37e-02	1.86e-06	0.00e+00	0.00e+00	0.00e+00	0.00e+00	0.00e+00	0.00e+00	8.74e-01	4.58e-02	3.69e-02
 7.34822e+16	9.58e-01	4.19e-02	1.66e-06	0.00e+00	0.00e+00	0.00e+00	0.00e+00	0.00e+00	0.00e+00	8.76e-01	4.54e-02	3.66e-02
 7.35138e+16	9.60e-01	4.03e-02	1.48e-06	0.00e+00	0.00e+00	0.00e+00	0.00e+00	0.00e+00	0.00e+00	8.78e-01	4.51e-02	3.63e-02
 7.35459e+16	9.61e-01	3.87e-02	1.32e-06	0.00e+00	0.00e+00	0.00e+00	0.00e+00	0.00e+00	0.00e+00	8.81e-01	4.47e-02	3.60e-02
 7.35790e+16	9.63e-01	3.71e-02	1.18e-06	0.00e+00	0.00e+00	0.00e+00	0.00e+00	0.00e+00	0.00e+00	8.83e-01	4.43e-02	3.57e-02
 7.36109e+16	9.64e-01	3.56e-02	1.05e-06	0.00e+00	0.00e+00	0.00e+00	0.00e+00	0.00e+00	0.00e+00	8.85e-01	4.40e-02	3.55e-02
 7.36409e+16	9.66e-01	3.43e-02	9.47e-07	0.00e+00	0.00e+00	0.00e+00	0.00e+00	0.00e+00	0.00e+00	8.87e-01	4.37e-02	3.52e-02
 7.36708e+16	9.67e-01	3.30e-02	8.52e-07	0.00e+00	0.00e+00	0.00e+00	0.00e+00	0.00e+00	0.00e+00	8.89e-01	4.34e-02	3.50e-02
 7.37019e+16	9.68e-01	3.16e-02	7.62e-07	0.00e+00	0.00e+00	0.00e+00	0.00e+00	0.00e+00	0.00e+00	8.91e-01	4.31e-02	3.47e-02
 7.37333e+16	9.70e-01	3.03e-02	6.81e-07	0.00e+00	0.00e+00	0.00e+00	0.00e+00	0.00e+00	0.00e+00	8.92e-01	4.28e-02	3.44e-02
 7.37634e+16	9.71e-01	2.90e-02	6.11e-07	0.00e+00	0.00e+00	0.00e+00	0.00e+00	0.00e+00	0.00e+00	8.94e-01	4.25e-02	3.42e-02
 7.37920e+16	9.72e-01	2.79e-02	5.51e-07	0.00e+00	0.00e+00	0.00e+00	0.00e+00	0.00e+00	0.00e+00	8.96e-01	4.22e-02	3.40e-02
 7.38204e+16	9.73e-01	2.68e-02	4.98e-07	0.00e+00	0.00e+00	0.00e+00	0.00e+00	0.00e+00	0.00e+00	8.98e-01	4.19e-02	3.37e-02
 7.38492e+16	9.74e-01	2.57e-02	4.49e-07	0.00e+00	0.00e+00	0.00e+00	0.00e+00	0.00e+00	0.00e+00	8.99e-01	4.16e-02	3.35e-02
 7.38773e+16	9.75e-01	2.47e-02	4.05e-07	0.00e+00	0.00e+00	0.00e+00	0.00e+00	0.00e+00	0.00e+00	9.01e-01	4.14e-02	3.33e-02
 7.39030e+16	9.76e-01	2.38e-02	3.70e-07	0.00e+00	0.00e+00	0.00e+00	0.00e+00	0.00e+00	0.00e+00	9.02e-01	4.11e-02	3.31e-02
 7.39262e+16	9.77e-01	2.30e-02	3.40e-07	0.00e+00	0.00e+00	0.00e+00	0.00e+00	0.00e+00	0.00e+00	9.03e-01	4.09e-02	3.29e-02
 7.39471e+16	9.78e-01	2.23e-02	3.16e-07	0.00e+00	0.00e+00	0.00e+00	0.00e+00	0.00e+00	0.00e+00	9.04e-01	4.08e-02	3.27e-02
 7.39666e+16	9.78e-01	2.17e-02	2.95e-07	0.00e+00	0.00e+00	0.00e+00	0.00e+00	0.00e+00	0.00e+00	9.05e-01	4.06e-02	3.26e-02
 7.39853e+16	9.79e-01	2.10e-02	2.76e-07	0.00e+00	0.00e+00	0.00e+00	0.00e+00	0.00e+00	0.00e+00	9.06e-01	4.04e-02	3.24e-02
 7.40029e+16	9.80e-01	2.05e-02	2.59e-07	0.00e+00	0.00e+00	0.00e+00	0.00e+00	0.00e+00	0.00e+00	9.07e-01	4.02e-02	3.23e-02
 7.40190e+16	9.80e-01	2.00e-02	2.45e-07	0.00e+00	0.00e+00	0.00e+00	0.00e+00	0.00e+00	0.00e+00	9.08e-01	4.01e-02	3.22e-02
 7.40339e+16	9.81e-01	1.95e-02	2.32e-07	0.00e+00	0.00e+00	0.00e+00	0.00e+00	0.00e+00	0.00e+00	9.09e-01	4.00e-02	3.21e-02
 7.40480e+16	9.81e-01	1.90e-02	2.21e-07	0.00e+00	0.00e+00	0.00e+00	0.00e+00	0.00e+00	0.00e+00	9.09e-01	3.98e-02	3.19e-02
 7.40617e+16	9.81e-01	1.86e-02	2.10e-07	0.00e+00	0.00e+00	0.00e+00	0.00e+00	0.00e+00	0.00e+00	9.10e-01	3.97e-02	3.18e-02
 7.40747e+16	9.82e-01	1.82e-02	2.00e-07	0.00e+00	0.00e+00	0.00e+00	0.00e+00	0.00e+00	0.00e+00	9.11e-01	3.95e-02	3.17e-02
 7.40870e+16	9.82e-01	1.78e-02	1.92e-07	0.00e+00	0.00e+00	0.00e+00	0.00e+00	0.00e+00	0.00e+00	9.11e-01	3.94e-02	3.16e-02
 7.40986e+16	9.83e-01	1.74e-02	1.84e-07	0.00e+00	0.00e+00	0.00e+00	0.00e+00	0.00e+00	0.00e+00	9.12e-01	3.93e-02	3.15e-02
 7.41097e+16	9.83e-01	1.71e-02	1.77e-07	0.00e+00	0.00e+00	0.00e+00	0.00e+00	0.00e+00	0.00e+00	9.12e-01	3.92e-02	3.14e-02
 7.41204e+16	9.83e-01	1.68e-02	1.70e-07	0.00e+00	0.00e+00	0.00e+00	0.00e+00	0.00e+00	0.00e+00	9.13e-01	3.91e-02	3.13e-02
 7.41308e+16	9.84e-01	1.64e-02	1.63e-07	0.00e+00	0.00e+00	0.00e+00	0.00e+00	0.00e+00	0.00e+00	9.13e-01	3.89e-02	3.12e-02
 7.41405e+16	9.84e-01	1.61e-02	1.58e-07	0.00e+00	0.00e+00	0.00e+00	0.00e+00	0.00e+00	0.00e+00	9.14e-01	3.88e-02	3.11e-02
 7.41502e+16	9.84e-01	1.58e-02	1.52e-07	0.00e+00	0.00e+00	0.00e+00	0.00e+00	0.00e+00	0.00e+00	9.15e-01	3.87e-02	3.10e-02
 7.41601e+16	9.85e-01	1.55e-02	1.47e-07	0.00e+00	0.00e+00	0.00e+00	0.00e+00	0.00e+00	0.00e+00	9.15e-01	3.86e-02	3.09e-02
 7.41697e+16	9.85e-01	1.52e-02	1.42e-07	0.00e+00	0.00e+00	0.00e+00	0.00e+00	0.00e+00	0.00e+00	9.16e-01	3.85e-02	3.08e-02
 7.41790e+16	9.85e-01	1.49e-02	1.37e-07	0.00e+00	0.00e+00	0.00e+00	0.00e+00	0.00e+00	0.00e+00	9.16e-01	3.84e-02	3.06e-02
 7.41884e+16	9.85e-01	1.46e-02	1.32e-07	0.00e+00	0.00e+00	0.00e+00	0.00e+00	0.00e+00	0.00e+00	9.17e-01	3.82e-02	3.05e-02
 7.41980e+16	9.86e-01	1.42e-02	1.27e-07	0.00e+00	0.00e+00	0.00e+00	0.00e+00	0.00e+00	0.00e+00	9.17e-01	3.81e-02	3.04e-02
 7.42082e+16	9.86e-01	1.39e-02	1.22e-07	0.00e+00	0.00e+00	0.00e+00	0.00e+00	0.00e+00	0.00e+00	9.18e-01	3.79e-02	3.03e-02
 7.42190e+16	9.87e-01	1.35e-02	1.17e-07	0.00e+00	0.00e+00	0.00e+00	0.00e+00	0.00e+00	0.00e+00	9.19e-01	3.78e-02	3.01e-02
 7.42298e+16	9.87e-01	1.31e-02	1.12e-07	0.00e+00	0.00e+00	0.00e+00	0.00e+00	0.00e+00	0.00e+00	9.19e-01	3.76e-02	3.00e-02
 7.42397e+16	9.87e-01	1.28e-02	1.08e-07	0.00e+00	0.00e+00	0.00e+00	0.00e+00	0.00e+00	0.00e+00	9.20e-01	3.74e-02	2.98e-02
 7.42486e+16	9.88e-01	1.24e-02	1.04e-07	0.00e+00	0.00e+00	0.00e+00	0.00e+00	0.00e+00	0.00e+00	9.21e-01	3.73e-02	2.97e-02
 7.42568e+16	9.88e-01	1.21e-02	1.00e-07	0.00e+00	0.00e+00	0.00e+00	0.00e+00	0.00e+00	0.00e+00	9.21e-01	3.71e-02	2.95e-02
 7.42647e+16	9.88e-01	1.19e-02	9.71e-08	0.00e+00	0.00e+00	0.00e+00	0.00e+00	0.00e+00	0.00e+00	9.22e-01	3.70e-02	2.94e-02
 7.42725e+16	9.88e-01	1.16e-02	9.39e-08	0.00e+00	0.00e+00	0.00e+00	0.00e+00	0.00e+00	0.00e+00	9.22e-01	3.69e-02	2.93e-02
 7.42801e+16	9.89e-01	1.13e-02	9.09e-08	0.00e+00	0.00e+00	0.00e+00	0.00e+00	0.00e+00	0.00e+00	9.23e-01	3.67e-02	2.91e-02
 7.42869e+16	9.89e-01	1.11e-02	8.82e-08	0.00e+00	0.00e+00	0.00e+00	0.00e+00	0.00e+00	0.00e+00	9.23e-01	3.66e-02	2.90e-02
 7.42931e+16	9.89e-01	1.08e-02	8.57e-08	0.00e+00	0.00e+00	0.00e+00	0.00e+00	0.00e+00	0.00e+00	9.24e-01	3.64e-02	2.89e-02
 7.42988e+16	9.89e-01	1.06e-02	8.35e-08	0.00e+00	0.00e+00	0.00e+00	0.00e+00	0.00e+00	0.00e+00	9.24e-01	3.63e-02	2.87e-02
 7.43040e+16	9.90e-01	1.05e-02	8.16e-08	0.00e+00	0.00e+00	0.00e+00	0.00e+00	0.00e+00	0.00e+00	9.25e-01	3.62e-02	2.86e-02
 7.43087e+16	9.90e-01	1.03e-02	7.99e-08	0.00e+00	0.00e+00	0.00e+00	0.00e+00	0.00e+00	0.00e+00	9.25e-01	3.61e-02	2.85e-02
 7.43138e+16	9.90e-01	1.01e-02	7.79e-08	0.00e+00	0.00e+00	0.00e+00	0.00e+00	0.00e+00	0.00e+00	9.25e-01	3.60e-02	2.84e-02
 7.43194e+16	9.90e-01	9.94e-03	7.59e-08	0.00e+00	0.00e+00	0.00e+00	0.00e+00	0.00e+00	0.00e+00	9.26e-01	3.58e-02	2.83e-02
 7.43244e+16	9.90e-01	9.76e-03	7.40e-08	0.00e+00	0.00e+00	0.00e+00	0.00e+00	0.00e+00	0.00e+00	9.26e-01	3.57e-02	2.82e-02
 7.43290e+16	9.90e-01	9.64e-03	7.25e-08	0.00e+00	0.00e+00	0.00e+00	0.00e+00	0.00e+00	0.00e+00	9.27e-01	3.56e-02	2.81e-02
 7.43341e+16	9.91e-01	9.46e-03	7.06e-08	0.00e+00	0.00e+00	0.00e+00	0.00e+00	0.00e+00	0.00e+00	9.27e-01	3.54e-02	2.80e-02
 7.43395e+16	9.91e-01	9.29e-03	6.87e-08	0.00e+00	0.00e+00	0.00e+00	0.00e+00	0.00e+00	0.00e+00	9.28e-01	3.53e-02	2.79e-02
 7.43444e+16	9.91e-01	9.13e-03	6.70e-08	0.00e+00	0.00e+00	0.00e+00	0.00e+00	0.00e+00	0.00e+00	9.28e-01	3.52e-02	2.78e-02
 7.43490e+16	9.91e-01	9.00e-03	6.56e-08	0.00e+00	0.00e+00	0.00e+00	0.00e+00	0.00e+00	0.00e+00	9.28e-01	3.50e-02	2.77e-02
 7.43539e+16	9.91e-01	8.83e-03	6.38e-08	0.00e+00	0.00e+00	0.00e+00	0.00e+00	0.00e+00	0.00e+00	9.29e-01	3.49e-02	2.75e-02
 7.43592e+16	9.91e-01	8.69e-03	6.21e-08	0.00e+00	0.00e+00	0.00e+00	0.00e+00	0.00e+00	0.00e+00	9.29e-01	3.48e-02	2.74e-02
 7.43641e+16	9.91e-01	8.57e-03	6.06e-08	0.00e+00	0.00e+00	0.00e+00	0.00e+00	0.00e+00	0.00e+00	9.29e-01	3.47e-02	2.73e-02
 7.43694e+16	9.92e-01	8.44e-03	5.90e-08	0.00e+00	0.00e+00	0.00e+00	0.00e+00	0.00e+00	0.00e+00	9.30e-01	3.46e-02	2.72e-02
 7.43763e+16	9.92e-01	8.26e-03	5.69e-08	0.00e+00	0.00e+00	0.00e+00	0.00e+00	0.00e+00	0.00e+00	9.30e-01	3.44e-02	2.71e-02
 7.43838e+16	9.92e-01	8.08e-03	5.48e-08	0.00e+00	0.00e+00	0.00e+00	0.00e+00	0.00e+00	0.00e+00	9.31e-01	3.42e-02	2.70e-02
 7.43905e+16	9.92e-01	7.90e-03	5.29e-08	0.00e+00	0.00e+00	0.00e+00	0.00e+00	0.00e+00	0.00e+00	9.31e-01	3.41e-02	2.68e-02
 7.43967e+16	9.92e-01	7.76e-03	5.12e-08	0.00e+00	0.00e+00	0.00e+00	0.00e+00	0.00e+00	0.00e+00	9.32e-01	3.40e-02	2.67e-02
 7.44023e+16	9.92e-01	7.63e-03	4.97e-08	0.00e+00	0.00e+00	0.00e+00	0.00e+00	0.00e+00	0.00e+00	9.32e-01	3.38e-02	2.66e-02
 7.44075e+16	9.92e-01	7.51e-03	4.84e-08	0.00e+00	0.00e+00	0.00e+00	0.00e+00	0.00e+00	0.00e+00	9.32e-01	3.37e-02	2.65e-02
 7.44131e+16	9.93e-01	7.37e-03	4.69e-08	0.00e+00	0.00e+00	0.00e+00	0.00e+00	0.00e+00	0.00e+00	9.33e-01	3.36e-02	2.64e-02
 7.44191e+16	9.93e-01	7.22e-03	4.52e-08	0.00e+00	0.00e+00	0.00e+00	0.00e+00	0.00e+00	0.00e+00	9.33e-01	3.35e-02	2.63e-02
