#depth	He	He+	He+2
 4.06665e+11	2.80e-04	2.21e-01	7.78e-01
 2.43999e+12	2.80e-04	2.21e-01	7.78e-01
 1.05733e+13	2.81e-04	2.22e-01	7.78e-01
 4.31065e+13	2.83e-04	2.24e-01	7.76e-01
 1.02968e+14	2.87e-04	2.26e-01	7.74e-01
 1.80787e+14	2.91e-04	2.28e-01	7.71e-01
 2.81953e+14	2.98e-04	2.33e-01	7.67e-01
 4.13468e+14	3.08e-04	2.39e-01	7.61e-01
 5.84437e+14	3.21e-04	2.48e-01	7.52e-01
 8.06697e+14	3.39e-04	2.60e-01	7.40e-01
 1.09564e+15	3.66e-04	2.78e-01	7.22e-01
 1.47126e+15	4.03e-04	3.04e-01	6.95e-01
 1.95816e+15	4.57e-04	3.43e-01	6.56e-01
 2.58975e+15	5.38e-04	4.03e-01	5.97e-01
 3.22740e+15	6.26e-04	4.73e-01	5.26e-01
 3.73865e+15	7.05e-04	5.38e-01	4.61e-01
 4.26899e+15	7.95e-04	6.12e-01	3.88e-01
 4.85222e+15	8.93e-04	6.94e-01	3.06e-01
 5.41770e+15	9.85e-04	7.70e-01	2.29e-01
 6.06630e+15	1.08e-03	8.44e-01	1.55e-01
 6.75455e+15	1.17e-03	9.03e-01	9.58e-02
 7.43001e+15	1.24e-03	9.41e-01	5.73e-02
 8.17301e+15	1.30e-03	9.67e-01	3.19e-02
 8.99031e+15	1.35e-03	9.82e-01	1.67e-02
 9.88934e+15	1.40e-03	9.90e-01	8.34e-03
 1.08783e+16	1.45e-03	9.95e-01	3.97e-03
 1.19661e+16	1.49e-03	9.97e-01	1.83e-03
 1.31627e+16	1.55e-03	9.98e-01	8.14e-04
 1.44790e+16	1.60e-03	9.98e-01	3.52e-04
 1.59269e+16	1.67e-03	9.98e-01	1.48e-04
 1.75196e+16	1.74e-03	9.98e-01	6.04e-05
 1.92715e+16	1.81e-03	9.98e-01	2.42e-05
 2.11987e+16	1.90e-03	9.98e-01	9.54e-06
 2.32739e+16	2.00e-03	9.98e-01	3.86e-06
 2.52827e+16	2.11e-03	9.98e-01	1.77e-06
 2.70765e+16	2.21e-03	9.98e-01	9.45e-07
 2.87275e+16	2.31e-03	9.98e-01	5.62e-07
 3.03009e+16	2.40e-03	9.98e-01	3.58e-07
 3.18300e+16	2.51e-03	9.97e-01	2.40e-07
 3.33297e+16	2.62e-03	9.97e-01	1.67e-07
 3.48076e+16	2.73e-03	9.97e-01	1.20e-07
 3.62460e+16	2.85e-03	9.97e-01	8.90e-08
 3.76115e+16	2.98e-03	9.97e-01	6.84e-08
 3.88990e+16	3.11e-03	9.97e-01	5.41e-08
 4.01294e+16	3.24e-03	9.97e-01	4.37e-08
 4.13326e+16	3.37e-03	9.97e-01	3.59e-08
 4.25154e+16	3.51e-03	9.96e-01	2.98e-08
 4.36538e+16	3.66e-03	9.96e-01	2.51e-08
 4.47328e+16	3.82e-03	9.96e-01	2.16e-08
 4.57618e+16	3.98e-03	9.96e-01	1.87e-08
 4.67585e+16	4.14e-03	9.96e-01	1.64e-08
 4.77308e+16	4.31e-03	9.96e-01	1.45e-08
 4.86748e+16	4.49e-03	9.96e-01	1.29e-08
 4.95850e+16	4.68e-03	9.95e-01	1.16e-08
 5.04624e+16	4.88e-03	9.95e-01	1.05e-08
 5.13132e+16	5.09e-03	9.95e-01	9.50e-09
 5.21423e+16	5.31e-03	9.95e-01	8.69e-09
 5.29507e+16	5.54e-03	9.94e-01	7.98e-09
 5.37374e+16	5.78e-03	9.94e-01	7.37e-09
 5.45025e+16	6.04e-03	9.94e-01	6.83e-09
 5.52485e+16	6.31e-03	9.94e-01	6.36e-09
 5.59783e+16	6.61e-03	9.93e-01	5.94e-09
 5.66938e+16	6.93e-03	9.93e-01	5.57e-09
 5.73955e+16	7.27e-03	9.93e-01	5.23e-09
 5.80841e+16	7.64e-03	9.92e-01	4.93e-09
 5.87569e+16	8.05e-03	9.92e-01	4.67e-09
 5.94012e+16	8.49e-03	9.92e-01	4.43e-09
 6.00064e+16	8.95e-03	9.91e-01	4.22e-09
 6.05764e+16	9.44e-03	9.91e-01	4.04e-09
 6.11240e+16	9.96e-03	9.90e-01	3.88e-09
 6.16573e+16	1.05e-02	9.89e-01	3.73e-09
 6.21746e+16	1.12e-02	9.89e-01	3.60e-09
 6.26710e+16	1.19e-02	9.88e-01	3.47e-09
 6.31457e+16	1.26e-02	9.87e-01	3.36e-09
 6.36033e+16	1.34e-02	9.87e-01	3.26e-09
 6.40489e+16	1.44e-02	9.86e-01	3.16e-09
 6.44826e+16	1.54e-02	9.85e-01	3.08e-09
 6.49047e+16	1.66e-02	9.83e-01	3.00e-09
 6.53172e+16	1.79e-02	9.82e-01	2.93e-09
 6.57193e+16	1.94e-02	9.81e-01	2.86e-09
 6.61083e+16	2.12e-02	9.79e-01	2.80e-09
 6.64872e+16	2.33e-02	9.77e-01	2.74e-09
 6.68218e+16	2.54e-02	9.75e-01	2.71e-09
 6.70905e+16	2.75e-02	9.72e-01	2.69e-09
 6.73306e+16	2.96e-02	9.70e-01	2.66e-09
 6.76015e+16	3.23e-02	9.68e-01	2.64e-09
 6.78894e+16	3.57e-02	9.64e-01	2.63e-09
 6.81240e+16	3.91e-02	9.61e-01	2.63e-09
 6.83084e+16	4.22e-02	9.58e-01	2.64e-09
 6.85028e+16	4.59e-02	9.54e-01	2.63e-09
 6.87173e+16	5.05e-02	9.50e-01	2.67e-09
 6.89088e+16	5.53e-02	9.45e-01	2.70e-09
 6.90719e+16	6.00e-02	9.40e-01	2.75e-09
 6.92471e+16	6.57e-02	9.34e-01	2.80e-09
 6.94382e+16	7.27e-02	9.27e-01	2.89e-09
 6.96041e+16	7.99e-02	9.20e-01	2.98e-09
 6.97432e+16	8.69e-02	9.13e-01	3.07e-09
 6.98931e+16	9.52e-02	9.05e-01	3.18e-09
 7.00609e+16	1.05e-01	8.95e-01	3.36e-09
 7.02144e+16	1.16e-01	8.84e-01	3.55e-09
 7.03467e+16	1.27e-01	8.73e-01	3.72e-09
 7.04731e+16	1.39e-01	8.61e-01	3.93e-09
 7.05973e+16	1.51e-01	8.49e-01	4.16e-09
 7.07109e+16	1.63e-01	8.37e-01	4.40e-09
 7.08131e+16	1.76e-01	8.24e-01	4.62e-09
 7.09101e+16	1.89e-01	8.11e-01	4.88e-09
 7.09891e+16	2.00e-01	8.00e-01	5.10e-09
 7.10420e+16	2.08e-01	7.92e-01	5.24e-09
 7.10898e+16	2.15e-01	7.85e-01	5.37e-09
 7.11476e+16	2.25e-01	7.75e-01	5.53e-09
 7.12126e+16	2.36e-01	7.64e-01	5.74e-09
 7.12732e+16	2.46e-01	7.54e-01	5.96e-09
 7.13269e+16	2.56e-01	7.44e-01	6.16e-09
 7.13797e+16	2.66e-01	7.34e-01	6.34e-09
 7.14350e+16	2.77e-01	7.23e-01	6.56e-09
 7.14910e+16	2.88e-01	7.12e-01	6.79e-09
 7.15454e+16	3.00e-01	7.00e-01	7.03e-09
 7.15981e+16	3.11e-01	6.89e-01	7.26e-09
 7.16503e+16	3.23e-01	6.77e-01	7.50e-09
 7.17031e+16	3.35e-01	6.65e-01	7.75e-09
 7.17558e+16	3.48e-01	6.52e-01	8.00e-09
 7.18074e+16	3.61e-01	6.39e-01	8.26e-09
 7.18580e+16	3.74e-01	6.26e-01	8.52e-09
 7.19090e+16	3.87e-01	6.13e-01	8.77e-09
 7.19598e+16	4.01e-01	5.99e-01	9.06e-09
 7.20101e+16	4.15e-01	5.85e-01	9.33e-09
 7.20601e+16	4.29e-01	5.71e-01	9.59e-09
 7.21091e+16	4.43e-01	5.57e-01	9.86e-09
 7.21576e+16	4.57e-01	5.43e-01	1.01e-08
 7.22069e+16	4.71e-01	5.29e-01	1.04e-08
 7.22561e+16	4.86e-01	5.14e-01	1.07e-08
 7.23038e+16	5.01e-01	4.99e-01	1.10e-08
 7.23504e+16	5.15e-01	4.85e-01	1.12e-08
 7.23975e+16	5.29e-01	4.71e-01	1.15e-08
 7.24445e+16	5.44e-01	4.56e-01	1.17e-08
 7.24907e+16	5.59e-01	4.41e-01	1.20e-08
 7.25356e+16	5.72e-01	4.28e-01	1.22e-08
 7.25792e+16	5.86e-01	4.14e-01	1.24e-08
 7.26223e+16	6.00e-01	4.00e-01	1.26e-08
 7.26655e+16	6.14e-01	3.86e-01	1.29e-08
 7.27084e+16	6.27e-01	3.73e-01	1.31e-08
 7.27500e+16	6.40e-01	3.60e-01	1.33e-08
 7.27904e+16	6.52e-01	3.48e-01	1.34e-08
 7.28307e+16	6.65e-01	3.35e-01	1.36e-08
 7.28712e+16	6.77e-01	3.23e-01	1.38e-08
 7.29109e+16	6.89e-01	3.11e-01	1.39e-08
 7.29495e+16	7.00e-01	3.00e-01	1.41e-08
 7.29874e+16	7.11e-01	2.89e-01	1.42e-08
 7.30256e+16	7.22e-01	2.78e-01	1.43e-08
 7.30635e+16	7.33e-01	2.67e-01	1.44e-08
 7.31001e+16	7.43e-01	2.57e-01	1.45e-08
 7.31364e+16	7.53e-01	2.47e-01	1.46e-08
 7.31731e+16	7.63e-01	2.37e-01	1.47e-08
 7.32092e+16	7.72e-01	2.28e-01	1.48e-08
 7.32441e+16	7.81e-01	2.19e-01	1.48e-08
 7.32791e+16	7.90e-01	2.10e-01	1.49e-08
 7.33142e+16	7.98e-01	2.02e-01	1.49e-08
 7.33484e+16	8.06e-01	1.94e-01	1.50e-08
 7.33816e+16	8.14e-01	1.86e-01	1.50e-08
 7.34151e+16	8.21e-01	1.79e-01	1.50e-08
 7.34492e+16	8.29e-01	1.71e-01	1.51e-08
 7.34822e+16	8.36e-01	1.64e-01	1.51e-08
 7.35138e+16	8.42e-01	1.58e-01	1.50e-08
 7.35459e+16	8.49e-01	1.51e-01	1.50e-08
 7.35790e+16	8.55e-01	1.45e-01	1.50e-08
 7.36109e+16	8.61e-01	1.39e-01	1.50e-08
 7.36409e+16	8.66e-01	1.34e-01	1.50e-08
 7.36708e+16	8.72e-01	1.28e-01	1.50e-08
 7.37019e+16	8.77e-01	1.23e-01	1.49e-08
 7.37333e+16	8.82e-01	1.18e-01	1.48e-08
 7.37634e+16	8.87e-01	1.13e-01	1.48e-08
 7.37920e+16	8.91e-01	1.09e-01	1.47e-08
 7.38204e+16	8.96e-01	1.04e-01	1.46e-08
 7.38492e+16	9.00e-01	9.99e-02	1.46e-08
 7.38773e+16	9.04e-01	9.60e-02	1.45e-08
 7.39030e+16	9.08e-01	9.25e-02	1.44e-08
 7.39262e+16	9.11e-01	8.94e-02	1.43e-08
 7.39471e+16	9.13e-01	8.66e-02	1.42e-08
 7.39666e+16	9.16e-01	8.41e-02	1.41e-08
 7.39853e+16	9.18e-01	8.17e-02	1.40e-08
 7.40029e+16	9.20e-01	7.95e-02	1.39e-08
 7.40190e+16	9.22e-01	7.75e-02	1.38e-08
 7.40339e+16	9.24e-01	7.58e-02	1.37e-08
 7.40480e+16	9.26e-01	7.41e-02	1.36e-08
 7.40617e+16	9.28e-01	7.25e-02	1.35e-08
 7.40747e+16	9.29e-01	7.10e-02	1.34e-08
 7.40870e+16	9.30e-01	6.96e-02	1.33e-08
 7.40986e+16	9.32e-01	6.83e-02	1.32e-08
 7.41097e+16	9.33e-01	6.71e-02	1.31e-08
 7.41204e+16	9.34e-01	6.59e-02	1.30e-08
 7.41308e+16	9.35e-01	6.47e-02	1.29e-08
 7.41405e+16	9.36e-01	6.37e-02	1.28e-08
 7.41502e+16	9.37e-01	6.27e-02	1.27e-08
 7.41601e+16	9.38e-01	6.16e-02	1.26e-08
 7.41697e+16	9.39e-01	6.06e-02	1.25e-08
 7.41790e+16	9.40e-01	5.97e-02	1.24e-08
 7.41884e+16	9.41e-01	5.87e-02	1.23e-08
 7.41980e+16	9.42e-01	5.77e-02	1.22e-08
 7.42082e+16	9.43e-01	5.66e-02	1.21e-08
 7.42190e+16	9.44e-01	5.55e-02	1.19e-08
 7.42298e+16	9.46e-01	5.45e-02	1.18e-08
 7.42397e+16	9.46e-01	5.35e-02	1.16e-08
 7.42486e+16	9.47e-01	5.26e-02	1.15e-08
 7.42568e+16	9.48e-01	5.18e-02	1.13e-08
 7.42647e+16	9.49e-01	5.10e-02	1.12e-08
 7.42725e+16	9.50e-01	5.02e-02	1.11e-08
 7.42801e+16	9.51e-01	4.94e-02	1.10e-08
 7.42869e+16	9.51e-01	4.87e-02	1.08e-08
 7.42931e+16	9.52e-01	4.81e-02	1.07e-08
 7.42988e+16	9.53e-01	4.75e-02	1.06e-08
 7.43040e+16	9.53e-01	4.70e-02	1.05e-08
 7.43087e+16	9.53e-01	4.65e-02	1.04e-08
 7.43138e+16	9.54e-01	4.60e-02	1.03e-08
 7.43194e+16	9.55e-01	4.54e-02	1.02e-08
 7.43244e+16	9.55e-01	4.49e-02	1.01e-08
 7.43290e+16	9.56e-01	4.45e-02	1.00e-08
 7.43341e+16	9.56e-01	4.39e-02	9.89e-09
 7.43395e+16	9.57e-01	4.34e-02	9.80e-09
 7.43444e+16	9.57e-01	4.29e-02	9.70e-09
 7.43490e+16	9.57e-01	4.25e-02	9.62e-09
 7.43539e+16	9.58e-01	4.20e-02	9.50e-09
 7.43592e+16	9.58e-01	4.15e-02	9.42e-09
 7.43641e+16	9.59e-01	4.11e-02	9.34e-09
 7.43694e+16	9.59e-01	4.06e-02	9.25e-09
 7.43763e+16	9.60e-01	3.99e-02	9.13e-09
 7.43838e+16	9.61e-01	3.94e-02	9.04e-09
 7.43905e+16	9.61e-01	3.88e-02	8.92e-09
 7.43967e+16	9.62e-01	3.83e-02	8.84e-09
 7.44023e+16	9.62e-01	3.78e-02	8.76e-09
 7.44075e+16	9.63e-01	3.74e-02	8.68e-09
 7.44131e+16	9.63e-01	3.69e-02	8.59e-09
 7.44191e+16	9.64e-01	3.64e-02	8.52e-09
