#depth	H	H+	H2
 4.06665e+11	2.20e-03	9.98e-01	3.05e-12
 2.43999e+12	2.20e-03	9.98e-01	3.08e-12
 1.05733e+13	2.20e-03	9.98e-01	3.11e-12
 4.31065e+13	2.20e-03	9.98e-01	3.18e-12
 1.02968e+14	2.19e-03	9.98e-01	3.38e-12
 1.80787e+14	2.17e-03	9.98e-01	3.53e-12
 2.81953e+14	2.16e-03	9.98e-01	3.75e-12
 4.13468e+14	2.15e-03	9.98e-01	4.01e-12
 5.84437e+14	2.13e-03	9.98e-01	4.29e-12
 8.06697e+14	2.11e-03	9.98e-01	4.56e-12
 1.09564e+15	2.09e-03	9.98e-01	4.85e-12
 1.47126e+15	2.07e-03	9.98e-01	5.14e-12
 1.95816e+15	2.03e-03	9.98e-01	5.25e-12
 2.58975e+15	2.00e-03	9.98e-01	5.26e-12
 3.22740e+15	1.93e-03	9.98e-01	5.06e-12
 3.73865e+15	1.88e-03	9.98e-01	4.75e-12
 4.26899e+15	1.86e-03	9.98e-01	4.43e-12
 4.85222e+15	1.82e-03	9.98e-01	4.10e-12
 5.41770e+15	1.81e-03	9.98e-01	3.84e-12
 6.06630e+15	1.81e-03	9.98e-01	3.70e-12
 6.75455e+15	1.82e-03	9.98e-01	3.69e-12
 7.43001e+15	1.83e-03	9.98e-01	3.81e-12
 8.17301e+15	1.86e-03	9.98e-01	3.99e-12
 8.99031e+15	1.89e-03	9.98e-01	4.21e-12
 9.88934e+15	1.91e-03	9.98e-01	4.43e-12
 1.08783e+16	1.95e-03	9.98e-01	4.65e-12
 1.19661e+16	1.98e-03	9.98e-01	4.79e-12
 1.31627e+16	2.01e-03	9.98e-01	4.94e-12
 1.44790e+16	2.05e-03	9.98e-01	4.97e-12
 1.59269e+16	2.09e-03	9.98e-01	4.94e-12
 1.75196e+16	2.15e-03	9.98e-01	4.81e-12
 1.92715e+16	2.20e-03	9.98e-01	4.53e-12
 2.11987e+16	2.28e-03	9.98e-01	4.08e-12
 2.32739e+16	2.36e-03	9.98e-01	3.49e-12
 2.52827e+16	2.46e-03	9.98e-01	2.96e-12
 2.70765e+16	2.55e-03	9.97e-01	2.50e-12
 2.87275e+16	2.65e-03	9.97e-01	2.12e-12
 3.03009e+16	2.76e-03	9.97e-01	1.82e-12
 3.18300e+16	2.88e-03	9.97e-01	1.58e-12
 3.33297e+16	3.01e-03	9.97e-01	1.40e-12
 3.48076e+16	3.16e-03	9.97e-01	1.27e-12
 3.62460e+16	3.32e-03	9.97e-01	1.18e-12
 3.76115e+16	3.50e-03	9.96e-01	1.13e-12
 3.88990e+16	3.69e-03	9.96e-01	1.10e-12
 4.01294e+16	3.89e-03	9.96e-01	1.09e-12
 4.13326e+16	4.10e-03	9.96e-01	1.10e-12
 4.25154e+16	4.34e-03	9.96e-01	1.12e-12
 4.36538e+16	4.60e-03	9.95e-01	1.15e-12
 4.47328e+16	4.88e-03	9.95e-01	1.20e-12
 4.57618e+16	5.18e-03	9.95e-01	1.26e-12
 4.67585e+16	5.49e-03	9.95e-01	1.32e-12
 4.77308e+16	5.84e-03	9.94e-01	1.40e-12
 4.86748e+16	6.22e-03	9.94e-01	1.48e-12
 4.95850e+16	6.63e-03	9.93e-01	1.58e-12
 5.04624e+16	7.07e-03	9.93e-01	1.69e-12
 5.13132e+16	7.55e-03	9.92e-01	1.80e-12
 5.21423e+16	8.08e-03	9.92e-01	1.93e-12
 5.29507e+16	8.65e-03	9.91e-01	2.08e-12
 5.37374e+16	9.28e-03	9.91e-01	2.23e-12
 5.45025e+16	9.97e-03	9.90e-01	2.40e-12
 5.52485e+16	1.07e-02	9.89e-01	2.59e-12
 5.59783e+16	1.16e-02	9.88e-01	2.80e-12
 5.66938e+16	1.25e-02	9.88e-01	3.03e-12
 5.73955e+16	1.35e-02	9.86e-01	3.28e-12
 5.80841e+16	1.47e-02	9.85e-01	3.56e-12
 5.87569e+16	1.60e-02	9.84e-01	3.88e-12
 5.94012e+16	1.75e-02	9.83e-01	4.22e-12
 6.00064e+16	1.90e-02	9.81e-01	4.60e-12
 6.05764e+16	2.07e-02	9.79e-01	4.99e-12
 6.11240e+16	2.26e-02	9.77e-01	5.42e-12
 6.16573e+16	2.47e-02	9.75e-01	5.90e-12
 6.21746e+16	2.70e-02	9.73e-01	6.43e-12
 6.26710e+16	2.97e-02	9.70e-01	7.03e-12
 6.31457e+16	3.26e-02	9.67e-01	7.68e-12
 6.36033e+16	3.58e-02	9.64e-01	8.42e-12
 6.40489e+16	3.96e-02	9.60e-01	9.27e-12
 6.44826e+16	4.38e-02	9.56e-01	1.02e-11
 6.49047e+16	4.86e-02	9.51e-01	1.13e-11
 6.53172e+16	5.43e-02	9.46e-01	1.26e-11
 6.57193e+16	6.10e-02	9.39e-01	1.41e-11
 6.61083e+16	6.86e-02	9.31e-01	1.59e-11
 6.64872e+16	7.78e-02	9.22e-01	1.81e-11
 6.68218e+16	8.74e-02	9.13e-01	2.05e-11
 6.70905e+16	9.66e-02	9.03e-01	2.28e-11
 6.73306e+16	1.06e-01	8.94e-01	2.52e-11
 6.76015e+16	1.17e-01	8.83e-01	2.82e-11
 6.78894e+16	1.32e-01	8.68e-01	3.23e-11
 6.81240e+16	1.47e-01	8.53e-01	3.64e-11
 6.83084e+16	1.60e-01	8.40e-01	4.02e-11
 6.85028e+16	1.75e-01	8.25e-01	4.47e-11
 6.87173e+16	1.93e-01	8.07e-01	5.05e-11
 6.89088e+16	2.12e-01	7.88e-01	5.66e-11
 6.90719e+16	2.29e-01	7.71e-01	6.26e-11
 6.92471e+16	2.49e-01	7.51e-01	6.97e-11
 6.94382e+16	2.74e-01	7.26e-01	7.89e-11
 6.96041e+16	2.98e-01	7.02e-01	8.84e-11
 6.97432e+16	3.19e-01	6.81e-01	9.74e-11
 6.98931e+16	3.43e-01	6.57e-01	1.08e-10
 7.00609e+16	3.72e-01	6.28e-01	1.22e-10
 7.02144e+16	4.00e-01	6.00e-01	1.36e-10
 7.03467e+16	4.27e-01	5.73e-01	1.51e-10
 7.04731e+16	4.51e-01	5.49e-01	1.65e-10
 7.05973e+16	4.77e-01	5.23e-01	1.82e-10
 7.07109e+16	5.01e-01	4.99e-01	1.98e-10
 7.08131e+16	5.24e-01	4.76e-01	2.15e-10
 7.09101e+16	5.44e-01	4.56e-01	2.31e-10
 7.09891e+16	5.62e-01	4.38e-01	2.46e-10
 7.10420e+16	5.73e-01	4.27e-01	2.56e-10
 7.10898e+16	5.83e-01	4.17e-01	2.66e-10
 7.11476e+16	5.95e-01	4.05e-01	2.78e-10
 7.12126e+16	6.09e-01	3.91e-01	2.93e-10
 7.12732e+16	6.23e-01	3.77e-01	3.07e-10
 7.13269e+16	6.34e-01	3.66e-01	3.20e-10
 7.13797e+16	6.45e-01	3.55e-01	3.34e-10
 7.14350e+16	6.57e-01	3.43e-01	3.49e-10
 7.14910e+16	6.69e-01	3.31e-01	3.65e-10
 7.15454e+16	6.81e-01	3.19e-01	3.81e-10
 7.15981e+16	6.92e-01	3.08e-01	3.98e-10
 7.16503e+16	7.02e-01	2.98e-01	4.15e-10
 7.17031e+16	7.13e-01	2.87e-01	4.34e-10
 7.17558e+16	7.24e-01	2.76e-01	4.53e-10
 7.18074e+16	7.34e-01	2.66e-01	4.73e-10
 7.18580e+16	7.44e-01	2.56e-01	4.93e-10
 7.19090e+16	7.54e-01	2.46e-01	5.16e-10
 7.19598e+16	7.63e-01	2.37e-01	5.37e-10
 7.20101e+16	7.72e-01	2.28e-01	5.62e-10
 7.20601e+16	7.81e-01	2.19e-01	5.87e-10
 7.21091e+16	7.90e-01	2.10e-01	6.12e-10
 7.21576e+16	7.98e-01	2.02e-01	6.37e-10
 7.22069e+16	8.06e-01	1.94e-01	6.67e-10
 7.22561e+16	8.15e-01	1.85e-01	6.98e-10
 7.23038e+16	8.22e-01	1.78e-01	7.29e-10
 7.23504e+16	8.29e-01	1.71e-01	7.59e-10
 7.23975e+16	8.36e-01	1.64e-01	7.95e-10
 7.24445e+16	8.44e-01	1.56e-01	8.32e-10
 7.24907e+16	8.50e-01	1.50e-01	8.70e-10
 7.25356e+16	8.56e-01	1.44e-01	9.06e-10
 7.25792e+16	8.62e-01	1.38e-01	9.48e-10
 7.26223e+16	8.68e-01	1.32e-01	9.91e-10
 7.26655e+16	8.73e-01	1.27e-01	1.04e-09
 7.27084e+16	8.78e-01	1.22e-01	1.08e-09
 7.27500e+16	8.83e-01	1.17e-01	1.13e-09
 7.27904e+16	8.88e-01	1.12e-01	1.18e-09
 7.28307e+16	8.92e-01	1.08e-01	1.24e-09
 7.28712e+16	8.97e-01	1.03e-01	1.29e-09
 7.29109e+16	9.01e-01	9.91e-02	1.35e-09
 7.29495e+16	9.05e-01	9.52e-02	1.41e-09
 7.29874e+16	9.09e-01	9.14e-02	1.48e-09
 7.30256e+16	9.12e-01	8.78e-02	1.56e-09
 7.30635e+16	9.16e-01	8.42e-02	1.64e-09
 7.31001e+16	9.19e-01	8.10e-02	1.70e-09
 7.31364e+16	9.22e-01	7.78e-02	1.79e-09
 7.31731e+16	9.25e-01	7.47e-02	1.88e-09
 7.32092e+16	9.28e-01	7.17e-02	1.98e-09
 7.32441e+16	9.31e-01	6.88e-02	2.10e-09
 7.32791e+16	9.34e-01	6.64e-02	2.19e-09
 7.33142e+16	9.36e-01	6.36e-02	2.33e-09
 7.33484e+16	9.39e-01	6.11e-02	2.47e-09
 7.33816e+16	9.41e-01	5.88e-02	2.62e-09
 7.34151e+16	9.43e-01	5.66e-02	2.74e-09
 7.34492e+16	9.46e-01	5.43e-02	2.94e-09
 7.34822e+16	9.48e-01	5.21e-02	3.14e-09
 7.35138e+16	9.50e-01	5.01e-02	3.35e-09
 7.35459e+16	9.52e-01	4.82e-02	3.57e-09
 7.35790e+16	9.54e-01	4.62e-02	3.86e-09
 7.36109e+16	9.56e-01	4.44e-02	4.14e-09
 7.36409e+16	9.57e-01	4.28e-02	4.45e-09
 7.36708e+16	9.59e-01	4.12e-02	4.77e-09
 7.37019e+16	9.60e-01	3.95e-02	5.21e-09
 7.37333e+16	9.62e-01	3.79e-02	5.71e-09
 7.37634e+16	9.64e-01	3.64e-02	6.31e-09
 7.37920e+16	9.65e-01	3.50e-02	6.95e-09
 7.38204e+16	9.66e-01	3.37e-02	7.71e-09
 7.38492e+16	9.68e-01	3.23e-02	8.65e-09
 7.38773e+16	9.69e-01	3.10e-02	9.72e-09
 7.39030e+16	9.70e-01	2.99e-02	1.09e-08
 7.39262e+16	9.71e-01	2.89e-02	1.23e-08
 7.39471e+16	9.72e-01	2.81e-02	1.37e-08
 7.39666e+16	9.73e-01	2.73e-02	1.53e-08
 7.39853e+16	9.73e-01	2.66e-02	1.72e-08
 7.40029e+16	9.74e-01	2.59e-02	1.93e-08
 7.40190e+16	9.75e-01	2.52e-02	2.16e-08
 7.40339e+16	9.75e-01	2.47e-02	2.41e-08
 7.40480e+16	9.76e-01	2.41e-02	2.69e-08
 7.40617e+16	9.76e-01	2.36e-02	3.01e-08
 7.40747e+16	9.77e-01	2.31e-02	3.37e-08
 7.40870e+16	9.77e-01	2.26e-02	3.76e-08
 7.40986e+16	9.78e-01	2.22e-02	4.20e-08
 7.41097e+16	9.78e-01	2.17e-02	4.68e-08
 7.41204e+16	9.79e-01	2.13e-02	5.22e-08
 7.41308e+16	9.79e-01	2.09e-02	5.87e-08
 7.41405e+16	9.79e-01	2.06e-02	6.46e-08
 7.41502e+16	9.80e-01	2.02e-02	7.21e-08
 7.41601e+16	9.80e-01	1.98e-02	8.05e-08
 7.41697e+16	9.81e-01	1.94e-02	8.95e-08
 7.41790e+16	9.81e-01	1.90e-02	9.92e-08
 7.41884e+16	9.81e-01	1.87e-02	1.10e-07
 7.41980e+16	9.82e-01	1.83e-02	1.21e-07
 7.42082e+16	9.82e-01	1.78e-02	1.33e-07
 7.42190e+16	9.83e-01	1.74e-02	1.46e-07
 7.42298e+16	9.83e-01	1.69e-02	1.58e-07
 7.42397e+16	9.83e-01	1.65e-02	1.68e-07
 7.42486e+16	9.84e-01	1.61e-02	1.75e-07
 7.42568e+16	9.84e-01	1.57e-02	1.81e-07
 7.42647e+16	9.85e-01	1.54e-02	1.86e-07
 7.42725e+16	9.85e-01	1.51e-02	1.91e-07
 7.42801e+16	9.85e-01	1.48e-02	1.95e-07
 7.42869e+16	9.86e-01	1.45e-02	1.98e-07
 7.42931e+16	9.86e-01	1.42e-02	2.01e-07
 7.42988e+16	9.86e-01	1.40e-02	2.03e-07
 7.43040e+16	9.86e-01	1.38e-02	2.05e-07
 7.43087e+16	9.86e-01	1.36e-02	2.07e-07
 7.43138e+16	9.87e-01	1.34e-02	2.10e-07
 7.43194e+16	9.87e-01	1.32e-02	2.12e-07
 7.43244e+16	9.87e-01	1.29e-02	2.15e-07
 7.43290e+16	9.87e-01	1.28e-02	2.17e-07
 7.43341e+16	9.87e-01	1.26e-02	2.20e-07
 7.43395e+16	9.88e-01	1.24e-02	2.23e-07
 7.43444e+16	9.88e-01	1.22e-02	2.26e-07
 7.43490e+16	9.88e-01	1.21e-02	2.28e-07
 7.43539e+16	9.88e-01	1.19e-02	2.31e-07
 7.43592e+16	9.88e-01	1.17e-02	2.35e-07
 7.43641e+16	9.88e-01	1.15e-02	2.37e-07
 7.43694e+16	9.89e-01	1.14e-02	2.40e-07
 7.43763e+16	9.89e-01	1.12e-02	2.44e-07
 7.43838e+16	9.89e-01	1.10e-02	2.48e-07
 7.43905e+16	9.89e-01	1.07e-02	2.52e-07
 7.43967e+16	9.89e-01	1.06e-02	2.56e-07
 7.44023e+16	9.90e-01	1.04e-02	2.60e-07
 7.44075e+16	9.90e-01	1.03e-02	2.63e-07
 7.44131e+16	9.90e-01	1.01e-02	2.67e-07
 7.44191e+16	9.90e-01	9.93e-03	2.72e-07
