#depth	He	He+	He+2
 6.48686e+11	6.44e-04	8.15e-01	1.84e-01
 3.89212e+12	6.44e-04	8.15e-01	1.84e-01
 1.68658e+13	6.46e-04	8.16e-01	1.83e-01
 6.87607e+13	6.52e-04	8.21e-01	1.78e-01
 1.64247e+14	6.59e-04	8.24e-01	1.75e-01
 2.88380e+14	6.71e-04	8.33e-01	1.66e-01
 4.49752e+14	6.88e-04	8.47e-01	1.52e-01
 6.59536e+14	7.12e-04	8.68e-01	1.32e-01
 9.32255e+14	7.43e-04	8.93e-01	1.06e-01
 1.28679e+15	7.80e-04	9.23e-01	7.65e-02
 1.74769e+15	8.21e-04	9.51e-01	4.79e-02
 2.34685e+15	8.62e-04	9.74e-01	2.49e-02
 3.12576e+15	9.03e-04	9.89e-01	1.04e-02
 4.13835e+15	9.44e-04	9.96e-01	3.38e-03
 5.45471e+15	9.91e-04	9.98e-01	8.49e-04
 7.16599e+15	1.05e-03	9.99e-01	1.66e-04
 9.39064e+15	1.13e-03	9.99e-01	2.62e-05
 1.21859e+16	1.23e-03	9.99e-01	3.66e-06
 1.50863e+16	1.34e-03	9.99e-01	6.49e-07
 1.77381e+16	1.49e-03	9.99e-01	1.72e-07
 1.99788e+16	1.60e-03	9.98e-01	6.44e-08
 2.19767e+16	1.70e-03	9.98e-01	2.99e-08
 2.41743e+16	1.81e-03	9.98e-01	1.40e-08
 2.59565e+16	1.92e-03	9.98e-01	8.26e-09
 2.69885e+16	1.98e-03	9.98e-01	6.20e-09
 2.79104e+16	2.04e-03	9.98e-01	4.75e-09
 2.91090e+16	2.12e-03	9.98e-01	3.43e-09
 3.04457e+16	2.21e-03	9.98e-01	2.46e-09
 3.16436e+16	2.30e-03	9.98e-01	1.87e-09
 3.26682e+16	2.38e-03	9.98e-01	1.50e-09
 3.37861e+16	2.47e-03	9.98e-01	1.18e-09
 3.50340e+16	2.58e-03	9.97e-01	9.24e-10
 3.61565e+16	2.68e-03	9.97e-01	7.55e-10
 3.71190e+16	2.78e-03	9.97e-01	6.42e-10
 3.81679e+16	2.88e-03	9.97e-01	5.39e-10
 3.93420e+16	3.01e-03	9.97e-01	4.52e-10
 4.04164e+16	3.15e-03	9.97e-01	3.91e-10
 4.13438e+16	3.27e-03	9.97e-01	3.46e-10
 4.23430e+16	3.41e-03	9.97e-01	3.07e-10
 4.34608e+16	3.58e-03	9.96e-01	2.70e-10
 4.44821e+16	3.76e-03	9.96e-01	2.45e-10
 4.53638e+16	3.93e-03	9.96e-01	2.26e-10
 4.63146e+16	4.12e-03	9.96e-01	2.08e-10
 4.73801e+16	4.37e-03	9.96e-01	1.92e-10
 4.83461e+16	4.63e-03	9.95e-01	1.79e-10
 4.91737e+16	4.90e-03	9.95e-01	1.69e-10
 4.99434e+16	5.17e-03	9.95e-01	1.61e-10
 5.08173e+16	5.49e-03	9.95e-01	1.57e-10
 5.17685e+16	5.94e-03	9.94e-01	1.49e-10
 5.25570e+16	6.38e-03	9.94e-01	1.45e-10
 5.31662e+16	6.77e-03	9.93e-01	1.44e-10
 5.38054e+16	7.24e-03	9.93e-01	1.41e-10
 5.45202e+16	7.84e-03	9.92e-01	1.40e-10
 5.51630e+16	8.50e-03	9.92e-01	1.40e-10
 5.56984e+16	9.14e-03	9.91e-01	1.40e-10
 5.61870e+16	9.83e-03	9.90e-01	1.41e-10
 5.67450e+16	1.07e-02	9.89e-01	1.43e-10
 5.73350e+16	1.19e-02	9.88e-01	1.46e-10
 5.78174e+16	1.31e-02	9.87e-01	1.50e-10
 5.82099e+16	1.43e-02	9.86e-01	1.55e-10
 5.86345e+16	1.58e-02	9.84e-01	1.60e-10
 5.91028e+16	1.78e-02	9.82e-01	1.70e-10
 5.95161e+16	2.00e-02	9.80e-01	1.82e-10
 5.98204e+16	2.21e-02	9.78e-01	1.93e-10
 6.00361e+16	2.39e-02	9.76e-01	2.02e-10
 6.02580e+16	2.60e-02	9.74e-01	2.14e-10
 6.05078e+16	2.87e-02	9.71e-01	2.31e-10
 6.07317e+16	3.17e-02	9.68e-01	2.51e-10
 6.09150e+16	3.46e-02	9.65e-01	2.69e-10
 6.10776e+16	3.76e-02	9.62e-01	2.90e-10
 6.12590e+16	4.16e-02	9.58e-01	3.18e-10
 6.14470e+16	4.66e-02	9.53e-01	3.54e-10
 6.15961e+16	5.13e-02	9.49e-01	3.90e-10
 6.17160e+16	5.58e-02	9.44e-01	4.24e-10
 6.18452e+16	6.16e-02	9.38e-01	4.67e-10
 6.19856e+16	6.88e-02	9.31e-01	5.27e-10
 6.21060e+16	7.64e-02	9.24e-01	5.89e-10
 6.22047e+16	8.37e-02	9.16e-01	6.49e-10
 6.23099e+16	9.29e-02	9.07e-01	7.25e-10
 6.24230e+16	1.04e-01	8.96e-01	8.26e-10
 6.25185e+16	1.16e-01	8.84e-01	9.27e-10
 6.25972e+16	1.28e-01	8.72e-01	1.02e-09
 6.26684e+16	1.40e-01	8.60e-01	1.12e-09
 6.27353e+16	1.52e-01	8.48e-01	1.23e-09
 6.27966e+16	1.65e-01	8.35e-01	1.34e-09
 6.28510e+16	1.79e-01	8.21e-01	1.45e-09
 6.28911e+16	1.89e-01	8.11e-01	1.54e-09
 6.29168e+16	1.96e-01	8.04e-01	1.59e-09
 6.29415e+16	2.04e-01	7.96e-01	1.65e-09
 6.29708e+16	2.13e-01	7.87e-01	1.72e-09
 6.30014e+16	2.23e-01	7.77e-01	1.80e-09
 6.30297e+16	2.33e-01	7.67e-01	1.87e-09
 6.30555e+16	2.43e-01	7.57e-01	1.95e-09
 6.30806e+16	2.53e-01	7.47e-01	2.02e-09
 6.31060e+16	2.64e-01	7.36e-01	2.10e-09
 6.31312e+16	2.75e-01	7.25e-01	2.18e-09
 6.31555e+16	2.86e-01	7.14e-01	2.26e-09
 6.31790e+16	2.97e-01	7.03e-01	2.35e-09
 6.32021e+16	3.09e-01	6.91e-01	2.43e-09
 6.32248e+16	3.21e-01	6.79e-01	2.51e-09
 6.32471e+16	3.33e-01	6.67e-01	2.60e-09
 6.32688e+16	3.46e-01	6.54e-01	2.68e-09
 6.32901e+16	3.59e-01	6.41e-01	2.77e-09
 6.33110e+16	3.72e-01	6.28e-01	2.85e-09
 6.33315e+16	3.85e-01	6.15e-01	2.93e-09
 6.33516e+16	3.99e-01	6.01e-01	3.02e-09
 6.33714e+16	4.13e-01	5.87e-01	3.10e-09
 6.33908e+16	4.27e-01	5.73e-01	3.18e-09
 6.34098e+16	4.41e-01	5.59e-01	3.26e-09
 6.34284e+16	4.55e-01	5.45e-01	3.34e-09
 6.34467e+16	4.69e-01	5.31e-01	3.41e-09
 6.34646e+16	4.84e-01	5.16e-01	3.49e-09
 6.34823e+16	4.98e-01	5.02e-01	3.56e-09
 6.34996e+16	5.13e-01	4.87e-01	3.63e-09
 6.35166e+16	5.28e-01	4.72e-01	3.70e-09
 6.35331e+16	5.42e-01	4.58e-01	3.76e-09
 6.35491e+16	5.56e-01	4.44e-01	3.82e-09
 6.35647e+16	5.70e-01	4.30e-01	3.88e-09
 6.35798e+16	5.84e-01	4.16e-01	3.93e-09
 6.35949e+16	5.98e-01	4.02e-01	3.97e-09
 6.36094e+16	6.12e-01	3.88e-01	4.02e-09
 6.36232e+16	6.24e-01	3.76e-01	4.06e-09
 6.36369e+16	6.38e-01	3.62e-01	4.09e-09
 6.36504e+16	6.50e-01	3.50e-01	4.13e-09
 6.36636e+16	6.63e-01	3.37e-01	4.15e-09
 6.36762e+16	6.75e-01	3.25e-01	4.18e-09
 6.36886e+16	6.86e-01	3.14e-01	4.19e-09
 6.37008e+16	6.98e-01	3.02e-01	4.21e-09
 6.37126e+16	7.09e-01	2.91e-01	4.22e-09
 6.37242e+16	7.20e-01	2.80e-01	4.23e-09
 6.37356e+16	7.30e-01	2.70e-01	4.24e-09
 6.37468e+16	7.41e-01	2.59e-01	4.24e-09
 6.37578e+16	7.51e-01	2.49e-01	4.24e-09
 6.37684e+16	7.60e-01	2.40e-01	4.23e-09
 6.37789e+16	7.70e-01	2.30e-01	4.23e-09
 6.37891e+16	7.79e-01	2.21e-01	4.22e-09
 6.37992e+16	7.88e-01	2.12e-01	4.20e-09
 6.38090e+16	7.96e-01	2.04e-01	4.18e-09
 6.38187e+16	8.04e-01	1.96e-01	4.16e-09
 6.38282e+16	8.12e-01	1.88e-01	4.14e-09
 6.38375e+16	8.20e-01	1.80e-01	4.11e-09
 6.38466e+16	8.27e-01	1.73e-01	4.09e-09
 6.38555e+16	8.35e-01	1.65e-01	4.05e-09
 6.38643e+16	8.41e-01	1.59e-01	4.02e-09
 6.38727e+16	8.48e-01	1.52e-01	3.98e-09
 6.38810e+16	8.54e-01	1.46e-01	3.94e-09
 6.38893e+16	8.60e-01	1.40e-01	3.90e-09
 6.38973e+16	8.66e-01	1.34e-01	3.86e-09
 6.39052e+16	8.72e-01	1.28e-01	3.81e-09
 6.39128e+16	8.77e-01	1.23e-01	3.76e-09
 6.39203e+16	8.83e-01	1.17e-01	3.71e-09
 6.39277e+16	8.88e-01	1.12e-01	3.66e-09
 6.39349e+16	8.93e-01	1.07e-01	3.61e-09
 6.39419e+16	8.97e-01	1.03e-01	3.55e-09
 6.39486e+16	9.02e-01	9.85e-02	3.49e-09
 6.39551e+16	9.06e-01	9.43e-02	3.43e-09
 6.39616e+16	9.10e-01	9.02e-02	3.37e-09
 6.39679e+16	9.14e-01	8.63e-02	3.30e-09
 6.39740e+16	9.17e-01	8.25e-02	3.24e-09
 6.39797e+16	9.21e-01	7.91e-02	3.17e-09
 6.39850e+16	9.24e-01	7.59e-02	3.11e-09
 6.39898e+16	9.27e-01	7.30e-02	3.05e-09
 6.39944e+16	9.30e-01	7.03e-02	2.98e-09
 6.39986e+16	9.32e-01	6.78e-02	2.92e-09
 6.40025e+16	9.35e-01	6.54e-02	2.85e-09
 6.40060e+16	9.37e-01	6.34e-02	2.80e-09
 6.40093e+16	9.39e-01	6.14e-02	2.74e-09
 6.40123e+16	9.40e-01	5.96e-02	2.68e-09
 6.40152e+16	9.42e-01	5.79e-02	2.63e-09
 6.40179e+16	9.44e-01	5.63e-02	2.58e-09
 6.40204e+16	9.45e-01	5.48e-02	2.53e-09
 6.40227e+16	9.47e-01	5.34e-02	2.48e-09
 6.40249e+16	9.48e-01	5.21e-02	2.43e-09
 6.40268e+16	9.49e-01	5.09e-02	2.38e-09
 6.40287e+16	9.50e-01	4.97e-02	2.33e-09
 6.40304e+16	9.51e-01	4.86e-02	2.29e-09
 6.40320e+16	9.52e-01	4.76e-02	2.25e-09
 6.40335e+16	9.53e-01	4.67e-02	2.21e-09
 6.40350e+16	9.54e-01	4.56e-02	2.16e-09
 6.40364e+16	9.55e-01	4.47e-02	2.12e-09
 6.40375e+16	9.56e-01	4.40e-02	2.09e-09
 6.40387e+16	9.57e-01	4.31e-02	2.04e-09
 6.40398e+16	9.58e-01	4.23e-02	2.00e-09
 6.40408e+16	9.58e-01	4.17e-02	1.97e-09
 6.40417e+16	9.59e-01	4.09e-02	1.92e-09
 6.40426e+16	9.60e-01	4.02e-02	1.89e-09
 6.40434e+16	9.60e-01	3.96e-02	1.86e-09
 6.40441e+16	9.61e-01	3.89e-02	1.82e-09
 6.40449e+16	9.62e-01	3.82e-02	1.78e-09
 6.40455e+16	9.62e-01	3.76e-02	1.74e-09
 6.40462e+16	9.63e-01	3.70e-02	1.70e-09
 6.40468e+16	9.64e-01	3.64e-02	1.67e-09
 6.40475e+16	9.64e-01	3.57e-02	1.62e-09
 6.40481e+16	9.65e-01	3.50e-02	1.58e-09
 6.40488e+16	9.66e-01	3.43e-02	1.53e-09
 6.40494e+16	9.67e-01	3.35e-02	1.47e-09
 6.40500e+16	9.68e-01	3.24e-02	1.40e-09
 6.40507e+16	9.69e-01	3.11e-02	1.30e-09
