#depth	O	O+	O+2	O+3	O+4	O+5	O+6	O+7	O+8	O[1]	O[2]	O[3]
 6.48686e+11	4.43e-06	7.80e-03	8.97e-01	9.48e-02	1.49e-05	0.00e+00	0.00e+00	0.00e+00	0.00e+00	3.18e-06	8.19e-07	4.25e-07
 3.89212e+12	4.42e-06	7.80e-03	8.98e-01	9.44e-02	1.48e-05	0.00e+00	0.00e+00	0.00e+00	0.00e+00	3.18e-06	8.18e-07	4.25e-07
 1.68658e+13	4.43e-06	7.81e-03	8.99e-01	9.32e-02	1.45e-05	0.00e+00	0.00e+00	0.00e+00	0.00e+00	3.18e-06	8.21e-07	4.26e-07
 6.87607e+13	4.49e-06	7.88e-03	9.04e-01	8.84e-02	1.34e-05	0.00e+00	0.00e+00	0.00e+00	0.00e+00	3.22e-06	8.32e-07	4.31e-07
 1.64247e+14	4.54e-06	7.97e-03	9.10e-01	8.16e-02	1.17e-05	0.00e+00	0.00e+00	0.00e+00	0.00e+00	3.26e-06	8.44e-07	4.37e-07
 2.88380e+14	4.62e-06	8.08e-03	9.19e-01	7.33e-02	9.85e-06	0.00e+00	0.00e+00	0.00e+00	0.00e+00	3.31e-06	8.60e-07	4.45e-07
 4.49752e+14	4.72e-06	8.22e-03	9.28e-01	6.34e-02	7.82e-06	0.00e+00	0.00e+00	0.00e+00	0.00e+00	3.38e-06	8.80e-07	4.54e-07
 6.59536e+14	4.85e-06	8.40e-03	9.40e-01	5.20e-02	5.74e-06	0.00e+00	0.00e+00	0.00e+00	0.00e+00	3.48e-06	9.07e-07	4.67e-07
 9.32255e+14	5.02e-06	8.61e-03	9.52e-01	3.98e-02	3.78e-06	0.00e+00	0.00e+00	0.00e+00	0.00e+00	3.60e-06	9.41e-07	4.84e-07
 1.28679e+15	5.26e-06	8.89e-03	9.64e-01	2.75e-02	2.15e-06	0.00e+00	0.00e+00	0.00e+00	0.00e+00	3.77e-06	9.88e-07	5.07e-07
 1.74769e+15	5.55e-06	9.20e-03	9.74e-01	1.67e-02	1.01e-06	0.00e+00	0.00e+00	0.00e+00	0.00e+00	3.97e-06	1.04e-06	5.35e-07
 2.34685e+15	5.92e-06	9.55e-03	9.82e-01	8.62e-03	3.69e-07	0.00e+00	0.00e+00	0.00e+00	0.00e+00	4.23e-06	1.12e-06	5.71e-07
 3.12576e+15	6.39e-06	9.96e-03	9.86e-01	3.65e-03	0.00e+00	0.00e+00	0.00e+00	0.00e+00	0.00e+00	4.57e-06	1.21e-06	6.16e-07
 4.13835e+15	7.00e-06	1.04e-02	9.88e-01	1.24e-03	0.00e+00	0.00e+00	0.00e+00	0.00e+00	0.00e+00	5.00e-06	1.33e-06	6.75e-07
 5.45471e+15	7.85e-06	1.10e-02	9.89e-01	3.41e-04	0.00e+00	0.00e+00	0.00e+00	0.00e+00	0.00e+00	5.60e-06	1.49e-06	7.57e-07
 7.16599e+15	9.11e-06	1.18e-02	9.88e-01	8.13e-05	0.00e+00	0.00e+00	0.00e+00	0.00e+00	0.00e+00	6.50e-06	1.73e-06	8.79e-07
 9.39064e+15	1.11e-05	1.28e-02	9.87e-01	2.21e-05	0.00e+00	0.00e+00	0.00e+00	0.00e+00	0.00e+00	7.90e-06	2.12e-06	1.07e-06
 1.21859e+16	1.42e-05	1.42e-02	9.86e-01	1.01e-05	0.00e+00	0.00e+00	0.00e+00	0.00e+00	0.00e+00	1.01e-05	2.72e-06	1.38e-06
 1.50863e+16	1.85e-05	1.59e-02	9.84e-01	7.05e-06	0.00e+00	0.00e+00	0.00e+00	0.00e+00	0.00e+00	1.31e-05	3.53e-06	1.79e-06
 1.77381e+16	2.56e-05	1.82e-02	9.82e-01	5.63e-06	0.00e+00	0.00e+00	0.00e+00	0.00e+00	0.00e+00	1.82e-05	4.96e-06	2.50e-06
 1.99788e+16	3.26e-05	2.00e-02	9.80e-01	4.79e-06	0.00e+00	0.00e+00	0.00e+00	0.00e+00	0.00e+00	2.31e-05	6.29e-06	3.17e-06
 2.19767e+16	4.03e-05	2.18e-02	9.78e-01	4.20e-06	0.00e+00	0.00e+00	0.00e+00	0.00e+00	0.00e+00	2.86e-05	7.77e-06	3.93e-06
 2.41743e+16	5.12e-05	2.39e-02	9.76e-01	3.69e-06	0.00e+00	0.00e+00	0.00e+00	0.00e+00	0.00e+00	3.64e-05	9.86e-06	5.01e-06
 2.59565e+16	6.35e-05	2.60e-02	9.74e-01	3.34e-06	0.00e+00	0.00e+00	0.00e+00	0.00e+00	0.00e+00	4.51e-05	1.22e-05	6.22e-06
 2.69885e+16	7.23e-05	2.74e-02	9.73e-01	3.14e-06	0.00e+00	0.00e+00	0.00e+00	0.00e+00	0.00e+00	5.13e-05	1.39e-05	7.07e-06
 2.79104e+16	8.07e-05	2.86e-02	9.71e-01	2.99e-06	0.00e+00	0.00e+00	0.00e+00	0.00e+00	0.00e+00	5.74e-05	1.55e-05	7.89e-06
 2.91090e+16	9.31e-05	3.03e-02	9.70e-01	2.82e-06	0.00e+00	0.00e+00	0.00e+00	0.00e+00	0.00e+00	6.62e-05	1.78e-05	9.09e-06
 3.04457e+16	1.10e-04	3.26e-02	9.67e-01	2.63e-06	0.00e+00	0.00e+00	0.00e+00	0.00e+00	0.00e+00	7.86e-05	2.10e-05	1.08e-05
 3.16436e+16	1.29e-04	3.48e-02	9.65e-01	2.48e-06	0.00e+00	0.00e+00	0.00e+00	0.00e+00	0.00e+00	9.21e-05	2.45e-05	1.26e-05
 3.26682e+16	1.48e-04	3.68e-02	9.63e-01	2.35e-06	0.00e+00	0.00e+00	0.00e+00	0.00e+00	0.00e+00	1.06e-04	2.80e-05	1.44e-05
 3.37861e+16	1.71e-04	3.92e-02	9.61e-01	2.23e-06	0.00e+00	0.00e+00	0.00e+00	0.00e+00	0.00e+00	1.22e-04	3.23e-05	1.66e-05
 3.50340e+16	2.04e-04	4.23e-02	9.57e-01	2.09e-06	0.00e+00	0.00e+00	0.00e+00	0.00e+00	0.00e+00	1.46e-04	3.83e-05	1.97e-05
 3.61565e+16	2.40e-04	4.55e-02	9.54e-01	1.97e-06	0.00e+00	0.00e+00	0.00e+00	0.00e+00	0.00e+00	1.72e-04	4.49e-05	2.32e-05
 3.71190e+16	2.76e-04	4.85e-02	9.51e-01	1.87e-06	0.00e+00	0.00e+00	0.00e+00	0.00e+00	0.00e+00	1.98e-04	5.16e-05	2.67e-05
 3.81679e+16	3.21e-04	5.19e-02	9.48e-01	1.78e-06	0.00e+00	0.00e+00	0.00e+00	0.00e+00	0.00e+00	2.30e-04	5.97e-05	3.10e-05
 3.93420e+16	3.83e-04	5.64e-02	9.43e-01	1.67e-06	0.00e+00	0.00e+00	0.00e+00	0.00e+00	0.00e+00	2.75e-04	7.09e-05	3.68e-05
 4.04164e+16	4.56e-04	6.12e-02	9.38e-01	1.56e-06	0.00e+00	0.00e+00	0.00e+00	0.00e+00	0.00e+00	3.28e-04	8.41e-05	4.37e-05
 4.13438e+16	5.30e-04	6.58e-02	9.34e-01	1.48e-06	0.00e+00	0.00e+00	0.00e+00	0.00e+00	0.00e+00	3.81e-04	9.74e-05	5.08e-05
 4.23430e+16	6.22e-04	7.11e-02	9.28e-01	1.39e-06	0.00e+00	0.00e+00	0.00e+00	0.00e+00	0.00e+00	4.48e-04	1.14e-04	5.94e-05
 4.34608e+16	7.50e-04	7.80e-02	9.21e-01	1.30e-06	0.00e+00	0.00e+00	0.00e+00	0.00e+00	0.00e+00	5.42e-04	1.37e-04	7.16e-05
 4.44821e+16	9.03e-04	8.56e-02	9.14e-01	1.20e-06	0.00e+00	0.00e+00	0.00e+00	0.00e+00	0.00e+00	6.53e-04	1.64e-04	8.59e-05
 4.53638e+16	1.06e-03	9.29e-02	9.06e-01	1.12e-06	0.00e+00	0.00e+00	0.00e+00	0.00e+00	0.00e+00	7.70e-04	1.92e-04	1.01e-04
 4.63146e+16	1.26e-03	1.01e-01	8.97e-01	1.04e-06	0.00e+00	0.00e+00	0.00e+00	0.00e+00	0.00e+00	9.17e-04	2.27e-04	1.20e-04
 4.73801e+16	1.56e-03	1.13e-01	8.86e-01	9.43e-07	0.00e+00	0.00e+00	0.00e+00	0.00e+00	0.00e+00	1.13e-03	2.78e-04	1.47e-04
 4.83461e+16	1.91e-03	1.25e-01	8.73e-01	8.56e-07	0.00e+00	0.00e+00	0.00e+00	0.00e+00	0.00e+00	1.39e-03	3.38e-04	1.79e-04
 4.91737e+16	2.30e-03	1.38e-01	8.60e-01	7.80e-07	0.00e+00	0.00e+00	0.00e+00	0.00e+00	0.00e+00	1.68e-03	4.06e-04	2.16e-04
 4.99434e+16	2.74e-03	1.51e-01	8.46e-01	7.10e-07	0.00e+00	0.00e+00	0.00e+00	0.00e+00	0.00e+00	2.00e-03	4.81e-04	2.56e-04
 5.08173e+16	3.33e-03	1.67e-01	8.29e-01	6.34e-07	0.00e+00	0.00e+00	0.00e+00	0.00e+00	0.00e+00	2.44e-03	5.81e-04	3.10e-04
 5.17685e+16	4.25e-03	1.90e-01	8.06e-01	5.49e-07	0.00e+00	0.00e+00	0.00e+00	0.00e+00	0.00e+00	3.11e-03	7.39e-04	3.95e-04
 5.25570e+16	5.26e-03	2.12e-01	7.83e-01	4.79e-07	0.00e+00	0.00e+00	0.00e+00	0.00e+00	0.00e+00	3.86e-03	9.12e-04	4.88e-04
 5.31662e+16	6.24e-03	2.31e-01	7.62e-01	4.25e-07	0.00e+00	0.00e+00	0.00e+00	0.00e+00	0.00e+00	4.58e-03	1.08e-03	5.79e-04
 5.38054e+16	7.52e-03	2.54e-01	7.38e-01	3.73e-07	0.00e+00	0.00e+00	0.00e+00	0.00e+00	0.00e+00	5.53e-03	1.30e-03	6.96e-04
 5.45202e+16	9.36e-03	2.84e-01	7.07e-01	3.15e-07	0.00e+00	0.00e+00	0.00e+00	0.00e+00	0.00e+00	6.88e-03	1.61e-03	8.65e-04
 5.51630e+16	1.16e-02	3.15e-01	6.73e-01	2.65e-07	0.00e+00	0.00e+00	0.00e+00	0.00e+00	0.00e+00	8.51e-03	1.98e-03	1.07e-03
 5.56984e+16	1.39e-02	3.44e-01	6.42e-01	2.25e-07	0.00e+00	0.00e+00	0.00e+00	0.00e+00	0.00e+00	1.02e-02	2.38e-03	1.28e-03
 5.61870e+16	1.66e-02	3.74e-01	6.09e-01	1.91e-07	0.00e+00	0.00e+00	0.00e+00	0.00e+00	0.00e+00	1.22e-02	2.83e-03	1.53e-03
 5.67450e+16	2.04e-02	4.11e-01	5.68e-01	1.55e-07	0.00e+00	0.00e+00	0.00e+00	0.00e+00	0.00e+00	1.50e-02	3.48e-03	1.88e-03
 5.73350e+16	2.58e-02	4.56e-01	5.18e-01	0.00e+00	0.00e+00	0.00e+00	0.00e+00	0.00e+00	0.00e+00	1.90e-02	4.40e-03	2.37e-03
 5.78174e+16	3.16e-02	4.96e-01	4.72e-01	0.00e+00	0.00e+00	0.00e+00	0.00e+00	0.00e+00	0.00e+00	2.33e-02	5.38e-03	2.90e-03
 5.82099e+16	3.74e-02	5.31e-01	4.32e-01	0.00e+00	0.00e+00	0.00e+00	0.00e+00	0.00e+00	0.00e+00	2.76e-02	6.39e-03	3.44e-03
 5.86345e+16	4.53e-02	5.69e-01	3.85e-01	0.00e+00	0.00e+00	0.00e+00	0.00e+00	0.00e+00	0.00e+00	3.34e-02	7.73e-03	4.17e-03
 5.91028e+16	5.65e-02	6.12e-01	3.31e-01	0.00e+00	0.00e+00	0.00e+00	0.00e+00	0.00e+00	0.00e+00	4.17e-02	9.63e-03	5.19e-03
 5.95161e+16	6.94e-02	6.50e-01	2.81e-01	0.00e+00	0.00e+00	0.00e+00	0.00e+00	0.00e+00	0.00e+00	5.12e-02	1.18e-02	6.38e-03
 5.98204e+16	8.14e-02	6.76e-01	2.43e-01	0.00e+00	0.00e+00	0.00e+00	0.00e+00	0.00e+00	0.00e+00	6.00e-02	1.39e-02	7.48e-03
 6.00361e+16	9.13e-02	6.93e-01	2.16e-01	0.00e+00	0.00e+00	0.00e+00	0.00e+00	0.00e+00	0.00e+00	6.73e-02	1.55e-02	8.39e-03
 6.02580e+16	1.03e-01	7.08e-01	1.89e-01	0.00e+00	0.00e+00	0.00e+00	0.00e+00	0.00e+00	0.00e+00	7.59e-02	1.75e-02	9.46e-03
 6.05078e+16	1.18e-01	7.22e-01	1.59e-01	0.00e+00	0.00e+00	0.00e+00	0.00e+00	0.00e+00	0.00e+00	8.74e-02	2.02e-02	1.09e-02
 6.07317e+16	1.35e-01	7.31e-01	1.34e-01	0.00e+00	0.00e+00	0.00e+00	0.00e+00	0.00e+00	0.00e+00	9.94e-02	2.29e-02	1.24e-02
 6.09150e+16	1.51e-01	7.35e-01	1.14e-01	0.00e+00	0.00e+00	0.00e+00	0.00e+00	0.00e+00	0.00e+00	1.11e-01	2.56e-02	1.38e-02
 6.10776e+16	1.66e-01	7.36e-01	9.80e-02	0.00e+00	0.00e+00	0.00e+00	0.00e+00	0.00e+00	0.00e+00	1.23e-01	2.82e-02	1.52e-02
 6.12590e+16	1.86e-01	7.33e-01	8.06e-02	0.00e+00	0.00e+00	0.00e+00	0.00e+00	0.00e+00	0.00e+00	1.37e-01	3.16e-02	1.71e-02
 6.14470e+16	2.10e-01	7.25e-01	6.44e-02	0.00e+00	0.00e+00	0.00e+00	0.00e+00	0.00e+00	0.00e+00	1.55e-01	3.57e-02	1.93e-02
 6.15961e+16	2.33e-01	7.15e-01	5.27e-02	0.00e+00	0.00e+00	0.00e+00	0.00e+00	0.00e+00	0.00e+00	1.72e-01	3.93e-02	2.13e-02
 6.17160e+16	2.52e-01	7.03e-01	4.43e-02	0.00e+00	0.00e+00	0.00e+00	0.00e+00	0.00e+00	0.00e+00	1.87e-01	4.26e-02	2.31e-02
 6.18452e+16	2.76e-01	6.88e-01	3.61e-02	0.00e+00	0.00e+00	0.00e+00	0.00e+00	0.00e+00	0.00e+00	2.04e-01	4.65e-02	2.52e-02
 6.19856e+16	3.05e-01	6.67e-01	2.82e-02	0.00e+00	0.00e+00	0.00e+00	0.00e+00	0.00e+00	0.00e+00	2.26e-01	5.12e-02	2.78e-02
 6.21060e+16	3.33e-01	6.44e-01	2.23e-02	0.00e+00	0.00e+00	0.00e+00	0.00e+00	0.00e+00	0.00e+00	2.47e-01	5.58e-02	3.04e-02
 6.22047e+16	3.59e-01	6.23e-01	1.81e-02	0.00e+00	0.00e+00	0.00e+00	0.00e+00	0.00e+00	0.00e+00	2.66e-01	5.98e-02	3.26e-02
 6.23099e+16	3.88e-01	5.98e-01	1.42e-02	0.00e+00	0.00e+00	0.00e+00	0.00e+00	0.00e+00	0.00e+00	2.88e-01	6.43e-02	3.52e-02
 6.24230e+16	4.23e-01	5.66e-01	1.06e-02	0.00e+00	0.00e+00	0.00e+00	0.00e+00	0.00e+00	0.00e+00	3.15e-01	6.97e-02	3.82e-02
 6.25185e+16	4.55e-01	5.37e-01	8.14e-03	0.00e+00	0.00e+00	0.00e+00	0.00e+00	0.00e+00	0.00e+00	3.40e-01	7.45e-02	4.09e-02
 6.25972e+16	4.83e-01	5.10e-01	6.42e-03	0.00e+00	0.00e+00	0.00e+00	0.00e+00	0.00e+00	0.00e+00	3.61e-01	7.86e-02	4.33e-02
 6.26684e+16	5.10e-01	4.85e-01	5.10e-03	0.00e+00	0.00e+00	0.00e+00	0.00e+00	0.00e+00	0.00e+00	3.82e-01	8.24e-02	4.55e-02
 6.27353e+16	5.36e-01	4.60e-01	4.05e-03	0.00e+00	0.00e+00	0.00e+00	0.00e+00	0.00e+00	0.00e+00	4.02e-01	8.60e-02	4.76e-02
 6.27966e+16	5.61e-01	4.36e-01	3.24e-03	0.00e+00	0.00e+00	0.00e+00	0.00e+00	0.00e+00	0.00e+00	4.22e-01	8.93e-02	4.96e-02
 6.28510e+16	5.84e-01	4.14e-01	2.62e-03	0.00e+00	0.00e+00	0.00e+00	0.00e+00	0.00e+00	0.00e+00	4.40e-01	9.22e-02	5.14e-02
 6.28911e+16	6.00e-01	3.97e-01	2.24e-03	0.00e+00	0.00e+00	0.00e+00	0.00e+00	0.00e+00	0.00e+00	4.54e-01	9.42e-02	5.26e-02
 6.29168e+16	6.11e-01	3.87e-01	2.02e-03	0.00e+00	0.00e+00	0.00e+00	0.00e+00	0.00e+00	0.00e+00	4.62e-01	9.53e-02	5.34e-02
 6.29415e+16	6.21e-01	3.77e-01	1.82e-03	0.00e+00	0.00e+00	0.00e+00	0.00e+00	0.00e+00	0.00e+00	4.70e-01	9.66e-02	5.41e-02
 6.29708e+16	6.34e-01	3.64e-01	1.59e-03	0.00e+00	0.00e+00	0.00e+00	0.00e+00	0.00e+00	0.00e+00	4.81e-01	9.80e-02	5.50e-02
 6.30014e+16	6.47e-01	3.51e-01	1.39e-03	0.00e+00	0.00e+00	0.00e+00	0.00e+00	0.00e+00	0.00e+00	4.92e-01	9.94e-02	5.60e-02
 6.30297e+16	6.60e-01	3.39e-01	1.22e-03	0.00e+00	0.00e+00	0.00e+00	0.00e+00	0.00e+00	0.00e+00	5.02e-01	1.01e-01	5.68e-02
 6.30555e+16	6.71e-01	3.28e-01	1.07e-03	0.00e+00	0.00e+00	0.00e+00	0.00e+00	0.00e+00	0.00e+00	5.12e-01	1.02e-01	5.76e-02
 6.30806e+16	6.83e-01	3.16e-01	9.47e-04	0.00e+00	0.00e+00	0.00e+00	0.00e+00	0.00e+00	0.00e+00	5.21e-01	1.03e-01	5.83e-02
 6.31060e+16	6.94e-01	3.05e-01	8.32e-04	0.00e+00	0.00e+00	0.00e+00	0.00e+00	0.00e+00	0.00e+00	5.31e-01	1.04e-01	5.90e-02
 6.31312e+16	7.05e-01	2.94e-01	7.28e-04	0.00e+00	0.00e+00	0.00e+00	0.00e+00	0.00e+00	0.00e+00	5.41e-01	1.05e-01	5.97e-02
 6.31555e+16	7.16e-01	2.83e-01	6.38e-04	0.00e+00	0.00e+00	0.00e+00	0.00e+00	0.00e+00	0.00e+00	5.50e-01	1.06e-01	6.04e-02
 6.31790e+16	7.27e-01	2.73e-01	5.60e-04	0.00e+00	0.00e+00	0.00e+00	0.00e+00	0.00e+00	0.00e+00	5.59e-01	1.07e-01	6.10e-02
 6.32021e+16	7.37e-01	2.62e-01	4.91e-04	0.00e+00	0.00e+00	0.00e+00	0.00e+00	0.00e+00	0.00e+00	5.68e-01	1.07e-01	6.16e-02
 6.32248e+16	7.47e-01	2.52e-01	4.30e-04	0.00e+00	0.00e+00	0.00e+00	0.00e+00	0.00e+00	0.00e+00	5.77e-01	1.08e-01	6.21e-02
 6.32471e+16	7.57e-01	2.43e-01	3.76e-04	0.00e+00	0.00e+00	0.00e+00	0.00e+00	0.00e+00	0.00e+00	5.86e-01	1.09e-01	6.26e-02
 6.32688e+16	7.67e-01	2.33e-01	3.29e-04	0.00e+00	0.00e+00	0.00e+00	0.00e+00	0.00e+00	0.00e+00	5.94e-01	1.09e-01	6.31e-02
 6.32901e+16	7.76e-01	2.24e-01	2.87e-04	0.00e+00	0.00e+00	0.00e+00	0.00e+00	0.00e+00	0.00e+00	6.03e-01	1.10e-01	6.35e-02
 6.33110e+16	7.85e-01	2.15e-01	2.51e-04	0.00e+00	0.00e+00	0.00e+00	0.00e+00	0.00e+00	0.00e+00	6.11e-01	1.10e-01	6.39e-02
 6.33315e+16	7.94e-01	2.06e-01	2.19e-04	0.00e+00	0.00e+00	0.00e+00	0.00e+00	0.00e+00	0.00e+00	6.19e-01	1.11e-01	6.42e-02
 6.33516e+16	8.02e-01	1.98e-01	1.91e-04	0.00e+00	0.00e+00	0.00e+00	0.00e+00	0.00e+00	0.00e+00	6.26e-01	1.11e-01	6.45e-02
 6.33714e+16	8.10e-01	1.89e-01	1.67e-04	0.00e+00	0.00e+00	0.00e+00	0.00e+00	0.00e+00	0.00e+00	6.34e-01	1.11e-01	6.48e-02
 6.33908e+16	8.18e-01	1.81e-01	1.45e-04	0.00e+00	0.00e+00	0.00e+00	0.00e+00	0.00e+00	0.00e+00	6.42e-01	1.12e-01	6.51e-02
 6.34098e+16	8.26e-01	1.74e-01	1.26e-04	0.00e+00	0.00e+00	0.00e+00	0.00e+00	0.00e+00	0.00e+00	6.49e-01	1.12e-01	6.53e-02
 6.34284e+16	8.34e-01	1.66e-01	1.10e-04	0.00e+00	0.00e+00	0.00e+00	0.00e+00	0.00e+00	0.00e+00	6.56e-01	1.12e-01	6.55e-02
 6.34467e+16	8.41e-01	1.59e-01	9.57e-05	0.00e+00	0.00e+00	0.00e+00	0.00e+00	0.00e+00	0.00e+00	6.63e-01	1.12e-01	6.57e-02
 6.34646e+16	8.48e-01	1.52e-01	8.32e-05	0.00e+00	0.00e+00	0.00e+00	0.00e+00	0.00e+00	0.00e+00	6.69e-01	1.12e-01	6.58e-02
 6.34823e+16	8.54e-01	1.46e-01	7.23e-05	0.00e+00	0.00e+00	0.00e+00	0.00e+00	0.00e+00	0.00e+00	6.76e-01	1.12e-01	6.60e-02
 6.34996e+16	8.61e-01	1.39e-01	6.28e-05	0.00e+00	0.00e+00	0.00e+00	0.00e+00	0.00e+00	0.00e+00	6.82e-01	1.12e-01	6.60e-02
 6.35166e+16	8.67e-01	1.33e-01	5.46e-05	0.00e+00	0.00e+00	0.00e+00	0.00e+00	0.00e+00	0.00e+00	6.88e-01	1.12e-01	6.61e-02
 6.35331e+16	8.73e-01	1.27e-01	4.74e-05	0.00e+00	0.00e+00	0.00e+00	0.00e+00	0.00e+00	0.00e+00	6.94e-01	1.12e-01	6.62e-02
 6.35491e+16	8.78e-01	1.22e-01	4.13e-05	0.00e+00	0.00e+00	0.00e+00	0.00e+00	0.00e+00	0.00e+00	7.00e-01	1.12e-01	6.62e-02
 6.35647e+16	8.84e-01	1.16e-01	3.60e-05	0.00e+00	0.00e+00	0.00e+00	0.00e+00	0.00e+00	0.00e+00	7.05e-01	1.12e-01	6.62e-02
 6.35798e+16	8.89e-01	1.11e-01	3.15e-05	0.00e+00	0.00e+00	0.00e+00	0.00e+00	0.00e+00	0.00e+00	7.10e-01	1.12e-01	6.62e-02
 6.35949e+16	8.93e-01	1.07e-01	2.74e-05	0.00e+00	0.00e+00	0.00e+00	0.00e+00	0.00e+00	0.00e+00	7.15e-01	1.12e-01	6.62e-02
 6.36094e+16	8.98e-01	1.02e-01	2.40e-05	0.00e+00	0.00e+00	0.00e+00	0.00e+00	0.00e+00	0.00e+00	7.20e-01	1.12e-01	6.62e-02
 6.36232e+16	9.02e-01	9.77e-02	2.11e-05	0.00e+00	0.00e+00	0.00e+00	0.00e+00	0.00e+00	0.00e+00	7.24e-01	1.12e-01	6.61e-02
 6.36369e+16	9.06e-01	9.36e-02	1.84e-05	0.00e+00	0.00e+00	0.00e+00	0.00e+00	0.00e+00	0.00e+00	7.28e-01	1.12e-01	6.61e-02
 6.36504e+16	9.10e-01	8.95e-02	1.62e-05	0.00e+00	0.00e+00	0.00e+00	0.00e+00	0.00e+00	0.00e+00	7.33e-01	1.12e-01	6.60e-02
 6.36636e+16	9.14e-01	8.57e-02	1.42e-05	0.00e+00	0.00e+00	0.00e+00	0.00e+00	0.00e+00	0.00e+00	7.36e-01	1.12e-01	6.60e-02
 6.36762e+16	9.18e-01	8.22e-02	1.25e-05	0.00e+00	0.00e+00	0.00e+00	0.00e+00	0.00e+00	0.00e+00	7.40e-01	1.12e-01	6.59e-02
 6.36886e+16	9.21e-01	7.88e-02	1.10e-05	0.00e+00	0.00e+00	0.00e+00	0.00e+00	0.00e+00	0.00e+00	7.44e-01	1.12e-01	6.59e-02
 6.37008e+16	9.25e-01	7.55e-02	9.66e-06	0.00e+00	0.00e+00	0.00e+00	0.00e+00	0.00e+00	0.00e+00	7.47e-01	1.12e-01	6.58e-02
 6.37126e+16	9.28e-01	7.24e-02	8.53e-06	0.00e+00	0.00e+00	0.00e+00	0.00e+00	0.00e+00	0.00e+00	7.50e-01	1.12e-01	6.57e-02
 6.37242e+16	9.31e-01	6.94e-02	7.52e-06	0.00e+00	0.00e+00	0.00e+00	0.00e+00	0.00e+00	0.00e+00	7.53e-01	1.12e-01	6.57e-02
 6.37356e+16	9.33e-01	6.66e-02	6.64e-06	0.00e+00	0.00e+00	0.00e+00	0.00e+00	0.00e+00	0.00e+00	7.56e-01	1.11e-01	6.56e-02
 6.37468e+16	9.36e-01	6.38e-02	5.86e-06	0.00e+00	0.00e+00	0.00e+00	0.00e+00	0.00e+00	0.00e+00	7.59e-01	1.11e-01	6.56e-02
 6.37578e+16	9.39e-01	6.12e-02	5.18e-06	0.00e+00	0.00e+00	0.00e+00	0.00e+00	0.00e+00	0.00e+00	7.62e-01	1.11e-01	6.55e-02
 6.37684e+16	9.41e-01	5.87e-02	4.58e-06	0.00e+00	0.00e+00	0.00e+00	0.00e+00	0.00e+00	0.00e+00	7.64e-01	1.11e-01	6.54e-02
 6.37789e+16	9.44e-01	5.64e-02	4.06e-06	0.00e+00	0.00e+00	0.00e+00	0.00e+00	0.00e+00	0.00e+00	7.67e-01	1.11e-01	6.54e-02
 6.37891e+16	9.46e-01	5.41e-02	3.59e-06	0.00e+00	0.00e+00	0.00e+00	0.00e+00	0.00e+00	0.00e+00	7.69e-01	1.12e-01	6.53e-02
 6.37992e+16	9.48e-01	5.19e-02	3.19e-06	0.00e+00	0.00e+00	0.00e+00	0.00e+00	0.00e+00	0.00e+00	7.71e-01	1.12e-01	6.52e-02
 6.38090e+16	9.50e-01	4.98e-02	2.83e-06	0.00e+00	0.00e+00	0.00e+00	0.00e+00	0.00e+00	0.00e+00	7.73e-01	1.12e-01	6.51e-02
 6.38187e+16	9.52e-01	4.78e-02	2.51e-06	0.00e+00	0.00e+00	0.00e+00	0.00e+00	0.00e+00	0.00e+00	7.75e-01	1.12e-01	6.50e-02
 6.38282e+16	9.54e-01	4.59e-02	2.23e-06	0.00e+00	0.00e+00	0.00e+00	0.00e+00	0.00e+00	0.00e+00	7.77e-01	1.12e-01	6.49e-02
 6.38375e+16	9.56e-01	4.41e-02	1.98e-06	0.00e+00	0.00e+00	0.00e+00	0.00e+00	0.00e+00	0.00e+00	7.79e-01	1.12e-01	6.49e-02
 6.38466e+16	9.58e-01	4.23e-02	1.76e-06	0.00e+00	0.00e+00	0.00e+00	0.00e+00	0.00e+00	0.00e+00	7.81e-01	1.12e-01	6.48e-02
 6.38555e+16	9.59e-01	4.06e-02	1.56e-06	0.00e+00	0.00e+00	0.00e+00	0.00e+00	0.00e+00	0.00e+00	7.82e-01	1.12e-01	6.48e-02
 6.38643e+16	9.61e-01	3.90e-02	1.39e-06	0.00e+00	0.00e+00	0.00e+00	0.00e+00	0.00e+00	0.00e+00	7.84e-01	1.12e-01	6.47e-02
 6.38727e+16	9.63e-01	3.75e-02	1.24e-06	0.00e+00	0.00e+00	0.00e+00	0.00e+00	0.00e+00	0.00e+00	7.85e-01	1.13e-01	6.47e-02
 6.38810e+16	9.64e-01	3.60e-02	1.11e-06	0.00e+00	0.00e+00	0.00e+00	0.00e+00	0.00e+00	0.00e+00	7.87e-01	1.13e-01	6.46e-02
 6.38893e+16	9.65e-01	3.45e-02	9.85e-07	0.00e+00	0.00e+00	0.00e+00	0.00e+00	0.00e+00	0.00e+00	7.88e-01	1.13e-01	6.46e-02
 6.38973e+16	9.67e-01	3.32e-02	8.78e-07	0.00e+00	0.00e+00	0.00e+00	0.00e+00	0.00e+00	0.00e+00	7.89e-01	1.13e-01	6.46e-02
 6.39052e+16	9.68e-01	3.18e-02	7.84e-07	0.00e+00	0.00e+00	0.00e+00	0.00e+00	0.00e+00	0.00e+00	7.90e-01	1.14e-01	6.46e-02
 6.39128e+16	9.69e-01	3.06e-02	7.01e-07	0.00e+00	0.00e+00	0.00e+00	0.00e+00	0.00e+00	0.00e+00	7.91e-01	1.14e-01	6.46e-02
 6.39203e+16	9.71e-01	2.94e-02	6.26e-07	0.00e+00	0.00e+00	0.00e+00	0.00e+00	0.00e+00	0.00e+00	7.92e-01	1.14e-01	6.46e-02
 6.39277e+16	9.72e-01	2.82e-02	5.60e-07	0.00e+00	0.00e+00	0.00e+00	0.00e+00	0.00e+00	0.00e+00	7.93e-01	1.15e-01	6.46e-02
 6.39349e+16	9.73e-01	2.70e-02	4.99e-07	0.00e+00	0.00e+00	0.00e+00	0.00e+00	0.00e+00	0.00e+00	7.93e-01	1.15e-01	6.47e-02
 6.39419e+16	9.74e-01	2.60e-02	4.47e-07	0.00e+00	0.00e+00	0.00e+00	0.00e+00	0.00e+00	0.00e+00	7.94e-01	1.16e-01	6.47e-02
 6.39486e+16	9.75e-01	2.49e-02	4.01e-07	0.00e+00	0.00e+00	0.00e+00	0.00e+00	0.00e+00	0.00e+00	7.94e-01	1.16e-01	6.48e-02
 6.39551e+16	9.76e-01	2.39e-02	3.59e-07	0.00e+00	0.00e+00	0.00e+00	0.00e+00	0.00e+00	0.00e+00	7.95e-01	1.17e-01	6.48e-02
 6.39616e+16	9.77e-01	2.30e-02	3.22e-07	0.00e+00	0.00e+00	0.00e+00	0.00e+00	0.00e+00	0.00e+00	7.95e-01	1.17e-01	6.49e-02
 6.39679e+16	9.78e-01	2.20e-02	2.89e-07	0.00e+00	0.00e+00	0.00e+00	0.00e+00	0.00e+00	0.00e+00	7.95e-01	1.18e-01	6.50e-02
 6.39740e+16	9.79e-01	2.11e-02	2.59e-07	0.00e+00	0.00e+00	0.00e+00	0.00e+00	0.00e+00	0.00e+00	7.95e-01	1.19e-01	6.51e-02
 6.39797e+16	9.80e-01	2.03e-02	2.33e-07	0.00e+00	0.00e+00	0.00e+00	0.00e+00	0.00e+00	0.00e+00	7.95e-01	1.19e-01	6.52e-02
 6.39850e+16	9.80e-01	1.96e-02	2.11e-07	0.00e+00	0.00e+00	0.00e+00	0.00e+00	0.00e+00	0.00e+00	7.95e-01	1.20e-01	6.54e-02
 6.39898e+16	9.81e-01	1.89e-02	1.93e-07	0.00e+00	0.00e+00	0.00e+00	0.00e+00	0.00e+00	0.00e+00	7.95e-01	1.21e-01	6.55e-02
 6.39944e+16	9.82e-01	1.82e-02	1.76e-07	0.00e+00	0.00e+00	0.00e+00	0.00e+00	0.00e+00	0.00e+00	7.95e-01	1.21e-01	6.56e-02
 6.39986e+16	9.82e-01	1.76e-02	1.62e-07	0.00e+00	0.00e+00	0.00e+00	0.00e+00	0.00e+00	0.00e+00	7.95e-01	1.22e-01	6.58e-02
 6.40025e+16	9.83e-01	1.71e-02	1.49e-07	0.00e+00	0.00e+00	0.00e+00	0.00e+00	0.00e+00	0.00e+00	7.94e-01	1.23e-01	6.59e-02
 6.40060e+16	9.83e-01	1.66e-02	1.39e-07	0.00e+00	0.00e+00	0.00e+00	0.00e+00	0.00e+00	0.00e+00	7.94e-01	1.24e-01	6.61e-02
 6.40093e+16	9.84e-01	1.61e-02	1.29e-07	0.00e+00	0.00e+00	0.00e+00	0.00e+00	0.00e+00	0.00e+00	7.93e-01	1.24e-01	6.62e-02
 6.40123e+16	9.84e-01	1.56e-02	1.20e-07	0.00e+00	0.00e+00	0.00e+00	0.00e+00	0.00e+00	0.00e+00	7.93e-01	1.25e-01	6.64e-02
 6.40152e+16	9.85e-01	1.52e-02	1.13e-07	0.00e+00	0.00e+00	0.00e+00	0.00e+00	0.00e+00	0.00e+00	7.92e-01	1.26e-01	6.65e-02
 6.40179e+16	9.85e-01	1.48e-02	1.06e-07	0.00e+00	0.00e+00	0.00e+00	0.00e+00	0.00e+00	0.00e+00	7.92e-01	1.27e-01	6.67e-02
 6.40204e+16	9.86e-01	1.44e-02	9.93e-08	0.00e+00	0.00e+00	0.00e+00	0.00e+00	0.00e+00	0.00e+00	7.91e-01	1.27e-01	6.68e-02
 6.40227e+16	9.86e-01	1.41e-02	9.35e-08	0.00e+00	0.00e+00	0.00e+00	0.00e+00	0.00e+00	0.00e+00	7.91e-01	1.28e-01	6.70e-02
 6.40249e+16	9.86e-01	1.38e-02	8.84e-08	0.00e+00	0.00e+00	0.00e+00	0.00e+00	0.00e+00	0.00e+00	7.90e-01	1.29e-01	6.72e-02
 6.40268e+16	9.87e-01	1.34e-02	8.38e-08	0.00e+00	0.00e+00	0.00e+00	0.00e+00	0.00e+00	0.00e+00	7.90e-01	1.30e-01	6.73e-02
 6.40287e+16	9.87e-01	1.31e-02	7.96e-08	0.00e+00	0.00e+00	0.00e+00	0.00e+00	0.00e+00	0.00e+00	7.89e-01	1.31e-01	6.75e-02
 6.40304e+16	9.87e-01	1.29e-02	7.56e-08	0.00e+00	0.00e+00	0.00e+00	0.00e+00	0.00e+00	0.00e+00	7.88e-01	1.31e-01	6.76e-02
 6.40320e+16	9.87e-01	1.26e-02	7.20e-08	0.00e+00	0.00e+00	0.00e+00	0.00e+00	0.00e+00	0.00e+00	7.88e-01	1.32e-01	6.78e-02
 6.40335e+16	9.88e-01	1.23e-02	6.90e-08	0.00e+00	0.00e+00	0.00e+00	0.00e+00	0.00e+00	0.00e+00	7.87e-01	1.33e-01	6.79e-02
 6.40350e+16	9.88e-01	1.20e-02	6.54e-08	0.00e+00	0.00e+00	0.00e+00	0.00e+00	0.00e+00	0.00e+00	7.86e-01	1.34e-01	6.81e-02
 6.40364e+16	9.88e-01	1.18e-02	6.25e-08	0.00e+00	0.00e+00	0.00e+00	0.00e+00	0.00e+00	0.00e+00	7.85e-01	1.35e-01	6.83e-02
 6.40375e+16	9.88e-01	1.16e-02	6.03e-08	0.00e+00	0.00e+00	0.00e+00	0.00e+00	0.00e+00	0.00e+00	7.85e-01	1.35e-01	6.84e-02
 6.40387e+16	9.89e-01	1.14e-02	5.75e-08	0.00e+00	0.00e+00	0.00e+00	0.00e+00	0.00e+00	0.00e+00	7.84e-01	1.36e-01	6.86e-02
 6.40398e+16	9.89e-01	1.11e-02	5.51e-08	0.00e+00	0.00e+00	0.00e+00	0.00e+00	0.00e+00	0.00e+00	7.83e-01	1.37e-01	6.88e-02
 6.40408e+16	9.89e-01	1.10e-02	5.34e-08	0.00e+00	0.00e+00	0.00e+00	0.00e+00	0.00e+00	0.00e+00	7.83e-01	1.38e-01	6.89e-02
 6.40417e+16	9.89e-01	1.07e-02	5.10e-08	0.00e+00	0.00e+00	0.00e+00	0.00e+00	0.00e+00	0.00e+00	7.82e-01	1.39e-01	6.91e-02
 6.40426e+16	9.89e-01	1.05e-02	4.90e-08	0.00e+00	0.00e+00	0.00e+00	0.00e+00	0.00e+00	0.00e+00	7.81e-01	1.40e-01	6.93e-02
 6.40434e+16	9.90e-01	1.04e-02	4.76e-08	0.00e+00	0.00e+00	0.00e+00	0.00e+00	0.00e+00	0.00e+00	7.80e-01	1.40e-01	6.94e-02
 6.40441e+16	9.90e-01	1.02e-02	4.56e-08	0.00e+00	0.00e+00	0.00e+00	0.00e+00	0.00e+00	0.00e+00	7.79e-01	1.41e-01	6.96e-02
 6.40449e+16	9.90e-01	9.96e-03	4.39e-08	0.00e+00	0.00e+00	0.00e+00	0.00e+00	0.00e+00	0.00e+00	7.78e-01	1.42e-01	6.98e-02
 6.40455e+16	9.90e-01	9.78e-03	4.23e-08	0.00e+00	0.00e+00	0.00e+00	0.00e+00	0.00e+00	0.00e+00	7.77e-01	1.43e-01	7.00e-02
 6.40462e+16	9.90e-01	9.60e-03	4.08e-08	0.00e+00	0.00e+00	0.00e+00	0.00e+00	0.00e+00	0.00e+00	7.76e-01	1.44e-01	7.02e-02
 6.40468e+16	9.91e-01	9.41e-03	3.92e-08	0.00e+00	0.00e+00	0.00e+00	0.00e+00	0.00e+00	0.00e+00	7.75e-01	1.45e-01	7.04e-02
 6.40475e+16	9.91e-01	9.20e-03	3.75e-08	0.00e+00	0.00e+00	0.00e+00	0.00e+00	0.00e+00	0.00e+00	7.74e-01	1.46e-01	7.06e-02
 6.40481e+16	9.91e-01	8.99e-03	3.59e-08	0.00e+00	0.00e+00	0.00e+00	0.00e+00	0.00e+00	0.00e+00	7.73e-01	1.48e-01	7.09e-02
 6.40488e+16	9.91e-01	8.75e-03	3.41e-08	0.00e+00	0.00e+00	0.00e+00	0.00e+00	0.00e+00	0.00e+00	7.71e-01	1.49e-01	7.11e-02
 6.40494e+16	9.92e-01	8.49e-03	3.23e-08	0.00e+00	0.00e+00	0.00e+00	0.00e+00	0.00e+00	0.00e+00	7.69e-01	1.51e-01	7.14e-02
 6.40500e+16	9.92e-01	8.14e-03	2.99e-08	0.00e+00	0.00e+00	0.00e+00	0.00e+00	0.00e+00	0.00e+00	7.67e-01	1.53e-01	7.19e-02
 6.40507e+16	9.92e-01	7.69e-03	2.70e-08	0.00e+00	0.00e+00	0.00e+00	0.00e+00	0.00e+00	0.00e+00	7.63e-01	1.57e-01	7.25e-02
