#depth	H	H+	H2
 6.48686e+11	1.11e-03	9.99e-01	4.47e-14
 3.89212e+12	1.11e-03	9.99e-01	4.47e-14
 1.68658e+13	1.11e-03	9.99e-01	4.48e-14
 6.87607e+13	1.11e-03	9.99e-01	4.52e-14
 1.64247e+14	1.11e-03	9.99e-01	4.57e-14
 2.88380e+14	1.11e-03	9.99e-01	4.63e-14
 4.49752e+14	1.11e-03	9.99e-01	4.71e-14
 6.59536e+14	1.11e-03	9.99e-01	4.81e-14
 9.32255e+14	1.11e-03	9.99e-01	4.94e-14
 1.28679e+15	1.11e-03	9.99e-01	5.11e-14
 1.74769e+15	1.12e-03	9.99e-01	5.33e-14
 2.34685e+15	1.13e-03	9.99e-01	5.61e-14
 3.12576e+15	1.15e-03	9.99e-01	5.97e-14
 4.13835e+15	1.18e-03	9.99e-01	6.44e-14
 5.45471e+15	1.22e-03	9.99e-01	7.08e-14
 7.16599e+15	1.28e-03	9.99e-01	7.95e-14
 9.39064e+15	1.37e-03	9.99e-01	9.19e-14
 1.21859e+16	1.51e-03	9.98e-01	1.10e-13
 1.50863e+16	1.68e-03	9.98e-01	1.31e-13
 1.77381e+16	1.93e-03	9.98e-01	1.62e-13
 1.99788e+16	2.15e-03	9.98e-01	1.90e-13
 2.19767e+16	2.37e-03	9.98e-01	2.16e-13
 2.41743e+16	2.66e-03	9.97e-01	2.50e-13
 2.59565e+16	2.95e-03	9.97e-01	2.88e-13
 2.69885e+16	3.14e-03	9.97e-01	3.12e-13
 2.79104e+16	3.31e-03	9.97e-01	3.33e-13
 2.91090e+16	3.54e-03	9.96e-01	3.61e-13
 3.04457e+16	3.84e-03	9.96e-01	3.98e-13
 3.16436e+16	4.13e-03	9.96e-01	4.35e-13
 3.26682e+16	4.41e-03	9.96e-01	4.70e-13
 3.37861e+16	4.72e-03	9.95e-01	5.07e-13
 3.50340e+16	5.11e-03	9.95e-01	5.56e-13
 3.61565e+16	5.51e-03	9.94e-01	6.06e-13
 3.71190e+16	5.88e-03	9.94e-01	6.52e-13
 3.81679e+16	6.29e-03	9.94e-01	7.00e-13
 3.93420e+16	6.82e-03	9.93e-01	7.61e-13
 4.04164e+16	7.36e-03	9.93e-01	8.28e-13
 4.13438e+16	7.88e-03	9.92e-01	8.89e-13
 4.23430e+16	8.45e-03	9.92e-01	9.53e-13
 4.34608e+16	9.18e-03	9.91e-01	1.04e-12
 4.44821e+16	9.95e-03	9.90e-01	1.13e-12
 4.53638e+16	1.07e-02	9.89e-01	1.21e-12
 4.63146e+16	1.15e-02	9.88e-01	1.30e-12
 4.73801e+16	1.26e-02	9.87e-01	1.42e-12
 4.83461e+16	1.37e-02	9.86e-01	1.56e-12
 4.91737e+16	1.49e-02	9.85e-01	1.70e-12
 4.99434e+16	1.61e-02	9.84e-01	1.83e-12
 5.08173e+16	1.75e-02	9.83e-01	1.99e-12
 5.17685e+16	1.95e-02	9.81e-01	2.24e-12
 5.25570e+16	2.14e-02	9.79e-01	2.48e-12
 5.31662e+16	2.31e-02	9.77e-01	2.70e-12
 5.38054e+16	2.51e-02	9.75e-01	2.96e-12
 5.45202e+16	2.78e-02	9.72e-01	3.31e-12
 5.51630e+16	3.06e-02	9.69e-01	3.71e-12
 5.56984e+16	3.35e-02	9.67e-01	4.11e-12
 5.61870e+16	3.64e-02	9.64e-01	4.54e-12
 5.67450e+16	4.04e-02	9.60e-01	5.13e-12
 5.73350e+16	4.56e-02	9.54e-01	5.92e-12
 5.78174e+16	5.09e-02	9.49e-01	6.76e-12
 5.82099e+16	5.60e-02	9.44e-01	7.59e-12
 5.86345e+16	6.25e-02	9.37e-01	8.70e-12
 5.91028e+16	7.15e-02	9.29e-01	1.03e-11
 5.95161e+16	8.16e-02	9.18e-01	1.21e-11
 5.98204e+16	9.08e-02	9.09e-01	1.39e-11
 6.00361e+16	9.84e-02	9.02e-01	1.54e-11
 6.02580e+16	1.07e-01	8.93e-01	1.72e-11
 6.05078e+16	1.19e-01	8.81e-01	1.98e-11
 6.07317e+16	1.32e-01	8.68e-01	2.26e-11
 6.09150e+16	1.44e-01	8.56e-01	2.54e-11
 6.10776e+16	1.56e-01	8.44e-01	2.84e-11
 6.12590e+16	1.72e-01	8.28e-01	3.26e-11
 6.14470e+16	1.92e-01	8.08e-01	3.79e-11
 6.15961e+16	2.10e-01	7.90e-01	4.32e-11
 6.17160e+16	2.27e-01	7.73e-01	4.83e-11
 6.18452e+16	2.47e-01	7.53e-01	5.48e-11
 6.19856e+16	2.72e-01	7.28e-01	6.36e-11
 6.21060e+16	2.96e-01	7.04e-01	7.30e-11
 6.22047e+16	3.19e-01	6.81e-01	8.23e-11
 6.23099e+16	3.45e-01	6.55e-01	9.42e-11
 6.24230e+16	3.77e-01	6.23e-01	1.10e-10
 6.25185e+16	4.08e-01	5.92e-01	1.27e-10
 6.25972e+16	4.34e-01	5.66e-01	1.43e-10
 6.26684e+16	4.60e-01	5.40e-01	1.60e-10
 6.27353e+16	4.85e-01	5.15e-01	1.79e-10
 6.27966e+16	5.10e-01	4.90e-01	1.99e-10
 6.28510e+16	5.33e-01	4.67e-01	2.19e-10
 6.28911e+16	5.50e-01	4.50e-01	2.35e-10
 6.29168e+16	5.60e-01	4.40e-01	2.46e-10
 6.29415e+16	5.71e-01	4.29e-01	2.58e-10
 6.29708e+16	5.84e-01	4.16e-01	2.73e-10
 6.30014e+16	5.98e-01	4.02e-01	2.90e-10
 6.30297e+16	6.11e-01	3.89e-01	3.07e-10
 6.30555e+16	6.23e-01	3.77e-01	3.23e-10
 6.30806e+16	6.35e-01	3.65e-01	3.41e-10
 6.31060e+16	6.47e-01	3.53e-01	3.59e-10
 6.31312e+16	6.59e-01	3.41e-01	3.79e-10
 6.31555e+16	6.71e-01	3.29e-01	4.00e-10
 6.31790e+16	6.82e-01	3.18e-01	4.21e-10
 6.32021e+16	6.94e-01	3.06e-01	4.44e-10
 6.32248e+16	7.05e-01	2.95e-01	4.68e-10
 6.32471e+16	7.15e-01	2.85e-01	4.92e-10
 6.32688e+16	7.26e-01	2.74e-01	5.18e-10
 6.32901e+16	7.36e-01	2.64e-01	5.46e-10
 6.33110e+16	7.46e-01	2.54e-01	5.74e-10
 6.33315e+16	7.56e-01	2.44e-01	6.05e-10
 6.33516e+16	7.66e-01	2.34e-01	6.36e-10
 6.33714e+16	7.75e-01	2.25e-01	6.69e-10
 6.33908e+16	7.84e-01	2.16e-01	7.04e-10
 6.34098e+16	7.93e-01	2.07e-01	7.41e-10
 6.34284e+16	8.01e-01	1.99e-01	7.79e-10
 6.34467e+16	8.09e-01	1.91e-01	8.20e-10
 6.34646e+16	8.17e-01	1.83e-01	8.63e-10
 6.34823e+16	8.25e-01	1.75e-01	9.08e-10
 6.34996e+16	8.32e-01	1.68e-01	9.55e-10
 6.35166e+16	8.39e-01	1.61e-01	1.01e-09
 6.35331e+16	8.46e-01	1.54e-01	1.06e-09
 6.35491e+16	8.53e-01	1.47e-01	1.11e-09
 6.35647e+16	8.59e-01	1.41e-01	1.17e-09
 6.35798e+16	8.65e-01	1.35e-01	1.23e-09
 6.35949e+16	8.71e-01	1.29e-01	1.29e-09
 6.36094e+16	8.76e-01	1.24e-01	1.36e-09
 6.36232e+16	8.81e-01	1.19e-01	1.42e-09
 6.36369e+16	8.86e-01	1.14e-01	1.50e-09
 6.36504e+16	8.91e-01	1.09e-01	1.57e-09
 6.36636e+16	8.95e-01	1.05e-01	1.66e-09
 6.36762e+16	8.99e-01	1.01e-01	1.74e-09
 6.36886e+16	9.03e-01	9.65e-02	1.83e-09
 6.37008e+16	9.07e-01	9.26e-02	1.92e-09
 6.37126e+16	9.11e-01	8.89e-02	2.02e-09
 6.37242e+16	9.15e-01	8.53e-02	2.12e-09
 6.37356e+16	9.18e-01	8.19e-02	2.23e-09
 6.37468e+16	9.21e-01	7.86e-02	2.35e-09
 6.37578e+16	9.25e-01	7.54e-02	2.48e-09
 6.37684e+16	9.28e-01	7.24e-02	2.61e-09
 6.37789e+16	9.30e-01	6.96e-02	2.75e-09
 6.37891e+16	9.33e-01	6.68e-02	2.90e-09
 6.37992e+16	9.36e-01	6.42e-02	3.06e-09
 6.38090e+16	9.38e-01	6.16e-02	3.23e-09
 6.38187e+16	9.41e-01	5.92e-02	3.42e-09
 6.38282e+16	9.43e-01	5.69e-02	3.61e-09
 6.38375e+16	9.45e-01	5.46e-02	3.83e-09
 6.38466e+16	9.47e-01	5.25e-02	4.05e-09
 6.38555e+16	9.50e-01	5.04e-02	4.31e-09
 6.38643e+16	9.52e-01	4.84e-02	4.58e-09
 6.38727e+16	9.53e-01	4.66e-02	4.87e-09
 6.38810e+16	9.55e-01	4.48e-02	5.18e-09
 6.38893e+16	9.57e-01	4.30e-02	5.53e-09
 6.38973e+16	9.59e-01	4.13e-02	5.92e-09
 6.39052e+16	9.60e-01	3.97e-02	6.33e-09
 6.39128e+16	9.62e-01	3.82e-02	6.79e-09
 6.39203e+16	9.63e-01	3.67e-02	7.31e-09
 6.39277e+16	9.65e-01	3.52e-02	7.90e-09
 6.39349e+16	9.66e-01	3.38e-02	8.52e-09
 6.39419e+16	9.68e-01	3.25e-02	9.24e-09
 6.39486e+16	9.69e-01	3.12e-02	1.00e-08
 6.39551e+16	9.70e-01	3.00e-02	1.09e-08
 6.39616e+16	9.71e-01	2.88e-02	1.20e-08
 6.39679e+16	9.72e-01	2.77e-02	1.32e-08
 6.39740e+16	9.73e-01	2.66e-02	1.46e-08
 6.39797e+16	9.74e-01	2.55e-02	1.61e-08
 6.39850e+16	9.75e-01	2.46e-02	1.78e-08
 6.39898e+16	9.76e-01	2.38e-02	1.96e-08
 6.39944e+16	9.77e-01	2.30e-02	2.17e-08
 6.39986e+16	9.78e-01	2.22e-02	2.40e-08
 6.40025e+16	9.78e-01	2.15e-02	2.67e-08
 6.40060e+16	9.79e-01	2.09e-02	2.94e-08
 6.40093e+16	9.80e-01	2.03e-02	3.24e-08
 6.40123e+16	9.80e-01	1.98e-02	3.58e-08
 6.40152e+16	9.81e-01	1.92e-02	3.97e-08
 6.40179e+16	9.81e-01	1.88e-02	4.37e-08
 6.40204e+16	9.82e-01	1.83e-02	4.84e-08
 6.40227e+16	9.82e-01	1.78e-02	5.37e-08
 6.40249e+16	9.83e-01	1.74e-02	5.93e-08
 6.40268e+16	9.83e-01	1.70e-02	6.55e-08
 6.40287e+16	9.83e-01	1.67e-02	7.23e-08
 6.40304e+16	9.84e-01	1.63e-02	8.00e-08
 6.40320e+16	9.84e-01	1.60e-02	8.85e-08
 6.40335e+16	9.84e-01	1.57e-02	9.67e-08
 6.40350e+16	9.85e-01	1.53e-02	1.09e-07
 6.40364e+16	9.85e-01	1.50e-02	1.21e-07
 6.40375e+16	9.85e-01	1.48e-02	1.32e-07
 6.40387e+16	9.86e-01	1.45e-02	1.48e-07
 6.40398e+16	9.86e-01	1.42e-02	1.64e-07
 6.40408e+16	9.86e-01	1.40e-02	1.79e-07
 6.40417e+16	9.86e-01	1.37e-02	2.00e-07
 6.40426e+16	9.87e-01	1.35e-02	2.23e-07
 6.40434e+16	9.87e-01	1.33e-02	2.42e-07
 6.40441e+16	9.87e-01	1.30e-02	2.71e-07
 6.40449e+16	9.87e-01	1.28e-02	3.02e-07
 6.40455e+16	9.87e-01	1.25e-02	3.34e-07
 6.40462e+16	9.88e-01	1.23e-02	3.71e-07
 6.40468e+16	9.88e-01	1.21e-02	4.13e-07
 6.40475e+16	9.88e-01	1.18e-02	4.66e-07
 6.40481e+16	9.88e-01	1.16e-02	5.24e-07
 6.40488e+16	9.89e-01	1.13e-02	5.96e-07
 6.40494e+16	9.89e-01	1.10e-02	6.84e-07
 6.40500e+16	9.89e-01	1.05e-02	8.04e-07
 6.40507e+16	9.90e-01	9.98e-03	9.67e-07
