#depth	O	O+	O+2	O+3	O+4	O+5	O+6	O+7	O+8	O[1]	O[2]	O[3]
 7.21567e+11	3.08e-06	6.30e-03	8.89e-01	1.04e-01	1.95e-05	0.00e+00	0.00e+00	0.00e+00	0.00e+00	2.18e-06	6.00e-07	2.99e-07
 4.32940e+12	3.07e-06	6.30e-03	8.90e-01	1.04e-01	1.94e-05	0.00e+00	0.00e+00	0.00e+00	0.00e+00	2.17e-06	5.98e-07	2.98e-07
 1.87607e+13	3.07e-06	6.30e-03	8.91e-01	1.03e-01	1.90e-05	0.00e+00	0.00e+00	0.00e+00	0.00e+00	2.17e-06	5.99e-07	2.98e-07
 7.64861e+13	3.09e-06	6.34e-03	8.96e-01	9.78e-02	1.77e-05	0.00e+00	0.00e+00	0.00e+00	0.00e+00	2.19e-06	6.03e-07	3.00e-07
 1.82701e+14	3.11e-06	6.39e-03	9.03e-01	9.11e-02	1.57e-05	0.00e+00	0.00e+00	0.00e+00	0.00e+00	2.20e-06	6.06e-07	3.02e-07
 3.20780e+14	3.13e-06	6.46e-03	9.11e-01	8.27e-02	1.35e-05	0.00e+00	0.00e+00	0.00e+00	0.00e+00	2.22e-06	6.11e-07	3.05e-07
 5.00283e+14	3.17e-06	6.55e-03	9.21e-01	7.25e-02	1.09e-05	0.00e+00	0.00e+00	0.00e+00	0.00e+00	2.25e-06	6.19e-07	3.09e-07
 7.33636e+14	3.24e-06	6.68e-03	9.33e-01	6.05e-02	8.27e-06	0.00e+00	0.00e+00	0.00e+00	0.00e+00	2.29e-06	6.31e-07	3.15e-07
 1.03700e+15	3.33e-06	6.83e-03	9.46e-01	4.72e-02	5.66e-06	0.00e+00	0.00e+00	0.00e+00	0.00e+00	2.36e-06	6.47e-07	3.23e-07
 1.43136e+15	3.45e-06	7.02e-03	9.59e-01	3.35e-02	3.37e-06	0.00e+00	0.00e+00	0.00e+00	0.00e+00	2.44e-06	6.69e-07	3.35e-07
 1.94404e+15	3.61e-06	7.25e-03	9.72e-01	2.10e-02	1.67e-06	0.00e+00	0.00e+00	0.00e+00	0.00e+00	2.55e-06	7.00e-07	3.51e-07
 2.61052e+15	3.82e-06	7.51e-03	9.81e-01	1.12e-02	6.53e-07	0.00e+00	0.00e+00	0.00e+00	0.00e+00	2.71e-06	7.40e-07	3.71e-07
 3.47695e+15	4.10e-06	7.81e-03	9.87e-01	4.94e-03	1.92e-07	0.00e+00	0.00e+00	0.00e+00	0.00e+00	2.91e-06	7.94e-07	3.99e-07
 4.60330e+15	4.51e-06	8.17e-03	9.90e-01	1.79e-03	0.00e+00	0.00e+00	0.00e+00	0.00e+00	0.00e+00	3.20e-06	8.71e-07	4.38e-07
 6.06756e+15	5.10e-06	8.65e-03	9.91e-01	5.49e-04	0.00e+00	0.00e+00	0.00e+00	0.00e+00	0.00e+00	3.62e-06	9.84e-07	4.96e-07
 7.97110e+15	6.03e-06	9.30e-03	9.91e-01	1.64e-04	0.00e+00	0.00e+00	0.00e+00	0.00e+00	0.00e+00	4.28e-06	1.16e-06	5.86e-07
 1.04457e+16	7.58e-06	1.02e-02	9.90e-01	6.57e-05	0.00e+00	0.00e+00	0.00e+00	0.00e+00	0.00e+00	5.38e-06	1.46e-06	7.37e-07
 1.32133e+16	9.75e-06	1.14e-02	9.89e-01	4.21e-05	0.00e+00	0.00e+00	0.00e+00	0.00e+00	0.00e+00	6.93e-06	1.88e-06	9.48e-07
 1.58708e+16	1.26e-05	1.26e-02	9.87e-01	3.39e-05	0.00e+00	0.00e+00	0.00e+00	0.00e+00	0.00e+00	8.95e-06	2.42e-06	1.23e-06
 1.86450e+16	1.68e-05	1.42e-02	9.86e-01	2.87e-05	0.00e+00	0.00e+00	0.00e+00	0.00e+00	0.00e+00	1.19e-05	3.23e-06	1.64e-06
 2.11372e+16	2.18e-05	1.58e-02	9.84e-01	2.52e-05	0.00e+00	0.00e+00	0.00e+00	0.00e+00	0.00e+00	1.55e-05	4.21e-06	2.12e-06
 2.32509e+16	2.80e-05	1.75e-02	9.82e-01	2.27e-05	0.00e+00	0.00e+00	0.00e+00	0.00e+00	0.00e+00	1.98e-05	5.39e-06	2.72e-06
 2.55760e+16	3.71e-05	1.97e-02	9.80e-01	2.01e-05	0.00e+00	0.00e+00	0.00e+00	0.00e+00	0.00e+00	2.63e-05	7.17e-06	3.61e-06
 2.81336e+16	5.16e-05	2.26e-02	9.77e-01	1.77e-05	0.00e+00	0.00e+00	0.00e+00	0.00e+00	0.00e+00	3.66e-05	1.00e-05	5.02e-06
 2.99969e+16	6.64e-05	2.52e-02	9.75e-01	1.61e-05	0.00e+00	0.00e+00	0.00e+00	0.00e+00	0.00e+00	4.70e-05	1.29e-05	6.46e-06
 3.08071e+16	7.46e-05	2.65e-02	9.73e-01	1.54e-05	0.00e+00	0.00e+00	0.00e+00	0.00e+00	0.00e+00	5.28e-05	1.45e-05	7.26e-06
 3.14662e+16	8.24e-05	2.77e-02	9.72e-01	1.48e-05	0.00e+00	0.00e+00	0.00e+00	0.00e+00	0.00e+00	5.83e-05	1.60e-05	8.01e-06
 3.23231e+16	9.39e-05	2.93e-02	9.71e-01	1.41e-05	0.00e+00	0.00e+00	0.00e+00	0.00e+00	0.00e+00	6.64e-05	1.83e-05	9.13e-06
 3.34370e+16	1.12e-04	3.17e-02	9.68e-01	1.32e-05	0.00e+00	0.00e+00	0.00e+00	0.00e+00	0.00e+00	7.91e-05	2.18e-05	1.09e-05
 3.45852e+16	1.35e-04	3.46e-02	9.65e-01	1.23e-05	0.00e+00	0.00e+00	0.00e+00	0.00e+00	0.00e+00	9.53e-05	2.62e-05	1.31e-05
 3.55097e+16	1.57e-04	3.71e-02	9.63e-01	1.16e-05	0.00e+00	0.00e+00	0.00e+00	0.00e+00	0.00e+00	1.11e-04	3.06e-05	1.53e-05
 3.63043e+16	1.81e-04	3.96e-02	9.60e-01	1.09e-05	0.00e+00	0.00e+00	0.00e+00	0.00e+00	0.00e+00	1.28e-04	3.52e-05	1.76e-05
 3.71980e+16	2.13e-04	4.28e-02	9.57e-01	1.02e-05	0.00e+00	0.00e+00	0.00e+00	0.00e+00	0.00e+00	1.51e-04	4.14e-05	2.07e-05
 3.81699e+16	2.55e-04	4.67e-02	9.53e-01	9.51e-06	0.00e+00	0.00e+00	0.00e+00	0.00e+00	0.00e+00	1.81e-04	4.97e-05	2.47e-05
 3.90250e+16	3.02e-04	5.06e-02	9.49e-01	8.85e-06	0.00e+00	0.00e+00	0.00e+00	0.00e+00	0.00e+00	2.14e-04	5.87e-05	2.92e-05
 3.97729e+16	3.51e-04	5.45e-02	9.45e-01	8.31e-06	0.00e+00	0.00e+00	0.00e+00	0.00e+00	0.00e+00	2.49e-04	6.83e-05	3.40e-05
 4.06001e+16	4.18e-04	5.94e-02	9.40e-01	7.70e-06	0.00e+00	0.00e+00	0.00e+00	0.00e+00	0.00e+00	2.96e-04	8.14e-05	4.05e-05
 4.14861e+16	5.06e-04	6.53e-02	9.34e-01	7.08e-06	0.00e+00	0.00e+00	0.00e+00	0.00e+00	0.00e+00	3.59e-04	9.85e-05	4.89e-05
 4.22505e+16	6.03e-04	7.12e-02	9.28e-01	6.54e-06	0.00e+00	0.00e+00	0.00e+00	0.00e+00	0.00e+00	4.27e-04	1.17e-04	5.82e-05
 4.29209e+16	7.06e-04	7.71e-02	9.22e-01	6.08e-06	0.00e+00	0.00e+00	0.00e+00	0.00e+00	0.00e+00	5.00e-04	1.37e-04	6.81e-05
 4.36669e+16	8.49e-04	8.47e-02	9.14e-01	5.55e-06	0.00e+00	0.00e+00	0.00e+00	0.00e+00	0.00e+00	6.02e-04	1.65e-04	8.20e-05
 4.44692e+16	1.04e-03	9.40e-02	9.05e-01	5.01e-06	0.00e+00	0.00e+00	0.00e+00	0.00e+00	0.00e+00	7.40e-04	2.03e-04	1.01e-04
 4.51635e+16	1.26e-03	1.03e-01	8.95e-01	4.55e-06	0.00e+00	0.00e+00	0.00e+00	0.00e+00	0.00e+00	8.91e-04	2.44e-04	1.21e-04
 4.57732e+16	1.49e-03	1.13e-01	8.86e-01	4.17e-06	0.00e+00	0.00e+00	0.00e+00	0.00e+00	0.00e+00	1.06e-03	2.89e-04	1.43e-04
 4.64543e+16	1.82e-03	1.25e-01	8.73e-01	3.74e-06	0.00e+00	0.00e+00	0.00e+00	0.00e+00	0.00e+00	1.29e-03	3.53e-04	1.75e-04
 4.71838e+16	2.27e-03	1.40e-01	8.58e-01	3.29e-06	0.00e+00	0.00e+00	0.00e+00	0.00e+00	0.00e+00	1.61e-03	4.41e-04	2.18e-04
 4.78057e+16	2.77e-03	1.55e-01	8.42e-01	2.93e-06	0.00e+00	0.00e+00	0.00e+00	0.00e+00	0.00e+00	1.96e-03	5.38e-04	2.66e-04
 4.83351e+16	3.31e-03	1.70e-01	8.27e-01	2.61e-06	0.00e+00	0.00e+00	0.00e+00	0.00e+00	0.00e+00	2.34e-03	6.42e-04	3.18e-04
 4.89150e+16	4.05e-03	1.89e-01	8.07e-01	2.30e-06	0.00e+00	0.00e+00	0.00e+00	0.00e+00	0.00e+00	2.88e-03	7.87e-04	3.89e-04
 4.95317e+16	5.08e-03	2.12e-01	7.83e-01	1.97e-06	0.00e+00	0.00e+00	0.00e+00	0.00e+00	0.00e+00	3.60e-03	9.85e-04	4.87e-04
 5.00499e+16	6.19e-03	2.34e-01	7.60e-01	1.72e-06	0.00e+00	0.00e+00	0.00e+00	0.00e+00	0.00e+00	4.39e-03	1.20e-03	5.93e-04
 5.04891e+16	7.36e-03	2.55e-01	7.38e-01	1.51e-06	0.00e+00	0.00e+00	0.00e+00	0.00e+00	0.00e+00	5.22e-03	1.43e-03	7.05e-04
 5.09720e+16	9.00e-03	2.82e-01	7.09e-01	1.29e-06	0.00e+00	0.00e+00	0.00e+00	0.00e+00	0.00e+00	6.39e-03	1.74e-03	8.62e-04
 5.14899e+16	1.13e-02	3.14e-01	6.75e-01	1.07e-06	0.00e+00	0.00e+00	0.00e+00	0.00e+00	0.00e+00	8.00e-03	2.18e-03	1.08e-03
 5.19296e+16	1.37e-02	3.45e-01	6.41e-01	8.99e-07	0.00e+00	0.00e+00	0.00e+00	0.00e+00	0.00e+00	9.77e-03	2.66e-03	1.32e-03
 5.23008e+16	1.64e-02	3.74e-01	6.09e-01	7.62e-07	0.00e+00	0.00e+00	0.00e+00	0.00e+00	0.00e+00	1.16e-02	3.16e-03	1.57e-03
 5.27063e+16	2.00e-02	4.10e-01	5.71e-01	6.23e-07	0.00e+00	0.00e+00	0.00e+00	0.00e+00	0.00e+00	1.42e-02	3.85e-03	1.91e-03
 5.31444e+16	2.49e-02	4.51e-01	5.24e-01	4.90e-07	0.00e+00	0.00e+00	0.00e+00	0.00e+00	0.00e+00	1.77e-02	4.79e-03	2.38e-03
 5.35223e+16	3.03e-02	4.89e-01	4.81e-01	3.88e-07	0.00e+00	0.00e+00	0.00e+00	0.00e+00	0.00e+00	2.16e-02	5.83e-03	2.90e-03
 5.38456e+16	3.61e-02	5.23e-01	4.41e-01	3.10e-07	0.00e+00	0.00e+00	0.00e+00	0.00e+00	0.00e+00	2.57e-02	6.92e-03	3.44e-03
 5.42007e+16	4.39e-02	5.62e-01	3.94e-01	2.33e-07	0.00e+00	0.00e+00	0.00e+00	0.00e+00	0.00e+00	3.13e-02	8.39e-03	4.19e-03
 5.45874e+16	5.48e-02	6.05e-01	3.40e-01	1.66e-07	0.00e+00	0.00e+00	0.00e+00	0.00e+00	0.00e+00	3.91e-02	1.04e-02	5.22e-03
 5.49235e+16	6.68e-02	6.41e-01	2.93e-01	0.00e+00	0.00e+00	0.00e+00	0.00e+00	0.00e+00	0.00e+00	4.77e-02	1.27e-02	6.35e-03
 5.51738e+16	7.76e-02	6.65e-01	2.57e-01	0.00e+00	0.00e+00	0.00e+00	0.00e+00	0.00e+00	0.00e+00	5.55e-02	1.47e-02	7.37e-03
 5.53591e+16	8.65e-02	6.82e-01	2.31e-01	0.00e+00	0.00e+00	0.00e+00	0.00e+00	0.00e+00	0.00e+00	6.19e-02	1.63e-02	8.22e-03
 5.55551e+16	9.77e-02	6.98e-01	2.04e-01	0.00e+00	0.00e+00	0.00e+00	0.00e+00	0.00e+00	0.00e+00	7.00e-02	1.84e-02	9.26e-03
 5.57741e+16	1.12e-01	7.13e-01	1.75e-01	0.00e+00	0.00e+00	0.00e+00	0.00e+00	0.00e+00	0.00e+00	8.03e-02	2.09e-02	1.06e-02
 5.59720e+16	1.27e-01	7.23e-01	1.50e-01	0.00e+00	0.00e+00	0.00e+00	0.00e+00	0.00e+00	0.00e+00	9.12e-02	2.36e-02	1.20e-02
 5.61387e+16	1.40e-01	7.29e-01	1.31e-01	0.00e+00	0.00e+00	0.00e+00	0.00e+00	0.00e+00	0.00e+00	1.01e-01	2.61e-02	1.33e-02
 5.63158e+16	1.57e-01	7.32e-01	1.11e-01	0.00e+00	0.00e+00	0.00e+00	0.00e+00	0.00e+00	0.00e+00	1.13e-01	2.90e-02	1.48e-02
 5.65046e+16	1.77e-01	7.31e-01	9.16e-02	0.00e+00	0.00e+00	0.00e+00	0.00e+00	0.00e+00	0.00e+00	1.28e-01	3.25e-02	1.67e-02
 5.66630e+16	1.96e-01	7.27e-01	7.70e-02	0.00e+00	0.00e+00	0.00e+00	0.00e+00	0.00e+00	0.00e+00	1.42e-01	3.57e-02	1.84e-02
 5.67958e+16	2.13e-01	7.21e-01	6.60e-02	0.00e+00	0.00e+00	0.00e+00	0.00e+00	0.00e+00	0.00e+00	1.55e-01	3.86e-02	2.00e-02
 5.69407e+16	2.34e-01	7.11e-01	5.49e-02	0.00e+00	0.00e+00	0.00e+00	0.00e+00	0.00e+00	0.00e+00	1.70e-01	4.20e-02	2.19e-02
 5.70980e+16	2.59e-01	6.96e-01	4.44e-02	0.00e+00	0.00e+00	0.00e+00	0.00e+00	0.00e+00	0.00e+00	1.89e-01	4.60e-02	2.41e-02
 5.72353e+16	2.83e-01	6.81e-01	3.64e-02	0.00e+00	0.00e+00	0.00e+00	0.00e+00	0.00e+00	0.00e+00	2.07e-01	4.98e-02	2.62e-02
 5.73535e+16	3.04e-01	6.65e-01	3.05e-02	0.00e+00	0.00e+00	0.00e+00	0.00e+00	0.00e+00	0.00e+00	2.23e-01	5.30e-02	2.81e-02
 5.74831e+16	3.31e-01	6.45e-01	2.46e-02	0.00e+00	0.00e+00	0.00e+00	0.00e+00	0.00e+00	0.00e+00	2.43e-01	5.69e-02	3.04e-02
 5.76225e+16	3.60e-01	6.21e-01	1.94e-02	0.00e+00	0.00e+00	0.00e+00	0.00e+00	0.00e+00	0.00e+00	2.66e-01	6.10e-02	3.29e-02
 5.77457e+16	3.88e-01	5.97e-01	1.55e-02	0.00e+00	0.00e+00	0.00e+00	0.00e+00	0.00e+00	0.00e+00	2.88e-01	6.48e-02	3.52e-02
 5.78555e+16	4.13e-01	5.74e-01	1.25e-02	0.00e+00	0.00e+00	0.00e+00	0.00e+00	0.00e+00	0.00e+00	3.08e-01	6.81e-02	3.73e-02
 5.79677e+16	4.41e-01	5.49e-01	1.00e-02	0.00e+00	0.00e+00	0.00e+00	0.00e+00	0.00e+00	0.00e+00	3.30e-01	7.15e-02	3.95e-02
 5.80894e+16	4.72e-01	5.20e-01	7.72e-03	0.00e+00	0.00e+00	0.00e+00	0.00e+00	0.00e+00	0.00e+00	3.55e-01	7.50e-02	4.19e-02
 5.82054e+16	5.02e-01	4.92e-01	5.97e-03	0.00e+00	0.00e+00	0.00e+00	0.00e+00	0.00e+00	0.00e+00	3.80e-01	7.83e-02	4.42e-02
 5.83037e+16	5.28e-01	4.67e-01	4.77e-03	0.00e+00	0.00e+00	0.00e+00	0.00e+00	0.00e+00	0.00e+00	4.01e-01	8.08e-02	4.60e-02
 5.83896e+16	5.51e-01	4.45e-01	3.89e-03	0.00e+00	0.00e+00	0.00e+00	0.00e+00	0.00e+00	0.00e+00	4.21e-01	8.28e-02	4.76e-02
 5.84727e+16	5.73e-01	4.23e-01	3.17e-03	0.00e+00	0.00e+00	0.00e+00	0.00e+00	0.00e+00	0.00e+00	4.40e-01	8.45e-02	4.91e-02
 5.85542e+16	5.96e-01	4.02e-01	2.58e-03	0.00e+00	0.00e+00	0.00e+00	0.00e+00	0.00e+00	0.00e+00	4.59e-01	8.61e-02	5.05e-02
 5.86164e+16	6.11e-01	3.86e-01	2.21e-03	0.00e+00	0.00e+00	0.00e+00	0.00e+00	0.00e+00	0.00e+00	4.73e-01	8.70e-02	5.14e-02
 5.86573e+16	6.21e-01	3.77e-01	2.00e-03	0.00e+00	0.00e+00	0.00e+00	0.00e+00	0.00e+00	0.00e+00	4.82e-01	8.75e-02	5.19e-02
 5.86984e+16	6.32e-01	3.66e-01	1.79e-03	0.00e+00	0.00e+00	0.00e+00	0.00e+00	0.00e+00	0.00e+00	4.91e-01	8.80e-02	5.25e-02
 5.87476e+16	6.45e-01	3.53e-01	1.56e-03	0.00e+00	0.00e+00	0.00e+00	0.00e+00	0.00e+00	0.00e+00	5.03e-01	8.85e-02	5.31e-02
 5.87980e+16	6.58e-01	3.41e-01	1.36e-03	0.00e+00	0.00e+00	0.00e+00	0.00e+00	0.00e+00	0.00e+00	5.15e-01	8.90e-02	5.38e-02
 5.88441e+16	6.70e-01	3.29e-01	1.20e-03	0.00e+00	0.00e+00	0.00e+00	0.00e+00	0.00e+00	0.00e+00	5.26e-01	8.93e-02	5.43e-02
 5.88873e+16	6.81e-01	3.18e-01	1.06e-03	0.00e+00	0.00e+00	0.00e+00	0.00e+00	0.00e+00	0.00e+00	5.36e-01	8.95e-02	5.47e-02
 5.89307e+16	6.92e-01	3.07e-01	9.35e-04	0.00e+00	0.00e+00	0.00e+00	0.00e+00	0.00e+00	0.00e+00	5.47e-01	8.97e-02	5.52e-02
 5.89754e+16	7.03e-01	2.96e-01	8.20e-04	0.00e+00	0.00e+00	0.00e+00	0.00e+00	0.00e+00	0.00e+00	5.57e-01	8.98e-02	5.56e-02
 5.90201e+16	7.14e-01	2.85e-01	7.18e-04	0.00e+00	0.00e+00	0.00e+00	0.00e+00	0.00e+00	0.00e+00	5.68e-01	8.98e-02	5.59e-02
 5.90636e+16	7.25e-01	2.75e-01	6.29e-04	0.00e+00	0.00e+00	0.00e+00	0.00e+00	0.00e+00	0.00e+00	5.79e-01	8.97e-02	5.62e-02
 5.91056e+16	7.35e-01	2.65e-01	5.54e-04	0.00e+00	0.00e+00	0.00e+00	0.00e+00	0.00e+00	0.00e+00	5.88e-01	8.96e-02	5.65e-02
 5.91477e+16	7.45e-01	2.55e-01	4.86e-04	0.00e+00	0.00e+00	0.00e+00	0.00e+00	0.00e+00	0.00e+00	5.99e-01	8.94e-02	5.67e-02
 5.91902e+16	7.54e-01	2.45e-01	4.25e-04	0.00e+00	0.00e+00	0.00e+00	0.00e+00	0.00e+00	0.00e+00	6.08e-01	8.91e-02	5.69e-02
 5.92323e+16	7.64e-01	2.35e-01	3.71e-04	0.00e+00	0.00e+00	0.00e+00	0.00e+00	0.00e+00	0.00e+00	6.18e-01	8.88e-02	5.70e-02
 5.92736e+16	7.73e-01	2.26e-01	3.25e-04	0.00e+00	0.00e+00	0.00e+00	0.00e+00	0.00e+00	0.00e+00	6.28e-01	8.84e-02	5.71e-02
 5.93146e+16	7.82e-01	2.17e-01	2.85e-04	0.00e+00	0.00e+00	0.00e+00	0.00e+00	0.00e+00	0.00e+00	6.37e-01	8.80e-02	5.72e-02
 5.93559e+16	7.91e-01	2.09e-01	2.48e-04	0.00e+00	0.00e+00	0.00e+00	0.00e+00	0.00e+00	0.00e+00	6.46e-01	8.75e-02	5.72e-02
 5.93965e+16	8.00e-01	2.00e-01	2.17e-04	0.00e+00	0.00e+00	0.00e+00	0.00e+00	0.00e+00	0.00e+00	6.55e-01	8.70e-02	5.71e-02
 5.94363e+16	8.08e-01	1.92e-01	1.89e-04	0.00e+00	0.00e+00	0.00e+00	0.00e+00	0.00e+00	0.00e+00	6.64e-01	8.64e-02	5.71e-02
 5.94765e+16	8.16e-01	1.84e-01	1.65e-04	0.00e+00	0.00e+00	0.00e+00	0.00e+00	0.00e+00	0.00e+00	6.73e-01	8.58e-02	5.70e-02
 5.95164e+16	8.23e-01	1.77e-01	1.44e-04	0.00e+00	0.00e+00	0.00e+00	0.00e+00	0.00e+00	0.00e+00	6.81e-01	8.52e-02	5.69e-02
 5.95560e+16	8.31e-01	1.69e-01	1.25e-04	0.00e+00	0.00e+00	0.00e+00	0.00e+00	0.00e+00	0.00e+00	6.90e-01	8.45e-02	5.67e-02
 5.95955e+16	8.38e-01	1.62e-01	1.09e-04	0.00e+00	0.00e+00	0.00e+00	0.00e+00	0.00e+00	0.00e+00	6.98e-01	8.37e-02	5.65e-02
 5.96342e+16	8.45e-01	1.55e-01	9.48e-05	0.00e+00	0.00e+00	0.00e+00	0.00e+00	0.00e+00	0.00e+00	7.06e-01	8.30e-02	5.63e-02
 5.96725e+16	8.51e-01	1.49e-01	8.26e-05	0.00e+00	0.00e+00	0.00e+00	0.00e+00	0.00e+00	0.00e+00	7.13e-01	8.23e-02	5.61e-02
 5.97112e+16	8.58e-01	1.42e-01	7.17e-05	0.00e+00	0.00e+00	0.00e+00	0.00e+00	0.00e+00	0.00e+00	7.21e-01	8.15e-02	5.58e-02
 5.97498e+16	8.64e-01	1.36e-01	6.22e-05	0.00e+00	0.00e+00	0.00e+00	0.00e+00	0.00e+00	0.00e+00	7.28e-01	8.07e-02	5.55e-02
 5.97874e+16	8.70e-01	1.30e-01	5.41e-05	0.00e+00	0.00e+00	0.00e+00	0.00e+00	0.00e+00	0.00e+00	7.35e-01	7.99e-02	5.52e-02
 5.98239e+16	8.76e-01	1.24e-01	4.72e-05	0.00e+00	0.00e+00	0.00e+00	0.00e+00	0.00e+00	0.00e+00	7.42e-01	7.91e-02	5.49e-02
 5.98602e+16	8.81e-01	1.19e-01	4.12e-05	0.00e+00	0.00e+00	0.00e+00	0.00e+00	0.00e+00	0.00e+00	7.48e-01	7.83e-02	5.45e-02
 5.98966e+16	8.86e-01	1.14e-01	3.59e-05	0.00e+00	0.00e+00	0.00e+00	0.00e+00	0.00e+00	0.00e+00	7.54e-01	7.75e-02	5.42e-02
 5.99320e+16	8.91e-01	1.09e-01	3.13e-05	0.00e+00	0.00e+00	0.00e+00	0.00e+00	0.00e+00	0.00e+00	7.60e-01	7.67e-02	5.38e-02
 5.99668e+16	8.96e-01	1.04e-01	2.74e-05	0.00e+00	0.00e+00	0.00e+00	0.00e+00	0.00e+00	0.00e+00	7.66e-01	7.60e-02	5.35e-02
 6.00014e+16	9.00e-01	9.99e-02	2.39e-05	0.00e+00	0.00e+00	0.00e+00	0.00e+00	0.00e+00	0.00e+00	7.72e-01	7.52e-02	5.31e-02
 6.00354e+16	9.04e-01	9.57e-02	2.10e-05	0.00e+00	0.00e+00	0.00e+00	0.00e+00	0.00e+00	0.00e+00	7.77e-01	7.44e-02	5.28e-02
 6.00686e+16	9.08e-01	9.17e-02	1.84e-05	0.00e+00	0.00e+00	0.00e+00	0.00e+00	0.00e+00	0.00e+00	7.82e-01	7.37e-02	5.24e-02
 6.01015e+16	9.12e-01	8.79e-02	1.62e-05	0.00e+00	0.00e+00	0.00e+00	0.00e+00	0.00e+00	0.00e+00	7.87e-01	7.30e-02	5.21e-02
 6.01344e+16	9.16e-01	8.43e-02	1.42e-05	0.00e+00	0.00e+00	0.00e+00	0.00e+00	0.00e+00	0.00e+00	7.92e-01	7.23e-02	5.17e-02
 6.01667e+16	9.19e-01	8.07e-02	1.25e-05	0.00e+00	0.00e+00	0.00e+00	0.00e+00	0.00e+00	0.00e+00	7.96e-01	7.16e-02	5.13e-02
 6.01982e+16	9.23e-01	7.74e-02	1.10e-05	0.00e+00	0.00e+00	0.00e+00	0.00e+00	0.00e+00	0.00e+00	8.01e-01	7.09e-02	5.10e-02
 6.02294e+16	9.26e-01	7.43e-02	9.67e-06	0.00e+00	0.00e+00	0.00e+00	0.00e+00	0.00e+00	0.00e+00	8.05e-01	7.02e-02	5.06e-02
 6.02608e+16	9.29e-01	7.13e-02	8.51e-06	0.00e+00	0.00e+00	0.00e+00	0.00e+00	0.00e+00	0.00e+00	8.09e-01	6.96e-02	5.03e-02
 6.02916e+16	9.32e-01	6.83e-02	7.51e-06	0.00e+00	0.00e+00	0.00e+00	0.00e+00	0.00e+00	0.00e+00	8.13e-01	6.89e-02	4.99e-02
 6.03216e+16	9.34e-01	6.55e-02	6.64e-06	0.00e+00	0.00e+00	0.00e+00	0.00e+00	0.00e+00	0.00e+00	8.17e-01	6.83e-02	4.96e-02
 6.03515e+16	9.37e-01	6.29e-02	5.87e-06	0.00e+00	0.00e+00	0.00e+00	0.00e+00	0.00e+00	0.00e+00	8.20e-01	6.77e-02	4.92e-02
 6.03816e+16	9.40e-01	6.04e-02	5.18e-06	0.00e+00	0.00e+00	0.00e+00	0.00e+00	0.00e+00	0.00e+00	8.24e-01	6.71e-02	4.89e-02
 6.04112e+16	9.42e-01	5.80e-02	4.58e-06	0.00e+00	0.00e+00	0.00e+00	0.00e+00	0.00e+00	0.00e+00	8.27e-01	6.66e-02	4.86e-02
 6.04402e+16	9.44e-01	5.57e-02	4.06e-06	0.00e+00	0.00e+00	0.00e+00	0.00e+00	0.00e+00	0.00e+00	8.30e-01	6.60e-02	4.82e-02
 6.04689e+16	9.47e-01	5.35e-02	3.60e-06	0.00e+00	0.00e+00	0.00e+00	0.00e+00	0.00e+00	0.00e+00	8.33e-01	6.55e-02	4.79e-02
 6.04976e+16	9.49e-01	5.13e-02	3.19e-06	0.00e+00	0.00e+00	0.00e+00	0.00e+00	0.00e+00	0.00e+00	8.36e-01	6.49e-02	4.75e-02
 6.05257e+16	9.51e-01	4.92e-02	2.84e-06	0.00e+00	0.00e+00	0.00e+00	0.00e+00	0.00e+00	0.00e+00	8.39e-01	6.44e-02	4.72e-02
 6.05532e+16	9.53e-01	4.74e-02	2.53e-06	0.00e+00	0.00e+00	0.00e+00	0.00e+00	0.00e+00	0.00e+00	8.42e-01	6.39e-02	4.68e-02
 6.05811e+16	9.54e-01	4.55e-02	2.25e-06	0.00e+00	0.00e+00	0.00e+00	0.00e+00	0.00e+00	0.00e+00	8.45e-01	6.34e-02	4.65e-02
 6.06090e+16	9.56e-01	4.36e-02	1.99e-06	0.00e+00	0.00e+00	0.00e+00	0.00e+00	0.00e+00	0.00e+00	8.47e-01	6.29e-02	4.61e-02
 6.06361e+16	9.58e-01	4.19e-02	1.77e-06	0.00e+00	0.00e+00	0.00e+00	0.00e+00	0.00e+00	0.00e+00	8.50e-01	6.24e-02	4.58e-02
 6.06631e+16	9.60e-01	4.02e-02	1.58e-06	0.00e+00	0.00e+00	0.00e+00	0.00e+00	0.00e+00	0.00e+00	8.52e-01	6.19e-02	4.55e-02
 6.06903e+16	9.61e-01	3.86e-02	1.41e-06	0.00e+00	0.00e+00	0.00e+00	0.00e+00	0.00e+00	0.00e+00	8.55e-01	6.15e-02	4.52e-02
 6.07169e+16	9.63e-01	3.71e-02	1.26e-06	0.00e+00	0.00e+00	0.00e+00	0.00e+00	0.00e+00	0.00e+00	8.57e-01	6.10e-02	4.49e-02
 6.07431e+16	9.64e-01	3.57e-02	1.12e-06	0.00e+00	0.00e+00	0.00e+00	0.00e+00	0.00e+00	0.00e+00	8.59e-01	6.06e-02	4.46e-02
 6.07693e+16	9.66e-01	3.43e-02	1.00e-06	0.00e+00	0.00e+00	0.00e+00	0.00e+00	0.00e+00	0.00e+00	8.61e-01	6.02e-02	4.43e-02
 6.07951e+16	9.67e-01	3.29e-02	8.97e-07	0.00e+00	0.00e+00	0.00e+00	0.00e+00	0.00e+00	0.00e+00	8.63e-01	5.98e-02	4.40e-02
 6.08202e+16	9.68e-01	3.17e-02	8.06e-07	0.00e+00	0.00e+00	0.00e+00	0.00e+00	0.00e+00	0.00e+00	8.65e-01	5.95e-02	4.37e-02
 6.08451e+16	9.70e-01	3.04e-02	7.23e-07	0.00e+00	0.00e+00	0.00e+00	0.00e+00	0.00e+00	0.00e+00	8.67e-01	5.91e-02	4.35e-02
 6.08707e+16	9.71e-01	2.92e-02	6.46e-07	0.00e+00	0.00e+00	0.00e+00	0.00e+00	0.00e+00	0.00e+00	8.69e-01	5.87e-02	4.32e-02
 6.08962e+16	9.72e-01	2.80e-02	5.78e-07	0.00e+00	0.00e+00	0.00e+00	0.00e+00	0.00e+00	0.00e+00	8.71e-01	5.83e-02	4.29e-02
 6.09207e+16	9.73e-01	2.69e-02	5.20e-07	0.00e+00	0.00e+00	0.00e+00	0.00e+00	0.00e+00	0.00e+00	8.72e-01	5.80e-02	4.27e-02
 6.09446e+16	9.74e-01	2.58e-02	4.68e-07	0.00e+00	0.00e+00	0.00e+00	0.00e+00	0.00e+00	0.00e+00	8.74e-01	5.76e-02	4.24e-02
 6.09685e+16	9.75e-01	2.48e-02	4.22e-07	0.00e+00	0.00e+00	0.00e+00	0.00e+00	0.00e+00	0.00e+00	8.76e-01	5.73e-02	4.22e-02
 6.09925e+16	9.76e-01	2.38e-02	3.80e-07	0.00e+00	0.00e+00	0.00e+00	0.00e+00	0.00e+00	0.00e+00	8.77e-01	5.70e-02	4.19e-02
 6.10161e+16	9.77e-01	2.28e-02	3.42e-07	0.00e+00	0.00e+00	0.00e+00	0.00e+00	0.00e+00	0.00e+00	8.79e-01	5.67e-02	4.17e-02
 6.10389e+16	9.78e-01	2.19e-02	3.10e-07	0.00e+00	0.00e+00	0.00e+00	0.00e+00	0.00e+00	0.00e+00	8.80e-01	5.64e-02	4.15e-02
 6.10603e+16	9.79e-01	2.11e-02	2.82e-07	0.00e+00	0.00e+00	0.00e+00	0.00e+00	0.00e+00	0.00e+00	8.82e-01	5.61e-02	4.12e-02
 6.10801e+16	9.80e-01	2.04e-02	2.59e-07	0.00e+00	0.00e+00	0.00e+00	0.00e+00	0.00e+00	0.00e+00	8.83e-01	5.58e-02	4.10e-02
 6.10983e+16	9.80e-01	1.97e-02	2.40e-07	0.00e+00	0.00e+00	0.00e+00	0.00e+00	0.00e+00	0.00e+00	8.84e-01	5.56e-02	4.09e-02
 6.11148e+16	9.81e-01	1.92e-02	2.23e-07	0.00e+00	0.00e+00	0.00e+00	0.00e+00	0.00e+00	0.00e+00	8.85e-01	5.54e-02	4.07e-02
 6.11301e+16	9.81e-01	1.86e-02	2.09e-07	0.00e+00	0.00e+00	0.00e+00	0.00e+00	0.00e+00	0.00e+00	8.86e-01	5.52e-02	4.05e-02
 6.11446e+16	9.82e-01	1.82e-02	1.97e-07	0.00e+00	0.00e+00	0.00e+00	0.00e+00	0.00e+00	0.00e+00	8.86e-01	5.50e-02	4.04e-02
 6.11584e+16	9.82e-01	1.77e-02	1.85e-07	0.00e+00	0.00e+00	0.00e+00	0.00e+00	0.00e+00	0.00e+00	8.87e-01	5.48e-02	4.03e-02
 6.11709e+16	9.83e-01	1.73e-02	1.76e-07	0.00e+00	0.00e+00	0.00e+00	0.00e+00	0.00e+00	0.00e+00	8.88e-01	5.47e-02	4.01e-02
 6.11826e+16	9.83e-01	1.69e-02	1.67e-07	0.00e+00	0.00e+00	0.00e+00	0.00e+00	0.00e+00	0.00e+00	8.89e-01	5.45e-02	4.00e-02
 6.11937e+16	9.83e-01	1.65e-02	1.59e-07	0.00e+00	0.00e+00	0.00e+00	0.00e+00	0.00e+00	0.00e+00	8.89e-01	5.43e-02	3.99e-02
 6.12044e+16	9.84e-01	1.62e-02	1.52e-07	0.00e+00	0.00e+00	0.00e+00	0.00e+00	0.00e+00	0.00e+00	8.90e-01	5.42e-02	3.97e-02
 6.12146e+16	9.84e-01	1.58e-02	1.45e-07	0.00e+00	0.00e+00	0.00e+00	0.00e+00	0.00e+00	0.00e+00	8.91e-01	5.40e-02	3.96e-02
 6.12243e+16	9.85e-01	1.55e-02	1.39e-07	0.00e+00	0.00e+00	0.00e+00	0.00e+00	0.00e+00	0.00e+00	8.91e-01	5.39e-02	3.95e-02
 6.12334e+16	9.85e-01	1.52e-02	1.34e-07	0.00e+00	0.00e+00	0.00e+00	0.00e+00	0.00e+00	0.00e+00	8.92e-01	5.37e-02	3.94e-02
 6.12422e+16	9.85e-01	1.49e-02	1.29e-07	0.00e+00	0.00e+00	0.00e+00	0.00e+00	0.00e+00	0.00e+00	8.92e-01	5.36e-02	3.93e-02
 6.12506e+16	9.85e-01	1.46e-02	1.24e-07	0.00e+00	0.00e+00	0.00e+00	0.00e+00	0.00e+00	0.00e+00	8.93e-01	5.35e-02	3.92e-02
 6.12588e+16	9.86e-01	1.43e-02	1.20e-07	0.00e+00	0.00e+00	0.00e+00	0.00e+00	0.00e+00	0.00e+00	8.93e-01	5.33e-02	3.91e-02
 6.12666e+16	9.86e-01	1.41e-02	1.16e-07	0.00e+00	0.00e+00	0.00e+00	0.00e+00	0.00e+00	0.00e+00	8.94e-01	5.32e-02	3.89e-02
 6.12743e+16	9.86e-01	1.38e-02	1.12e-07	0.00e+00	0.00e+00	0.00e+00	0.00e+00	0.00e+00	0.00e+00	8.94e-01	5.30e-02	3.88e-02
 6.12818e+16	9.86e-01	1.35e-02	1.08e-07	0.00e+00	0.00e+00	0.00e+00	0.00e+00	0.00e+00	0.00e+00	8.95e-01	5.29e-02	3.87e-02
 6.12894e+16	9.87e-01	1.33e-02	1.05e-07	0.00e+00	0.00e+00	0.00e+00	0.00e+00	0.00e+00	0.00e+00	8.95e-01	5.28e-02	3.86e-02
 6.12969e+16	9.87e-01	1.30e-02	1.01e-07	0.00e+00	0.00e+00	0.00e+00	0.00e+00	0.00e+00	0.00e+00	8.96e-01	5.26e-02	3.85e-02
 6.13045e+16	9.87e-01	1.27e-02	9.76e-08	0.00e+00	0.00e+00	0.00e+00	0.00e+00	0.00e+00	0.00e+00	8.96e-01	5.24e-02	3.83e-02
 6.13122e+16	9.88e-01	1.24e-02	9.41e-08	0.00e+00	0.00e+00	0.00e+00	0.00e+00	0.00e+00	0.00e+00	8.97e-01	5.23e-02	3.82e-02
 6.13204e+16	9.88e-01	1.21e-02	9.04e-08	0.00e+00	0.00e+00	0.00e+00	0.00e+00	0.00e+00	0.00e+00	8.98e-01	5.21e-02	3.80e-02
 6.13290e+16	9.88e-01	1.18e-02	8.68e-08	0.00e+00	0.00e+00	0.00e+00	0.00e+00	0.00e+00	0.00e+00	8.98e-01	5.19e-02	3.79e-02
 6.13372e+16	9.89e-01	1.14e-02	8.34e-08	0.00e+00	0.00e+00	0.00e+00	0.00e+00	0.00e+00	0.00e+00	8.99e-01	5.17e-02	3.77e-02
 6.13445e+16	9.89e-01	1.12e-02	8.05e-08	0.00e+00	0.00e+00	0.00e+00	0.00e+00	0.00e+00	0.00e+00	9.00e-01	5.15e-02	3.75e-02
 6.13512e+16	9.89e-01	1.09e-02	7.78e-08	0.00e+00	0.00e+00	0.00e+00	0.00e+00	0.00e+00	0.00e+00	9.00e-01	5.13e-02	3.74e-02
 6.13577e+16	9.89e-01	1.06e-02	7.53e-08	0.00e+00	0.00e+00	0.00e+00	0.00e+00	0.00e+00	0.00e+00	9.01e-01	5.11e-02	3.72e-02
 6.13639e+16	9.90e-01	1.04e-02	7.29e-08	0.00e+00	0.00e+00	0.00e+00	0.00e+00	0.00e+00	0.00e+00	9.02e-01	5.09e-02	3.70e-02
 6.13698e+16	9.90e-01	1.02e-02	7.08e-08	0.00e+00	0.00e+00	0.00e+00	0.00e+00	0.00e+00	0.00e+00	9.02e-01	5.08e-02	3.69e-02
 6.13751e+16	9.90e-01	9.94e-03	6.88e-08	0.00e+00	0.00e+00	0.00e+00	0.00e+00	0.00e+00	0.00e+00	9.03e-01	5.06e-02	3.67e-02
 6.13800e+16	9.90e-01	9.74e-03	6.70e-08	0.00e+00	0.00e+00	0.00e+00	0.00e+00	0.00e+00	0.00e+00	9.03e-01	5.04e-02	3.66e-02
 6.13844e+16	9.90e-01	9.57e-03	6.54e-08	0.00e+00	0.00e+00	0.00e+00	0.00e+00	0.00e+00	0.00e+00	9.04e-01	5.03e-02	3.65e-02
 6.13884e+16	9.91e-01	9.42e-03	6.40e-08	0.00e+00	0.00e+00	0.00e+00	0.00e+00	0.00e+00	0.00e+00	9.04e-01	5.01e-02	3.63e-02
 6.13920e+16	9.91e-01	9.29e-03	6.28e-08	0.00e+00	0.00e+00	0.00e+00	0.00e+00	0.00e+00	0.00e+00	9.04e-01	5.00e-02	3.62e-02
 6.13954e+16	9.91e-01	9.16e-03	6.16e-08	0.00e+00	0.00e+00	0.00e+00	0.00e+00	0.00e+00	0.00e+00	9.05e-01	4.99e-02	3.61e-02
 6.13990e+16	9.91e-01	9.02e-03	6.03e-08	0.00e+00	0.00e+00	0.00e+00	0.00e+00	0.00e+00	0.00e+00	9.05e-01	4.98e-02	3.60e-02
 6.14029e+16	9.91e-01	8.88e-03	5.90e-08	0.00e+00	0.00e+00	0.00e+00	0.00e+00	0.00e+00	0.00e+00	9.06e-01	4.96e-02	3.59e-02
 6.14065e+16	9.91e-01	8.75e-03	5.78e-08	0.00e+00	0.00e+00	0.00e+00	0.00e+00	0.00e+00	0.00e+00	9.06e-01	4.94e-02	3.58e-02
 6.14098e+16	9.91e-01	8.63e-03	5.67e-08	0.00e+00	0.00e+00	0.00e+00	0.00e+00	0.00e+00	0.00e+00	9.06e-01	4.93e-02	3.57e-02
 6.14133e+16	9.91e-01	8.50e-03	5.54e-08	0.00e+00	0.00e+00	0.00e+00	0.00e+00	0.00e+00	0.00e+00	9.07e-01	4.91e-02	3.55e-02
 6.14172e+16	9.92e-01	8.36e-03	5.42e-08	0.00e+00	0.00e+00	0.00e+00	0.00e+00	0.00e+00	0.00e+00	9.07e-01	4.90e-02	3.54e-02
 6.14207e+16	9.92e-01	8.24e-03	5.30e-08	0.00e+00	0.00e+00	0.00e+00	0.00e+00	0.00e+00	0.00e+00	9.08e-01	4.88e-02	3.53e-02
 6.14239e+16	9.92e-01	8.13e-03	5.20e-08	0.00e+00	0.00e+00	0.00e+00	0.00e+00	0.00e+00	0.00e+00	9.08e-01	4.87e-02	3.52e-02
 6.14274e+16	9.92e-01	8.00e-03	5.08e-08	0.00e+00	0.00e+00	0.00e+00	0.00e+00	0.00e+00	0.00e+00	9.08e-01	4.85e-02	3.51e-02
 6.14311e+16	9.92e-01	7.87e-03	4.96e-08	0.00e+00	0.00e+00	0.00e+00	0.00e+00	0.00e+00	0.00e+00	9.09e-01	4.84e-02	3.49e-02
 6.14346e+16	9.92e-01	7.76e-03	4.85e-08	0.00e+00	0.00e+00	0.00e+00	0.00e+00	0.00e+00	0.00e+00	9.09e-01	4.82e-02	3.48e-02
 6.14377e+16	9.92e-01	7.66e-03	4.76e-08	0.00e+00	0.00e+00	0.00e+00	0.00e+00	0.00e+00	0.00e+00	9.10e-01	4.81e-02	3.47e-02
 6.14411e+16	9.92e-01	7.57e-03	4.66e-08	0.00e+00	0.00e+00	0.00e+00	0.00e+00	0.00e+00	0.00e+00	9.10e-01	4.80e-02	3.46e-02
 6.14456e+16	9.93e-01	7.45e-03	4.53e-08	0.00e+00	0.00e+00	0.00e+00	0.00e+00	0.00e+00	0.00e+00	9.10e-01	4.78e-02	3.45e-02
 6.14514e+16	9.93e-01	7.26e-03	4.35e-08	0.00e+00	0.00e+00	0.00e+00	0.00e+00	0.00e+00	0.00e+00	9.11e-01	4.76e-02	3.43e-02
