#depth	H	H+	H2
 7.21567e+11	8.82e-04	9.99e-01	3.79e-14
 4.32940e+12	8.81e-04	9.99e-01	3.79e-14
 1.87607e+13	8.81e-04	9.99e-01	3.79e-14
 7.64861e+13	8.80e-04	9.99e-01	3.80e-14
 1.82701e+14	8.76e-04	9.99e-01	3.83e-14
 3.20780e+14	8.72e-04	9.99e-01	3.86e-14
 5.00283e+14	8.68e-04	9.99e-01	3.90e-14
 7.33636e+14	8.66e-04	9.99e-01	3.97e-14
 1.03700e+15	8.64e-04	9.99e-01	4.05e-14
 1.43136e+15	8.64e-04	9.99e-01	4.16e-14
 1.94404e+15	8.67e-04	9.99e-01	4.32e-14
 2.61052e+15	8.74e-04	9.99e-01	4.54e-14
 3.47695e+15	8.88e-04	9.99e-01	4.84e-14
 4.60330e+15	9.11e-04	9.99e-01	5.26e-14
 6.06756e+15	9.49e-04	9.99e-01	5.86e-14
 7.97110e+15	1.01e-03	9.99e-01	6.74e-14
 1.04457e+16	1.11e-03	9.99e-01	8.10e-14
 1.32133e+16	1.23e-03	9.99e-01	9.88e-14
 1.58708e+16	1.37e-03	9.99e-01	1.20e-13
 1.86450e+16	1.57e-03	9.98e-01	1.46e-13
 2.11372e+16	1.77e-03	9.98e-01	1.75e-13
 2.32509e+16	1.99e-03	9.98e-01	2.05e-13
 2.55760e+16	2.27e-03	9.98e-01	2.44e-13
 2.81336e+16	2.65e-03	9.97e-01	2.95e-13
 2.99969e+16	3.00e-03	9.97e-01	3.49e-13
 3.08071e+16	3.17e-03	9.97e-01	3.75e-13
 3.14662e+16	3.31e-03	9.97e-01	3.96e-13
 3.23231e+16	3.52e-03	9.96e-01	4.25e-13
 3.34370e+16	3.81e-03	9.96e-01	4.65e-13
 3.45852e+16	4.15e-03	9.96e-01	5.16e-13
 3.55097e+16	4.46e-03	9.96e-01	5.63e-13
 3.63043e+16	4.75e-03	9.95e-01	6.07e-13
 3.71980e+16	5.11e-03	9.95e-01	6.59e-13
 3.81699e+16	5.54e-03	9.94e-01	7.25e-13
 3.90250e+16	5.98e-03	9.94e-01	7.94e-13
 3.97729e+16	6.39e-03	9.94e-01	8.59e-13
 4.06001e+16	6.91e-03	9.93e-01	9.39e-13
 4.14861e+16	7.51e-03	9.92e-01	1.03e-12
 4.22505e+16	8.11e-03	9.92e-01	1.13e-12
 4.29209e+16	8.68e-03	9.91e-01	1.23e-12
 4.36669e+16	9.42e-03	9.91e-01	1.35e-12
 4.44692e+16	1.03e-02	9.90e-01	1.51e-12
 4.51635e+16	1.12e-02	9.89e-01	1.66e-12
 4.57732e+16	1.20e-02	9.88e-01	1.81e-12
 4.64543e+16	1.31e-02	9.87e-01	2.00e-12
 4.71838e+16	1.45e-02	9.86e-01	2.24e-12
 4.78057e+16	1.58e-02	9.84e-01	2.49e-12
 4.83351e+16	1.71e-02	9.83e-01	2.73e-12
 4.89150e+16	1.87e-02	9.81e-01	3.04e-12
 4.95317e+16	2.07e-02	9.79e-01	3.42e-12
 5.00499e+16	2.27e-02	9.77e-01	3.80e-12
 5.04891e+16	2.45e-02	9.75e-01	4.17e-12
 5.09720e+16	2.69e-02	9.73e-01	4.65e-12
 5.14899e+16	3.00e-02	9.70e-01	5.28e-12
 5.19296e+16	3.30e-02	9.67e-01	5.92e-12
 5.23008e+16	3.60e-02	9.64e-01	6.55e-12
 5.27063e+16	3.98e-02	9.60e-01	7.37e-12
 5.31444e+16	4.47e-02	9.55e-01	8.45e-12
 5.35223e+16	4.98e-02	9.50e-01	9.59e-12
 5.38456e+16	5.49e-02	9.45e-01	1.08e-11
 5.42007e+16	6.14e-02	9.39e-01	1.23e-11
 5.45874e+16	7.03e-02	9.30e-01	1.45e-11
 5.49235e+16	7.98e-02	9.20e-01	1.68e-11
 5.51738e+16	8.83e-02	9.12e-01	1.90e-11
 5.53591e+16	9.52e-02	9.05e-01	2.08e-11
 5.55551e+16	1.04e-01	8.96e-01	2.32e-11
 5.57741e+16	1.15e-01	8.85e-01	2.62e-11
 5.59720e+16	1.26e-01	8.74e-01	2.96e-11
 5.61387e+16	1.37e-01	8.63e-01	3.26e-11
 5.63158e+16	1.50e-01	8.50e-01	3.66e-11
 5.65046e+16	1.66e-01	8.34e-01	4.17e-11
 5.66630e+16	1.81e-01	8.19e-01	4.67e-11
 5.67958e+16	1.95e-01	8.05e-01	5.13e-11
 5.69407e+16	2.12e-01	7.88e-01	5.75e-11
 5.70980e+16	2.33e-01	7.67e-01	6.51e-11
 5.72353e+16	2.53e-01	7.47e-01	7.28e-11
 5.73535e+16	2.72e-01	7.28e-01	8.02e-11
 5.74831e+16	2.94e-01	7.06e-01	9.00e-11
 5.76225e+16	3.20e-01	6.80e-01	1.01e-10
 5.77457e+16	3.46e-01	6.54e-01	1.13e-10
 5.78555e+16	3.69e-01	6.31e-01	1.25e-10
 5.79677e+16	3.94e-01	6.06e-01	1.39e-10
 5.80894e+16	4.24e-01	5.76e-01	1.55e-10
 5.82054e+16	4.53e-01	5.47e-01	1.73e-10
 5.83037e+16	4.78e-01	5.22e-01	1.90e-10
 5.83896e+16	5.01e-01	4.99e-01	2.06e-10
 5.84727e+16	5.23e-01	4.77e-01	2.23e-10
 5.85542e+16	5.45e-01	4.55e-01	2.41e-10
 5.86164e+16	5.61e-01	4.39e-01	2.55e-10
 5.86573e+16	5.71e-01	4.29e-01	2.64e-10
 5.86984e+16	5.82e-01	4.18e-01	2.75e-10
 5.87476e+16	5.96e-01	4.04e-01	2.88e-10
 5.87980e+16	6.09e-01	3.91e-01	3.02e-10
 5.88441e+16	6.22e-01	3.78e-01	3.16e-10
 5.88873e+16	6.33e-01	3.67e-01	3.28e-10
 5.89307e+16	6.45e-01	3.55e-01	3.43e-10
 5.89754e+16	6.57e-01	3.43e-01	3.57e-10
 5.90201e+16	6.69e-01	3.31e-01	3.73e-10
 5.90636e+16	6.80e-01	3.20e-01	3.89e-10
 5.91056e+16	6.91e-01	3.09e-01	4.05e-10
 5.91477e+16	7.02e-01	2.98e-01	4.22e-10
 5.91902e+16	7.13e-01	2.87e-01	4.39e-10
 5.92323e+16	7.23e-01	2.77e-01	4.58e-10
 5.92736e+16	7.33e-01	2.67e-01	4.76e-10
 5.93146e+16	7.43e-01	2.57e-01	4.96e-10
 5.93559e+16	7.53e-01	2.47e-01	5.16e-10
 5.93965e+16	7.63e-01	2.37e-01	5.37e-10
 5.94363e+16	7.72e-01	2.28e-01	5.58e-10
 5.94765e+16	7.81e-01	2.19e-01	5.82e-10
 5.95164e+16	7.89e-01	2.11e-01	6.03e-10
 5.95560e+16	7.98e-01	2.02e-01	6.29e-10
 5.95955e+16	8.06e-01	1.94e-01	6.55e-10
 5.96342e+16	8.14e-01	1.86e-01	6.81e-10
 5.96725e+16	8.22e-01	1.78e-01	7.07e-10
 5.97112e+16	8.29e-01	1.71e-01	7.37e-10
 5.97498e+16	8.37e-01	1.63e-01	7.68e-10
 5.97874e+16	8.43e-01	1.57e-01	7.97e-10
 5.98239e+16	8.50e-01	1.50e-01	8.31e-10
 5.98602e+16	8.56e-01	1.44e-01	8.61e-10
 5.98966e+16	8.62e-01	1.38e-01	8.98e-10
 5.99320e+16	8.68e-01	1.32e-01	9.35e-10
 5.99668e+16	8.73e-01	1.27e-01	9.72e-10
 6.00014e+16	8.78e-01	1.22e-01	1.01e-09
 6.00354e+16	8.83e-01	1.17e-01	1.05e-09
 6.00686e+16	8.88e-01	1.12e-01	1.09e-09
 6.01015e+16	8.93e-01	1.07e-01	1.14e-09
 6.01344e+16	8.97e-01	1.03e-01	1.18e-09
 6.01667e+16	9.01e-01	9.88e-02	1.23e-09
 6.01982e+16	9.05e-01	9.49e-02	1.29e-09
 6.02294e+16	9.09e-01	9.11e-02	1.34e-09
 6.02608e+16	9.13e-01	8.75e-02	1.39e-09
 6.02916e+16	9.16e-01	8.40e-02	1.45e-09
 6.03216e+16	9.19e-01	8.06e-02	1.52e-09
 6.03515e+16	9.23e-01	7.75e-02	1.58e-09
 6.03816e+16	9.26e-01	7.45e-02	1.64e-09
 6.04112e+16	9.29e-01	7.15e-02	1.72e-09
 6.04402e+16	9.31e-01	6.87e-02	1.80e-09
 6.04689e+16	9.34e-01	6.60e-02	1.88e-09
 6.04976e+16	9.37e-01	6.34e-02	1.99e-09
 6.05257e+16	9.39e-01	6.09e-02	2.09e-09
 6.05532e+16	9.41e-01	5.87e-02	2.17e-09
 6.05811e+16	9.44e-01	5.64e-02	2.29e-09
 6.06090e+16	9.46e-01	5.41e-02	2.42e-09
 6.06361e+16	9.48e-01	5.20e-02	2.56e-09
 6.06631e+16	9.50e-01	5.00e-02	2.71e-09
 6.06903e+16	9.52e-01	4.80e-02	2.87e-09
 6.07169e+16	9.54e-01	4.62e-02	3.04e-09
 6.07431e+16	9.56e-01	4.44e-02	3.22e-09
 6.07693e+16	9.57e-01	4.27e-02	3.43e-09
 6.07951e+16	9.59e-01	4.11e-02	3.67e-09
 6.08202e+16	9.60e-01	3.95e-02	3.92e-09
 6.08451e+16	9.62e-01	3.80e-02	4.22e-09
 6.08707e+16	9.63e-01	3.65e-02	4.56e-09
 6.08962e+16	9.65e-01	3.50e-02	4.95e-09
 6.09207e+16	9.66e-01	3.37e-02	5.40e-09
 6.09446e+16	9.68e-01	3.24e-02	5.93e-09
 6.09685e+16	9.69e-01	3.11e-02	6.53e-09
 6.09925e+16	9.70e-01	2.99e-02	7.24e-09
 6.10161e+16	9.71e-01	2.87e-02	8.09e-09
 6.10389e+16	9.72e-01	2.76e-02	9.08e-09
 6.10603e+16	9.73e-01	2.66e-02	1.02e-08
 6.10801e+16	9.74e-01	2.57e-02	1.14e-08
 6.10983e+16	9.75e-01	2.49e-02	1.28e-08
 6.11148e+16	9.76e-01	2.42e-02	1.44e-08
 6.11301e+16	9.76e-01	2.36e-02	1.60e-08
 6.11446e+16	9.77e-01	2.29e-02	1.80e-08
 6.11584e+16	9.78e-01	2.24e-02	2.02e-08
 6.11709e+16	9.78e-01	2.19e-02	2.26e-08
 6.11826e+16	9.79e-01	2.14e-02	2.52e-08
 6.11937e+16	9.79e-01	2.09e-02	2.81e-08
 6.12044e+16	9.80e-01	2.05e-02	3.15e-08
 6.12146e+16	9.80e-01	2.01e-02	3.52e-08
 6.12243e+16	9.80e-01	1.97e-02	3.93e-08
 6.12334e+16	9.81e-01	1.93e-02	4.39e-08
 6.12422e+16	9.81e-01	1.90e-02	4.90e-08
 6.12506e+16	9.81e-01	1.86e-02	5.46e-08
 6.12588e+16	9.82e-01	1.83e-02	6.09e-08
 6.12666e+16	9.82e-01	1.79e-02	6.78e-08
 6.12743e+16	9.82e-01	1.76e-02	7.54e-08
 6.12818e+16	9.83e-01	1.73e-02	8.38e-08
 6.12894e+16	9.83e-01	1.70e-02	9.31e-08
 6.12969e+16	9.83e-01	1.66e-02	1.03e-07
 6.13045e+16	9.84e-01	1.63e-02	1.14e-07
 6.13122e+16	9.84e-01	1.60e-02	1.26e-07
 6.13204e+16	9.84e-01	1.56e-02	1.39e-07
 6.13290e+16	9.85e-01	1.52e-02	1.52e-07
 6.13372e+16	9.85e-01	1.48e-02	1.63e-07
 6.13445e+16	9.86e-01	1.44e-02	1.72e-07
 6.13512e+16	9.86e-01	1.41e-02	1.79e-07
 6.13577e+16	9.86e-01	1.38e-02	1.85e-07
 6.13639e+16	9.86e-01	1.35e-02	1.90e-07
 6.13698e+16	9.87e-01	1.33e-02	1.94e-07
 6.13751e+16	9.87e-01	1.30e-02	1.98e-07
 6.13800e+16	9.87e-01	1.28e-02	2.01e-07
 6.13844e+16	9.87e-01	1.26e-02	2.04e-07
 6.13884e+16	9.88e-01	1.24e-02	2.07e-07
 6.13920e+16	9.88e-01	1.22e-02	2.09e-07
 6.13954e+16	9.88e-01	1.21e-02	2.11e-07
 6.13990e+16	9.88e-01	1.19e-02	2.13e-07
 6.14029e+16	9.88e-01	1.17e-02	2.16e-07
 6.14065e+16	9.88e-01	1.16e-02	2.18e-07
 6.14098e+16	9.89e-01	1.15e-02	2.20e-07
 6.14133e+16	9.89e-01	1.13e-02	2.23e-07
 6.14172e+16	9.89e-01	1.11e-02	2.26e-07
 6.14207e+16	9.89e-01	1.10e-02	2.29e-07
 6.14239e+16	9.89e-01	1.09e-02	2.31e-07
 6.14274e+16	9.89e-01	1.07e-02	2.34e-07
 6.14311e+16	9.89e-01	1.06e-02	2.38e-07
 6.14346e+16	9.90e-01	1.04e-02	2.41e-07
 6.14377e+16	9.90e-01	1.03e-02	2.43e-07
 6.14411e+16	9.90e-01	1.02e-02	2.45e-07
 6.14456e+16	9.90e-01	1.01e-02	2.48e-07
 6.14514e+16	9.90e-01	9.84e-03	2.54e-07
