#depth	He	He+	He+2
 7.21567e+11	4.87e-04	7.78e-01	2.22e-01
 4.32940e+12	4.87e-04	7.78e-01	2.22e-01
 1.87607e+13	4.88e-04	7.79e-01	2.21e-01
 7.64861e+13	4.92e-04	7.84e-01	2.16e-01
 1.82701e+14	4.95e-04	7.86e-01	2.14e-01
 3.20780e+14	5.03e-04	7.94e-01	2.06e-01
 5.00283e+14	5.15e-04	8.09e-01	1.91e-01
 7.33636e+14	5.33e-04	8.31e-01	1.69e-01
 1.03700e+15	5.57e-04	8.60e-01	1.39e-01
 1.43136e+15	5.87e-04	8.96e-01	1.04e-01
 1.94404e+15	6.21e-04	9.32e-01	6.72e-02
 2.61052e+15	6.55e-04	9.63e-01	3.63e-02
 3.47695e+15	6.88e-04	9.84e-01	1.58e-02
 4.60330e+15	7.21e-04	9.94e-01	5.40e-03
 6.06756e+15	7.59e-04	9.98e-01	1.46e-03
 7.97110e+15	8.08e-04	9.99e-01	3.17e-04
 1.04457e+16	8.77e-04	9.99e-01	5.65e-05
 1.32133e+16	9.57e-04	9.99e-01	1.06e-05
 1.58708e+16	1.04e-03	9.99e-01	2.67e-06
 1.86450e+16	1.14e-03	9.99e-01	7.78e-07
 2.11372e+16	1.23e-03	9.99e-01	2.95e-07
 2.32509e+16	1.33e-03	9.99e-01	1.39e-07
 2.55760e+16	1.44e-03	9.99e-01	6.53e-08
 2.81336e+16	1.59e-03	9.98e-01	3.04e-08
 2.99969e+16	1.70e-03	9.98e-01	1.88e-08
 3.08071e+16	1.75e-03	9.98e-01	1.54e-08
 3.14662e+16	1.80e-03	9.98e-01	1.29e-08
 3.23231e+16	1.87e-03	9.98e-01	1.02e-08
 3.34370e+16	1.96e-03	9.98e-01	7.69e-09
 3.45852e+16	2.07e-03	9.98e-01	5.86e-09
 3.55097e+16	2.16e-03	9.98e-01	4.74e-09
 3.63043e+16	2.24e-03	9.98e-01	3.96e-09
 3.71980e+16	2.35e-03	9.98e-01	3.22e-09
 3.81699e+16	2.47e-03	9.98e-01	2.61e-09
 3.90250e+16	2.58e-03	9.97e-01	2.18e-09
 3.97729e+16	2.70e-03	9.97e-01	1.87e-09
 4.06001e+16	2.84e-03	9.97e-01	1.57e-09
 4.14861e+16	3.00e-03	9.97e-01	1.32e-09
 4.22505e+16	3.15e-03	9.97e-01	1.15e-09
 4.29209e+16	3.30e-03	9.97e-01	1.01e-09
 4.36669e+16	3.49e-03	9.97e-01	8.79e-10
 4.44692e+16	3.71e-03	9.96e-01	7.62e-10
 4.51635e+16	3.93e-03	9.96e-01	6.78e-10
 4.57732e+16	4.14e-03	9.96e-01	6.13e-10
 4.64543e+16	4.41e-03	9.96e-01	5.46e-10
 4.71838e+16	4.74e-03	9.95e-01	4.87e-10
 4.78057e+16	5.05e-03	9.95e-01	4.44e-10
 4.83351e+16	5.36e-03	9.95e-01	4.11e-10
 4.89150e+16	5.75e-03	9.94e-01	3.76e-10
 4.95317e+16	6.22e-03	9.94e-01	3.46e-10
 5.00499e+16	6.67e-03	9.93e-01	3.24e-10
 5.04891e+16	7.11e-03	9.93e-01	3.07e-10
 5.09720e+16	7.67e-03	9.92e-01	2.89e-10
 5.14899e+16	8.36e-03	9.92e-01	2.73e-10
 5.19296e+16	9.06e-03	9.91e-01	2.60e-10
 5.23008e+16	9.73e-03	9.90e-01	2.51e-10
 5.27063e+16	1.06e-02	9.89e-01	2.42e-10
 5.31444e+16	1.17e-02	9.88e-01	2.33e-10
 5.35223e+16	1.28e-02	9.87e-01	2.28e-10
 5.38456e+16	1.39e-02	9.86e-01	2.26e-10
 5.42007e+16	1.54e-02	9.85e-01	2.26e-10
 5.45874e+16	1.74e-02	9.83e-01	2.26e-10
 5.49235e+16	1.94e-02	9.81e-01	2.29e-10
 5.51738e+16	2.13e-02	9.79e-01	2.33e-10
 5.53591e+16	2.28e-02	9.77e-01	2.40e-10
 5.55551e+16	2.48e-02	9.75e-01	2.47e-10
 5.57741e+16	2.72e-02	9.73e-01	2.56e-10
 5.59720e+16	2.99e-02	9.70e-01	2.66e-10
 5.61387e+16	3.23e-02	9.68e-01	2.82e-10
 5.63158e+16	3.54e-02	9.65e-01	3.02e-10
 5.65046e+16	3.91e-02	9.61e-01	3.25e-10
 5.66630e+16	4.28e-02	9.57e-01	3.48e-10
 5.67958e+16	4.63e-02	9.54e-01	3.74e-10
 5.69407e+16	5.07e-02	9.49e-01	4.07e-10
 5.70980e+16	5.61e-02	9.44e-01	4.51e-10
 5.72353e+16	6.15e-02	9.38e-01	4.94e-10
 5.73535e+16	6.67e-02	9.33e-01	5.45e-10
 5.74831e+16	7.37e-02	9.26e-01	6.01e-10
 5.76225e+16	8.15e-02	9.19e-01	6.88e-10
 5.77457e+16	8.98e-02	9.10e-01	7.65e-10
 5.78555e+16	9.79e-02	9.02e-01	8.59e-10
 5.79677e+16	1.07e-01	8.93e-01	9.63e-10
 5.80894e+16	1.19e-01	8.81e-01	1.10e-09
 5.82054e+16	1.31e-01	8.69e-01	1.25e-09
 5.83037e+16	1.43e-01	8.57e-01	1.40e-09
 5.83896e+16	1.54e-01	8.46e-01	1.53e-09
 5.84727e+16	1.66e-01	8.34e-01	1.69e-09
 5.85542e+16	1.79e-01	8.21e-01	1.85e-09
 5.86164e+16	1.89e-01	8.11e-01	1.99e-09
 5.86573e+16	1.96e-01	8.04e-01	2.08e-09
 5.86984e+16	2.04e-01	7.96e-01	2.17e-09
 5.87476e+16	2.14e-01	7.86e-01	2.29e-09
 5.87980e+16	2.23e-01	7.77e-01	2.43e-09
 5.88441e+16	2.33e-01	7.67e-01	2.56e-09
 5.88873e+16	2.43e-01	7.57e-01	2.69e-09
 5.89307e+16	2.53e-01	7.47e-01	2.82e-09
 5.89754e+16	2.63e-01	7.37e-01	2.98e-09
 5.90201e+16	2.74e-01	7.26e-01	3.13e-09
 5.90636e+16	2.85e-01	7.15e-01	3.28e-09
 5.91056e+16	2.96e-01	7.04e-01	3.44e-09
 5.91477e+16	3.08e-01	6.92e-01	3.59e-09
 5.91902e+16	3.20e-01	6.80e-01	3.77e-09
 5.92323e+16	3.32e-01	6.68e-01	3.93e-09
 5.92736e+16	3.44e-01	6.56e-01	4.12e-09
 5.93146e+16	3.57e-01	6.43e-01	4.30e-09
 5.93559e+16	3.70e-01	6.30e-01	4.48e-09
 5.93965e+16	3.83e-01	6.17e-01	4.66e-09
 5.94363e+16	3.97e-01	6.03e-01	4.86e-09
 5.94765e+16	4.11e-01	5.89e-01	5.04e-09
 5.95164e+16	4.24e-01	5.76e-01	5.25e-09
 5.95560e+16	4.38e-01	5.62e-01	5.44e-09
 5.95955e+16	4.53e-01	5.47e-01	5.63e-09
 5.96342e+16	4.67e-01	5.33e-01	5.82e-09
 5.96725e+16	4.81e-01	5.19e-01	6.02e-09
 5.97112e+16	4.96e-01	5.04e-01	6.22e-09
 5.97498e+16	5.11e-01	4.89e-01	6.41e-09
 5.97874e+16	5.25e-01	4.75e-01	6.61e-09
 5.98239e+16	5.39e-01	4.61e-01	6.78e-09
 5.98602e+16	5.54e-01	4.46e-01	6.98e-09
 5.98966e+16	5.68e-01	4.32e-01	7.16e-09
 5.99320e+16	5.82e-01	4.18e-01	7.32e-09
 5.99668e+16	5.95e-01	4.05e-01	7.49e-09
 6.00014e+16	6.09e-01	3.91e-01	7.66e-09
 6.00354e+16	6.22e-01	3.78e-01	7.81e-09
 6.00686e+16	6.35e-01	3.65e-01	7.95e-09
 6.01015e+16	6.48e-01	3.52e-01	8.09e-09
 6.01344e+16	6.60e-01	3.40e-01	8.24e-09
 6.01667e+16	6.72e-01	3.28e-01	8.37e-09
 6.01982e+16	6.84e-01	3.16e-01	8.48e-09
 6.02294e+16	6.96e-01	3.04e-01	8.59e-09
 6.02608e+16	7.07e-01	2.93e-01	8.71e-09
 6.02916e+16	7.18e-01	2.82e-01	8.82e-09
 6.03216e+16	7.29e-01	2.71e-01	8.90e-09
 6.03515e+16	7.39e-01	2.61e-01	8.98e-09
 6.03816e+16	7.49e-01	2.51e-01	9.09e-09
 6.04112e+16	7.59e-01	2.41e-01	9.16e-09
 6.04402e+16	7.69e-01	2.31e-01	9.23e-09
 6.04689e+16	7.78e-01	2.22e-01	9.29e-09
 6.04976e+16	7.87e-01	2.13e-01	9.35e-09
 6.05257e+16	7.95e-01	2.05e-01	9.40e-09
 6.05532e+16	8.03e-01	1.97e-01	9.44e-09
 6.05811e+16	8.11e-01	1.89e-01	9.48e-09
 6.06090e+16	8.19e-01	1.81e-01	9.51e-09
 6.06361e+16	8.26e-01	1.74e-01	9.51e-09
 6.06631e+16	8.34e-01	1.66e-01	9.53e-09
 6.06903e+16	8.40e-01	1.60e-01	9.55e-09
 6.07169e+16	8.47e-01	1.53e-01	9.56e-09
 6.07431e+16	8.53e-01	1.47e-01	9.57e-09
 6.07693e+16	8.59e-01	1.41e-01	9.57e-09
 6.07951e+16	8.65e-01	1.35e-01	9.59e-09
 6.08202e+16	8.71e-01	1.29e-01	9.57e-09
 6.08451e+16	8.76e-01	1.24e-01	9.54e-09
 6.08707e+16	8.81e-01	1.19e-01	9.51e-09
 6.08962e+16	8.86e-01	1.14e-01	9.50e-09
 6.09207e+16	8.91e-01	1.09e-01	9.47e-09
 6.09446e+16	8.95e-01	1.05e-01	9.43e-09
 6.09685e+16	9.00e-01	1.00e-01	9.38e-09
 6.09925e+16	9.04e-01	9.63e-02	9.34e-09
 6.10161e+16	9.08e-01	9.23e-02	9.29e-09
 6.10389e+16	9.11e-01	8.86e-02	9.24e-09
 6.10603e+16	9.15e-01	8.53e-02	9.18e-09
 6.10801e+16	9.18e-01	8.22e-02	9.12e-09
 6.10983e+16	9.20e-01	7.95e-02	9.05e-09
 6.11148e+16	9.23e-01	7.71e-02	8.98e-09
 6.11301e+16	9.25e-01	7.50e-02	8.92e-09
 6.11446e+16	9.27e-01	7.29e-02	8.84e-09
 6.11584e+16	9.29e-01	7.10e-02	8.77e-09
 6.11709e+16	9.31e-01	6.93e-02	8.70e-09
 6.11826e+16	9.32e-01	6.78e-02	8.64e-09
 6.11937e+16	9.34e-01	6.63e-02	8.57e-09
 6.12044e+16	9.35e-01	6.49e-02	8.50e-09
 6.12146e+16	9.36e-01	6.36e-02	8.44e-09
 6.12243e+16	9.38e-01	6.24e-02	8.38e-09
 6.12334e+16	9.39e-01	6.13e-02	8.32e-09
 6.12422e+16	9.40e-01	6.02e-02	8.26e-09
 6.12506e+16	9.41e-01	5.92e-02	8.20e-09
 6.12588e+16	9.42e-01	5.82e-02	8.14e-09
 6.12666e+16	9.43e-01	5.73e-02	8.08e-09
 6.12743e+16	9.44e-01	5.64e-02	8.02e-09
 6.12818e+16	9.44e-01	5.55e-02	7.96e-09
 6.12894e+16	9.45e-01	5.47e-02	7.90e-09
 6.12969e+16	9.46e-01	5.38e-02	7.83e-09
 6.13045e+16	9.47e-01	5.29e-02	7.76e-09
 6.13122e+16	9.48e-01	5.21e-02	7.69e-09
 6.13204e+16	9.49e-01	5.11e-02	7.60e-09
 6.13290e+16	9.50e-01	5.02e-02	7.52e-09
 6.13372e+16	9.51e-01	4.93e-02	7.43e-09
 6.13445e+16	9.51e-01	4.85e-02	7.35e-09
 6.13512e+16	9.52e-01	4.78e-02	7.27e-09
 6.13577e+16	9.53e-01	4.70e-02	7.18e-09
 6.13639e+16	9.54e-01	4.63e-02	7.10e-09
 6.13698e+16	9.54e-01	4.57e-02	7.03e-09
 6.13751e+16	9.55e-01	4.51e-02	6.95e-09
 6.13800e+16	9.55e-01	4.46e-02	6.87e-09
 6.13844e+16	9.56e-01	4.41e-02	6.81e-09
 6.13884e+16	9.56e-01	4.36e-02	6.75e-09
 6.13920e+16	9.57e-01	4.32e-02	6.69e-09
 6.13954e+16	9.57e-01	4.28e-02	6.64e-09
 6.13990e+16	9.58e-01	4.24e-02	6.58e-09
 6.14029e+16	9.58e-01	4.20e-02	6.52e-09
 6.14065e+16	9.58e-01	4.16e-02	6.47e-09
 6.14098e+16	9.59e-01	4.12e-02	6.42e-09
 6.14133e+16	9.59e-01	4.08e-02	6.36e-09
 6.14172e+16	9.60e-01	4.04e-02	6.30e-09
 6.14207e+16	9.60e-01	4.00e-02	6.24e-09
 6.14239e+16	9.60e-01	3.96e-02	6.19e-09
 6.14274e+16	9.61e-01	3.92e-02	6.14e-09
 6.14311e+16	9.61e-01	3.88e-02	6.08e-09
 6.14346e+16	9.62e-01	3.85e-02	6.03e-09
 6.14377e+16	9.62e-01	3.81e-02	5.98e-09
 6.14411e+16	9.62e-01	3.78e-02	5.94e-09
 6.14456e+16	9.63e-01	3.74e-02	5.90e-09
 6.14514e+16	9.63e-01	3.68e-02	5.82e-09
