#depth	He	He+	He+2
 2.76545e+11	1.47e-03	9.98e-01	5.69e-04
 1.65927e+12	1.47e-03	9.98e-01	5.69e-04
 7.19018e+12	1.47e-03	9.98e-01	5.65e-04
 2.93138e+13	1.47e-03	9.98e-01	5.46e-04
 7.00213e+13	1.47e-03	9.98e-01	5.36e-04
 1.22941e+14	1.48e-03	9.98e-01	5.06e-04
 1.91737e+14	1.48e-03	9.98e-01	4.57e-04
 2.81171e+14	1.49e-03	9.98e-01	3.90e-04
 3.97436e+14	1.50e-03	9.98e-01	3.10e-04
 5.48580e+14	1.51e-03	9.98e-01	2.24e-04
 7.45067e+14	1.53e-03	9.98e-01	1.44e-04
 1.00050e+15	1.55e-03	9.98e-01	7.95e-05
 1.33256e+15	1.58e-03	9.98e-01	3.68e-05
 1.76425e+15	1.63e-03	9.98e-01	1.37e-05
 2.32543e+15	1.68e-03	9.98e-01	3.93e-06
 3.05498e+15	1.76e-03	9.98e-01	8.39e-07
 4.00338e+15	1.87e-03	9.98e-01	1.30e-07
 5.05584e+15	2.00e-03	9.98e-01	1.89e-08
 6.02157e+15	2.13e-03	9.98e-01	4.02e-09
 6.87431e+15	2.25e-03	9.98e-01	1.20e-09
 7.64161e+15	2.37e-03	9.98e-01	4.56e-10
 8.36858e+15	2.50e-03	9.98e-01	2.02e-10
 9.09082e+15	2.64e-03	9.97e-01	1.01e-10
 9.78833e+15	2.78e-03	9.97e-01	5.92e-11
 1.04434e+16	2.93e-03	9.97e-01	4.06e-11
 1.10618e+16	3.09e-03	9.97e-01	3.15e-11
 1.16539e+16	3.25e-03	9.97e-01	2.66e-11
 1.22243e+16	3.42e-03	9.97e-01	2.39e-11
 1.27713e+16	3.60e-03	9.96e-01	2.23e-11
 1.32931e+16	3.79e-03	9.96e-01	2.14e-11
 1.37919e+16	3.99e-03	9.96e-01	2.09e-11
 1.42701e+16	4.20e-03	9.96e-01	2.05e-11
 1.47292e+16	4.43e-03	9.96e-01	2.04e-11
 1.51698e+16	4.68e-03	9.95e-01	2.03e-11
 1.55925e+16	4.95e-03	9.95e-01	2.04e-11
 1.59975e+16	5.23e-03	9.95e-01	2.04e-11
 1.63860e+16	5.54e-03	9.94e-01	2.05e-11
 1.67591e+16	5.87e-03	9.94e-01	2.08e-11
 1.71176e+16	6.24e-03	9.94e-01	2.09e-11
 1.74614e+16	6.63e-03	9.93e-01	2.13e-11
 1.77895e+16	7.07e-03	9.93e-01	2.16e-11
 1.80984e+16	7.54e-03	9.92e-01	2.18e-11
 1.83863e+16	8.04e-03	9.92e-01	2.22e-11
 1.86581e+16	8.60e-03	9.91e-01	2.26e-11
 1.89177e+16	9.21e-03	9.91e-01	2.31e-11
 1.91652e+16	9.88e-03	9.90e-01	2.37e-11
 1.93997e+16	1.06e-02	9.89e-01	2.43e-11
 1.96210e+16	1.15e-02	9.89e-01	2.50e-11
 1.98301e+16	1.24e-02	9.88e-01	2.59e-11
 2.00286e+16	1.34e-02	9.87e-01	2.68e-11
 2.02172e+16	1.46e-02	9.85e-01	2.80e-11
 2.03964e+16	1.60e-02	9.84e-01	2.93e-11
 2.05659e+16	1.75e-02	9.82e-01	3.09e-11
 2.07258e+16	1.93e-02	9.81e-01	3.35e-11
 2.08769e+16	2.14e-02	9.79e-01	3.65e-11
 2.10201e+16	2.38e-02	9.76e-01	4.01e-11
 2.11552e+16	2.66e-02	9.73e-01	4.43e-11
 2.12811e+16	3.00e-02	9.70e-01	4.98e-11
 2.13977e+16	3.39e-02	9.66e-01	5.70e-11
 2.14896e+16	3.77e-02	9.62e-01	6.37e-11
 2.15515e+16	4.08e-02	9.59e-01	6.98e-11
 2.16119e+16	4.45e-02	9.56e-01	7.72e-11
 2.16783e+16	4.89e-02	9.51e-01	8.91e-11
 2.17374e+16	5.37e-02	9.46e-01	1.02e-10
 2.17872e+16	5.82e-02	9.42e-01	1.17e-10
 2.18329e+16	6.32e-02	9.37e-01	1.31e-10
 2.18775e+16	6.88e-02	9.31e-01	1.49e-10
 2.19203e+16	7.48e-02	9.25e-01	1.70e-10
 2.19609e+16	8.13e-02	9.19e-01	1.94e-10
 2.19993e+16	8.84e-02	9.12e-01	2.22e-10
 2.20361e+16	9.59e-02	9.04e-01	2.54e-10
 2.20718e+16	1.04e-01	8.96e-01	2.90e-10
 2.21063e+16	1.13e-01	8.87e-01	3.32e-10
 2.21398e+16	1.23e-01	8.77e-01	3.79e-10
 2.21724e+16	1.33e-01	8.67e-01	4.32e-10
 2.22043e+16	1.45e-01	8.55e-01	4.92e-10
 2.22348e+16	1.57e-01	8.43e-01	5.57e-10
 2.22628e+16	1.68e-01	8.32e-01	6.29e-10
 2.22878e+16	1.80e-01	8.20e-01	6.95e-10
 2.23113e+16	1.92e-01	8.08e-01	7.61e-10
 2.23351e+16	2.04e-01	7.96e-01	8.37e-10
 2.23546e+16	2.15e-01	7.85e-01	9.05e-10
 2.23676e+16	2.22e-01	7.78e-01	9.49e-10
 2.23796e+16	2.30e-01	7.70e-01	9.92e-10
 2.23933e+16	2.39e-01	7.61e-01	1.04e-09
 2.24082e+16	2.48e-01	7.52e-01	1.11e-09
 2.24229e+16	2.59e-01	7.41e-01	1.17e-09
 2.24369e+16	2.68e-01	7.32e-01	1.23e-09
 2.24506e+16	2.78e-01	7.22e-01	1.29e-09
 2.24646e+16	2.89e-01	7.11e-01	1.36e-09
 2.24787e+16	3.00e-01	7.00e-01	1.43e-09
 2.24926e+16	3.11e-01	6.89e-01	1.50e-09
 2.25065e+16	3.22e-01	6.78e-01	1.57e-09
 2.25205e+16	3.34e-01	6.66e-01	1.65e-09
 2.25341e+16	3.46e-01	6.54e-01	1.72e-09
 2.25477e+16	3.58e-01	6.42e-01	1.81e-09
 2.25615e+16	3.71e-01	6.29e-01	1.88e-09
 2.25753e+16	3.83e-01	6.17e-01	1.97e-09
 2.25890e+16	3.96e-01	6.04e-01	2.05e-09
 2.26026e+16	4.09e-01	5.91e-01	2.14e-09
 2.26163e+16	4.22e-01	5.78e-01	2.22e-09
 2.26300e+16	4.36e-01	5.64e-01	2.31e-09
 2.26436e+16	4.50e-01	5.50e-01	2.40e-09
 2.26570e+16	4.63e-01	5.37e-01	2.48e-09
 2.26706e+16	4.78e-01	5.22e-01	2.57e-09
 2.26842e+16	4.91e-01	5.09e-01	2.66e-09
 2.26976e+16	5.06e-01	4.94e-01	2.75e-09
 2.27110e+16	5.20e-01	4.80e-01	2.83e-09
 2.27244e+16	5.34e-01	4.66e-01	2.92e-09
 2.27377e+16	5.48e-01	4.52e-01	3.01e-09
 2.27509e+16	5.62e-01	4.38e-01	3.09e-09
 2.27639e+16	5.76e-01	4.24e-01	3.17e-09
 2.27767e+16	5.90e-01	4.10e-01	3.25e-09
 2.27895e+16	6.03e-01	3.97e-01	3.32e-09
 2.28021e+16	6.16e-01	3.84e-01	3.40e-09
 2.28146e+16	6.29e-01	3.71e-01	3.46e-09
 2.28269e+16	6.42e-01	3.58e-01	3.53e-09
 2.28392e+16	6.54e-01	3.46e-01	3.60e-09
 2.28513e+16	6.67e-01	3.33e-01	3.66e-09
 2.28632e+16	6.79e-01	3.21e-01	3.71e-09
 2.28751e+16	6.90e-01	3.10e-01	3.76e-09
 2.28870e+16	7.02e-01	2.98e-01	3.81e-09
 2.28988e+16	7.13e-01	2.87e-01	3.87e-09
 2.29104e+16	7.24e-01	2.76e-01	3.91e-09
 2.29219e+16	7.34e-01	2.66e-01	3.95e-09
 2.29334e+16	7.45e-01	2.55e-01	3.98e-09
 2.29449e+16	7.55e-01	2.45e-01	4.02e-09
 2.29562e+16	7.64e-01	2.36e-01	4.05e-09
 2.29673e+16	7.74e-01	2.26e-01	4.08e-09
 2.29785e+16	7.83e-01	2.17e-01	4.10e-09
 2.29897e+16	7.92e-01	2.08e-01	4.12e-09
 2.30008e+16	8.00e-01	2.00e-01	4.13e-09
 2.30119e+16	8.09e-01	1.91e-01	4.16e-09
 2.30229e+16	8.17e-01	1.83e-01	4.17e-09
 2.30337e+16	8.24e-01	1.76e-01	4.17e-09
 2.30444e+16	8.32e-01	1.68e-01	4.18e-09
 2.30552e+16	8.39e-01	1.61e-01	4.17e-09
 2.30663e+16	8.46e-01	1.54e-01	4.18e-09
 2.30771e+16	8.53e-01	1.47e-01	4.18e-09
 2.30874e+16	8.59e-01	1.41e-01	4.17e-09
 2.30980e+16	8.65e-01	1.35e-01	4.17e-09
 2.31088e+16	8.71e-01	1.29e-01	4.15e-09
 2.31192e+16	8.77e-01	1.23e-01	4.13e-09
 2.31298e+16	8.83e-01	1.17e-01	4.11e-09
 2.31405e+16	8.88e-01	1.12e-01	4.09e-09
 2.31511e+16	8.93e-01	1.07e-01	4.07e-09
 2.31614e+16	8.98e-01	1.02e-01	4.06e-09
 2.31714e+16	9.02e-01	9.77e-02	4.05e-09
 2.31812e+16	9.07e-01	9.35e-02	4.02e-09
 2.31912e+16	9.11e-01	8.92e-02	4.00e-09
 2.32015e+16	9.15e-01	8.50e-02	3.96e-09
 2.32117e+16	9.19e-01	8.11e-02	3.93e-09
 2.32216e+16	9.23e-01	7.74e-02	3.90e-09
 2.32313e+16	9.26e-01	7.40e-02	3.87e-09
 2.32410e+16	9.29e-01	7.07e-02	3.83e-09
 2.32507e+16	9.32e-01	6.75e-02	3.80e-09
 2.32602e+16	9.35e-01	6.46e-02	3.77e-09
 2.32695e+16	9.38e-01	6.17e-02	3.74e-09
 2.32787e+16	9.41e-01	5.91e-02	3.70e-09
 2.32878e+16	9.43e-01	5.66e-02	3.66e-09
 2.32968e+16	9.46e-01	5.42e-02	3.63e-09
 2.33056e+16	9.48e-01	5.20e-02	3.60e-09
 2.33141e+16	9.50e-01	4.98e-02	3.55e-09
 2.33224e+16	9.52e-01	4.78e-02	3.51e-09
 2.33307e+16	9.54e-01	4.59e-02	3.47e-09
 2.33389e+16	9.56e-01	4.41e-02	3.42e-09
 2.33469e+16	9.58e-01	4.24e-02	3.37e-09
 2.33541e+16	9.59e-01	4.09e-02	3.32e-09
 2.33605e+16	9.60e-01	3.96e-02	3.28e-09
 2.33662e+16	9.62e-01	3.84e-02	3.23e-09
 2.33714e+16	9.63e-01	3.74e-02	3.18e-09
 2.33763e+16	9.64e-01	3.64e-02	3.14e-09
 2.33809e+16	9.64e-01	3.56e-02	3.10e-09
 2.33852e+16	9.65e-01	3.48e-02	3.05e-09
 2.33892e+16	9.66e-01	3.40e-02	3.01e-09
 2.33929e+16	9.67e-01	3.33e-02	2.97e-09
 2.33964e+16	9.67e-01	3.26e-02	2.93e-09
 2.33998e+16	9.68e-01	3.20e-02	2.89e-09
 2.34029e+16	9.69e-01	3.14e-02	2.85e-09
 2.34058e+16	9.69e-01	3.09e-02	2.81e-09
 2.34084e+16	9.70e-01	3.05e-02	2.78e-09
 2.34108e+16	9.70e-01	3.00e-02	2.75e-09
 2.34130e+16	9.70e-01	2.97e-02	2.73e-09
 2.34149e+16	9.71e-01	2.93e-02	2.70e-09
 2.34167e+16	9.71e-01	2.90e-02	2.68e-09
 2.34187e+16	9.71e-01	2.86e-02	2.65e-09
 2.34212e+16	9.72e-01	2.82e-02	2.62e-09
 2.34240e+16	9.72e-01	2.77e-02	2.59e-09
