#depth	O	O+	O+2	O+3	O+4	O+5	O+6	O+7	O+8	O[1]	O[2]	O[3]
 2.76545e+11	2.64e-05	3.88e-02	9.61e-01	2.14e-04	0.00e+00	0.00e+00	0.00e+00	0.00e+00	0.00e+00	1.73e-05	6.38e-06	2.72e-06
 1.65927e+12	2.64e-05	3.88e-02	9.61e-01	2.13e-04	0.00e+00	0.00e+00	0.00e+00	0.00e+00	0.00e+00	1.73e-05	6.38e-06	2.72e-06
 7.19018e+12	2.64e-05	3.88e-02	9.61e-01	2.10e-04	0.00e+00	0.00e+00	0.00e+00	0.00e+00	0.00e+00	1.73e-05	6.39e-06	2.72e-06
 2.93138e+13	2.65e-05	3.89e-02	9.61e-01	1.98e-04	0.00e+00	0.00e+00	0.00e+00	0.00e+00	0.00e+00	1.73e-05	6.41e-06	2.73e-06
 7.00213e+13	2.64e-05	3.90e-02	9.61e-01	1.82e-04	0.00e+00	0.00e+00	0.00e+00	0.00e+00	0.00e+00	1.73e-05	6.41e-06	2.73e-06
 1.22941e+14	2.65e-05	3.91e-02	9.61e-01	1.62e-04	0.00e+00	0.00e+00	0.00e+00	0.00e+00	0.00e+00	1.73e-05	6.42e-06	2.73e-06
 1.91737e+14	2.66e-05	3.93e-02	9.61e-01	1.40e-04	0.00e+00	0.00e+00	0.00e+00	0.00e+00	0.00e+00	1.74e-05	6.45e-06	2.75e-06
 2.81171e+14	2.68e-05	3.95e-02	9.60e-01	1.14e-04	0.00e+00	0.00e+00	0.00e+00	0.00e+00	0.00e+00	1.75e-05	6.49e-06	2.76e-06
 3.97436e+14	2.70e-05	3.99e-02	9.60e-01	8.76e-05	0.00e+00	0.00e+00	0.00e+00	0.00e+00	0.00e+00	1.77e-05	6.55e-06	2.79e-06
 5.48580e+14	2.75e-05	4.03e-02	9.60e-01	6.18e-05	0.00e+00	0.00e+00	0.00e+00	0.00e+00	0.00e+00	1.80e-05	6.65e-06	2.84e-06
 7.45067e+14	2.81e-05	4.08e-02	9.59e-01	3.92e-05	0.00e+00	0.00e+00	0.00e+00	0.00e+00	0.00e+00	1.84e-05	6.80e-06	2.90e-06
 1.00050e+15	2.90e-05	4.16e-02	9.58e-01	2.18e-05	0.00e+00	0.00e+00	0.00e+00	0.00e+00	0.00e+00	1.90e-05	7.02e-06	3.00e-06
 1.33256e+15	3.04e-05	4.26e-02	9.57e-01	1.03e-05	0.00e+00	0.00e+00	0.00e+00	0.00e+00	0.00e+00	1.99e-05	7.34e-06	3.14e-06
 1.76425e+15	3.24e-05	4.40e-02	9.56e-01	4.06e-06	0.00e+00	0.00e+00	0.00e+00	0.00e+00	0.00e+00	2.12e-05	7.82e-06	3.34e-06
 2.32543e+15	3.53e-05	4.59e-02	9.54e-01	1.37e-06	0.00e+00	0.00e+00	0.00e+00	0.00e+00	0.00e+00	2.31e-05	8.53e-06	3.65e-06
 3.05498e+15	3.98e-05	4.84e-02	9.52e-01	4.73e-07	0.00e+00	0.00e+00	0.00e+00	0.00e+00	0.00e+00	2.61e-05	9.61e-06	4.12e-06
 4.00338e+15	4.71e-05	5.21e-02	9.48e-01	2.38e-07	0.00e+00	0.00e+00	0.00e+00	0.00e+00	0.00e+00	3.08e-05	1.13e-05	4.87e-06
 5.05584e+15	5.64e-05	5.64e-02	9.44e-01	1.78e-07	0.00e+00	0.00e+00	0.00e+00	0.00e+00	0.00e+00	3.70e-05	1.36e-05	5.84e-06
 6.02157e+15	6.72e-05	6.06e-02	9.39e-01	1.53e-07	0.00e+00	0.00e+00	0.00e+00	0.00e+00	0.00e+00	4.40e-05	1.62e-05	6.95e-06
 6.87431e+15	7.92e-05	6.49e-02	9.35e-01	1.38e-07	0.00e+00	0.00e+00	0.00e+00	0.00e+00	0.00e+00	5.19e-05	1.91e-05	8.19e-06
 7.64161e+15	9.26e-05	6.91e-02	9.31e-01	0.00e+00	0.00e+00	0.00e+00	0.00e+00	0.00e+00	0.00e+00	6.07e-05	2.23e-05	9.58e-06
 8.36858e+15	1.08e-04	7.35e-02	9.26e-01	0.00e+00	0.00e+00	0.00e+00	0.00e+00	0.00e+00	0.00e+00	7.10e-05	2.61e-05	1.12e-05
 9.09082e+15	1.28e-04	7.85e-02	9.21e-01	0.00e+00	0.00e+00	0.00e+00	0.00e+00	0.00e+00	0.00e+00	8.36e-05	3.07e-05	1.32e-05
 9.78833e+15	1.50e-04	8.38e-02	9.16e-01	0.00e+00	0.00e+00	0.00e+00	0.00e+00	0.00e+00	0.00e+00	9.86e-05	3.62e-05	1.55e-05
 1.04434e+16	1.77e-04	8.93e-02	9.11e-01	0.00e+00	0.00e+00	0.00e+00	0.00e+00	0.00e+00	0.00e+00	1.16e-04	4.26e-05	1.83e-05
 1.10618e+16	2.08e-04	9.52e-02	9.05e-01	0.00e+00	0.00e+00	0.00e+00	0.00e+00	0.00e+00	0.00e+00	1.36e-04	5.01e-05	2.14e-05
 1.16539e+16	2.44e-04	1.02e-01	8.98e-01	0.00e+00	0.00e+00	0.00e+00	0.00e+00	0.00e+00	0.00e+00	1.60e-04	5.89e-05	2.52e-05
 1.22243e+16	2.88e-04	1.09e-01	8.91e-01	0.00e+00	0.00e+00	0.00e+00	0.00e+00	0.00e+00	0.00e+00	1.88e-04	6.95e-05	2.97e-05
 1.27713e+16	3.39e-04	1.16e-01	8.84e-01	0.00e+00	0.00e+00	0.00e+00	0.00e+00	0.00e+00	0.00e+00	2.22e-04	8.20e-05	3.50e-05
 1.32931e+16	4.00e-04	1.24e-01	8.75e-01	0.00e+00	0.00e+00	0.00e+00	0.00e+00	0.00e+00	0.00e+00	2.62e-04	9.69e-05	4.13e-05
 1.37919e+16	4.73e-04	1.33e-01	8.66e-01	0.00e+00	0.00e+00	0.00e+00	0.00e+00	0.00e+00	0.00e+00	3.10e-04	1.15e-04	4.88e-05
 1.42701e+16	5.61e-04	1.43e-01	8.56e-01	0.00e+00	0.00e+00	0.00e+00	0.00e+00	0.00e+00	0.00e+00	3.67e-04	1.36e-04	5.78e-05
 1.47292e+16	6.66e-04	1.54e-01	8.46e-01	0.00e+00	0.00e+00	0.00e+00	0.00e+00	0.00e+00	0.00e+00	4.36e-04	1.62e-04	6.86e-05
 1.51698e+16	7.94e-04	1.66e-01	8.34e-01	0.00e+00	0.00e+00	0.00e+00	0.00e+00	0.00e+00	0.00e+00	5.19e-04	1.93e-04	8.17e-05
 1.55925e+16	9.48e-04	1.79e-01	8.20e-01	0.00e+00	0.00e+00	0.00e+00	0.00e+00	0.00e+00	0.00e+00	6.20e-04	2.30e-04	9.75e-05
 1.59975e+16	1.13e-03	1.93e-01	8.06e-01	0.00e+00	0.00e+00	0.00e+00	0.00e+00	0.00e+00	0.00e+00	7.41e-04	2.76e-04	1.17e-04
 1.63860e+16	1.36e-03	2.09e-01	7.89e-01	0.00e+00	0.00e+00	0.00e+00	0.00e+00	0.00e+00	0.00e+00	8.91e-04	3.32e-04	1.40e-04
 1.67591e+16	1.64e-03	2.27e-01	7.72e-01	0.00e+00	0.00e+00	0.00e+00	0.00e+00	0.00e+00	0.00e+00	1.07e-03	4.00e-04	1.68e-04
 1.71176e+16	1.98e-03	2.46e-01	7.52e-01	0.00e+00	0.00e+00	0.00e+00	0.00e+00	0.00e+00	0.00e+00	1.30e-03	4.84e-04	2.04e-04
 1.74614e+16	2.40e-03	2.68e-01	7.30e-01	0.00e+00	0.00e+00	0.00e+00	0.00e+00	0.00e+00	0.00e+00	1.57e-03	5.85e-04	2.46e-04
 1.77895e+16	2.92e-03	2.91e-01	7.06e-01	0.00e+00	0.00e+00	0.00e+00	0.00e+00	0.00e+00	0.00e+00	1.91e-03	7.11e-04	2.99e-04
 1.80984e+16	3.54e-03	3.16e-01	6.80e-01	0.00e+00	0.00e+00	0.00e+00	0.00e+00	0.00e+00	0.00e+00	2.31e-03	8.63e-04	3.63e-04
 1.83863e+16	4.28e-03	3.43e-01	6.52e-01	0.00e+00	0.00e+00	0.00e+00	0.00e+00	0.00e+00	0.00e+00	2.80e-03	1.04e-03	4.38e-04
 1.86581e+16	5.18e-03	3.72e-01	6.23e-01	0.00e+00	0.00e+00	0.00e+00	0.00e+00	0.00e+00	0.00e+00	3.38e-03	1.26e-03	5.29e-04
 1.89177e+16	6.27e-03	4.02e-01	5.91e-01	0.00e+00	0.00e+00	0.00e+00	0.00e+00	0.00e+00	0.00e+00	4.10e-03	1.53e-03	6.40e-04
 1.91652e+16	7.60e-03	4.35e-01	5.58e-01	0.00e+00	0.00e+00	0.00e+00	0.00e+00	0.00e+00	0.00e+00	4.97e-03	1.85e-03	7.75e-04
 1.93997e+16	9.21e-03	4.69e-01	5.22e-01	0.00e+00	0.00e+00	0.00e+00	0.00e+00	0.00e+00	0.00e+00	6.02e-03	2.24e-03	9.39e-04
 1.96210e+16	1.12e-02	5.04e-01	4.85e-01	0.00e+00	0.00e+00	0.00e+00	0.00e+00	0.00e+00	0.00e+00	7.30e-03	2.71e-03	1.14e-03
 1.98301e+16	1.35e-02	5.40e-01	4.47e-01	0.00e+00	0.00e+00	0.00e+00	0.00e+00	0.00e+00	0.00e+00	8.83e-03	3.28e-03	1.37e-03
 2.00286e+16	1.63e-02	5.76e-01	4.07e-01	0.00e+00	0.00e+00	0.00e+00	0.00e+00	0.00e+00	0.00e+00	1.07e-02	3.97e-03	1.66e-03
 2.02172e+16	1.98e-02	6.13e-01	3.67e-01	0.00e+00	0.00e+00	0.00e+00	0.00e+00	0.00e+00	0.00e+00	1.30e-02	4.80e-03	2.01e-03
 2.03964e+16	2.40e-02	6.49e-01	3.27e-01	0.00e+00	0.00e+00	0.00e+00	0.00e+00	0.00e+00	0.00e+00	1.57e-02	5.82e-03	2.44e-03
 2.05659e+16	2.91e-02	6.83e-01	2.88e-01	0.00e+00	0.00e+00	0.00e+00	0.00e+00	0.00e+00	0.00e+00	1.90e-02	7.04e-03	2.95e-03
 2.07258e+16	3.52e-02	7.15e-01	2.49e-01	0.00e+00	0.00e+00	0.00e+00	0.00e+00	0.00e+00	0.00e+00	2.31e-02	8.52e-03	3.57e-03
 2.08769e+16	4.26e-02	7.45e-01	2.13e-01	0.00e+00	0.00e+00	0.00e+00	0.00e+00	0.00e+00	0.00e+00	2.80e-02	1.03e-02	4.33e-03
 2.10201e+16	5.17e-02	7.70e-01	1.78e-01	0.00e+00	0.00e+00	0.00e+00	0.00e+00	0.00e+00	0.00e+00	3.39e-02	1.25e-02	5.24e-03
 2.11552e+16	6.29e-02	7.90e-01	1.47e-01	0.00e+00	0.00e+00	0.00e+00	0.00e+00	0.00e+00	0.00e+00	4.13e-02	1.51e-02	6.37e-03
 2.12811e+16	7.64e-02	8.05e-01	1.19e-01	0.00e+00	0.00e+00	0.00e+00	0.00e+00	0.00e+00	0.00e+00	5.03e-02	1.84e-02	7.74e-03
 2.13977e+16	9.27e-02	8.13e-01	9.43e-02	0.00e+00	0.00e+00	0.00e+00	0.00e+00	0.00e+00	0.00e+00	6.11e-02	2.22e-02	9.39e-03
 2.14896e+16	1.09e-01	8.14e-01	7.65e-02	0.00e+00	0.00e+00	0.00e+00	0.00e+00	0.00e+00	0.00e+00	7.20e-02	2.60e-02	1.10e-02
 2.15515e+16	1.23e-01	8.12e-01	6.53e-02	0.00e+00	0.00e+00	0.00e+00	0.00e+00	0.00e+00	0.00e+00	8.10e-02	2.92e-02	1.24e-02
 2.16119e+16	1.38e-01	8.07e-01	5.51e-02	0.00e+00	0.00e+00	0.00e+00	0.00e+00	0.00e+00	0.00e+00	9.13e-02	3.27e-02	1.39e-02
 2.16783e+16	1.57e-01	7.98e-01	4.52e-02	0.00e+00	0.00e+00	0.00e+00	0.00e+00	0.00e+00	0.00e+00	1.04e-01	3.71e-02	1.59e-02
 2.17374e+16	1.78e-01	7.85e-01	3.72e-02	0.00e+00	0.00e+00	0.00e+00	0.00e+00	0.00e+00	0.00e+00	1.18e-01	4.17e-02	1.79e-02
 2.17872e+16	1.97e-01	7.72e-01	3.12e-02	0.00e+00	0.00e+00	0.00e+00	0.00e+00	0.00e+00	0.00e+00	1.31e-01	4.60e-02	1.98e-02
 2.18329e+16	2.18e-01	7.56e-01	2.61e-02	0.00e+00	0.00e+00	0.00e+00	0.00e+00	0.00e+00	0.00e+00	1.45e-01	5.06e-02	2.19e-02
 2.18775e+16	2.40e-01	7.38e-01	2.17e-02	0.00e+00	0.00e+00	0.00e+00	0.00e+00	0.00e+00	0.00e+00	1.60e-01	5.55e-02	2.41e-02
 2.19203e+16	2.64e-01	7.18e-01	1.80e-02	0.00e+00	0.00e+00	0.00e+00	0.00e+00	0.00e+00	0.00e+00	1.77e-01	6.06e-02	2.65e-02
 2.19609e+16	2.89e-01	6.96e-01	1.49e-02	0.00e+00	0.00e+00	0.00e+00	0.00e+00	0.00e+00	0.00e+00	1.94e-01	6.59e-02	2.89e-02
 2.19993e+16	3.14e-01	6.73e-01	1.23e-02	0.00e+00	0.00e+00	0.00e+00	0.00e+00	0.00e+00	0.00e+00	2.12e-01	7.11e-02	3.14e-02
 2.20361e+16	3.41e-01	6.49e-01	1.01e-02	0.00e+00	0.00e+00	0.00e+00	0.00e+00	0.00e+00	0.00e+00	2.30e-01	7.64e-02	3.39e-02
 2.20718e+16	3.68e-01	6.24e-01	8.33e-03	0.00e+00	0.00e+00	0.00e+00	0.00e+00	0.00e+00	0.00e+00	2.49e-01	8.18e-02	3.65e-02
 2.21063e+16	3.95e-01	5.98e-01	6.84e-03	0.00e+00	0.00e+00	0.00e+00	0.00e+00	0.00e+00	0.00e+00	2.69e-01	8.70e-02	3.91e-02
 2.21398e+16	4.23e-01	5.71e-01	5.59e-03	0.00e+00	0.00e+00	0.00e+00	0.00e+00	0.00e+00	0.00e+00	2.89e-01	9.22e-02	4.18e-02
 2.21724e+16	4.51e-01	5.44e-01	4.57e-03	0.00e+00	0.00e+00	0.00e+00	0.00e+00	0.00e+00	0.00e+00	3.10e-01	9.72e-02	4.44e-02
 2.22043e+16	4.80e-01	5.17e-01	3.71e-03	0.00e+00	0.00e+00	0.00e+00	0.00e+00	0.00e+00	0.00e+00	3.31e-01	1.02e-01	4.69e-02
 2.22348e+16	5.07e-01	4.90e-01	3.03e-03	0.00e+00	0.00e+00	0.00e+00	0.00e+00	0.00e+00	0.00e+00	3.51e-01	1.06e-01	4.94e-02
 2.22628e+16	5.32e-01	4.66e-01	2.50e-03	0.00e+00	0.00e+00	0.00e+00	0.00e+00	0.00e+00	0.00e+00	3.70e-01	1.10e-01	5.15e-02
 2.22878e+16	5.54e-01	4.44e-01	2.10e-03	0.00e+00	0.00e+00	0.00e+00	0.00e+00	0.00e+00	0.00e+00	3.87e-01	1.13e-01	5.34e-02
 2.23113e+16	5.75e-01	4.23e-01	1.77e-03	0.00e+00	0.00e+00	0.00e+00	0.00e+00	0.00e+00	0.00e+00	4.04e-01	1.16e-01	5.51e-02
 2.23351e+16	5.96e-01	4.02e-01	1.48e-03	0.00e+00	0.00e+00	0.00e+00	0.00e+00	0.00e+00	0.00e+00	4.21e-01	1.18e-01	5.68e-02
 2.23546e+16	6.12e-01	3.86e-01	1.29e-03	0.00e+00	0.00e+00	0.00e+00	0.00e+00	0.00e+00	0.00e+00	4.34e-01	1.20e-01	5.81e-02
 2.23676e+16	6.23e-01	3.75e-01	1.17e-03	0.00e+00	0.00e+00	0.00e+00	0.00e+00	0.00e+00	0.00e+00	4.43e-01	1.21e-01	5.89e-02
 2.23796e+16	6.34e-01	3.65e-01	1.07e-03	0.00e+00	0.00e+00	0.00e+00	0.00e+00	0.00e+00	0.00e+00	4.51e-01	1.22e-01	5.97e-02
 2.23933e+16	6.46e-01	3.54e-01	9.57e-04	0.00e+00	0.00e+00	0.00e+00	0.00e+00	0.00e+00	0.00e+00	4.61e-01	1.24e-01	6.06e-02
 2.24082e+16	6.58e-01	3.42e-01	8.52e-04	0.00e+00	0.00e+00	0.00e+00	0.00e+00	0.00e+00	0.00e+00	4.71e-01	1.25e-01	6.14e-02
 2.24229e+16	6.70e-01	3.29e-01	7.57e-04	0.00e+00	0.00e+00	0.00e+00	0.00e+00	0.00e+00	0.00e+00	4.82e-01	1.26e-01	6.23e-02
 2.24369e+16	6.81e-01	3.18e-01	6.76e-04	0.00e+00	0.00e+00	0.00e+00	0.00e+00	0.00e+00	0.00e+00	4.92e-01	1.26e-01	6.30e-02
 2.24506e+16	6.92e-01	3.07e-01	6.04e-04	0.00e+00	0.00e+00	0.00e+00	0.00e+00	0.00e+00	0.00e+00	5.01e-01	1.27e-01	6.37e-02
 2.24646e+16	7.03e-01	2.97e-01	5.39e-04	0.00e+00	0.00e+00	0.00e+00	0.00e+00	0.00e+00	0.00e+00	5.11e-01	1.28e-01	6.44e-02
 2.24787e+16	7.14e-01	2.86e-01	4.78e-04	0.00e+00	0.00e+00	0.00e+00	0.00e+00	0.00e+00	0.00e+00	5.21e-01	1.28e-01	6.50e-02
 2.24926e+16	7.24e-01	2.76e-01	4.25e-04	0.00e+00	0.00e+00	0.00e+00	0.00e+00	0.00e+00	0.00e+00	5.30e-01	1.29e-01	6.56e-02
 2.25065e+16	7.34e-01	2.65e-01	3.77e-04	0.00e+00	0.00e+00	0.00e+00	0.00e+00	0.00e+00	0.00e+00	5.39e-01	1.29e-01	6.61e-02
 2.25205e+16	7.45e-01	2.55e-01	3.34e-04	0.00e+00	0.00e+00	0.00e+00	0.00e+00	0.00e+00	0.00e+00	5.49e-01	1.29e-01	6.66e-02
 2.25341e+16	7.54e-01	2.45e-01	2.97e-04	0.00e+00	0.00e+00	0.00e+00	0.00e+00	0.00e+00	0.00e+00	5.58e-01	1.29e-01	6.71e-02
 2.25477e+16	7.63e-01	2.36e-01	2.63e-04	0.00e+00	0.00e+00	0.00e+00	0.00e+00	0.00e+00	0.00e+00	5.66e-01	1.30e-01	6.75e-02
 2.25615e+16	7.73e-01	2.27e-01	2.32e-04	0.00e+00	0.00e+00	0.00e+00	0.00e+00	0.00e+00	0.00e+00	5.75e-01	1.29e-01	6.79e-02
 2.25753e+16	7.82e-01	2.18e-01	2.05e-04	0.00e+00	0.00e+00	0.00e+00	0.00e+00	0.00e+00	0.00e+00	5.84e-01	1.29e-01	6.82e-02
 2.25890e+16	7.91e-01	2.09e-01	1.81e-04	0.00e+00	0.00e+00	0.00e+00	0.00e+00	0.00e+00	0.00e+00	5.93e-01	1.29e-01	6.85e-02
 2.26026e+16	7.99e-01	2.01e-01	1.60e-04	0.00e+00	0.00e+00	0.00e+00	0.00e+00	0.00e+00	0.00e+00	6.01e-01	1.29e-01	6.87e-02
 2.26163e+16	8.07e-01	1.93e-01	1.41e-04	0.00e+00	0.00e+00	0.00e+00	0.00e+00	0.00e+00	0.00e+00	6.09e-01	1.29e-01	6.89e-02
 2.26300e+16	8.15e-01	1.85e-01	1.24e-04	0.00e+00	0.00e+00	0.00e+00	0.00e+00	0.00e+00	0.00e+00	6.18e-01	1.28e-01	6.91e-02
 2.26436e+16	8.23e-01	1.77e-01	1.09e-04	0.00e+00	0.00e+00	0.00e+00	0.00e+00	0.00e+00	0.00e+00	6.26e-01	1.28e-01	6.92e-02
 2.26570e+16	8.30e-01	1.70e-01	9.61e-05	0.00e+00	0.00e+00	0.00e+00	0.00e+00	0.00e+00	0.00e+00	6.33e-01	1.27e-01	6.92e-02
 2.26706e+16	8.37e-01	1.63e-01	8.42e-05	0.00e+00	0.00e+00	0.00e+00	0.00e+00	0.00e+00	0.00e+00	6.41e-01	1.27e-01	6.93e-02
 2.26842e+16	8.44e-01	1.56e-01	7.40e-05	0.00e+00	0.00e+00	0.00e+00	0.00e+00	0.00e+00	0.00e+00	6.49e-01	1.26e-01	6.93e-02
 2.26976e+16	8.51e-01	1.49e-01	6.49e-05	0.00e+00	0.00e+00	0.00e+00	0.00e+00	0.00e+00	0.00e+00	6.56e-01	1.25e-01	6.93e-02
 2.27110e+16	8.57e-01	1.43e-01	5.69e-05	0.00e+00	0.00e+00	0.00e+00	0.00e+00	0.00e+00	0.00e+00	6.63e-01	1.25e-01	6.92e-02
 2.27244e+16	8.63e-01	1.37e-01	4.99e-05	0.00e+00	0.00e+00	0.00e+00	0.00e+00	0.00e+00	0.00e+00	6.70e-01	1.24e-01	6.91e-02
 2.27377e+16	8.69e-01	1.31e-01	4.37e-05	0.00e+00	0.00e+00	0.00e+00	0.00e+00	0.00e+00	0.00e+00	6.77e-01	1.23e-01	6.90e-02
 2.27509e+16	8.75e-01	1.25e-01	3.84e-05	0.00e+00	0.00e+00	0.00e+00	0.00e+00	0.00e+00	0.00e+00	6.83e-01	1.22e-01	6.89e-02
 2.27639e+16	8.80e-01	1.20e-01	3.37e-05	0.00e+00	0.00e+00	0.00e+00	0.00e+00	0.00e+00	0.00e+00	6.90e-01	1.22e-01	6.87e-02
 2.27767e+16	8.85e-01	1.15e-01	2.96e-05	0.00e+00	0.00e+00	0.00e+00	0.00e+00	0.00e+00	0.00e+00	6.96e-01	1.21e-01	6.85e-02
 2.27895e+16	8.90e-01	1.10e-01	2.60e-05	0.00e+00	0.00e+00	0.00e+00	0.00e+00	0.00e+00	0.00e+00	7.02e-01	1.20e-01	6.83e-02
 2.28021e+16	8.95e-01	1.05e-01	2.29e-05	0.00e+00	0.00e+00	0.00e+00	0.00e+00	0.00e+00	0.00e+00	7.07e-01	1.19e-01	6.81e-02
 2.28146e+16	8.99e-01	1.01e-01	2.02e-05	0.00e+00	0.00e+00	0.00e+00	0.00e+00	0.00e+00	0.00e+00	7.13e-01	1.18e-01	6.79e-02
 2.28269e+16	9.03e-01	9.66e-02	1.78e-05	0.00e+00	0.00e+00	0.00e+00	0.00e+00	0.00e+00	0.00e+00	7.18e-01	1.18e-01	6.77e-02
 2.28392e+16	9.07e-01	9.27e-02	1.57e-05	0.00e+00	0.00e+00	0.00e+00	0.00e+00	0.00e+00	0.00e+00	7.23e-01	1.17e-01	6.74e-02
 2.28513e+16	9.11e-01	8.89e-02	1.38e-05	0.00e+00	0.00e+00	0.00e+00	0.00e+00	0.00e+00	0.00e+00	7.28e-01	1.16e-01	6.72e-02
 2.28632e+16	9.15e-01	8.52e-02	1.22e-05	0.00e+00	0.00e+00	0.00e+00	0.00e+00	0.00e+00	0.00e+00	7.33e-01	1.15e-01	6.69e-02
 2.28751e+16	9.18e-01	8.18e-02	1.08e-05	0.00e+00	0.00e+00	0.00e+00	0.00e+00	0.00e+00	0.00e+00	7.37e-01	1.14e-01	6.66e-02
 2.28870e+16	9.22e-01	7.84e-02	9.53e-06	0.00e+00	0.00e+00	0.00e+00	0.00e+00	0.00e+00	0.00e+00	7.42e-01	1.13e-01	6.64e-02
 2.28988e+16	9.25e-01	7.53e-02	8.43e-06	0.00e+00	0.00e+00	0.00e+00	0.00e+00	0.00e+00	0.00e+00	7.46e-01	1.13e-01	6.61e-02
 2.29104e+16	9.28e-01	7.23e-02	7.47e-06	0.00e+00	0.00e+00	0.00e+00	0.00e+00	0.00e+00	0.00e+00	7.50e-01	1.12e-01	6.58e-02
 2.29219e+16	9.31e-01	6.94e-02	6.61e-06	0.00e+00	0.00e+00	0.00e+00	0.00e+00	0.00e+00	0.00e+00	7.54e-01	1.11e-01	6.55e-02
 2.29334e+16	9.33e-01	6.66e-02	5.86e-06	0.00e+00	0.00e+00	0.00e+00	0.00e+00	0.00e+00	0.00e+00	7.58e-01	1.10e-01	6.51e-02
 2.29449e+16	9.36e-01	6.39e-02	5.19e-06	0.00e+00	0.00e+00	0.00e+00	0.00e+00	0.00e+00	0.00e+00	7.62e-01	1.10e-01	6.48e-02
 2.29562e+16	9.39e-01	6.13e-02	4.60e-06	0.00e+00	0.00e+00	0.00e+00	0.00e+00	0.00e+00	0.00e+00	7.65e-01	1.09e-01	6.44e-02
 2.29673e+16	9.41e-01	5.90e-02	4.09e-06	0.00e+00	0.00e+00	0.00e+00	0.00e+00	0.00e+00	0.00e+00	7.69e-01	1.08e-01	6.41e-02
 2.29785e+16	9.43e-01	5.66e-02	3.63e-06	0.00e+00	0.00e+00	0.00e+00	0.00e+00	0.00e+00	0.00e+00	7.72e-01	1.07e-01	6.38e-02
 2.29897e+16	9.46e-01	5.43e-02	3.22e-06	0.00e+00	0.00e+00	0.00e+00	0.00e+00	0.00e+00	0.00e+00	7.75e-01	1.07e-01	6.34e-02
 2.30008e+16	9.48e-01	5.22e-02	2.86e-06	0.00e+00	0.00e+00	0.00e+00	0.00e+00	0.00e+00	0.00e+00	7.79e-01	1.06e-01	6.31e-02
 2.30119e+16	9.50e-01	5.02e-02	2.55e-06	0.00e+00	0.00e+00	0.00e+00	0.00e+00	0.00e+00	0.00e+00	7.81e-01	1.05e-01	6.28e-02
 2.30229e+16	9.52e-01	4.82e-02	2.26e-06	0.00e+00	0.00e+00	0.00e+00	0.00e+00	0.00e+00	0.00e+00	7.84e-01	1.05e-01	6.25e-02
 2.30337e+16	9.54e-01	4.63e-02	2.01e-06	0.00e+00	0.00e+00	0.00e+00	0.00e+00	0.00e+00	0.00e+00	7.87e-01	1.04e-01	6.22e-02
 2.30444e+16	9.55e-01	4.46e-02	1.80e-06	0.00e+00	0.00e+00	0.00e+00	0.00e+00	0.00e+00	0.00e+00	7.90e-01	1.04e-01	6.19e-02
 2.30552e+16	9.57e-01	4.29e-02	1.60e-06	0.00e+00	0.00e+00	0.00e+00	0.00e+00	0.00e+00	0.00e+00	7.93e-01	1.03e-01	6.16e-02
 2.30663e+16	9.59e-01	4.12e-02	1.42e-06	0.00e+00	0.00e+00	0.00e+00	0.00e+00	0.00e+00	0.00e+00	7.95e-01	1.02e-01	6.13e-02
 2.30771e+16	9.60e-01	3.95e-02	1.26e-06	0.00e+00	0.00e+00	0.00e+00	0.00e+00	0.00e+00	0.00e+00	7.98e-01	1.02e-01	6.10e-02
 2.30874e+16	9.62e-01	3.81e-02	1.13e-06	0.00e+00	0.00e+00	0.00e+00	0.00e+00	0.00e+00	0.00e+00	8.00e-01	1.01e-01	6.07e-02
 2.30980e+16	9.63e-01	3.66e-02	1.01e-06	0.00e+00	0.00e+00	0.00e+00	0.00e+00	0.00e+00	0.00e+00	8.02e-01	1.01e-01	6.04e-02
 2.31088e+16	9.65e-01	3.52e-02	8.98e-07	0.00e+00	0.00e+00	0.00e+00	0.00e+00	0.00e+00	0.00e+00	8.04e-01	1.00e-01	6.02e-02
 2.31192e+16	9.66e-01	3.38e-02	8.02e-07	0.00e+00	0.00e+00	0.00e+00	0.00e+00	0.00e+00	0.00e+00	8.07e-01	9.97e-02	5.99e-02
 2.31298e+16	9.68e-01	3.25e-02	7.16e-07	0.00e+00	0.00e+00	0.00e+00	0.00e+00	0.00e+00	0.00e+00	8.09e-01	9.92e-02	5.96e-02
 2.31405e+16	9.69e-01	3.12e-02	6.37e-07	0.00e+00	0.00e+00	0.00e+00	0.00e+00	0.00e+00	0.00e+00	8.11e-01	9.87e-02	5.94e-02
 2.31511e+16	9.70e-01	3.00e-02	5.68e-07	0.00e+00	0.00e+00	0.00e+00	0.00e+00	0.00e+00	0.00e+00	8.13e-01	9.83e-02	5.91e-02
 2.31614e+16	9.71e-01	2.88e-02	5.09e-07	0.00e+00	0.00e+00	0.00e+00	0.00e+00	0.00e+00	0.00e+00	8.14e-01	9.78e-02	5.89e-02
 2.31714e+16	9.72e-01	2.78e-02	4.57e-07	0.00e+00	0.00e+00	0.00e+00	0.00e+00	0.00e+00	0.00e+00	8.16e-01	9.74e-02	5.87e-02
 2.31812e+16	9.73e-01	2.68e-02	4.11e-07	0.00e+00	0.00e+00	0.00e+00	0.00e+00	0.00e+00	0.00e+00	8.18e-01	9.70e-02	5.84e-02
 2.31912e+16	9.74e-01	2.58e-02	3.69e-07	0.00e+00	0.00e+00	0.00e+00	0.00e+00	0.00e+00	0.00e+00	8.19e-01	9.66e-02	5.82e-02
 2.32015e+16	9.75e-01	2.47e-02	3.30e-07	0.00e+00	0.00e+00	0.00e+00	0.00e+00	0.00e+00	0.00e+00	8.21e-01	9.62e-02	5.80e-02
 2.32117e+16	9.76e-01	2.37e-02	2.95e-07	0.00e+00	0.00e+00	0.00e+00	0.00e+00	0.00e+00	0.00e+00	8.23e-01	9.57e-02	5.78e-02
 2.32216e+16	9.77e-01	2.28e-02	2.65e-07	0.00e+00	0.00e+00	0.00e+00	0.00e+00	0.00e+00	0.00e+00	8.24e-01	9.53e-02	5.75e-02
 2.32313e+16	9.78e-01	2.19e-02	2.38e-07	0.00e+00	0.00e+00	0.00e+00	0.00e+00	0.00e+00	0.00e+00	8.26e-01	9.50e-02	5.73e-02
 2.32410e+16	9.79e-01	2.11e-02	2.14e-07	0.00e+00	0.00e+00	0.00e+00	0.00e+00	0.00e+00	0.00e+00	8.27e-01	9.46e-02	5.71e-02
 2.32507e+16	9.80e-01	2.03e-02	1.93e-07	0.00e+00	0.00e+00	0.00e+00	0.00e+00	0.00e+00	0.00e+00	8.29e-01	9.42e-02	5.69e-02
 2.32602e+16	9.81e-01	1.94e-02	1.74e-07	0.00e+00	0.00e+00	0.00e+00	0.00e+00	0.00e+00	0.00e+00	8.30e-01	9.38e-02	5.67e-02
 2.32695e+16	9.81e-01	1.87e-02	1.57e-07	0.00e+00	0.00e+00	0.00e+00	0.00e+00	0.00e+00	0.00e+00	8.31e-01	9.35e-02	5.65e-02
 2.32787e+16	9.82e-01	1.79e-02	1.42e-07	0.00e+00	0.00e+00	0.00e+00	0.00e+00	0.00e+00	0.00e+00	8.33e-01	9.31e-02	5.63e-02
 2.32878e+16	9.83e-01	1.72e-02	1.28e-07	0.00e+00	0.00e+00	0.00e+00	0.00e+00	0.00e+00	0.00e+00	8.34e-01	9.28e-02	5.61e-02
 2.32968e+16	9.84e-01	1.65e-02	1.16e-07	0.00e+00	0.00e+00	0.00e+00	0.00e+00	0.00e+00	0.00e+00	8.35e-01	9.24e-02	5.59e-02
 2.33056e+16	9.84e-01	1.58e-02	1.05e-07	0.00e+00	0.00e+00	0.00e+00	0.00e+00	0.00e+00	0.00e+00	8.36e-01	9.20e-02	5.56e-02
 2.33141e+16	9.85e-01	1.52e-02	9.56e-08	0.00e+00	0.00e+00	0.00e+00	0.00e+00	0.00e+00	0.00e+00	8.38e-01	9.17e-02	5.54e-02
 2.33224e+16	9.85e-01	1.46e-02	8.72e-08	0.00e+00	0.00e+00	0.00e+00	0.00e+00	0.00e+00	0.00e+00	8.39e-01	9.13e-02	5.52e-02
 2.33307e+16	9.86e-01	1.40e-02	7.95e-08	0.00e+00	0.00e+00	0.00e+00	0.00e+00	0.00e+00	0.00e+00	8.40e-01	9.09e-02	5.50e-02
 2.33389e+16	9.87e-01	1.33e-02	7.25e-08	0.00e+00	0.00e+00	0.00e+00	0.00e+00	0.00e+00	0.00e+00	8.41e-01	9.05e-02	5.47e-02
 2.33469e+16	9.87e-01	1.28e-02	6.63e-08	0.00e+00	0.00e+00	0.00e+00	0.00e+00	0.00e+00	0.00e+00	8.43e-01	9.02e-02	5.45e-02
 2.33541e+16	9.88e-01	1.22e-02	6.11e-08	0.00e+00	0.00e+00	0.00e+00	0.00e+00	0.00e+00	0.00e+00	8.44e-01	8.98e-02	5.42e-02
 2.33605e+16	9.88e-01	1.18e-02	5.70e-08	0.00e+00	0.00e+00	0.00e+00	0.00e+00	0.00e+00	0.00e+00	8.45e-01	8.94e-02	5.40e-02
 2.33662e+16	9.89e-01	1.14e-02	5.35e-08	0.00e+00	0.00e+00	0.00e+00	0.00e+00	0.00e+00	0.00e+00	8.46e-01	8.91e-02	5.38e-02
 2.33714e+16	9.89e-01	1.10e-02	5.05e-08	0.00e+00	0.00e+00	0.00e+00	0.00e+00	0.00e+00	0.00e+00	8.47e-01	8.88e-02	5.36e-02
 2.33763e+16	9.89e-01	1.07e-02	4.78e-08	0.00e+00	0.00e+00	0.00e+00	0.00e+00	0.00e+00	0.00e+00	8.47e-01	8.85e-02	5.34e-02
 2.33809e+16	9.90e-01	1.04e-02	4.54e-08	0.00e+00	0.00e+00	0.00e+00	0.00e+00	0.00e+00	0.00e+00	8.48e-01	8.82e-02	5.32e-02
 2.33852e+16	9.90e-01	1.01e-02	4.32e-08	0.00e+00	0.00e+00	0.00e+00	0.00e+00	0.00e+00	0.00e+00	8.49e-01	8.79e-02	5.29e-02
 2.33892e+16	9.90e-01	9.83e-03	4.13e-08	0.00e+00	0.00e+00	0.00e+00	0.00e+00	0.00e+00	0.00e+00	8.50e-01	8.77e-02	5.27e-02
 2.33929e+16	9.90e-01	9.58e-03	3.95e-08	0.00e+00	0.00e+00	0.00e+00	0.00e+00	0.00e+00	0.00e+00	8.51e-01	8.74e-02	5.25e-02
 2.33964e+16	9.91e-01	9.33e-03	3.79e-08	0.00e+00	0.00e+00	0.00e+00	0.00e+00	0.00e+00	0.00e+00	8.51e-01	8.71e-02	5.23e-02
 2.33998e+16	9.91e-01	9.10e-03	3.64e-08	0.00e+00	0.00e+00	0.00e+00	0.00e+00	0.00e+00	0.00e+00	8.52e-01	8.68e-02	5.21e-02
 2.34029e+16	9.91e-01	8.88e-03	3.50e-08	0.00e+00	0.00e+00	0.00e+00	0.00e+00	0.00e+00	0.00e+00	8.53e-01	8.66e-02	5.19e-02
 2.34058e+16	9.91e-01	8.68e-03	3.38e-08	0.00e+00	0.00e+00	0.00e+00	0.00e+00	0.00e+00	0.00e+00	8.53e-01	8.63e-02	5.17e-02
 2.34084e+16	9.91e-01	8.50e-03	3.27e-08	0.00e+00	0.00e+00	0.00e+00	0.00e+00	0.00e+00	0.00e+00	8.54e-01	8.61e-02	5.16e-02
 2.34108e+16	9.92e-01	8.34e-03	3.18e-08	0.00e+00	0.00e+00	0.00e+00	0.00e+00	0.00e+00	0.00e+00	8.54e-01	8.58e-02	5.14e-02
 2.34130e+16	9.92e-01	8.20e-03	3.09e-08	0.00e+00	0.00e+00	0.00e+00	0.00e+00	0.00e+00	0.00e+00	8.55e-01	8.56e-02	5.12e-02
 2.34149e+16	9.92e-01	8.06e-03	3.01e-08	0.00e+00	0.00e+00	0.00e+00	0.00e+00	0.00e+00	0.00e+00	8.55e-01	8.54e-02	5.11e-02
 2.34167e+16	9.92e-01	7.95e-03	2.95e-08	0.00e+00	0.00e+00	0.00e+00	0.00e+00	0.00e+00	0.00e+00	8.56e-01	8.53e-02	5.10e-02
 2.34187e+16	9.92e-01	7.83e-03	2.87e-08	0.00e+00	0.00e+00	0.00e+00	0.00e+00	0.00e+00	0.00e+00	8.56e-01	8.50e-02	5.08e-02
 2.34212e+16	9.92e-01	7.64e-03	2.77e-08	0.00e+00	0.00e+00	0.00e+00	0.00e+00	0.00e+00	0.00e+00	8.57e-01	8.47e-02	5.06e-02
 2.34240e+16	9.93e-01	7.44e-03	2.66e-08	0.00e+00	0.00e+00	0.00e+00	0.00e+00	0.00e+00	0.00e+00	8.58e-01	8.43e-02	5.03e-02
