#depth	O	O+	O+2	O+3	O+4	O+5	O+6	O+7	O+8	O[1]	O[2]	O[3]
 1.61740e+12	1.46e-06	2.67e-03	4.89e-01	5.06e-01	2.47e-03	0.00e+00	0.00e+00	0.00e+00	0.00e+00	1.06e-06	2.64e-07	1.38e-07
 9.70440e+12	1.46e-06	2.67e-03	4.89e-01	5.06e-01	2.47e-03	0.00e+00	0.00e+00	0.00e+00	0.00e+00	1.06e-06	2.64e-07	1.38e-07
 4.20524e+13	1.46e-06	2.68e-03	4.92e-01	5.03e-01	2.44e-03	0.00e+00	0.00e+00	0.00e+00	0.00e+00	1.06e-06	2.65e-07	1.38e-07
 1.71444e+14	1.49e-06	2.72e-03	5.01e-01	4.94e-01	2.34e-03	0.00e+00	0.00e+00	0.00e+00	0.00e+00	1.08e-06	2.69e-07	1.40e-07
 4.09526e+14	1.50e-06	2.78e-03	5.15e-01	4.80e-01	2.18e-03	0.00e+00	0.00e+00	0.00e+00	0.00e+00	1.08e-06	2.71e-07	1.41e-07
 7.19031e+14	1.53e-06	2.86e-03	5.34e-01	4.61e-01	1.99e-03	0.00e+00	0.00e+00	0.00e+00	0.00e+00	1.11e-06	2.77e-07	1.45e-07
 1.12139e+15	1.58e-06	2.99e-03	5.59e-01	4.36e-01	1.75e-03	0.00e+00	0.00e+00	0.00e+00	0.00e+00	1.15e-06	2.87e-07	1.50e-07
 1.64445e+15	1.68e-06	3.17e-03	5.94e-01	4.02e-01	1.47e-03	0.00e+00	0.00e+00	0.00e+00	0.00e+00	1.21e-06	3.03e-07	1.59e-07
 2.32444e+15	1.82e-06	3.45e-03	6.41e-01	3.54e-01	1.15e-03	0.00e+00	0.00e+00	0.00e+00	0.00e+00	1.32e-06	3.30e-07	1.73e-07
 3.09869e+15	2.00e-06	3.79e-03	6.97e-01	2.98e-01	8.33e-04	0.00e+00	0.00e+00	0.00e+00	0.00e+00	1.45e-06	3.62e-07	1.90e-07
 3.83215e+15	2.20e-06	4.15e-03	7.52e-01	2.44e-01	5.83e-04	0.00e+00	0.00e+00	0.00e+00	0.00e+00	1.59e-06	3.97e-07	2.09e-07
 4.46684e+15	2.40e-06	4.49e-03	7.99e-01	1.96e-01	4.05e-04	0.00e+00	0.00e+00	0.00e+00	0.00e+00	1.74e-06	4.32e-07	2.28e-07
 5.03195e+15	2.61e-06	4.81e-03	8.39e-01	1.56e-01	2.78e-04	0.00e+00	0.00e+00	0.00e+00	0.00e+00	1.89e-06	4.68e-07	2.47e-07
 5.66206e+15	2.87e-06	5.18e-03	8.78e-01	1.16e-01	1.73e-04	0.00e+00	0.00e+00	0.00e+00	0.00e+00	2.08e-06	5.14e-07	2.72e-07
 6.48121e+15	3.20e-06	5.60e-03	9.19e-01	7.55e-02	8.63e-05	0.00e+00	0.00e+00	0.00e+00	0.00e+00	2.32e-06	5.72e-07	3.03e-07
 7.39340e+15	3.54e-06	6.01e-03	9.50e-01	4.37e-02	3.64e-05	0.00e+00	0.00e+00	0.00e+00	0.00e+00	2.57e-06	6.31e-07	3.36e-07
 8.42656e+15	3.93e-06	6.40e-03	9.71e-01	2.25e-02	1.27e-05	0.00e+00	0.00e+00	0.00e+00	0.00e+00	2.85e-06	6.99e-07	3.72e-07
 9.76966e+15	4.38e-06	6.79e-03	9.84e-01	9.55e-03	3.18e-06	0.00e+00	0.00e+00	0.00e+00	0.00e+00	3.18e-06	7.78e-07	4.15e-07
 1.15157e+16	4.96e-06	7.21e-03	9.89e-01	3.33e-03	5.60e-07	0.00e+00	0.00e+00	0.00e+00	0.00e+00	3.61e-06	8.81e-07	4.71e-07
 1.37855e+16	5.79e-06	7.72e-03	9.91e-01	9.91e-04	0.00e+00	0.00e+00	0.00e+00	0.00e+00	0.00e+00	4.21e-06	1.03e-06	5.49e-07
 1.58219e+16	6.54e-06	8.15e-03	9.91e-01	3.96e-04	0.00e+00	0.00e+00	0.00e+00	0.00e+00	0.00e+00	4.76e-06	1.16e-06	6.20e-07
 1.74041e+16	7.27e-06	8.52e-03	9.91e-01	2.19e-04	0.00e+00	0.00e+00	0.00e+00	0.00e+00	0.00e+00	5.29e-06	1.29e-06	6.90e-07
 1.91445e+16	8.22e-06	8.97e-03	9.91e-01	1.32e-04	0.00e+00	0.00e+00	0.00e+00	0.00e+00	0.00e+00	5.98e-06	1.46e-06	7.80e-07
 2.10590e+16	9.44e-06	9.50e-03	9.90e-01	8.87e-05	0.00e+00	0.00e+00	0.00e+00	0.00e+00	0.00e+00	6.87e-06	1.68e-06	8.96e-07
 2.31649e+16	1.11e-05	1.01e-02	9.90e-01	6.70e-05	0.00e+00	0.00e+00	0.00e+00	0.00e+00	0.00e+00	8.05e-06	1.96e-06	1.05e-06
 2.54814e+16	1.33e-05	1.09e-02	9.89e-01	5.50e-05	0.00e+00	0.00e+00	0.00e+00	0.00e+00	0.00e+00	9.64e-06	2.36e-06	1.26e-06
 2.80295e+16	1.63e-05	1.19e-02	9.88e-01	4.73e-05	0.00e+00	0.00e+00	0.00e+00	0.00e+00	0.00e+00	1.18e-05	2.90e-06	1.55e-06
 3.08324e+16	2.07e-05	1.31e-02	9.87e-01	4.16e-05	0.00e+00	0.00e+00	0.00e+00	0.00e+00	0.00e+00	1.51e-05	3.70e-06	1.97e-06
 3.39157e+16	2.75e-05	1.48e-02	9.85e-01	3.68e-05	0.00e+00	0.00e+00	0.00e+00	0.00e+00	0.00e+00	1.99e-05	4.92e-06	2.61e-06
 3.73073e+16	3.83e-05	1.70e-02	9.83e-01	3.23e-05	0.00e+00	0.00e+00	0.00e+00	0.00e+00	0.00e+00	2.78e-05	6.88e-06	3.64e-06
 4.07422e+16	5.52e-05	2.00e-02	9.80e-01	2.82e-05	0.00e+00	0.00e+00	0.00e+00	0.00e+00	0.00e+00	4.00e-05	9.94e-06	5.24e-06
 4.29720e+16	7.17e-05	2.24e-02	9.77e-01	2.56e-05	0.00e+00	0.00e+00	0.00e+00	0.00e+00	0.00e+00	5.20e-05	1.29e-05	6.81e-06
 4.38443e+16	7.97e-05	2.35e-02	9.76e-01	2.45e-05	0.00e+00	0.00e+00	0.00e+00	0.00e+00	0.00e+00	5.78e-05	1.44e-05	7.56e-06
 4.45363e+16	8.69e-05	2.45e-02	9.75e-01	2.37e-05	0.00e+00	0.00e+00	0.00e+00	0.00e+00	0.00e+00	6.30e-05	1.56e-05	8.24e-06
 4.54358e+16	9.73e-05	2.58e-02	9.74e-01	2.28e-05	0.00e+00	0.00e+00	0.00e+00	0.00e+00	0.00e+00	7.05e-05	1.75e-05	9.22e-06
 4.66053e+16	1.13e-04	2.77e-02	9.72e-01	2.14e-05	0.00e+00	0.00e+00	0.00e+00	0.00e+00	0.00e+00	8.21e-05	2.04e-05	1.07e-05
 4.79080e+16	1.35e-04	3.01e-02	9.70e-01	2.00e-05	0.00e+00	0.00e+00	0.00e+00	0.00e+00	0.00e+00	9.77e-05	2.43e-05	1.28e-05
 4.90895e+16	1.59e-04	3.25e-02	9.67e-01	1.87e-05	0.00e+00	0.00e+00	0.00e+00	0.00e+00	0.00e+00	1.15e-04	2.86e-05	1.50e-05
 5.01216e+16	1.84e-04	3.49e-02	9.65e-01	1.77e-05	0.00e+00	0.00e+00	0.00e+00	0.00e+00	0.00e+00	1.34e-04	3.32e-05	1.74e-05
 5.12540e+16	2.18e-04	3.79e-02	9.62e-01	1.64e-05	0.00e+00	0.00e+00	0.00e+00	0.00e+00	0.00e+00	1.58e-04	3.93e-05	2.06e-05
 5.24632e+16	2.63e-04	4.16e-02	9.58e-01	1.52e-05	0.00e+00	0.00e+00	0.00e+00	0.00e+00	0.00e+00	1.91e-04	4.74e-05	2.48e-05
 5.34905e+16	3.11e-04	4.52e-02	9.54e-01	1.41e-05	0.00e+00	0.00e+00	0.00e+00	0.00e+00	0.00e+00	2.25e-04	5.59e-05	2.93e-05
 5.43782e+16	3.60e-04	4.87e-02	9.51e-01	1.32e-05	0.00e+00	0.00e+00	0.00e+00	0.00e+00	0.00e+00	2.61e-04	6.48e-05	3.40e-05
 5.53660e+16	4.27e-04	5.31e-02	9.46e-01	1.23e-05	0.00e+00	0.00e+00	0.00e+00	0.00e+00	0.00e+00	3.10e-04	7.68e-05	4.02e-05
 5.64434e+16	5.18e-04	5.86e-02	9.41e-01	1.12e-05	0.00e+00	0.00e+00	0.00e+00	0.00e+00	0.00e+00	3.76e-04	9.32e-05	4.88e-05
 5.73880e+16	6.18e-04	6.42e-02	9.35e-01	1.03e-05	0.00e+00	0.00e+00	0.00e+00	0.00e+00	0.00e+00	4.48e-04	1.11e-04	5.82e-05
 5.82067e+16	7.24e-04	6.97e-02	9.30e-01	9.51e-06	0.00e+00	0.00e+00	0.00e+00	0.00e+00	0.00e+00	5.25e-04	1.30e-04	6.81e-05
 5.91113e+16	8.69e-04	7.66e-02	9.22e-01	8.70e-06	0.00e+00	0.00e+00	0.00e+00	0.00e+00	0.00e+00	6.31e-04	1.56e-04	8.17e-05
 6.00911e+16	1.07e-03	8.53e-02	9.14e-01	7.83e-06	0.00e+00	0.00e+00	0.00e+00	0.00e+00	0.00e+00	7.73e-04	1.92e-04	1.00e-04
 6.09499e+16	1.29e-03	9.41e-02	9.05e-01	7.08e-06	0.00e+00	0.00e+00	0.00e+00	0.00e+00	0.00e+00	9.34e-04	2.31e-04	1.21e-04
 6.17037e+16	1.53e-03	1.03e-01	8.95e-01	6.45e-06	0.00e+00	0.00e+00	0.00e+00	0.00e+00	0.00e+00	1.11e-03	2.75e-04	1.43e-04
 6.25401e+16	1.86e-03	1.15e-01	8.84e-01	5.76e-06	0.00e+00	0.00e+00	0.00e+00	0.00e+00	0.00e+00	1.35e-03	3.35e-04	1.75e-04
 6.34311e+16	2.33e-03	1.29e-01	8.69e-01	5.07e-06	0.00e+00	0.00e+00	0.00e+00	0.00e+00	0.00e+00	1.69e-03	4.18e-04	2.18e-04
 6.41816e+16	2.83e-03	1.43e-01	8.54e-01	4.51e-06	0.00e+00	0.00e+00	0.00e+00	0.00e+00	0.00e+00	2.05e-03	5.08e-04	2.65e-04
 6.48218e+16	3.36e-03	1.56e-01	8.40e-01	4.06e-06	0.00e+00	0.00e+00	0.00e+00	0.00e+00	0.00e+00	2.44e-03	6.03e-04	3.15e-04
 6.55305e+16	4.11e-03	1.74e-01	8.22e-01	3.56e-06	0.00e+00	0.00e+00	0.00e+00	0.00e+00	0.00e+00	2.98e-03	7.37e-04	3.84e-04
 6.62921e+16	5.14e-03	1.95e-01	7.99e-01	3.05e-06	0.00e+00	0.00e+00	0.00e+00	0.00e+00	0.00e+00	3.73e-03	9.21e-04	4.80e-04
 6.69409e+16	6.28e-03	2.17e-01	7.77e-01	2.65e-06	0.00e+00	0.00e+00	0.00e+00	0.00e+00	0.00e+00	4.56e-03	1.12e-03	5.87e-04
 6.74881e+16	7.48e-03	2.37e-01	7.55e-01	2.33e-06	0.00e+00	0.00e+00	0.00e+00	0.00e+00	0.00e+00	5.44e-03	1.34e-03	6.99e-04
 6.80846e+16	9.12e-03	2.63e-01	7.28e-01	2.00e-06	0.00e+00	0.00e+00	0.00e+00	0.00e+00	0.00e+00	6.63e-03	1.63e-03	8.52e-04
 6.87288e+16	1.14e-02	2.94e-01	6.95e-01	1.66e-06	0.00e+00	0.00e+00	0.00e+00	0.00e+00	0.00e+00	8.30e-03	2.04e-03	1.06e-03
 6.92807e+16	1.39e-02	3.24e-01	6.62e-01	1.39e-06	0.00e+00	0.00e+00	0.00e+00	0.00e+00	0.00e+00	1.01e-02	2.49e-03	1.30e-03
 6.97471e+16	1.66e-02	3.53e-01	6.31e-01	1.18e-06	0.00e+00	0.00e+00	0.00e+00	0.00e+00	0.00e+00	1.21e-02	2.96e-03	1.55e-03
 7.02562e+16	2.02e-02	3.87e-01	5.93e-01	9.68e-07	0.00e+00	0.00e+00	0.00e+00	0.00e+00	0.00e+00	1.47e-02	3.60e-03	1.88e-03
 7.08080e+16	2.52e-02	4.28e-01	5.47e-01	7.63e-07	0.00e+00	0.00e+00	0.00e+00	0.00e+00	0.00e+00	1.84e-02	4.48e-03	2.35e-03
 7.12849e+16	3.08e-02	4.66e-01	5.03e-01	6.03e-07	0.00e+00	0.00e+00	0.00e+00	0.00e+00	0.00e+00	2.24e-02	5.45e-03	2.86e-03
 7.16906e+16	3.66e-02	5.01e-01	4.63e-01	4.83e-07	0.00e+00	0.00e+00	0.00e+00	0.00e+00	0.00e+00	2.67e-02	6.47e-03	3.40e-03
 7.21346e+16	4.44e-02	5.40e-01	4.16e-01	3.68e-07	0.00e+00	0.00e+00	0.00e+00	0.00e+00	0.00e+00	3.24e-02	7.83e-03	4.12e-03
 7.26220e+16	5.52e-02	5.83e-01	3.62e-01	2.63e-07	0.00e+00	0.00e+00	0.00e+00	0.00e+00	0.00e+00	4.04e-02	9.71e-03	5.12e-03
 7.30085e+16	6.62e-02	6.17e-01	3.16e-01	1.95e-07	0.00e+00	0.00e+00	0.00e+00	0.00e+00	0.00e+00	4.84e-02	1.16e-02	6.13e-03
 7.32699e+16	7.47e-02	6.39e-01	2.86e-01	1.56e-07	0.00e+00	0.00e+00	0.00e+00	0.00e+00	0.00e+00	5.47e-02	1.30e-02	6.91e-03
 7.35264e+16	8.43e-02	6.59e-01	2.56e-01	1.23e-07	0.00e+00	0.00e+00	0.00e+00	0.00e+00	0.00e+00	6.18e-02	1.47e-02	7.79e-03
 7.38598e+16	9.90e-02	6.83e-01	2.18e-01	0.00e+00	0.00e+00	0.00e+00	0.00e+00	0.00e+00	0.00e+00	7.27e-02	1.71e-02	9.14e-03
 7.41857e+16	1.16e-01	7.02e-01	1.83e-01	0.00e+00	0.00e+00	0.00e+00	0.00e+00	0.00e+00	0.00e+00	8.52e-02	1.99e-02	1.07e-02
 7.44221e+16	1.30e-01	7.12e-01	1.58e-01	0.00e+00	0.00e+00	0.00e+00	0.00e+00	0.00e+00	0.00e+00	9.55e-02	2.22e-02	1.19e-02
 7.46161e+16	1.42e-01	7.18e-01	1.39e-01	0.00e+00	0.00e+00	0.00e+00	0.00e+00	0.00e+00	0.00e+00	1.05e-01	2.43e-02	1.31e-02
 7.48347e+16	1.59e-01	7.22e-01	1.19e-01	0.00e+00	0.00e+00	0.00e+00	0.00e+00	0.00e+00	0.00e+00	1.17e-01	2.69e-02	1.45e-02
 7.50749e+16	1.79e-01	7.23e-01	9.84e-02	0.00e+00	0.00e+00	0.00e+00	0.00e+00	0.00e+00	0.00e+00	1.32e-01	3.01e-02	1.63e-02
 7.52864e+16	1.98e-01	7.20e-01	8.23e-02	0.00e+00	0.00e+00	0.00e+00	0.00e+00	0.00e+00	0.00e+00	1.47e-01	3.31e-02	1.81e-02
 7.54688e+16	2.17e-01	7.13e-01	6.95e-02	0.00e+00	0.00e+00	0.00e+00	0.00e+00	0.00e+00	0.00e+00	1.61e-01	3.60e-02	1.97e-02
 7.56698e+16	2.40e-01	7.03e-01	5.69e-02	0.00e+00	0.00e+00	0.00e+00	0.00e+00	0.00e+00	0.00e+00	1.79e-01	3.94e-02	2.17e-02
 7.58831e+16	2.66e-01	6.88e-01	4.53e-02	0.00e+00	0.00e+00	0.00e+00	0.00e+00	0.00e+00	0.00e+00	1.99e-01	4.32e-02	2.40e-02
 7.60632e+16	2.91e-01	6.72e-01	3.68e-02	0.00e+00	0.00e+00	0.00e+00	0.00e+00	0.00e+00	0.00e+00	2.18e-01	4.67e-02	2.61e-02
 7.62181e+16	3.13e-01	6.56e-01	3.05e-02	0.00e+00	0.00e+00	0.00e+00	0.00e+00	0.00e+00	0.00e+00	2.35e-01	4.97e-02	2.79e-02
 7.63892e+16	3.40e-01	6.36e-01	2.44e-02	0.00e+00	0.00e+00	0.00e+00	0.00e+00	0.00e+00	0.00e+00	2.56e-01	5.32e-02	3.01e-02
 7.65771e+16	3.71e-01	6.10e-01	1.88e-02	0.00e+00	0.00e+00	0.00e+00	0.00e+00	0.00e+00	0.00e+00	2.82e-01	5.72e-02	3.27e-02
 7.67447e+16	4.02e-01	5.83e-01	1.47e-02	0.00e+00	0.00e+00	0.00e+00	0.00e+00	0.00e+00	0.00e+00	3.06e-01	6.08e-02	3.51e-02
 7.68901e+16	4.29e-01	5.60e-01	1.17e-02	0.00e+00	0.00e+00	0.00e+00	0.00e+00	0.00e+00	0.00e+00	3.28e-01	6.37e-02	3.71e-02
 7.70306e+16	4.56e-01	5.35e-01	9.34e-03	0.00e+00	0.00e+00	0.00e+00	0.00e+00	0.00e+00	0.00e+00	3.50e-01	6.66e-02	3.92e-02
 7.71792e+16	4.86e-01	5.07e-01	7.25e-03	0.00e+00	0.00e+00	0.00e+00	0.00e+00	0.00e+00	0.00e+00	3.75e-01	6.94e-02	4.13e-02
 7.73213e+16	5.15e-01	4.79e-01	5.62e-03	0.00e+00	0.00e+00	0.00e+00	0.00e+00	0.00e+00	0.00e+00	4.00e-01	7.20e-02	4.33e-02
 7.74412e+16	5.40e-01	4.56e-01	4.51e-03	0.00e+00	0.00e+00	0.00e+00	0.00e+00	0.00e+00	0.00e+00	4.21e-01	7.40e-02	4.49e-02
 7.75477e+16	5.62e-01	4.34e-01	3.68e-03	0.00e+00	0.00e+00	0.00e+00	0.00e+00	0.00e+00	0.00e+00	4.40e-01	7.56e-02	4.62e-02
 7.76524e+16	5.84e-01	4.13e-01	2.99e-03	0.00e+00	0.00e+00	0.00e+00	0.00e+00	0.00e+00	0.00e+00	4.59e-01	7.69e-02	4.75e-02
 7.77373e+16	6.02e-01	3.96e-01	2.53e-03	0.00e+00	0.00e+00	0.00e+00	0.00e+00	0.00e+00	0.00e+00	4.75e-01	7.79e-02	4.85e-02
 7.77922e+16	6.12e-01	3.86e-01	2.27e-03	0.00e+00	0.00e+00	0.00e+00	0.00e+00	0.00e+00	0.00e+00	4.84e-01	7.84e-02	4.90e-02
 7.78428e+16	6.22e-01	3.76e-01	2.05e-03	0.00e+00	0.00e+00	0.00e+00	0.00e+00	0.00e+00	0.00e+00	4.94e-01	7.88e-02	4.95e-02
 7.79045e+16	6.35e-01	3.63e-01	1.79e-03	0.00e+00	0.00e+00	0.00e+00	0.00e+00	0.00e+00	0.00e+00	5.05e-01	7.92e-02	5.01e-02
 7.79704e+16	6.48e-01	3.50e-01	1.55e-03	0.00e+00	0.00e+00	0.00e+00	0.00e+00	0.00e+00	0.00e+00	5.18e-01	7.96e-02	5.07e-02
 7.80307e+16	6.61e-01	3.38e-01	1.36e-03	0.00e+00	0.00e+00	0.00e+00	0.00e+00	0.00e+00	0.00e+00	5.30e-01	7.99e-02	5.12e-02
 7.80854e+16	6.72e-01	3.27e-01	1.21e-03	0.00e+00	0.00e+00	0.00e+00	0.00e+00	0.00e+00	0.00e+00	5.40e-01	8.01e-02	5.16e-02
 7.81399e+16	6.83e-01	3.16e-01	1.07e-03	0.00e+00	0.00e+00	0.00e+00	0.00e+00	0.00e+00	0.00e+00	5.51e-01	8.02e-02	5.20e-02
 7.81971e+16	6.94e-01	3.05e-01	9.33e-04	0.00e+00	0.00e+00	0.00e+00	0.00e+00	0.00e+00	0.00e+00	5.61e-01	8.02e-02	5.23e-02
 7.82546e+16	7.06e-01	2.93e-01	8.15e-04	0.00e+00	0.00e+00	0.00e+00	0.00e+00	0.00e+00	0.00e+00	5.73e-01	8.02e-02	5.26e-02
 7.83100e+16	7.17e-01	2.83e-01	7.14e-04	0.00e+00	0.00e+00	0.00e+00	0.00e+00	0.00e+00	0.00e+00	5.84e-01	8.01e-02	5.29e-02
 7.83629e+16	7.27e-01	2.73e-01	6.29e-04	0.00e+00	0.00e+00	0.00e+00	0.00e+00	0.00e+00	0.00e+00	5.93e-01	8.00e-02	5.31e-02
 7.84161e+16	7.37e-01	2.63e-01	5.51e-04	0.00e+00	0.00e+00	0.00e+00	0.00e+00	0.00e+00	0.00e+00	6.04e-01	7.97e-02	5.33e-02
 7.84702e+16	7.47e-01	2.53e-01	4.82e-04	0.00e+00	0.00e+00	0.00e+00	0.00e+00	0.00e+00	0.00e+00	6.14e-01	7.95e-02	5.34e-02
 7.85236e+16	7.57e-01	2.43e-01	4.21e-04	0.00e+00	0.00e+00	0.00e+00	0.00e+00	0.00e+00	0.00e+00	6.24e-01	7.91e-02	5.35e-02
 7.85758e+16	7.66e-01	2.34e-01	3.68e-04	0.00e+00	0.00e+00	0.00e+00	0.00e+00	0.00e+00	0.00e+00	6.34e-01	7.88e-02	5.36e-02
 7.86276e+16	7.75e-01	2.24e-01	3.22e-04	0.00e+00	0.00e+00	0.00e+00	0.00e+00	0.00e+00	0.00e+00	6.43e-01	7.83e-02	5.36e-02
 7.86799e+16	7.84e-01	2.15e-01	2.81e-04	0.00e+00	0.00e+00	0.00e+00	0.00e+00	0.00e+00	0.00e+00	6.53e-01	7.79e-02	5.36e-02
 7.87310e+16	7.93e-01	2.07e-01	2.45e-04	0.00e+00	0.00e+00	0.00e+00	0.00e+00	0.00e+00	0.00e+00	6.62e-01	7.73e-02	5.35e-02
 7.87811e+16	8.01e-01	1.99e-01	2.14e-04	0.00e+00	0.00e+00	0.00e+00	0.00e+00	0.00e+00	0.00e+00	6.71e-01	7.68e-02	5.34e-02
 7.88317e+16	8.10e-01	1.90e-01	1.86e-04	0.00e+00	0.00e+00	0.00e+00	0.00e+00	0.00e+00	0.00e+00	6.80e-01	7.62e-02	5.33e-02
 7.88821e+16	8.17e-01	1.82e-01	1.62e-04	0.00e+00	0.00e+00	0.00e+00	0.00e+00	0.00e+00	0.00e+00	6.89e-01	7.56e-02	5.31e-02
 7.89318e+16	8.25e-01	1.75e-01	1.41e-04	0.00e+00	0.00e+00	0.00e+00	0.00e+00	0.00e+00	0.00e+00	6.97e-01	7.49e-02	5.29e-02
 7.89813e+16	8.33e-01	1.67e-01	1.23e-04	0.00e+00	0.00e+00	0.00e+00	0.00e+00	0.00e+00	0.00e+00	7.06e-01	7.42e-02	5.27e-02
 7.90300e+16	8.40e-01	1.60e-01	1.07e-04	0.00e+00	0.00e+00	0.00e+00	0.00e+00	0.00e+00	0.00e+00	7.14e-01	7.35e-02	5.25e-02
 7.90782e+16	8.46e-01	1.54e-01	9.32e-05	0.00e+00	0.00e+00	0.00e+00	0.00e+00	0.00e+00	0.00e+00	7.21e-01	7.28e-02	5.22e-02
 7.91269e+16	8.53e-01	1.47e-01	8.09e-05	0.00e+00	0.00e+00	0.00e+00	0.00e+00	0.00e+00	0.00e+00	7.29e-01	7.21e-02	5.19e-02
 7.91755e+16	8.60e-01	1.40e-01	7.00e-05	0.00e+00	0.00e+00	0.00e+00	0.00e+00	0.00e+00	0.00e+00	7.37e-01	7.13e-02	5.16e-02
 7.92226e+16	8.66e-01	1.34e-01	6.10e-05	0.00e+00	0.00e+00	0.00e+00	0.00e+00	0.00e+00	0.00e+00	7.44e-01	7.06e-02	5.13e-02
 7.92684e+16	8.71e-01	1.29e-01	5.32e-05	0.00e+00	0.00e+00	0.00e+00	0.00e+00	0.00e+00	0.00e+00	7.51e-01	6.98e-02	5.09e-02
 7.93142e+16	8.77e-01	1.23e-01	4.63e-05	0.00e+00	0.00e+00	0.00e+00	0.00e+00	0.00e+00	0.00e+00	7.57e-01	6.91e-02	5.06e-02
 7.93599e+16	8.82e-01	1.18e-01	4.03e-05	0.00e+00	0.00e+00	0.00e+00	0.00e+00	0.00e+00	0.00e+00	7.64e-01	6.83e-02	5.02e-02
 7.94045e+16	8.87e-01	1.13e-01	3.51e-05	0.00e+00	0.00e+00	0.00e+00	0.00e+00	0.00e+00	0.00e+00	7.70e-01	6.76e-02	4.99e-02
 7.94486e+16	8.92e-01	1.08e-01	3.07e-05	0.00e+00	0.00e+00	0.00e+00	0.00e+00	0.00e+00	0.00e+00	7.76e-01	6.68e-02	4.95e-02
 7.94921e+16	8.97e-01	1.03e-01	2.68e-05	0.00e+00	0.00e+00	0.00e+00	0.00e+00	0.00e+00	0.00e+00	7.81e-01	6.61e-02	4.91e-02
 7.95346e+16	9.01e-01	9.89e-02	2.35e-05	0.00e+00	0.00e+00	0.00e+00	0.00e+00	0.00e+00	0.00e+00	7.87e-01	6.54e-02	4.87e-02
 7.95763e+16	9.05e-01	9.48e-02	2.06e-05	0.00e+00	0.00e+00	0.00e+00	0.00e+00	0.00e+00	0.00e+00	7.92e-01	6.47e-02	4.84e-02
 7.96178e+16	9.09e-01	9.08e-02	1.80e-05	0.00e+00	0.00e+00	0.00e+00	0.00e+00	0.00e+00	0.00e+00	7.97e-01	6.40e-02	4.80e-02
 7.96592e+16	9.13e-01	8.70e-02	1.58e-05	0.00e+00	0.00e+00	0.00e+00	0.00e+00	0.00e+00	0.00e+00	8.02e-01	6.34e-02	4.76e-02
 7.96997e+16	9.17e-01	8.34e-02	1.39e-05	0.00e+00	0.00e+00	0.00e+00	0.00e+00	0.00e+00	0.00e+00	8.07e-01	6.27e-02	4.72e-02
 7.97390e+16	9.20e-01	8.00e-02	1.22e-05	0.00e+00	0.00e+00	0.00e+00	0.00e+00	0.00e+00	0.00e+00	8.11e-01	6.21e-02	4.69e-02
 7.97782e+16	9.23e-01	7.67e-02	1.08e-05	0.00e+00	0.00e+00	0.00e+00	0.00e+00	0.00e+00	0.00e+00	8.15e-01	6.14e-02	4.65e-02
 7.98176e+16	9.26e-01	7.36e-02	9.46e-06	0.00e+00	0.00e+00	0.00e+00	0.00e+00	0.00e+00	0.00e+00	8.19e-01	6.08e-02	4.62e-02
 7.98563e+16	9.29e-01	7.05e-02	8.33e-06	0.00e+00	0.00e+00	0.00e+00	0.00e+00	0.00e+00	0.00e+00	8.23e-01	6.02e-02	4.58e-02
 7.98937e+16	9.32e-01	6.77e-02	7.36e-06	0.00e+00	0.00e+00	0.00e+00	0.00e+00	0.00e+00	0.00e+00	8.27e-01	5.96e-02	4.54e-02
 7.99310e+16	9.35e-01	6.50e-02	6.51e-06	0.00e+00	0.00e+00	0.00e+00	0.00e+00	0.00e+00	0.00e+00	8.31e-01	5.91e-02	4.51e-02
 7.99687e+16	9.38e-01	6.23e-02	5.74e-06	0.00e+00	0.00e+00	0.00e+00	0.00e+00	0.00e+00	0.00e+00	8.34e-01	5.85e-02	4.48e-02
 8.00058e+16	9.40e-01	5.97e-02	5.07e-06	0.00e+00	0.00e+00	0.00e+00	0.00e+00	0.00e+00	0.00e+00	8.38e-01	5.80e-02	4.44e-02
 8.00419e+16	9.43e-01	5.74e-02	4.49e-06	0.00e+00	0.00e+00	0.00e+00	0.00e+00	0.00e+00	0.00e+00	8.41e-01	5.75e-02	4.41e-02
 8.00775e+16	9.45e-01	5.51e-02	3.99e-06	0.00e+00	0.00e+00	0.00e+00	0.00e+00	0.00e+00	0.00e+00	8.44e-01	5.70e-02	4.38e-02
 8.01133e+16	9.47e-01	5.29e-02	3.53e-06	0.00e+00	0.00e+00	0.00e+00	0.00e+00	0.00e+00	0.00e+00	8.47e-01	5.65e-02	4.34e-02
 8.01490e+16	9.49e-01	5.08e-02	3.13e-06	0.00e+00	0.00e+00	0.00e+00	0.00e+00	0.00e+00	0.00e+00	8.50e-01	5.60e-02	4.31e-02
 8.01838e+16	9.51e-01	4.88e-02	2.78e-06	0.00e+00	0.00e+00	0.00e+00	0.00e+00	0.00e+00	0.00e+00	8.53e-01	5.55e-02	4.27e-02
 8.02176e+16	9.53e-01	4.68e-02	2.48e-06	0.00e+00	0.00e+00	0.00e+00	0.00e+00	0.00e+00	0.00e+00	8.56e-01	5.50e-02	4.24e-02
 8.02517e+16	9.55e-01	4.50e-02	2.20e-06	0.00e+00	0.00e+00	0.00e+00	0.00e+00	0.00e+00	0.00e+00	8.58e-01	5.46e-02	4.20e-02
 8.02865e+16	9.57e-01	4.32e-02	1.95e-06	0.00e+00	0.00e+00	0.00e+00	0.00e+00	0.00e+00	0.00e+00	8.61e-01	5.41e-02	4.17e-02
 8.03205e+16	9.59e-01	4.14e-02	1.74e-06	0.00e+00	0.00e+00	0.00e+00	0.00e+00	0.00e+00	0.00e+00	8.63e-01	5.37e-02	4.14e-02
 8.03534e+16	9.60e-01	3.98e-02	1.55e-06	0.00e+00	0.00e+00	0.00e+00	0.00e+00	0.00e+00	0.00e+00	8.66e-01	5.33e-02	4.11e-02
 8.03861e+16	9.62e-01	3.83e-02	1.39e-06	0.00e+00	0.00e+00	0.00e+00	0.00e+00	0.00e+00	0.00e+00	8.68e-01	5.29e-02	4.08e-02
 8.04192e+16	9.63e-01	3.68e-02	1.24e-06	0.00e+00	0.00e+00	0.00e+00	0.00e+00	0.00e+00	0.00e+00	8.70e-01	5.25e-02	4.05e-02
 8.04518e+16	9.65e-01	3.53e-02	1.10e-06	0.00e+00	0.00e+00	0.00e+00	0.00e+00	0.00e+00	0.00e+00	8.72e-01	5.21e-02	4.02e-02
 8.04834e+16	9.66e-01	3.39e-02	9.89e-07	0.00e+00	0.00e+00	0.00e+00	0.00e+00	0.00e+00	0.00e+00	8.74e-01	5.18e-02	3.99e-02
 8.05147e+16	9.67e-01	3.26e-02	8.87e-07	0.00e+00	0.00e+00	0.00e+00	0.00e+00	0.00e+00	0.00e+00	8.76e-01	5.14e-02	3.97e-02
 8.05460e+16	9.69e-01	3.13e-02	7.95e-07	0.00e+00	0.00e+00	0.00e+00	0.00e+00	0.00e+00	0.00e+00	8.78e-01	5.11e-02	3.94e-02
 8.05777e+16	9.70e-01	3.01e-02	7.11e-07	0.00e+00	0.00e+00	0.00e+00	0.00e+00	0.00e+00	0.00e+00	8.80e-01	5.07e-02	3.91e-02
 8.06090e+16	9.71e-01	2.88e-02	6.37e-07	0.00e+00	0.00e+00	0.00e+00	0.00e+00	0.00e+00	0.00e+00	8.82e-01	5.04e-02	3.88e-02
 8.06393e+16	9.72e-01	2.77e-02	5.72e-07	0.00e+00	0.00e+00	0.00e+00	0.00e+00	0.00e+00	0.00e+00	8.84e-01	5.01e-02	3.86e-02
 8.06691e+16	9.73e-01	2.66e-02	5.15e-07	0.00e+00	0.00e+00	0.00e+00	0.00e+00	0.00e+00	0.00e+00	8.85e-01	4.97e-02	3.83e-02
 8.06989e+16	9.74e-01	2.55e-02	4.64e-07	0.00e+00	0.00e+00	0.00e+00	0.00e+00	0.00e+00	0.00e+00	8.87e-01	4.94e-02	3.81e-02
 8.07285e+16	9.76e-01	2.45e-02	4.18e-07	0.00e+00	0.00e+00	0.00e+00	0.00e+00	0.00e+00	0.00e+00	8.89e-01	4.91e-02	3.79e-02
 8.07575e+16	9.76e-01	2.35e-02	3.77e-07	0.00e+00	0.00e+00	0.00e+00	0.00e+00	0.00e+00	0.00e+00	8.90e-01	4.88e-02	3.76e-02
 8.07855e+16	9.77e-01	2.26e-02	3.42e-07	0.00e+00	0.00e+00	0.00e+00	0.00e+00	0.00e+00	0.00e+00	8.91e-01	4.86e-02	3.74e-02
 8.08119e+16	9.78e-01	2.17e-02	3.11e-07	0.00e+00	0.00e+00	0.00e+00	0.00e+00	0.00e+00	0.00e+00	8.93e-01	4.83e-02	3.72e-02
 8.08360e+16	9.79e-01	2.10e-02	2.86e-07	0.00e+00	0.00e+00	0.00e+00	0.00e+00	0.00e+00	0.00e+00	8.94e-01	4.81e-02	3.70e-02
 8.08577e+16	9.80e-01	2.04e-02	2.66e-07	0.00e+00	0.00e+00	0.00e+00	0.00e+00	0.00e+00	0.00e+00	8.95e-01	4.79e-02	3.68e-02
 8.08776e+16	9.80e-01	1.98e-02	2.48e-07	0.00e+00	0.00e+00	0.00e+00	0.00e+00	0.00e+00	0.00e+00	8.96e-01	4.77e-02	3.67e-02
 8.08965e+16	9.81e-01	1.93e-02	2.33e-07	0.00e+00	0.00e+00	0.00e+00	0.00e+00	0.00e+00	0.00e+00	8.97e-01	4.75e-02	3.65e-02
 8.09142e+16	9.81e-01	1.88e-02	2.19e-07	0.00e+00	0.00e+00	0.00e+00	0.00e+00	0.00e+00	0.00e+00	8.98e-01	4.73e-02	3.64e-02
 8.09304e+16	9.82e-01	1.83e-02	2.07e-07	0.00e+00	0.00e+00	0.00e+00	0.00e+00	0.00e+00	0.00e+00	8.98e-01	4.72e-02	3.63e-02
 8.09455e+16	9.82e-01	1.79e-02	1.97e-07	0.00e+00	0.00e+00	0.00e+00	0.00e+00	0.00e+00	0.00e+00	8.99e-01	4.70e-02	3.61e-02
 8.09597e+16	9.83e-01	1.75e-02	1.87e-07	0.00e+00	0.00e+00	0.00e+00	0.00e+00	0.00e+00	0.00e+00	9.00e-01	4.69e-02	3.60e-02
 8.09732e+16	9.83e-01	1.71e-02	1.79e-07	0.00e+00	0.00e+00	0.00e+00	0.00e+00	0.00e+00	0.00e+00	9.00e-01	4.67e-02	3.59e-02
 8.09861e+16	9.83e-01	1.68e-02	1.71e-07	0.00e+00	0.00e+00	0.00e+00	0.00e+00	0.00e+00	0.00e+00	9.01e-01	4.66e-02	3.58e-02
 8.09984e+16	9.84e-01	1.64e-02	1.64e-07	0.00e+00	0.00e+00	0.00e+00	0.00e+00	0.00e+00	0.00e+00	9.01e-01	4.65e-02	3.57e-02
 8.10100e+16	9.84e-01	1.61e-02	1.57e-07	0.00e+00	0.00e+00	0.00e+00	0.00e+00	0.00e+00	0.00e+00	9.02e-01	4.63e-02	3.55e-02
 8.10210e+16	9.84e-01	1.58e-02	1.51e-07	0.00e+00	0.00e+00	0.00e+00	0.00e+00	0.00e+00	0.00e+00	9.03e-01	4.62e-02	3.54e-02
 8.10314e+16	9.85e-01	1.55e-02	1.46e-07	0.00e+00	0.00e+00	0.00e+00	0.00e+00	0.00e+00	0.00e+00	9.03e-01	4.61e-02	3.53e-02
 8.10415e+16	9.85e-01	1.52e-02	1.41e-07	0.00e+00	0.00e+00	0.00e+00	0.00e+00	0.00e+00	0.00e+00	9.04e-01	4.60e-02	3.52e-02
 8.10512e+16	9.85e-01	1.49e-02	1.36e-07	0.00e+00	0.00e+00	0.00e+00	0.00e+00	0.00e+00	0.00e+00	9.04e-01	4.58e-02	3.51e-02
 8.10605e+16	9.85e-01	1.47e-02	1.32e-07	0.00e+00	0.00e+00	0.00e+00	0.00e+00	0.00e+00	0.00e+00	9.05e-01	4.57e-02	3.50e-02
 8.10695e+16	9.86e-01	1.44e-02	1.27e-07	0.00e+00	0.00e+00	0.00e+00	0.00e+00	0.00e+00	0.00e+00	9.05e-01	4.56e-02	3.49e-02
 8.10783e+16	9.86e-01	1.41e-02	1.23e-07	0.00e+00	0.00e+00	0.00e+00	0.00e+00	0.00e+00	0.00e+00	9.06e-01	4.55e-02	3.48e-02
 8.10870e+16	9.86e-01	1.39e-02	1.20e-07	0.00e+00	0.00e+00	0.00e+00	0.00e+00	0.00e+00	0.00e+00	9.06e-01	4.54e-02	3.47e-02
 8.10956e+16	9.86e-01	1.36e-02	1.16e-07	0.00e+00	0.00e+00	0.00e+00	0.00e+00	0.00e+00	0.00e+00	9.07e-01	4.52e-02	3.46e-02
 8.11043e+16	9.87e-01	1.34e-02	1.12e-07	0.00e+00	0.00e+00	0.00e+00	0.00e+00	0.00e+00	0.00e+00	9.07e-01	4.51e-02	3.45e-02
 8.11130e+16	9.87e-01	1.31e-02	1.09e-07	0.00e+00	0.00e+00	0.00e+00	0.00e+00	0.00e+00	0.00e+00	9.08e-01	4.50e-02	3.44e-02
 8.11219e+16	9.87e-01	1.28e-02	1.05e-07	0.00e+00	0.00e+00	0.00e+00	0.00e+00	0.00e+00	0.00e+00	9.08e-01	4.48e-02	3.43e-02
 8.11314e+16	9.88e-01	1.25e-02	1.01e-07	0.00e+00	0.00e+00	0.00e+00	0.00e+00	0.00e+00	0.00e+00	9.09e-01	4.47e-02	3.41e-02
 8.11414e+16	9.88e-01	1.22e-02	9.73e-08	0.00e+00	0.00e+00	0.00e+00	0.00e+00	0.00e+00	0.00e+00	9.09e-01	4.45e-02	3.39e-02
 8.11513e+16	9.88e-01	1.18e-02	9.36e-08	0.00e+00	0.00e+00	0.00e+00	0.00e+00	0.00e+00	0.00e+00	9.10e-01	4.43e-02	3.38e-02
 8.11601e+16	9.88e-01	1.15e-02	9.04e-08	0.00e+00	0.00e+00	0.00e+00	0.00e+00	0.00e+00	0.00e+00	9.11e-01	4.41e-02	3.36e-02
 8.11681e+16	9.89e-01	1.13e-02	8.75e-08	0.00e+00	0.00e+00	0.00e+00	0.00e+00	0.00e+00	0.00e+00	9.11e-01	4.40e-02	3.35e-02
 8.11759e+16	9.89e-01	1.10e-02	8.47e-08	0.00e+00	0.00e+00	0.00e+00	0.00e+00	0.00e+00	0.00e+00	9.12e-01	4.38e-02	3.33e-02
 8.11834e+16	9.89e-01	1.07e-02	8.21e-08	0.00e+00	0.00e+00	0.00e+00	0.00e+00	0.00e+00	0.00e+00	9.12e-01	4.36e-02	3.32e-02
 8.11904e+16	9.89e-01	1.05e-02	7.97e-08	0.00e+00	0.00e+00	0.00e+00	0.00e+00	0.00e+00	0.00e+00	9.13e-01	4.35e-02	3.30e-02
 8.11968e+16	9.90e-01	1.03e-02	7.76e-08	0.00e+00	0.00e+00	0.00e+00	0.00e+00	0.00e+00	0.00e+00	9.13e-01	4.33e-02	3.29e-02
 8.12026e+16	9.90e-01	1.01e-02	7.56e-08	0.00e+00	0.00e+00	0.00e+00	0.00e+00	0.00e+00	0.00e+00	9.14e-01	4.32e-02	3.28e-02
 8.12079e+16	9.90e-01	9.92e-03	7.38e-08	0.00e+00	0.00e+00	0.00e+00	0.00e+00	0.00e+00	0.00e+00	9.14e-01	4.31e-02	3.26e-02
 8.12127e+16	9.90e-01	9.76e-03	7.23e-08	0.00e+00	0.00e+00	0.00e+00	0.00e+00	0.00e+00	0.00e+00	9.15e-01	4.29e-02	3.25e-02
 8.12171e+16	9.90e-01	9.62e-03	7.09e-08	0.00e+00	0.00e+00	0.00e+00	0.00e+00	0.00e+00	0.00e+00	9.15e-01	4.28e-02	3.24e-02
 8.12211e+16	9.91e-01	9.50e-03	6.96e-08	0.00e+00	0.00e+00	0.00e+00	0.00e+00	0.00e+00	0.00e+00	9.15e-01	4.27e-02	3.23e-02
 8.12255e+16	9.91e-01	9.36e-03	6.82e-08	0.00e+00	0.00e+00	0.00e+00	0.00e+00	0.00e+00	0.00e+00	9.16e-01	4.26e-02	3.22e-02
 8.12302e+16	9.91e-01	9.21e-03	6.67e-08	0.00e+00	0.00e+00	0.00e+00	0.00e+00	0.00e+00	0.00e+00	9.16e-01	4.24e-02	3.21e-02
 8.12345e+16	9.91e-01	9.08e-03	6.54e-08	0.00e+00	0.00e+00	0.00e+00	0.00e+00	0.00e+00	0.00e+00	9.17e-01	4.23e-02	3.20e-02
 8.12384e+16	9.91e-01	8.96e-03	6.42e-08	0.00e+00	0.00e+00	0.00e+00	0.00e+00	0.00e+00	0.00e+00	9.17e-01	4.22e-02	3.19e-02
 8.12427e+16	9.91e-01	8.82e-03	6.28e-08	0.00e+00	0.00e+00	0.00e+00	0.00e+00	0.00e+00	0.00e+00	9.17e-01	4.21e-02	3.18e-02
 8.12474e+16	9.91e-01	8.67e-03	6.14e-08	0.00e+00	0.00e+00	0.00e+00	0.00e+00	0.00e+00	0.00e+00	9.18e-01	4.19e-02	3.17e-02
 8.12516e+16	9.91e-01	8.57e-03	6.02e-08	0.00e+00	0.00e+00	0.00e+00	0.00e+00	0.00e+00	0.00e+00	9.18e-01	4.18e-02	3.16e-02
 8.12562e+16	9.92e-01	8.41e-03	5.86e-08	0.00e+00	0.00e+00	0.00e+00	0.00e+00	0.00e+00	0.00e+00	9.19e-01	4.16e-02	3.15e-02
 8.12612e+16	9.92e-01	8.26e-03	5.71e-08	0.00e+00	0.00e+00	0.00e+00	0.00e+00	0.00e+00	0.00e+00	9.19e-01	4.15e-02	3.13e-02
 8.12657e+16	9.92e-01	8.14e-03	5.59e-08	0.00e+00	0.00e+00	0.00e+00	0.00e+00	0.00e+00	0.00e+00	9.19e-01	4.13e-02	3.12e-02
 8.12707e+16	9.92e-01	8.00e-03	5.44e-08	0.00e+00	0.00e+00	0.00e+00	0.00e+00	0.00e+00	0.00e+00	9.20e-01	4.12e-02	3.11e-02
 8.12760e+16	9.92e-01	7.87e-03	5.30e-08	0.00e+00	0.00e+00	0.00e+00	0.00e+00	0.00e+00	0.00e+00	9.20e-01	4.10e-02	3.10e-02
 8.12819e+16	9.92e-01	7.73e-03	5.14e-08	0.00e+00	0.00e+00	0.00e+00	0.00e+00	0.00e+00	0.00e+00	9.21e-01	4.09e-02	3.08e-02
 8.12883e+16	9.92e-01	7.57e-03	4.98e-08	0.00e+00	0.00e+00	0.00e+00	0.00e+00	0.00e+00	0.00e+00	9.21e-01	4.07e-02	3.07e-02
 8.12940e+16	9.93e-01	7.43e-03	4.83e-08	0.00e+00	0.00e+00	0.00e+00	0.00e+00	0.00e+00	0.00e+00	9.21e-01	4.06e-02	3.06e-02
 8.12993e+16	9.93e-01	7.31e-03	4.69e-08	0.00e+00	0.00e+00	0.00e+00	0.00e+00	0.00e+00	0.00e+00	9.22e-01	4.04e-02	3.05e-02
