#depth	He	He+	He+2
 1.61740e+12	1.57e-04	2.80e-01	7.20e-01
 9.70440e+12	1.57e-04	2.80e-01	7.20e-01
 4.20524e+13	1.58e-04	2.81e-01	7.19e-01
 1.71444e+14	1.61e-04	2.85e-01	7.15e-01
 4.09526e+14	1.62e-04	2.86e-01	7.14e-01
 7.19031e+14	1.67e-04	2.93e-01	7.07e-01
 1.12139e+15	1.77e-04	3.06e-01	6.94e-01
 1.64445e+15	1.92e-04	3.28e-01	6.72e-01
 2.32444e+15	2.18e-04	3.66e-01	6.34e-01
 3.09869e+15	2.55e-04	4.20e-01	5.80e-01
 3.83215e+15	3.00e-04	4.86e-01	5.14e-01
 4.46684e+15	3.48e-04	5.54e-01	4.45e-01
 5.03195e+15	3.96e-04	6.22e-01	3.77e-01
 5.66206e+15	4.53e-04	7.00e-01	3.00e-01
 6.48121e+15	5.23e-04	7.92e-01	2.07e-01
 7.39340e+15	5.92e-04	8.75e-01	1.25e-01
 8.42656e+15	6.50e-04	9.34e-01	6.52e-02
 9.76966e+15	7.00e-04	9.72e-01	2.72e-02
 1.15157e+16	7.44e-04	9.90e-01	9.10e-03
 1.37855e+16	7.91e-04	9.97e-01	2.48e-03
 1.58219e+16	8.28e-04	9.98e-01	8.57e-04
 1.74041e+16	8.59e-04	9.99e-01	4.00e-04
 1.91445e+16	8.94e-04	9.99e-01	1.82e-04
 2.10590e+16	9.35e-04	9.99e-01	8.09e-05
 2.31649e+16	9.82e-04	9.99e-01	3.53e-05
 2.54814e+16	1.04e-03	9.99e-01	1.53e-05
 2.80295e+16	1.10e-03	9.99e-01	6.66e-06
 3.08324e+16	1.19e-03	9.99e-01	2.94e-06
 3.39157e+16	1.28e-03	9.99e-01	1.33e-06
 3.73073e+16	1.41e-03	9.99e-01	6.21e-07
 4.07422e+16	1.56e-03	9.98e-01	3.14e-07
 4.29720e+16	1.67e-03	9.98e-01	2.17e-07
 4.38443e+16	1.71e-03	9.98e-01	1.89e-07
 4.45363e+16	1.76e-03	9.98e-01	1.67e-07
 4.54358e+16	1.81e-03	9.98e-01	1.42e-07
 4.66053e+16	1.89e-03	9.98e-01	1.17e-07
 4.79080e+16	1.98e-03	9.98e-01	9.46e-08
 4.90895e+16	2.07e-03	9.98e-01	7.89e-08
 5.01216e+16	2.16e-03	9.98e-01	6.76e-08
 5.12540e+16	2.26e-03	9.98e-01	5.66e-08
 5.24632e+16	2.39e-03	9.98e-01	4.76e-08
 5.34905e+16	2.50e-03	9.97e-01	4.12e-08
 5.43782e+16	2.61e-03	9.97e-01	3.64e-08
 5.53660e+16	2.75e-03	9.97e-01	3.15e-08
 5.64434e+16	2.91e-03	9.97e-01	2.72e-08
 5.73880e+16	3.06e-03	9.97e-01	2.40e-08
 5.82067e+16	3.21e-03	9.97e-01	2.16e-08
 5.91113e+16	3.40e-03	9.97e-01	1.91e-08
 6.00911e+16	3.62e-03	9.96e-01	1.68e-08
 6.09499e+16	3.84e-03	9.96e-01	1.51e-08
 6.17037e+16	4.06e-03	9.96e-01	1.37e-08
 6.25401e+16	4.33e-03	9.96e-01	1.23e-08
 6.34311e+16	4.66e-03	9.95e-01	1.10e-08
 6.41816e+16	4.97e-03	9.95e-01	1.01e-08
 6.48218e+16	5.27e-03	9.95e-01	9.33e-09
 6.55305e+16	5.66e-03	9.94e-01	8.52e-09
 6.62921e+16	6.13e-03	9.94e-01	7.78e-09
 6.69409e+16	6.59e-03	9.93e-01	7.21e-09
 6.74881e+16	7.04e-03	9.93e-01	6.77e-09
 6.80846e+16	7.60e-03	9.92e-01	6.29e-09
 6.87288e+16	8.29e-03	9.92e-01	5.83e-09
 6.92807e+16	8.99e-03	9.91e-01	5.47e-09
 6.97471e+16	9.67e-03	9.90e-01	5.19e-09
 7.02562e+16	1.05e-02	9.89e-01	4.88e-09
 7.08080e+16	1.16e-02	9.88e-01	4.58e-09
 7.12849e+16	1.28e-02	9.87e-01	4.34e-09
 7.16906e+16	1.39e-02	9.86e-01	4.15e-09
 7.21346e+16	1.54e-02	9.85e-01	3.95e-09
 7.26220e+16	1.73e-02	9.83e-01	3.74e-09
 7.30085e+16	1.91e-02	9.81e-01	3.60e-09
 7.32699e+16	2.06e-02	9.79e-01	3.51e-09
 7.35264e+16	2.22e-02	9.78e-01	3.41e-09
 7.38598e+16	2.47e-02	9.75e-01	3.29e-09
 7.41857e+16	2.75e-02	9.72e-01	3.21e-09
 7.44221e+16	2.99e-02	9.70e-01	3.16e-09
 7.46161e+16	3.22e-02	9.68e-01	3.12e-09
 7.48347e+16	3.52e-02	9.65e-01	3.07e-09
 7.50749e+16	3.89e-02	9.61e-01	3.03e-09
 7.52864e+16	4.25e-02	9.57e-01	3.02e-09
 7.54688e+16	4.63e-02	9.54e-01	3.00e-09
 7.56698e+16	5.11e-02	9.49e-01	2.99e-09
 7.58831e+16	5.68e-02	9.43e-01	3.01e-09
 7.60632e+16	6.25e-02	9.38e-01	3.04e-09
 7.62181e+16	6.79e-02	9.32e-01	3.08e-09
 7.63892e+16	7.50e-02	9.25e-01	3.13e-09
 7.65771e+16	8.37e-02	9.16e-01	3.23e-09
 7.67447e+16	9.29e-02	9.07e-01	3.32e-09
 7.68901e+16	1.02e-01	8.98e-01	3.44e-09
 7.70306e+16	1.12e-01	8.88e-01	3.56e-09
 7.71792e+16	1.23e-01	8.77e-01	3.74e-09
 7.73213e+16	1.35e-01	8.65e-01	3.94e-09
 7.74412e+16	1.47e-01	8.53e-01	4.12e-09
 7.75477e+16	1.59e-01	8.41e-01	4.29e-09
 7.76524e+16	1.71e-01	8.29e-01	4.51e-09
 7.77373e+16	1.81e-01	8.19e-01	4.68e-09
 7.77922e+16	1.88e-01	8.12e-01	4.79e-09
 7.78428e+16	1.96e-01	8.04e-01	4.89e-09
 7.79045e+16	2.05e-01	7.95e-01	5.03e-09
 7.79704e+16	2.15e-01	7.85e-01	5.22e-09
 7.80307e+16	2.24e-01	7.76e-01	5.37e-09
 7.80854e+16	2.33e-01	7.67e-01	5.54e-09
 7.81399e+16	2.43e-01	7.57e-01	5.69e-09
 7.81971e+16	2.53e-01	7.47e-01	5.89e-09
 7.82546e+16	2.64e-01	7.36e-01	6.08e-09
 7.83100e+16	2.75e-01	7.25e-01	6.27e-09
 7.83629e+16	2.86e-01	7.14e-01	6.47e-09
 7.84161e+16	2.97e-01	7.03e-01	6.65e-09
 7.84702e+16	3.09e-01	6.91e-01	6.88e-09
 7.85236e+16	3.21e-01	6.79e-01	7.08e-09
 7.85758e+16	3.33e-01	6.67e-01	7.31e-09
 7.86276e+16	3.46e-01	6.54e-01	7.53e-09
 7.86799e+16	3.59e-01	6.41e-01	7.75e-09
 7.87310e+16	3.72e-01	6.28e-01	7.98e-09
 7.87811e+16	3.85e-01	6.15e-01	8.21e-09
 7.88317e+16	3.99e-01	6.01e-01	8.43e-09
 7.88821e+16	4.12e-01	5.88e-01	8.69e-09
 7.89318e+16	4.26e-01	5.74e-01	8.92e-09
 7.89813e+16	4.40e-01	5.60e-01	9.15e-09
 7.90300e+16	4.55e-01	5.45e-01	9.39e-09
 7.90782e+16	4.69e-01	5.31e-01	9.64e-09
 7.91269e+16	4.84e-01	5.16e-01	9.87e-09
 7.91755e+16	4.98e-01	5.02e-01	1.01e-08
 7.92226e+16	5.13e-01	4.87e-01	1.03e-08
 7.92684e+16	5.27e-01	4.73e-01	1.05e-08
 7.93142e+16	5.41e-01	4.59e-01	1.08e-08
 7.93599e+16	5.56e-01	4.44e-01	1.10e-08
 7.94045e+16	5.70e-01	4.30e-01	1.12e-08
 7.94486e+16	5.84e-01	4.16e-01	1.14e-08
 7.94921e+16	5.97e-01	4.03e-01	1.16e-08
 7.95346e+16	6.11e-01	3.89e-01	1.18e-08
 7.95763e+16	6.24e-01	3.76e-01	1.19e-08
 7.96178e+16	6.37e-01	3.63e-01	1.21e-08
 7.96592e+16	6.50e-01	3.50e-01	1.23e-08
 7.96997e+16	6.62e-01	3.38e-01	1.24e-08
 7.97390e+16	6.74e-01	3.26e-01	1.25e-08
 7.97782e+16	6.86e-01	3.14e-01	1.26e-08
 7.98176e+16	6.98e-01	3.02e-01	1.28e-08
 7.98563e+16	7.09e-01	2.91e-01	1.29e-08
 7.98937e+16	7.20e-01	2.80e-01	1.30e-08
 7.99310e+16	7.31e-01	2.69e-01	1.31e-08
 7.99687e+16	7.41e-01	2.59e-01	1.31e-08
 8.00058e+16	7.51e-01	2.49e-01	1.32e-08
 8.00419e+16	7.61e-01	2.39e-01	1.33e-08
 8.00775e+16	7.70e-01	2.30e-01	1.33e-08
 8.01133e+16	7.79e-01	2.21e-01	1.34e-08
 8.01490e+16	7.88e-01	2.12e-01	1.34e-08
 8.01838e+16	7.96e-01	2.04e-01	1.35e-08
 8.02176e+16	8.04e-01	1.96e-01	1.35e-08
 8.02517e+16	8.12e-01	1.88e-01	1.35e-08
 8.02865e+16	8.20e-01	1.80e-01	1.35e-08
 8.03205e+16	8.27e-01	1.73e-01	1.35e-08
 8.03534e+16	8.34e-01	1.66e-01	1.35e-08
 8.03861e+16	8.41e-01	1.59e-01	1.35e-08
 8.04192e+16	8.48e-01	1.52e-01	1.35e-08
 8.04518e+16	8.54e-01	1.46e-01	1.35e-08
 8.04834e+16	8.60e-01	1.40e-01	1.35e-08
 8.05147e+16	8.66e-01	1.34e-01	1.34e-08
 8.05460e+16	8.71e-01	1.29e-01	1.34e-08
 8.05777e+16	8.77e-01	1.23e-01	1.33e-08
 8.06090e+16	8.82e-01	1.18e-01	1.33e-08
 8.06393e+16	8.86e-01	1.14e-01	1.32e-08
 8.06691e+16	8.91e-01	1.09e-01	1.31e-08
 8.06989e+16	8.96e-01	1.04e-01	1.30e-08
 8.07285e+16	9.00e-01	1.00e-01	1.30e-08
 8.07575e+16	9.04e-01	9.62e-02	1.29e-08
 8.07855e+16	9.08e-01	9.24e-02	1.28e-08
 8.08119e+16	9.11e-01	8.89e-02	1.27e-08
 8.08360e+16	9.14e-01	8.58e-02	1.26e-08
 8.08577e+16	9.17e-01	8.31e-02	1.25e-08
 8.08776e+16	9.19e-01	8.07e-02	1.24e-08
 8.08965e+16	9.22e-01	7.84e-02	1.23e-08
 8.09142e+16	9.24e-01	7.63e-02	1.22e-08
 8.09304e+16	9.26e-01	7.44e-02	1.20e-08
 8.09455e+16	9.27e-01	7.26e-02	1.19e-08
 8.09597e+16	9.29e-01	7.10e-02	1.18e-08
 8.09732e+16	9.30e-01	6.95e-02	1.17e-08
 8.09861e+16	9.32e-01	6.81e-02	1.17e-08
 8.09984e+16	9.33e-01	6.68e-02	1.16e-08
 8.10100e+16	9.34e-01	6.56e-02	1.15e-08
 8.10210e+16	9.36e-01	6.44e-02	1.14e-08
 8.10314e+16	9.37e-01	6.33e-02	1.13e-08
 8.10415e+16	9.38e-01	6.23e-02	1.12e-08
 8.10512e+16	9.39e-01	6.13e-02	1.11e-08
 8.10605e+16	9.40e-01	6.04e-02	1.10e-08
 8.10695e+16	9.41e-01	5.95e-02	1.10e-08
 8.10783e+16	9.41e-01	5.86e-02	1.09e-08
 8.10870e+16	9.42e-01	5.78e-02	1.08e-08
 8.10956e+16	9.43e-01	5.69e-02	1.07e-08
 8.11043e+16	9.44e-01	5.61e-02	1.06e-08
 8.11130e+16	9.45e-01	5.52e-02	1.05e-08
 8.11219e+16	9.46e-01	5.44e-02	1.04e-08
 8.11314e+16	9.47e-01	5.35e-02	1.03e-08
 8.11414e+16	9.48e-01	5.25e-02	1.02e-08
 8.11513e+16	9.48e-01	5.16e-02	1.00e-08
 8.11601e+16	9.49e-01	5.08e-02	9.93e-09
 8.11681e+16	9.50e-01	5.00e-02	9.81e-09
 8.11759e+16	9.51e-01	4.93e-02	9.70e-09
 8.11834e+16	9.51e-01	4.85e-02	9.58e-09
 8.11904e+16	9.52e-01	4.79e-02	9.48e-09
 8.11968e+16	9.53e-01	4.73e-02	9.37e-09
 8.12026e+16	9.53e-01	4.67e-02	9.26e-09
 8.12079e+16	9.54e-01	4.62e-02	9.17e-09
 8.12127e+16	9.54e-01	4.57e-02	9.09e-09
 8.12171e+16	9.55e-01	4.53e-02	9.01e-09
 8.12211e+16	9.55e-01	4.49e-02	8.94e-09
 8.12255e+16	9.56e-01	4.45e-02	8.86e-09
 8.12302e+16	9.56e-01	4.40e-02	8.78e-09
 8.12345e+16	9.56e-01	4.36e-02	8.70e-09
 8.12384e+16	9.57e-01	4.32e-02	8.63e-09
 8.12427e+16	9.57e-01	4.28e-02	8.55e-09
 8.12474e+16	9.58e-01	4.24e-02	8.46e-09
 8.12516e+16	9.58e-01	4.20e-02	8.40e-09
 8.12562e+16	9.58e-01	4.15e-02	8.30e-09
 8.12612e+16	9.59e-01	4.10e-02	8.21e-09
 8.12657e+16	9.59e-01	4.07e-02	8.15e-09
 8.12707e+16	9.60e-01	4.02e-02	8.06e-09
 8.12760e+16	9.60e-01	3.97e-02	7.98e-09
 8.12819e+16	9.61e-01	3.92e-02	7.89e-09
 8.12883e+16	9.61e-01	3.87e-02	7.81e-09
 8.12940e+16	9.62e-01	3.82e-02	7.74e-09
 8.12993e+16	9.62e-01	3.79e-02	7.70e-09
