#depth	O	O+	O+2	O+3	O+4	O+5	O+6	O+7	O+8	O[1]	O[2]	O[3]
 1.61687e+12	1.46e-06	2.67e-03	4.88e-01	5.07e-01	2.48e-03	0.00e+00	0.00e+00	0.00e+00	0.00e+00	1.06e-06	2.65e-07	1.38e-07
 9.70124e+12	1.47e-06	2.68e-03	4.89e-01	5.06e-01	2.47e-03	0.00e+00	0.00e+00	0.00e+00	0.00e+00	1.06e-06	2.65e-07	1.38e-07
 4.20387e+13	1.47e-06	2.69e-03	4.92e-01	5.03e-01	2.44e-03	0.00e+00	0.00e+00	0.00e+00	0.00e+00	1.07e-06	2.67e-07	1.39e-07
 1.71389e+14	1.50e-06	2.74e-03	5.01e-01	4.94e-01	2.33e-03	0.00e+00	0.00e+00	0.00e+00	0.00e+00	1.09e-06	2.72e-07	1.42e-07
 4.09392e+14	1.53e-06	2.82e-03	5.15e-01	4.80e-01	2.18e-03	0.00e+00	0.00e+00	0.00e+00	0.00e+00	1.11e-06	2.77e-07	1.44e-07
 7.18797e+14	1.57e-06	2.92e-03	5.34e-01	4.61e-01	1.99e-03	0.00e+00	0.00e+00	0.00e+00	0.00e+00	1.14e-06	2.85e-07	1.49e-07
 1.12102e+15	1.64e-06	3.07e-03	5.60e-01	4.36e-01	1.75e-03	0.00e+00	0.00e+00	0.00e+00	0.00e+00	1.19e-06	2.97e-07	1.55e-07
 1.64392e+15	1.75e-06	3.28e-03	5.94e-01	4.01e-01	1.47e-03	0.00e+00	0.00e+00	0.00e+00	0.00e+00	1.27e-06	3.17e-07	1.66e-07
 2.32368e+15	1.92e-06	3.58e-03	6.42e-01	3.54e-01	1.15e-03	0.00e+00	0.00e+00	0.00e+00	0.00e+00	1.39e-06	3.47e-07	1.82e-07
 3.09751e+15	2.12e-06	3.94e-03	6.98e-01	2.98e-01	8.31e-04	0.00e+00	0.00e+00	0.00e+00	0.00e+00	1.53e-06	3.83e-07	2.01e-07
 3.82836e+15	2.33e-06	4.31e-03	7.52e-01	2.43e-01	5.81e-04	0.00e+00	0.00e+00	0.00e+00	0.00e+00	1.69e-06	4.20e-07	2.21e-07
 4.45983e+15	2.53e-06	4.64e-03	7.99e-01	1.96e-01	4.05e-04	0.00e+00	0.00e+00	0.00e+00	0.00e+00	1.83e-06	4.55e-07	2.40e-07
 5.02913e+15	2.74e-06	4.97e-03	8.39e-01	1.56e-01	2.77e-04	0.00e+00	0.00e+00	0.00e+00	0.00e+00	1.99e-06	4.92e-07	2.60e-07
 5.67099e+15	3.00e-06	5.33e-03	8.79e-01	1.15e-01	1.70e-04	0.00e+00	0.00e+00	0.00e+00	0.00e+00	2.18e-06	5.38e-07	2.85e-07
 6.50541e+15	3.32e-06	5.73e-03	9.20e-01	7.41e-02	8.38e-05	0.00e+00	0.00e+00	0.00e+00	0.00e+00	2.41e-06	5.93e-07	3.14e-07
 7.44038e+15	3.64e-06	6.11e-03	9.52e-01	4.22e-02	3.45e-05	0.00e+00	0.00e+00	0.00e+00	0.00e+00	2.64e-06	6.49e-07	3.45e-07
 8.50608e+15	4.01e-06	6.48e-03	9.72e-01	2.13e-02	1.16e-05	0.00e+00	0.00e+00	0.00e+00	0.00e+00	2.92e-06	7.14e-07	3.80e-07
 9.89149e+15	4.46e-06	6.85e-03	9.84e-01	8.82e-03	2.80e-06	0.00e+00	0.00e+00	0.00e+00	0.00e+00	3.24e-06	7.92e-07	4.23e-07
 1.16925e+16	5.05e-06	7.26e-03	9.90e-01	3.01e-03	4.71e-07	0.00e+00	0.00e+00	0.00e+00	0.00e+00	3.67e-06	8.96e-07	4.79e-07
 1.40339e+16	5.91e-06	7.78e-03	9.91e-01	8.76e-04	0.00e+00	0.00e+00	0.00e+00	0.00e+00	0.00e+00	4.30e-06	1.05e-06	5.60e-07
 1.61251e+16	6.68e-06	8.21e-03	9.91e-01	3.51e-04	0.00e+00	0.00e+00	0.00e+00	0.00e+00	0.00e+00	4.86e-06	1.18e-06	6.33e-07
 1.77376e+16	7.46e-06	8.60e-03	9.91e-01	1.97e-04	0.00e+00	0.00e+00	0.00e+00	0.00e+00	0.00e+00	5.43e-06	1.32e-06	7.07e-07
 1.95114e+16	8.46e-06	9.06e-03	9.91e-01	1.21e-04	0.00e+00	0.00e+00	0.00e+00	0.00e+00	0.00e+00	6.15e-06	1.50e-06	8.02e-07
 2.14625e+16	9.75e-06	9.60e-03	9.90e-01	8.35e-05	0.00e+00	0.00e+00	0.00e+00	0.00e+00	0.00e+00	7.09e-06	1.73e-06	9.24e-07
 2.36088e+16	1.15e-05	1.03e-02	9.90e-01	6.46e-05	0.00e+00	0.00e+00	0.00e+00	0.00e+00	0.00e+00	8.33e-06	2.04e-06	1.09e-06
 2.59696e+16	1.38e-05	1.11e-02	9.89e-01	5.37e-05	0.00e+00	0.00e+00	0.00e+00	0.00e+00	0.00e+00	1.00e-05	2.45e-06	1.31e-06
 2.85666e+16	1.71e-05	1.21e-02	9.88e-01	4.65e-05	0.00e+00	0.00e+00	0.00e+00	0.00e+00	0.00e+00	1.24e-05	3.04e-06	1.62e-06
 3.14233e+16	2.19e-05	1.34e-02	9.87e-01	4.10e-05	0.00e+00	0.00e+00	0.00e+00	0.00e+00	0.00e+00	1.59e-05	3.91e-06	2.08e-06
 3.45656e+16	2.92e-05	1.51e-02	9.85e-01	3.63e-05	0.00e+00	0.00e+00	0.00e+00	0.00e+00	0.00e+00	2.12e-05	5.23e-06	2.77e-06
 3.80221e+16	4.12e-05	1.75e-02	9.82e-01	3.18e-05	0.00e+00	0.00e+00	0.00e+00	0.00e+00	0.00e+00	2.98e-05	7.40e-06	3.91e-06
 4.05045e+16	5.39e-05	1.97e-02	9.80e-01	2.88e-05	0.00e+00	0.00e+00	0.00e+00	0.00e+00	0.00e+00	3.91e-05	9.70e-06	5.12e-06
 4.15164e+16	6.05e-05	2.07e-02	9.79e-01	2.75e-05	0.00e+00	0.00e+00	0.00e+00	0.00e+00	0.00e+00	4.38e-05	1.09e-05	5.74e-06
 4.22987e+16	6.62e-05	2.16e-02	9.78e-01	2.65e-05	0.00e+00	0.00e+00	0.00e+00	0.00e+00	0.00e+00	4.80e-05	1.19e-05	6.29e-06
 4.33158e+16	7.47e-05	2.28e-02	9.77e-01	2.54e-05	0.00e+00	0.00e+00	0.00e+00	0.00e+00	0.00e+00	5.41e-05	1.35e-05	7.09e-06
 4.46379e+16	8.78e-05	2.46e-02	9.75e-01	2.39e-05	0.00e+00	0.00e+00	0.00e+00	0.00e+00	0.00e+00	6.36e-05	1.58e-05	8.32e-06
 4.60563e+16	1.05e-04	2.67e-02	9.73e-01	2.23e-05	0.00e+00	0.00e+00	0.00e+00	0.00e+00	0.00e+00	7.61e-05	1.89e-05	9.95e-06
 4.72703e+16	1.23e-04	2.88e-02	9.71e-01	2.09e-05	0.00e+00	0.00e+00	0.00e+00	0.00e+00	0.00e+00	8.93e-05	2.22e-05	1.17e-05
 4.83178e+16	1.42e-04	3.08e-02	9.69e-01	1.98e-05	0.00e+00	0.00e+00	0.00e+00	0.00e+00	0.00e+00	1.03e-04	2.56e-05	1.34e-05
 4.94782e+16	1.67e-04	3.33e-02	9.67e-01	1.85e-05	0.00e+00	0.00e+00	0.00e+00	0.00e+00	0.00e+00	1.21e-04	3.01e-05	1.58e-05
 5.07289e+16	2.01e-04	3.64e-02	9.63e-01	1.72e-05	0.00e+00	0.00e+00	0.00e+00	0.00e+00	0.00e+00	1.45e-04	3.61e-05	1.90e-05
 5.18133e+16	2.36e-04	3.94e-02	9.60e-01	1.60e-05	0.00e+00	0.00e+00	0.00e+00	0.00e+00	0.00e+00	1.71e-04	4.25e-05	2.23e-05
 5.27577e+16	2.75e-04	4.25e-02	9.57e-01	1.50e-05	0.00e+00	0.00e+00	0.00e+00	0.00e+00	0.00e+00	1.99e-04	4.94e-05	2.59e-05
 5.38038e+16	3.25e-04	4.62e-02	9.53e-01	1.39e-05	0.00e+00	0.00e+00	0.00e+00	0.00e+00	0.00e+00	2.36e-04	5.85e-05	3.07e-05
 5.49346e+16	3.93e-04	5.09e-02	9.49e-01	1.28e-05	0.00e+00	0.00e+00	0.00e+00	0.00e+00	0.00e+00	2.85e-04	7.08e-05	3.71e-05
 5.59134e+16	4.67e-04	5.55e-02	9.44e-01	1.19e-05	0.00e+00	0.00e+00	0.00e+00	0.00e+00	0.00e+00	3.38e-04	8.39e-05	4.40e-05
 5.67641e+16	5.44e-04	6.01e-02	9.39e-01	1.10e-05	0.00e+00	0.00e+00	0.00e+00	0.00e+00	0.00e+00	3.95e-04	9.79e-05	5.13e-05
 5.77103e+16	6.51e-04	6.59e-02	9.33e-01	1.01e-05	0.00e+00	0.00e+00	0.00e+00	0.00e+00	0.00e+00	4.72e-04	1.17e-04	6.13e-05
 5.87331e+16	7.95e-04	7.31e-02	9.26e-01	9.16e-06	0.00e+00	0.00e+00	0.00e+00	0.00e+00	0.00e+00	5.77e-04	1.43e-04	7.48e-05
 5.96213e+16	9.55e-04	8.04e-02	9.19e-01	8.36e-06	0.00e+00	0.00e+00	0.00e+00	0.00e+00	0.00e+00	6.93e-04	1.72e-04	8.97e-05
 6.03946e+16	1.12e-03	8.77e-02	9.11e-01	7.67e-06	0.00e+00	0.00e+00	0.00e+00	0.00e+00	0.00e+00	8.16e-04	2.02e-04	1.06e-04
 6.12528e+16	1.36e-03	9.69e-02	9.02e-01	6.93e-06	0.00e+00	0.00e+00	0.00e+00	0.00e+00	0.00e+00	9.88e-04	2.44e-04	1.28e-04
 6.21823e+16	1.69e-03	1.09e-01	8.90e-01	6.16e-06	0.00e+00	0.00e+00	0.00e+00	0.00e+00	0.00e+00	1.22e-03	3.03e-04	1.58e-04
 6.29879e+16	2.05e-03	1.20e-01	8.78e-01	5.50e-06	0.00e+00	0.00e+00	0.00e+00	0.00e+00	0.00e+00	1.49e-03	3.68e-04	1.92e-04
 6.36791e+16	2.44e-03	1.32e-01	8.66e-01	4.97e-06	0.00e+00	0.00e+00	0.00e+00	0.00e+00	0.00e+00	1.77e-03	4.37e-04	2.28e-04
 6.44385e+16	2.97e-03	1.47e-01	8.50e-01	4.41e-06	0.00e+00	0.00e+00	0.00e+00	0.00e+00	0.00e+00	2.16e-03	5.33e-04	2.79e-04
 6.52584e+16	3.73e-03	1.65e-01	8.31e-01	3.82e-06	0.00e+00	0.00e+00	0.00e+00	0.00e+00	0.00e+00	2.71e-03	6.68e-04	3.49e-04
 6.59558e+16	4.56e-03	1.84e-01	8.12e-01	3.33e-06	0.00e+00	0.00e+00	0.00e+00	0.00e+00	0.00e+00	3.32e-03	8.17e-04	4.27e-04
 6.65376e+16	5.42e-03	2.01e-01	7.94e-01	2.97e-06	0.00e+00	0.00e+00	0.00e+00	0.00e+00	0.00e+00	3.94e-03	9.70e-04	5.07e-04
 6.71707e+16	6.62e-03	2.23e-01	7.70e-01	2.57e-06	0.00e+00	0.00e+00	0.00e+00	0.00e+00	0.00e+00	4.81e-03	1.18e-03	6.19e-04
 6.78527e+16	8.26e-03	2.50e-01	7.42e-01	2.17e-06	0.00e+00	0.00e+00	0.00e+00	0.00e+00	0.00e+00	6.01e-03	1.47e-03	7.72e-04
 6.84383e+16	1.01e-02	2.76e-01	7.14e-01	1.85e-06	0.00e+00	0.00e+00	0.00e+00	0.00e+00	0.00e+00	7.33e-03	1.80e-03	9.41e-04
 6.89377e+16	1.20e-02	3.01e-01	6.87e-01	1.60e-06	0.00e+00	0.00e+00	0.00e+00	0.00e+00	0.00e+00	8.73e-03	2.14e-03	1.12e-03
 6.94852e+16	1.46e-02	3.32e-01	6.53e-01	1.33e-06	0.00e+00	0.00e+00	0.00e+00	0.00e+00	0.00e+00	1.07e-02	2.60e-03	1.37e-03
 7.00752e+16	1.83e-02	3.70e-01	6.12e-01	1.08e-06	0.00e+00	0.00e+00	0.00e+00	0.00e+00	0.00e+00	1.33e-02	3.25e-03	1.71e-03
 7.05797e+16	2.23e-02	4.05e-01	5.72e-01	8.75e-07	0.00e+00	0.00e+00	0.00e+00	0.00e+00	0.00e+00	1.63e-02	3.96e-03	2.08e-03
 7.10073e+16	2.66e-02	4.38e-01	5.35e-01	7.18e-07	0.00e+00	0.00e+00	0.00e+00	0.00e+00	0.00e+00	1.94e-02	4.70e-03	2.47e-03
 7.14754e+16	3.23e-02	4.76e-01	4.91e-01	5.69e-07	0.00e+00	0.00e+00	0.00e+00	0.00e+00	0.00e+00	2.36e-02	5.71e-03	3.01e-03
 7.19832e+16	4.03e-02	5.20e-01	4.39e-01	4.27e-07	0.00e+00	0.00e+00	0.00e+00	0.00e+00	0.00e+00	2.94e-02	7.09e-03	3.74e-03
 7.24246e+16	4.90e-02	5.60e-01	3.91e-01	3.20e-07	0.00e+00	0.00e+00	0.00e+00	0.00e+00	0.00e+00	3.58e-02	8.60e-03	4.55e-03
 7.28061e+16	5.82e-02	5.93e-01	3.48e-01	2.43e-07	0.00e+00	0.00e+00	0.00e+00	0.00e+00	0.00e+00	4.26e-02	1.02e-02	5.40e-03
 7.31369e+16	6.78e-02	6.22e-01	3.10e-01	1.86e-07	0.00e+00	0.00e+00	0.00e+00	0.00e+00	0.00e+00	4.96e-02	1.18e-02	6.28e-03
 7.34148e+16	7.72e-02	6.45e-01	2.78e-01	1.47e-07	0.00e+00	0.00e+00	0.00e+00	0.00e+00	0.00e+00	5.66e-02	1.34e-02	7.15e-03
 7.36742e+16	8.73e-02	6.65e-01	2.48e-01	0.00e+00	0.00e+00	0.00e+00	0.00e+00	0.00e+00	0.00e+00	6.41e-02	1.51e-02	8.07e-03
 7.39717e+16	1.01e-01	6.85e-01	2.14e-01	0.00e+00	0.00e+00	0.00e+00	0.00e+00	0.00e+00	0.00e+00	7.41e-02	1.74e-02	9.31e-03
 7.42773e+16	1.17e-01	7.03e-01	1.81e-01	0.00e+00	0.00e+00	0.00e+00	0.00e+00	0.00e+00	0.00e+00	8.60e-02	2.00e-02	1.08e-02
 7.45203e+16	1.32e-01	7.13e-01	1.55e-01	0.00e+00	0.00e+00	0.00e+00	0.00e+00	0.00e+00	0.00e+00	9.70e-02	2.25e-02	1.21e-02
 7.47216e+16	1.45e-01	7.19e-01	1.36e-01	0.00e+00	0.00e+00	0.00e+00	0.00e+00	0.00e+00	0.00e+00	1.07e-01	2.46e-02	1.33e-02
 7.49419e+16	1.61e-01	7.23e-01	1.16e-01	0.00e+00	0.00e+00	0.00e+00	0.00e+00	0.00e+00	0.00e+00	1.19e-01	2.73e-02	1.48e-02
 7.51824e+16	1.82e-01	7.22e-01	9.55e-02	0.00e+00	0.00e+00	0.00e+00	0.00e+00	0.00e+00	0.00e+00	1.35e-01	3.05e-02	1.66e-02
 7.53922e+16	2.02e-01	7.18e-01	7.96e-02	0.00e+00	0.00e+00	0.00e+00	0.00e+00	0.00e+00	0.00e+00	1.50e-01	3.36e-02	1.84e-02
 7.55707e+16	2.20e-01	7.12e-01	6.75e-02	0.00e+00	0.00e+00	0.00e+00	0.00e+00	0.00e+00	0.00e+00	1.64e-01	3.63e-02	2.00e-02
 7.57656e+16	2.42e-01	7.02e-01	5.55e-02	0.00e+00	0.00e+00	0.00e+00	0.00e+00	0.00e+00	0.00e+00	1.81e-01	3.96e-02	2.19e-02
 7.59759e+16	2.69e-01	6.87e-01	4.42e-02	0.00e+00	0.00e+00	0.00e+00	0.00e+00	0.00e+00	0.00e+00	2.01e-01	4.35e-02	2.42e-02
 7.61572e+16	2.94e-01	6.70e-01	3.58e-02	0.00e+00	0.00e+00	0.00e+00	0.00e+00	0.00e+00	0.00e+00	2.21e-01	4.70e-02	2.64e-02
 7.63122e+16	3.16e-01	6.54e-01	2.96e-02	0.00e+00	0.00e+00	0.00e+00	0.00e+00	0.00e+00	0.00e+00	2.38e-01	5.00e-02	2.82e-02
 7.64825e+16	3.43e-01	6.33e-01	2.37e-02	0.00e+00	0.00e+00	0.00e+00	0.00e+00	0.00e+00	0.00e+00	2.59e-01	5.35e-02	3.04e-02
 7.66698e+16	3.75e-01	6.07e-01	1.82e-02	0.00e+00	0.00e+00	0.00e+00	0.00e+00	0.00e+00	0.00e+00	2.85e-01	5.74e-02	3.30e-02
 7.68370e+16	4.06e-01	5.80e-01	1.42e-02	0.00e+00	0.00e+00	0.00e+00	0.00e+00	0.00e+00	0.00e+00	3.10e-01	6.10e-02	3.54e-02
 7.69824e+16	4.33e-01	5.56e-01	1.14e-02	0.00e+00	0.00e+00	0.00e+00	0.00e+00	0.00e+00	0.00e+00	3.31e-01	6.39e-02	3.74e-02
 7.71214e+16	4.60e-01	5.31e-01	9.03e-03	0.00e+00	0.00e+00	0.00e+00	0.00e+00	0.00e+00	0.00e+00	3.54e-01	6.68e-02	3.94e-02
 7.72673e+16	4.89e-01	5.04e-01	7.03e-03	0.00e+00	0.00e+00	0.00e+00	0.00e+00	0.00e+00	0.00e+00	3.78e-01	6.95e-02	4.15e-02
 7.74078e+16	5.18e-01	4.76e-01	5.46e-03	0.00e+00	0.00e+00	0.00e+00	0.00e+00	0.00e+00	0.00e+00	4.03e-01	7.21e-02	4.35e-02
 7.75267e+16	5.43e-01	4.53e-01	4.38e-03	0.00e+00	0.00e+00	0.00e+00	0.00e+00	0.00e+00	0.00e+00	4.24e-01	7.40e-02	4.51e-02
 7.76323e+16	5.65e-01	4.31e-01	3.58e-03	0.00e+00	0.00e+00	0.00e+00	0.00e+00	0.00e+00	0.00e+00	4.43e-01	7.55e-02	4.64e-02
 7.77345e+16	5.86e-01	4.11e-01	2.92e-03	0.00e+00	0.00e+00	0.00e+00	0.00e+00	0.00e+00	0.00e+00	4.62e-01	7.68e-02	4.76e-02
 7.78166e+16	6.03e-01	3.94e-01	2.49e-03	0.00e+00	0.00e+00	0.00e+00	0.00e+00	0.00e+00	0.00e+00	4.77e-01	7.77e-02	4.86e-02
 7.78709e+16	6.14e-01	3.84e-01	2.24e-03	0.00e+00	0.00e+00	0.00e+00	0.00e+00	0.00e+00	0.00e+00	4.86e-01	7.82e-02	4.91e-02
 7.79219e+16	6.24e-01	3.74e-01	2.01e-03	0.00e+00	0.00e+00	0.00e+00	0.00e+00	0.00e+00	0.00e+00	4.95e-01	7.86e-02	4.96e-02
 7.79836e+16	6.37e-01	3.62e-01	1.76e-03	0.00e+00	0.00e+00	0.00e+00	0.00e+00	0.00e+00	0.00e+00	5.07e-01	7.90e-02	5.02e-02
 7.80491e+16	6.50e-01	3.48e-01	1.53e-03	0.00e+00	0.00e+00	0.00e+00	0.00e+00	0.00e+00	0.00e+00	5.20e-01	7.94e-02	5.07e-02
 7.81091e+16	6.63e-01	3.36e-01	1.34e-03	0.00e+00	0.00e+00	0.00e+00	0.00e+00	0.00e+00	0.00e+00	5.32e-01	7.97e-02	5.12e-02
 7.81637e+16	6.73e-01	3.25e-01	1.18e-03	0.00e+00	0.00e+00	0.00e+00	0.00e+00	0.00e+00	0.00e+00	5.42e-01	7.99e-02	5.16e-02
 7.82181e+16	6.84e-01	3.14e-01	1.05e-03	0.00e+00	0.00e+00	0.00e+00	0.00e+00	0.00e+00	0.00e+00	5.52e-01	8.00e-02	5.20e-02
 7.82751e+16	6.96e-01	3.03e-01	9.16e-04	0.00e+00	0.00e+00	0.00e+00	0.00e+00	0.00e+00	0.00e+00	5.63e-01	8.00e-02	5.24e-02
 7.83323e+16	7.08e-01	2.92e-01	7.99e-04	0.00e+00	0.00e+00	0.00e+00	0.00e+00	0.00e+00	0.00e+00	5.75e-01	8.00e-02	5.27e-02
 7.83870e+16	7.18e-01	2.81e-01	7.02e-04	0.00e+00	0.00e+00	0.00e+00	0.00e+00	0.00e+00	0.00e+00	5.85e-01	7.99e-02	5.29e-02
 7.84398e+16	7.28e-01	2.71e-01	6.18e-04	0.00e+00	0.00e+00	0.00e+00	0.00e+00	0.00e+00	0.00e+00	5.95e-01	7.97e-02	5.31e-02
 7.84933e+16	7.38e-01	2.61e-01	5.42e-04	0.00e+00	0.00e+00	0.00e+00	0.00e+00	0.00e+00	0.00e+00	6.05e-01	7.95e-02	5.33e-02
 7.85478e+16	7.48e-01	2.51e-01	4.72e-04	0.00e+00	0.00e+00	0.00e+00	0.00e+00	0.00e+00	0.00e+00	6.16e-01	7.92e-02	5.34e-02
 7.86015e+16	7.58e-01	2.41e-01	4.12e-04	0.00e+00	0.00e+00	0.00e+00	0.00e+00	0.00e+00	0.00e+00	6.26e-01	7.89e-02	5.35e-02
 7.86529e+16	7.68e-01	2.32e-01	3.62e-04	0.00e+00	0.00e+00	0.00e+00	0.00e+00	0.00e+00	0.00e+00	6.35e-01	7.85e-02	5.36e-02
 7.87040e+16	7.77e-01	2.23e-01	3.16e-04	0.00e+00	0.00e+00	0.00e+00	0.00e+00	0.00e+00	0.00e+00	6.45e-01	7.81e-02	5.36e-02
 7.87558e+16	7.85e-01	2.14e-01	2.76e-04	0.00e+00	0.00e+00	0.00e+00	0.00e+00	0.00e+00	0.00e+00	6.54e-01	7.76e-02	5.35e-02
 7.88075e+16	7.94e-01	2.05e-01	2.40e-04	0.00e+00	0.00e+00	0.00e+00	0.00e+00	0.00e+00	0.00e+00	6.64e-01	7.71e-02	5.35e-02
 7.88581e+16	8.03e-01	1.97e-01	2.10e-04	0.00e+00	0.00e+00	0.00e+00	0.00e+00	0.00e+00	0.00e+00	6.73e-01	7.66e-02	5.34e-02
 7.89080e+16	8.11e-01	1.89e-01	1.83e-04	0.00e+00	0.00e+00	0.00e+00	0.00e+00	0.00e+00	0.00e+00	6.81e-01	7.60e-02	5.32e-02
 7.89584e+16	8.19e-01	1.81e-01	1.59e-04	0.00e+00	0.00e+00	0.00e+00	0.00e+00	0.00e+00	0.00e+00	6.90e-01	7.53e-02	5.31e-02
 7.90078e+16	8.26e-01	1.74e-01	1.39e-04	0.00e+00	0.00e+00	0.00e+00	0.00e+00	0.00e+00	0.00e+00	6.99e-01	7.47e-02	5.29e-02
 7.90564e+16	8.33e-01	1.66e-01	1.21e-04	0.00e+00	0.00e+00	0.00e+00	0.00e+00	0.00e+00	0.00e+00	7.07e-01	7.40e-02	5.27e-02
 7.91054e+16	8.41e-01	1.59e-01	1.05e-04	0.00e+00	0.00e+00	0.00e+00	0.00e+00	0.00e+00	0.00e+00	7.15e-01	7.33e-02	5.24e-02
 7.91541e+16	8.47e-01	1.52e-01	9.14e-05	0.00e+00	0.00e+00	0.00e+00	0.00e+00	0.00e+00	0.00e+00	7.23e-01	7.26e-02	5.21e-02
 7.92017e+16	8.54e-01	1.46e-01	7.96e-05	0.00e+00	0.00e+00	0.00e+00	0.00e+00	0.00e+00	0.00e+00	7.30e-01	7.19e-02	5.18e-02
 7.92491e+16	8.60e-01	1.40e-01	6.92e-05	0.00e+00	0.00e+00	0.00e+00	0.00e+00	0.00e+00	0.00e+00	7.38e-01	7.11e-02	5.15e-02
 7.92962e+16	8.66e-01	1.34e-01	6.02e-05	0.00e+00	0.00e+00	0.00e+00	0.00e+00	0.00e+00	0.00e+00	7.45e-01	7.04e-02	5.12e-02
 7.93430e+16	8.72e-01	1.28e-01	5.23e-05	0.00e+00	0.00e+00	0.00e+00	0.00e+00	0.00e+00	0.00e+00	7.52e-01	6.97e-02	5.09e-02
 7.93889e+16	8.78e-01	1.22e-01	4.55e-05	0.00e+00	0.00e+00	0.00e+00	0.00e+00	0.00e+00	0.00e+00	7.58e-01	6.89e-02	5.05e-02
 7.94337e+16	8.83e-01	1.17e-01	3.97e-05	0.00e+00	0.00e+00	0.00e+00	0.00e+00	0.00e+00	0.00e+00	7.65e-01	6.82e-02	5.02e-02
 7.94783e+16	8.88e-01	1.12e-01	3.46e-05	0.00e+00	0.00e+00	0.00e+00	0.00e+00	0.00e+00	0.00e+00	7.71e-01	6.74e-02	4.98e-02
 7.95227e+16	8.93e-01	1.07e-01	3.02e-05	0.00e+00	0.00e+00	0.00e+00	0.00e+00	0.00e+00	0.00e+00	7.77e-01	6.67e-02	4.94e-02
 7.95658e+16	8.97e-01	1.03e-01	2.64e-05	0.00e+00	0.00e+00	0.00e+00	0.00e+00	0.00e+00	0.00e+00	7.82e-01	6.60e-02	4.90e-02
 7.96077e+16	9.02e-01	9.83e-02	2.32e-05	0.00e+00	0.00e+00	0.00e+00	0.00e+00	0.00e+00	0.00e+00	7.88e-01	6.53e-02	4.87e-02
 7.96496e+16	9.06e-01	9.42e-02	2.03e-05	0.00e+00	0.00e+00	0.00e+00	0.00e+00	0.00e+00	0.00e+00	7.93e-01	6.46e-02	4.83e-02
 7.96916e+16	9.10e-01	9.02e-02	1.78e-05	0.00e+00	0.00e+00	0.00e+00	0.00e+00	0.00e+00	0.00e+00	7.98e-01	6.39e-02	4.79e-02
 7.97325e+16	9.14e-01	8.64e-02	1.56e-05	0.00e+00	0.00e+00	0.00e+00	0.00e+00	0.00e+00	0.00e+00	8.03e-01	6.33e-02	4.76e-02
 7.97723e+16	9.17e-01	8.29e-02	1.37e-05	0.00e+00	0.00e+00	0.00e+00	0.00e+00	0.00e+00	0.00e+00	8.07e-01	6.26e-02	4.72e-02
 7.98117e+16	9.21e-01	7.95e-02	1.21e-05	0.00e+00	0.00e+00	0.00e+00	0.00e+00	0.00e+00	0.00e+00	8.12e-01	6.20e-02	4.68e-02
 7.98511e+16	9.24e-01	7.62e-02	1.06e-05	0.00e+00	0.00e+00	0.00e+00	0.00e+00	0.00e+00	0.00e+00	8.16e-01	6.14e-02	4.64e-02
 7.98904e+16	9.27e-01	7.31e-02	9.33e-06	0.00e+00	0.00e+00	0.00e+00	0.00e+00	0.00e+00	0.00e+00	8.20e-01	6.08e-02	4.61e-02
 7.99287e+16	9.30e-01	7.01e-02	8.23e-06	0.00e+00	0.00e+00	0.00e+00	0.00e+00	0.00e+00	0.00e+00	8.24e-01	6.02e-02	4.57e-02
 7.99660e+16	9.33e-01	6.72e-02	7.27e-06	0.00e+00	0.00e+00	0.00e+00	0.00e+00	0.00e+00	0.00e+00	8.28e-01	5.96e-02	4.54e-02
 8.00034e+16	9.35e-01	6.45e-02	6.43e-06	0.00e+00	0.00e+00	0.00e+00	0.00e+00	0.00e+00	0.00e+00	8.31e-01	5.91e-02	4.50e-02
 8.00411e+16	9.38e-01	6.19e-02	5.67e-06	0.00e+00	0.00e+00	0.00e+00	0.00e+00	0.00e+00	0.00e+00	8.35e-01	5.85e-02	4.47e-02
 8.00780e+16	9.41e-01	5.94e-02	5.01e-06	0.00e+00	0.00e+00	0.00e+00	0.00e+00	0.00e+00	0.00e+00	8.38e-01	5.80e-02	4.44e-02
 8.01135e+16	9.43e-01	5.70e-02	4.44e-06	0.00e+00	0.00e+00	0.00e+00	0.00e+00	0.00e+00	0.00e+00	8.41e-01	5.75e-02	4.40e-02
 8.01492e+16	9.45e-01	5.48e-02	3.94e-06	0.00e+00	0.00e+00	0.00e+00	0.00e+00	0.00e+00	0.00e+00	8.45e-01	5.70e-02	4.37e-02
 8.01856e+16	9.47e-01	5.25e-02	3.48e-06	0.00e+00	0.00e+00	0.00e+00	0.00e+00	0.00e+00	0.00e+00	8.48e-01	5.65e-02	4.34e-02
 8.02211e+16	9.50e-01	5.04e-02	3.09e-06	0.00e+00	0.00e+00	0.00e+00	0.00e+00	0.00e+00	0.00e+00	8.51e-01	5.60e-02	4.30e-02
 8.02556e+16	9.52e-01	4.84e-02	2.75e-06	0.00e+00	0.00e+00	0.00e+00	0.00e+00	0.00e+00	0.00e+00	8.53e-01	5.55e-02	4.27e-02
 8.02898e+16	9.53e-01	4.65e-02	2.45e-06	0.00e+00	0.00e+00	0.00e+00	0.00e+00	0.00e+00	0.00e+00	8.56e-01	5.51e-02	4.23e-02
 8.03243e+16	9.55e-01	4.47e-02	2.17e-06	0.00e+00	0.00e+00	0.00e+00	0.00e+00	0.00e+00	0.00e+00	8.59e-01	5.46e-02	4.20e-02
 8.03588e+16	9.57e-01	4.29e-02	1.93e-06	0.00e+00	0.00e+00	0.00e+00	0.00e+00	0.00e+00	0.00e+00	8.61e-01	5.42e-02	4.17e-02
 8.03923e+16	9.59e-01	4.12e-02	1.72e-06	0.00e+00	0.00e+00	0.00e+00	0.00e+00	0.00e+00	0.00e+00	8.64e-01	5.38e-02	4.14e-02
 8.04248e+16	9.60e-01	3.96e-02	1.54e-06	0.00e+00	0.00e+00	0.00e+00	0.00e+00	0.00e+00	0.00e+00	8.66e-01	5.34e-02	4.11e-02
 8.04574e+16	9.62e-01	3.81e-02	1.37e-06	0.00e+00	0.00e+00	0.00e+00	0.00e+00	0.00e+00	0.00e+00	8.68e-01	5.30e-02	4.07e-02
 8.04910e+16	9.63e-01	3.65e-02	1.22e-06	0.00e+00	0.00e+00	0.00e+00	0.00e+00	0.00e+00	0.00e+00	8.70e-01	5.26e-02	4.04e-02
 8.05245e+16	9.65e-01	3.50e-02	1.09e-06	0.00e+00	0.00e+00	0.00e+00	0.00e+00	0.00e+00	0.00e+00	8.73e-01	5.22e-02	4.01e-02
 8.05566e+16	9.66e-01	3.37e-02	9.73e-07	0.00e+00	0.00e+00	0.00e+00	0.00e+00	0.00e+00	0.00e+00	8.75e-01	5.18e-02	3.99e-02
 8.05871e+16	9.68e-01	3.24e-02	8.76e-07	0.00e+00	0.00e+00	0.00e+00	0.00e+00	0.00e+00	0.00e+00	8.76e-01	5.15e-02	3.96e-02
 8.06179e+16	9.69e-01	3.12e-02	7.86e-07	0.00e+00	0.00e+00	0.00e+00	0.00e+00	0.00e+00	0.00e+00	8.78e-01	5.12e-02	3.94e-02
 8.06503e+16	9.70e-01	2.99e-02	7.01e-07	0.00e+00	0.00e+00	0.00e+00	0.00e+00	0.00e+00	0.00e+00	8.80e-01	5.08e-02	3.91e-02
 8.06822e+16	9.71e-01	2.86e-02	6.27e-07	0.00e+00	0.00e+00	0.00e+00	0.00e+00	0.00e+00	0.00e+00	8.82e-01	5.05e-02	3.88e-02
 8.07123e+16	9.73e-01	2.75e-02	5.64e-07	0.00e+00	0.00e+00	0.00e+00	0.00e+00	0.00e+00	0.00e+00	8.84e-01	5.02e-02	3.86e-02
 8.07417e+16	9.74e-01	2.64e-02	5.09e-07	0.00e+00	0.00e+00	0.00e+00	0.00e+00	0.00e+00	0.00e+00	8.85e-01	4.99e-02	3.83e-02
 8.07717e+16	9.75e-01	2.54e-02	4.58e-07	0.00e+00	0.00e+00	0.00e+00	0.00e+00	0.00e+00	0.00e+00	8.87e-01	4.96e-02	3.81e-02
 8.08019e+16	9.76e-01	2.43e-02	4.11e-07	0.00e+00	0.00e+00	0.00e+00	0.00e+00	0.00e+00	0.00e+00	8.89e-01	4.93e-02	3.78e-02
 8.08313e+16	9.77e-01	2.33e-02	3.71e-07	0.00e+00	0.00e+00	0.00e+00	0.00e+00	0.00e+00	0.00e+00	8.90e-01	4.90e-02	3.76e-02
 8.08594e+16	9.78e-01	2.24e-02	3.36e-07	0.00e+00	0.00e+00	0.00e+00	0.00e+00	0.00e+00	0.00e+00	8.91e-01	4.87e-02	3.74e-02
 8.08862e+16	9.78e-01	2.16e-02	3.06e-07	0.00e+00	0.00e+00	0.00e+00	0.00e+00	0.00e+00	0.00e+00	8.93e-01	4.85e-02	3.72e-02
 8.09109e+16	9.79e-01	2.08e-02	2.81e-07	0.00e+00	0.00e+00	0.00e+00	0.00e+00	0.00e+00	0.00e+00	8.94e-01	4.82e-02	3.70e-02
 8.09329e+16	9.80e-01	2.02e-02	2.60e-07	0.00e+00	0.00e+00	0.00e+00	0.00e+00	0.00e+00	0.00e+00	8.95e-01	4.80e-02	3.68e-02
 8.09531e+16	9.80e-01	1.96e-02	2.43e-07	0.00e+00	0.00e+00	0.00e+00	0.00e+00	0.00e+00	0.00e+00	8.96e-01	4.79e-02	3.67e-02
 8.09720e+16	9.81e-01	1.91e-02	2.28e-07	0.00e+00	0.00e+00	0.00e+00	0.00e+00	0.00e+00	0.00e+00	8.97e-01	4.77e-02	3.65e-02
 8.09900e+16	9.81e-01	1.86e-02	2.14e-07	0.00e+00	0.00e+00	0.00e+00	0.00e+00	0.00e+00	0.00e+00	8.97e-01	4.75e-02	3.64e-02
 8.10070e+16	9.82e-01	1.81e-02	2.02e-07	0.00e+00	0.00e+00	0.00e+00	0.00e+00	0.00e+00	0.00e+00	8.98e-01	4.74e-02	3.62e-02
 8.10225e+16	9.82e-01	1.77e-02	1.91e-07	0.00e+00	0.00e+00	0.00e+00	0.00e+00	0.00e+00	0.00e+00	8.99e-01	4.72e-02	3.61e-02
 8.10367e+16	9.83e-01	1.73e-02	1.82e-07	0.00e+00	0.00e+00	0.00e+00	0.00e+00	0.00e+00	0.00e+00	9.00e-01	4.71e-02	3.60e-02
 8.10503e+16	9.83e-01	1.70e-02	1.74e-07	0.00e+00	0.00e+00	0.00e+00	0.00e+00	0.00e+00	0.00e+00	9.00e-01	4.69e-02	3.59e-02
 8.10633e+16	9.83e-01	1.66e-02	1.66e-07	0.00e+00	0.00e+00	0.00e+00	0.00e+00	0.00e+00	0.00e+00	9.01e-01	4.68e-02	3.58e-02
 8.10758e+16	9.84e-01	1.63e-02	1.59e-07	0.00e+00	0.00e+00	0.00e+00	0.00e+00	0.00e+00	0.00e+00	9.01e-01	4.67e-02	3.57e-02
 8.10875e+16	9.84e-01	1.59e-02	1.53e-07	0.00e+00	0.00e+00	0.00e+00	0.00e+00	0.00e+00	0.00e+00	9.02e-01	4.65e-02	3.55e-02
 8.10985e+16	9.84e-01	1.56e-02	1.47e-07	0.00e+00	0.00e+00	0.00e+00	0.00e+00	0.00e+00	0.00e+00	9.03e-01	4.64e-02	3.54e-02
 8.11091e+16	9.85e-01	1.53e-02	1.42e-07	0.00e+00	0.00e+00	0.00e+00	0.00e+00	0.00e+00	0.00e+00	9.03e-01	4.63e-02	3.53e-02
 8.11193e+16	9.85e-01	1.51e-02	1.37e-07	0.00e+00	0.00e+00	0.00e+00	0.00e+00	0.00e+00	0.00e+00	9.04e-01	4.62e-02	3.52e-02
 8.11290e+16	9.85e-01	1.48e-02	1.32e-07	0.00e+00	0.00e+00	0.00e+00	0.00e+00	0.00e+00	0.00e+00	9.04e-01	4.61e-02	3.51e-02
 8.11385e+16	9.85e-01	1.45e-02	1.28e-07	0.00e+00	0.00e+00	0.00e+00	0.00e+00	0.00e+00	0.00e+00	9.05e-01	4.59e-02	3.50e-02
 8.11475e+16	9.86e-01	1.43e-02	1.24e-07	0.00e+00	0.00e+00	0.00e+00	0.00e+00	0.00e+00	0.00e+00	9.05e-01	4.58e-02	3.49e-02
 8.11564e+16	9.86e-01	1.40e-02	1.20e-07	0.00e+00	0.00e+00	0.00e+00	0.00e+00	0.00e+00	0.00e+00	9.05e-01	4.57e-02	3.48e-02
 8.11651e+16	9.86e-01	1.38e-02	1.16e-07	0.00e+00	0.00e+00	0.00e+00	0.00e+00	0.00e+00	0.00e+00	9.06e-01	4.56e-02	3.47e-02
 8.11738e+16	9.87e-01	1.35e-02	1.12e-07	0.00e+00	0.00e+00	0.00e+00	0.00e+00	0.00e+00	0.00e+00	9.06e-01	4.55e-02	3.46e-02
 8.11825e+16	9.87e-01	1.32e-02	1.09e-07	0.00e+00	0.00e+00	0.00e+00	0.00e+00	0.00e+00	0.00e+00	9.07e-01	4.53e-02	3.45e-02
 8.11913e+16	9.87e-01	1.30e-02	1.05e-07	0.00e+00	0.00e+00	0.00e+00	0.00e+00	0.00e+00	0.00e+00	9.07e-01	4.52e-02	3.44e-02
 8.12002e+16	9.87e-01	1.27e-02	1.02e-07	0.00e+00	0.00e+00	0.00e+00	0.00e+00	0.00e+00	0.00e+00	9.08e-01	4.51e-02	3.43e-02
 8.12096e+16	9.88e-01	1.24e-02	9.83e-08	0.00e+00	0.00e+00	0.00e+00	0.00e+00	0.00e+00	0.00e+00	9.09e-01	4.49e-02	3.41e-02
 8.12197e+16	9.88e-01	1.21e-02	9.45e-08	0.00e+00	0.00e+00	0.00e+00	0.00e+00	0.00e+00	0.00e+00	9.09e-01	4.47e-02	3.40e-02
 8.12296e+16	9.88e-01	1.17e-02	9.08e-08	0.00e+00	0.00e+00	0.00e+00	0.00e+00	0.00e+00	0.00e+00	9.10e-01	4.45e-02	3.38e-02
 8.12385e+16	9.89e-01	1.14e-02	8.77e-08	0.00e+00	0.00e+00	0.00e+00	0.00e+00	0.00e+00	0.00e+00	9.11e-01	4.44e-02	3.36e-02
 8.12466e+16	9.89e-01	1.12e-02	8.49e-08	0.00e+00	0.00e+00	0.00e+00	0.00e+00	0.00e+00	0.00e+00	9.11e-01	4.42e-02	3.35e-02
 8.12543e+16	9.89e-01	1.09e-02	8.22e-08	0.00e+00	0.00e+00	0.00e+00	0.00e+00	0.00e+00	0.00e+00	9.12e-01	4.41e-02	3.33e-02
 8.12618e+16	9.89e-01	1.06e-02	7.97e-08	0.00e+00	0.00e+00	0.00e+00	0.00e+00	0.00e+00	0.00e+00	9.12e-01	4.39e-02	3.32e-02
 8.12688e+16	9.90e-01	1.04e-02	7.74e-08	0.00e+00	0.00e+00	0.00e+00	0.00e+00	0.00e+00	0.00e+00	9.13e-01	4.37e-02	3.30e-02
 8.12752e+16	9.90e-01	1.02e-02	7.53e-08	0.00e+00	0.00e+00	0.00e+00	0.00e+00	0.00e+00	0.00e+00	9.13e-01	4.36e-02	3.29e-02
 8.12811e+16	9.90e-01	1.00e-02	7.34e-08	0.00e+00	0.00e+00	0.00e+00	0.00e+00	0.00e+00	0.00e+00	9.14e-01	4.34e-02	3.28e-02
 8.12864e+16	9.90e-01	9.83e-03	7.17e-08	0.00e+00	0.00e+00	0.00e+00	0.00e+00	0.00e+00	0.00e+00	9.14e-01	4.33e-02	3.27e-02
 8.12912e+16	9.90e-01	9.68e-03	7.02e-08	0.00e+00	0.00e+00	0.00e+00	0.00e+00	0.00e+00	0.00e+00	9.15e-01	4.32e-02	3.25e-02
 8.12956e+16	9.90e-01	9.54e-03	6.88e-08	0.00e+00	0.00e+00	0.00e+00	0.00e+00	0.00e+00	0.00e+00	9.15e-01	4.31e-02	3.24e-02
 8.12996e+16	9.91e-01	9.41e-03	6.76e-08	0.00e+00	0.00e+00	0.00e+00	0.00e+00	0.00e+00	0.00e+00	9.15e-01	4.30e-02	3.24e-02
 8.13040e+16	9.91e-01	9.27e-03	6.62e-08	0.00e+00	0.00e+00	0.00e+00	0.00e+00	0.00e+00	0.00e+00	9.16e-01	4.29e-02	3.22e-02
 8.13087e+16	9.91e-01	9.13e-03	6.48e-08	0.00e+00	0.00e+00	0.00e+00	0.00e+00	0.00e+00	0.00e+00	9.16e-01	4.27e-02	3.21e-02
 8.13130e+16	9.91e-01	9.00e-03	6.35e-08	0.00e+00	0.00e+00	0.00e+00	0.00e+00	0.00e+00	0.00e+00	9.16e-01	4.26e-02	3.20e-02
 8.13169e+16	9.91e-01	8.88e-03	6.23e-08	0.00e+00	0.00e+00	0.00e+00	0.00e+00	0.00e+00	0.00e+00	9.17e-01	4.25e-02	3.19e-02
 8.13212e+16	9.91e-01	8.75e-03	6.10e-08	0.00e+00	0.00e+00	0.00e+00	0.00e+00	0.00e+00	0.00e+00	9.17e-01	4.23e-02	3.18e-02
 8.13258e+16	9.91e-01	8.61e-03	5.96e-08	0.00e+00	0.00e+00	0.00e+00	0.00e+00	0.00e+00	0.00e+00	9.18e-01	4.22e-02	3.17e-02
 8.13301e+16	9.92e-01	8.48e-03	5.84e-08	0.00e+00	0.00e+00	0.00e+00	0.00e+00	0.00e+00	0.00e+00	9.18e-01	4.20e-02	3.16e-02
 8.13339e+16	9.92e-01	8.37e-03	5.73e-08	0.00e+00	0.00e+00	0.00e+00	0.00e+00	0.00e+00	0.00e+00	9.18e-01	4.19e-02	3.15e-02
 8.13381e+16	9.92e-01	8.24e-03	5.60e-08	0.00e+00	0.00e+00	0.00e+00	0.00e+00	0.00e+00	0.00e+00	9.19e-01	4.18e-02	3.14e-02
 8.13426e+16	9.92e-01	8.11e-03	5.48e-08	0.00e+00	0.00e+00	0.00e+00	0.00e+00	0.00e+00	0.00e+00	9.19e-01	4.16e-02	3.13e-02
 8.13468e+16	9.92e-01	8.00e-03	5.36e-08	0.00e+00	0.00e+00	0.00e+00	0.00e+00	0.00e+00	0.00e+00	9.19e-01	4.15e-02	3.12e-02
 8.13505e+16	9.92e-01	7.91e-03	5.26e-08	0.00e+00	0.00e+00	0.00e+00	0.00e+00	0.00e+00	0.00e+00	9.20e-01	4.14e-02	3.11e-02
 8.13547e+16	9.92e-01	7.82e-03	5.16e-08	0.00e+00	0.00e+00	0.00e+00	0.00e+00	0.00e+00	0.00e+00	9.20e-01	4.13e-02	3.10e-02
 8.13600e+16	9.92e-01	7.69e-03	5.02e-08	0.00e+00	0.00e+00	0.00e+00	0.00e+00	0.00e+00	0.00e+00	9.20e-01	4.12e-02	3.09e-02
 8.13658e+16	9.92e-01	7.56e-03	4.88e-08	0.00e+00	0.00e+00	0.00e+00	0.00e+00	0.00e+00	0.00e+00	9.21e-01	4.10e-02	3.07e-02
 8.13711e+16	9.93e-01	7.45e-03	4.75e-08	0.00e+00	0.00e+00	0.00e+00	0.00e+00	0.00e+00	0.00e+00	9.21e-01	4.09e-02	3.06e-02
 8.13768e+16	9.93e-01	7.31e-03	4.61e-08	0.00e+00	0.00e+00	0.00e+00	0.00e+00	0.00e+00	0.00e+00	9.21e-01	4.08e-02	3.05e-02
###########################
 1.61746e+12	1.47e-06	2.67e-03	4.89e-01	5.06e-01	2.47e-03	0.00e+00	0.00e+00	0.00e+00	0.00e+00	1.06e-06	2.65e-07	1.38e-07
 9.70476e+12	1.46e-06	2.67e-03	4.89e-01	5.06e-01	2.47e-03	0.00e+00	0.00e+00	0.00e+00	0.00e+00	1.06e-06	2.64e-07	1.38e-07
 4.20540e+13	1.46e-06	2.68e-03	4.92e-01	5.03e-01	2.44e-03	0.00e+00	0.00e+00	0.00e+00	0.00e+00	1.06e-06	2.65e-07	1.38e-07
 1.71451e+14	1.49e-06	2.72e-03	5.01e-01	4.94e-01	2.34e-03	0.00e+00	0.00e+00	0.00e+00	0.00e+00	1.08e-06	2.69e-07	1.40e-07
 4.09541e+14	1.50e-06	2.78e-03	5.15e-01	4.80e-01	2.18e-03	0.00e+00	0.00e+00	0.00e+00	0.00e+00	1.08e-06	2.71e-07	1.41e-07
 7.19058e+14	1.53e-06	2.86e-03	5.34e-01	4.61e-01	1.99e-03	0.00e+00	0.00e+00	0.00e+00	0.00e+00	1.11e-06	2.77e-07	1.45e-07
 1.12143e+15	1.58e-06	2.99e-03	5.59e-01	4.36e-01	1.75e-03	0.00e+00	0.00e+00	0.00e+00	0.00e+00	1.15e-06	2.87e-07	1.50e-07
 1.64451e+15	1.68e-06	3.17e-03	5.94e-01	4.02e-01	1.47e-03	0.00e+00	0.00e+00	0.00e+00	0.00e+00	1.21e-06	3.03e-07	1.59e-07
 2.32452e+15	1.82e-06	3.45e-03	6.41e-01	3.54e-01	1.15e-03	0.00e+00	0.00e+00	0.00e+00	0.00e+00	1.32e-06	3.30e-07	1.73e-07
 3.09879e+15	2.00e-06	3.79e-03	6.97e-01	2.98e-01	8.33e-04	0.00e+00	0.00e+00	0.00e+00	0.00e+00	1.45e-06	3.62e-07	1.90e-07
 3.83223e+15	2.20e-06	4.15e-03	7.52e-01	2.44e-01	5.83e-04	0.00e+00	0.00e+00	0.00e+00	0.00e+00	1.59e-06	3.97e-07	2.09e-07
 4.46691e+15	2.40e-06	4.49e-03	7.99e-01	1.96e-01	4.05e-04	0.00e+00	0.00e+00	0.00e+00	0.00e+00	1.74e-06	4.32e-07	2.28e-07
 5.03201e+15	2.61e-06	4.81e-03	8.39e-01	1.56e-01	2.78e-04	0.00e+00	0.00e+00	0.00e+00	0.00e+00	1.89e-06	4.68e-07	2.47e-07
 5.66213e+15	2.87e-06	5.18e-03	8.78e-01	1.16e-01	1.73e-04	0.00e+00	0.00e+00	0.00e+00	0.00e+00	2.08e-06	5.14e-07	2.72e-07
 6.48129e+15	3.20e-06	5.60e-03	9.19e-01	7.54e-02	8.63e-05	0.00e+00	0.00e+00	0.00e+00	0.00e+00	2.32e-06	5.72e-07	3.03e-07
 7.39349e+15	3.54e-06	6.01e-03	9.50e-01	4.37e-02	3.64e-05	0.00e+00	0.00e+00	0.00e+00	0.00e+00	2.57e-06	6.31e-07	3.36e-07
 8.42667e+15	3.93e-06	6.40e-03	9.71e-01	2.25e-02	1.27e-05	0.00e+00	0.00e+00	0.00e+00	0.00e+00	2.85e-06	6.99e-07	3.72e-07
 9.76981e+15	4.38e-06	6.79e-03	9.84e-01	9.55e-03	3.18e-06	0.00e+00	0.00e+00	0.00e+00	0.00e+00	3.18e-06	7.78e-07	4.15e-07
 1.15159e+16	4.96e-06	7.21e-03	9.89e-01	3.33e-03	5.60e-07	0.00e+00	0.00e+00	0.00e+00	0.00e+00	3.61e-06	8.81e-07	4.71e-07
 1.37858e+16	5.79e-06	7.72e-03	9.91e-01	9.91e-04	0.00e+00	0.00e+00	0.00e+00	0.00e+00	0.00e+00	4.21e-06	1.03e-06	5.49e-07
 1.58222e+16	6.54e-06	8.15e-03	9.91e-01	3.96e-04	0.00e+00	0.00e+00	0.00e+00	0.00e+00	0.00e+00	4.76e-06	1.16e-06	6.20e-07
 1.74044e+16	7.27e-06	8.52e-03	9.91e-01	2.19e-04	0.00e+00	0.00e+00	0.00e+00	0.00e+00	0.00e+00	5.29e-06	1.29e-06	6.90e-07
 1.91449e+16	8.22e-06	8.97e-03	9.91e-01	1.32e-04	0.00e+00	0.00e+00	0.00e+00	0.00e+00	0.00e+00	5.98e-06	1.46e-06	7.80e-07
 2.10593e+16	9.44e-06	9.50e-03	9.90e-01	8.87e-05	0.00e+00	0.00e+00	0.00e+00	0.00e+00	0.00e+00	6.87e-06	1.68e-06	8.96e-07
 2.31653e+16	1.11e-05	1.01e-02	9.90e-01	6.70e-05	0.00e+00	0.00e+00	0.00e+00	0.00e+00	0.00e+00	8.05e-06	1.96e-06	1.05e-06
 2.54818e+16	1.33e-05	1.09e-02	9.89e-01	5.50e-05	0.00e+00	0.00e+00	0.00e+00	0.00e+00	0.00e+00	9.64e-06	2.36e-06	1.26e-06
 2.80300e+16	1.63e-05	1.19e-02	9.88e-01	4.73e-05	0.00e+00	0.00e+00	0.00e+00	0.00e+00	0.00e+00	1.18e-05	2.90e-06	1.55e-06
 3.08330e+16	2.07e-05	1.31e-02	9.87e-01	4.16e-05	0.00e+00	0.00e+00	0.00e+00	0.00e+00	0.00e+00	1.51e-05	3.70e-06	1.97e-06
 3.39163e+16	2.75e-05	1.48e-02	9.85e-01	3.68e-05	0.00e+00	0.00e+00	0.00e+00	0.00e+00	0.00e+00	1.99e-05	4.92e-06	2.61e-06
 3.73079e+16	3.83e-05	1.70e-02	9.83e-01	3.23e-05	0.00e+00	0.00e+00	0.00e+00	0.00e+00	0.00e+00	2.78e-05	6.88e-06	3.64e-06
 4.07429e+16	5.52e-05	2.00e-02	9.80e-01	2.82e-05	0.00e+00	0.00e+00	0.00e+00	0.00e+00	0.00e+00	4.00e-05	9.94e-06	5.24e-06
 4.29726e+16	7.17e-05	2.24e-02	9.77e-01	2.56e-05	0.00e+00	0.00e+00	0.00e+00	0.00e+00	0.00e+00	5.20e-05	1.29e-05	6.81e-06
 4.38448e+16	7.97e-05	2.35e-02	9.76e-01	2.45e-05	0.00e+00	0.00e+00	0.00e+00	0.00e+00	0.00e+00	5.78e-05	1.44e-05	7.56e-06
 4.45368e+16	8.69e-05	2.45e-02	9.75e-01	2.37e-05	0.00e+00	0.00e+00	0.00e+00	0.00e+00	0.00e+00	6.30e-05	1.56e-05	8.24e-06
 4.54363e+16	9.73e-05	2.58e-02	9.74e-01	2.28e-05	0.00e+00	0.00e+00	0.00e+00	0.00e+00	0.00e+00	7.05e-05	1.75e-05	9.23e-06
 4.66058e+16	1.13e-04	2.77e-02	9.72e-01	2.14e-05	0.00e+00	0.00e+00	0.00e+00	0.00e+00	0.00e+00	8.21e-05	2.04e-05	1.07e-05
 4.79084e+16	1.35e-04	3.01e-02	9.70e-01	2.00e-05	0.00e+00	0.00e+00	0.00e+00	0.00e+00	0.00e+00	9.77e-05	2.43e-05	1.28e-05
 4.90899e+16	1.59e-04	3.25e-02	9.67e-01	1.87e-05	0.00e+00	0.00e+00	0.00e+00	0.00e+00	0.00e+00	1.15e-04	2.86e-05	1.50e-05
 5.01220e+16	1.84e-04	3.49e-02	9.65e-01	1.77e-05	0.00e+00	0.00e+00	0.00e+00	0.00e+00	0.00e+00	1.34e-04	3.32e-05	1.74e-05
 5.12544e+16	2.18e-04	3.79e-02	9.62e-01	1.64e-05	0.00e+00	0.00e+00	0.00e+00	0.00e+00	0.00e+00	1.58e-04	3.93e-05	2.06e-05
 5.24635e+16	2.63e-04	4.16e-02	9.58e-01	1.52e-05	0.00e+00	0.00e+00	0.00e+00	0.00e+00	0.00e+00	1.91e-04	4.74e-05	2.48e-05
 5.34909e+16	3.11e-04	4.52e-02	9.54e-01	1.41e-05	0.00e+00	0.00e+00	0.00e+00	0.00e+00	0.00e+00	2.25e-04	5.59e-05	2.93e-05
 5.43785e+16	3.60e-04	4.87e-02	9.51e-01	1.32e-05	0.00e+00	0.00e+00	0.00e+00	0.00e+00	0.00e+00	2.61e-04	6.48e-05	3.40e-05
 5.53663e+16	4.27e-04	5.31e-02	9.46e-01	1.23e-05	0.00e+00	0.00e+00	0.00e+00	0.00e+00	0.00e+00	3.10e-04	7.68e-05	4.02e-05
 5.64437e+16	5.18e-04	5.86e-02	9.41e-01	1.12e-05	0.00e+00	0.00e+00	0.00e+00	0.00e+00	0.00e+00	3.76e-04	9.32e-05	4.88e-05
 5.73883e+16	6.18e-04	6.42e-02	9.35e-01	1.03e-05	0.00e+00	0.00e+00	0.00e+00	0.00e+00	0.00e+00	4.48e-04	1.11e-04	5.82e-05
 5.82070e+16	7.24e-04	6.97e-02	9.30e-01	9.51e-06	0.00e+00	0.00e+00	0.00e+00	0.00e+00	0.00e+00	5.25e-04	1.30e-04	6.81e-05
 5.91115e+16	8.69e-04	7.66e-02	9.22e-01	8.70e-06	0.00e+00	0.00e+00	0.00e+00	0.00e+00	0.00e+00	6.31e-04	1.56e-04	8.18e-05
 6.00914e+16	1.07e-03	8.53e-02	9.14e-01	7.83e-06	0.00e+00	0.00e+00	0.00e+00	0.00e+00	0.00e+00	7.73e-04	1.92e-04	1.00e-04
 6.09502e+16	1.29e-03	9.41e-02	9.05e-01	7.08e-06	0.00e+00	0.00e+00	0.00e+00	0.00e+00	0.00e+00	9.34e-04	2.31e-04	1.21e-04
 6.17039e+16	1.53e-03	1.03e-01	8.95e-01	6.45e-06	0.00e+00	0.00e+00	0.00e+00	0.00e+00	0.00e+00	1.11e-03	2.75e-04	1.43e-04
 6.25403e+16	1.86e-03	1.15e-01	8.84e-01	5.76e-06	0.00e+00	0.00e+00	0.00e+00	0.00e+00	0.00e+00	1.35e-03	3.35e-04	1.75e-04
 6.34313e+16	2.33e-03	1.29e-01	8.69e-01	5.07e-06	0.00e+00	0.00e+00	0.00e+00	0.00e+00	0.00e+00	1.69e-03	4.18e-04	2.18e-04
 6.41818e+16	2.83e-03	1.43e-01	8.54e-01	4.51e-06	0.00e+00	0.00e+00	0.00e+00	0.00e+00	0.00e+00	2.05e-03	5.08e-04	2.65e-04
 6.48220e+16	3.36e-03	1.56e-01	8.40e-01	4.06e-06	0.00e+00	0.00e+00	0.00e+00	0.00e+00	0.00e+00	2.44e-03	6.04e-04	3.15e-04
 6.55307e+16	4.11e-03	1.74e-01	8.22e-01	3.56e-06	0.00e+00	0.00e+00	0.00e+00	0.00e+00	0.00e+00	2.98e-03	7.37e-04	3.84e-04
 6.62923e+16	5.14e-03	1.95e-01	7.99e-01	3.05e-06	0.00e+00	0.00e+00	0.00e+00	0.00e+00	0.00e+00	3.73e-03	9.21e-04	4.81e-04
 6.69411e+16	6.28e-03	2.17e-01	7.77e-01	2.65e-06	0.00e+00	0.00e+00	0.00e+00	0.00e+00	0.00e+00	4.56e-03	1.12e-03	5.87e-04
 6.74882e+16	7.48e-03	2.37e-01	7.55e-01	2.33e-06	0.00e+00	0.00e+00	0.00e+00	0.00e+00	0.00e+00	5.44e-03	1.34e-03	6.99e-04
 6.80847e+16	9.12e-03	2.63e-01	7.28e-01	1.99e-06	0.00e+00	0.00e+00	0.00e+00	0.00e+00	0.00e+00	6.63e-03	1.63e-03	8.52e-04
 6.87289e+16	1.14e-02	2.94e-01	6.95e-01	1.66e-06	0.00e+00	0.00e+00	0.00e+00	0.00e+00	0.00e+00	8.30e-03	2.04e-03	1.06e-03
 6.92808e+16	1.39e-02	3.24e-01	6.62e-01	1.39e-06	0.00e+00	0.00e+00	0.00e+00	0.00e+00	0.00e+00	1.01e-02	2.49e-03	1.30e-03
 6.97471e+16	1.66e-02	3.53e-01	6.31e-01	1.18e-06	0.00e+00	0.00e+00	0.00e+00	0.00e+00	0.00e+00	1.21e-02	2.96e-03	1.55e-03
 7.02562e+16	2.02e-02	3.87e-01	5.93e-01	9.68e-07	0.00e+00	0.00e+00	0.00e+00	0.00e+00	0.00e+00	1.47e-02	3.60e-03	1.88e-03
 7.08081e+16	2.52e-02	4.28e-01	5.47e-01	7.63e-07	0.00e+00	0.00e+00	0.00e+00	0.00e+00	0.00e+00	1.84e-02	4.48e-03	2.35e-03
 7.12849e+16	3.08e-02	4.66e-01	5.03e-01	6.03e-07	0.00e+00	0.00e+00	0.00e+00	0.00e+00	0.00e+00	2.24e-02	5.45e-03	2.86e-03
 7.16907e+16	3.66e-02	5.01e-01	4.63e-01	4.83e-07	0.00e+00	0.00e+00	0.00e+00	0.00e+00	0.00e+00	2.67e-02	6.47e-03	3.40e-03
 7.21346e+16	4.44e-02	5.40e-01	4.16e-01	3.68e-07	0.00e+00	0.00e+00	0.00e+00	0.00e+00	0.00e+00	3.24e-02	7.83e-03	4.12e-03
 7.26220e+16	5.52e-02	5.83e-01	3.61e-01	2.63e-07	0.00e+00	0.00e+00	0.00e+00	0.00e+00	0.00e+00	4.04e-02	9.71e-03	5.12e-03
 7.30085e+16	6.62e-02	6.17e-01	3.16e-01	1.95e-07	0.00e+00	0.00e+00	0.00e+00	0.00e+00	0.00e+00	4.84e-02	1.16e-02	6.13e-03
 7.32699e+16	7.47e-02	6.39e-01	2.86e-01	1.56e-07	0.00e+00	0.00e+00	0.00e+00	0.00e+00	0.00e+00	5.47e-02	1.30e-02	6.91e-03
 7.35264e+16	8.43e-02	6.59e-01	2.56e-01	1.23e-07	0.00e+00	0.00e+00	0.00e+00	0.00e+00	0.00e+00	6.18e-02	1.47e-02	7.79e-03
 7.38597e+16	9.90e-02	6.83e-01	2.18e-01	0.00e+00	0.00e+00	0.00e+00	0.00e+00	0.00e+00	0.00e+00	7.27e-02	1.71e-02	9.14e-03
 7.41856e+16	1.16e-01	7.02e-01	1.83e-01	0.00e+00	0.00e+00	0.00e+00	0.00e+00	0.00e+00	0.00e+00	8.52e-02	1.99e-02	1.07e-02
 7.44220e+16	1.30e-01	7.12e-01	1.58e-01	0.00e+00	0.00e+00	0.00e+00	0.00e+00	0.00e+00	0.00e+00	9.55e-02	2.22e-02	1.19e-02
 7.46160e+16	1.42e-01	7.18e-01	1.39e-01	0.00e+00	0.00e+00	0.00e+00	0.00e+00	0.00e+00	0.00e+00	1.05e-01	2.43e-02	1.31e-02
 7.48346e+16	1.59e-01	7.22e-01	1.19e-01	0.00e+00	0.00e+00	0.00e+00	0.00e+00	0.00e+00	0.00e+00	1.17e-01	2.69e-02	1.45e-02
 7.50748e+16	1.79e-01	7.23e-01	9.84e-02	0.00e+00	0.00e+00	0.00e+00	0.00e+00	0.00e+00	0.00e+00	1.32e-01	3.01e-02	1.63e-02
 7.52864e+16	1.98e-01	7.20e-01	8.23e-02	0.00e+00	0.00e+00	0.00e+00	0.00e+00	0.00e+00	0.00e+00	1.47e-01	3.31e-02	1.81e-02
 7.54687e+16	2.17e-01	7.13e-01	6.95e-02	0.00e+00	0.00e+00	0.00e+00	0.00e+00	0.00e+00	0.00e+00	1.61e-01	3.60e-02	1.97e-02
 7.56698e+16	2.40e-01	7.03e-01	5.68e-02	0.00e+00	0.00e+00	0.00e+00	0.00e+00	0.00e+00	0.00e+00	1.79e-01	3.94e-02	2.17e-02
 7.58830e+16	2.66e-01	6.88e-01	4.53e-02	0.00e+00	0.00e+00	0.00e+00	0.00e+00	0.00e+00	0.00e+00	1.99e-01	4.32e-02	2.40e-02
 7.60631e+16	2.91e-01	6.72e-01	3.68e-02	0.00e+00	0.00e+00	0.00e+00	0.00e+00	0.00e+00	0.00e+00	2.18e-01	4.67e-02	2.61e-02
 7.62180e+16	3.13e-01	6.56e-01	3.05e-02	0.00e+00	0.00e+00	0.00e+00	0.00e+00	0.00e+00	0.00e+00	2.35e-01	4.97e-02	2.79e-02
 7.63891e+16	3.40e-01	6.36e-01	2.44e-02	0.00e+00	0.00e+00	0.00e+00	0.00e+00	0.00e+00	0.00e+00	2.56e-01	5.32e-02	3.01e-02
 7.65770e+16	3.72e-01	6.10e-01	1.88e-02	0.00e+00	0.00e+00	0.00e+00	0.00e+00	0.00e+00	0.00e+00	2.82e-01	5.72e-02	3.27e-02
 7.67446e+16	4.02e-01	5.83e-01	1.47e-02	0.00e+00	0.00e+00	0.00e+00	0.00e+00	0.00e+00	0.00e+00	3.06e-01	6.08e-02	3.51e-02
 7.68900e+16	4.29e-01	5.60e-01	1.17e-02	0.00e+00	0.00e+00	0.00e+00	0.00e+00	0.00e+00	0.00e+00	3.28e-01	6.37e-02	3.71e-02
 7.70305e+16	4.56e-01	5.35e-01	9.34e-03	0.00e+00	0.00e+00	0.00e+00	0.00e+00	0.00e+00	0.00e+00	3.50e-01	6.66e-02	3.92e-02
 7.71791e+16	4.86e-01	5.07e-01	7.25e-03	0.00e+00	0.00e+00	0.00e+00	0.00e+00	0.00e+00	0.00e+00	3.75e-01	6.94e-02	4.13e-02
 7.73212e+16	5.15e-01	4.79e-01	5.62e-03	0.00e+00	0.00e+00	0.00e+00	0.00e+00	0.00e+00	0.00e+00	4.00e-01	7.20e-02	4.33e-02
 7.74410e+16	5.40e-01	4.56e-01	4.51e-03	0.00e+00	0.00e+00	0.00e+00	0.00e+00	0.00e+00	0.00e+00	4.21e-01	7.40e-02	4.49e-02
 7.75476e+16	5.62e-01	4.34e-01	3.68e-03	0.00e+00	0.00e+00	0.00e+00	0.00e+00	0.00e+00	0.00e+00	4.40e-01	7.56e-02	4.62e-02
 7.76523e+16	5.84e-01	4.13e-01	2.99e-03	0.00e+00	0.00e+00	0.00e+00	0.00e+00	0.00e+00	0.00e+00	4.59e-01	7.69e-02	4.75e-02
 7.77372e+16	6.02e-01	3.96e-01	2.53e-03	0.00e+00	0.00e+00	0.00e+00	0.00e+00	0.00e+00	0.00e+00	4.75e-01	7.79e-02	4.85e-02
 7.77921e+16	6.12e-01	3.86e-01	2.27e-03	0.00e+00	0.00e+00	0.00e+00	0.00e+00	0.00e+00	0.00e+00	4.84e-01	7.84e-02	4.90e-02
 7.78427e+16	6.22e-01	3.76e-01	2.05e-03	0.00e+00	0.00e+00	0.00e+00	0.00e+00	0.00e+00	0.00e+00	4.94e-01	7.88e-02	4.95e-02
 7.79044e+16	6.35e-01	3.63e-01	1.79e-03	0.00e+00	0.00e+00	0.00e+00	0.00e+00	0.00e+00	0.00e+00	5.06e-01	7.92e-02	5.01e-02
 7.79703e+16	6.48e-01	3.50e-01	1.55e-03	0.00e+00	0.00e+00	0.00e+00	0.00e+00	0.00e+00	0.00e+00	5.18e-01	7.96e-02	5.07e-02
 7.80305e+16	6.61e-01	3.38e-01	1.36e-03	0.00e+00	0.00e+00	0.00e+00	0.00e+00	0.00e+00	0.00e+00	5.30e-01	7.99e-02	5.12e-02
 7.80852e+16	6.72e-01	3.27e-01	1.21e-03	0.00e+00	0.00e+00	0.00e+00	0.00e+00	0.00e+00	0.00e+00	5.40e-01	8.01e-02	5.16e-02
 7.81399e+16	6.83e-01	3.16e-01	1.06e-03	0.00e+00	0.00e+00	0.00e+00	0.00e+00	0.00e+00	0.00e+00	5.51e-01	8.02e-02	5.20e-02
 7.81970e+16	6.94e-01	3.05e-01	9.33e-04	0.00e+00	0.00e+00	0.00e+00	0.00e+00	0.00e+00	0.00e+00	5.62e-01	8.02e-02	5.23e-02
 7.82543e+16	7.06e-01	2.93e-01	8.14e-04	0.00e+00	0.00e+00	0.00e+00	0.00e+00	0.00e+00	0.00e+00	5.73e-01	8.02e-02	5.26e-02
 7.83091e+16	7.16e-01	2.83e-01	7.15e-04	0.00e+00	0.00e+00	0.00e+00	0.00e+00	0.00e+00	0.00e+00	5.83e-01	8.01e-02	5.29e-02
 7.83621e+16	7.27e-01	2.73e-01	6.29e-04	0.00e+00	0.00e+00	0.00e+00	0.00e+00	0.00e+00	0.00e+00	5.94e-01	8.00e-02	5.31e-02
