#depth	H	H+	H2
 1.61740e+12	9.88e-04	9.99e-01	2.03e-14
 9.70440e+12	9.87e-04	9.99e-01	2.03e-14
 4.20524e+13	9.86e-04	9.99e-01	2.03e-14
 1.71444e+14	9.85e-04	9.99e-01	2.05e-14
 4.09526e+14	9.74e-04	9.99e-01	2.06e-14
 7.19031e+14	9.64e-04	9.99e-01	2.09e-14
 1.12139e+15	9.56e-04	9.99e-01	2.12e-14
 1.64445e+15	9.50e-04	9.99e-01	2.18e-14
 2.32444e+15	9.47e-04	9.99e-01	2.27e-14
 3.09869e+15	9.42e-04	9.99e-01	2.36e-14
 3.83215e+15	9.41e-04	9.99e-01	2.46e-14
 4.46684e+15	9.43e-04	9.99e-01	2.56e-14
 5.03195e+15	9.49e-04	9.99e-01	2.67e-14
 5.66206e+15	9.63e-04	9.99e-01	2.81e-14
 6.48121e+15	9.80e-04	9.99e-01	3.00e-14
 7.39340e+15	1.00e-03	9.99e-01	3.23e-14
 8.42656e+15	1.03e-03	9.99e-01	3.49e-14
 9.76966e+15	1.06e-03	9.99e-01	3.82e-14
 1.15157e+16	1.11e-03	9.99e-01	4.25e-14
 1.37855e+16	1.17e-03	9.99e-01	4.83e-14
 1.58219e+16	1.23e-03	9.99e-01	5.36e-14
 1.74041e+16	1.28e-03	9.99e-01	5.83e-14
 1.91445e+16	1.35e-03	9.99e-01	6.42e-14
 2.10590e+16	1.43e-03	9.99e-01	7.16e-14
 2.31649e+16	1.53e-03	9.98e-01	8.08e-14
 2.54814e+16	1.66e-03	9.98e-01	9.26e-14
 2.80295e+16	1.82e-03	9.98e-01	1.08e-13
 3.08324e+16	2.04e-03	9.98e-01	1.28e-13
 3.39157e+16	2.31e-03	9.98e-01	1.56e-13
 3.73073e+16	2.69e-03	9.97e-01	1.96e-13
 4.07422e+16	3.18e-03	9.97e-01	2.50e-13
 4.29720e+16	3.59e-03	9.96e-01	2.99e-13
 4.38443e+16	3.77e-03	9.96e-01	3.21e-13
 4.45363e+16	3.92e-03	9.96e-01	3.39e-13
 4.54358e+16	4.12e-03	9.96e-01	3.64e-13
 4.66053e+16	4.41e-03	9.96e-01	4.00e-13
 4.79080e+16	4.76e-03	9.95e-01	4.46e-13
 4.90895e+16	5.12e-03	9.95e-01	4.93e-13
 5.01216e+16	5.46e-03	9.95e-01	5.40e-13
 5.12540e+16	5.87e-03	9.94e-01	5.98e-13
 5.24632e+16	6.37e-03	9.94e-01	6.67e-13
 5.34905e+16	6.84e-03	9.93e-01	7.37e-13
 5.43782e+16	7.29e-03	9.93e-01	8.04e-13
 5.53660e+16	7.84e-03	9.92e-01	8.88e-13
 5.64434e+16	8.51e-03	9.91e-01	9.90e-13
 5.73880e+16	9.18e-03	9.91e-01	1.10e-12
 5.82067e+16	9.81e-03	9.90e-01	1.20e-12
 5.91113e+16	1.06e-02	9.89e-01	1.33e-12
 6.00911e+16	1.16e-02	9.88e-01	1.49e-12
 6.09499e+16	1.25e-02	9.87e-01	1.65e-12
 6.17037e+16	1.35e-02	9.87e-01	1.82e-12
 6.25401e+16	1.46e-02	9.85e-01	2.03e-12
 6.34311e+16	1.61e-02	9.84e-01	2.29e-12
 6.41816e+16	1.75e-02	9.83e-01	2.55e-12
 6.48218e+16	1.88e-02	9.81e-01	2.80e-12
 6.55305e+16	2.05e-02	9.79e-01	3.12e-12
 6.62921e+16	2.26e-02	9.77e-01	3.53e-12
 6.69409e+16	2.47e-02	9.75e-01	3.94e-12
 6.74881e+16	2.67e-02	9.73e-01	4.34e-12
 6.80846e+16	2.92e-02	9.71e-01	4.85e-12
 6.87288e+16	3.24e-02	9.68e-01	5.51e-12
 6.92807e+16	3.55e-02	9.64e-01	6.18e-12
 6.97471e+16	3.86e-02	9.61e-01	6.85e-12
 7.02562e+16	4.25e-02	9.57e-01	7.71e-12
 7.08080e+16	4.76e-02	9.52e-01	8.84e-12
 7.12849e+16	5.28e-02	9.47e-01	1.00e-11
 7.16906e+16	5.79e-02	9.42e-01	1.13e-11
 7.21346e+16	6.45e-02	9.36e-01	1.28e-11
 7.26220e+16	7.33e-02	9.27e-01	1.50e-11
 7.30085e+16	8.20e-02	9.18e-01	1.72e-11
 7.32699e+16	8.85e-02	9.11e-01	1.90e-11
 7.35264e+16	9.59e-02	9.04e-01	2.10e-11
 7.38598e+16	1.07e-01	8.93e-01	2.41e-11
 7.41857e+16	1.20e-01	8.80e-01	2.77e-11
 7.44221e+16	1.31e-01	8.69e-01	3.08e-11
 7.46161e+16	1.40e-01	8.60e-01	3.38e-11
 7.48347e+16	1.53e-01	8.47e-01	3.78e-11
 7.50749e+16	1.69e-01	8.31e-01	4.29e-11
 7.52864e+16	1.84e-01	8.16e-01	4.80e-11
 7.54688e+16	1.99e-01	8.01e-01	5.34e-11
 7.56698e+16	2.18e-01	7.82e-01	6.02e-11
 7.58831e+16	2.40e-01	7.60e-01	6.86e-11
 7.60632e+16	2.61e-01	7.39e-01	7.69e-11
 7.62181e+16	2.80e-01	7.20e-01	8.48e-11
 7.63892e+16	3.03e-01	6.97e-01	9.52e-11
 7.65771e+16	3.31e-01	6.69e-01	1.08e-10
 7.67447e+16	3.59e-01	6.41e-01	1.22e-10
 7.68901e+16	3.83e-01	6.17e-01	1.35e-10
 7.70306e+16	4.09e-01	5.91e-01	1.50e-10
 7.71792e+16	4.37e-01	5.63e-01	1.67e-10
 7.73213e+16	4.66e-01	5.34e-01	1.85e-10
 7.74412e+16	4.90e-01	5.10e-01	2.02e-10
 7.75477e+16	5.12e-01	4.88e-01	2.19e-10
 7.76524e+16	5.34e-01	4.66e-01	2.36e-10
 7.77373e+16	5.51e-01	4.49e-01	2.51e-10
 7.77922e+16	5.62e-01	4.38e-01	2.61e-10
 7.78428e+16	5.72e-01	4.28e-01	2.71e-10
 7.79045e+16	5.85e-01	4.15e-01	2.84e-10
 7.79704e+16	5.99e-01	4.01e-01	2.98e-10
 7.80307e+16	6.13e-01	3.87e-01	3.12e-10
 7.80854e+16	6.24e-01	3.76e-01	3.25e-10
 7.81399e+16	6.36e-01	3.64e-01	3.39e-10
 7.81971e+16	6.48e-01	3.52e-01	3.53e-10
 7.82546e+16	6.60e-01	3.40e-01	3.69e-10
 7.83100e+16	6.72e-01	3.28e-01	3.85e-10
 7.83629e+16	6.82e-01	3.18e-01	4.00e-10
 7.84161e+16	6.94e-01	3.06e-01	4.18e-10
 7.84702e+16	7.04e-01	2.96e-01	4.34e-10
 7.85236e+16	7.15e-01	2.85e-01	4.54e-10
 7.85758e+16	7.25e-01	2.75e-01	4.70e-10
 7.86276e+16	7.36e-01	2.64e-01	4.90e-10
 7.86799e+16	7.46e-01	2.54e-01	5.11e-10
 7.87310e+16	7.56e-01	2.44e-01	5.31e-10
 7.87811e+16	7.65e-01	2.35e-01	5.52e-10
 7.88317e+16	7.74e-01	2.26e-01	5.75e-10
 7.88821e+16	7.83e-01	2.17e-01	5.97e-10
 7.89318e+16	7.92e-01	2.08e-01	6.22e-10
 7.89813e+16	8.00e-01	2.00e-01	6.47e-10
 7.90300e+16	8.08e-01	1.92e-01	6.72e-10
 7.90782e+16	8.16e-01	1.84e-01	6.98e-10
 7.91269e+16	8.24e-01	1.76e-01	7.27e-10
 7.91755e+16	8.31e-01	1.69e-01	7.58e-10
 7.92226e+16	8.38e-01	1.62e-01	7.86e-10
 7.92684e+16	8.45e-01	1.55e-01	8.19e-10
 7.93142e+16	8.51e-01	1.49e-01	8.47e-10
 7.93599e+16	8.57e-01	1.43e-01	8.83e-10
 7.94045e+16	8.63e-01	1.37e-01	9.20e-10
 7.94486e+16	8.69e-01	1.31e-01	9.57e-10
 7.94921e+16	8.74e-01	1.26e-01	9.91e-10
 7.95346e+16	8.80e-01	1.20e-01	1.03e-09
 7.95763e+16	8.84e-01	1.16e-01	1.07e-09
 7.96178e+16	8.89e-01	1.11e-01	1.12e-09
 7.96592e+16	8.94e-01	1.06e-01	1.16e-09
 7.96997e+16	8.98e-01	1.02e-01	1.21e-09
 7.97390e+16	9.02e-01	9.79e-02	1.26e-09
 7.97782e+16	9.06e-01	9.40e-02	1.31e-09
 7.98176e+16	9.10e-01	9.03e-02	1.36e-09
 7.98563e+16	9.13e-01	8.66e-02	1.42e-09
 7.98937e+16	9.17e-01	8.32e-02	1.48e-09
 7.99310e+16	9.20e-01	7.99e-02	1.55e-09
 7.99687e+16	9.23e-01	7.67e-02	1.62e-09
 8.00058e+16	9.26e-01	7.36e-02	1.69e-09
 8.00419e+16	9.29e-01	7.08e-02	1.76e-09
 8.00775e+16	9.32e-01	6.80e-02	1.84e-09
 8.01133e+16	9.35e-01	6.54e-02	1.93e-09
 8.01490e+16	9.37e-01	6.28e-02	2.02e-09
 8.01838e+16	9.40e-01	6.04e-02	2.13e-09
 8.02176e+16	9.42e-01	5.80e-02	2.24e-09
 8.02517e+16	9.44e-01	5.58e-02	2.35e-09
 8.02865e+16	9.46e-01	5.35e-02	2.48e-09
 8.03205e+16	9.49e-01	5.14e-02	2.62e-09
 8.03534e+16	9.51e-01	4.95e-02	2.77e-09
 8.03861e+16	9.52e-01	4.76e-02	2.93e-09
 8.04192e+16	9.54e-01	4.58e-02	3.12e-09
 8.04518e+16	9.56e-01	4.39e-02	3.32e-09
 8.04834e+16	9.58e-01	4.23e-02	3.54e-09
 8.05147e+16	9.59e-01	4.07e-02	3.79e-09
 8.05460e+16	9.61e-01	3.91e-02	4.08e-09
 8.05777e+16	9.62e-01	3.76e-02	4.41e-09
 8.06090e+16	9.64e-01	3.60e-02	4.79e-09
 8.06393e+16	9.65e-01	3.46e-02	5.22e-09
 8.06691e+16	9.67e-01	3.33e-02	5.74e-09
 8.06989e+16	9.68e-01	3.20e-02	6.33e-09
 8.07285e+16	9.69e-01	3.07e-02	7.03e-09
 8.07575e+16	9.70e-01	2.95e-02	7.86e-09
 8.07855e+16	9.72e-01	2.84e-02	8.80e-09
 8.08119e+16	9.73e-01	2.74e-02	9.91e-09
 8.08360e+16	9.74e-01	2.64e-02	1.11e-08
 8.08577e+16	9.74e-01	2.57e-02	1.25e-08
 8.08776e+16	9.75e-01	2.50e-02	1.39e-08
 8.08965e+16	9.76e-01	2.43e-02	1.57e-08
 8.09142e+16	9.76e-01	2.37e-02	1.75e-08
 8.09304e+16	9.77e-01	2.31e-02	1.96e-08
 8.09455e+16	9.77e-01	2.26e-02	2.20e-08
 8.09597e+16	9.78e-01	2.21e-02	2.45e-08
 8.09732e+16	9.78e-01	2.17e-02	2.74e-08
 8.09861e+16	9.79e-01	2.13e-02	3.06e-08
 8.09984e+16	9.79e-01	2.08e-02	3.43e-08
 8.10100e+16	9.80e-01	2.04e-02	3.83e-08
 8.10210e+16	9.80e-01	2.01e-02	4.28e-08
 8.10314e+16	9.80e-01	1.97e-02	4.77e-08
 8.10415e+16	9.81e-01	1.94e-02	5.32e-08
 8.10512e+16	9.81e-01	1.90e-02	5.94e-08
 8.10605e+16	9.81e-01	1.87e-02	6.63e-08
 8.10695e+16	9.82e-01	1.84e-02	7.38e-08
 8.10783e+16	9.82e-01	1.81e-02	8.20e-08
 8.10870e+16	9.82e-01	1.78e-02	9.11e-08
 8.10956e+16	9.83e-01	1.75e-02	1.01e-07
 8.11043e+16	9.83e-01	1.71e-02	1.12e-07
 8.11130e+16	9.83e-01	1.68e-02	1.24e-07
 8.11219e+16	9.84e-01	1.65e-02	1.37e-07
 8.11314e+16	9.84e-01	1.61e-02	1.51e-07
 8.11414e+16	9.84e-01	1.57e-02	1.66e-07
 8.11513e+16	9.85e-01	1.53e-02	1.79e-07
 8.11601e+16	9.85e-01	1.49e-02	1.89e-07
 8.11681e+16	9.85e-01	1.46e-02	1.98e-07
 8.11759e+16	9.86e-01	1.43e-02	2.05e-07
 8.11834e+16	9.86e-01	1.40e-02	2.11e-07
 8.11904e+16	9.86e-01	1.37e-02	2.16e-07
 8.11968e+16	9.87e-01	1.35e-02	2.20e-07
 8.12026e+16	9.87e-01	1.32e-02	2.24e-07
 8.12079e+16	9.87e-01	1.30e-02	2.27e-07
 8.12127e+16	9.87e-01	1.28e-02	2.30e-07
 8.12171e+16	9.87e-01	1.27e-02	2.32e-07
 8.12211e+16	9.87e-01	1.25e-02	2.35e-07
 8.12255e+16	9.88e-01	1.24e-02	2.38e-07
 8.12302e+16	9.88e-01	1.22e-02	2.40e-07
 8.12345e+16	9.88e-01	1.20e-02	2.43e-07
 8.12384e+16	9.88e-01	1.19e-02	2.46e-07
 8.12427e+16	9.88e-01	1.17e-02	2.49e-07
 8.12474e+16	9.88e-01	1.16e-02	2.52e-07
 8.12516e+16	9.89e-01	1.14e-02	2.55e-07
 8.12562e+16	9.89e-01	1.12e-02	2.59e-07
 8.12612e+16	9.89e-01	1.11e-02	2.63e-07
 8.12657e+16	9.89e-01	1.09e-02	2.66e-07
 8.12707e+16	9.89e-01	1.08e-02	2.70e-07
 8.12760e+16	9.89e-01	1.06e-02	2.73e-07
 8.12819e+16	9.90e-01	1.04e-02	2.77e-07
 8.12883e+16	9.90e-01	1.03e-02	2.82e-07
 8.12940e+16	9.90e-01	1.01e-02	2.86e-07
 8.12993e+16	9.90e-01	9.94e-03	2.90e-07
