#depth	H	H+	H2
 3.68334e+11	9.10e-04	9.99e-01	4.01e-14
 2.21000e+12	9.10e-04	9.99e-01	4.01e-14
 9.57668e+12	9.10e-04	9.99e-01	4.01e-14
 3.90434e+13	9.10e-04	9.99e-01	4.03e-14
 9.32621e+13	9.05e-04	9.99e-01	4.03e-14
 1.63746e+14	9.01e-04	9.99e-01	4.04e-14
 2.55376e+14	8.98e-04	9.99e-01	4.07e-14
 3.74495e+14	8.95e-04	9.99e-01	4.09e-14
 5.29349e+14	8.93e-04	9.99e-01	4.14e-14
 7.30659e+14	8.91e-04	9.99e-01	4.21e-14
 9.92363e+14	8.92e-04	9.99e-01	4.31e-14
 1.33258e+15	8.95e-04	9.99e-01	4.44e-14
 1.77486e+15	9.03e-04	9.99e-01	4.63e-14
 2.34982e+15	9.18e-04	9.99e-01	4.90e-14
 3.09727e+15	9.42e-04	9.99e-01	5.29e-14
 4.06896e+15	9.82e-04	9.99e-01	5.85e-14
 5.33215e+15	1.04e-03	9.99e-01	6.66e-14
 6.94544e+15	1.14e-03	9.99e-01	7.89e-14
 8.74406e+15	1.27e-03	9.99e-01	9.49e-14
 1.05427e+16	1.44e-03	9.99e-01	1.14e-13
 1.20141e+16	1.60e-03	9.98e-01	1.34e-13
 1.29645e+16	1.72e-03	9.98e-01	1.48e-13
 1.37185e+16	1.83e-03	9.98e-01	1.62e-13
 1.45828e+16	1.98e-03	9.98e-01	1.77e-13
 1.55282e+16	2.16e-03	9.98e-01	1.97e-13
 1.63673e+16	2.34e-03	9.98e-01	2.18e-13
 1.70986e+16	2.52e-03	9.97e-01	2.37e-13
 1.79016e+16	2.74e-03	9.97e-01	2.60e-13
 1.87398e+16	3.00e-03	9.97e-01	2.89e-13
 1.94306e+16	3.24e-03	9.97e-01	3.17e-13
 2.00263e+16	3.47e-03	9.97e-01	3.42e-13
 2.06919e+16	3.77e-03	9.96e-01	3.73e-13
 2.13995e+16	4.13e-03	9.96e-01	4.12e-13
 2.19999e+16	4.47e-03	9.96e-01	4.52e-13
 2.25190e+16	4.81e-03	9.95e-01	4.89e-13
 2.30938e+16	5.23e-03	9.95e-01	5.33e-13
 2.37089e+16	5.74e-03	9.94e-01	5.90e-13
 2.42346e+16	6.24e-03	9.94e-01	6.48e-13
 2.46886e+16	6.73e-03	9.93e-01	7.04e-13
 2.51909e+16	7.35e-03	9.93e-01	7.73e-13
 2.57291e+16	8.10e-03	9.92e-01	8.58e-13
 2.61919e+16	8.85e-03	9.91e-01	9.48e-13
 2.65943e+16	9.60e-03	9.90e-01	1.04e-12
 2.70402e+16	1.06e-02	9.89e-01	1.15e-12
 2.75153e+16	1.17e-02	9.88e-01	1.29e-12
 2.79163e+16	1.29e-02	9.87e-01	1.43e-12
 2.82534e+16	1.41e-02	9.86e-01	1.57e-12
 2.86194e+16	1.55e-02	9.84e-01	1.75e-12
 2.90074e+16	1.74e-02	9.83e-01	1.98e-12
 2.93305e+16	1.92e-02	9.81e-01	2.21e-12
 2.96015e+16	2.09e-02	9.79e-01	2.43e-12
 2.98981e+16	2.32e-02	9.77e-01	2.72e-12
 3.02150e+16	2.61e-02	9.74e-01	3.09e-12
 3.04829e+16	2.90e-02	9.71e-01	3.48e-12
 3.07086e+16	3.20e-02	9.68e-01	3.88e-12
 3.09546e+16	3.59e-02	9.64e-01	4.40e-12
 3.12176e+16	4.09e-02	9.59e-01	5.10e-12
 3.14400e+16	4.62e-02	9.54e-01	5.84e-12
 3.16285e+16	5.16e-02	9.48e-01	6.60e-12
 3.18352e+16	5.88e-02	9.41e-01	7.66e-12
 3.20581e+16	6.86e-02	9.31e-01	9.13e-12
 3.22487e+16	7.91e-02	9.21e-01	1.07e-11
 3.24112e+16	9.03e-02	9.10e-01	1.25e-11
 3.25438e+16	1.01e-01	8.99e-01	1.43e-11
 3.26424e+16	1.11e-01	8.89e-01	1.60e-11
 3.27438e+16	1.22e-01	8.78e-01	1.79e-11
 3.28532e+16	1.36e-01	8.64e-01	2.04e-11
 3.29481e+16	1.50e-01	8.50e-01	2.30e-11
 3.30293e+16	1.64e-01	8.36e-01	2.56e-11
 3.31050e+16	1.78e-01	8.22e-01	2.83e-11
 3.31910e+16	1.96e-01	8.04e-01	3.20e-11
 3.32802e+16	2.17e-01	7.83e-01	3.65e-11
 3.33523e+16	2.36e-01	7.64e-01	4.07e-11
 3.34130e+16	2.53e-01	7.47e-01	4.47e-11
 3.34801e+16	2.74e-01	7.26e-01	5.00e-11
 3.35525e+16	2.98e-01	7.02e-01	5.63e-11
 3.36160e+16	3.21e-01	6.79e-01	6.25e-11
 3.36728e+16	3.43e-01	6.57e-01	6.86e-11
 3.37346e+16	3.68e-01	6.32e-01	7.66e-11
 3.38000e+16	3.97e-01	6.03e-01	8.59e-11
 3.38586e+16	4.24e-01	5.76e-01	9.56e-11
 3.39119e+16	4.48e-01	5.52e-01	1.05e-10
 3.39622e+16	4.72e-01	5.28e-01	1.15e-10
 3.40100e+16	4.96e-01	5.04e-01	1.26e-10
 3.40570e+16	5.19e-01	4.81e-01	1.37e-10
 3.41010e+16	5.41e-01	4.59e-01	1.48e-10
 3.41336e+16	5.57e-01	4.43e-01	1.57e-10
 3.41555e+16	5.67e-01	4.33e-01	1.63e-10
 3.41777e+16	5.78e-01	4.22e-01	1.70e-10
 3.42037e+16	5.91e-01	4.09e-01	1.78e-10
 3.42306e+16	6.04e-01	3.96e-01	1.87e-10
 3.42557e+16	6.17e-01	3.83e-01	1.96e-10
 3.42799e+16	6.29e-01	3.71e-01	2.05e-10
 3.43041e+16	6.40e-01	3.60e-01	2.14e-10
 3.43284e+16	6.53e-01	3.47e-01	2.25e-10
 3.43526e+16	6.64e-01	3.36e-01	2.35e-10
 3.43765e+16	6.75e-01	3.25e-01	2.46e-10
 3.44004e+16	6.87e-01	3.13e-01	2.57e-10
 3.44238e+16	6.98e-01	3.02e-01	2.69e-10
 3.44470e+16	7.08e-01	2.92e-01	2.81e-10
 3.44704e+16	7.19e-01	2.81e-01	2.95e-10
 3.44937e+16	7.29e-01	2.71e-01	3.07e-10
 3.45167e+16	7.40e-01	2.60e-01	3.22e-10
 3.45395e+16	7.49e-01	2.51e-01	3.35e-10
 3.45623e+16	7.59e-01	2.41e-01	3.52e-10
 3.45853e+16	7.68e-01	2.32e-01	3.68e-10
 3.46077e+16	7.77e-01	2.23e-01	3.85e-10
 3.46298e+16	7.86e-01	2.14e-01	4.01e-10
 3.46523e+16	7.95e-01	2.05e-01	4.21e-10
 3.46746e+16	8.03e-01	1.97e-01	4.39e-10
 3.46966e+16	8.11e-01	1.89e-01	4.60e-10
 3.47187e+16	8.19e-01	1.81e-01	4.82e-10
 3.47404e+16	8.26e-01	1.74e-01	5.04e-10
 3.47620e+16	8.33e-01	1.67e-01	5.27e-10
 3.47836e+16	8.40e-01	1.60e-01	5.54e-10
 3.48048e+16	8.47e-01	1.53e-01	5.76e-10
 3.48255e+16	8.53e-01	1.47e-01	6.05e-10
 3.48458e+16	8.59e-01	1.41e-01	6.34e-10
 3.48663e+16	8.65e-01	1.35e-01	6.63e-10
 3.48868e+16	8.71e-01	1.29e-01	6.95e-10
 3.49067e+16	8.76e-01	1.24e-01	7.25e-10
 3.49260e+16	8.81e-01	1.19e-01	7.60e-10
 3.49451e+16	8.86e-01	1.14e-01	7.97e-10
 3.49644e+16	8.90e-01	1.10e-01	8.35e-10
 3.49835e+16	8.95e-01	1.05e-01	8.70e-10
 3.50021e+16	8.99e-01	1.01e-01	9.12e-10
 3.50205e+16	9.03e-01	9.70e-02	9.59e-10
 3.50386e+16	9.07e-01	9.32e-02	1.01e-09
 3.50568e+16	9.10e-01	8.96e-02	1.05e-09
 3.50749e+16	9.14e-01	8.60e-02	1.10e-09
 3.50925e+16	9.17e-01	8.26e-02	1.16e-09
 3.51099e+16	9.21e-01	7.94e-02	1.22e-09
 3.51274e+16	9.24e-01	7.61e-02	1.29e-09
 3.51448e+16	9.27e-01	7.33e-02	1.34e-09
 3.51619e+16	9.30e-01	7.03e-02	1.41e-09
 3.51788e+16	9.32e-01	6.76e-02	1.49e-09
 3.51954e+16	9.35e-01	6.50e-02	1.58e-09
 3.52121e+16	9.37e-01	6.26e-02	1.64e-09
 3.52288e+16	9.40e-01	6.01e-02	1.74e-09
 3.52452e+16	9.42e-01	5.78e-02	1.84e-09
 3.52612e+16	9.44e-01	5.56e-02	1.95e-09
 3.52772e+16	9.46e-01	5.35e-02	2.04e-09
 3.52935e+16	9.49e-01	5.14e-02	2.18e-09
 3.53097e+16	9.51e-01	4.94e-02	2.31e-09
 3.53251e+16	9.52e-01	4.76e-02	2.46e-09
 3.53405e+16	9.54e-01	4.58e-02	2.58e-09
 3.53562e+16	9.56e-01	4.40e-02	2.76e-09
 3.53719e+16	9.58e-01	4.23e-02	2.95e-09
 3.53871e+16	9.59e-01	4.07e-02	3.16e-09
 3.54021e+16	9.61e-01	3.91e-02	3.39e-09
 3.54176e+16	9.62e-01	3.75e-02	3.64e-09
 3.54333e+16	9.64e-01	3.60e-02	3.91e-09
 3.54482e+16	9.65e-01	3.47e-02	4.20e-09
 3.54622e+16	9.67e-01	3.34e-02	4.52e-09
 3.54760e+16	9.68e-01	3.22e-02	4.89e-09
 3.54907e+16	9.69e-01	3.09e-02	5.37e-09
 3.55056e+16	9.70e-01	2.96e-02	5.90e-09
 3.55197e+16	9.72e-01	2.85e-02	6.47e-09
 3.55332e+16	9.73e-01	2.74e-02	7.11e-09
 3.55468e+16	9.74e-01	2.63e-02	7.87e-09
 3.55605e+16	9.75e-01	2.53e-02	8.77e-09
 3.55741e+16	9.76e-01	2.43e-02	9.87e-09
 3.55867e+16	9.77e-01	2.33e-02	1.11e-08
 3.55982e+16	9.77e-01	2.25e-02	1.24e-08
 3.56087e+16	9.78e-01	2.18e-02	1.38e-08
 3.56188e+16	9.79e-01	2.12e-02	1.55e-08
 3.56284e+16	9.79e-01	2.05e-02	1.73e-08
 3.56376e+16	9.80e-01	1.99e-02	1.93e-08
 3.56463e+16	9.81e-01	1.93e-02	2.16e-08
 3.56547e+16	9.81e-01	1.88e-02	2.41e-08
 3.56626e+16	9.82e-01	1.83e-02	2.68e-08
 3.56704e+16	9.82e-01	1.78e-02	2.99e-08
 3.56779e+16	9.83e-01	1.73e-02	3.32e-08
 3.56853e+16	9.83e-01	1.68e-02	3.69e-08
 3.56927e+16	9.84e-01	1.63e-02	4.10e-08
 3.57001e+16	9.84e-01	1.58e-02	4.53e-08
 3.57077e+16	9.85e-01	1.53e-02	5.01e-08
 3.57153e+16	9.85e-01	1.48e-02	5.47e-08
 3.57222e+16	9.86e-01	1.43e-02	5.86e-08
 3.57283e+16	9.86e-01	1.39e-02	6.18e-08
 3.57339e+16	9.86e-01	1.36e-02	6.44e-08
 3.57392e+16	9.87e-01	1.32e-02	6.66e-08
 3.57443e+16	9.87e-01	1.29e-02	6.84e-08
 3.57492e+16	9.87e-01	1.26e-02	7.00e-08
 3.57537e+16	9.88e-01	1.23e-02	7.15e-08
 3.57579e+16	9.88e-01	1.20e-02	7.27e-08
 3.57619e+16	9.88e-01	1.18e-02	7.39e-08
 3.57655e+16	9.88e-01	1.16e-02	7.49e-08
 3.57688e+16	9.89e-01	1.13e-02	7.59e-08
 3.57718e+16	9.89e-01	1.12e-02	7.68e-08
 3.57745e+16	9.89e-01	1.10e-02	7.77e-08
 3.57769e+16	9.89e-01	1.08e-02	7.85e-08
 3.57796e+16	9.89e-01	1.07e-02	7.93e-08
 3.57826e+16	9.90e-01	1.05e-02	8.04e-08
 3.57852e+16	9.90e-01	1.03e-02	8.15e-08
 3.57876e+16	9.90e-01	1.02e-02	8.24e-08
 3.57903e+16	9.90e-01	1.00e-02	8.34e-08
 3.57932e+16	9.90e-01	9.82e-03	8.49e-08
