#depth	He	He+	He+2
 3.68334e+11	9.20e-04	9.91e-01	7.96e-03
 2.21000e+12	9.20e-04	9.91e-01	7.96e-03
 9.57668e+12	9.20e-04	9.91e-01	7.91e-03
 3.90434e+13	9.23e-04	9.91e-01	7.66e-03
 9.32621e+13	9.24e-04	9.92e-01	7.54e-03
 1.63746e+14	9.28e-04	9.92e-01	7.14e-03
 2.55376e+14	9.32e-04	9.93e-01	6.48e-03
 3.74495e+14	9.38e-04	9.93e-01	5.56e-03
 5.29349e+14	9.45e-04	9.95e-01	4.45e-03
 7.30659e+14	9.55e-04	9.96e-01	3.24e-03
 9.92363e+14	9.68e-04	9.97e-01	2.10e-03
 1.33258e+15	9.84e-04	9.98e-01	1.17e-03
 1.77486e+15	1.00e-03	9.98e-01	5.50e-04
 2.34982e+15	1.03e-03	9.99e-01	2.09e-04
 3.09727e+15	1.07e-03	9.99e-01	6.17e-05
 4.06896e+15	1.12e-03	9.99e-01	1.38e-05
 5.33215e+15	1.19e-03	9.99e-01	2.30e-06
 6.94544e+15	1.28e-03	9.99e-01	3.01e-07
 8.74406e+15	1.40e-03	9.99e-01	4.05e-08
 1.05427e+16	1.53e-03	9.98e-01	7.33e-09
 1.20141e+16	1.64e-03	9.98e-01	2.18e-09
 1.29645e+16	1.71e-03	9.98e-01	1.12e-09
 1.37185e+16	1.78e-03	9.98e-01	6.79e-10
 1.45828e+16	1.87e-03	9.98e-01	4.01e-10
 1.55282e+16	1.97e-03	9.98e-01	2.44e-10
 1.63673e+16	2.07e-03	9.98e-01	1.67e-10
 1.70986e+16	2.16e-03	9.98e-01	1.25e-10
 1.79016e+16	2.27e-03	9.98e-01	9.47e-11
 1.87398e+16	2.39e-03	9.98e-01	7.49e-11
 1.94306e+16	2.50e-03	9.97e-01	6.40e-11
 2.00263e+16	2.61e-03	9.97e-01	5.71e-11
 2.06919e+16	2.74e-03	9.97e-01	5.13e-11
 2.13995e+16	2.89e-03	9.97e-01	4.67e-11
 2.19999e+16	3.02e-03	9.97e-01	4.39e-11
 2.25190e+16	3.16e-03	9.97e-01	4.20e-11
 2.30938e+16	3.32e-03	9.97e-01	4.03e-11
 2.37089e+16	3.51e-03	9.96e-01	3.88e-11
 2.42346e+16	3.69e-03	9.96e-01	3.79e-11
 2.46886e+16	3.86e-03	9.96e-01	3.73e-11
 2.51909e+16	4.08e-03	9.96e-01	3.68e-11
 2.57291e+16	4.34e-03	9.96e-01	3.65e-11
 2.61919e+16	4.59e-03	9.95e-01	3.62e-11
 2.65943e+16	4.83e-03	9.95e-01	3.62e-11
 2.70402e+16	5.14e-03	9.95e-01	3.61e-11
 2.75153e+16	5.51e-03	9.94e-01	3.64e-11
 2.79163e+16	5.88e-03	9.94e-01	3.67e-11
 2.82534e+16	6.23e-03	9.94e-01	3.71e-11
 2.86194e+16	6.67e-03	9.93e-01	3.75e-11
 2.90074e+16	7.20e-03	9.93e-01	3.78e-11
 2.93305e+16	7.71e-03	9.92e-01	3.85e-11
 2.96015e+16	8.20e-03	9.92e-01	3.95e-11
 2.98981e+16	8.85e-03	9.91e-01	4.06e-11
 3.02150e+16	9.63e-03	9.90e-01	4.18e-11
 3.04829e+16	1.04e-02	9.90e-01	4.29e-11
 3.07086e+16	1.12e-02	9.89e-01	4.44e-11
 3.09546e+16	1.22e-02	9.88e-01	4.61e-11
 3.12176e+16	1.35e-02	9.87e-01	4.84e-11
 3.14400e+16	1.48e-02	9.85e-01	5.13e-11
 3.16285e+16	1.61e-02	9.84e-01	5.46e-11
 3.18352e+16	1.79e-02	9.82e-01	5.99e-11
 3.20581e+16	2.03e-02	9.80e-01	6.48e-11
 3.22487e+16	2.27e-02	9.77e-01	7.41e-11
 3.24112e+16	2.53e-02	9.75e-01	8.27e-11
 3.25438e+16	2.79e-02	9.72e-01	9.09e-11
 3.26424e+16	3.01e-02	9.70e-01	9.82e-11
 3.27438e+16	3.29e-02	9.67e-01	1.07e-10
 3.28532e+16	3.62e-02	9.64e-01	1.21e-10
 3.29481e+16	3.95e-02	9.60e-01	1.35e-10
 3.30293e+16	4.29e-02	9.57e-01	1.48e-10
 3.31050e+16	4.63e-02	9.54e-01	1.67e-10
 3.31910e+16	5.10e-02	9.49e-01	1.89e-10
 3.32802e+16	5.64e-02	9.44e-01	2.17e-10
 3.33523e+16	6.16e-02	9.38e-01	2.42e-10
 3.34130e+16	6.64e-02	9.34e-01	2.70e-10
 3.34801e+16	7.28e-02	9.27e-01	3.02e-10
 3.35525e+16	8.02e-02	9.20e-01	3.45e-10
 3.36160e+16	8.75e-02	9.12e-01	3.92e-10
 3.36728e+16	9.48e-02	9.05e-01	4.44e-10
 3.37346e+16	1.04e-01	8.96e-01	5.03e-10
 3.38000e+16	1.15e-01	8.85e-01	5.79e-10
 3.38586e+16	1.26e-01	8.74e-01	6.52e-10
 3.39119e+16	1.36e-01	8.64e-01	7.38e-10
 3.39622e+16	1.48e-01	8.52e-01	8.25e-10
 3.40100e+16	1.60e-01	8.40e-01	9.13e-10
 3.40570e+16	1.72e-01	8.28e-01	1.02e-09
 3.41010e+16	1.85e-01	8.15e-01	1.12e-09
 3.41336e+16	1.95e-01	8.05e-01	1.20e-09
 3.41555e+16	2.02e-01	7.98e-01	1.26e-09
 3.41777e+16	2.10e-01	7.90e-01	1.32e-09
 3.42037e+16	2.19e-01	7.81e-01	1.39e-09
 3.42306e+16	2.29e-01	7.71e-01	1.47e-09
 3.42557e+16	2.38e-01	7.62e-01	1.56e-09
 3.42799e+16	2.48e-01	7.52e-01	1.64e-09
 3.43041e+16	2.58e-01	7.42e-01	1.73e-09
 3.43284e+16	2.69e-01	7.31e-01	1.81e-09
 3.43526e+16	2.79e-01	7.21e-01	1.91e-09
 3.43765e+16	2.90e-01	7.10e-01	2.01e-09
 3.44004e+16	3.02e-01	6.98e-01	2.10e-09
 3.44238e+16	3.13e-01	6.87e-01	2.21e-09
 3.44470e+16	3.25e-01	6.75e-01	2.31e-09
 3.44704e+16	3.38e-01	6.62e-01	2.42e-09
 3.44937e+16	3.50e-01	6.50e-01	2.53e-09
 3.45167e+16	3.63e-01	6.37e-01	2.64e-09
 3.45395e+16	3.75e-01	6.25e-01	2.76e-09
 3.45623e+16	3.89e-01	6.11e-01	2.87e-09
 3.45853e+16	4.02e-01	5.98e-01	2.99e-09
 3.46077e+16	4.16e-01	5.84e-01	3.11e-09
 3.46298e+16	4.29e-01	5.71e-01	3.23e-09
 3.46523e+16	4.44e-01	5.56e-01	3.34e-09
 3.46746e+16	4.57e-01	5.43e-01	3.48e-09
 3.46966e+16	4.72e-01	5.28e-01	3.60e-09
 3.47187e+16	4.86e-01	5.14e-01	3.71e-09
 3.47404e+16	5.01e-01	4.99e-01	3.84e-09
 3.47620e+16	5.15e-01	4.85e-01	3.96e-09
 3.47836e+16	5.30e-01	4.70e-01	4.07e-09
 3.48048e+16	5.44e-01	4.56e-01	4.20e-09
 3.48255e+16	5.58e-01	4.42e-01	4.31e-09
 3.48458e+16	5.72e-01	4.28e-01	4.41e-09
 3.48663e+16	5.86e-01	4.14e-01	4.52e-09
 3.48868e+16	6.00e-01	4.00e-01	4.62e-09
 3.49067e+16	6.13e-01	3.87e-01	4.73e-09
 3.49260e+16	6.26e-01	3.74e-01	4.82e-09
 3.49451e+16	6.39e-01	3.61e-01	4.90e-09
 3.49644e+16	6.52e-01	3.48e-01	4.99e-09
 3.49835e+16	6.64e-01	3.36e-01	5.08e-09
 3.50021e+16	6.76e-01	3.24e-01	5.16e-09
 3.50205e+16	6.88e-01	3.12e-01	5.23e-09
 3.50386e+16	7.00e-01	3.00e-01	5.29e-09
 3.50568e+16	7.11e-01	2.89e-01	5.36e-09
 3.50749e+16	7.22e-01	2.78e-01	5.43e-09
 3.50925e+16	7.33e-01	2.67e-01	5.48e-09
 3.51099e+16	7.43e-01	2.57e-01	5.53e-09
 3.51274e+16	7.54e-01	2.46e-01	5.56e-09
 3.51448e+16	7.63e-01	2.37e-01	5.63e-09
 3.51619e+16	7.73e-01	2.27e-01	5.66e-09
 3.51788e+16	7.82e-01	2.18e-01	5.70e-09
 3.51954e+16	7.91e-01	2.09e-01	5.71e-09
 3.52121e+16	7.99e-01	2.01e-01	5.76e-09
 3.52288e+16	8.07e-01	1.93e-01	5.78e-09
 3.52452e+16	8.15e-01	1.85e-01	5.80e-09
 3.52612e+16	8.23e-01	1.77e-01	5.81e-09
 3.52772e+16	8.30e-01	1.70e-01	5.82e-09
 3.52935e+16	8.38e-01	1.62e-01	5.83e-09
 3.53097e+16	8.44e-01	1.56e-01	5.84e-09
 3.53251e+16	8.51e-01	1.49e-01	5.84e-09
 3.53405e+16	8.57e-01	1.43e-01	5.84e-09
 3.53562e+16	8.63e-01	1.37e-01	5.84e-09
 3.53719e+16	8.69e-01	1.31e-01	5.83e-09
 3.53871e+16	8.75e-01	1.25e-01	5.82e-09
 3.54021e+16	8.80e-01	1.20e-01	5.78e-09
 3.54176e+16	8.86e-01	1.14e-01	5.76e-09
 3.54333e+16	8.91e-01	1.09e-01	5.75e-09
 3.54482e+16	8.95e-01	1.05e-01	5.77e-09
 3.54622e+16	8.99e-01	1.01e-01	5.75e-09
 3.54760e+16	9.04e-01	9.64e-02	5.71e-09
 3.54907e+16	9.08e-01	9.21e-02	5.68e-09
 3.55056e+16	9.12e-01	8.81e-02	5.66e-09
 3.55197e+16	9.16e-01	8.44e-02	5.63e-09
 3.55332e+16	9.19e-01	8.10e-02	5.60e-09
 3.55468e+16	9.22e-01	7.76e-02	5.56e-09
 3.55605e+16	9.26e-01	7.43e-02	5.53e-09
 3.55741e+16	9.29e-01	7.13e-02	5.50e-09
 3.55867e+16	9.31e-01	6.85e-02	5.47e-09
 3.55982e+16	9.34e-01	6.61e-02	5.43e-09
 3.56087e+16	9.36e-01	6.40e-02	5.40e-09
 3.56188e+16	9.38e-01	6.19e-02	5.35e-09
 3.56284e+16	9.40e-01	6.00e-02	5.31e-09
 3.56376e+16	9.42e-01	5.82e-02	5.27e-09
 3.56463e+16	9.43e-01	5.66e-02	5.23e-09
 3.56547e+16	9.45e-01	5.51e-02	5.19e-09
 3.56626e+16	9.46e-01	5.36e-02	5.15e-09
 3.56704e+16	9.48e-01	5.23e-02	5.11e-09
 3.56779e+16	9.49e-01	5.10e-02	5.06e-09
 3.56853e+16	9.50e-01	4.97e-02	5.02e-09
 3.56927e+16	9.52e-01	4.85e-02	4.97e-09
 3.57001e+16	9.53e-01	4.73e-02	4.92e-09
 3.57077e+16	9.54e-01	4.61e-02	4.86e-09
 3.57153e+16	9.55e-01	4.49e-02	4.81e-09
 3.57222e+16	9.56e-01	4.38e-02	4.75e-09
 3.57283e+16	9.57e-01	4.29e-02	4.70e-09
 3.57339e+16	9.58e-01	4.20e-02	4.64e-09
 3.57392e+16	9.59e-01	4.12e-02	4.59e-09
 3.57443e+16	9.60e-01	4.05e-02	4.54e-09
 3.57492e+16	9.60e-01	3.97e-02	4.48e-09
 3.57537e+16	9.61e-01	3.91e-02	4.43e-09
 3.57579e+16	9.62e-01	3.84e-02	4.38e-09
 3.57619e+16	9.62e-01	3.78e-02	4.33e-09
 3.57655e+16	9.63e-01	3.73e-02	4.28e-09
 3.57688e+16	9.63e-01	3.68e-02	4.24e-09
 3.57718e+16	9.64e-01	3.64e-02	4.19e-09
 3.57745e+16	9.64e-01	3.59e-02	4.15e-09
 3.57769e+16	9.64e-01	3.56e-02	4.12e-09
 3.57796e+16	9.65e-01	3.52e-02	4.08e-09
 3.57826e+16	9.65e-01	3.47e-02	4.04e-09
 3.57852e+16	9.66e-01	3.44e-02	4.00e-09
 3.57876e+16	9.66e-01	3.40e-02	3.97e-09
 3.57903e+16	9.66e-01	3.36e-02	3.93e-09
 3.57932e+16	9.67e-01	3.32e-02	3.89e-09
