#depth	O	O+	O+2	O+3	O+4	O+5	O+6	O+7	O+8	O[1]	O[2]	O[3]
 3.68334e+11	8.48e-06	1.53e-02	9.81e-01	3.17e-03	0.00e+00	0.00e+00	0.00e+00	0.00e+00	0.00e+00	5.72e-06	1.90e-06	8.57e-07
 2.21000e+12	8.48e-06	1.53e-02	9.82e-01	3.16e-03	0.00e+00	0.00e+00	0.00e+00	0.00e+00	0.00e+00	5.71e-06	1.90e-06	8.57e-07
 9.57668e+12	8.47e-06	1.53e-02	9.82e-01	3.11e-03	0.00e+00	0.00e+00	0.00e+00	0.00e+00	0.00e+00	5.71e-06	1.90e-06	8.57e-07
 3.90434e+13	8.50e-06	1.54e-02	9.82e-01	2.94e-03	0.00e+00	0.00e+00	0.00e+00	0.00e+00	0.00e+00	5.73e-06	1.91e-06	8.60e-07
 9.32621e+13	8.49e-06	1.54e-02	9.82e-01	2.70e-03	0.00e+00	0.00e+00	0.00e+00	0.00e+00	0.00e+00	5.72e-06	1.91e-06	8.59e-07
 1.63746e+14	8.51e-06	1.54e-02	9.82e-01	2.42e-03	0.00e+00	0.00e+00	0.00e+00	0.00e+00	0.00e+00	5.73e-06	1.91e-06	8.61e-07
 2.55376e+14	8.55e-06	1.55e-02	9.82e-01	2.09e-03	0.00e+00	0.00e+00	0.00e+00	0.00e+00	0.00e+00	5.75e-06	1.92e-06	8.65e-07
 3.74495e+14	8.60e-06	1.56e-02	9.83e-01	1.72e-03	0.00e+00	0.00e+00	0.00e+00	0.00e+00	0.00e+00	5.79e-06	1.94e-06	8.71e-07
 5.29349e+14	8.70e-06	1.57e-02	9.83e-01	1.33e-03	0.00e+00	0.00e+00	0.00e+00	0.00e+00	0.00e+00	5.86e-06	1.96e-06	8.80e-07
 7.30659e+14	8.83e-06	1.59e-02	9.83e-01	9.43e-04	0.00e+00	0.00e+00	0.00e+00	0.00e+00	0.00e+00	5.95e-06	1.99e-06	8.95e-07
 9.92363e+14	9.04e-06	1.61e-02	9.83e-01	6.05e-04	0.00e+00	0.00e+00	0.00e+00	0.00e+00	0.00e+00	6.09e-06	2.03e-06	9.16e-07
 1.33258e+15	9.34e-06	1.64e-02	9.83e-01	3.42e-04	0.00e+00	0.00e+00	0.00e+00	0.00e+00	0.00e+00	6.29e-06	2.10e-06	9.46e-07
 1.77486e+15	9.77e-06	1.68e-02	9.83e-01	1.67e-04	0.00e+00	0.00e+00	0.00e+00	0.00e+00	0.00e+00	6.59e-06	2.19e-06	9.90e-07
 2.34982e+15	1.04e-05	1.73e-02	9.83e-01	6.96e-05	0.00e+00	0.00e+00	0.00e+00	0.00e+00	0.00e+00	7.02e-06	2.33e-06	1.05e-06
 3.09727e+15	1.14e-05	1.80e-02	9.82e-01	2.66e-05	0.00e+00	0.00e+00	0.00e+00	0.00e+00	0.00e+00	7.66e-06	2.54e-06	1.15e-06
 4.06896e+15	1.28e-05	1.90e-02	9.81e-01	1.16e-05	0.00e+00	0.00e+00	0.00e+00	0.00e+00	0.00e+00	8.63e-06	2.86e-06	1.30e-06
 5.33215e+15	1.50e-05	2.04e-02	9.80e-01	7.12e-06	0.00e+00	0.00e+00	0.00e+00	0.00e+00	0.00e+00	1.02e-05	3.36e-06	1.53e-06
 6.94544e+15	1.87e-05	2.23e-02	9.78e-01	5.55e-06	0.00e+00	0.00e+00	0.00e+00	0.00e+00	0.00e+00	1.26e-05	4.18e-06	1.90e-06
 8.74406e+15	2.40e-05	2.47e-02	9.75e-01	4.61e-06	0.00e+00	0.00e+00	0.00e+00	0.00e+00	0.00e+00	1.62e-05	5.35e-06	2.43e-06
 1.05427e+16	3.12e-05	2.75e-02	9.72e-01	3.98e-06	0.00e+00	0.00e+00	0.00e+00	0.00e+00	0.00e+00	2.11e-05	6.97e-06	3.17e-06
 1.20141e+16	3.89e-05	3.00e-02	9.70e-01	3.55e-06	0.00e+00	0.00e+00	0.00e+00	0.00e+00	0.00e+00	2.63e-05	8.68e-06	3.95e-06
 1.29645e+16	4.52e-05	3.18e-02	9.68e-01	3.29e-06	0.00e+00	0.00e+00	0.00e+00	0.00e+00	0.00e+00	3.05e-05	1.01e-05	4.59e-06
 1.37185e+16	5.16e-05	3.36e-02	9.66e-01	3.10e-06	0.00e+00	0.00e+00	0.00e+00	0.00e+00	0.00e+00	3.48e-05	1.15e-05	5.23e-06
 1.45828e+16	6.04e-05	3.57e-02	9.64e-01	2.90e-06	0.00e+00	0.00e+00	0.00e+00	0.00e+00	0.00e+00	4.08e-05	1.35e-05	6.12e-06
 1.55282e+16	7.19e-05	3.83e-02	9.62e-01	2.70e-06	0.00e+00	0.00e+00	0.00e+00	0.00e+00	0.00e+00	4.85e-05	1.61e-05	7.29e-06
 1.63673e+16	8.45e-05	4.09e-02	9.59e-01	2.53e-06	0.00e+00	0.00e+00	0.00e+00	0.00e+00	0.00e+00	5.70e-05	1.89e-05	8.56e-06
 1.70986e+16	9.79e-05	4.34e-02	9.56e-01	2.38e-06	0.00e+00	0.00e+00	0.00e+00	0.00e+00	0.00e+00	6.60e-05	2.19e-05	9.91e-06
 1.79016e+16	1.16e-04	4.66e-02	9.53e-01	2.24e-06	0.00e+00	0.00e+00	0.00e+00	0.00e+00	0.00e+00	7.84e-05	2.61e-05	1.18e-05
 1.87398e+16	1.40e-04	5.03e-02	9.50e-01	2.08e-06	0.00e+00	0.00e+00	0.00e+00	0.00e+00	0.00e+00	9.41e-05	3.13e-05	1.41e-05
 1.94306e+16	1.64e-04	5.38e-02	9.46e-01	1.96e-06	0.00e+00	0.00e+00	0.00e+00	0.00e+00	0.00e+00	1.10e-04	3.68e-05	1.66e-05
 2.00263e+16	1.89e-04	5.72e-02	9.43e-01	1.86e-06	0.00e+00	0.00e+00	0.00e+00	0.00e+00	0.00e+00	1.27e-04	4.25e-05	1.91e-05
 2.06919e+16	2.24e-04	6.15e-02	9.38e-01	1.75e-06	0.00e+00	0.00e+00	0.00e+00	0.00e+00	0.00e+00	1.51e-04	5.04e-05	2.26e-05
 2.13995e+16	2.69e-04	6.67e-02	9.33e-01	1.62e-06	0.00e+00	0.00e+00	0.00e+00	0.00e+00	0.00e+00	1.81e-04	6.07e-05	2.72e-05
 2.19999e+16	3.18e-04	7.18e-02	9.28e-01	1.52e-06	0.00e+00	0.00e+00	0.00e+00	0.00e+00	0.00e+00	2.14e-04	7.18e-05	3.22e-05
 2.25190e+16	3.70e-04	7.68e-02	9.23e-01	1.43e-06	0.00e+00	0.00e+00	0.00e+00	0.00e+00	0.00e+00	2.49e-04	8.36e-05	3.74e-05
 2.30938e+16	4.41e-04	8.32e-02	9.16e-01	1.33e-06	0.00e+00	0.00e+00	0.00e+00	0.00e+00	0.00e+00	2.97e-04	9.97e-05	4.46e-05
 2.37089e+16	5.36e-04	9.10e-02	9.08e-01	1.23e-06	0.00e+00	0.00e+00	0.00e+00	0.00e+00	0.00e+00	3.61e-04	1.21e-04	5.42e-05
 2.42346e+16	6.40e-04	9.87e-02	9.01e-01	1.14e-06	0.00e+00	0.00e+00	0.00e+00	0.00e+00	0.00e+00	4.30e-04	1.45e-04	6.46e-05
 2.46886e+16	7.51e-04	1.06e-01	8.93e-01	1.06e-06	0.00e+00	0.00e+00	0.00e+00	0.00e+00	0.00e+00	5.05e-04	1.70e-04	7.57e-05
 2.51909e+16	9.06e-04	1.16e-01	8.83e-01	9.73e-07	0.00e+00	0.00e+00	0.00e+00	0.00e+00	0.00e+00	6.09e-04	2.05e-04	9.13e-05
 2.57291e+16	1.11e-03	1.28e-01	8.71e-01	8.82e-07	0.00e+00	0.00e+00	0.00e+00	0.00e+00	0.00e+00	7.49e-04	2.52e-04	1.12e-04
 2.61919e+16	1.35e-03	1.40e-01	8.58e-01	8.01e-07	0.00e+00	0.00e+00	0.00e+00	0.00e+00	0.00e+00	9.06e-04	3.04e-04	1.36e-04
 2.65943e+16	1.60e-03	1.52e-01	8.46e-01	7.34e-07	0.00e+00	0.00e+00	0.00e+00	0.00e+00	0.00e+00	1.08e-03	3.62e-04	1.61e-04
 2.70402e+16	1.96e-03	1.68e-01	8.30e-01	6.60e-07	0.00e+00	0.00e+00	0.00e+00	0.00e+00	0.00e+00	1.32e-03	4.43e-04	1.97e-04
 2.75153e+16	2.45e-03	1.87e-01	8.10e-01	5.81e-07	0.00e+00	0.00e+00	0.00e+00	0.00e+00	0.00e+00	1.65e-03	5.54e-04	2.46e-04
 2.79163e+16	3.00e-03	2.06e-01	7.91e-01	5.16e-07	0.00e+00	0.00e+00	0.00e+00	0.00e+00	0.00e+00	2.02e-03	6.78e-04	3.01e-04
 2.82534e+16	3.59e-03	2.24e-01	7.72e-01	4.62e-07	0.00e+00	0.00e+00	0.00e+00	0.00e+00	0.00e+00	2.42e-03	8.10e-04	3.60e-04
 2.86194e+16	4.41e-03	2.48e-01	7.48e-01	4.03e-07	0.00e+00	0.00e+00	0.00e+00	0.00e+00	0.00e+00	2.97e-03	9.95e-04	4.42e-04
 2.90074e+16	5.53e-03	2.75e-01	7.19e-01	3.45e-07	0.00e+00	0.00e+00	0.00e+00	0.00e+00	0.00e+00	3.73e-03	1.25e-03	5.54e-04
 2.93305e+16	6.75e-03	3.02e-01	6.91e-01	2.98e-07	0.00e+00	0.00e+00	0.00e+00	0.00e+00	0.00e+00	4.55e-03	1.52e-03	6.76e-04
 2.96015e+16	8.04e-03	3.27e-01	6.65e-01	2.61e-07	0.00e+00	0.00e+00	0.00e+00	0.00e+00	0.00e+00	5.42e-03	1.81e-03	8.04e-04
 2.98981e+16	9.85e-03	3.59e-01	6.31e-01	2.19e-07	0.00e+00	0.00e+00	0.00e+00	0.00e+00	0.00e+00	6.64e-03	2.22e-03	9.84e-04
 3.02150e+16	1.23e-02	3.96e-01	5.92e-01	1.80e-07	0.00e+00	0.00e+00	0.00e+00	0.00e+00	0.00e+00	8.31e-03	2.77e-03	1.23e-03
 3.04829e+16	1.51e-02	4.31e-01	5.54e-01	1.49e-07	0.00e+00	0.00e+00	0.00e+00	0.00e+00	0.00e+00	1.02e-02	3.38e-03	1.50e-03
 3.07086e+16	1.80e-02	4.63e-01	5.19e-01	1.24e-07	0.00e+00	0.00e+00	0.00e+00	0.00e+00	0.00e+00	1.21e-02	4.03e-03	1.79e-03
 3.09546e+16	2.20e-02	5.01e-01	4.77e-01	0.00e+00	0.00e+00	0.00e+00	0.00e+00	0.00e+00	0.00e+00	1.49e-02	4.94e-03	2.19e-03
 3.12176e+16	2.75e-02	5.44e-01	4.28e-01	0.00e+00	0.00e+00	0.00e+00	0.00e+00	0.00e+00	0.00e+00	1.86e-02	6.17e-03	2.74e-03
 3.14400e+16	3.36e-02	5.83e-01	3.84e-01	0.00e+00	0.00e+00	0.00e+00	0.00e+00	0.00e+00	0.00e+00	2.27e-02	7.51e-03	3.34e-03
 3.16285e+16	4.00e-02	6.16e-01	3.44e-01	0.00e+00	0.00e+00	0.00e+00	0.00e+00	0.00e+00	0.00e+00	2.70e-02	8.93e-03	3.98e-03
 3.18352e+16	4.88e-02	6.52e-01	3.00e-01	0.00e+00	0.00e+00	0.00e+00	0.00e+00	0.00e+00	0.00e+00	3.30e-02	1.09e-02	4.85e-03
 3.20581e+16	6.10e-02	6.88e-01	2.51e-01	0.00e+00	0.00e+00	0.00e+00	0.00e+00	0.00e+00	0.00e+00	4.14e-02	1.36e-02	6.06e-03
 3.22487e+16	7.42e-02	7.16e-01	2.10e-01	0.00e+00	0.00e+00	0.00e+00	0.00e+00	0.00e+00	0.00e+00	5.04e-02	1.64e-02	7.37e-03
 3.24112e+16	8.85e-02	7.36e-01	1.75e-01	0.00e+00	0.00e+00	0.00e+00	0.00e+00	0.00e+00	0.00e+00	6.01e-02	1.95e-02	8.78e-03
 3.25438e+16	1.02e-01	7.49e-01	1.49e-01	0.00e+00	0.00e+00	0.00e+00	0.00e+00	0.00e+00	0.00e+00	6.96e-02	2.25e-02	1.02e-02
 3.26424e+16	1.14e-01	7.56e-01	1.30e-01	0.00e+00	0.00e+00	0.00e+00	0.00e+00	0.00e+00	0.00e+00	7.80e-02	2.51e-02	1.13e-02
 3.27438e+16	1.29e-01	7.60e-01	1.11e-01	0.00e+00	0.00e+00	0.00e+00	0.00e+00	0.00e+00	0.00e+00	8.79e-02	2.82e-02	1.28e-02
 3.28532e+16	1.46e-01	7.61e-01	9.32e-02	0.00e+00	0.00e+00	0.00e+00	0.00e+00	0.00e+00	0.00e+00	9.98e-02	3.18e-02	1.45e-02
 3.29481e+16	1.63e-01	7.58e-01	7.88e-02	0.00e+00	0.00e+00	0.00e+00	0.00e+00	0.00e+00	0.00e+00	1.12e-01	3.54e-02	1.61e-02
 3.30293e+16	1.80e-01	7.52e-01	6.73e-02	0.00e+00	0.00e+00	0.00e+00	0.00e+00	0.00e+00	0.00e+00	1.23e-01	3.89e-02	1.78e-02
 3.31050e+16	1.97e-01	7.45e-01	5.78e-02	0.00e+00	0.00e+00	0.00e+00	0.00e+00	0.00e+00	0.00e+00	1.35e-01	4.22e-02	1.94e-02
 3.31910e+16	2.18e-01	7.34e-01	4.77e-02	0.00e+00	0.00e+00	0.00e+00	0.00e+00	0.00e+00	0.00e+00	1.50e-01	4.66e-02	2.15e-02
 3.32802e+16	2.43e-01	7.18e-01	3.86e-02	0.00e+00	0.00e+00	0.00e+00	0.00e+00	0.00e+00	0.00e+00	1.68e-01	5.15e-02	2.39e-02
 3.33523e+16	2.66e-01	7.02e-01	3.22e-02	0.00e+00	0.00e+00	0.00e+00	0.00e+00	0.00e+00	0.00e+00	1.84e-01	5.58e-02	2.60e-02
 3.34130e+16	2.85e-01	6.87e-01	2.74e-02	0.00e+00	0.00e+00	0.00e+00	0.00e+00	0.00e+00	0.00e+00	1.98e-01	5.95e-02	2.79e-02
 3.34801e+16	3.10e-01	6.68e-01	2.26e-02	0.00e+00	0.00e+00	0.00e+00	0.00e+00	0.00e+00	0.00e+00	2.15e-01	6.41e-02	3.02e-02
 3.35525e+16	3.37e-01	6.45e-01	1.82e-02	0.00e+00	0.00e+00	0.00e+00	0.00e+00	0.00e+00	0.00e+00	2.35e-01	6.91e-02	3.27e-02
 3.36160e+16	3.63e-01	6.22e-01	1.49e-02	0.00e+00	0.00e+00	0.00e+00	0.00e+00	0.00e+00	0.00e+00	2.54e-01	7.35e-02	3.51e-02
 3.36728e+16	3.86e-01	6.02e-01	1.24e-02	0.00e+00	0.00e+00	0.00e+00	0.00e+00	0.00e+00	0.00e+00	2.71e-01	7.75e-02	3.72e-02
 3.37346e+16	4.14e-01	5.76e-01	9.96e-03	0.00e+00	0.00e+00	0.00e+00	0.00e+00	0.00e+00	0.00e+00	2.92e-01	8.21e-02	3.98e-02
 3.38000e+16	4.44e-01	5.48e-01	7.86e-03	0.00e+00	0.00e+00	0.00e+00	0.00e+00	0.00e+00	0.00e+00	3.15e-01	8.68e-02	4.24e-02
 3.38586e+16	4.73e-01	5.21e-01	6.29e-03	0.00e+00	0.00e+00	0.00e+00	0.00e+00	0.00e+00	0.00e+00	3.36e-01	9.10e-02	4.49e-02
 3.39119e+16	4.98e-01	4.97e-01	5.10e-03	0.00e+00	0.00e+00	0.00e+00	0.00e+00	0.00e+00	0.00e+00	3.56e-01	9.46e-02	4.70e-02
 3.39622e+16	5.23e-01	4.73e-01	4.15e-03	0.00e+00	0.00e+00	0.00e+00	0.00e+00	0.00e+00	0.00e+00	3.76e-01	9.79e-02	4.91e-02
 3.40100e+16	5.47e-01	4.50e-01	3.39e-03	0.00e+00	0.00e+00	0.00e+00	0.00e+00	0.00e+00	0.00e+00	3.95e-01	1.01e-01	5.10e-02
 3.40570e+16	5.70e-01	4.27e-01	2.76e-03	0.00e+00	0.00e+00	0.00e+00	0.00e+00	0.00e+00	0.00e+00	4.13e-01	1.03e-01	5.28e-02
 3.41010e+16	5.92e-01	4.06e-01	2.27e-03	0.00e+00	0.00e+00	0.00e+00	0.00e+00	0.00e+00	0.00e+00	4.32e-01	1.06e-01	5.45e-02
 3.41336e+16	6.07e-01	3.91e-01	1.97e-03	0.00e+00	0.00e+00	0.00e+00	0.00e+00	0.00e+00	0.00e+00	4.44e-01	1.07e-01	5.55e-02
 3.41555e+16	6.17e-01	3.81e-01	1.78e-03	0.00e+00	0.00e+00	0.00e+00	0.00e+00	0.00e+00	0.00e+00	4.53e-01	1.08e-01	5.62e-02
 3.41777e+16	6.28e-01	3.70e-01	1.61e-03	0.00e+00	0.00e+00	0.00e+00	0.00e+00	0.00e+00	0.00e+00	4.62e-01	1.09e-01	5.70e-02
 3.42037e+16	6.41e-01	3.58e-01	1.41e-03	0.00e+00	0.00e+00	0.00e+00	0.00e+00	0.00e+00	0.00e+00	4.73e-01	1.10e-01	5.78e-02
 3.42306e+16	6.54e-01	3.45e-01	1.24e-03	0.00e+00	0.00e+00	0.00e+00	0.00e+00	0.00e+00	0.00e+00	4.84e-01	1.11e-01	5.86e-02
 3.42557e+16	6.65e-01	3.34e-01	1.10e-03	0.00e+00	0.00e+00	0.00e+00	0.00e+00	0.00e+00	0.00e+00	4.94e-01	1.11e-01	5.93e-02
 3.42799e+16	6.77e-01	3.22e-01	9.73e-04	0.00e+00	0.00e+00	0.00e+00	0.00e+00	0.00e+00	0.00e+00	5.05e-01	1.12e-01	6.00e-02
 3.43041e+16	6.88e-01	3.11e-01	8.61e-04	0.00e+00	0.00e+00	0.00e+00	0.00e+00	0.00e+00	0.00e+00	5.15e-01	1.12e-01	6.06e-02
 3.43284e+16	6.99e-01	3.00e-01	7.59e-04	0.00e+00	0.00e+00	0.00e+00	0.00e+00	0.00e+00	0.00e+00	5.25e-01	1.13e-01	6.12e-02
 3.43526e+16	7.10e-01	2.90e-01	6.70e-04	0.00e+00	0.00e+00	0.00e+00	0.00e+00	0.00e+00	0.00e+00	5.35e-01	1.13e-01	6.18e-02
 3.43765e+16	7.20e-01	2.79e-01	5.90e-04	0.00e+00	0.00e+00	0.00e+00	0.00e+00	0.00e+00	0.00e+00	5.45e-01	1.13e-01	6.23e-02
 3.44004e+16	7.31e-01	2.69e-01	5.18e-04	0.00e+00	0.00e+00	0.00e+00	0.00e+00	0.00e+00	0.00e+00	5.55e-01	1.13e-01	6.27e-02
 3.44238e+16	7.41e-01	2.59e-01	4.57e-04	0.00e+00	0.00e+00	0.00e+00	0.00e+00	0.00e+00	0.00e+00	5.64e-01	1.14e-01	6.31e-02
 3.44470e+16	7.51e-01	2.49e-01	4.02e-04	0.00e+00	0.00e+00	0.00e+00	0.00e+00	0.00e+00	0.00e+00	5.74e-01	1.13e-01	6.35e-02
 3.44704e+16	7.60e-01	2.39e-01	3.53e-04	0.00e+00	0.00e+00	0.00e+00	0.00e+00	0.00e+00	0.00e+00	5.83e-01	1.13e-01	6.38e-02
 3.44937e+16	7.70e-01	2.30e-01	3.09e-04	0.00e+00	0.00e+00	0.00e+00	0.00e+00	0.00e+00	0.00e+00	5.92e-01	1.13e-01	6.41e-02
 3.45167e+16	7.79e-01	2.21e-01	2.71e-04	0.00e+00	0.00e+00	0.00e+00	0.00e+00	0.00e+00	0.00e+00	6.02e-01	1.13e-01	6.43e-02
 3.45395e+16	7.87e-01	2.12e-01	2.38e-04	0.00e+00	0.00e+00	0.00e+00	0.00e+00	0.00e+00	0.00e+00	6.10e-01	1.13e-01	6.45e-02
 3.45623e+16	7.96e-01	2.04e-01	2.08e-04	0.00e+00	0.00e+00	0.00e+00	0.00e+00	0.00e+00	0.00e+00	6.19e-01	1.12e-01	6.47e-02
 3.45853e+16	8.05e-01	1.95e-01	1.82e-04	0.00e+00	0.00e+00	0.00e+00	0.00e+00	0.00e+00	0.00e+00	6.28e-01	1.12e-01	6.48e-02
 3.46077e+16	8.13e-01	1.87e-01	1.59e-04	0.00e+00	0.00e+00	0.00e+00	0.00e+00	0.00e+00	0.00e+00	6.36e-01	1.11e-01	6.48e-02
 3.46298e+16	8.20e-01	1.80e-01	1.39e-04	0.00e+00	0.00e+00	0.00e+00	0.00e+00	0.00e+00	0.00e+00	6.44e-01	1.11e-01	6.49e-02
 3.46523e+16	8.28e-01	1.72e-01	1.21e-04	0.00e+00	0.00e+00	0.00e+00	0.00e+00	0.00e+00	0.00e+00	6.53e-01	1.10e-01	6.49e-02
 3.46746e+16	8.35e-01	1.65e-01	1.06e-04	0.00e+00	0.00e+00	0.00e+00	0.00e+00	0.00e+00	0.00e+00	6.61e-01	1.09e-01	6.48e-02
 3.46966e+16	8.42e-01	1.58e-01	9.25e-05	0.00e+00	0.00e+00	0.00e+00	0.00e+00	0.00e+00	0.00e+00	6.68e-01	1.09e-01	6.47e-02
 3.47187e+16	8.49e-01	1.51e-01	8.05e-05	0.00e+00	0.00e+00	0.00e+00	0.00e+00	0.00e+00	0.00e+00	6.76e-01	1.08e-01	6.46e-02
 3.47404e+16	8.55e-01	1.45e-01	7.02e-05	0.00e+00	0.00e+00	0.00e+00	0.00e+00	0.00e+00	0.00e+00	6.84e-01	1.07e-01	6.45e-02
 3.47620e+16	8.61e-01	1.38e-01	6.12e-05	0.00e+00	0.00e+00	0.00e+00	0.00e+00	0.00e+00	0.00e+00	6.91e-01	1.07e-01	6.43e-02
 3.47836e+16	8.68e-01	1.32e-01	5.33e-05	0.00e+00	0.00e+00	0.00e+00	0.00e+00	0.00e+00	0.00e+00	6.98e-01	1.06e-01	6.41e-02
 3.48048e+16	8.73e-01	1.27e-01	4.65e-05	0.00e+00	0.00e+00	0.00e+00	0.00e+00	0.00e+00	0.00e+00	7.04e-01	1.05e-01	6.39e-02
 3.48255e+16	8.79e-01	1.21e-01	4.07e-05	0.00e+00	0.00e+00	0.00e+00	0.00e+00	0.00e+00	0.00e+00	7.11e-01	1.04e-01	6.37e-02
 3.48458e+16	8.84e-01	1.16e-01	3.56e-05	0.00e+00	0.00e+00	0.00e+00	0.00e+00	0.00e+00	0.00e+00	7.17e-01	1.03e-01	6.35e-02
 3.48663e+16	8.89e-01	1.11e-01	3.11e-05	0.00e+00	0.00e+00	0.00e+00	0.00e+00	0.00e+00	0.00e+00	7.23e-01	1.02e-01	6.32e-02
 3.48868e+16	8.94e-01	1.06e-01	2.71e-05	0.00e+00	0.00e+00	0.00e+00	0.00e+00	0.00e+00	0.00e+00	7.29e-01	1.02e-01	6.29e-02
 3.49067e+16	8.98e-01	1.02e-01	2.38e-05	0.00e+00	0.00e+00	0.00e+00	0.00e+00	0.00e+00	0.00e+00	7.35e-01	1.01e-01	6.26e-02
 3.49260e+16	9.02e-01	9.78e-02	2.09e-05	0.00e+00	0.00e+00	0.00e+00	0.00e+00	0.00e+00	0.00e+00	7.40e-01	9.99e-02	6.23e-02
 3.49451e+16	9.06e-01	9.37e-02	1.83e-05	0.00e+00	0.00e+00	0.00e+00	0.00e+00	0.00e+00	0.00e+00	7.45e-01	9.90e-02	6.20e-02
 3.49644e+16	9.10e-01	8.98e-02	1.61e-05	0.00e+00	0.00e+00	0.00e+00	0.00e+00	0.00e+00	0.00e+00	7.50e-01	9.82e-02	6.17e-02
 3.49835e+16	9.14e-01	8.61e-02	1.41e-05	0.00e+00	0.00e+00	0.00e+00	0.00e+00	0.00e+00	0.00e+00	7.55e-01	9.75e-02	6.14e-02
 3.50021e+16	9.17e-01	8.26e-02	1.24e-05	0.00e+00	0.00e+00	0.00e+00	0.00e+00	0.00e+00	0.00e+00	7.60e-01	9.67e-02	6.11e-02
 3.50205e+16	9.21e-01	7.92e-02	1.10e-05	0.00e+00	0.00e+00	0.00e+00	0.00e+00	0.00e+00	0.00e+00	7.64e-01	9.59e-02	6.08e-02
 3.50386e+16	9.24e-01	7.59e-02	9.67e-06	0.00e+00	0.00e+00	0.00e+00	0.00e+00	0.00e+00	0.00e+00	7.68e-01	9.51e-02	6.05e-02
 3.50568e+16	9.27e-01	7.29e-02	8.52e-06	0.00e+00	0.00e+00	0.00e+00	0.00e+00	0.00e+00	0.00e+00	7.72e-01	9.44e-02	6.02e-02
 3.50749e+16	9.30e-01	6.99e-02	7.51e-06	0.00e+00	0.00e+00	0.00e+00	0.00e+00	0.00e+00	0.00e+00	7.77e-01	9.36e-02	5.98e-02
 3.50925e+16	9.33e-01	6.71e-02	6.63e-06	0.00e+00	0.00e+00	0.00e+00	0.00e+00	0.00e+00	0.00e+00	7.80e-01	9.29e-02	5.95e-02
 3.51099e+16	9.36e-01	6.44e-02	5.87e-06	0.00e+00	0.00e+00	0.00e+00	0.00e+00	0.00e+00	0.00e+00	7.84e-01	9.22e-02	5.92e-02
 3.51274e+16	9.38e-01	6.17e-02	5.18e-06	0.00e+00	0.00e+00	0.00e+00	0.00e+00	0.00e+00	0.00e+00	7.88e-01	9.15e-02	5.89e-02
 3.51448e+16	9.41e-01	5.94e-02	4.59e-06	0.00e+00	0.00e+00	0.00e+00	0.00e+00	0.00e+00	0.00e+00	7.91e-01	9.09e-02	5.85e-02
 3.51619e+16	9.43e-01	5.70e-02	4.06e-06	0.00e+00	0.00e+00	0.00e+00	0.00e+00	0.00e+00	0.00e+00	7.95e-01	9.01e-02	5.81e-02
 3.51788e+16	9.45e-01	5.47e-02	3.60e-06	0.00e+00	0.00e+00	0.00e+00	0.00e+00	0.00e+00	0.00e+00	7.98e-01	8.95e-02	5.78e-02
 3.51954e+16	9.47e-01	5.25e-02	3.20e-06	0.00e+00	0.00e+00	0.00e+00	0.00e+00	0.00e+00	0.00e+00	8.01e-01	8.88e-02	5.74e-02
 3.52121e+16	9.49e-01	5.06e-02	2.84e-06	0.00e+00	0.00e+00	0.00e+00	0.00e+00	0.00e+00	0.00e+00	8.04e-01	8.83e-02	5.71e-02
 3.52288e+16	9.51e-01	4.85e-02	2.51e-06	0.00e+00	0.00e+00	0.00e+00	0.00e+00	0.00e+00	0.00e+00	8.07e-01	8.76e-02	5.68e-02
 3.52452e+16	9.53e-01	4.66e-02	2.23e-06	0.00e+00	0.00e+00	0.00e+00	0.00e+00	0.00e+00	0.00e+00	8.10e-01	8.70e-02	5.64e-02
 3.52612e+16	9.55e-01	4.48e-02	1.99e-06	0.00e+00	0.00e+00	0.00e+00	0.00e+00	0.00e+00	0.00e+00	8.13e-01	8.64e-02	5.61e-02
 3.52772e+16	9.57e-01	4.31e-02	1.77e-06	0.00e+00	0.00e+00	0.00e+00	0.00e+00	0.00e+00	0.00e+00	8.15e-01	8.59e-02	5.58e-02
 3.52935e+16	9.59e-01	4.14e-02	1.57e-06	0.00e+00	0.00e+00	0.00e+00	0.00e+00	0.00e+00	0.00e+00	8.18e-01	8.53e-02	5.55e-02
 3.53097e+16	9.60e-01	3.97e-02	1.40e-06	0.00e+00	0.00e+00	0.00e+00	0.00e+00	0.00e+00	0.00e+00	8.20e-01	8.48e-02	5.51e-02
 3.53251e+16	9.62e-01	3.82e-02	1.25e-06	0.00e+00	0.00e+00	0.00e+00	0.00e+00	0.00e+00	0.00e+00	8.23e-01	8.43e-02	5.48e-02
 3.53405e+16	9.63e-01	3.68e-02	1.12e-06	0.00e+00	0.00e+00	0.00e+00	0.00e+00	0.00e+00	0.00e+00	8.25e-01	8.38e-02	5.46e-02
 3.53562e+16	9.65e-01	3.53e-02	9.95e-07	0.00e+00	0.00e+00	0.00e+00	0.00e+00	0.00e+00	0.00e+00	8.27e-01	8.33e-02	5.43e-02
 3.53719e+16	9.66e-01	3.39e-02	8.87e-07	0.00e+00	0.00e+00	0.00e+00	0.00e+00	0.00e+00	0.00e+00	8.29e-01	8.28e-02	5.40e-02
 3.53871e+16	9.67e-01	3.26e-02	7.93e-07	0.00e+00	0.00e+00	0.00e+00	0.00e+00	0.00e+00	0.00e+00	8.31e-01	8.23e-02	5.37e-02
 3.54021e+16	9.69e-01	3.13e-02	7.09e-07	0.00e+00	0.00e+00	0.00e+00	0.00e+00	0.00e+00	0.00e+00	8.33e-01	8.19e-02	5.34e-02
 3.54176e+16	9.70e-01	3.00e-02	6.32e-07	0.00e+00	0.00e+00	0.00e+00	0.00e+00	0.00e+00	0.00e+00	8.35e-01	8.14e-02	5.32e-02
 3.54333e+16	9.71e-01	2.88e-02	5.62e-07	0.00e+00	0.00e+00	0.00e+00	0.00e+00	0.00e+00	0.00e+00	8.37e-01	8.10e-02	5.29e-02
 3.54482e+16	9.72e-01	2.77e-02	5.04e-07	0.00e+00	0.00e+00	0.00e+00	0.00e+00	0.00e+00	0.00e+00	8.39e-01	8.06e-02	5.27e-02
 3.54622e+16	9.73e-01	2.67e-02	4.55e-07	0.00e+00	0.00e+00	0.00e+00	0.00e+00	0.00e+00	0.00e+00	8.41e-01	8.02e-02	5.24e-02
 3.54760e+16	9.74e-01	2.57e-02	4.10e-07	0.00e+00	0.00e+00	0.00e+00	0.00e+00	0.00e+00	0.00e+00	8.42e-01	7.98e-02	5.22e-02
 3.54907e+16	9.75e-01	2.46e-02	3.67e-07	0.00e+00	0.00e+00	0.00e+00	0.00e+00	0.00e+00	0.00e+00	8.44e-01	7.94e-02	5.19e-02
 3.55056e+16	9.76e-01	2.36e-02	3.28e-07	0.00e+00	0.00e+00	0.00e+00	0.00e+00	0.00e+00	0.00e+00	8.46e-01	7.90e-02	5.17e-02
 3.55197e+16	9.77e-01	2.27e-02	2.95e-07	0.00e+00	0.00e+00	0.00e+00	0.00e+00	0.00e+00	0.00e+00	8.47e-01	7.87e-02	5.15e-02
 3.55332e+16	9.78e-01	2.18e-02	2.67e-07	0.00e+00	0.00e+00	0.00e+00	0.00e+00	0.00e+00	0.00e+00	8.49e-01	7.83e-02	5.12e-02
 3.55468e+16	9.79e-01	2.09e-02	2.41e-07	0.00e+00	0.00e+00	0.00e+00	0.00e+00	0.00e+00	0.00e+00	8.50e-01	7.80e-02	5.10e-02
 3.55605e+16	9.80e-01	2.01e-02	2.17e-07	0.00e+00	0.00e+00	0.00e+00	0.00e+00	0.00e+00	0.00e+00	8.51e-01	7.76e-02	5.08e-02
 3.55741e+16	9.81e-01	1.93e-02	1.96e-07	0.00e+00	0.00e+00	0.00e+00	0.00e+00	0.00e+00	0.00e+00	8.53e-01	7.73e-02	5.06e-02
 3.55867e+16	9.82e-01	1.85e-02	1.78e-07	0.00e+00	0.00e+00	0.00e+00	0.00e+00	0.00e+00	0.00e+00	8.54e-01	7.69e-02	5.04e-02
 3.55982e+16	9.82e-01	1.78e-02	1.64e-07	0.00e+00	0.00e+00	0.00e+00	0.00e+00	0.00e+00	0.00e+00	8.55e-01	7.67e-02	5.02e-02
 3.56087e+16	9.83e-01	1.73e-02	1.51e-07	0.00e+00	0.00e+00	0.00e+00	0.00e+00	0.00e+00	0.00e+00	8.56e-01	7.64e-02	5.00e-02
 3.56188e+16	9.83e-01	1.67e-02	1.40e-07	0.00e+00	0.00e+00	0.00e+00	0.00e+00	0.00e+00	0.00e+00	8.57e-01	7.61e-02	4.98e-02
 3.56284e+16	9.84e-01	1.62e-02	1.30e-07	0.00e+00	0.00e+00	0.00e+00	0.00e+00	0.00e+00	0.00e+00	8.58e-01	7.59e-02	4.97e-02
 3.56376e+16	9.84e-01	1.57e-02	1.22e-07	0.00e+00	0.00e+00	0.00e+00	0.00e+00	0.00e+00	0.00e+00	8.59e-01	7.56e-02	4.95e-02
 3.56463e+16	9.85e-01	1.52e-02	1.14e-07	0.00e+00	0.00e+00	0.00e+00	0.00e+00	0.00e+00	0.00e+00	8.60e-01	7.54e-02	4.93e-02
 3.56547e+16	9.85e-01	1.48e-02	1.07e-07	0.00e+00	0.00e+00	0.00e+00	0.00e+00	0.00e+00	0.00e+00	8.61e-01	7.52e-02	4.92e-02
 3.56626e+16	9.86e-01	1.44e-02	1.01e-07	0.00e+00	0.00e+00	0.00e+00	0.00e+00	0.00e+00	0.00e+00	8.62e-01	7.49e-02	4.90e-02
 3.56704e+16	9.86e-01	1.40e-02	9.49e-08	0.00e+00	0.00e+00	0.00e+00	0.00e+00	0.00e+00	0.00e+00	8.63e-01	7.47e-02	4.89e-02
 3.56779e+16	9.86e-01	1.36e-02	8.96e-08	0.00e+00	0.00e+00	0.00e+00	0.00e+00	0.00e+00	0.00e+00	8.63e-01	7.45e-02	4.87e-02
 3.56853e+16	9.87e-01	1.32e-02	8.46e-08	0.00e+00	0.00e+00	0.00e+00	0.00e+00	0.00e+00	0.00e+00	8.64e-01	7.42e-02	4.85e-02
 3.56927e+16	9.87e-01	1.28e-02	7.99e-08	0.00e+00	0.00e+00	0.00e+00	0.00e+00	0.00e+00	0.00e+00	8.65e-01	7.40e-02	4.84e-02
 3.57001e+16	9.88e-01	1.24e-02	7.54e-08	0.00e+00	0.00e+00	0.00e+00	0.00e+00	0.00e+00	0.00e+00	8.66e-01	7.37e-02	4.82e-02
 3.57077e+16	9.88e-01	1.19e-02	7.10e-08	0.00e+00	0.00e+00	0.00e+00	0.00e+00	0.00e+00	0.00e+00	8.67e-01	7.34e-02	4.80e-02
 3.57153e+16	9.88e-01	1.15e-02	6.68e-08	0.00e+00	0.00e+00	0.00e+00	0.00e+00	0.00e+00	0.00e+00	8.68e-01	7.31e-02	4.77e-02
 3.57222e+16	9.89e-01	1.11e-02	6.33e-08	0.00e+00	0.00e+00	0.00e+00	0.00e+00	0.00e+00	0.00e+00	8.68e-01	7.29e-02	4.75e-02
 3.57283e+16	9.89e-01	1.08e-02	6.03e-08	0.00e+00	0.00e+00	0.00e+00	0.00e+00	0.00e+00	0.00e+00	8.69e-01	7.26e-02	4.73e-02
 3.57339e+16	9.89e-01	1.05e-02	5.77e-08	0.00e+00	0.00e+00	0.00e+00	0.00e+00	0.00e+00	0.00e+00	8.70e-01	7.24e-02	4.72e-02
 3.57392e+16	9.90e-01	1.02e-02	5.52e-08	0.00e+00	0.00e+00	0.00e+00	0.00e+00	0.00e+00	0.00e+00	8.71e-01	7.21e-02	4.70e-02
 3.57443e+16	9.90e-01	9.97e-03	5.30e-08	0.00e+00	0.00e+00	0.00e+00	0.00e+00	0.00e+00	0.00e+00	8.71e-01	7.19e-02	4.68e-02
 3.57492e+16	9.90e-01	9.71e-03	5.09e-08	0.00e+00	0.00e+00	0.00e+00	0.00e+00	0.00e+00	0.00e+00	8.72e-01	7.16e-02	4.66e-02
 3.57537e+16	9.91e-01	9.46e-03	4.91e-08	0.00e+00	0.00e+00	0.00e+00	0.00e+00	0.00e+00	0.00e+00	8.73e-01	7.14e-02	4.64e-02
 3.57579e+16	9.91e-01	9.23e-03	4.73e-08	0.00e+00	0.00e+00	0.00e+00	0.00e+00	0.00e+00	0.00e+00	8.73e-01	7.11e-02	4.62e-02
 3.57619e+16	9.91e-01	9.02e-03	4.57e-08	0.00e+00	0.00e+00	0.00e+00	0.00e+00	0.00e+00	0.00e+00	8.74e-01	7.09e-02	4.60e-02
 3.57655e+16	9.91e-01	8.83e-03	4.43e-08	0.00e+00	0.00e+00	0.00e+00	0.00e+00	0.00e+00	0.00e+00	8.75e-01	7.07e-02	4.59e-02
 3.57688e+16	9.91e-01	8.66e-03	4.31e-08	0.00e+00	0.00e+00	0.00e+00	0.00e+00	0.00e+00	0.00e+00	8.75e-01	7.05e-02	4.57e-02
 3.57718e+16	9.92e-01	8.50e-03	4.19e-08	0.00e+00	0.00e+00	0.00e+00	0.00e+00	0.00e+00	0.00e+00	8.76e-01	7.03e-02	4.56e-02
 3.57745e+16	9.92e-01	8.35e-03	4.09e-08	0.00e+00	0.00e+00	0.00e+00	0.00e+00	0.00e+00	0.00e+00	8.76e-01	7.02e-02	4.54e-02
 3.57769e+16	9.92e-01	8.22e-03	4.00e-08	0.00e+00	0.00e+00	0.00e+00	0.00e+00	0.00e+00	0.00e+00	8.76e-01	7.00e-02	4.53e-02
 3.57796e+16	9.92e-01	8.09e-03	3.90e-08	0.00e+00	0.00e+00	0.00e+00	0.00e+00	0.00e+00	0.00e+00	8.77e-01	6.98e-02	4.52e-02
 3.57826e+16	9.92e-01	7.94e-03	3.80e-08	0.00e+00	0.00e+00	0.00e+00	0.00e+00	0.00e+00	0.00e+00	8.77e-01	6.96e-02	4.50e-02
 3.57852e+16	9.92e-01	7.80e-03	3.70e-08	0.00e+00	0.00e+00	0.00e+00	0.00e+00	0.00e+00	0.00e+00	8.78e-01	6.94e-02	4.48e-02
 3.57876e+16	9.92e-01	7.68e-03	3.62e-08	0.00e+00	0.00e+00	0.00e+00	0.00e+00	0.00e+00	0.00e+00	8.78e-01	6.92e-02	4.47e-02
 3.57903e+16	9.92e-01	7.54e-03	3.52e-08	0.00e+00	0.00e+00	0.00e+00	0.00e+00	0.00e+00	0.00e+00	8.79e-01	6.90e-02	4.46e-02
 3.57932e+16	9.93e-01	7.37e-03	3.41e-08	0.00e+00	0.00e+00	0.00e+00	0.00e+00	0.00e+00	0.00e+00	8.80e-01	6.87e-02	4.44e-02
