#depth	O	O+	O+2	O+3	O+4	O+5	O+6	O+7	O+8	O[1]	O[2]	O[3]
 1.95084e+11	6.86e-05	6.51e-02	9.35e-01	1.64e-04	0.00e+00	0.00e+00	0.00e+00	0.00e+00	0.00e+00	4.69e-05	1.52e-05	6.56e-06
 1.17050e+12	6.85e-05	6.51e-02	9.35e-01	1.63e-04	0.00e+00	0.00e+00	0.00e+00	0.00e+00	0.00e+00	4.68e-05	1.52e-05	6.56e-06
 5.07219e+12	6.86e-05	6.52e-02	9.35e-01	1.60e-04	0.00e+00	0.00e+00	0.00e+00	0.00e+00	0.00e+00	4.69e-05	1.52e-05	6.58e-06
 2.06789e+13	6.90e-05	6.55e-02	9.34e-01	1.50e-04	0.00e+00	0.00e+00	0.00e+00	0.00e+00	0.00e+00	4.71e-05	1.53e-05	6.64e-06
 4.93953e+13	6.89e-05	6.59e-02	9.34e-01	1.37e-04	0.00e+00	0.00e+00	0.00e+00	0.00e+00	0.00e+00	4.70e-05	1.53e-05	6.67e-06
 8.67266e+13	6.92e-05	6.64e-02	9.33e-01	1.20e-04	0.00e+00	0.00e+00	0.00e+00	0.00e+00	0.00e+00	4.71e-05	1.54e-05	6.70e-06
 1.35257e+14	6.96e-05	6.72e-02	9.33e-01	1.02e-04	0.00e+00	0.00e+00	0.00e+00	0.00e+00	0.00e+00	4.74e-05	1.55e-05	6.75e-06
 1.98347e+14	7.05e-05	6.81e-02	9.32e-01	8.19e-05	0.00e+00	0.00e+00	0.00e+00	0.00e+00	0.00e+00	4.80e-05	1.56e-05	6.83e-06
 2.80364e+14	7.15e-05	6.94e-02	9.30e-01	6.16e-05	0.00e+00	0.00e+00	0.00e+00	0.00e+00	0.00e+00	4.87e-05	1.59e-05	6.94e-06
 3.86986e+14	7.32e-05	7.11e-02	9.29e-01	4.26e-05	0.00e+00	0.00e+00	0.00e+00	0.00e+00	0.00e+00	4.98e-05	1.62e-05	7.09e-06
 5.25594e+14	7.54e-05	7.33e-02	9.27e-01	2.64e-05	0.00e+00	0.00e+00	0.00e+00	0.00e+00	0.00e+00	5.14e-05	1.67e-05	7.32e-06
 7.05786e+14	7.87e-05	7.63e-02	9.24e-01	1.42e-05	0.00e+00	0.00e+00	0.00e+00	0.00e+00	0.00e+00	5.37e-05	1.74e-05	7.63e-06
 9.40034e+14	8.35e-05	8.05e-02	9.19e-01	6.42e-06	0.00e+00	0.00e+00	0.00e+00	0.00e+00	0.00e+00	5.69e-05	1.85e-05	8.10e-06
 1.24456e+15	9.03e-05	8.63e-02	9.14e-01	2.34e-06	0.00e+00	0.00e+00	0.00e+00	0.00e+00	0.00e+00	6.16e-05	2.00e-05	8.75e-06
 1.64044e+15	1.01e-04	9.46e-02	9.05e-01	6.53e-07	0.00e+00	0.00e+00	0.00e+00	0.00e+00	0.00e+00	6.87e-05	2.22e-05	9.76e-06
 2.15508e+15	1.16e-04	1.07e-01	8.93e-01	1.34e-07	0.00e+00	0.00e+00	0.00e+00	0.00e+00	0.00e+00	7.95e-05	2.57e-05	1.13e-05
 2.82412e+15	1.42e-04	1.26e-01	8.74e-01	0.00e+00	0.00e+00	0.00e+00	0.00e+00	0.00e+00	0.00e+00	9.69e-05	3.13e-05	1.38e-05
 3.52742e+15	1.74e-04	1.50e-01	8.50e-01	0.00e+00	0.00e+00	0.00e+00	0.00e+00	0.00e+00	0.00e+00	1.18e-04	3.83e-05	1.69e-05
 4.13388e+15	2.09e-04	1.75e-01	8.25e-01	0.00e+00	0.00e+00	0.00e+00	0.00e+00	0.00e+00	0.00e+00	1.43e-04	4.62e-05	2.03e-05
 4.69132e+15	2.51e-04	2.03e-01	7.97e-01	0.00e+00	0.00e+00	0.00e+00	0.00e+00	0.00e+00	0.00e+00	1.71e-04	5.56e-05	2.45e-05
 5.21581e+15	3.00e-04	2.33e-01	7.66e-01	0.00e+00	0.00e+00	0.00e+00	0.00e+00	0.00e+00	0.00e+00	2.04e-04	6.64e-05	2.92e-05
 5.73740e+15	3.60e-04	2.69e-01	7.31e-01	0.00e+00	0.00e+00	0.00e+00	0.00e+00	0.00e+00	0.00e+00	2.45e-04	8.02e-05	3.53e-05
 6.29823e+15	4.40e-04	3.13e-01	6.87e-01	0.00e+00	0.00e+00	0.00e+00	0.00e+00	0.00e+00	0.00e+00	2.98e-04	9.82e-05	4.32e-05
 6.84370e+15	5.32e-04	3.61e-01	6.39e-01	0.00e+00	0.00e+00	0.00e+00	0.00e+00	0.00e+00	0.00e+00	3.60e-04	1.19e-04	5.24e-05
 7.33455e+15	6.31e-04	4.08e-01	5.91e-01	0.00e+00	0.00e+00	0.00e+00	0.00e+00	0.00e+00	0.00e+00	4.27e-04	1.42e-04	6.24e-05
 7.79050e+15	7.36e-04	4.55e-01	5.44e-01	0.00e+00	0.00e+00	0.00e+00	0.00e+00	0.00e+00	0.00e+00	4.96e-04	1.67e-04	7.30e-05
 8.20624e+15	8.42e-04	4.99e-01	5.00e-01	0.00e+00	0.00e+00	0.00e+00	0.00e+00	0.00e+00	0.00e+00	5.67e-04	1.91e-04	8.38e-05
 8.58676e+15	9.45e-04	5.38e-01	4.62e-01	0.00e+00	0.00e+00	0.00e+00	0.00e+00	0.00e+00	0.00e+00	6.35e-04	2.15e-04	9.44e-05
 8.95729e+15	1.05e-03	5.75e-01	4.24e-01	0.00e+00	0.00e+00	0.00e+00	0.00e+00	0.00e+00	0.00e+00	7.06e-04	2.41e-04	1.05e-04
 9.31510e+15	1.16e-03	6.09e-01	3.90e-01	0.00e+00	0.00e+00	0.00e+00	0.00e+00	0.00e+00	0.00e+00	7.78e-04	2.66e-04	1.17e-04
 9.65779e+15	1.27e-03	6.41e-01	3.58e-01	0.00e+00	0.00e+00	0.00e+00	0.00e+00	0.00e+00	0.00e+00	8.50e-04	2.92e-04	1.28e-04
 9.98808e+15	1.38e-03	6.70e-01	3.29e-01	0.00e+00	0.00e+00	0.00e+00	0.00e+00	0.00e+00	0.00e+00	9.21e-04	3.19e-04	1.40e-04
 1.03085e+16	1.49e-03	6.95e-01	3.03e-01	0.00e+00	0.00e+00	0.00e+00	0.00e+00	0.00e+00	0.00e+00	9.92e-04	3.45e-04	1.51e-04
 1.06197e+16	1.60e-03	7.19e-01	2.80e-01	0.00e+00	0.00e+00	0.00e+00	0.00e+00	0.00e+00	0.00e+00	1.06e-03	3.71e-04	1.62e-04
 1.09226e+16	1.70e-03	7.40e-01	2.59e-01	0.00e+00	0.00e+00	0.00e+00	0.00e+00	0.00e+00	0.00e+00	1.13e-03	3.98e-04	1.74e-04
 1.12188e+16	1.81e-03	7.58e-01	2.40e-01	0.00e+00	0.00e+00	0.00e+00	0.00e+00	0.00e+00	0.00e+00	1.20e-03	4.24e-04	1.85e-04
 1.15092e+16	1.92e-03	7.75e-01	2.23e-01	0.00e+00	0.00e+00	0.00e+00	0.00e+00	0.00e+00	0.00e+00	1.27e-03	4.51e-04	1.97e-04
 1.17937e+16	2.03e-03	7.90e-01	2.08e-01	0.00e+00	0.00e+00	0.00e+00	0.00e+00	0.00e+00	0.00e+00	1.34e-03	4.78e-04	2.08e-04
 1.20730e+16	2.14e-03	8.03e-01	1.94e-01	0.00e+00	0.00e+00	0.00e+00	0.00e+00	0.00e+00	0.00e+00	1.41e-03	5.05e-04	2.20e-04
 1.23478e+16	2.25e-03	8.16e-01	1.82e-01	0.00e+00	0.00e+00	0.00e+00	0.00e+00	0.00e+00	0.00e+00	1.48e-03	5.33e-04	2.31e-04
 1.26189e+16	2.36e-03	8.27e-01	1.71e-01	0.00e+00	0.00e+00	0.00e+00	0.00e+00	0.00e+00	0.00e+00	1.55e-03	5.61e-04	2.43e-04
 1.28875e+16	2.47e-03	8.37e-01	1.61e-01	0.00e+00	0.00e+00	0.00e+00	0.00e+00	0.00e+00	0.00e+00	1.63e-03	5.90e-04	2.55e-04
 1.31482e+16	2.59e-03	8.46e-01	1.52e-01	0.00e+00	0.00e+00	0.00e+00	0.00e+00	0.00e+00	0.00e+00	1.70e-03	6.20e-04	2.67e-04
 1.33896e+16	2.71e-03	8.54e-01	1.44e-01	0.00e+00	0.00e+00	0.00e+00	0.00e+00	0.00e+00	0.00e+00	1.78e-03	6.50e-04	2.78e-04
 1.36067e+16	2.82e-03	8.60e-01	1.37e-01	0.00e+00	0.00e+00	0.00e+00	0.00e+00	0.00e+00	0.00e+00	1.85e-03	6.78e-04	2.90e-04
 1.38022e+16	2.92e-03	8.66e-01	1.31e-01	0.00e+00	0.00e+00	0.00e+00	0.00e+00	0.00e+00	0.00e+00	1.92e-03	7.05e-04	3.00e-04
 1.39781e+16	3.03e-03	8.72e-01	1.25e-01	0.00e+00	0.00e+00	0.00e+00	0.00e+00	0.00e+00	0.00e+00	1.98e-03	7.31e-04	3.11e-04
 1.41392e+16	3.12e-03	8.76e-01	1.21e-01	0.00e+00	0.00e+00	0.00e+00	0.00e+00	0.00e+00	0.00e+00	2.05e-03	7.55e-04	3.21e-04
 1.42948e+16	3.22e-03	8.81e-01	1.16e-01	0.00e+00	0.00e+00	0.00e+00	0.00e+00	0.00e+00	0.00e+00	2.11e-03	7.81e-04	3.31e-04
 1.44504e+16	3.33e-03	8.85e-01	1.12e-01	0.00e+00	0.00e+00	0.00e+00	0.00e+00	0.00e+00	0.00e+00	2.18e-03	8.08e-04	3.42e-04
 1.46061e+16	3.45e-03	8.89e-01	1.07e-01	0.00e+00	0.00e+00	0.00e+00	0.00e+00	0.00e+00	0.00e+00	2.25e-03	8.36e-04	3.53e-04
 1.47617e+16	3.57e-03	8.94e-01	1.03e-01	0.00e+00	0.00e+00	0.00e+00	0.00e+00	0.00e+00	0.00e+00	2.34e-03	8.68e-04	3.66e-04
 1.49173e+16	3.71e-03	8.98e-01	9.85e-02	0.00e+00	0.00e+00	0.00e+00	0.00e+00	0.00e+00	0.00e+00	2.42e-03	9.02e-04	3.80e-04
 1.50729e+16	3.86e-03	9.02e-01	9.40e-02	0.00e+00	0.00e+00	0.00e+00	0.00e+00	0.00e+00	0.00e+00	2.53e-03	9.40e-04	3.96e-04
 1.52285e+16	4.03e-03	9.06e-01	8.97e-02	0.00e+00	0.00e+00	0.00e+00	0.00e+00	0.00e+00	0.00e+00	2.64e-03	9.81e-04	4.13e-04
 1.53841e+16	4.23e-03	9.11e-01	8.52e-02	0.00e+00	0.00e+00	0.00e+00	0.00e+00	0.00e+00	0.00e+00	2.76e-03	1.03e-03	4.33e-04
 1.55116e+16	4.42e-03	9.14e-01	8.14e-02	0.00e+00	0.00e+00	0.00e+00	0.00e+00	0.00e+00	0.00e+00	2.89e-03	1.08e-03	4.53e-04
