#depth	He	He+	He+2
 1.95084e+11	2.54e-03	9.97e-01	3.28e-04
 1.17050e+12	2.54e-03	9.97e-01	3.27e-04
 5.07219e+12	2.54e-03	9.97e-01	3.24e-04
 2.06789e+13	2.55e-03	9.97e-01	3.11e-04
 4.93953e+13	2.55e-03	9.97e-01	2.97e-04
 8.67266e+13	2.57e-03	9.97e-01	2.73e-04
 1.35257e+14	2.58e-03	9.97e-01	2.41e-04
 1.98347e+14	2.60e-03	9.97e-01	2.01e-04
 2.80364e+14	2.62e-03	9.97e-01	1.57e-04
 3.86986e+14	2.65e-03	9.97e-01	1.11e-04
 5.25594e+14	2.69e-03	9.97e-01	7.05e-05
 7.05786e+14	2.75e-03	9.97e-01	3.87e-05
 9.40034e+14	2.82e-03	9.97e-01	1.78e-05
 1.24456e+15	2.91e-03	9.97e-01	6.61e-06
 1.64044e+15	3.04e-03	9.97e-01	1.87e-06
 2.15508e+15	3.22e-03	9.97e-01	3.86e-07
 2.82412e+15	3.46e-03	9.97e-01	5.44e-08
 3.52742e+15	3.72e-03	9.96e-01	6.78e-09
 4.13388e+15	3.97e-03	9.96e-01	1.35e-09
 4.69132e+15	4.23e-03	9.96e-01	3.66e-10
 5.21581e+15	4.50e-03	9.96e-01	1.29e-10
 5.73740e+15	4.79e-03	9.95e-01	5.78e-11
 6.29823e+15	5.14e-03	9.95e-01	3.23e-11
 6.84370e+15	5.50e-03	9.95e-01	2.34e-11
 7.33455e+15	5.86e-03	9.94e-01	2.00e-11
 7.79050e+15	6.21e-03	9.94e-01	1.85e-11
 8.20624e+15	6.56e-03	9.93e-01	1.76e-11
 8.58676e+15	6.89e-03	9.93e-01	1.71e-11
 8.95729e+15	7.22e-03	9.93e-01	1.68e-11
 9.31510e+15	7.57e-03	9.92e-01	1.65e-11
 9.65779e+15	7.90e-03	9.92e-01	1.63e-11
 9.98808e+15	8.23e-03	9.92e-01	1.62e-11
 1.03085e+16	8.55e-03	9.91e-01	1.61e-11
 1.06197e+16	8.87e-03	9.91e-01	1.61e-11
 1.09226e+16	9.19e-03	9.91e-01	1.61e-11
 1.12188e+16	9.51e-03	9.90e-01	1.60e-11
 1.15092e+16	9.83e-03	9.90e-01	1.61e-11
 1.17937e+16	1.02e-02	9.90e-01	1.61e-11
 1.20730e+16	1.05e-02	9.90e-01	1.62e-11
 1.23478e+16	1.08e-02	9.89e-01	1.63e-11
 1.26189e+16	1.11e-02	9.89e-01	1.64e-11
 1.28875e+16	1.15e-02	9.89e-01	1.65e-11
 1.31482e+16	1.18e-02	9.88e-01	1.67e-11
 1.33896e+16	1.22e-02	9.88e-01	1.68e-11
 1.36067e+16	1.25e-02	9.87e-01	1.70e-11
 1.38022e+16	1.29e-02	9.87e-01	1.71e-11
 1.39781e+16	1.32e-02	9.87e-01	1.73e-11
 1.41392e+16	1.35e-02	9.86e-01	1.74e-11
 1.42948e+16	1.39e-02	9.86e-01	1.75e-11
 1.44504e+16	1.42e-02	9.86e-01	1.76e-11
 1.46061e+16	1.46e-02	9.85e-01	1.77e-11
 1.47617e+16	1.51e-02	9.85e-01	1.78e-11
 1.49173e+16	1.55e-02	9.84e-01	1.80e-11
 1.50729e+16	1.61e-02	9.84e-01	1.80e-11
 1.52285e+16	1.67e-02	9.83e-01	1.81e-11
 1.53841e+16	1.73e-02	9.83e-01	1.82e-11
 1.55116e+16	1.80e-02	9.82e-01	1.82e-11
