#depth	He	He+	He+2
 3.45990e+11	1.14e-03	9.92e-01	6.43e-03
 2.07594e+12	1.14e-03	9.92e-01	6.42e-03
 8.99574e+12	1.15e-03	9.92e-01	6.38e-03
 3.66749e+13	1.15e-03	9.93e-01	6.16e-03
 8.76047e+13	1.15e-03	9.93e-01	6.02e-03
 1.53813e+14	1.15e-03	9.93e-01	5.66e-03
 2.39885e+14	1.16e-03	9.94e-01	5.10e-03
 3.51777e+14	1.16e-03	9.94e-01	4.35e-03
 4.97238e+14	1.17e-03	9.95e-01	3.45e-03
 6.86336e+14	1.18e-03	9.96e-01	2.50e-03
 9.32164e+14	1.20e-03	9.97e-01	1.61e-03
 1.25174e+15	1.21e-03	9.98e-01	8.98e-04
 1.66719e+15	1.23e-03	9.98e-01	4.20e-04
 2.20727e+15	1.26e-03	9.99e-01	1.58e-04
 2.90938e+15	1.30e-03	9.99e-01	4.64e-05
 3.82213e+15	1.35e-03	9.99e-01	1.02e-05
 5.00869e+15	1.42e-03	9.99e-01	1.63e-06
 6.55123e+15	1.51e-03	9.98e-01	1.95e-07
 8.35401e+15	1.62e-03	9.98e-01	2.17e-08
 1.02158e+16	1.75e-03	9.98e-01	3.21e-09
 1.17041e+16	1.87e-03	9.98e-01	8.79e-10
 1.28745e+16	1.97e-03	9.98e-01	3.75e-10
 1.40183e+16	2.07e-03	9.98e-01	1.86e-10
 1.50006e+16	2.17e-03	9.98e-01	1.13e-10
 1.58775e+16	2.27e-03	9.98e-01	7.82e-11
 1.67241e+16	2.37e-03	9.98e-01	5.87e-11
 1.75575e+16	2.48e-03	9.98e-01	4.70e-11
 1.83577e+16	2.59e-03	9.97e-01	3.99e-11
 1.91086e+16	2.71e-03	9.97e-01	3.55e-11
 1.98164e+16	2.83e-03	9.97e-01	3.27e-11
 2.04946e+16	2.95e-03	9.97e-01	3.08e-11
 2.11493e+16	3.09e-03	9.97e-01	2.94e-11
 2.17791e+16	3.22e-03	9.97e-01	2.85e-11
 2.23821e+16	3.37e-03	9.97e-01	2.79e-11
 2.29599e+16	3.52e-03	9.96e-01	2.75e-11
 2.35161e+16	3.68e-03	9.96e-01	2.72e-11
 2.40522e+16	3.84e-03	9.96e-01	2.71e-11
 2.45705e+16	4.02e-03	9.96e-01	2.70e-11
 2.50711e+16	4.22e-03	9.96e-01	2.71e-11
 2.55536e+16	4.42e-03	9.96e-01	2.72e-11
 2.60205e+16	4.64e-03	9.95e-01	2.74e-11
 2.64731e+16	4.87e-03	9.95e-01	2.76e-11
 2.69118e+16	5.13e-03	9.95e-01	2.79e-11
 2.73366e+16	5.40e-03	9.95e-01	2.83e-11
 2.77485e+16	5.70e-03	9.94e-01	2.86e-11
 2.81484e+16	6.03e-03	9.94e-01	2.91e-11
 2.85350e+16	6.39e-03	9.94e-01	2.96e-11
 2.89034e+16	6.78e-03	9.93e-01	3.02e-11
 2.92499e+16	7.20e-03	9.93e-01	3.10e-11
 2.95768e+16	7.66e-03	9.92e-01	3.16e-11
 2.98869e+16	8.15e-03	9.92e-01	3.23e-11
 3.01820e+16	8.68e-03	9.91e-01	3.31e-11
 3.04646e+16	9.27e-03	9.91e-01	3.41e-11
 3.07358e+16	9.93e-03	9.90e-01	3.58e-11
 3.09953e+16	1.07e-02	9.89e-01	3.70e-11
 3.12423e+16	1.15e-02	9.89e-01	3.86e-11
 3.14769e+16	1.23e-02	9.88e-01	4.03e-11
 3.17010e+16	1.34e-02	9.87e-01	4.24e-11
 3.19163e+16	1.45e-02	9.86e-01	4.48e-11
 3.21231e+16	1.58e-02	9.84e-01	4.77e-11
 3.23214e+16	1.73e-02	9.83e-01	5.12e-11
 3.25113e+16	1.90e-02	9.81e-01	5.55e-11
 3.26937e+16	2.10e-02	9.79e-01	6.10e-11
 3.28695e+16	2.34e-02	9.77e-01	6.77e-11
 3.30390e+16	2.62e-02	9.74e-01	7.61e-11
 3.31777e+16	2.90e-02	9.71e-01	8.42e-11
 3.32749e+16	3.13e-02	9.69e-01	9.24e-11
 3.33708e+16	3.41e-02	9.66e-01	1.00e-10
 3.34760e+16	3.74e-02	9.63e-01	1.14e-10
 3.35696e+16	4.10e-02	9.59e-01	1.28e-10
 3.36492e+16	4.44e-02	9.56e-01	1.43e-10
 3.37227e+16	4.81e-02	9.52e-01	1.59e-10
 3.38064e+16	5.30e-02	9.47e-01	1.82e-10
 3.38929e+16	5.87e-02	9.41e-01	2.10e-10
 3.39619e+16	6.42e-02	9.36e-01	2.37e-10
 3.40190e+16	6.91e-02	9.31e-01	2.66e-10
 3.40818e+16	7.54e-02	9.25e-01	3.01e-10
 3.41508e+16	8.32e-02	9.17e-01	3.46e-10
 3.42122e+16	9.12e-02	9.09e-01	3.90e-10
 3.42650e+16	9.87e-02	9.01e-01	4.43e-10
 3.43201e+16	1.08e-01	8.92e-01	4.96e-10
 3.43791e+16	1.18e-01	8.82e-01	5.74e-10
 3.44341e+16	1.30e-01	8.70e-01	6.51e-10
 3.44852e+16	1.41e-01	8.59e-01	7.32e-10
 3.45342e+16	1.53e-01	8.47e-01	8.28e-10
 3.45794e+16	1.66e-01	8.34e-01	9.18e-10
 3.46208e+16	1.78e-01	8.22e-01	1.02e-09
 3.46600e+16	1.91e-01	8.09e-01	1.11e-09
 3.46902e+16	2.01e-01	7.99e-01	1.20e-09
 3.47108e+16	2.08e-01	7.92e-01	1.25e-09
 3.47312e+16	2.16e-01	7.84e-01	1.31e-09
 3.47550e+16	2.25e-01	7.75e-01	1.38e-09
 3.47800e+16	2.35e-01	7.65e-01	1.47e-09
 3.48036e+16	2.45e-01	7.55e-01	1.55e-09
 3.48261e+16	2.55e-01	7.45e-01	1.63e-09
 3.48484e+16	2.65e-01	7.35e-01	1.72e-09
 3.48709e+16	2.76e-01	7.24e-01	1.80e-09
 3.48934e+16	2.87e-01	7.13e-01	1.90e-09
 3.49157e+16	2.98e-01	7.02e-01	1.99e-09
 3.49376e+16	3.09e-01	6.91e-01	2.09e-09
 3.49596e+16	3.21e-01	6.79e-01	2.19e-09
 3.49818e+16	3.33e-01	6.67e-01	2.29e-09
 3.50033e+16	3.45e-01	6.55e-01	2.40e-09
 3.50244e+16	3.58e-01	6.42e-01	2.51e-09
 3.50461e+16	3.71e-01	6.29e-01	2.61e-09
 3.50676e+16	3.84e-01	6.16e-01	2.73e-09
 3.50887e+16	3.97e-01	6.03e-01	2.84e-09
 3.51098e+16	4.10e-01	5.90e-01	2.96e-09
 3.51309e+16	4.24e-01	5.76e-01	3.08e-09
 3.51522e+16	4.39e-01	5.61e-01	3.19e-09
 3.51728e+16	4.52e-01	5.48e-01	3.31e-09
 3.51932e+16	4.66e-01	5.34e-01	3.43e-09
 3.52141e+16	4.81e-01	5.19e-01	3.55e-09
 3.52350e+16	4.96e-01	5.04e-01	3.66e-09
 3.52553e+16	5.10e-01	4.90e-01	3.78e-09
 3.52752e+16	5.24e-01	4.76e-01	3.90e-09
 3.52952e+16	5.39e-01	4.61e-01	4.01e-09
 3.53152e+16	5.53e-01	4.47e-01	4.12e-09
 3.53349e+16	5.67e-01	4.33e-01	4.23e-09
 3.53542e+16	5.81e-01	4.19e-01	4.34e-09
 3.53731e+16	5.95e-01	4.05e-01	4.43e-09
 3.53918e+16	6.08e-01	3.92e-01	4.54e-09
 3.54104e+16	6.22e-01	3.78e-01	4.63e-09
 3.54285e+16	6.35e-01	3.65e-01	4.71e-09
 3.54465e+16	6.48e-01	3.52e-01	4.80e-09
 3.54644e+16	6.60e-01	3.40e-01	4.88e-09
 3.54821e+16	6.72e-01	3.28e-01	4.96e-09
 3.54995e+16	6.84e-01	3.16e-01	5.03e-09
 3.55167e+16	6.96e-01	3.04e-01	5.10e-09
 3.55338e+16	7.07e-01	2.93e-01	5.17e-09
 3.55508e+16	7.18e-01	2.82e-01	5.23e-09
 3.55674e+16	7.29e-01	2.71e-01	5.28e-09
 3.55838e+16	7.40e-01	2.60e-01	5.32e-09
 3.56003e+16	7.50e-01	2.50e-01	5.38e-09
 3.56169e+16	7.60e-01	2.40e-01	5.41e-09
 3.56331e+16	7.70e-01	2.30e-01	5.46e-09
 3.56488e+16	7.79e-01	2.21e-01	5.50e-09
 3.56644e+16	7.88e-01	2.12e-01	5.52e-09
 3.56803e+16	7.96e-01	2.04e-01	5.55e-09
 3.56960e+16	8.05e-01	1.95e-01	5.57e-09
 3.57114e+16	8.13e-01	1.87e-01	5.58e-09
 3.57270e+16	8.21e-01	1.79e-01	5.61e-09
 3.57424e+16	8.28e-01	1.72e-01	5.62e-09
 3.57572e+16	8.35e-01	1.65e-01	5.62e-09
 3.57720e+16	8.42e-01	1.58e-01	5.63e-09
 3.57871e+16	8.49e-01	1.51e-01	5.63e-09
 3.58021e+16	8.56e-01	1.44e-01	5.63e-09
 3.58167e+16	8.62e-01	1.38e-01	5.62e-09
 3.58312e+16	8.68e-01	1.32e-01	5.59e-09
 3.58460e+16	8.74e-01	1.26e-01	5.58e-09
 3.58610e+16	8.79e-01	1.21e-01	5.57e-09
 3.58754e+16	8.85e-01	1.15e-01	5.56e-09
 3.58894e+16	8.89e-01	1.11e-01	5.56e-09
 3.59031e+16	8.94e-01	1.06e-01	5.55e-09
 3.59165e+16	8.98e-01	1.02e-01	5.52e-09
 3.59302e+16	9.03e-01	9.72e-02	5.50e-09
 3.59442e+16	9.07e-01	9.30e-02	5.49e-09
 3.59576e+16	9.11e-01	8.89e-02	5.44e-09
 3.59708e+16	9.15e-01	8.51e-02	5.41e-09
 3.59844e+16	9.19e-01	8.13e-02	5.38e-09
 3.59978e+16	9.22e-01	7.78e-02	5.34e-09
 3.60106e+16	9.25e-01	7.46e-02	5.32e-09
 3.60232e+16	9.28e-01	7.16e-02	5.28e-09
 3.60356e+16	9.31e-01	6.86e-02	5.25e-09
 3.60475e+16	9.34e-01	6.59e-02	5.21e-09
 3.60585e+16	9.36e-01	6.35e-02	5.18e-09
 3.60687e+16	9.39e-01	6.14e-02	5.15e-09
 3.60785e+16	9.41e-01	5.93e-02	5.10e-09
 3.60881e+16	9.43e-01	5.74e-02	5.06e-09
 3.60973e+16	9.44e-01	5.56e-02	5.02e-09
 3.61061e+16	9.46e-01	5.39e-02	4.98e-09
 3.61146e+16	9.48e-01	5.23e-02	4.93e-09
 3.61229e+16	9.49e-01	5.08e-02	4.88e-09
 3.61313e+16	9.51e-01	4.93e-02	4.83e-09
 3.61398e+16	9.52e-01	4.78e-02	4.78e-09
 3.61483e+16	9.54e-01	4.63e-02	4.72e-09
 3.61563e+16	9.55e-01	4.50e-02	4.67e-09
 3.61633e+16	9.56e-01	4.38e-02	4.61e-09
 3.61696e+16	9.57e-01	4.28e-02	4.55e-09
 3.61754e+16	9.58e-01	4.19e-02	4.50e-09
 3.61809e+16	9.59e-01	4.10e-02	4.44e-09
 3.61861e+16	9.60e-01	4.02e-02	4.39e-09
 3.61910e+16	9.61e-01	3.94e-02	4.34e-09
 3.61957e+16	9.61e-01	3.86e-02	4.28e-09
 3.62000e+16	9.62e-01	3.80e-02	4.23e-09
 3.62040e+16	9.63e-01	3.73e-02	4.18e-09
 3.62077e+16	9.63e-01	3.68e-02	4.13e-09
 3.62110e+16	9.64e-01	3.62e-02	4.09e-09
 3.62141e+16	9.64e-01	3.58e-02	4.04e-09
 3.62168e+16	9.65e-01	3.53e-02	4.01e-09
 3.62193e+16	9.65e-01	3.49e-02	3.97e-09
 3.62216e+16	9.65e-01	3.46e-02	3.94e-09
 3.62241e+16	9.66e-01	3.42e-02	3.90e-09
 3.62268e+16	9.66e-01	3.38e-02	3.86e-09
 3.62293e+16	9.67e-01	3.34e-02	3.82e-09
 3.62315e+16	9.67e-01	3.31e-02	3.80e-09
 3.62340e+16	9.67e-01	3.27e-02	3.76e-09
 3.62366e+16	9.68e-01	3.23e-02	3.73e-09
 3.62391e+16	9.68e-01	3.20e-02	3.70e-09
