#depth	O	O+	O+2	O+3	O+4	O+5	O+6	O+7	O+8	O[1]	O[2]	O[3]
 3.45990e+11	1.21e-05	1.86e-02	9.79e-01	2.88e-03	0.00e+00	0.00e+00	0.00e+00	0.00e+00	0.00e+00	8.26e-06	2.61e-06	1.20e-06
 2.07594e+12	1.21e-05	1.86e-02	9.79e-01	2.87e-03	0.00e+00	0.00e+00	0.00e+00	0.00e+00	0.00e+00	8.25e-06	2.60e-06	1.20e-06
 8.99574e+12	1.21e-05	1.86e-02	9.79e-01	2.83e-03	0.00e+00	0.00e+00	0.00e+00	0.00e+00	0.00e+00	8.24e-06	2.60e-06	1.20e-06
 3.66749e+13	1.21e-05	1.86e-02	9.79e-01	2.66e-03	0.00e+00	0.00e+00	0.00e+00	0.00e+00	0.00e+00	8.27e-06	2.62e-06	1.21e-06
 8.76047e+13	1.21e-05	1.86e-02	9.79e-01	2.44e-03	0.00e+00	0.00e+00	0.00e+00	0.00e+00	0.00e+00	8.23e-06	2.61e-06	1.21e-06
 1.53813e+14	1.21e-05	1.87e-02	9.79e-01	2.18e-03	0.00e+00	0.00e+00	0.00e+00	0.00e+00	0.00e+00	8.23e-06	2.61e-06	1.21e-06
 2.39885e+14	1.21e-05	1.88e-02	9.79e-01	1.87e-03	0.00e+00	0.00e+00	0.00e+00	0.00e+00	0.00e+00	8.26e-06	2.62e-06	1.21e-06
 3.51777e+14	1.21e-05	1.89e-02	9.80e-01	1.53e-03	0.00e+00	0.00e+00	0.00e+00	0.00e+00	0.00e+00	8.29e-06	2.63e-06	1.22e-06
 4.97238e+14	1.22e-05	1.90e-02	9.80e-01	1.17e-03	0.00e+00	0.00e+00	0.00e+00	0.00e+00	0.00e+00	8.34e-06	2.64e-06	1.22e-06
 6.86336e+14	1.23e-05	1.91e-02	9.80e-01	8.28e-04	0.00e+00	0.00e+00	0.00e+00	0.00e+00	0.00e+00	8.44e-06	2.67e-06	1.24e-06
 9.32164e+14	1.25e-05	1.94e-02	9.80e-01	5.27e-04	0.00e+00	0.00e+00	0.00e+00	0.00e+00	0.00e+00	8.57e-06	2.71e-06	1.26e-06
 1.25174e+15	1.28e-05	1.97e-02	9.80e-01	2.94e-04	0.00e+00	0.00e+00	0.00e+00	0.00e+00	0.00e+00	8.78e-06	2.78e-06	1.29e-06
 1.66719e+15	1.33e-05	2.00e-02	9.80e-01	1.40e-04	0.00e+00	0.00e+00	0.00e+00	0.00e+00	0.00e+00	9.08e-06	2.87e-06	1.33e-06
 2.20727e+15	1.39e-05	2.06e-02	9.79e-01	5.51e-05	0.00e+00	0.00e+00	0.00e+00	0.00e+00	0.00e+00	9.51e-06	3.00e-06	1.39e-06
 2.90938e+15	1.48e-05	2.13e-02	9.79e-01	1.81e-05	0.00e+00	0.00e+00	0.00e+00	0.00e+00	0.00e+00	1.02e-05	3.20e-06	1.48e-06
 3.82213e+15	1.63e-05	2.22e-02	9.78e-01	5.53e-06	0.00e+00	0.00e+00	0.00e+00	0.00e+00	0.00e+00	1.11e-05	3.50e-06	1.62e-06
 5.00869e+15	1.84e-05	2.35e-02	9.76e-01	2.20e-06	0.00e+00	0.00e+00	0.00e+00	0.00e+00	0.00e+00	1.26e-05	3.96e-06	1.84e-06
 6.55123e+15	2.18e-05	2.54e-02	9.75e-01	1.36e-06	0.00e+00	0.00e+00	0.00e+00	0.00e+00	0.00e+00	1.50e-05	4.70e-06	2.18e-06
 8.35401e+15	2.68e-05	2.77e-02	9.72e-01	1.04e-06	0.00e+00	0.00e+00	0.00e+00	0.00e+00	0.00e+00	1.83e-05	5.77e-06	2.68e-06
 1.02158e+16	3.36e-05	3.05e-02	9.69e-01	8.47e-07	0.00e+00	0.00e+00	0.00e+00	0.00e+00	0.00e+00	2.30e-05	7.25e-06	3.37e-06
 1.17041e+16	4.06e-05	3.29e-02	9.67e-01	7.33e-07	0.00e+00	0.00e+00	0.00e+00	0.00e+00	0.00e+00	2.77e-05	8.75e-06	4.07e-06
 1.28745e+16	4.79e-05	3.52e-02	9.65e-01	6.62e-07	0.00e+00	0.00e+00	0.00e+00	0.00e+00	0.00e+00	3.27e-05	1.03e-05	4.81e-06
 1.40183e+16	5.67e-05	3.76e-02	9.62e-01	6.03e-07	0.00e+00	0.00e+00	0.00e+00	0.00e+00	0.00e+00	3.87e-05	1.23e-05	5.70e-06
 1.50006e+16	6.60e-05	3.99e-02	9.60e-01	5.59e-07	0.00e+00	0.00e+00	0.00e+00	0.00e+00	0.00e+00	4.50e-05	1.43e-05	6.64e-06
 1.58775e+16	7.63e-05	4.23e-02	9.58e-01	5.28e-07	0.00e+00	0.00e+00	0.00e+00	0.00e+00	0.00e+00	5.20e-05	1.66e-05	7.70e-06
 1.67241e+16	8.83e-05	4.48e-02	9.55e-01	4.94e-07	0.00e+00	0.00e+00	0.00e+00	0.00e+00	0.00e+00	6.01e-05	1.92e-05	8.92e-06
 1.75575e+16	1.03e-04	4.76e-02	9.52e-01	4.67e-07	0.00e+00	0.00e+00	0.00e+00	0.00e+00	0.00e+00	6.99e-05	2.24e-05	1.04e-05
 1.83577e+16	1.20e-04	5.05e-02	9.49e-01	4.43e-07	0.00e+00	0.00e+00	0.00e+00	0.00e+00	0.00e+00	8.13e-05	2.61e-05	1.21e-05
 1.91086e+16	1.39e-04	5.37e-02	9.46e-01	4.21e-07	0.00e+00	0.00e+00	0.00e+00	0.00e+00	0.00e+00	9.45e-05	3.04e-05	1.41e-05
 1.98164e+16	1.61e-04	5.71e-02	9.43e-01	4.02e-07	0.00e+00	0.00e+00	0.00e+00	0.00e+00	0.00e+00	1.10e-04	3.54e-05	1.64e-05
 2.04946e+16	1.87e-04	6.07e-02	9.39e-01	3.84e-07	0.00e+00	0.00e+00	0.00e+00	0.00e+00	0.00e+00	1.27e-04	4.11e-05	1.90e-05
 2.11493e+16	2.18e-04	6.47e-02	9.35e-01	3.66e-07	0.00e+00	0.00e+00	0.00e+00	0.00e+00	0.00e+00	1.48e-04	4.79e-05	2.21e-05
 2.17791e+16	2.54e-04	6.90e-02	9.31e-01	3.50e-07	0.00e+00	0.00e+00	0.00e+00	0.00e+00	0.00e+00	1.72e-04	5.60e-05	2.58e-05
 2.23821e+16	2.97e-04	7.37e-02	9.26e-01	3.34e-07	0.00e+00	0.00e+00	0.00e+00	0.00e+00	0.00e+00	2.01e-04	6.54e-05	3.01e-05
 2.29599e+16	3.46e-04	7.89e-02	9.21e-01	3.19e-07	0.00e+00	0.00e+00	0.00e+00	0.00e+00	0.00e+00	2.35e-04	7.66e-05	3.51e-05
 2.35161e+16	4.06e-04	8.46e-02	9.15e-01	3.03e-07	0.00e+00	0.00e+00	0.00e+00	0.00e+00	0.00e+00	2.75e-04	8.98e-05	4.11e-05
 2.40522e+16	4.75e-04	9.08e-02	9.09e-01	2.89e-07	0.00e+00	0.00e+00	0.00e+00	0.00e+00	0.00e+00	3.22e-04	1.05e-04	4.81e-05
 2.45705e+16	5.60e-04	9.77e-02	9.02e-01	2.75e-07	0.00e+00	0.00e+00	0.00e+00	0.00e+00	0.00e+00	3.78e-04	1.24e-04	5.66e-05
 2.50711e+16	6.59e-04	1.05e-01	8.94e-01	2.59e-07	0.00e+00	0.00e+00	0.00e+00	0.00e+00	0.00e+00	4.46e-04	1.47e-04	6.67e-05
 2.55536e+16	7.79e-04	1.14e-01	8.86e-01	2.44e-07	0.00e+00	0.00e+00	0.00e+00	0.00e+00	0.00e+00	5.26e-04	1.74e-04	7.88e-05
 2.60205e+16	9.23e-04	1.23e-01	8.76e-01	2.29e-07	0.00e+00	0.00e+00	0.00e+00	0.00e+00	0.00e+00	6.24e-04	2.06e-04	9.34e-05
 2.64731e+16	1.10e-03	1.33e-01	8.65e-01	2.15e-07	0.00e+00	0.00e+00	0.00e+00	0.00e+00	0.00e+00	7.41e-04	2.45e-04	1.11e-04
 2.69118e+16	1.31e-03	1.45e-01	8.54e-01	2.01e-07	0.00e+00	0.00e+00	0.00e+00	0.00e+00	0.00e+00	8.85e-04	2.93e-04	1.32e-04
 2.73366e+16	1.57e-03	1.58e-01	8.40e-01	1.85e-07	0.00e+00	0.00e+00	0.00e+00	0.00e+00	0.00e+00	1.06e-03	3.52e-04	1.59e-04
 2.77485e+16	1.89e-03	1.73e-01	8.25e-01	1.71e-07	0.00e+00	0.00e+00	0.00e+00	0.00e+00	0.00e+00	1.27e-03	4.24e-04	1.91e-04
 2.81484e+16	2.28e-03	1.89e-01	8.09e-01	1.56e-07	0.00e+00	0.00e+00	0.00e+00	0.00e+00	0.00e+00	1.54e-03	5.13e-04	2.30e-04
 2.85350e+16	2.76e-03	2.07e-01	7.90e-01	1.41e-07	0.00e+00	0.00e+00	0.00e+00	0.00e+00	0.00e+00	1.86e-03	6.22e-04	2.79e-04
 2.89034e+16	3.35e-03	2.27e-01	7.69e-01	0.00e+00	0.00e+00	0.00e+00	0.00e+00	0.00e+00	0.00e+00	2.26e-03	7.56e-04	3.38e-04
 2.92499e+16	4.06e-03	2.49e-01	7.47e-01	0.00e+00	0.00e+00	0.00e+00	0.00e+00	0.00e+00	0.00e+00	2.73e-03	9.15e-04	4.09e-04
 2.95768e+16	4.92e-03	2.72e-01	7.23e-01	0.00e+00	0.00e+00	0.00e+00	0.00e+00	0.00e+00	0.00e+00	3.31e-03	1.11e-03	4.95e-04
 2.98869e+16	5.95e-03	2.98e-01	6.96e-01	0.00e+00	0.00e+00	0.00e+00	0.00e+00	0.00e+00	0.00e+00	4.01e-03	1.34e-03	5.98e-04
 3.01820e+16	7.18e-03	3.25e-01	6.68e-01	0.00e+00	0.00e+00	0.00e+00	0.00e+00	0.00e+00	0.00e+00	4.84e-03	1.62e-03	7.22e-04
 3.04646e+16	8.68e-03	3.54e-01	6.37e-01	0.00e+00	0.00e+00	0.00e+00	0.00e+00	0.00e+00	0.00e+00	5.85e-03	1.95e-03	8.72e-04
 3.07358e+16	1.05e-02	3.85e-01	6.05e-01	0.00e+00	0.00e+00	0.00e+00	0.00e+00	0.00e+00	0.00e+00	7.08e-03	2.36e-03	1.05e-03
 3.09953e+16	1.27e-02	4.18e-01	5.69e-01	0.00e+00	0.00e+00	0.00e+00	0.00e+00	0.00e+00	0.00e+00	8.58e-03	2.86e-03	1.27e-03
 3.12423e+16	1.54e-02	4.53e-01	5.32e-01	0.00e+00	0.00e+00	0.00e+00	0.00e+00	0.00e+00	0.00e+00	1.04e-02	3.46e-03	1.54e-03
 3.14769e+16	1.86e-02	4.88e-01	4.93e-01	0.00e+00	0.00e+00	0.00e+00	0.00e+00	0.00e+00	0.00e+00	1.26e-02	4.17e-03	1.86e-03
 3.17010e+16	2.25e-02	5.25e-01	4.53e-01	0.00e+00	0.00e+00	0.00e+00	0.00e+00	0.00e+00	0.00e+00	1.52e-02	5.04e-03	2.25e-03
 3.19163e+16	2.71e-02	5.62e-01	4.11e-01	0.00e+00	0.00e+00	0.00e+00	0.00e+00	0.00e+00	0.00e+00	1.83e-02	6.08e-03	2.71e-03
 3.21231e+16	3.28e-02	5.98e-01	3.69e-01	0.00e+00	0.00e+00	0.00e+00	0.00e+00	0.00e+00	0.00e+00	2.22e-02	7.34e-03	3.28e-03
 3.23214e+16	3.97e-02	6.34e-01	3.26e-01	0.00e+00	0.00e+00	0.00e+00	0.00e+00	0.00e+00	0.00e+00	2.68e-02	8.86e-03	3.96e-03
 3.25113e+16	4.79e-02	6.68e-01	2.85e-01	0.00e+00	0.00e+00	0.00e+00	0.00e+00	0.00e+00	0.00e+00	3.24e-02	1.07e-02	4.78e-03
 3.26937e+16	5.78e-02	6.98e-01	2.44e-01	0.00e+00	0.00e+00	0.00e+00	0.00e+00	0.00e+00	0.00e+00	3.92e-02	1.29e-02	5.76e-03
 3.28695e+16	6.99e-02	7.25e-01	2.05e-01	0.00e+00	0.00e+00	0.00e+00	0.00e+00	0.00e+00	0.00e+00	4.74e-02	1.55e-02	6.95e-03
 3.30390e+16	8.44e-02	7.46e-01	1.69e-01	0.00e+00	0.00e+00	0.00e+00	0.00e+00	0.00e+00	0.00e+00	5.73e-02	1.87e-02	8.39e-03
 3.31777e+16	9.93e-02	7.60e-01	1.41e-01	0.00e+00	0.00e+00	0.00e+00	0.00e+00	0.00e+00	0.00e+00	6.75e-02	2.19e-02	9.86e-03
 3.32749e+16	1.11e-01	7.66e-01	1.22e-01	0.00e+00	0.00e+00	0.00e+00	0.00e+00	0.00e+00	0.00e+00	7.59e-02	2.45e-02	1.11e-02
 3.33708e+16	1.25e-01	7.70e-01	1.05e-01	0.00e+00	0.00e+00	0.00e+00	0.00e+00	0.00e+00	0.00e+00	8.55e-02	2.75e-02	1.24e-02
 3.34760e+16	1.43e-01	7.70e-01	8.76e-02	0.00e+00	0.00e+00	0.00e+00	0.00e+00	0.00e+00	0.00e+00	9.74e-02	3.11e-02	1.41e-02
 3.35696e+16	1.60e-01	7.66e-01	7.34e-02	0.00e+00	0.00e+00	0.00e+00	0.00e+00	0.00e+00	0.00e+00	1.10e-01	3.48e-02	1.59e-02
 3.36492e+16	1.77e-01	7.60e-01	6.23e-02	0.00e+00	0.00e+00	0.00e+00	0.00e+00	0.00e+00	0.00e+00	1.22e-01	3.83e-02	1.75e-02
 3.37227e+16	1.95e-01	7.52e-01	5.31e-02	0.00e+00	0.00e+00	0.00e+00	0.00e+00	0.00e+00	0.00e+00	1.34e-01	4.19e-02	1.92e-02
 3.38064e+16	2.17e-01	7.39e-01	4.36e-02	0.00e+00	0.00e+00	0.00e+00	0.00e+00	0.00e+00	0.00e+00	1.49e-01	4.63e-02	2.14e-02
 3.38929e+16	2.43e-01	7.22e-01	3.50e-02	0.00e+00	0.00e+00	0.00e+00	0.00e+00	0.00e+00	0.00e+00	1.68e-01	5.14e-02	2.39e-02
 3.39619e+16	2.66e-01	7.05e-01	2.90e-02	0.00e+00	0.00e+00	0.00e+00	0.00e+00	0.00e+00	0.00e+00	1.84e-01	5.59e-02	2.61e-02
 3.40190e+16	2.86e-01	6.90e-01	2.47e-02	0.00e+00	0.00e+00	0.00e+00	0.00e+00	0.00e+00	0.00e+00	1.98e-01	5.96e-02	2.79e-02
 3.40818e+16	3.10e-01	6.70e-01	2.04e-02	0.00e+00	0.00e+00	0.00e+00	0.00e+00	0.00e+00	0.00e+00	2.15e-01	6.41e-02	3.02e-02
 3.41508e+16	3.38e-01	6.46e-01	1.63e-02	0.00e+00	0.00e+00	0.00e+00	0.00e+00	0.00e+00	0.00e+00	2.36e-01	6.92e-02	3.28e-02
 3.42122e+16	3.65e-01	6.21e-01	1.33e-02	0.00e+00	0.00e+00	0.00e+00	0.00e+00	0.00e+00	0.00e+00	2.56e-01	7.40e-02	3.54e-02
 3.42650e+16	3.89e-01	6.00e-01	1.10e-02	0.00e+00	0.00e+00	0.00e+00	0.00e+00	0.00e+00	0.00e+00	2.73e-01	7.80e-02	3.75e-02
 3.43201e+16	4.16e-01	5.75e-01	8.96e-03	0.00e+00	0.00e+00	0.00e+00	0.00e+00	0.00e+00	0.00e+00	2.93e-01	8.24e-02	4.00e-02
 3.43791e+16	4.45e-01	5.48e-01	7.14e-03	0.00e+00	0.00e+00	0.00e+00	0.00e+00	0.00e+00	0.00e+00	3.15e-01	8.69e-02	4.25e-02
 3.44341e+16	4.73e-01	5.21e-01	5.71e-03	0.00e+00	0.00e+00	0.00e+00	0.00e+00	0.00e+00	0.00e+00	3.37e-01	9.11e-02	4.50e-02
 3.44852e+16	5.00e-01	4.95e-01	4.60e-03	0.00e+00	0.00e+00	0.00e+00	0.00e+00	0.00e+00	0.00e+00	3.58e-01	9.49e-02	4.73e-02
 3.45342e+16	5.26e-01	4.70e-01	3.71e-03	0.00e+00	0.00e+00	0.00e+00	0.00e+00	0.00e+00	0.00e+00	3.78e-01	9.83e-02	4.94e-02
 3.45794e+16	5.51e-01	4.46e-01	3.03e-03	0.00e+00	0.00e+00	0.00e+00	0.00e+00	0.00e+00	0.00e+00	3.98e-01	1.01e-01	5.13e-02
 3.46208e+16	5.72e-01	4.25e-01	2.50e-03	0.00e+00	0.00e+00	0.00e+00	0.00e+00	0.00e+00	0.00e+00	4.16e-01	1.04e-01	5.30e-02
 3.46600e+16	5.94e-01	4.04e-01	2.07e-03	0.00e+00	0.00e+00	0.00e+00	0.00e+00	0.00e+00	0.00e+00	4.33e-01	1.06e-01	5.46e-02
 3.46902e+16	6.09e-01	3.89e-01	1.79e-03	0.00e+00	0.00e+00	0.00e+00	0.00e+00	0.00e+00	0.00e+00	4.46e-01	1.07e-01	5.57e-02
 3.47108e+16	6.19e-01	3.79e-01	1.63e-03	0.00e+00	0.00e+00	0.00e+00	0.00e+00	0.00e+00	0.00e+00	4.55e-01	1.08e-01	5.64e-02
 3.47312e+16	6.30e-01	3.69e-01	1.47e-03	0.00e+00	0.00e+00	0.00e+00	0.00e+00	0.00e+00	0.00e+00	4.64e-01	1.09e-01	5.71e-02
 3.47550e+16	6.42e-01	3.56e-01	1.30e-03	0.00e+00	0.00e+00	0.00e+00	0.00e+00	0.00e+00	0.00e+00	4.75e-01	1.10e-01	5.79e-02
 3.47800e+16	6.55e-01	3.44e-01	1.14e-03	0.00e+00	0.00e+00	0.00e+00	0.00e+00	0.00e+00	0.00e+00	4.86e-01	1.10e-01	5.87e-02
 3.48036e+16	6.67e-01	3.32e-01	1.01e-03	0.00e+00	0.00e+00	0.00e+00	0.00e+00	0.00e+00	0.00e+00	4.96e-01	1.11e-01	5.94e-02
 3.48261e+16	6.78e-01	3.21e-01	8.93e-04	0.00e+00	0.00e+00	0.00e+00	0.00e+00	0.00e+00	0.00e+00	5.06e-01	1.12e-01	6.01e-02
 3.48484e+16	6.89e-01	3.10e-01	7.92e-04	0.00e+00	0.00e+00	0.00e+00	0.00e+00	0.00e+00	0.00e+00	5.16e-01	1.12e-01	6.07e-02
 3.48709e+16	7.01e-01	2.99e-01	6.99e-04	0.00e+00	0.00e+00	0.00e+00	0.00e+00	0.00e+00	0.00e+00	5.27e-01	1.13e-01	6.13e-02
 3.48934e+16	7.11e-01	2.88e-01	6.17e-04	0.00e+00	0.00e+00	0.00e+00	0.00e+00	0.00e+00	0.00e+00	5.36e-01	1.13e-01	6.18e-02
 3.49157e+16	7.22e-01	2.77e-01	5.44e-04	0.00e+00	0.00e+00	0.00e+00	0.00e+00	0.00e+00	0.00e+00	5.47e-01	1.13e-01	6.23e-02
 3.49376e+16	7.32e-01	2.67e-01	4.80e-04	0.00e+00	0.00e+00	0.00e+00	0.00e+00	0.00e+00	0.00e+00	5.56e-01	1.13e-01	6.27e-02
 3.49596e+16	7.42e-01	2.57e-01	4.23e-04	0.00e+00	0.00e+00	0.00e+00	0.00e+00	0.00e+00	0.00e+00	5.66e-01	1.13e-01	6.31e-02
 3.49818e+16	7.52e-01	2.47e-01	3.71e-04	0.00e+00	0.00e+00	0.00e+00	0.00e+00	0.00e+00	0.00e+00	5.76e-01	1.13e-01	6.35e-02
 3.50033e+16	7.62e-01	2.38e-01	3.27e-04	0.00e+00	0.00e+00	0.00e+00	0.00e+00	0.00e+00	0.00e+00	5.85e-01	1.13e-01	6.38e-02
 3.50244e+16	7.71e-01	2.29e-01	2.88e-04	0.00e+00	0.00e+00	0.00e+00	0.00e+00	0.00e+00	0.00e+00	5.94e-01	1.13e-01	6.41e-02
 3.50461e+16	7.80e-01	2.20e-01	2.52e-04	0.00e+00	0.00e+00	0.00e+00	0.00e+00	0.00e+00	0.00e+00	6.03e-01	1.13e-01	6.43e-02
 3.50676e+16	7.89e-01	2.11e-01	2.21e-04	0.00e+00	0.00e+00	0.00e+00	0.00e+00	0.00e+00	0.00e+00	6.12e-01	1.12e-01	6.45e-02
 3.50887e+16	7.97e-01	2.02e-01	1.94e-04	0.00e+00	0.00e+00	0.00e+00	0.00e+00	0.00e+00	0.00e+00	6.21e-01	1.12e-01	6.46e-02
 3.51098e+16	8.05e-01	1.94e-01	1.70e-04	0.00e+00	0.00e+00	0.00e+00	0.00e+00	0.00e+00	0.00e+00	6.29e-01	1.12e-01	6.47e-02
 3.51309e+16	8.14e-01	1.86e-01	1.49e-04	0.00e+00	0.00e+00	0.00e+00	0.00e+00	0.00e+00	0.00e+00	6.38e-01	1.11e-01	6.48e-02
 3.51522e+16	8.22e-01	1.78e-01	1.30e-04	0.00e+00	0.00e+00	0.00e+00	0.00e+00	0.00e+00	0.00e+00	6.46e-01	1.10e-01	6.48e-02
 3.51728e+16	8.29e-01	1.71e-01	1.13e-04	0.00e+00	0.00e+00	0.00e+00	0.00e+00	0.00e+00	0.00e+00	6.54e-01	1.10e-01	6.48e-02
 3.51932e+16	8.36e-01	1.64e-01	9.93e-05	0.00e+00	0.00e+00	0.00e+00	0.00e+00	0.00e+00	0.00e+00	6.62e-01	1.09e-01	6.47e-02
 3.52141e+16	8.43e-01	1.57e-01	8.65e-05	0.00e+00	0.00e+00	0.00e+00	0.00e+00	0.00e+00	0.00e+00	6.70e-01	1.08e-01	6.47e-02
 3.52350e+16	8.50e-01	1.50e-01	7.52e-05	0.00e+00	0.00e+00	0.00e+00	0.00e+00	0.00e+00	0.00e+00	6.78e-01	1.08e-01	6.45e-02
 3.52553e+16	8.56e-01	1.44e-01	6.57e-05	0.00e+00	0.00e+00	0.00e+00	0.00e+00	0.00e+00	0.00e+00	6.85e-01	1.07e-01	6.44e-02
 3.52752e+16	8.62e-01	1.38e-01	5.74e-05	0.00e+00	0.00e+00	0.00e+00	0.00e+00	0.00e+00	0.00e+00	6.92e-01	1.06e-01	6.42e-02
 3.52952e+16	8.68e-01	1.32e-01	5.01e-05	0.00e+00	0.00e+00	0.00e+00	0.00e+00	0.00e+00	0.00e+00	6.99e-01	1.05e-01	6.40e-02
 3.53152e+16	8.74e-01	1.26e-01	4.37e-05	0.00e+00	0.00e+00	0.00e+00	0.00e+00	0.00e+00	0.00e+00	7.06e-01	1.05e-01	6.38e-02
 3.53349e+16	8.80e-01	1.20e-01	3.81e-05	0.00e+00	0.00e+00	0.00e+00	0.00e+00	0.00e+00	0.00e+00	7.12e-01	1.04e-01	6.36e-02
 3.53542e+16	8.85e-01	1.15e-01	3.33e-05	0.00e+00	0.00e+00	0.00e+00	0.00e+00	0.00e+00	0.00e+00	7.18e-01	1.03e-01	6.33e-02
 3.53731e+16	8.90e-01	1.10e-01	2.92e-05	0.00e+00	0.00e+00	0.00e+00	0.00e+00	0.00e+00	0.00e+00	7.25e-01	1.02e-01	6.31e-02
 3.53918e+16	8.94e-01	1.06e-01	2.56e-05	0.00e+00	0.00e+00	0.00e+00	0.00e+00	0.00e+00	0.00e+00	7.30e-01	1.01e-01	6.28e-02
 3.54104e+16	8.99e-01	1.01e-01	2.24e-05	0.00e+00	0.00e+00	0.00e+00	0.00e+00	0.00e+00	0.00e+00	7.36e-01	1.00e-01	6.25e-02
 3.54285e+16	9.03e-01	9.71e-02	1.97e-05	0.00e+00	0.00e+00	0.00e+00	0.00e+00	0.00e+00	0.00e+00	7.41e-01	9.95e-02	6.22e-02
 3.54465e+16	9.07e-01	9.32e-02	1.73e-05	0.00e+00	0.00e+00	0.00e+00	0.00e+00	0.00e+00	0.00e+00	7.46e-01	9.87e-02	6.19e-02
 3.54644e+16	9.11e-01	8.93e-02	1.52e-05	0.00e+00	0.00e+00	0.00e+00	0.00e+00	0.00e+00	0.00e+00	7.51e-01	9.79e-02	6.16e-02
 3.54821e+16	9.14e-01	8.56e-02	1.34e-05	0.00e+00	0.00e+00	0.00e+00	0.00e+00	0.00e+00	0.00e+00	7.56e-01	9.71e-02	6.13e-02
 3.54995e+16	9.18e-01	8.20e-02	1.18e-05	0.00e+00	0.00e+00	0.00e+00	0.00e+00	0.00e+00	0.00e+00	7.61e-01	9.63e-02	6.10e-02
 3.55167e+16	9.21e-01	7.87e-02	1.04e-05	0.00e+00	0.00e+00	0.00e+00	0.00e+00	0.00e+00	0.00e+00	7.65e-01	9.55e-02	6.07e-02
 3.55338e+16	9.24e-01	7.56e-02	9.17e-06	0.00e+00	0.00e+00	0.00e+00	0.00e+00	0.00e+00	0.00e+00	7.69e-01	9.48e-02	6.03e-02
 3.55508e+16	9.28e-01	7.25e-02	8.09e-06	0.00e+00	0.00e+00	0.00e+00	0.00e+00	0.00e+00	0.00e+00	7.73e-01	9.40e-02	6.00e-02
 3.55674e+16	9.30e-01	6.95e-02	7.15e-06	0.00e+00	0.00e+00	0.00e+00	0.00e+00	0.00e+00	0.00e+00	7.77e-01	9.33e-02	5.97e-02
 3.55838e+16	9.33e-01	6.68e-02	6.33e-06	0.00e+00	0.00e+00	0.00e+00	0.00e+00	0.00e+00	0.00e+00	7.81e-01	9.26e-02	5.93e-02
 3.56003e+16	9.36e-01	6.42e-02	5.59e-06	0.00e+00	0.00e+00	0.00e+00	0.00e+00	0.00e+00	0.00e+00	7.85e-01	9.19e-02	5.90e-02
 3.56169e+16	9.39e-01	6.15e-02	4.94e-06	0.00e+00	0.00e+00	0.00e+00	0.00e+00	0.00e+00	0.00e+00	7.89e-01	9.11e-02	5.86e-02
 3.56331e+16	9.41e-01	5.90e-02	4.37e-06	0.00e+00	0.00e+00	0.00e+00	0.00e+00	0.00e+00	0.00e+00	7.92e-01	9.04e-02	5.82e-02
 3.56488e+16	9.43e-01	5.68e-02	3.88e-06	0.00e+00	0.00e+00	0.00e+00	0.00e+00	0.00e+00	0.00e+00	7.95e-01	8.98e-02	5.79e-02
 3.56644e+16	9.45e-01	5.46e-02	3.45e-06	0.00e+00	0.00e+00	0.00e+00	0.00e+00	0.00e+00	0.00e+00	7.99e-01	8.92e-02	5.75e-02
 3.56803e+16	9.48e-01	5.24e-02	3.06e-06	0.00e+00	0.00e+00	0.00e+00	0.00e+00	0.00e+00	0.00e+00	8.02e-01	8.85e-02	5.71e-02
 3.56960e+16	9.50e-01	5.03e-02	2.71e-06	0.00e+00	0.00e+00	0.00e+00	0.00e+00	0.00e+00	0.00e+00	8.05e-01	8.79e-02	5.68e-02
 3.57114e+16	9.52e-01	4.84e-02	2.41e-06	0.00e+00	0.00e+00	0.00e+00	0.00e+00	0.00e+00	0.00e+00	8.08e-01	8.73e-02	5.65e-02
 3.57270e+16	9.54e-01	4.64e-02	2.14e-06	0.00e+00	0.00e+00	0.00e+00	0.00e+00	0.00e+00	0.00e+00	8.11e-01	8.67e-02	5.61e-02
 3.57424e+16	9.55e-01	4.46e-02	1.90e-06	0.00e+00	0.00e+00	0.00e+00	0.00e+00	0.00e+00	0.00e+00	8.13e-01	8.61e-02	5.58e-02
 3.57572e+16	9.57e-01	4.29e-02	1.70e-06	0.00e+00	0.00e+00	0.00e+00	0.00e+00	0.00e+00	0.00e+00	8.16e-01	8.56e-02	5.55e-02
 3.57720e+16	9.59e-01	4.13e-02	1.51e-06	0.00e+00	0.00e+00	0.00e+00	0.00e+00	0.00e+00	0.00e+00	8.18e-01	8.51e-02	5.52e-02
 3.57871e+16	9.60e-01	3.97e-02	1.34e-06	0.00e+00	0.00e+00	0.00e+00	0.00e+00	0.00e+00	0.00e+00	8.21e-01	8.45e-02	5.49e-02
 3.58021e+16	9.62e-01	3.81e-02	1.20e-06	0.00e+00	0.00e+00	0.00e+00	0.00e+00	0.00e+00	0.00e+00	8.23e-01	8.40e-02	5.46e-02
 3.58167e+16	9.63e-01	3.66e-02	1.07e-06	0.00e+00	0.00e+00	0.00e+00	0.00e+00	0.00e+00	0.00e+00	8.26e-01	8.35e-02	5.43e-02
 3.58312e+16	9.65e-01	3.51e-02	9.53e-07	0.00e+00	0.00e+00	0.00e+00	0.00e+00	0.00e+00	0.00e+00	8.28e-01	8.30e-02	5.40e-02
 3.58460e+16	9.66e-01	3.37e-02	8.48e-07	0.00e+00	0.00e+00	0.00e+00	0.00e+00	0.00e+00	0.00e+00	8.30e-01	8.25e-02	5.37e-02
 3.58610e+16	9.68e-01	3.24e-02	7.54e-07	0.00e+00	0.00e+00	0.00e+00	0.00e+00	0.00e+00	0.00e+00	8.32e-01	8.20e-02	5.34e-02
 3.58754e+16	9.69e-01	3.11e-02	6.74e-07	0.00e+00	0.00e+00	0.00e+00	0.00e+00	0.00e+00	0.00e+00	8.34e-01	8.16e-02	5.32e-02
 3.58894e+16	9.70e-01	2.99e-02	6.04e-07	0.00e+00	0.00e+00	0.00e+00	0.00e+00	0.00e+00	0.00e+00	8.36e-01	8.12e-02	5.29e-02
 3.59031e+16	9.71e-01	2.88e-02	5.43e-07	0.00e+00	0.00e+00	0.00e+00	0.00e+00	0.00e+00	0.00e+00	8.38e-01	8.08e-02	5.27e-02
 3.59165e+16	9.72e-01	2.77e-02	4.88e-07	0.00e+00	0.00e+00	0.00e+00	0.00e+00	0.00e+00	0.00e+00	8.39e-01	8.04e-02	5.24e-02
 3.59302e+16	9.73e-01	2.67e-02	4.38e-07	0.00e+00	0.00e+00	0.00e+00	0.00e+00	0.00e+00	0.00e+00	8.41e-01	8.00e-02	5.22e-02
 3.59442e+16	9.74e-01	2.56e-02	3.92e-07	0.00e+00	0.00e+00	0.00e+00	0.00e+00	0.00e+00	0.00e+00	8.43e-01	7.96e-02	5.20e-02
 3.59576e+16	9.75e-01	2.46e-02	3.52e-07	0.00e+00	0.00e+00	0.00e+00	0.00e+00	0.00e+00	0.00e+00	8.44e-01	7.92e-02	5.17e-02
 3.59708e+16	9.76e-01	2.36e-02	3.17e-07	0.00e+00	0.00e+00	0.00e+00	0.00e+00	0.00e+00	0.00e+00	8.46e-01	7.88e-02	5.15e-02
 3.59844e+16	9.77e-01	2.26e-02	2.84e-07	0.00e+00	0.00e+00	0.00e+00	0.00e+00	0.00e+00	0.00e+00	8.48e-01	7.85e-02	5.13e-02
 3.59978e+16	9.78e-01	2.17e-02	2.55e-07	0.00e+00	0.00e+00	0.00e+00	0.00e+00	0.00e+00	0.00e+00	8.49e-01	7.81e-02	5.10e-02
 3.60106e+16	9.79e-01	2.08e-02	2.30e-07	0.00e+00	0.00e+00	0.00e+00	0.00e+00	0.00e+00	0.00e+00	8.51e-01	7.77e-02	5.08e-02
 3.60232e+16	9.80e-01	2.00e-02	2.08e-07	0.00e+00	0.00e+00	0.00e+00	0.00e+00	0.00e+00	0.00e+00	8.52e-01	7.74e-02	5.06e-02
 3.60356e+16	9.81e-01	1.92e-02	1.88e-07	0.00e+00	0.00e+00	0.00e+00	0.00e+00	0.00e+00	0.00e+00	8.53e-01	7.71e-02	5.04e-02
 3.60475e+16	9.82e-01	1.85e-02	1.71e-07	0.00e+00	0.00e+00	0.00e+00	0.00e+00	0.00e+00	0.00e+00	8.55e-01	7.68e-02	5.02e-02
 3.60585e+16	9.82e-01	1.78e-02	1.57e-07	0.00e+00	0.00e+00	0.00e+00	0.00e+00	0.00e+00	0.00e+00	8.56e-01	7.65e-02	5.00e-02
 3.60687e+16	9.83e-01	1.72e-02	1.44e-07	0.00e+00	0.00e+00	0.00e+00	0.00e+00	0.00e+00	0.00e+00	8.57e-01	7.62e-02	4.98e-02
 3.60785e+16	9.83e-01	1.66e-02	1.33e-07	0.00e+00	0.00e+00	0.00e+00	0.00e+00	0.00e+00	0.00e+00	8.58e-01	7.59e-02	4.96e-02
 3.60881e+16	9.84e-01	1.60e-02	1.23e-07	0.00e+00	0.00e+00	0.00e+00	0.00e+00	0.00e+00	0.00e+00	8.59e-01	7.56e-02	4.94e-02
 3.60973e+16	9.85e-01	1.55e-02	1.14e-07	0.00e+00	0.00e+00	0.00e+00	0.00e+00	0.00e+00	0.00e+00	8.60e-01	7.53e-02	4.93e-02
 3.61061e+16	9.85e-01	1.50e-02	1.07e-07	0.00e+00	0.00e+00	0.00e+00	0.00e+00	0.00e+00	0.00e+00	8.61e-01	7.51e-02	4.91e-02
 3.61146e+16	9.86e-01	1.45e-02	9.95e-08	0.00e+00	0.00e+00	0.00e+00	0.00e+00	0.00e+00	0.00e+00	8.62e-01	7.48e-02	4.89e-02
 3.61229e+16	9.86e-01	1.40e-02	9.29e-08	0.00e+00	0.00e+00	0.00e+00	0.00e+00	0.00e+00	0.00e+00	8.63e-01	7.45e-02	4.87e-02
 3.61313e+16	9.86e-01	1.35e-02	8.66e-08	0.00e+00	0.00e+00	0.00e+00	0.00e+00	0.00e+00	0.00e+00	8.64e-01	7.42e-02	4.85e-02
 3.61398e+16	9.87e-01	1.30e-02	8.07e-08	0.00e+00	0.00e+00	0.00e+00	0.00e+00	0.00e+00	0.00e+00	8.65e-01	7.39e-02	4.83e-02
 3.61483e+16	9.87e-01	1.25e-02	7.52e-08	0.00e+00	0.00e+00	0.00e+00	0.00e+00	0.00e+00	0.00e+00	8.66e-01	7.36e-02	4.81e-02
 3.61563e+16	9.88e-01	1.21e-02	7.03e-08	0.00e+00	0.00e+00	0.00e+00	0.00e+00	0.00e+00	0.00e+00	8.67e-01	7.33e-02	4.79e-02
 3.61633e+16	9.88e-01	1.17e-02	6.63e-08	0.00e+00	0.00e+00	0.00e+00	0.00e+00	0.00e+00	0.00e+00	8.68e-01	7.30e-02	4.76e-02
 3.61696e+16	9.89e-01	1.13e-02	6.29e-08	0.00e+00	0.00e+00	0.00e+00	0.00e+00	0.00e+00	0.00e+00	8.68e-01	7.28e-02	4.74e-02
 3.61754e+16	9.89e-01	1.10e-02	5.99e-08	0.00e+00	0.00e+00	0.00e+00	0.00e+00	0.00e+00	0.00e+00	8.69e-01	7.25e-02	4.73e-02
 3.61809e+16	9.89e-01	1.07e-02	5.72e-08	0.00e+00	0.00e+00	0.00e+00	0.00e+00	0.00e+00	0.00e+00	8.70e-01	7.23e-02	4.71e-02
 3.61861e+16	9.90e-01	1.04e-02	5.47e-08	0.00e+00	0.00e+00	0.00e+00	0.00e+00	0.00e+00	0.00e+00	8.71e-01	7.20e-02	4.69e-02
 3.61910e+16	9.90e-01	1.01e-02	5.24e-08	0.00e+00	0.00e+00	0.00e+00	0.00e+00	0.00e+00	0.00e+00	8.71e-01	7.18e-02	4.67e-02
 3.61957e+16	9.90e-01	9.85e-03	5.04e-08	0.00e+00	0.00e+00	0.00e+00	0.00e+00	0.00e+00	0.00e+00	8.72e-01	7.15e-02	4.65e-02
 3.62000e+16	9.90e-01	9.60e-03	4.85e-08	0.00e+00	0.00e+00	0.00e+00	0.00e+00	0.00e+00	0.00e+00	8.73e-01	7.13e-02	4.63e-02
 3.62040e+16	9.91e-01	9.38e-03	4.68e-08	0.00e+00	0.00e+00	0.00e+00	0.00e+00	0.00e+00	0.00e+00	8.73e-01	7.11e-02	4.61e-02
 3.62077e+16	9.91e-01	9.17e-03	4.52e-08	0.00e+00	0.00e+00	0.00e+00	0.00e+00	0.00e+00	0.00e+00	8.74e-01	7.08e-02	4.59e-02
 3.62110e+16	9.91e-01	8.99e-03	4.39e-08	0.00e+00	0.00e+00	0.00e+00	0.00e+00	0.00e+00	0.00e+00	8.75e-01	7.06e-02	4.58e-02
 3.62141e+16	9.91e-01	8.82e-03	4.26e-08	0.00e+00	0.00e+00	0.00e+00	0.00e+00	0.00e+00	0.00e+00	8.75e-01	7.04e-02	4.56e-02
 3.62168e+16	9.91e-01	8.67e-03	4.16e-08	0.00e+00	0.00e+00	0.00e+00	0.00e+00	0.00e+00	0.00e+00	8.76e-01	7.03e-02	4.55e-02
 3.62193e+16	9.91e-01	8.54e-03	4.06e-08	0.00e+00	0.00e+00	0.00e+00	0.00e+00	0.00e+00	0.00e+00	8.76e-01	7.01e-02	4.54e-02
 3.62216e+16	9.92e-01	8.41e-03	3.97e-08	0.00e+00	0.00e+00	0.00e+00	0.00e+00	0.00e+00	0.00e+00	8.76e-01	7.00e-02	4.52e-02
 3.62241e+16	9.92e-01	8.27e-03	3.87e-08	0.00e+00	0.00e+00	0.00e+00	0.00e+00	0.00e+00	0.00e+00	8.77e-01	6.98e-02	4.51e-02
 3.62268e+16	9.92e-01	8.13e-03	3.77e-08	0.00e+00	0.00e+00	0.00e+00	0.00e+00	0.00e+00	0.00e+00	8.77e-01	6.96e-02	4.50e-02
 3.62293e+16	9.92e-01	7.99e-03	3.68e-08	0.00e+00	0.00e+00	0.00e+00	0.00e+00	0.00e+00	0.00e+00	8.78e-01	6.94e-02	4.48e-02
 3.62315e+16	9.92e-01	7.89e-03	3.60e-08	0.00e+00	0.00e+00	0.00e+00	0.00e+00	0.00e+00	0.00e+00	8.78e-01	6.92e-02	4.47e-02
 3.62340e+16	9.92e-01	7.76e-03	3.50e-08	0.00e+00	0.00e+00	0.00e+00	0.00e+00	0.00e+00	0.00e+00	8.79e-01	6.90e-02	4.46e-02
 3.62366e+16	9.92e-01	7.61e-03	3.41e-08	0.00e+00	0.00e+00	0.00e+00	0.00e+00	0.00e+00	0.00e+00	8.79e-01	6.87e-02	4.44e-02
 3.62391e+16	9.93e-01	7.48e-03	3.32e-08	0.00e+00	0.00e+00	0.00e+00	0.00e+00	0.00e+00	0.00e+00	8.80e-01	6.85e-02	4.42e-02
