#depth	H	H+	H2
 3.45990e+11	1.13e-03	9.99e-01	4.75e-14
 2.07594e+12	1.13e-03	9.99e-01	4.75e-14
 8.99574e+12	1.13e-03	9.99e-01	4.75e-14
 3.66749e+13	1.13e-03	9.99e-01	4.77e-14
 8.76047e+13	1.13e-03	9.99e-01	4.77e-14
 1.53813e+14	1.12e-03	9.99e-01	4.78e-14
 2.39885e+14	1.12e-03	9.99e-01	4.81e-14
 3.51777e+14	1.11e-03	9.99e-01	4.83e-14
 4.97238e+14	1.11e-03	9.99e-01	4.87e-14
 6.86336e+14	1.10e-03	9.99e-01	4.93e-14
 9.32164e+14	1.10e-03	9.99e-01	5.02e-14
 1.25174e+15	1.10e-03	9.99e-01	5.13e-14
 1.66719e+15	1.10e-03	9.99e-01	5.28e-14
 2.20727e+15	1.11e-03	9.99e-01	5.50e-14
 2.90938e+15	1.12e-03	9.99e-01	5.79e-14
 3.82213e+15	1.15e-03	9.99e-01	6.19e-14
 5.00869e+15	1.20e-03	9.99e-01	6.76e-14
 6.55123e+15	1.27e-03	9.99e-01	7.55e-14
 8.35401e+15	1.37e-03	9.99e-01	8.57e-14
 1.02158e+16	1.50e-03	9.98e-01	9.80e-14
 1.17041e+16	1.63e-03	9.98e-01	1.11e-13
 1.28745e+16	1.76e-03	9.98e-01	1.21e-13
 1.40183e+16	1.90e-03	9.98e-01	1.33e-13
 1.50006e+16	2.04e-03	9.98e-01	1.46e-13
 1.58775e+16	2.18e-03	9.98e-01	1.59e-13
 1.67241e+16	2.34e-03	9.98e-01	1.72e-13
 1.75575e+16	2.51e-03	9.97e-01	1.88e-13
 1.83577e+16	2.70e-03	9.97e-01	2.05e-13
 1.91086e+16	2.91e-03	9.97e-01	2.23e-13
 1.98164e+16	3.12e-03	9.97e-01	2.43e-13
 2.04946e+16	3.35e-03	9.97e-01	2.65e-13
 2.11493e+16	3.61e-03	9.96e-01	2.88e-13
 2.17791e+16	3.88e-03	9.96e-01	3.14e-13
 2.23821e+16	4.18e-03	9.96e-01	3.42e-13
 2.29599e+16	4.50e-03	9.96e-01	3.72e-13
 2.35161e+16	4.85e-03	9.95e-01	4.06e-13
 2.40522e+16	5.22e-03	9.95e-01	4.41e-13
 2.45705e+16	5.64e-03	9.94e-01	4.82e-13
 2.50711e+16	6.09e-03	9.94e-01	5.26e-13
 2.55536e+16	6.59e-03	9.93e-01	5.74e-13
 2.60205e+16	7.13e-03	9.93e-01	6.27e-13
 2.64731e+16	7.73e-03	9.92e-01	6.85e-13
 2.69118e+16	8.39e-03	9.92e-01	7.51e-13
 2.73366e+16	9.13e-03	9.91e-01	8.23e-13
 2.77485e+16	9.95e-03	9.90e-01	9.05e-13
 2.81484e+16	1.09e-02	9.89e-01	9.96e-13
 2.85350e+16	1.19e-02	9.88e-01	1.10e-12
 2.89034e+16	1.31e-02	9.87e-01	1.21e-12
 2.92499e+16	1.43e-02	9.86e-01	1.34e-12
 2.95768e+16	1.57e-02	9.84e-01	1.48e-12
 2.98869e+16	1.72e-02	9.83e-01	1.64e-12
 3.01820e+16	1.89e-02	9.81e-01	1.81e-12
 3.04646e+16	2.08e-02	9.79e-01	2.00e-12
 3.07358e+16	2.30e-02	9.77e-01	2.22e-12
 3.09953e+16	2.54e-02	9.75e-01	2.48e-12
 3.12423e+16	2.82e-02	9.72e-01	2.77e-12
 3.14769e+16	3.14e-02	9.69e-01	3.10e-12
 3.17010e+16	3.50e-02	9.65e-01	3.49e-12
 3.19163e+16	3.91e-02	9.61e-01	3.94e-12
 3.21231e+16	4.40e-02	9.56e-01	4.48e-12
 3.23214e+16	4.97e-02	9.50e-01	5.12e-12
 3.25113e+16	5.65e-02	9.44e-01	5.90e-12
 3.26937e+16	6.44e-02	9.36e-01	6.83e-12
 3.28695e+16	7.40e-02	9.26e-01	7.98e-12
 3.30390e+16	8.55e-02	9.15e-01	9.41e-12
 3.31777e+16	9.73e-02	9.03e-01	1.09e-11
 3.32749e+16	1.07e-01	8.93e-01	1.22e-11
 3.33708e+16	1.18e-01	8.82e-01	1.37e-11
 3.34760e+16	1.32e-01	8.68e-01	1.57e-11
 3.35696e+16	1.46e-01	8.54e-01	1.77e-11
 3.36492e+16	1.60e-01	8.40e-01	1.98e-11
 3.37227e+16	1.75e-01	8.25e-01	2.21e-11
 3.38064e+16	1.93e-01	8.07e-01	2.51e-11
 3.38929e+16	2.15e-01	7.85e-01	2.88e-11
 3.39619e+16	2.35e-01	7.65e-01	3.24e-11
 3.40190e+16	2.52e-01	7.48e-01	3.55e-11
 3.40818e+16	2.73e-01	7.27e-01	3.97e-11
 3.41508e+16	2.98e-01	7.02e-01	4.50e-11
 3.42122e+16	3.23e-01	6.77e-01	5.05e-11
 3.42650e+16	3.45e-01	6.55e-01	5.56e-11
 3.43201e+16	3.70e-01	6.30e-01	6.20e-11
 3.43791e+16	3.97e-01	6.03e-01	6.93e-11
 3.44341e+16	4.24e-01	5.76e-01	7.74e-11
 3.44852e+16	4.50e-01	5.50e-01	8.58e-11
 3.45342e+16	4.75e-01	5.25e-01	9.45e-11
 3.45794e+16	4.99e-01	5.01e-01	1.04e-10
 3.46208e+16	5.21e-01	4.79e-01	1.13e-10
 3.46600e+16	5.43e-01	4.57e-01	1.22e-10
 3.46902e+16	5.58e-01	4.42e-01	1.30e-10
 3.47108e+16	5.69e-01	4.31e-01	1.35e-10
 3.47312e+16	5.80e-01	4.20e-01	1.41e-10
 3.47550e+16	5.93e-01	4.07e-01	1.48e-10
 3.47800e+16	6.06e-01	3.94e-01	1.56e-10
 3.48036e+16	6.18e-01	3.82e-01	1.64e-10
 3.48261e+16	6.30e-01	3.70e-01	1.72e-10
 3.48484e+16	6.42e-01	3.58e-01	1.80e-10
 3.48709e+16	6.54e-01	3.46e-01	1.89e-10
 3.48934e+16	6.65e-01	3.35e-01	1.98e-10
 3.49157e+16	6.77e-01	3.23e-01	2.08e-10
 3.49376e+16	6.88e-01	3.12e-01	2.17e-10
 3.49596e+16	6.99e-01	3.01e-01	2.28e-10
 3.49818e+16	7.10e-01	2.90e-01	2.39e-10
 3.50033e+16	7.21e-01	2.79e-01	2.50e-10
 3.50244e+16	7.30e-01	2.70e-01	2.62e-10
 3.50461e+16	7.41e-01	2.59e-01	2.75e-10
 3.50676e+16	7.50e-01	2.50e-01	2.88e-10
 3.50887e+16	7.60e-01	2.40e-01	3.02e-10
 3.51098e+16	7.69e-01	2.31e-01	3.15e-10
 3.51309e+16	7.78e-01	2.22e-01	3.32e-10
 3.51522e+16	7.87e-01	2.13e-01	3.48e-10
 3.51728e+16	7.96e-01	2.04e-01	3.65e-10
 3.51932e+16	8.04e-01	1.96e-01	3.81e-10
 3.52141e+16	8.12e-01	1.88e-01	4.01e-10
 3.52350e+16	8.20e-01	1.80e-01	4.22e-10
 3.52553e+16	8.27e-01	1.73e-01	4.42e-10
 3.52752e+16	8.34e-01	1.66e-01	4.62e-10
 3.52952e+16	8.41e-01	1.59e-01	4.86e-10
 3.53152e+16	8.48e-01	1.52e-01	5.11e-10
 3.53349e+16	8.54e-01	1.46e-01	5.37e-10
 3.53542e+16	8.60e-01	1.40e-01	5.62e-10
 3.53731e+16	8.66e-01	1.34e-01	5.93e-10
 3.53918e+16	8.71e-01	1.29e-01	6.18e-10
 3.54104e+16	8.77e-01	1.23e-01	6.52e-10
 3.54285e+16	8.82e-01	1.18e-01	6.85e-10
 3.54465e+16	8.86e-01	1.14e-01	7.19e-10
 3.54644e+16	8.91e-01	1.09e-01	7.52e-10
 3.54821e+16	8.95e-01	1.05e-01	7.94e-10
 3.54995e+16	8.99e-01	1.01e-01	8.35e-10
 3.55167e+16	9.03e-01	9.66e-02	8.79e-10
 3.55338e+16	9.07e-01	9.28e-02	9.19e-10
 3.55508e+16	9.11e-01	8.91e-02	9.71e-10
 3.55674e+16	9.14e-01	8.56e-02	1.02e-09
 3.55838e+16	9.18e-01	8.22e-02	1.08e-09
 3.56003e+16	9.21e-01	7.91e-02	1.12e-09
 3.56169e+16	9.24e-01	7.58e-02	1.20e-09
 3.56331e+16	9.27e-01	7.29e-02	1.26e-09
 3.56488e+16	9.30e-01	7.02e-02	1.32e-09
 3.56644e+16	9.32e-01	6.75e-02	1.40e-09
 3.56803e+16	9.35e-01	6.49e-02	1.49e-09
 3.56960e+16	9.38e-01	6.23e-02	1.57e-09
 3.57114e+16	9.40e-01	6.00e-02	1.65e-09
 3.57270e+16	9.42e-01	5.76e-02	1.76e-09
 3.57424e+16	9.45e-01	5.54e-02	1.87e-09
 3.57572e+16	9.47e-01	5.33e-02	1.98e-09
 3.57720e+16	9.49e-01	5.14e-02	2.08e-09
 3.57871e+16	9.51e-01	4.94e-02	2.23e-09
 3.58021e+16	9.53e-01	4.74e-02	2.38e-09
 3.58167e+16	9.54e-01	4.56e-02	2.54e-09
 3.58312e+16	9.56e-01	4.38e-02	2.72e-09
 3.58460e+16	9.58e-01	4.21e-02	2.91e-09
 3.58610e+16	9.60e-01	4.04e-02	3.12e-09
 3.58754e+16	9.61e-01	3.89e-02	3.34e-09
 3.58894e+16	9.63e-01	3.74e-02	3.61e-09
 3.59031e+16	9.64e-01	3.61e-02	3.89e-09
 3.59165e+16	9.65e-01	3.47e-02	4.18e-09
 3.59302e+16	9.67e-01	3.35e-02	4.50e-09
 3.59442e+16	9.68e-01	3.21e-02	4.94e-09
 3.59576e+16	9.69e-01	3.09e-02	5.36e-09
 3.59708e+16	9.70e-01	2.97e-02	5.86e-09
 3.59844e+16	9.72e-01	2.85e-02	6.49e-09
 3.59978e+16	9.73e-01	2.73e-02	7.17e-09
 3.60106e+16	9.74e-01	2.63e-02	7.96e-09
 3.60232e+16	9.75e-01	2.53e-02	8.82e-09
 3.60356e+16	9.76e-01	2.43e-02	9.89e-09
 3.60475e+16	9.77e-01	2.33e-02	1.11e-08
 3.60585e+16	9.78e-01	2.25e-02	1.24e-08
 3.60687e+16	9.78e-01	2.18e-02	1.38e-08
 3.60785e+16	9.79e-01	2.10e-02	1.54e-08
 3.60881e+16	9.80e-01	2.03e-02	1.72e-08
 3.60973e+16	9.80e-01	1.97e-02	1.93e-08
 3.61061e+16	9.81e-01	1.90e-02	2.15e-08
 3.61146e+16	9.82e-01	1.84e-02	2.38e-08
 3.61229e+16	9.82e-01	1.79e-02	2.65e-08
 3.61313e+16	9.83e-01	1.73e-02	2.94e-08
 3.61398e+16	9.83e-01	1.67e-02	3.25e-08
 3.61483e+16	9.84e-01	1.61e-02	3.57e-08
 3.61563e+16	9.85e-01	1.55e-02	3.87e-08
 3.61633e+16	9.85e-01	1.50e-02	4.12e-08
 3.61696e+16	9.85e-01	1.46e-02	4.31e-08
 3.61754e+16	9.86e-01	1.42e-02	4.48e-08
 3.61809e+16	9.86e-01	1.38e-02	4.62e-08
 3.61861e+16	9.87e-01	1.35e-02	4.74e-08
 3.61910e+16	9.87e-01	1.31e-02	4.84e-08
 3.61957e+16	9.87e-01	1.28e-02	4.94e-08
 3.62000e+16	9.87e-01	1.25e-02	5.03e-08
 3.62040e+16	9.88e-01	1.22e-02	5.11e-08
 3.62077e+16	9.88e-01	1.20e-02	5.18e-08
 3.62110e+16	9.88e-01	1.18e-02	5.25e-08
 3.62141e+16	9.88e-01	1.16e-02	5.32e-08
 3.62168e+16	9.89e-01	1.14e-02	5.38e-08
 3.62193e+16	9.89e-01	1.12e-02	5.44e-08
 3.62216e+16	9.89e-01	1.11e-02	5.49e-08
 3.62241e+16	9.89e-01	1.09e-02	5.56e-08
 3.62268e+16	9.89e-01	1.08e-02	5.63e-08
 3.62293e+16	9.89e-01	1.06e-02	5.70e-08
 3.62315e+16	9.90e-01	1.05e-02	5.76e-08
 3.62340e+16	9.90e-01	1.03e-02	5.84e-08
 3.62366e+16	9.90e-01	1.01e-02	5.93e-08
 3.62391e+16	9.90e-01	9.98e-03	6.02e-08
