#depth	O	O+	O+2	O+3	O+4	O+5	O+6	O+7	O+8	O[1]	O[2]	O[3]
 3.45990e+11	1.22e-05	1.86e-02	9.78e-01	2.87e-03	0.00e+00	0.00e+00	0.00e+00	0.00e+00	0.00e+00	8.32e-06	2.62e-06	1.21e-06
 2.07594e+12	1.21e-05	1.86e-02	9.78e-01	2.87e-03	0.00e+00	0.00e+00	0.00e+00	0.00e+00	0.00e+00	8.32e-06	2.62e-06	1.21e-06
 8.99574e+12	1.21e-05	1.86e-02	9.79e-01	2.82e-03	0.00e+00	0.00e+00	0.00e+00	0.00e+00	0.00e+00	8.31e-06	2.62e-06	1.21e-06
 3.66749e+13	1.22e-05	1.87e-02	9.79e-01	2.66e-03	0.00e+00	0.00e+00	0.00e+00	0.00e+00	0.00e+00	8.33e-06	2.62e-06	1.21e-06
 8.76047e+13	1.21e-05	1.87e-02	9.79e-01	2.44e-03	0.00e+00	0.00e+00	0.00e+00	0.00e+00	0.00e+00	8.30e-06	2.63e-06	1.21e-06
 1.53813e+14	1.21e-05	1.88e-02	9.79e-01	2.18e-03	0.00e+00	0.00e+00	0.00e+00	0.00e+00	0.00e+00	8.30e-06	2.63e-06	1.22e-06
 2.39885e+14	1.22e-05	1.88e-02	9.79e-01	1.87e-03	0.00e+00	0.00e+00	0.00e+00	0.00e+00	0.00e+00	8.32e-06	2.64e-06	1.22e-06
 3.51777e+14	1.22e-05	1.89e-02	9.80e-01	1.53e-03	0.00e+00	0.00e+00	0.00e+00	0.00e+00	0.00e+00	8.36e-06	2.65e-06	1.22e-06
 4.97238e+14	1.23e-05	1.91e-02	9.80e-01	1.17e-03	0.00e+00	0.00e+00	0.00e+00	0.00e+00	0.00e+00	8.42e-06	2.67e-06	1.23e-06
 6.86336e+14	1.25e-05	1.92e-02	9.80e-01	8.27e-04	0.00e+00	0.00e+00	0.00e+00	0.00e+00	0.00e+00	8.51e-06	2.70e-06	1.25e-06
 9.32164e+14	1.27e-05	1.94e-02	9.80e-01	5.26e-04	0.00e+00	0.00e+00	0.00e+00	0.00e+00	0.00e+00	8.65e-06	2.74e-06	1.27e-06
 1.25174e+15	1.30e-05	1.97e-02	9.80e-01	2.94e-04	0.00e+00	0.00e+00	0.00e+00	0.00e+00	0.00e+00	8.86e-06	2.80e-06	1.30e-06
 1.66719e+15	1.34e-05	2.01e-02	9.80e-01	1.39e-04	0.00e+00	0.00e+00	0.00e+00	0.00e+00	0.00e+00	9.16e-06	2.89e-06	1.34e-06
 2.20727e+15	1.40e-05	2.06e-02	9.79e-01	5.50e-05	0.00e+00	0.00e+00	0.00e+00	0.00e+00	0.00e+00	9.59e-06	3.03e-06	1.40e-06
 2.90938e+15	1.49e-05	2.13e-02	9.79e-01	1.80e-05	0.00e+00	0.00e+00	0.00e+00	0.00e+00	0.00e+00	1.02e-05	3.23e-06	1.49e-06
 3.82213e+15	1.63e-05	2.23e-02	9.78e-01	5.51e-06	0.00e+00	0.00e+00	0.00e+00	0.00e+00	0.00e+00	1.12e-05	3.52e-06	1.63e-06
 5.00869e+15	1.85e-05	2.36e-02	9.76e-01	2.19e-06	0.00e+00	0.00e+00	0.00e+00	0.00e+00	0.00e+00	1.27e-05	3.99e-06	1.85e-06
 6.55123e+15	2.19e-05	2.54e-02	9.75e-01	1.36e-06	0.00e+00	0.00e+00	0.00e+00	0.00e+00	0.00e+00	1.50e-05	4.73e-06	2.19e-06
 8.35401e+15	2.69e-05	2.78e-02	9.72e-01	1.04e-06	0.00e+00	0.00e+00	0.00e+00	0.00e+00	0.00e+00	1.84e-05	5.79e-06	2.69e-06
 1.02158e+16	3.37e-05	3.05e-02	9.69e-01	8.47e-07	0.00e+00	0.00e+00	0.00e+00	0.00e+00	0.00e+00	2.31e-05	7.27e-06	3.37e-06
 1.17041e+16	4.05e-05	3.29e-02	9.67e-01	7.38e-07	0.00e+00	0.00e+00	0.00e+00	0.00e+00	0.00e+00	2.77e-05	8.75e-06	4.06e-06
 1.28745e+16	4.79e-05	3.52e-02	9.65e-01	6.64e-07	0.00e+00	0.00e+00	0.00e+00	0.00e+00	0.00e+00	3.27e-05	1.04e-05	4.81e-06
 1.40161e+16	5.66e-05	3.76e-02	9.62e-01	6.05e-07	0.00e+00	0.00e+00	0.00e+00	0.00e+00	0.00e+00	3.87e-05	1.23e-05	5.69e-06
 1.49977e+16	6.61e-05	3.99e-02	9.60e-01	5.64e-07	0.00e+00	0.00e+00	0.00e+00	0.00e+00	0.00e+00	4.51e-05	1.43e-05	6.65e-06
 1.58756e+16	7.64e-05	4.23e-02	9.58e-01	5.26e-07	0.00e+00	0.00e+00	0.00e+00	0.00e+00	0.00e+00	5.21e-05	1.66e-05	7.70e-06
 1.67220e+16	8.83e-05	4.48e-02	9.55e-01	4.96e-07	0.00e+00	0.00e+00	0.00e+00	0.00e+00	0.00e+00	6.01e-05	1.92e-05	8.91e-06
 1.75573e+16	1.03e-04	4.76e-02	9.52e-01	4.69e-07	0.00e+00	0.00e+00	0.00e+00	0.00e+00	0.00e+00	6.99e-05	2.24e-05	1.04e-05
 1.83598e+16	1.20e-04	5.06e-02	9.49e-01	4.44e-07	0.00e+00	0.00e+00	0.00e+00	0.00e+00	0.00e+00	8.14e-05	2.61e-05	1.21e-05
 1.91110e+16	1.39e-04	5.37e-02	9.46e-01	4.23e-07	0.00e+00	0.00e+00	0.00e+00	0.00e+00	0.00e+00	9.46e-05	3.05e-05	1.41e-05
 1.98175e+16	1.61e-04	5.71e-02	9.43e-01	4.03e-07	0.00e+00	0.00e+00	0.00e+00	0.00e+00	0.00e+00	1.10e-04	3.54e-05	1.64e-05
 2.04953e+16	1.88e-04	6.07e-02	9.39e-01	3.85e-07	0.00e+00	0.00e+00	0.00e+00	0.00e+00	0.00e+00	1.27e-04	4.12e-05	1.90e-05
 2.11511e+16	2.18e-04	6.47e-02	9.35e-01	3.68e-07	0.00e+00	0.00e+00	0.00e+00	0.00e+00	0.00e+00	1.48e-04	4.80e-05	2.21e-05
 2.17822e+16	2.54e-04	6.91e-02	9.31e-01	3.51e-07	0.00e+00	0.00e+00	0.00e+00	0.00e+00	0.00e+00	1.73e-04	5.60e-05	2.58e-05
 2.23861e+16	2.97e-04	7.38e-02	9.26e-01	3.35e-07	0.00e+00	0.00e+00	0.00e+00	0.00e+00	0.00e+00	2.01e-04	6.55e-05	3.01e-05
 2.29644e+16	3.47e-04	7.89e-02	9.21e-01	3.20e-07	0.00e+00	0.00e+00	0.00e+00	0.00e+00	0.00e+00	2.35e-04	7.66e-05	3.51e-05
 2.35212e+16	4.06e-04	8.46e-02	9.15e-01	3.05e-07	0.00e+00	0.00e+00	0.00e+00	0.00e+00	0.00e+00	2.75e-04	8.98e-05	4.11e-05
 2.40591e+16	4.76e-04	9.08e-02	9.09e-01	2.90e-07	0.00e+00	0.00e+00	0.00e+00	0.00e+00	0.00e+00	3.22e-04	1.05e-04	4.82e-05
 2.45787e+16	5.60e-04	9.77e-02	9.02e-01	2.75e-07	0.00e+00	0.00e+00	0.00e+00	0.00e+00	0.00e+00	3.79e-04	1.24e-04	5.66e-05
 2.50801e+16	6.60e-04	1.05e-01	8.94e-01	2.60e-07	0.00e+00	0.00e+00	0.00e+00	0.00e+00	0.00e+00	4.46e-04	1.47e-04	6.67e-05
 2.55641e+16	7.79e-04	1.14e-01	8.85e-01	2.45e-07	0.00e+00	0.00e+00	0.00e+00	0.00e+00	0.00e+00	5.27e-04	1.74e-04	7.88e-05
 2.60323e+16	9.24e-04	1.23e-01	8.76e-01	2.30e-07	0.00e+00	0.00e+00	0.00e+00	0.00e+00	0.00e+00	6.24e-04	2.06e-04	9.34e-05
 2.64857e+16	1.10e-03	1.34e-01	8.65e-01	2.15e-07	0.00e+00	0.00e+00	0.00e+00	0.00e+00	0.00e+00	7.42e-04	2.45e-04	1.11e-04
 2.69251e+16	1.31e-03	1.45e-01	8.53e-01	2.01e-07	0.00e+00	0.00e+00	0.00e+00	0.00e+00	0.00e+00	8.85e-04	2.93e-04	1.33e-04
 2.73509e+16	1.57e-03	1.58e-01	8.40e-01	1.86e-07	0.00e+00	0.00e+00	0.00e+00	0.00e+00	0.00e+00	1.06e-03	3.52e-04	1.59e-04
 2.77636e+16	1.89e-03	1.73e-01	8.25e-01	1.71e-07	0.00e+00	0.00e+00	0.00e+00	0.00e+00	0.00e+00	1.27e-03	4.24e-04	1.91e-04
 2.81640e+16	2.28e-03	1.89e-01	8.09e-01	1.56e-07	0.00e+00	0.00e+00	0.00e+00	0.00e+00	0.00e+00	1.54e-03	5.12e-04	2.30e-04
 2.85516e+16	2.77e-03	2.07e-01	7.90e-01	1.42e-07	0.00e+00	0.00e+00	0.00e+00	0.00e+00	0.00e+00	1.86e-03	6.22e-04	2.79e-04
 2.89211e+16	3.36e-03	2.27e-01	7.69e-01	0.00e+00	0.00e+00	0.00e+00	0.00e+00	0.00e+00	0.00e+00	2.26e-03	7.55e-04	3.38e-04
 2.92684e+16	4.06e-03	2.49e-01	7.47e-01	0.00e+00	0.00e+00	0.00e+00	0.00e+00	0.00e+00	0.00e+00	2.74e-03	9.15e-04	4.09e-04
 2.95959e+16	4.91e-03	2.72e-01	7.23e-01	0.00e+00	0.00e+00	0.00e+00	0.00e+00	0.00e+00	0.00e+00	3.31e-03	1.10e-03	4.94e-04
 2.99081e+16	5.94e-03	2.98e-01	6.96e-01	0.00e+00	0.00e+00	0.00e+00	0.00e+00	0.00e+00	0.00e+00	4.00e-03	1.34e-03	5.97e-04
 3.02066e+16	7.20e-03	3.25e-01	6.68e-01	0.00e+00	0.00e+00	0.00e+00	0.00e+00	0.00e+00	0.00e+00	4.85e-03	1.62e-03	7.23e-04
 3.04901e+16	8.72e-03	3.55e-01	6.37e-01	0.00e+00	0.00e+00	0.00e+00	0.00e+00	0.00e+00	0.00e+00	5.88e-03	1.96e-03	8.75e-04
 3.07583e+16	1.05e-02	3.86e-01	6.04e-01	0.00e+00	0.00e+00	0.00e+00	0.00e+00	0.00e+00	0.00e+00	7.10e-03	2.36e-03	1.06e-03
 3.10143e+16	1.27e-02	4.18e-01	5.69e-01	0.00e+00	0.00e+00	0.00e+00	0.00e+00	0.00e+00	0.00e+00	8.58e-03	2.85e-03	1.27e-03
 3.12606e+16	1.54e-02	4.53e-01	5.32e-01	0.00e+00	0.00e+00	0.00e+00	0.00e+00	0.00e+00	0.00e+00	1.04e-02	3.45e-03	1.54e-03
 3.14972e+16	1.86e-02	4.89e-01	4.93e-01	0.00e+00	0.00e+00	0.00e+00	0.00e+00	0.00e+00	0.00e+00	1.26e-02	4.17e-03	1.86e-03
 3.17233e+16	2.25e-02	5.25e-01	4.52e-01	0.00e+00	0.00e+00	0.00e+00	0.00e+00	0.00e+00	0.00e+00	1.52e-02	5.03e-03	2.25e-03
 3.19393e+16	2.72e-02	5.62e-01	4.11e-01	0.00e+00	0.00e+00	0.00e+00	0.00e+00	0.00e+00	0.00e+00	1.84e-02	6.07e-03	2.71e-03
 3.21467e+16	3.28e-02	5.99e-01	3.68e-01	0.00e+00	0.00e+00	0.00e+00	0.00e+00	0.00e+00	0.00e+00	2.22e-02	7.33e-03	3.28e-03
 3.23456e+16	3.97e-02	6.35e-01	3.26e-01	0.00e+00	0.00e+00	0.00e+00	0.00e+00	0.00e+00	0.00e+00	2.69e-02	8.85e-03	3.96e-03
 3.25359e+16	4.80e-02	6.68e-01	2.84e-01	0.00e+00	0.00e+00	0.00e+00	0.00e+00	0.00e+00	0.00e+00	3.25e-02	1.07e-02	4.78e-03
 3.27183e+16	5.79e-02	6.99e-01	2.44e-01	0.00e+00	0.00e+00	0.00e+00	0.00e+00	0.00e+00	0.00e+00	3.92e-02	1.29e-02	5.77e-03
 3.28940e+16	6.99e-02	7.25e-01	2.05e-01	0.00e+00	0.00e+00	0.00e+00	0.00e+00	0.00e+00	0.00e+00	4.74e-02	1.55e-02	6.96e-03
 3.30635e+16	8.45e-02	7.47e-01	1.69e-01	0.00e+00	0.00e+00	0.00e+00	0.00e+00	0.00e+00	0.00e+00	5.74e-02	1.86e-02	8.40e-03
 3.32022e+16	9.94e-02	7.60e-01	1.41e-01	0.00e+00	0.00e+00	0.00e+00	0.00e+00	0.00e+00	0.00e+00	6.76e-02	2.19e-02	9.88e-03
 3.32992e+16	1.12e-01	7.66e-01	1.22e-01	0.00e+00	0.00e+00	0.00e+00	0.00e+00	0.00e+00	0.00e+00	7.60e-02	2.45e-02	1.11e-02
 3.33947e+16	1.26e-01	7.70e-01	1.05e-01	0.00e+00	0.00e+00	0.00e+00	0.00e+00	0.00e+00	0.00e+00	8.56e-02	2.74e-02	1.24e-02
 3.34997e+16	1.43e-01	7.70e-01	8.73e-02	0.00e+00	0.00e+00	0.00e+00	0.00e+00	0.00e+00	0.00e+00	9.75e-02	3.10e-02	1.41e-02
 3.35932e+16	1.61e-01	7.66e-01	7.32e-02	0.00e+00	0.00e+00	0.00e+00	0.00e+00	0.00e+00	0.00e+00	1.10e-01	3.47e-02	1.59e-02
 3.36728e+16	1.78e-01	7.60e-01	6.21e-02	0.00e+00	0.00e+00	0.00e+00	0.00e+00	0.00e+00	0.00e+00	1.22e-01	3.83e-02	1.75e-02
 3.37462e+16	1.95e-01	7.52e-01	5.29e-02	0.00e+00	0.00e+00	0.00e+00	0.00e+00	0.00e+00	0.00e+00	1.34e-01	4.18e-02	1.92e-02
 3.38297e+16	2.17e-01	7.39e-01	4.34e-02	0.00e+00	0.00e+00	0.00e+00	0.00e+00	0.00e+00	0.00e+00	1.49e-01	4.63e-02	2.14e-02
 3.39160e+16	2.43e-01	7.22e-01	3.49e-02	0.00e+00	0.00e+00	0.00e+00	0.00e+00	0.00e+00	0.00e+00	1.68e-01	5.14e-02	2.39e-02
 3.39849e+16	2.66e-01	7.05e-01	2.89e-02	0.00e+00	0.00e+00	0.00e+00	0.00e+00	0.00e+00	0.00e+00	1.84e-01	5.58e-02	2.61e-02
 3.40420e+16	2.86e-01	6.90e-01	2.46e-02	0.00e+00	0.00e+00	0.00e+00	0.00e+00	0.00e+00	0.00e+00	1.98e-01	5.96e-02	2.80e-02
 3.41047e+16	3.10e-01	6.70e-01	2.03e-02	0.00e+00	0.00e+00	0.00e+00	0.00e+00	0.00e+00	0.00e+00	2.16e-01	6.40e-02	3.02e-02
 3.41737e+16	3.38e-01	6.46e-01	1.63e-02	0.00e+00	0.00e+00	0.00e+00	0.00e+00	0.00e+00	0.00e+00	2.36e-01	6.91e-02	3.29e-02
 3.42350e+16	3.66e-01	6.21e-01	1.32e-02	0.00e+00	0.00e+00	0.00e+00	0.00e+00	0.00e+00	0.00e+00	2.56e-01	7.39e-02	3.54e-02
 3.42878e+16	3.89e-01	6.00e-01	1.10e-02	0.00e+00	0.00e+00	0.00e+00	0.00e+00	0.00e+00	0.00e+00	2.74e-01	7.79e-02	3.76e-02
 3.43428e+16	4.16e-01	5.75e-01	8.92e-03	0.00e+00	0.00e+00	0.00e+00	0.00e+00	0.00e+00	0.00e+00	2.94e-01	8.23e-02	4.00e-02
 3.44016e+16	4.45e-01	5.48e-01	7.12e-03	0.00e+00	0.00e+00	0.00e+00	0.00e+00	0.00e+00	0.00e+00	3.16e-01	8.68e-02	4.25e-02
 3.44565e+16	4.74e-01	5.21e-01	5.69e-03	0.00e+00	0.00e+00	0.00e+00	0.00e+00	0.00e+00	0.00e+00	3.37e-01	9.10e-02	4.50e-02
 3.45076e+16	5.01e-01	4.95e-01	4.58e-03	0.00e+00	0.00e+00	0.00e+00	0.00e+00	0.00e+00	0.00e+00	3.59e-01	9.48e-02	4.73e-02
 3.45565e+16	5.26e-01	4.70e-01	3.70e-03	0.00e+00	0.00e+00	0.00e+00	0.00e+00	0.00e+00	0.00e+00	3.79e-01	9.81e-02	4.94e-02
 3.46016e+16	5.51e-01	4.46e-01	3.02e-03	0.00e+00	0.00e+00	0.00e+00	0.00e+00	0.00e+00	0.00e+00	3.98e-01	1.01e-01	5.14e-02
 3.46430e+16	5.73e-01	4.25e-01	2.49e-03	0.00e+00	0.00e+00	0.00e+00	0.00e+00	0.00e+00	0.00e+00	4.16e-01	1.03e-01	5.30e-02
 3.46821e+16	5.94e-01	4.04e-01	2.06e-03	0.00e+00	0.00e+00	0.00e+00	0.00e+00	0.00e+00	0.00e+00	4.34e-01	1.05e-01	5.46e-02
 3.47121e+16	6.09e-01	3.89e-01	1.79e-03	0.00e+00	0.00e+00	0.00e+00	0.00e+00	0.00e+00	0.00e+00	4.47e-01	1.07e-01	5.57e-02
 3.47327e+16	6.19e-01	3.79e-01	1.62e-03	0.00e+00	0.00e+00	0.00e+00	0.00e+00	0.00e+00	0.00e+00	4.55e-01	1.08e-01	5.64e-02
 3.47531e+16	6.30e-01	3.69e-01	1.46e-03	0.00e+00	0.00e+00	0.00e+00	0.00e+00	0.00e+00	0.00e+00	4.64e-01	1.09e-01	5.71e-02
 3.47772e+16	6.43e-01	3.56e-01	1.29e-03	0.00e+00	0.00e+00	0.00e+00	0.00e+00	0.00e+00	0.00e+00	4.75e-01	1.09e-01	5.79e-02
 3.48026e+16	6.56e-01	3.43e-01	1.13e-03	0.00e+00	0.00e+00	0.00e+00	0.00e+00	0.00e+00	0.00e+00	4.87e-01	1.10e-01	5.87e-02
 3.48260e+16	6.67e-01	3.32e-01	1.00e-03	0.00e+00	0.00e+00	0.00e+00	0.00e+00	0.00e+00	0.00e+00	4.97e-01	1.11e-01	5.94e-02
 3.48480e+16	6.79e-01	3.21e-01	8.91e-04	0.00e+00	0.00e+00	0.00e+00	0.00e+00	0.00e+00	0.00e+00	5.07e-01	1.12e-01	6.01e-02
 3.48703e+16	6.89e-01	3.10e-01	7.90e-04	0.00e+00	0.00e+00	0.00e+00	0.00e+00	0.00e+00	0.00e+00	5.17e-01	1.12e-01	6.07e-02
 3.48930e+16	7.01e-01	2.98e-01	6.96e-04	0.00e+00	0.00e+00	0.00e+00	0.00e+00	0.00e+00	0.00e+00	5.27e-01	1.12e-01	6.13e-02
 3.49156e+16	7.12e-01	2.88e-01	6.15e-04	0.00e+00	0.00e+00	0.00e+00	0.00e+00	0.00e+00	0.00e+00	5.37e-01	1.13e-01	6.18e-02
 3.49377e+16	7.22e-01	2.77e-01	5.42e-04	0.00e+00	0.00e+00	0.00e+00	0.00e+00	0.00e+00	0.00e+00	5.47e-01	1.13e-01	6.23e-02
 3.49599e+16	7.33e-01	2.67e-01	4.77e-04	0.00e+00	0.00e+00	0.00e+00	0.00e+00	0.00e+00	0.00e+00	5.57e-01	1.13e-01	6.28e-02
 3.49816e+16	7.43e-01	2.57e-01	4.21e-04	0.00e+00	0.00e+00	0.00e+00	0.00e+00	0.00e+00	0.00e+00	5.66e-01	1.13e-01	6.32e-02
 3.50032e+16	7.52e-01	2.47e-01	3.71e-04	0.00e+00	0.00e+00	0.00e+00	0.00e+00	0.00e+00	0.00e+00	5.76e-01	1.13e-01	6.35e-02
 3.50250e+16	7.62e-01	2.38e-01	3.26e-04	0.00e+00	0.00e+00	0.00e+00	0.00e+00	0.00e+00	0.00e+00	5.85e-01	1.13e-01	6.38e-02
 3.50466e+16	7.71e-01	2.28e-01	2.86e-04	0.00e+00	0.00e+00	0.00e+00	0.00e+00	0.00e+00	0.00e+00	5.94e-01	1.13e-01	6.41e-02
 3.50679e+16	7.80e-01	2.19e-01	2.51e-04	0.00e+00	0.00e+00	0.00e+00	0.00e+00	0.00e+00	0.00e+00	6.03e-01	1.13e-01	6.43e-02
 3.50892e+16	7.89e-01	2.11e-01	2.21e-04	0.00e+00	0.00e+00	0.00e+00	0.00e+00	0.00e+00	0.00e+00	6.12e-01	1.12e-01	6.45e-02
 3.51105e+16	7.98e-01	2.02e-01	1.93e-04	0.00e+00	0.00e+00	0.00e+00	0.00e+00	0.00e+00	0.00e+00	6.21e-01	1.12e-01	6.46e-02
 3.51319e+16	8.06e-01	1.94e-01	1.69e-04	0.00e+00	0.00e+00	0.00e+00	0.00e+00	0.00e+00	0.00e+00	6.30e-01	1.11e-01	6.47e-02
 3.51527e+16	8.14e-01	1.86e-01	1.48e-04	0.00e+00	0.00e+00	0.00e+00	0.00e+00	0.00e+00	0.00e+00	6.38e-01	1.11e-01	6.48e-02
 3.51733e+16	8.21e-01	1.78e-01	1.30e-04	0.00e+00	0.00e+00	0.00e+00	0.00e+00	0.00e+00	0.00e+00	6.46e-01	1.10e-01	6.48e-02
 3.51943e+16	8.29e-01	1.71e-01	1.13e-04	0.00e+00	0.00e+00	0.00e+00	0.00e+00	0.00e+00	0.00e+00	6.55e-01	1.10e-01	6.48e-02
 3.52151e+16	8.36e-01	1.64e-01	9.89e-05	0.00e+00	0.00e+00	0.00e+00	0.00e+00	0.00e+00	0.00e+00	6.62e-01	1.09e-01	6.47e-02
 3.52357e+16	8.43e-01	1.57e-01	8.62e-05	0.00e+00	0.00e+00	0.00e+00	0.00e+00	0.00e+00	0.00e+00	6.70e-01	1.08e-01	6.46e-02
 3.52560e+16	8.50e-01	1.50e-01	7.54e-05	0.00e+00	0.00e+00	0.00e+00	0.00e+00	0.00e+00	0.00e+00	6.78e-01	1.08e-01	6.45e-02
 3.52761e+16	8.56e-01	1.44e-01	6.59e-05	0.00e+00	0.00e+00	0.00e+00	0.00e+00	0.00e+00	0.00e+00	6.85e-01	1.07e-01	6.44e-02
 3.52963e+16	8.62e-01	1.37e-01	5.74e-05	0.00e+00	0.00e+00	0.00e+00	0.00e+00	0.00e+00	0.00e+00	6.92e-01	1.06e-01	6.42e-02
 3.53165e+16	8.68e-01	1.32e-01	5.00e-05	0.00e+00	0.00e+00	0.00e+00	0.00e+00	0.00e+00	0.00e+00	6.99e-01	1.05e-01	6.40e-02
 3.53364e+16	8.74e-01	1.26e-01	4.36e-05	0.00e+00	0.00e+00	0.00e+00	0.00e+00	0.00e+00	0.00e+00	7.06e-01	1.04e-01	6.38e-02
 3.53559e+16	8.79e-01	1.21e-01	3.82e-05	0.00e+00	0.00e+00	0.00e+00	0.00e+00	0.00e+00	0.00e+00	7.12e-01	1.04e-01	6.36e-02
 3.53749e+16	8.85e-01	1.15e-01	3.34e-05	0.00e+00	0.00e+00	0.00e+00	0.00e+00	0.00e+00	0.00e+00	7.18e-01	1.03e-01	6.33e-02
 3.53938e+16	8.89e-01	1.10e-01	2.93e-05	0.00e+00	0.00e+00	0.00e+00	0.00e+00	0.00e+00	0.00e+00	7.24e-01	1.02e-01	6.31e-02
 3.54127e+16	8.94e-01	1.06e-01	2.56e-05	0.00e+00	0.00e+00	0.00e+00	0.00e+00	0.00e+00	0.00e+00	7.30e-01	1.01e-01	6.28e-02
 3.54314e+16	8.99e-01	1.01e-01	2.24e-05	0.00e+00	0.00e+00	0.00e+00	0.00e+00	0.00e+00	0.00e+00	7.36e-01	1.00e-01	6.25e-02
 3.54496e+16	9.03e-01	9.71e-02	1.97e-05	0.00e+00	0.00e+00	0.00e+00	0.00e+00	0.00e+00	0.00e+00	7.41e-01	9.95e-02	6.22e-02
 3.54674e+16	9.07e-01	9.31e-02	1.74e-05	0.00e+00	0.00e+00	0.00e+00	0.00e+00	0.00e+00	0.00e+00	7.46e-01	9.87e-02	6.19e-02
 3.54852e+16	9.11e-01	8.93e-02	1.53e-05	0.00e+00	0.00e+00	0.00e+00	0.00e+00	0.00e+00	0.00e+00	7.51e-01	9.79e-02	6.16e-02
 3.55030e+16	9.14e-01	8.56e-02	1.34e-05	0.00e+00	0.00e+00	0.00e+00	0.00e+00	0.00e+00	0.00e+00	7.56e-01	9.71e-02	6.13e-02
 3.55205e+16	9.18e-01	8.21e-02	1.18e-05	0.00e+00	0.00e+00	0.00e+00	0.00e+00	0.00e+00	0.00e+00	7.61e-01	9.63e-02	6.10e-02
 3.55376e+16	9.21e-01	7.87e-02	1.04e-05	0.00e+00	0.00e+00	0.00e+00	0.00e+00	0.00e+00	0.00e+00	7.65e-01	9.55e-02	6.06e-02
 3.55546e+16	9.24e-01	7.55e-02	9.19e-06	0.00e+00	0.00e+00	0.00e+00	0.00e+00	0.00e+00	0.00e+00	7.69e-01	9.48e-02	6.03e-02
 3.55716e+16	9.27e-01	7.25e-02	8.10e-06	0.00e+00	0.00e+00	0.00e+00	0.00e+00	0.00e+00	0.00e+00	7.73e-01	9.41e-02	6.00e-02
 3.55885e+16	9.30e-01	6.96e-02	7.15e-06	0.00e+00	0.00e+00	0.00e+00	0.00e+00	0.00e+00	0.00e+00	7.77e-01	9.33e-02	5.97e-02
 3.56050e+16	9.33e-01	6.68e-02	6.32e-06	0.00e+00	0.00e+00	0.00e+00	0.00e+00	0.00e+00	0.00e+00	7.81e-01	9.26e-02	5.93e-02
 3.56214e+16	9.36e-01	6.41e-02	5.59e-06	0.00e+00	0.00e+00	0.00e+00	0.00e+00	0.00e+00	0.00e+00	7.85e-01	9.19e-02	5.90e-02
 3.56377e+16	9.38e-01	6.15e-02	4.95e-06	0.00e+00	0.00e+00	0.00e+00	0.00e+00	0.00e+00	0.00e+00	7.89e-01	9.12e-02	5.86e-02
 3.56537e+16	9.41e-01	5.91e-02	4.39e-06	0.00e+00	0.00e+00	0.00e+00	0.00e+00	0.00e+00	0.00e+00	7.92e-01	9.05e-02	5.82e-02
 3.56698e+16	9.43e-01	5.68e-02	3.88e-06	0.00e+00	0.00e+00	0.00e+00	0.00e+00	0.00e+00	0.00e+00	7.95e-01	8.99e-02	5.79e-02
 3.56858e+16	9.46e-01	5.45e-02	3.44e-06	0.00e+00	0.00e+00	0.00e+00	0.00e+00	0.00e+00	0.00e+00	7.99e-01	8.92e-02	5.75e-02
 3.57014e+16	9.48e-01	5.24e-02	3.06e-06	0.00e+00	0.00e+00	0.00e+00	0.00e+00	0.00e+00	0.00e+00	8.02e-01	8.86e-02	5.71e-02
 3.57168e+16	9.50e-01	5.04e-02	2.72e-06	0.00e+00	0.00e+00	0.00e+00	0.00e+00	0.00e+00	0.00e+00	8.05e-01	8.80e-02	5.68e-02
 3.57327e+16	9.52e-01	4.84e-02	2.41e-06	0.00e+00	0.00e+00	0.00e+00	0.00e+00	0.00e+00	0.00e+00	8.08e-01	8.74e-02	5.65e-02
 3.57484e+16	9.54e-01	4.64e-02	2.13e-06	0.00e+00	0.00e+00	0.00e+00	0.00e+00	0.00e+00	0.00e+00	8.11e-01	8.68e-02	5.61e-02
 3.57633e+16	9.55e-01	4.46e-02	1.90e-06	0.00e+00	0.00e+00	0.00e+00	0.00e+00	0.00e+00	0.00e+00	8.13e-01	8.62e-02	5.58e-02
 3.57782e+16	9.57e-01	4.30e-02	1.70e-06	0.00e+00	0.00e+00	0.00e+00	0.00e+00	0.00e+00	0.00e+00	8.16e-01	8.57e-02	5.55e-02
 3.57934e+16	9.59e-01	4.13e-02	1.51e-06	0.00e+00	0.00e+00	0.00e+00	0.00e+00	0.00e+00	0.00e+00	8.18e-01	8.52e-02	5.52e-02
 3.58088e+16	9.60e-01	3.96e-02	1.34e-06	0.00e+00	0.00e+00	0.00e+00	0.00e+00	0.00e+00	0.00e+00	8.21e-01	8.46e-02	5.49e-02
 3.58236e+16	9.62e-01	3.81e-02	1.19e-06	0.00e+00	0.00e+00	0.00e+00	0.00e+00	0.00e+00	0.00e+00	8.23e-01	8.41e-02	5.46e-02
 3.58380e+16	9.63e-01	3.67e-02	1.07e-06	0.00e+00	0.00e+00	0.00e+00	0.00e+00	0.00e+00	0.00e+00	8.25e-01	8.36e-02	5.43e-02
 3.58528e+16	9.65e-01	3.52e-02	9.51e-07	0.00e+00	0.00e+00	0.00e+00	0.00e+00	0.00e+00	0.00e+00	8.28e-01	8.32e-02	5.40e-02
 3.58676e+16	9.66e-01	3.38e-02	8.47e-07	0.00e+00	0.00e+00	0.00e+00	0.00e+00	0.00e+00	0.00e+00	8.30e-01	8.27e-02	5.38e-02
 3.58818e+16	9.68e-01	3.24e-02	7.57e-07	0.00e+00	0.00e+00	0.00e+00	0.00e+00	0.00e+00	0.00e+00	8.32e-01	8.22e-02	5.35e-02
 3.58963e+16	9.69e-01	3.12e-02	6.76e-07	0.00e+00	0.00e+00	0.00e+00	0.00e+00	0.00e+00	0.00e+00	8.34e-01	8.18e-02	5.32e-02
 3.59111e+16	9.70e-01	2.99e-02	6.01e-07	0.00e+00	0.00e+00	0.00e+00	0.00e+00	0.00e+00	0.00e+00	8.36e-01	8.13e-02	5.30e-02
 3.59255e+16	9.71e-01	2.87e-02	5.37e-07	0.00e+00	0.00e+00	0.00e+00	0.00e+00	0.00e+00	0.00e+00	8.38e-01	8.09e-02	5.27e-02
 3.59391e+16	9.72e-01	2.77e-02	4.83e-07	0.00e+00	0.00e+00	0.00e+00	0.00e+00	0.00e+00	0.00e+00	8.39e-01	8.05e-02	5.25e-02
 3.59521e+16	9.73e-01	2.67e-02	4.36e-07	0.00e+00	0.00e+00	0.00e+00	0.00e+00	0.00e+00	0.00e+00	8.41e-01	8.02e-02	5.22e-02
 3.59657e+16	9.74e-01	2.57e-02	3.92e-07	0.00e+00	0.00e+00	0.00e+00	0.00e+00	0.00e+00	0.00e+00	8.42e-01	7.98e-02	5.20e-02
 3.59799e+16	9.75e-01	2.46e-02	3.49e-07	0.00e+00	0.00e+00	0.00e+00	0.00e+00	0.00e+00	0.00e+00	8.44e-01	7.94e-02	5.18e-02
 3.59932e+16	9.76e-01	2.36e-02	3.14e-07	0.00e+00	0.00e+00	0.00e+00	0.00e+00	0.00e+00	0.00e+00	8.46e-01	7.90e-02	5.15e-02
 3.60063e+16	9.77e-01	2.27e-02	2.83e-07	0.00e+00	0.00e+00	0.00e+00	0.00e+00	0.00e+00	0.00e+00	8.47e-01	7.87e-02	5.13e-02
 3.60199e+16	9.78e-01	2.18e-02	2.54e-07	0.00e+00	0.00e+00	0.00e+00	0.00e+00	0.00e+00	0.00e+00	8.49e-01	7.83e-02	5.11e-02
 3.60332e+16	9.79e-01	2.09e-02	2.28e-07	0.00e+00	0.00e+00	0.00e+00	0.00e+00	0.00e+00	0.00e+00	8.50e-01	7.80e-02	5.09e-02
 3.60458e+16	9.80e-01	2.00e-02	2.06e-07	0.00e+00	0.00e+00	0.00e+00	0.00e+00	0.00e+00	0.00e+00	8.52e-01	7.76e-02	5.07e-02
 3.60581e+16	9.81e-01	1.93e-02	1.87e-07	0.00e+00	0.00e+00	0.00e+00	0.00e+00	0.00e+00	0.00e+00	8.53e-01	7.73e-02	5.05e-02
 3.60703e+16	9.82e-01	1.85e-02	1.69e-07	0.00e+00	0.00e+00	0.00e+00	0.00e+00	0.00e+00	0.00e+00	8.54e-01	7.70e-02	5.02e-02
 3.60817e+16	9.82e-01	1.78e-02	1.54e-07	0.00e+00	0.00e+00	0.00e+00	0.00e+00	0.00e+00	0.00e+00	8.55e-01	7.67e-02	5.00e-02
 3.60922e+16	9.83e-01	1.72e-02	1.42e-07	0.00e+00	0.00e+00	0.00e+00	0.00e+00	0.00e+00	0.00e+00	8.57e-01	7.64e-02	4.99e-02
 3.61022e+16	9.83e-01	1.66e-02	1.31e-07	0.00e+00	0.00e+00	0.00e+00	0.00e+00	0.00e+00	0.00e+00	8.58e-01	7.62e-02	4.97e-02
 3.61119e+16	9.84e-01	1.60e-02	1.21e-07	0.00e+00	0.00e+00	0.00e+00	0.00e+00	0.00e+00	0.00e+00	8.59e-01	7.59e-02	4.95e-02
 3.61212e+16	9.85e-01	1.55e-02	1.12e-07	0.00e+00	0.00e+00	0.00e+00	0.00e+00	0.00e+00	0.00e+00	8.60e-01	7.56e-02	4.93e-02
 3.61302e+16	9.85e-01	1.50e-02	1.04e-07	0.00e+00	0.00e+00	0.00e+00	0.00e+00	0.00e+00	0.00e+00	8.61e-01	7.53e-02	4.91e-02
 3.61388e+16	9.86e-01	1.45e-02	9.73e-08	0.00e+00	0.00e+00	0.00e+00	0.00e+00	0.00e+00	0.00e+00	8.62e-01	7.51e-02	4.90e-02
 3.61473e+16	9.86e-01	1.40e-02	9.08e-08	0.00e+00	0.00e+00	0.00e+00	0.00e+00	0.00e+00	0.00e+00	8.62e-01	7.48e-02	4.88e-02
 3.61556e+16	9.86e-01	1.35e-02	8.47e-08	0.00e+00	0.00e+00	0.00e+00	0.00e+00	0.00e+00	0.00e+00	8.63e-01	7.45e-02	4.86e-02
 3.61640e+16	9.87e-01	1.30e-02	7.90e-08	0.00e+00	0.00e+00	0.00e+00	0.00e+00	0.00e+00	0.00e+00	8.64e-01	7.43e-02	4.84e-02
 3.61727e+16	9.87e-01	1.25e-02	7.35e-08	0.00e+00	0.00e+00	0.00e+00	0.00e+00	0.00e+00	0.00e+00	8.65e-01	7.39e-02	4.81e-02
 3.61810e+16	9.88e-01	1.21e-02	6.86e-08	0.00e+00	0.00e+00	0.00e+00	0.00e+00	0.00e+00	0.00e+00	8.66e-01	7.36e-02	4.79e-02
 3.61884e+16	9.88e-01	1.16e-02	6.45e-08	0.00e+00	0.00e+00	0.00e+00	0.00e+00	0.00e+00	0.00e+00	8.67e-01	7.33e-02	4.77e-02
 3.61949e+16	9.89e-01	1.13e-02	6.11e-08	0.00e+00	0.00e+00	0.00e+00	0.00e+00	0.00e+00	0.00e+00	8.68e-01	7.31e-02	4.75e-02
 3.62008e+16	9.89e-01	1.10e-02	5.82e-08	0.00e+00	0.00e+00	0.00e+00	0.00e+00	0.00e+00	0.00e+00	8.69e-01	7.28e-02	4.73e-02
 3.62064e+16	9.89e-01	1.06e-02	5.55e-08	0.00e+00	0.00e+00	0.00e+00	0.00e+00	0.00e+00	0.00e+00	8.70e-01	7.26e-02	4.71e-02
 3.62117e+16	9.90e-01	1.04e-02	5.31e-08	0.00e+00	0.00e+00	0.00e+00	0.00e+00	0.00e+00	0.00e+00	8.70e-01	7.23e-02	4.69e-02
 3.62168e+16	9.90e-01	1.01e-02	5.08e-08	0.00e+00	0.00e+00	0.00e+00	0.00e+00	0.00e+00	0.00e+00	8.71e-01	7.21e-02	4.67e-02
 3.62215e+16	9.90e-01	9.82e-03	4.88e-08	0.00e+00	0.00e+00	0.00e+00	0.00e+00	0.00e+00	0.00e+00	8.72e-01	7.19e-02	4.66e-02
 3.62259e+16	9.90e-01	9.57e-03	4.69e-08	0.00e+00	0.00e+00	0.00e+00	0.00e+00	0.00e+00	0.00e+00	8.72e-01	7.16e-02	4.64e-02
 3.62301e+16	9.91e-01	9.34e-03	4.52e-08	0.00e+00	0.00e+00	0.00e+00	0.00e+00	0.00e+00	0.00e+00	8.73e-01	7.14e-02	4.62e-02
 3.62341e+16	9.91e-01	9.12e-03	4.36e-08	0.00e+00	0.00e+00	0.00e+00	0.00e+00	0.00e+00	0.00e+00	8.74e-01	7.12e-02	4.60e-02
 3.62377e+16	9.91e-01	8.92e-03	4.22e-08	0.00e+00	0.00e+00	0.00e+00	0.00e+00	0.00e+00	0.00e+00	8.74e-01	7.09e-02	4.58e-02
 3.62410e+16	9.91e-01	8.75e-03	4.10e-08	0.00e+00	0.00e+00	0.00e+00	0.00e+00	0.00e+00	0.00e+00	8.75e-01	7.07e-02	4.57e-02
 3.62439e+16	9.91e-01	8.59e-03	3.98e-08	0.00e+00	0.00e+00	0.00e+00	0.00e+00	0.00e+00	0.00e+00	8.75e-01	7.06e-02	4.55e-02
 3.62467e+16	9.92e-01	8.45e-03	3.88e-08	0.00e+00	0.00e+00	0.00e+00	0.00e+00	0.00e+00	0.00e+00	8.76e-01	7.04e-02	4.54e-02
 3.62491e+16	9.92e-01	8.32e-03	3.80e-08	0.00e+00	0.00e+00	0.00e+00	0.00e+00	0.00e+00	0.00e+00	8.76e-01	7.02e-02	4.53e-02
 3.62518e+16	9.92e-01	8.19e-03	3.70e-08	0.00e+00	0.00e+00	0.00e+00	0.00e+00	0.00e+00	0.00e+00	8.77e-01	7.01e-02	4.51e-02
 3.62548e+16	9.92e-01	8.02e-03	3.59e-08	0.00e+00	0.00e+00	0.00e+00	0.00e+00	0.00e+00	0.00e+00	8.77e-01	6.98e-02	4.49e-02
 3.62574e+16	9.92e-01	7.90e-03	3.50e-08	0.00e+00	0.00e+00	0.00e+00	0.00e+00	0.00e+00	0.00e+00	8.78e-01	6.96e-02	4.48e-02
 3.62598e+16	9.92e-01	7.77e-03	3.42e-08	0.00e+00	0.00e+00	0.00e+00	0.00e+00	0.00e+00	0.00e+00	8.78e-01	6.94e-02	4.47e-02
 3.62621e+16	9.92e-01	7.67e-03	3.34e-08	0.00e+00	0.00e+00	0.00e+00	0.00e+00	0.00e+00	0.00e+00	8.79e-01	6.92e-02	4.46e-02
 3.62645e+16	9.92e-01	7.56e-03	3.26e-08	0.00e+00	0.00e+00	0.00e+00	0.00e+00	0.00e+00	0.00e+00	8.79e-01	6.91e-02	4.44e-02
 3.62676e+16	9.93e-01	7.40e-03	3.15e-08	0.00e+00	0.00e+00	0.00e+00	0.00e+00	0.00e+00	0.00e+00	8.80e-01	6.88e-02	4.42e-02
###########################
 3.45990e+11	1.21e-05	1.86e-02	9.79e-01	2.88e-03	0.00e+00	0.00e+00	0.00e+00	0.00e+00	0.00e+00	8.26e-06	2.60e-06	1.20e-06
 2.07594e+12	1.21e-05	1.86e-02	9.79e-01	2.87e-03	0.00e+00	0.00e+00	0.00e+00	0.00e+00	0.00e+00	8.25e-06	2.60e-06	1.20e-06
 8.99574e+12	1.21e-05	1.86e-02	9.79e-01	2.83e-03	0.00e+00	0.00e+00	0.00e+00	0.00e+00	0.00e+00	8.24e-06	2.60e-06	1.20e-06
 3.66749e+13	1.21e-05	1.86e-02	9.79e-01	2.66e-03	0.00e+00	0.00e+00	0.00e+00	0.00e+00	0.00e+00	8.27e-06	2.62e-06	1.21e-06
 8.76047e+13	1.21e-05	1.86e-02	9.79e-01	2.44e-03	0.00e+00	0.00e+00	0.00e+00	0.00e+00	0.00e+00	8.23e-06	2.61e-06	1.21e-06
 1.53813e+14	1.21e-05	1.87e-02	9.79e-01	2.18e-03	0.00e+00	0.00e+00	0.00e+00	0.00e+00	0.00e+00	8.23e-06	2.61e-06	1.21e-06
 2.39885e+14	1.21e-05	1.88e-02	9.79e-01	1.87e-03	0.00e+00	0.00e+00	0.00e+00	0.00e+00	0.00e+00	8.26e-06	2.62e-06	1.21e-06
 3.51777e+14	1.21e-05	1.89e-02	9.80e-01	1.53e-03	0.00e+00	0.00e+00	0.00e+00	0.00e+00	0.00e+00	8.29e-06	2.63e-06	1.22e-06
 4.97238e+14	1.22e-05	1.90e-02	9.80e-01	1.17e-03	0.00e+00	0.00e+00	0.00e+00	0.00e+00	0.00e+00	8.34e-06	2.64e-06	1.22e-06
 6.86336e+14	1.23e-05	1.91e-02	9.80e-01	8.28e-04	0.00e+00	0.00e+00	0.00e+00	0.00e+00	0.00e+00	8.44e-06	2.67e-06	1.24e-06
 9.32164e+14	1.25e-05	1.94e-02	9.80e-01	5.27e-04	0.00e+00	0.00e+00	0.00e+00	0.00e+00	0.00e+00	8.57e-06	2.71e-06	1.26e-06
 1.25174e+15	1.28e-05	1.97e-02	9.80e-01	2.94e-04	0.00e+00	0.00e+00	0.00e+00	0.00e+00	0.00e+00	8.78e-06	2.78e-06	1.29e-06
 1.66719e+15	1.33e-05	2.00e-02	9.80e-01	1.40e-04	0.00e+00	0.00e+00	0.00e+00	0.00e+00	0.00e+00	9.08e-06	2.87e-06	1.33e-06
 2.20727e+15	1.39e-05	2.06e-02	9.79e-01	5.51e-05	0.00e+00	0.00e+00	0.00e+00	0.00e+00	0.00e+00	9.51e-06	3.00e-06	1.39e-06
 2.90938e+15	1.48e-05	2.13e-02	9.79e-01	1.81e-05	0.00e+00	0.00e+00	0.00e+00	0.00e+00	0.00e+00	1.02e-05	3.20e-06	1.48e-06
 3.82213e+15	1.63e-05	2.22e-02	9.78e-01	5.53e-06	0.00e+00	0.00e+00	0.00e+00	0.00e+00	0.00e+00	1.11e-05	3.50e-06	1.62e-06
 5.00869e+15	1.84e-05	2.35e-02	9.76e-01	2.20e-06	0.00e+00	0.00e+00	0.00e+00	0.00e+00	0.00e+00	1.26e-05	3.96e-06	1.84e-06
 6.55123e+15	2.18e-05	2.54e-02	9.75e-01	1.36e-06	0.00e+00	0.00e+00	0.00e+00	0.00e+00	0.00e+00	1.50e-05	4.70e-06	2.18e-06
 8.35401e+15	2.68e-05	2.77e-02	9.72e-01	1.04e-06	0.00e+00	0.00e+00	0.00e+00	0.00e+00	0.00e+00	1.83e-05	5.77e-06	2.68e-06
 1.02158e+16	3.36e-05	3.05e-02	9.69e-01	8.47e-07	0.00e+00	0.00e+00	0.00e+00	0.00e+00	0.00e+00	2.30e-05	7.25e-06	3.37e-06
 1.17041e+16	4.06e-05	3.29e-02	9.67e-01	7.33e-07	0.00e+00	0.00e+00	0.00e+00	0.00e+00	0.00e+00	2.77e-05	8.75e-06	4.07e-06
 1.28745e+16	4.79e-05	3.52e-02	9.65e-01	6.62e-07	0.00e+00	0.00e+00	0.00e+00	0.00e+00	0.00e+00	3.27e-05	1.03e-05	4.81e-06
 1.40183e+16	5.67e-05	3.76e-02	9.62e-01	6.03e-07	0.00e+00	0.00e+00	0.00e+00	0.00e+00	0.00e+00	3.87e-05	1.23e-05	5.70e-06
 1.50006e+16	6.60e-05	3.99e-02	9.60e-01	5.59e-07	0.00e+00	0.00e+00	0.00e+00	0.00e+00	0.00e+00	4.50e-05	1.43e-05	6.64e-06
 1.58775e+16	7.63e-05	4.23e-02	9.58e-01	5.28e-07	0.00e+00	0.00e+00	0.00e+00	0.00e+00	0.00e+00	5.20e-05	1.66e-05	7.70e-06
 1.67241e+16	8.83e-05	4.48e-02	9.55e-01	4.94e-07	0.00e+00	0.00e+00	0.00e+00	0.00e+00	0.00e+00	6.01e-05	1.92e-05	8.92e-06
 1.75574e+16	1.03e-04	4.76e-02	9.52e-01	4.67e-07	0.00e+00	0.00e+00	0.00e+00	0.00e+00	0.00e+00	6.99e-05	2.24e-05	1.04e-05
 1.83576e+16	1.20e-04	5.05e-02	9.49e-01	4.43e-07	0.00e+00	0.00e+00	0.00e+00	0.00e+00	0.00e+00	8.13e-05	2.61e-05	1.21e-05
 1.91086e+16	1.39e-04	5.37e-02	9.46e-01	4.21e-07	0.00e+00	0.00e+00	0.00e+00	0.00e+00	0.00e+00	9.45e-05	3.04e-05	1.41e-05
 1.98164e+16	1.61e-04	5.71e-02	9.43e-01	4.02e-07	0.00e+00	0.00e+00	0.00e+00	0.00e+00	0.00e+00	1.10e-04	3.54e-05	1.64e-05
 2.04945e+16	1.87e-04	6.07e-02	9.39e-01	3.84e-07	0.00e+00	0.00e+00	0.00e+00	0.00e+00	0.00e+00	1.27e-04	4.11e-05	1.90e-05
 2.11492e+16	2.18e-04	6.47e-02	9.35e-01	3.66e-07	0.00e+00	0.00e+00	0.00e+00	0.00e+00	0.00e+00	1.48e-04	4.79e-05	2.21e-05
 2.17790e+16	2.54e-04	6.90e-02	9.31e-01	3.50e-07	0.00e+00	0.00e+00	0.00e+00	0.00e+00	0.00e+00	1.72e-04	5.60e-05	2.58e-05
 2.23820e+16	2.97e-04	7.37e-02	9.26e-01	3.34e-07	0.00e+00	0.00e+00	0.00e+00	0.00e+00	0.00e+00	2.01e-04	6.54e-05	3.01e-05
 2.29598e+16	3.46e-04	7.89e-02	9.21e-01	3.19e-07	0.00e+00	0.00e+00	0.00e+00	0.00e+00	0.00e+00	2.35e-04	7.66e-05	3.51e-05
 2.35160e+16	4.06e-04	8.46e-02	9.15e-01	3.03e-07	0.00e+00	0.00e+00	0.00e+00	0.00e+00	0.00e+00	2.75e-04	8.98e-05	4.11e-05
 2.40522e+16	4.75e-04	9.08e-02	9.09e-01	2.89e-07	0.00e+00	0.00e+00	0.00e+00	0.00e+00	0.00e+00	3.22e-04	1.05e-04	4.81e-05
 2.45704e+16	5.60e-04	9.77e-02	9.02e-01	2.75e-07	0.00e+00	0.00e+00	0.00e+00	0.00e+00	0.00e+00	3.78e-04	1.24e-04	5.66e-05
 2.50710e+16	6.59e-04	1.05e-01	8.94e-01	2.59e-07	0.00e+00	0.00e+00	0.00e+00	0.00e+00	0.00e+00	4.46e-04	1.47e-04	6.67e-05
 2.55535e+16	7.79e-04	1.14e-01	8.86e-01	2.44e-07	0.00e+00	0.00e+00	0.00e+00	0.00e+00	0.00e+00	5.26e-04	1.74e-04	7.88e-05
 2.60204e+16	9.23e-04	1.23e-01	8.76e-01	2.29e-07	0.00e+00	0.00e+00	0.00e+00	0.00e+00	0.00e+00	6.24e-04	2.06e-04	9.34e-05
 2.64730e+16	1.10e-03	1.33e-01	8.65e-01	2.15e-07	0.00e+00	0.00e+00	0.00e+00	0.00e+00	0.00e+00	7.41e-04	2.45e-04	1.11e-04
 2.69117e+16	1.31e-03	1.45e-01	8.54e-01	2.01e-07	0.00e+00	0.00e+00	0.00e+00	0.00e+00	0.00e+00	8.85e-04	2.93e-04	1.32e-04
 2.73364e+16	1.57e-03	1.58e-01	8.40e-01	1.85e-07	0.00e+00	0.00e+00	0.00e+00	0.00e+00	0.00e+00	1.06e-03	3.52e-04	1.59e-04
 2.77483e+16	1.89e-03	1.73e-01	8.25e-01	1.71e-07	0.00e+00	0.00e+00	0.00e+00	0.00e+00	0.00e+00	1.27e-03	4.24e-04	1.91e-04
 2.81483e+16	2.28e-03	1.89e-01	8.09e-01	1.56e-07	0.00e+00	0.00e+00	0.00e+00	0.00e+00	0.00e+00	1.54e-03	5.13e-04	2.30e-04
 2.85349e+16	2.76e-03	2.07e-01	7.90e-01	1.41e-07	0.00e+00	0.00e+00	0.00e+00	0.00e+00	0.00e+00	1.86e-03	6.22e-04	2.79e-04
 2.89032e+16	3.35e-03	2.27e-01	7.69e-01	0.00e+00	0.00e+00	0.00e+00	0.00e+00	0.00e+00	0.00e+00	2.26e-03	7.56e-04	3.38e-04
 2.92497e+16	4.06e-03	2.49e-01	7.47e-01	0.00e+00	0.00e+00	0.00e+00	0.00e+00	0.00e+00	0.00e+00	2.73e-03	9.15e-04	4.09e-04
 2.95766e+16	4.92e-03	2.72e-01	7.23e-01	0.00e+00	0.00e+00	0.00e+00	0.00e+00	0.00e+00	0.00e+00	3.31e-03	1.11e-03	4.95e-04
 2.98867e+16	5.95e-03	2.98e-01	6.96e-01	0.00e+00	0.00e+00	0.00e+00	0.00e+00	0.00e+00	0.00e+00	4.01e-03	1.34e-03	5.98e-04
 3.01818e+16	7.18e-03	3.25e-01	6.68e-01	0.00e+00	0.00e+00	0.00e+00	0.00e+00	0.00e+00	0.00e+00	4.84e-03	1.62e-03	7.22e-04
 3.04644e+16	8.68e-03	3.54e-01	6.38e-01	0.00e+00	0.00e+00	0.00e+00	0.00e+00	0.00e+00	0.00e+00	5.85e-03	1.95e-03	8.72e-04
 3.07355e+16	1.05e-02	3.85e-01	6.05e-01	0.00e+00	0.00e+00	0.00e+00	0.00e+00	0.00e+00	0.00e+00	7.08e-03	2.36e-03	1.05e-03
 3.09950e+16	1.27e-02	4.18e-01	5.69e-01	0.00e+00	0.00e+00	0.00e+00	0.00e+00	0.00e+00	0.00e+00	8.58e-03	2.86e-03	1.27e-03
 3.12420e+16	1.54e-02	4.53e-01	5.32e-01	0.00e+00	0.00e+00	0.00e+00	0.00e+00	0.00e+00	0.00e+00	1.04e-02	3.46e-03	1.54e-03
 3.14766e+16	1.86e-02	4.88e-01	4.93e-01	0.00e+00	0.00e+00	0.00e+00	0.00e+00	0.00e+00	0.00e+00	1.26e-02	4.17e-03	1.86e-03
 3.17008e+16	2.25e-02	5.25e-01	4.53e-01	0.00e+00	0.00e+00	0.00e+00	0.00e+00	0.00e+00	0.00e+00	1.52e-02	5.04e-03	2.25e-03
 3.19161e+16	2.71e-02	5.62e-01	4.11e-01	0.00e+00	0.00e+00	0.00e+00	0.00e+00	0.00e+00	0.00e+00	1.83e-02	6.08e-03	2.71e-03
 3.21229e+16	3.28e-02	5.98e-01	3.69e-01	0.00e+00	0.00e+00	0.00e+00	0.00e+00	0.00e+00	0.00e+00	2.22e-02	7.34e-03	3.28e-03
 3.23211e+16	3.97e-02	6.34e-01	3.26e-01	0.00e+00	0.00e+00	0.00e+00	0.00e+00	0.00e+00	0.00e+00	2.68e-02	8.86e-03	3.96e-03
 3.25111e+16	4.79e-02	6.68e-01	2.85e-01	0.00e+00	0.00e+00	0.00e+00	0.00e+00	0.00e+00	0.00e+00	3.24e-02	1.07e-02	4.78e-03
 3.26935e+16	5.78e-02	6.98e-01	2.44e-01	0.00e+00	0.00e+00	0.00e+00	0.00e+00	0.00e+00	0.00e+00	3.92e-02	1.29e-02	5.76e-03
 3.28693e+16	6.99e-02	7.25e-01	2.05e-01	0.00e+00	0.00e+00	0.00e+00	0.00e+00	0.00e+00	0.00e+00	4.74e-02	1.55e-02	6.95e-03
 3.30387e+16	8.44e-02	7.46e-01	1.69e-01	0.00e+00	0.00e+00	0.00e+00	0.00e+00	0.00e+00	0.00e+00	5.73e-02	1.87e-02	8.39e-03
 3.31774e+16	9.93e-02	7.60e-01	1.41e-01	0.00e+00	0.00e+00	0.00e+00	0.00e+00	0.00e+00	0.00e+00	6.75e-02	2.19e-02	9.86e-03
 3.32747e+16	1.11e-01	7.66e-01	1.22e-01	0.00e+00	0.00e+00	0.00e+00	0.00e+00	0.00e+00	0.00e+00	7.59e-02	2.45e-02	1.11e-02
 3.33705e+16	1.25e-01	7.70e-01	1.05e-01	0.00e+00	0.00e+00	0.00e+00	0.00e+00	0.00e+00	0.00e+00	8.55e-02	2.75e-02	1.24e-02
 3.34757e+16	1.43e-01	7.70e-01	8.76e-02	0.00e+00	0.00e+00	0.00e+00	0.00e+00	0.00e+00	0.00e+00	9.74e-02	3.11e-02	1.41e-02
 3.35693e+16	1.60e-01	7.66e-01	7.34e-02	0.00e+00	0.00e+00	0.00e+00	0.00e+00	0.00e+00	0.00e+00	1.10e-01	3.48e-02	1.59e-02
 3.36489e+16	1.77e-01	7.60e-01	6.23e-02	0.00e+00	0.00e+00	0.00e+00	0.00e+00	0.00e+00	0.00e+00	1.22e-01	3.83e-02	1.75e-02
 3.37224e+16	1.95e-01	7.52e-01	5.31e-02	0.00e+00	0.00e+00	0.00e+00	0.00e+00	0.00e+00	0.00e+00	1.34e-01	4.19e-02	1.92e-02
 3.38061e+16	2.17e-01	7.39e-01	4.36e-02	0.00e+00	0.00e+00	0.00e+00	0.00e+00	0.00e+00	0.00e+00	1.49e-01	4.63e-02	2.14e-02
 3.38926e+16	2.43e-01	7.22e-01	3.50e-02	0.00e+00	0.00e+00	0.00e+00	0.00e+00	0.00e+00	0.00e+00	1.68e-01	5.14e-02	2.39e-02
 3.39616e+16	2.66e-01	7.05e-01	2.90e-02	0.00e+00	0.00e+00	0.00e+00	0.00e+00	0.00e+00	0.00e+00	1.84e-01	5.59e-02	2.61e-02
 3.40187e+16	2.86e-01	6.90e-01	2.47e-02	0.00e+00	0.00e+00	0.00e+00	0.00e+00	0.00e+00	0.00e+00	1.98e-01	5.96e-02	2.79e-02
 3.40815e+16	3.10e-01	6.70e-01	2.04e-02	0.00e+00	0.00e+00	0.00e+00	0.00e+00	0.00e+00	0.00e+00	2.15e-01	6.41e-02	3.02e-02
 3.41505e+16	3.38e-01	6.46e-01	1.63e-02	0.00e+00	0.00e+00	0.00e+00	0.00e+00	0.00e+00	0.00e+00	2.36e-01	6.92e-02	3.28e-02
 3.42119e+16	3.65e-01	6.21e-01	1.33e-02	0.00e+00	0.00e+00	0.00e+00	0.00e+00	0.00e+00	0.00e+00	2.56e-01	7.40e-02	3.54e-02
 3.42647e+16	3.89e-01	6.00e-01	1.10e-02	0.00e+00	0.00e+00	0.00e+00	0.00e+00	0.00e+00	0.00e+00	2.73e-01	7.80e-02	3.75e-02
 3.43199e+16	4.16e-01	5.75e-01	8.96e-03	0.00e+00	0.00e+00	0.00e+00	0.00e+00	0.00e+00	0.00e+00	2.93e-01	8.24e-02	4.00e-02
 3.43788e+16	4.45e-01	5.48e-01	7.14e-03	0.00e+00	0.00e+00	0.00e+00	0.00e+00	0.00e+00	0.00e+00	3.15e-01	8.69e-02	4.25e-02
 3.44338e+16	4.73e-01	5.21e-01	5.71e-03	0.00e+00	0.00e+00	0.00e+00	0.00e+00	0.00e+00	0.00e+00	3.37e-01	9.11e-02	4.50e-02
 3.44849e+16	5.00e-01	4.95e-01	4.60e-03	0.00e+00	0.00e+00	0.00e+00	0.00e+00	0.00e+00	0.00e+00	3.58e-01	9.49e-02	4.73e-02
 3.45339e+16	5.26e-01	4.70e-01	3.71e-03	0.00e+00	0.00e+00	0.00e+00	0.00e+00	0.00e+00	0.00e+00	3.78e-01	9.83e-02	4.94e-02
 3.45791e+16	5.51e-01	4.46e-01	3.03e-03	0.00e+00	0.00e+00	0.00e+00	0.00e+00	0.00e+00	0.00e+00	3.98e-01	1.01e-01	5.13e-02
 3.46206e+16	5.72e-01	4.25e-01	2.50e-03	0.00e+00	0.00e+00	0.00e+00	0.00e+00	0.00e+00	0.00e+00	4.16e-01	1.04e-01	5.30e-02
 3.46598e+16	5.94e-01	4.04e-01	2.07e-03	0.00e+00	0.00e+00	0.00e+00	0.00e+00	0.00e+00	0.00e+00	4.33e-01	1.06e-01	5.46e-02
 3.46898e+16	6.09e-01	3.89e-01	1.79e-03	0.00e+00	0.00e+00	0.00e+00	0.00e+00	0.00e+00	0.00e+00	4.46e-01	1.07e-01	5.57e-02
 3.47104e+16	6.19e-01	3.79e-01	1.63e-03	0.00e+00	0.00e+00	0.00e+00	0.00e+00	0.00e+00	0.00e+00	4.55e-01	1.08e-01	5.64e-02
 3.47308e+16	6.30e-01	3.69e-01	1.47e-03	0.00e+00	0.00e+00	0.00e+00	0.00e+00	0.00e+00	0.00e+00	4.64e-01	1.09e-01	5.71e-02
 3.47550e+16	6.42e-01	3.56e-01	1.30e-03	0.00e+00	0.00e+00	0.00e+00	0.00e+00	0.00e+00	0.00e+00	4.75e-01	1.10e-01	5.79e-02
 3.47804e+16	6.56e-01	3.43e-01	1.13e-03	0.00e+00	0.00e+00	0.00e+00	0.00e+00	0.00e+00	0.00e+00	4.86e-01	1.10e-01	5.87e-02
 3.48038e+16	6.67e-01	3.32e-01	1.01e-03	0.00e+00	0.00e+00	0.00e+00	0.00e+00	0.00e+00	0.00e+00	4.96e-01	1.11e-01	5.94e-02
 3.48258e+16	6.78e-01	3.21e-01	8.93e-04	0.00e+00	0.00e+00	0.00e+00	0.00e+00	0.00e+00	0.00e+00	5.06e-01	1.12e-01	6.01e-02
 3.48481e+16	6.89e-01	3.10e-01	7.92e-04	0.00e+00	0.00e+00	0.00e+00	0.00e+00	0.00e+00	0.00e+00	5.16e-01	1.12e-01	6.07e-02
 3.48709e+16	7.01e-01	2.99e-01	6.98e-04	0.00e+00	0.00e+00	0.00e+00	0.00e+00	0.00e+00	0.00e+00	5.27e-01	1.13e-01	6.13e-02
 3.48935e+16	7.11e-01	2.88e-01	6.16e-04	0.00e+00	0.00e+00	0.00e+00	0.00e+00	0.00e+00	0.00e+00	5.37e-01	1.13e-01	6.18e-02
 3.49156e+16	7.22e-01	2.77e-01	5.44e-04	0.00e+00	0.00e+00	0.00e+00	0.00e+00	0.00e+00	0.00e+00	5.46e-01	1.13e-01	6.23e-02
 3.49378e+16	7.33e-01	2.67e-01	4.79e-04	0.00e+00	0.00e+00	0.00e+00	0.00e+00	0.00e+00	0.00e+00	5.56e-01	1.13e-01	6.28e-02
 3.49596e+16	7.42e-01	2.57e-01	4.22e-04	0.00e+00	0.00e+00	0.00e+00	0.00e+00	0.00e+00	0.00e+00	5.66e-01	1.13e-01	6.32e-02
 3.49812e+16	7.52e-01	2.48e-01	3.72e-04	0.00e+00	0.00e+00	0.00e+00	0.00e+00	0.00e+00	0.00e+00	5.75e-01	1.13e-01	6.35e-02
 3.50030e+16	7.62e-01	2.38e-01	3.26e-04	0.00e+00	0.00e+00	0.00e+00	0.00e+00	0.00e+00	0.00e+00	5.85e-01	1.13e-01	6.38e-02
 3.50247e+16	7.71e-01	2.29e-01	2.87e-04	0.00e+00	0.00e+00	0.00e+00	0.00e+00	0.00e+00	0.00e+00	5.94e-01	1.13e-01	6.41e-02
 3.50461e+16	7.80e-01	2.19e-01	2.52e-04	0.00e+00	0.00e+00	0.00e+00	0.00e+00	0.00e+00	0.00e+00	6.03e-01	1.13e-01	6.43e-02
 3.50673e+16	7.89e-01	2.11e-01	2.21e-04	0.00e+00	0.00e+00	0.00e+00	0.00e+00	0.00e+00	0.00e+00	6.12e-01	1.12e-01	6.45e-02
 3.50886e+16	7.97e-01	2.02e-01	1.94e-04	0.00e+00	0.00e+00	0.00e+00	0.00e+00	0.00e+00	0.00e+00	6.21e-01	1.12e-01	6.46e-02
 3.51100e+16	8.06e-01	1.94e-01	1.69e-04	0.00e+00	0.00e+00	0.00e+00	0.00e+00	0.00e+00	0.00e+00	6.30e-01	1.12e-01	6.47e-02
 3.51309e+16	8.14e-01	1.86e-01	1.48e-04	0.00e+00	0.00e+00	0.00e+00	0.00e+00	0.00e+00	0.00e+00	6.38e-01	1.11e-01	6.48e-02
 3.51516e+16	8.21e-01	1.79e-01	1.30e-04	0.00e+00	0.00e+00	0.00e+00	0.00e+00	0.00e+00	0.00e+00	6.46e-01	1.10e-01	6.48e-02
 3.51725e+16	8.29e-01	1.71e-01	1.13e-04	0.00e+00	0.00e+00	0.00e+00	0.00e+00	0.00e+00	0.00e+00	6.54e-01	1.10e-01	6.48e-02
 3.51936e+16	8.36e-01	1.64e-01	9.88e-05	0.00e+00	0.00e+00	0.00e+00	0.00e+00	0.00e+00	0.00e+00	6.62e-01	1.09e-01	6.47e-02
 3.52141e+16	8.43e-01	1.57e-01	8.63e-05	0.00e+00	0.00e+00	0.00e+00	0.00e+00	0.00e+00	0.00e+00	6.70e-01	1.08e-01	6.47e-02
 3.52344e+16	8.50e-01	1.50e-01	7.55e-05	0.00e+00	0.00e+00	0.00e+00	0.00e+00	0.00e+00	0.00e+00	6.77e-01	1.08e-01	6.46e-02
 3.52549e+16	8.56e-01	1.44e-01	6.57e-05	0.00e+00	0.00e+00	0.00e+00	0.00e+00	0.00e+00	0.00e+00	6.85e-01	1.07e-01	6.44e-02
 3.52755e+16	8.63e-01	1.37e-01	5.71e-05	0.00e+00	0.00e+00	0.00e+00	0.00e+00	0.00e+00	0.00e+00	6.92e-01	1.06e-01	6.42e-02
 3.52957e+16	8.69e-01	1.31e-01	4.98e-05	0.00e+00	0.00e+00	0.00e+00	0.00e+00	0.00e+00	0.00e+00	6.99e-01	1.05e-01	6.40e-02
 3.53153e+16	8.74e-01	1.26e-01	4.36e-05	0.00e+00	0.00e+00	0.00e+00	0.00e+00	0.00e+00	0.00e+00	7.06e-01	1.05e-01	6.38e-02
 3.53346e+16	8.79e-01	1.21e-01	3.81e-05	0.00e+00	0.00e+00	0.00e+00	0.00e+00	0.00e+00	0.00e+00	7.12e-01	1.04e-01	6.36e-02
 3.53538e+16	8.85e-01	1.15e-01	3.34e-05	0.00e+00	0.00e+00	0.00e+00	0.00e+00	0.00e+00	0.00e+00	7.18e-01	1.03e-01	6.33e-02
 3.53730e+16	8.90e-01	1.10e-01	2.91e-05	0.00e+00	0.00e+00	0.00e+00	0.00e+00	0.00e+00	0.00e+00	7.24e-01	1.02e-01	6.31e-02
 3.53919e+16	8.94e-01	1.06e-01	2.55e-05	0.00e+00	0.00e+00	0.00e+00	0.00e+00	0.00e+00	0.00e+00	7.30e-01	1.01e-01	6.28e-02
 3.54103e+16	8.99e-01	1.01e-01	2.24e-05	0.00e+00	0.00e+00	0.00e+00	0.00e+00	0.00e+00	0.00e+00	7.36e-01	1.00e-01	6.25e-02
 3.54283e+16	9.03e-01	9.71e-02	1.97e-05	0.00e+00	0.00e+00	0.00e+00	0.00e+00	0.00e+00	0.00e+00	7.41e-01	9.95e-02	6.22e-02
 3.54463e+16	9.07e-01	9.31e-02	1.73e-05	0.00e+00	0.00e+00	0.00e+00	0.00e+00	0.00e+00	0.00e+00	7.46e-01	9.87e-02	6.19e-02
 3.54644e+16	9.11e-01	8.93e-02	1.52e-05	0.00e+00	0.00e+00	0.00e+00	0.00e+00	0.00e+00	0.00e+00	7.51e-01	9.79e-02	6.16e-02
 3.54821e+16	9.14e-01	8.56e-02	1.34e-05	0.00e+00	0.00e+00	0.00e+00	0.00e+00	0.00e+00	0.00e+00	7.56e-01	9.71e-02	6.13e-02
 3.54994e+16	9.18e-01	8.21e-02	1.18e-05	0.00e+00	0.00e+00	0.00e+00	0.00e+00	0.00e+00	0.00e+00	7.61e-01	9.63e-02	6.10e-02
 3.55165e+16	9.21e-01	7.87e-02	1.04e-05	0.00e+00	0.00e+00	0.00e+00	0.00e+00	0.00e+00	0.00e+00	7.65e-01	9.55e-02	6.07e-02
 3.55337e+16	9.24e-01	7.56e-02	9.16e-06	0.00e+00	0.00e+00	0.00e+00	0.00e+00	0.00e+00	0.00e+00	7.69e-01	9.48e-02	6.03e-02
