#depth	O	O+	O+2	O+3	O+4	O+5	O+6	O+7	O+8	O[1]	O[2]	O[3]
 2.53441e+11	1.41e-05	1.98e-02	9.77e-01	2.74e-03	0.00e+00	0.00e+00	0.00e+00	0.00e+00	0.00e+00	9.69e-06	3.04e-06	1.41e-06
 1.52064e+12	1.41e-05	1.98e-02	9.77e-01	2.73e-03	0.00e+00	0.00e+00	0.00e+00	0.00e+00	0.00e+00	9.69e-06	3.04e-06	1.41e-06
 6.58945e+12	1.42e-05	1.98e-02	9.78e-01	2.69e-03	0.00e+00	0.00e+00	0.00e+00	0.00e+00	0.00e+00	9.71e-06	3.05e-06	1.41e-06
 2.68647e+13	1.44e-05	1.99e-02	9.78e-01	2.53e-03	0.00e+00	0.00e+00	0.00e+00	0.00e+00	0.00e+00	9.84e-06	3.10e-06	1.44e-06
 6.41711e+13	1.45e-05	2.01e-02	9.78e-01	2.30e-03	0.00e+00	0.00e+00	0.00e+00	0.00e+00	0.00e+00	9.91e-06	3.13e-06	1.45e-06
 1.12670e+14	1.48e-05	2.03e-02	9.78e-01	2.04e-03	0.00e+00	0.00e+00	0.00e+00	0.00e+00	0.00e+00	1.01e-05	3.19e-06	1.48e-06
 1.75717e+14	1.52e-05	2.06e-02	9.78e-01	1.73e-03	0.00e+00	0.00e+00	0.00e+00	0.00e+00	0.00e+00	1.04e-05	3.27e-06	1.52e-06
 2.57680e+14	1.58e-05	2.10e-02	9.78e-01	1.40e-03	0.00e+00	0.00e+00	0.00e+00	0.00e+00	0.00e+00	1.08e-05	3.41e-06	1.58e-06
 3.64231e+14	1.68e-05	2.16e-02	9.77e-01	1.06e-03	0.00e+00	0.00e+00	0.00e+00	0.00e+00	0.00e+00	1.15e-05	3.61e-06	1.68e-06
 5.02747e+14	1.82e-05	2.23e-02	9.77e-01	7.31e-04	0.00e+00	0.00e+00	0.00e+00	0.00e+00	0.00e+00	1.25e-05	3.91e-06	1.82e-06
 6.82818e+14	2.03e-05	2.34e-02	9.76e-01	4.52e-04	0.00e+00	0.00e+00	0.00e+00	0.00e+00	0.00e+00	1.39e-05	4.37e-06	2.03e-06
 9.16910e+14	2.37e-05	2.50e-02	9.75e-01	2.43e-04	0.00e+00	0.00e+00	0.00e+00	0.00e+00	0.00e+00	1.62e-05	5.07e-06	2.36e-06
 1.22123e+15	2.90e-05	2.73e-02	9.73e-01	1.09e-04	0.00e+00	0.00e+00	0.00e+00	0.00e+00	0.00e+00	2.00e-05	6.20e-06	2.88e-06
 1.61685e+15	3.82e-05	3.06e-02	9.69e-01	3.93e-05	0.00e+00	0.00e+00	0.00e+00	0.00e+00	0.00e+00	2.63e-05	8.12e-06	3.78e-06
 2.04940e+15	5.05e-05	3.46e-02	9.65e-01	1.33e-05	0.00e+00	0.00e+00	0.00e+00	0.00e+00	0.00e+00	3.48e-05	1.07e-05	4.98e-06
 2.45525e+15	6.61e-05	3.89e-02	9.61e-01	5.02e-06	0.00e+00	0.00e+00	0.00e+00	0.00e+00	0.00e+00	4.56e-05	1.40e-05	6.49e-06
 2.76118e+15	7.97e-05	4.23e-02	9.58e-01	2.56e-06	0.00e+00	0.00e+00	0.00e+00	0.00e+00	0.00e+00	5.51e-05	1.68e-05	7.81e-06
 2.96116e+15	9.11e-05	4.49e-02	9.55e-01	1.67e-06	0.00e+00	0.00e+00	0.00e+00	0.00e+00	0.00e+00	6.30e-05	1.92e-05	8.92e-06
 3.17038e+15	1.06e-04	4.81e-02	9.52e-01	1.07e-06	0.00e+00	0.00e+00	0.00e+00	0.00e+00	0.00e+00	7.33e-05	2.23e-05	1.04e-05
 3.44235e+15	1.29e-04	5.26e-02	9.47e-01	6.23e-07	0.00e+00	0.00e+00	0.00e+00	0.00e+00	0.00e+00	8.92e-05	2.71e-05	1.26e-05
 3.71502e+15	1.54e-04	5.71e-02	9.43e-01	3.88e-07	0.00e+00	0.00e+00	0.00e+00	0.00e+00	0.00e+00	1.07e-04	3.24e-05	1.50e-05
 3.93502e+15	1.79e-04	6.12e-02	9.39e-01	2.75e-07	0.00e+00	0.00e+00	0.00e+00	0.00e+00	0.00e+00	1.24e-04	3.75e-05	1.74e-05
 4.16747e+15	2.11e-04	6.61e-02	9.34e-01	1.94e-07	0.00e+00	0.00e+00	0.00e+00	0.00e+00	0.00e+00	1.46e-04	4.42e-05	2.05e-05
 4.42054e+15	2.51e-04	7.18e-02	9.28e-01	1.40e-07	0.00e+00	0.00e+00	0.00e+00	0.00e+00	0.00e+00	1.74e-04	5.25e-05	2.44e-05
 4.65089e+15	2.93e-04	7.73e-02	9.22e-01	0.00e+00	0.00e+00	0.00e+00	0.00e+00	0.00e+00	0.00e+00	2.03e-04	6.13e-05	2.85e-05
 4.86780e+15	3.40e-04	8.31e-02	9.17e-01	0.00e+00	0.00e+00	0.00e+00	0.00e+00	0.00e+00	0.00e+00	2.36e-04	7.11e-05	3.30e-05
 5.11676e+15	4.05e-04	9.05e-02	9.09e-01	0.00e+00	0.00e+00	0.00e+00	0.00e+00	0.00e+00	0.00e+00	2.81e-04	8.47e-05	3.93e-05
 5.38149e+15	4.85e-04	9.88e-02	9.01e-01	0.00e+00	0.00e+00	0.00e+00	0.00e+00	0.00e+00	0.00e+00	3.36e-04	1.01e-04	4.70e-05
 5.61335e+15	5.68e-04	1.07e-01	8.93e-01	0.00e+00	0.00e+00	0.00e+00	0.00e+00	0.00e+00	0.00e+00	3.94e-04	1.19e-04	5.51e-05
 5.86139e+15	6.76e-04	1.17e-01	8.83e-01	0.00e+00	0.00e+00	0.00e+00	0.00e+00	0.00e+00	0.00e+00	4.69e-04	1.41e-04	6.56e-05
 6.12628e+15	8.11e-04	1.28e-01	8.72e-01	0.00e+00	0.00e+00	0.00e+00	0.00e+00	0.00e+00	0.00e+00	5.63e-04	1.70e-04	7.88e-05
 6.35717e+15	9.51e-04	1.38e-01	8.61e-01	0.00e+00	0.00e+00	0.00e+00	0.00e+00	0.00e+00	0.00e+00	6.59e-04	1.99e-04	9.24e-05
 6.56820e+15	1.10e-03	1.49e-01	8.50e-01	0.00e+00	0.00e+00	0.00e+00	0.00e+00	0.00e+00	0.00e+00	7.65e-04	2.31e-04	1.07e-04
 6.80928e+15	1.31e-03	1.63e-01	8.36e-01	0.00e+00	0.00e+00	0.00e+00	0.00e+00	0.00e+00	0.00e+00	9.10e-04	2.76e-04	1.28e-04
 7.06617e+15	1.58e-03	1.79e-01	8.20e-01	0.00e+00	0.00e+00	0.00e+00	0.00e+00	0.00e+00	0.00e+00	1.09e-03	3.31e-04	1.54e-04
 7.28880e+15	1.86e-03	1.94e-01	8.04e-01	0.00e+00	0.00e+00	0.00e+00	0.00e+00	0.00e+00	0.00e+00	1.28e-03	3.90e-04	1.81e-04
 7.49024e+15	2.15e-03	2.09e-01	7.88e-01	0.00e+00	0.00e+00	0.00e+00	0.00e+00	0.00e+00	0.00e+00	1.49e-03	4.53e-04	2.11e-04
 7.71893e+15	2.56e-03	2.29e-01	7.69e-01	0.00e+00	0.00e+00	0.00e+00	0.00e+00	0.00e+00	0.00e+00	1.77e-03	5.39e-04	2.51e-04
 7.96723e+15	3.09e-03	2.51e-01	7.45e-01	0.00e+00	0.00e+00	0.00e+00	0.00e+00	0.00e+00	0.00e+00	2.13e-03	6.53e-04	3.04e-04
 8.18644e+15	3.67e-03	2.74e-01	7.22e-01	0.00e+00	0.00e+00	0.00e+00	0.00e+00	0.00e+00	0.00e+00	2.53e-03	7.76e-04	3.61e-04
 8.38268e+15	4.29e-03	2.96e-01	7.00e-01	0.00e+00	0.00e+00	0.00e+00	0.00e+00	0.00e+00	0.00e+00	2.96e-03	9.10e-04	4.23e-04
 8.60364e+15	5.13e-03	3.23e-01	6.72e-01	0.00e+00	0.00e+00	0.00e+00	0.00e+00	0.00e+00	0.00e+00	3.53e-03	1.09e-03	5.07e-04
 8.84756e+15	6.28e-03	3.56e-01	6.37e-01	0.00e+00	0.00e+00	0.00e+00	0.00e+00	0.00e+00	0.00e+00	4.32e-03	1.34e-03	6.22e-04
 9.06813e+15	7.59e-03	3.90e-01	6.03e-01	0.00e+00	0.00e+00	0.00e+00	0.00e+00	0.00e+00	0.00e+00	5.22e-03	1.62e-03	7.54e-04
 9.26667e+15	9.04e-03	4.22e-01	5.69e-01	0.00e+00	0.00e+00	0.00e+00	0.00e+00	0.00e+00	0.00e+00	6.20e-03	1.93e-03	9.00e-04
 9.48978e+15	1.10e-02	4.61e-01	5.28e-01	0.00e+00	0.00e+00	0.00e+00	0.00e+00	0.00e+00	0.00e+00	7.55e-03	2.36e-03	1.10e-03
 9.73149e+15	1.37e-02	5.07e-01	4.80e-01	0.00e+00	0.00e+00	0.00e+00	0.00e+00	0.00e+00	0.00e+00	9.41e-03	2.96e-03	1.38e-03
 9.93994e+15	1.68e-02	5.49e-01	4.35e-01	0.00e+00	0.00e+00	0.00e+00	0.00e+00	0.00e+00	0.00e+00	1.15e-02	3.62e-03	1.69e-03
 1.01164e+16	2.00e-02	5.85e-01	3.95e-01	0.00e+00	0.00e+00	0.00e+00	0.00e+00	0.00e+00	0.00e+00	1.36e-02	4.32e-03	2.01e-03
 1.03086e+16	2.41e-02	6.26e-01	3.50e-01	0.00e+00	0.00e+00	0.00e+00	0.00e+00	0.00e+00	0.00e+00	1.65e-02	5.23e-03	2.43e-03
 1.05211e+16	3.00e-02	6.70e-01	3.00e-01	0.00e+00	0.00e+00	0.00e+00	0.00e+00	0.00e+00	0.00e+00	2.05e-02	6.52e-03	3.02e-03
 1.07101e+16	3.69e-02	7.09e-01	2.54e-01	0.00e+00	0.00e+00	0.00e+00	0.00e+00	0.00e+00	0.00e+00	2.52e-02	8.02e-03	3.71e-03
 1.08699e+16	4.41e-02	7.39e-01	2.17e-01	0.00e+00	0.00e+00	0.00e+00	0.00e+00	0.00e+00	0.00e+00	3.01e-02	9.61e-03	4.44e-03
 1.10417e+16	5.36e-02	7.68e-01	1.78e-01	0.00e+00	0.00e+00	0.00e+00	0.00e+00	0.00e+00	0.00e+00	3.65e-02	1.17e-02	5.38e-03
 1.12296e+16	6.71e-02	7.94e-01	1.39e-01	0.00e+00	0.00e+00	0.00e+00	0.00e+00	0.00e+00	0.00e+00	4.57e-02	1.46e-02	6.74e-03
 1.13921e+16	8.29e-02	8.09e-01	1.08e-01	0.00e+00	0.00e+00	0.00e+00	0.00e+00	0.00e+00	0.00e+00	5.65e-02	1.81e-02	8.31e-03
 1.15103e+16	9.77e-02	8.15e-01	8.73e-02	0.00e+00	0.00e+00	0.00e+00	0.00e+00	0.00e+00	0.00e+00	6.66e-02	2.13e-02	9.78e-03
 1.15942e+16	1.10e-01	8.16e-01	7.39e-02	0.00e+00	0.00e+00	0.00e+00	0.00e+00	0.00e+00	0.00e+00	7.52e-02	2.39e-02	1.10e-02
 1.16802e+16	1.25e-01	8.14e-01	6.16e-02	0.00e+00	0.00e+00	0.00e+00	0.00e+00	0.00e+00	0.00e+00	8.52e-02	2.70e-02	1.25e-02
 1.17753e+16	1.44e-01	8.07e-01	4.94e-02	0.00e+00	0.00e+00	0.00e+00	0.00e+00	0.00e+00	0.00e+00	9.84e-02	3.11e-02	1.43e-02
 1.18589e+16	1.64e-01	7.96e-01	3.98e-02	0.00e+00	0.00e+00	0.00e+00	0.00e+00	0.00e+00	0.00e+00	1.12e-01	3.53e-02	1.63e-02
 1.19267e+16	1.83e-01	7.84e-01	3.30e-02	0.00e+00	0.00e+00	0.00e+00	0.00e+00	0.00e+00	0.00e+00	1.26e-01	3.92e-02	1.82e-02
 1.19869e+16	2.03e-01	7.70e-01	2.76e-02	0.00e+00	0.00e+00	0.00e+00	0.00e+00	0.00e+00	0.00e+00	1.39e-01	4.32e-02	2.01e-02
 1.20548e+16	2.27e-01	7.50e-01	2.22e-02	0.00e+00	0.00e+00	0.00e+00	0.00e+00	0.00e+00	0.00e+00	1.57e-01	4.81e-02	2.25e-02
 1.21245e+16	2.56e-01	7.26e-01	1.74e-02	0.00e+00	0.00e+00	0.00e+00	0.00e+00	0.00e+00	0.00e+00	1.77e-01	5.38e-02	2.53e-02
 1.21798e+16	2.83e-01	7.03e-01	1.42e-02	0.00e+00	0.00e+00	0.00e+00	0.00e+00	0.00e+00	0.00e+00	1.96e-01	5.88e-02	2.78e-02
 1.22253e+16	3.06e-01	6.82e-01	1.19e-02	0.00e+00	0.00e+00	0.00e+00	0.00e+00	0.00e+00	0.00e+00	2.13e-01	6.31e-02	3.00e-02
 1.22748e+16	3.34e-01	6.57e-01	9.67e-03	0.00e+00	0.00e+00	0.00e+00	0.00e+00	0.00e+00	0.00e+00	2.33e-01	6.81e-02	3.26e-02
 1.23284e+16	3.66e-01	6.26e-01	7.66e-03	0.00e+00	0.00e+00	0.00e+00	0.00e+00	0.00e+00	0.00e+00	2.57e-01	7.37e-02	3.55e-02
 1.23748e+16	3.96e-01	5.98e-01	6.19e-03	0.00e+00	0.00e+00	0.00e+00	0.00e+00	0.00e+00	0.00e+00	2.79e-01	7.87e-02	3.82e-02
 1.24147e+16	4.23e-01	5.72e-01	5.11e-03	0.00e+00	0.00e+00	0.00e+00	0.00e+00	0.00e+00	0.00e+00	2.99e-01	8.30e-02	4.06e-02
 1.24550e+16	4.51e-01	5.45e-01	4.18e-03	0.00e+00	0.00e+00	0.00e+00	0.00e+00	0.00e+00	0.00e+00	3.21e-01	8.73e-02	4.31e-02
 1.24969e+16	4.81e-01	5.16e-01	3.37e-03	0.00e+00	0.00e+00	0.00e+00	0.00e+00	0.00e+00	0.00e+00	3.43e-01	9.15e-02	4.56e-02
 1.25349e+16	5.09e-01	4.89e-01	2.75e-03	0.00e+00	0.00e+00	0.00e+00	0.00e+00	0.00e+00	0.00e+00	3.65e-01	9.53e-02	4.80e-02
 1.25684e+16	5.33e-01	4.65e-01	2.30e-03	0.00e+00	0.00e+00	0.00e+00	0.00e+00	0.00e+00	0.00e+00	3.84e-01	9.83e-02	4.99e-02
 1.25993e+16	5.55e-01	4.43e-01	1.93e-03	0.00e+00	0.00e+00	0.00e+00	0.00e+00	0.00e+00	0.00e+00	4.03e-01	1.01e-01	5.17e-02
 1.26290e+16	5.77e-01	4.22e-01	1.63e-03	0.00e+00	0.00e+00	0.00e+00	0.00e+00	0.00e+00	0.00e+00	4.20e-01	1.03e-01	5.33e-02
 1.26582e+16	5.98e-01	4.01e-01	1.37e-03	0.00e+00	0.00e+00	0.00e+00	0.00e+00	0.00e+00	0.00e+00	4.37e-01	1.05e-01	5.48e-02
 1.26810e+16	6.13e-01	3.86e-01	1.20e-03	0.00e+00	0.00e+00	0.00e+00	0.00e+00	0.00e+00	0.00e+00	4.51e-01	1.07e-01	5.59e-02
 1.26965e+16	6.24e-01	3.75e-01	1.10e-03	0.00e+00	0.00e+00	0.00e+00	0.00e+00	0.00e+00	0.00e+00	4.60e-01	1.08e-01	5.66e-02
 1.27111e+16	6.34e-01	3.65e-01	1.01e-03	0.00e+00	0.00e+00	0.00e+00	0.00e+00	0.00e+00	0.00e+00	4.68e-01	1.08e-01	5.73e-02
 1.27285e+16	6.46e-01	3.53e-01	9.04e-04	0.00e+00	0.00e+00	0.00e+00	0.00e+00	0.00e+00	0.00e+00	4.78e-01	1.09e-01	5.80e-02
 1.27477e+16	6.59e-01	3.40e-01	8.02e-04	0.00e+00	0.00e+00	0.00e+00	0.00e+00	0.00e+00	0.00e+00	4.90e-01	1.10e-01	5.89e-02
 1.27659e+16	6.71e-01	3.29e-01	7.17e-04	0.00e+00	0.00e+00	0.00e+00	0.00e+00	0.00e+00	0.00e+00	5.00e-01	1.11e-01	5.96e-02
 1.27828e+16	6.81e-01	3.18e-01	6.45e-04	0.00e+00	0.00e+00	0.00e+00	0.00e+00	0.00e+00	0.00e+00	5.10e-01	1.11e-01	6.02e-02
 1.27998e+16	6.93e-01	3.07e-01	5.77e-04	0.00e+00	0.00e+00	0.00e+00	0.00e+00	0.00e+00	0.00e+00	5.20e-01	1.12e-01	6.08e-02
 1.28173e+16	7.03e-01	2.96e-01	5.16e-04	0.00e+00	0.00e+00	0.00e+00	0.00e+00	0.00e+00	0.00e+00	5.30e-01	1.12e-01	6.13e-02
 1.28349e+16	7.14e-01	2.85e-01	4.60e-04	0.00e+00	0.00e+00	0.00e+00	0.00e+00	0.00e+00	0.00e+00	5.40e-01	1.12e-01	6.19e-02
 1.28522e+16	7.24e-01	2.75e-01	4.10e-04	0.00e+00	0.00e+00	0.00e+00	0.00e+00	0.00e+00	0.00e+00	5.49e-01	1.13e-01	6.23e-02
 1.28694e+16	7.35e-01	2.65e-01	3.66e-04	0.00e+00	0.00e+00	0.00e+00	0.00e+00	0.00e+00	0.00e+00	5.59e-01	1.13e-01	6.28e-02
 1.28868e+16	7.45e-01	2.55e-01	3.25e-04	0.00e+00	0.00e+00	0.00e+00	0.00e+00	0.00e+00	0.00e+00	5.69e-01	1.13e-01	6.32e-02
 1.29040e+16	7.54e-01	2.45e-01	2.89e-04	0.00e+00	0.00e+00	0.00e+00	0.00e+00	0.00e+00	0.00e+00	5.78e-01	1.13e-01	6.35e-02
 1.29211e+16	7.64e-01	2.36e-01	2.58e-04	0.00e+00	0.00e+00	0.00e+00	0.00e+00	0.00e+00	0.00e+00	5.87e-01	1.13e-01	6.38e-02
 1.29384e+16	7.73e-01	2.27e-01	2.28e-04	0.00e+00	0.00e+00	0.00e+00	0.00e+00	0.00e+00	0.00e+00	5.97e-01	1.12e-01	6.41e-02
 1.29557e+16	7.82e-01	2.18e-01	2.03e-04	0.00e+00	0.00e+00	0.00e+00	0.00e+00	0.00e+00	0.00e+00	6.05e-01	1.12e-01	6.43e-02
 1.29729e+16	7.91e-01	2.09e-01	1.79e-04	0.00e+00	0.00e+00	0.00e+00	0.00e+00	0.00e+00	0.00e+00	6.14e-01	1.12e-01	6.44e-02
 1.29903e+16	7.99e-01	2.01e-01	1.59e-04	0.00e+00	0.00e+00	0.00e+00	0.00e+00	0.00e+00	0.00e+00	6.23e-01	1.12e-01	6.46e-02
 1.30074e+16	8.07e-01	1.93e-01	1.40e-04	0.00e+00	0.00e+00	0.00e+00	0.00e+00	0.00e+00	0.00e+00	6.31e-01	1.11e-01	6.47e-02
 1.30244e+16	8.15e-01	1.85e-01	1.24e-04	0.00e+00	0.00e+00	0.00e+00	0.00e+00	0.00e+00	0.00e+00	6.40e-01	1.11e-01	6.47e-02
 1.30417e+16	8.23e-01	1.77e-01	1.10e-04	0.00e+00	0.00e+00	0.00e+00	0.00e+00	0.00e+00	0.00e+00	6.48e-01	1.10e-01	6.47e-02
 1.30590e+16	8.30e-01	1.70e-01	9.66e-05	0.00e+00	0.00e+00	0.00e+00	0.00e+00	0.00e+00	0.00e+00	6.56e-01	1.09e-01	6.47e-02
 1.30762e+16	8.37e-01	1.63e-01	8.51e-05	0.00e+00	0.00e+00	0.00e+00	0.00e+00	0.00e+00	0.00e+00	6.64e-01	1.09e-01	6.47e-02
 1.30936e+16	8.44e-01	1.56e-01	7.49e-05	0.00e+00	0.00e+00	0.00e+00	0.00e+00	0.00e+00	0.00e+00	6.72e-01	1.08e-01	6.46e-02
 1.31107e+16	8.51e-01	1.49e-01	6.59e-05	0.00e+00	0.00e+00	0.00e+00	0.00e+00	0.00e+00	0.00e+00	6.79e-01	1.07e-01	6.45e-02
 1.31277e+16	8.57e-01	1.43e-01	5.80e-05	0.00e+00	0.00e+00	0.00e+00	0.00e+00	0.00e+00	0.00e+00	6.86e-01	1.07e-01	6.43e-02
 1.31449e+16	8.63e-01	1.36e-01	5.09e-05	0.00e+00	0.00e+00	0.00e+00	0.00e+00	0.00e+00	0.00e+00	6.93e-01	1.06e-01	6.42e-02
 1.31619e+16	8.69e-01	1.31e-01	4.48e-05	0.00e+00	0.00e+00	0.00e+00	0.00e+00	0.00e+00	0.00e+00	7.00e-01	1.05e-01	6.40e-02
 1.31785e+16	8.75e-01	1.25e-01	3.95e-05	0.00e+00	0.00e+00	0.00e+00	0.00e+00	0.00e+00	0.00e+00	7.07e-01	1.04e-01	6.38e-02
 1.31949e+16	8.80e-01	1.20e-01	3.48e-05	0.00e+00	0.00e+00	0.00e+00	0.00e+00	0.00e+00	0.00e+00	7.13e-01	1.04e-01	6.35e-02
 1.32117e+16	8.85e-01	1.15e-01	3.06e-05	0.00e+00	0.00e+00	0.00e+00	0.00e+00	0.00e+00	0.00e+00	7.19e-01	1.03e-01	6.33e-02
 1.32284e+16	8.90e-01	1.10e-01	2.69e-05	0.00e+00	0.00e+00	0.00e+00	0.00e+00	0.00e+00	0.00e+00	7.25e-01	1.02e-01	6.30e-02
 1.32447e+16	8.95e-01	1.05e-01	2.37e-05	0.00e+00	0.00e+00	0.00e+00	0.00e+00	0.00e+00	0.00e+00	7.31e-01	1.01e-01	6.28e-02
 1.32606e+16	8.99e-01	1.01e-01	2.09e-05	0.00e+00	0.00e+00	0.00e+00	0.00e+00	0.00e+00	0.00e+00	7.36e-01	1.00e-01	6.25e-02
 1.32764e+16	9.03e-01	9.66e-02	1.85e-05	0.00e+00	0.00e+00	0.00e+00	0.00e+00	0.00e+00	0.00e+00	7.42e-01	9.95e-02	6.22e-02
 1.32923e+16	9.07e-01	9.25e-02	1.63e-05	0.00e+00	0.00e+00	0.00e+00	0.00e+00	0.00e+00	0.00e+00	7.47e-01	9.87e-02	6.19e-02
 1.33081e+16	9.11e-01	8.86e-02	1.44e-05	0.00e+00	0.00e+00	0.00e+00	0.00e+00	0.00e+00	0.00e+00	7.52e-01	9.79e-02	6.16e-02
 1.33237e+16	9.15e-01	8.50e-02	1.27e-05	0.00e+00	0.00e+00	0.00e+00	0.00e+00	0.00e+00	0.00e+00	7.57e-01	9.71e-02	6.13e-02
 1.33391e+16	9.19e-01	8.15e-02	1.12e-05	0.00e+00	0.00e+00	0.00e+00	0.00e+00	0.00e+00	0.00e+00	7.61e-01	9.63e-02	6.10e-02
 1.33544e+16	9.22e-01	7.81e-02	9.95e-06	0.00e+00	0.00e+00	0.00e+00	0.00e+00	0.00e+00	0.00e+00	7.66e-01	9.56e-02	6.07e-02
 1.33695e+16	9.25e-01	7.49e-02	8.82e-06	0.00e+00	0.00e+00	0.00e+00	0.00e+00	0.00e+00	0.00e+00	7.70e-01	9.48e-02	6.03e-02
 1.33845e+16	9.28e-01	7.19e-02	7.82e-06	0.00e+00	0.00e+00	0.00e+00	0.00e+00	0.00e+00	0.00e+00	7.74e-01	9.41e-02	6.00e-02
 1.33996e+16	9.31e-01	6.90e-02	6.92e-06	0.00e+00	0.00e+00	0.00e+00	0.00e+00	0.00e+00	0.00e+00	7.78e-01	9.34e-02	5.97e-02
 1.34145e+16	9.34e-01	6.62e-02	6.14e-06	0.00e+00	0.00e+00	0.00e+00	0.00e+00	0.00e+00	0.00e+00	7.82e-01	9.27e-02	5.94e-02
 1.34291e+16	9.37e-01	6.35e-02	5.45e-06	0.00e+00	0.00e+00	0.00e+00	0.00e+00	0.00e+00	0.00e+00	7.85e-01	9.20e-02	5.91e-02
 1.34438e+16	9.39e-01	6.09e-02	4.84e-06	0.00e+00	0.00e+00	0.00e+00	0.00e+00	0.00e+00	0.00e+00	7.89e-01	9.13e-02	5.87e-02
 1.34584e+16	9.42e-01	5.84e-02	4.30e-06	0.00e+00	0.00e+00	0.00e+00	0.00e+00	0.00e+00	0.00e+00	7.93e-01	9.06e-02	5.84e-02
 1.34728e+16	9.44e-01	5.61e-02	3.82e-06	0.00e+00	0.00e+00	0.00e+00	0.00e+00	0.00e+00	0.00e+00	7.96e-01	9.00e-02	5.80e-02
 1.34871e+16	9.46e-01	5.39e-02	3.40e-06	0.00e+00	0.00e+00	0.00e+00	0.00e+00	0.00e+00	0.00e+00	7.99e-01	8.93e-02	5.77e-02
 1.35013e+16	9.48e-01	5.17e-02	3.03e-06	0.00e+00	0.00e+00	0.00e+00	0.00e+00	0.00e+00	0.00e+00	8.02e-01	8.86e-02	5.73e-02
 1.35154e+16	9.50e-01	4.96e-02	2.70e-06	0.00e+00	0.00e+00	0.00e+00	0.00e+00	0.00e+00	0.00e+00	8.05e-01	8.80e-02	5.70e-02
 1.35297e+16	9.52e-01	4.76e-02	2.40e-06	0.00e+00	0.00e+00	0.00e+00	0.00e+00	0.00e+00	0.00e+00	8.08e-01	8.74e-02	5.66e-02
 1.35437e+16	9.54e-01	4.57e-02	2.14e-06	0.00e+00	0.00e+00	0.00e+00	0.00e+00	0.00e+00	0.00e+00	8.11e-01	8.68e-02	5.63e-02
 1.35575e+16	9.56e-01	4.40e-02	1.91e-06	0.00e+00	0.00e+00	0.00e+00	0.00e+00	0.00e+00	0.00e+00	8.14e-01	8.63e-02	5.60e-02
 1.35713e+16	9.58e-01	4.22e-02	1.70e-06	0.00e+00	0.00e+00	0.00e+00	0.00e+00	0.00e+00	0.00e+00	8.16e-01	8.57e-02	5.57e-02
 1.35852e+16	9.59e-01	4.06e-02	1.52e-06	0.00e+00	0.00e+00	0.00e+00	0.00e+00	0.00e+00	0.00e+00	8.19e-01	8.52e-02	5.54e-02
 1.35989e+16	9.61e-01	3.90e-02	1.36e-06	0.00e+00	0.00e+00	0.00e+00	0.00e+00	0.00e+00	0.00e+00	8.21e-01	8.46e-02	5.51e-02
 1.36123e+16	9.63e-01	3.75e-02	1.21e-06	0.00e+00	0.00e+00	0.00e+00	0.00e+00	0.00e+00	0.00e+00	8.24e-01	8.41e-02	5.48e-02
 1.36258e+16	9.64e-01	3.60e-02	1.09e-06	0.00e+00	0.00e+00	0.00e+00	0.00e+00	0.00e+00	0.00e+00	8.26e-01	8.36e-02	5.45e-02
 1.36393e+16	9.65e-01	3.46e-02	9.71e-07	0.00e+00	0.00e+00	0.00e+00	0.00e+00	0.00e+00	0.00e+00	8.28e-01	8.31e-02	5.42e-02
 1.36527e+16	9.67e-01	3.32e-02	8.69e-07	0.00e+00	0.00e+00	0.00e+00	0.00e+00	0.00e+00	0.00e+00	8.30e-01	8.26e-02	5.39e-02
 1.36659e+16	9.68e-01	3.19e-02	7.79e-07	0.00e+00	0.00e+00	0.00e+00	0.00e+00	0.00e+00	0.00e+00	8.32e-01	8.22e-02	5.36e-02
 1.36790e+16	9.69e-01	3.06e-02	6.98e-07	0.00e+00	0.00e+00	0.00e+00	0.00e+00	0.00e+00	0.00e+00	8.34e-01	8.17e-02	5.33e-02
 1.36921e+16	9.71e-01	2.94e-02	6.26e-07	0.00e+00	0.00e+00	0.00e+00	0.00e+00	0.00e+00	0.00e+00	8.36e-01	8.13e-02	5.31e-02
 1.37051e+16	9.72e-01	2.83e-02	5.62e-07	0.00e+00	0.00e+00	0.00e+00	0.00e+00	0.00e+00	0.00e+00	8.38e-01	8.08e-02	5.28e-02
 1.37180e+16	9.73e-01	2.71e-02	5.05e-07	0.00e+00	0.00e+00	0.00e+00	0.00e+00	0.00e+00	0.00e+00	8.40e-01	8.04e-02	5.25e-02
 1.37307e+16	9.74e-01	2.61e-02	4.54e-07	0.00e+00	0.00e+00	0.00e+00	0.00e+00	0.00e+00	0.00e+00	8.42e-01	8.00e-02	5.23e-02
 1.37434e+16	9.75e-01	2.50e-02	4.09e-07	0.00e+00	0.00e+00	0.00e+00	0.00e+00	0.00e+00	0.00e+00	8.43e-01	7.96e-02	5.20e-02
 1.37559e+16	9.76e-01	2.40e-02	3.68e-07	0.00e+00	0.00e+00	0.00e+00	0.00e+00	0.00e+00	0.00e+00	8.45e-01	7.92e-02	5.18e-02
 1.37684e+16	9.77e-01	2.31e-02	3.32e-07	0.00e+00	0.00e+00	0.00e+00	0.00e+00	0.00e+00	0.00e+00	8.47e-01	7.88e-02	5.15e-02
 1.37807e+16	9.78e-01	2.22e-02	2.99e-07	0.00e+00	0.00e+00	0.00e+00	0.00e+00	0.00e+00	0.00e+00	8.48e-01	7.85e-02	5.13e-02
 1.37928e+16	9.79e-01	2.13e-02	2.71e-07	0.00e+00	0.00e+00	0.00e+00	0.00e+00	0.00e+00	0.00e+00	8.50e-01	7.81e-02	5.11e-02
 1.38042e+16	9.80e-01	2.05e-02	2.46e-07	0.00e+00	0.00e+00	0.00e+00	0.00e+00	0.00e+00	0.00e+00	8.51e-01	7.77e-02	5.08e-02
 1.38146e+16	9.80e-01	1.98e-02	2.26e-07	0.00e+00	0.00e+00	0.00e+00	0.00e+00	0.00e+00	0.00e+00	8.52e-01	7.74e-02	5.06e-02
 1.38240e+16	9.81e-01	1.92e-02	2.10e-07	0.00e+00	0.00e+00	0.00e+00	0.00e+00	0.00e+00	0.00e+00	8.53e-01	7.72e-02	5.04e-02
 1.38328e+16	9.81e-01	1.86e-02	1.95e-07	0.00e+00	0.00e+00	0.00e+00	0.00e+00	0.00e+00	0.00e+00	8.54e-01	7.69e-02	5.03e-02
 1.38411e+16	9.82e-01	1.81e-02	1.82e-07	0.00e+00	0.00e+00	0.00e+00	0.00e+00	0.00e+00	0.00e+00	8.55e-01	7.67e-02	5.01e-02
 1.38489e+16	9.82e-01	1.76e-02	1.71e-07	0.00e+00	0.00e+00	0.00e+00	0.00e+00	0.00e+00	0.00e+00	8.56e-01	7.64e-02	4.99e-02
 1.38560e+16	9.83e-01	1.71e-02	1.62e-07	0.00e+00	0.00e+00	0.00e+00	0.00e+00	0.00e+00	0.00e+00	8.57e-01	7.62e-02	4.98e-02
 1.38626e+16	9.83e-01	1.67e-02	1.53e-07	0.00e+00	0.00e+00	0.00e+00	0.00e+00	0.00e+00	0.00e+00	8.58e-01	7.60e-02	4.97e-02
 1.38689e+16	9.84e-01	1.64e-02	1.46e-07	0.00e+00	0.00e+00	0.00e+00	0.00e+00	0.00e+00	0.00e+00	8.58e-01	7.58e-02	4.95e-02
 1.38749e+16	9.84e-01	1.60e-02	1.39e-07	0.00e+00	0.00e+00	0.00e+00	0.00e+00	0.00e+00	0.00e+00	8.59e-01	7.56e-02	4.94e-02
 1.38805e+16	9.84e-01	1.57e-02	1.32e-07	0.00e+00	0.00e+00	0.00e+00	0.00e+00	0.00e+00	0.00e+00	8.60e-01	7.54e-02	4.92e-02
 1.38858e+16	9.85e-01	1.53e-02	1.27e-07	0.00e+00	0.00e+00	0.00e+00	0.00e+00	0.00e+00	0.00e+00	8.60e-01	7.52e-02	4.91e-02
 1.38908e+16	9.85e-01	1.50e-02	1.22e-07	0.00e+00	0.00e+00	0.00e+00	0.00e+00	0.00e+00	0.00e+00	8.61e-01	7.50e-02	4.90e-02
 1.38956e+16	9.85e-01	1.47e-02	1.17e-07	0.00e+00	0.00e+00	0.00e+00	0.00e+00	0.00e+00	0.00e+00	8.62e-01	7.49e-02	4.89e-02
 1.39002e+16	9.86e-01	1.45e-02	1.13e-07	0.00e+00	0.00e+00	0.00e+00	0.00e+00	0.00e+00	0.00e+00	8.62e-01	7.47e-02	4.88e-02
 1.39045e+16	9.86e-01	1.42e-02	1.09e-07	0.00e+00	0.00e+00	0.00e+00	0.00e+00	0.00e+00	0.00e+00	8.63e-01	7.45e-02	4.86e-02
 1.39088e+16	9.86e-01	1.39e-02	1.05e-07	0.00e+00	0.00e+00	0.00e+00	0.00e+00	0.00e+00	0.00e+00	8.63e-01	7.44e-02	4.85e-02
 1.39128e+16	9.86e-01	1.37e-02	1.01e-07	0.00e+00	0.00e+00	0.00e+00	0.00e+00	0.00e+00	0.00e+00	8.64e-01	7.42e-02	4.84e-02
 1.39168e+16	9.87e-01	1.35e-02	9.81e-08	0.00e+00	0.00e+00	0.00e+00	0.00e+00	0.00e+00	0.00e+00	8.64e-01	7.40e-02	4.83e-02
 1.39206e+16	9.87e-01	1.32e-02	9.50e-08	0.00e+00	0.00e+00	0.00e+00	0.00e+00	0.00e+00	0.00e+00	8.65e-01	7.39e-02	4.82e-02
 1.39243e+16	9.87e-01	1.30e-02	9.20e-08	0.00e+00	0.00e+00	0.00e+00	0.00e+00	0.00e+00	0.00e+00	8.65e-01	7.37e-02	4.80e-02
 1.39281e+16	9.87e-01	1.27e-02	8.91e-08	0.00e+00	0.00e+00	0.00e+00	0.00e+00	0.00e+00	0.00e+00	8.66e-01	7.35e-02	4.79e-02
 1.39319e+16	9.88e-01	1.25e-02	8.62e-08	0.00e+00	0.00e+00	0.00e+00	0.00e+00	0.00e+00	0.00e+00	8.66e-01	7.33e-02	4.78e-02
 1.39358e+16	9.88e-01	1.22e-02	8.34e-08	0.00e+00	0.00e+00	0.00e+00	0.00e+00	0.00e+00	0.00e+00	8.67e-01	7.32e-02	4.76e-02
 1.39398e+16	9.88e-01	1.20e-02	8.05e-08	0.00e+00	0.00e+00	0.00e+00	0.00e+00	0.00e+00	0.00e+00	8.68e-01	7.29e-02	4.75e-02
 1.39440e+16	9.88e-01	1.17e-02	7.74e-08	0.00e+00	0.00e+00	0.00e+00	0.00e+00	0.00e+00	0.00e+00	8.68e-01	7.27e-02	4.73e-02
 1.39484e+16	9.89e-01	1.13e-02	7.44e-08	0.00e+00	0.00e+00	0.00e+00	0.00e+00	0.00e+00	0.00e+00	8.69e-01	7.24e-02	4.71e-02
 1.39526e+16	9.89e-01	1.10e-02	7.16e-08	0.00e+00	0.00e+00	0.00e+00	0.00e+00	0.00e+00	0.00e+00	8.70e-01	7.22e-02	4.69e-02
 1.39564e+16	9.89e-01	1.08e-02	6.91e-08	0.00e+00	0.00e+00	0.00e+00	0.00e+00	0.00e+00	0.00e+00	8.71e-01	7.19e-02	4.67e-02
 1.39598e+16	9.89e-01	1.05e-02	6.69e-08	0.00e+00	0.00e+00	0.00e+00	0.00e+00	0.00e+00	0.00e+00	8.71e-01	7.17e-02	4.65e-02
 1.39631e+16	9.90e-01	1.03e-02	6.48e-08	0.00e+00	0.00e+00	0.00e+00	0.00e+00	0.00e+00	0.00e+00	8.72e-01	7.14e-02	4.63e-02
 1.39662e+16	9.90e-01	1.00e-02	6.29e-08	0.00e+00	0.00e+00	0.00e+00	0.00e+00	0.00e+00	0.00e+00	8.73e-01	7.12e-02	4.61e-02
 1.39690e+16	9.90e-01	9.83e-03	6.11e-08	0.00e+00	0.00e+00	0.00e+00	0.00e+00	0.00e+00	0.00e+00	8.73e-01	7.10e-02	4.59e-02
 1.39716e+16	9.90e-01	9.64e-03	5.95e-08	0.00e+00	0.00e+00	0.00e+00	0.00e+00	0.00e+00	0.00e+00	8.74e-01	7.08e-02	4.58e-02
 1.39739e+16	9.91e-01	9.47e-03	5.81e-08	0.00e+00	0.00e+00	0.00e+00	0.00e+00	0.00e+00	0.00e+00	8.74e-01	7.06e-02	4.56e-02
 1.39761e+16	9.91e-01	9.32e-03	5.68e-08	0.00e+00	0.00e+00	0.00e+00	0.00e+00	0.00e+00	0.00e+00	8.75e-01	7.04e-02	4.55e-02
 1.39780e+16	9.91e-01	9.19e-03	5.57e-08	0.00e+00	0.00e+00	0.00e+00	0.00e+00	0.00e+00	0.00e+00	8.75e-01	7.02e-02	4.53e-02
 1.39797e+16	9.91e-01	9.05e-03	5.47e-08	0.00e+00	0.00e+00	0.00e+00	0.00e+00	0.00e+00	0.00e+00	8.76e-01	7.01e-02	4.52e-02
 1.39813e+16	9.91e-01	8.94e-03	5.37e-08	0.00e+00	0.00e+00	0.00e+00	0.00e+00	0.00e+00	0.00e+00	8.76e-01	6.99e-02	4.51e-02
 1.39831e+16	9.91e-01	8.81e-03	5.27e-08	0.00e+00	0.00e+00	0.00e+00	0.00e+00	0.00e+00	0.00e+00	8.77e-01	6.97e-02	4.50e-02
 1.39850e+16	9.91e-01	8.68e-03	5.16e-08	0.00e+00	0.00e+00	0.00e+00	0.00e+00	0.00e+00	0.00e+00	8.77e-01	6.95e-02	4.48e-02
 1.39867e+16	9.91e-01	8.56e-03	5.06e-08	0.00e+00	0.00e+00	0.00e+00	0.00e+00	0.00e+00	0.00e+00	8.77e-01	6.93e-02	4.47e-02
 1.39886e+16	9.92e-01	8.42e-03	4.95e-08	0.00e+00	0.00e+00	0.00e+00	0.00e+00	0.00e+00	0.00e+00	8.78e-01	6.91e-02	4.45e-02
 1.39906e+16	9.92e-01	8.28e-03	4.83e-08	0.00e+00	0.00e+00	0.00e+00	0.00e+00	0.00e+00	0.00e+00	8.78e-01	6.89e-02	4.44e-02
 1.39925e+16	9.92e-01	8.17e-03	4.73e-08	0.00e+00	0.00e+00	0.00e+00	0.00e+00	0.00e+00	0.00e+00	8.79e-01	6.87e-02	4.42e-02
 1.39945e+16	9.92e-01	8.02e-03	4.61e-08	0.00e+00	0.00e+00	0.00e+00	0.00e+00	0.00e+00	0.00e+00	8.80e-01	6.84e-02	4.40e-02
 1.39967e+16	9.92e-01	7.87e-03	4.49e-08	0.00e+00	0.00e+00	0.00e+00	0.00e+00	0.00e+00	0.00e+00	8.80e-01	6.82e-02	4.39e-02
 1.39987e+16	9.92e-01	7.73e-03	4.38e-08	0.00e+00	0.00e+00	0.00e+00	0.00e+00	0.00e+00	0.00e+00	8.81e-01	6.79e-02	4.37e-02
 1.40005e+16	9.92e-01	7.63e-03	4.29e-08	0.00e+00	0.00e+00	0.00e+00	0.00e+00	0.00e+00	0.00e+00	8.81e-01	6.78e-02	4.36e-02
 1.40025e+16	9.92e-01	7.52e-03	4.18e-08	0.00e+00	0.00e+00	0.00e+00	0.00e+00	0.00e+00	0.00e+00	8.81e-01	6.76e-02	4.34e-02
 1.40051e+16	9.93e-01	7.36e-03	4.05e-08	0.00e+00	0.00e+00	0.00e+00	0.00e+00	0.00e+00	0.00e+00	8.82e-01	6.73e-02	4.32e-02
