#depth	H	H+	H2
 2.53441e+11	1.21e-03	9.99e-01	1.06e-12
 1.52064e+12	1.21e-03	9.99e-01	1.06e-12
 6.58945e+12	1.21e-03	9.99e-01	1.07e-12
 2.68647e+13	1.21e-03	9.99e-01	1.08e-12
 6.41711e+13	1.20e-03	9.99e-01	1.09e-12
 1.12670e+14	1.20e-03	9.99e-01	1.12e-12
 1.75717e+14	1.20e-03	9.99e-01	1.15e-12
 2.57680e+14	1.21e-03	9.99e-01	1.21e-12
 3.64231e+14	1.23e-03	9.99e-01	1.28e-12
 5.02747e+14	1.27e-03	9.99e-01	1.40e-12
 6.82818e+14	1.32e-03	9.99e-01	1.57e-12
 9.16910e+14	1.40e-03	9.99e-01	1.83e-12
 1.22123e+15	1.52e-03	9.98e-01	2.23e-12
 1.61685e+15	1.71e-03	9.98e-01	2.89e-12
 2.04940e+15	1.93e-03	9.98e-01	3.79e-12
 2.45525e+15	2.18e-03	9.98e-01	4.82e-12
 2.76118e+15	2.37e-03	9.98e-01	5.77e-12
 2.96116e+15	2.51e-03	9.97e-01	6.47e-12
 3.17038e+15	2.69e-03	9.97e-01	7.26e-12
 3.44235e+15	2.94e-03	9.97e-01	8.38e-12
 3.71502e+15	3.18e-03	9.97e-01	9.63e-12
 3.93502e+15	3.40e-03	9.97e-01	1.07e-11
 4.16747e+15	3.65e-03	9.96e-01	1.19e-11
 4.42054e+15	3.93e-03	9.96e-01	1.33e-11
 4.65089e+15	4.20e-03	9.96e-01	1.47e-11
 4.86780e+15	4.48e-03	9.96e-01	1.61e-11
 5.11676e+15	4.82e-03	9.95e-01	1.75e-11
 5.38149e+15	5.20e-03	9.95e-01	1.93e-11
 5.61335e+15	5.56e-03	9.94e-01	2.10e-11
 5.86139e+15	5.97e-03	9.94e-01	2.26e-11
 6.12628e+15	6.44e-03	9.94e-01	2.46e-11
 6.35717e+15	6.87e-03	9.93e-01	2.64e-11
 6.56820e+15	7.31e-03	9.93e-01	2.80e-11
 6.80928e+15	7.85e-03	9.92e-01	2.96e-11
 7.06617e+15	8.48e-03	9.92e-01	3.17e-11
 7.28880e+15	9.07e-03	9.91e-01	3.37e-11
 7.49024e+15	9.65e-03	9.90e-01	3.54e-11
 7.71893e+15	1.04e-02	9.90e-01	3.68e-11
 7.96723e+15	1.13e-02	9.89e-01	3.91e-11
 8.18644e+15	1.21e-02	9.88e-01	4.13e-11
 8.38268e+15	1.30e-02	9.87e-01	4.32e-11
 8.60364e+15	1.41e-02	9.86e-01	4.45e-11
 8.84756e+15	1.54e-02	9.85e-01	4.69e-11
 9.06813e+15	1.69e-02	9.83e-01	4.95e-11
 9.26667e+15	1.84e-02	9.82e-01	5.17e-11
 9.48978e+15	2.03e-02	9.80e-01	5.31e-11
 9.73149e+15	2.28e-02	9.77e-01	5.60e-11
 9.93994e+15	2.55e-02	9.74e-01	5.94e-11
 1.01164e+16	2.82e-02	9.72e-01	6.22e-11
 1.03086e+16	3.16e-02	9.68e-01	6.42e-11
 1.05211e+16	3.63e-02	9.64e-01	6.79e-11
 1.07101e+16	4.17e-02	9.58e-01	7.29e-11
 1.08699e+16	4.73e-02	9.53e-01	7.76e-11
 1.10417e+16	5.47e-02	9.45e-01	8.16e-11
 1.12296e+16	6.53e-02	9.35e-01	8.92e-11
 1.13921e+16	7.77e-02	9.22e-01	9.92e-11
 1.15103e+16	8.96e-02	9.10e-01	1.10e-10
 1.15942e+16	9.97e-02	9.00e-01	1.18e-10
 1.16802e+16	1.11e-01	8.89e-01	1.26e-10
 1.17753e+16	1.27e-01	8.73e-01	1.38e-10
 1.18589e+16	1.44e-01	8.56e-01	1.51e-10
 1.19267e+16	1.60e-01	8.40e-01	1.65e-10
 1.19869e+16	1.76e-01	8.24e-01	1.78e-10
 1.20548e+16	1.98e-01	8.02e-01	1.95e-10
 1.21245e+16	2.23e-01	7.77e-01	2.16e-10
 1.21798e+16	2.46e-01	7.54e-01	2.38e-10
 1.22253e+16	2.67e-01	7.33e-01	2.58e-10
 1.22748e+16	2.92e-01	7.08e-01	2.80e-10
 1.23284e+16	3.21e-01	6.79e-01	3.09e-10
 1.23748e+16	3.49e-01	6.51e-01	3.39e-10
 1.24147e+16	3.74e-01	6.26e-01	3.67e-10
 1.24550e+16	4.01e-01	5.99e-01	3.97e-10
 1.24969e+16	4.29e-01	5.71e-01	4.30e-10
 1.25349e+16	4.57e-01	5.43e-01	4.65e-10
 1.25684e+16	4.80e-01	5.20e-01	4.96e-10
 1.25993e+16	5.03e-01	4.97e-01	5.28e-10
 1.26290e+16	5.24e-01	4.76e-01	5.58e-10
 1.26582e+16	5.46e-01	4.54e-01	5.91e-10
 1.26810e+16	5.62e-01	4.38e-01	6.17e-10
 1.26965e+16	5.73e-01	4.27e-01	6.37e-10
 1.27111e+16	5.83e-01	4.17e-01	6.53e-10
 1.27285e+16	5.95e-01	4.05e-01	6.75e-10
 1.27477e+16	6.09e-01	3.91e-01	7.01e-10
 1.27659e+16	6.22e-01	3.78e-01	7.25e-10
 1.27828e+16	6.33e-01	3.67e-01	7.46e-10
 1.27998e+16	6.45e-01	3.55e-01	7.72e-10
 1.28173e+16	6.57e-01	3.43e-01	7.95e-10
 1.28349e+16	6.68e-01	3.32e-01	8.23e-10
 1.28522e+16	6.79e-01	3.21e-01	8.47e-10
 1.28694e+16	6.91e-01	3.09e-01	8.75e-10
 1.28868e+16	7.02e-01	2.98e-01	9.04e-10
 1.29040e+16	7.12e-01	2.88e-01	9.32e-10
 1.29211e+16	7.22e-01	2.78e-01	9.60e-10
 1.29384e+16	7.33e-01	2.67e-01	9.93e-10
 1.29557e+16	7.42e-01	2.58e-01	1.02e-09
 1.29729e+16	7.52e-01	2.48e-01	1.05e-09
 1.29903e+16	7.62e-01	2.38e-01	1.09e-09
 1.30074e+16	7.71e-01	2.29e-01	1.12e-09
 1.30244e+16	7.80e-01	2.20e-01	1.16e-09
 1.30417e+16	7.89e-01	2.11e-01	1.20e-09
 1.30590e+16	7.97e-01	2.03e-01	1.23e-09
 1.30762e+16	8.05e-01	1.95e-01	1.27e-09
 1.30936e+16	8.13e-01	1.87e-01	1.31e-09
 1.31107e+16	8.21e-01	1.79e-01	1.36e-09
 1.31277e+16	8.28e-01	1.72e-01	1.40e-09
 1.31449e+16	8.35e-01	1.65e-01	1.45e-09
 1.31619e+16	8.42e-01	1.58e-01	1.49e-09
 1.31785e+16	8.49e-01	1.51e-01	1.54e-09
 1.31949e+16	8.55e-01	1.45e-01	1.59e-09
 1.32117e+16	8.61e-01	1.39e-01	1.65e-09
 1.32284e+16	8.67e-01	1.33e-01	1.70e-09
 1.32447e+16	8.72e-01	1.28e-01	1.76e-09
 1.32606e+16	8.77e-01	1.23e-01	1.82e-09
 1.32764e+16	8.82e-01	1.18e-01	1.88e-09
 1.32923e+16	8.87e-01	1.13e-01	1.94e-09
 1.33081e+16	8.92e-01	1.08e-01	2.01e-09
 1.33237e+16	8.96e-01	1.04e-01	2.08e-09
 1.33391e+16	9.00e-01	9.98e-02	2.15e-09
 1.33544e+16	9.04e-01	9.58e-02	2.23e-09
 1.33695e+16	9.08e-01	9.19e-02	2.32e-09
 1.33845e+16	9.12e-01	8.84e-02	2.39e-09
 1.33996e+16	9.15e-01	8.48e-02	2.48e-09
 1.34145e+16	9.19e-01	8.15e-02	2.57e-09
 1.34291e+16	9.22e-01	7.82e-02	2.67e-09
 1.34438e+16	9.25e-01	7.51e-02	2.79e-09
 1.34584e+16	9.28e-01	7.21e-02	2.91e-09
 1.34728e+16	9.31e-01	6.93e-02	3.01e-09
 1.34871e+16	9.33e-01	6.66e-02	3.15e-09
 1.35013e+16	9.36e-01	6.39e-02	3.29e-09
 1.35154e+16	9.39e-01	6.15e-02	3.44e-09
 1.35297e+16	9.41e-01	5.90e-02	3.60e-09
 1.35437e+16	9.43e-01	5.67e-02	3.77e-09
 1.35575e+16	9.45e-01	5.46e-02	3.94e-09
 1.35713e+16	9.48e-01	5.25e-02	4.14e-09
 1.35852e+16	9.50e-01	5.04e-02	4.34e-09
 1.35989e+16	9.52e-01	4.85e-02	4.57e-09
 1.36123e+16	9.53e-01	4.66e-02	4.82e-09
 1.36258e+16	9.55e-01	4.48e-02	5.10e-09
 1.36393e+16	9.57e-01	4.31e-02	5.41e-09
 1.36527e+16	9.59e-01	4.14e-02	5.76e-09
 1.36659e+16	9.60e-01	3.98e-02	6.14e-09
 1.36790e+16	9.62e-01	3.83e-02	6.57e-09
 1.36921e+16	9.63e-01	3.68e-02	7.05e-09
 1.37051e+16	9.65e-01	3.54e-02	7.60e-09
 1.37180e+16	9.66e-01	3.40e-02	8.24e-09
 1.37307e+16	9.67e-01	3.27e-02	8.95e-09
 1.37434e+16	9.69e-01	3.14e-02	9.79e-09
 1.37559e+16	9.70e-01	3.02e-02	1.08e-08
 1.37684e+16	9.71e-01	2.90e-02	1.19e-08
 1.37807e+16	9.72e-01	2.79e-02	1.33e-08
 1.37928e+16	9.73e-01	2.68e-02	1.49e-08
 1.38042e+16	9.74e-01	2.58e-02	1.68e-08
 1.38146e+16	9.75e-01	2.49e-02	1.88e-08
 1.38240e+16	9.76e-01	2.42e-02	2.11e-08
 1.38328e+16	9.76e-01	2.35e-02	2.35e-08
 1.38411e+16	9.77e-01	2.29e-02	2.64e-08
 1.38489e+16	9.78e-01	2.23e-02	2.96e-08
 1.38560e+16	9.78e-01	2.17e-02	3.31e-08
 1.38626e+16	9.79e-01	2.12e-02	3.70e-08
 1.38689e+16	9.79e-01	2.08e-02	4.14e-08
 1.38749e+16	9.80e-01	2.03e-02	4.63e-08
 1.38805e+16	9.80e-01	1.99e-02	5.18e-08
 1.38858e+16	9.80e-01	1.95e-02	5.79e-08
 1.38908e+16	9.81e-01	1.91e-02	6.47e-08
 1.38956e+16	9.81e-01	1.88e-02	7.22e-08
 1.39002e+16	9.82e-01	1.84e-02	8.06e-08
 1.39045e+16	9.82e-01	1.81e-02	8.99e-08
 1.39088e+16	9.82e-01	1.78e-02	1.00e-07
 1.39128e+16	9.82e-01	1.75e-02	1.12e-07
 1.39168e+16	9.83e-01	1.72e-02	1.25e-07
 1.39206e+16	9.83e-01	1.69e-02	1.39e-07
 1.39243e+16	9.83e-01	1.66e-02	1.54e-07
 1.39281e+16	9.84e-01	1.63e-02	1.71e-07
 1.39319e+16	9.84e-01	1.60e-02	1.89e-07
 1.39358e+16	9.84e-01	1.57e-02	2.09e-07
 1.39398e+16	9.85e-01	1.54e-02	2.31e-07
 1.39440e+16	9.85e-01	1.50e-02	2.54e-07
 1.39484e+16	9.85e-01	1.47e-02	2.77e-07
 1.39526e+16	9.86e-01	1.43e-02	2.97e-07
 1.39564e+16	9.86e-01	1.40e-02	3.12e-07
 1.39598e+16	9.86e-01	1.37e-02	3.24e-07
 1.39631e+16	9.87e-01	1.34e-02	3.34e-07
 1.39662e+16	9.87e-01	1.31e-02	3.42e-07
 1.39690e+16	9.87e-01	1.29e-02	3.48e-07
 1.39716e+16	9.87e-01	1.26e-02	3.53e-07
 1.39739e+16	9.88e-01	1.24e-02	3.57e-07
 1.39761e+16	9.88e-01	1.23e-02	3.61e-07
 1.39780e+16	9.88e-01	1.21e-02	3.64e-07
 1.39797e+16	9.88e-01	1.19e-02	3.67e-07
 1.39813e+16	9.88e-01	1.18e-02	3.70e-07
 1.39831e+16	9.88e-01	1.17e-02	3.73e-07
 1.39850e+16	9.88e-01	1.15e-02	3.77e-07
 1.39867e+16	9.89e-01	1.14e-02	3.80e-07
 1.39886e+16	9.89e-01	1.12e-02	3.84e-07
 1.39906e+16	9.89e-01	1.10e-02	3.88e-07
 1.39925e+16	9.89e-01	1.09e-02	3.92e-07
 1.39945e+16	9.89e-01	1.07e-02	3.97e-07
 1.39967e+16	9.89e-01	1.06e-02	4.02e-07
 1.39987e+16	9.90e-01	1.04e-02	4.08e-07
 1.40005e+16	9.90e-01	1.03e-02	4.11e-07
 1.40025e+16	9.90e-01	1.01e-02	4.15e-07
 1.40051e+16	9.90e-01	9.95e-03	4.21e-07
