#depth	He	He+	He+2
 2.53441e+11	1.23e-03	9.93e-01	6.04e-03
 1.52064e+12	1.23e-03	9.93e-01	6.03e-03
 6.58945e+12	1.23e-03	9.93e-01	5.98e-03
 2.68647e+13	1.24e-03	9.93e-01	5.75e-03
 6.41711e+13	1.24e-03	9.93e-01	5.53e-03
 1.12670e+14	1.26e-03	9.94e-01	5.13e-03
 1.75717e+14	1.27e-03	9.94e-01	4.55e-03
 2.57680e+14	1.30e-03	9.95e-01	3.82e-03
 3.64231e+14	1.33e-03	9.96e-01	2.98e-03
 5.02747e+14	1.37e-03	9.97e-01	2.13e-03
 6.82818e+14	1.43e-03	9.97e-01	1.35e-03
 9.16910e+14	1.51e-03	9.98e-01	7.40e-04
 1.22123e+15	1.63e-03	9.98e-01	3.39e-04
 1.61685e+15	1.79e-03	9.98e-01	1.25e-04
 2.04940e+15	1.98e-03	9.98e-01	4.18e-05
 2.45525e+15	2.18e-03	9.98e-01	1.54e-05
 2.76118e+15	2.33e-03	9.98e-01	7.36e-06
 2.96116e+15	2.44e-03	9.98e-01	4.61e-06
 3.17038e+15	2.57e-03	9.97e-01	2.83e-06
 3.44235e+15	2.75e-03	9.97e-01	1.52e-06
 3.71502e+15	2.93e-03	9.97e-01	8.36e-07
 3.93502e+15	3.09e-03	9.97e-01	5.21e-07
 4.16747e+15	3.28e-03	9.97e-01	3.18e-07
 4.42054e+15	3.48e-03	9.97e-01	1.90e-07
 4.65089e+15	3.67e-03	9.96e-01	1.21e-07
 4.86780e+15	3.87e-03	9.96e-01	7.94e-08
 5.11676e+15	4.12e-03	9.96e-01	4.95e-08
 5.38149e+15	4.38e-03	9.96e-01	3.09e-08
 5.61335e+15	4.63e-03	9.95e-01	2.08e-08
 5.86139e+15	4.93e-03	9.95e-01	1.36e-08
 6.12628e+15	5.25e-03	9.95e-01	9.00e-09
 6.35717e+15	5.55e-03	9.94e-01	6.37e-09
 6.56820e+15	5.84e-03	9.94e-01	4.68e-09
 6.80928e+15	6.21e-03	9.94e-01	3.31e-09
 7.06617e+15	6.62e-03	9.93e-01	2.36e-09
 7.28880e+15	7.00e-03	9.93e-01	1.79e-09
 7.49024e+15	7.37e-03	9.93e-01	1.40e-09
 7.71893e+15	7.83e-03	9.92e-01	1.07e-09
 7.96723e+15	8.36e-03	9.92e-01	8.19e-10
 8.18644e+15	8.87e-03	9.91e-01	6.56e-10
 8.38268e+15	9.37e-03	9.91e-01	5.42e-10
 8.60364e+15	9.98e-03	9.90e-01	4.39e-10
 8.84756e+15	1.07e-02	9.89e-01	3.56e-10
 9.06813e+15	1.15e-02	9.89e-01	2.99e-10
 9.26667e+15	1.22e-02	9.88e-01	2.57e-10
 9.48978e+15	1.32e-02	9.87e-01	2.19e-10
 9.73149e+15	1.43e-02	9.86e-01	1.88e-10
 9.93994e+15	1.55e-02	9.85e-01	1.67e-10
 1.01164e+16	1.66e-02	9.83e-01	1.53e-10
 1.03086e+16	1.80e-02	9.82e-01	1.39e-10
 1.05211e+16	1.98e-02	9.80e-01	1.28e-10
 1.07101e+16	2.17e-02	9.78e-01	1.21e-10
 1.08699e+16	2.37e-02	9.76e-01	1.16e-10
 1.10417e+16	2.62e-02	9.74e-01	1.13e-10
 1.12296e+16	2.95e-02	9.70e-01	1.13e-10
 1.13921e+16	3.32e-02	9.67e-01	1.16e-10
 1.15103e+16	3.67e-02	9.63e-01	1.21e-10
 1.15942e+16	3.96e-02	9.60e-01	1.25e-10
 1.16802e+16	4.31e-02	9.57e-01	1.33e-10
 1.17753e+16	4.75e-02	9.53e-01	1.44e-10
 1.18589e+16	5.22e-02	9.48e-01	1.58e-10
 1.19267e+16	5.67e-02	9.43e-01	1.73e-10
 1.19869e+16	6.14e-02	9.39e-01	1.89e-10
 1.20548e+16	6.75e-02	9.32e-01	2.11e-10
 1.21245e+16	7.47e-02	9.25e-01	2.43e-10
 1.21798e+16	8.15e-02	9.18e-01	2.75e-10
 1.22253e+16	8.80e-02	9.12e-01	3.06e-10
 1.22748e+16	9.59e-02	9.04e-01	3.46e-10
 1.23284e+16	1.06e-01	8.94e-01	4.01e-10
 1.23748e+16	1.15e-01	8.85e-01	4.58e-10
 1.24147e+16	1.24e-01	8.76e-01	5.15e-10
 1.24550e+16	1.35e-01	8.65e-01	5.79e-10
 1.24969e+16	1.47e-01	8.53e-01	6.66e-10
 1.25349e+16	1.59e-01	8.41e-01	7.46e-10
 1.25684e+16	1.70e-01	8.30e-01	8.37e-10
 1.25993e+16	1.82e-01	8.18e-01	9.19e-10
 1.26290e+16	1.94e-01	8.06e-01	1.01e-09
 1.26582e+16	2.06e-01	7.94e-01	1.11e-09
 1.26810e+16	2.16e-01	7.84e-01	1.20e-09
 1.26965e+16	2.23e-01	7.77e-01	1.25e-09
 1.27111e+16	2.30e-01	7.70e-01	1.31e-09
 1.27285e+16	2.39e-01	7.61e-01	1.38e-09
 1.27477e+16	2.49e-01	7.51e-01	1.46e-09
 1.27659e+16	2.59e-01	7.41e-01	1.54e-09
 1.27828e+16	2.68e-01	7.32e-01	1.62e-09
 1.27998e+16	2.78e-01	7.22e-01	1.70e-09
 1.28173e+16	2.88e-01	7.12e-01	1.79e-09
 1.28349e+16	2.99e-01	7.01e-01	1.88e-09
 1.28522e+16	3.10e-01	6.90e-01	1.98e-09
 1.28694e+16	3.21e-01	6.79e-01	2.07e-09
 1.28868e+16	3.33e-01	6.67e-01	2.17e-09
 1.29040e+16	3.44e-01	6.56e-01	2.27e-09
 1.29211e+16	3.56e-01	6.44e-01	2.38e-09
 1.29384e+16	3.68e-01	6.32e-01	2.48e-09
 1.29557e+16	3.80e-01	6.20e-01	2.60e-09
 1.29729e+16	3.93e-01	6.07e-01	2.71e-09
 1.29903e+16	4.06e-01	5.94e-01	2.82e-09
 1.30074e+16	4.19e-01	5.81e-01	2.93e-09
 1.30244e+16	4.32e-01	5.68e-01	3.05e-09
 1.30417e+16	4.46e-01	5.54e-01	3.16e-09
 1.30590e+16	4.59e-01	5.41e-01	3.29e-09
 1.30762e+16	4.72e-01	5.28e-01	3.41e-09
 1.30936e+16	4.86e-01	5.14e-01	3.53e-09
 1.31107e+16	5.00e-01	5.00e-01	3.65e-09
 1.31277e+16	5.14e-01	4.86e-01	3.77e-09
 1.31449e+16	5.28e-01	4.72e-01	3.88e-09
 1.31619e+16	5.41e-01	4.59e-01	4.02e-09
 1.31785e+16	5.55e-01	4.45e-01	4.13e-09
 1.31949e+16	5.68e-01	4.32e-01	4.24e-09
 1.32117e+16	5.82e-01	4.18e-01	4.35e-09
 1.32284e+16	5.95e-01	4.05e-01	4.46e-09
 1.32447e+16	6.08e-01	3.92e-01	4.57e-09
 1.32606e+16	6.21e-01	3.79e-01	4.67e-09
 1.32764e+16	6.33e-01	3.67e-01	4.77e-09
 1.32923e+16	6.46e-01	3.54e-01	4.87e-09
 1.33081e+16	6.58e-01	3.42e-01	4.96e-09
 1.33237e+16	6.70e-01	3.30e-01	5.05e-09
 1.33391e+16	6.81e-01	3.19e-01	5.14e-09
 1.33544e+16	6.92e-01	3.08e-01	5.22e-09
 1.33695e+16	7.03e-01	2.97e-01	5.29e-09
 1.33845e+16	7.14e-01	2.86e-01	5.37e-09
 1.33996e+16	7.24e-01	2.76e-01	5.45e-09
 1.34145e+16	7.35e-01	2.65e-01	5.52e-09
 1.34291e+16	7.45e-01	2.55e-01	5.57e-09
 1.34438e+16	7.54e-01	2.46e-01	5.63e-09
 1.34584e+16	7.64e-01	2.36e-01	5.68e-09
 1.34728e+16	7.73e-01	2.27e-01	5.74e-09
 1.34871e+16	7.81e-01	2.19e-01	5.78e-09
 1.35013e+16	7.90e-01	2.10e-01	5.81e-09
 1.35154e+16	7.98e-01	2.02e-01	5.85e-09
 1.35297e+16	8.06e-01	1.94e-01	5.89e-09
 1.35437e+16	8.14e-01	1.86e-01	5.92e-09
 1.35575e+16	8.21e-01	1.79e-01	5.95e-09
 1.35713e+16	8.29e-01	1.71e-01	5.97e-09
 1.35852e+16	8.35e-01	1.65e-01	5.99e-09
 1.35989e+16	8.42e-01	1.58e-01	6.01e-09
 1.36123e+16	8.49e-01	1.51e-01	6.02e-09
 1.36258e+16	8.55e-01	1.45e-01	6.03e-09
 1.36393e+16	8.61e-01	1.39e-01	6.03e-09
 1.36527e+16	8.66e-01	1.34e-01	6.03e-09
 1.36659e+16	8.72e-01	1.28e-01	6.03e-09
 1.36790e+16	8.77e-01	1.23e-01	6.02e-09
 1.36921e+16	8.82e-01	1.18e-01	6.01e-09
 1.37051e+16	8.87e-01	1.13e-01	5.99e-09
 1.37180e+16	8.92e-01	1.08e-01	5.98e-09
 1.37307e+16	8.96e-01	1.04e-01	5.96e-09
 1.37434e+16	9.01e-01	9.93e-02	5.93e-09
 1.37559e+16	9.05e-01	9.52e-02	5.90e-09
 1.37684e+16	9.09e-01	9.12e-02	5.87e-09
 1.37807e+16	9.13e-01	8.74e-02	5.84e-09
 1.37928e+16	9.16e-01	8.39e-02	5.80e-09
 1.38042e+16	9.19e-01	8.06e-02	5.76e-09
 1.38146e+16	9.22e-01	7.78e-02	5.72e-09
 1.38240e+16	9.25e-01	7.52e-02	5.68e-09
 1.38328e+16	9.27e-01	7.29e-02	5.64e-09
 1.38411e+16	9.29e-01	7.08e-02	5.59e-09
 1.38489e+16	9.31e-01	6.88e-02	5.55e-09
 1.38560e+16	9.33e-01	6.70e-02	5.50e-09
 1.38626e+16	9.35e-01	6.54e-02	5.46e-09
 1.38689e+16	9.36e-01	6.39e-02	5.42e-09
 1.38749e+16	9.37e-01	6.25e-02	5.37e-09
 1.38805e+16	9.39e-01	6.12e-02	5.33e-09
 1.38858e+16	9.40e-01	6.00e-02	5.29e-09
 1.38908e+16	9.41e-01	5.89e-02	5.25e-09
 1.38956e+16	9.42e-01	5.78e-02	5.21e-09
 1.39002e+16	9.43e-01	5.68e-02	5.18e-09
 1.39045e+16	9.44e-01	5.59e-02	5.14e-09
 1.39088e+16	9.45e-01	5.50e-02	5.10e-09
 1.39128e+16	9.46e-01	5.41e-02	5.06e-09
 1.39168e+16	9.47e-01	5.33e-02	5.03e-09
 1.39206e+16	9.48e-01	5.25e-02	4.99e-09
 1.39243e+16	9.48e-01	5.17e-02	4.95e-09
 1.39281e+16	9.49e-01	5.09e-02	4.91e-09
 1.39319e+16	9.50e-01	5.01e-02	4.87e-09
 1.39358e+16	9.51e-01	4.94e-02	4.82e-09
 1.39398e+16	9.51e-01	4.86e-02	4.78e-09
 1.39440e+16	9.52e-01	4.77e-02	4.72e-09
 1.39484e+16	9.53e-01	4.68e-02	4.66e-09
 1.39526e+16	9.54e-01	4.60e-02	4.61e-09
 1.39564e+16	9.55e-01	4.53e-02	4.56e-09
 1.39598e+16	9.55e-01	4.46e-02	4.50e-09
 1.39631e+16	9.56e-01	4.39e-02	4.45e-09
 1.39662e+16	9.57e-01	4.33e-02	4.40e-09
 1.39690e+16	9.57e-01	4.28e-02	4.35e-09
 1.39716e+16	9.58e-01	4.23e-02	4.31e-09
 1.39739e+16	9.58e-01	4.18e-02	4.27e-09
 1.39761e+16	9.59e-01	4.14e-02	4.23e-09
 1.39780e+16	9.59e-01	4.10e-02	4.20e-09
 1.39797e+16	9.59e-01	4.06e-02	4.16e-09
 1.39813e+16	9.60e-01	4.03e-02	4.13e-09
 1.39831e+16	9.60e-01	3.99e-02	4.10e-09
 1.39850e+16	9.60e-01	3.96e-02	4.06e-09
 1.39867e+16	9.61e-01	3.92e-02	4.03e-09
 1.39886e+16	9.61e-01	3.88e-02	3.99e-09
 1.39906e+16	9.62e-01	3.84e-02	3.95e-09
 1.39925e+16	9.62e-01	3.81e-02	3.92e-09
 1.39945e+16	9.62e-01	3.76e-02	3.88e-09
 1.39967e+16	9.63e-01	3.72e-02	3.84e-09
 1.39987e+16	9.63e-01	3.68e-02	3.80e-09
 1.40005e+16	9.64e-01	3.65e-02	3.77e-09
 1.40025e+16	9.64e-01	3.61e-02	3.74e-09
 1.40051e+16	9.64e-01	3.56e-02	3.70e-09
