#depth	O	O+	O+2	O+3	O+4	O+5	O+6	O+7	O+8	O[1]	O[2]	O[3]
 7.19986e+11	3.17e-06	6.46e-03	8.91e-01	1.03e-01	1.88e-05	0.00e+00	0.00e+00	0.00e+00	0.00e+00	2.25e-06	6.15e-07	3.08e-07
 4.31992e+12	3.17e-06	6.45e-03	8.91e-01	1.03e-01	1.88e-05	0.00e+00	0.00e+00	0.00e+00	0.00e+00	2.24e-06	6.13e-07	3.08e-07
 1.87196e+13	3.17e-06	6.46e-03	8.92e-01	1.01e-01	1.84e-05	0.00e+00	0.00e+00	0.00e+00	0.00e+00	2.24e-06	6.14e-07	3.08e-07
 7.63185e+13	3.19e-06	6.50e-03	8.97e-01	9.65e-02	1.71e-05	0.00e+00	0.00e+00	0.00e+00	0.00e+00	2.26e-06	6.18e-07	3.10e-07
 1.82300e+14	3.20e-06	6.55e-03	9.04e-01	8.98e-02	1.52e-05	0.00e+00	0.00e+00	0.00e+00	0.00e+00	2.27e-06	6.21e-07	3.11e-07
 3.20077e+14	3.23e-06	6.61e-03	9.12e-01	8.15e-02	1.30e-05	0.00e+00	0.00e+00	0.00e+00	0.00e+00	2.29e-06	6.25e-07	3.14e-07
 4.99186e+14	3.26e-06	6.70e-03	9.22e-01	7.15e-02	1.06e-05	0.00e+00	0.00e+00	0.00e+00	0.00e+00	2.31e-06	6.32e-07	3.17e-07
 7.32029e+14	3.32e-06	6.81e-03	9.34e-01	5.96e-02	8.00e-06	0.00e+00	0.00e+00	0.00e+00	0.00e+00	2.35e-06	6.43e-07	3.23e-07
 1.03472e+15	3.39e-06	6.96e-03	9.46e-01	4.65e-02	5.48e-06	0.00e+00	0.00e+00	0.00e+00	0.00e+00	2.41e-06	6.56e-07	3.30e-07
 1.42823e+15	3.49e-06	7.13e-03	9.60e-01	3.31e-02	3.28e-06	0.00e+00	0.00e+00	0.00e+00	0.00e+00	2.48e-06	6.75e-07	3.40e-07
 1.93978e+15	3.63e-06	7.33e-03	9.72e-01	2.08e-02	1.63e-06	0.00e+00	0.00e+00	0.00e+00	0.00e+00	2.57e-06	7.00e-07	3.53e-07
 2.60480e+15	3.80e-06	7.56e-03	9.81e-01	1.11e-02	6.41e-07	0.00e+00	0.00e+00	0.00e+00	0.00e+00	2.70e-06	7.32e-07	3.69e-07
 3.46933e+15	4.02e-06	7.82e-03	9.87e-01	4.94e-03	1.90e-07	0.00e+00	0.00e+00	0.00e+00	0.00e+00	2.85e-06	7.73e-07	3.91e-07
 4.59322e+15	4.32e-06	8.12e-03	9.90e-01	1.80e-03	0.00e+00	0.00e+00	0.00e+00	0.00e+00	0.00e+00	3.07e-06	8.31e-07	4.20e-07
 6.05427e+15	4.76e-06	8.50e-03	9.91e-01	5.55e-04	0.00e+00	0.00e+00	0.00e+00	0.00e+00	0.00e+00	3.38e-06	9.14e-07	4.63e-07
 7.95363e+15	5.41e-06	9.01e-03	9.91e-01	1.65e-04	0.00e+00	0.00e+00	0.00e+00	0.00e+00	0.00e+00	3.85e-06	1.04e-06	5.27e-07
 1.03122e+16	6.37e-06	9.67e-03	9.90e-01	6.70e-05	0.00e+00	0.00e+00	0.00e+00	0.00e+00	0.00e+00	4.53e-06	1.22e-06	6.19e-07
 1.28822e+16	7.62e-06	1.04e-02	9.90e-01	4.37e-05	0.00e+00	0.00e+00	0.00e+00	0.00e+00	0.00e+00	5.41e-06	1.46e-06	7.41e-07
 1.54523e+16	9.21e-06	1.13e-02	9.89e-01	3.62e-05	0.00e+00	0.00e+00	0.00e+00	0.00e+00	0.00e+00	6.55e-06	1.77e-06	8.96e-07
 1.80223e+16	1.13e-05	1.23e-02	9.88e-01	3.18e-05	0.00e+00	0.00e+00	0.00e+00	0.00e+00	0.00e+00	8.01e-06	2.16e-06	1.10e-06
 2.02727e+16	1.35e-05	1.32e-02	9.87e-01	2.91e-05	0.00e+00	0.00e+00	0.00e+00	0.00e+00	0.00e+00	9.60e-06	2.60e-06	1.32e-06
 2.23000e+16	1.62e-05	1.42e-02	9.86e-01	2.71e-05	0.00e+00	0.00e+00	0.00e+00	0.00e+00	0.00e+00	1.15e-05	3.11e-06	1.57e-06
 2.45300e+16	1.98e-05	1.54e-02	9.85e-01	2.52e-05	0.00e+00	0.00e+00	0.00e+00	0.00e+00	0.00e+00	1.41e-05	3.83e-06	1.93e-06
 2.69830e+16	2.52e-05	1.69e-02	9.83e-01	2.33e-05	0.00e+00	0.00e+00	0.00e+00	0.00e+00	0.00e+00	1.78e-05	4.87e-06	2.45e-06
 2.95063e+16	3.27e-05	1.88e-02	9.81e-01	2.14e-05	0.00e+00	0.00e+00	0.00e+00	0.00e+00	0.00e+00	2.32e-05	6.36e-06	3.19e-06
 3.18594e+16	4.26e-05	2.10e-02	9.79e-01	1.97e-05	0.00e+00	0.00e+00	0.00e+00	0.00e+00	0.00e+00	3.01e-05	8.30e-06	4.15e-06
 3.35421e+16	5.21e-05	2.29e-02	9.77e-01	1.85e-05	0.00e+00	0.00e+00	0.00e+00	0.00e+00	0.00e+00	3.69e-05	1.02e-05	5.07e-06
 3.45100e+16	5.88e-05	2.41e-02	9.76e-01	1.77e-05	0.00e+00	0.00e+00	0.00e+00	0.00e+00	0.00e+00	4.16e-05	1.15e-05	5.72e-06
 3.54295e+16	6.63e-05	2.54e-02	9.75e-01	1.71e-05	0.00e+00	0.00e+00	0.00e+00	0.00e+00	0.00e+00	4.69e-05	1.29e-05	6.44e-06
 3.66250e+16	7.79e-05	2.72e-02	9.73e-01	1.62e-05	0.00e+00	0.00e+00	0.00e+00	0.00e+00	0.00e+00	5.51e-05	1.52e-05	7.56e-06
 3.79045e+16	9.31e-05	2.95e-02	9.70e-01	1.52e-05	0.00e+00	0.00e+00	0.00e+00	0.00e+00	0.00e+00	6.59e-05	1.81e-05	9.04e-06
 3.89952e+16	1.09e-04	3.17e-02	9.68e-01	1.44e-05	0.00e+00	0.00e+00	0.00e+00	0.00e+00	0.00e+00	7.75e-05	2.13e-05	1.06e-05
 3.99282e+16	1.26e-04	3.38e-02	9.66e-01	1.37e-05	0.00e+00	0.00e+00	0.00e+00	0.00e+00	0.00e+00	8.93e-05	2.46e-05	1.22e-05
 4.09545e+16	1.49e-04	3.64e-02	9.63e-01	1.28e-05	0.00e+00	0.00e+00	0.00e+00	0.00e+00	0.00e+00	1.05e-04	2.89e-05	1.44e-05
 4.20588e+16	1.78e-04	3.96e-02	9.60e-01	1.20e-05	0.00e+00	0.00e+00	0.00e+00	0.00e+00	0.00e+00	1.26e-04	3.47e-05	1.73e-05
 4.30102e+16	2.10e-04	4.28e-02	9.57e-01	1.12e-05	0.00e+00	0.00e+00	0.00e+00	0.00e+00	0.00e+00	1.49e-04	4.09e-05	2.03e-05
 4.38310e+16	2.44e-04	4.59e-02	9.54e-01	1.06e-05	0.00e+00	0.00e+00	0.00e+00	0.00e+00	0.00e+00	1.72e-04	4.74e-05	2.35e-05
 4.46653e+16	2.85e-04	4.95e-02	9.50e-01	9.88e-06	0.00e+00	0.00e+00	0.00e+00	0.00e+00	0.00e+00	2.02e-04	5.55e-05	2.75e-05
 4.55025e+16	3.36e-04	5.36e-02	9.46e-01	9.20e-06	0.00e+00	0.00e+00	0.00e+00	0.00e+00	0.00e+00	2.38e-04	6.54e-05	3.24e-05
 4.62559e+16	3.91e-04	5.78e-02	9.42e-01	8.57e-06	0.00e+00	0.00e+00	0.00e+00	0.00e+00	0.00e+00	2.77e-04	7.62e-05	3.77e-05
 4.69340e+16	4.51e-04	6.19e-02	9.38e-01	8.06e-06	0.00e+00	0.00e+00	0.00e+00	0.00e+00	0.00e+00	3.20e-04	8.79e-05	4.35e-05
 4.75443e+16	5.15e-04	6.61e-02	9.33e-01	7.57e-06	0.00e+00	0.00e+00	0.00e+00	0.00e+00	0.00e+00	3.65e-04	1.00e-04	4.96e-05
 4.80986e+16	5.83e-04	7.03e-02	9.29e-01	7.11e-06	0.00e+00	0.00e+00	0.00e+00	0.00e+00	0.00e+00	4.13e-04	1.13e-04	5.62e-05
 4.86290e+16	6.59e-04	7.48e-02	9.25e-01	6.73e-06	0.00e+00	0.00e+00	0.00e+00	0.00e+00	0.00e+00	4.67e-04	1.28e-04	6.35e-05
 4.91593e+16	7.48e-04	7.96e-02	9.20e-01	6.30e-06	0.00e+00	0.00e+00	0.00e+00	0.00e+00	0.00e+00	5.30e-04	1.45e-04	7.20e-05
 4.96897e+16	8.52e-04	8.50e-02	9.14e-01	5.90e-06	0.00e+00	0.00e+00	0.00e+00	0.00e+00	0.00e+00	6.04e-04	1.66e-04	8.20e-05
 5.02201e+16	9.75e-04	9.10e-02	9.08e-01	5.50e-06	0.00e+00	0.00e+00	0.00e+00	0.00e+00	0.00e+00	6.91e-04	1.89e-04	9.38e-05
 5.07504e+16	1.12e-03	9.77e-02	9.01e-01	5.11e-06	0.00e+00	0.00e+00	0.00e+00	0.00e+00	0.00e+00	7.94e-04	2.18e-04	1.08e-04
 5.12808e+16	1.29e-03	1.05e-01	8.94e-01	4.72e-06	0.00e+00	0.00e+00	0.00e+00	0.00e+00	0.00e+00	9.18e-04	2.52e-04	1.24e-04
 5.18112e+16	1.50e-03	1.13e-01	8.85e-01	4.34e-06	0.00e+00	0.00e+00	0.00e+00	0.00e+00	0.00e+00	1.07e-03	2.92e-04	1.45e-04
 5.23415e+16	1.76e-03	1.23e-01	8.75e-01	3.97e-06	0.00e+00	0.00e+00	0.00e+00	0.00e+00	0.00e+00	1.25e-03	3.42e-04	1.69e-04
 5.28219e+16	2.05e-03	1.33e-01	8.65e-01	3.64e-06	0.00e+00	0.00e+00	0.00e+00	0.00e+00	0.00e+00	1.45e-03	3.98e-04	1.97e-04
