#depth	H	H+	H2
 7.19986e+11	9.07e-04	9.99e-01	2.11e-14
 4.31992e+12	9.07e-04	9.99e-01	2.11e-14
 1.87196e+13	9.06e-04	9.99e-01	2.11e-14
 7.63185e+13	9.06e-04	9.99e-01	2.11e-14
 1.82300e+14	9.02e-04	9.99e-01	2.13e-14
 3.20077e+14	8.98e-04	9.99e-01	2.14e-14
 4.99186e+14	8.93e-04	9.99e-01	2.16e-14
 7.32029e+14	8.91e-04	9.99e-01	2.19e-14
 1.03472e+15	8.88e-04	9.99e-01	2.23e-14
 1.42823e+15	8.86e-04	9.99e-01	2.28e-14
 1.93978e+15	8.86e-04	9.99e-01	2.35e-14
 2.60480e+15	8.89e-04	9.99e-01	2.44e-14
 3.46933e+15	8.96e-04	9.99e-01	2.56e-14
 4.59322e+15	9.11e-04	9.99e-01	2.73e-14
 6.05427e+15	9.35e-04	9.99e-01	2.96e-14
 7.95363e+15	9.74e-04	9.99e-01	3.31e-14
 1.03122e+16	1.03e-03	9.99e-01	3.78e-14
 1.28822e+16	1.10e-03	9.99e-01	4.37e-14
 1.54523e+16	1.19e-03	9.99e-01	5.08e-14
 1.80223e+16	1.30e-03	9.99e-01	5.91e-14
 2.02727e+16	1.40e-03	9.99e-01	6.79e-14
 2.23000e+16	1.52e-03	9.98e-01	7.72e-14
 2.45300e+16	1.67e-03	9.98e-01	8.92e-14
 2.69830e+16	1.87e-03	9.98e-01	1.05e-13
 2.95063e+16	2.11e-03	9.98e-01	1.26e-13
 3.18594e+16	2.39e-03	9.98e-01	1.51e-13
 3.35421e+16	2.63e-03	9.97e-01	1.74e-13
 3.45100e+16	2.79e-03	9.97e-01	1.89e-13
 3.54295e+16	2.95e-03	9.97e-01	2.04e-13
 3.66250e+16	3.17e-03	9.97e-01	2.27e-13
 3.79045e+16	3.45e-03	9.97e-01	2.55e-13
 3.89952e+16	3.72e-03	9.96e-01	2.83e-13
 3.99282e+16	3.97e-03	9.96e-01	3.10e-13
 4.09545e+16	4.28e-03	9.96e-01	3.44e-13
 4.20588e+16	4.65e-03	9.95e-01	3.85e-13
 4.30102e+16	5.01e-03	9.95e-01	4.27e-13
 4.38310e+16	5.36e-03	9.95e-01	4.68e-13
 4.46653e+16	5.75e-03	9.94e-01	5.15e-13
 4.55025e+16	6.19e-03	9.94e-01	5.72e-13
 4.62559e+16	6.63e-03	9.93e-01	6.29e-13
 4.69340e+16	7.07e-03	9.93e-01	6.87e-13
 4.75443e+16	7.49e-03	9.93e-01	7.43e-13
 4.80986e+16	7.92e-03	9.92e-01	8.02e-13
 4.86290e+16	8.37e-03	9.92e-01	8.65e-13
 4.91593e+16	8.85e-03	9.91e-01	9.33e-13
 4.96897e+16	9.37e-03	9.91e-01	1.01e-12
 5.02201e+16	9.95e-03	9.90e-01	1.09e-12
 5.07504e+16	1.06e-02	9.89e-01	1.19e-12
 5.12808e+16	1.13e-02	9.89e-01	1.30e-12
 5.18112e+16	1.21e-02	9.88e-01	1.42e-12
 5.23415e+16	1.29e-02	9.87e-01	1.56e-12
 5.28219e+16	1.38e-02	9.86e-01	1.71e-12
