#depth	H	H+	H2
 1.02830e+12	1.22e-03	9.99e-01	4.28e-14
 6.16982e+12	1.22e-03	9.99e-01	4.28e-14
 2.67359e+13	1.22e-03	9.99e-01	4.29e-14
 1.09000e+14	1.22e-03	9.99e-01	4.32e-14
 2.60366e+14	1.21e-03	9.99e-01	4.36e-14
 4.57142e+14	1.20e-03	9.99e-01	4.41e-14
 7.12951e+14	1.19e-03	9.99e-01	4.47e-14
 1.04550e+15	1.18e-03	9.99e-01	4.56e-14
 1.47782e+15	1.17e-03	9.99e-01	4.68e-14
 2.03983e+15	1.16e-03	9.99e-01	4.85e-14
 2.77045e+15	1.16e-03	9.99e-01	5.08e-14
 3.51167e+15	1.15e-03	9.99e-01	5.27e-14
 4.10069e+15	1.15e-03	9.99e-01	5.45e-14
 4.70042e+15	1.16e-03	9.99e-01	5.70e-14
 5.48008e+15	1.18e-03	9.99e-01	6.06e-14
 6.49364e+15	1.21e-03	9.99e-01	6.56e-14
 7.81126e+15	1.24e-03	9.99e-01	7.16e-14
 9.52417e+15	1.29e-03	9.99e-01	7.87e-14
 1.17510e+16	1.36e-03	9.99e-01	8.84e-14
 1.46458e+16	1.47e-03	9.99e-01	1.02e-13
 1.70961e+16	1.55e-03	9.98e-01	1.13e-13
 1.88057e+16	1.63e-03	9.98e-01	1.23e-13
 2.06862e+16	1.73e-03	9.98e-01	1.36e-13
 2.27549e+16	1.85e-03	9.98e-01	1.51e-13
 2.50304e+16	2.01e-03	9.98e-01	1.70e-13
 2.75334e+16	2.21e-03	9.98e-01	1.94e-13
 3.02867e+16	2.47e-03	9.98e-01	2.27e-13
 3.33154e+16	2.81e-03	9.97e-01	2.71e-13
 3.65158e+16	3.26e-03	9.97e-01	3.32e-13
 3.87205e+16	3.67e-03	9.96e-01	3.93e-13
 3.96118e+16	3.86e-03	9.96e-01	4.21e-13
 4.03033e+16	4.00e-03	9.96e-01	4.43e-13
 4.12023e+16	4.20e-03	9.96e-01	4.71e-13
 4.23709e+16	4.48e-03	9.96e-01	5.12e-13
 4.36570e+16	4.83e-03	9.95e-01	5.65e-13
 4.47959e+16	5.18e-03	9.95e-01	6.19e-13
 4.57711e+16	5.51e-03	9.94e-01	6.71e-13
 4.68331e+16	5.88e-03	9.94e-01	7.29e-13
 4.79890e+16	6.35e-03	9.94e-01	8.04e-13
 4.89962e+16	6.82e-03	9.93e-01	8.81e-13
 4.98583e+16	7.25e-03	9.93e-01	9.53e-13
 5.08027e+16	7.75e-03	9.92e-01	1.03e-12
 5.18386e+16	8.39e-03	9.92e-01	1.14e-12
 5.27523e+16	9.02e-03	9.91e-01	1.25e-12
 5.35384e+16	9.62e-03	9.90e-01	1.35e-12
 5.43997e+16	1.03e-02	9.90e-01	1.47e-12
 5.53466e+16	1.12e-02	9.89e-01	1.62e-12
 5.61849e+16	1.22e-02	9.88e-01	1.79e-12
 5.69044e+16	1.30e-02	9.87e-01	1.95e-12
 5.76896e+16	1.40e-02	9.86e-01	2.12e-12
 5.85566e+16	1.54e-02	9.85e-01	2.37e-12
 5.93191e+16	1.68e-02	9.83e-01	2.62e-12
 5.99599e+16	1.81e-02	9.82e-01	2.85e-12
 6.06532e+16	1.96e-02	9.80e-01	3.14e-12
 6.14060e+16	2.16e-02	9.78e-01	3.51e-12
 6.20524e+16	2.36e-02	9.76e-01	3.90e-12
 6.25900e+16	2.55e-02	9.75e-01	4.25e-12
 6.31702e+16	2.77e-02	9.72e-01	4.69e-12
 6.38030e+16	3.07e-02	9.69e-01	5.28e-12
 6.43519e+16	3.37e-02	9.66e-01	5.89e-12
 6.48110e+16	3.66e-02	9.63e-01	6.47e-12
 6.53063e+16	4.01e-02	9.60e-01	7.21e-12
 6.58483e+16	4.48e-02	9.55e-01	8.20e-12
 6.63211e+16	4.97e-02	9.50e-01	9.26e-12
 6.67198e+16	5.46e-02	9.45e-01	1.03e-11
 6.71520e+16	6.06e-02	9.39e-01	1.17e-11
 6.76278e+16	6.89e-02	9.31e-01	1.36e-11
 6.80463e+16	7.80e-02	9.22e-01	1.58e-11
 6.83611e+16	8.59e-02	9.14e-01	1.77e-11
 6.86005e+16	9.30e-02	9.07e-01	1.95e-11
 6.88573e+16	1.01e-01	8.99e-01	2.17e-11
 6.91422e+16	1.13e-01	8.87e-01	2.46e-11
 6.93945e+16	1.24e-01	8.76e-01	2.76e-11
 6.96066e+16	1.35e-01	8.65e-01	3.07e-11
 6.98040e+16	1.46e-01	8.54e-01	3.40e-11
 7.00290e+16	1.60e-01	8.40e-01	3.82e-11
 7.02680e+16	1.78e-01	8.22e-01	4.37e-11
 7.04641e+16	1.95e-01	8.05e-01	4.93e-11
 7.06215e+16	2.10e-01	7.90e-01	5.41e-11
 7.07897e+16	2.27e-01	7.73e-01	6.03e-11
 7.09788e+16	2.49e-01	7.51e-01	6.84e-11
 7.11510e+16	2.72e-01	7.28e-01	7.72e-11
 7.12970e+16	2.92e-01	7.08e-01	8.53e-11
 7.14533e+16	3.17e-01	6.83e-01	9.57e-11
 7.16234e+16	3.45e-01	6.55e-01	1.08e-10
 7.17746e+16	3.73e-01	6.27e-01	1.22e-10
 7.19063e+16	3.98e-01	6.02e-01	1.35e-10
 7.20307e+16	4.23e-01	5.77e-01	1.49e-10
 7.21588e+16	4.50e-01	5.50e-01	1.64e-10
 7.22824e+16	4.77e-01	5.23e-01	1.81e-10
 7.23893e+16	5.01e-01	4.99e-01	1.97e-10
 7.24849e+16	5.23e-01	4.77e-01	2.14e-10
 7.25770e+16	5.44e-01	4.56e-01	2.30e-10
 7.26518e+16	5.61e-01	4.39e-01	2.44e-10
 7.27016e+16	5.72e-01	4.28e-01	2.54e-10
 7.27476e+16	5.82e-01	4.18e-01	2.63e-10
 7.28031e+16	5.95e-01	4.05e-01	2.76e-10
 7.28631e+16	6.09e-01	3.91e-01	2.89e-10
 7.29178e+16	6.22e-01	3.78e-01	3.02e-10
 7.29679e+16	6.33e-01	3.67e-01	3.15e-10
 7.30179e+16	6.45e-01	3.55e-01	3.28e-10
 7.30696e+16	6.57e-01	3.43e-01	3.43e-10
 7.31211e+16	6.68e-01	3.32e-01	3.57e-10
 7.31710e+16	6.80e-01	3.20e-01	3.74e-10
 7.32197e+16	6.91e-01	3.09e-01	3.88e-10
 7.32682e+16	7.02e-01	2.98e-01	4.05e-10
 7.33170e+16	7.12e-01	2.88e-01	4.21e-10
 7.33657e+16	7.23e-01	2.77e-01	4.39e-10
 7.34138e+16	7.34e-01	2.66e-01	4.58e-10
 7.34605e+16	7.43e-01	2.57e-01	4.76e-10
 7.35067e+16	7.53e-01	2.47e-01	4.95e-10
 7.35537e+16	7.63e-01	2.37e-01	5.17e-10
 7.36003e+16	7.72e-01	2.28e-01	5.36e-10
 7.36458e+16	7.81e-01	2.19e-01	5.60e-10
 7.36909e+16	7.89e-01	2.11e-01	5.80e-10
 7.37362e+16	7.98e-01	2.02e-01	6.05e-10
 7.37818e+16	8.06e-01	1.94e-01	6.31e-10
 7.38259e+16	8.14e-01	1.86e-01	6.56e-10
 7.38691e+16	8.22e-01	1.78e-01	6.81e-10
 7.39130e+16	8.29e-01	1.71e-01	7.10e-10
 7.39572e+16	8.37e-01	1.63e-01	7.41e-10
 7.40002e+16	8.43e-01	1.57e-01	7.71e-10
 7.40418e+16	8.50e-01	1.50e-01	8.00e-10
 7.40826e+16	8.56e-01	1.44e-01	8.34e-10
 7.41233e+16	8.62e-01	1.38e-01	8.69e-10
 7.41641e+16	8.68e-01	1.32e-01	9.05e-10
 7.42041e+16	8.73e-01	1.27e-01	9.42e-10
 7.42426e+16	8.78e-01	1.22e-01	9.76e-10
 7.42805e+16	8.83e-01	1.17e-01	1.02e-09
 7.43184e+16	8.88e-01	1.12e-01	1.06e-09
 7.43562e+16	8.93e-01	1.07e-01	1.11e-09
 7.43933e+16	8.97e-01	1.03e-01	1.15e-09
 7.44295e+16	9.01e-01	9.91e-02	1.19e-09
 7.44650e+16	9.05e-01	9.51e-02	1.25e-09
 7.45004e+16	9.09e-01	9.13e-02	1.31e-09
 7.45359e+16	9.12e-01	8.77e-02	1.35e-09
 7.45709e+16	9.16e-01	8.42e-02	1.41e-09
 7.46049e+16	9.19e-01	8.09e-02	1.47e-09
 7.46383e+16	9.22e-01	7.77e-02	1.54e-09
 7.46722e+16	9.25e-01	7.46e-02	1.62e-09
 7.47058e+16	9.28e-01	7.16e-02	1.70e-09
 7.47381e+16	9.31e-01	6.89e-02	1.77e-09
 7.47702e+16	9.34e-01	6.63e-02	1.86e-09
 7.48028e+16	9.36e-01	6.36e-02	1.96e-09
 7.48348e+16	9.39e-01	6.10e-02	2.06e-09
 7.48666e+16	9.41e-01	5.88e-02	2.16e-09
 7.48979e+16	9.44e-01	5.65e-02	2.28e-09
 7.49284e+16	9.46e-01	5.43e-02	2.41e-09
 7.49589e+16	9.48e-01	5.21e-02	2.55e-09
 7.49899e+16	9.50e-01	5.01e-02	2.71e-09
 7.50209e+16	9.52e-01	4.81e-02	2.88e-09
 7.50506e+16	9.54e-01	4.62e-02	3.06e-09
 7.50797e+16	9.55e-01	4.45e-02	3.26e-09
 7.51089e+16	9.57e-01	4.28e-02	3.48e-09
 7.51377e+16	9.59e-01	4.12e-02	3.72e-09
 7.51663e+16	9.60e-01	3.96e-02	4.01e-09
 7.51951e+16	9.62e-01	3.80e-02	4.34e-09
 7.52237e+16	9.64e-01	3.65e-02	4.72e-09
 7.52515e+16	9.65e-01	3.51e-02	5.15e-09
 7.52788e+16	9.66e-01	3.37e-02	5.68e-09
 7.53059e+16	9.68e-01	3.24e-02	6.26e-09
 7.53329e+16	9.69e-01	3.11e-02	6.96e-09
 7.53596e+16	9.70e-01	2.99e-02	7.79e-09
 7.53852e+16	9.71e-01	2.87e-02	8.72e-09
 7.54091e+16	9.72e-01	2.77e-02	9.83e-09
 7.54309e+16	9.73e-01	2.68e-02	1.10e-08
 7.54506e+16	9.74e-01	2.60e-02	1.24e-08
 7.54687e+16	9.75e-01	2.53e-02	1.38e-08
 7.54861e+16	9.75e-01	2.46e-02	1.55e-08
 7.55025e+16	9.76e-01	2.40e-02	1.74e-08
 7.55175e+16	9.77e-01	2.34e-02	1.94e-08
 7.55313e+16	9.77e-01	2.29e-02	2.17e-08
 7.55444e+16	9.78e-01	2.24e-02	2.42e-08
 7.55570e+16	9.78e-01	2.19e-02	2.71e-08
 7.55690e+16	9.79e-01	2.14e-02	3.03e-08
 7.55804e+16	9.79e-01	2.10e-02	3.39e-08
 7.55912e+16	9.79e-01	2.06e-02	3.78e-08
 7.56014e+16	9.80e-01	2.02e-02	4.22e-08
 7.56113e+16	9.80e-01	1.98e-02	4.71e-08
 7.56208e+16	9.81e-01	1.95e-02	5.25e-08
 7.56300e+16	9.81e-01	1.91e-02	5.86e-08
 7.56388e+16	9.81e-01	1.88e-02	6.52e-08
 7.56474e+16	9.82e-01	1.84e-02	7.25e-08
 7.56560e+16	9.82e-01	1.81e-02	8.05e-08
 7.56645e+16	9.82e-01	1.78e-02	8.94e-08
 7.56730e+16	9.83e-01	1.74e-02	9.91e-08
 7.56817e+16	9.83e-01	1.71e-02	1.10e-07
 7.56906e+16	9.83e-01	1.67e-02	1.21e-07
 7.57000e+16	9.84e-01	1.63e-02	1.33e-07
 7.57098e+16	9.84e-01	1.59e-02	1.45e-07
 7.57192e+16	9.85e-01	1.55e-02	1.56e-07
 7.57275e+16	9.85e-01	1.51e-02	1.65e-07
 7.57352e+16	9.85e-01	1.48e-02	1.71e-07
 7.57427e+16	9.86e-01	1.45e-02	1.77e-07
 7.57500e+16	9.86e-01	1.42e-02	1.82e-07
 7.57567e+16	9.86e-01	1.39e-02	1.87e-07
 7.57629e+16	9.86e-01	1.36e-02	1.90e-07
 7.57685e+16	9.87e-01	1.34e-02	1.94e-07
 7.57736e+16	9.87e-01	1.31e-02	1.96e-07
 7.57783e+16	9.87e-01	1.29e-02	1.99e-07
 7.57825e+16	9.87e-01	1.28e-02	2.01e-07
 7.57872e+16	9.87e-01	1.26e-02	2.04e-07
 7.57922e+16	9.88e-01	1.24e-02	2.07e-07
 7.57967e+16	9.88e-01	1.22e-02	2.10e-07
 7.58009e+16	9.88e-01	1.21e-02	2.12e-07
 7.58054e+16	9.88e-01	1.19e-02	2.15e-07
 7.58103e+16	9.88e-01	1.17e-02	2.18e-07
 7.58148e+16	9.88e-01	1.15e-02	2.21e-07
 7.58188e+16	9.89e-01	1.14e-02	2.23e-07
 7.58233e+16	9.89e-01	1.12e-02	2.27e-07
 7.58281e+16	9.89e-01	1.10e-02	2.31e-07
 7.58325e+16	9.89e-01	1.09e-02	2.34e-07
 7.58373e+16	9.89e-01	1.07e-02	2.37e-07
 7.58424e+16	9.89e-01	1.06e-02	2.40e-07
 7.58481e+16	9.90e-01	1.04e-02	2.44e-07
 7.58542e+16	9.90e-01	1.02e-02	2.48e-07
 7.58598e+16	9.90e-01	1.00e-02	2.52e-07
 7.58648e+16	9.90e-01	9.87e-03	2.56e-07
