#depth	O	O+	O+2	O+3	O+4	O+5	O+6	O+7	O+8	O[1]	O[2]	O[3]
 1.02541e+12	2.12e-06	3.38e-03	5.15e-01	4.79e-01	2.00e-03	0.00e+00	0.00e+00	0.00e+00	0.00e+00	1.55e-06	3.68e-07	2.00e-07
 6.15244e+12	2.12e-06	3.39e-03	5.16e-01	4.79e-01	1.99e-03	0.00e+00	0.00e+00	0.00e+00	0.00e+00	1.56e-06	3.68e-07	2.00e-07
 2.66606e+13	2.13e-06	3.40e-03	5.18e-01	4.77e-01	1.97e-03	0.00e+00	0.00e+00	0.00e+00	0.00e+00	1.56e-06	3.69e-07	2.01e-07
 1.08693e+14	2.17e-06	3.45e-03	5.26e-01	4.69e-01	1.90e-03	0.00e+00	0.00e+00	0.00e+00	0.00e+00	1.58e-06	3.76e-07	2.04e-07
 2.59633e+14	2.19e-06	3.52e-03	5.37e-01	4.57e-01	1.79e-03	0.00e+00	0.00e+00	0.00e+00	0.00e+00	1.60e-06	3.80e-07	2.07e-07
 4.55854e+14	2.24e-06	3.63e-03	5.53e-01	4.42e-01	1.65e-03	0.00e+00	0.00e+00	0.00e+00	0.00e+00	1.64e-06	3.88e-07	2.12e-07
 7.10943e+14	2.31e-06	3.76e-03	5.73e-01	4.21e-01	1.48e-03	0.00e+00	0.00e+00	0.00e+00	0.00e+00	1.69e-06	4.00e-07	2.18e-07
 1.04256e+15	2.42e-06	3.95e-03	6.01e-01	3.94e-01	1.28e-03	0.00e+00	0.00e+00	0.00e+00	0.00e+00	1.77e-06	4.18e-07	2.28e-07
 1.47366e+15	2.57e-06	4.22e-03	6.38e-01	3.57e-01	1.04e-03	0.00e+00	0.00e+00	0.00e+00	0.00e+00	1.89e-06	4.43e-07	2.43e-07
 2.03409e+15	2.80e-06	4.58e-03	6.88e-01	3.07e-01	7.76e-04	0.00e+00	0.00e+00	0.00e+00	0.00e+00	2.05e-06	4.81e-07	2.63e-07
 2.76264e+15	3.12e-06	5.08e-03	7.52e-01	2.42e-01	5.03e-04	0.00e+00	0.00e+00	0.00e+00	0.00e+00	2.29e-06	5.35e-07	2.93e-07
 3.50586e+15	3.41e-06	5.56e-03	8.14e-01	1.80e-01	3.00e-04	0.00e+00	0.00e+00	0.00e+00	0.00e+00	2.51e-06	5.83e-07	3.20e-07
 4.10239e+15	3.68e-06	5.95e-03	8.60e-01	1.34e-01	1.84e-04	0.00e+00	0.00e+00	0.00e+00	0.00e+00	2.71e-06	6.28e-07	3.44e-07
 4.71215e+15	3.99e-06	6.34e-03	8.99e-01	9.42e-02	1.04e-04	0.00e+00	0.00e+00	0.00e+00	0.00e+00	2.93e-06	6.78e-07	3.72e-07
 5.50485e+15	4.38e-06	6.79e-03	9.37e-01	5.66e-02	4.57e-05	0.00e+00	0.00e+00	0.00e+00	0.00e+00	3.23e-06	7.45e-07	4.09e-07
 6.53535e+15	4.84e-06	7.24e-03	9.65e-01	2.76e-02	1.45e-05	0.00e+00	0.00e+00	0.00e+00	0.00e+00	3.57e-06	8.20e-07	4.50e-07
 7.87500e+15	5.37e-06	7.67e-03	9.82e-01	1.06e-02	3.08e-06	0.00e+00	0.00e+00	0.00e+00	0.00e+00	3.96e-06	9.09e-07	4.99e-07
 9.61655e+15	6.05e-06	8.12e-03	9.89e-01	3.21e-03	4.35e-07	0.00e+00	0.00e+00	0.00e+00	0.00e+00	4.47e-06	1.02e-06	5.62e-07
 1.18806e+16	7.04e-06	8.68e-03	9.91e-01	7.95e-04	0.00e+00	0.00e+00	0.00e+00	0.00e+00	0.00e+00	5.20e-06	1.19e-06	6.53e-07
 1.48238e+16	8.60e-06	9.45e-03	9.90e-01	1.70e-04	0.00e+00	0.00e+00	0.00e+00	0.00e+00	0.00e+00	6.35e-06	1.45e-06	7.99e-07
 1.73117e+16	9.99e-06	1.01e-02	9.90e-01	5.95e-05	0.00e+00	0.00e+00	0.00e+00	0.00e+00	0.00e+00	7.37e-06	1.69e-06	9.28e-07
 1.90429e+16	1.13e-05	1.06e-02	9.89e-01	3.44e-05	0.00e+00	0.00e+00	0.00e+00	0.00e+00	0.00e+00	8.37e-06	1.92e-06	1.06e-06
 2.09472e+16	1.31e-05	1.13e-02	9.89e-01	2.21e-05	0.00e+00	0.00e+00	0.00e+00	0.00e+00	0.00e+00	9.67e-06	2.22e-06	1.22e-06
 2.30419e+16	1.55e-05	1.20e-02	9.88e-01	1.60e-05	0.00e+00	0.00e+00	0.00e+00	0.00e+00	0.00e+00	1.14e-05	2.63e-06	1.45e-06
 2.53461e+16	1.88e-05	1.30e-02	9.87e-01	1.27e-05	0.00e+00	0.00e+00	0.00e+00	0.00e+00	0.00e+00	1.38e-05	3.19e-06	1.76e-06
 2.78807e+16	2.34e-05	1.42e-02	9.86e-01	1.06e-05	0.00e+00	0.00e+00	0.00e+00	0.00e+00	0.00e+00	1.72e-05	3.99e-06	2.20e-06
 3.06687e+16	3.02e-05	1.58e-02	9.84e-01	9.12e-06	0.00e+00	0.00e+00	0.00e+00	0.00e+00	0.00e+00	2.22e-05	5.19e-06	2.86e-06
 3.37356e+16	4.09e-05	1.79e-02	9.82e-01	7.95e-06	0.00e+00	0.00e+00	0.00e+00	0.00e+00	0.00e+00	3.00e-05	7.04e-06	3.86e-06
 3.69270e+16	5.74e-05	2.07e-02	9.79e-01	6.96e-06	0.00e+00	0.00e+00	0.00e+00	0.00e+00	0.00e+00	4.20e-05	9.94e-06	5.43e-06
 3.90870e+16	7.44e-05	2.32e-02	9.77e-01	6.30e-06	0.00e+00	0.00e+00	0.00e+00	0.00e+00	0.00e+00	5.44e-05	1.29e-05	7.04e-06
 3.99582e+16	8.30e-05	2.44e-02	9.76e-01	6.02e-06	0.00e+00	0.00e+00	0.00e+00	0.00e+00	0.00e+00	6.07e-05	1.44e-05	7.86e-06
 4.06393e+16	9.02e-05	2.53e-02	9.75e-01	5.89e-06	0.00e+00	0.00e+00	0.00e+00	0.00e+00	0.00e+00	6.59e-05	1.57e-05	8.54e-06
 4.15247e+16	1.01e-04	2.66e-02	9.73e-01	5.66e-06	0.00e+00	0.00e+00	0.00e+00	0.00e+00	0.00e+00	7.37e-05	1.76e-05	9.55e-06
 4.26758e+16	1.17e-04	2.85e-02	9.71e-01	5.41e-06	0.00e+00	0.00e+00	0.00e+00	0.00e+00	0.00e+00	8.54e-05	2.05e-05	1.11e-05
 4.39494e+16	1.39e-04	3.08e-02	9.69e-01	5.08e-06	0.00e+00	0.00e+00	0.00e+00	0.00e+00	0.00e+00	1.01e-04	2.44e-05	1.32e-05
 4.50858e+16	1.63e-04	3.32e-02	9.67e-01	4.82e-06	0.00e+00	0.00e+00	0.00e+00	0.00e+00	0.00e+00	1.19e-04	2.87e-05	1.55e-05
 4.60599e+16	1.88e-04	3.56e-02	9.64e-01	4.59e-06	0.00e+00	0.00e+00	0.00e+00	0.00e+00	0.00e+00	1.37e-04	3.32e-05	1.78e-05
 4.71193e+16	2.20e-04	3.84e-02	9.61e-01	4.33e-06	0.00e+00	0.00e+00	0.00e+00	0.00e+00	0.00e+00	1.61e-04	3.89e-05	2.09e-05
 4.82710e+16	2.64e-04	4.20e-02	9.58e-01	4.07e-06	0.00e+00	0.00e+00	0.00e+00	0.00e+00	0.00e+00	1.92e-04	4.68e-05	2.50e-05
 4.92724e+16	3.12e-04	4.55e-02	9.54e-01	3.84e-06	0.00e+00	0.00e+00	0.00e+00	0.00e+00	0.00e+00	2.27e-04	5.53e-05	2.96e-05
 5.01296e+16	3.61e-04	4.90e-02	9.51e-01	3.64e-06	0.00e+00	0.00e+00	0.00e+00	0.00e+00	0.00e+00	2.62e-04	6.41e-05	3.42e-05
 5.10695e+16	4.24e-04	5.32e-02	9.46e-01	3.42e-06	0.00e+00	0.00e+00	0.00e+00	0.00e+00	0.00e+00	3.08e-04	7.56e-05	4.02e-05
 5.21009e+16	5.13e-04	5.85e-02	9.41e-01	3.19e-06	0.00e+00	0.00e+00	0.00e+00	0.00e+00	0.00e+00	3.72e-04	9.15e-05	4.86e-05
 5.30116e+16	6.11e-04	6.40e-02	9.35e-01	2.98e-06	0.00e+00	0.00e+00	0.00e+00	0.00e+00	0.00e+00	4.43e-04	1.09e-04	5.79e-05
 5.37951e+16	7.13e-04	6.94e-02	9.30e-01	2.79e-06	0.00e+00	0.00e+00	0.00e+00	0.00e+00	0.00e+00	5.17e-04	1.28e-04	6.76e-05
 5.46531e+16	8.49e-04	7.60e-02	9.23e-01	2.60e-06	0.00e+00	0.00e+00	0.00e+00	0.00e+00	0.00e+00	6.16e-04	1.52e-04	8.04e-05
 5.55937e+16	1.04e-03	8.45e-02	9.14e-01	2.38e-06	0.00e+00	0.00e+00	0.00e+00	0.00e+00	0.00e+00	7.53e-04	1.86e-04	9.82e-05
 5.64253e+16	1.25e-03	9.32e-02	9.06e-01	2.18e-06	0.00e+00	0.00e+00	0.00e+00	0.00e+00	0.00e+00	9.09e-04	2.24e-04	1.18e-04
 5.71474e+16	1.48e-03	1.02e-01	8.97e-01	2.02e-06	0.00e+00	0.00e+00	0.00e+00	0.00e+00	0.00e+00	1.08e-03	2.65e-04	1.40e-04
 5.79434e+16	1.79e-03	1.13e-01	8.85e-01	1.84e-06	0.00e+00	0.00e+00	0.00e+00	0.00e+00	0.00e+00	1.30e-03	3.21e-04	1.69e-04
 5.88122e+16	2.23e-03	1.27e-01	8.71e-01	1.65e-06	0.00e+00	0.00e+00	0.00e+00	0.00e+00	0.00e+00	1.62e-03	4.00e-04	2.11e-04
 5.95716e+16	2.74e-03	1.42e-01	8.56e-01	1.48e-06	0.00e+00	0.00e+00	0.00e+00	0.00e+00	0.00e+00	1.99e-03	4.90e-04	2.58e-04
 6.02120e+16	3.27e-03	1.56e-01	8.41e-01	1.34e-06	0.00e+00	0.00e+00	0.00e+00	0.00e+00	0.00e+00	2.38e-03	5.86e-04	3.08e-04
 6.09021e+16	3.99e-03	1.73e-01	8.23e-01	1.19e-06	0.00e+00	0.00e+00	0.00e+00	0.00e+00	0.00e+00	2.90e-03	7.14e-04	3.75e-04
 6.16490e+16	5.01e-03	1.95e-01	8.00e-01	1.03e-06	0.00e+00	0.00e+00	0.00e+00	0.00e+00	0.00e+00	3.64e-03	8.94e-04	4.70e-04
 6.22864e+16	6.14e-03	2.17e-01	7.77e-01	9.09e-07	0.00e+00	0.00e+00	0.00e+00	0.00e+00	0.00e+00	4.46e-03	1.10e-03	5.76e-04
 6.28157e+16	7.30e-03	2.38e-01	7.55e-01	8.01e-07	0.00e+00	0.00e+00	0.00e+00	0.00e+00	0.00e+00	5.31e-03	1.30e-03	6.85e-04
 6.33878e+16	8.86e-03	2.63e-01	7.29e-01	6.94e-07	0.00e+00	0.00e+00	0.00e+00	0.00e+00	0.00e+00	6.45e-03	1.58e-03	8.31e-04
 6.40131e+16	1.11e-02	2.94e-01	6.95e-01	5.84e-07	0.00e+00	0.00e+00	0.00e+00	0.00e+00	0.00e+00	8.06e-03	1.97e-03	1.04e-03
 6.45571e+16	1.36e-02	3.25e-01	6.61e-01	4.95e-07	0.00e+00	0.00e+00	0.00e+00	0.00e+00	0.00e+00	9.89e-03	2.42e-03	1.27e-03
 6.50125e+16	1.62e-02	3.54e-01	6.29e-01	4.23e-07	0.00e+00	0.00e+00	0.00e+00	0.00e+00	0.00e+00	1.18e-02	2.88e-03	1.52e-03
 6.55033e+16	1.97e-02	3.89e-01	5.92e-01	3.50e-07	0.00e+00	0.00e+00	0.00e+00	0.00e+00	0.00e+00	1.43e-02	3.49e-03	1.84e-03
 6.60393e+16	2.45e-02	4.30e-01	5.46e-01	2.76e-07	0.00e+00	0.00e+00	0.00e+00	0.00e+00	0.00e+00	1.79e-02	4.34e-03	2.29e-03
 6.65074e+16	3.01e-02	4.69e-01	5.01e-01	2.20e-07	0.00e+00	0.00e+00	0.00e+00	0.00e+00	0.00e+00	2.19e-02	5.31e-03	2.80e-03
 6.69032e+16	3.58e-02	5.05e-01	4.60e-01	1.77e-07	0.00e+00	0.00e+00	0.00e+00	0.00e+00	0.00e+00	2.62e-02	6.32e-03	3.34e-03
 6.73315e+16	4.33e-02	5.43e-01	4.13e-01	1.35e-07	0.00e+00	0.00e+00	0.00e+00	0.00e+00	0.00e+00	3.16e-02	7.62e-03	4.03e-03
 6.78054e+16	5.40e-02	5.87e-01	3.59e-01	0.00e+00	0.00e+00	0.00e+00	0.00e+00	0.00e+00	0.00e+00	3.95e-02	9.46e-03	5.02e-03
 6.82252e+16	6.61e-02	6.26e-01	3.08e-01	0.00e+00	0.00e+00	0.00e+00	0.00e+00	0.00e+00	0.00e+00	4.84e-02	1.15e-02	6.13e-03
 6.85386e+16	7.72e-02	6.53e-01	2.70e-01	0.00e+00	0.00e+00	0.00e+00	0.00e+00	0.00e+00	0.00e+00	5.66e-02	1.34e-02	7.15e-03
 6.87697e+16	8.66e-02	6.72e-01	2.42e-01	0.00e+00	0.00e+00	0.00e+00	0.00e+00	0.00e+00	0.00e+00	6.35e-02	1.50e-02	8.02e-03
 6.90128e+16	9.78e-02	6.89e-01	2.13e-01	0.00e+00	0.00e+00	0.00e+00	0.00e+00	0.00e+00	0.00e+00	7.18e-02	1.69e-02	9.04e-03
 6.92873e+16	1.12e-01	7.06e-01	1.82e-01	0.00e+00	0.00e+00	0.00e+00	0.00e+00	0.00e+00	0.00e+00	8.27e-02	1.93e-02	1.04e-02
 6.95368e+16	1.28e-01	7.17e-01	1.55e-01	0.00e+00	0.00e+00	0.00e+00	0.00e+00	0.00e+00	0.00e+00	9.40e-02	2.18e-02	1.18e-02
 6.97479e+16	1.42e-01	7.24e-01	1.34e-01	0.00e+00	0.00e+00	0.00e+00	0.00e+00	0.00e+00	0.00e+00	1.05e-01	2.42e-02	1.31e-02
 6.99419e+16	1.57e-01	7.27e-01	1.15e-01	0.00e+00	0.00e+00	0.00e+00	0.00e+00	0.00e+00	0.00e+00	1.16e-01	2.66e-02	1.44e-02
 7.01613e+16	1.76e-01	7.28e-01	9.62e-02	0.00e+00	0.00e+00	0.00e+00	0.00e+00	0.00e+00	0.00e+00	1.30e-01	2.96e-02	1.61e-02
 7.03948e+16	1.99e-01	7.23e-01	7.76e-02	0.00e+00	0.00e+00	0.00e+00	0.00e+00	0.00e+00	0.00e+00	1.48e-01	3.32e-02	1.82e-02
 7.05862e+16	2.20e-01	7.16e-01	6.41e-02	0.00e+00	0.00e+00	0.00e+00	0.00e+00	0.00e+00	0.00e+00	1.64e-01	3.64e-02	2.00e-02
 7.07417e+16	2.38e-01	7.07e-01	5.45e-02	0.00e+00	0.00e+00	0.00e+00	0.00e+00	0.00e+00	0.00e+00	1.78e-01	3.91e-02	2.16e-02
 7.09105e+16	2.60e-01	6.95e-01	4.50e-02	0.00e+00	0.00e+00	0.00e+00	0.00e+00	0.00e+00	0.00e+00	1.95e-01	4.22e-02	2.35e-02
 7.10980e+16	2.87e-01	6.77e-01	3.58e-02	0.00e+00	0.00e+00	0.00e+00	0.00e+00	0.00e+00	0.00e+00	2.16e-01	4.60e-02	2.58e-02
 7.12662e+16	3.14e-01	6.57e-01	2.86e-02	0.00e+00	0.00e+00	0.00e+00	0.00e+00	0.00e+00	0.00e+00	2.36e-01	4.97e-02	2.81e-02
 7.14096e+16	3.38e-01	6.39e-01	2.35e-02	0.00e+00	0.00e+00	0.00e+00	0.00e+00	0.00e+00	0.00e+00	2.55e-01	5.28e-02	3.00e-02
 7.15643e+16	3.66e-01	6.16e-01	1.87e-02	0.00e+00	0.00e+00	0.00e+00	0.00e+00	0.00e+00	0.00e+00	2.77e-01	5.63e-02	3.22e-02
 7.17330e+16	3.97e-01	5.88e-01	1.44e-02	0.00e+00	0.00e+00	0.00e+00	0.00e+00	0.00e+00	0.00e+00	3.03e-01	6.00e-02	3.48e-02
 7.18833e+16	4.28e-01	5.61e-01	1.12e-02	0.00e+00	0.00e+00	0.00e+00	0.00e+00	0.00e+00	0.00e+00	3.27e-01	6.35e-02	3.71e-02
 7.20156e+16	4.56e-01	5.36e-01	8.85e-03	0.00e+00	0.00e+00	0.00e+00	0.00e+00	0.00e+00	0.00e+00	3.50e-01	6.63e-02	3.91e-02
 7.21425e+16	4.84e-01	5.09e-01	7.00e-03	0.00e+00	0.00e+00	0.00e+00	0.00e+00	0.00e+00	0.00e+00	3.73e-01	6.90e-02	4.11e-02
 7.22699e+16	5.11e-01	4.83e-01	5.49e-03	0.00e+00	0.00e+00	0.00e+00	0.00e+00	0.00e+00	0.00e+00	3.97e-01	7.15e-02	4.30e-02
 7.23868e+16	5.39e-01	4.57e-01	4.33e-03	0.00e+00	0.00e+00	0.00e+00	0.00e+00	0.00e+00	0.00e+00	4.20e-01	7.37e-02	4.48e-02
 7.24889e+16	5.61e-01	4.35e-01	3.51e-03	0.00e+00	0.00e+00	0.00e+00	0.00e+00	0.00e+00	0.00e+00	4.40e-01	7.53e-02	4.62e-02
 7.25820e+16	5.83e-01	4.15e-01	2.88e-03	0.00e+00	0.00e+00	0.00e+00	0.00e+00	0.00e+00	0.00e+00	4.58e-01	7.66e-02	4.74e-02
 7.26537e+16	5.99e-01	3.99e-01	2.47e-03	0.00e+00	0.00e+00	0.00e+00	0.00e+00	0.00e+00	0.00e+00	4.73e-01	7.74e-02	4.83e-02
 7.27026e+16	6.09e-01	3.89e-01	2.23e-03	0.00e+00	0.00e+00	0.00e+00	0.00e+00	0.00e+00	0.00e+00	4.82e-01	7.79e-02	4.88e-02
 7.27504e+16	6.19e-01	3.79e-01	2.00e-03	0.00e+00	0.00e+00	0.00e+00	0.00e+00	0.00e+00	0.00e+00	4.91e-01	7.83e-02	4.93e-02
 7.28080e+16	6.32e-01	3.66e-01	1.75e-03	0.00e+00	0.00e+00	0.00e+00	0.00e+00	0.00e+00	0.00e+00	5.04e-01	7.87e-02	4.99e-02
 7.28687e+16	6.46e-01	3.52e-01	1.51e-03	0.00e+00	0.00e+00	0.00e+00	0.00e+00	0.00e+00	0.00e+00	5.17e-01	7.92e-02	5.06e-02
 7.29227e+16	6.58e-01	3.40e-01	1.33e-03	0.00e+00	0.00e+00	0.00e+00	0.00e+00	0.00e+00	0.00e+00	5.28e-01	7.94e-02	5.10e-02
 7.29724e+16	6.69e-01	3.29e-01	1.18e-03	0.00e+00	0.00e+00	0.00e+00	0.00e+00	0.00e+00	0.00e+00	5.38e-01	7.96e-02	5.15e-02
 7.30231e+16	6.80e-01	3.19e-01	1.04e-03	0.00e+00	0.00e+00	0.00e+00	0.00e+00	0.00e+00	0.00e+00	5.49e-01	7.98e-02	5.18e-02
 7.30758e+16	6.92e-01	3.07e-01	9.12e-04	0.00e+00	0.00e+00	0.00e+00	0.00e+00	0.00e+00	0.00e+00	5.60e-01	7.98e-02	5.22e-02
 7.31277e+16	7.03e-01	2.96e-01	7.99e-04	0.00e+00	0.00e+00	0.00e+00	0.00e+00	0.00e+00	0.00e+00	5.71e-01	7.98e-02	5.25e-02
 7.31774e+16	7.14e-01	2.85e-01	7.02e-04	0.00e+00	0.00e+00	0.00e+00	0.00e+00	0.00e+00	0.00e+00	5.82e-01	7.98e-02	5.28e-02
 7.32265e+16	7.24e-01	2.75e-01	6.18e-04	0.00e+00	0.00e+00	0.00e+00	0.00e+00	0.00e+00	0.00e+00	5.92e-01	7.96e-02	5.30e-02
 7.32761e+16	7.35e-01	2.65e-01	5.40e-04	0.00e+00	0.00e+00	0.00e+00	0.00e+00	0.00e+00	0.00e+00	6.02e-01	7.94e-02	5.32e-02
 7.33253e+16	7.45e-01	2.55e-01	4.73e-04	0.00e+00	0.00e+00	0.00e+00	0.00e+00	0.00e+00	0.00e+00	6.12e-01	7.92e-02	5.33e-02
 7.33739e+16	7.55e-01	2.45e-01	4.14e-04	0.00e+00	0.00e+00	0.00e+00	0.00e+00	0.00e+00	0.00e+00	6.22e-01	7.89e-02	5.34e-02
 7.34223e+16	7.64e-01	2.35e-01	3.62e-04	0.00e+00	0.00e+00	0.00e+00	0.00e+00	0.00e+00	0.00e+00	6.32e-01	7.85e-02	5.35e-02
 7.34694e+16	7.74e-01	2.26e-01	3.17e-04	0.00e+00	0.00e+00	0.00e+00	0.00e+00	0.00e+00	0.00e+00	6.42e-01	7.81e-02	5.35e-02
 7.35159e+16	7.82e-01	2.17e-01	2.77e-04	0.00e+00	0.00e+00	0.00e+00	0.00e+00	0.00e+00	0.00e+00	6.51e-01	7.77e-02	5.35e-02
 7.35632e+16	7.91e-01	2.08e-01	2.41e-04	0.00e+00	0.00e+00	0.00e+00	0.00e+00	0.00e+00	0.00e+00	6.61e-01	7.71e-02	5.34e-02
 7.36099e+16	8.00e-01	2.00e-01	2.11e-04	0.00e+00	0.00e+00	0.00e+00	0.00e+00	0.00e+00	0.00e+00	6.70e-01	7.66e-02	5.34e-02
 7.36557e+16	8.08e-01	1.92e-01	1.84e-04	0.00e+00	0.00e+00	0.00e+00	0.00e+00	0.00e+00	0.00e+00	6.79e-01	7.60e-02	5.32e-02
 7.37011e+16	8.16e-01	1.84e-01	1.60e-04	0.00e+00	0.00e+00	0.00e+00	0.00e+00	0.00e+00	0.00e+00	6.87e-01	7.54e-02	5.31e-02
 7.37467e+16	8.23e-01	1.76e-01	1.40e-04	0.00e+00	0.00e+00	0.00e+00	0.00e+00	0.00e+00	0.00e+00	6.96e-01	7.48e-02	5.29e-02
 7.37925e+16	8.31e-01	1.69e-01	1.21e-04	0.00e+00	0.00e+00	0.00e+00	0.00e+00	0.00e+00	0.00e+00	7.04e-01	7.41e-02	5.27e-02
 7.38368e+16	8.38e-01	1.62e-01	1.06e-04	0.00e+00	0.00e+00	0.00e+00	0.00e+00	0.00e+00	0.00e+00	7.12e-01	7.34e-02	5.24e-02
 7.38803e+16	8.45e-01	1.55e-01	9.22e-05	0.00e+00	0.00e+00	0.00e+00	0.00e+00	0.00e+00	0.00e+00	7.20e-01	7.27e-02	5.22e-02
 7.39246e+16	8.52e-01	1.48e-01	8.00e-05	0.00e+00	0.00e+00	0.00e+00	0.00e+00	0.00e+00	0.00e+00	7.28e-01	7.20e-02	5.19e-02
 7.39693e+16	8.58e-01	1.42e-01	6.93e-05	0.00e+00	0.00e+00	0.00e+00	0.00e+00	0.00e+00	0.00e+00	7.36e-01	7.12e-02	5.16e-02
 7.40125e+16	8.65e-01	1.35e-01	6.02e-05	0.00e+00	0.00e+00	0.00e+00	0.00e+00	0.00e+00	0.00e+00	7.43e-01	7.05e-02	5.12e-02
 7.40542e+16	8.70e-01	1.30e-01	5.26e-05	0.00e+00	0.00e+00	0.00e+00	0.00e+00	0.00e+00	0.00e+00	7.49e-01	6.98e-02	5.09e-02
 7.40957e+16	8.76e-01	1.24e-01	4.59e-05	0.00e+00	0.00e+00	0.00e+00	0.00e+00	0.00e+00	0.00e+00	7.56e-01	6.90e-02	5.06e-02
 7.41373e+16	8.81e-01	1.19e-01	3.99e-05	0.00e+00	0.00e+00	0.00e+00	0.00e+00	0.00e+00	0.00e+00	7.63e-01	6.83e-02	5.02e-02
 7.41787e+16	8.86e-01	1.14e-01	3.47e-05	0.00e+00	0.00e+00	0.00e+00	0.00e+00	0.00e+00	0.00e+00	7.69e-01	6.75e-02	4.98e-02
 7.42191e+16	8.91e-01	1.09e-01	3.03e-05	0.00e+00	0.00e+00	0.00e+00	0.00e+00	0.00e+00	0.00e+00	7.75e-01	6.68e-02	4.95e-02
 7.42580e+16	8.96e-01	1.04e-01	2.66e-05	0.00e+00	0.00e+00	0.00e+00	0.00e+00	0.00e+00	0.00e+00	7.80e-01	6.61e-02	4.91e-02
 7.42963e+16	9.00e-01	9.99e-02	2.33e-05	0.00e+00	0.00e+00	0.00e+00	0.00e+00	0.00e+00	0.00e+00	7.86e-01	6.54e-02	4.87e-02
 7.43349e+16	9.04e-01	9.57e-02	2.04e-05	0.00e+00	0.00e+00	0.00e+00	0.00e+00	0.00e+00	0.00e+00	7.91e-01	6.47e-02	4.84e-02
 7.43734e+16	9.08e-01	9.17e-02	1.79e-05	0.00e+00	0.00e+00	0.00e+00	0.00e+00	0.00e+00	0.00e+00	7.96e-01	6.40e-02	4.80e-02
 7.44107e+16	9.12e-01	8.79e-02	1.57e-05	0.00e+00	0.00e+00	0.00e+00	0.00e+00	0.00e+00	0.00e+00	8.01e-01	6.34e-02	4.76e-02
 7.44469e+16	9.16e-01	8.43e-02	1.38e-05	0.00e+00	0.00e+00	0.00e+00	0.00e+00	0.00e+00	0.00e+00	8.06e-01	6.27e-02	4.72e-02
 7.44829e+16	9.19e-01	8.08e-02	1.22e-05	0.00e+00	0.00e+00	0.00e+00	0.00e+00	0.00e+00	0.00e+00	8.10e-01	6.21e-02	4.69e-02
 7.45193e+16	9.22e-01	7.75e-02	1.07e-05	0.00e+00	0.00e+00	0.00e+00	0.00e+00	0.00e+00	0.00e+00	8.14e-01	6.15e-02	4.65e-02
 7.45552e+16	9.26e-01	7.42e-02	9.39e-06	0.00e+00	0.00e+00	0.00e+00	0.00e+00	0.00e+00	0.00e+00	8.19e-01	6.08e-02	4.61e-02
 7.45898e+16	9.29e-01	7.12e-02	8.30e-06	0.00e+00	0.00e+00	0.00e+00	0.00e+00	0.00e+00	0.00e+00	8.23e-01	6.03e-02	4.58e-02
 7.46239e+16	9.32e-01	6.84e-02	7.34e-06	0.00e+00	0.00e+00	0.00e+00	0.00e+00	0.00e+00	0.00e+00	8.26e-01	5.97e-02	4.55e-02
 7.46584e+16	9.34e-01	6.56e-02	6.47e-06	0.00e+00	0.00e+00	0.00e+00	0.00e+00	0.00e+00	0.00e+00	8.30e-01	5.91e-02	4.51e-02
 7.46930e+16	9.37e-01	6.29e-02	5.71e-06	0.00e+00	0.00e+00	0.00e+00	0.00e+00	0.00e+00	0.00e+00	8.34e-01	5.86e-02	4.48e-02
 7.47266e+16	9.40e-01	6.03e-02	5.05e-06	0.00e+00	0.00e+00	0.00e+00	0.00e+00	0.00e+00	0.00e+00	8.37e-01	5.80e-02	4.44e-02
 7.47594e+16	9.42e-01	5.79e-02	4.48e-06	0.00e+00	0.00e+00	0.00e+00	0.00e+00	0.00e+00	0.00e+00	8.40e-01	5.75e-02	4.41e-02
 7.47921e+16	9.44e-01	5.57e-02	3.97e-06	0.00e+00	0.00e+00	0.00e+00	0.00e+00	0.00e+00	0.00e+00	8.44e-01	5.70e-02	4.37e-02
 7.48249e+16	9.47e-01	5.34e-02	3.52e-06	0.00e+00	0.00e+00	0.00e+00	0.00e+00	0.00e+00	0.00e+00	8.47e-01	5.65e-02	4.34e-02
 7.48574e+16	9.49e-01	5.13e-02	3.12e-06	0.00e+00	0.00e+00	0.00e+00	0.00e+00	0.00e+00	0.00e+00	8.50e-01	5.60e-02	4.30e-02
 7.48892e+16	9.51e-01	4.93e-02	2.77e-06	0.00e+00	0.00e+00	0.00e+00	0.00e+00	0.00e+00	0.00e+00	8.53e-01	5.56e-02	4.26e-02
 7.49205e+16	9.53e-01	4.73e-02	2.47e-06	0.00e+00	0.00e+00	0.00e+00	0.00e+00	0.00e+00	0.00e+00	8.55e-01	5.51e-02	4.23e-02
 7.49515e+16	9.55e-01	4.54e-02	2.19e-06	0.00e+00	0.00e+00	0.00e+00	0.00e+00	0.00e+00	0.00e+00	8.58e-01	5.46e-02	4.20e-02
 7.49827e+16	9.56e-01	4.38e-02	1.95e-06	0.00e+00	0.00e+00	0.00e+00	0.00e+00	0.00e+00	0.00e+00	8.60e-01	5.42e-02	4.17e-02
 7.50139e+16	9.58e-01	4.19e-02	1.74e-06	0.00e+00	0.00e+00	0.00e+00	0.00e+00	0.00e+00	0.00e+00	8.63e-01	5.38e-02	4.13e-02
 7.50442e+16	9.60e-01	4.03e-02	1.55e-06	0.00e+00	0.00e+00	0.00e+00	0.00e+00	0.00e+00	0.00e+00	8.65e-01	5.34e-02	4.10e-02
 7.50738e+16	9.61e-01	3.87e-02	1.38e-06	0.00e+00	0.00e+00	0.00e+00	0.00e+00	0.00e+00	0.00e+00	8.68e-01	5.30e-02	4.07e-02
 7.51040e+16	9.63e-01	3.72e-02	1.23e-06	0.00e+00	0.00e+00	0.00e+00	0.00e+00	0.00e+00	0.00e+00	8.70e-01	5.26e-02	4.04e-02
 7.51347e+16	9.64e-01	3.56e-02	1.10e-06	0.00e+00	0.00e+00	0.00e+00	0.00e+00	0.00e+00	0.00e+00	8.72e-01	5.22e-02	4.01e-02
 7.51646e+16	9.66e-01	3.42e-02	9.80e-07	0.00e+00	0.00e+00	0.00e+00	0.00e+00	0.00e+00	0.00e+00	8.74e-01	5.18e-02	3.98e-02
 7.51930e+16	9.67e-01	3.29e-02	8.81e-07	0.00e+00	0.00e+00	0.00e+00	0.00e+00	0.00e+00	0.00e+00	8.76e-01	5.15e-02	3.96e-02
 7.52207e+16	9.68e-01	3.17e-02	7.93e-07	0.00e+00	0.00e+00	0.00e+00	0.00e+00	0.00e+00	0.00e+00	8.78e-01	5.12e-02	3.93e-02
 7.52492e+16	9.70e-01	3.05e-02	7.11e-07	0.00e+00	0.00e+00	0.00e+00	0.00e+00	0.00e+00	0.00e+00	8.80e-01	5.09e-02	3.91e-02
 7.52784e+16	9.71e-01	2.92e-02	6.35e-07	0.00e+00	0.00e+00	0.00e+00	0.00e+00	0.00e+00	0.00e+00	8.81e-01	5.05e-02	3.88e-02
 7.53071e+16	9.72e-01	2.80e-02	5.68e-07	0.00e+00	0.00e+00	0.00e+00	0.00e+00	0.00e+00	0.00e+00	8.83e-01	5.02e-02	3.86e-02
 7.53347e+16	9.73e-01	2.68e-02	5.11e-07	0.00e+00	0.00e+00	0.00e+00	0.00e+00	0.00e+00	0.00e+00	8.85e-01	4.99e-02	3.83e-02
 7.53615e+16	9.74e-01	2.58e-02	4.61e-07	0.00e+00	0.00e+00	0.00e+00	0.00e+00	0.00e+00	0.00e+00	8.87e-01	4.96e-02	3.81e-02
 7.53884e+16	9.75e-01	2.48e-02	4.16e-07	0.00e+00	0.00e+00	0.00e+00	0.00e+00	0.00e+00	0.00e+00	8.88e-01	4.93e-02	3.78e-02
 7.54156e+16	9.76e-01	2.38e-02	3.74e-07	0.00e+00	0.00e+00	0.00e+00	0.00e+00	0.00e+00	0.00e+00	8.90e-01	4.90e-02	3.76e-02
 7.54420e+16	9.77e-01	2.28e-02	3.38e-07	0.00e+00	0.00e+00	0.00e+00	0.00e+00	0.00e+00	0.00e+00	8.91e-01	4.87e-02	3.74e-02
 7.54664e+16	9.78e-01	2.20e-02	3.08e-07	0.00e+00	0.00e+00	0.00e+00	0.00e+00	0.00e+00	0.00e+00	8.92e-01	4.85e-02	3.72e-02
 7.54890e+16	9.79e-01	2.12e-02	2.83e-07	0.00e+00	0.00e+00	0.00e+00	0.00e+00	0.00e+00	0.00e+00	8.94e-01	4.82e-02	3.70e-02
 7.55097e+16	9.79e-01	2.05e-02	2.61e-07	0.00e+00	0.00e+00	0.00e+00	0.00e+00	0.00e+00	0.00e+00	8.95e-01	4.80e-02	3.68e-02
 7.55286e+16	9.80e-01	1.99e-02	2.44e-07	0.00e+00	0.00e+00	0.00e+00	0.00e+00	0.00e+00	0.00e+00	8.96e-01	4.79e-02	3.67e-02
 7.55460e+16	9.81e-01	1.94e-02	2.28e-07	0.00e+00	0.00e+00	0.00e+00	0.00e+00	0.00e+00	0.00e+00	8.96e-01	4.77e-02	3.65e-02
 7.55626e+16	9.81e-01	1.89e-02	2.14e-07	0.00e+00	0.00e+00	0.00e+00	0.00e+00	0.00e+00	0.00e+00	8.97e-01	4.75e-02	3.64e-02
 7.55783e+16	9.82e-01	1.84e-02	2.02e-07	0.00e+00	0.00e+00	0.00e+00	0.00e+00	0.00e+00	0.00e+00	8.98e-01	4.73e-02	3.62e-02
 7.55927e+16	9.82e-01	1.79e-02	1.91e-07	0.00e+00	0.00e+00	0.00e+00	0.00e+00	0.00e+00	0.00e+00	8.99e-01	4.72e-02	3.61e-02
 7.56061e+16	9.82e-01	1.75e-02	1.82e-07	0.00e+00	0.00e+00	0.00e+00	0.00e+00	0.00e+00	0.00e+00	8.99e-01	4.70e-02	3.60e-02
 7.56188e+16	9.83e-01	1.71e-02	1.73e-07	0.00e+00	0.00e+00	0.00e+00	0.00e+00	0.00e+00	0.00e+00	9.00e-01	4.69e-02	3.59e-02
 7.56311e+16	9.83e-01	1.68e-02	1.65e-07	0.00e+00	0.00e+00	0.00e+00	0.00e+00	0.00e+00	0.00e+00	9.01e-01	4.68e-02	3.57e-02
 7.56428e+16	9.84e-01	1.64e-02	1.58e-07	0.00e+00	0.00e+00	0.00e+00	0.00e+00	0.00e+00	0.00e+00	9.01e-01	4.66e-02	3.56e-02
 7.56539e+16	9.84e-01	1.61e-02	1.52e-07	0.00e+00	0.00e+00	0.00e+00	0.00e+00	0.00e+00	0.00e+00	9.02e-01	4.65e-02	3.55e-02
 7.56643e+16	9.84e-01	1.58e-02	1.46e-07	0.00e+00	0.00e+00	0.00e+00	0.00e+00	0.00e+00	0.00e+00	9.02e-01	4.64e-02	3.54e-02
 7.56744e+16	9.85e-01	1.55e-02	1.40e-07	0.00e+00	0.00e+00	0.00e+00	0.00e+00	0.00e+00	0.00e+00	9.03e-01	4.62e-02	3.53e-02
 7.56840e+16	9.85e-01	1.52e-02	1.35e-07	0.00e+00	0.00e+00	0.00e+00	0.00e+00	0.00e+00	0.00e+00	9.04e-01	4.61e-02	3.52e-02
 7.56933e+16	9.85e-01	1.49e-02	1.30e-07	0.00e+00	0.00e+00	0.00e+00	0.00e+00	0.00e+00	0.00e+00	9.04e-01	4.60e-02	3.51e-02
 7.57023e+16	9.85e-01	1.46e-02	1.26e-07	0.00e+00	0.00e+00	0.00e+00	0.00e+00	0.00e+00	0.00e+00	9.05e-01	4.59e-02	3.50e-02
 7.57111e+16	9.86e-01	1.43e-02	1.22e-07	0.00e+00	0.00e+00	0.00e+00	0.00e+00	0.00e+00	0.00e+00	9.05e-01	4.58e-02	3.49e-02
 7.57197e+16	9.86e-01	1.40e-02	1.17e-07	0.00e+00	0.00e+00	0.00e+00	0.00e+00	0.00e+00	0.00e+00	9.06e-01	4.56e-02	3.48e-02
 7.57283e+16	9.86e-01	1.38e-02	1.14e-07	0.00e+00	0.00e+00	0.00e+00	0.00e+00	0.00e+00	0.00e+00	9.06e-01	4.55e-02	3.47e-02
 7.57369e+16	9.87e-01	1.35e-02	1.10e-07	0.00e+00	0.00e+00	0.00e+00	0.00e+00	0.00e+00	0.00e+00	9.07e-01	4.54e-02	3.45e-02
 7.57455e+16	9.87e-01	1.32e-02	1.06e-07	0.00e+00	0.00e+00	0.00e+00	0.00e+00	0.00e+00	0.00e+00	9.07e-01	4.52e-02	3.44e-02
 7.57544e+16	9.87e-01	1.29e-02	1.02e-07	0.00e+00	0.00e+00	0.00e+00	0.00e+00	0.00e+00	0.00e+00	9.08e-01	4.51e-02	3.43e-02
 7.57637e+16	9.87e-01	1.26e-02	9.83e-08	0.00e+00	0.00e+00	0.00e+00	0.00e+00	0.00e+00	0.00e+00	9.08e-01	4.49e-02	3.41e-02
 7.57735e+16	9.88e-01	1.22e-02	9.42e-08	0.00e+00	0.00e+00	0.00e+00	0.00e+00	0.00e+00	0.00e+00	9.09e-01	4.47e-02	3.40e-02
 7.57831e+16	9.88e-01	1.19e-02	9.05e-08	0.00e+00	0.00e+00	0.00e+00	0.00e+00	0.00e+00	0.00e+00	9.10e-01	4.46e-02	3.38e-02
 7.57917e+16	9.88e-01	1.16e-02	8.72e-08	0.00e+00	0.00e+00	0.00e+00	0.00e+00	0.00e+00	0.00e+00	9.10e-01	4.44e-02	3.37e-02
 7.57995e+16	9.89e-01	1.13e-02	8.43e-08	0.00e+00	0.00e+00	0.00e+00	0.00e+00	0.00e+00	0.00e+00	9.11e-01	4.42e-02	3.35e-02
 7.58070e+16	9.89e-01	1.10e-02	8.16e-08	0.00e+00	0.00e+00	0.00e+00	0.00e+00	0.00e+00	0.00e+00	9.12e-01	4.41e-02	3.34e-02
 7.58143e+16	9.89e-01	1.08e-02	7.90e-08	0.00e+00	0.00e+00	0.00e+00	0.00e+00	0.00e+00	0.00e+00	9.12e-01	4.39e-02	3.32e-02
 7.58211e+16	9.89e-01	1.05e-02	7.66e-08	0.00e+00	0.00e+00	0.00e+00	0.00e+00	0.00e+00	0.00e+00	9.13e-01	4.37e-02	3.31e-02
 7.58273e+16	9.90e-01	1.03e-02	7.44e-08	0.00e+00	0.00e+00	0.00e+00	0.00e+00	0.00e+00	0.00e+00	9.13e-01	4.36e-02	3.29e-02
 7.58330e+16	9.90e-01	1.01e-02	7.25e-08	0.00e+00	0.00e+00	0.00e+00	0.00e+00	0.00e+00	0.00e+00	9.14e-01	4.34e-02	3.28e-02
 7.58381e+16	9.90e-01	9.93e-03	7.07e-08	0.00e+00	0.00e+00	0.00e+00	0.00e+00	0.00e+00	0.00e+00	9.14e-01	4.33e-02	3.27e-02
 7.58428e+16	9.90e-01	9.77e-03	6.91e-08	0.00e+00	0.00e+00	0.00e+00	0.00e+00	0.00e+00	0.00e+00	9.14e-01	4.32e-02	3.26e-02
 7.58471e+16	9.90e-01	9.63e-03	6.78e-08	0.00e+00	0.00e+00	0.00e+00	0.00e+00	0.00e+00	0.00e+00	9.15e-01	4.31e-02	3.25e-02
 7.58518e+16	9.91e-01	9.46e-03	6.61e-08	0.00e+00	0.00e+00	0.00e+00	0.00e+00	0.00e+00	0.00e+00	9.15e-01	4.30e-02	3.23e-02
 7.58568e+16	9.91e-01	9.30e-03	6.45e-08	0.00e+00	0.00e+00	0.00e+00	0.00e+00	0.00e+00	0.00e+00	9.16e-01	4.28e-02	3.22e-02
 7.58614e+16	9.91e-01	9.13e-03	6.30e-08	0.00e+00	0.00e+00	0.00e+00	0.00e+00	0.00e+00	0.00e+00	9.16e-01	4.26e-02	3.21e-02
 7.58656e+16	9.91e-01	9.02e-03	6.18e-08	0.00e+00	0.00e+00	0.00e+00	0.00e+00	0.00e+00	0.00e+00	9.16e-01	4.25e-02	3.20e-02
 7.58702e+16	9.91e-01	8.85e-03	6.02e-08	0.00e+00	0.00e+00	0.00e+00	0.00e+00	0.00e+00	0.00e+00	9.17e-01	4.24e-02	3.19e-02
 7.58751e+16	9.91e-01	8.70e-03	5.87e-08	0.00e+00	0.00e+00	0.00e+00	0.00e+00	0.00e+00	0.00e+00	9.17e-01	4.22e-02	3.17e-02
 7.58796e+16	9.91e-01	8.56e-03	5.73e-08	0.00e+00	0.00e+00	0.00e+00	0.00e+00	0.00e+00	0.00e+00	9.18e-01	4.21e-02	3.16e-02
 7.58837e+16	9.92e-01	8.44e-03	5.61e-08	0.00e+00	0.00e+00	0.00e+00	0.00e+00	0.00e+00	0.00e+00	9.18e-01	4.19e-02	3.15e-02
 7.58882e+16	9.92e-01	8.28e-03	5.47e-08	0.00e+00	0.00e+00	0.00e+00	0.00e+00	0.00e+00	0.00e+00	9.19e-01	4.18e-02	3.14e-02
 7.58930e+16	9.92e-01	8.14e-03	5.33e-08	0.00e+00	0.00e+00	0.00e+00	0.00e+00	0.00e+00	0.00e+00	9.19e-01	4.16e-02	3.13e-02
 7.58975e+16	9.92e-01	8.01e-03	5.20e-08	0.00e+00	0.00e+00	0.00e+00	0.00e+00	0.00e+00	0.00e+00	9.19e-01	4.15e-02	3.11e-02
 7.59015e+16	9.92e-01	7.91e-03	5.09e-08	0.00e+00	0.00e+00	0.00e+00	0.00e+00	0.00e+00	0.00e+00	9.20e-01	4.14e-02	3.11e-02
 7.59059e+16	9.92e-01	7.81e-03	4.98e-08	0.00e+00	0.00e+00	0.00e+00	0.00e+00	0.00e+00	0.00e+00	9.20e-01	4.13e-02	3.10e-02
 7.59116e+16	9.92e-01	7.66e-03	4.82e-08	0.00e+00	0.00e+00	0.00e+00	0.00e+00	0.00e+00	0.00e+00	9.20e-01	4.11e-02	3.08e-02
 7.59177e+16	9.92e-01	7.51e-03	4.66e-08	0.00e+00	0.00e+00	0.00e+00	0.00e+00	0.00e+00	0.00e+00	9.21e-01	4.10e-02	3.07e-02
 7.59234e+16	9.93e-01	7.38e-03	4.53e-08	0.00e+00	0.00e+00	0.00e+00	0.00e+00	0.00e+00	0.00e+00	9.21e-01	4.08e-02	3.06e-02
 7.59285e+16	9.93e-01	7.26e-03	4.40e-08	0.00e+00	0.00e+00	0.00e+00	0.00e+00	0.00e+00	0.00e+00	9.22e-01	4.07e-02	3.04e-02
###########################
 1.02833e+12	2.11e-06	3.38e-03	5.16e-01	4.79e-01	2.00e-03	0.00e+00	0.00e+00	0.00e+00	0.00e+00	1.55e-06	3.67e-07	2.00e-07
 6.16998e+12	2.11e-06	3.37e-03	5.16e-01	4.79e-01	1.99e-03	0.00e+00	0.00e+00	0.00e+00	0.00e+00	1.54e-06	3.66e-07	1.99e-07
 2.67366e+13	2.11e-06	3.38e-03	5.18e-01	4.77e-01	1.98e-03	0.00e+00	0.00e+00	0.00e+00	0.00e+00	1.54e-06	3.66e-07	1.99e-07
 1.09003e+14	2.14e-06	3.43e-03	5.26e-01	4.69e-01	1.90e-03	0.00e+00	0.00e+00	0.00e+00	0.00e+00	1.56e-06	3.71e-07	2.02e-07
 2.60373e+14	2.15e-06	3.48e-03	5.37e-01	4.58e-01	1.79e-03	0.00e+00	0.00e+00	0.00e+00	0.00e+00	1.57e-06	3.73e-07	2.03e-07
 4.57155e+14	2.18e-06	3.56e-03	5.52e-01	4.42e-01	1.65e-03	0.00e+00	0.00e+00	0.00e+00	0.00e+00	1.59e-06	3.78e-07	2.06e-07
 7.12970e+14	2.23e-06	3.68e-03	5.73e-01	4.22e-01	1.48e-03	0.00e+00	0.00e+00	0.00e+00	0.00e+00	1.63e-06	3.86e-07	2.11e-07
 1.04553e+15	2.32e-06	3.84e-03	6.00e-01	3.94e-01	1.28e-03	0.00e+00	0.00e+00	0.00e+00	0.00e+00	1.70e-06	4.00e-07	2.19e-07
 1.47786e+15	2.45e-06	4.08e-03	6.38e-01	3.57e-01	1.04e-03	0.00e+00	0.00e+00	0.00e+00	0.00e+00	1.80e-06	4.22e-07	2.31e-07
 2.03989e+15	2.65e-06	4.42e-03	6.87e-01	3.08e-01	7.79e-04	0.00e+00	0.00e+00	0.00e+00	0.00e+00	1.94e-06	4.56e-07	2.50e-07
 2.77052e+15	2.96e-06	4.91e-03	7.52e-01	2.42e-01	5.03e-04	0.00e+00	0.00e+00	0.00e+00	0.00e+00	2.17e-06	5.07e-07	2.78e-07
 3.51175e+15	3.25e-06	5.38e-03	8.14e-01	1.80e-01	3.01e-04	0.00e+00	0.00e+00	0.00e+00	0.00e+00	2.39e-06	5.55e-07	3.04e-07
 4.10077e+15	3.50e-06	5.77e-03	8.59e-01	1.35e-01	1.86e-04	0.00e+00	0.00e+00	0.00e+00	0.00e+00	2.58e-06	5.98e-07	3.28e-07
 4.70049e+15	3.83e-06	6.19e-03	8.98e-01	9.54e-02	1.06e-04	0.00e+00	0.00e+00	0.00e+00	0.00e+00	2.82e-06	6.52e-07	3.58e-07
 5.48014e+15	4.25e-06	6.66e-03	9.35e-01	5.79e-02	4.74e-05	0.00e+00	0.00e+00	0.00e+00	0.00e+00	3.13e-06	7.22e-07	3.96e-07
 6.49369e+15	4.73e-06	7.15e-03	9.64e-01	2.86e-02	1.53e-05	0.00e+00	0.00e+00	0.00e+00	0.00e+00	3.49e-06	8.02e-07	4.40e-07
 7.81129e+15	5.28e-06	7.61e-03	9.81e-01	1.11e-02	3.34e-06	0.00e+00	0.00e+00	0.00e+00	0.00e+00	3.90e-06	8.94e-07	4.91e-07
 9.52418e+15	5.97e-06	8.08e-03	9.88e-01	3.43e-03	4.85e-07	0.00e+00	0.00e+00	0.00e+00	0.00e+00	4.41e-06	1.01e-06	5.54e-07
 1.17509e+16	6.94e-06	8.64e-03	9.90e-01	8.60e-04	0.00e+00	0.00e+00	0.00e+00	0.00e+00	0.00e+00	5.12e-06	1.17e-06	6.44e-07
 1.46457e+16	8.46e-06	9.39e-03	9.90e-01	1.85e-04	0.00e+00	0.00e+00	0.00e+00	0.00e+00	0.00e+00	6.24e-06	1.43e-06	7.86e-07
 1.70960e+16	9.79e-06	1.00e-02	9.90e-01	6.45e-05	0.00e+00	0.00e+00	0.00e+00	0.00e+00	0.00e+00	7.22e-06	1.65e-06	9.10e-07
 1.88056e+16	1.11e-05	1.05e-02	9.89e-01	3.67e-05	0.00e+00	0.00e+00	0.00e+00	0.00e+00	0.00e+00	8.20e-06	1.88e-06	1.03e-06
 2.06861e+16	1.28e-05	1.12e-02	9.89e-01	2.32e-05	0.00e+00	0.00e+00	0.00e+00	0.00e+00	0.00e+00	9.46e-06	2.17e-06	1.20e-06
 2.27548e+16	1.51e-05	1.19e-02	9.88e-01	1.65e-05	0.00e+00	0.00e+00	0.00e+00	0.00e+00	0.00e+00	1.11e-05	2.56e-06	1.41e-06
 2.50302e+16	1.82e-05	1.29e-02	9.87e-01	1.29e-05	0.00e+00	0.00e+00	0.00e+00	0.00e+00	0.00e+00	1.34e-05	3.10e-06	1.71e-06
 2.75333e+16	2.27e-05	1.41e-02	9.86e-01	1.07e-05	0.00e+00	0.00e+00	0.00e+00	0.00e+00	0.00e+00	1.67e-05	3.87e-06	2.13e-06
 3.02866e+16	2.92e-05	1.56e-02	9.84e-01	9.18e-06	0.00e+00	0.00e+00	0.00e+00	0.00e+00	0.00e+00	2.14e-05	5.00e-06	2.76e-06
 3.33152e+16	3.92e-05	1.77e-02	9.82e-01	7.99e-06	0.00e+00	0.00e+00	0.00e+00	0.00e+00	0.00e+00	2.87e-05	6.74e-06	3.70e-06
 3.65157e+16	5.49e-05	2.04e-02	9.80e-01	6.99e-06	0.00e+00	0.00e+00	0.00e+00	0.00e+00	0.00e+00	4.02e-05	9.49e-06	5.19e-06
 3.87203e+16	7.13e-05	2.28e-02	9.77e-01	6.32e-06	0.00e+00	0.00e+00	0.00e+00	0.00e+00	0.00e+00	5.22e-05	1.24e-05	6.75e-06
 3.96117e+16	7.97e-05	2.40e-02	9.76e-01	6.04e-06	0.00e+00	0.00e+00	0.00e+00	0.00e+00	0.00e+00	5.83e-05	1.38e-05	7.54e-06
 4.03032e+16	8.67e-05	2.49e-02	9.75e-01	5.90e-06	0.00e+00	0.00e+00	0.00e+00	0.00e+00	0.00e+00	6.34e-05	1.51e-05	8.20e-06
 4.12021e+16	9.69e-05	2.62e-02	9.74e-01	5.67e-06	0.00e+00	0.00e+00	0.00e+00	0.00e+00	0.00e+00	7.08e-05	1.69e-05	9.18e-06
 4.23707e+16	1.13e-04	2.80e-02	9.72e-01	5.42e-06	0.00e+00	0.00e+00	0.00e+00	0.00e+00	0.00e+00	8.22e-05	1.97e-05	1.07e-05
 4.36568e+16	1.34e-04	3.03e-02	9.70e-01	5.08e-06	0.00e+00	0.00e+00	0.00e+00	0.00e+00	0.00e+00	9.76e-05	2.34e-05	1.27e-05
 4.47957e+16	1.57e-04	3.27e-02	9.67e-01	4.83e-06	0.00e+00	0.00e+00	0.00e+00	0.00e+00	0.00e+00	1.15e-04	2.76e-05	1.49e-05
 4.57709e+16	1.81e-04	3.50e-02	9.65e-01	4.60e-06	0.00e+00	0.00e+00	0.00e+00	0.00e+00	0.00e+00	1.32e-04	3.19e-05	1.72e-05
 4.68329e+16	2.12e-04	3.77e-02	9.62e-01	4.35e-06	0.00e+00	0.00e+00	0.00e+00	0.00e+00	0.00e+00	1.54e-04	3.74e-05	2.01e-05
 4.79888e+16	2.54e-04	4.12e-02	9.59e-01	4.08e-06	0.00e+00	0.00e+00	0.00e+00	0.00e+00	0.00e+00	1.85e-04	4.49e-05	2.40e-05
 4.89960e+16	2.99e-04	4.46e-02	9.55e-01	3.86e-06	0.00e+00	0.00e+00	0.00e+00	0.00e+00	0.00e+00	2.18e-04	5.31e-05	2.84e-05
 4.98581e+16	3.46e-04	4.80e-02	9.52e-01	3.65e-06	0.00e+00	0.00e+00	0.00e+00	0.00e+00	0.00e+00	2.52e-04	6.15e-05	3.28e-05
 5.08025e+16	4.07e-04	5.21e-02	9.48e-01	3.44e-06	0.00e+00	0.00e+00	0.00e+00	0.00e+00	0.00e+00	2.96e-04	7.25e-05	3.86e-05
 5.18384e+16	4.91e-04	5.73e-02	9.42e-01	3.21e-06	0.00e+00	0.00e+00	0.00e+00	0.00e+00	0.00e+00	3.57e-04	8.77e-05	4.66e-05
 5.27521e+16	5.85e-04	6.26e-02	9.37e-01	3.00e-06	0.00e+00	0.00e+00	0.00e+00	0.00e+00	0.00e+00	4.24e-04	1.05e-04	5.54e-05
 5.35382e+16	6.82e-04	6.78e-02	9.31e-01	2.81e-06	0.00e+00	0.00e+00	0.00e+00	0.00e+00	0.00e+00	4.95e-04	1.22e-04	6.47e-05
 5.43994e+16	8.10e-04	7.42e-02	9.25e-01	2.63e-06	0.00e+00	0.00e+00	0.00e+00	0.00e+00	0.00e+00	5.88e-04	1.45e-04	7.68e-05
 5.53464e+16	9.91e-04	8.25e-02	9.17e-01	2.41e-06	0.00e+00	0.00e+00	0.00e+00	0.00e+00	0.00e+00	7.19e-04	1.78e-04	9.38e-05
 5.61846e+16	1.20e-03	9.11e-02	9.08e-01	2.20e-06	0.00e+00	0.00e+00	0.00e+00	0.00e+00	0.00e+00	8.69e-04	2.15e-04	1.13e-04
 5.69041e+16	1.41e-03	9.94e-02	8.99e-01	2.04e-06	0.00e+00	0.00e+00	0.00e+00	0.00e+00	0.00e+00	1.03e-03	2.54e-04	1.34e-04
 5.76894e+16	1.70e-03	1.10e-01	8.88e-01	1.87e-06	0.00e+00	0.00e+00	0.00e+00	0.00e+00	0.00e+00	1.23e-03	3.05e-04	1.61e-04
 5.85563e+16	2.12e-03	1.23e-01	8.74e-01	1.67e-06	0.00e+00	0.00e+00	0.00e+00	0.00e+00	0.00e+00	1.54e-03	3.80e-04	2.00e-04
 5.93187e+16	2.60e-03	1.38e-01	8.60e-01	1.51e-06	0.00e+00	0.00e+00	0.00e+00	0.00e+00	0.00e+00	1.89e-03	4.66e-04	2.45e-04
 5.99596e+16	3.09e-03	1.51e-01	8.46e-01	1.37e-06	0.00e+00	0.00e+00	0.00e+00	0.00e+00	0.00e+00	2.25e-03	5.55e-04	2.91e-04
 6.06530e+16	3.77e-03	1.68e-01	8.28e-01	1.23e-06	0.00e+00	0.00e+00	0.00e+00	0.00e+00	0.00e+00	2.74e-03	6.75e-04	3.54e-04
 6.14059e+16	4.72e-03	1.89e-01	8.06e-01	1.07e-06	0.00e+00	0.00e+00	0.00e+00	0.00e+00	0.00e+00	3.43e-03	8.45e-04	4.44e-04
 6.20523e+16	5.79e-03	2.10e-01	7.84e-01	9.37e-07	0.00e+00	0.00e+00	0.00e+00	0.00e+00	0.00e+00	4.21e-03	1.04e-03	5.44e-04
 6.25898e+16	6.89e-03	2.31e-01	7.63e-01	8.30e-07	0.00e+00	0.00e+00	0.00e+00	0.00e+00	0.00e+00	5.01e-03	1.23e-03	6.46e-04
 6.31697e+16	8.37e-03	2.55e-01	7.37e-01	7.20e-07	0.00e+00	0.00e+00	0.00e+00	0.00e+00	0.00e+00	6.09e-03	1.50e-03	7.85e-04
 6.38025e+16	1.05e-02	2.86e-01	7.04e-01	6.07e-07	0.00e+00	0.00e+00	0.00e+00	0.00e+00	0.00e+00	7.61e-03	1.87e-03	9.80e-04
 6.43514e+16	1.28e-02	3.16e-01	6.71e-01	5.16e-07	0.00e+00	0.00e+00	0.00e+00	0.00e+00	0.00e+00	9.34e-03	2.29e-03	1.20e-03
 6.48107e+16	1.53e-02	3.45e-01	6.40e-01	4.41e-07	0.00e+00	0.00e+00	0.00e+00	0.00e+00	0.00e+00	1.11e-02	2.72e-03	1.43e-03
 6.53060e+16	1.85e-02	3.78e-01	6.03e-01	3.66e-07	0.00e+00	0.00e+00	0.00e+00	0.00e+00	0.00e+00	1.35e-02	3.30e-03	1.73e-03
 6.58481e+16	2.32e-02	4.19e-01	5.58e-01	2.92e-07	0.00e+00	0.00e+00	0.00e+00	0.00e+00	0.00e+00	1.69e-02	4.12e-03	2.16e-03
 6.63208e+16	2.84e-02	4.58e-01	5.14e-01	2.33e-07	0.00e+00	0.00e+00	0.00e+00	0.00e+00	0.00e+00	2.07e-02	5.03e-03	2.65e-03
 6.67195e+16	3.38e-02	4.93e-01	4.74e-01	1.89e-07	0.00e+00	0.00e+00	0.00e+00	0.00e+00	0.00e+00	2.46e-02	5.98e-03	3.15e-03
 6.71517e+16	4.09e-02	5.32e-01	4.27e-01	1.46e-07	0.00e+00	0.00e+00	0.00e+00	0.00e+00	0.00e+00	2.99e-02	7.22e-03	3.81e-03
 6.76274e+16	5.10e-02	5.76e-01	3.73e-01	0.00e+00	0.00e+00	0.00e+00	0.00e+00	0.00e+00	0.00e+00	3.73e-02	8.98e-03	4.74e-03
 6.80459e+16	6.24e-02	6.15e-01	3.23e-01	0.00e+00	0.00e+00	0.00e+00	0.00e+00	0.00e+00	0.00e+00	4.57e-02	1.09e-02	5.80e-03
 6.83608e+16	7.27e-02	6.43e-01	2.84e-01	0.00e+00	0.00e+00	0.00e+00	0.00e+00	0.00e+00	0.00e+00	5.32e-02	1.27e-02	6.74e-03
 6.86002e+16	8.19e-02	6.63e-01	2.55e-01	0.00e+00	0.00e+00	0.00e+00	0.00e+00	0.00e+00	0.00e+00	6.00e-02	1.43e-02	7.59e-03
 6.88570e+16	9.30e-02	6.82e-01	2.25e-01	0.00e+00	0.00e+00	0.00e+00	0.00e+00	0.00e+00	0.00e+00	6.83e-02	1.61e-02	8.61e-03
 6.91419e+16	1.08e-01	7.01e-01	1.92e-01	0.00e+00	0.00e+00	0.00e+00	0.00e+00	0.00e+00	0.00e+00	7.90e-02	1.86e-02	9.93e-03
 6.93942e+16	1.22e-01	7.14e-01	1.64e-01	0.00e+00	0.00e+00	0.00e+00	0.00e+00	0.00e+00	0.00e+00	8.99e-02	2.10e-02	1.13e-02
 6.96063e+16	1.36e-01	7.22e-01	1.42e-01	0.00e+00	0.00e+00	0.00e+00	0.00e+00	0.00e+00	0.00e+00	1.00e-01	2.33e-02	1.25e-02
 6.98037e+16	1.51e-01	7.26e-01	1.23e-01	0.00e+00	0.00e+00	0.00e+00	0.00e+00	0.00e+00	0.00e+00	1.11e-01	2.57e-02	1.39e-02
 7.00287e+16	1.69e-01	7.28e-01	1.03e-01	0.00e+00	0.00e+00	0.00e+00	0.00e+00	0.00e+00	0.00e+00	1.25e-01	2.86e-02	1.55e-02
 7.02677e+16	1.92e-01	7.25e-01	8.31e-02	0.00e+00	0.00e+00	0.00e+00	0.00e+00	0.00e+00	0.00e+00	1.42e-01	3.21e-02	1.75e-02
 7.04637e+16	2.13e-01	7.18e-01	6.86e-02	0.00e+00	0.00e+00	0.00e+00	0.00e+00	0.00e+00	0.00e+00	1.58e-01	3.54e-02	1.94e-02
 7.06211e+16	2.31e-01	7.11e-01	5.83e-02	0.00e+00	0.00e+00	0.00e+00	0.00e+00	0.00e+00	0.00e+00	1.72e-01	3.81e-02	2.09e-02
 7.07894e+16	2.52e-01	7.00e-01	4.85e-02	0.00e+00	0.00e+00	0.00e+00	0.00e+00	0.00e+00	0.00e+00	1.88e-01	4.11e-02	2.28e-02
 7.09785e+16	2.78e-01	6.83e-01	3.87e-02	0.00e+00	0.00e+00	0.00e+00	0.00e+00	0.00e+00	0.00e+00	2.08e-01	4.49e-02	2.50e-02
 7.11506e+16	3.05e-01	6.64e-01	3.10e-02	0.00e+00	0.00e+00	0.00e+00	0.00e+00	0.00e+00	0.00e+00	2.29e-01	4.86e-02	2.73e-02
 7.12967e+16	3.28e-01	6.46e-01	2.55e-02	0.00e+00	0.00e+00	0.00e+00	0.00e+00	0.00e+00	0.00e+00	2.47e-01	5.17e-02	2.92e-02
 7.14529e+16	3.56e-01	6.24e-01	2.03e-02	0.00e+00	0.00e+00	0.00e+00	0.00e+00	0.00e+00	0.00e+00	2.69e-01	5.52e-02	3.14e-02
 7.16231e+16	3.87e-01	5.97e-01	1.56e-02	0.00e+00	0.00e+00	0.00e+00	0.00e+00	0.00e+00	0.00e+00	2.94e-01	5.90e-02	3.39e-02
 7.17743e+16	4.18e-01	5.70e-01	1.22e-02	0.00e+00	0.00e+00	0.00e+00	0.00e+00	0.00e+00	0.00e+00	3.19e-01	6.25e-02	3.63e-02
 7.19060e+16	4.44e-01	5.46e-01	9.73e-03	0.00e+00	0.00e+00	0.00e+00	0.00e+00	0.00e+00	0.00e+00	3.41e-01	6.54e-02	3.83e-02
 7.20303e+16	4.71e-01	5.21e-01	7.77e-03	0.00e+00	0.00e+00	0.00e+00	0.00e+00	0.00e+00	0.00e+00	3.63e-01	6.81e-02	4.03e-02
 7.21585e+16	4.99e-01	4.95e-01	6.11e-03	0.00e+00	0.00e+00	0.00e+00	0.00e+00	0.00e+00	0.00e+00	3.86e-01	7.06e-02	4.22e-02
 7.22820e+16	5.27e-01	4.68e-01	4.79e-03	0.00e+00	0.00e+00	0.00e+00	0.00e+00	0.00e+00	0.00e+00	4.10e-01	7.30e-02	4.41e-02
 7.23890e+16	5.51e-01	4.45e-01	3.85e-03	0.00e+00	0.00e+00	0.00e+00	0.00e+00	0.00e+00	0.00e+00	4.31e-01	7.48e-02	4.56e-02
 7.24846e+16	5.73e-01	4.23e-01	3.14e-03	0.00e+00	0.00e+00	0.00e+00	0.00e+00	0.00e+00	0.00e+00	4.50e-01	7.63e-02	4.69e-02
 7.25766e+16	5.94e-01	4.03e-01	2.58e-03	0.00e+00	0.00e+00	0.00e+00	0.00e+00	0.00e+00	0.00e+00	4.69e-01	7.74e-02	4.81e-02
 7.26515e+16	6.11e-01	3.87e-01	2.19e-03	0.00e+00	0.00e+00	0.00e+00	0.00e+00	0.00e+00	0.00e+00	4.84e-01	7.82e-02	4.89e-02
 7.27013e+16	6.22e-01	3.76e-01	1.96e-03	0.00e+00	0.00e+00	0.00e+00	0.00e+00	0.00e+00	0.00e+00	4.93e-01	7.86e-02	4.95e-02
 7.27474e+16	6.32e-01	3.67e-01	1.77e-03	0.00e+00	0.00e+00	0.00e+00	0.00e+00	0.00e+00	0.00e+00	5.03e-01	7.89e-02	4.99e-02
 7.28029e+16	6.44e-01	3.54e-01	1.55e-03	0.00e+00	0.00e+00	0.00e+00	0.00e+00	0.00e+00	0.00e+00	5.14e-01	7.93e-02	5.05e-02
 7.28625e+16	6.58e-01	3.41e-01	1.34e-03	0.00e+00	0.00e+00	0.00e+00	0.00e+00	0.00e+00	0.00e+00	5.27e-01	7.96e-02	5.10e-02
 7.29171e+16	6.70e-01	3.29e-01	1.18e-03	0.00e+00	0.00e+00	0.00e+00	0.00e+00	0.00e+00	0.00e+00	5.38e-01	7.98e-02	5.15e-02
 7.29674e+16	6.81e-01	3.18e-01	1.04e-03	0.00e+00	0.00e+00	0.00e+00	0.00e+00	0.00e+00	0.00e+00	5.49e-01	8.00e-02	5.19e-02
 7.30176e+16	6.92e-01	3.07e-01	9.17e-04	0.00e+00	0.00e+00	0.00e+00	0.00e+00	0.00e+00	0.00e+00	5.59e-01	8.00e-02	5.22e-02
 7.30689e+16	7.03e-01	2.96e-01	8.04e-04	0.00e+00	0.00e+00	0.00e+00	0.00e+00	0.00e+00	0.00e+00	5.70e-01	8.00e-02	5.25e-02
 7.31203e+16	7.14e-01	2.86e-01	7.04e-04	0.00e+00	0.00e+00	0.00e+00	0.00e+00	0.00e+00	0.00e+00	5.81e-01	8.00e-02	5.28e-02
 7.31705e+16	7.24e-01	2.75e-01	6.17e-04	0.00e+00	0.00e+00	0.00e+00	0.00e+00	0.00e+00	0.00e+00	5.91e-01	7.98e-02	5.30e-02
 7.32196e+16	7.35e-01	2.65e-01	5.41e-04	0.00e+00	0.00e+00	0.00e+00	0.00e+00	0.00e+00	0.00e+00	6.02e-01	7.96e-02	5.32e-02
 7.32680e+16	7.44e-01	2.55e-01	4.75e-04	0.00e+00	0.00e+00	0.00e+00	0.00e+00	0.00e+00	0.00e+00	6.12e-01	7.94e-02	5.34e-02
 7.33167e+16	7.54e-01	2.45e-01	4.15e-04	0.00e+00	0.00e+00	0.00e+00	0.00e+00	0.00e+00	0.00e+00	6.22e-01	7.90e-02	5.35e-02
 7.33650e+16	7.64e-01	2.36e-01	3.63e-04	0.00e+00	0.00e+00	0.00e+00	0.00e+00	0.00e+00	0.00e+00	6.32e-01	7.87e-02	5.35e-02
 7.34128e+16	7.73e-01	2.26e-01	3.17e-04	0.00e+00	0.00e+00	0.00e+00	0.00e+00	0.00e+00	0.00e+00	6.41e-01	7.83e-02	5.35e-02
 7.34603e+16	7.82e-01	2.17e-01	2.77e-04	0.00e+00	0.00e+00	0.00e+00	0.00e+00	0.00e+00	0.00e+00	6.51e-01	7.78e-02	5.35e-02
 7.35068e+16	7.91e-01	2.09e-01	2.42e-04	0.00e+00	0.00e+00	0.00e+00	0.00e+00	0.00e+00	0.00e+00	6.60e-01	7.73e-02	5.35e-02
