#depth	He	He+	He+2
 1.02830e+12	2.27e-04	3.25e-01	6.75e-01
 6.16982e+12	2.27e-04	3.25e-01	6.75e-01
 2.67359e+13	2.28e-04	3.26e-01	6.74e-01
 1.09000e+14	2.31e-04	3.30e-01	6.70e-01
 2.60366e+14	2.33e-04	3.32e-01	6.68e-01
 4.57142e+14	2.39e-04	3.38e-01	6.62e-01
 7.12951e+14	2.49e-04	3.49e-01	6.50e-01
 1.04550e+15	2.64e-04	3.68e-01	6.32e-01
 1.47782e+15	2.89e-04	3.98e-01	6.02e-01
 2.03983e+15	3.27e-04	4.46e-01	5.54e-01
 2.77045e+15	3.89e-04	5.21e-01	4.78e-01
 3.51167e+15	4.62e-04	6.12e-01	3.88e-01
 4.10069e+15	5.28e-04	6.91e-01	3.09e-01
 4.70042e+15	5.95e-04	7.68e-01	2.31e-01
 5.48008e+15	6.73e-04	8.52e-01	1.48e-01
 6.49364e+15	7.49e-04	9.25e-01	7.47e-02
 7.81126e+15	8.12e-04	9.70e-01	2.88e-02
 9.52417e+15	8.63e-04	9.91e-01	8.51e-03
 1.17510e+16	9.16e-04	9.97e-01	2.00e-03
 1.46458e+16	9.82e-04	9.99e-01	3.83e-04
 1.70961e+16	1.03e-03	9.99e-01	1.07e-04
 1.88057e+16	1.07e-03	9.99e-01	4.83e-05
 2.06862e+16	1.12e-03	9.99e-01	2.13e-05
 2.27549e+16	1.18e-03	9.99e-01	9.38e-06
 2.50304e+16	1.25e-03	9.99e-01	4.14e-06
 2.75334e+16	1.33e-03	9.99e-01	1.86e-06
 3.02867e+16	1.43e-03	9.99e-01	8.63e-07
 3.33154e+16	1.55e-03	9.98e-01	4.11e-07
 3.65158e+16	1.70e-03	9.98e-01	2.07e-07
 3.87205e+16	1.82e-03	9.98e-01	1.40e-07
 3.96118e+16	1.88e-03	9.98e-01	1.20e-07
 4.03033e+16	1.92e-03	9.98e-01	1.06e-07
 4.12023e+16	1.98e-03	9.98e-01	8.97e-08
 4.23709e+16	2.06e-03	9.98e-01	7.28e-08
 4.36570e+16	2.16e-03	9.98e-01	5.89e-08
 4.47959e+16	2.26e-03	9.98e-01	4.93e-08
 4.57711e+16	2.35e-03	9.98e-01	4.24e-08
 4.68331e+16	2.45e-03	9.98e-01	3.58e-08
 4.79890e+16	2.57e-03	9.97e-01	3.02e-08
 4.89962e+16	2.69e-03	9.97e-01	2.62e-08
 4.98583e+16	2.80e-03	9.97e-01	2.32e-08
 5.08027e+16	2.93e-03	9.97e-01	2.03e-08
 5.18386e+16	3.09e-03	9.97e-01	1.76e-08
 5.27523e+16	3.25e-03	9.97e-01	1.56e-08
 5.35384e+16	3.39e-03	9.97e-01	1.41e-08
 5.43997e+16	3.56e-03	9.96e-01	1.26e-08
 5.53466e+16	3.78e-03	9.96e-01	1.12e-08
 5.61849e+16	4.00e-03	9.96e-01	1.00e-08
 5.69044e+16	4.20e-03	9.96e-01	9.20e-09
 5.76896e+16	4.45e-03	9.96e-01	8.35e-09
 5.85566e+16	4.76e-03	9.95e-01	7.51e-09
 5.93191e+16	5.08e-03	9.95e-01	6.87e-09
 5.99599e+16	5.37e-03	9.95e-01	6.39e-09
 6.06532e+16	5.74e-03	9.94e-01	5.87e-09
 6.14060e+16	6.19e-03	9.94e-01	5.38e-09
 6.20524e+16	6.65e-03	9.93e-01	5.01e-09
 6.25900e+16	7.07e-03	9.93e-01	4.72e-09
 6.31702e+16	7.60e-03	9.92e-01	4.41e-09
 6.38030e+16	8.26e-03	9.92e-01	4.11e-09
 6.43519e+16	8.95e-03	9.91e-01	3.87e-09
 6.48110e+16	9.60e-03	9.90e-01	3.68e-09
 6.53063e+16	1.04e-02	9.90e-01	3.48e-09
 6.58483e+16	1.15e-02	9.89e-01	3.28e-09
 6.63211e+16	1.26e-02	9.87e-01	3.12e-09
 6.67198e+16	1.36e-02	9.86e-01	3.00e-09
 6.71520e+16	1.50e-02	9.85e-01	2.86e-09
 6.76278e+16	1.69e-02	9.83e-01	2.72e-09
 6.80463e+16	1.88e-02	9.81e-01	2.62e-09
 6.83611e+16	2.06e-02	9.79e-01	2.55e-09
 6.86005e+16	2.22e-02	9.78e-01	2.49e-09
 6.88573e+16	2.42e-02	9.76e-01	2.43e-09
 6.91422e+16	2.67e-02	9.73e-01	2.37e-09
 6.93945e+16	2.92e-02	9.71e-01	2.34e-09
 6.96066e+16	3.17e-02	9.68e-01	2.31e-09
 6.98040e+16	3.44e-02	9.66e-01	2.29e-09
 7.00290e+16	3.78e-02	9.62e-01	2.28e-09
 7.02680e+16	4.21e-02	9.58e-01	2.27e-09
 7.04641e+16	4.64e-02	9.54e-01	2.27e-09
 7.06215e+16	5.02e-02	9.50e-01	2.29e-09
 7.07897e+16	5.49e-02	9.45e-01	2.31e-09
 7.09788e+16	6.09e-02	9.39e-01	2.34e-09
 7.11510e+16	6.74e-02	9.33e-01	2.39e-09
 7.12970e+16	7.35e-02	9.27e-01	2.45e-09
 7.14533e+16	8.13e-02	9.19e-01	2.51e-09
 7.16234e+16	9.04e-02	9.10e-01	2.64e-09
 7.17746e+16	1.00e-01	9.00e-01	2.74e-09
 7.19063e+16	1.10e-01	8.90e-01	2.88e-09
 7.20307e+16	1.20e-01	8.80e-01	3.01e-09
 7.21588e+16	1.32e-01	8.68e-01	3.19e-09
 7.22824e+16	1.44e-01	8.56e-01	3.38e-09
 7.23893e+16	1.56e-01	8.44e-01	3.58e-09
 7.24849e+16	1.69e-01	8.31e-01	3.76e-09
 7.25770e+16	1.81e-01	8.19e-01	3.97e-09
 7.26518e+16	1.92e-01	8.08e-01	4.14e-09
 7.27016e+16	1.99e-01	8.01e-01	4.25e-09
 7.27476e+16	2.07e-01	7.93e-01	4.36e-09
 7.28031e+16	2.17e-01	7.83e-01	4.50e-09
 7.28631e+16	2.27e-01	7.73e-01	4.67e-09
 7.29178e+16	2.37e-01	7.63e-01	4.86e-09
 7.29679e+16	2.47e-01	7.53e-01	5.01e-09
 7.30179e+16	2.56e-01	7.44e-01	5.18e-09
 7.30696e+16	2.68e-01	7.32e-01	5.35e-09
 7.31211e+16	2.78e-01	7.22e-01	5.55e-09
 7.31710e+16	2.90e-01	7.10e-01	5.73e-09
 7.32197e+16	3.01e-01	6.99e-01	5.93e-09
 7.32682e+16	3.13e-01	6.87e-01	6.12e-09
 7.33170e+16	3.25e-01	6.75e-01	6.34e-09
 7.33657e+16	3.37e-01	6.63e-01	6.56e-09
 7.34138e+16	3.50e-01	6.50e-01	6.77e-09
 7.34605e+16	3.63e-01	6.37e-01	6.98e-09
 7.35067e+16	3.76e-01	6.24e-01	7.21e-09
 7.35537e+16	3.90e-01	6.10e-01	7.42e-09
 7.36003e+16	4.03e-01	5.97e-01	7.67e-09
 7.36458e+16	4.17e-01	5.83e-01	7.88e-09
 7.36909e+16	4.30e-01	5.70e-01	8.13e-09
 7.37362e+16	4.45e-01	5.55e-01	8.35e-09
 7.37818e+16	4.60e-01	5.40e-01	8.58e-09
 7.38259e+16	4.74e-01	5.26e-01	8.81e-09
 7.38691e+16	4.88e-01	5.12e-01	9.04e-09
 7.39130e+16	5.03e-01	4.97e-01	9.27e-09
 7.39572e+16	5.18e-01	4.82e-01	9.49e-09
 7.40002e+16	5.32e-01	4.68e-01	9.72e-09
 7.40418e+16	5.46e-01	4.54e-01	9.94e-09
 7.40826e+16	5.60e-01	4.40e-01	1.01e-08
 7.41233e+16	5.75e-01	4.25e-01	1.03e-08
 7.41641e+16	5.89e-01	4.11e-01	1.05e-08
 7.42041e+16	6.02e-01	3.98e-01	1.07e-08
 7.42426e+16	6.16e-01	3.84e-01	1.09e-08
 7.42805e+16	6.29e-01	3.71e-01	1.11e-08
 7.43184e+16	6.42e-01	3.58e-01	1.12e-08
 7.43562e+16	6.55e-01	3.45e-01	1.14e-08
 7.43933e+16	6.67e-01	3.33e-01	1.15e-08
 7.44295e+16	6.79e-01	3.21e-01	1.17e-08
 7.44650e+16	6.90e-01	3.10e-01	1.18e-08
 7.45004e+16	7.02e-01	2.98e-01	1.19e-08
 7.45359e+16	7.13e-01	2.87e-01	1.20e-08
 7.45709e+16	7.24e-01	2.76e-01	1.21e-08
 7.46049e+16	7.34e-01	2.66e-01	1.22e-08
 7.46383e+16	7.44e-01	2.56e-01	1.23e-08
 7.46722e+16	7.55e-01	2.45e-01	1.24e-08
 7.47058e+16	7.64e-01	2.36e-01	1.24e-08
 7.47381e+16	7.73e-01	2.27e-01	1.25e-08
 7.47702e+16	7.82e-01	2.18e-01	1.25e-08
 7.48028e+16	7.91e-01	2.09e-01	1.26e-08
 7.48348e+16	7.99e-01	2.01e-01	1.26e-08
 7.48666e+16	8.07e-01	1.93e-01	1.27e-08
 7.48979e+16	8.15e-01	1.85e-01	1.27e-08
 7.49284e+16	8.23e-01	1.77e-01	1.27e-08
 7.49589e+16	8.30e-01	1.70e-01	1.27e-08
 7.49899e+16	8.37e-01	1.63e-01	1.27e-08
 7.50209e+16	8.44e-01	1.56e-01	1.27e-08
 7.50506e+16	8.50e-01	1.50e-01	1.27e-08
 7.50797e+16	8.56e-01	1.44e-01	1.27e-08
 7.51089e+16	8.62e-01	1.38e-01	1.27e-08
 7.51377e+16	8.68e-01	1.32e-01	1.26e-08
 7.51663e+16	8.73e-01	1.27e-01	1.26e-08
 7.51951e+16	8.78e-01	1.22e-01	1.25e-08
 7.52237e+16	8.83e-01	1.17e-01	1.25e-08
 7.52515e+16	8.88e-01	1.12e-01	1.25e-08
 7.52788e+16	8.93e-01	1.07e-01	1.24e-08
 7.53059e+16	8.97e-01	1.03e-01	1.23e-08
 7.53329e+16	9.01e-01	9.88e-02	1.23e-08
 7.53596e+16	9.05e-01	9.48e-02	1.22e-08
 7.53852e+16	9.09e-01	9.11e-02	1.21e-08
 7.54091e+16	9.12e-01	8.77e-02	1.20e-08
 7.54309e+16	9.15e-01	8.47e-02	1.19e-08
 7.54506e+16	9.18e-01	8.21e-02	1.18e-08
 7.54687e+16	9.20e-01	7.97e-02	1.18e-08
 7.54861e+16	9.23e-01	7.74e-02	1.17e-08
 7.55025e+16	9.25e-01	7.54e-02	1.16e-08
 7.55175e+16	9.26e-01	7.35e-02	1.15e-08
 7.55313e+16	9.28e-01	7.18e-02	1.14e-08
 7.55444e+16	9.30e-01	7.02e-02	1.13e-08
 7.55570e+16	9.31e-01	6.87e-02	1.12e-08
 7.55690e+16	9.33e-01	6.73e-02	1.11e-08
 7.55804e+16	9.34e-01	6.60e-02	1.10e-08
 7.55912e+16	9.35e-01	6.48e-02	1.09e-08
 7.56014e+16	9.36e-01	6.36e-02	1.09e-08
 7.56113e+16	9.37e-01	6.25e-02	1.08e-08
 7.56208e+16	9.39e-01	6.15e-02	1.07e-08
 7.56300e+16	9.39e-01	6.05e-02	1.06e-08
 7.56388e+16	9.40e-01	5.96e-02	1.05e-08
 7.56474e+16	9.41e-01	5.86e-02	1.05e-08
 7.56560e+16	9.42e-01	5.77e-02	1.04e-08
 7.56645e+16	9.43e-01	5.68e-02	1.03e-08
 7.56730e+16	9.44e-01	5.59e-02	1.02e-08
 7.56817e+16	9.45e-01	5.50e-02	1.01e-08
 7.56906e+16	9.46e-01	5.41e-02	1.00e-08
 7.57000e+16	9.47e-01	5.31e-02	9.91e-09
 7.57098e+16	9.48e-01	5.21e-02	9.79e-09
 7.57192e+16	9.49e-01	5.12e-02	9.67e-09
 7.57275e+16	9.50e-01	5.04e-02	9.56e-09
 7.57352e+16	9.50e-01	4.96e-02	9.45e-09
 7.57427e+16	9.51e-01	4.88e-02	9.34e-09
 7.57500e+16	9.52e-01	4.81e-02	9.24e-09
 7.57567e+16	9.53e-01	4.74e-02	9.14e-09
 7.57629e+16	9.53e-01	4.68e-02	9.03e-09
 7.57685e+16	9.54e-01	4.62e-02	8.94e-09
 7.57736e+16	9.54e-01	4.57e-02	8.84e-09
 7.57783e+16	9.55e-01	4.52e-02	8.76e-09
 7.57825e+16	9.55e-01	4.48e-02	8.70e-09
 7.57872e+16	9.56e-01	4.43e-02	8.60e-09
 7.57922e+16	9.56e-01	4.38e-02	8.52e-09
 7.57967e+16	9.57e-01	4.33e-02	8.43e-09
 7.58009e+16	9.57e-01	4.29e-02	8.37e-09
 7.58054e+16	9.58e-01	4.24e-02	8.27e-09
 7.58103e+16	9.58e-01	4.20e-02	8.20e-09
 7.58148e+16	9.59e-01	4.15e-02	8.10e-09
 7.58188e+16	9.59e-01	4.11e-02	8.05e-09
 7.58233e+16	9.59e-01	4.06e-02	7.95e-09
 7.58281e+16	9.60e-01	4.01e-02	7.86e-09
 7.58325e+16	9.60e-01	3.98e-02	7.81e-09
 7.58373e+16	9.61e-01	3.93e-02	7.73e-09
 7.58424e+16	9.61e-01	3.88e-02	7.66e-09
 7.58481e+16	9.62e-01	3.83e-02	7.57e-09
 7.58542e+16	9.62e-01	3.78e-02	7.51e-09
 7.58598e+16	9.63e-01	3.74e-02	7.44e-09
 7.58648e+16	9.63e-01	3.70e-02	7.39e-09
