#depth	O	O+	O+2	O+3	O+4	O+5	O+6	O+7	O+8	O[1]	O[2]	O[3]
 1.02830e+12	2.11e-06	3.38e-03	5.16e-01	4.79e-01	2.00e-03	0.00e+00	0.00e+00	0.00e+00	0.00e+00	1.55e-06	3.67e-07	2.00e-07
 6.16982e+12	2.11e-06	3.37e-03	5.16e-01	4.79e-01	1.99e-03	0.00e+00	0.00e+00	0.00e+00	0.00e+00	1.54e-06	3.66e-07	1.99e-07
 2.67359e+13	2.11e-06	3.38e-03	5.18e-01	4.77e-01	1.98e-03	0.00e+00	0.00e+00	0.00e+00	0.00e+00	1.54e-06	3.66e-07	1.99e-07
 1.09000e+14	2.14e-06	3.43e-03	5.26e-01	4.69e-01	1.90e-03	0.00e+00	0.00e+00	0.00e+00	0.00e+00	1.56e-06	3.71e-07	2.02e-07
 2.60366e+14	2.15e-06	3.48e-03	5.37e-01	4.58e-01	1.79e-03	0.00e+00	0.00e+00	0.00e+00	0.00e+00	1.57e-06	3.73e-07	2.03e-07
 4.57142e+14	2.18e-06	3.56e-03	5.52e-01	4.42e-01	1.65e-03	0.00e+00	0.00e+00	0.00e+00	0.00e+00	1.59e-06	3.78e-07	2.06e-07
 7.12951e+14	2.23e-06	3.68e-03	5.73e-01	4.22e-01	1.48e-03	0.00e+00	0.00e+00	0.00e+00	0.00e+00	1.63e-06	3.86e-07	2.11e-07
 1.04550e+15	2.32e-06	3.84e-03	6.00e-01	3.94e-01	1.28e-03	0.00e+00	0.00e+00	0.00e+00	0.00e+00	1.70e-06	4.00e-07	2.19e-07
 1.47782e+15	2.45e-06	4.08e-03	6.38e-01	3.57e-01	1.04e-03	0.00e+00	0.00e+00	0.00e+00	0.00e+00	1.80e-06	4.22e-07	2.31e-07
 2.03983e+15	2.65e-06	4.42e-03	6.87e-01	3.08e-01	7.79e-04	0.00e+00	0.00e+00	0.00e+00	0.00e+00	1.94e-06	4.56e-07	2.50e-07
 2.77045e+15	2.96e-06	4.91e-03	7.52e-01	2.42e-01	5.03e-04	0.00e+00	0.00e+00	0.00e+00	0.00e+00	2.17e-06	5.07e-07	2.78e-07
 3.51167e+15	3.25e-06	5.38e-03	8.14e-01	1.80e-01	3.01e-04	0.00e+00	0.00e+00	0.00e+00	0.00e+00	2.39e-06	5.55e-07	3.04e-07
 4.10069e+15	3.50e-06	5.77e-03	8.59e-01	1.35e-01	1.86e-04	0.00e+00	0.00e+00	0.00e+00	0.00e+00	2.58e-06	5.98e-07	3.28e-07
 4.70042e+15	3.83e-06	6.19e-03	8.98e-01	9.54e-02	1.06e-04	0.00e+00	0.00e+00	0.00e+00	0.00e+00	2.82e-06	6.52e-07	3.58e-07
 5.48008e+15	4.25e-06	6.66e-03	9.35e-01	5.79e-02	4.74e-05	0.00e+00	0.00e+00	0.00e+00	0.00e+00	3.13e-06	7.22e-07	3.96e-07
 6.49364e+15	4.73e-06	7.15e-03	9.64e-01	2.86e-02	1.53e-05	0.00e+00	0.00e+00	0.00e+00	0.00e+00	3.49e-06	8.02e-07	4.40e-07
 7.81126e+15	5.28e-06	7.61e-03	9.81e-01	1.11e-02	3.34e-06	0.00e+00	0.00e+00	0.00e+00	0.00e+00	3.90e-06	8.94e-07	4.91e-07
 9.52417e+15	5.97e-06	8.08e-03	9.88e-01	3.43e-03	4.85e-07	0.00e+00	0.00e+00	0.00e+00	0.00e+00	4.41e-06	1.01e-06	5.54e-07
 1.17510e+16	6.94e-06	8.64e-03	9.90e-01	8.60e-04	0.00e+00	0.00e+00	0.00e+00	0.00e+00	0.00e+00	5.12e-06	1.17e-06	6.44e-07
 1.46458e+16	8.46e-06	9.39e-03	9.90e-01	1.85e-04	0.00e+00	0.00e+00	0.00e+00	0.00e+00	0.00e+00	6.24e-06	1.43e-06	7.86e-07
 1.70961e+16	9.79e-06	1.00e-02	9.90e-01	6.45e-05	0.00e+00	0.00e+00	0.00e+00	0.00e+00	0.00e+00	7.22e-06	1.65e-06	9.10e-07
 1.88057e+16	1.11e-05	1.05e-02	9.89e-01	3.67e-05	0.00e+00	0.00e+00	0.00e+00	0.00e+00	0.00e+00	8.20e-06	1.88e-06	1.03e-06
 2.06862e+16	1.28e-05	1.12e-02	9.89e-01	2.32e-05	0.00e+00	0.00e+00	0.00e+00	0.00e+00	0.00e+00	9.46e-06	2.17e-06	1.20e-06
 2.27549e+16	1.51e-05	1.19e-02	9.88e-01	1.65e-05	0.00e+00	0.00e+00	0.00e+00	0.00e+00	0.00e+00	1.11e-05	2.56e-06	1.41e-06
 2.50304e+16	1.82e-05	1.29e-02	9.87e-01	1.29e-05	0.00e+00	0.00e+00	0.00e+00	0.00e+00	0.00e+00	1.34e-05	3.10e-06	1.71e-06
 2.75334e+16	2.27e-05	1.41e-02	9.86e-01	1.07e-05	0.00e+00	0.00e+00	0.00e+00	0.00e+00	0.00e+00	1.67e-05	3.87e-06	2.13e-06
 3.02867e+16	2.92e-05	1.56e-02	9.84e-01	9.18e-06	0.00e+00	0.00e+00	0.00e+00	0.00e+00	0.00e+00	2.14e-05	5.00e-06	2.76e-06
 3.33154e+16	3.92e-05	1.77e-02	9.82e-01	7.99e-06	0.00e+00	0.00e+00	0.00e+00	0.00e+00	0.00e+00	2.87e-05	6.74e-06	3.70e-06
 3.65158e+16	5.49e-05	2.04e-02	9.80e-01	6.99e-06	0.00e+00	0.00e+00	0.00e+00	0.00e+00	0.00e+00	4.02e-05	9.49e-06	5.19e-06
 3.87205e+16	7.13e-05	2.28e-02	9.77e-01	6.32e-06	0.00e+00	0.00e+00	0.00e+00	0.00e+00	0.00e+00	5.22e-05	1.24e-05	6.75e-06
 3.96118e+16	7.97e-05	2.40e-02	9.76e-01	6.04e-06	0.00e+00	0.00e+00	0.00e+00	0.00e+00	0.00e+00	5.83e-05	1.38e-05	7.54e-06
 4.03033e+16	8.67e-05	2.49e-02	9.75e-01	5.90e-06	0.00e+00	0.00e+00	0.00e+00	0.00e+00	0.00e+00	6.34e-05	1.51e-05	8.20e-06
 4.12023e+16	9.69e-05	2.62e-02	9.74e-01	5.67e-06	0.00e+00	0.00e+00	0.00e+00	0.00e+00	0.00e+00	7.08e-05	1.69e-05	9.18e-06
 4.23709e+16	1.13e-04	2.80e-02	9.72e-01	5.42e-06	0.00e+00	0.00e+00	0.00e+00	0.00e+00	0.00e+00	8.22e-05	1.97e-05	1.07e-05
 4.36570e+16	1.34e-04	3.03e-02	9.70e-01	5.08e-06	0.00e+00	0.00e+00	0.00e+00	0.00e+00	0.00e+00	9.76e-05	2.34e-05	1.27e-05
 4.47959e+16	1.57e-04	3.27e-02	9.67e-01	4.83e-06	0.00e+00	0.00e+00	0.00e+00	0.00e+00	0.00e+00	1.15e-04	2.76e-05	1.49e-05
 4.57711e+16	1.81e-04	3.50e-02	9.65e-01	4.60e-06	0.00e+00	0.00e+00	0.00e+00	0.00e+00	0.00e+00	1.32e-04	3.19e-05	1.72e-05
 4.68331e+16	2.12e-04	3.77e-02	9.62e-01	4.35e-06	0.00e+00	0.00e+00	0.00e+00	0.00e+00	0.00e+00	1.54e-04	3.74e-05	2.01e-05
 4.79890e+16	2.54e-04	4.12e-02	9.59e-01	4.08e-06	0.00e+00	0.00e+00	0.00e+00	0.00e+00	0.00e+00	1.85e-04	4.49e-05	2.40e-05
 4.89962e+16	2.99e-04	4.46e-02	9.55e-01	3.86e-06	0.00e+00	0.00e+00	0.00e+00	0.00e+00	0.00e+00	2.18e-04	5.31e-05	2.84e-05
 4.98583e+16	3.46e-04	4.80e-02	9.52e-01	3.65e-06	0.00e+00	0.00e+00	0.00e+00	0.00e+00	0.00e+00	2.52e-04	6.15e-05	3.28e-05
 5.08027e+16	4.07e-04	5.21e-02	9.48e-01	3.44e-06	0.00e+00	0.00e+00	0.00e+00	0.00e+00	0.00e+00	2.96e-04	7.25e-05	3.86e-05
 5.18386e+16	4.91e-04	5.73e-02	9.42e-01	3.21e-06	0.00e+00	0.00e+00	0.00e+00	0.00e+00	0.00e+00	3.57e-04	8.77e-05	4.66e-05
 5.27523e+16	5.85e-04	6.26e-02	9.37e-01	3.00e-06	0.00e+00	0.00e+00	0.00e+00	0.00e+00	0.00e+00	4.25e-04	1.05e-04	5.54e-05
 5.35384e+16	6.82e-04	6.78e-02	9.31e-01	2.81e-06	0.00e+00	0.00e+00	0.00e+00	0.00e+00	0.00e+00	4.95e-04	1.22e-04	6.47e-05
 5.43997e+16	8.10e-04	7.42e-02	9.25e-01	2.63e-06	0.00e+00	0.00e+00	0.00e+00	0.00e+00	0.00e+00	5.88e-04	1.45e-04	7.68e-05
 5.53466e+16	9.91e-04	8.25e-02	9.17e-01	2.41e-06	0.00e+00	0.00e+00	0.00e+00	0.00e+00	0.00e+00	7.19e-04	1.78e-04	9.38e-05
 5.61849e+16	1.20e-03	9.11e-02	9.08e-01	2.20e-06	0.00e+00	0.00e+00	0.00e+00	0.00e+00	0.00e+00	8.69e-04	2.15e-04	1.13e-04
 5.69044e+16	1.41e-03	9.94e-02	8.99e-01	2.04e-06	0.00e+00	0.00e+00	0.00e+00	0.00e+00	0.00e+00	1.03e-03	2.54e-04	1.34e-04
 5.76896e+16	1.70e-03	1.10e-01	8.88e-01	1.87e-06	0.00e+00	0.00e+00	0.00e+00	0.00e+00	0.00e+00	1.23e-03	3.05e-04	1.61e-04
 5.85566e+16	2.12e-03	1.23e-01	8.74e-01	1.67e-06	0.00e+00	0.00e+00	0.00e+00	0.00e+00	0.00e+00	1.54e-03	3.80e-04	2.00e-04
 5.93191e+16	2.60e-03	1.38e-01	8.60e-01	1.51e-06	0.00e+00	0.00e+00	0.00e+00	0.00e+00	0.00e+00	1.89e-03	4.66e-04	2.45e-04
 5.99599e+16	3.09e-03	1.51e-01	8.46e-01	1.37e-06	0.00e+00	0.00e+00	0.00e+00	0.00e+00	0.00e+00	2.25e-03	5.55e-04	2.91e-04
 6.06532e+16	3.77e-03	1.68e-01	8.28e-01	1.23e-06	0.00e+00	0.00e+00	0.00e+00	0.00e+00	0.00e+00	2.74e-03	6.75e-04	3.54e-04
 6.14060e+16	4.72e-03	1.89e-01	8.06e-01	1.07e-06	0.00e+00	0.00e+00	0.00e+00	0.00e+00	0.00e+00	3.43e-03	8.45e-04	4.44e-04
 6.20524e+16	5.79e-03	2.10e-01	7.84e-01	9.37e-07	0.00e+00	0.00e+00	0.00e+00	0.00e+00	0.00e+00	4.21e-03	1.04e-03	5.43e-04
 6.25900e+16	6.89e-03	2.31e-01	7.63e-01	8.30e-07	0.00e+00	0.00e+00	0.00e+00	0.00e+00	0.00e+00	5.01e-03	1.23e-03	6.46e-04
 6.31702e+16	8.37e-03	2.55e-01	7.37e-01	7.20e-07	0.00e+00	0.00e+00	0.00e+00	0.00e+00	0.00e+00	6.09e-03	1.50e-03	7.85e-04
 6.38030e+16	1.05e-02	2.86e-01	7.04e-01	6.07e-07	0.00e+00	0.00e+00	0.00e+00	0.00e+00	0.00e+00	7.61e-03	1.87e-03	9.80e-04
 6.43519e+16	1.28e-02	3.16e-01	6.71e-01	5.16e-07	0.00e+00	0.00e+00	0.00e+00	0.00e+00	0.00e+00	9.34e-03	2.29e-03	1.20e-03
 6.48110e+16	1.53e-02	3.45e-01	6.40e-01	4.41e-07	0.00e+00	0.00e+00	0.00e+00	0.00e+00	0.00e+00	1.11e-02	2.72e-03	1.43e-03
 6.53063e+16	1.85e-02	3.78e-01	6.03e-01	3.66e-07	0.00e+00	0.00e+00	0.00e+00	0.00e+00	0.00e+00	1.35e-02	3.30e-03	1.73e-03
 6.58483e+16	2.32e-02	4.19e-01	5.58e-01	2.92e-07	0.00e+00	0.00e+00	0.00e+00	0.00e+00	0.00e+00	1.69e-02	4.12e-03	2.16e-03
 6.63211e+16	2.84e-02	4.58e-01	5.14e-01	2.33e-07	0.00e+00	0.00e+00	0.00e+00	0.00e+00	0.00e+00	2.07e-02	5.03e-03	2.65e-03
 6.67198e+16	3.38e-02	4.93e-01	4.74e-01	1.89e-07	0.00e+00	0.00e+00	0.00e+00	0.00e+00	0.00e+00	2.46e-02	5.98e-03	3.15e-03
 6.71520e+16	4.09e-02	5.32e-01	4.27e-01	1.46e-07	0.00e+00	0.00e+00	0.00e+00	0.00e+00	0.00e+00	2.99e-02	7.22e-03	3.81e-03
 6.76278e+16	5.10e-02	5.76e-01	3.73e-01	0.00e+00	0.00e+00	0.00e+00	0.00e+00	0.00e+00	0.00e+00	3.73e-02	8.98e-03	4.75e-03
 6.80463e+16	6.24e-02	6.15e-01	3.22e-01	0.00e+00	0.00e+00	0.00e+00	0.00e+00	0.00e+00	0.00e+00	4.57e-02	1.09e-02	5.80e-03
 6.83611e+16	7.27e-02	6.43e-01	2.84e-01	0.00e+00	0.00e+00	0.00e+00	0.00e+00	0.00e+00	0.00e+00	5.32e-02	1.27e-02	6.74e-03
 6.86005e+16	8.19e-02	6.63e-01	2.55e-01	0.00e+00	0.00e+00	0.00e+00	0.00e+00	0.00e+00	0.00e+00	6.00e-02	1.43e-02	7.59e-03
 6.88573e+16	9.30e-02	6.82e-01	2.25e-01	0.00e+00	0.00e+00	0.00e+00	0.00e+00	0.00e+00	0.00e+00	6.83e-02	1.61e-02	8.61e-03
 6.91422e+16	1.08e-01	7.01e-01	1.92e-01	0.00e+00	0.00e+00	0.00e+00	0.00e+00	0.00e+00	0.00e+00	7.90e-02	1.86e-02	9.93e-03
 6.93945e+16	1.22e-01	7.14e-01	1.64e-01	0.00e+00	0.00e+00	0.00e+00	0.00e+00	0.00e+00	0.00e+00	8.99e-02	2.10e-02	1.13e-02
 6.96066e+16	1.36e-01	7.22e-01	1.42e-01	0.00e+00	0.00e+00	0.00e+00	0.00e+00	0.00e+00	0.00e+00	1.00e-01	2.33e-02	1.25e-02
 6.98040e+16	1.51e-01	7.26e-01	1.23e-01	0.00e+00	0.00e+00	0.00e+00	0.00e+00	0.00e+00	0.00e+00	1.11e-01	2.57e-02	1.39e-02
 7.00290e+16	1.69e-01	7.28e-01	1.03e-01	0.00e+00	0.00e+00	0.00e+00	0.00e+00	0.00e+00	0.00e+00	1.25e-01	2.86e-02	1.55e-02
 7.02680e+16	1.92e-01	7.25e-01	8.31e-02	0.00e+00	0.00e+00	0.00e+00	0.00e+00	0.00e+00	0.00e+00	1.42e-01	3.21e-02	1.75e-02
 7.04641e+16	2.13e-01	7.18e-01	6.86e-02	0.00e+00	0.00e+00	0.00e+00	0.00e+00	0.00e+00	0.00e+00	1.58e-01	3.54e-02	1.94e-02
 7.06215e+16	2.31e-01	7.11e-01	5.83e-02	0.00e+00	0.00e+00	0.00e+00	0.00e+00	0.00e+00	0.00e+00	1.72e-01	3.81e-02	2.09e-02
 7.07897e+16	2.52e-01	7.00e-01	4.85e-02	0.00e+00	0.00e+00	0.00e+00	0.00e+00	0.00e+00	0.00e+00	1.88e-01	4.11e-02	2.28e-02
 7.09788e+16	2.78e-01	6.83e-01	3.87e-02	0.00e+00	0.00e+00	0.00e+00	0.00e+00	0.00e+00	0.00e+00	2.08e-01	4.49e-02	2.50e-02
 7.11510e+16	3.05e-01	6.64e-01	3.10e-02	0.00e+00	0.00e+00	0.00e+00	0.00e+00	0.00e+00	0.00e+00	2.29e-01	4.86e-02	2.73e-02
 7.12970e+16	3.28e-01	6.46e-01	2.55e-02	0.00e+00	0.00e+00	0.00e+00	0.00e+00	0.00e+00	0.00e+00	2.47e-01	5.17e-02	2.92e-02
 7.14533e+16	3.56e-01	6.24e-01	2.03e-02	0.00e+00	0.00e+00	0.00e+00	0.00e+00	0.00e+00	0.00e+00	2.69e-01	5.52e-02	3.14e-02
 7.16234e+16	3.87e-01	5.97e-01	1.56e-02	0.00e+00	0.00e+00	0.00e+00	0.00e+00	0.00e+00	0.00e+00	2.94e-01	5.90e-02	3.39e-02
 7.17746e+16	4.18e-01	5.70e-01	1.22e-02	0.00e+00	0.00e+00	0.00e+00	0.00e+00	0.00e+00	0.00e+00	3.19e-01	6.25e-02	3.63e-02
 7.19063e+16	4.44e-01	5.46e-01	9.73e-03	0.00e+00	0.00e+00	0.00e+00	0.00e+00	0.00e+00	0.00e+00	3.41e-01	6.54e-02	3.83e-02
 7.20307e+16	4.71e-01	5.21e-01	7.77e-03	0.00e+00	0.00e+00	0.00e+00	0.00e+00	0.00e+00	0.00e+00	3.63e-01	6.81e-02	4.03e-02
 7.21588e+16	4.99e-01	4.95e-01	6.11e-03	0.00e+00	0.00e+00	0.00e+00	0.00e+00	0.00e+00	0.00e+00	3.86e-01	7.06e-02	4.22e-02
 7.22824e+16	5.27e-01	4.68e-01	4.79e-03	0.00e+00	0.00e+00	0.00e+00	0.00e+00	0.00e+00	0.00e+00	4.10e-01	7.30e-02	4.41e-02
 7.23893e+16	5.51e-01	4.45e-01	3.85e-03	0.00e+00	0.00e+00	0.00e+00	0.00e+00	0.00e+00	0.00e+00	4.31e-01	7.48e-02	4.56e-02
 7.24849e+16	5.73e-01	4.23e-01	3.14e-03	0.00e+00	0.00e+00	0.00e+00	0.00e+00	0.00e+00	0.00e+00	4.50e-01	7.63e-02	4.69e-02
 7.25770e+16	5.94e-01	4.03e-01	2.58e-03	0.00e+00	0.00e+00	0.00e+00	0.00e+00	0.00e+00	0.00e+00	4.69e-01	7.74e-02	4.81e-02
 7.26518e+16	6.11e-01	3.87e-01	2.19e-03	0.00e+00	0.00e+00	0.00e+00	0.00e+00	0.00e+00	0.00e+00	4.84e-01	7.82e-02	4.89e-02
 7.27016e+16	6.22e-01	3.76e-01	1.96e-03	0.00e+00	0.00e+00	0.00e+00	0.00e+00	0.00e+00	0.00e+00	4.94e-01	7.86e-02	4.95e-02
 7.27476e+16	6.31e-01	3.67e-01	1.77e-03	0.00e+00	0.00e+00	0.00e+00	0.00e+00	0.00e+00	0.00e+00	5.03e-01	7.89e-02	4.99e-02
 7.28031e+16	6.44e-01	3.54e-01	1.55e-03	0.00e+00	0.00e+00	0.00e+00	0.00e+00	0.00e+00	0.00e+00	5.14e-01	7.93e-02	5.05e-02
 7.28631e+16	6.58e-01	3.41e-01	1.34e-03	0.00e+00	0.00e+00	0.00e+00	0.00e+00	0.00e+00	0.00e+00	5.27e-01	7.96e-02	5.10e-02
 7.29178e+16	6.70e-01	3.29e-01	1.18e-03	0.00e+00	0.00e+00	0.00e+00	0.00e+00	0.00e+00	0.00e+00	5.38e-01	7.98e-02	5.15e-02
 7.29679e+16	6.81e-01	3.18e-01	1.04e-03	0.00e+00	0.00e+00	0.00e+00	0.00e+00	0.00e+00	0.00e+00	5.49e-01	8.00e-02	5.19e-02
 7.30179e+16	6.91e-01	3.08e-01	9.18e-04	0.00e+00	0.00e+00	0.00e+00	0.00e+00	0.00e+00	0.00e+00	5.59e-01	8.00e-02	5.22e-02
 7.30696e+16	7.03e-01	2.96e-01	8.03e-04	0.00e+00	0.00e+00	0.00e+00	0.00e+00	0.00e+00	0.00e+00	5.70e-01	8.00e-02	5.25e-02
 7.31211e+16	7.14e-01	2.86e-01	7.03e-04	0.00e+00	0.00e+00	0.00e+00	0.00e+00	0.00e+00	0.00e+00	5.81e-01	8.00e-02	5.28e-02
 7.31710e+16	7.25e-01	2.75e-01	6.16e-04	0.00e+00	0.00e+00	0.00e+00	0.00e+00	0.00e+00	0.00e+00	5.92e-01	7.98e-02	5.30e-02
 7.32197e+16	7.35e-01	2.65e-01	5.42e-04	0.00e+00	0.00e+00	0.00e+00	0.00e+00	0.00e+00	0.00e+00	6.02e-01	7.96e-02	5.32e-02
 7.32682e+16	7.45e-01	2.55e-01	4.75e-04	0.00e+00	0.00e+00	0.00e+00	0.00e+00	0.00e+00	0.00e+00	6.12e-01	7.94e-02	5.34e-02
 7.33170e+16	7.54e-01	2.45e-01	4.15e-04	0.00e+00	0.00e+00	0.00e+00	0.00e+00	0.00e+00	0.00e+00	6.22e-01	7.91e-02	5.35e-02
 7.33657e+16	7.64e-01	2.36e-01	3.63e-04	0.00e+00	0.00e+00	0.00e+00	0.00e+00	0.00e+00	0.00e+00	6.32e-01	7.87e-02	5.35e-02
 7.34138e+16	7.73e-01	2.26e-01	3.16e-04	0.00e+00	0.00e+00	0.00e+00	0.00e+00	0.00e+00	0.00e+00	6.42e-01	7.82e-02	5.35e-02
 7.34605e+16	7.82e-01	2.17e-01	2.77e-04	0.00e+00	0.00e+00	0.00e+00	0.00e+00	0.00e+00	0.00e+00	6.51e-01	7.78e-02	5.35e-02
 7.35067e+16	7.91e-01	2.09e-01	2.42e-04	0.00e+00	0.00e+00	0.00e+00	0.00e+00	0.00e+00	0.00e+00	6.60e-01	7.73e-02	5.35e-02
 7.35537e+16	8.00e-01	2.00e-01	2.11e-04	0.00e+00	0.00e+00	0.00e+00	0.00e+00	0.00e+00	0.00e+00	6.69e-01	7.67e-02	5.34e-02
 7.36003e+16	8.08e-01	1.92e-01	1.84e-04	0.00e+00	0.00e+00	0.00e+00	0.00e+00	0.00e+00	0.00e+00	6.78e-01	7.62e-02	5.33e-02
 7.36458e+16	8.16e-01	1.84e-01	1.60e-04	0.00e+00	0.00e+00	0.00e+00	0.00e+00	0.00e+00	0.00e+00	6.87e-01	7.55e-02	5.31e-02
 7.36909e+16	8.23e-01	1.77e-01	1.40e-04	0.00e+00	0.00e+00	0.00e+00	0.00e+00	0.00e+00	0.00e+00	6.95e-01	7.49e-02	5.29e-02
 7.37362e+16	8.31e-01	1.69e-01	1.22e-04	0.00e+00	0.00e+00	0.00e+00	0.00e+00	0.00e+00	0.00e+00	7.04e-01	7.42e-02	5.27e-02
 7.37818e+16	8.38e-01	1.62e-01	1.05e-04	0.00e+00	0.00e+00	0.00e+00	0.00e+00	0.00e+00	0.00e+00	7.12e-01	7.35e-02	5.25e-02
 7.38259e+16	8.45e-01	1.55e-01	9.19e-05	0.00e+00	0.00e+00	0.00e+00	0.00e+00	0.00e+00	0.00e+00	7.20e-01	7.28e-02	5.22e-02
 7.38691e+16	8.51e-01	1.49e-01	8.02e-05	0.00e+00	0.00e+00	0.00e+00	0.00e+00	0.00e+00	0.00e+00	7.27e-01	7.21e-02	5.19e-02
 7.39130e+16	8.58e-01	1.42e-01	6.96e-05	0.00e+00	0.00e+00	0.00e+00	0.00e+00	0.00e+00	0.00e+00	7.35e-01	7.13e-02	5.16e-02
 7.39572e+16	8.64e-01	1.36e-01	6.03e-05	0.00e+00	0.00e+00	0.00e+00	0.00e+00	0.00e+00	0.00e+00	7.42e-01	7.05e-02	5.13e-02
 7.40002e+16	8.70e-01	1.30e-01	5.24e-05	0.00e+00	0.00e+00	0.00e+00	0.00e+00	0.00e+00	0.00e+00	7.50e-01	6.98e-02	5.09e-02
 7.40418e+16	8.76e-01	1.24e-01	4.57e-05	0.00e+00	0.00e+00	0.00e+00	0.00e+00	0.00e+00	0.00e+00	7.56e-01	6.91e-02	5.06e-02
 7.40826e+16	8.81e-01	1.19e-01	3.99e-05	0.00e+00	0.00e+00	0.00e+00	0.00e+00	0.00e+00	0.00e+00	7.62e-01	6.83e-02	5.02e-02
 7.41233e+16	8.86e-01	1.14e-01	3.48e-05	0.00e+00	0.00e+00	0.00e+00	0.00e+00	0.00e+00	0.00e+00	7.69e-01	6.76e-02	4.99e-02
 7.41641e+16	8.91e-01	1.09e-01	3.03e-05	0.00e+00	0.00e+00	0.00e+00	0.00e+00	0.00e+00	0.00e+00	7.75e-01	6.68e-02	4.95e-02
 7.42041e+16	8.96e-01	1.04e-01	2.65e-05	0.00e+00	0.00e+00	0.00e+00	0.00e+00	0.00e+00	0.00e+00	7.80e-01	6.61e-02	4.91e-02
 7.42426e+16	9.00e-01	1.00e-01	2.32e-05	0.00e+00	0.00e+00	0.00e+00	0.00e+00	0.00e+00	0.00e+00	7.86e-01	6.54e-02	4.88e-02
 7.42805e+16	9.04e-01	9.59e-02	2.04e-05	0.00e+00	0.00e+00	0.00e+00	0.00e+00	0.00e+00	0.00e+00	7.91e-01	6.47e-02	4.84e-02
 7.43184e+16	9.08e-01	9.18e-02	1.79e-05	0.00e+00	0.00e+00	0.00e+00	0.00e+00	0.00e+00	0.00e+00	7.96e-01	6.40e-02	4.80e-02
 7.43562e+16	9.12e-01	8.79e-02	1.57e-05	0.00e+00	0.00e+00	0.00e+00	0.00e+00	0.00e+00	0.00e+00	8.01e-01	6.34e-02	4.76e-02
 7.43933e+16	9.16e-01	8.44e-02	1.38e-05	0.00e+00	0.00e+00	0.00e+00	0.00e+00	0.00e+00	0.00e+00	8.06e-01	6.27e-02	4.73e-02
 7.44295e+16	9.19e-01	8.09e-02	1.21e-05	0.00e+00	0.00e+00	0.00e+00	0.00e+00	0.00e+00	0.00e+00	8.10e-01	6.21e-02	4.69e-02
 7.44650e+16	9.22e-01	7.76e-02	1.07e-05	0.00e+00	0.00e+00	0.00e+00	0.00e+00	0.00e+00	0.00e+00	8.14e-01	6.15e-02	4.65e-02
 7.45004e+16	9.26e-01	7.44e-02	9.40e-06	0.00e+00	0.00e+00	0.00e+00	0.00e+00	0.00e+00	0.00e+00	8.19e-01	6.08e-02	4.62e-02
 7.45359e+16	9.29e-01	7.14e-02	8.28e-06	0.00e+00	0.00e+00	0.00e+00	0.00e+00	0.00e+00	0.00e+00	8.22e-01	6.03e-02	4.58e-02
 7.45709e+16	9.32e-01	6.85e-02	7.30e-06	0.00e+00	0.00e+00	0.00e+00	0.00e+00	0.00e+00	0.00e+00	8.26e-01	5.97e-02	4.55e-02
 7.46049e+16	9.34e-01	6.57e-02	6.46e-06	0.00e+00	0.00e+00	0.00e+00	0.00e+00	0.00e+00	0.00e+00	8.30e-01	5.91e-02	4.51e-02
 7.46383e+16	9.37e-01	6.31e-02	5.72e-06	0.00e+00	0.00e+00	0.00e+00	0.00e+00	0.00e+00	0.00e+00	8.34e-01	5.86e-02	4.48e-02
 7.46722e+16	9.39e-01	6.05e-02	5.05e-06	0.00e+00	0.00e+00	0.00e+00	0.00e+00	0.00e+00	0.00e+00	8.37e-01	5.80e-02	4.45e-02
 7.47058e+16	9.42e-01	5.80e-02	4.46e-06	0.00e+00	0.00e+00	0.00e+00	0.00e+00	0.00e+00	0.00e+00	8.40e-01	5.75e-02	4.41e-02
 7.47381e+16	9.44e-01	5.58e-02	3.97e-06	0.00e+00	0.00e+00	0.00e+00	0.00e+00	0.00e+00	0.00e+00	8.43e-01	5.70e-02	4.37e-02
 7.47702e+16	9.46e-01	5.36e-02	3.52e-06	0.00e+00	0.00e+00	0.00e+00	0.00e+00	0.00e+00	0.00e+00	8.47e-01	5.65e-02	4.34e-02
 7.48028e+16	9.49e-01	5.14e-02	3.12e-06	0.00e+00	0.00e+00	0.00e+00	0.00e+00	0.00e+00	0.00e+00	8.50e-01	5.60e-02	4.30e-02
 7.48348e+16	9.51e-01	4.93e-02	2.77e-06	0.00e+00	0.00e+00	0.00e+00	0.00e+00	0.00e+00	0.00e+00	8.53e-01	5.55e-02	4.26e-02
 7.48666e+16	9.53e-01	4.74e-02	2.46e-06	0.00e+00	0.00e+00	0.00e+00	0.00e+00	0.00e+00	0.00e+00	8.55e-01	5.50e-02	4.23e-02
 7.48979e+16	9.54e-01	4.55e-02	2.19e-06	0.00e+00	0.00e+00	0.00e+00	0.00e+00	0.00e+00	0.00e+00	8.58e-01	5.46e-02	4.20e-02
 7.49284e+16	9.56e-01	4.37e-02	1.95e-06	0.00e+00	0.00e+00	0.00e+00	0.00e+00	0.00e+00	0.00e+00	8.60e-01	5.41e-02	4.17e-02
 7.49589e+16	9.58e-01	4.20e-02	1.74e-06	0.00e+00	0.00e+00	0.00e+00	0.00e+00	0.00e+00	0.00e+00	8.63e-01	5.37e-02	4.13e-02
 7.49899e+16	9.60e-01	4.03e-02	1.55e-06	0.00e+00	0.00e+00	0.00e+00	0.00e+00	0.00e+00	0.00e+00	8.65e-01	5.33e-02	4.10e-02
 7.50209e+16	9.61e-01	3.86e-02	1.37e-06	0.00e+00	0.00e+00	0.00e+00	0.00e+00	0.00e+00	0.00e+00	8.68e-01	5.28e-02	4.07e-02
 7.50506e+16	9.63e-01	3.71e-02	1.23e-06	0.00e+00	0.00e+00	0.00e+00	0.00e+00	0.00e+00	0.00e+00	8.70e-01	5.25e-02	4.04e-02
 7.50797e+16	9.64e-01	3.57e-02	1.10e-06	0.00e+00	0.00e+00	0.00e+00	0.00e+00	0.00e+00	0.00e+00	8.72e-01	5.21e-02	4.01e-02
 7.51089e+16	9.66e-01	3.43e-02	9.86e-07	0.00e+00	0.00e+00	0.00e+00	0.00e+00	0.00e+00	0.00e+00	8.74e-01	5.17e-02	3.99e-02
 7.51377e+16	9.67e-01	3.30e-02	8.83e-07	0.00e+00	0.00e+00	0.00e+00	0.00e+00	0.00e+00	0.00e+00	8.76e-01	5.14e-02	3.96e-02
 7.51663e+16	9.68e-01	3.17e-02	7.92e-07	0.00e+00	0.00e+00	0.00e+00	0.00e+00	0.00e+00	0.00e+00	8.78e-01	5.10e-02	3.93e-02
 7.51951e+16	9.70e-01	3.04e-02	7.09e-07	0.00e+00	0.00e+00	0.00e+00	0.00e+00	0.00e+00	0.00e+00	8.80e-01	5.07e-02	3.90e-02
 7.52237e+16	9.71e-01	2.92e-02	6.35e-07	0.00e+00	0.00e+00	0.00e+00	0.00e+00	0.00e+00	0.00e+00	8.82e-01	5.03e-02	3.88e-02
 7.52515e+16	9.72e-01	2.80e-02	5.70e-07	0.00e+00	0.00e+00	0.00e+00	0.00e+00	0.00e+00	0.00e+00	8.83e-01	5.00e-02	3.85e-02
 7.52788e+16	9.73e-01	2.69e-02	5.14e-07	0.00e+00	0.00e+00	0.00e+00	0.00e+00	0.00e+00	0.00e+00	8.85e-01	4.97e-02	3.83e-02
 7.53059e+16	9.74e-01	2.58e-02	4.63e-07	0.00e+00	0.00e+00	0.00e+00	0.00e+00	0.00e+00	0.00e+00	8.87e-01	4.94e-02	3.80e-02
 7.53329e+16	9.75e-01	2.48e-02	4.17e-07	0.00e+00	0.00e+00	0.00e+00	0.00e+00	0.00e+00	0.00e+00	8.88e-01	4.91e-02	3.78e-02
 7.53596e+16	9.76e-01	2.38e-02	3.76e-07	0.00e+00	0.00e+00	0.00e+00	0.00e+00	0.00e+00	0.00e+00	8.90e-01	4.88e-02	3.76e-02
 7.53852e+16	9.77e-01	2.28e-02	3.41e-07	0.00e+00	0.00e+00	0.00e+00	0.00e+00	0.00e+00	0.00e+00	8.91e-01	4.85e-02	3.74e-02
 7.54091e+16	9.78e-01	2.20e-02	3.11e-07	0.00e+00	0.00e+00	0.00e+00	0.00e+00	0.00e+00	0.00e+00	8.93e-01	4.83e-02	3.72e-02
 7.54309e+16	9.79e-01	2.12e-02	2.86e-07	0.00e+00	0.00e+00	0.00e+00	0.00e+00	0.00e+00	0.00e+00	8.94e-01	4.81e-02	3.70e-02
 7.54506e+16	9.79e-01	2.06e-02	2.66e-07	0.00e+00	0.00e+00	0.00e+00	0.00e+00	0.00e+00	0.00e+00	8.95e-01	4.78e-02	3.68e-02
 7.54687e+16	9.80e-01	2.00e-02	2.48e-07	0.00e+00	0.00e+00	0.00e+00	0.00e+00	0.00e+00	0.00e+00	8.96e-01	4.77e-02	3.66e-02
 7.54861e+16	9.81e-01	1.95e-02	2.32e-07	0.00e+00	0.00e+00	0.00e+00	0.00e+00	0.00e+00	0.00e+00	8.97e-01	4.75e-02	3.65e-02
 7.55025e+16	9.81e-01	1.90e-02	2.18e-07	0.00e+00	0.00e+00	0.00e+00	0.00e+00	0.00e+00	0.00e+00	8.97e-01	4.73e-02	3.64e-02
 7.55175e+16	9.82e-01	1.85e-02	2.06e-07	0.00e+00	0.00e+00	0.00e+00	0.00e+00	0.00e+00	0.00e+00	8.98e-01	4.71e-02	3.62e-02
 7.55313e+16	9.82e-01	1.81e-02	1.96e-07	0.00e+00	0.00e+00	0.00e+00	0.00e+00	0.00e+00	0.00e+00	8.99e-01	4.70e-02	3.61e-02
 7.55444e+16	9.82e-01	1.77e-02	1.87e-07	0.00e+00	0.00e+00	0.00e+00	0.00e+00	0.00e+00	0.00e+00	9.00e-01	4.68e-02	3.60e-02
 7.55570e+16	9.83e-01	1.73e-02	1.78e-07	0.00e+00	0.00e+00	0.00e+00	0.00e+00	0.00e+00	0.00e+00	9.00e-01	4.67e-02	3.58e-02
 7.55690e+16	9.83e-01	1.69e-02	1.70e-07	0.00e+00	0.00e+00	0.00e+00	0.00e+00	0.00e+00	0.00e+00	9.01e-01	4.66e-02	3.57e-02
 7.55804e+16	9.83e-01	1.65e-02	1.63e-07	0.00e+00	0.00e+00	0.00e+00	0.00e+00	0.00e+00	0.00e+00	9.01e-01	4.64e-02	3.56e-02
 7.55912e+16	9.84e-01	1.62e-02	1.56e-07	0.00e+00	0.00e+00	0.00e+00	0.00e+00	0.00e+00	0.00e+00	9.02e-01	4.63e-02	3.55e-02
 7.56014e+16	9.84e-01	1.59e-02	1.50e-07	0.00e+00	0.00e+00	0.00e+00	0.00e+00	0.00e+00	0.00e+00	9.03e-01	4.62e-02	3.54e-02
 7.56113e+16	9.84e-01	1.56e-02	1.44e-07	0.00e+00	0.00e+00	0.00e+00	0.00e+00	0.00e+00	0.00e+00	9.03e-01	4.60e-02	3.53e-02
 7.56208e+16	9.85e-01	1.53e-02	1.39e-07	0.00e+00	0.00e+00	0.00e+00	0.00e+00	0.00e+00	0.00e+00	9.04e-01	4.59e-02	3.52e-02
 7.56300e+16	9.85e-01	1.50e-02	1.34e-07	0.00e+00	0.00e+00	0.00e+00	0.00e+00	0.00e+00	0.00e+00	9.04e-01	4.58e-02	3.51e-02
 7.56388e+16	9.85e-01	1.47e-02	1.30e-07	0.00e+00	0.00e+00	0.00e+00	0.00e+00	0.00e+00	0.00e+00	9.05e-01	4.57e-02	3.50e-02
 7.56474e+16	9.86e-01	1.44e-02	1.25e-07	0.00e+00	0.00e+00	0.00e+00	0.00e+00	0.00e+00	0.00e+00	9.05e-01	4.55e-02	3.49e-02
 7.56560e+16	9.86e-01	1.42e-02	1.21e-07	0.00e+00	0.00e+00	0.00e+00	0.00e+00	0.00e+00	0.00e+00	9.06e-01	4.54e-02	3.48e-02
 7.56645e+16	9.86e-01	1.39e-02	1.17e-07	0.00e+00	0.00e+00	0.00e+00	0.00e+00	0.00e+00	0.00e+00	9.06e-01	4.53e-02	3.46e-02
 7.56730e+16	9.86e-01	1.36e-02	1.13e-07	0.00e+00	0.00e+00	0.00e+00	0.00e+00	0.00e+00	0.00e+00	9.07e-01	4.51e-02	3.45e-02
 7.56817e+16	9.87e-01	1.33e-02	1.09e-07	0.00e+00	0.00e+00	0.00e+00	0.00e+00	0.00e+00	0.00e+00	9.07e-01	4.50e-02	3.44e-02
 7.56906e+16	9.87e-01	1.30e-02	1.05e-07	0.00e+00	0.00e+00	0.00e+00	0.00e+00	0.00e+00	0.00e+00	9.08e-01	4.48e-02	3.43e-02
 7.57000e+16	9.87e-01	1.27e-02	1.01e-07	0.00e+00	0.00e+00	0.00e+00	0.00e+00	0.00e+00	0.00e+00	9.09e-01	4.47e-02	3.41e-02
 7.57098e+16	9.88e-01	1.23e-02	9.72e-08	0.00e+00	0.00e+00	0.00e+00	0.00e+00	0.00e+00	0.00e+00	9.09e-01	4.45e-02	3.39e-02
 7.57192e+16	9.88e-01	1.20e-02	9.34e-08	0.00e+00	0.00e+00	0.00e+00	0.00e+00	0.00e+00	0.00e+00	9.10e-01	4.43e-02	3.38e-02
 7.57275e+16	9.88e-01	1.17e-02	9.01e-08	0.00e+00	0.00e+00	0.00e+00	0.00e+00	0.00e+00	0.00e+00	9.11e-01	4.41e-02	3.36e-02
 7.57352e+16	9.89e-01	1.14e-02	8.71e-08	0.00e+00	0.00e+00	0.00e+00	0.00e+00	0.00e+00	0.00e+00	9.11e-01	4.40e-02	3.35e-02
 7.57427e+16	9.89e-01	1.11e-02	8.43e-08	0.00e+00	0.00e+00	0.00e+00	0.00e+00	0.00e+00	0.00e+00	9.12e-01	4.38e-02	3.33e-02
 7.57500e+16	9.89e-01	1.09e-02	8.16e-08	0.00e+00	0.00e+00	0.00e+00	0.00e+00	0.00e+00	0.00e+00	9.12e-01	4.36e-02	3.32e-02
 7.57567e+16	9.89e-01	1.06e-02	7.91e-08	0.00e+00	0.00e+00	0.00e+00	0.00e+00	0.00e+00	0.00e+00	9.13e-01	4.35e-02	3.30e-02
 7.57629e+16	9.90e-01	1.04e-02	7.69e-08	0.00e+00	0.00e+00	0.00e+00	0.00e+00	0.00e+00	0.00e+00	9.13e-01	4.33e-02	3.29e-02
 7.57685e+16	9.90e-01	1.02e-02	7.49e-08	0.00e+00	0.00e+00	0.00e+00	0.00e+00	0.00e+00	0.00e+00	9.14e-01	4.32e-02	3.28e-02
 7.57736e+16	9.90e-01	1.00e-02	7.31e-08	0.00e+00	0.00e+00	0.00e+00	0.00e+00	0.00e+00	0.00e+00	9.14e-01	4.30e-02	3.26e-02
 7.57783e+16	9.90e-01	9.84e-03	7.15e-08	0.00e+00	0.00e+00	0.00e+00	0.00e+00	0.00e+00	0.00e+00	9.15e-01	4.29e-02	3.25e-02
 7.57825e+16	9.90e-01	9.71e-03	7.01e-08	0.00e+00	0.00e+00	0.00e+00	0.00e+00	0.00e+00	0.00e+00	9.15e-01	4.28e-02	3.24e-02
 7.57872e+16	9.90e-01	9.54e-03	6.84e-08	0.00e+00	0.00e+00	0.00e+00	0.00e+00	0.00e+00	0.00e+00	9.15e-01	4.27e-02	3.23e-02
 7.57922e+16	9.91e-01	9.37e-03	6.67e-08	0.00e+00	0.00e+00	0.00e+00	0.00e+00	0.00e+00	0.00e+00	9.16e-01	4.25e-02	3.22e-02
 7.57967e+16	9.91e-01	9.21e-03	6.52e-08	0.00e+00	0.00e+00	0.00e+00	0.00e+00	0.00e+00	0.00e+00	9.16e-01	4.24e-02	3.21e-02
 7.58009e+16	9.91e-01	9.09e-03	6.39e-08	0.00e+00	0.00e+00	0.00e+00	0.00e+00	0.00e+00	0.00e+00	9.17e-01	4.23e-02	3.20e-02
 7.58054e+16	9.91e-01	8.93e-03	6.23e-08	0.00e+00	0.00e+00	0.00e+00	0.00e+00	0.00e+00	0.00e+00	9.17e-01	4.21e-02	3.18e-02
 7.58103e+16	9.91e-01	8.78e-03	6.07e-08	0.00e+00	0.00e+00	0.00e+00	0.00e+00	0.00e+00	0.00e+00	9.18e-01	4.19e-02	3.17e-02
 7.58148e+16	9.91e-01	8.62e-03	5.92e-08	0.00e+00	0.00e+00	0.00e+00	0.00e+00	0.00e+00	0.00e+00	9.18e-01	4.18e-02	3.16e-02
 7.58188e+16	9.91e-01	8.51e-03	5.81e-08	0.00e+00	0.00e+00	0.00e+00	0.00e+00	0.00e+00	0.00e+00	9.18e-01	4.17e-02	3.15e-02
 7.58233e+16	9.92e-01	8.36e-03	5.65e-08	0.00e+00	0.00e+00	0.00e+00	0.00e+00	0.00e+00	0.00e+00	9.19e-01	4.15e-02	3.14e-02
 7.58281e+16	9.92e-01	8.20e-03	5.50e-08	0.00e+00	0.00e+00	0.00e+00	0.00e+00	0.00e+00	0.00e+00	9.19e-01	4.13e-02	3.12e-02
 7.58325e+16	9.92e-01	8.09e-03	5.38e-08	0.00e+00	0.00e+00	0.00e+00	0.00e+00	0.00e+00	0.00e+00	9.20e-01	4.12e-02	3.11e-02
 7.58373e+16	9.92e-01	7.96e-03	5.24e-08	0.00e+00	0.00e+00	0.00e+00	0.00e+00	0.00e+00	0.00e+00	9.20e-01	4.11e-02	3.10e-02
 7.58424e+16	9.92e-01	7.83e-03	5.10e-08	0.00e+00	0.00e+00	0.00e+00	0.00e+00	0.00e+00	0.00e+00	9.20e-01	4.09e-02	3.09e-02
 7.58481e+16	9.92e-01	7.68e-03	4.94e-08	0.00e+00	0.00e+00	0.00e+00	0.00e+00	0.00e+00	0.00e+00	9.21e-01	4.08e-02	3.08e-02
 7.58542e+16	9.92e-01	7.53e-03	4.78e-08	0.00e+00	0.00e+00	0.00e+00	0.00e+00	0.00e+00	0.00e+00	9.21e-01	4.06e-02	3.06e-02
 7.58598e+16	9.93e-01	7.39e-03	4.63e-08	0.00e+00	0.00e+00	0.00e+00	0.00e+00	0.00e+00	0.00e+00	9.22e-01	4.05e-02	3.05e-02
 7.58648e+16	9.93e-01	7.24e-03	4.49e-08	0.00e+00	0.00e+00	0.00e+00	0.00e+00	0.00e+00	0.00e+00	9.22e-01	4.03e-02	3.04e-02
