#depth	O	O+	O+2	O+3	O+4	O+5	O+6	O+7	O+8	O[1]	O[2]	O[3]
 2.33739e+11	4.85e-05	5.38e-02	9.46e-01	1.82e-04	0.00e+00	0.00e+00	0.00e+00	0.00e+00	0.00e+00	3.26e-05	1.11e-05	4.81e-06
 1.40243e+12	4.85e-05	5.38e-02	9.46e-01	1.82e-04	0.00e+00	0.00e+00	0.00e+00	0.00e+00	0.00e+00	3.26e-05	1.11e-05	4.80e-06
 6.07721e+12	4.85e-05	5.38e-02	9.46e-01	1.79e-04	0.00e+00	0.00e+00	0.00e+00	0.00e+00	0.00e+00	3.26e-05	1.11e-05	4.81e-06
 2.47763e+13	4.87e-05	5.39e-02	9.46e-01	1.68e-04	0.00e+00	0.00e+00	0.00e+00	0.00e+00	0.00e+00	3.27e-05	1.12e-05	4.85e-06
 5.91827e+13	4.85e-05	5.41e-02	9.46e-01	1.53e-04	0.00e+00	0.00e+00	0.00e+00	0.00e+00	0.00e+00	3.25e-05	1.12e-05	4.85e-06
 1.03911e+14	4.85e-05	5.43e-02	9.46e-01	1.36e-04	0.00e+00	0.00e+00	0.00e+00	0.00e+00	0.00e+00	3.25e-05	1.12e-05	4.85e-06
 1.62058e+14	4.87e-05	5.46e-02	9.45e-01	1.16e-04	0.00e+00	0.00e+00	0.00e+00	0.00e+00	0.00e+00	3.26e-05	1.12e-05	4.87e-06
 2.37648e+14	4.89e-05	5.50e-02	9.45e-01	9.37e-05	0.00e+00	0.00e+00	0.00e+00	0.00e+00	0.00e+00	3.28e-05	1.12e-05	4.89e-06
 3.35916e+14	4.93e-05	5.55e-02	9.44e-01	7.10e-05	0.00e+00	0.00e+00	0.00e+00	0.00e+00	0.00e+00	3.31e-05	1.13e-05	4.93e-06
 4.63665e+14	5.00e-05	5.62e-02	9.44e-01	4.95e-05	0.00e+00	0.00e+00	0.00e+00	0.00e+00	0.00e+00	3.35e-05	1.15e-05	5.00e-06
 6.29738e+14	5.09e-05	5.72e-02	9.43e-01	3.10e-05	0.00e+00	0.00e+00	0.00e+00	0.00e+00	0.00e+00	3.41e-05	1.17e-05	5.09e-06
 8.45632e+14	5.23e-05	5.84e-02	9.42e-01	1.69e-05	0.00e+00	0.00e+00	0.00e+00	0.00e+00	0.00e+00	3.51e-05	1.20e-05	5.23e-06
 1.12630e+15	5.44e-05	6.00e-02	9.40e-01	7.77e-06	0.00e+00	0.00e+00	0.00e+00	0.00e+00	0.00e+00	3.65e-05	1.25e-05	5.43e-06
 1.49116e+15	5.73e-05	6.22e-02	9.38e-01	2.90e-06	0.00e+00	0.00e+00	0.00e+00	0.00e+00	0.00e+00	3.85e-05	1.31e-05	5.73e-06
 1.96548e+15	6.17e-05	6.52e-02	9.35e-01	8.43e-07	0.00e+00	0.00e+00	0.00e+00	0.00e+00	0.00e+00	4.14e-05	1.41e-05	6.16e-06
 2.58210e+15	6.84e-05	6.94e-02	9.31e-01	1.89e-07	0.00e+00	0.00e+00	0.00e+00	0.00e+00	0.00e+00	4.59e-05	1.57e-05	6.83e-06
 3.38370e+15	7.85e-05	7.53e-02	9.25e-01	0.00e+00	0.00e+00	0.00e+00	0.00e+00	0.00e+00	0.00e+00	5.27e-05	1.80e-05	7.85e-06
 4.37618e+15	9.38e-05	8.33e-02	9.17e-01	0.00e+00	0.00e+00	0.00e+00	0.00e+00	0.00e+00	0.00e+00	6.29e-05	2.15e-05	9.37e-06
 5.41001e+15	1.13e-04	9.25e-02	9.07e-01	0.00e+00	0.00e+00	0.00e+00	0.00e+00	0.00e+00	0.00e+00	7.57e-05	2.58e-05	1.13e-05
 6.33388e+15	1.35e-04	1.02e-01	8.98e-01	0.00e+00	0.00e+00	0.00e+00	0.00e+00	0.00e+00	0.00e+00	9.06e-05	3.09e-05	1.35e-05
 7.10147e+15	1.58e-04	1.11e-01	8.89e-01	0.00e+00	0.00e+00	0.00e+00	0.00e+00	0.00e+00	0.00e+00	1.06e-04	3.63e-05	1.59e-05
 7.81162e+15	1.86e-04	1.20e-01	8.79e-01	0.00e+00	0.00e+00	0.00e+00	0.00e+00	0.00e+00	0.00e+00	1.25e-04	4.27e-05	1.87e-05
 8.54649e+15	2.21e-04	1.31e-01	8.68e-01	0.00e+00	0.00e+00	0.00e+00	0.00e+00	0.00e+00	0.00e+00	1.48e-04	5.09e-05	2.23e-05
 9.23734e+15	2.63e-04	1.43e-01	8.57e-01	0.00e+00	0.00e+00	0.00e+00	0.00e+00	0.00e+00	0.00e+00	1.76e-04	6.05e-05	2.65e-05
 9.86620e+15	3.10e-04	1.55e-01	8.45e-01	0.00e+00	0.00e+00	0.00e+00	0.00e+00	0.00e+00	0.00e+00	2.08e-04	7.15e-05	3.13e-05
 1.04562e+16	3.65e-04	1.68e-01	8.32e-01	0.00e+00	0.00e+00	0.00e+00	0.00e+00	0.00e+00	0.00e+00	2.44e-04	8.43e-05	3.69e-05
 1.10285e+16	4.30e-04	1.81e-01	8.18e-01	0.00e+00	0.00e+00	0.00e+00	0.00e+00	0.00e+00	0.00e+00	2.87e-04	9.95e-05	4.35e-05
 1.15862e+16	5.09e-04	1.96e-01	8.03e-01	0.00e+00	0.00e+00	0.00e+00	0.00e+00	0.00e+00	0.00e+00	3.39e-04	1.18e-04	5.16e-05
 1.21234e+16	6.03e-04	2.12e-01	7.87e-01	0.00e+00	0.00e+00	0.00e+00	0.00e+00	0.00e+00	0.00e+00	4.01e-04	1.40e-04	6.12e-05
 1.26370e+16	7.14e-04	2.29e-01	7.70e-01	0.00e+00	0.00e+00	0.00e+00	0.00e+00	0.00e+00	0.00e+00	4.75e-04	1.66e-04	7.26e-05
 1.31298e+16	8.44e-04	2.47e-01	7.52e-01	0.00e+00	0.00e+00	0.00e+00	0.00e+00	0.00e+00	0.00e+00	5.61e-04	1.97e-04	8.60e-05
 1.36067e+16	1.00e-03	2.67e-01	7.32e-01	0.00e+00	0.00e+00	0.00e+00	0.00e+00	0.00e+00	0.00e+00	6.65e-04	2.35e-04	1.02e-04
 1.40689e+16	1.19e-03	2.89e-01	7.10e-01	0.00e+00	0.00e+00	0.00e+00	0.00e+00	0.00e+00	0.00e+00	7.90e-04	2.80e-04	1.22e-04
 1.45140e+16	1.42e-03	3.12e-01	6.87e-01	0.00e+00	0.00e+00	0.00e+00	0.00e+00	0.00e+00	0.00e+00	9.40e-04	3.34e-04	1.46e-04
 1.49410e+16	1.69e-03	3.37e-01	6.61e-01	0.00e+00	0.00e+00	0.00e+00	0.00e+00	0.00e+00	0.00e+00	1.12e-03	4.00e-04	1.74e-04
 1.53511e+16	2.02e-03	3.64e-01	6.34e-01	0.00e+00	0.00e+00	0.00e+00	0.00e+00	0.00e+00	0.00e+00	1.34e-03	4.79e-04	2.08e-04
 1.57452e+16	2.42e-03	3.93e-01	6.05e-01	0.00e+00	0.00e+00	0.00e+00	0.00e+00	0.00e+00	0.00e+00	1.60e-03	5.75e-04	2.49e-04
 1.61235e+16	2.90e-03	4.23e-01	5.74e-01	0.00e+00	0.00e+00	0.00e+00	0.00e+00	0.00e+00	0.00e+00	1.91e-03	6.91e-04	2.98e-04
 1.64853e+16	3.48e-03	4.56e-01	5.41e-01	0.00e+00	0.00e+00	0.00e+00	0.00e+00	0.00e+00	0.00e+00	2.29e-03	8.31e-04	3.58e-04
 1.68304e+16	4.18e-03	4.90e-01	5.06e-01	0.00e+00	0.00e+00	0.00e+00	0.00e+00	0.00e+00	0.00e+00	2.75e-03	9.99e-04	4.29e-04
 1.71588e+16	5.02e-03	5.25e-01	4.70e-01	0.00e+00	0.00e+00	0.00e+00	0.00e+00	0.00e+00	0.00e+00	3.30e-03	1.20e-03	5.16e-04
 1.74713e+16	6.04e-03	5.62e-01	4.32e-01	0.00e+00	0.00e+00	0.00e+00	0.00e+00	0.00e+00	0.00e+00	3.97e-03	1.45e-03	6.20e-04
 1.77685e+16	7.27e-03	5.99e-01	3.94e-01	0.00e+00	0.00e+00	0.00e+00	0.00e+00	0.00e+00	0.00e+00	4.77e-03	1.75e-03	7.45e-04
 1.80509e+16	8.76e-03	6.37e-01	3.54e-01	0.00e+00	0.00e+00	0.00e+00	0.00e+00	0.00e+00	0.00e+00	5.75e-03	2.11e-03	8.98e-04
 1.83195e+16	1.06e-02	6.74e-01	3.15e-01	0.00e+00	0.00e+00	0.00e+00	0.00e+00	0.00e+00	0.00e+00	6.92e-03	2.55e-03	1.08e-03
 1.85757e+16	1.28e-02	7.11e-01	2.76e-01	0.00e+00	0.00e+00	0.00e+00	0.00e+00	0.00e+00	0.00e+00	8.39e-03	3.09e-03	1.31e-03
 1.88194e+16	1.55e-02	7.46e-01	2.38e-01	0.00e+00	0.00e+00	0.00e+00	0.00e+00	0.00e+00	0.00e+00	1.02e-02	3.76e-03	1.59e-03
 1.90479e+16	1.89e-02	7.79e-01	2.02e-01	0.00e+00	0.00e+00	0.00e+00	0.00e+00	0.00e+00	0.00e+00	1.24e-02	4.58e-03	1.94e-03
 1.92592e+16	2.30e-02	8.08e-01	1.69e-01	0.00e+00	0.00e+00	0.00e+00	0.00e+00	0.00e+00	0.00e+00	1.51e-02	5.58e-03	2.36e-03
 1.94536e+16	2.81e-02	8.33e-01	1.39e-01	0.00e+00	0.00e+00	0.00e+00	0.00e+00	0.00e+00	0.00e+00	1.84e-02	6.80e-03	2.87e-03
 1.96320e+16	3.42e-02	8.53e-01	1.13e-01	0.00e+00	0.00e+00	0.00e+00	0.00e+00	0.00e+00	0.00e+00	2.24e-02	8.28e-03	3.49e-03
 1.97955e+16	4.17e-02	8.68e-01	8.98e-02	0.00e+00	0.00e+00	0.00e+00	0.00e+00	0.00e+00	0.00e+00	2.74e-02	1.01e-02	4.26e-03
 1.99448e+16	5.11e-02	8.79e-01	7.04e-02	0.00e+00	0.00e+00	0.00e+00	0.00e+00	0.00e+00	0.00e+00	3.35e-02	1.23e-02	5.21e-03
 2.00791e+16	6.26e-02	8.83e-01	5.43e-02	0.00e+00	0.00e+00	0.00e+00	0.00e+00	0.00e+00	0.00e+00	4.11e-02	1.51e-02	6.38e-03
 2.01825e+16	7.48e-02	8.82e-01	4.27e-02	0.00e+00	0.00e+00	0.00e+00	0.00e+00	0.00e+00	0.00e+00	4.92e-02	1.80e-02	7.61e-03
 2.02515e+16	8.52e-02	8.79e-01	3.57e-02	0.00e+00	0.00e+00	0.00e+00	0.00e+00	0.00e+00	0.00e+00	5.60e-02	2.04e-02	8.67e-03
 2.03093e+16	9.55e-02	8.74e-01	3.03e-02	0.00e+00	0.00e+00	0.00e+00	0.00e+00	0.00e+00	0.00e+00	6.29e-02	2.29e-02	9.71e-03
 2.03756e+16	1.10e-01	8.66e-01	2.46e-02	0.00e+00	0.00e+00	0.00e+00	0.00e+00	0.00e+00	0.00e+00	7.24e-02	2.62e-02	1.12e-02
 2.04451e+16	1.29e-01	8.52e-01	1.93e-02	0.00e+00	0.00e+00	0.00e+00	0.00e+00	0.00e+00	0.00e+00	8.49e-02	3.06e-02	1.31e-02
 2.05013e+16	1.48e-01	8.36e-01	1.54e-02	0.00e+00	0.00e+00	0.00e+00	0.00e+00	0.00e+00	0.00e+00	9.81e-02	3.51e-02	1.50e-02
 2.05452e+16	1.67e-01	8.20e-01	1.27e-02	0.00e+00	0.00e+00	0.00e+00	0.00e+00	0.00e+00	0.00e+00	1.11e-01	3.94e-02	1.69e-02
 2.05842e+16	1.87e-01	8.03e-01	1.05e-02	0.00e+00	0.00e+00	0.00e+00	0.00e+00	0.00e+00	0.00e+00	1.24e-01	4.37e-02	1.89e-02
 2.06283e+16	2.12e-01	7.79e-01	8.34e-03	0.00e+00	0.00e+00	0.00e+00	0.00e+00	0.00e+00	0.00e+00	1.41e-01	4.94e-02	2.14e-02
 2.06740e+16	2.44e-01	7.49e-01	6.40e-03	0.00e+00	0.00e+00	0.00e+00	0.00e+00	0.00e+00	0.00e+00	1.63e-01	5.64e-02	2.46e-02
 2.07101e+16	2.75e-01	7.20e-01	5.06e-03	0.00e+00	0.00e+00	0.00e+00	0.00e+00	0.00e+00	0.00e+00	1.84e-01	6.30e-02	2.77e-02
 2.07386e+16	3.02e-01	6.93e-01	4.15e-03	0.00e+00	0.00e+00	0.00e+00	0.00e+00	0.00e+00	0.00e+00	2.03e-01	6.86e-02	3.03e-02
 2.07680e+16	3.34e-01	6.63e-01	3.33e-03	0.00e+00	0.00e+00	0.00e+00	0.00e+00	0.00e+00	0.00e+00	2.26e-01	7.50e-02	3.34e-02
 2.07997e+16	3.71e-01	6.26e-01	2.59e-03	0.00e+00	0.00e+00	0.00e+00	0.00e+00	0.00e+00	0.00e+00	2.52e-01	8.22e-02	3.69e-02
 2.08278e+16	4.08e-01	5.90e-01	2.04e-03	0.00e+00	0.00e+00	0.00e+00	0.00e+00	0.00e+00	0.00e+00	2.78e-01	8.90e-02	4.04e-02
 2.08508e+16	4.40e-01	5.58e-01	1.66e-03	0.00e+00	0.00e+00	0.00e+00	0.00e+00	0.00e+00	0.00e+00	3.02e-01	9.47e-02	4.34e-02
 2.08702e+16	4.68e-01	5.31e-01	1.38e-03	0.00e+00	0.00e+00	0.00e+00	0.00e+00	0.00e+00	0.00e+00	3.22e-01	9.94e-02	4.59e-02
 2.08878e+16	4.94e-01	5.05e-01	1.17e-03	0.00e+00	0.00e+00	0.00e+00	0.00e+00	0.00e+00	0.00e+00	3.42e-01	1.04e-01	4.82e-02
 2.09046e+16	5.19e-01	4.80e-01	9.86e-04	0.00e+00	0.00e+00	0.00e+00	0.00e+00	0.00e+00	0.00e+00	3.61e-01	1.07e-01	5.04e-02
 2.09208e+16	5.43e-01	4.56e-01	8.37e-04	0.00e+00	0.00e+00	0.00e+00	0.00e+00	0.00e+00	0.00e+00	3.80e-01	1.11e-01	5.25e-02
 2.09358e+16	5.67e-01	4.33e-01	7.15e-04	0.00e+00	0.00e+00	0.00e+00	0.00e+00	0.00e+00	0.00e+00	3.98e-01	1.14e-01	5.44e-02
 2.09498e+16	5.87e-01	4.13e-01	6.18e-04	0.00e+00	0.00e+00	0.00e+00	0.00e+00	0.00e+00	0.00e+00	4.14e-01	1.17e-01	5.61e-02
 2.09609e+16	6.03e-01	3.96e-01	5.49e-04	0.00e+00	0.00e+00	0.00e+00	0.00e+00	0.00e+00	0.00e+00	4.27e-01	1.18e-01	5.73e-02
 2.09685e+16	6.14e-01	3.85e-01	5.06e-04	0.00e+00	0.00e+00	0.00e+00	0.00e+00	0.00e+00	0.00e+00	4.36e-01	1.20e-01	5.82e-02
 2.09756e+16	6.24e-01	3.75e-01	4.68e-04	0.00e+00	0.00e+00	0.00e+00	0.00e+00	0.00e+00	0.00e+00	4.44e-01	1.21e-01	5.89e-02
 2.09836e+16	6.36e-01	3.64e-01	4.29e-04	0.00e+00	0.00e+00	0.00e+00	0.00e+00	0.00e+00	0.00e+00	4.54e-01	1.22e-01	5.98e-02
 2.09925e+16	6.48e-01	3.51e-01	3.89e-04	0.00e+00	0.00e+00	0.00e+00	0.00e+00	0.00e+00	0.00e+00	4.64e-01	1.23e-01	6.07e-02
 2.10014e+16	6.61e-01	3.39e-01	3.52e-04	0.00e+00	0.00e+00	0.00e+00	0.00e+00	0.00e+00	0.00e+00	4.75e-01	1.24e-01	6.16e-02
 2.10099e+16	6.72e-01	3.28e-01	3.20e-04	0.00e+00	0.00e+00	0.00e+00	0.00e+00	0.00e+00	0.00e+00	4.84e-01	1.25e-01	6.23e-02
 2.10182e+16	6.83e-01	3.17e-01	2.91e-04	0.00e+00	0.00e+00	0.00e+00	0.00e+00	0.00e+00	0.00e+00	4.94e-01	1.26e-01	6.30e-02
 2.10267e+16	6.94e-01	3.06e-01	2.65e-04	0.00e+00	0.00e+00	0.00e+00	0.00e+00	0.00e+00	0.00e+00	5.03e-01	1.26e-01	6.37e-02
 2.10353e+16	7.05e-01	2.95e-01	2.40e-04	0.00e+00	0.00e+00	0.00e+00	0.00e+00	0.00e+00	0.00e+00	5.13e-01	1.27e-01	6.44e-02
 2.10439e+16	7.15e-01	2.85e-01	2.18e-04	0.00e+00	0.00e+00	0.00e+00	0.00e+00	0.00e+00	0.00e+00	5.22e-01	1.28e-01	6.50e-02
 2.10526e+16	7.26e-01	2.74e-01	1.97e-04	0.00e+00	0.00e+00	0.00e+00	0.00e+00	0.00e+00	0.00e+00	5.32e-01	1.28e-01	6.56e-02
 2.10613e+16	7.36e-01	2.64e-01	1.78e-04	0.00e+00	0.00e+00	0.00e+00	0.00e+00	0.00e+00	0.00e+00	5.41e-01	1.28e-01	6.61e-02
 2.10700e+16	7.46e-01	2.54e-01	1.61e-04	0.00e+00	0.00e+00	0.00e+00	0.00e+00	0.00e+00	0.00e+00	5.50e-01	1.29e-01	6.66e-02
 2.10786e+16	7.55e-01	2.45e-01	1.46e-04	0.00e+00	0.00e+00	0.00e+00	0.00e+00	0.00e+00	0.00e+00	5.59e-01	1.29e-01	6.70e-02
 2.10875e+16	7.65e-01	2.35e-01	1.31e-04	0.00e+00	0.00e+00	0.00e+00	0.00e+00	0.00e+00	0.00e+00	5.68e-01	1.29e-01	6.74e-02
 2.10963e+16	7.73e-01	2.26e-01	1.18e-04	0.00e+00	0.00e+00	0.00e+00	0.00e+00	0.00e+00	0.00e+00	5.77e-01	1.29e-01	6.78e-02
 2.11053e+16	7.83e-01	2.17e-01	1.06e-04	0.00e+00	0.00e+00	0.00e+00	0.00e+00	0.00e+00	0.00e+00	5.86e-01	1.29e-01	6.81e-02
 2.11142e+16	7.91e-01	2.09e-01	9.57e-05	0.00e+00	0.00e+00	0.00e+00	0.00e+00	0.00e+00	0.00e+00	5.94e-01	1.28e-01	6.83e-02
 2.11232e+16	7.99e-01	2.01e-01	8.60e-05	0.00e+00	0.00e+00	0.00e+00	0.00e+00	0.00e+00	0.00e+00	6.02e-01	1.28e-01	6.86e-02
 2.11324e+16	8.08e-01	1.92e-01	7.70e-05	0.00e+00	0.00e+00	0.00e+00	0.00e+00	0.00e+00	0.00e+00	6.11e-01	1.28e-01	6.88e-02
 2.11415e+16	8.15e-01	1.85e-01	6.91e-05	0.00e+00	0.00e+00	0.00e+00	0.00e+00	0.00e+00	0.00e+00	6.19e-01	1.28e-01	6.89e-02
 2.11506e+16	8.23e-01	1.77e-01	6.20e-05	0.00e+00	0.00e+00	0.00e+00	0.00e+00	0.00e+00	0.00e+00	6.27e-01	1.27e-01	6.90e-02
 2.11599e+16	8.30e-01	1.70e-01	5.55e-05	0.00e+00	0.00e+00	0.00e+00	0.00e+00	0.00e+00	0.00e+00	6.34e-01	1.27e-01	6.91e-02
 2.11692e+16	8.37e-01	1.63e-01	4.95e-05	0.00e+00	0.00e+00	0.00e+00	0.00e+00	0.00e+00	0.00e+00	6.42e-01	1.26e-01	6.91e-02
 2.11787e+16	8.44e-01	1.56e-01	4.42e-05	0.00e+00	0.00e+00	0.00e+00	0.00e+00	0.00e+00	0.00e+00	6.50e-01	1.25e-01	6.91e-02
 2.11882e+16	8.51e-01	1.49e-01	3.94e-05	0.00e+00	0.00e+00	0.00e+00	0.00e+00	0.00e+00	0.00e+00	6.57e-01	1.25e-01	6.91e-02
 2.11975e+16	8.57e-01	1.43e-01	3.52e-05	0.00e+00	0.00e+00	0.00e+00	0.00e+00	0.00e+00	0.00e+00	6.64e-01	1.24e-01	6.90e-02
 2.12069e+16	8.63e-01	1.37e-01	3.14e-05	0.00e+00	0.00e+00	0.00e+00	0.00e+00	0.00e+00	0.00e+00	6.71e-01	1.23e-01	6.89e-02
 2.12163e+16	8.69e-01	1.31e-01	2.80e-05	0.00e+00	0.00e+00	0.00e+00	0.00e+00	0.00e+00	0.00e+00	6.77e-01	1.23e-01	6.88e-02
 2.12256e+16	8.74e-01	1.26e-01	2.50e-05	0.00e+00	0.00e+00	0.00e+00	0.00e+00	0.00e+00	0.00e+00	6.84e-01	1.22e-01	6.87e-02
 2.12350e+16	8.80e-01	1.20e-01	2.23e-05	0.00e+00	0.00e+00	0.00e+00	0.00e+00	0.00e+00	0.00e+00	6.90e-01	1.21e-01	6.85e-02
 2.12444e+16	8.85e-01	1.15e-01	1.98e-05	0.00e+00	0.00e+00	0.00e+00	0.00e+00	0.00e+00	0.00e+00	6.96e-01	1.20e-01	6.84e-02
 2.12539e+16	8.90e-01	1.10e-01	1.77e-05	0.00e+00	0.00e+00	0.00e+00	0.00e+00	0.00e+00	0.00e+00	7.02e-01	1.19e-01	6.82e-02
 2.12632e+16	8.94e-01	1.06e-01	1.58e-05	0.00e+00	0.00e+00	0.00e+00	0.00e+00	0.00e+00	0.00e+00	7.08e-01	1.19e-01	6.80e-02
 2.12724e+16	8.99e-01	1.01e-01	1.41e-05	0.00e+00	0.00e+00	0.00e+00	0.00e+00	0.00e+00	0.00e+00	7.13e-01	1.18e-01	6.77e-02
 2.12816e+16	9.03e-01	9.70e-02	1.26e-05	0.00e+00	0.00e+00	0.00e+00	0.00e+00	0.00e+00	0.00e+00	7.18e-01	1.17e-01	6.75e-02
 2.12908e+16	9.07e-01	9.30e-02	1.12e-05	0.00e+00	0.00e+00	0.00e+00	0.00e+00	0.00e+00	0.00e+00	7.23e-01	1.16e-01	6.72e-02
 2.13001e+16	9.11e-01	8.91e-02	1.00e-05	0.00e+00	0.00e+00	0.00e+00	0.00e+00	0.00e+00	0.00e+00	7.28e-01	1.15e-01	6.70e-02
 2.13093e+16	9.15e-01	8.55e-02	8.94e-06	0.00e+00	0.00e+00	0.00e+00	0.00e+00	0.00e+00	0.00e+00	7.33e-01	1.15e-01	6.67e-02
 2.13184e+16	9.18e-01	8.20e-02	7.99e-06	0.00e+00	0.00e+00	0.00e+00	0.00e+00	0.00e+00	0.00e+00	7.38e-01	1.14e-01	6.64e-02
 2.13274e+16	9.21e-01	7.86e-02	7.15e-06	0.00e+00	0.00e+00	0.00e+00	0.00e+00	0.00e+00	0.00e+00	7.42e-01	1.13e-01	6.60e-02
 2.13364e+16	9.24e-01	7.55e-02	6.39e-06	0.00e+00	0.00e+00	0.00e+00	0.00e+00	0.00e+00	0.00e+00	7.47e-01	1.12e-01	6.57e-02
 2.13456e+16	9.28e-01	7.24e-02	5.71e-06	0.00e+00	0.00e+00	0.00e+00	0.00e+00	0.00e+00	0.00e+00	7.51e-01	1.11e-01	6.54e-02
 2.13546e+16	9.31e-01	6.95e-02	5.11e-06	0.00e+00	0.00e+00	0.00e+00	0.00e+00	0.00e+00	0.00e+00	7.55e-01	1.11e-01	6.50e-02
 2.13636e+16	9.33e-01	6.67e-02	4.57e-06	0.00e+00	0.00e+00	0.00e+00	0.00e+00	0.00e+00	0.00e+00	7.59e-01	1.10e-01	6.47e-02
 2.13727e+16	9.36e-01	6.41e-02	4.09e-06	0.00e+00	0.00e+00	0.00e+00	0.00e+00	0.00e+00	0.00e+00	7.62e-01	1.09e-01	6.44e-02
 2.13817e+16	9.38e-01	6.16e-02	3.66e-06	0.00e+00	0.00e+00	0.00e+00	0.00e+00	0.00e+00	0.00e+00	7.66e-01	1.08e-01	6.40e-02
 2.13907e+16	9.41e-01	5.91e-02	3.28e-06	0.00e+00	0.00e+00	0.00e+00	0.00e+00	0.00e+00	0.00e+00	7.69e-01	1.08e-01	6.37e-02
 2.13997e+16	9.43e-01	5.68e-02	2.93e-06	0.00e+00	0.00e+00	0.00e+00	0.00e+00	0.00e+00	0.00e+00	7.73e-01	1.07e-01	6.34e-02
 2.14088e+16	9.45e-01	5.45e-02	2.62e-06	0.00e+00	0.00e+00	0.00e+00	0.00e+00	0.00e+00	0.00e+00	7.76e-01	1.06e-01	6.30e-02
 2.14177e+16	9.48e-01	5.23e-02	2.35e-06	0.00e+00	0.00e+00	0.00e+00	0.00e+00	0.00e+00	0.00e+00	7.79e-01	1.06e-01	6.27e-02
 2.14266e+16	9.50e-01	5.04e-02	2.11e-06	0.00e+00	0.00e+00	0.00e+00	0.00e+00	0.00e+00	0.00e+00	7.82e-01	1.05e-01	6.24e-02
 2.14356e+16	9.52e-01	4.84e-02	1.89e-06	0.00e+00	0.00e+00	0.00e+00	0.00e+00	0.00e+00	0.00e+00	7.85e-01	1.04e-01	6.21e-02
 2.14445e+16	9.53e-01	4.65e-02	1.69e-06	0.00e+00	0.00e+00	0.00e+00	0.00e+00	0.00e+00	0.00e+00	7.88e-01	1.04e-01	6.18e-02
 2.14534e+16	9.55e-01	4.47e-02	1.52e-06	0.00e+00	0.00e+00	0.00e+00	0.00e+00	0.00e+00	0.00e+00	7.91e-01	1.03e-01	6.15e-02
 2.14625e+16	9.57e-01	4.30e-02	1.36e-06	0.00e+00	0.00e+00	0.00e+00	0.00e+00	0.00e+00	0.00e+00	7.93e-01	1.03e-01	6.12e-02
 2.14718e+16	9.59e-01	4.13e-02	1.21e-06	0.00e+00	0.00e+00	0.00e+00	0.00e+00	0.00e+00	0.00e+00	7.96e-01	1.02e-01	6.09e-02
 2.14807e+16	9.60e-01	3.97e-02	1.09e-06	0.00e+00	0.00e+00	0.00e+00	0.00e+00	0.00e+00	0.00e+00	7.98e-01	1.01e-01	6.06e-02
 2.14893e+16	9.62e-01	3.82e-02	9.80e-07	0.00e+00	0.00e+00	0.00e+00	0.00e+00	0.00e+00	0.00e+00	8.01e-01	1.01e-01	6.04e-02
 2.14984e+16	9.63e-01	3.67e-02	8.78e-07	0.00e+00	0.00e+00	0.00e+00	0.00e+00	0.00e+00	0.00e+00	8.03e-01	1.00e-01	6.01e-02
 2.15078e+16	9.65e-01	3.53e-02	7.83e-07	0.00e+00	0.00e+00	0.00e+00	0.00e+00	0.00e+00	0.00e+00	8.05e-01	9.98e-02	5.98e-02
 2.15170e+16	9.66e-01	3.39e-02	7.01e-07	0.00e+00	0.00e+00	0.00e+00	0.00e+00	0.00e+00	0.00e+00	8.07e-01	9.93e-02	5.96e-02
 2.15259e+16	9.67e-01	3.26e-02	6.30e-07	0.00e+00	0.00e+00	0.00e+00	0.00e+00	0.00e+00	0.00e+00	8.09e-01	9.89e-02	5.93e-02
 2.15348e+16	9.69e-01	3.14e-02	5.67e-07	0.00e+00	0.00e+00	0.00e+00	0.00e+00	0.00e+00	0.00e+00	8.11e-01	9.84e-02	5.91e-02
 2.15435e+16	9.70e-01	3.03e-02	5.11e-07	0.00e+00	0.00e+00	0.00e+00	0.00e+00	0.00e+00	0.00e+00	8.13e-01	9.80e-02	5.88e-02
 2.15525e+16	9.71e-01	2.92e-02	4.59e-07	0.00e+00	0.00e+00	0.00e+00	0.00e+00	0.00e+00	0.00e+00	8.15e-01	9.75e-02	5.86e-02
 2.15616e+16	9.72e-01	2.80e-02	4.11e-07	0.00e+00	0.00e+00	0.00e+00	0.00e+00	0.00e+00	0.00e+00	8.17e-01	9.71e-02	5.84e-02
 2.15708e+16	9.73e-01	2.69e-02	3.69e-07	0.00e+00	0.00e+00	0.00e+00	0.00e+00	0.00e+00	0.00e+00	8.18e-01	9.67e-02	5.81e-02
 2.15799e+16	9.74e-01	2.59e-02	3.31e-07	0.00e+00	0.00e+00	0.00e+00	0.00e+00	0.00e+00	0.00e+00	8.20e-01	9.62e-02	5.79e-02
 2.15888e+16	9.75e-01	2.49e-02	2.98e-07	0.00e+00	0.00e+00	0.00e+00	0.00e+00	0.00e+00	0.00e+00	8.22e-01	9.58e-02	5.77e-02
 2.15977e+16	9.76e-01	2.40e-02	2.68e-07	0.00e+00	0.00e+00	0.00e+00	0.00e+00	0.00e+00	0.00e+00	8.23e-01	9.54e-02	5.75e-02
 2.16067e+16	9.77e-01	2.31e-02	2.41e-07	0.00e+00	0.00e+00	0.00e+00	0.00e+00	0.00e+00	0.00e+00	8.25e-01	9.51e-02	5.73e-02
 2.16156e+16	9.78e-01	2.22e-02	2.17e-07	0.00e+00	0.00e+00	0.00e+00	0.00e+00	0.00e+00	0.00e+00	8.26e-01	9.47e-02	5.70e-02
 2.16245e+16	9.79e-01	2.13e-02	1.95e-07	0.00e+00	0.00e+00	0.00e+00	0.00e+00	0.00e+00	0.00e+00	8.28e-01	9.43e-02	5.68e-02
 2.16333e+16	9.80e-01	2.05e-02	1.76e-07	0.00e+00	0.00e+00	0.00e+00	0.00e+00	0.00e+00	0.00e+00	8.29e-01	9.39e-02	5.66e-02
 2.16420e+16	9.80e-01	1.97e-02	1.59e-07	0.00e+00	0.00e+00	0.00e+00	0.00e+00	0.00e+00	0.00e+00	8.30e-01	9.36e-02	5.64e-02
 2.16507e+16	9.81e-01	1.89e-02	1.43e-07	0.00e+00	0.00e+00	0.00e+00	0.00e+00	0.00e+00	0.00e+00	8.32e-01	9.32e-02	5.62e-02
 2.16593e+16	9.82e-01	1.82e-02	1.30e-07	0.00e+00	0.00e+00	0.00e+00	0.00e+00	0.00e+00	0.00e+00	8.33e-01	9.28e-02	5.60e-02
 2.16677e+16	9.83e-01	1.75e-02	1.17e-07	0.00e+00	0.00e+00	0.00e+00	0.00e+00	0.00e+00	0.00e+00	8.34e-01	9.24e-02	5.58e-02
 2.16762e+16	9.83e-01	1.68e-02	1.06e-07	0.00e+00	0.00e+00	0.00e+00	0.00e+00	0.00e+00	0.00e+00	8.36e-01	9.21e-02	5.55e-02
 2.16846e+16	9.84e-01	1.61e-02	9.64e-08	0.00e+00	0.00e+00	0.00e+00	0.00e+00	0.00e+00	0.00e+00	8.37e-01	9.17e-02	5.53e-02
 2.16929e+16	9.85e-01	1.55e-02	8.74e-08	0.00e+00	0.00e+00	0.00e+00	0.00e+00	0.00e+00	0.00e+00	8.38e-01	9.13e-02	5.51e-02
 2.17010e+16	9.85e-01	1.48e-02	7.95e-08	0.00e+00	0.00e+00	0.00e+00	0.00e+00	0.00e+00	0.00e+00	8.39e-01	9.09e-02	5.48e-02
 2.17089e+16	9.86e-01	1.42e-02	7.25e-08	0.00e+00	0.00e+00	0.00e+00	0.00e+00	0.00e+00	0.00e+00	8.41e-01	9.05e-02	5.46e-02
 2.17166e+16	9.86e-01	1.36e-02	6.63e-08	0.00e+00	0.00e+00	0.00e+00	0.00e+00	0.00e+00	0.00e+00	8.42e-01	9.01e-02	5.43e-02
 2.17236e+16	9.87e-01	1.31e-02	6.11e-08	0.00e+00	0.00e+00	0.00e+00	0.00e+00	0.00e+00	0.00e+00	8.43e-01	8.97e-02	5.41e-02
 2.17298e+16	9.87e-01	1.26e-02	5.68e-08	0.00e+00	0.00e+00	0.00e+00	0.00e+00	0.00e+00	0.00e+00	8.44e-01	8.94e-02	5.39e-02
 2.17353e+16	9.88e-01	1.22e-02	5.33e-08	0.00e+00	0.00e+00	0.00e+00	0.00e+00	0.00e+00	0.00e+00	8.45e-01	8.91e-02	5.36e-02
 2.17405e+16	9.88e-01	1.19e-02	5.02e-08	0.00e+00	0.00e+00	0.00e+00	0.00e+00	0.00e+00	0.00e+00	8.46e-01	8.88e-02	5.34e-02
 2.17453e+16	9.88e-01	1.15e-02	4.74e-08	0.00e+00	0.00e+00	0.00e+00	0.00e+00	0.00e+00	0.00e+00	8.47e-01	8.85e-02	5.32e-02
 2.17498e+16	9.89e-01	1.12e-02	4.50e-08	0.00e+00	0.00e+00	0.00e+00	0.00e+00	0.00e+00	0.00e+00	8.48e-01	8.82e-02	5.30e-02
 2.17541e+16	9.89e-01	1.09e-02	4.27e-08	0.00e+00	0.00e+00	0.00e+00	0.00e+00	0.00e+00	0.00e+00	8.48e-01	8.79e-02	5.28e-02
 2.17581e+16	9.89e-01	1.06e-02	4.07e-08	0.00e+00	0.00e+00	0.00e+00	0.00e+00	0.00e+00	0.00e+00	8.49e-01	8.76e-02	5.26e-02
 2.17618e+16	9.90e-01	1.03e-02	3.90e-08	0.00e+00	0.00e+00	0.00e+00	0.00e+00	0.00e+00	0.00e+00	8.50e-01	8.73e-02	5.24e-02
 2.17652e+16	9.90e-01	1.01e-02	3.74e-08	0.00e+00	0.00e+00	0.00e+00	0.00e+00	0.00e+00	0.00e+00	8.51e-01	8.70e-02	5.22e-02
 2.17683e+16	9.90e-01	9.86e-03	3.60e-08	0.00e+00	0.00e+00	0.00e+00	0.00e+00	0.00e+00	0.00e+00	8.51e-01	8.68e-02	5.20e-02
 2.17711e+16	9.90e-01	9.66e-03	3.47e-08	0.00e+00	0.00e+00	0.00e+00	0.00e+00	0.00e+00	0.00e+00	8.52e-01	8.65e-02	5.18e-02
 2.17736e+16	9.91e-01	9.48e-03	3.36e-08	0.00e+00	0.00e+00	0.00e+00	0.00e+00	0.00e+00	0.00e+00	8.53e-01	8.63e-02	5.16e-02
 2.17759e+16	9.91e-01	9.31e-03	3.26e-08	0.00e+00	0.00e+00	0.00e+00	0.00e+00	0.00e+00	0.00e+00	8.53e-01	8.61e-02	5.15e-02
 2.17781e+16	9.91e-01	9.16e-03	3.17e-08	0.00e+00	0.00e+00	0.00e+00	0.00e+00	0.00e+00	0.00e+00	8.54e-01	8.59e-02	5.13e-02
 2.17800e+16	9.91e-01	9.03e-03	3.10e-08	0.00e+00	0.00e+00	0.00e+00	0.00e+00	0.00e+00	0.00e+00	8.54e-01	8.57e-02	5.12e-02
 2.17817e+16	9.91e-01	8.91e-03	3.03e-08	0.00e+00	0.00e+00	0.00e+00	0.00e+00	0.00e+00	0.00e+00	8.55e-01	8.55e-02	5.11e-02
 2.17837e+16	9.91e-01	8.79e-03	2.95e-08	0.00e+00	0.00e+00	0.00e+00	0.00e+00	0.00e+00	0.00e+00	8.55e-01	8.53e-02	5.09e-02
 2.17862e+16	9.91e-01	8.60e-03	2.84e-08	0.00e+00	0.00e+00	0.00e+00	0.00e+00	0.00e+00	0.00e+00	8.56e-01	8.50e-02	5.07e-02
 2.17888e+16	9.92e-01	8.39e-03	2.74e-08	0.00e+00	0.00e+00	0.00e+00	0.00e+00	0.00e+00	0.00e+00	8.57e-01	8.46e-02	5.05e-02
 2.17913e+16	9.92e-01	8.22e-03	2.64e-08	0.00e+00	0.00e+00	0.00e+00	0.00e+00	0.00e+00	0.00e+00	8.57e-01	8.43e-02	5.03e-02
 2.17935e+16	9.92e-01	8.07e-03	2.56e-08	0.00e+00	0.00e+00	0.00e+00	0.00e+00	0.00e+00	0.00e+00	8.58e-01	8.40e-02	5.01e-02
 2.17956e+16	9.92e-01	7.93e-03	2.49e-08	0.00e+00	0.00e+00	0.00e+00	0.00e+00	0.00e+00	0.00e+00	8.58e-01	8.38e-02	4.99e-02
 2.17974e+16	9.92e-01	7.80e-03	2.42e-08	0.00e+00	0.00e+00	0.00e+00	0.00e+00	0.00e+00	0.00e+00	8.59e-01	8.35e-02	4.97e-02
 2.17991e+16	9.92e-01	7.68e-03	2.36e-08	0.00e+00	0.00e+00	0.00e+00	0.00e+00	0.00e+00	0.00e+00	8.59e-01	8.33e-02	4.96e-02
 2.18009e+16	9.92e-01	7.58e-03	2.30e-08	0.00e+00	0.00e+00	0.00e+00	0.00e+00	0.00e+00	0.00e+00	8.60e-01	8.31e-02	4.95e-02
 2.18033e+16	9.93e-01	7.39e-03	2.20e-08	0.00e+00	0.00e+00	0.00e+00	0.00e+00	0.00e+00	0.00e+00	8.61e-01	8.28e-02	4.92e-02
