#depth	H	H+	H2
 2.33739e+11	1.43e-03	9.99e-01	1.40e-13
 1.40243e+12	1.43e-03	9.99e-01	1.40e-13
 6.07721e+12	1.43e-03	9.99e-01	1.40e-13
 2.47763e+13	1.43e-03	9.99e-01	1.41e-13
 5.91827e+13	1.42e-03	9.99e-01	1.41e-13
 1.03911e+14	1.41e-03	9.99e-01	1.42e-13
 1.62058e+14	1.40e-03	9.99e-01	1.44e-13
 2.37648e+14	1.40e-03	9.99e-01	1.45e-13
 3.35916e+14	1.39e-03	9.99e-01	1.47e-13
 4.63665e+14	1.38e-03	9.99e-01	1.50e-13
 6.29738e+14	1.38e-03	9.99e-01	1.53e-13
 8.45632e+14	1.37e-03	9.99e-01	1.58e-13
 1.12630e+15	1.37e-03	9.99e-01	1.63e-13
 1.49116e+15	1.38e-03	9.99e-01	1.69e-13
 1.96548e+15	1.39e-03	9.99e-01	1.76e-13
 2.58210e+15	1.41e-03	9.99e-01	1.85e-13
 3.38370e+15	1.46e-03	9.99e-01	1.92e-13
 4.37618e+15	1.52e-03	9.98e-01	1.99e-13
 5.41001e+15	1.60e-03	9.98e-01	2.03e-13
 6.33388e+15	1.69e-03	9.98e-01	2.06e-13
 7.10147e+15	1.78e-03	9.98e-01	2.09e-13
 7.81162e+15	1.88e-03	9.98e-01	2.11e-13
 8.54649e+15	2.00e-03	9.98e-01	2.14e-13
 9.23734e+15	2.13e-03	9.98e-01	2.19e-13
 9.86620e+15	2.27e-03	9.98e-01	2.25e-13
 1.04562e+16	2.43e-03	9.98e-01	2.32e-13
 1.10285e+16	2.59e-03	9.97e-01	2.41e-13
 1.15862e+16	2.78e-03	9.97e-01	2.52e-13
 1.21234e+16	2.99e-03	9.97e-01	2.64e-13
 1.26370e+16	3.22e-03	9.97e-01	2.79e-13
 1.31298e+16	3.47e-03	9.97e-01	2.94e-13
 1.36067e+16	3.75e-03	9.96e-01	3.13e-13
 1.40689e+16	4.06e-03	9.96e-01	3.34e-13
 1.45140e+16	4.41e-03	9.96e-01	3.57e-13
 1.49410e+16	4.80e-03	9.95e-01	3.84e-13
 1.53511e+16	5.24e-03	9.95e-01	4.14e-13
 1.57452e+16	5.73e-03	9.94e-01	4.47e-13
 1.61235e+16	6.29e-03	9.94e-01	4.85e-13
 1.64853e+16	6.92e-03	9.93e-01	5.28e-13
 1.68304e+16	7.65e-03	9.92e-01	5.78e-13
 1.71588e+16	8.47e-03	9.92e-01	6.34e-13
 1.74713e+16	9.43e-03	9.91e-01	7.00e-13
 1.77685e+16	1.05e-02	9.89e-01	7.77e-13
 1.80509e+16	1.18e-02	9.88e-01	8.70e-13
 1.83195e+16	1.34e-02	9.87e-01	9.76e-13
 1.85757e+16	1.52e-02	9.85e-01	1.11e-12
 1.88194e+16	1.74e-02	9.83e-01	1.28e-12
 1.90479e+16	2.02e-02	9.80e-01	1.48e-12
 1.92592e+16	2.34e-02	9.77e-01	1.73e-12
 1.94536e+16	2.75e-02	9.73e-01	2.05e-12
 1.96320e+16	3.23e-02	9.68e-01	2.43e-12
 1.97955e+16	3.84e-02	9.62e-01	2.92e-12
 1.99448e+16	4.58e-02	9.54e-01	3.55e-12
 2.00791e+16	5.51e-02	9.45e-01	4.34e-12
 2.01825e+16	6.51e-02	9.35e-01	5.22e-12
 2.02515e+16	7.36e-02	9.26e-01	5.99e-12
 2.03093e+16	8.21e-02	9.18e-01	6.79e-12
 2.03756e+16	9.40e-02	9.06e-01	7.93e-12
 2.04451e+16	1.10e-01	8.90e-01	9.50e-12
 2.05013e+16	1.26e-01	8.74e-01	1.12e-11
 2.05452e+16	1.42e-01	8.58e-01	1.30e-11
 2.05842e+16	1.59e-01	8.41e-01	1.49e-11
 2.06283e+16	1.81e-01	8.19e-01	1.77e-11
 2.06740e+16	2.09e-01	7.91e-01	2.13e-11
 2.07101e+16	2.37e-01	7.63e-01	2.53e-11
 2.07386e+16	2.61e-01	7.39e-01	2.90e-11
 2.07680e+16	2.90e-01	7.10e-01	3.39e-11
 2.07997e+16	3.24e-01	6.76e-01	4.02e-11
 2.08278e+16	3.59e-01	6.41e-01	4.73e-11
 2.08508e+16	3.89e-01	6.11e-01	5.42e-11
 2.08702e+16	4.16e-01	5.84e-01	6.10e-11
 2.08878e+16	4.41e-01	5.59e-01	6.81e-11
 2.09046e+16	4.66e-01	5.34e-01	7.59e-11
 2.09208e+16	4.90e-01	5.10e-01	8.38e-11
 2.09358e+16	5.13e-01	4.87e-01	9.25e-11
 2.09498e+16	5.34e-01	4.66e-01	1.01e-10
 2.09609e+16	5.51e-01	4.49e-01	1.08e-10
 2.09685e+16	5.62e-01	4.38e-01	1.13e-10
 2.09756e+16	5.73e-01	4.27e-01	1.18e-10
 2.09836e+16	5.85e-01	4.15e-01	1.25e-10
 2.09925e+16	5.98e-01	4.02e-01	1.32e-10
 2.10014e+16	6.11e-01	3.89e-01	1.39e-10
 2.10099e+16	6.22e-01	3.78e-01	1.46e-10
 2.10182e+16	6.34e-01	3.66e-01	1.55e-10
 2.10267e+16	6.46e-01	3.54e-01	1.62e-10
 2.10353e+16	6.58e-01	3.42e-01	1.72e-10
 2.10439e+16	6.69e-01	3.31e-01	1.80e-10
 2.10526e+16	6.80e-01	3.20e-01	1.90e-10
 2.10613e+16	6.91e-01	3.09e-01	2.01e-10
 2.10700e+16	7.02e-01	2.98e-01	2.11e-10
 2.10786e+16	7.12e-01	2.88e-01	2.22e-10
 2.10875e+16	7.23e-01	2.77e-01	2.34e-10
 2.10963e+16	7.33e-01	2.67e-01	2.46e-10
 2.11053e+16	7.43e-01	2.57e-01	2.60e-10
 2.11142e+16	7.52e-01	2.48e-01	2.72e-10
 2.11232e+16	7.62e-01	2.38e-01	2.88e-10
 2.11324e+16	7.71e-01	2.29e-01	3.04e-10
 2.11415e+16	7.80e-01	2.20e-01	3.20e-10
 2.11506e+16	7.88e-01	2.12e-01	3.37e-10
 2.11599e+16	7.97e-01	2.03e-01	3.55e-10
 2.11692e+16	8.05e-01	1.95e-01	3.73e-10
 2.11787e+16	8.13e-01	1.87e-01	3.94e-10
 2.11882e+16	8.21e-01	1.79e-01	4.17e-10
 2.11975e+16	8.28e-01	1.72e-01	4.38e-10
 2.12069e+16	8.35e-01	1.65e-01	4.64e-10
 2.12163e+16	8.41e-01	1.59e-01	4.87e-10
 2.12256e+16	8.48e-01	1.52e-01	5.15e-10
 2.12350e+16	8.54e-01	1.46e-01	5.44e-10
 2.12444e+16	8.60e-01	1.40e-01	5.73e-10
 2.12539e+16	8.66e-01	1.34e-01	6.06e-10
 2.12632e+16	8.71e-01	1.29e-01	6.39e-10
 2.12724e+16	8.77e-01	1.23e-01	6.74e-10
 2.12816e+16	8.82e-01	1.18e-01	7.11e-10
 2.12908e+16	8.86e-01	1.14e-01	7.50e-10
 2.13001e+16	8.91e-01	1.09e-01	7.92e-10
 2.13093e+16	8.95e-01	1.05e-01	8.36e-10
 2.13184e+16	8.99e-01	1.01e-01	8.86e-10
 2.13274e+16	9.03e-01	9.66e-02	9.37e-10
 2.13364e+16	9.07e-01	9.29e-02	9.84e-10
 2.13456e+16	9.11e-01	8.92e-02	1.05e-09
 2.13546e+16	9.14e-01	8.56e-02	1.11e-09
 2.13636e+16	9.18e-01	8.23e-02	1.17e-09
 2.13727e+16	9.21e-01	7.91e-02	1.23e-09
 2.13817e+16	9.24e-01	7.61e-02	1.30e-09
 2.13907e+16	9.27e-01	7.31e-02	1.38e-09
 2.13997e+16	9.30e-01	7.03e-02	1.46e-09
 2.14088e+16	9.32e-01	6.75e-02	1.56e-09
 2.14177e+16	9.35e-01	6.48e-02	1.66e-09
 2.14266e+16	9.37e-01	6.25e-02	1.74e-09
 2.14356e+16	9.40e-01	6.01e-02	1.86e-09
 2.14445e+16	9.42e-01	5.78e-02	1.98e-09
 2.14534e+16	9.44e-01	5.56e-02	2.11e-09
 2.14625e+16	9.46e-01	5.35e-02	2.23e-09
 2.14718e+16	9.49e-01	5.15e-02	2.39e-09
 2.14807e+16	9.51e-01	4.95e-02	2.55e-09
 2.14893e+16	9.52e-01	4.76e-02	2.72e-09
 2.14984e+16	9.54e-01	4.59e-02	2.91e-09
 2.15078e+16	9.56e-01	4.41e-02	3.11e-09
 2.15170e+16	9.58e-01	4.24e-02	3.32e-09
 2.15259e+16	9.59e-01	4.09e-02	3.55e-09
 2.15348e+16	9.61e-01	3.94e-02	3.81e-09
 2.15435e+16	9.62e-01	3.80e-02	4.08e-09
 2.15525e+16	9.63e-01	3.66e-02	4.38e-09
 2.15616e+16	9.65e-01	3.52e-02	4.72e-09
 2.15708e+16	9.66e-01	3.38e-02	5.11e-09
 2.15799e+16	9.67e-01	3.26e-02	5.52e-09
 2.15888e+16	9.69e-01	3.13e-02	6.00e-09
 2.15977e+16	9.70e-01	3.02e-02	6.48e-09
 2.16067e+16	9.71e-01	2.91e-02	7.06e-09
 2.16156e+16	9.72e-01	2.80e-02	7.69e-09
 2.16245e+16	9.73e-01	2.69e-02	8.39e-09
 2.16333e+16	9.74e-01	2.59e-02	9.17e-09
 2.16420e+16	9.75e-01	2.49e-02	1.00e-08
 2.16507e+16	9.76e-01	2.40e-02	1.09e-08
 2.16593e+16	9.77e-01	2.31e-02	1.19e-08
 2.16677e+16	9.78e-01	2.22e-02	1.30e-08
 2.16762e+16	9.79e-01	2.13e-02	1.42e-08
 2.16846e+16	9.79e-01	2.05e-02	1.55e-08
 2.16929e+16	9.80e-01	1.97e-02	1.68e-08
 2.17010e+16	9.81e-01	1.89e-02	1.80e-08
 2.17089e+16	9.82e-01	1.82e-02	1.93e-08
 2.17166e+16	9.83e-01	1.74e-02	2.04e-08
 2.17236e+16	9.83e-01	1.68e-02	2.14e-08
 2.17298e+16	9.84e-01	1.62e-02	2.21e-08
 2.17353e+16	9.84e-01	1.57e-02	2.26e-08
 2.17405e+16	9.85e-01	1.53e-02	2.31e-08
 2.17453e+16	9.85e-01	1.49e-02	2.35e-08
 2.17498e+16	9.85e-01	1.45e-02	2.38e-08
 2.17541e+16	9.86e-01	1.41e-02	2.42e-08
 2.17581e+16	9.86e-01	1.38e-02	2.45e-08
 2.17618e+16	9.87e-01	1.35e-02	2.48e-08
 2.17652e+16	9.87e-01	1.32e-02	2.51e-08
 2.17683e+16	9.87e-01	1.29e-02	2.54e-08
 2.17711e+16	9.87e-01	1.27e-02	2.57e-08
 2.17736e+16	9.88e-01	1.24e-02	2.60e-08
 2.17759e+16	9.88e-01	1.22e-02	2.62e-08
 2.17781e+16	9.88e-01	1.21e-02	2.65e-08
 2.17800e+16	9.88e-01	1.19e-02	2.68e-08
 2.17817e+16	9.88e-01	1.18e-02	2.70e-08
 2.17837e+16	9.88e-01	1.16e-02	2.72e-08
 2.17862e+16	9.89e-01	1.14e-02	2.77e-08
 2.17888e+16	9.89e-01	1.11e-02	2.82e-08
 2.17913e+16	9.89e-01	1.09e-02	2.87e-08
 2.17935e+16	9.89e-01	1.08e-02	2.92e-08
 2.17956e+16	9.89e-01	1.06e-02	2.96e-08
 2.17974e+16	9.90e-01	1.04e-02	3.00e-08
 2.17991e+16	9.90e-01	1.03e-02	3.04e-08
 2.18009e+16	9.90e-01	1.02e-02	3.07e-08
 2.18033e+16	9.90e-01	9.95e-03	3.15e-08
