#depth	He	He+	He+2
 1.49528e+12	1.68e-04	2.87e-01	7.13e-01
 8.97168e+12	1.69e-04	2.87e-01	7.13e-01
 3.88773e+13	1.69e-04	2.88e-01	7.12e-01
 1.58500e+14	1.73e-04	2.93e-01	7.07e-01
 3.78605e+14	1.75e-04	2.95e-01	7.05e-01
 6.64742e+14	1.81e-04	3.02e-01	6.98e-01
 1.03672e+15	1.92e-04	3.16e-01	6.84e-01
 1.52029e+15	2.10e-04	3.39e-01	6.61e-01
 2.14893e+15	2.39e-04	3.79e-01	6.21e-01
 2.86834e+15	2.81e-04	4.35e-01	5.65e-01
 3.54459e+15	3.31e-04	5.01e-01	4.99e-01
 4.12338e+15	3.81e-04	5.68e-01	4.32e-01
 4.65295e+15	4.33e-04	6.35e-01	3.64e-01
 5.25772e+15	4.96e-04	7.13e-01	2.87e-01
 6.04392e+15	5.74e-04	8.04e-01	1.96e-01
 6.91112e+15	6.47e-04	8.82e-01	1.17e-01
 7.88362e+15	7.12e-04	9.38e-01	6.14e-02
 9.14788e+15	7.71e-04	9.73e-01	2.59e-02
 1.07914e+16	8.29e-04	9.90e-01	8.75e-03
 1.29280e+16	8.97e-04	9.97e-01	2.40e-03
 1.48424e+16	9.51e-04	9.98e-01	8.34e-04
 1.63267e+16	9.98e-04	9.99e-01	3.91e-04
 1.79593e+16	1.05e-03	9.99e-01	1.79e-04
 1.97553e+16	1.12e-03	9.99e-01	8.00e-05
 2.17308e+16	1.20e-03	9.99e-01	3.51e-05
 2.39039e+16	1.29e-03	9.99e-01	1.53e-05
 2.62943e+16	1.40e-03	9.99e-01	6.67e-06
 2.89237e+16	1.53e-03	9.98e-01	2.96e-06
 3.08415e+16	1.64e-03	9.98e-01	1.80e-06
 3.16834e+16	1.69e-03	9.98e-01	1.47e-06
 3.23765e+16	1.74e-03	9.98e-01	1.23e-06
 3.32776e+16	1.80e-03	9.98e-01	9.78e-07
 3.44490e+16	1.89e-03	9.98e-01	7.39e-07
 3.56738e+16	1.99e-03	9.98e-01	5.66e-07
 3.66887e+16	2.07e-03	9.98e-01	4.59e-07
 3.75773e+16	2.15e-03	9.98e-01	3.83e-07
 3.85811e+16	2.26e-03	9.98e-01	3.12e-07
 3.96698e+16	2.37e-03	9.98e-01	2.54e-07
 4.06287e+16	2.48e-03	9.98e-01	2.13e-07
 4.14749e+16	2.59e-03	9.97e-01	1.83e-07
 4.24149e+16	2.72e-03	9.97e-01	1.54e-07
 4.34290e+16	2.87e-03	9.97e-01	1.30e-07
 4.43134e+16	3.02e-03	9.97e-01	1.12e-07
 4.50934e+16	3.16e-03	9.97e-01	9.88e-08
 4.59638e+16	3.33e-03	9.97e-01	8.55e-08
 4.69092e+16	3.54e-03	9.96e-01	7.37e-08
 4.77367e+16	3.75e-03	9.96e-01	6.50e-08
 4.84618e+16	3.95e-03	9.96e-01	5.83e-08
 4.92691e+16	4.20e-03	9.96e-01	5.14e-08
 5.01428e+16	4.50e-03	9.96e-01	4.53e-08
 5.09083e+16	4.79e-03	9.95e-01	4.06e-08
 5.15751e+16	5.09e-03	9.95e-01	3.69e-08
 5.23082e+16	5.47e-03	9.95e-01	3.31e-08
 5.30839e+16	5.91e-03	9.94e-01	2.97e-08
 5.37281e+16	6.34e-03	9.94e-01	2.72e-08
 5.42695e+16	6.76e-03	9.93e-01	2.53e-08
 5.48639e+16	7.28e-03	9.93e-01	2.32e-08
 5.55079e+16	7.93e-03	9.92e-01	2.12e-08
 5.60635e+16	8.57e-03	9.91e-01	1.97e-08
 5.65349e+16	9.21e-03	9.91e-01	1.85e-08
 5.70500e+16	1.00e-02	9.90e-01	1.72e-08
 5.76061e+16	1.10e-02	9.89e-01	1.60e-08
 5.80832e+16	1.21e-02	9.88e-01	1.50e-08
 5.84882e+16	1.31e-02	9.87e-01	1.43e-08
 5.89321e+16	1.44e-02	9.86e-01	1.34e-08
 5.94191e+16	1.62e-02	9.84e-01	1.26e-08
 5.98477e+16	1.81e-02	9.82e-01	1.19e-08
 6.01725e+16	1.98e-02	9.80e-01	1.15e-08
 6.04189e+16	2.12e-02	9.79e-01	1.11e-08
 6.06811e+16	2.30e-02	9.77e-01	1.08e-08
 6.09734e+16	2.54e-02	9.75e-01	1.04e-08
 6.12359e+16	2.78e-02	9.72e-01	1.01e-08
 6.14555e+16	3.01e-02	9.70e-01	9.83e-09
 6.16880e+16	3.30e-02	9.67e-01	9.57e-09
 6.19376e+16	3.65e-02	9.64e-01	9.33e-09
 6.21489e+16	4.00e-02	9.60e-01	9.14e-09
 6.23253e+16	4.33e-02	9.57e-01	9.01e-09
 6.25167e+16	4.75e-02	9.53e-01	8.86e-09
 6.27257e+16	5.27e-02	9.47e-01	8.74e-09
 6.29085e+16	5.80e-02	9.42e-01	8.65e-09
 6.30643e+16	6.30e-02	9.37e-01	8.61e-09
 6.32339e+16	6.96e-02	9.30e-01	8.54e-09
 6.34180e+16	7.72e-02	9.23e-01	8.57e-09
 6.35816e+16	8.55e-02	9.15e-01	8.58e-09
 6.37256e+16	9.34e-02	9.07e-01	8.66e-09
 6.38708e+16	1.03e-01	8.97e-01	8.72e-09
 6.40332e+16	1.14e-01	8.86e-01	8.88e-09
 6.41884e+16	1.27e-01	8.73e-01	9.07e-09
 6.43129e+16	1.38e-01	8.62e-01	9.25e-09
 6.44199e+16	1.49e-01	8.51e-01	9.42e-09
 6.45254e+16	1.61e-01	8.39e-01	9.61e-09
 6.46305e+16	1.74e-01	8.26e-01	9.84e-09
 6.47109e+16	1.84e-01	8.16e-01	1.00e-08
 6.47620e+16	1.91e-01	8.09e-01	1.01e-08
 6.48120e+16	1.99e-01	8.01e-01	1.02e-08
 6.48738e+16	2.08e-01	7.92e-01	1.04e-08
 6.49389e+16	2.19e-01	7.81e-01	1.06e-08
 6.49967e+16	2.28e-01	7.72e-01	1.08e-08
 6.50496e+16	2.37e-01	7.63e-01	1.09e-08
 6.51037e+16	2.47e-01	7.53e-01	1.11e-08
 6.51598e+16	2.57e-01	7.43e-01	1.13e-08
 6.52159e+16	2.68e-01	7.32e-01	1.15e-08
 6.52691e+16	2.79e-01	7.21e-01	1.17e-08
 6.53212e+16	2.90e-01	7.10e-01	1.19e-08
 6.53738e+16	3.01e-01	6.99e-01	1.22e-08
 6.54267e+16	3.13e-01	6.87e-01	1.24e-08
 6.54792e+16	3.26e-01	6.74e-01	1.26e-08
 6.55299e+16	3.38e-01	6.62e-01	1.28e-08
 6.55802e+16	3.50e-01	6.50e-01	1.31e-08
 6.56309e+16	3.63e-01	6.37e-01	1.33e-08
 6.56815e+16	3.77e-01	6.23e-01	1.35e-08
 6.57311e+16	3.90e-01	6.10e-01	1.38e-08
 6.57802e+16	4.03e-01	5.97e-01	1.40e-08
 6.58296e+16	4.17e-01	5.83e-01	1.42e-08
 6.58781e+16	4.31e-01	5.69e-01	1.45e-08
 6.59259e+16	4.45e-01	5.55e-01	1.47e-08
 6.59740e+16	4.60e-01	5.40e-01	1.49e-08
 6.60218e+16	4.74e-01	5.26e-01	1.52e-08
 6.60684e+16	4.88e-01	5.12e-01	1.54e-08
 6.61147e+16	5.03e-01	4.97e-01	1.56e-08
 6.61609e+16	5.17e-01	4.83e-01	1.58e-08
 6.62069e+16	5.32e-01	4.68e-01	1.61e-08
 6.62519e+16	5.46e-01	4.54e-01	1.62e-08
 6.62959e+16	5.60e-01	4.40e-01	1.65e-08
 6.63394e+16	5.74e-01	4.26e-01	1.66e-08
 6.63820e+16	5.88e-01	4.12e-01	1.68e-08
 6.64244e+16	6.01e-01	3.99e-01	1.69e-08
 6.64664e+16	6.15e-01	3.85e-01	1.71e-08
 6.65075e+16	6.28e-01	3.72e-01	1.72e-08
 6.65476e+16	6.41e-01	3.59e-01	1.73e-08
 6.65875e+16	6.53e-01	3.47e-01	1.75e-08
 6.66273e+16	6.65e-01	3.35e-01	1.76e-08
 6.66663e+16	6.77e-01	3.23e-01	1.77e-08
 6.67045e+16	6.89e-01	3.11e-01	1.78e-08
 6.67422e+16	7.00e-01	3.00e-01	1.78e-08
 6.67798e+16	7.12e-01	2.88e-01	1.79e-08
 6.68173e+16	7.22e-01	2.78e-01	1.80e-08
 6.68539e+16	7.33e-01	2.67e-01	1.80e-08
 6.68897e+16	7.43e-01	2.57e-01	1.80e-08
 6.69256e+16	7.53e-01	2.47e-01	1.80e-08
 6.69619e+16	7.62e-01	2.38e-01	1.80e-08
 6.69971e+16	7.72e-01	2.28e-01	1.81e-08
 6.70314e+16	7.81e-01	2.19e-01	1.80e-08
 6.70656e+16	7.89e-01	2.11e-01	1.80e-08
 6.71002e+16	7.98e-01	2.02e-01	1.80e-08
 6.71343e+16	8.06e-01	1.94e-01	1.80e-08
 6.71676e+16	8.13e-01	1.87e-01	1.80e-08
 6.72003e+16	8.21e-01	1.79e-01	1.79e-08
 6.72333e+16	8.28e-01	1.72e-01	1.78e-08
 6.72666e+16	8.35e-01	1.65e-01	1.77e-08
 6.72992e+16	8.42e-01	1.58e-01	1.77e-08
 6.73308e+16	8.48e-01	1.52e-01	1.76e-08
 6.73618e+16	8.54e-01	1.46e-01	1.75e-08
 6.73932e+16	8.60e-01	1.40e-01	1.74e-08
 6.74249e+16	8.66e-01	1.34e-01	1.73e-08
 6.74563e+16	8.72e-01	1.28e-01	1.72e-08
 6.74869e+16	8.77e-01	1.23e-01	1.71e-08
 6.75168e+16	8.82e-01	1.18e-01	1.69e-08
 6.75469e+16	8.87e-01	1.13e-01	1.68e-08
 6.75769e+16	8.92e-01	1.08e-01	1.67e-08
 6.76062e+16	8.96e-01	1.04e-01	1.65e-08
 6.76349e+16	9.00e-01	9.99e-02	1.64e-08
 6.76630e+16	9.04e-01	9.59e-02	1.62e-08
 6.76895e+16	9.08e-01	9.23e-02	1.60e-08
 6.77136e+16	9.11e-01	8.90e-02	1.59e-08
 6.77354e+16	9.14e-01	8.61e-02	1.57e-08
 6.77556e+16	9.16e-01	8.35e-02	1.55e-08
 6.77743e+16	9.19e-01	8.12e-02	1.54e-08
 6.77920e+16	9.21e-01	7.90e-02	1.52e-08
 6.78086e+16	9.23e-01	7.70e-02	1.50e-08
 6.78236e+16	9.25e-01	7.52e-02	1.49e-08
 6.78375e+16	9.26e-01	7.35e-02	1.47e-08
 6.78507e+16	9.28e-01	7.20e-02	1.46e-08
 6.78633e+16	9.29e-01	7.05e-02	1.45e-08
 6.78753e+16	9.31e-01	6.92e-02	1.43e-08
 6.78865e+16	9.32e-01	6.79e-02	1.42e-08
 6.78971e+16	9.33e-01	6.68e-02	1.41e-08
 6.79072e+16	9.34e-01	6.57e-02	1.40e-08
 6.79168e+16	9.35e-01	6.46e-02	1.39e-08
 6.79259e+16	9.36e-01	6.37e-02	1.37e-08
 6.79347e+16	9.37e-01	6.27e-02	1.36e-08
 6.79431e+16	9.38e-01	6.18e-02	1.35e-08
 6.79512e+16	9.39e-01	6.10e-02	1.34e-08
 6.79591e+16	9.40e-01	6.02e-02	1.33e-08
 6.79667e+16	9.41e-01	5.94e-02	1.32e-08
 6.79742e+16	9.41e-01	5.86e-02	1.31e-08
 6.79816e+16	9.42e-01	5.79e-02	1.30e-08
 6.79889e+16	9.43e-01	5.71e-02	1.29e-08
 6.79962e+16	9.44e-01	5.64e-02	1.27e-08
 6.80038e+16	9.44e-01	5.56e-02	1.26e-08
 6.80116e+16	9.45e-01	5.48e-02	1.25e-08
 6.80199e+16	9.46e-01	5.40e-02	1.23e-08
 6.80287e+16	9.47e-01	5.31e-02	1.22e-08
 6.80375e+16	9.48e-01	5.22e-02	1.20e-08
 6.80455e+16	9.49e-01	5.15e-02	1.19e-08
 6.80528e+16	9.49e-01	5.07e-02	1.17e-08
 6.80597e+16	9.50e-01	5.00e-02	1.16e-08
 6.80662e+16	9.51e-01	4.94e-02	1.14e-08
 6.80722e+16	9.51e-01	4.88e-02	1.13e-08
 6.80776e+16	9.52e-01	4.82e-02	1.12e-08
 6.80825e+16	9.52e-01	4.77e-02	1.11e-08
 6.80870e+16	9.53e-01	4.73e-02	1.10e-08
 6.80911e+16	9.53e-01	4.68e-02	1.09e-08
 6.80948e+16	9.54e-01	4.64e-02	1.08e-08
 6.80988e+16	9.54e-01	4.60e-02	1.07e-08
 6.81032e+16	9.54e-01	4.56e-02	1.06e-08
 6.81072e+16	9.55e-01	4.52e-02	1.05e-08
 6.81116e+16	9.55e-01	4.47e-02	1.04e-08
 6.81163e+16	9.56e-01	4.42e-02	1.02e-08
 6.81206e+16	9.56e-01	4.38e-02	1.01e-08
 6.81245e+16	9.57e-01	4.34e-02	1.01e-08
 6.81288e+16	9.57e-01	4.29e-02	9.95e-09
 6.81335e+16	9.58e-01	4.25e-02	9.84e-09
 6.81377e+16	9.58e-01	4.21e-02	9.75e-09
 6.81415e+16	9.58e-01	4.17e-02	9.67e-09
 6.81457e+16	9.59e-01	4.13e-02	9.58e-09
 6.81512e+16	9.59e-01	4.08e-02	9.48e-09
 6.81570e+16	9.60e-01	4.03e-02	9.37e-09
 6.81624e+16	9.60e-01	3.98e-02	9.28e-09
 6.81673e+16	9.61e-01	3.94e-02	9.21e-09
 6.81726e+16	9.61e-01	3.89e-02	9.10e-09
 6.81784e+16	9.62e-01	3.84e-02	9.00e-09
 6.81837e+16	9.62e-01	3.80e-02	8.92e-09
