#depth	O	O+	O+2	O+3	O+4	O+5	O+6	O+7	O+8	O[1]	O[2]	O[3]
 1.49528e+12	1.66e-06	2.78e-03	4.94e-01	5.01e-01	2.38e-03	0.00e+00	0.00e+00	0.00e+00	0.00e+00	1.20e-06	3.00e-07	1.57e-07
 8.97168e+12	1.66e-06	2.78e-03	4.95e-01	5.00e-01	2.37e-03	0.00e+00	0.00e+00	0.00e+00	0.00e+00	1.20e-06	3.00e-07	1.57e-07
 3.88773e+13	1.67e-06	2.80e-03	4.97e-01	4.98e-01	2.35e-03	0.00e+00	0.00e+00	0.00e+00	0.00e+00	1.21e-06	3.02e-07	1.58e-07
 1.58500e+14	1.70e-06	2.85e-03	5.07e-01	4.88e-01	2.24e-03	0.00e+00	0.00e+00	0.00e+00	0.00e+00	1.23e-06	3.07e-07	1.61e-07
 3.78605e+14	1.71e-06	2.91e-03	5.21e-01	4.74e-01	2.09e-03	0.00e+00	0.00e+00	0.00e+00	0.00e+00	1.24e-06	3.10e-07	1.62e-07
 6.64742e+14	1.75e-06	3.01e-03	5.40e-01	4.55e-01	1.89e-03	0.00e+00	0.00e+00	0.00e+00	0.00e+00	1.27e-06	3.17e-07	1.66e-07
 1.03672e+15	1.83e-06	3.16e-03	5.66e-01	4.29e-01	1.66e-03	0.00e+00	0.00e+00	0.00e+00	0.00e+00	1.32e-06	3.31e-07	1.73e-07
 1.52029e+15	1.95e-06	3.38e-03	6.01e-01	3.94e-01	1.39e-03	0.00e+00	0.00e+00	0.00e+00	0.00e+00	1.41e-06	3.52e-07	1.85e-07
 2.14893e+15	2.15e-06	3.71e-03	6.49e-01	3.46e-01	1.07e-03	0.00e+00	0.00e+00	0.00e+00	0.00e+00	1.56e-06	3.88e-07	2.04e-07
 2.86834e+15	2.40e-06	4.11e-03	7.06e-01	2.89e-01	7.63e-04	0.00e+00	0.00e+00	0.00e+00	0.00e+00	1.74e-06	4.31e-07	2.28e-07
 3.54459e+15	2.67e-06	4.52e-03	7.60e-01	2.35e-01	5.29e-04	0.00e+00	0.00e+00	0.00e+00	0.00e+00	1.94e-06	4.77e-07	2.53e-07
 4.12338e+15	2.93e-06	4.89e-03	8.05e-01	1.90e-01	3.67e-04	0.00e+00	0.00e+00	0.00e+00	0.00e+00	2.13e-06	5.23e-07	2.78e-07
 4.65295e+15	3.21e-06	5.25e-03	8.44e-01	1.51e-01	2.51e-04	0.00e+00	0.00e+00	0.00e+00	0.00e+00	2.33e-06	5.72e-07	3.04e-07
 5.25772e+15	3.58e-06	5.68e-03	8.83e-01	1.11e-01	1.53e-04	0.00e+00	0.00e+00	0.00e+00	0.00e+00	2.60e-06	6.36e-07	3.39e-07
 6.04392e+15	4.07e-06	6.18e-03	9.23e-01	7.10e-02	7.44e-05	0.00e+00	0.00e+00	0.00e+00	0.00e+00	2.96e-06	7.20e-07	3.86e-07
 6.91112e+15	4.57e-06	6.65e-03	9.52e-01	4.08e-02	3.11e-05	0.00e+00	0.00e+00	0.00e+00	0.00e+00	3.32e-06	8.07e-07	4.33e-07
 7.88362e+15	5.17e-06	7.12e-03	9.72e-01	2.11e-02	1.09e-05	0.00e+00	0.00e+00	0.00e+00	0.00e+00	3.77e-06	9.12e-07	4.90e-07
 9.14788e+15	5.96e-06	7.64e-03	9.83e-01	8.99e-03	2.74e-06	0.00e+00	0.00e+00	0.00e+00	0.00e+00	4.35e-06	1.05e-06	5.65e-07
 1.07914e+16	7.07e-06	8.24e-03	9.89e-01	3.14e-03	4.85e-07	0.00e+00	0.00e+00	0.00e+00	0.00e+00	5.16e-06	1.24e-06	6.70e-07
 1.29280e+16	8.78e-06	9.03e-03	9.90e-01	9.17e-04	0.00e+00	0.00e+00	0.00e+00	0.00e+00	0.00e+00	6.40e-06	1.54e-06	8.33e-07
 1.48424e+16	1.04e-05	9.72e-03	9.90e-01	3.54e-04	0.00e+00	0.00e+00	0.00e+00	0.00e+00	0.00e+00	7.61e-06	1.83e-06	9.90e-07
 1.63267e+16	1.22e-05	1.03e-02	9.89e-01	1.87e-04	0.00e+00	0.00e+00	0.00e+00	0.00e+00	0.00e+00	8.86e-06	2.13e-06	1.15e-06
 1.79593e+16	1.44e-05	1.11e-02	9.89e-01	1.05e-04	0.00e+00	0.00e+00	0.00e+00	0.00e+00	0.00e+00	1.05e-05	2.54e-06	1.37e-06
 1.97553e+16	1.75e-05	1.20e-02	9.88e-01	6.47e-05	0.00e+00	0.00e+00	0.00e+00	0.00e+00	0.00e+00	1.28e-05	3.08e-06	1.66e-06
 2.17308e+16	2.18e-05	1.32e-02	9.87e-01	4.47e-05	0.00e+00	0.00e+00	0.00e+00	0.00e+00	0.00e+00	1.59e-05	3.84e-06	2.07e-06
 2.39039e+16	2.79e-05	1.47e-02	9.85e-01	3.39e-05	0.00e+00	0.00e+00	0.00e+00	0.00e+00	0.00e+00	2.03e-05	4.92e-06	2.65e-06
 2.62943e+16	3.71e-05	1.66e-02	9.83e-01	2.74e-05	0.00e+00	0.00e+00	0.00e+00	0.00e+00	0.00e+00	2.70e-05	6.55e-06	3.52e-06
 2.89237e+16	5.13e-05	1.91e-02	9.81e-01	2.30e-05	0.00e+00	0.00e+00	0.00e+00	0.00e+00	0.00e+00	3.73e-05	9.09e-06	4.87e-06
 3.08415e+16	6.56e-05	2.14e-02	9.79e-01	2.04e-05	0.00e+00	0.00e+00	0.00e+00	0.00e+00	0.00e+00	4.77e-05	1.16e-05	6.22e-06
 3.16834e+16	7.35e-05	2.25e-02	9.77e-01	1.94e-05	0.00e+00	0.00e+00	0.00e+00	0.00e+00	0.00e+00	5.34e-05	1.31e-05	6.97e-06
 3.23765e+16	8.08e-05	2.35e-02	9.76e-01	1.87e-05	0.00e+00	0.00e+00	0.00e+00	0.00e+00	0.00e+00	5.88e-05	1.44e-05	7.67e-06
 3.32776e+16	9.18e-05	2.49e-02	9.75e-01	1.77e-05	0.00e+00	0.00e+00	0.00e+00	0.00e+00	0.00e+00	6.67e-05	1.63e-05	8.71e-06
 3.44490e+16	1.09e-04	2.70e-02	9.73e-01	1.65e-05	0.00e+00	0.00e+00	0.00e+00	0.00e+00	0.00e+00	7.89e-05	1.94e-05	1.03e-05
 3.56738e+16	1.30e-04	2.94e-02	9.70e-01	1.54e-05	0.00e+00	0.00e+00	0.00e+00	0.00e+00	0.00e+00	9.43e-05	2.32e-05	1.23e-05
 3.66887e+16	1.51e-04	3.16e-02	9.68e-01	1.45e-05	0.00e+00	0.00e+00	0.00e+00	0.00e+00	0.00e+00	1.10e-04	2.71e-05	1.44e-05
 3.75773e+16	1.74e-04	3.38e-02	9.66e-01	1.37e-05	0.00e+00	0.00e+00	0.00e+00	0.00e+00	0.00e+00	1.26e-04	3.12e-05	1.65e-05
 3.85811e+16	2.04e-04	3.66e-02	9.63e-01	1.29e-05	0.00e+00	0.00e+00	0.00e+00	0.00e+00	0.00e+00	1.48e-04	3.67e-05	1.94e-05
 3.96698e+16	2.44e-04	4.00e-02	9.60e-01	1.19e-05	0.00e+00	0.00e+00	0.00e+00	0.00e+00	0.00e+00	1.77e-04	4.38e-05	2.31e-05
 4.06287e+16	2.87e-04	4.34e-02	9.56e-01	1.11e-05	0.00e+00	0.00e+00	0.00e+00	0.00e+00	0.00e+00	2.08e-04	5.16e-05	2.72e-05
 4.14749e+16	3.32e-04	4.67e-02	9.53e-01	1.05e-05	0.00e+00	0.00e+00	0.00e+00	0.00e+00	0.00e+00	2.41e-04	5.97e-05	3.15e-05
 4.24149e+16	3.94e-04	5.09e-02	9.49e-01	9.81e-06	0.00e+00	0.00e+00	0.00e+00	0.00e+00	0.00e+00	2.86e-04	7.08e-05	3.73e-05
 4.34290e+16	4.75e-04	5.60e-02	9.43e-01	9.02e-06	0.00e+00	0.00e+00	0.00e+00	0.00e+00	0.00e+00	3.44e-04	8.53e-05	4.49e-05
 4.43134e+16	5.63e-04	6.12e-02	9.38e-01	8.34e-06	0.00e+00	0.00e+00	0.00e+00	0.00e+00	0.00e+00	4.08e-04	1.01e-04	5.32e-05
 4.50934e+16	6.57e-04	6.63e-02	9.33e-01	7.79e-06	0.00e+00	0.00e+00	0.00e+00	0.00e+00	0.00e+00	4.76e-04	1.18e-04	6.20e-05
 4.59638e+16	7.84e-04	7.28e-02	9.26e-01	7.20e-06	0.00e+00	0.00e+00	0.00e+00	0.00e+00	0.00e+00	5.69e-04	1.41e-04	7.40e-05
 4.69092e+16	9.59e-04	8.09e-02	9.18e-01	6.52e-06	0.00e+00	0.00e+00	0.00e+00	0.00e+00	0.00e+00	6.96e-04	1.72e-04	9.05e-05
 4.77367e+16	1.15e-03	8.91e-02	9.10e-01	5.99e-06	0.00e+00	0.00e+00	0.00e+00	0.00e+00	0.00e+00	8.36e-04	2.07e-04	1.09e-04
 4.84618e+16	1.36e-03	9.73e-02	9.01e-01	5.52e-06	0.00e+00	0.00e+00	0.00e+00	0.00e+00	0.00e+00	9.87e-04	2.44e-04	1.28e-04
 4.92691e+16	1.65e-03	1.08e-01	8.91e-01	4.97e-06	0.00e+00	0.00e+00	0.00e+00	0.00e+00	0.00e+00	1.20e-03	2.96e-04	1.55e-04
 5.01428e+16	2.04e-03	1.21e-01	8.77e-01	4.44e-06	0.00e+00	0.00e+00	0.00e+00	0.00e+00	0.00e+00	1.48e-03	3.67e-04	1.92e-04
 5.09083e+16	2.49e-03	1.34e-01	8.63e-01	3.98e-06	0.00e+00	0.00e+00	0.00e+00	0.00e+00	0.00e+00	1.81e-03	4.46e-04	2.34e-04
 5.15751e+16	2.98e-03	1.48e-01	8.49e-01	3.58e-06	0.00e+00	0.00e+00	0.00e+00	0.00e+00	0.00e+00	2.16e-03	5.35e-04	2.80e-04
 5.23082e+16	3.66e-03	1.65e-01	8.31e-01	3.15e-06	0.00e+00	0.00e+00	0.00e+00	0.00e+00	0.00e+00	2.66e-03	6.57e-04	3.44e-04
 5.30839e+16	4.60e-03	1.86e-01	8.09e-01	2.72e-06	0.00e+00	0.00e+00	0.00e+00	0.00e+00	0.00e+00	3.34e-03	8.24e-04	4.31e-04
 5.37281e+16	5.60e-03	2.06e-01	7.88e-01	2.39e-06	0.00e+00	0.00e+00	0.00e+00	0.00e+00	0.00e+00	4.07e-03	1.00e-03	5.25e-04
 5.42695e+16	6.66e-03	2.26e-01	7.68e-01	2.12e-06	0.00e+00	0.00e+00	0.00e+00	0.00e+00	0.00e+00	4.84e-03	1.19e-03	6.23e-04
 5.48639e+16	8.11e-03	2.50e-01	7.42e-01	1.83e-06	0.00e+00	0.00e+00	0.00e+00	0.00e+00	0.00e+00	5.89e-03	1.45e-03	7.58e-04
 5.55079e+16	1.01e-02	2.80e-01	7.10e-01	1.54e-06	0.00e+00	0.00e+00	0.00e+00	0.00e+00	0.00e+00	7.36e-03	1.81e-03	9.47e-04
 5.60635e+16	1.24e-02	3.09e-01	6.79e-01	1.30e-06	0.00e+00	0.00e+00	0.00e+00	0.00e+00	0.00e+00	9.00e-03	2.21e-03	1.16e-03
 5.65349e+16	1.47e-02	3.37e-01	6.49e-01	1.11e-06	0.00e+00	0.00e+00	0.00e+00	0.00e+00	0.00e+00	1.07e-02	2.63e-03	1.37e-03
 5.70500e+16	1.80e-02	3.70e-01	6.12e-01	9.22e-07	0.00e+00	0.00e+00	0.00e+00	0.00e+00	0.00e+00	1.31e-02	3.20e-03	1.68e-03
 5.76061e+16	2.24e-02	4.10e-01	5.67e-01	7.34e-07	0.00e+00	0.00e+00	0.00e+00	0.00e+00	0.00e+00	1.64e-02	3.99e-03	2.09e-03
 5.80832e+16	2.74e-02	4.48e-01	5.25e-01	5.88e-07	0.00e+00	0.00e+00	0.00e+00	0.00e+00	0.00e+00	2.00e-02	4.86e-03	2.55e-03
 5.84882e+16	3.25e-02	4.82e-01	4.86e-01	4.76e-07	0.00e+00	0.00e+00	0.00e+00	0.00e+00	0.00e+00	2.37e-02	5.77e-03	3.03e-03
 5.89321e+16	3.95e-02	5.21e-01	4.40e-01	3.69e-07	0.00e+00	0.00e+00	0.00e+00	0.00e+00	0.00e+00	2.88e-02	6.97e-03	3.67e-03
 5.94191e+16	4.91e-02	5.65e-01	3.86e-01	2.68e-07	0.00e+00	0.00e+00	0.00e+00	0.00e+00	0.00e+00	3.59e-02	8.66e-03	4.57e-03
 5.98477e+16	6.00e-02	6.03e-01	3.37e-01	1.95e-07	0.00e+00	0.00e+00	0.00e+00	0.00e+00	0.00e+00	4.39e-02	1.05e-02	5.57e-03
 6.01725e+16	7.01e-02	6.32e-01	2.98e-01	1.49e-07	0.00e+00	0.00e+00	0.00e+00	0.00e+00	0.00e+00	5.13e-02	1.23e-02	6.49e-03
 6.04189e+16	7.86e-02	6.52e-01	2.70e-01	0.00e+00	0.00e+00	0.00e+00	0.00e+00	0.00e+00	0.00e+00	5.76e-02	1.37e-02	7.27e-03
 6.06811e+16	8.92e-02	6.72e-01	2.39e-01	0.00e+00	0.00e+00	0.00e+00	0.00e+00	0.00e+00	0.00e+00	6.54e-02	1.55e-02	8.25e-03
 6.09734e+16	1.03e-01	6.91e-01	2.06e-01	0.00e+00	0.00e+00	0.00e+00	0.00e+00	0.00e+00	0.00e+00	7.56e-02	1.78e-02	9.50e-03
 6.12359e+16	1.17e-01	7.06e-01	1.77e-01	0.00e+00	0.00e+00	0.00e+00	0.00e+00	0.00e+00	0.00e+00	8.64e-02	2.02e-02	1.08e-02
 6.14555e+16	1.31e-01	7.15e-01	1.54e-01	0.00e+00	0.00e+00	0.00e+00	0.00e+00	0.00e+00	0.00e+00	9.62e-02	2.24e-02	1.20e-02
 6.16880e+16	1.47e-01	7.22e-01	1.31e-01	0.00e+00	0.00e+00	0.00e+00	0.00e+00	0.00e+00	0.00e+00	1.08e-01	2.50e-02	1.35e-02
 6.19376e+16	1.66e-01	7.25e-01	1.09e-01	0.00e+00	0.00e+00	0.00e+00	0.00e+00	0.00e+00	0.00e+00	1.23e-01	2.81e-02	1.52e-02
 6.21489e+16	1.85e-01	7.24e-01	9.12e-02	0.00e+00	0.00e+00	0.00e+00	0.00e+00	0.00e+00	0.00e+00	1.37e-01	3.11e-02	1.69e-02
 6.23253e+16	2.02e-01	7.20e-01	7.80e-02	0.00e+00	0.00e+00	0.00e+00	0.00e+00	0.00e+00	0.00e+00	1.50e-01	3.37e-02	1.84e-02
 6.25167e+16	2.23e-01	7.13e-01	6.49e-02	0.00e+00	0.00e+00	0.00e+00	0.00e+00	0.00e+00	0.00e+00	1.65e-01	3.68e-02	2.02e-02
 6.27257e+16	2.47e-01	7.00e-01	5.23e-02	0.00e+00	0.00e+00	0.00e+00	0.00e+00	0.00e+00	0.00e+00	1.84e-01	4.05e-02	2.24e-02
 6.29085e+16	2.71e-01	6.86e-01	4.26e-02	0.00e+00	0.00e+00	0.00e+00	0.00e+00	0.00e+00	0.00e+00	2.03e-01	4.40e-02	2.44e-02
 6.30643e+16	2.93e-01	6.72e-01	3.55e-02	0.00e+00	0.00e+00	0.00e+00	0.00e+00	0.00e+00	0.00e+00	2.20e-01	4.69e-02	2.62e-02
 6.32339e+16	3.19e-01	6.53e-01	2.86e-02	0.00e+00	0.00e+00	0.00e+00	0.00e+00	0.00e+00	0.00e+00	2.40e-01	5.05e-02	2.84e-02
 6.34180e+16	3.48e-01	6.29e-01	2.24e-02	0.00e+00	0.00e+00	0.00e+00	0.00e+00	0.00e+00	0.00e+00	2.63e-01	5.43e-02	3.09e-02
 6.35816e+16	3.78e-01	6.05e-01	1.77e-02	0.00e+00	0.00e+00	0.00e+00	0.00e+00	0.00e+00	0.00e+00	2.86e-01	5.79e-02	3.32e-02
 6.37256e+16	4.03e-01	5.82e-01	1.43e-02	0.00e+00	0.00e+00	0.00e+00	0.00e+00	0.00e+00	0.00e+00	3.07e-01	6.09e-02	3.52e-02
 6.38708e+16	4.32e-01	5.57e-01	1.13e-02	0.00e+00	0.00e+00	0.00e+00	0.00e+00	0.00e+00	0.00e+00	3.30e-01	6.40e-02	3.73e-02
 6.40332e+16	4.64e-01	5.28e-01	8.61e-03	0.00e+00	0.00e+00	0.00e+00	0.00e+00	0.00e+00	0.00e+00	3.57e-01	6.74e-02	3.97e-02
 6.41884e+16	4.96e-01	4.97e-01	6.55e-03	0.00e+00	0.00e+00	0.00e+00	0.00e+00	0.00e+00	0.00e+00	3.84e-01	7.04e-02	4.20e-02
 6.43129e+16	5.22e-01	4.72e-01	5.22e-03	0.00e+00	0.00e+00	0.00e+00	0.00e+00	0.00e+00	0.00e+00	4.06e-01	7.26e-02	4.37e-02
 6.44199e+16	5.45e-01	4.51e-01	4.27e-03	0.00e+00	0.00e+00	0.00e+00	0.00e+00	0.00e+00	0.00e+00	4.25e-01	7.43e-02	4.52e-02
 6.45254e+16	5.67e-01	4.29e-01	3.47e-03	0.00e+00	0.00e+00	0.00e+00	0.00e+00	0.00e+00	0.00e+00	4.45e-01	7.59e-02	4.65e-02
 6.46305e+16	5.90e-01	4.07e-01	2.80e-03	0.00e+00	0.00e+00	0.00e+00	0.00e+00	0.00e+00	0.00e+00	4.65e-01	7.73e-02	4.78e-02
 6.47109e+16	6.07e-01	3.91e-01	2.38e-03	0.00e+00	0.00e+00	0.00e+00	0.00e+00	0.00e+00	0.00e+00	4.80e-01	7.81e-02	4.88e-02
 6.47620e+16	6.16e-01	3.81e-01	2.15e-03	0.00e+00	0.00e+00	0.00e+00	0.00e+00	0.00e+00	0.00e+00	4.89e-01	7.86e-02	4.92e-02
 6.48120e+16	6.27e-01	3.71e-01	1.94e-03	0.00e+00	0.00e+00	0.00e+00	0.00e+00	0.00e+00	0.00e+00	4.98e-01	7.89e-02	4.97e-02
 6.48738e+16	6.40e-01	3.59e-01	1.69e-03	0.00e+00	0.00e+00	0.00e+00	0.00e+00	0.00e+00	0.00e+00	5.10e-01	7.93e-02	5.03e-02
 6.49389e+16	6.54e-01	3.45e-01	1.46e-03	0.00e+00	0.00e+00	0.00e+00	0.00e+00	0.00e+00	0.00e+00	5.23e-01	7.97e-02	5.09e-02
 6.49967e+16	6.65e-01	3.33e-01	1.28e-03	0.00e+00	0.00e+00	0.00e+00	0.00e+00	0.00e+00	0.00e+00	5.34e-01	8.00e-02	5.14e-02
 6.50496e+16	6.76e-01	3.22e-01	1.14e-03	0.00e+00	0.00e+00	0.00e+00	0.00e+00	0.00e+00	0.00e+00	5.45e-01	8.01e-02	5.18e-02
 6.51037e+16	6.87e-01	3.12e-01	1.00e-03	0.00e+00	0.00e+00	0.00e+00	0.00e+00	0.00e+00	0.00e+00	5.55e-01	8.02e-02	5.21e-02
 6.51598e+16	6.99e-01	3.00e-01	8.78e-04	0.00e+00	0.00e+00	0.00e+00	0.00e+00	0.00e+00	0.00e+00	5.66e-01	8.02e-02	5.25e-02
 6.52159e+16	7.10e-01	2.89e-01	7.67e-04	0.00e+00	0.00e+00	0.00e+00	0.00e+00	0.00e+00	0.00e+00	5.77e-01	8.02e-02	5.28e-02
 6.52691e+16	7.21e-01	2.79e-01	6.74e-04	0.00e+00	0.00e+00	0.00e+00	0.00e+00	0.00e+00	0.00e+00	5.87e-01	8.01e-02	5.30e-02
 6.53212e+16	7.31e-01	2.68e-01	5.92e-04	0.00e+00	0.00e+00	0.00e+00	0.00e+00	0.00e+00	0.00e+00	5.98e-01	7.99e-02	5.32e-02
 6.53738e+16	7.41e-01	2.59e-01	5.20e-04	0.00e+00	0.00e+00	0.00e+00	0.00e+00	0.00e+00	0.00e+00	6.08e-01	7.97e-02	5.34e-02
 6.54267e+16	7.51e-01	2.49e-01	4.54e-04	0.00e+00	0.00e+00	0.00e+00	0.00e+00	0.00e+00	0.00e+00	6.18e-01	7.94e-02	5.35e-02
 6.54792e+16	7.61e-01	2.39e-01	3.96e-04	0.00e+00	0.00e+00	0.00e+00	0.00e+00	0.00e+00	0.00e+00	6.28e-01	7.90e-02	5.36e-02
 6.55299e+16	7.70e-01	2.30e-01	3.47e-04	0.00e+00	0.00e+00	0.00e+00	0.00e+00	0.00e+00	0.00e+00	6.38e-01	7.86e-02	5.36e-02
 6.55802e+16	7.79e-01	2.21e-01	3.04e-04	0.00e+00	0.00e+00	0.00e+00	0.00e+00	0.00e+00	0.00e+00	6.47e-01	7.82e-02	5.36e-02
 6.56309e+16	7.88e-01	2.12e-01	2.65e-04	0.00e+00	0.00e+00	0.00e+00	0.00e+00	0.00e+00	0.00e+00	6.56e-01	7.77e-02	5.35e-02
 6.56815e+16	7.97e-01	2.03e-01	2.31e-04	0.00e+00	0.00e+00	0.00e+00	0.00e+00	0.00e+00	0.00e+00	6.66e-01	7.71e-02	5.35e-02
 6.57311e+16	8.05e-01	1.95e-01	2.02e-04	0.00e+00	0.00e+00	0.00e+00	0.00e+00	0.00e+00	0.00e+00	6.75e-01	7.66e-02	5.34e-02
 6.57802e+16	8.13e-01	1.87e-01	1.76e-04	0.00e+00	0.00e+00	0.00e+00	0.00e+00	0.00e+00	0.00e+00	6.83e-01	7.60e-02	5.32e-02
 6.58296e+16	8.21e-01	1.79e-01	1.53e-04	0.00e+00	0.00e+00	0.00e+00	0.00e+00	0.00e+00	0.00e+00	6.92e-01	7.53e-02	5.30e-02
 6.58781e+16	8.28e-01	1.72e-01	1.33e-04	0.00e+00	0.00e+00	0.00e+00	0.00e+00	0.00e+00	0.00e+00	7.01e-01	7.47e-02	5.28e-02
 6.59259e+16	8.35e-01	1.65e-01	1.16e-04	0.00e+00	0.00e+00	0.00e+00	0.00e+00	0.00e+00	0.00e+00	7.09e-01	7.40e-02	5.26e-02
 6.59740e+16	8.42e-01	1.57e-01	1.01e-04	0.00e+00	0.00e+00	0.00e+00	0.00e+00	0.00e+00	0.00e+00	7.17e-01	7.33e-02	5.24e-02
 6.60218e+16	8.49e-01	1.51e-01	8.78e-05	0.00e+00	0.00e+00	0.00e+00	0.00e+00	0.00e+00	0.00e+00	7.24e-01	7.26e-02	5.21e-02
 6.60684e+16	8.56e-01	1.44e-01	7.65e-05	0.00e+00	0.00e+00	0.00e+00	0.00e+00	0.00e+00	0.00e+00	7.32e-01	7.18e-02	5.18e-02
 6.61147e+16	8.62e-01	1.38e-01	6.66e-05	0.00e+00	0.00e+00	0.00e+00	0.00e+00	0.00e+00	0.00e+00	7.39e-01	7.11e-02	5.15e-02
 6.61609e+16	8.68e-01	1.32e-01	5.79e-05	0.00e+00	0.00e+00	0.00e+00	0.00e+00	0.00e+00	0.00e+00	7.46e-01	7.03e-02	5.12e-02
 6.62069e+16	8.74e-01	1.26e-01	5.03e-05	0.00e+00	0.00e+00	0.00e+00	0.00e+00	0.00e+00	0.00e+00	7.53e-01	6.96e-02	5.08e-02
 6.62519e+16	8.79e-01	1.21e-01	4.38e-05	0.00e+00	0.00e+00	0.00e+00	0.00e+00	0.00e+00	0.00e+00	7.60e-01	6.88e-02	5.04e-02
 6.62959e+16	8.84e-01	1.16e-01	3.82e-05	0.00e+00	0.00e+00	0.00e+00	0.00e+00	0.00e+00	0.00e+00	7.66e-01	6.81e-02	5.01e-02
 6.63394e+16	8.89e-01	1.11e-01	3.34e-05	0.00e+00	0.00e+00	0.00e+00	0.00e+00	0.00e+00	0.00e+00	7.72e-01	6.73e-02	4.97e-02
 6.63820e+16	8.94e-01	1.06e-01	2.92e-05	0.00e+00	0.00e+00	0.00e+00	0.00e+00	0.00e+00	0.00e+00	7.78e-01	6.66e-02	4.94e-02
 6.64244e+16	8.98e-01	1.02e-01	2.55e-05	0.00e+00	0.00e+00	0.00e+00	0.00e+00	0.00e+00	0.00e+00	7.84e-01	6.59e-02	4.90e-02
 6.64664e+16	9.03e-01	9.72e-02	2.23e-05	0.00e+00	0.00e+00	0.00e+00	0.00e+00	0.00e+00	0.00e+00	7.89e-01	6.52e-02	4.86e-02
 6.65075e+16	9.07e-01	9.31e-02	1.96e-05	0.00e+00	0.00e+00	0.00e+00	0.00e+00	0.00e+00	0.00e+00	7.94e-01	6.45e-02	4.82e-02
 6.65476e+16	9.11e-01	8.92e-02	1.72e-05	0.00e+00	0.00e+00	0.00e+00	0.00e+00	0.00e+00	0.00e+00	7.99e-01	6.38e-02	4.79e-02
 6.65875e+16	9.14e-01	8.56e-02	1.51e-05	0.00e+00	0.00e+00	0.00e+00	0.00e+00	0.00e+00	0.00e+00	8.04e-01	6.31e-02	4.75e-02
 6.66273e+16	9.18e-01	8.19e-02	1.32e-05	0.00e+00	0.00e+00	0.00e+00	0.00e+00	0.00e+00	0.00e+00	8.08e-01	6.25e-02	4.71e-02
 6.66663e+16	9.21e-01	7.86e-02	1.16e-05	0.00e+00	0.00e+00	0.00e+00	0.00e+00	0.00e+00	0.00e+00	8.13e-01	6.19e-02	4.68e-02
 6.67045e+16	9.25e-01	7.54e-02	1.03e-05	0.00e+00	0.00e+00	0.00e+00	0.00e+00	0.00e+00	0.00e+00	8.17e-01	6.12e-02	4.64e-02
 6.67422e+16	9.28e-01	7.23e-02	9.05e-06	0.00e+00	0.00e+00	0.00e+00	0.00e+00	0.00e+00	0.00e+00	8.21e-01	6.06e-02	4.60e-02
 6.67798e+16	9.31e-01	6.93e-02	7.98e-06	0.00e+00	0.00e+00	0.00e+00	0.00e+00	0.00e+00	0.00e+00	8.25e-01	6.00e-02	4.57e-02
 6.68173e+16	9.33e-01	6.65e-02	7.04e-06	0.00e+00	0.00e+00	0.00e+00	0.00e+00	0.00e+00	0.00e+00	8.29e-01	5.95e-02	4.53e-02
 6.68539e+16	9.36e-01	6.38e-02	6.22e-06	0.00e+00	0.00e+00	0.00e+00	0.00e+00	0.00e+00	0.00e+00	8.32e-01	5.89e-02	4.50e-02
 6.68897e+16	9.39e-01	6.12e-02	5.51e-06	0.00e+00	0.00e+00	0.00e+00	0.00e+00	0.00e+00	0.00e+00	8.36e-01	5.83e-02	4.46e-02
 6.69256e+16	9.41e-01	5.88e-02	4.88e-06	0.00e+00	0.00e+00	0.00e+00	0.00e+00	0.00e+00	0.00e+00	8.39e-01	5.78e-02	4.43e-02
 6.69619e+16	9.44e-01	5.63e-02	4.31e-06	0.00e+00	0.00e+00	0.00e+00	0.00e+00	0.00e+00	0.00e+00	8.42e-01	5.73e-02	4.40e-02
 6.69971e+16	9.46e-01	5.41e-02	3.82e-06	0.00e+00	0.00e+00	0.00e+00	0.00e+00	0.00e+00	0.00e+00	8.45e-01	5.68e-02	4.37e-02
 6.70314e+16	9.48e-01	5.19e-02	3.39e-06	0.00e+00	0.00e+00	0.00e+00	0.00e+00	0.00e+00	0.00e+00	8.48e-01	5.63e-02	4.33e-02
 6.70656e+16	9.50e-01	4.99e-02	3.02e-06	0.00e+00	0.00e+00	0.00e+00	0.00e+00	0.00e+00	0.00e+00	8.51e-01	5.58e-02	4.30e-02
 6.71002e+16	9.52e-01	4.79e-02	2.68e-06	0.00e+00	0.00e+00	0.00e+00	0.00e+00	0.00e+00	0.00e+00	8.54e-01	5.54e-02	4.26e-02
 6.71343e+16	9.54e-01	4.60e-02	2.38e-06	0.00e+00	0.00e+00	0.00e+00	0.00e+00	0.00e+00	0.00e+00	8.57e-01	5.49e-02	4.23e-02
 6.71676e+16	9.56e-01	4.42e-02	2.12e-06	0.00e+00	0.00e+00	0.00e+00	0.00e+00	0.00e+00	0.00e+00	8.59e-01	5.44e-02	4.19e-02
 6.72003e+16	9.58e-01	4.24e-02	1.89e-06	0.00e+00	0.00e+00	0.00e+00	0.00e+00	0.00e+00	0.00e+00	8.62e-01	5.40e-02	4.16e-02
 6.72333e+16	9.59e-01	4.07e-02	1.68e-06	0.00e+00	0.00e+00	0.00e+00	0.00e+00	0.00e+00	0.00e+00	8.64e-01	5.36e-02	4.13e-02
 6.72666e+16	9.61e-01	3.91e-02	1.50e-06	0.00e+00	0.00e+00	0.00e+00	0.00e+00	0.00e+00	0.00e+00	8.67e-01	5.31e-02	4.10e-02
 6.72992e+16	9.62e-01	3.75e-02	1.34e-06	0.00e+00	0.00e+00	0.00e+00	0.00e+00	0.00e+00	0.00e+00	8.69e-01	5.27e-02	4.07e-02
 6.73308e+16	9.64e-01	3.61e-02	1.20e-06	0.00e+00	0.00e+00	0.00e+00	0.00e+00	0.00e+00	0.00e+00	8.71e-01	5.24e-02	4.04e-02
 6.73618e+16	9.65e-01	3.47e-02	1.07e-06	0.00e+00	0.00e+00	0.00e+00	0.00e+00	0.00e+00	0.00e+00	8.73e-01	5.20e-02	4.01e-02
 6.73932e+16	9.67e-01	3.34e-02	9.61e-07	0.00e+00	0.00e+00	0.00e+00	0.00e+00	0.00e+00	0.00e+00	8.75e-01	5.16e-02	3.98e-02
 6.74249e+16	9.68e-01	3.20e-02	8.58e-07	0.00e+00	0.00e+00	0.00e+00	0.00e+00	0.00e+00	0.00e+00	8.77e-01	5.13e-02	3.95e-02
 6.74563e+16	9.69e-01	3.07e-02	7.68e-07	0.00e+00	0.00e+00	0.00e+00	0.00e+00	0.00e+00	0.00e+00	8.79e-01	5.09e-02	3.93e-02
 6.74869e+16	9.71e-01	2.95e-02	6.89e-07	0.00e+00	0.00e+00	0.00e+00	0.00e+00	0.00e+00	0.00e+00	8.81e-01	5.06e-02	3.90e-02
 6.75168e+16	9.72e-01	2.83e-02	6.20e-07	0.00e+00	0.00e+00	0.00e+00	0.00e+00	0.00e+00	0.00e+00	8.83e-01	5.02e-02	3.87e-02
 6.75469e+16	9.73e-01	2.72e-02	5.57e-07	0.00e+00	0.00e+00	0.00e+00	0.00e+00	0.00e+00	0.00e+00	8.84e-01	4.99e-02	3.85e-02
 6.75769e+16	9.74e-01	2.61e-02	5.00e-07	0.00e+00	0.00e+00	0.00e+00	0.00e+00	0.00e+00	0.00e+00	8.86e-01	4.96e-02	3.82e-02
 6.76062e+16	9.75e-01	2.50e-02	4.51e-07	0.00e+00	0.00e+00	0.00e+00	0.00e+00	0.00e+00	0.00e+00	8.88e-01	4.93e-02	3.80e-02
 6.76349e+16	9.76e-01	2.40e-02	4.07e-07	0.00e+00	0.00e+00	0.00e+00	0.00e+00	0.00e+00	0.00e+00	8.89e-01	4.90e-02	3.78e-02
 6.76630e+16	9.77e-01	2.31e-02	3.69e-07	0.00e+00	0.00e+00	0.00e+00	0.00e+00	0.00e+00	0.00e+00	8.91e-01	4.87e-02	3.75e-02
 6.76895e+16	9.78e-01	2.22e-02	3.36e-07	0.00e+00	0.00e+00	0.00e+00	0.00e+00	0.00e+00	0.00e+00	8.92e-01	4.85e-02	3.73e-02
 6.77136e+16	9.79e-01	2.15e-02	3.09e-07	0.00e+00	0.00e+00	0.00e+00	0.00e+00	0.00e+00	0.00e+00	8.93e-01	4.82e-02	3.71e-02
 6.77354e+16	9.79e-01	2.08e-02	2.86e-07	0.00e+00	0.00e+00	0.00e+00	0.00e+00	0.00e+00	0.00e+00	8.94e-01	4.80e-02	3.69e-02
 6.77556e+16	9.80e-01	2.02e-02	2.67e-07	0.00e+00	0.00e+00	0.00e+00	0.00e+00	0.00e+00	0.00e+00	8.95e-01	4.78e-02	3.68e-02
 6.77743e+16	9.80e-01	1.97e-02	2.50e-07	0.00e+00	0.00e+00	0.00e+00	0.00e+00	0.00e+00	0.00e+00	8.96e-01	4.76e-02	3.66e-02
 6.77920e+16	9.81e-01	1.92e-02	2.36e-07	0.00e+00	0.00e+00	0.00e+00	0.00e+00	0.00e+00	0.00e+00	8.97e-01	4.75e-02	3.65e-02
 6.78086e+16	9.81e-01	1.87e-02	2.22e-07	0.00e+00	0.00e+00	0.00e+00	0.00e+00	0.00e+00	0.00e+00	8.98e-01	4.73e-02	3.63e-02
 6.78236e+16	9.82e-01	1.83e-02	2.11e-07	0.00e+00	0.00e+00	0.00e+00	0.00e+00	0.00e+00	0.00e+00	8.98e-01	4.71e-02	3.62e-02
 6.78375e+16	9.82e-01	1.79e-02	2.01e-07	0.00e+00	0.00e+00	0.00e+00	0.00e+00	0.00e+00	0.00e+00	8.99e-01	4.70e-02	3.61e-02
 6.78507e+16	9.82e-01	1.75e-02	1.92e-07	0.00e+00	0.00e+00	0.00e+00	0.00e+00	0.00e+00	0.00e+00	9.00e-01	4.69e-02	3.60e-02
 6.78633e+16	9.83e-01	1.72e-02	1.84e-07	0.00e+00	0.00e+00	0.00e+00	0.00e+00	0.00e+00	0.00e+00	9.00e-01	4.67e-02	3.59e-02
 6.78753e+16	9.83e-01	1.68e-02	1.77e-07	0.00e+00	0.00e+00	0.00e+00	0.00e+00	0.00e+00	0.00e+00	9.01e-01	4.66e-02	3.57e-02
 6.78865e+16	9.83e-01	1.65e-02	1.70e-07	0.00e+00	0.00e+00	0.00e+00	0.00e+00	0.00e+00	0.00e+00	9.01e-01	4.65e-02	3.56e-02
 6.78971e+16	9.84e-01	1.62e-02	1.64e-07	0.00e+00	0.00e+00	0.00e+00	0.00e+00	0.00e+00	0.00e+00	9.02e-01	4.63e-02	3.55e-02
 6.79072e+16	9.84e-01	1.59e-02	1.58e-07	0.00e+00	0.00e+00	0.00e+00	0.00e+00	0.00e+00	0.00e+00	9.02e-01	4.62e-02	3.54e-02
 6.79168e+16	9.84e-01	1.57e-02	1.53e-07	0.00e+00	0.00e+00	0.00e+00	0.00e+00	0.00e+00	0.00e+00	9.03e-01	4.61e-02	3.53e-02
 6.79259e+16	9.85e-01	1.54e-02	1.48e-07	0.00e+00	0.00e+00	0.00e+00	0.00e+00	0.00e+00	0.00e+00	9.03e-01	4.60e-02	3.52e-02
 6.79347e+16	9.85e-01	1.51e-02	1.43e-07	0.00e+00	0.00e+00	0.00e+00	0.00e+00	0.00e+00	0.00e+00	9.04e-01	4.59e-02	3.51e-02
 6.79431e+16	9.85e-01	1.49e-02	1.39e-07	0.00e+00	0.00e+00	0.00e+00	0.00e+00	0.00e+00	0.00e+00	9.04e-01	4.58e-02	3.50e-02
 6.79512e+16	9.85e-01	1.47e-02	1.35e-07	0.00e+00	0.00e+00	0.00e+00	0.00e+00	0.00e+00	0.00e+00	9.05e-01	4.57e-02	3.50e-02
 6.79591e+16	9.86e-01	1.44e-02	1.31e-07	0.00e+00	0.00e+00	0.00e+00	0.00e+00	0.00e+00	0.00e+00	9.05e-01	4.55e-02	3.49e-02
 6.79667e+16	9.86e-01	1.42e-02	1.28e-07	0.00e+00	0.00e+00	0.00e+00	0.00e+00	0.00e+00	0.00e+00	9.06e-01	4.54e-02	3.48e-02
 6.79742e+16	9.86e-01	1.40e-02	1.24e-07	0.00e+00	0.00e+00	0.00e+00	0.00e+00	0.00e+00	0.00e+00	9.06e-01	4.53e-02	3.47e-02
 6.79816e+16	9.86e-01	1.37e-02	1.21e-07	0.00e+00	0.00e+00	0.00e+00	0.00e+00	0.00e+00	0.00e+00	9.06e-01	4.52e-02	3.46e-02
 6.79889e+16	9.86e-01	1.35e-02	1.18e-07	0.00e+00	0.00e+00	0.00e+00	0.00e+00	0.00e+00	0.00e+00	9.07e-01	4.51e-02	3.45e-02
 6.79962e+16	9.87e-01	1.33e-02	1.15e-07	0.00e+00	0.00e+00	0.00e+00	0.00e+00	0.00e+00	0.00e+00	9.07e-01	4.50e-02	3.44e-02
 6.80038e+16	9.87e-01	1.30e-02	1.11e-07	0.00e+00	0.00e+00	0.00e+00	0.00e+00	0.00e+00	0.00e+00	9.08e-01	4.48e-02	3.42e-02
 6.80116e+16	9.87e-01	1.28e-02	1.08e-07	0.00e+00	0.00e+00	0.00e+00	0.00e+00	0.00e+00	0.00e+00	9.08e-01	4.47e-02	3.41e-02
 6.80199e+16	9.88e-01	1.25e-02	1.05e-07	0.00e+00	0.00e+00	0.00e+00	0.00e+00	0.00e+00	0.00e+00	9.09e-01	4.46e-02	3.40e-02
 6.80287e+16	9.88e-01	1.22e-02	1.01e-07	0.00e+00	0.00e+00	0.00e+00	0.00e+00	0.00e+00	0.00e+00	9.10e-01	4.44e-02	3.38e-02
 6.80375e+16	9.88e-01	1.18e-02	9.74e-08	0.00e+00	0.00e+00	0.00e+00	0.00e+00	0.00e+00	0.00e+00	9.10e-01	4.42e-02	3.37e-02
 6.80455e+16	9.88e-01	1.16e-02	9.43e-08	0.00e+00	0.00e+00	0.00e+00	0.00e+00	0.00e+00	0.00e+00	9.11e-01	4.40e-02	3.35e-02
 6.80528e+16	9.89e-01	1.13e-02	9.15e-08	0.00e+00	0.00e+00	0.00e+00	0.00e+00	0.00e+00	0.00e+00	9.12e-01	4.39e-02	3.34e-02
 6.80597e+16	9.89e-01	1.10e-02	8.88e-08	0.00e+00	0.00e+00	0.00e+00	0.00e+00	0.00e+00	0.00e+00	9.12e-01	4.37e-02	3.32e-02
 6.80662e+16	9.89e-01	1.08e-02	8.64e-08	0.00e+00	0.00e+00	0.00e+00	0.00e+00	0.00e+00	0.00e+00	9.13e-01	4.35e-02	3.31e-02
 6.80722e+16	9.89e-01	1.06e-02	8.42e-08	0.00e+00	0.00e+00	0.00e+00	0.00e+00	0.00e+00	0.00e+00	9.13e-01	4.34e-02	3.29e-02
 6.80776e+16	9.90e-01	1.04e-02	8.22e-08	0.00e+00	0.00e+00	0.00e+00	0.00e+00	0.00e+00	0.00e+00	9.14e-01	4.32e-02	3.28e-02
 6.80825e+16	9.90e-01	1.02e-02	8.04e-08	0.00e+00	0.00e+00	0.00e+00	0.00e+00	0.00e+00	0.00e+00	9.14e-01	4.31e-02	3.27e-02
 6.80870e+16	9.90e-01	1.01e-02	7.88e-08	0.00e+00	0.00e+00	0.00e+00	0.00e+00	0.00e+00	0.00e+00	9.14e-01	4.30e-02	3.26e-02
 6.80911e+16	9.90e-01	9.92e-03	7.73e-08	0.00e+00	0.00e+00	0.00e+00	0.00e+00	0.00e+00	0.00e+00	9.15e-01	4.29e-02	3.25e-02
 6.80948e+16	9.90e-01	9.79e-03	7.60e-08	0.00e+00	0.00e+00	0.00e+00	0.00e+00	0.00e+00	0.00e+00	9.15e-01	4.28e-02	3.24e-02
 6.80988e+16	9.90e-01	9.65e-03	7.45e-08	0.00e+00	0.00e+00	0.00e+00	0.00e+00	0.00e+00	0.00e+00	9.15e-01	4.27e-02	3.23e-02
 6.81032e+16	9.91e-01	9.50e-03	7.29e-08	0.00e+00	0.00e+00	0.00e+00	0.00e+00	0.00e+00	0.00e+00	9.16e-01	4.25e-02	3.22e-02
 6.81072e+16	9.91e-01	9.37e-03	7.16e-08	0.00e+00	0.00e+00	0.00e+00	0.00e+00	0.00e+00	0.00e+00	9.16e-01	4.24e-02	3.21e-02
 6.81116e+16	9.91e-01	9.22e-03	7.00e-08	0.00e+00	0.00e+00	0.00e+00	0.00e+00	0.00e+00	0.00e+00	9.17e-01	4.22e-02	3.19e-02
 6.81163e+16	9.91e-01	9.06e-03	6.83e-08	0.00e+00	0.00e+00	0.00e+00	0.00e+00	0.00e+00	0.00e+00	9.17e-01	4.21e-02	3.18e-02
 6.81206e+16	9.91e-01	8.92e-03	6.69e-08	0.00e+00	0.00e+00	0.00e+00	0.00e+00	0.00e+00	0.00e+00	9.17e-01	4.19e-02	3.17e-02
 6.81245e+16	9.91e-01	8.80e-03	6.56e-08	0.00e+00	0.00e+00	0.00e+00	0.00e+00	0.00e+00	0.00e+00	9.18e-01	4.18e-02	3.16e-02
 6.81288e+16	9.91e-01	8.65e-03	6.41e-08	0.00e+00	0.00e+00	0.00e+00	0.00e+00	0.00e+00	0.00e+00	9.18e-01	4.16e-02	3.15e-02
 6.81335e+16	9.91e-01	8.50e-03	6.25e-08	0.00e+00	0.00e+00	0.00e+00	0.00e+00	0.00e+00	0.00e+00	9.19e-01	4.15e-02	3.13e-02
 6.81377e+16	9.92e-01	8.38e-03	6.12e-08	0.00e+00	0.00e+00	0.00e+00	0.00e+00	0.00e+00	0.00e+00	9.19e-01	4.13e-02	3.12e-02
 6.81415e+16	9.92e-01	8.27e-03	6.00e-08	0.00e+00	0.00e+00	0.00e+00	0.00e+00	0.00e+00	0.00e+00	9.19e-01	4.12e-02	3.11e-02
 6.81457e+16	9.92e-01	8.17e-03	5.87e-08	0.00e+00	0.00e+00	0.00e+00	0.00e+00	0.00e+00	0.00e+00	9.20e-01	4.11e-02	3.10e-02
 6.81512e+16	9.92e-01	8.02e-03	5.71e-08	0.00e+00	0.00e+00	0.00e+00	0.00e+00	0.00e+00	0.00e+00	9.20e-01	4.10e-02	3.09e-02
 6.81570e+16	9.92e-01	7.87e-03	5.53e-08	0.00e+00	0.00e+00	0.00e+00	0.00e+00	0.00e+00	0.00e+00	9.21e-01	4.08e-02	3.07e-02
 6.81624e+16	9.92e-01	7.74e-03	5.38e-08	0.00e+00	0.00e+00	0.00e+00	0.00e+00	0.00e+00	0.00e+00	9.21e-01	4.07e-02	3.06e-02
 6.81673e+16	9.92e-01	7.63e-03	5.25e-08	0.00e+00	0.00e+00	0.00e+00	0.00e+00	0.00e+00	0.00e+00	9.21e-01	4.05e-02	3.05e-02
 6.81726e+16	9.93e-01	7.49e-03	5.10e-08	0.00e+00	0.00e+00	0.00e+00	0.00e+00	0.00e+00	0.00e+00	9.22e-01	4.04e-02	3.04e-02
 6.81784e+16	9.93e-01	7.34e-03	4.93e-08	0.00e+00	0.00e+00	0.00e+00	0.00e+00	0.00e+00	0.00e+00	9.22e-01	4.02e-02	3.02e-02
 6.81837e+16	9.93e-01	7.20e-03	4.78e-08	0.00e+00	0.00e+00	0.00e+00	0.00e+00	0.00e+00	0.00e+00	9.23e-01	4.01e-02	3.01e-02
