#depth	H	H+	H2
 1.49528e+12	1.02e-03	9.99e-01	6.83e-14
 8.97168e+12	1.02e-03	9.99e-01	6.84e-14
 3.88773e+13	1.02e-03	9.99e-01	6.86e-14
 1.58500e+14	1.02e-03	9.99e-01	6.93e-14
 3.78605e+14	1.01e-03	9.99e-01	6.99e-14
 6.64742e+14	1.00e-03	9.99e-01	7.10e-14
 1.03672e+15	9.94e-04	9.99e-01	7.28e-14
 1.52029e+15	9.90e-04	9.99e-01	7.55e-14
 2.14893e+15	9.93e-04	9.99e-01	7.96e-14
 2.86834e+15	9.96e-04	9.99e-01	8.45e-14
 3.54459e+15	1.00e-03	9.99e-01	8.94e-14
 4.12338e+15	1.01e-03	9.99e-01	9.38e-14
 4.65295e+15	1.02e-03	9.99e-01	9.91e-14
 5.25772e+15	1.04e-03	9.99e-01	1.06e-13
 6.04392e+15	1.08e-03	9.99e-01	1.16e-13
 6.91112e+15	1.11e-03	9.99e-01	1.27e-13
 7.88362e+15	1.16e-03	9.99e-01	1.39e-13
 9.14788e+15	1.22e-03	9.99e-01	1.57e-13
 1.07914e+16	1.30e-03	9.99e-01	1.80e-13
 1.29280e+16	1.43e-03	9.99e-01	2.13e-13
 1.48424e+16	1.54e-03	9.98e-01	2.45e-13
 1.63267e+16	1.64e-03	9.98e-01	2.73e-13
 1.79593e+16	1.78e-03	9.98e-01	3.08e-13
 1.97553e+16	1.94e-03	9.98e-01	3.49e-13
 2.17308e+16	2.14e-03	9.98e-01	4.02e-13
 2.39039e+16	2.40e-03	9.98e-01	4.66e-13
 2.62943e+16	2.73e-03	9.97e-01	5.48e-13
 2.89237e+16	3.15e-03	9.97e-01	6.51e-13
 3.08415e+16	3.53e-03	9.96e-01	7.61e-13
 3.16834e+16	3.72e-03	9.96e-01	8.15e-13
 3.23765e+16	3.88e-03	9.96e-01	8.51e-13
 3.32776e+16	4.10e-03	9.96e-01	9.05e-13
 3.44490e+16	4.41e-03	9.96e-01	9.75e-13
 3.56738e+16	4.77e-03	9.95e-01	1.07e-12
 3.66887e+16	5.10e-03	9.95e-01	1.15e-12
 3.75773e+16	5.41e-03	9.95e-01	1.23e-12
 3.85811e+16	5.79e-03	9.94e-01	1.31e-12
 3.96698e+16	6.24e-03	9.94e-01	1.42e-12
 4.06287e+16	6.69e-03	9.93e-01	1.53e-12
 4.14749e+16	7.12e-03	9.93e-01	1.63e-12
 4.24149e+16	7.64e-03	9.92e-01	1.75e-12
 4.34290e+16	8.26e-03	9.92e-01	1.89e-12
 4.43134e+16	8.87e-03	9.91e-01	2.05e-12
 4.50934e+16	9.46e-03	9.91e-01	2.19e-12
 4.59638e+16	1.02e-02	9.90e-01	2.34e-12
 4.69092e+16	1.11e-02	9.89e-01	2.56e-12
 4.77367e+16	1.20e-02	9.88e-01	2.78e-12
 4.84618e+16	1.28e-02	9.87e-01	2.98e-12
 4.92691e+16	1.39e-02	9.86e-01	3.23e-12
 5.01428e+16	1.52e-02	9.85e-01	3.53e-12
 5.09083e+16	1.65e-02	9.84e-01	3.85e-12
 5.15751e+16	1.78e-02	9.82e-01	4.19e-12
 5.23082e+16	1.94e-02	9.81e-01	4.59e-12
 5.30839e+16	2.14e-02	9.79e-01	5.10e-12
 5.37281e+16	2.33e-02	9.77e-01	5.60e-12
 5.42695e+16	2.52e-02	9.75e-01	6.07e-12
 5.48639e+16	2.75e-02	9.73e-01	6.67e-12
 5.55079e+16	3.04e-02	9.70e-01	7.46e-12
 5.60635e+16	3.33e-02	9.67e-01	8.27e-12
 5.65349e+16	3.61e-02	9.64e-01	9.06e-12
 5.70500e+16	3.98e-02	9.60e-01	1.01e-11
 5.76061e+16	4.44e-02	9.56e-01	1.14e-11
 5.80832e+16	4.92e-02	9.51e-01	1.28e-11
 5.84882e+16	5.39e-02	9.46e-01	1.43e-11
 5.89321e+16	5.99e-02	9.40e-01	1.61e-11
 5.94191e+16	6.79e-02	9.32e-01	1.87e-11
 5.98477e+16	7.66e-02	9.23e-01	2.15e-11
 6.01725e+16	8.45e-02	9.16e-01	2.42e-11
 6.04189e+16	9.10e-02	9.09e-01	2.64e-11
 6.06811e+16	9.91e-02	9.01e-01	2.94e-11
 6.09734e+16	1.10e-01	8.90e-01	3.32e-11
 6.12359e+16	1.21e-01	8.79e-01	3.74e-11
 6.14555e+16	1.31e-01	8.69e-01	4.12e-11
 6.16880e+16	1.43e-01	8.57e-01	4.62e-11
 6.19376e+16	1.59e-01	8.41e-01	5.26e-11
 6.21489e+16	1.74e-01	8.26e-01	5.91e-11
 6.23253e+16	1.87e-01	8.13e-01	6.51e-11
 6.25167e+16	2.04e-01	7.96e-01	7.29e-11
 6.27257e+16	2.24e-01	7.76e-01	8.28e-11
 6.29085e+16	2.44e-01	7.56e-01	9.31e-11
 6.30643e+16	2.62e-01	7.38e-01	1.03e-10
 6.32339e+16	2.85e-01	7.15e-01	1.16e-10
 6.34180e+16	3.11e-01	6.89e-01	1.31e-10
 6.35816e+16	3.37e-01	6.63e-01	1.47e-10
 6.37256e+16	3.60e-01	6.40e-01	1.63e-10
 6.38708e+16	3.86e-01	6.14e-01	1.81e-10
 6.40332e+16	4.16e-01	5.84e-01	2.04e-10
 6.41884e+16	4.47e-01	5.53e-01	2.30e-10
 6.43129e+16	4.73e-01	5.27e-01	2.52e-10
 6.44199e+16	4.94e-01	5.06e-01	2.73e-10
 6.45254e+16	5.17e-01	4.83e-01	2.96e-10
 6.46305e+16	5.40e-01	4.60e-01	3.21e-10
 6.47109e+16	5.57e-01	4.43e-01	3.40e-10
 6.47620e+16	5.67e-01	4.33e-01	3.52e-10
 6.48120e+16	5.77e-01	4.23e-01	3.66e-10
 6.48738e+16	5.90e-01	4.10e-01	3.83e-10
 6.49389e+16	6.05e-01	3.95e-01	4.03e-10
 6.49967e+16	6.17e-01	3.83e-01	4.20e-10
 6.50496e+16	6.29e-01	3.71e-01	4.38e-10
 6.51037e+16	6.40e-01	3.60e-01	4.56e-10
 6.51598e+16	6.52e-01	3.48e-01	4.76e-10
 6.52159e+16	6.65e-01	3.35e-01	4.97e-10
 6.52691e+16	6.76e-01	3.24e-01	5.17e-10
 6.53212e+16	6.87e-01	3.13e-01	5.39e-10
 6.53738e+16	6.98e-01	3.02e-01	5.59e-10
 6.54267e+16	7.09e-01	2.91e-01	5.83e-10
 6.54792e+16	7.20e-01	2.80e-01	6.08e-10
 6.55299e+16	7.30e-01	2.70e-01	6.31e-10
 6.55802e+16	7.40e-01	2.60e-01	6.57e-10
 6.56309e+16	7.50e-01	2.50e-01	6.81e-10
 6.56815e+16	7.59e-01	2.41e-01	7.10e-10
 6.57311e+16	7.68e-01	2.32e-01	7.36e-10
 6.57802e+16	7.78e-01	2.22e-01	7.65e-10
 6.58296e+16	7.87e-01	2.13e-01	7.96e-10
 6.58781e+16	7.95e-01	2.05e-01	8.26e-10
 6.59259e+16	8.03e-01	1.97e-01	8.56e-10
 6.59740e+16	8.11e-01	1.89e-01	8.92e-10
 6.60218e+16	8.19e-01	1.81e-01	9.22e-10
 6.60684e+16	8.26e-01	1.74e-01	9.60e-10
 6.61147e+16	8.34e-01	1.66e-01	9.97e-10
 6.61609e+16	8.41e-01	1.59e-01	1.04e-09
 6.62069e+16	8.47e-01	1.53e-01	1.07e-09
 6.62519e+16	8.54e-01	1.46e-01	1.12e-09
 6.62959e+16	8.60e-01	1.40e-01	1.16e-09
 6.63394e+16	8.66e-01	1.34e-01	1.20e-09
 6.63820e+16	8.71e-01	1.29e-01	1.25e-09
 6.64244e+16	8.76e-01	1.24e-01	1.29e-09
 6.64664e+16	8.82e-01	1.18e-01	1.34e-09
 6.65075e+16	8.86e-01	1.14e-01	1.39e-09
 6.65476e+16	8.91e-01	1.09e-01	1.45e-09
 6.65875e+16	8.95e-01	1.05e-01	1.50e-09
 6.66273e+16	9.00e-01	1.00e-01	1.56e-09
 6.66663e+16	9.04e-01	9.63e-02	1.61e-09
 6.67045e+16	9.08e-01	9.24e-02	1.68e-09
 6.67422e+16	9.11e-01	8.87e-02	1.75e-09
 6.67798e+16	9.15e-01	8.51e-02	1.82e-09
 6.68173e+16	9.18e-01	8.18e-02	1.89e-09
 6.68539e+16	9.22e-01	7.85e-02	1.97e-09
 6.68897e+16	9.25e-01	7.54e-02	2.05e-09
 6.69256e+16	9.28e-01	7.24e-02	2.14e-09
 6.69619e+16	9.30e-01	6.95e-02	2.24e-09
 6.69971e+16	9.33e-01	6.67e-02	2.34e-09
 6.70314e+16	9.36e-01	6.42e-02	2.44e-09
 6.70656e+16	9.38e-01	6.17e-02	2.55e-09
 6.71002e+16	9.41e-01	5.93e-02	2.67e-09
 6.71343e+16	9.43e-01	5.69e-02	2.81e-09
 6.71676e+16	9.45e-01	5.48e-02	2.96e-09
 6.72003e+16	9.47e-01	5.26e-02	3.12e-09
 6.72333e+16	9.49e-01	5.06e-02	3.29e-09
 6.72666e+16	9.51e-01	4.86e-02	3.48e-09
 6.72992e+16	9.53e-01	4.67e-02	3.69e-09
 6.73308e+16	9.55e-01	4.49e-02	3.92e-09
 6.73618e+16	9.57e-01	4.32e-02	4.17e-09
 6.73932e+16	9.58e-01	4.16e-02	4.44e-09
 6.74249e+16	9.60e-01	3.99e-02	4.77e-09
 6.74563e+16	9.62e-01	3.83e-02	5.15e-09
 6.74869e+16	9.63e-01	3.68e-02	5.57e-09
 6.75168e+16	9.65e-01	3.54e-02	6.04e-09
 6.75469e+16	9.66e-01	3.40e-02	6.61e-09
 6.75769e+16	9.67e-01	3.26e-02	7.28e-09
 6.76062e+16	9.69e-01	3.14e-02	8.06e-09
 6.76349e+16	9.70e-01	3.02e-02	8.99e-09
 6.76630e+16	9.71e-01	2.90e-02	1.01e-08
 6.76895e+16	9.72e-01	2.79e-02	1.14e-08
 6.77136e+16	9.73e-01	2.70e-02	1.27e-08
 6.77354e+16	9.74e-01	2.62e-02	1.43e-08
 6.77556e+16	9.75e-01	2.55e-02	1.60e-08
 6.77743e+16	9.75e-01	2.48e-02	1.79e-08
 6.77920e+16	9.76e-01	2.42e-02	2.01e-08
 6.78086e+16	9.76e-01	2.36e-02	2.25e-08
 6.78236e+16	9.77e-01	2.31e-02	2.52e-08
 6.78375e+16	9.77e-01	2.26e-02	2.82e-08
 6.78507e+16	9.78e-01	2.22e-02	3.15e-08
 6.78633e+16	9.78e-01	2.18e-02	3.52e-08
 6.78753e+16	9.79e-01	2.14e-02	3.94e-08
 6.78865e+16	9.79e-01	2.10e-02	4.41e-08
 6.78971e+16	9.79e-01	2.06e-02	4.92e-08
 6.79072e+16	9.80e-01	2.03e-02	5.50e-08
 6.79168e+16	9.80e-01	1.99e-02	6.14e-08
 6.79259e+16	9.80e-01	1.96e-02	6.86e-08
 6.79347e+16	9.81e-01	1.93e-02	7.65e-08
 6.79431e+16	9.81e-01	1.90e-02	8.54e-08
 6.79512e+16	9.81e-01	1.87e-02	9.52e-08
 6.79591e+16	9.82e-01	1.84e-02	1.06e-07
 6.79667e+16	9.82e-01	1.81e-02	1.18e-07
 6.79742e+16	9.82e-01	1.79e-02	1.32e-07
 6.79816e+16	9.82e-01	1.76e-02	1.46e-07
 6.79889e+16	9.83e-01	1.73e-02	1.62e-07
 6.79962e+16	9.83e-01	1.70e-02	1.79e-07
 6.80038e+16	9.83e-01	1.67e-02	1.98e-07
 6.80116e+16	9.84e-01	1.64e-02	2.19e-07
 6.80199e+16	9.84e-01	1.61e-02	2.41e-07
 6.80287e+16	9.84e-01	1.57e-02	2.65e-07
 6.80375e+16	9.85e-01	1.53e-02	2.86e-07
 6.80455e+16	9.85e-01	1.50e-02	3.03e-07
 6.80528e+16	9.85e-01	1.47e-02	3.17e-07
 6.80597e+16	9.86e-01	1.44e-02	3.28e-07
 6.80662e+16	9.86e-01	1.41e-02	3.38e-07
 6.80722e+16	9.86e-01	1.38e-02	3.45e-07
 6.80776e+16	9.86e-01	1.36e-02	3.51e-07
 6.80825e+16	9.87e-01	1.34e-02	3.56e-07
 6.80870e+16	9.87e-01	1.32e-02	3.61e-07
 6.80911e+16	9.87e-01	1.31e-02	3.65e-07
 6.80948e+16	9.87e-01	1.29e-02	3.69e-07
 6.80988e+16	9.87e-01	1.27e-02	3.73e-07
 6.81032e+16	9.87e-01	1.26e-02	3.78e-07
 6.81072e+16	9.88e-01	1.24e-02	3.82e-07
 6.81116e+16	9.88e-01	1.22e-02	3.86e-07
 6.81163e+16	9.88e-01	1.20e-02	3.92e-07
 6.81206e+16	9.88e-01	1.19e-02	3.96e-07
 6.81245e+16	9.88e-01	1.17e-02	4.01e-07
 6.81288e+16	9.88e-01	1.16e-02	4.06e-07
 6.81335e+16	9.89e-01	1.14e-02	4.12e-07
 6.81377e+16	9.89e-01	1.12e-02	4.17e-07
 6.81415e+16	9.89e-01	1.11e-02	4.22e-07
 6.81457e+16	9.89e-01	1.10e-02	4.26e-07
 6.81512e+16	9.89e-01	1.08e-02	4.32e-07
 6.81570e+16	9.89e-01	1.06e-02	4.39e-07
 6.81624e+16	9.90e-01	1.05e-02	4.45e-07
 6.81673e+16	9.90e-01	1.04e-02	4.50e-07
 6.81726e+16	9.90e-01	1.02e-02	4.57e-07
 6.81784e+16	9.90e-01	1.00e-02	4.65e-07
 6.81837e+16	9.90e-01	9.85e-03	4.72e-07
