#depth	O	O+	O+2	O+3	O+4	O+5	O+6	O+7	O+8	O[1]	O[2]	O[3]
 4.75974e+11	6.00e-06	9.34e-03	9.01e-01	8.94e-02	1.20e-05	0.00e+00	0.00e+00	0.00e+00	0.00e+00	4.39e-06	1.06e-06	5.49e-07
 2.85585e+12	5.98e-06	9.33e-03	9.01e-01	8.93e-02	1.20e-05	0.00e+00	0.00e+00	0.00e+00	0.00e+00	4.38e-06	1.06e-06	5.48e-07
 1.23753e+13	5.98e-06	9.33e-03	9.02e-01	8.83e-02	1.18e-05	0.00e+00	0.00e+00	0.00e+00	0.00e+00	4.38e-06	1.06e-06	5.48e-07
 5.04533e+13	6.02e-06	9.38e-03	9.06e-01	8.45e-02	1.10e-05	0.00e+00	0.00e+00	0.00e+00	0.00e+00	4.40e-06	1.07e-06	5.53e-07
 1.20517e+14	6.01e-06	9.42e-03	9.11e-01	7.92e-02	9.87e-06	0.00e+00	0.00e+00	0.00e+00	0.00e+00	4.38e-06	1.07e-06	5.53e-07
 2.11599e+14	6.02e-06	9.48e-03	9.18e-01	7.25e-02	8.56e-06	0.00e+00	0.00e+00	0.00e+00	0.00e+00	4.39e-06	1.07e-06	5.54e-07
 3.30006e+14	6.05e-06	9.57e-03	9.26e-01	6.45e-02	7.08e-06	0.00e+00	0.00e+00	0.00e+00	0.00e+00	4.42e-06	1.08e-06	5.58e-07
 4.83936e+14	6.09e-06	9.67e-03	9.35e-01	5.51e-02	5.52e-06	0.00e+00	0.00e+00	0.00e+00	0.00e+00	4.45e-06	1.08e-06	5.61e-07
 6.84044e+14	6.15e-06	9.79e-03	9.46e-01	4.46e-02	3.95e-06	0.00e+00	0.00e+00	0.00e+00	0.00e+00	4.49e-06	1.09e-06	5.66e-07
 9.44185e+14	6.25e-06	9.96e-03	9.56e-01	3.36e-02	2.53e-06	0.00e+00	0.00e+00	0.00e+00	0.00e+00	4.57e-06	1.11e-06	5.75e-07
 1.28237e+15	6.38e-06	1.01e-02	9.67e-01	2.29e-02	1.40e-06	0.00e+00	0.00e+00	0.00e+00	0.00e+00	4.66e-06	1.13e-06	5.87e-07
 1.72201e+15	6.57e-06	1.04e-02	9.76e-01	1.38e-02	6.38e-07	0.00e+00	0.00e+00	0.00e+00	0.00e+00	4.80e-06	1.16e-06	6.03e-07
 2.29353e+15	6.82e-06	1.06e-02	9.82e-01	7.05e-03	2.28e-07	0.00e+00	0.00e+00	0.00e+00	0.00e+00	4.98e-06	1.21e-06	6.25e-07
 3.03652e+15	7.15e-06	1.10e-02	9.86e-01	2.99e-03	0.00e+00	0.00e+00	0.00e+00	0.00e+00	0.00e+00	5.23e-06	1.26e-06	6.55e-07
 4.00241e+15	7.61e-06	1.13e-02	9.88e-01	1.02e-03	0.00e+00	0.00e+00	0.00e+00	0.00e+00	0.00e+00	5.57e-06	1.34e-06	6.96e-07
 5.25806e+15	8.30e-06	1.18e-02	9.88e-01	2.76e-04	0.00e+00	0.00e+00	0.00e+00	0.00e+00	0.00e+00	6.08e-06	1.46e-06	7.58e-07
 6.89040e+15	9.29e-06	1.25e-02	9.87e-01	6.01e-05	0.00e+00	0.00e+00	0.00e+00	0.00e+00	0.00e+00	6.81e-06	1.64e-06	8.48e-07
 8.71413e+15	1.05e-05	1.33e-02	9.87e-01	1.41e-05	0.00e+00	0.00e+00	0.00e+00	0.00e+00	0.00e+00	7.67e-06	1.85e-06	9.57e-07
 1.04609e+16	1.18e-05	1.40e-02	9.86e-01	5.03e-06	0.00e+00	0.00e+00	0.00e+00	0.00e+00	0.00e+00	8.66e-06	2.09e-06	1.08e-06
 1.24060e+16	1.38e-05	1.50e-02	9.85e-01	2.46e-06	0.00e+00	0.00e+00	0.00e+00	0.00e+00	0.00e+00	1.01e-05	2.44e-06	1.27e-06
 1.41806e+16	1.57e-05	1.59e-02	9.84e-01	1.69e-06	0.00e+00	0.00e+00	0.00e+00	0.00e+00	0.00e+00	1.15e-05	2.78e-06	1.44e-06
 1.55987e+16	1.76e-05	1.67e-02	9.83e-01	1.40e-06	0.00e+00	0.00e+00	0.00e+00	0.00e+00	0.00e+00	1.29e-05	3.13e-06	1.63e-06
 1.71586e+16	2.01e-05	1.76e-02	9.82e-01	1.22e-06	0.00e+00	0.00e+00	0.00e+00	0.00e+00	0.00e+00	1.47e-05	3.58e-06	1.86e-06
 1.88744e+16	2.34e-05	1.87e-02	9.81e-01	1.10e-06	0.00e+00	0.00e+00	0.00e+00	0.00e+00	0.00e+00	1.70e-05	4.18e-06	2.17e-06
 2.07148e+16	2.76e-05	1.99e-02	9.80e-01	1.02e-06	0.00e+00	0.00e+00	0.00e+00	0.00e+00	0.00e+00	2.00e-05	4.95e-06	2.58e-06
 2.25033e+16	3.26e-05	2.13e-02	9.79e-01	9.63e-07	0.00e+00	0.00e+00	0.00e+00	0.00e+00	0.00e+00	2.36e-05	5.89e-06	3.07e-06
 2.41129e+16	3.82e-05	2.26e-02	9.77e-01	9.29e-07	0.00e+00	0.00e+00	0.00e+00	0.00e+00	0.00e+00	2.77e-05	6.94e-06	3.62e-06
 2.55810e+16	4.45e-05	2.40e-02	9.76e-01	9.12e-07	0.00e+00	0.00e+00	0.00e+00	0.00e+00	0.00e+00	3.21e-05	8.12e-06	4.24e-06
 2.68958e+16	5.13e-05	2.53e-02	9.75e-01	9.00e-07	0.00e+00	0.00e+00	0.00e+00	0.00e+00	0.00e+00	3.70e-05	9.41e-06	4.91e-06
 2.80698e+16	5.85e-05	2.66e-02	9.73e-01	8.96e-07	0.00e+00	0.00e+00	0.00e+00	0.00e+00	0.00e+00	4.21e-05	1.08e-05	5.63e-06
 2.92281e+16	6.68e-05	2.81e-02	9.72e-01	9.00e-07	0.00e+00	0.00e+00	0.00e+00	0.00e+00	0.00e+00	4.79e-05	1.24e-05	6.45e-06
 3.03978e+16	7.67e-05	2.97e-02	9.70e-01	9.05e-07	0.00e+00	0.00e+00	0.00e+00	0.00e+00	0.00e+00	5.50e-05	1.43e-05	7.45e-06
 3.15139e+16	8.81e-05	3.14e-02	9.69e-01	9.12e-07	0.00e+00	0.00e+00	0.00e+00	0.00e+00	0.00e+00	6.30e-05	1.65e-05	8.55e-06
 3.25596e+16	1.01e-04	3.32e-02	9.67e-01	9.19e-07	0.00e+00	0.00e+00	0.00e+00	0.00e+00	0.00e+00	7.21e-05	1.90e-05	9.81e-06
 3.35600e+16	1.15e-04	3.51e-02	9.65e-01	9.28e-07	0.00e+00	0.00e+00	0.00e+00	0.00e+00	0.00e+00	8.23e-05	2.18e-05	1.12e-05
 3.45425e+16	1.32e-04	3.73e-02	9.63e-01	9.37e-07	0.00e+00	0.00e+00	0.00e+00	0.00e+00	0.00e+00	9.42e-05	2.50e-05	1.28e-05
 3.55086e+16	1.52e-04	3.96e-02	9.60e-01	9.44e-07	0.00e+00	0.00e+00	0.00e+00	0.00e+00	0.00e+00	1.08e-04	2.89e-05	1.48e-05
 3.64548e+16	1.75e-04	4.22e-02	9.58e-01	9.49e-07	0.00e+00	0.00e+00	0.00e+00	0.00e+00	0.00e+00	1.24e-04	3.35e-05	1.70e-05
 3.73768e+16	2.02e-04	4.51e-02	9.55e-01	9.50e-07	0.00e+00	0.00e+00	0.00e+00	0.00e+00	0.00e+00	1.43e-04	3.88e-05	1.96e-05
 3.82622e+16	2.33e-04	4.83e-02	9.52e-01	9.45e-07	0.00e+00	0.00e+00	0.00e+00	0.00e+00	0.00e+00	1.66e-04	4.51e-05	2.27e-05
 3.90812e+16	2.69e-04	5.16e-02	9.48e-01	9.35e-07	0.00e+00	0.00e+00	0.00e+00	0.00e+00	0.00e+00	1.90e-04	5.21e-05	2.61e-05
 3.98183e+16	3.07e-04	5.50e-02	9.45e-01	9.20e-07	0.00e+00	0.00e+00	0.00e+00	0.00e+00	0.00e+00	2.17e-04	5.96e-05	2.98e-05
 4.04818e+16	3.47e-04	5.84e-02	9.41e-01	9.02e-07	0.00e+00	0.00e+00	0.00e+00	0.00e+00	0.00e+00	2.46e-04	6.75e-05	3.37e-05
 4.10788e+16	3.90e-04	6.18e-02	9.38e-01	8.81e-07	0.00e+00	0.00e+00	0.00e+00	0.00e+00	0.00e+00	2.76e-04	7.58e-05	3.78e-05
 4.16162e+16	4.35e-04	6.52e-02	9.34e-01	8.63e-07	0.00e+00	0.00e+00	0.00e+00	0.00e+00	0.00e+00	3.08e-04	8.45e-05	4.21e-05
 4.21030e+16	4.81e-04	6.85e-02	9.31e-01	8.38e-07	0.00e+00	0.00e+00	0.00e+00	0.00e+00	0.00e+00	3.41e-04	9.36e-05	4.66e-05
 4.25675e+16	5.31e-04	7.20e-02	9.28e-01	8.11e-07	0.00e+00	0.00e+00	0.00e+00	0.00e+00	0.00e+00	3.76e-04	1.03e-04	5.14e-05
 4.30321e+16	5.89e-04	7.57e-02	9.24e-01	7.87e-07	0.00e+00	0.00e+00	0.00e+00	0.00e+00	0.00e+00	4.17e-04	1.15e-04	5.69e-05
 4.34966e+16	6.55e-04	7.99e-02	9.19e-01	7.58e-07	0.00e+00	0.00e+00	0.00e+00	0.00e+00	0.00e+00	4.64e-04	1.27e-04	6.33e-05
 4.39611e+16	7.32e-04	8.44e-02	9.15e-01	7.24e-07	0.00e+00	0.00e+00	0.00e+00	0.00e+00	0.00e+00	5.19e-04	1.42e-04	7.06e-05
 4.44256e+16	8.20e-04	8.93e-02	9.10e-01	6.92e-07	0.00e+00	0.00e+00	0.00e+00	0.00e+00	0.00e+00	5.81e-04	1.59e-04	7.90e-05
 4.48902e+16	9.24e-04	9.48e-02	9.04e-01	6.57e-07	0.00e+00	0.00e+00	0.00e+00	0.00e+00	0.00e+00	6.55e-04	1.80e-04	8.91e-05
 4.53547e+16	1.05e-03	1.01e-01	8.98e-01	6.17e-07	0.00e+00	0.00e+00	0.00e+00	0.00e+00	0.00e+00	7.42e-04	2.03e-04	1.01e-04
 4.58192e+16	1.19e-03	1.08e-01	8.91e-01	5.77e-07	0.00e+00	0.00e+00	0.00e+00	0.00e+00	0.00e+00	8.46e-04	2.32e-04	1.15e-04
 4.62520e+16	1.36e-03	1.15e-01	8.84e-01	5.37e-07	0.00e+00	0.00e+00	0.00e+00	0.00e+00	0.00e+00	9.66e-04	2.64e-04	1.31e-04
