#depth	He	He+	He+2
 6.22650e+11	3.35e-04	3.79e-01	6.21e-01
 3.73590e+12	3.35e-04	3.79e-01	6.21e-01
 1.61889e+13	3.36e-04	3.79e-01	6.20e-01
 6.60009e+13	3.39e-04	3.83e-01	6.17e-01
 1.57655e+14	3.42e-04	3.85e-01	6.14e-01
 2.76805e+14	3.48e-04	3.91e-01	6.09e-01
 4.31701e+14	3.57e-04	4.00e-01	5.99e-01
 6.33065e+14	3.72e-04	4.16e-01	5.84e-01
 8.94838e+14	3.94e-04	4.39e-01	5.61e-01
 1.23514e+15	4.26e-04	4.74e-01	5.26e-01
 1.67754e+15	4.74e-04	5.26e-01	4.74e-01
 2.25266e+15	5.44e-04	6.03e-01	3.97e-01
 3.00031e+15	6.45e-04	7.10e-01	2.89e-01
 3.83696e+15	7.54e-04	8.22e-01	1.77e-01
 4.62007e+15	8.35e-04	9.00e-01	9.90e-02
 5.46886e+15	8.99e-04	9.50e-01	4.94e-02
 6.57229e+15	9.52e-04	9.80e-01	1.94e-02
 8.00675e+15	1.00e-03	9.93e-01	5.93e-03
 9.87155e+15	1.05e-03	9.98e-01	1.42e-03
 1.22958e+16	1.12e-03	9.99e-01	2.73e-04
 1.43493e+16	1.17e-03	9.99e-01	7.59e-05
 1.57842e+16	1.21e-03	9.99e-01	3.40e-05
 1.73627e+16	1.26e-03	9.99e-01	1.50e-05
 1.90989e+16	1.32e-03	9.99e-01	6.54e-06
 2.10088e+16	1.39e-03	9.99e-01	2.88e-06
 2.31097e+16	1.46e-03	9.99e-01	1.29e-06
 2.54207e+16	1.56e-03	9.98e-01	5.95e-07
 2.79627e+16	1.67e-03	9.98e-01	2.84e-07
 3.06188e+16	1.80e-03	9.98e-01	1.45e-07
 3.31249e+16	1.94e-03	9.98e-01	8.28e-08
 3.48765e+16	2.06e-03	9.98e-01	5.92e-08
 3.58197e+16	2.12e-03	9.98e-01	4.96e-08
 3.66784e+16	2.18e-03	9.98e-01	4.18e-08
 3.77947e+16	2.27e-03	9.98e-01	3.38e-08
 3.92459e+16	2.39e-03	9.98e-01	2.60e-08
 4.06650e+16	2.52e-03	9.97e-01	2.07e-08
 4.16741e+16	2.62e-03	9.97e-01	1.77e-08
 4.24725e+16	2.71e-03	9.97e-01	1.56e-08
 4.33652e+16	2.81e-03	9.97e-01	1.35e-08
 4.45258e+16	2.94e-03	9.97e-01	1.13e-08
 4.56921e+16	3.11e-03	9.97e-01	9.63e-09
 4.65659e+16	3.24e-03	9.97e-01	8.57e-09
 4.72686e+16	3.36e-03	9.97e-01	7.79e-09
 4.80488e+16	3.49e-03	9.97e-01	6.99e-09
 4.90631e+16	3.67e-03	9.96e-01	6.10e-09
 5.00804e+16	3.89e-03	9.96e-01	5.39e-09
 5.08408e+16	4.08e-03	9.96e-01	4.93e-09
 5.14555e+16	4.24e-03	9.96e-01	4.58e-09
 5.21417e+16	4.42e-03	9.96e-01	4.21e-09
 5.30337e+16	4.69e-03	9.95e-01	3.78e-09
 5.39363e+16	5.01e-03	9.95e-01	3.43e-09
 5.46253e+16	5.30e-03	9.95e-01	3.18e-09
 5.51877e+16	5.56e-03	9.94e-01	3.00e-09
 5.58129e+16	5.86e-03	9.94e-01	2.80e-09
 5.66257e+16	6.31e-03	9.94e-01	2.56e-09
 5.74228e+16	6.85e-03	9.93e-01	2.36e-09
 5.79842e+16	7.30e-03	9.93e-01	2.24e-09
 5.84146e+16	7.69e-03	9.92e-01	2.14e-09
 5.88900e+16	8.14e-03	9.92e-01	2.04e-09
 5.95082e+16	8.82e-03	9.91e-01	1.92e-09
 6.01331e+16	9.67e-03	9.90e-01	1.81e-09
 6.06024e+16	1.04e-02	9.90e-01	1.73e-09
 6.09749e+16	1.11e-02	9.89e-01	1.67e-09
 6.13858e+16	1.20e-02	9.88e-01	1.61e-09
 6.19199e+16	1.33e-02	9.87e-01	1.53e-09
 6.24496e+16	1.49e-02	9.85e-01	1.47e-09
 6.28376e+16	1.64e-02	9.84e-01	1.42e-09
 6.31498e+16	1.77e-02	9.82e-01	1.39e-09
 6.34991e+16	1.95e-02	9.80e-01	1.35e-09
 6.38570e+16	2.17e-02	9.78e-01	1.32e-09
 6.41321e+16	2.38e-02	9.76e-01	1.31e-09
 6.43463e+16	2.57e-02	9.74e-01	1.29e-09
 6.45755e+16	2.79e-02	9.72e-01	1.28e-09
 6.48305e+16	3.08e-02	9.69e-01	1.28e-09
 6.50574e+16	3.39e-02	9.66e-01	1.28e-09
 6.52450e+16	3.69e-02	9.63e-01	1.28e-09
 6.54139e+16	3.98e-02	9.60e-01	1.29e-09
 6.56042e+16	4.38e-02	9.56e-01	1.31e-09
 6.58089e+16	4.86e-02	9.51e-01	1.34e-09
 6.59818e+16	5.35e-02	9.46e-01	1.37e-09
 6.61242e+16	5.80e-02	9.42e-01	1.41e-09
 6.62772e+16	6.36e-02	9.36e-01	1.45e-09
 6.64464e+16	7.07e-02	9.29e-01	1.51e-09
 6.65969e+16	7.80e-02	9.22e-01	1.59e-09
 6.67260e+16	8.49e-02	9.15e-01	1.68e-09
 6.68656e+16	9.37e-02	9.06e-01	1.77e-09
 6.70187e+16	1.04e-01	8.96e-01	1.92e-09
 6.71556e+16	1.16e-01	8.84e-01	2.07e-09
 6.72738e+16	1.27e-01	8.73e-01	2.22e-09
 6.73848e+16	1.38e-01	8.62e-01	2.37e-09
 6.74936e+16	1.51e-01	8.49e-01	2.57e-09
 6.75937e+16	1.64e-01	8.36e-01	2.75e-09
 6.76834e+16	1.76e-01	8.24e-01	2.95e-09
 6.77532e+16	1.86e-01	8.14e-01	3.11e-09
 6.77992e+16	1.94e-01	8.06e-01	3.22e-09
 6.78424e+16	2.01e-01	7.99e-01	3.32e-09
 6.78948e+16	2.11e-01	7.89e-01	3.45e-09
 6.79512e+16	2.21e-01	7.79e-01	3.61e-09
 6.80030e+16	2.30e-01	7.70e-01	3.78e-09
 6.80506e+16	2.40e-01	7.60e-01	3.92e-09
 6.80979e+16	2.50e-01	7.50e-01	4.08e-09
 6.81464e+16	2.60e-01	7.40e-01	4.24e-09
 6.81949e+16	2.71e-01	7.29e-01	4.43e-09
 6.82420e+16	2.82e-01	7.18e-01	4.59e-09
 6.82881e+16	2.93e-01	7.07e-01	4.79e-09
 6.83342e+16	3.05e-01	6.95e-01	4.97e-09
 6.83806e+16	3.17e-01	6.83e-01	5.17e-09
 6.84259e+16	3.29e-01	6.71e-01	5.37e-09
 6.84701e+16	3.41e-01	6.59e-01	5.58e-09
 6.85148e+16	3.54e-01	6.46e-01	5.77e-09
 6.85593e+16	3.67e-01	6.33e-01	6.00e-09
 6.86033e+16	3.80e-01	6.20e-01	6.21e-09
 6.86470e+16	3.94e-01	6.06e-01	6.43e-09
 6.86897e+16	4.08e-01	5.92e-01	6.65e-09
 6.87320e+16	4.21e-01	5.79e-01	6.87e-09
 6.87748e+16	4.36e-01	5.64e-01	7.08e-09
 6.88172e+16	4.50e-01	5.50e-01	7.33e-09
 6.88590e+16	4.64e-01	5.36e-01	7.55e-09
 6.89007e+16	4.79e-01	5.21e-01	7.77e-09
 6.89416e+16	4.93e-01	5.07e-01	7.99e-09
 6.89821e+16	5.08e-01	4.92e-01	8.22e-09
 6.90226e+16	5.23e-01	4.77e-01	8.44e-09
 6.90627e+16	5.37e-01	4.63e-01	8.65e-09
 6.91021e+16	5.52e-01	4.48e-01	8.86e-09
 6.91407e+16	5.66e-01	4.34e-01	9.07e-09
 6.91784e+16	5.80e-01	4.20e-01	9.26e-09
 6.92154e+16	5.94e-01	4.06e-01	9.44e-09
 6.92523e+16	6.07e-01	3.93e-01	9.62e-09
 6.92889e+16	6.21e-01	3.79e-01	9.81e-09
 6.93246e+16	6.34e-01	3.66e-01	9.97e-09
 6.93593e+16	6.47e-01	3.53e-01	1.01e-08
 6.93939e+16	6.59e-01	3.41e-01	1.03e-08
 6.94285e+16	6.71e-01	3.29e-01	1.04e-08
 6.94624e+16	6.83e-01	3.17e-01	1.06e-08
 6.94953e+16	6.95e-01	3.05e-01	1.07e-08
 6.95278e+16	7.06e-01	2.94e-01	1.08e-08
 6.95607e+16	7.17e-01	2.83e-01	1.09e-08
 6.95933e+16	7.28e-01	2.72e-01	1.10e-08
 6.96250e+16	7.39e-01	2.61e-01	1.11e-08
 6.96561e+16	7.49e-01	2.51e-01	1.12e-08
 6.96870e+16	7.59e-01	2.41e-01	1.13e-08
 6.97174e+16	7.68e-01	2.32e-01	1.13e-08
 6.97474e+16	7.77e-01	2.23e-01	1.14e-08
 6.97776e+16	7.86e-01	2.14e-01	1.14e-08
 6.98079e+16	7.95e-01	2.05e-01	1.15e-08
 6.98371e+16	8.03e-01	1.97e-01	1.16e-08
 6.98654e+16	8.11e-01	1.89e-01	1.16e-08
 6.98943e+16	8.18e-01	1.82e-01	1.16e-08
 6.99234e+16	8.26e-01	1.74e-01	1.17e-08
 6.99516e+16	8.33e-01	1.67e-01	1.17e-08
 6.99792e+16	8.40e-01	1.60e-01	1.17e-08
 7.00067e+16	8.46e-01	1.54e-01	1.16e-08
 7.00347e+16	8.53e-01	1.47e-01	1.16e-08
 7.00626e+16	8.59e-01	1.41e-01	1.16e-08
 7.00895e+16	8.65e-01	1.35e-01	1.17e-08
 7.01153e+16	8.70e-01	1.30e-01	1.17e-08
 7.01407e+16	8.75e-01	1.25e-01	1.16e-08
 7.01671e+16	8.81e-01	1.19e-01	1.16e-08
 7.01937e+16	8.86e-01	1.14e-01	1.15e-08
 7.02191e+16	8.90e-01	1.10e-01	1.15e-08
 7.02437e+16	8.95e-01	1.05e-01	1.15e-08
 7.02682e+16	8.99e-01	1.01e-01	1.14e-08
 7.02930e+16	9.03e-01	9.69e-02	1.13e-08
 7.03173e+16	9.07e-01	9.29e-02	1.13e-08
 7.03400e+16	9.11e-01	8.94e-02	1.12e-08
 7.03609e+16	9.14e-01	8.62e-02	1.11e-08
 7.03801e+16	9.17e-01	8.34e-02	1.11e-08
 7.03975e+16	9.19e-01	8.09e-02	1.10e-08
 7.04139e+16	9.21e-01	7.85e-02	1.09e-08
 7.04294e+16	9.24e-01	7.63e-02	1.08e-08
 7.04437e+16	9.26e-01	7.44e-02	1.08e-08
 7.04569e+16	9.27e-01	7.26e-02	1.07e-08
 7.04693e+16	9.29e-01	7.09e-02	1.06e-08
 7.04813e+16	9.31e-01	6.93e-02	1.05e-08
 7.04928e+16	9.32e-01	6.79e-02	1.04e-08
 7.05037e+16	9.34e-01	6.65e-02	1.04e-08
 7.05140e+16	9.35e-01	6.52e-02	1.03e-08
 7.05237e+16	9.36e-01	6.40e-02	1.02e-08
 7.05331e+16	9.37e-01	6.28e-02	1.02e-08
 7.05422e+16	9.38e-01	6.17e-02	1.01e-08
 7.05507e+16	9.39e-01	6.07e-02	1.00e-08
 7.05592e+16	9.40e-01	5.97e-02	9.93e-09
 7.05679e+16	9.41e-01	5.87e-02	9.85e-09
 7.05763e+16	9.42e-01	5.77e-02	9.78e-09
 7.05845e+16	9.43e-01	5.68e-02	9.70e-09
 7.05928e+16	9.44e-01	5.58e-02	9.61e-09
 7.06012e+16	9.45e-01	5.49e-02	9.52e-09
 7.06101e+16	9.46e-01	5.38e-02	9.42e-09
 7.06195e+16	9.47e-01	5.28e-02	9.31e-09
 7.06287e+16	9.48e-01	5.18e-02	9.20e-09
 7.06372e+16	9.49e-01	5.09e-02	9.11e-09
 7.06450e+16	9.50e-01	5.00e-02	8.99e-09
 7.06521e+16	9.51e-01	4.92e-02	8.89e-09
 7.06589e+16	9.52e-01	4.85e-02	8.80e-09
 7.06656e+16	9.52e-01	4.77e-02	8.69e-09
 7.06721e+16	9.53e-01	4.70e-02	8.59e-09
 7.06780e+16	9.54e-01	4.63e-02	8.49e-09
 7.06833e+16	9.54e-01	4.57e-02	8.40e-09
 7.06882e+16	9.55e-01	4.52e-02	8.30e-09
 7.06926e+16	9.55e-01	4.47e-02	8.23e-09
 7.06966e+16	9.56e-01	4.43e-02	8.17e-09
 7.07011e+16	9.56e-01	4.37e-02	8.08e-09
 7.07058e+16	9.57e-01	4.32e-02	8.00e-09
 7.07102e+16	9.57e-01	4.27e-02	7.93e-09
 7.07141e+16	9.58e-01	4.23e-02	7.86e-09
 7.07185e+16	9.58e-01	4.18e-02	7.76e-09
 7.07231e+16	9.59e-01	4.13e-02	7.69e-09
 7.07274e+16	9.59e-01	4.08e-02	7.62e-09
 7.07313e+16	9.60e-01	4.04e-02	7.56e-09
 7.07355e+16	9.60e-01	3.99e-02	7.46e-09
 7.07401e+16	9.61e-01	3.95e-02	7.39e-09
 7.07443e+16	9.61e-01	3.91e-02	7.33e-09
 7.07488e+16	9.61e-01	3.86e-02	7.26e-09
 7.07548e+16	9.62e-01	3.80e-02	7.18e-09
 7.07612e+16	9.63e-01	3.74e-02	7.09e-09
 7.07670e+16	9.63e-01	3.69e-02	7.02e-09
 7.07723e+16	9.64e-01	3.64e-02	6.96e-09
