#depth	O	O+	O+2	O+3	O+4	O+5	O+6	O+7	O+8	O[1]	O[2]	O[3]
 6.22650e+11	3.19e-06	4.38e-03	5.36e-01	4.58e-01	1.57e-03	0.00e+00	0.00e+00	0.00e+00	0.00e+00	2.38e-06	5.19e-07	2.83e-07
 3.73590e+12	3.18e-06	4.37e-03	5.37e-01	4.57e-01	1.57e-03	0.00e+00	0.00e+00	0.00e+00	0.00e+00	2.38e-06	5.17e-07	2.82e-07
 1.61889e+13	3.18e-06	4.38e-03	5.38e-01	4.56e-01	1.56e-03	0.00e+00	0.00e+00	0.00e+00	0.00e+00	2.38e-06	5.18e-07	2.83e-07
 6.60009e+13	3.21e-06	4.43e-03	5.44e-01	4.50e-01	1.51e-03	0.00e+00	0.00e+00	0.00e+00	0.00e+00	2.40e-06	5.24e-07	2.86e-07
 1.57655e+14	3.21e-06	4.48e-03	5.54e-01	4.40e-01	1.43e-03	0.00e+00	0.00e+00	0.00e+00	0.00e+00	2.40e-06	5.25e-07	2.86e-07
 2.76805e+14	3.24e-06	4.55e-03	5.66e-01	4.28e-01	1.33e-03	0.00e+00	0.00e+00	0.00e+00	0.00e+00	2.42e-06	5.29e-07	2.88e-07
 4.31701e+14	3.29e-06	4.66e-03	5.83e-01	4.12e-01	1.22e-03	0.00e+00	0.00e+00	0.00e+00	0.00e+00	2.46e-06	5.36e-07	2.92e-07
 6.33065e+14	3.36e-06	4.81e-03	6.04e-01	3.90e-01	1.08e-03	0.00e+00	0.00e+00	0.00e+00	0.00e+00	2.51e-06	5.47e-07	2.98e-07
 8.94838e+14	3.46e-06	5.01e-03	6.33e-01	3.61e-01	9.13e-04	0.00e+00	0.00e+00	0.00e+00	0.00e+00	2.59e-06	5.64e-07	3.07e-07
 1.23514e+15	3.62e-06	5.28e-03	6.72e-01	3.22e-01	7.26e-04	0.00e+00	0.00e+00	0.00e+00	0.00e+00	2.71e-06	5.89e-07	3.21e-07
 1.67754e+15	3.85e-06	5.66e-03	7.21e-01	2.73e-01	5.26e-04	0.00e+00	0.00e+00	0.00e+00	0.00e+00	2.88e-06	6.25e-07	3.41e-07
 2.25266e+15	4.18e-06	6.17e-03	7.83e-01	2.10e-01	3.28e-04	0.00e+00	0.00e+00	0.00e+00	0.00e+00	3.13e-06	6.78e-07	3.70e-07
 3.00031e+15	4.65e-06	6.83e-03	8.54e-01	1.39e-01	1.60e-04	0.00e+00	0.00e+00	0.00e+00	0.00e+00	3.48e-06	7.54e-07	4.11e-07
 3.83696e+15	5.12e-06	7.46e-03	9.14e-01	7.89e-02	6.29e-05	0.00e+00	0.00e+00	0.00e+00	0.00e+00	3.83e-06	8.30e-07	4.52e-07
 4.62007e+15	5.52e-06	7.93e-03	9.49e-01	4.28e-02	2.34e-05	0.00e+00	0.00e+00	0.00e+00	0.00e+00	4.14e-06	8.93e-07	4.87e-07
 5.46886e+15	5.99e-06	8.37e-03	9.71e-01	2.11e-02	7.44e-06	0.00e+00	0.00e+00	0.00e+00	0.00e+00	4.49e-06	9.68e-07	5.28e-07
 6.57229e+15	6.54e-06	8.81e-03	9.83e-01	8.44e-03	1.66e-06	0.00e+00	0.00e+00	0.00e+00	0.00e+00	4.91e-06	1.06e-06	5.75e-07
 8.00675e+15	7.25e-06	9.29e-03	9.88e-01	2.69e-03	2.52e-07	0.00e+00	0.00e+00	0.00e+00	0.00e+00	5.44e-06	1.17e-06	6.37e-07
 9.87155e+15	8.24e-06	9.88e-03	9.89e-01	6.85e-04	0.00e+00	0.00e+00	0.00e+00	0.00e+00	0.00e+00	6.19e-06	1.33e-06	7.23e-07
 1.22958e+16	9.75e-06	1.07e-02	9.89e-01	1.41e-04	0.00e+00	0.00e+00	0.00e+00	0.00e+00	0.00e+00	7.32e-06	1.57e-06	8.56e-07
 1.43493e+16	1.10e-05	1.13e-02	9.89e-01	4.30e-05	0.00e+00	0.00e+00	0.00e+00	0.00e+00	0.00e+00	8.24e-06	1.77e-06	9.64e-07
 1.57842e+16	1.22e-05	1.19e-02	9.88e-01	2.07e-05	0.00e+00	0.00e+00	0.00e+00	0.00e+00	0.00e+00	9.15e-06	1.96e-06	1.07e-06
 1.73627e+16	1.37e-05	1.25e-02	9.87e-01	1.03e-05	0.00e+00	0.00e+00	0.00e+00	0.00e+00	0.00e+00	1.03e-05	2.21e-06	1.21e-06
 1.90989e+16	1.57e-05	1.33e-02	9.87e-01	5.52e-06	0.00e+00	0.00e+00	0.00e+00	0.00e+00	0.00e+00	1.18e-05	2.54e-06	1.39e-06
 2.10088e+16	1.83e-05	1.41e-02	9.86e-01	3.27e-06	0.00e+00	0.00e+00	0.00e+00	0.00e+00	0.00e+00	1.37e-05	2.96e-06	1.62e-06
 2.31097e+16	2.17e-05	1.52e-02	9.85e-01	2.17e-06	0.00e+00	0.00e+00	0.00e+00	0.00e+00	0.00e+00	1.63e-05	3.53e-06	1.94e-06
 2.54207e+16	2.65e-05	1.65e-02	9.83e-01	1.58e-06	0.00e+00	0.00e+00	0.00e+00	0.00e+00	0.00e+00	1.98e-05	4.33e-06	2.38e-06
 2.79627e+16	3.34e-05	1.81e-02	9.82e-01	1.24e-06	0.00e+00	0.00e+00	0.00e+00	0.00e+00	0.00e+00	2.49e-05	5.48e-06	3.01e-06
 3.06188e+16	4.31e-05	2.01e-02	9.80e-01	1.02e-06	0.00e+00	0.00e+00	0.00e+00	0.00e+00	0.00e+00	3.21e-05	7.11e-06	3.91e-06
 3.31249e+16	5.60e-05	2.24e-02	9.78e-01	8.84e-07	0.00e+00	0.00e+00	0.00e+00	0.00e+00	0.00e+00	4.16e-05	9.29e-06	5.12e-06
 3.48765e+16	6.88e-05	2.45e-02	9.75e-01	8.00e-07	0.00e+00	0.00e+00	0.00e+00	0.00e+00	0.00e+00	5.10e-05	1.14e-05	6.31e-06
 3.58197e+16	7.70e-05	2.57e-02	9.74e-01	7.59e-07	0.00e+00	0.00e+00	0.00e+00	0.00e+00	0.00e+00	5.71e-05	1.28e-05	7.08e-06
 3.66784e+16	8.52e-05	2.68e-02	9.73e-01	7.28e-07	0.00e+00	0.00e+00	0.00e+00	0.00e+00	0.00e+00	6.31e-05	1.43e-05	7.86e-06
 3.77947e+16	9.75e-05	2.84e-02	9.72e-01	6.92e-07	0.00e+00	0.00e+00	0.00e+00	0.00e+00	0.00e+00	7.21e-05	1.64e-05	9.02e-06
 3.92459e+16	1.17e-04	3.07e-02	9.69e-01	6.52e-07	0.00e+00	0.00e+00	0.00e+00	0.00e+00	0.00e+00	8.63e-05	1.97e-05	1.09e-05
 4.06650e+16	1.42e-04	3.35e-02	9.66e-01	6.10e-07	0.00e+00	0.00e+00	0.00e+00	0.00e+00	0.00e+00	1.05e-04	2.41e-05	1.33e-05
 4.16741e+16	1.65e-04	3.58e-02	9.64e-01	5.79e-07	0.00e+00	0.00e+00	0.00e+00	0.00e+00	0.00e+00	1.22e-04	2.81e-05	1.55e-05
 4.24725e+16	1.86e-04	3.78e-02	9.62e-01	5.58e-07	0.00e+00	0.00e+00	0.00e+00	0.00e+00	0.00e+00	1.37e-04	3.17e-05	1.75e-05
 4.33652e+16	2.13e-04	4.02e-02	9.60e-01	5.37e-07	0.00e+00	0.00e+00	0.00e+00	0.00e+00	0.00e+00	1.56e-04	3.63e-05	2.00e-05
 4.45258e+16	2.54e-04	4.37e-02	9.56e-01	5.11e-07	0.00e+00	0.00e+00	0.00e+00	0.00e+00	0.00e+00	1.87e-04	4.36e-05	2.40e-05
 4.56921e+16	3.10e-04	4.81e-02	9.52e-01	4.81e-07	0.00e+00	0.00e+00	0.00e+00	0.00e+00	0.00e+00	2.28e-04	5.34e-05	2.93e-05
 4.65659e+16	3.64e-04	5.19e-02	9.48e-01	4.57e-07	0.00e+00	0.00e+00	0.00e+00	0.00e+00	0.00e+00	2.67e-04	6.28e-05	3.44e-05
 4.72686e+16	4.15e-04	5.53e-02	9.44e-01	4.42e-07	0.00e+00	0.00e+00	0.00e+00	0.00e+00	0.00e+00	3.04e-04	7.17e-05	3.91e-05
 4.80488e+16	4.78e-04	5.94e-02	9.40e-01	4.22e-07	0.00e+00	0.00e+00	0.00e+00	0.00e+00	0.00e+00	3.50e-04	8.29e-05	4.52e-05
 4.90631e+16	5.80e-04	6.54e-02	9.34e-01	3.99e-07	0.00e+00	0.00e+00	0.00e+00	0.00e+00	0.00e+00	4.24e-04	1.01e-04	5.48e-05
 5.00804e+16	7.20e-04	7.29e-02	9.26e-01	3.72e-07	0.00e+00	0.00e+00	0.00e+00	0.00e+00	0.00e+00	5.26e-04	1.26e-04	6.80e-05
 5.08408e+16	8.55e-04	7.96e-02	9.20e-01	3.52e-07	0.00e+00	0.00e+00	0.00e+00	0.00e+00	0.00e+00	6.25e-04	1.50e-04	8.09e-05
 5.14555e+16	9.84e-04	8.56e-02	9.13e-01	3.36e-07	0.00e+00	0.00e+00	0.00e+00	0.00e+00	0.00e+00	7.18e-04	1.73e-04	9.30e-05
 5.21417e+16	1.15e-03	9.28e-02	9.06e-01	3.17e-07	0.00e+00	0.00e+00	0.00e+00	0.00e+00	0.00e+00	8.39e-04	2.02e-04	1.09e-04
 5.30337e+16	1.42e-03	1.04e-01	8.95e-01	2.94e-07	0.00e+00	0.00e+00	0.00e+00	0.00e+00	0.00e+00	1.03e-03	2.51e-04	1.34e-04
 5.39363e+16	1.80e-03	1.17e-01	8.81e-01	2.67e-07	0.00e+00	0.00e+00	0.00e+00	0.00e+00	0.00e+00	1.31e-03	3.19e-04	1.70e-04
 5.46253e+16	2.18e-03	1.30e-01	8.68e-01	2.47e-07	0.00e+00	0.00e+00	0.00e+00	0.00e+00	0.00e+00	1.59e-03	3.88e-04	2.07e-04
 5.51877e+16	2.56e-03	1.41e-01	8.56e-01	2.30e-07	0.00e+00	0.00e+00	0.00e+00	0.00e+00	0.00e+00	1.86e-03	4.56e-04	2.42e-04
 5.58129e+16	3.06e-03	1.55e-01	8.41e-01	2.11e-07	0.00e+00	0.00e+00	0.00e+00	0.00e+00	0.00e+00	2.22e-03	5.45e-04	2.89e-04
 5.66257e+16	3.89e-03	1.77e-01	8.19e-01	1.88e-07	0.00e+00	0.00e+00	0.00e+00	0.00e+00	0.00e+00	2.83e-03	6.96e-04	3.68e-04
 5.74228e+16	5.06e-03	2.03e-01	7.92e-01	1.64e-07	0.00e+00	0.00e+00	0.00e+00	0.00e+00	0.00e+00	3.68e-03	9.06e-04	4.78e-04
 5.79842e+16	6.16e-03	2.25e-01	7.69e-01	1.45e-07	0.00e+00	0.00e+00	0.00e+00	0.00e+00	0.00e+00	4.48e-03	1.10e-03	5.81e-04
 5.84146e+16	7.18e-03	2.43e-01	7.50e-01	1.31e-07	0.00e+00	0.00e+00	0.00e+00	0.00e+00	0.00e+00	5.22e-03	1.28e-03	6.77e-04
 5.88900e+16	8.48e-03	2.65e-01	7.26e-01	0.00e+00	0.00e+00	0.00e+00	0.00e+00	0.00e+00	0.00e+00	6.16e-03	1.51e-03	7.98e-04
 5.95082e+16	1.06e-02	2.97e-01	6.92e-01	0.00e+00	0.00e+00	0.00e+00	0.00e+00	0.00e+00	0.00e+00	7.73e-03	1.90e-03	1.00e-03
 6.01331e+16	1.36e-02	3.36e-01	6.50e-01	0.00e+00	0.00e+00	0.00e+00	0.00e+00	0.00e+00	0.00e+00	9.93e-03	2.43e-03	1.28e-03
 6.06024e+16	1.66e-02	3.70e-01	6.14e-01	0.00e+00	0.00e+00	0.00e+00	0.00e+00	0.00e+00	0.00e+00	1.21e-02	2.96e-03	1.56e-03
 6.09749e+16	1.95e-02	3.98e-01	5.83e-01	0.00e+00	0.00e+00	0.00e+00	0.00e+00	0.00e+00	0.00e+00	1.42e-02	3.46e-03	1.82e-03
 6.13858e+16	2.32e-02	4.31e-01	5.46e-01	0.00e+00	0.00e+00	0.00e+00	0.00e+00	0.00e+00	0.00e+00	1.69e-02	4.11e-03	2.17e-03
 6.19199e+16	2.93e-02	4.77e-01	4.93e-01	0.00e+00	0.00e+00	0.00e+00	0.00e+00	0.00e+00	0.00e+00	2.14e-02	5.19e-03	2.74e-03
 6.24496e+16	3.76e-02	5.28e-01	4.34e-01	0.00e+00	0.00e+00	0.00e+00	0.00e+00	0.00e+00	0.00e+00	2.75e-02	6.65e-03	3.52e-03
 6.28376e+16	4.56e-02	5.67e-01	3.88e-01	0.00e+00	0.00e+00	0.00e+00	0.00e+00	0.00e+00	0.00e+00	3.33e-02	8.03e-03	4.25e-03
 6.31498e+16	5.32e-02	5.97e-01	3.49e-01	0.00e+00	0.00e+00	0.00e+00	0.00e+00	0.00e+00	0.00e+00	3.89e-02	9.35e-03	4.95e-03
 6.34991e+16	6.31e-02	6.30e-01	3.07e-01	0.00e+00	0.00e+00	0.00e+00	0.00e+00	0.00e+00	0.00e+00	4.62e-02	1.11e-02	5.87e-03
 6.38570e+16	7.60e-02	6.62e-01	2.62e-01	0.00e+00	0.00e+00	0.00e+00	0.00e+00	0.00e+00	0.00e+00	5.56e-02	1.33e-02	7.06e-03
 6.41321e+16	8.79e-02	6.85e-01	2.27e-01	0.00e+00	0.00e+00	0.00e+00	0.00e+00	0.00e+00	0.00e+00	6.44e-02	1.53e-02	8.15e-03
 6.43463e+16	9.85e-02	7.00e-01	2.01e-01	0.00e+00	0.00e+00	0.00e+00	0.00e+00	0.00e+00	0.00e+00	7.23e-02	1.71e-02	9.12e-03
 6.45755e+16	1.11e-01	7.14e-01	1.75e-01	0.00e+00	0.00e+00	0.00e+00	0.00e+00	0.00e+00	0.00e+00	8.17e-02	1.92e-02	1.03e-02
 6.48305e+16	1.27e-01	7.26e-01	1.47e-01	0.00e+00	0.00e+00	0.00e+00	0.00e+00	0.00e+00	0.00e+00	9.38e-02	2.19e-02	1.18e-02
 6.50574e+16	1.44e-01	7.32e-01	1.24e-01	0.00e+00	0.00e+00	0.00e+00	0.00e+00	0.00e+00	0.00e+00	1.06e-01	2.46e-02	1.33e-02
 6.52450e+16	1.60e-01	7.34e-01	1.05e-01	0.00e+00	0.00e+00	0.00e+00	0.00e+00	0.00e+00	0.00e+00	1.18e-01	2.72e-02	1.47e-02
 6.54139e+16	1.75e-01	7.34e-01	9.10e-02	0.00e+00	0.00e+00	0.00e+00	0.00e+00	0.00e+00	0.00e+00	1.30e-01	2.96e-02	1.61e-02
 6.56042e+16	1.95e-01	7.29e-01	7.59e-02	0.00e+00	0.00e+00	0.00e+00	0.00e+00	0.00e+00	0.00e+00	1.44e-01	3.26e-02	1.78e-02
 6.58089e+16	2.18e-01	7.20e-01	6.12e-02	0.00e+00	0.00e+00	0.00e+00	0.00e+00	0.00e+00	0.00e+00	1.62e-01	3.62e-02	1.99e-02
 6.59818e+16	2.41e-01	7.09e-01	5.01e-02	0.00e+00	0.00e+00	0.00e+00	0.00e+00	0.00e+00	0.00e+00	1.80e-01	3.96e-02	2.19e-02
 6.61242e+16	2.61e-01	6.97e-01	4.23e-02	0.00e+00	0.00e+00	0.00e+00	0.00e+00	0.00e+00	0.00e+00	1.95e-01	4.24e-02	2.35e-02
 6.62772e+16	2.84e-01	6.82e-01	3.47e-02	0.00e+00	0.00e+00	0.00e+00	0.00e+00	0.00e+00	0.00e+00	2.12e-01	4.57e-02	2.55e-02
 6.64464e+16	3.12e-01	6.61e-01	2.74e-02	0.00e+00	0.00e+00	0.00e+00	0.00e+00	0.00e+00	0.00e+00	2.34e-01	4.95e-02	2.79e-02
 6.65969e+16	3.39e-01	6.39e-01	2.19e-02	0.00e+00	0.00e+00	0.00e+00	0.00e+00	0.00e+00	0.00e+00	2.56e-01	5.31e-02	3.01e-02
 6.67260e+16	3.63e-01	6.19e-01	1.80e-02	0.00e+00	0.00e+00	0.00e+00	0.00e+00	0.00e+00	0.00e+00	2.74e-01	5.61e-02	3.20e-02
 6.68656e+16	3.90e-01	5.95e-01	1.43e-02	0.00e+00	0.00e+00	0.00e+00	0.00e+00	0.00e+00	0.00e+00	2.97e-01	5.94e-02	3.42e-02
 6.70187e+16	4.23e-01	5.66e-01	1.09e-02	0.00e+00	0.00e+00	0.00e+00	0.00e+00	0.00e+00	0.00e+00	3.23e-01	6.31e-02	3.68e-02
 6.71556e+16	4.54e-01	5.37e-01	8.46e-03	0.00e+00	0.00e+00	0.00e+00	0.00e+00	0.00e+00	0.00e+00	3.49e-01	6.64e-02	3.91e-02
 6.72738e+16	4.82e-01	5.12e-01	6.72e-03	0.00e+00	0.00e+00	0.00e+00	0.00e+00	0.00e+00	0.00e+00	3.71e-01	6.90e-02	4.10e-02
 6.73848e+16	5.08e-01	4.87e-01	5.36e-03	0.00e+00	0.00e+00	0.00e+00	0.00e+00	0.00e+00	0.00e+00	3.94e-01	7.14e-02	4.28e-02
 6.74936e+16	5.34e-01	4.62e-01	4.26e-03	0.00e+00	0.00e+00	0.00e+00	0.00e+00	0.00e+00	0.00e+00	4.16e-01	7.35e-02	4.45e-02
 6.75937e+16	5.59e-01	4.37e-01	3.41e-03	0.00e+00	0.00e+00	0.00e+00	0.00e+00	0.00e+00	0.00e+00	4.38e-01	7.53e-02	4.61e-02
 6.76834e+16	5.81e-01	4.17e-01	2.79e-03	0.00e+00	0.00e+00	0.00e+00	0.00e+00	0.00e+00	0.00e+00	4.57e-01	7.66e-02	4.73e-02
 6.77532e+16	5.98e-01	4.00e-01	2.37e-03	0.00e+00	0.00e+00	0.00e+00	0.00e+00	0.00e+00	0.00e+00	4.72e-01	7.74e-02	4.82e-02
 6.77992e+16	6.08e-01	3.90e-01	2.14e-03	0.00e+00	0.00e+00	0.00e+00	0.00e+00	0.00e+00	0.00e+00	4.81e-01	7.79e-02	4.88e-02
 6.78424e+16	6.18e-01	3.80e-01	1.93e-03	0.00e+00	0.00e+00	0.00e+00	0.00e+00	0.00e+00	0.00e+00	4.90e-01	7.83e-02	4.93e-02
 6.78948e+16	6.31e-01	3.68e-01	1.69e-03	0.00e+00	0.00e+00	0.00e+00	0.00e+00	0.00e+00	0.00e+00	5.02e-01	7.88e-02	4.99e-02
 6.79512e+16	6.45e-01	3.54e-01	1.47e-03	0.00e+00	0.00e+00	0.00e+00	0.00e+00	0.00e+00	0.00e+00	5.15e-01	7.92e-02	5.05e-02
 6.80030e+16	6.57e-01	3.42e-01	1.29e-03	0.00e+00	0.00e+00	0.00e+00	0.00e+00	0.00e+00	0.00e+00	5.26e-01	7.95e-02	5.10e-02
 6.80506e+16	6.68e-01	3.31e-01	1.14e-03	0.00e+00	0.00e+00	0.00e+00	0.00e+00	0.00e+00	0.00e+00	5.37e-01	7.97e-02	5.14e-02
 6.80979e+16	6.79e-01	3.20e-01	1.01e-03	0.00e+00	0.00e+00	0.00e+00	0.00e+00	0.00e+00	0.00e+00	5.47e-01	7.98e-02	5.18e-02
 6.81464e+16	6.91e-01	3.08e-01	8.86e-04	0.00e+00	0.00e+00	0.00e+00	0.00e+00	0.00e+00	0.00e+00	5.59e-01	7.99e-02	5.22e-02
 6.81949e+16	7.02e-01	2.97e-01	7.77e-04	0.00e+00	0.00e+00	0.00e+00	0.00e+00	0.00e+00	0.00e+00	5.69e-01	7.99e-02	5.25e-02
 6.82420e+16	7.13e-01	2.86e-01	6.82e-04	0.00e+00	0.00e+00	0.00e+00	0.00e+00	0.00e+00	0.00e+00	5.80e-01	7.98e-02	5.27e-02
 6.82881e+16	7.23e-01	2.76e-01	6.00e-04	0.00e+00	0.00e+00	0.00e+00	0.00e+00	0.00e+00	0.00e+00	5.90e-01	7.97e-02	5.30e-02
 6.83342e+16	7.33e-01	2.66e-01	5.26e-04	0.00e+00	0.00e+00	0.00e+00	0.00e+00	0.00e+00	0.00e+00	6.01e-01	7.95e-02	5.32e-02
 6.83806e+16	7.44e-01	2.56e-01	4.60e-04	0.00e+00	0.00e+00	0.00e+00	0.00e+00	0.00e+00	0.00e+00	6.11e-01	7.92e-02	5.33e-02
 6.84259e+16	7.54e-01	2.46e-01	4.03e-04	0.00e+00	0.00e+00	0.00e+00	0.00e+00	0.00e+00	0.00e+00	6.21e-01	7.89e-02	5.34e-02
 6.84701e+16	7.63e-01	2.37e-01	3.53e-04	0.00e+00	0.00e+00	0.00e+00	0.00e+00	0.00e+00	0.00e+00	6.31e-01	7.86e-02	5.35e-02
 6.85148e+16	7.72e-01	2.27e-01	3.09e-04	0.00e+00	0.00e+00	0.00e+00	0.00e+00	0.00e+00	0.00e+00	6.41e-01	7.81e-02	5.35e-02
 6.85593e+16	7.81e-01	2.18e-01	2.70e-04	0.00e+00	0.00e+00	0.00e+00	0.00e+00	0.00e+00	0.00e+00	6.50e-01	7.77e-02	5.35e-02
 6.86033e+16	7.90e-01	2.10e-01	2.35e-04	0.00e+00	0.00e+00	0.00e+00	0.00e+00	0.00e+00	0.00e+00	6.59e-01	7.72e-02	5.34e-02
 6.86470e+16	7.99e-01	2.01e-01	2.05e-04	0.00e+00	0.00e+00	0.00e+00	0.00e+00	0.00e+00	0.00e+00	6.69e-01	7.66e-02	5.33e-02
 6.86897e+16	8.07e-01	1.93e-01	1.79e-04	0.00e+00	0.00e+00	0.00e+00	0.00e+00	0.00e+00	0.00e+00	6.78e-01	7.61e-02	5.32e-02
 6.87320e+16	8.15e-01	1.85e-01	1.57e-04	0.00e+00	0.00e+00	0.00e+00	0.00e+00	0.00e+00	0.00e+00	6.86e-01	7.55e-02	5.31e-02
 6.87748e+16	8.23e-01	1.77e-01	1.36e-04	0.00e+00	0.00e+00	0.00e+00	0.00e+00	0.00e+00	0.00e+00	6.95e-01	7.48e-02	5.29e-02
 6.88172e+16	8.30e-01	1.70e-01	1.18e-04	0.00e+00	0.00e+00	0.00e+00	0.00e+00	0.00e+00	0.00e+00	7.03e-01	7.41e-02	5.27e-02
 6.88590e+16	8.37e-01	1.63e-01	1.03e-04	0.00e+00	0.00e+00	0.00e+00	0.00e+00	0.00e+00	0.00e+00	7.11e-01	7.34e-02	5.24e-02
 6.89007e+16	8.44e-01	1.56e-01	8.96e-05	0.00e+00	0.00e+00	0.00e+00	0.00e+00	0.00e+00	0.00e+00	7.19e-01	7.27e-02	5.22e-02
 6.89416e+16	8.51e-01	1.49e-01	7.80e-05	0.00e+00	0.00e+00	0.00e+00	0.00e+00	0.00e+00	0.00e+00	7.27e-01	7.20e-02	5.19e-02
 6.89821e+16	8.57e-01	1.43e-01	6.79e-05	0.00e+00	0.00e+00	0.00e+00	0.00e+00	0.00e+00	0.00e+00	7.34e-01	7.13e-02	5.16e-02
 6.90226e+16	8.64e-01	1.36e-01	5.90e-05	0.00e+00	0.00e+00	0.00e+00	0.00e+00	0.00e+00	0.00e+00	7.42e-01	7.05e-02	5.13e-02
 6.90627e+16	8.70e-01	1.30e-01	5.13e-05	0.00e+00	0.00e+00	0.00e+00	0.00e+00	0.00e+00	0.00e+00	7.49e-01	6.97e-02	5.09e-02
 6.91021e+16	8.75e-01	1.25e-01	4.46e-05	0.00e+00	0.00e+00	0.00e+00	0.00e+00	0.00e+00	0.00e+00	7.56e-01	6.90e-02	5.06e-02
 6.91407e+16	8.80e-01	1.20e-01	3.89e-05	0.00e+00	0.00e+00	0.00e+00	0.00e+00	0.00e+00	0.00e+00	7.62e-01	6.83e-02	5.02e-02
 6.91784e+16	8.86e-01	1.14e-01	3.40e-05	0.00e+00	0.00e+00	0.00e+00	0.00e+00	0.00e+00	0.00e+00	7.68e-01	6.75e-02	4.99e-02
 6.92154e+16	8.90e-01	1.10e-01	2.97e-05	0.00e+00	0.00e+00	0.00e+00	0.00e+00	0.00e+00	0.00e+00	7.74e-01	6.68e-02	4.95e-02
 6.92523e+16	8.95e-01	1.05e-01	2.60e-05	0.00e+00	0.00e+00	0.00e+00	0.00e+00	0.00e+00	0.00e+00	7.80e-01	6.61e-02	4.91e-02
 6.92889e+16	8.99e-01	1.01e-01	2.27e-05	0.00e+00	0.00e+00	0.00e+00	0.00e+00	0.00e+00	0.00e+00	7.85e-01	6.54e-02	4.87e-02
 6.93246e+16	9.04e-01	9.63e-02	1.99e-05	0.00e+00	0.00e+00	0.00e+00	0.00e+00	0.00e+00	0.00e+00	7.91e-01	6.47e-02	4.84e-02
 6.93593e+16	9.08e-01	9.23e-02	1.75e-05	0.00e+00	0.00e+00	0.00e+00	0.00e+00	0.00e+00	0.00e+00	7.96e-01	6.40e-02	4.80e-02
 6.93939e+16	9.11e-01	8.85e-02	1.54e-05	0.00e+00	0.00e+00	0.00e+00	0.00e+00	0.00e+00	0.00e+00	8.01e-01	6.33e-02	4.76e-02
 6.94285e+16	9.15e-01	8.49e-02	1.35e-05	0.00e+00	0.00e+00	0.00e+00	0.00e+00	0.00e+00	0.00e+00	8.05e-01	6.27e-02	4.73e-02
 6.94624e+16	9.19e-01	8.13e-02	1.18e-05	0.00e+00	0.00e+00	0.00e+00	0.00e+00	0.00e+00	0.00e+00	8.10e-01	6.20e-02	4.69e-02
 6.94953e+16	9.22e-01	7.80e-02	1.04e-05	0.00e+00	0.00e+00	0.00e+00	0.00e+00	0.00e+00	0.00e+00	8.14e-01	6.14e-02	4.65e-02
 6.95278e+16	9.25e-01	7.49e-02	9.22e-06	0.00e+00	0.00e+00	0.00e+00	0.00e+00	0.00e+00	0.00e+00	8.18e-01	6.08e-02	4.62e-02
 6.95607e+16	9.28e-01	7.19e-02	8.12e-06	0.00e+00	0.00e+00	0.00e+00	0.00e+00	0.00e+00	0.00e+00	8.22e-01	6.02e-02	4.58e-02
 6.95933e+16	9.31e-01	6.88e-02	7.15e-06	0.00e+00	0.00e+00	0.00e+00	0.00e+00	0.00e+00	0.00e+00	8.26e-01	5.96e-02	4.55e-02
 6.96250e+16	9.34e-01	6.61e-02	6.31e-06	0.00e+00	0.00e+00	0.00e+00	0.00e+00	0.00e+00	0.00e+00	8.30e-01	5.90e-02	4.51e-02
 6.96561e+16	9.37e-01	6.34e-02	5.59e-06	0.00e+00	0.00e+00	0.00e+00	0.00e+00	0.00e+00	0.00e+00	8.33e-01	5.85e-02	4.48e-02
 6.96870e+16	9.39e-01	6.09e-02	4.95e-06	0.00e+00	0.00e+00	0.00e+00	0.00e+00	0.00e+00	0.00e+00	8.37e-01	5.79e-02	4.44e-02
 6.97174e+16	9.42e-01	5.84e-02	4.39e-06	0.00e+00	0.00e+00	0.00e+00	0.00e+00	0.00e+00	0.00e+00	8.40e-01	5.74e-02	4.40e-02
 6.97474e+16	9.44e-01	5.62e-02	3.89e-06	0.00e+00	0.00e+00	0.00e+00	0.00e+00	0.00e+00	0.00e+00	8.43e-01	5.69e-02	4.36e-02
 6.97776e+16	9.46e-01	5.39e-02	3.45e-06	0.00e+00	0.00e+00	0.00e+00	0.00e+00	0.00e+00	0.00e+00	8.46e-01	5.64e-02	4.33e-02
 6.98079e+16	9.48e-01	5.17e-02	3.05e-06	0.00e+00	0.00e+00	0.00e+00	0.00e+00	0.00e+00	0.00e+00	8.50e-01	5.59e-02	4.29e-02
 6.98371e+16	9.50e-01	4.96e-02	2.71e-06	0.00e+00	0.00e+00	0.00e+00	0.00e+00	0.00e+00	0.00e+00	8.52e-01	5.54e-02	4.25e-02
 6.98654e+16	9.52e-01	4.78e-02	2.42e-06	0.00e+00	0.00e+00	0.00e+00	0.00e+00	0.00e+00	0.00e+00	8.55e-01	5.50e-02	4.22e-02
 6.98943e+16	9.54e-01	4.59e-02	2.15e-06	0.00e+00	0.00e+00	0.00e+00	0.00e+00	0.00e+00	0.00e+00	8.58e-01	5.45e-02	4.19e-02
 6.99234e+16	9.56e-01	4.40e-02	1.91e-06	0.00e+00	0.00e+00	0.00e+00	0.00e+00	0.00e+00	0.00e+00	8.60e-01	5.40e-02	4.16e-02
 6.99516e+16	9.58e-01	4.23e-02	1.70e-06	0.00e+00	0.00e+00	0.00e+00	0.00e+00	0.00e+00	0.00e+00	8.63e-01	5.36e-02	4.12e-02
 6.99792e+16	9.59e-01	4.06e-02	1.52e-06	0.00e+00	0.00e+00	0.00e+00	0.00e+00	0.00e+00	0.00e+00	8.65e-01	5.32e-02	4.09e-02
 7.00067e+16	9.61e-01	3.90e-02	1.36e-06	0.00e+00	0.00e+00	0.00e+00	0.00e+00	0.00e+00	0.00e+00	8.68e-01	5.28e-02	4.06e-02
 7.00347e+16	9.63e-01	3.74e-02	1.21e-06	0.00e+00	0.00e+00	0.00e+00	0.00e+00	0.00e+00	0.00e+00	8.70e-01	5.24e-02	4.03e-02
 7.00626e+16	9.64e-01	3.58e-02	1.08e-06	0.00e+00	0.00e+00	0.00e+00	0.00e+00	0.00e+00	0.00e+00	8.72e-01	5.20e-02	4.00e-02
 7.00895e+16	9.66e-01	3.45e-02	9.63e-07	0.00e+00	0.00e+00	0.00e+00	0.00e+00	0.00e+00	0.00e+00	8.74e-01	5.16e-02	3.98e-02
 7.01153e+16	9.67e-01	3.32e-02	8.66e-07	0.00e+00	0.00e+00	0.00e+00	0.00e+00	0.00e+00	0.00e+00	8.76e-01	5.13e-02	3.95e-02
 7.01407e+16	9.68e-01	3.19e-02	7.78e-07	0.00e+00	0.00e+00	0.00e+00	0.00e+00	0.00e+00	0.00e+00	8.78e-01	5.10e-02	3.92e-02
 7.01671e+16	9.69e-01	3.06e-02	6.96e-07	0.00e+00	0.00e+00	0.00e+00	0.00e+00	0.00e+00	0.00e+00	8.80e-01	5.06e-02	3.90e-02
 7.01937e+16	9.71e-01	2.93e-02	6.22e-07	0.00e+00	0.00e+00	0.00e+00	0.00e+00	0.00e+00	0.00e+00	8.82e-01	5.03e-02	3.87e-02
 7.02191e+16	9.72e-01	2.82e-02	5.59e-07	0.00e+00	0.00e+00	0.00e+00	0.00e+00	0.00e+00	0.00e+00	8.83e-01	4.99e-02	3.84e-02
 7.02437e+16	9.73e-01	2.70e-02	5.04e-07	0.00e+00	0.00e+00	0.00e+00	0.00e+00	0.00e+00	0.00e+00	8.85e-01	4.96e-02	3.82e-02
 7.02682e+16	9.74e-01	2.60e-02	4.55e-07	0.00e+00	0.00e+00	0.00e+00	0.00e+00	0.00e+00	0.00e+00	8.87e-01	4.93e-02	3.80e-02
 7.02930e+16	9.75e-01	2.49e-02	4.09e-07	0.00e+00	0.00e+00	0.00e+00	0.00e+00	0.00e+00	0.00e+00	8.88e-01	4.90e-02	3.77e-02
 7.03173e+16	9.76e-01	2.39e-02	3.69e-07	0.00e+00	0.00e+00	0.00e+00	0.00e+00	0.00e+00	0.00e+00	8.90e-01	4.87e-02	3.75e-02
 7.03400e+16	9.77e-01	2.30e-02	3.35e-07	0.00e+00	0.00e+00	0.00e+00	0.00e+00	0.00e+00	0.00e+00	8.91e-01	4.85e-02	3.73e-02
 7.03609e+16	9.78e-01	2.22e-02	3.07e-07	0.00e+00	0.00e+00	0.00e+00	0.00e+00	0.00e+00	0.00e+00	8.93e-01	4.82e-02	3.71e-02
 7.03801e+16	9.79e-01	2.14e-02	2.84e-07	0.00e+00	0.00e+00	0.00e+00	0.00e+00	0.00e+00	0.00e+00	8.94e-01	4.80e-02	3.69e-02
 7.03975e+16	9.79e-01	2.08e-02	2.64e-07	0.00e+00	0.00e+00	0.00e+00	0.00e+00	0.00e+00	0.00e+00	8.95e-01	4.78e-02	3.67e-02
 7.04139e+16	9.80e-01	2.02e-02	2.46e-07	0.00e+00	0.00e+00	0.00e+00	0.00e+00	0.00e+00	0.00e+00	8.96e-01	4.76e-02	3.66e-02
 7.04294e+16	9.80e-01	1.97e-02	2.31e-07	0.00e+00	0.00e+00	0.00e+00	0.00e+00	0.00e+00	0.00e+00	8.96e-01	4.74e-02	3.64e-02
 7.04437e+16	9.81e-01	1.91e-02	2.17e-07	0.00e+00	0.00e+00	0.00e+00	0.00e+00	0.00e+00	0.00e+00	8.97e-01	4.73e-02	3.63e-02
 7.04569e+16	9.81e-01	1.87e-02	2.06e-07	0.00e+00	0.00e+00	0.00e+00	0.00e+00	0.00e+00	0.00e+00	8.98e-01	4.71e-02	3.62e-02
 7.04693e+16	9.82e-01	1.82e-02	1.95e-07	0.00e+00	0.00e+00	0.00e+00	0.00e+00	0.00e+00	0.00e+00	8.99e-01	4.69e-02	3.60e-02
 7.04813e+16	9.82e-01	1.78e-02	1.86e-07	0.00e+00	0.00e+00	0.00e+00	0.00e+00	0.00e+00	0.00e+00	8.99e-01	4.68e-02	3.59e-02
 7.04928e+16	9.83e-01	1.74e-02	1.77e-07	0.00e+00	0.00e+00	0.00e+00	0.00e+00	0.00e+00	0.00e+00	9.00e-01	4.66e-02	3.58e-02
 7.05037e+16	9.83e-01	1.70e-02	1.69e-07	0.00e+00	0.00e+00	0.00e+00	0.00e+00	0.00e+00	0.00e+00	9.01e-01	4.65e-02	3.57e-02
 7.05140e+16	9.83e-01	1.67e-02	1.62e-07	0.00e+00	0.00e+00	0.00e+00	0.00e+00	0.00e+00	0.00e+00	9.01e-01	4.64e-02	3.56e-02
 7.05237e+16	9.84e-01	1.63e-02	1.55e-07	0.00e+00	0.00e+00	0.00e+00	0.00e+00	0.00e+00	0.00e+00	9.02e-01	4.62e-02	3.54e-02
 7.05331e+16	9.84e-01	1.60e-02	1.49e-07	0.00e+00	0.00e+00	0.00e+00	0.00e+00	0.00e+00	0.00e+00	9.03e-01	4.61e-02	3.53e-02
 7.05422e+16	9.84e-01	1.57e-02	1.43e-07	0.00e+00	0.00e+00	0.00e+00	0.00e+00	0.00e+00	0.00e+00	9.03e-01	4.59e-02	3.52e-02
 7.05507e+16	9.85e-01	1.54e-02	1.38e-07	0.00e+00	0.00e+00	0.00e+00	0.00e+00	0.00e+00	0.00e+00	9.04e-01	4.58e-02	3.51e-02
 7.05592e+16	9.85e-01	1.51e-02	1.33e-07	0.00e+00	0.00e+00	0.00e+00	0.00e+00	0.00e+00	0.00e+00	9.04e-01	4.57e-02	3.50e-02
 7.05679e+16	9.85e-01	1.48e-02	1.28e-07	0.00e+00	0.00e+00	0.00e+00	0.00e+00	0.00e+00	0.00e+00	9.05e-01	4.56e-02	3.49e-02
 7.05763e+16	9.86e-01	1.45e-02	1.24e-07	0.00e+00	0.00e+00	0.00e+00	0.00e+00	0.00e+00	0.00e+00	9.05e-01	4.54e-02	3.48e-02
 7.05845e+16	9.86e-01	1.42e-02	1.19e-07	0.00e+00	0.00e+00	0.00e+00	0.00e+00	0.00e+00	0.00e+00	9.06e-01	4.53e-02	3.46e-02
 7.05928e+16	9.86e-01	1.39e-02	1.15e-07	0.00e+00	0.00e+00	0.00e+00	0.00e+00	0.00e+00	0.00e+00	9.06e-01	4.51e-02	3.45e-02
 7.06012e+16	9.86e-01	1.35e-02	1.11e-07	0.00e+00	0.00e+00	0.00e+00	0.00e+00	0.00e+00	0.00e+00	9.07e-01	4.50e-02	3.44e-02
 7.06101e+16	9.87e-01	1.32e-02	1.06e-07	0.00e+00	0.00e+00	0.00e+00	0.00e+00	0.00e+00	0.00e+00	9.08e-01	4.48e-02	3.42e-02
 7.06195e+16	9.87e-01	1.28e-02	1.02e-07	0.00e+00	0.00e+00	0.00e+00	0.00e+00	0.00e+00	0.00e+00	9.08e-01	4.46e-02	3.41e-02
 7.06287e+16	9.88e-01	1.25e-02	9.74e-08	0.00e+00	0.00e+00	0.00e+00	0.00e+00	0.00e+00	0.00e+00	9.09e-01	4.44e-02	3.39e-02
 7.06372e+16	9.88e-01	1.21e-02	9.36e-08	0.00e+00	0.00e+00	0.00e+00	0.00e+00	0.00e+00	0.00e+00	9.10e-01	4.43e-02	3.37e-02
 7.06450e+16	9.88e-01	1.18e-02	9.02e-08	0.00e+00	0.00e+00	0.00e+00	0.00e+00	0.00e+00	0.00e+00	9.11e-01	4.41e-02	3.36e-02
 7.06521e+16	9.88e-01	1.15e-02	8.72e-08	0.00e+00	0.00e+00	0.00e+00	0.00e+00	0.00e+00	0.00e+00	9.11e-01	4.39e-02	3.34e-02
 7.06589e+16	9.89e-01	1.13e-02	8.44e-08	0.00e+00	0.00e+00	0.00e+00	0.00e+00	0.00e+00	0.00e+00	9.12e-01	4.38e-02	3.33e-02
 7.06656e+16	9.89e-01	1.10e-02	8.15e-08	0.00e+00	0.00e+00	0.00e+00	0.00e+00	0.00e+00	0.00e+00	9.12e-01	4.36e-02	3.31e-02
 7.06721e+16	9.89e-01	1.07e-02	7.89e-08	0.00e+00	0.00e+00	0.00e+00	0.00e+00	0.00e+00	0.00e+00	9.13e-01	4.34e-02	3.30e-02
 7.06780e+16	9.89e-01	1.05e-02	7.66e-08	0.00e+00	0.00e+00	0.00e+00	0.00e+00	0.00e+00	0.00e+00	9.13e-01	4.33e-02	3.28e-02
 7.06833e+16	9.90e-01	1.03e-02	7.45e-08	0.00e+00	0.00e+00	0.00e+00	0.00e+00	0.00e+00	0.00e+00	9.14e-01	4.31e-02	3.27e-02
 7.06882e+16	9.90e-01	1.01e-02	7.25e-08	0.00e+00	0.00e+00	0.00e+00	0.00e+00	0.00e+00	0.00e+00	9.14e-01	4.30e-02	3.26e-02
 7.06926e+16	9.90e-01	9.92e-03	7.08e-08	0.00e+00	0.00e+00	0.00e+00	0.00e+00	0.00e+00	0.00e+00	9.15e-01	4.29e-02	3.25e-02
 7.06966e+16	9.90e-01	9.78e-03	6.94e-08	0.00e+00	0.00e+00	0.00e+00	0.00e+00	0.00e+00	0.00e+00	9.15e-01	4.27e-02	3.24e-02
 7.07011e+16	9.90e-01	9.60e-03	6.76e-08	0.00e+00	0.00e+00	0.00e+00	0.00e+00	0.00e+00	0.00e+00	9.16e-01	4.26e-02	3.22e-02
 7.07058e+16	9.91e-01	9.43e-03	6.59e-08	0.00e+00	0.00e+00	0.00e+00	0.00e+00	0.00e+00	0.00e+00	9.16e-01	4.24e-02	3.21e-02
 7.07102e+16	9.91e-01	9.27e-03	6.43e-08	0.00e+00	0.00e+00	0.00e+00	0.00e+00	0.00e+00	0.00e+00	9.16e-01	4.23e-02	3.20e-02
 7.07141e+16	9.91e-01	9.14e-03	6.29e-08	0.00e+00	0.00e+00	0.00e+00	0.00e+00	0.00e+00	0.00e+00	9.17e-01	4.21e-02	3.19e-02
 7.07185e+16	9.91e-01	8.97e-03	6.13e-08	0.00e+00	0.00e+00	0.00e+00	0.00e+00	0.00e+00	0.00e+00	9.17e-01	4.20e-02	3.17e-02
 7.07231e+16	9.91e-01	8.81e-03	5.96e-08	0.00e+00	0.00e+00	0.00e+00	0.00e+00	0.00e+00	0.00e+00	9.18e-01	4.18e-02	3.16e-02
 7.07274e+16	9.91e-01	8.66e-03	5.82e-08	0.00e+00	0.00e+00	0.00e+00	0.00e+00	0.00e+00	0.00e+00	9.18e-01	4.16e-02	3.15e-02
 7.07313e+16	9.91e-01	8.53e-03	5.69e-08	0.00e+00	0.00e+00	0.00e+00	0.00e+00	0.00e+00	0.00e+00	9.19e-01	4.15e-02	3.14e-02
 7.07355e+16	9.92e-01	8.37e-03	5.53e-08	0.00e+00	0.00e+00	0.00e+00	0.00e+00	0.00e+00	0.00e+00	9.19e-01	4.14e-02	3.12e-02
 7.07401e+16	9.92e-01	8.23e-03	5.38e-08	0.00e+00	0.00e+00	0.00e+00	0.00e+00	0.00e+00	0.00e+00	9.19e-01	4.12e-02	3.11e-02
 7.07443e+16	9.92e-01	8.11e-03	5.26e-08	0.00e+00	0.00e+00	0.00e+00	0.00e+00	0.00e+00	0.00e+00	9.20e-01	4.11e-02	3.10e-02
 7.07488e+16	9.92e-01	7.98e-03	5.11e-08	0.00e+00	0.00e+00	0.00e+00	0.00e+00	0.00e+00	0.00e+00	9.20e-01	4.10e-02	3.09e-02
 7.07548e+16	9.92e-01	7.82e-03	4.93e-08	0.00e+00	0.00e+00	0.00e+00	0.00e+00	0.00e+00	0.00e+00	9.21e-01	4.08e-02	3.08e-02
 7.07612e+16	9.92e-01	7.64e-03	4.74e-08	0.00e+00	0.00e+00	0.00e+00	0.00e+00	0.00e+00	0.00e+00	9.21e-01	4.06e-02	3.06e-02
 7.07670e+16	9.93e-01	7.47e-03	4.58e-08	0.00e+00	0.00e+00	0.00e+00	0.00e+00	0.00e+00	0.00e+00	9.22e-01	4.04e-02	3.04e-02
 7.07723e+16	9.93e-01	7.33e-03	4.43e-08	0.00e+00	0.00e+00	0.00e+00	0.00e+00	0.00e+00	0.00e+00	9.22e-01	4.03e-02	3.03e-02
