#depth	H	H+	H2
 6.22650e+11	1.53e-03	9.98e-01	1.24e-13
 3.73590e+12	1.53e-03	9.98e-01	1.24e-13
 1.61889e+13	1.53e-03	9.98e-01	1.25e-13
 6.60009e+13	1.53e-03	9.98e-01	1.25e-13
 1.57655e+14	1.51e-03	9.98e-01	1.27e-13
 2.76805e+14	1.50e-03	9.98e-01	1.29e-13
 4.31701e+14	1.49e-03	9.99e-01	1.31e-13
 6.33065e+14	1.47e-03	9.99e-01	1.33e-13
 8.94838e+14	1.45e-03	9.99e-01	1.35e-13
 1.23514e+15	1.44e-03	9.99e-01	1.37e-13
 1.67754e+15	1.42e-03	9.99e-01	1.39e-13
 2.25266e+15	1.40e-03	9.99e-01	1.39e-13
 3.00031e+15	1.38e-03	9.99e-01	1.41e-13
 3.83696e+15	1.38e-03	9.99e-01	1.45e-13
 4.62007e+15	1.38e-03	9.99e-01	1.52e-13
 5.46886e+15	1.40e-03	9.99e-01	1.61e-13
 6.57229e+15	1.43e-03	9.99e-01	1.73e-13
 8.00675e+15	1.47e-03	9.99e-01	1.87e-13
 9.87155e+15	1.52e-03	9.98e-01	2.04e-13
 1.22958e+16	1.61e-03	9.98e-01	2.22e-13
 1.43493e+16	1.66e-03	9.98e-01	2.38e-13
 1.57842e+16	1.72e-03	9.98e-01	2.46e-13
 1.73627e+16	1.80e-03	9.98e-01	2.55e-13
 1.90989e+16	1.89e-03	9.98e-01	2.66e-13
 2.10088e+16	2.00e-03	9.98e-01	2.78e-13
 2.31097e+16	2.14e-03	9.98e-01	2.94e-13
 2.54207e+16	2.32e-03	9.98e-01	3.14e-13
 2.79627e+16	2.54e-03	9.97e-01	3.42e-13
 3.06188e+16	2.83e-03	9.97e-01	3.81e-13
 3.31249e+16	3.17e-03	9.97e-01	4.32e-13
 3.48765e+16	3.47e-03	9.97e-01	4.84e-13
 3.58197e+16	3.65e-03	9.96e-01	5.16e-13
 3.66784e+16	3.81e-03	9.96e-01	5.42e-13
 3.77947e+16	4.03e-03	9.96e-01	5.78e-13
 3.92459e+16	4.36e-03	9.96e-01	6.31e-13
 4.06650e+16	4.75e-03	9.95e-01	7.02e-13
 4.16741e+16	5.07e-03	9.95e-01	7.62e-13
 4.24725e+16	5.34e-03	9.95e-01	8.12e-13
 4.33652e+16	5.65e-03	9.94e-01	8.66e-13
 4.45258e+16	6.09e-03	9.94e-01	9.43e-13
 4.56921e+16	6.65e-03	9.93e-01	1.05e-12
 4.65659e+16	7.12e-03	9.93e-01	1.14e-12
 4.72686e+16	7.52e-03	9.92e-01	1.22e-12
 4.80488e+16	7.99e-03	9.92e-01	1.30e-12
 4.90631e+16	8.65e-03	9.91e-01	1.42e-12
 5.00804e+16	9.49e-03	9.91e-01	1.57e-12
 5.08408e+16	1.02e-02	9.90e-01	1.71e-12
 5.14555e+16	1.08e-02	9.89e-01	1.83e-12
 5.21417e+16	1.15e-02	9.88e-01	1.96e-12
 5.30337e+16	1.26e-02	9.87e-01	2.14e-12
 5.39363e+16	1.39e-02	9.86e-01	2.39e-12
 5.46253e+16	1.51e-02	9.85e-01	2.62e-12
 5.51877e+16	1.61e-02	9.84e-01	2.82e-12
 5.58129e+16	1.74e-02	9.83e-01	3.03e-12
 5.66257e+16	1.92e-02	9.81e-01	3.36e-12
 5.74228e+16	2.16e-02	9.78e-01	3.80e-12
 5.79842e+16	2.35e-02	9.77e-01	4.17e-12
 5.84146e+16	2.51e-02	9.75e-01	4.49e-12
 5.88900e+16	2.70e-02	9.73e-01	4.83e-12
 5.95082e+16	2.99e-02	9.70e-01	5.37e-12
 6.01331e+16	3.36e-02	9.66e-01	6.10e-12
 6.06024e+16	3.69e-02	9.63e-01	6.74e-12
 6.09749e+16	3.99e-02	9.60e-01	7.33e-12
 6.13858e+16	4.36e-02	9.56e-01	8.05e-12
 6.19199e+16	4.92e-02	9.51e-01	9.21e-12
 6.24496e+16	5.65e-02	9.44e-01	1.07e-11
 6.28376e+16	6.31e-02	9.37e-01	1.21e-11
 6.31498e+16	6.91e-02	9.31e-01	1.35e-11
 6.34991e+16	7.70e-02	9.23e-01	1.52e-11
 6.38570e+16	8.69e-02	9.13e-01	1.75e-11
 6.41321e+16	9.61e-02	9.04e-01	1.96e-11
 6.43463e+16	1.04e-01	8.96e-01	2.16e-11
 6.45755e+16	1.14e-01	8.86e-01	2.40e-11
 6.48305e+16	1.26e-01	8.74e-01	2.72e-11
 6.50574e+16	1.39e-01	8.61e-01	3.07e-11
 6.52450e+16	1.52e-01	8.48e-01	3.42e-11
 6.54139e+16	1.64e-01	8.36e-01	3.75e-11
 6.56042e+16	1.79e-01	8.21e-01	4.21e-11
 6.58089e+16	1.99e-01	8.01e-01	4.79e-11
 6.59818e+16	2.17e-01	7.83e-01	5.39e-11
 6.61242e+16	2.34e-01	7.66e-01	5.93e-11
 6.62772e+16	2.53e-01	7.47e-01	6.61e-11
 6.64464e+16	2.78e-01	7.22e-01	7.49e-11
 6.65969e+16	3.01e-01	6.99e-01	8.40e-11
 6.67260e+16	3.23e-01	6.77e-01	9.25e-11
 6.68656e+16	3.48e-01	6.52e-01	1.03e-10
 6.70187e+16	3.78e-01	6.22e-01	1.17e-10
 6.71556e+16	4.07e-01	5.93e-01	1.31e-10
 6.72738e+16	4.33e-01	5.67e-01	1.45e-10
 6.73848e+16	4.58e-01	5.42e-01	1.60e-10
 6.74936e+16	4.83e-01	5.17e-01	1.75e-10
 6.75937e+16	5.08e-01	4.92e-01	1.91e-10
 6.76834e+16	5.30e-01	4.70e-01	2.06e-10
 6.77532e+16	5.47e-01	4.53e-01	2.19e-10
 6.77992e+16	5.58e-01	4.42e-01	2.27e-10
 6.78424e+16	5.68e-01	4.32e-01	2.36e-10
 6.78948e+16	5.81e-01	4.19e-01	2.48e-10
 6.79512e+16	5.95e-01	4.05e-01	2.60e-10
 6.80030e+16	6.08e-01	3.92e-01	2.72e-10
 6.80506e+16	6.20e-01	3.80e-01	2.84e-10
 6.80979e+16	6.31e-01	3.69e-01	2.96e-10
 6.81464e+16	6.44e-01	3.56e-01	3.10e-10
 6.81949e+16	6.56e-01	3.44e-01	3.23e-10
 6.82420e+16	6.67e-01	3.33e-01	3.38e-10
 6.82881e+16	6.78e-01	3.22e-01	3.51e-10
 6.83342e+16	6.90e-01	3.10e-01	3.67e-10
 6.83806e+16	7.01e-01	2.99e-01	3.83e-10
 6.84259e+16	7.12e-01	2.88e-01	3.99e-10
 6.84701e+16	7.22e-01	2.78e-01	4.15e-10
 6.85148e+16	7.32e-01	2.68e-01	4.34e-10
 6.85593e+16	7.42e-01	2.58e-01	4.50e-10
 6.86033e+16	7.52e-01	2.48e-01	4.71e-10
 6.86470e+16	7.62e-01	2.38e-01	4.91e-10
 6.86897e+16	7.71e-01	2.29e-01	5.11e-10
 6.87320e+16	7.80e-01	2.20e-01	5.31e-10
 6.87748e+16	7.89e-01	2.11e-01	5.56e-10
 6.88172e+16	7.97e-01	2.03e-01	5.77e-10
 6.88590e+16	8.05e-01	1.95e-01	6.03e-10
 6.89007e+16	8.13e-01	1.87e-01	6.29e-10
 6.89416e+16	8.21e-01	1.79e-01	6.55e-10
 6.89821e+16	8.28e-01	1.72e-01	6.81e-10
 6.90226e+16	8.36e-01	1.64e-01	7.12e-10
 6.90627e+16	8.43e-01	1.57e-01	7.43e-10
 6.91021e+16	8.49e-01	1.51e-01	7.75e-10
 6.91407e+16	8.55e-01	1.45e-01	8.05e-10
 6.91784e+16	8.61e-01	1.39e-01	8.42e-10
 6.92154e+16	8.67e-01	1.33e-01	8.78e-10
 6.92523e+16	8.72e-01	1.28e-01	9.16e-10
 6.92889e+16	8.78e-01	1.22e-01	9.52e-10
 6.93246e+16	8.83e-01	1.17e-01	9.96e-10
 6.93593e+16	8.87e-01	1.13e-01	1.04e-09
 6.93939e+16	8.92e-01	1.08e-01	1.08e-09
 6.94285e+16	8.96e-01	1.04e-01	1.13e-09
 6.94624e+16	9.00e-01	9.96e-02	1.18e-09
 6.94953e+16	9.04e-01	9.56e-02	1.23e-09
 6.95278e+16	9.08e-01	9.19e-02	1.29e-09
 6.95607e+16	9.12e-01	8.83e-02	1.34e-09
 6.95933e+16	9.15e-01	8.47e-02	1.40e-09
 6.96250e+16	9.19e-01	8.13e-02	1.47e-09
 6.96561e+16	9.22e-01	7.82e-02	1.54e-09
 6.96870e+16	9.25e-01	7.51e-02	1.62e-09
 6.97174e+16	9.28e-01	7.21e-02	1.70e-09
 6.97474e+16	9.31e-01	6.94e-02	1.77e-09
 6.97776e+16	9.33e-01	6.66e-02	1.87e-09
 6.98079e+16	9.36e-01	6.40e-02	1.98e-09
 6.98371e+16	9.39e-01	6.15e-02	2.08e-09
 6.98654e+16	9.41e-01	5.93e-02	2.18e-09
 6.98943e+16	9.43e-01	5.69e-02	2.31e-09
 6.99234e+16	9.45e-01	5.47e-02	2.45e-09
 6.99516e+16	9.47e-01	5.25e-02	2.59e-09
 6.99792e+16	9.50e-01	5.05e-02	2.77e-09
 7.00067e+16	9.52e-01	4.85e-02	2.95e-09
 7.00347e+16	9.53e-01	4.66e-02	3.15e-09
 7.00626e+16	9.55e-01	4.47e-02	3.37e-09
 7.00895e+16	9.57e-01	4.30e-02	3.60e-09
 7.01153e+16	9.59e-01	4.14e-02	3.86e-09
 7.01407e+16	9.60e-01	3.99e-02	4.17e-09
 7.01671e+16	9.62e-01	3.83e-02	4.52e-09
 7.01937e+16	9.63e-01	3.67e-02	4.97e-09
 7.02191e+16	9.65e-01	3.53e-02	5.41e-09
 7.02437e+16	9.66e-01	3.39e-02	5.97e-09
 7.02682e+16	9.67e-01	3.26e-02	6.61e-09
 7.02930e+16	9.69e-01	3.13e-02	7.38e-09
 7.03173e+16	9.70e-01	3.00e-02	8.29e-09
 7.03400e+16	9.71e-01	2.89e-02	9.28e-09
 7.03609e+16	9.72e-01	2.79e-02	1.04e-08
 7.03801e+16	9.73e-01	2.70e-02	1.17e-08
 7.03975e+16	9.74e-01	2.63e-02	1.31e-08
 7.04139e+16	9.74e-01	2.55e-02	1.47e-08
 7.04294e+16	9.75e-01	2.48e-02	1.65e-08
 7.04437e+16	9.76e-01	2.42e-02	1.84e-08
 7.04569e+16	9.76e-01	2.36e-02	2.06e-08
 7.04693e+16	9.77e-01	2.31e-02	2.30e-08
 7.04813e+16	9.77e-01	2.26e-02	2.57e-08
 7.04928e+16	9.78e-01	2.21e-02	2.87e-08
 7.05037e+16	9.78e-01	2.16e-02	3.21e-08
 7.05140e+16	9.79e-01	2.12e-02	3.58e-08
 7.05237e+16	9.79e-01	2.08e-02	4.00e-08
 7.05331e+16	9.80e-01	2.04e-02	4.46e-08
 7.05422e+16	9.80e-01	2.00e-02	5.01e-08
 7.05507e+16	9.80e-01	1.96e-02	5.51e-08
 7.05592e+16	9.81e-01	1.93e-02	6.15e-08
 7.05679e+16	9.81e-01	1.89e-02	6.87e-08
 7.05763e+16	9.81e-01	1.85e-02	7.63e-08
 7.05845e+16	9.82e-01	1.81e-02	8.46e-08
 7.05928e+16	9.82e-01	1.78e-02	9.37e-08
 7.06012e+16	9.83e-01	1.74e-02	1.03e-07
 7.06101e+16	9.83e-01	1.70e-02	1.14e-07
 7.06195e+16	9.83e-01	1.65e-02	1.25e-07
 7.06287e+16	9.84e-01	1.61e-02	1.35e-07
 7.06372e+16	9.84e-01	1.57e-02	1.43e-07
 7.06450e+16	9.85e-01	1.53e-02	1.50e-07
 7.06521e+16	9.85e-01	1.50e-02	1.55e-07
 7.06589e+16	9.85e-01	1.47e-02	1.60e-07
 7.06656e+16	9.86e-01	1.43e-02	1.64e-07
 7.06721e+16	9.86e-01	1.40e-02	1.67e-07
 7.06780e+16	9.86e-01	1.37e-02	1.71e-07
 7.06833e+16	9.87e-01	1.35e-02	1.73e-07
 7.06882e+16	9.87e-01	1.33e-02	1.76e-07
 7.06926e+16	9.87e-01	1.31e-02	1.78e-07
 7.06966e+16	9.87e-01	1.29e-02	1.80e-07
 7.07011e+16	9.87e-01	1.27e-02	1.82e-07
 7.07058e+16	9.88e-01	1.25e-02	1.85e-07
 7.07102e+16	9.88e-01	1.23e-02	1.87e-07
 7.07141e+16	9.88e-01	1.21e-02	1.89e-07
 7.07185e+16	9.88e-01	1.19e-02	1.92e-07
 7.07231e+16	9.88e-01	1.17e-02	1.95e-07
 7.07274e+16	9.88e-01	1.16e-02	1.98e-07
 7.07313e+16	9.89e-01	1.14e-02	2.00e-07
 7.07355e+16	9.89e-01	1.12e-02	2.04e-07
 7.07401e+16	9.89e-01	1.11e-02	2.07e-07
 7.07443e+16	9.89e-01	1.09e-02	2.09e-07
 7.07488e+16	9.89e-01	1.08e-02	2.12e-07
 7.07548e+16	9.89e-01	1.06e-02	2.15e-07
 7.07612e+16	9.90e-01	1.04e-02	2.20e-07
 7.07670e+16	9.90e-01	1.02e-02	2.24e-07
 7.07723e+16	9.90e-01	9.99e-03	2.27e-07
