#depth	H	H+	H2
 2.89683e+11	2.16e-03	9.98e-01	3.21e-12
 1.73810e+12	2.16e-03	9.98e-01	3.24e-12
 7.53177e+12	2.16e-03	9.98e-01	3.25e-12
 3.07064e+13	2.15e-03	9.98e-01	3.26e-12
 7.33479e+13	2.14e-03	9.98e-01	3.30e-12
 1.28782e+14	2.12e-03	9.98e-01	3.32e-12
 2.00846e+14	2.10e-03	9.98e-01	3.33e-12
 2.94529e+14	2.08e-03	9.98e-01	3.33e-12
 4.16317e+14	2.05e-03	9.98e-01	3.29e-12
 5.74642e+14	2.02e-03	9.98e-01	3.23e-12
 7.80463e+14	1.98e-03	9.98e-01	3.11e-12
 1.04803e+15	1.93e-03	9.98e-01	2.89e-12
 1.39587e+15	1.88e-03	9.98e-01	2.62e-12
 1.84806e+15	1.83e-03	9.98e-01	2.32e-12
 2.43591e+15	1.79e-03	9.98e-01	2.08e-12
 3.20011e+15	1.77e-03	9.98e-01	2.02e-12
 4.19358e+15	1.78e-03	9.98e-01	2.17e-12
 5.24975e+15	1.78e-03	9.98e-01	2.45e-12
 6.19063e+15	1.79e-03	9.98e-01	2.68e-12
 7.21696e+15	1.82e-03	9.98e-01	2.87e-12
 8.18691e+15	1.83e-03	9.98e-01	3.07e-12
 9.00560e+15	1.85e-03	9.98e-01	3.16e-12
 9.90616e+15	1.87e-03	9.98e-01	3.23e-12
 1.08968e+16	1.90e-03	9.98e-01	3.30e-12
 1.19865e+16	1.93e-03	9.98e-01	3.27e-12
 1.31851e+16	1.97e-03	9.98e-01	3.20e-12
 1.45036e+16	2.01e-03	9.98e-01	3.07e-12
 1.59540e+16	2.06e-03	9.98e-01	2.85e-12
 1.75494e+16	2.12e-03	9.98e-01	2.55e-12
 1.93043e+16	2.20e-03	9.98e-01	2.19e-12
 2.11166e+16	2.30e-03	9.98e-01	1.84e-12
 2.28196e+16	2.40e-03	9.98e-01	1.57e-12
 2.43839e+16	2.51e-03	9.97e-01	1.35e-12
 2.58598e+16	2.63e-03	9.97e-01	1.18e-12
 2.72406e+16	2.76e-03	9.97e-01	1.07e-12
 2.85138e+16	2.90e-03	9.97e-01	9.85e-13
 2.97215e+16	3.04e-03	9.97e-01	9.28e-13
 3.08961e+16	3.20e-03	9.97e-01	8.90e-13
 3.20362e+16	3.37e-03	9.97e-01	8.71e-13
 3.31267e+16	3.56e-03	9.96e-01	8.67e-13
 3.41737e+16	3.77e-03	9.96e-01	8.74e-13
 3.51907e+16	3.99e-03	9.96e-01	8.93e-13
 3.61727e+16	4.23e-03	9.96e-01	9.21e-13
 3.71123e+16	4.49e-03	9.96e-01	9.58e-13
 3.80111e+16	4.77e-03	9.95e-01	1.00e-12
 3.88769e+16	5.06e-03	9.95e-01	1.05e-12
 3.97161e+16	5.39e-03	9.95e-01	1.11e-12
 4.05298e+16	5.74e-03	9.94e-01	1.18e-12
 4.13163e+16	6.13e-03	9.94e-01	1.26e-12
 4.20759e+16	6.54e-03	9.93e-01	1.34e-12
 4.28112e+16	6.99e-03	9.93e-01	1.43e-12
 4.35269e+16	7.49e-03	9.93e-01	1.53e-12
 4.42230e+16	8.03e-03	9.92e-01	1.65e-12
 4.48979e+16	8.62e-03	9.91e-01	1.76e-12
 4.55554e+16	9.28e-03	9.91e-01	1.90e-12
 4.61969e+16	1.00e-02	9.90e-01	2.05e-12
 4.68221e+16	1.08e-02	9.89e-01	2.21e-12
 4.74339e+16	1.17e-02	9.88e-01	2.39e-12
 4.80330e+16	1.27e-02	9.87e-01	2.59e-12
 4.86188e+16	1.38e-02	9.86e-01	2.81e-12
 4.91902e+16	1.50e-02	9.85e-01	3.05e-12
 4.97381e+16	1.64e-02	9.84e-01	3.32e-12
 5.02528e+16	1.80e-02	9.82e-01	3.62e-12
 5.07366e+16	1.96e-02	9.80e-01	3.93e-12
 5.11998e+16	2.14e-02	9.79e-01	4.27e-12
 5.16492e+16	2.35e-02	9.77e-01	4.65e-12
 5.20845e+16	2.58e-02	9.74e-01	5.08e-12
 5.25017e+16	2.84e-02	9.72e-01	5.56e-12
 5.29002e+16	3.12e-02	9.69e-01	6.09e-12
 5.32836e+16	3.45e-02	9.66e-01	6.70e-12
 5.36556e+16	3.82e-02	9.62e-01	7.40e-12
 5.40164e+16	4.25e-02	9.57e-01	8.19e-12
 5.43666e+16	4.74e-02	9.53e-01	9.10e-12
 5.47086e+16	5.33e-02	9.47e-01	1.02e-11
 5.50388e+16	6.02e-02	9.40e-01	1.16e-11
 5.53549e+16	6.82e-02	9.32e-01	1.32e-11
 5.56620e+16	7.74e-02	9.23e-01	1.50e-11
 5.59334e+16	8.75e-02	9.12e-01	1.71e-11
 5.61494e+16	9.71e-02	9.03e-01	1.91e-11
 5.63373e+16	1.07e-01	8.93e-01	2.12e-11
 5.65471e+16	1.18e-01	8.82e-01	2.38e-11
 5.67705e+16	1.34e-01	8.66e-01	2.73e-11
 5.69539e+16	1.48e-01	8.52e-01	3.09e-11
 5.70998e+16	1.62e-01	8.38e-01	3.42e-11
 5.72542e+16	1.77e-01	8.23e-01	3.80e-11
 5.74254e+16	1.96e-01	8.04e-01	4.32e-11
 5.75766e+16	2.16e-01	7.84e-01	4.86e-11
 5.77016e+16	2.33e-01	7.67e-01	5.38e-11
 5.78346e+16	2.53e-01	7.47e-01	5.99e-11
 5.79801e+16	2.78e-01	7.22e-01	6.78e-11
 5.81070e+16	3.02e-01	6.98e-01	7.58e-11
 5.82144e+16	3.22e-01	6.78e-01	8.30e-11
 5.83311e+16	3.46e-01	6.54e-01	9.23e-11
 5.84602e+16	3.75e-01	6.25e-01	1.04e-10
 5.85762e+16	4.03e-01	5.97e-01	1.16e-10
 5.86769e+16	4.28e-01	5.72e-01	1.27e-10
 5.87729e+16	4.52e-01	5.48e-01	1.40e-10
 5.88716e+16	4.78e-01	5.22e-01	1.54e-10
 5.89672e+16	5.04e-01	4.96e-01	1.69e-10
 5.90495e+16	5.26e-01	4.74e-01	1.83e-10
 5.91077e+16	5.41e-01	4.59e-01	1.93e-10
 5.91471e+16	5.52e-01	4.48e-01	2.00e-10
 5.91878e+16	5.62e-01	4.38e-01	2.08e-10
 5.92370e+16	5.76e-01	4.24e-01	2.19e-10
 5.92885e+16	5.90e-01	4.10e-01	2.30e-10
 5.93359e+16	6.03e-01	3.97e-01	2.41e-10
 5.93796e+16	6.14e-01	3.86e-01	2.51e-10
 5.94234e+16	6.26e-01	3.74e-01	2.63e-10
 5.94691e+16	6.39e-01	3.61e-01	2.75e-10
 5.95139e+16	6.51e-01	3.49e-01	2.88e-10
 5.95572e+16	6.62e-01	3.38e-01	3.00e-10
 5.96004e+16	6.73e-01	3.27e-01	3.14e-10
 5.96437e+16	6.85e-01	3.15e-01	3.28e-10
 5.96868e+16	6.96e-01	3.04e-01	3.43e-10
 5.97292e+16	7.06e-01	2.94e-01	3.57e-10
 5.97713e+16	7.17e-01	2.83e-01	3.74e-10
 5.98137e+16	7.28e-01	2.72e-01	3.91e-10
 5.98552e+16	7.38e-01	2.62e-01	4.08e-10
 5.98960e+16	7.47e-01	2.53e-01	4.25e-10
 5.99373e+16	7.57e-01	2.43e-01	4.46e-10
 5.99784e+16	7.66e-01	2.34e-01	4.63e-10
 6.00191e+16	7.76e-01	2.24e-01	4.85e-10
 6.00598e+16	7.85e-01	2.15e-01	5.08e-10
 6.00994e+16	7.93e-01	2.07e-01	5.30e-10
 6.01384e+16	8.01e-01	1.99e-01	5.52e-10
 6.01784e+16	8.10e-01	1.90e-01	5.80e-10
 6.02182e+16	8.17e-01	1.83e-01	6.04e-10
 6.02566e+16	8.25e-01	1.75e-01	6.32e-10
 6.02946e+16	8.32e-01	1.68e-01	6.61e-10
 6.03330e+16	8.39e-01	1.61e-01	6.91e-10
 6.03713e+16	8.46e-01	1.54e-01	7.23e-10
 6.04085e+16	8.52e-01	1.48e-01	7.56e-10
 6.04446e+16	8.58e-01	1.42e-01	7.90e-10
 6.04802e+16	8.64e-01	1.36e-01	8.26e-10
 6.05157e+16	8.70e-01	1.30e-01	8.63e-10
 6.05508e+16	8.75e-01	1.25e-01	9.03e-10
 6.05853e+16	8.80e-01	1.20e-01	9.44e-10
 6.06192e+16	8.85e-01	1.15e-01	9.86e-10
 6.06526e+16	8.90e-01	1.10e-01	1.03e-09
 6.06856e+16	8.94e-01	1.06e-01	1.08e-09
 6.07179e+16	8.98e-01	1.02e-01	1.13e-09
 6.07497e+16	9.02e-01	9.79e-02	1.18e-09
 6.07817e+16	9.06e-01	9.39e-02	1.24e-09
 6.08133e+16	9.10e-01	9.01e-02	1.30e-09
 6.08444e+16	9.13e-01	8.65e-02	1.36e-09
 6.08751e+16	9.17e-01	8.31e-02	1.44e-09
 6.09050e+16	9.20e-01	7.98e-02	1.50e-09
 6.09349e+16	9.23e-01	7.68e-02	1.58e-09
 6.09648e+16	9.26e-01	7.37e-02	1.67e-09
 6.09938e+16	9.29e-01	7.07e-02	1.76e-09
 6.10227e+16	9.32e-01	6.81e-02	1.84e-09
 6.10518e+16	9.35e-01	6.54e-02	1.94e-09
 6.10801e+16	9.37e-01	6.28e-02	2.06e-09
 6.11077e+16	9.40e-01	6.04e-02	2.18e-09
 6.11357e+16	9.42e-01	5.81e-02	2.29e-09
 6.11642e+16	9.44e-01	5.58e-02	2.44e-09
 6.11913e+16	9.46e-01	5.36e-02	2.60e-09
 6.12172e+16	9.48e-01	5.15e-02	2.77e-09
 6.12439e+16	9.50e-01	4.96e-02	2.94e-09
 6.12716e+16	9.52e-01	4.75e-02	3.14e-09
 6.12984e+16	9.54e-01	4.57e-02	3.37e-09
 6.13237e+16	9.56e-01	4.40e-02	3.61e-09
 6.13483e+16	9.58e-01	4.24e-02	3.86e-09
 6.13734e+16	9.59e-01	4.07e-02	4.17e-09
 6.13993e+16	9.61e-01	3.91e-02	4.53e-09
 6.14248e+16	9.63e-01	3.75e-02	4.97e-09
 6.14491e+16	9.64e-01	3.60e-02	5.41e-09
 6.14727e+16	9.65e-01	3.46e-02	5.96e-09
 6.14966e+16	9.67e-01	3.33e-02	6.58e-09
 6.15206e+16	9.68e-01	3.20e-02	7.34e-09
 6.15441e+16	9.69e-01	3.07e-02	8.23e-09
 6.15664e+16	9.70e-01	2.95e-02	9.20e-09
 6.15873e+16	9.72e-01	2.84e-02	1.04e-08
 6.16064e+16	9.73e-01	2.75e-02	1.16e-08
 6.16237e+16	9.73e-01	2.67e-02	1.30e-08
 6.16397e+16	9.74e-01	2.59e-02	1.45e-08
 6.16550e+16	9.75e-01	2.52e-02	1.63e-08
 6.16695e+16	9.75e-01	2.45e-02	1.83e-08
 6.16828e+16	9.76e-01	2.39e-02	2.04e-08
 6.16953e+16	9.77e-01	2.33e-02	2.28e-08
 6.17072e+16	9.77e-01	2.28e-02	2.54e-08
 6.17187e+16	9.78e-01	2.23e-02	2.84e-08
 6.17297e+16	9.78e-01	2.18e-02	3.18e-08
 6.17400e+16	9.79e-01	2.13e-02	3.55e-08
 6.17499e+16	9.79e-01	2.09e-02	3.96e-08
 6.17594e+16	9.80e-01	2.04e-02	4.42e-08
 6.17686e+16	9.80e-01	2.00e-02	4.91e-08
 6.17776e+16	9.80e-01	1.96e-02	5.46e-08
 6.17865e+16	9.81e-01	1.92e-02	6.08e-08
 6.17953e+16	9.81e-01	1.88e-02	6.75e-08
 6.18041e+16	9.82e-01	1.84e-02	7.49e-08
 6.18129e+16	9.82e-01	1.80e-02	8.29e-08
 6.18220e+16	9.82e-01	1.75e-02	9.16e-08
 6.18315e+16	9.83e-01	1.71e-02	1.00e-07
 6.18412e+16	9.83e-01	1.66e-02	1.09e-07
 6.18503e+16	9.84e-01	1.62e-02	1.16e-07
 6.18584e+16	9.84e-01	1.58e-02	1.22e-07
 6.18657e+16	9.85e-01	1.54e-02	1.27e-07
 6.18727e+16	9.85e-01	1.51e-02	1.31e-07
 6.18795e+16	9.85e-01	1.47e-02	1.34e-07
 6.18863e+16	9.86e-01	1.44e-02	1.37e-07
 6.18926e+16	9.86e-01	1.41e-02	1.39e-07
 6.18983e+16	9.86e-01	1.38e-02	1.42e-07
 6.19036e+16	9.86e-01	1.36e-02	1.44e-07
 6.19083e+16	9.87e-01	1.33e-02	1.45e-07
 6.19127e+16	9.87e-01	1.31e-02	1.47e-07
 6.19166e+16	9.87e-01	1.30e-02	1.49e-07
 6.19202e+16	9.87e-01	1.28e-02	1.50e-07
 6.19241e+16	9.87e-01	1.26e-02	1.52e-07
 6.19284e+16	9.88e-01	1.24e-02	1.53e-07
 6.19323e+16	9.88e-01	1.23e-02	1.55e-07
 6.19358e+16	9.88e-01	1.21e-02	1.57e-07
 6.19396e+16	9.88e-01	1.19e-02	1.58e-07
 6.19438e+16	9.88e-01	1.18e-02	1.60e-07
 6.19476e+16	9.88e-01	1.16e-02	1.62e-07
 6.19510e+16	9.89e-01	1.15e-02	1.64e-07
 6.19548e+16	9.89e-01	1.13e-02	1.66e-07
 6.19589e+16	9.89e-01	1.11e-02	1.69e-07
 6.19626e+16	9.89e-01	1.10e-02	1.70e-07
 6.19667e+16	9.89e-01	1.09e-02	1.72e-07
 6.19720e+16	9.89e-01	1.07e-02	1.75e-07
 6.19777e+16	9.90e-01	1.05e-02	1.78e-07
 6.19829e+16	9.90e-01	1.03e-02	1.81e-07
 6.19876e+16	9.90e-01	1.01e-02	1.83e-07
 6.19919e+16	9.90e-01	1.00e-02	1.86e-07
 6.19966e+16	9.90e-01	9.83e-03	1.89e-07
