#depth	He	He+	He+2
 2.89683e+11	5.88e-04	4.64e-01	5.35e-01
 1.73810e+12	5.88e-04	4.64e-01	5.35e-01
 7.53177e+12	5.89e-04	4.65e-01	5.34e-01
 3.07064e+13	5.93e-04	4.68e-01	5.32e-01
 7.33479e+13	5.96e-04	4.70e-01	5.29e-01
 1.28782e+14	6.02e-04	4.74e-01	5.25e-01
 2.00846e+14	6.10e-04	4.81e-01	5.18e-01
 2.94529e+14	6.23e-04	4.91e-01	5.08e-01
 4.16317e+14	6.40e-04	5.06e-01	4.93e-01
 5.74642e+14	6.64e-04	5.28e-01	4.72e-01
 7.80463e+14	6.98e-04	5.58e-01	4.41e-01
 1.04803e+15	7.44e-04	6.00e-01	3.99e-01
 1.39587e+15	8.07e-04	6.59e-01	3.40e-01
 1.84806e+15	8.91e-04	7.36e-01	2.63e-01
 2.43591e+15	9.93e-04	8.27e-01	1.72e-01
 3.20011e+15	1.10e-03	9.12e-01	8.69e-02
 4.19358e+15	1.20e-03	9.67e-01	3.14e-02
 5.24975e+15	1.26e-03	9.89e-01	9.77e-03
 6.19063e+15	1.31e-03	9.95e-01	3.56e-03
 7.21696e+15	1.36e-03	9.97e-01	1.27e-03
 8.18691e+15	1.41e-03	9.98e-01	4.99e-04
 9.00560e+15	1.45e-03	9.98e-01	2.36e-04
 9.90616e+15	1.49e-03	9.98e-01	1.08e-04
 1.08968e+16	1.54e-03	9.98e-01	4.84e-05
 1.19865e+16	1.59e-03	9.98e-01	2.12e-05
 1.31851e+16	1.65e-03	9.98e-01	9.10e-06
 1.45036e+16	1.72e-03	9.98e-01	3.90e-06
 1.59540e+16	1.80e-03	9.98e-01	1.68e-06
 1.75494e+16	1.89e-03	9.98e-01	7.41e-07
 1.93043e+16	1.99e-03	9.98e-01	3.36e-07
 2.11166e+16	2.10e-03	9.98e-01	1.66e-07
 2.28196e+16	2.22e-03	9.98e-01	9.23e-08
 2.43839e+16	2.33e-03	9.98e-01	5.70e-08
 2.58598e+16	2.45e-03	9.98e-01	3.76e-08
 2.72406e+16	2.57e-03	9.97e-01	2.63e-08
 2.85138e+16	2.69e-03	9.97e-01	1.93e-08
 2.97215e+16	2.81e-03	9.97e-01	1.46e-08
 3.08961e+16	2.93e-03	9.97e-01	1.13e-08
 3.20362e+16	3.07e-03	9.97e-01	8.96e-09
 3.31267e+16	3.20e-03	9.97e-01	7.24e-09
 3.41737e+16	3.34e-03	9.97e-01	5.95e-09
 3.51907e+16	3.49e-03	9.97e-01	4.96e-09
 3.61727e+16	3.64e-03	9.96e-01	4.20e-09
 3.71123e+16	3.80e-03	9.96e-01	3.60e-09
 3.80111e+16	3.96e-03	9.96e-01	3.12e-09
 3.88769e+16	4.13e-03	9.96e-01	2.74e-09
 3.97161e+16	4.31e-03	9.96e-01	2.42e-09
 4.05298e+16	4.49e-03	9.96e-01	2.16e-09
 4.13163e+16	4.69e-03	9.95e-01	1.94e-09
 4.20759e+16	4.89e-03	9.95e-01	1.76e-09
 4.28112e+16	5.10e-03	9.95e-01	1.60e-09
 4.35269e+16	5.32e-03	9.95e-01	1.47e-09
 4.42230e+16	5.56e-03	9.94e-01	1.35e-09
 4.48979e+16	5.80e-03	9.94e-01	1.25e-09
 4.55554e+16	6.07e-03	9.94e-01	1.17e-09
 4.61969e+16	6.36e-03	9.94e-01	1.09e-09
 4.68221e+16	6.65e-03	9.93e-01	1.02e-09
 4.74339e+16	6.98e-03	9.93e-01	9.61e-10
 4.80330e+16	7.33e-03	9.93e-01	9.07e-10
 4.86188e+16	7.71e-03	9.92e-01	8.59e-10
 4.91902e+16	8.12e-03	9.92e-01	8.17e-10
 4.97381e+16	8.57e-03	9.91e-01	7.80e-10
 5.02528e+16	9.04e-03	9.91e-01	7.48e-10
 5.07366e+16	9.54e-03	9.90e-01	7.20e-10
 5.11998e+16	1.01e-02	9.90e-01	6.95e-10
 5.16492e+16	1.07e-02	9.89e-01	6.73e-10
 5.20845e+16	1.13e-02	9.89e-01	6.53e-10
 5.25017e+16	1.20e-02	9.88e-01	6.35e-10
 5.29002e+16	1.28e-02	9.87e-01	6.20e-10
 5.32836e+16	1.37e-02	9.86e-01	6.06e-10
 5.36556e+16	1.46e-02	9.85e-01	5.94e-10
 5.40164e+16	1.57e-02	9.84e-01	5.85e-10
 5.43666e+16	1.69e-02	9.83e-01	5.77e-10
 5.47086e+16	1.83e-02	9.82e-01	5.68e-10
 5.50388e+16	2.00e-02	9.80e-01	5.63e-10
 5.53549e+16	2.19e-02	9.78e-01	5.60e-10
 5.56620e+16	2.40e-02	9.76e-01	5.64e-10
 5.59334e+16	2.63e-02	9.74e-01	5.72e-10
 5.61494e+16	2.85e-02	9.72e-01	5.79e-10
 5.63373e+16	3.07e-02	9.69e-01	5.88e-10
 5.65471e+16	3.34e-02	9.67e-01	6.00e-10
 5.67705e+16	3.69e-02	9.63e-01	6.20e-10
 5.69539e+16	4.04e-02	9.60e-01	6.43e-10
 5.70998e+16	4.36e-02	9.56e-01	6.63e-10
 5.72542e+16	4.74e-02	9.53e-01	6.91e-10
 5.74254e+16	5.23e-02	9.48e-01	7.30e-10
 5.75766e+16	5.73e-02	9.43e-01	7.76e-10
 5.77016e+16	6.21e-02	9.38e-01	8.18e-10
 5.78346e+16	6.79e-02	9.32e-01	8.71e-10
 5.79801e+16	7.51e-02	9.25e-01	9.43e-10
 5.81070e+16	8.23e-02	9.18e-01	1.03e-09
 5.82144e+16	8.90e-02	9.11e-01	1.11e-09
 5.83311e+16	9.74e-02	9.03e-01	1.21e-09
 5.84602e+16	1.08e-01	8.92e-01	1.34e-09
 5.85762e+16	1.19e-01	8.81e-01	1.48e-09
 5.86769e+16	1.29e-01	8.71e-01	1.62e-09
 5.87729e+16	1.40e-01	8.60e-01	1.77e-09
 5.88716e+16	1.53e-01	8.47e-01	1.94e-09
 5.89672e+16	1.66e-01	8.34e-01	2.15e-09
 5.90495e+16	1.78e-01	8.22e-01	2.33e-09
 5.91077e+16	1.87e-01	8.13e-01	2.48e-09
 5.91471e+16	1.94e-01	8.06e-01	2.57e-09
 5.91878e+16	2.02e-01	7.98e-01	2.67e-09
 5.92370e+16	2.12e-01	7.88e-01	2.80e-09
 5.92885e+16	2.21e-01	7.79e-01	2.96e-09
 5.93359e+16	2.31e-01	7.69e-01	3.10e-09
 5.93796e+16	2.40e-01	7.60e-01	3.26e-09
 5.94234e+16	2.50e-01	7.50e-01	3.40e-09
 5.94691e+16	2.61e-01	7.39e-01	3.56e-09
 5.95139e+16	2.71e-01	7.29e-01	3.73e-09
 5.95572e+16	2.82e-01	7.18e-01	3.91e-09
 5.96004e+16	2.93e-01	7.07e-01	4.07e-09
 5.96437e+16	3.04e-01	6.96e-01	4.27e-09
 5.96868e+16	3.16e-01	6.84e-01	4.45e-09
 5.97292e+16	3.28e-01	6.72e-01	4.65e-09
 5.97713e+16	3.41e-01	6.59e-01	4.85e-09
 5.98137e+16	3.53e-01	6.47e-01	5.04e-09
 5.98552e+16	3.66e-01	6.34e-01	5.25e-09
 5.98960e+16	3.79e-01	6.21e-01	5.46e-09
 5.99373e+16	3.93e-01	6.07e-01	5.66e-09
 5.99784e+16	4.06e-01	5.94e-01	5.90e-09
 6.00191e+16	4.20e-01	5.80e-01	6.11e-09
 6.00598e+16	4.34e-01	5.66e-01	6.32e-09
 6.00994e+16	4.48e-01	5.52e-01	6.55e-09
 6.01384e+16	4.62e-01	5.38e-01	6.77e-09
 6.01784e+16	4.77e-01	5.23e-01	6.97e-09
 6.02182e+16	4.91e-01	5.09e-01	7.22e-09
 6.02566e+16	5.06e-01	4.94e-01	7.44e-09
 6.02946e+16	5.20e-01	4.80e-01	7.64e-09
 6.03330e+16	5.35e-01	4.65e-01	7.85e-09
 6.03713e+16	5.49e-01	4.51e-01	8.07e-09
 6.04085e+16	5.64e-01	4.36e-01	8.27e-09
 6.04446e+16	5.78e-01	4.22e-01	8.47e-09
 6.04802e+16	5.91e-01	4.09e-01	8.65e-09
 6.05157e+16	6.05e-01	3.95e-01	8.83e-09
 6.05508e+16	6.18e-01	3.82e-01	9.01e-09
 6.05853e+16	6.32e-01	3.68e-01	9.18e-09
 6.06192e+16	6.44e-01	3.56e-01	9.34e-09
 6.06526e+16	6.57e-01	3.43e-01	9.50e-09
 6.06856e+16	6.69e-01	3.31e-01	9.65e-09
 6.07179e+16	6.81e-01	3.19e-01	9.78e-09
 6.07497e+16	6.93e-01	3.07e-01	9.92e-09
 6.07817e+16	7.04e-01	2.96e-01	1.00e-08
 6.08133e+16	7.16e-01	2.84e-01	1.01e-08
 6.08444e+16	7.26e-01	2.74e-01	1.03e-08
 6.08751e+16	7.37e-01	2.63e-01	1.04e-08
 6.09050e+16	7.47e-01	2.53e-01	1.04e-08
 6.09349e+16	7.57e-01	2.43e-01	1.05e-08
 6.09648e+16	7.66e-01	2.34e-01	1.06e-08
 6.09938e+16	7.76e-01	2.24e-01	1.07e-08
 6.10227e+16	7.84e-01	2.16e-01	1.07e-08
 6.10518e+16	7.93e-01	2.07e-01	1.08e-08
 6.10801e+16	8.01e-01	1.99e-01	1.09e-08
 6.11077e+16	8.10e-01	1.90e-01	1.09e-08
 6.11357e+16	8.17e-01	1.83e-01	1.09e-08
 6.11642e+16	8.25e-01	1.75e-01	1.10e-08
 6.11913e+16	8.32e-01	1.68e-01	1.10e-08
 6.12172e+16	8.39e-01	1.61e-01	1.10e-08
 6.12439e+16	8.45e-01	1.55e-01	1.10e-08
 6.12716e+16	8.52e-01	1.48e-01	1.10e-08
 6.12984e+16	8.58e-01	1.42e-01	1.10e-08
 6.13237e+16	8.64e-01	1.36e-01	1.10e-08
 6.13483e+16	8.69e-01	1.31e-01	1.10e-08
 6.13734e+16	8.75e-01	1.25e-01	1.10e-08
 6.13993e+16	8.80e-01	1.20e-01	1.10e-08
 6.14248e+16	8.85e-01	1.15e-01	1.10e-08
 6.14491e+16	8.90e-01	1.10e-01	1.09e-08
 6.14727e+16	8.94e-01	1.06e-01	1.09e-08
 6.14966e+16	8.98e-01	1.02e-01	1.08e-08
 6.15206e+16	9.03e-01	9.74e-02	1.08e-08
 6.15441e+16	9.07e-01	9.35e-02	1.07e-08
 6.15664e+16	9.10e-01	8.98e-02	1.07e-08
 6.15873e+16	9.13e-01	8.65e-02	1.06e-08
 6.16064e+16	9.16e-01	8.36e-02	1.06e-08
 6.16237e+16	9.19e-01	8.10e-02	1.05e-08
 6.16397e+16	9.21e-01	7.86e-02	1.04e-08
 6.16550e+16	9.24e-01	7.64e-02	1.04e-08
 6.16695e+16	9.26e-01	7.43e-02	1.03e-08
 6.16828e+16	9.28e-01	7.25e-02	1.02e-08
 6.16953e+16	9.29e-01	7.07e-02	1.02e-08
 6.17072e+16	9.31e-01	6.91e-02	1.01e-08
 6.17187e+16	9.32e-01	6.76e-02	1.00e-08
 6.17297e+16	9.34e-01	6.61e-02	9.94e-09
 6.17400e+16	9.35e-01	6.48e-02	9.87e-09
 6.17499e+16	9.36e-01	6.35e-02	9.80e-09
 6.17594e+16	9.38e-01	6.23e-02	9.73e-09
 6.17686e+16	9.39e-01	6.12e-02	9.66e-09
 6.17776e+16	9.40e-01	6.01e-02	9.59e-09
 6.17865e+16	9.41e-01	5.90e-02	9.51e-09
 6.17953e+16	9.42e-01	5.79e-02	9.44e-09
 6.18041e+16	9.43e-01	5.69e-02	9.36e-09
 6.18129e+16	9.44e-01	5.58e-02	9.27e-09
 6.18220e+16	9.45e-01	5.47e-02	9.18e-09
 6.18315e+16	9.46e-01	5.36e-02	9.08e-09
 6.18412e+16	9.47e-01	5.25e-02	8.97e-09
 6.18503e+16	9.49e-01	5.15e-02	8.87e-09
 6.18584e+16	9.49e-01	5.06e-02	8.76e-09
 6.18657e+16	9.50e-01	4.97e-02	8.66e-09
 6.18727e+16	9.51e-01	4.89e-02	8.56e-09
 6.18795e+16	9.52e-01	4.81e-02	8.48e-09
 6.18863e+16	9.53e-01	4.74e-02	8.37e-09
 6.18926e+16	9.53e-01	4.66e-02	8.28e-09
 6.18983e+16	9.54e-01	4.60e-02	8.18e-09
 6.19036e+16	9.55e-01	4.54e-02	8.10e-09
 6.19083e+16	9.55e-01	4.48e-02	8.00e-09
 6.19127e+16	9.56e-01	4.43e-02	7.93e-09
 6.19166e+16	9.56e-01	4.39e-02	7.87e-09
 6.19202e+16	9.57e-01	4.35e-02	7.81e-09
 6.19241e+16	9.57e-01	4.30e-02	7.74e-09
 6.19284e+16	9.57e-01	4.25e-02	7.67e-09
 6.19323e+16	9.58e-01	4.21e-02	7.60e-09
 6.19358e+16	9.58e-01	4.17e-02	7.54e-09
 6.19396e+16	9.59e-01	4.12e-02	7.47e-09
 6.19438e+16	9.59e-01	4.08e-02	7.40e-09
 6.19476e+16	9.60e-01	4.04e-02	7.33e-09
 6.19510e+16	9.60e-01	4.00e-02	7.27e-09
 6.19548e+16	9.60e-01	3.95e-02	7.20e-09
 6.19589e+16	9.61e-01	3.91e-02	7.13e-09
 6.19626e+16	9.61e-01	3.87e-02	7.08e-09
 6.19667e+16	9.62e-01	3.83e-02	7.02e-09
 6.19720e+16	9.62e-01	3.77e-02	6.94e-09
 6.19777e+16	9.63e-01	3.72e-02	6.87e-09
 6.19829e+16	9.63e-01	3.67e-02	6.80e-09
 6.19876e+16	9.64e-01	3.63e-02	6.74e-09
 6.19919e+16	9.64e-01	3.59e-02	6.69e-09
 6.19966e+16	9.65e-01	3.54e-02	6.62e-09
