#depth	O	O+	O+2	O+3	O+4	O+5	O+6	O+7	O+8	O[1]	O[2]	O[3]
 2.78609e+11	6.64e-06	7.05e-03	5.81e-01	4.11e-01	9.10e-04	0.00e+00	0.00e+00	0.00e+00	0.00e+00	5.18e-06	9.60e-07	5.02e-07
 1.67165e+12	6.64e-06	7.05e-03	5.81e-01	4.11e-01	9.08e-04	0.00e+00	0.00e+00	0.00e+00	0.00e+00	5.18e-06	9.60e-07	5.03e-07
 7.24382e+12	6.65e-06	7.07e-03	5.82e-01	4.10e-01	9.02e-04	0.00e+00	0.00e+00	0.00e+00	0.00e+00	5.18e-06	9.61e-07	5.03e-07
 2.95325e+13	6.69e-06	7.12e-03	5.86e-01	4.06e-01	8.80e-04	0.00e+00	0.00e+00	0.00e+00	0.00e+00	5.21e-06	9.67e-07	5.06e-07
 7.05437e+13	6.70e-06	7.18e-03	5.93e-01	3.99e-01	8.46e-04	0.00e+00	0.00e+00	0.00e+00	0.00e+00	5.22e-06	9.72e-07	5.10e-07
 1.23858e+14	6.74e-06	7.26e-03	6.01e-01	3.91e-01	8.04e-04	0.00e+00	0.00e+00	0.00e+00	0.00e+00	5.25e-06	9.79e-07	5.15e-07
 1.93167e+14	6.79e-06	7.38e-03	6.12e-01	3.80e-01	7.53e-04	0.00e+00	0.00e+00	0.00e+00	0.00e+00	5.29e-06	9.88e-07	5.20e-07
 2.83269e+14	6.86e-06	7.51e-03	6.26e-01	3.65e-01	6.91e-04	0.00e+00	0.00e+00	0.00e+00	0.00e+00	5.34e-06	9.99e-07	5.27e-07
 4.00401e+14	6.96e-06	7.70e-03	6.45e-01	3.47e-01	6.18e-04	0.00e+00	0.00e+00	0.00e+00	0.00e+00	5.41e-06	1.01e-06	5.35e-07
 5.52672e+14	7.07e-06	7.92e-03	6.69e-01	3.23e-01	5.33e-04	0.00e+00	0.00e+00	0.00e+00	0.00e+00	5.50e-06	1.03e-06	5.44e-07
 7.50625e+14	7.23e-06	8.21e-03	6.99e-01	2.92e-01	4.36e-04	0.00e+00	0.00e+00	0.00e+00	0.00e+00	5.61e-06	1.05e-06	5.58e-07
 1.00796e+15	7.41e-06	8.56e-03	7.38e-01	2.53e-01	3.32e-04	0.00e+00	0.00e+00	0.00e+00	0.00e+00	5.76e-06	1.09e-06	5.74e-07
 1.34251e+15	7.66e-06	9.01e-03	7.85e-01	2.05e-01	2.27e-04	0.00e+00	0.00e+00	0.00e+00	0.00e+00	5.94e-06	1.13e-06	5.96e-07
 1.77741e+15	8.00e-06	9.55e-03	8.40e-01	1.50e-01	1.31e-04	0.00e+00	0.00e+00	0.00e+00	0.00e+00	6.19e-06	1.18e-06	6.26e-07
 2.34278e+15	8.44e-06	1.02e-02	8.96e-01	9.36e-02	5.85e-05	0.00e+00	0.00e+00	0.00e+00	0.00e+00	6.52e-06	1.25e-06	6.64e-07
 3.07777e+15	9.04e-06	1.09e-02	9.43e-01	4.62e-02	1.80e-05	0.00e+00	0.00e+00	0.00e+00	0.00e+00	6.99e-06	1.34e-06	7.13e-07
 4.03325e+15	9.86e-06	1.16e-02	9.71e-01	1.71e-02	3.47e-06	0.00e+00	0.00e+00	0.00e+00	0.00e+00	7.62e-06	1.46e-06	7.76e-07
 5.06673e+15	1.06e-05	1.23e-02	9.82e-01	5.71e-03	5.71e-07	0.00e+00	0.00e+00	0.00e+00	0.00e+00	8.20e-06	1.56e-06	8.30e-07
 6.01307e+15	1.13e-05	1.29e-02	9.85e-01	2.17e-03	0.00e+00	0.00e+00	0.00e+00	0.00e+00	0.00e+00	8.76e-06	1.66e-06	8.84e-07
 7.05479e+15	1.23e-05	1.36e-02	9.86e-01	7.87e-04	0.00e+00	0.00e+00	0.00e+00	0.00e+00	0.00e+00	9.55e-06	1.81e-06	9.61e-07
 8.02576e+15	1.31e-05	1.42e-02	9.85e-01	3.27e-04	0.00e+00	0.00e+00	0.00e+00	0.00e+00	0.00e+00	1.01e-05	1.92e-06	1.02e-06
 8.82834e+15	1.39e-05	1.48e-02	9.85e-01	1.62e-04	0.00e+00	0.00e+00	0.00e+00	0.00e+00	0.00e+00	1.08e-05	2.04e-06	1.08e-06
 9.71117e+15	1.49e-05	1.54e-02	9.84e-01	7.72e-05	0.00e+00	0.00e+00	0.00e+00	0.00e+00	0.00e+00	1.16e-05	2.19e-06	1.16e-06
 1.06823e+16	1.61e-05	1.61e-02	9.84e-01	3.59e-05	0.00e+00	0.00e+00	0.00e+00	0.00e+00	0.00e+00	1.25e-05	2.36e-06	1.25e-06
 1.17505e+16	1.75e-05	1.69e-02	9.83e-01	1.63e-05	0.00e+00	0.00e+00	0.00e+00	0.00e+00	0.00e+00	1.35e-05	2.56e-06	1.37e-06
 1.29256e+16	1.91e-05	1.78e-02	9.82e-01	7.25e-06	0.00e+00	0.00e+00	0.00e+00	0.00e+00	0.00e+00	1.48e-05	2.82e-06	1.50e-06
 1.42181e+16	2.11e-05	1.88e-02	9.81e-01	3.22e-06	0.00e+00	0.00e+00	0.00e+00	0.00e+00	0.00e+00	1.63e-05	3.12e-06	1.67e-06
 1.56399e+16	2.36e-05	1.99e-02	9.80e-01	1.44e-06	0.00e+00	0.00e+00	0.00e+00	0.00e+00	0.00e+00	1.82e-05	3.50e-06	1.87e-06
 1.72039e+16	2.67e-05	2.13e-02	9.79e-01	6.61e-07	0.00e+00	0.00e+00	0.00e+00	0.00e+00	0.00e+00	2.06e-05	3.99e-06	2.14e-06
 1.89243e+16	3.07e-05	2.28e-02	9.77e-01	3.19e-07	0.00e+00	0.00e+00	0.00e+00	0.00e+00	0.00e+00	2.37e-05	4.62e-06	2.48e-06
 2.06768e+16	3.56e-05	2.45e-02	9.75e-01	1.70e-07	0.00e+00	0.00e+00	0.00e+00	0.00e+00	0.00e+00	2.73e-05	5.38e-06	2.89e-06
 2.22820e+16	4.10e-05	2.62e-02	9.74e-01	0.00e+00	0.00e+00	0.00e+00	0.00e+00	0.00e+00	0.00e+00	3.14e-05	6.23e-06	3.36e-06
 2.37610e+16	4.69e-05	2.79e-02	9.72e-01	0.00e+00	0.00e+00	0.00e+00	0.00e+00	0.00e+00	0.00e+00	3.58e-05	7.18e-06	3.88e-06
 2.51998e+16	5.38e-05	2.97e-02	9.70e-01	0.00e+00	0.00e+00	0.00e+00	0.00e+00	0.00e+00	0.00e+00	4.10e-05	8.28e-06	4.48e-06
 2.66022e+16	6.18e-05	3.17e-02	9.68e-01	0.00e+00	0.00e+00	0.00e+00	0.00e+00	0.00e+00	0.00e+00	4.71e-05	9.58e-06	5.19e-06
 2.79393e+16	7.11e-05	3.37e-02	9.66e-01	0.00e+00	0.00e+00	0.00e+00	0.00e+00	0.00e+00	0.00e+00	5.40e-05	1.11e-05	6.02e-06
 2.91980e+16	8.16e-05	3.58e-02	9.64e-01	0.00e+00	0.00e+00	0.00e+00	0.00e+00	0.00e+00	0.00e+00	6.18e-05	1.28e-05	6.95e-06
 3.03912e+16	9.35e-05	3.80e-02	9.62e-01	0.00e+00	0.00e+00	0.00e+00	0.00e+00	0.00e+00	0.00e+00	7.07e-05	1.47e-05	8.01e-06
 3.15373e+16	1.07e-04	4.03e-02	9.60e-01	0.00e+00	0.00e+00	0.00e+00	0.00e+00	0.00e+00	0.00e+00	8.09e-05	1.70e-05	9.24e-06
 3.26431e+16	1.23e-04	4.27e-02	9.57e-01	0.00e+00	0.00e+00	0.00e+00	0.00e+00	0.00e+00	0.00e+00	9.24e-05	1.95e-05	1.06e-05
 3.37167e+16	1.40e-04	4.53e-02	9.55e-01	0.00e+00	0.00e+00	0.00e+00	0.00e+00	0.00e+00	0.00e+00	1.06e-04	2.24e-05	1.23e-05
 3.47602e+16	1.61e-04	4.81e-02	9.52e-01	0.00e+00	0.00e+00	0.00e+00	0.00e+00	0.00e+00	0.00e+00	1.21e-04	2.59e-05	1.42e-05
 3.57605e+16	1.85e-04	5.11e-02	9.49e-01	0.00e+00	0.00e+00	0.00e+00	0.00e+00	0.00e+00	0.00e+00	1.39e-04	2.99e-05	1.64e-05
 3.67125e+16	2.13e-04	5.42e-02	9.46e-01	0.00e+00	0.00e+00	0.00e+00	0.00e+00	0.00e+00	0.00e+00	1.60e-04	3.45e-05	1.89e-05
 3.76241e+16	2.45e-04	5.77e-02	9.42e-01	0.00e+00	0.00e+00	0.00e+00	0.00e+00	0.00e+00	0.00e+00	1.83e-04	3.98e-05	2.18e-05
 3.85053e+16	2.82e-04	6.14e-02	9.38e-01	0.00e+00	0.00e+00	0.00e+00	0.00e+00	0.00e+00	0.00e+00	2.11e-04	4.60e-05	2.53e-05
 3.93602e+16	3.25e-04	6.54e-02	9.34e-01	0.00e+00	0.00e+00	0.00e+00	0.00e+00	0.00e+00	0.00e+00	2.43e-04	5.32e-05	2.93e-05
 4.01873e+16	3.76e-04	6.98e-02	9.30e-01	0.00e+00	0.00e+00	0.00e+00	0.00e+00	0.00e+00	0.00e+00	2.80e-04	6.18e-05	3.40e-05
 4.09848e+16	4.35e-04	7.47e-02	9.25e-01	0.00e+00	0.00e+00	0.00e+00	0.00e+00	0.00e+00	0.00e+00	3.24e-04	7.18e-05	3.96e-05
 4.17546e+16	5.05e-04	7.99e-02	9.20e-01	0.00e+00	0.00e+00	0.00e+00	0.00e+00	0.00e+00	0.00e+00	3.75e-04	8.36e-05	4.61e-05
 4.25005e+16	5.87e-04	8.57e-02	9.14e-01	0.00e+00	0.00e+00	0.00e+00	0.00e+00	0.00e+00	0.00e+00	4.35e-04	9.75e-05	5.38e-05
 4.32255e+16	6.84e-04	9.21e-02	9.07e-01	0.00e+00	0.00e+00	0.00e+00	0.00e+00	0.00e+00	0.00e+00	5.07e-04	1.14e-04	6.30e-05
 4.39303e+16	8.00e-04	9.93e-02	9.00e-01	0.00e+00	0.00e+00	0.00e+00	0.00e+00	0.00e+00	0.00e+00	5.92e-04	1.34e-04	7.40e-05
 4.46151e+16	9.39e-04	1.07e-01	8.92e-01	0.00e+00	0.00e+00	0.00e+00	0.00e+00	0.00e+00	0.00e+00	6.94e-04	1.58e-04	8.72e-05
 4.52809e+16	1.11e-03	1.16e-01	8.83e-01	0.00e+00	0.00e+00	0.00e+00	0.00e+00	0.00e+00	0.00e+00	8.15e-04	1.87e-04	1.03e-04
 4.59293e+16	1.31e-03	1.26e-01	8.73e-01	0.00e+00	0.00e+00	0.00e+00	0.00e+00	0.00e+00	0.00e+00	9.62e-04	2.21e-04	1.22e-04
 4.65620e+16	1.55e-03	1.37e-01	8.62e-01	0.00e+00	0.00e+00	0.00e+00	0.00e+00	0.00e+00	0.00e+00	1.14e-03	2.63e-04	1.46e-04
 4.71803e+16	1.85e-03	1.49e-01	8.49e-01	0.00e+00	0.00e+00	0.00e+00	0.00e+00	0.00e+00	0.00e+00	1.36e-03	3.15e-04	1.74e-04
 4.77851e+16	2.21e-03	1.63e-01	8.35e-01	0.00e+00	0.00e+00	0.00e+00	0.00e+00	0.00e+00	0.00e+00	1.62e-03	3.78e-04	2.08e-04
 4.83772e+16	2.66e-03	1.79e-01	8.19e-01	0.00e+00	0.00e+00	0.00e+00	0.00e+00	0.00e+00	0.00e+00	1.95e-03	4.57e-04	2.50e-04
 4.89578e+16	3.22e-03	1.96e-01	8.00e-01	0.00e+00	0.00e+00	0.00e+00	0.00e+00	0.00e+00	0.00e+00	2.36e-03	5.55e-04	3.03e-04
 4.95192e+16	3.91e-03	2.16e-01	7.80e-01	0.00e+00	0.00e+00	0.00e+00	0.00e+00	0.00e+00	0.00e+00	2.86e-03	6.76e-04	3.68e-04
 5.00480e+16	4.74e-03	2.38e-01	7.57e-01	0.00e+00	0.00e+00	0.00e+00	0.00e+00	0.00e+00	0.00e+00	3.47e-03	8.22e-04	4.47e-04
 5.05423e+16	5.73e-03	2.61e-01	7.33e-01	0.00e+00	0.00e+00	0.00e+00	0.00e+00	0.00e+00	0.00e+00	4.19e-03	9.96e-04	5.40e-04
 5.10123e+16	6.90e-03	2.86e-01	7.07e-01	0.00e+00	0.00e+00	0.00e+00	0.00e+00	0.00e+00	0.00e+00	5.04e-03	1.20e-03	6.51e-04
 5.14681e+16	8.32e-03	3.13e-01	6.79e-01	0.00e+00	0.00e+00	0.00e+00	0.00e+00	0.00e+00	0.00e+00	6.08e-03	1.46e-03	7.85e-04
 5.19109e+16	1.01e-02	3.42e-01	6.48e-01	0.00e+00	0.00e+00	0.00e+00	0.00e+00	0.00e+00	0.00e+00	7.35e-03	1.77e-03	9.50e-04
 5.23365e+16	1.22e-02	3.73e-01	6.14e-01	0.00e+00	0.00e+00	0.00e+00	0.00e+00	0.00e+00	0.00e+00	8.89e-03	2.14e-03	1.15e-03
 5.27423e+16	1.47e-02	4.06e-01	5.79e-01	0.00e+00	0.00e+00	0.00e+00	0.00e+00	0.00e+00	0.00e+00	1.07e-02	2.59e-03	1.39e-03
 5.31312e+16	1.77e-02	4.41e-01	5.41e-01	0.00e+00	0.00e+00	0.00e+00	0.00e+00	0.00e+00	0.00e+00	1.29e-02	3.13e-03	1.67e-03
 5.35079e+16	2.14e-02	4.77e-01	5.02e-01	0.00e+00	0.00e+00	0.00e+00	0.00e+00	0.00e+00	0.00e+00	1.56e-02	3.78e-03	2.01e-03
 5.38747e+16	2.58e-02	5.14e-01	4.60e-01	0.00e+00	0.00e+00	0.00e+00	0.00e+00	0.00e+00	0.00e+00	1.88e-02	4.56e-03	2.43e-03
 5.42296e+16	3.12e-02	5.51e-01	4.18e-01	0.00e+00	0.00e+00	0.00e+00	0.00e+00	0.00e+00	0.00e+00	2.27e-02	5.51e-03	2.93e-03
 5.45716e+16	3.75e-02	5.88e-01	3.75e-01	0.00e+00	0.00e+00	0.00e+00	0.00e+00	0.00e+00	0.00e+00	2.73e-02	6.61e-03	3.52e-03
 5.49052e+16	4.52e-02	6.24e-01	3.31e-01	0.00e+00	0.00e+00	0.00e+00	0.00e+00	0.00e+00	0.00e+00	3.30e-02	7.95e-03	4.24e-03
 5.52316e+16	5.47e-02	6.58e-01	2.87e-01	0.00e+00	0.00e+00	0.00e+00	0.00e+00	0.00e+00	0.00e+00	3.99e-02	9.59e-03	5.12e-03
 5.55464e+16	6.58e-02	6.89e-01	2.46e-01	0.00e+00	0.00e+00	0.00e+00	0.00e+00	0.00e+00	0.00e+00	4.81e-02	1.15e-02	6.15e-03
 5.58517e+16	7.90e-02	7.15e-01	2.06e-01	0.00e+00	0.00e+00	0.00e+00	0.00e+00	0.00e+00	0.00e+00	5.78e-02	1.37e-02	7.36e-03
 5.61159e+16	9.33e-02	7.34e-01	1.73e-01	0.00e+00	0.00e+00	0.00e+00	0.00e+00	0.00e+00	0.00e+00	6.84e-02	1.62e-02	8.68e-03
 5.63159e+16	1.06e-01	7.45e-01	1.49e-01	0.00e+00	0.00e+00	0.00e+00	0.00e+00	0.00e+00	0.00e+00	7.79e-02	1.83e-02	9.85e-03
 5.64871e+16	1.18e-01	7.52e-01	1.30e-01	0.00e+00	0.00e+00	0.00e+00	0.00e+00	0.00e+00	0.00e+00	8.70e-02	2.03e-02	1.10e-02
 5.66805e+16	1.34e-01	7.56e-01	1.11e-01	0.00e+00	0.00e+00	0.00e+00	0.00e+00	0.00e+00	0.00e+00	9.83e-02	2.28e-02	1.23e-02
 5.68899e+16	1.53e-01	7.56e-01	9.08e-02	0.00e+00	0.00e+00	0.00e+00	0.00e+00	0.00e+00	0.00e+00	1.13e-01	2.59e-02	1.41e-02
 5.70676e+16	1.72e-01	7.52e-01	7.54e-02	0.00e+00	0.00e+00	0.00e+00	0.00e+00	0.00e+00	0.00e+00	1.27e-01	2.90e-02	1.58e-02
 5.72117e+16	1.89e-01	7.46e-01	6.42e-02	0.00e+00	0.00e+00	0.00e+00	0.00e+00	0.00e+00	0.00e+00	1.40e-01	3.17e-02	1.74e-02
 5.73644e+16	2.09e-01	7.37e-01	5.38e-02	0.00e+00	0.00e+00	0.00e+00	0.00e+00	0.00e+00	0.00e+00	1.55e-01	3.47e-02	1.91e-02
 5.75320e+16	2.33e-01	7.23e-01	4.35e-02	0.00e+00	0.00e+00	0.00e+00	0.00e+00	0.00e+00	0.00e+00	1.74e-01	3.83e-02	2.12e-02
 5.76777e+16	2.57e-01	7.07e-01	3.56e-02	0.00e+00	0.00e+00	0.00e+00	0.00e+00	0.00e+00	0.00e+00	1.92e-01	4.18e-02	2.33e-02
 5.77977e+16	2.78e-01	6.92e-01	2.99e-02	0.00e+00	0.00e+00	0.00e+00	0.00e+00	0.00e+00	0.00e+00	2.08e-01	4.48e-02	2.51e-02
 5.79253e+16	3.02e-01	6.73e-01	2.47e-02	0.00e+00	0.00e+00	0.00e+00	0.00e+00	0.00e+00	0.00e+00	2.27e-01	4.81e-02	2.71e-02
 5.80665e+16	3.31e-01	6.50e-01	1.96e-02	0.00e+00	0.00e+00	0.00e+00	0.00e+00	0.00e+00	0.00e+00	2.49e-01	5.19e-02	2.95e-02
 5.81916e+16	3.58e-01	6.26e-01	1.58e-02	0.00e+00	0.00e+00	0.00e+00	0.00e+00	0.00e+00	0.00e+00	2.71e-01	5.53e-02	3.17e-02
 5.82982e+16	3.81e-01	6.05e-01	1.31e-02	0.00e+00	0.00e+00	0.00e+00	0.00e+00	0.00e+00	0.00e+00	2.90e-01	5.82e-02	3.36e-02
 5.84104e+16	4.08e-01	5.82e-01	1.06e-02	0.00e+00	0.00e+00	0.00e+00	0.00e+00	0.00e+00	0.00e+00	3.11e-01	6.13e-02	3.56e-02
 5.85332e+16	4.38e-01	5.53e-01	8.36e-03	0.00e+00	0.00e+00	0.00e+00	0.00e+00	0.00e+00	0.00e+00	3.36e-01	6.46e-02	3.79e-02
 5.86476e+16	4.68e-01	5.25e-01	6.59e-03	0.00e+00	0.00e+00	0.00e+00	0.00e+00	0.00e+00	0.00e+00	3.60e-01	6.76e-02	4.01e-02
 5.87497e+16	4.95e-01	4.99e-01	5.28e-03	0.00e+00	0.00e+00	0.00e+00	0.00e+00	0.00e+00	0.00e+00	3.83e-01	7.01e-02	4.20e-02
 5.88467e+16	5.21e-01	4.75e-01	4.26e-03	0.00e+00	0.00e+00	0.00e+00	0.00e+00	0.00e+00	0.00e+00	4.05e-01	7.23e-02	4.37e-02
 5.89381e+16	5.46e-01	4.51e-01	3.44e-03	0.00e+00	0.00e+00	0.00e+00	0.00e+00	0.00e+00	0.00e+00	4.27e-01	7.41e-02	4.53e-02
 5.90226e+16	5.68e-01	4.29e-01	2.81e-03	0.00e+00	0.00e+00	0.00e+00	0.00e+00	0.00e+00	0.00e+00	4.46e-01	7.55e-02	4.66e-02
 5.91016e+16	5.90e-01	4.07e-01	2.31e-03	0.00e+00	0.00e+00	0.00e+00	0.00e+00	0.00e+00	0.00e+00	4.66e-01	7.67e-02	4.78e-02
 5.91616e+16	6.06e-01	3.92e-01	2.00e-03	0.00e+00	0.00e+00	0.00e+00	0.00e+00	0.00e+00	0.00e+00	4.80e-01	7.75e-02	4.86e-02
 5.92019e+16	6.16e-01	3.82e-01	1.81e-03	0.00e+00	0.00e+00	0.00e+00	0.00e+00	0.00e+00	0.00e+00	4.89e-01	7.79e-02	4.91e-02
 5.92418e+16	6.26e-01	3.72e-01	1.63e-03	0.00e+00	0.00e+00	0.00e+00	0.00e+00	0.00e+00	0.00e+00	4.98e-01	7.83e-02	4.96e-02
 5.92902e+16	6.39e-01	3.60e-01	1.44e-03	0.00e+00	0.00e+00	0.00e+00	0.00e+00	0.00e+00	0.00e+00	5.10e-01	7.87e-02	5.02e-02
 5.93414e+16	6.52e-01	3.46e-01	1.25e-03	0.00e+00	0.00e+00	0.00e+00	0.00e+00	0.00e+00	0.00e+00	5.23e-01	7.90e-02	5.08e-02
 5.93881e+16	6.64e-01	3.35e-01	1.10e-03	0.00e+00	0.00e+00	0.00e+00	0.00e+00	0.00e+00	0.00e+00	5.34e-01	7.93e-02	5.12e-02
 5.94316e+16	6.76e-01	3.23e-01	9.79e-04	0.00e+00	0.00e+00	0.00e+00	0.00e+00	0.00e+00	0.00e+00	5.44e-01	7.95e-02	5.16e-02
 5.94751e+16	6.86e-01	3.13e-01	8.67e-04	0.00e+00	0.00e+00	0.00e+00	0.00e+00	0.00e+00	0.00e+00	5.55e-01	7.96e-02	5.20e-02
 5.95199e+16	6.98e-01	3.01e-01	7.62e-04	0.00e+00	0.00e+00	0.00e+00	0.00e+00	0.00e+00	0.00e+00	5.66e-01	7.96e-02	5.23e-02
 5.95644e+16	7.09e-01	2.91e-01	6.70e-04	0.00e+00	0.00e+00	0.00e+00	0.00e+00	0.00e+00	0.00e+00	5.77e-01	7.96e-02	5.26e-02
 5.96079e+16	7.20e-01	2.80e-01	5.90e-04	0.00e+00	0.00e+00	0.00e+00	0.00e+00	0.00e+00	0.00e+00	5.87e-01	7.94e-02	5.29e-02
 5.96505e+16	7.30e-01	2.70e-01	5.20e-04	0.00e+00	0.00e+00	0.00e+00	0.00e+00	0.00e+00	0.00e+00	5.97e-01	7.93e-02	5.31e-02
 5.96933e+16	7.40e-01	2.60e-01	4.57e-04	0.00e+00	0.00e+00	0.00e+00	0.00e+00	0.00e+00	0.00e+00	6.08e-01	7.91e-02	5.32e-02
 5.97366e+16	7.50e-01	2.49e-01	4.00e-04	0.00e+00	0.00e+00	0.00e+00	0.00e+00	0.00e+00	0.00e+00	6.18e-01	7.88e-02	5.33e-02
 5.97785e+16	7.60e-01	2.40e-01	3.51e-04	0.00e+00	0.00e+00	0.00e+00	0.00e+00	0.00e+00	0.00e+00	6.28e-01	7.84e-02	5.34e-02
 5.98196e+16	7.69e-01	2.31e-01	3.09e-04	0.00e+00	0.00e+00	0.00e+00	0.00e+00	0.00e+00	0.00e+00	6.37e-01	7.81e-02	5.34e-02
 5.98612e+16	7.78e-01	2.22e-01	2.70e-04	0.00e+00	0.00e+00	0.00e+00	0.00e+00	0.00e+00	0.00e+00	6.47e-01	7.76e-02	5.34e-02
 5.99029e+16	7.87e-01	2.13e-01	2.36e-04	0.00e+00	0.00e+00	0.00e+00	0.00e+00	0.00e+00	0.00e+00	6.56e-01	7.71e-02	5.34e-02
 5.99440e+16	7.96e-01	2.04e-01	2.07e-04	0.00e+00	0.00e+00	0.00e+00	0.00e+00	0.00e+00	0.00e+00	6.66e-01	7.66e-02	5.33e-02
 5.99845e+16	8.04e-01	1.96e-01	1.81e-04	0.00e+00	0.00e+00	0.00e+00	0.00e+00	0.00e+00	0.00e+00	6.74e-01	7.61e-02	5.32e-02
 6.00249e+16	8.12e-01	1.88e-01	1.58e-04	0.00e+00	0.00e+00	0.00e+00	0.00e+00	0.00e+00	0.00e+00	6.83e-01	7.55e-02	5.31e-02
 6.00657e+16	8.20e-01	1.80e-01	1.38e-04	0.00e+00	0.00e+00	0.00e+00	0.00e+00	0.00e+00	0.00e+00	6.92e-01	7.48e-02	5.29e-02
 6.01055e+16	8.27e-01	1.73e-01	1.20e-04	0.00e+00	0.00e+00	0.00e+00	0.00e+00	0.00e+00	0.00e+00	7.00e-01	7.42e-02	5.27e-02
 6.01446e+16	8.34e-01	1.66e-01	1.05e-04	0.00e+00	0.00e+00	0.00e+00	0.00e+00	0.00e+00	0.00e+00	7.08e-01	7.35e-02	5.25e-02
 6.01843e+16	8.41e-01	1.58e-01	9.14e-05	0.00e+00	0.00e+00	0.00e+00	0.00e+00	0.00e+00	0.00e+00	7.16e-01	7.28e-02	5.22e-02
 6.02242e+16	8.49e-01	1.51e-01	7.93e-05	0.00e+00	0.00e+00	0.00e+00	0.00e+00	0.00e+00	0.00e+00	7.25e-01	7.21e-02	5.19e-02
 6.02630e+16	8.55e-01	1.45e-01	6.91e-05	0.00e+00	0.00e+00	0.00e+00	0.00e+00	0.00e+00	0.00e+00	7.32e-01	7.13e-02	5.16e-02
 6.03008e+16	8.61e-01	1.39e-01	6.04e-05	0.00e+00	0.00e+00	0.00e+00	0.00e+00	0.00e+00	0.00e+00	7.39e-01	7.06e-02	5.13e-02
 6.03387e+16	8.67e-01	1.33e-01	5.26e-05	0.00e+00	0.00e+00	0.00e+00	0.00e+00	0.00e+00	0.00e+00	7.46e-01	6.99e-02	5.10e-02
 6.03766e+16	8.73e-01	1.27e-01	4.58e-05	0.00e+00	0.00e+00	0.00e+00	0.00e+00	0.00e+00	0.00e+00	7.53e-01	6.91e-02	5.07e-02
 6.04141e+16	8.78e-01	1.21e-01	3.99e-05	0.00e+00	0.00e+00	0.00e+00	0.00e+00	0.00e+00	0.00e+00	7.60e-01	6.84e-02	5.03e-02
 6.04507e+16	8.84e-01	1.16e-01	3.48e-05	0.00e+00	0.00e+00	0.00e+00	0.00e+00	0.00e+00	0.00e+00	7.66e-01	6.77e-02	4.99e-02
 6.04861e+16	8.89e-01	1.11e-01	3.05e-05	0.00e+00	0.00e+00	0.00e+00	0.00e+00	0.00e+00	0.00e+00	7.72e-01	6.70e-02	4.96e-02
 6.05209e+16	8.93e-01	1.07e-01	2.67e-05	0.00e+00	0.00e+00	0.00e+00	0.00e+00	0.00e+00	0.00e+00	7.78e-01	6.62e-02	4.92e-02
 6.05559e+16	8.98e-01	1.02e-01	2.34e-05	0.00e+00	0.00e+00	0.00e+00	0.00e+00	0.00e+00	0.00e+00	7.83e-01	6.55e-02	4.88e-02
 6.05907e+16	9.02e-01	9.80e-02	2.05e-05	0.00e+00	0.00e+00	0.00e+00	0.00e+00	0.00e+00	0.00e+00	7.89e-01	6.49e-02	4.85e-02
 6.06246e+16	9.06e-01	9.39e-02	1.80e-05	0.00e+00	0.00e+00	0.00e+00	0.00e+00	0.00e+00	0.00e+00	7.94e-01	6.42e-02	4.81e-02
 6.06575e+16	9.10e-01	9.00e-02	1.58e-05	0.00e+00	0.00e+00	0.00e+00	0.00e+00	0.00e+00	0.00e+00	7.99e-01	6.35e-02	4.77e-02
 6.06903e+16	9.14e-01	8.65e-02	1.39e-05	0.00e+00	0.00e+00	0.00e+00	0.00e+00	0.00e+00	0.00e+00	8.03e-01	6.29e-02	4.74e-02
 6.07232e+16	9.17e-01	8.28e-02	1.22e-05	0.00e+00	0.00e+00	0.00e+00	0.00e+00	0.00e+00	0.00e+00	8.08e-01	6.22e-02	4.70e-02
 6.07555e+16	9.21e-01	7.94e-02	1.07e-05	0.00e+00	0.00e+00	0.00e+00	0.00e+00	0.00e+00	0.00e+00	8.12e-01	6.16e-02	4.66e-02
 6.07868e+16	9.24e-01	7.62e-02	9.48e-06	0.00e+00	0.00e+00	0.00e+00	0.00e+00	0.00e+00	0.00e+00	8.17e-01	6.10e-02	4.63e-02
 6.08182e+16	9.27e-01	7.30e-02	8.36e-06	0.00e+00	0.00e+00	0.00e+00	0.00e+00	0.00e+00	0.00e+00	8.21e-01	6.04e-02	4.59e-02
 6.08493e+16	9.30e-01	7.02e-02	7.38e-06	0.00e+00	0.00e+00	0.00e+00	0.00e+00	0.00e+00	0.00e+00	8.24e-01	5.98e-02	4.56e-02
 6.08797e+16	9.33e-01	6.73e-02	6.52e-06	0.00e+00	0.00e+00	0.00e+00	0.00e+00	0.00e+00	0.00e+00	8.28e-01	5.93e-02	4.52e-02
 6.09101e+16	9.35e-01	6.46e-02	5.76e-06	0.00e+00	0.00e+00	0.00e+00	0.00e+00	0.00e+00	0.00e+00	8.32e-01	5.87e-02	4.48e-02
 6.09401e+16	9.38e-01	6.19e-02	5.10e-06	0.00e+00	0.00e+00	0.00e+00	0.00e+00	0.00e+00	0.00e+00	8.35e-01	5.81e-02	4.44e-02
 6.09693e+16	9.40e-01	5.95e-02	4.52e-06	0.00e+00	0.00e+00	0.00e+00	0.00e+00	0.00e+00	0.00e+00	8.39e-01	5.76e-02	4.41e-02
 6.09988e+16	9.43e-01	5.71e-02	4.00e-06	0.00e+00	0.00e+00	0.00e+00	0.00e+00	0.00e+00	0.00e+00	8.42e-01	5.71e-02	4.37e-02
 6.10281e+16	9.45e-01	5.48e-02	3.54e-06	0.00e+00	0.00e+00	0.00e+00	0.00e+00	0.00e+00	0.00e+00	8.45e-01	5.66e-02	4.33e-02
 6.10564e+16	9.47e-01	5.26e-02	3.15e-06	0.00e+00	0.00e+00	0.00e+00	0.00e+00	0.00e+00	0.00e+00	8.48e-01	5.61e-02	4.29e-02
 6.10844e+16	9.49e-01	5.07e-02	2.80e-06	0.00e+00	0.00e+00	0.00e+00	0.00e+00	0.00e+00	0.00e+00	8.51e-01	5.56e-02	4.26e-02
 6.11128e+16	9.51e-01	4.86e-02	2.49e-06	0.00e+00	0.00e+00	0.00e+00	0.00e+00	0.00e+00	0.00e+00	8.54e-01	5.52e-02	4.23e-02
 6.11412e+16	9.53e-01	4.66e-02	2.21e-06	0.00e+00	0.00e+00	0.00e+00	0.00e+00	0.00e+00	0.00e+00	8.57e-01	5.47e-02	4.19e-02
 6.11687e+16	9.55e-01	4.48e-02	1.97e-06	0.00e+00	0.00e+00	0.00e+00	0.00e+00	0.00e+00	0.00e+00	8.59e-01	5.43e-02	4.16e-02
 6.11955e+16	9.57e-01	4.30e-02	1.75e-06	0.00e+00	0.00e+00	0.00e+00	0.00e+00	0.00e+00	0.00e+00	8.62e-01	5.38e-02	4.13e-02
 6.12227e+16	9.59e-01	4.14e-02	1.56e-06	0.00e+00	0.00e+00	0.00e+00	0.00e+00	0.00e+00	0.00e+00	8.64e-01	5.34e-02	4.10e-02
 6.12500e+16	9.60e-01	3.97e-02	1.39e-06	0.00e+00	0.00e+00	0.00e+00	0.00e+00	0.00e+00	0.00e+00	8.67e-01	5.30e-02	4.07e-02
 6.12761e+16	9.62e-01	3.81e-02	1.24e-06	0.00e+00	0.00e+00	0.00e+00	0.00e+00	0.00e+00	0.00e+00	8.69e-01	5.26e-02	4.04e-02
 6.13018e+16	9.63e-01	3.66e-02	1.11e-06	0.00e+00	0.00e+00	0.00e+00	0.00e+00	0.00e+00	0.00e+00	8.71e-01	5.22e-02	4.01e-02
 6.13283e+16	9.65e-01	3.51e-02	9.91e-07	0.00e+00	0.00e+00	0.00e+00	0.00e+00	0.00e+00	0.00e+00	8.73e-01	5.19e-02	3.98e-02
 6.13552e+16	9.66e-01	3.37e-02	8.81e-07	0.00e+00	0.00e+00	0.00e+00	0.00e+00	0.00e+00	0.00e+00	8.75e-01	5.15e-02	3.95e-02
 6.13811e+16	9.68e-01	3.24e-02	7.89e-07	0.00e+00	0.00e+00	0.00e+00	0.00e+00	0.00e+00	0.00e+00	8.77e-01	5.12e-02	3.93e-02
 6.14053e+16	9.69e-01	3.11e-02	7.11e-07	0.00e+00	0.00e+00	0.00e+00	0.00e+00	0.00e+00	0.00e+00	8.79e-01	5.09e-02	3.90e-02
 6.14292e+16	9.70e-01	3.00e-02	6.40e-07	0.00e+00	0.00e+00	0.00e+00	0.00e+00	0.00e+00	0.00e+00	8.81e-01	5.05e-02	3.88e-02
 6.14542e+16	9.71e-01	2.87e-02	5.73e-07	0.00e+00	0.00e+00	0.00e+00	0.00e+00	0.00e+00	0.00e+00	8.83e-01	5.02e-02	3.85e-02
 6.14793e+16	9.72e-01	2.75e-02	5.13e-07	0.00e+00	0.00e+00	0.00e+00	0.00e+00	0.00e+00	0.00e+00	8.84e-01	4.99e-02	3.83e-02
 6.15033e+16	9.74e-01	2.64e-02	4.62e-07	0.00e+00	0.00e+00	0.00e+00	0.00e+00	0.00e+00	0.00e+00	8.86e-01	4.96e-02	3.80e-02
 6.15266e+16	9.75e-01	2.54e-02	4.17e-07	0.00e+00	0.00e+00	0.00e+00	0.00e+00	0.00e+00	0.00e+00	8.88e-01	4.93e-02	3.78e-02
 6.15499e+16	9.76e-01	2.44e-02	3.76e-07	0.00e+00	0.00e+00	0.00e+00	0.00e+00	0.00e+00	0.00e+00	8.89e-01	4.90e-02	3.76e-02
 6.15730e+16	9.77e-01	2.34e-02	3.39e-07	0.00e+00	0.00e+00	0.00e+00	0.00e+00	0.00e+00	0.00e+00	8.91e-01	4.87e-02	3.74e-02
 6.15944e+16	9.78e-01	2.25e-02	3.09e-07	0.00e+00	0.00e+00	0.00e+00	0.00e+00	0.00e+00	0.00e+00	8.92e-01	4.85e-02	3.71e-02
 6.16141e+16	9.78e-01	2.17e-02	2.83e-07	0.00e+00	0.00e+00	0.00e+00	0.00e+00	0.00e+00	0.00e+00	8.93e-01	4.82e-02	3.70e-02
 6.16322e+16	9.79e-01	2.10e-02	2.62e-07	0.00e+00	0.00e+00	0.00e+00	0.00e+00	0.00e+00	0.00e+00	8.94e-01	4.80e-02	3.68e-02
 6.16487e+16	9.80e-01	2.04e-02	2.44e-07	0.00e+00	0.00e+00	0.00e+00	0.00e+00	0.00e+00	0.00e+00	8.95e-01	4.78e-02	3.66e-02
 6.16644e+16	9.80e-01	1.98e-02	2.27e-07	0.00e+00	0.00e+00	0.00e+00	0.00e+00	0.00e+00	0.00e+00	8.96e-01	4.77e-02	3.65e-02
 6.16792e+16	9.81e-01	1.92e-02	2.13e-07	0.00e+00	0.00e+00	0.00e+00	0.00e+00	0.00e+00	0.00e+00	8.97e-01	4.75e-02	3.63e-02
 6.16928e+16	9.81e-01	1.87e-02	2.01e-07	0.00e+00	0.00e+00	0.00e+00	0.00e+00	0.00e+00	0.00e+00	8.98e-01	4.73e-02	3.62e-02
 6.17055e+16	9.82e-01	1.83e-02	1.90e-07	0.00e+00	0.00e+00	0.00e+00	0.00e+00	0.00e+00	0.00e+00	8.99e-01	4.71e-02	3.61e-02
 6.17177e+16	9.82e-01	1.78e-02	1.80e-07	0.00e+00	0.00e+00	0.00e+00	0.00e+00	0.00e+00	0.00e+00	8.99e-01	4.70e-02	3.59e-02
 6.17293e+16	9.83e-01	1.74e-02	1.71e-07	0.00e+00	0.00e+00	0.00e+00	0.00e+00	0.00e+00	0.00e+00	9.00e-01	4.68e-02	3.58e-02
 6.17405e+16	9.83e-01	1.70e-02	1.63e-07	0.00e+00	0.00e+00	0.00e+00	0.00e+00	0.00e+00	0.00e+00	9.01e-01	4.67e-02	3.57e-02
 6.17511e+16	9.83e-01	1.66e-02	1.55e-07	0.00e+00	0.00e+00	0.00e+00	0.00e+00	0.00e+00	0.00e+00	9.01e-01	4.65e-02	3.55e-02
 6.17612e+16	9.84e-01	1.62e-02	1.48e-07	0.00e+00	0.00e+00	0.00e+00	0.00e+00	0.00e+00	0.00e+00	9.02e-01	4.64e-02	3.54e-02
 6.17709e+16	9.84e-01	1.59e-02	1.42e-07	0.00e+00	0.00e+00	0.00e+00	0.00e+00	0.00e+00	0.00e+00	9.03e-01	4.62e-02	3.53e-02
 6.17800e+16	9.84e-01	1.56e-02	1.36e-07	0.00e+00	0.00e+00	0.00e+00	0.00e+00	0.00e+00	0.00e+00	9.03e-01	4.61e-02	3.52e-02
 6.17890e+16	9.85e-01	1.52e-02	1.31e-07	0.00e+00	0.00e+00	0.00e+00	0.00e+00	0.00e+00	0.00e+00	9.04e-01	4.60e-02	3.51e-02
 6.17983e+16	9.85e-01	1.49e-02	1.25e-07	0.00e+00	0.00e+00	0.00e+00	0.00e+00	0.00e+00	0.00e+00	9.04e-01	4.58e-02	3.50e-02
 6.18072e+16	9.85e-01	1.46e-02	1.20e-07	0.00e+00	0.00e+00	0.00e+00	0.00e+00	0.00e+00	0.00e+00	9.05e-01	4.57e-02	3.48e-02
 6.18159e+16	9.86e-01	1.42e-02	1.16e-07	0.00e+00	0.00e+00	0.00e+00	0.00e+00	0.00e+00	0.00e+00	9.06e-01	4.56e-02	3.47e-02
 6.18247e+16	9.86e-01	1.39e-02	1.11e-07	0.00e+00	0.00e+00	0.00e+00	0.00e+00	0.00e+00	0.00e+00	9.06e-01	4.54e-02	3.46e-02
 6.18338e+16	9.86e-01	1.35e-02	1.06e-07	0.00e+00	0.00e+00	0.00e+00	0.00e+00	0.00e+00	0.00e+00	9.07e-01	4.52e-02	3.44e-02
 6.18432e+16	9.87e-01	1.32e-02	1.02e-07	0.00e+00	0.00e+00	0.00e+00	0.00e+00	0.00e+00	0.00e+00	9.08e-01	4.51e-02	3.43e-02
 6.18529e+16	9.87e-01	1.28e-02	9.71e-08	0.00e+00	0.00e+00	0.00e+00	0.00e+00	0.00e+00	0.00e+00	9.08e-01	4.49e-02	3.41e-02
 6.18621e+16	9.88e-01	1.24e-02	9.29e-08	0.00e+00	0.00e+00	0.00e+00	0.00e+00	0.00e+00	0.00e+00	9.09e-01	4.47e-02	3.39e-02
 6.18704e+16	9.88e-01	1.21e-02	8.92e-08	0.00e+00	0.00e+00	0.00e+00	0.00e+00	0.00e+00	0.00e+00	9.10e-01	4.45e-02	3.38e-02
 6.18780e+16	9.88e-01	1.18e-02	8.59e-08	0.00e+00	0.00e+00	0.00e+00	0.00e+00	0.00e+00	0.00e+00	9.10e-01	4.43e-02	3.36e-02
 6.18852e+16	9.89e-01	1.15e-02	8.29e-08	0.00e+00	0.00e+00	0.00e+00	0.00e+00	0.00e+00	0.00e+00	9.11e-01	4.42e-02	3.35e-02
 6.18921e+16	9.89e-01	1.12e-02	8.00e-08	0.00e+00	0.00e+00	0.00e+00	0.00e+00	0.00e+00	0.00e+00	9.11e-01	4.40e-02	3.33e-02
 6.18987e+16	9.89e-01	1.09e-02	7.73e-08	0.00e+00	0.00e+00	0.00e+00	0.00e+00	0.00e+00	0.00e+00	9.12e-01	4.38e-02	3.32e-02
 6.19049e+16	9.89e-01	1.07e-02	7.49e-08	0.00e+00	0.00e+00	0.00e+00	0.00e+00	0.00e+00	0.00e+00	9.13e-01	4.37e-02	3.30e-02
 6.19104e+16	9.90e-01	1.05e-02	7.27e-08	0.00e+00	0.00e+00	0.00e+00	0.00e+00	0.00e+00	0.00e+00	9.13e-01	4.35e-02	3.29e-02
 6.19155e+16	9.90e-01	1.03e-02	7.07e-08	0.00e+00	0.00e+00	0.00e+00	0.00e+00	0.00e+00	0.00e+00	9.14e-01	4.34e-02	3.28e-02
 6.19202e+16	9.90e-01	1.01e-02	6.89e-08	0.00e+00	0.00e+00	0.00e+00	0.00e+00	0.00e+00	0.00e+00	9.14e-01	4.32e-02	3.26e-02
 6.19244e+16	9.90e-01	9.90e-03	6.74e-08	0.00e+00	0.00e+00	0.00e+00	0.00e+00	0.00e+00	0.00e+00	9.14e-01	4.31e-02	3.25e-02
 6.19282e+16	9.90e-01	9.77e-03	6.60e-08	0.00e+00	0.00e+00	0.00e+00	0.00e+00	0.00e+00	0.00e+00	9.15e-01	4.30e-02	3.24e-02
 6.19324e+16	9.90e-01	9.59e-03	6.44e-08	0.00e+00	0.00e+00	0.00e+00	0.00e+00	0.00e+00	0.00e+00	9.15e-01	4.29e-02	3.23e-02
 6.19369e+16	9.91e-01	9.43e-03	6.28e-08	0.00e+00	0.00e+00	0.00e+00	0.00e+00	0.00e+00	0.00e+00	9.16e-01	4.27e-02	3.22e-02
 6.19411e+16	9.91e-01	9.28e-03	6.13e-08	0.00e+00	0.00e+00	0.00e+00	0.00e+00	0.00e+00	0.00e+00	9.16e-01	4.26e-02	3.21e-02
 6.19448e+16	9.91e-01	9.13e-03	5.99e-08	0.00e+00	0.00e+00	0.00e+00	0.00e+00	0.00e+00	0.00e+00	9.16e-01	4.25e-02	3.20e-02
 6.19482e+16	9.91e-01	9.02e-03	5.88e-08	0.00e+00	0.00e+00	0.00e+00	0.00e+00	0.00e+00	0.00e+00	9.17e-01	4.23e-02	3.19e-02
 6.19520e+16	9.91e-01	8.88e-03	5.74e-08	0.00e+00	0.00e+00	0.00e+00	0.00e+00	0.00e+00	0.00e+00	9.17e-01	4.22e-02	3.18e-02
 6.19560e+16	9.91e-01	8.73e-03	5.60e-08	0.00e+00	0.00e+00	0.00e+00	0.00e+00	0.00e+00	0.00e+00	9.18e-01	4.20e-02	3.16e-02
 6.19597e+16	9.91e-01	8.60e-03	5.48e-08	0.00e+00	0.00e+00	0.00e+00	0.00e+00	0.00e+00	0.00e+00	9.18e-01	4.19e-02	3.15e-02
 6.19630e+16	9.92e-01	8.48e-03	5.37e-08	0.00e+00	0.00e+00	0.00e+00	0.00e+00	0.00e+00	0.00e+00	9.18e-01	4.18e-02	3.14e-02
 6.19667e+16	9.92e-01	8.36e-03	5.25e-08	0.00e+00	0.00e+00	0.00e+00	0.00e+00	0.00e+00	0.00e+00	9.19e-01	4.17e-02	3.13e-02
 6.19707e+16	9.92e-01	8.22e-03	5.11e-08	0.00e+00	0.00e+00	0.00e+00	0.00e+00	0.00e+00	0.00e+00	9.19e-01	4.15e-02	3.12e-02
 6.19743e+16	9.92e-01	8.11e-03	5.01e-08	0.00e+00	0.00e+00	0.00e+00	0.00e+00	0.00e+00	0.00e+00	9.19e-01	4.14e-02	3.11e-02
 6.19782e+16	9.92e-01	8.00e-03	4.88e-08	0.00e+00	0.00e+00	0.00e+00	0.00e+00	0.00e+00	0.00e+00	9.20e-01	4.13e-02	3.10e-02
 6.19834e+16	9.92e-01	7.86e-03	4.73e-08	0.00e+00	0.00e+00	0.00e+00	0.00e+00	0.00e+00	0.00e+00	9.20e-01	4.11e-02	3.09e-02
 6.19889e+16	9.92e-01	7.70e-03	4.58e-08	0.00e+00	0.00e+00	0.00e+00	0.00e+00	0.00e+00	0.00e+00	9.21e-01	4.10e-02	3.08e-02
 6.19939e+16	9.92e-01	7.56e-03	4.43e-08	0.00e+00	0.00e+00	0.00e+00	0.00e+00	0.00e+00	0.00e+00	9.21e-01	4.08e-02	3.06e-02
 6.19985e+16	9.93e-01	7.44e-03	4.31e-08	0.00e+00	0.00e+00	0.00e+00	0.00e+00	0.00e+00	0.00e+00	9.21e-01	4.07e-02	3.05e-02
 6.20036e+16	9.93e-01	7.31e-03	4.17e-08	0.00e+00	0.00e+00	0.00e+00	0.00e+00	0.00e+00	0.00e+00	9.22e-01	4.06e-02	3.04e-02
###########################
 2.89659e+11	6.34e-06	6.85e-03	5.77e-01	4.15e-01	9.42e-04	0.00e+00	0.00e+00	0.00e+00	0.00e+00	4.92e-06	9.25e-07	4.87e-07
 1.73795e+12	6.32e-06	6.84e-03	5.78e-01	4.15e-01	9.41e-04	0.00e+00	0.00e+00	0.00e+00	0.00e+00	4.91e-06	9.22e-07	4.86e-07
 7.53113e+12	6.33e-06	6.85e-03	5.79e-01	4.14e-01	9.34e-04	0.00e+00	0.00e+00	0.00e+00	0.00e+00	4.92e-06	9.24e-07	4.87e-07
 3.07038e+13	6.36e-06	6.90e-03	5.83e-01	4.09e-01	9.11e-04	0.00e+00	0.00e+00	0.00e+00	0.00e+00	4.94e-06	9.30e-07	4.91e-07
 7.33416e+13	6.35e-06	6.94e-03	5.90e-01	4.03e-01	8.75e-04	0.00e+00	0.00e+00	0.00e+00	0.00e+00	4.92e-06	9.30e-07	4.92e-07
 1.28771e+14	6.36e-06	7.01e-03	5.98e-01	3.94e-01	8.30e-04	0.00e+00	0.00e+00	0.00e+00	0.00e+00	4.93e-06	9.33e-07	4.94e-07
 2.00829e+14	6.38e-06	7.11e-03	6.10e-01	3.83e-01	7.76e-04	0.00e+00	0.00e+00	0.00e+00	0.00e+00	4.95e-06	9.37e-07	4.96e-07
 2.94504e+14	6.43e-06	7.23e-03	6.24e-01	3.68e-01	7.10e-04	0.00e+00	0.00e+00	0.00e+00	0.00e+00	4.99e-06	9.43e-07	5.00e-07
 4.16282e+14	6.48e-06	7.38e-03	6.43e-01	3.49e-01	6.33e-04	0.00e+00	0.00e+00	0.00e+00	0.00e+00	5.03e-06	9.52e-07	5.05e-07
 5.74593e+14	6.57e-06	7.59e-03	6.68e-01	3.24e-01	5.43e-04	0.00e+00	0.00e+00	0.00e+00	0.00e+00	5.10e-06	9.65e-07	5.12e-07
 7.80397e+14	6.70e-06	7.87e-03	7.00e-01	2.92e-01	4.41e-04	0.00e+00	0.00e+00	0.00e+00	0.00e+00	5.20e-06	9.85e-07	5.23e-07
 1.04794e+15	6.87e-06	8.21e-03	7.40e-01	2.52e-01	3.32e-04	0.00e+00	0.00e+00	0.00e+00	0.00e+00	5.32e-06	1.01e-06	5.38e-07
 1.39575e+15	7.11e-06	8.65e-03	7.89e-01	2.02e-01	2.23e-04	0.00e+00	0.00e+00	0.00e+00	0.00e+00	5.50e-06	1.05e-06	5.59e-07
 1.84790e+15	7.45e-06	9.20e-03	8.45e-01	1.46e-01	1.26e-04	0.00e+00	0.00e+00	0.00e+00	0.00e+00	5.76e-06	1.11e-06	5.90e-07
 2.43570e+15	7.94e-06	9.87e-03	9.02e-01	8.84e-02	5.39e-05	0.00e+00	0.00e+00	0.00e+00	0.00e+00	6.13e-06	1.18e-06	6.32e-07
 3.19984e+15	8.61e-06	1.06e-02	9.47e-01	4.21e-02	1.57e-05	0.00e+00	0.00e+00	0.00e+00	0.00e+00	6.64e-06	1.28e-06	6.86e-07
 4.19322e+15	9.49e-06	1.14e-02	9.74e-01	1.49e-02	2.81e-06	0.00e+00	0.00e+00	0.00e+00	0.00e+00	7.32e-06	1.41e-06	7.55e-07
 5.24950e+15	1.03e-05	1.21e-02	9.83e-01	4.87e-03	4.45e-07	0.00e+00	0.00e+00	0.00e+00	0.00e+00	7.93e-06	1.52e-06	8.11e-07
 6.18926e+15	1.10e-05	1.27e-02	9.85e-01	1.88e-03	0.00e+00	0.00e+00	0.00e+00	0.00e+00	0.00e+00	8.50e-06	1.62e-06	8.66e-07
 7.21266e+15	1.20e-05	1.34e-02	9.86e-01	6.97e-04	0.00e+00	0.00e+00	0.00e+00	0.00e+00	0.00e+00	9.27e-06	1.77e-06	9.42e-07
 8.18067e+15	1.28e-05	1.41e-02	9.86e-01	2.92e-04	0.00e+00	0.00e+00	0.00e+00	0.00e+00	0.00e+00	9.89e-06	1.88e-06	1.00e-06
 8.99873e+15	1.37e-05	1.47e-02	9.85e-01	1.43e-04	0.00e+00	0.00e+00	0.00e+00	0.00e+00	0.00e+00	1.06e-05	2.01e-06	1.07e-06
 9.89861e+15	1.47e-05	1.53e-02	9.85e-01	6.78e-05	0.00e+00	0.00e+00	0.00e+00	0.00e+00	0.00e+00	1.14e-05	2.16e-06	1.15e-06
 1.08885e+16	1.60e-05	1.61e-02	9.84e-01	3.12e-05	0.00e+00	0.00e+00	0.00e+00	0.00e+00	0.00e+00	1.24e-05	2.35e-06	1.25e-06
 1.19773e+16	1.74e-05	1.69e-02	9.83e-01	1.41e-05	0.00e+00	0.00e+00	0.00e+00	0.00e+00	0.00e+00	1.35e-05	2.56e-06	1.36e-06
 1.31750e+16	1.91e-05	1.78e-02	9.82e-01	6.24e-06	0.00e+00	0.00e+00	0.00e+00	0.00e+00	0.00e+00	1.48e-05	2.82e-06	1.51e-06
 1.44925e+16	2.13e-05	1.89e-02	9.81e-01	2.76e-06	0.00e+00	0.00e+00	0.00e+00	0.00e+00	0.00e+00	1.64e-05	3.15e-06	1.68e-06
 1.59418e+16	2.39e-05	2.01e-02	9.80e-01	1.24e-06	0.00e+00	0.00e+00	0.00e+00	0.00e+00	0.00e+00	1.85e-05	3.55e-06	1.90e-06
 1.75360e+16	2.73e-05	2.15e-02	9.78e-01	5.69e-07	0.00e+00	0.00e+00	0.00e+00	0.00e+00	0.00e+00	2.10e-05	4.07e-06	2.18e-06
 1.92896e+16	3.15e-05	2.31e-02	9.77e-01	2.75e-07	0.00e+00	0.00e+00	0.00e+00	0.00e+00	0.00e+00	2.43e-05	4.73e-06	2.54e-06
 2.11019e+16	3.69e-05	2.50e-02	9.75e-01	1.46e-07	0.00e+00	0.00e+00	0.00e+00	0.00e+00	0.00e+00	2.83e-05	5.57e-06	3.00e-06
 2.28061e+16	4.30e-05	2.69e-02	9.73e-01	0.00e+00	0.00e+00	0.00e+00	0.00e+00	0.00e+00	0.00e+00	3.29e-05	6.54e-06	3.52e-06
 2.43712e+16	4.98e-05	2.88e-02	9.71e-01	0.00e+00	0.00e+00	0.00e+00	0.00e+00	0.00e+00	0.00e+00	3.80e-05	7.62e-06	4.12e-06
 2.58473e+16	5.75e-05	3.07e-02	9.69e-01	0.00e+00	0.00e+00	0.00e+00	0.00e+00	0.00e+00	0.00e+00	4.39e-05	8.86e-06	4.79e-06
 2.72283e+16	6.63e-05	3.27e-02	9.67e-01	0.00e+00	0.00e+00	0.00e+00	0.00e+00	0.00e+00	0.00e+00	5.04e-05	1.03e-05	5.56e-06
 2.85019e+16	7.60e-05	3.47e-02	9.65e-01	0.00e+00	0.00e+00	0.00e+00	0.00e+00	0.00e+00	0.00e+00	5.77e-05	1.18e-05	6.42e-06
 2.97101e+16	8.69e-05	3.68e-02	9.63e-01	0.00e+00	0.00e+00	0.00e+00	0.00e+00	0.00e+00	0.00e+00	6.58e-05	1.36e-05	7.39e-06
 3.08851e+16	9.95e-05	3.91e-02	9.61e-01	0.00e+00	0.00e+00	0.00e+00	0.00e+00	0.00e+00	0.00e+00	7.53e-05	1.57e-05	8.53e-06
 3.20254e+16	1.14e-04	4.15e-02	9.58e-01	0.00e+00	0.00e+00	0.00e+00	0.00e+00	0.00e+00	0.00e+00	8.63e-05	1.81e-05	9.85e-06
 3.31162e+16	1.31e-04	4.40e-02	9.56e-01	0.00e+00	0.00e+00	0.00e+00	0.00e+00	0.00e+00	0.00e+00	9.86e-05	2.08e-05	1.13e-05
 3.41635e+16	1.50e-04	4.66e-02	9.53e-01	0.00e+00	0.00e+00	0.00e+00	0.00e+00	0.00e+00	0.00e+00	1.13e-04	2.40e-05	1.31e-05
 3.51808e+16	1.72e-04	4.94e-02	9.50e-01	0.00e+00	0.00e+00	0.00e+00	0.00e+00	0.00e+00	0.00e+00	1.29e-04	2.76e-05	1.51e-05
 3.61631e+16	1.97e-04	5.25e-02	9.47e-01	0.00e+00	0.00e+00	0.00e+00	0.00e+00	0.00e+00	0.00e+00	1.48e-04	3.18e-05	1.74e-05
 3.71029e+16	2.27e-04	5.58e-02	9.44e-01	0.00e+00	0.00e+00	0.00e+00	0.00e+00	0.00e+00	0.00e+00	1.70e-04	3.68e-05	2.01e-05
 3.80019e+16	2.61e-04	5.93e-02	9.40e-01	0.00e+00	0.00e+00	0.00e+00	0.00e+00	0.00e+00	0.00e+00	1.95e-04	4.25e-05	2.33e-05
 3.88679e+16	3.01e-04	6.31e-02	9.37e-01	0.00e+00	0.00e+00	0.00e+00	0.00e+00	0.00e+00	0.00e+00	2.25e-04	4.91e-05	2.69e-05
 3.97073e+16	3.47e-04	6.73e-02	9.32e-01	0.00e+00	0.00e+00	0.00e+00	0.00e+00	0.00e+00	0.00e+00	2.59e-04	5.68e-05	3.12e-05
 4.05211e+16	4.01e-04	7.19e-02	9.28e-01	0.00e+00	0.00e+00	0.00e+00	0.00e+00	0.00e+00	0.00e+00	2.99e-04	6.60e-05	3.63e-05
 4.13078e+16	4.64e-04	7.69e-02	9.23e-01	0.00e+00	0.00e+00	0.00e+00	0.00e+00	0.00e+00	0.00e+00	3.45e-04	7.67e-05	4.22e-05
 4.20674e+16	5.39e-04	8.23e-02	9.17e-01	0.00e+00	0.00e+00	0.00e+00	0.00e+00	0.00e+00	0.00e+00	4.00e-04	8.94e-05	4.92e-05
 4.28029e+16	6.27e-04	8.84e-02	9.11e-01	0.00e+00	0.00e+00	0.00e+00	0.00e+00	0.00e+00	0.00e+00	4.65e-04	1.04e-04	5.75e-05
 4.35174e+16	7.31e-04	9.50e-02	9.04e-01	0.00e+00	0.00e+00	0.00e+00	0.00e+00	0.00e+00	0.00e+00	5.41e-04	1.22e-04	6.73e-05
 4.42138e+16	8.56e-04	1.02e-01	8.97e-01	0.00e+00	0.00e+00	0.00e+00	0.00e+00	0.00e+00	0.00e+00	6.33e-04	1.44e-04	7.93e-05
 4.48911e+16	1.01e-03	1.11e-01	8.88e-01	0.00e+00	0.00e+00	0.00e+00	0.00e+00	0.00e+00	0.00e+00	7.43e-04	1.70e-04	9.35e-05
 4.55478e+16	1.18e-03	1.20e-01	8.79e-01	0.00e+00	0.00e+00	0.00e+00	0.00e+00	0.00e+00	0.00e+00	8.73e-04	2.01e-04	1.11e-04
 4.61882e+16	1.40e-03	1.30e-01	8.69e-01	0.00e+00	0.00e+00	0.00e+00	0.00e+00	0.00e+00	0.00e+00	1.03e-03	2.38e-04	1.31e-04
 4.68144e+16	1.67e-03	1.42e-01	8.57e-01	0.00e+00	0.00e+00	0.00e+00	0.00e+00	0.00e+00	0.00e+00	1.23e-03	2.84e-04	1.57e-04
 4.74258e+16	1.99e-03	1.55e-01	8.44e-01	0.00e+00	0.00e+00	0.00e+00	0.00e+00	0.00e+00	0.00e+00	1.46e-03	3.41e-04	1.87e-04
 4.80237e+16	2.39e-03	1.69e-01	8.29e-01	0.00e+00	0.00e+00	0.00e+00	0.00e+00	0.00e+00	0.00e+00	1.75e-03	4.10e-04	2.25e-04
 4.86100e+16	2.88e-03	1.86e-01	8.12e-01	0.00e+00	0.00e+00	0.00e+00	0.00e+00	0.00e+00	0.00e+00	2.11e-03	4.96e-04	2.71e-04
 4.91826e+16	3.49e-03	2.04e-01	7.92e-01	0.00e+00	0.00e+00	0.00e+00	0.00e+00	0.00e+00	0.00e+00	2.55e-03	6.03e-04	3.28e-04
 4.97309e+16	4.23e-03	2.25e-01	7.71e-01	0.00e+00	0.00e+00	0.00e+00	0.00e+00	0.00e+00	0.00e+00	3.10e-03	7.35e-04	3.99e-04
 5.02452e+16	5.13e-03	2.47e-01	7.48e-01	0.00e+00	0.00e+00	0.00e+00	0.00e+00	0.00e+00	0.00e+00	3.75e-03	8.92e-04	4.83e-04
 5.07286e+16	6.19e-03	2.71e-01	7.23e-01	0.00e+00	0.00e+00	0.00e+00	0.00e+00	0.00e+00	0.00e+00	4.52e-03	1.08e-03	5.83e-04
 5.11919e+16	7.46e-03	2.96e-01	6.96e-01	0.00e+00	0.00e+00	0.00e+00	0.00e+00	0.00e+00	0.00e+00	5.45e-03	1.30e-03	7.03e-04
 5.16418e+16	9.01e-03	3.24e-01	6.67e-01	0.00e+00	0.00e+00	0.00e+00	0.00e+00	0.00e+00	0.00e+00	6.57e-03	1.58e-03	8.49e-04
 5.20774e+16	1.09e-02	3.54e-01	6.35e-01	0.00e+00	0.00e+00	0.00e+00	0.00e+00	0.00e+00	0.00e+00	7.95e-03	1.92e-03	1.03e-03
 5.24946e+16	1.32e-02	3.87e-01	6.00e-01	0.00e+00	0.00e+00	0.00e+00	0.00e+00	0.00e+00	0.00e+00	9.61e-03	2.32e-03	1.24e-03
 5.28929e+16	1.59e-02	4.20e-01	5.64e-01	0.00e+00	0.00e+00	0.00e+00	0.00e+00	0.00e+00	0.00e+00	1.16e-02	2.81e-03	1.50e-03
 5.32763e+16	1.92e-02	4.55e-01	5.26e-01	0.00e+00	0.00e+00	0.00e+00	0.00e+00	0.00e+00	0.00e+00	1.40e-02	3.39e-03	1.81e-03
 5.36485e+16	2.31e-02	4.92e-01	4.85e-01	0.00e+00	0.00e+00	0.00e+00	0.00e+00	0.00e+00	0.00e+00	1.68e-02	4.10e-03	2.18e-03
 5.40094e+16	2.79e-02	5.29e-01	4.43e-01	0.00e+00	0.00e+00	0.00e+00	0.00e+00	0.00e+00	0.00e+00	2.03e-02	4.94e-03	2.62e-03
 5.43596e+16	3.36e-02	5.66e-01	4.01e-01	0.00e+00	0.00e+00	0.00e+00	0.00e+00	0.00e+00	0.00e+00	2.45e-02	5.94e-03	3.16e-03
 5.47016e+16	4.06e-02	6.03e-01	3.56e-01	0.00e+00	0.00e+00	0.00e+00	0.00e+00	0.00e+00	0.00e+00	2.96e-02	7.17e-03	3.81e-03
 5.50318e+16	4.91e-02	6.39e-01	3.12e-01	0.00e+00	0.00e+00	0.00e+00	0.00e+00	0.00e+00	0.00e+00	3.58e-02	8.64e-03	4.60e-03
 5.53479e+16	5.91e-02	6.71e-01	2.70e-01	0.00e+00	0.00e+00	0.00e+00	0.00e+00	0.00e+00	0.00e+00	4.31e-02	1.04e-02	5.52e-03
 5.56550e+16	7.08e-02	6.99e-01	2.30e-01	0.00e+00	0.00e+00	0.00e+00	0.00e+00	0.00e+00	0.00e+00	5.18e-02	1.24e-02	6.61e-03
 5.59266e+16	8.36e-02	7.21e-01	1.95e-01	0.00e+00	0.00e+00	0.00e+00	0.00e+00	0.00e+00	0.00e+00	6.12e-02	1.46e-02	7.79e-03
 5.61427e+16	9.59e-02	7.36e-01	1.68e-01	0.00e+00	0.00e+00	0.00e+00	0.00e+00	0.00e+00	0.00e+00	7.03e-02	1.66e-02	8.91e-03
 5.63307e+16	1.08e-01	7.46e-01	1.46e-01	0.00e+00	0.00e+00	0.00e+00	0.00e+00	0.00e+00	0.00e+00	7.92e-02	1.86e-02	1.00e-02
 5.65407e+16	1.23e-01	7.53e-01	1.24e-01	0.00e+00	0.00e+00	0.00e+00	0.00e+00	0.00e+00	0.00e+00	9.03e-02	2.11e-02	1.14e-02
 5.67642e+16	1.42e-01	7.57e-01	1.01e-01	0.00e+00	0.00e+00	0.00e+00	0.00e+00	0.00e+00	0.00e+00	1.05e-01	2.43e-02	1.31e-02
 5.69477e+16	1.60e-01	7.55e-01	8.46e-02	0.00e+00	0.00e+00	0.00e+00	0.00e+00	0.00e+00	0.00e+00	1.18e-01	2.72e-02	1.48e-02
 5.70936e+16	1.77e-01	7.51e-01	7.24e-02	0.00e+00	0.00e+00	0.00e+00	0.00e+00	0.00e+00	0.00e+00	1.31e-01	2.98e-02	1.62e-02
 5.72481e+16	1.95e-01	7.44e-01	6.10e-02	0.00e+00	0.00e+00	0.00e+00	0.00e+00	0.00e+00	0.00e+00	1.45e-01	3.27e-02	1.79e-02
 5.74193e+16	2.18e-01	7.32e-01	4.96e-02	0.00e+00	0.00e+00	0.00e+00	0.00e+00	0.00e+00	0.00e+00	1.62e-01	3.62e-02	1.99e-02
 5.75705e+16	2.41e-01	7.18e-01	4.07e-02	0.00e+00	0.00e+00	0.00e+00	0.00e+00	0.00e+00	0.00e+00	1.80e-01	3.97e-02	2.19e-02
 5.76956e+16	2.62e-01	7.03e-01	3.42e-02	0.00e+00	0.00e+00	0.00e+00	0.00e+00	0.00e+00	0.00e+00	1.96e-01	4.27e-02	2.37e-02
 5.78286e+16	2.86e-01	6.86e-01	2.82e-02	0.00e+00	0.00e+00	0.00e+00	0.00e+00	0.00e+00	0.00e+00	2.14e-01	4.60e-02	2.57e-02
 5.79742e+16	3.14e-01	6.64e-01	2.25e-02	0.00e+00	0.00e+00	0.00e+00	0.00e+00	0.00e+00	0.00e+00	2.36e-01	4.98e-02	2.81e-02
 5.81011e+16	3.40e-01	6.41e-01	1.82e-02	0.00e+00	0.00e+00	0.00e+00	0.00e+00	0.00e+00	0.00e+00	2.57e-01	5.33e-02	3.03e-02
 5.82085e+16	3.63e-01	6.22e-01	1.51e-02	0.00e+00	0.00e+00	0.00e+00	0.00e+00	0.00e+00	0.00e+00	2.75e-01	5.62e-02	3.21e-02
 5.83253e+16	3.90e-01	5.98e-01	1.23e-02	0.00e+00	0.00e+00	0.00e+00	0.00e+00	0.00e+00	0.00e+00	2.96e-01	5.93e-02	3.42e-02
 5.84545e+16	4.21e-01	5.69e-01	9.59e-03	0.00e+00	0.00e+00	0.00e+00	0.00e+00	0.00e+00	0.00e+00	3.22e-01	6.29e-02	3.66e-02
 5.85705e+16	4.51e-01	5.42e-01	7.58e-03	0.00e+00	0.00e+00	0.00e+00	0.00e+00	0.00e+00	0.00e+00	3.46e-01	6.60e-02	3.88e-02
 5.86711e+16	4.77e-01	5.17e-01	6.15e-03	0.00e+00	0.00e+00	0.00e+00	0.00e+00	0.00e+00	0.00e+00	3.67e-01	6.86e-02	4.07e-02
 5.87672e+16	5.02e-01	4.93e-01	4.98e-03	0.00e+00	0.00e+00	0.00e+00	0.00e+00	0.00e+00	0.00e+00	3.89e-01	7.09e-02	4.25e-02
 5.88659e+16	5.29e-01	4.67e-01	3.98e-03	0.00e+00	0.00e+00	0.00e+00	0.00e+00	0.00e+00	0.00e+00	4.11e-01	7.30e-02	4.42e-02
 5.89617e+16	5.55e-01	4.42e-01	3.19e-03	0.00e+00	0.00e+00	0.00e+00	0.00e+00	0.00e+00	0.00e+00	4.34e-01	7.48e-02	4.58e-02
 5.90439e+16	5.77e-01	4.20e-01	2.61e-03	0.00e+00	0.00e+00	0.00e+00	0.00e+00	0.00e+00	0.00e+00	4.54e-01	7.62e-02	4.71e-02
 5.91159e+16	5.96e-01	4.02e-01	2.19e-03	0.00e+00	0.00e+00	0.00e+00	0.00e+00	0.00e+00	0.00e+00	4.71e-01	7.72e-02	4.81e-02
 5.91741e+16	6.12e-01	3.87e-01	1.89e-03	0.00e+00	0.00e+00	0.00e+00	0.00e+00	0.00e+00	0.00e+00	4.85e-01	7.79e-02	4.89e-02
 5.92163e+16	6.22e-01	3.76e-01	1.70e-03	0.00e+00	0.00e+00	0.00e+00	0.00e+00	0.00e+00	0.00e+00	4.94e-01	7.83e-02	4.94e-02
 5.92568e+16	6.33e-01	3.66e-01	1.53e-03	0.00e+00	0.00e+00	0.00e+00	0.00e+00	0.00e+00	0.00e+00	5.04e-01	7.87e-02	4.99e-02
