#depth	O	O+	O+2	O+3	O+4	O+5	O+6	O+7	O+8	O[1]	O[2]	O[3]
 2.89683e+11	6.34e-06	6.85e-03	5.77e-01	4.15e-01	9.42e-04	0.00e+00	0.00e+00	0.00e+00	0.00e+00	4.92e-06	9.25e-07	4.87e-07
 1.73810e+12	6.32e-06	6.84e-03	5.78e-01	4.15e-01	9.41e-04	0.00e+00	0.00e+00	0.00e+00	0.00e+00	4.91e-06	9.22e-07	4.86e-07
 7.53177e+12	6.33e-06	6.85e-03	5.79e-01	4.14e-01	9.34e-04	0.00e+00	0.00e+00	0.00e+00	0.00e+00	4.92e-06	9.24e-07	4.87e-07
 3.07064e+13	6.36e-06	6.90e-03	5.83e-01	4.09e-01	9.11e-04	0.00e+00	0.00e+00	0.00e+00	0.00e+00	4.94e-06	9.30e-07	4.91e-07
 7.33479e+13	6.34e-06	6.94e-03	5.90e-01	4.03e-01	8.75e-04	0.00e+00	0.00e+00	0.00e+00	0.00e+00	4.92e-06	9.30e-07	4.92e-07
 1.28782e+14	6.36e-06	7.01e-03	5.98e-01	3.94e-01	8.30e-04	0.00e+00	0.00e+00	0.00e+00	0.00e+00	4.93e-06	9.33e-07	4.94e-07
 2.00846e+14	6.38e-06	7.11e-03	6.10e-01	3.83e-01	7.76e-04	0.00e+00	0.00e+00	0.00e+00	0.00e+00	4.95e-06	9.37e-07	4.96e-07
 2.94529e+14	6.43e-06	7.23e-03	6.24e-01	3.68e-01	7.10e-04	0.00e+00	0.00e+00	0.00e+00	0.00e+00	4.98e-06	9.43e-07	5.00e-07
 4.16317e+14	6.48e-06	7.38e-03	6.43e-01	3.49e-01	6.33e-04	0.00e+00	0.00e+00	0.00e+00	0.00e+00	5.03e-06	9.52e-07	5.05e-07
 5.74642e+14	6.57e-06	7.59e-03	6.68e-01	3.24e-01	5.43e-04	0.00e+00	0.00e+00	0.00e+00	0.00e+00	5.10e-06	9.65e-07	5.12e-07
 7.80463e+14	6.70e-06	7.87e-03	7.00e-01	2.92e-01	4.41e-04	0.00e+00	0.00e+00	0.00e+00	0.00e+00	5.19e-06	9.85e-07	5.23e-07
 1.04803e+15	6.87e-06	8.21e-03	7.40e-01	2.52e-01	3.32e-04	0.00e+00	0.00e+00	0.00e+00	0.00e+00	5.32e-06	1.01e-06	5.38e-07
 1.39587e+15	7.11e-06	8.65e-03	7.89e-01	2.02e-01	2.23e-04	0.00e+00	0.00e+00	0.00e+00	0.00e+00	5.50e-06	1.05e-06	5.59e-07
 1.84806e+15	7.45e-06	9.20e-03	8.45e-01	1.46e-01	1.26e-04	0.00e+00	0.00e+00	0.00e+00	0.00e+00	5.76e-06	1.11e-06	5.90e-07
 2.43591e+15	7.93e-06	9.86e-03	9.02e-01	8.85e-02	5.40e-05	0.00e+00	0.00e+00	0.00e+00	0.00e+00	6.12e-06	1.18e-06	6.31e-07
 3.20011e+15	8.61e-06	1.06e-02	9.47e-01	4.21e-02	1.57e-05	0.00e+00	0.00e+00	0.00e+00	0.00e+00	6.64e-06	1.28e-06	6.86e-07
 4.19358e+15	9.50e-06	1.14e-02	9.74e-01	1.49e-02	2.81e-06	0.00e+00	0.00e+00	0.00e+00	0.00e+00	7.33e-06	1.41e-06	7.55e-07
 5.24975e+15	1.03e-05	1.21e-02	9.83e-01	4.87e-03	4.45e-07	0.00e+00	0.00e+00	0.00e+00	0.00e+00	7.93e-06	1.52e-06	8.11e-07
 6.19063e+15	1.10e-05	1.27e-02	9.85e-01	1.88e-03	0.00e+00	0.00e+00	0.00e+00	0.00e+00	0.00e+00	8.50e-06	1.62e-06	8.66e-07
 7.21696e+15	1.20e-05	1.34e-02	9.86e-01	6.94e-04	0.00e+00	0.00e+00	0.00e+00	0.00e+00	0.00e+00	9.28e-06	1.77e-06	9.42e-07
 8.18691e+15	1.28e-05	1.41e-02	9.86e-01	2.90e-04	0.00e+00	0.00e+00	0.00e+00	0.00e+00	0.00e+00	9.90e-06	1.88e-06	1.00e-06
 9.00560e+15	1.37e-05	1.47e-02	9.85e-01	1.42e-04	0.00e+00	0.00e+00	0.00e+00	0.00e+00	0.00e+00	1.06e-05	2.01e-06	1.07e-06
 9.90616e+15	1.47e-05	1.53e-02	9.85e-01	6.74e-05	0.00e+00	0.00e+00	0.00e+00	0.00e+00	0.00e+00	1.14e-05	2.16e-06	1.15e-06
 1.08968e+16	1.60e-05	1.61e-02	9.84e-01	3.10e-05	0.00e+00	0.00e+00	0.00e+00	0.00e+00	0.00e+00	1.24e-05	2.35e-06	1.25e-06
 1.19865e+16	1.74e-05	1.69e-02	9.83e-01	1.40e-05	0.00e+00	0.00e+00	0.00e+00	0.00e+00	0.00e+00	1.35e-05	2.56e-06	1.36e-06
 1.31851e+16	1.91e-05	1.78e-02	9.82e-01	6.20e-06	0.00e+00	0.00e+00	0.00e+00	0.00e+00	0.00e+00	1.48e-05	2.82e-06	1.51e-06
 1.45036e+16	2.13e-05	1.89e-02	9.81e-01	2.74e-06	0.00e+00	0.00e+00	0.00e+00	0.00e+00	0.00e+00	1.65e-05	3.15e-06	1.68e-06
 1.59540e+16	2.39e-05	2.01e-02	9.80e-01	1.23e-06	0.00e+00	0.00e+00	0.00e+00	0.00e+00	0.00e+00	1.85e-05	3.55e-06	1.90e-06
 1.75494e+16	2.73e-05	2.15e-02	9.78e-01	5.66e-07	0.00e+00	0.00e+00	0.00e+00	0.00e+00	0.00e+00	2.10e-05	4.07e-06	2.18e-06
 1.93043e+16	3.16e-05	2.32e-02	9.77e-01	2.73e-07	0.00e+00	0.00e+00	0.00e+00	0.00e+00	0.00e+00	2.43e-05	4.74e-06	2.55e-06
 2.11166e+16	3.69e-05	2.50e-02	9.75e-01	1.45e-07	0.00e+00	0.00e+00	0.00e+00	0.00e+00	0.00e+00	2.83e-05	5.58e-06	3.00e-06
 2.28196e+16	4.30e-05	2.69e-02	9.73e-01	0.00e+00	0.00e+00	0.00e+00	0.00e+00	0.00e+00	0.00e+00	3.29e-05	6.54e-06	3.53e-06
 2.43839e+16	4.98e-05	2.88e-02	9.71e-01	0.00e+00	0.00e+00	0.00e+00	0.00e+00	0.00e+00	0.00e+00	3.81e-05	7.63e-06	4.12e-06
 2.58598e+16	5.76e-05	3.07e-02	9.69e-01	0.00e+00	0.00e+00	0.00e+00	0.00e+00	0.00e+00	0.00e+00	4.39e-05	8.87e-06	4.80e-06
 2.72406e+16	6.63e-05	3.27e-02	9.67e-01	0.00e+00	0.00e+00	0.00e+00	0.00e+00	0.00e+00	0.00e+00	5.05e-05	1.03e-05	5.57e-06
 2.85138e+16	7.60e-05	3.48e-02	9.65e-01	0.00e+00	0.00e+00	0.00e+00	0.00e+00	0.00e+00	0.00e+00	5.77e-05	1.19e-05	6.43e-06
 2.97215e+16	8.69e-05	3.69e-02	9.63e-01	0.00e+00	0.00e+00	0.00e+00	0.00e+00	0.00e+00	0.00e+00	6.59e-05	1.36e-05	7.40e-06
 3.08961e+16	9.96e-05	3.91e-02	9.61e-01	0.00e+00	0.00e+00	0.00e+00	0.00e+00	0.00e+00	0.00e+00	7.54e-05	1.57e-05	8.53e-06
 3.20362e+16	1.14e-04	4.15e-02	9.58e-01	0.00e+00	0.00e+00	0.00e+00	0.00e+00	0.00e+00	0.00e+00	8.63e-05	1.81e-05	9.86e-06
 3.31267e+16	1.31e-04	4.40e-02	9.56e-01	0.00e+00	0.00e+00	0.00e+00	0.00e+00	0.00e+00	0.00e+00	9.87e-05	2.09e-05	1.14e-05
 3.41737e+16	1.50e-04	4.66e-02	9.53e-01	0.00e+00	0.00e+00	0.00e+00	0.00e+00	0.00e+00	0.00e+00	1.13e-04	2.40e-05	1.31e-05
 3.51907e+16	1.72e-04	4.94e-02	9.50e-01	0.00e+00	0.00e+00	0.00e+00	0.00e+00	0.00e+00	0.00e+00	1.29e-04	2.76e-05	1.51e-05
 3.61727e+16	1.98e-04	5.25e-02	9.47e-01	0.00e+00	0.00e+00	0.00e+00	0.00e+00	0.00e+00	0.00e+00	1.48e-04	3.19e-05	1.74e-05
 3.71123e+16	2.27e-04	5.58e-02	9.44e-01	0.00e+00	0.00e+00	0.00e+00	0.00e+00	0.00e+00	0.00e+00	1.70e-04	3.68e-05	2.02e-05
 3.80111e+16	2.61e-04	5.93e-02	9.40e-01	0.00e+00	0.00e+00	0.00e+00	0.00e+00	0.00e+00	0.00e+00	1.96e-04	4.25e-05	2.33e-05
 3.88769e+16	3.01e-04	6.32e-02	9.37e-01	0.00e+00	0.00e+00	0.00e+00	0.00e+00	0.00e+00	0.00e+00	2.25e-04	4.91e-05	2.70e-05
 3.97161e+16	3.47e-04	6.73e-02	9.32e-01	0.00e+00	0.00e+00	0.00e+00	0.00e+00	0.00e+00	0.00e+00	2.59e-04	5.69e-05	3.12e-05
 4.05298e+16	4.01e-04	7.19e-02	9.28e-01	0.00e+00	0.00e+00	0.00e+00	0.00e+00	0.00e+00	0.00e+00	2.99e-04	6.60e-05	3.63e-05
 4.13163e+16	4.65e-04	7.69e-02	9.23e-01	0.00e+00	0.00e+00	0.00e+00	0.00e+00	0.00e+00	0.00e+00	3.46e-04	7.68e-05	4.23e-05
 4.20759e+16	5.40e-04	8.24e-02	9.17e-01	0.00e+00	0.00e+00	0.00e+00	0.00e+00	0.00e+00	0.00e+00	4.01e-04	8.95e-05	4.93e-05
 4.28112e+16	6.27e-04	8.84e-02	9.11e-01	0.00e+00	0.00e+00	0.00e+00	0.00e+00	0.00e+00	0.00e+00	4.65e-04	1.04e-04	5.75e-05
 4.35269e+16	7.32e-04	9.51e-02	9.04e-01	0.00e+00	0.00e+00	0.00e+00	0.00e+00	0.00e+00	0.00e+00	5.42e-04	1.22e-04	6.75e-05
 4.42230e+16	8.58e-04	1.02e-01	8.97e-01	0.00e+00	0.00e+00	0.00e+00	0.00e+00	0.00e+00	0.00e+00	6.34e-04	1.44e-04	7.94e-05
 4.48979e+16	1.01e-03	1.11e-01	8.88e-01	0.00e+00	0.00e+00	0.00e+00	0.00e+00	0.00e+00	0.00e+00	7.43e-04	1.70e-04	9.35e-05
 4.55554e+16	1.19e-03	1.20e-01	8.79e-01	0.00e+00	0.00e+00	0.00e+00	0.00e+00	0.00e+00	0.00e+00	8.75e-04	2.01e-04	1.11e-04
 4.61969e+16	1.40e-03	1.30e-01	8.68e-01	0.00e+00	0.00e+00	0.00e+00	0.00e+00	0.00e+00	0.00e+00	1.03e-03	2.39e-04	1.32e-04
 4.68221e+16	1.67e-03	1.42e-01	8.57e-01	0.00e+00	0.00e+00	0.00e+00	0.00e+00	0.00e+00	0.00e+00	1.23e-03	2.84e-04	1.57e-04
 4.74339e+16	1.99e-03	1.55e-01	8.43e-01	0.00e+00	0.00e+00	0.00e+00	0.00e+00	0.00e+00	0.00e+00	1.46e-03	3.41e-04	1.87e-04
 4.80330e+16	2.39e-03	1.69e-01	8.28e-01	0.00e+00	0.00e+00	0.00e+00	0.00e+00	0.00e+00	0.00e+00	1.75e-03	4.10e-04	2.25e-04
 4.86188e+16	2.88e-03	1.86e-01	8.11e-01	0.00e+00	0.00e+00	0.00e+00	0.00e+00	0.00e+00	0.00e+00	2.11e-03	4.97e-04	2.71e-04
 4.91902e+16	3.49e-03	2.04e-01	7.92e-01	0.00e+00	0.00e+00	0.00e+00	0.00e+00	0.00e+00	0.00e+00	2.56e-03	6.04e-04	3.29e-04
 4.97381e+16	4.24e-03	2.25e-01	7.71e-01	0.00e+00	0.00e+00	0.00e+00	0.00e+00	0.00e+00	0.00e+00	3.10e-03	7.35e-04	3.99e-04
 5.02528e+16	5.13e-03	2.47e-01	7.48e-01	0.00e+00	0.00e+00	0.00e+00	0.00e+00	0.00e+00	0.00e+00	3.76e-03	8.94e-04	4.84e-04
 5.07366e+16	6.19e-03	2.71e-01	7.23e-01	0.00e+00	0.00e+00	0.00e+00	0.00e+00	0.00e+00	0.00e+00	4.53e-03	1.08e-03	5.84e-04
 5.11998e+16	7.47e-03	2.96e-01	6.96e-01	0.00e+00	0.00e+00	0.00e+00	0.00e+00	0.00e+00	0.00e+00	5.46e-03	1.31e-03	7.04e-04
 5.16492e+16	9.02e-03	3.24e-01	6.67e-01	0.00e+00	0.00e+00	0.00e+00	0.00e+00	0.00e+00	0.00e+00	6.58e-03	1.58e-03	8.50e-04
 5.20845e+16	1.09e-02	3.55e-01	6.34e-01	0.00e+00	0.00e+00	0.00e+00	0.00e+00	0.00e+00	0.00e+00	7.96e-03	1.92e-03	1.03e-03
 5.25017e+16	1.32e-02	3.87e-01	6.00e-01	0.00e+00	0.00e+00	0.00e+00	0.00e+00	0.00e+00	0.00e+00	9.62e-03	2.33e-03	1.24e-03
 5.29002e+16	1.59e-02	4.20e-01	5.64e-01	0.00e+00	0.00e+00	0.00e+00	0.00e+00	0.00e+00	0.00e+00	1.16e-02	2.81e-03	1.50e-03
 5.32836e+16	1.92e-02	4.55e-01	5.25e-01	0.00e+00	0.00e+00	0.00e+00	0.00e+00	0.00e+00	0.00e+00	1.40e-02	3.39e-03	1.81e-03
 5.36556e+16	2.32e-02	4.92e-01	4.85e-01	0.00e+00	0.00e+00	0.00e+00	0.00e+00	0.00e+00	0.00e+00	1.69e-02	4.10e-03	2.18e-03
 5.40164e+16	2.79e-02	5.29e-01	4.43e-01	0.00e+00	0.00e+00	0.00e+00	0.00e+00	0.00e+00	0.00e+00	2.03e-02	4.95e-03	2.63e-03
 5.43666e+16	3.36e-02	5.66e-01	4.00e-01	0.00e+00	0.00e+00	0.00e+00	0.00e+00	0.00e+00	0.00e+00	2.45e-02	5.95e-03	3.16e-03
 5.47086e+16	4.07e-02	6.03e-01	3.56e-01	0.00e+00	0.00e+00	0.00e+00	0.00e+00	0.00e+00	0.00e+00	2.97e-02	7.18e-03	3.82e-03
 5.50388e+16	4.91e-02	6.39e-01	3.12e-01	0.00e+00	0.00e+00	0.00e+00	0.00e+00	0.00e+00	0.00e+00	3.59e-02	8.65e-03	4.60e-03
 5.53549e+16	5.91e-02	6.71e-01	2.70e-01	0.00e+00	0.00e+00	0.00e+00	0.00e+00	0.00e+00	0.00e+00	4.32e-02	1.04e-02	5.53e-03
 5.56620e+16	7.09e-02	6.99e-01	2.30e-01	0.00e+00	0.00e+00	0.00e+00	0.00e+00	0.00e+00	0.00e+00	5.18e-02	1.24e-02	6.62e-03
 5.59334e+16	8.37e-02	7.22e-01	1.95e-01	0.00e+00	0.00e+00	0.00e+00	0.00e+00	0.00e+00	0.00e+00	6.13e-02	1.46e-02	7.80e-03
 5.61494e+16	9.60e-02	7.36e-01	1.68e-01	0.00e+00	0.00e+00	0.00e+00	0.00e+00	0.00e+00	0.00e+00	7.04e-02	1.67e-02	8.92e-03
 5.63373e+16	1.08e-01	7.46e-01	1.46e-01	0.00e+00	0.00e+00	0.00e+00	0.00e+00	0.00e+00	0.00e+00	7.93e-02	1.87e-02	1.00e-02
 5.65471e+16	1.23e-01	7.53e-01	1.24e-01	0.00e+00	0.00e+00	0.00e+00	0.00e+00	0.00e+00	0.00e+00	9.04e-02	2.12e-02	1.14e-02
 5.67705e+16	1.42e-01	7.57e-01	1.01e-01	0.00e+00	0.00e+00	0.00e+00	0.00e+00	0.00e+00	0.00e+00	1.05e-01	2.43e-02	1.31e-02
 5.69539e+16	1.61e-01	7.55e-01	8.45e-02	0.00e+00	0.00e+00	0.00e+00	0.00e+00	0.00e+00	0.00e+00	1.18e-01	2.72e-02	1.48e-02
 5.70998e+16	1.77e-01	7.51e-01	7.23e-02	0.00e+00	0.00e+00	0.00e+00	0.00e+00	0.00e+00	0.00e+00	1.31e-01	2.98e-02	1.62e-02
 5.72542e+16	1.95e-01	7.44e-01	6.09e-02	0.00e+00	0.00e+00	0.00e+00	0.00e+00	0.00e+00	0.00e+00	1.45e-01	3.27e-02	1.79e-02
 5.74254e+16	2.19e-01	7.32e-01	4.95e-02	0.00e+00	0.00e+00	0.00e+00	0.00e+00	0.00e+00	0.00e+00	1.62e-01	3.62e-02	1.99e-02
 5.75766e+16	2.42e-01	7.18e-01	4.06e-02	0.00e+00	0.00e+00	0.00e+00	0.00e+00	0.00e+00	0.00e+00	1.80e-01	3.97e-02	2.19e-02
 5.77016e+16	2.63e-01	7.03e-01	3.41e-02	0.00e+00	0.00e+00	0.00e+00	0.00e+00	0.00e+00	0.00e+00	1.96e-01	4.27e-02	2.37e-02
 5.78346e+16	2.86e-01	6.86e-01	2.81e-02	0.00e+00	0.00e+00	0.00e+00	0.00e+00	0.00e+00	0.00e+00	2.14e-01	4.60e-02	2.57e-02
 5.79801e+16	3.14e-01	6.63e-01	2.24e-02	0.00e+00	0.00e+00	0.00e+00	0.00e+00	0.00e+00	0.00e+00	2.36e-01	4.98e-02	2.81e-02
 5.81070e+16	3.41e-01	6.41e-01	1.82e-02	0.00e+00	0.00e+00	0.00e+00	0.00e+00	0.00e+00	0.00e+00	2.57e-01	5.33e-02	3.03e-02
 5.82144e+16	3.63e-01	6.21e-01	1.51e-02	0.00e+00	0.00e+00	0.00e+00	0.00e+00	0.00e+00	0.00e+00	2.75e-01	5.62e-02	3.21e-02
 5.83311e+16	3.90e-01	5.98e-01	1.23e-02	0.00e+00	0.00e+00	0.00e+00	0.00e+00	0.00e+00	0.00e+00	2.96e-01	5.94e-02	3.42e-02
 5.84602e+16	4.21e-01	5.69e-01	9.57e-03	0.00e+00	0.00e+00	0.00e+00	0.00e+00	0.00e+00	0.00e+00	3.22e-01	6.29e-02	3.66e-02
 5.85762e+16	4.51e-01	5.41e-01	7.57e-03	0.00e+00	0.00e+00	0.00e+00	0.00e+00	0.00e+00	0.00e+00	3.46e-01	6.61e-02	3.89e-02
 5.86769e+16	4.77e-01	5.17e-01	6.14e-03	0.00e+00	0.00e+00	0.00e+00	0.00e+00	0.00e+00	0.00e+00	3.67e-01	6.86e-02	4.07e-02
 5.87729e+16	5.03e-01	4.92e-01	4.97e-03	0.00e+00	0.00e+00	0.00e+00	0.00e+00	0.00e+00	0.00e+00	3.89e-01	7.09e-02	4.25e-02
 5.88716e+16	5.29e-01	4.67e-01	3.98e-03	0.00e+00	0.00e+00	0.00e+00	0.00e+00	0.00e+00	0.00e+00	4.12e-01	7.31e-02	4.42e-02
 5.89672e+16	5.55e-01	4.42e-01	3.18e-03	0.00e+00	0.00e+00	0.00e+00	0.00e+00	0.00e+00	0.00e+00	4.34e-01	7.48e-02	4.58e-02
 5.90495e+16	5.77e-01	4.20e-01	2.60e-03	0.00e+00	0.00e+00	0.00e+00	0.00e+00	0.00e+00	0.00e+00	4.54e-01	7.62e-02	4.71e-02
 5.91077e+16	5.92e-01	4.05e-01	2.27e-03	0.00e+00	0.00e+00	0.00e+00	0.00e+00	0.00e+00	0.00e+00	4.67e-01	7.70e-02	4.79e-02
 5.91471e+16	6.02e-01	3.96e-01	2.06e-03	0.00e+00	0.00e+00	0.00e+00	0.00e+00	0.00e+00	0.00e+00	4.76e-01	7.75e-02	4.84e-02
 5.91878e+16	6.13e-01	3.85e-01	1.86e-03	0.00e+00	0.00e+00	0.00e+00	0.00e+00	0.00e+00	0.00e+00	4.86e-01	7.79e-02	4.90e-02
 5.92370e+16	6.26e-01	3.72e-01	1.64e-03	0.00e+00	0.00e+00	0.00e+00	0.00e+00	0.00e+00	0.00e+00	4.98e-01	7.84e-02	4.96e-02
 5.92885e+16	6.39e-01	3.59e-01	1.43e-03	0.00e+00	0.00e+00	0.00e+00	0.00e+00	0.00e+00	0.00e+00	5.10e-01	7.89e-02	5.02e-02
 5.93359e+16	6.52e-01	3.47e-01	1.26e-03	0.00e+00	0.00e+00	0.00e+00	0.00e+00	0.00e+00	0.00e+00	5.22e-01	7.92e-02	5.07e-02
 5.93796e+16	6.63e-01	3.36e-01	1.12e-03	0.00e+00	0.00e+00	0.00e+00	0.00e+00	0.00e+00	0.00e+00	5.32e-01	7.94e-02	5.12e-02
 5.94234e+16	6.74e-01	3.25e-01	9.92e-04	0.00e+00	0.00e+00	0.00e+00	0.00e+00	0.00e+00	0.00e+00	5.43e-01	7.96e-02	5.16e-02
 5.94691e+16	6.86e-01	3.13e-01	8.72e-04	0.00e+00	0.00e+00	0.00e+00	0.00e+00	0.00e+00	0.00e+00	5.54e-01	7.97e-02	5.20e-02
 5.95139e+16	6.97e-01	3.02e-01	7.67e-04	0.00e+00	0.00e+00	0.00e+00	0.00e+00	0.00e+00	0.00e+00	5.65e-01	7.97e-02	5.23e-02
 5.95572e+16	7.08e-01	2.91e-01	6.78e-04	0.00e+00	0.00e+00	0.00e+00	0.00e+00	0.00e+00	0.00e+00	5.75e-01	7.97e-02	5.26e-02
 5.96004e+16	7.19e-01	2.81e-01	5.96e-04	0.00e+00	0.00e+00	0.00e+00	0.00e+00	0.00e+00	0.00e+00	5.86e-01	7.96e-02	5.28e-02
 5.96437e+16	7.29e-01	2.71e-01	5.25e-04	0.00e+00	0.00e+00	0.00e+00	0.00e+00	0.00e+00	0.00e+00	5.96e-01	7.95e-02	5.30e-02
 5.96868e+16	7.39e-01	2.60e-01	4.60e-04	0.00e+00	0.00e+00	0.00e+00	0.00e+00	0.00e+00	0.00e+00	6.07e-01	7.92e-02	5.32e-02
 5.97292e+16	7.49e-01	2.51e-01	4.05e-04	0.00e+00	0.00e+00	0.00e+00	0.00e+00	0.00e+00	0.00e+00	6.17e-01	7.90e-02	5.33e-02
 5.97713e+16	7.59e-01	2.41e-01	3.55e-04	0.00e+00	0.00e+00	0.00e+00	0.00e+00	0.00e+00	0.00e+00	6.27e-01	7.86e-02	5.34e-02
 5.98137e+16	7.68e-01	2.31e-01	3.11e-04	0.00e+00	0.00e+00	0.00e+00	0.00e+00	0.00e+00	0.00e+00	6.37e-01	7.82e-02	5.35e-02
 5.98552e+16	7.77e-01	2.22e-01	2.72e-04	0.00e+00	0.00e+00	0.00e+00	0.00e+00	0.00e+00	0.00e+00	6.46e-01	7.78e-02	5.35e-02
 5.98960e+16	7.86e-01	2.14e-01	2.39e-04	0.00e+00	0.00e+00	0.00e+00	0.00e+00	0.00e+00	0.00e+00	6.55e-01	7.73e-02	5.34e-02
 5.99373e+16	7.95e-01	2.05e-01	2.09e-04	0.00e+00	0.00e+00	0.00e+00	0.00e+00	0.00e+00	0.00e+00	6.65e-01	7.68e-02	5.33e-02
 5.99784e+16	8.03e-01	1.97e-01	1.83e-04	0.00e+00	0.00e+00	0.00e+00	0.00e+00	0.00e+00	0.00e+00	6.73e-01	7.62e-02	5.32e-02
 6.00191e+16	8.11e-01	1.89e-01	1.59e-04	0.00e+00	0.00e+00	0.00e+00	0.00e+00	0.00e+00	0.00e+00	6.82e-01	7.56e-02	5.31e-02
 6.00598e+16	8.19e-01	1.81e-01	1.39e-04	0.00e+00	0.00e+00	0.00e+00	0.00e+00	0.00e+00	0.00e+00	6.91e-01	7.50e-02	5.29e-02
 6.00994e+16	8.27e-01	1.73e-01	1.21e-04	0.00e+00	0.00e+00	0.00e+00	0.00e+00	0.00e+00	0.00e+00	7.00e-01	7.43e-02	5.27e-02
 6.01384e+16	8.34e-01	1.66e-01	1.06e-04	0.00e+00	0.00e+00	0.00e+00	0.00e+00	0.00e+00	0.00e+00	7.07e-01	7.37e-02	5.25e-02
 6.01784e+16	8.41e-01	1.59e-01	9.22e-05	0.00e+00	0.00e+00	0.00e+00	0.00e+00	0.00e+00	0.00e+00	7.16e-01	7.29e-02	5.23e-02
 6.02182e+16	8.48e-01	1.52e-01	8.02e-05	0.00e+00	0.00e+00	0.00e+00	0.00e+00	0.00e+00	0.00e+00	7.24e-01	7.22e-02	5.20e-02
 6.02566e+16	8.54e-01	1.46e-01	7.00e-05	0.00e+00	0.00e+00	0.00e+00	0.00e+00	0.00e+00	0.00e+00	7.31e-01	7.15e-02	5.17e-02
 6.02946e+16	8.61e-01	1.39e-01	6.11e-05	0.00e+00	0.00e+00	0.00e+00	0.00e+00	0.00e+00	0.00e+00	7.38e-01	7.08e-02	5.14e-02
 6.03330e+16	8.67e-01	1.33e-01	5.31e-05	0.00e+00	0.00e+00	0.00e+00	0.00e+00	0.00e+00	0.00e+00	7.45e-01	7.00e-02	5.10e-02
 6.03713e+16	8.72e-01	1.27e-01	4.62e-05	0.00e+00	0.00e+00	0.00e+00	0.00e+00	0.00e+00	0.00e+00	7.53e-01	6.92e-02	5.07e-02
 6.04085e+16	8.78e-01	1.22e-01	4.03e-05	0.00e+00	0.00e+00	0.00e+00	0.00e+00	0.00e+00	0.00e+00	7.59e-01	6.85e-02	5.03e-02
 6.04446e+16	8.83e-01	1.17e-01	3.52e-05	0.00e+00	0.00e+00	0.00e+00	0.00e+00	0.00e+00	0.00e+00	7.65e-01	6.78e-02	5.00e-02
 6.04802e+16	8.88e-01	1.12e-01	3.08e-05	0.00e+00	0.00e+00	0.00e+00	0.00e+00	0.00e+00	0.00e+00	7.71e-01	6.70e-02	4.96e-02
 6.05157e+16	8.93e-01	1.07e-01	2.70e-05	0.00e+00	0.00e+00	0.00e+00	0.00e+00	0.00e+00	0.00e+00	7.77e-01	6.63e-02	4.93e-02
 6.05508e+16	8.97e-01	1.03e-01	2.36e-05	0.00e+00	0.00e+00	0.00e+00	0.00e+00	0.00e+00	0.00e+00	7.83e-01	6.56e-02	4.89e-02
 6.05853e+16	9.02e-01	9.84e-02	2.07e-05	0.00e+00	0.00e+00	0.00e+00	0.00e+00	0.00e+00	0.00e+00	7.88e-01	6.49e-02	4.85e-02
 6.06192e+16	9.06e-01	9.43e-02	1.81e-05	0.00e+00	0.00e+00	0.00e+00	0.00e+00	0.00e+00	0.00e+00	7.93e-01	6.42e-02	4.81e-02
 6.06526e+16	9.10e-01	9.04e-02	1.59e-05	0.00e+00	0.00e+00	0.00e+00	0.00e+00	0.00e+00	0.00e+00	7.98e-01	6.36e-02	4.78e-02
 6.06856e+16	9.13e-01	8.67e-02	1.40e-05	0.00e+00	0.00e+00	0.00e+00	0.00e+00	0.00e+00	0.00e+00	8.03e-01	6.29e-02	4.74e-02
 6.07179e+16	9.17e-01	8.31e-02	1.23e-05	0.00e+00	0.00e+00	0.00e+00	0.00e+00	0.00e+00	0.00e+00	8.08e-01	6.23e-02	4.70e-02
 6.07497e+16	9.20e-01	7.98e-02	1.09e-05	0.00e+00	0.00e+00	0.00e+00	0.00e+00	0.00e+00	0.00e+00	8.12e-01	6.17e-02	4.67e-02
 6.07817e+16	9.23e-01	7.66e-02	9.58e-06	0.00e+00	0.00e+00	0.00e+00	0.00e+00	0.00e+00	0.00e+00	8.16e-01	6.10e-02	4.63e-02
 6.08133e+16	9.27e-01	7.33e-02	8.43e-06	0.00e+00	0.00e+00	0.00e+00	0.00e+00	0.00e+00	0.00e+00	8.20e-01	6.04e-02	4.60e-02
 6.08444e+16	9.30e-01	7.04e-02	7.44e-06	0.00e+00	0.00e+00	0.00e+00	0.00e+00	0.00e+00	0.00e+00	8.24e-01	5.98e-02	4.56e-02
 6.08751e+16	9.33e-01	6.75e-02	6.57e-06	0.00e+00	0.00e+00	0.00e+00	0.00e+00	0.00e+00	0.00e+00	8.28e-01	5.92e-02	4.52e-02
 6.09050e+16	9.35e-01	6.48e-02	5.82e-06	0.00e+00	0.00e+00	0.00e+00	0.00e+00	0.00e+00	0.00e+00	8.32e-01	5.87e-02	4.49e-02
 6.09349e+16	9.38e-01	6.22e-02	5.15e-06	0.00e+00	0.00e+00	0.00e+00	0.00e+00	0.00e+00	0.00e+00	8.35e-01	5.81e-02	4.45e-02
 6.09648e+16	9.40e-01	5.97e-02	4.56e-06	0.00e+00	0.00e+00	0.00e+00	0.00e+00	0.00e+00	0.00e+00	8.39e-01	5.76e-02	4.41e-02
 6.09938e+16	9.43e-01	5.73e-02	4.04e-06	0.00e+00	0.00e+00	0.00e+00	0.00e+00	0.00e+00	0.00e+00	8.42e-01	5.70e-02	4.37e-02
 6.10227e+16	9.45e-01	5.51e-02	3.59e-06	0.00e+00	0.00e+00	0.00e+00	0.00e+00	0.00e+00	0.00e+00	8.45e-01	5.66e-02	4.34e-02
 6.10518e+16	9.47e-01	5.29e-02	3.18e-06	0.00e+00	0.00e+00	0.00e+00	0.00e+00	0.00e+00	0.00e+00	8.48e-01	5.61e-02	4.30e-02
 6.10801e+16	9.49e-01	5.07e-02	2.82e-06	0.00e+00	0.00e+00	0.00e+00	0.00e+00	0.00e+00	0.00e+00	8.51e-01	5.56e-02	4.26e-02
 6.11077e+16	9.51e-01	4.87e-02	2.51e-06	0.00e+00	0.00e+00	0.00e+00	0.00e+00	0.00e+00	0.00e+00	8.54e-01	5.51e-02	4.23e-02
 6.11357e+16	9.53e-01	4.68e-02	2.23e-06	0.00e+00	0.00e+00	0.00e+00	0.00e+00	0.00e+00	0.00e+00	8.57e-01	5.46e-02	4.20e-02
 6.11642e+16	9.55e-01	4.49e-02	1.98e-06	0.00e+00	0.00e+00	0.00e+00	0.00e+00	0.00e+00	0.00e+00	8.59e-01	5.42e-02	4.16e-02
 6.11913e+16	9.57e-01	4.31e-02	1.77e-06	0.00e+00	0.00e+00	0.00e+00	0.00e+00	0.00e+00	0.00e+00	8.62e-01	5.37e-02	4.13e-02
 6.12172e+16	9.59e-01	4.14e-02	1.58e-06	0.00e+00	0.00e+00	0.00e+00	0.00e+00	0.00e+00	0.00e+00	8.64e-01	5.33e-02	4.10e-02
 6.12439e+16	9.60e-01	3.98e-02	1.41e-06	0.00e+00	0.00e+00	0.00e+00	0.00e+00	0.00e+00	0.00e+00	8.67e-01	5.29e-02	4.07e-02
 6.12716e+16	9.62e-01	3.82e-02	1.25e-06	0.00e+00	0.00e+00	0.00e+00	0.00e+00	0.00e+00	0.00e+00	8.69e-01	5.25e-02	4.04e-02
 6.12984e+16	9.63e-01	3.66e-02	1.12e-06	0.00e+00	0.00e+00	0.00e+00	0.00e+00	0.00e+00	0.00e+00	8.71e-01	5.21e-02	4.01e-02
 6.13237e+16	9.65e-01	3.52e-02	1.00e-06	0.00e+00	0.00e+00	0.00e+00	0.00e+00	0.00e+00	0.00e+00	8.73e-01	5.18e-02	3.98e-02
 6.13483e+16	9.66e-01	3.39e-02	9.01e-07	0.00e+00	0.00e+00	0.00e+00	0.00e+00	0.00e+00	0.00e+00	8.75e-01	5.14e-02	3.96e-02
 6.13734e+16	9.67e-01	3.26e-02	8.07e-07	0.00e+00	0.00e+00	0.00e+00	0.00e+00	0.00e+00	0.00e+00	8.77e-01	5.11e-02	3.93e-02
 6.13993e+16	9.69e-01	3.13e-02	7.20e-07	0.00e+00	0.00e+00	0.00e+00	0.00e+00	0.00e+00	0.00e+00	8.79e-01	5.07e-02	3.90e-02
 6.14248e+16	9.70e-01	2.99e-02	6.44e-07	0.00e+00	0.00e+00	0.00e+00	0.00e+00	0.00e+00	0.00e+00	8.81e-01	5.04e-02	3.88e-02
 6.14491e+16	9.71e-01	2.88e-02	5.80e-07	0.00e+00	0.00e+00	0.00e+00	0.00e+00	0.00e+00	0.00e+00	8.83e-01	5.01e-02	3.85e-02
 6.14727e+16	9.72e-01	2.76e-02	5.22e-07	0.00e+00	0.00e+00	0.00e+00	0.00e+00	0.00e+00	0.00e+00	8.84e-01	4.97e-02	3.83e-02
 6.14966e+16	9.73e-01	2.65e-02	4.70e-07	0.00e+00	0.00e+00	0.00e+00	0.00e+00	0.00e+00	0.00e+00	8.86e-01	4.94e-02	3.80e-02
 6.15206e+16	9.75e-01	2.54e-02	4.23e-07	0.00e+00	0.00e+00	0.00e+00	0.00e+00	0.00e+00	0.00e+00	8.88e-01	4.91e-02	3.78e-02
 6.15441e+16	9.76e-01	2.44e-02	3.81e-07	0.00e+00	0.00e+00	0.00e+00	0.00e+00	0.00e+00	0.00e+00	8.89e-01	4.88e-02	3.76e-02
 6.15664e+16	9.77e-01	2.35e-02	3.45e-07	0.00e+00	0.00e+00	0.00e+00	0.00e+00	0.00e+00	0.00e+00	8.91e-01	4.86e-02	3.73e-02
 6.15873e+16	9.77e-01	2.26e-02	3.15e-07	0.00e+00	0.00e+00	0.00e+00	0.00e+00	0.00e+00	0.00e+00	8.92e-01	4.83e-02	3.71e-02
 6.16064e+16	9.78e-01	2.18e-02	2.90e-07	0.00e+00	0.00e+00	0.00e+00	0.00e+00	0.00e+00	0.00e+00	8.93e-01	4.81e-02	3.69e-02
 6.16237e+16	9.79e-01	2.11e-02	2.69e-07	0.00e+00	0.00e+00	0.00e+00	0.00e+00	0.00e+00	0.00e+00	8.94e-01	4.79e-02	3.68e-02
 6.16397e+16	9.79e-01	2.05e-02	2.51e-07	0.00e+00	0.00e+00	0.00e+00	0.00e+00	0.00e+00	0.00e+00	8.95e-01	4.77e-02	3.66e-02
 6.16550e+16	9.80e-01	1.99e-02	2.34e-07	0.00e+00	0.00e+00	0.00e+00	0.00e+00	0.00e+00	0.00e+00	8.96e-01	4.75e-02	3.65e-02
 6.16695e+16	9.81e-01	1.94e-02	2.20e-07	0.00e+00	0.00e+00	0.00e+00	0.00e+00	0.00e+00	0.00e+00	8.97e-01	4.73e-02	3.63e-02
 6.16828e+16	9.81e-01	1.89e-02	2.07e-07	0.00e+00	0.00e+00	0.00e+00	0.00e+00	0.00e+00	0.00e+00	8.98e-01	4.71e-02	3.62e-02
 6.16953e+16	9.82e-01	1.84e-02	1.96e-07	0.00e+00	0.00e+00	0.00e+00	0.00e+00	0.00e+00	0.00e+00	8.99e-01	4.70e-02	3.60e-02
 6.17072e+16	9.82e-01	1.80e-02	1.86e-07	0.00e+00	0.00e+00	0.00e+00	0.00e+00	0.00e+00	0.00e+00	8.99e-01	4.68e-02	3.59e-02
 6.17187e+16	9.82e-01	1.76e-02	1.77e-07	0.00e+00	0.00e+00	0.00e+00	0.00e+00	0.00e+00	0.00e+00	9.00e-01	4.66e-02	3.58e-02
 6.17297e+16	9.83e-01	1.72e-02	1.69e-07	0.00e+00	0.00e+00	0.00e+00	0.00e+00	0.00e+00	0.00e+00	9.01e-01	4.65e-02	3.57e-02
 6.17400e+16	9.83e-01	1.68e-02	1.61e-07	0.00e+00	0.00e+00	0.00e+00	0.00e+00	0.00e+00	0.00e+00	9.01e-01	4.63e-02	3.55e-02
 6.17499e+16	9.84e-01	1.64e-02	1.54e-07	0.00e+00	0.00e+00	0.00e+00	0.00e+00	0.00e+00	0.00e+00	9.02e-01	4.62e-02	3.54e-02
 6.17594e+16	9.84e-01	1.61e-02	1.48e-07	0.00e+00	0.00e+00	0.00e+00	0.00e+00	0.00e+00	0.00e+00	9.03e-01	4.61e-02	3.53e-02
 6.17686e+16	9.84e-01	1.57e-02	1.42e-07	0.00e+00	0.00e+00	0.00e+00	0.00e+00	0.00e+00	0.00e+00	9.03e-01	4.59e-02	3.52e-02
 6.17776e+16	9.85e-01	1.54e-02	1.36e-07	0.00e+00	0.00e+00	0.00e+00	0.00e+00	0.00e+00	0.00e+00	9.04e-01	4.58e-02	3.51e-02
 6.17865e+16	9.85e-01	1.50e-02	1.31e-07	0.00e+00	0.00e+00	0.00e+00	0.00e+00	0.00e+00	0.00e+00	9.04e-01	4.56e-02	3.50e-02
 6.17953e+16	9.85e-01	1.47e-02	1.25e-07	0.00e+00	0.00e+00	0.00e+00	0.00e+00	0.00e+00	0.00e+00	9.05e-01	4.55e-02	3.48e-02
 6.18041e+16	9.86e-01	1.44e-02	1.21e-07	0.00e+00	0.00e+00	0.00e+00	0.00e+00	0.00e+00	0.00e+00	9.06e-01	4.53e-02	3.47e-02
 6.18129e+16	9.86e-01	1.40e-02	1.16e-07	0.00e+00	0.00e+00	0.00e+00	0.00e+00	0.00e+00	0.00e+00	9.06e-01	4.52e-02	3.46e-02
 6.18220e+16	9.86e-01	1.37e-02	1.11e-07	0.00e+00	0.00e+00	0.00e+00	0.00e+00	0.00e+00	0.00e+00	9.07e-01	4.50e-02	3.44e-02
 6.18315e+16	9.87e-01	1.33e-02	1.06e-07	0.00e+00	0.00e+00	0.00e+00	0.00e+00	0.00e+00	0.00e+00	9.08e-01	4.48e-02	3.43e-02
 6.18412e+16	9.87e-01	1.29e-02	1.01e-07	0.00e+00	0.00e+00	0.00e+00	0.00e+00	0.00e+00	0.00e+00	9.08e-01	4.46e-02	3.41e-02
 6.18503e+16	9.87e-01	1.25e-02	9.67e-08	0.00e+00	0.00e+00	0.00e+00	0.00e+00	0.00e+00	0.00e+00	9.09e-01	4.44e-02	3.39e-02
 6.18584e+16	9.88e-01	1.22e-02	9.29e-08	0.00e+00	0.00e+00	0.00e+00	0.00e+00	0.00e+00	0.00e+00	9.10e-01	4.43e-02	3.37e-02
 6.18657e+16	9.88e-01	1.19e-02	8.96e-08	0.00e+00	0.00e+00	0.00e+00	0.00e+00	0.00e+00	0.00e+00	9.10e-01	4.41e-02	3.36e-02
 6.18727e+16	9.88e-01	1.16e-02	8.65e-08	0.00e+00	0.00e+00	0.00e+00	0.00e+00	0.00e+00	0.00e+00	9.11e-01	4.39e-02	3.34e-02
 6.18795e+16	9.89e-01	1.13e-02	8.35e-08	0.00e+00	0.00e+00	0.00e+00	0.00e+00	0.00e+00	0.00e+00	9.12e-01	4.38e-02	3.33e-02
 6.18863e+16	9.89e-01	1.10e-02	8.07e-08	0.00e+00	0.00e+00	0.00e+00	0.00e+00	0.00e+00	0.00e+00	9.12e-01	4.36e-02	3.31e-02
 6.18926e+16	9.89e-01	1.08e-02	7.80e-08	0.00e+00	0.00e+00	0.00e+00	0.00e+00	0.00e+00	0.00e+00	9.13e-01	4.34e-02	3.30e-02
 6.18983e+16	9.89e-01	1.06e-02	7.57e-08	0.00e+00	0.00e+00	0.00e+00	0.00e+00	0.00e+00	0.00e+00	9.13e-01	4.33e-02	3.28e-02
 6.19036e+16	9.90e-01	1.03e-02	7.36e-08	0.00e+00	0.00e+00	0.00e+00	0.00e+00	0.00e+00	0.00e+00	9.14e-01	4.31e-02	3.27e-02
 6.19083e+16	9.90e-01	1.01e-02	7.16e-08	0.00e+00	0.00e+00	0.00e+00	0.00e+00	0.00e+00	0.00e+00	9.14e-01	4.30e-02	3.26e-02
 6.19127e+16	9.90e-01	9.97e-03	6.99e-08	0.00e+00	0.00e+00	0.00e+00	0.00e+00	0.00e+00	0.00e+00	9.15e-01	4.29e-02	3.25e-02
 6.19166e+16	9.90e-01	9.83e-03	6.84e-08	0.00e+00	0.00e+00	0.00e+00	0.00e+00	0.00e+00	0.00e+00	9.15e-01	4.27e-02	3.24e-02
 6.19202e+16	9.90e-01	9.69e-03	6.71e-08	0.00e+00	0.00e+00	0.00e+00	0.00e+00	0.00e+00	0.00e+00	9.15e-01	4.26e-02	3.23e-02
 6.19241e+16	9.90e-01	9.54e-03	6.55e-08	0.00e+00	0.00e+00	0.00e+00	0.00e+00	0.00e+00	0.00e+00	9.16e-01	4.25e-02	3.22e-02
 6.19284e+16	9.91e-01	9.38e-03	6.39e-08	0.00e+00	0.00e+00	0.00e+00	0.00e+00	0.00e+00	0.00e+00	9.16e-01	4.23e-02	3.20e-02
 6.19323e+16	9.91e-01	9.24e-03	6.25e-08	0.00e+00	0.00e+00	0.00e+00	0.00e+00	0.00e+00	0.00e+00	9.17e-01	4.22e-02	3.19e-02
 6.19358e+16	9.91e-01	9.11e-03	6.12e-08	0.00e+00	0.00e+00	0.00e+00	0.00e+00	0.00e+00	0.00e+00	9.17e-01	4.21e-02	3.18e-02
 6.19396e+16	9.91e-01	8.96e-03	5.98e-08	0.00e+00	0.00e+00	0.00e+00	0.00e+00	0.00e+00	0.00e+00	9.17e-01	4.19e-02	3.17e-02
 6.19438e+16	9.91e-01	8.81e-03	5.83e-08	0.00e+00	0.00e+00	0.00e+00	0.00e+00	0.00e+00	0.00e+00	9.18e-01	4.18e-02	3.16e-02
 6.19476e+16	9.91e-01	8.68e-03	5.70e-08	0.00e+00	0.00e+00	0.00e+00	0.00e+00	0.00e+00	0.00e+00	9.18e-01	4.16e-02	3.15e-02
 6.19510e+16	9.91e-01	8.56e-03	5.58e-08	0.00e+00	0.00e+00	0.00e+00	0.00e+00	0.00e+00	0.00e+00	9.19e-01	4.15e-02	3.14e-02
 6.19548e+16	9.92e-01	8.42e-03	5.44e-08	0.00e+00	0.00e+00	0.00e+00	0.00e+00	0.00e+00	0.00e+00	9.19e-01	4.14e-02	3.13e-02
 6.19589e+16	9.92e-01	8.29e-03	5.31e-08	0.00e+00	0.00e+00	0.00e+00	0.00e+00	0.00e+00	0.00e+00	9.19e-01	4.12e-02	3.11e-02
 6.19626e+16	9.92e-01	8.18e-03	5.19e-08	0.00e+00	0.00e+00	0.00e+00	0.00e+00	0.00e+00	0.00e+00	9.20e-01	4.11e-02	3.11e-02
 6.19667e+16	9.92e-01	8.06e-03	5.06e-08	0.00e+00	0.00e+00	0.00e+00	0.00e+00	0.00e+00	0.00e+00	9.20e-01	4.10e-02	3.10e-02
 6.19720e+16	9.92e-01	7.90e-03	4.90e-08	0.00e+00	0.00e+00	0.00e+00	0.00e+00	0.00e+00	0.00e+00	9.20e-01	4.08e-02	3.08e-02
 6.19777e+16	9.92e-01	7.74e-03	4.72e-08	0.00e+00	0.00e+00	0.00e+00	0.00e+00	0.00e+00	0.00e+00	9.21e-01	4.07e-02	3.07e-02
 6.19829e+16	9.92e-01	7.59e-03	4.57e-08	0.00e+00	0.00e+00	0.00e+00	0.00e+00	0.00e+00	0.00e+00	9.21e-01	4.05e-02	3.05e-02
 6.19876e+16	9.93e-01	7.46e-03	4.44e-08	0.00e+00	0.00e+00	0.00e+00	0.00e+00	0.00e+00	0.00e+00	9.22e-01	4.04e-02	3.04e-02
 6.19919e+16	9.93e-01	7.34e-03	4.32e-08	0.00e+00	0.00e+00	0.00e+00	0.00e+00	0.00e+00	0.00e+00	9.22e-01	4.03e-02	3.03e-02
 6.19966e+16	9.93e-01	7.19e-03	4.17e-08	0.00e+00	0.00e+00	0.00e+00	0.00e+00	0.00e+00	0.00e+00	9.23e-01	4.01e-02	3.02e-02
