#depth	H	H+	H2
 2.88069e+11	1.95e-03	9.98e-01	3.57e-12
 1.72841e+12	1.95e-03	9.98e-01	3.59e-12
 7.48979e+12	1.95e-03	9.98e-01	3.60e-12
 3.05353e+13	1.95e-03	9.98e-01	3.62e-12
 7.29391e+13	1.94e-03	9.98e-01	3.65e-12
 1.28064e+14	1.93e-03	9.98e-01	3.68e-12
 1.99726e+14	1.91e-03	9.98e-01	3.72e-12
 2.92887e+14	1.90e-03	9.98e-01	3.77e-12
 4.13997e+14	1.89e-03	9.98e-01	3.84e-12
 5.71439e+14	1.88e-03	9.98e-01	3.92e-12
 7.76114e+14	1.87e-03	9.98e-01	4.02e-12
 1.04219e+15	1.86e-03	9.98e-01	4.14e-12
 1.38809e+15	1.85e-03	9.98e-01	4.28e-12
 1.83776e+15	1.85e-03	9.98e-01	4.43e-12
 2.37649e+15	1.83e-03	9.98e-01	4.58e-12
 2.92023e+15	1.81e-03	9.98e-01	4.63e-12
 3.51631e+15	1.81e-03	9.98e-01	4.71e-12
 4.29121e+15	1.81e-03	9.98e-01	4.80e-12
 5.14725e+15	1.80e-03	9.98e-01	4.85e-12
 6.10876e+15	1.81e-03	9.98e-01	4.87e-12
 6.98483e+15	1.80e-03	9.98e-01	4.87e-12
 7.68331e+15	1.80e-03	9.98e-01	4.81e-12
 8.45164e+15	1.82e-03	9.98e-01	4.79e-12
 9.29680e+15	1.84e-03	9.98e-01	4.75e-12
 1.02265e+16	1.86e-03	9.98e-01	4.66e-12
 1.11567e+16	1.89e-03	9.98e-01	4.54e-12
 1.19911e+16	1.92e-03	9.98e-01	4.38e-12
 1.27504e+16	1.96e-03	9.98e-01	4.15e-12
 1.34831e+16	2.00e-03	9.98e-01	3.85e-12
 1.42073e+16	2.05e-03	9.98e-01	3.50e-12
 1.49150e+16	2.10e-03	9.98e-01	3.12e-12
 1.55993e+16	2.15e-03	9.98e-01	2.72e-12
 1.62650e+16	2.21e-03	9.98e-01	2.34e-12
 1.69207e+16	2.28e-03	9.98e-01	1.99e-12
 1.75681e+16	2.35e-03	9.98e-01	1.68e-12
 1.82005e+16	2.43e-03	9.98e-01	1.43e-12
 1.88135e+16	2.52e-03	9.97e-01	1.23e-12
 1.94107e+16	2.61e-03	9.97e-01	1.07e-12
 1.99990e+16	2.72e-03	9.97e-01	9.43e-13
 2.05815e+16	2.83e-03	9.97e-01	8.47e-13
 2.11544e+16	2.95e-03	9.97e-01	7.76e-13
 2.17157e+16	3.09e-03	9.97e-01	7.26e-13
 2.22686e+16	3.24e-03	9.97e-01	6.94e-13
 2.28188e+16	3.40e-03	9.97e-01	6.75e-13
 2.33712e+16	3.59e-03	9.96e-01	6.69e-13
 2.39287e+16	3.81e-03	9.96e-01	6.74e-13
 2.44957e+16	4.06e-03	9.96e-01	6.90e-13
 2.50781e+16	4.36e-03	9.96e-01	7.19e-13
 2.56648e+16	4.72e-03	9.95e-01	7.63e-13
 2.62250e+16	5.14e-03	9.95e-01	8.23e-13
 2.67431e+16	5.60e-03	9.94e-01	8.94e-13
 2.72314e+16	6.11e-03	9.94e-01	9.73e-13
 2.76960e+16	6.69e-03	9.93e-01	1.07e-12
 2.81213e+16	7.33e-03	9.93e-01	1.17e-12
 2.84969e+16	8.00e-03	9.92e-01	1.29e-12
 2.88258e+16	8.69e-03	9.91e-01	1.41e-12
 2.91177e+16	9.38e-03	9.91e-01	1.52e-12
 2.93825e+16	1.01e-02	9.90e-01	1.64e-12
 2.96244e+16	1.08e-02	9.89e-01	1.76e-12
 2.98432e+16	1.16e-02	9.88e-01	1.89e-12
 3.00371e+16	1.24e-02	9.88e-01	2.02e-12
 3.02081e+16	1.31e-02	9.87e-01	2.15e-12
 3.03633e+16	1.39e-02	9.86e-01	2.27e-12
 3.05079e+16	1.46e-02	9.85e-01	2.40e-12
 3.06423e+16	1.54e-02	9.85e-01	2.52e-12
 3.07659e+16	1.62e-02	9.84e-01	2.65e-12
 3.08804e+16	1.69e-02	9.83e-01	2.78e-12
 3.09888e+16	1.77e-02	9.82e-01	2.90e-12
 3.10946e+16	1.85e-02	9.82e-01	3.03e-12
 3.12157e+16	1.93e-02	9.81e-01	3.17e-12
 3.13490e+16	2.05e-02	9.79e-01	3.37e-12
 3.14743e+16	2.18e-02	9.78e-01	3.57e-12
 3.16135e+16	2.31e-02	9.77e-01	3.79e-12
 3.17945e+16	2.52e-02	9.75e-01	4.11e-12
 3.20297e+16	2.86e-02	9.71e-01	4.62e-12
 3.23355e+16	3.43e-02	9.66e-01	5.50e-12
 3.26787e+16	4.43e-02	9.56e-01	7.12e-12
 3.29638e+16	5.92e-02	9.41e-01	9.63e-12
 3.31467e+16	7.54e-02	9.25e-01	1.25e-11
 3.32524e+16	8.88e-02	9.11e-01	1.49e-11
 3.33215e+16	9.92e-02	9.01e-01	1.69e-11
 3.33945e+16	1.12e-01	8.88e-01	1.94e-11
 3.34894e+16	1.32e-01	8.68e-01	2.35e-11
 3.35872e+16	1.62e-01	8.38e-01	3.01e-11
 3.36688e+16	1.97e-01	8.03e-01	3.86e-11
 3.37383e+16	2.37e-01	7.63e-01	4.93e-11
 3.37952e+16	2.79e-01	7.21e-01	6.22e-11
 3.38370e+16	3.16e-01	6.84e-01	7.56e-11
 3.38664e+16	3.47e-01	6.53e-01	8.75e-11
 3.38896e+16	3.72e-01	6.28e-01	9.88e-11
 3.39110e+16	3.98e-01	6.02e-01	1.12e-10
 3.39319e+16	4.24e-01	5.76e-01	1.26e-10
 3.39511e+16	4.50e-01	5.50e-01	1.42e-10
 3.39678e+16	4.73e-01	5.27e-01	1.57e-10
 3.39827e+16	4.94e-01	5.06e-01	1.74e-10
 3.39964e+16	5.14e-01	4.86e-01	1.90e-10
 3.40095e+16	5.34e-01	4.66e-01	2.08e-10
 3.40200e+16	5.50e-01	4.50e-01	2.24e-10
 3.40276e+16	5.61e-01	4.39e-01	2.37e-10
 3.40347e+16	5.72e-01	4.28e-01	2.50e-10
 3.40426e+16	5.84e-01	4.16e-01	2.64e-10
 3.40513e+16	5.97e-01	4.03e-01	2.82e-10
 3.40598e+16	6.11e-01	3.89e-01	3.02e-10
 3.40677e+16	6.23e-01	3.77e-01	3.22e-10
 3.40752e+16	6.34e-01	3.66e-01	3.41e-10
 3.40829e+16	6.47e-01	3.53e-01	3.65e-10
 3.40907e+16	6.58e-01	3.42e-01	3.86e-10
 3.40985e+16	6.70e-01	3.30e-01	4.12e-10
 3.41062e+16	6.82e-01	3.18e-01	4.42e-10
 3.41136e+16	6.92e-01	3.08e-01	4.68e-10
 3.41210e+16	7.03e-01	2.97e-01	5.03e-10
 3.41284e+16	7.13e-01	2.87e-01	5.30e-10
 3.41359e+16	7.24e-01	2.76e-01	5.67e-10
 3.41434e+16	7.35e-01	2.65e-01	6.07e-10
 3.41507e+16	7.45e-01	2.55e-01	6.48e-10
 3.41579e+16	7.54e-01	2.46e-01	6.95e-10
 3.41650e+16	7.64e-01	2.36e-01	7.44e-10
 3.41720e+16	7.72e-01	2.28e-01	7.88e-10
 3.41791e+16	7.81e-01	2.19e-01	8.46e-10
 3.41861e+16	7.90e-01	2.10e-01	9.05e-10
 3.41930e+16	7.98e-01	2.02e-01	9.67e-10
 3.41998e+16	8.06e-01	1.94e-01	1.02e-09
 3.42065e+16	8.14e-01	1.86e-01	1.09e-09
 3.42132e+16	8.21e-01	1.79e-01	1.16e-09
 3.42198e+16	8.28e-01	1.72e-01	1.24e-09
 3.42263e+16	8.35e-01	1.65e-01	1.33e-09
 3.42326e+16	8.41e-01	1.59e-01	1.40e-09
 3.42389e+16	8.47e-01	1.53e-01	1.50e-09
 3.42452e+16	8.53e-01	1.47e-01	1.59e-09
 3.42515e+16	8.59e-01	1.41e-01	1.70e-09
 3.42578e+16	8.65e-01	1.35e-01	1.81e-09
 3.42638e+16	8.70e-01	1.30e-01	1.93e-09
 3.42698e+16	8.75e-01	1.25e-01	2.03e-09
 3.42759e+16	8.80e-01	1.20e-01	2.17e-09
 3.42819e+16	8.84e-01	1.16e-01	2.32e-09
 3.42878e+16	8.89e-01	1.11e-01	2.48e-09
 3.42937e+16	8.93e-01	1.07e-01	2.60e-09
 3.42996e+16	8.97e-01	1.03e-01	2.79e-09
 3.43055e+16	9.01e-01	9.85e-02	2.99e-09
 3.43112e+16	9.05e-01	9.46e-02	3.20e-09
 3.43169e+16	9.09e-01	9.11e-02	3.36e-09
 3.43227e+16	9.13e-01	8.75e-02	3.61e-09
 3.43284e+16	9.16e-01	8.40e-02	3.89e-09
 3.43339e+16	9.19e-01	8.07e-02	4.18e-09
 3.43396e+16	9.22e-01	7.76e-02	4.42e-09
 3.43452e+16	9.26e-01	7.45e-02	4.78e-09
 3.43508e+16	9.28e-01	7.16e-02	5.17e-09
 3.43562e+16	9.31e-01	6.87e-02	5.59e-09
 3.43616e+16	9.34e-01	6.60e-02	6.02e-09
 3.43671e+16	9.37e-01	6.34e-02	6.50e-09
 3.43726e+16	9.39e-01	6.10e-02	7.05e-09
 3.43779e+16	9.41e-01	5.86e-02	7.64e-09
 3.43831e+16	9.44e-01	5.63e-02	8.33e-09
 3.43883e+16	9.46e-01	5.41e-02	9.13e-09
 3.43935e+16	9.48e-01	5.20e-02	1.01e-08
 3.43987e+16	9.50e-01	4.99e-02	1.11e-08
 3.44037e+16	9.52e-01	4.80e-02	1.22e-08
 3.44087e+16	9.54e-01	4.61e-02	1.36e-08
 3.44137e+16	9.56e-01	4.43e-02	1.51e-08
 3.44186e+16	9.57e-01	4.25e-02	1.69e-08
 3.44233e+16	9.59e-01	4.09e-02	1.89e-08
 3.44277e+16	9.61e-01	3.94e-02	2.10e-08
 3.44320e+16	9.62e-01	3.79e-02	2.34e-08
 3.44362e+16	9.63e-01	3.66e-02	2.61e-08
 3.44404e+16	9.65e-01	3.52e-02	2.90e-08
 3.44445e+16	9.66e-01	3.39e-02	3.22e-08
 3.44486e+16	9.67e-01	3.26e-02	3.55e-08
 3.44528e+16	9.69e-01	3.13e-02	3.93e-08
 3.44570e+16	9.70e-01	3.00e-02	4.28e-08
 3.44609e+16	9.71e-01	2.89e-02	4.57e-08
 3.44643e+16	9.72e-01	2.79e-02	4.79e-08
 3.44673e+16	9.73e-01	2.70e-02	4.96e-08
 3.44702e+16	9.74e-01	2.62e-02	5.09e-08
 3.44728e+16	9.75e-01	2.54e-02	5.19e-08
 3.44752e+16	9.75e-01	2.47e-02	5.28e-08
 3.44775e+16	9.76e-01	2.40e-02	5.35e-08
 3.44797e+16	9.77e-01	2.34e-02	5.41e-08
 3.44817e+16	9.77e-01	2.28e-02	5.47e-08
 3.44835e+16	9.78e-01	2.23e-02	5.52e-08
 3.44852e+16	9.78e-01	2.18e-02	5.57e-08
 3.44867e+16	9.79e-01	2.14e-02	5.63e-08
 3.44880e+16	9.79e-01	2.10e-02	5.68e-08
 3.44893e+16	9.79e-01	2.07e-02	5.73e-08
 3.44904e+16	9.80e-01	2.04e-02	5.77e-08
 3.44917e+16	9.80e-01	2.01e-02	5.82e-08
 3.44933e+16	9.80e-01	1.96e-02	5.91e-08
 3.44950e+16	9.81e-01	1.91e-02	6.01e-08
 3.44966e+16	9.81e-01	1.87e-02	6.10e-08
 3.44981e+16	9.82e-01	1.84e-02	6.19e-08
 3.44994e+16	9.82e-01	1.80e-02	6.29e-08
 3.45006e+16	9.82e-01	1.77e-02	6.37e-08
 3.45017e+16	9.83e-01	1.75e-02	6.45e-08
 3.45029e+16	9.83e-01	1.72e-02	6.52e-08
 3.45044e+16	9.83e-01	1.68e-02	6.66e-08
 3.45061e+16	9.84e-01	1.65e-02	6.78e-08
 3.45076e+16	9.84e-01	1.62e-02	6.90e-08
 3.45090e+16	9.84e-01	1.59e-02	7.02e-08
 3.45103e+16	9.84e-01	1.56e-02	7.12e-08
 3.45115e+16	9.85e-01	1.54e-02	7.21e-08
 3.45127e+16	9.85e-01	1.52e-02	7.34e-08
 3.45141e+16	9.85e-01	1.49e-02	7.47e-08
 3.45153e+16	9.85e-01	1.47e-02	7.59e-08
 3.45164e+16	9.86e-01	1.45e-02	7.70e-08
 3.45177e+16	9.86e-01	1.42e-02	7.83e-08
 3.45190e+16	9.86e-01	1.40e-02	7.98e-08
 3.45202e+16	9.86e-01	1.37e-02	8.13e-08
 3.45213e+16	9.86e-01	1.36e-02	8.26e-08
 3.45225e+16	9.87e-01	1.33e-02	8.39e-08
 3.45241e+16	9.87e-01	1.30e-02	8.65e-08
 3.45258e+16	9.87e-01	1.27e-02	8.88e-08
 3.45274e+16	9.88e-01	1.25e-02	9.10e-08
 3.45288e+16	9.88e-01	1.22e-02	9.31e-08
 3.45301e+16	9.88e-01	1.20e-02	9.48e-08
 3.45312e+16	9.88e-01	1.19e-02	9.63e-08
 3.45325e+16	9.88e-01	1.17e-02	9.83e-08
 3.45339e+16	9.89e-01	1.15e-02	1.01e-07
 3.45351e+16	9.89e-01	1.13e-02	1.02e-07
 3.45363e+16	9.89e-01	1.11e-02	1.04e-07
 3.45375e+16	9.89e-01	1.09e-02	1.06e-07
 3.45391e+16	9.89e-01	1.07e-02	1.09e-07
 3.45409e+16	9.90e-01	1.04e-02	1.12e-07
 3.45425e+16	9.90e-01	1.02e-02	1.14e-07
 3.45440e+16	9.90e-01	1.01e-02	1.16e-07
 3.45455e+16	9.90e-01	9.88e-03	1.18e-07
