#depth	O	O+	O+2	O+3	O+4	O+5	O+6	O+7	O+8	O[1]	O[2]	O[3]
 4.70625e+11	5.78e-06	1.07e-02	9.64e-01	2.55e-02	9.52e-07	0.00e+00	0.00e+00	0.00e+00	0.00e+00	4.01e-06	1.19e-06	5.73e-07
 2.82375e+12	5.77e-06	1.07e-02	9.64e-01	2.54e-02	9.47e-07	0.00e+00	0.00e+00	0.00e+00	0.00e+00	4.01e-06	1.19e-06	5.73e-07
 1.22362e+13	5.78e-06	1.07e-02	9.64e-01	2.50e-02	9.27e-07	0.00e+00	0.00e+00	0.00e+00	0.00e+00	4.01e-06	1.19e-06	5.74e-07
 4.98862e+13	5.82e-06	1.08e-02	9.66e-01	2.37e-02	8.52e-07	0.00e+00	0.00e+00	0.00e+00	0.00e+00	4.04e-06	1.20e-06	5.78e-07
 1.19162e+14	5.84e-06	1.08e-02	9.67e-01	2.18e-02	7.49e-07	0.00e+00	0.00e+00	0.00e+00	0.00e+00	4.05e-06	1.21e-06	5.81e-07
 2.09221e+14	5.90e-06	1.09e-02	9.70e-01	1.95e-02	6.32e-07	0.00e+00	0.00e+00	0.00e+00	0.00e+00	4.09e-06	1.22e-06	5.87e-07
 3.26297e+14	5.97e-06	1.10e-02	9.72e-01	1.68e-02	5.04e-07	0.00e+00	0.00e+00	0.00e+00	0.00e+00	4.14e-06	1.23e-06	5.95e-07
 4.78497e+14	6.07e-06	1.11e-02	9.75e-01	1.38e-02	3.75e-07	0.00e+00	0.00e+00	0.00e+00	0.00e+00	4.21e-06	1.26e-06	6.05e-07
 6.76356e+14	6.20e-06	1.13e-02	9.78e-01	1.06e-02	2.53e-07	0.00e+00	0.00e+00	0.00e+00	0.00e+00	4.29e-06	1.28e-06	6.18e-07
 9.33572e+14	6.37e-06	1.15e-02	9.81e-01	7.50e-03	1.51e-07	0.00e+00	0.00e+00	0.00e+00	0.00e+00	4.41e-06	1.32e-06	6.35e-07
 1.26795e+15	6.60e-06	1.17e-02	9.84e-01	4.74e-03	0.00e+00	0.00e+00	0.00e+00	0.00e+00	0.00e+00	4.57e-06	1.37e-06	6.59e-07
 1.70265e+15	6.90e-06	1.20e-02	9.85e-01	2.61e-03	0.00e+00	0.00e+00	0.00e+00	0.00e+00	0.00e+00	4.78e-06	1.44e-06	6.89e-07
 2.26776e+15	7.30e-06	1.24e-02	9.86e-01	1.22e-03	0.00e+00	0.00e+00	0.00e+00	0.00e+00	0.00e+00	5.05e-06	1.52e-06	7.30e-07
 3.00239e+15	7.87e-06	1.29e-02	9.87e-01	4.75e-04	0.00e+00	0.00e+00	0.00e+00	0.00e+00	0.00e+00	5.44e-06	1.64e-06	7.86e-07
 3.95742e+15	8.64e-06	1.35e-02	9.86e-01	1.56e-04	0.00e+00	0.00e+00	0.00e+00	0.00e+00	0.00e+00	5.97e-06	1.81e-06	8.65e-07
 5.19896e+15	9.77e-06	1.42e-02	9.86e-01	4.88e-05	0.00e+00	0.00e+00	0.00e+00	0.00e+00	0.00e+00	6.75e-06	2.05e-06	9.79e-07
 6.81295e+15	1.15e-05	1.53e-02	9.85e-01	1.94e-05	0.00e+00	0.00e+00	0.00e+00	0.00e+00	0.00e+00	7.91e-06	2.40e-06	1.15e-06
 8.91115e+15	1.42e-05	1.67e-02	9.83e-01	1.17e-05	0.00e+00	0.00e+00	0.00e+00	0.00e+00	0.00e+00	9.79e-06	2.98e-06	1.42e-06
 1.13186e+16	1.82e-05	1.85e-02	9.81e-01	8.94e-06	0.00e+00	0.00e+00	0.00e+00	0.00e+00	0.00e+00	1.25e-05	3.82e-06	1.82e-06
 1.37617e+16	2.35e-05	2.06e-02	9.79e-01	7.47e-06	0.00e+00	0.00e+00	0.00e+00	0.00e+00	0.00e+00	1.62e-05	4.95e-06	2.36e-06
 1.57324e+16	2.92e-05	2.24e-02	9.78e-01	6.56e-06	0.00e+00	0.00e+00	0.00e+00	0.00e+00	0.00e+00	2.01e-05	6.14e-06	2.93e-06
 1.73057e+16	3.73e-05	2.47e-02	9.75e-01	5.92e-06	0.00e+00	0.00e+00	0.00e+00	0.00e+00	0.00e+00	2.56e-05	7.89e-06	3.74e-06
 1.90362e+16	4.61e-05	2.68e-02	9.73e-01	5.35e-06	0.00e+00	0.00e+00	0.00e+00	0.00e+00	0.00e+00	3.17e-05	9.73e-06	4.62e-06
 2.05309e+16	5.61e-05	2.89e-02	9.71e-01	4.93e-06	0.00e+00	0.00e+00	0.00e+00	0.00e+00	0.00e+00	3.86e-05	1.18e-05	5.62e-06
 2.15419e+16	6.42e-05	3.05e-02	9.69e-01	4.68e-06	0.00e+00	0.00e+00	0.00e+00	0.00e+00	0.00e+00	4.43e-05	1.35e-05	6.43e-06
 2.25145e+16	7.29e-05	3.20e-02	9.68e-01	4.43e-06	0.00e+00	0.00e+00	0.00e+00	0.00e+00	0.00e+00	5.03e-05	1.53e-05	7.30e-06
 2.37789e+16	8.66e-05	3.42e-02	9.66e-01	4.15e-06	0.00e+00	0.00e+00	0.00e+00	0.00e+00	0.00e+00	5.98e-05	1.81e-05	8.65e-06
 2.50767e+16	1.04e-04	3.68e-02	9.63e-01	3.87e-06	0.00e+00	0.00e+00	0.00e+00	0.00e+00	0.00e+00	7.20e-05	2.18e-05	1.04e-05
 2.61000e+16	1.22e-04	3.92e-02	9.61e-01	3.66e-06	0.00e+00	0.00e+00	0.00e+00	0.00e+00	0.00e+00	8.42e-05	2.54e-05	1.21e-05
 2.69493e+16	1.39e-04	4.14e-02	9.58e-01	3.49e-06	0.00e+00	0.00e+00	0.00e+00	0.00e+00	0.00e+00	9.60e-05	2.89e-05	1.38e-05
 2.78902e+16	1.60e-04	4.39e-02	9.56e-01	3.32e-06	0.00e+00	0.00e+00	0.00e+00	0.00e+00	0.00e+00	1.11e-04	3.33e-05	1.59e-05
 2.91134e+16	1.94e-04	4.77e-02	9.52e-01	3.10e-06	0.00e+00	0.00e+00	0.00e+00	0.00e+00	0.00e+00	1.35e-04	4.02e-05	1.93e-05
 3.03185e+16	2.39e-04	5.21e-02	9.48e-01	2.88e-06	0.00e+00	0.00e+00	0.00e+00	0.00e+00	0.00e+00	1.66e-04	4.93e-05	2.37e-05
 3.11916e+16	2.80e-04	5.59e-02	9.44e-01	2.71e-06	0.00e+00	0.00e+00	0.00e+00	0.00e+00	0.00e+00	1.95e-04	5.77e-05	2.77e-05
 3.18931e+16	3.20e-04	5.94e-02	9.40e-01	2.58e-06	0.00e+00	0.00e+00	0.00e+00	0.00e+00	0.00e+00	2.22e-04	6.57e-05	3.16e-05
 3.26801e+16	3.68e-04	6.33e-02	9.36e-01	2.44e-06	0.00e+00	0.00e+00	0.00e+00	0.00e+00	0.00e+00	2.56e-04	7.55e-05	3.63e-05
 3.37032e+16	4.47e-04	6.92e-02	9.30e-01	2.26e-06	0.00e+00	0.00e+00	0.00e+00	0.00e+00	0.00e+00	3.12e-04	9.13e-05	4.40e-05
 3.47326e+16	5.53e-04	7.65e-02	9.23e-01	2.07e-06	0.00e+00	0.00e+00	0.00e+00	0.00e+00	0.00e+00	3.86e-04	1.12e-04	5.43e-05
 3.55154e+16	6.59e-04	8.32e-02	9.16e-01	1.93e-06	0.00e+00	0.00e+00	0.00e+00	0.00e+00	0.00e+00	4.61e-04	1.33e-04	6.47e-05
 3.61531e+16	7.61e-04	8.91e-02	9.10e-01	1.81e-06	0.00e+00	0.00e+00	0.00e+00	0.00e+00	0.00e+00	5.32e-04	1.54e-04	7.45e-05
 3.68574e+16	8.95e-04	9.64e-02	9.03e-01	1.68e-06	0.00e+00	0.00e+00	0.00e+00	0.00e+00	0.00e+00	6.27e-04	1.80e-04	8.75e-05
 3.77729e+16	1.11e-03	1.07e-01	8.92e-01	1.51e-06	0.00e+00	0.00e+00	0.00e+00	0.00e+00	0.00e+00	7.76e-04	2.21e-04	1.08e-04
 3.86957e+16	1.41e-03	1.21e-01	8.78e-01	1.34e-06	0.00e+00	0.00e+00	0.00e+00	0.00e+00	0.00e+00	9.91e-04	2.81e-04	1.37e-04
 3.93867e+16	1.71e-03	1.33e-01	8.66e-01	1.22e-06	0.00e+00	0.00e+00	0.00e+00	0.00e+00	0.00e+00	1.20e-03	3.40e-04	1.66e-04
 3.99402e+16	2.00e-03	1.44e-01	8.54e-01	1.11e-06	0.00e+00	0.00e+00	0.00e+00	0.00e+00	0.00e+00	1.41e-03	3.97e-04	1.95e-04
 4.05567e+16	2.40e-03	1.57e-01	8.40e-01	1.00e-06	0.00e+00	0.00e+00	0.00e+00	0.00e+00	0.00e+00	1.69e-03	4.74e-04	2.33e-04
 4.13580e+16	3.10e-03	1.79e-01	8.18e-01	8.65e-07	0.00e+00	0.00e+00	0.00e+00	0.00e+00	0.00e+00	2.19e-03	6.10e-04	3.00e-04
 4.21232e+16	4.02e-03	2.04e-01	7.92e-01	7.35e-07	0.00e+00	0.00e+00	0.00e+00	0.00e+00	0.00e+00	2.84e-03	7.90e-04	3.88e-04
 4.26450e+16	4.86e-03	2.24e-01	7.71e-01	6.47e-07	0.00e+00	0.00e+00	0.00e+00	0.00e+00	0.00e+00	3.43e-03	9.52e-04	4.68e-04
 4.30563e+16	5.68e-03	2.42e-01	7.52e-01	5.80e-07	0.00e+00	0.00e+00	0.00e+00	0.00e+00	0.00e+00	4.02e-03	1.11e-03	5.47e-04
 4.35199e+16	6.82e-03	2.65e-01	7.29e-01	5.07e-07	0.00e+00	0.00e+00	0.00e+00	0.00e+00	0.00e+00	4.83e-03	1.33e-03	6.57e-04
 4.40424e+16	8.45e-03	2.93e-01	6.98e-01	4.29e-07	0.00e+00	0.00e+00	0.00e+00	0.00e+00	0.00e+00	5.98e-03	1.65e-03	8.12e-04
 4.45218e+16	1.04e-02	3.25e-01	6.65e-01	3.60e-07	0.00e+00	0.00e+00	0.00e+00	0.00e+00	0.00e+00	7.40e-03	2.04e-03	1.00e-03
 4.49254e+16	1.26e-02	3.54e-01	6.33e-01	3.06e-07	0.00e+00	0.00e+00	0.00e+00	0.00e+00	0.00e+00	8.92e-03	2.45e-03	1.21e-03
 4.52905e+16	1.50e-02	3.84e-01	6.01e-01	2.60e-07	0.00e+00	0.00e+00	0.00e+00	0.00e+00	0.00e+00	1.06e-02	2.92e-03	1.44e-03
 4.57051e+16	1.85e-02	4.22e-01	5.60e-01	2.10e-07	0.00e+00	0.00e+00	0.00e+00	0.00e+00	0.00e+00	1.32e-02	3.61e-03	1.78e-03
 4.61385e+16	2.34e-02	4.65e-01	5.11e-01	1.63e-07	0.00e+00	0.00e+00	0.00e+00	0.00e+00	0.00e+00	1.66e-02	4.54e-03	2.24e-03
 4.64908e+16	2.85e-02	5.05e-01	4.67e-01	1.29e-07	0.00e+00	0.00e+00	0.00e+00	0.00e+00	0.00e+00	2.02e-02	5.55e-03	2.74e-03
 4.67824e+16	3.39e-02	5.39e-01	4.27e-01	0.00e+00	0.00e+00	0.00e+00	0.00e+00	0.00e+00	0.00e+00	2.41e-02	6.59e-03	3.25e-03
 4.71006e+16	4.13e-02	5.78e-01	3.81e-01	0.00e+00	0.00e+00	0.00e+00	0.00e+00	0.00e+00	0.00e+00	2.93e-02	8.02e-03	3.96e-03
 4.74464e+16	5.16e-02	6.21e-01	3.28e-01	0.00e+00	0.00e+00	0.00e+00	0.00e+00	0.00e+00	0.00e+00	3.66e-02	1.00e-02	4.95e-03
 4.77455e+16	6.33e-02	6.57e-01	2.79e-01	0.00e+00	0.00e+00	0.00e+00	0.00e+00	0.00e+00	0.00e+00	4.49e-02	1.23e-02	6.07e-03
 4.79961e+16	7.57e-02	6.86e-01	2.38e-01	0.00e+00	0.00e+00	0.00e+00	0.00e+00	0.00e+00	0.00e+00	5.37e-02	1.47e-02	7.25e-03
 4.81983e+16	8.79e-02	7.07e-01	2.05e-01	0.00e+00	0.00e+00	0.00e+00	0.00e+00	0.00e+00	0.00e+00	6.24e-02	1.70e-02	8.42e-03
 4.83535e+16	9.90e-02	7.21e-01	1.80e-01	0.00e+00	0.00e+00	0.00e+00	0.00e+00	0.00e+00	0.00e+00	7.03e-02	1.92e-02	9.48e-03
 4.85156e+16	1.12e-01	7.33e-01	1.54e-01	0.00e+00	0.00e+00	0.00e+00	0.00e+00	0.00e+00	0.00e+00	7.99e-02	2.18e-02	1.08e-02
 4.86884e+16	1.30e-01	7.42e-01	1.28e-01	0.00e+00	0.00e+00	0.00e+00	0.00e+00	0.00e+00	0.00e+00	9.20e-02	2.51e-02	1.24e-02
 4.88314e+16	1.46e-01	7.46e-01	1.08e-01	0.00e+00	0.00e+00	0.00e+00	0.00e+00	0.00e+00	0.00e+00	1.04e-01	2.83e-02	1.40e-02
 4.89471e+16	1.62e-01	7.46e-01	9.24e-02	0.00e+00	0.00e+00	0.00e+00	0.00e+00	0.00e+00	0.00e+00	1.15e-01	3.13e-02	1.55e-02
 4.90544e+16	1.78e-01	7.43e-01	7.92e-02	0.00e+00	0.00e+00	0.00e+00	0.00e+00	0.00e+00	0.00e+00	1.26e-01	3.43e-02	1.70e-02
 4.91772e+16	1.99e-01	7.36e-01	6.45e-02	0.00e+00	0.00e+00	0.00e+00	0.00e+00	0.00e+00	0.00e+00	1.42e-01	3.85e-02	1.91e-02
 4.93021e+16	2.24e-01	7.24e-01	5.14e-02	0.00e+00	0.00e+00	0.00e+00	0.00e+00	0.00e+00	0.00e+00	1.59e-01	4.32e-02	2.14e-02
 4.93988e+16	2.46e-01	7.11e-01	4.23e-02	0.00e+00	0.00e+00	0.00e+00	0.00e+00	0.00e+00	0.00e+00	1.75e-01	4.74e-02	2.35e-02
 4.94771e+16	2.66e-01	6.98e-01	3.56e-02	0.00e+00	0.00e+00	0.00e+00	0.00e+00	0.00e+00	0.00e+00	1.90e-01	5.12e-02	2.54e-02
 4.95625e+16	2.91e-01	6.80e-01	2.90e-02	0.00e+00	0.00e+00	0.00e+00	0.00e+00	0.00e+00	0.00e+00	2.07e-01	5.57e-02	2.77e-02
 4.96545e+16	3.20e-01	6.57e-01	2.27e-02	0.00e+00	0.00e+00	0.00e+00	0.00e+00	0.00e+00	0.00e+00	2.28e-01	6.11e-02	3.05e-02
 4.97331e+16	3.48e-01	6.34e-01	1.81e-02	0.00e+00	0.00e+00	0.00e+00	0.00e+00	0.00e+00	0.00e+00	2.48e-01	6.62e-02	3.31e-02
 4.97985e+16	3.73e-01	6.12e-01	1.48e-02	0.00e+00	0.00e+00	0.00e+00	0.00e+00	0.00e+00	0.00e+00	2.67e-01	7.08e-02	3.54e-02
 4.98688e+16	4.03e-01	5.86e-01	1.16e-02	0.00e+00	0.00e+00	0.00e+00	0.00e+00	0.00e+00	0.00e+00	2.88e-01	7.61e-02	3.81e-02
 4.99436e+16	4.37e-01	5.54e-01	8.76e-03	0.00e+00	0.00e+00	0.00e+00	0.00e+00	0.00e+00	0.00e+00	3.13e-01	8.21e-02	4.13e-02
 5.00062e+16	4.68e-01	5.25e-01	6.79e-03	0.00e+00	0.00e+00	0.00e+00	0.00e+00	0.00e+00	0.00e+00	3.36e-01	8.74e-02	4.41e-02
 5.00583e+16	4.95e-01	4.99e-01	5.41e-03	0.00e+00	0.00e+00	0.00e+00	0.00e+00	0.00e+00	0.00e+00	3.57e-01	9.20e-02	4.65e-02
 5.01057e+16	5.21e-01	4.75e-01	4.33e-03	0.00e+00	0.00e+00	0.00e+00	0.00e+00	0.00e+00	0.00e+00	3.76e-01	9.62e-02	4.87e-02
 5.01503e+16	5.46e-01	4.50e-01	3.47e-03	0.00e+00	0.00e+00	0.00e+00	0.00e+00	0.00e+00	0.00e+00	3.95e-01	1.00e-01	5.09e-02
 5.01913e+16	5.70e-01	4.27e-01	2.80e-03	0.00e+00	0.00e+00	0.00e+00	0.00e+00	0.00e+00	0.00e+00	4.13e-01	1.04e-01	5.30e-02
 5.02281e+16	5.93e-01	4.05e-01	2.28e-03	0.00e+00	0.00e+00	0.00e+00	0.00e+00	0.00e+00	0.00e+00	4.30e-01	1.07e-01	5.48e-02
 5.02556e+16	6.09e-01	3.89e-01	1.96e-03	0.00e+00	0.00e+00	0.00e+00	0.00e+00	0.00e+00	0.00e+00	4.43e-01	1.10e-01	5.61e-02
 5.02736e+16	6.19e-01	3.79e-01	1.77e-03	0.00e+00	0.00e+00	0.00e+00	0.00e+00	0.00e+00	0.00e+00	4.51e-01	1.11e-01	5.69e-02
 5.02908e+16	6.30e-01	3.69e-01	1.59e-03	0.00e+00	0.00e+00	0.00e+00	0.00e+00	0.00e+00	0.00e+00	4.59e-01	1.12e-01	5.78e-02
 5.03109e+16	6.42e-01	3.56e-01	1.40e-03	0.00e+00	0.00e+00	0.00e+00	0.00e+00	0.00e+00	0.00e+00	4.69e-01	1.14e-01	5.87e-02
 5.03318e+16	6.55e-01	3.43e-01	1.22e-03	0.00e+00	0.00e+00	0.00e+00	0.00e+00	0.00e+00	0.00e+00	4.80e-01	1.16e-01	5.97e-02
 5.03514e+16	6.68e-01	3.31e-01	1.07e-03	0.00e+00	0.00e+00	0.00e+00	0.00e+00	0.00e+00	0.00e+00	4.90e-01	1.17e-01	6.06e-02
 5.03695e+16	6.79e-01	3.20e-01	9.47e-04	0.00e+00	0.00e+00	0.00e+00	0.00e+00	0.00e+00	0.00e+00	4.99e-01	1.19e-01	6.15e-02
 5.03871e+16	6.90e-01	3.09e-01	8.36e-04	0.00e+00	0.00e+00	0.00e+00	0.00e+00	0.00e+00	0.00e+00	5.08e-01	1.20e-01	6.23e-02
 5.04049e+16	7.01e-01	2.98e-01	7.35e-04	0.00e+00	0.00e+00	0.00e+00	0.00e+00	0.00e+00	0.00e+00	5.17e-01	1.21e-01	6.31e-02
 5.04224e+16	7.12e-01	2.87e-01	6.45e-04	0.00e+00	0.00e+00	0.00e+00	0.00e+00	0.00e+00	0.00e+00	5.26e-01	1.22e-01	6.38e-02
 5.04394e+16	7.23e-01	2.76e-01	5.67e-04	0.00e+00	0.00e+00	0.00e+00	0.00e+00	0.00e+00	0.00e+00	5.35e-01	1.23e-01	6.45e-02
 5.04560e+16	7.34e-01	2.66e-01	4.98e-04	0.00e+00	0.00e+00	0.00e+00	0.00e+00	0.00e+00	0.00e+00	5.44e-01	1.24e-01	6.52e-02
 5.04722e+16	7.44e-01	2.56e-01	4.37e-04	0.00e+00	0.00e+00	0.00e+00	0.00e+00	0.00e+00	0.00e+00	5.52e-01	1.25e-01	6.58e-02
 5.04882e+16	7.54e-01	2.46e-01	3.83e-04	0.00e+00	0.00e+00	0.00e+00	0.00e+00	0.00e+00	0.00e+00	5.61e-01	1.26e-01	6.64e-02
 5.05039e+16	7.63e-01	2.36e-01	3.35e-04	0.00e+00	0.00e+00	0.00e+00	0.00e+00	0.00e+00	0.00e+00	5.69e-01	1.27e-01	6.70e-02
 5.05193e+16	7.73e-01	2.27e-01	2.93e-04	0.00e+00	0.00e+00	0.00e+00	0.00e+00	0.00e+00	0.00e+00	5.77e-01	1.28e-01	6.75e-02
 5.05345e+16	7.82e-01	2.18e-01	2.57e-04	0.00e+00	0.00e+00	0.00e+00	0.00e+00	0.00e+00	0.00e+00	5.85e-01	1.29e-01	6.80e-02
 5.05493e+16	7.91e-01	2.09e-01	2.24e-04	0.00e+00	0.00e+00	0.00e+00	0.00e+00	0.00e+00	0.00e+00	5.93e-01	1.29e-01	6.85e-02
 5.05638e+16	7.99e-01	2.01e-01	1.96e-04	0.00e+00	0.00e+00	0.00e+00	0.00e+00	0.00e+00	0.00e+00	6.00e-01	1.30e-01	6.89e-02
 5.05781e+16	8.07e-01	1.92e-01	1.71e-04	0.00e+00	0.00e+00	0.00e+00	0.00e+00	0.00e+00	0.00e+00	6.08e-01	1.30e-01	6.93e-02
 5.05922e+16	8.16e-01	1.84e-01	1.49e-04	0.00e+00	0.00e+00	0.00e+00	0.00e+00	0.00e+00	0.00e+00	6.15e-01	1.31e-01	6.96e-02
 5.06060e+16	8.23e-01	1.77e-01	1.30e-04	0.00e+00	0.00e+00	0.00e+00	0.00e+00	0.00e+00	0.00e+00	6.22e-01	1.31e-01	6.99e-02
 5.06195e+16	8.31e-01	1.69e-01	1.14e-04	0.00e+00	0.00e+00	0.00e+00	0.00e+00	0.00e+00	0.00e+00	6.29e-01	1.31e-01	7.02e-02
 5.06328e+16	8.38e-01	1.62e-01	9.90e-05	0.00e+00	0.00e+00	0.00e+00	0.00e+00	0.00e+00	0.00e+00	6.36e-01	1.32e-01	7.05e-02
 5.06459e+16	8.45e-01	1.55e-01	8.62e-05	0.00e+00	0.00e+00	0.00e+00	0.00e+00	0.00e+00	0.00e+00	6.42e-01	1.32e-01	7.07e-02
 5.06588e+16	8.52e-01	1.48e-01	7.50e-05	0.00e+00	0.00e+00	0.00e+00	0.00e+00	0.00e+00	0.00e+00	6.49e-01	1.32e-01	7.09e-02
 5.06715e+16	8.58e-01	1.42e-01	6.53e-05	0.00e+00	0.00e+00	0.00e+00	0.00e+00	0.00e+00	0.00e+00	6.55e-01	1.32e-01	7.11e-02
 5.06839e+16	8.65e-01	1.35e-01	5.68e-05	0.00e+00	0.00e+00	0.00e+00	0.00e+00	0.00e+00	0.00e+00	6.61e-01	1.32e-01	7.12e-02
 5.06961e+16	8.71e-01	1.29e-01	4.94e-05	0.00e+00	0.00e+00	0.00e+00	0.00e+00	0.00e+00	0.00e+00	6.67e-01	1.33e-01	7.14e-02
 5.07079e+16	8.76e-01	1.24e-01	4.30e-05	0.00e+00	0.00e+00	0.00e+00	0.00e+00	0.00e+00	0.00e+00	6.72e-01	1.33e-01	7.15e-02
 5.07194e+16	8.82e-01	1.18e-01	3.75e-05	0.00e+00	0.00e+00	0.00e+00	0.00e+00	0.00e+00	0.00e+00	6.77e-01	1.33e-01	7.15e-02
 5.07306e+16	8.87e-01	1.13e-01	3.29e-05	0.00e+00	0.00e+00	0.00e+00	0.00e+00	0.00e+00	0.00e+00	6.82e-01	1.33e-01	7.16e-02
 5.07417e+16	8.92e-01	1.08e-01	2.86e-05	0.00e+00	0.00e+00	0.00e+00	0.00e+00	0.00e+00	0.00e+00	6.87e-01	1.33e-01	7.17e-02
 5.07525e+16	8.96e-01	1.04e-01	2.50e-05	0.00e+00	0.00e+00	0.00e+00	0.00e+00	0.00e+00	0.00e+00	6.92e-01	1.33e-01	7.17e-02
 5.07627e+16	9.01e-01	9.93e-02	2.20e-05	0.00e+00	0.00e+00	0.00e+00	0.00e+00	0.00e+00	0.00e+00	6.96e-01	1.33e-01	7.17e-02
 5.07728e+16	9.05e-01	9.51e-02	1.92e-05	0.00e+00	0.00e+00	0.00e+00	0.00e+00	0.00e+00	0.00e+00	7.00e-01	1.33e-01	7.17e-02
 5.07829e+16	9.09e-01	9.10e-02	1.69e-05	0.00e+00	0.00e+00	0.00e+00	0.00e+00	0.00e+00	0.00e+00	7.05e-01	1.33e-01	7.17e-02
 5.07927e+16	9.13e-01	8.72e-02	1.48e-05	0.00e+00	0.00e+00	0.00e+00	0.00e+00	0.00e+00	0.00e+00	7.08e-01	1.33e-01	7.17e-02
 5.08021e+16	9.16e-01	8.35e-02	1.30e-05	0.00e+00	0.00e+00	0.00e+00	0.00e+00	0.00e+00	0.00e+00	7.12e-01	1.33e-01	7.17e-02
 5.08113e+16	9.20e-01	8.01e-02	1.15e-05	0.00e+00	0.00e+00	0.00e+00	0.00e+00	0.00e+00	0.00e+00	7.16e-01	1.33e-01	7.17e-02
 5.08204e+16	9.23e-01	7.68e-02	1.01e-05	0.00e+00	0.00e+00	0.00e+00	0.00e+00	0.00e+00	0.00e+00	7.19e-01	1.33e-01	7.16e-02
 5.08293e+16	9.26e-01	7.36e-02	8.92e-06	0.00e+00	0.00e+00	0.00e+00	0.00e+00	0.00e+00	0.00e+00	7.22e-01	1.32e-01	7.16e-02
 5.08381e+16	9.29e-01	7.05e-02	7.83e-06	0.00e+00	0.00e+00	0.00e+00	0.00e+00	0.00e+00	0.00e+00	7.25e-01	1.33e-01	7.16e-02
 5.08467e+16	9.32e-01	6.76e-02	6.92e-06	0.00e+00	0.00e+00	0.00e+00	0.00e+00	0.00e+00	0.00e+00	7.28e-01	1.33e-01	7.15e-02
 5.08549e+16	9.35e-01	6.49e-02	6.13e-06	0.00e+00	0.00e+00	0.00e+00	0.00e+00	0.00e+00	0.00e+00	7.31e-01	1.33e-01	7.14e-02
 5.08631e+16	9.38e-01	6.22e-02	5.40e-06	0.00e+00	0.00e+00	0.00e+00	0.00e+00	0.00e+00	0.00e+00	7.34e-01	1.33e-01	7.14e-02
 5.08713e+16	9.40e-01	5.97e-02	4.77e-06	0.00e+00	0.00e+00	0.00e+00	0.00e+00	0.00e+00	0.00e+00	7.36e-01	1.33e-01	7.14e-02
 5.08791e+16	9.43e-01	5.73e-02	4.23e-06	0.00e+00	0.00e+00	0.00e+00	0.00e+00	0.00e+00	0.00e+00	7.39e-01	1.33e-01	7.13e-02
 5.08868e+16	9.45e-01	5.50e-02	3.75e-06	0.00e+00	0.00e+00	0.00e+00	0.00e+00	0.00e+00	0.00e+00	7.41e-01	1.33e-01	7.13e-02
 5.08944e+16	9.47e-01	5.28e-02	3.32e-06	0.00e+00	0.00e+00	0.00e+00	0.00e+00	0.00e+00	0.00e+00	7.43e-01	1.33e-01	7.13e-02
 5.09019e+16	9.49e-01	5.06e-02	2.94e-06	0.00e+00	0.00e+00	0.00e+00	0.00e+00	0.00e+00	0.00e+00	7.45e-01	1.33e-01	7.12e-02
 5.09092e+16	9.51e-01	4.86e-02	2.61e-06	0.00e+00	0.00e+00	0.00e+00	0.00e+00	0.00e+00	0.00e+00	7.47e-01	1.33e-01	7.11e-02
 5.09164e+16	9.53e-01	4.67e-02	2.32e-06	0.00e+00	0.00e+00	0.00e+00	0.00e+00	0.00e+00	0.00e+00	7.49e-01	1.33e-01	7.10e-02
 5.09235e+16	9.55e-01	4.48e-02	2.06e-06	0.00e+00	0.00e+00	0.00e+00	0.00e+00	0.00e+00	0.00e+00	7.51e-01	1.33e-01	7.10e-02
 5.09304e+16	9.57e-01	4.31e-02	1.83e-06	0.00e+00	0.00e+00	0.00e+00	0.00e+00	0.00e+00	0.00e+00	7.53e-01	1.33e-01	7.09e-02
 5.09373e+16	9.59e-01	4.13e-02	1.62e-06	0.00e+00	0.00e+00	0.00e+00	0.00e+00	0.00e+00	0.00e+00	7.54e-01	1.34e-01	7.09e-02
 5.09440e+16	9.60e-01	3.97e-02	1.45e-06	0.00e+00	0.00e+00	0.00e+00	0.00e+00	0.00e+00	0.00e+00	7.56e-01	1.34e-01	7.08e-02
 5.09505e+16	9.62e-01	3.81e-02	1.29e-06	0.00e+00	0.00e+00	0.00e+00	0.00e+00	0.00e+00	0.00e+00	7.57e-01	1.34e-01	7.07e-02
 5.09570e+16	9.63e-01	3.66e-02	1.14e-06	0.00e+00	0.00e+00	0.00e+00	0.00e+00	0.00e+00	0.00e+00	7.58e-01	1.34e-01	7.07e-02
 5.09634e+16	9.65e-01	3.52e-02	1.02e-06	0.00e+00	0.00e+00	0.00e+00	0.00e+00	0.00e+00	0.00e+00	7.60e-01	1.34e-01	7.07e-02
 5.09695e+16	9.66e-01	3.38e-02	9.10e-07	0.00e+00	0.00e+00	0.00e+00	0.00e+00	0.00e+00	0.00e+00	7.61e-01	1.35e-01	7.07e-02
 5.09756e+16	9.68e-01	3.25e-02	8.14e-07	0.00e+00	0.00e+00	0.00e+00	0.00e+00	0.00e+00	0.00e+00	7.62e-01	1.35e-01	7.06e-02
 5.09816e+16	9.69e-01	3.12e-02	7.24e-07	0.00e+00	0.00e+00	0.00e+00	0.00e+00	0.00e+00	0.00e+00	7.63e-01	1.35e-01	7.07e-02
 5.09876e+16	9.70e-01	2.99e-02	6.45e-07	0.00e+00	0.00e+00	0.00e+00	0.00e+00	0.00e+00	0.00e+00	7.64e-01	1.36e-01	7.07e-02
 5.09932e+16	9.71e-01	2.88e-02	5.77e-07	0.00e+00	0.00e+00	0.00e+00	0.00e+00	0.00e+00	0.00e+00	7.65e-01	1.36e-01	7.07e-02
 5.09988e+16	9.72e-01	2.77e-02	5.16e-07	0.00e+00	0.00e+00	0.00e+00	0.00e+00	0.00e+00	0.00e+00	7.65e-01	1.36e-01	7.07e-02
 5.10044e+16	9.73e-01	2.66e-02	4.61e-07	0.00e+00	0.00e+00	0.00e+00	0.00e+00	0.00e+00	0.00e+00	7.66e-01	1.37e-01	7.07e-02
 5.10098e+16	9.74e-01	2.55e-02	4.12e-07	0.00e+00	0.00e+00	0.00e+00	0.00e+00	0.00e+00	0.00e+00	7.67e-01	1.37e-01	7.07e-02
 5.10151e+16	9.76e-01	2.45e-02	3.68e-07	0.00e+00	0.00e+00	0.00e+00	0.00e+00	0.00e+00	0.00e+00	7.67e-01	1.38e-01	7.08e-02
 5.10202e+16	9.76e-01	2.35e-02	3.30e-07	0.00e+00	0.00e+00	0.00e+00	0.00e+00	0.00e+00	0.00e+00	7.67e-01	1.38e-01	7.08e-02
 5.10253e+16	9.77e-01	2.26e-02	2.96e-07	0.00e+00	0.00e+00	0.00e+00	0.00e+00	0.00e+00	0.00e+00	7.68e-01	1.39e-01	7.09e-02
 5.10302e+16	9.78e-01	2.17e-02	2.65e-07	0.00e+00	0.00e+00	0.00e+00	0.00e+00	0.00e+00	0.00e+00	7.68e-01	1.39e-01	7.10e-02
 5.10350e+16	9.79e-01	2.08e-02	2.37e-07	0.00e+00	0.00e+00	0.00e+00	0.00e+00	0.00e+00	0.00e+00	7.68e-01	1.40e-01	7.11e-02
 5.10397e+16	9.80e-01	2.00e-02	2.13e-07	0.00e+00	0.00e+00	0.00e+00	0.00e+00	0.00e+00	0.00e+00	7.68e-01	1.41e-01	7.11e-02
 5.10442e+16	9.81e-01	1.92e-02	1.91e-07	0.00e+00	0.00e+00	0.00e+00	0.00e+00	0.00e+00	0.00e+00	7.68e-01	1.41e-01	7.12e-02
 5.10486e+16	9.82e-01	1.84e-02	1.72e-07	0.00e+00	0.00e+00	0.00e+00	0.00e+00	0.00e+00	0.00e+00	7.68e-01	1.42e-01	7.13e-02
 5.10527e+16	9.82e-01	1.77e-02	1.55e-07	0.00e+00	0.00e+00	0.00e+00	0.00e+00	0.00e+00	0.00e+00	7.68e-01	1.43e-01	7.15e-02
 5.10565e+16	9.83e-01	1.70e-02	1.41e-07	0.00e+00	0.00e+00	0.00e+00	0.00e+00	0.00e+00	0.00e+00	7.68e-01	1.43e-01	7.16e-02
 5.10601e+16	9.84e-01	1.65e-02	1.28e-07	0.00e+00	0.00e+00	0.00e+00	0.00e+00	0.00e+00	0.00e+00	7.68e-01	1.44e-01	7.17e-02
 5.10634e+16	9.84e-01	1.59e-02	1.17e-07	0.00e+00	0.00e+00	0.00e+00	0.00e+00	0.00e+00	0.00e+00	7.67e-01	1.45e-01	7.18e-02
 5.10665e+16	9.85e-01	1.54e-02	1.08e-07	0.00e+00	0.00e+00	0.00e+00	0.00e+00	0.00e+00	0.00e+00	7.67e-01	1.46e-01	7.20e-02
 5.10693e+16	9.85e-01	1.49e-02	9.96e-08	0.00e+00	0.00e+00	0.00e+00	0.00e+00	0.00e+00	0.00e+00	7.66e-01	1.47e-01	7.21e-02
 5.10719e+16	9.86e-01	1.44e-02	9.23e-08	0.00e+00	0.00e+00	0.00e+00	0.00e+00	0.00e+00	0.00e+00	7.66e-01	1.47e-01	7.23e-02
 5.10744e+16	9.86e-01	1.40e-02	8.57e-08	0.00e+00	0.00e+00	0.00e+00	0.00e+00	0.00e+00	0.00e+00	7.65e-01	1.48e-01	7.24e-02
 5.10767e+16	9.86e-01	1.36e-02	7.98e-08	0.00e+00	0.00e+00	0.00e+00	0.00e+00	0.00e+00	0.00e+00	7.65e-01	1.49e-01	7.25e-02
 5.10789e+16	9.87e-01	1.32e-02	7.46e-08	0.00e+00	0.00e+00	0.00e+00	0.00e+00	0.00e+00	0.00e+00	7.64e-01	1.50e-01	7.27e-02
 5.10809e+16	9.87e-01	1.29e-02	6.99e-08	0.00e+00	0.00e+00	0.00e+00	0.00e+00	0.00e+00	0.00e+00	7.64e-01	1.51e-01	7.28e-02
 5.10827e+16	9.87e-01	1.25e-02	6.56e-08	0.00e+00	0.00e+00	0.00e+00	0.00e+00	0.00e+00	0.00e+00	7.63e-01	1.52e-01	7.30e-02
 5.10845e+16	9.88e-01	1.22e-02	6.18e-08	0.00e+00	0.00e+00	0.00e+00	0.00e+00	0.00e+00	0.00e+00	7.62e-01	1.52e-01	7.31e-02
 5.10861e+16	9.88e-01	1.19e-02	5.83e-08	0.00e+00	0.00e+00	0.00e+00	0.00e+00	0.00e+00	0.00e+00	7.62e-01	1.53e-01	7.33e-02
 5.10877e+16	9.88e-01	1.16e-02	5.50e-08	0.00e+00	0.00e+00	0.00e+00	0.00e+00	0.00e+00	0.00e+00	7.61e-01	1.54e-01	7.34e-02
 5.10891e+16	9.89e-01	1.14e-02	5.21e-08	0.00e+00	0.00e+00	0.00e+00	0.00e+00	0.00e+00	0.00e+00	7.60e-01	1.55e-01	7.36e-02
 5.10905e+16	9.89e-01	1.11e-02	4.94e-08	0.00e+00	0.00e+00	0.00e+00	0.00e+00	0.00e+00	0.00e+00	7.60e-01	1.56e-01	7.37e-02
 5.10918e+16	9.89e-01	1.09e-02	4.69e-08	0.00e+00	0.00e+00	0.00e+00	0.00e+00	0.00e+00	0.00e+00	7.59e-01	1.57e-01	7.39e-02
 5.10930e+16	9.89e-01	1.06e-02	4.46e-08	0.00e+00	0.00e+00	0.00e+00	0.00e+00	0.00e+00	0.00e+00	7.58e-01	1.57e-01	7.40e-02
 5.10941e+16	9.90e-01	1.04e-02	4.24e-08	0.00e+00	0.00e+00	0.00e+00	0.00e+00	0.00e+00	0.00e+00	7.57e-01	1.58e-01	7.42e-02
 5.10952e+16	9.90e-01	1.02e-02	4.04e-08	0.00e+00	0.00e+00	0.00e+00	0.00e+00	0.00e+00	0.00e+00	7.56e-01	1.59e-01	7.43e-02
 5.10961e+16	9.90e-01	9.94e-03	3.86e-08	0.00e+00	0.00e+00	0.00e+00	0.00e+00	0.00e+00	0.00e+00	7.56e-01	1.60e-01	7.45e-02
 5.10970e+16	9.90e-01	9.74e-03	3.69e-08	0.00e+00	0.00e+00	0.00e+00	0.00e+00	0.00e+00	0.00e+00	7.55e-01	1.61e-01	7.46e-02
 5.10979e+16	9.90e-01	9.54e-03	3.53e-08	0.00e+00	0.00e+00	0.00e+00	0.00e+00	0.00e+00	0.00e+00	7.54e-01	1.62e-01	7.48e-02
 5.10987e+16	9.91e-01	9.34e-03	3.38e-08	0.00e+00	0.00e+00	0.00e+00	0.00e+00	0.00e+00	0.00e+00	7.53e-01	1.63e-01	7.50e-02
 5.10995e+16	9.91e-01	9.18e-03	3.26e-08	0.00e+00	0.00e+00	0.00e+00	0.00e+00	0.00e+00	0.00e+00	7.52e-01	1.63e-01	7.51e-02
 5.11003e+16	9.91e-01	8.96e-03	3.10e-08	0.00e+00	0.00e+00	0.00e+00	0.00e+00	0.00e+00	0.00e+00	7.51e-01	1.65e-01	7.53e-02
 5.11011e+16	9.91e-01	8.76e-03	2.96e-08	0.00e+00	0.00e+00	0.00e+00	0.00e+00	0.00e+00	0.00e+00	7.50e-01	1.66e-01	7.55e-02
 5.11017e+16	9.91e-01	8.59e-03	2.84e-08	0.00e+00	0.00e+00	0.00e+00	0.00e+00	0.00e+00	0.00e+00	7.49e-01	1.67e-01	7.56e-02
 5.11023e+16	9.92e-01	8.44e-03	2.75e-08	0.00e+00	0.00e+00	0.00e+00	0.00e+00	0.00e+00	0.00e+00	7.49e-01	1.67e-01	7.57e-02
 5.11029e+16	9.92e-01	8.24e-03	2.61e-08	0.00e+00	0.00e+00	0.00e+00	0.00e+00	0.00e+00	0.00e+00	7.47e-01	1.69e-01	7.60e-02
 5.11035e+16	9.92e-01	8.04e-03	2.49e-08	0.00e+00	0.00e+00	0.00e+00	0.00e+00	0.00e+00	0.00e+00	7.46e-01	1.70e-01	7.62e-02
 5.11041e+16	9.92e-01	7.85e-03	2.38e-08	0.00e+00	0.00e+00	0.00e+00	0.00e+00	0.00e+00	0.00e+00	7.45e-01	1.71e-01	7.64e-02
 5.11046e+16	9.92e-01	7.61e-03	2.25e-08	0.00e+00	0.00e+00	0.00e+00	0.00e+00	0.00e+00	0.00e+00	7.43e-01	1.72e-01	7.66e-02
