#depth	H	H+	H2
 4.70625e+11	9.83e-04	9.99e-01	2.89e-14
 2.82375e+12	9.82e-04	9.99e-01	2.89e-14
 1.22362e+13	9.82e-04	9.99e-01	2.89e-14
 4.98862e+13	9.84e-04	9.99e-01	2.91e-14
 1.19162e+14	9.81e-04	9.99e-01	2.92e-14
 2.09221e+14	9.79e-04	9.99e-01	2.95e-14
 3.26297e+14	9.78e-04	9.99e-01	2.98e-14
 4.78497e+14	9.77e-04	9.99e-01	3.02e-14
 6.76356e+14	9.77e-04	9.99e-01	3.08e-14
 9.33572e+14	9.79e-04	9.99e-01	3.15e-14
 1.26795e+15	9.83e-04	9.99e-01	3.25e-14
 1.70265e+15	9.89e-04	9.99e-01	3.37e-14
 2.26776e+15	1.00e-03	9.99e-01	3.54e-14
 3.00239e+15	1.02e-03	9.99e-01	3.77e-14
 3.95742e+15	1.04e-03	9.99e-01	4.08e-14
 5.19896e+15	1.09e-03	9.99e-01	4.51e-14
 6.81295e+15	1.15e-03	9.99e-01	5.13e-14
 8.91115e+15	1.24e-03	9.99e-01	6.06e-14
 1.13186e+16	1.38e-03	9.99e-01	7.30e-14
 1.37617e+16	1.54e-03	9.98e-01	8.82e-14
 1.57324e+16	1.71e-03	9.98e-01	1.03e-13
 1.73057e+16	1.90e-03	9.98e-01	1.22e-13
 1.90362e+16	2.11e-03	9.98e-01	1.41e-13
 2.05309e+16	2.33e-03	9.98e-01	1.61e-13
 2.15419e+16	2.49e-03	9.98e-01	1.77e-13
 2.25145e+16	2.66e-03	9.97e-01	1.91e-13
 2.37789e+16	2.89e-03	9.97e-01	2.13e-13
 2.50767e+16	3.17e-03	9.97e-01	2.39e-13
 2.61000e+16	3.42e-03	9.97e-01	2.63e-13
 2.69493e+16	3.65e-03	9.96e-01	2.84e-13
 2.78902e+16	3.92e-03	9.96e-01	3.09e-13
 2.91134e+16	4.30e-03	9.96e-01	3.43e-13
 3.03185e+16	4.75e-03	9.95e-01	3.86e-13
 3.11916e+16	5.12e-03	9.95e-01	4.23e-13
 3.18931e+16	5.44e-03	9.95e-01	4.55e-13
 3.26801e+16	5.82e-03	9.94e-01	4.89e-13
 3.37032e+16	6.36e-03	9.94e-01	5.40e-13
 3.47326e+16	7.02e-03	9.93e-01	6.05e-13
 3.55154e+16	7.61e-03	9.92e-01	6.64e-13
 3.61531e+16	8.12e-03	9.92e-01	7.16e-13
 3.68574e+16	8.74e-03	9.91e-01	7.76e-13
 3.77729e+16	9.62e-03	9.90e-01	8.62e-13
 3.86957e+16	1.07e-02	9.89e-01	9.77e-13
 3.93867e+16	1.17e-02	9.88e-01	1.08e-12
 3.99402e+16	1.26e-02	9.87e-01	1.17e-12
 4.05567e+16	1.36e-02	9.86e-01	1.28e-12
 4.13580e+16	1.53e-02	9.85e-01	1.46e-12
 4.21232e+16	1.72e-02	9.83e-01	1.68e-12
 4.26450e+16	1.88e-02	9.81e-01	1.86e-12
 4.30563e+16	2.02e-02	9.80e-01	2.02e-12
 4.35199e+16	2.20e-02	9.78e-01	2.23e-12
 4.40424e+16	2.44e-02	9.76e-01	2.51e-12
 4.45218e+16	2.70e-02	9.73e-01	2.83e-12
 4.49254e+16	2.96e-02	9.70e-01	3.16e-12
 4.52905e+16	3.24e-02	9.68e-01	3.50e-12
 4.57051e+16	3.61e-02	9.64e-01	3.99e-12
 4.61385e+16	4.08e-02	9.59e-01	4.61e-12
 4.64908e+16	4.56e-02	9.54e-01	5.26e-12
 4.67824e+16	5.03e-02	9.50e-01	5.93e-12
 4.71006e+16	5.65e-02	9.43e-01	6.83e-12
 4.74464e+16	6.49e-02	9.35e-01	8.09e-12
 4.77455e+16	7.42e-02	9.26e-01	9.54e-12
 4.79961e+16	8.39e-02	9.16e-01	1.11e-11
 4.81983e+16	9.33e-02	9.07e-01	1.27e-11
 4.83535e+16	1.02e-01	8.98e-01	1.42e-11
 4.85156e+16	1.12e-01	8.88e-01	1.61e-11
 4.86884e+16	1.26e-01	8.74e-01	1.87e-11
 4.88314e+16	1.39e-01	8.61e-01	2.13e-11
 4.89471e+16	1.51e-01	8.49e-01	2.39e-11
 4.90544e+16	1.64e-01	8.36e-01	2.67e-11
 4.91772e+16	1.81e-01	8.19e-01	3.07e-11
 4.93021e+16	2.02e-01	7.98e-01	3.58e-11
 4.93988e+16	2.21e-01	7.79e-01	4.07e-11
 4.94771e+16	2.37e-01	7.63e-01	4.54e-11
 4.95625e+16	2.58e-01	7.42e-01	5.16e-11
 4.96545e+16	2.84e-01	7.16e-01	5.98e-11
 4.97331e+16	3.08e-01	6.92e-01	6.84e-11
 4.97985e+16	3.31e-01	6.69e-01	7.69e-11
 4.98688e+16	3.58e-01	6.42e-01	8.81e-11
 4.99436e+16	3.90e-01	6.10e-01	1.02e-10
 5.00062e+16	4.19e-01	5.81e-01	1.17e-10
 5.00583e+16	4.45e-01	5.55e-01	1.32e-10
 5.01057e+16	4.71e-01	5.29e-01	1.47e-10
 5.01503e+16	4.96e-01	5.04e-01	1.64e-10
 5.01913e+16	5.20e-01	4.80e-01	1.82e-10
 5.02281e+16	5.42e-01	4.58e-01	2.00e-10
 5.02556e+16	5.58e-01	4.42e-01	2.15e-10
 5.02736e+16	5.69e-01	4.31e-01	2.25e-10
 5.02908e+16	5.80e-01	4.20e-01	2.36e-10
 5.03109e+16	5.93e-01	4.07e-01	2.50e-10
 5.03318e+16	6.06e-01	3.94e-01	2.65e-10
 5.03514e+16	6.19e-01	3.81e-01	2.80e-10
 5.03695e+16	6.31e-01	3.69e-01	2.96e-10
 5.03871e+16	6.43e-01	3.57e-01	3.12e-10
 5.04049e+16	6.55e-01	3.45e-01	3.29e-10
 5.04224e+16	6.67e-01	3.33e-01	3.47e-10
 5.04394e+16	6.78e-01	3.22e-01	3.66e-10
 5.04560e+16	6.90e-01	3.10e-01	3.86e-10
 5.04722e+16	7.01e-01	2.99e-01	4.07e-10
 5.04882e+16	7.12e-01	2.88e-01	4.29e-10
 5.05039e+16	7.22e-01	2.78e-01	4.52e-10
 5.05193e+16	7.33e-01	2.67e-01	4.76e-10
 5.05345e+16	7.43e-01	2.57e-01	5.01e-10
 5.05493e+16	7.53e-01	2.47e-01	5.28e-10
 5.05638e+16	7.62e-01	2.38e-01	5.56e-10
 5.05781e+16	7.72e-01	2.28e-01	5.85e-10
 5.05922e+16	7.81e-01	2.19e-01	6.17e-10
 5.06060e+16	7.89e-01	2.11e-01	6.49e-10
 5.06195e+16	7.98e-01	2.02e-01	6.84e-10
 5.06328e+16	8.06e-01	1.94e-01	7.20e-10
 5.06459e+16	8.14e-01	1.86e-01	7.58e-10
 5.06588e+16	8.22e-01	1.78e-01	7.99e-10
 5.06715e+16	8.30e-01	1.70e-01	8.41e-10
 5.06839e+16	8.37e-01	1.63e-01	8.86e-10
 5.06961e+16	8.44e-01	1.56e-01	9.33e-10
 5.07079e+16	8.50e-01	1.50e-01	9.83e-10
 5.07194e+16	8.57e-01	1.43e-01	1.03e-09
 5.07306e+16	8.63e-01	1.37e-01	1.09e-09
 5.07417e+16	8.68e-01	1.32e-01	1.15e-09
 5.07525e+16	8.74e-01	1.26e-01	1.21e-09
 5.07627e+16	8.79e-01	1.21e-01	1.27e-09
 5.07728e+16	8.84e-01	1.16e-01	1.33e-09
 5.07829e+16	8.89e-01	1.11e-01	1.40e-09
 5.07927e+16	8.94e-01	1.06e-01	1.48e-09
 5.08021e+16	8.98e-01	1.02e-01	1.55e-09
 5.08113e+16	9.02e-01	9.80e-02	1.63e-09
 5.08204e+16	9.06e-01	9.41e-02	1.72e-09
 5.08293e+16	9.10e-01	9.03e-02	1.80e-09
 5.08381e+16	9.13e-01	8.66e-02	1.90e-09
 5.08467e+16	9.17e-01	8.31e-02	2.00e-09
 5.08549e+16	9.20e-01	7.99e-02	2.10e-09
 5.08631e+16	9.23e-01	7.66e-02	2.22e-09
 5.08713e+16	9.26e-01	7.35e-02	2.34e-09
 5.08791e+16	9.29e-01	7.06e-02	2.46e-09
 5.08868e+16	9.32e-01	6.79e-02	2.60e-09
 5.08944e+16	9.35e-01	6.52e-02	2.74e-09
 5.09019e+16	9.37e-01	6.26e-02	2.89e-09
 5.09092e+16	9.40e-01	6.02e-02	3.06e-09
 5.09164e+16	9.42e-01	5.78e-02	3.23e-09
 5.09235e+16	9.44e-01	5.56e-02	3.41e-09
 5.09304e+16	9.47e-01	5.34e-02	3.61e-09
 5.09373e+16	9.49e-01	5.13e-02	3.83e-09
 5.09440e+16	9.51e-01	4.93e-02	4.06e-09
 5.09505e+16	9.53e-01	4.74e-02	4.31e-09
 5.09570e+16	9.54e-01	4.56e-02	4.57e-09
 5.09634e+16	9.56e-01	4.38e-02	4.87e-09
 5.09695e+16	9.58e-01	4.21e-02	5.18e-09
 5.09756e+16	9.60e-01	4.05e-02	5.52e-09
 5.09816e+16	9.61e-01	3.89e-02	5.90e-09
 5.09876e+16	9.63e-01	3.74e-02	6.31e-09
 5.09932e+16	9.64e-01	3.59e-02	6.75e-09
 5.09988e+16	9.65e-01	3.46e-02	7.24e-09
 5.10044e+16	9.67e-01	3.32e-02	7.79e-09
 5.10098e+16	9.68e-01	3.19e-02	8.40e-09
 5.10151e+16	9.69e-01	3.07e-02	9.06e-09
 5.10202e+16	9.71e-01	2.95e-02	9.81e-09
 5.10253e+16	9.72e-01	2.83e-02	1.07e-08
 5.10302e+16	9.73e-01	2.72e-02	1.16e-08
 5.10350e+16	9.74e-01	2.61e-02	1.27e-08
 5.10397e+16	9.75e-01	2.51e-02	1.39e-08
 5.10442e+16	9.76e-01	2.41e-02	1.53e-08
 5.10486e+16	9.77e-01	2.32e-02	1.69e-08
 5.10527e+16	9.78e-01	2.23e-02	1.87e-08
 5.10565e+16	9.79e-01	2.15e-02	2.06e-08
 5.10601e+16	9.79e-01	2.07e-02	2.27e-08
 5.10634e+16	9.80e-01	2.00e-02	2.52e-08
 5.10665e+16	9.81e-01	1.94e-02	2.79e-08
 5.10693e+16	9.81e-01	1.88e-02	3.08e-08
 5.10719e+16	9.82e-01	1.82e-02	3.40e-08
 5.10744e+16	9.82e-01	1.77e-02	3.75e-08
 5.10767e+16	9.83e-01	1.72e-02	4.15e-08
 5.10789e+16	9.83e-01	1.68e-02	4.59e-08
 5.10809e+16	9.84e-01	1.63e-02	5.07e-08
 5.10827e+16	9.84e-01	1.59e-02	5.60e-08
 5.10845e+16	9.84e-01	1.55e-02	6.18e-08
 5.10861e+16	9.85e-01	1.51e-02	6.83e-08
 5.10877e+16	9.85e-01	1.48e-02	7.55e-08
 5.10891e+16	9.86e-01	1.44e-02	8.34e-08
 5.10905e+16	9.86e-01	1.41e-02	9.21e-08
 5.10918e+16	9.86e-01	1.38e-02	1.01e-07
 5.10930e+16	9.86e-01	1.35e-02	1.12e-07
 5.10941e+16	9.87e-01	1.32e-02	1.24e-07
 5.10952e+16	9.87e-01	1.29e-02	1.37e-07
 5.10961e+16	9.87e-01	1.27e-02	1.51e-07
 5.10970e+16	9.88e-01	1.24e-02	1.67e-07
 5.10979e+16	9.88e-01	1.22e-02	1.84e-07
 5.10987e+16	9.88e-01	1.19e-02	2.04e-07
 5.10995e+16	9.88e-01	1.17e-02	2.21e-07
 5.11003e+16	9.89e-01	1.15e-02	2.48e-07
 5.11011e+16	9.89e-01	1.12e-02	2.76e-07
 5.11017e+16	9.89e-01	1.10e-02	3.02e-07
 5.11023e+16	9.89e-01	1.08e-02	3.27e-07
 5.11029e+16	9.89e-01	1.06e-02	3.64e-07
 5.11035e+16	9.90e-01	1.03e-02	4.03e-07
 5.11041e+16	9.90e-01	1.01e-02	4.43e-07
 5.11046e+16	9.90e-01	9.81e-03	4.91e-07
