#depth	He	He+	He+2
 4.70625e+11	7.67e-04	9.42e-01	5.71e-02
 2.82375e+12	7.67e-04	9.42e-01	5.70e-02
 1.22362e+13	7.67e-04	9.43e-01	5.67e-02
 4.98862e+13	7.71e-04	9.44e-01	5.50e-02
 1.19162e+14	7.75e-04	9.45e-01	5.40e-02
 2.09221e+14	7.82e-04	9.48e-01	5.12e-02
 3.26297e+14	7.91e-04	9.53e-01	4.65e-02
 4.78497e+14	8.04e-04	9.59e-01	4.01e-02
 6.76356e+14	8.19e-04	9.67e-01	3.20e-02
 9.33572e+14	8.38e-04	9.76e-01	2.33e-02
 1.26795e+15	8.59e-04	9.84e-01	1.49e-02
 1.70265e+15	8.83e-04	9.91e-01	8.22e-03
 2.26776e+15	9.10e-04	9.95e-01	3.75e-03
 3.00239e+15	9.42e-04	9.98e-01	1.38e-03
 3.95742e+15	9.82e-04	9.99e-01	4.02e-04
 5.19896e+15	1.03e-03	9.99e-01	9.24e-05
 6.81295e+15	1.10e-03	9.99e-01	1.73e-05
 8.91115e+15	1.19e-03	9.99e-01	2.77e-06
 1.13186e+16	1.29e-03	9.99e-01	4.69e-07
 1.37617e+16	1.40e-03	9.99e-01	1.03e-07
 1.57324e+16	1.50e-03	9.99e-01	3.62e-08
 1.73057e+16	1.62e-03	9.98e-01	1.65e-08
 1.90362e+16	1.72e-03	9.98e-01	7.42e-09
 2.05309e+16	1.81e-03	9.98e-01	4.05e-09
 2.15419e+16	1.88e-03	9.98e-01	2.76e-09
 2.25145e+16	1.94e-03	9.98e-01	1.91e-09
 2.37789e+16	2.03e-03	9.98e-01	1.22e-09
 2.50767e+16	2.12e-03	9.98e-01	8.05e-10
 2.61000e+16	2.21e-03	9.98e-01	5.97e-10
 2.69493e+16	2.28e-03	9.98e-01	4.70e-10
 2.78902e+16	2.37e-03	9.98e-01	3.64e-10
 2.91134e+16	2.49e-03	9.98e-01	2.68e-10
 3.03185e+16	2.62e-03	9.97e-01	2.08e-10
 3.11916e+16	2.73e-03	9.97e-01	1.78e-10
 3.18931e+16	2.82e-03	9.97e-01	1.56e-10
 3.26801e+16	2.92e-03	9.97e-01	1.37e-10
 3.37032e+16	3.08e-03	9.97e-01	1.19e-10
 3.47326e+16	3.25e-03	9.97e-01	1.04e-10
 3.55154e+16	3.42e-03	9.97e-01	9.54e-11
 3.61531e+16	3.55e-03	9.96e-01	8.99e-11
 3.68574e+16	3.72e-03	9.96e-01	8.45e-11
 3.77729e+16	3.95e-03	9.96e-01	8.05e-11
 3.86957e+16	4.23e-03	9.96e-01	7.60e-11
 3.93867e+16	4.49e-03	9.96e-01	7.33e-11
 3.99402e+16	4.71e-03	9.95e-01	7.21e-11
 4.05567e+16	4.98e-03	9.95e-01	7.14e-11
 4.13580e+16	5.41e-03	9.95e-01	6.95e-11
 4.21232e+16	5.88e-03	9.94e-01	6.92e-11
 4.26450e+16	6.27e-03	9.94e-01	7.02e-11
 4.30563e+16	6.62e-03	9.93e-01	7.03e-11
 4.35199e+16	7.07e-03	9.93e-01	7.08e-11
 4.40424e+16	7.65e-03	9.92e-01	7.20e-11
 4.45218e+16	8.29e-03	9.92e-01	7.35e-11
 4.49254e+16	8.91e-03	9.91e-01	7.46e-11
 4.52905e+16	9.57e-03	9.90e-01	7.65e-11
 4.57051e+16	1.05e-02	9.90e-01	7.94e-11
 4.61385e+16	1.16e-02	9.88e-01	8.21e-11
 4.64908e+16	1.27e-02	9.87e-01	8.61e-11
 4.67824e+16	1.38e-02	9.86e-01	8.96e-11
 4.71006e+16	1.53e-02	9.85e-01	9.48e-11
 4.74464e+16	1.72e-02	9.83e-01	1.02e-10
 4.77455e+16	1.93e-02	9.81e-01	1.11e-10
 4.79961e+16	2.15e-02	9.78e-01	1.20e-10
 4.81983e+16	2.37e-02	9.76e-01	1.29e-10
 4.83535e+16	2.57e-02	9.74e-01	1.38e-10
 4.85156e+16	2.82e-02	9.72e-01	1.49e-10
 4.86884e+16	3.13e-02	9.69e-01	1.63e-10
 4.88314e+16	3.44e-02	9.66e-01	1.79e-10
 4.89471e+16	3.75e-02	9.63e-01	1.94e-10
 4.90544e+16	4.07e-02	9.59e-01	2.11e-10
 4.91772e+16	4.51e-02	9.55e-01	2.34e-10
 4.93021e+16	5.05e-02	9.50e-01	2.64e-10
 4.93988e+16	5.55e-02	9.45e-01	2.92e-10
 4.94771e+16	6.02e-02	9.40e-01	3.18e-10
 4.95625e+16	6.63e-02	9.34e-01	3.53e-10
 4.96545e+16	7.40e-02	9.26e-01	4.00e-10
 4.97331e+16	8.18e-02	9.18e-01	4.47e-10
 4.97985e+16	8.94e-02	9.11e-01	4.94e-10
 4.98688e+16	9.92e-02	9.01e-01	5.53e-10
 4.99436e+16	1.11e-01	8.89e-01	6.30e-10
 5.00062e+16	1.23e-01	8.77e-01	7.05e-10
 5.00583e+16	1.35e-01	8.65e-01	7.78e-10
 5.01057e+16	1.47e-01	8.53e-01	8.52e-10
 5.01503e+16	1.60e-01	8.40e-01	9.31e-10
 5.01913e+16	1.73e-01	8.27e-01	1.01e-09
 5.02281e+16	1.86e-01	8.14e-01	1.09e-09
 5.02556e+16	1.96e-01	8.04e-01	1.16e-09
 5.02736e+16	2.03e-01	7.97e-01	1.20e-09
 5.02908e+16	2.11e-01	7.89e-01	1.24e-09
 5.03109e+16	2.21e-01	7.79e-01	1.29e-09
 5.03318e+16	2.31e-01	7.69e-01	1.35e-09
 5.03514e+16	2.41e-01	7.59e-01	1.41e-09
 5.03695e+16	2.51e-01	7.49e-01	1.47e-09
 5.03871e+16	2.61e-01	7.39e-01	1.52e-09
 5.04049e+16	2.72e-01	7.28e-01	1.58e-09
 5.04224e+16	2.83e-01	7.17e-01	1.64e-09
 5.04394e+16	2.95e-01	7.05e-01	1.70e-09
 5.04560e+16	3.06e-01	6.94e-01	1.76e-09
 5.04722e+16	3.18e-01	6.82e-01	1.83e-09
 5.04882e+16	3.30e-01	6.70e-01	1.89e-09
 5.05039e+16	3.42e-01	6.58e-01	1.95e-09
 5.05193e+16	3.55e-01	6.45e-01	2.01e-09
 5.05345e+16	3.68e-01	6.32e-01	2.08e-09
 5.05493e+16	3.81e-01	6.19e-01	2.14e-09
 5.05638e+16	3.95e-01	6.05e-01	2.20e-09
 5.05781e+16	4.08e-01	5.92e-01	2.26e-09
 5.05922e+16	4.22e-01	5.78e-01	2.32e-09
 5.06060e+16	4.36e-01	5.64e-01	2.38e-09
 5.06195e+16	4.50e-01	5.50e-01	2.44e-09
 5.06328e+16	4.64e-01	5.36e-01	2.50e-09
 5.06459e+16	4.79e-01	5.21e-01	2.56e-09
 5.06588e+16	4.93e-01	5.07e-01	2.61e-09
 5.06715e+16	5.08e-01	4.92e-01	2.66e-09
 5.06839e+16	5.22e-01	4.78e-01	2.71e-09
 5.06961e+16	5.37e-01	4.63e-01	2.76e-09
 5.07079e+16	5.51e-01	4.49e-01	2.81e-09
 5.07194e+16	5.65e-01	4.35e-01	2.85e-09
 5.07306e+16	5.79e-01	4.21e-01	2.89e-09
 5.07417e+16	5.93e-01	4.07e-01	2.93e-09
 5.07525e+16	6.06e-01	3.94e-01	2.96e-09
 5.07627e+16	6.19e-01	3.81e-01	2.99e-09
 5.07728e+16	6.32e-01	3.68e-01	3.02e-09
 5.07829e+16	6.45e-01	3.55e-01	3.05e-09
 5.07927e+16	6.58e-01	3.42e-01	3.07e-09
 5.08021e+16	6.70e-01	3.30e-01	3.09e-09
 5.08113e+16	6.82e-01	3.18e-01	3.10e-09
 5.08204e+16	6.93e-01	3.07e-01	3.12e-09
 5.08293e+16	7.04e-01	2.96e-01	3.13e-09
 5.08381e+16	7.16e-01	2.84e-01	3.14e-09
 5.08467e+16	7.26e-01	2.74e-01	3.15e-09
 5.08549e+16	7.36e-01	2.64e-01	3.15e-09
 5.08631e+16	7.47e-01	2.53e-01	3.15e-09
 5.08713e+16	7.57e-01	2.43e-01	3.15e-09
 5.08791e+16	7.66e-01	2.34e-01	3.14e-09
 5.08868e+16	7.75e-01	2.25e-01	3.14e-09
 5.08944e+16	7.84e-01	2.16e-01	3.13e-09
 5.09019e+16	7.93e-01	2.07e-01	3.12e-09
 5.09092e+16	8.01e-01	1.99e-01	3.10e-09
 5.09164e+16	8.09e-01	1.91e-01	3.09e-09
 5.09235e+16	8.17e-01	1.83e-01	3.07e-09
 5.09304e+16	8.25e-01	1.75e-01	3.05e-09
 5.09373e+16	8.32e-01	1.68e-01	3.03e-09
 5.09440e+16	8.39e-01	1.61e-01	3.01e-09
 5.09505e+16	8.46e-01	1.54e-01	2.98e-09
 5.09570e+16	8.52e-01	1.48e-01	2.95e-09
 5.09634e+16	8.59e-01	1.41e-01	2.92e-09
 5.09695e+16	8.65e-01	1.35e-01	2.89e-09
 5.09756e+16	8.70e-01	1.30e-01	2.86e-09
 5.09816e+16	8.76e-01	1.24e-01	2.83e-09
 5.09876e+16	8.81e-01	1.19e-01	2.79e-09
 5.09932e+16	8.86e-01	1.14e-01	2.76e-09
 5.09988e+16	8.91e-01	1.09e-01	2.72e-09
 5.10044e+16	8.96e-01	1.04e-01	2.68e-09
 5.10098e+16	9.01e-01	9.93e-02	2.64e-09
 5.10151e+16	9.05e-01	9.50e-02	2.60e-09
 5.10202e+16	9.09e-01	9.08e-02	2.56e-09
 5.10253e+16	9.13e-01	8.69e-02	2.51e-09
 5.10302e+16	9.17e-01	8.30e-02	2.47e-09
 5.10350e+16	9.21e-01	7.94e-02	2.42e-09
 5.10397e+16	9.24e-01	7.59e-02	2.38e-09
 5.10442e+16	9.27e-01	7.26e-02	2.33e-09
 5.10486e+16	9.31e-01	6.94e-02	2.28e-09
 5.10527e+16	9.34e-01	6.64e-02	2.23e-09
 5.10565e+16	9.36e-01	6.38e-02	2.18e-09
 5.10601e+16	9.39e-01	6.13e-02	2.14e-09
 5.10634e+16	9.41e-01	5.90e-02	2.09e-09
 5.10665e+16	9.43e-01	5.69e-02	2.04e-09
 5.10693e+16	9.45e-01	5.49e-02	2.00e-09
 5.10719e+16	9.47e-01	5.31e-02	1.96e-09
 5.10744e+16	9.49e-01	5.14e-02	1.92e-09
 5.10767e+16	9.50e-01	4.99e-02	1.88e-09
 5.10789e+16	9.52e-01	4.84e-02	1.84e-09
 5.10809e+16	9.53e-01	4.70e-02	1.80e-09
 5.10827e+16	9.54e-01	4.58e-02	1.77e-09
 5.10845e+16	9.55e-01	4.45e-02	1.73e-09
 5.10861e+16	9.57e-01	4.34e-02	1.69e-09
 5.10877e+16	9.58e-01	4.23e-02	1.66e-09
 5.10891e+16	9.59e-01	4.13e-02	1.63e-09
 5.10905e+16	9.60e-01	4.04e-02	1.60e-09
 5.10918e+16	9.61e-01	3.95e-02	1.57e-09
 5.10930e+16	9.61e-01	3.86e-02	1.53e-09
 5.10941e+16	9.62e-01	3.78e-02	1.50e-09
 5.10952e+16	9.63e-01	3.70e-02	1.47e-09
 5.10961e+16	9.64e-01	3.62e-02	1.44e-09
 5.10970e+16	9.64e-01	3.55e-02	1.42e-09
 5.10979e+16	9.65e-01	3.48e-02	1.39e-09
 5.10987e+16	9.66e-01	3.42e-02	1.36e-09
 5.10995e+16	9.66e-01	3.36e-02	1.34e-09
 5.11003e+16	9.67e-01	3.29e-02	1.30e-09
 5.11011e+16	9.68e-01	3.22e-02	1.27e-09
 5.11017e+16	9.68e-01	3.17e-02	1.25e-09
 5.11023e+16	9.69e-01	3.12e-02	1.23e-09
 5.11029e+16	9.69e-01	3.05e-02	1.19e-09
 5.11035e+16	9.70e-01	2.99e-02	1.16e-09
 5.11041e+16	9.71e-01	2.94e-02	1.13e-09
 5.11046e+16	9.71e-01	2.88e-02	1.10e-09
