#depth	O	O+	O+2	O+3	O+4	O+5	O+6	O+7	O+8	O[1]	O[2]	O[3]
 4.78823e+11	5.94e-06	9.29e-03	9.01e-01	8.98e-02	1.21e-05	0.00e+00	0.00e+00	0.00e+00	0.00e+00	4.35e-06	1.05e-06	5.42e-07
 2.87294e+12	5.94e-06	9.29e-03	9.01e-01	8.95e-02	1.21e-05	0.00e+00	0.00e+00	0.00e+00	0.00e+00	4.35e-06	1.05e-06	5.42e-07
 1.24494e+13	5.95e-06	9.31e-03	9.02e-01	8.85e-02	1.18e-05	0.00e+00	0.00e+00	0.00e+00	0.00e+00	4.36e-06	1.05e-06	5.44e-07
 5.07552e+13	6.00e-06	9.37e-03	9.06e-01	8.46e-02	1.10e-05	0.00e+00	0.00e+00	0.00e+00	0.00e+00	4.39e-06	1.06e-06	5.50e-07
 1.21238e+14	6.03e-06	9.43e-03	9.12e-01	7.90e-02	9.83e-06	0.00e+00	0.00e+00	0.00e+00	0.00e+00	4.40e-06	1.07e-06	5.54e-07
 2.12866e+14	6.08e-06	9.52e-03	9.18e-01	7.21e-02	8.47e-06	0.00e+00	0.00e+00	0.00e+00	0.00e+00	4.44e-06	1.08e-06	5.60e-07
 3.31981e+14	6.15e-06	9.63e-03	9.27e-01	6.38e-02	6.95e-06	0.00e+00	0.00e+00	0.00e+00	0.00e+00	4.49e-06	1.10e-06	5.67e-07
 4.86832e+14	6.25e-06	9.77e-03	9.36e-01	5.41e-02	5.35e-06	0.00e+00	0.00e+00	0.00e+00	0.00e+00	4.56e-06	1.12e-06	5.76e-07
 6.88138e+14	6.38e-06	9.95e-03	9.47e-01	4.34e-02	3.77e-06	0.00e+00	0.00e+00	0.00e+00	0.00e+00	4.65e-06	1.14e-06	5.88e-07
 9.49835e+14	6.57e-06	1.02e-02	9.58e-01	3.22e-02	2.36e-06	0.00e+00	0.00e+00	0.00e+00	0.00e+00	4.79e-06	1.18e-06	6.05e-07
 1.29004e+15	6.83e-06	1.04e-02	9.68e-01	2.15e-02	1.26e-06	0.00e+00	0.00e+00	0.00e+00	0.00e+00	4.97e-06	1.23e-06	6.30e-07
 1.73231e+15	7.15e-06	1.08e-02	9.77e-01	1.25e-02	5.48e-07	0.00e+00	0.00e+00	0.00e+00	0.00e+00	5.20e-06	1.29e-06	6.59e-07
 2.30726e+15	7.58e-06	1.11e-02	9.83e-01	6.17e-03	1.83e-07	0.00e+00	0.00e+00	0.00e+00	0.00e+00	5.51e-06	1.37e-06	6.99e-07
 3.05469e+15	8.15e-06	1.16e-02	9.86e-01	2.47e-03	0.00e+00	0.00e+00	0.00e+00	0.00e+00	0.00e+00	5.93e-06	1.47e-06	7.52e-07
 4.02636e+15	8.94e-06	1.22e-02	9.87e-01	7.84e-04	0.00e+00	0.00e+00	0.00e+00	0.00e+00	0.00e+00	6.50e-06	1.62e-06	8.24e-07
 5.28952e+15	1.01e-05	1.29e-02	9.87e-01	1.94e-04	0.00e+00	0.00e+00	0.00e+00	0.00e+00	0.00e+00	7.30e-06	1.83e-06	9.27e-07
 6.93164e+15	1.17e-05	1.39e-02	9.86e-01	3.83e-05	0.00e+00	0.00e+00	0.00e+00	0.00e+00	0.00e+00	8.50e-06	2.13e-06	1.08e-06
 8.62331e+15	1.36e-05	1.50e-02	9.85e-01	9.26e-06	0.00e+00	0.00e+00	0.00e+00	0.00e+00	0.00e+00	9.83e-06	2.48e-06	1.25e-06
 1.00387e+16	1.54e-05	1.59e-02	9.84e-01	3.85e-06	0.00e+00	0.00e+00	0.00e+00	0.00e+00	0.00e+00	1.12e-05	2.83e-06	1.43e-06
 1.15380e+16	1.79e-05	1.71e-02	9.83e-01	2.04e-06	0.00e+00	0.00e+00	0.00e+00	0.00e+00	0.00e+00	1.29e-05	3.28e-06	1.65e-06
 1.30047e+16	2.05e-05	1.82e-02	9.82e-01	1.35e-06	0.00e+00	0.00e+00	0.00e+00	0.00e+00	0.00e+00	1.48e-05	3.77e-06	1.90e-06
 1.43052e+16	2.58e-05	2.02e-02	9.80e-01	1.04e-06	0.00e+00	0.00e+00	0.00e+00	0.00e+00	0.00e+00	1.86e-05	4.84e-06	2.42e-06
 1.57357e+16	3.03e-05	2.17e-02	9.78e-01	8.12e-07	0.00e+00	0.00e+00	0.00e+00	0.00e+00	0.00e+00	2.18e-05	5.67e-06	2.83e-06
 1.73093e+16	3.60e-05	2.33e-02	9.77e-01	6.51e-07	0.00e+00	0.00e+00	0.00e+00	0.00e+00	0.00e+00	2.59e-05	6.74e-06	3.38e-06
 1.90402e+16	4.37e-05	2.53e-02	9.75e-01	5.25e-07	0.00e+00	0.00e+00	0.00e+00	0.00e+00	0.00e+00	3.14e-05	8.17e-06	4.10e-06
 2.09443e+16	5.43e-05	2.77e-02	9.72e-01	4.23e-07	0.00e+00	0.00e+00	0.00e+00	0.00e+00	0.00e+00	3.91e-05	1.02e-05	5.12e-06
 2.25491e+16	6.67e-05	3.02e-02	9.70e-01	3.63e-07	0.00e+00	0.00e+00	0.00e+00	0.00e+00	0.00e+00	4.80e-05	1.25e-05	6.29e-06
 2.35628e+16	7.63e-05	3.20e-02	9.68e-01	3.30e-07	0.00e+00	0.00e+00	0.00e+00	0.00e+00	0.00e+00	5.49e-05	1.43e-05	7.21e-06
 2.44972e+16	8.58e-05	3.35e-02	9.66e-01	3.02e-07	0.00e+00	0.00e+00	0.00e+00	0.00e+00	0.00e+00	6.17e-05	1.60e-05	8.11e-06
 2.57120e+16	9.96e-05	3.56e-02	9.64e-01	2.72e-07	0.00e+00	0.00e+00	0.00e+00	0.00e+00	0.00e+00	7.16e-05	1.85e-05	9.42e-06
 2.70227e+16	1.19e-04	3.83e-02	9.62e-01	2.43e-07	0.00e+00	0.00e+00	0.00e+00	0.00e+00	0.00e+00	8.57e-05	2.21e-05	1.13e-05
 2.81168e+16	1.39e-04	4.09e-02	9.59e-01	2.24e-07	0.00e+00	0.00e+00	0.00e+00	0.00e+00	0.00e+00	1.00e-04	2.58e-05	1.32e-05
 2.90046e+16	1.59e-04	4.32e-02	9.57e-01	2.09e-07	0.00e+00	0.00e+00	0.00e+00	0.00e+00	0.00e+00	1.15e-04	2.94e-05	1.51e-05
 2.99653e+16	1.82e-04	4.57e-02	9.54e-01	1.94e-07	0.00e+00	0.00e+00	0.00e+00	0.00e+00	0.00e+00	1.31e-04	3.35e-05	1.73e-05
 3.12143e+16	2.16e-04	4.91e-02	9.51e-01	1.79e-07	0.00e+00	0.00e+00	0.00e+00	0.00e+00	0.00e+00	1.56e-04	3.96e-05	2.06e-05
 3.24728e+16	2.64e-04	5.35e-02	9.46e-01	1.65e-07	0.00e+00	0.00e+00	0.00e+00	0.00e+00	0.00e+00	1.91e-04	4.83e-05	2.52e-05
 3.34038e+16	3.11e-04	5.75e-02	9.42e-01	1.53e-07	0.00e+00	0.00e+00	0.00e+00	0.00e+00	0.00e+00	2.24e-04	5.66e-05	2.97e-05
 3.41181e+16	3.50e-04	6.05e-02	9.39e-01	1.47e-07	0.00e+00	0.00e+00	0.00e+00	0.00e+00	0.00e+00	2.53e-04	6.36e-05	3.34e-05
 3.48909e+16	3.96e-04	6.40e-02	9.36e-01	1.39e-07	0.00e+00	0.00e+00	0.00e+00	0.00e+00	0.00e+00	2.86e-04	7.18e-05	3.79e-05
 3.58956e+16	4.64e-04	6.87e-02	9.31e-01	0.00e+00	0.00e+00	0.00e+00	0.00e+00	0.00e+00	0.00e+00	3.36e-04	8.36e-05	4.44e-05
 3.69860e+16	5.62e-04	7.49e-02	9.25e-01	0.00e+00	0.00e+00	0.00e+00	0.00e+00	0.00e+00	0.00e+00	4.07e-04	1.01e-04	5.38e-05
 3.79094e+16	6.72e-04	8.14e-02	9.18e-01	0.00e+00	0.00e+00	0.00e+00	0.00e+00	0.00e+00	0.00e+00	4.87e-04	1.20e-04	6.42e-05
 3.86539e+16	7.74e-04	8.69e-02	9.12e-01	0.00e+00	0.00e+00	0.00e+00	0.00e+00	0.00e+00	0.00e+00	5.62e-04	1.38e-04	7.38e-05
 3.94443e+16	8.92e-04	9.30e-02	9.06e-01	0.00e+00	0.00e+00	0.00e+00	0.00e+00	0.00e+00	0.00e+00	6.49e-04	1.58e-04	8.49e-05
 4.04719e+16	1.07e-03	1.02e-01	8.97e-01	0.00e+00	0.00e+00	0.00e+00	0.00e+00	0.00e+00	0.00e+00	7.81e-04	1.89e-04	1.02e-04
 4.15508e+16	1.33e-03	1.13e-01	8.86e-01	0.00e+00	0.00e+00	0.00e+00	0.00e+00	0.00e+00	0.00e+00	9.74e-04	2.33e-04	1.26e-04
 4.24198e+16	1.61e-03	1.24e-01	8.75e-01	0.00e+00	0.00e+00	0.00e+00	0.00e+00	0.00e+00	0.00e+00	1.18e-03	2.80e-04	1.52e-04
 4.31327e+16	1.87e-03	1.34e-01	8.65e-01	0.00e+00	0.00e+00	0.00e+00	0.00e+00	0.00e+00	0.00e+00	1.37e-03	3.25e-04	1.77e-04
 4.39194e+16	2.20e-03	1.45e-01	8.53e-01	0.00e+00	0.00e+00	0.00e+00	0.00e+00	0.00e+00	0.00e+00	1.61e-03	3.79e-04	2.06e-04
 4.49422e+16	2.70e-03	1.61e-01	8.37e-01	0.00e+00	0.00e+00	0.00e+00	0.00e+00	0.00e+00	0.00e+00	1.99e-03	4.63e-04	2.53e-04
 4.60201e+16	3.46e-03	1.82e-01	8.15e-01	0.00e+00	0.00e+00	0.00e+00	0.00e+00	0.00e+00	0.00e+00	2.55e-03	5.89e-04	3.23e-04
 4.68761e+16	4.29e-03	2.02e-01	7.93e-01	0.00e+00	0.00e+00	0.00e+00	0.00e+00	0.00e+00	0.00e+00	3.16e-03	7.26e-04	3.99e-04
 4.75309e+16	5.06e-03	2.20e-01	7.75e-01	0.00e+00	0.00e+00	0.00e+00	0.00e+00	0.00e+00	0.00e+00	3.73e-03	8.52e-04	4.69e-04
 4.82175e+16	5.95e-03	2.39e-01	7.55e-01	0.00e+00	0.00e+00	0.00e+00	0.00e+00	0.00e+00	0.00e+00	4.40e-03	9.97e-04	5.50e-04
 4.91100e+16	7.40e-03	2.66e-01	7.26e-01	0.00e+00	0.00e+00	0.00e+00	0.00e+00	0.00e+00	0.00e+00	5.49e-03	1.23e-03	6.80e-04
 5.00287e+16	9.52e-03	3.01e-01	6.89e-01	0.00e+00	0.00e+00	0.00e+00	0.00e+00	0.00e+00	0.00e+00	7.08e-03	1.56e-03	8.71e-04
 5.07320e+16	1.18e-02	3.34e-01	6.54e-01	0.00e+00	0.00e+00	0.00e+00	0.00e+00	0.00e+00	0.00e+00	8.80e-03	1.93e-03	1.08e-03
 5.12615e+16	1.39e-02	3.61e-01	6.25e-01	0.00e+00	0.00e+00	0.00e+00	0.00e+00	0.00e+00	0.00e+00	1.04e-02	2.26e-03	1.26e-03
 5.18144e+16	1.64e-02	3.90e-01	5.94e-01	0.00e+00	0.00e+00	0.00e+00	0.00e+00	0.00e+00	0.00e+00	1.22e-02	2.65e-03	1.49e-03
 5.25331e+16	2.04e-02	4.31e-01	5.49e-01	0.00e+00	0.00e+00	0.00e+00	0.00e+00	0.00e+00	0.00e+00	1.53e-02	3.28e-03	1.85e-03
 5.32690e+16	2.64e-02	4.80e-01	4.93e-01	0.00e+00	0.00e+00	0.00e+00	0.00e+00	0.00e+00	0.00e+00	1.98e-02	4.22e-03	2.38e-03
 5.38235e+16	3.25e-02	5.22e-01	4.46e-01	0.00e+00	0.00e+00	0.00e+00	0.00e+00	0.00e+00	0.00e+00	2.44e-02	5.18e-03	2.93e-03
 5.42426e+16	3.82e-02	5.54e-01	4.08e-01	0.00e+00	0.00e+00	0.00e+00	0.00e+00	0.00e+00	0.00e+00	2.87e-02	6.06e-03	3.43e-03
 5.46894e+16	4.54e-02	5.89e-01	3.66e-01	0.00e+00	0.00e+00	0.00e+00	0.00e+00	0.00e+00	0.00e+00	3.41e-02	7.18e-03	4.07e-03
 5.52703e+16	5.72e-02	6.33e-01	3.09e-01	0.00e+00	0.00e+00	0.00e+00	0.00e+00	0.00e+00	0.00e+00	4.30e-02	9.03e-03	5.12e-03
 5.58503e+16	7.38e-02	6.77e-01	2.49e-01	0.00e+00	0.00e+00	0.00e+00	0.00e+00	0.00e+00	0.00e+00	5.55e-02	1.16e-02	6.60e-03
 5.62301e+16	8.85e-02	7.03e-01	2.08e-01	0.00e+00	0.00e+00	0.00e+00	0.00e+00	0.00e+00	0.00e+00	6.66e-02	1.39e-02	7.91e-03
 5.64468e+16	9.83e-02	7.16e-01	1.85e-01	0.00e+00	0.00e+00	0.00e+00	0.00e+00	0.00e+00	0.00e+00	7.41e-02	1.54e-02	8.79e-03
 5.66501e+16	1.08e-01	7.27e-01	1.65e-01	0.00e+00	0.00e+00	0.00e+00	0.00e+00	0.00e+00	0.00e+00	8.17e-02	1.70e-02	9.68e-03
 5.69145e+16	1.23e-01	7.37e-01	1.40e-01	0.00e+00	0.00e+00	0.00e+00	0.00e+00	0.00e+00	0.00e+00	9.30e-02	1.93e-02	1.10e-02
 5.71922e+16	1.43e-01	7.43e-01	1.14e-01	0.00e+00	0.00e+00	0.00e+00	0.00e+00	0.00e+00	0.00e+00	1.08e-01	2.24e-02	1.27e-02
 5.74134e+16	1.61e-01	7.44e-01	9.50e-02	0.00e+00	0.00e+00	0.00e+00	0.00e+00	0.00e+00	0.00e+00	1.21e-01	2.51e-02	1.43e-02
 5.75855e+16	1.77e-01	7.42e-01	8.09e-02	0.00e+00	0.00e+00	0.00e+00	0.00e+00	0.00e+00	0.00e+00	1.33e-01	2.77e-02	1.58e-02
 5.77676e+16	1.96e-01	7.37e-01	6.75e-02	0.00e+00	0.00e+00	0.00e+00	0.00e+00	0.00e+00	0.00e+00	1.48e-01	3.06e-02	1.74e-02
 5.79652e+16	2.20e-01	7.26e-01	5.42e-02	0.00e+00	0.00e+00	0.00e+00	0.00e+00	0.00e+00	0.00e+00	1.66e-01	3.42e-02	1.96e-02
 5.81334e+16	2.44e-01	7.13e-01	4.39e-02	0.00e+00	0.00e+00	0.00e+00	0.00e+00	0.00e+00	0.00e+00	1.84e-01	3.78e-02	2.16e-02
 5.82690e+16	2.65e-01	6.99e-01	3.64e-02	0.00e+00	0.00e+00	0.00e+00	0.00e+00	0.00e+00	0.00e+00	2.00e-01	4.10e-02	2.35e-02
 5.83930e+16	2.86e-01	6.84e-01	3.03e-02	0.00e+00	0.00e+00	0.00e+00	0.00e+00	0.00e+00	0.00e+00	2.17e-01	4.42e-02	2.53e-02
 5.85354e+16	3.13e-01	6.63e-01	2.41e-02	0.00e+00	0.00e+00	0.00e+00	0.00e+00	0.00e+00	0.00e+00	2.37e-01	4.82e-02	2.77e-02
 5.86849e+16	3.46e-01	6.36e-01	1.84e-02	0.00e+00	0.00e+00	0.00e+00	0.00e+00	0.00e+00	0.00e+00	2.62e-01	5.30e-02	3.05e-02
 5.88053e+16	3.75e-01	6.10e-01	1.45e-02	0.00e+00	0.00e+00	0.00e+00	0.00e+00	0.00e+00	0.00e+00	2.85e-01	5.72e-02	3.30e-02
 5.89014e+16	4.00e-01	5.88e-01	1.18e-02	0.00e+00	0.00e+00	0.00e+00	0.00e+00	0.00e+00	0.00e+00	3.04e-01	6.07e-02	3.51e-02
 5.90017e+16	4.28e-01	5.62e-01	9.36e-03	0.00e+00	0.00e+00	0.00e+00	0.00e+00	0.00e+00	0.00e+00	3.26e-01	6.46e-02	3.74e-02
 5.91119e+16	4.62e-01	5.31e-01	7.09e-03	0.00e+00	0.00e+00	0.00e+00	0.00e+00	0.00e+00	0.00e+00	3.53e-01	6.91e-02	4.01e-02
 5.92115e+16	4.95e-01	5.00e-01	5.39e-03	0.00e+00	0.00e+00	0.00e+00	0.00e+00	0.00e+00	0.00e+00	3.79e-01	7.34e-02	4.27e-02
 5.92915e+16	5.23e-01	4.73e-01	4.25e-03	0.00e+00	0.00e+00	0.00e+00	0.00e+00	0.00e+00	0.00e+00	4.01e-01	7.69e-02	4.49e-02
 5.93571e+16	5.46e-01	4.51e-01	3.46e-03	0.00e+00	0.00e+00	0.00e+00	0.00e+00	0.00e+00	0.00e+00	4.19e-01	7.97e-02	4.67e-02
 5.94177e+16	5.68e-01	4.29e-01	2.83e-03	0.00e+00	0.00e+00	0.00e+00	0.00e+00	0.00e+00	0.00e+00	4.37e-01	8.23e-02	4.83e-02
 5.94768e+16	5.90e-01	4.07e-01	2.30e-03	0.00e+00	0.00e+00	0.00e+00	0.00e+00	0.00e+00	0.00e+00	4.56e-01	8.47e-02	4.99e-02
 5.95228e+16	6.08e-01	3.90e-01	1.94e-03	0.00e+00	0.00e+00	0.00e+00	0.00e+00	0.00e+00	0.00e+00	4.70e-01	8.65e-02	5.12e-02
 5.95518e+16	6.18e-01	3.80e-01	1.75e-03	0.00e+00	0.00e+00	0.00e+00	0.00e+00	0.00e+00	0.00e+00	4.79e-01	8.75e-02	5.19e-02
 5.95781e+16	6.29e-01	3.70e-01	1.58e-03	0.00e+00	0.00e+00	0.00e+00	0.00e+00	0.00e+00	0.00e+00	4.87e-01	8.86e-02	5.26e-02
 5.96094e+16	6.41e-01	3.58e-01	1.39e-03	0.00e+00	0.00e+00	0.00e+00	0.00e+00	0.00e+00	0.00e+00	4.98e-01	8.98e-02	5.34e-02
 5.96433e+16	6.54e-01	3.45e-01	1.21e-03	0.00e+00	0.00e+00	0.00e+00	0.00e+00	0.00e+00	0.00e+00	5.09e-01	9.10e-02	5.42e-02
 5.96751e+16	6.67e-01	3.32e-01	1.06e-03	0.00e+00	0.00e+00	0.00e+00	0.00e+00	0.00e+00	0.00e+00	5.20e-01	9.21e-02	5.50e-02
 5.97037e+16	6.78e-01	3.21e-01	9.36e-04	0.00e+00	0.00e+00	0.00e+00	0.00e+00	0.00e+00	0.00e+00	5.29e-01	9.31e-02	5.57e-02
 5.97311e+16	6.89e-01	3.10e-01	8.27e-04	0.00e+00	0.00e+00	0.00e+00	0.00e+00	0.00e+00	0.00e+00	5.39e-01	9.40e-02	5.64e-02
 5.97589e+16	7.00e-01	2.99e-01	7.27e-04	0.00e+00	0.00e+00	0.00e+00	0.00e+00	0.00e+00	0.00e+00	5.49e-01	9.48e-02	5.70e-02
 5.97868e+16	7.12e-01	2.88e-01	6.37e-04	0.00e+00	0.00e+00	0.00e+00	0.00e+00	0.00e+00	0.00e+00	5.58e-01	9.56e-02	5.76e-02
 5.98138e+16	7.23e-01	2.77e-01	5.58e-04	0.00e+00	0.00e+00	0.00e+00	0.00e+00	0.00e+00	0.00e+00	5.68e-01	9.64e-02	5.82e-02
 5.98397e+16	7.33e-01	2.67e-01	4.90e-04	0.00e+00	0.00e+00	0.00e+00	0.00e+00	0.00e+00	0.00e+00	5.77e-01	9.71e-02	5.87e-02
 5.98650e+16	7.43e-01	2.57e-01	4.30e-04	0.00e+00	0.00e+00	0.00e+00	0.00e+00	0.00e+00	0.00e+00	5.86e-01	9.77e-02	5.92e-02
 5.98900e+16	7.53e-01	2.47e-01	3.77e-04	0.00e+00	0.00e+00	0.00e+00	0.00e+00	0.00e+00	0.00e+00	5.95e-01	9.82e-02	5.97e-02
 5.99147e+16	7.63e-01	2.37e-01	3.30e-04	0.00e+00	0.00e+00	0.00e+00	0.00e+00	0.00e+00	0.00e+00	6.04e-01	9.87e-02	6.01e-02
 5.99388e+16	7.72e-01	2.28e-01	2.88e-04	0.00e+00	0.00e+00	0.00e+00	0.00e+00	0.00e+00	0.00e+00	6.12e-01	9.92e-02	6.05e-02
 5.99623e+16	7.81e-01	2.18e-01	2.52e-04	0.00e+00	0.00e+00	0.00e+00	0.00e+00	0.00e+00	0.00e+00	6.21e-01	9.96e-02	6.08e-02
 5.99853e+16	7.90e-01	2.10e-01	2.20e-04	0.00e+00	0.00e+00	0.00e+00	0.00e+00	0.00e+00	0.00e+00	6.29e-01	9.99e-02	6.11e-02
 6.00079e+16	7.99e-01	2.01e-01	1.92e-04	0.00e+00	0.00e+00	0.00e+00	0.00e+00	0.00e+00	0.00e+00	6.37e-01	1.00e-01	6.14e-02
 6.00302e+16	8.07e-01	1.93e-01	1.68e-04	0.00e+00	0.00e+00	0.00e+00	0.00e+00	0.00e+00	0.00e+00	6.45e-01	1.00e-01	6.17e-02
 6.00521e+16	8.15e-01	1.85e-01	1.46e-04	0.00e+00	0.00e+00	0.00e+00	0.00e+00	0.00e+00	0.00e+00	6.52e-01	1.01e-01	6.19e-02
 6.00734e+16	8.23e-01	1.77e-01	1.27e-04	0.00e+00	0.00e+00	0.00e+00	0.00e+00	0.00e+00	0.00e+00	6.60e-01	1.01e-01	6.21e-02
 6.00944e+16	8.30e-01	1.69e-01	1.11e-04	0.00e+00	0.00e+00	0.00e+00	0.00e+00	0.00e+00	0.00e+00	6.67e-01	1.01e-01	6.23e-02
 6.01150e+16	8.38e-01	1.62e-01	9.67e-05	0.00e+00	0.00e+00	0.00e+00	0.00e+00	0.00e+00	0.00e+00	6.74e-01	1.01e-01	6.24e-02
 6.01353e+16	8.45e-01	1.55e-01	8.41e-05	0.00e+00	0.00e+00	0.00e+00	0.00e+00	0.00e+00	0.00e+00	6.81e-01	1.01e-01	6.25e-02
 6.01551e+16	8.51e-01	1.48e-01	7.31e-05	0.00e+00	0.00e+00	0.00e+00	0.00e+00	0.00e+00	0.00e+00	6.88e-01	1.01e-01	6.26e-02
 6.01746e+16	8.58e-01	1.42e-01	6.36e-05	0.00e+00	0.00e+00	0.00e+00	0.00e+00	0.00e+00	0.00e+00	6.94e-01	1.01e-01	6.27e-02
 6.01937e+16	8.64e-01	1.36e-01	5.52e-05	0.00e+00	0.00e+00	0.00e+00	0.00e+00	0.00e+00	0.00e+00	7.00e-01	1.01e-01	6.27e-02
 6.02124e+16	8.70e-01	1.30e-01	4.80e-05	0.00e+00	0.00e+00	0.00e+00	0.00e+00	0.00e+00	0.00e+00	7.06e-01	1.01e-01	6.28e-02
 6.02304e+16	8.76e-01	1.24e-01	4.19e-05	0.00e+00	0.00e+00	0.00e+00	0.00e+00	0.00e+00	0.00e+00	7.12e-01	1.01e-01	6.28e-02
 6.02479e+16	8.81e-01	1.19e-01	3.65e-05	0.00e+00	0.00e+00	0.00e+00	0.00e+00	0.00e+00	0.00e+00	7.17e-01	1.01e-01	6.28e-02
 6.02650e+16	8.86e-01	1.14e-01	3.19e-05	0.00e+00	0.00e+00	0.00e+00	0.00e+00	0.00e+00	0.00e+00	7.23e-01	1.01e-01	6.28e-02
 6.02817e+16	8.91e-01	1.09e-01	2.79e-05	0.00e+00	0.00e+00	0.00e+00	0.00e+00	0.00e+00	0.00e+00	7.28e-01	1.01e-01	6.27e-02
 6.02979e+16	8.96e-01	1.04e-01	2.44e-05	0.00e+00	0.00e+00	0.00e+00	0.00e+00	0.00e+00	0.00e+00	7.32e-01	1.01e-01	6.27e-02
 6.03137e+16	9.00e-01	9.96e-02	2.13e-05	0.00e+00	0.00e+00	0.00e+00	0.00e+00	0.00e+00	0.00e+00	7.37e-01	1.01e-01	6.26e-02
 6.03291e+16	9.05e-01	9.54e-02	1.87e-05	0.00e+00	0.00e+00	0.00e+00	0.00e+00	0.00e+00	0.00e+00	7.41e-01	1.01e-01	6.26e-02
 6.03441e+16	9.09e-01	9.14e-02	1.65e-05	0.00e+00	0.00e+00	0.00e+00	0.00e+00	0.00e+00	0.00e+00	7.46e-01	1.00e-01	6.25e-02
 6.03590e+16	9.13e-01	8.75e-02	1.44e-05	0.00e+00	0.00e+00	0.00e+00	0.00e+00	0.00e+00	0.00e+00	7.50e-01	1.00e-01	6.25e-02
 6.03734e+16	9.16e-01	8.38e-02	1.26e-05	0.00e+00	0.00e+00	0.00e+00	0.00e+00	0.00e+00	0.00e+00	7.53e-01	1.00e-01	6.24e-02
 6.03871e+16	9.20e-01	8.04e-02	1.12e-05	0.00e+00	0.00e+00	0.00e+00	0.00e+00	0.00e+00	0.00e+00	7.57e-01	1.00e-01	6.23e-02
 6.04007e+16	9.23e-01	7.71e-02	9.82e-06	0.00e+00	0.00e+00	0.00e+00	0.00e+00	0.00e+00	0.00e+00	7.60e-01	1.00e-01	6.23e-02
 6.04142e+16	9.26e-01	7.39e-02	8.65e-06	0.00e+00	0.00e+00	0.00e+00	0.00e+00	0.00e+00	0.00e+00	7.64e-01	1.00e-01	6.22e-02
 6.04273e+16	9.29e-01	7.08e-02	7.64e-06	0.00e+00	0.00e+00	0.00e+00	0.00e+00	0.00e+00	0.00e+00	7.67e-01	1.00e-01	6.21e-02
 6.04402e+16	9.32e-01	6.79e-02	6.72e-06	0.00e+00	0.00e+00	0.00e+00	0.00e+00	0.00e+00	0.00e+00	7.70e-01	1.00e-01	6.20e-02
 6.04528e+16	9.35e-01	6.51e-02	5.93e-06	0.00e+00	0.00e+00	0.00e+00	0.00e+00	0.00e+00	0.00e+00	7.73e-01	1.00e-01	6.20e-02
 6.04648e+16	9.38e-01	6.25e-02	5.26e-06	0.00e+00	0.00e+00	0.00e+00	0.00e+00	0.00e+00	0.00e+00	7.76e-01	1.00e-01	6.19e-02
 6.04767e+16	9.40e-01	6.00e-02	4.65e-06	0.00e+00	0.00e+00	0.00e+00	0.00e+00	0.00e+00	0.00e+00	7.78e-01	1.00e-01	6.18e-02
 6.04885e+16	9.42e-01	5.75e-02	4.11e-06	0.00e+00	0.00e+00	0.00e+00	0.00e+00	0.00e+00	0.00e+00	7.81e-01	1.00e-01	6.17e-02
 6.05001e+16	9.45e-01	5.52e-02	3.64e-06	0.00e+00	0.00e+00	0.00e+00	0.00e+00	0.00e+00	0.00e+00	7.83e-01	1.00e-01	6.16e-02
 6.05113e+16	9.47e-01	5.30e-02	3.23e-06	0.00e+00	0.00e+00	0.00e+00	0.00e+00	0.00e+00	0.00e+00	7.85e-01	1.00e-01	6.15e-02
 6.05223e+16	9.49e-01	5.09e-02	2.86e-06	0.00e+00	0.00e+00	0.00e+00	0.00e+00	0.00e+00	0.00e+00	7.88e-01	1.00e-01	6.14e-02
 6.05332e+16	9.51e-01	4.88e-02	2.54e-06	0.00e+00	0.00e+00	0.00e+00	0.00e+00	0.00e+00	0.00e+00	7.90e-01	1.00e-01	6.13e-02
 6.05438e+16	9.53e-01	4.69e-02	2.25e-06	0.00e+00	0.00e+00	0.00e+00	0.00e+00	0.00e+00	0.00e+00	7.92e-01	1.00e-01	6.12e-02
 6.05541e+16	9.55e-01	4.50e-02	2.00e-06	0.00e+00	0.00e+00	0.00e+00	0.00e+00	0.00e+00	0.00e+00	7.93e-01	1.00e-01	6.12e-02
 6.05642e+16	9.57e-01	4.32e-02	1.78e-06	0.00e+00	0.00e+00	0.00e+00	0.00e+00	0.00e+00	0.00e+00	7.95e-01	1.01e-01	6.11e-02
 6.05742e+16	9.59e-01	4.15e-02	1.58e-06	0.00e+00	0.00e+00	0.00e+00	0.00e+00	0.00e+00	0.00e+00	7.97e-01	1.01e-01	6.10e-02
 6.05840e+16	9.60e-01	3.99e-02	1.41e-06	0.00e+00	0.00e+00	0.00e+00	0.00e+00	0.00e+00	0.00e+00	7.98e-01	1.01e-01	6.10e-02
 6.05936e+16	9.62e-01	3.82e-02	1.25e-06	0.00e+00	0.00e+00	0.00e+00	0.00e+00	0.00e+00	0.00e+00	8.00e-01	1.01e-01	6.10e-02
 6.06028e+16	9.63e-01	3.67e-02	1.12e-06	0.00e+00	0.00e+00	0.00e+00	0.00e+00	0.00e+00	0.00e+00	8.01e-01	1.01e-01	6.09e-02
 6.06119e+16	9.65e-01	3.53e-02	9.95e-07	0.00e+00	0.00e+00	0.00e+00	0.00e+00	0.00e+00	0.00e+00	8.02e-01	1.02e-01	6.09e-02
 6.06208e+16	9.66e-01	3.39e-02	8.91e-07	0.00e+00	0.00e+00	0.00e+00	0.00e+00	0.00e+00	0.00e+00	8.04e-01	1.02e-01	6.08e-02
 6.06297e+16	9.67e-01	3.25e-02	7.91e-07	0.00e+00	0.00e+00	0.00e+00	0.00e+00	0.00e+00	0.00e+00	8.05e-01	1.02e-01	6.09e-02
 6.06383e+16	9.69e-01	3.12e-02	7.06e-07	0.00e+00	0.00e+00	0.00e+00	0.00e+00	0.00e+00	0.00e+00	8.06e-01	1.02e-01	6.09e-02
 6.06465e+16	9.70e-01	3.00e-02	6.31e-07	0.00e+00	0.00e+00	0.00e+00	0.00e+00	0.00e+00	0.00e+00	8.06e-01	1.03e-01	6.09e-02
 6.06545e+16	9.71e-01	2.88e-02	5.65e-07	0.00e+00	0.00e+00	0.00e+00	0.00e+00	0.00e+00	0.00e+00	8.07e-01	1.03e-01	6.09e-02
 6.06625e+16	9.72e-01	2.76e-02	5.05e-07	0.00e+00	0.00e+00	0.00e+00	0.00e+00	0.00e+00	0.00e+00	8.08e-01	1.04e-01	6.10e-02
 6.06702e+16	9.73e-01	2.65e-02	4.51e-07	0.00e+00	0.00e+00	0.00e+00	0.00e+00	0.00e+00	0.00e+00	8.08e-01	1.04e-01	6.10e-02
 6.06778e+16	9.75e-01	2.55e-02	4.04e-07	0.00e+00	0.00e+00	0.00e+00	0.00e+00	0.00e+00	0.00e+00	8.09e-01	1.04e-01	6.11e-02
 6.06850e+16	9.76e-01	2.44e-02	3.62e-07	0.00e+00	0.00e+00	0.00e+00	0.00e+00	0.00e+00	0.00e+00	8.09e-01	1.05e-01	6.12e-02
 6.06921e+16	9.77e-01	2.35e-02	3.24e-07	0.00e+00	0.00e+00	0.00e+00	0.00e+00	0.00e+00	0.00e+00	8.10e-01	1.06e-01	6.13e-02
 6.06989e+16	9.77e-01	2.25e-02	2.91e-07	0.00e+00	0.00e+00	0.00e+00	0.00e+00	0.00e+00	0.00e+00	8.10e-01	1.06e-01	6.13e-02
 6.07054e+16	9.78e-01	2.16e-02	2.62e-07	0.00e+00	0.00e+00	0.00e+00	0.00e+00	0.00e+00	0.00e+00	8.10e-01	1.07e-01	6.15e-02
 6.07114e+16	9.79e-01	2.08e-02	2.37e-07	0.00e+00	0.00e+00	0.00e+00	0.00e+00	0.00e+00	0.00e+00	8.10e-01	1.07e-01	6.16e-02
 6.07170e+16	9.80e-01	2.01e-02	2.16e-07	0.00e+00	0.00e+00	0.00e+00	0.00e+00	0.00e+00	0.00e+00	8.10e-01	1.08e-01	6.17e-02
 6.07222e+16	9.81e-01	1.94e-02	1.97e-07	0.00e+00	0.00e+00	0.00e+00	0.00e+00	0.00e+00	0.00e+00	8.10e-01	1.09e-01	6.19e-02
 6.07269e+16	9.81e-01	1.87e-02	1.81e-07	0.00e+00	0.00e+00	0.00e+00	0.00e+00	0.00e+00	0.00e+00	8.10e-01	1.09e-01	6.20e-02
 6.07313e+16	9.82e-01	1.81e-02	1.67e-07	0.00e+00	0.00e+00	0.00e+00	0.00e+00	0.00e+00	0.00e+00	8.10e-01	1.10e-01	6.21e-02
 6.07354e+16	9.82e-01	1.76e-02	1.55e-07	0.00e+00	0.00e+00	0.00e+00	0.00e+00	0.00e+00	0.00e+00	8.09e-01	1.11e-01	6.23e-02
 6.07392e+16	9.83e-01	1.71e-02	1.44e-07	0.00e+00	0.00e+00	0.00e+00	0.00e+00	0.00e+00	0.00e+00	8.09e-01	1.11e-01	6.24e-02
 6.07427e+16	9.83e-01	1.66e-02	1.34e-07	0.00e+00	0.00e+00	0.00e+00	0.00e+00	0.00e+00	0.00e+00	8.09e-01	1.12e-01	6.26e-02
 6.07460e+16	9.84e-01	1.61e-02	1.25e-07	0.00e+00	0.00e+00	0.00e+00	0.00e+00	0.00e+00	0.00e+00	8.08e-01	1.13e-01	6.27e-02
 6.07490e+16	9.84e-01	1.57e-02	1.17e-07	0.00e+00	0.00e+00	0.00e+00	0.00e+00	0.00e+00	0.00e+00	8.08e-01	1.14e-01	6.29e-02
 6.07519e+16	9.85e-01	1.53e-02	1.10e-07	0.00e+00	0.00e+00	0.00e+00	0.00e+00	0.00e+00	0.00e+00	8.07e-01	1.14e-01	6.31e-02
 6.07546e+16	9.85e-01	1.49e-02	1.03e-07	0.00e+00	0.00e+00	0.00e+00	0.00e+00	0.00e+00	0.00e+00	8.07e-01	1.15e-01	6.32e-02
 6.07570e+16	9.85e-01	1.45e-02	9.76e-08	0.00e+00	0.00e+00	0.00e+00	0.00e+00	0.00e+00	0.00e+00	8.06e-01	1.16e-01	6.34e-02
 6.07593e+16	9.86e-01	1.42e-02	9.24e-08	0.00e+00	0.00e+00	0.00e+00	0.00e+00	0.00e+00	0.00e+00	8.06e-01	1.17e-01	6.36e-02
 6.07614e+16	9.86e-01	1.39e-02	8.76e-08	0.00e+00	0.00e+00	0.00e+00	0.00e+00	0.00e+00	0.00e+00	8.05e-01	1.17e-01	6.37e-02
 6.07634e+16	9.86e-01	1.36e-02	8.32e-08	0.00e+00	0.00e+00	0.00e+00	0.00e+00	0.00e+00	0.00e+00	8.05e-01	1.18e-01	6.39e-02
 6.07652e+16	9.87e-01	1.33e-02	7.91e-08	0.00e+00	0.00e+00	0.00e+00	0.00e+00	0.00e+00	0.00e+00	8.04e-01	1.19e-01	6.41e-02
 6.07669e+16	9.87e-01	1.30e-02	7.54e-08	0.00e+00	0.00e+00	0.00e+00	0.00e+00	0.00e+00	0.00e+00	8.03e-01	1.20e-01	6.42e-02
 6.07685e+16	9.87e-01	1.28e-02	7.23e-08	0.00e+00	0.00e+00	0.00e+00	0.00e+00	0.00e+00	0.00e+00	8.03e-01	1.20e-01	6.44e-02
 6.07701e+16	9.88e-01	1.24e-02	6.86e-08	0.00e+00	0.00e+00	0.00e+00	0.00e+00	0.00e+00	0.00e+00	8.02e-01	1.21e-01	6.46e-02
 6.07716e+16	9.88e-01	1.22e-02	6.55e-08	0.00e+00	0.00e+00	0.00e+00	0.00e+00	0.00e+00	0.00e+00	8.01e-01	1.22e-01	6.48e-02
 6.07728e+16	9.88e-01	1.20e-02	6.32e-08	0.00e+00	0.00e+00	0.00e+00	0.00e+00	0.00e+00	0.00e+00	8.01e-01	1.22e-01	6.49e-02
 6.07740e+16	9.88e-01	1.17e-02	6.03e-08	0.00e+00	0.00e+00	0.00e+00	0.00e+00	0.00e+00	0.00e+00	8.00e-01	1.23e-01	6.51e-02
 6.07752e+16	9.89e-01	1.15e-02	5.77e-08	0.00e+00	0.00e+00	0.00e+00	0.00e+00	0.00e+00	0.00e+00	7.99e-01	1.24e-01	6.53e-02
 6.07763e+16	9.89e-01	1.13e-02	5.55e-08	0.00e+00	0.00e+00	0.00e+00	0.00e+00	0.00e+00	0.00e+00	7.98e-01	1.25e-01	6.55e-02
 6.07772e+16	9.89e-01	1.11e-02	5.39e-08	0.00e+00	0.00e+00	0.00e+00	0.00e+00	0.00e+00	0.00e+00	7.98e-01	1.26e-01	6.56e-02
 6.07782e+16	9.89e-01	1.09e-02	5.14e-08	0.00e+00	0.00e+00	0.00e+00	0.00e+00	0.00e+00	0.00e+00	7.96e-01	1.27e-01	6.59e-02
 6.07792e+16	9.89e-01	1.06e-02	4.92e-08	0.00e+00	0.00e+00	0.00e+00	0.00e+00	0.00e+00	0.00e+00	7.95e-01	1.28e-01	6.61e-02
 6.07799e+16	9.90e-01	1.05e-02	4.78e-08	0.00e+00	0.00e+00	0.00e+00	0.00e+00	0.00e+00	0.00e+00	7.95e-01	1.28e-01	6.62e-02
 6.07807e+16	9.90e-01	1.02e-02	4.56e-08	0.00e+00	0.00e+00	0.00e+00	0.00e+00	0.00e+00	0.00e+00	7.94e-01	1.30e-01	6.65e-02
 6.07815e+16	9.90e-01	1.01e-02	4.43e-08	0.00e+00	0.00e+00	0.00e+00	0.00e+00	0.00e+00	0.00e+00	7.93e-01	1.30e-01	6.66e-02
 6.07822e+16	9.90e-01	9.85e-03	4.23e-08	0.00e+00	0.00e+00	0.00e+00	0.00e+00	0.00e+00	0.00e+00	7.92e-01	1.32e-01	6.68e-02
 6.07828e+16	9.90e-01	9.64e-03	4.06e-08	0.00e+00	0.00e+00	0.00e+00	0.00e+00	0.00e+00	0.00e+00	7.91e-01	1.33e-01	6.71e-02
 6.07835e+16	9.91e-01	9.45e-03	3.91e-08	0.00e+00	0.00e+00	0.00e+00	0.00e+00	0.00e+00	0.00e+00	7.89e-01	1.34e-01	6.73e-02
 6.07841e+16	9.91e-01	9.23e-03	3.74e-08	0.00e+00	0.00e+00	0.00e+00	0.00e+00	0.00e+00	0.00e+00	7.88e-01	1.35e-01	6.75e-02
 6.07847e+16	9.91e-01	9.00e-03	3.57e-08	0.00e+00	0.00e+00	0.00e+00	0.00e+00	0.00e+00	0.00e+00	7.87e-01	1.36e-01	6.78e-02
 6.07853e+16	9.91e-01	8.76e-03	3.39e-08	0.00e+00	0.00e+00	0.00e+00	0.00e+00	0.00e+00	0.00e+00	7.85e-01	1.38e-01	6.81e-02
 6.07859e+16	9.92e-01	8.41e-03	3.15e-08	0.00e+00	0.00e+00	0.00e+00	0.00e+00	0.00e+00	0.00e+00	7.83e-01	1.40e-01	6.86e-02
 6.07865e+16	9.92e-01	8.01e-03	2.90e-08	0.00e+00	0.00e+00	0.00e+00	0.00e+00	0.00e+00	0.00e+00	7.80e-01	1.43e-01	6.91e-02
 6.07871e+16	9.93e-01	7.15e-03	2.40e-08	0.00e+00	0.00e+00	0.00e+00	0.00e+00	0.00e+00	0.00e+00	7.73e-01	1.49e-01	7.02e-02
