#depth	H	H+	H2
 4.78823e+11	1.32e-03	9.99e-01	1.13e-13
 2.87294e+12	1.32e-03	9.99e-01	1.13e-13
 1.24494e+13	1.32e-03	9.99e-01	1.13e-13
 5.07552e+13	1.32e-03	9.99e-01	1.13e-13
 1.21238e+14	1.32e-03	9.99e-01	1.14e-13
 2.12866e+14	1.31e-03	9.99e-01	1.15e-13
 3.31981e+14	1.31e-03	9.99e-01	1.16e-13
 4.86832e+14	1.30e-03	9.99e-01	1.18e-13
 6.88138e+14	1.30e-03	9.99e-01	1.20e-13
 9.49835e+14	1.30e-03	9.99e-01	1.23e-13
 1.29004e+15	1.30e-03	9.99e-01	1.26e-13
 1.73231e+15	1.30e-03	9.99e-01	1.32e-13
 2.30726e+15	1.31e-03	9.99e-01	1.39e-13
 3.05469e+15	1.33e-03	9.99e-01	1.48e-13
 4.02636e+15	1.36e-03	9.99e-01	1.61e-13
 5.28952e+15	1.40e-03	9.99e-01	1.76e-13
 6.93164e+15	1.47e-03	9.99e-01	1.95e-13
 8.62331e+15	1.52e-03	9.98e-01	2.13e-13
 1.00387e+16	1.58e-03	9.98e-01	2.27e-13
 1.15380e+16	1.67e-03	9.98e-01	2.40e-13
 1.30047e+16	1.75e-03	9.98e-01	2.55e-13
 1.43052e+16	1.90e-03	9.98e-01	2.79e-13
 1.57357e+16	2.02e-03	9.98e-01	2.94e-13
 1.73093e+16	2.16e-03	9.98e-01	3.13e-13
 1.90402e+16	2.34e-03	9.98e-01	3.37e-13
 2.09443e+16	2.57e-03	9.97e-01	3.66e-13
 2.25491e+16	2.81e-03	9.97e-01	4.05e-13
 2.35628e+16	2.98e-03	9.97e-01	4.32e-13
 2.44972e+16	3.14e-03	9.97e-01	4.55e-13
 2.57120e+16	3.36e-03	9.97e-01	4.85e-13
 2.70227e+16	3.64e-03	9.96e-01	5.29e-13
 2.81168e+16	3.92e-03	9.96e-01	5.74e-13
 2.90046e+16	4.16e-03	9.96e-01	6.15e-13
 2.99653e+16	4.42e-03	9.96e-01	6.53e-13
 3.12143e+16	4.79e-03	9.95e-01	7.06e-13
 3.24728e+16	5.26e-03	9.95e-01	7.82e-13
 3.34038e+16	5.67e-03	9.94e-01	8.52e-13
 3.41181e+16	5.99e-03	9.94e-01	9.03e-13
 3.48909e+16	6.33e-03	9.94e-01	9.53e-13
 3.58956e+16	6.81e-03	9.93e-01	1.02e-12
 3.69860e+16	7.43e-03	9.93e-01	1.11e-12
 3.79094e+16	8.06e-03	9.92e-01	1.20e-12
 3.86539e+16	8.60e-03	9.91e-01	1.28e-12
 3.94443e+16	9.16e-03	9.91e-01	1.35e-12
 4.04719e+16	9.94e-03	9.90e-01	1.44e-12
 4.15508e+16	1.10e-02	9.89e-01	1.57e-12
 4.24198e+16	1.19e-02	9.88e-01	1.70e-12
 4.31327e+16	1.28e-02	9.87e-01	1.80e-12
 4.39194e+16	1.37e-02	9.86e-01	1.89e-12
 4.49422e+16	1.50e-02	9.85e-01	2.01e-12
 4.60201e+16	1.68e-02	9.83e-01	2.19e-12
 4.68761e+16	1.85e-02	9.82e-01	2.38e-12
 4.75309e+16	1.99e-02	9.80e-01	2.53e-12
 4.82175e+16	2.14e-02	9.79e-01	2.67e-12
 4.91100e+16	2.36e-02	9.76e-01	2.87e-12
 5.00287e+16	2.66e-02	9.73e-01	3.17e-12
 5.07320e+16	2.95e-02	9.70e-01	3.49e-12
 5.12615e+16	3.19e-02	9.68e-01	3.76e-12
 5.18144e+16	3.46e-02	9.65e-01	4.05e-12
 5.25331e+16	3.87e-02	9.61e-01	4.49e-12
 5.32690e+16	4.44e-02	9.56e-01	5.17e-12
 5.38235e+16	4.99e-02	9.50e-01	5.86e-12
 5.42426e+16	5.47e-02	9.45e-01	6.48e-12
 5.46894e+16	6.05e-02	9.39e-01	7.26e-12
 5.52703e+16	7.00e-02	9.30e-01	8.56e-12
 5.58503e+16	8.29e-02	9.17e-01	1.05e-11
 5.62301e+16	9.43e-02	9.06e-01	1.22e-11
 5.64468e+16	1.02e-01	8.98e-01	1.35e-11
 5.66501e+16	1.10e-01	8.90e-01	1.48e-11
 5.69145e+16	1.21e-01	8.79e-01	1.68e-11
 5.71922e+16	1.36e-01	8.64e-01	1.96e-11
 5.74134e+16	1.51e-01	8.49e-01	2.23e-11
 5.75855e+16	1.63e-01	8.37e-01	2.50e-11
 5.77676e+16	1.79e-01	8.21e-01	2.83e-11
 5.79652e+16	1.98e-01	8.02e-01	3.28e-11
 5.81334e+16	2.18e-01	7.82e-01	3.76e-11
 5.82690e+16	2.36e-01	7.64e-01	4.22e-11
 5.83930e+16	2.54e-01	7.46e-01	4.72e-11
 5.85354e+16	2.78e-01	7.22e-01	5.42e-11
 5.86849e+16	3.07e-01	6.93e-01	6.35e-11
 5.88053e+16	3.33e-01	6.67e-01	7.28e-11
 5.89014e+16	3.56e-01	6.44e-01	8.16e-11
 5.90017e+16	3.82e-01	6.18e-01	9.25e-11
 5.91119e+16	4.14e-01	5.86e-01	1.07e-10
 5.92115e+16	4.45e-01	5.55e-01	1.23e-10
 5.92915e+16	4.72e-01	5.28e-01	1.39e-10
 5.93571e+16	4.95e-01	5.05e-01	1.54e-10
 5.94177e+16	5.17e-01	4.83e-01	1.69e-10
 5.94768e+16	5.40e-01	4.60e-01	1.86e-10
 5.95228e+16	5.57e-01	4.43e-01	2.01e-10
 5.95518e+16	5.68e-01	4.32e-01	2.11e-10
 5.95781e+16	5.79e-01	4.21e-01	2.21e-10
 5.96094e+16	5.91e-01	4.09e-01	2.33e-10
 5.96433e+16	6.05e-01	3.95e-01	2.48e-10
 5.96751e+16	6.18e-01	3.82e-01	2.63e-10
 5.97037e+16	6.30e-01	3.70e-01	2.77e-10
 5.97311e+16	6.42e-01	3.58e-01	2.92e-10
 5.97589e+16	6.54e-01	3.46e-01	3.09e-10
 5.97868e+16	6.66e-01	3.34e-01	3.26e-10
 5.98138e+16	6.78e-01	3.22e-01	3.44e-10
 5.98397e+16	6.89e-01	3.11e-01	3.63e-10
 5.98650e+16	7.00e-01	3.00e-01	3.83e-10
 5.98900e+16	7.11e-01	2.89e-01	4.04e-10
 5.99147e+16	7.22e-01	2.78e-01	4.26e-10
 5.99388e+16	7.32e-01	2.68e-01	4.49e-10
 5.99623e+16	7.42e-01	2.58e-01	4.73e-10
 5.99853e+16	7.52e-01	2.48e-01	4.98e-10
 6.00079e+16	7.62e-01	2.38e-01	5.25e-10
 6.00302e+16	7.71e-01	2.29e-01	5.54e-10
 6.00521e+16	7.80e-01	2.20e-01	5.83e-10
 6.00734e+16	7.89e-01	2.11e-01	6.15e-10
 6.00944e+16	7.97e-01	2.03e-01	6.48e-10
 6.01150e+16	8.06e-01	1.94e-01	6.83e-10
 6.01353e+16	8.14e-01	1.86e-01	7.20e-10
 6.01551e+16	8.22e-01	1.78e-01	7.59e-10
 6.01746e+16	8.29e-01	1.71e-01	8.00e-10
 6.01937e+16	8.36e-01	1.64e-01	8.43e-10
 6.02124e+16	8.43e-01	1.57e-01	8.89e-10
 6.02304e+16	8.50e-01	1.50e-01	9.37e-10
 6.02479e+16	8.56e-01	1.44e-01	9.87e-10
 6.02650e+16	8.62e-01	1.38e-01	1.04e-09
 6.02817e+16	8.68e-01	1.32e-01	1.09e-09
 6.02979e+16	8.73e-01	1.27e-01	1.15e-09
 6.03137e+16	8.79e-01	1.21e-01	1.21e-09
 6.03291e+16	8.84e-01	1.16e-01	1.28e-09
 6.03441e+16	8.88e-01	1.12e-01	1.34e-09
 6.03590e+16	8.93e-01	1.07e-01	1.42e-09
 6.03734e+16	8.97e-01	1.03e-01	1.49e-09
 6.03871e+16	9.02e-01	9.85e-02	1.57e-09
 6.04007e+16	9.05e-01	9.45e-02	1.66e-09
 6.04142e+16	9.09e-01	9.07e-02	1.75e-09
 6.04273e+16	9.13e-01	8.70e-02	1.84e-09
 6.04402e+16	9.17e-01	8.35e-02	1.94e-09
 6.04528e+16	9.20e-01	8.01e-02	2.05e-09
 6.04648e+16	9.23e-01	7.70e-02	2.16e-09
 6.04767e+16	9.26e-01	7.40e-02	2.28e-09
 6.04885e+16	9.29e-01	7.10e-02	2.41e-09
 6.05001e+16	9.32e-01	6.82e-02	2.55e-09
 6.05113e+16	9.34e-01	6.55e-02	2.70e-09
 6.05223e+16	9.37e-01	6.29e-02	2.86e-09
 6.05332e+16	9.40e-01	6.04e-02	3.03e-09
 6.05438e+16	9.42e-01	5.81e-02	3.21e-09
 6.05541e+16	9.44e-01	5.58e-02	3.41e-09
 6.05642e+16	9.46e-01	5.36e-02	3.62e-09
 6.05742e+16	9.48e-01	5.15e-02	3.85e-09
 6.05840e+16	9.50e-01	4.96e-02	4.08e-09
 6.05936e+16	9.52e-01	4.76e-02	4.38e-09
 6.06028e+16	9.54e-01	4.57e-02	4.67e-09
 6.06119e+16	9.56e-01	4.39e-02	5.00e-09
 6.06208e+16	9.58e-01	4.23e-02	5.32e-09
 6.06297e+16	9.59e-01	4.06e-02	5.75e-09
 6.06383e+16	9.61e-01	3.89e-02	6.19e-09
 6.06465e+16	9.63e-01	3.74e-02	6.67e-09
 6.06545e+16	9.64e-01	3.60e-02	7.20e-09
 6.06625e+16	9.65e-01	3.46e-02	7.82e-09
 6.06702e+16	9.67e-01	3.32e-02	8.50e-09
 6.06778e+16	9.68e-01	3.19e-02	9.28e-09
 6.06850e+16	9.69e-01	3.06e-02	1.01e-08
 6.06921e+16	9.71e-01	2.94e-02	1.12e-08
 6.06989e+16	9.72e-01	2.83e-02	1.23e-08
 6.07054e+16	9.73e-01	2.72e-02	1.36e-08
 6.07114e+16	9.74e-01	2.62e-02	1.50e-08
 6.07170e+16	9.75e-01	2.52e-02	1.66e-08
 6.07222e+16	9.76e-01	2.44e-02	1.83e-08
 6.07269e+16	9.76e-01	2.36e-02	2.03e-08
 6.07313e+16	9.77e-01	2.29e-02	2.24e-08
 6.07354e+16	9.78e-01	2.22e-02	2.48e-08
 6.07392e+16	9.78e-01	2.15e-02	2.74e-08
 6.07427e+16	9.79e-01	2.09e-02	3.03e-08
 6.07460e+16	9.80e-01	2.04e-02	3.35e-08
 6.07490e+16	9.80e-01	1.99e-02	3.69e-08
 6.07519e+16	9.81e-01	1.94e-02	4.09e-08
 6.07546e+16	9.81e-01	1.89e-02	4.53e-08
 6.07570e+16	9.82e-01	1.84e-02	5.01e-08
 6.07593e+16	9.82e-01	1.80e-02	5.53e-08
 6.07614e+16	9.82e-01	1.76e-02	6.11e-08
 6.07634e+16	9.83e-01	1.72e-02	6.76e-08
 6.07652e+16	9.83e-01	1.69e-02	7.48e-08
 6.07669e+16	9.83e-01	1.65e-02	8.27e-08
 6.07685e+16	9.84e-01	1.62e-02	9.03e-08
 6.07701e+16	9.84e-01	1.59e-02	1.02e-07
 6.07716e+16	9.84e-01	1.55e-02	1.13e-07
 6.07728e+16	9.85e-01	1.53e-02	1.23e-07
 6.07740e+16	9.85e-01	1.50e-02	1.37e-07
 6.07752e+16	9.85e-01	1.47e-02	1.53e-07
 6.07763e+16	9.86e-01	1.44e-02	1.69e-07
 6.07772e+16	9.86e-01	1.42e-02	1.82e-07
 6.07782e+16	9.86e-01	1.39e-02	2.05e-07
 6.07792e+16	9.86e-01	1.36e-02	2.29e-07
 6.07799e+16	9.87e-01	1.34e-02	2.48e-07
 6.07807e+16	9.87e-01	1.31e-02	2.79e-07
 6.07815e+16	9.87e-01	1.29e-02	3.05e-07
 6.07822e+16	9.87e-01	1.27e-02	3.39e-07
 6.07828e+16	9.88e-01	1.24e-02	3.75e-07
 6.07835e+16	9.88e-01	1.22e-02	4.09e-07
 6.07841e+16	9.88e-01	1.19e-02	4.56e-07
 6.07847e+16	9.88e-01	1.16e-02	5.05e-07
 6.07853e+16	9.89e-01	1.13e-02	5.58e-07
 6.07859e+16	9.89e-01	1.09e-02	6.36e-07
 6.07865e+16	9.90e-01	1.04e-02	7.24e-07
 6.07871e+16	9.91e-01	9.35e-03	8.94e-07
