#depth	He	He+	He+2
 4.78823e+11	7.93e-04	8.40e-01	1.59e-01
 2.87294e+12	7.93e-04	8.40e-01	1.59e-01
 1.24494e+13	7.95e-04	8.41e-01	1.58e-01
 5.07552e+13	8.00e-04	8.45e-01	1.55e-01
 1.21238e+14	8.06e-04	8.47e-01	1.52e-01
 2.12866e+14	8.15e-04	8.54e-01	1.45e-01
 3.31981e+14	8.29e-04	8.64e-01	1.35e-01
 4.86832e+14	8.48e-04	8.79e-01	1.20e-01
 6.88138e+14	8.73e-04	8.98e-01	1.01e-01
 9.49835e+14	9.04e-04	9.21e-01	7.81e-02
 1.29004e+15	9.40e-04	9.45e-01	5.39e-02
 1.73231e+15	9.79e-04	9.67e-01	3.21e-02
 2.30726e+15	1.02e-03	9.83e-01	1.59e-02
 3.05469e+15	1.06e-03	9.93e-01	6.25e-03
 4.02636e+15	1.11e-03	9.97e-01	1.91e-03
 5.28952e+15	1.16e-03	9.98e-01	4.40e-04
 6.93164e+15	1.24e-03	9.99e-01	7.64e-05
 8.62331e+15	1.31e-03	9.99e-01	1.43e-05
 1.00387e+16	1.38e-03	9.99e-01	4.19e-06
 1.15380e+16	1.45e-03	9.99e-01	1.33e-06
 1.30047e+16	1.52e-03	9.98e-01	4.89e-07
 1.43052e+16	1.66e-03	9.98e-01	2.10e-07
 1.57357e+16	1.75e-03	9.98e-01	9.02e-08
 1.73093e+16	1.85e-03	9.98e-01	3.96e-08
 1.90402e+16	1.97e-03	9.98e-01	1.76e-08
 2.09443e+16	2.11e-03	9.98e-01	7.90e-09
 2.25491e+16	2.25e-03	9.98e-01	4.38e-09
 2.35628e+16	2.34e-03	9.98e-01	3.10e-09
 2.44972e+16	2.43e-03	9.98e-01	2.25e-09
 2.57120e+16	2.53e-03	9.97e-01	1.52e-09
 2.70227e+16	2.67e-03	9.97e-01	1.04e-09
 2.81168e+16	2.79e-03	9.97e-01	7.84e-10
 2.90046e+16	2.90e-03	9.97e-01	6.27e-10
 2.99653e+16	3.01e-03	9.97e-01	4.96e-10
 3.12143e+16	3.16e-03	9.97e-01	3.75e-10
 3.24728e+16	3.34e-03	9.97e-01	2.95e-10
 3.34038e+16	3.48e-03	9.97e-01	2.52e-10
 3.41181e+16	3.60e-03	9.96e-01	2.24e-10
 3.48909e+16	3.72e-03	9.96e-01	1.99e-10
 3.58956e+16	3.87e-03	9.96e-01	1.72e-10
 3.69860e+16	4.06e-03	9.96e-01	1.51e-10
 3.79094e+16	4.25e-03	9.96e-01	1.38e-10
 3.86539e+16	4.41e-03	9.96e-01	1.29e-10
 3.94443e+16	4.57e-03	9.95e-01	1.21e-10
 4.04719e+16	4.78e-03	9.95e-01	1.12e-10
 4.15508e+16	5.05e-03	9.95e-01	1.07e-10
 4.24198e+16	5.29e-03	9.95e-01	1.02e-10
 4.31327e+16	5.50e-03	9.94e-01	1.01e-10
 4.39194e+16	5.73e-03	9.94e-01	9.90e-11
 4.49422e+16	6.04e-03	9.94e-01	9.75e-11
 4.60201e+16	6.44e-03	9.94e-01	9.75e-11
 4.68761e+16	6.83e-03	9.93e-01	9.85e-11
 4.75309e+16	7.16e-03	9.93e-01	9.97e-11
 4.82175e+16	7.51e-03	9.92e-01	1.01e-10
 4.91100e+16	8.02e-03	9.92e-01	1.04e-10
 5.00287e+16	8.68e-03	9.91e-01	1.06e-10
 5.07320e+16	9.35e-03	9.91e-01	1.09e-10
 5.12615e+16	9.90e-03	9.90e-01	1.12e-10
 5.18144e+16	1.05e-02	9.89e-01	1.15e-10
 5.25331e+16	1.15e-02	9.89e-01	1.24e-10
 5.32690e+16	1.27e-02	9.87e-01	1.31e-10
 5.38235e+16	1.40e-02	9.86e-01	1.39e-10
 5.42426e+16	1.51e-02	9.85e-01	1.46e-10
 5.46894e+16	1.64e-02	9.84e-01	1.54e-10
 5.52703e+16	1.86e-02	9.81e-01	1.70e-10
 5.58503e+16	2.15e-02	9.79e-01	1.91e-10
 5.62301e+16	2.41e-02	9.76e-01	2.11e-10
 5.64468e+16	2.58e-02	9.74e-01	2.23e-10
 5.66501e+16	2.77e-02	9.72e-01	2.36e-10
 5.69145e+16	3.05e-02	9.70e-01	2.56e-10
 5.71922e+16	3.41e-02	9.66e-01	2.84e-10
 5.74134e+16	3.75e-02	9.62e-01	3.13e-10
 5.75855e+16	4.08e-02	9.59e-01	3.39e-10
 5.77676e+16	4.47e-02	9.55e-01	3.71e-10
 5.79652e+16	4.98e-02	9.50e-01	4.18e-10
 5.81334e+16	5.51e-02	9.45e-01	4.66e-10
 5.82690e+16	6.02e-02	9.40e-01	5.11e-10
 5.83930e+16	6.56e-02	9.34e-01	5.61e-10
 5.85354e+16	7.28e-02	9.27e-01	6.28e-10
 5.86849e+16	8.18e-02	9.18e-01	7.18e-10
 5.88053e+16	9.07e-02	9.09e-01	8.05e-10
 5.89014e+16	9.90e-02	9.01e-01	8.86e-10
 5.90017e+16	1.09e-01	8.91e-01	9.84e-10
 5.91119e+16	1.22e-01	8.78e-01	1.11e-09
 5.92115e+16	1.36e-01	8.64e-01	1.25e-09
 5.92915e+16	1.48e-01	8.52e-01	1.38e-09
 5.93571e+16	1.61e-01	8.39e-01	1.50e-09
 5.94177e+16	1.73e-01	8.27e-01	1.62e-09
 5.94768e+16	1.86e-01	8.14e-01	1.75e-09
 5.95228e+16	1.98e-01	8.02e-01	1.86e-09
 5.95518e+16	2.05e-01	7.95e-01	1.93e-09
 5.95781e+16	2.13e-01	7.87e-01	1.99e-09
 5.96094e+16	2.22e-01	7.78e-01	2.07e-09
 5.96433e+16	2.33e-01	7.67e-01	2.17e-09
 5.96751e+16	2.44e-01	7.56e-01	2.26e-09
 5.97037e+16	2.54e-01	7.46e-01	2.35e-09
 5.97311e+16	2.64e-01	7.36e-01	2.44e-09
 5.97589e+16	2.75e-01	7.25e-01	2.53e-09
 5.97868e+16	2.86e-01	7.14e-01	2.62e-09
 5.98138e+16	2.98e-01	7.02e-01	2.72e-09
 5.98397e+16	3.09e-01	6.91e-01	2.82e-09
 5.98650e+16	3.21e-01	6.79e-01	2.91e-09
 5.98900e+16	3.34e-01	6.66e-01	3.01e-09
 5.99147e+16	3.46e-01	6.54e-01	3.11e-09
 5.99388e+16	3.59e-01	6.41e-01	3.21e-09
 5.99623e+16	3.72e-01	6.28e-01	3.31e-09
 5.99853e+16	3.86e-01	6.14e-01	3.40e-09
 6.00079e+16	3.99e-01	6.01e-01	3.50e-09
 6.00302e+16	4.13e-01	5.87e-01	3.60e-09
 6.00521e+16	4.27e-01	5.73e-01	3.69e-09
 6.00734e+16	4.41e-01	5.59e-01	3.78e-09
 6.00944e+16	4.56e-01	5.44e-01	3.87e-09
 6.01150e+16	4.70e-01	5.30e-01	3.96e-09
 6.01353e+16	4.85e-01	5.15e-01	4.05e-09
 6.01551e+16	4.99e-01	5.01e-01	4.13e-09
 6.01746e+16	5.14e-01	4.86e-01	4.21e-09
 6.01937e+16	5.28e-01	4.72e-01	4.29e-09
 6.02124e+16	5.43e-01	4.57e-01	4.36e-09
 6.02304e+16	5.57e-01	4.43e-01	4.43e-09
 6.02479e+16	5.71e-01	4.29e-01	4.49e-09
 6.02650e+16	5.85e-01	4.15e-01	4.55e-09
 6.02817e+16	5.99e-01	4.01e-01	4.60e-09
 6.02979e+16	6.13e-01	3.87e-01	4.65e-09
 6.03137e+16	6.26e-01	3.74e-01	4.69e-09
 6.03291e+16	6.39e-01	3.61e-01	4.73e-09
 6.03441e+16	6.51e-01	3.49e-01	4.76e-09
 6.03590e+16	6.64e-01	3.36e-01	4.79e-09
 6.03734e+16	6.76e-01	3.24e-01	4.82e-09
 6.03871e+16	6.88e-01	3.12e-01	4.84e-09
 6.04007e+16	6.99e-01	3.01e-01	4.85e-09
 6.04142e+16	7.11e-01	2.89e-01	4.86e-09
 6.04273e+16	7.21e-01	2.79e-01	4.88e-09
 6.04402e+16	7.32e-01	2.68e-01	4.88e-09
 6.04528e+16	7.42e-01	2.58e-01	4.88e-09
 6.04648e+16	7.52e-01	2.48e-01	4.87e-09
 6.04767e+16	7.62e-01	2.38e-01	4.86e-09
 6.04885e+16	7.71e-01	2.29e-01	4.85e-09
 6.05001e+16	7.81e-01	2.19e-01	4.84e-09
 6.05113e+16	7.89e-01	2.11e-01	4.82e-09
 6.05223e+16	7.98e-01	2.02e-01	4.79e-09
 6.05332e+16	8.06e-01	1.94e-01	4.77e-09
 6.05438e+16	8.14e-01	1.86e-01	4.74e-09
 6.05541e+16	8.22e-01	1.78e-01	4.71e-09
 6.05642e+16	8.29e-01	1.71e-01	4.67e-09
 6.05742e+16	8.36e-01	1.64e-01	4.63e-09
 6.05840e+16	8.43e-01	1.57e-01	4.60e-09
 6.05936e+16	8.50e-01	1.50e-01	4.55e-09
 6.06028e+16	8.56e-01	1.44e-01	4.50e-09
 6.06119e+16	8.62e-01	1.38e-01	4.45e-09
 6.06208e+16	8.68e-01	1.32e-01	4.41e-09
 6.06297e+16	8.74e-01	1.26e-01	4.34e-09
 6.06383e+16	8.79e-01	1.21e-01	4.29e-09
 6.06465e+16	8.84e-01	1.16e-01	4.23e-09
 6.06545e+16	8.89e-01	1.11e-01	4.17e-09
 6.06625e+16	8.94e-01	1.06e-01	4.10e-09
 6.06702e+16	8.98e-01	1.02e-01	4.04e-09
 6.06778e+16	9.03e-01	9.72e-02	3.97e-09
 6.06850e+16	9.07e-01	9.30e-02	3.90e-09
 6.06921e+16	9.11e-01	8.90e-02	3.83e-09
 6.06989e+16	9.15e-01	8.52e-02	3.75e-09
 6.07054e+16	9.18e-01	8.16e-02	3.68e-09
 6.07114e+16	9.22e-01	7.83e-02	3.61e-09
 6.07170e+16	9.25e-01	7.52e-02	3.53e-09
 6.07222e+16	9.28e-01	7.24e-02	3.46e-09
 6.07269e+16	9.30e-01	6.99e-02	3.39e-09
 6.07313e+16	9.32e-01	6.75e-02	3.32e-09
 6.07354e+16	9.35e-01	6.53e-02	3.25e-09
 6.07392e+16	9.37e-01	6.33e-02	3.19e-09
 6.07427e+16	9.39e-01	6.14e-02	3.13e-09
 6.07460e+16	9.40e-01	5.96e-02	3.06e-09
 6.07490e+16	9.42e-01	5.80e-02	3.01e-09
 6.07519e+16	9.44e-01	5.64e-02	2.95e-09
 6.07546e+16	9.45e-01	5.49e-02	2.89e-09
 6.07570e+16	9.46e-01	5.36e-02	2.83e-09
 6.07593e+16	9.48e-01	5.23e-02	2.78e-09
 6.07614e+16	9.49e-01	5.11e-02	2.73e-09
 6.07634e+16	9.50e-01	5.00e-02	2.67e-09
 6.07652e+16	9.51e-01	4.89e-02	2.62e-09
 6.07669e+16	9.52e-01	4.79e-02	2.57e-09
 6.07685e+16	9.53e-01	4.70e-02	2.53e-09
 6.07701e+16	9.54e-01	4.59e-02	2.47e-09
 6.07716e+16	9.55e-01	4.50e-02	2.43e-09
 6.07728e+16	9.56e-01	4.43e-02	2.39e-09
 6.07740e+16	9.57e-01	4.34e-02	2.34e-09
 6.07752e+16	9.57e-01	4.26e-02	2.29e-09
 6.07763e+16	9.58e-01	4.19e-02	2.25e-09
 6.07772e+16	9.59e-01	4.13e-02	2.22e-09
 6.07782e+16	9.60e-01	4.05e-02	2.16e-09
 6.07792e+16	9.60e-01	3.97e-02	2.11e-09
 6.07799e+16	9.61e-01	3.92e-02	2.08e-09
 6.07807e+16	9.62e-01	3.84e-02	2.03e-09
 6.07815e+16	9.62e-01	3.79e-02	1.99e-09
 6.07822e+16	9.63e-01	3.72e-02	1.94e-09
 6.07828e+16	9.63e-01	3.65e-02	1.90e-09
 6.07835e+16	9.64e-01	3.59e-02	1.85e-09
 6.07841e+16	9.65e-01	3.53e-02	1.80e-09
 6.07847e+16	9.65e-01	3.46e-02	1.75e-09
 6.07853e+16	9.66e-01	3.38e-02	1.69e-09
 6.07859e+16	9.67e-01	3.28e-02	1.61e-09
 6.07865e+16	9.68e-01	3.17e-02	1.52e-09
 6.07871e+16	9.70e-01	2.96e-02	1.34e-09
