#depth	O	O+	O+2	O+3	O+4	O+5	O+6	O+7	O+8	O[1]	O[2]	O[3]
 1.90248e+11	3.94e-05	2.93e-02	9.31e-01	3.97e-02	1.50e-06	0.00e+00	0.00e+00	0.00e+00	0.00e+00	3.22e-05	4.77e-06	2.50e-06
 1.14149e+12	3.94e-05	2.93e-02	9.31e-01	3.95e-02	1.49e-06	0.00e+00	0.00e+00	0.00e+00	0.00e+00	3.21e-05	4.76e-06	2.49e-06
 4.94645e+12	3.94e-05	2.94e-02	9.32e-01	3.89e-02	1.45e-06	0.00e+00	0.00e+00	0.00e+00	0.00e+00	3.22e-05	4.77e-06	2.50e-06
 2.01663e+13	3.97e-05	2.96e-02	9.34e-01	3.65e-02	1.31e-06	0.00e+00	0.00e+00	0.00e+00	0.00e+00	3.24e-05	4.80e-06	2.53e-06
 4.81708e+13	3.95e-05	2.98e-02	9.37e-01	3.31e-02	1.10e-06	0.00e+00	0.00e+00	0.00e+00	0.00e+00	3.22e-05	4.77e-06	2.52e-06
 8.45767e+13	3.94e-05	3.00e-02	9.41e-01	2.91e-02	8.82e-07	0.00e+00	0.00e+00	0.00e+00	0.00e+00	3.21e-05	4.75e-06	2.52e-06
 1.31904e+14	3.95e-05	3.04e-02	9.45e-01	2.46e-02	6.59e-07	0.00e+00	0.00e+00	0.00e+00	0.00e+00	3.22e-05	4.76e-06	2.53e-06
 1.93430e+14	3.97e-05	3.09e-02	9.49e-01	1.97e-02	4.53e-07	0.00e+00	0.00e+00	0.00e+00	0.00e+00	3.24e-05	4.78e-06	2.56e-06
 2.73414e+14	4.01e-05	3.16e-02	9.54e-01	1.47e-02	2.76e-07	0.00e+00	0.00e+00	0.00e+00	0.00e+00	3.27e-05	4.82e-06	2.59e-06
 3.77393e+14	4.10e-05	3.25e-02	9.57e-01	1.01e-02	1.45e-07	0.00e+00	0.00e+00	0.00e+00	0.00e+00	3.34e-05	4.90e-06	2.65e-06
 5.12565e+14	4.23e-05	3.39e-02	9.60e-01	6.10e-03	0.00e+00	0.00e+00	0.00e+00	0.00e+00	0.00e+00	3.45e-05	5.02e-06	2.73e-06
 6.88290e+14	4.42e-05	3.59e-02	9.61e-01	3.18e-03	0.00e+00	0.00e+00	0.00e+00	0.00e+00	0.00e+00	3.62e-05	5.21e-06	2.85e-06
 8.83178e+14	4.60e-05	3.82e-02	9.60e-01	1.57e-03	0.00e+00	0.00e+00	0.00e+00	0.00e+00	0.00e+00	3.77e-05	5.37e-06	2.96e-06
 1.06571e+15	4.79e-05	4.06e-02	9.59e-01	8.11e-04	0.00e+00	0.00e+00	0.00e+00	0.00e+00	0.00e+00	3.92e-05	5.54e-06	3.08e-06
 1.26573e+15	5.10e-05	4.36e-02	9.56e-01	3.89e-04	0.00e+00	0.00e+00	0.00e+00	0.00e+00	0.00e+00	4.19e-05	5.87e-06	3.28e-06
 1.52575e+15	5.56e-05	4.80e-02	9.52e-01	1.52e-04	0.00e+00	0.00e+00	0.00e+00	0.00e+00	0.00e+00	4.57e-05	6.34e-06	3.56e-06
 1.77616e+15	5.91e-05	5.27e-02	9.47e-01	6.37e-05	0.00e+00	0.00e+00	0.00e+00	0.00e+00	0.00e+00	4.87e-05	6.69e-06	3.79e-06
 1.97045e+15	6.26e-05	5.68e-02	9.43e-01	3.26e-05	0.00e+00	0.00e+00	0.00e+00	0.00e+00	0.00e+00	5.15e-05	7.06e-06	4.01e-06
 2.17943e+15	6.78e-05	6.18e-02	9.38e-01	1.57e-05	0.00e+00	0.00e+00	0.00e+00	0.00e+00	0.00e+00	5.59e-05	7.62e-06	4.34e-06
 2.45109e+15	7.55e-05	6.92e-02	9.31e-01	6.24e-06	0.00e+00	0.00e+00	0.00e+00	0.00e+00	0.00e+00	6.22e-05	8.45e-06	4.84e-06
 2.73488e+15	8.40e-05	7.83e-02	9.22e-01	2.47e-06	0.00e+00	0.00e+00	0.00e+00	0.00e+00	0.00e+00	6.93e-05	9.35e-06	5.39e-06
 3.00836e+15	9.47e-05	8.89e-02	9.11e-01	1.03e-06	0.00e+00	0.00e+00	0.00e+00	0.00e+00	0.00e+00	7.81e-05	1.05e-05	6.08e-06
 3.30920e+15	1.09e-04	1.03e-01	8.97e-01	4.10e-07	0.00e+00	0.00e+00	0.00e+00	0.00e+00	0.00e+00	9.03e-05	1.21e-05	7.03e-06
 3.64012e+15	1.30e-04	1.23e-01	8.77e-01	1.56e-07	0.00e+00	0.00e+00	0.00e+00	0.00e+00	0.00e+00	1.08e-04	1.44e-05	8.39e-06
 3.96523e+15	1.57e-04	1.49e-01	8.51e-01	0.00e+00	0.00e+00	0.00e+00	0.00e+00	0.00e+00	0.00e+00	1.30e-04	1.73e-05	1.01e-05
 4.24604e+15	1.89e-04	1.80e-01	8.20e-01	0.00e+00	0.00e+00	0.00e+00	0.00e+00	0.00e+00	0.00e+00	1.56e-04	2.07e-05	1.22e-05
 4.47537e+15	2.22e-04	2.12e-01	7.88e-01	0.00e+00	0.00e+00	0.00e+00	0.00e+00	0.00e+00	0.00e+00	1.83e-04	2.43e-05	1.44e-05
 4.66940e+15	2.57e-04	2.45e-01	7.54e-01	0.00e+00	0.00e+00	0.00e+00	0.00e+00	0.00e+00	0.00e+00	2.12e-04	2.82e-05	1.67e-05
 4.88500e+15	3.08e-04	2.92e-01	7.08e-01	0.00e+00	0.00e+00	0.00e+00	0.00e+00	0.00e+00	0.00e+00	2.54e-04	3.38e-05	2.00e-05
 5.11984e+15	3.75e-04	3.56e-01	6.44e-01	0.00e+00	0.00e+00	0.00e+00	0.00e+00	0.00e+00	0.00e+00	3.09e-04	4.15e-05	2.46e-05
 5.32758e+15	4.50e-04	4.28e-01	5.71e-01	0.00e+00	0.00e+00	0.00e+00	0.00e+00	0.00e+00	0.00e+00	3.71e-04	5.02e-05	2.97e-05
 5.50663e+15	5.27e-04	5.03e-01	4.96e-01	0.00e+00	0.00e+00	0.00e+00	0.00e+00	0.00e+00	0.00e+00	4.33e-04	5.92e-05	3.50e-05
 5.70050e+15	6.22e-04	5.94e-01	4.06e-01	0.00e+00	0.00e+00	0.00e+00	0.00e+00	0.00e+00	0.00e+00	5.10e-04	7.07e-05	4.15e-05
 5.91643e+15	7.31e-04	7.01e-01	2.98e-01	0.00e+00	0.00e+00	0.00e+00	0.00e+00	0.00e+00	0.00e+00	5.98e-04	8.43e-05	4.93e-05
 6.12367e+15	8.32e-04	7.99e-01	2.00e-01	0.00e+00	0.00e+00	0.00e+00	0.00e+00	0.00e+00	0.00e+00	6.79e-04	9.71e-05	5.66e-05
 6.35569e+15	9.30e-04	8.84e-01	1.15e-01	0.00e+00	0.00e+00	0.00e+00	0.00e+00	0.00e+00	0.00e+00	7.57e-04	1.09e-04	6.35e-05
 6.65731e+15	1.03e-03	9.50e-01	4.95e-02	0.00e+00	0.00e+00	0.00e+00	0.00e+00	0.00e+00	0.00e+00	8.37e-04	1.21e-04	7.03e-05
 6.96991e+15	1.11e-03	9.81e-01	1.75e-02	0.00e+00	0.00e+00	0.00e+00	0.00e+00	0.00e+00	0.00e+00	9.01e-04	1.30e-04	7.52e-05
 7.21740e+15	1.17e-03	9.92e-01	7.24e-03	0.00e+00	0.00e+00	0.00e+00	0.00e+00	0.00e+00	0.00e+00	9.56e-04	1.36e-04	7.90e-05
 7.38796e+15	1.22e-03	9.95e-01	3.86e-03	0.00e+00	0.00e+00	0.00e+00	0.00e+00	0.00e+00	0.00e+00	1.00e-03	1.40e-04	8.18e-05
 7.50422e+15	1.26e-03	9.96e-01	2.50e-03	0.00e+00	0.00e+00	0.00e+00	0.00e+00	0.00e+00	0.00e+00	1.03e-03	1.43e-04	8.38e-05
 7.62168e+15	1.31e-03	9.97e-01	1.61e-03	0.00e+00	0.00e+00	0.00e+00	0.00e+00	0.00e+00	0.00e+00	1.08e-03	1.48e-04	8.67e-05
 7.77438e+15	1.39e-03	9.98e-01	8.97e-04	0.00e+00	0.00e+00	0.00e+00	0.00e+00	0.00e+00	0.00e+00	1.14e-03	1.55e-04	9.06e-05
 7.93924e+15	1.48e-03	9.98e-01	4.64e-04	0.00e+00	0.00e+00	0.00e+00	0.00e+00	0.00e+00	0.00e+00	1.22e-03	1.62e-04	9.52e-05
 8.08925e+15	1.58e-03	9.98e-01	2.48e-04	0.00e+00	0.00e+00	0.00e+00	0.00e+00	0.00e+00	0.00e+00	1.31e-03	1.70e-04	1.00e-04
 8.22576e+15	1.69e-03	9.98e-01	1.37e-04	0.00e+00	0.00e+00	0.00e+00	0.00e+00	0.00e+00	0.00e+00	1.40e-03	1.78e-04	1.05e-04
 8.34999e+15	1.79e-03	9.98e-01	7.80e-05	0.00e+00	0.00e+00	0.00e+00	0.00e+00	0.00e+00	0.00e+00	1.49e-03	1.85e-04	1.10e-04
 8.46304e+15	1.89e-03	9.98e-01	4.59e-05	0.00e+00	0.00e+00	0.00e+00	0.00e+00	0.00e+00	0.00e+00	1.58e-03	1.93e-04	1.15e-04
 8.56591e+15	1.98e-03	9.98e-01	2.78e-05	0.00e+00	0.00e+00	0.00e+00	0.00e+00	0.00e+00	0.00e+00	1.67e-03	1.99e-04	1.19e-04
 8.65953e+15	2.07e-03	9.98e-01	1.74e-05	0.00e+00	0.00e+00	0.00e+00	0.00e+00	0.00e+00	0.00e+00	1.74e-03	2.05e-04	1.23e-04
 8.73120e+15	2.14e-03	9.98e-01	1.20e-05	0.00e+00	0.00e+00	0.00e+00	0.00e+00	0.00e+00	0.00e+00	1.80e-03	2.10e-04	1.26e-04
 8.77840e+15	2.18e-03	9.98e-01	9.31e-06	0.00e+00	0.00e+00	0.00e+00	0.00e+00	0.00e+00	0.00e+00	1.84e-03	2.12e-04	1.27e-04
 8.82467e+15	2.21e-03	9.98e-01	7.23e-06	0.00e+00	0.00e+00	0.00e+00	0.00e+00	0.00e+00	0.00e+00	1.87e-03	2.14e-04	1.29e-04
 8.88483e+15	2.26e-03	9.98e-01	5.17e-06	0.00e+00	0.00e+00	0.00e+00	0.00e+00	0.00e+00	0.00e+00	1.91e-03	2.18e-04	1.31e-04
 8.95140e+15	2.31e-03	9.98e-01	3.54e-06	0.00e+00	0.00e+00	0.00e+00	0.00e+00	0.00e+00	0.00e+00	1.96e-03	2.20e-04	1.33e-04
 9.01208e+15	2.35e-03	9.98e-01	2.47e-06	0.00e+00	0.00e+00	0.00e+00	0.00e+00	0.00e+00	0.00e+00	2.00e-03	2.23e-04	1.34e-04
 9.06684e+15	2.39e-03	9.98e-01	1.77e-06	0.00e+00	0.00e+00	0.00e+00	0.00e+00	0.00e+00	0.00e+00	2.03e-03	2.24e-04	1.36e-04
 9.12815e+15	2.42e-03	9.98e-01	1.21e-06	0.00e+00	0.00e+00	0.00e+00	0.00e+00	0.00e+00	0.00e+00	2.06e-03	2.26e-04	1.37e-04
 9.20784e+15	2.46e-03	9.98e-01	7.26e-07	0.00e+00	0.00e+00	0.00e+00	0.00e+00	0.00e+00	0.00e+00	2.10e-03	2.28e-04	1.38e-04
 9.31144e+15	2.50e-03	9.97e-01	3.70e-07	0.00e+00	0.00e+00	0.00e+00	0.00e+00	0.00e+00	0.00e+00	2.13e-03	2.30e-04	1.39e-04
 9.44612e+15	2.55e-03	9.97e-01	1.51e-07	0.00e+00	0.00e+00	0.00e+00	0.00e+00	0.00e+00	0.00e+00	2.18e-03	2.33e-04	1.41e-04
 9.62121e+15	2.61e-03	9.97e-01	4.70e-08	0.00e+00	0.00e+00	0.00e+00	0.00e+00	0.00e+00	0.00e+00	2.23e-03	2.39e-04	1.44e-04
 9.84882e+15	2.69e-03	9.97e-01	1.06e-08	0.00e+00	0.00e+00	0.00e+00	0.00e+00	0.00e+00	0.00e+00	2.29e-03	2.47e-04	1.48e-04
 1.01447e+16	2.79e-03	9.97e-01	1.67e-09	0.00e+00	0.00e+00	0.00e+00	0.00e+00	0.00e+00	0.00e+00	2.37e-03	2.58e-04	1.54e-04
 1.05294e+16	2.92e-03	9.97e-01	2.05e-10	0.00e+00	0.00e+00	0.00e+00	0.00e+00	0.00e+00	0.00e+00	2.48e-03	2.74e-04	1.62e-04
 1.10186e+16	3.10e-03	9.97e-01	5.19e-11	0.00e+00	0.00e+00	0.00e+00	0.00e+00	0.00e+00	0.00e+00	2.63e-03	2.97e-04	1.74e-04
 1.15396e+16	3.35e-03	9.97e-01	4.00e-11	0.00e+00	0.00e+00	0.00e+00	0.00e+00	0.00e+00	0.00e+00	2.83e-03	3.26e-04	1.89e-04
 1.20108e+16	3.59e-03	9.96e-01	3.78e-11	0.00e+00	0.00e+00	0.00e+00	0.00e+00	0.00e+00	0.00e+00	3.03e-03	3.57e-04	2.04e-04
 1.24338e+16	3.83e-03	9.96e-01	3.65e-11	0.00e+00	0.00e+00	0.00e+00	0.00e+00	0.00e+00	0.00e+00	3.22e-03	3.88e-04	2.20e-04
 1.28199e+16	4.06e-03	9.96e-01	3.56e-11	0.00e+00	0.00e+00	0.00e+00	0.00e+00	0.00e+00	0.00e+00	3.40e-03	4.20e-04	2.35e-04
 1.31763e+16	4.29e-03	9.96e-01	3.49e-11	0.00e+00	0.00e+00	0.00e+00	0.00e+00	0.00e+00	0.00e+00	3.58e-03	4.52e-04	2.51e-04
 1.35084e+16	4.51e-03	9.95e-01	3.42e-11	0.00e+00	0.00e+00	0.00e+00	0.00e+00	0.00e+00	0.00e+00	3.76e-03	4.85e-04	2.67e-04
 1.38208e+16	4.73e-03	9.95e-01	3.37e-11	0.00e+00	0.00e+00	0.00e+00	0.00e+00	0.00e+00	0.00e+00	3.93e-03	5.19e-04	2.83e-04
 1.41157e+16	4.95e-03	9.95e-01	3.32e-11	0.00e+00	0.00e+00	0.00e+00	0.00e+00	0.00e+00	0.00e+00	4.10e-03	5.54e-04	2.99e-04
 1.43933e+16	5.17e-03	9.95e-01	3.27e-11	0.00e+00	0.00e+00	0.00e+00	0.00e+00	0.00e+00	0.00e+00	4.26e-03	5.89e-04	3.16e-04
 1.46531e+16	5.38e-03	9.95e-01	3.23e-11	0.00e+00	0.00e+00	0.00e+00	0.00e+00	0.00e+00	0.00e+00	4.42e-03	6.25e-04	3.32e-04
 1.48974e+16	5.58e-03	9.94e-01	3.19e-11	0.00e+00	0.00e+00	0.00e+00	0.00e+00	0.00e+00	0.00e+00	4.57e-03	6.61e-04	3.49e-04
 1.51303e+16	5.77e-03	9.94e-01	3.15e-11	0.00e+00	0.00e+00	0.00e+00	0.00e+00	0.00e+00	0.00e+00	4.71e-03	6.97e-04	3.65e-04
 1.53532e+16	5.97e-03	9.94e-01	3.11e-11	0.00e+00	0.00e+00	0.00e+00	0.00e+00	0.00e+00	0.00e+00	4.85e-03	7.34e-04	3.82e-04
 1.55667e+16	6.15e-03	9.94e-01	3.07e-11	0.00e+00	0.00e+00	0.00e+00	0.00e+00	0.00e+00	0.00e+00	4.98e-03	7.71e-04	3.98e-04
 1.57715e+16	6.34e-03	9.94e-01	3.03e-11	0.00e+00	0.00e+00	0.00e+00	0.00e+00	0.00e+00	0.00e+00	5.11e-03	8.09e-04	4.15e-04
 1.59688e+16	6.51e-03	9.93e-01	2.99e-11	0.00e+00	0.00e+00	0.00e+00	0.00e+00	0.00e+00	0.00e+00	5.24e-03	8.47e-04	4.31e-04
 1.61594e+16	6.70e-03	9.93e-01	2.95e-11	0.00e+00	0.00e+00	0.00e+00	0.00e+00	0.00e+00	0.00e+00	5.36e-03	8.86e-04	4.48e-04
 1.63503e+16	6.87e-03	9.93e-01	2.91e-11	0.00e+00	0.00e+00	0.00e+00	0.00e+00	0.00e+00	0.00e+00	5.48e-03	9.26e-04	4.65e-04
 1.65367e+16	7.05e-03	9.93e-01	2.87e-11	0.00e+00	0.00e+00	0.00e+00	0.00e+00	0.00e+00	0.00e+00	5.60e-03	9.67e-04	4.82e-04
 1.67118e+16	7.22e-03	9.93e-01	2.83e-11	0.00e+00	0.00e+00	0.00e+00	0.00e+00	0.00e+00	0.00e+00	5.71e-03	1.01e-03	4.99e-04
 1.68827e+16	7.38e-03	9.93e-01	2.78e-11	0.00e+00	0.00e+00	0.00e+00	0.00e+00	0.00e+00	0.00e+00	5.82e-03	1.05e-03	5.16e-04
 1.70517e+16	7.54e-03	9.92e-01	2.74e-11	0.00e+00	0.00e+00	0.00e+00	0.00e+00	0.00e+00	0.00e+00	5.92e-03	1.09e-03	5.33e-04
 1.72189e+16	7.71e-03	9.92e-01	2.70e-11	0.00e+00	0.00e+00	0.00e+00	0.00e+00	0.00e+00	0.00e+00	6.03e-03	1.13e-03	5.50e-04
 1.73849e+16	7.88e-03	9.92e-01	2.65e-11	0.00e+00	0.00e+00	0.00e+00	0.00e+00	0.00e+00	0.00e+00	6.14e-03	1.18e-03	5.68e-04
 1.75505e+16	8.05e-03	9.92e-01	2.60e-11	0.00e+00	0.00e+00	0.00e+00	0.00e+00	0.00e+00	0.00e+00	6.26e-03	1.21e-03	5.87e-04
 1.77166e+16	8.23e-03	9.92e-01	2.55e-11	0.00e+00	0.00e+00	0.00e+00	0.00e+00	0.00e+00	0.00e+00	6.38e-03	1.25e-03	6.06e-04
 1.78840e+16	8.42e-03	9.92e-01	2.50e-11	0.00e+00	0.00e+00	0.00e+00	0.00e+00	0.00e+00	0.00e+00	6.51e-03	1.28e-03	6.26e-04
 1.80534e+16	8.62e-03	9.91e-01	2.45e-11	0.00e+00	0.00e+00	0.00e+00	0.00e+00	0.00e+00	0.00e+00	6.65e-03	1.32e-03	6.47e-04
 1.82257e+16	8.83e-03	9.91e-01	2.39e-11	0.00e+00	0.00e+00	0.00e+00	0.00e+00	0.00e+00	0.00e+00	6.80e-03	1.36e-03	6.70e-04
 1.84014e+16	9.05e-03	9.91e-01	2.33e-11	0.00e+00	0.00e+00	0.00e+00	0.00e+00	0.00e+00	0.00e+00	6.96e-03	1.41e-03	6.93e-04
 1.85770e+16	9.31e-03	9.91e-01	2.28e-11	0.00e+00	0.00e+00	0.00e+00	0.00e+00	0.00e+00	0.00e+00	7.14e-03	1.45e-03	7.19e-04
 1.87589e+16	9.57e-03	9.90e-01	2.21e-11	0.00e+00	0.00e+00	0.00e+00	0.00e+00	0.00e+00	0.00e+00	7.32e-03	1.50e-03	7.46e-04
 1.89526e+16	9.87e-03	9.90e-01	2.15e-11	0.00e+00	0.00e+00	0.00e+00	0.00e+00	0.00e+00	0.00e+00	7.53e-03	1.56e-03	7.76e-04
 1.91512e+16	1.02e-02	9.90e-01	2.08e-11	0.00e+00	0.00e+00	0.00e+00	0.00e+00	0.00e+00	0.00e+00	7.77e-03	1.62e-03	8.10e-04
 1.93535e+16	1.06e-02	9.89e-01	2.01e-11	0.00e+00	0.00e+00	0.00e+00	0.00e+00	0.00e+00	0.00e+00	8.03e-03	1.69e-03	8.46e-04
 1.95611e+16	1.10e-02	9.89e-01	1.94e-11	0.00e+00	0.00e+00	0.00e+00	0.00e+00	0.00e+00	0.00e+00	8.32e-03	1.76e-03	8.86e-04
 1.97748e+16	1.14e-02	9.89e-01	1.87e-11	0.00e+00	0.00e+00	0.00e+00	0.00e+00	0.00e+00	0.00e+00	8.64e-03	1.85e-03	9.30e-04
 1.99943e+16	1.19e-02	9.88e-01	1.80e-11	0.00e+00	0.00e+00	0.00e+00	0.00e+00	0.00e+00	0.00e+00	9.00e-03	1.94e-03	9.79e-04
 2.02190e+16	1.25e-02	9.88e-01	1.73e-11	0.00e+00	0.00e+00	0.00e+00	0.00e+00	0.00e+00	0.00e+00	9.39e-03	2.04e-03	1.03e-03
 2.04486e+16	1.31e-02	9.87e-01	1.65e-11	0.00e+00	0.00e+00	0.00e+00	0.00e+00	0.00e+00	0.00e+00	9.84e-03	2.16e-03	1.09e-03
 2.06824e+16	1.38e-02	9.86e-01	1.58e-11	0.00e+00	0.00e+00	0.00e+00	0.00e+00	0.00e+00	0.00e+00	1.03e-02	2.28e-03	1.16e-03
 2.09199e+16	1.45e-02	9.85e-01	1.51e-11	0.00e+00	0.00e+00	0.00e+00	0.00e+00	0.00e+00	0.00e+00	1.09e-02	2.43e-03	1.23e-03
 2.11601e+16	1.54e-02	9.85e-01	1.44e-11	0.00e+00	0.00e+00	0.00e+00	0.00e+00	0.00e+00	0.00e+00	1.15e-02	2.59e-03	1.32e-03
 2.14017e+16	1.64e-02	9.84e-01	1.36e-11	0.00e+00	0.00e+00	0.00e+00	0.00e+00	0.00e+00	0.00e+00	1.22e-02	2.76e-03	1.41e-03
 2.16438e+16	1.74e-02	9.83e-01	1.30e-11	0.00e+00	0.00e+00	0.00e+00	0.00e+00	0.00e+00	0.00e+00	1.30e-02	2.96e-03	1.52e-03
 2.18853e+16	1.86e-02	9.81e-01	1.23e-11	0.00e+00	0.00e+00	0.00e+00	0.00e+00	0.00e+00	0.00e+00	1.38e-02	3.19e-03	1.63e-03
 2.21253e+16	2.00e-02	9.80e-01	1.16e-11	0.00e+00	0.00e+00	0.00e+00	0.00e+00	0.00e+00	0.00e+00	1.48e-02	3.44e-03	1.76e-03
 2.23630e+16	2.15e-02	9.79e-01	1.10e-11	0.00e+00	0.00e+00	0.00e+00	0.00e+00	0.00e+00	0.00e+00	1.58e-02	3.71e-03	1.91e-03
 2.25976e+16	2.31e-02	9.77e-01	1.04e-11	0.00e+00	0.00e+00	0.00e+00	0.00e+00	0.00e+00	0.00e+00	1.70e-02	4.02e-03	2.07e-03
 2.28285e+16	2.50e-02	9.75e-01	9.81e-12	0.00e+00	0.00e+00	0.00e+00	0.00e+00	0.00e+00	0.00e+00	1.84e-02	4.37e-03	2.26e-03
 2.30552e+16	2.72e-02	9.73e-01	9.24e-12	0.00e+00	0.00e+00	0.00e+00	0.00e+00	0.00e+00	0.00e+00	1.99e-02	4.77e-03	2.47e-03
 2.32773e+16	2.96e-02	9.70e-01	8.70e-12	0.00e+00	0.00e+00	0.00e+00	0.00e+00	0.00e+00	0.00e+00	2.17e-02	5.22e-03	2.71e-03
 2.34945e+16	3.24e-02	9.68e-01	8.18e-12	0.00e+00	0.00e+00	0.00e+00	0.00e+00	0.00e+00	0.00e+00	2.37e-02	5.73e-03	2.98e-03
 2.37068e+16	3.56e-02	9.64e-01	7.68e-12	0.00e+00	0.00e+00	0.00e+00	0.00e+00	0.00e+00	0.00e+00	2.59e-02	6.33e-03	3.29e-03
 2.39141e+16	3.93e-02	9.61e-01	7.20e-12	0.00e+00	0.00e+00	0.00e+00	0.00e+00	0.00e+00	0.00e+00	2.86e-02	7.02e-03	3.66e-03
 2.41165e+16	4.36e-02	9.56e-01	6.73e-12	0.00e+00	0.00e+00	0.00e+00	0.00e+00	0.00e+00	0.00e+00	3.17e-02	7.82e-03	4.08e-03
 2.43145e+16	4.87e-02	9.51e-01	6.29e-12	0.00e+00	0.00e+00	0.00e+00	0.00e+00	0.00e+00	0.00e+00	3.54e-02	8.78e-03	4.59e-03
 2.45084e+16	5.50e-02	9.45e-01	5.85e-12	0.00e+00	0.00e+00	0.00e+00	0.00e+00	0.00e+00	0.00e+00	3.98e-02	9.94e-03	5.20e-03
 2.46988e+16	6.26e-02	9.37e-01	5.44e-12	0.00e+00	0.00e+00	0.00e+00	0.00e+00	0.00e+00	0.00e+00	4.53e-02	1.14e-02	5.95e-03
 2.48865e+16	7.22e-02	9.28e-01	5.05e-12	0.00e+00	0.00e+00	0.00e+00	0.00e+00	0.00e+00	0.00e+00	5.21e-02	1.31e-02	6.89e-03
 2.50714e+16	8.46e-02	9.15e-01	4.67e-12	0.00e+00	0.00e+00	0.00e+00	0.00e+00	0.00e+00	0.00e+00	6.11e-02	1.54e-02	8.09e-03
 2.52426e+16	1.01e-01	8.99e-01	4.30e-12	0.00e+00	0.00e+00	0.00e+00	0.00e+00	0.00e+00	0.00e+00	7.26e-02	1.83e-02	9.61e-03
 2.53848e+16	1.19e-01	8.81e-01	4.01e-12	0.00e+00	0.00e+00	0.00e+00	0.00e+00	0.00e+00	0.00e+00	8.61e-02	2.16e-02	1.14e-02
 2.54977e+16	1.38e-01	8.62e-01	3.79e-12	0.00e+00	0.00e+00	0.00e+00	0.00e+00	0.00e+00	0.00e+00	1.00e-01	2.50e-02	1.32e-02
 2.55934e+16	1.59e-01	8.41e-01	3.60e-12	0.00e+00	0.00e+00	0.00e+00	0.00e+00	0.00e+00	0.00e+00	1.15e-01	2.86e-02	1.51e-02
 2.56832e+16	1.83e-01	8.17e-01	3.41e-12	0.00e+00	0.00e+00	0.00e+00	0.00e+00	0.00e+00	0.00e+00	1.33e-01	3.27e-02	1.73e-02
 2.57701e+16	2.12e-01	7.88e-01	3.33e-12	0.00e+00	0.00e+00	0.00e+00	0.00e+00	0.00e+00	0.00e+00	1.55e-01	3.75e-02	2.00e-02
 2.58513e+16	2.47e-01	7.53e-01	3.21e-12	0.00e+00	0.00e+00	0.00e+00	0.00e+00	0.00e+00	0.00e+00	1.81e-01	4.31e-02	2.31e-02
 2.59239e+16	2.87e-01	7.13e-01	3.11e-12	0.00e+00	0.00e+00	0.00e+00	0.00e+00	0.00e+00	0.00e+00	2.11e-01	4.91e-02	2.66e-02
 2.59867e+16	3.29e-01	6.71e-01	3.04e-12	0.00e+00	0.00e+00	0.00e+00	0.00e+00	0.00e+00	0.00e+00	2.43e-01	5.52e-02	3.02e-02
 2.60377e+16	3.69e-01	6.31e-01	2.98e-12	0.00e+00	0.00e+00	0.00e+00	0.00e+00	0.00e+00	0.00e+00	2.75e-01	6.07e-02	3.36e-02
 2.60756e+16	4.04e-01	5.96e-01	2.93e-12	0.00e+00	0.00e+00	0.00e+00	0.00e+00	0.00e+00	0.00e+00	3.02e-01	6.50e-02	3.64e-02
 2.61045e+16	4.32e-01	5.68e-01	2.90e-12	0.00e+00	0.00e+00	0.00e+00	0.00e+00	0.00e+00	0.00e+00	3.25e-01	6.83e-02	3.86e-02
 2.61296e+16	4.57e-01	5.43e-01	2.86e-12	0.00e+00	0.00e+00	0.00e+00	0.00e+00	0.00e+00	0.00e+00	3.45e-01	7.11e-02	4.06e-02
 2.61539e+16	4.83e-01	5.17e-01	2.82e-12	0.00e+00	0.00e+00	0.00e+00	0.00e+00	0.00e+00	0.00e+00	3.67e-01	7.38e-02	4.25e-02
 2.61774e+16	5.09e-01	4.91e-01	2.79e-12	0.00e+00	0.00e+00	0.00e+00	0.00e+00	0.00e+00	0.00e+00	3.88e-01	7.62e-02	4.43e-02
 2.61982e+16	5.33e-01	4.67e-01	2.75e-12	0.00e+00	0.00e+00	0.00e+00	0.00e+00	0.00e+00	0.00e+00	4.08e-01	7.83e-02	4.59e-02
 2.62163e+16	5.53e-01	4.47e-01	2.73e-12	0.00e+00	0.00e+00	0.00e+00	0.00e+00	0.00e+00	0.00e+00	4.26e-01	7.99e-02	4.73e-02
 2.62328e+16	5.73e-01	4.27e-01	2.69e-12	0.00e+00	0.00e+00	0.00e+00	0.00e+00	0.00e+00	0.00e+00	4.43e-01	8.13e-02	4.85e-02
 2.62485e+16	5.92e-01	4.08e-01	2.67e-12	0.00e+00	0.00e+00	0.00e+00	0.00e+00	0.00e+00	0.00e+00	4.59e-01	8.25e-02	4.96e-02
 2.62619e+16	6.08e-01	3.92e-01	2.63e-12	0.00e+00	0.00e+00	0.00e+00	0.00e+00	0.00e+00	0.00e+00	4.74e-01	8.34e-02	5.05e-02
 2.62715e+16	6.20e-01	3.80e-01	2.61e-12	0.00e+00	0.00e+00	0.00e+00	0.00e+00	0.00e+00	0.00e+00	4.85e-01	8.40e-02	5.11e-02
 2.62800e+16	6.30e-01	3.70e-01	2.59e-12	0.00e+00	0.00e+00	0.00e+00	0.00e+00	0.00e+00	0.00e+00	4.94e-01	8.44e-02	5.16e-02
 2.62898e+16	6.42e-01	3.58e-01	2.56e-12	0.00e+00	0.00e+00	0.00e+00	0.00e+00	0.00e+00	0.00e+00	5.04e-01	8.49e-02	5.22e-02
 2.63004e+16	6.54e-01	3.46e-01	2.53e-12	0.00e+00	0.00e+00	0.00e+00	0.00e+00	0.00e+00	0.00e+00	5.16e-01	8.53e-02	5.27e-02
 2.63106e+16	6.66e-01	3.34e-01	2.51e-12	0.00e+00	0.00e+00	0.00e+00	0.00e+00	0.00e+00	0.00e+00	5.27e-01	8.56e-02	5.32e-02
 2.63203e+16	6.77e-01	3.23e-01	2.48e-12	0.00e+00	0.00e+00	0.00e+00	0.00e+00	0.00e+00	0.00e+00	5.38e-01	8.59e-02	5.37e-02
 2.63298e+16	6.89e-01	3.11e-01	2.45e-12	0.00e+00	0.00e+00	0.00e+00	0.00e+00	0.00e+00	0.00e+00	5.48e-01	8.60e-02	5.41e-02
 2.63395e+16	7.00e-01	3.00e-01	2.42e-12	0.00e+00	0.00e+00	0.00e+00	0.00e+00	0.00e+00	0.00e+00	5.59e-01	8.61e-02	5.45e-02
 2.63489e+16	7.11e-01	2.89e-01	2.38e-12	0.00e+00	0.00e+00	0.00e+00	0.00e+00	0.00e+00	0.00e+00	5.70e-01	8.61e-02	5.47e-02
 2.63582e+16	7.21e-01	2.79e-01	2.35e-12	0.00e+00	0.00e+00	0.00e+00	0.00e+00	0.00e+00	0.00e+00	5.80e-01	8.61e-02	5.49e-02
 2.63676e+16	7.31e-01	2.69e-01	2.32e-12	0.00e+00	0.00e+00	0.00e+00	0.00e+00	0.00e+00	0.00e+00	5.90e-01	8.59e-02	5.51e-02
 2.63770e+16	7.42e-01	2.58e-01	2.28e-12	0.00e+00	0.00e+00	0.00e+00	0.00e+00	0.00e+00	0.00e+00	6.01e-01	8.57e-02	5.52e-02
 2.63861e+16	7.51e-01	2.49e-01	2.25e-12	0.00e+00	0.00e+00	0.00e+00	0.00e+00	0.00e+00	0.00e+00	6.11e-01	8.54e-02	5.53e-02
 2.63950e+16	7.61e-01	2.39e-01	2.22e-12	0.00e+00	0.00e+00	0.00e+00	0.00e+00	0.00e+00	0.00e+00	6.20e-01	8.52e-02	5.53e-02
 2.64041e+16	7.70e-01	2.30e-01	2.18e-12	0.00e+00	0.00e+00	0.00e+00	0.00e+00	0.00e+00	0.00e+00	6.30e-01	8.48e-02	5.53e-02
 2.64134e+16	7.79e-01	2.21e-01	2.14e-12	0.00e+00	0.00e+00	0.00e+00	0.00e+00	0.00e+00	0.00e+00	6.40e-01	8.44e-02	5.53e-02
 2.64224e+16	7.88e-01	2.12e-01	2.10e-12	0.00e+00	0.00e+00	0.00e+00	0.00e+00	0.00e+00	0.00e+00	6.49e-01	8.39e-02	5.52e-02
 2.64311e+16	7.97e-01	2.03e-01	2.06e-12	0.00e+00	0.00e+00	0.00e+00	0.00e+00	0.00e+00	0.00e+00	6.58e-01	8.33e-02	5.51e-02
 2.64398e+16	8.05e-01	1.95e-01	2.03e-12	0.00e+00	0.00e+00	0.00e+00	0.00e+00	0.00e+00	0.00e+00	6.67e-01	8.28e-02	5.49e-02
 2.64484e+16	8.13e-01	1.87e-01	1.99e-12	0.00e+00	0.00e+00	0.00e+00	0.00e+00	0.00e+00	0.00e+00	6.76e-01	8.22e-02	5.47e-02
 2.64571e+16	8.20e-01	1.80e-01	1.95e-12	0.00e+00	0.00e+00	0.00e+00	0.00e+00	0.00e+00	0.00e+00	6.84e-01	8.16e-02	5.45e-02
 2.64658e+16	8.28e-01	1.72e-01	1.91e-12	0.00e+00	0.00e+00	0.00e+00	0.00e+00	0.00e+00	0.00e+00	6.93e-01	8.09e-02	5.43e-02
 2.64743e+16	8.35e-01	1.65e-01	1.87e-12	0.00e+00	0.00e+00	0.00e+00	0.00e+00	0.00e+00	0.00e+00	7.01e-01	8.03e-02	5.40e-02
 2.64826e+16	8.42e-01	1.58e-01	1.83e-12	0.00e+00	0.00e+00	0.00e+00	0.00e+00	0.00e+00	0.00e+00	7.09e-01	7.96e-02	5.37e-02
 2.64906e+16	8.48e-01	1.52e-01	1.79e-12	0.00e+00	0.00e+00	0.00e+00	0.00e+00	0.00e+00	0.00e+00	7.16e-01	7.89e-02	5.34e-02
 2.64986e+16	8.54e-01	1.46e-01	1.76e-12	0.00e+00	0.00e+00	0.00e+00	0.00e+00	0.00e+00	0.00e+00	7.23e-01	7.82e-02	5.31e-02
 2.65067e+16	8.60e-01	1.40e-01	1.72e-12	0.00e+00	0.00e+00	0.00e+00	0.00e+00	0.00e+00	0.00e+00	7.30e-01	7.75e-02	5.28e-02
 2.65146e+16	8.66e-01	1.34e-01	1.68e-12	0.00e+00	0.00e+00	0.00e+00	0.00e+00	0.00e+00	0.00e+00	7.37e-01	7.68e-02	5.24e-02
 2.65224e+16	8.71e-01	1.29e-01	1.65e-12	0.00e+00	0.00e+00	0.00e+00	0.00e+00	0.00e+00	0.00e+00	7.43e-01	7.61e-02	5.21e-02
 2.65302e+16	8.77e-01	1.23e-01	1.61e-12	0.00e+00	0.00e+00	0.00e+00	0.00e+00	0.00e+00	0.00e+00	7.49e-01	7.54e-02	5.17e-02
 2.65378e+16	8.82e-01	1.18e-01	1.57e-12	0.00e+00	0.00e+00	0.00e+00	0.00e+00	0.00e+00	0.00e+00	7.56e-01	7.47e-02	5.14e-02
 2.65453e+16	8.86e-01	1.14e-01	1.54e-12	0.00e+00	0.00e+00	0.00e+00	0.00e+00	0.00e+00	0.00e+00	7.62e-01	7.40e-02	5.10e-02
 2.65528e+16	8.91e-01	1.09e-01	1.50e-12	0.00e+00	0.00e+00	0.00e+00	0.00e+00	0.00e+00	0.00e+00	7.67e-01	7.33e-02	5.07e-02
 2.65604e+16	8.95e-01	1.05e-01	1.47e-12	0.00e+00	0.00e+00	0.00e+00	0.00e+00	0.00e+00	0.00e+00	7.72e-01	7.26e-02	5.03e-02
 2.65677e+16	9.00e-01	1.00e-01	1.44e-12	0.00e+00	0.00e+00	0.00e+00	0.00e+00	0.00e+00	0.00e+00	7.78e-01	7.19e-02	4.99e-02
 2.65750e+16	9.04e-01	9.63e-02	1.40e-12	0.00e+00	0.00e+00	0.00e+00	0.00e+00	0.00e+00	0.00e+00	7.83e-01	7.13e-02	4.95e-02
 2.65822e+16	9.07e-01	9.26e-02	1.37e-12	0.00e+00	0.00e+00	0.00e+00	0.00e+00	0.00e+00	0.00e+00	7.88e-01	7.07e-02	4.92e-02
 2.65895e+16	9.11e-01	8.88e-02	1.34e-12	0.00e+00	0.00e+00	0.00e+00	0.00e+00	0.00e+00	0.00e+00	7.92e-01	7.00e-02	4.88e-02
 2.65967e+16	9.15e-01	8.52e-02	1.31e-12	0.00e+00	0.00e+00	0.00e+00	0.00e+00	0.00e+00	0.00e+00	7.97e-01	6.93e-02	4.84e-02
 2.66037e+16	9.18e-01	8.18e-02	1.28e-12	0.00e+00	0.00e+00	0.00e+00	0.00e+00	0.00e+00	0.00e+00	8.01e-01	6.87e-02	4.80e-02
 2.66107e+16	9.22e-01	7.85e-02	1.25e-12	0.00e+00	0.00e+00	0.00e+00	0.00e+00	0.00e+00	0.00e+00	8.06e-01	6.81e-02	4.77e-02
 2.66177e+16	9.25e-01	7.55e-02	1.22e-12	0.00e+00	0.00e+00	0.00e+00	0.00e+00	0.00e+00	0.00e+00	8.10e-01	6.75e-02	4.74e-02
 2.66247e+16	9.28e-01	7.23e-02	1.19e-12	0.00e+00	0.00e+00	0.00e+00	0.00e+00	0.00e+00	0.00e+00	8.14e-01	6.69e-02	4.70e-02
 2.66316e+16	9.31e-01	6.94e-02	1.16e-12	0.00e+00	0.00e+00	0.00e+00	0.00e+00	0.00e+00	0.00e+00	8.18e-01	6.63e-02	4.66e-02
 2.66384e+16	9.33e-01	6.65e-02	1.13e-12	0.00e+00	0.00e+00	0.00e+00	0.00e+00	0.00e+00	0.00e+00	8.22e-01	6.57e-02	4.63e-02
 2.66451e+16	9.36e-01	6.39e-02	1.10e-12	0.00e+00	0.00e+00	0.00e+00	0.00e+00	0.00e+00	0.00e+00	8.25e-01	6.52e-02	4.60e-02
 2.66520e+16	9.39e-01	6.13e-02	1.07e-12	0.00e+00	0.00e+00	0.00e+00	0.00e+00	0.00e+00	0.00e+00	8.28e-01	6.46e-02	4.56e-02
 2.66588e+16	9.41e-01	5.89e-02	1.05e-12	0.00e+00	0.00e+00	0.00e+00	0.00e+00	0.00e+00	0.00e+00	8.32e-01	6.41e-02	4.53e-02
 2.66652e+16	9.43e-01	5.65e-02	1.02e-12	0.00e+00	0.00e+00	0.00e+00	0.00e+00	0.00e+00	0.00e+00	8.35e-01	6.36e-02	4.50e-02
 2.66716e+16	9.46e-01	5.42e-02	9.99e-13	0.00e+00	0.00e+00	0.00e+00	0.00e+00	0.00e+00	0.00e+00	8.38e-01	6.31e-02	4.46e-02
 2.66782e+16	9.48e-01	5.20e-02	9.74e-13	0.00e+00	0.00e+00	0.00e+00	0.00e+00	0.00e+00	0.00e+00	8.41e-01	6.26e-02	4.43e-02
 2.66849e+16	9.50e-01	4.99e-02	9.52e-13	0.00e+00	0.00e+00	0.00e+00	0.00e+00	0.00e+00	0.00e+00	8.44e-01	6.21e-02	4.40e-02
 2.66913e+16	9.52e-01	4.79e-02	9.28e-13	0.00e+00	0.00e+00	0.00e+00	0.00e+00	0.00e+00	0.00e+00	8.47e-01	6.16e-02	4.37e-02
 2.66975e+16	9.54e-01	4.60e-02	9.07e-13	0.00e+00	0.00e+00	0.00e+00	0.00e+00	0.00e+00	0.00e+00	8.49e-01	6.11e-02	4.34e-02
 2.67037e+16	9.56e-01	4.41e-02	8.85e-13	0.00e+00	0.00e+00	0.00e+00	0.00e+00	0.00e+00	0.00e+00	8.52e-01	6.07e-02	4.31e-02
 2.67099e+16	9.58e-01	4.23e-02	8.64e-13	0.00e+00	0.00e+00	0.00e+00	0.00e+00	0.00e+00	0.00e+00	8.55e-01	6.02e-02	4.28e-02
 2.67161e+16	9.59e-01	4.06e-02	8.44e-13	0.00e+00	0.00e+00	0.00e+00	0.00e+00	0.00e+00	0.00e+00	8.57e-01	5.98e-02	4.25e-02
 2.67221e+16	9.61e-01	3.90e-02	8.25e-13	0.00e+00	0.00e+00	0.00e+00	0.00e+00	0.00e+00	0.00e+00	8.59e-01	5.93e-02	4.22e-02
 2.67279e+16	9.63e-01	3.74e-02	8.06e-13	0.00e+00	0.00e+00	0.00e+00	0.00e+00	0.00e+00	0.00e+00	8.62e-01	5.89e-02	4.19e-02
 2.67336e+16	9.64e-01	3.59e-02	7.88e-13	0.00e+00	0.00e+00	0.00e+00	0.00e+00	0.00e+00	0.00e+00	8.64e-01	5.85e-02	4.17e-02
 2.67389e+16	9.65e-01	3.46e-02	7.72e-13	0.00e+00	0.00e+00	0.00e+00	0.00e+00	0.00e+00	0.00e+00	8.66e-01	5.81e-02	4.14e-02
 2.67439e+16	9.67e-01	3.33e-02	7.57e-13	0.00e+00	0.00e+00	0.00e+00	0.00e+00	0.00e+00	0.00e+00	8.68e-01	5.77e-02	4.11e-02
 2.67488e+16	9.68e-01	3.21e-02	7.43e-13	0.00e+00	0.00e+00	0.00e+00	0.00e+00	0.00e+00	0.00e+00	8.70e-01	5.73e-02	4.09e-02
 2.67537e+16	9.69e-01	3.09e-02	7.28e-13	0.00e+00	0.00e+00	0.00e+00	0.00e+00	0.00e+00	0.00e+00	8.71e-01	5.70e-02	4.06e-02
 2.67585e+16	9.70e-01	2.98e-02	7.15e-13	0.00e+00	0.00e+00	0.00e+00	0.00e+00	0.00e+00	0.00e+00	8.73e-01	5.66e-02	4.04e-02
 2.67633e+16	9.71e-01	2.86e-02	7.00e-13	0.00e+00	0.00e+00	0.00e+00	0.00e+00	0.00e+00	0.00e+00	8.75e-01	5.62e-02	4.01e-02
 2.67682e+16	9.73e-01	2.75e-02	6.86e-13	0.00e+00	0.00e+00	0.00e+00	0.00e+00	0.00e+00	0.00e+00	8.77e-01	5.58e-02	3.99e-02
 2.67733e+16	9.74e-01	2.63e-02	6.73e-13	0.00e+00	0.00e+00	0.00e+00	0.00e+00	0.00e+00	0.00e+00	8.79e-01	5.54e-02	3.96e-02
 2.67782e+16	9.75e-01	2.52e-02	6.60e-13	0.00e+00	0.00e+00	0.00e+00	0.00e+00	0.00e+00	0.00e+00	8.80e-01	5.50e-02	3.93e-02
 2.67825e+16	9.76e-01	2.43e-02	6.49e-13	0.00e+00	0.00e+00	0.00e+00	0.00e+00	0.00e+00	0.00e+00	8.82e-01	5.47e-02	3.90e-02
 2.67862e+16	9.77e-01	2.34e-02	6.38e-13	0.00e+00	0.00e+00	0.00e+00	0.00e+00	0.00e+00	0.00e+00	8.83e-01	5.43e-02	3.87e-02
 2.67897e+16	9.77e-01	2.26e-02	6.29e-13	0.00e+00	0.00e+00	0.00e+00	0.00e+00	0.00e+00	0.00e+00	8.85e-01	5.40e-02	3.85e-02
 2.67929e+16	9.78e-01	2.19e-02	6.20e-13	0.00e+00	0.00e+00	0.00e+00	0.00e+00	0.00e+00	0.00e+00	8.86e-01	5.37e-02	3.83e-02
 2.67960e+16	9.79e-01	2.13e-02	6.12e-13	0.00e+00	0.00e+00	0.00e+00	0.00e+00	0.00e+00	0.00e+00	8.87e-01	5.34e-02	3.81e-02
 2.67989e+16	9.79e-01	2.06e-02	6.04e-13	0.00e+00	0.00e+00	0.00e+00	0.00e+00	0.00e+00	0.00e+00	8.88e-01	5.32e-02	3.78e-02
 2.68015e+16	9.80e-01	2.00e-02	5.96e-13	0.00e+00	0.00e+00	0.00e+00	0.00e+00	0.00e+00	0.00e+00	8.89e-01	5.29e-02	3.76e-02
 2.68040e+16	9.81e-01	1.95e-02	5.89e-13	0.00e+00	0.00e+00	0.00e+00	0.00e+00	0.00e+00	0.00e+00	8.90e-01	5.26e-02	3.74e-02
 2.68062e+16	9.81e-01	1.90e-02	5.82e-13	0.00e+00	0.00e+00	0.00e+00	0.00e+00	0.00e+00	0.00e+00	8.91e-01	5.24e-02	3.72e-02
 2.68082e+16	9.81e-01	1.86e-02	5.76e-13	0.00e+00	0.00e+00	0.00e+00	0.00e+00	0.00e+00	0.00e+00	8.92e-01	5.22e-02	3.71e-02
 2.68101e+16	9.82e-01	1.82e-02	5.70e-13	0.00e+00	0.00e+00	0.00e+00	0.00e+00	0.00e+00	0.00e+00	8.93e-01	5.20e-02	3.69e-02
 2.68118e+16	9.82e-01	1.78e-02	5.64e-13	0.00e+00	0.00e+00	0.00e+00	0.00e+00	0.00e+00	0.00e+00	8.94e-01	5.18e-02	3.68e-02
 2.68133e+16	9.83e-01	1.75e-02	5.59e-13	0.00e+00	0.00e+00	0.00e+00	0.00e+00	0.00e+00	0.00e+00	8.94e-01	5.16e-02	3.66e-02
 2.68147e+16	9.83e-01	1.72e-02	5.54e-13	0.00e+00	0.00e+00	0.00e+00	0.00e+00	0.00e+00	0.00e+00	8.95e-01	5.15e-02	3.65e-02
 2.68162e+16	9.83e-01	1.69e-02	5.49e-13	0.00e+00	0.00e+00	0.00e+00	0.00e+00	0.00e+00	0.00e+00	8.95e-01	5.13e-02	3.64e-02
 2.68182e+16	9.84e-01	1.65e-02	5.42e-13	0.00e+00	0.00e+00	0.00e+00	0.00e+00	0.00e+00	0.00e+00	8.96e-01	5.09e-02	3.61e-02
 2.68203e+16	9.84e-01	1.60e-02	5.34e-13	0.00e+00	0.00e+00	0.00e+00	0.00e+00	0.00e+00	0.00e+00	8.97e-01	5.06e-02	3.59e-02
 2.68222e+16	9.84e-01	1.57e-02	5.26e-13	0.00e+00	0.00e+00	0.00e+00	0.00e+00	0.00e+00	0.00e+00	8.98e-01	5.03e-02	3.58e-02
 2.68240e+16	9.85e-01	1.53e-02	5.20e-13	0.00e+00	0.00e+00	0.00e+00	0.00e+00	0.00e+00	0.00e+00	8.99e-01	5.01e-02	3.56e-02
 2.68256e+16	9.85e-01	1.50e-02	5.14e-13	0.00e+00	0.00e+00	0.00e+00	0.00e+00	0.00e+00	0.00e+00	9.00e-01	4.99e-02	3.54e-02
 2.68271e+16	9.85e-01	1.47e-02	5.08e-13	0.00e+00	0.00e+00	0.00e+00	0.00e+00	0.00e+00	0.00e+00	9.00e-01	4.96e-02	3.53e-02
 2.68284e+16	9.86e-01	1.45e-02	5.03e-13	0.00e+00	0.00e+00	0.00e+00	0.00e+00	0.00e+00	0.00e+00	9.01e-01	4.95e-02	3.52e-02
 2.68299e+16	9.86e-01	1.42e-02	4.97e-13	0.00e+00	0.00e+00	0.00e+00	0.00e+00	0.00e+00	0.00e+00	9.01e-01	4.93e-02	3.50e-02
 2.68314e+16	9.86e-01	1.40e-02	4.90e-13	0.00e+00	0.00e+00	0.00e+00	0.00e+00	0.00e+00	0.00e+00	9.02e-01	4.90e-02	3.49e-02
 2.68329e+16	9.86e-01	1.37e-02	4.85e-13	0.00e+00	0.00e+00	0.00e+00	0.00e+00	0.00e+00	0.00e+00	9.03e-01	4.89e-02	3.47e-02
 2.68345e+16	9.87e-01	1.35e-02	4.78e-13	0.00e+00	0.00e+00	0.00e+00	0.00e+00	0.00e+00	0.00e+00	9.03e-01	4.87e-02	3.46e-02
 2.68361e+16	9.87e-01	1.32e-02	4.71e-13	0.00e+00	0.00e+00	0.00e+00	0.00e+00	0.00e+00	0.00e+00	9.04e-01	4.85e-02	3.44e-02
 2.68377e+16	9.87e-01	1.30e-02	4.65e-13	0.00e+00	0.00e+00	0.00e+00	0.00e+00	0.00e+00	0.00e+00	9.04e-01	4.83e-02	3.43e-02
 2.68394e+16	9.87e-01	1.27e-02	4.59e-13	0.00e+00	0.00e+00	0.00e+00	0.00e+00	0.00e+00	0.00e+00	9.05e-01	4.81e-02	3.41e-02
 2.68412e+16	9.88e-01	1.24e-02	4.51e-13	0.00e+00	0.00e+00	0.00e+00	0.00e+00	0.00e+00	0.00e+00	9.06e-01	4.78e-02	3.40e-02
 2.68429e+16	9.88e-01	1.22e-02	4.44e-13	0.00e+00	0.00e+00	0.00e+00	0.00e+00	0.00e+00	0.00e+00	9.06e-01	4.77e-02	3.38e-02
 2.68444e+16	9.88e-01	1.19e-02	4.38e-13	0.00e+00	0.00e+00	0.00e+00	0.00e+00	0.00e+00	0.00e+00	9.07e-01	4.75e-02	3.37e-02
 2.68458e+16	9.88e-01	1.17e-02	4.32e-13	0.00e+00	0.00e+00	0.00e+00	0.00e+00	0.00e+00	0.00e+00	9.07e-01	4.73e-02	3.35e-02
 2.68473e+16	9.88e-01	1.15e-02	4.26e-13	0.00e+00	0.00e+00	0.00e+00	0.00e+00	0.00e+00	0.00e+00	9.08e-01	4.71e-02	3.34e-02
 2.68489e+16	9.89e-01	1.13e-02	4.19e-13	0.00e+00	0.00e+00	0.00e+00	0.00e+00	0.00e+00	0.00e+00	9.09e-01	4.69e-02	3.32e-02
 2.68504e+16	9.89e-01	1.11e-02	4.13e-13	0.00e+00	0.00e+00	0.00e+00	0.00e+00	0.00e+00	0.00e+00	9.09e-01	4.68e-02	3.31e-02
 2.68520e+16	9.89e-01	1.09e-02	4.05e-13	0.00e+00	0.00e+00	0.00e+00	0.00e+00	0.00e+00	0.00e+00	9.10e-01	4.65e-02	3.29e-02
 2.68538e+16	9.89e-01	1.06e-02	3.97e-13	0.00e+00	0.00e+00	0.00e+00	0.00e+00	0.00e+00	0.00e+00	9.10e-01	4.63e-02	3.27e-02
 2.68553e+16	9.90e-01	1.04e-02	3.89e-13	0.00e+00	0.00e+00	0.00e+00	0.00e+00	0.00e+00	0.00e+00	9.11e-01	4.61e-02	3.25e-02
 2.68568e+16	9.90e-01	1.02e-02	3.83e-13	0.00e+00	0.00e+00	0.00e+00	0.00e+00	0.00e+00	0.00e+00	9.12e-01	4.59e-02	3.24e-02
 2.68581e+16	9.90e-01	1.00e-02	3.77e-13	0.00e+00	0.00e+00	0.00e+00	0.00e+00	0.00e+00	0.00e+00	9.12e-01	4.57e-02	3.22e-02
 2.68596e+16	9.90e-01	9.85e-03	3.70e-13	0.00e+00	0.00e+00	0.00e+00	0.00e+00	0.00e+00	0.00e+00	9.13e-01	4.55e-02	3.21e-02
 2.68614e+16	9.90e-01	9.59e-03	3.61e-13	0.00e+00	0.00e+00	0.00e+00	0.00e+00	0.00e+00	0.00e+00	9.13e-01	4.52e-02	3.18e-02
 2.68635e+16	9.91e-01	9.34e-03	3.53e-13	0.00e+00	0.00e+00	0.00e+00	0.00e+00	0.00e+00	0.00e+00	9.14e-01	4.50e-02	3.16e-02
 2.68653e+16	9.91e-01	9.11e-03	3.45e-13	0.00e+00	0.00e+00	0.00e+00	0.00e+00	0.00e+00	0.00e+00	9.15e-01	4.47e-02	3.13e-02
 2.68670e+16	9.91e-01	8.92e-03	3.38e-13	0.00e+00	0.00e+00	0.00e+00	0.00e+00	0.00e+00	0.00e+00	9.15e-01	4.45e-02	3.11e-02
 2.68685e+16	9.91e-01	8.75e-03	3.32e-13	0.00e+00	0.00e+00	0.00e+00	0.00e+00	0.00e+00	0.00e+00	9.16e-01	4.43e-02	3.10e-02
 2.68699e+16	9.91e-01	8.59e-03	3.26e-13	0.00e+00	0.00e+00	0.00e+00	0.00e+00	0.00e+00	0.00e+00	9.17e-01	4.41e-02	3.08e-02
 2.68715e+16	9.92e-01	8.42e-03	3.20e-13	0.00e+00	0.00e+00	0.00e+00	0.00e+00	0.00e+00	0.00e+00	9.17e-01	4.39e-02	3.06e-02
 2.68731e+16	9.92e-01	8.24e-03	3.14e-13	0.00e+00	0.00e+00	0.00e+00	0.00e+00	0.00e+00	0.00e+00	9.18e-01	4.36e-02	3.04e-02
 2.68746e+16	9.92e-01	8.08e-03	3.08e-13	0.00e+00	0.00e+00	0.00e+00	0.00e+00	0.00e+00	0.00e+00	9.18e-01	4.34e-02	3.02e-02
 2.68760e+16	9.92e-01	7.94e-03	3.03e-13	0.00e+00	0.00e+00	0.00e+00	0.00e+00	0.00e+00	0.00e+00	9.19e-01	4.32e-02	3.00e-02
 2.68775e+16	9.92e-01	7.79e-03	2.98e-13	0.00e+00	0.00e+00	0.00e+00	0.00e+00	0.00e+00	0.00e+00	9.19e-01	4.30e-02	2.99e-02
 2.68794e+16	9.92e-01	7.58e-03	2.91e-13	0.00e+00	0.00e+00	0.00e+00	0.00e+00	0.00e+00	0.00e+00	9.20e-01	4.27e-02	2.96e-02
 2.68815e+16	9.93e-01	7.42e-03	2.85e-13	0.00e+00	0.00e+00	0.00e+00	0.00e+00	0.00e+00	0.00e+00	9.21e-01	4.22e-02	2.93e-02
 2.68838e+16	9.93e-01	7.24e-03	2.78e-13	0.00e+00	0.00e+00	0.00e+00	0.00e+00	0.00e+00	0.00e+00	9.22e-01	4.17e-02	2.90e-02
 2.68863e+16	9.93e-01	7.04e-03	2.72e-13	0.00e+00	0.00e+00	0.00e+00	0.00e+00	0.00e+00	0.00e+00	9.23e-01	4.12e-02	2.86e-02
 2.68885e+16	9.93e-01	6.88e-03	2.66e-13	0.00e+00	0.00e+00	0.00e+00	0.00e+00	0.00e+00	0.00e+00	9.24e-01	4.07e-02	2.83e-02
 2.68910e+16	9.93e-01	6.70e-03	2.59e-13	0.00e+00	0.00e+00	0.00e+00	0.00e+00	0.00e+00	0.00e+00	9.25e-01	4.02e-02	2.80e-02
