#depth	H	H+	H2
 1.90248e+11	3.38e-03	9.97e-01	1.82e-11
 1.14149e+12	3.38e-03	9.97e-01	1.82e-11
 4.94645e+12	3.38e-03	9.97e-01	1.82e-11
 2.01663e+13	3.38e-03	9.97e-01	1.82e-11
 4.81708e+13	3.34e-03	9.97e-01	1.81e-11
 8.45767e+13	3.31e-03	9.97e-01	1.78e-11
 1.31904e+14	3.28e-03	9.97e-01	1.76e-11
 1.93430e+14	3.25e-03	9.97e-01	1.74e-11
 2.73414e+14	3.21e-03	9.97e-01	1.72e-11
 3.77393e+14	3.17e-03	9.97e-01	1.70e-11
 5.12565e+14	3.13e-03	9.97e-01	1.68e-11
 6.88290e+14	3.08e-03	9.97e-01	1.66e-11
 8.83178e+14	3.01e-03	9.97e-01	1.61e-11
 1.06571e+15	2.93e-03	9.97e-01	1.55e-11
 1.26573e+15	2.89e-03	9.97e-01	1.51e-11
 1.52575e+15	2.83e-03	9.97e-01	1.47e-11
 1.77616e+15	2.73e-03	9.97e-01	1.40e-11
 1.97045e+15	2.67e-03	9.97e-01	1.33e-11
 2.17943e+15	2.63e-03	9.97e-01	1.30e-11
 2.45109e+15	2.59e-03	9.97e-01	1.27e-11
 2.73488e+15	2.52e-03	9.97e-01	1.22e-11
 3.00836e+15	2.47e-03	9.98e-01	1.18e-11
 3.30920e+15	2.43e-03	9.98e-01	1.15e-11
 3.64012e+15	2.39e-03	9.98e-01	1.12e-11
 3.96523e+15	2.34e-03	9.98e-01	1.08e-11
 4.24604e+15	2.31e-03	9.98e-01	1.05e-11
 4.47537e+15	2.27e-03	9.98e-01	1.02e-11
 4.66940e+15	2.25e-03	9.98e-01	1.00e-11
 4.88500e+15	2.23e-03	9.98e-01	9.83e-12
 5.11984e+15	2.19e-03	9.98e-01	9.54e-12
 5.32758e+15	2.15e-03	9.98e-01	9.20e-12
 5.50663e+15	2.11e-03	9.98e-01	8.84e-12
 5.70050e+15	2.08e-03	9.98e-01	8.49e-12
 5.91643e+15	2.03e-03	9.98e-01	8.09e-12
 6.12367e+15	1.99e-03	9.98e-01	7.77e-12
 6.35569e+15	1.97e-03	9.98e-01	7.60e-12
 6.65731e+15	1.99e-03	9.98e-01	7.71e-12
 6.96991e+15	2.02e-03	9.98e-01	8.10e-12
 7.21740e+15	2.08e-03	9.98e-01	8.71e-12
 7.38796e+15	2.13e-03	9.98e-01	9.35e-12
 7.50422e+15	2.18e-03	9.98e-01	9.88e-12
 7.62168e+15	2.24e-03	9.98e-01	1.05e-11
 7.77438e+15	2.33e-03	9.98e-01	1.15e-11
 7.93924e+15	2.44e-03	9.98e-01	1.29e-11
 8.08925e+15	2.56e-03	9.97e-01	1.45e-11
 8.22576e+15	2.68e-03	9.97e-01	1.63e-11
 8.34999e+15	2.80e-03	9.97e-01	1.83e-11
 8.46304e+15	2.92e-03	9.97e-01	2.03e-11
 8.56591e+15	3.03e-03	9.97e-01	2.23e-11
 8.65953e+15	3.13e-03	9.97e-01	2.42e-11
 8.73120e+15	3.20e-03	9.97e-01	2.59e-11
 8.77840e+15	3.25e-03	9.97e-01	2.70e-11
 8.82467e+15	3.29e-03	9.97e-01	2.79e-11
 8.88483e+15	3.34e-03	9.97e-01	2.91e-11
 8.95140e+15	3.40e-03	9.97e-01	3.04e-11
 9.01208e+15	3.45e-03	9.97e-01	3.16e-11
 9.06684e+15	3.49e-03	9.97e-01	3.27e-11
 9.12815e+15	3.52e-03	9.96e-01	3.37e-11
 9.20784e+15	3.57e-03	9.96e-01	3.50e-11
 9.31144e+15	3.61e-03	9.96e-01	3.62e-11
 9.44612e+15	3.66e-03	9.96e-01	3.77e-11
 9.62121e+15	3.72e-03	9.96e-01	3.89e-11
 9.84882e+15	3.79e-03	9.96e-01	4.03e-11
 1.01447e+16	3.89e-03	9.96e-01	4.19e-11
 1.05294e+16	4.01e-03	9.96e-01	4.39e-11
 1.10186e+16	4.18e-03	9.96e-01	4.65e-11
 1.15396e+16	4.40e-03	9.96e-01	5.01e-11
 1.20108e+16	4.62e-03	9.95e-01	5.36e-11
 1.24338e+16	4.83e-03	9.95e-01	5.69e-11
 1.28199e+16	5.02e-03	9.95e-01	5.99e-11
 1.31763e+16	5.21e-03	9.95e-01	6.27e-11
 1.35084e+16	5.40e-03	9.95e-01	6.52e-11
 1.38208e+16	5.57e-03	9.94e-01	6.76e-11
 1.41157e+16	5.75e-03	9.94e-01	6.98e-11
 1.43933e+16	5.91e-03	9.94e-01	7.16e-11
 1.46531e+16	6.07e-03	9.94e-01	7.33e-11
 1.48974e+16	6.22e-03	9.94e-01	7.48e-11
 1.51303e+16	6.36e-03	9.94e-01	7.60e-11
 1.53532e+16	6.50e-03	9.94e-01	7.70e-11
 1.55667e+16	6.63e-03	9.93e-01	7.79e-11
 1.57715e+16	6.76e-03	9.93e-01	7.86e-11
 1.59688e+16	6.88e-03	9.93e-01	7.92e-11
 1.61594e+16	7.01e-03	9.93e-01	7.99e-11
 1.63503e+16	7.12e-03	9.93e-01	7.99e-11
 1.65367e+16	7.24e-03	9.93e-01	8.02e-11
 1.67118e+16	7.35e-03	9.93e-01	8.03e-11
 1.68827e+16	7.46e-03	9.93e-01	8.02e-11
 1.70517e+16	7.57e-03	9.92e-01	7.99e-11
 1.72189e+16	7.68e-03	9.92e-01	7.95e-11
 1.73849e+16	7.79e-03	9.92e-01	7.88e-11
 1.75505e+16	7.90e-03	9.92e-01	7.78e-11
 1.77166e+16	8.02e-03	9.92e-01	7.65e-11
 1.78840e+16	8.15e-03	9.92e-01	7.45e-11
 1.80534e+16	8.29e-03	9.92e-01	7.18e-11
 1.82257e+16	8.44e-03	9.92e-01	6.83e-11
 1.84014e+16	8.59e-03	9.91e-01	6.34e-11
 1.85770e+16	8.77e-03	9.91e-01	5.86e-11
 1.87589e+16	8.96e-03	9.91e-01	5.25e-11
 1.89526e+16	9.18e-03	9.91e-01	4.60e-11
 1.91512e+16	9.43e-03	9.91e-01	3.96e-11
 1.93535e+16	9.70e-03	9.90e-01	3.36e-11
 1.95611e+16	1.00e-02	9.90e-01	2.81e-11
 1.97748e+16	1.03e-02	9.90e-01	2.35e-11
 1.99943e+16	1.07e-02	9.89e-01	1.96e-11
 2.02190e+16	1.12e-02	9.89e-01	1.64e-11
 2.04486e+16	1.16e-02	9.88e-01	1.39e-11
 2.06824e+16	1.22e-02	9.88e-01	1.20e-11
 2.09199e+16	1.28e-02	9.87e-01	1.04e-11
 2.11601e+16	1.34e-02	9.87e-01	9.30e-12
 2.14017e+16	1.42e-02	9.86e-01	8.44e-12
 2.16438e+16	1.50e-02	9.85e-01	7.80e-12
 2.18853e+16	1.60e-02	9.84e-01	7.35e-12
 2.21253e+16	1.70e-02	9.83e-01	7.05e-12
 2.23630e+16	1.82e-02	9.82e-01	6.87e-12
 2.25976e+16	1.96e-02	9.80e-01	6.78e-12
 2.28285e+16	2.11e-02	9.79e-01	6.79e-12
 2.30552e+16	2.28e-02	9.77e-01	6.88e-12
 2.32773e+16	2.48e-02	9.75e-01	7.04e-12
 2.34945e+16	2.70e-02	9.73e-01	7.27e-12
 2.37068e+16	2.96e-02	9.70e-01	7.59e-12
 2.39141e+16	3.25e-02	9.67e-01	7.98e-12
 2.41165e+16	3.61e-02	9.64e-01	8.48e-12
 2.43145e+16	4.03e-02	9.60e-01	9.09e-12
 2.45084e+16	4.53e-02	9.55e-01	9.86e-12
 2.46988e+16	5.16e-02	9.48e-01	1.08e-11
 2.48865e+16	5.95e-02	9.41e-01	1.21e-11
 2.50714e+16	6.97e-02	9.30e-01	1.38e-11
 2.52426e+16	8.30e-02	9.17e-01	1.61e-11
 2.53848e+16	9.85e-02	9.01e-01	1.90e-11
 2.54977e+16	1.15e-01	8.85e-01	2.22e-11
 2.55934e+16	1.32e-01	8.68e-01	2.58e-11
 2.56832e+16	1.53e-01	8.47e-01	3.02e-11
 2.57701e+16	1.78e-01	8.22e-01	3.59e-11
 2.58513e+16	2.09e-01	7.91e-01	4.37e-11
 2.59239e+16	2.44e-01	7.56e-01	5.36e-11
 2.59867e+16	2.82e-01	7.18e-01	6.57e-11
 2.60377e+16	3.20e-01	6.80e-01	7.96e-11
 2.60756e+16	3.52e-01	6.48e-01	9.32e-11
 2.61045e+16	3.79e-01	6.21e-01	1.06e-10
 2.61296e+16	4.03e-01	5.97e-01	1.19e-10
 2.61539e+16	4.28e-01	5.72e-01	1.34e-10
 2.61774e+16	4.53e-01	5.47e-01	1.50e-10
 2.61982e+16	4.77e-01	5.23e-01	1.68e-10
 2.62163e+16	4.98e-01	5.02e-01	1.85e-10
 2.62328e+16	5.18e-01	4.82e-01	2.04e-10
 2.62485e+16	5.37e-01	4.63e-01	2.22e-10
 2.62619e+16	5.54e-01	4.46e-01	2.42e-10
 2.62715e+16	5.66e-01	4.34e-01	2.56e-10
 2.62800e+16	5.76e-01	4.24e-01	2.69e-10
 2.62898e+16	5.89e-01	4.11e-01	2.88e-10
 2.63004e+16	6.02e-01	3.98e-01	3.08e-10
 2.63106e+16	6.15e-01	3.85e-01	3.29e-10
 2.63203e+16	6.27e-01	3.73e-01	3.49e-10
 2.63298e+16	6.39e-01	3.61e-01	3.73e-10
 2.63395e+16	6.51e-01	3.49e-01	3.99e-10
 2.63489e+16	6.62e-01	3.38e-01	4.26e-10
 2.63582e+16	6.73e-01	3.27e-01	4.52e-10
 2.63676e+16	6.85e-01	3.15e-01	4.85e-10
 2.63770e+16	6.96e-01	3.04e-01	5.19e-10
 2.63861e+16	7.07e-01	2.93e-01	5.54e-10
 2.63950e+16	7.17e-01	2.83e-01	5.87e-10
 2.64041e+16	7.28e-01	2.72e-01	6.28e-10
 2.64134e+16	7.38e-01	2.62e-01	6.72e-10
 2.64224e+16	7.48e-01	2.52e-01	7.20e-10
 2.64311e+16	7.58e-01	2.42e-01	7.73e-10
 2.64398e+16	7.67e-01	2.33e-01	8.28e-10
 2.64484e+16	7.76e-01	2.24e-01	8.75e-10
 2.64571e+16	7.84e-01	2.16e-01	9.38e-10
 2.64658e+16	7.93e-01	2.07e-01	1.00e-09
 2.64743e+16	8.01e-01	1.99e-01	1.07e-09
 2.64826e+16	8.09e-01	1.91e-01	1.15e-09
 2.64906e+16	8.16e-01	1.84e-01	1.22e-09
 2.64986e+16	8.23e-01	1.77e-01	1.30e-09
 2.65067e+16	8.30e-01	1.70e-01	1.40e-09
 2.65146e+16	8.37e-01	1.63e-01	1.49e-09
 2.65224e+16	8.43e-01	1.57e-01	1.57e-09
 2.65302e+16	8.49e-01	1.51e-01	1.68e-09
 2.65378e+16	8.55e-01	1.45e-01	1.80e-09
 2.65453e+16	8.61e-01	1.39e-01	1.92e-09
 2.65528e+16	8.66e-01	1.34e-01	2.02e-09
 2.65604e+16	8.72e-01	1.28e-01	2.16e-09
 2.65677e+16	8.77e-01	1.23e-01	2.32e-09
 2.65750e+16	8.82e-01	1.18e-01	2.48e-09
 2.65822e+16	8.86e-01	1.14e-01	2.60e-09
 2.65895e+16	8.91e-01	1.09e-01	2.79e-09
 2.65967e+16	8.95e-01	1.05e-01	2.98e-09
 2.66037e+16	8.99e-01	1.01e-01	3.20e-09
 2.66107e+16	9.03e-01	9.71e-02	3.43e-09
 2.66177e+16	9.07e-01	9.35e-02	3.61e-09
 2.66247e+16	9.10e-01	8.97e-02	3.91e-09
 2.66316e+16	9.14e-01	8.61e-02	4.22e-09
 2.66384e+16	9.17e-01	8.27e-02	4.54e-09
 2.66451e+16	9.20e-01	7.96e-02	4.82e-09
 2.66520e+16	9.24e-01	7.64e-02	5.23e-09
 2.66588e+16	9.27e-01	7.34e-02	5.65e-09
 2.66652e+16	9.29e-01	7.05e-02	6.13e-09
 2.66716e+16	9.32e-01	6.77e-02	6.66e-09
 2.66782e+16	9.35e-01	6.51e-02	7.24e-09
 2.66849e+16	9.37e-01	6.25e-02	7.85e-09
 2.66913e+16	9.40e-01	6.00e-02	8.63e-09
 2.66975e+16	9.42e-01	5.77e-02	9.46e-09
 2.67037e+16	9.45e-01	5.54e-02	1.04e-08
 2.67099e+16	9.47e-01	5.32e-02	1.16e-08
 2.67161e+16	9.49e-01	5.11e-02	1.28e-08
 2.67221e+16	9.51e-01	4.92e-02	1.43e-08
 2.67279e+16	9.53e-01	4.72e-02	1.59e-08
 2.67336e+16	9.55e-01	4.54e-02	1.78e-08
 2.67389e+16	9.56e-01	4.38e-02	1.99e-08
 2.67439e+16	9.58e-01	4.22e-02	2.22e-08
 2.67488e+16	9.59e-01	4.07e-02	2.46e-08
 2.67537e+16	9.61e-01	3.93e-02	2.74e-08
 2.67585e+16	9.62e-01	3.79e-02	3.05e-08
 2.67633e+16	9.64e-01	3.65e-02	3.37e-08
 2.67682e+16	9.65e-01	3.51e-02	3.72e-08
 2.67733e+16	9.66e-01	3.37e-02	4.11e-08
 2.67782e+16	9.68e-01	3.23e-02	4.44e-08
 2.67825e+16	9.69e-01	3.11e-02	4.69e-08
 2.67862e+16	9.70e-01	3.01e-02	4.88e-08
 2.67897e+16	9.71e-01	2.92e-02	5.03e-08
 2.67929e+16	9.72e-01	2.83e-02	5.14e-08
 2.67960e+16	9.72e-01	2.75e-02	5.23e-08
 2.67989e+16	9.73e-01	2.67e-02	5.30e-08
 2.68015e+16	9.74e-01	2.60e-02	5.35e-08
 2.68040e+16	9.75e-01	2.54e-02	5.40e-08
 2.68062e+16	9.75e-01	2.48e-02	5.44e-08
 2.68082e+16	9.76e-01	2.43e-02	5.48e-08
 2.68101e+16	9.76e-01	2.38e-02	5.52e-08
 2.68118e+16	9.77e-01	2.34e-02	5.56e-08
 2.68133e+16	9.77e-01	2.30e-02	5.60e-08
 2.68147e+16	9.77e-01	2.26e-02	5.64e-08
 2.68162e+16	9.78e-01	2.23e-02	5.68e-08
 2.68182e+16	9.78e-01	2.18e-02	5.75e-08
 2.68203e+16	9.79e-01	2.12e-02	5.83e-08
 2.68222e+16	9.79e-01	2.08e-02	5.91e-08
 2.68240e+16	9.80e-01	2.04e-02	5.98e-08
 2.68256e+16	9.80e-01	2.00e-02	6.05e-08
 2.68271e+16	9.80e-01	1.97e-02	6.13e-08
 2.68284e+16	9.81e-01	1.94e-02	6.20e-08
 2.68299e+16	9.81e-01	1.91e-02	6.27e-08
 2.68314e+16	9.81e-01	1.88e-02	6.36e-08
 2.68329e+16	9.82e-01	1.85e-02	6.43e-08
 2.68345e+16	9.82e-01	1.82e-02	6.52e-08
 2.68361e+16	9.82e-01	1.78e-02	6.62e-08
 2.68377e+16	9.82e-01	1.76e-02	6.71e-08
 2.68394e+16	9.83e-01	1.72e-02	6.82e-08
 2.68412e+16	9.83e-01	1.69e-02	6.95e-08
 2.68429e+16	9.83e-01	1.66e-02	7.06e-08
 2.68444e+16	9.84e-01	1.63e-02	7.17e-08
 2.68458e+16	9.84e-01	1.61e-02	7.26e-08
 2.68473e+16	9.84e-01	1.58e-02	7.37e-08
 2.68489e+16	9.84e-01	1.56e-02	7.51e-08
 2.68504e+16	9.85e-01	1.53e-02	7.62e-08
 2.68520e+16	9.85e-01	1.50e-02	7.77e-08
 2.68538e+16	9.85e-01	1.47e-02	7.95e-08
 2.68553e+16	9.86e-01	1.45e-02	8.11e-08
 2.68568e+16	9.86e-01	1.43e-02	8.25e-08
 2.68581e+16	9.86e-01	1.40e-02	8.38e-08
 2.68596e+16	9.86e-01	1.38e-02	8.52e-08
 2.68614e+16	9.86e-01	1.35e-02	8.76e-08
 2.68635e+16	9.87e-01	1.32e-02	8.99e-08
 2.68653e+16	9.87e-01	1.29e-02	9.20e-08
 2.68670e+16	9.87e-01	1.27e-02	9.39e-08
 2.68685e+16	9.87e-01	1.25e-02	9.56e-08
 2.68699e+16	9.88e-01	1.23e-02	9.71e-08
 2.68715e+16	9.88e-01	1.21e-02	9.91e-08
 2.68731e+16	9.88e-01	1.19e-02	1.01e-07
 2.68746e+16	9.88e-01	1.17e-02	1.03e-07
 2.68760e+16	9.88e-01	1.15e-02	1.05e-07
 2.68775e+16	9.89e-01	1.13e-02	1.06e-07
 2.68794e+16	9.89e-01	1.11e-02	1.09e-07
 2.68815e+16	9.89e-01	1.09e-02	1.11e-07
 2.68838e+16	9.89e-01	1.07e-02	1.13e-07
 2.68863e+16	9.90e-01	1.04e-02	1.15e-07
 2.68885e+16	9.90e-01	1.02e-02	1.17e-07
 2.68910e+16	9.90e-01	9.97e-03	1.19e-07
