#depth	O	O+	O+2	O+3	O+4	O+5	O+6	O+7	O+8	O[1]	O[2]	O[3]
 1.90248e+11	4.34e-05	3.11e-02	9.31e-01	3.75e-02	1.34e-06	0.00e+00	0.00e+00	0.00e+00	0.00e+00	3.58e-05	4.98e-06	2.64e-06
 1.14149e+12	4.34e-05	3.11e-02	9.32e-01	3.73e-02	1.33e-06	0.00e+00	0.00e+00	0.00e+00	0.00e+00	3.58e-05	4.97e-06	2.64e-06
 4.94645e+12	4.35e-05	3.12e-02	9.32e-01	3.67e-02	1.29e-06	0.00e+00	0.00e+00	0.00e+00	0.00e+00	3.59e-05	4.98e-06	2.64e-06
 2.01663e+13	4.38e-05	3.14e-02	9.34e-01	3.45e-02	1.17e-06	0.00e+00	0.00e+00	0.00e+00	0.00e+00	3.61e-05	5.01e-06	2.66e-06
 4.81708e+13	4.37e-05	3.16e-02	9.37e-01	3.13e-02	9.83e-07	0.00e+00	0.00e+00	0.00e+00	0.00e+00	3.60e-05	4.98e-06	2.65e-06
 8.45767e+13	4.37e-05	3.19e-02	9.41e-01	2.75e-02	7.87e-07	0.00e+00	0.00e+00	0.00e+00	0.00e+00	3.60e-05	4.97e-06	2.65e-06
 1.31904e+14	4.38e-05	3.23e-02	9.44e-01	2.32e-02	5.89e-07	0.00e+00	0.00e+00	0.00e+00	0.00e+00	3.61e-05	4.98e-06	2.66e-06
 1.93430e+14	4.40e-05	3.28e-02	9.49e-01	1.86e-02	4.04e-07	0.00e+00	0.00e+00	0.00e+00	0.00e+00	3.63e-05	5.00e-06	2.68e-06
 2.73414e+14	4.45e-05	3.35e-02	9.53e-01	1.39e-02	2.46e-07	0.00e+00	0.00e+00	0.00e+00	0.00e+00	3.68e-05	5.04e-06	2.72e-06
 3.77393e+14	4.54e-05	3.45e-02	9.56e-01	9.49e-03	1.29e-07	0.00e+00	0.00e+00	0.00e+00	0.00e+00	3.75e-05	5.12e-06	2.78e-06
 5.12565e+14	4.67e-05	3.60e-02	9.58e-01	5.76e-03	0.00e+00	0.00e+00	0.00e+00	0.00e+00	0.00e+00	3.86e-05	5.25e-06	2.87e-06
 6.88290e+14	4.87e-05	3.80e-02	9.59e-01	3.01e-03	0.00e+00	0.00e+00	0.00e+00	0.00e+00	0.00e+00	4.03e-05	5.44e-06	2.99e-06
 8.84936e+14	5.05e-05	4.04e-02	9.58e-01	1.47e-03	0.00e+00	0.00e+00	0.00e+00	0.00e+00	0.00e+00	4.18e-05	5.60e-06	3.11e-06
 1.07596e+15	5.25e-05	4.30e-02	9.56e-01	7.41e-04	0.00e+00	0.00e+00	0.00e+00	0.00e+00	0.00e+00	4.34e-05	5.80e-06	3.24e-06
 1.29146e+15	5.59e-05	4.63e-02	9.53e-01	3.38e-04	0.00e+00	0.00e+00	0.00e+00	0.00e+00	0.00e+00	4.63e-05	6.15e-06	3.45e-06
 1.51532e+15	5.87e-05	5.00e-02	9.50e-01	1.54e-04	0.00e+00	0.00e+00	0.00e+00	0.00e+00	0.00e+00	4.86e-05	6.44e-06	3.63e-06
 1.71273e+15	6.17e-05	5.37e-02	9.46e-01	7.70e-05	0.00e+00	0.00e+00	0.00e+00	0.00e+00	0.00e+00	5.12e-05	6.76e-06	3.83e-06
 1.93205e+15	6.65e-05	5.84e-02	9.41e-01	3.55e-05	0.00e+00	0.00e+00	0.00e+00	0.00e+00	0.00e+00	5.51e-05	7.27e-06	4.13e-06
 2.21717e+15	7.35e-05	6.53e-02	9.35e-01	1.33e-05	0.00e+00	0.00e+00	0.00e+00	0.00e+00	0.00e+00	6.09e-05	8.03e-06	4.58e-06
 2.58782e+15	8.45e-05	7.59e-02	9.24e-01	3.90e-06	0.00e+00	0.00e+00	0.00e+00	0.00e+00	0.00e+00	7.00e-05	9.22e-06	5.28e-06
 2.93719e+15	9.44e-05	8.82e-02	9.12e-01	1.29e-06	0.00e+00	0.00e+00	0.00e+00	0.00e+00	0.00e+00	7.81e-05	1.03e-05	5.95e-06
 3.23091e+15	1.07e-04	1.01e-01	8.99e-01	5.21e-07	0.00e+00	0.00e+00	0.00e+00	0.00e+00	0.00e+00	8.88e-05	1.18e-05	6.80e-06
 3.55400e+15	1.25e-04	1.19e-01	8.80e-01	2.02e-07	0.00e+00	0.00e+00	0.00e+00	0.00e+00	0.00e+00	1.04e-04	1.38e-05	7.98e-06
 3.88967e+15	1.50e-04	1.44e-01	8.56e-01	0.00e+00	0.00e+00	0.00e+00	0.00e+00	0.00e+00	0.00e+00	1.24e-04	1.65e-05	9.59e-06
 4.20379e+15	1.80e-04	1.75e-01	8.25e-01	0.00e+00	0.00e+00	0.00e+00	0.00e+00	0.00e+00	0.00e+00	1.48e-04	1.99e-05	1.16e-05
 4.48312e+15	2.16e-04	2.12e-01	7.88e-01	0.00e+00	0.00e+00	0.00e+00	0.00e+00	0.00e+00	0.00e+00	1.78e-04	2.41e-05	1.41e-05
 4.71861e+15	2.57e-04	2.53e-01	7.46e-01	0.00e+00	0.00e+00	0.00e+00	0.00e+00	0.00e+00	0.00e+00	2.12e-04	2.87e-05	1.68e-05
 4.91729e+15	3.01e-04	2.98e-01	7.02e-01	0.00e+00	0.00e+00	0.00e+00	0.00e+00	0.00e+00	0.00e+00	2.48e-04	3.38e-05	1.98e-05
 5.13539e+15	3.65e-04	3.58e-01	6.41e-01	0.00e+00	0.00e+00	0.00e+00	0.00e+00	0.00e+00	0.00e+00	2.99e-04	4.11e-05	2.40e-05
 5.37000e+15	4.49e-04	4.41e-01	5.58e-01	0.00e+00	0.00e+00	0.00e+00	0.00e+00	0.00e+00	0.00e+00	3.68e-04	5.09e-05	2.98e-05
 5.56957e+15	5.37e-04	5.29e-01	4.70e-01	0.00e+00	0.00e+00	0.00e+00	0.00e+00	0.00e+00	0.00e+00	4.40e-04	6.14e-05	3.59e-05
 5.73840e+15	6.24e-04	6.13e-01	3.86e-01	0.00e+00	0.00e+00	0.00e+00	0.00e+00	0.00e+00	0.00e+00	5.10e-04	7.18e-05	4.19e-05
 5.92373e+15	7.24e-04	7.07e-01	2.92e-01	0.00e+00	0.00e+00	0.00e+00	0.00e+00	0.00e+00	0.00e+00	5.91e-04	8.39e-05	4.89e-05
 6.16467e+15	8.48e-04	8.17e-01	1.82e-01	0.00e+00	0.00e+00	0.00e+00	0.00e+00	0.00e+00	0.00e+00	6.92e-04	9.89e-05	5.76e-05
 6.43239e+15	9.60e-04	9.08e-01	9.15e-02	0.00e+00	0.00e+00	0.00e+00	0.00e+00	0.00e+00	0.00e+00	7.82e-04	1.12e-04	6.53e-05
 6.68560e+15	1.04e-03	9.57e-01	4.21e-02	0.00e+00	0.00e+00	0.00e+00	0.00e+00	0.00e+00	0.00e+00	8.48e-04	1.21e-04	7.07e-05
 6.92190e+15	1.10e-03	9.80e-01	1.93e-02	0.00e+00	0.00e+00	0.00e+00	0.00e+00	0.00e+00	0.00e+00	9.00e-04	1.28e-04	7.47e-05
 7.14774e+15	1.16e-03	9.90e-01	8.81e-03	0.00e+00	0.00e+00	0.00e+00	0.00e+00	0.00e+00	0.00e+00	9.52e-04	1.34e-04	7.83e-05
 7.36588e+15	1.23e-03	9.95e-01	4.03e-03	0.00e+00	0.00e+00	0.00e+00	0.00e+00	0.00e+00	0.00e+00	1.01e-03	1.40e-04	8.20e-05
 7.54283e+15	1.30e-03	9.97e-01	2.06e-03	0.00e+00	0.00e+00	0.00e+00	0.00e+00	0.00e+00	0.00e+00	1.06e-03	1.45e-04	8.55e-05
 7.66057e+15	1.35e-03	9.97e-01	1.31e-03	0.00e+00	0.00e+00	0.00e+00	0.00e+00	0.00e+00	0.00e+00	1.11e-03	1.50e-04	8.82e-05
 7.75317e+15	1.39e-03	9.98e-01	9.12e-04	0.00e+00	0.00e+00	0.00e+00	0.00e+00	0.00e+00	0.00e+00	1.15e-03	1.54e-04	9.07e-05
 7.85641e+15	1.45e-03	9.98e-01	6.04e-04	0.00e+00	0.00e+00	0.00e+00	0.00e+00	0.00e+00	0.00e+00	1.20e-03	1.58e-04	9.37e-05
 7.99062e+15	1.54e-03	9.98e-01	3.51e-04	0.00e+00	0.00e+00	0.00e+00	0.00e+00	0.00e+00	0.00e+00	1.27e-03	1.65e-04	9.79e-05
 8.13551e+15	1.64e-03	9.98e-01	1.90e-04	0.00e+00	0.00e+00	0.00e+00	0.00e+00	0.00e+00	0.00e+00	1.36e-03	1.73e-04	1.03e-04
 8.26736e+15	1.75e-03	9.98e-01	1.06e-04	0.00e+00	0.00e+00	0.00e+00	0.00e+00	0.00e+00	0.00e+00	1.46e-03	1.81e-04	1.08e-04
 8.38734e+15	1.85e-03	9.98e-01	6.09e-05	0.00e+00	0.00e+00	0.00e+00	0.00e+00	0.00e+00	0.00e+00	1.55e-03	1.89e-04	1.13e-04
 8.49653e+15	1.95e-03	9.98e-01	3.62e-05	0.00e+00	0.00e+00	0.00e+00	0.00e+00	0.00e+00	0.00e+00	1.64e-03	1.96e-04	1.18e-04
 8.59588e+15	2.04e-03	9.98e-01	2.21e-05	0.00e+00	0.00e+00	0.00e+00	0.00e+00	0.00e+00	0.00e+00	1.72e-03	2.02e-04	1.22e-04
 8.67103e+15	2.11e-03	9.98e-01	1.51e-05	0.00e+00	0.00e+00	0.00e+00	0.00e+00	0.00e+00	0.00e+00	1.78e-03	2.07e-04	1.25e-04
 8.71878e+15	2.16e-03	9.98e-01	1.17e-05	0.00e+00	0.00e+00	0.00e+00	0.00e+00	0.00e+00	0.00e+00	1.82e-03	2.09e-04	1.27e-04
 8.76467e+15	2.20e-03	9.98e-01	9.17e-06	0.00e+00	0.00e+00	0.00e+00	0.00e+00	0.00e+00	0.00e+00	1.86e-03	2.12e-04	1.28e-04
 8.82431e+15	2.24e-03	9.98e-01	6.63e-06	0.00e+00	0.00e+00	0.00e+00	0.00e+00	0.00e+00	0.00e+00	1.90e-03	2.15e-04	1.30e-04
 8.89057e+15	2.29e-03	9.98e-01	4.58e-06	0.00e+00	0.00e+00	0.00e+00	0.00e+00	0.00e+00	0.00e+00	1.94e-03	2.18e-04	1.32e-04
 8.95103e+15	2.34e-03	9.98e-01	3.23e-06	0.00e+00	0.00e+00	0.00e+00	0.00e+00	0.00e+00	0.00e+00	1.99e-03	2.21e-04	1.34e-04
 9.00473e+15	2.38e-03	9.98e-01	2.35e-06	0.00e+00	0.00e+00	0.00e+00	0.00e+00	0.00e+00	0.00e+00	2.02e-03	2.23e-04	1.35e-04
 9.06403e+15	2.41e-03	9.98e-01	1.63e-06	0.00e+00	0.00e+00	0.00e+00	0.00e+00	0.00e+00	0.00e+00	2.05e-03	2.25e-04	1.37e-04
 9.14113e+15	2.45e-03	9.98e-01	1.01e-06	0.00e+00	0.00e+00	0.00e+00	0.00e+00	0.00e+00	0.00e+00	2.09e-03	2.27e-04	1.38e-04
 9.22677e+15	2.49e-03	9.98e-01	5.79e-07	0.00e+00	0.00e+00	0.00e+00	0.00e+00	0.00e+00	0.00e+00	2.12e-03	2.28e-04	1.39e-04
 9.32352e+15	2.53e-03	9.97e-01	3.05e-07	0.00e+00	0.00e+00	0.00e+00	0.00e+00	0.00e+00	0.00e+00	2.16e-03	2.30e-04	1.40e-04
 9.44931e+15	2.57e-03	9.97e-01	1.31e-07	0.00e+00	0.00e+00	0.00e+00	0.00e+00	0.00e+00	0.00e+00	2.20e-03	2.34e-04	1.42e-04
 9.61283e+15	2.62e-03	9.97e-01	4.41e-08	0.00e+00	0.00e+00	0.00e+00	0.00e+00	0.00e+00	0.00e+00	2.24e-03	2.39e-04	1.45e-04
 9.82540e+15	2.69e-03	9.97e-01	1.10e-08	0.00e+00	0.00e+00	0.00e+00	0.00e+00	0.00e+00	0.00e+00	2.30e-03	2.46e-04	1.49e-04
 1.01017e+16	2.79e-03	9.97e-01	1.93e-09	0.00e+00	0.00e+00	0.00e+00	0.00e+00	0.00e+00	0.00e+00	2.37e-03	2.57e-04	1.54e-04
 1.04610e+16	2.91e-03	9.97e-01	2.59e-10	0.00e+00	0.00e+00	0.00e+00	0.00e+00	0.00e+00	0.00e+00	2.47e-03	2.72e-04	1.62e-04
 1.09199e+16	3.07e-03	9.97e-01	5.82e-11	0.00e+00	0.00e+00	0.00e+00	0.00e+00	0.00e+00	0.00e+00	2.61e-03	2.93e-04	1.72e-04
 1.14121e+16	3.29e-03	9.97e-01	4.14e-11	0.00e+00	0.00e+00	0.00e+00	0.00e+00	0.00e+00	0.00e+00	2.78e-03	3.20e-04	1.86e-04
 1.18565e+16	3.51e-03	9.96e-01	3.88e-11	0.00e+00	0.00e+00	0.00e+00	0.00e+00	0.00e+00	0.00e+00	2.96e-03	3.49e-04	2.00e-04
 1.22546e+16	3.72e-03	9.96e-01	3.75e-11	0.00e+00	0.00e+00	0.00e+00	0.00e+00	0.00e+00	0.00e+00	3.13e-03	3.77e-04	2.14e-04
 1.26222e+16	3.92e-03	9.96e-01	3.65e-11	0.00e+00	0.00e+00	0.00e+00	0.00e+00	0.00e+00	0.00e+00	3.29e-03	4.05e-04	2.28e-04
 1.29664e+16	4.12e-03	9.96e-01	3.58e-11	0.00e+00	0.00e+00	0.00e+00	0.00e+00	0.00e+00	0.00e+00	3.45e-03	4.35e-04	2.42e-04
 1.32903e+16	4.32e-03	9.96e-01	3.51e-11	0.00e+00	0.00e+00	0.00e+00	0.00e+00	0.00e+00	0.00e+00	3.60e-03	4.65e-04	2.56e-04
 1.35974e+16	4.52e-03	9.95e-01	3.45e-11	0.00e+00	0.00e+00	0.00e+00	0.00e+00	0.00e+00	0.00e+00	3.76e-03	4.96e-04	2.71e-04
 1.38888e+16	4.72e-03	9.95e-01	3.40e-11	0.00e+00	0.00e+00	0.00e+00	0.00e+00	0.00e+00	0.00e+00	3.91e-03	5.28e-04	2.86e-04
 1.41646e+16	4.92e-03	9.95e-01	3.36e-11	0.00e+00	0.00e+00	0.00e+00	0.00e+00	0.00e+00	0.00e+00	4.05e-03	5.61e-04	3.01e-04
 1.44241e+16	5.11e-03	9.95e-01	3.31e-11	0.00e+00	0.00e+00	0.00e+00	0.00e+00	0.00e+00	0.00e+00	4.19e-03	5.94e-04	3.16e-04
 1.46692e+16	5.29e-03	9.95e-01	3.27e-11	0.00e+00	0.00e+00	0.00e+00	0.00e+00	0.00e+00	0.00e+00	4.33e-03	6.28e-04	3.31e-04
 1.49040e+16	5.47e-03	9.95e-01	3.23e-11	0.00e+00	0.00e+00	0.00e+00	0.00e+00	0.00e+00	0.00e+00	4.46e-03	6.61e-04	3.47e-04
 1.51295e+16	5.64e-03	9.94e-01	3.19e-11	0.00e+00	0.00e+00	0.00e+00	0.00e+00	0.00e+00	0.00e+00	4.59e-03	6.96e-04	3.62e-04
 1.53461e+16	5.82e-03	9.94e-01	3.15e-11	0.00e+00	0.00e+00	0.00e+00	0.00e+00	0.00e+00	0.00e+00	4.71e-03	7.31e-04	3.77e-04
 1.55545e+16	5.98e-03	9.94e-01	3.11e-11	0.00e+00	0.00e+00	0.00e+00	0.00e+00	0.00e+00	0.00e+00	4.83e-03	7.66e-04	3.92e-04
 1.57556e+16	6.15e-03	9.94e-01	3.07e-11	0.00e+00	0.00e+00	0.00e+00	0.00e+00	0.00e+00	0.00e+00	4.94e-03	8.02e-04	4.08e-04
 1.59503e+16	6.32e-03	9.94e-01	3.03e-11	0.00e+00	0.00e+00	0.00e+00	0.00e+00	0.00e+00	0.00e+00	5.06e-03	8.38e-04	4.23e-04
 1.61456e+16	6.47e-03	9.94e-01	2.99e-11	0.00e+00	0.00e+00	0.00e+00	0.00e+00	0.00e+00	0.00e+00	5.16e-03	8.75e-04	4.39e-04
 1.63365e+16	6.64e-03	9.93e-01	2.95e-11	0.00e+00	0.00e+00	0.00e+00	0.00e+00	0.00e+00	0.00e+00	5.27e-03	9.14e-04	4.55e-04
 1.65162e+16	6.80e-03	9.93e-01	2.90e-11	0.00e+00	0.00e+00	0.00e+00	0.00e+00	0.00e+00	0.00e+00	5.38e-03	9.52e-04	4.71e-04
 1.66920e+16	6.95e-03	9.93e-01	2.86e-11	0.00e+00	0.00e+00	0.00e+00	0.00e+00	0.00e+00	0.00e+00	5.47e-03	9.90e-04	4.86e-04
 1.68661e+16	7.11e-03	9.93e-01	2.82e-11	0.00e+00	0.00e+00	0.00e+00	0.00e+00	0.00e+00	0.00e+00	5.57e-03	1.03e-03	5.02e-04
 1.70386e+16	7.26e-03	9.93e-01	2.77e-11	0.00e+00	0.00e+00	0.00e+00	0.00e+00	0.00e+00	0.00e+00	5.67e-03	1.07e-03	5.19e-04
 1.72101e+16	7.42e-03	9.93e-01	2.72e-11	0.00e+00	0.00e+00	0.00e+00	0.00e+00	0.00e+00	0.00e+00	5.77e-03	1.11e-03	5.35e-04
 1.73813e+16	7.58e-03	9.92e-01	2.67e-11	0.00e+00	0.00e+00	0.00e+00	0.00e+00	0.00e+00	0.00e+00	5.89e-03	1.14e-03	5.53e-04
 1.75532e+16	7.75e-03	9.92e-01	2.62e-11	0.00e+00	0.00e+00	0.00e+00	0.00e+00	0.00e+00	0.00e+00	6.00e-03	1.18e-03	5.71e-04
 1.77266e+16	7.93e-03	9.92e-01	2.57e-11	0.00e+00	0.00e+00	0.00e+00	0.00e+00	0.00e+00	0.00e+00	6.13e-03	1.21e-03	5.90e-04
 1.79023e+16	8.12e-03	9.92e-01	2.51e-11	0.00e+00	0.00e+00	0.00e+00	0.00e+00	0.00e+00	0.00e+00	6.26e-03	1.25e-03	6.10e-04
 1.80809e+16	8.32e-03	9.92e-01	2.45e-11	0.00e+00	0.00e+00	0.00e+00	0.00e+00	0.00e+00	0.00e+00	6.40e-03	1.29e-03	6.31e-04
 1.82633e+16	8.54e-03	9.91e-01	2.39e-11	0.00e+00	0.00e+00	0.00e+00	0.00e+00	0.00e+00	0.00e+00	6.55e-03	1.33e-03	6.53e-04
 1.84502e+16	8.77e-03	9.91e-01	2.33e-11	0.00e+00	0.00e+00	0.00e+00	0.00e+00	0.00e+00	0.00e+00	6.72e-03	1.37e-03	6.78e-04
 1.86420e+16	9.03e-03	9.91e-01	2.26e-11	0.00e+00	0.00e+00	0.00e+00	0.00e+00	0.00e+00	0.00e+00	6.90e-03	1.42e-03	7.04e-04
 1.88393e+16	9.30e-03	9.91e-01	2.20e-11	0.00e+00	0.00e+00	0.00e+00	0.00e+00	0.00e+00	0.00e+00	7.10e-03	1.48e-03	7.32e-04
 1.90393e+16	9.62e-03	9.90e-01	2.13e-11	0.00e+00	0.00e+00	0.00e+00	0.00e+00	0.00e+00	0.00e+00	7.32e-03	1.53e-03	7.63e-04
 1.92460e+16	9.95e-03	9.90e-01	2.06e-11	0.00e+00	0.00e+00	0.00e+00	0.00e+00	0.00e+00	0.00e+00	7.55e-03	1.60e-03	7.96e-04
 1.94636e+16	1.03e-02	9.90e-01	1.99e-11	0.00e+00	0.00e+00	0.00e+00	0.00e+00	0.00e+00	0.00e+00	7.83e-03	1.67e-03	8.34e-04
 1.96872e+16	1.08e-02	9.89e-01	1.91e-11	0.00e+00	0.00e+00	0.00e+00	0.00e+00	0.00e+00	0.00e+00	8.13e-03	1.75e-03	8.76e-04
 1.99150e+16	1.12e-02	9.89e-01	1.84e-11	0.00e+00	0.00e+00	0.00e+00	0.00e+00	0.00e+00	0.00e+00	8.47e-03	1.83e-03	9.22e-04
 2.01476e+16	1.17e-02	9.88e-01	1.76e-11	0.00e+00	0.00e+00	0.00e+00	0.00e+00	0.00e+00	0.00e+00	8.84e-03	1.93e-03	9.72e-04
 2.03848e+16	1.23e-02	9.88e-01	1.69e-11	0.00e+00	0.00e+00	0.00e+00	0.00e+00	0.00e+00	0.00e+00	9.25e-03	2.04e-03	1.03e-03
 2.06261e+16	1.30e-02	9.87e-01	1.61e-11	0.00e+00	0.00e+00	0.00e+00	0.00e+00	0.00e+00	0.00e+00	9.71e-03	2.16e-03	1.09e-03
 2.08709e+16	1.37e-02	9.86e-01	1.54e-11	0.00e+00	0.00e+00	0.00e+00	0.00e+00	0.00e+00	0.00e+00	1.02e-02	2.29e-03	1.16e-03
 2.11181e+16	1.45e-02	9.86e-01	1.46e-11	0.00e+00	0.00e+00	0.00e+00	0.00e+00	0.00e+00	0.00e+00	1.08e-02	2.44e-03	1.24e-03
 2.13662e+16	1.53e-02	9.85e-01	1.39e-11	0.00e+00	0.00e+00	0.00e+00	0.00e+00	0.00e+00	0.00e+00	1.14e-02	2.60e-03	1.32e-03
 2.16143e+16	1.63e-02	9.84e-01	1.32e-11	0.00e+00	0.00e+00	0.00e+00	0.00e+00	0.00e+00	0.00e+00	1.21e-02	2.79e-03	1.42e-03
 2.18615e+16	1.74e-02	9.83e-01	1.25e-11	0.00e+00	0.00e+00	0.00e+00	0.00e+00	0.00e+00	0.00e+00	1.29e-02	2.99e-03	1.52e-03
 2.21068e+16	1.86e-02	9.81e-01	1.19e-11	0.00e+00	0.00e+00	0.00e+00	0.00e+00	0.00e+00	0.00e+00	1.38e-02	3.22e-03	1.64e-03
 2.23492e+16	2.00e-02	9.80e-01	1.12e-11	0.00e+00	0.00e+00	0.00e+00	0.00e+00	0.00e+00	0.00e+00	1.47e-02	3.47e-03	1.77e-03
 2.25882e+16	2.14e-02	9.79e-01	1.06e-11	0.00e+00	0.00e+00	0.00e+00	0.00e+00	0.00e+00	0.00e+00	1.58e-02	3.75e-03	1.92e-03
 2.28230e+16	2.31e-02	9.77e-01	1.00e-11	0.00e+00	0.00e+00	0.00e+00	0.00e+00	0.00e+00	0.00e+00	1.70e-02	4.06e-03	2.08e-03
 2.30531e+16	2.50e-02	9.75e-01	9.49e-12	0.00e+00	0.00e+00	0.00e+00	0.00e+00	0.00e+00	0.00e+00	1.83e-02	4.41e-03	2.27e-03
 2.32783e+16	2.71e-02	9.73e-01	8.95e-12	0.00e+00	0.00e+00	0.00e+00	0.00e+00	0.00e+00	0.00e+00	1.98e-02	4.80e-03	2.47e-03
 2.34984e+16	2.94e-02	9.71e-01	8.44e-12	0.00e+00	0.00e+00	0.00e+00	0.00e+00	0.00e+00	0.00e+00	2.15e-02	5.24e-03	2.71e-03
 2.37131e+16	3.21e-02	9.68e-01	7.95e-12	0.00e+00	0.00e+00	0.00e+00	0.00e+00	0.00e+00	0.00e+00	2.34e-02	5.74e-03	2.97e-03
 2.39226e+16	3.51e-02	9.65e-01	7.47e-12	0.00e+00	0.00e+00	0.00e+00	0.00e+00	0.00e+00	0.00e+00	2.55e-02	6.32e-03	3.27e-03
 2.41270e+16	3.87e-02	9.61e-01	7.02e-12	0.00e+00	0.00e+00	0.00e+00	0.00e+00	0.00e+00	0.00e+00	2.81e-02	6.98e-03	3.62e-03
 2.43265e+16	4.28e-02	9.57e-01	6.59e-12	0.00e+00	0.00e+00	0.00e+00	0.00e+00	0.00e+00	0.00e+00	3.10e-02	7.76e-03	4.03e-03
 2.45218e+16	4.76e-02	9.52e-01	6.16e-12	0.00e+00	0.00e+00	0.00e+00	0.00e+00	0.00e+00	0.00e+00	3.44e-02	8.67e-03	4.51e-03
 2.47132e+16	5.34e-02	9.47e-01	5.76e-12	0.00e+00	0.00e+00	0.00e+00	0.00e+00	0.00e+00	0.00e+00	3.85e-02	9.76e-03	5.08e-03
 2.49016e+16	6.04e-02	9.40e-01	5.36e-12	0.00e+00	0.00e+00	0.00e+00	0.00e+00	0.00e+00	0.00e+00	4.36e-02	1.11e-02	5.78e-03
 2.50880e+16	6.93e-02	9.31e-01	4.99e-12	0.00e+00	0.00e+00	0.00e+00	0.00e+00	0.00e+00	0.00e+00	4.99e-02	1.27e-02	6.63e-03
 2.52740e+16	8.07e-02	9.19e-01	4.63e-12	0.00e+00	0.00e+00	0.00e+00	0.00e+00	0.00e+00	0.00e+00	5.81e-02	1.49e-02	7.72e-03
 2.54518e+16	9.57e-02	9.04e-01	4.26e-12	0.00e+00	0.00e+00	0.00e+00	0.00e+00	0.00e+00	0.00e+00	6.89e-02	1.76e-02	9.15e-03
 2.56039e+16	1.14e-01	8.86e-01	3.97e-12	0.00e+00	0.00e+00	0.00e+00	0.00e+00	0.00e+00	0.00e+00	8.21e-02	2.09e-02	1.09e-02
 2.57241e+16	1.33e-01	8.67e-01	3.74e-12	0.00e+00	0.00e+00	0.00e+00	0.00e+00	0.00e+00	0.00e+00	9.61e-02	2.44e-02	1.27e-02
 2.58226e+16	1.54e-01	8.46e-01	3.53e-12	0.00e+00	0.00e+00	0.00e+00	0.00e+00	0.00e+00	0.00e+00	1.11e-01	2.79e-02	1.46e-02
 2.59122e+16	1.76e-01	8.24e-01	3.42e-12	0.00e+00	0.00e+00	0.00e+00	0.00e+00	0.00e+00	0.00e+00	1.28e-01	3.18e-02	1.67e-02
 2.59997e+16	2.04e-01	7.96e-01	3.28e-12	0.00e+00	0.00e+00	0.00e+00	0.00e+00	0.00e+00	0.00e+00	1.48e-01	3.65e-02	1.92e-02
 2.60835e+16	2.38e-01	7.62e-01	3.18e-12	0.00e+00	0.00e+00	0.00e+00	0.00e+00	0.00e+00	0.00e+00	1.73e-01	4.20e-02	2.23e-02
 2.61584e+16	2.76e-01	7.24e-01	3.08e-12	0.00e+00	0.00e+00	0.00e+00	0.00e+00	0.00e+00	0.00e+00	2.02e-01	4.80e-02	2.57e-02
 2.62236e+16	3.18e-01	6.82e-01	3.01e-12	0.00e+00	0.00e+00	0.00e+00	0.00e+00	0.00e+00	0.00e+00	2.34e-01	5.41e-02	2.93e-02
 2.62777e+16	3.59e-01	6.41e-01	2.95e-12	0.00e+00	0.00e+00	0.00e+00	0.00e+00	0.00e+00	0.00e+00	2.66e-01	5.99e-02	3.28e-02
 2.63186e+16	3.95e-01	6.05e-01	2.91e-12	0.00e+00	0.00e+00	0.00e+00	0.00e+00	0.00e+00	0.00e+00	2.95e-01	6.46e-02	3.58e-02
 2.63491e+16	4.25e-01	5.75e-01	2.85e-12	0.00e+00	0.00e+00	0.00e+00	0.00e+00	0.00e+00	0.00e+00	3.19e-01	6.82e-02	3.81e-02
 2.63752e+16	4.50e-01	5.50e-01	2.84e-12	0.00e+00	0.00e+00	0.00e+00	0.00e+00	0.00e+00	0.00e+00	3.39e-01	7.11e-02	4.01e-02
 2.63997e+16	4.76e-01	5.24e-01	2.81e-12	0.00e+00	0.00e+00	0.00e+00	0.00e+00	0.00e+00	0.00e+00	3.60e-01	7.38e-02	4.20e-02
 2.64224e+16	5.02e-01	4.98e-01	2.76e-12	0.00e+00	0.00e+00	0.00e+00	0.00e+00	0.00e+00	0.00e+00	3.81e-01	7.63e-02	4.38e-02
 2.64437e+16	5.26e-01	4.74e-01	2.73e-12	0.00e+00	0.00e+00	0.00e+00	0.00e+00	0.00e+00	0.00e+00	4.02e-01	7.85e-02	4.55e-02
 2.64632e+16	5.48e-01	4.52e-01	2.71e-12	0.00e+00	0.00e+00	0.00e+00	0.00e+00	0.00e+00	0.00e+00	4.20e-01	8.03e-02	4.69e-02
 2.64803e+16	5.68e-01	4.32e-01	2.67e-12	0.00e+00	0.00e+00	0.00e+00	0.00e+00	0.00e+00	0.00e+00	4.38e-01	8.18e-02	4.82e-02
 2.64961e+16	5.87e-01	4.13e-01	2.65e-12	0.00e+00	0.00e+00	0.00e+00	0.00e+00	0.00e+00	0.00e+00	4.54e-01	8.30e-02	4.93e-02
 2.65093e+16	6.03e-01	3.97e-01	2.62e-12	0.00e+00	0.00e+00	0.00e+00	0.00e+00	0.00e+00	0.00e+00	4.69e-01	8.40e-02	5.02e-02
 2.65189e+16	6.14e-01	3.86e-01	2.60e-12	0.00e+00	0.00e+00	0.00e+00	0.00e+00	0.00e+00	0.00e+00	4.79e-01	8.46e-02	5.08e-02
 2.65276e+16	6.25e-01	3.75e-01	2.58e-12	0.00e+00	0.00e+00	0.00e+00	0.00e+00	0.00e+00	0.00e+00	4.88e-01	8.51e-02	5.14e-02
 2.65374e+16	6.37e-01	3.63e-01	2.55e-12	0.00e+00	0.00e+00	0.00e+00	0.00e+00	0.00e+00	0.00e+00	4.99e-01	8.56e-02	5.20e-02
 2.65480e+16	6.49e-01	3.51e-01	2.52e-12	0.00e+00	0.00e+00	0.00e+00	0.00e+00	0.00e+00	0.00e+00	5.11e-01	8.60e-02	5.26e-02
 2.65582e+16	6.62e-01	3.38e-01	2.49e-12	0.00e+00	0.00e+00	0.00e+00	0.00e+00	0.00e+00	0.00e+00	5.22e-01	8.64e-02	5.31e-02
 2.65678e+16	6.73e-01	3.27e-01	2.47e-12	0.00e+00	0.00e+00	0.00e+00	0.00e+00	0.00e+00	0.00e+00	5.32e-01	8.67e-02	5.35e-02
 2.65774e+16	6.84e-01	3.16e-01	2.44e-12	0.00e+00	0.00e+00	0.00e+00	0.00e+00	0.00e+00	0.00e+00	5.43e-01	8.69e-02	5.40e-02
 2.65871e+16	6.95e-01	3.05e-01	2.41e-12	0.00e+00	0.00e+00	0.00e+00	0.00e+00	0.00e+00	0.00e+00	5.54e-01	8.70e-02	5.44e-02
 2.65966e+16	7.06e-01	2.94e-01	2.38e-12	0.00e+00	0.00e+00	0.00e+00	0.00e+00	0.00e+00	0.00e+00	5.64e-01	8.70e-02	5.47e-02
 2.66058e+16	7.16e-01	2.84e-01	2.35e-12	0.00e+00	0.00e+00	0.00e+00	0.00e+00	0.00e+00	0.00e+00	5.74e-01	8.70e-02	5.50e-02
 2.66152e+16	7.27e-01	2.73e-01	2.31e-12	0.00e+00	0.00e+00	0.00e+00	0.00e+00	0.00e+00	0.00e+00	5.85e-01	8.69e-02	5.53e-02
 2.66247e+16	7.38e-01	2.62e-01	2.28e-12	0.00e+00	0.00e+00	0.00e+00	0.00e+00	0.00e+00	0.00e+00	5.96e-01	8.68e-02	5.54e-02
 2.66338e+16	7.47e-01	2.53e-01	2.24e-12	0.00e+00	0.00e+00	0.00e+00	0.00e+00	0.00e+00	0.00e+00	6.05e-01	8.65e-02	5.55e-02
 2.66427e+16	7.57e-01	2.43e-01	2.21e-12	0.00e+00	0.00e+00	0.00e+00	0.00e+00	0.00e+00	0.00e+00	6.15e-01	8.63e-02	5.56e-02
 2.66519e+16	7.66e-01	2.34e-01	2.18e-12	0.00e+00	0.00e+00	0.00e+00	0.00e+00	0.00e+00	0.00e+00	6.25e-01	8.59e-02	5.56e-02
 2.66611e+16	7.76e-01	2.24e-01	2.14e-12	0.00e+00	0.00e+00	0.00e+00	0.00e+00	0.00e+00	0.00e+00	6.35e-01	8.55e-02	5.55e-02
 2.66702e+16	7.85e-01	2.15e-01	2.10e-12	0.00e+00	0.00e+00	0.00e+00	0.00e+00	0.00e+00	0.00e+00	6.44e-01	8.50e-02	5.55e-02
 2.66790e+16	7.93e-01	2.07e-01	2.06e-12	0.00e+00	0.00e+00	0.00e+00	0.00e+00	0.00e+00	0.00e+00	6.53e-01	8.45e-02	5.53e-02
 2.66877e+16	8.02e-01	1.98e-01	2.02e-12	0.00e+00	0.00e+00	0.00e+00	0.00e+00	0.00e+00	0.00e+00	6.63e-01	8.40e-02	5.52e-02
 2.66963e+16	8.09e-01	1.91e-01	1.99e-12	0.00e+00	0.00e+00	0.00e+00	0.00e+00	0.00e+00	0.00e+00	6.71e-01	8.34e-02	5.51e-02
 2.67049e+16	8.17e-01	1.83e-01	1.95e-12	0.00e+00	0.00e+00	0.00e+00	0.00e+00	0.00e+00	0.00e+00	6.80e-01	8.28e-02	5.48e-02
 2.67136e+16	8.25e-01	1.75e-01	1.91e-12	0.00e+00	0.00e+00	0.00e+00	0.00e+00	0.00e+00	0.00e+00	6.88e-01	8.21e-02	5.46e-02
 2.67221e+16	8.32e-01	1.68e-01	1.87e-12	0.00e+00	0.00e+00	0.00e+00	0.00e+00	0.00e+00	0.00e+00	6.96e-01	8.15e-02	5.44e-02
 2.67304e+16	8.39e-01	1.61e-01	1.83e-12	0.00e+00	0.00e+00	0.00e+00	0.00e+00	0.00e+00	0.00e+00	7.04e-01	8.08e-02	5.41e-02
 2.67387e+16	8.45e-01	1.55e-01	1.80e-12	0.00e+00	0.00e+00	0.00e+00	0.00e+00	0.00e+00	0.00e+00	7.12e-01	8.01e-02	5.38e-02
 2.67468e+16	8.52e-01	1.48e-01	1.76e-12	0.00e+00	0.00e+00	0.00e+00	0.00e+00	0.00e+00	0.00e+00	7.19e-01	7.94e-02	5.34e-02
 2.67547e+16	8.58e-01	1.42e-01	1.72e-12	0.00e+00	0.00e+00	0.00e+00	0.00e+00	0.00e+00	0.00e+00	7.26e-01	7.87e-02	5.31e-02
 2.67627e+16	8.64e-01	1.36e-01	1.69e-12	0.00e+00	0.00e+00	0.00e+00	0.00e+00	0.00e+00	0.00e+00	7.33e-01	7.80e-02	5.28e-02
 2.67705e+16	8.69e-01	1.31e-01	1.65e-12	0.00e+00	0.00e+00	0.00e+00	0.00e+00	0.00e+00	0.00e+00	7.39e-01	7.73e-02	5.25e-02
 2.67784e+16	8.74e-01	1.26e-01	1.61e-12	0.00e+00	0.00e+00	0.00e+00	0.00e+00	0.00e+00	0.00e+00	7.46e-01	7.66e-02	5.21e-02
 2.67862e+16	8.80e-01	1.20e-01	1.58e-12	0.00e+00	0.00e+00	0.00e+00	0.00e+00	0.00e+00	0.00e+00	7.52e-01	7.59e-02	5.17e-02
 2.67936e+16	8.84e-01	1.16e-01	1.54e-12	0.00e+00	0.00e+00	0.00e+00	0.00e+00	0.00e+00	0.00e+00	7.58e-01	7.52e-02	5.14e-02
 2.68011e+16	8.89e-01	1.11e-01	1.51e-12	0.00e+00	0.00e+00	0.00e+00	0.00e+00	0.00e+00	0.00e+00	7.63e-01	7.45e-02	5.10e-02
 2.68087e+16	8.93e-01	1.07e-01	1.47e-12	0.00e+00	0.00e+00	0.00e+00	0.00e+00	0.00e+00	0.00e+00	7.69e-01	7.38e-02	5.06e-02
 2.68162e+16	8.98e-01	1.02e-01	1.44e-12	0.00e+00	0.00e+00	0.00e+00	0.00e+00	0.00e+00	0.00e+00	7.74e-01	7.31e-02	5.03e-02
 2.68235e+16	9.02e-01	9.80e-02	1.41e-12	0.00e+00	0.00e+00	0.00e+00	0.00e+00	0.00e+00	0.00e+00	7.80e-01	7.24e-02	4.99e-02
 2.68307e+16	9.06e-01	9.42e-02	1.37e-12	0.00e+00	0.00e+00	0.00e+00	0.00e+00	0.00e+00	0.00e+00	7.85e-01	7.18e-02	4.95e-02
 2.68381e+16	9.10e-01	9.03e-02	1.34e-12	0.00e+00	0.00e+00	0.00e+00	0.00e+00	0.00e+00	0.00e+00	7.89e-01	7.11e-02	4.91e-02
 2.68453e+16	9.13e-01	8.66e-02	1.31e-12	0.00e+00	0.00e+00	0.00e+00	0.00e+00	0.00e+00	0.00e+00	7.94e-01	7.04e-02	4.88e-02
 2.68524e+16	9.17e-01	8.32e-02	1.28e-12	0.00e+00	0.00e+00	0.00e+00	0.00e+00	0.00e+00	0.00e+00	7.99e-01	6.98e-02	4.84e-02
 2.68594e+16	9.20e-01	8.00e-02	1.25e-12	0.00e+00	0.00e+00	0.00e+00	0.00e+00	0.00e+00	0.00e+00	8.03e-01	6.92e-02	4.81e-02
 2.68665e+16	9.23e-01	7.67e-02	1.22e-12	0.00e+00	0.00e+00	0.00e+00	0.00e+00	0.00e+00	0.00e+00	8.07e-01	6.86e-02	4.77e-02
 2.68735e+16	9.26e-01	7.36e-02	1.19e-12	0.00e+00	0.00e+00	0.00e+00	0.00e+00	0.00e+00	0.00e+00	8.11e-01	6.80e-02	4.73e-02
 2.68805e+16	9.29e-01	7.06e-02	1.16e-12	0.00e+00	0.00e+00	0.00e+00	0.00e+00	0.00e+00	0.00e+00	8.15e-01	6.74e-02	4.70e-02
 2.68873e+16	9.32e-01	6.77e-02	1.13e-12	0.00e+00	0.00e+00	0.00e+00	0.00e+00	0.00e+00	0.00e+00	8.19e-01	6.68e-02	4.66e-02
 2.68942e+16	9.35e-01	6.51e-02	1.10e-12	0.00e+00	0.00e+00	0.00e+00	0.00e+00	0.00e+00	0.00e+00	8.22e-01	6.63e-02	4.63e-02
 2.69011e+16	9.38e-01	6.25e-02	1.08e-12	0.00e+00	0.00e+00	0.00e+00	0.00e+00	0.00e+00	0.00e+00	8.26e-01	6.57e-02	4.60e-02
 2.69078e+16	9.40e-01	6.00e-02	1.05e-12	0.00e+00	0.00e+00	0.00e+00	0.00e+00	0.00e+00	0.00e+00	8.29e-01	6.52e-02	4.56e-02
 2.69144e+16	9.42e-01	5.76e-02	1.03e-12	0.00e+00	0.00e+00	0.00e+00	0.00e+00	0.00e+00	0.00e+00	8.32e-01	6.46e-02	4.53e-02
 2.69210e+16	9.45e-01	5.52e-02	1.00e-12	0.00e+00	0.00e+00	0.00e+00	0.00e+00	0.00e+00	0.00e+00	8.36e-01	6.41e-02	4.50e-02
 2.69277e+16	9.47e-01	5.29e-02	9.75e-13	0.00e+00	0.00e+00	0.00e+00	0.00e+00	0.00e+00	0.00e+00	8.39e-01	6.36e-02	4.46e-02
 2.69344e+16	9.49e-01	5.08e-02	9.51e-13	0.00e+00	0.00e+00	0.00e+00	0.00e+00	0.00e+00	0.00e+00	8.42e-01	6.31e-02	4.43e-02
 2.69409e+16	9.51e-01	4.88e-02	9.29e-13	0.00e+00	0.00e+00	0.00e+00	0.00e+00	0.00e+00	0.00e+00	8.45e-01	6.26e-02	4.40e-02
 2.69472e+16	9.53e-01	4.69e-02	9.07e-13	0.00e+00	0.00e+00	0.00e+00	0.00e+00	0.00e+00	0.00e+00	8.47e-01	6.22e-02	4.38e-02
 2.69534e+16	9.55e-01	4.50e-02	8.85e-13	0.00e+00	0.00e+00	0.00e+00	0.00e+00	0.00e+00	0.00e+00	8.50e-01	6.17e-02	4.35e-02
 2.69598e+16	9.57e-01	4.32e-02	8.63e-13	0.00e+00	0.00e+00	0.00e+00	0.00e+00	0.00e+00	0.00e+00	8.52e-01	6.13e-02	4.32e-02
 2.69661e+16	9.59e-01	4.14e-02	8.42e-13	0.00e+00	0.00e+00	0.00e+00	0.00e+00	0.00e+00	0.00e+00	8.55e-01	6.08e-02	4.29e-02
 2.69723e+16	9.60e-01	3.97e-02	8.22e-13	0.00e+00	0.00e+00	0.00e+00	0.00e+00	0.00e+00	0.00e+00	8.57e-01	6.04e-02	4.26e-02
 2.69783e+16	9.62e-01	3.81e-02	8.04e-13	0.00e+00	0.00e+00	0.00e+00	0.00e+00	0.00e+00	0.00e+00	8.60e-01	5.99e-02	4.23e-02
 2.69842e+16	9.63e-01	3.66e-02	7.85e-13	0.00e+00	0.00e+00	0.00e+00	0.00e+00	0.00e+00	0.00e+00	8.62e-01	5.95e-02	4.20e-02
 2.69901e+16	9.65e-01	3.51e-02	7.67e-13	0.00e+00	0.00e+00	0.00e+00	0.00e+00	0.00e+00	0.00e+00	8.64e-01	5.91e-02	4.18e-02
 2.69957e+16	9.66e-01	3.37e-02	7.50e-13	0.00e+00	0.00e+00	0.00e+00	0.00e+00	0.00e+00	0.00e+00	8.66e-01	5.87e-02	4.15e-02
 2.70011e+16	9.68e-01	3.24e-02	7.34e-13	0.00e+00	0.00e+00	0.00e+00	0.00e+00	0.00e+00	0.00e+00	8.68e-01	5.83e-02	4.12e-02
 2.70062e+16	9.69e-01	3.12e-02	7.20e-13	0.00e+00	0.00e+00	0.00e+00	0.00e+00	0.00e+00	0.00e+00	8.70e-01	5.79e-02	4.10e-02
 2.70112e+16	9.70e-01	3.01e-02	7.06e-13	0.00e+00	0.00e+00	0.00e+00	0.00e+00	0.00e+00	0.00e+00	8.72e-01	5.76e-02	4.07e-02
 2.70160e+16	9.71e-01	2.90e-02	6.92e-13	0.00e+00	0.00e+00	0.00e+00	0.00e+00	0.00e+00	0.00e+00	8.73e-01	5.72e-02	4.05e-02
 2.70208e+16	9.72e-01	2.79e-02	6.79e-13	0.00e+00	0.00e+00	0.00e+00	0.00e+00	0.00e+00	0.00e+00	8.75e-01	5.69e-02	4.02e-02
 2.70256e+16	9.73e-01	2.68e-02	6.66e-13	0.00e+00	0.00e+00	0.00e+00	0.00e+00	0.00e+00	0.00e+00	8.77e-01	5.65e-02	4.00e-02
 2.70305e+16	9.74e-01	2.57e-02	6.52e-13	0.00e+00	0.00e+00	0.00e+00	0.00e+00	0.00e+00	0.00e+00	8.78e-01	5.61e-02	3.97e-02
 2.70356e+16	9.75e-01	2.46e-02	6.40e-13	0.00e+00	0.00e+00	0.00e+00	0.00e+00	0.00e+00	0.00e+00	8.80e-01	5.57e-02	3.94e-02
 2.70405e+16	9.76e-01	2.36e-02	6.27e-13	0.00e+00	0.00e+00	0.00e+00	0.00e+00	0.00e+00	0.00e+00	8.82e-01	5.53e-02	3.91e-02
 2.70446e+16	9.77e-01	2.27e-02	6.16e-13	0.00e+00	0.00e+00	0.00e+00	0.00e+00	0.00e+00	0.00e+00	8.83e-01	5.50e-02	3.89e-02
 2.70482e+16	9.78e-01	2.19e-02	6.07e-13	0.00e+00	0.00e+00	0.00e+00	0.00e+00	0.00e+00	0.00e+00	8.85e-01	5.47e-02	3.86e-02
 2.70515e+16	9.79e-01	2.12e-02	5.98e-13	0.00e+00	0.00e+00	0.00e+00	0.00e+00	0.00e+00	0.00e+00	8.86e-01	5.44e-02	3.84e-02
 2.70547e+16	9.79e-01	2.06e-02	5.90e-13	0.00e+00	0.00e+00	0.00e+00	0.00e+00	0.00e+00	0.00e+00	8.87e-01	5.41e-02	3.82e-02
 2.70577e+16	9.80e-01	2.00e-02	5.82e-13	0.00e+00	0.00e+00	0.00e+00	0.00e+00	0.00e+00	0.00e+00	8.88e-01	5.38e-02	3.80e-02
 2.70605e+16	9.81e-01	1.93e-02	5.75e-13	0.00e+00	0.00e+00	0.00e+00	0.00e+00	0.00e+00	0.00e+00	8.89e-01	5.35e-02	3.78e-02
 2.70631e+16	9.81e-01	1.88e-02	5.67e-13	0.00e+00	0.00e+00	0.00e+00	0.00e+00	0.00e+00	0.00e+00	8.90e-01	5.33e-02	3.76e-02
 2.70655e+16	9.82e-01	1.83e-02	5.61e-13	0.00e+00	0.00e+00	0.00e+00	0.00e+00	0.00e+00	0.00e+00	8.91e-01	5.30e-02	3.74e-02
 2.70676e+16	9.82e-01	1.79e-02	5.54e-13	0.00e+00	0.00e+00	0.00e+00	0.00e+00	0.00e+00	0.00e+00	8.92e-01	5.28e-02	3.72e-02
 2.70696e+16	9.83e-01	1.75e-02	5.48e-13	0.00e+00	0.00e+00	0.00e+00	0.00e+00	0.00e+00	0.00e+00	8.93e-01	5.26e-02	3.70e-02
 2.70713e+16	9.83e-01	1.71e-02	5.43e-13	0.00e+00	0.00e+00	0.00e+00	0.00e+00	0.00e+00	0.00e+00	8.94e-01	5.24e-02	3.69e-02
 2.70730e+16	9.83e-01	1.68e-02	5.38e-13	0.00e+00	0.00e+00	0.00e+00	0.00e+00	0.00e+00	0.00e+00	8.94e-01	5.22e-02	3.67e-02
 2.70744e+16	9.84e-01	1.65e-02	5.33e-13	0.00e+00	0.00e+00	0.00e+00	0.00e+00	0.00e+00	0.00e+00	8.95e-01	5.21e-02	3.66e-02
 2.70758e+16	9.84e-01	1.62e-02	5.29e-13	0.00e+00	0.00e+00	0.00e+00	0.00e+00	0.00e+00	0.00e+00	8.95e-01	5.19e-02	3.65e-02
 2.70772e+16	9.84e-01	1.59e-02	5.23e-13	0.00e+00	0.00e+00	0.00e+00	0.00e+00	0.00e+00	0.00e+00	8.96e-01	5.17e-02	3.63e-02
 2.70788e+16	9.84e-01	1.56e-02	5.18e-13	0.00e+00	0.00e+00	0.00e+00	0.00e+00	0.00e+00	0.00e+00	8.97e-01	5.15e-02	3.62e-02
 2.70803e+16	9.85e-01	1.53e-02	5.13e-13	0.00e+00	0.00e+00	0.00e+00	0.00e+00	0.00e+00	0.00e+00	8.97e-01	5.12e-02	3.60e-02
 2.70816e+16	9.85e-01	1.51e-02	5.09e-13	0.00e+00	0.00e+00	0.00e+00	0.00e+00	0.00e+00	0.00e+00	8.98e-01	5.11e-02	3.59e-02
 2.70830e+16	9.85e-01	1.48e-02	5.03e-13	0.00e+00	0.00e+00	0.00e+00	0.00e+00	0.00e+00	0.00e+00	8.99e-01	5.08e-02	3.58e-02
 2.70846e+16	9.85e-01	1.45e-02	4.98e-13	0.00e+00	0.00e+00	0.00e+00	0.00e+00	0.00e+00	0.00e+00	8.99e-01	5.06e-02	3.56e-02
 2.70860e+16	9.86e-01	1.43e-02	4.92e-13	0.00e+00	0.00e+00	0.00e+00	0.00e+00	0.00e+00	0.00e+00	9.00e-01	5.04e-02	3.55e-02
 2.70873e+16	9.86e-01	1.40e-02	4.87e-13	0.00e+00	0.00e+00	0.00e+00	0.00e+00	0.00e+00	0.00e+00	9.00e-01	5.02e-02	3.53e-02
 2.70887e+16	9.86e-01	1.38e-02	4.82e-13	0.00e+00	0.00e+00	0.00e+00	0.00e+00	0.00e+00	0.00e+00	9.01e-01	5.00e-02	3.52e-02
 2.70902e+16	9.86e-01	1.35e-02	4.76e-13	0.00e+00	0.00e+00	0.00e+00	0.00e+00	0.00e+00	0.00e+00	9.02e-01	4.98e-02	3.50e-02
 2.70916e+16	9.87e-01	1.33e-02	4.71e-13	0.00e+00	0.00e+00	0.00e+00	0.00e+00	0.00e+00	0.00e+00	9.02e-01	4.96e-02	3.49e-02
 2.70931e+16	9.87e-01	1.31e-02	4.65e-13	0.00e+00	0.00e+00	0.00e+00	0.00e+00	0.00e+00	0.00e+00	9.03e-01	4.95e-02	3.48e-02
 2.70951e+16	9.87e-01	1.27e-02	4.57e-13	0.00e+00	0.00e+00	0.00e+00	0.00e+00	0.00e+00	0.00e+00	9.04e-01	4.92e-02	3.46e-02
 2.70972e+16	9.88e-01	1.24e-02	4.49e-13	0.00e+00	0.00e+00	0.00e+00	0.00e+00	0.00e+00	0.00e+00	9.04e-01	4.89e-02	3.44e-02
 2.70991e+16	9.88e-01	1.21e-02	4.42e-13	0.00e+00	0.00e+00	0.00e+00	0.00e+00	0.00e+00	0.00e+00	9.05e-01	4.87e-02	3.42e-02
 2.71009e+16	9.88e-01	1.19e-02	4.35e-13	0.00e+00	0.00e+00	0.00e+00	0.00e+00	0.00e+00	0.00e+00	9.06e-01	4.85e-02	3.41e-02
 2.71025e+16	9.88e-01	1.16e-02	4.28e-13	0.00e+00	0.00e+00	0.00e+00	0.00e+00	0.00e+00	0.00e+00	9.06e-01	4.83e-02	3.39e-02
 2.71039e+16	9.89e-01	1.14e-02	4.23e-13	0.00e+00	0.00e+00	0.00e+00	0.00e+00	0.00e+00	0.00e+00	9.07e-01	4.81e-02	3.38e-02
 2.71055e+16	9.89e-01	1.12e-02	4.16e-13	0.00e+00	0.00e+00	0.00e+00	0.00e+00	0.00e+00	0.00e+00	9.07e-01	4.79e-02	3.36e-02
 2.71073e+16	9.89e-01	1.10e-02	4.09e-13	0.00e+00	0.00e+00	0.00e+00	0.00e+00	0.00e+00	0.00e+00	9.08e-01	4.77e-02	3.35e-02
 2.71088e+16	9.89e-01	1.08e-02	4.03e-13	0.00e+00	0.00e+00	0.00e+00	0.00e+00	0.00e+00	0.00e+00	9.08e-01	4.75e-02	3.33e-02
 2.71103e+16	9.89e-01	1.06e-02	3.97e-13	0.00e+00	0.00e+00	0.00e+00	0.00e+00	0.00e+00	0.00e+00	9.09e-01	4.74e-02	3.32e-02
 2.71118e+16	9.90e-01	1.04e-02	3.91e-13	0.00e+00	0.00e+00	0.00e+00	0.00e+00	0.00e+00	0.00e+00	9.09e-01	4.72e-02	3.30e-02
 2.71139e+16	9.90e-01	1.01e-02	3.81e-13	0.00e+00	0.00e+00	0.00e+00	0.00e+00	0.00e+00	0.00e+00	9.10e-01	4.69e-02	3.28e-02
 2.71161e+16	9.90e-01	9.80e-03	3.71e-13	0.00e+00	0.00e+00	0.00e+00	0.00e+00	0.00e+00	0.00e+00	9.11e-01	4.66e-02	3.25e-02
 2.71181e+16	9.90e-01	9.56e-03	3.62e-13	0.00e+00	0.00e+00	0.00e+00	0.00e+00	0.00e+00	0.00e+00	9.12e-01	4.63e-02	3.23e-02
 2.71199e+16	9.91e-01	9.32e-03	3.54e-13	0.00e+00	0.00e+00	0.00e+00	0.00e+00	0.00e+00	0.00e+00	9.13e-01	4.61e-02	3.21e-02
 2.71215e+16	9.91e-01	9.13e-03	3.47e-13	0.00e+00	0.00e+00	0.00e+00	0.00e+00	0.00e+00	0.00e+00	9.13e-01	4.58e-02	3.19e-02
 2.71230e+16	9.91e-01	8.95e-03	3.41e-13	0.00e+00	0.00e+00	0.00e+00	0.00e+00	0.00e+00	0.00e+00	9.14e-01	4.56e-02	3.17e-02
 2.71244e+16	9.91e-01	8.80e-03	3.35e-13	0.00e+00	0.00e+00	0.00e+00	0.00e+00	0.00e+00	0.00e+00	9.14e-01	4.55e-02	3.15e-02
 2.71259e+16	9.91e-01	8.63e-03	3.30e-13	0.00e+00	0.00e+00	0.00e+00	0.00e+00	0.00e+00	0.00e+00	9.15e-01	4.53e-02	3.14e-02
 2.71279e+16	9.92e-01	8.39e-03	3.21e-13	0.00e+00	0.00e+00	0.00e+00	0.00e+00	0.00e+00	0.00e+00	9.16e-01	4.50e-02	3.11e-02
 2.71300e+16	9.92e-01	8.16e-03	3.13e-13	0.00e+00	0.00e+00	0.00e+00	0.00e+00	0.00e+00	0.00e+00	9.16e-01	4.47e-02	3.08e-02
 2.71319e+16	9.92e-01	7.97e-03	3.06e-13	0.00e+00	0.00e+00	0.00e+00	0.00e+00	0.00e+00	0.00e+00	9.17e-01	4.44e-02	3.06e-02
 2.71337e+16	9.92e-01	7.78e-03	2.99e-13	0.00e+00	0.00e+00	0.00e+00	0.00e+00	0.00e+00	0.00e+00	9.18e-01	4.41e-02	3.04e-02
 2.71352e+16	9.92e-01	7.62e-03	2.94e-13	0.00e+00	0.00e+00	0.00e+00	0.00e+00	0.00e+00	0.00e+00	9.18e-01	4.39e-02	3.02e-02
 2.71367e+16	9.93e-01	7.49e-03	2.89e-13	0.00e+00	0.00e+00	0.00e+00	0.00e+00	0.00e+00	0.00e+00	9.19e-01	4.38e-02	3.00e-02
 2.71383e+16	9.93e-01	7.34e-03	2.83e-13	0.00e+00	0.00e+00	0.00e+00	0.00e+00	0.00e+00	0.00e+00	9.19e-01	4.35e-02	2.98e-02
 2.71400e+16	9.93e-01	7.18e-03	2.78e-13	0.00e+00	0.00e+00	0.00e+00	0.00e+00	0.00e+00	0.00e+00	9.20e-01	4.32e-02	2.96e-02
 2.71415e+16	9.93e-01	7.06e-03	2.73e-13	0.00e+00	0.00e+00	0.00e+00	0.00e+00	0.00e+00	0.00e+00	9.21e-01	4.29e-02	2.94e-02
 2.71432e+16	9.93e-01	6.93e-03	2.69e-13	0.00e+00	0.00e+00	0.00e+00	0.00e+00	0.00e+00	0.00e+00	9.21e-01	4.25e-02	2.92e-02
 2.71455e+16	9.93e-01	6.76e-03	2.63e-13	0.00e+00	0.00e+00	0.00e+00	0.00e+00	0.00e+00	0.00e+00	9.22e-01	4.20e-02	2.88e-02
###########################
 1.90248e+11	3.94e-05	2.93e-02	9.31e-01	3.97e-02	1.50e-06	0.00e+00	0.00e+00	0.00e+00	0.00e+00	3.21e-05	4.76e-06	2.49e-06
 1.14149e+12	3.94e-05	2.94e-02	9.31e-01	3.95e-02	1.49e-06	0.00e+00	0.00e+00	0.00e+00	0.00e+00	3.21e-05	4.75e-06	2.49e-06
 4.94645e+12	3.95e-05	2.94e-02	9.32e-01	3.88e-02	1.45e-06	0.00e+00	0.00e+00	0.00e+00	0.00e+00	3.22e-05	4.77e-06	2.50e-06
 2.01663e+13	3.97e-05	2.96e-02	9.34e-01	3.65e-02	1.31e-06	0.00e+00	0.00e+00	0.00e+00	0.00e+00	3.24e-05	4.80e-06	2.53e-06
 4.81708e+13	3.94e-05	2.98e-02	9.37e-01	3.31e-02	1.10e-06	0.00e+00	0.00e+00	0.00e+00	0.00e+00	3.22e-05	4.77e-06	2.52e-06
 8.45767e+13	3.94e-05	3.00e-02	9.41e-01	2.91e-02	8.82e-07	0.00e+00	0.00e+00	0.00e+00	0.00e+00	3.21e-05	4.75e-06	2.52e-06
 1.31904e+14	3.94e-05	3.04e-02	9.45e-01	2.46e-02	6.61e-07	0.00e+00	0.00e+00	0.00e+00	0.00e+00	3.21e-05	4.76e-06	2.53e-06
 1.93430e+14	3.96e-05	3.09e-02	9.49e-01	1.97e-02	4.53e-07	0.00e+00	0.00e+00	0.00e+00	0.00e+00	3.23e-05	4.78e-06	2.55e-06
 2.73414e+14	4.01e-05	3.16e-02	9.54e-01	1.48e-02	2.76e-07	0.00e+00	0.00e+00	0.00e+00	0.00e+00	3.27e-05	4.82e-06	2.59e-06
 3.77393e+14	4.10e-05	3.25e-02	9.57e-01	1.01e-02	1.44e-07	0.00e+00	0.00e+00	0.00e+00	0.00e+00	3.34e-05	4.90e-06	2.65e-06
 5.12565e+14	4.23e-05	3.39e-02	9.60e-01	6.10e-03	0.00e+00	0.00e+00	0.00e+00	0.00e+00	0.00e+00	3.45e-05	5.02e-06	2.73e-06
 6.88290e+14	4.42e-05	3.59e-02	9.61e-01	3.18e-03	0.00e+00	0.00e+00	0.00e+00	0.00e+00	0.00e+00	3.62e-05	5.21e-06	2.85e-06
 8.83175e+14	4.60e-05	3.82e-02	9.60e-01	1.57e-03	0.00e+00	0.00e+00	0.00e+00	0.00e+00	0.00e+00	3.77e-05	5.37e-06	2.96e-06
 1.06570e+15	4.79e-05	4.06e-02	9.59e-01	8.11e-04	0.00e+00	0.00e+00	0.00e+00	0.00e+00	0.00e+00	3.93e-05	5.54e-06	3.08e-06
 1.26572e+15	5.10e-05	4.36e-02	9.56e-01	3.89e-04	0.00e+00	0.00e+00	0.00e+00	0.00e+00	0.00e+00	4.19e-05	5.87e-06	3.28e-06
 1.52573e+15	5.56e-05	4.80e-02	9.52e-01	1.52e-04	0.00e+00	0.00e+00	0.00e+00	0.00e+00	0.00e+00	4.57e-05	6.34e-06	3.56e-06
 1.77614e+15	5.91e-05	5.27e-02	9.47e-01	6.37e-05	0.00e+00	0.00e+00	0.00e+00	0.00e+00	0.00e+00	4.87e-05	6.69e-06	3.79e-06
 1.97044e+15	6.26e-05	5.68e-02	9.43e-01	3.26e-05	0.00e+00	0.00e+00	0.00e+00	0.00e+00	0.00e+00	5.15e-05	7.06e-06	4.01e-06
 2.17943e+15	6.78e-05	6.18e-02	9.38e-01	1.57e-05	0.00e+00	0.00e+00	0.00e+00	0.00e+00	0.00e+00	5.59e-05	7.61e-06	4.34e-06
 2.45112e+15	7.55e-05	6.92e-02	9.31e-01	6.24e-06	0.00e+00	0.00e+00	0.00e+00	0.00e+00	0.00e+00	6.22e-05	8.44e-06	4.84e-06
 2.73491e+15	8.40e-05	7.83e-02	9.22e-01	2.47e-06	0.00e+00	0.00e+00	0.00e+00	0.00e+00	0.00e+00	6.93e-05	9.35e-06	5.38e-06
 3.00841e+15	9.47e-05	8.89e-02	9.11e-01	1.03e-06	0.00e+00	0.00e+00	0.00e+00	0.00e+00	0.00e+00	7.82e-05	1.05e-05	6.08e-06
 3.30925e+15	1.09e-04	1.03e-01	8.97e-01	4.09e-07	0.00e+00	0.00e+00	0.00e+00	0.00e+00	0.00e+00	9.03e-05	1.21e-05	7.03e-06
 3.64017e+15	1.30e-04	1.23e-01	8.77e-01	1.55e-07	0.00e+00	0.00e+00	0.00e+00	0.00e+00	0.00e+00	1.08e-04	1.44e-05	8.39e-06
 3.96529e+15	1.57e-04	1.49e-01	8.51e-01	0.00e+00	0.00e+00	0.00e+00	0.00e+00	0.00e+00	0.00e+00	1.30e-04	1.73e-05	1.01e-05
 4.24613e+15	1.89e-04	1.80e-01	8.20e-01	0.00e+00	0.00e+00	0.00e+00	0.00e+00	0.00e+00	0.00e+00	1.56e-04	2.07e-05	1.22e-05
 4.47549e+15	2.22e-04	2.12e-01	7.88e-01	0.00e+00	0.00e+00	0.00e+00	0.00e+00	0.00e+00	0.00e+00	1.83e-04	2.43e-05	1.44e-05
 4.66954e+15	2.57e-04	2.45e-01	7.54e-01	0.00e+00	0.00e+00	0.00e+00	0.00e+00	0.00e+00	0.00e+00	2.12e-04	2.82e-05	1.67e-05
 4.88516e+15	3.08e-04	2.92e-01	7.08e-01	0.00e+00	0.00e+00	0.00e+00	0.00e+00	0.00e+00	0.00e+00	2.54e-04	3.38e-05	2.00e-05
 5.12001e+15	3.75e-04	3.56e-01	6.44e-01	0.00e+00	0.00e+00	0.00e+00	0.00e+00	0.00e+00	0.00e+00	3.09e-04	4.14e-05	2.46e-05
 5.32776e+15	4.50e-04	4.28e-01	5.71e-01	0.00e+00	0.00e+00	0.00e+00	0.00e+00	0.00e+00	0.00e+00	3.71e-04	5.02e-05	2.97e-05
 5.50681e+15	5.27e-04	5.03e-01	4.96e-01	0.00e+00	0.00e+00	0.00e+00	0.00e+00	0.00e+00	0.00e+00	4.33e-04	5.92e-05	3.49e-05
 5.70067e+15	6.22e-04	5.94e-01	4.06e-01	0.00e+00	0.00e+00	0.00e+00	0.00e+00	0.00e+00	0.00e+00	5.10e-04	7.07e-05	4.15e-05
 5.91660e+15	7.31e-04	7.01e-01	2.98e-01	0.00e+00	0.00e+00	0.00e+00	0.00e+00	0.00e+00	0.00e+00	5.98e-04	8.43e-05	4.93e-05
 6.12382e+15	8.32e-04	7.99e-01	2.00e-01	0.00e+00	0.00e+00	0.00e+00	0.00e+00	0.00e+00	0.00e+00	6.79e-04	9.71e-05	5.66e-05
 6.35581e+15	9.30e-04	8.84e-01	1.15e-01	0.00e+00	0.00e+00	0.00e+00	0.00e+00	0.00e+00	0.00e+00	7.57e-04	1.09e-04	6.35e-05
 6.65739e+15	1.03e-03	9.50e-01	4.94e-02	0.00e+00	0.00e+00	0.00e+00	0.00e+00	0.00e+00	0.00e+00	8.37e-04	1.21e-04	7.03e-05
 6.96984e+15	1.11e-03	9.81e-01	1.75e-02	0.00e+00	0.00e+00	0.00e+00	0.00e+00	0.00e+00	0.00e+00	9.01e-04	1.30e-04	7.52e-05
 7.21722e+15	1.17e-03	9.92e-01	7.25e-03	0.00e+00	0.00e+00	0.00e+00	0.00e+00	0.00e+00	0.00e+00	9.56e-04	1.36e-04	7.90e-05
 7.38783e+15	1.22e-03	9.95e-01	3.86e-03	0.00e+00	0.00e+00	0.00e+00	0.00e+00	0.00e+00	0.00e+00	1.00e-03	1.40e-04	8.18e-05
 7.50417e+15	1.26e-03	9.96e-01	2.50e-03	0.00e+00	0.00e+00	0.00e+00	0.00e+00	0.00e+00	0.00e+00	1.03e-03	1.43e-04	8.38e-05
 7.62171e+15	1.31e-03	9.97e-01	1.61e-03	0.00e+00	0.00e+00	0.00e+00	0.00e+00	0.00e+00	0.00e+00	1.08e-03	1.48e-04	8.67e-05
 7.77452e+15	1.39e-03	9.98e-01	8.97e-04	0.00e+00	0.00e+00	0.00e+00	0.00e+00	0.00e+00	0.00e+00	1.14e-03	1.55e-04	9.06e-05
 7.93949e+15	1.48e-03	9.98e-01	4.63e-04	0.00e+00	0.00e+00	0.00e+00	0.00e+00	0.00e+00	0.00e+00	1.22e-03	1.62e-04	9.52e-05
 8.08961e+15	1.58e-03	9.98e-01	2.47e-04	0.00e+00	0.00e+00	0.00e+00	0.00e+00	0.00e+00	0.00e+00	1.31e-03	1.70e-04	1.00e-04
 8.22623e+15	1.69e-03	9.98e-01	1.36e-04	0.00e+00	0.00e+00	0.00e+00	0.00e+00	0.00e+00	0.00e+00	1.40e-03	1.78e-04	1.05e-04
 8.35054e+15	1.79e-03	9.98e-01	7.78e-05	0.00e+00	0.00e+00	0.00e+00	0.00e+00	0.00e+00	0.00e+00	1.49e-03	1.85e-04	1.10e-04
 8.46367e+15	1.89e-03	9.98e-01	4.57e-05	0.00e+00	0.00e+00	0.00e+00	0.00e+00	0.00e+00	0.00e+00	1.58e-03	1.93e-04	1.15e-04
 8.56661e+15	1.98e-03	9.98e-01	2.77e-05	0.00e+00	0.00e+00	0.00e+00	0.00e+00	0.00e+00	0.00e+00	1.67e-03	1.99e-04	1.19e-04
 8.66030e+15	2.07e-03	9.98e-01	1.73e-05	0.00e+00	0.00e+00	0.00e+00	0.00e+00	0.00e+00	0.00e+00	1.74e-03	2.05e-04	1.23e-04
 8.73199e+15	2.14e-03	9.98e-01	1.19e-05	0.00e+00	0.00e+00	0.00e+00	0.00e+00	0.00e+00	0.00e+00	1.80e-03	2.10e-04	1.26e-04
 8.77915e+15	2.18e-03	9.98e-01	9.27e-06	0.00e+00	0.00e+00	0.00e+00	0.00e+00	0.00e+00	0.00e+00	1.84e-03	2.12e-04	1.27e-04
 8.82538e+15	2.22e-03	9.98e-01	7.20e-06	0.00e+00	0.00e+00	0.00e+00	0.00e+00	0.00e+00	0.00e+00	1.87e-03	2.14e-04	1.29e-04
 8.88546e+15	2.26e-03	9.98e-01	5.16e-06	0.00e+00	0.00e+00	0.00e+00	0.00e+00	0.00e+00	0.00e+00	1.91e-03	2.17e-04	1.31e-04
