#depth	O	O+	O+2	O+3	O+4	O+5	O+6	O+7	O+8	O[1]	O[2]	O[3]
 2.92980e+11	6.13e-06	6.75e-03	5.74e-01	4.18e-01	9.54e-04	0.00e+00	0.00e+00	0.00e+00	0.00e+00	4.78e-06	8.86e-07	4.68e-07
 1.75788e+12	6.18e-06	6.77e-03	5.75e-01	4.17e-01	9.49e-04	0.00e+00	0.00e+00	0.00e+00	0.00e+00	4.81e-06	8.95e-07	4.72e-07
 7.61747e+12	6.17e-06	6.78e-03	5.76e-01	4.16e-01	9.44e-04	0.00e+00	0.00e+00	0.00e+00	0.00e+00	4.80e-06	8.92e-07	4.71e-07
 3.10558e+13	6.21e-06	6.82e-03	5.80e-01	4.12e-01	9.22e-04	0.00e+00	0.00e+00	0.00e+00	0.00e+00	4.83e-06	9.01e-07	4.76e-07
 7.41824e+13	6.25e-06	6.90e-03	5.88e-01	4.04e-01	8.81e-04	0.00e+00	0.00e+00	0.00e+00	0.00e+00	4.86e-06	9.11e-07	4.83e-07
 1.30247e+14	6.26e-06	6.96e-03	5.97e-01	3.96e-01	8.36e-04	0.00e+00	0.00e+00	0.00e+00	0.00e+00	4.86e-06	9.12e-07	4.84e-07
 2.03131e+14	6.34e-06	7.08e-03	6.09e-01	3.83e-01	7.78e-04	0.00e+00	0.00e+00	0.00e+00	0.00e+00	4.92e-06	9.28e-07	4.92e-07
 2.97880e+14	6.34e-06	7.19e-03	6.23e-01	3.69e-01	7.14e-04	0.00e+00	0.00e+00	0.00e+00	0.00e+00	4.92e-06	9.27e-07	4.92e-07
 4.21054e+14	6.44e-06	7.37e-03	6.43e-01	3.49e-01	6.34e-04	0.00e+00	0.00e+00	0.00e+00	0.00e+00	5.00e-06	9.44e-07	5.01e-07
 5.81180e+14	6.51e-06	7.56e-03	6.67e-01	3.24e-01	5.44e-04	0.00e+00	0.00e+00	0.00e+00	0.00e+00	5.05e-06	9.54e-07	5.06e-07
 7.89344e+14	6.59e-06	7.81e-03	6.99e-01	2.93e-01	4.44e-04	0.00e+00	0.00e+00	0.00e+00	0.00e+00	5.11e-06	9.63e-07	5.12e-07
 1.05996e+15	6.72e-06	8.14e-03	7.38e-01	2.53e-01	3.35e-04	0.00e+00	0.00e+00	0.00e+00	0.00e+00	5.22e-06	9.82e-07	5.23e-07
 1.41175e+15	6.85e-06	8.52e-03	7.86e-01	2.05e-01	2.28e-04	0.00e+00	0.00e+00	0.00e+00	0.00e+00	5.31e-06	9.99e-07	5.34e-07
 1.86909e+15	7.17e-06	9.05e-03	8.42e-01	1.49e-01	1.30e-04	0.00e+00	0.00e+00	0.00e+00	0.00e+00	5.56e-06	1.05e-06	5.63e-07
 2.46363e+15	7.55e-06	9.65e-03	8.99e-01	9.14e-02	5.68e-05	0.00e+00	0.00e+00	0.00e+00	0.00e+00	5.85e-06	1.11e-06	5.94e-07
 3.23652e+15	8.12e-06	1.04e-02	9.45e-01	4.44e-02	1.70e-05	0.00e+00	0.00e+00	0.00e+00	0.00e+00	6.29e-06	1.19e-06	6.40e-07
 4.24129e+15	9.12e-06	1.12e-02	9.73e-01	1.59e-02	3.12e-06	0.00e+00	0.00e+00	0.00e+00	0.00e+00	7.06e-06	1.34e-06	7.21e-07
 5.30927e+15	1.02e-05	1.21e-02	9.83e-01	5.11e-03	4.81e-07	0.00e+00	0.00e+00	0.00e+00	0.00e+00	7.86e-06	1.50e-06	8.03e-07
 6.23677e+15	1.12e-05	1.28e-02	9.85e-01	1.96e-03	0.00e+00	0.00e+00	0.00e+00	0.00e+00	0.00e+00	8.63e-06	1.66e-06	8.84e-07
 7.21986e+15	1.24e-05	1.36e-02	9.86e-01	7.32e-04	0.00e+00	0.00e+00	0.00e+00	0.00e+00	0.00e+00	9.57e-06	1.85e-06	9.82e-07
 8.16430e+15	1.36e-05	1.44e-02	9.85e-01	3.00e-04	0.00e+00	0.00e+00	0.00e+00	0.00e+00	0.00e+00	1.05e-05	2.04e-06	1.08e-06
 8.98073e+15	1.48e-05	1.51e-02	9.85e-01	1.41e-04	0.00e+00	0.00e+00	0.00e+00	0.00e+00	0.00e+00	1.14e-05	2.22e-06	1.17e-06
 9.87880e+15	1.61e-05	1.59e-02	9.84e-01	6.45e-05	0.00e+00	0.00e+00	0.00e+00	0.00e+00	0.00e+00	1.24e-05	2.42e-06	1.28e-06
 1.08667e+16	1.76e-05	1.68e-02	9.83e-01	2.85e-05	0.00e+00	0.00e+00	0.00e+00	0.00e+00	0.00e+00	1.35e-05	2.66e-06	1.40e-06
 1.19534e+16	1.95e-05	1.78e-02	9.82e-01	1.23e-05	0.00e+00	0.00e+00	0.00e+00	0.00e+00	0.00e+00	1.50e-05	2.95e-06	1.56e-06
 1.31487e+16	2.45e-05	1.99e-02	9.80e-01	4.89e-06	0.00e+00	0.00e+00	0.00e+00	0.00e+00	0.00e+00	1.87e-05	3.86e-06	2.01e-06
 1.43160e+16	2.78e-05	2.14e-02	9.79e-01	2.13e-06	0.00e+00	0.00e+00	0.00e+00	0.00e+00	0.00e+00	2.11e-05	4.39e-06	2.28e-06
 1.55609e+16	3.14e-05	2.29e-02	9.77e-01	9.75e-07	0.00e+00	0.00e+00	0.00e+00	0.00e+00	0.00e+00	2.39e-05	4.97e-06	2.58e-06
 1.70777e+16	3.65e-05	2.49e-02	9.75e-01	4.28e-07	0.00e+00	0.00e+00	0.00e+00	0.00e+00	0.00e+00	2.77e-05	5.79e-06	3.01e-06
 1.87855e+16	4.34e-05	2.73e-02	9.73e-01	1.95e-07	0.00e+00	0.00e+00	0.00e+00	0.00e+00	0.00e+00	3.29e-05	6.89e-06	3.59e-06
 2.06640e+16	5.24e-05	3.02e-02	9.70e-01	0.00e+00	0.00e+00	0.00e+00	0.00e+00	0.00e+00	0.00e+00	3.97e-05	8.33e-06	4.36e-06
 2.27304e+16	6.53e-05	3.38e-02	9.66e-01	0.00e+00	0.00e+00	0.00e+00	0.00e+00	0.00e+00	0.00e+00	4.94e-05	1.04e-05	5.47e-06
 2.44606e+16	8.02e-05	3.75e-02	9.62e-01	0.00e+00	0.00e+00	0.00e+00	0.00e+00	0.00e+00	0.00e+00	6.07e-05	1.28e-05	6.75e-06
 2.55394e+16	9.18e-05	4.01e-02	9.60e-01	0.00e+00	0.00e+00	0.00e+00	0.00e+00	0.00e+00	0.00e+00	6.94e-05	1.47e-05	7.74e-06
 2.65307e+16	1.02e-04	4.23e-02	9.58e-01	0.00e+00	0.00e+00	0.00e+00	0.00e+00	0.00e+00	0.00e+00	7.74e-05	1.64e-05	8.66e-06
 2.78194e+16	1.19e-04	4.54e-02	9.54e-01	0.00e+00	0.00e+00	0.00e+00	0.00e+00	0.00e+00	0.00e+00	8.97e-05	1.89e-05	1.01e-05
 2.92118e+16	1.41e-04	4.93e-02	9.51e-01	0.00e+00	0.00e+00	0.00e+00	0.00e+00	0.00e+00	0.00e+00	1.07e-04	2.25e-05	1.20e-05
 3.03902e+16	1.65e-04	5.31e-02	9.47e-01	0.00e+00	0.00e+00	0.00e+00	0.00e+00	0.00e+00	0.00e+00	1.25e-04	2.63e-05	1.41e-05
 3.13514e+16	1.88e-04	5.65e-02	9.43e-01	0.00e+00	0.00e+00	0.00e+00	0.00e+00	0.00e+00	0.00e+00	1.42e-04	2.99e-05	1.61e-05
 3.23790e+16	2.14e-04	6.01e-02	9.40e-01	0.00e+00	0.00e+00	0.00e+00	0.00e+00	0.00e+00	0.00e+00	1.62e-04	3.40e-05	1.83e-05
 3.37148e+16	2.54e-04	6.51e-02	9.35e-01	0.00e+00	0.00e+00	0.00e+00	0.00e+00	0.00e+00	0.00e+00	1.92e-04	4.02e-05	2.18e-05
 3.50550e+16	3.10e-04	7.13e-02	9.28e-01	0.00e+00	0.00e+00	0.00e+00	0.00e+00	0.00e+00	0.00e+00	2.34e-04	4.89e-05	2.66e-05
 3.60390e+16	3.61e-04	7.64e-02	9.23e-01	0.00e+00	0.00e+00	0.00e+00	0.00e+00	0.00e+00	0.00e+00	2.73e-04	5.69e-05	3.11e-05
 3.68023e+16	4.06e-04	8.07e-02	9.19e-01	0.00e+00	0.00e+00	0.00e+00	0.00e+00	0.00e+00	0.00e+00	3.07e-04	6.38e-05	3.50e-05
 3.76406e+16	4.57e-04	8.52e-02	9.14e-01	0.00e+00	0.00e+00	0.00e+00	0.00e+00	0.00e+00	0.00e+00	3.46e-04	7.15e-05	3.95e-05
 3.87303e+16	5.35e-04	9.18e-02	9.08e-01	0.00e+00	0.00e+00	0.00e+00	0.00e+00	0.00e+00	0.00e+00	4.06e-04	8.34e-05	4.63e-05
 3.98847e+16	6.46e-04	1.00e-01	8.99e-01	0.00e+00	0.00e+00	0.00e+00	0.00e+00	0.00e+00	0.00e+00	4.90e-04	1.00e-04	5.61e-05
 4.08293e+16	7.63e-04	1.08e-01	8.91e-01	0.00e+00	0.00e+00	0.00e+00	0.00e+00	0.00e+00	0.00e+00	5.79e-04	1.18e-04	6.63e-05
 4.15990e+16	8.76e-04	1.15e-01	8.84e-01	0.00e+00	0.00e+00	0.00e+00	0.00e+00	0.00e+00	0.00e+00	6.65e-04	1.35e-04	7.61e-05
 4.24350e+16	1.00e-03	1.23e-01	8.76e-01	0.00e+00	0.00e+00	0.00e+00	0.00e+00	0.00e+00	0.00e+00	7.62e-04	1.53e-04	8.73e-05
 4.35219e+16	1.20e-03	1.34e-01	8.65e-01	0.00e+00	0.00e+00	0.00e+00	0.00e+00	0.00e+00	0.00e+00	9.13e-04	1.82e-04	1.05e-04
 4.46472e+16	1.49e-03	1.48e-01	8.51e-01	0.00e+00	0.00e+00	0.00e+00	0.00e+00	0.00e+00	0.00e+00	1.14e-03	2.25e-04	1.30e-04
 4.55252e+16	1.79e-03	1.61e-01	8.37e-01	0.00e+00	0.00e+00	0.00e+00	0.00e+00	0.00e+00	0.00e+00	1.37e-03	2.69e-04	1.57e-04
 4.62234e+16	2.07e-03	1.72e-01	8.26e-01	0.00e+00	0.00e+00	0.00e+00	0.00e+00	0.00e+00	0.00e+00	1.58e-03	3.10e-04	1.81e-04
 4.69852e+16	2.39e-03	1.85e-01	8.13e-01	0.00e+00	0.00e+00	0.00e+00	0.00e+00	0.00e+00	0.00e+00	1.82e-03	3.55e-04	2.10e-04
 4.79755e+16	2.89e-03	2.02e-01	7.95e-01	0.00e+00	0.00e+00	0.00e+00	0.00e+00	0.00e+00	0.00e+00	2.21e-03	4.26e-04	2.54e-04
 4.90436e+16	3.64e-03	2.26e-01	7.71e-01	0.00e+00	0.00e+00	0.00e+00	0.00e+00	0.00e+00	0.00e+00	2.79e-03	5.32e-04	3.20e-04
 4.99423e+16	4.50e-03	2.49e-01	7.46e-01	0.00e+00	0.00e+00	0.00e+00	0.00e+00	0.00e+00	0.00e+00	3.45e-03	6.54e-04	3.97e-04
 5.06617e+16	5.34e-03	2.70e-01	7.25e-01	0.00e+00	0.00e+00	0.00e+00	0.00e+00	0.00e+00	0.00e+00	4.10e-03	7.71e-04	4.71e-04
 5.14184e+16	6.28e-03	2.91e-01	7.02e-01	0.00e+00	0.00e+00	0.00e+00	0.00e+00	0.00e+00	0.00e+00	4.83e-03	9.00e-04	5.52e-04
 5.23438e+16	7.71e-03	3.21e-01	6.72e-01	0.00e+00	0.00e+00	0.00e+00	0.00e+00	0.00e+00	0.00e+00	5.94e-03	1.09e-03	6.75e-04
 5.32786e+16	9.70e-03	3.56e-01	6.35e-01	0.00e+00	0.00e+00	0.00e+00	0.00e+00	0.00e+00	0.00e+00	7.49e-03	1.36e-03	8.45e-04
 5.40538e+16	1.19e-02	3.89e-01	5.99e-01	0.00e+00	0.00e+00	0.00e+00	0.00e+00	0.00e+00	0.00e+00	9.20e-03	1.66e-03	1.03e-03
 5.46918e+16	1.40e-02	4.17e-01	5.69e-01	0.00e+00	0.00e+00	0.00e+00	0.00e+00	0.00e+00	0.00e+00	1.09e-02	1.94e-03	1.21e-03
 5.53813e+16	1.65e-02	4.47e-01	5.36e-01	0.00e+00	0.00e+00	0.00e+00	0.00e+00	0.00e+00	0.00e+00	1.28e-02	2.27e-03	1.42e-03
 5.62264e+16	2.03e-02	4.87e-01	4.93e-01	0.00e+00	0.00e+00	0.00e+00	0.00e+00	0.00e+00	0.00e+00	1.58e-02	2.76e-03	1.73e-03
 5.70782e+16	2.56e-02	5.31e-01	4.43e-01	0.00e+00	0.00e+00	0.00e+00	0.00e+00	0.00e+00	0.00e+00	2.00e-02	3.44e-03	2.17e-03
 5.77809e+16	3.13e-02	5.70e-01	3.99e-01	0.00e+00	0.00e+00	0.00e+00	0.00e+00	0.00e+00	0.00e+00	2.45e-02	4.17e-03	2.64e-03
 5.83615e+16	3.69e-02	6.02e-01	3.61e-01	0.00e+00	0.00e+00	0.00e+00	0.00e+00	0.00e+00	0.00e+00	2.89e-02	4.89e-03	3.11e-03
 5.89926e+16	4.38e-02	6.35e-01	3.21e-01	0.00e+00	0.00e+00	0.00e+00	0.00e+00	0.00e+00	0.00e+00	3.43e-02	5.75e-03	3.67e-03
 5.98130e+16	5.50e-02	6.76e-01	2.69e-01	0.00e+00	0.00e+00	0.00e+00	0.00e+00	0.00e+00	0.00e+00	4.33e-02	7.14e-03	4.57e-03
 6.06373e+16	7.18e-02	7.15e-01	2.13e-01	0.00e+00	0.00e+00	0.00e+00	0.00e+00	0.00e+00	0.00e+00	5.67e-02	9.19e-03	5.92e-03
 6.11882e+16	8.78e-02	7.39e-01	1.74e-01	0.00e+00	0.00e+00	0.00e+00	0.00e+00	0.00e+00	0.00e+00	6.94e-02	1.11e-02	7.21e-03
 6.15048e+16	9.85e-02	7.49e-01	1.52e-01	0.00e+00	0.00e+00	0.00e+00	0.00e+00	0.00e+00	0.00e+00	7.80e-02	1.25e-02	8.07e-03
 6.17948e+16	1.09e-01	7.56e-01	1.35e-01	0.00e+00	0.00e+00	0.00e+00	0.00e+00	0.00e+00	0.00e+00	8.62e-02	1.37e-02	8.88e-03
 6.21719e+16	1.24e-01	7.63e-01	1.13e-01	0.00e+00	0.00e+00	0.00e+00	0.00e+00	0.00e+00	0.00e+00	9.84e-02	1.55e-02	1.01e-02
 6.25714e+16	1.44e-01	7.64e-01	9.15e-02	0.00e+00	0.00e+00	0.00e+00	0.00e+00	0.00e+00	0.00e+00	1.15e-01	1.80e-02	1.17e-02
 6.28915e+16	1.64e-01	7.61e-01	7.50e-02	0.00e+00	0.00e+00	0.00e+00	0.00e+00	0.00e+00	0.00e+00	1.31e-01	2.03e-02	1.33e-02
 6.31326e+16	1.82e-01	7.55e-01	6.36e-02	0.00e+00	0.00e+00	0.00e+00	0.00e+00	0.00e+00	0.00e+00	1.45e-01	2.24e-02	1.46e-02
 6.33797e+16	2.01e-01	7.46e-01	5.32e-02	0.00e+00	0.00e+00	0.00e+00	0.00e+00	0.00e+00	0.00e+00	1.60e-01	2.46e-02	1.61e-02
 6.36523e+16	2.26e-01	7.32e-01	4.24e-02	0.00e+00	0.00e+00	0.00e+00	0.00e+00	0.00e+00	0.00e+00	1.80e-01	2.76e-02	1.81e-02
 6.38866e+16	2.51e-01	7.15e-01	3.42e-02	0.00e+00	0.00e+00	0.00e+00	0.00e+00	0.00e+00	0.00e+00	2.00e-01	3.05e-02	2.01e-02
 6.40709e+16	2.73e-01	6.99e-01	2.85e-02	0.00e+00	0.00e+00	0.00e+00	0.00e+00	0.00e+00	0.00e+00	2.18e-01	3.31e-02	2.18e-02
 6.42366e+16	2.94e-01	6.82e-01	2.39e-02	0.00e+00	0.00e+00	0.00e+00	0.00e+00	0.00e+00	0.00e+00	2.35e-01	3.55e-02	2.34e-02
 6.44270e+16	3.21e-01	6.60e-01	1.92e-02	0.00e+00	0.00e+00	0.00e+00	0.00e+00	0.00e+00	0.00e+00	2.57e-01	3.85e-02	2.54e-02
 6.46305e+16	3.53e-01	6.32e-01	1.49e-02	0.00e+00	0.00e+00	0.00e+00	0.00e+00	0.00e+00	0.00e+00	2.83e-01	4.20e-02	2.78e-02
 6.47990e+16	3.83e-01	6.05e-01	1.17e-02	0.00e+00	0.00e+00	0.00e+00	0.00e+00	0.00e+00	0.00e+00	3.08e-01	4.53e-02	3.01e-02
 6.49335e+16	4.09e-01	5.82e-01	9.61e-03	0.00e+00	0.00e+00	0.00e+00	0.00e+00	0.00e+00	0.00e+00	3.29e-01	4.79e-02	3.19e-02
 6.50700e+16	4.36e-01	5.57e-01	7.75e-03	0.00e+00	0.00e+00	0.00e+00	0.00e+00	0.00e+00	0.00e+00	3.51e-01	5.07e-02	3.38e-02
 6.52247e+16	4.69e-01	5.25e-01	5.94e-03	0.00e+00	0.00e+00	0.00e+00	0.00e+00	0.00e+00	0.00e+00	3.79e-01	5.40e-02	3.61e-02
 6.53710e+16	5.03e-01	4.93e-01	4.51e-03	0.00e+00	0.00e+00	0.00e+00	0.00e+00	0.00e+00	0.00e+00	4.07e-01	5.72e-02	3.84e-02
 6.54859e+16	5.31e-01	4.66e-01	3.58e-03	0.00e+00	0.00e+00	0.00e+00	0.00e+00	0.00e+00	0.00e+00	4.31e-01	5.97e-02	4.02e-02
 6.55762e+16	5.53e-01	4.44e-01	2.96e-03	0.00e+00	0.00e+00	0.00e+00	0.00e+00	0.00e+00	0.00e+00	4.49e-01	6.16e-02	4.16e-02
 6.56601e+16	5.73e-01	4.24e-01	2.46e-03	0.00e+00	0.00e+00	0.00e+00	0.00e+00	0.00e+00	0.00e+00	4.67e-01	6.33e-02	4.29e-02
 6.57456e+16	5.95e-01	4.03e-01	2.01e-03	0.00e+00	0.00e+00	0.00e+00	0.00e+00	0.00e+00	0.00e+00	4.86e-01	6.49e-02	4.42e-02
 6.58143e+16	6.13e-01	3.85e-01	1.71e-03	0.00e+00	0.00e+00	0.00e+00	0.00e+00	0.00e+00	0.00e+00	5.02e-01	6.62e-02	4.52e-02
 6.58576e+16	6.24e-01	3.75e-01	1.54e-03	0.00e+00	0.00e+00	0.00e+00	0.00e+00	0.00e+00	0.00e+00	5.11e-01	6.69e-02	4.57e-02
 6.58960e+16	6.34e-01	3.65e-01	1.39e-03	0.00e+00	0.00e+00	0.00e+00	0.00e+00	0.00e+00	0.00e+00	5.20e-01	6.76e-02	4.63e-02
 6.59421e+16	6.45e-01	3.53e-01	1.24e-03	0.00e+00	0.00e+00	0.00e+00	0.00e+00	0.00e+00	0.00e+00	5.30e-01	6.84e-02	4.69e-02
 6.59932e+16	6.59e-01	3.40e-01	1.08e-03	0.00e+00	0.00e+00	0.00e+00	0.00e+00	0.00e+00	0.00e+00	5.42e-01	6.92e-02	4.76e-02
 6.60413e+16	6.72e-01	3.27e-01	9.41e-04	0.00e+00	0.00e+00	0.00e+00	0.00e+00	0.00e+00	0.00e+00	5.53e-01	7.00e-02	4.82e-02
 6.60841e+16	6.83e-01	3.16e-01	8.33e-04	0.00e+00	0.00e+00	0.00e+00	0.00e+00	0.00e+00	0.00e+00	5.64e-01	7.06e-02	4.87e-02
 6.61248e+16	6.94e-01	3.06e-01	7.39e-04	0.00e+00	0.00e+00	0.00e+00	0.00e+00	0.00e+00	0.00e+00	5.73e-01	7.11e-02	4.92e-02
 6.61663e+16	7.05e-01	2.95e-01	6.52e-04	0.00e+00	0.00e+00	0.00e+00	0.00e+00	0.00e+00	0.00e+00	5.83e-01	7.17e-02	4.97e-02
 6.62085e+16	7.16e-01	2.84e-01	5.72e-04	0.00e+00	0.00e+00	0.00e+00	0.00e+00	0.00e+00	0.00e+00	5.93e-01	7.22e-02	5.01e-02
 6.62496e+16	7.27e-01	2.73e-01	5.01e-04	0.00e+00	0.00e+00	0.00e+00	0.00e+00	0.00e+00	0.00e+00	6.03e-01	7.26e-02	5.05e-02
 6.62888e+16	7.37e-01	2.63e-01	4.41e-04	0.00e+00	0.00e+00	0.00e+00	0.00e+00	0.00e+00	0.00e+00	6.13e-01	7.30e-02	5.09e-02
 6.63269e+16	7.47e-01	2.53e-01	3.88e-04	0.00e+00	0.00e+00	0.00e+00	0.00e+00	0.00e+00	0.00e+00	6.22e-01	7.34e-02	5.12e-02
 6.63647e+16	7.57e-01	2.43e-01	3.41e-04	0.00e+00	0.00e+00	0.00e+00	0.00e+00	0.00e+00	0.00e+00	6.31e-01	7.37e-02	5.15e-02
 6.64022e+16	7.66e-01	2.33e-01	2.98e-04	0.00e+00	0.00e+00	0.00e+00	0.00e+00	0.00e+00	0.00e+00	6.40e-01	7.39e-02	5.18e-02
 6.64390e+16	7.76e-01	2.24e-01	2.61e-04	0.00e+00	0.00e+00	0.00e+00	0.00e+00	0.00e+00	0.00e+00	6.49e-01	7.42e-02	5.21e-02
 6.64747e+16	7.85e-01	2.15e-01	2.29e-04	0.00e+00	0.00e+00	0.00e+00	0.00e+00	0.00e+00	0.00e+00	6.58e-01	7.43e-02	5.23e-02
 6.65097e+16	7.93e-01	2.07e-01	2.00e-04	0.00e+00	0.00e+00	0.00e+00	0.00e+00	0.00e+00	0.00e+00	6.66e-01	7.45e-02	5.24e-02
 6.65442e+16	8.02e-01	1.98e-01	1.75e-04	0.00e+00	0.00e+00	0.00e+00	0.00e+00	0.00e+00	0.00e+00	6.75e-01	7.46e-02	5.26e-02
 6.65783e+16	8.10e-01	1.90e-01	1.53e-04	0.00e+00	0.00e+00	0.00e+00	0.00e+00	0.00e+00	0.00e+00	6.83e-01	7.47e-02	5.27e-02
 6.66118e+16	8.18e-01	1.82e-01	1.34e-04	0.00e+00	0.00e+00	0.00e+00	0.00e+00	0.00e+00	0.00e+00	6.90e-01	7.47e-02	5.28e-02
 6.66445e+16	8.26e-01	1.74e-01	1.17e-04	0.00e+00	0.00e+00	0.00e+00	0.00e+00	0.00e+00	0.00e+00	6.98e-01	7.47e-02	5.29e-02
 6.66766e+16	8.33e-01	1.67e-01	1.02e-04	0.00e+00	0.00e+00	0.00e+00	0.00e+00	0.00e+00	0.00e+00	7.05e-01	7.47e-02	5.30e-02
 6.67082e+16	8.40e-01	1.60e-01	8.86e-05	0.00e+00	0.00e+00	0.00e+00	0.00e+00	0.00e+00	0.00e+00	7.13e-01	7.47e-02	5.30e-02
 6.67393e+16	8.47e-01	1.53e-01	7.71e-05	0.00e+00	0.00e+00	0.00e+00	0.00e+00	0.00e+00	0.00e+00	7.20e-01	7.46e-02	5.30e-02
 6.67699e+16	8.54e-01	1.46e-01	6.71e-05	0.00e+00	0.00e+00	0.00e+00	0.00e+00	0.00e+00	0.00e+00	7.26e-01	7.46e-02	5.30e-02
 6.67999e+16	8.60e-01	1.40e-01	5.84e-05	0.00e+00	0.00e+00	0.00e+00	0.00e+00	0.00e+00	0.00e+00	7.33e-01	7.45e-02	5.30e-02
 6.68292e+16	8.66e-01	1.33e-01	5.08e-05	0.00e+00	0.00e+00	0.00e+00	0.00e+00	0.00e+00	0.00e+00	7.39e-01	7.44e-02	5.30e-02
 6.68577e+16	8.72e-01	1.28e-01	4.43e-05	0.00e+00	0.00e+00	0.00e+00	0.00e+00	0.00e+00	0.00e+00	7.45e-01	7.43e-02	5.29e-02
 6.68853e+16	8.78e-01	1.22e-01	3.86e-05	0.00e+00	0.00e+00	0.00e+00	0.00e+00	0.00e+00	0.00e+00	7.51e-01	7.41e-02	5.29e-02
 6.69122e+16	8.83e-01	1.17e-01	3.38e-05	0.00e+00	0.00e+00	0.00e+00	0.00e+00	0.00e+00	0.00e+00	7.56e-01	7.40e-02	5.28e-02
 6.69385e+16	8.88e-01	1.12e-01	2.95e-05	0.00e+00	0.00e+00	0.00e+00	0.00e+00	0.00e+00	0.00e+00	7.61e-01	7.39e-02	5.27e-02
 6.69641e+16	8.93e-01	1.07e-01	2.58e-05	0.00e+00	0.00e+00	0.00e+00	0.00e+00	0.00e+00	0.00e+00	7.66e-01	7.38e-02	5.26e-02
 6.69890e+16	8.97e-01	1.03e-01	2.26e-05	0.00e+00	0.00e+00	0.00e+00	0.00e+00	0.00e+00	0.00e+00	7.71e-01	7.37e-02	5.25e-02
 6.70132e+16	9.02e-01	9.82e-02	1.98e-05	0.00e+00	0.00e+00	0.00e+00	0.00e+00	0.00e+00	0.00e+00	7.76e-01	7.35e-02	5.25e-02
 6.70369e+16	9.06e-01	9.40e-02	1.74e-05	0.00e+00	0.00e+00	0.00e+00	0.00e+00	0.00e+00	0.00e+00	7.80e-01	7.34e-02	5.24e-02
 6.70600e+16	9.10e-01	9.01e-02	1.53e-05	0.00e+00	0.00e+00	0.00e+00	0.00e+00	0.00e+00	0.00e+00	7.84e-01	7.33e-02	5.23e-02
 6.70824e+16	9.14e-01	8.63e-02	1.34e-05	0.00e+00	0.00e+00	0.00e+00	0.00e+00	0.00e+00	0.00e+00	7.88e-01	7.32e-02	5.22e-02
 6.71045e+16	9.17e-01	8.28e-02	1.18e-05	0.00e+00	0.00e+00	0.00e+00	0.00e+00	0.00e+00	0.00e+00	7.92e-01	7.31e-02	5.21e-02
 6.71260e+16	9.21e-01	7.93e-02	1.04e-05	0.00e+00	0.00e+00	0.00e+00	0.00e+00	0.00e+00	0.00e+00	7.96e-01	7.30e-02	5.20e-02
 6.71472e+16	9.24e-01	7.60e-02	9.16e-06	0.00e+00	0.00e+00	0.00e+00	0.00e+00	0.00e+00	0.00e+00	7.99e-01	7.30e-02	5.19e-02
 6.71677e+16	9.27e-01	7.29e-02	8.08e-06	0.00e+00	0.00e+00	0.00e+00	0.00e+00	0.00e+00	0.00e+00	8.02e-01	7.29e-02	5.18e-02
 6.71877e+16	9.30e-01	6.99e-02	7.14e-06	0.00e+00	0.00e+00	0.00e+00	0.00e+00	0.00e+00	0.00e+00	8.06e-01	7.28e-02	5.17e-02
 6.72073e+16	9.33e-01	6.70e-02	6.31e-06	0.00e+00	0.00e+00	0.00e+00	0.00e+00	0.00e+00	0.00e+00	8.09e-01	7.28e-02	5.16e-02
 6.72266e+16	9.36e-01	6.43e-02	5.57e-06	0.00e+00	0.00e+00	0.00e+00	0.00e+00	0.00e+00	0.00e+00	8.11e-01	7.28e-02	5.15e-02
 6.72454e+16	9.38e-01	6.17e-02	4.92e-06	0.00e+00	0.00e+00	0.00e+00	0.00e+00	0.00e+00	0.00e+00	8.14e-01	7.27e-02	5.14e-02
 6.72637e+16	9.41e-01	5.92e-02	4.36e-06	0.00e+00	0.00e+00	0.00e+00	0.00e+00	0.00e+00	0.00e+00	8.17e-01	7.27e-02	5.13e-02
 6.72815e+16	9.43e-01	5.68e-02	3.87e-06	0.00e+00	0.00e+00	0.00e+00	0.00e+00	0.00e+00	0.00e+00	8.19e-01	7.26e-02	5.11e-02
 6.72992e+16	9.45e-01	5.45e-02	3.42e-06	0.00e+00	0.00e+00	0.00e+00	0.00e+00	0.00e+00	0.00e+00	8.22e-01	7.27e-02	5.11e-02
 6.73167e+16	9.48e-01	5.23e-02	3.03e-06	0.00e+00	0.00e+00	0.00e+00	0.00e+00	0.00e+00	0.00e+00	8.24e-01	7.27e-02	5.10e-02
 6.73334e+16	9.50e-01	5.02e-02	2.69e-06	0.00e+00	0.00e+00	0.00e+00	0.00e+00	0.00e+00	0.00e+00	8.26e-01	7.27e-02	5.09e-02
 6.73497e+16	9.52e-01	4.83e-02	2.40e-06	0.00e+00	0.00e+00	0.00e+00	0.00e+00	0.00e+00	0.00e+00	8.28e-01	7.27e-02	5.07e-02
 6.73660e+16	9.54e-01	4.63e-02	2.12e-06	0.00e+00	0.00e+00	0.00e+00	0.00e+00	0.00e+00	0.00e+00	8.30e-01	7.29e-02	5.07e-02
 6.73819e+16	9.56e-01	4.44e-02	1.89e-06	0.00e+00	0.00e+00	0.00e+00	0.00e+00	0.00e+00	0.00e+00	8.32e-01	7.30e-02	5.06e-02
 6.73971e+16	9.57e-01	4.26e-02	1.68e-06	0.00e+00	0.00e+00	0.00e+00	0.00e+00	0.00e+00	0.00e+00	8.34e-01	7.31e-02	5.06e-02
 6.74121e+16	9.59e-01	4.09e-02	1.50e-06	0.00e+00	0.00e+00	0.00e+00	0.00e+00	0.00e+00	0.00e+00	8.35e-01	7.32e-02	5.05e-02
 6.74270e+16	9.61e-01	3.93e-02	1.33e-06	0.00e+00	0.00e+00	0.00e+00	0.00e+00	0.00e+00	0.00e+00	8.37e-01	7.34e-02	5.05e-02
 6.74414e+16	9.62e-01	3.77e-02	1.19e-06	0.00e+00	0.00e+00	0.00e+00	0.00e+00	0.00e+00	0.00e+00	8.38e-01	7.35e-02	5.05e-02
 6.74554e+16	9.64e-01	3.62e-02	1.06e-06	0.00e+00	0.00e+00	0.00e+00	0.00e+00	0.00e+00	0.00e+00	8.40e-01	7.37e-02	5.05e-02
 6.74690e+16	9.65e-01	3.48e-02	9.45e-07	0.00e+00	0.00e+00	0.00e+00	0.00e+00	0.00e+00	0.00e+00	8.41e-01	7.39e-02	5.04e-02
 6.74826e+16	9.67e-01	3.34e-02	8.41e-07	0.00e+00	0.00e+00	0.00e+00	0.00e+00	0.00e+00	0.00e+00	8.42e-01	7.42e-02	5.05e-02
 6.74957e+16	9.68e-01	3.20e-02	7.51e-07	0.00e+00	0.00e+00	0.00e+00	0.00e+00	0.00e+00	0.00e+00	8.43e-01	7.45e-02	5.05e-02
 6.75081e+16	9.69e-01	3.07e-02	6.72e-07	0.00e+00	0.00e+00	0.00e+00	0.00e+00	0.00e+00	0.00e+00	8.44e-01	7.48e-02	5.05e-02
 6.75203e+16	9.70e-01	2.95e-02	6.02e-07	0.00e+00	0.00e+00	0.00e+00	0.00e+00	0.00e+00	0.00e+00	8.45e-01	7.51e-02	5.06e-02
 6.75323e+16	9.72e-01	2.83e-02	5.38e-07	0.00e+00	0.00e+00	0.00e+00	0.00e+00	0.00e+00	0.00e+00	8.46e-01	7.55e-02	5.06e-02
 6.75441e+16	9.73e-01	2.72e-02	4.81e-07	0.00e+00	0.00e+00	0.00e+00	0.00e+00	0.00e+00	0.00e+00	8.46e-01	7.59e-02	5.07e-02
 6.75553e+16	9.74e-01	2.61e-02	4.32e-07	0.00e+00	0.00e+00	0.00e+00	0.00e+00	0.00e+00	0.00e+00	8.47e-01	7.63e-02	5.08e-02
 6.75659e+16	9.75e-01	2.50e-02	3.88e-07	0.00e+00	0.00e+00	0.00e+00	0.00e+00	0.00e+00	0.00e+00	8.47e-01	7.68e-02	5.09e-02
 6.75759e+16	9.76e-01	2.41e-02	3.50e-07	0.00e+00	0.00e+00	0.00e+00	0.00e+00	0.00e+00	0.00e+00	8.48e-01	7.72e-02	5.10e-02
 6.75852e+16	9.77e-01	2.32e-02	3.18e-07	0.00e+00	0.00e+00	0.00e+00	0.00e+00	0.00e+00	0.00e+00	8.48e-01	7.77e-02	5.11e-02
 6.75937e+16	9.78e-01	2.24e-02	2.90e-07	0.00e+00	0.00e+00	0.00e+00	0.00e+00	0.00e+00	0.00e+00	8.48e-01	7.82e-02	5.12e-02
 6.76017e+16	9.78e-01	2.16e-02	2.66e-07	0.00e+00	0.00e+00	0.00e+00	0.00e+00	0.00e+00	0.00e+00	8.48e-01	7.87e-02	5.14e-02
 6.76090e+16	9.79e-01	2.09e-02	2.45e-07	0.00e+00	0.00e+00	0.00e+00	0.00e+00	0.00e+00	0.00e+00	8.48e-01	7.92e-02	5.15e-02
 6.76158e+16	9.80e-01	2.03e-02	2.26e-07	0.00e+00	0.00e+00	0.00e+00	0.00e+00	0.00e+00	0.00e+00	8.48e-01	7.98e-02	5.17e-02
 6.76222e+16	9.80e-01	1.97e-02	2.09e-07	0.00e+00	0.00e+00	0.00e+00	0.00e+00	0.00e+00	0.00e+00	8.48e-01	8.04e-02	5.18e-02
 6.76280e+16	9.81e-01	1.91e-02	1.94e-07	0.00e+00	0.00e+00	0.00e+00	0.00e+00	0.00e+00	0.00e+00	8.48e-01	8.10e-02	5.20e-02
 6.76333e+16	9.81e-01	1.86e-02	1.82e-07	0.00e+00	0.00e+00	0.00e+00	0.00e+00	0.00e+00	0.00e+00	8.48e-01	8.15e-02	5.22e-02
 6.76382e+16	9.82e-01	1.81e-02	1.70e-07	0.00e+00	0.00e+00	0.00e+00	0.00e+00	0.00e+00	0.00e+00	8.47e-01	8.21e-02	5.23e-02
 6.76428e+16	9.82e-01	1.76e-02	1.60e-07	0.00e+00	0.00e+00	0.00e+00	0.00e+00	0.00e+00	0.00e+00	8.47e-01	8.27e-02	5.25e-02
 6.76471e+16	9.83e-01	1.72e-02	1.50e-07	0.00e+00	0.00e+00	0.00e+00	0.00e+00	0.00e+00	0.00e+00	8.47e-01	8.33e-02	5.27e-02
 6.76510e+16	9.83e-01	1.67e-02	1.42e-07	0.00e+00	0.00e+00	0.00e+00	0.00e+00	0.00e+00	0.00e+00	8.46e-01	8.39e-02	5.29e-02
 6.76547e+16	9.84e-01	1.63e-02	1.34e-07	0.00e+00	0.00e+00	0.00e+00	0.00e+00	0.00e+00	0.00e+00	8.46e-01	8.45e-02	5.30e-02
 6.76581e+16	9.84e-01	1.60e-02	1.27e-07	0.00e+00	0.00e+00	0.00e+00	0.00e+00	0.00e+00	0.00e+00	8.46e-01	8.51e-02	5.32e-02
 6.76613e+16	9.84e-01	1.56e-02	1.21e-07	0.00e+00	0.00e+00	0.00e+00	0.00e+00	0.00e+00	0.00e+00	8.45e-01	8.57e-02	5.34e-02
 6.76642e+16	9.85e-01	1.53e-02	1.15e-07	0.00e+00	0.00e+00	0.00e+00	0.00e+00	0.00e+00	0.00e+00	8.45e-01	8.64e-02	5.36e-02
 6.76670e+16	9.85e-01	1.49e-02	1.10e-07	0.00e+00	0.00e+00	0.00e+00	0.00e+00	0.00e+00	0.00e+00	8.44e-01	8.70e-02	5.38e-02
 6.76695e+16	9.85e-01	1.47e-02	1.05e-07	0.00e+00	0.00e+00	0.00e+00	0.00e+00	0.00e+00	0.00e+00	8.44e-01	8.74e-02	5.39e-02
 6.76721e+16	9.86e-01	1.43e-02	9.96e-08	0.00e+00	0.00e+00	0.00e+00	0.00e+00	0.00e+00	0.00e+00	8.43e-01	8.83e-02	5.41e-02
 6.76744e+16	9.86e-01	1.40e-02	9.51e-08	0.00e+00	0.00e+00	0.00e+00	0.00e+00	0.00e+00	0.00e+00	8.43e-01	8.90e-02	5.44e-02
 6.76763e+16	9.86e-01	1.38e-02	9.19e-08	0.00e+00	0.00e+00	0.00e+00	0.00e+00	0.00e+00	0.00e+00	8.42e-01	8.94e-02	5.45e-02
 6.76782e+16	9.87e-01	1.35e-02	8.77e-08	0.00e+00	0.00e+00	0.00e+00	0.00e+00	0.00e+00	0.00e+00	8.42e-01	9.03e-02	5.47e-02
 6.76801e+16	9.87e-01	1.32e-02	8.40e-08	0.00e+00	0.00e+00	0.00e+00	0.00e+00	0.00e+00	0.00e+00	8.41e-01	9.10e-02	5.49e-02
 6.76817e+16	9.87e-01	1.30e-02	8.08e-08	0.00e+00	0.00e+00	0.00e+00	0.00e+00	0.00e+00	0.00e+00	8.40e-01	9.17e-02	5.51e-02
 6.76831e+16	9.87e-01	1.28e-02	7.85e-08	0.00e+00	0.00e+00	0.00e+00	0.00e+00	0.00e+00	0.00e+00	8.40e-01	9.21e-02	5.52e-02
 6.76847e+16	9.88e-01	1.25e-02	7.48e-08	0.00e+00	0.00e+00	0.00e+00	0.00e+00	0.00e+00	0.00e+00	8.39e-01	9.32e-02	5.55e-02
 6.76861e+16	9.88e-01	1.23e-02	7.25e-08	0.00e+00	0.00e+00	0.00e+00	0.00e+00	0.00e+00	0.00e+00	8.38e-01	9.36e-02	5.57e-02
 6.76874e+16	9.88e-01	1.20e-02	6.93e-08	0.00e+00	0.00e+00	0.00e+00	0.00e+00	0.00e+00	0.00e+00	8.37e-01	9.47e-02	5.60e-02
 6.76885e+16	9.88e-01	1.18e-02	6.74e-08	0.00e+00	0.00e+00	0.00e+00	0.00e+00	0.00e+00	0.00e+00	8.37e-01	9.51e-02	5.61e-02
 6.76896e+16	9.88e-01	1.16e-02	6.46e-08	0.00e+00	0.00e+00	0.00e+00	0.00e+00	0.00e+00	0.00e+00	8.36e-01	9.62e-02	5.64e-02
 6.76907e+16	9.89e-01	1.14e-02	6.22e-08	0.00e+00	0.00e+00	0.00e+00	0.00e+00	0.00e+00	0.00e+00	8.35e-01	9.71e-02	5.66e-02
 6.76916e+16	9.89e-01	1.12e-02	6.05e-08	0.00e+00	0.00e+00	0.00e+00	0.00e+00	0.00e+00	0.00e+00	8.34e-01	9.76e-02	5.67e-02
 6.76925e+16	9.89e-01	1.09e-02	5.78e-08	0.00e+00	0.00e+00	0.00e+00	0.00e+00	0.00e+00	0.00e+00	8.33e-01	9.87e-02	5.71e-02
 6.76934e+16	9.89e-01	1.07e-02	5.54e-08	0.00e+00	0.00e+00	0.00e+00	0.00e+00	0.00e+00	0.00e+00	8.32e-01	9.99e-02	5.74e-02
 6.76941e+16	9.90e-01	1.05e-02	5.33e-08	0.00e+00	0.00e+00	0.00e+00	0.00e+00	0.00e+00	0.00e+00	8.31e-01	1.01e-01	5.76e-02
 6.76948e+16	9.90e-01	1.03e-02	5.13e-08	0.00e+00	0.00e+00	0.00e+00	0.00e+00	0.00e+00	0.00e+00	8.30e-01	1.02e-01	5.79e-02
 6.76955e+16	9.90e-01	1.00e-02	4.92e-08	0.00e+00	0.00e+00	0.00e+00	0.00e+00	0.00e+00	0.00e+00	8.29e-01	1.03e-01	5.82e-02
 6.76962e+16	9.90e-01	9.70e-03	4.63e-08	0.00e+00	0.00e+00	0.00e+00	0.00e+00	0.00e+00	0.00e+00	8.27e-01	1.05e-01	5.87e-02
 6.76968e+16	9.91e-01	9.34e-03	4.34e-08	0.00e+00	0.00e+00	0.00e+00	0.00e+00	0.00e+00	0.00e+00	8.25e-01	1.07e-01	5.92e-02
 6.76975e+16	9.91e-01	8.84e-03	3.94e-08	0.00e+00	0.00e+00	0.00e+00	0.00e+00	0.00e+00	0.00e+00	8.21e-01	1.10e-01	5.99e-02
 6.76982e+16	9.96e-01	4.24e-03	1.04e-08	0.00e+00	0.00e+00	0.00e+00	0.00e+00	0.00e+00	0.00e+00	7.76e-01	1.53e-01	6.72e-02
