#depth	He	He+	He+2
 2.92980e+11	5.82e-04	4.62e-01	5.37e-01
 1.75788e+12	5.84e-04	4.63e-01	5.36e-01
 7.61747e+12	5.84e-04	4.63e-01	5.36e-01
 3.10558e+13	5.88e-04	4.66e-01	5.33e-01
 7.41824e+13	5.93e-04	4.69e-01	5.30e-01
 1.30247e+14	5.98e-04	4.73e-01	5.26e-01
 2.03131e+14	6.08e-04	4.81e-01	5.19e-01
 2.97880e+14	6.19e-04	4.91e-01	5.09e-01
 4.21054e+14	6.38e-04	5.06e-01	4.93e-01
 5.81180e+14	6.62e-04	5.27e-01	4.72e-01
 7.89344e+14	6.93e-04	5.57e-01	4.42e-01
 1.05996e+15	7.38e-04	6.00e-01	4.00e-01
 1.41175e+15	7.96e-04	6.57e-01	3.42e-01
 1.86909e+15	8.77e-04	7.33e-01	2.66e-01
 2.46363e+15	9.73e-04	8.23e-01	1.76e-01
 3.23652e+15	1.08e-03	9.08e-01	9.05e-02
 4.24129e+15	1.18e-03	9.66e-01	3.33e-02
 5.30927e+15	1.26e-03	9.88e-01	1.03e-02
 6.23677e+15	1.32e-03	9.95e-01	3.74e-03
 7.21986e+15	1.38e-03	9.97e-01	1.35e-03
 8.16430e+15	1.44e-03	9.98e-01	5.22e-04
 8.98073e+15	1.49e-03	9.98e-01	2.38e-04
 9.87880e+15	1.54e-03	9.98e-01	1.05e-04
 1.08667e+16	1.60e-03	9.98e-01	4.51e-05
 1.19534e+16	1.67e-03	9.98e-01	1.88e-05
 1.31487e+16	1.82e-03	9.98e-01	7.41e-06
 1.43160e+16	1.91e-03	9.98e-01	3.11e-06
 1.55609e+16	2.01e-03	9.98e-01	1.36e-06
 1.70777e+16	2.13e-03	9.98e-01	5.63e-07
 1.87855e+16	2.28e-03	9.98e-01	2.38e-07
 2.06640e+16	2.45e-03	9.98e-01	1.05e-07
 2.27304e+16	2.66e-03	9.97e-01	4.87e-08
 2.44606e+16	2.87e-03	9.97e-01	2.83e-08
 2.55394e+16	3.02e-03	9.97e-01	2.07e-08
 2.65307e+16	3.15e-03	9.97e-01	1.56e-08
 2.78194e+16	3.32e-03	9.97e-01	1.10e-08
 2.92118e+16	3.53e-03	9.96e-01	7.90e-09
 3.03902e+16	3.74e-03	9.96e-01	6.11e-09
 3.13514e+16	3.91e-03	9.96e-01	5.00e-09
 3.23790e+16	4.10e-03	9.96e-01	4.04e-09
 3.37148e+16	4.34e-03	9.96e-01	3.14e-09
 3.50550e+16	4.64e-03	9.95e-01	2.51e-09
 3.60390e+16	4.89e-03	9.95e-01	2.17e-09
 3.68023e+16	5.08e-03	9.95e-01	1.93e-09
 3.76406e+16	5.29e-03	9.95e-01	1.71e-09
 3.87303e+16	5.57e-03	9.94e-01	1.47e-09
 3.98847e+16	5.91e-03	9.94e-01	1.28e-09
 4.08293e+16	6.22e-03	9.94e-01	1.16e-09
 4.15990e+16	6.48e-03	9.94e-01	1.07e-09
 4.24350e+16	6.76e-03	9.93e-01	9.79e-10
 4.35219e+16	7.13e-03	9.93e-01	8.86e-10
 4.46472e+16	7.59e-03	9.92e-01	8.12e-10
 4.55252e+16	7.99e-03	9.92e-01	7.63e-10
 4.62234e+16	8.32e-03	9.92e-01	7.30e-10
 4.69852e+16	8.66e-03	9.91e-01	6.96e-10
 4.79755e+16	9.12e-03	9.91e-01	6.60e-10
 4.90436e+16	9.69e-03	9.90e-01	6.30e-10
 4.99423e+16	1.03e-02	9.90e-01	6.10e-10
 5.06617e+16	1.07e-02	9.89e-01	5.96e-10
 5.14184e+16	1.12e-02	9.89e-01	5.85e-10
 5.23438e+16	1.18e-02	9.88e-01	5.75e-10
 5.32786e+16	1.26e-02	9.87e-01	5.69e-10
 5.40538e+16	1.33e-02	9.87e-01	5.68e-10
 5.46918e+16	1.40e-02	9.86e-01	5.65e-10
 5.53813e+16	1.46e-02	9.85e-01	5.68e-10
 5.62264e+16	1.56e-02	9.84e-01	5.72e-10
 5.70782e+16	1.68e-02	9.83e-01	5.80e-10
 5.77809e+16	1.80e-02	9.82e-01	5.88e-10
 5.83615e+16	1.91e-02	9.81e-01	5.97e-10
 5.89926e+16	2.05e-02	9.80e-01	6.10e-10
 5.98130e+16	2.26e-02	9.77e-01	6.29e-10
 6.06373e+16	2.56e-02	9.74e-01	6.57e-10
 6.11882e+16	2.84e-02	9.72e-01	6.84e-10
 6.15048e+16	3.03e-02	9.70e-01	7.03e-10
 6.17948e+16	3.23e-02	9.68e-01	7.22e-10
 6.21719e+16	3.52e-02	9.65e-01	7.52e-10
 6.25714e+16	3.90e-02	9.61e-01	7.97e-10
 6.28915e+16	4.28e-02	9.57e-01	8.41e-10
 6.31326e+16	4.62e-02	9.54e-01	8.84e-10
 6.33797e+16	5.03e-02	9.50e-01	9.33e-10
 6.36523e+16	5.58e-02	9.44e-01	1.00e-09
 6.38866e+16	6.14e-02	9.39e-01	1.08e-09
 6.40709e+16	6.67e-02	9.33e-01	1.15e-09
 6.42366e+16	7.22e-02	9.28e-01	1.22e-09
 6.44270e+16	7.93e-02	9.21e-01	1.33e-09
 6.46305e+16	8.85e-02	9.12e-01	1.47e-09
 6.47990e+16	9.76e-02	9.02e-01	1.61e-09
 6.49335e+16	1.06e-01	8.94e-01	1.74e-09
 6.50700e+16	1.16e-01	8.84e-01	1.88e-09
 6.52247e+16	1.29e-01	8.71e-01	2.08e-09
 6.53710e+16	1.43e-01	8.57e-01	2.32e-09
 6.54859e+16	1.56e-01	8.44e-01	2.52e-09
 6.55762e+16	1.68e-01	8.32e-01	2.70e-09
 6.56601e+16	1.80e-01	8.20e-01	2.88e-09
 6.57456e+16	1.94e-01	8.06e-01	3.08e-09
 6.58143e+16	2.05e-01	7.95e-01	3.26e-09
 6.58576e+16	2.13e-01	7.87e-01	3.37e-09
 6.58960e+16	2.21e-01	7.79e-01	3.46e-09
 6.59421e+16	2.30e-01	7.70e-01	3.58e-09
 6.59932e+16	2.41e-01	7.59e-01	3.74e-09
 6.60413e+16	2.52e-01	7.48e-01	3.89e-09
 6.60841e+16	2.62e-01	7.38e-01	4.03e-09
 6.61248e+16	2.72e-01	7.28e-01	4.16e-09
 6.61663e+16	2.83e-01	7.17e-01	4.31e-09
 6.62085e+16	2.95e-01	7.05e-01	4.46e-09
 6.62496e+16	3.07e-01	6.93e-01	4.61e-09
 6.62888e+16	3.19e-01	6.81e-01	4.76e-09
 6.63269e+16	3.31e-01	6.69e-01	4.91e-09
 6.63647e+16	3.43e-01	6.57e-01	5.06e-09
 6.64022e+16	3.56e-01	6.44e-01	5.21e-09
 6.64390e+16	3.69e-01	6.31e-01	5.37e-09
 6.64747e+16	3.82e-01	6.18e-01	5.52e-09
 6.65097e+16	3.96e-01	6.04e-01	5.67e-09
 6.65442e+16	4.09e-01	5.91e-01	5.81e-09
 6.65783e+16	4.23e-01	5.77e-01	5.96e-09
 6.66118e+16	4.37e-01	5.63e-01	6.10e-09
 6.66445e+16	4.52e-01	5.48e-01	6.24e-09
 6.66766e+16	4.66e-01	5.34e-01	6.38e-09
 6.67082e+16	4.80e-01	5.20e-01	6.51e-09
 6.67393e+16	4.95e-01	5.05e-01	6.64e-09
 6.67699e+16	5.10e-01	4.90e-01	6.77e-09
 6.67999e+16	5.24e-01	4.76e-01	6.88e-09
 6.68292e+16	5.39e-01	4.61e-01	7.00e-09
 6.68577e+16	5.53e-01	4.47e-01	7.10e-09
 6.68853e+16	5.68e-01	4.32e-01	7.19e-09
 6.69122e+16	5.82e-01	4.18e-01	7.28e-09
 6.69385e+16	5.95e-01	4.05e-01	7.36e-09
 6.69641e+16	6.09e-01	3.91e-01	7.44e-09
 6.69890e+16	6.22e-01	3.78e-01	7.50e-09
 6.70132e+16	6.35e-01	3.65e-01	7.56e-09
 6.70369e+16	6.48e-01	3.52e-01	7.61e-09
 6.70600e+16	6.61e-01	3.39e-01	7.65e-09
 6.70824e+16	6.73e-01	3.27e-01	7.69e-09
 6.71045e+16	6.85e-01	3.15e-01	7.71e-09
 6.71260e+16	6.96e-01	3.04e-01	7.74e-09
 6.71472e+16	7.08e-01	2.92e-01	7.75e-09
 6.71677e+16	7.19e-01	2.81e-01	7.76e-09
 6.71877e+16	7.29e-01	2.71e-01	7.76e-09
 6.72073e+16	7.40e-01	2.60e-01	7.75e-09
 6.72266e+16	7.50e-01	2.50e-01	7.74e-09
 6.72454e+16	7.60e-01	2.40e-01	7.73e-09
 6.72637e+16	7.69e-01	2.31e-01	7.71e-09
 6.72815e+16	7.78e-01	2.22e-01	7.68e-09
 6.72992e+16	7.87e-01	2.13e-01	7.64e-09
 6.73167e+16	7.96e-01	2.04e-01	7.60e-09
 6.73334e+16	8.04e-01	1.96e-01	7.56e-09
 6.73497e+16	8.12e-01	1.88e-01	7.52e-09
 6.73660e+16	8.20e-01	1.80e-01	7.45e-09
 6.73819e+16	8.27e-01	1.73e-01	7.40e-09
 6.73971e+16	8.34e-01	1.66e-01	7.33e-09
 6.74121e+16	8.41e-01	1.59e-01	7.26e-09
 6.74270e+16	8.48e-01	1.52e-01	7.18e-09
 6.74414e+16	8.54e-01	1.46e-01	7.11e-09
 6.74554e+16	8.60e-01	1.40e-01	7.03e-09
 6.74690e+16	8.66e-01	1.34e-01	6.94e-09
 6.74826e+16	8.72e-01	1.28e-01	6.85e-09
 6.74957e+16	8.77e-01	1.23e-01	6.76e-09
 6.75081e+16	8.82e-01	1.18e-01	6.66e-09
 6.75203e+16	8.87e-01	1.13e-01	6.55e-09
 6.75323e+16	8.92e-01	1.08e-01	6.45e-09
 6.75441e+16	8.97e-01	1.03e-01	6.34e-09
 6.75553e+16	9.01e-01	9.88e-02	6.23e-09
 6.75659e+16	9.05e-01	9.47e-02	6.11e-09
 6.75759e+16	9.09e-01	9.09e-02	5.99e-09
 6.75852e+16	9.13e-01	8.73e-02	5.88e-09
 6.75937e+16	9.16e-01	8.42e-02	5.77e-09
 6.76017e+16	9.19e-01	8.11e-02	5.65e-09
 6.76090e+16	9.22e-01	7.84e-02	5.55e-09
 6.76158e+16	9.24e-01	7.58e-02	5.44e-09
 6.76222e+16	9.27e-01	7.34e-02	5.33e-09
 6.76280e+16	9.29e-01	7.11e-02	5.22e-09
 6.76333e+16	9.31e-01	6.91e-02	5.12e-09
 6.76382e+16	9.33e-01	6.72e-02	5.02e-09
 6.76428e+16	9.35e-01	6.54e-02	4.93e-09
 6.76471e+16	9.36e-01	6.38e-02	4.83e-09
 6.76510e+16	9.38e-01	6.22e-02	4.74e-09
 6.76547e+16	9.39e-01	6.07e-02	4.65e-09
 6.76581e+16	9.41e-01	5.93e-02	4.56e-09
 6.76613e+16	9.42e-01	5.80e-02	4.48e-09
 6.76642e+16	9.43e-01	5.68e-02	4.39e-09
 6.76670e+16	9.44e-01	5.56e-02	4.31e-09
 6.76695e+16	9.45e-01	5.46e-02	4.25e-09
 6.76721e+16	9.47e-01	5.34e-02	4.15e-09
 6.76744e+16	9.48e-01	5.23e-02	4.07e-09
 6.76763e+16	9.48e-01	5.15e-02	4.01e-09
 6.76782e+16	9.50e-01	5.05e-02	3.92e-09
 6.76801e+16	9.50e-01	4.95e-02	3.84e-09
 6.76817e+16	9.51e-01	4.87e-02	3.77e-09
 6.76831e+16	9.52e-01	4.81e-02	3.72e-09
 6.76847e+16	9.53e-01	4.71e-02	3.62e-09
 6.76861e+16	9.54e-01	4.64e-02	3.57e-09
 6.76874e+16	9.54e-01	4.55e-02	3.48e-09
 6.76885e+16	9.55e-01	4.50e-02	3.43e-09
 6.76896e+16	9.56e-01	4.42e-02	3.35e-09
 6.76907e+16	9.57e-01	4.34e-02	3.27e-09
 6.76916e+16	9.57e-01	4.29e-02	3.22e-09
 6.76925e+16	9.58e-01	4.21e-02	3.13e-09
 6.76934e+16	9.59e-01	4.14e-02	3.05e-09
 6.76941e+16	9.59e-01	4.07e-02	2.97e-09
 6.76948e+16	9.60e-01	4.00e-02	2.90e-09
 6.76955e+16	9.61e-01	3.93e-02	2.81e-09
 6.76962e+16	9.62e-01	3.83e-02	2.70e-09
 6.76968e+16	9.63e-01	3.73e-02	2.57e-09
 6.76975e+16	9.64e-01	3.58e-02	2.40e-09
 6.76982e+16	9.79e-01	2.11e-02	8.68e-10
