#depth	H	H+	H2
 2.92980e+11	2.14e-03	9.98e-01	3.37e-12
 1.75788e+12	2.15e-03	9.98e-01	3.36e-12
 7.61747e+12	2.15e-03	9.98e-01	3.38e-12
 3.10558e+13	2.14e-03	9.98e-01	3.34e-12
 7.41824e+13	2.13e-03	9.98e-01	3.38e-12
 1.30247e+14	2.11e-03	9.98e-01	3.39e-12
 2.03131e+14	2.10e-03	9.98e-01	3.37e-12
 2.97880e+14	2.07e-03	9.98e-01	3.37e-12
 4.21054e+14	2.05e-03	9.98e-01	3.32e-12
 5.81180e+14	2.01e-03	9.98e-01	3.24e-12
 7.89344e+14	1.97e-03	9.98e-01	3.15e-12
 1.05996e+15	1.92e-03	9.98e-01	2.98e-12
 1.41175e+15	1.86e-03	9.98e-01	2.74e-12
 1.86909e+15	1.81e-03	9.98e-01	2.42e-12
 2.46363e+15	1.76e-03	9.98e-01	2.19e-12
 3.23652e+15	1.74e-03	9.98e-01	2.11e-12
 4.24129e+15	1.76e-03	9.98e-01	2.18e-12
 5.30927e+15	1.78e-03	9.98e-01	2.43e-12
 6.23677e+15	1.81e-03	9.98e-01	2.63e-12
 7.21986e+15	1.85e-03	9.98e-01	2.80e-12
 8.16430e+15	1.87e-03	9.98e-01	2.96e-12
 8.98073e+15	1.90e-03	9.98e-01	3.05e-12
 9.87880e+15	1.93e-03	9.98e-01	3.14e-12
 1.08667e+16	1.96e-03	9.98e-01	3.19e-12
 1.19534e+16	2.00e-03	9.98e-01	3.24e-12
 1.31487e+16	2.12e-03	9.98e-01	2.90e-12
 1.43160e+16	2.18e-03	9.98e-01	2.84e-12
 1.55609e+16	2.24e-03	9.98e-01	2.77e-12
 1.70777e+16	2.32e-03	9.98e-01	2.59e-12
 1.87855e+16	2.42e-03	9.98e-01	2.39e-12
 2.06640e+16	2.55e-03	9.97e-01	2.14e-12
 2.27304e+16	2.71e-03	9.97e-01	1.86e-12
 2.44606e+16	2.90e-03	9.97e-01	1.74e-12
 2.55394e+16	3.03e-03	9.97e-01	1.68e-12
 2.65307e+16	3.14e-03	9.97e-01	1.58e-12
 2.78194e+16	3.30e-03	9.97e-01	1.48e-12
 2.92118e+16	3.51e-03	9.96e-01	1.42e-12
 3.03902e+16	3.72e-03	9.96e-01	1.40e-12
 3.13514e+16	3.90e-03	9.96e-01	1.39e-12
 3.23790e+16	4.10e-03	9.96e-01	1.36e-12
 3.37148e+16	4.37e-03	9.96e-01	1.34e-12
 3.50550e+16	4.74e-03	9.95e-01	1.39e-12
 3.60390e+16	5.06e-03	9.95e-01	1.45e-12
 3.68023e+16	5.32e-03	9.95e-01	1.49e-12
 3.76406e+16	5.58e-03	9.94e-01	1.52e-12
 3.87303e+16	5.96e-03	9.94e-01	1.56e-12
 3.98847e+16	6.48e-03	9.94e-01	1.66e-12
 4.08293e+16	6.99e-03	9.93e-01	1.77e-12
 4.15990e+16	7.43e-03	9.93e-01	1.86e-12
 4.24350e+16	7.87e-03	9.92e-01	1.93e-12
 4.35219e+16	8.52e-03	9.91e-01	2.03e-12
 4.46472e+16	9.42e-03	9.91e-01	2.21e-12
 4.55252e+16	1.03e-02	9.90e-01	2.38e-12
 4.62234e+16	1.10e-02	9.89e-01	2.51e-12
 4.69852e+16	1.17e-02	9.88e-01	2.62e-12
 4.79755e+16	1.28e-02	9.87e-01	2.77e-12
 4.90436e+16	1.42e-02	9.86e-01	3.00e-12
 4.99423e+16	1.58e-02	9.84e-01	3.25e-12
 5.06617e+16	1.71e-02	9.83e-01	3.46e-12
 5.14184e+16	1.85e-02	9.81e-01	3.62e-12
 5.23438e+16	2.05e-02	9.80e-01	3.84e-12
 5.32786e+16	2.30e-02	9.77e-01	4.15e-12
 5.40538e+16	2.56e-02	9.74e-01	4.47e-12
 5.46918e+16	2.79e-02	9.72e-01	4.74e-12
 5.53813e+16	3.04e-02	9.70e-01	4.98e-12
 5.62264e+16	3.41e-02	9.66e-01	5.32e-12
 5.70782e+16	3.90e-02	9.61e-01	5.83e-12
 5.77809e+16	4.40e-02	9.56e-01	6.39e-12
 5.83615e+16	4.88e-02	9.51e-01	6.91e-12
 5.89926e+16	5.43e-02	9.46e-01	7.47e-12
 5.98130e+16	6.33e-02	9.37e-01	8.43e-12
 6.06373e+16	7.67e-02	9.23e-01	1.01e-11
 6.11882e+16	8.93e-02	9.11e-01	1.18e-11
 6.15048e+16	9.78e-02	9.02e-01	1.30e-11
 6.17948e+16	1.06e-01	8.94e-01	1.41e-11
 6.21719e+16	1.18e-01	8.82e-01	1.58e-11
 6.25714e+16	1.34e-01	8.66e-01	1.84e-11
 6.28915e+16	1.50e-01	8.50e-01	2.11e-11
 6.31326e+16	1.64e-01	8.36e-01	2.36e-11
 6.33797e+16	1.80e-01	8.20e-01	2.65e-11
 6.36523e+16	2.01e-01	7.99e-01	3.07e-11
 6.38866e+16	2.23e-01	7.77e-01	3.53e-11
 6.40709e+16	2.41e-01	7.59e-01	3.97e-11
 6.42366e+16	2.60e-01	7.40e-01	4.42e-11
 6.44270e+16	2.83e-01	7.17e-01	5.04e-11
 6.46305e+16	3.12e-01	6.88e-01	5.88e-11
 6.47990e+16	3.40e-01	6.60e-01	6.74e-11
 6.49335e+16	3.63e-01	6.37e-01	7.56e-11
 6.50700e+16	3.88e-01	6.12e-01	8.52e-11
 6.52247e+16	4.20e-01	5.80e-01	9.84e-11
 6.53710e+16	4.52e-01	5.48e-01	1.14e-10
 6.54859e+16	4.80e-01	5.20e-01	1.28e-10
 6.55762e+16	5.01e-01	4.99e-01	1.41e-10
 6.56601e+16	5.22e-01	4.78e-01	1.55e-10
 6.57456e+16	5.44e-01	4.56e-01	1.70e-10
 6.58143e+16	5.63e-01	4.37e-01	1.84e-10
 6.58576e+16	5.73e-01	4.27e-01	1.93e-10
 6.58960e+16	5.83e-01	4.17e-01	2.02e-10
 6.59421e+16	5.96e-01	4.04e-01	2.14e-10
 6.59932e+16	6.10e-01	3.90e-01	2.28e-10
 6.60413e+16	6.23e-01	3.77e-01	2.42e-10
 6.60841e+16	6.35e-01	3.65e-01	2.55e-10
 6.61248e+16	6.47e-01	3.53e-01	2.69e-10
 6.61663e+16	6.58e-01	3.42e-01	2.84e-10
 6.62085e+16	6.70e-01	3.30e-01	3.01e-10
 6.62496e+16	6.82e-01	3.18e-01	3.18e-10
 6.62888e+16	6.93e-01	3.07e-01	3.36e-10
 6.63269e+16	7.04e-01	2.96e-01	3.54e-10
 6.63647e+16	7.15e-01	2.85e-01	3.74e-10
 6.64022e+16	7.25e-01	2.75e-01	3.95e-10
 6.64390e+16	7.36e-01	2.64e-01	4.17e-10
 6.64747e+16	7.46e-01	2.54e-01	4.41e-10
 6.65097e+16	7.55e-01	2.45e-01	4.65e-10
 6.65442e+16	7.65e-01	2.35e-01	4.91e-10
 6.65783e+16	7.74e-01	2.26e-01	5.18e-10
 6.66118e+16	7.83e-01	2.17e-01	5.47e-10
 6.66445e+16	7.92e-01	2.08e-01	5.77e-10
 6.66766e+16	8.00e-01	2.00e-01	6.10e-10
 6.67082e+16	8.09e-01	1.91e-01	6.44e-10
 6.67393e+16	8.17e-01	1.83e-01	6.80e-10
 6.67699e+16	8.24e-01	1.76e-01	7.18e-10
 6.67999e+16	8.32e-01	1.68e-01	7.59e-10
 6.68292e+16	8.39e-01	1.61e-01	8.02e-10
 6.68577e+16	8.46e-01	1.54e-01	8.47e-10
 6.68853e+16	8.52e-01	1.48e-01	8.95e-10
 6.69122e+16	8.58e-01	1.42e-01	9.44e-10
 6.69385e+16	8.64e-01	1.36e-01	9.97e-10
 6.69641e+16	8.70e-01	1.30e-01	1.05e-09
 6.69890e+16	8.75e-01	1.25e-01	1.11e-09
 6.70132e+16	8.80e-01	1.20e-01	1.17e-09
 6.70369e+16	8.85e-01	1.15e-01	1.24e-09
 6.70600e+16	8.90e-01	1.10e-01	1.31e-09
 6.70824e+16	8.94e-01	1.06e-01	1.38e-09
 6.71045e+16	8.99e-01	1.01e-01	1.46e-09
 6.71260e+16	9.03e-01	9.72e-02	1.54e-09
 6.71472e+16	9.07e-01	9.33e-02	1.63e-09
 6.71677e+16	9.10e-01	8.95e-02	1.72e-09
 6.71877e+16	9.14e-01	8.60e-02	1.82e-09
 6.72073e+16	9.17e-01	8.25e-02	1.92e-09
 6.72266e+16	9.21e-01	7.92e-02	2.03e-09
 6.72454e+16	9.24e-01	7.61e-02	2.15e-09
 6.72637e+16	9.27e-01	7.31e-02	2.28e-09
 6.72815e+16	9.30e-01	7.02e-02	2.42e-09
 6.72992e+16	9.33e-01	6.74e-02	2.57e-09
 6.73167e+16	9.35e-01	6.47e-02	2.73e-09
 6.73334e+16	9.38e-01	6.22e-02	2.90e-09
 6.73497e+16	9.40e-01	5.98e-02	3.08e-09
 6.73660e+16	9.43e-01	5.74e-02	3.29e-09
 6.73819e+16	9.45e-01	5.51e-02	3.51e-09
 6.73971e+16	9.47e-01	5.30e-02	3.74e-09
 6.74121e+16	9.49e-01	5.09e-02	4.00e-09
 6.74270e+16	9.51e-01	4.89e-02	4.29e-09
 6.74414e+16	9.53e-01	4.70e-02	4.60e-09
 6.74554e+16	9.55e-01	4.51e-02	4.95e-09
 6.74690e+16	9.57e-01	4.33e-02	5.34e-09
 6.74826e+16	9.58e-01	4.16e-02	5.77e-09
 6.74957e+16	9.60e-01	4.00e-02	6.25e-09
 6.75081e+16	9.62e-01	3.84e-02	6.78e-09
 6.75203e+16	9.63e-01	3.69e-02	7.38e-09
 6.75323e+16	9.65e-01	3.54e-02	8.07e-09
 6.75441e+16	9.66e-01	3.40e-02	8.86e-09
 6.75553e+16	9.67e-01	3.27e-02	9.77e-09
 6.75659e+16	9.69e-01	3.14e-02	1.08e-08
 6.75759e+16	9.70e-01	3.02e-02	1.19e-08
 6.75852e+16	9.71e-01	2.91e-02	1.32e-08
 6.75937e+16	9.72e-01	2.81e-02	1.45e-08
 6.76017e+16	9.73e-01	2.72e-02	1.61e-08
 6.76090e+16	9.74e-01	2.64e-02	1.77e-08
 6.76158e+16	9.74e-01	2.55e-02	1.96e-08
 6.76222e+16	9.75e-01	2.48e-02	2.17e-08
 6.76280e+16	9.76e-01	2.41e-02	2.40e-08
 6.76333e+16	9.77e-01	2.34e-02	2.66e-08
 6.76382e+16	9.77e-01	2.28e-02	2.93e-08
 6.76428e+16	9.78e-01	2.23e-02	3.24e-08
 6.76471e+16	9.78e-01	2.17e-02	3.59e-08
 6.76510e+16	9.79e-01	2.12e-02	3.97e-08
 6.76547e+16	9.79e-01	2.07e-02	4.38e-08
 6.76581e+16	9.80e-01	2.02e-02	4.84e-08
 6.76613e+16	9.80e-01	1.98e-02	5.36e-08
 6.76642e+16	9.81e-01	1.94e-02	5.93e-08
 6.76670e+16	9.81e-01	1.90e-02	6.56e-08
 6.76695e+16	9.81e-01	1.86e-02	7.16e-08
 6.76721e+16	9.82e-01	1.82e-02	8.07e-08
 6.76744e+16	9.82e-01	1.78e-02	8.99e-08
 6.76763e+16	9.82e-01	1.76e-02	9.75e-08
 6.76782e+16	9.83e-01	1.72e-02	1.09e-07
 6.76801e+16	9.83e-01	1.69e-02	1.22e-07
 6.76817e+16	9.83e-01	1.66e-02	1.35e-07
 6.76831e+16	9.84e-01	1.63e-02	1.45e-07
 6.76847e+16	9.84e-01	1.60e-02	1.65e-07
 6.76861e+16	9.84e-01	1.57e-02	1.81e-07
 6.76874e+16	9.85e-01	1.54e-02	2.03e-07
 6.76885e+16	9.85e-01	1.52e-02	2.21e-07
 6.76896e+16	9.85e-01	1.49e-02	2.46e-07
 6.76907e+16	9.85e-01	1.46e-02	2.73e-07
 6.76916e+16	9.86e-01	1.44e-02	2.94e-07
 6.76925e+16	9.86e-01	1.41e-02	3.32e-07
 6.76934e+16	9.86e-01	1.38e-02	3.67e-07
 6.76941e+16	9.86e-01	1.35e-02	4.03e-07
 6.76948e+16	9.87e-01	1.32e-02	4.41e-07
 6.76955e+16	9.87e-01	1.29e-02	4.84e-07
 6.76962e+16	9.87e-01	1.25e-02	5.45e-07
 6.76968e+16	9.88e-01	1.21e-02	6.11e-07
 6.76975e+16	9.89e-01	1.15e-02	7.00e-07
 6.76982e+16	9.94e-01	5.87e-03	1.98e-06
