#depth	He	He+	He+2
 2.59279e+11	1.80e-03	9.98e-01	4.63e-04
 1.55568e+12	1.80e-03	9.98e-01	4.63e-04
 6.74126e+12	1.80e-03	9.98e-01	4.59e-04
 2.74836e+13	1.81e-03	9.98e-01	4.43e-04
 6.56495e+13	1.81e-03	9.98e-01	4.31e-04
 1.15265e+14	1.81e-03	9.98e-01	4.04e-04
 1.79766e+14	1.82e-03	9.98e-01	3.62e-04
 2.63616e+14	1.83e-03	9.98e-01	3.07e-04
 3.72622e+14	1.84e-03	9.98e-01	2.42e-04
 5.14329e+14	1.85e-03	9.98e-01	1.74e-04
 6.98549e+14	1.87e-03	9.98e-01	1.11e-04
 9.38034e+14	1.90e-03	9.98e-01	6.15e-05
 1.24936e+15	1.93e-03	9.98e-01	2.84e-05
 1.65410e+15	1.98e-03	9.98e-01	1.05e-05
 2.18024e+15	2.04e-03	9.98e-01	3.01e-06
 2.86424e+15	2.12e-03	9.98e-01	6.32e-07
 3.75343e+15	2.24e-03	9.98e-01	9.54e-08
 4.83399e+15	2.38e-03	9.98e-01	1.16e-08
 5.96831e+15	2.55e-03	9.97e-01	1.62e-09
 7.00755e+15	2.71e-03	9.97e-01	3.51e-10
 7.86498e+15	2.86e-03	9.97e-01	1.24e-10
 8.65148e+15	3.02e-03	9.97e-01	5.81e-11
 9.46514e+15	3.19e-03	9.97e-01	3.34e-11
 1.02270e+16	3.38e-03	9.97e-01	2.43e-11
 1.09136e+16	3.56e-03	9.96e-01	2.06e-11
 1.15504e+16	3.74e-03	9.96e-01	1.88e-11
 1.21620e+16	3.94e-03	9.96e-01	1.79e-11
 1.27533e+16	4.15e-03	9.96e-01	1.74e-11
 1.33174e+16	4.38e-03	9.96e-01	1.72e-11
 1.38503e+16	4.61e-03	9.95e-01	1.71e-11
 1.43561e+16	4.86e-03	9.95e-01	1.72e-11
 1.48408e+16	5.12e-03	9.95e-01	1.73e-11
 1.53065e+16	5.40e-03	9.95e-01	1.74e-11
 1.57531e+16	5.71e-03	9.94e-01	1.76e-11
 1.61795e+16	6.03e-03	9.94e-01	1.78e-11
 1.65875e+16	6.37e-03	9.94e-01	1.80e-11
 1.69798e+16	6.76e-03	9.93e-01	1.83e-11
 1.73562e+16	7.17e-03	9.93e-01	1.86e-11
 1.77160e+16	7.62e-03	9.92e-01	1.90e-11
 1.80597e+16	8.12e-03	9.92e-01	1.94e-11
 1.83886e+16	8.67e-03	9.91e-01	1.98e-11
 1.87017e+16	9.28e-03	9.91e-01	2.02e-11
 1.89952e+16	9.93e-03	9.90e-01	2.07e-11
 1.92694e+16	1.07e-02	9.89e-01	2.12e-11
 1.95280e+16	1.14e-02	9.89e-01	2.18e-11
 1.97735e+16	1.23e-02	9.88e-01	2.25e-11
 2.00069e+16	1.33e-02	9.87e-01	2.31e-11
 2.02265e+16	1.44e-02	9.86e-01	2.39e-11
 2.04322e+16	1.57e-02	9.84e-01	2.50e-11
 2.06274e+16	1.71e-02	9.83e-01	2.63e-11
 2.08132e+16	1.87e-02	9.81e-01	2.79e-11
 2.09884e+16	2.06e-02	9.79e-01	2.96e-11
 2.11517e+16	2.28e-02	9.77e-01	3.17e-11
 2.13037e+16	2.53e-02	9.75e-01	3.43e-11
 2.14460e+16	2.82e-02	9.72e-01	3.75e-11
 2.15789e+16	3.16e-02	9.68e-01	4.16e-11
 2.17016e+16	3.56e-02	9.64e-01	4.53e-11
 2.17984e+16	3.96e-02	9.60e-01	5.06e-11
 2.18651e+16	4.28e-02	9.57e-01	5.64e-11
 2.19312e+16	4.67e-02	9.53e-01	6.26e-11
 2.20034e+16	5.15e-02	9.48e-01	7.28e-11
 2.20660e+16	5.66e-02	9.43e-01	8.36e-11
 2.21172e+16	6.15e-02	9.39e-01	9.52e-11
 2.21629e+16	6.65e-02	9.33e-01	1.08e-10
 2.22142e+16	7.32e-02	9.27e-01	1.26e-10
 2.22670e+16	8.10e-02	9.19e-01	1.51e-10
 2.23084e+16	8.85e-02	9.12e-01	1.74e-10
 2.23417e+16	9.50e-02	9.05e-01	2.00e-10
 2.23775e+16	1.03e-01	8.97e-01	2.28e-10
 2.24162e+16	1.13e-01	8.87e-01	2.72e-10
 2.24505e+16	1.23e-01	8.77e-01	3.16e-10
 2.24805e+16	1.33e-01	8.67e-01	3.63e-10
 2.25093e+16	1.43e-01	8.57e-01	4.11e-10
 2.25389e+16	1.55e-01	8.45e-01	4.76e-10
 2.25668e+16	1.67e-01	8.33e-01	5.38e-10
 2.25912e+16	1.79e-01	8.21e-01	6.07e-10
 2.26133e+16	1.90e-01	8.10e-01	6.73e-10
 2.26340e+16	2.02e-01	7.98e-01	7.38e-10
 2.26548e+16	2.14e-01	7.86e-01	8.11e-10
 2.26717e+16	2.24e-01	7.76e-01	8.78e-10
 2.26831e+16	2.31e-01	7.69e-01	9.21e-10
 2.26937e+16	2.39e-01	7.61e-01	9.62e-10
 2.27057e+16	2.47e-01	7.53e-01	1.01e-09
 2.27189e+16	2.56e-01	7.44e-01	1.07e-09
 2.27321e+16	2.66e-01	7.34e-01	1.13e-09
 2.27448e+16	2.76e-01	7.24e-01	1.19e-09
 2.27570e+16	2.86e-01	7.14e-01	1.26e-09
 2.27693e+16	2.96e-01	7.04e-01	1.32e-09
 2.27819e+16	3.06e-01	6.94e-01	1.39e-09
 2.27945e+16	3.18e-01	6.82e-01	1.45e-09
 2.28070e+16	3.28e-01	6.72e-01	1.53e-09
 2.28194e+16	3.40e-01	6.60e-01	1.60e-09
 2.28318e+16	3.51e-01	6.49e-01	1.68e-09
 2.28444e+16	3.64e-01	6.36e-01	1.76e-09
 2.28570e+16	3.76e-01	6.24e-01	1.83e-09
 2.28694e+16	3.88e-01	6.12e-01	1.91e-09
 2.28816e+16	4.01e-01	5.99e-01	2.00e-09
 2.28942e+16	4.14e-01	5.86e-01	2.07e-09
 2.29067e+16	4.27e-01	5.73e-01	2.16e-09
 2.29191e+16	4.40e-01	5.60e-01	2.25e-09
 2.29317e+16	4.54e-01	5.46e-01	2.33e-09
 2.29441e+16	4.68e-01	5.32e-01	2.42e-09
 2.29564e+16	4.81e-01	5.19e-01	2.51e-09
 2.29689e+16	4.96e-01	5.04e-01	2.59e-09
 2.29814e+16	5.09e-01	4.91e-01	2.68e-09
 2.29936e+16	5.23e-01	4.77e-01	2.76e-09
 2.30059e+16	5.37e-01	4.63e-01	2.84e-09
 2.30183e+16	5.51e-01	4.49e-01	2.93e-09
 2.30306e+16	5.65e-01	4.35e-01	3.01e-09
 2.30426e+16	5.79e-01	4.21e-01	3.09e-09
 2.30545e+16	5.92e-01	4.08e-01	3.17e-09
 2.30663e+16	6.05e-01	3.95e-01	3.24e-09
 2.30780e+16	6.18e-01	3.82e-01	3.31e-09
 2.30897e+16	6.31e-01	3.69e-01	3.38e-09
 2.31012e+16	6.44e-01	3.56e-01	3.44e-09
 2.31126e+16	6.56e-01	3.44e-01	3.51e-09
 2.31239e+16	6.68e-01	3.32e-01	3.57e-09
 2.31351e+16	6.80e-01	3.20e-01	3.62e-09
 2.31463e+16	6.92e-01	3.08e-01	3.67e-09
 2.31574e+16	7.03e-01	2.97e-01	3.73e-09
 2.31685e+16	7.14e-01	2.86e-01	3.77e-09
 2.31794e+16	7.25e-01	2.75e-01	3.81e-09
 2.31902e+16	7.35e-01	2.65e-01	3.85e-09
 2.32010e+16	7.46e-01	2.54e-01	3.89e-09
 2.32118e+16	7.56e-01	2.44e-01	3.93e-09
 2.32225e+16	7.65e-01	2.35e-01	3.95e-09
 2.32331e+16	7.75e-01	2.25e-01	3.97e-09
 2.32439e+16	7.84e-01	2.16e-01	4.01e-09
 2.32544e+16	7.93e-01	2.07e-01	4.02e-09
 2.32649e+16	8.01e-01	1.99e-01	4.04e-09
 2.32754e+16	8.09e-01	1.91e-01	4.06e-09
 2.32858e+16	8.17e-01	1.83e-01	4.07e-09
 2.32960e+16	8.25e-01	1.75e-01	4.07e-09
 2.33065e+16	8.33e-01	1.67e-01	4.08e-09
 2.33170e+16	8.40e-01	1.60e-01	4.08e-09
 2.33271e+16	8.47e-01	1.53e-01	4.06e-09
 2.33374e+16	8.54e-01	1.46e-01	4.06e-09
 2.33478e+16	8.60e-01	1.40e-01	4.05e-09
 2.33582e+16	8.66e-01	1.34e-01	4.04e-09
 2.33683e+16	8.72e-01	1.28e-01	4.02e-09
 2.33785e+16	8.78e-01	1.22e-01	4.02e-09
 2.33885e+16	8.83e-01	1.17e-01	3.99e-09
 2.33985e+16	8.89e-01	1.11e-01	3.98e-09
 2.34084e+16	8.94e-01	1.06e-01	3.96e-09
 2.34184e+16	8.99e-01	1.01e-01	3.93e-09
 2.34285e+16	9.03e-01	9.66e-02	3.90e-09
 2.34386e+16	9.08e-01	9.21e-02	3.87e-09
 2.34486e+16	9.12e-01	8.78e-02	3.84e-09
 2.34584e+16	9.16e-01	8.37e-02	3.80e-09
 2.34682e+16	9.20e-01	7.97e-02	3.76e-09
 2.34779e+16	9.24e-01	7.60e-02	3.72e-09
 2.34877e+16	9.28e-01	7.24e-02	3.69e-09
 2.34973e+16	9.31e-01	6.90e-02	3.65e-09
 2.35068e+16	9.34e-01	6.58e-02	3.60e-09
 2.35162e+16	9.37e-01	6.28e-02	3.56e-09
 2.35256e+16	9.40e-01	5.99e-02	3.52e-09
 2.35348e+16	9.43e-01	5.71e-02	3.47e-09
 2.35440e+16	9.45e-01	5.46e-02	3.44e-09
 2.35528e+16	9.48e-01	5.21e-02	3.39e-09
 2.35616e+16	9.50e-01	4.98e-02	3.34e-09
 2.35703e+16	9.52e-01	4.76e-02	3.29e-09
 2.35790e+16	9.54e-01	4.55e-02	3.24e-09
 2.35874e+16	9.56e-01	4.36e-02	3.19e-09
 2.35956e+16	9.58e-01	4.17e-02	3.13e-09
 2.36033e+16	9.60e-01	4.00e-02	3.08e-09
 2.36103e+16	9.61e-01	3.86e-02	3.02e-09
 2.36165e+16	9.63e-01	3.73e-02	2.97e-09
 2.36221e+16	9.64e-01	3.61e-02	2.92e-09
 2.36273e+16	9.65e-01	3.51e-02	2.87e-09
 2.36323e+16	9.66e-01	3.42e-02	2.83e-09
 2.36368e+16	9.67e-01	3.33e-02	2.78e-09
 2.36411e+16	9.68e-01	3.25e-02	2.74e-09
 2.36450e+16	9.68e-01	3.17e-02	2.69e-09
 2.36487e+16	9.69e-01	3.10e-02	2.65e-09
 2.36523e+16	9.70e-01	3.04e-02	2.61e-09
 2.36556e+16	9.70e-01	2.98e-02	2.57e-09
 2.36586e+16	9.71e-01	2.92e-02	2.54e-09
 2.36614e+16	9.71e-01	2.87e-02	2.51e-09
 2.36639e+16	9.72e-01	2.83e-02	2.48e-09
 2.36661e+16	9.72e-01	2.79e-02	2.45e-09
 2.36682e+16	9.72e-01	2.75e-02	2.42e-09
 2.36701e+16	9.73e-01	2.72e-02	2.40e-09
 2.36722e+16	9.73e-01	2.68e-02	2.38e-09
 2.36748e+16	9.74e-01	2.64e-02	2.34e-09
 2.36777e+16	9.74e-01	2.59e-02	2.30e-09
 2.36804e+16	9.75e-01	2.54e-02	2.28e-09
 2.36828e+16	9.75e-01	2.51e-02	2.25e-09
 2.36850e+16	9.75e-01	2.47e-02	2.23e-09
 2.36869e+16	9.76e-01	2.44e-02	2.21e-09
