#depth	H	H+	H2
 2.59279e+11	1.23e-03	9.99e-01	5.54e-14
 1.55568e+12	1.23e-03	9.99e-01	5.54e-14
 6.74126e+12	1.23e-03	9.99e-01	5.54e-14
 2.74836e+13	1.23e-03	9.99e-01	5.56e-14
 6.56495e+13	1.22e-03	9.99e-01	5.56e-14
 1.15265e+14	1.21e-03	9.99e-01	5.56e-14
 1.79766e+14	1.21e-03	9.99e-01	5.59e-14
 2.63616e+14	1.20e-03	9.99e-01	5.62e-14
 3.72622e+14	1.20e-03	9.99e-01	5.66e-14
 5.14329e+14	1.19e-03	9.99e-01	5.73e-14
 6.98549e+14	1.19e-03	9.99e-01	5.82e-14
 9.38034e+14	1.19e-03	9.99e-01	5.94e-14
 1.24936e+15	1.19e-03	9.99e-01	6.10e-14
 1.65410e+15	1.20e-03	9.99e-01	6.33e-14
 2.18024e+15	1.22e-03	9.99e-01	6.63e-14
 2.86424e+15	1.25e-03	9.99e-01	7.05e-14
 3.75343e+15	1.30e-03	9.99e-01	7.60e-14
 4.83399e+15	1.37e-03	9.99e-01	8.30e-14
 5.96831e+15	1.46e-03	9.99e-01	9.08e-14
 7.00755e+15	1.57e-03	9.98e-01	9.90e-14
 7.86498e+15	1.67e-03	9.98e-01	1.07e-13
 8.65148e+15	1.79e-03	9.98e-01	1.15e-13
 9.46514e+15	1.93e-03	9.98e-01	1.24e-13
 1.02270e+16	2.09e-03	9.98e-01	1.35e-13
 1.09136e+16	2.25e-03	9.98e-01	1.46e-13
 1.15504e+16	2.42e-03	9.98e-01	1.58e-13
 1.21620e+16	2.61e-03	9.97e-01	1.70e-13
 1.27533e+16	2.82e-03	9.97e-01	1.85e-13
 1.33174e+16	3.05e-03	9.97e-01	2.00e-13
 1.38503e+16	3.31e-03	9.97e-01	2.18e-13
 1.43561e+16	3.58e-03	9.96e-01	2.36e-13
 1.48408e+16	3.89e-03	9.96e-01	2.57e-13
 1.53065e+16	4.23e-03	9.96e-01	2.80e-13
 1.57531e+16	4.60e-03	9.95e-01	3.06e-13
 1.61795e+16	5.02e-03	9.95e-01	3.34e-13
 1.65875e+16	5.48e-03	9.95e-01	3.64e-13
 1.69798e+16	5.99e-03	9.94e-01	4.00e-13
 1.73562e+16	6.58e-03	9.93e-01	4.39e-13
 1.77160e+16	7.23e-03	9.93e-01	4.84e-13
 1.80597e+16	7.97e-03	9.92e-01	5.34e-13
 1.83886e+16	8.81e-03	9.91e-01	5.92e-13
 1.87017e+16	9.77e-03	9.90e-01	6.60e-13
 1.89952e+16	1.08e-02	9.89e-01	7.34e-13
 1.92694e+16	1.21e-02	9.88e-01	8.19e-13
 1.95280e+16	1.34e-02	9.87e-01	9.16e-13
 1.97735e+16	1.50e-02	9.85e-01	1.03e-12
 2.00069e+16	1.68e-02	9.83e-01	1.16e-12
 2.02265e+16	1.89e-02	9.81e-01	1.32e-12
 2.04322e+16	2.14e-02	9.79e-01	1.49e-12
 2.06274e+16	2.43e-02	9.76e-01	1.71e-12
 2.08132e+16	2.77e-02	9.72e-01	1.97e-12
 2.09884e+16	3.18e-02	9.68e-01	2.29e-12
 2.11517e+16	3.68e-02	9.63e-01	2.68e-12
 2.13037e+16	4.27e-02	9.57e-01	3.15e-12
 2.14460e+16	4.99e-02	9.50e-01	3.75e-12
 2.15789e+16	5.88e-02	9.41e-01	4.51e-12
 2.17016e+16	6.98e-02	9.30e-01	5.48e-12
 2.17984e+16	8.12e-02	9.19e-01	6.51e-12
 2.18651e+16	9.09e-02	9.09e-01	7.41e-12
 2.19312e+16	1.02e-01	8.98e-01	8.52e-12
 2.20034e+16	1.17e-01	8.83e-01	1.00e-11
 2.20660e+16	1.33e-01	8.67e-01	1.17e-11
 2.21172e+16	1.49e-01	8.51e-01	1.34e-11
 2.21629e+16	1.66e-01	8.34e-01	1.53e-11
 2.22142e+16	1.87e-01	8.13e-01	1.78e-11
 2.22670e+16	2.13e-01	7.87e-01	2.11e-11
 2.23084e+16	2.37e-01	7.63e-01	2.44e-11
 2.23417e+16	2.58e-01	7.42e-01	2.75e-11
 2.23775e+16	2.84e-01	7.16e-01	3.15e-11
 2.24162e+16	3.13e-01	6.87e-01	3.65e-11
 2.24505e+16	3.42e-01	6.58e-01	4.18e-11
 2.24805e+16	3.68e-01	6.32e-01	4.71e-11
 2.25093e+16	3.96e-01	6.04e-01	5.33e-11
 2.25389e+16	4.24e-01	5.76e-01	6.01e-11
 2.25668e+16	4.52e-01	5.48e-01	6.77e-11
 2.25912e+16	4.77e-01	5.23e-01	7.48e-11
 2.26133e+16	4.99e-01	5.01e-01	8.19e-11
 2.26340e+16	5.21e-01	4.79e-01	8.96e-11
 2.26548e+16	5.42e-01	4.58e-01	9.78e-11
 2.26717e+16	5.58e-01	4.42e-01	1.04e-10
 2.26831e+16	5.70e-01	4.30e-01	1.10e-10
 2.26937e+16	5.80e-01	4.20e-01	1.15e-10
 2.27057e+16	5.93e-01	4.07e-01	1.21e-10
 2.27189e+16	6.05e-01	3.95e-01	1.27e-10
 2.27321e+16	6.18e-01	3.82e-01	1.35e-10
 2.27448e+16	6.30e-01	3.70e-01	1.42e-10
 2.27570e+16	6.42e-01	3.58e-01	1.49e-10
 2.27693e+16	6.54e-01	3.46e-01	1.57e-10
 2.27819e+16	6.65e-01	3.35e-01	1.65e-10
 2.27945e+16	6.77e-01	3.23e-01	1.74e-10
 2.28070e+16	6.87e-01	3.13e-01	1.83e-10
 2.28194e+16	6.99e-01	3.01e-01	1.94e-10
 2.28318e+16	7.09e-01	2.91e-01	2.03e-10
 2.28444e+16	7.20e-01	2.80e-01	2.14e-10
 2.28570e+16	7.30e-01	2.70e-01	2.26e-10
 2.28694e+16	7.40e-01	2.60e-01	2.38e-10
 2.28816e+16	7.49e-01	2.51e-01	2.49e-10
 2.28942e+16	7.59e-01	2.41e-01	2.64e-10
 2.29067e+16	7.68e-01	2.32e-01	2.76e-10
 2.29191e+16	7.77e-01	2.23e-01	2.92e-10
 2.29317e+16	7.86e-01	2.14e-01	3.08e-10
 2.29441e+16	7.95e-01	2.05e-01	3.24e-10
 2.29564e+16	8.03e-01	1.97e-01	3.41e-10
 2.29689e+16	8.11e-01	1.89e-01	3.61e-10
 2.29814e+16	8.19e-01	1.81e-01	3.79e-10
 2.29936e+16	8.26e-01	1.74e-01	4.00e-10
 2.30059e+16	8.33e-01	1.67e-01	4.22e-10
 2.30183e+16	8.40e-01	1.60e-01	4.45e-10
 2.30306e+16	8.47e-01	1.53e-01	4.70e-10
 2.30426e+16	8.53e-01	1.47e-01	4.95e-10
 2.30545e+16	8.59e-01	1.41e-01	5.22e-10
 2.30663e+16	8.65e-01	1.35e-01	5.50e-10
 2.30780e+16	8.70e-01	1.30e-01	5.80e-10
 2.30897e+16	8.76e-01	1.24e-01	6.12e-10
 2.31012e+16	8.81e-01	1.19e-01	6.47e-10
 2.31126e+16	8.85e-01	1.15e-01	6.80e-10
 2.31239e+16	8.90e-01	1.10e-01	7.20e-10
 2.31351e+16	8.94e-01	1.06e-01	7.61e-10
 2.31463e+16	8.99e-01	1.01e-01	8.03e-10
 2.31574e+16	9.03e-01	9.75e-02	8.44e-10
 2.31685e+16	9.06e-01	9.36e-02	8.96e-10
 2.31794e+16	9.10e-01	8.98e-02	9.49e-10
 2.31902e+16	9.14e-01	8.63e-02	1.00e-09
 2.32010e+16	9.17e-01	8.30e-02	1.05e-09
 2.32118e+16	9.20e-01	7.97e-02	1.12e-09
 2.32225e+16	9.23e-01	7.66e-02	1.19e-09
 2.32331e+16	9.26e-01	7.36e-02	1.26e-09
 2.32439e+16	9.29e-01	7.09e-02	1.32e-09
 2.32544e+16	9.32e-01	6.81e-02	1.41e-09
 2.32649e+16	9.34e-01	6.55e-02	1.49e-09
 2.32754e+16	9.37e-01	6.30e-02	1.59e-09
 2.32858e+16	9.39e-01	6.06e-02	1.69e-09
 2.32960e+16	9.42e-01	5.83e-02	1.79e-09
 2.33065e+16	9.44e-01	5.61e-02	1.91e-09
 2.33170e+16	9.46e-01	5.39e-02	2.04e-09
 2.33271e+16	9.48e-01	5.18e-02	2.18e-09
 2.33374e+16	9.50e-01	4.99e-02	2.33e-09
 2.33478e+16	9.52e-01	4.80e-02	2.48e-09
 2.33582e+16	9.54e-01	4.61e-02	2.65e-09
 2.33683e+16	9.56e-01	4.44e-02	2.82e-09
 2.33785e+16	9.57e-01	4.28e-02	3.01e-09
 2.33885e+16	9.59e-01	4.12e-02	3.25e-09
 2.33985e+16	9.60e-01	3.97e-02	3.49e-09
 2.34084e+16	9.62e-01	3.82e-02	3.74e-09
 2.34184e+16	9.63e-01	3.68e-02	4.02e-09
 2.34285e+16	9.65e-01	3.55e-02	4.31e-09
 2.34386e+16	9.66e-01	3.41e-02	4.66e-09
 2.34486e+16	9.67e-01	3.28e-02	5.04e-09
 2.34584e+16	9.68e-01	3.16e-02	5.46e-09
 2.34682e+16	9.70e-01	3.04e-02	5.92e-09
 2.34779e+16	9.71e-01	2.92e-02	6.47e-09
 2.34877e+16	9.72e-01	2.82e-02	7.04e-09
 2.34973e+16	9.73e-01	2.71e-02	7.69e-09
 2.35068e+16	9.74e-01	2.61e-02	8.42e-09
 2.35162e+16	9.75e-01	2.51e-02	9.24e-09
 2.35256e+16	9.76e-01	2.41e-02	1.02e-08
 2.35348e+16	9.77e-01	2.32e-02	1.12e-08
 2.35440e+16	9.78e-01	2.23e-02	1.23e-08
 2.35528e+16	9.79e-01	2.14e-02	1.35e-08
 2.35616e+16	9.79e-01	2.06e-02	1.47e-08
 2.35703e+16	9.80e-01	1.98e-02	1.62e-08
 2.35790e+16	9.81e-01	1.90e-02	1.76e-08
 2.35874e+16	9.82e-01	1.82e-02	1.91e-08
 2.35956e+16	9.83e-01	1.75e-02	2.06e-08
 2.36033e+16	9.83e-01	1.68e-02	2.19e-08
 2.36103e+16	9.84e-01	1.62e-02	2.30e-08
 2.36165e+16	9.84e-01	1.57e-02	2.39e-08
 2.36221e+16	9.85e-01	1.52e-02	2.45e-08
 2.36273e+16	9.85e-01	1.48e-02	2.51e-08
 2.36323e+16	9.86e-01	1.44e-02	2.55e-08
 2.36368e+16	9.86e-01	1.40e-02	2.60e-08
 2.36411e+16	9.86e-01	1.36e-02	2.63e-08
 2.36450e+16	9.87e-01	1.33e-02	2.67e-08
 2.36487e+16	9.87e-01	1.30e-02	2.70e-08
 2.36523e+16	9.87e-01	1.27e-02	2.74e-08
 2.36556e+16	9.88e-01	1.24e-02	2.78e-08
 2.36586e+16	9.88e-01	1.22e-02	2.81e-08
 2.36614e+16	9.88e-01	1.19e-02	2.85e-08
 2.36639e+16	9.88e-01	1.17e-02	2.88e-08
 2.36661e+16	9.88e-01	1.16e-02	2.92e-08
 2.36682e+16	9.89e-01	1.14e-02	2.95e-08
 2.36701e+16	9.89e-01	1.12e-02	2.98e-08
 2.36722e+16	9.89e-01	1.11e-02	3.01e-08
 2.36748e+16	9.89e-01	1.09e-02	3.06e-08
 2.36777e+16	9.89e-01	1.06e-02	3.13e-08
 2.36804e+16	9.90e-01	1.04e-02	3.18e-08
 2.36828e+16	9.90e-01	1.02e-02	3.24e-08
 2.36850e+16	9.90e-01	1.00e-02	3.30e-08
 2.36869e+16	9.90e-01	9.84e-03	3.35e-08
