#depth	H	H+	H2
 1.26266e+12	1.11e-03	9.99e-01	1.47e-13
 7.57593e+12	1.10e-03	9.99e-01	1.47e-13
 3.28290e+13	1.10e-03	9.99e-01	1.48e-13
 1.33841e+14	1.10e-03	9.99e-01	1.49e-13
 3.19704e+14	1.09e-03	9.99e-01	1.51e-13
 5.61326e+14	1.08e-03	9.99e-01	1.54e-13
 8.75434e+14	1.08e-03	9.99e-01	1.59e-13
 1.28377e+15	1.08e-03	9.99e-01	1.66e-13
 1.81462e+15	1.08e-03	9.99e-01	1.77e-13
 2.44002e+15	1.09e-03	9.99e-01	1.90e-13
 3.05088e+15	1.10e-03	9.99e-01	2.03e-13
 3.58326e+15	1.11e-03	9.99e-01	2.15e-13
 4.15106e+15	1.14e-03	9.99e-01	2.33e-13
 4.77540e+15	1.17e-03	9.99e-01	2.53e-13
 5.38203e+15	1.21e-03	9.99e-01	2.74e-13
 6.07940e+15	1.25e-03	9.99e-01	3.01e-13
 6.98598e+15	1.32e-03	9.99e-01	3.38e-13
 8.16454e+15	1.41e-03	9.99e-01	3.88e-13
 9.69666e+15	1.54e-03	9.98e-01	4.60e-13
 1.16884e+16	1.73e-03	9.98e-01	5.64e-13
 1.34549e+16	1.90e-03	9.98e-01	6.73e-13
 1.48004e+16	2.06e-03	9.98e-01	7.63e-13
 1.62804e+16	2.26e-03	9.98e-01	8.78e-13
 1.79085e+16	2.51e-03	9.97e-01	1.01e-12
 1.96993e+16	2.82e-03	9.97e-01	1.18e-12
 2.16693e+16	3.21e-03	9.97e-01	1.39e-12
 2.31609e+16	3.55e-03	9.96e-01	1.61e-12
 2.39093e+16	3.73e-03	9.96e-01	1.72e-12
 2.45731e+16	3.91e-03	9.96e-01	1.81e-12
 2.54361e+16	4.15e-03	9.96e-01	1.93e-12
 2.65580e+16	4.48e-03	9.96e-01	2.08e-12
 2.76739e+16	4.86e-03	9.95e-01	2.29e-12
 2.85256e+16	5.17e-03	9.95e-01	2.46e-12
 2.93761e+16	5.50e-03	9.94e-01	2.60e-12
 3.03260e+16	5.91e-03	9.94e-01	2.79e-12
 3.11991e+16	6.32e-03	9.94e-01	2.99e-12
 3.19812e+16	6.72e-03	9.93e-01	3.18e-12
 3.28506e+16	7.18e-03	9.93e-01	3.34e-12
 3.37852e+16	7.75e-03	9.92e-01	3.60e-12
 3.45933e+16	8.29e-03	9.92e-01	3.83e-12
 3.53080e+16	8.81e-03	9.91e-01	4.05e-12
 3.61121e+16	9.43e-03	9.91e-01	4.24e-12
 3.69884e+16	1.02e-02	9.90e-01	4.55e-12
 3.77619e+16	1.10e-02	9.89e-01	4.84e-12
 3.84458e+16	1.17e-02	9.88e-01	5.13e-12
 3.92097e+16	1.26e-02	9.87e-01	5.39e-12
 4.00407e+16	1.37e-02	9.86e-01	5.78e-12
 4.07756e+16	1.48e-02	9.85e-01	6.17e-12
 4.14247e+16	1.59e-02	9.84e-01	6.57e-12
 4.21453e+16	1.73e-02	9.83e-01	6.95e-12
 4.29242e+16	1.90e-02	9.81e-01	7.49e-12
 4.35915e+16	2.07e-02	9.79e-01	8.10e-12
 4.41490e+16	2.23e-02	9.78e-01	8.64e-12
 4.47512e+16	2.42e-02	9.76e-01	9.24e-12
 4.54058e+16	2.67e-02	9.73e-01	1.01e-11
 4.59725e+16	2.92e-02	9.71e-01	1.09e-11
 4.64521e+16	3.16e-02	9.68e-01	1.17e-11
 4.69745e+16	3.46e-02	9.65e-01	1.27e-11
 4.75406e+16	3.85e-02	9.61e-01	1.41e-11
 4.80272e+16	4.25e-02	9.57e-01	1.55e-11
 4.84379e+16	4.64e-02	9.54e-01	1.69e-11
 4.88863e+16	5.13e-02	9.49e-01	1.87e-11
 4.93758e+16	5.79e-02	9.42e-01	2.11e-11
 4.98041e+16	6.48e-02	9.35e-01	2.38e-11
 5.01713e+16	7.19e-02	9.28e-01	2.66e-11
 5.04903e+16	7.93e-02	9.21e-01	2.97e-11
 5.07609e+16	8.64e-02	9.14e-01	3.27e-11
 5.10142e+16	9.40e-02	9.06e-01	3.59e-11
 5.13053e+16	1.04e-01	8.96e-01	4.03e-11
 5.16032e+16	1.16e-01	8.84e-01	4.58e-11
 5.18379e+16	1.27e-01	8.73e-01	5.12e-11
 5.20300e+16	1.37e-01	8.63e-01	5.59e-11
 5.22389e+16	1.50e-01	8.50e-01	6.22e-11
 5.24670e+16	1.65e-01	8.35e-01	7.02e-11
 5.26670e+16	1.81e-01	8.19e-01	7.88e-11
 5.28364e+16	1.95e-01	8.05e-01	8.67e-11
 5.30190e+16	2.13e-01	7.87e-01	9.69e-11
 5.32169e+16	2.34e-01	7.66e-01	1.10e-10
 5.33871e+16	2.55e-01	7.45e-01	1.24e-10
 5.35310e+16	2.74e-01	7.26e-01	1.36e-10
 5.36880e+16	2.96e-01	7.04e-01	1.52e-10
 5.38597e+16	3.23e-01	6.77e-01	1.72e-10
 5.40141e+16	3.49e-01	6.51e-01	1.93e-10
 5.41509e+16	3.73e-01	6.27e-01	2.13e-10
 5.42896e+16	3.99e-01	6.01e-01	2.37e-10
 5.44378e+16	4.29e-01	5.71e-01	2.66e-10
 5.45759e+16	4.58e-01	5.42e-01	2.97e-10
 5.46910e+16	4.83e-01	5.17e-01	3.24e-10
 5.47919e+16	5.05e-01	4.95e-01	3.51e-10
 5.48908e+16	5.27e-01	4.73e-01	3.79e-10
 5.49707e+16	5.45e-01	4.55e-01	4.04e-10
 5.50221e+16	5.55e-01	4.45e-01	4.19e-10
 5.50697e+16	5.66e-01	4.34e-01	4.35e-10
 5.51276e+16	5.79e-01	4.21e-01	4.56e-10
 5.51896e+16	5.93e-01	4.07e-01	4.79e-10
 5.52461e+16	6.06e-01	3.94e-01	4.99e-10
 5.52985e+16	6.18e-01	3.82e-01	5.21e-10
 5.53507e+16	6.29e-01	3.71e-01	5.42e-10
 5.54042e+16	6.42e-01	3.58e-01	5.67e-10
 5.54576e+16	6.53e-01	3.47e-01	5.89e-10
 5.55098e+16	6.65e-01	3.35e-01	6.15e-10
 5.55613e+16	6.77e-01	3.23e-01	6.41e-10
 5.56116e+16	6.88e-01	3.12e-01	6.66e-10
 5.56616e+16	6.99e-01	3.01e-01	6.92e-10
 5.57122e+16	7.10e-01	2.90e-01	7.22e-10
 5.57621e+16	7.20e-01	2.80e-01	7.49e-10
 5.58110e+16	7.31e-01	2.69e-01	7.81e-10
 5.58596e+16	7.40e-01	2.60e-01	8.08e-10
 5.59083e+16	7.50e-01	2.50e-01	8.42e-10
 5.59572e+16	7.60e-01	2.40e-01	8.75e-10
 5.60044e+16	7.69e-01	2.31e-01	9.09e-10
 5.60508e+16	7.78e-01	2.22e-01	9.41e-10
 5.60982e+16	7.87e-01	2.13e-01	9.80e-10
 5.61453e+16	7.95e-01	2.05e-01	1.01e-09
 5.61916e+16	8.04e-01	1.96e-01	1.05e-09
 5.62377e+16	8.12e-01	1.88e-01	1.10e-09
 5.62829e+16	8.20e-01	1.80e-01	1.14e-09
 5.63278e+16	8.27e-01	1.73e-01	1.18e-09
 5.63730e+16	8.34e-01	1.66e-01	1.22e-09
 5.64178e+16	8.41e-01	1.59e-01	1.27e-09
 5.64617e+16	8.48e-01	1.52e-01	1.32e-09
 5.65045e+16	8.54e-01	1.46e-01	1.36e-09
 5.65465e+16	8.60e-01	1.40e-01	1.42e-09
 5.65885e+16	8.66e-01	1.34e-01	1.46e-09
 5.66301e+16	8.72e-01	1.28e-01	1.52e-09
 5.66702e+16	8.77e-01	1.23e-01	1.58e-09
 5.67098e+16	8.82e-01	1.18e-01	1.63e-09
 5.67494e+16	8.87e-01	1.13e-01	1.69e-09
 5.67886e+16	8.92e-01	1.08e-01	1.76e-09
 5.68266e+16	8.96e-01	1.04e-01	1.82e-09
 5.68641e+16	9.00e-01	9.99e-02	1.89e-09
 5.69016e+16	9.04e-01	9.59e-02	1.96e-09
 5.69386e+16	9.08e-01	9.20e-02	2.04e-09
 5.69748e+16	9.12e-01	8.83e-02	2.12e-09
 5.70106e+16	9.15e-01	8.48e-02	2.20e-09
 5.70464e+16	9.19e-01	8.14e-02	2.29e-09
 5.70816e+16	9.22e-01	7.81e-02	2.38e-09
 5.71162e+16	9.25e-01	7.50e-02	2.47e-09
 5.71506e+16	9.28e-01	7.21e-02	2.58e-09
 5.71849e+16	9.31e-01	6.92e-02	2.68e-09
 5.72186e+16	9.33e-01	6.65e-02	2.80e-09
 5.72518e+16	9.36e-01	6.39e-02	2.93e-09
 5.72845e+16	9.39e-01	6.14e-02	3.07e-09
 5.73173e+16	9.41e-01	5.90e-02	3.22e-09
 5.73503e+16	9.43e-01	5.67e-02	3.38e-09
 5.73825e+16	9.46e-01	5.44e-02	3.55e-09
 5.74141e+16	9.48e-01	5.24e-02	3.73e-09
 5.74457e+16	9.50e-01	5.04e-02	3.92e-09
 5.74771e+16	9.52e-01	4.84e-02	4.14e-09
 5.75080e+16	9.53e-01	4.65e-02	4.39e-09
 5.75388e+16	9.55e-01	4.47e-02	4.67e-09
 5.75696e+16	9.57e-01	4.29e-02	4.98e-09
 5.76001e+16	9.59e-01	4.12e-02	5.33e-09
 5.76300e+16	9.60e-01	3.96e-02	5.72e-09
 5.76596e+16	9.62e-01	3.81e-02	6.17e-09
 5.76891e+16	9.63e-01	3.66e-02	6.68e-09
 5.77183e+16	9.65e-01	3.52e-02	7.28e-09
 5.77472e+16	9.66e-01	3.38e-02	7.97e-09
 5.77757e+16	9.68e-01	3.25e-02	8.79e-09
 5.78039e+16	9.69e-01	3.12e-02	9.76e-09
 5.78319e+16	9.70e-01	3.00e-02	1.09e-08
 5.78587e+16	9.71e-01	2.88e-02	1.23e-08
 5.78833e+16	9.72e-01	2.78e-02	1.38e-08
 5.79055e+16	9.73e-01	2.70e-02	1.55e-08
 5.79258e+16	9.74e-01	2.62e-02	1.74e-08
 5.79447e+16	9.74e-01	2.55e-02	1.94e-08
 5.79625e+16	9.75e-01	2.49e-02	2.18e-08
 5.79790e+16	9.76e-01	2.43e-02	2.46e-08
 5.79939e+16	9.76e-01	2.37e-02	2.74e-08
 5.80077e+16	9.77e-01	2.32e-02	3.06e-08
 5.80208e+16	9.77e-01	2.28e-02	3.43e-08
 5.80332e+16	9.78e-01	2.23e-02	3.83e-08
 5.80450e+16	9.78e-01	2.19e-02	4.29e-08
 5.80560e+16	9.78e-01	2.15e-02	4.80e-08
 5.80664e+16	9.79e-01	2.12e-02	5.36e-08
 5.80762e+16	9.79e-01	2.08e-02	6.00e-08
 5.80855e+16	9.80e-01	2.05e-02	6.71e-08
 5.80943e+16	9.80e-01	2.02e-02	7.49e-08
 5.81027e+16	9.80e-01	1.99e-02	8.36e-08
 5.81107e+16	9.80e-01	1.96e-02	9.33e-08
 5.81184e+16	9.81e-01	1.93e-02	1.04e-07
 5.81258e+16	9.81e-01	1.90e-02	1.16e-07
 5.81329e+16	9.81e-01	1.87e-02	1.29e-07
 5.81399e+16	9.82e-01	1.85e-02	1.44e-07
 5.81466e+16	9.82e-01	1.82e-02	1.61e-07
 5.81533e+16	9.82e-01	1.79e-02	1.79e-07
 5.81598e+16	9.82e-01	1.77e-02	1.99e-07
 5.81662e+16	9.83e-01	1.74e-02	2.20e-07
 5.81728e+16	9.83e-01	1.72e-02	2.44e-07
 5.81795e+16	9.83e-01	1.69e-02	2.70e-07
 5.81864e+16	9.83e-01	1.66e-02	2.98e-07
 5.81937e+16	9.84e-01	1.63e-02	3.28e-07
 5.82016e+16	9.84e-01	1.59e-02	3.60e-07
 5.82096e+16	9.84e-01	1.56e-02	3.91e-07
 5.82172e+16	9.85e-01	1.52e-02	4.16e-07
 5.82240e+16	9.85e-01	1.49e-02	4.36e-07
 5.82305e+16	9.85e-01	1.46e-02	4.53e-07
 5.82365e+16	9.86e-01	1.43e-02	4.66e-07
 5.82420e+16	9.86e-01	1.41e-02	4.76e-07
 5.82470e+16	9.86e-01	1.38e-02	4.85e-07
 5.82515e+16	9.86e-01	1.36e-02	4.92e-07
 5.82557e+16	9.87e-01	1.35e-02	4.98e-07
 5.82594e+16	9.87e-01	1.33e-02	5.04e-07
 5.82629e+16	9.87e-01	1.31e-02	5.09e-07
 5.82666e+16	9.87e-01	1.30e-02	5.14e-07
 5.82715e+16	9.87e-01	1.28e-02	5.22e-07
 5.82767e+16	9.87e-01	1.25e-02	5.30e-07
 5.82815e+16	9.88e-01	1.23e-02	5.38e-07
 5.82859e+16	9.88e-01	1.22e-02	5.45e-07
 5.82899e+16	9.88e-01	1.20e-02	5.51e-07
 5.82935e+16	9.88e-01	1.19e-02	5.57e-07
 5.82974e+16	9.88e-01	1.17e-02	5.65e-07
 5.83017e+16	9.88e-01	1.15e-02	5.73e-07
 5.83056e+16	9.89e-01	1.14e-02	5.78e-07
 5.83098e+16	9.89e-01	1.13e-02	5.85e-07
 5.83154e+16	9.89e-01	1.11e-02	5.93e-07
 5.83213e+16	9.89e-01	1.09e-02	6.03e-07
 5.83268e+16	9.89e-01	1.07e-02	6.12e-07
 5.83317e+16	9.89e-01	1.06e-02	6.20e-07
 5.83362e+16	9.90e-01	1.04e-02	6.28e-07
 5.83412e+16	9.90e-01	1.03e-02	6.37e-07
 5.83465e+16	9.90e-01	1.01e-02	6.47e-07
 5.83513e+16	9.90e-01	9.94e-03	6.57e-07
