#depth	O	O+	O+2	O+3	O+4	O+5	O+6	O+7	O+8	O[1]	O[2]	O[3]
 1.26266e+12	1.98e-06	3.04e-03	5.05e-01	4.90e-01	2.19e-03	0.00e+00	0.00e+00	0.00e+00	0.00e+00	1.44e-06	3.52e-07	1.87e-07
 7.57593e+12	1.97e-06	3.04e-03	5.05e-01	4.89e-01	2.19e-03	0.00e+00	0.00e+00	0.00e+00	0.00e+00	1.43e-06	3.51e-07	1.87e-07
 3.28290e+13	1.97e-06	3.05e-03	5.08e-01	4.87e-01	2.16e-03	0.00e+00	0.00e+00	0.00e+00	0.00e+00	1.43e-06	3.52e-07	1.87e-07
 1.33841e+14	2.01e-06	3.11e-03	5.17e-01	4.78e-01	2.07e-03	0.00e+00	0.00e+00	0.00e+00	0.00e+00	1.46e-06	3.59e-07	1.91e-07
 3.19704e+14	2.03e-06	3.18e-03	5.31e-01	4.64e-01	1.92e-03	0.00e+00	0.00e+00	0.00e+00	0.00e+00	1.48e-06	3.62e-07	1.93e-07
 5.61326e+14	2.09e-06	3.29e-03	5.50e-01	4.45e-01	1.74e-03	0.00e+00	0.00e+00	0.00e+00	0.00e+00	1.52e-06	3.71e-07	1.98e-07
 8.75434e+14	2.18e-06	3.46e-03	5.75e-01	4.20e-01	1.52e-03	0.00e+00	0.00e+00	0.00e+00	0.00e+00	1.59e-06	3.88e-07	2.07e-07
 1.28377e+15	2.34e-06	3.71e-03	6.10e-01	3.85e-01	1.26e-03	0.00e+00	0.00e+00	0.00e+00	0.00e+00	1.70e-06	4.15e-07	2.22e-07
 1.81462e+15	2.59e-06	4.07e-03	6.56e-01	3.39e-01	9.72e-04	0.00e+00	0.00e+00	0.00e+00	0.00e+00	1.89e-06	4.58e-07	2.46e-07
 2.44002e+15	2.92e-06	4.52e-03	7.12e-01	2.83e-01	6.89e-04	0.00e+00	0.00e+00	0.00e+00	0.00e+00	2.13e-06	5.14e-07	2.77e-07
 3.05088e+15	3.27e-06	4.98e-03	7.66e-01	2.28e-01	4.70e-04	0.00e+00	0.00e+00	0.00e+00	0.00e+00	2.39e-06	5.74e-07	3.10e-07
 3.58326e+15	3.62e-06	5.41e-03	8.12e-01	1.83e-01	3.20e-04	0.00e+00	0.00e+00	0.00e+00	0.00e+00	2.64e-06	6.34e-07	3.43e-07
 4.15106e+15	4.09e-06	5.91e-03	8.56e-01	1.37e-01	1.99e-04	0.00e+00	0.00e+00	0.00e+00	0.00e+00	2.99e-06	7.15e-07	3.88e-07
 4.77540e+15	4.60e-06	6.41e-03	8.97e-01	9.64e-02	1.12e-04	0.00e+00	0.00e+00	0.00e+00	0.00e+00	3.36e-06	8.01e-07	4.35e-07
 5.38203e+15	5.13e-06	6.87e-03	9.28e-01	6.51e-02	5.95e-05	0.00e+00	0.00e+00	0.00e+00	0.00e+00	3.75e-06	8.93e-07	4.86e-07
 6.07940e+15	5.79e-06	7.37e-03	9.53e-01	3.99e-02	2.72e-05	0.00e+00	0.00e+00	0.00e+00	0.00e+00	4.24e-06	1.01e-06	5.49e-07
 6.98598e+15	6.68e-06	7.93e-03	9.72e-01	2.05e-02	9.39e-06	0.00e+00	0.00e+00	0.00e+00	0.00e+00	4.89e-06	1.16e-06	6.32e-07
 8.16454e+15	7.91e-06	8.58e-03	9.83e-01	8.62e-03	2.32e-06	0.00e+00	0.00e+00	0.00e+00	0.00e+00	5.79e-06	1.37e-06	7.48e-07
 9.69666e+15	9.74e-06	9.39e-03	9.88e-01	2.93e-03	3.97e-07	0.00e+00	0.00e+00	0.00e+00	0.00e+00	7.13e-06	1.68e-06	9.22e-07
 1.16884e+16	1.27e-05	1.05e-02	9.89e-01	8.19e-04	0.00e+00	0.00e+00	0.00e+00	0.00e+00	0.00e+00	9.32e-06	2.19e-06	1.20e-06
 1.34549e+16	1.57e-05	1.15e-02	9.88e-01	3.01e-04	0.00e+00	0.00e+00	0.00e+00	0.00e+00	0.00e+00	1.15e-05	2.71e-06	1.49e-06
 1.48004e+16	1.89e-05	1.24e-02	9.87e-01	1.52e-04	0.00e+00	0.00e+00	0.00e+00	0.00e+00	0.00e+00	1.38e-05	3.25e-06	1.79e-06
 1.62804e+16	2.32e-05	1.35e-02	9.86e-01	7.82e-05	0.00e+00	0.00e+00	0.00e+00	0.00e+00	0.00e+00	1.70e-05	4.00e-06	2.19e-06
 1.79085e+16	2.91e-05	1.49e-02	9.85e-01	4.28e-05	0.00e+00	0.00e+00	0.00e+00	0.00e+00	0.00e+00	2.13e-05	5.03e-06	2.76e-06
 1.96993e+16	3.77e-05	1.67e-02	9.83e-01	2.59e-05	0.00e+00	0.00e+00	0.00e+00	0.00e+00	0.00e+00	2.76e-05	6.52e-06	3.57e-06
 2.16693e+16	5.05e-05	1.90e-02	9.81e-01	1.73e-05	0.00e+00	0.00e+00	0.00e+00	0.00e+00	0.00e+00	3.69e-05	8.73e-06	4.77e-06
 2.31609e+16	6.29e-05	2.10e-02	9.79e-01	1.40e-05	0.00e+00	0.00e+00	0.00e+00	0.00e+00	0.00e+00	4.60e-05	1.09e-05	5.95e-06
 2.39093e+16	7.04e-05	2.21e-02	9.78e-01	1.27e-05	0.00e+00	0.00e+00	0.00e+00	0.00e+00	0.00e+00	5.16e-05	1.22e-05	6.67e-06
 2.45731e+16	7.83e-05	2.32e-02	9.77e-01	1.17e-05	0.00e+00	0.00e+00	0.00e+00	0.00e+00	0.00e+00	5.73e-05	1.36e-05	7.41e-06
 2.54361e+16	9.00e-05	2.48e-02	9.75e-01	1.06e-05	0.00e+00	0.00e+00	0.00e+00	0.00e+00	0.00e+00	6.58e-05	1.56e-05	8.52e-06
 2.65580e+16	1.08e-04	2.70e-02	9.73e-01	9.58e-06	0.00e+00	0.00e+00	0.00e+00	0.00e+00	0.00e+00	7.90e-05	1.88e-05	1.02e-05
 2.76739e+16	1.30e-04	2.94e-02	9.70e-01	8.66e-06	0.00e+00	0.00e+00	0.00e+00	0.00e+00	0.00e+00	9.50e-05	2.27e-05	1.23e-05
 2.85256e+16	1.50e-04	3.16e-02	9.68e-01	8.07e-06	0.00e+00	0.00e+00	0.00e+00	0.00e+00	0.00e+00	1.10e-04	2.63e-05	1.42e-05
 2.93761e+16	1.74e-04	3.39e-02	9.66e-01	7.52e-06	0.00e+00	0.00e+00	0.00e+00	0.00e+00	0.00e+00	1.27e-04	3.05e-05	1.65e-05
 3.03260e+16	2.06e-04	3.68e-02	9.63e-01	6.96e-06	0.00e+00	0.00e+00	0.00e+00	0.00e+00	0.00e+00	1.51e-04	3.62e-05	1.95e-05
 3.11991e+16	2.42e-04	3.98e-02	9.60e-01	6.50e-06	0.00e+00	0.00e+00	0.00e+00	0.00e+00	0.00e+00	1.76e-04	4.25e-05	2.29e-05
 3.19812e+16	2.80e-04	4.28e-02	9.57e-01	6.11e-06	0.00e+00	0.00e+00	0.00e+00	0.00e+00	0.00e+00	2.04e-04	4.92e-05	2.65e-05
 3.28506e+16	3.30e-04	4.65e-02	9.53e-01	5.72e-06	0.00e+00	0.00e+00	0.00e+00	0.00e+00	0.00e+00	2.40e-04	5.81e-05	3.12e-05
 3.37852e+16	3.96e-04	5.11e-02	9.49e-01	5.31e-06	0.00e+00	0.00e+00	0.00e+00	0.00e+00	0.00e+00	2.88e-04	7.00e-05	3.75e-05
 3.45933e+16	4.65e-04	5.55e-02	9.44e-01	4.94e-06	0.00e+00	0.00e+00	0.00e+00	0.00e+00	0.00e+00	3.39e-04	8.25e-05	4.41e-05
 3.53080e+16	5.40e-04	5.99e-02	9.40e-01	4.65e-06	0.00e+00	0.00e+00	0.00e+00	0.00e+00	0.00e+00	3.93e-04	9.58e-05	5.11e-05
 3.61121e+16	6.39e-04	6.55e-02	9.34e-01	4.35e-06	0.00e+00	0.00e+00	0.00e+00	0.00e+00	0.00e+00	4.65e-04	1.14e-04	6.05e-05
 3.69884e+16	7.75e-04	7.24e-02	9.27e-01	4.02e-06	0.00e+00	0.00e+00	0.00e+00	0.00e+00	0.00e+00	5.63e-04	1.38e-04	7.34e-05
 3.77619e+16	9.22e-04	7.94e-02	9.20e-01	3.71e-06	0.00e+00	0.00e+00	0.00e+00	0.00e+00	0.00e+00	6.70e-04	1.65e-04	8.74e-05
 3.84458e+16	1.08e-03	8.64e-02	9.13e-01	3.46e-06	0.00e+00	0.00e+00	0.00e+00	0.00e+00	0.00e+00	7.85e-04	1.94e-04	1.02e-04
 3.92097e+16	1.30e-03	9.53e-02	9.03e-01	3.20e-06	0.00e+00	0.00e+00	0.00e+00	0.00e+00	0.00e+00	9.43e-04	2.33e-04	1.23e-04
 4.00407e+16	1.60e-03	1.06e-01	8.92e-01	2.92e-06	0.00e+00	0.00e+00	0.00e+00	0.00e+00	0.00e+00	1.16e-03	2.86e-04	1.51e-04
 4.07756e+16	1.93e-03	1.18e-01	8.80e-01	2.64e-06	0.00e+00	0.00e+00	0.00e+00	0.00e+00	0.00e+00	1.40e-03	3.46e-04	1.83e-04
 4.14247e+16	2.30e-03	1.29e-01	8.68e-01	2.41e-06	0.00e+00	0.00e+00	0.00e+00	0.00e+00	0.00e+00	1.67e-03	4.13e-04	2.17e-04
 4.21453e+16	2.81e-03	1.44e-01	8.53e-01	2.19e-06	0.00e+00	0.00e+00	0.00e+00	0.00e+00	0.00e+00	2.04e-03	5.03e-04	2.65e-04
 4.29242e+16	3.51e-03	1.63e-01	8.34e-01	1.93e-06	0.00e+00	0.00e+00	0.00e+00	0.00e+00	0.00e+00	2.55e-03	6.29e-04	3.31e-04
 4.35915e+16	4.31e-03	1.81e-01	8.15e-01	1.72e-06	0.00e+00	0.00e+00	0.00e+00	0.00e+00	0.00e+00	3.13e-03	7.71e-04	4.06e-04
 4.41490e+16	5.13e-03	1.99e-01	7.96e-01	1.54e-06	0.00e+00	0.00e+00	0.00e+00	0.00e+00	0.00e+00	3.73e-03	9.18e-04	4.83e-04
 4.47512e+16	6.24e-03	2.20e-01	7.73e-01	1.36e-06	0.00e+00	0.00e+00	0.00e+00	0.00e+00	0.00e+00	4.54e-03	1.12e-03	5.87e-04
 4.54058e+16	7.80e-03	2.47e-01	7.45e-01	1.17e-06	0.00e+00	0.00e+00	0.00e+00	0.00e+00	0.00e+00	5.67e-03	1.39e-03	7.32e-04
 4.59725e+16	9.53e-03	2.74e-01	7.16e-01	1.01e-06	0.00e+00	0.00e+00	0.00e+00	0.00e+00	0.00e+00	6.93e-03	1.70e-03	8.94e-04
 4.64521e+16	1.13e-02	3.00e-01	6.89e-01	8.78e-07	0.00e+00	0.00e+00	0.00e+00	0.00e+00	0.00e+00	8.25e-03	2.03e-03	1.06e-03
 4.69745e+16	1.38e-02	3.31e-01	6.56e-01	7.45e-07	0.00e+00	0.00e+00	0.00e+00	0.00e+00	0.00e+00	1.01e-02	2.46e-03	1.29e-03
 4.75406e+16	1.73e-02	3.68e-01	6.14e-01	6.08e-07	0.00e+00	0.00e+00	0.00e+00	0.00e+00	0.00e+00	1.26e-02	3.08e-03	1.62e-03
 4.80272e+16	2.11e-02	4.04e-01	5.75e-01	5.01e-07	0.00e+00	0.00e+00	0.00e+00	0.00e+00	0.00e+00	1.54e-02	3.75e-03	1.97e-03
 4.84379e+16	2.51e-02	4.37e-01	5.38e-01	4.17e-07	0.00e+00	0.00e+00	0.00e+00	0.00e+00	0.00e+00	1.83e-02	4.45e-03	2.34e-03
 4.88863e+16	3.05e-02	4.75e-01	4.94e-01	3.33e-07	0.00e+00	0.00e+00	0.00e+00	0.00e+00	0.00e+00	2.22e-02	5.40e-03	2.84e-03
 4.93758e+16	3.80e-02	5.19e-01	4.43e-01	2.52e-07	0.00e+00	0.00e+00	0.00e+00	0.00e+00	0.00e+00	2.77e-02	6.71e-03	3.54e-03
 4.98041e+16	4.63e-02	5.60e-01	3.94e-01	1.91e-07	0.00e+00	0.00e+00	0.00e+00	0.00e+00	0.00e+00	3.38e-02	8.16e-03	4.31e-03
 5.01713e+16	5.51e-02	5.94e-01	3.51e-01	1.46e-07	0.00e+00	0.00e+00	0.00e+00	0.00e+00	0.00e+00	4.03e-02	9.69e-03	5.13e-03
 5.04903e+16	6.45e-02	6.23e-01	3.12e-01	0.00e+00	0.00e+00	0.00e+00	0.00e+00	0.00e+00	0.00e+00	4.72e-02	1.13e-02	5.99e-03
 5.07609e+16	7.36e-02	6.47e-01	2.79e-01	0.00e+00	0.00e+00	0.00e+00	0.00e+00	0.00e+00	0.00e+00	5.39e-02	1.29e-02	6.83e-03
 5.10142e+16	8.35e-02	6.68e-01	2.49e-01	0.00e+00	0.00e+00	0.00e+00	0.00e+00	0.00e+00	0.00e+00	6.12e-02	1.45e-02	7.74e-03
 5.13053e+16	9.68e-02	6.89e-01	2.14e-01	0.00e+00	0.00e+00	0.00e+00	0.00e+00	0.00e+00	0.00e+00	7.10e-02	1.68e-02	8.95e-03
 5.16032e+16	1.13e-01	7.07e-01	1.81e-01	0.00e+00	0.00e+00	0.00e+00	0.00e+00	0.00e+00	0.00e+00	8.27e-02	1.94e-02	1.04e-02
 5.18379e+16	1.27e-01	7.18e-01	1.55e-01	0.00e+00	0.00e+00	0.00e+00	0.00e+00	0.00e+00	0.00e+00	9.36e-02	2.18e-02	1.17e-02
 5.20300e+16	1.40e-01	7.24e-01	1.36e-01	0.00e+00	0.00e+00	0.00e+00	0.00e+00	0.00e+00	0.00e+00	1.03e-01	2.39e-02	1.29e-02
 5.22389e+16	1.56e-01	7.28e-01	1.16e-01	0.00e+00	0.00e+00	0.00e+00	0.00e+00	0.00e+00	0.00e+00	1.15e-01	2.65e-02	1.43e-02
 5.24670e+16	1.76e-01	7.28e-01	9.62e-02	0.00e+00	0.00e+00	0.00e+00	0.00e+00	0.00e+00	0.00e+00	1.30e-01	2.96e-02	1.61e-02
 5.26670e+16	1.95e-01	7.24e-01	8.02e-02	0.00e+00	0.00e+00	0.00e+00	0.00e+00	0.00e+00	0.00e+00	1.45e-01	3.27e-02	1.78e-02
 5.28364e+16	2.13e-01	7.19e-01	6.82e-02	0.00e+00	0.00e+00	0.00e+00	0.00e+00	0.00e+00	0.00e+00	1.58e-01	3.54e-02	1.94e-02
 5.30190e+16	2.34e-01	7.09e-01	5.64e-02	0.00e+00	0.00e+00	0.00e+00	0.00e+00	0.00e+00	0.00e+00	1.75e-01	3.86e-02	2.13e-02
 5.32169e+16	2.60e-01	6.94e-01	4.52e-02	0.00e+00	0.00e+00	0.00e+00	0.00e+00	0.00e+00	0.00e+00	1.94e-01	4.24e-02	2.35e-02
 5.33871e+16	2.85e-01	6.78e-01	3.68e-02	0.00e+00	0.00e+00	0.00e+00	0.00e+00	0.00e+00	0.00e+00	2.13e-01	4.58e-02	2.56e-02
 5.35310e+16	3.06e-01	6.63e-01	3.07e-02	0.00e+00	0.00e+00	0.00e+00	0.00e+00	0.00e+00	0.00e+00	2.30e-01	4.88e-02	2.74e-02
 5.36880e+16	3.32e-01	6.43e-01	2.48e-02	0.00e+00	0.00e+00	0.00e+00	0.00e+00	0.00e+00	0.00e+00	2.50e-01	5.22e-02	2.95e-02
 5.38597e+16	3.62e-01	6.19e-01	1.94e-02	0.00e+00	0.00e+00	0.00e+00	0.00e+00	0.00e+00	0.00e+00	2.74e-01	5.60e-02	3.20e-02
 5.40141e+16	3.91e-01	5.94e-01	1.53e-02	0.00e+00	0.00e+00	0.00e+00	0.00e+00	0.00e+00	0.00e+00	2.97e-01	5.95e-02	3.43e-02
 5.41509e+16	4.18e-01	5.70e-01	1.23e-02	0.00e+00	0.00e+00	0.00e+00	0.00e+00	0.00e+00	0.00e+00	3.19e-01	6.25e-02	3.63e-02
 5.42896e+16	4.46e-01	5.44e-01	9.71e-03	0.00e+00	0.00e+00	0.00e+00	0.00e+00	0.00e+00	0.00e+00	3.42e-01	6.56e-02	3.84e-02
 5.44378e+16	4.78e-01	5.15e-01	7.45e-03	0.00e+00	0.00e+00	0.00e+00	0.00e+00	0.00e+00	0.00e+00	3.68e-01	6.87e-02	4.07e-02
 5.45759e+16	5.08e-01	4.86e-01	5.76e-03	0.00e+00	0.00e+00	0.00e+00	0.00e+00	0.00e+00	0.00e+00	3.94e-01	7.14e-02	4.28e-02
 5.46910e+16	5.33e-01	4.62e-01	4.61e-03	0.00e+00	0.00e+00	0.00e+00	0.00e+00	0.00e+00	0.00e+00	4.15e-01	7.35e-02	4.45e-02
 5.47919e+16	5.56e-01	4.41e-01	3.77e-03	0.00e+00	0.00e+00	0.00e+00	0.00e+00	0.00e+00	0.00e+00	4.35e-01	7.51e-02	4.59e-02
 5.48908e+16	5.78e-01	4.19e-01	3.07e-03	0.00e+00	0.00e+00	0.00e+00	0.00e+00	0.00e+00	0.00e+00	4.54e-01	7.65e-02	4.72e-02
 5.49707e+16	5.95e-01	4.02e-01	2.60e-03	0.00e+00	0.00e+00	0.00e+00	0.00e+00	0.00e+00	0.00e+00	4.69e-01	7.75e-02	4.81e-02
 5.50221e+16	6.05e-01	3.92e-01	2.34e-03	0.00e+00	0.00e+00	0.00e+00	0.00e+00	0.00e+00	0.00e+00	4.79e-01	7.80e-02	4.87e-02
 5.50697e+16	6.16e-01	3.82e-01	2.11e-03	0.00e+00	0.00e+00	0.00e+00	0.00e+00	0.00e+00	0.00e+00	4.88e-01	7.84e-02	4.92e-02
 5.51276e+16	6.29e-01	3.70e-01	1.85e-03	0.00e+00	0.00e+00	0.00e+00	0.00e+00	0.00e+00	0.00e+00	5.00e-01	7.89e-02	4.98e-02
 5.51896e+16	6.42e-01	3.56e-01	1.61e-03	0.00e+00	0.00e+00	0.00e+00	0.00e+00	0.00e+00	0.00e+00	5.13e-01	7.94e-02	5.04e-02
 5.52461e+16	6.54e-01	3.44e-01	1.42e-03	0.00e+00	0.00e+00	0.00e+00	0.00e+00	0.00e+00	0.00e+00	5.24e-01	7.97e-02	5.09e-02
 5.52985e+16	6.66e-01	3.33e-01	1.25e-03	0.00e+00	0.00e+00	0.00e+00	0.00e+00	0.00e+00	0.00e+00	5.35e-01	7.99e-02	5.14e-02
 5.53507e+16	6.77e-01	3.22e-01	1.11e-03	0.00e+00	0.00e+00	0.00e+00	0.00e+00	0.00e+00	0.00e+00	5.45e-01	8.00e-02	5.18e-02
 5.54042e+16	6.89e-01	3.10e-01	9.70e-04	0.00e+00	0.00e+00	0.00e+00	0.00e+00	0.00e+00	0.00e+00	5.56e-01	8.01e-02	5.21e-02
 5.54576e+16	7.00e-01	3.00e-01	8.51e-04	0.00e+00	0.00e+00	0.00e+00	0.00e+00	0.00e+00	0.00e+00	5.67e-01	8.02e-02	5.25e-02
 5.55098e+16	7.11e-01	2.89e-01	7.47e-04	0.00e+00	0.00e+00	0.00e+00	0.00e+00	0.00e+00	0.00e+00	5.78e-01	8.01e-02	5.28e-02
 5.55613e+16	7.21e-01	2.78e-01	6.55e-04	0.00e+00	0.00e+00	0.00e+00	0.00e+00	0.00e+00	0.00e+00	5.88e-01	8.00e-02	5.30e-02
 5.56116e+16	7.32e-01	2.68e-01	5.75e-04	0.00e+00	0.00e+00	0.00e+00	0.00e+00	0.00e+00	0.00e+00	5.99e-01	7.98e-02	5.32e-02
 5.56616e+16	7.42e-01	2.58e-01	5.05e-04	0.00e+00	0.00e+00	0.00e+00	0.00e+00	0.00e+00	0.00e+00	6.09e-01	7.96e-02	5.33e-02
 5.57122e+16	7.52e-01	2.48e-01	4.41e-04	0.00e+00	0.00e+00	0.00e+00	0.00e+00	0.00e+00	0.00e+00	6.19e-01	7.93e-02	5.35e-02
 5.57621e+16	7.61e-01	2.38e-01	3.86e-04	0.00e+00	0.00e+00	0.00e+00	0.00e+00	0.00e+00	0.00e+00	6.29e-01	7.89e-02	5.35e-02
 5.58110e+16	7.71e-01	2.29e-01	3.38e-04	0.00e+00	0.00e+00	0.00e+00	0.00e+00	0.00e+00	0.00e+00	6.39e-01	7.85e-02	5.36e-02
 5.58596e+16	7.79e-01	2.20e-01	2.96e-04	0.00e+00	0.00e+00	0.00e+00	0.00e+00	0.00e+00	0.00e+00	6.48e-01	7.81e-02	5.36e-02
 5.59083e+16	7.88e-01	2.11e-01	2.58e-04	0.00e+00	0.00e+00	0.00e+00	0.00e+00	0.00e+00	0.00e+00	6.57e-01	7.76e-02	5.35e-02
 5.59572e+16	7.97e-01	2.03e-01	2.25e-04	0.00e+00	0.00e+00	0.00e+00	0.00e+00	0.00e+00	0.00e+00	6.67e-01	7.70e-02	5.34e-02
 5.60044e+16	8.05e-01	1.94e-01	1.96e-04	0.00e+00	0.00e+00	0.00e+00	0.00e+00	0.00e+00	0.00e+00	6.76e-01	7.65e-02	5.33e-02
 5.60508e+16	8.13e-01	1.87e-01	1.72e-04	0.00e+00	0.00e+00	0.00e+00	0.00e+00	0.00e+00	0.00e+00	6.84e-01	7.59e-02	5.32e-02
 5.60982e+16	8.21e-01	1.79e-01	1.49e-04	0.00e+00	0.00e+00	0.00e+00	0.00e+00	0.00e+00	0.00e+00	6.93e-01	7.52e-02	5.30e-02
 5.61453e+16	8.29e-01	1.71e-01	1.30e-04	0.00e+00	0.00e+00	0.00e+00	0.00e+00	0.00e+00	0.00e+00	7.01e-01	7.46e-02	5.28e-02
 5.61916e+16	8.36e-01	1.64e-01	1.13e-04	0.00e+00	0.00e+00	0.00e+00	0.00e+00	0.00e+00	0.00e+00	7.09e-01	7.39e-02	5.26e-02
 5.62377e+16	8.43e-01	1.57e-01	9.84e-05	0.00e+00	0.00e+00	0.00e+00	0.00e+00	0.00e+00	0.00e+00	7.17e-01	7.32e-02	5.23e-02
 5.62829e+16	8.50e-01	1.50e-01	8.57e-05	0.00e+00	0.00e+00	0.00e+00	0.00e+00	0.00e+00	0.00e+00	7.25e-01	7.25e-02	5.21e-02
 5.63278e+16	8.56e-01	1.44e-01	7.47e-05	0.00e+00	0.00e+00	0.00e+00	0.00e+00	0.00e+00	0.00e+00	7.32e-01	7.17e-02	5.18e-02
 5.63730e+16	8.62e-01	1.38e-01	6.48e-05	0.00e+00	0.00e+00	0.00e+00	0.00e+00	0.00e+00	0.00e+00	7.40e-01	7.10e-02	5.14e-02
 5.64178e+16	8.69e-01	1.31e-01	5.63e-05	0.00e+00	0.00e+00	0.00e+00	0.00e+00	0.00e+00	0.00e+00	7.47e-01	7.02e-02	5.11e-02
 5.64617e+16	8.74e-01	1.26e-01	4.90e-05	0.00e+00	0.00e+00	0.00e+00	0.00e+00	0.00e+00	0.00e+00	7.54e-01	6.94e-02	5.08e-02
 5.65045e+16	8.80e-01	1.20e-01	4.27e-05	0.00e+00	0.00e+00	0.00e+00	0.00e+00	0.00e+00	0.00e+00	7.60e-01	6.87e-02	5.04e-02
 5.65465e+16	8.85e-01	1.15e-01	3.73e-05	0.00e+00	0.00e+00	0.00e+00	0.00e+00	0.00e+00	0.00e+00	7.67e-01	6.80e-02	5.00e-02
 5.65885e+16	8.90e-01	1.10e-01	3.26e-05	0.00e+00	0.00e+00	0.00e+00	0.00e+00	0.00e+00	0.00e+00	7.73e-01	6.72e-02	4.97e-02
 5.66301e+16	8.94e-01	1.06e-01	2.84e-05	0.00e+00	0.00e+00	0.00e+00	0.00e+00	0.00e+00	0.00e+00	7.79e-01	6.65e-02	4.93e-02
 5.66702e+16	8.99e-01	1.01e-01	2.49e-05	0.00e+00	0.00e+00	0.00e+00	0.00e+00	0.00e+00	0.00e+00	7.84e-01	6.58e-02	4.89e-02
 5.67098e+16	9.03e-01	9.69e-02	2.18e-05	0.00e+00	0.00e+00	0.00e+00	0.00e+00	0.00e+00	0.00e+00	7.89e-01	6.51e-02	4.86e-02
 5.67494e+16	9.07e-01	9.28e-02	1.91e-05	0.00e+00	0.00e+00	0.00e+00	0.00e+00	0.00e+00	0.00e+00	7.95e-01	6.44e-02	4.82e-02
 5.67886e+16	9.11e-01	8.88e-02	1.68e-05	0.00e+00	0.00e+00	0.00e+00	0.00e+00	0.00e+00	0.00e+00	8.00e-01	6.37e-02	4.78e-02
 5.68266e+16	9.15e-01	8.51e-02	1.47e-05	0.00e+00	0.00e+00	0.00e+00	0.00e+00	0.00e+00	0.00e+00	8.04e-01	6.30e-02	4.74e-02
 5.68641e+16	9.18e-01	8.16e-02	1.30e-05	0.00e+00	0.00e+00	0.00e+00	0.00e+00	0.00e+00	0.00e+00	8.09e-01	6.24e-02	4.71e-02
 5.69016e+16	9.22e-01	7.83e-02	1.14e-05	0.00e+00	0.00e+00	0.00e+00	0.00e+00	0.00e+00	0.00e+00	8.13e-01	6.18e-02	4.67e-02
 5.69386e+16	9.25e-01	7.50e-02	1.00e-05	0.00e+00	0.00e+00	0.00e+00	0.00e+00	0.00e+00	0.00e+00	8.17e-01	6.11e-02	4.63e-02
 5.69748e+16	9.28e-01	7.19e-02	8.87e-06	0.00e+00	0.00e+00	0.00e+00	0.00e+00	0.00e+00	0.00e+00	8.22e-01	6.05e-02	4.60e-02
 5.70106e+16	9.31e-01	6.90e-02	7.83e-06	0.00e+00	0.00e+00	0.00e+00	0.00e+00	0.00e+00	0.00e+00	8.25e-01	6.00e-02	4.56e-02
 5.70464e+16	9.34e-01	6.62e-02	6.91e-06	0.00e+00	0.00e+00	0.00e+00	0.00e+00	0.00e+00	0.00e+00	8.29e-01	5.94e-02	4.53e-02
 5.70816e+16	9.37e-01	6.35e-02	6.11e-06	0.00e+00	0.00e+00	0.00e+00	0.00e+00	0.00e+00	0.00e+00	8.33e-01	5.88e-02	4.49e-02
 5.71162e+16	9.39e-01	6.09e-02	5.41e-06	0.00e+00	0.00e+00	0.00e+00	0.00e+00	0.00e+00	0.00e+00	8.36e-01	5.83e-02	4.46e-02
 5.71506e+16	9.42e-01	5.85e-02	4.79e-06	0.00e+00	0.00e+00	0.00e+00	0.00e+00	0.00e+00	0.00e+00	8.40e-01	5.77e-02	4.43e-02
 5.71849e+16	9.44e-01	5.61e-02	4.24e-06	0.00e+00	0.00e+00	0.00e+00	0.00e+00	0.00e+00	0.00e+00	8.43e-01	5.72e-02	4.39e-02
 5.72186e+16	9.46e-01	5.39e-02	3.76e-06	0.00e+00	0.00e+00	0.00e+00	0.00e+00	0.00e+00	0.00e+00	8.46e-01	5.67e-02	4.36e-02
 5.72518e+16	9.48e-01	5.17e-02	3.34e-06	0.00e+00	0.00e+00	0.00e+00	0.00e+00	0.00e+00	0.00e+00	8.49e-01	5.62e-02	4.33e-02
 5.72845e+16	9.50e-01	4.96e-02	2.97e-06	0.00e+00	0.00e+00	0.00e+00	0.00e+00	0.00e+00	0.00e+00	8.52e-01	5.57e-02	4.29e-02
 5.73173e+16	9.52e-01	4.77e-02	2.64e-06	0.00e+00	0.00e+00	0.00e+00	0.00e+00	0.00e+00	0.00e+00	8.54e-01	5.53e-02	4.26e-02
 5.73503e+16	9.54e-01	4.57e-02	2.35e-06	0.00e+00	0.00e+00	0.00e+00	0.00e+00	0.00e+00	0.00e+00	8.57e-01	5.48e-02	4.22e-02
 5.73825e+16	9.56e-01	4.39e-02	2.09e-06	0.00e+00	0.00e+00	0.00e+00	0.00e+00	0.00e+00	0.00e+00	8.60e-01	5.43e-02	4.19e-02
 5.74141e+16	9.58e-01	4.22e-02	1.86e-06	0.00e+00	0.00e+00	0.00e+00	0.00e+00	0.00e+00	0.00e+00	8.62e-01	5.39e-02	4.16e-02
 5.74457e+16	9.59e-01	4.05e-02	1.66e-06	0.00e+00	0.00e+00	0.00e+00	0.00e+00	0.00e+00	0.00e+00	8.65e-01	5.35e-02	4.13e-02
 5.74771e+16	9.61e-01	3.90e-02	1.48e-06	0.00e+00	0.00e+00	0.00e+00	0.00e+00	0.00e+00	0.00e+00	8.67e-01	5.31e-02	4.10e-02
 5.75080e+16	9.63e-01	3.74e-02	1.33e-06	0.00e+00	0.00e+00	0.00e+00	0.00e+00	0.00e+00	0.00e+00	8.69e-01	5.27e-02	4.06e-02
 5.75388e+16	9.64e-01	3.59e-02	1.19e-06	0.00e+00	0.00e+00	0.00e+00	0.00e+00	0.00e+00	0.00e+00	8.71e-01	5.23e-02	4.03e-02
 5.75696e+16	9.66e-01	3.45e-02	1.06e-06	0.00e+00	0.00e+00	0.00e+00	0.00e+00	0.00e+00	0.00e+00	8.74e-01	5.19e-02	4.00e-02
 5.76001e+16	9.67e-01	3.31e-02	9.48e-07	0.00e+00	0.00e+00	0.00e+00	0.00e+00	0.00e+00	0.00e+00	8.76e-01	5.15e-02	3.98e-02
 5.76300e+16	9.68e-01	3.18e-02	8.50e-07	0.00e+00	0.00e+00	0.00e+00	0.00e+00	0.00e+00	0.00e+00	8.78e-01	5.12e-02	3.95e-02
 5.76596e+16	9.69e-01	3.05e-02	7.63e-07	0.00e+00	0.00e+00	0.00e+00	0.00e+00	0.00e+00	0.00e+00	8.79e-01	5.08e-02	3.92e-02
 5.76891e+16	9.71e-01	2.93e-02	6.85e-07	0.00e+00	0.00e+00	0.00e+00	0.00e+00	0.00e+00	0.00e+00	8.81e-01	5.05e-02	3.89e-02
 5.77183e+16	9.72e-01	2.81e-02	6.15e-07	0.00e+00	0.00e+00	0.00e+00	0.00e+00	0.00e+00	0.00e+00	8.83e-01	5.02e-02	3.87e-02
 5.77472e+16	9.73e-01	2.70e-02	5.53e-07	0.00e+00	0.00e+00	0.00e+00	0.00e+00	0.00e+00	0.00e+00	8.85e-01	4.99e-02	3.84e-02
 5.77757e+16	9.74e-01	2.59e-02	4.98e-07	0.00e+00	0.00e+00	0.00e+00	0.00e+00	0.00e+00	0.00e+00	8.86e-01	4.95e-02	3.82e-02
 5.78039e+16	9.75e-01	2.49e-02	4.49e-07	0.00e+00	0.00e+00	0.00e+00	0.00e+00	0.00e+00	0.00e+00	8.88e-01	4.92e-02	3.79e-02
 5.78319e+16	9.76e-01	2.39e-02	4.05e-07	0.00e+00	0.00e+00	0.00e+00	0.00e+00	0.00e+00	0.00e+00	8.89e-01	4.89e-02	3.77e-02
 5.78587e+16	9.77e-01	2.30e-02	3.68e-07	0.00e+00	0.00e+00	0.00e+00	0.00e+00	0.00e+00	0.00e+00	8.91e-01	4.86e-02	3.75e-02
 5.78833e+16	9.78e-01	2.21e-02	3.36e-07	0.00e+00	0.00e+00	0.00e+00	0.00e+00	0.00e+00	0.00e+00	8.92e-01	4.84e-02	3.72e-02
 5.79055e+16	9.79e-01	2.14e-02	3.11e-07	0.00e+00	0.00e+00	0.00e+00	0.00e+00	0.00e+00	0.00e+00	8.93e-01	4.82e-02	3.71e-02
 5.79258e+16	9.79e-01	2.08e-02	2.89e-07	0.00e+00	0.00e+00	0.00e+00	0.00e+00	0.00e+00	0.00e+00	8.94e-01	4.80e-02	3.69e-02
 5.79447e+16	9.80e-01	2.02e-02	2.70e-07	0.00e+00	0.00e+00	0.00e+00	0.00e+00	0.00e+00	0.00e+00	8.95e-01	4.78e-02	3.67e-02
 5.79625e+16	9.80e-01	1.97e-02	2.54e-07	0.00e+00	0.00e+00	0.00e+00	0.00e+00	0.00e+00	0.00e+00	8.96e-01	4.76e-02	3.66e-02
 5.79790e+16	9.81e-01	1.92e-02	2.39e-07	0.00e+00	0.00e+00	0.00e+00	0.00e+00	0.00e+00	0.00e+00	8.97e-01	4.74e-02	3.64e-02
 5.79939e+16	9.81e-01	1.88e-02	2.27e-07	0.00e+00	0.00e+00	0.00e+00	0.00e+00	0.00e+00	0.00e+00	8.98e-01	4.73e-02	3.63e-02
 5.80077e+16	9.82e-01	1.84e-02	2.16e-07	0.00e+00	0.00e+00	0.00e+00	0.00e+00	0.00e+00	0.00e+00	8.98e-01	4.71e-02	3.62e-02
 5.80208e+16	9.82e-01	1.80e-02	2.07e-07	0.00e+00	0.00e+00	0.00e+00	0.00e+00	0.00e+00	0.00e+00	8.99e-01	4.70e-02	3.61e-02
 5.80332e+16	9.82e-01	1.76e-02	1.98e-07	0.00e+00	0.00e+00	0.00e+00	0.00e+00	0.00e+00	0.00e+00	9.00e-01	4.68e-02	3.59e-02
 5.80450e+16	9.83e-01	1.73e-02	1.89e-07	0.00e+00	0.00e+00	0.00e+00	0.00e+00	0.00e+00	0.00e+00	9.00e-01	4.67e-02	3.58e-02
 5.80560e+16	9.83e-01	1.70e-02	1.82e-07	0.00e+00	0.00e+00	0.00e+00	0.00e+00	0.00e+00	0.00e+00	9.01e-01	4.66e-02	3.57e-02
 5.80664e+16	9.83e-01	1.67e-02	1.76e-07	0.00e+00	0.00e+00	0.00e+00	0.00e+00	0.00e+00	0.00e+00	9.01e-01	4.65e-02	3.56e-02
 5.80762e+16	9.84e-01	1.64e-02	1.70e-07	0.00e+00	0.00e+00	0.00e+00	0.00e+00	0.00e+00	0.00e+00	9.02e-01	4.63e-02	3.55e-02
 5.80855e+16	9.84e-01	1.61e-02	1.64e-07	0.00e+00	0.00e+00	0.00e+00	0.00e+00	0.00e+00	0.00e+00	9.02e-01	4.62e-02	3.54e-02
 5.80943e+16	9.84e-01	1.58e-02	1.59e-07	0.00e+00	0.00e+00	0.00e+00	0.00e+00	0.00e+00	0.00e+00	9.03e-01	4.61e-02	3.53e-02
 5.81027e+16	9.84e-01	1.56e-02	1.54e-07	0.00e+00	0.00e+00	0.00e+00	0.00e+00	0.00e+00	0.00e+00	9.03e-01	4.60e-02	3.52e-02
 5.81107e+16	9.85e-01	1.53e-02	1.50e-07	0.00e+00	0.00e+00	0.00e+00	0.00e+00	0.00e+00	0.00e+00	9.04e-01	4.59e-02	3.51e-02
 5.81184e+16	9.85e-01	1.51e-02	1.46e-07	0.00e+00	0.00e+00	0.00e+00	0.00e+00	0.00e+00	0.00e+00	9.04e-01	4.58e-02	3.50e-02
 5.81258e+16	9.85e-01	1.49e-02	1.42e-07	0.00e+00	0.00e+00	0.00e+00	0.00e+00	0.00e+00	0.00e+00	9.04e-01	4.57e-02	3.50e-02
 5.81329e+16	9.85e-01	1.47e-02	1.38e-07	0.00e+00	0.00e+00	0.00e+00	0.00e+00	0.00e+00	0.00e+00	9.05e-01	4.56e-02	3.49e-02
 5.81399e+16	9.86e-01	1.44e-02	1.34e-07	0.00e+00	0.00e+00	0.00e+00	0.00e+00	0.00e+00	0.00e+00	9.05e-01	4.55e-02	3.48e-02
 5.81466e+16	9.86e-01	1.42e-02	1.31e-07	0.00e+00	0.00e+00	0.00e+00	0.00e+00	0.00e+00	0.00e+00	9.06e-01	4.54e-02	3.47e-02
 5.81533e+16	9.86e-01	1.40e-02	1.28e-07	0.00e+00	0.00e+00	0.00e+00	0.00e+00	0.00e+00	0.00e+00	9.06e-01	4.53e-02	3.46e-02
 5.81598e+16	9.86e-01	1.38e-02	1.25e-07	0.00e+00	0.00e+00	0.00e+00	0.00e+00	0.00e+00	0.00e+00	9.07e-01	4.51e-02	3.45e-02
 5.81662e+16	9.86e-01	1.36e-02	1.22e-07	0.00e+00	0.00e+00	0.00e+00	0.00e+00	0.00e+00	0.00e+00	9.07e-01	4.50e-02	3.44e-02
 5.81728e+16	9.87e-01	1.34e-02	1.19e-07	0.00e+00	0.00e+00	0.00e+00	0.00e+00	0.00e+00	0.00e+00	9.07e-01	4.49e-02	3.43e-02
 5.81795e+16	9.87e-01	1.31e-02	1.16e-07	0.00e+00	0.00e+00	0.00e+00	0.00e+00	0.00e+00	0.00e+00	9.08e-01	4.48e-02	3.42e-02
 5.81864e+16	9.87e-01	1.29e-02	1.12e-07	0.00e+00	0.00e+00	0.00e+00	0.00e+00	0.00e+00	0.00e+00	9.08e-01	4.47e-02	3.41e-02
 5.81937e+16	9.87e-01	1.26e-02	1.09e-07	0.00e+00	0.00e+00	0.00e+00	0.00e+00	0.00e+00	0.00e+00	9.09e-01	4.45e-02	3.39e-02
 5.82016e+16	9.88e-01	1.23e-02	1.06e-07	0.00e+00	0.00e+00	0.00e+00	0.00e+00	0.00e+00	0.00e+00	9.10e-01	4.43e-02	3.38e-02
 5.82096e+16	9.88e-01	1.20e-02	1.02e-07	0.00e+00	0.00e+00	0.00e+00	0.00e+00	0.00e+00	0.00e+00	9.10e-01	4.42e-02	3.36e-02
 5.82172e+16	9.88e-01	1.17e-02	9.90e-08	0.00e+00	0.00e+00	0.00e+00	0.00e+00	0.00e+00	0.00e+00	9.11e-01	4.40e-02	3.35e-02
 5.82240e+16	9.89e-01	1.14e-02	9.61e-08	0.00e+00	0.00e+00	0.00e+00	0.00e+00	0.00e+00	0.00e+00	9.11e-01	4.38e-02	3.33e-02
 5.82305e+16	9.89e-01	1.12e-02	9.34e-08	0.00e+00	0.00e+00	0.00e+00	0.00e+00	0.00e+00	0.00e+00	9.12e-01	4.37e-02	3.32e-02
 5.82365e+16	9.89e-01	1.10e-02	9.09e-08	0.00e+00	0.00e+00	0.00e+00	0.00e+00	0.00e+00	0.00e+00	9.13e-01	4.35e-02	3.30e-02
 5.82420e+16	9.89e-01	1.08e-02	8.86e-08	0.00e+00	0.00e+00	0.00e+00	0.00e+00	0.00e+00	0.00e+00	9.13e-01	4.34e-02	3.29e-02
 5.82470e+16	9.89e-01	1.06e-02	8.66e-08	0.00e+00	0.00e+00	0.00e+00	0.00e+00	0.00e+00	0.00e+00	9.13e-01	4.32e-02	3.28e-02
 5.82515e+16	9.90e-01	1.04e-02	8.48e-08	0.00e+00	0.00e+00	0.00e+00	0.00e+00	0.00e+00	0.00e+00	9.14e-01	4.31e-02	3.26e-02
 5.82557e+16	9.90e-01	1.02e-02	8.31e-08	0.00e+00	0.00e+00	0.00e+00	0.00e+00	0.00e+00	0.00e+00	9.14e-01	4.30e-02	3.25e-02
 5.82594e+16	9.90e-01	1.01e-02	8.17e-08	0.00e+00	0.00e+00	0.00e+00	0.00e+00	0.00e+00	0.00e+00	9.15e-01	4.29e-02	3.24e-02
 5.82629e+16	9.90e-01	9.96e-03	8.03e-08	0.00e+00	0.00e+00	0.00e+00	0.00e+00	0.00e+00	0.00e+00	9.15e-01	4.28e-02	3.23e-02
 5.82666e+16	9.90e-01	9.83e-03	7.88e-08	0.00e+00	0.00e+00	0.00e+00	0.00e+00	0.00e+00	0.00e+00	9.15e-01	4.26e-02	3.22e-02
 5.82715e+16	9.90e-01	9.64e-03	7.68e-08	0.00e+00	0.00e+00	0.00e+00	0.00e+00	0.00e+00	0.00e+00	9.16e-01	4.24e-02	3.21e-02
 5.82767e+16	9.91e-01	9.45e-03	7.48e-08	0.00e+00	0.00e+00	0.00e+00	0.00e+00	0.00e+00	0.00e+00	9.16e-01	4.22e-02	3.19e-02
 5.82815e+16	9.91e-01	9.28e-03	7.29e-08	0.00e+00	0.00e+00	0.00e+00	0.00e+00	0.00e+00	0.00e+00	9.17e-01	4.21e-02	3.18e-02
 5.82859e+16	9.91e-01	9.13e-03	7.13e-08	0.00e+00	0.00e+00	0.00e+00	0.00e+00	0.00e+00	0.00e+00	9.17e-01	4.19e-02	3.17e-02
 5.82899e+16	9.91e-01	8.99e-03	6.98e-08	0.00e+00	0.00e+00	0.00e+00	0.00e+00	0.00e+00	0.00e+00	9.18e-01	4.18e-02	3.15e-02
 5.82935e+16	9.91e-01	8.87e-03	6.85e-08	0.00e+00	0.00e+00	0.00e+00	0.00e+00	0.00e+00	0.00e+00	9.18e-01	4.16e-02	3.14e-02
 5.82974e+16	9.91e-01	8.73e-03	6.69e-08	0.00e+00	0.00e+00	0.00e+00	0.00e+00	0.00e+00	0.00e+00	9.18e-01	4.15e-02	3.13e-02
 5.83017e+16	9.91e-01	8.58e-03	6.54e-08	0.00e+00	0.00e+00	0.00e+00	0.00e+00	0.00e+00	0.00e+00	9.19e-01	4.13e-02	3.12e-02
 5.83056e+16	9.92e-01	8.48e-03	6.41e-08	0.00e+00	0.00e+00	0.00e+00	0.00e+00	0.00e+00	0.00e+00	9.19e-01	4.12e-02	3.11e-02
 5.83098e+16	9.92e-01	8.36e-03	6.27e-08	0.00e+00	0.00e+00	0.00e+00	0.00e+00	0.00e+00	0.00e+00	9.20e-01	4.11e-02	3.10e-02
 5.83154e+16	9.92e-01	8.20e-03	6.08e-08	0.00e+00	0.00e+00	0.00e+00	0.00e+00	0.00e+00	0.00e+00	9.20e-01	4.09e-02	3.09e-02
 5.83213e+16	9.92e-01	8.04e-03	5.89e-08	0.00e+00	0.00e+00	0.00e+00	0.00e+00	0.00e+00	0.00e+00	9.20e-01	4.08e-02	3.07e-02
 5.83268e+16	9.92e-01	7.90e-03	5.72e-08	0.00e+00	0.00e+00	0.00e+00	0.00e+00	0.00e+00	0.00e+00	9.21e-01	4.06e-02	3.06e-02
 5.83317e+16	9.92e-01	7.77e-03	5.56e-08	0.00e+00	0.00e+00	0.00e+00	0.00e+00	0.00e+00	0.00e+00	9.21e-01	4.05e-02	3.04e-02
 5.83362e+16	9.92e-01	7.65e-03	5.43e-08	0.00e+00	0.00e+00	0.00e+00	0.00e+00	0.00e+00	0.00e+00	9.22e-01	4.03e-02	3.03e-02
 5.83412e+16	9.92e-01	7.53e-03	5.28e-08	0.00e+00	0.00e+00	0.00e+00	0.00e+00	0.00e+00	0.00e+00	9.22e-01	4.02e-02	3.02e-02
 5.83465e+16	9.93e-01	7.38e-03	5.11e-08	0.00e+00	0.00e+00	0.00e+00	0.00e+00	0.00e+00	0.00e+00	9.23e-01	4.00e-02	3.01e-02
 5.83513e+16	9.93e-01	7.24e-03	4.96e-08	0.00e+00	0.00e+00	0.00e+00	0.00e+00	0.00e+00	0.00e+00	9.23e-01	3.99e-02	2.99e-02
