#depth	He	He+	He+2
 1.26266e+12	1.94e-04	3.04e-01	6.96e-01
 7.57593e+12	1.94e-04	3.04e-01	6.96e-01
 3.28290e+13	1.95e-04	3.05e-01	6.95e-01
 1.33841e+14	1.99e-04	3.10e-01	6.90e-01
 3.19704e+14	2.02e-04	3.12e-01	6.88e-01
 5.61326e+14	2.09e-04	3.20e-01	6.80e-01
 8.75434e+14	2.22e-04	3.35e-01	6.65e-01
 1.28377e+15	2.42e-04	3.59e-01	6.41e-01
 1.81462e+15	2.75e-04	3.98e-01	6.01e-01
 2.44002e+15	3.22e-04	4.55e-01	5.45e-01
 3.05088e+15	3.78e-04	5.22e-01	4.77e-01
 3.58326e+15	4.34e-04	5.90e-01	4.09e-01
 4.15106e+15	5.03e-04	6.68e-01	3.31e-01
 4.77540e+15	5.79e-04	7.51e-01	2.48e-01
 5.38203e+15	6.50e-04	8.24e-01	1.76e-01
 6.07940e+15	7.21e-04	8.88e-01	1.12e-01
 6.98598e+15	7.94e-04	9.41e-01	5.86e-02
 8.16454e+15	8.65e-04	9.75e-01	2.45e-02
 9.69666e+15	9.40e-04	9.91e-01	8.15e-03
 1.16884e+16	1.03e-03	9.97e-01	2.18e-03
 1.34549e+16	1.11e-03	9.98e-01	7.51e-04
 1.48004e+16	1.17e-03	9.98e-01	3.55e-04
 1.62804e+16	1.25e-03	9.99e-01	1.63e-04
 1.79085e+16	1.34e-03	9.99e-01	7.37e-05
 1.96993e+16	1.45e-03	9.99e-01	3.26e-05
 2.16693e+16	1.58e-03	9.98e-01	1.44e-05
 2.31609e+16	1.69e-03	9.98e-01	8.38e-06
 2.39093e+16	1.74e-03	9.98e-01	6.49e-06
 2.45731e+16	1.80e-03	9.98e-01	5.10e-06
 2.54361e+16	1.87e-03	9.98e-01	3.78e-06
 2.65580e+16	1.97e-03	9.98e-01	2.62e-06
 2.76739e+16	2.08e-03	9.98e-01	1.89e-06
 2.85256e+16	2.17e-03	9.98e-01	1.49e-06
 2.93761e+16	2.26e-03	9.98e-01	1.17e-06
 3.03260e+16	2.38e-03	9.98e-01	9.14e-07
 3.11991e+16	2.49e-03	9.98e-01	7.38e-07
 3.19812e+16	2.59e-03	9.97e-01	6.11e-07
 3.28506e+16	2.72e-03	9.97e-01	4.98e-07
 3.37852e+16	2.87e-03	9.97e-01	4.05e-07
 3.45933e+16	3.00e-03	9.97e-01	3.42e-07
 3.53080e+16	3.14e-03	9.97e-01	2.95e-07
 3.61121e+16	3.29e-03	9.97e-01	2.50e-07
 3.69884e+16	3.49e-03	9.97e-01	2.11e-07
 3.77619e+16	3.67e-03	9.96e-01	1.83e-07
 3.84458e+16	3.85e-03	9.96e-01	1.61e-07
 3.92097e+16	4.07e-03	9.96e-01	1.40e-07
 4.00407e+16	4.34e-03	9.96e-01	1.21e-07
 4.07756e+16	4.60e-03	9.95e-01	1.07e-07
 4.14247e+16	4.86e-03	9.95e-01	9.63e-08
 4.21453e+16	5.18e-03	9.95e-01	8.52e-08
 4.29242e+16	5.57e-03	9.94e-01	7.54e-08
 4.35915e+16	5.97e-03	9.94e-01	6.80e-08
 4.41490e+16	6.34e-03	9.94e-01	6.24e-08
 4.47512e+16	6.79e-03	9.93e-01	5.67e-08
 4.54058e+16	7.36e-03	9.93e-01	5.13e-08
 4.59725e+16	7.93e-03	9.92e-01	4.72e-08
 4.64521e+16	8.47e-03	9.92e-01	4.41e-08
 4.69745e+16	9.16e-03	9.91e-01	4.06e-08
 4.75406e+16	1.00e-02	9.90e-01	3.74e-08
 4.80272e+16	1.09e-02	9.89e-01	3.49e-08
 4.84379e+16	1.18e-02	9.88e-01	3.29e-08
 4.88863e+16	1.29e-02	9.87e-01	3.08e-08
 4.93758e+16	1.43e-02	9.86e-01	2.87e-08
 4.98041e+16	1.59e-02	9.84e-01	2.71e-08
 5.01713e+16	1.74e-02	9.83e-01	2.57e-08
 5.04903e+16	1.90e-02	9.81e-01	2.46e-08
 5.07609e+16	2.06e-02	9.79e-01	2.37e-08
 5.10142e+16	2.23e-02	9.78e-01	2.28e-08
 5.13053e+16	2.46e-02	9.75e-01	2.19e-08
 5.16032e+16	2.72e-02	9.73e-01	2.11e-08
 5.18379e+16	2.98e-02	9.70e-01	2.04e-08
 5.20300e+16	3.20e-02	9.68e-01	2.00e-08
 5.22389e+16	3.50e-02	9.65e-01	1.94e-08
 5.24670e+16	3.86e-02	9.61e-01	1.89e-08
 5.26670e+16	4.24e-02	9.58e-01	1.85e-08
 5.28364e+16	4.59e-02	9.54e-01	1.82e-08
 5.30190e+16	5.04e-02	9.50e-01	1.79e-08
 5.32169e+16	5.60e-02	9.44e-01	1.76e-08
 5.33871e+16	6.17e-02	9.38e-01	1.73e-08
 5.35310e+16	6.69e-02	9.33e-01	1.72e-08
 5.36880e+16	7.38e-02	9.26e-01	1.70e-08
 5.38597e+16	8.18e-02	9.18e-01	1.70e-08
 5.40141e+16	9.04e-02	9.10e-01	1.69e-08
 5.41509e+16	9.89e-02	9.01e-01	1.69e-08
 5.42896e+16	1.09e-01	8.91e-01	1.70e-08
 5.44378e+16	1.21e-01	8.79e-01	1.71e-08
 5.45759e+16	1.33e-01	8.67e-01	1.73e-08
 5.46910e+16	1.45e-01	8.55e-01	1.75e-08
 5.47919e+16	1.56e-01	8.44e-01	1.76e-08
 5.48908e+16	1.68e-01	8.32e-01	1.78e-08
 5.49707e+16	1.78e-01	8.22e-01	1.81e-08
 5.50221e+16	1.85e-01	8.15e-01	1.82e-08
 5.50697e+16	1.93e-01	8.07e-01	1.83e-08
 5.51276e+16	2.02e-01	7.98e-01	1.84e-08
 5.51896e+16	2.12e-01	7.88e-01	1.86e-08
 5.52461e+16	2.21e-01	7.79e-01	1.88e-08
 5.52985e+16	2.30e-01	7.70e-01	1.89e-08
 5.53507e+16	2.40e-01	7.60e-01	1.91e-08
 5.54042e+16	2.50e-01	7.50e-01	1.93e-08
 5.54576e+16	2.60e-01	7.40e-01	1.96e-08
 5.55098e+16	2.71e-01	7.29e-01	1.98e-08
 5.55613e+16	2.82e-01	7.18e-01	2.00e-08
 5.56116e+16	2.93e-01	7.07e-01	2.02e-08
 5.56616e+16	3.04e-01	6.96e-01	2.04e-08
 5.57122e+16	3.16e-01	6.84e-01	2.06e-08
 5.57621e+16	3.28e-01	6.72e-01	2.09e-08
 5.58110e+16	3.41e-01	6.59e-01	2.11e-08
 5.58596e+16	3.53e-01	6.47e-01	2.14e-08
 5.59083e+16	3.66e-01	6.34e-01	2.16e-08
 5.59572e+16	3.80e-01	6.20e-01	2.19e-08
 5.60044e+16	3.93e-01	6.07e-01	2.21e-08
 5.60508e+16	4.06e-01	5.94e-01	2.23e-08
 5.60982e+16	4.20e-01	5.80e-01	2.25e-08
 5.61453e+16	4.34e-01	5.66e-01	2.28e-08
 5.61916e+16	4.48e-01	5.52e-01	2.30e-08
 5.62377e+16	4.63e-01	5.37e-01	2.32e-08
 5.62829e+16	4.77e-01	5.23e-01	2.34e-08
 5.63278e+16	4.91e-01	5.09e-01	2.37e-08
 5.63730e+16	5.06e-01	4.94e-01	2.39e-08
 5.64178e+16	5.21e-01	4.79e-01	2.40e-08
 5.64617e+16	5.35e-01	4.65e-01	2.42e-08
 5.65045e+16	5.49e-01	4.51e-01	2.44e-08
 5.65465e+16	5.63e-01	4.37e-01	2.45e-08
 5.65885e+16	5.77e-01	4.23e-01	2.47e-08
 5.66301e+16	5.91e-01	4.09e-01	2.48e-08
 5.66702e+16	6.04e-01	3.96e-01	2.49e-08
 5.67098e+16	6.17e-01	3.83e-01	2.50e-08
 5.67494e+16	6.30e-01	3.70e-01	2.51e-08
 5.67886e+16	6.43e-01	3.57e-01	2.51e-08
 5.68266e+16	6.55e-01	3.45e-01	2.52e-08
 5.68641e+16	6.67e-01	3.33e-01	2.52e-08
 5.69016e+16	6.79e-01	3.21e-01	2.52e-08
 5.69386e+16	6.91e-01	3.09e-01	2.53e-08
 5.69748e+16	7.02e-01	2.98e-01	2.52e-08
 5.70106e+16	7.13e-01	2.87e-01	2.52e-08
 5.70464e+16	7.24e-01	2.76e-01	2.52e-08
 5.70816e+16	7.34e-01	2.66e-01	2.52e-08
 5.71162e+16	7.44e-01	2.56e-01	2.51e-08
 5.71506e+16	7.54e-01	2.46e-01	2.51e-08
 5.71849e+16	7.64e-01	2.36e-01	2.50e-08
 5.72186e+16	7.73e-01	2.27e-01	2.49e-08
 5.72518e+16	7.81e-01	2.19e-01	2.48e-08
 5.72845e+16	7.90e-01	2.10e-01	2.47e-08
 5.73173e+16	7.98e-01	2.02e-01	2.46e-08
 5.73503e+16	8.06e-01	1.94e-01	2.45e-08
 5.73825e+16	8.14e-01	1.86e-01	2.43e-08
 5.74141e+16	8.22e-01	1.78e-01	2.42e-08
 5.74457e+16	8.29e-01	1.71e-01	2.41e-08
 5.74771e+16	8.36e-01	1.64e-01	2.39e-08
 5.75080e+16	8.42e-01	1.58e-01	2.37e-08
 5.75388e+16	8.49e-01	1.51e-01	2.35e-08
 5.75696e+16	8.55e-01	1.45e-01	2.33e-08
 5.76001e+16	8.61e-01	1.39e-01	2.32e-08
 5.76300e+16	8.67e-01	1.33e-01	2.29e-08
 5.76596e+16	8.72e-01	1.28e-01	2.27e-08
 5.76891e+16	8.77e-01	1.23e-01	2.25e-08
 5.77183e+16	8.82e-01	1.18e-01	2.23e-08
 5.77472e+16	8.87e-01	1.13e-01	2.20e-08
 5.77757e+16	8.92e-01	1.08e-01	2.18e-08
 5.78039e+16	8.96e-01	1.04e-01	2.15e-08
 5.78319e+16	9.00e-01	9.98e-02	2.13e-08
 5.78587e+16	9.04e-01	9.58e-02	2.10e-08
 5.78833e+16	9.08e-01	9.24e-02	2.08e-08
 5.79055e+16	9.11e-01	8.92e-02	2.05e-08
 5.79258e+16	9.14e-01	8.64e-02	2.02e-08
 5.79447e+16	9.16e-01	8.39e-02	2.00e-08
 5.79625e+16	9.18e-01	8.16e-02	1.97e-08
 5.79790e+16	9.21e-01	7.94e-02	1.95e-08
 5.79939e+16	9.22e-01	7.76e-02	1.93e-08
 5.80077e+16	9.24e-01	7.58e-02	1.91e-08
 5.80208e+16	9.26e-01	7.42e-02	1.89e-08
 5.80332e+16	9.27e-01	7.27e-02	1.87e-08
 5.80450e+16	9.29e-01	7.13e-02	1.85e-08
 5.80560e+16	9.30e-01	7.00e-02	1.83e-08
 5.80664e+16	9.31e-01	6.88e-02	1.81e-08
 5.80762e+16	9.32e-01	6.76e-02	1.79e-08
 5.80855e+16	9.33e-01	6.66e-02	1.78e-08
 5.80943e+16	9.34e-01	6.56e-02	1.76e-08
 5.81027e+16	9.35e-01	6.46e-02	1.75e-08
 5.81107e+16	9.36e-01	6.37e-02	1.73e-08
 5.81184e+16	9.37e-01	6.29e-02	1.72e-08
 5.81258e+16	9.38e-01	6.21e-02	1.70e-08
 5.81329e+16	9.39e-01	6.13e-02	1.69e-08
 5.81399e+16	9.39e-01	6.05e-02	1.67e-08
 5.81466e+16	9.40e-01	5.98e-02	1.66e-08
 5.81533e+16	9.41e-01	5.91e-02	1.64e-08
 5.81598e+16	9.42e-01	5.84e-02	1.63e-08
 5.81662e+16	9.42e-01	5.77e-02	1.62e-08
 5.81728e+16	9.43e-01	5.70e-02	1.60e-08
 5.81795e+16	9.44e-01	5.63e-02	1.58e-08
 5.81864e+16	9.44e-01	5.56e-02	1.57e-08
 5.81937e+16	9.45e-01	5.47e-02	1.55e-08
 5.82016e+16	9.46e-01	5.39e-02	1.53e-08
 5.82096e+16	9.47e-01	5.31e-02	1.51e-08
 5.82172e+16	9.48e-01	5.23e-02	1.49e-08
 5.82240e+16	9.48e-01	5.15e-02	1.47e-08
 5.82305e+16	9.49e-01	5.08e-02	1.45e-08
 5.82365e+16	9.50e-01	5.02e-02	1.43e-08
 5.82420e+16	9.50e-01	4.96e-02	1.41e-08
 5.82470e+16	9.51e-01	4.91e-02	1.39e-08
 5.82515e+16	9.51e-01	4.86e-02	1.38e-08
 5.82557e+16	9.52e-01	4.81e-02	1.37e-08
 5.82594e+16	9.52e-01	4.77e-02	1.35e-08
 5.82629e+16	9.53e-01	4.73e-02	1.34e-08
 5.82666e+16	9.53e-01	4.69e-02	1.33e-08
 5.82715e+16	9.54e-01	4.63e-02	1.31e-08
 5.82767e+16	9.54e-01	4.57e-02	1.29e-08
 5.82815e+16	9.55e-01	4.52e-02	1.28e-08
 5.82859e+16	9.55e-01	4.48e-02	1.26e-08
 5.82899e+16	9.56e-01	4.43e-02	1.25e-08
 5.82935e+16	9.56e-01	4.40e-02	1.24e-08
 5.82974e+16	9.56e-01	4.35e-02	1.23e-08
 5.83017e+16	9.57e-01	4.30e-02	1.21e-08
 5.83056e+16	9.57e-01	4.27e-02	1.20e-08
 5.83098e+16	9.58e-01	4.22e-02	1.19e-08
 5.83154e+16	9.58e-01	4.17e-02	1.18e-08
 5.83213e+16	9.59e-01	4.11e-02	1.16e-08
 5.83268e+16	9.59e-01	4.06e-02	1.15e-08
 5.83317e+16	9.60e-01	4.02e-02	1.14e-08
 5.83362e+16	9.60e-01	3.98e-02	1.13e-08
 5.83412e+16	9.61e-01	3.93e-02	1.11e-08
 5.83465e+16	9.61e-01	3.88e-02	1.10e-08
 5.83513e+16	9.62e-01	3.84e-02	1.09e-08
