#depth	O	O+	O+2	O+3	O+4	O+5	O+6	O+7	O+8	O[1]	O[2]	O[3]
 2.33739e+11	4.90e-05	5.39e-02	9.46e-01	1.82e-04	0.00e+00	0.00e+00	0.00e+00	0.00e+00	0.00e+00	3.30e-05	1.12e-05	4.82e-06
 1.40243e+12	4.89e-05	5.39e-02	9.46e-01	1.81e-04	0.00e+00	0.00e+00	0.00e+00	0.00e+00	0.00e+00	3.29e-05	1.12e-05	4.81e-06
 6.07721e+12	4.89e-05	5.40e-02	9.46e-01	1.79e-04	0.00e+00	0.00e+00	0.00e+00	0.00e+00	0.00e+00	3.29e-05	1.12e-05	4.82e-06
 2.47763e+13	4.91e-05	5.41e-02	9.46e-01	1.68e-04	0.00e+00	0.00e+00	0.00e+00	0.00e+00	0.00e+00	3.30e-05	1.12e-05	4.85e-06
 5.91827e+13	4.90e-05	5.43e-02	9.46e-01	1.53e-04	0.00e+00	0.00e+00	0.00e+00	0.00e+00	0.00e+00	3.29e-05	1.12e-05	4.87e-06
 1.03911e+14	4.90e-05	5.45e-02	9.45e-01	1.36e-04	0.00e+00	0.00e+00	0.00e+00	0.00e+00	0.00e+00	3.29e-05	1.13e-05	4.88e-06
 1.62058e+14	4.92e-05	5.48e-02	9.45e-01	1.15e-04	0.00e+00	0.00e+00	0.00e+00	0.00e+00	0.00e+00	3.30e-05	1.13e-05	4.91e-06
 2.37648e+14	4.95e-05	5.52e-02	9.45e-01	9.35e-05	0.00e+00	0.00e+00	0.00e+00	0.00e+00	0.00e+00	3.32e-05	1.14e-05	4.93e-06
 3.35916e+14	4.99e-05	5.58e-02	9.44e-01	7.09e-05	0.00e+00	0.00e+00	0.00e+00	0.00e+00	0.00e+00	3.35e-05	1.15e-05	4.98e-06
 4.63665e+14	5.05e-05	5.65e-02	9.43e-01	4.94e-05	0.00e+00	0.00e+00	0.00e+00	0.00e+00	0.00e+00	3.39e-05	1.16e-05	5.04e-06
 6.29738e+14	5.15e-05	5.74e-02	9.43e-01	3.09e-05	0.00e+00	0.00e+00	0.00e+00	0.00e+00	0.00e+00	3.45e-05	1.18e-05	5.14e-06
 8.45632e+14	5.29e-05	5.86e-02	9.41e-01	1.69e-05	0.00e+00	0.00e+00	0.00e+00	0.00e+00	0.00e+00	3.55e-05	1.21e-05	5.28e-06
 1.12630e+15	5.49e-05	6.02e-02	9.40e-01	7.75e-06	0.00e+00	0.00e+00	0.00e+00	0.00e+00	0.00e+00	3.68e-05	1.26e-05	5.48e-06
 1.49116e+15	5.79e-05	6.24e-02	9.37e-01	2.89e-06	0.00e+00	0.00e+00	0.00e+00	0.00e+00	0.00e+00	3.88e-05	1.33e-05	5.77e-06
 1.96548e+15	6.22e-05	6.54e-02	9.34e-01	8.41e-07	0.00e+00	0.00e+00	0.00e+00	0.00e+00	0.00e+00	4.18e-05	1.43e-05	6.20e-06
 2.58210e+15	6.88e-05	6.96e-02	9.30e-01	1.88e-07	0.00e+00	0.00e+00	0.00e+00	0.00e+00	0.00e+00	4.62e-05	1.58e-05	6.86e-06
 3.38370e+15	7.90e-05	7.55e-02	9.24e-01	0.00e+00	0.00e+00	0.00e+00	0.00e+00	0.00e+00	0.00e+00	5.30e-05	1.81e-05	7.88e-06
 4.37618e+15	9.42e-05	8.34e-02	9.16e-01	0.00e+00	0.00e+00	0.00e+00	0.00e+00	0.00e+00	0.00e+00	6.32e-05	2.16e-05	9.40e-06
 5.41282e+15	1.13e-04	9.26e-02	9.07e-01	0.00e+00	0.00e+00	0.00e+00	0.00e+00	0.00e+00	0.00e+00	7.61e-05	2.60e-05	1.13e-05
 6.34161e+15	1.36e-04	1.02e-01	8.98e-01	0.00e+00	0.00e+00	0.00e+00	0.00e+00	0.00e+00	0.00e+00	9.10e-05	3.11e-05	1.36e-05
 7.11182e+15	1.59e-04	1.11e-01	8.89e-01	0.00e+00	0.00e+00	0.00e+00	0.00e+00	0.00e+00	0.00e+00	1.07e-04	3.64e-05	1.59e-05
 7.82300e+15	1.87e-04	1.21e-01	8.79e-01	0.00e+00	0.00e+00	0.00e+00	0.00e+00	0.00e+00	0.00e+00	1.25e-04	4.29e-05	1.88e-05
 8.55870e+15	2.22e-04	1.32e-01	8.68e-01	0.00e+00	0.00e+00	0.00e+00	0.00e+00	0.00e+00	0.00e+00	1.49e-04	5.11e-05	2.23e-05
 9.24995e+15	2.64e-04	1.43e-01	8.56e-01	0.00e+00	0.00e+00	0.00e+00	0.00e+00	0.00e+00	0.00e+00	1.77e-04	6.08e-05	2.66e-05
 9.87895e+15	3.12e-04	1.55e-01	8.44e-01	0.00e+00	0.00e+00	0.00e+00	0.00e+00	0.00e+00	0.00e+00	2.08e-04	7.18e-05	3.14e-05
 1.04691e+16	3.67e-04	1.68e-01	8.32e-01	0.00e+00	0.00e+00	0.00e+00	0.00e+00	0.00e+00	0.00e+00	2.45e-04	8.46e-05	3.70e-05
 1.10416e+16	4.32e-04	1.82e-01	8.18e-01	0.00e+00	0.00e+00	0.00e+00	0.00e+00	0.00e+00	0.00e+00	2.89e-04	1.00e-04	4.37e-05
 1.15995e+16	5.11e-04	1.96e-01	8.03e-01	0.00e+00	0.00e+00	0.00e+00	0.00e+00	0.00e+00	0.00e+00	3.41e-04	1.18e-04	5.18e-05
 1.21368e+16	6.05e-04	2.12e-01	7.87e-01	0.00e+00	0.00e+00	0.00e+00	0.00e+00	0.00e+00	0.00e+00	4.03e-04	1.41e-04	6.14e-05
 1.26506e+16	7.17e-04	2.30e-01	7.70e-01	0.00e+00	0.00e+00	0.00e+00	0.00e+00	0.00e+00	0.00e+00	4.77e-04	1.67e-04	7.29e-05
 1.31436e+16	8.50e-04	2.48e-01	7.51e-01	0.00e+00	0.00e+00	0.00e+00	0.00e+00	0.00e+00	0.00e+00	5.65e-04	1.98e-04	8.66e-05
 1.36199e+16	1.01e-03	2.68e-01	7.31e-01	0.00e+00	0.00e+00	0.00e+00	0.00e+00	0.00e+00	0.00e+00	6.69e-04	2.36e-04	1.03e-04
 1.40808e+16	1.20e-03	2.89e-01	7.09e-01	0.00e+00	0.00e+00	0.00e+00	0.00e+00	0.00e+00	0.00e+00	7.94e-04	2.81e-04	1.23e-04
 1.45263e+16	1.43e-03	3.13e-01	6.86e-01	0.00e+00	0.00e+00	0.00e+00	0.00e+00	0.00e+00	0.00e+00	9.45e-04	3.36e-04	1.46e-04
 1.49554e+16	1.70e-03	3.38e-01	6.60e-01	0.00e+00	0.00e+00	0.00e+00	0.00e+00	0.00e+00	0.00e+00	1.13e-03	4.02e-04	1.75e-04
 1.53666e+16	2.04e-03	3.65e-01	6.33e-01	0.00e+00	0.00e+00	0.00e+00	0.00e+00	0.00e+00	0.00e+00	1.34e-03	4.82e-04	2.09e-04
 1.57605e+16	2.44e-03	3.94e-01	6.04e-01	0.00e+00	0.00e+00	0.00e+00	0.00e+00	0.00e+00	0.00e+00	1.61e-03	5.78e-04	2.51e-04
 1.61383e+16	2.92e-03	4.24e-01	5.73e-01	0.00e+00	0.00e+00	0.00e+00	0.00e+00	0.00e+00	0.00e+00	1.92e-03	6.94e-04	3.00e-04
 1.65003e+16	3.50e-03	4.57e-01	5.39e-01	0.00e+00	0.00e+00	0.00e+00	0.00e+00	0.00e+00	0.00e+00	2.31e-03	8.35e-04	3.60e-04
 1.68459e+16	4.21e-03	4.91e-01	5.05e-01	0.00e+00	0.00e+00	0.00e+00	0.00e+00	0.00e+00	0.00e+00	2.77e-03	1.00e-03	4.32e-04
 1.71749e+16	5.05e-03	5.27e-01	4.68e-01	0.00e+00	0.00e+00	0.00e+00	0.00e+00	0.00e+00	0.00e+00	3.32e-03	1.21e-03	5.19e-04
 1.74876e+16	6.07e-03	5.64e-01	4.30e-01	0.00e+00	0.00e+00	0.00e+00	0.00e+00	0.00e+00	0.00e+00	3.99e-03	1.46e-03	6.23e-04
 1.77849e+16	7.31e-03	6.01e-01	3.92e-01	0.00e+00	0.00e+00	0.00e+00	0.00e+00	0.00e+00	0.00e+00	4.80e-03	1.76e-03	7.50e-04
 1.80676e+16	8.81e-03	6.39e-01	3.53e-01	0.00e+00	0.00e+00	0.00e+00	0.00e+00	0.00e+00	0.00e+00	5.78e-03	2.12e-03	9.03e-04
 1.83364e+16	1.06e-02	6.76e-01	3.14e-01	0.00e+00	0.00e+00	0.00e+00	0.00e+00	0.00e+00	0.00e+00	6.96e-03	2.56e-03	1.09e-03
 1.85929e+16	1.29e-02	7.12e-01	2.75e-01	0.00e+00	0.00e+00	0.00e+00	0.00e+00	0.00e+00	0.00e+00	8.44e-03	3.11e-03	1.32e-03
 1.88369e+16	1.56e-02	7.48e-01	2.37e-01	0.00e+00	0.00e+00	0.00e+00	0.00e+00	0.00e+00	0.00e+00	1.02e-02	3.78e-03	1.60e-03
 1.90657e+16	1.90e-02	7.80e-01	2.01e-01	0.00e+00	0.00e+00	0.00e+00	0.00e+00	0.00e+00	0.00e+00	1.25e-02	4.61e-03	1.95e-03
 1.92773e+16	2.32e-02	8.09e-01	1.68e-01	0.00e+00	0.00e+00	0.00e+00	0.00e+00	0.00e+00	0.00e+00	1.52e-02	5.61e-03	2.37e-03
 1.94721e+16	2.82e-02	8.34e-01	1.38e-01	0.00e+00	0.00e+00	0.00e+00	0.00e+00	0.00e+00	0.00e+00	1.85e-02	6.83e-03	2.88e-03
 1.96514e+16	3.44e-02	8.54e-01	1.12e-01	0.00e+00	0.00e+00	0.00e+00	0.00e+00	0.00e+00	0.00e+00	2.26e-02	8.33e-03	3.51e-03
 1.98152e+16	4.21e-02	8.69e-01	8.87e-02	0.00e+00	0.00e+00	0.00e+00	0.00e+00	0.00e+00	0.00e+00	2.76e-02	1.02e-02	4.29e-03
 1.99636e+16	5.14e-02	8.79e-01	6.95e-02	0.00e+00	0.00e+00	0.00e+00	0.00e+00	0.00e+00	0.00e+00	3.37e-02	1.24e-02	5.24e-03
 2.00972e+16	6.30e-02	8.83e-01	5.36e-02	0.00e+00	0.00e+00	0.00e+00	0.00e+00	0.00e+00	0.00e+00	4.13e-02	1.51e-02	6.41e-03
 2.02003e+16	7.52e-02	8.83e-01	4.22e-02	0.00e+00	0.00e+00	0.00e+00	0.00e+00	0.00e+00	0.00e+00	4.94e-02	1.81e-02	7.66e-03
 2.02691e+16	8.56e-02	8.79e-01	3.52e-02	0.00e+00	0.00e+00	0.00e+00	0.00e+00	0.00e+00	0.00e+00	5.63e-02	2.05e-02	8.71e-03
 2.03266e+16	9.59e-02	8.74e-01	2.99e-02	0.00e+00	0.00e+00	0.00e+00	0.00e+00	0.00e+00	0.00e+00	6.32e-02	2.29e-02	9.75e-03
 2.03925e+16	1.10e-01	8.65e-01	2.44e-02	0.00e+00	0.00e+00	0.00e+00	0.00e+00	0.00e+00	0.00e+00	7.26e-02	2.63e-02	1.12e-02
 2.04622e+16	1.29e-01	8.52e-01	1.91e-02	0.00e+00	0.00e+00	0.00e+00	0.00e+00	0.00e+00	0.00e+00	8.53e-02	3.07e-02	1.31e-02
 2.05185e+16	1.49e-01	8.36e-01	1.52e-02	0.00e+00	0.00e+00	0.00e+00	0.00e+00	0.00e+00	0.00e+00	9.85e-02	3.52e-02	1.51e-02
 2.05621e+16	1.68e-01	8.20e-01	1.25e-02	0.00e+00	0.00e+00	0.00e+00	0.00e+00	0.00e+00	0.00e+00	1.11e-01	3.95e-02	1.70e-02
 2.06007e+16	1.87e-01	8.02e-01	1.04e-02	0.00e+00	0.00e+00	0.00e+00	0.00e+00	0.00e+00	0.00e+00	1.24e-01	4.39e-02	1.89e-02
 2.06444e+16	2.13e-01	7.79e-01	8.25e-03	0.00e+00	0.00e+00	0.00e+00	0.00e+00	0.00e+00	0.00e+00	1.42e-01	4.95e-02	2.15e-02
 2.06898e+16	2.45e-01	7.49e-01	6.34e-03	0.00e+00	0.00e+00	0.00e+00	0.00e+00	0.00e+00	0.00e+00	1.64e-01	5.65e-02	2.47e-02
 2.07259e+16	2.76e-01	7.19e-01	5.01e-03	0.00e+00	0.00e+00	0.00e+00	0.00e+00	0.00e+00	0.00e+00	1.85e-01	6.30e-02	2.77e-02
 2.07544e+16	3.03e-01	6.93e-01	4.10e-03	0.00e+00	0.00e+00	0.00e+00	0.00e+00	0.00e+00	0.00e+00	2.04e-01	6.87e-02	3.04e-02
 2.07837e+16	3.35e-01	6.62e-01	3.30e-03	0.00e+00	0.00e+00	0.00e+00	0.00e+00	0.00e+00	0.00e+00	2.26e-01	7.50e-02	3.34e-02
 2.08152e+16	3.72e-01	6.25e-01	2.57e-03	0.00e+00	0.00e+00	0.00e+00	0.00e+00	0.00e+00	0.00e+00	2.53e-01	8.22e-02	3.70e-02
 2.08433e+16	4.09e-01	5.89e-01	2.02e-03	0.00e+00	0.00e+00	0.00e+00	0.00e+00	0.00e+00	0.00e+00	2.79e-01	8.90e-02	4.05e-02
 2.08662e+16	4.41e-01	5.58e-01	1.64e-03	0.00e+00	0.00e+00	0.00e+00	0.00e+00	0.00e+00	0.00e+00	3.02e-01	9.47e-02	4.34e-02
 2.08855e+16	4.68e-01	5.30e-01	1.37e-03	0.00e+00	0.00e+00	0.00e+00	0.00e+00	0.00e+00	0.00e+00	3.23e-01	9.94e-02	4.59e-02
 2.09030e+16	4.95e-01	5.04e-01	1.15e-03	0.00e+00	0.00e+00	0.00e+00	0.00e+00	0.00e+00	0.00e+00	3.43e-01	1.04e-01	4.83e-02
 2.09199e+16	5.20e-01	4.79e-01	9.76e-04	0.00e+00	0.00e+00	0.00e+00	0.00e+00	0.00e+00	0.00e+00	3.62e-01	1.07e-01	5.05e-02
 2.09359e+16	5.44e-01	4.55e-01	8.28e-04	0.00e+00	0.00e+00	0.00e+00	0.00e+00	0.00e+00	0.00e+00	3.81e-01	1.11e-01	5.26e-02
 2.09507e+16	5.66e-01	4.33e-01	7.11e-04	0.00e+00	0.00e+00	0.00e+00	0.00e+00	0.00e+00	0.00e+00	3.98e-01	1.14e-01	5.44e-02
 2.09647e+16	5.87e-01	4.12e-01	6.13e-04	0.00e+00	0.00e+00	0.00e+00	0.00e+00	0.00e+00	0.00e+00	4.15e-01	1.16e-01	5.61e-02
 2.09754e+16	6.03e-01	3.96e-01	5.46e-04	0.00e+00	0.00e+00	0.00e+00	0.00e+00	0.00e+00	0.00e+00	4.27e-01	1.18e-01	5.73e-02
 2.09827e+16	6.13e-01	3.86e-01	5.06e-04	0.00e+00	0.00e+00	0.00e+00	0.00e+00	0.00e+00	0.00e+00	4.36e-01	1.19e-01	5.81e-02
 2.09897e+16	6.24e-01	3.76e-01	4.68e-04	0.00e+00	0.00e+00	0.00e+00	0.00e+00	0.00e+00	0.00e+00	4.44e-01	1.21e-01	5.89e-02
 2.09980e+16	6.36e-01	3.64e-01	4.27e-04	0.00e+00	0.00e+00	0.00e+00	0.00e+00	0.00e+00	0.00e+00	4.54e-01	1.22e-01	5.98e-02
 2.10069e+16	6.48e-01	3.52e-01	3.87e-04	0.00e+00	0.00e+00	0.00e+00	0.00e+00	0.00e+00	0.00e+00	4.64e-01	1.23e-01	6.07e-02
 2.10158e+16	6.60e-01	3.40e-01	3.51e-04	0.00e+00	0.00e+00	0.00e+00	0.00e+00	0.00e+00	0.00e+00	4.75e-01	1.24e-01	6.15e-02
 2.10243e+16	6.72e-01	3.28e-01	3.19e-04	0.00e+00	0.00e+00	0.00e+00	0.00e+00	0.00e+00	0.00e+00	4.85e-01	1.25e-01	6.23e-02
 2.10325e+16	6.83e-01	3.17e-01	2.91e-04	0.00e+00	0.00e+00	0.00e+00	0.00e+00	0.00e+00	0.00e+00	4.94e-01	1.26e-01	6.30e-02
 2.10408e+16	6.93e-01	3.06e-01	2.64e-04	0.00e+00	0.00e+00	0.00e+00	0.00e+00	0.00e+00	0.00e+00	5.03e-01	1.26e-01	6.37e-02
 2.10495e+16	7.05e-01	2.95e-01	2.39e-04	0.00e+00	0.00e+00	0.00e+00	0.00e+00	0.00e+00	0.00e+00	5.13e-01	1.27e-01	6.44e-02
 2.10581e+16	7.15e-01	2.85e-01	2.17e-04	0.00e+00	0.00e+00	0.00e+00	0.00e+00	0.00e+00	0.00e+00	5.22e-01	1.27e-01	6.50e-02
 2.10667e+16	7.25e-01	2.74e-01	1.96e-04	0.00e+00	0.00e+00	0.00e+00	0.00e+00	0.00e+00	0.00e+00	5.32e-01	1.28e-01	6.55e-02
 2.10752e+16	7.35e-01	2.65e-01	1.78e-04	0.00e+00	0.00e+00	0.00e+00	0.00e+00	0.00e+00	0.00e+00	5.41e-01	1.28e-01	6.61e-02
 2.10839e+16	7.45e-01	2.55e-01	1.61e-04	0.00e+00	0.00e+00	0.00e+00	0.00e+00	0.00e+00	0.00e+00	5.50e-01	1.28e-01	6.65e-02
 2.10928e+16	7.55e-01	2.45e-01	1.45e-04	0.00e+00	0.00e+00	0.00e+00	0.00e+00	0.00e+00	0.00e+00	5.59e-01	1.29e-01	6.70e-02
 2.11015e+16	7.64e-01	2.36e-01	1.31e-04	0.00e+00	0.00e+00	0.00e+00	0.00e+00	0.00e+00	0.00e+00	5.68e-01	1.29e-01	6.74e-02
 2.11102e+16	7.73e-01	2.27e-01	1.18e-04	0.00e+00	0.00e+00	0.00e+00	0.00e+00	0.00e+00	0.00e+00	5.77e-01	1.29e-01	6.77e-02
 2.11191e+16	7.82e-01	2.18e-01	1.06e-04	0.00e+00	0.00e+00	0.00e+00	0.00e+00	0.00e+00	0.00e+00	5.86e-01	1.28e-01	6.81e-02
 2.11281e+16	7.91e-01	2.09e-01	9.56e-05	0.00e+00	0.00e+00	0.00e+00	0.00e+00	0.00e+00	0.00e+00	5.94e-01	1.28e-01	6.83e-02
 2.11371e+16	7.99e-01	2.01e-01	8.59e-05	0.00e+00	0.00e+00	0.00e+00	0.00e+00	0.00e+00	0.00e+00	6.02e-01	1.28e-01	6.85e-02
 2.11462e+16	8.07e-01	1.93e-01	7.70e-05	0.00e+00	0.00e+00	0.00e+00	0.00e+00	0.00e+00	0.00e+00	6.11e-01	1.28e-01	6.87e-02
 2.11553e+16	8.15e-01	1.85e-01	6.91e-05	0.00e+00	0.00e+00	0.00e+00	0.00e+00	0.00e+00	0.00e+00	6.19e-01	1.27e-01	6.89e-02
 2.11644e+16	8.23e-01	1.77e-01	6.20e-05	0.00e+00	0.00e+00	0.00e+00	0.00e+00	0.00e+00	0.00e+00	6.27e-01	1.27e-01	6.90e-02
 2.11736e+16	8.30e-01	1.70e-01	5.55e-05	0.00e+00	0.00e+00	0.00e+00	0.00e+00	0.00e+00	0.00e+00	6.34e-01	1.26e-01	6.91e-02
 2.11829e+16	8.37e-01	1.63e-01	4.95e-05	0.00e+00	0.00e+00	0.00e+00	0.00e+00	0.00e+00	0.00e+00	6.42e-01	1.26e-01	6.91e-02
 2.11924e+16	8.44e-01	1.56e-01	4.42e-05	0.00e+00	0.00e+00	0.00e+00	0.00e+00	0.00e+00	0.00e+00	6.49e-01	1.25e-01	6.91e-02
 2.12018e+16	8.51e-01	1.49e-01	3.94e-05	0.00e+00	0.00e+00	0.00e+00	0.00e+00	0.00e+00	0.00e+00	6.57e-01	1.25e-01	6.91e-02
 2.12112e+16	8.57e-01	1.43e-01	3.52e-05	0.00e+00	0.00e+00	0.00e+00	0.00e+00	0.00e+00	0.00e+00	6.64e-01	1.24e-01	6.90e-02
 2.12205e+16	8.63e-01	1.37e-01	3.14e-05	0.00e+00	0.00e+00	0.00e+00	0.00e+00	0.00e+00	0.00e+00	6.71e-01	1.23e-01	6.89e-02
 2.12299e+16	8.69e-01	1.31e-01	2.80e-05	0.00e+00	0.00e+00	0.00e+00	0.00e+00	0.00e+00	0.00e+00	6.77e-01	1.22e-01	6.88e-02
 2.12395e+16	8.74e-01	1.25e-01	2.49e-05	0.00e+00	0.00e+00	0.00e+00	0.00e+00	0.00e+00	0.00e+00	6.84e-01	1.22e-01	6.87e-02
 2.12490e+16	8.80e-01	1.20e-01	2.21e-05	0.00e+00	0.00e+00	0.00e+00	0.00e+00	0.00e+00	0.00e+00	6.90e-01	1.21e-01	6.85e-02
 2.12584e+16	8.85e-01	1.15e-01	1.98e-05	0.00e+00	0.00e+00	0.00e+00	0.00e+00	0.00e+00	0.00e+00	6.96e-01	1.20e-01	6.84e-02
 2.12676e+16	8.90e-01	1.10e-01	1.76e-05	0.00e+00	0.00e+00	0.00e+00	0.00e+00	0.00e+00	0.00e+00	7.02e-01	1.19e-01	6.82e-02
 2.12768e+16	8.94e-01	1.06e-01	1.58e-05	0.00e+00	0.00e+00	0.00e+00	0.00e+00	0.00e+00	0.00e+00	7.08e-01	1.19e-01	6.80e-02
 2.12861e+16	8.99e-01	1.01e-01	1.40e-05	0.00e+00	0.00e+00	0.00e+00	0.00e+00	0.00e+00	0.00e+00	7.13e-01	1.18e-01	6.77e-02
 2.12954e+16	9.03e-01	9.70e-02	1.25e-05	0.00e+00	0.00e+00	0.00e+00	0.00e+00	0.00e+00	0.00e+00	7.19e-01	1.17e-01	6.75e-02
 2.13047e+16	9.07e-01	9.30e-02	1.12e-05	0.00e+00	0.00e+00	0.00e+00	0.00e+00	0.00e+00	0.00e+00	7.24e-01	1.16e-01	6.72e-02
 2.13138e+16	9.11e-01	8.91e-02	9.99e-06	0.00e+00	0.00e+00	0.00e+00	0.00e+00	0.00e+00	0.00e+00	7.28e-01	1.15e-01	6.70e-02
 2.13230e+16	9.15e-01	8.55e-02	8.92e-06	0.00e+00	0.00e+00	0.00e+00	0.00e+00	0.00e+00	0.00e+00	7.33e-01	1.15e-01	6.67e-02
 2.13321e+16	9.18e-01	8.20e-02	7.97e-06	0.00e+00	0.00e+00	0.00e+00	0.00e+00	0.00e+00	0.00e+00	7.38e-01	1.14e-01	6.64e-02
 2.13412e+16	9.21e-01	7.86e-02	7.13e-06	0.00e+00	0.00e+00	0.00e+00	0.00e+00	0.00e+00	0.00e+00	7.42e-01	1.13e-01	6.60e-02
 2.13502e+16	9.24e-01	7.55e-02	6.37e-06	0.00e+00	0.00e+00	0.00e+00	0.00e+00	0.00e+00	0.00e+00	7.47e-01	1.12e-01	6.57e-02
 2.13593e+16	9.28e-01	7.24e-02	5.70e-06	0.00e+00	0.00e+00	0.00e+00	0.00e+00	0.00e+00	0.00e+00	7.51e-01	1.11e-01	6.54e-02
 2.13684e+16	9.31e-01	6.95e-02	5.09e-06	0.00e+00	0.00e+00	0.00e+00	0.00e+00	0.00e+00	0.00e+00	7.55e-01	1.11e-01	6.50e-02
 2.13774e+16	9.33e-01	6.67e-02	4.56e-06	0.00e+00	0.00e+00	0.00e+00	0.00e+00	0.00e+00	0.00e+00	7.59e-01	1.10e-01	6.47e-02
 2.13864e+16	9.36e-01	6.41e-02	4.08e-06	0.00e+00	0.00e+00	0.00e+00	0.00e+00	0.00e+00	0.00e+00	7.62e-01	1.09e-01	6.44e-02
 2.13954e+16	9.38e-01	6.15e-02	3.65e-06	0.00e+00	0.00e+00	0.00e+00	0.00e+00	0.00e+00	0.00e+00	7.66e-01	1.08e-01	6.40e-02
 2.14044e+16	9.41e-01	5.91e-02	3.27e-06	0.00e+00	0.00e+00	0.00e+00	0.00e+00	0.00e+00	0.00e+00	7.70e-01	1.08e-01	6.37e-02
 2.14134e+16	9.43e-01	5.67e-02	2.92e-06	0.00e+00	0.00e+00	0.00e+00	0.00e+00	0.00e+00	0.00e+00	7.73e-01	1.07e-01	6.34e-02
 2.14225e+16	9.45e-01	5.46e-02	2.62e-06	0.00e+00	0.00e+00	0.00e+00	0.00e+00	0.00e+00	0.00e+00	7.76e-01	1.06e-01	6.31e-02
 2.14315e+16	9.48e-01	5.24e-02	2.34e-06	0.00e+00	0.00e+00	0.00e+00	0.00e+00	0.00e+00	0.00e+00	7.79e-01	1.06e-01	6.28e-02
 2.14404e+16	9.50e-01	5.04e-02	2.10e-06	0.00e+00	0.00e+00	0.00e+00	0.00e+00	0.00e+00	0.00e+00	7.82e-01	1.05e-01	6.24e-02
 2.14494e+16	9.52e-01	4.84e-02	1.88e-06	0.00e+00	0.00e+00	0.00e+00	0.00e+00	0.00e+00	0.00e+00	7.85e-01	1.04e-01	6.21e-02
 2.14584e+16	9.53e-01	4.65e-02	1.68e-06	0.00e+00	0.00e+00	0.00e+00	0.00e+00	0.00e+00	0.00e+00	7.88e-01	1.04e-01	6.18e-02
 2.14672e+16	9.55e-01	4.47e-02	1.51e-06	0.00e+00	0.00e+00	0.00e+00	0.00e+00	0.00e+00	0.00e+00	7.91e-01	1.03e-01	6.15e-02
 2.14762e+16	9.57e-01	4.31e-02	1.35e-06	0.00e+00	0.00e+00	0.00e+00	0.00e+00	0.00e+00	0.00e+00	7.93e-01	1.03e-01	6.13e-02
 2.14854e+16	9.59e-01	4.13e-02	1.21e-06	0.00e+00	0.00e+00	0.00e+00	0.00e+00	0.00e+00	0.00e+00	7.96e-01	1.02e-01	6.10e-02
 2.14945e+16	9.60e-01	3.97e-02	1.08e-06	0.00e+00	0.00e+00	0.00e+00	0.00e+00	0.00e+00	0.00e+00	7.98e-01	1.01e-01	6.07e-02
 2.15033e+16	9.62e-01	3.82e-02	9.73e-07	0.00e+00	0.00e+00	0.00e+00	0.00e+00	0.00e+00	0.00e+00	8.01e-01	1.01e-01	6.04e-02
 2.15122e+16	9.63e-01	3.67e-02	8.74e-07	0.00e+00	0.00e+00	0.00e+00	0.00e+00	0.00e+00	0.00e+00	8.03e-01	1.00e-01	6.01e-02
 2.15215e+16	9.65e-01	3.53e-02	7.81e-07	0.00e+00	0.00e+00	0.00e+00	0.00e+00	0.00e+00	0.00e+00	8.05e-01	9.99e-02	5.99e-02
 2.15307e+16	9.66e-01	3.39e-02	6.99e-07	0.00e+00	0.00e+00	0.00e+00	0.00e+00	0.00e+00	0.00e+00	8.07e-01	9.94e-02	5.96e-02
 2.15397e+16	9.67e-01	3.27e-02	6.28e-07	0.00e+00	0.00e+00	0.00e+00	0.00e+00	0.00e+00	0.00e+00	8.09e-01	9.90e-02	5.94e-02
 2.15486e+16	9.69e-01	3.14e-02	5.64e-07	0.00e+00	0.00e+00	0.00e+00	0.00e+00	0.00e+00	0.00e+00	8.11e-01	9.85e-02	5.91e-02
 2.15575e+16	9.70e-01	3.03e-02	5.07e-07	0.00e+00	0.00e+00	0.00e+00	0.00e+00	0.00e+00	0.00e+00	8.13e-01	9.80e-02	5.89e-02
 2.15664e+16	9.71e-01	2.91e-02	4.56e-07	0.00e+00	0.00e+00	0.00e+00	0.00e+00	0.00e+00	0.00e+00	8.15e-01	9.76e-02	5.86e-02
 2.15754e+16	9.72e-01	2.81e-02	4.10e-07	0.00e+00	0.00e+00	0.00e+00	0.00e+00	0.00e+00	0.00e+00	8.16e-01	9.72e-02	5.84e-02
 2.15846e+16	9.73e-01	2.70e-02	3.67e-07	0.00e+00	0.00e+00	0.00e+00	0.00e+00	0.00e+00	0.00e+00	8.18e-01	9.68e-02	5.82e-02
 2.15938e+16	9.74e-01	2.59e-02	3.29e-07	0.00e+00	0.00e+00	0.00e+00	0.00e+00	0.00e+00	0.00e+00	8.20e-01	9.64e-02	5.79e-02
 2.16028e+16	9.75e-01	2.49e-02	2.96e-07	0.00e+00	0.00e+00	0.00e+00	0.00e+00	0.00e+00	0.00e+00	8.21e-01	9.60e-02	5.77e-02
 2.16117e+16	9.76e-01	2.40e-02	2.66e-07	0.00e+00	0.00e+00	0.00e+00	0.00e+00	0.00e+00	0.00e+00	8.23e-01	9.56e-02	5.75e-02
 2.16207e+16	9.77e-01	2.31e-02	2.39e-07	0.00e+00	0.00e+00	0.00e+00	0.00e+00	0.00e+00	0.00e+00	8.24e-01	9.52e-02	5.73e-02
 2.16297e+16	9.78e-01	2.22e-02	2.15e-07	0.00e+00	0.00e+00	0.00e+00	0.00e+00	0.00e+00	0.00e+00	8.26e-01	9.48e-02	5.71e-02
 2.16386e+16	9.79e-01	2.13e-02	1.94e-07	0.00e+00	0.00e+00	0.00e+00	0.00e+00	0.00e+00	0.00e+00	8.27e-01	9.44e-02	5.69e-02
 2.16474e+16	9.79e-01	2.05e-02	1.75e-07	0.00e+00	0.00e+00	0.00e+00	0.00e+00	0.00e+00	0.00e+00	8.29e-01	9.41e-02	5.67e-02
 2.16562e+16	9.80e-01	1.97e-02	1.58e-07	0.00e+00	0.00e+00	0.00e+00	0.00e+00	0.00e+00	0.00e+00	8.30e-01	9.37e-02	5.65e-02
 2.16649e+16	9.81e-01	1.90e-02	1.42e-07	0.00e+00	0.00e+00	0.00e+00	0.00e+00	0.00e+00	0.00e+00	8.31e-01	9.34e-02	5.62e-02
 2.16735e+16	9.82e-01	1.83e-02	1.29e-07	0.00e+00	0.00e+00	0.00e+00	0.00e+00	0.00e+00	0.00e+00	8.33e-01	9.30e-02	5.60e-02
 2.16820e+16	9.82e-01	1.75e-02	1.16e-07	0.00e+00	0.00e+00	0.00e+00	0.00e+00	0.00e+00	0.00e+00	8.34e-01	9.26e-02	5.58e-02
 2.16906e+16	9.83e-01	1.68e-02	1.05e-07	0.00e+00	0.00e+00	0.00e+00	0.00e+00	0.00e+00	0.00e+00	8.35e-01	9.22e-02	5.56e-02
 2.16991e+16	9.84e-01	1.62e-02	9.54e-08	0.00e+00	0.00e+00	0.00e+00	0.00e+00	0.00e+00	0.00e+00	8.37e-01	9.19e-02	5.54e-02
 2.17074e+16	9.84e-01	1.55e-02	8.66e-08	0.00e+00	0.00e+00	0.00e+00	0.00e+00	0.00e+00	0.00e+00	8.38e-01	9.15e-02	5.51e-02
 2.17156e+16	9.85e-01	1.49e-02	7.87e-08	0.00e+00	0.00e+00	0.00e+00	0.00e+00	0.00e+00	0.00e+00	8.39e-01	9.11e-02	5.49e-02
 2.17237e+16	9.86e-01	1.43e-02	7.16e-08	0.00e+00	0.00e+00	0.00e+00	0.00e+00	0.00e+00	0.00e+00	8.40e-01	9.07e-02	5.46e-02
 2.17315e+16	9.86e-01	1.37e-02	6.54e-08	0.00e+00	0.00e+00	0.00e+00	0.00e+00	0.00e+00	0.00e+00	8.42e-01	9.03e-02	5.44e-02
 2.17388e+16	9.87e-01	1.31e-02	6.02e-08	0.00e+00	0.00e+00	0.00e+00	0.00e+00	0.00e+00	0.00e+00	8.43e-01	9.00e-02	5.42e-02
 2.17452e+16	9.87e-01	1.27e-02	5.59e-08	0.00e+00	0.00e+00	0.00e+00	0.00e+00	0.00e+00	0.00e+00	8.44e-01	8.96e-02	5.39e-02
 2.17509e+16	9.88e-01	1.23e-02	5.23e-08	0.00e+00	0.00e+00	0.00e+00	0.00e+00	0.00e+00	0.00e+00	8.45e-01	8.93e-02	5.37e-02
 2.17562e+16	9.88e-01	1.19e-02	4.92e-08	0.00e+00	0.00e+00	0.00e+00	0.00e+00	0.00e+00	0.00e+00	8.46e-01	8.90e-02	5.35e-02
 2.17612e+16	9.88e-01	1.16e-02	4.65e-08	0.00e+00	0.00e+00	0.00e+00	0.00e+00	0.00e+00	0.00e+00	8.46e-01	8.87e-02	5.33e-02
 2.17659e+16	9.89e-01	1.12e-02	4.40e-08	0.00e+00	0.00e+00	0.00e+00	0.00e+00	0.00e+00	0.00e+00	8.47e-01	8.84e-02	5.31e-02
 2.17703e+16	9.89e-01	1.09e-02	4.18e-08	0.00e+00	0.00e+00	0.00e+00	0.00e+00	0.00e+00	0.00e+00	8.48e-01	8.81e-02	5.28e-02
 2.17743e+16	9.89e-01	1.06e-02	3.98e-08	0.00e+00	0.00e+00	0.00e+00	0.00e+00	0.00e+00	0.00e+00	8.49e-01	8.78e-02	5.26e-02
 2.17781e+16	9.90e-01	1.04e-02	3.81e-08	0.00e+00	0.00e+00	0.00e+00	0.00e+00	0.00e+00	0.00e+00	8.50e-01	8.76e-02	5.24e-02
 2.17818e+16	9.90e-01	1.01e-02	3.65e-08	0.00e+00	0.00e+00	0.00e+00	0.00e+00	0.00e+00	0.00e+00	8.50e-01	8.73e-02	5.22e-02
 2.17853e+16	9.90e-01	9.88e-03	3.49e-08	0.00e+00	0.00e+00	0.00e+00	0.00e+00	0.00e+00	0.00e+00	8.51e-01	8.70e-02	5.20e-02
 2.17885e+16	9.90e-01	9.66e-03	3.36e-08	0.00e+00	0.00e+00	0.00e+00	0.00e+00	0.00e+00	0.00e+00	8.52e-01	8.67e-02	5.18e-02
 2.17914e+16	9.91e-01	9.46e-03	3.24e-08	0.00e+00	0.00e+00	0.00e+00	0.00e+00	0.00e+00	0.00e+00	8.52e-01	8.65e-02	5.16e-02
 2.17941e+16	9.91e-01	9.27e-03	3.13e-08	0.00e+00	0.00e+00	0.00e+00	0.00e+00	0.00e+00	0.00e+00	8.53e-01	8.62e-02	5.15e-02
 2.17965e+16	9.91e-01	9.12e-03	3.04e-08	0.00e+00	0.00e+00	0.00e+00	0.00e+00	0.00e+00	0.00e+00	8.54e-01	8.60e-02	5.13e-02
 2.17987e+16	9.91e-01	8.97e-03	2.95e-08	0.00e+00	0.00e+00	0.00e+00	0.00e+00	0.00e+00	0.00e+00	8.54e-01	8.58e-02	5.11e-02
 2.18007e+16	9.91e-01	8.84e-03	2.88e-08	0.00e+00	0.00e+00	0.00e+00	0.00e+00	0.00e+00	0.00e+00	8.55e-01	8.56e-02	5.10e-02
 2.18029e+16	9.91e-01	8.71e-03	2.80e-08	0.00e+00	0.00e+00	0.00e+00	0.00e+00	0.00e+00	0.00e+00	8.55e-01	8.54e-02	5.09e-02
 2.18058e+16	9.91e-01	8.51e-03	2.69e-08	0.00e+00	0.00e+00	0.00e+00	0.00e+00	0.00e+00	0.00e+00	8.56e-01	8.50e-02	5.06e-02
 2.18088e+16	9.92e-01	8.30e-03	2.58e-08	0.00e+00	0.00e+00	0.00e+00	0.00e+00	0.00e+00	0.00e+00	8.57e-01	8.46e-02	5.04e-02
 2.18116e+16	9.92e-01	8.11e-03	2.48e-08	0.00e+00	0.00e+00	0.00e+00	0.00e+00	0.00e+00	0.00e+00	8.57e-01	8.43e-02	5.02e-02
 2.18142e+16	9.92e-01	7.96e-03	2.39e-08	0.00e+00	0.00e+00	0.00e+00	0.00e+00	0.00e+00	0.00e+00	8.58e-01	8.40e-02	5.00e-02
 2.18165e+16	9.92e-01	7.82e-03	2.32e-08	0.00e+00	0.00e+00	0.00e+00	0.00e+00	0.00e+00	0.00e+00	8.59e-01	8.37e-02	4.98e-02
 2.18186e+16	9.92e-01	7.69e-03	2.25e-08	0.00e+00	0.00e+00	0.00e+00	0.00e+00	0.00e+00	0.00e+00	8.59e-01	8.35e-02	4.96e-02
 2.18205e+16	9.92e-01	7.58e-03	2.19e-08	0.00e+00	0.00e+00	0.00e+00	0.00e+00	0.00e+00	0.00e+00	8.60e-01	8.33e-02	4.94e-02
 2.18226e+16	9.93e-01	7.49e-03	2.13e-08	0.00e+00	0.00e+00	0.00e+00	0.00e+00	0.00e+00	0.00e+00	8.60e-01	8.31e-02	4.93e-02
 2.18254e+16	9.93e-01	7.31e-03	2.04e-08	0.00e+00	0.00e+00	0.00e+00	0.00e+00	0.00e+00	0.00e+00	8.61e-01	8.27e-02	4.91e-02
###########################
 2.33739e+11	4.86e-05	5.38e-02	9.46e-01	1.82e-04	0.00e+00	0.00e+00	0.00e+00	0.00e+00	0.00e+00	3.26e-05	1.11e-05	4.81e-06
 1.40243e+12	4.85e-05	5.38e-02	9.46e-01	1.82e-04	0.00e+00	0.00e+00	0.00e+00	0.00e+00	0.00e+00	3.26e-05	1.11e-05	4.80e-06
 6.07721e+12	4.85e-05	5.38e-02	9.46e-01	1.79e-04	0.00e+00	0.00e+00	0.00e+00	0.00e+00	0.00e+00	3.26e-05	1.11e-05	4.81e-06
 2.47763e+13	4.87e-05	5.39e-02	9.46e-01	1.68e-04	0.00e+00	0.00e+00	0.00e+00	0.00e+00	0.00e+00	3.27e-05	1.12e-05	4.85e-06
 5.91827e+13	4.85e-05	5.41e-02	9.46e-01	1.53e-04	0.00e+00	0.00e+00	0.00e+00	0.00e+00	0.00e+00	3.25e-05	1.12e-05	4.85e-06
 1.03911e+14	4.85e-05	5.43e-02	9.46e-01	1.36e-04	0.00e+00	0.00e+00	0.00e+00	0.00e+00	0.00e+00	3.25e-05	1.12e-05	4.85e-06
 1.62058e+14	4.87e-05	5.46e-02	9.45e-01	1.16e-04	0.00e+00	0.00e+00	0.00e+00	0.00e+00	0.00e+00	3.26e-05	1.12e-05	4.87e-06
 2.37648e+14	4.89e-05	5.50e-02	9.45e-01	9.37e-05	0.00e+00	0.00e+00	0.00e+00	0.00e+00	0.00e+00	3.28e-05	1.12e-05	4.89e-06
 3.35916e+14	4.93e-05	5.55e-02	9.44e-01	7.10e-05	0.00e+00	0.00e+00	0.00e+00	0.00e+00	0.00e+00	3.31e-05	1.13e-05	4.93e-06
 4.63665e+14	5.00e-05	5.62e-02	9.44e-01	4.95e-05	0.00e+00	0.00e+00	0.00e+00	0.00e+00	0.00e+00	3.35e-05	1.15e-05	5.00e-06
 6.29738e+14	5.09e-05	5.72e-02	9.43e-01	3.10e-05	0.00e+00	0.00e+00	0.00e+00	0.00e+00	0.00e+00	3.41e-05	1.17e-05	5.09e-06
 8.45632e+14	5.23e-05	5.84e-02	9.42e-01	1.69e-05	0.00e+00	0.00e+00	0.00e+00	0.00e+00	0.00e+00	3.51e-05	1.20e-05	5.23e-06
 1.12630e+15	5.44e-05	6.00e-02	9.40e-01	7.77e-06	0.00e+00	0.00e+00	0.00e+00	0.00e+00	0.00e+00	3.65e-05	1.25e-05	5.43e-06
 1.49116e+15	5.73e-05	6.22e-02	9.38e-01	2.90e-06	0.00e+00	0.00e+00	0.00e+00	0.00e+00	0.00e+00	3.85e-05	1.31e-05	5.73e-06
 1.96548e+15	6.17e-05	6.52e-02	9.35e-01	8.43e-07	0.00e+00	0.00e+00	0.00e+00	0.00e+00	0.00e+00	4.14e-05	1.41e-05	6.16e-06
 2.58210e+15	6.84e-05	6.94e-02	9.31e-01	1.89e-07	0.00e+00	0.00e+00	0.00e+00	0.00e+00	0.00e+00	4.59e-05	1.57e-05	6.83e-06
 3.38370e+15	7.85e-05	7.53e-02	9.25e-01	0.00e+00	0.00e+00	0.00e+00	0.00e+00	0.00e+00	0.00e+00	5.27e-05	1.80e-05	7.85e-06
 4.37618e+15	9.38e-05	8.33e-02	9.17e-01	0.00e+00	0.00e+00	0.00e+00	0.00e+00	0.00e+00	0.00e+00	6.29e-05	2.15e-05	9.37e-06
 5.41001e+15	1.13e-04	9.25e-02	9.07e-01	0.00e+00	0.00e+00	0.00e+00	0.00e+00	0.00e+00	0.00e+00	7.57e-05	2.58e-05	1.13e-05
 6.33388e+15	1.35e-04	1.02e-01	8.98e-01	0.00e+00	0.00e+00	0.00e+00	0.00e+00	0.00e+00	0.00e+00	9.06e-05	3.09e-05	1.35e-05
 7.10147e+15	1.58e-04	1.11e-01	8.89e-01	0.00e+00	0.00e+00	0.00e+00	0.00e+00	0.00e+00	0.00e+00	1.06e-04	3.63e-05	1.59e-05
 7.81162e+15	1.86e-04	1.20e-01	8.79e-01	0.00e+00	0.00e+00	0.00e+00	0.00e+00	0.00e+00	0.00e+00	1.25e-04	4.27e-05	1.87e-05
 8.54649e+15	2.21e-04	1.31e-01	8.68e-01	0.00e+00	0.00e+00	0.00e+00	0.00e+00	0.00e+00	0.00e+00	1.48e-04	5.09e-05	2.23e-05
 9.23733e+15	2.63e-04	1.43e-01	8.57e-01	0.00e+00	0.00e+00	0.00e+00	0.00e+00	0.00e+00	0.00e+00	1.76e-04	6.05e-05	2.65e-05
 9.86620e+15	3.10e-04	1.55e-01	8.45e-01	0.00e+00	0.00e+00	0.00e+00	0.00e+00	0.00e+00	0.00e+00	2.08e-04	7.15e-05	3.13e-05
 1.04562e+16	3.65e-04	1.68e-01	8.32e-01	0.00e+00	0.00e+00	0.00e+00	0.00e+00	0.00e+00	0.00e+00	2.44e-04	8.43e-05	3.69e-05
 1.10285e+16	4.30e-04	1.81e-01	8.18e-01	0.00e+00	0.00e+00	0.00e+00	0.00e+00	0.00e+00	0.00e+00	2.87e-04	9.95e-05	4.35e-05
 1.15862e+16	5.09e-04	1.96e-01	8.03e-01	0.00e+00	0.00e+00	0.00e+00	0.00e+00	0.00e+00	0.00e+00	3.39e-04	1.18e-04	5.16e-05
 1.21234e+16	6.03e-04	2.12e-01	7.87e-01	0.00e+00	0.00e+00	0.00e+00	0.00e+00	0.00e+00	0.00e+00	4.01e-04	1.40e-04	6.12e-05
 1.26370e+16	7.14e-04	2.29e-01	7.70e-01	0.00e+00	0.00e+00	0.00e+00	0.00e+00	0.00e+00	0.00e+00	4.75e-04	1.66e-04	7.26e-05
 1.31298e+16	8.44e-04	2.47e-01	7.52e-01	0.00e+00	0.00e+00	0.00e+00	0.00e+00	0.00e+00	0.00e+00	5.61e-04	1.97e-04	8.60e-05
 1.36067e+16	1.00e-03	2.67e-01	7.32e-01	0.00e+00	0.00e+00	0.00e+00	0.00e+00	0.00e+00	0.00e+00	6.65e-04	2.35e-04	1.02e-04
 1.40689e+16	1.19e-03	2.89e-01	7.10e-01	0.00e+00	0.00e+00	0.00e+00	0.00e+00	0.00e+00	0.00e+00	7.90e-04	2.80e-04	1.22e-04
 1.45139e+16	1.42e-03	3.12e-01	6.87e-01	0.00e+00	0.00e+00	0.00e+00	0.00e+00	0.00e+00	0.00e+00	9.40e-04	3.34e-04	1.46e-04
 1.49410e+16	1.69e-03	3.37e-01	6.61e-01	0.00e+00	0.00e+00	0.00e+00	0.00e+00	0.00e+00	0.00e+00	1.12e-03	4.00e-04	1.74e-04
 1.53510e+16	2.02e-03	3.64e-01	6.34e-01	0.00e+00	0.00e+00	0.00e+00	0.00e+00	0.00e+00	0.00e+00	1.34e-03	4.79e-04	2.08e-04
 1.57451e+16	2.42e-03	3.93e-01	6.05e-01	0.00e+00	0.00e+00	0.00e+00	0.00e+00	0.00e+00	0.00e+00	1.60e-03	5.75e-04	2.49e-04
 1.61234e+16	2.90e-03	4.23e-01	5.74e-01	0.00e+00	0.00e+00	0.00e+00	0.00e+00	0.00e+00	0.00e+00	1.91e-03	6.91e-04	2.98e-04
 1.64852e+16	3.48e-03	4.56e-01	5.41e-01	0.00e+00	0.00e+00	0.00e+00	0.00e+00	0.00e+00	0.00e+00	2.29e-03	8.31e-04	3.58e-04
 1.68302e+16	4.18e-03	4.90e-01	5.06e-01	0.00e+00	0.00e+00	0.00e+00	0.00e+00	0.00e+00	0.00e+00	2.75e-03	9.99e-04	4.29e-04
 1.71587e+16	5.02e-03	5.25e-01	4.70e-01	0.00e+00	0.00e+00	0.00e+00	0.00e+00	0.00e+00	0.00e+00	3.30e-03	1.20e-03	5.16e-04
 1.74711e+16	6.04e-03	5.62e-01	4.32e-01	0.00e+00	0.00e+00	0.00e+00	0.00e+00	0.00e+00	0.00e+00	3.97e-03	1.45e-03	6.20e-04
 1.77683e+16	7.27e-03	5.99e-01	3.94e-01	0.00e+00	0.00e+00	0.00e+00	0.00e+00	0.00e+00	0.00e+00	4.77e-03	1.75e-03	7.45e-04
 1.80508e+16	8.76e-03	6.37e-01	3.54e-01	0.00e+00	0.00e+00	0.00e+00	0.00e+00	0.00e+00	0.00e+00	5.75e-03	2.11e-03	8.98e-04
 1.83193e+16	1.06e-02	6.74e-01	3.15e-01	0.00e+00	0.00e+00	0.00e+00	0.00e+00	0.00e+00	0.00e+00	6.92e-03	2.55e-03	1.08e-03
 1.85755e+16	1.28e-02	7.11e-01	2.76e-01	0.00e+00	0.00e+00	0.00e+00	0.00e+00	0.00e+00	0.00e+00	8.39e-03	3.09e-03	1.31e-03
 1.88192e+16	1.55e-02	7.46e-01	2.38e-01	0.00e+00	0.00e+00	0.00e+00	0.00e+00	0.00e+00	0.00e+00	1.02e-02	3.76e-03	1.59e-03
 1.90476e+16	1.89e-02	7.79e-01	2.02e-01	0.00e+00	0.00e+00	0.00e+00	0.00e+00	0.00e+00	0.00e+00	1.24e-02	4.58e-03	1.94e-03
 1.92590e+16	2.30e-02	8.08e-01	1.69e-01	0.00e+00	0.00e+00	0.00e+00	0.00e+00	0.00e+00	0.00e+00	1.51e-02	5.58e-03	2.36e-03
 1.94533e+16	2.81e-02	8.33e-01	1.39e-01	0.00e+00	0.00e+00	0.00e+00	0.00e+00	0.00e+00	0.00e+00	1.84e-02	6.80e-03	2.87e-03
 1.96317e+16	3.42e-02	8.53e-01	1.13e-01	0.00e+00	0.00e+00	0.00e+00	0.00e+00	0.00e+00	0.00e+00	2.24e-02	8.28e-03	3.49e-03
 1.97953e+16	4.17e-02	8.68e-01	8.99e-02	0.00e+00	0.00e+00	0.00e+00	0.00e+00	0.00e+00	0.00e+00	2.74e-02	1.01e-02	4.26e-03
 1.99445e+16	5.11e-02	8.79e-01	7.04e-02	0.00e+00	0.00e+00	0.00e+00	0.00e+00	0.00e+00	0.00e+00	3.35e-02	1.23e-02	5.21e-03
 2.00788e+16	6.26e-02	8.83e-01	5.43e-02	0.00e+00	0.00e+00	0.00e+00	0.00e+00	0.00e+00	0.00e+00	4.11e-02	1.51e-02	6.38e-03
 2.01822e+16	7.48e-02	8.82e-01	4.27e-02	0.00e+00	0.00e+00	0.00e+00	0.00e+00	0.00e+00	0.00e+00	4.92e-02	1.80e-02	7.61e-03
 2.02512e+16	8.52e-02	8.79e-01	3.57e-02	0.00e+00	0.00e+00	0.00e+00	0.00e+00	0.00e+00	0.00e+00	5.60e-02	2.04e-02	8.67e-03
 2.03090e+16	9.55e-02	8.74e-01	3.03e-02	0.00e+00	0.00e+00	0.00e+00	0.00e+00	0.00e+00	0.00e+00	6.29e-02	2.29e-02	9.71e-03
 2.03753e+16	1.10e-01	8.66e-01	2.46e-02	0.00e+00	0.00e+00	0.00e+00	0.00e+00	0.00e+00	0.00e+00	7.24e-02	2.62e-02	1.12e-02
 2.04448e+16	1.29e-01	8.52e-01	1.93e-02	0.00e+00	0.00e+00	0.00e+00	0.00e+00	0.00e+00	0.00e+00	8.49e-02	3.06e-02	1.31e-02
 2.05010e+16	1.48e-01	8.36e-01	1.54e-02	0.00e+00	0.00e+00	0.00e+00	0.00e+00	0.00e+00	0.00e+00	9.81e-02	3.51e-02	1.50e-02
 2.05449e+16	1.67e-01	8.20e-01	1.27e-02	0.00e+00	0.00e+00	0.00e+00	0.00e+00	0.00e+00	0.00e+00	1.11e-01	3.94e-02	1.69e-02
 2.05839e+16	1.87e-01	8.03e-01	1.05e-02	0.00e+00	0.00e+00	0.00e+00	0.00e+00	0.00e+00	0.00e+00	1.24e-01	4.37e-02	1.89e-02
 2.06280e+16	2.12e-01	7.79e-01	8.34e-03	0.00e+00	0.00e+00	0.00e+00	0.00e+00	0.00e+00	0.00e+00	1.41e-01	4.95e-02	2.14e-02
 2.06737e+16	2.44e-01	7.49e-01	6.40e-03	0.00e+00	0.00e+00	0.00e+00	0.00e+00	0.00e+00	0.00e+00	1.63e-01	5.64e-02	2.46e-02
 2.07098e+16	2.75e-01	7.20e-01	5.06e-03	0.00e+00	0.00e+00	0.00e+00	0.00e+00	0.00e+00	0.00e+00	1.84e-01	6.30e-02	2.77e-02
 2.07383e+16	3.02e-01	6.93e-01	4.15e-03	0.00e+00	0.00e+00	0.00e+00	0.00e+00	0.00e+00	0.00e+00	2.03e-01	6.86e-02	3.03e-02
 2.07677e+16	3.34e-01	6.63e-01	3.33e-03	0.00e+00	0.00e+00	0.00e+00	0.00e+00	0.00e+00	0.00e+00	2.26e-01	7.50e-02	3.34e-02
 2.07994e+16	3.71e-01	6.26e-01	2.59e-03	0.00e+00	0.00e+00	0.00e+00	0.00e+00	0.00e+00	0.00e+00	2.52e-01	8.22e-02	3.70e-02
 2.08275e+16	4.08e-01	5.90e-01	2.04e-03	0.00e+00	0.00e+00	0.00e+00	0.00e+00	0.00e+00	0.00e+00	2.78e-01	8.90e-02	4.04e-02
 2.08506e+16	4.40e-01	5.58e-01	1.66e-03	0.00e+00	0.00e+00	0.00e+00	0.00e+00	0.00e+00	0.00e+00	3.02e-01	9.47e-02	4.34e-02
 2.08699e+16	4.68e-01	5.31e-01	1.38e-03	0.00e+00	0.00e+00	0.00e+00	0.00e+00	0.00e+00	0.00e+00	3.22e-01	9.94e-02	4.59e-02
 2.08875e+16	4.94e-01	5.05e-01	1.17e-03	0.00e+00	0.00e+00	0.00e+00	0.00e+00	0.00e+00	0.00e+00	3.42e-01	1.04e-01	4.82e-02
 2.09043e+16	5.19e-01	4.80e-01	9.86e-04	0.00e+00	0.00e+00	0.00e+00	0.00e+00	0.00e+00	0.00e+00	3.61e-01	1.07e-01	5.04e-02
 2.09205e+16	5.43e-01	4.56e-01	8.37e-04	0.00e+00	0.00e+00	0.00e+00	0.00e+00	0.00e+00	0.00e+00	3.80e-01	1.11e-01	5.25e-02
 2.09356e+16	5.67e-01	4.33e-01	7.15e-04	0.00e+00	0.00e+00	0.00e+00	0.00e+00	0.00e+00	0.00e+00	3.98e-01	1.14e-01	5.44e-02
 2.09495e+16	5.87e-01	4.12e-01	6.18e-04	0.00e+00	0.00e+00	0.00e+00	0.00e+00	0.00e+00	0.00e+00	4.14e-01	1.17e-01	5.61e-02
 2.09606e+16	6.03e-01	3.96e-01	5.49e-04	0.00e+00	0.00e+00	0.00e+00	0.00e+00	0.00e+00	0.00e+00	4.27e-01	1.18e-01	5.73e-02
 2.09682e+16	6.14e-01	3.85e-01	5.06e-04	0.00e+00	0.00e+00	0.00e+00	0.00e+00	0.00e+00	0.00e+00	4.36e-01	1.20e-01	5.82e-02
 2.09753e+16	6.24e-01	3.75e-01	4.68e-04	0.00e+00	0.00e+00	0.00e+00	0.00e+00	0.00e+00	0.00e+00	4.44e-01	1.21e-01	5.89e-02
 2.09833e+16	6.36e-01	3.64e-01	4.29e-04	0.00e+00	0.00e+00	0.00e+00	0.00e+00	0.00e+00	0.00e+00	4.54e-01	1.22e-01	5.98e-02
 2.09922e+16	6.48e-01	3.51e-01	3.88e-04	0.00e+00	0.00e+00	0.00e+00	0.00e+00	0.00e+00	0.00e+00	4.64e-01	1.23e-01	6.07e-02
 2.10011e+16	6.60e-01	3.39e-01	3.52e-04	0.00e+00	0.00e+00	0.00e+00	0.00e+00	0.00e+00	0.00e+00	4.75e-01	1.24e-01	6.15e-02
 2.10095e+16	6.72e-01	3.28e-01	3.20e-04	0.00e+00	0.00e+00	0.00e+00	0.00e+00	0.00e+00	0.00e+00	4.84e-01	1.25e-01	6.23e-02
 2.10179e+16	6.83e-01	3.17e-01	2.92e-04	0.00e+00	0.00e+00	0.00e+00	0.00e+00	0.00e+00	0.00e+00	4.94e-01	1.26e-01	6.30e-02
 2.10264e+16	6.94e-01	3.06e-01	2.65e-04	0.00e+00	0.00e+00	0.00e+00	0.00e+00	0.00e+00	0.00e+00	5.03e-01	1.26e-01	6.37e-02
 2.10350e+16	7.05e-01	2.95e-01	2.40e-04	0.00e+00	0.00e+00	0.00e+00	0.00e+00	0.00e+00	0.00e+00	5.13e-01	1.27e-01	6.44e-02
 2.10436e+16	7.15e-01	2.84e-01	2.17e-04	0.00e+00	0.00e+00	0.00e+00	0.00e+00	0.00e+00	0.00e+00	5.23e-01	1.28e-01	6.50e-02
 2.10523e+16	7.26e-01	2.74e-01	1.97e-04	0.00e+00	0.00e+00	0.00e+00	0.00e+00	0.00e+00	0.00e+00	5.32e-01	1.28e-01	6.56e-02
 2.10608e+16	7.36e-01	2.64e-01	1.78e-04	0.00e+00	0.00e+00	0.00e+00	0.00e+00	0.00e+00	0.00e+00	5.41e-01	1.28e-01	6.61e-02
 2.10695e+16	7.45e-01	2.54e-01	1.61e-04	0.00e+00	0.00e+00	0.00e+00	0.00e+00	0.00e+00	0.00e+00	5.50e-01	1.29e-01	6.66e-02
 2.10783e+16	7.55e-01	2.45e-01	1.46e-04	0.00e+00	0.00e+00	0.00e+00	0.00e+00	0.00e+00	0.00e+00	5.59e-01	1.29e-01	6.70e-02
 2.10872e+16	7.64e-01	2.35e-01	1.31e-04	0.00e+00	0.00e+00	0.00e+00	0.00e+00	0.00e+00	0.00e+00	5.68e-01	1.29e-01	6.74e-02
 2.10961e+16	7.74e-01	2.26e-01	1.18e-04	0.00e+00	0.00e+00	0.00e+00	0.00e+00	0.00e+00	0.00e+00	5.77e-01	1.29e-01	6.78e-02
 2.11049e+16	7.82e-01	2.18e-01	1.06e-04	0.00e+00	0.00e+00	0.00e+00	0.00e+00	0.00e+00	0.00e+00	5.85e-01	1.29e-01	6.81e-02
 2.11139e+16	7.91e-01	2.09e-01	9.57e-05	0.00e+00	0.00e+00	0.00e+00	0.00e+00	0.00e+00	0.00e+00	5.94e-01	1.28e-01	6.83e-02
 2.11229e+16	7.99e-01	2.01e-01	8.61e-05	0.00e+00	0.00e+00	0.00e+00	0.00e+00	0.00e+00	0.00e+00	6.02e-01	1.28e-01	6.86e-02
 2.11320e+16	8.08e-01	1.92e-01	7.71e-05	0.00e+00	0.00e+00	0.00e+00	0.00e+00	0.00e+00	0.00e+00	6.11e-01	1.28e-01	6.88e-02
 2.11411e+16	8.15e-01	1.85e-01	6.92e-05	0.00e+00	0.00e+00	0.00e+00	0.00e+00	0.00e+00	0.00e+00	6.19e-01	1.28e-01	6.89e-02
 2.11504e+16	8.23e-01	1.77e-01	6.20e-05	0.00e+00	0.00e+00	0.00e+00	0.00e+00	0.00e+00	0.00e+00	6.27e-01	1.27e-01	6.90e-02
 2.11597e+16	8.30e-01	1.70e-01	5.53e-05	0.00e+00	0.00e+00	0.00e+00	0.00e+00	0.00e+00	0.00e+00	6.35e-01	1.27e-01	6.91e-02
 2.11690e+16	8.37e-01	1.63e-01	4.95e-05	0.00e+00	0.00e+00	0.00e+00	0.00e+00	0.00e+00	0.00e+00	6.42e-01	1.26e-01	6.91e-02
 2.11783e+16	8.44e-01	1.56e-01	4.43e-05	0.00e+00	0.00e+00	0.00e+00	0.00e+00	0.00e+00	0.00e+00	6.49e-01	1.25e-01	6.91e-02
 2.11877e+16	8.51e-01	1.49e-01	3.95e-05	0.00e+00	0.00e+00	0.00e+00	0.00e+00	0.00e+00	0.00e+00	6.57e-01	1.25e-01	6.91e-02
 2.11974e+16	8.57e-01	1.43e-01	3.51e-05	0.00e+00	0.00e+00	0.00e+00	0.00e+00	0.00e+00	0.00e+00	6.64e-01	1.24e-01	6.90e-02
 2.12069e+16	8.63e-01	1.37e-01	3.13e-05	0.00e+00	0.00e+00	0.00e+00	0.00e+00	0.00e+00	0.00e+00	6.71e-01	1.23e-01	6.89e-02
 2.12163e+16	8.69e-01	1.31e-01	2.79e-05	0.00e+00	0.00e+00	0.00e+00	0.00e+00	0.00e+00	0.00e+00	6.78e-01	1.23e-01	6.88e-02
 2.12257e+16	8.75e-01	1.25e-01	2.49e-05	0.00e+00	0.00e+00	0.00e+00	0.00e+00	0.00e+00	0.00e+00	6.84e-01	1.22e-01	6.87e-02
 2.12351e+16	8.80e-01	1.20e-01	2.22e-05	0.00e+00	0.00e+00	0.00e+00	0.00e+00	0.00e+00	0.00e+00	6.90e-01	1.21e-01	6.85e-02
 2.12445e+16	8.85e-01	1.15e-01	1.98e-05	0.00e+00	0.00e+00	0.00e+00	0.00e+00	0.00e+00	0.00e+00	6.96e-01	1.20e-01	6.84e-02
 2.12538e+16	8.90e-01	1.10e-01	1.76e-05	0.00e+00	0.00e+00	0.00e+00	0.00e+00	0.00e+00	0.00e+00	7.02e-01	1.19e-01	6.82e-02
 2.12630e+16	8.94e-01	1.06e-01	1.57e-05	0.00e+00	0.00e+00	0.00e+00	0.00e+00	0.00e+00	0.00e+00	7.08e-01	1.19e-01	6.80e-02
 2.12724e+16	8.99e-01	1.01e-01	1.40e-05	0.00e+00	0.00e+00	0.00e+00	0.00e+00	0.00e+00	0.00e+00	7.13e-01	1.18e-01	6.77e-02
 2.12817e+16	9.03e-01	9.68e-02	1.25e-05	0.00e+00	0.00e+00	0.00e+00	0.00e+00	0.00e+00	0.00e+00	7.19e-01	1.17e-01	6.75e-02
 2.12909e+16	9.07e-01	9.28e-02	1.12e-05	0.00e+00	0.00e+00	0.00e+00	0.00e+00	0.00e+00	0.00e+00	7.24e-01	1.16e-01	6.72e-02
 2.13000e+16	9.11e-01	8.90e-02	9.99e-06	0.00e+00	0.00e+00	0.00e+00	0.00e+00	0.00e+00	0.00e+00	7.29e-01	1.15e-01	6.70e-02
 2.13092e+16	9.15e-01	8.54e-02	8.92e-06	0.00e+00	0.00e+00	0.00e+00	0.00e+00	0.00e+00	0.00e+00	7.33e-01	1.15e-01	6.67e-02
 2.13183e+16	9.18e-01	8.19e-02	7.97e-06	0.00e+00	0.00e+00	0.00e+00	0.00e+00	0.00e+00	0.00e+00	7.38e-01	1.14e-01	6.64e-02
 2.13274e+16	9.21e-01	7.86e-02	7.12e-06	0.00e+00	0.00e+00	0.00e+00	0.00e+00	0.00e+00	0.00e+00	7.42e-01	1.13e-01	6.60e-02
 2.13365e+16	9.25e-01	7.54e-02	6.36e-06	0.00e+00	0.00e+00	0.00e+00	0.00e+00	0.00e+00	0.00e+00	7.47e-01	1.12e-01	6.57e-02
 2.13456e+16	9.28e-01	7.23e-02	5.69e-06	0.00e+00	0.00e+00	0.00e+00	0.00e+00	0.00e+00	0.00e+00	7.51e-01	1.11e-01	6.54e-02
 2.13547e+16	9.31e-01	6.94e-02	5.09e-06	0.00e+00	0.00e+00	0.00e+00	0.00e+00	0.00e+00	0.00e+00	7.55e-01	1.11e-01	6.50e-02
 2.13636e+16	9.33e-01	6.66e-02	4.56e-06	0.00e+00	0.00e+00	0.00e+00	0.00e+00	0.00e+00	0.00e+00	7.59e-01	1.10e-01	6.47e-02
 2.13726e+16	9.36e-01	6.41e-02	4.08e-06	0.00e+00	0.00e+00	0.00e+00	0.00e+00	0.00e+00	0.00e+00	7.62e-01	1.09e-01	6.44e-02
 2.13817e+16	9.39e-01	6.15e-02	3.65e-06	0.00e+00	0.00e+00	0.00e+00	0.00e+00	0.00e+00	0.00e+00	7.66e-01	1.08e-01	6.40e-02
 2.13907e+16	9.41e-01	5.90e-02	3.26e-06	0.00e+00	0.00e+00	0.00e+00	0.00e+00	0.00e+00	0.00e+00	7.70e-01	1.08e-01	6.37e-02
 2.13996e+16	9.43e-01	5.66e-02	2.92e-06	0.00e+00	0.00e+00	0.00e+00	0.00e+00	0.00e+00	0.00e+00	7.73e-01	1.07e-01	6.33e-02
 2.14087e+16	9.46e-01	5.45e-02	2.62e-06	0.00e+00	0.00e+00	0.00e+00	0.00e+00	0.00e+00	0.00e+00	7.76e-01	1.06e-01	6.30e-02
 2.14177e+16	9.48e-01	5.23e-02	2.34e-06	0.00e+00	0.00e+00	0.00e+00	0.00e+00	0.00e+00	0.00e+00	7.79e-01	1.06e-01	6.27e-02
 2.14266e+16	9.50e-01	5.03e-02	2.10e-06	0.00e+00	0.00e+00	0.00e+00	0.00e+00	0.00e+00	0.00e+00	7.82e-01	1.05e-01	6.24e-02
 2.14355e+16	9.52e-01	4.83e-02	1.88e-06	0.00e+00	0.00e+00	0.00e+00	0.00e+00	0.00e+00	0.00e+00	7.85e-01	1.04e-01	6.21e-02
 2.14445e+16	9.54e-01	4.65e-02	1.69e-06	0.00e+00	0.00e+00	0.00e+00	0.00e+00	0.00e+00	0.00e+00	7.88e-01	1.04e-01	6.18e-02
 2.14538e+16	9.55e-01	4.46e-02	1.51e-06	0.00e+00	0.00e+00	0.00e+00	0.00e+00	0.00e+00	0.00e+00	7.91e-01	1.03e-01	6.15e-02
 2.14627e+16	9.57e-01	4.29e-02	1.35e-06	0.00e+00	0.00e+00	0.00e+00	0.00e+00	0.00e+00	0.00e+00	7.93e-01	1.03e-01	6.12e-02
 2.14713e+16	9.59e-01	4.13e-02	1.22e-06	0.00e+00	0.00e+00	0.00e+00	0.00e+00	0.00e+00	0.00e+00	7.96e-01	1.02e-01	6.09e-02
 2.14804e+16	9.60e-01	3.97e-02	1.09e-06	0.00e+00	0.00e+00	0.00e+00	0.00e+00	0.00e+00	0.00e+00	7.98e-01	1.01e-01	6.06e-02
 2.14897e+16	9.62e-01	3.81e-02	9.72e-07	0.00e+00	0.00e+00	0.00e+00	0.00e+00	0.00e+00	0.00e+00	8.01e-01	1.01e-01	6.03e-02
 2.14988e+16	9.63e-01	3.66e-02	8.70e-07	0.00e+00	0.00e+00	0.00e+00	0.00e+00	0.00e+00	0.00e+00	8.03e-01	1.00e-01	6.01e-02
 2.15077e+16	9.65e-01	3.52e-02	7.82e-07	0.00e+00	0.00e+00	0.00e+00	0.00e+00	0.00e+00	0.00e+00	8.05e-01	9.98e-02	5.98e-02
 2.15167e+16	9.66e-01	3.39e-02	7.02e-07	0.00e+00	0.00e+00	0.00e+00	0.00e+00	0.00e+00	0.00e+00	8.07e-01	9.94e-02	5.96e-02
 2.15258e+16	9.67e-01	3.26e-02	6.29e-07	0.00e+00	0.00e+00	0.00e+00	0.00e+00	0.00e+00	0.00e+00	8.09e-01	9.89e-02	5.93e-02
