#depth	He	He+	He+2
 2.33739e+11	2.09e-03	9.98e-01	3.98e-04
 1.40243e+12	2.09e-03	9.98e-01	3.98e-04
 6.07721e+12	2.10e-03	9.98e-01	3.94e-04
 2.47763e+13	2.10e-03	9.98e-01	3.79e-04
 5.91827e+13	2.10e-03	9.98e-01	3.66e-04
 1.03911e+14	2.11e-03	9.98e-01	3.41e-04
 1.62058e+14	2.12e-03	9.98e-01	3.04e-04
 2.37648e+14	2.13e-03	9.98e-01	2.56e-04
 3.35916e+14	2.14e-03	9.98e-01	2.01e-04
 4.63665e+14	2.16e-03	9.98e-01	1.44e-04
 6.29738e+14	2.19e-03	9.98e-01	9.14e-05
 8.45632e+14	2.22e-03	9.98e-01	5.04e-05
 1.12630e+15	2.26e-03	9.98e-01	2.32e-05
 1.49116e+15	2.32e-03	9.98e-01	8.57e-06
 1.96548e+15	2.40e-03	9.98e-01	2.43e-06
 2.58210e+15	2.51e-03	9.97e-01	5.02e-07
 3.38370e+15	2.66e-03	9.97e-01	7.25e-08
 4.37618e+15	2.86e-03	9.97e-01	7.84e-09
 5.41001e+15	3.08e-03	9.97e-01	9.54e-10
 6.33388e+15	3.30e-03	9.97e-01	2.00e-10
 7.10147e+15	3.51e-03	9.96e-01	7.25e-11
 7.81162e+15	3.73e-03	9.96e-01	3.70e-11
 8.54649e+15	3.97e-03	9.96e-01	2.42e-11
 9.23734e+15	4.24e-03	9.96e-01	1.95e-11
 9.86620e+15	4.50e-03	9.95e-01	1.76e-11
 1.04562e+16	4.78e-03	9.95e-01	1.67e-11
 1.10285e+16	5.08e-03	9.95e-01	1.62e-11
 1.15862e+16	5.40e-03	9.95e-01	1.60e-11
 1.21234e+16	5.74e-03	9.94e-01	1.59e-11
 1.26370e+16	6.11e-03	9.94e-01	1.59e-11
 1.31298e+16	6.49e-03	9.94e-01	1.59e-11
 1.36067e+16	6.92e-03	9.93e-01	1.60e-11
 1.40689e+16	7.38e-03	9.93e-01	1.61e-11
 1.45140e+16	7.88e-03	9.92e-01	1.63e-11
 1.49410e+16	8.42e-03	9.92e-01	1.65e-11
 1.53511e+16	9.00e-03	9.91e-01	1.68e-11
 1.57452e+16	9.65e-03	9.90e-01	1.70e-11
 1.61235e+16	1.04e-02	9.90e-01	1.73e-11
 1.64853e+16	1.11e-02	9.89e-01	1.77e-11
 1.68304e+16	1.20e-02	9.88e-01	1.81e-11
 1.71588e+16	1.30e-02	9.87e-01	1.85e-11
 1.74713e+16	1.40e-02	9.86e-01	1.90e-11
 1.77685e+16	1.52e-02	9.85e-01	1.96e-11
 1.80509e+16	1.66e-02	9.83e-01	2.01e-11
 1.83195e+16	1.82e-02	9.82e-01	2.09e-11
 1.85757e+16	2.00e-02	9.80e-01	2.16e-11
 1.88194e+16	2.21e-02	9.78e-01	2.25e-11
 1.90479e+16	2.46e-02	9.75e-01	2.35e-11
 1.92592e+16	2.75e-02	9.72e-01	2.49e-11
 1.94536e+16	3.09e-02	9.69e-01	2.63e-11
 1.96320e+16	3.48e-02	9.65e-01	2.85e-11
 1.97955e+16	3.95e-02	9.61e-01	3.09e-11
 1.99448e+16	4.49e-02	9.55e-01	3.42e-11
 2.00791e+16	5.13e-02	9.49e-01	3.82e-11
 2.01825e+16	5.76e-02	9.42e-01	4.28e-11
 2.02515e+16	6.29e-02	9.37e-01	4.69e-11
 2.03093e+16	6.79e-02	9.32e-01	5.11e-11
 2.03756e+16	7.48e-02	9.25e-01	5.64e-11
 2.04451e+16	8.34e-02	9.17e-01	6.61e-11
 2.05013e+16	9.19e-02	9.08e-01	7.54e-11
 2.05452e+16	9.99e-02	9.00e-01	8.50e-11
 2.05842e+16	1.08e-01	8.92e-01	9.64e-11
 2.06283e+16	1.18e-01	8.82e-01	1.13e-10
 2.06740e+16	1.31e-01	8.69e-01	1.38e-10
 2.07101e+16	1.43e-01	8.57e-01	1.62e-10
 2.07386e+16	1.53e-01	8.47e-01	1.88e-10
 2.07680e+16	1.66e-01	8.34e-01	2.20e-10
 2.07997e+16	1.80e-01	8.20e-01	2.65e-10
 2.08278e+16	1.95e-01	8.05e-01	3.16e-10
 2.08508e+16	2.08e-01	7.92e-01	3.66e-10
 2.08702e+16	2.19e-01	7.81e-01	4.16e-10
 2.08878e+16	2.31e-01	7.69e-01	4.69e-10
 2.09046e+16	2.42e-01	7.58e-01	5.23e-10
 2.09208e+16	2.54e-01	7.46e-01	5.87e-10
 2.09358e+16	2.66e-01	7.34e-01	6.48e-10
 2.09498e+16	2.76e-01	7.24e-01	7.16e-10
 2.09609e+16	2.85e-01	7.15e-01	7.70e-10
 2.09685e+16	2.92e-01	7.08e-01	8.10e-10
 2.09756e+16	2.98e-01	7.02e-01	8.46e-10
 2.09836e+16	3.06e-01	6.94e-01	8.92e-10
 2.09925e+16	3.14e-01	6.86e-01	9.46e-10
 2.10014e+16	3.22e-01	6.78e-01	1.00e-09
 2.10099e+16	3.30e-01	6.70e-01	1.06e-09
 2.10182e+16	3.39e-01	6.61e-01	1.11e-09
 2.10267e+16	3.47e-01	6.53e-01	1.17e-09
 2.10353e+16	3.56e-01	6.44e-01	1.23e-09
 2.10439e+16	3.65e-01	6.35e-01	1.30e-09
 2.10526e+16	3.74e-01	6.26e-01	1.36e-09
 2.10613e+16	3.84e-01	6.16e-01	1.43e-09
 2.10700e+16	3.94e-01	6.06e-01	1.50e-09
 2.10786e+16	4.03e-01	5.97e-01	1.57e-09
 2.10875e+16	4.14e-01	5.86e-01	1.64e-09
 2.10963e+16	4.24e-01	5.76e-01	1.72e-09
 2.11053e+16	4.35e-01	5.65e-01	1.79e-09
 2.11142e+16	4.46e-01	5.54e-01	1.88e-09
 2.11232e+16	4.57e-01	5.43e-01	1.96e-09
 2.11324e+16	4.69e-01	5.31e-01	2.03e-09
 2.11415e+16	4.81e-01	5.19e-01	2.12e-09
 2.11506e+16	4.92e-01	5.08e-01	2.20e-09
 2.11599e+16	5.04e-01	4.96e-01	2.28e-09
 2.11692e+16	5.17e-01	4.83e-01	2.37e-09
 2.11787e+16	5.29e-01	4.71e-01	2.45e-09
 2.11882e+16	5.42e-01	4.58e-01	2.53e-09
 2.11975e+16	5.54e-01	4.46e-01	2.62e-09
 2.12069e+16	5.66e-01	4.34e-01	2.69e-09
 2.12163e+16	5.79e-01	4.21e-01	2.78e-09
 2.12256e+16	5.91e-01	4.09e-01	2.86e-09
 2.12350e+16	6.03e-01	3.97e-01	2.93e-09
 2.12444e+16	6.16e-01	3.84e-01	3.01e-09
 2.12539e+16	6.28e-01	3.72e-01	3.08e-09
 2.12632e+16	6.40e-01	3.60e-01	3.15e-09
 2.12724e+16	6.52e-01	3.48e-01	3.22e-09
 2.12816e+16	6.63e-01	3.37e-01	3.28e-09
 2.12908e+16	6.75e-01	3.25e-01	3.34e-09
 2.13001e+16	6.86e-01	3.14e-01	3.40e-09
 2.13093e+16	6.97e-01	3.03e-01	3.46e-09
 2.13184e+16	7.08e-01	2.92e-01	3.51e-09
 2.13274e+16	7.18e-01	2.82e-01	3.56e-09
 2.13364e+16	7.28e-01	2.72e-01	3.61e-09
 2.13456e+16	7.38e-01	2.62e-01	3.65e-09
 2.13546e+16	7.48e-01	2.52e-01	3.69e-09
 2.13636e+16	7.58e-01	2.42e-01	3.72e-09
 2.13727e+16	7.67e-01	2.33e-01	3.76e-09
 2.13817e+16	7.76e-01	2.24e-01	3.80e-09
 2.13907e+16	7.85e-01	2.15e-01	3.82e-09
 2.13997e+16	7.94e-01	2.06e-01	3.84e-09
 2.14088e+16	8.02e-01	1.98e-01	3.87e-09
 2.14177e+16	8.10e-01	1.90e-01	3.87e-09
 2.14266e+16	8.18e-01	1.82e-01	3.90e-09
 2.14356e+16	8.25e-01	1.75e-01	3.91e-09
 2.14445e+16	8.32e-01	1.68e-01	3.92e-09
 2.14534e+16	8.40e-01	1.60e-01	3.91e-09
 2.14625e+16	8.47e-01	1.53e-01	3.92e-09
 2.14718e+16	8.53e-01	1.47e-01	3.93e-09
 2.14807e+16	8.59e-01	1.41e-01	3.92e-09
 2.14893e+16	8.66e-01	1.34e-01	3.90e-09
 2.14984e+16	8.72e-01	1.28e-01	3.89e-09
 2.15078e+16	8.78e-01	1.22e-01	3.88e-09
 2.15170e+16	8.83e-01	1.17e-01	3.87e-09
 2.15259e+16	8.88e-01	1.12e-01	3.86e-09
 2.15348e+16	8.93e-01	1.07e-01	3.84e-09
 2.15435e+16	8.98e-01	1.02e-01	3.81e-09
 2.15525e+16	9.03e-01	9.74e-02	3.79e-09
 2.15616e+16	9.07e-01	9.27e-02	3.75e-09
 2.15708e+16	9.12e-01	8.83e-02	3.72e-09
 2.15799e+16	9.16e-01	8.42e-02	3.69e-09
 2.15888e+16	9.20e-01	8.02e-02	3.65e-09
 2.15977e+16	9.24e-01	7.65e-02	3.62e-09
 2.16067e+16	9.27e-01	7.28e-02	3.58e-09
 2.16156e+16	9.31e-01	6.94e-02	3.54e-09
 2.16245e+16	9.34e-01	6.61e-02	3.50e-09
 2.16333e+16	9.37e-01	6.30e-02	3.45e-09
 2.16420e+16	9.40e-01	6.00e-02	3.41e-09
 2.16507e+16	9.43e-01	5.72e-02	3.37e-09
 2.16593e+16	9.45e-01	5.46e-02	3.32e-09
 2.16677e+16	9.48e-01	5.21e-02	3.27e-09
 2.16762e+16	9.50e-01	4.97e-02	3.22e-09
 2.16846e+16	9.53e-01	4.74e-02	3.16e-09
 2.16929e+16	9.55e-01	4.52e-02	3.11e-09
 2.17010e+16	9.57e-01	4.32e-02	3.05e-09
 2.17089e+16	9.59e-01	4.12e-02	3.00e-09
 2.17166e+16	9.61e-01	3.95e-02	2.94e-09
 2.17236e+16	9.62e-01	3.79e-02	2.88e-09
 2.17298e+16	9.63e-01	3.66e-02	2.83e-09
 2.17353e+16	9.65e-01	3.54e-02	2.78e-09
 2.17405e+16	9.66e-01	3.43e-02	2.73e-09
 2.17453e+16	9.67e-01	3.33e-02	2.68e-09
 2.17498e+16	9.68e-01	3.24e-02	2.64e-09
 2.17541e+16	9.68e-01	3.16e-02	2.60e-09
 2.17581e+16	9.69e-01	3.08e-02	2.55e-09
 2.17618e+16	9.70e-01	3.01e-02	2.50e-09
 2.17652e+16	9.71e-01	2.95e-02	2.47e-09
 2.17683e+16	9.71e-01	2.89e-02	2.43e-09
 2.17711e+16	9.72e-01	2.83e-02	2.40e-09
 2.17736e+16	9.72e-01	2.79e-02	2.37e-09
 2.17759e+16	9.73e-01	2.74e-02	2.34e-09
 2.17781e+16	9.73e-01	2.71e-02	2.31e-09
 2.17800e+16	9.73e-01	2.67e-02	2.29e-09
 2.17817e+16	9.74e-01	2.64e-02	2.27e-09
 2.17837e+16	9.74e-01	2.61e-02	2.25e-09
 2.17862e+16	9.74e-01	2.56e-02	2.22e-09
 2.17888e+16	9.75e-01	2.51e-02	2.18e-09
 2.17913e+16	9.75e-01	2.47e-02	2.15e-09
 2.17935e+16	9.76e-01	2.44e-02	2.13e-09
 2.17956e+16	9.76e-01	2.40e-02	2.11e-09
 2.17974e+16	9.76e-01	2.37e-02	2.09e-09
 2.17991e+16	9.77e-01	2.35e-02	2.07e-09
 2.18009e+16	9.77e-01	2.32e-02	2.05e-09
 2.18033e+16	9.77e-01	2.27e-02	2.02e-09
