#depth	H	H+	H2
 3.28467e+11	1.16e-03	9.99e-01	9.94e-13
 1.97080e+12	1.16e-03	9.99e-01	9.94e-13
 8.54014e+12	1.16e-03	9.99e-01	9.97e-13
 3.48175e+13	1.16e-03	9.99e-01	1.01e-12
 8.31679e+13	1.16e-03	9.99e-01	1.02e-12
 1.46023e+14	1.15e-03	9.99e-01	1.05e-12
 2.27735e+14	1.16e-03	9.99e-01	1.08e-12
 3.33961e+14	1.17e-03	9.99e-01	1.13e-12
 4.72055e+14	1.18e-03	9.99e-01	1.20e-12
 6.51576e+14	1.22e-03	9.99e-01	1.32e-12
 8.84954e+14	1.27e-03	9.99e-01	1.49e-12
 1.18835e+15	1.35e-03	9.99e-01	1.75e-12
 1.58275e+15	1.47e-03	9.99e-01	2.16e-12
 2.09549e+15	1.67e-03	9.98e-01	2.84e-12
 2.62444e+15	1.87e-03	9.98e-01	3.70e-12
 3.08131e+15	2.08e-03	9.98e-01	4.62e-12
 3.58209e+15	2.37e-03	9.98e-01	5.88e-12
 4.13103e+15	2.70e-03	9.97e-01	7.52e-12
 4.52436e+15	2.94e-03	9.97e-01	8.90e-12
 4.75152e+15	3.10e-03	9.97e-01	9.77e-12
 4.98090e+15	3.28e-03	9.97e-01	1.07e-11
 5.27908e+15	3.53e-03	9.96e-01	1.20e-11
 5.59782e+15	3.80e-03	9.96e-01	1.35e-11
 5.88035e+15	4.05e-03	9.96e-01	1.49e-11
 6.18474e+15	4.35e-03	9.96e-01	1.64e-11
 6.50832e+15	4.67e-03	9.95e-01	1.82e-11
 6.79204e+15	4.97e-03	9.95e-01	1.99e-11
 7.09609e+15	5.33e-03	9.95e-01	2.16e-11
 7.42274e+15	5.72e-03	9.94e-01	2.37e-11
 7.71257e+15	6.09e-03	9.94e-01	2.57e-11
 7.98250e+15	6.45e-03	9.94e-01	2.75e-11
 8.29278e+15	6.92e-03	9.93e-01	2.94e-11
 8.62514e+15	7.44e-03	9.93e-01	3.19e-11
 8.91586e+15	7.92e-03	9.92e-01	3.41e-11
 9.18111e+15	8.41e-03	9.92e-01	3.63e-11
 9.48360e+15	9.01e-03	9.91e-01	3.82e-11
 9.80719e+15	9.70e-03	9.90e-01	4.09e-11
 1.00874e+16	1.04e-02	9.90e-01	4.35e-11
 1.03386e+16	1.10e-02	9.89e-01	4.58e-11
 1.06229e+16	1.18e-02	9.88e-01	4.76e-11
 1.09321e+16	1.28e-02	9.87e-01	5.06e-11
 1.12047e+16	1.37e-02	9.86e-01	5.36e-11
 1.14464e+16	1.47e-02	9.85e-01	5.62e-11
 1.17172e+16	1.58e-02	9.84e-01	5.81e-11
 1.20158e+16	1.73e-02	9.83e-01	6.12e-11
 1.22855e+16	1.89e-02	9.81e-01	6.46e-11
 1.25273e+16	2.04e-02	9.80e-01	6.76e-11
 1.27978e+16	2.24e-02	9.78e-01	6.97e-11
 1.30911e+16	2.50e-02	9.75e-01	7.35e-11
 1.33437e+16	2.77e-02	9.72e-01	7.80e-11
 1.35568e+16	3.03e-02	9.70e-01	8.15e-11
 1.37888e+16	3.36e-02	9.66e-01	8.40e-11
 1.40454e+16	3.81e-02	9.62e-01	8.86e-11
 1.42742e+16	4.31e-02	9.57e-01	9.45e-11
 1.44694e+16	4.83e-02	9.52e-01	9.99e-11
 1.46808e+16	5.49e-02	9.45e-01	1.04e-10
 1.49137e+16	6.42e-02	9.36e-01	1.12e-10
 1.51193e+16	7.48e-02	9.25e-01	1.23e-10
 1.52926e+16	8.61e-02	9.14e-01	1.33e-10
 1.54355e+16	9.76e-02	9.02e-01	1.45e-10
 1.55492e+16	1.08e-01	8.92e-01	1.56e-10
 1.56523e+16	1.20e-01	8.80e-01	1.66e-10
 1.57698e+16	1.34e-01	8.66e-01	1.78e-10
 1.58926e+16	1.53e-01	8.47e-01	1.96e-10
 1.59902e+16	1.70e-01	8.30e-01	2.15e-10
 1.60672e+16	1.86e-01	8.14e-01	2.32e-10
 1.61496e+16	2.04e-01	7.96e-01	2.50e-10
 1.62387e+16	2.27e-01	7.73e-01	2.74e-10
 1.63153e+16	2.49e-01	7.51e-01	3.01e-10
 1.63796e+16	2.70e-01	7.30e-01	3.26e-10
 1.64489e+16	2.94e-01	7.06e-01	3.54e-10
 1.65231e+16	3.21e-01	6.79e-01	3.89e-10
 1.65871e+16	3.47e-01	6.53e-01	4.25e-10
 1.66429e+16	3.71e-01	6.29e-01	4.59e-10
 1.67014e+16	3.98e-01	6.02e-01	4.98e-10
 1.67631e+16	4.26e-01	5.74e-01	5.42e-10
 1.68179e+16	4.53e-01	5.47e-01	5.88e-10
 1.68668e+16	4.77e-01	5.23e-01	6.28e-10
 1.69126e+16	5.00e-01	5.00e-01	6.72e-10
 1.69558e+16	5.22e-01	4.78e-01	7.15e-10
 1.69985e+16	5.43e-01	4.57e-01	7.59e-10
 1.70327e+16	5.60e-01	4.40e-01	7.96e-10
 1.70553e+16	5.71e-01	4.29e-01	8.22e-10
 1.70763e+16	5.81e-01	4.19e-01	8.45e-10
 1.71012e+16	5.94e-01	4.06e-01	8.75e-10
 1.71286e+16	6.08e-01	3.92e-01	9.10e-10
 1.71544e+16	6.20e-01	3.80e-01	9.41e-10
 1.71785e+16	6.32e-01	3.68e-01	9.74e-10
 1.72025e+16	6.43e-01	3.57e-01	1.00e-09
 1.72270e+16	6.55e-01	3.45e-01	1.04e-09
 1.72520e+16	6.67e-01	3.33e-01	1.08e-09
 1.72762e+16	6.78e-01	3.22e-01	1.11e-09
 1.72999e+16	6.89e-01	3.11e-01	1.15e-09
 1.73240e+16	7.00e-01	3.00e-01	1.19e-09
 1.73482e+16	7.11e-01	2.89e-01	1.22e-09
 1.73722e+16	7.22e-01	2.78e-01	1.27e-09
 1.73959e+16	7.31e-01	2.69e-01	1.30e-09
 1.74197e+16	7.42e-01	2.58e-01	1.35e-09
 1.74437e+16	7.51e-01	2.49e-01	1.39e-09
 1.74672e+16	7.61e-01	2.39e-01	1.44e-09
 1.74905e+16	7.70e-01	2.30e-01	1.48e-09
 1.75141e+16	7.79e-01	2.21e-01	1.53e-09
 1.75377e+16	7.88e-01	2.12e-01	1.58e-09
 1.75611e+16	7.96e-01	2.04e-01	1.63e-09
 1.75843e+16	8.04e-01	1.96e-01	1.68e-09
 1.76075e+16	8.12e-01	1.88e-01	1.73e-09
 1.76309e+16	8.20e-01	1.80e-01	1.79e-09
 1.76539e+16	8.28e-01	1.72e-01	1.85e-09
 1.76768e+16	8.35e-01	1.65e-01	1.90e-09
 1.76997e+16	8.42e-01	1.58e-01	1.97e-09
 1.77222e+16	8.48e-01	1.52e-01	2.03e-09
 1.77443e+16	8.54e-01	1.46e-01	2.10e-09
 1.77661e+16	8.60e-01	1.40e-01	2.17e-09
 1.77881e+16	8.66e-01	1.34e-01	2.24e-09
 1.78101e+16	8.72e-01	1.28e-01	2.31e-09
 1.78314e+16	8.77e-01	1.23e-01	2.39e-09
 1.78523e+16	8.82e-01	1.18e-01	2.46e-09
 1.78729e+16	8.87e-01	1.13e-01	2.54e-09
 1.78937e+16	8.91e-01	1.09e-01	2.63e-09
 1.79143e+16	8.96e-01	1.04e-01	2.71e-09
 1.79345e+16	9.00e-01	9.99e-02	2.81e-09
 1.79543e+16	9.04e-01	9.59e-02	2.91e-09
 1.79740e+16	9.08e-01	9.21e-02	3.01e-09
 1.79938e+16	9.12e-01	8.84e-02	3.12e-09
 1.80133e+16	9.15e-01	8.48e-02	3.23e-09
 1.80324e+16	9.19e-01	8.15e-02	3.35e-09
 1.80514e+16	9.22e-01	7.82e-02	3.47e-09
 1.80704e+16	9.25e-01	7.51e-02	3.60e-09
 1.80893e+16	9.28e-01	7.21e-02	3.75e-09
 1.81077e+16	9.31e-01	6.93e-02	3.90e-09
 1.81260e+16	9.33e-01	6.66e-02	4.06e-09
 1.81445e+16	9.36e-01	6.39e-02	4.24e-09
 1.81627e+16	9.39e-01	6.14e-02	4.42e-09
 1.81806e+16	9.41e-01	5.90e-02	4.61e-09
 1.81984e+16	9.43e-01	5.67e-02	4.82e-09
 1.82161e+16	9.45e-01	5.45e-02	5.07e-09
 1.82336e+16	9.48e-01	5.24e-02	5.33e-09
 1.82510e+16	9.50e-01	5.03e-02	5.61e-09
 1.82686e+16	9.52e-01	4.84e-02	5.91e-09
 1.82858e+16	9.54e-01	4.65e-02	6.24e-09
 1.83029e+16	9.55e-01	4.47e-02	6.62e-09
 1.83198e+16	9.57e-01	4.30e-02	7.01e-09
 1.83364e+16	9.59e-01	4.13e-02	7.47e-09
 1.83532e+16	9.60e-01	3.97e-02	8.00e-09
 1.83701e+16	9.62e-01	3.81e-02	8.60e-09
 1.83866e+16	9.63e-01	3.66e-02	9.28e-09
 1.84028e+16	9.65e-01	3.52e-02	1.00e-08
 1.84189e+16	9.66e-01	3.39e-02	1.10e-08
 1.84350e+16	9.67e-01	3.25e-02	1.20e-08
 1.84510e+16	9.69e-01	3.13e-02	1.33e-08
 1.84668e+16	9.70e-01	3.00e-02	1.47e-08
 1.84823e+16	9.71e-01	2.89e-02	1.65e-08
 1.84972e+16	9.72e-01	2.78e-02	1.86e-08
 1.85108e+16	9.73e-01	2.68e-02	2.09e-08
 1.85231e+16	9.74e-01	2.60e-02	2.34e-08
 1.85343e+16	9.75e-01	2.53e-02	2.63e-08
 1.85446e+16	9.75e-01	2.46e-02	2.93e-08
 1.85544e+16	9.76e-01	2.40e-02	3.29e-08
 1.85636e+16	9.77e-01	2.34e-02	3.70e-08
 1.85720e+16	9.77e-01	2.29e-02	4.15e-08
 1.85797e+16	9.78e-01	2.24e-02	4.63e-08
 1.85869e+16	9.78e-01	2.20e-02	5.18e-08
 1.85938e+16	9.78e-01	2.16e-02	5.79e-08
 1.86003e+16	9.79e-01	2.12e-02	6.49e-08
 1.86064e+16	9.79e-01	2.08e-02	7.26e-08
 1.86121e+16	9.80e-01	2.04e-02	8.11e-08
 1.86175e+16	9.80e-01	2.01e-02	9.07e-08
 1.86227e+16	9.80e-01	1.98e-02	1.01e-07
 1.86275e+16	9.81e-01	1.95e-02	1.13e-07
 1.86322e+16	9.81e-01	1.92e-02	1.26e-07
 1.86366e+16	9.81e-01	1.89e-02	1.41e-07
 1.86409e+16	9.81e-01	1.87e-02	1.57e-07
 1.86450e+16	9.82e-01	1.84e-02	1.75e-07
 1.86489e+16	9.82e-01	1.81e-02	1.95e-07
 1.86528e+16	9.82e-01	1.79e-02	2.18e-07
 1.86566e+16	9.82e-01	1.76e-02	2.42e-07
 1.86603e+16	9.83e-01	1.74e-02	2.69e-07
 1.86639e+16	9.83e-01	1.72e-02	3.00e-07
 1.86676e+16	9.83e-01	1.69e-02	3.32e-07
 1.86713e+16	9.83e-01	1.67e-02	3.67e-07
 1.86751e+16	9.84e-01	1.64e-02	4.05e-07
 1.86791e+16	9.84e-01	1.61e-02	4.48e-07
 1.86834e+16	9.84e-01	1.58e-02	4.92e-07
 1.86879e+16	9.85e-01	1.54e-02	5.39e-07
 1.86924e+16	9.85e-01	1.51e-02	5.79e-07
 1.86965e+16	9.85e-01	1.48e-02	6.11e-07
 1.87002e+16	9.86e-01	1.45e-02	6.36e-07
 1.87036e+16	9.86e-01	1.42e-02	6.55e-07
 1.87068e+16	9.86e-01	1.40e-02	6.69e-07
 1.87096e+16	9.86e-01	1.37e-02	6.81e-07
 1.87122e+16	9.86e-01	1.35e-02	6.91e-07
 1.87146e+16	9.87e-01	1.34e-02	6.99e-07
 1.87167e+16	9.87e-01	1.32e-02	7.06e-07
 1.87187e+16	9.87e-01	1.30e-02	7.13e-07
 1.87208e+16	9.87e-01	1.29e-02	7.19e-07
 1.87231e+16	9.87e-01	1.27e-02	7.27e-07
 1.87252e+16	9.87e-01	1.25e-02	7.33e-07
 1.87271e+16	9.88e-01	1.24e-02	7.39e-07
 1.87292e+16	9.88e-01	1.22e-02	7.47e-07
 1.87315e+16	9.88e-01	1.21e-02	7.54e-07
 1.87335e+16	9.88e-01	1.19e-02	7.62e-07
 1.87354e+16	9.88e-01	1.18e-02	7.69e-07
 1.87375e+16	9.88e-01	1.16e-02	7.77e-07
 1.87397e+16	9.89e-01	1.15e-02	7.86e-07
 1.87417e+16	9.89e-01	1.13e-02	7.93e-07
 1.87439e+16	9.89e-01	1.12e-02	8.00e-07
 1.87468e+16	9.89e-01	1.11e-02	8.11e-07
 1.87499e+16	9.89e-01	1.09e-02	8.21e-07
 1.87527e+16	9.89e-01	1.07e-02	8.32e-07
 1.87553e+16	9.89e-01	1.06e-02	8.41e-07
 1.87576e+16	9.90e-01	1.04e-02	8.51e-07
 1.87602e+16	9.90e-01	1.03e-02	8.62e-07
 1.87630e+16	9.90e-01	1.01e-02	8.74e-07
 1.87655e+16	9.90e-01	1.00e-02	8.85e-07
 1.87678e+16	9.90e-01	9.84e-03	8.96e-07
