#depth	O	O+	O+2	O+3	O+4	O+5	O+6	O+7	O+8	O[1]	O[2]	O[3]
 3.28467e+11	8.25e-06	1.26e-02	9.64e-01	2.33e-02	7.56e-07	0.00e+00	0.00e+00	0.00e+00	0.00e+00	5.79e-06	1.65e-06	8.07e-07
 1.97080e+12	8.25e-06	1.26e-02	9.64e-01	2.32e-02	7.52e-07	0.00e+00	0.00e+00	0.00e+00	0.00e+00	5.79e-06	1.65e-06	8.06e-07
 8.54014e+12	8.28e-06	1.26e-02	9.64e-01	2.29e-02	7.34e-07	0.00e+00	0.00e+00	0.00e+00	0.00e+00	5.81e-06	1.66e-06	8.10e-07
 3.48175e+13	8.40e-06	1.27e-02	9.66e-01	2.16e-02	6.68e-07	0.00e+00	0.00e+00	0.00e+00	0.00e+00	5.89e-06	1.68e-06	8.24e-07
 8.31679e+13	8.48e-06	1.28e-02	9.67e-01	1.98e-02	5.78e-07	0.00e+00	0.00e+00	0.00e+00	0.00e+00	5.94e-06	1.70e-06	8.34e-07
 1.46023e+14	8.64e-06	1.30e-02	9.69e-01	1.76e-02	4.78e-07	0.00e+00	0.00e+00	0.00e+00	0.00e+00	6.06e-06	1.73e-06	8.51e-07
 2.27735e+14	8.91e-06	1.32e-02	9.72e-01	1.50e-02	3.72e-07	0.00e+00	0.00e+00	0.00e+00	0.00e+00	6.24e-06	1.79e-06	8.76e-07
 3.33961e+14	9.31e-06	1.35e-02	9.74e-01	1.22e-02	2.67e-07	0.00e+00	0.00e+00	0.00e+00	0.00e+00	6.53e-06	1.87e-06	9.15e-07
 4.72055e+14	9.89e-06	1.39e-02	9.77e-01	9.30e-03	1.73e-07	0.00e+00	0.00e+00	0.00e+00	0.00e+00	6.94e-06	1.98e-06	9.72e-07
 6.51576e+14	1.08e-05	1.44e-02	9.79e-01	6.48e-03	0.00e+00	0.00e+00	0.00e+00	0.00e+00	0.00e+00	7.57e-06	2.16e-06	1.06e-06
 8.84954e+14	1.21e-05	1.51e-02	9.81e-01	4.04e-03	0.00e+00	0.00e+00	0.00e+00	0.00e+00	0.00e+00	8.52e-06	2.42e-06	1.19e-06
 1.18835e+15	1.42e-05	1.62e-02	9.82e-01	2.18e-03	0.00e+00	0.00e+00	0.00e+00	0.00e+00	0.00e+00	1.00e-05	2.83e-06	1.39e-06
 1.58275e+15	1.76e-05	1.77e-02	9.81e-01	9.86e-04	0.00e+00	0.00e+00	0.00e+00	0.00e+00	0.00e+00	1.24e-05	3.48e-06	1.71e-06
 2.09549e+15	2.33e-05	1.99e-02	9.80e-01	3.59e-04	0.00e+00	0.00e+00	0.00e+00	0.00e+00	0.00e+00	1.64e-05	4.60e-06	2.26e-06
 2.62444e+15	3.04e-05	2.23e-02	9.78e-01	1.31e-04	0.00e+00	0.00e+00	0.00e+00	0.00e+00	0.00e+00	2.15e-05	5.96e-06	2.93e-06
 3.08131e+15	3.86e-05	2.47e-02	9.75e-01	5.70e-05	0.00e+00	0.00e+00	0.00e+00	0.00e+00	0.00e+00	2.73e-05	7.56e-06	3.71e-06
 3.58209e+15	5.12e-05	2.80e-02	9.72e-01	2.36e-05	0.00e+00	0.00e+00	0.00e+00	0.00e+00	0.00e+00	3.63e-05	1.00e-05	4.90e-06
 4.13103e+15	6.86e-05	3.19e-02	9.68e-01	9.61e-06	0.00e+00	0.00e+00	0.00e+00	0.00e+00	0.00e+00	4.87e-05	1.34e-05	6.54e-06
 4.52436e+15	8.29e-05	3.48e-02	9.65e-01	5.46e-06	0.00e+00	0.00e+00	0.00e+00	0.00e+00	0.00e+00	5.89e-05	1.61e-05	7.90e-06
 4.75152e+15	9.34e-05	3.68e-02	9.63e-01	3.96e-06	0.00e+00	0.00e+00	0.00e+00	0.00e+00	0.00e+00	6.64e-05	1.81e-05	8.89e-06
 4.98090e+15	1.06e-04	3.91e-02	9.61e-01	2.85e-06	0.00e+00	0.00e+00	0.00e+00	0.00e+00	0.00e+00	7.55e-05	2.06e-05	1.01e-05
 5.27908e+15	1.25e-04	4.22e-02	9.58e-01	1.90e-06	0.00e+00	0.00e+00	0.00e+00	0.00e+00	0.00e+00	8.92e-05	2.43e-05	1.19e-05
 5.59782e+15	1.48e-04	4.57e-02	9.54e-01	1.29e-06	0.00e+00	0.00e+00	0.00e+00	0.00e+00	0.00e+00	1.05e-04	2.87e-05	1.41e-05
 5.88035e+15	1.72e-04	4.90e-02	9.51e-01	9.37e-07	0.00e+00	0.00e+00	0.00e+00	0.00e+00	0.00e+00	1.22e-04	3.33e-05	1.63e-05
 6.18474e+15	2.03e-04	5.31e-02	9.47e-01	6.74e-07	0.00e+00	0.00e+00	0.00e+00	0.00e+00	0.00e+00	1.45e-04	3.94e-05	1.93e-05
 6.50832e+15	2.41e-04	5.77e-02	9.42e-01	4.94e-07	0.00e+00	0.00e+00	0.00e+00	0.00e+00	0.00e+00	1.72e-04	4.66e-05	2.28e-05
 6.79204e+15	2.80e-04	6.21e-02	9.38e-01	3.84e-07	0.00e+00	0.00e+00	0.00e+00	0.00e+00	0.00e+00	1.99e-04	5.41e-05	2.65e-05
 7.09609e+15	3.30e-04	6.73e-02	9.32e-01	2.98e-07	0.00e+00	0.00e+00	0.00e+00	0.00e+00	0.00e+00	2.35e-04	6.39e-05	3.13e-05
 7.42274e+15	3.92e-04	7.33e-02	9.26e-01	2.33e-07	0.00e+00	0.00e+00	0.00e+00	0.00e+00	0.00e+00	2.79e-04	7.59e-05	3.71e-05
 7.71257e+15	4.57e-04	7.92e-02	9.20e-01	1.92e-07	0.00e+00	0.00e+00	0.00e+00	0.00e+00	0.00e+00	3.25e-04	8.85e-05	4.33e-05
 7.98250e+15	5.28e-04	8.51e-02	9.14e-01	1.61e-07	0.00e+00	0.00e+00	0.00e+00	0.00e+00	0.00e+00	3.75e-04	1.02e-04	5.00e-05
 8.29278e+15	6.26e-04	9.28e-02	9.07e-01	1.34e-07	0.00e+00	0.00e+00	0.00e+00	0.00e+00	0.00e+00	4.45e-04	1.21e-04	5.94e-05
 8.62514e+15	7.48e-04	1.02e-01	8.98e-01	0.00e+00	0.00e+00	0.00e+00	0.00e+00	0.00e+00	0.00e+00	5.32e-04	1.45e-04	7.11e-05
 8.91586e+15	8.75e-04	1.10e-01	8.89e-01	0.00e+00	0.00e+00	0.00e+00	0.00e+00	0.00e+00	0.00e+00	6.22e-04	1.70e-04	8.33e-05
 9.18111e+15	1.02e-03	1.19e-01	8.80e-01	0.00e+00	0.00e+00	0.00e+00	0.00e+00	0.00e+00	0.00e+00	7.21e-04	1.97e-04	9.67e-05
 9.48360e+15	1.20e-03	1.30e-01	8.69e-01	0.00e+00	0.00e+00	0.00e+00	0.00e+00	0.00e+00	0.00e+00	8.55e-04	2.34e-04	1.15e-04
 9.80719e+15	1.45e-03	1.43e-01	8.56e-01	0.00e+00	0.00e+00	0.00e+00	0.00e+00	0.00e+00	0.00e+00	1.03e-03	2.82e-04	1.38e-04
 1.00874e+16	1.70e-03	1.55e-01	8.43e-01	0.00e+00	0.00e+00	0.00e+00	0.00e+00	0.00e+00	0.00e+00	1.20e-03	3.32e-04	1.63e-04
 1.03386e+16	1.97e-03	1.68e-01	8.31e-01	0.00e+00	0.00e+00	0.00e+00	0.00e+00	0.00e+00	0.00e+00	1.40e-03	3.85e-04	1.89e-04
 1.06229e+16	2.33e-03	1.83e-01	8.15e-01	0.00e+00	0.00e+00	0.00e+00	0.00e+00	0.00e+00	0.00e+00	1.65e-03	4.58e-04	2.25e-04
 1.09321e+16	2.82e-03	2.02e-01	7.95e-01	0.00e+00	0.00e+00	0.00e+00	0.00e+00	0.00e+00	0.00e+00	2.00e-03	5.55e-04	2.72e-04
 1.12047e+16	3.35e-03	2.21e-01	7.76e-01	0.00e+00	0.00e+00	0.00e+00	0.00e+00	0.00e+00	0.00e+00	2.37e-03	6.60e-04	3.24e-04
 1.14464e+16	3.92e-03	2.39e-01	7.57e-01	0.00e+00	0.00e+00	0.00e+00	0.00e+00	0.00e+00	0.00e+00	2.77e-03	7.73e-04	3.80e-04
 1.17172e+16	4.68e-03	2.62e-01	7.34e-01	0.00e+00	0.00e+00	0.00e+00	0.00e+00	0.00e+00	0.00e+00	3.30e-03	9.25e-04	4.54e-04
 1.20158e+16	5.73e-03	2.90e-01	7.05e-01	0.00e+00	0.00e+00	0.00e+00	0.00e+00	0.00e+00	0.00e+00	4.03e-03	1.14e-03	5.58e-04
 1.22855e+16	6.92e-03	3.18e-01	6.75e-01	0.00e+00	0.00e+00	0.00e+00	0.00e+00	0.00e+00	0.00e+00	4.87e-03	1.38e-03	6.76e-04
 1.25273e+16	8.24e-03	3.46e-01	6.45e-01	0.00e+00	0.00e+00	0.00e+00	0.00e+00	0.00e+00	0.00e+00	5.79e-03	1.64e-03	8.07e-04
 1.27978e+16	1.00e-02	3.81e-01	6.09e-01	0.00e+00	0.00e+00	0.00e+00	0.00e+00	0.00e+00	0.00e+00	7.04e-03	2.01e-03	9.86e-04
 1.30911e+16	1.25e-02	4.22e-01	5.65e-01	0.00e+00	0.00e+00	0.00e+00	0.00e+00	0.00e+00	0.00e+00	8.79e-03	2.51e-03	1.24e-03
 1.33437e+16	1.53e-02	4.61e-01	5.23e-01	0.00e+00	0.00e+00	0.00e+00	0.00e+00	0.00e+00	0.00e+00	1.07e-02	3.08e-03	1.51e-03
 1.35568e+16	1.82e-02	4.96e-01	4.85e-01	0.00e+00	0.00e+00	0.00e+00	0.00e+00	0.00e+00	0.00e+00	1.28e-02	3.67e-03	1.80e-03
 1.37888e+16	2.20e-02	5.37e-01	4.41e-01	0.00e+00	0.00e+00	0.00e+00	0.00e+00	0.00e+00	0.00e+00	1.54e-02	4.45e-03	2.18e-03
 1.40454e+16	2.74e-02	5.82e-01	3.90e-01	0.00e+00	0.00e+00	0.00e+00	0.00e+00	0.00e+00	0.00e+00	1.91e-02	5.54e-03	2.70e-03
 1.42742e+16	3.36e-02	6.24e-01	3.43e-01	0.00e+00	0.00e+00	0.00e+00	0.00e+00	0.00e+00	0.00e+00	2.34e-02	6.80e-03	3.31e-03
 1.44694e+16	4.01e-02	6.59e-01	3.01e-01	0.00e+00	0.00e+00	0.00e+00	0.00e+00	0.00e+00	0.00e+00	2.80e-02	8.13e-03	3.95e-03
 1.46808e+16	4.85e-02	6.95e-01	2.57e-01	0.00e+00	0.00e+00	0.00e+00	0.00e+00	0.00e+00	0.00e+00	3.39e-02	9.85e-03	4.78e-03
 1.49137e+16	6.05e-02	7.30e-01	2.09e-01	0.00e+00	0.00e+00	0.00e+00	0.00e+00	0.00e+00	0.00e+00	4.22e-02	1.23e-02	5.96e-03
 1.51193e+16	7.42e-02	7.57e-01	1.69e-01	0.00e+00	0.00e+00	0.00e+00	0.00e+00	0.00e+00	0.00e+00	5.18e-02	1.51e-02	7.30e-03
 1.52926e+16	8.86e-02	7.74e-01	1.37e-01	0.00e+00	0.00e+00	0.00e+00	0.00e+00	0.00e+00	0.00e+00	6.19e-02	1.80e-02	8.71e-03
 1.54355e+16	1.03e-01	7.83e-01	1.13e-01	0.00e+00	0.00e+00	0.00e+00	0.00e+00	0.00e+00	0.00e+00	7.21e-02	2.09e-02	1.01e-02
 1.55492e+16	1.17e-01	7.87e-01	9.59e-02	0.00e+00	0.00e+00	0.00e+00	0.00e+00	0.00e+00	0.00e+00	8.17e-02	2.36e-02	1.15e-02
 1.56523e+16	1.31e-01	7.88e-01	8.13e-02	0.00e+00	0.00e+00	0.00e+00	0.00e+00	0.00e+00	0.00e+00	9.17e-02	2.64e-02	1.28e-02
 1.57698e+16	1.49e-01	7.85e-01	6.66e-02	0.00e+00	0.00e+00	0.00e+00	0.00e+00	0.00e+00	0.00e+00	1.04e-01	2.99e-02	1.45e-02
 1.58926e+16	1.71e-01	7.76e-01	5.29e-02	0.00e+00	0.00e+00	0.00e+00	0.00e+00	0.00e+00	0.00e+00	1.20e-01	3.42e-02	1.67e-02
 1.59902e+16	1.92e-01	7.64e-01	4.33e-02	0.00e+00	0.00e+00	0.00e+00	0.00e+00	0.00e+00	0.00e+00	1.35e-01	3.82e-02	1.87e-02
 1.60672e+16	2.11e-01	7.53e-01	3.65e-02	0.00e+00	0.00e+00	0.00e+00	0.00e+00	0.00e+00	0.00e+00	1.49e-01	4.16e-02	2.05e-02
 1.61496e+16	2.33e-01	7.37e-01	3.01e-02	0.00e+00	0.00e+00	0.00e+00	0.00e+00	0.00e+00	0.00e+00	1.64e-01	4.56e-02	2.25e-02
 1.62387e+16	2.59e-01	7.17e-01	2.41e-02	0.00e+00	0.00e+00	0.00e+00	0.00e+00	0.00e+00	0.00e+00	1.84e-01	5.03e-02	2.50e-02
 1.63153e+16	2.84e-01	6.96e-01	1.97e-02	0.00e+00	0.00e+00	0.00e+00	0.00e+00	0.00e+00	0.00e+00	2.02e-01	5.48e-02	2.73e-02
 1.63796e+16	3.08e-01	6.76e-01	1.64e-02	0.00e+00	0.00e+00	0.00e+00	0.00e+00	0.00e+00	0.00e+00	2.20e-01	5.87e-02	2.94e-02
 1.64489e+16	3.35e-01	6.52e-01	1.33e-02	0.00e+00	0.00e+00	0.00e+00	0.00e+00	0.00e+00	0.00e+00	2.40e-01	6.31e-02	3.19e-02
 1.65231e+16	3.65e-01	6.25e-01	1.06e-02	0.00e+00	0.00e+00	0.00e+00	0.00e+00	0.00e+00	0.00e+00	2.62e-01	6.78e-02	3.45e-02
 1.65871e+16	3.93e-01	5.99e-01	8.60e-03	0.00e+00	0.00e+00	0.00e+00	0.00e+00	0.00e+00	0.00e+00	2.84e-01	7.20e-02	3.70e-02
 1.66429e+16	4.18e-01	5.74e-01	7.10e-03	0.00e+00	0.00e+00	0.00e+00	0.00e+00	0.00e+00	0.00e+00	3.03e-01	7.57e-02	3.92e-02
 1.67014e+16	4.47e-01	5.48e-01	5.75e-03	0.00e+00	0.00e+00	0.00e+00	0.00e+00	0.00e+00	0.00e+00	3.25e-01	7.96e-02	4.15e-02
 1.67631e+16	4.76e-01	5.19e-01	4.59e-03	0.00e+00	0.00e+00	0.00e+00	0.00e+00	0.00e+00	0.00e+00	3.49e-01	8.33e-02	4.39e-02
 1.68179e+16	5.04e-01	4.92e-01	3.71e-03	0.00e+00	0.00e+00	0.00e+00	0.00e+00	0.00e+00	0.00e+00	3.71e-01	8.66e-02	4.61e-02
 1.68668e+16	5.28e-01	4.69e-01	3.06e-03	0.00e+00	0.00e+00	0.00e+00	0.00e+00	0.00e+00	0.00e+00	3.91e-01	8.93e-02	4.80e-02
 1.69126e+16	5.51e-01	4.46e-01	2.54e-03	0.00e+00	0.00e+00	0.00e+00	0.00e+00	0.00e+00	0.00e+00	4.10e-01	9.16e-02	4.97e-02
 1.69558e+16	5.73e-01	4.25e-01	2.12e-03	0.00e+00	0.00e+00	0.00e+00	0.00e+00	0.00e+00	0.00e+00	4.28e-01	9.36e-02	5.12e-02
 1.69985e+16	5.95e-01	4.03e-01	1.76e-03	0.00e+00	0.00e+00	0.00e+00	0.00e+00	0.00e+00	0.00e+00	4.47e-01	9.54e-02	5.27e-02
 1.70327e+16	6.11e-01	3.87e-01	1.53e-03	0.00e+00	0.00e+00	0.00e+00	0.00e+00	0.00e+00	0.00e+00	4.61e-01	9.66e-02	5.37e-02
 1.70553e+16	6.22e-01	3.77e-01	1.38e-03	0.00e+00	0.00e+00	0.00e+00	0.00e+00	0.00e+00	0.00e+00	4.70e-01	9.73e-02	5.44e-02
 1.70763e+16	6.32e-01	3.67e-01	1.26e-03	0.00e+00	0.00e+00	0.00e+00	0.00e+00	0.00e+00	0.00e+00	4.79e-01	9.79e-02	5.50e-02
 1.71012e+16	6.44e-01	3.55e-01	1.13e-03	0.00e+00	0.00e+00	0.00e+00	0.00e+00	0.00e+00	0.00e+00	4.89e-01	9.86e-02	5.57e-02
 1.71286e+16	6.57e-01	3.42e-01	9.92e-04	0.00e+00	0.00e+00	0.00e+00	0.00e+00	0.00e+00	0.00e+00	5.01e-01	9.92e-02	5.64e-02
 1.71544e+16	6.69e-01	3.30e-01	8.81e-04	0.00e+00	0.00e+00	0.00e+00	0.00e+00	0.00e+00	0.00e+00	5.12e-01	9.98e-02	5.70e-02
 1.71785e+16	6.80e-01	3.19e-01	7.86e-04	0.00e+00	0.00e+00	0.00e+00	0.00e+00	0.00e+00	0.00e+00	5.22e-01	1.00e-01	5.76e-02
 1.72025e+16	6.91e-01	3.09e-01	7.02e-04	0.00e+00	0.00e+00	0.00e+00	0.00e+00	0.00e+00	0.00e+00	5.32e-01	1.00e-01	5.81e-02
 1.72270e+16	7.02e-01	2.98e-01	6.23e-04	0.00e+00	0.00e+00	0.00e+00	0.00e+00	0.00e+00	0.00e+00	5.42e-01	1.01e-01	5.86e-02
 1.72520e+16	7.13e-01	2.87e-01	5.51e-04	0.00e+00	0.00e+00	0.00e+00	0.00e+00	0.00e+00	0.00e+00	5.53e-01	1.01e-01	5.90e-02
 1.72762e+16	7.23e-01	2.76e-01	4.89e-04	0.00e+00	0.00e+00	0.00e+00	0.00e+00	0.00e+00	0.00e+00	5.63e-01	1.01e-01	5.94e-02
 1.72999e+16	7.33e-01	2.66e-01	4.35e-04	0.00e+00	0.00e+00	0.00e+00	0.00e+00	0.00e+00	0.00e+00	5.72e-01	1.01e-01	5.98e-02
 1.73240e+16	7.43e-01	2.56e-01	3.84e-04	0.00e+00	0.00e+00	0.00e+00	0.00e+00	0.00e+00	0.00e+00	5.82e-01	1.01e-01	6.01e-02
 1.73482e+16	7.53e-01	2.47e-01	3.40e-04	0.00e+00	0.00e+00	0.00e+00	0.00e+00	0.00e+00	0.00e+00	5.92e-01	1.01e-01	6.04e-02
 1.73722e+16	7.63e-01	2.37e-01	3.00e-04	0.00e+00	0.00e+00	0.00e+00	0.00e+00	0.00e+00	0.00e+00	6.02e-01	1.01e-01	6.06e-02
 1.73959e+16	7.72e-01	2.28e-01	2.65e-04	0.00e+00	0.00e+00	0.00e+00	0.00e+00	0.00e+00	0.00e+00	6.11e-01	1.00e-01	6.08e-02
 1.74197e+16	7.81e-01	2.19e-01	2.34e-04	0.00e+00	0.00e+00	0.00e+00	0.00e+00	0.00e+00	0.00e+00	6.20e-01	1.00e-01	6.09e-02
 1.74437e+16	7.90e-01	2.10e-01	2.06e-04	0.00e+00	0.00e+00	0.00e+00	0.00e+00	0.00e+00	0.00e+00	6.29e-01	9.96e-02	6.10e-02
 1.74672e+16	7.98e-01	2.02e-01	1.81e-04	0.00e+00	0.00e+00	0.00e+00	0.00e+00	0.00e+00	0.00e+00	6.38e-01	9.91e-02	6.11e-02
 1.74905e+16	8.06e-01	1.94e-01	1.60e-04	0.00e+00	0.00e+00	0.00e+00	0.00e+00	0.00e+00	0.00e+00	6.46e-01	9.86e-02	6.11e-02
 1.75141e+16	8.14e-01	1.86e-01	1.40e-04	0.00e+00	0.00e+00	0.00e+00	0.00e+00	0.00e+00	0.00e+00	6.55e-01	9.80e-02	6.11e-02
 1.75377e+16	8.22e-01	1.78e-01	1.23e-04	0.00e+00	0.00e+00	0.00e+00	0.00e+00	0.00e+00	0.00e+00	6.63e-01	9.75e-02	6.10e-02
 1.75611e+16	8.30e-01	1.70e-01	1.08e-04	0.00e+00	0.00e+00	0.00e+00	0.00e+00	0.00e+00	0.00e+00	6.72e-01	9.68e-02	6.09e-02
 1.75843e+16	8.36e-01	1.63e-01	9.51e-05	0.00e+00	0.00e+00	0.00e+00	0.00e+00	0.00e+00	0.00e+00	6.79e-01	9.62e-02	6.08e-02
 1.76075e+16	8.43e-01	1.57e-01	8.34e-05	0.00e+00	0.00e+00	0.00e+00	0.00e+00	0.00e+00	0.00e+00	6.87e-01	9.55e-02	6.07e-02
 1.76309e+16	8.50e-01	1.50e-01	7.30e-05	0.00e+00	0.00e+00	0.00e+00	0.00e+00	0.00e+00	0.00e+00	6.95e-01	9.47e-02	6.05e-02
 1.76539e+16	8.57e-01	1.43e-01	6.39e-05	0.00e+00	0.00e+00	0.00e+00	0.00e+00	0.00e+00	0.00e+00	7.02e-01	9.40e-02	6.03e-02
 1.76768e+16	8.63e-01	1.37e-01	5.60e-05	0.00e+00	0.00e+00	0.00e+00	0.00e+00	0.00e+00	0.00e+00	7.09e-01	9.32e-02	6.01e-02
 1.76997e+16	8.69e-01	1.31e-01	4.90e-05	0.00e+00	0.00e+00	0.00e+00	0.00e+00	0.00e+00	0.00e+00	7.17e-01	9.24e-02	5.98e-02
 1.77222e+16	8.74e-01	1.26e-01	4.29e-05	0.00e+00	0.00e+00	0.00e+00	0.00e+00	0.00e+00	0.00e+00	7.23e-01	9.16e-02	5.96e-02
 1.77443e+16	8.80e-01	1.20e-01	3.77e-05	0.00e+00	0.00e+00	0.00e+00	0.00e+00	0.00e+00	0.00e+00	7.30e-01	9.08e-02	5.93e-02
 1.77661e+16	8.85e-01	1.15e-01	3.31e-05	0.00e+00	0.00e+00	0.00e+00	0.00e+00	0.00e+00	0.00e+00	7.36e-01	9.00e-02	5.90e-02
 1.77881e+16	8.90e-01	1.10e-01	2.90e-05	0.00e+00	0.00e+00	0.00e+00	0.00e+00	0.00e+00	0.00e+00	7.42e-01	8.92e-02	5.87e-02
 1.78101e+16	8.95e-01	1.05e-01	2.54e-05	0.00e+00	0.00e+00	0.00e+00	0.00e+00	0.00e+00	0.00e+00	7.48e-01	8.84e-02	5.84e-02
 1.78314e+16	8.99e-01	1.01e-01	2.24e-05	0.00e+00	0.00e+00	0.00e+00	0.00e+00	0.00e+00	0.00e+00	7.53e-01	8.76e-02	5.81e-02
 1.78523e+16	9.03e-01	9.68e-02	1.97e-05	0.00e+00	0.00e+00	0.00e+00	0.00e+00	0.00e+00	0.00e+00	7.59e-01	8.68e-02	5.77e-02
 1.78729e+16	9.07e-01	9.28e-02	1.74e-05	0.00e+00	0.00e+00	0.00e+00	0.00e+00	0.00e+00	0.00e+00	7.64e-01	8.60e-02	5.74e-02
 1.78937e+16	9.11e-01	8.89e-02	1.53e-05	0.00e+00	0.00e+00	0.00e+00	0.00e+00	0.00e+00	0.00e+00	7.69e-01	8.53e-02	5.71e-02
 1.79143e+16	9.15e-01	8.51e-02	1.35e-05	0.00e+00	0.00e+00	0.00e+00	0.00e+00	0.00e+00	0.00e+00	7.74e-01	8.45e-02	5.67e-02
 1.79345e+16	9.18e-01	8.16e-02	1.19e-05	0.00e+00	0.00e+00	0.00e+00	0.00e+00	0.00e+00	0.00e+00	7.78e-01	8.38e-02	5.64e-02
 1.79543e+16	9.22e-01	7.83e-02	1.05e-05	0.00e+00	0.00e+00	0.00e+00	0.00e+00	0.00e+00	0.00e+00	7.83e-01	8.30e-02	5.60e-02
 1.79740e+16	9.25e-01	7.51e-02	9.31e-06	0.00e+00	0.00e+00	0.00e+00	0.00e+00	0.00e+00	0.00e+00	7.87e-01	8.23e-02	5.57e-02
 1.79938e+16	9.28e-01	7.20e-02	8.22e-06	0.00e+00	0.00e+00	0.00e+00	0.00e+00	0.00e+00	0.00e+00	7.91e-01	8.16e-02	5.54e-02
 1.80133e+16	9.31e-01	6.90e-02	7.28e-06	0.00e+00	0.00e+00	0.00e+00	0.00e+00	0.00e+00	0.00e+00	7.95e-01	8.09e-02	5.50e-02
 1.80324e+16	9.34e-01	6.62e-02	6.45e-06	0.00e+00	0.00e+00	0.00e+00	0.00e+00	0.00e+00	0.00e+00	7.99e-01	8.02e-02	5.47e-02
 1.80514e+16	9.36e-01	6.35e-02	5.72e-06	0.00e+00	0.00e+00	0.00e+00	0.00e+00	0.00e+00	0.00e+00	8.02e-01	7.96e-02	5.44e-02
 1.80704e+16	9.39e-01	6.10e-02	5.07e-06	0.00e+00	0.00e+00	0.00e+00	0.00e+00	0.00e+00	0.00e+00	8.06e-01	7.90e-02	5.40e-02
 1.80893e+16	9.42e-01	5.85e-02	4.50e-06	0.00e+00	0.00e+00	0.00e+00	0.00e+00	0.00e+00	0.00e+00	8.09e-01	7.83e-02	5.37e-02
 1.81077e+16	9.44e-01	5.61e-02	4.00e-06	0.00e+00	0.00e+00	0.00e+00	0.00e+00	0.00e+00	0.00e+00	8.13e-01	7.77e-02	5.33e-02
 1.81260e+16	9.46e-01	5.39e-02	3.56e-06	0.00e+00	0.00e+00	0.00e+00	0.00e+00	0.00e+00	0.00e+00	8.16e-01	7.71e-02	5.30e-02
 1.81445e+16	9.48e-01	5.17e-02	3.16e-06	0.00e+00	0.00e+00	0.00e+00	0.00e+00	0.00e+00	0.00e+00	8.19e-01	7.65e-02	5.26e-02
 1.81627e+16	9.50e-01	4.96e-02	2.81e-06	0.00e+00	0.00e+00	0.00e+00	0.00e+00	0.00e+00	0.00e+00	8.22e-01	7.59e-02	5.22e-02
 1.81806e+16	9.52e-01	4.77e-02	2.50e-06	0.00e+00	0.00e+00	0.00e+00	0.00e+00	0.00e+00	0.00e+00	8.25e-01	7.53e-02	5.19e-02
 1.81984e+16	9.54e-01	4.58e-02	2.23e-06	0.00e+00	0.00e+00	0.00e+00	0.00e+00	0.00e+00	0.00e+00	8.28e-01	7.48e-02	5.16e-02
 1.82161e+16	9.56e-01	4.39e-02	1.99e-06	0.00e+00	0.00e+00	0.00e+00	0.00e+00	0.00e+00	0.00e+00	8.31e-01	7.42e-02	5.12e-02
 1.82336e+16	9.58e-01	4.22e-02	1.78e-06	0.00e+00	0.00e+00	0.00e+00	0.00e+00	0.00e+00	0.00e+00	8.33e-01	7.37e-02	5.09e-02
 1.82510e+16	9.59e-01	4.05e-02	1.59e-06	0.00e+00	0.00e+00	0.00e+00	0.00e+00	0.00e+00	0.00e+00	8.36e-01	7.32e-02	5.05e-02
 1.82686e+16	9.61e-01	3.89e-02	1.42e-06	0.00e+00	0.00e+00	0.00e+00	0.00e+00	0.00e+00	0.00e+00	8.38e-01	7.27e-02	5.02e-02
 1.82858e+16	9.63e-01	3.74e-02	1.27e-06	0.00e+00	0.00e+00	0.00e+00	0.00e+00	0.00e+00	0.00e+00	8.41e-01	7.22e-02	4.99e-02
 1.83029e+16	9.64e-01	3.59e-02	1.13e-06	0.00e+00	0.00e+00	0.00e+00	0.00e+00	0.00e+00	0.00e+00	8.43e-01	7.17e-02	4.96e-02
 1.83198e+16	9.66e-01	3.45e-02	1.02e-06	0.00e+00	0.00e+00	0.00e+00	0.00e+00	0.00e+00	0.00e+00	8.45e-01	7.13e-02	4.93e-02
 1.83364e+16	9.67e-01	3.31e-02	9.12e-07	0.00e+00	0.00e+00	0.00e+00	0.00e+00	0.00e+00	0.00e+00	8.47e-01	7.08e-02	4.90e-02
 1.83532e+16	9.68e-01	3.18e-02	8.17e-07	0.00e+00	0.00e+00	0.00e+00	0.00e+00	0.00e+00	0.00e+00	8.49e-01	7.04e-02	4.87e-02
 1.83701e+16	9.69e-01	3.05e-02	7.32e-07	0.00e+00	0.00e+00	0.00e+00	0.00e+00	0.00e+00	0.00e+00	8.51e-01	6.99e-02	4.84e-02
 1.83866e+16	9.71e-01	2.93e-02	6.57e-07	0.00e+00	0.00e+00	0.00e+00	0.00e+00	0.00e+00	0.00e+00	8.53e-01	6.95e-02	4.82e-02
 1.84028e+16	9.72e-01	2.81e-02	5.91e-07	0.00e+00	0.00e+00	0.00e+00	0.00e+00	0.00e+00	0.00e+00	8.55e-01	6.91e-02	4.79e-02
 1.84189e+16	9.73e-01	2.70e-02	5.32e-07	0.00e+00	0.00e+00	0.00e+00	0.00e+00	0.00e+00	0.00e+00	8.57e-01	6.87e-02	4.76e-02
 1.84350e+16	9.74e-01	2.60e-02	4.79e-07	0.00e+00	0.00e+00	0.00e+00	0.00e+00	0.00e+00	0.00e+00	8.58e-01	6.84e-02	4.74e-02
 1.84510e+16	9.75e-01	2.49e-02	4.32e-07	0.00e+00	0.00e+00	0.00e+00	0.00e+00	0.00e+00	0.00e+00	8.60e-01	6.80e-02	4.71e-02
 1.84668e+16	9.76e-01	2.39e-02	3.89e-07	0.00e+00	0.00e+00	0.00e+00	0.00e+00	0.00e+00	0.00e+00	8.62e-01	6.76e-02	4.68e-02
 1.84823e+16	9.77e-01	2.30e-02	3.52e-07	0.00e+00	0.00e+00	0.00e+00	0.00e+00	0.00e+00	0.00e+00	8.63e-01	6.72e-02	4.66e-02
 1.84972e+16	9.78e-01	2.21e-02	3.19e-07	0.00e+00	0.00e+00	0.00e+00	0.00e+00	0.00e+00	0.00e+00	8.65e-01	6.69e-02	4.63e-02
 1.85108e+16	9.79e-01	2.13e-02	2.93e-07	0.00e+00	0.00e+00	0.00e+00	0.00e+00	0.00e+00	0.00e+00	8.66e-01	6.66e-02	4.61e-02
 1.85231e+16	9.79e-01	2.06e-02	2.71e-07	0.00e+00	0.00e+00	0.00e+00	0.00e+00	0.00e+00	0.00e+00	8.67e-01	6.63e-02	4.59e-02
 1.85343e+16	9.80e-01	2.00e-02	2.52e-07	0.00e+00	0.00e+00	0.00e+00	0.00e+00	0.00e+00	0.00e+00	8.68e-01	6.61e-02	4.58e-02
 1.85446e+16	9.81e-01	1.95e-02	2.36e-07	0.00e+00	0.00e+00	0.00e+00	0.00e+00	0.00e+00	0.00e+00	8.69e-01	6.59e-02	4.56e-02
 1.85544e+16	9.81e-01	1.90e-02	2.22e-07	0.00e+00	0.00e+00	0.00e+00	0.00e+00	0.00e+00	0.00e+00	8.70e-01	6.56e-02	4.54e-02
 1.85636e+16	9.81e-01	1.85e-02	2.10e-07	0.00e+00	0.00e+00	0.00e+00	0.00e+00	0.00e+00	0.00e+00	8.71e-01	6.54e-02	4.53e-02
 1.85720e+16	9.82e-01	1.81e-02	1.99e-07	0.00e+00	0.00e+00	0.00e+00	0.00e+00	0.00e+00	0.00e+00	8.72e-01	6.52e-02	4.51e-02
 1.85797e+16	9.82e-01	1.77e-02	1.89e-07	0.00e+00	0.00e+00	0.00e+00	0.00e+00	0.00e+00	0.00e+00	8.72e-01	6.50e-02	4.50e-02
 1.85869e+16	9.83e-01	1.73e-02	1.81e-07	0.00e+00	0.00e+00	0.00e+00	0.00e+00	0.00e+00	0.00e+00	8.73e-01	6.49e-02	4.49e-02
 1.85938e+16	9.83e-01	1.70e-02	1.73e-07	0.00e+00	0.00e+00	0.00e+00	0.00e+00	0.00e+00	0.00e+00	8.74e-01	6.47e-02	4.47e-02
 1.86003e+16	9.83e-01	1.67e-02	1.66e-07	0.00e+00	0.00e+00	0.00e+00	0.00e+00	0.00e+00	0.00e+00	8.74e-01	6.45e-02	4.46e-02
 1.86064e+16	9.84e-01	1.64e-02	1.60e-07	0.00e+00	0.00e+00	0.00e+00	0.00e+00	0.00e+00	0.00e+00	8.75e-01	6.44e-02	4.45e-02
 1.86121e+16	9.84e-01	1.61e-02	1.54e-07	0.00e+00	0.00e+00	0.00e+00	0.00e+00	0.00e+00	0.00e+00	8.75e-01	6.42e-02	4.44e-02
 1.86175e+16	9.84e-01	1.58e-02	1.49e-07	0.00e+00	0.00e+00	0.00e+00	0.00e+00	0.00e+00	0.00e+00	8.76e-01	6.41e-02	4.43e-02
 1.86227e+16	9.84e-01	1.55e-02	1.44e-07	0.00e+00	0.00e+00	0.00e+00	0.00e+00	0.00e+00	0.00e+00	8.76e-01	6.39e-02	4.42e-02
 1.86275e+16	9.85e-01	1.53e-02	1.40e-07	0.00e+00	0.00e+00	0.00e+00	0.00e+00	0.00e+00	0.00e+00	8.77e-01	6.38e-02	4.41e-02
 1.86322e+16	9.85e-01	1.51e-02	1.36e-07	0.00e+00	0.00e+00	0.00e+00	0.00e+00	0.00e+00	0.00e+00	8.77e-01	6.36e-02	4.40e-02
 1.86366e+16	9.85e-01	1.48e-02	1.32e-07	0.00e+00	0.00e+00	0.00e+00	0.00e+00	0.00e+00	0.00e+00	8.78e-01	6.35e-02	4.39e-02
 1.86409e+16	9.85e-01	1.46e-02	1.28e-07	0.00e+00	0.00e+00	0.00e+00	0.00e+00	0.00e+00	0.00e+00	8.78e-01	6.34e-02	4.38e-02
 1.86450e+16	9.86e-01	1.44e-02	1.25e-07	0.00e+00	0.00e+00	0.00e+00	0.00e+00	0.00e+00	0.00e+00	8.79e-01	6.32e-02	4.36e-02
 1.86489e+16	9.86e-01	1.42e-02	1.22e-07	0.00e+00	0.00e+00	0.00e+00	0.00e+00	0.00e+00	0.00e+00	8.79e-01	6.31e-02	4.35e-02
 1.86528e+16	9.86e-01	1.40e-02	1.19e-07	0.00e+00	0.00e+00	0.00e+00	0.00e+00	0.00e+00	0.00e+00	8.80e-01	6.30e-02	4.34e-02
 1.86566e+16	9.86e-01	1.38e-02	1.16e-07	0.00e+00	0.00e+00	0.00e+00	0.00e+00	0.00e+00	0.00e+00	8.80e-01	6.29e-02	4.33e-02
 1.86603e+16	9.86e-01	1.36e-02	1.13e-07	0.00e+00	0.00e+00	0.00e+00	0.00e+00	0.00e+00	0.00e+00	8.80e-01	6.27e-02	4.32e-02
 1.86639e+16	9.87e-01	1.34e-02	1.10e-07	0.00e+00	0.00e+00	0.00e+00	0.00e+00	0.00e+00	0.00e+00	8.81e-01	6.26e-02	4.31e-02
 1.86676e+16	9.87e-01	1.31e-02	1.08e-07	0.00e+00	0.00e+00	0.00e+00	0.00e+00	0.00e+00	0.00e+00	8.81e-01	6.24e-02	4.30e-02
 1.86713e+16	9.87e-01	1.29e-02	1.05e-07	0.00e+00	0.00e+00	0.00e+00	0.00e+00	0.00e+00	0.00e+00	8.82e-01	6.23e-02	4.29e-02
 1.86751e+16	9.87e-01	1.27e-02	1.02e-07	0.00e+00	0.00e+00	0.00e+00	0.00e+00	0.00e+00	0.00e+00	8.82e-01	6.21e-02	4.28e-02
 1.86791e+16	9.88e-01	1.25e-02	9.93e-08	0.00e+00	0.00e+00	0.00e+00	0.00e+00	0.00e+00	0.00e+00	8.83e-01	6.19e-02	4.26e-02
 1.86834e+16	9.88e-01	1.22e-02	9.63e-08	0.00e+00	0.00e+00	0.00e+00	0.00e+00	0.00e+00	0.00e+00	8.84e-01	6.17e-02	4.25e-02
 1.86879e+16	9.88e-01	1.19e-02	9.32e-08	0.00e+00	0.00e+00	0.00e+00	0.00e+00	0.00e+00	0.00e+00	8.84e-01	6.15e-02	4.23e-02
 1.86924e+16	9.88e-01	1.16e-02	9.01e-08	0.00e+00	0.00e+00	0.00e+00	0.00e+00	0.00e+00	0.00e+00	8.85e-01	6.13e-02	4.21e-02
 1.86965e+16	9.89e-01	1.13e-02	8.74e-08	0.00e+00	0.00e+00	0.00e+00	0.00e+00	0.00e+00	0.00e+00	8.86e-01	6.11e-02	4.19e-02
 1.87002e+16	9.89e-01	1.11e-02	8.49e-08	0.00e+00	0.00e+00	0.00e+00	0.00e+00	0.00e+00	0.00e+00	8.86e-01	6.08e-02	4.17e-02
 1.87036e+16	9.89e-01	1.09e-02	8.27e-08	0.00e+00	0.00e+00	0.00e+00	0.00e+00	0.00e+00	0.00e+00	8.87e-01	6.06e-02	4.15e-02
 1.87068e+16	9.89e-01	1.07e-02	8.06e-08	0.00e+00	0.00e+00	0.00e+00	0.00e+00	0.00e+00	0.00e+00	8.88e-01	6.04e-02	4.14e-02
 1.87096e+16	9.90e-01	1.05e-02	7.88e-08	0.00e+00	0.00e+00	0.00e+00	0.00e+00	0.00e+00	0.00e+00	8.88e-01	6.03e-02	4.12e-02
 1.87122e+16	9.90e-01	1.03e-02	7.72e-08	0.00e+00	0.00e+00	0.00e+00	0.00e+00	0.00e+00	0.00e+00	8.89e-01	6.01e-02	4.11e-02
 1.87146e+16	9.90e-01	1.01e-02	7.56e-08	0.00e+00	0.00e+00	0.00e+00	0.00e+00	0.00e+00	0.00e+00	8.89e-01	5.99e-02	4.09e-02
 1.87167e+16	9.90e-01	9.99e-03	7.42e-08	0.00e+00	0.00e+00	0.00e+00	0.00e+00	0.00e+00	0.00e+00	8.89e-01	5.98e-02	4.08e-02
 1.87187e+16	9.90e-01	9.87e-03	7.30e-08	0.00e+00	0.00e+00	0.00e+00	0.00e+00	0.00e+00	0.00e+00	8.90e-01	5.96e-02	4.07e-02
 1.87208e+16	9.90e-01	9.73e-03	7.16e-08	0.00e+00	0.00e+00	0.00e+00	0.00e+00	0.00e+00	0.00e+00	8.90e-01	5.95e-02	4.06e-02
 1.87231e+16	9.90e-01	9.58e-03	7.02e-08	0.00e+00	0.00e+00	0.00e+00	0.00e+00	0.00e+00	0.00e+00	8.91e-01	5.93e-02	4.04e-02
 1.87252e+16	9.91e-01	9.45e-03	6.89e-08	0.00e+00	0.00e+00	0.00e+00	0.00e+00	0.00e+00	0.00e+00	8.91e-01	5.91e-02	4.03e-02
 1.87271e+16	9.91e-01	9.33e-03	6.77e-08	0.00e+00	0.00e+00	0.00e+00	0.00e+00	0.00e+00	0.00e+00	8.92e-01	5.89e-02	4.02e-02
 1.87292e+16	9.91e-01	9.19e-03	6.63e-08	0.00e+00	0.00e+00	0.00e+00	0.00e+00	0.00e+00	0.00e+00	8.92e-01	5.87e-02	4.00e-02
 1.87315e+16	9.91e-01	9.05e-03	6.49e-08	0.00e+00	0.00e+00	0.00e+00	0.00e+00	0.00e+00	0.00e+00	8.93e-01	5.85e-02	3.99e-02
 1.87335e+16	9.91e-01	8.92e-03	6.37e-08	0.00e+00	0.00e+00	0.00e+00	0.00e+00	0.00e+00	0.00e+00	8.93e-01	5.83e-02	3.98e-02
 1.87354e+16	9.91e-01	8.81e-03	6.26e-08	0.00e+00	0.00e+00	0.00e+00	0.00e+00	0.00e+00	0.00e+00	8.93e-01	5.82e-02	3.96e-02
 1.87375e+16	9.91e-01	8.68e-03	6.13e-08	0.00e+00	0.00e+00	0.00e+00	0.00e+00	0.00e+00	0.00e+00	8.94e-01	5.80e-02	3.95e-02
 1.87397e+16	9.91e-01	8.55e-03	5.99e-08	0.00e+00	0.00e+00	0.00e+00	0.00e+00	0.00e+00	0.00e+00	8.94e-01	5.78e-02	3.93e-02
 1.87417e+16	9.92e-01	8.44e-03	5.88e-08	0.00e+00	0.00e+00	0.00e+00	0.00e+00	0.00e+00	0.00e+00	8.95e-01	5.76e-02	3.92e-02
 1.87439e+16	9.92e-01	8.33e-03	5.76e-08	0.00e+00	0.00e+00	0.00e+00	0.00e+00	0.00e+00	0.00e+00	8.95e-01	5.75e-02	3.91e-02
 1.87468e+16	9.92e-01	8.19e-03	5.60e-08	0.00e+00	0.00e+00	0.00e+00	0.00e+00	0.00e+00	0.00e+00	8.96e-01	5.73e-02	3.89e-02
 1.87499e+16	9.92e-01	8.04e-03	5.44e-08	0.00e+00	0.00e+00	0.00e+00	0.00e+00	0.00e+00	0.00e+00	8.96e-01	5.71e-02	3.88e-02
 1.87527e+16	9.92e-01	7.90e-03	5.29e-08	0.00e+00	0.00e+00	0.00e+00	0.00e+00	0.00e+00	0.00e+00	8.97e-01	5.69e-02	3.86e-02
 1.87553e+16	9.92e-01	7.78e-03	5.16e-08	0.00e+00	0.00e+00	0.00e+00	0.00e+00	0.00e+00	0.00e+00	8.97e-01	5.67e-02	3.85e-02
 1.87576e+16	9.92e-01	7.67e-03	5.04e-08	0.00e+00	0.00e+00	0.00e+00	0.00e+00	0.00e+00	0.00e+00	8.97e-01	5.65e-02	3.83e-02
 1.87602e+16	9.92e-01	7.55e-03	4.91e-08	0.00e+00	0.00e+00	0.00e+00	0.00e+00	0.00e+00	0.00e+00	8.98e-01	5.63e-02	3.82e-02
 1.87630e+16	9.93e-01	7.42e-03	4.77e-08	0.00e+00	0.00e+00	0.00e+00	0.00e+00	0.00e+00	0.00e+00	8.98e-01	5.61e-02	3.80e-02
 1.87655e+16	9.93e-01	7.30e-03	4.65e-08	0.00e+00	0.00e+00	0.00e+00	0.00e+00	0.00e+00	0.00e+00	8.99e-01	5.59e-02	3.79e-02
 1.87678e+16	9.93e-01	7.17e-03	4.52e-08	0.00e+00	0.00e+00	0.00e+00	0.00e+00	0.00e+00	0.00e+00	8.99e-01	5.58e-02	3.77e-02
