#depth	H	H+	H2
 3.89982e+11	1.22e-03	9.99e-01	1.75e-12
 2.33989e+12	1.22e-03	9.99e-01	1.75e-12
 1.01395e+13	1.22e-03	9.99e-01	1.76e-12
 4.13381e+13	1.23e-03	9.99e-01	1.79e-12
 9.87434e+13	1.22e-03	9.99e-01	1.82e-12
 1.73370e+14	1.22e-03	9.99e-01	1.88e-12
 2.70385e+14	1.23e-03	9.99e-01	1.98e-12
 3.96505e+14	1.25e-03	9.99e-01	2.12e-12
 5.60460e+14	1.28e-03	9.99e-01	2.32e-12
 7.73602e+14	1.34e-03	9.99e-01	2.65e-12
 1.05069e+15	1.43e-03	9.99e-01	3.15e-12
 1.41090e+15	1.57e-03	9.98e-01	3.99e-12
 1.80850e+15	1.73e-03	9.98e-01	5.11e-12
 2.18478e+15	1.91e-03	9.98e-01	6.46e-12
 2.60400e+15	2.17e-03	9.98e-01	8.44e-12
 3.04299e+15	2.44e-03	9.98e-01	1.10e-11
 3.43132e+15	2.71e-03	9.97e-01	1.37e-11
 3.85980e+15	3.06e-03	9.97e-01	1.74e-11
 4.22595e+15	3.33e-03	9.97e-01	2.09e-11
 4.44034e+15	3.52e-03	9.96e-01	2.33e-11
 4.64833e+15	3.72e-03	9.96e-01	2.58e-11
 4.91871e+15	4.00e-03	9.96e-01	2.92e-11
 5.20571e+15	4.28e-03	9.96e-01	3.31e-11
 5.45810e+15	4.55e-03	9.95e-01	3.69e-11
 5.73002e+15	4.86e-03	9.95e-01	4.10e-11
 6.02161e+15	5.20e-03	9.95e-01	4.58e-11
 6.28058e+15	5.51e-03	9.94e-01	5.04e-11
 6.55905e+15	5.88e-03	9.94e-01	5.51e-11
 6.85869e+15	6.27e-03	9.94e-01	6.07e-11
 7.12549e+15	6.65e-03	9.93e-01	6.60e-11
 7.41199e+15	7.07e-03	9.93e-01	7.13e-11
 7.72061e+15	7.55e-03	9.92e-01	7.77e-11
 7.99293e+15	8.00e-03	9.92e-01	8.37e-11
 8.24137e+15	8.42e-03	9.92e-01	8.89e-11
 8.52381e+15	8.95e-03	9.91e-01	9.42e-11
 8.82721e+15	9.55e-03	9.90e-01	1.01e-10
 9.09233e+15	1.01e-02	9.90e-01	1.08e-10
 9.33132e+15	1.07e-02	9.89e-01	1.14e-10
 9.60188e+15	1.13e-02	9.89e-01	1.20e-10
 9.89480e+15	1.21e-02	9.88e-01	1.28e-10
 1.01532e+16	1.28e-02	9.87e-01	1.36e-10
 1.03853e+16	1.36e-02	9.86e-01	1.43e-10
 1.06469e+16	1.45e-02	9.86e-01	1.49e-10
 1.09312e+16	1.56e-02	9.84e-01	1.59e-10
 1.11821e+16	1.66e-02	9.83e-01	1.69e-10
 1.14057e+16	1.77e-02	9.82e-01	1.78e-10
 1.16567e+16	1.90e-02	9.81e-01	1.85e-10
 1.19346e+16	2.07e-02	9.79e-01	1.97e-10
 1.21866e+16	2.25e-02	9.77e-01	2.11e-10
 1.24114e+16	2.43e-02	9.76e-01	2.24e-10
 1.26618e+16	2.66e-02	9.73e-01	2.35e-10
 1.29372e+16	2.97e-02	9.70e-01	2.52e-10
 1.31802e+16	3.31e-02	9.67e-01	2.73e-10
 1.33862e+16	3.64e-02	9.64e-01	2.92e-10
 1.36092e+16	4.05e-02	9.59e-01	3.08e-10
 1.38572e+16	4.62e-02	9.54e-01	3.32e-10
 1.40789e+16	5.28e-02	9.47e-01	3.63e-10
 1.42665e+16	5.95e-02	9.40e-01	3.92e-10
 1.44682e+16	6.79e-02	9.32e-01	4.15e-10
 1.46851e+16	7.96e-02	9.20e-01	4.55e-10
 1.48655e+16	9.22e-02	9.08e-01	5.02e-10
 1.50055e+16	1.04e-01	8.96e-01	5.43e-10
 1.51284e+16	1.16e-01	8.84e-01	5.79e-10
 1.52672e+16	1.31e-01	8.69e-01	6.14e-10
 1.54124e+16	1.51e-01	8.49e-01	6.72e-10
 1.55283e+16	1.70e-01	8.30e-01	7.33e-10
 1.56194e+16	1.87e-01	8.13e-01	7.84e-10
 1.57155e+16	2.06e-01	7.94e-01	8.30e-10
 1.58204e+16	2.30e-01	7.70e-01	9.01e-10
 1.59110e+16	2.54e-01	7.46e-01	9.73e-10
 1.59872e+16	2.75e-01	7.25e-01	1.04e-09
 1.60702e+16	3.00e-01	7.00e-01	1.11e-09
 1.61586e+16	3.30e-01	6.70e-01	1.20e-09
 1.62336e+16	3.57e-01	6.43e-01	1.30e-09
 1.62979e+16	3.81e-01	6.19e-01	1.38e-09
 1.63634e+16	4.07e-01	5.93e-01	1.47e-09
 1.64339e+16	4.35e-01	5.65e-01	1.58e-09
 1.65009e+16	4.64e-01	5.36e-01	1.69e-09
 1.65587e+16	4.88e-01	5.12e-01	1.80e-09
 1.66099e+16	5.10e-01	4.90e-01	1.90e-09
 1.66602e+16	5.31e-01	4.69e-01	1.99e-09
 1.67013e+16	5.49e-01	4.51e-01	2.09e-09
 1.67283e+16	5.60e-01	4.40e-01	2.14e-09
 1.67533e+16	5.70e-01	4.30e-01	2.20e-09
 1.67831e+16	5.82e-01	4.18e-01	2.25e-09
 1.68164e+16	5.96e-01	4.04e-01	2.33e-09
 1.68486e+16	6.09e-01	3.91e-01	2.41e-09
 1.68776e+16	6.21e-01	3.79e-01	2.47e-09
 1.69060e+16	6.33e-01	3.67e-01	2.54e-09
 1.69356e+16	6.44e-01	3.56e-01	2.61e-09
 1.69660e+16	6.57e-01	3.43e-01	2.69e-09
 1.69958e+16	6.68e-01	3.32e-01	2.76e-09
 1.70249e+16	6.79e-01	3.21e-01	2.84e-09
 1.70543e+16	6.90e-01	3.10e-01	2.92e-09
 1.70835e+16	7.01e-01	2.99e-01	3.00e-09
 1.71126e+16	7.12e-01	2.88e-01	3.08e-09
 1.71418e+16	7.22e-01	2.78e-01	3.16e-09
 1.71711e+16	7.32e-01	2.68e-01	3.24e-09
 1.72003e+16	7.42e-01	2.58e-01	3.33e-09
 1.72294e+16	7.52e-01	2.48e-01	3.42e-09
 1.72583e+16	7.61e-01	2.39e-01	3.50e-09
 1.72873e+16	7.71e-01	2.29e-01	3.60e-09
 1.73163e+16	7.80e-01	2.20e-01	3.69e-09
 1.73452e+16	7.88e-01	2.12e-01	3.80e-09
 1.73741e+16	7.97e-01	2.03e-01	3.88e-09
 1.74030e+16	8.05e-01	1.95e-01	3.99e-09
 1.74323e+16	8.13e-01	1.87e-01	4.10e-09
 1.74608e+16	8.21e-01	1.79e-01	4.21e-09
 1.74889e+16	8.28e-01	1.72e-01	4.31e-09
 1.75175e+16	8.35e-01	1.65e-01	4.44e-09
 1.75461e+16	8.42e-01	1.58e-01	4.54e-09
 1.75739e+16	8.49e-01	1.51e-01	4.67e-09
 1.76012e+16	8.55e-01	1.45e-01	4.80e-09
 1.76288e+16	8.61e-01	1.39e-01	4.93e-09
 1.76565e+16	8.67e-01	1.33e-01	5.07e-09
 1.76835e+16	8.72e-01	1.28e-01	5.21e-09
 1.77098e+16	8.77e-01	1.23e-01	5.35e-09
 1.77360e+16	8.82e-01	1.18e-01	5.49e-09
 1.77622e+16	8.87e-01	1.13e-01	5.65e-09
 1.77881e+16	8.92e-01	1.08e-01	5.83e-09
 1.78136e+16	8.96e-01	1.04e-01	5.98e-09
 1.78387e+16	9.01e-01	9.95e-02	6.17e-09
 1.78634e+16	9.05e-01	9.55e-02	6.37e-09
 1.78882e+16	9.08e-01	9.16e-02	6.56e-09
 1.79129e+16	9.12e-01	8.79e-02	6.77e-09
 1.79372e+16	9.16e-01	8.43e-02	6.99e-09
 1.79611e+16	9.19e-01	8.10e-02	7.22e-09
 1.79848e+16	9.22e-01	7.78e-02	7.47e-09
 1.80084e+16	9.25e-01	7.47e-02	7.74e-09
 1.80316e+16	9.28e-01	7.17e-02	8.03e-09
 1.80547e+16	9.31e-01	6.89e-02	8.33e-09
 1.80779e+16	9.34e-01	6.61e-02	8.66e-09
 1.81007e+16	9.37e-01	6.35e-02	9.00e-09
 1.81232e+16	9.39e-01	6.10e-02	9.37e-09
 1.81455e+16	9.41e-01	5.86e-02	9.80e-09
 1.81676e+16	9.44e-01	5.63e-02	1.03e-08
 1.81895e+16	9.46e-01	5.41e-02	1.07e-08
 1.82116e+16	9.48e-01	5.20e-02	1.13e-08
 1.82333e+16	9.50e-01	4.99e-02	1.19e-08
 1.82547e+16	9.52e-01	4.80e-02	1.26e-08
 1.82759e+16	9.54e-01	4.61e-02	1.33e-08
 1.82968e+16	9.56e-01	4.44e-02	1.40e-08
 1.83178e+16	9.57e-01	4.26e-02	1.50e-08
 1.83389e+16	9.59e-01	4.09e-02	1.61e-08
 1.83598e+16	9.61e-01	3.93e-02	1.73e-08
 1.83801e+16	9.62e-01	3.77e-02	1.87e-08
 1.84002e+16	9.64e-01	3.63e-02	2.02e-08
 1.84203e+16	9.65e-01	3.49e-02	2.21e-08
 1.84404e+16	9.67e-01	3.35e-02	2.44e-08
 1.84601e+16	9.68e-01	3.22e-02	2.70e-08
 1.84796e+16	9.69e-01	3.09e-02	3.03e-08
 1.84984e+16	9.70e-01	2.98e-02	3.41e-08
 1.85156e+16	9.71e-01	2.87e-02	3.84e-08
 1.85309e+16	9.72e-01	2.78e-02	4.31e-08
 1.85448e+16	9.73e-01	2.71e-02	4.81e-08
 1.85579e+16	9.74e-01	2.64e-02	5.43e-08
 1.85698e+16	9.74e-01	2.57e-02	6.07e-08
 1.85807e+16	9.75e-01	2.52e-02	6.81e-08
 1.85909e+16	9.75e-01	2.46e-02	7.63e-08
 1.86004e+16	9.76e-01	2.41e-02	8.54e-08
 1.86091e+16	9.76e-01	2.37e-02	9.57e-08
 1.86173e+16	9.77e-01	2.32e-02	1.07e-07
 1.86250e+16	9.77e-01	2.28e-02	1.20e-07
 1.86321e+16	9.78e-01	2.25e-02	1.34e-07
 1.86389e+16	9.78e-01	2.21e-02	1.50e-07
 1.86452e+16	9.78e-01	2.18e-02	1.68e-07
 1.86512e+16	9.79e-01	2.15e-02	1.88e-07
 1.86568e+16	9.79e-01	2.12e-02	2.10e-07
 1.86621e+16	9.79e-01	2.09e-02	2.35e-07
 1.86671e+16	9.79e-01	2.06e-02	2.62e-07
 1.86719e+16	9.80e-01	2.04e-02	2.93e-07
 1.86765e+16	9.80e-01	2.01e-02	3.27e-07
 1.86809e+16	9.80e-01	1.99e-02	3.65e-07
 1.86851e+16	9.80e-01	1.97e-02	4.07e-07
 1.86891e+16	9.81e-01	1.94e-02	4.54e-07
 1.86931e+16	9.81e-01	1.92e-02	5.06e-07
 1.86969e+16	9.81e-01	1.90e-02	5.64e-07
 1.87006e+16	9.81e-01	1.88e-02	6.30e-07
 1.87042e+16	9.81e-01	1.86e-02	6.96e-07
 1.87078e+16	9.82e-01	1.83e-02	7.76e-07
 1.87114e+16	9.82e-01	1.81e-02	8.63e-07
 1.87150e+16	9.82e-01	1.79e-02	9.55e-07
 1.87186e+16	9.82e-01	1.77e-02	1.06e-06
 1.87223e+16	9.83e-01	1.75e-02	1.17e-06
 1.87262e+16	9.83e-01	1.72e-02	1.29e-06
 1.87303e+16	9.83e-01	1.69e-02	1.42e-06
 1.87348e+16	9.83e-01	1.66e-02	1.55e-06
 1.87396e+16	9.84e-01	1.63e-02	1.68e-06
 1.87441e+16	9.84e-01	1.60e-02	1.79e-06
 1.87482e+16	9.84e-01	1.57e-02	1.87e-06
 1.87520e+16	9.85e-01	1.54e-02	1.93e-06
 1.87554e+16	9.85e-01	1.52e-02	1.97e-06
 1.87585e+16	9.85e-01	1.49e-02	2.00e-06
 1.87613e+16	9.85e-01	1.47e-02	2.03e-06
 1.87639e+16	9.85e-01	1.45e-02	2.05e-06
 1.87662e+16	9.86e-01	1.44e-02	2.07e-06
 1.87688e+16	9.86e-01	1.42e-02	2.09e-06
 1.87716e+16	9.86e-01	1.40e-02	2.11e-06
 1.87741e+16	9.86e-01	1.39e-02	2.13e-06
 1.87764e+16	9.86e-01	1.37e-02	2.15e-06
 1.87785e+16	9.86e-01	1.36e-02	2.16e-06
 1.87808e+16	9.87e-01	1.34e-02	2.18e-06
 1.87832e+16	9.87e-01	1.32e-02	2.20e-06
 1.87855e+16	9.87e-01	1.31e-02	2.22e-06
 1.87875e+16	9.87e-01	1.30e-02	2.24e-06
 1.87897e+16	9.87e-01	1.28e-02	2.26e-06
 1.87922e+16	9.87e-01	1.27e-02	2.27e-06
 1.87948e+16	9.87e-01	1.26e-02	2.29e-06
 1.87983e+16	9.88e-01	1.24e-02	2.32e-06
 1.88020e+16	9.88e-01	1.22e-02	2.35e-06
 1.88054e+16	9.88e-01	1.20e-02	2.38e-06
 1.88084e+16	9.88e-01	1.18e-02	2.40e-06
 1.88112e+16	9.88e-01	1.17e-02	2.43e-06
 1.88143e+16	9.88e-01	1.15e-02	2.46e-06
 1.88176e+16	9.89e-01	1.14e-02	2.49e-06
 1.88207e+16	9.89e-01	1.12e-02	2.52e-06
 1.88234e+16	9.89e-01	1.11e-02	2.55e-06
 1.88264e+16	9.89e-01	1.10e-02	2.58e-06
 1.88297e+16	9.89e-01	1.08e-02	2.61e-06
 1.88326e+16	9.89e-01	1.06e-02	2.65e-06
 1.88353e+16	9.89e-01	1.05e-02	2.69e-06
 1.88377e+16	9.90e-01	1.04e-02	2.72e-06
 1.88404e+16	9.90e-01	1.02e-02	2.76e-06
 1.88433e+16	9.90e-01	1.01e-02	2.81e-06
 1.88460e+16	9.90e-01	9.92e-03	2.85e-06
