#depth	He	He+	He+2
 3.89982e+11	7.58e-04	8.33e-01	1.66e-01
 2.33989e+12	7.57e-04	8.33e-01	1.66e-01
 1.01395e+13	7.60e-04	8.35e-01	1.65e-01
 4.13381e+13	7.70e-04	8.40e-01	1.59e-01
 9.87434e+13	7.81e-04	8.46e-01	1.54e-01
 1.73370e+14	7.99e-04	8.55e-01	1.44e-01
 2.70385e+14	8.27e-04	8.70e-01	1.29e-01
 3.96505e+14	8.64e-04	8.89e-01	1.10e-01
 5.60460e+14	9.13e-04	9.12e-01	8.71e-02
 7.73602e+14	9.76e-04	9.37e-01	6.24e-02
 1.05069e+15	1.06e-03	9.60e-01	3.91e-02
 1.41090e+15	1.16e-03	9.78e-01	2.07e-02
 1.80850e+15	1.27e-03	9.89e-01	1.01e-02
 2.18478e+15	1.38e-03	9.94e-01	5.07e-03
 2.60400e+15	1.53e-03	9.96e-01	2.38e-03
 3.04299e+15	1.68e-03	9.97e-01	1.09e-03
 3.43132e+15	1.83e-03	9.98e-01	5.55e-04
 3.85980e+15	2.02e-03	9.98e-01	2.68e-04
 4.22595e+15	2.18e-03	9.98e-01	1.49e-04
 4.44034e+15	2.28e-03	9.98e-01	1.06e-04
 4.64833e+15	2.39e-03	9.98e-01	7.58e-05
 4.91871e+15	2.55e-03	9.97e-01	4.96e-05
 5.20571e+15	2.71e-03	9.97e-01	3.23e-05
 5.45810e+15	2.86e-03	9.97e-01	2.24e-05
 5.73002e+15	3.04e-03	9.97e-01	1.51e-05
 6.02161e+15	3.24e-03	9.97e-01	1.02e-05
 6.28058e+15	3.42e-03	9.97e-01	7.23e-06
 6.55905e+15	3.64e-03	9.96e-01	5.02e-06
 6.85869e+15	3.88e-03	9.96e-01	3.48e-06
 7.12549e+15	4.11e-03	9.96e-01	2.54e-06
 7.41199e+15	4.38e-03	9.96e-01	1.82e-06
 7.72061e+15	4.67e-03	9.95e-01	1.31e-06
 7.99293e+15	4.95e-03	9.95e-01	9.88e-07
 8.24137e+15	5.22e-03	9.95e-01	7.72e-07
 8.52381e+15	5.55e-03	9.94e-01	5.85e-07
 8.82721e+15	5.93e-03	9.94e-01	4.45e-07
 9.09233e+15	6.28e-03	9.94e-01	3.55e-07
 9.33132e+15	6.62e-03	9.93e-01	2.91e-07
 9.60188e+15	7.03e-03	9.93e-01	2.33e-07
 9.89480e+15	7.50e-03	9.92e-01	1.87e-07
 1.01532e+16	7.95e-03	9.92e-01	1.56e-07
 1.03853e+16	8.39e-03	9.92e-01	1.33e-07
 1.06469e+16	8.91e-03	9.91e-01	1.11e-07
 1.09312e+16	9.54e-03	9.90e-01	9.31e-08
 1.11821e+16	1.01e-02	9.90e-01	8.03e-08
 1.14057e+16	1.07e-02	9.89e-01	7.06e-08
 1.16567e+16	1.14e-02	9.89e-01	6.12e-08
 1.19346e+16	1.23e-02	9.88e-01	5.29e-08
 1.21866e+16	1.31e-02	9.87e-01	4.67e-08
 1.24114e+16	1.40e-02	9.86e-01	4.20e-08
 1.26618e+16	1.51e-02	9.85e-01	3.72e-08
 1.29372e+16	1.64e-02	9.84e-01	3.30e-08
 1.31802e+16	1.77e-02	9.82e-01	2.99e-08
 1.33862e+16	1.90e-02	9.81e-01	2.76e-08
 1.36092e+16	2.06e-02	9.79e-01	2.53e-08
 1.38572e+16	2.25e-02	9.77e-01	2.31e-08
 1.40789e+16	2.46e-02	9.75e-01	2.15e-08
 1.42665e+16	2.67e-02	9.73e-01	2.02e-08
 1.44682e+16	2.93e-02	9.71e-01	1.89e-08
 1.46851e+16	3.26e-02	9.67e-01	1.78e-08
 1.48655e+16	3.60e-02	9.64e-01	1.70e-08
 1.50055e+16	3.91e-02	9.61e-01	1.64e-08
 1.51284e+16	4.22e-02	9.58e-01	1.59e-08
 1.52672e+16	4.63e-02	9.54e-01	1.54e-08
 1.54124e+16	5.13e-02	9.49e-01	1.50e-08
 1.55283e+16	5.61e-02	9.44e-01	1.46e-08
 1.56194e+16	6.06e-02	9.39e-01	1.44e-08
 1.57155e+16	6.59e-02	9.34e-01	1.42e-08
 1.58204e+16	7.25e-02	9.27e-01	1.40e-08
 1.59110e+16	7.90e-02	9.21e-01	1.39e-08
 1.59872e+16	8.54e-02	9.15e-01	1.38e-08
 1.60702e+16	9.33e-02	9.07e-01	1.37e-08
 1.61586e+16	1.03e-01	8.97e-01	1.37e-08
 1.62336e+16	1.12e-01	8.88e-01	1.37e-08
 1.62979e+16	1.21e-01	8.79e-01	1.38e-08
 1.63634e+16	1.30e-01	8.70e-01	1.38e-08
 1.64339e+16	1.42e-01	8.58e-01	1.39e-08
 1.65009e+16	1.54e-01	8.46e-01	1.40e-08
 1.65587e+16	1.66e-01	8.34e-01	1.42e-08
 1.66099e+16	1.77e-01	8.23e-01	1.43e-08
 1.66602e+16	1.89e-01	8.11e-01	1.44e-08
 1.67013e+16	1.99e-01	8.01e-01	1.46e-08
 1.67283e+16	2.06e-01	7.94e-01	1.47e-08
 1.67533e+16	2.13e-01	7.87e-01	1.47e-08
 1.67831e+16	2.21e-01	7.79e-01	1.48e-08
 1.68164e+16	2.31e-01	7.69e-01	1.49e-08
 1.68486e+16	2.41e-01	7.59e-01	1.50e-08
 1.68776e+16	2.50e-01	7.50e-01	1.51e-08
 1.69060e+16	2.59e-01	7.41e-01	1.52e-08
 1.69356e+16	2.69e-01	7.31e-01	1.54e-08
 1.69660e+16	2.79e-01	7.21e-01	1.55e-08
 1.69958e+16	2.89e-01	7.11e-01	1.56e-08
 1.70249e+16	3.00e-01	7.00e-01	1.58e-08
 1.70543e+16	3.11e-01	6.89e-01	1.59e-08
 1.70835e+16	3.22e-01	6.78e-01	1.60e-08
 1.71126e+16	3.34e-01	6.66e-01	1.62e-08
 1.71418e+16	3.46e-01	6.54e-01	1.63e-08
 1.71711e+16	3.58e-01	6.42e-01	1.65e-08
 1.72003e+16	3.70e-01	6.30e-01	1.66e-08
 1.72294e+16	3.82e-01	6.18e-01	1.67e-08
 1.72583e+16	3.95e-01	6.05e-01	1.69e-08
 1.72873e+16	4.08e-01	5.92e-01	1.70e-08
 1.73163e+16	4.21e-01	5.79e-01	1.72e-08
 1.73452e+16	4.35e-01	5.65e-01	1.73e-08
 1.73741e+16	4.47e-01	5.53e-01	1.75e-08
 1.74030e+16	4.61e-01	5.39e-01	1.76e-08
 1.74323e+16	4.75e-01	5.25e-01	1.77e-08
 1.74608e+16	4.89e-01	5.11e-01	1.78e-08
 1.74889e+16	5.02e-01	4.98e-01	1.79e-08
 1.75175e+16	5.17e-01	4.83e-01	1.80e-08
 1.75461e+16	5.30e-01	4.70e-01	1.82e-08
 1.75739e+16	5.44e-01	4.56e-01	1.83e-08
 1.76012e+16	5.57e-01	4.43e-01	1.83e-08
 1.76288e+16	5.71e-01	4.29e-01	1.84e-08
 1.76565e+16	5.84e-01	4.16e-01	1.85e-08
 1.76835e+16	5.98e-01	4.02e-01	1.85e-08
 1.77098e+16	6.10e-01	3.90e-01	1.86e-08
 1.77360e+16	6.23e-01	3.77e-01	1.86e-08
 1.77622e+16	6.36e-01	3.64e-01	1.87e-08
 1.77881e+16	6.48e-01	3.52e-01	1.87e-08
 1.78136e+16	6.60e-01	3.40e-01	1.87e-08
 1.78387e+16	6.71e-01	3.29e-01	1.87e-08
 1.78634e+16	6.83e-01	3.17e-01	1.87e-08
 1.78882e+16	6.94e-01	3.06e-01	1.87e-08
 1.79129e+16	7.05e-01	2.95e-01	1.87e-08
 1.79372e+16	7.16e-01	2.84e-01	1.87e-08
 1.79611e+16	7.26e-01	2.74e-01	1.86e-08
 1.79848e+16	7.36e-01	2.64e-01	1.86e-08
 1.80084e+16	7.46e-01	2.54e-01	1.86e-08
 1.80316e+16	7.55e-01	2.45e-01	1.85e-08
 1.80547e+16	7.64e-01	2.36e-01	1.84e-08
 1.80779e+16	7.73e-01	2.27e-01	1.84e-08
 1.81007e+16	7.82e-01	2.18e-01	1.83e-08
 1.81232e+16	7.90e-01	2.10e-01	1.82e-08
 1.81455e+16	7.98e-01	2.02e-01	1.81e-08
 1.81676e+16	8.06e-01	1.94e-01	1.80e-08
 1.81895e+16	8.14e-01	1.86e-01	1.79e-08
 1.82116e+16	8.21e-01	1.79e-01	1.78e-08
 1.82333e+16	8.28e-01	1.72e-01	1.77e-08
 1.82547e+16	8.35e-01	1.65e-01	1.76e-08
 1.82759e+16	8.41e-01	1.59e-01	1.75e-08
 1.82968e+16	8.47e-01	1.53e-01	1.73e-08
 1.83178e+16	8.54e-01	1.46e-01	1.71e-08
 1.83389e+16	8.59e-01	1.41e-01	1.70e-08
 1.83598e+16	8.65e-01	1.35e-01	1.68e-08
 1.83801e+16	8.70e-01	1.30e-01	1.67e-08
 1.84002e+16	8.76e-01	1.24e-01	1.65e-08
 1.84203e+16	8.81e-01	1.19e-01	1.63e-08
 1.84404e+16	8.85e-01	1.15e-01	1.61e-08
 1.84601e+16	8.90e-01	1.10e-01	1.59e-08
 1.84796e+16	8.95e-01	1.05e-01	1.57e-08
 1.84984e+16	8.99e-01	1.01e-01	1.55e-08
 1.85156e+16	9.02e-01	9.76e-02	1.53e-08
 1.85309e+16	9.06e-01	9.44e-02	1.51e-08
 1.85448e+16	9.08e-01	9.16e-02	1.50e-08
 1.85579e+16	9.11e-01	8.89e-02	1.48e-08
 1.85698e+16	9.13e-01	8.66e-02	1.46e-08
 1.85807e+16	9.16e-01	8.44e-02	1.44e-08
 1.85909e+16	9.18e-01	8.25e-02	1.42e-08
 1.86004e+16	9.19e-01	8.07e-02	1.41e-08
 1.86091e+16	9.21e-01	7.90e-02	1.39e-08
 1.86173e+16	9.22e-01	7.75e-02	1.38e-08
 1.86250e+16	9.24e-01	7.61e-02	1.36e-08
 1.86321e+16	9.25e-01	7.48e-02	1.35e-08
 1.86389e+16	9.26e-01	7.36e-02	1.34e-08
 1.86452e+16	9.28e-01	7.25e-02	1.33e-08
 1.86512e+16	9.29e-01	7.14e-02	1.31e-08
 1.86568e+16	9.30e-01	7.05e-02	1.30e-08
 1.86621e+16	9.30e-01	6.95e-02	1.29e-08
 1.86671e+16	9.31e-01	6.87e-02	1.28e-08
 1.86719e+16	9.32e-01	6.78e-02	1.27e-08
 1.86765e+16	9.33e-01	6.71e-02	1.26e-08
 1.86809e+16	9.34e-01	6.63e-02	1.25e-08
 1.86851e+16	9.34e-01	6.56e-02	1.24e-08
 1.86891e+16	9.35e-01	6.49e-02	1.23e-08
 1.86931e+16	9.36e-01	6.42e-02	1.22e-08
 1.86969e+16	9.36e-01	6.36e-02	1.21e-08
 1.87006e+16	9.37e-01	6.29e-02	1.20e-08
 1.87042e+16	9.38e-01	6.24e-02	1.19e-08
 1.87078e+16	9.38e-01	6.17e-02	1.18e-08
 1.87114e+16	9.39e-01	6.11e-02	1.17e-08
 1.87150e+16	9.40e-01	6.05e-02	1.16e-08
 1.87186e+16	9.40e-01	5.99e-02	1.15e-08
 1.87223e+16	9.41e-01	5.93e-02	1.14e-08
 1.87262e+16	9.41e-01	5.86e-02	1.13e-08
 1.87303e+16	9.42e-01	5.79e-02	1.11e-08
 1.87348e+16	9.43e-01	5.71e-02	1.10e-08
 1.87396e+16	9.44e-01	5.63e-02	1.08e-08
 1.87441e+16	9.44e-01	5.55e-02	1.06e-08
 1.87482e+16	9.45e-01	5.48e-02	1.05e-08
 1.87520e+16	9.46e-01	5.41e-02	1.04e-08
 1.87554e+16	9.46e-01	5.35e-02	1.02e-08
 1.87585e+16	9.47e-01	5.30e-02	1.01e-08
 1.87613e+16	9.48e-01	5.25e-02	9.99e-09
 1.87639e+16	9.48e-01	5.20e-02	9.89e-09
 1.87662e+16	9.48e-01	5.16e-02	9.79e-09
 1.87688e+16	9.49e-01	5.11e-02	9.69e-09
 1.87716e+16	9.49e-01	5.06e-02	9.58e-09
 1.87741e+16	9.50e-01	5.01e-02	9.48e-09
 1.87764e+16	9.50e-01	4.97e-02	9.39e-09
 1.87785e+16	9.51e-01	4.93e-02	9.31e-09
 1.87808e+16	9.51e-01	4.89e-02	9.21e-09
 1.87832e+16	9.52e-01	4.85e-02	9.12e-09
 1.87855e+16	9.52e-01	4.80e-02	9.03e-09
 1.87875e+16	9.52e-01	4.77e-02	8.95e-09
 1.87897e+16	9.53e-01	4.72e-02	8.85e-09
 1.87922e+16	9.53e-01	4.69e-02	8.79e-09
 1.87948e+16	9.54e-01	4.64e-02	8.70e-09
 1.87983e+16	9.54e-01	4.59e-02	8.59e-09
 1.88020e+16	9.55e-01	4.53e-02	8.48e-09
 1.88054e+16	9.55e-01	4.48e-02	8.39e-09
 1.88084e+16	9.56e-01	4.43e-02	8.29e-09
 1.88112e+16	9.56e-01	4.39e-02	8.21e-09
 1.88143e+16	9.57e-01	4.34e-02	8.12e-09
 1.88176e+16	9.57e-01	4.29e-02	8.02e-09
 1.88207e+16	9.58e-01	4.24e-02	7.94e-09
 1.88234e+16	9.58e-01	4.20e-02	7.86e-09
 1.88264e+16	9.58e-01	4.15e-02	7.77e-09
 1.88297e+16	9.59e-01	4.11e-02	7.68e-09
 1.88326e+16	9.59e-01	4.06e-02	7.59e-09
 1.88353e+16	9.60e-01	4.02e-02	7.52e-09
 1.88377e+16	9.60e-01	3.98e-02	7.44e-09
 1.88404e+16	9.61e-01	3.94e-02	7.35e-09
 1.88433e+16	9.61e-01	3.90e-02	7.27e-09
 1.88460e+16	9.61e-01	3.86e-02	7.22e-09
