#depth	H	H+	H2
 1.58747e+11	1.38e-03	9.99e-01	2.20e-12
 9.52480e+11	1.38e-03	9.99e-01	2.20e-12
 4.12741e+12	1.38e-03	9.99e-01	2.21e-12
 1.68271e+13	1.39e-03	9.99e-01	2.24e-12
 4.01947e+13	1.38e-03	9.99e-01	2.27e-12
 7.05724e+13	1.38e-03	9.99e-01	2.35e-12
 1.10064e+14	1.39e-03	9.99e-01	2.45e-12
 1.61402e+14	1.41e-03	9.99e-01	2.60e-12
 2.28142e+14	1.44e-03	9.99e-01	2.82e-12
 3.14904e+14	1.50e-03	9.99e-01	3.15e-12
 4.27694e+14	1.58e-03	9.98e-01	3.66e-12
 5.74322e+14	1.71e-03	9.98e-01	4.45e-12
 7.28579e+14	1.84e-03	9.98e-01	5.42e-12
 8.64628e+14	1.98e-03	9.98e-01	6.45e-12
 9.92367e+14	2.14e-03	9.98e-01	7.60e-12
 1.11815e+15	2.30e-03	9.98e-01	8.88e-12
 1.24317e+15	2.48e-03	9.98e-01	1.04e-11
 1.36687e+15	2.67e-03	9.97e-01	1.21e-11
 1.48944e+15	2.87e-03	9.97e-01	1.38e-11
 1.63011e+15	3.14e-03	9.97e-01	1.63e-11
 1.77370e+15	3.41e-03	9.97e-01	1.89e-11
 1.89289e+15	3.65e-03	9.96e-01	2.13e-11
 2.01966e+15	3.94e-03	9.96e-01	2.39e-11
 2.15519e+15	4.24e-03	9.96e-01	2.69e-11
 2.27490e+15	4.53e-03	9.95e-01	2.97e-11
 2.38637e+15	4.82e-03	9.95e-01	3.24e-11
 2.51436e+15	5.19e-03	9.95e-01	3.52e-11
 2.65014e+15	5.58e-03	9.94e-01	3.84e-11
 2.76853e+15	5.95e-03	9.94e-01	4.14e-11
 2.87817e+15	6.32e-03	9.94e-01	4.40e-11
 3.00394e+15	6.77e-03	9.93e-01	4.65e-11
 3.13973e+15	7.29e-03	9.93e-01	4.96e-11
 3.26098e+15	7.79e-03	9.92e-01	5.26e-11
 3.37388e+15	8.30e-03	9.92e-01	5.50e-11
 3.50349e+15	8.94e-03	9.91e-01	5.70e-11
 3.64509e+15	9.71e-03	9.90e-01	6.01e-11
 3.77393e+15	1.05e-02	9.90e-01	6.32e-11
 3.91306e+15	1.14e-02	9.89e-01	6.51e-11
 4.06567e+15	1.26e-02	9.87e-01	6.85e-11
 4.20587e+15	1.39e-02	9.86e-01	7.18e-11
 4.35817e+15	1.55e-02	9.85e-01	7.36e-11
 4.52427e+15	1.76e-02	9.82e-01	7.74e-11
 4.67238e+15	1.99e-02	9.80e-01	8.17e-11
 4.80498e+15	2.23e-02	9.78e-01	8.51e-11
 4.95336e+15	2.55e-02	9.74e-01	8.57e-11
 5.11687e+15	3.02e-02	9.70e-01	8.91e-11
 5.26310e+15	3.58e-02	9.64e-01	9.40e-11
 5.38896e+15	4.21e-02	9.58e-01	9.85e-11
 5.50504e+15	4.96e-02	9.50e-01	1.03e-10
 5.60474e+15	5.83e-02	9.42e-01	1.10e-10
 5.68142e+15	6.69e-02	9.33e-01	1.16e-10
 5.74669e+15	7.59e-02	9.24e-01	1.22e-10
 5.80958e+15	8.63e-02	9.14e-01	1.28e-10
 5.87068e+15	9.90e-02	9.01e-01	1.36e-10
 5.92642e+15	1.14e-01	8.86e-01	1.46e-10
 5.97511e+15	1.29e-01	8.71e-01	1.57e-10
 6.01817e+15	1.47e-01	8.53e-01	1.70e-10
 6.05756e+15	1.66e-01	8.34e-01	1.84e-10
 6.09403e+15	1.86e-01	8.14e-01	1.99e-10
 6.12812e+15	2.09e-01	7.91e-01	2.17e-10
 6.15996e+15	2.35e-01	7.65e-01	2.38e-10
 6.18910e+15	2.62e-01	7.38e-01	2.62e-10
 6.21590e+15	2.91e-01	7.09e-01	2.87e-10
 6.24105e+15	3.22e-01	6.78e-01	3.16e-10
 6.26469e+15	3.54e-01	6.46e-01	3.47e-10
 6.28584e+15	3.86e-01	6.14e-01	3.81e-10
 6.30368e+15	4.14e-01	5.86e-01	4.13e-10
 6.31891e+15	4.40e-01	5.60e-01	4.44e-10
 6.33304e+15	4.65e-01	5.35e-01	4.74e-10
 6.34647e+15	4.89e-01	5.11e-01	5.05e-10
 6.35884e+15	5.11e-01	4.89e-01	5.36e-10
 6.37012e+15	5.32e-01	4.68e-01	5.68e-10
 6.37879e+15	5.48e-01	4.52e-01	5.92e-10
 6.38485e+15	5.59e-01	4.41e-01	6.11e-10
 6.39066e+15	5.70e-01	4.30e-01	6.28e-10
 6.39733e+15	5.82e-01	4.18e-01	6.50e-10
 6.40450e+15	5.96e-01	4.04e-01	6.74e-10
 6.41134e+15	6.08e-01	3.92e-01	6.98e-10
 6.41784e+15	6.20e-01	3.80e-01	7.20e-10
 6.42442e+15	6.32e-01	3.68e-01	7.46e-10
 6.43105e+15	6.44e-01	3.56e-01	7.69e-10
 6.43768e+15	6.56e-01	3.44e-01	7.97e-10
 6.44432e+15	6.67e-01	3.33e-01	8.25e-10
 6.45083e+15	6.79e-01	3.21e-01	8.53e-10
 6.45729e+15	6.89e-01	3.11e-01	8.80e-10
 6.46387e+15	7.01e-01	2.99e-01	9.14e-10
 6.47044e+15	7.11e-01	2.89e-01	9.41e-10
 6.47700e+15	7.22e-01	2.78e-01	9.76e-10
 6.48361e+15	7.32e-01	2.68e-01	1.01e-09
 6.49013e+15	7.42e-01	2.58e-01	1.05e-09
 6.49663e+15	7.51e-01	2.49e-01	1.08e-09
 6.50325e+15	7.61e-01	2.39e-01	1.12e-09
 6.50993e+15	7.70e-01	2.30e-01	1.16e-09
 6.51652e+15	7.79e-01	2.21e-01	1.20e-09
 6.52309e+15	7.87e-01	2.13e-01	1.24e-09
 6.52980e+15	7.96e-01	2.04e-01	1.29e-09
 6.53658e+15	8.04e-01	1.96e-01	1.34e-09
 6.54327e+15	8.12e-01	1.88e-01	1.39e-09
 6.54995e+15	8.20e-01	1.80e-01	1.43e-09
 6.55679e+15	8.27e-01	1.73e-01	1.48e-09
 6.56373e+15	8.34e-01	1.66e-01	1.54e-09
 6.57059e+15	8.41e-01	1.59e-01	1.60e-09
 6.57736e+15	8.48e-01	1.52e-01	1.67e-09
 6.58410e+15	8.54e-01	1.46e-01	1.73e-09
 6.59085e+15	8.60e-01	1.40e-01	1.79e-09
 6.59761e+15	8.66e-01	1.34e-01	1.87e-09
 6.60431e+15	8.71e-01	1.29e-01	1.94e-09
 6.61099e+15	8.77e-01	1.23e-01	2.02e-09
 6.61770e+15	8.82e-01	1.18e-01	2.08e-09
 6.62440e+15	8.86e-01	1.14e-01	2.18e-09
 6.63105e+15	8.91e-01	1.09e-01	2.26e-09
 6.63772e+15	8.95e-01	1.05e-01	2.35e-09
 6.64442e+15	9.00e-01	1.00e-01	2.43e-09
 6.65111e+15	9.04e-01	9.63e-02	2.53e-09
 6.65782e+15	9.08e-01	9.24e-02	2.64e-09
 6.66446e+15	9.11e-01	8.87e-02	2.76e-09
 6.67103e+15	9.15e-01	8.52e-02	2.88e-09
 6.67766e+15	9.18e-01	8.19e-02	2.98e-09
 6.68439e+15	9.21e-01	7.86e-02	3.11e-09
 6.69113e+15	9.25e-01	7.54e-02	3.26e-09
 6.69778e+15	9.28e-01	7.24e-02	3.41e-09
 6.70448e+15	9.30e-01	6.96e-02	3.53e-09
 6.71122e+15	9.33e-01	6.69e-02	3.70e-09
 6.71789e+15	9.36e-01	6.42e-02	3.88e-09
 6.72452e+15	9.38e-01	6.17e-02	4.07e-09
 6.73128e+15	9.41e-01	5.93e-02	4.27e-09
 6.73810e+15	9.43e-01	5.70e-02	4.45e-09
 6.74483e+15	9.45e-01	5.48e-02	4.68e-09
 6.75148e+15	9.47e-01	5.26e-02	4.94e-09
 6.75817e+15	9.49e-01	5.06e-02	5.21e-09
 6.76501e+15	9.51e-01	4.86e-02	5.50e-09
 6.77191e+15	9.53e-01	4.66e-02	5.82e-09
 6.77866e+15	9.55e-01	4.48e-02	6.15e-09
 6.78534e+15	9.57e-01	4.31e-02	6.51e-09
 6.79210e+15	9.59e-01	4.15e-02	6.90e-09
 6.79895e+15	9.60e-01	3.99e-02	7.31e-09
 6.80576e+15	9.62e-01	3.83e-02	7.83e-09
 6.81248e+15	9.63e-01	3.68e-02	8.40e-09
 6.81915e+15	9.65e-01	3.54e-02	9.03e-09
 6.82597e+15	9.66e-01	3.40e-02	9.70e-09
 6.83297e+15	9.67e-01	3.27e-02	1.05e-08
 6.83968e+15	9.69e-01	3.14e-02	1.13e-08
 6.84622e+15	9.70e-01	3.02e-02	1.23e-08
 6.85297e+15	9.71e-01	2.91e-02	1.35e-08
 6.85981e+15	9.72e-01	2.79e-02	1.50e-08
 6.86653e+15	9.73e-01	2.68e-02	1.66e-08
 6.87310e+15	9.74e-01	2.57e-02	1.86e-08
 6.87947e+15	9.75e-01	2.47e-02	2.08e-08
 6.88547e+15	9.76e-01	2.39e-02	2.33e-08
 6.89109e+15	9.77e-01	2.31e-02	2.61e-08
 6.89632e+15	9.78e-01	2.23e-02	2.93e-08
 6.90114e+15	9.78e-01	2.16e-02	3.27e-08
 6.90568e+15	9.79e-01	2.10e-02	3.65e-08
 6.91003e+15	9.80e-01	2.05e-02	4.08e-08
 6.91419e+15	9.80e-01	1.99e-02	4.56e-08
 6.91813e+15	9.81e-01	1.94e-02	5.10e-08
 6.92188e+15	9.81e-01	1.89e-02	5.69e-08
 6.92547e+15	9.82e-01	1.85e-02	6.34e-08
 6.92893e+15	9.82e-01	1.80e-02	7.07e-08
 6.93229e+15	9.82e-01	1.76e-02	7.89e-08
 6.93554e+15	9.83e-01	1.72e-02	8.77e-08
 6.93873e+15	9.83e-01	1.68e-02	9.74e-08
 6.94193e+15	9.84e-01	1.64e-02	1.08e-07
 6.94515e+15	9.84e-01	1.60e-02	1.20e-07
 6.94842e+15	9.84e-01	1.56e-02	1.32e-07
 6.95181e+15	9.85e-01	1.52e-02	1.45e-07
 6.95530e+15	9.85e-01	1.47e-02	1.58e-07
 6.95862e+15	9.86e-01	1.43e-02	1.69e-07
 6.96159e+15	9.86e-01	1.39e-02	1.78e-07
 6.96426e+15	9.86e-01	1.36e-02	1.85e-07
 6.96676e+15	9.87e-01	1.32e-02	1.90e-07
 6.96915e+15	9.87e-01	1.29e-02	1.95e-07
 6.97144e+15	9.87e-01	1.26e-02	1.98e-07
 6.97356e+15	9.88e-01	1.23e-02	2.01e-07
 6.97549e+15	9.88e-01	1.21e-02	2.03e-07
 6.97725e+15	9.88e-01	1.18e-02	2.05e-07
 6.97885e+15	9.88e-01	1.16e-02	2.07e-07
 6.98031e+15	9.89e-01	1.15e-02	2.09e-07
 6.98163e+15	9.89e-01	1.13e-02	2.10e-07
 6.98309e+15	9.89e-01	1.11e-02	2.12e-07
 6.98465e+15	9.89e-01	1.09e-02	2.14e-07
 6.98608e+15	9.89e-01	1.08e-02	2.16e-07
 6.98738e+15	9.89e-01	1.06e-02	2.18e-07
 6.98856e+15	9.90e-01	1.05e-02	2.20e-07
 6.98986e+15	9.90e-01	1.03e-02	2.22e-07
 6.99125e+15	9.90e-01	1.01e-02	2.24e-07
 6.99253e+15	9.90e-01	9.93e-03	2.27e-07
