#depth	O	O+	O+2	O+3	O+4	O+5	O+6	O+7	O+8	O[1]	O[2]	O[3]
 1.58747e+11	4.71e-05	5.17e-02	9.48e-01	1.79e-04	0.00e+00	0.00e+00	0.00e+00	0.00e+00	0.00e+00	3.14e-05	1.10e-05	4.75e-06
 9.52480e+11	4.70e-05	5.18e-02	9.48e-01	1.78e-04	0.00e+00	0.00e+00	0.00e+00	0.00e+00	0.00e+00	3.13e-05	1.10e-05	4.75e-06
 4.12741e+12	4.73e-05	5.19e-02	9.48e-01	1.75e-04	0.00e+00	0.00e+00	0.00e+00	0.00e+00	0.00e+00	3.15e-05	1.10e-05	4.77e-06
 1.68271e+13	4.81e-05	5.23e-02	9.47e-01	1.64e-04	0.00e+00	0.00e+00	0.00e+00	0.00e+00	0.00e+00	3.20e-05	1.12e-05	4.87e-06
 4.01947e+13	4.87e-05	5.29e-02	9.47e-01	1.49e-04	0.00e+00	0.00e+00	0.00e+00	0.00e+00	0.00e+00	3.24e-05	1.14e-05	4.95e-06
 7.05724e+13	5.01e-05	5.37e-02	9.46e-01	1.31e-04	0.00e+00	0.00e+00	0.00e+00	0.00e+00	0.00e+00	3.33e-05	1.17e-05	5.09e-06
 1.10064e+14	5.21e-05	5.49e-02	9.45e-01	1.10e-04	0.00e+00	0.00e+00	0.00e+00	0.00e+00	0.00e+00	3.46e-05	1.22e-05	5.29e-06
 1.61402e+14	5.51e-05	5.64e-02	9.43e-01	8.83e-05	0.00e+00	0.00e+00	0.00e+00	0.00e+00	0.00e+00	3.67e-05	1.29e-05	5.60e-06
 2.28142e+14	5.96e-05	5.86e-02	9.41e-01	6.58e-05	0.00e+00	0.00e+00	0.00e+00	0.00e+00	0.00e+00	3.97e-05	1.39e-05	6.05e-06
 3.14904e+14	6.65e-05	6.16e-02	9.38e-01	4.48e-05	0.00e+00	0.00e+00	0.00e+00	0.00e+00	0.00e+00	4.43e-05	1.55e-05	6.74e-06
 4.27694e+14	7.70e-05	6.59e-02	9.34e-01	2.71e-05	0.00e+00	0.00e+00	0.00e+00	0.00e+00	0.00e+00	5.13e-05	1.79e-05	7.79e-06
 5.74322e+14	9.39e-05	7.21e-02	9.28e-01	1.42e-05	0.00e+00	0.00e+00	0.00e+00	0.00e+00	0.00e+00	6.27e-05	2.17e-05	9.48e-06
 7.28579e+14	1.14e-04	7.88e-02	9.21e-01	7.29e-06	0.00e+00	0.00e+00	0.00e+00	0.00e+00	0.00e+00	7.60e-05	2.62e-05	1.14e-05
 8.64628e+14	1.36e-04	8.56e-02	9.14e-01	4.06e-06	0.00e+00	0.00e+00	0.00e+00	0.00e+00	0.00e+00	9.07e-05	3.12e-05	1.36e-05
 9.92367e+14	1.61e-04	9.27e-02	9.07e-01	2.34e-06	0.00e+00	0.00e+00	0.00e+00	0.00e+00	0.00e+00	1.08e-04	3.70e-05	1.62e-05
 1.11815e+15	1.92e-04	1.01e-01	8.99e-01	1.37e-06	0.00e+00	0.00e+00	0.00e+00	0.00e+00	0.00e+00	1.29e-04	4.39e-05	1.92e-05
 1.24317e+15	2.28e-04	1.09e-01	8.91e-01	8.03e-07	0.00e+00	0.00e+00	0.00e+00	0.00e+00	0.00e+00	1.53e-04	5.22e-05	2.28e-05
 1.36687e+15	2.72e-04	1.19e-01	8.81e-01	4.77e-07	0.00e+00	0.00e+00	0.00e+00	0.00e+00	0.00e+00	1.83e-04	6.21e-05	2.71e-05
 1.48944e+15	3.23e-04	1.29e-01	8.71e-01	2.87e-07	0.00e+00	0.00e+00	0.00e+00	0.00e+00	0.00e+00	2.17e-04	7.36e-05	3.21e-05
 1.63011e+15	3.99e-04	1.43e-01	8.57e-01	1.59e-07	0.00e+00	0.00e+00	0.00e+00	0.00e+00	0.00e+00	2.68e-04	9.06e-05	3.95e-05
 1.77370e+15	4.85e-04	1.58e-01	8.42e-01	0.00e+00	0.00e+00	0.00e+00	0.00e+00	0.00e+00	0.00e+00	3.27e-04	1.10e-04	4.80e-05
 1.89289e+15	5.72e-04	1.72e-01	8.28e-01	0.00e+00	0.00e+00	0.00e+00	0.00e+00	0.00e+00	0.00e+00	3.86e-04	1.30e-04	5.65e-05
 2.01966e+15	6.90e-04	1.89e-01	8.11e-01	0.00e+00	0.00e+00	0.00e+00	0.00e+00	0.00e+00	0.00e+00	4.66e-04	1.56e-04	6.80e-05
 2.15519e+15	8.34e-04	2.08e-01	7.91e-01	0.00e+00	0.00e+00	0.00e+00	0.00e+00	0.00e+00	0.00e+00	5.63e-04	1.88e-04	8.20e-05
 2.27490e+15	9.85e-04	2.27e-01	7.72e-01	0.00e+00	0.00e+00	0.00e+00	0.00e+00	0.00e+00	0.00e+00	6.66e-04	2.22e-04	9.68e-05
 2.38637e+15	1.15e-03	2.47e-01	7.52e-01	0.00e+00	0.00e+00	0.00e+00	0.00e+00	0.00e+00	0.00e+00	7.80e-04	2.60e-04	1.13e-04
 2.51436e+15	1.39e-03	2.72e-01	7.27e-01	0.00e+00	0.00e+00	0.00e+00	0.00e+00	0.00e+00	0.00e+00	9.37e-04	3.13e-04	1.36e-04
 2.65014e+15	1.67e-03	3.00e-01	6.98e-01	0.00e+00	0.00e+00	0.00e+00	0.00e+00	0.00e+00	0.00e+00	1.13e-03	3.77e-04	1.64e-04
 2.76853e+15	1.97e-03	3.27e-01	6.71e-01	0.00e+00	0.00e+00	0.00e+00	0.00e+00	0.00e+00	0.00e+00	1.33e-03	4.44e-04	1.93e-04
 2.87817e+15	2.29e-03	3.54e-01	6.43e-01	0.00e+00	0.00e+00	0.00e+00	0.00e+00	0.00e+00	0.00e+00	1.55e-03	5.16e-04	2.25e-04
 3.00394e+15	2.72e-03	3.88e-01	6.09e-01	0.00e+00	0.00e+00	0.00e+00	0.00e+00	0.00e+00	0.00e+00	1.84e-03	6.14e-04	2.67e-04
 3.13973e+15	3.26e-03	4.26e-01	5.71e-01	0.00e+00	0.00e+00	0.00e+00	0.00e+00	0.00e+00	0.00e+00	2.21e-03	7.37e-04	3.21e-04
 3.26098e+15	3.83e-03	4.62e-01	5.34e-01	0.00e+00	0.00e+00	0.00e+00	0.00e+00	0.00e+00	0.00e+00	2.59e-03	8.65e-04	3.77e-04
 3.37388e+15	4.44e-03	4.97e-01	4.98e-01	0.00e+00	0.00e+00	0.00e+00	0.00e+00	0.00e+00	0.00e+00	3.00e-03	1.00e-03	4.37e-04
 3.50349e+15	5.25e-03	5.39e-01	4.56e-01	0.00e+00	0.00e+00	0.00e+00	0.00e+00	0.00e+00	0.00e+00	3.54e-03	1.19e-03	5.17e-04
 3.64509e+15	6.26e-03	5.84e-01	4.09e-01	0.00e+00	0.00e+00	0.00e+00	0.00e+00	0.00e+00	0.00e+00	4.23e-03	1.42e-03	6.17e-04
 3.77393e+15	7.33e-03	6.26e-01	3.67e-01	0.00e+00	0.00e+00	0.00e+00	0.00e+00	0.00e+00	0.00e+00	4.94e-03	1.66e-03	7.24e-04
 3.91306e+15	8.65e-03	6.69e-01	3.22e-01	0.00e+00	0.00e+00	0.00e+00	0.00e+00	0.00e+00	0.00e+00	5.83e-03	1.96e-03	8.56e-04
 4.06567e+15	1.03e-02	7.14e-01	2.75e-01	0.00e+00	0.00e+00	0.00e+00	0.00e+00	0.00e+00	0.00e+00	6.95e-03	2.34e-03	1.02e-03
 4.20587e+15	1.21e-02	7.53e-01	2.35e-01	0.00e+00	0.00e+00	0.00e+00	0.00e+00	0.00e+00	0.00e+00	8.14e-03	2.75e-03	1.20e-03
 4.35817e+15	1.43e-02	7.90e-01	1.95e-01	0.00e+00	0.00e+00	0.00e+00	0.00e+00	0.00e+00	0.00e+00	9.62e-03	3.26e-03	1.43e-03
 4.52427e+15	1.72e-02	8.26e-01	1.57e-01	0.00e+00	0.00e+00	0.00e+00	0.00e+00	0.00e+00	0.00e+00	1.15e-02	3.93e-03	1.72e-03
 4.67238e+15	2.03e-02	8.53e-01	1.27e-01	0.00e+00	0.00e+00	0.00e+00	0.00e+00	0.00e+00	0.00e+00	1.36e-02	4.65e-03	2.03e-03
 4.80498e+15	2.36e-02	8.73e-01	1.04e-01	0.00e+00	0.00e+00	0.00e+00	0.00e+00	0.00e+00	0.00e+00	1.58e-02	5.41e-03	2.37e-03
 4.95336e+15	2.78e-02	8.91e-01	8.15e-02	0.00e+00	0.00e+00	0.00e+00	0.00e+00	0.00e+00	0.00e+00	1.86e-02	6.40e-03	2.80e-03
 5.11687e+15	3.38e-02	9.05e-01	6.12e-02	0.00e+00	0.00e+00	0.00e+00	0.00e+00	0.00e+00	0.00e+00	2.25e-02	7.80e-03	3.41e-03
 5.26310e+15	4.09e-02	9.13e-01	4.59e-02	0.00e+00	0.00e+00	0.00e+00	0.00e+00	0.00e+00	0.00e+00	2.73e-02	9.47e-03	4.15e-03
 5.38896e+15	4.88e-02	9.16e-01	3.49e-02	0.00e+00	0.00e+00	0.00e+00	0.00e+00	0.00e+00	0.00e+00	3.25e-02	1.13e-02	4.96e-03
 5.50504e+15	5.81e-02	9.15e-01	2.65e-02	0.00e+00	0.00e+00	0.00e+00	0.00e+00	0.00e+00	0.00e+00	3.87e-02	1.35e-02	5.93e-03
 5.60474e+15	6.89e-02	9.11e-01	2.02e-02	0.00e+00	0.00e+00	0.00e+00	0.00e+00	0.00e+00	0.00e+00	4.58e-02	1.61e-02	7.04e-03
 5.68142e+15	7.95e-02	9.04e-01	1.61e-02	0.00e+00	0.00e+00	0.00e+00	0.00e+00	0.00e+00	0.00e+00	5.28e-02	1.85e-02	8.12e-03
 5.74669e+15	9.03e-02	8.97e-01	1.30e-02	0.00e+00	0.00e+00	0.00e+00	0.00e+00	0.00e+00	0.00e+00	6.00e-02	2.10e-02	9.22e-03
 5.80958e+15	1.03e-01	8.87e-01	1.04e-02	0.00e+00	0.00e+00	0.00e+00	0.00e+00	0.00e+00	0.00e+00	6.84e-02	2.40e-02	1.05e-02
 5.87068e+15	1.18e-01	8.74e-01	8.25e-03	0.00e+00	0.00e+00	0.00e+00	0.00e+00	0.00e+00	0.00e+00	7.86e-02	2.75e-02	1.20e-02
 5.92642e+15	1.36e-01	8.58e-01	6.50e-03	0.00e+00	0.00e+00	0.00e+00	0.00e+00	0.00e+00	0.00e+00	9.02e-02	3.15e-02	1.38e-02
 5.97511e+15	1.54e-01	8.41e-01	5.17e-03	0.00e+00	0.00e+00	0.00e+00	0.00e+00	0.00e+00	0.00e+00	1.03e-01	3.57e-02	1.57e-02
 6.01817e+15	1.74e-01	8.22e-01	4.14e-03	0.00e+00	0.00e+00	0.00e+00	0.00e+00	0.00e+00	0.00e+00	1.16e-01	4.02e-02	1.77e-02
 6.05756e+15	1.96e-01	8.00e-01	3.31e-03	0.00e+00	0.00e+00	0.00e+00	0.00e+00	0.00e+00	0.00e+00	1.31e-01	4.51e-02	1.99e-02
 6.09403e+15	2.20e-01	7.77e-01	2.66e-03	0.00e+00	0.00e+00	0.00e+00	0.00e+00	0.00e+00	0.00e+00	1.47e-01	5.03e-02	2.23e-02
 6.12812e+15	2.47e-01	7.51e-01	2.12e-03	0.00e+00	0.00e+00	0.00e+00	0.00e+00	0.00e+00	0.00e+00	1.66e-01	5.60e-02	2.49e-02
 6.15996e+15	2.75e-01	7.23e-01	1.68e-03	0.00e+00	0.00e+00	0.00e+00	0.00e+00	0.00e+00	0.00e+00	1.86e-01	6.20e-02	2.77e-02
 6.18910e+15	3.06e-01	6.93e-01	1.34e-03	0.00e+00	0.00e+00	0.00e+00	0.00e+00	0.00e+00	0.00e+00	2.07e-01	6.83e-02	3.07e-02
 6.21590e+15	3.37e-01	6.62e-01	1.07e-03	0.00e+00	0.00e+00	0.00e+00	0.00e+00	0.00e+00	0.00e+00	2.29e-01	7.46e-02	3.37e-02
 6.24105e+15	3.71e-01	6.29e-01	8.52e-04	0.00e+00	0.00e+00	0.00e+00	0.00e+00	0.00e+00	0.00e+00	2.53e-01	8.10e-02	3.69e-02
 6.26469e+15	4.05e-01	5.95e-01	6.79e-04	0.00e+00	0.00e+00	0.00e+00	0.00e+00	0.00e+00	0.00e+00	2.77e-01	8.73e-02	4.01e-02
 6.28584e+15	4.38e-01	5.62e-01	5.47e-04	0.00e+00	0.00e+00	0.00e+00	0.00e+00	0.00e+00	0.00e+00	3.01e-01	9.31e-02	4.32e-02
 6.30368e+15	4.67e-01	5.32e-01	4.52e-04	0.00e+00	0.00e+00	0.00e+00	0.00e+00	0.00e+00	0.00e+00	3.23e-01	9.81e-02	4.58e-02
 6.31891e+15	4.94e-01	5.06e-01	3.81e-04	0.00e+00	0.00e+00	0.00e+00	0.00e+00	0.00e+00	0.00e+00	3.43e-01	1.02e-01	4.82e-02
 6.33304e+15	5.19e-01	4.81e-01	3.24e-04	0.00e+00	0.00e+00	0.00e+00	0.00e+00	0.00e+00	0.00e+00	3.62e-01	1.06e-01	5.04e-02
 6.34647e+15	5.43e-01	4.57e-01	2.76e-04	0.00e+00	0.00e+00	0.00e+00	0.00e+00	0.00e+00	0.00e+00	3.81e-01	1.10e-01	5.24e-02
 6.35884e+15	5.65e-01	4.35e-01	2.38e-04	0.00e+00	0.00e+00	0.00e+00	0.00e+00	0.00e+00	0.00e+00	3.98e-01	1.13e-01	5.43e-02
 6.37012e+15	5.86e-01	4.14e-01	2.07e-04	0.00e+00	0.00e+00	0.00e+00	0.00e+00	0.00e+00	0.00e+00	4.15e-01	1.15e-01	5.59e-02
 6.37879e+15	6.01e-01	3.99e-01	1.86e-04	0.00e+00	0.00e+00	0.00e+00	0.00e+00	0.00e+00	0.00e+00	4.27e-01	1.17e-01	5.71e-02
 6.38485e+15	6.12e-01	3.88e-01	1.72e-04	0.00e+00	0.00e+00	0.00e+00	0.00e+00	0.00e+00	0.00e+00	4.36e-01	1.18e-01	5.79e-02
 6.39066e+15	6.22e-01	3.78e-01	1.60e-04	0.00e+00	0.00e+00	0.00e+00	0.00e+00	0.00e+00	0.00e+00	4.44e-01	1.19e-01	5.87e-02
 6.39733e+15	6.34e-01	3.65e-01	1.46e-04	0.00e+00	0.00e+00	0.00e+00	0.00e+00	0.00e+00	0.00e+00	4.54e-01	1.20e-01	5.96e-02
 6.40450e+15	6.47e-01	3.53e-01	1.33e-04	0.00e+00	0.00e+00	0.00e+00	0.00e+00	0.00e+00	0.00e+00	4.65e-01	1.22e-01	6.05e-02
 6.41134e+15	6.59e-01	3.41e-01	1.22e-04	0.00e+00	0.00e+00	0.00e+00	0.00e+00	0.00e+00	0.00e+00	4.75e-01	1.23e-01	6.14e-02
 6.41784e+15	6.70e-01	3.30e-01	1.12e-04	0.00e+00	0.00e+00	0.00e+00	0.00e+00	0.00e+00	0.00e+00	4.84e-01	1.24e-01	6.21e-02
 6.42442e+15	6.82e-01	3.18e-01	1.02e-04	0.00e+00	0.00e+00	0.00e+00	0.00e+00	0.00e+00	0.00e+00	4.94e-01	1.24e-01	6.28e-02
 6.43105e+15	6.93e-01	3.07e-01	9.32e-05	0.00e+00	0.00e+00	0.00e+00	0.00e+00	0.00e+00	0.00e+00	5.04e-01	1.25e-01	6.35e-02
 6.43768e+15	7.04e-01	2.96e-01	8.51e-05	0.00e+00	0.00e+00	0.00e+00	0.00e+00	0.00e+00	0.00e+00	5.14e-01	1.26e-01	6.42e-02
 6.44432e+15	7.14e-01	2.85e-01	7.76e-05	0.00e+00	0.00e+00	0.00e+00	0.00e+00	0.00e+00	0.00e+00	5.23e-01	1.26e-01	6.48e-02
 6.45083e+15	7.25e-01	2.75e-01	7.09e-05	0.00e+00	0.00e+00	0.00e+00	0.00e+00	0.00e+00	0.00e+00	5.33e-01	1.27e-01	6.54e-02
 6.45729e+15	7.35e-01	2.65e-01	6.48e-05	0.00e+00	0.00e+00	0.00e+00	0.00e+00	0.00e+00	0.00e+00	5.42e-01	1.27e-01	6.59e-02
 6.46387e+15	7.45e-01	2.55e-01	5.89e-05	0.00e+00	0.00e+00	0.00e+00	0.00e+00	0.00e+00	0.00e+00	5.51e-01	1.27e-01	6.64e-02
 6.47044e+15	7.54e-01	2.46e-01	5.38e-05	0.00e+00	0.00e+00	0.00e+00	0.00e+00	0.00e+00	0.00e+00	5.60e-01	1.27e-01	6.68e-02
 6.47700e+15	7.64e-01	2.36e-01	4.89e-05	0.00e+00	0.00e+00	0.00e+00	0.00e+00	0.00e+00	0.00e+00	5.69e-01	1.28e-01	6.72e-02
 6.48361e+15	7.73e-01	2.27e-01	4.45e-05	0.00e+00	0.00e+00	0.00e+00	0.00e+00	0.00e+00	0.00e+00	5.78e-01	1.28e-01	6.76e-02
 6.49013e+15	7.82e-01	2.18e-01	4.05e-05	0.00e+00	0.00e+00	0.00e+00	0.00e+00	0.00e+00	0.00e+00	5.87e-01	1.27e-01	6.79e-02
 6.49663e+15	7.90e-01	2.10e-01	3.69e-05	0.00e+00	0.00e+00	0.00e+00	0.00e+00	0.00e+00	0.00e+00	5.95e-01	1.27e-01	6.81e-02
 6.50325e+15	7.99e-01	2.01e-01	3.35e-05	0.00e+00	0.00e+00	0.00e+00	0.00e+00	0.00e+00	0.00e+00	6.03e-01	1.27e-01	6.84e-02
 6.50993e+15	8.07e-01	1.93e-01	3.04e-05	0.00e+00	0.00e+00	0.00e+00	0.00e+00	0.00e+00	0.00e+00	6.12e-01	1.27e-01	6.85e-02
 6.51652e+15	8.15e-01	1.85e-01	2.76e-05	0.00e+00	0.00e+00	0.00e+00	0.00e+00	0.00e+00	0.00e+00	6.20e-01	1.26e-01	6.87e-02
 6.52309e+15	8.22e-01	1.78e-01	2.51e-05	0.00e+00	0.00e+00	0.00e+00	0.00e+00	0.00e+00	0.00e+00	6.27e-01	1.26e-01	6.88e-02
 6.52980e+15	8.30e-01	1.70e-01	2.27e-05	0.00e+00	0.00e+00	0.00e+00	0.00e+00	0.00e+00	0.00e+00	6.35e-01	1.26e-01	6.89e-02
 6.53658e+15	8.37e-01	1.63e-01	2.06e-05	0.00e+00	0.00e+00	0.00e+00	0.00e+00	0.00e+00	0.00e+00	6.43e-01	1.25e-01	6.89e-02
 6.54327e+15	8.44e-01	1.56e-01	1.87e-05	0.00e+00	0.00e+00	0.00e+00	0.00e+00	0.00e+00	0.00e+00	6.50e-01	1.24e-01	6.89e-02
 6.54995e+15	8.50e-01	1.50e-01	1.69e-05	0.00e+00	0.00e+00	0.00e+00	0.00e+00	0.00e+00	0.00e+00	6.57e-01	1.24e-01	6.89e-02
 6.55679e+15	8.57e-01	1.43e-01	1.53e-05	0.00e+00	0.00e+00	0.00e+00	0.00e+00	0.00e+00	0.00e+00	6.65e-01	1.23e-01	6.88e-02
 6.56373e+15	8.63e-01	1.37e-01	1.38e-05	0.00e+00	0.00e+00	0.00e+00	0.00e+00	0.00e+00	0.00e+00	6.72e-01	1.23e-01	6.88e-02
 6.57059e+15	8.69e-01	1.31e-01	1.25e-05	0.00e+00	0.00e+00	0.00e+00	0.00e+00	0.00e+00	0.00e+00	6.78e-01	1.22e-01	6.86e-02
 6.57736e+15	8.75e-01	1.25e-01	1.13e-05	0.00e+00	0.00e+00	0.00e+00	0.00e+00	0.00e+00	0.00e+00	6.85e-01	1.21e-01	6.85e-02
 6.58410e+15	8.80e-01	1.20e-01	1.02e-05	0.00e+00	0.00e+00	0.00e+00	0.00e+00	0.00e+00	0.00e+00	6.91e-01	1.20e-01	6.83e-02
 6.59085e+15	8.85e-01	1.15e-01	9.24e-06	0.00e+00	0.00e+00	0.00e+00	0.00e+00	0.00e+00	0.00e+00	6.97e-01	1.20e-01	6.82e-02
 6.59761e+15	8.90e-01	1.10e-01	8.36e-06	0.00e+00	0.00e+00	0.00e+00	0.00e+00	0.00e+00	0.00e+00	7.03e-01	1.19e-01	6.79e-02
 6.60431e+15	8.95e-01	1.05e-01	7.57e-06	0.00e+00	0.00e+00	0.00e+00	0.00e+00	0.00e+00	0.00e+00	7.09e-01	1.18e-01	6.77e-02
 6.61099e+15	8.99e-01	1.01e-01	6.86e-06	0.00e+00	0.00e+00	0.00e+00	0.00e+00	0.00e+00	0.00e+00	7.14e-01	1.17e-01	6.74e-02
 6.61770e+15	9.03e-01	9.68e-02	6.21e-06	0.00e+00	0.00e+00	0.00e+00	0.00e+00	0.00e+00	0.00e+00	7.20e-01	1.16e-01	6.72e-02
 6.62440e+15	9.07e-01	9.27e-02	5.63e-06	0.00e+00	0.00e+00	0.00e+00	0.00e+00	0.00e+00	0.00e+00	7.25e-01	1.16e-01	6.69e-02
 6.63105e+15	9.11e-01	8.88e-02	5.10e-06	0.00e+00	0.00e+00	0.00e+00	0.00e+00	0.00e+00	0.00e+00	7.30e-01	1.15e-01	6.66e-02
 6.63772e+15	9.15e-01	8.52e-02	4.62e-06	0.00e+00	0.00e+00	0.00e+00	0.00e+00	0.00e+00	0.00e+00	7.35e-01	1.14e-01	6.63e-02
 6.64442e+15	9.18e-01	8.17e-02	4.19e-06	0.00e+00	0.00e+00	0.00e+00	0.00e+00	0.00e+00	0.00e+00	7.39e-01	1.13e-01	6.60e-02
 6.65111e+15	9.22e-01	7.83e-02	3.80e-06	0.00e+00	0.00e+00	0.00e+00	0.00e+00	0.00e+00	0.00e+00	7.43e-01	1.12e-01	6.57e-02
 6.65782e+15	9.25e-01	7.51e-02	3.44e-06	0.00e+00	0.00e+00	0.00e+00	0.00e+00	0.00e+00	0.00e+00	7.48e-01	1.12e-01	6.54e-02
 6.66446e+15	9.28e-01	7.20e-02	3.12e-06	0.00e+00	0.00e+00	0.00e+00	0.00e+00	0.00e+00	0.00e+00	7.52e-01	1.11e-01	6.50e-02
 6.67103e+15	9.31e-01	6.91e-02	2.83e-06	0.00e+00	0.00e+00	0.00e+00	0.00e+00	0.00e+00	0.00e+00	7.56e-01	1.10e-01	6.47e-02
 6.67766e+15	9.34e-01	6.64e-02	2.57e-06	0.00e+00	0.00e+00	0.00e+00	0.00e+00	0.00e+00	0.00e+00	7.60e-01	1.10e-01	6.44e-02
 6.68439e+15	9.36e-01	6.36e-02	2.33e-06	0.00e+00	0.00e+00	0.00e+00	0.00e+00	0.00e+00	0.00e+00	7.63e-01	1.09e-01	6.41e-02
 6.69113e+15	9.39e-01	6.10e-02	2.11e-06	0.00e+00	0.00e+00	0.00e+00	0.00e+00	0.00e+00	0.00e+00	7.67e-01	1.08e-01	6.38e-02
 6.69778e+15	9.41e-01	5.85e-02	1.92e-06	0.00e+00	0.00e+00	0.00e+00	0.00e+00	0.00e+00	0.00e+00	7.71e-01	1.07e-01	6.35e-02
 6.70448e+15	9.44e-01	5.62e-02	1.74e-06	0.00e+00	0.00e+00	0.00e+00	0.00e+00	0.00e+00	0.00e+00	7.74e-01	1.07e-01	6.32e-02
 6.71122e+15	9.46e-01	5.39e-02	1.58e-06	0.00e+00	0.00e+00	0.00e+00	0.00e+00	0.00e+00	0.00e+00	7.77e-01	1.06e-01	6.29e-02
 6.71789e+15	9.48e-01	5.18e-02	1.44e-06	0.00e+00	0.00e+00	0.00e+00	0.00e+00	0.00e+00	0.00e+00	7.80e-01	1.05e-01	6.26e-02
 6.72452e+15	9.50e-01	4.97e-02	1.30e-06	0.00e+00	0.00e+00	0.00e+00	0.00e+00	0.00e+00	0.00e+00	7.83e-01	1.05e-01	6.23e-02
 6.73128e+15	9.52e-01	4.77e-02	1.18e-06	0.00e+00	0.00e+00	0.00e+00	0.00e+00	0.00e+00	0.00e+00	7.86e-01	1.04e-01	6.20e-02
 6.73810e+15	9.54e-01	4.58e-02	1.07e-06	0.00e+00	0.00e+00	0.00e+00	0.00e+00	0.00e+00	0.00e+00	7.89e-01	1.04e-01	6.17e-02
 6.74483e+15	9.56e-01	4.40e-02	9.75e-07	0.00e+00	0.00e+00	0.00e+00	0.00e+00	0.00e+00	0.00e+00	7.92e-01	1.03e-01	6.15e-02
 6.75148e+15	9.58e-01	4.23e-02	8.86e-07	0.00e+00	0.00e+00	0.00e+00	0.00e+00	0.00e+00	0.00e+00	7.94e-01	1.02e-01	6.12e-02
 6.75817e+15	9.59e-01	4.06e-02	8.05e-07	0.00e+00	0.00e+00	0.00e+00	0.00e+00	0.00e+00	0.00e+00	7.97e-01	1.02e-01	6.09e-02
 6.76501e+15	9.61e-01	3.90e-02	7.31e-07	0.00e+00	0.00e+00	0.00e+00	0.00e+00	0.00e+00	0.00e+00	7.99e-01	1.01e-01	6.06e-02
 6.77191e+15	9.63e-01	3.74e-02	6.62e-07	0.00e+00	0.00e+00	0.00e+00	0.00e+00	0.00e+00	0.00e+00	8.01e-01	1.01e-01	6.03e-02
 6.77866e+15	9.64e-01	3.59e-02	6.02e-07	0.00e+00	0.00e+00	0.00e+00	0.00e+00	0.00e+00	0.00e+00	8.04e-01	1.00e-01	6.01e-02
 6.78534e+15	9.65e-01	3.45e-02	5.48e-07	0.00e+00	0.00e+00	0.00e+00	0.00e+00	0.00e+00	0.00e+00	8.06e-01	9.98e-02	5.98e-02
 6.79210e+15	9.67e-01	3.32e-02	4.98e-07	0.00e+00	0.00e+00	0.00e+00	0.00e+00	0.00e+00	0.00e+00	8.08e-01	9.93e-02	5.96e-02
 6.79895e+15	9.68e-01	3.19e-02	4.53e-07	0.00e+00	0.00e+00	0.00e+00	0.00e+00	0.00e+00	0.00e+00	8.10e-01	9.88e-02	5.94e-02
 6.80576e+15	9.69e-01	3.06e-02	4.12e-07	0.00e+00	0.00e+00	0.00e+00	0.00e+00	0.00e+00	0.00e+00	8.12e-01	9.83e-02	5.91e-02
 6.81248e+15	9.71e-01	2.94e-02	3.75e-07	0.00e+00	0.00e+00	0.00e+00	0.00e+00	0.00e+00	0.00e+00	8.14e-01	9.79e-02	5.89e-02
 6.81915e+15	9.72e-01	2.82e-02	3.41e-07	0.00e+00	0.00e+00	0.00e+00	0.00e+00	0.00e+00	0.00e+00	8.16e-01	9.74e-02	5.86e-02
 6.82597e+15	9.73e-01	2.71e-02	3.10e-07	0.00e+00	0.00e+00	0.00e+00	0.00e+00	0.00e+00	0.00e+00	8.17e-01	9.70e-02	5.84e-02
 6.83297e+15	9.74e-01	2.60e-02	2.82e-07	0.00e+00	0.00e+00	0.00e+00	0.00e+00	0.00e+00	0.00e+00	8.19e-01	9.66e-02	5.82e-02
 6.83968e+15	9.75e-01	2.50e-02	2.57e-07	0.00e+00	0.00e+00	0.00e+00	0.00e+00	0.00e+00	0.00e+00	8.21e-01	9.62e-02	5.80e-02
 6.84622e+15	9.76e-01	2.41e-02	2.35e-07	0.00e+00	0.00e+00	0.00e+00	0.00e+00	0.00e+00	0.00e+00	8.22e-01	9.58e-02	5.77e-02
 6.85297e+15	9.77e-01	2.31e-02	2.14e-07	0.00e+00	0.00e+00	0.00e+00	0.00e+00	0.00e+00	0.00e+00	8.24e-01	9.54e-02	5.75e-02
 6.85981e+15	9.78e-01	2.21e-02	1.95e-07	0.00e+00	0.00e+00	0.00e+00	0.00e+00	0.00e+00	0.00e+00	8.26e-01	9.50e-02	5.73e-02
 6.86653e+15	9.79e-01	2.12e-02	1.77e-07	0.00e+00	0.00e+00	0.00e+00	0.00e+00	0.00e+00	0.00e+00	8.27e-01	9.46e-02	5.71e-02
 6.87310e+15	9.80e-01	2.04e-02	1.62e-07	0.00e+00	0.00e+00	0.00e+00	0.00e+00	0.00e+00	0.00e+00	8.29e-01	9.42e-02	5.69e-02
 6.87947e+15	9.80e-01	1.96e-02	1.49e-07	0.00e+00	0.00e+00	0.00e+00	0.00e+00	0.00e+00	0.00e+00	8.30e-01	9.38e-02	5.66e-02
 6.88547e+15	9.81e-01	1.89e-02	1.37e-07	0.00e+00	0.00e+00	0.00e+00	0.00e+00	0.00e+00	0.00e+00	8.31e-01	9.35e-02	5.65e-02
 6.89109e+15	9.82e-01	1.82e-02	1.27e-07	0.00e+00	0.00e+00	0.00e+00	0.00e+00	0.00e+00	0.00e+00	8.32e-01	9.32e-02	5.63e-02
 6.89632e+15	9.82e-01	1.76e-02	1.19e-07	0.00e+00	0.00e+00	0.00e+00	0.00e+00	0.00e+00	0.00e+00	8.33e-01	9.29e-02	5.61e-02
 6.90114e+15	9.83e-01	1.71e-02	1.11e-07	0.00e+00	0.00e+00	0.00e+00	0.00e+00	0.00e+00	0.00e+00	8.34e-01	9.26e-02	5.59e-02
 6.90568e+15	9.83e-01	1.66e-02	1.05e-07	0.00e+00	0.00e+00	0.00e+00	0.00e+00	0.00e+00	0.00e+00	8.35e-01	9.23e-02	5.58e-02
 6.91003e+15	9.84e-01	1.61e-02	9.87e-08	0.00e+00	0.00e+00	0.00e+00	0.00e+00	0.00e+00	0.00e+00	8.36e-01	9.21e-02	5.56e-02
 6.91419e+15	9.84e-01	1.57e-02	9.33e-08	0.00e+00	0.00e+00	0.00e+00	0.00e+00	0.00e+00	0.00e+00	8.37e-01	9.18e-02	5.55e-02
 6.91813e+15	9.85e-01	1.53e-02	8.85e-08	0.00e+00	0.00e+00	0.00e+00	0.00e+00	0.00e+00	0.00e+00	8.38e-01	9.16e-02	5.53e-02
 6.92188e+15	9.85e-01	1.49e-02	8.42e-08	0.00e+00	0.00e+00	0.00e+00	0.00e+00	0.00e+00	0.00e+00	8.39e-01	9.13e-02	5.52e-02
 6.92547e+15	9.86e-01	1.45e-02	8.03e-08	0.00e+00	0.00e+00	0.00e+00	0.00e+00	0.00e+00	0.00e+00	8.39e-01	9.11e-02	5.50e-02
 6.92893e+15	9.86e-01	1.41e-02	7.67e-08	0.00e+00	0.00e+00	0.00e+00	0.00e+00	0.00e+00	0.00e+00	8.40e-01	9.09e-02	5.49e-02
 6.93229e+15	9.86e-01	1.38e-02	7.33e-08	0.00e+00	0.00e+00	0.00e+00	0.00e+00	0.00e+00	0.00e+00	8.41e-01	9.06e-02	5.47e-02
 6.93554e+15	9.87e-01	1.35e-02	7.02e-08	0.00e+00	0.00e+00	0.00e+00	0.00e+00	0.00e+00	0.00e+00	8.42e-01	9.04e-02	5.46e-02
 6.93873e+15	9.87e-01	1.31e-02	6.72e-08	0.00e+00	0.00e+00	0.00e+00	0.00e+00	0.00e+00	0.00e+00	8.42e-01	9.02e-02	5.44e-02
 6.94193e+15	9.87e-01	1.28e-02	6.44e-08	0.00e+00	0.00e+00	0.00e+00	0.00e+00	0.00e+00	0.00e+00	8.43e-01	8.99e-02	5.43e-02
 6.94515e+15	9.88e-01	1.25e-02	6.16e-08	0.00e+00	0.00e+00	0.00e+00	0.00e+00	0.00e+00	0.00e+00	8.44e-01	8.97e-02	5.41e-02
 6.94842e+15	9.88e-01	1.21e-02	5.89e-08	0.00e+00	0.00e+00	0.00e+00	0.00e+00	0.00e+00	0.00e+00	8.45e-01	8.94e-02	5.39e-02
 6.95181e+15	9.88e-01	1.18e-02	5.62e-08	0.00e+00	0.00e+00	0.00e+00	0.00e+00	0.00e+00	0.00e+00	8.45e-01	8.91e-02	5.37e-02
 6.95530e+15	9.89e-01	1.14e-02	5.35e-08	0.00e+00	0.00e+00	0.00e+00	0.00e+00	0.00e+00	0.00e+00	8.46e-01	8.88e-02	5.35e-02
 6.95862e+15	9.89e-01	1.11e-02	5.11e-08	0.00e+00	0.00e+00	0.00e+00	0.00e+00	0.00e+00	0.00e+00	8.47e-01	8.85e-02	5.33e-02
 6.96159e+15	9.89e-01	1.07e-02	4.90e-08	0.00e+00	0.00e+00	0.00e+00	0.00e+00	0.00e+00	0.00e+00	8.48e-01	8.82e-02	5.31e-02
 6.96426e+15	9.90e-01	1.05e-02	4.71e-08	0.00e+00	0.00e+00	0.00e+00	0.00e+00	0.00e+00	0.00e+00	8.49e-01	8.79e-02	5.29e-02
 6.96676e+15	9.90e-01	1.02e-02	4.54e-08	0.00e+00	0.00e+00	0.00e+00	0.00e+00	0.00e+00	0.00e+00	8.50e-01	8.76e-02	5.27e-02
 6.96915e+15	9.90e-01	9.93e-03	4.39e-08	0.00e+00	0.00e+00	0.00e+00	0.00e+00	0.00e+00	0.00e+00	8.50e-01	8.73e-02	5.24e-02
 6.97144e+15	9.90e-01	9.68e-03	4.24e-08	0.00e+00	0.00e+00	0.00e+00	0.00e+00	0.00e+00	0.00e+00	8.51e-01	8.71e-02	5.22e-02
 6.97356e+15	9.91e-01	9.44e-03	4.10e-08	0.00e+00	0.00e+00	0.00e+00	0.00e+00	0.00e+00	0.00e+00	8.52e-01	8.68e-02	5.20e-02
 6.97549e+15	9.91e-01	9.23e-03	3.98e-08	0.00e+00	0.00e+00	0.00e+00	0.00e+00	0.00e+00	0.00e+00	8.52e-01	8.65e-02	5.18e-02
 6.97725e+15	9.91e-01	9.03e-03	3.87e-08	0.00e+00	0.00e+00	0.00e+00	0.00e+00	0.00e+00	0.00e+00	8.53e-01	8.63e-02	5.17e-02
 6.97885e+15	9.91e-01	8.86e-03	3.77e-08	0.00e+00	0.00e+00	0.00e+00	0.00e+00	0.00e+00	0.00e+00	8.54e-01	8.60e-02	5.15e-02
 6.98031e+15	9.91e-01	8.71e-03	3.68e-08	0.00e+00	0.00e+00	0.00e+00	0.00e+00	0.00e+00	0.00e+00	8.54e-01	8.58e-02	5.13e-02
 6.98163e+15	9.91e-01	8.58e-03	3.61e-08	0.00e+00	0.00e+00	0.00e+00	0.00e+00	0.00e+00	0.00e+00	8.55e-01	8.57e-02	5.12e-02
 6.98309e+15	9.92e-01	8.42e-03	3.52e-08	0.00e+00	0.00e+00	0.00e+00	0.00e+00	0.00e+00	0.00e+00	8.55e-01	8.54e-02	5.10e-02
 6.98465e+15	9.92e-01	8.26e-03	3.43e-08	0.00e+00	0.00e+00	0.00e+00	0.00e+00	0.00e+00	0.00e+00	8.56e-01	8.51e-02	5.08e-02
 6.98608e+15	9.92e-01	8.12e-03	3.34e-08	0.00e+00	0.00e+00	0.00e+00	0.00e+00	0.00e+00	0.00e+00	8.56e-01	8.48e-02	5.07e-02
 6.98738e+15	9.92e-01	7.98e-03	3.27e-08	0.00e+00	0.00e+00	0.00e+00	0.00e+00	0.00e+00	0.00e+00	8.57e-01	8.46e-02	5.05e-02
 6.98856e+15	9.92e-01	7.87e-03	3.20e-08	0.00e+00	0.00e+00	0.00e+00	0.00e+00	0.00e+00	0.00e+00	8.57e-01	8.44e-02	5.04e-02
 6.98986e+15	9.92e-01	7.73e-03	3.12e-08	0.00e+00	0.00e+00	0.00e+00	0.00e+00	0.00e+00	0.00e+00	8.58e-01	8.41e-02	5.02e-02
 6.99125e+15	9.92e-01	7.59e-03	3.04e-08	0.00e+00	0.00e+00	0.00e+00	0.00e+00	0.00e+00	0.00e+00	8.59e-01	8.39e-02	5.00e-02
 6.99253e+15	9.93e-01	7.42e-03	2.96e-08	0.00e+00	0.00e+00	0.00e+00	0.00e+00	0.00e+00	0.00e+00	8.59e-01	8.36e-02	4.98e-02
