#depth	He	He+	He+2
 1.58747e+11	2.03e-03	9.98e-01	4.14e-04
 9.52480e+11	2.03e-03	9.98e-01	4.13e-04
 4.12741e+12	2.04e-03	9.98e-01	4.09e-04
 1.68271e+13	2.05e-03	9.98e-01	3.91e-04
 4.01947e+13	2.07e-03	9.98e-01	3.73e-04
 7.05724e+13	2.10e-03	9.98e-01	3.42e-04
 1.10064e+14	2.13e-03	9.98e-01	3.00e-04
 1.61402e+14	2.18e-03	9.98e-01	2.49e-04
 2.28142e+14	2.25e-03	9.98e-01	1.92e-04
 3.14904e+14	2.35e-03	9.98e-01	1.35e-04
 4.27694e+14	2.49e-03	9.97e-01	8.50e-05
 5.74322e+14	2.68e-03	9.97e-01	4.62e-05
 7.28579e+14	2.88e-03	9.97e-01	2.44e-05
 8.64628e+14	3.07e-03	9.97e-01	1.39e-05
 9.92367e+14	3.28e-03	9.97e-01	8.23e-06
 1.11815e+15	3.49e-03	9.97e-01	4.94e-06
 1.24317e+15	3.72e-03	9.96e-01	2.98e-06
 1.36687e+15	3.97e-03	9.96e-01	1.82e-06
 1.48944e+15	4.23e-03	9.96e-01	1.13e-06
 1.63011e+15	4.58e-03	9.95e-01	6.49e-07
 1.77370e+15	4.92e-03	9.95e-01	3.76e-07
 1.89289e+15	5.23e-03	9.95e-01	2.41e-07
 2.01966e+15	5.61e-03	9.94e-01	1.50e-07
 2.15519e+15	6.03e-03	9.94e-01	9.19e-08
 2.27490e+15	6.43e-03	9.94e-01	6.01e-08
 2.38637e+15	6.84e-03	9.93e-01	4.07e-08
 2.51436e+15	7.35e-03	9.93e-01	2.61e-08
 2.65014e+15	7.92e-03	9.92e-01	1.67e-08
 2.76853e+15	8.46e-03	9.92e-01	1.14e-08
 2.87817e+15	9.00e-03	9.91e-01	8.04e-09
 3.00394e+15	9.68e-03	9.90e-01	5.42e-09
 3.13973e+15	1.05e-02	9.90e-01	3.63e-09
 3.26098e+15	1.12e-02	9.89e-01	2.57e-09
 3.37388e+15	1.20e-02	9.88e-01	1.88e-09
 3.50349e+15	1.30e-02	9.87e-01	1.32e-09
 3.64509e+15	1.41e-02	9.86e-01	9.28e-10
 3.77393e+15	1.53e-02	9.85e-01	6.84e-10
 3.91306e+15	1.67e-02	9.83e-01	4.95e-10
 4.06567e+15	1.84e-02	9.82e-01	3.60e-10
 4.20587e+15	2.01e-02	9.80e-01	2.75e-10
 4.35817e+15	2.22e-02	9.78e-01	2.07e-10
 4.52427e+15	2.48e-02	9.75e-01	1.58e-10
 4.67238e+15	2.75e-02	9.73e-01	1.28e-10
 4.80498e+15	3.02e-02	9.70e-01	1.08e-10
 4.95336e+15	3.37e-02	9.66e-01	9.03e-11
 5.11687e+15	3.83e-02	9.62e-01	7.74e-11
 5.26310e+15	4.34e-02	9.57e-01	6.97e-11
 5.38896e+15	4.89e-02	9.51e-01	6.53e-11
 5.50504e+15	5.51e-02	9.45e-01	6.31e-11
 5.60474e+15	6.17e-02	9.38e-01	6.28e-11
 5.68142e+15	6.80e-02	9.32e-01	6.41e-11
 5.74669e+15	7.44e-02	9.26e-01	6.61e-11
 5.80958e+15	8.17e-02	9.18e-01	6.92e-11
 5.87068e+15	9.02e-02	9.10e-01	7.38e-11
 5.92642e+15	9.95e-02	9.00e-01	8.01e-11
 5.97511e+15	1.09e-01	8.91e-01	8.79e-11
 6.01817e+15	1.20e-01	8.80e-01	9.69e-11
 6.05756e+15	1.31e-01	8.69e-01	1.07e-10
 6.09403e+15	1.43e-01	8.57e-01	1.23e-10
 6.12812e+15	1.56e-01	8.44e-01	1.40e-10
 6.15996e+15	1.70e-01	8.30e-01	1.61e-10
 6.18910e+15	1.85e-01	8.15e-01	1.85e-10
 6.21590e+15	2.01e-01	7.99e-01	2.14e-10
 6.24105e+15	2.17e-01	7.83e-01	2.49e-10
 6.26469e+15	2.34e-01	7.66e-01	2.90e-10
 6.28584e+15	2.51e-01	7.49e-01	3.36e-10
 6.30368e+15	2.67e-01	7.33e-01	3.81e-10
 6.31891e+15	2.81e-01	7.19e-01	4.25e-10
 6.33304e+15	2.95e-01	7.05e-01	4.73e-10
 6.34647e+15	3.09e-01	6.91e-01	5.25e-10
 6.35884e+15	3.22e-01	6.78e-01	5.81e-10
 6.37012e+15	3.35e-01	6.65e-01	6.33e-10
 6.37879e+15	3.44e-01	6.56e-01	6.80e-10
 6.38485e+15	3.52e-01	6.48e-01	7.12e-10
 6.39066e+15	3.59e-01	6.41e-01	7.47e-10
 6.39733e+15	3.67e-01	6.33e-01	7.87e-10
 6.40450e+15	3.76e-01	6.24e-01	8.30e-10
 6.41134e+15	3.85e-01	6.15e-01	8.77e-10
 6.41784e+15	3.93e-01	6.07e-01	9.24e-10
 6.42442e+15	4.02e-01	5.98e-01	9.70e-10
 6.43105e+15	4.11e-01	5.89e-01	1.02e-09
 6.43768e+15	4.20e-01	5.80e-01	1.08e-09
 6.44432e+15	4.30e-01	5.70e-01	1.13e-09
 6.45083e+15	4.39e-01	5.61e-01	1.19e-09
 6.45729e+15	4.48e-01	5.52e-01	1.24e-09
 6.46387e+15	4.58e-01	5.42e-01	1.30e-09
 6.47044e+15	4.67e-01	5.33e-01	1.37e-09
 6.47700e+15	4.77e-01	5.23e-01	1.43e-09
 6.48361e+15	4.87e-01	5.13e-01	1.50e-09
 6.49013e+15	4.97e-01	5.03e-01	1.56e-09
 6.49663e+15	5.06e-01	4.94e-01	1.63e-09
 6.50325e+15	5.17e-01	4.83e-01	1.70e-09
 6.50993e+15	5.27e-01	4.73e-01	1.78e-09
 6.51652e+15	5.37e-01	4.63e-01	1.85e-09
 6.52309e+15	5.47e-01	4.53e-01	1.93e-09
 6.52980e+15	5.58e-01	4.42e-01	2.00e-09
 6.53658e+15	5.69e-01	4.31e-01	2.08e-09
 6.54327e+15	5.79e-01	4.21e-01	2.15e-09
 6.54995e+15	5.89e-01	4.11e-01	2.23e-09
 6.55679e+15	6.00e-01	4.00e-01	2.31e-09
 6.56373e+15	6.11e-01	3.89e-01	2.39e-09
 6.57059e+15	6.21e-01	3.79e-01	2.47e-09
 6.57736e+15	6.32e-01	3.68e-01	2.55e-09
 6.58410e+15	6.43e-01	3.57e-01	2.62e-09
 6.59085e+15	6.53e-01	3.47e-01	2.70e-09
 6.59761e+15	6.63e-01	3.37e-01	2.78e-09
 6.60431e+15	6.73e-01	3.27e-01	2.84e-09
 6.61099e+15	6.83e-01	3.17e-01	2.92e-09
 6.61770e+15	6.93e-01	3.07e-01	2.99e-09
 6.62440e+15	7.02e-01	2.98e-01	3.06e-09
 6.63105e+15	7.12e-01	2.88e-01	3.12e-09
 6.63772e+15	7.21e-01	2.79e-01	3.18e-09
 6.64442e+15	7.30e-01	2.70e-01	3.25e-09
 6.65111e+15	7.39e-01	2.61e-01	3.31e-09
 6.65782e+15	7.48e-01	2.52e-01	3.37e-09
 6.66446e+15	7.56e-01	2.44e-01	3.42e-09
 6.67103e+15	7.65e-01	2.35e-01	3.47e-09
 6.67766e+15	7.73e-01	2.27e-01	3.53e-09
 6.68439e+15	7.81e-01	2.19e-01	3.57e-09
 6.69113e+15	7.89e-01	2.11e-01	3.62e-09
 6.69778e+15	7.97e-01	2.03e-01	3.66e-09
 6.70448e+15	8.04e-01	1.96e-01	3.71e-09
 6.71122e+15	8.11e-01	1.89e-01	3.75e-09
 6.71789e+15	8.18e-01	1.82e-01	3.78e-09
 6.72452e+15	8.25e-01	1.75e-01	3.81e-09
 6.73128e+15	8.32e-01	1.68e-01	3.84e-09
 6.73810e+15	8.38e-01	1.62e-01	3.87e-09
 6.74483e+15	8.44e-01	1.56e-01	3.90e-09
 6.75148e+15	8.50e-01	1.50e-01	3.92e-09
 6.75817e+15	8.56e-01	1.44e-01	3.93e-09
 6.76501e+15	8.62e-01	1.38e-01	3.95e-09
 6.77191e+15	8.67e-01	1.33e-01	3.97e-09
 6.77866e+15	8.72e-01	1.28e-01	3.99e-09
 6.78534e+15	8.77e-01	1.23e-01	4.00e-09
 6.79210e+15	8.82e-01	1.18e-01	4.01e-09
 6.79895e+15	8.87e-01	1.13e-01	4.02e-09
 6.80576e+15	8.91e-01	1.09e-01	4.02e-09
 6.81248e+15	8.96e-01	1.04e-01	4.03e-09
 6.81915e+15	9.00e-01	1.00e-01	4.02e-09
 6.82597e+15	9.04e-01	9.59e-02	4.01e-09
 6.83297e+15	9.08e-01	9.20e-02	4.02e-09
 6.83968e+15	9.12e-01	8.83e-02	4.01e-09
 6.84622e+15	9.15e-01	8.48e-02	4.00e-09
 6.85297e+15	9.19e-01	8.14e-02	3.99e-09
 6.85981e+15	9.22e-01	7.80e-02	3.97e-09
 6.86653e+15	9.25e-01	7.49e-02	3.96e-09
 6.87310e+15	9.28e-01	7.19e-02	3.94e-09
 6.87947e+15	9.31e-01	6.92e-02	3.92e-09
 6.88547e+15	9.33e-01	6.67e-02	3.91e-09
 6.89109e+15	9.36e-01	6.45e-02	3.89e-09
 6.89632e+15	9.38e-01	6.24e-02	3.86e-09
 6.90114e+15	9.39e-01	6.06e-02	3.84e-09
 6.90568e+15	9.41e-01	5.89e-02	3.82e-09
 6.91003e+15	9.43e-01	5.73e-02	3.79e-09
 6.91419e+15	9.44e-01	5.59e-02	3.77e-09
 6.91813e+15	9.46e-01	5.45e-02	3.74e-09
 6.92188e+15	9.47e-01	5.32e-02	3.72e-09
 6.92547e+15	9.48e-01	5.20e-02	3.69e-09
 6.92893e+15	9.49e-01	5.09e-02	3.67e-09
 6.93229e+15	9.50e-01	4.98e-02	3.64e-09
 6.93554e+15	9.51e-01	4.88e-02	3.61e-09
 6.93873e+15	9.52e-01	4.78e-02	3.58e-09
 6.94193e+15	9.53e-01	4.69e-02	3.56e-09
 6.94515e+15	9.54e-01	4.59e-02	3.52e-09
 6.94842e+15	9.55e-01	4.49e-02	3.49e-09
 6.95181e+15	9.56e-01	4.40e-02	3.45e-09
 6.95530e+15	9.57e-01	4.30e-02	3.41e-09
 6.95862e+15	9.58e-01	4.20e-02	3.37e-09
 6.96159e+15	9.59e-01	4.13e-02	3.34e-09
 6.96426e+15	9.59e-01	4.05e-02	3.30e-09
 6.96676e+15	9.60e-01	3.98e-02	3.27e-09
 6.96915e+15	9.61e-01	3.92e-02	3.23e-09
 6.97144e+15	9.61e-01	3.85e-02	3.19e-09
 6.97356e+15	9.62e-01	3.80e-02	3.16e-09
 6.97549e+15	9.63e-01	3.74e-02	3.13e-09
 6.97725e+15	9.63e-01	3.69e-02	3.09e-09
 6.97885e+15	9.64e-01	3.65e-02	3.06e-09
 6.98031e+15	9.64e-01	3.61e-02	3.04e-09
 6.98163e+15	9.64e-01	3.58e-02	3.02e-09
 6.98309e+15	9.65e-01	3.53e-02	2.98e-09
 6.98465e+15	9.65e-01	3.49e-02	2.96e-09
 6.98608e+15	9.65e-01	3.45e-02	2.93e-09
 6.98738e+15	9.66e-01	3.42e-02	2.91e-09
 6.98856e+15	9.66e-01	3.39e-02	2.89e-09
 6.98986e+15	9.66e-01	3.35e-02	2.86e-09
 6.99125e+15	9.67e-01	3.32e-02	2.84e-09
 6.99253e+15	9.67e-01	3.29e-02	2.82e-09
