#depth	H	H+	H2
 1.95084e+11	1.72e-03	9.98e-01	7.97e-13
 1.17051e+12	1.72e-03	9.98e-01	7.99e-13
 5.07219e+12	1.72e-03	9.98e-01	8.04e-13
 2.06789e+13	1.73e-03	9.98e-01	8.09e-13
 4.93954e+13	1.72e-03	9.98e-01	8.20e-13
 8.67267e+13	1.71e-03	9.98e-01	8.41e-13
 1.35257e+14	1.70e-03	9.98e-01	8.48e-13
 1.98347e+14	1.70e-03	9.98e-01	8.76e-13
 2.80364e+14	1.69e-03	9.98e-01	8.89e-13
 3.86986e+14	1.68e-03	9.98e-01	9.18e-13
 5.25595e+14	1.68e-03	9.98e-01	9.51e-13
 7.05786e+14	1.67e-03	9.98e-01	9.91e-13
 9.40035e+14	1.67e-03	9.98e-01	1.04e-12
 1.24456e+15	1.67e-03	9.98e-01	1.09e-12
 1.64044e+15	1.68e-03	9.98e-01	1.14e-12
 2.15508e+15	1.69e-03	9.98e-01	1.19e-12
 2.73271e+15	1.70e-03	9.98e-01	1.22e-12
 3.26955e+15	1.71e-03	9.98e-01	1.23e-12
 3.74899e+15	1.73e-03	9.98e-01	1.21e-12
 4.20760e+15	1.75e-03	9.98e-01	1.17e-12
 4.65870e+15	1.77e-03	9.98e-01	1.11e-12
 5.12457e+15	1.80e-03	9.98e-01	1.04e-12
 5.60848e+15	1.93e-03	9.98e-01	9.35e-13
 5.97065e+15	1.96e-03	9.98e-01	8.82e-13
 6.21340e+15	1.98e-03	9.98e-01	8.34e-13
 6.49043e+15	2.01e-03	9.98e-01	7.73e-13
 6.85056e+15	2.03e-03	9.98e-01	6.89e-13
 7.31874e+15	2.07e-03	9.98e-01	5.96e-13
 7.84419e+15	2.12e-03	9.98e-01	5.24e-13
 8.34236e+15	2.20e-03	9.98e-01	4.79e-13
 8.80494e+15	2.28e-03	9.98e-01	4.56e-13
 9.32301e+15	2.40e-03	9.98e-01	4.36e-13
 9.87811e+15	2.57e-03	9.97e-01	4.45e-13
 1.03408e+16	2.77e-03	9.97e-01	4.71e-13
 1.06996e+16	2.95e-03	9.97e-01	5.01e-13
 1.10111e+16	3.13e-03	9.97e-01	5.29e-13
 1.12936e+16	3.32e-03	9.97e-01	5.63e-13
 1.15310e+16	3.51e-03	9.96e-01	5.98e-13
 1.17355e+16	3.68e-03	9.96e-01	6.31e-13
 1.19237e+16	3.86e-03	9.96e-01	6.63e-13
 1.21026e+16	4.04e-03	9.96e-01	6.96e-13
 1.22681e+16	4.23e-03	9.96e-01	7.32e-13
 1.24164e+16	4.41e-03	9.96e-01	7.66e-13
 1.25484e+16	4.58e-03	9.95e-01	7.98e-13
 1.26670e+16	4.74e-03	9.95e-01	8.29e-13
 1.27751e+16	4.90e-03	9.95e-01	8.57e-13
 1.28741e+16	5.05e-03	9.95e-01	8.85e-13
 1.29644e+16	5.20e-03	9.95e-01	9.11e-13
 1.30466e+16	5.33e-03	9.95e-01	9.37e-13
 1.31216e+16	5.46e-03	9.95e-01	9.60e-13
 1.31908e+16	5.58e-03	9.94e-01	9.83e-13
 1.32550e+16	5.69e-03	9.94e-01	1.01e-12
 1.33155e+16	5.80e-03	9.94e-01	1.03e-12
 1.33732e+16	5.91e-03	9.94e-01	1.05e-12
 1.34294e+16	6.02e-03	9.94e-01	1.07e-12
 1.34938e+16	6.13e-03	9.94e-01	1.10e-12
 1.35650e+16	6.27e-03	9.94e-01	1.13e-12
 1.36340e+16	6.41e-03	9.94e-01	1.15e-12
 1.37125e+16	6.54e-03	9.93e-01	1.17e-12
 1.38147e+16	6.71e-03	9.93e-01	1.18e-12
 1.39474e+16	6.93e-03	9.93e-01	1.18e-12
 1.41200e+16	7.20e-03	9.93e-01	1.17e-12
 1.43444e+16	7.57e-03	9.92e-01	1.16e-12
 1.46361e+16	8.09e-03	9.92e-01	1.15e-12
 1.49809e+16	8.81e-03	9.91e-01	1.16e-12
 1.53276e+16	9.70e-03	9.90e-01	1.18e-12
 1.56506e+16	1.07e-02	9.89e-01	1.21e-12
 1.59608e+16	1.17e-02	9.88e-01	1.25e-12
 1.62673e+16	1.28e-02	9.87e-01	1.29e-12
 1.65707e+16	1.41e-02	9.86e-01	1.33e-12
 1.68699e+16	1.57e-02	9.84e-01	1.39e-12
 1.71655e+16	1.74e-02	9.83e-01	1.46e-12
 1.74591e+16	1.95e-02	9.80e-01	1.55e-12
 1.77526e+16	2.21e-02	9.78e-01	1.65e-12
 1.80481e+16	2.53e-02	9.75e-01	1.80e-12
 1.83487e+16	2.95e-02	9.71e-01	2.00e-12
 1.86377e+16	3.51e-02	9.65e-01	2.30e-12
 1.88822e+16	4.19e-02	9.58e-01	2.69e-12
 1.90729e+16	4.94e-02	9.51e-01	3.15e-12
 1.92260e+16	5.72e-02	9.43e-01	3.65e-12
 1.93619e+16	6.64e-02	9.34e-01	4.27e-12
 1.94895e+16	7.78e-02	9.22e-01	5.09e-12
 1.96052e+16	9.19e-02	9.08e-01	6.18e-12
 1.97035e+16	1.08e-01	8.92e-01	7.56e-12
 1.97851e+16	1.27e-01	8.73e-01	9.31e-12
 1.98544e+16	1.49e-01	8.51e-01	1.15e-11
 1.99154e+16	1.73e-01	8.27e-01	1.43e-11
 1.99703e+16	2.02e-01	7.98e-01	1.81e-11
 2.00194e+16	2.37e-01	7.63e-01	2.35e-11
 2.00628e+16	2.77e-01	7.23e-01	3.08e-11
 2.00977e+16	3.19e-01	6.81e-01	4.02e-11
 2.01220e+16	3.55e-01	6.45e-01	4.99e-11
 2.01386e+16	3.83e-01	6.17e-01	5.89e-11
 2.01519e+16	4.07e-01	5.93e-01	6.78e-11
 2.01642e+16	4.32e-01	5.68e-01	7.82e-11
 2.01759e+16	4.57e-01	5.43e-01	9.02e-11
 2.01863e+16	4.81e-01	5.19e-01	1.04e-10
 2.01953e+16	5.03e-01	4.97e-01	1.17e-10
 2.02032e+16	5.24e-01	4.76e-01	1.32e-10
 2.02104e+16	5.43e-01	4.57e-01	1.48e-10
 2.02162e+16	5.59e-01	4.41e-01	1.62e-10
 2.02204e+16	5.71e-01	4.29e-01	1.74e-10
 2.02243e+16	5.82e-01	4.18e-01	1.86e-10
 2.02285e+16	5.94e-01	4.06e-01	2.00e-10
 2.02329e+16	6.08e-01	3.92e-01	2.17e-10
 2.02371e+16	6.21e-01	3.79e-01	2.35e-10
 2.02411e+16	6.33e-01	3.67e-01	2.54e-10
 2.02450e+16	6.45e-01	3.55e-01	2.74e-10
 2.02488e+16	6.57e-01	3.43e-01	2.96e-10
 2.02525e+16	6.68e-01	3.32e-01	3.20e-10
 2.02561e+16	6.80e-01	3.20e-01	3.46e-10
 2.02597e+16	6.91e-01	3.09e-01	3.74e-10
 2.02631e+16	7.02e-01	2.98e-01	4.05e-10
 2.02665e+16	7.13e-01	2.87e-01	4.38e-10
 2.02698e+16	7.24e-01	2.76e-01	4.74e-10
 2.02731e+16	7.34e-01	2.66e-01	5.12e-10
 2.02763e+16	7.44e-01	2.56e-01	5.54e-10
 2.02794e+16	7.54e-01	2.46e-01	6.00e-10
 2.02825e+16	7.64e-01	2.36e-01	6.49e-10
 2.02855e+16	7.73e-01	2.27e-01	7.02e-10
 2.02885e+16	7.82e-01	2.18e-01	7.60e-10
 2.02914e+16	7.91e-01	2.09e-01	8.22e-10
 2.02941e+16	7.99e-01	2.01e-01	8.88e-10
 2.02968e+16	8.07e-01	1.93e-01	9.57e-10
 2.02995e+16	8.14e-01	1.86e-01	1.03e-09
 2.03021e+16	8.22e-01	1.78e-01	1.11e-09
 2.03047e+16	8.29e-01	1.71e-01	1.20e-09
 2.03071e+16	8.36e-01	1.64e-01	1.29e-09
 2.03096e+16	8.42e-01	1.58e-01	1.39e-09
 2.03119e+16	8.48e-01	1.52e-01	1.49e-09
 2.03143e+16	8.54e-01	1.46e-01	1.60e-09
 2.03166e+16	8.60e-01	1.40e-01	1.71e-09
 2.03188e+16	8.66e-01	1.34e-01	1.84e-09
 2.03211e+16	8.71e-01	1.29e-01	1.97e-09
 2.03232e+16	8.76e-01	1.24e-01	2.11e-09
 2.03254e+16	8.81e-01	1.19e-01	2.26e-09
 2.03275e+16	8.85e-01	1.15e-01	2.41e-09
 2.03296e+16	8.90e-01	1.10e-01	2.58e-09
 2.03317e+16	8.94e-01	1.06e-01	2.76e-09
 2.03337e+16	8.98e-01	1.02e-01	2.94e-09
 2.03357e+16	9.02e-01	9.76e-02	3.14e-09
 2.03376e+16	9.06e-01	9.37e-02	3.35e-09
 2.03396e+16	9.10e-01	9.00e-02	3.58e-09
 2.03415e+16	9.13e-01	8.65e-02	3.82e-09
 2.03434e+16	9.17e-01	8.31e-02	4.07e-09
 2.03453e+16	9.20e-01	7.98e-02	4.34e-09
 2.03471e+16	9.23e-01	7.67e-02	4.63e-09
 2.03489e+16	9.26e-01	7.37e-02	4.93e-09
 2.03508e+16	9.29e-01	7.08e-02	5.27e-09
 2.03525e+16	9.32e-01	6.80e-02	5.62e-09
 2.03543e+16	9.35e-01	6.53e-02	6.00e-09
 2.03561e+16	9.37e-01	6.27e-02	6.40e-09
 2.03578e+16	9.40e-01	6.02e-02	6.82e-09
 2.03594e+16	9.42e-01	5.79e-02	7.28e-09
 2.03611e+16	9.44e-01	5.56e-02	7.77e-09
 2.03628e+16	9.47e-01	5.34e-02	8.31e-09
 2.03644e+16	9.49e-01	5.13e-02	8.90e-09
 2.03660e+16	9.51e-01	4.92e-02	9.53e-09
 2.03676e+16	9.53e-01	4.73e-02	1.02e-08
 2.03692e+16	9.55e-01	4.54e-02	1.10e-08
 2.03707e+16	9.56e-01	4.36e-02	1.18e-08
 2.03722e+16	9.58e-01	4.19e-02	1.26e-08
 2.03737e+16	9.60e-01	4.02e-02	1.36e-08
 2.03751e+16	9.61e-01	3.86e-02	1.46e-08
 2.03766e+16	9.63e-01	3.71e-02	1.58e-08
 2.03780e+16	9.64e-01	3.56e-02	1.70e-08
 2.03793e+16	9.66e-01	3.41e-02	1.84e-08
 2.03807e+16	9.67e-01	3.28e-02	1.99e-08
 2.03820e+16	9.69e-01	3.14e-02	2.15e-08
 2.03833e+16	9.70e-01	3.02e-02	2.33e-08
 2.03845e+16	9.71e-01	2.89e-02	2.53e-08
 2.03857e+16	9.72e-01	2.78e-02	2.75e-08
 2.03869e+16	9.73e-01	2.66e-02	2.99e-08
 2.03881e+16	9.74e-01	2.56e-02	3.26e-08
 2.03892e+16	9.75e-01	2.45e-02	3.54e-08
 2.03903e+16	9.77e-01	2.35e-02	3.85e-08
 2.03913e+16	9.77e-01	2.25e-02	4.19e-08
 2.03923e+16	9.78e-01	2.16e-02	4.55e-08
 2.03933e+16	9.79e-01	2.07e-02	4.93e-08
 2.03942e+16	9.80e-01	1.98e-02	5.32e-08
 2.03951e+16	9.81e-01	1.90e-02	5.74e-08
 2.03959e+16	9.82e-01	1.82e-02	6.16e-08
 2.03967e+16	9.83e-01	1.74e-02	6.58e-08
 2.03975e+16	9.83e-01	1.67e-02	7.01e-08
 2.03982e+16	9.84e-01	1.60e-02	7.41e-08
 2.03989e+16	9.85e-01	1.53e-02	7.79e-08
 2.03996e+16	9.85e-01	1.47e-02	8.17e-08
 2.04002e+16	9.86e-01	1.40e-02	8.53e-08
 2.04008e+16	9.87e-01	1.34e-02	8.89e-08
 2.04013e+16	9.87e-01	1.29e-02	9.23e-08
 2.04019e+16	9.88e-01	1.23e-02	9.58e-08
 2.04024e+16	9.88e-01	1.18e-02	9.94e-08
 2.04028e+16	9.89e-01	1.13e-02	1.03e-07
 2.04033e+16	9.89e-01	1.08e-02	1.06e-07
 2.04037e+16	9.90e-01	1.04e-02	1.10e-07
 2.04040e+16	9.90e-01	1.00e-02	1.14e-07
 2.04044e+16	9.90e-01	9.65e-03	1.17e-07
