#depth	O	O+	O+2	O+3	O+4	O+5	O+6	O+7	O+8	O[1]	O[2]	O[3]
 1.95084e+11	6.73e-05	6.46e-02	9.35e-01	1.65e-04	0.00e+00	0.00e+00	0.00e+00	0.00e+00	0.00e+00	4.61e-05	1.48e-05	6.40e-06
 1.17051e+12	6.73e-05	6.47e-02	9.35e-01	1.65e-04	0.00e+00	0.00e+00	0.00e+00	0.00e+00	0.00e+00	4.61e-05	1.48e-05	6.41e-06
 5.07219e+12	6.75e-05	6.48e-02	9.35e-01	1.62e-04	0.00e+00	0.00e+00	0.00e+00	0.00e+00	0.00e+00	4.62e-05	1.49e-05	6.43e-06
 2.06789e+13	6.80e-05	6.51e-02	9.35e-01	1.52e-04	0.00e+00	0.00e+00	0.00e+00	0.00e+00	0.00e+00	4.65e-05	1.50e-05	6.50e-06
 4.93954e+13	6.84e-05	6.57e-02	9.34e-01	1.37e-04	0.00e+00	0.00e+00	0.00e+00	0.00e+00	0.00e+00	4.66e-05	1.52e-05	6.58e-06
 8.67267e+13	6.90e-05	6.64e-02	9.33e-01	1.21e-04	0.00e+00	0.00e+00	0.00e+00	0.00e+00	0.00e+00	4.70e-05	1.53e-05	6.64e-06
 1.35257e+14	6.99e-05	6.73e-02	9.33e-01	1.02e-04	0.00e+00	0.00e+00	0.00e+00	0.00e+00	0.00e+00	4.76e-05	1.55e-05	6.75e-06
 1.98347e+14	7.11e-05	6.84e-02	9.31e-01	8.15e-05	0.00e+00	0.00e+00	0.00e+00	0.00e+00	0.00e+00	4.84e-05	1.58e-05	6.86e-06
 2.80364e+14	7.28e-05	6.99e-02	9.30e-01	6.09e-05	0.00e+00	0.00e+00	0.00e+00	0.00e+00	0.00e+00	4.96e-05	1.62e-05	7.03e-06
 3.86986e+14	7.51e-05	7.19e-02	9.28e-01	4.17e-05	0.00e+00	0.00e+00	0.00e+00	0.00e+00	0.00e+00	5.11e-05	1.67e-05	7.26e-06
 5.25595e+14	7.82e-05	7.45e-02	9.25e-01	2.55e-05	0.00e+00	0.00e+00	0.00e+00	0.00e+00	0.00e+00	5.32e-05	1.74e-05	7.56e-06
 7.05786e+14	8.26e-05	7.80e-02	9.22e-01	1.35e-05	0.00e+00	0.00e+00	0.00e+00	0.00e+00	0.00e+00	5.62e-05	1.84e-05	7.99e-06
 9.40035e+14	8.87e-05	8.28e-02	9.17e-01	5.95e-06	0.00e+00	0.00e+00	0.00e+00	0.00e+00	0.00e+00	6.04e-05	1.98e-05	8.59e-06
 1.24456e+15	9.76e-05	8.96e-02	9.10e-01	2.09e-06	0.00e+00	0.00e+00	0.00e+00	0.00e+00	0.00e+00	6.64e-05	2.18e-05	9.45e-06
 1.64044e+15	1.11e-04	9.95e-02	9.00e-01	5.53e-07	0.00e+00	0.00e+00	0.00e+00	0.00e+00	0.00e+00	7.54e-05	2.48e-05	1.07e-05
 2.15508e+15	1.32e-04	1.14e-01	8.85e-01	0.00e+00	0.00e+00	0.00e+00	0.00e+00	0.00e+00	0.00e+00	8.96e-05	2.94e-05	1.28e-05
 2.73271e+15	1.60e-04	1.35e-01	8.65e-01	0.00e+00	0.00e+00	0.00e+00	0.00e+00	0.00e+00	0.00e+00	1.09e-04	3.57e-05	1.55e-05
 3.26955e+15	1.94e-04	1.59e-01	8.41e-01	0.00e+00	0.00e+00	0.00e+00	0.00e+00	0.00e+00	0.00e+00	1.32e-04	4.33e-05	1.88e-05
 3.74899e+15	2.33e-04	1.85e-01	8.15e-01	0.00e+00	0.00e+00	0.00e+00	0.00e+00	0.00e+00	0.00e+00	1.58e-04	5.20e-05	2.26e-05
 4.20760e+15	2.80e-04	2.16e-01	7.84e-01	0.00e+00	0.00e+00	0.00e+00	0.00e+00	0.00e+00	0.00e+00	1.91e-04	6.25e-05	2.72e-05
 4.65870e+15	3.38e-04	2.52e-01	7.47e-01	0.00e+00	0.00e+00	0.00e+00	0.00e+00	0.00e+00	0.00e+00	2.30e-04	7.54e-05	3.28e-05
 5.12457e+15	4.14e-04	2.98e-01	7.01e-01	0.00e+00	0.00e+00	0.00e+00	0.00e+00	0.00e+00	0.00e+00	2.82e-04	9.22e-05	4.02e-05
 5.60848e+15	5.77e-04	3.71e-01	6.28e-01	0.00e+00	0.00e+00	0.00e+00	0.00e+00	0.00e+00	0.00e+00	3.89e-04	1.31e-04	5.65e-05
 5.97065e+15	6.94e-04	4.32e-01	5.67e-01	0.00e+00	0.00e+00	0.00e+00	0.00e+00	0.00e+00	0.00e+00	4.68e-04	1.58e-04	6.81e-05
 6.21340e+15	7.82e-04	4.77e-01	5.22e-01	0.00e+00	0.00e+00	0.00e+00	0.00e+00	0.00e+00	0.00e+00	5.28e-04	1.78e-04	7.68e-05
 6.49043e+15	8.92e-04	5.32e-01	4.68e-01	0.00e+00	0.00e+00	0.00e+00	0.00e+00	0.00e+00	0.00e+00	6.02e-04	2.03e-04	8.76e-05
 6.85056e+15	1.04e-03	6.04e-01	3.95e-01	0.00e+00	0.00e+00	0.00e+00	0.00e+00	0.00e+00	0.00e+00	7.04e-04	2.37e-04	1.03e-04
 7.31874e+15	1.25e-03	6.97e-01	3.01e-01	0.00e+00	0.00e+00	0.00e+00	0.00e+00	0.00e+00	0.00e+00	8.44e-04	2.84e-04	1.23e-04
 7.84419e+15	1.48e-03	7.90e-01	2.09e-01	0.00e+00	0.00e+00	0.00e+00	0.00e+00	0.00e+00	0.00e+00	1.00e-03	3.36e-04	1.46e-04
 8.34236e+15	1.70e-03	8.59e-01	1.39e-01	0.00e+00	0.00e+00	0.00e+00	0.00e+00	0.00e+00	0.00e+00	1.15e-03	3.85e-04	1.68e-04
 8.80494e+15	1.90e-03	9.07e-01	9.14e-02	0.00e+00	0.00e+00	0.00e+00	0.00e+00	0.00e+00	0.00e+00	1.28e-03	4.29e-04	1.88e-04
 9.32301e+15	2.12e-03	9.43e-01	5.53e-02	0.00e+00	0.00e+00	0.00e+00	0.00e+00	0.00e+00	0.00e+00	1.43e-03	4.77e-04	2.09e-04
 9.87811e+15	2.38e-03	9.65e-01	3.23e-02	0.00e+00	0.00e+00	0.00e+00	0.00e+00	0.00e+00	0.00e+00	1.61e-03	5.36e-04	2.35e-04
 1.03408e+16	2.64e-03	9.77e-01	2.04e-02	0.00e+00	0.00e+00	0.00e+00	0.00e+00	0.00e+00	0.00e+00	1.78e-03	5.94e-04	2.61e-04
 1.06996e+16	2.87e-03	9.83e-01	1.41e-02	0.00e+00	0.00e+00	0.00e+00	0.00e+00	0.00e+00	0.00e+00	1.94e-03	6.48e-04	2.84e-04
 1.10111e+16	3.10e-03	9.87e-01	1.00e-02	0.00e+00	0.00e+00	0.00e+00	0.00e+00	0.00e+00	0.00e+00	2.09e-03	6.98e-04	3.07e-04
 1.12936e+16	3.34e-03	9.89e-01	7.35e-03	0.00e+00	0.00e+00	0.00e+00	0.00e+00	0.00e+00	0.00e+00	2.26e-03	7.53e-04	3.30e-04
 1.15310e+16	3.56e-03	9.91e-01	5.60e-03	0.00e+00	0.00e+00	0.00e+00	0.00e+00	0.00e+00	0.00e+00	2.41e-03	8.04e-04	3.53e-04
 1.17355e+16	3.78e-03	9.92e-01	4.38e-03	0.00e+00	0.00e+00	0.00e+00	0.00e+00	0.00e+00	0.00e+00	2.55e-03	8.52e-04	3.74e-04
 1.19237e+16	3.99e-03	9.93e-01	3.46e-03	0.00e+00	0.00e+00	0.00e+00	0.00e+00	0.00e+00	0.00e+00	2.70e-03	9.00e-04	3.95e-04
 1.21026e+16	4.21e-03	9.93e-01	2.73e-03	0.00e+00	0.00e+00	0.00e+00	0.00e+00	0.00e+00	0.00e+00	2.85e-03	9.50e-04	4.16e-04
 1.22681e+16	4.44e-03	9.93e-01	2.17e-03	0.00e+00	0.00e+00	0.00e+00	0.00e+00	0.00e+00	0.00e+00	3.00e-03	1.00e-03	4.39e-04
 1.24164e+16	4.66e-03	9.94e-01	1.75e-03	0.00e+00	0.00e+00	0.00e+00	0.00e+00	0.00e+00	0.00e+00	3.15e-03	1.05e-03	4.60e-04
 1.25484e+16	4.87e-03	9.94e-01	1.41e-03	0.00e+00	0.00e+00	0.00e+00	0.00e+00	0.00e+00	0.00e+00	3.29e-03	1.10e-03	4.81e-04
 1.26670e+16	5.07e-03	9.94e-01	1.16e-03	0.00e+00	0.00e+00	0.00e+00	0.00e+00	0.00e+00	0.00e+00	3.42e-03	1.14e-03	5.01e-04
 1.27751e+16	5.26e-03	9.94e-01	9.45e-04	0.00e+00	0.00e+00	0.00e+00	0.00e+00	0.00e+00	0.00e+00	3.55e-03	1.19e-03	5.20e-04
 1.28741e+16	5.45e-03	9.94e-01	7.73e-04	0.00e+00	0.00e+00	0.00e+00	0.00e+00	0.00e+00	0.00e+00	3.68e-03	1.23e-03	5.38e-04
 1.29644e+16	5.62e-03	9.94e-01	6.32e-04	0.00e+00	0.00e+00	0.00e+00	0.00e+00	0.00e+00	0.00e+00	3.79e-03	1.27e-03	5.56e-04
 1.30466e+16	5.78e-03	9.94e-01	5.17e-04	0.00e+00	0.00e+00	0.00e+00	0.00e+00	0.00e+00	0.00e+00	3.90e-03	1.31e-03	5.72e-04
 1.31216e+16	5.94e-03	9.94e-01	4.21e-04	0.00e+00	0.00e+00	0.00e+00	0.00e+00	0.00e+00	0.00e+00	4.01e-03	1.34e-03	5.87e-04
 1.31908e+16	6.09e-03	9.94e-01	3.41e-04	0.00e+00	0.00e+00	0.00e+00	0.00e+00	0.00e+00	0.00e+00	4.11e-03	1.38e-03	6.02e-04
 1.32550e+16	6.23e-03	9.93e-01	2.73e-04	0.00e+00	0.00e+00	0.00e+00	0.00e+00	0.00e+00	0.00e+00	4.21e-03	1.41e-03	6.16e-04
 1.33155e+16	6.36e-03	9.93e-01	2.17e-04	0.00e+00	0.00e+00	0.00e+00	0.00e+00	0.00e+00	0.00e+00	4.30e-03	1.44e-03	6.30e-04
 1.33732e+16	6.50e-03	9.93e-01	1.70e-04	0.00e+00	0.00e+00	0.00e+00	0.00e+00	0.00e+00	0.00e+00	4.38e-03	1.47e-03	6.43e-04
 1.34294e+16	6.63e-03	9.93e-01	1.31e-04	0.00e+00	0.00e+00	0.00e+00	0.00e+00	0.00e+00	0.00e+00	4.47e-03	1.50e-03	6.56e-04
 1.34938e+16	6.77e-03	9.93e-01	9.38e-05	0.00e+00	0.00e+00	0.00e+00	0.00e+00	0.00e+00	0.00e+00	4.57e-03	1.54e-03	6.71e-04
 1.35650e+16	6.95e-03	9.93e-01	6.33e-05	0.00e+00	0.00e+00	0.00e+00	0.00e+00	0.00e+00	0.00e+00	4.68e-03	1.58e-03	6.88e-04
 1.36340e+16	7.12e-03	9.93e-01	4.20e-05	0.00e+00	0.00e+00	0.00e+00	0.00e+00	0.00e+00	0.00e+00	4.80e-03	1.62e-03	7.06e-04
 1.37125e+16	7.28e-03	9.93e-01	2.60e-05	0.00e+00	0.00e+00	0.00e+00	0.00e+00	0.00e+00	0.00e+00	4.91e-03	1.66e-03	7.22e-04
 1.38147e+16	7.50e-03	9.92e-01	1.40e-05	0.00e+00	0.00e+00	0.00e+00	0.00e+00	0.00e+00	0.00e+00	5.05e-03	1.70e-03	7.43e-04
 1.39474e+16	7.76e-03	9.92e-01	6.36e-06	0.00e+00	0.00e+00	0.00e+00	0.00e+00	0.00e+00	0.00e+00	5.23e-03	1.76e-03	7.70e-04
 1.41200e+16	8.09e-03	9.92e-01	2.39e-06	0.00e+00	0.00e+00	0.00e+00	0.00e+00	0.00e+00	0.00e+00	5.45e-03	1.83e-03	8.04e-04
 1.43444e+16	8.55e-03	9.91e-01	7.19e-07	0.00e+00	0.00e+00	0.00e+00	0.00e+00	0.00e+00	0.00e+00	5.77e-03	1.93e-03	8.50e-04
 1.46361e+16	9.18e-03	9.91e-01	1.69e-07	0.00e+00	0.00e+00	0.00e+00	0.00e+00	0.00e+00	0.00e+00	6.21e-03	2.06e-03	9.14e-04
 1.49809e+16	1.01e-02	9.90e-01	3.40e-08	0.00e+00	0.00e+00	0.00e+00	0.00e+00	0.00e+00	0.00e+00	6.82e-03	2.25e-03	1.00e-03
 1.53276e+16	1.12e-02	9.89e-01	7.47e-09	0.00e+00	0.00e+00	0.00e+00	0.00e+00	0.00e+00	0.00e+00	7.57e-03	2.48e-03	1.11e-03
 1.56506e+16	1.23e-02	9.88e-01	1.99e-09	0.00e+00	0.00e+00	0.00e+00	0.00e+00	0.00e+00	0.00e+00	8.37e-03	2.72e-03	1.23e-03
 1.59608e+16	1.36e-02	9.86e-01	5.94e-10	0.00e+00	0.00e+00	0.00e+00	0.00e+00	0.00e+00	0.00e+00	9.23e-03	2.99e-03	1.36e-03
 1.62673e+16	1.50e-02	9.85e-01	1.92e-10	0.00e+00	0.00e+00	0.00e+00	0.00e+00	0.00e+00	0.00e+00	1.02e-02	3.28e-03	1.50e-03
 1.65707e+16	1.66e-02	9.83e-01	6.80e-11	0.00e+00	0.00e+00	0.00e+00	0.00e+00	0.00e+00	0.00e+00	1.13e-02	3.62e-03	1.67e-03
 1.68699e+16	1.85e-02	9.82e-01	2.73e-11	0.00e+00	0.00e+00	0.00e+00	0.00e+00	0.00e+00	0.00e+00	1.26e-02	4.00e-03	1.86e-03
 1.71655e+16	2.06e-02	9.79e-01	1.32e-11	0.00e+00	0.00e+00	0.00e+00	0.00e+00	0.00e+00	0.00e+00	1.41e-02	4.44e-03	2.08e-03
 1.74591e+16	2.32e-02	9.77e-01	7.95e-12	0.00e+00	0.00e+00	0.00e+00	0.00e+00	0.00e+00	0.00e+00	1.59e-02	4.97e-03	2.33e-03
 1.77526e+16	2.63e-02	9.74e-01	5.88e-12	0.00e+00	0.00e+00	0.00e+00	0.00e+00	0.00e+00	0.00e+00	1.81e-02	5.60e-03	2.64e-03
 1.80481e+16	3.03e-02	9.70e-01	4.95e-12	0.00e+00	0.00e+00	0.00e+00	0.00e+00	0.00e+00	0.00e+00	2.08e-02	6.39e-03	3.03e-03
 1.83487e+16	3.54e-02	9.65e-01	4.45e-12	0.00e+00	0.00e+00	0.00e+00	0.00e+00	0.00e+00	0.00e+00	2.44e-02	7.43e-03	3.53e-03
 1.86377e+16	4.23e-02	9.58e-01	4.10e-12	0.00e+00	0.00e+00	0.00e+00	0.00e+00	0.00e+00	0.00e+00	2.92e-02	8.83e-03	4.21e-03
 1.88822e+16	5.06e-02	9.49e-01	3.83e-12	0.00e+00	0.00e+00	0.00e+00	0.00e+00	0.00e+00	0.00e+00	3.50e-02	1.05e-02	5.03e-03
 1.90729e+16	5.96e-02	9.40e-01	3.58e-12	0.00e+00	0.00e+00	0.00e+00	0.00e+00	0.00e+00	0.00e+00	4.14e-02	1.23e-02	5.91e-03
 1.92260e+16	6.92e-02	9.31e-01	3.40e-12	0.00e+00	0.00e+00	0.00e+00	0.00e+00	0.00e+00	0.00e+00	4.80e-02	1.43e-02	6.85e-03
 1.93619e+16	8.02e-02	9.20e-01	3.23e-12	0.00e+00	0.00e+00	0.00e+00	0.00e+00	0.00e+00	0.00e+00	5.58e-02	1.65e-02	7.93e-03
 1.94895e+16	9.40e-02	9.06e-01	3.05e-12	0.00e+00	0.00e+00	0.00e+00	0.00e+00	0.00e+00	0.00e+00	6.54e-02	1.93e-02	9.28e-03
 1.96052e+16	1.11e-01	8.89e-01	2.88e-12	0.00e+00	0.00e+00	0.00e+00	0.00e+00	0.00e+00	0.00e+00	7.72e-02	2.27e-02	1.09e-02
 1.97035e+16	1.30e-01	8.70e-01	2.72e-12	0.00e+00	0.00e+00	0.00e+00	0.00e+00	0.00e+00	0.00e+00	9.09e-02	2.66e-02	1.28e-02
 1.97851e+16	1.53e-01	8.47e-01	2.58e-12	0.00e+00	0.00e+00	0.00e+00	0.00e+00	0.00e+00	0.00e+00	1.06e-01	3.11e-02	1.50e-02
 1.98544e+16	1.77e-01	8.23e-01	2.44e-12	0.00e+00	0.00e+00	0.00e+00	0.00e+00	0.00e+00	0.00e+00	1.24e-01	3.60e-02	1.74e-02
 1.99154e+16	2.06e-01	7.94e-01	2.33e-12	0.00e+00	0.00e+00	0.00e+00	0.00e+00	0.00e+00	0.00e+00	1.44e-01	4.16e-02	2.02e-02
 1.99703e+16	2.39e-01	7.61e-01	2.21e-12	0.00e+00	0.00e+00	0.00e+00	0.00e+00	0.00e+00	0.00e+00	1.68e-01	4.82e-02	2.34e-02
 2.00194e+16	2.78e-01	7.22e-01	2.10e-12	0.00e+00	0.00e+00	0.00e+00	0.00e+00	0.00e+00	0.00e+00	1.95e-01	5.58e-02	2.72e-02
 2.00628e+16	3.23e-01	6.77e-01	1.99e-12	0.00e+00	0.00e+00	0.00e+00	0.00e+00	0.00e+00	0.00e+00	2.27e-01	6.42e-02	3.14e-02
 2.00977e+16	3.68e-01	6.32e-01	1.89e-12	0.00e+00	0.00e+00	0.00e+00	0.00e+00	0.00e+00	0.00e+00	2.59e-01	7.27e-02	3.57e-02
 2.01220e+16	4.06e-01	5.94e-01	1.81e-12	0.00e+00	0.00e+00	0.00e+00	0.00e+00	0.00e+00	0.00e+00	2.87e-01	7.97e-02	3.92e-02
 2.01386e+16	4.35e-01	5.65e-01	1.74e-12	0.00e+00	0.00e+00	0.00e+00	0.00e+00	0.00e+00	0.00e+00	3.08e-01	8.50e-02	4.19e-02
 2.01519e+16	4.61e-01	5.39e-01	1.69e-12	0.00e+00	0.00e+00	0.00e+00	0.00e+00	0.00e+00	0.00e+00	3.27e-01	8.95e-02	4.43e-02
 2.01642e+16	4.86e-01	5.14e-01	1.64e-12	0.00e+00	0.00e+00	0.00e+00	0.00e+00	0.00e+00	0.00e+00	3.45e-01	9.39e-02	4.66e-02
 2.01759e+16	5.12e-01	4.88e-01	1.58e-12	0.00e+00	0.00e+00	0.00e+00	0.00e+00	0.00e+00	0.00e+00	3.64e-01	9.83e-02	4.88e-02
 2.01863e+16	5.36e-01	4.64e-01	1.52e-12	0.00e+00	0.00e+00	0.00e+00	0.00e+00	0.00e+00	0.00e+00	3.83e-01	1.02e-01	5.10e-02
 2.01953e+16	5.58e-01	4.42e-01	1.47e-12	0.00e+00	0.00e+00	0.00e+00	0.00e+00	0.00e+00	0.00e+00	3.99e-01	1.06e-01	5.29e-02
 2.02032e+16	5.78e-01	4.22e-01	1.43e-12	0.00e+00	0.00e+00	0.00e+00	0.00e+00	0.00e+00	0.00e+00	4.14e-01	1.09e-01	5.46e-02
 2.02104e+16	5.97e-01	4.03e-01	1.38e-12	0.00e+00	0.00e+00	0.00e+00	0.00e+00	0.00e+00	0.00e+00	4.29e-01	1.12e-01	5.62e-02
 2.02162e+16	6.13e-01	3.87e-01	1.34e-12	0.00e+00	0.00e+00	0.00e+00	0.00e+00	0.00e+00	0.00e+00	4.41e-01	1.14e-01	5.75e-02
 2.02204e+16	6.24e-01	3.76e-01	1.32e-12	0.00e+00	0.00e+00	0.00e+00	0.00e+00	0.00e+00	0.00e+00	4.49e-01	1.16e-01	5.84e-02
 2.02243e+16	6.35e-01	3.65e-01	1.29e-12	0.00e+00	0.00e+00	0.00e+00	0.00e+00	0.00e+00	0.00e+00	4.58e-01	1.18e-01	5.93e-02
 2.02285e+16	6.47e-01	3.53e-01	1.26e-12	0.00e+00	0.00e+00	0.00e+00	0.00e+00	0.00e+00	0.00e+00	4.67e-01	1.19e-01	6.02e-02
 2.02329e+16	6.59e-01	3.41e-01	1.23e-12	0.00e+00	0.00e+00	0.00e+00	0.00e+00	0.00e+00	0.00e+00	4.77e-01	1.21e-01	6.12e-02
 2.02371e+16	6.71e-01	3.29e-01	1.19e-12	0.00e+00	0.00e+00	0.00e+00	0.00e+00	0.00e+00	0.00e+00	4.86e-01	1.23e-01	6.21e-02
 2.02411e+16	6.83e-01	3.17e-01	1.16e-12	0.00e+00	0.00e+00	0.00e+00	0.00e+00	0.00e+00	0.00e+00	4.95e-01	1.24e-01	6.30e-02
 2.02450e+16	6.94e-01	3.06e-01	1.13e-12	0.00e+00	0.00e+00	0.00e+00	0.00e+00	0.00e+00	0.00e+00	5.04e-01	1.26e-01	6.38e-02
 2.02488e+16	7.05e-01	2.95e-01	1.10e-12	0.00e+00	0.00e+00	0.00e+00	0.00e+00	0.00e+00	0.00e+00	5.13e-01	1.27e-01	6.46e-02
 2.02525e+16	7.16e-01	2.84e-01	1.07e-12	0.00e+00	0.00e+00	0.00e+00	0.00e+00	0.00e+00	0.00e+00	5.22e-01	1.29e-01	6.54e-02
 2.02561e+16	7.27e-01	2.73e-01	1.04e-12	0.00e+00	0.00e+00	0.00e+00	0.00e+00	0.00e+00	0.00e+00	5.30e-01	1.30e-01	6.61e-02
 2.02597e+16	7.37e-01	2.63e-01	1.01e-12	0.00e+00	0.00e+00	0.00e+00	0.00e+00	0.00e+00	0.00e+00	5.39e-01	1.31e-01	6.68e-02
 2.02631e+16	7.47e-01	2.53e-01	9.80e-13	0.00e+00	0.00e+00	0.00e+00	0.00e+00	0.00e+00	0.00e+00	5.47e-01	1.32e-01	6.75e-02
 2.02665e+16	7.57e-01	2.43e-01	9.50e-13	0.00e+00	0.00e+00	0.00e+00	0.00e+00	0.00e+00	0.00e+00	5.55e-01	1.33e-01	6.81e-02
 2.02698e+16	7.66e-01	2.34e-01	9.21e-13	0.00e+00	0.00e+00	0.00e+00	0.00e+00	0.00e+00	0.00e+00	5.63e-01	1.34e-01	6.87e-02
 2.02731e+16	7.76e-01	2.24e-01	8.92e-13	0.00e+00	0.00e+00	0.00e+00	0.00e+00	0.00e+00	0.00e+00	5.71e-01	1.35e-01	6.92e-02
 2.02763e+16	7.85e-01	2.15e-01	8.64e-13	0.00e+00	0.00e+00	0.00e+00	0.00e+00	0.00e+00	0.00e+00	5.79e-01	1.36e-01	6.96e-02
 2.02794e+16	7.93e-01	2.07e-01	8.36e-13	0.00e+00	0.00e+00	0.00e+00	0.00e+00	0.00e+00	0.00e+00	5.87e-01	1.37e-01	7.00e-02
 2.02825e+16	8.02e-01	1.98e-01	8.09e-13	0.00e+00	0.00e+00	0.00e+00	0.00e+00	0.00e+00	0.00e+00	5.94e-01	1.38e-01	7.04e-02
 2.02855e+16	8.10e-01	1.90e-01	7.82e-13	0.00e+00	0.00e+00	0.00e+00	0.00e+00	0.00e+00	0.00e+00	6.01e-01	1.38e-01	7.08e-02
 2.02885e+16	8.18e-01	1.82e-01	7.55e-13	0.00e+00	0.00e+00	0.00e+00	0.00e+00	0.00e+00	0.00e+00	6.08e-01	1.39e-01	7.11e-02
 2.02914e+16	8.26e-01	1.74e-01	7.29e-13	0.00e+00	0.00e+00	0.00e+00	0.00e+00	0.00e+00	0.00e+00	6.15e-01	1.39e-01	7.14e-02
 2.02941e+16	8.33e-01	1.67e-01	7.05e-13	0.00e+00	0.00e+00	0.00e+00	0.00e+00	0.00e+00	0.00e+00	6.21e-01	1.40e-01	7.16e-02
 2.02968e+16	8.40e-01	1.60e-01	6.81e-13	0.00e+00	0.00e+00	0.00e+00	0.00e+00	0.00e+00	0.00e+00	6.28e-01	1.40e-01	7.18e-02
 2.02995e+16	8.46e-01	1.54e-01	6.58e-13	0.00e+00	0.00e+00	0.00e+00	0.00e+00	0.00e+00	0.00e+00	6.34e-01	1.41e-01	7.20e-02
 2.03021e+16	8.53e-01	1.47e-01	6.35e-13	0.00e+00	0.00e+00	0.00e+00	0.00e+00	0.00e+00	0.00e+00	6.39e-01	1.41e-01	7.22e-02
 2.03047e+16	8.59e-01	1.41e-01	6.14e-13	0.00e+00	0.00e+00	0.00e+00	0.00e+00	0.00e+00	0.00e+00	6.45e-01	1.41e-01	7.23e-02
 2.03071e+16	8.65e-01	1.35e-01	5.93e-13	0.00e+00	0.00e+00	0.00e+00	0.00e+00	0.00e+00	0.00e+00	6.51e-01	1.42e-01	7.24e-02
 2.03096e+16	8.70e-01	1.30e-01	5.73e-13	0.00e+00	0.00e+00	0.00e+00	0.00e+00	0.00e+00	0.00e+00	6.56e-01	1.42e-01	7.25e-02
 2.03119e+16	8.75e-01	1.25e-01	5.53e-13	0.00e+00	0.00e+00	0.00e+00	0.00e+00	0.00e+00	0.00e+00	6.61e-01	1.42e-01	7.26e-02
 2.03143e+16	8.81e-01	1.19e-01	5.34e-13	0.00e+00	0.00e+00	0.00e+00	0.00e+00	0.00e+00	0.00e+00	6.66e-01	1.42e-01	7.27e-02
 2.03166e+16	8.85e-01	1.15e-01	5.16e-13	0.00e+00	0.00e+00	0.00e+00	0.00e+00	0.00e+00	0.00e+00	6.70e-01	1.42e-01	7.27e-02
 2.03188e+16	8.90e-01	1.10e-01	4.98e-13	0.00e+00	0.00e+00	0.00e+00	0.00e+00	0.00e+00	0.00e+00	6.75e-01	1.43e-01	7.27e-02
 2.03211e+16	8.95e-01	1.05e-01	4.81e-13	0.00e+00	0.00e+00	0.00e+00	0.00e+00	0.00e+00	0.00e+00	6.79e-01	1.43e-01	7.28e-02
 2.03232e+16	8.99e-01	1.01e-01	4.64e-13	0.00e+00	0.00e+00	0.00e+00	0.00e+00	0.00e+00	0.00e+00	6.83e-01	1.43e-01	7.28e-02
 2.03254e+16	9.03e-01	9.71e-02	4.49e-13	0.00e+00	0.00e+00	0.00e+00	0.00e+00	0.00e+00	0.00e+00	6.87e-01	1.43e-01	7.28e-02
 2.03275e+16	9.07e-01	9.31e-02	4.34e-13	0.00e+00	0.00e+00	0.00e+00	0.00e+00	0.00e+00	0.00e+00	6.91e-01	1.43e-01	7.28e-02
 2.03296e+16	9.11e-01	8.93e-02	4.18e-13	0.00e+00	0.00e+00	0.00e+00	0.00e+00	0.00e+00	0.00e+00	6.95e-01	1.43e-01	7.28e-02
 2.03317e+16	9.14e-01	8.57e-02	4.04e-13	0.00e+00	0.00e+00	0.00e+00	0.00e+00	0.00e+00	0.00e+00	6.98e-01	1.43e-01	7.27e-02
 2.03337e+16	9.18e-01	8.23e-02	3.89e-13	0.00e+00	0.00e+00	0.00e+00	0.00e+00	0.00e+00	0.00e+00	7.02e-01	1.43e-01	7.27e-02
 2.03357e+16	9.21e-01	7.90e-02	3.76e-13	0.00e+00	0.00e+00	0.00e+00	0.00e+00	0.00e+00	0.00e+00	7.05e-01	1.43e-01	7.27e-02
 2.03376e+16	9.24e-01	7.58e-02	3.63e-13	0.00e+00	0.00e+00	0.00e+00	0.00e+00	0.00e+00	0.00e+00	7.08e-01	1.43e-01	7.27e-02
 2.03396e+16	9.27e-01	7.27e-02	3.51e-13	0.00e+00	0.00e+00	0.00e+00	0.00e+00	0.00e+00	0.00e+00	7.11e-01	1.43e-01	7.26e-02
 2.03415e+16	9.30e-01	6.98e-02	3.39e-13	0.00e+00	0.00e+00	0.00e+00	0.00e+00	0.00e+00	0.00e+00	7.14e-01	1.44e-01	7.26e-02
 2.03434e+16	9.33e-01	6.70e-02	3.26e-13	0.00e+00	0.00e+00	0.00e+00	0.00e+00	0.00e+00	0.00e+00	7.17e-01	1.44e-01	7.26e-02
 2.03453e+16	9.36e-01	6.43e-02	3.15e-13	0.00e+00	0.00e+00	0.00e+00	0.00e+00	0.00e+00	0.00e+00	7.19e-01	1.44e-01	7.25e-02
 2.03471e+16	9.38e-01	6.17e-02	3.04e-13	0.00e+00	0.00e+00	0.00e+00	0.00e+00	0.00e+00	0.00e+00	7.22e-01	1.44e-01	7.25e-02
 2.03489e+16	9.41e-01	5.92e-02	2.93e-13	0.00e+00	0.00e+00	0.00e+00	0.00e+00	0.00e+00	0.00e+00	7.24e-01	1.44e-01	7.24e-02
 2.03508e+16	9.43e-01	5.68e-02	2.83e-13	0.00e+00	0.00e+00	0.00e+00	0.00e+00	0.00e+00	0.00e+00	7.27e-01	1.44e-01	7.24e-02
 2.03525e+16	9.45e-01	5.46e-02	2.73e-13	0.00e+00	0.00e+00	0.00e+00	0.00e+00	0.00e+00	0.00e+00	7.29e-01	1.44e-01	7.24e-02
 2.03543e+16	9.48e-01	5.24e-02	2.63e-13	0.00e+00	0.00e+00	0.00e+00	0.00e+00	0.00e+00	0.00e+00	7.31e-01	1.44e-01	7.23e-02
 2.03561e+16	9.50e-01	5.02e-02	2.54e-13	0.00e+00	0.00e+00	0.00e+00	0.00e+00	0.00e+00	0.00e+00	7.33e-01	1.44e-01	7.23e-02
 2.03578e+16	9.52e-01	4.82e-02	2.45e-13	0.00e+00	0.00e+00	0.00e+00	0.00e+00	0.00e+00	0.00e+00	7.35e-01	1.44e-01	7.23e-02
 2.03594e+16	9.54e-01	4.63e-02	2.36e-13	0.00e+00	0.00e+00	0.00e+00	0.00e+00	0.00e+00	0.00e+00	7.37e-01	1.45e-01	7.23e-02
 2.03611e+16	9.56e-01	4.45e-02	2.28e-13	0.00e+00	0.00e+00	0.00e+00	0.00e+00	0.00e+00	0.00e+00	7.38e-01	1.45e-01	7.23e-02
 2.03628e+16	9.57e-01	4.27e-02	2.19e-13	0.00e+00	0.00e+00	0.00e+00	0.00e+00	0.00e+00	0.00e+00	7.40e-01	1.45e-01	7.22e-02
 2.03644e+16	9.59e-01	4.09e-02	2.11e-13	0.00e+00	0.00e+00	0.00e+00	0.00e+00	0.00e+00	0.00e+00	7.42e-01	1.45e-01	7.22e-02
 2.03660e+16	9.61e-01	3.93e-02	2.04e-13	0.00e+00	0.00e+00	0.00e+00	0.00e+00	0.00e+00	0.00e+00	7.43e-01	1.45e-01	7.22e-02
 2.03676e+16	9.62e-01	3.77e-02	1.96e-13	0.00e+00	0.00e+00	0.00e+00	0.00e+00	0.00e+00	0.00e+00	7.44e-01	1.46e-01	7.22e-02
 2.03692e+16	9.64e-01	3.61e-02	1.89e-13	0.00e+00	0.00e+00	0.00e+00	0.00e+00	0.00e+00	0.00e+00	7.46e-01	1.46e-01	7.22e-02
 2.03707e+16	9.65e-01	3.47e-02	1.82e-13	0.00e+00	0.00e+00	0.00e+00	0.00e+00	0.00e+00	0.00e+00	7.47e-01	1.46e-01	7.22e-02
 2.03722e+16	9.67e-01	3.33e-02	1.75e-13	0.00e+00	0.00e+00	0.00e+00	0.00e+00	0.00e+00	0.00e+00	7.48e-01	1.47e-01	7.23e-02
 2.03737e+16	9.68e-01	3.19e-02	1.69e-13	0.00e+00	0.00e+00	0.00e+00	0.00e+00	0.00e+00	0.00e+00	7.49e-01	1.47e-01	7.23e-02
 2.03751e+16	9.69e-01	3.06e-02	1.62e-13	0.00e+00	0.00e+00	0.00e+00	0.00e+00	0.00e+00	0.00e+00	7.50e-01	1.47e-01	7.23e-02
 2.03766e+16	9.71e-01	2.94e-02	1.56e-13	0.00e+00	0.00e+00	0.00e+00	0.00e+00	0.00e+00	0.00e+00	7.50e-01	1.48e-01	7.24e-02
 2.03780e+16	9.72e-01	2.82e-02	1.50e-13	0.00e+00	0.00e+00	0.00e+00	0.00e+00	0.00e+00	0.00e+00	7.51e-01	1.48e-01	7.24e-02
 2.03793e+16	9.73e-01	2.70e-02	1.44e-13	0.00e+00	0.00e+00	0.00e+00	0.00e+00	0.00e+00	0.00e+00	7.52e-01	1.49e-01	7.25e-02
 2.03807e+16	9.74e-01	2.59e-02	1.39e-13	0.00e+00	0.00e+00	0.00e+00	0.00e+00	0.00e+00	0.00e+00	7.52e-01	1.49e-01	7.25e-02
 2.03820e+16	9.75e-01	2.49e-02	1.33e-13	0.00e+00	0.00e+00	0.00e+00	0.00e+00	0.00e+00	0.00e+00	7.53e-01	1.50e-01	7.26e-02
 2.03833e+16	9.76e-01	2.38e-02	1.28e-13	0.00e+00	0.00e+00	0.00e+00	0.00e+00	0.00e+00	0.00e+00	7.53e-01	1.50e-01	7.27e-02
 2.03845e+16	9.77e-01	2.29e-02	1.23e-13	0.00e+00	0.00e+00	0.00e+00	0.00e+00	0.00e+00	0.00e+00	7.53e-01	1.51e-01	7.28e-02
 2.03857e+16	9.78e-01	2.19e-02	1.18e-13	0.00e+00	0.00e+00	0.00e+00	0.00e+00	0.00e+00	0.00e+00	7.54e-01	1.52e-01	7.29e-02
 2.03869e+16	9.79e-01	2.10e-02	1.13e-13	0.00e+00	0.00e+00	0.00e+00	0.00e+00	0.00e+00	0.00e+00	7.54e-01	1.52e-01	7.30e-02
 2.03881e+16	9.80e-01	2.01e-02	1.08e-13	0.00e+00	0.00e+00	0.00e+00	0.00e+00	0.00e+00	0.00e+00	7.54e-01	1.53e-01	7.31e-02
 2.03892e+16	9.81e-01	1.93e-02	1.04e-13	0.00e+00	0.00e+00	0.00e+00	0.00e+00	0.00e+00	0.00e+00	7.54e-01	1.54e-01	7.32e-02
 2.03903e+16	9.82e-01	1.85e-02	9.92e-14	0.00e+00	0.00e+00	0.00e+00	0.00e+00	0.00e+00	0.00e+00	7.53e-01	1.55e-01	7.34e-02
 2.03913e+16	9.82e-01	1.77e-02	9.48e-14	0.00e+00	0.00e+00	0.00e+00	0.00e+00	0.00e+00	0.00e+00	7.53e-01	1.56e-01	7.35e-02
 2.03923e+16	9.83e-01	1.69e-02	9.07e-14	0.00e+00	0.00e+00	0.00e+00	0.00e+00	0.00e+00	0.00e+00	7.53e-01	1.57e-01	7.37e-02
 2.03933e+16	9.84e-01	1.62e-02	8.66e-14	0.00e+00	0.00e+00	0.00e+00	0.00e+00	0.00e+00	0.00e+00	7.52e-01	1.58e-01	7.39e-02
 2.03942e+16	9.84e-01	1.55e-02	8.27e-14	0.00e+00	0.00e+00	0.00e+00	0.00e+00	0.00e+00	0.00e+00	7.51e-01	1.59e-01	7.41e-02
 2.03951e+16	9.85e-01	1.49e-02	7.88e-14	0.00e+00	0.00e+00	0.00e+00	0.00e+00	0.00e+00	0.00e+00	7.51e-01	1.60e-01	7.43e-02
 2.03959e+16	9.86e-01	1.42e-02	7.51e-14	0.00e+00	0.00e+00	0.00e+00	0.00e+00	0.00e+00	0.00e+00	7.50e-01	1.62e-01	7.45e-02
 2.03967e+16	9.86e-01	1.36e-02	7.15e-14	0.00e+00	0.00e+00	0.00e+00	0.00e+00	0.00e+00	0.00e+00	7.49e-01	1.63e-01	7.47e-02
 2.03975e+16	9.87e-01	1.30e-02	6.80e-14	0.00e+00	0.00e+00	0.00e+00	0.00e+00	0.00e+00	0.00e+00	7.48e-01	1.64e-01	7.49e-02
 2.03982e+16	9.88e-01	1.24e-02	6.46e-14	0.00e+00	0.00e+00	0.00e+00	0.00e+00	0.00e+00	0.00e+00	7.46e-01	1.66e-01	7.52e-02
 2.03989e+16	9.88e-01	1.19e-02	6.13e-14	0.00e+00	0.00e+00	0.00e+00	0.00e+00	0.00e+00	0.00e+00	7.45e-01	1.68e-01	7.54e-02
 2.03996e+16	9.89e-01	1.14e-02	5.82e-14	0.00e+00	0.00e+00	0.00e+00	0.00e+00	0.00e+00	0.00e+00	7.44e-01	1.69e-01	7.57e-02
 2.04002e+16	9.89e-01	1.09e-02	5.51e-14	0.00e+00	0.00e+00	0.00e+00	0.00e+00	0.00e+00	0.00e+00	7.42e-01	1.71e-01	7.60e-02
 2.04008e+16	9.90e-01	1.04e-02	5.21e-14	0.00e+00	0.00e+00	0.00e+00	0.00e+00	0.00e+00	0.00e+00	7.41e-01	1.73e-01	7.62e-02
 2.04013e+16	9.90e-01	9.92e-03	4.93e-14	0.00e+00	0.00e+00	0.00e+00	0.00e+00	0.00e+00	0.00e+00	7.39e-01	1.74e-01	7.65e-02
 2.04019e+16	9.91e-01	9.48e-03	4.66e-14	0.00e+00	0.00e+00	0.00e+00	0.00e+00	0.00e+00	0.00e+00	7.37e-01	1.76e-01	7.68e-02
 2.04024e+16	9.91e-01	9.05e-03	4.40e-14	0.00e+00	0.00e+00	0.00e+00	0.00e+00	0.00e+00	0.00e+00	7.36e-01	1.78e-01	7.71e-02
 2.04028e+16	9.91e-01	8.66e-03	4.16e-14	0.00e+00	0.00e+00	0.00e+00	0.00e+00	0.00e+00	0.00e+00	7.34e-01	1.80e-01	7.73e-02
 2.04033e+16	9.92e-01	8.28e-03	3.93e-14	0.00e+00	0.00e+00	0.00e+00	0.00e+00	0.00e+00	0.00e+00	7.32e-01	1.82e-01	7.76e-02
 2.04037e+16	9.92e-01	7.93e-03	3.71e-14	0.00e+00	0.00e+00	0.00e+00	0.00e+00	0.00e+00	0.00e+00	7.31e-01	1.84e-01	7.78e-02
 2.04040e+16	9.92e-01	7.62e-03	3.53e-14	0.00e+00	0.00e+00	0.00e+00	0.00e+00	0.00e+00	0.00e+00	7.29e-01	1.85e-01	7.80e-02
 2.04044e+16	9.93e-01	7.34e-03	3.35e-14	0.00e+00	0.00e+00	0.00e+00	0.00e+00	0.00e+00	0.00e+00	7.28e-01	1.87e-01	7.82e-02
