#depth	O	O+	O+2	O+3	O+4	O+5	O+6	O+7	O+8	O[1]	O[2]	O[3]
 1.95084e+11	6.86e-05	6.51e-02	9.35e-01	1.64e-04	0.00e+00	0.00e+00	0.00e+00	0.00e+00	0.00e+00	4.69e-05	1.52e-05	6.53e-06
 1.17050e+12	6.85e-05	6.51e-02	9.35e-01	1.63e-04	0.00e+00	0.00e+00	0.00e+00	0.00e+00	0.00e+00	4.68e-05	1.51e-05	6.53e-06
 5.07219e+12	6.86e-05	6.52e-02	9.35e-01	1.60e-04	0.00e+00	0.00e+00	0.00e+00	0.00e+00	0.00e+00	4.69e-05	1.52e-05	6.55e-06
 2.06789e+13	6.90e-05	6.55e-02	9.34e-01	1.50e-04	0.00e+00	0.00e+00	0.00e+00	0.00e+00	0.00e+00	4.71e-05	1.53e-05	6.60e-06
 4.93953e+13	6.89e-05	6.59e-02	9.34e-01	1.37e-04	0.00e+00	0.00e+00	0.00e+00	0.00e+00	0.00e+00	4.70e-05	1.53e-05	6.63e-06
 8.67266e+13	6.91e-05	6.64e-02	9.33e-01	1.20e-04	0.00e+00	0.00e+00	0.00e+00	0.00e+00	0.00e+00	4.71e-05	1.54e-05	6.66e-06
 1.35257e+14	6.96e-05	6.72e-02	9.33e-01	1.02e-04	0.00e+00	0.00e+00	0.00e+00	0.00e+00	0.00e+00	4.74e-05	1.55e-05	6.71e-06
 1.98347e+14	7.04e-05	6.81e-02	9.32e-01	8.19e-05	0.00e+00	0.00e+00	0.00e+00	0.00e+00	0.00e+00	4.80e-05	1.56e-05	6.80e-06
 2.80364e+14	7.15e-05	6.94e-02	9.30e-01	6.16e-05	0.00e+00	0.00e+00	0.00e+00	0.00e+00	0.00e+00	4.88e-05	1.59e-05	6.90e-06
 3.86986e+14	7.32e-05	7.11e-02	9.29e-01	4.26e-05	0.00e+00	0.00e+00	0.00e+00	0.00e+00	0.00e+00	4.99e-05	1.62e-05	7.06e-06
 5.25594e+14	7.55e-05	7.33e-02	9.27e-01	2.63e-05	0.00e+00	0.00e+00	0.00e+00	0.00e+00	0.00e+00	5.15e-05	1.67e-05	7.28e-06
 7.05786e+14	7.88e-05	7.64e-02	9.24e-01	1.42e-05	0.00e+00	0.00e+00	0.00e+00	0.00e+00	0.00e+00	5.38e-05	1.75e-05	7.60e-06
 9.40034e+14	8.36e-05	8.06e-02	9.19e-01	6.41e-06	0.00e+00	0.00e+00	0.00e+00	0.00e+00	0.00e+00	5.71e-05	1.85e-05	8.07e-06
 1.24456e+15	9.07e-05	8.65e-02	9.13e-01	2.33e-06	0.00e+00	0.00e+00	0.00e+00	0.00e+00	0.00e+00	6.19e-05	2.00e-05	8.75e-06
 1.64044e+15	1.01e-04	9.51e-02	9.05e-01	6.47e-07	0.00e+00	0.00e+00	0.00e+00	0.00e+00	0.00e+00	6.93e-05	2.24e-05	9.78e-06
 2.15508e+15	1.18e-04	1.08e-01	8.92e-01	1.31e-07	0.00e+00	0.00e+00	0.00e+00	0.00e+00	0.00e+00	8.09e-05	2.61e-05	1.14e-05
 2.82412e+15	1.46e-04	1.28e-01	8.71e-01	0.00e+00	0.00e+00	0.00e+00	0.00e+00	0.00e+00	0.00e+00	9.99e-05	3.22e-05	1.41e-05
 3.50952e+15	1.80e-04	1.54e-01	8.46e-01	0.00e+00	0.00e+00	0.00e+00	0.00e+00	0.00e+00	0.00e+00	1.23e-04	3.97e-05	1.74e-05
 4.07025e+15	2.18e-04	1.81e-01	8.19e-01	0.00e+00	0.00e+00	0.00e+00	0.00e+00	0.00e+00	0.00e+00	1.49e-04	4.78e-05	2.10e-05
 4.57139e+15	2.62e-04	2.10e-01	7.89e-01	0.00e+00	0.00e+00	0.00e+00	0.00e+00	0.00e+00	0.00e+00	1.79e-04	5.76e-05	2.53e-05
 5.06001e+15	3.16e-04	2.45e-01	7.54e-01	0.00e+00	0.00e+00	0.00e+00	0.00e+00	0.00e+00	0.00e+00	2.16e-04	6.97e-05	3.06e-05
 5.56601e+15	3.89e-04	2.89e-01	7.10e-01	0.00e+00	0.00e+00	0.00e+00	0.00e+00	0.00e+00	0.00e+00	2.66e-04	8.59e-05	3.77e-05
 6.08189e+15	4.82e-04	3.43e-01	6.56e-01	0.00e+00	0.00e+00	0.00e+00	0.00e+00	0.00e+00	0.00e+00	3.29e-04	1.07e-04	4.69e-05
 6.56463e+15	5.93e-04	4.03e-01	5.96e-01	0.00e+00	0.00e+00	0.00e+00	0.00e+00	0.00e+00	0.00e+00	4.03e-04	1.31e-04	5.78e-05
 7.02301e+15	7.21e-04	4.70e-01	5.30e-01	0.00e+00	0.00e+00	0.00e+00	0.00e+00	0.00e+00	0.00e+00	4.90e-04	1.60e-04	7.05e-05
 7.45827e+15	8.65e-04	5.39e-01	4.61e-01	0.00e+00	0.00e+00	0.00e+00	0.00e+00	0.00e+00	0.00e+00	5.87e-04	1.93e-04	8.48e-05
 7.92184e+15	1.04e-03	6.17e-01	3.82e-01	0.00e+00	0.00e+00	0.00e+00	0.00e+00	0.00e+00	0.00e+00	7.06e-04	2.34e-04	1.03e-04
 8.42405e+15	1.25e-03	6.99e-01	3.00e-01	0.00e+00	0.00e+00	0.00e+00	0.00e+00	0.00e+00	0.00e+00	8.46e-04	2.82e-04	1.24e-04
 8.90465e+15	1.46e-03	7.71e-01	2.28e-01	0.00e+00	0.00e+00	0.00e+00	0.00e+00	0.00e+00	0.00e+00	9.88e-04	3.31e-04	1.45e-04
 9.36904e+15	1.68e-03	8.30e-01	1.69e-01	0.00e+00	0.00e+00	0.00e+00	0.00e+00	0.00e+00	0.00e+00	1.13e-03	3.80e-04	1.67e-04
 9.84350e+15	1.89e-03	8.77e-01	1.21e-01	0.00e+00	0.00e+00	0.00e+00	0.00e+00	0.00e+00	0.00e+00	1.27e-03	4.30e-04	1.89e-04
 1.03372e+16	2.13e-03	9.13e-01	8.47e-02	0.00e+00	0.00e+00	0.00e+00	0.00e+00	0.00e+00	0.00e+00	1.43e-03	4.85e-04	2.13e-04
 1.08306e+16	2.38e-03	9.39e-01	5.86e-02	0.00e+00	0.00e+00	0.00e+00	0.00e+00	0.00e+00	0.00e+00	1.59e-03	5.43e-04	2.38e-04
 1.13058e+16	2.64e-03	9.56e-01	4.10e-02	0.00e+00	0.00e+00	0.00e+00	0.00e+00	0.00e+00	0.00e+00	1.77e-03	6.04e-04	2.65e-04
 1.17654e+16	2.92e-03	9.68e-01	2.89e-02	0.00e+00	0.00e+00	0.00e+00	0.00e+00	0.00e+00	0.00e+00	1.96e-03	6.70e-04	2.94e-04
 1.21994e+16	3.23e-03	9.76e-01	2.07e-02	0.00e+00	0.00e+00	0.00e+00	0.00e+00	0.00e+00	0.00e+00	2.16e-03	7.43e-04	3.26e-04
 1.25963e+16	3.56e-03	9.81e-01	1.52e-02	0.00e+00	0.00e+00	0.00e+00	0.00e+00	0.00e+00	0.00e+00	2.38e-03	8.19e-04	3.59e-04
 1.29713e+16	3.91e-03	9.85e-01	1.13e-02	0.00e+00	0.00e+00	0.00e+00	0.00e+00	0.00e+00	0.00e+00	2.61e-03	9.01e-04	3.95e-04
 1.33059e+16	4.28e-03	9.87e-01	8.60e-03	0.00e+00	0.00e+00	0.00e+00	0.00e+00	0.00e+00	0.00e+00	2.86e-03	9.89e-04	4.33e-04
 1.35757e+16	4.63e-03	9.89e-01	6.82e-03	0.00e+00	0.00e+00	0.00e+00	0.00e+00	0.00e+00	0.00e+00	3.09e-03	1.07e-03	4.68e-04
 1.37994e+16	4.95e-03	9.89e-01	5.56e-03	0.00e+00	0.00e+00	0.00e+00	0.00e+00	0.00e+00	0.00e+00	3.31e-03	1.15e-03	5.01e-04
 1.40026e+16	5.26e-03	9.90e-01	4.57e-03	0.00e+00	0.00e+00	0.00e+00	0.00e+00	0.00e+00	0.00e+00	3.51e-03	1.22e-03	5.33e-04
 1.41981e+16	5.60e-03	9.91e-01	3.73e-03	0.00e+00	0.00e+00	0.00e+00	0.00e+00	0.00e+00	0.00e+00	3.74e-03	1.30e-03	5.68e-04
 1.43826e+16	5.95e-03	9.91e-01	3.04e-03	0.00e+00	0.00e+00	0.00e+00	0.00e+00	0.00e+00	0.00e+00	3.96e-03	1.38e-03	6.03e-04
 1.45498e+16	6.29e-03	9.91e-01	2.48e-03	0.00e+00	0.00e+00	0.00e+00	0.00e+00	0.00e+00	0.00e+00	4.19e-03	1.46e-03	6.38e-04
 1.46944e+16	6.63e-03	9.91e-01	2.05e-03	0.00e+00	0.00e+00	0.00e+00	0.00e+00	0.00e+00	0.00e+00	4.41e-03	1.54e-03	6.73e-04
 1.48186e+16	6.93e-03	9.91e-01	1.70e-03	0.00e+00	0.00e+00	0.00e+00	0.00e+00	0.00e+00	0.00e+00	4.61e-03	1.61e-03	7.04e-04
 1.49314e+16	7.22e-03	9.91e-01	1.41e-03	0.00e+00	0.00e+00	0.00e+00	0.00e+00	0.00e+00	0.00e+00	4.80e-03	1.68e-03	7.34e-04
 1.50352e+16	7.50e-03	9.91e-01	1.17e-03	0.00e+00	0.00e+00	0.00e+00	0.00e+00	0.00e+00	0.00e+00	4.99e-03	1.75e-03	7.63e-04
 1.51290e+16	7.77e-03	9.91e-01	9.64e-04	0.00e+00	0.00e+00	0.00e+00	0.00e+00	0.00e+00	0.00e+00	5.17e-03	1.81e-03	7.91e-04
 1.52134e+16	8.03e-03	9.91e-01	7.92e-04	0.00e+00	0.00e+00	0.00e+00	0.00e+00	0.00e+00	0.00e+00	5.34e-03	1.87e-03	8.17e-04
 1.52902e+16	8.26e-03	9.91e-01	6.48e-04	0.00e+00	0.00e+00	0.00e+00	0.00e+00	0.00e+00	0.00e+00	5.49e-03	1.93e-03	8.41e-04
 1.53613e+16	8.49e-03	9.91e-01	5.25e-04	0.00e+00	0.00e+00	0.00e+00	0.00e+00	0.00e+00	0.00e+00	5.64e-03	1.98e-03	8.64e-04
 1.54279e+16	8.69e-03	9.91e-01	4.22e-04	0.00e+00	0.00e+00	0.00e+00	0.00e+00	0.00e+00	0.00e+00	5.78e-03	2.03e-03	8.86e-04
 1.54916e+16	8.89e-03	9.91e-01	3.33e-04	0.00e+00	0.00e+00	0.00e+00	0.00e+00	0.00e+00	0.00e+00	5.91e-03	2.08e-03	9.06e-04
 1.55537e+16	9.10e-03	9.91e-01	2.57e-04	0.00e+00	0.00e+00	0.00e+00	0.00e+00	0.00e+00	0.00e+00	6.04e-03	2.13e-03	9.28e-04
 1.56142e+16	9.28e-03	9.91e-01	1.95e-04	0.00e+00	0.00e+00	0.00e+00	0.00e+00	0.00e+00	0.00e+00	6.17e-03	2.17e-03	9.47e-04
 1.56828e+16	9.50e-03	9.90e-01	1.38e-04	0.00e+00	0.00e+00	0.00e+00	0.00e+00	0.00e+00	0.00e+00	6.30e-03	2.22e-03	9.69e-04
 1.57721e+16	9.77e-03	9.90e-01	8.57e-05	0.00e+00	0.00e+00	0.00e+00	0.00e+00	0.00e+00	0.00e+00	6.49e-03	2.29e-03	9.98e-04
 1.58717e+16	1.01e-02	9.90e-01	4.89e-05	0.00e+00	0.00e+00	0.00e+00	0.00e+00	0.00e+00	0.00e+00	6.72e-03	2.37e-03	1.03e-03
 1.59847e+16	1.05e-02	9.89e-01	2.54e-05	0.00e+00	0.00e+00	0.00e+00	0.00e+00	0.00e+00	0.00e+00	6.99e-03	2.47e-03	1.08e-03
 1.61317e+16	1.11e-02	9.89e-01	1.10e-05	0.00e+00	0.00e+00	0.00e+00	0.00e+00	0.00e+00	0.00e+00	7.37e-03	2.62e-03	1.14e-03
 1.63227e+16	1.20e-02	9.88e-01	3.86e-06	0.00e+00	0.00e+00	0.00e+00	0.00e+00	0.00e+00	0.00e+00	7.95e-03	2.83e-03	1.23e-03
 1.65711e+16	1.34e-02	9.87e-01	1.04e-06	0.00e+00	0.00e+00	0.00e+00	0.00e+00	0.00e+00	0.00e+00	8.83e-03	3.16e-03	1.37e-03
 1.68492e+16	1.54e-02	9.85e-01	2.51e-07	0.00e+00	0.00e+00	0.00e+00	0.00e+00	0.00e+00	0.00e+00	1.01e-02	3.64e-03	1.58e-03
 1.71166e+16	1.79e-02	9.82e-01	6.63e-08	0.00e+00	0.00e+00	0.00e+00	0.00e+00	0.00e+00	0.00e+00	1.18e-02	4.24e-03	1.83e-03
 1.73715e+16	2.10e-02	9.79e-01	1.91e-08	0.00e+00	0.00e+00	0.00e+00	0.00e+00	0.00e+00	0.00e+00	1.38e-02	5.00e-03	2.16e-03
 1.76202e+16	2.51e-02	9.75e-01	5.72e-09	0.00e+00	0.00e+00	0.00e+00	0.00e+00	0.00e+00	0.00e+00	1.65e-02	6.00e-03	2.58e-03
 1.78406e+16	3.04e-02	9.70e-01	1.96e-09	0.00e+00	0.00e+00	0.00e+00	0.00e+00	0.00e+00	0.00e+00	2.00e-02	7.27e-03	3.12e-03
 1.80293e+16	3.66e-02	9.63e-01	7.74e-10	0.00e+00	0.00e+00	0.00e+00	0.00e+00	0.00e+00	0.00e+00	2.41e-02	8.77e-03	3.76e-03
 1.82112e+16	4.50e-02	9.55e-01	3.09e-10	0.00e+00	0.00e+00	0.00e+00	0.00e+00	0.00e+00	0.00e+00	2.96e-02	1.08e-02	4.61e-03
 1.83799e+16	5.66e-02	9.43e-01	1.29e-10	0.00e+00	0.00e+00	0.00e+00	0.00e+00	0.00e+00	0.00e+00	3.73e-02	1.35e-02	5.80e-03
 1.85196e+16	7.14e-02	9.29e-01	6.09e-11	0.00e+00	0.00e+00	0.00e+00	0.00e+00	0.00e+00	0.00e+00	4.70e-02	1.70e-02	7.30e-03
 1.86275e+16	8.82e-02	9.12e-01	3.32e-11	0.00e+00	0.00e+00	0.00e+00	0.00e+00	0.00e+00	0.00e+00	5.82e-02	2.10e-02	9.01e-03
 1.87040e+16	1.05e-01	8.95e-01	2.13e-11	0.00e+00	0.00e+00	0.00e+00	0.00e+00	0.00e+00	0.00e+00	6.95e-02	2.50e-02	1.07e-02
 1.87565e+16	1.20e-01	8.80e-01	1.55e-11	0.00e+00	0.00e+00	0.00e+00	0.00e+00	0.00e+00	0.00e+00	7.96e-02	2.84e-02	1.23e-02
 1.88089e+16	1.39e-01	8.61e-01	1.11e-11	0.00e+00	0.00e+00	0.00e+00	0.00e+00	0.00e+00	0.00e+00	9.18e-02	3.26e-02	1.41e-02
 1.88675e+16	1.65e-01	8.35e-01	7.69e-12	0.00e+00	0.00e+00	0.00e+00	0.00e+00	0.00e+00	0.00e+00	1.10e-01	3.85e-02	1.68e-02
 1.89186e+16	1.96e-01	8.04e-01	5.57e-12	0.00e+00	0.00e+00	0.00e+00	0.00e+00	0.00e+00	0.00e+00	1.31e-01	4.54e-02	1.99e-02
 1.89627e+16	2.31e-01	7.69e-01	4.21e-12	0.00e+00	0.00e+00	0.00e+00	0.00e+00	0.00e+00	0.00e+00	1.54e-01	5.30e-02	2.33e-02
 1.90064e+16	2.74e-01	7.26e-01	3.24e-12	0.00e+00	0.00e+00	0.00e+00	0.00e+00	0.00e+00	0.00e+00	1.84e-01	6.21e-02	2.76e-02
 1.90454e+16	3.24e-01	6.76e-01	2.61e-12	0.00e+00	0.00e+00	0.00e+00	0.00e+00	0.00e+00	0.00e+00	2.19e-01	7.22e-02	3.25e-02
 1.90737e+16	3.69e-01	6.31e-01	2.26e-12	0.00e+00	0.00e+00	0.00e+00	0.00e+00	0.00e+00	0.00e+00	2.51e-01	8.08e-02	3.68e-02
 1.90921e+16	4.01e-01	5.99e-01	2.07e-12	0.00e+00	0.00e+00	0.00e+00	0.00e+00	0.00e+00	0.00e+00	2.75e-01	8.67e-02	3.98e-02
 1.91058e+16	4.27e-01	5.73e-01	1.95e-12	0.00e+00	0.00e+00	0.00e+00	0.00e+00	0.00e+00	0.00e+00	2.94e-01	9.13e-02	4.22e-02
 1.91186e+16	4.53e-01	5.47e-01	1.85e-12	0.00e+00	0.00e+00	0.00e+00	0.00e+00	0.00e+00	0.00e+00	3.12e-01	9.56e-02	4.46e-02
 1.91313e+16	4.80e-01	5.20e-01	1.75e-12	0.00e+00	0.00e+00	0.00e+00	0.00e+00	0.00e+00	0.00e+00	3.33e-01	1.00e-01	4.70e-02
 1.91435e+16	5.06e-01	4.94e-01	1.68e-12	0.00e+00	0.00e+00	0.00e+00	0.00e+00	0.00e+00	0.00e+00	3.52e-01	1.04e-01	4.93e-02
 1.91541e+16	5.30e-01	4.70e-01	1.61e-12	0.00e+00	0.00e+00	0.00e+00	0.00e+00	0.00e+00	0.00e+00	3.71e-01	1.07e-01	5.13e-02
 1.91632e+16	5.50e-01	4.50e-01	1.57e-12	0.00e+00	0.00e+00	0.00e+00	0.00e+00	0.00e+00	0.00e+00	3.87e-01	1.10e-01	5.31e-02
 1.91717e+16	5.71e-01	4.29e-01	1.52e-12	0.00e+00	0.00e+00	0.00e+00	0.00e+00	0.00e+00	0.00e+00	4.03e-01	1.13e-01	5.47e-02
 1.91798e+16	5.90e-01	4.10e-01	1.48e-12	0.00e+00	0.00e+00	0.00e+00	0.00e+00	0.00e+00	0.00e+00	4.18e-01	1.15e-01	5.62e-02
 1.91867e+16	6.05e-01	3.95e-01	1.45e-12	0.00e+00	0.00e+00	0.00e+00	0.00e+00	0.00e+00	0.00e+00	4.31e-01	1.17e-01	5.74e-02
 1.91916e+16	6.17e-01	3.83e-01	1.42e-12	0.00e+00	0.00e+00	0.00e+00	0.00e+00	0.00e+00	0.00e+00	4.41e-01	1.18e-01	5.83e-02
 1.91960e+16	6.27e-01	3.73e-01	1.40e-12	0.00e+00	0.00e+00	0.00e+00	0.00e+00	0.00e+00	0.00e+00	4.49e-01	1.19e-01	5.91e-02
 1.92009e+16	6.39e-01	3.61e-01	1.38e-12	0.00e+00	0.00e+00	0.00e+00	0.00e+00	0.00e+00	0.00e+00	4.59e-01	1.20e-01	5.99e-02
 1.92061e+16	6.52e-01	3.48e-01	1.35e-12	0.00e+00	0.00e+00	0.00e+00	0.00e+00	0.00e+00	0.00e+00	4.70e-01	1.21e-01	6.08e-02
 1.92112e+16	6.64e-01	3.36e-01	1.33e-12	0.00e+00	0.00e+00	0.00e+00	0.00e+00	0.00e+00	0.00e+00	4.80e-01	1.22e-01	6.16e-02
 1.92161e+16	6.75e-01	3.25e-01	1.31e-12	0.00e+00	0.00e+00	0.00e+00	0.00e+00	0.00e+00	0.00e+00	4.90e-01	1.23e-01	6.23e-02
 1.92210e+16	6.86e-01	3.14e-01	1.28e-12	0.00e+00	0.00e+00	0.00e+00	0.00e+00	0.00e+00	0.00e+00	5.00e-01	1.24e-01	6.30e-02
 1.92258e+16	6.98e-01	3.02e-01	1.26e-12	0.00e+00	0.00e+00	0.00e+00	0.00e+00	0.00e+00	0.00e+00	5.10e-01	1.24e-01	6.37e-02
 1.92306e+16	7.08e-01	2.92e-01	1.24e-12	0.00e+00	0.00e+00	0.00e+00	0.00e+00	0.00e+00	0.00e+00	5.19e-01	1.25e-01	6.43e-02
 1.92353e+16	7.19e-01	2.81e-01	1.22e-12	0.00e+00	0.00e+00	0.00e+00	0.00e+00	0.00e+00	0.00e+00	5.29e-01	1.25e-01	6.49e-02
 1.92400e+16	7.30e-01	2.70e-01	1.19e-12	0.00e+00	0.00e+00	0.00e+00	0.00e+00	0.00e+00	0.00e+00	5.39e-01	1.26e-01	6.54e-02
 1.92447e+16	7.40e-01	2.60e-01	1.17e-12	0.00e+00	0.00e+00	0.00e+00	0.00e+00	0.00e+00	0.00e+00	5.48e-01	1.26e-01	6.59e-02
 1.92493e+16	7.49e-01	2.51e-01	1.15e-12	0.00e+00	0.00e+00	0.00e+00	0.00e+00	0.00e+00	0.00e+00	5.57e-01	1.26e-01	6.63e-02
 1.92539e+16	7.59e-01	2.41e-01	1.13e-12	0.00e+00	0.00e+00	0.00e+00	0.00e+00	0.00e+00	0.00e+00	5.66e-01	1.26e-01	6.67e-02
 1.92584e+16	7.68e-01	2.32e-01	1.11e-12	0.00e+00	0.00e+00	0.00e+00	0.00e+00	0.00e+00	0.00e+00	5.75e-01	1.26e-01	6.70e-02
 1.92630e+16	7.78e-01	2.22e-01	1.09e-12	0.00e+00	0.00e+00	0.00e+00	0.00e+00	0.00e+00	0.00e+00	5.84e-01	1.26e-01	6.73e-02
 1.92675e+16	7.86e-01	2.14e-01	1.07e-12	0.00e+00	0.00e+00	0.00e+00	0.00e+00	0.00e+00	0.00e+00	5.93e-01	1.26e-01	6.75e-02
 1.92720e+16	7.95e-01	2.05e-01	1.04e-12	0.00e+00	0.00e+00	0.00e+00	0.00e+00	0.00e+00	0.00e+00	6.02e-01	1.25e-01	6.76e-02
 1.92764e+16	8.03e-01	1.97e-01	1.02e-12	0.00e+00	0.00e+00	0.00e+00	0.00e+00	0.00e+00	0.00e+00	6.10e-01	1.25e-01	6.77e-02
 1.92807e+16	8.11e-01	1.89e-01	1.00e-12	0.00e+00	0.00e+00	0.00e+00	0.00e+00	0.00e+00	0.00e+00	6.19e-01	1.25e-01	6.78e-02
 1.92851e+16	8.19e-01	1.81e-01	9.81e-13	0.00e+00	0.00e+00	0.00e+00	0.00e+00	0.00e+00	0.00e+00	6.27e-01	1.24e-01	6.78e-02
 1.92894e+16	8.26e-01	1.74e-01	9.59e-13	0.00e+00	0.00e+00	0.00e+00	0.00e+00	0.00e+00	0.00e+00	6.35e-01	1.24e-01	6.78e-02
 1.92938e+16	8.33e-01	1.67e-01	9.39e-13	0.00e+00	0.00e+00	0.00e+00	0.00e+00	0.00e+00	0.00e+00	6.43e-01	1.23e-01	6.77e-02
 1.92980e+16	8.40e-01	1.60e-01	9.19e-13	0.00e+00	0.00e+00	0.00e+00	0.00e+00	0.00e+00	0.00e+00	6.50e-01	1.22e-01	6.76e-02
 1.93021e+16	8.47e-01	1.53e-01	8.98e-13	0.00e+00	0.00e+00	0.00e+00	0.00e+00	0.00e+00	0.00e+00	6.58e-01	1.22e-01	6.75e-02
 1.93061e+16	8.53e-01	1.47e-01	8.79e-13	0.00e+00	0.00e+00	0.00e+00	0.00e+00	0.00e+00	0.00e+00	6.64e-01	1.21e-01	6.74e-02
 1.93102e+16	8.59e-01	1.41e-01	8.60e-13	0.00e+00	0.00e+00	0.00e+00	0.00e+00	0.00e+00	0.00e+00	6.71e-01	1.20e-01	6.72e-02
 1.93142e+16	8.65e-01	1.35e-01	8.40e-13	0.00e+00	0.00e+00	0.00e+00	0.00e+00	0.00e+00	0.00e+00	6.78e-01	1.20e-01	6.70e-02
 1.93182e+16	8.70e-01	1.30e-01	8.21e-13	0.00e+00	0.00e+00	0.00e+00	0.00e+00	0.00e+00	0.00e+00	6.84e-01	1.19e-01	6.68e-02
 1.93221e+16	8.76e-01	1.24e-01	8.03e-13	0.00e+00	0.00e+00	0.00e+00	0.00e+00	0.00e+00	0.00e+00	6.91e-01	1.18e-01	6.66e-02
 1.93260e+16	8.81e-01	1.19e-01	7.84e-13	0.00e+00	0.00e+00	0.00e+00	0.00e+00	0.00e+00	0.00e+00	6.97e-01	1.18e-01	6.64e-02
 1.93299e+16	8.85e-01	1.15e-01	7.66e-13	0.00e+00	0.00e+00	0.00e+00	0.00e+00	0.00e+00	0.00e+00	7.02e-01	1.17e-01	6.61e-02
 1.93337e+16	8.90e-01	1.10e-01	7.49e-13	0.00e+00	0.00e+00	0.00e+00	0.00e+00	0.00e+00	0.00e+00	7.08e-01	1.16e-01	6.59e-02
 1.93375e+16	8.95e-01	1.05e-01	7.31e-13	0.00e+00	0.00e+00	0.00e+00	0.00e+00	0.00e+00	0.00e+00	7.14e-01	1.15e-01	6.56e-02
 1.93412e+16	8.99e-01	1.01e-01	7.14e-13	0.00e+00	0.00e+00	0.00e+00	0.00e+00	0.00e+00	0.00e+00	7.19e-01	1.15e-01	6.53e-02
 1.93450e+16	9.03e-01	9.72e-02	6.97e-13	0.00e+00	0.00e+00	0.00e+00	0.00e+00	0.00e+00	0.00e+00	7.24e-01	1.14e-01	6.50e-02
 1.93487e+16	9.07e-01	9.32e-02	6.80e-13	0.00e+00	0.00e+00	0.00e+00	0.00e+00	0.00e+00	0.00e+00	7.29e-01	1.13e-01	6.47e-02
 1.93524e+16	9.10e-01	8.96e-02	6.64e-13	0.00e+00	0.00e+00	0.00e+00	0.00e+00	0.00e+00	0.00e+00	7.34e-01	1.12e-01	6.45e-02
 1.93561e+16	9.14e-01	8.60e-02	6.48e-13	0.00e+00	0.00e+00	0.00e+00	0.00e+00	0.00e+00	0.00e+00	7.38e-01	1.11e-01	6.42e-02
 1.93598e+16	9.18e-01	8.25e-02	6.32e-13	0.00e+00	0.00e+00	0.00e+00	0.00e+00	0.00e+00	0.00e+00	7.43e-01	1.11e-01	6.39e-02
 1.93635e+16	9.21e-01	7.92e-02	6.17e-13	0.00e+00	0.00e+00	0.00e+00	0.00e+00	0.00e+00	0.00e+00	7.47e-01	1.10e-01	6.36e-02
 1.93671e+16	9.24e-01	7.60e-02	6.02e-13	0.00e+00	0.00e+00	0.00e+00	0.00e+00	0.00e+00	0.00e+00	7.52e-01	1.09e-01	6.32e-02
 1.93706e+16	9.27e-01	7.29e-02	5.87e-13	0.00e+00	0.00e+00	0.00e+00	0.00e+00	0.00e+00	0.00e+00	7.56e-01	1.09e-01	6.29e-02
 1.93742e+16	9.30e-01	7.01e-02	5.73e-13	0.00e+00	0.00e+00	0.00e+00	0.00e+00	0.00e+00	0.00e+00	7.59e-01	1.08e-01	6.27e-02
 1.93778e+16	9.33e-01	6.73e-02	5.59e-13	0.00e+00	0.00e+00	0.00e+00	0.00e+00	0.00e+00	0.00e+00	7.63e-01	1.07e-01	6.23e-02
 1.93813e+16	9.35e-01	6.45e-02	5.45e-13	0.00e+00	0.00e+00	0.00e+00	0.00e+00	0.00e+00	0.00e+00	7.67e-01	1.06e-01	6.20e-02
 1.93849e+16	9.38e-01	6.19e-02	5.31e-13	0.00e+00	0.00e+00	0.00e+00	0.00e+00	0.00e+00	0.00e+00	7.71e-01	1.06e-01	6.17e-02
 1.93885e+16	9.40e-01	5.95e-02	5.18e-13	0.00e+00	0.00e+00	0.00e+00	0.00e+00	0.00e+00	0.00e+00	7.74e-01	1.05e-01	6.15e-02
 1.93920e+16	9.43e-01	5.72e-02	5.05e-13	0.00e+00	0.00e+00	0.00e+00	0.00e+00	0.00e+00	0.00e+00	7.77e-01	1.04e-01	6.12e-02
 1.93955e+16	9.45e-01	5.49e-02	4.92e-13	0.00e+00	0.00e+00	0.00e+00	0.00e+00	0.00e+00	0.00e+00	7.80e-01	1.04e-01	6.09e-02
 1.93990e+16	9.47e-01	5.27e-02	4.80e-13	0.00e+00	0.00e+00	0.00e+00	0.00e+00	0.00e+00	0.00e+00	7.83e-01	1.03e-01	6.06e-02
 1.94025e+16	9.49e-01	5.06e-02	4.68e-13	0.00e+00	0.00e+00	0.00e+00	0.00e+00	0.00e+00	0.00e+00	7.86e-01	1.03e-01	6.03e-02
 1.94059e+16	9.51e-01	4.86e-02	4.57e-13	0.00e+00	0.00e+00	0.00e+00	0.00e+00	0.00e+00	0.00e+00	7.89e-01	1.02e-01	6.00e-02
 1.94094e+16	9.53e-01	4.66e-02	4.45e-13	0.00e+00	0.00e+00	0.00e+00	0.00e+00	0.00e+00	0.00e+00	7.92e-01	1.01e-01	5.97e-02
 1.94128e+16	9.55e-01	4.48e-02	4.34e-13	0.00e+00	0.00e+00	0.00e+00	0.00e+00	0.00e+00	0.00e+00	7.95e-01	1.01e-01	5.95e-02
 1.94163e+16	9.57e-01	4.30e-02	4.23e-13	0.00e+00	0.00e+00	0.00e+00	0.00e+00	0.00e+00	0.00e+00	7.98e-01	1.00e-01	5.92e-02
 1.94197e+16	9.59e-01	4.12e-02	4.12e-13	0.00e+00	0.00e+00	0.00e+00	0.00e+00	0.00e+00	0.00e+00	8.00e-01	9.97e-02	5.89e-02
 1.94231e+16	9.60e-01	3.96e-02	4.02e-13	0.00e+00	0.00e+00	0.00e+00	0.00e+00	0.00e+00	0.00e+00	8.03e-01	9.92e-02	5.87e-02
 1.94265e+16	9.62e-01	3.80e-02	3.92e-13	0.00e+00	0.00e+00	0.00e+00	0.00e+00	0.00e+00	0.00e+00	8.05e-01	9.87e-02	5.84e-02
 1.94299e+16	9.64e-01	3.65e-02	3.82e-13	0.00e+00	0.00e+00	0.00e+00	0.00e+00	0.00e+00	0.00e+00	8.07e-01	9.81e-02	5.81e-02
 1.94333e+16	9.65e-01	3.50e-02	3.73e-13	0.00e+00	0.00e+00	0.00e+00	0.00e+00	0.00e+00	0.00e+00	8.10e-01	9.76e-02	5.79e-02
 1.94367e+16	9.66e-01	3.36e-02	3.63e-13	0.00e+00	0.00e+00	0.00e+00	0.00e+00	0.00e+00	0.00e+00	8.12e-01	9.71e-02	5.76e-02
 1.94400e+16	9.68e-01	3.22e-02	3.54e-13	0.00e+00	0.00e+00	0.00e+00	0.00e+00	0.00e+00	0.00e+00	8.14e-01	9.66e-02	5.74e-02
 1.94434e+16	9.69e-01	3.09e-02	3.46e-13	0.00e+00	0.00e+00	0.00e+00	0.00e+00	0.00e+00	0.00e+00	8.16e-01	9.61e-02	5.71e-02
 1.94467e+16	9.70e-01	2.97e-02	3.37e-13	0.00e+00	0.00e+00	0.00e+00	0.00e+00	0.00e+00	0.00e+00	8.18e-01	9.56e-02	5.69e-02
 1.94500e+16	9.72e-01	2.84e-02	3.29e-13	0.00e+00	0.00e+00	0.00e+00	0.00e+00	0.00e+00	0.00e+00	8.20e-01	9.51e-02	5.66e-02
 1.94533e+16	9.73e-01	2.73e-02	3.22e-13	0.00e+00	0.00e+00	0.00e+00	0.00e+00	0.00e+00	0.00e+00	8.22e-01	9.46e-02	5.63e-02
 1.94566e+16	9.74e-01	2.62e-02	3.14e-13	0.00e+00	0.00e+00	0.00e+00	0.00e+00	0.00e+00	0.00e+00	8.24e-01	9.41e-02	5.61e-02
 1.94598e+16	9.75e-01	2.51e-02	3.07e-13	0.00e+00	0.00e+00	0.00e+00	0.00e+00	0.00e+00	0.00e+00	8.25e-01	9.37e-02	5.58e-02
 1.94630e+16	9.76e-01	2.41e-02	3.00e-13	0.00e+00	0.00e+00	0.00e+00	0.00e+00	0.00e+00	0.00e+00	8.27e-01	9.32e-02	5.56e-02
 1.94661e+16	9.77e-01	2.31e-02	2.93e-13	0.00e+00	0.00e+00	0.00e+00	0.00e+00	0.00e+00	0.00e+00	8.29e-01	9.27e-02	5.53e-02
 1.94693e+16	9.78e-01	2.21e-02	2.86e-13	0.00e+00	0.00e+00	0.00e+00	0.00e+00	0.00e+00	0.00e+00	8.31e-01	9.23e-02	5.50e-02
 1.94724e+16	9.79e-01	2.12e-02	2.80e-13	0.00e+00	0.00e+00	0.00e+00	0.00e+00	0.00e+00	0.00e+00	8.32e-01	9.18e-02	5.48e-02
 1.94754e+16	9.80e-01	2.03e-02	2.74e-13	0.00e+00	0.00e+00	0.00e+00	0.00e+00	0.00e+00	0.00e+00	8.34e-01	9.13e-02	5.45e-02
 1.94783e+16	9.81e-01	1.94e-02	2.68e-13	0.00e+00	0.00e+00	0.00e+00	0.00e+00	0.00e+00	0.00e+00	8.36e-01	9.08e-02	5.42e-02
 1.94811e+16	9.81e-01	1.87e-02	2.63e-13	0.00e+00	0.00e+00	0.00e+00	0.00e+00	0.00e+00	0.00e+00	8.37e-01	9.04e-02	5.39e-02
 1.94835e+16	9.82e-01	1.80e-02	2.59e-13	0.00e+00	0.00e+00	0.00e+00	0.00e+00	0.00e+00	0.00e+00	8.38e-01	9.00e-02	5.37e-02
 1.94857e+16	9.83e-01	1.74e-02	2.55e-13	0.00e+00	0.00e+00	0.00e+00	0.00e+00	0.00e+00	0.00e+00	8.40e-01	8.96e-02	5.34e-02
 1.94878e+16	9.83e-01	1.68e-02	2.51e-13	0.00e+00	0.00e+00	0.00e+00	0.00e+00	0.00e+00	0.00e+00	8.41e-01	8.92e-02	5.31e-02
 1.94898e+16	9.84e-01	1.63e-02	2.47e-13	0.00e+00	0.00e+00	0.00e+00	0.00e+00	0.00e+00	0.00e+00	8.42e-01	8.88e-02	5.29e-02
 1.94916e+16	9.84e-01	1.58e-02	2.43e-13	0.00e+00	0.00e+00	0.00e+00	0.00e+00	0.00e+00	0.00e+00	8.43e-01	8.85e-02	5.27e-02
 1.94932e+16	9.85e-01	1.54e-02	2.40e-13	0.00e+00	0.00e+00	0.00e+00	0.00e+00	0.00e+00	0.00e+00	8.44e-01	8.81e-02	5.24e-02
 1.94947e+16	9.85e-01	1.50e-02	2.37e-13	0.00e+00	0.00e+00	0.00e+00	0.00e+00	0.00e+00	0.00e+00	8.45e-01	8.78e-02	5.22e-02
 1.94961e+16	9.85e-01	1.46e-02	2.34e-13	0.00e+00	0.00e+00	0.00e+00	0.00e+00	0.00e+00	0.00e+00	8.46e-01	8.75e-02	5.20e-02
 1.94973e+16	9.86e-01	1.43e-02	2.32e-13	0.00e+00	0.00e+00	0.00e+00	0.00e+00	0.00e+00	0.00e+00	8.47e-01	8.72e-02	5.18e-02
 1.94985e+16	9.86e-01	1.40e-02	2.29e-13	0.00e+00	0.00e+00	0.00e+00	0.00e+00	0.00e+00	0.00e+00	8.48e-01	8.69e-02	5.16e-02
 1.94995e+16	9.86e-01	1.37e-02	2.27e-13	0.00e+00	0.00e+00	0.00e+00	0.00e+00	0.00e+00	0.00e+00	8.48e-01	8.67e-02	5.14e-02
 1.95004e+16	9.87e-01	1.35e-02	2.25e-13	0.00e+00	0.00e+00	0.00e+00	0.00e+00	0.00e+00	0.00e+00	8.49e-01	8.64e-02	5.13e-02
 1.95013e+16	9.87e-01	1.32e-02	2.23e-13	0.00e+00	0.00e+00	0.00e+00	0.00e+00	0.00e+00	0.00e+00	8.49e-01	8.62e-02	5.11e-02
 1.95022e+16	9.87e-01	1.30e-02	2.21e-13	0.00e+00	0.00e+00	0.00e+00	0.00e+00	0.00e+00	0.00e+00	8.50e-01	8.59e-02	5.10e-02
 1.95034e+16	9.87e-01	1.27e-02	2.18e-13	0.00e+00	0.00e+00	0.00e+00	0.00e+00	0.00e+00	0.00e+00	8.51e-01	8.55e-02	5.07e-02
 1.95048e+16	9.88e-01	1.24e-02	2.15e-13	0.00e+00	0.00e+00	0.00e+00	0.00e+00	0.00e+00	0.00e+00	8.52e-01	8.51e-02	5.05e-02
 1.95060e+16	9.88e-01	1.21e-02	2.12e-13	0.00e+00	0.00e+00	0.00e+00	0.00e+00	0.00e+00	0.00e+00	8.53e-01	8.47e-02	5.02e-02
 1.95070e+16	9.88e-01	1.18e-02	2.09e-13	0.00e+00	0.00e+00	0.00e+00	0.00e+00	0.00e+00	0.00e+00	8.54e-01	8.43e-02	5.00e-02
 1.95080e+16	9.88e-01	1.16e-02	2.06e-13	0.00e+00	0.00e+00	0.00e+00	0.00e+00	0.00e+00	0.00e+00	8.55e-01	8.40e-02	4.98e-02
 1.95089e+16	9.89e-01	1.14e-02	2.04e-13	0.00e+00	0.00e+00	0.00e+00	0.00e+00	0.00e+00	0.00e+00	8.55e-01	8.37e-02	4.96e-02
 1.95098e+16	9.89e-01	1.12e-02	2.02e-13	0.00e+00	0.00e+00	0.00e+00	0.00e+00	0.00e+00	0.00e+00	8.56e-01	8.35e-02	4.95e-02
 1.95106e+16	9.89e-01	1.10e-02	2.00e-13	0.00e+00	0.00e+00	0.00e+00	0.00e+00	0.00e+00	0.00e+00	8.56e-01	8.32e-02	4.93e-02
 1.95116e+16	9.89e-01	1.08e-02	1.97e-13	0.00e+00	0.00e+00	0.00e+00	0.00e+00	0.00e+00	0.00e+00	8.57e-01	8.30e-02	4.91e-02
 1.95125e+16	9.89e-01	1.07e-02	1.95e-13	0.00e+00	0.00e+00	0.00e+00	0.00e+00	0.00e+00	0.00e+00	8.58e-01	8.28e-02	4.90e-02
 1.95135e+16	9.90e-01	1.04e-02	1.92e-13	0.00e+00	0.00e+00	0.00e+00	0.00e+00	0.00e+00	0.00e+00	8.58e-01	8.24e-02	4.88e-02
 1.95145e+16	9.90e-01	1.02e-02	1.90e-13	0.00e+00	0.00e+00	0.00e+00	0.00e+00	0.00e+00	0.00e+00	8.59e-01	8.22e-02	4.86e-02
 1.95157e+16	9.90e-01	1.00e-02	1.86e-13	0.00e+00	0.00e+00	0.00e+00	0.00e+00	0.00e+00	0.00e+00	8.60e-01	8.18e-02	4.83e-02
 1.95169e+16	9.90e-01	9.79e-03	1.83e-13	0.00e+00	0.00e+00	0.00e+00	0.00e+00	0.00e+00	0.00e+00	8.61e-01	8.15e-02	4.82e-02
 1.95182e+16	9.90e-01	9.52e-03	1.79e-13	0.00e+00	0.00e+00	0.00e+00	0.00e+00	0.00e+00	0.00e+00	8.62e-01	8.11e-02	4.78e-02
 1.95197e+16	9.91e-01	9.24e-03	1.75e-13	0.00e+00	0.00e+00	0.00e+00	0.00e+00	0.00e+00	0.00e+00	8.63e-01	8.06e-02	4.75e-02
 1.95210e+16	9.91e-01	9.01e-03	1.72e-13	0.00e+00	0.00e+00	0.00e+00	0.00e+00	0.00e+00	0.00e+00	8.63e-01	8.02e-02	4.72e-02
 1.95223e+16	9.91e-01	8.82e-03	1.69e-13	0.00e+00	0.00e+00	0.00e+00	0.00e+00	0.00e+00	0.00e+00	8.64e-01	7.99e-02	4.70e-02
 1.95234e+16	9.91e-01	8.62e-03	1.65e-13	0.00e+00	0.00e+00	0.00e+00	0.00e+00	0.00e+00	0.00e+00	8.65e-01	7.96e-02	4.67e-02
 1.95244e+16	9.92e-01	8.46e-03	1.62e-13	0.00e+00	0.00e+00	0.00e+00	0.00e+00	0.00e+00	0.00e+00	8.66e-01	7.93e-02	4.65e-02
 1.95253e+16	9.92e-01	8.29e-03	1.59e-13	0.00e+00	0.00e+00	0.00e+00	0.00e+00	0.00e+00	0.00e+00	8.66e-01	7.90e-02	4.63e-02
 1.95261e+16	9.92e-01	8.18e-03	1.57e-13	0.00e+00	0.00e+00	0.00e+00	0.00e+00	0.00e+00	0.00e+00	8.67e-01	7.87e-02	4.61e-02
 1.95270e+16	9.92e-01	8.02e-03	1.55e-13	0.00e+00	0.00e+00	0.00e+00	0.00e+00	0.00e+00	0.00e+00	8.68e-01	7.84e-02	4.59e-02
 1.95280e+16	9.92e-01	7.85e-03	1.51e-13	0.00e+00	0.00e+00	0.00e+00	0.00e+00	0.00e+00	0.00e+00	8.68e-01	7.81e-02	4.56e-02
 1.95289e+16	9.92e-01	7.73e-03	1.49e-13	0.00e+00	0.00e+00	0.00e+00	0.00e+00	0.00e+00	0.00e+00	8.69e-01	7.79e-02	4.55e-02
 1.95299e+16	9.92e-01	7.57e-03	1.46e-13	0.00e+00	0.00e+00	0.00e+00	0.00e+00	0.00e+00	0.00e+00	8.70e-01	7.75e-02	4.52e-02
 1.95309e+16	9.93e-01	7.40e-03	1.43e-13	0.00e+00	0.00e+00	0.00e+00	0.00e+00	0.00e+00	0.00e+00	8.71e-01	7.71e-02	4.49e-02
 1.95319e+16	9.93e-01	7.25e-03	1.41e-13	0.00e+00	0.00e+00	0.00e+00	0.00e+00	0.00e+00	0.00e+00	8.71e-01	7.68e-02	4.46e-02
 1.95328e+16	9.93e-01	7.12e-03	1.38e-13	0.00e+00	0.00e+00	0.00e+00	0.00e+00	0.00e+00	0.00e+00	8.72e-01	7.65e-02	4.44e-02
 1.95337e+16	9.93e-01	7.00e-03	1.36e-13	0.00e+00	0.00e+00	0.00e+00	0.00e+00	0.00e+00	0.00e+00	8.73e-01	7.62e-02	4.42e-02
 1.95348e+16	9.93e-01	6.85e-03	1.33e-13	0.00e+00	0.00e+00	0.00e+00	0.00e+00	0.00e+00	0.00e+00	8.73e-01	7.58e-02	4.39e-02
