#depth	H	H+	H2
 1.95084e+11	1.74e-03	9.98e-01	7.91e-13
 1.17050e+12	1.73e-03	9.98e-01	7.97e-13
 5.07219e+12	1.73e-03	9.98e-01	8.02e-13
 2.06789e+13	1.74e-03	9.98e-01	8.09e-13
 4.93953e+13	1.72e-03	9.98e-01	8.20e-13
 8.67266e+13	1.71e-03	9.98e-01	8.34e-13
 1.35257e+14	1.70e-03	9.98e-01	8.51e-13
 1.98347e+14	1.69e-03	9.98e-01	8.73e-13
 2.80364e+14	1.68e-03	9.98e-01	8.95e-13
 3.86986e+14	1.67e-03	9.98e-01	9.25e-13
 5.25594e+14	1.66e-03	9.98e-01	9.59e-13
 7.05786e+14	1.65e-03	9.98e-01	9.99e-13
 9.40034e+14	1.64e-03	9.98e-01	1.04e-12
 1.24456e+15	1.63e-03	9.98e-01	1.09e-12
 1.64044e+15	1.63e-03	9.98e-01	1.14e-12
 2.15508e+15	1.64e-03	9.98e-01	1.19e-12
 2.82412e+15	1.66e-03	9.98e-01	1.19e-12
 3.50952e+15	1.66e-03	9.98e-01	1.18e-12
 4.07025e+15	1.67e-03	9.98e-01	1.13e-12
 4.57139e+15	1.69e-03	9.98e-01	1.06e-12
 5.06001e+15	1.72e-03	9.98e-01	9.86e-13
 5.56601e+15	1.75e-03	9.98e-01	8.89e-13
 6.08189e+15	1.79e-03	9.98e-01	7.92e-13
 6.56463e+15	1.83e-03	9.98e-01	7.01e-13
 7.02301e+15	1.87e-03	9.98e-01	6.16e-13
 7.45827e+15	1.92e-03	9.98e-01	5.44e-13
 7.92184e+15	1.97e-03	9.98e-01	4.70e-13
 8.42405e+15	2.04e-03	9.98e-01	4.12e-13
 8.90465e+15	2.12e-03	9.98e-01	3.71e-13
 9.36904e+15	2.21e-03	9.98e-01	3.44e-13
 9.84350e+15	2.31e-03	9.98e-01	3.24e-13
 1.03372e+16	2.44e-03	9.98e-01	3.15e-13
 1.08306e+16	2.60e-03	9.97e-01	3.16e-13
 1.13058e+16	2.79e-03	9.97e-01	3.23e-13
 1.17654e+16	2.99e-03	9.97e-01	3.36e-13
 1.21994e+16	3.23e-03	9.97e-01	3.56e-13
 1.25963e+16	3.49e-03	9.97e-01	3.79e-13
 1.29713e+16	3.77e-03	9.96e-01	4.05e-13
 1.33059e+16	4.07e-03	9.96e-01	4.37e-13
 1.35757e+16	4.35e-03	9.96e-01	4.66e-13
 1.37994e+16	4.61e-03	9.95e-01	4.96e-13
 1.40026e+16	4.86e-03	9.95e-01	5.18e-13
 1.41981e+16	5.14e-03	9.95e-01	5.49e-13
 1.43826e+16	5.42e-03	9.95e-01	5.77e-13
 1.45498e+16	5.70e-03	9.94e-01	6.06e-13
 1.46944e+16	5.97e-03	9.94e-01	6.34e-13
 1.48186e+16	6.22e-03	9.94e-01	6.60e-13
 1.49314e+16	6.45e-03	9.94e-01	6.84e-13
 1.50352e+16	6.68e-03	9.93e-01	7.06e-13
 1.51290e+16	6.90e-03	9.93e-01	7.29e-13
 1.52134e+16	7.10e-03	9.93e-01	7.49e-13
 1.52902e+16	7.29e-03	9.93e-01	7.69e-13
 1.53613e+16	7.47e-03	9.93e-01	7.87e-13
 1.54279e+16	7.64e-03	9.92e-01	8.04e-13
 1.54916e+16	7.80e-03	9.92e-01	8.19e-13
 1.55537e+16	7.97e-03	9.92e-01	8.35e-13
 1.56142e+16	8.11e-03	9.92e-01	8.51e-13
 1.56828e+16	8.28e-03	9.92e-01	8.66e-13
 1.57721e+16	8.51e-03	9.91e-01	8.87e-13
 1.58717e+16	8.79e-03	9.91e-01	9.09e-13
 1.59847e+16	9.12e-03	9.91e-01	9.33e-13
 1.61317e+16	9.60e-03	9.90e-01	9.62e-13
 1.63227e+16	1.03e-02	9.90e-01	1.01e-12
 1.65711e+16	1.14e-02	9.89e-01	1.08e-12
 1.68492e+16	1.30e-02	9.87e-01	1.20e-12
 1.71166e+16	1.51e-02	9.85e-01	1.36e-12
 1.73715e+16	1.76e-02	9.82e-01	1.56e-12
 1.76202e+16	2.10e-02	9.79e-01	1.83e-12
 1.78406e+16	2.53e-02	9.75e-01	2.19e-12
 1.80293e+16	3.04e-02	9.70e-01	2.61e-12
 1.82112e+16	3.73e-02	9.63e-01	3.21e-12
 1.83799e+16	4.68e-02	9.53e-01	4.07e-12
 1.85196e+16	5.90e-02	9.41e-01	5.22e-12
 1.86275e+16	7.30e-02	9.27e-01	6.60e-12
 1.87040e+16	8.73e-02	9.13e-01	8.08e-12
 1.87565e+16	1.00e-01	9.00e-01	9.47e-12
 1.88089e+16	1.15e-01	8.85e-01	1.12e-11
 1.88675e+16	1.38e-01	8.62e-01	1.40e-11
 1.89186e+16	1.65e-01	8.35e-01	1.76e-11
 1.89627e+16	1.95e-01	8.05e-01	2.22e-11
 1.90064e+16	2.34e-01	7.66e-01	2.88e-11
 1.90454e+16	2.79e-01	7.21e-01	3.80e-11
 1.90737e+16	3.20e-01	6.80e-01	4.78e-11
 1.90921e+16	3.50e-01	6.50e-01	5.62e-11
 1.91058e+16	3.75e-01	6.25e-01	6.41e-11
 1.91186e+16	3.99e-01	6.01e-01	7.27e-11
 1.91313e+16	4.26e-01	5.74e-01	8.33e-11
 1.91435e+16	4.51e-01	5.49e-01	9.45e-11
 1.91541e+16	4.75e-01	5.25e-01	1.07e-10
 1.91632e+16	4.96e-01	5.04e-01	1.18e-10
 1.91717e+16	5.16e-01	4.84e-01	1.31e-10
 1.91798e+16	5.35e-01	4.65e-01	1.45e-10
 1.91867e+16	5.52e-01	4.48e-01	1.58e-10
 1.91916e+16	5.64e-01	4.36e-01	1.68e-10
 1.91960e+16	5.74e-01	4.26e-01	1.78e-10
 1.92009e+16	5.87e-01	4.13e-01	1.90e-10
 1.92061e+16	6.00e-01	4.00e-01	2.04e-10
 1.92112e+16	6.13e-01	3.87e-01	2.19e-10
 1.92161e+16	6.25e-01	3.75e-01	2.34e-10
 1.92210e+16	6.37e-01	3.63e-01	2.51e-10
 1.92258e+16	6.49e-01	3.51e-01	2.68e-10
 1.92306e+16	6.60e-01	3.40e-01	2.87e-10
 1.92353e+16	6.72e-01	3.28e-01	3.09e-10
 1.92400e+16	6.83e-01	3.17e-01	3.31e-10
 1.92447e+16	6.94e-01	3.06e-01	3.55e-10
 1.92493e+16	7.05e-01	2.95e-01	3.80e-10
 1.92539e+16	7.16e-01	2.84e-01	4.08e-10
 1.92584e+16	7.26e-01	2.74e-01	4.37e-10
 1.92630e+16	7.36e-01	2.64e-01	4.68e-10
 1.92675e+16	7.46e-01	2.54e-01	5.02e-10
 1.92720e+16	7.56e-01	2.44e-01	5.42e-10
 1.92764e+16	7.65e-01	2.35e-01	5.75e-10
 1.92807e+16	7.74e-01	2.26e-01	6.18e-10
 1.92851e+16	7.83e-01	2.17e-01	6.66e-10
 1.92894e+16	7.92e-01	2.08e-01	7.17e-10
 1.92938e+16	8.00e-01	2.00e-01	7.63e-10
 1.92980e+16	8.07e-01	1.93e-01	8.22e-10
 1.93021e+16	8.15e-01	1.85e-01	8.81e-10
 1.93061e+16	8.22e-01	1.78e-01	9.36e-10
 1.93102e+16	8.29e-01	1.71e-01	1.01e-09
 1.93142e+16	8.36e-01	1.64e-01	1.08e-09
 1.93182e+16	8.42e-01	1.58e-01	1.14e-09
 1.93221e+16	8.48e-01	1.52e-01	1.23e-09
 1.93260e+16	8.54e-01	1.46e-01	1.31e-09
 1.93299e+16	8.60e-01	1.40e-01	1.39e-09
 1.93337e+16	8.65e-01	1.35e-01	1.49e-09
 1.93375e+16	8.71e-01	1.29e-01	1.59e-09
 1.93412e+16	8.76e-01	1.24e-01	1.68e-09
 1.93450e+16	8.81e-01	1.19e-01	1.81e-09
 1.93487e+16	8.85e-01	1.15e-01	1.93e-09
 1.93524e+16	8.90e-01	1.10e-01	2.03e-09
 1.93561e+16	8.94e-01	1.06e-01	2.17e-09
 1.93598e+16	8.98e-01	1.02e-01	2.31e-09
 1.93635e+16	9.02e-01	9.79e-02	2.46e-09
 1.93671e+16	9.06e-01	9.40e-02	2.64e-09
 1.93706e+16	9.10e-01	9.04e-02	2.82e-09
 1.93742e+16	9.13e-01	8.70e-02	2.97e-09
 1.93778e+16	9.16e-01	8.35e-02	3.19e-09
 1.93813e+16	9.20e-01	8.02e-02	3.41e-09
 1.93849e+16	9.23e-01	7.70e-02	3.64e-09
 1.93885e+16	9.26e-01	7.41e-02	3.84e-09
 1.93920e+16	9.29e-01	7.13e-02	4.10e-09
 1.93955e+16	9.32e-01	6.85e-02	4.38e-09
 1.93990e+16	9.34e-01	6.58e-02	4.67e-09
 1.94025e+16	9.37e-01	6.32e-02	5.00e-09
 1.94059e+16	9.39e-01	6.08e-02	5.35e-09
 1.94094e+16	9.42e-01	5.84e-02	5.72e-09
 1.94128e+16	9.44e-01	5.61e-02	6.13e-09
 1.94163e+16	9.46e-01	5.39e-02	6.58e-09
 1.94197e+16	9.48e-01	5.18e-02	7.06e-09
 1.94231e+16	9.50e-01	4.98e-02	7.58e-09
 1.94265e+16	9.52e-01	4.78e-02	8.16e-09
 1.94299e+16	9.54e-01	4.59e-02	8.77e-09
 1.94333e+16	9.56e-01	4.41e-02	9.42e-09
 1.94367e+16	9.58e-01	4.24e-02	1.01e-08
 1.94400e+16	9.59e-01	4.07e-02	1.09e-08
 1.94434e+16	9.61e-01	3.91e-02	1.17e-08
 1.94467e+16	9.62e-01	3.75e-02	1.25e-08
 1.94500e+16	9.64e-01	3.60e-02	1.34e-08
 1.94533e+16	9.65e-01	3.46e-02	1.43e-08
 1.94566e+16	9.67e-01	3.33e-02	1.52e-08
 1.94598e+16	9.68e-01	3.19e-02	1.61e-08
 1.94630e+16	9.69e-01	3.07e-02	1.70e-08
 1.94661e+16	9.71e-01	2.94e-02	1.79e-08
 1.94693e+16	9.72e-01	2.82e-02	1.87e-08
 1.94724e+16	9.73e-01	2.71e-02	1.94e-08
 1.94754e+16	9.74e-01	2.60e-02	2.00e-08
 1.94783e+16	9.75e-01	2.50e-02	2.05e-08
 1.94811e+16	9.76e-01	2.40e-02	2.08e-08
 1.94835e+16	9.77e-01	2.32e-02	2.11e-08
 1.94857e+16	9.78e-01	2.25e-02	2.13e-08
 1.94878e+16	9.78e-01	2.18e-02	2.15e-08
 1.94898e+16	9.79e-01	2.11e-02	2.17e-08
 1.94916e+16	9.79e-01	2.05e-02	2.19e-08
 1.94932e+16	9.80e-01	2.00e-02	2.21e-08
 1.94947e+16	9.80e-01	1.95e-02	2.23e-08
 1.94961e+16	9.81e-01	1.91e-02	2.25e-08
 1.94973e+16	9.81e-01	1.87e-02	2.28e-08
 1.94985e+16	9.82e-01	1.84e-02	2.30e-08
 1.94995e+16	9.82e-01	1.80e-02	2.32e-08
 1.95004e+16	9.82e-01	1.77e-02	2.35e-08
 1.95013e+16	9.83e-01	1.75e-02	2.37e-08
 1.95022e+16	9.83e-01	1.72e-02	2.39e-08
 1.95034e+16	9.83e-01	1.68e-02	2.43e-08
 1.95048e+16	9.84e-01	1.64e-02	2.48e-08
 1.95060e+16	9.84e-01	1.61e-02	2.52e-08
 1.95070e+16	9.84e-01	1.58e-02	2.56e-08
 1.95080e+16	9.84e-01	1.55e-02	2.60e-08
 1.95089e+16	9.85e-01	1.53e-02	2.64e-08
 1.95098e+16	9.85e-01	1.51e-02	2.67e-08
 1.95106e+16	9.85e-01	1.48e-02	2.71e-08
 1.95116e+16	9.85e-01	1.46e-02	2.76e-08
 1.95125e+16	9.86e-01	1.44e-02	2.79e-08
 1.95135e+16	9.86e-01	1.41e-02	2.84e-08
 1.95145e+16	9.86e-01	1.39e-02	2.89e-08
 1.95157e+16	9.86e-01	1.36e-02	2.96e-08
 1.95169e+16	9.87e-01	1.33e-02	3.00e-08
 1.95182e+16	9.87e-01	1.30e-02	3.09e-08
 1.95197e+16	9.87e-01	1.27e-02	3.18e-08
 1.95210e+16	9.88e-01	1.24e-02	3.26e-08
 1.95223e+16	9.88e-01	1.22e-02	3.33e-08
 1.95234e+16	9.88e-01	1.19e-02	3.41e-08
 1.95244e+16	9.88e-01	1.18e-02	3.48e-08
 1.95253e+16	9.88e-01	1.16e-02	3.55e-08
 1.95261e+16	9.89e-01	1.14e-02	3.60e-08
 1.95270e+16	9.89e-01	1.12e-02	3.67e-08
 1.95280e+16	9.89e-01	1.10e-02	3.75e-08
 1.95289e+16	9.89e-01	1.09e-02	3.81e-08
 1.95299e+16	9.89e-01	1.07e-02	3.91e-08
 1.95309e+16	9.90e-01	1.05e-02	3.99e-08
 1.95319e+16	9.90e-01	1.03e-02	4.08e-08
 1.95328e+16	9.90e-01	1.02e-02	4.15e-08
 1.95337e+16	9.90e-01	1.00e-02	4.22e-08
 1.95348e+16	9.90e-01	9.82e-03	4.32e-08
