#depth	O	O+	O+2	O+3	O+4	O+5	O+6	O+7	O+8	O[1]	O[2]	O[3]
 2.77401e+11	2.75e-05	3.97e-02	9.60e-01	2.11e-04	0.00e+00	0.00e+00	0.00e+00	0.00e+00	0.00e+00	1.81e-05	6.63e-06	2.83e-06
 1.66441e+12	2.75e-05	3.97e-02	9.60e-01	2.10e-04	0.00e+00	0.00e+00	0.00e+00	0.00e+00	0.00e+00	1.80e-05	6.63e-06	2.83e-06
 7.21243e+12	2.75e-05	3.97e-02	9.60e-01	2.07e-04	0.00e+00	0.00e+00	0.00e+00	0.00e+00	0.00e+00	1.80e-05	6.63e-06	2.83e-06
 2.94045e+13	2.76e-05	3.98e-02	9.60e-01	1.95e-04	0.00e+00	0.00e+00	0.00e+00	0.00e+00	0.00e+00	1.81e-05	6.66e-06	2.85e-06
 7.02379e+13	2.75e-05	3.99e-02	9.60e-01	1.79e-04	0.00e+00	0.00e+00	0.00e+00	0.00e+00	0.00e+00	1.80e-05	6.65e-06	2.84e-06
 1.23321e+14	2.75e-05	4.00e-02	9.60e-01	1.60e-04	0.00e+00	0.00e+00	0.00e+00	0.00e+00	0.00e+00	1.80e-05	6.65e-06	2.85e-06
 1.92330e+14	2.76e-05	4.01e-02	9.60e-01	1.38e-04	0.00e+00	0.00e+00	0.00e+00	0.00e+00	0.00e+00	1.81e-05	6.67e-06	2.85e-06
 2.82041e+14	2.77e-05	4.03e-02	9.60e-01	1.13e-04	0.00e+00	0.00e+00	0.00e+00	0.00e+00	0.00e+00	1.81e-05	6.69e-06	2.86e-06
 3.98665e+14	2.79e-05	4.06e-02	9.59e-01	8.63e-05	0.00e+00	0.00e+00	0.00e+00	0.00e+00	0.00e+00	1.83e-05	6.74e-06	2.88e-06
 5.50277e+14	2.82e-05	4.10e-02	9.59e-01	6.09e-05	0.00e+00	0.00e+00	0.00e+00	0.00e+00	0.00e+00	1.85e-05	6.81e-06	2.92e-06
 7.47372e+14	2.87e-05	4.14e-02	9.59e-01	3.87e-05	0.00e+00	0.00e+00	0.00e+00	0.00e+00	0.00e+00	1.88e-05	6.91e-06	2.96e-06
 1.00360e+15	2.93e-05	4.21e-02	9.58e-01	2.15e-05	0.00e+00	0.00e+00	0.00e+00	0.00e+00	0.00e+00	1.92e-05	7.08e-06	3.03e-06
 1.33669e+15	3.04e-05	4.29e-02	9.57e-01	1.02e-05	0.00e+00	0.00e+00	0.00e+00	0.00e+00	0.00e+00	1.99e-05	7.32e-06	3.14e-06
 1.76970e+15	3.18e-05	4.40e-02	9.56e-01	4.00e-06	0.00e+00	0.00e+00	0.00e+00	0.00e+00	0.00e+00	2.09e-05	7.67e-06	3.29e-06
 2.33263e+15	3.40e-05	4.56e-02	9.54e-01	1.34e-06	0.00e+00	0.00e+00	0.00e+00	0.00e+00	0.00e+00	2.23e-05	8.19e-06	3.52e-06
 3.06443e+15	3.73e-05	4.76e-02	9.52e-01	4.53e-07	0.00e+00	0.00e+00	0.00e+00	0.00e+00	0.00e+00	2.45e-05	8.97e-06	3.86e-06
 4.01577e+15	4.24e-05	5.06e-02	9.49e-01	2.23e-07	0.00e+00	0.00e+00	0.00e+00	0.00e+00	0.00e+00	2.78e-05	1.02e-05	4.39e-06
 5.21252e+15	5.03e-05	5.45e-02	9.45e-01	1.64e-07	0.00e+00	0.00e+00	0.00e+00	0.00e+00	0.00e+00	3.30e-05	1.21e-05	5.20e-06
 6.48618e+15	6.04e-05	5.90e-02	9.41e-01	1.39e-07	0.00e+00	0.00e+00	0.00e+00	0.00e+00	0.00e+00	3.96e-05	1.45e-05	6.25e-06
 7.62120e+15	7.20e-05	6.35e-02	9.36e-01	0.00e+00	0.00e+00	0.00e+00	0.00e+00	0.00e+00	0.00e+00	4.72e-05	1.73e-05	7.45e-06
 8.54869e+15	8.39e-05	6.76e-02	9.32e-01	0.00e+00	0.00e+00	0.00e+00	0.00e+00	0.00e+00	0.00e+00	5.51e-05	2.02e-05	8.68e-06
 9.40356e+15	9.82e-05	7.19e-02	9.28e-01	0.00e+00	0.00e+00	0.00e+00	0.00e+00	0.00e+00	0.00e+00	6.44e-05	2.36e-05	1.02e-05
 1.02887e+16	1.16e-04	7.69e-02	9.23e-01	0.00e+00	0.00e+00	0.00e+00	0.00e+00	0.00e+00	0.00e+00	7.64e-05	2.80e-05	1.20e-05
 1.11170e+16	1.38e-04	8.22e-02	9.18e-01	0.00e+00	0.00e+00	0.00e+00	0.00e+00	0.00e+00	0.00e+00	9.04e-05	3.32e-05	1.42e-05
 1.18606e+16	1.62e-04	8.76e-02	9.12e-01	0.00e+00	0.00e+00	0.00e+00	0.00e+00	0.00e+00	0.00e+00	1.06e-04	3.90e-05	1.67e-05
 1.25481e+16	1.90e-04	9.33e-02	9.07e-01	0.00e+00	0.00e+00	0.00e+00	0.00e+00	0.00e+00	0.00e+00	1.24e-04	4.58e-05	1.96e-05
 1.32060e+16	2.23e-04	9.95e-02	9.00e-01	0.00e+00	0.00e+00	0.00e+00	0.00e+00	0.00e+00	0.00e+00	1.46e-04	5.38e-05	2.31e-05
 1.38361e+16	2.63e-04	1.06e-01	8.93e-01	0.00e+00	0.00e+00	0.00e+00	0.00e+00	0.00e+00	0.00e+00	1.72e-04	6.35e-05	2.72e-05
 1.44329e+16	3.11e-04	1.14e-01	8.86e-01	0.00e+00	0.00e+00	0.00e+00	0.00e+00	0.00e+00	0.00e+00	2.03e-04	7.50e-05	3.20e-05
 1.49961e+16	3.66e-04	1.21e-01	8.78e-01	0.00e+00	0.00e+00	0.00e+00	0.00e+00	0.00e+00	0.00e+00	2.40e-04	8.86e-05	3.78e-05
 1.55302e+16	4.33e-04	1.30e-01	8.70e-01	0.00e+00	0.00e+00	0.00e+00	0.00e+00	0.00e+00	0.00e+00	2.83e-04	1.05e-04	4.46e-05
 1.60395e+16	5.13e-04	1.39e-01	8.60e-01	0.00e+00	0.00e+00	0.00e+00	0.00e+00	0.00e+00	0.00e+00	3.36e-04	1.24e-04	5.28e-05
 1.65259e+16	6.09e-04	1.50e-01	8.50e-01	0.00e+00	0.00e+00	0.00e+00	0.00e+00	0.00e+00	0.00e+00	3.98e-04	1.48e-04	6.27e-05
 1.69899e+16	7.24e-04	1.61e-01	8.38e-01	0.00e+00	0.00e+00	0.00e+00	0.00e+00	0.00e+00	0.00e+00	4.74e-04	1.76e-04	7.46e-05
 1.74326e+16	8.64e-04	1.74e-01	8.25e-01	0.00e+00	0.00e+00	0.00e+00	0.00e+00	0.00e+00	0.00e+00	5.65e-04	2.10e-04	8.89e-05
 1.78558e+16	1.03e-03	1.88e-01	8.11e-01	0.00e+00	0.00e+00	0.00e+00	0.00e+00	0.00e+00	0.00e+00	6.75e-04	2.51e-04	1.06e-04
 1.82607e+16	1.24e-03	2.03e-01	7.96e-01	0.00e+00	0.00e+00	0.00e+00	0.00e+00	0.00e+00	0.00e+00	8.10e-04	3.01e-04	1.27e-04
 1.86475e+16	1.49e-03	2.20e-01	7.79e-01	0.00e+00	0.00e+00	0.00e+00	0.00e+00	0.00e+00	0.00e+00	9.73e-04	3.63e-04	1.53e-04
 1.90176e+16	1.80e-03	2.38e-01	7.60e-01	0.00e+00	0.00e+00	0.00e+00	0.00e+00	0.00e+00	0.00e+00	1.17e-03	4.38e-04	1.85e-04
 1.93721e+16	2.17e-03	2.59e-01	7.39e-01	0.00e+00	0.00e+00	0.00e+00	0.00e+00	0.00e+00	0.00e+00	1.42e-03	5.30e-04	2.23e-04
 1.97117e+16	2.64e-03	2.82e-01	7.16e-01	0.00e+00	0.00e+00	0.00e+00	0.00e+00	0.00e+00	0.00e+00	1.72e-03	6.44e-04	2.71e-04
 2.00331e+16	3.21e-03	3.06e-01	6.91e-01	0.00e+00	0.00e+00	0.00e+00	0.00e+00	0.00e+00	0.00e+00	2.09e-03	7.82e-04	3.29e-04
 2.03324e+16	3.89e-03	3.32e-01	6.64e-01	0.00e+00	0.00e+00	0.00e+00	0.00e+00	0.00e+00	0.00e+00	2.54e-03	9.47e-04	3.98e-04
 2.06131e+16	4.70e-03	3.60e-01	6.35e-01	0.00e+00	0.00e+00	0.00e+00	0.00e+00	0.00e+00	0.00e+00	3.07e-03	1.14e-03	4.81e-04
 2.08797e+16	5.69e-03	3.90e-01	6.04e-01	0.00e+00	0.00e+00	0.00e+00	0.00e+00	0.00e+00	0.00e+00	3.72e-03	1.39e-03	5.81e-04
 2.11337e+16	6.89e-03	4.22e-01	5.71e-01	0.00e+00	0.00e+00	0.00e+00	0.00e+00	0.00e+00	0.00e+00	4.51e-03	1.68e-03	7.04e-04
 2.13744e+16	8.36e-03	4.55e-01	5.36e-01	0.00e+00	0.00e+00	0.00e+00	0.00e+00	0.00e+00	0.00e+00	5.47e-03	2.03e-03	8.53e-04
 2.16012e+16	1.01e-02	4.90e-01	5.00e-01	0.00e+00	0.00e+00	0.00e+00	0.00e+00	0.00e+00	0.00e+00	6.62e-03	2.46e-03	1.03e-03
 2.18154e+16	1.23e-02	5.26e-01	4.62e-01	0.00e+00	0.00e+00	0.00e+00	0.00e+00	0.00e+00	0.00e+00	8.02e-03	2.98e-03	1.25e-03
 2.20185e+16	1.48e-02	5.62e-01	4.23e-01	0.00e+00	0.00e+00	0.00e+00	0.00e+00	0.00e+00	0.00e+00	9.71e-03	3.60e-03	1.51e-03
 2.22116e+16	1.80e-02	5.99e-01	3.83e-01	0.00e+00	0.00e+00	0.00e+00	0.00e+00	0.00e+00	0.00e+00	1.18e-02	4.36e-03	1.83e-03
 2.23947e+16	2.18e-02	6.35e-01	3.43e-01	0.00e+00	0.00e+00	0.00e+00	0.00e+00	0.00e+00	0.00e+00	1.43e-02	5.28e-03	2.21e-03
 2.25678e+16	2.64e-02	6.70e-01	3.03e-01	0.00e+00	0.00e+00	0.00e+00	0.00e+00	0.00e+00	0.00e+00	1.73e-02	6.40e-03	2.68e-03
 2.27309e+16	3.20e-02	7.04e-01	2.64e-01	0.00e+00	0.00e+00	0.00e+00	0.00e+00	0.00e+00	0.00e+00	2.10e-02	7.75e-03	3.25e-03
 2.28846e+16	3.88e-02	7.34e-01	2.27e-01	0.00e+00	0.00e+00	0.00e+00	0.00e+00	0.00e+00	0.00e+00	2.54e-02	9.39e-03	3.94e-03
 2.30293e+16	4.70e-02	7.61e-01	1.92e-01	0.00e+00	0.00e+00	0.00e+00	0.00e+00	0.00e+00	0.00e+00	3.08e-02	1.13e-02	4.77e-03
 2.31662e+16	5.71e-02	7.84e-01	1.59e-01	0.00e+00	0.00e+00	0.00e+00	0.00e+00	0.00e+00	0.00e+00	3.75e-02	1.38e-02	5.79e-03
 2.32946e+16	6.93e-02	8.01e-01	1.30e-01	0.00e+00	0.00e+00	0.00e+00	0.00e+00	0.00e+00	0.00e+00	4.56e-02	1.67e-02	7.02e-03
 2.34143e+16	8.41e-02	8.12e-01	1.04e-01	0.00e+00	0.00e+00	0.00e+00	0.00e+00	0.00e+00	0.00e+00	5.53e-02	2.02e-02	8.52e-03
 2.35103e+16	9.92e-02	8.16e-01	8.48e-02	0.00e+00	0.00e+00	0.00e+00	0.00e+00	0.00e+00	0.00e+00	6.54e-02	2.37e-02	1.00e-02
 2.35772e+16	1.12e-01	8.16e-01	7.21e-02	0.00e+00	0.00e+00	0.00e+00	0.00e+00	0.00e+00	0.00e+00	7.42e-02	2.68e-02	1.14e-02
 2.36340e+16	1.25e-01	8.13e-01	6.22e-02	0.00e+00	0.00e+00	0.00e+00	0.00e+00	0.00e+00	0.00e+00	8.25e-02	2.97e-02	1.26e-02
 2.36986e+16	1.42e-01	8.06e-01	5.15e-02	0.00e+00	0.00e+00	0.00e+00	0.00e+00	0.00e+00	0.00e+00	9.40e-02	3.37e-02	1.44e-02
 2.37666e+16	1.63e-01	7.95e-01	4.17e-02	0.00e+00	0.00e+00	0.00e+00	0.00e+00	0.00e+00	0.00e+00	1.08e-01	3.85e-02	1.65e-02
 2.38227e+16	1.84e-01	7.82e-01	3.43e-02	0.00e+00	0.00e+00	0.00e+00	0.00e+00	0.00e+00	0.00e+00	1.22e-01	4.31e-02	1.85e-02
 2.38687e+16	2.03e-01	7.68e-01	2.89e-02	0.00e+00	0.00e+00	0.00e+00	0.00e+00	0.00e+00	0.00e+00	1.35e-01	4.74e-02	2.04e-02
 2.39179e+16	2.26e-01	7.50e-01	2.37e-02	0.00e+00	0.00e+00	0.00e+00	0.00e+00	0.00e+00	0.00e+00	1.51e-01	5.25e-02	2.28e-02
 2.39700e+16	2.54e-01	7.27e-01	1.89e-02	0.00e+00	0.00e+00	0.00e+00	0.00e+00	0.00e+00	0.00e+00	1.70e-01	5.86e-02	2.55e-02
 2.40132e+16	2.81e-01	7.04e-01	1.55e-02	0.00e+00	0.00e+00	0.00e+00	0.00e+00	0.00e+00	0.00e+00	1.88e-01	6.42e-02	2.81e-02
 2.40489e+16	3.04e-01	6.83e-01	1.30e-02	0.00e+00	0.00e+00	0.00e+00	0.00e+00	0.00e+00	0.00e+00	2.04e-01	6.89e-02	3.03e-02
 2.40875e+16	3.31e-01	6.58e-01	1.06e-02	0.00e+00	0.00e+00	0.00e+00	0.00e+00	0.00e+00	0.00e+00	2.24e-01	7.46e-02	3.30e-02
 2.41291e+16	3.63e-01	6.29e-01	8.46e-03	0.00e+00	0.00e+00	0.00e+00	0.00e+00	0.00e+00	0.00e+00	2.46e-01	8.08e-02	3.61e-02
 2.41653e+16	3.93e-01	6.00e-01	6.85e-03	0.00e+00	0.00e+00	0.00e+00	0.00e+00	0.00e+00	0.00e+00	2.67e-01	8.66e-02	3.89e-02
 2.41963e+16	4.18e-01	5.76e-01	5.70e-03	0.00e+00	0.00e+00	0.00e+00	0.00e+00	0.00e+00	0.00e+00	2.85e-01	9.13e-02	4.13e-02
 2.42267e+16	4.45e-01	5.50e-01	4.70e-03	0.00e+00	0.00e+00	0.00e+00	0.00e+00	0.00e+00	0.00e+00	3.05e-01	9.61e-02	4.38e-02
 2.42597e+16	4.74e-01	5.22e-01	3.80e-03	0.00e+00	0.00e+00	0.00e+00	0.00e+00	0.00e+00	0.00e+00	3.27e-01	1.01e-01	4.65e-02
 2.42921e+16	5.04e-01	4.93e-01	3.06e-03	0.00e+00	0.00e+00	0.00e+00	0.00e+00	0.00e+00	0.00e+00	3.49e-01	1.06e-01	4.91e-02
 2.43199e+16	5.29e-01	4.69e-01	2.52e-03	0.00e+00	0.00e+00	0.00e+00	0.00e+00	0.00e+00	0.00e+00	3.68e-01	1.10e-01	5.13e-02
 2.43447e+16	5.51e-01	4.47e-01	2.12e-03	0.00e+00	0.00e+00	0.00e+00	0.00e+00	0.00e+00	0.00e+00	3.85e-01	1.13e-01	5.32e-02
 2.43685e+16	5.73e-01	4.25e-01	1.78e-03	0.00e+00	0.00e+00	0.00e+00	0.00e+00	0.00e+00	0.00e+00	4.02e-01	1.16e-01	5.50e-02
 2.43922e+16	5.95e-01	4.04e-01	1.49e-03	0.00e+00	0.00e+00	0.00e+00	0.00e+00	0.00e+00	0.00e+00	4.20e-01	1.18e-01	5.67e-02
 2.44114e+16	6.10e-01	3.88e-01	1.30e-03	0.00e+00	0.00e+00	0.00e+00	0.00e+00	0.00e+00	0.00e+00	4.32e-01	1.20e-01	5.79e-02
 2.44242e+16	6.21e-01	3.77e-01	1.18e-03	0.00e+00	0.00e+00	0.00e+00	0.00e+00	0.00e+00	0.00e+00	4.41e-01	1.21e-01	5.88e-02
 2.44361e+16	6.32e-01	3.67e-01	1.07e-03	0.00e+00	0.00e+00	0.00e+00	0.00e+00	0.00e+00	0.00e+00	4.50e-01	1.22e-01	5.95e-02
 2.44497e+16	6.44e-01	3.55e-01	9.64e-04	0.00e+00	0.00e+00	0.00e+00	0.00e+00	0.00e+00	0.00e+00	4.60e-01	1.23e-01	6.04e-02
 2.44645e+16	6.56e-01	3.43e-01	8.58e-04	0.00e+00	0.00e+00	0.00e+00	0.00e+00	0.00e+00	0.00e+00	4.70e-01	1.24e-01	6.13e-02
 2.44791e+16	6.68e-01	3.31e-01	7.63e-04	0.00e+00	0.00e+00	0.00e+00	0.00e+00	0.00e+00	0.00e+00	4.81e-01	1.25e-01	6.21e-02
 2.44930e+16	6.79e-01	3.20e-01	6.82e-04	0.00e+00	0.00e+00	0.00e+00	0.00e+00	0.00e+00	0.00e+00	4.90e-01	1.26e-01	6.29e-02
 2.45066e+16	6.90e-01	3.09e-01	6.10e-04	0.00e+00	0.00e+00	0.00e+00	0.00e+00	0.00e+00	0.00e+00	5.00e-01	1.27e-01	6.36e-02
 2.45204e+16	7.01e-01	2.98e-01	5.44e-04	0.00e+00	0.00e+00	0.00e+00	0.00e+00	0.00e+00	0.00e+00	5.09e-01	1.28e-01	6.42e-02
 2.45345e+16	7.12e-01	2.87e-01	4.82e-04	0.00e+00	0.00e+00	0.00e+00	0.00e+00	0.00e+00	0.00e+00	5.19e-01	1.28e-01	6.49e-02
 2.45483e+16	7.23e-01	2.77e-01	4.29e-04	0.00e+00	0.00e+00	0.00e+00	0.00e+00	0.00e+00	0.00e+00	5.28e-01	1.29e-01	6.55e-02
 2.45620e+16	7.33e-01	2.67e-01	3.81e-04	0.00e+00	0.00e+00	0.00e+00	0.00e+00	0.00e+00	0.00e+00	5.38e-01	1.29e-01	6.60e-02
 2.45757e+16	7.43e-01	2.57e-01	3.39e-04	0.00e+00	0.00e+00	0.00e+00	0.00e+00	0.00e+00	0.00e+00	5.47e-01	1.29e-01	6.65e-02
 2.45895e+16	7.53e-01	2.47e-01	3.00e-04	0.00e+00	0.00e+00	0.00e+00	0.00e+00	0.00e+00	0.00e+00	5.56e-01	1.29e-01	6.70e-02
 2.46032e+16	7.62e-01	2.38e-01	2.66e-04	0.00e+00	0.00e+00	0.00e+00	0.00e+00	0.00e+00	0.00e+00	5.65e-01	1.29e-01	6.74e-02
 2.46169e+16	7.71e-01	2.28e-01	2.35e-04	0.00e+00	0.00e+00	0.00e+00	0.00e+00	0.00e+00	0.00e+00	5.74e-01	1.29e-01	6.78e-02
 2.46307e+16	7.80e-01	2.19e-01	2.07e-04	0.00e+00	0.00e+00	0.00e+00	0.00e+00	0.00e+00	0.00e+00	5.83e-01	1.29e-01	6.81e-02
 2.46442e+16	7.89e-01	2.11e-01	1.83e-04	0.00e+00	0.00e+00	0.00e+00	0.00e+00	0.00e+00	0.00e+00	5.91e-01	1.29e-01	6.84e-02
 2.46576e+16	7.97e-01	2.02e-01	1.62e-04	0.00e+00	0.00e+00	0.00e+00	0.00e+00	0.00e+00	0.00e+00	6.00e-01	1.29e-01	6.86e-02
 2.46713e+16	8.06e-01	1.94e-01	1.43e-04	0.00e+00	0.00e+00	0.00e+00	0.00e+00	0.00e+00	0.00e+00	6.08e-01	1.29e-01	6.89e-02
 2.46849e+16	8.14e-01	1.86e-01	1.26e-04	0.00e+00	0.00e+00	0.00e+00	0.00e+00	0.00e+00	0.00e+00	6.16e-01	1.28e-01	6.90e-02
 2.46984e+16	8.21e-01	1.79e-01	1.11e-04	0.00e+00	0.00e+00	0.00e+00	0.00e+00	0.00e+00	0.00e+00	6.24e-01	1.28e-01	6.91e-02
 2.47121e+16	8.29e-01	1.71e-01	9.70e-05	0.00e+00	0.00e+00	0.00e+00	0.00e+00	0.00e+00	0.00e+00	6.32e-01	1.27e-01	6.92e-02
 2.47255e+16	8.36e-01	1.64e-01	8.54e-05	0.00e+00	0.00e+00	0.00e+00	0.00e+00	0.00e+00	0.00e+00	6.40e-01	1.27e-01	6.93e-02
 2.47388e+16	8.43e-01	1.57e-01	7.50e-05	0.00e+00	0.00e+00	0.00e+00	0.00e+00	0.00e+00	0.00e+00	6.47e-01	1.26e-01	6.93e-02
 2.47524e+16	8.50e-01	1.50e-01	6.57e-05	0.00e+00	0.00e+00	0.00e+00	0.00e+00	0.00e+00	0.00e+00	6.55e-01	1.25e-01	6.93e-02
 2.47658e+16	8.56e-01	1.44e-01	5.76e-05	0.00e+00	0.00e+00	0.00e+00	0.00e+00	0.00e+00	0.00e+00	6.62e-01	1.25e-01	6.92e-02
 2.47789e+16	8.62e-01	1.38e-01	5.06e-05	0.00e+00	0.00e+00	0.00e+00	0.00e+00	0.00e+00	0.00e+00	6.69e-01	1.24e-01	6.91e-02
 2.47920e+16	8.68e-01	1.32e-01	4.45e-05	0.00e+00	0.00e+00	0.00e+00	0.00e+00	0.00e+00	0.00e+00	6.76e-01	1.23e-01	6.90e-02
 2.48052e+16	8.74e-01	1.26e-01	3.89e-05	0.00e+00	0.00e+00	0.00e+00	0.00e+00	0.00e+00	0.00e+00	6.82e-01	1.23e-01	6.89e-02
 2.48184e+16	8.79e-01	1.21e-01	3.41e-05	0.00e+00	0.00e+00	0.00e+00	0.00e+00	0.00e+00	0.00e+00	6.89e-01	1.22e-01	6.87e-02
 2.48313e+16	8.85e-01	1.15e-01	3.00e-05	0.00e+00	0.00e+00	0.00e+00	0.00e+00	0.00e+00	0.00e+00	6.95e-01	1.21e-01	6.85e-02
 2.48438e+16	8.89e-01	1.11e-01	2.64e-05	0.00e+00	0.00e+00	0.00e+00	0.00e+00	0.00e+00	0.00e+00	7.01e-01	1.20e-01	6.84e-02
 2.48563e+16	8.94e-01	1.06e-01	2.32e-05	0.00e+00	0.00e+00	0.00e+00	0.00e+00	0.00e+00	0.00e+00	7.06e-01	1.19e-01	6.81e-02
 2.48688e+16	8.98e-01	1.02e-01	2.05e-05	0.00e+00	0.00e+00	0.00e+00	0.00e+00	0.00e+00	0.00e+00	7.12e-01	1.18e-01	6.79e-02
 2.48812e+16	9.03e-01	9.74e-02	1.80e-05	0.00e+00	0.00e+00	0.00e+00	0.00e+00	0.00e+00	0.00e+00	7.17e-01	1.18e-01	6.77e-02
 2.48934e+16	9.07e-01	9.33e-02	1.59e-05	0.00e+00	0.00e+00	0.00e+00	0.00e+00	0.00e+00	0.00e+00	7.22e-01	1.17e-01	6.74e-02
 2.49054e+16	9.11e-01	8.94e-02	1.40e-05	0.00e+00	0.00e+00	0.00e+00	0.00e+00	0.00e+00	0.00e+00	7.27e-01	1.16e-01	6.72e-02
 2.49173e+16	9.14e-01	8.59e-02	1.24e-05	0.00e+00	0.00e+00	0.00e+00	0.00e+00	0.00e+00	0.00e+00	7.32e-01	1.15e-01	6.69e-02
 2.49292e+16	9.18e-01	8.23e-02	1.09e-05	0.00e+00	0.00e+00	0.00e+00	0.00e+00	0.00e+00	0.00e+00	7.37e-01	1.14e-01	6.67e-02
 2.49409e+16	9.21e-01	7.89e-02	9.69e-06	0.00e+00	0.00e+00	0.00e+00	0.00e+00	0.00e+00	0.00e+00	7.41e-01	1.14e-01	6.64e-02
 2.49526e+16	9.24e-01	7.58e-02	8.57e-06	0.00e+00	0.00e+00	0.00e+00	0.00e+00	0.00e+00	0.00e+00	7.45e-01	1.13e-01	6.61e-02
 2.49642e+16	9.27e-01	7.27e-02	7.58e-06	0.00e+00	0.00e+00	0.00e+00	0.00e+00	0.00e+00	0.00e+00	7.49e-01	1.12e-01	6.58e-02
 2.49758e+16	9.30e-01	6.98e-02	6.71e-06	0.00e+00	0.00e+00	0.00e+00	0.00e+00	0.00e+00	0.00e+00	7.53e-01	1.11e-01	6.55e-02
 2.49872e+16	9.33e-01	6.70e-02	5.95e-06	0.00e+00	0.00e+00	0.00e+00	0.00e+00	0.00e+00	0.00e+00	7.57e-01	1.10e-01	6.51e-02
 2.49985e+16	9.36e-01	6.43e-02	5.28e-06	0.00e+00	0.00e+00	0.00e+00	0.00e+00	0.00e+00	0.00e+00	7.61e-01	1.10e-01	6.48e-02
 2.50099e+16	9.38e-01	6.17e-02	4.68e-06	0.00e+00	0.00e+00	0.00e+00	0.00e+00	0.00e+00	0.00e+00	7.65e-01	1.09e-01	6.44e-02
 2.50212e+16	9.41e-01	5.92e-02	4.15e-06	0.00e+00	0.00e+00	0.00e+00	0.00e+00	0.00e+00	0.00e+00	7.69e-01	1.08e-01	6.41e-02
 2.50322e+16	9.43e-01	5.70e-02	3.69e-06	0.00e+00	0.00e+00	0.00e+00	0.00e+00	0.00e+00	0.00e+00	7.72e-01	1.08e-01	6.38e-02
 2.50434e+16	9.45e-01	5.48e-02	3.27e-06	0.00e+00	0.00e+00	0.00e+00	0.00e+00	0.00e+00	0.00e+00	7.75e-01	1.07e-01	6.34e-02
 2.50545e+16	9.47e-01	5.26e-02	2.91e-06	0.00e+00	0.00e+00	0.00e+00	0.00e+00	0.00e+00	0.00e+00	7.78e-01	1.06e-01	6.31e-02
 2.50655e+16	9.49e-01	5.05e-02	2.59e-06	0.00e+00	0.00e+00	0.00e+00	0.00e+00	0.00e+00	0.00e+00	7.81e-01	1.05e-01	6.28e-02
 2.50762e+16	9.51e-01	4.86e-02	2.30e-06	0.00e+00	0.00e+00	0.00e+00	0.00e+00	0.00e+00	0.00e+00	7.84e-01	1.05e-01	6.25e-02
 2.50872e+16	9.53e-01	4.67e-02	2.05e-06	0.00e+00	0.00e+00	0.00e+00	0.00e+00	0.00e+00	0.00e+00	7.87e-01	1.04e-01	6.21e-02
 2.50982e+16	9.55e-01	4.48e-02	1.82e-06	0.00e+00	0.00e+00	0.00e+00	0.00e+00	0.00e+00	0.00e+00	7.90e-01	1.04e-01	6.18e-02
 2.51088e+16	9.57e-01	4.31e-02	1.62e-06	0.00e+00	0.00e+00	0.00e+00	0.00e+00	0.00e+00	0.00e+00	7.92e-01	1.03e-01	6.15e-02
 2.51194e+16	9.58e-01	4.16e-02	1.45e-06	0.00e+00	0.00e+00	0.00e+00	0.00e+00	0.00e+00	0.00e+00	7.95e-01	1.02e-01	6.13e-02
 2.51303e+16	9.60e-01	3.99e-02	1.29e-06	0.00e+00	0.00e+00	0.00e+00	0.00e+00	0.00e+00	0.00e+00	7.97e-01	1.02e-01	6.10e-02
 2.51412e+16	9.62e-01	3.83e-02	1.15e-06	0.00e+00	0.00e+00	0.00e+00	0.00e+00	0.00e+00	0.00e+00	8.00e-01	1.01e-01	6.07e-02
 2.51517e+16	9.63e-01	3.69e-02	1.02e-06	0.00e+00	0.00e+00	0.00e+00	0.00e+00	0.00e+00	0.00e+00	8.02e-01	1.01e-01	6.04e-02
 2.51621e+16	9.65e-01	3.55e-02	9.16e-07	0.00e+00	0.00e+00	0.00e+00	0.00e+00	0.00e+00	0.00e+00	8.04e-01	1.00e-01	6.01e-02
 2.51726e+16	9.66e-01	3.41e-02	8.17e-07	0.00e+00	0.00e+00	0.00e+00	0.00e+00	0.00e+00	0.00e+00	8.06e-01	9.97e-02	5.98e-02
 2.51835e+16	9.67e-01	3.27e-02	7.26e-07	0.00e+00	0.00e+00	0.00e+00	0.00e+00	0.00e+00	0.00e+00	8.08e-01	9.92e-02	5.96e-02
 2.51944e+16	9.69e-01	3.14e-02	6.45e-07	0.00e+00	0.00e+00	0.00e+00	0.00e+00	0.00e+00	0.00e+00	8.11e-01	9.87e-02	5.93e-02
 2.52049e+16	9.70e-01	3.02e-02	5.76e-07	0.00e+00	0.00e+00	0.00e+00	0.00e+00	0.00e+00	0.00e+00	8.13e-01	9.82e-02	5.91e-02
 2.52151e+16	9.71e-01	2.91e-02	5.16e-07	0.00e+00	0.00e+00	0.00e+00	0.00e+00	0.00e+00	0.00e+00	8.14e-01	9.78e-02	5.88e-02
 2.52254e+16	9.72e-01	2.80e-02	4.63e-07	0.00e+00	0.00e+00	0.00e+00	0.00e+00	0.00e+00	0.00e+00	8.16e-01	9.74e-02	5.86e-02
 2.52355e+16	9.73e-01	2.70e-02	4.15e-07	0.00e+00	0.00e+00	0.00e+00	0.00e+00	0.00e+00	0.00e+00	8.18e-01	9.70e-02	5.84e-02
 2.52454e+16	9.74e-01	2.60e-02	3.73e-07	0.00e+00	0.00e+00	0.00e+00	0.00e+00	0.00e+00	0.00e+00	8.19e-01	9.66e-02	5.82e-02
 2.52555e+16	9.75e-01	2.50e-02	3.34e-07	0.00e+00	0.00e+00	0.00e+00	0.00e+00	0.00e+00	0.00e+00	8.21e-01	9.61e-02	5.79e-02
 2.52659e+16	9.76e-01	2.40e-02	2.99e-07	0.00e+00	0.00e+00	0.00e+00	0.00e+00	0.00e+00	0.00e+00	8.23e-01	9.57e-02	5.77e-02
 2.52760e+16	9.77e-01	2.30e-02	2.68e-07	0.00e+00	0.00e+00	0.00e+00	0.00e+00	0.00e+00	0.00e+00	8.24e-01	9.53e-02	5.75e-02
 2.52859e+16	9.78e-01	2.22e-02	2.41e-07	0.00e+00	0.00e+00	0.00e+00	0.00e+00	0.00e+00	0.00e+00	8.26e-01	9.49e-02	5.73e-02
 2.52956e+16	9.79e-01	2.13e-02	2.16e-07	0.00e+00	0.00e+00	0.00e+00	0.00e+00	0.00e+00	0.00e+00	8.27e-01	9.46e-02	5.71e-02
 2.53054e+16	9.80e-01	2.05e-02	1.95e-07	0.00e+00	0.00e+00	0.00e+00	0.00e+00	0.00e+00	0.00e+00	8.28e-01	9.42e-02	5.68e-02
 2.53151e+16	9.80e-01	1.97e-02	1.75e-07	0.00e+00	0.00e+00	0.00e+00	0.00e+00	0.00e+00	0.00e+00	8.30e-01	9.38e-02	5.66e-02
 2.53247e+16	9.81e-01	1.89e-02	1.58e-07	0.00e+00	0.00e+00	0.00e+00	0.00e+00	0.00e+00	0.00e+00	8.31e-01	9.35e-02	5.64e-02
 2.53341e+16	9.82e-01	1.81e-02	1.42e-07	0.00e+00	0.00e+00	0.00e+00	0.00e+00	0.00e+00	0.00e+00	8.33e-01	9.31e-02	5.62e-02
 2.53433e+16	9.83e-01	1.74e-02	1.29e-07	0.00e+00	0.00e+00	0.00e+00	0.00e+00	0.00e+00	0.00e+00	8.34e-01	9.27e-02	5.60e-02
 2.53524e+16	9.83e-01	1.67e-02	1.16e-07	0.00e+00	0.00e+00	0.00e+00	0.00e+00	0.00e+00	0.00e+00	8.35e-01	9.24e-02	5.58e-02
 2.53614e+16	9.84e-01	1.61e-02	1.06e-07	0.00e+00	0.00e+00	0.00e+00	0.00e+00	0.00e+00	0.00e+00	8.36e-01	9.20e-02	5.56e-02
 2.53701e+16	9.85e-01	1.54e-02	9.58e-08	0.00e+00	0.00e+00	0.00e+00	0.00e+00	0.00e+00	0.00e+00	8.38e-01	9.16e-02	5.53e-02
 2.53788e+16	9.85e-01	1.48e-02	8.71e-08	0.00e+00	0.00e+00	0.00e+00	0.00e+00	0.00e+00	0.00e+00	8.39e-01	9.13e-02	5.51e-02
 2.53874e+16	9.86e-01	1.41e-02	7.92e-08	0.00e+00	0.00e+00	0.00e+00	0.00e+00	0.00e+00	0.00e+00	8.40e-01	9.09e-02	5.49e-02
 2.53957e+16	9.86e-01	1.36e-02	7.22e-08	0.00e+00	0.00e+00	0.00e+00	0.00e+00	0.00e+00	0.00e+00	8.41e-01	9.05e-02	5.46e-02
 2.54037e+16	9.87e-01	1.30e-02	6.61e-08	0.00e+00	0.00e+00	0.00e+00	0.00e+00	0.00e+00	0.00e+00	8.43e-01	9.01e-02	5.44e-02
 2.54109e+16	9.88e-01	1.25e-02	6.11e-08	0.00e+00	0.00e+00	0.00e+00	0.00e+00	0.00e+00	0.00e+00	8.44e-01	8.97e-02	5.41e-02
 2.54174e+16	9.88e-01	1.20e-02	5.70e-08	0.00e+00	0.00e+00	0.00e+00	0.00e+00	0.00e+00	0.00e+00	8.45e-01	8.94e-02	5.39e-02
 2.54232e+16	9.88e-01	1.16e-02	5.35e-08	0.00e+00	0.00e+00	0.00e+00	0.00e+00	0.00e+00	0.00e+00	8.46e-01	8.91e-02	5.37e-02
 2.54285e+16	9.89e-01	1.13e-02	5.04e-08	0.00e+00	0.00e+00	0.00e+00	0.00e+00	0.00e+00	0.00e+00	8.46e-01	8.88e-02	5.35e-02
 2.54336e+16	9.89e-01	1.09e-02	4.77e-08	0.00e+00	0.00e+00	0.00e+00	0.00e+00	0.00e+00	0.00e+00	8.47e-01	8.85e-02	5.33e-02
 2.54382e+16	9.89e-01	1.06e-02	4.53e-08	0.00e+00	0.00e+00	0.00e+00	0.00e+00	0.00e+00	0.00e+00	8.48e-01	8.82e-02	5.31e-02
 2.54426e+16	9.90e-01	1.03e-02	4.31e-08	0.00e+00	0.00e+00	0.00e+00	0.00e+00	0.00e+00	0.00e+00	8.49e-01	8.79e-02	5.29e-02
 2.54467e+16	9.90e-01	1.01e-02	4.11e-08	0.00e+00	0.00e+00	0.00e+00	0.00e+00	0.00e+00	0.00e+00	8.50e-01	8.76e-02	5.27e-02
 2.54505e+16	9.90e-01	9.80e-03	3.93e-08	0.00e+00	0.00e+00	0.00e+00	0.00e+00	0.00e+00	0.00e+00	8.50e-01	8.73e-02	5.24e-02
 2.54541e+16	9.90e-01	9.56e-03	3.77e-08	0.00e+00	0.00e+00	0.00e+00	0.00e+00	0.00e+00	0.00e+00	8.51e-01	8.70e-02	5.22e-02
 2.54575e+16	9.91e-01	9.33e-03	3.62e-08	0.00e+00	0.00e+00	0.00e+00	0.00e+00	0.00e+00	0.00e+00	8.52e-01	8.68e-02	5.20e-02
 2.54606e+16	9.91e-01	9.12e-03	3.49e-08	0.00e+00	0.00e+00	0.00e+00	0.00e+00	0.00e+00	0.00e+00	8.53e-01	8.65e-02	5.19e-02
 2.54633e+16	9.91e-01	8.94e-03	3.38e-08	0.00e+00	0.00e+00	0.00e+00	0.00e+00	0.00e+00	0.00e+00	8.53e-01	8.63e-02	5.17e-02
 2.54659e+16	9.91e-01	8.77e-03	3.28e-08	0.00e+00	0.00e+00	0.00e+00	0.00e+00	0.00e+00	0.00e+00	8.54e-01	8.61e-02	5.15e-02
 2.54682e+16	9.91e-01	8.62e-03	3.18e-08	0.00e+00	0.00e+00	0.00e+00	0.00e+00	0.00e+00	0.00e+00	8.54e-01	8.58e-02	5.14e-02
 2.54703e+16	9.92e-01	8.48e-03	3.10e-08	0.00e+00	0.00e+00	0.00e+00	0.00e+00	0.00e+00	0.00e+00	8.55e-01	8.57e-02	5.12e-02
 2.54722e+16	9.92e-01	8.36e-03	3.03e-08	0.00e+00	0.00e+00	0.00e+00	0.00e+00	0.00e+00	0.00e+00	8.55e-01	8.55e-02	5.11e-02
 2.54743e+16	9.92e-01	8.23e-03	2.95e-08	0.00e+00	0.00e+00	0.00e+00	0.00e+00	0.00e+00	0.00e+00	8.56e-01	8.53e-02	5.09e-02
 2.54770e+16	9.92e-01	8.03e-03	2.84e-08	0.00e+00	0.00e+00	0.00e+00	0.00e+00	0.00e+00	0.00e+00	8.56e-01	8.49e-02	5.07e-02
 2.54800e+16	9.92e-01	7.83e-03	2.73e-08	0.00e+00	0.00e+00	0.00e+00	0.00e+00	0.00e+00	0.00e+00	8.57e-01	8.45e-02	5.05e-02
 2.54826e+16	9.92e-01	7.65e-03	2.63e-08	0.00e+00	0.00e+00	0.00e+00	0.00e+00	0.00e+00	0.00e+00	8.58e-01	8.42e-02	5.02e-02
 2.54851e+16	9.93e-01	7.49e-03	2.54e-08	0.00e+00	0.00e+00	0.00e+00	0.00e+00	0.00e+00	0.00e+00	8.59e-01	8.39e-02	5.00e-02
