#depth	He	He+	He+2
 2.92715e+11	1.66e-03	6.38e-01	3.61e-01
 1.75629e+12	1.66e-03	6.38e-01	3.60e-01
 7.61059e+12	1.67e-03	6.41e-01	3.57e-01
 3.10278e+13	1.70e-03	6.53e-01	3.46e-01
 7.41154e+13	1.73e-03	6.69e-01	3.29e-01
 1.30129e+14	1.78e-03	6.92e-01	3.06e-01
 2.02947e+14	1.85e-03	7.23e-01	2.75e-01
 2.97611e+14	1.94e-03	7.63e-01	2.35e-01
 4.20673e+14	2.05e-03	8.11e-01	1.87e-01
 5.80655e+14	2.18e-03	8.64e-01	1.34e-01
 7.88630e+14	2.32e-03	9.15e-01	8.24e-02
 1.00910e+15	2.43e-03	9.50e-01	4.75e-02
 1.20458e+15	2.51e-03	9.69e-01	2.85e-02
 1.41746e+15	2.59e-03	9.81e-01	1.61e-02
 1.69421e+15	2.69e-03	9.90e-01	7.71e-03
 1.99115e+15	2.77e-03	9.94e-01	3.52e-03
 2.26949e+15	2.85e-03	9.95e-01	1.71e-03
 2.53296e+15	2.92e-03	9.96e-01	8.79e-04
 2.82196e+15	3.02e-03	9.97e-01	4.30e-04
 3.19766e+15	3.15e-03	9.97e-01	1.74e-04
 3.58050e+15	3.28e-03	9.97e-01	6.89e-05
 3.93855e+15	3.41e-03	9.97e-01	3.02e-05
 4.33241e+15	3.58e-03	9.96e-01	1.25e-05
 4.76565e+15	3.79e-03	9.96e-01	4.84e-06
 5.24222e+15	4.05e-03	9.96e-01	1.77e-06
 5.70722e+15	4.35e-03	9.96e-01	6.76e-07
 6.10282e+15	4.65e-03	9.95e-01	3.14e-07
 6.44982e+15	4.96e-03	9.95e-01	1.64e-07
 6.83338e+15	5.36e-03	9.95e-01	8.68e-08
 7.21377e+15	5.84e-03	9.94e-01	4.86e-08
 7.49814e+15	6.27e-03	9.94e-01	3.28e-08
 7.73668e+15	6.68e-03	9.93e-01	2.43e-08
 8.00752e+15	7.21e-03	9.93e-01	1.76e-08
 8.35961e+15	8.01e-03	9.92e-01	1.20e-08
 8.70764e+15	9.03e-03	9.91e-01	8.74e-09
 8.96685e+15	9.97e-03	9.90e-01	7.06e-09
 9.19370e+15	1.09e-02	9.89e-01	5.86e-09
 9.44259e+15	1.20e-02	9.88e-01	4.82e-09
 9.71825e+15	1.35e-02	9.87e-01	3.92e-09
 1.00274e+16	1.54e-02	9.85e-01	3.10e-09
 1.04085e+16	1.84e-02	9.82e-01	2.36e-09
 1.08315e+16	2.31e-02	9.77e-01	1.78e-09
 1.11603e+16	2.89e-02	9.71e-01	1.46e-09
 1.13544e+16	3.36e-02	9.66e-01	1.30e-09
 1.14949e+16	3.74e-02	9.63e-01	1.19e-09
 1.16506e+16	4.21e-02	9.58e-01	1.07e-09
 1.18530e+16	4.96e-02	9.50e-01	9.46e-10
 1.20643e+16	6.04e-02	9.40e-01	8.35e-10
 1.22278e+16	7.19e-02	9.28e-01	7.57e-10
 1.23468e+16	8.22e-02	9.18e-01	7.04e-10
 1.24674e+16	9.35e-02	9.06e-01	6.52e-10
 1.26241e+16	1.11e-01	8.89e-01	5.89e-10
 1.27818e+16	1.37e-01	8.63e-01	5.31e-10
 1.28965e+16	1.61e-01	8.39e-01	4.91e-10
 1.29812e+16	1.81e-01	8.19e-01	4.61e-10
 1.30716e+16	2.05e-01	7.95e-01	4.29e-10
 1.31890e+16	2.41e-01	7.59e-01	3.89e-10
 1.33117e+16	2.92e-01	7.08e-01	3.45e-10
 1.34079e+16	3.40e-01	6.60e-01	3.10e-10
 1.34836e+16	3.84e-01	6.16e-01	2.81e-10
 1.35665e+16	4.34e-01	5.66e-01	2.50e-10
 1.36741e+16	5.07e-01	4.93e-01	2.10e-10
 1.37894e+16	5.99e-01	4.01e-01	1.64e-10
 1.38888e+16	6.83e-01	3.17e-01	1.26e-10
 1.39920e+16	7.58e-01	2.42e-01	9.30e-11
 1.41261e+16	8.41e-01	1.59e-01	5.86e-11
 1.43006e+16	9.17e-01	8.34e-02	2.93e-11
 1.45273e+16	9.67e-01	3.29e-02	1.09e-11
 1.48087e+16	9.90e-01	9.56e-03	2.96e-12
 1.50840e+16	9.97e-01	2.54e-03	7.40e-13
 1.53124e+16	9.99e-01	9.01e-04	2.51e-13
 1.55178e+16	1.00e+00	3.74e-04	1.00e-13
 1.57117e+16	1.00e+00	1.70e-04	4.42e-14
 1.58977e+16	1.00e+00	8.45e-05	2.13e-14
 1.60770e+16	1.00e+00	4.61e-05	1.13e-14
 1.62523e+16	1.00e+00	2.79e-05	6.68e-15
 1.64256e+16	1.00e+00	1.88e-05	4.41e-15
 1.65927e+16	1.00e+00	1.42e-05	3.25e-15
 1.67528e+16	1.00e+00	1.17e-05	2.63e-15
 1.69097e+16	1.00e+00	1.02e-05	2.26e-15
 1.70644e+16	1.00e+00	9.23e-06	2.02e-15
 1.72176e+16	1.00e+00	8.59e-06	1.85e-15
 1.73699e+16	1.00e+00	8.11e-06	1.73e-15
 1.75220e+16	1.00e+00	7.74e-06	1.63e-15
 1.76749e+16	1.00e+00	7.43e-06	1.55e-15
 1.78291e+16	1.00e+00	7.15e-06	1.47e-15
 1.79854e+16	1.00e+00	6.90e-06	1.40e-15
 1.81444e+16	1.00e+00	6.67e-06	1.34e-15
 1.83066e+16	1.00e+00	6.44e-06	1.28e-15
 1.84728e+16	1.00e+00	6.23e-06	1.22e-15
 1.86434e+16	1.00e+00	6.02e-06	1.17e-15
 1.88187e+16	1.00e+00	5.82e-06	1.12e-15
 1.89991e+16	1.00e+00	5.62e-06	1.07e-15
 1.91847e+16	1.00e+00	5.43e-06	1.02e-15
 1.93756e+16	1.00e+00	5.25e-06	9.72e-16
 1.95715e+16	1.00e+00	5.07e-06	9.27e-16
 1.97723e+16	1.00e+00	4.89e-06	8.85e-16
 1.99775e+16	1.00e+00	4.72e-06	8.44e-16
 2.01867e+16	1.00e+00	4.56e-06	8.06e-16
 2.03958e+16	1.00e+00	4.40e-06	7.70e-16
 2.06114e+16	1.00e+00	4.26e-06	7.37e-16
 2.08310e+16	1.00e+00	4.11e-06	7.04e-16
 2.10476e+16	1.00e+00	3.97e-06	6.75e-16
 2.12658e+16	1.00e+00	3.85e-06	6.48e-16
 2.14835e+16	1.00e+00	3.73e-06	6.24e-16
 2.16991e+16	1.00e+00	3.61e-06	6.02e-16
 2.19122e+16	1.00e+00	3.51e-06	5.82e-16
 2.21222e+16	1.00e+00	3.41e-06	5.64e-16
 2.23287e+16	1.00e+00	3.32e-06	5.48e-16
 2.25315e+16	1.00e+00	3.24e-06	5.34e-16
 2.27305e+16	1.00e+00	3.16e-06	5.21e-16
 2.29256e+16	1.00e+00	3.08e-06	5.10e-16
 2.31168e+16	1.00e+00	3.02e-06	5.00e-16
 2.33043e+16	1.00e+00	2.96e-06	4.92e-16
 2.34889e+16	1.00e+00	2.91e-06	4.86e-16
 2.36712e+16	1.00e+00	2.86e-06	4.80e-16
 2.38520e+16	1.00e+00	2.82e-06	4.77e-16
 2.40325e+16	1.00e+00	2.78e-06	4.74e-16
 2.42142e+16	1.00e+00	2.76e-06	4.72e-16
 2.43996e+16	1.00e+00	2.73e-06	4.71e-16
 2.45925e+16	1.00e+00	2.71e-06	4.70e-16
 2.47995e+16	1.00e+00	2.69e-06	4.69e-16
 2.50336e+16	1.00e+00	2.66e-06	4.64e-16
 2.52872e+16	1.00e+00	2.59e-06	4.51e-16
 2.54539e+16	1.00e+00	2.51e-06	4.35e-16
