#depth	O	O+	O+2	O+3	O+4	O+5	O+6	O+7	O+8	O[1]	O[2]	O[3]
 2.79912e+11	5.89e-06	5.27e-03	4.05e-01	5.82e-01	7.61e-03	2.83e-07	0.00e+00	0.00e+00	0.00e+00	4.94e-06	6.04e-07	3.37e-07
 1.67947e+12	5.88e-06	5.27e-03	4.05e-01	5.82e-01	7.60e-03	2.83e-07	0.00e+00	0.00e+00	0.00e+00	4.94e-06	6.03e-07	3.37e-07
 7.27772e+12	5.89e-06	5.28e-03	4.06e-01	5.81e-01	7.56e-03	2.81e-07	0.00e+00	0.00e+00	0.00e+00	4.95e-06	6.04e-07	3.38e-07
 2.96707e+13	5.92e-06	5.32e-03	4.09e-01	5.79e-01	7.44e-03	2.75e-07	0.00e+00	0.00e+00	0.00e+00	4.98e-06	6.07e-07	3.41e-07
 7.08738e+13	5.91e-06	5.36e-03	4.13e-01	5.74e-01	7.23e-03	2.64e-07	0.00e+00	0.00e+00	0.00e+00	4.97e-06	6.06e-07	3.41e-07
 1.24438e+14	5.94e-06	5.42e-03	4.19e-01	5.68e-01	6.96e-03	2.51e-07	0.00e+00	0.00e+00	0.00e+00	4.99e-06	6.07e-07	3.43e-07
 1.94071e+14	5.98e-06	5.51e-03	4.27e-01	5.61e-01	6.64e-03	2.36e-07	0.00e+00	0.00e+00	0.00e+00	5.02e-06	6.09e-07	3.46e-07
 2.84594e+14	6.04e-06	5.62e-03	4.37e-01	5.51e-01	6.25e-03	2.17e-07	0.00e+00	0.00e+00	0.00e+00	5.08e-06	6.13e-07	3.50e-07
 4.02274e+14	6.13e-06	5.77e-03	4.51e-01	5.38e-01	5.77e-03	1.96e-07	0.00e+00	0.00e+00	0.00e+00	5.16e-06	6.20e-07	3.55e-07
 5.55259e+14	6.26e-06	5.97e-03	4.69e-01	5.20e-01	5.21e-03	1.71e-07	0.00e+00	0.00e+00	0.00e+00	5.27e-06	6.29e-07	3.62e-07
 7.54138e+14	6.45e-06	6.24e-03	4.92e-01	4.97e-01	4.55e-03	1.43e-07	0.00e+00	0.00e+00	0.00e+00	5.43e-06	6.44e-07	3.71e-07
 1.01268e+15	6.69e-06	6.60e-03	5.24e-01	4.66e-01	3.80e-03	0.00e+00	0.00e+00	0.00e+00	0.00e+00	5.64e-06	6.66e-07	3.85e-07
 1.34879e+15	7.05e-06	7.09e-03	5.66e-01	4.24e-01	2.99e-03	0.00e+00	0.00e+00	0.00e+00	0.00e+00	5.95e-06	6.99e-07	4.06e-07
 1.78573e+15	7.55e-06	7.74e-03	6.22e-01	3.68e-01	2.15e-03	0.00e+00	0.00e+00	0.00e+00	0.00e+00	6.36e-06	7.48e-07	4.35e-07
 2.35375e+15	8.21e-06	8.59e-03	6.94e-01	2.96e-01	1.35e-03	0.00e+00	0.00e+00	0.00e+00	0.00e+00	6.91e-06	8.20e-07	4.76e-07
 2.94709e+15	8.68e-06	9.35e-03	7.64e-01	2.26e-01	7.96e-04	0.00e+00	0.00e+00	0.00e+00	0.00e+00	7.30e-06	8.76e-07	5.07e-07
 3.46677e+15	9.16e-06	1.00e-02	8.19e-01	1.70e-01	4.73e-04	0.00e+00	0.00e+00	0.00e+00	0.00e+00	7.68e-06	9.35e-07	5.39e-07
 4.03576e+15	9.82e-06	1.07e-02	8.70e-01	1.19e-01	2.50e-04	0.00e+00	0.00e+00	0.00e+00	0.00e+00	8.22e-06	1.02e-06	5.83e-07
 4.77543e+15	1.07e-05	1.15e-02	9.18e-01	7.02e-02	1.00e-04	0.00e+00	0.00e+00	0.00e+00	0.00e+00	8.93e-06	1.12e-06	6.38e-07
 5.73702e+15	1.18e-05	1.25e-02	9.54e-01	3.31e-02	2.76e-05	0.00e+00	0.00e+00	0.00e+00	0.00e+00	9.88e-06	1.24e-06	7.07e-07
 6.59455e+15	1.25e-05	1.32e-02	9.70e-01	1.68e-02	8.75e-06	0.00e+00	0.00e+00	0.00e+00	0.00e+00	1.05e-05	1.30e-06	7.45e-07
 7.25400e+15	1.32e-05	1.37e-02	9.76e-01	9.86e-03	3.52e-06	0.00e+00	0.00e+00	0.00e+00	0.00e+00	1.11e-05	1.37e-06	7.86e-07
 7.97940e+15	1.40e-05	1.43e-02	9.80e-01	5.58e-03	1.32e-06	0.00e+00	0.00e+00	0.00e+00	0.00e+00	1.17e-05	1.45e-06	8.31e-07
 8.77734e+15	1.49e-05	1.49e-02	9.82e-01	3.04e-03	4.60e-07	0.00e+00	0.00e+00	0.00e+00	0.00e+00	1.25e-05	1.53e-06	8.82e-07
 9.65507e+15	1.59e-05	1.56e-02	9.83e-01	1.60e-03	1.50e-07	0.00e+00	0.00e+00	0.00e+00	0.00e+00	1.33e-05	1.63e-06	9.39e-07
 1.06206e+16	1.70e-05	1.63e-02	9.83e-01	8.21e-04	0.00e+00	0.00e+00	0.00e+00	0.00e+00	0.00e+00	1.43e-05	1.75e-06	1.01e-06
 1.16826e+16	1.83e-05	1.72e-02	9.82e-01	4.10e-04	0.00e+00	0.00e+00	0.00e+00	0.00e+00	0.00e+00	1.53e-05	1.89e-06	1.08e-06
 1.28509e+16	1.98e-05	1.80e-02	9.82e-01	2.00e-04	0.00e+00	0.00e+00	0.00e+00	0.00e+00	0.00e+00	1.66e-05	2.05e-06	1.17e-06
 1.41360e+16	2.15e-05	1.90e-02	9.81e-01	9.65e-05	0.00e+00	0.00e+00	0.00e+00	0.00e+00	0.00e+00	1.80e-05	2.25e-06	1.28e-06
 1.55496e+16	2.36e-05	2.01e-02	9.80e-01	4.60e-05	0.00e+00	0.00e+00	0.00e+00	0.00e+00	0.00e+00	1.97e-05	2.48e-06	1.41e-06
 1.71046e+16	2.59e-05	2.12e-02	9.79e-01	2.19e-05	0.00e+00	0.00e+00	0.00e+00	0.00e+00	0.00e+00	2.16e-05	2.78e-06	1.57e-06
 1.88150e+16	2.87e-05	2.24e-02	9.78e-01	1.05e-05	0.00e+00	0.00e+00	0.00e+00	0.00e+00	0.00e+00	2.38e-05	3.14e-06	1.76e-06
 2.04770e+16	3.17e-05	2.37e-02	9.76e-01	5.58e-06	0.00e+00	0.00e+00	0.00e+00	0.00e+00	0.00e+00	2.62e-05	3.53e-06	1.97e-06
 2.19187e+16	3.45e-05	2.48e-02	9.75e-01	3.40e-06	0.00e+00	0.00e+00	0.00e+00	0.00e+00	0.00e+00	2.85e-05	3.87e-06	2.17e-06
 2.31638e+16	3.71e-05	2.57e-02	9.74e-01	2.31e-06	0.00e+00	0.00e+00	0.00e+00	0.00e+00	0.00e+00	3.05e-05	4.19e-06	2.36e-06
 2.42604e+16	3.95e-05	2.64e-02	9.74e-01	1.67e-06	0.00e+00	0.00e+00	0.00e+00	0.00e+00	0.00e+00	3.24e-05	4.50e-06	2.54e-06
 2.52763e+16	4.18e-05	2.71e-02	9.73e-01	1.26e-06	0.00e+00	0.00e+00	0.00e+00	0.00e+00	0.00e+00	3.43e-05	4.80e-06	2.72e-06
 2.62246e+16	4.40e-05	2.78e-02	9.72e-01	9.86e-07	0.00e+00	0.00e+00	0.00e+00	0.00e+00	0.00e+00	3.60e-05	5.09e-06	2.90e-06
 2.71209e+16	4.62e-05	2.83e-02	9.72e-01	7.89e-07	0.00e+00	0.00e+00	0.00e+00	0.00e+00	0.00e+00	3.78e-05	5.39e-06	3.08e-06
 2.79771e+16	4.84e-05	2.89e-02	9.71e-01	6.44e-07	0.00e+00	0.00e+00	0.00e+00	0.00e+00	0.00e+00	3.95e-05	5.68e-06	3.26e-06
 2.88020e+16	5.06e-05	2.94e-02	9.71e-01	5.34e-07	0.00e+00	0.00e+00	0.00e+00	0.00e+00	0.00e+00	4.12e-05	5.98e-06	3.45e-06
 2.96026e+16	5.28e-05	2.99e-02	9.70e-01	4.49e-07	0.00e+00	0.00e+00	0.00e+00	0.00e+00	0.00e+00	4.29e-05	6.29e-06	3.64e-06
 3.03848e+16	5.51e-05	3.03e-02	9.70e-01	3.81e-07	0.00e+00	0.00e+00	0.00e+00	0.00e+00	0.00e+00	4.46e-05	6.60e-06	3.84e-06
 3.11540e+16	5.74e-05	3.08e-02	9.69e-01	3.26e-07	0.00e+00	0.00e+00	0.00e+00	0.00e+00	0.00e+00	4.64e-05	6.93e-06	4.04e-06
 3.19151e+16	5.98e-05	3.12e-02	9.69e-01	2.81e-07	0.00e+00	0.00e+00	0.00e+00	0.00e+00	0.00e+00	4.83e-05	7.28e-06	4.26e-06
 3.26718e+16	6.24e-05	3.17e-02	9.68e-01	2.44e-07	0.00e+00	0.00e+00	0.00e+00	0.00e+00	0.00e+00	5.03e-05	7.65e-06	4.49e-06
 3.34267e+16	6.51e-05	3.22e-02	9.68e-01	2.13e-07	0.00e+00	0.00e+00	0.00e+00	0.00e+00	0.00e+00	5.23e-05	8.04e-06	4.74e-06
 3.41833e+16	6.80e-05	3.27e-02	9.67e-01	1.86e-07	0.00e+00	0.00e+00	0.00e+00	0.00e+00	0.00e+00	5.46e-05	8.46e-06	5.00e-06
 3.49445e+16	7.11e-05	3.32e-02	9.67e-01	1.64e-07	0.00e+00	0.00e+00	0.00e+00	0.00e+00	0.00e+00	5.69e-05	8.92e-06	5.28e-06
 3.57125e+16	7.45e-05	3.37e-02	9.66e-01	1.45e-07	0.00e+00	0.00e+00	0.00e+00	0.00e+00	0.00e+00	5.95e-05	9.42e-06	5.59e-06
 3.64877e+16	7.82e-05	3.43e-02	9.66e-01	1.28e-07	0.00e+00	0.00e+00	0.00e+00	0.00e+00	0.00e+00	6.23e-05	9.96e-06	5.93e-06
 3.72707e+16	8.22e-05	3.49e-02	9.65e-01	0.00e+00	0.00e+00	0.00e+00	0.00e+00	0.00e+00	0.00e+00	6.54e-05	1.06e-05	6.29e-06
 3.80610e+16	8.66e-05	3.56e-02	9.64e-01	0.00e+00	0.00e+00	0.00e+00	0.00e+00	0.00e+00	0.00e+00	6.87e-05	1.12e-05	6.69e-06
 3.88581e+16	9.14e-05	3.62e-02	9.64e-01	0.00e+00	0.00e+00	0.00e+00	0.00e+00	0.00e+00	0.00e+00	7.23e-05	1.19e-05	7.13e-06
 3.96615e+16	9.66e-05	3.70e-02	9.63e-01	0.00e+00	0.00e+00	0.00e+00	0.00e+00	0.00e+00	0.00e+00	7.63e-05	1.27e-05	7.61e-06
 4.04709e+16	1.02e-04	3.77e-02	9.62e-01	0.00e+00	0.00e+00	0.00e+00	0.00e+00	0.00e+00	0.00e+00	8.05e-05	1.35e-05	8.13e-06
 4.12870e+16	1.08e-04	3.85e-02	9.61e-01	0.00e+00	0.00e+00	0.00e+00	0.00e+00	0.00e+00	0.00e+00	8.52e-05	1.44e-05	8.69e-06
 4.21079e+16	1.15e-04	3.93e-02	9.61e-01	0.00e+00	0.00e+00	0.00e+00	0.00e+00	0.00e+00	0.00e+00	9.02e-05	1.54e-05	9.31e-06
 4.29290e+16	1.22e-04	4.02e-02	9.60e-01	0.00e+00	0.00e+00	0.00e+00	0.00e+00	0.00e+00	0.00e+00	9.58e-05	1.65e-05	9.99e-06
 4.37480e+16	1.30e-04	4.12e-02	9.59e-01	0.00e+00	0.00e+00	0.00e+00	0.00e+00	0.00e+00	0.00e+00	1.02e-04	1.76e-05	1.07e-05
 4.45632e+16	1.39e-04	4.22e-02	9.58e-01	0.00e+00	0.00e+00	0.00e+00	0.00e+00	0.00e+00	0.00e+00	1.08e-04	1.89e-05	1.15e-05
 4.53721e+16	1.48e-04	4.32e-02	9.57e-01	0.00e+00	0.00e+00	0.00e+00	0.00e+00	0.00e+00	0.00e+00	1.15e-04	2.03e-05	1.24e-05
 4.61718e+16	1.58e-04	4.44e-02	9.55e-01	0.00e+00	0.00e+00	0.00e+00	0.00e+00	0.00e+00	0.00e+00	1.23e-04	2.18e-05	1.34e-05
 4.69610e+16	1.68e-04	4.55e-02	9.54e-01	0.00e+00	0.00e+00	0.00e+00	0.00e+00	0.00e+00	0.00e+00	1.30e-04	2.34e-05	1.44e-05
 4.77386e+16	1.80e-04	4.67e-02	9.53e-01	0.00e+00	0.00e+00	0.00e+00	0.00e+00	0.00e+00	0.00e+00	1.39e-04	2.52e-05	1.55e-05
 4.85033e+16	1.92e-04	4.80e-02	9.52e-01	0.00e+00	0.00e+00	0.00e+00	0.00e+00	0.00e+00	0.00e+00	1.48e-04	2.71e-05	1.66e-05
 4.92539e+16	2.04e-04	4.94e-02	9.50e-01	0.00e+00	0.00e+00	0.00e+00	0.00e+00	0.00e+00	0.00e+00	1.57e-04	2.91e-05	1.79e-05
 4.99901e+16	2.18e-04	5.07e-02	9.49e-01	0.00e+00	0.00e+00	0.00e+00	0.00e+00	0.00e+00	0.00e+00	1.68e-04	3.12e-05	1.92e-05
 5.07128e+16	2.32e-04	5.22e-02	9.48e-01	0.00e+00	0.00e+00	0.00e+00	0.00e+00	0.00e+00	0.00e+00	1.78e-04	3.35e-05	2.05e-05
 5.14226e+16	2.48e-04	5.37e-02	9.46e-01	0.00e+00	0.00e+00	0.00e+00	0.00e+00	0.00e+00	0.00e+00	1.90e-04	3.59e-05	2.19e-05
 5.21214e+16	2.64e-04	5.53e-02	9.44e-01	0.00e+00	0.00e+00	0.00e+00	0.00e+00	0.00e+00	0.00e+00	2.02e-04	3.85e-05	2.34e-05
 5.28118e+16	2.81e-04	5.70e-02	9.43e-01	0.00e+00	0.00e+00	0.00e+00	0.00e+00	0.00e+00	0.00e+00	2.15e-04	4.13e-05	2.50e-05
 5.34974e+16	3.00e-04	5.87e-02	9.41e-01	0.00e+00	0.00e+00	0.00e+00	0.00e+00	0.00e+00	0.00e+00	2.29e-04	4.43e-05	2.67e-05
 5.41728e+16	3.20e-04	6.06e-02	9.39e-01	0.00e+00	0.00e+00	0.00e+00	0.00e+00	0.00e+00	0.00e+00	2.44e-04	4.76e-05	2.85e-05
 5.48087e+16	3.42e-04	6.26e-02	9.37e-01	0.00e+00	0.00e+00	0.00e+00	0.00e+00	0.00e+00	0.00e+00	2.61e-04	5.11e-05	3.05e-05
 5.54138e+16	3.64e-04	6.46e-02	9.35e-01	0.00e+00	0.00e+00	0.00e+00	0.00e+00	0.00e+00	0.00e+00	2.77e-04	5.47e-05	3.25e-05
 5.60189e+16	3.89e-04	6.67e-02	9.33e-01	0.00e+00	0.00e+00	0.00e+00	0.00e+00	0.00e+00	0.00e+00	2.95e-04	5.86e-05	3.47e-05
 5.66240e+16	4.16e-04	6.90e-02	9.31e-01	0.00e+00	0.00e+00	0.00e+00	0.00e+00	0.00e+00	0.00e+00	3.16e-04	6.31e-05	3.72e-05
 5.72290e+16	4.47e-04	7.14e-02	9.28e-01	0.00e+00	0.00e+00	0.00e+00	0.00e+00	0.00e+00	0.00e+00	3.39e-04	6.78e-05	3.99e-05
 5.78341e+16	4.82e-04	7.42e-02	9.25e-01	0.00e+00	0.00e+00	0.00e+00	0.00e+00	0.00e+00	0.00e+00	3.66e-04	7.33e-05	4.30e-05
 5.84392e+16	5.23e-04	7.72e-02	9.22e-01	0.00e+00	0.00e+00	0.00e+00	0.00e+00	0.00e+00	0.00e+00	3.97e-04	7.95e-05	4.66e-05
 5.90443e+16	5.71e-04	8.05e-02	9.19e-01	0.00e+00	0.00e+00	0.00e+00	0.00e+00	0.00e+00	0.00e+00	4.33e-04	8.68e-05	5.08e-05
 5.96493e+16	6.27e-04	8.42e-02	9.15e-01	0.00e+00	0.00e+00	0.00e+00	0.00e+00	0.00e+00	0.00e+00	4.75e-04	9.52e-05	5.58e-05
 6.02296e+16	6.94e-04	8.84e-02	9.11e-01	0.00e+00	0.00e+00	0.00e+00	0.00e+00	0.00e+00	0.00e+00	5.27e-04	1.05e-04	6.18e-05
