#depth	H	H+	H2
 1.70086e+12	1.18e-03	9.99e-01	3.57e-14
 1.02051e+13	1.17e-03	9.99e-01	3.57e-14
 4.42223e+13	1.17e-03	9.99e-01	3.58e-14
 1.80291e+14	1.17e-03	9.99e-01	3.61e-14
 4.30657e+14	1.15e-03	9.99e-01	3.63e-14
 7.56133e+14	1.14e-03	9.99e-01	3.66e-14
 1.17925e+15	1.13e-03	9.99e-01	3.72e-14
 1.72931e+15	1.11e-03	9.99e-01	3.81e-14
 2.44438e+15	1.10e-03	9.99e-01	3.94e-14
 3.37397e+15	1.10e-03	9.99e-01	4.13e-14
 4.58244e+15	1.10e-03	9.99e-01	4.40e-14
 5.90696e+15	1.09e-03	9.99e-01	4.67e-14
 7.09202e+15	1.09e-03	9.99e-01	4.91e-14
 8.10859e+15	1.10e-03	9.99e-01	5.15e-14
 9.00547e+15	1.11e-03	9.99e-01	5.41e-14
 9.83077e+15	1.12e-03	9.99e-01	5.69e-14
 1.06295e+16	1.14e-03	9.99e-01	5.98e-14
 1.14234e+16	1.17e-03	9.99e-01	6.34e-14
 1.21625e+16	1.19e-03	9.99e-01	6.70e-14
 1.28425e+16	1.22e-03	9.99e-01	7.09e-14
 1.36185e+16	1.25e-03	9.99e-01	7.58e-14
 1.46274e+16	1.30e-03	9.99e-01	8.26e-14
 1.59389e+16	1.35e-03	9.99e-01	9.09e-14
 1.75142e+16	1.41e-03	9.99e-01	1.00e-13
 1.92656e+16	1.48e-03	9.99e-01	1.09e-13
 2.11922e+16	1.55e-03	9.98e-01	1.19e-13
 2.33114e+16	1.64e-03	9.98e-01	1.30e-13
 2.56426e+16	1.74e-03	9.98e-01	1.42e-13
 2.82068e+16	1.86e-03	9.98e-01	1.57e-13
 3.10275e+16	2.02e-03	9.98e-01	1.75e-13
 3.41303e+16	2.21e-03	9.98e-01	1.98e-13
 3.73930e+16	2.46e-03	9.98e-01	2.27e-13
 4.04838e+16	2.73e-03	9.97e-01	2.60e-13
 4.32370e+16	3.02e-03	9.97e-01	2.96e-13
 4.52691e+16	3.28e-03	9.97e-01	3.30e-13
 4.65437e+16	3.46e-03	9.97e-01	3.54e-13
 4.77910e+16	3.62e-03	9.96e-01	3.74e-13
 4.94125e+16	3.87e-03	9.96e-01	4.04e-13
 5.11566e+16	4.16e-03	9.96e-01	4.44e-13
 5.26405e+16	4.45e-03	9.96e-01	4.81e-13
 5.38960e+16	4.71e-03	9.95e-01	5.17e-13
 5.52743e+16	5.01e-03	9.95e-01	5.57e-13
 5.67993e+16	5.39e-03	9.95e-01	6.09e-13
 5.81598e+16	5.77e-03	9.94e-01	6.61e-13
 5.93283e+16	6.13e-03	9.94e-01	7.15e-13
 6.05960e+16	6.54e-03	9.93e-01	7.72e-13
 6.19522e+16	7.05e-03	9.93e-01	8.47e-13
 6.31345e+16	7.55e-03	9.92e-01	9.24e-13
 6.41843e+16	8.03e-03	9.92e-01	1.00e-12
 6.51674e+16	8.53e-03	9.91e-01	1.08e-12
 6.60664e+16	9.03e-03	9.91e-01	1.16e-12
 6.68756e+16	9.52e-03	9.90e-01	1.24e-12
 6.76297e+16	1.00e-02	9.90e-01	1.33e-12
 6.83713e+16	1.05e-02	9.89e-01	1.42e-12
 6.91128e+16	1.11e-02	9.89e-01	1.52e-12
 6.98544e+16	1.17e-02	9.88e-01	1.64e-12
 7.05960e+16	1.24e-02	9.88e-01	1.77e-12
 7.13376e+16	1.31e-02	9.87e-01	1.91e-12
 7.20792e+16	1.40e-02	9.86e-01	2.07e-12
 7.28207e+16	1.49e-02	9.85e-01	2.26e-12
 7.35623e+16	1.59e-02	9.84e-01	2.47e-12
 7.40456e+16	1.68e-02	9.83e-01	2.65e-12
