#depth	O	O+	O+2	O+3	O+4	O+5	O+6	O+7	O+8	O[1]	O[2]	O[3]
 1.70086e+12	8.53e-07	1.33e-03	2.42e-01	7.26e-01	3.09e-02	8.25e-07	0.00e+00	0.00e+00	0.00e+00	6.36e-07	1.38e-07	7.83e-08
 1.02051e+13	8.50e-07	1.33e-03	2.42e-01	7.26e-01	3.09e-02	8.24e-07	0.00e+00	0.00e+00	0.00e+00	6.35e-07	1.38e-07	7.81e-08
 4.42223e+13	8.52e-07	1.34e-03	2.43e-01	7.25e-01	3.07e-02	8.18e-07	0.00e+00	0.00e+00	0.00e+00	6.35e-07	1.38e-07	7.82e-08
 1.80291e+14	8.60e-07	1.35e-03	2.46e-01	7.22e-01	3.01e-02	7.93e-07	0.00e+00	0.00e+00	0.00e+00	6.42e-07	1.39e-07	7.90e-08
 4.30657e+14	8.45e-07	1.36e-03	2.51e-01	7.18e-01	2.90e-02	7.56e-07	0.00e+00	0.00e+00	0.00e+00	6.31e-07	1.36e-07	7.76e-08
 7.56133e+14	8.48e-07	1.38e-03	2.59e-01	7.12e-01	2.76e-02	7.09e-07	0.00e+00	0.00e+00	0.00e+00	6.33e-07	1.37e-07	7.78e-08
 1.17925e+15	8.62e-07	1.42e-03	2.69e-01	7.04e-01	2.60e-02	6.50e-07	0.00e+00	0.00e+00	0.00e+00	6.44e-07	1.39e-07	7.91e-08
 1.72931e+15	8.90e-07	1.49e-03	2.83e-01	6.92e-01	2.39e-02	5.79e-07	0.00e+00	0.00e+00	0.00e+00	6.66e-07	1.43e-07	8.16e-08
 2.44438e+15	9.39e-07	1.59e-03	3.03e-01	6.74e-01	2.13e-02	4.96e-07	0.00e+00	0.00e+00	0.00e+00	7.03e-07	1.50e-07	8.60e-08
 3.37397e+15	1.02e-06	1.74e-03	3.32e-01	6.48e-01	1.83e-02	4.00e-07	0.00e+00	0.00e+00	0.00e+00	7.66e-07	1.63e-07	9.37e-08
 4.58244e+15	1.17e-06	1.99e-03	3.75e-01	6.08e-01	1.47e-02	2.97e-07	0.00e+00	0.00e+00	0.00e+00	8.78e-07	1.85e-07	1.07e-07
 5.90696e+15	1.35e-06	2.30e-03	4.31e-01	5.56e-01	1.13e-02	2.09e-07	0.00e+00	0.00e+00	0.00e+00	1.02e-06	2.13e-07	1.24e-07
 7.09202e+15	1.57e-06	2.66e-03	4.90e-01	4.99e-01	8.53e-03	1.46e-07	0.00e+00	0.00e+00	0.00e+00	1.18e-06	2.46e-07	1.43e-07
 8.10859e+15	1.82e-06	3.04e-03	5.48e-01	4.42e-01	6.45e-03	0.00e+00	0.00e+00	0.00e+00	0.00e+00	1.37e-06	2.85e-07	1.66e-07
 9.00547e+15	2.10e-06	3.45e-03	6.06e-01	3.86e-01	4.83e-03	0.00e+00	0.00e+00	0.00e+00	0.00e+00	1.58e-06	3.29e-07	1.92e-07
 9.83077e+15	2.41e-06	3.87e-03	6.62e-01	3.30e-01	3.55e-03	0.00e+00	0.00e+00	0.00e+00	0.00e+00	1.82e-06	3.77e-07	2.20e-07
 1.06295e+16	2.77e-06	4.33e-03	7.18e-01	2.75e-01	2.51e-03	0.00e+00	0.00e+00	0.00e+00	0.00e+00	2.09e-06	4.32e-07	2.52e-07
 1.14234e+16	3.18e-06	4.82e-03	7.73e-01	2.20e-01	1.68e-03	0.00e+00	0.00e+00	0.00e+00	0.00e+00	2.39e-06	4.94e-07	2.88e-07
 1.21625e+16	3.59e-06	5.29e-03	8.20e-01	1.73e-01	1.10e-03	0.00e+00	0.00e+00	0.00e+00	0.00e+00	2.71e-06	5.58e-07	3.25e-07
 1.28425e+16	3.99e-06	5.70e-03	8.59e-01	1.34e-01	7.12e-04	0.00e+00	0.00e+00	0.00e+00	0.00e+00	3.01e-06	6.18e-07	3.61e-07
 1.36185e+16	4.49e-06	6.18e-03	8.96e-01	9.71e-02	4.08e-04	0.00e+00	0.00e+00	0.00e+00	0.00e+00	3.39e-06	6.96e-07	4.06e-07
 1.46274e+16	5.13e-06	6.73e-03	9.32e-01	6.13e-02	1.87e-04	0.00e+00	0.00e+00	0.00e+00	0.00e+00	3.88e-06	7.93e-07	4.63e-07
 1.59389e+16	5.90e-06	7.29e-03	9.60e-01	3.25e-02	6.35e-05	0.00e+00	0.00e+00	0.00e+00	0.00e+00	4.46e-06	9.10e-07	5.31e-07
 1.75142e+16	6.71e-06	7.80e-03	9.77e-01	1.51e-02	1.70e-05	0.00e+00	0.00e+00	0.00e+00	0.00e+00	5.07e-06	1.03e-06	6.04e-07
 1.92656e+16	7.59e-06	8.27e-03	9.85e-01	6.59e-03	4.03e-06	0.00e+00	0.00e+00	0.00e+00	0.00e+00	5.74e-06	1.17e-06	6.83e-07
 2.11922e+16	8.59e-06	8.73e-03	9.88e-01	2.80e-03	8.78e-07	0.00e+00	0.00e+00	0.00e+00	0.00e+00	6.49e-06	1.32e-06	7.75e-07
 2.33114e+16	9.82e-06	9.23e-03	9.90e-01	1.16e-03	1.78e-07	0.00e+00	0.00e+00	0.00e+00	0.00e+00	7.42e-06	1.52e-06	8.87e-07
 2.56426e+16	1.14e-05	9.81e-03	9.90e-01	4.74e-04	0.00e+00	0.00e+00	0.00e+00	0.00e+00	0.00e+00	8.59e-06	1.76e-06	1.03e-06
 2.82068e+16	1.35e-05	1.05e-02	9.89e-01	1.94e-04	0.00e+00	0.00e+00	0.00e+00	0.00e+00	0.00e+00	1.01e-05	2.09e-06	1.22e-06
 3.10275e+16	1.63e-05	1.13e-02	9.89e-01	8.39e-05	0.00e+00	0.00e+00	0.00e+00	0.00e+00	0.00e+00	1.22e-05	2.54e-06	1.49e-06
 3.41303e+16	2.02e-05	1.24e-02	9.88e-01	4.19e-05	0.00e+00	0.00e+00	0.00e+00	0.00e+00	0.00e+00	1.52e-05	3.17e-06	1.85e-06
 3.73930e+16	2.58e-05	1.37e-02	9.86e-01	2.64e-05	0.00e+00	0.00e+00	0.00e+00	0.00e+00	0.00e+00	1.93e-05	4.06e-06	2.36e-06
 4.04838e+16	3.29e-05	1.51e-02	9.85e-01	2.06e-05	0.00e+00	0.00e+00	0.00e+00	0.00e+00	0.00e+00	2.47e-05	5.22e-06	3.02e-06
 4.32370e+16	4.15e-05	1.67e-02	9.83e-01	1.80e-05	0.00e+00	0.00e+00	0.00e+00	0.00e+00	0.00e+00	3.10e-05	6.62e-06	3.81e-06
 4.52691e+16	4.99e-05	1.81e-02	9.82e-01	1.66e-05	0.00e+00	0.00e+00	0.00e+00	0.00e+00	0.00e+00	3.73e-05	8.00e-06	4.58e-06
 4.65437e+16	5.63e-05	1.91e-02	9.81e-01	1.60e-05	0.00e+00	0.00e+00	0.00e+00	0.00e+00	0.00e+00	4.21e-05	9.04e-06	5.17e-06
 4.77910e+16	6.30e-05	2.01e-02	9.80e-01	1.55e-05	0.00e+00	0.00e+00	0.00e+00	0.00e+00	0.00e+00	4.71e-05	1.02e-05	5.79e-06
 4.94125e+16	7.34e-05	2.16e-02	9.78e-01	1.49e-05	0.00e+00	0.00e+00	0.00e+00	0.00e+00	0.00e+00	5.48e-05	1.19e-05	6.75e-06
 5.11566e+16	8.74e-05	2.34e-02	9.77e-01	1.43e-05	0.00e+00	0.00e+00	0.00e+00	0.00e+00	0.00e+00	6.51e-05	1.42e-05	8.04e-06
 5.26405e+16	1.02e-04	2.51e-02	9.75e-01	1.37e-05	0.00e+00	0.00e+00	0.00e+00	0.00e+00	0.00e+00	7.60e-05	1.67e-05	9.39e-06
 5.38960e+16	1.17e-04	2.68e-02	9.73e-01	1.33e-05	0.00e+00	0.00e+00	0.00e+00	0.00e+00	0.00e+00	8.70e-05	1.91e-05	1.08e-05
 5.52743e+16	1.36e-04	2.88e-02	9.71e-01	1.29e-05	0.00e+00	0.00e+00	0.00e+00	0.00e+00	0.00e+00	1.01e-04	2.23e-05	1.25e-05
 5.67993e+16	1.61e-04	3.14e-02	9.68e-01	1.23e-05	0.00e+00	0.00e+00	0.00e+00	0.00e+00	0.00e+00	1.20e-04	2.65e-05	1.48e-05
 5.81598e+16	1.90e-04	3.40e-02	9.66e-01	1.17e-05	0.00e+00	0.00e+00	0.00e+00	0.00e+00	0.00e+00	1.41e-04	3.12e-05	1.74e-05
 5.93283e+16	2.20e-04	3.66e-02	9.63e-01	1.12e-05	0.00e+00	0.00e+00	0.00e+00	0.00e+00	0.00e+00	1.63e-04	3.61e-05	2.02e-05
 6.05960e+16	2.57e-04	3.96e-02	9.60e-01	1.07e-05	0.00e+00	0.00e+00	0.00e+00	0.00e+00	0.00e+00	1.91e-04	4.22e-05	2.36e-05
 6.19522e+16	3.08e-04	4.34e-02	9.56e-01	1.01e-05	0.00e+00	0.00e+00	0.00e+00	0.00e+00	0.00e+00	2.29e-04	5.05e-05	2.82e-05
 6.31345e+16	3.63e-04	4.72e-02	9.52e-01	9.50e-06	0.00e+00	0.00e+00	0.00e+00	0.00e+00	0.00e+00	2.70e-04	5.96e-05	3.31e-05
 6.41843e+16	4.21e-04	5.10e-02	9.49e-01	8.98e-06	0.00e+00	0.00e+00	0.00e+00	0.00e+00	0.00e+00	3.13e-04	6.92e-05	3.85e-05
 6.51674e+16	4.87e-04	5.50e-02	9.44e-01	8.47e-06	0.00e+00	0.00e+00	0.00e+00	0.00e+00	0.00e+00	3.62e-04	8.00e-05	4.44e-05
 6.60664e+16	5.58e-04	5.91e-02	9.40e-01	7.96e-06	0.00e+00	0.00e+00	0.00e+00	0.00e+00	0.00e+00	4.16e-04	9.17e-05	5.09e-05
 6.68756e+16	6.34e-04	6.32e-02	9.36e-01	7.57e-06	0.00e+00	0.00e+00	0.00e+00	0.00e+00	0.00e+00	4.72e-04	1.04e-04	5.78e-05
 6.76297e+16	7.15e-04	6.73e-02	9.32e-01	7.17e-06	0.00e+00	0.00e+00	0.00e+00	0.00e+00	0.00e+00	5.32e-04	1.17e-04	6.51e-05
 6.83713e+16	8.09e-04	7.19e-02	9.27e-01	6.76e-06	0.00e+00	0.00e+00	0.00e+00	0.00e+00	0.00e+00	6.02e-04	1.33e-04	7.37e-05
 6.91128e+16	9.18e-04	7.68e-02	9.22e-01	6.35e-06	0.00e+00	0.00e+00	0.00e+00	0.00e+00	0.00e+00	6.84e-04	1.51e-04	8.35e-05
 6.98544e+16	1.05e-03	8.23e-02	9.17e-01	5.97e-06	0.00e+00	0.00e+00	0.00e+00	0.00e+00	0.00e+00	7.79e-04	1.72e-04	9.51e-05
 7.05960e+16	1.20e-03	8.84e-02	9.10e-01	5.56e-06	0.00e+00	0.00e+00	0.00e+00	0.00e+00	0.00e+00	8.91e-04	1.96e-04	1.09e-04
 7.13376e+16	1.37e-03	9.52e-02	9.03e-01	5.17e-06	0.00e+00	0.00e+00	0.00e+00	0.00e+00	0.00e+00	1.02e-03	2.25e-04	1.25e-04
 7.20792e+16	1.59e-03	1.03e-01	8.96e-01	4.78e-06	0.00e+00	0.00e+00	0.00e+00	0.00e+00	0.00e+00	1.18e-03	2.60e-04	1.44e-04
 7.28207e+16	1.84e-03	1.11e-01	8.87e-01	4.38e-06	0.00e+00	0.00e+00	0.00e+00	0.00e+00	0.00e+00	1.37e-03	3.02e-04	1.67e-04
 7.35623e+16	2.16e-03	1.21e-01	8.77e-01	4.00e-06	0.00e+00	0.00e+00	0.00e+00	0.00e+00	0.00e+00	1.61e-03	3.54e-04	1.96e-04
 7.40456e+16	2.43e-03	1.29e-01	8.69e-01	3.74e-06	0.00e+00	0.00e+00	0.00e+00	0.00e+00	0.00e+00	1.81e-03	3.98e-04	2.20e-04
