#depth	He	He+	He+2
 1.70086e+12	8.32e-05	1.28e-01	8.72e-01
 1.02051e+13	8.32e-05	1.28e-01	8.72e-01
 4.42223e+13	8.34e-05	1.28e-01	8.72e-01
 1.80291e+14	8.45e-05	1.30e-01	8.70e-01
 4.30657e+14	8.52e-05	1.30e-01	8.69e-01
 7.56133e+14	8.71e-05	1.32e-01	8.67e-01
 1.17925e+15	9.02e-05	1.36e-01	8.64e-01
 1.72931e+15	9.50e-05	1.42e-01	8.58e-01
 2.44438e+15	1.03e-04	1.51e-01	8.49e-01
 3.37397e+15	1.15e-04	1.65e-01	8.35e-01
 4.58244e+15	1.34e-04	1.89e-01	8.11e-01
 5.90696e+15	1.63e-04	2.23e-01	7.77e-01
 7.09202e+15	1.97e-04	2.64e-01	7.36e-01
 8.10859e+15	2.36e-04	3.11e-01	6.88e-01
 9.00547e+15	2.81e-04	3.64e-01	6.36e-01
 9.83077e+15	3.31e-04	4.22e-01	5.78e-01
 1.06295e+16	3.89e-04	4.88e-01	5.11e-01
 1.14234e+16	4.56e-04	5.63e-01	4.37e-01
 1.21625e+16	5.26e-04	6.38e-01	3.62e-01
 1.28425e+16	5.90e-04	7.06e-01	2.94e-01
 1.36185e+16	6.64e-04	7.78e-01	2.22e-01
 1.46274e+16	7.49e-04	8.54e-01	1.45e-01
 1.59389e+16	8.32e-04	9.21e-01	7.86e-02
 1.75142e+16	8.98e-04	9.63e-01	3.63e-02
 1.92656e+16	9.50e-04	9.83e-01	1.57e-02
 2.11922e+16	9.95e-04	9.92e-01	6.59e-03
 2.33114e+16	1.04e-03	9.96e-01	2.70e-03
 2.56426e+16	1.09e-03	9.98e-01	1.08e-03
 2.82068e+16	1.14e-03	9.98e-01	4.20e-04
 3.10275e+16	1.20e-03	9.99e-01	1.59e-04
 3.41303e+16	1.27e-03	9.99e-01	5.88e-05
 3.73930e+16	1.36e-03	9.99e-01	2.27e-05
 4.04838e+16	1.44e-03	9.99e-01	1.01e-05
 4.32370e+16	1.53e-03	9.98e-01	5.29e-06
 4.52691e+16	1.60e-03	9.98e-01	3.48e-06
 4.65437e+16	1.65e-03	9.98e-01	2.70e-06
 4.77910e+16	1.69e-03	9.98e-01	2.10e-06
 4.94125e+16	1.76e-03	9.98e-01	1.55e-06
 5.11566e+16	1.84e-03	9.98e-01	1.15e-06
 5.26405e+16	1.91e-03	9.98e-01	9.05e-07
 5.38960e+16	1.97e-03	9.98e-01	7.44e-07
 5.52743e+16	2.05e-03	9.98e-01	6.00e-07
 5.67993e+16	2.14e-03	9.98e-01	4.82e-07
 5.81598e+16	2.22e-03	9.98e-01	4.01e-07
 5.93283e+16	2.31e-03	9.98e-01	3.43e-07
 6.05960e+16	2.41e-03	9.98e-01	2.89e-07
 6.19522e+16	2.52e-03	9.97e-01	2.43e-07
 6.31345e+16	2.64e-03	9.97e-01	2.11e-07
 6.41843e+16	2.75e-03	9.97e-01	1.86e-07
 6.51674e+16	2.86e-03	9.97e-01	1.65e-07
 6.60664e+16	2.97e-03	9.97e-01	1.49e-07
 6.68756e+16	3.08e-03	9.97e-01	1.35e-07
 6.76297e+16	3.19e-03	9.97e-01	1.24e-07
 6.83713e+16	3.31e-03	9.97e-01	1.14e-07
 6.91128e+16	3.44e-03	9.97e-01	1.05e-07
 6.98544e+16	3.58e-03	9.96e-01	9.61e-08
 7.05960e+16	3.73e-03	9.96e-01	8.84e-08
 7.13376e+16	3.90e-03	9.96e-01	8.13e-08
 7.20792e+16	4.08e-03	9.96e-01	7.49e-08
 7.28207e+16	4.28e-03	9.96e-01	6.89e-08
 7.35623e+16	4.50e-03	9.95e-01	6.35e-08
 7.40456e+16	4.66e-03	9.95e-01	6.08e-08
