#depth	O	O+	O+2	O+3	O+4	O+5	O+6	O+7	O+8	O[1]	O[2]	O[3]
 2.95727e+12	6.64e-07	1.14e-03	2.62e-01	7.07e-01	2.99e-02	2.55e-06	0.00e+00	0.00e+00	0.00e+00	5.03e-07	1.02e-07	5.92e-08
 1.77436e+13	6.64e-07	1.14e-03	2.63e-01	7.06e-01	2.99e-02	2.55e-06	0.00e+00	0.00e+00	0.00e+00	5.03e-07	1.02e-07	5.92e-08
 7.68890e+13	6.68e-07	1.15e-03	2.64e-01	7.05e-01	2.96e-02	2.51e-06	0.00e+00	0.00e+00	0.00e+00	5.06e-07	1.03e-07	5.96e-08
 3.13470e+14	6.87e-07	1.18e-03	2.71e-01	6.99e-01	2.86e-02	2.39e-06	0.00e+00	0.00e+00	0.00e+00	5.20e-07	1.06e-07	6.14e-08
 7.48780e+14	7.13e-07	1.23e-03	2.82e-01	6.90e-01	2.69e-02	2.18e-06	0.00e+00	0.00e+00	0.00e+00	5.39e-07	1.10e-07	6.39e-08
 1.31468e+15	7.58e-07	1.30e-03	2.97e-01	6.77e-01	2.48e-02	1.94e-06	0.00e+00	0.00e+00	0.00e+00	5.72e-07	1.18e-07	6.81e-08
 2.05036e+15	8.28e-07	1.41e-03	3.17e-01	6.59e-01	2.22e-02	1.65e-06	0.00e+00	0.00e+00	0.00e+00	6.23e-07	1.30e-07	7.46e-08
 3.00673e+15	9.38e-07	1.58e-03	3.47e-01	6.32e-01	1.92e-02	1.34e-06	0.00e+00	0.00e+00	0.00e+00	7.05e-07	1.48e-07	8.50e-08
 4.25002e+15	1.12e-06	1.84e-03	3.91e-01	5.92e-01	1.55e-02	9.91e-07	0.00e+00	0.00e+00	0.00e+00	8.43e-07	1.79e-07	1.02e-07
 5.57701e+15	1.35e-06	2.16e-03	4.44e-01	5.41e-01	1.21e-02	7.02e-07	0.00e+00	0.00e+00	0.00e+00	1.01e-06	2.17e-07	1.23e-07
 6.71898e+15	1.63e-06	2.52e-03	5.00e-01	4.88e-01	9.34e-03	4.96e-07	0.00e+00	0.00e+00	0.00e+00	1.22e-06	2.63e-07	1.49e-07
 7.67033e+15	1.93e-06	2.89e-03	5.53e-01	4.37e-01	7.27e-03	3.57e-07	0.00e+00	0.00e+00	0.00e+00	1.44e-06	3.13e-07	1.77e-07
 8.50841e+15	2.26e-06	3.29e-03	6.04e-01	3.87e-01	5.63e-03	2.57e-07	0.00e+00	0.00e+00	0.00e+00	1.69e-06	3.70e-07	2.09e-07
 9.31036e+15	2.75e-06	3.79e-03	6.60e-01	3.32e-01	4.16e-03	1.73e-07	0.00e+00	0.00e+00	0.00e+00	2.04e-06	4.54e-07	2.55e-07
 1.00470e+16	3.23e-06	4.27e-03	7.11e-01	2.81e-01	3.04e-03	0.00e+00	0.00e+00	0.00e+00	0.00e+00	2.39e-06	5.36e-07	2.99e-07
 1.06542e+16	3.69e-06	4.71e-03	7.54e-01	2.39e-01	2.26e-03	0.00e+00	0.00e+00	0.00e+00	0.00e+00	2.73e-06	6.15e-07	3.43e-07
 1.11788e+16	4.13e-06	5.10e-03	7.90e-01	2.03e-01	1.70e-03	0.00e+00	0.00e+00	0.00e+00	0.00e+00	3.05e-06	6.90e-07	3.84e-07
 1.17686e+16	4.79e-06	5.63e-03	8.30e-01	1.64e-01	1.17e-03	0.00e+00	0.00e+00	0.00e+00	0.00e+00	3.53e-06	8.04e-07	4.46e-07
 1.24295e+16	5.54e-06	6.19e-03	8.68e-01	1.25e-01	7.43e-04	0.00e+00	0.00e+00	0.00e+00	0.00e+00	4.09e-06	9.35e-07	5.18e-07
 1.30760e+16	6.34e-06	6.75e-03	9.00e-01	9.26e-02	4.52e-04	0.00e+00	0.00e+00	0.00e+00	0.00e+00	4.67e-06	1.08e-06	5.94e-07
 1.38097e+16	7.34e-06	7.36e-03	9.29e-01	6.37e-02	2.42e-04	0.00e+00	0.00e+00	0.00e+00	0.00e+00	5.40e-06	1.25e-06	6.89e-07
 1.47635e+16	8.63e-06	8.07e-03	9.54e-01	3.81e-02	1.03e-04	0.00e+00	0.00e+00	0.00e+00	0.00e+00	6.34e-06	1.48e-06	8.12e-07
 1.60035e+16	1.02e-05	8.82e-03	9.72e-01	1.92e-02	3.25e-05	0.00e+00	0.00e+00	0.00e+00	0.00e+00	7.49e-06	1.76e-06	9.63e-07
 1.75396e+16	1.19e-05	9.52e-03	9.82e-01	8.42e-03	7.97e-06	0.00e+00	0.00e+00	0.00e+00	0.00e+00	8.74e-06	2.05e-06	1.12e-06
 1.92936e+16	1.39e-05	1.02e-02	9.86e-01	3.50e-03	1.72e-06	0.00e+00	0.00e+00	0.00e+00	0.00e+00	1.02e-05	2.40e-06	1.31e-06
 2.12229e+16	1.62e-05	1.09e-02	9.88e-01	1.45e-03	3.52e-07	0.00e+00	0.00e+00	0.00e+00	0.00e+00	1.19e-05	2.80e-06	1.53e-06
 2.33452e+16	1.91e-05	1.17e-02	9.88e-01	6.04e-04	0.00e+00	0.00e+00	0.00e+00	0.00e+00	0.00e+00	1.40e-05	3.30e-06	1.81e-06
 2.56797e+16	2.30e-05	1.26e-02	9.87e-01	2.61e-04	0.00e+00	0.00e+00	0.00e+00	0.00e+00	0.00e+00	1.68e-05	3.96e-06	2.17e-06
 2.82477e+16	2.96e-05	1.41e-02	9.86e-01	1.20e-04	0.00e+00	0.00e+00	0.00e+00	0.00e+00	0.00e+00	2.17e-05	5.14e-06	2.80e-06
 3.10725e+16	3.77e-05	1.55e-02	9.84e-01	6.36e-05	0.00e+00	0.00e+00	0.00e+00	0.00e+00	0.00e+00	2.76e-05	6.52e-06	3.56e-06
 3.41797e+16	4.96e-05	1.74e-02	9.82e-01	4.02e-05	0.00e+00	0.00e+00	0.00e+00	0.00e+00	0.00e+00	3.63e-05	8.54e-06	4.67e-06
 3.65856e+16	6.27e-05	1.93e-02	9.81e-01	3.17e-05	0.00e+00	0.00e+00	0.00e+00	0.00e+00	0.00e+00	4.60e-05	1.08e-05	5.90e-06
 3.78171e+16	7.13e-05	2.04e-02	9.79e-01	2.86e-05	0.00e+00	0.00e+00	0.00e+00	0.00e+00	0.00e+00	5.24e-05	1.23e-05	6.71e-06
 3.88595e+16	7.90e-05	2.13e-02	9.79e-01	2.65e-05	0.00e+00	0.00e+00	0.00e+00	0.00e+00	0.00e+00	5.80e-05	1.35e-05	7.41e-06
 4.02147e+16	9.06e-05	2.27e-02	9.77e-01	2.41e-05	0.00e+00	0.00e+00	0.00e+00	0.00e+00	0.00e+00	6.66e-05	1.55e-05	8.49e-06
 4.19764e+16	1.08e-04	2.46e-02	9.75e-01	2.16e-05	0.00e+00	0.00e+00	0.00e+00	0.00e+00	0.00e+00	7.93e-05	1.84e-05	1.01e-05
 4.37840e+16	1.31e-04	2.69e-02	9.73e-01	1.95e-05	0.00e+00	0.00e+00	0.00e+00	0.00e+00	0.00e+00	9.66e-05	2.23e-05	1.23e-05
 4.51849e+16	1.54e-04	2.90e-02	9.71e-01	1.80e-05	0.00e+00	0.00e+00	0.00e+00	0.00e+00	0.00e+00	1.14e-04	2.62e-05	1.44e-05
 4.63116e+16	1.76e-04	3.09e-02	9.69e-01	1.69e-05	0.00e+00	0.00e+00	0.00e+00	0.00e+00	0.00e+00	1.30e-04	2.98e-05	1.64e-05
 4.75482e+16	2.02e-04	3.31e-02	9.67e-01	1.58e-05	0.00e+00	0.00e+00	0.00e+00	0.00e+00	0.00e+00	1.49e-04	3.42e-05	1.88e-05
 4.91557e+16	2.42e-04	3.61e-02	9.64e-01	1.45e-05	0.00e+00	0.00e+00	0.00e+00	0.00e+00	0.00e+00	1.79e-04	4.08e-05	2.25e-05
 5.08126e+16	2.99e-04	4.01e-02	9.60e-01	1.31e-05	0.00e+00	0.00e+00	0.00e+00	0.00e+00	0.00e+00	2.21e-04	5.01e-05	2.77e-05
 5.20889e+16	3.52e-04	4.35e-02	9.56e-01	1.21e-05	0.00e+00	0.00e+00	0.00e+00	0.00e+00	0.00e+00	2.60e-04	5.88e-05	3.25e-05
 5.31137e+16	4.03e-04	4.66e-02	9.53e-01	1.14e-05	0.00e+00	0.00e+00	0.00e+00	0.00e+00	0.00e+00	2.98e-04	6.71e-05	3.72e-05
 5.42560e+16	4.68e-04	5.03e-02	9.49e-01	1.06e-05	0.00e+00	0.00e+00	0.00e+00	0.00e+00	0.00e+00	3.47e-04	7.76e-05	4.31e-05
 5.57410e+16	5.67e-04	5.56e-02	9.44e-01	9.66e-06	0.00e+00	0.00e+00	0.00e+00	0.00e+00	0.00e+00	4.21e-04	9.34e-05	5.20e-05
 5.72631e+16	7.09e-04	6.25e-02	9.37e-01	8.68e-06	0.00e+00	0.00e+00	0.00e+00	0.00e+00	0.00e+00	5.28e-04	1.16e-04	6.49e-05
 5.84296e+16	8.47e-04	6.87e-02	9.30e-01	7.94e-06	0.00e+00	0.00e+00	0.00e+00	0.00e+00	0.00e+00	6.31e-04	1.39e-04	7.74e-05
 5.93662e+16	9.76e-04	7.41e-02	9.25e-01	7.37e-06	0.00e+00	0.00e+00	0.00e+00	0.00e+00	0.00e+00	7.27e-04	1.59e-04	8.90e-05
 6.04077e+16	1.14e-03	8.07e-02	9.18e-01	6.78e-06	0.00e+00	0.00e+00	0.00e+00	0.00e+00	0.00e+00	8.54e-04	1.86e-04	1.04e-04
 6.17616e+16	1.43e-03	9.08e-02	9.08e-01	6.04e-06	0.00e+00	0.00e+00	0.00e+00	0.00e+00	0.00e+00	1.06e-03	2.31e-04	1.29e-04
 6.31255e+16	1.81e-03	1.03e-01	8.95e-01	5.31e-06	0.00e+00	0.00e+00	0.00e+00	0.00e+00	0.00e+00	1.36e-03	2.92e-04	1.64e-04
 6.41551e+16	2.19e-03	1.14e-01	8.83e-01	4.78e-06	0.00e+00	0.00e+00	0.00e+00	0.00e+00	0.00e+00	1.64e-03	3.52e-04	1.98e-04
 6.49943e+16	2.57e-03	1.25e-01	8.73e-01	4.34e-06	0.00e+00	0.00e+00	0.00e+00	0.00e+00	0.00e+00	1.92e-03	4.12e-04	2.32e-04
 6.59331e+16	3.08e-03	1.38e-01	8.59e-01	3.89e-06	0.00e+00	0.00e+00	0.00e+00	0.00e+00	0.00e+00	2.31e-03	4.92e-04	2.77e-04
 6.71537e+16	3.93e-03	1.58e-01	8.39e-01	3.33e-06	0.00e+00	0.00e+00	0.00e+00	0.00e+00	0.00e+00	2.95e-03	6.27e-04	3.54e-04
 6.83398e+16	5.10e-03	1.81e-01	8.14e-01	2.80e-06	0.00e+00	0.00e+00	0.00e+00	0.00e+00	0.00e+00	3.83e-03	8.11e-04	4.59e-04
 6.91688e+16	6.20e-03	2.01e-01	7.92e-01	2.45e-06	0.00e+00	0.00e+00	0.00e+00	0.00e+00	0.00e+00	4.66e-03	9.85e-04	5.57e-04
 6.98100e+16	7.24e-03	2.19e-01	7.74e-01	2.19e-06	0.00e+00	0.00e+00	0.00e+00	0.00e+00	0.00e+00	5.44e-03	1.15e-03	6.49e-04
 7.05198e+16	8.61e-03	2.40e-01	7.52e-01	1.92e-06	0.00e+00	0.00e+00	0.00e+00	0.00e+00	0.00e+00	6.47e-03	1.36e-03	7.72e-04
 7.14425e+16	1.09e-02	2.71e-01	7.18e-01	1.59e-06	0.00e+00	0.00e+00	0.00e+00	0.00e+00	0.00e+00	8.19e-03	1.72e-03	9.76e-04
 7.23568e+16	1.40e-02	3.09e-01	6.77e-01	1.28e-06	0.00e+00	0.00e+00	0.00e+00	0.00e+00	0.00e+00	1.06e-02	2.22e-03	1.26e-03
 7.30213e+16	1.71e-02	3.41e-01	6.42e-01	1.07e-06	0.00e+00	0.00e+00	0.00e+00	0.00e+00	0.00e+00	1.29e-02	2.70e-03	1.53e-03
 7.35427e+16	2.00e-02	3.68e-01	6.12e-01	9.12e-07	0.00e+00	0.00e+00	0.00e+00	0.00e+00	0.00e+00	1.51e-02	3.16e-03	1.79e-03
 7.41166e+16	2.39e-02	4.01e-01	5.75e-01	7.58e-07	0.00e+00	0.00e+00	0.00e+00	0.00e+00	0.00e+00	1.80e-02	3.77e-03	2.14e-03
 7.48627e+16	3.03e-02	4.47e-01	5.23e-01	5.77e-07	0.00e+00	0.00e+00	0.00e+00	0.00e+00	0.00e+00	2.28e-02	4.78e-03	2.71e-03
 7.55978e+16	3.92e-02	4.98e-01	4.63e-01	4.19e-07	0.00e+00	0.00e+00	0.00e+00	0.00e+00	0.00e+00	2.95e-02	6.17e-03	3.50e-03
 7.61256e+16	4.76e-02	5.38e-01	4.15e-01	3.20e-07	0.00e+00	0.00e+00	0.00e+00	0.00e+00	0.00e+00	3.58e-02	7.49e-03	4.25e-03
 7.65063e+16	5.49e-02	5.67e-01	3.78e-01	2.58e-07	0.00e+00	0.00e+00	0.00e+00	0.00e+00	0.00e+00	4.13e-02	8.64e-03	4.90e-03
 7.68884e+16	6.34e-02	5.96e-01	3.41e-01	2.03e-07	0.00e+00	0.00e+00	0.00e+00	0.00e+00	0.00e+00	4.77e-02	9.97e-03	5.66e-03
 7.73164e+16	7.49e-02	6.27e-01	2.98e-01	1.51e-07	0.00e+00	0.00e+00	0.00e+00	0.00e+00	0.00e+00	5.64e-02	1.18e-02	6.69e-03
 7.76994e+16	8.75e-02	6.54e-01	2.58e-01	0.00e+00	0.00e+00	0.00e+00	0.00e+00	0.00e+00	0.00e+00	6.59e-02	1.38e-02	7.81e-03
 7.80117e+16	9.97e-02	6.74e-01	2.26e-01	0.00e+00	0.00e+00	0.00e+00	0.00e+00	0.00e+00	0.00e+00	7.51e-02	1.57e-02	8.90e-03
 7.82885e+16	1.12e-01	6.90e-01	1.98e-01	0.00e+00	0.00e+00	0.00e+00	0.00e+00	0.00e+00	0.00e+00	8.45e-02	1.76e-02	1.00e-02
 7.85999e+16	1.28e-01	7.05e-01	1.67e-01	0.00e+00	0.00e+00	0.00e+00	0.00e+00	0.00e+00	0.00e+00	9.67e-02	2.02e-02	1.15e-02
 7.89240e+16	1.49e-01	7.15e-01	1.37e-01	0.00e+00	0.00e+00	0.00e+00	0.00e+00	0.00e+00	0.00e+00	1.12e-01	2.33e-02	1.33e-02
 7.91819e+16	1.68e-01	7.19e-01	1.14e-01	0.00e+00	0.00e+00	0.00e+00	0.00e+00	0.00e+00	0.00e+00	1.26e-01	2.63e-02	1.49e-02
 7.93872e+16	1.84e-01	7.19e-01	9.71e-02	0.00e+00	0.00e+00	0.00e+00	0.00e+00	0.00e+00	0.00e+00	1.39e-01	2.88e-02	1.64e-02
 7.96070e+16	2.05e-01	7.15e-01	8.02e-02	0.00e+00	0.00e+00	0.00e+00	0.00e+00	0.00e+00	0.00e+00	1.54e-01	3.20e-02	1.82e-02
 7.98468e+16	2.30e-01	7.06e-01	6.36e-02	0.00e+00	0.00e+00	0.00e+00	0.00e+00	0.00e+00	0.00e+00	1.74e-01	3.60e-02	2.05e-02
 8.00535e+16	2.56e-01	6.93e-01	5.09e-02	0.00e+00	0.00e+00	0.00e+00	0.00e+00	0.00e+00	0.00e+00	1.93e-01	3.98e-02	2.27e-02
 8.02230e+16	2.79e-01	6.79e-01	4.16e-02	0.00e+00	0.00e+00	0.00e+00	0.00e+00	0.00e+00	0.00e+00	2.11e-01	4.33e-02	2.47e-02
 8.04031e+16	3.06e-01	6.61e-01	3.29e-02	0.00e+00	0.00e+00	0.00e+00	0.00e+00	0.00e+00	0.00e+00	2.32e-01	4.74e-02	2.71e-02
 8.05972e+16	3.40e-01	6.35e-01	2.48e-02	0.00e+00	0.00e+00	0.00e+00	0.00e+00	0.00e+00	0.00e+00	2.57e-01	5.24e-02	3.00e-02
 8.07609e+16	3.72e-01	6.09e-01	1.90e-02	0.00e+00	0.00e+00	0.00e+00	0.00e+00	0.00e+00	0.00e+00	2.82e-01	5.70e-02	3.27e-02
 8.08938e+16	4.00e-01	5.85e-01	1.50e-02	0.00e+00	0.00e+00	0.00e+00	0.00e+00	0.00e+00	0.00e+00	3.04e-01	6.09e-02	3.50e-02
 8.10252e+16	4.29e-01	5.59e-01	1.17e-02	0.00e+00	0.00e+00	0.00e+00	0.00e+00	0.00e+00	0.00e+00	3.27e-01	6.51e-02	3.75e-02
 8.11649e+16	4.64e-01	5.27e-01	8.72e-03	0.00e+00	0.00e+00	0.00e+00	0.00e+00	0.00e+00	0.00e+00	3.54e-01	6.97e-02	4.03e-02
 8.12911e+16	4.98e-01	4.96e-01	6.52e-03	0.00e+00	0.00e+00	0.00e+00	0.00e+00	0.00e+00	0.00e+00	3.80e-01	7.42e-02	4.30e-02
 8.13900e+16	5.25e-01	4.69e-01	5.10e-03	0.00e+00	0.00e+00	0.00e+00	0.00e+00	0.00e+00	0.00e+00	4.02e-01	7.77e-02	4.52e-02
 8.14702e+16	5.48e-01	4.48e-01	4.14e-03	0.00e+00	0.00e+00	0.00e+00	0.00e+00	0.00e+00	0.00e+00	4.21e-01	8.05e-02	4.69e-02
 8.15451e+16	5.70e-01	4.26e-01	3.36e-03	0.00e+00	0.00e+00	0.00e+00	0.00e+00	0.00e+00	0.00e+00	4.39e-01	8.31e-02	4.86e-02
 8.16190e+16	5.93e-01	4.04e-01	2.71e-03	0.00e+00	0.00e+00	0.00e+00	0.00e+00	0.00e+00	0.00e+00	4.57e-01	8.57e-02	5.03e-02
 8.16763e+16	6.11e-01	3.87e-01	2.28e-03	0.00e+00	0.00e+00	0.00e+00	0.00e+00	0.00e+00	0.00e+00	4.72e-01	8.76e-02	5.15e-02
 8.17120e+16	6.21e-01	3.77e-01	2.05e-03	0.00e+00	0.00e+00	0.00e+00	0.00e+00	0.00e+00	0.00e+00	4.80e-01	8.86e-02	5.22e-02
 8.17447e+16	6.31e-01	3.67e-01	1.84e-03	0.00e+00	0.00e+00	0.00e+00	0.00e+00	0.00e+00	0.00e+00	4.89e-01	8.96e-02	5.29e-02
 8.17841e+16	6.44e-01	3.55e-01	1.61e-03	0.00e+00	0.00e+00	0.00e+00	0.00e+00	0.00e+00	0.00e+00	4.99e-01	9.08e-02	5.37e-02
 8.18265e+16	6.57e-01	3.41e-01	1.39e-03	0.00e+00	0.00e+00	0.00e+00	0.00e+00	0.00e+00	0.00e+00	5.11e-01	9.21e-02	5.46e-02
 8.18652e+16	6.70e-01	3.29e-01	1.21e-03	0.00e+00	0.00e+00	0.00e+00	0.00e+00	0.00e+00	0.00e+00	5.21e-01	9.32e-02	5.54e-02
 8.18997e+16	6.81e-01	3.18e-01	1.07e-03	0.00e+00	0.00e+00	0.00e+00	0.00e+00	0.00e+00	0.00e+00	5.31e-01	9.41e-02	5.60e-02
 8.19331e+16	6.92e-01	3.07e-01	9.44e-04	0.00e+00	0.00e+00	0.00e+00	0.00e+00	0.00e+00	0.00e+00	5.40e-01	9.50e-02	5.67e-02
 8.19674e+16	7.03e-01	2.96e-01	8.26e-04	0.00e+00	0.00e+00	0.00e+00	0.00e+00	0.00e+00	0.00e+00	5.50e-01	9.58e-02	5.73e-02
 8.20018e+16	7.14e-01	2.85e-01	7.20e-04	0.00e+00	0.00e+00	0.00e+00	0.00e+00	0.00e+00	0.00e+00	5.60e-01	9.66e-02	5.79e-02
 8.20347e+16	7.25e-01	2.74e-01	6.30e-04	0.00e+00	0.00e+00	0.00e+00	0.00e+00	0.00e+00	0.00e+00	5.69e-01	9.73e-02	5.85e-02
 8.20661e+16	7.36e-01	2.64e-01	5.51e-04	0.00e+00	0.00e+00	0.00e+00	0.00e+00	0.00e+00	0.00e+00	5.78e-01	9.80e-02	5.90e-02
 8.20969e+16	7.46e-01	2.54e-01	4.83e-04	0.00e+00	0.00e+00	0.00e+00	0.00e+00	0.00e+00	0.00e+00	5.87e-01	9.86e-02	5.95e-02
 8.21275e+16	7.55e-01	2.44e-01	4.22e-04	0.00e+00	0.00e+00	0.00e+00	0.00e+00	0.00e+00	0.00e+00	5.96e-01	9.91e-02	5.99e-02
 8.21576e+16	7.65e-01	2.34e-01	3.68e-04	0.00e+00	0.00e+00	0.00e+00	0.00e+00	0.00e+00	0.00e+00	6.05e-01	9.96e-02	6.04e-02
 8.21869e+16	7.75e-01	2.25e-01	3.21e-04	0.00e+00	0.00e+00	0.00e+00	0.00e+00	0.00e+00	0.00e+00	6.14e-01	1.00e-01	6.07e-02
 8.22154e+16	7.84e-01	2.16e-01	2.80e-04	0.00e+00	0.00e+00	0.00e+00	0.00e+00	0.00e+00	0.00e+00	6.22e-01	1.00e-01	6.11e-02
 8.22434e+16	7.92e-01	2.07e-01	2.44e-04	0.00e+00	0.00e+00	0.00e+00	0.00e+00	0.00e+00	0.00e+00	6.30e-01	1.01e-01	6.14e-02
 8.22709e+16	8.01e-01	1.99e-01	2.12e-04	0.00e+00	0.00e+00	0.00e+00	0.00e+00	0.00e+00	0.00e+00	6.38e-01	1.01e-01	6.17e-02
 8.22980e+16	8.09e-01	1.91e-01	1.85e-04	0.00e+00	0.00e+00	0.00e+00	0.00e+00	0.00e+00	0.00e+00	6.46e-01	1.01e-01	6.19e-02
 8.23244e+16	8.17e-01	1.83e-01	1.61e-04	0.00e+00	0.00e+00	0.00e+00	0.00e+00	0.00e+00	0.00e+00	6.54e-01	1.01e-01	6.21e-02
 8.23503e+16	8.25e-01	1.75e-01	1.40e-04	0.00e+00	0.00e+00	0.00e+00	0.00e+00	0.00e+00	0.00e+00	6.61e-01	1.01e-01	6.23e-02
 8.23758e+16	8.32e-01	1.68e-01	1.22e-04	0.00e+00	0.00e+00	0.00e+00	0.00e+00	0.00e+00	0.00e+00	6.68e-01	1.02e-01	6.25e-02
 8.24007e+16	8.40e-01	1.60e-01	1.06e-04	0.00e+00	0.00e+00	0.00e+00	0.00e+00	0.00e+00	0.00e+00	6.75e-01	1.02e-01	6.26e-02
 8.24253e+16	8.47e-01	1.53e-01	9.18e-05	0.00e+00	0.00e+00	0.00e+00	0.00e+00	0.00e+00	0.00e+00	6.82e-01	1.02e-01	6.27e-02
 8.24493e+16	8.53e-01	1.47e-01	7.98e-05	0.00e+00	0.00e+00	0.00e+00	0.00e+00	0.00e+00	0.00e+00	6.89e-01	1.02e-01	6.28e-02
 8.24729e+16	8.60e-01	1.40e-01	6.92e-05	0.00e+00	0.00e+00	0.00e+00	0.00e+00	0.00e+00	0.00e+00	6.95e-01	1.02e-01	6.28e-02
 8.24960e+16	8.66e-01	1.34e-01	6.01e-05	0.00e+00	0.00e+00	0.00e+00	0.00e+00	0.00e+00	0.00e+00	7.02e-01	1.01e-01	6.29e-02
 8.25187e+16	8.72e-01	1.28e-01	5.21e-05	0.00e+00	0.00e+00	0.00e+00	0.00e+00	0.00e+00	0.00e+00	7.08e-01	1.01e-01	6.29e-02
 8.25406e+16	8.78e-01	1.22e-01	4.53e-05	0.00e+00	0.00e+00	0.00e+00	0.00e+00	0.00e+00	0.00e+00	7.13e-01	1.01e-01	6.29e-02
 8.25619e+16	8.83e-01	1.17e-01	3.96e-05	0.00e+00	0.00e+00	0.00e+00	0.00e+00	0.00e+00	0.00e+00	7.19e-01	1.01e-01	6.28e-02
 8.25829e+16	8.88e-01	1.12e-01	3.44e-05	0.00e+00	0.00e+00	0.00e+00	0.00e+00	0.00e+00	0.00e+00	7.24e-01	1.01e-01	6.28e-02
 8.26033e+16	8.93e-01	1.07e-01	3.00e-05	0.00e+00	0.00e+00	0.00e+00	0.00e+00	0.00e+00	0.00e+00	7.29e-01	1.01e-01	6.27e-02
 8.26230e+16	8.97e-01	1.02e-01	2.62e-05	0.00e+00	0.00e+00	0.00e+00	0.00e+00	0.00e+00	0.00e+00	7.34e-01	1.01e-01	6.27e-02
 8.26421e+16	9.02e-01	9.81e-02	2.30e-05	0.00e+00	0.00e+00	0.00e+00	0.00e+00	0.00e+00	0.00e+00	7.39e-01	1.01e-01	6.26e-02
 8.26608e+16	9.06e-01	9.39e-02	2.01e-05	0.00e+00	0.00e+00	0.00e+00	0.00e+00	0.00e+00	0.00e+00	7.43e-01	1.01e-01	6.26e-02
 8.26791e+16	9.10e-01	8.99e-02	1.76e-05	0.00e+00	0.00e+00	0.00e+00	0.00e+00	0.00e+00	0.00e+00	7.47e-01	1.00e-01	6.24e-02
 8.26969e+16	9.14e-01	8.61e-02	1.54e-05	0.00e+00	0.00e+00	0.00e+00	0.00e+00	0.00e+00	0.00e+00	7.51e-01	1.00e-01	6.24e-02
 8.27143e+16	9.18e-01	8.25e-02	1.36e-05	0.00e+00	0.00e+00	0.00e+00	0.00e+00	0.00e+00	0.00e+00	7.55e-01	1.00e-01	6.23e-02
 8.27313e+16	9.21e-01	7.90e-02	1.19e-05	0.00e+00	0.00e+00	0.00e+00	0.00e+00	0.00e+00	0.00e+00	7.59e-01	1.00e-01	6.22e-02
 8.27478e+16	9.24e-01	7.57e-02	1.05e-05	0.00e+00	0.00e+00	0.00e+00	0.00e+00	0.00e+00	0.00e+00	7.62e-01	9.98e-02	6.21e-02
 8.27640e+16	9.27e-01	7.26e-02	9.23e-06	0.00e+00	0.00e+00	0.00e+00	0.00e+00	0.00e+00	0.00e+00	7.66e-01	9.98e-02	6.20e-02
 8.27798e+16	9.30e-01	6.96e-02	8.15e-06	0.00e+00	0.00e+00	0.00e+00	0.00e+00	0.00e+00	0.00e+00	7.69e-01	9.96e-02	6.19e-02
 8.27953e+16	9.33e-01	6.67e-02	7.17e-06	0.00e+00	0.00e+00	0.00e+00	0.00e+00	0.00e+00	0.00e+00	7.72e-01	9.96e-02	6.19e-02
 8.28105e+16	9.36e-01	6.39e-02	6.34e-06	0.00e+00	0.00e+00	0.00e+00	0.00e+00	0.00e+00	0.00e+00	7.75e-01	9.95e-02	6.18e-02
 8.28253e+16	9.39e-01	6.13e-02	5.60e-06	0.00e+00	0.00e+00	0.00e+00	0.00e+00	0.00e+00	0.00e+00	7.77e-01	9.95e-02	6.17e-02
 8.28397e+16	9.41e-01	5.88e-02	4.96e-06	0.00e+00	0.00e+00	0.00e+00	0.00e+00	0.00e+00	0.00e+00	7.80e-01	9.94e-02	6.16e-02
 8.28539e+16	9.44e-01	5.64e-02	4.38e-06	0.00e+00	0.00e+00	0.00e+00	0.00e+00	0.00e+00	0.00e+00	7.83e-01	9.95e-02	6.15e-02
 8.28678e+16	9.46e-01	5.41e-02	3.88e-06	0.00e+00	0.00e+00	0.00e+00	0.00e+00	0.00e+00	0.00e+00	7.85e-01	9.94e-02	6.15e-02
 8.28812e+16	9.48e-01	5.19e-02	3.44e-06	0.00e+00	0.00e+00	0.00e+00	0.00e+00	0.00e+00	0.00e+00	7.87e-01	9.95e-02	6.14e-02
 8.28944e+16	9.50e-01	4.98e-02	3.06e-06	0.00e+00	0.00e+00	0.00e+00	0.00e+00	0.00e+00	0.00e+00	7.89e-01	9.95e-02	6.13e-02
 8.29075e+16	9.52e-01	4.78e-02	2.71e-06	0.00e+00	0.00e+00	0.00e+00	0.00e+00	0.00e+00	0.00e+00	7.91e-01	9.96e-02	6.13e-02
 8.29203e+16	9.54e-01	4.58e-02	2.40e-06	0.00e+00	0.00e+00	0.00e+00	0.00e+00	0.00e+00	0.00e+00	7.93e-01	9.96e-02	6.12e-02
 8.29326e+16	9.56e-01	4.40e-02	2.14e-06	0.00e+00	0.00e+00	0.00e+00	0.00e+00	0.00e+00	0.00e+00	7.95e-01	9.96e-02	6.11e-02
 8.29448e+16	9.58e-01	4.22e-02	1.90e-06	0.00e+00	0.00e+00	0.00e+00	0.00e+00	0.00e+00	0.00e+00	7.97e-01	9.98e-02	6.11e-02
 8.29568e+16	9.60e-01	4.05e-02	1.69e-06	0.00e+00	0.00e+00	0.00e+00	0.00e+00	0.00e+00	0.00e+00	7.99e-01	9.99e-02	6.10e-02
 8.29683e+16	9.61e-01	3.89e-02	1.51e-06	0.00e+00	0.00e+00	0.00e+00	0.00e+00	0.00e+00	0.00e+00	8.00e-01	1.00e-01	6.09e-02
 8.29797e+16	9.63e-01	3.73e-02	1.35e-06	0.00e+00	0.00e+00	0.00e+00	0.00e+00	0.00e+00	0.00e+00	8.01e-01	1.00e-01	6.09e-02
 8.29908e+16	9.64e-01	3.58e-02	1.20e-06	0.00e+00	0.00e+00	0.00e+00	0.00e+00	0.00e+00	0.00e+00	8.03e-01	1.01e-01	6.08e-02
 8.30017e+16	9.66e-01	3.44e-02	1.07e-06	0.00e+00	0.00e+00	0.00e+00	0.00e+00	0.00e+00	0.00e+00	8.04e-01	1.01e-01	6.08e-02
 8.30123e+16	9.67e-01	3.30e-02	9.54e-07	0.00e+00	0.00e+00	0.00e+00	0.00e+00	0.00e+00	0.00e+00	8.05e-01	1.01e-01	6.08e-02
 8.30226e+16	9.68e-01	3.17e-02	8.53e-07	0.00e+00	0.00e+00	0.00e+00	0.00e+00	0.00e+00	0.00e+00	8.06e-01	1.01e-01	6.08e-02
 8.30327e+16	9.70e-01	3.04e-02	7.63e-07	0.00e+00	0.00e+00	0.00e+00	0.00e+00	0.00e+00	0.00e+00	8.07e-01	1.02e-01	6.08e-02
 8.30426e+16	9.71e-01	2.92e-02	6.83e-07	0.00e+00	0.00e+00	0.00e+00	0.00e+00	0.00e+00	0.00e+00	8.08e-01	1.02e-01	6.08e-02
 8.30523e+16	9.72e-01	2.80e-02	6.10e-07	0.00e+00	0.00e+00	0.00e+00	0.00e+00	0.00e+00	0.00e+00	8.09e-01	1.02e-01	6.09e-02
 8.30617e+16	9.73e-01	2.68e-02	5.45e-07	0.00e+00	0.00e+00	0.00e+00	0.00e+00	0.00e+00	0.00e+00	8.09e-01	1.03e-01	6.09e-02
 8.30707e+16	9.74e-01	2.58e-02	4.89e-07	0.00e+00	0.00e+00	0.00e+00	0.00e+00	0.00e+00	0.00e+00	8.10e-01	1.03e-01	6.10e-02
 8.30794e+16	9.75e-01	2.47e-02	4.39e-07	0.00e+00	0.00e+00	0.00e+00	0.00e+00	0.00e+00	0.00e+00	8.10e-01	1.04e-01	6.10e-02
 8.30880e+16	9.76e-01	2.37e-02	3.94e-07	0.00e+00	0.00e+00	0.00e+00	0.00e+00	0.00e+00	0.00e+00	8.11e-01	1.05e-01	6.11e-02
 8.30964e+16	9.77e-01	2.28e-02	3.53e-07	0.00e+00	0.00e+00	0.00e+00	0.00e+00	0.00e+00	0.00e+00	8.11e-01	1.05e-01	6.12e-02
 8.31044e+16	9.78e-01	2.18e-02	3.17e-07	0.00e+00	0.00e+00	0.00e+00	0.00e+00	0.00e+00	0.00e+00	8.11e-01	1.06e-01	6.14e-02
 8.31118e+16	9.79e-01	2.10e-02	2.86e-07	0.00e+00	0.00e+00	0.00e+00	0.00e+00	0.00e+00	0.00e+00	8.11e-01	1.07e-01	6.15e-02
 8.31186e+16	9.80e-01	2.02e-02	2.60e-07	0.00e+00	0.00e+00	0.00e+00	0.00e+00	0.00e+00	0.00e+00	8.11e-01	1.07e-01	6.16e-02
 8.31248e+16	9.80e-01	1.95e-02	2.38e-07	0.00e+00	0.00e+00	0.00e+00	0.00e+00	0.00e+00	0.00e+00	8.11e-01	1.08e-01	6.18e-02
 8.31305e+16	9.81e-01	1.89e-02	2.19e-07	0.00e+00	0.00e+00	0.00e+00	0.00e+00	0.00e+00	0.00e+00	8.11e-01	1.09e-01	6.19e-02
 8.31357e+16	9.82e-01	1.83e-02	2.02e-07	0.00e+00	0.00e+00	0.00e+00	0.00e+00	0.00e+00	0.00e+00	8.10e-01	1.09e-01	6.21e-02
 8.31407e+16	9.82e-01	1.77e-02	1.87e-07	0.00e+00	0.00e+00	0.00e+00	0.00e+00	0.00e+00	0.00e+00	8.10e-01	1.10e-01	6.22e-02
 8.31453e+16	9.83e-01	1.72e-02	1.74e-07	0.00e+00	0.00e+00	0.00e+00	0.00e+00	0.00e+00	0.00e+00	8.10e-01	1.11e-01	6.24e-02
 8.31494e+16	9.83e-01	1.67e-02	1.62e-07	0.00e+00	0.00e+00	0.00e+00	0.00e+00	0.00e+00	0.00e+00	8.09e-01	1.12e-01	6.26e-02
 8.31532e+16	9.84e-01	1.63e-02	1.52e-07	0.00e+00	0.00e+00	0.00e+00	0.00e+00	0.00e+00	0.00e+00	8.09e-01	1.12e-01	6.27e-02
 8.31567e+16	9.84e-01	1.59e-02	1.43e-07	0.00e+00	0.00e+00	0.00e+00	0.00e+00	0.00e+00	0.00e+00	8.08e-01	1.13e-01	6.29e-02
 8.31599e+16	9.85e-01	1.55e-02	1.35e-07	0.00e+00	0.00e+00	0.00e+00	0.00e+00	0.00e+00	0.00e+00	8.08e-01	1.14e-01	6.31e-02
 8.31629e+16	9.85e-01	1.51e-02	1.27e-07	0.00e+00	0.00e+00	0.00e+00	0.00e+00	0.00e+00	0.00e+00	8.07e-01	1.15e-01	6.32e-02
 8.31657e+16	9.85e-01	1.48e-02	1.21e-07	0.00e+00	0.00e+00	0.00e+00	0.00e+00	0.00e+00	0.00e+00	8.07e-01	1.15e-01	6.33e-02
 8.31684e+16	9.86e-01	1.44e-02	1.14e-07	0.00e+00	0.00e+00	0.00e+00	0.00e+00	0.00e+00	0.00e+00	8.06e-01	1.16e-01	6.36e-02
 8.31710e+16	9.86e-01	1.41e-02	1.08e-07	0.00e+00	0.00e+00	0.00e+00	0.00e+00	0.00e+00	0.00e+00	8.05e-01	1.17e-01	6.38e-02
 8.31730e+16	9.86e-01	1.39e-02	1.04e-07	0.00e+00	0.00e+00	0.00e+00	0.00e+00	0.00e+00	0.00e+00	8.05e-01	1.17e-01	6.39e-02
 8.31751e+16	9.86e-01	1.35e-02	9.86e-08	0.00e+00	0.00e+00	0.00e+00	0.00e+00	0.00e+00	0.00e+00	8.04e-01	1.18e-01	6.41e-02
 8.31770e+16	9.87e-01	1.33e-02	9.42e-08	0.00e+00	0.00e+00	0.00e+00	0.00e+00	0.00e+00	0.00e+00	8.03e-01	1.19e-01	6.43e-02
 8.31787e+16	9.87e-01	1.31e-02	9.09e-08	0.00e+00	0.00e+00	0.00e+00	0.00e+00	0.00e+00	0.00e+00	8.03e-01	1.20e-01	6.44e-02
 8.31803e+16	9.87e-01	1.28e-02	8.67e-08	0.00e+00	0.00e+00	0.00e+00	0.00e+00	0.00e+00	0.00e+00	8.02e-01	1.21e-01	6.46e-02
 8.31819e+16	9.87e-01	1.26e-02	8.37e-08	0.00e+00	0.00e+00	0.00e+00	0.00e+00	0.00e+00	0.00e+00	8.01e-01	1.21e-01	6.47e-02
 8.31833e+16	9.88e-01	1.23e-02	8.01e-08	0.00e+00	0.00e+00	0.00e+00	0.00e+00	0.00e+00	0.00e+00	8.00e-01	1.22e-01	6.50e-02
 8.31846e+16	9.88e-01	1.21e-02	7.76e-08	0.00e+00	0.00e+00	0.00e+00	0.00e+00	0.00e+00	0.00e+00	8.00e-01	1.23e-01	6.51e-02
 8.31857e+16	9.88e-01	1.19e-02	7.45e-08	0.00e+00	0.00e+00	0.00e+00	0.00e+00	0.00e+00	0.00e+00	7.99e-01	1.24e-01	6.53e-02
 8.31868e+16	9.88e-01	1.17e-02	7.24e-08	0.00e+00	0.00e+00	0.00e+00	0.00e+00	0.00e+00	0.00e+00	7.99e-01	1.24e-01	6.54e-02
 8.31878e+16	9.88e-01	1.15e-02	6.96e-08	0.00e+00	0.00e+00	0.00e+00	0.00e+00	0.00e+00	0.00e+00	7.98e-01	1.25e-01	6.56e-02
 8.31888e+16	9.89e-01	1.14e-02	6.78e-08	0.00e+00	0.00e+00	0.00e+00	0.00e+00	0.00e+00	0.00e+00	7.97e-01	1.26e-01	6.57e-02
 8.31896e+16	9.89e-01	1.12e-02	6.53e-08	0.00e+00	0.00e+00	0.00e+00	0.00e+00	0.00e+00	0.00e+00	7.96e-01	1.27e-01	6.60e-02
 8.31905e+16	9.89e-01	1.10e-02	6.35e-08	0.00e+00	0.00e+00	0.00e+00	0.00e+00	0.00e+00	0.00e+00	7.96e-01	1.27e-01	6.61e-02
 8.31913e+16	9.89e-01	1.08e-02	6.10e-08	0.00e+00	0.00e+00	0.00e+00	0.00e+00	0.00e+00	0.00e+00	7.94e-01	1.29e-01	6.63e-02
 8.31922e+16	9.89e-01	1.06e-02	5.86e-08	0.00e+00	0.00e+00	0.00e+00	0.00e+00	0.00e+00	0.00e+00	7.93e-01	1.30e-01	6.65e-02
 8.31930e+16	9.90e-01	1.03e-02	5.63e-08	0.00e+00	0.00e+00	0.00e+00	0.00e+00	0.00e+00	0.00e+00	7.92e-01	1.31e-01	6.68e-02
 8.31938e+16	9.90e-01	1.01e-02	5.39e-08	0.00e+00	0.00e+00	0.00e+00	0.00e+00	0.00e+00	0.00e+00	7.91e-01	1.32e-01	6.70e-02
 8.31947e+16	9.90e-01	9.83e-03	5.12e-08	0.00e+00	0.00e+00	0.00e+00	0.00e+00	0.00e+00	0.00e+00	7.89e-01	1.33e-01	6.73e-02
 8.31955e+16	9.91e-01	9.46e-03	4.78e-08	0.00e+00	0.00e+00	0.00e+00	0.00e+00	0.00e+00	0.00e+00	7.87e-01	1.36e-01	6.78e-02
 8.31963e+16	9.91e-01	8.99e-03	4.36e-08	0.00e+00	0.00e+00	0.00e+00	0.00e+00	0.00e+00	0.00e+00	7.84e-01	1.39e-01	6.84e-02
 8.31972e+16	9.98e-01	2.22e-03	3.14e-09	0.00e+00	0.00e+00	0.00e+00	0.00e+00	0.00e+00	0.00e+00	7.18e-01	2.07e-01	7.26e-02
