#depth	H	H+	H2
 2.95727e+12	1.04e-03	9.99e-01	2.50e-14
 1.77436e+13	1.04e-03	9.99e-01	2.50e-14
 7.68890e+13	1.04e-03	9.99e-01	2.51e-14
 3.13470e+14	1.04e-03	9.99e-01	2.55e-14
 7.48780e+14	1.04e-03	9.99e-01	2.63e-14
 1.31468e+15	1.03e-03	9.99e-01	2.72e-14
 2.05036e+15	1.04e-03	9.99e-01	2.86e-14
 3.00673e+15	1.05e-03	9.99e-01	3.06e-14
 4.25002e+15	1.06e-03	9.99e-01	3.36e-14
 5.57701e+15	1.08e-03	9.99e-01	3.68e-14
 6.71898e+15	1.10e-03	9.99e-01	4.01e-14
 7.67033e+15	1.12e-03	9.99e-01	4.33e-14
 8.50841e+15	1.14e-03	9.99e-01	4.66e-14
 9.31036e+15	1.19e-03	9.99e-01	5.14e-14
 1.00470e+16	1.22e-03	9.99e-01	5.57e-14
 1.06542e+16	1.25e-03	9.99e-01	5.98e-14
 1.11788e+16	1.28e-03	9.99e-01	6.35e-14
 1.17686e+16	1.33e-03	9.99e-01	6.92e-14
 1.24295e+16	1.38e-03	9.99e-01	7.58e-14
 1.30760e+16	1.43e-03	9.99e-01	8.29e-14
 1.38097e+16	1.50e-03	9.99e-01	9.17e-14
 1.47635e+16	1.58e-03	9.98e-01	1.03e-13
 1.60035e+16	1.67e-03	9.98e-01	1.17e-13
 1.75396e+16	1.77e-03	9.98e-01	1.33e-13
 1.92936e+16	1.89e-03	9.98e-01	1.50e-13
 2.12229e+16	2.02e-03	9.98e-01	1.69e-13
 2.33452e+16	2.17e-03	9.98e-01	1.91e-13
 2.56797e+16	2.36e-03	9.98e-01	2.17e-13
 2.82477e+16	2.64e-03	9.97e-01	2.60e-13
 3.10725e+16	2.95e-03	9.97e-01	3.06e-13
 3.41797e+16	3.36e-03	9.97e-01	3.66e-13
 3.65856e+16	3.75e-03	9.96e-01	4.27e-13
 3.78171e+16	3.99e-03	9.96e-01	4.65e-13
 3.88595e+16	4.18e-03	9.96e-01	4.95e-13
 4.02147e+16	4.44e-03	9.96e-01	5.38e-13
 4.19764e+16	4.80e-03	9.95e-01	5.96e-13
 4.37840e+16	5.24e-03	9.95e-01	6.71e-13
 4.51849e+16	5.63e-03	9.94e-01	7.39e-13
 4.63116e+16	5.97e-03	9.94e-01	7.97e-13
 4.75482e+16	6.34e-03	9.94e-01	8.62e-13
 4.91557e+16	6.85e-03	9.93e-01	9.51e-13
 5.08126e+16	7.49e-03	9.93e-01	1.07e-12
 5.20889e+16	8.03e-03	9.92e-01	1.17e-12
 5.31137e+16	8.50e-03	9.91e-01	1.26e-12
 5.42560e+16	9.05e-03	9.91e-01	1.36e-12
 5.57410e+16	9.80e-03	9.90e-01	1.50e-12
 5.72631e+16	1.08e-02	9.89e-01	1.69e-12
 5.84296e+16	1.16e-02	9.88e-01	1.85e-12
 5.93662e+16	1.23e-02	9.88e-01	1.99e-12
 6.04077e+16	1.31e-02	9.87e-01	2.15e-12
 6.17616e+16	1.43e-02	9.86e-01	2.40e-12
 6.31255e+16	1.58e-02	9.84e-01	2.70e-12
 6.41551e+16	1.71e-02	9.83e-01	2.98e-12
 6.49943e+16	1.82e-02	9.82e-01	3.22e-12
 6.59331e+16	1.96e-02	9.80e-01	3.52e-12
 6.71537e+16	2.17e-02	9.78e-01	3.98e-12
 6.83398e+16	2.42e-02	9.76e-01	4.54e-12
 6.91688e+16	2.63e-02	9.74e-01	5.03e-12
 6.98100e+16	2.81e-02	9.72e-01	5.45e-12
 7.05198e+16	3.02e-02	9.70e-01	5.97e-12
 7.14425e+16	3.35e-02	9.66e-01	6.77e-12
 7.23568e+16	3.76e-02	9.62e-01	7.78e-12
 7.30213e+16	4.11e-02	9.59e-01	8.70e-12
 7.35427e+16	4.43e-02	9.56e-01	9.55e-12
 7.41166e+16	4.82e-02	9.52e-01	1.06e-11
 7.48627e+16	5.42e-02	9.46e-01	1.23e-11
 7.55978e+16	6.20e-02	9.38e-01	1.45e-11
 7.61256e+16	6.90e-02	9.31e-01	1.66e-11
 7.65063e+16	7.48e-02	9.25e-01	1.84e-11
 7.68884e+16	8.14e-02	9.19e-01	2.06e-11
 7.73164e+16	9.03e-02	9.10e-01	2.35e-11
 7.76994e+16	9.99e-02	9.00e-01	2.68e-11
 7.80117e+16	1.09e-01	8.91e-01	3.01e-11
 7.82885e+16	1.18e-01	8.82e-01	3.35e-11
 7.85999e+16	1.31e-01	8.69e-01	3.82e-11
 7.89240e+16	1.46e-01	8.54e-01	4.45e-11
 7.91819e+16	1.61e-01	8.39e-01	5.08e-11
 7.93872e+16	1.74e-01	8.26e-01	5.67e-11
 7.96070e+16	1.90e-01	8.10e-01	6.43e-11
 7.98468e+16	2.11e-01	7.89e-01	7.47e-11
 8.00535e+16	2.32e-01	7.68e-01	8.60e-11
 8.02230e+16	2.51e-01	7.49e-01	9.73e-11
 8.04031e+16	2.74e-01	7.26e-01	1.12e-10
 8.05972e+16	3.04e-01	6.96e-01	1.31e-10
 8.07609e+16	3.32e-01	6.68e-01	1.52e-10
 8.08938e+16	3.57e-01	6.43e-01	1.73e-10
 8.10252e+16	3.84e-01	6.16e-01	1.97e-10
 8.11649e+16	4.17e-01	5.83e-01	2.29e-10
 8.12911e+16	4.49e-01	5.51e-01	2.64e-10
 8.13900e+16	4.76e-01	5.24e-01	2.97e-10
 8.14702e+16	4.98e-01	5.02e-01	3.27e-10
 8.15451e+16	5.20e-01	4.80e-01	3.59e-10
 8.16190e+16	5.43e-01	4.57e-01	3.96e-10
 8.16763e+16	5.61e-01	4.39e-01	4.27e-10
 8.17120e+16	5.71e-01	4.29e-01	4.46e-10
 8.17447e+16	5.82e-01	4.18e-01	4.67e-10
 8.17841e+16	5.94e-01	4.06e-01	4.94e-10
 8.18265e+16	6.09e-01	3.91e-01	5.25e-10
 8.18652e+16	6.22e-01	3.78e-01	5.55e-10
 8.18997e+16	6.34e-01	3.66e-01	5.84e-10
 8.19331e+16	6.45e-01	3.55e-01	6.14e-10
 8.19674e+16	6.57e-01	3.43e-01	6.47e-10
 8.20018e+16	6.69e-01	3.31e-01	6.83e-10
 8.20347e+16	6.81e-01	3.19e-01	7.19e-10
 8.20661e+16	6.92e-01	3.08e-01	7.56e-10
 8.20969e+16	7.03e-01	2.97e-01	7.95e-10
 8.21275e+16	7.14e-01	2.86e-01	8.36e-10
 8.21576e+16	7.24e-01	2.76e-01	8.80e-10
 8.21869e+16	7.35e-01	2.65e-01	9.24e-10
 8.22154e+16	7.45e-01	2.55e-01	9.71e-10
 8.22434e+16	7.55e-01	2.45e-01	1.02e-09
 8.22709e+16	7.64e-01	2.36e-01	1.07e-09
 8.22980e+16	7.74e-01	2.26e-01	1.12e-09
 8.23244e+16	7.83e-01	2.17e-01	1.18e-09
 8.23503e+16	7.91e-01	2.09e-01	1.24e-09
 8.23758e+16	8.00e-01	2.00e-01	1.30e-09
 8.24007e+16	8.08e-01	1.92e-01	1.36e-09
 8.24253e+16	8.16e-01	1.84e-01	1.43e-09
 8.24493e+16	8.24e-01	1.76e-01	1.50e-09
 8.24729e+16	8.31e-01	1.69e-01	1.57e-09
 8.24960e+16	8.38e-01	1.62e-01	1.65e-09
 8.25187e+16	8.45e-01	1.55e-01	1.73e-09
 8.25406e+16	8.52e-01	1.48e-01	1.81e-09
 8.25619e+16	8.58e-01	1.42e-01	1.90e-09
 8.25829e+16	8.64e-01	1.36e-01	1.99e-09
 8.26033e+16	8.70e-01	1.30e-01	2.08e-09
 8.26230e+16	8.75e-01	1.25e-01	2.18e-09
 8.26421e+16	8.81e-01	1.19e-01	2.28e-09
 8.26608e+16	8.86e-01	1.14e-01	2.39e-09
 8.26791e+16	8.90e-01	1.10e-01	2.50e-09
 8.26969e+16	8.95e-01	1.05e-01	2.62e-09
 8.27143e+16	8.99e-01	1.01e-01	2.74e-09
 8.27313e+16	9.03e-01	9.67e-02	2.87e-09
 8.27478e+16	9.07e-01	9.28e-02	3.00e-09
 8.27640e+16	9.11e-01	8.90e-02	3.15e-09
 8.27798e+16	9.15e-01	8.54e-02	3.30e-09
 8.27953e+16	9.18e-01	8.19e-02	3.46e-09
 8.28105e+16	9.21e-01	7.86e-02	3.62e-09
 8.28253e+16	9.25e-01	7.54e-02	3.80e-09
 8.28397e+16	9.28e-01	7.24e-02	3.98e-09
 8.28539e+16	9.30e-01	6.95e-02	4.18e-09
 8.28678e+16	9.33e-01	6.67e-02	4.39e-09
 8.28812e+16	9.36e-01	6.41e-02	4.62e-09
 8.28944e+16	9.38e-01	6.15e-02	4.86e-09
 8.29075e+16	9.41e-01	5.91e-02	5.12e-09
 8.29203e+16	9.43e-01	5.67e-02	5.40e-09
 8.29326e+16	9.46e-01	5.45e-02	5.70e-09
 8.29448e+16	9.48e-01	5.23e-02	6.02e-09
 8.29568e+16	9.50e-01	5.02e-02	6.37e-09
 8.29683e+16	9.52e-01	4.83e-02	6.75e-09
 8.29797e+16	9.54e-01	4.64e-02	7.16e-09
 8.29908e+16	9.55e-01	4.45e-02	7.62e-09
 8.30017e+16	9.57e-01	4.28e-02	8.11e-09
 8.30123e+16	9.59e-01	4.11e-02	8.66e-09
 8.30226e+16	9.61e-01	3.95e-02	9.26e-09
 8.30327e+16	9.62e-01	3.79e-02	9.94e-09
 8.30426e+16	9.64e-01	3.64e-02	1.07e-08
 8.30523e+16	9.65e-01	3.49e-02	1.16e-08
 8.30617e+16	9.66e-01	3.35e-02	1.25e-08
 8.30707e+16	9.68e-01	3.22e-02	1.36e-08
 8.30794e+16	9.69e-01	3.10e-02	1.48e-08
 8.30880e+16	9.70e-01	2.97e-02	1.62e-08
 8.30964e+16	9.71e-01	2.85e-02	1.79e-08
 8.31044e+16	9.73e-01	2.74e-02	1.97e-08
 8.31118e+16	9.74e-01	2.63e-02	2.18e-08
 8.31186e+16	9.75e-01	2.54e-02	2.41e-08
 8.31248e+16	9.75e-01	2.45e-02	2.66e-08
 8.31305e+16	9.76e-01	2.37e-02	2.94e-08
 8.31357e+16	9.77e-01	2.30e-02	3.24e-08
 8.31407e+16	9.78e-01	2.23e-02	3.59e-08
 8.31453e+16	9.78e-01	2.17e-02	3.98e-08
 8.31494e+16	9.79e-01	2.11e-02	4.40e-08
 8.31532e+16	9.79e-01	2.06e-02	4.86e-08
 8.31567e+16	9.80e-01	2.01e-02	5.37e-08
 8.31599e+16	9.80e-01	1.96e-02	5.94e-08
 8.31629e+16	9.81e-01	1.91e-02	6.57e-08
 8.31657e+16	9.81e-01	1.88e-02	7.16e-08
 8.31684e+16	9.82e-01	1.83e-02	8.10e-08
 8.31710e+16	9.82e-01	1.79e-02	9.04e-08
 8.31730e+16	9.82e-01	1.76e-02	9.82e-08
 8.31751e+16	9.83e-01	1.72e-02	1.10e-07
 8.31770e+16	9.83e-01	1.68e-02	1.23e-07
 8.31787e+16	9.83e-01	1.66e-02	1.33e-07
 8.31803e+16	9.84e-01	1.62e-02	1.50e-07
 8.31819e+16	9.84e-01	1.60e-02	1.65e-07
 8.31833e+16	9.84e-01	1.57e-02	1.86e-07
 8.31846e+16	9.85e-01	1.54e-02	2.03e-07
 8.31857e+16	9.85e-01	1.52e-02	2.28e-07
 8.31868e+16	9.85e-01	1.50e-02	2.49e-07
 8.31878e+16	9.85e-01	1.47e-02	2.81e-07
 8.31888e+16	9.85e-01	1.45e-02	3.07e-07
 8.31896e+16	9.86e-01	1.42e-02	3.47e-07
 8.31905e+16	9.86e-01	1.41e-02	3.82e-07
 8.31913e+16	9.86e-01	1.38e-02	4.40e-07
 8.31922e+16	9.86e-01	1.35e-02	5.06e-07
 8.31930e+16	9.87e-01	1.32e-02	5.88e-07
 8.31938e+16	9.87e-01	1.30e-02	6.98e-07
 8.31947e+16	9.87e-01	1.26e-02	8.50e-07
 8.31955e+16	9.88e-01	1.22e-02	1.11e-06
 8.31963e+16	9.88e-01	1.16e-02	1.57e-06
 8.31972e+16	9.97e-01	3.30e-03	2.07e-05
