#depth	He	He+	He+2
 2.95727e+12	7.27e-05	1.35e-01	8.65e-01
 1.77436e+13	7.28e-05	1.35e-01	8.65e-01
 7.68890e+13	7.32e-05	1.35e-01	8.65e-01
 3.13470e+14	7.50e-05	1.38e-01	8.62e-01
 7.48780e+14	7.77e-05	1.40e-01	8.60e-01
 1.31468e+15	8.20e-05	1.44e-01	8.55e-01
 2.05036e+15	8.88e-05	1.52e-01	8.48e-01
 3.00673e+15	9.97e-05	1.65e-01	8.35e-01
 4.25002e+15	1.18e-04	1.86e-01	8.14e-01
 5.57701e+15	1.43e-04	2.15e-01	7.84e-01
 6.71898e+15	1.74e-04	2.51e-01	7.49e-01
 7.67033e+15	2.09e-04	2.90e-01	7.10e-01
 8.50841e+15	2.49e-04	3.34e-01	6.66e-01
 9.31036e+15	3.02e-04	3.88e-01	6.12e-01
 1.00470e+16	3.59e-04	4.47e-01	5.53e-01
 1.06542e+16	4.15e-04	5.03e-01	4.96e-01
 1.11788e+16	4.69e-04	5.56e-01	4.43e-01
 1.17686e+16	5.40e-04	6.21e-01	3.79e-01
 1.24295e+16	6.24e-04	6.94e-01	3.06e-01
 1.30760e+16	7.07e-04	7.62e-01	2.38e-01
 1.38097e+16	7.98e-04	8.29e-01	1.70e-01
 1.47635e+16	8.98e-04	8.94e-01	1.05e-01
 1.60035e+16	9.97e-04	9.45e-01	5.36e-02
 1.75396e+16	1.08e-03	9.76e-01	2.33e-02
 1.92936e+16	1.14e-03	9.89e-01	9.51e-03
 2.12229e+16	1.20e-03	9.95e-01	3.85e-03
 2.33452e+16	1.27e-03	9.97e-01	1.55e-03
 2.56797e+16	1.33e-03	9.98e-01	6.22e-04
 2.82477e+16	1.43e-03	9.98e-01	2.45e-04
 3.10725e+16	1.52e-03	9.98e-01	9.72e-05
 3.41797e+16	1.63e-03	9.98e-01	4.02e-05
 3.65856e+16	1.72e-03	9.98e-01	2.27e-05
 3.78171e+16	1.78e-03	9.98e-01	1.73e-05
 3.88595e+16	1.83e-03	9.98e-01	1.37e-05
 4.02147e+16	1.89e-03	9.98e-01	1.02e-05
 4.19764e+16	1.97e-03	9.98e-01	7.19e-06
 4.37840e+16	2.07e-03	9.98e-01	5.21e-06
 4.51849e+16	2.16e-03	9.98e-01	4.14e-06
 4.63116e+16	2.23e-03	9.98e-01	3.45e-06
 4.75482e+16	2.32e-03	9.98e-01	2.82e-06
 4.91557e+16	2.43e-03	9.98e-01	2.21e-06
 5.08126e+16	2.57e-03	9.97e-01	1.76e-06
 5.20889e+16	2.68e-03	9.97e-01	1.50e-06
 5.31137e+16	2.79e-03	9.97e-01	1.31e-06
 5.42560e+16	2.91e-03	9.97e-01	1.13e-06
 5.57410e+16	3.07e-03	9.97e-01	9.39e-07
 5.72631e+16	3.27e-03	9.97e-01	7.89e-07
 5.84296e+16	3.45e-03	9.97e-01	6.96e-07
 5.93662e+16	3.60e-03	9.96e-01	6.29e-07
 6.04077e+16	3.78e-03	9.96e-01	5.60e-07
 6.17616e+16	4.04e-03	9.96e-01	4.83e-07
 6.31255e+16	4.36e-03	9.96e-01	4.21e-07
 6.41551e+16	4.64e-03	9.95e-01	3.81e-07
 6.49943e+16	4.89e-03	9.95e-01	3.51e-07
 6.59331e+16	5.19e-03	9.95e-01	3.18e-07
 6.71537e+16	5.65e-03	9.94e-01	2.82e-07
 6.83398e+16	6.19e-03	9.94e-01	2.52e-07
 6.91688e+16	6.64e-03	9.93e-01	2.34e-07
 6.98100e+16	7.03e-03	9.93e-01	2.20e-07
 7.05198e+16	7.52e-03	9.92e-01	2.05e-07
 7.14425e+16	8.24e-03	9.92e-01	1.87e-07
 7.23568e+16	9.11e-03	9.91e-01	1.71e-07
 7.30213e+16	9.89e-03	9.90e-01	1.61e-07
 7.35427e+16	1.06e-02	9.89e-01	1.53e-07
 7.41166e+16	1.15e-02	9.89e-01	1.44e-07
 7.48627e+16	1.28e-02	9.87e-01	1.33e-07
 7.55978e+16	1.45e-02	9.86e-01	1.23e-07
 7.61256e+16	1.60e-02	9.84e-01	1.17e-07
 7.65063e+16	1.73e-02	9.83e-01	1.12e-07
 7.68884e+16	1.88e-02	9.81e-01	1.07e-07
 7.73164e+16	2.07e-02	9.79e-01	1.02e-07
 7.76994e+16	2.28e-02	9.77e-01	9.77e-08
 7.80117e+16	2.49e-02	9.75e-01	9.41e-08
 7.82885e+16	2.70e-02	9.73e-01	9.09e-08
 7.85999e+16	2.98e-02	9.70e-01	8.71e-08
 7.89240e+16	3.33e-02	9.67e-01	8.35e-08
 7.91819e+16	3.67e-02	9.63e-01	8.07e-08
 7.93872e+16	3.98e-02	9.60e-01	7.85e-08
 7.96070e+16	4.39e-02	9.56e-01	7.58e-08
 7.98468e+16	4.90e-02	9.51e-01	7.32e-08
 8.00535e+16	5.45e-02	9.46e-01	7.10e-08
 8.02230e+16	5.98e-02	9.40e-01	6.91e-08
 8.04031e+16	6.65e-02	9.34e-01	6.70e-08
 8.05972e+16	7.50e-02	9.25e-01	6.50e-08
 8.07609e+16	8.39e-02	9.16e-01	6.33e-08
 8.08938e+16	9.25e-02	9.07e-01	6.19e-08
 8.10252e+16	1.03e-01	8.97e-01	6.05e-08
 8.11649e+16	1.15e-01	8.85e-01	5.91e-08
 8.12911e+16	1.28e-01	8.72e-01	5.80e-08
 8.13900e+16	1.41e-01	8.59e-01	5.70e-08
 8.14702e+16	1.52e-01	8.48e-01	5.63e-08
 8.15451e+16	1.64e-01	8.36e-01	5.56e-08
 8.16190e+16	1.78e-01	8.22e-01	5.49e-08
 8.16763e+16	1.88e-01	8.12e-01	5.45e-08
 8.17120e+16	1.96e-01	8.04e-01	5.42e-08
 8.17447e+16	2.03e-01	7.97e-01	5.37e-08
 8.17841e+16	2.13e-01	7.87e-01	5.33e-08
 8.18265e+16	2.23e-01	7.77e-01	5.30e-08
 8.18652e+16	2.34e-01	7.66e-01	5.27e-08
 8.18997e+16	2.43e-01	7.57e-01	5.24e-08
 8.19331e+16	2.53e-01	7.47e-01	5.21e-08
 8.19674e+16	2.64e-01	7.36e-01	5.18e-08
 8.20018e+16	2.75e-01	7.25e-01	5.15e-08
 8.20347e+16	2.86e-01	7.14e-01	5.12e-08
 8.20661e+16	2.98e-01	7.02e-01	5.09e-08
 8.20969e+16	3.10e-01	6.90e-01	5.06e-08
 8.21275e+16	3.22e-01	6.78e-01	5.03e-08
 8.21576e+16	3.34e-01	6.66e-01	5.01e-08
 8.21869e+16	3.47e-01	6.53e-01	4.98e-08
 8.22154e+16	3.60e-01	6.40e-01	4.95e-08
 8.22434e+16	3.73e-01	6.27e-01	4.92e-08
 8.22709e+16	3.86e-01	6.14e-01	4.88e-08
 8.22980e+16	4.00e-01	6.00e-01	4.85e-08
 8.23244e+16	4.14e-01	5.86e-01	4.82e-08
 8.23503e+16	4.28e-01	5.72e-01	4.79e-08
 8.23758e+16	4.42e-01	5.58e-01	4.75e-08
 8.24007e+16	4.56e-01	5.44e-01	4.72e-08
 8.24253e+16	4.71e-01	5.29e-01	4.68e-08
 8.24493e+16	4.85e-01	5.15e-01	4.64e-08
 8.24729e+16	5.00e-01	5.00e-01	4.60e-08
 8.24960e+16	5.14e-01	4.86e-01	4.56e-08
 8.25187e+16	5.29e-01	4.71e-01	4.52e-08
 8.25406e+16	5.43e-01	4.57e-01	4.48e-08
 8.25619e+16	5.57e-01	4.43e-01	4.43e-08
 8.25829e+16	5.72e-01	4.28e-01	4.38e-08
 8.26033e+16	5.85e-01	4.15e-01	4.34e-08
 8.26230e+16	5.99e-01	4.01e-01	4.29e-08
 8.26421e+16	6.12e-01	3.88e-01	4.24e-08
 8.26608e+16	6.25e-01	3.75e-01	4.19e-08
 8.26791e+16	6.38e-01	3.62e-01	4.14e-08
 8.26969e+16	6.51e-01	3.49e-01	4.09e-08
 8.27143e+16	6.63e-01	3.37e-01	4.04e-08
 8.27313e+16	6.75e-01	3.25e-01	3.98e-08
 8.27478e+16	6.86e-01	3.14e-01	3.93e-08
 8.27640e+16	6.98e-01	3.02e-01	3.87e-08
 8.27798e+16	7.09e-01	2.91e-01	3.82e-08
 8.27953e+16	7.20e-01	2.80e-01	3.76e-08
 8.28105e+16	7.30e-01	2.70e-01	3.71e-08
 8.28253e+16	7.40e-01	2.60e-01	3.65e-08
 8.28397e+16	7.50e-01	2.50e-01	3.59e-08
 8.28539e+16	7.60e-01	2.40e-01	3.53e-08
 8.28678e+16	7.69e-01	2.31e-01	3.47e-08
 8.28812e+16	7.78e-01	2.22e-01	3.41e-08
 8.28944e+16	7.86e-01	2.14e-01	3.35e-08
 8.29075e+16	7.95e-01	2.05e-01	3.29e-08
 8.29203e+16	8.03e-01	1.97e-01	3.23e-08
 8.29326e+16	8.11e-01	1.89e-01	3.17e-08
 8.29448e+16	8.19e-01	1.81e-01	3.11e-08
 8.29568e+16	8.26e-01	1.74e-01	3.05e-08
 8.29683e+16	8.33e-01	1.67e-01	2.98e-08
 8.29797e+16	8.40e-01	1.60e-01	2.92e-08
 8.29908e+16	8.46e-01	1.54e-01	2.86e-08
 8.30017e+16	8.53e-01	1.47e-01	2.80e-08
 8.30123e+16	8.59e-01	1.41e-01	2.73e-08
 8.30226e+16	8.64e-01	1.36e-01	2.67e-08
 8.30327e+16	8.70e-01	1.30e-01	2.60e-08
 8.30426e+16	8.75e-01	1.25e-01	2.54e-08
 8.30523e+16	8.81e-01	1.19e-01	2.47e-08
 8.30617e+16	8.86e-01	1.14e-01	2.41e-08
 8.30707e+16	8.91e-01	1.09e-01	2.35e-08
 8.30794e+16	8.95e-01	1.05e-01	2.28e-08
 8.30880e+16	9.00e-01	1.00e-01	2.22e-08
 8.30964e+16	9.04e-01	9.61e-02	2.15e-08
 8.31044e+16	9.08e-01	9.21e-02	2.09e-08
 8.31118e+16	9.12e-01	8.84e-02	2.03e-08
 8.31186e+16	9.15e-01	8.50e-02	1.97e-08
 8.31248e+16	9.18e-01	8.18e-02	1.91e-08
 8.31305e+16	9.21e-01	7.90e-02	1.85e-08
 8.31357e+16	9.24e-01	7.63e-02	1.80e-08
 8.31407e+16	9.26e-01	7.38e-02	1.75e-08
 8.31453e+16	9.28e-01	7.15e-02	1.70e-08
 8.31494e+16	9.31e-01	6.94e-02	1.66e-08
 8.31532e+16	9.33e-01	6.74e-02	1.61e-08
 8.31567e+16	9.34e-01	6.56e-02	1.57e-08
 8.31599e+16	9.36e-01	6.39e-02	1.53e-08
 8.31629e+16	9.38e-01	6.24e-02	1.49e-08
 8.31657e+16	9.39e-01	6.10e-02	1.47e-08
 8.31684e+16	9.41e-01	5.94e-02	1.42e-08
 8.31710e+16	9.42e-01	5.80e-02	1.39e-08
 8.31730e+16	9.43e-01	5.70e-02	1.36e-08
 8.31751e+16	9.44e-01	5.57e-02	1.32e-08
 8.31770e+16	9.45e-01	5.45e-02	1.29e-08
 8.31787e+16	9.46e-01	5.37e-02	1.27e-08
 8.31803e+16	9.47e-01	5.25e-02	1.24e-08
 8.31819e+16	9.48e-01	5.17e-02	1.22e-08
 8.31833e+16	9.49e-01	5.07e-02	1.18e-08
 8.31846e+16	9.50e-01	5.00e-02	1.16e-08
 8.31857e+16	9.51e-01	4.91e-02	1.13e-08
 8.31868e+16	9.52e-01	4.85e-02	1.12e-08
 8.31878e+16	9.52e-01	4.76e-02	1.09e-08
 8.31888e+16	9.53e-01	4.70e-02	1.07e-08
 8.31896e+16	9.54e-01	4.62e-02	1.05e-08
 8.31905e+16	9.54e-01	4.57e-02	1.03e-08
 8.31913e+16	9.55e-01	4.48e-02	9.99e-09
 8.31922e+16	9.56e-01	4.41e-02	9.73e-09
 8.31930e+16	9.57e-01	4.33e-02	9.46e-09
 8.31938e+16	9.58e-01	4.24e-02	9.17e-09
 8.31947e+16	9.58e-01	4.15e-02	8.83e-09
 8.31955e+16	9.60e-01	4.03e-02	8.37e-09
 8.31963e+16	9.61e-01	3.87e-02	7.77e-09
 8.31972e+16	9.86e-01	1.39e-02	9.35e-10
