#depth	O	O+	O+2	O+3	O+4	O+5	O+6	O+7	O+8	O[1]	O[2]	O[3]
 7.69229e+10	7.35e-05	6.31e-02	9.37e-01	1.48e-04	0.00e+00	0.00e+00	0.00e+00	0.00e+00	0.00e+00	4.91e-05	1.70e-05	7.36e-06
 4.61537e+11	7.36e-05	6.31e-02	9.37e-01	1.47e-04	0.00e+00	0.00e+00	0.00e+00	0.00e+00	0.00e+00	4.92e-05	1.71e-05	7.37e-06
 1.99999e+12	7.42e-05	6.34e-02	9.36e-01	1.45e-04	0.00e+00	0.00e+00	0.00e+00	0.00e+00	0.00e+00	4.95e-05	1.72e-05	7.43e-06
 8.15382e+12	7.65e-05	6.43e-02	9.36e-01	1.35e-04	0.00e+00	0.00e+00	0.00e+00	0.00e+00	0.00e+00	5.11e-05	1.77e-05	7.68e-06
 1.94769e+13	7.87e-05	6.55e-02	9.34e-01	1.22e-04	0.00e+00	0.00e+00	0.00e+00	0.00e+00	0.00e+00	5.25e-05	1.83e-05	7.93e-06
 3.41968e+13	8.27e-05	6.72e-02	9.33e-01	1.06e-04	0.00e+00	0.00e+00	0.00e+00	0.00e+00	0.00e+00	5.52e-05	1.92e-05	8.34e-06
 5.33328e+13	8.88e-05	6.96e-02	9.30e-01	8.83e-05	0.00e+00	0.00e+00	0.00e+00	0.00e+00	0.00e+00	5.92e-05	2.06e-05	8.95e-06
 7.82095e+13	9.79e-05	7.29e-02	9.27e-01	6.95e-05	0.00e+00	0.00e+00	0.00e+00	0.00e+00	0.00e+00	6.54e-05	2.27e-05	9.86e-06
 1.10549e+14	1.12e-04	7.76e-02	9.22e-01	5.07e-05	0.00e+00	0.00e+00	0.00e+00	0.00e+00	0.00e+00	7.49e-05	2.59e-05	1.13e-05
 1.52591e+14	1.34e-04	8.44e-02	9.15e-01	3.36e-05	0.00e+00	0.00e+00	0.00e+00	0.00e+00	0.00e+00	8.98e-05	3.10e-05	1.35e-05
 1.99945e+14	1.62e-04	9.25e-02	9.07e-01	2.14e-05	0.00e+00	0.00e+00	0.00e+00	0.00e+00	0.00e+00	1.09e-04	3.73e-05	1.62e-05
 2.45536e+14	1.96e-04	1.01e-01	8.98e-01	1.38e-05	0.00e+00	0.00e+00	0.00e+00	0.00e+00	0.00e+00	1.31e-04	4.48e-05	1.95e-05
 2.88526e+14	2.34e-04	1.11e-01	8.89e-01	9.15e-06	0.00e+00	0.00e+00	0.00e+00	0.00e+00	0.00e+00	1.57e-04	5.35e-05	2.33e-05
 3.30219e+14	2.80e-04	1.21e-01	8.79e-01	6.11e-06	0.00e+00	0.00e+00	0.00e+00	0.00e+00	0.00e+00	1.89e-04	6.38e-05	2.78e-05
 3.71249e+14	3.39e-04	1.34e-01	8.65e-01	4.10e-06	0.00e+00	0.00e+00	0.00e+00	0.00e+00	0.00e+00	2.28e-04	7.68e-05	3.34e-05
 4.10646e+14	4.06e-04	1.48e-01	8.51e-01	2.79e-06	0.00e+00	0.00e+00	0.00e+00	0.00e+00	0.00e+00	2.74e-04	9.18e-05	4.00e-05
 4.48296e+14	4.84e-04	1.64e-01	8.36e-01	1.93e-06	0.00e+00	0.00e+00	0.00e+00	0.00e+00	0.00e+00	3.28e-04	1.09e-04	4.75e-05
 4.91028e+14	5.97e-04	1.84e-01	8.16e-01	1.25e-06	0.00e+00	0.00e+00	0.00e+00	0.00e+00	0.00e+00	4.05e-04	1.34e-04	5.83e-05
 5.34987e+14	7.30e-04	2.06e-01	7.93e-01	8.15e-07	0.00e+00	0.00e+00	0.00e+00	0.00e+00	0.00e+00	4.96e-04	1.63e-04	7.10e-05
 5.71761e+14	8.65e-04	2.28e-01	7.71e-01	5.69e-07	0.00e+00	0.00e+00	0.00e+00	0.00e+00	0.00e+00	5.88e-04	1.93e-04	8.40e-05
 6.10788e+14	1.05e-03	2.55e-01	7.44e-01	3.79e-07	0.00e+00	0.00e+00	0.00e+00	0.00e+00	0.00e+00	7.13e-04	2.33e-04	1.01e-04
 6.52548e+14	1.27e-03	2.86e-01	7.13e-01	2.50e-07	0.00e+00	0.00e+00	0.00e+00	0.00e+00	0.00e+00	8.66e-04	2.82e-04	1.23e-04
 6.89522e+14	1.51e-03	3.16e-01	6.82e-01	1.72e-07	0.00e+00	0.00e+00	0.00e+00	0.00e+00	0.00e+00	1.03e-03	3.34e-04	1.45e-04
 7.29247e+14	1.83e-03	3.54e-01	6.44e-01	0.00e+00	0.00e+00	0.00e+00	0.00e+00	0.00e+00	0.00e+00	1.25e-03	4.03e-04	1.75e-04
 7.71187e+14	2.21e-03	3.97e-01	6.01e-01	0.00e+00	0.00e+00	0.00e+00	0.00e+00	0.00e+00	0.00e+00	1.51e-03	4.88e-04	2.12e-04
 8.07514e+14	2.61e-03	4.38e-01	5.60e-01	0.00e+00	0.00e+00	0.00e+00	0.00e+00	0.00e+00	0.00e+00	1.79e-03	5.74e-04	2.49e-04
 8.46247e+14	3.13e-03	4.86e-01	5.11e-01	0.00e+00	0.00e+00	0.00e+00	0.00e+00	0.00e+00	0.00e+00	2.14e-03	6.87e-04	2.98e-04
 8.87666e+14	3.74e-03	5.38e-01	4.58e-01	0.00e+00	0.00e+00	0.00e+00	0.00e+00	0.00e+00	0.00e+00	2.57e-03	8.20e-04	3.55e-04
 9.24509e+14	4.37e-03	5.86e-01	4.09e-01	0.00e+00	0.00e+00	0.00e+00	0.00e+00	0.00e+00	0.00e+00	3.00e-03	9.56e-04	4.14e-04
 9.64335e+14	5.17e-03	6.40e-01	3.55e-01	0.00e+00	0.00e+00	0.00e+00	0.00e+00	0.00e+00	0.00e+00	3.55e-03	1.13e-03	4.89e-04
 1.00703e+15	6.10e-03	6.95e-01	2.99e-01	0.00e+00	0.00e+00	0.00e+00	0.00e+00	0.00e+00	0.00e+00	4.20e-03	1.33e-03	5.75e-04
 1.04506e+15	7.02e-03	7.41e-01	2.52e-01	0.00e+00	0.00e+00	0.00e+00	0.00e+00	0.00e+00	0.00e+00	4.83e-03	1.53e-03	6.60e-04
 1.08611e+15	8.12e-03	7.87e-01	2.04e-01	0.00e+00	0.00e+00	0.00e+00	0.00e+00	0.00e+00	0.00e+00	5.59e-03	1.76e-03	7.61e-04
 1.13104e+15	9.39e-03	8.30e-01	1.60e-01	0.00e+00	0.00e+00	0.00e+00	0.00e+00	0.00e+00	0.00e+00	6.48e-03	2.03e-03	8.78e-04
 1.17238e+15	1.07e-02	8.64e-01	1.26e-01	0.00e+00	0.00e+00	0.00e+00	0.00e+00	0.00e+00	0.00e+00	7.37e-03	2.30e-03	9.93e-04
 1.21750e+15	1.22e-02	8.93e-01	9.45e-02	0.00e+00	0.00e+00	0.00e+00	0.00e+00	0.00e+00	0.00e+00	8.43e-03	2.62e-03	1.13e-03
 1.26707e+15	1.40e-02	9.17e-01	6.85e-02	0.00e+00	0.00e+00	0.00e+00	0.00e+00	0.00e+00	0.00e+00	9.67e-03	3.00e-03	1.29e-03
 1.31320e+15	1.58e-02	9.34e-01	5.03e-02	0.00e+00	0.00e+00	0.00e+00	0.00e+00	0.00e+00	0.00e+00	1.10e-02	3.38e-03	1.45e-03
 1.36392e+15	1.80e-02	9.47e-01	3.54e-02	0.00e+00	0.00e+00	0.00e+00	0.00e+00	0.00e+00	0.00e+00	1.25e-02	3.83e-03	1.65e-03
 1.42118e+15	2.07e-02	9.55e-01	2.38e-02	0.00e+00	0.00e+00	0.00e+00	0.00e+00	0.00e+00	0.00e+00	1.44e-02	4.41e-03	1.89e-03
 1.47740e+15	2.38e-02	9.60e-01	1.61e-02	0.00e+00	0.00e+00	0.00e+00	0.00e+00	0.00e+00	0.00e+00	1.66e-02	5.06e-03	2.17e-03
 1.52670e+15	2.69e-02	9.62e-01	1.15e-02	0.00e+00	0.00e+00	0.00e+00	0.00e+00	0.00e+00	0.00e+00	1.88e-02	5.70e-03	2.45e-03
 1.56470e+15	2.96e-02	9.62e-01	8.81e-03	0.00e+00	0.00e+00	0.00e+00	0.00e+00	0.00e+00	0.00e+00	2.06e-02	6.26e-03	2.69e-03
 1.59961e+15	3.22e-02	9.61e-01	6.89e-03	0.00e+00	0.00e+00	0.00e+00	0.00e+00	0.00e+00	0.00e+00	2.24e-02	6.81e-03	2.92e-03
 1.64234e+15	3.55e-02	9.59e-01	5.10e-03	0.00e+00	0.00e+00	0.00e+00	0.00e+00	0.00e+00	0.00e+00	2.48e-02	7.52e-03	3.23e-03
 1.69789e+15	4.02e-02	9.56e-01	3.48e-03	0.00e+00	0.00e+00	0.00e+00	0.00e+00	0.00e+00	0.00e+00	2.80e-02	8.53e-03	3.67e-03
 1.75353e+15	4.61e-02	9.51e-01	2.39e-03	0.00e+00	0.00e+00	0.00e+00	0.00e+00	0.00e+00	0.00e+00	3.21e-02	9.79e-03	4.21e-03
 1.79682e+15	5.14e-02	9.47e-01	1.77e-03	0.00e+00	0.00e+00	0.00e+00	0.00e+00	0.00e+00	0.00e+00	3.58e-02	1.09e-02	4.71e-03
 1.84065e+15	5.69e-02	9.42e-01	1.30e-03	0.00e+00	0.00e+00	0.00e+00	0.00e+00	0.00e+00	0.00e+00	3.96e-02	1.21e-02	5.24e-03
 1.88991e+15	6.43e-02	9.35e-01	9.17e-04	0.00e+00	0.00e+00	0.00e+00	0.00e+00	0.00e+00	0.00e+00	4.46e-02	1.37e-02	5.94e-03
 1.93613e+15	7.25e-02	9.27e-01	6.55e-04	0.00e+00	0.00e+00	0.00e+00	0.00e+00	0.00e+00	0.00e+00	5.03e-02	1.55e-02	6.74e-03
 1.97804e+15	8.12e-02	9.18e-01	4.78e-04	0.00e+00	0.00e+00	0.00e+00	0.00e+00	0.00e+00	0.00e+00	5.62e-02	1.74e-02	7.58e-03
 2.01973e+15	9.10e-02	9.09e-01	3.45e-04	0.00e+00	0.00e+00	0.00e+00	0.00e+00	0.00e+00	0.00e+00	6.29e-02	1.96e-02	8.53e-03
 2.06216e+15	1.03e-01	8.97e-01	2.45e-04	0.00e+00	0.00e+00	0.00e+00	0.00e+00	0.00e+00	0.00e+00	7.10e-02	2.22e-02	9.69e-03
 2.10251e+15	1.17e-01	8.83e-01	1.73e-04	0.00e+00	0.00e+00	0.00e+00	0.00e+00	0.00e+00	0.00e+00	8.03e-02	2.52e-02	1.10e-02
 2.14028e+15	1.32e-01	8.68e-01	1.23e-04	0.00e+00	0.00e+00	0.00e+00	0.00e+00	0.00e+00	0.00e+00	9.07e-02	2.85e-02	1.25e-02
 2.17636e+15	1.49e-01	8.51e-01	8.67e-05	0.00e+00	0.00e+00	0.00e+00	0.00e+00	0.00e+00	0.00e+00	1.03e-01	3.22e-02	1.42e-02
 2.21142e+15	1.69e-01	8.31e-01	6.06e-05	0.00e+00	0.00e+00	0.00e+00	0.00e+00	0.00e+00	0.00e+00	1.16e-01	3.65e-02	1.62e-02
 2.24571e+15	1.92e-01	8.08e-01	4.18e-05	0.00e+00	0.00e+00	0.00e+00	0.00e+00	0.00e+00	0.00e+00	1.32e-01	4.15e-02	1.84e-02
 2.27942e+15	2.20e-01	7.80e-01	2.84e-05	0.00e+00	0.00e+00	0.00e+00	0.00e+00	0.00e+00	0.00e+00	1.51e-01	4.72e-02	2.11e-02
 2.31248e+15	2.52e-01	7.48e-01	1.89e-05	0.00e+00	0.00e+00	0.00e+00	0.00e+00	0.00e+00	0.00e+00	1.74e-01	5.39e-02	2.42e-02
 2.34420e+15	2.89e-01	7.11e-01	1.25e-05	0.00e+00	0.00e+00	0.00e+00	0.00e+00	0.00e+00	0.00e+00	2.00e-01	6.14e-02	2.78e-02
 2.37213e+15	3.29e-01	6.71e-01	8.52e-06	0.00e+00	0.00e+00	0.00e+00	0.00e+00	0.00e+00	0.00e+00	2.28e-01	6.90e-02	3.15e-02
 2.39390e+15	3.64e-01	6.36e-01	6.20e-06	0.00e+00	0.00e+00	0.00e+00	0.00e+00	0.00e+00	0.00e+00	2.54e-01	7.57e-02	3.48e-02
 2.41051e+15	3.94e-01	6.06e-01	4.82e-06	0.00e+00	0.00e+00	0.00e+00	0.00e+00	0.00e+00	0.00e+00	2.76e-01	8.11e-02	3.76e-02
 2.42492e+15	4.22e-01	5.78e-01	3.84e-06	0.00e+00	0.00e+00	0.00e+00	0.00e+00	0.00e+00	0.00e+00	2.96e-01	8.58e-02	4.00e-02
 2.43868e+15	4.49e-01	5.51e-01	3.08e-06	0.00e+00	0.00e+00	0.00e+00	0.00e+00	0.00e+00	0.00e+00	3.16e-01	9.04e-02	4.25e-02
 2.45149e+15	4.75e-01	5.25e-01	2.50e-06	0.00e+00	0.00e+00	0.00e+00	0.00e+00	0.00e+00	0.00e+00	3.36e-01	9.46e-02	4.47e-02
 2.46271e+15	5.00e-01	5.00e-01	2.07e-06	0.00e+00	0.00e+00	0.00e+00	0.00e+00	0.00e+00	0.00e+00	3.55e-01	9.83e-02	4.68e-02
 2.47253e+15	5.22e-01	4.78e-01	1.75e-06	0.00e+00	0.00e+00	0.00e+00	0.00e+00	0.00e+00	0.00e+00	3.71e-01	1.02e-01	4.86e-02
 2.48180e+15	5.43e-01	4.57e-01	1.49e-06	0.00e+00	0.00e+00	0.00e+00	0.00e+00	0.00e+00	0.00e+00	3.88e-01	1.04e-01	5.03e-02
 2.49077e+15	5.63e-01	4.37e-01	1.27e-06	0.00e+00	0.00e+00	0.00e+00	0.00e+00	0.00e+00	0.00e+00	4.04e-01	1.07e-01	5.20e-02
 2.49932e+15	5.84e-01	4.16e-01	1.09e-06	0.00e+00	0.00e+00	0.00e+00	0.00e+00	0.00e+00	0.00e+00	4.21e-01	1.10e-01	5.35e-02
 2.50606e+15	5.99e-01	4.01e-01	9.67e-07	0.00e+00	0.00e+00	0.00e+00	0.00e+00	0.00e+00	0.00e+00	4.33e-01	1.11e-01	5.47e-02
 2.51079e+15	6.10e-01	3.90e-01	8.87e-07	0.00e+00	0.00e+00	0.00e+00	0.00e+00	0.00e+00	0.00e+00	4.42e-01	1.13e-01	5.55e-02
 2.51527e+15	6.21e-01	3.79e-01	8.15e-07	0.00e+00	0.00e+00	0.00e+00	0.00e+00	0.00e+00	0.00e+00	4.51e-01	1.14e-01	5.62e-02
 2.52028e+15	6.32e-01	3.68e-01	7.42e-07	0.00e+00	0.00e+00	0.00e+00	0.00e+00	0.00e+00	0.00e+00	4.60e-01	1.15e-01	5.70e-02
 2.52566e+15	6.45e-01	3.55e-01	6.69e-07	0.00e+00	0.00e+00	0.00e+00	0.00e+00	0.00e+00	0.00e+00	4.71e-01	1.16e-01	5.79e-02
 2.53088e+15	6.57e-01	3.43e-01	6.07e-07	0.00e+00	0.00e+00	0.00e+00	0.00e+00	0.00e+00	0.00e+00	4.82e-01	1.17e-01	5.87e-02
 2.53579e+15	6.69e-01	3.31e-01	5.53e-07	0.00e+00	0.00e+00	0.00e+00	0.00e+00	0.00e+00	0.00e+00	4.91e-01	1.18e-01	5.94e-02
 2.54067e+15	6.80e-01	3.20e-01	5.03e-07	0.00e+00	0.00e+00	0.00e+00	0.00e+00	0.00e+00	0.00e+00	5.01e-01	1.19e-01	6.01e-02
 2.54557e+15	6.91e-01	3.09e-01	4.57e-07	0.00e+00	0.00e+00	0.00e+00	0.00e+00	0.00e+00	0.00e+00	5.11e-01	1.20e-01	6.07e-02
 2.55043e+15	7.02e-01	2.98e-01	4.16e-07	0.00e+00	0.00e+00	0.00e+00	0.00e+00	0.00e+00	0.00e+00	5.21e-01	1.20e-01	6.13e-02
 2.55523e+15	7.13e-01	2.87e-01	3.79e-07	0.00e+00	0.00e+00	0.00e+00	0.00e+00	0.00e+00	0.00e+00	5.30e-01	1.21e-01	6.19e-02
 2.55999e+15	7.23e-01	2.77e-01	3.45e-07	0.00e+00	0.00e+00	0.00e+00	0.00e+00	0.00e+00	0.00e+00	5.40e-01	1.21e-01	6.24e-02
 2.56471e+15	7.34e-01	2.66e-01	3.14e-07	0.00e+00	0.00e+00	0.00e+00	0.00e+00	0.00e+00	0.00e+00	5.49e-01	1.22e-01	6.29e-02
 2.56939e+15	7.44e-01	2.56e-01	2.86e-07	0.00e+00	0.00e+00	0.00e+00	0.00e+00	0.00e+00	0.00e+00	5.58e-01	1.22e-01	6.33e-02
 2.57404e+15	7.53e-01	2.47e-01	2.61e-07	0.00e+00	0.00e+00	0.00e+00	0.00e+00	0.00e+00	0.00e+00	5.67e-01	1.22e-01	6.37e-02
 2.57866e+15	7.63e-01	2.37e-01	2.38e-07	0.00e+00	0.00e+00	0.00e+00	0.00e+00	0.00e+00	0.00e+00	5.76e-01	1.22e-01	6.41e-02
 2.58324e+15	7.72e-01	2.28e-01	2.17e-07	0.00e+00	0.00e+00	0.00e+00	0.00e+00	0.00e+00	0.00e+00	5.85e-01	1.22e-01	6.44e-02
 2.58779e+15	7.81e-01	2.19e-01	1.98e-07	0.00e+00	0.00e+00	0.00e+00	0.00e+00	0.00e+00	0.00e+00	5.94e-01	1.22e-01	6.47e-02
 2.59231e+15	7.90e-01	2.10e-01	1.80e-07	0.00e+00	0.00e+00	0.00e+00	0.00e+00	0.00e+00	0.00e+00	6.03e-01	1.22e-01	6.49e-02
 2.59681e+15	7.98e-01	2.02e-01	1.65e-07	0.00e+00	0.00e+00	0.00e+00	0.00e+00	0.00e+00	0.00e+00	6.11e-01	1.22e-01	6.51e-02
 2.60128e+15	8.06e-01	1.94e-01	1.50e-07	0.00e+00	0.00e+00	0.00e+00	0.00e+00	0.00e+00	0.00e+00	6.19e-01	1.22e-01	6.52e-02
 2.60572e+15	8.14e-01	1.86e-01	1.37e-07	0.00e+00	0.00e+00	0.00e+00	0.00e+00	0.00e+00	0.00e+00	6.27e-01	1.22e-01	6.53e-02
 2.61013e+15	8.22e-01	1.78e-01	1.25e-07	0.00e+00	0.00e+00	0.00e+00	0.00e+00	0.00e+00	0.00e+00	6.35e-01	1.21e-01	6.54e-02
 2.61447e+15	8.29e-01	1.71e-01	1.15e-07	0.00e+00	0.00e+00	0.00e+00	0.00e+00	0.00e+00	0.00e+00	6.43e-01	1.21e-01	6.55e-02
 2.61873e+15	8.36e-01	1.64e-01	1.05e-07	0.00e+00	0.00e+00	0.00e+00	0.00e+00	0.00e+00	0.00e+00	6.51e-01	1.20e-01	6.55e-02
 2.62292e+15	8.43e-01	1.57e-01	9.64e-08	0.00e+00	0.00e+00	0.00e+00	0.00e+00	0.00e+00	0.00e+00	6.58e-01	1.20e-01	6.54e-02
 2.62706e+15	8.49e-01	1.51e-01	8.85e-08	0.00e+00	0.00e+00	0.00e+00	0.00e+00	0.00e+00	0.00e+00	6.65e-01	1.19e-01	6.54e-02
 2.63115e+15	8.56e-01	1.44e-01	8.14e-08	0.00e+00	0.00e+00	0.00e+00	0.00e+00	0.00e+00	0.00e+00	6.71e-01	1.19e-01	6.53e-02
 2.63519e+15	8.61e-01	1.39e-01	7.48e-08	0.00e+00	0.00e+00	0.00e+00	0.00e+00	0.00e+00	0.00e+00	6.78e-01	1.18e-01	6.52e-02
 2.63919e+15	8.67e-01	1.33e-01	6.89e-08	0.00e+00	0.00e+00	0.00e+00	0.00e+00	0.00e+00	0.00e+00	6.84e-01	1.18e-01	6.51e-02
 2.64314e+15	8.72e-01	1.28e-01	6.35e-08	0.00e+00	0.00e+00	0.00e+00	0.00e+00	0.00e+00	0.00e+00	6.90e-01	1.17e-01	6.50e-02
 2.64706e+15	8.78e-01	1.22e-01	5.86e-08	0.00e+00	0.00e+00	0.00e+00	0.00e+00	0.00e+00	0.00e+00	6.96e-01	1.16e-01	6.48e-02
 2.65093e+15	8.83e-01	1.17e-01	5.40e-08	0.00e+00	0.00e+00	0.00e+00	0.00e+00	0.00e+00	0.00e+00	7.02e-01	1.16e-01	6.46e-02
 2.65476e+15	8.87e-01	1.13e-01	4.99e-08	0.00e+00	0.00e+00	0.00e+00	0.00e+00	0.00e+00	0.00e+00	7.08e-01	1.15e-01	6.45e-02
 2.65855e+15	8.92e-01	1.08e-01	4.62e-08	0.00e+00	0.00e+00	0.00e+00	0.00e+00	0.00e+00	0.00e+00	7.13e-01	1.14e-01	6.43e-02
 2.66231e+15	8.96e-01	1.04e-01	4.27e-08	0.00e+00	0.00e+00	0.00e+00	0.00e+00	0.00e+00	0.00e+00	7.18e-01	1.14e-01	6.40e-02
 2.66605e+15	9.00e-01	9.96e-02	3.95e-08	0.00e+00	0.00e+00	0.00e+00	0.00e+00	0.00e+00	0.00e+00	7.23e-01	1.13e-01	6.38e-02
 2.66976e+15	9.04e-01	9.56e-02	3.66e-08	0.00e+00	0.00e+00	0.00e+00	0.00e+00	0.00e+00	0.00e+00	7.28e-01	1.12e-01	6.36e-02
 2.67344e+15	9.08e-01	9.17e-02	3.39e-08	0.00e+00	0.00e+00	0.00e+00	0.00e+00	0.00e+00	0.00e+00	7.33e-01	1.12e-01	6.34e-02
 2.67709e+15	9.12e-01	8.81e-02	3.15e-08	0.00e+00	0.00e+00	0.00e+00	0.00e+00	0.00e+00	0.00e+00	7.38e-01	1.11e-01	6.31e-02
 2.68071e+15	9.15e-01	8.46e-02	2.92e-08	0.00e+00	0.00e+00	0.00e+00	0.00e+00	0.00e+00	0.00e+00	7.42e-01	1.10e-01	6.29e-02
 2.68428e+15	9.19e-01	8.12e-02	2.71e-08	0.00e+00	0.00e+00	0.00e+00	0.00e+00	0.00e+00	0.00e+00	7.47e-01	1.10e-01	6.26e-02
 2.68786e+15	9.22e-01	7.79e-02	2.52e-08	0.00e+00	0.00e+00	0.00e+00	0.00e+00	0.00e+00	0.00e+00	7.51e-01	1.09e-01	6.24e-02
 2.69144e+15	9.25e-01	7.48e-02	2.34e-08	0.00e+00	0.00e+00	0.00e+00	0.00e+00	0.00e+00	0.00e+00	7.55e-01	1.08e-01	6.21e-02
 2.69499e+15	9.28e-01	7.18e-02	2.17e-08	0.00e+00	0.00e+00	0.00e+00	0.00e+00	0.00e+00	0.00e+00	7.59e-01	1.08e-01	6.18e-02
 2.69850e+15	9.31e-01	6.89e-02	2.02e-08	0.00e+00	0.00e+00	0.00e+00	0.00e+00	0.00e+00	0.00e+00	7.63e-01	1.07e-01	6.16e-02
 2.70198e+15	9.34e-01	6.61e-02	1.88e-08	0.00e+00	0.00e+00	0.00e+00	0.00e+00	0.00e+00	0.00e+00	7.66e-01	1.06e-01	6.13e-02
 2.70545e+15	9.37e-01	6.35e-02	1.75e-08	0.00e+00	0.00e+00	0.00e+00	0.00e+00	0.00e+00	0.00e+00	7.70e-01	1.06e-01	6.10e-02
 2.70890e+15	9.39e-01	6.10e-02	1.63e-08	0.00e+00	0.00e+00	0.00e+00	0.00e+00	0.00e+00	0.00e+00	7.73e-01	1.05e-01	6.08e-02
 2.71233e+15	9.41e-01	5.85e-02	1.52e-08	0.00e+00	0.00e+00	0.00e+00	0.00e+00	0.00e+00	0.00e+00	7.77e-01	1.04e-01	6.05e-02
 2.71573e+15	9.44e-01	5.62e-02	1.42e-08	0.00e+00	0.00e+00	0.00e+00	0.00e+00	0.00e+00	0.00e+00	7.80e-01	1.04e-01	6.02e-02
 2.71911e+15	9.46e-01	5.39e-02	1.32e-08	0.00e+00	0.00e+00	0.00e+00	0.00e+00	0.00e+00	0.00e+00	7.83e-01	1.03e-01	6.00e-02
 2.72248e+15	9.48e-01	5.17e-02	1.24e-08	0.00e+00	0.00e+00	0.00e+00	0.00e+00	0.00e+00	0.00e+00	7.86e-01	1.03e-01	5.97e-02
 2.72586e+15	9.50e-01	4.97e-02	1.15e-08	0.00e+00	0.00e+00	0.00e+00	0.00e+00	0.00e+00	0.00e+00	7.89e-01	1.02e-01	5.94e-02
 2.72920e+15	9.52e-01	4.77e-02	1.08e-08	0.00e+00	0.00e+00	0.00e+00	0.00e+00	0.00e+00	0.00e+00	7.92e-01	1.01e-01	5.92e-02
 2.73250e+15	9.54e-01	4.57e-02	1.01e-08	0.00e+00	0.00e+00	0.00e+00	0.00e+00	0.00e+00	0.00e+00	7.95e-01	1.01e-01	5.89e-02
 2.73580e+15	9.56e-01	4.39e-02	9.43e-09	0.00e+00	0.00e+00	0.00e+00	0.00e+00	0.00e+00	0.00e+00	7.97e-01	1.00e-01	5.86e-02
 2.73905e+15	9.58e-01	4.22e-02	8.83e-09	0.00e+00	0.00e+00	0.00e+00	0.00e+00	0.00e+00	0.00e+00	8.00e-01	9.96e-02	5.84e-02
 2.74224e+15	9.60e-01	4.05e-02	8.27e-09	0.00e+00	0.00e+00	0.00e+00	0.00e+00	0.00e+00	0.00e+00	8.02e-01	9.91e-02	5.81e-02
 2.74542e+15	9.61e-01	3.89e-02	7.75e-09	0.00e+00	0.00e+00	0.00e+00	0.00e+00	0.00e+00	0.00e+00	8.05e-01	9.85e-02	5.78e-02
 2.74854e+15	9.63e-01	3.73e-02	7.28e-09	0.00e+00	0.00e+00	0.00e+00	0.00e+00	0.00e+00	0.00e+00	8.07e-01	9.80e-02	5.75e-02
 2.75143e+15	9.64e-01	3.59e-02	6.88e-09	0.00e+00	0.00e+00	0.00e+00	0.00e+00	0.00e+00	0.00e+00	8.09e-01	9.74e-02	5.73e-02
 2.75403e+15	9.65e-01	3.47e-02	6.53e-09	0.00e+00	0.00e+00	0.00e+00	0.00e+00	0.00e+00	0.00e+00	8.11e-01	9.70e-02	5.71e-02
 2.75640e+15	9.66e-01	3.36e-02	6.23e-09	0.00e+00	0.00e+00	0.00e+00	0.00e+00	0.00e+00	0.00e+00	8.13e-01	9.66e-02	5.68e-02
 2.75865e+15	9.67e-01	3.26e-02	5.95e-09	0.00e+00	0.00e+00	0.00e+00	0.00e+00	0.00e+00	0.00e+00	8.15e-01	9.62e-02	5.66e-02
 2.76079e+15	9.68e-01	3.16e-02	5.70e-09	0.00e+00	0.00e+00	0.00e+00	0.00e+00	0.00e+00	0.00e+00	8.16e-01	9.58e-02	5.64e-02
 2.76283e+15	9.69e-01	3.07e-02	5.47e-09	0.00e+00	0.00e+00	0.00e+00	0.00e+00	0.00e+00	0.00e+00	8.18e-01	9.54e-02	5.62e-02
 2.76476e+15	9.70e-01	2.99e-02	5.27e-09	0.00e+00	0.00e+00	0.00e+00	0.00e+00	0.00e+00	0.00e+00	8.19e-01	9.51e-02	5.61e-02
 2.76658e+15	9.71e-01	2.91e-02	5.08e-09	0.00e+00	0.00e+00	0.00e+00	0.00e+00	0.00e+00	0.00e+00	8.20e-01	9.47e-02	5.59e-02
 2.76831e+15	9.72e-01	2.84e-02	4.90e-09	0.00e+00	0.00e+00	0.00e+00	0.00e+00	0.00e+00	0.00e+00	8.21e-01	9.44e-02	5.57e-02
 2.76997e+15	9.72e-01	2.77e-02	4.74e-09	0.00e+00	0.00e+00	0.00e+00	0.00e+00	0.00e+00	0.00e+00	8.23e-01	9.41e-02	5.55e-02
 2.77157e+15	9.73e-01	2.70e-02	4.59e-09	0.00e+00	0.00e+00	0.00e+00	0.00e+00	0.00e+00	0.00e+00	8.24e-01	9.38e-02	5.53e-02
 2.77313e+15	9.74e-01	2.64e-02	4.45e-09	0.00e+00	0.00e+00	0.00e+00	0.00e+00	0.00e+00	0.00e+00	8.25e-01	9.35e-02	5.52e-02
 2.77466e+15	9.74e-01	2.58e-02	4.31e-09	0.00e+00	0.00e+00	0.00e+00	0.00e+00	0.00e+00	0.00e+00	8.26e-01	9.32e-02	5.50e-02
 2.77618e+15	9.75e-01	2.51e-02	4.18e-09	0.00e+00	0.00e+00	0.00e+00	0.00e+00	0.00e+00	0.00e+00	8.27e-01	9.29e-02	5.48e-02
 2.77773e+15	9.75e-01	2.45e-02	4.05e-09	0.00e+00	0.00e+00	0.00e+00	0.00e+00	0.00e+00	0.00e+00	8.28e-01	9.25e-02	5.46e-02
 2.77929e+15	9.76e-01	2.39e-02	3.92e-09	0.00e+00	0.00e+00	0.00e+00	0.00e+00	0.00e+00	0.00e+00	8.30e-01	9.22e-02	5.44e-02
 2.78090e+15	9.77e-01	2.32e-02	3.79e-09	0.00e+00	0.00e+00	0.00e+00	0.00e+00	0.00e+00	0.00e+00	8.31e-01	9.18e-02	5.42e-02
 2.78262e+15	9.78e-01	2.25e-02	3.66e-09	0.00e+00	0.00e+00	0.00e+00	0.00e+00	0.00e+00	0.00e+00	8.32e-01	9.14e-02	5.39e-02
 2.78440e+15	9.78e-01	2.17e-02	3.52e-09	0.00e+00	0.00e+00	0.00e+00	0.00e+00	0.00e+00	0.00e+00	8.34e-01	9.09e-02	5.36e-02
 2.78610e+15	9.79e-01	2.10e-02	3.40e-09	0.00e+00	0.00e+00	0.00e+00	0.00e+00	0.00e+00	0.00e+00	8.35e-01	9.05e-02	5.33e-02
 2.78757e+15	9.80e-01	2.04e-02	3.29e-09	0.00e+00	0.00e+00	0.00e+00	0.00e+00	0.00e+00	0.00e+00	8.36e-01	9.01e-02	5.31e-02
 2.78887e+15	9.80e-01	1.99e-02	3.19e-09	0.00e+00	0.00e+00	0.00e+00	0.00e+00	0.00e+00	0.00e+00	8.38e-01	8.97e-02	5.28e-02
 2.79007e+15	9.81e-01	1.93e-02	3.11e-09	0.00e+00	0.00e+00	0.00e+00	0.00e+00	0.00e+00	0.00e+00	8.39e-01	8.93e-02	5.26e-02
 2.79117e+15	9.81e-01	1.89e-02	3.03e-09	0.00e+00	0.00e+00	0.00e+00	0.00e+00	0.00e+00	0.00e+00	8.40e-01	8.90e-02	5.23e-02
 2.79216e+15	9.82e-01	1.85e-02	2.96e-09	0.00e+00	0.00e+00	0.00e+00	0.00e+00	0.00e+00	0.00e+00	8.41e-01	8.86e-02	5.21e-02
 2.79306e+15	9.82e-01	1.81e-02	2.89e-09	0.00e+00	0.00e+00	0.00e+00	0.00e+00	0.00e+00	0.00e+00	8.42e-01	8.83e-02	5.19e-02
 2.79389e+15	9.82e-01	1.77e-02	2.83e-09	0.00e+00	0.00e+00	0.00e+00	0.00e+00	0.00e+00	0.00e+00	8.43e-01	8.80e-02	5.17e-02
 2.79464e+15	9.83e-01	1.74e-02	2.78e-09	0.00e+00	0.00e+00	0.00e+00	0.00e+00	0.00e+00	0.00e+00	8.43e-01	8.77e-02	5.15e-02
 2.79532e+15	9.83e-01	1.71e-02	2.73e-09	0.00e+00	0.00e+00	0.00e+00	0.00e+00	0.00e+00	0.00e+00	8.44e-01	8.74e-02	5.13e-02
 2.79594e+15	9.83e-01	1.68e-02	2.68e-09	0.00e+00	0.00e+00	0.00e+00	0.00e+00	0.00e+00	0.00e+00	8.45e-01	8.71e-02	5.12e-02
 2.79662e+15	9.83e-01	1.66e-02	2.64e-09	0.00e+00	0.00e+00	0.00e+00	0.00e+00	0.00e+00	0.00e+00	8.46e-01	8.68e-02	5.10e-02
 2.79735e+15	9.84e-01	1.62e-02	2.58e-09	0.00e+00	0.00e+00	0.00e+00	0.00e+00	0.00e+00	0.00e+00	8.47e-01	8.64e-02	5.08e-02
 2.79802e+15	9.84e-01	1.60e-02	2.53e-09	0.00e+00	0.00e+00	0.00e+00	0.00e+00	0.00e+00	0.00e+00	8.47e-01	8.61e-02	5.06e-02
 2.79862e+15	9.84e-01	1.57e-02	2.49e-09	0.00e+00	0.00e+00	0.00e+00	0.00e+00	0.00e+00	0.00e+00	8.48e-01	8.58e-02	5.04e-02
 2.79929e+15	9.85e-01	1.54e-02	2.44e-09	0.00e+00	0.00e+00	0.00e+00	0.00e+00	0.00e+00	0.00e+00	8.49e-01	8.55e-02	5.02e-02
 2.80001e+15	9.85e-01	1.51e-02	2.39e-09	0.00e+00	0.00e+00	0.00e+00	0.00e+00	0.00e+00	0.00e+00	8.50e-01	8.51e-02	5.00e-02
 2.80066e+15	9.85e-01	1.49e-02	2.34e-09	0.00e+00	0.00e+00	0.00e+00	0.00e+00	0.00e+00	0.00e+00	8.51e-01	8.48e-02	4.98e-02
 2.80126e+15	9.85e-01	1.47e-02	2.30e-09	0.00e+00	0.00e+00	0.00e+00	0.00e+00	0.00e+00	0.00e+00	8.51e-01	8.45e-02	4.96e-02
 2.80180e+15	9.86e-01	1.45e-02	2.26e-09	0.00e+00	0.00e+00	0.00e+00	0.00e+00	0.00e+00	0.00e+00	8.52e-01	8.43e-02	4.95e-02
 2.80239e+15	9.86e-01	1.42e-02	2.22e-09	0.00e+00	0.00e+00	0.00e+00	0.00e+00	0.00e+00	0.00e+00	8.52e-01	8.40e-02	4.93e-02
 2.80316e+15	9.86e-01	1.39e-02	2.17e-09	0.00e+00	0.00e+00	0.00e+00	0.00e+00	0.00e+00	0.00e+00	8.53e-01	8.36e-02	4.91e-02
 2.80400e+15	9.86e-01	1.36e-02	2.11e-09	0.00e+00	0.00e+00	0.00e+00	0.00e+00	0.00e+00	0.00e+00	8.54e-01	8.33e-02	4.89e-02
 2.80475e+15	9.87e-01	1.34e-02	2.06e-09	0.00e+00	0.00e+00	0.00e+00	0.00e+00	0.00e+00	0.00e+00	8.55e-01	8.30e-02	4.87e-02
 2.80544e+15	9.87e-01	1.32e-02	2.02e-09	0.00e+00	0.00e+00	0.00e+00	0.00e+00	0.00e+00	0.00e+00	8.56e-01	8.26e-02	4.85e-02
 2.80607e+15	9.87e-01	1.29e-02	1.98e-09	0.00e+00	0.00e+00	0.00e+00	0.00e+00	0.00e+00	0.00e+00	8.56e-01	8.24e-02	4.83e-02
 2.80676e+15	9.87e-01	1.27e-02	1.93e-09	0.00e+00	0.00e+00	0.00e+00	0.00e+00	0.00e+00	0.00e+00	8.57e-01	8.21e-02	4.81e-02
 2.80750e+15	9.88e-01	1.25e-02	1.88e-09	0.00e+00	0.00e+00	0.00e+00	0.00e+00	0.00e+00	0.00e+00	8.58e-01	8.17e-02	4.79e-02
 2.80818e+15	9.88e-01	1.22e-02	1.84e-09	0.00e+00	0.00e+00	0.00e+00	0.00e+00	0.00e+00	0.00e+00	8.59e-01	8.14e-02	4.77e-02
 2.80879e+15	9.88e-01	1.20e-02	1.80e-09	0.00e+00	0.00e+00	0.00e+00	0.00e+00	0.00e+00	0.00e+00	8.59e-01	8.12e-02	4.75e-02
 2.80947e+15	9.88e-01	1.18e-02	1.76e-09	0.00e+00	0.00e+00	0.00e+00	0.00e+00	0.00e+00	0.00e+00	8.60e-01	8.08e-02	4.72e-02
 2.81019e+15	9.88e-01	1.16e-02	1.72e-09	0.00e+00	0.00e+00	0.00e+00	0.00e+00	0.00e+00	0.00e+00	8.61e-01	8.05e-02	4.70e-02
 2.81085e+15	9.89e-01	1.14e-02	1.67e-09	0.00e+00	0.00e+00	0.00e+00	0.00e+00	0.00e+00	0.00e+00	8.62e-01	8.02e-02	4.68e-02
 2.81146e+15	9.89e-01	1.12e-02	1.63e-09	0.00e+00	0.00e+00	0.00e+00	0.00e+00	0.00e+00	0.00e+00	8.62e-01	7.99e-02	4.66e-02
 2.81201e+15	9.89e-01	1.10e-02	1.60e-09	0.00e+00	0.00e+00	0.00e+00	0.00e+00	0.00e+00	0.00e+00	8.63e-01	7.96e-02	4.64e-02
 2.81261e+15	9.89e-01	1.08e-02	1.56e-09	0.00e+00	0.00e+00	0.00e+00	0.00e+00	0.00e+00	0.00e+00	8.64e-01	7.93e-02	4.62e-02
 2.81325e+15	9.89e-01	1.06e-02	1.52e-09	0.00e+00	0.00e+00	0.00e+00	0.00e+00	0.00e+00	0.00e+00	8.64e-01	7.90e-02	4.59e-02
 2.81384e+15	9.90e-01	1.05e-02	1.49e-09	0.00e+00	0.00e+00	0.00e+00	0.00e+00	0.00e+00	0.00e+00	8.65e-01	7.87e-02	4.57e-02
 2.81449e+15	9.90e-01	1.03e-02	1.44e-09	0.00e+00	0.00e+00	0.00e+00	0.00e+00	0.00e+00	0.00e+00	8.66e-01	7.83e-02	4.55e-02
 2.81519e+15	9.90e-01	1.01e-02	1.40e-09	0.00e+00	0.00e+00	0.00e+00	0.00e+00	0.00e+00	0.00e+00	8.67e-01	7.80e-02	4.52e-02
 2.81582e+15	9.90e-01	9.88e-03	1.37e-09	0.00e+00	0.00e+00	0.00e+00	0.00e+00	0.00e+00	0.00e+00	8.68e-01	7.77e-02	4.49e-02
 2.81640e+15	9.90e-01	9.72e-03	1.34e-09	0.00e+00	0.00e+00	0.00e+00	0.00e+00	0.00e+00	0.00e+00	8.68e-01	7.74e-02	4.47e-02
 2.81703e+15	9.90e-01	9.54e-03	1.30e-09	0.00e+00	0.00e+00	0.00e+00	0.00e+00	0.00e+00	0.00e+00	8.69e-01	7.70e-02	4.45e-02
 2.81772e+15	9.91e-01	9.35e-03	1.27e-09	0.00e+00	0.00e+00	0.00e+00	0.00e+00	0.00e+00	0.00e+00	8.70e-01	7.67e-02	4.42e-02
 2.81834e+15	9.91e-01	9.20e-03	1.24e-09	0.00e+00	0.00e+00	0.00e+00	0.00e+00	0.00e+00	0.00e+00	8.70e-01	7.64e-02	4.40e-02
 2.81891e+15	9.91e-01	9.05e-03	1.21e-09	0.00e+00	0.00e+00	0.00e+00	0.00e+00	0.00e+00	0.00e+00	8.71e-01	7.61e-02	4.37e-02
 2.81953e+15	9.91e-01	8.89e-03	1.18e-09	0.00e+00	0.00e+00	0.00e+00	0.00e+00	0.00e+00	0.00e+00	8.72e-01	7.57e-02	4.35e-02
 2.82020e+15	9.91e-01	8.72e-03	1.15e-09	0.00e+00	0.00e+00	0.00e+00	0.00e+00	0.00e+00	0.00e+00	8.73e-01	7.54e-02	4.32e-02
 2.82081e+15	9.91e-01	8.57e-03	1.12e-09	0.00e+00	0.00e+00	0.00e+00	0.00e+00	0.00e+00	0.00e+00	8.73e-01	7.51e-02	4.30e-02
 2.82147e+15	9.92e-01	8.40e-03	1.09e-09	0.00e+00	0.00e+00	0.00e+00	0.00e+00	0.00e+00	0.00e+00	8.74e-01	7.47e-02	4.27e-02
 2.82220e+15	9.92e-01	8.24e-03	1.06e-09	0.00e+00	0.00e+00	0.00e+00	0.00e+00	0.00e+00	0.00e+00	8.75e-01	7.43e-02	4.24e-02
 2.82285e+15	9.92e-01	8.11e-03	1.04e-09	0.00e+00	0.00e+00	0.00e+00	0.00e+00	0.00e+00	0.00e+00	8.76e-01	7.38e-02	4.21e-02
 2.82357e+15	9.92e-01	7.99e-03	1.02e-09	0.00e+00	0.00e+00	0.00e+00	0.00e+00	0.00e+00	0.00e+00	8.77e-01	7.33e-02	4.19e-02
 2.82451e+15	9.92e-01	7.81e-03	9.83e-10	0.00e+00	0.00e+00	0.00e+00	0.00e+00	0.00e+00	0.00e+00	8.78e-01	7.25e-02	4.14e-02
 2.82551e+15	9.92e-01	7.64e-03	9.52e-10	0.00e+00	0.00e+00	0.00e+00	0.00e+00	0.00e+00	0.00e+00	8.80e-01	7.18e-02	4.11e-02
 2.82662e+15	9.93e-01	7.45e-03	9.17e-10	0.00e+00	0.00e+00	0.00e+00	0.00e+00	0.00e+00	0.00e+00	8.81e-01	7.09e-02	4.06e-02
 2.82781e+15	9.93e-01	7.26e-03	8.82e-10	0.00e+00	0.00e+00	0.00e+00	0.00e+00	0.00e+00	0.00e+00	8.83e-01	7.00e-02	4.01e-02
 2.82890e+15	9.93e-01	7.08e-03	8.52e-10	0.00e+00	0.00e+00	0.00e+00	0.00e+00	0.00e+00	0.00e+00	8.84e-01	6.93e-02	3.98e-02
 2.82989e+15	9.93e-01	6.93e-03	8.25e-10	0.00e+00	0.00e+00	0.00e+00	0.00e+00	0.00e+00	0.00e+00	8.85e-01	6.86e-02	3.95e-02
 2.83097e+15	9.93e-01	6.76e-03	7.96e-10	0.00e+00	0.00e+00	0.00e+00	0.00e+00	0.00e+00	0.00e+00	8.86e-01	6.78e-02	3.91e-02
 2.83214e+15	9.93e-01	6.59e-03	7.66e-10	0.00e+00	0.00e+00	0.00e+00	0.00e+00	0.00e+00	0.00e+00	8.88e-01	6.70e-02	3.87e-02
