#depth	H	H+	H2
 7.69229e+10	1.70e-03	9.98e-01	1.06e-11
 4.61537e+11	1.70e-03	9.98e-01	1.06e-11
 1.99999e+12	1.70e-03	9.98e-01	1.07e-11
 8.15382e+12	1.72e-03	9.98e-01	1.10e-11
 1.94769e+13	1.71e-03	9.98e-01	1.14e-11
 3.41968e+13	1.73e-03	9.98e-01	1.20e-11
 5.33328e+13	1.76e-03	9.98e-01	1.29e-11
 7.82095e+13	1.82e-03	9.98e-01	1.44e-11
 1.10549e+14	1.91e-03	9.98e-01	1.67e-11
 1.52591e+14	2.05e-03	9.98e-01	2.03e-11
 1.99945e+14	2.20e-03	9.98e-01	2.52e-11
 2.45536e+14	2.38e-03	9.98e-01	3.10e-11
 2.88526e+14	2.56e-03	9.97e-01	3.79e-11
 3.30219e+14	2.75e-03	9.97e-01	4.61e-11
 3.71249e+14	2.96e-03	9.97e-01	5.59e-11
 4.10646e+14	3.17e-03	9.97e-01	6.71e-11
 4.48296e+14	3.39e-03	9.97e-01	7.98e-11
 4.91028e+14	3.67e-03	9.96e-01	9.75e-11
 5.34987e+14	3.94e-03	9.96e-01	1.18e-10
 5.71761e+14	4.18e-03	9.96e-01	1.38e-10
 6.10788e+14	4.48e-03	9.96e-01	1.64e-10
 6.52548e+14	4.78e-03	9.95e-01	1.95e-10
 6.89522e+14	5.06e-03	9.95e-01	2.24e-10
 7.29247e+14	5.40e-03	9.95e-01	2.64e-10
 7.71187e+14	5.76e-03	9.94e-01	3.08e-10
 8.07514e+14	6.09e-03	9.94e-01	3.50e-10
 8.46247e+14	6.49e-03	9.94e-01	4.03e-10
 8.87666e+14	6.91e-03	9.93e-01	4.61e-10
 9.24509e+14	7.32e-03	9.93e-01	5.25e-10
 9.64335e+14	7.83e-03	9.92e-01	6.03e-10
 1.00703e+15	8.39e-03	9.92e-01	7.00e-10
 1.04506e+15	8.94e-03	9.91e-01	8.07e-10
 1.08611e+15	9.60e-03	9.90e-01	9.40e-10
 1.13104e+15	1.04e-02	9.90e-01	1.13e-09
 1.17238e+15	1.12e-02	9.89e-01	1.35e-09
 1.21750e+15	1.22e-02	9.88e-01	1.63e-09
 1.26707e+15	1.34e-02	9.87e-01	2.03e-09
 1.31320e+15	1.47e-02	9.85e-01	2.49e-09
 1.36392e+15	1.63e-02	9.84e-01	3.01e-09
 1.42118e+15	1.84e-02	9.82e-01	3.71e-09
 1.47740e+15	2.07e-02	9.79e-01	4.42e-09
 1.52670e+15	2.31e-02	9.77e-01	5.09e-09
 1.56470e+15	2.52e-02	9.75e-01	5.58e-09
 1.59961e+15	2.72e-02	9.73e-01	5.78e-09
 1.64234e+15	2.98e-02	9.70e-01	5.76e-09
 1.69789e+15	3.34e-02	9.67e-01	5.44e-09
 1.75353e+15	3.81e-02	9.62e-01	5.30e-09
 1.79682e+15	4.23e-02	9.58e-01	5.06e-09
 1.84065e+15	4.67e-02	9.53e-01	4.61e-09
 1.88991e+15	5.25e-02	9.47e-01	4.23e-09
 1.93613e+15	5.92e-02	9.41e-01	3.99e-09
 1.97804e+15	6.63e-02	9.34e-01	3.82e-09
 2.01973e+15	7.42e-02	9.26e-01	3.65e-09
 2.06216e+15	8.40e-02	9.16e-01	3.57e-09
 2.10251e+15	9.52e-02	9.05e-01	3.55e-09
 2.14028e+15	1.08e-01	8.92e-01	3.56e-09
 2.17636e+15	1.22e-01	8.78e-01	3.60e-09
 2.21142e+15	1.39e-01	8.61e-01	3.65e-09
 2.24571e+15	1.59e-01	8.41e-01	3.72e-09
 2.27942e+15	1.83e-01	8.17e-01	3.81e-09
 2.31248e+15	2.11e-01	7.89e-01	3.92e-09
 2.34420e+15	2.44e-01	7.56e-01	4.07e-09
 2.37213e+15	2.80e-01	7.20e-01	4.28e-09
 2.39390e+15	3.13e-01	6.87e-01	4.50e-09
 2.41051e+15	3.41e-01	6.59e-01	4.67e-09
 2.42492e+15	3.67e-01	6.33e-01	4.79e-09
 2.43868e+15	3.93e-01	6.07e-01	4.92e-09
 2.45149e+15	4.18e-01	5.82e-01	5.03e-09
 2.46271e+15	4.42e-01	5.58e-01	5.17e-09
 2.47253e+15	4.64e-01	5.36e-01	5.28e-09
 2.48180e+15	4.85e-01	5.15e-01	5.38e-09
 2.49077e+15	5.06e-01	4.94e-01	5.48e-09
 2.49932e+15	5.27e-01	4.73e-01	5.60e-09
 2.50606e+15	5.42e-01	4.58e-01	5.72e-09
 2.51079e+15	5.54e-01	4.46e-01	5.80e-09
 2.51527e+15	5.65e-01	4.35e-01	5.86e-09
 2.52028e+15	5.77e-01	4.23e-01	5.90e-09
 2.52566e+15	5.91e-01	4.09e-01	6.00e-09
 2.53088e+15	6.04e-01	3.96e-01	6.08e-09
 2.53579e+15	6.16e-01	3.84e-01	6.15e-09
 2.54067e+15	6.28e-01	3.72e-01	6.24e-09
 2.54557e+15	6.40e-01	3.60e-01	6.32e-09
 2.55043e+15	6.52e-01	3.48e-01	6.41e-09
 2.55523e+15	6.63e-01	3.37e-01	6.50e-09
 2.55999e+15	6.75e-01	3.25e-01	6.60e-09
 2.56471e+15	6.86e-01	3.14e-01	6.70e-09
 2.56939e+15	6.97e-01	3.03e-01	6.81e-09
 2.57404e+15	7.08e-01	2.92e-01	6.93e-09
 2.57866e+15	7.19e-01	2.81e-01	7.05e-09
 2.58324e+15	7.29e-01	2.71e-01	7.18e-09
 2.58779e+15	7.39e-01	2.61e-01	7.31e-09
 2.59231e+15	7.49e-01	2.51e-01	7.46e-09
 2.59681e+15	7.58e-01	2.42e-01	7.62e-09
 2.60128e+15	7.68e-01	2.32e-01	7.78e-09
 2.60572e+15	7.77e-01	2.23e-01	7.96e-09
 2.61013e+15	7.85e-01	2.15e-01	8.15e-09
 2.61447e+15	7.94e-01	2.06e-01	8.35e-09
 2.61873e+15	8.02e-01	1.98e-01	8.57e-09
 2.62292e+15	8.10e-01	1.90e-01	8.80e-09
 2.62706e+15	8.17e-01	1.83e-01	9.04e-09
 2.63115e+15	8.24e-01	1.76e-01	9.30e-09
 2.63519e+15	8.31e-01	1.69e-01	9.57e-09
 2.63919e+15	8.38e-01	1.62e-01	9.86e-09
 2.64314e+15	8.44e-01	1.56e-01	1.02e-08
 2.64706e+15	8.50e-01	1.50e-01	1.05e-08
 2.65093e+15	8.56e-01	1.44e-01	1.09e-08
 2.65476e+15	8.62e-01	1.38e-01	1.13e-08
 2.65855e+15	8.67e-01	1.33e-01	1.17e-08
 2.66231e+15	8.72e-01	1.28e-01	1.21e-08
 2.66605e+15	8.77e-01	1.23e-01	1.26e-08
 2.66976e+15	8.82e-01	1.18e-01	1.31e-08
 2.67344e+15	8.87e-01	1.13e-01	1.37e-08
 2.67709e+15	8.91e-01	1.09e-01	1.42e-08
 2.68071e+15	8.95e-01	1.05e-01	1.49e-08
 2.68428e+15	8.99e-01	1.01e-01	1.56e-08
 2.68786e+15	9.03e-01	9.67e-02	1.64e-08
 2.69144e+15	9.07e-01	9.29e-02	1.72e-08
 2.69499e+15	9.11e-01	8.93e-02	1.81e-08
 2.69850e+15	9.14e-01	8.58e-02	1.92e-08
 2.70198e+15	9.18e-01	8.24e-02	2.04e-08
 2.70545e+15	9.21e-01	7.92e-02	2.16e-08
 2.70890e+15	9.24e-01	7.61e-02	2.29e-08
 2.71233e+15	9.27e-01	7.32e-02	2.44e-08
 2.71573e+15	9.30e-01	7.03e-02	2.62e-08
 2.71911e+15	9.32e-01	6.75e-02	2.82e-08
 2.72248e+15	9.35e-01	6.49e-02	3.04e-08
 2.72586e+15	9.38e-01	6.23e-02	3.29e-08
 2.72920e+15	9.40e-01	5.99e-02	3.57e-08
 2.73250e+15	9.43e-01	5.75e-02	3.89e-08
 2.73580e+15	9.45e-01	5.53e-02	4.25e-08
 2.73905e+15	9.47e-01	5.31e-02	4.68e-08
 2.74224e+15	9.49e-01	5.11e-02	5.20e-08
 2.74542e+15	9.51e-01	4.90e-02	5.81e-08
 2.74854e+15	9.53e-01	4.72e-02	6.54e-08
 2.75143e+15	9.55e-01	4.54e-02	7.36e-08
 2.75403e+15	9.56e-01	4.40e-02	8.24e-08
 2.75640e+15	9.57e-01	4.26e-02	9.20e-08
 2.75865e+15	9.59e-01	4.14e-02	1.03e-07
 2.76079e+15	9.60e-01	4.02e-02	1.15e-07
 2.76283e+15	9.61e-01	3.91e-02	1.29e-07
 2.76476e+15	9.62e-01	3.81e-02	1.44e-07
 2.76658e+15	9.63e-01	3.71e-02	1.61e-07
 2.76831e+15	9.64e-01	3.62e-02	1.79e-07
 2.76997e+15	9.65e-01	3.54e-02	2.00e-07
 2.77157e+15	9.65e-01	3.45e-02	2.23e-07
 2.77313e+15	9.66e-01	3.38e-02	2.48e-07
 2.77466e+15	9.67e-01	3.30e-02	2.75e-07
 2.77618e+15	9.68e-01	3.22e-02	3.05e-07
 2.77773e+15	9.69e-01	3.15e-02	3.38e-07
 2.77929e+15	9.69e-01	3.07e-02	3.74e-07
 2.78090e+15	9.70e-01	2.99e-02	4.13e-07
 2.78262e+15	9.71e-01	2.90e-02	4.53e-07
 2.78440e+15	9.72e-01	2.81e-02	4.92e-07
 2.78610e+15	9.73e-01	2.72e-02	5.23e-07
 2.78757e+15	9.73e-01	2.65e-02	5.45e-07
 2.78887e+15	9.74e-01	2.58e-02	5.59e-07
 2.79007e+15	9.75e-01	2.52e-02	5.69e-07
 2.79117e+15	9.75e-01	2.47e-02	5.75e-07
 2.79216e+15	9.76e-01	2.42e-02	5.79e-07
 2.79306e+15	9.76e-01	2.37e-02	5.81e-07
 2.79389e+15	9.77e-01	2.33e-02	5.83e-07
 2.79464e+15	9.77e-01	2.29e-02	5.85e-07
 2.79532e+15	9.77e-01	2.25e-02	5.86e-07
 2.79594e+15	9.78e-01	2.22e-02	5.87e-07
 2.79662e+15	9.78e-01	2.19e-02	5.88e-07
 2.79735e+15	9.78e-01	2.15e-02	5.89e-07
 2.79802e+15	9.79e-01	2.12e-02	5.91e-07
 2.79862e+15	9.79e-01	2.09e-02	5.93e-07
 2.79929e+15	9.79e-01	2.06e-02	5.95e-07
 2.80001e+15	9.80e-01	2.02e-02	5.98e-07
 2.80066e+15	9.80e-01	1.99e-02	6.01e-07
 2.80126e+15	9.80e-01	1.96e-02	6.04e-07
 2.80180e+15	9.81e-01	1.94e-02	6.07e-07
 2.80239e+15	9.81e-01	1.91e-02	6.10e-07
 2.80316e+15	9.81e-01	1.88e-02	6.14e-07
 2.80400e+15	9.82e-01	1.85e-02	6.19e-07
 2.80475e+15	9.82e-01	1.81e-02	6.24e-07
 2.80544e+15	9.82e-01	1.79e-02	6.30e-07
 2.80607e+15	9.82e-01	1.76e-02	6.34e-07
 2.80676e+15	9.83e-01	1.73e-02	6.40e-07
 2.80750e+15	9.83e-01	1.70e-02	6.47e-07
 2.80818e+15	9.83e-01	1.68e-02	6.53e-07
 2.80879e+15	9.83e-01	1.66e-02	6.59e-07
 2.80947e+15	9.84e-01	1.63e-02	6.66e-07
 2.81019e+15	9.84e-01	1.60e-02	6.75e-07
 2.81085e+15	9.84e-01	1.58e-02	6.83e-07
 2.81146e+15	9.84e-01	1.55e-02	6.91e-07
 2.81201e+15	9.85e-01	1.53e-02	6.98e-07
 2.81261e+15	9.85e-01	1.51e-02	7.07e-07
 2.81325e+15	9.85e-01	1.49e-02	7.17e-07
 2.81384e+15	9.85e-01	1.47e-02	7.25e-07
 2.81449e+15	9.86e-01	1.44e-02	7.36e-07
 2.81519e+15	9.86e-01	1.42e-02	7.47e-07
 2.81582e+15	9.86e-01	1.40e-02	7.58e-07
 2.81640e+15	9.86e-01	1.38e-02	7.67e-07
 2.81703e+15	9.86e-01	1.36e-02	7.78e-07
 2.81772e+15	9.87e-01	1.34e-02	7.90e-07
 2.81834e+15	9.87e-01	1.32e-02	8.00e-07
 2.81891e+15	9.87e-01	1.30e-02	8.10e-07
 2.81953e+15	9.87e-01	1.28e-02	8.22e-07
 2.82020e+15	9.87e-01	1.26e-02	8.34e-07
 2.82081e+15	9.88e-01	1.24e-02	8.45e-07
 2.82147e+15	9.88e-01	1.22e-02	8.58e-07
 2.82220e+15	9.88e-01	1.20e-02	8.71e-07
 2.82285e+15	9.88e-01	1.19e-02	8.80e-07
 2.82357e+15	9.88e-01	1.17e-02	8.88e-07
 2.82451e+15	9.88e-01	1.15e-02	9.01e-07
 2.82551e+15	9.89e-01	1.13e-02	9.12e-07
 2.82662e+15	9.89e-01	1.11e-02	9.26e-07
 2.82781e+15	9.89e-01	1.08e-02	9.42e-07
 2.82890e+15	9.89e-01	1.06e-02	9.55e-07
 2.82989e+15	9.90e-01	1.04e-02	9.68e-07
 2.83097e+15	9.90e-01	1.02e-02	9.83e-07
 2.83214e+15	9.90e-01	9.96e-03	9.98e-07
