#depth	He	He+	He+2
 7.69229e+10	2.55e-03	9.97e-01	3.34e-04
 4.61537e+11	2.55e-03	9.97e-01	3.33e-04
 1.99999e+12	2.56e-03	9.97e-01	3.29e-04
 8.15382e+12	2.59e-03	9.97e-01	3.11e-04
 1.94769e+13	2.64e-03	9.97e-01	2.89e-04
 3.41968e+13	2.70e-03	9.97e-01	2.59e-04
 5.33328e+13	2.79e-03	9.97e-01	2.22e-04
 7.82095e+13	2.90e-03	9.97e-01	1.80e-04
 1.10549e+14	3.07e-03	9.97e-01	1.36e-04
 1.52591e+14	3.30e-03	9.97e-01	9.40e-05
 1.99945e+14	3.56e-03	9.96e-01	6.24e-05
 2.45536e+14	3.84e-03	9.96e-01	4.21e-05
 2.88526e+14	4.12e-03	9.96e-01	2.91e-05
 3.30219e+14	4.43e-03	9.96e-01	2.03e-05
 3.71249e+14	4.76e-03	9.95e-01	1.43e-05
 4.10646e+14	5.11e-03	9.95e-01	1.02e-05
 4.48296e+14	5.47e-03	9.95e-01	7.41e-06
 4.91028e+14	5.94e-03	9.94e-01	5.13e-06
 5.34987e+14	6.43e-03	9.94e-01	3.57e-06
 5.71761e+14	6.89e-03	9.93e-01	2.64e-06
 6.10788e+14	7.45e-03	9.93e-01	1.90e-06
 6.52548e+14	8.08e-03	9.92e-01	1.35e-06
 6.89522e+14	8.68e-03	9.91e-01	1.00e-06
 7.29247e+14	9.45e-03	9.91e-01	7.19e-07
 7.71187e+14	1.03e-02	9.90e-01	5.13e-07
 8.07514e+14	1.12e-02	9.89e-01	3.84e-07
 8.46247e+14	1.22e-02	9.88e-01	2.79e-07
 8.87666e+14	1.34e-02	9.87e-01	2.01e-07
 9.24509e+14	1.46e-02	9.85e-01	1.50e-07
 9.64335e+14	1.62e-02	9.84e-01	1.09e-07
 1.00703e+15	1.80e-02	9.82e-01	7.77e-08
 1.04506e+15	1.99e-02	9.80e-01	5.79e-08
 1.08611e+15	2.22e-02	9.78e-01	4.19e-08
 1.13104e+15	2.51e-02	9.75e-01	2.99e-08
 1.17238e+15	2.82e-02	9.72e-01	2.20e-08
 1.21750e+15	3.21e-02	9.68e-01	1.57e-08
 1.26707e+15	3.72e-02	9.63e-01	1.11e-08
 1.31320e+15	4.27e-02	9.57e-01	8.09e-09
 1.36392e+15	4.98e-02	9.50e-01	5.75e-09
 1.42118e+15	5.93e-02	9.41e-01	4.02e-09
 1.47740e+15	7.06e-02	9.29e-01	2.87e-09
 1.52670e+15	8.21e-02	9.18e-01	2.19e-09
 1.56470e+15	9.23e-02	9.08e-01	1.80e-09
 1.59961e+15	1.03e-01	8.97e-01	1.49e-09
 1.64234e+15	1.17e-01	8.83e-01	1.20e-09
 1.69789e+15	1.38e-01	8.62e-01	9.21e-10
 1.75353e+15	1.63e-01	8.37e-01	7.27e-10
 1.79682e+15	1.86e-01	8.14e-01	6.10e-10
 1.84065e+15	2.13e-01	7.87e-01	5.08e-10
 1.88991e+15	2.48e-01	7.52e-01	4.20e-10
 1.93613e+15	2.86e-01	7.14e-01	3.53e-10
 1.97804e+15	3.26e-01	6.74e-01	3.02e-10
 2.01973e+15	3.71e-01	6.29e-01	2.57e-10
 2.06216e+15	4.24e-01	5.76e-01	2.18e-10
 2.10251e+15	4.81e-01	5.19e-01	1.85e-10
 2.14028e+15	5.40e-01	4.60e-01	1.57e-10
 2.17636e+15	6.00e-01	4.00e-01	1.33e-10
 2.21142e+15	6.59e-01	3.41e-01	1.12e-10
 2.24571e+15	7.17e-01	2.83e-01	9.37e-11
 2.27942e+15	7.71e-01	2.29e-01	7.82e-11
 2.31248e+15	8.19e-01	1.81e-01	6.53e-11
 2.34420e+15	8.59e-01	1.41e-01	5.53e-11
 2.37213e+15	8.88e-01	1.12e-01	4.85e-11
 2.39390e+15	9.08e-01	9.23e-02	4.45e-11
 2.41051e+15	9.21e-01	7.93e-02	4.19e-11
 2.42492e+15	9.31e-01	6.94e-02	4.02e-11
 2.43868e+15	9.39e-01	6.09e-02	3.89e-11
 2.45149e+15	9.46e-01	5.41e-02	3.84e-11
 2.46271e+15	9.51e-01	4.87e-02	3.81e-11
 2.47253e+15	9.56e-01	4.44e-02	3.80e-11
 2.48180e+15	9.59e-01	4.07e-02	3.81e-11
 2.49077e+15	9.63e-01	3.75e-02	3.84e-11
 2.49932e+15	9.65e-01	3.46e-02	3.87e-11
 2.50606e+15	9.67e-01	3.26e-02	3.94e-11
 2.51079e+15	9.69e-01	3.12e-02	3.99e-11
 2.51527e+15	9.70e-01	3.00e-02	4.03e-11
 2.52028e+15	9.71e-01	2.86e-02	4.09e-11
 2.52566e+15	9.73e-01	2.73e-02	4.14e-11
 2.53088e+15	9.74e-01	2.60e-02	4.22e-11
 2.53579e+15	9.75e-01	2.50e-02	4.31e-11
 2.54067e+15	9.76e-01	2.39e-02	4.39e-11
 2.54557e+15	9.77e-01	2.29e-02	4.48e-11
 2.55043e+15	9.78e-01	2.20e-02	4.58e-11
 2.55523e+15	9.79e-01	2.11e-02	4.68e-11
 2.55999e+15	9.80e-01	2.03e-02	4.80e-11
 2.56471e+15	9.81e-01	1.95e-02	4.92e-11
 2.56939e+15	9.81e-01	1.87e-02	5.05e-11
 2.57404e+15	9.82e-01	1.80e-02	5.18e-11
 2.57866e+15	9.83e-01	1.74e-02	5.32e-11
 2.58324e+15	9.83e-01	1.68e-02	5.47e-11
 2.58779e+15	9.84e-01	1.62e-02	5.63e-11
 2.59231e+15	9.84e-01	1.56e-02	5.79e-11
 2.59681e+15	9.85e-01	1.51e-02	5.96e-11
 2.60128e+15	9.85e-01	1.45e-02	6.14e-11
 2.60572e+15	9.86e-01	1.41e-02	6.33e-11
 2.61013e+15	9.86e-01	1.36e-02	6.52e-11
 2.61447e+15	9.87e-01	1.32e-02	6.72e-11
 2.61873e+15	9.87e-01	1.28e-02	6.92e-11
 2.62292e+15	9.88e-01	1.24e-02	7.13e-11
 2.62706e+15	9.88e-01	1.20e-02	7.35e-11
 2.63115e+15	9.88e-01	1.16e-02	7.57e-11
 2.63519e+15	9.89e-01	1.13e-02	7.80e-11
 2.63919e+15	9.89e-01	1.10e-02	8.03e-11
 2.64314e+15	9.89e-01	1.07e-02	8.26e-11
 2.64706e+15	9.90e-01	1.04e-02	8.50e-11
 2.65093e+15	9.90e-01	1.01e-02	8.75e-11
 2.65476e+15	9.90e-01	9.85e-03	9.00e-11
 2.65855e+15	9.90e-01	9.60e-03	9.26e-11
 2.66231e+15	9.91e-01	9.35e-03	9.52e-11
 2.66605e+15	9.91e-01	9.12e-03	9.79e-11
 2.66976e+15	9.91e-01	8.89e-03	1.01e-10
 2.67344e+15	9.91e-01	8.66e-03	1.03e-10
 2.67709e+15	9.92e-01	8.46e-03	1.06e-10
 2.68071e+15	9.92e-01	8.25e-03	1.09e-10
 2.68428e+15	9.92e-01	8.05e-03	1.12e-10
 2.68786e+15	9.92e-01	7.86e-03	1.15e-10
 2.69144e+15	9.92e-01	7.68e-03	1.18e-10
 2.69499e+15	9.93e-01	7.50e-03	1.21e-10
 2.69850e+15	9.93e-01	7.32e-03	1.24e-10
 2.70198e+15	9.93e-01	7.15e-03	1.27e-10
 2.70545e+15	9.93e-01	6.99e-03	1.30e-10
 2.70890e+15	9.93e-01	6.83e-03	1.33e-10
 2.71233e+15	9.93e-01	6.68e-03	1.37e-10
 2.71573e+15	9.93e-01	6.53e-03	1.40e-10
 2.71911e+15	9.94e-01	6.38e-03	1.43e-10
 2.72248e+15	9.94e-01	6.24e-03	1.46e-10
 2.72586e+15	9.94e-01	6.10e-03	1.49e-10
 2.72920e+15	9.94e-01	5.97e-03	1.52e-10
 2.73250e+15	9.94e-01	5.83e-03	1.56e-10
 2.73580e+15	9.94e-01	5.71e-03	1.59e-10
 2.73905e+15	9.94e-01	5.59e-03	1.62e-10
 2.74224e+15	9.95e-01	5.47e-03	1.65e-10
 2.74542e+15	9.95e-01	5.35e-03	1.68e-10
 2.74854e+15	9.95e-01	5.24e-03	1.71e-10
 2.75143e+15	9.95e-01	5.14e-03	1.74e-10
 2.75403e+15	9.95e-01	5.05e-03	1.76e-10
 2.75640e+15	9.95e-01	4.96e-03	1.78e-10
 2.75865e+15	9.95e-01	4.89e-03	1.80e-10
 2.76079e+15	9.95e-01	4.81e-03	1.82e-10
 2.76283e+15	9.95e-01	4.74e-03	1.84e-10
 2.76476e+15	9.95e-01	4.68e-03	1.85e-10
 2.76658e+15	9.95e-01	4.62e-03	1.87e-10
 2.76831e+15	9.95e-01	4.56e-03	1.88e-10
 2.76997e+15	9.95e-01	4.50e-03	1.89e-10
 2.77157e+15	9.96e-01	4.45e-03	1.90e-10
 2.77313e+15	9.96e-01	4.40e-03	1.91e-10
 2.77466e+15	9.96e-01	4.35e-03	1.92e-10
 2.77618e+15	9.96e-01	4.30e-03	1.92e-10
 2.77773e+15	9.96e-01	4.25e-03	1.93e-10
 2.77929e+15	9.96e-01	4.19e-03	1.94e-10
 2.78090e+15	9.96e-01	4.14e-03	1.94e-10
 2.78262e+15	9.96e-01	4.08e-03	1.94e-10
 2.78440e+15	9.96e-01	4.02e-03	1.94e-10
 2.78610e+15	9.96e-01	3.96e-03	1.94e-10
 2.78757e+15	9.96e-01	3.91e-03	1.94e-10
 2.78887e+15	9.96e-01	3.86e-03	1.94e-10
 2.79007e+15	9.96e-01	3.82e-03	1.93e-10
 2.79117e+15	9.96e-01	3.77e-03	1.92e-10
 2.79216e+15	9.96e-01	3.74e-03	1.92e-10
 2.79306e+15	9.96e-01	3.70e-03	1.91e-10
 2.79389e+15	9.96e-01	3.67e-03	1.90e-10
 2.79464e+15	9.96e-01	3.64e-03	1.90e-10
 2.79532e+15	9.96e-01	3.61e-03	1.89e-10
 2.79594e+15	9.96e-01	3.59e-03	1.89e-10
 2.79662e+15	9.96e-01	3.56e-03	1.88e-10
 2.79735e+15	9.96e-01	3.53e-03	1.87e-10
 2.79802e+15	9.96e-01	3.51e-03	1.87e-10
 2.79862e+15	9.97e-01	3.48e-03	1.86e-10
 2.79929e+15	9.97e-01	3.45e-03	1.85e-10
 2.80001e+15	9.97e-01	3.42e-03	1.84e-10
 2.80066e+15	9.97e-01	3.40e-03	1.84e-10
 2.80126e+15	9.97e-01	3.38e-03	1.83e-10
 2.80180e+15	9.97e-01	3.36e-03	1.82e-10
 2.80239e+15	9.97e-01	3.33e-03	1.82e-10
 2.80316e+15	9.97e-01	3.30e-03	1.81e-10
 2.80400e+15	9.97e-01	3.27e-03	1.80e-10
 2.80475e+15	9.97e-01	3.24e-03	1.80e-10
 2.80544e+15	9.97e-01	3.22e-03	1.79e-10
 2.80607e+15	9.97e-01	3.19e-03	1.78e-10
 2.80676e+15	9.97e-01	3.17e-03	1.78e-10
 2.80750e+15	9.97e-01	3.14e-03	1.77e-10
 2.80818e+15	9.97e-01	3.12e-03	1.76e-10
 2.80879e+15	9.97e-01	3.10e-03	1.76e-10
 2.80947e+15	9.97e-01	3.07e-03	1.75e-10
 2.81019e+15	9.97e-01	3.04e-03	1.74e-10
 2.81085e+15	9.97e-01	3.02e-03	1.73e-10
 2.81146e+15	9.97e-01	3.00e-03	1.73e-10
 2.81201e+15	9.97e-01	2.97e-03	1.72e-10
 2.81261e+15	9.97e-01	2.95e-03	1.71e-10
 2.81325e+15	9.97e-01	2.93e-03	1.70e-10
 2.81384e+15	9.97e-01	2.91e-03	1.70e-10
 2.81449e+15	9.97e-01	2.88e-03	1.69e-10
 2.81519e+15	9.97e-01	2.85e-03	1.68e-10
 2.81582e+15	9.97e-01	2.83e-03	1.67e-10
 2.81640e+15	9.97e-01	2.81e-03	1.66e-10
 2.81703e+15	9.97e-01	2.79e-03	1.66e-10
 2.81772e+15	9.97e-01	2.76e-03	1.65e-10
 2.81834e+15	9.97e-01	2.74e-03	1.64e-10
 2.81891e+15	9.97e-01	2.72e-03	1.63e-10
 2.81953e+15	9.97e-01	2.70e-03	1.62e-10
 2.82020e+15	9.97e-01	2.68e-03	1.61e-10
 2.82081e+15	9.97e-01	2.66e-03	1.61e-10
 2.82147e+15	9.97e-01	2.63e-03	1.60e-10
 2.82220e+15	9.97e-01	2.61e-03	1.59e-10
 2.82285e+15	9.97e-01	2.59e-03	1.59e-10
 2.82357e+15	9.97e-01	2.57e-03	1.59e-10
 2.82451e+15	9.97e-01	2.55e-03	1.58e-10
 2.82551e+15	9.97e-01	2.52e-03	1.58e-10
 2.82662e+15	9.98e-01	2.50e-03	1.58e-10
 2.82781e+15	9.98e-01	2.47e-03	1.58e-10
 2.82890e+15	9.98e-01	2.44e-03	1.57e-10
 2.82989e+15	9.98e-01	2.42e-03	1.57e-10
 2.83097e+15	9.98e-01	2.39e-03	1.57e-10
 2.83214e+15	9.98e-01	2.37e-03	1.56e-10
