#depth	O	O+	O+2	O+3	O+4	O+5	O+6	O+7	O+8	O[1]	O[2]	O[3]
 4.96145e+11	4.07e-06	8.89e-03	9.63e-01	2.85e-02	1.25e-06	0.00e+00	0.00e+00	0.00e+00	0.00e+00	2.80e-06	8.63e-07	4.02e-07
 2.97687e+12	4.07e-06	8.88e-03	9.63e-01	2.84e-02	1.24e-06	0.00e+00	0.00e+00	0.00e+00	0.00e+00	2.80e-06	8.62e-07	4.02e-07
 1.28998e+13	4.07e-06	8.88e-03	9.63e-01	2.80e-02	1.22e-06	0.00e+00	0.00e+00	0.00e+00	0.00e+00	2.80e-06	8.63e-07	4.02e-07
 5.25913e+13	4.08e-06	8.91e-03	9.65e-01	2.66e-02	1.13e-06	0.00e+00	0.00e+00	0.00e+00	0.00e+00	2.81e-06	8.66e-07	4.03e-07
 1.25624e+14	4.08e-06	8.93e-03	9.66e-01	2.46e-02	1.00e-06	0.00e+00	0.00e+00	0.00e+00	0.00e+00	2.81e-06	8.66e-07	4.03e-07
 2.20566e+14	4.09e-06	8.97e-03	9.69e-01	2.22e-02	8.56e-07	0.00e+00	0.00e+00	0.00e+00	0.00e+00	2.82e-06	8.68e-07	4.04e-07
 3.43991e+14	4.11e-06	9.02e-03	9.72e-01	1.94e-02	6.96e-07	0.00e+00	0.00e+00	0.00e+00	0.00e+00	2.83e-06	8.73e-07	4.06e-07
 5.04443e+14	4.14e-06	9.08e-03	9.75e-01	1.61e-02	5.28e-07	0.00e+00	0.00e+00	0.00e+00	0.00e+00	2.85e-06	8.79e-07	4.09e-07
 7.13031e+14	4.19e-06	9.17e-03	9.78e-01	1.26e-02	3.67e-07	0.00e+00	0.00e+00	0.00e+00	0.00e+00	2.88e-06	8.89e-07	4.14e-07
 9.84196e+14	4.25e-06	9.28e-03	9.82e-01	9.08e-03	2.26e-07	0.00e+00	0.00e+00	0.00e+00	0.00e+00	2.93e-06	9.02e-07	4.20e-07
 1.33671e+15	4.34e-06	9.43e-03	9.85e-01	5.89e-03	0.00e+00	0.00e+00	0.00e+00	0.00e+00	0.00e+00	2.99e-06	9.22e-07	4.30e-07
 1.79498e+15	4.47e-06	9.60e-03	9.87e-01	3.35e-03	0.00e+00	0.00e+00	0.00e+00	0.00e+00	0.00e+00	3.08e-06	9.49e-07	4.43e-07
 2.39073e+15	4.65e-06	9.83e-03	9.89e-01	1.64e-03	0.00e+00	0.00e+00	0.00e+00	0.00e+00	0.00e+00	3.20e-06	9.87e-07	4.61e-07
 3.16520e+15	4.91e-06	1.01e-02	9.89e-01	6.88e-04	0.00e+00	0.00e+00	0.00e+00	0.00e+00	0.00e+00	3.38e-06	1.04e-06	4.86e-07
 4.17201e+15	5.28e-06	1.05e-02	9.89e-01	2.58e-04	0.00e+00	0.00e+00	0.00e+00	0.00e+00	0.00e+00	3.64e-06	1.12e-06	5.23e-07
 5.48087e+15	5.84e-06	1.10e-02	9.89e-01	1.02e-04	0.00e+00	0.00e+00	0.00e+00	0.00e+00	0.00e+00	4.02e-06	1.24e-06	5.79e-07
 7.18239e+15	6.70e-06	1.17e-02	9.88e-01	5.48e-05	0.00e+00	0.00e+00	0.00e+00	0.00e+00	0.00e+00	4.61e-06	1.42e-06	6.64e-07
 9.39436e+15	8.09e-06	1.27e-02	9.87e-01	3.98e-05	0.00e+00	0.00e+00	0.00e+00	0.00e+00	0.00e+00	5.57e-06	1.71e-06	8.02e-07
 1.22699e+16	1.05e-05	1.42e-02	9.86e-01	3.22e-05	0.00e+00	0.00e+00	0.00e+00	0.00e+00	0.00e+00	7.23e-06	2.23e-06	1.04e-06
 1.58993e+16	1.50e-05	1.65e-02	9.83e-01	2.62e-05	0.00e+00	0.00e+00	0.00e+00	0.00e+00	0.00e+00	1.03e-05	3.17e-06	1.49e-06
 1.87985e+16	1.98e-05	1.85e-02	9.82e-01	2.25e-05	0.00e+00	0.00e+00	0.00e+00	0.00e+00	0.00e+00	1.36e-05	4.19e-06	1.96e-06
 2.06784e+16	2.46e-05	2.01e-02	9.80e-01	2.02e-05	0.00e+00	0.00e+00	0.00e+00	0.00e+00	0.00e+00	1.70e-05	5.21e-06	2.45e-06
 2.27462e+16	3.17e-05	2.23e-02	9.78e-01	1.81e-05	0.00e+00	0.00e+00	0.00e+00	0.00e+00	0.00e+00	2.18e-05	6.71e-06	3.15e-06
 2.50208e+16	4.28e-05	2.52e-02	9.75e-01	1.58e-05	0.00e+00	0.00e+00	0.00e+00	0.00e+00	0.00e+00	2.95e-05	9.05e-06	4.25e-06
 2.67570e+16	5.43e-05	2.78e-02	9.72e-01	1.44e-05	0.00e+00	0.00e+00	0.00e+00	0.00e+00	0.00e+00	3.74e-05	1.15e-05	5.38e-06
 2.76267e+16	6.17e-05	2.93e-02	9.71e-01	1.36e-05	0.00e+00	0.00e+00	0.00e+00	0.00e+00	0.00e+00	4.25e-05	1.30e-05	6.12e-06
 2.83742e+16	6.94e-05	3.08e-02	9.69e-01	1.29e-05	0.00e+00	0.00e+00	0.00e+00	0.00e+00	0.00e+00	4.78e-05	1.47e-05	6.89e-06
 2.93461e+16	8.13e-05	3.29e-02	9.67e-01	1.21e-05	0.00e+00	0.00e+00	0.00e+00	0.00e+00	0.00e+00	5.60e-05	1.72e-05	8.07e-06
 3.04140e+16	9.73e-05	3.55e-02	9.64e-01	1.12e-05	0.00e+00	0.00e+00	0.00e+00	0.00e+00	0.00e+00	6.71e-05	2.06e-05	9.65e-06
 3.13582e+16	1.15e-04	3.81e-02	9.62e-01	1.05e-05	0.00e+00	0.00e+00	0.00e+00	0.00e+00	0.00e+00	7.91e-05	2.43e-05	1.14e-05
 3.21691e+16	1.34e-04	4.07e-02	9.59e-01	9.81e-06	0.00e+00	0.00e+00	0.00e+00	0.00e+00	0.00e+00	9.20e-05	2.82e-05	1.32e-05
 3.30551e+16	1.59e-04	4.39e-02	9.56e-01	9.13e-06	0.00e+00	0.00e+00	0.00e+00	0.00e+00	0.00e+00	1.09e-04	3.35e-05	1.57e-05
 3.39931e+16	1.92e-04	4.78e-02	9.52e-01	8.40e-06	0.00e+00	0.00e+00	0.00e+00	0.00e+00	0.00e+00	1.32e-04	4.05e-05	1.90e-05
 3.47779e+16	2.26e-04	5.15e-02	9.48e-01	7.84e-06	0.00e+00	0.00e+00	0.00e+00	0.00e+00	0.00e+00	1.56e-04	4.78e-05	2.24e-05
 3.54493e+16	2.63e-04	5.52e-02	9.45e-01	7.33e-06	0.00e+00	0.00e+00	0.00e+00	0.00e+00	0.00e+00	1.81e-04	5.55e-05	2.60e-05
 3.61942e+16	3.12e-04	5.98e-02	9.40e-01	6.77e-06	0.00e+00	0.00e+00	0.00e+00	0.00e+00	0.00e+00	2.15e-04	6.60e-05	3.09e-05
 3.69939e+16	3.79e-04	6.55e-02	9.34e-01	6.20e-06	0.00e+00	0.00e+00	0.00e+00	0.00e+00	0.00e+00	2.61e-04	8.01e-05	3.75e-05
 3.76788e+16	4.51e-04	7.10e-02	9.29e-01	5.71e-06	0.00e+00	0.00e+00	0.00e+00	0.00e+00	0.00e+00	3.11e-04	9.53e-05	4.46e-05
 3.82697e+16	5.27e-04	7.65e-02	9.23e-01	5.32e-06	0.00e+00	0.00e+00	0.00e+00	0.00e+00	0.00e+00	3.64e-04	1.11e-04	5.20e-05
 3.89242e+16	6.34e-04	8.36e-02	9.16e-01	4.85e-06	0.00e+00	0.00e+00	0.00e+00	0.00e+00	0.00e+00	4.38e-04	1.34e-04	6.26e-05
 3.96239e+16	7.75e-04	9.22e-02	9.07e-01	4.39e-06	0.00e+00	0.00e+00	0.00e+00	0.00e+00	0.00e+00	5.35e-04	1.64e-04	7.64e-05
 4.02263e+16	9.32e-04	1.01e-01	8.98e-01	3.98e-06	0.00e+00	0.00e+00	0.00e+00	0.00e+00	0.00e+00	6.43e-04	1.97e-04	9.19e-05
 4.07538e+16	1.10e-03	1.10e-01	8.89e-01	3.67e-06	0.00e+00	0.00e+00	0.00e+00	0.00e+00	0.00e+00	7.61e-04	2.33e-04	1.09e-04
 4.13400e+16	1.34e-03	1.21e-01	8.78e-01	3.28e-06	0.00e+00	0.00e+00	0.00e+00	0.00e+00	0.00e+00	9.28e-04	2.84e-04	1.32e-04
 4.19678e+16	1.67e-03	1.34e-01	8.64e-01	2.91e-06	0.00e+00	0.00e+00	0.00e+00	0.00e+00	0.00e+00	1.15e-03	3.53e-04	1.65e-04
 4.25081e+16	2.04e-03	1.48e-01	8.49e-01	2.59e-06	0.00e+00	0.00e+00	0.00e+00	0.00e+00	0.00e+00	1.41e-03	4.30e-04	2.01e-04
 4.29725e+16	2.44e-03	1.62e-01	8.35e-01	2.34e-06	0.00e+00	0.00e+00	0.00e+00	0.00e+00	0.00e+00	1.69e-03	5.15e-04	2.40e-04
 4.34797e+16	3.01e-03	1.80e-01	8.17e-01	2.05e-06	0.00e+00	0.00e+00	0.00e+00	0.00e+00	0.00e+00	2.08e-03	6.34e-04	2.96e-04
 4.40141e+16	3.77e-03	2.01e-01	7.95e-01	1.77e-06	0.00e+00	0.00e+00	0.00e+00	0.00e+00	0.00e+00	2.60e-03	7.94e-04	3.70e-04
 4.44588e+16	4.60e-03	2.22e-01	7.73e-01	1.54e-06	0.00e+00	0.00e+00	0.00e+00	0.00e+00	0.00e+00	3.18e-03	9.69e-04	4.52e-04
 4.48333e+16	5.48e-03	2.42e-01	7.53e-01	1.36e-06	0.00e+00	0.00e+00	0.00e+00	0.00e+00	0.00e+00	3.79e-03	1.15e-03	5.38e-04
 4.52422e+16	6.72e-03	2.67e-01	7.26e-01	1.18e-06	0.00e+00	0.00e+00	0.00e+00	0.00e+00	0.00e+00	4.64e-03	1.41e-03	6.59e-04
 4.56782e+16	8.40e-03	2.97e-01	6.95e-01	9.84e-07	0.00e+00	0.00e+00	0.00e+00	0.00e+00	0.00e+00	5.81e-03	1.77e-03	8.24e-04
 4.60469e+16	1.02e-02	3.26e-01	6.64e-01	8.36e-07	0.00e+00	0.00e+00	0.00e+00	0.00e+00	0.00e+00	7.08e-03	2.15e-03	1.00e-03
 4.63600e+16	1.22e-02	3.54e-01	6.34e-01	7.17e-07	0.00e+00	0.00e+00	0.00e+00	0.00e+00	0.00e+00	8.45e-03	2.56e-03	1.20e-03
 4.67035e+16	1.49e-02	3.87e-01	5.98e-01	5.92e-07	0.00e+00	0.00e+00	0.00e+00	0.00e+00	0.00e+00	1.03e-02	3.13e-03	1.46e-03
 4.70715e+16	1.87e-02	4.27e-01	5.54e-01	4.70e-07	0.00e+00	0.00e+00	0.00e+00	0.00e+00	0.00e+00	1.29e-02	3.92e-03	1.83e-03
 4.73834e+16	2.28e-02	4.64e-01	5.13e-01	3.79e-07	0.00e+00	0.00e+00	0.00e+00	0.00e+00	0.00e+00	1.58e-02	4.77e-03	2.23e-03
 4.76470e+16	2.72e-02	4.97e-01	4.76e-01	3.10e-07	0.00e+00	0.00e+00	0.00e+00	0.00e+00	0.00e+00	1.88e-02	5.68e-03	2.66e-03
 4.79359e+16	3.32e-02	5.36e-01	4.30e-01	2.40e-07	0.00e+00	0.00e+00	0.00e+00	0.00e+00	0.00e+00	2.30e-02	6.92e-03	3.24e-03
 4.82467e+16	4.13e-02	5.79e-01	3.80e-01	1.77e-07	0.00e+00	0.00e+00	0.00e+00	0.00e+00	0.00e+00	2.87e-02	8.59e-03	4.03e-03
 4.85149e+16	5.04e-02	6.16e-01	3.33e-01	1.31e-07	0.00e+00	0.00e+00	0.00e+00	0.00e+00	0.00e+00	3.50e-02	1.05e-02	4.91e-03
 4.87455e+16	6.00e-02	6.48e-01	2.92e-01	0.00e+00	0.00e+00	0.00e+00	0.00e+00	0.00e+00	0.00e+00	4.17e-02	1.24e-02	5.85e-03
 4.89985e+16	7.30e-02	6.80e-01	2.47e-01	0.00e+00	0.00e+00	0.00e+00	0.00e+00	0.00e+00	0.00e+00	5.08e-02	1.51e-02	7.11e-03
 4.92337e+16	8.79e-02	7.05e-01	2.07e-01	0.00e+00	0.00e+00	0.00e+00	0.00e+00	0.00e+00	0.00e+00	6.13e-02	1.81e-02	8.56e-03
 4.93862e+16	9.93e-02	7.19e-01	1.81e-01	0.00e+00	0.00e+00	0.00e+00	0.00e+00	0.00e+00	0.00e+00	6.93e-02	2.03e-02	9.66e-03
 4.95050e+16	1.09e-01	7.28e-01	1.62e-01	0.00e+00	0.00e+00	0.00e+00	0.00e+00	0.00e+00	0.00e+00	7.64e-02	2.24e-02	1.06e-02
 4.96397e+16	1.23e-01	7.37e-01	1.41e-01	0.00e+00	0.00e+00	0.00e+00	0.00e+00	0.00e+00	0.00e+00	8.56e-02	2.49e-02	1.19e-02
 4.97892e+16	1.39e-01	7.42e-01	1.19e-01	0.00e+00	0.00e+00	0.00e+00	0.00e+00	0.00e+00	0.00e+00	9.73e-02	2.81e-02	1.35e-02
 4.99231e+16	1.56e-01	7.43e-01	1.01e-01	0.00e+00	0.00e+00	0.00e+00	0.00e+00	0.00e+00	0.00e+00	1.09e-01	3.13e-02	1.51e-02
 5.00369e+16	1.72e-01	7.42e-01	8.68e-02	0.00e+00	0.00e+00	0.00e+00	0.00e+00	0.00e+00	0.00e+00	1.20e-01	3.44e-02	1.66e-02
 5.01426e+16	1.87e-01	7.38e-01	7.49e-02	0.00e+00	0.00e+00	0.00e+00	0.00e+00	0.00e+00	0.00e+00	1.32e-01	3.74e-02	1.81e-02
 5.02628e+16	2.08e-01	7.30e-01	6.21e-02	0.00e+00	0.00e+00	0.00e+00	0.00e+00	0.00e+00	0.00e+00	1.47e-01	4.12e-02	2.00e-02
 5.03878e+16	2.32e-01	7.18e-01	5.05e-02	0.00e+00	0.00e+00	0.00e+00	0.00e+00	0.00e+00	0.00e+00	1.64e-01	4.56e-02	2.23e-02
 5.04897e+16	2.53e-01	7.05e-01	4.22e-02	0.00e+00	0.00e+00	0.00e+00	0.00e+00	0.00e+00	0.00e+00	1.79e-01	4.94e-02	2.42e-02
 5.05764e+16	2.72e-01	6.92e-01	3.59e-02	0.00e+00	0.00e+00	0.00e+00	0.00e+00	0.00e+00	0.00e+00	1.93e-01	5.27e-02	2.60e-02
 5.06729e+16	2.96e-01	6.75e-01	2.95e-02	0.00e+00	0.00e+00	0.00e+00	0.00e+00	0.00e+00	0.00e+00	2.11e-01	5.68e-02	2.82e-02
 5.07774e+16	3.23e-01	6.53e-01	2.37e-02	0.00e+00	0.00e+00	0.00e+00	0.00e+00	0.00e+00	0.00e+00	2.31e-01	6.14e-02	3.07e-02
 5.08690e+16	3.49e-01	6.32e-01	1.92e-02	0.00e+00	0.00e+00	0.00e+00	0.00e+00	0.00e+00	0.00e+00	2.50e-01	6.55e-02	3.30e-02
 5.09496e+16	3.72e-01	6.12e-01	1.60e-02	0.00e+00	0.00e+00	0.00e+00	0.00e+00	0.00e+00	0.00e+00	2.68e-01	6.91e-02	3.51e-02
 5.10388e+16	4.00e-01	5.87e-01	1.27e-02	0.00e+00	0.00e+00	0.00e+00	0.00e+00	0.00e+00	0.00e+00	2.89e-01	7.34e-02	3.75e-02
 5.11356e+16	4.32e-01	5.58e-01	9.88e-03	0.00e+00	0.00e+00	0.00e+00	0.00e+00	0.00e+00	0.00e+00	3.14e-01	7.79e-02	4.02e-02
 5.12207e+16	4.61e-01	5.31e-01	7.81e-03	0.00e+00	0.00e+00	0.00e+00	0.00e+00	0.00e+00	0.00e+00	3.37e-01	8.19e-02	4.27e-02
 5.12959e+16	4.87e-01	5.07e-01	6.31e-03	0.00e+00	0.00e+00	0.00e+00	0.00e+00	0.00e+00	0.00e+00	3.57e-01	8.51e-02	4.47e-02
 5.13666e+16	5.12e-01	4.83e-01	5.11e-03	0.00e+00	0.00e+00	0.00e+00	0.00e+00	0.00e+00	0.00e+00	3.77e-01	8.80e-02	4.67e-02
 5.14355e+16	5.37e-01	4.59e-01	4.12e-03	0.00e+00	0.00e+00	0.00e+00	0.00e+00	0.00e+00	0.00e+00	3.98e-01	9.08e-02	4.86e-02
 5.15039e+16	5.61e-01	4.35e-01	3.32e-03	0.00e+00	0.00e+00	0.00e+00	0.00e+00	0.00e+00	0.00e+00	4.18e-01	9.32e-02	5.04e-02
 5.15665e+16	5.84e-01	4.13e-01	2.70e-03	0.00e+00	0.00e+00	0.00e+00	0.00e+00	0.00e+00	0.00e+00	4.37e-01	9.53e-02	5.20e-02
 5.16116e+16	5.99e-01	3.98e-01	2.34e-03	0.00e+00	0.00e+00	0.00e+00	0.00e+00	0.00e+00	0.00e+00	4.50e-01	9.66e-02	5.30e-02
 5.16415e+16	6.09e-01	3.89e-01	2.13e-03	0.00e+00	0.00e+00	0.00e+00	0.00e+00	0.00e+00	0.00e+00	4.58e-01	9.72e-02	5.37e-02
 5.16727e+16	6.20e-01	3.78e-01	1.91e-03	0.00e+00	0.00e+00	0.00e+00	0.00e+00	0.00e+00	0.00e+00	4.68e-01	9.80e-02	5.44e-02
 5.17100e+16	6.33e-01	3.65e-01	1.67e-03	0.00e+00	0.00e+00	0.00e+00	0.00e+00	0.00e+00	0.00e+00	4.79e-01	9.88e-02	5.52e-02
 5.17475e+16	6.46e-01	3.52e-01	1.46e-03	0.00e+00	0.00e+00	0.00e+00	0.00e+00	0.00e+00	0.00e+00	4.91e-01	9.95e-02	5.59e-02
 5.17822e+16	6.58e-01	3.40e-01	1.29e-03	0.00e+00	0.00e+00	0.00e+00	0.00e+00	0.00e+00	0.00e+00	5.02e-01	1.00e-01	5.66e-02
 5.18151e+16	6.69e-01	3.30e-01	1.14e-03	0.00e+00	0.00e+00	0.00e+00	0.00e+00	0.00e+00	0.00e+00	5.11e-01	1.01e-01	5.72e-02
 5.18485e+16	6.81e-01	3.18e-01	1.01e-03	0.00e+00	0.00e+00	0.00e+00	0.00e+00	0.00e+00	0.00e+00	5.22e-01	1.01e-01	5.77e-02
 5.18827e+16	6.93e-01	3.07e-01	8.86e-04	0.00e+00	0.00e+00	0.00e+00	0.00e+00	0.00e+00	0.00e+00	5.33e-01	1.01e-01	5.83e-02
 5.19158e+16	7.04e-01	2.96e-01	7.80e-04	0.00e+00	0.00e+00	0.00e+00	0.00e+00	0.00e+00	0.00e+00	5.43e-01	1.01e-01	5.88e-02
 5.19481e+16	7.14e-01	2.85e-01	6.88e-04	0.00e+00	0.00e+00	0.00e+00	0.00e+00	0.00e+00	0.00e+00	5.53e-01	1.02e-01	5.92e-02
 5.19808e+16	7.25e-01	2.75e-01	6.04e-04	0.00e+00	0.00e+00	0.00e+00	0.00e+00	0.00e+00	0.00e+00	5.63e-01	1.02e-01	5.96e-02
 5.20133e+16	7.35e-01	2.65e-01	5.31e-04	0.00e+00	0.00e+00	0.00e+00	0.00e+00	0.00e+00	0.00e+00	5.73e-01	1.02e-01	6.00e-02
 5.20454e+16	7.45e-01	2.54e-01	4.65e-04	0.00e+00	0.00e+00	0.00e+00	0.00e+00	0.00e+00	0.00e+00	5.83e-01	1.01e-01	6.03e-02
 5.20772e+16	7.54e-01	2.45e-01	4.09e-04	0.00e+00	0.00e+00	0.00e+00	0.00e+00	0.00e+00	0.00e+00	5.92e-01	1.01e-01	6.05e-02
 5.21091e+16	7.64e-01	2.36e-01	3.58e-04	0.00e+00	0.00e+00	0.00e+00	0.00e+00	0.00e+00	0.00e+00	6.02e-01	1.01e-01	6.07e-02
 5.21412e+16	7.74e-01	2.26e-01	3.13e-04	0.00e+00	0.00e+00	0.00e+00	0.00e+00	0.00e+00	0.00e+00	6.12e-01	1.01e-01	6.09e-02
 5.21722e+16	7.82e-01	2.17e-01	2.74e-04	0.00e+00	0.00e+00	0.00e+00	0.00e+00	0.00e+00	0.00e+00	6.21e-01	1.00e-01	6.10e-02
 5.22030e+16	7.91e-01	2.09e-01	2.40e-04	0.00e+00	0.00e+00	0.00e+00	0.00e+00	0.00e+00	0.00e+00	6.30e-01	1.00e-01	6.11e-02
 5.22341e+16	7.99e-01	2.00e-01	2.10e-04	0.00e+00	0.00e+00	0.00e+00	0.00e+00	0.00e+00	0.00e+00	6.39e-01	9.95e-02	6.12e-02
 5.22651e+16	8.08e-01	1.92e-01	1.83e-04	0.00e+00	0.00e+00	0.00e+00	0.00e+00	0.00e+00	0.00e+00	6.48e-01	9.89e-02	6.12e-02
 5.22956e+16	8.16e-01	1.84e-01	1.60e-04	0.00e+00	0.00e+00	0.00e+00	0.00e+00	0.00e+00	0.00e+00	6.56e-01	9.84e-02	6.12e-02
 5.23260e+16	8.23e-01	1.77e-01	1.39e-04	0.00e+00	0.00e+00	0.00e+00	0.00e+00	0.00e+00	0.00e+00	6.64e-01	9.77e-02	6.11e-02
 5.23566e+16	8.31e-01	1.69e-01	1.21e-04	0.00e+00	0.00e+00	0.00e+00	0.00e+00	0.00e+00	0.00e+00	6.73e-01	9.70e-02	6.10e-02
 5.23866e+16	8.38e-01	1.62e-01	1.06e-04	0.00e+00	0.00e+00	0.00e+00	0.00e+00	0.00e+00	0.00e+00	6.81e-01	9.63e-02	6.09e-02
 5.24162e+16	8.45e-01	1.55e-01	9.23e-05	0.00e+00	0.00e+00	0.00e+00	0.00e+00	0.00e+00	0.00e+00	6.88e-01	9.56e-02	6.07e-02
 5.24461e+16	8.52e-01	1.48e-01	8.02e-05	0.00e+00	0.00e+00	0.00e+00	0.00e+00	0.00e+00	0.00e+00	6.96e-01	9.48e-02	6.06e-02
 5.24759e+16	8.58e-01	1.42e-01	6.98e-05	0.00e+00	0.00e+00	0.00e+00	0.00e+00	0.00e+00	0.00e+00	7.03e-01	9.41e-02	6.04e-02
 5.25047e+16	8.64e-01	1.36e-01	6.09e-05	0.00e+00	0.00e+00	0.00e+00	0.00e+00	0.00e+00	0.00e+00	7.11e-01	9.33e-02	6.01e-02
 5.25334e+16	8.70e-01	1.30e-01	5.31e-05	0.00e+00	0.00e+00	0.00e+00	0.00e+00	0.00e+00	0.00e+00	7.18e-01	9.25e-02	5.99e-02
 5.25624e+16	8.76e-01	1.24e-01	4.61e-05	0.00e+00	0.00e+00	0.00e+00	0.00e+00	0.00e+00	0.00e+00	7.24e-01	9.16e-02	5.96e-02
 5.25912e+16	8.81e-01	1.19e-01	4.01e-05	0.00e+00	0.00e+00	0.00e+00	0.00e+00	0.00e+00	0.00e+00	7.31e-01	9.08e-02	5.93e-02
 5.26190e+16	8.86e-01	1.14e-01	3.50e-05	0.00e+00	0.00e+00	0.00e+00	0.00e+00	0.00e+00	0.00e+00	7.37e-01	8.99e-02	5.90e-02
 5.26460e+16	8.91e-01	1.09e-01	3.07e-05	0.00e+00	0.00e+00	0.00e+00	0.00e+00	0.00e+00	0.00e+00	7.43e-01	8.92e-02	5.87e-02
 5.26729e+16	8.95e-01	1.05e-01	2.68e-05	0.00e+00	0.00e+00	0.00e+00	0.00e+00	0.00e+00	0.00e+00	7.49e-01	8.83e-02	5.84e-02
 5.26997e+16	9.00e-01	1.00e-01	2.35e-05	0.00e+00	0.00e+00	0.00e+00	0.00e+00	0.00e+00	0.00e+00	7.54e-01	8.75e-02	5.80e-02
 5.27264e+16	9.04e-01	9.58e-02	2.05e-05	0.00e+00	0.00e+00	0.00e+00	0.00e+00	0.00e+00	0.00e+00	7.60e-01	8.67e-02	5.77e-02
 5.27524e+16	9.08e-01	9.19e-02	1.80e-05	0.00e+00	0.00e+00	0.00e+00	0.00e+00	0.00e+00	0.00e+00	7.65e-01	8.59e-02	5.74e-02
 5.27779e+16	9.12e-01	8.81e-02	1.58e-05	0.00e+00	0.00e+00	0.00e+00	0.00e+00	0.00e+00	0.00e+00	7.70e-01	8.52e-02	5.70e-02
 5.28030e+16	9.16e-01	8.44e-02	1.39e-05	0.00e+00	0.00e+00	0.00e+00	0.00e+00	0.00e+00	0.00e+00	7.74e-01	8.44e-02	5.67e-02
 5.28282e+16	9.19e-01	8.09e-02	1.22e-05	0.00e+00	0.00e+00	0.00e+00	0.00e+00	0.00e+00	0.00e+00	7.79e-01	8.36e-02	5.63e-02
 5.28532e+16	9.22e-01	7.76e-02	1.08e-05	0.00e+00	0.00e+00	0.00e+00	0.00e+00	0.00e+00	0.00e+00	7.83e-01	8.29e-02	5.60e-02
 5.28777e+16	9.26e-01	7.45e-02	9.48e-06	0.00e+00	0.00e+00	0.00e+00	0.00e+00	0.00e+00	0.00e+00	7.88e-01	8.22e-02	5.57e-02
 5.29017e+16	9.29e-01	7.14e-02	8.36e-06	0.00e+00	0.00e+00	0.00e+00	0.00e+00	0.00e+00	0.00e+00	7.92e-01	8.15e-02	5.53e-02
 5.29255e+16	9.31e-01	6.85e-02	7.38e-06	0.00e+00	0.00e+00	0.00e+00	0.00e+00	0.00e+00	0.00e+00	7.96e-01	8.08e-02	5.50e-02
 5.29495e+16	9.34e-01	6.58e-02	6.51e-06	0.00e+00	0.00e+00	0.00e+00	0.00e+00	0.00e+00	0.00e+00	7.99e-01	8.02e-02	5.47e-02
 5.29733e+16	9.37e-01	6.31e-02	5.75e-06	0.00e+00	0.00e+00	0.00e+00	0.00e+00	0.00e+00	0.00e+00	8.03e-01	7.95e-02	5.43e-02
 5.29962e+16	9.39e-01	6.06e-02	5.09e-06	0.00e+00	0.00e+00	0.00e+00	0.00e+00	0.00e+00	0.00e+00	8.07e-01	7.88e-02	5.40e-02
 5.30189e+16	9.42e-01	5.82e-02	4.51e-06	0.00e+00	0.00e+00	0.00e+00	0.00e+00	0.00e+00	0.00e+00	8.10e-01	7.82e-02	5.37e-02
 5.30420e+16	9.44e-01	5.60e-02	3.99e-06	0.00e+00	0.00e+00	0.00e+00	0.00e+00	0.00e+00	0.00e+00	8.13e-01	7.76e-02	5.33e-02
 5.30652e+16	9.46e-01	5.36e-02	3.53e-06	0.00e+00	0.00e+00	0.00e+00	0.00e+00	0.00e+00	0.00e+00	8.16e-01	7.70e-02	5.29e-02
 5.30874e+16	9.49e-01	5.15e-02	3.13e-06	0.00e+00	0.00e+00	0.00e+00	0.00e+00	0.00e+00	0.00e+00	8.20e-01	7.64e-02	5.26e-02
 5.31091e+16	9.50e-01	4.95e-02	2.79e-06	0.00e+00	0.00e+00	0.00e+00	0.00e+00	0.00e+00	0.00e+00	8.22e-01	7.58e-02	5.22e-02
 5.31309e+16	9.52e-01	4.77e-02	2.48e-06	0.00e+00	0.00e+00	0.00e+00	0.00e+00	0.00e+00	0.00e+00	8.25e-01	7.53e-02	5.19e-02
 5.31532e+16	9.54e-01	4.57e-02	2.20e-06	0.00e+00	0.00e+00	0.00e+00	0.00e+00	0.00e+00	0.00e+00	8.28e-01	7.47e-02	5.15e-02
 5.31751e+16	9.56e-01	4.38e-02	1.95e-06	0.00e+00	0.00e+00	0.00e+00	0.00e+00	0.00e+00	0.00e+00	8.31e-01	7.42e-02	5.12e-02
 5.31963e+16	9.58e-01	4.21e-02	1.74e-06	0.00e+00	0.00e+00	0.00e+00	0.00e+00	0.00e+00	0.00e+00	8.33e-01	7.36e-02	5.09e-02
 5.32173e+16	9.59e-01	4.06e-02	1.55e-06	0.00e+00	0.00e+00	0.00e+00	0.00e+00	0.00e+00	0.00e+00	8.36e-01	7.32e-02	5.06e-02
 5.32390e+16	9.61e-01	3.89e-02	1.38e-06	0.00e+00	0.00e+00	0.00e+00	0.00e+00	0.00e+00	0.00e+00	8.38e-01	7.27e-02	5.02e-02
 5.32603e+16	9.63e-01	3.74e-02	1.23e-06	0.00e+00	0.00e+00	0.00e+00	0.00e+00	0.00e+00	0.00e+00	8.41e-01	7.22e-02	4.99e-02
 5.32806e+16	9.64e-01	3.59e-02	1.10e-06	0.00e+00	0.00e+00	0.00e+00	0.00e+00	0.00e+00	0.00e+00	8.43e-01	7.17e-02	4.96e-02
 5.33008e+16	9.65e-01	3.45e-02	9.81e-07	0.00e+00	0.00e+00	0.00e+00	0.00e+00	0.00e+00	0.00e+00	8.45e-01	7.13e-02	4.93e-02
 5.33218e+16	9.67e-01	3.31e-02	8.73e-07	0.00e+00	0.00e+00	0.00e+00	0.00e+00	0.00e+00	0.00e+00	8.47e-01	7.08e-02	4.90e-02
 5.33431e+16	9.68e-01	3.17e-02	7.76e-07	0.00e+00	0.00e+00	0.00e+00	0.00e+00	0.00e+00	0.00e+00	8.49e-01	7.04e-02	4.88e-02
 5.33633e+16	9.70e-01	3.05e-02	6.94e-07	0.00e+00	0.00e+00	0.00e+00	0.00e+00	0.00e+00	0.00e+00	8.51e-01	6.99e-02	4.85e-02
 5.33827e+16	9.71e-01	2.94e-02	6.24e-07	0.00e+00	0.00e+00	0.00e+00	0.00e+00	0.00e+00	0.00e+00	8.53e-01	6.96e-02	4.82e-02
 5.34018e+16	9.72e-01	2.83e-02	5.62e-07	0.00e+00	0.00e+00	0.00e+00	0.00e+00	0.00e+00	0.00e+00	8.55e-01	6.92e-02	4.80e-02
 5.34209e+16	9.73e-01	2.72e-02	5.05e-07	0.00e+00	0.00e+00	0.00e+00	0.00e+00	0.00e+00	0.00e+00	8.56e-01	6.88e-02	4.77e-02
 5.34406e+16	9.74e-01	2.61e-02	4.52e-07	0.00e+00	0.00e+00	0.00e+00	0.00e+00	0.00e+00	0.00e+00	8.58e-01	6.84e-02	4.75e-02
 5.34602e+16	9.75e-01	2.50e-02	4.05e-07	0.00e+00	0.00e+00	0.00e+00	0.00e+00	0.00e+00	0.00e+00	8.60e-01	6.81e-02	4.72e-02
 5.34790e+16	9.76e-01	2.40e-02	3.65e-07	0.00e+00	0.00e+00	0.00e+00	0.00e+00	0.00e+00	0.00e+00	8.61e-01	6.77e-02	4.70e-02
 5.34972e+16	9.77e-01	2.31e-02	3.29e-07	0.00e+00	0.00e+00	0.00e+00	0.00e+00	0.00e+00	0.00e+00	8.63e-01	6.74e-02	4.68e-02
 5.35156e+16	9.78e-01	2.21e-02	2.97e-07	0.00e+00	0.00e+00	0.00e+00	0.00e+00	0.00e+00	0.00e+00	8.64e-01	6.70e-02	4.65e-02
 5.35341e+16	9.79e-01	2.12e-02	2.67e-07	0.00e+00	0.00e+00	0.00e+00	0.00e+00	0.00e+00	0.00e+00	8.66e-01	6.67e-02	4.63e-02
 5.35519e+16	9.80e-01	2.04e-02	2.42e-07	0.00e+00	0.00e+00	0.00e+00	0.00e+00	0.00e+00	0.00e+00	8.67e-01	6.64e-02	4.61e-02
 5.35687e+16	9.80e-01	1.96e-02	2.20e-07	0.00e+00	0.00e+00	0.00e+00	0.00e+00	0.00e+00	0.00e+00	8.68e-01	6.61e-02	4.59e-02
 5.35842e+16	9.81e-01	1.89e-02	2.02e-07	0.00e+00	0.00e+00	0.00e+00	0.00e+00	0.00e+00	0.00e+00	8.70e-01	6.58e-02	4.57e-02
 5.35983e+16	9.82e-01	1.83e-02	1.87e-07	0.00e+00	0.00e+00	0.00e+00	0.00e+00	0.00e+00	0.00e+00	8.71e-01	6.56e-02	4.55e-02
 5.36113e+16	9.82e-01	1.78e-02	1.74e-07	0.00e+00	0.00e+00	0.00e+00	0.00e+00	0.00e+00	0.00e+00	8.72e-01	6.53e-02	4.53e-02
 5.36237e+16	9.83e-01	1.72e-02	1.62e-07	0.00e+00	0.00e+00	0.00e+00	0.00e+00	0.00e+00	0.00e+00	8.72e-01	6.51e-02	4.52e-02
 5.36355e+16	9.83e-01	1.67e-02	1.52e-07	0.00e+00	0.00e+00	0.00e+00	0.00e+00	0.00e+00	0.00e+00	8.73e-01	6.49e-02	4.50e-02
 5.36464e+16	9.84e-01	1.63e-02	1.43e-07	0.00e+00	0.00e+00	0.00e+00	0.00e+00	0.00e+00	0.00e+00	8.74e-01	6.47e-02	4.49e-02
 5.36566e+16	9.84e-01	1.59e-02	1.35e-07	0.00e+00	0.00e+00	0.00e+00	0.00e+00	0.00e+00	0.00e+00	8.75e-01	6.45e-02	4.47e-02
 5.36664e+16	9.85e-01	1.55e-02	1.28e-07	0.00e+00	0.00e+00	0.00e+00	0.00e+00	0.00e+00	0.00e+00	8.76e-01	6.43e-02	4.46e-02
 5.36759e+16	9.85e-01	1.51e-02	1.21e-07	0.00e+00	0.00e+00	0.00e+00	0.00e+00	0.00e+00	0.00e+00	8.76e-01	6.41e-02	4.44e-02
 5.36849e+16	9.85e-01	1.47e-02	1.15e-07	0.00e+00	0.00e+00	0.00e+00	0.00e+00	0.00e+00	0.00e+00	8.77e-01	6.39e-02	4.43e-02
 5.36936e+16	9.86e-01	1.44e-02	1.10e-07	0.00e+00	0.00e+00	0.00e+00	0.00e+00	0.00e+00	0.00e+00	8.78e-01	6.37e-02	4.42e-02
 5.37019e+16	9.86e-01	1.40e-02	1.05e-07	0.00e+00	0.00e+00	0.00e+00	0.00e+00	0.00e+00	0.00e+00	8.78e-01	6.36e-02	4.40e-02
 5.37100e+16	9.86e-01	1.37e-02	1.00e-07	0.00e+00	0.00e+00	0.00e+00	0.00e+00	0.00e+00	0.00e+00	8.79e-01	6.34e-02	4.39e-02
 5.37181e+16	9.87e-01	1.33e-02	9.55e-08	0.00e+00	0.00e+00	0.00e+00	0.00e+00	0.00e+00	0.00e+00	8.80e-01	6.32e-02	4.38e-02
 5.37260e+16	9.87e-01	1.30e-02	9.12e-08	0.00e+00	0.00e+00	0.00e+00	0.00e+00	0.00e+00	0.00e+00	8.80e-01	6.30e-02	4.36e-02
 5.37339e+16	9.87e-01	1.27e-02	8.70e-08	0.00e+00	0.00e+00	0.00e+00	0.00e+00	0.00e+00	0.00e+00	8.81e-01	6.28e-02	4.35e-02
 5.37420e+16	9.88e-01	1.23e-02	8.30e-08	0.00e+00	0.00e+00	0.00e+00	0.00e+00	0.00e+00	0.00e+00	8.82e-01	6.26e-02	4.33e-02
 5.37502e+16	9.88e-01	1.20e-02	7.90e-08	0.00e+00	0.00e+00	0.00e+00	0.00e+00	0.00e+00	0.00e+00	8.83e-01	6.24e-02	4.31e-02
 5.37586e+16	9.88e-01	1.16e-02	7.51e-08	0.00e+00	0.00e+00	0.00e+00	0.00e+00	0.00e+00	0.00e+00	8.83e-01	6.21e-02	4.29e-02
 5.37667e+16	9.89e-01	1.12e-02	7.16e-08	0.00e+00	0.00e+00	0.00e+00	0.00e+00	0.00e+00	0.00e+00	8.84e-01	6.19e-02	4.27e-02
 5.37739e+16	9.89e-01	1.09e-02	6.86e-08	0.00e+00	0.00e+00	0.00e+00	0.00e+00	0.00e+00	0.00e+00	8.85e-01	6.16e-02	4.25e-02
 5.37803e+16	9.89e-01	1.06e-02	6.59e-08	0.00e+00	0.00e+00	0.00e+00	0.00e+00	0.00e+00	0.00e+00	8.86e-01	6.14e-02	4.24e-02
 5.37864e+16	9.90e-01	1.04e-02	6.35e-08	0.00e+00	0.00e+00	0.00e+00	0.00e+00	0.00e+00	0.00e+00	8.86e-01	6.12e-02	4.22e-02
 5.37923e+16	9.90e-01	1.01e-02	6.12e-08	0.00e+00	0.00e+00	0.00e+00	0.00e+00	0.00e+00	0.00e+00	8.87e-01	6.10e-02	4.20e-02
 5.37980e+16	9.90e-01	9.87e-03	5.90e-08	0.00e+00	0.00e+00	0.00e+00	0.00e+00	0.00e+00	0.00e+00	8.88e-01	6.08e-02	4.18e-02
 5.38035e+16	9.90e-01	9.63e-03	5.70e-08	0.00e+00	0.00e+00	0.00e+00	0.00e+00	0.00e+00	0.00e+00	8.88e-01	6.06e-02	4.17e-02
 5.38085e+16	9.91e-01	9.41e-03	5.51e-08	0.00e+00	0.00e+00	0.00e+00	0.00e+00	0.00e+00	0.00e+00	8.89e-01	6.04e-02	4.15e-02
 5.38131e+16	9.91e-01	9.21e-03	5.35e-08	0.00e+00	0.00e+00	0.00e+00	0.00e+00	0.00e+00	0.00e+00	8.89e-01	6.02e-02	4.13e-02
 5.38172e+16	9.91e-01	9.03e-03	5.20e-08	0.00e+00	0.00e+00	0.00e+00	0.00e+00	0.00e+00	0.00e+00	8.90e-01	6.00e-02	4.12e-02
 5.38210e+16	9.91e-01	8.86e-03	5.07e-08	0.00e+00	0.00e+00	0.00e+00	0.00e+00	0.00e+00	0.00e+00	8.90e-01	5.98e-02	4.10e-02
 5.38244e+16	9.91e-01	8.71e-03	4.95e-08	0.00e+00	0.00e+00	0.00e+00	0.00e+00	0.00e+00	0.00e+00	8.91e-01	5.97e-02	4.09e-02
 5.38275e+16	9.91e-01	8.60e-03	4.85e-08	0.00e+00	0.00e+00	0.00e+00	0.00e+00	0.00e+00	0.00e+00	8.91e-01	5.96e-02	4.08e-02
 5.38310e+16	9.92e-01	8.44e-03	4.73e-08	0.00e+00	0.00e+00	0.00e+00	0.00e+00	0.00e+00	0.00e+00	8.92e-01	5.94e-02	4.07e-02
 5.38347e+16	9.92e-01	8.28e-03	4.61e-08	0.00e+00	0.00e+00	0.00e+00	0.00e+00	0.00e+00	0.00e+00	8.92e-01	5.92e-02	4.05e-02
 5.38380e+16	9.92e-01	8.15e-03	4.50e-08	0.00e+00	0.00e+00	0.00e+00	0.00e+00	0.00e+00	0.00e+00	8.92e-01	5.90e-02	4.04e-02
 5.38411e+16	9.92e-01	8.03e-03	4.40e-08	0.00e+00	0.00e+00	0.00e+00	0.00e+00	0.00e+00	0.00e+00	8.93e-01	5.88e-02	4.02e-02
 5.38439e+16	9.92e-01	7.92e-03	4.31e-08	0.00e+00	0.00e+00	0.00e+00	0.00e+00	0.00e+00	0.00e+00	8.93e-01	5.87e-02	4.01e-02
 5.38469e+16	9.92e-01	7.79e-03	4.21e-08	0.00e+00	0.00e+00	0.00e+00	0.00e+00	0.00e+00	0.00e+00	8.94e-01	5.85e-02	4.00e-02
 5.38502e+16	9.92e-01	7.65e-03	4.10e-08	0.00e+00	0.00e+00	0.00e+00	0.00e+00	0.00e+00	0.00e+00	8.94e-01	5.83e-02	3.98e-02
 5.38532e+16	9.92e-01	7.53e-03	4.01e-08	0.00e+00	0.00e+00	0.00e+00	0.00e+00	0.00e+00	0.00e+00	8.95e-01	5.81e-02	3.97e-02
 5.38560e+16	9.93e-01	7.41e-03	3.91e-08	0.00e+00	0.00e+00	0.00e+00	0.00e+00	0.00e+00	0.00e+00	8.95e-01	5.79e-02	3.96e-02
