#depth	H	H+	H2
 4.96145e+11	7.86e-04	9.99e-01	1.34e-14
 2.97687e+12	7.86e-04	9.99e-01	1.34e-14
 1.28998e+13	7.86e-04	9.99e-01	1.34e-14
 5.25913e+13	7.86e-04	9.99e-01	1.35e-14
 1.25624e+14	7.82e-04	9.99e-01	1.35e-14
 2.20566e+14	7.79e-04	9.99e-01	1.35e-14
 3.43991e+14	7.77e-04	9.99e-01	1.36e-14
 5.04443e+14	7.74e-04	9.99e-01	1.37e-14
 7.13031e+14	7.71e-04	9.99e-01	1.38e-14
 9.84196e+14	7.69e-04	9.99e-01	1.40e-14
 1.33671e+15	7.68e-04	9.99e-01	1.43e-14
 1.79498e+15	7.69e-04	9.99e-01	1.47e-14
 2.39073e+15	7.73e-04	9.99e-01	1.52e-14
 3.16520e+15	7.81e-04	9.99e-01	1.60e-14
 4.17201e+15	7.95e-04	9.99e-01	1.71e-14
 5.48087e+15	8.19e-04	9.99e-01	1.88e-14
 7.18239e+15	8.59e-04	9.99e-01	2.12e-14
 9.39436e+15	9.22e-04	9.99e-01	2.51e-14
 1.22699e+16	1.03e-03	9.99e-01	3.16e-14
 1.58993e+16	1.20e-03	9.99e-01	4.29e-14
 1.87985e+16	1.36e-03	9.99e-01	5.42e-14
 2.06784e+16	1.52e-03	9.98e-01	6.48e-14
 2.27462e+16	1.72e-03	9.98e-01	7.94e-14
 2.50208e+16	1.99e-03	9.98e-01	1.00e-13
 2.67570e+16	2.24e-03	9.98e-01	1.20e-13
 2.76267e+16	2.39e-03	9.98e-01	1.32e-13
 2.83742e+16	2.53e-03	9.97e-01	1.44e-13
 2.93461e+16	2.73e-03	9.97e-01	1.62e-13
 3.04140e+16	2.98e-03	9.97e-01	1.84e-13
 3.13582e+16	3.23e-03	9.97e-01	2.07e-13
 3.21691e+16	3.48e-03	9.97e-01	2.30e-13
 3.30551e+16	3.78e-03	9.96e-01	2.59e-13
 3.39931e+16	4.14e-03	9.96e-01	2.94e-13
 3.47779e+16	4.48e-03	9.96e-01	3.30e-13
 3.54493e+16	4.80e-03	9.95e-01	3.63e-13
 3.61942e+16	5.21e-03	9.95e-01	4.07e-13
 3.69939e+16	5.70e-03	9.94e-01	4.60e-13
 3.76788e+16	6.19e-03	9.94e-01	5.14e-13
 3.82697e+16	6.65e-03	9.93e-01	5.67e-13
 3.89242e+16	7.24e-03	9.93e-01	6.36e-13
 3.96239e+16	7.94e-03	9.92e-01	7.17e-13
 4.02263e+16	8.64e-03	9.91e-01	8.03e-13
 4.07538e+16	9.33e-03	9.91e-01	8.89e-13
 4.13400e+16	1.02e-02	9.90e-01	1.00e-12
 4.19678e+16	1.13e-02	9.89e-01	1.13e-12
 4.25081e+16	1.24e-02	9.88e-01	1.28e-12
 4.29725e+16	1.34e-02	9.87e-01	1.42e-12
 4.34797e+16	1.48e-02	9.85e-01	1.60e-12
 4.40141e+16	1.64e-02	9.84e-01	1.82e-12
 4.44588e+16	1.80e-02	9.82e-01	2.04e-12
 4.48333e+16	1.95e-02	9.80e-01	2.26e-12
 4.52422e+16	2.15e-02	9.78e-01	2.54e-12
 4.56782e+16	2.40e-02	9.76e-01	2.90e-12
 4.60469e+16	2.64e-02	9.74e-01	3.26e-12
 4.63600e+16	2.88e-02	9.71e-01	3.61e-12
 4.67035e+16	3.20e-02	9.68e-01	4.09e-12
 4.70715e+16	3.60e-02	9.64e-01	4.71e-12
 4.73834e+16	4.00e-02	9.60e-01	5.35e-12
 4.76470e+16	4.41e-02	9.56e-01	6.00e-12
 4.79359e+16	4.95e-02	9.51e-01	6.87e-12
 4.82467e+16	5.64e-02	9.44e-01	8.02e-12
 4.85149e+16	6.39e-02	9.36e-01	9.29e-12
 4.87455e+16	7.16e-02	9.28e-01	1.06e-11
 4.89985e+16	8.19e-02	9.18e-01	1.25e-11
 4.92337e+16	9.36e-02	9.06e-01	1.47e-11
 4.93862e+16	1.02e-01	8.98e-01	1.63e-11
 4.95050e+16	1.10e-01	8.90e-01	1.79e-11
 4.96397e+16	1.21e-01	8.79e-01	2.00e-11
 4.97892e+16	1.33e-01	8.67e-01	2.26e-11
 4.99231e+16	1.47e-01	8.53e-01	2.54e-11
 5.00369e+16	1.60e-01	8.40e-01	2.83e-11
 5.01426e+16	1.72e-01	8.28e-01	3.11e-11
 5.02628e+16	1.89e-01	8.11e-01	3.51e-11
 5.03878e+16	2.09e-01	7.91e-01	4.00e-11
 5.04897e+16	2.27e-01	7.73e-01	4.46e-11
 5.05764e+16	2.43e-01	7.57e-01	4.88e-11
 5.06729e+16	2.63e-01	7.37e-01	5.46e-11
 5.07774e+16	2.87e-01	7.13e-01	6.16e-11
 5.08690e+16	3.10e-01	6.90e-01	6.87e-11
 5.09496e+16	3.31e-01	6.69e-01	7.54e-11
 5.10388e+16	3.56e-01	6.44e-01	8.44e-11
 5.11356e+16	3.86e-01	6.14e-01	9.52e-11
 5.12207e+16	4.14e-01	5.86e-01	1.06e-10
 5.12959e+16	4.38e-01	5.62e-01	1.17e-10
 5.13666e+16	4.62e-01	5.38e-01	1.28e-10
 5.14355e+16	4.87e-01	5.13e-01	1.40e-10
 5.15039e+16	5.11e-01	4.89e-01	1.52e-10
 5.15665e+16	5.34e-01	4.66e-01	1.66e-10
 5.16116e+16	5.49e-01	4.51e-01	1.75e-10
 5.16415e+16	5.59e-01	4.41e-01	1.82e-10
 5.16727e+16	5.70e-01	4.30e-01	1.89e-10
 5.17100e+16	5.84e-01	4.16e-01	1.99e-10
 5.17475e+16	5.97e-01	4.03e-01	2.08e-10
 5.17822e+16	6.10e-01	3.90e-01	2.18e-10
 5.18151e+16	6.21e-01	3.79e-01	2.27e-10
 5.18485e+16	6.33e-01	3.67e-01	2.38e-10
 5.18827e+16	6.46e-01	3.54e-01	2.49e-10
 5.19158e+16	6.57e-01	3.43e-01	2.60e-10
 5.19481e+16	6.69e-01	3.31e-01	2.71e-10
 5.19808e+16	6.80e-01	3.20e-01	2.84e-10
 5.20133e+16	6.91e-01	3.09e-01	2.96e-10
 5.20454e+16	7.02e-01	2.98e-01	3.10e-10
 5.20772e+16	7.13e-01	2.87e-01	3.22e-10
 5.21091e+16	7.23e-01	2.77e-01	3.37e-10
 5.21412e+16	7.34e-01	2.66e-01	3.52e-10
 5.21722e+16	7.43e-01	2.57e-01	3.66e-10
 5.22030e+16	7.53e-01	2.47e-01	3.83e-10
 5.22341e+16	7.63e-01	2.37e-01	3.99e-10
 5.22651e+16	7.72e-01	2.28e-01	4.18e-10
 5.22956e+16	7.81e-01	2.19e-01	4.34e-10
 5.23260e+16	7.89e-01	2.11e-01	4.54e-10
 5.23566e+16	7.98e-01	2.02e-01	4.74e-10
 5.23866e+16	8.06e-01	1.94e-01	4.94e-10
 5.24162e+16	8.14e-01	1.86e-01	5.15e-10
 5.24461e+16	8.22e-01	1.78e-01	5.39e-10
 5.24759e+16	8.29e-01	1.71e-01	5.61e-10
 5.25047e+16	8.36e-01	1.64e-01	5.87e-10
 5.25334e+16	8.43e-01	1.57e-01	6.13e-10
 5.25624e+16	8.50e-01	1.50e-01	6.40e-10
 5.25912e+16	8.56e-01	1.44e-01	6.69e-10
 5.26190e+16	8.62e-01	1.38e-01	6.98e-10
 5.26460e+16	8.68e-01	1.32e-01	7.26e-10
 5.26729e+16	8.73e-01	1.27e-01	7.60e-10
 5.26997e+16	8.78e-01	1.22e-01	7.94e-10
 5.27264e+16	8.83e-01	1.17e-01	8.30e-10
 5.27524e+16	8.88e-01	1.12e-01	8.62e-10
 5.27779e+16	8.92e-01	1.08e-01	9.04e-10
 5.28030e+16	8.97e-01	1.03e-01	9.45e-10
 5.28282e+16	9.01e-01	9.91e-02	9.88e-10
 5.28532e+16	9.05e-01	9.52e-02	1.03e-09
 5.28777e+16	9.09e-01	9.14e-02	1.07e-09
 5.29017e+16	9.12e-01	8.77e-02	1.13e-09
 5.29255e+16	9.16e-01	8.42e-02	1.18e-09
 5.29495e+16	9.19e-01	8.10e-02	1.23e-09
 5.29733e+16	9.22e-01	7.77e-02	1.30e-09
 5.29962e+16	9.25e-01	7.47e-02	1.36e-09
 5.30189e+16	9.28e-01	7.18e-02	1.43e-09
 5.30420e+16	9.31e-01	6.91e-02	1.48e-09
 5.30652e+16	9.34e-01	6.62e-02	1.57e-09
 5.30874e+16	9.36e-01	6.37e-02	1.65e-09
 5.31091e+16	9.39e-01	6.13e-02	1.74e-09
 5.31309e+16	9.41e-01	5.90e-02	1.82e-09
 5.31532e+16	9.43e-01	5.67e-02	1.92e-09
 5.31751e+16	9.46e-01	5.44e-02	2.04e-09
 5.31963e+16	9.48e-01	5.23e-02	2.15e-09
 5.32173e+16	9.50e-01	5.04e-02	2.26e-09
 5.32390e+16	9.52e-01	4.84e-02	2.40e-09
 5.32603e+16	9.54e-01	4.65e-02	2.56e-09
 5.32806e+16	9.55e-01	4.47e-02	2.72e-09
 5.33008e+16	9.57e-01	4.30e-02	2.90e-09
 5.33218e+16	9.59e-01	4.13e-02	3.10e-09
 5.33431e+16	9.60e-01	3.96e-02	3.32e-09
 5.33633e+16	9.62e-01	3.80e-02	3.56e-09
 5.33827e+16	9.63e-01	3.67e-02	3.81e-09
 5.34018e+16	9.65e-01	3.54e-02	4.10e-09
 5.34209e+16	9.66e-01	3.40e-02	4.44e-09
 5.34406e+16	9.67e-01	3.26e-02	4.87e-09
 5.34602e+16	9.69e-01	3.13e-02	5.33e-09
 5.34790e+16	9.70e-01	3.01e-02	5.84e-09
 5.34972e+16	9.71e-01	2.90e-02	6.42e-09
 5.35156e+16	9.72e-01	2.78e-02	7.12e-09
 5.35341e+16	9.73e-01	2.67e-02	7.97e-09
 5.35519e+16	9.74e-01	2.57e-02	8.91e-09
 5.35687e+16	9.75e-01	2.47e-02	1.00e-08
 5.35842e+16	9.76e-01	2.38e-02	1.13e-08
 5.35983e+16	9.77e-01	2.31e-02	1.26e-08
 5.36113e+16	9.78e-01	2.24e-02	1.40e-08
 5.36237e+16	9.78e-01	2.18e-02	1.58e-08
 5.36355e+16	9.79e-01	2.12e-02	1.77e-08
 5.36464e+16	9.79e-01	2.06e-02	1.97e-08
 5.36566e+16	9.80e-01	2.01e-02	2.20e-08
 5.36664e+16	9.80e-01	1.96e-02	2.46e-08
 5.36759e+16	9.81e-01	1.92e-02	2.75e-08
 5.36849e+16	9.81e-01	1.87e-02	3.07e-08
 5.36936e+16	9.82e-01	1.83e-02	3.42e-08
 5.37019e+16	9.82e-01	1.79e-02	3.80e-08
 5.37100e+16	9.83e-01	1.74e-02	4.23e-08
 5.37181e+16	9.83e-01	1.70e-02	4.71e-08
 5.37260e+16	9.83e-01	1.66e-02	5.23e-08
 5.37339e+16	9.84e-01	1.62e-02	5.80e-08
 5.37420e+16	9.84e-01	1.58e-02	6.42e-08
 5.37502e+16	9.85e-01	1.54e-02	7.08e-08
 5.37586e+16	9.85e-01	1.49e-02	7.74e-08
 5.37667e+16	9.86e-01	1.45e-02	8.33e-08
 5.37739e+16	9.86e-01	1.41e-02	8.82e-08
 5.37803e+16	9.86e-01	1.38e-02	9.20e-08
 5.37864e+16	9.87e-01	1.34e-02	9.52e-08
 5.37923e+16	9.87e-01	1.31e-02	9.80e-08
 5.37980e+16	9.87e-01	1.28e-02	1.00e-07
 5.38035e+16	9.87e-01	1.25e-02	1.03e-07
 5.38085e+16	9.88e-01	1.23e-02	1.04e-07
 5.38131e+16	9.88e-01	1.20e-02	1.06e-07
 5.38172e+16	9.88e-01	1.18e-02	1.08e-07
 5.38210e+16	9.88e-01	1.16e-02	1.09e-07
 5.38244e+16	9.89e-01	1.15e-02	1.10e-07
 5.38275e+16	9.89e-01	1.13e-02	1.11e-07
 5.38310e+16	9.89e-01	1.11e-02	1.13e-07
 5.38347e+16	9.89e-01	1.09e-02	1.14e-07
 5.38380e+16	9.89e-01	1.08e-02	1.16e-07
 5.38411e+16	9.89e-01	1.06e-02	1.17e-07
 5.38439e+16	9.89e-01	1.05e-02	1.18e-07
 5.38469e+16	9.90e-01	1.04e-02	1.20e-07
 5.38502e+16	9.90e-01	1.02e-02	1.21e-07
 5.38532e+16	9.90e-01	1.01e-02	1.23e-07
 5.38560e+16	9.90e-01	9.91e-03	1.24e-07
