#depth	H	H+	H2
 7.56796e+11	7.94e-04	9.99e-01	1.34e-14
 4.54078e+12	7.93e-04	9.99e-01	1.34e-14
 1.96767e+13	7.93e-04	9.99e-01	1.34e-14
 8.02204e+13	7.92e-04	9.99e-01	1.35e-14
 1.91621e+14	7.89e-04	9.99e-01	1.36e-14
 3.36441e+14	7.85e-04	9.99e-01	1.36e-14
 5.24708e+14	7.81e-04	9.99e-01	1.37e-14
 7.69454e+14	7.79e-04	9.99e-01	1.39e-14
 1.08762e+15	7.76e-04	9.99e-01	1.42e-14
 1.50125e+15	7.75e-04	9.99e-01	1.45e-14
 2.03895e+15	7.76e-04	9.99e-01	1.49e-14
 2.73798e+15	7.79e-04	9.99e-01	1.56e-14
 3.64670e+15	7.86e-04	9.99e-01	1.64e-14
 4.82805e+15	8.00e-04	9.99e-01	1.75e-14
 6.36380e+15	8.23e-04	9.99e-01	1.92e-14
 8.36027e+15	8.60e-04	9.99e-01	2.17e-14
 1.09557e+16	9.20e-04	9.99e-01	2.56e-14
 1.43297e+16	1.02e-03	9.99e-01	3.21e-14
 1.80125e+16	1.15e-03	9.99e-01	4.10e-14
 2.13595e+16	1.30e-03	9.99e-01	5.16e-14
 2.40775e+16	1.45e-03	9.99e-01	6.29e-14
 2.64852e+16	1.62e-03	9.98e-01	7.61e-14
 2.91237e+16	1.84e-03	9.98e-01	9.40e-14
 3.17407e+16	2.11e-03	9.98e-01	1.18e-13
 3.40959e+16	2.42e-03	9.98e-01	1.45e-13
 3.57635e+16	2.67e-03	9.97e-01	1.69e-13
 3.67033e+16	2.84e-03	9.97e-01	1.85e-13
 3.75952e+16	3.01e-03	9.97e-01	2.02e-13
 3.87546e+16	3.25e-03	9.97e-01	2.27e-13
 3.99983e+16	3.54e-03	9.96e-01	2.58e-13
 4.10650e+16	3.83e-03	9.96e-01	2.89e-13
 4.19852e+16	4.10e-03	9.96e-01	3.19e-13
 4.30010e+16	4.44e-03	9.96e-01	3.59e-13
 4.40843e+16	4.83e-03	9.95e-01	4.05e-13
 4.50080e+16	5.22e-03	9.95e-01	4.53e-13
 4.58073e+16	5.59e-03	9.94e-01	4.99e-13
 4.66471e+16	6.02e-03	9.94e-01	5.55e-13
 4.75117e+16	6.51e-03	9.93e-01	6.20e-13
 4.82898e+16	7.01e-03	9.93e-01	6.87e-13
 4.89902e+16	7.50e-03	9.92e-01	7.56e-13
 4.96205e+16	7.99e-03	9.92e-01	8.26e-13
 5.01955e+16	8.49e-03	9.92e-01	8.98e-13
 5.07484e+16	9.01e-03	9.91e-01	9.74e-13
 5.13014e+16	9.56e-03	9.90e-01	1.06e-12
 5.18543e+16	1.02e-02	9.90e-01	1.15e-12
 5.24072e+16	1.09e-02	9.89e-01	1.26e-12
 5.29602e+16	1.16e-02	9.88e-01	1.38e-12
 5.35131e+16	1.25e-02	9.88e-01	1.51e-12
 5.40660e+16	1.34e-02	9.87e-01	1.67e-12
 5.46189e+16	1.45e-02	9.86e-01	1.84e-12
 5.50943e+16	1.56e-02	9.84e-01	2.03e-12
