#depth	O	O+	O+2	O+3	O+4	O+5	O+6	O+7	O+8	O[1]	O[2]	O[3]
 7.56796e+11	2.58e-06	5.76e-03	8.84e-01	1.10e-01	2.22e-05	0.00e+00	0.00e+00	0.00e+00	0.00e+00	1.83e-06	5.05e-07	2.49e-07
 4.54078e+12	2.57e-06	5.75e-03	8.84e-01	1.10e-01	2.21e-05	0.00e+00	0.00e+00	0.00e+00	0.00e+00	1.82e-06	5.04e-07	2.48e-07
 1.96767e+13	2.57e-06	5.76e-03	8.86e-01	1.08e-01	2.17e-05	0.00e+00	0.00e+00	0.00e+00	0.00e+00	1.82e-06	5.04e-07	2.48e-07
 8.02204e+13	2.59e-06	5.79e-03	8.91e-01	1.03e-01	2.01e-05	0.00e+00	0.00e+00	0.00e+00	0.00e+00	1.83e-06	5.07e-07	2.50e-07
 1.91621e+14	2.60e-06	5.84e-03	8.98e-01	9.65e-02	1.80e-05	0.00e+00	0.00e+00	0.00e+00	0.00e+00	1.84e-06	5.10e-07	2.51e-07
 3.36441e+14	2.62e-06	5.89e-03	9.06e-01	8.79e-02	1.55e-05	0.00e+00	0.00e+00	0.00e+00	0.00e+00	1.85e-06	5.13e-07	2.53e-07
 5.24708e+14	2.65e-06	5.97e-03	9.17e-01	7.73e-02	1.27e-05	0.00e+00	0.00e+00	0.00e+00	0.00e+00	1.87e-06	5.19e-07	2.56e-07
 7.69454e+14	2.70e-06	6.08e-03	9.29e-01	6.47e-02	9.63e-06	0.00e+00	0.00e+00	0.00e+00	0.00e+00	1.91e-06	5.29e-07	2.61e-07
 1.08762e+15	2.76e-06	6.21e-03	9.43e-01	5.07e-02	6.64e-06	0.00e+00	0.00e+00	0.00e+00	0.00e+00	1.95e-06	5.41e-07	2.67e-07
 1.50125e+15	2.85e-06	6.38e-03	9.58e-01	3.61e-02	3.98e-06	0.00e+00	0.00e+00	0.00e+00	0.00e+00	2.02e-06	5.59e-07	2.76e-07
 2.03895e+15	2.97e-06	6.58e-03	9.71e-01	2.26e-02	1.98e-06	0.00e+00	0.00e+00	0.00e+00	0.00e+00	2.10e-06	5.81e-07	2.87e-07
 2.73798e+15	3.12e-06	6.80e-03	9.81e-01	1.20e-02	7.73e-07	0.00e+00	0.00e+00	0.00e+00	0.00e+00	2.20e-06	6.10e-07	3.01e-07
 3.64670e+15	3.31e-06	7.04e-03	9.88e-01	5.28e-03	2.26e-07	0.00e+00	0.00e+00	0.00e+00	0.00e+00	2.34e-06	6.47e-07	3.20e-07
 4.82805e+15	3.57e-06	7.33e-03	9.91e-01	1.92e-03	0.00e+00	0.00e+00	0.00e+00	0.00e+00	0.00e+00	2.52e-06	6.98e-07	3.46e-07
 6.36380e+15	3.95e-06	7.71e-03	9.92e-01	6.09e-04	0.00e+00	0.00e+00	0.00e+00	0.00e+00	0.00e+00	2.79e-06	7.73e-07	3.83e-07
 8.36027e+15	4.52e-06	8.20e-03	9.92e-01	2.07e-04	0.00e+00	0.00e+00	0.00e+00	0.00e+00	0.00e+00	3.20e-06	8.84e-07	4.38e-07
 1.09557e+16	5.44e-06	8.91e-03	9.91e-01	1.02e-04	0.00e+00	0.00e+00	0.00e+00	0.00e+00	0.00e+00	3.85e-06	1.06e-06	5.27e-07
 1.43297e+16	7.01e-06	9.94e-03	9.90e-01	7.19e-05	0.00e+00	0.00e+00	0.00e+00	0.00e+00	0.00e+00	4.96e-06	1.37e-06	6.81e-07
 1.80125e+16	9.30e-06	1.12e-02	9.89e-01	5.89e-05	0.00e+00	0.00e+00	0.00e+00	0.00e+00	0.00e+00	6.58e-06	1.82e-06	9.03e-07
 2.13595e+16	1.22e-05	1.26e-02	9.87e-01	5.06e-05	0.00e+00	0.00e+00	0.00e+00	0.00e+00	0.00e+00	8.66e-06	2.39e-06	1.19e-06
 2.40775e+16	1.55e-05	1.39e-02	9.86e-01	4.49e-05	0.00e+00	0.00e+00	0.00e+00	0.00e+00	0.00e+00	1.10e-05	3.03e-06	1.51e-06
 2.64852e+16	1.96e-05	1.52e-02	9.85e-01	4.04e-05	0.00e+00	0.00e+00	0.00e+00	0.00e+00	0.00e+00	1.39e-05	3.83e-06	1.91e-06
 2.91237e+16	2.57e-05	1.70e-02	9.83e-01	3.58e-05	0.00e+00	0.00e+00	0.00e+00	0.00e+00	0.00e+00	1.82e-05	5.02e-06	2.49e-06
 3.17407e+16	3.42e-05	1.92e-02	9.81e-01	3.17e-05	0.00e+00	0.00e+00	0.00e+00	0.00e+00	0.00e+00	2.42e-05	6.68e-06	3.32e-06
 3.40959e+16	4.52e-05	2.15e-02	9.78e-01	2.82e-05	0.00e+00	0.00e+00	0.00e+00	0.00e+00	0.00e+00	3.20e-05	8.81e-06	4.38e-06
 3.57635e+16	5.55e-05	2.35e-02	9.76e-01	2.59e-05	0.00e+00	0.00e+00	0.00e+00	0.00e+00	0.00e+00	3.93e-05	1.08e-05	5.38e-06
 3.67033e+16	6.27e-05	2.48e-02	9.75e-01	2.46e-05	0.00e+00	0.00e+00	0.00e+00	0.00e+00	0.00e+00	4.44e-05	1.22e-05	6.08e-06
 3.75952e+16	7.10e-05	2.61e-02	9.74e-01	2.34e-05	0.00e+00	0.00e+00	0.00e+00	0.00e+00	0.00e+00	5.02e-05	1.38e-05	6.87e-06
 3.87546e+16	8.37e-05	2.81e-02	9.72e-01	2.18e-05	0.00e+00	0.00e+00	0.00e+00	0.00e+00	0.00e+00	5.93e-05	1.63e-05	8.11e-06
 3.99983e+16	1.00e-04	3.05e-02	9.69e-01	2.03e-05	0.00e+00	0.00e+00	0.00e+00	0.00e+00	0.00e+00	7.10e-05	1.96e-05	9.71e-06
 4.10650e+16	1.18e-04	3.28e-02	9.67e-01	1.88e-05	0.00e+00	0.00e+00	0.00e+00	0.00e+00	0.00e+00	8.36e-05	2.30e-05	1.14e-05
 4.19852e+16	1.37e-04	3.50e-02	9.65e-01	1.77e-05	0.00e+00	0.00e+00	0.00e+00	0.00e+00	0.00e+00	9.68e-05	2.66e-05	1.32e-05
 4.30010e+16	1.62e-04	3.79e-02	9.62e-01	1.64e-05	0.00e+00	0.00e+00	0.00e+00	0.00e+00	0.00e+00	1.15e-04	3.16e-05	1.57e-05
 4.40843e+16	1.95e-04	4.13e-02	9.58e-01	1.51e-05	0.00e+00	0.00e+00	0.00e+00	0.00e+00	0.00e+00	1.38e-04	3.80e-05	1.88e-05
 4.50080e+16	2.31e-04	4.47e-02	9.55e-01	1.41e-05	0.00e+00	0.00e+00	0.00e+00	0.00e+00	0.00e+00	1.63e-04	4.49e-05	2.23e-05
 4.58073e+16	2.68e-04	4.80e-02	9.52e-01	1.31e-05	0.00e+00	0.00e+00	0.00e+00	0.00e+00	0.00e+00	1.90e-04	5.21e-05	2.58e-05
 4.66471e+16	3.15e-04	5.19e-02	9.48e-01	1.22e-05	0.00e+00	0.00e+00	0.00e+00	0.00e+00	0.00e+00	2.23e-04	6.14e-05	3.04e-05
 4.75117e+16	3.75e-04	5.65e-02	9.43e-01	1.12e-05	0.00e+00	0.00e+00	0.00e+00	0.00e+00	0.00e+00	2.66e-04	7.30e-05	3.62e-05
 4.82898e+16	4.42e-04	6.12e-02	9.38e-01	1.04e-05	0.00e+00	0.00e+00	0.00e+00	0.00e+00	0.00e+00	3.13e-04	8.59e-05	4.26e-05
 4.89902e+16	5.14e-04	6.59e-02	9.34e-01	9.65e-06	0.00e+00	0.00e+00	0.00e+00	0.00e+00	0.00e+00	3.64e-04	1.00e-04	4.95e-05
 4.96205e+16	5.93e-04	7.07e-02	9.29e-01	8.97e-06	0.00e+00	0.00e+00	0.00e+00	0.00e+00	0.00e+00	4.20e-04	1.15e-04	5.71e-05
 5.01955e+16	6.78e-04	7.56e-02	9.24e-01	8.41e-06	0.00e+00	0.00e+00	0.00e+00	0.00e+00	0.00e+00	4.80e-04	1.32e-04	6.53e-05
 5.07484e+16	7.74e-04	8.08e-02	9.18e-01	7.85e-06	0.00e+00	0.00e+00	0.00e+00	0.00e+00	0.00e+00	5.49e-04	1.51e-04	7.45e-05
 5.13014e+16	8.87e-04	8.65e-02	9.13e-01	7.31e-06	0.00e+00	0.00e+00	0.00e+00	0.00e+00	0.00e+00	6.29e-04	1.72e-04	8.53e-05
 5.18543e+16	1.02e-03	9.30e-02	9.06e-01	6.80e-06	0.00e+00	0.00e+00	0.00e+00	0.00e+00	0.00e+00	7.25e-04	1.99e-04	9.84e-05
 5.24072e+16	1.18e-03	1.00e-01	8.99e-01	6.27e-06	0.00e+00	0.00e+00	0.00e+00	0.00e+00	0.00e+00	8.39e-04	2.30e-04	1.14e-04
 5.29602e+16	1.38e-03	1.08e-01	8.90e-01	5.77e-06	0.00e+00	0.00e+00	0.00e+00	0.00e+00	0.00e+00	9.78e-04	2.68e-04	1.33e-04
 5.35131e+16	1.61e-03	1.17e-01	8.81e-01	5.27e-06	0.00e+00	0.00e+00	0.00e+00	0.00e+00	0.00e+00	1.14e-03	3.13e-04	1.55e-04
 5.40660e+16	1.90e-03	1.28e-01	8.71e-01	4.80e-06	0.00e+00	0.00e+00	0.00e+00	0.00e+00	0.00e+00	1.35e-03	3.70e-04	1.83e-04
 5.46189e+16	2.26e-03	1.39e-01	8.58e-01	4.34e-06	0.00e+00	0.00e+00	0.00e+00	0.00e+00	0.00e+00	1.60e-03	4.39e-04	2.17e-04
 5.50943e+16	2.65e-03	1.51e-01	8.46e-01	3.96e-06	0.00e+00	0.00e+00	0.00e+00	0.00e+00	0.00e+00	1.88e-03	5.14e-04	2.54e-04
