#depth	O	O+	O+2	O+3	O+4	O+5	O+6	O+7	O+8	O[1]	O[2]	O[3]
 2.71079e+11	3.14e-05	4.25e-02	9.57e-01	2.04e-04	0.00e+00	0.00e+00	0.00e+00	0.00e+00	0.00e+00	2.06e-05	7.49e-06	3.24e-06
 1.62647e+12	3.14e-05	4.25e-02	9.57e-01	2.03e-04	0.00e+00	0.00e+00	0.00e+00	0.00e+00	0.00e+00	2.06e-05	7.49e-06	3.24e-06
 7.04806e+12	3.14e-05	4.25e-02	9.57e-01	2.00e-04	0.00e+00	0.00e+00	0.00e+00	0.00e+00	0.00e+00	2.06e-05	7.49e-06	3.25e-06
 2.87344e+13	3.15e-05	4.26e-02	9.57e-01	1.88e-04	0.00e+00	0.00e+00	0.00e+00	0.00e+00	0.00e+00	2.07e-05	7.52e-06	3.26e-06
 6.86372e+13	3.14e-05	4.27e-02	9.57e-01	1.73e-04	0.00e+00	0.00e+00	0.00e+00	0.00e+00	0.00e+00	2.06e-05	7.51e-06	3.26e-06
 1.20511e+14	3.14e-05	4.28e-02	9.57e-01	1.54e-04	0.00e+00	0.00e+00	0.00e+00	0.00e+00	0.00e+00	2.06e-05	7.52e-06	3.26e-06
 1.87947e+14	3.15e-05	4.30e-02	9.57e-01	1.32e-04	0.00e+00	0.00e+00	0.00e+00	0.00e+00	0.00e+00	2.06e-05	7.53e-06	3.27e-06
 2.75613e+14	3.16e-05	4.32e-02	9.57e-01	1.08e-04	0.00e+00	0.00e+00	0.00e+00	0.00e+00	0.00e+00	2.07e-05	7.56e-06	3.28e-06
 3.89580e+14	3.18e-05	4.35e-02	9.56e-01	8.24e-05	0.00e+00	0.00e+00	0.00e+00	0.00e+00	0.00e+00	2.09e-05	7.61e-06	3.30e-06
 5.37736e+14	3.22e-05	4.39e-02	9.56e-01	5.80e-05	0.00e+00	0.00e+00	0.00e+00	0.00e+00	0.00e+00	2.11e-05	7.69e-06	3.34e-06
 7.30340e+14	3.27e-05	4.44e-02	9.56e-01	3.67e-05	0.00e+00	0.00e+00	0.00e+00	0.00e+00	0.00e+00	2.15e-05	7.82e-06	3.40e-06
 9.80724e+14	3.35e-05	4.51e-02	9.55e-01	2.03e-05	0.00e+00	0.00e+00	0.00e+00	0.00e+00	0.00e+00	2.20e-05	8.00e-06	3.48e-06
 1.30622e+15	3.46e-05	4.61e-02	9.54e-01	9.53e-06	0.00e+00	0.00e+00	0.00e+00	0.00e+00	0.00e+00	2.28e-05	8.28e-06	3.60e-06
 1.72937e+15	3.63e-05	4.73e-02	9.53e-01	3.70e-06	0.00e+00	0.00e+00	0.00e+00	0.00e+00	0.00e+00	2.39e-05	8.68e-06	3.77e-06
 2.27947e+15	3.88e-05	4.89e-02	9.51e-01	1.19e-06	0.00e+00	0.00e+00	0.00e+00	0.00e+00	0.00e+00	2.55e-05	9.26e-06	4.03e-06
 2.99459e+15	4.26e-05	5.12e-02	9.49e-01	3.59e-07	0.00e+00	0.00e+00	0.00e+00	0.00e+00	0.00e+00	2.80e-05	1.02e-05	4.41e-06
 3.87953e+15	4.78e-05	5.41e-02	9.46e-01	1.53e-07	0.00e+00	0.00e+00	0.00e+00	0.00e+00	0.00e+00	3.14e-05	1.14e-05	4.95e-06
 4.84101e+15	5.42e-05	5.73e-02	9.43e-01	0.00e+00	0.00e+00	0.00e+00	0.00e+00	0.00e+00	0.00e+00	3.56e-05	1.29e-05	5.62e-06
 5.80249e+15	6.20e-05	6.07e-02	9.39e-01	0.00e+00	0.00e+00	0.00e+00	0.00e+00	0.00e+00	0.00e+00	4.08e-05	1.48e-05	6.43e-06
 6.76397e+15	7.15e-05	6.45e-02	9.35e-01	0.00e+00	0.00e+00	0.00e+00	0.00e+00	0.00e+00	0.00e+00	4.70e-05	1.71e-05	7.42e-06
 7.60695e+15	8.12e-05	6.80e-02	9.32e-01	0.00e+00	0.00e+00	0.00e+00	0.00e+00	0.00e+00	0.00e+00	5.33e-05	1.94e-05	8.43e-06
 8.36764e+15	9.22e-05	7.15e-02	9.28e-01	0.00e+00	0.00e+00	0.00e+00	0.00e+00	0.00e+00	0.00e+00	6.06e-05	2.21e-05	9.57e-06
 9.20440e+15	1.07e-04	7.57e-02	9.24e-01	0.00e+00	0.00e+00	0.00e+00	0.00e+00	0.00e+00	0.00e+00	7.00e-05	2.56e-05	1.11e-05
 1.01234e+16	1.26e-04	8.09e-02	9.19e-01	0.00e+00	0.00e+00	0.00e+00	0.00e+00	0.00e+00	0.00e+00	8.29e-05	3.03e-05	1.31e-05
 1.10150e+16	1.50e-04	8.65e-02	9.13e-01	0.00e+00	0.00e+00	0.00e+00	0.00e+00	0.00e+00	0.00e+00	9.84e-05	3.61e-05	1.55e-05
 1.17713e+16	1.76e-04	9.20e-02	9.08e-01	0.00e+00	0.00e+00	0.00e+00	0.00e+00	0.00e+00	0.00e+00	1.15e-04	4.23e-05	1.82e-05
 1.24412e+16	2.03e-04	9.75e-02	9.02e-01	0.00e+00	0.00e+00	0.00e+00	0.00e+00	0.00e+00	0.00e+00	1.33e-04	4.91e-05	2.11e-05
 1.31085e+16	2.38e-04	1.04e-01	8.96e-01	0.00e+00	0.00e+00	0.00e+00	0.00e+00	0.00e+00	0.00e+00	1.56e-04	5.75e-05	2.46e-05
 1.37604e+16	2.80e-04	1.11e-01	8.89e-01	0.00e+00	0.00e+00	0.00e+00	0.00e+00	0.00e+00	0.00e+00	1.83e-04	6.78e-05	2.89e-05
 1.43471e+16	3.27e-04	1.18e-01	8.82e-01	0.00e+00	0.00e+00	0.00e+00	0.00e+00	0.00e+00	0.00e+00	2.14e-04	7.93e-05	3.38e-05
 1.48752e+16	3.81e-04	1.25e-01	8.74e-01	0.00e+00	0.00e+00	0.00e+00	0.00e+00	0.00e+00	0.00e+00	2.49e-04	9.25e-05	3.93e-05
 1.53504e+16	4.40e-04	1.33e-01	8.66e-01	0.00e+00	0.00e+00	0.00e+00	0.00e+00	0.00e+00	0.00e+00	2.88e-04	1.07e-04	4.53e-05
 1.57781e+16	5.05e-04	1.41e-01	8.59e-01	0.00e+00	0.00e+00	0.00e+00	0.00e+00	0.00e+00	0.00e+00	3.30e-04	1.23e-04	5.20e-05
 1.61630e+16	5.74e-04	1.49e-01	8.51e-01	0.00e+00	0.00e+00	0.00e+00	0.00e+00	0.00e+00	0.00e+00	3.75e-04	1.40e-04	5.91e-05
 1.65095e+16	6.49e-04	1.57e-01	8.43e-01	0.00e+00	0.00e+00	0.00e+00	0.00e+00	0.00e+00	0.00e+00	4.24e-04	1.58e-04	6.68e-05
 1.68213e+16	7.29e-04	1.64e-01	8.35e-01	0.00e+00	0.00e+00	0.00e+00	0.00e+00	0.00e+00	0.00e+00	4.76e-04	1.78e-04	7.49e-05
 1.71019e+16	8.12e-04	1.72e-01	8.27e-01	0.00e+00	0.00e+00	0.00e+00	0.00e+00	0.00e+00	0.00e+00	5.30e-04	1.98e-04	8.35e-05
 1.73545e+16	8.99e-04	1.80e-01	8.19e-01	0.00e+00	0.00e+00	0.00e+00	0.00e+00	0.00e+00	0.00e+00	5.87e-04	2.19e-04	9.23e-05
 1.75818e+16	9.88e-04	1.87e-01	8.12e-01	0.00e+00	0.00e+00	0.00e+00	0.00e+00	0.00e+00	0.00e+00	6.45e-04	2.41e-04	1.01e-04
 1.77876e+16	1.08e-03	1.94e-01	8.05e-01	0.00e+00	0.00e+00	0.00e+00	0.00e+00	0.00e+00	0.00e+00	7.05e-04	2.64e-04	1.11e-04
 1.79839e+16	1.18e-03	2.02e-01	7.97e-01	0.00e+00	0.00e+00	0.00e+00	0.00e+00	0.00e+00	0.00e+00	7.70e-04	2.88e-04	1.21e-04
 1.81801e+16	1.29e-03	2.10e-01	7.89e-01	0.00e+00	0.00e+00	0.00e+00	0.00e+00	0.00e+00	0.00e+00	8.42e-04	3.15e-04	1.32e-04
 1.83764e+16	1.42e-03	2.18e-01	7.80e-01	0.00e+00	0.00e+00	0.00e+00	0.00e+00	0.00e+00	0.00e+00	9.25e-04	3.46e-04	1.45e-04
 1.85727e+16	1.56e-03	2.28e-01	7.71e-01	0.00e+00	0.00e+00	0.00e+00	0.00e+00	0.00e+00	0.00e+00	1.02e-03	3.81e-04	1.60e-04
 1.87690e+16	1.72e-03	2.38e-01	7.60e-01	0.00e+00	0.00e+00	0.00e+00	0.00e+00	0.00e+00	0.00e+00	1.13e-03	4.21e-04	1.76e-04
 1.89652e+16	1.91e-03	2.49e-01	7.49e-01	0.00e+00	0.00e+00	0.00e+00	0.00e+00	0.00e+00	0.00e+00	1.25e-03	4.66e-04	1.96e-04
 1.91615e+16	2.13e-03	2.60e-01	7.37e-01	0.00e+00	0.00e+00	0.00e+00	0.00e+00	0.00e+00	0.00e+00	1.39e-03	5.20e-04	2.18e-04
 1.93578e+16	2.39e-03	2.73e-01	7.24e-01	0.00e+00	0.00e+00	0.00e+00	0.00e+00	0.00e+00	0.00e+00	1.56e-03	5.82e-04	2.44e-04
 1.95417e+16	2.68e-03	2.87e-01	7.11e-01	0.00e+00	0.00e+00	0.00e+00	0.00e+00	0.00e+00	0.00e+00	1.75e-03	6.52e-04	2.73e-04
