#depth	He	He+	He+2
 8.14773e+10	5.09e-03	9.95e-01	1.62e-04
 4.88864e+11	5.09e-03	9.95e-01	1.62e-04
 2.11841e+12	5.11e-03	9.95e-01	1.59e-04
 8.63659e+12	5.14e-03	9.95e-01	1.51e-04
 2.06300e+13	5.18e-03	9.95e-01	1.39e-04
 3.62215e+13	5.22e-03	9.95e-01	1.24e-04
 5.64905e+13	5.27e-03	9.95e-01	1.06e-04
 8.28401e+13	5.35e-03	9.95e-01	8.62e-05
 1.17095e+14	5.44e-03	9.94e-01	6.55e-05
 1.61625e+14	5.57e-03	9.94e-01	4.54e-05
 2.19516e+14	5.75e-03	9.94e-01	2.82e-05
 2.94773e+14	6.00e-03	9.94e-01	1.52e-05
 3.92607e+14	6.37e-03	9.94e-01	6.82e-06
 4.96964e+14	6.77e-03	9.93e-01	2.89e-06
 5.88489e+14	7.19e-03	9.93e-01	1.35e-06
 6.70181e+14	7.64e-03	9.92e-01	6.74e-07
 7.60400e+14	8.30e-03	9.92e-01	3.12e-07
 8.54420e+14	9.10e-03	9.91e-01	1.37e-07
 9.36596e+14	1.00e-02	9.90e-01	6.57e-08
 1.02664e+15	1.13e-02	9.89e-01	2.92e-08
 1.13141e+15	1.31e-02	9.87e-01	1.13e-08
 1.23491e+15	1.55e-02	9.85e-01	4.49e-09
 1.32556e+15	1.82e-02	9.82e-01	2.05e-09
 1.40100e+15	2.13e-02	9.79e-01	1.10e-09
 1.46662e+15	2.46e-02	9.75e-01	6.50e-10
 1.52762e+15	2.85e-02	9.71e-01	4.09e-10
 1.58535e+15	3.33e-02	9.67e-01	2.71e-10
 1.63869e+15	3.88e-02	9.61e-01	1.91e-10
 1.68706e+15	4.51e-02	9.55e-01	1.42e-10
 1.73091e+15	5.23e-02	9.48e-01	1.12e-10
 1.77141e+15	6.07e-02	9.39e-01	9.12e-11
 1.80954e+15	7.02e-02	9.30e-01	7.68e-11
 1.84566e+15	8.14e-02	9.19e-01	6.65e-11
 1.87993e+15	9.42e-02	9.06e-01	5.88e-11
 1.91243e+15	1.09e-01	8.91e-01	5.29e-11
 1.94333e+15	1.26e-01	8.74e-01	4.83e-11
 1.97291e+15	1.46e-01	8.54e-01	4.46e-11
 2.00150e+15	1.68e-01	8.32e-01	4.14e-11
 2.02918e+15	1.94e-01	8.06e-01	3.86e-11
 2.05606e+15	2.24e-01	7.76e-01	3.61e-11
 2.08236e+15	2.57e-01	7.43e-01	3.38e-11
 2.10828e+15	2.96e-01	7.04e-01	3.15e-11
 2.13801e+15	3.48e-01	6.52e-01	2.87e-11
 2.16919e+15	4.11e-01	5.89e-01	2.58e-11
 2.19552e+15	4.72e-01	5.28e-01	2.31e-11
 2.22299e+15	5.40e-01	4.60e-01	2.01e-11
 2.25871e+15	6.33e-01	3.67e-01	1.62e-11
 2.29659e+15	7.31e-01	2.69e-01	1.20e-11
 2.33141e+15	8.10e-01	1.90e-01	8.52e-12
 2.37077e+15	8.79e-01	1.21e-01	5.50e-12
 2.42195e+15	9.37e-01	6.32e-02	2.87e-12
 2.48848e+15	9.75e-01	2.55e-02	1.16e-12
 2.57496e+15	9.92e-01	7.57e-03	3.41e-13
 2.68740e+15	9.98e-01	1.60e-03	7.14e-14
 2.83356e+15	1.00e+00	2.42e-04	1.07e-14
 3.02358e+15	1.00e+00	3.84e-05	1.66e-15
 3.23660e+15	1.00e+00	1.72e-05	7.36e-16
 3.43642e+15	1.00e+00	1.39e-05	5.86e-16
 3.61343e+15	1.00e+00	1.23e-05	5.14e-16
 3.77054e+15	1.00e+00	1.13e-05	4.67e-16
 3.91080e+15	1.00e+00	1.06e-05	4.33e-16
 4.03661e+15	1.00e+00	1.00e-05	4.07e-16
 4.15329e+15	1.00e+00	9.55e-06	3.87e-16
 4.26226e+15	1.00e+00	9.17e-06	3.70e-16
 4.36269e+15	1.00e+00	8.87e-06	3.56e-16
 4.45568e+15	1.00e+00	8.61e-06	3.45e-16
 4.54256e+15	1.00e+00	8.40e-06	3.36e-16
 4.62474e+15	1.00e+00	8.20e-06	3.27e-16
 4.70271e+15	1.00e+00	8.03e-06	3.20e-16
 4.77686e+15	1.00e+00	7.87e-06	3.14e-16
 4.84764e+15	1.00e+00	7.72e-06	3.08e-16
 4.91545e+15	1.00e+00	7.58e-06	3.02e-16
 4.98014e+15	1.00e+00	7.44e-06	2.97e-16
 5.04520e+15	1.00e+00	7.31e-06	2.92e-16
 5.10886e+15	1.00e+00	7.17e-06	2.87e-16
 5.16817e+15	1.00e+00	7.05e-06	2.82e-16
 5.22616e+15	1.00e+00	6.92e-06	2.77e-16
 5.28321e+15	1.00e+00	6.79e-06	2.73e-16
 5.33952e+15	1.00e+00	6.66e-06	2.68e-16
 5.39535e+15	1.00e+00	6.53e-06	2.63e-16
 5.45100e+15	1.00e+00	6.40e-06	2.58e-16
 5.50674e+15	1.00e+00	6.27e-06	2.53e-16
 5.56283e+15	1.00e+00	6.13e-06	2.47e-16
 5.61954e+15	1.00e+00	5.99e-06	2.42e-16
 5.67713e+15	1.00e+00	5.85e-06	2.36e-16
 5.73582e+15	1.00e+00	5.71e-06	2.30e-16
 5.79582e+15	1.00e+00	5.57e-06	2.24e-16
 5.85730e+15	1.00e+00	5.43e-06	2.17e-16
 5.92039e+15	1.00e+00	5.28e-06	2.11e-16
 5.98518e+15	1.00e+00	5.14e-06	2.05e-16
 6.05170e+15	1.00e+00	5.00e-06	1.98e-16
 6.11891e+15	1.00e+00	4.86e-06	1.92e-16
 6.18890e+15	1.00e+00	4.73e-06	1.85e-16
 6.26119e+15	1.00e+00	4.59e-06	1.79e-16
 6.33374e+15	1.00e+00	4.45e-06	1.73e-16
 6.40787e+15	1.00e+00	4.32e-06	1.66e-16
 6.48311e+15	1.00e+00	4.20e-06	1.61e-16
 6.55905e+15	1.00e+00	4.08e-06	1.55e-16
 6.63530e+15	1.00e+00	3.96e-06	1.50e-16
 6.71158e+15	1.00e+00	3.85e-06	1.45e-16
 6.78755e+15	1.00e+00	3.74e-06	1.40e-16
 6.86292e+15	1.00e+00	3.64e-06	1.36e-16
 6.93742e+15	1.00e+00	3.54e-06	1.32e-16
 7.01082e+15	1.00e+00	3.46e-06	1.29e-16
 7.08295e+15	1.00e+00	3.37e-06	1.25e-16
 7.15368e+15	1.00e+00	3.30e-06	1.23e-16
 7.22290e+15	1.00e+00	3.22e-06	1.20e-16
 7.29054e+15	1.00e+00	3.15e-06	1.18e-16
 7.35662e+15	1.00e+00	3.09e-06	1.16e-16
 7.42116e+15	1.00e+00	3.03e-06	1.15e-16
 7.48424e+15	1.00e+00	2.98e-06	1.14e-16
 7.54604e+15	1.00e+00	2.94e-06	1.13e-16
 7.60678e+15	1.00e+00	2.90e-06	1.12e-16
 7.66663e+15	1.00e+00	2.86e-06	1.12e-16
 7.72587e+15	1.00e+00	2.84e-06	1.12e-16
 7.78492e+15	1.00e+00	2.82e-06	1.13e-16
 7.84430e+15	1.00e+00	2.80e-06	1.14e-16
 7.90480e+15	1.00e+00	2.79e-06	1.15e-16
 7.96762e+15	1.00e+00	2.79e-06	1.16e-16
 8.03296e+15	1.00e+00	2.78e-06	1.17e-16
 8.10774e+15	1.00e+00	2.77e-06	1.18e-16
 8.19100e+15	1.00e+00	2.74e-06	1.17e-16
 8.27426e+15	1.00e+00	2.67e-06	1.15e-16
 8.32088e+15	1.00e+00	2.61e-06	1.12e-16
