#depth	O	O+	O+2	O+3	O+4	O+5	O+6	O+7	O+8	O[1]	O[2]	O[3]
 3.37282e+11	1.43e-05	1.80e-02	9.61e-01	2.05e-02	4.62e-07	0.00e+00	0.00e+00	0.00e+00	0.00e+00	1.04e-05	2.60e-06	1.25e-06
 2.02369e+12	1.43e-05	1.81e-02	9.62e-01	2.04e-02	4.59e-07	0.00e+00	0.00e+00	0.00e+00	0.00e+00	1.04e-05	2.60e-06	1.25e-06
 8.76934e+12	1.43e-05	1.81e-02	9.62e-01	2.01e-02	4.48e-07	0.00e+00	0.00e+00	0.00e+00	0.00e+00	1.04e-05	2.60e-06	1.25e-06
 3.57519e+13	1.43e-05	1.81e-02	9.63e-01	1.89e-02	4.08e-07	0.00e+00	0.00e+00	0.00e+00	0.00e+00	1.05e-05	2.62e-06	1.26e-06
 8.53999e+13	1.43e-05	1.82e-02	9.64e-01	1.73e-02	3.52e-07	0.00e+00	0.00e+00	0.00e+00	0.00e+00	1.04e-05	2.62e-06	1.26e-06
 1.49942e+14	1.43e-05	1.83e-02	9.66e-01	1.53e-02	2.91e-07	0.00e+00	0.00e+00	0.00e+00	0.00e+00	1.04e-05	2.63e-06	1.27e-06
 2.33847e+14	1.44e-05	1.84e-02	9.68e-01	1.31e-02	2.27e-07	0.00e+00	0.00e+00	0.00e+00	0.00e+00	1.05e-05	2.64e-06	1.28e-06
 3.42924e+14	1.45e-05	1.86e-02	9.71e-01	1.07e-02	1.63e-07	0.00e+00	0.00e+00	0.00e+00	0.00e+00	1.05e-05	2.66e-06	1.29e-06
 4.84723e+14	1.46e-05	1.88e-02	9.73e-01	8.13e-03	0.00e+00	0.00e+00	0.00e+00	0.00e+00	0.00e+00	1.06e-05	2.68e-06	1.30e-06
 6.69063e+14	1.48e-05	1.91e-02	9.75e-01	5.70e-03	0.00e+00	0.00e+00	0.00e+00	0.00e+00	0.00e+00	1.08e-05	2.72e-06	1.32e-06
 9.08704e+14	1.51e-05	1.94e-02	9.77e-01	3.60e-03	0.00e+00	0.00e+00	0.00e+00	0.00e+00	0.00e+00	1.10e-05	2.77e-06	1.34e-06
 1.22024e+15	1.56e-05	1.99e-02	9.78e-01	1.98e-03	0.00e+00	0.00e+00	0.00e+00	0.00e+00	0.00e+00	1.13e-05	2.84e-06	1.38e-06
 1.62523e+15	1.62e-05	2.05e-02	9.79e-01	9.25e-04	0.00e+00	0.00e+00	0.00e+00	0.00e+00	0.00e+00	1.18e-05	2.95e-06	1.43e-06
 2.15172e+15	1.71e-05	2.14e-02	9.78e-01	3.52e-04	0.00e+00	0.00e+00	0.00e+00	0.00e+00	0.00e+00	1.25e-05	3.11e-06	1.51e-06
 2.83616e+15	1.84e-05	2.25e-02	9.77e-01	1.06e-04	0.00e+00	0.00e+00	0.00e+00	0.00e+00	0.00e+00	1.34e-05	3.35e-06	1.62e-06
 3.60411e+15	1.98e-05	2.39e-02	9.76e-01	2.91e-05	0.00e+00	0.00e+00	0.00e+00	0.00e+00	0.00e+00	1.45e-05	3.60e-06	1.74e-06
 4.35313e+15	2.14e-05	2.53e-02	9.75e-01	9.01e-06	0.00e+00	0.00e+00	0.00e+00	0.00e+00	0.00e+00	1.56e-05	3.88e-06	1.88e-06
 5.19938e+15	2.37e-05	2.71e-02	9.73e-01	2.67e-06	0.00e+00	0.00e+00	0.00e+00	0.00e+00	0.00e+00	1.73e-05	4.29e-06	2.08e-06
 6.29951e+15	2.70e-05	2.95e-02	9.70e-01	6.59e-07	0.00e+00	0.00e+00	0.00e+00	0.00e+00	0.00e+00	1.97e-05	4.90e-06	2.37e-06
 7.51440e+15	3.10e-05	3.24e-02	9.68e-01	1.78e-07	0.00e+00	0.00e+00	0.00e+00	0.00e+00	0.00e+00	2.26e-05	5.63e-06	2.73e-06
 8.51285e+15	3.46e-05	3.50e-02	9.65e-01	0.00e+00	0.00e+00	0.00e+00	0.00e+00	0.00e+00	0.00e+00	2.52e-05	6.29e-06	3.05e-06
 9.36413e+15	3.84e-05	3.74e-02	9.63e-01	0.00e+00	0.00e+00	0.00e+00	0.00e+00	0.00e+00	0.00e+00	2.80e-05	7.00e-06	3.40e-06
 1.03005e+16	4.32e-05	4.01e-02	9.60e-01	0.00e+00	0.00e+00	0.00e+00	0.00e+00	0.00e+00	0.00e+00	3.15e-05	7.90e-06	3.84e-06
 1.13306e+16	4.94e-05	4.35e-02	9.56e-01	0.00e+00	0.00e+00	0.00e+00	0.00e+00	0.00e+00	0.00e+00	3.60e-05	9.07e-06	4.41e-06
 1.24637e+16	5.76e-05	4.75e-02	9.52e-01	0.00e+00	0.00e+00	0.00e+00	0.00e+00	0.00e+00	0.00e+00	4.18e-05	1.06e-05	5.16e-06
 1.36266e+16	6.78e-05	5.21e-02	9.48e-01	0.00e+00	0.00e+00	0.00e+00	0.00e+00	0.00e+00	0.00e+00	4.91e-05	1.25e-05	6.10e-06
 1.47082e+16	7.94e-05	5.69e-02	9.43e-01	0.00e+00	0.00e+00	0.00e+00	0.00e+00	0.00e+00	0.00e+00	5.74e-05	1.47e-05	7.18e-06
 1.56942e+16	9.23e-05	6.18e-02	9.38e-01	0.00e+00	0.00e+00	0.00e+00	0.00e+00	0.00e+00	0.00e+00	6.67e-05	1.72e-05	8.39e-06
 1.66269e+16	1.07e-04	6.70e-02	9.33e-01	0.00e+00	0.00e+00	0.00e+00	0.00e+00	0.00e+00	0.00e+00	7.73e-05	2.00e-05	9.77e-06
 1.75346e+16	1.25e-04	7.25e-02	9.27e-01	0.00e+00	0.00e+00	0.00e+00	0.00e+00	0.00e+00	0.00e+00	8.97e-05	2.34e-05	1.14e-05
 1.84155e+16	1.45e-04	7.85e-02	9.21e-01	0.00e+00	0.00e+00	0.00e+00	0.00e+00	0.00e+00	0.00e+00	1.04e-04	2.73e-05	1.33e-05
 1.92596e+16	1.69e-04	8.48e-02	9.15e-01	0.00e+00	0.00e+00	0.00e+00	0.00e+00	0.00e+00	0.00e+00	1.21e-04	3.19e-05	1.56e-05
 2.00664e+16	1.96e-04	9.15e-02	9.08e-01	0.00e+00	0.00e+00	0.00e+00	0.00e+00	0.00e+00	0.00e+00	1.41e-04	3.72e-05	1.82e-05
 2.08432e+16	2.28e-04	9.87e-02	9.01e-01	0.00e+00	0.00e+00	0.00e+00	0.00e+00	0.00e+00	0.00e+00	1.63e-04	4.35e-05	2.12e-05
 2.15960e+16	2.64e-04	1.06e-01	8.94e-01	0.00e+00	0.00e+00	0.00e+00	0.00e+00	0.00e+00	0.00e+00	1.89e-04	5.05e-05	2.47e-05
 2.23352e+16	3.07e-04	1.14e-01	8.86e-01	0.00e+00	0.00e+00	0.00e+00	0.00e+00	0.00e+00	0.00e+00	2.19e-04	5.88e-05	2.88e-05
 2.30627e+16	3.58e-04	1.22e-01	8.77e-01	0.00e+00	0.00e+00	0.00e+00	0.00e+00	0.00e+00	0.00e+00	2.55e-04	6.88e-05	3.37e-05
 2.37658e+16	4.18e-04	1.32e-01	8.68e-01	0.00e+00	0.00e+00	0.00e+00	0.00e+00	0.00e+00	0.00e+00	2.98e-04	8.06e-05	3.95e-05
 2.44387e+16	4.87e-04	1.42e-01	8.58e-01	0.00e+00	0.00e+00	0.00e+00	0.00e+00	0.00e+00	0.00e+00	3.47e-04	9.43e-05	4.63e-05
 2.50870e+16	5.69e-04	1.52e-01	8.47e-01	0.00e+00	0.00e+00	0.00e+00	0.00e+00	0.00e+00	0.00e+00	4.04e-04	1.10e-04	5.42e-05
 2.57179e+16	6.65e-04	1.64e-01	8.35e-01	0.00e+00	0.00e+00	0.00e+00	0.00e+00	0.00e+00	0.00e+00	4.72e-04	1.29e-04	6.36e-05
 2.63347e+16	7.81e-04	1.77e-01	8.22e-01	0.00e+00	0.00e+00	0.00e+00	0.00e+00	0.00e+00	0.00e+00	5.53e-04	1.53e-04	7.50e-05
 2.69343e+16	9.19e-04	1.91e-01	8.08e-01	0.00e+00	0.00e+00	0.00e+00	0.00e+00	0.00e+00	0.00e+00	6.50e-04	1.80e-04	8.85e-05
 2.75130e+16	1.08e-03	2.06e-01	7.93e-01	0.00e+00	0.00e+00	0.00e+00	0.00e+00	0.00e+00	0.00e+00	7.65e-04	2.13e-04	1.05e-04
 2.80734e+16	1.28e-03	2.22e-01	7.76e-01	0.00e+00	0.00e+00	0.00e+00	0.00e+00	0.00e+00	0.00e+00	9.02e-04	2.52e-04	1.24e-04
 2.86183e+16	1.51e-03	2.41e-01	7.58e-01	0.00e+00	0.00e+00	0.00e+00	0.00e+00	0.00e+00	0.00e+00	1.07e-03	3.00e-04	1.47e-04
 2.91485e+16	1.80e-03	2.60e-01	7.38e-01	0.00e+00	0.00e+00	0.00e+00	0.00e+00	0.00e+00	0.00e+00	1.26e-03	3.57e-04	1.76e-04
 2.96625e+16	2.14e-03	2.82e-01	7.16e-01	0.00e+00	0.00e+00	0.00e+00	0.00e+00	0.00e+00	0.00e+00	1.50e-03	4.27e-04	2.10e-04
 3.01596e+16	2.56e-03	3.06e-01	6.92e-01	0.00e+00	0.00e+00	0.00e+00	0.00e+00	0.00e+00	0.00e+00	1.80e-03	5.12e-04	2.52e-04
 3.06398e+16	3.07e-03	3.32e-01	6.65e-01	0.00e+00	0.00e+00	0.00e+00	0.00e+00	0.00e+00	0.00e+00	2.15e-03	6.16e-04	3.03e-04
 3.11040e+16	3.68e-03	3.60e-01	6.37e-01	0.00e+00	0.00e+00	0.00e+00	0.00e+00	0.00e+00	0.00e+00	2.58e-03	7.43e-04	3.65e-04
 3.15528e+16	4.44e-03	3.90e-01	6.05e-01	0.00e+00	0.00e+00	0.00e+00	0.00e+00	0.00e+00	0.00e+00	3.10e-03	8.98e-04	4.40e-04
 3.19862e+16	5.36e-03	4.23e-01	5.72e-01	0.00e+00	0.00e+00	0.00e+00	0.00e+00	0.00e+00	0.00e+00	3.74e-03	1.09e-03	5.31e-04
 3.24034e+16	6.50e-03	4.58e-01	5.35e-01	0.00e+00	0.00e+00	0.00e+00	0.00e+00	0.00e+00	0.00e+00	4.54e-03	1.32e-03	6.44e-04
 3.27999e+16	7.89e-03	4.95e-01	4.97e-01	0.00e+00	0.00e+00	0.00e+00	0.00e+00	0.00e+00	0.00e+00	5.50e-03	1.61e-03	7.82e-04
 3.31723e+16	9.56e-03	5.33e-01	4.58e-01	0.00e+00	0.00e+00	0.00e+00	0.00e+00	0.00e+00	0.00e+00	6.65e-03	1.95e-03	9.47e-04
 3.35234e+16	1.16e-02	5.71e-01	4.18e-01	0.00e+00	0.00e+00	0.00e+00	0.00e+00	0.00e+00	0.00e+00	8.04e-03	2.37e-03	1.14e-03
 3.38579e+16	1.40e-02	6.09e-01	3.77e-01	0.00e+00	0.00e+00	0.00e+00	0.00e+00	0.00e+00	0.00e+00	9.73e-03	2.87e-03	1.39e-03
 3.41762e+16	1.70e-02	6.47e-01	3.36e-01	0.00e+00	0.00e+00	0.00e+00	0.00e+00	0.00e+00	0.00e+00	1.18e-02	3.49e-03	1.68e-03
 3.44773e+16	2.06e-02	6.84e-01	2.95e-01	0.00e+00	0.00e+00	0.00e+00	0.00e+00	0.00e+00	0.00e+00	1.43e-02	4.24e-03	2.03e-03
 3.47617e+16	2.49e-02	7.19e-01	2.56e-01	0.00e+00	0.00e+00	0.00e+00	0.00e+00	0.00e+00	0.00e+00	1.73e-02	5.14e-03	2.47e-03
 3.50296e+16	3.03e-02	7.51e-01	2.18e-01	0.00e+00	0.00e+00	0.00e+00	0.00e+00	0.00e+00	0.00e+00	2.10e-02	6.25e-03	2.99e-03
 3.52810e+16	3.67e-02	7.80e-01	1.83e-01	0.00e+00	0.00e+00	0.00e+00	0.00e+00	0.00e+00	0.00e+00	2.55e-02	7.59e-03	3.63e-03
 3.55159e+16	4.45e-02	8.04e-01	1.52e-01	0.00e+00	0.00e+00	0.00e+00	0.00e+00	0.00e+00	0.00e+00	3.09e-02	9.21e-03	4.40e-03
 3.57358e+16	5.43e-02	8.23e-01	1.23e-01	0.00e+00	0.00e+00	0.00e+00	0.00e+00	0.00e+00	0.00e+00	3.77e-02	1.12e-02	5.36e-03
 3.59400e+16	6.62e-02	8.36e-01	9.80e-02	0.00e+00	0.00e+00	0.00e+00	0.00e+00	0.00e+00	0.00e+00	4.60e-02	1.37e-02	6.53e-03
 3.61050e+16	7.89e-02	8.42e-01	7.92e-02	0.00e+00	0.00e+00	0.00e+00	0.00e+00	0.00e+00	0.00e+00	5.49e-02	1.62e-02	7.77e-03
 3.62253e+16	9.06e-02	8.43e-01	6.63e-02	0.00e+00	0.00e+00	0.00e+00	0.00e+00	0.00e+00	0.00e+00	6.31e-02	1.86e-02	8.91e-03
 3.63292e+16	1.02e-01	8.41e-01	5.62e-02	0.00e+00	0.00e+00	0.00e+00	0.00e+00	0.00e+00	0.00e+00	7.14e-02	2.10e-02	1.01e-02
 3.64467e+16	1.18e-01	8.36e-01	4.58e-02	0.00e+00	0.00e+00	0.00e+00	0.00e+00	0.00e+00	0.00e+00	8.24e-02	2.41e-02	1.16e-02
 3.65694e+16	1.39e-01	8.25e-01	3.59e-02	0.00e+00	0.00e+00	0.00e+00	0.00e+00	0.00e+00	0.00e+00	9.74e-02	2.82e-02	1.36e-02
 3.66660e+16	1.60e-01	8.11e-01	2.89e-02	0.00e+00	0.00e+00	0.00e+00	0.00e+00	0.00e+00	0.00e+00	1.12e-01	3.22e-02	1.56e-02
 3.67398e+16	1.79e-01	7.97e-01	2.42e-02	0.00e+00	0.00e+00	0.00e+00	0.00e+00	0.00e+00	0.00e+00	1.26e-01	3.58e-02	1.74e-02
 3.68170e+16	2.01e-01	7.80e-01	1.98e-02	0.00e+00	0.00e+00	0.00e+00	0.00e+00	0.00e+00	0.00e+00	1.41e-01	3.98e-02	1.95e-02
 3.69009e+16	2.29e-01	7.55e-01	1.56e-02	0.00e+00	0.00e+00	0.00e+00	0.00e+00	0.00e+00	0.00e+00	1.62e-01	4.51e-02	2.22e-02
 3.69725e+16	2.58e-01	7.30e-01	1.25e-02	0.00e+00	0.00e+00	0.00e+00	0.00e+00	0.00e+00	0.00e+00	1.83e-01	5.01e-02	2.48e-02
 3.70301e+16	2.83e-01	7.06e-01	1.03e-02	0.00e+00	0.00e+00	0.00e+00	0.00e+00	0.00e+00	0.00e+00	2.01e-01	5.46e-02	2.72e-02
 3.70907e+16	3.13e-01	6.79e-01	8.32e-03	0.00e+00	0.00e+00	0.00e+00	0.00e+00	0.00e+00	0.00e+00	2.23e-01	5.95e-02	2.99e-02
 3.71560e+16	3.47e-01	6.46e-01	6.53e-03	0.00e+00	0.00e+00	0.00e+00	0.00e+00	0.00e+00	0.00e+00	2.49e-01	6.51e-02	3.30e-02
 3.72119e+16	3.80e-01	6.14e-01	5.22e-03	0.00e+00	0.00e+00	0.00e+00	0.00e+00	0.00e+00	0.00e+00	2.74e-01	7.01e-02	3.59e-02
 3.72590e+16	4.10e-01	5.86e-01	4.29e-03	0.00e+00	0.00e+00	0.00e+00	0.00e+00	0.00e+00	0.00e+00	2.97e-01	7.44e-02	3.84e-02
 3.73052e+16	4.39e-01	5.58e-01	3.51e-03	0.00e+00	0.00e+00	0.00e+00	0.00e+00	0.00e+00	0.00e+00	3.20e-01	7.84e-02	4.09e-02
 3.73528e+16	4.70e-01	5.28e-01	2.85e-03	0.00e+00	0.00e+00	0.00e+00	0.00e+00	0.00e+00	0.00e+00	3.44e-01	8.23e-02	4.34e-02
 3.73955e+16	4.99e-01	4.99e-01	2.34e-03	0.00e+00	0.00e+00	0.00e+00	0.00e+00	0.00e+00	0.00e+00	3.67e-01	8.58e-02	4.57e-02
 3.74326e+16	5.23e-01	4.75e-01	1.96e-03	0.00e+00	0.00e+00	0.00e+00	0.00e+00	0.00e+00	0.00e+00	3.87e-01	8.84e-02	4.76e-02
 3.74669e+16	5.46e-01	4.52e-01	1.66e-03	0.00e+00	0.00e+00	0.00e+00	0.00e+00	0.00e+00	0.00e+00	4.06e-01	9.08e-02	4.93e-02
 3.75003e+16	5.67e-01	4.31e-01	1.41e-03	0.00e+00	0.00e+00	0.00e+00	0.00e+00	0.00e+00	0.00e+00	4.24e-01	9.28e-02	5.08e-02
 3.75332e+16	5.89e-01	4.10e-01	1.20e-03	0.00e+00	0.00e+00	0.00e+00	0.00e+00	0.00e+00	0.00e+00	4.42e-01	9.46e-02	5.23e-02
 3.75586e+16	6.05e-01	3.94e-01	1.06e-03	0.00e+00	0.00e+00	0.00e+00	0.00e+00	0.00e+00	0.00e+00	4.56e-01	9.58e-02	5.33e-02
 3.75755e+16	6.15e-01	3.84e-01	9.73e-04	0.00e+00	0.00e+00	0.00e+00	0.00e+00	0.00e+00	0.00e+00	4.65e-01	9.65e-02	5.40e-02
 3.75919e+16	6.25e-01	3.74e-01	8.95e-04	0.00e+00	0.00e+00	0.00e+00	0.00e+00	0.00e+00	0.00e+00	4.74e-01	9.71e-02	5.46e-02
 3.76116e+16	6.38e-01	3.62e-01	8.07e-04	0.00e+00	0.00e+00	0.00e+00	0.00e+00	0.00e+00	0.00e+00	4.84e-01	9.78e-02	5.53e-02
 3.76330e+16	6.50e-01	3.49e-01	7.22e-04	0.00e+00	0.00e+00	0.00e+00	0.00e+00	0.00e+00	0.00e+00	4.96e-01	9.85e-02	5.60e-02
 3.76536e+16	6.62e-01	3.37e-01	6.48e-04	0.00e+00	0.00e+00	0.00e+00	0.00e+00	0.00e+00	0.00e+00	5.07e-01	9.91e-02	5.67e-02
 3.76731e+16	6.73e-01	3.26e-01	5.85e-04	0.00e+00	0.00e+00	0.00e+00	0.00e+00	0.00e+00	0.00e+00	5.17e-01	9.95e-02	5.72e-02
 3.76926e+16	6.85e-01	3.15e-01	5.26e-04	0.00e+00	0.00e+00	0.00e+00	0.00e+00	0.00e+00	0.00e+00	5.27e-01	9.98e-02	5.78e-02
 3.77124e+16	6.95e-01	3.04e-01	4.73e-04	0.00e+00	0.00e+00	0.00e+00	0.00e+00	0.00e+00	0.00e+00	5.37e-01	1.00e-01	5.83e-02
 3.77324e+16	7.07e-01	2.93e-01	4.23e-04	0.00e+00	0.00e+00	0.00e+00	0.00e+00	0.00e+00	0.00e+00	5.48e-01	1.00e-01	5.87e-02
 3.77523e+16	7.17e-01	2.83e-01	3.80e-04	0.00e+00	0.00e+00	0.00e+00	0.00e+00	0.00e+00	0.00e+00	5.57e-01	1.00e-01	5.91e-02
 3.77721e+16	7.27e-01	2.72e-01	3.40e-04	0.00e+00	0.00e+00	0.00e+00	0.00e+00	0.00e+00	0.00e+00	5.67e-01	1.00e-01	5.95e-02
 3.77922e+16	7.38e-01	2.62e-01	3.04e-04	0.00e+00	0.00e+00	0.00e+00	0.00e+00	0.00e+00	0.00e+00	5.77e-01	1.00e-01	5.98e-02
 3.78120e+16	7.47e-01	2.52e-01	2.72e-04	0.00e+00	0.00e+00	0.00e+00	0.00e+00	0.00e+00	0.00e+00	5.87e-01	1.00e-01	6.01e-02
 3.78317e+16	7.57e-01	2.43e-01	2.43e-04	0.00e+00	0.00e+00	0.00e+00	0.00e+00	0.00e+00	0.00e+00	5.96e-01	1.00e-01	6.04e-02
 3.78518e+16	7.66e-01	2.33e-01	2.16e-04	0.00e+00	0.00e+00	0.00e+00	0.00e+00	0.00e+00	0.00e+00	6.06e-01	9.99e-02	6.06e-02
 3.78718e+16	7.75e-01	2.24e-01	1.93e-04	0.00e+00	0.00e+00	0.00e+00	0.00e+00	0.00e+00	0.00e+00	6.15e-01	9.96e-02	6.07e-02
 3.78919e+16	7.84e-01	2.16e-01	1.71e-04	0.00e+00	0.00e+00	0.00e+00	0.00e+00	0.00e+00	0.00e+00	6.24e-01	9.92e-02	6.08e-02
 3.79121e+16	7.93e-01	2.07e-01	1.52e-04	0.00e+00	0.00e+00	0.00e+00	0.00e+00	0.00e+00	0.00e+00	6.33e-01	9.88e-02	6.09e-02
 3.79320e+16	8.01e-01	1.99e-01	1.35e-04	0.00e+00	0.00e+00	0.00e+00	0.00e+00	0.00e+00	0.00e+00	6.42e-01	9.83e-02	6.10e-02
 3.79519e+16	8.09e-01	1.91e-01	1.20e-04	0.00e+00	0.00e+00	0.00e+00	0.00e+00	0.00e+00	0.00e+00	6.50e-01	9.78e-02	6.10e-02
 3.79721e+16	8.17e-01	1.83e-01	1.06e-04	0.00e+00	0.00e+00	0.00e+00	0.00e+00	0.00e+00	0.00e+00	6.59e-01	9.72e-02	6.09e-02
 3.79923e+16	8.25e-01	1.75e-01	9.40e-05	0.00e+00	0.00e+00	0.00e+00	0.00e+00	0.00e+00	0.00e+00	6.67e-01	9.66e-02	6.09e-02
 3.80125e+16	8.32e-01	1.68e-01	8.31e-05	0.00e+00	0.00e+00	0.00e+00	0.00e+00	0.00e+00	0.00e+00	6.75e-01	9.59e-02	6.07e-02
 3.80328e+16	8.39e-01	1.61e-01	7.33e-05	0.00e+00	0.00e+00	0.00e+00	0.00e+00	0.00e+00	0.00e+00	6.83e-01	9.52e-02	6.06e-02
 3.80530e+16	8.46e-01	1.54e-01	6.47e-05	0.00e+00	0.00e+00	0.00e+00	0.00e+00	0.00e+00	0.00e+00	6.91e-01	9.45e-02	6.04e-02
 3.80730e+16	8.52e-01	1.48e-01	5.72e-05	0.00e+00	0.00e+00	0.00e+00	0.00e+00	0.00e+00	0.00e+00	6.98e-01	9.38e-02	6.03e-02
 3.80932e+16	8.59e-01	1.41e-01	5.04e-05	0.00e+00	0.00e+00	0.00e+00	0.00e+00	0.00e+00	0.00e+00	7.06e-01	9.30e-02	6.00e-02
 3.81136e+16	8.65e-01	1.35e-01	4.43e-05	0.00e+00	0.00e+00	0.00e+00	0.00e+00	0.00e+00	0.00e+00	7.13e-01	9.22e-02	5.98e-02
 3.81337e+16	8.71e-01	1.29e-01	3.90e-05	0.00e+00	0.00e+00	0.00e+00	0.00e+00	0.00e+00	0.00e+00	7.20e-01	9.14e-02	5.95e-02
 3.81535e+16	8.76e-01	1.24e-01	3.45e-05	0.00e+00	0.00e+00	0.00e+00	0.00e+00	0.00e+00	0.00e+00	7.26e-01	9.06e-02	5.93e-02
 3.81729e+16	8.81e-01	1.19e-01	3.04e-05	0.00e+00	0.00e+00	0.00e+00	0.00e+00	0.00e+00	0.00e+00	7.33e-01	8.98e-02	5.90e-02
 3.81923e+16	8.86e-01	1.14e-01	2.69e-05	0.00e+00	0.00e+00	0.00e+00	0.00e+00	0.00e+00	0.00e+00	7.39e-01	8.90e-02	5.87e-02
 3.82117e+16	8.91e-01	1.09e-01	2.37e-05	0.00e+00	0.00e+00	0.00e+00	0.00e+00	0.00e+00	0.00e+00	7.45e-01	8.82e-02	5.84e-02
 3.82311e+16	8.96e-01	1.04e-01	2.09e-05	0.00e+00	0.00e+00	0.00e+00	0.00e+00	0.00e+00	0.00e+00	7.50e-01	8.75e-02	5.81e-02
 3.82501e+16	9.00e-01	9.98e-02	1.85e-05	0.00e+00	0.00e+00	0.00e+00	0.00e+00	0.00e+00	0.00e+00	7.56e-01	8.67e-02	5.77e-02
 3.82688e+16	9.04e-01	9.57e-02	1.64e-05	0.00e+00	0.00e+00	0.00e+00	0.00e+00	0.00e+00	0.00e+00	7.61e-01	8.59e-02	5.74e-02
 3.82875e+16	9.08e-01	9.17e-02	1.45e-05	0.00e+00	0.00e+00	0.00e+00	0.00e+00	0.00e+00	0.00e+00	7.66e-01	8.52e-02	5.71e-02
 3.83063e+16	9.12e-01	8.80e-02	1.28e-05	0.00e+00	0.00e+00	0.00e+00	0.00e+00	0.00e+00	0.00e+00	7.71e-01	8.44e-02	5.67e-02
 3.83249e+16	9.16e-01	8.44e-02	1.14e-05	0.00e+00	0.00e+00	0.00e+00	0.00e+00	0.00e+00	0.00e+00	7.75e-01	8.37e-02	5.64e-02
 3.83431e+16	9.19e-01	8.10e-02	1.01e-05	0.00e+00	0.00e+00	0.00e+00	0.00e+00	0.00e+00	0.00e+00	7.80e-01	8.30e-02	5.61e-02
 3.83612e+16	9.22e-01	7.76e-02	8.94e-06	0.00e+00	0.00e+00	0.00e+00	0.00e+00	0.00e+00	0.00e+00	7.84e-01	8.23e-02	5.57e-02
 3.83795e+16	9.26e-01	7.45e-02	7.92e-06	0.00e+00	0.00e+00	0.00e+00	0.00e+00	0.00e+00	0.00e+00	7.89e-01	8.15e-02	5.53e-02
 3.83977e+16	9.29e-01	7.14e-02	7.02e-06	0.00e+00	0.00e+00	0.00e+00	0.00e+00	0.00e+00	0.00e+00	7.93e-01	8.08e-02	5.49e-02
 3.84153e+16	9.31e-01	6.87e-02	6.25e-06	0.00e+00	0.00e+00	0.00e+00	0.00e+00	0.00e+00	0.00e+00	7.97e-01	8.02e-02	5.46e-02
 3.84329e+16	9.34e-01	6.59e-02	5.55e-06	0.00e+00	0.00e+00	0.00e+00	0.00e+00	0.00e+00	0.00e+00	8.00e-01	7.95e-02	5.41e-02
 3.84509e+16	9.37e-01	6.32e-02	4.92e-06	0.00e+00	0.00e+00	0.00e+00	0.00e+00	0.00e+00	0.00e+00	8.04e-01	7.88e-02	5.38e-02
 3.84685e+16	9.39e-01	6.06e-02	4.37e-06	0.00e+00	0.00e+00	0.00e+00	0.00e+00	0.00e+00	0.00e+00	8.08e-01	7.82e-02	5.34e-02
 3.84857e+16	9.42e-01	5.83e-02	3.90e-06	0.00e+00	0.00e+00	0.00e+00	0.00e+00	0.00e+00	0.00e+00	8.11e-01	7.76e-02	5.30e-02
 3.85030e+16	9.44e-01	5.60e-02	3.47e-06	0.00e+00	0.00e+00	0.00e+00	0.00e+00	0.00e+00	0.00e+00	8.14e-01	7.70e-02	5.27e-02
 3.85205e+16	9.46e-01	5.37e-02	3.08e-06	0.00e+00	0.00e+00	0.00e+00	0.00e+00	0.00e+00	0.00e+00	8.18e-01	7.64e-02	5.23e-02
 3.85376e+16	9.48e-01	5.16e-02	2.74e-06	0.00e+00	0.00e+00	0.00e+00	0.00e+00	0.00e+00	0.00e+00	8.21e-01	7.58e-02	5.20e-02
 3.85546e+16	9.50e-01	4.96e-02	2.45e-06	0.00e+00	0.00e+00	0.00e+00	0.00e+00	0.00e+00	0.00e+00	8.23e-01	7.53e-02	5.16e-02
 3.85718e+16	9.52e-01	4.76e-02	2.17e-06	0.00e+00	0.00e+00	0.00e+00	0.00e+00	0.00e+00	0.00e+00	8.26e-01	7.47e-02	5.13e-02
 3.85889e+16	9.54e-01	4.57e-02	1.94e-06	0.00e+00	0.00e+00	0.00e+00	0.00e+00	0.00e+00	0.00e+00	8.29e-01	7.42e-02	5.10e-02
 3.86053e+16	9.56e-01	4.40e-02	1.73e-06	0.00e+00	0.00e+00	0.00e+00	0.00e+00	0.00e+00	0.00e+00	8.32e-01	7.37e-02	5.06e-02
 3.86218e+16	9.58e-01	4.23e-02	1.55e-06	0.00e+00	0.00e+00	0.00e+00	0.00e+00	0.00e+00	0.00e+00	8.34e-01	7.32e-02	5.04e-02
 3.86386e+16	9.59e-01	4.06e-02	1.38e-06	0.00e+00	0.00e+00	0.00e+00	0.00e+00	0.00e+00	0.00e+00	8.37e-01	7.27e-02	5.00e-02
 3.86554e+16	9.61e-01	3.90e-02	1.23e-06	0.00e+00	0.00e+00	0.00e+00	0.00e+00	0.00e+00	0.00e+00	8.39e-01	7.22e-02	4.97e-02
 3.86718e+16	9.63e-01	3.75e-02	1.10e-06	0.00e+00	0.00e+00	0.00e+00	0.00e+00	0.00e+00	0.00e+00	8.41e-01	7.18e-02	4.94e-02
 3.86878e+16	9.64e-01	3.59e-02	9.84e-07	0.00e+00	0.00e+00	0.00e+00	0.00e+00	0.00e+00	0.00e+00	8.44e-01	7.13e-02	4.91e-02
 3.87043e+16	9.65e-01	3.45e-02	8.78e-07	0.00e+00	0.00e+00	0.00e+00	0.00e+00	0.00e+00	0.00e+00	8.46e-01	7.09e-02	4.89e-02
 3.87210e+16	9.67e-01	3.31e-02	7.82e-07	0.00e+00	0.00e+00	0.00e+00	0.00e+00	0.00e+00	0.00e+00	8.48e-01	7.04e-02	4.86e-02
 3.87370e+16	9.68e-01	3.18e-02	7.00e-07	0.00e+00	0.00e+00	0.00e+00	0.00e+00	0.00e+00	0.00e+00	8.50e-01	7.00e-02	4.83e-02
 3.87527e+16	9.69e-01	3.06e-02	6.29e-07	0.00e+00	0.00e+00	0.00e+00	0.00e+00	0.00e+00	0.00e+00	8.52e-01	6.97e-02	4.81e-02
 3.87681e+16	9.71e-01	2.95e-02	5.66e-07	0.00e+00	0.00e+00	0.00e+00	0.00e+00	0.00e+00	0.00e+00	8.53e-01	6.93e-02	4.78e-02
 3.87833e+16	9.72e-01	2.84e-02	5.09e-07	0.00e+00	0.00e+00	0.00e+00	0.00e+00	0.00e+00	0.00e+00	8.55e-01	6.89e-02	4.76e-02
 3.87987e+16	9.73e-01	2.72e-02	4.57e-07	0.00e+00	0.00e+00	0.00e+00	0.00e+00	0.00e+00	0.00e+00	8.57e-01	6.86e-02	4.74e-02
 3.88144e+16	9.74e-01	2.61e-02	4.10e-07	0.00e+00	0.00e+00	0.00e+00	0.00e+00	0.00e+00	0.00e+00	8.59e-01	6.82e-02	4.71e-02
 3.88298e+16	9.75e-01	2.50e-02	3.68e-07	0.00e+00	0.00e+00	0.00e+00	0.00e+00	0.00e+00	0.00e+00	8.60e-01	6.78e-02	4.69e-02
 3.88447e+16	9.76e-01	2.41e-02	3.32e-07	0.00e+00	0.00e+00	0.00e+00	0.00e+00	0.00e+00	0.00e+00	8.62e-01	6.75e-02	4.67e-02
 3.88594e+16	9.77e-01	2.31e-02	2.99e-07	0.00e+00	0.00e+00	0.00e+00	0.00e+00	0.00e+00	0.00e+00	8.63e-01	6.72e-02	4.64e-02
 3.88740e+16	9.78e-01	2.22e-02	2.70e-07	0.00e+00	0.00e+00	0.00e+00	0.00e+00	0.00e+00	0.00e+00	8.65e-01	6.68e-02	4.62e-02
 3.88886e+16	9.79e-01	2.13e-02	2.43e-07	0.00e+00	0.00e+00	0.00e+00	0.00e+00	0.00e+00	0.00e+00	8.66e-01	6.65e-02	4.60e-02
 3.89030e+16	9.80e-01	2.04e-02	2.20e-07	0.00e+00	0.00e+00	0.00e+00	0.00e+00	0.00e+00	0.00e+00	8.68e-01	6.62e-02	4.58e-02
 3.89164e+16	9.80e-01	1.96e-02	2.00e-07	0.00e+00	0.00e+00	0.00e+00	0.00e+00	0.00e+00	0.00e+00	8.69e-01	6.59e-02	4.56e-02
 3.89285e+16	9.81e-01	1.89e-02	1.84e-07	0.00e+00	0.00e+00	0.00e+00	0.00e+00	0.00e+00	0.00e+00	8.70e-01	6.57e-02	4.54e-02
 3.89397e+16	9.82e-01	1.83e-02	1.70e-07	0.00e+00	0.00e+00	0.00e+00	0.00e+00	0.00e+00	0.00e+00	8.71e-01	6.54e-02	4.52e-02
 3.89504e+16	9.82e-01	1.77e-02	1.58e-07	0.00e+00	0.00e+00	0.00e+00	0.00e+00	0.00e+00	0.00e+00	8.72e-01	6.52e-02	4.50e-02
 3.89609e+16	9.83e-01	1.72e-02	1.47e-07	0.00e+00	0.00e+00	0.00e+00	0.00e+00	0.00e+00	0.00e+00	8.73e-01	6.49e-02	4.49e-02
 3.89710e+16	9.83e-01	1.66e-02	1.37e-07	0.00e+00	0.00e+00	0.00e+00	0.00e+00	0.00e+00	0.00e+00	8.74e-01	6.47e-02	4.47e-02
 3.89805e+16	9.84e-01	1.61e-02	1.28e-07	0.00e+00	0.00e+00	0.00e+00	0.00e+00	0.00e+00	0.00e+00	8.75e-01	6.44e-02	4.45e-02
 3.89896e+16	9.84e-01	1.56e-02	1.20e-07	0.00e+00	0.00e+00	0.00e+00	0.00e+00	0.00e+00	0.00e+00	8.76e-01	6.42e-02	4.44e-02
 3.89984e+16	9.85e-01	1.51e-02	1.13e-07	0.00e+00	0.00e+00	0.00e+00	0.00e+00	0.00e+00	0.00e+00	8.77e-01	6.40e-02	4.42e-02
 3.90071e+16	9.85e-01	1.47e-02	1.06e-07	0.00e+00	0.00e+00	0.00e+00	0.00e+00	0.00e+00	0.00e+00	8.78e-01	6.38e-02	4.40e-02
 3.90156e+16	9.86e-01	1.42e-02	9.95e-08	0.00e+00	0.00e+00	0.00e+00	0.00e+00	0.00e+00	0.00e+00	8.78e-01	6.35e-02	4.38e-02
 3.90242e+16	9.86e-01	1.38e-02	9.35e-08	0.00e+00	0.00e+00	0.00e+00	0.00e+00	0.00e+00	0.00e+00	8.79e-01	6.33e-02	4.37e-02
 3.90330e+16	9.87e-01	1.33e-02	8.77e-08	0.00e+00	0.00e+00	0.00e+00	0.00e+00	0.00e+00	0.00e+00	8.80e-01	6.30e-02	4.35e-02
 3.90419e+16	9.87e-01	1.28e-02	8.21e-08	0.00e+00	0.00e+00	0.00e+00	0.00e+00	0.00e+00	0.00e+00	8.81e-01	6.28e-02	4.33e-02
 3.90502e+16	9.88e-01	1.24e-02	7.73e-08	0.00e+00	0.00e+00	0.00e+00	0.00e+00	0.00e+00	0.00e+00	8.82e-01	6.25e-02	4.30e-02
 3.90575e+16	9.88e-01	1.20e-02	7.33e-08	0.00e+00	0.00e+00	0.00e+00	0.00e+00	0.00e+00	0.00e+00	8.83e-01	6.22e-02	4.28e-02
 3.90641e+16	9.88e-01	1.16e-02	6.98e-08	0.00e+00	0.00e+00	0.00e+00	0.00e+00	0.00e+00	0.00e+00	8.84e-01	6.20e-02	4.27e-02
 3.90702e+16	9.89e-01	1.13e-02	6.67e-08	0.00e+00	0.00e+00	0.00e+00	0.00e+00	0.00e+00	0.00e+00	8.84e-01	6.18e-02	4.25e-02
 3.90761e+16	9.89e-01	1.10e-02	6.38e-08	0.00e+00	0.00e+00	0.00e+00	0.00e+00	0.00e+00	0.00e+00	8.85e-01	6.16e-02	4.23e-02
 3.90817e+16	9.89e-01	1.07e-02	6.12e-08	0.00e+00	0.00e+00	0.00e+00	0.00e+00	0.00e+00	0.00e+00	8.86e-01	6.13e-02	4.21e-02
 3.90869e+16	9.90e-01	1.04e-02	5.88e-08	0.00e+00	0.00e+00	0.00e+00	0.00e+00	0.00e+00	0.00e+00	8.86e-01	6.11e-02	4.19e-02
 3.90918e+16	9.90e-01	1.02e-02	5.66e-08	0.00e+00	0.00e+00	0.00e+00	0.00e+00	0.00e+00	0.00e+00	8.87e-01	6.09e-02	4.18e-02
 3.90965e+16	9.90e-01	9.93e-03	5.45e-08	0.00e+00	0.00e+00	0.00e+00	0.00e+00	0.00e+00	0.00e+00	8.88e-01	6.07e-02	4.16e-02
 3.91009e+16	9.90e-01	9.70e-03	5.27e-08	0.00e+00	0.00e+00	0.00e+00	0.00e+00	0.00e+00	0.00e+00	8.88e-01	6.05e-02	4.14e-02
 3.91049e+16	9.91e-01	9.49e-03	5.10e-08	0.00e+00	0.00e+00	0.00e+00	0.00e+00	0.00e+00	0.00e+00	8.89e-01	6.03e-02	4.13e-02
 3.91085e+16	9.91e-01	9.31e-03	4.96e-08	0.00e+00	0.00e+00	0.00e+00	0.00e+00	0.00e+00	0.00e+00	8.89e-01	6.01e-02	4.11e-02
 3.91118e+16	9.91e-01	9.14e-03	4.82e-08	0.00e+00	0.00e+00	0.00e+00	0.00e+00	0.00e+00	0.00e+00	8.90e-01	6.00e-02	4.10e-02
 3.91148e+16	9.91e-01	8.99e-03	4.70e-08	0.00e+00	0.00e+00	0.00e+00	0.00e+00	0.00e+00	0.00e+00	8.90e-01	5.98e-02	4.09e-02
 3.91175e+16	9.91e-01	8.85e-03	4.60e-08	0.00e+00	0.00e+00	0.00e+00	0.00e+00	0.00e+00	0.00e+00	8.91e-01	5.97e-02	4.07e-02
 3.91205e+16	9.91e-01	8.71e-03	4.48e-08	0.00e+00	0.00e+00	0.00e+00	0.00e+00	0.00e+00	0.00e+00	8.91e-01	5.95e-02	4.06e-02
 3.91237e+16	9.91e-01	8.54e-03	4.35e-08	0.00e+00	0.00e+00	0.00e+00	0.00e+00	0.00e+00	0.00e+00	8.92e-01	5.93e-02	4.04e-02
 3.91266e+16	9.92e-01	8.40e-03	4.25e-08	0.00e+00	0.00e+00	0.00e+00	0.00e+00	0.00e+00	0.00e+00	8.92e-01	5.91e-02	4.03e-02
 3.91293e+16	9.92e-01	8.28e-03	4.15e-08	0.00e+00	0.00e+00	0.00e+00	0.00e+00	0.00e+00	0.00e+00	8.93e-01	5.90e-02	4.02e-02
 3.91322e+16	9.92e-01	8.14e-03	4.04e-08	0.00e+00	0.00e+00	0.00e+00	0.00e+00	0.00e+00	0.00e+00	8.93e-01	5.88e-02	4.01e-02
 3.91354e+16	9.92e-01	7.99e-03	3.93e-08	0.00e+00	0.00e+00	0.00e+00	0.00e+00	0.00e+00	0.00e+00	8.94e-01	5.86e-02	3.99e-02
 3.91383e+16	9.92e-01	7.85e-03	3.82e-08	0.00e+00	0.00e+00	0.00e+00	0.00e+00	0.00e+00	0.00e+00	8.94e-01	5.84e-02	3.98e-02
 3.91409e+16	9.92e-01	7.75e-03	3.74e-08	0.00e+00	0.00e+00	0.00e+00	0.00e+00	0.00e+00	0.00e+00	8.94e-01	5.82e-02	3.96e-02
 3.91437e+16	9.92e-01	7.62e-03	3.64e-08	0.00e+00	0.00e+00	0.00e+00	0.00e+00	0.00e+00	0.00e+00	8.95e-01	5.80e-02	3.95e-02
 3.91468e+16	9.93e-01	7.47e-03	3.53e-08	0.00e+00	0.00e+00	0.00e+00	0.00e+00	0.00e+00	0.00e+00	8.95e-01	5.78e-02	3.93e-02
 3.91496e+16	9.93e-01	7.36e-03	3.44e-08	0.00e+00	0.00e+00	0.00e+00	0.00e+00	0.00e+00	0.00e+00	8.96e-01	5.77e-02	3.92e-02
###########################
 3.37282e+11	1.38e-05	1.77e-02	9.62e-01	2.06e-02	4.75e-07	0.00e+00	0.00e+00	0.00e+00	0.00e+00	1.01e-05	2.54e-06	1.22e-06
 2.02369e+12	1.38e-05	1.77e-02	9.62e-01	2.06e-02	4.72e-07	0.00e+00	0.00e+00	0.00e+00	0.00e+00	1.00e-05	2.53e-06	1.22e-06
 8.76934e+12	1.38e-05	1.77e-02	9.62e-01	2.03e-02	4.60e-07	0.00e+00	0.00e+00	0.00e+00	0.00e+00	1.00e-05	2.54e-06	1.22e-06
 3.57519e+13	1.39e-05	1.78e-02	9.63e-01	1.91e-02	4.20e-07	0.00e+00	0.00e+00	0.00e+00	0.00e+00	1.01e-05	2.55e-06	1.23e-06
 8.53999e+13	1.38e-05	1.78e-02	9.65e-01	1.75e-02	3.63e-07	0.00e+00	0.00e+00	0.00e+00	0.00e+00	1.00e-05	2.55e-06	1.23e-06
 1.49942e+14	1.38e-05	1.79e-02	9.67e-01	1.55e-02	3.00e-07	0.00e+00	0.00e+00	0.00e+00	0.00e+00	1.00e-05	2.55e-06	1.24e-06
 2.33847e+14	1.38e-05	1.80e-02	9.69e-01	1.32e-02	2.34e-07	0.00e+00	0.00e+00	0.00e+00	0.00e+00	1.00e-05	2.56e-06	1.24e-06
 3.42924e+14	1.39e-05	1.82e-02	9.71e-01	1.08e-02	1.68e-07	0.00e+00	0.00e+00	0.00e+00	0.00e+00	1.01e-05	2.57e-06	1.25e-06
 4.84723e+14	1.41e-05	1.84e-02	9.73e-01	8.22e-03	0.00e+00	0.00e+00	0.00e+00	0.00e+00	0.00e+00	1.02e-05	2.59e-06	1.26e-06
 6.69063e+14	1.42e-05	1.86e-02	9.76e-01	5.77e-03	0.00e+00	0.00e+00	0.00e+00	0.00e+00	0.00e+00	1.03e-05	2.62e-06	1.27e-06
 9.08704e+14	1.45e-05	1.90e-02	9.77e-01	3.64e-03	0.00e+00	0.00e+00	0.00e+00	0.00e+00	0.00e+00	1.06e-05	2.67e-06	1.30e-06
 1.22024e+15	1.50e-05	1.95e-02	9.79e-01	2.01e-03	0.00e+00	0.00e+00	0.00e+00	0.00e+00	0.00e+00	1.09e-05	2.75e-06	1.33e-06
 1.62523e+15	1.56e-05	2.01e-02	9.79e-01	9.37e-04	0.00e+00	0.00e+00	0.00e+00	0.00e+00	0.00e+00	1.13e-05	2.85e-06	1.38e-06
 2.15172e+15	1.65e-05	2.09e-02	9.79e-01	3.57e-04	0.00e+00	0.00e+00	0.00e+00	0.00e+00	0.00e+00	1.20e-05	3.01e-06	1.46e-06
 2.83616e+15	1.78e-05	2.21e-02	9.78e-01	1.07e-04	0.00e+00	0.00e+00	0.00e+00	0.00e+00	0.00e+00	1.30e-05	3.24e-06	1.57e-06
 3.60127e+15	1.92e-05	2.35e-02	9.76e-01	2.96e-05	0.00e+00	0.00e+00	0.00e+00	0.00e+00	0.00e+00	1.40e-05	3.49e-06	1.69e-06
 4.34258e+15	2.07e-05	2.49e-02	9.75e-01	9.25e-06	0.00e+00	0.00e+00	0.00e+00	0.00e+00	0.00e+00	1.51e-05	3.77e-06	1.83e-06
 5.17761e+15	2.30e-05	2.66e-02	9.73e-01	2.78e-06	0.00e+00	0.00e+00	0.00e+00	0.00e+00	0.00e+00	1.68e-05	4.17e-06	2.02e-06
 6.26315e+15	2.63e-05	2.90e-02	9.71e-01	6.94e-07	0.00e+00	0.00e+00	0.00e+00	0.00e+00	0.00e+00	1.92e-05	4.77e-06	2.32e-06
 7.45855e+15	3.02e-05	3.19e-02	9.68e-01	1.90e-07	0.00e+00	0.00e+00	0.00e+00	0.00e+00	0.00e+00	2.20e-05	5.49e-06	2.67e-06
 8.44240e+15	3.37e-05	3.45e-02	9.65e-01	0.00e+00	0.00e+00	0.00e+00	0.00e+00	0.00e+00	0.00e+00	2.46e-05	6.14e-06	2.98e-06
 9.28664e+15	3.75e-05	3.69e-02	9.63e-01	0.00e+00	0.00e+00	0.00e+00	0.00e+00	0.00e+00	0.00e+00	2.74e-05	6.85e-06	3.33e-06
 1.02153e+16	4.23e-05	3.97e-02	9.60e-01	0.00e+00	0.00e+00	0.00e+00	0.00e+00	0.00e+00	0.00e+00	3.08e-05	7.74e-06	3.76e-06
 1.12368e+16	4.85e-05	4.30e-02	9.57e-01	0.00e+00	0.00e+00	0.00e+00	0.00e+00	0.00e+00	0.00e+00	3.53e-05	8.88e-06	4.33e-06
 1.23605e+16	5.65e-05	4.70e-02	9.53e-01	0.00e+00	0.00e+00	0.00e+00	0.00e+00	0.00e+00	0.00e+00	4.11e-05	1.04e-05	5.06e-06
 1.35966e+16	6.74e-05	5.19e-02	9.48e-01	0.00e+00	0.00e+00	0.00e+00	0.00e+00	0.00e+00	0.00e+00	4.89e-05	1.24e-05	6.07e-06
 1.47784e+16	8.01e-05	5.72e-02	9.43e-01	0.00e+00	0.00e+00	0.00e+00	0.00e+00	0.00e+00	0.00e+00	5.80e-05	1.49e-05	7.25e-06
 1.57628e+16	9.33e-05	6.21e-02	9.38e-01	0.00e+00	0.00e+00	0.00e+00	0.00e+00	0.00e+00	0.00e+00	6.75e-05	1.74e-05	8.47e-06
 1.66486e+16	1.08e-04	6.70e-02	9.33e-01	0.00e+00	0.00e+00	0.00e+00	0.00e+00	0.00e+00	0.00e+00	7.77e-05	2.01e-05	9.81e-06
 1.76510e+16	1.27e-04	7.32e-02	9.27e-01	0.00e+00	0.00e+00	0.00e+00	0.00e+00	0.00e+00	0.00e+00	9.17e-05	2.39e-05	1.16e-05
 1.86975e+16	1.53e-04	8.04e-02	9.19e-01	0.00e+00	0.00e+00	0.00e+00	0.00e+00	0.00e+00	0.00e+00	1.10e-04	2.88e-05	1.40e-05
 1.95547e+16	1.79e-04	8.70e-02	9.13e-01	0.00e+00	0.00e+00	0.00e+00	0.00e+00	0.00e+00	0.00e+00	1.28e-04	3.38e-05	1.65e-05
 2.02825e+16	2.05e-04	9.33e-02	9.06e-01	0.00e+00	0.00e+00	0.00e+00	0.00e+00	0.00e+00	0.00e+00	1.47e-04	3.89e-05	1.90e-05
 2.10886e+16	2.40e-04	1.01e-01	8.99e-01	0.00e+00	0.00e+00	0.00e+00	0.00e+00	0.00e+00	0.00e+00	1.72e-04	4.57e-05	2.23e-05
 2.19634e+16	2.85e-04	1.10e-01	8.90e-01	0.00e+00	0.00e+00	0.00e+00	0.00e+00	0.00e+00	0.00e+00	2.04e-04	5.45e-05	2.66e-05
 2.27312e+16	3.34e-04	1.18e-01	8.81e-01	0.00e+00	0.00e+00	0.00e+00	0.00e+00	0.00e+00	0.00e+00	2.39e-04	6.42e-05	3.14e-05
 2.33981e+16	3.86e-04	1.27e-01	8.73e-01	0.00e+00	0.00e+00	0.00e+00	0.00e+00	0.00e+00	0.00e+00	2.76e-04	7.44e-05	3.64e-05
 2.41303e+16	4.54e-04	1.37e-01	8.63e-01	0.00e+00	0.00e+00	0.00e+00	0.00e+00	0.00e+00	0.00e+00	3.23e-04	8.77e-05	4.30e-05
 2.49197e+16	5.45e-04	1.49e-01	8.50e-01	0.00e+00	0.00e+00	0.00e+00	0.00e+00	0.00e+00	0.00e+00	3.87e-04	1.06e-04	5.19e-05
 2.55958e+16	6.47e-04	1.61e-01	8.38e-01	0.00e+00	0.00e+00	0.00e+00	0.00e+00	0.00e+00	0.00e+00	4.59e-04	1.26e-04	6.18e-05
 2.61649e+16	7.51e-04	1.73e-01	8.26e-01	0.00e+00	0.00e+00	0.00e+00	0.00e+00	0.00e+00	0.00e+00	5.32e-04	1.47e-04	7.19e-05
 2.67822e+16	8.81e-04	1.87e-01	8.13e-01	0.00e+00	0.00e+00	0.00e+00	0.00e+00	0.00e+00	0.00e+00	6.24e-04	1.73e-04	8.47e-05
 2.74668e+16	1.07e-03	2.04e-01	7.95e-01	0.00e+00	0.00e+00	0.00e+00	0.00e+00	0.00e+00	0.00e+00	7.54e-04	2.10e-04	1.03e-04
 2.80756e+16	1.28e-03	2.22e-01	7.77e-01	0.00e+00	0.00e+00	0.00e+00	0.00e+00	0.00e+00	0.00e+00	9.05e-04	2.53e-04	1.24e-04
 2.85872e+16	1.51e-03	2.39e-01	7.60e-01	0.00e+00	0.00e+00	0.00e+00	0.00e+00	0.00e+00	0.00e+00	1.06e-03	2.99e-04	1.47e-04
 2.91357e+16	1.79e-03	2.59e-01	7.39e-01	0.00e+00	0.00e+00	0.00e+00	0.00e+00	0.00e+00	0.00e+00	1.26e-03	3.55e-04	1.74e-04
 2.97440e+16	2.20e-03	2.85e-01	7.13e-01	0.00e+00	0.00e+00	0.00e+00	0.00e+00	0.00e+00	0.00e+00	1.54e-03	4.40e-04	2.16e-04
 3.02815e+16	2.69e-03	3.11e-01	6.86e-01	0.00e+00	0.00e+00	0.00e+00	0.00e+00	0.00e+00	0.00e+00	1.88e-03	5.39e-04	2.64e-04
 3.07256e+16	3.20e-03	3.36e-01	6.61e-01	0.00e+00	0.00e+00	0.00e+00	0.00e+00	0.00e+00	0.00e+00	2.24e-03	6.43e-04	3.16e-04
 3.11971e+16	3.83e-03	3.65e-01	6.31e-01	0.00e+00	0.00e+00	0.00e+00	0.00e+00	0.00e+00	0.00e+00	2.68e-03	7.74e-04	3.79e-04
 3.17228e+16	4.78e-03	4.01e-01	5.94e-01	0.00e+00	0.00e+00	0.00e+00	0.00e+00	0.00e+00	0.00e+00	3.33e-03	9.68e-04	4.73e-04
 3.21908e+16	5.93e-03	4.39e-01	5.55e-01	0.00e+00	0.00e+00	0.00e+00	0.00e+00	0.00e+00	0.00e+00	4.13e-03	1.21e-03	5.87e-04
 3.25728e+16	7.14e-03	4.73e-01	5.20e-01	0.00e+00	0.00e+00	0.00e+00	0.00e+00	0.00e+00	0.00e+00	4.97e-03	1.46e-03	7.07e-04
 3.29153e+16	8.47e-03	5.06e-01	4.85e-01	0.00e+00	0.00e+00	0.00e+00	0.00e+00	0.00e+00	0.00e+00	5.90e-03	1.73e-03	8.39e-04
 3.33048e+16	1.03e-02	5.46e-01	4.44e-01	0.00e+00	0.00e+00	0.00e+00	0.00e+00	0.00e+00	0.00e+00	7.17e-03	2.11e-03	1.02e-03
 3.37286e+16	1.30e-02	5.93e-01	3.94e-01	0.00e+00	0.00e+00	0.00e+00	0.00e+00	0.00e+00	0.00e+00	9.05e-03	2.68e-03	1.29e-03
 3.40869e+16	1.62e-02	6.37e-01	3.47e-01	0.00e+00	0.00e+00	0.00e+00	0.00e+00	0.00e+00	0.00e+00	1.13e-02	3.35e-03	1.61e-03
 3.43658e+16	1.95e-02	6.72e-01	3.09e-01	0.00e+00	0.00e+00	0.00e+00	0.00e+00	0.00e+00	0.00e+00	1.35e-02	4.02e-03	1.93e-03
 3.46521e+16	2.34e-02	7.06e-01	2.70e-01	0.00e+00	0.00e+00	0.00e+00	0.00e+00	0.00e+00	0.00e+00	1.62e-02	4.84e-03	2.32e-03
 3.49751e+16	2.93e-02	7.45e-01	2.26e-01	0.00e+00	0.00e+00	0.00e+00	0.00e+00	0.00e+00	0.00e+00	2.04e-02	6.07e-03	2.90e-03
 3.52634e+16	3.68e-02	7.78e-01	1.85e-01	0.00e+00	0.00e+00	0.00e+00	0.00e+00	0.00e+00	0.00e+00	2.55e-02	7.61e-03	3.63e-03
 3.54908e+16	4.47e-02	8.02e-01	1.53e-01	0.00e+00	0.00e+00	0.00e+00	0.00e+00	0.00e+00	0.00e+00	3.10e-02	9.25e-03	4.41e-03
 3.56844e+16	5.32e-02	8.19e-01	1.27e-01	0.00e+00	0.00e+00	0.00e+00	0.00e+00	0.00e+00	0.00e+00	3.69e-02	1.10e-02	5.25e-03
 3.58687e+16	6.34e-02	8.32e-01	1.04e-01	0.00e+00	0.00e+00	0.00e+00	0.00e+00	0.00e+00	0.00e+00	4.41e-02	1.31e-02	6.25e-03
 3.60320e+16	7.50e-02	8.40e-01	8.54e-02	0.00e+00	0.00e+00	0.00e+00	0.00e+00	0.00e+00	0.00e+00	5.21e-02	1.55e-02	7.39e-03
 3.61643e+16	8.69e-02	8.42e-01	7.09e-02	0.00e+00	0.00e+00	0.00e+00	0.00e+00	0.00e+00	0.00e+00	6.05e-02	1.79e-02	8.55e-03
 3.62784e+16	9.94e-02	8.41e-01	5.93e-02	0.00e+00	0.00e+00	0.00e+00	0.00e+00	0.00e+00	0.00e+00	6.92e-02	2.04e-02	9.76e-03
 3.63853e+16	1.13e-01	8.37e-01	4.94e-02	0.00e+00	0.00e+00	0.00e+00	0.00e+00	0.00e+00	0.00e+00	7.89e-02	2.31e-02	1.11e-02
 3.64884e+16	1.30e-01	8.30e-01	4.07e-02	0.00e+00	0.00e+00	0.00e+00	0.00e+00	0.00e+00	0.00e+00	9.04e-02	2.64e-02	1.27e-02
 3.65845e+16	1.48e-01	8.19e-01	3.33e-02	0.00e+00	0.00e+00	0.00e+00	0.00e+00	0.00e+00	0.00e+00	1.03e-01	2.99e-02	1.44e-02
 3.66707e+16	1.67e-01	8.05e-01	2.73e-02	0.00e+00	0.00e+00	0.00e+00	0.00e+00	0.00e+00	0.00e+00	1.17e-01	3.37e-02	1.63e-02
 3.67486e+16	1.88e-01	7.89e-01	2.25e-02	0.00e+00	0.00e+00	0.00e+00	0.00e+00	0.00e+00	0.00e+00	1.32e-01	3.76e-02	1.83e-02
 3.68208e+16	2.11e-01	7.71e-01	1.84e-02	0.00e+00	0.00e+00	0.00e+00	0.00e+00	0.00e+00	0.00e+00	1.49e-01	4.18e-02	2.05e-02
 3.68886e+16	2.35e-01	7.50e-01	1.52e-02	0.00e+00	0.00e+00	0.00e+00	0.00e+00	0.00e+00	0.00e+00	1.66e-01	4.61e-02	2.27e-02
 3.69532e+16	2.60e-01	7.27e-01	1.24e-02	0.00e+00	0.00e+00	0.00e+00	0.00e+00	0.00e+00	0.00e+00	1.84e-01	5.07e-02	2.51e-02
 3.70151e+16	2.88e-01	7.02e-01	1.01e-02	0.00e+00	0.00e+00	0.00e+00	0.00e+00	0.00e+00	0.00e+00	2.05e-01	5.55e-02	2.76e-02
 3.70732e+16	3.17e-01	6.75e-01	8.22e-03	0.00e+00	0.00e+00	0.00e+00	0.00e+00	0.00e+00	0.00e+00	2.26e-01	6.02e-02	3.02e-02
 3.71279e+16	3.46e-01	6.47e-01	6.69e-03	0.00e+00	0.00e+00	0.00e+00	0.00e+00	0.00e+00	0.00e+00	2.48e-01	6.50e-02	3.29e-02
 3.71797e+16	3.76e-01	6.19e-01	5.46e-03	0.00e+00	0.00e+00	0.00e+00	0.00e+00	0.00e+00	0.00e+00	2.71e-01	6.96e-02	3.55e-02
 3.72296e+16	4.06e-01	5.89e-01	4.45e-03	0.00e+00	0.00e+00	0.00e+00	0.00e+00	0.00e+00	0.00e+00	2.94e-01	7.40e-02	3.81e-02
 3.72787e+16	4.36e-01	5.60e-01	3.61e-03	0.00e+00	0.00e+00	0.00e+00	0.00e+00	0.00e+00	0.00e+00	3.18e-01	7.82e-02	4.07e-02
 3.73242e+16	4.67e-01	5.30e-01	2.95e-03	0.00e+00	0.00e+00	0.00e+00	0.00e+00	0.00e+00	0.00e+00	3.41e-01	8.21e-02	4.32e-02
 3.73656e+16	4.93e-01	5.04e-01	2.45e-03	0.00e+00	0.00e+00	0.00e+00	0.00e+00	0.00e+00	0.00e+00	3.62e-01	8.53e-02	4.53e-02
 3.74038e+16	5.19e-01	4.79e-01	2.04e-03	0.00e+00	0.00e+00	0.00e+00	0.00e+00	0.00e+00	0.00e+00	3.83e-01	8.82e-02	4.73e-02
 3.74396e+16	5.42e-01	4.56e-01	1.73e-03	0.00e+00	0.00e+00	0.00e+00	0.00e+00	0.00e+00	0.00e+00	4.02e-01	9.06e-02	4.90e-02
 3.74741e+16	5.65e-01	4.34e-01	1.46e-03	0.00e+00	0.00e+00	0.00e+00	0.00e+00	0.00e+00	0.00e+00	4.21e-01	9.27e-02	5.06e-02
 3.75067e+16	5.86e-01	4.13e-01	1.24e-03	0.00e+00	0.00e+00	0.00e+00	0.00e+00	0.00e+00	0.00e+00	4.39e-01	9.45e-02	5.20e-02
 3.75324e+16	6.02e-01	3.97e-01	1.10e-03	0.00e+00	0.00e+00	0.00e+00	0.00e+00	0.00e+00	0.00e+00	4.53e-01	9.57e-02	5.31e-02
 3.75498e+16	6.13e-01	3.86e-01	1.00e-03	0.00e+00	0.00e+00	0.00e+00	0.00e+00	0.00e+00	0.00e+00	4.62e-01	9.65e-02	5.38e-02
 3.75661e+16	6.23e-01	3.77e-01	9.24e-04	0.00e+00	0.00e+00	0.00e+00	0.00e+00	0.00e+00	0.00e+00	4.71e-01	9.71e-02	5.44e-02
 3.75854e+16	6.34e-01	3.65e-01	8.36e-04	0.00e+00	0.00e+00	0.00e+00	0.00e+00	0.00e+00	0.00e+00	4.81e-01	9.78e-02	5.51e-02
 3.76068e+16	6.47e-01	3.52e-01	7.48e-04	0.00e+00	0.00e+00	0.00e+00	0.00e+00	0.00e+00	0.00e+00	4.93e-01	9.85e-02	5.58e-02
 3.76277e+16	6.59e-01	3.40e-01	6.71e-04	0.00e+00	0.00e+00	0.00e+00	0.00e+00	0.00e+00	0.00e+00	5.04e-01	9.91e-02	5.65e-02
 3.76475e+16	6.71e-01	3.29e-01	6.05e-04	0.00e+00	0.00e+00	0.00e+00	0.00e+00	0.00e+00	0.00e+00	5.14e-01	9.96e-02	5.71e-02
 3.76669e+16	6.82e-01	3.18e-01	5.45e-04	0.00e+00	0.00e+00	0.00e+00	0.00e+00	0.00e+00	0.00e+00	5.24e-01	9.99e-02	5.76e-02
 3.76867e+16	6.93e-01	3.07e-01	4.90e-04	0.00e+00	0.00e+00	0.00e+00	0.00e+00	0.00e+00	0.00e+00	5.34e-01	1.00e-01	5.81e-02
 3.77070e+16	7.04e-01	2.96e-01	4.39e-04	0.00e+00	0.00e+00	0.00e+00	0.00e+00	0.00e+00	0.00e+00	5.45e-01	1.00e-01	5.86e-02
 3.77272e+16	7.15e-01	2.85e-01	3.93e-04	0.00e+00	0.00e+00	0.00e+00	0.00e+00	0.00e+00	0.00e+00	5.55e-01	1.01e-01	5.91e-02
 3.77470e+16	7.25e-01	2.75e-01	3.52e-04	0.00e+00	0.00e+00	0.00e+00	0.00e+00	0.00e+00	0.00e+00	5.65e-01	1.01e-01	5.94e-02
 3.77669e+16	7.35e-01	2.65e-01	3.15e-04	0.00e+00	0.00e+00	0.00e+00	0.00e+00	0.00e+00	0.00e+00	5.75e-01	1.01e-01	5.98e-02
 3.77869e+16	7.45e-01	2.55e-01	2.82e-04	0.00e+00	0.00e+00	0.00e+00	0.00e+00	0.00e+00	0.00e+00	5.84e-01	1.01e-01	6.01e-02
 3.78070e+16	7.55e-01	2.45e-01	2.51e-04	0.00e+00	0.00e+00	0.00e+00	0.00e+00	0.00e+00	0.00e+00	5.94e-01	1.00e-01	6.03e-02
 3.78270e+16	7.64e-01	2.36e-01	2.24e-04	0.00e+00	0.00e+00	0.00e+00	0.00e+00	0.00e+00	0.00e+00	6.03e-01	1.00e-01	6.05e-02
 3.78472e+16	7.73e-01	2.27e-01	1.99e-04	0.00e+00	0.00e+00	0.00e+00	0.00e+00	0.00e+00	0.00e+00	6.12e-01	9.98e-02	6.07e-02
 3.78676e+16	7.82e-01	2.18e-01	1.77e-04	0.00e+00	0.00e+00	0.00e+00	0.00e+00	0.00e+00	0.00e+00	6.22e-01	9.95e-02	6.08e-02
 3.78875e+16	7.91e-01	2.09e-01	1.57e-04	0.00e+00	0.00e+00	0.00e+00	0.00e+00	0.00e+00	0.00e+00	6.31e-01	9.90e-02	6.09e-02
 3.79073e+16	7.99e-01	2.01e-01	1.40e-04	0.00e+00	0.00e+00	0.00e+00	0.00e+00	0.00e+00	0.00e+00	6.39e-01	9.86e-02	6.10e-02
 3.79276e+16	8.07e-01	1.93e-01	1.24e-04	0.00e+00	0.00e+00	0.00e+00	0.00e+00	0.00e+00	0.00e+00	6.48e-01	9.80e-02	6.10e-02
 3.79480e+16	8.15e-01	1.85e-01	1.10e-04	0.00e+00	0.00e+00	0.00e+00	0.00e+00	0.00e+00	0.00e+00	6.57e-01	9.75e-02	6.09e-02
 3.79682e+16	8.23e-01	1.77e-01	9.72e-05	0.00e+00	0.00e+00	0.00e+00	0.00e+00	0.00e+00	0.00e+00	6.65e-01	9.69e-02	6.09e-02
 3.79886e+16	8.30e-01	1.70e-01	8.59e-05	0.00e+00	0.00e+00	0.00e+00	0.00e+00	0.00e+00	0.00e+00	6.73e-01	9.62e-02	6.08e-02
 3.80087e+16	8.37e-01	1.63e-01	7.60e-05	0.00e+00	0.00e+00	0.00e+00	0.00e+00	0.00e+00	0.00e+00	6.81e-01	9.55e-02	6.07e-02
 3.80288e+16	8.44e-01	1.56e-01	6.71e-05	0.00e+00	0.00e+00	0.00e+00	0.00e+00	0.00e+00	0.00e+00	6.89e-01	9.48e-02	6.05e-02
 3.80492e+16	8.51e-01	1.49e-01	5.92e-05	0.00e+00	0.00e+00	0.00e+00	0.00e+00	0.00e+00	0.00e+00	6.96e-01	9.41e-02	6.03e-02
 3.80697e+16	8.57e-01	1.43e-01	5.21e-05	0.00e+00	0.00e+00	0.00e+00	0.00e+00	0.00e+00	0.00e+00	7.04e-01	9.33e-02	6.01e-02
 3.80901e+16	8.63e-01	1.37e-01	4.58e-05	0.00e+00	0.00e+00	0.00e+00	0.00e+00	0.00e+00	0.00e+00	7.11e-01	9.25e-02	5.99e-02
 3.81102e+16	8.69e-01	1.31e-01	4.04e-05	0.00e+00	0.00e+00	0.00e+00	0.00e+00	0.00e+00	0.00e+00	7.18e-01	9.17e-02	5.96e-02
 3.81300e+16	8.75e-01	1.25e-01	3.56e-05	0.00e+00	0.00e+00	0.00e+00	0.00e+00	0.00e+00	0.00e+00	7.25e-01	9.09e-02	5.94e-02
 3.81497e+16	8.80e-01	1.20e-01	3.14e-05	0.00e+00	0.00e+00	0.00e+00	0.00e+00	0.00e+00	0.00e+00	7.31e-01	9.01e-02	5.91e-02
 3.81695e+16	8.85e-01	1.15e-01	2.77e-05	0.00e+00	0.00e+00	0.00e+00	0.00e+00	0.00e+00	0.00e+00	7.37e-01	8.93e-02	5.88e-02
 3.81890e+16	8.90e-01	1.10e-01	2.45e-05	0.00e+00	0.00e+00	0.00e+00	0.00e+00	0.00e+00	0.00e+00	7.43e-01	8.85e-02	5.85e-02
 3.82081e+16	8.95e-01	1.05e-01	2.16e-05	0.00e+00	0.00e+00	0.00e+00	0.00e+00	0.00e+00	0.00e+00	7.49e-01	8.77e-02	5.81e-02
 3.82271e+16	8.99e-01	1.01e-01	1.91e-05	0.00e+00	0.00e+00	0.00e+00	0.00e+00	0.00e+00	0.00e+00	7.54e-01	8.69e-02	5.78e-02
 3.82462e+16	9.03e-01	9.67e-02	1.69e-05	0.00e+00	0.00e+00	0.00e+00	0.00e+00	0.00e+00	0.00e+00	7.60e-01	8.62e-02	5.75e-02
 3.82652e+16	9.07e-01	9.27e-02	1.49e-05	0.00e+00	0.00e+00	0.00e+00	0.00e+00	0.00e+00	0.00e+00	7.65e-01	8.54e-02	5.72e-02
 3.82838e+16	9.11e-01	8.89e-02	1.32e-05	0.00e+00	0.00e+00	0.00e+00	0.00e+00	0.00e+00	0.00e+00	7.70e-01	8.46e-02	5.68e-02
