#depth	He	He+	He+2
 3.37282e+11	1.30e-03	9.63e-01	3.54e-02
 2.02369e+12	1.30e-03	9.63e-01	3.53e-02
 8.76934e+12	1.30e-03	9.64e-01	3.50e-02
 3.57519e+13	1.31e-03	9.65e-01	3.37e-02
 8.53999e+13	1.31e-03	9.66e-01	3.24e-02
 1.49942e+14	1.32e-03	9.69e-01	3.01e-02
 2.33847e+14	1.33e-03	9.72e-01	2.69e-02
 3.42924e+14	1.34e-03	9.76e-01	2.27e-02
 4.84723e+14	1.36e-03	9.81e-01	1.79e-02
 6.69063e+14	1.38e-03	9.86e-01	1.29e-02
 9.08704e+14	1.40e-03	9.90e-01	8.30e-03
 1.22024e+15	1.43e-03	9.94e-01	4.63e-03
 1.62523e+15	1.46e-03	9.96e-01	2.16e-03
 2.15172e+15	1.50e-03	9.98e-01	8.17e-04
 2.83616e+15	1.56e-03	9.98e-01	2.40e-04
 3.60127e+15	1.62e-03	9.98e-01	6.21e-05
 4.34259e+15	1.68e-03	9.98e-01	1.80e-05
 5.17762e+15	1.75e-03	9.98e-01	5.02e-06
 6.26316e+15	1.85e-03	9.98e-01	1.12e-06
 7.45856e+15	1.95e-03	9.98e-01	2.53e-07
 8.44241e+15	2.04e-03	9.98e-01	8.76e-08
 9.28665e+15	2.13e-03	9.98e-01	3.87e-08
 1.02153e+16	2.23e-03	9.98e-01	1.71e-08
 1.12368e+16	2.35e-03	9.98e-01	7.50e-09
 1.23605e+16	2.49e-03	9.98e-01	3.29e-09
 1.35966e+16	2.66e-03	9.97e-01	1.45e-09
 1.47784e+16	2.83e-03	9.97e-01	7.16e-10
 1.57628e+16	2.99e-03	9.97e-01	4.21e-10
 1.66487e+16	3.15e-03	9.97e-01	2.70e-10
 1.76511e+16	3.35e-03	9.97e-01	1.70e-10
 1.86976e+16	3.58e-03	9.96e-01	1.14e-10
 1.95549e+16	3.78e-03	9.96e-01	8.63e-11
 2.02827e+16	3.98e-03	9.96e-01	7.01e-11
 2.10888e+16	4.20e-03	9.96e-01	5.72e-11
 2.19636e+16	4.47e-03	9.96e-01	4.82e-11
 2.27314e+16	4.74e-03	9.95e-01	4.28e-11
 2.33984e+16	4.99e-03	9.95e-01	3.92e-11
 2.41306e+16	5.28e-03	9.95e-01	3.61e-11
 2.49200e+16	5.63e-03	9.94e-01	3.40e-11
 2.55962e+16	5.98e-03	9.94e-01	3.26e-11
 2.61652e+16	6.30e-03	9.94e-01	3.16e-11
 2.67826e+16	6.66e-03	9.93e-01	3.08e-11
 2.74672e+16	7.12e-03	9.93e-01	3.02e-11
 2.80762e+16	7.59e-03	9.92e-01	2.99e-11
 2.85879e+16	8.02e-03	9.92e-01	2.98e-11
 2.91363e+16	8.51e-03	9.91e-01	2.98e-11
 2.97446e+16	9.15e-03	9.91e-01	2.98e-11
 3.02821e+16	9.80e-03	9.90e-01	3.01e-11
 3.07263e+16	1.04e-02	9.90e-01	3.04e-11
 3.11979e+16	1.11e-02	9.89e-01	3.08e-11
 3.17236e+16	1.20e-02	9.88e-01	3.14e-11
 3.21917e+16	1.30e-02	9.87e-01	3.22e-11
 3.25736e+16	1.39e-02	9.86e-01	3.31e-11
 3.29162e+16	1.48e-02	9.85e-01	3.39e-11
 3.33057e+16	1.60e-02	9.84e-01	3.50e-11
 3.37296e+16	1.76e-02	9.82e-01	3.66e-11
 3.40878e+16	1.93e-02	9.81e-01	3.82e-11
 3.43668e+16	2.08e-02	9.79e-01	4.00e-11
 3.46532e+16	2.27e-02	9.77e-01	4.21e-11
 3.49762e+16	2.52e-02	9.75e-01	4.52e-11
 3.52645e+16	2.82e-02	9.72e-01	4.93e-11
 3.54919e+16	3.11e-02	9.69e-01	5.33e-11
 3.56855e+16	3.41e-02	9.66e-01	5.72e-11
 3.58698e+16	3.76e-02	9.62e-01	6.26e-11
 3.60332e+16	4.13e-02	9.59e-01	7.22e-11
 3.61654e+16	4.50e-02	9.55e-01	8.02e-11
 3.62796e+16	4.87e-02	9.51e-01	8.90e-11
 3.63865e+16	5.28e-02	9.47e-01	9.96e-11
 3.64896e+16	5.74e-02	9.43e-01	1.13e-10
 3.65857e+16	6.25e-02	9.37e-01	1.28e-10
 3.66719e+16	6.79e-02	9.32e-01	1.47e-10
 3.67498e+16	7.35e-02	9.27e-01	1.67e-10
 3.68220e+16	7.96e-02	9.20e-01	1.91e-10
 3.68898e+16	8.59e-02	9.14e-01	2.22e-10
 3.69544e+16	9.29e-02	9.07e-01	2.57e-10
 3.70163e+16	1.01e-01	8.99e-01	2.99e-10
 3.70744e+16	1.09e-01	8.91e-01	3.49e-10
 3.71291e+16	1.17e-01	8.83e-01	4.02e-10
 3.71809e+16	1.27e-01	8.73e-01	4.66e-10
 3.72308e+16	1.36e-01	8.64e-01	5.40e-10
 3.72799e+16	1.47e-01	8.53e-01	6.32e-10
 3.73254e+16	1.58e-01	8.42e-01	7.20e-10
 3.73668e+16	1.69e-01	8.31e-01	8.24e-10
 3.74050e+16	1.80e-01	8.20e-01	9.19e-10
 3.74408e+16	1.91e-01	8.09e-01	1.03e-09
 3.74753e+16	2.03e-01	7.97e-01	1.14e-09
 3.75079e+16	2.14e-01	7.86e-01	1.26e-09
 3.75336e+16	2.24e-01	7.76e-01	1.35e-09
 3.75510e+16	2.30e-01	7.70e-01	1.42e-09
 3.75672e+16	2.37e-01	7.63e-01	1.48e-09
 3.75866e+16	2.46e-01	7.54e-01	1.56e-09
 3.76080e+16	2.55e-01	7.45e-01	1.65e-09
 3.76289e+16	2.64e-01	7.36e-01	1.75e-09
 3.76487e+16	2.73e-01	7.27e-01	1.84e-09
 3.76681e+16	2.83e-01	7.17e-01	1.94e-09
 3.76879e+16	2.92e-01	7.08e-01	2.04e-09
 3.77081e+16	3.03e-01	6.97e-01	2.15e-09
 3.77283e+16	3.13e-01	6.87e-01	2.26e-09
 3.77482e+16	3.24e-01	6.76e-01	2.37e-09
 3.77681e+16	3.35e-01	6.65e-01	2.48e-09
 3.77881e+16	3.46e-01	6.54e-01	2.61e-09
 3.78082e+16	3.58e-01	6.42e-01	2.73e-09
 3.78285e+16	3.70e-01	6.30e-01	2.85e-09
 3.78485e+16	3.82e-01	6.18e-01	2.98e-09
 3.78683e+16	3.94e-01	6.06e-01	3.11e-09
 3.78885e+16	4.07e-01	5.93e-01	3.24e-09
 3.79089e+16	4.20e-01	5.80e-01	3.38e-09
 3.79290e+16	4.33e-01	5.67e-01	3.51e-09
 3.79489e+16	4.46e-01	5.54e-01	3.65e-09
 3.79692e+16	4.60e-01	5.40e-01	3.78e-09
 3.79896e+16	4.73e-01	5.27e-01	3.94e-09
 3.80099e+16	4.87e-01	5.13e-01	4.07e-09
 3.80303e+16	5.01e-01	4.99e-01	4.21e-09
 3.80505e+16	5.14e-01	4.86e-01	4.35e-09
 3.80706e+16	5.28e-01	4.72e-01	4.49e-09
 3.80910e+16	5.42e-01	4.58e-01	4.63e-09
 3.81113e+16	5.56e-01	4.44e-01	4.76e-09
 3.81314e+16	5.70e-01	4.30e-01	4.90e-09
 3.81511e+16	5.83e-01	4.17e-01	5.03e-09
 3.81706e+16	5.96e-01	4.04e-01	5.15e-09
 3.81900e+16	6.10e-01	3.90e-01	5.27e-09
 3.82092e+16	6.23e-01	3.77e-01	5.38e-09
 3.82283e+16	6.35e-01	3.65e-01	5.50e-09
 3.82474e+16	6.48e-01	3.52e-01	5.61e-09
 3.82662e+16	6.60e-01	3.40e-01	5.70e-09
 3.82848e+16	6.72e-01	3.28e-01	5.81e-09
 3.83034e+16	6.83e-01	3.17e-01	5.91e-09
 3.83219e+16	6.95e-01	3.05e-01	5.99e-09
 3.83402e+16	7.06e-01	2.94e-01	6.07e-09
 3.83585e+16	7.17e-01	2.83e-01	6.16e-09
 3.83764e+16	7.28e-01	2.72e-01	6.22e-09
 3.83943e+16	7.38e-01	2.62e-01	6.30e-09
 3.84122e+16	7.48e-01	2.52e-01	6.36e-09
 3.84297e+16	7.58e-01	2.42e-01	6.41e-09
 3.84473e+16	7.67e-01	2.33e-01	6.48e-09
 3.84650e+16	7.76e-01	2.24e-01	6.53e-09
 3.84824e+16	7.85e-01	2.15e-01	6.58e-09
 3.84994e+16	7.93e-01	2.07e-01	6.61e-09
 3.85165e+16	8.02e-01	1.98e-01	6.64e-09
 3.85340e+16	8.10e-01	1.90e-01	6.69e-09
 3.85512e+16	8.18e-01	1.82e-01	6.72e-09
 3.85676e+16	8.25e-01	1.75e-01	6.74e-09
 3.85841e+16	8.32e-01	1.68e-01	6.74e-09
 3.86014e+16	8.39e-01	1.61e-01	6.77e-09
 3.86186e+16	8.46e-01	1.54e-01	6.80e-09
 3.86346e+16	8.52e-01	1.48e-01	6.80e-09
 3.86503e+16	8.58e-01	1.42e-01	6.79e-09
 3.86669e+16	8.64e-01	1.36e-01	6.80e-09
 3.86837e+16	8.70e-01	1.30e-01	6.81e-09
 3.86995e+16	8.76e-01	1.24e-01	6.80e-09
 3.87150e+16	8.81e-01	1.19e-01	6.76e-09
 3.87313e+16	8.86e-01	1.14e-01	6.74e-09
 3.87480e+16	8.91e-01	1.09e-01	6.77e-09
 3.87634e+16	8.95e-01	1.05e-01	6.76e-09
 3.87778e+16	9.00e-01	1.00e-01	6.73e-09
 3.87929e+16	9.04e-01	9.61e-02	6.69e-09
 3.88087e+16	9.08e-01	9.20e-02	6.66e-09
 3.88240e+16	9.12e-01	8.81e-02	6.64e-09
 3.88386e+16	9.15e-01	8.45e-02	6.61e-09
 3.88529e+16	9.19e-01	8.11e-02	6.57e-09
 3.88673e+16	9.22e-01	7.78e-02	6.54e-09
 3.88815e+16	9.25e-01	7.47e-02	6.51e-09
 3.88948e+16	9.28e-01	7.19e-02	6.47e-09
 3.89066e+16	9.31e-01	6.95e-02	6.45e-09
 3.89177e+16	9.33e-01	6.72e-02	6.40e-09
 3.89284e+16	9.35e-01	6.51e-02	6.35e-09
 3.89387e+16	9.37e-01	6.31e-02	6.31e-09
 3.89485e+16	9.39e-01	6.13e-02	6.26e-09
 3.89579e+16	9.40e-01	5.96e-02	6.21e-09
 3.89669e+16	9.42e-01	5.79e-02	6.16e-09
 3.89756e+16	9.44e-01	5.64e-02	6.11e-09
 3.89842e+16	9.45e-01	5.49e-02	6.06e-09
 3.89928e+16	9.47e-01	5.34e-02	6.01e-09
 3.90014e+16	9.48e-01	5.20e-02	5.95e-09
 3.90102e+16	9.49e-01	5.05e-02	5.88e-09
 3.90190e+16	9.51e-01	4.91e-02	5.81e-09
 3.90271e+16	9.52e-01	4.79e-02	5.74e-09
 3.90343e+16	9.53e-01	4.68e-02	5.68e-09
 3.90408e+16	9.54e-01	4.58e-02	5.61e-09
 3.90469e+16	9.55e-01	4.48e-02	5.54e-09
 3.90527e+16	9.56e-01	4.39e-02	5.48e-09
 3.90583e+16	9.57e-01	4.31e-02	5.42e-09
 3.90635e+16	9.58e-01	4.23e-02	5.35e-09
 3.90684e+16	9.58e-01	4.16e-02	5.29e-09
 3.90729e+16	9.59e-01	4.09e-02	5.22e-09
 3.90770e+16	9.60e-01	4.03e-02	5.17e-09
 3.90807e+16	9.60e-01	3.97e-02	5.11e-09
 3.90841e+16	9.61e-01	3.92e-02	5.06e-09
 3.90872e+16	9.61e-01	3.87e-02	5.00e-09
 3.90900e+16	9.62e-01	3.83e-02	4.97e-09
 3.90931e+16	9.62e-01	3.78e-02	4.92e-09
 3.90965e+16	9.63e-01	3.73e-02	4.86e-09
 3.90995e+16	9.63e-01	3.69e-02	4.83e-09
 3.91023e+16	9.64e-01	3.65e-02	4.78e-09
 3.91048e+16	9.64e-01	3.61e-02	4.74e-09
 3.91075e+16	9.64e-01	3.57e-02	4.70e-09
 3.91111e+16	9.65e-01	3.52e-02	4.64e-09
 3.91150e+16	9.65e-01	3.46e-02	4.58e-09
 3.91185e+16	9.66e-01	3.41e-02	4.53e-09
 3.91217e+16	9.66e-01	3.37e-02	4.48e-09
 3.91246e+16	9.67e-01	3.33e-02	4.44e-09
 3.91272e+16	9.67e-01	3.30e-02	4.42e-09
