#depth	H	H+	H2
 3.37282e+11	1.62e-03	9.98e-01	8.07e-13
 2.02369e+12	1.62e-03	9.98e-01	8.13e-13
 8.76934e+12	1.62e-03	9.98e-01	8.20e-13
 3.57519e+13	1.62e-03	9.98e-01	8.25e-13
 8.53999e+13	1.61e-03	9.98e-01	8.40e-13
 1.49942e+14	1.60e-03	9.98e-01	8.58e-13
 2.33847e+14	1.59e-03	9.98e-01	8.80e-13
 3.42924e+14	1.58e-03	9.98e-01	9.11e-13
 4.84723e+14	1.57e-03	9.98e-01	9.44e-13
 6.69063e+14	1.56e-03	9.98e-01	9.86e-13
 9.08704e+14	1.56e-03	9.98e-01	1.04e-12
 1.22024e+15	1.55e-03	9.98e-01	1.12e-12
 1.62523e+15	1.55e-03	9.98e-01	1.21e-12
 2.15172e+15	1.55e-03	9.98e-01	1.32e-12
 2.83616e+15	1.56e-03	9.98e-01	1.45e-12
 3.60127e+15	1.56e-03	9.98e-01	1.58e-12
 4.34259e+15	1.56e-03	9.98e-01	1.68e-12
 5.17762e+15	1.58e-03	9.98e-01	1.73e-12
 6.26316e+15	1.61e-03	9.98e-01	1.75e-12
 7.45856e+15	1.63e-03	9.98e-01	1.75e-12
 8.44241e+15	1.65e-03	9.98e-01	1.73e-12
 9.28665e+15	1.68e-03	9.98e-01	1.66e-12
 1.02153e+16	1.72e-03	9.98e-01	1.55e-12
 1.12368e+16	1.77e-03	9.98e-01	1.42e-12
 1.23605e+16	1.83e-03	9.98e-01	1.27e-12
 1.35966e+16	1.90e-03	9.98e-01	1.10e-12
 1.47784e+16	1.99e-03	9.98e-01	9.85e-13
 1.57628e+16	2.07e-03	9.98e-01	8.94e-13
 1.66487e+16	2.16e-03	9.98e-01	8.16e-13
 1.76511e+16	2.27e-03	9.98e-01	7.26e-13
 1.86976e+16	2.40e-03	9.98e-01	6.75e-13
 1.95549e+16	2.53e-03	9.97e-01	6.48e-13
 2.02827e+16	2.66e-03	9.97e-01	6.27e-13
 2.10888e+16	2.80e-03	9.97e-01	6.02e-13
 2.19636e+16	2.99e-03	9.97e-01	5.97e-13
 2.27314e+16	3.18e-03	9.97e-01	6.04e-13
 2.33984e+16	3.37e-03	9.97e-01	6.15e-13
 2.41306e+16	3.58e-03	9.96e-01	6.23e-13
 2.49200e+16	3.86e-03	9.96e-01	6.48e-13
 2.55962e+16	4.16e-03	9.96e-01	6.87e-13
 2.61652e+16	4.43e-03	9.96e-01	7.22e-13
 2.67826e+16	4.74e-03	9.95e-01	7.55e-13
 2.74672e+16	5.15e-03	9.95e-01	8.10e-13
 2.80762e+16	5.60e-03	9.94e-01	8.75e-13
 2.85879e+16	6.04e-03	9.94e-01	9.38e-13
 2.91363e+16	6.50e-03	9.93e-01	9.95e-13
 2.97446e+16	7.17e-03	9.93e-01	1.09e-12
 3.02821e+16	7.91e-03	9.92e-01	1.20e-12
 3.07263e+16	8.61e-03	9.91e-01	1.30e-12
 3.11979e+16	9.40e-03	9.91e-01	1.41e-12
 3.17236e+16	1.05e-02	9.89e-01	1.56e-12
 3.21917e+16	1.18e-02	9.88e-01	1.74e-12
 3.25736e+16	1.31e-02	9.87e-01	1.92e-12
 3.29162e+16	1.43e-02	9.86e-01	2.10e-12
 3.33057e+16	1.60e-02	9.84e-01	2.33e-12
 3.37296e+16	1.85e-02	9.82e-01	2.66e-12
 3.40878e+16	2.12e-02	9.79e-01	3.06e-12
 3.43668e+16	2.40e-02	9.76e-01	3.45e-12
 3.46532e+16	2.71e-02	9.73e-01	3.89e-12
 3.49762e+16	3.19e-02	9.68e-01	4.57e-12
 3.52645e+16	3.79e-02	9.62e-01	5.43e-12
 3.54919e+16	4.42e-02	9.56e-01	6.36e-12
 3.56855e+16	5.10e-02	9.49e-01	7.37e-12
 3.58698e+16	5.92e-02	9.41e-01	8.61e-12
 3.60332e+16	6.85e-02	9.32e-01	1.00e-11
 3.61654e+16	7.81e-02	9.22e-01	1.15e-11
 3.62796e+16	8.83e-02	9.12e-01	1.32e-11
 3.63865e+16	9.96e-02	9.00e-01	1.50e-11
 3.64896e+16	1.13e-01	8.87e-01	1.73e-11
 3.65857e+16	1.28e-01	8.72e-01	1.99e-11
 3.66719e+16	1.45e-01	8.55e-01	2.28e-11
 3.67498e+16	1.63e-01	8.37e-01	2.61e-11
 3.68220e+16	1.82e-01	8.18e-01	2.99e-11
 3.68898e+16	2.03e-01	7.97e-01	3.40e-11
 3.69544e+16	2.25e-01	7.75e-01	3.87e-11
 3.70163e+16	2.50e-01	7.50e-01	4.42e-11
 3.70744e+16	2.75e-01	7.25e-01	5.03e-11
 3.71291e+16	3.02e-01	6.98e-01	5.71e-11
 3.71809e+16	3.30e-01	6.70e-01	6.45e-11
 3.72308e+16	3.58e-01	6.42e-01	7.26e-11
 3.72799e+16	3.87e-01	6.13e-01	8.16e-11
 3.73254e+16	4.16e-01	5.84e-01	9.14e-11
 3.73668e+16	4.41e-01	5.59e-01	1.01e-10
 3.74050e+16	4.67e-01	5.33e-01	1.11e-10
 3.74408e+16	4.90e-01	5.10e-01	1.21e-10
 3.74753e+16	5.12e-01	4.88e-01	1.32e-10
 3.75079e+16	5.33e-01	4.67e-01	1.42e-10
 3.75336e+16	5.50e-01	4.50e-01	1.51e-10
 3.75510e+16	5.61e-01	4.39e-01	1.58e-10
 3.75672e+16	5.71e-01	4.29e-01	1.64e-10
 3.75866e+16	5.84e-01	4.16e-01	1.72e-10
 3.76080e+16	5.97e-01	4.03e-01	1.81e-10
 3.76289e+16	6.10e-01	3.90e-01	1.90e-10
 3.76487e+16	6.22e-01	3.78e-01	1.99e-10
 3.76681e+16	6.33e-01	3.67e-01	2.08e-10
 3.76879e+16	6.45e-01	3.55e-01	2.18e-10
 3.77081e+16	6.57e-01	3.43e-01	2.28e-10
 3.77283e+16	6.69e-01	3.31e-01	2.40e-10
 3.77482e+16	6.80e-01	3.20e-01	2.50e-10
 3.77681e+16	6.91e-01	3.09e-01	2.63e-10
 3.77881e+16	7.01e-01	2.99e-01	2.74e-10
 3.78082e+16	7.12e-01	2.88e-01	2.88e-10
 3.78285e+16	7.23e-01	2.77e-01	3.02e-10
 3.78485e+16	7.33e-01	2.67e-01	3.17e-10
 3.78683e+16	7.42e-01	2.58e-01	3.31e-10
 3.78885e+16	7.52e-01	2.48e-01	3.47e-10
 3.79089e+16	7.62e-01	2.38e-01	3.65e-10
 3.79290e+16	7.71e-01	2.29e-01	3.82e-10
 3.79489e+16	7.80e-01	2.20e-01	3.99e-10
 3.79692e+16	7.89e-01	2.11e-01	4.20e-10
 3.79896e+16	7.97e-01	2.03e-01	4.39e-10
 3.80099e+16	8.05e-01	1.95e-01	4.61e-10
 3.80303e+16	8.13e-01	1.87e-01	4.85e-10
 3.80505e+16	8.21e-01	1.79e-01	5.08e-10
 3.80706e+16	8.28e-01	1.72e-01	5.34e-10
 3.80910e+16	8.35e-01	1.65e-01	5.60e-10
 3.81113e+16	8.42e-01	1.58e-01	5.88e-10
 3.81314e+16	8.49e-01	1.51e-01	6.17e-10
 3.81511e+16	8.55e-01	1.45e-01	6.47e-10
 3.81706e+16	8.61e-01	1.39e-01	6.80e-10
 3.81900e+16	8.66e-01	1.34e-01	7.15e-10
 3.82092e+16	8.72e-01	1.28e-01	7.52e-10
 3.82283e+16	8.77e-01	1.23e-01	7.84e-10
 3.82474e+16	8.82e-01	1.18e-01	8.28e-10
 3.82662e+16	8.87e-01	1.13e-01	8.72e-10
 3.82848e+16	8.91e-01	1.09e-01	9.07e-10
 3.83034e+16	8.96e-01	1.04e-01	9.55e-10
 3.83219e+16	9.00e-01	1.00e-01	1.01e-09
 3.83402e+16	9.04e-01	9.62e-02	1.06e-09
 3.83585e+16	9.08e-01	9.24e-02	1.12e-09
 3.83764e+16	9.11e-01	8.87e-02	1.17e-09
 3.83943e+16	9.15e-01	8.53e-02	1.23e-09
 3.84122e+16	9.18e-01	8.19e-02	1.30e-09
 3.84297e+16	9.21e-01	7.87e-02	1.38e-09
 3.84473e+16	9.24e-01	7.57e-02	1.44e-09
 3.84650e+16	9.27e-01	7.27e-02	1.52e-09
 3.84824e+16	9.30e-01	6.98e-02	1.61e-09
 3.84994e+16	9.33e-01	6.72e-02	1.70e-09
 3.85165e+16	9.35e-01	6.46e-02	1.79e-09
 3.85340e+16	9.38e-01	6.21e-02	1.90e-09
 3.85512e+16	9.40e-01	5.96e-02	2.02e-09
 3.85676e+16	9.43e-01	5.73e-02	2.14e-09
 3.85841e+16	9.45e-01	5.52e-02	2.24e-09
 3.86014e+16	9.47e-01	5.31e-02	2.40e-09
 3.86186e+16	9.49e-01	5.09e-02	2.56e-09
 3.86346e+16	9.51e-01	4.90e-02	2.73e-09
 3.86503e+16	9.53e-01	4.72e-02	2.88e-09
 3.86669e+16	9.55e-01	4.54e-02	3.10e-09
 3.86837e+16	9.56e-01	4.35e-02	3.33e-09
 3.86995e+16	9.58e-01	4.19e-02	3.58e-09
 3.87150e+16	9.60e-01	4.02e-02	3.85e-09
 3.87313e+16	9.61e-01	3.86e-02	4.15e-09
 3.87480e+16	9.63e-01	3.71e-02	4.48e-09
 3.87634e+16	9.64e-01	3.57e-02	4.83e-09
 3.87778e+16	9.66e-01	3.44e-02	5.24e-09
 3.87929e+16	9.67e-01	3.31e-02	5.76e-09
 3.88087e+16	9.68e-01	3.17e-02	6.34e-09
 3.88240e+16	9.70e-01	3.04e-02	6.99e-09
 3.88386e+16	9.71e-01	2.93e-02	7.72e-09
 3.88529e+16	9.72e-01	2.81e-02	8.57e-09
 3.88673e+16	9.73e-01	2.71e-02	9.55e-09
 3.88815e+16	9.74e-01	2.60e-02	1.08e-08
 3.88948e+16	9.75e-01	2.50e-02	1.21e-08
 3.89066e+16	9.76e-01	2.42e-02	1.35e-08
 3.89177e+16	9.77e-01	2.34e-02	1.51e-08
 3.89284e+16	9.77e-01	2.27e-02	1.68e-08
 3.89387e+16	9.78e-01	2.20e-02	1.88e-08
 3.89485e+16	9.79e-01	2.13e-02	2.10e-08
 3.89579e+16	9.79e-01	2.07e-02	2.34e-08
 3.89669e+16	9.80e-01	2.01e-02	2.61e-08
 3.89756e+16	9.81e-01	1.95e-02	2.90e-08
 3.89842e+16	9.81e-01	1.89e-02	3.22e-08
 3.89928e+16	9.82e-01	1.84e-02	3.58e-08
 3.90014e+16	9.82e-01	1.78e-02	3.96e-08
 3.90102e+16	9.83e-01	1.72e-02	4.38e-08
 3.90190e+16	9.83e-01	1.66e-02	4.80e-08
 3.90271e+16	9.84e-01	1.61e-02	5.15e-08
 3.90343e+16	9.84e-01	1.56e-02	5.44e-08
 3.90408e+16	9.85e-01	1.52e-02	5.67e-08
 3.90469e+16	9.85e-01	1.48e-02	5.86e-08
 3.90527e+16	9.86e-01	1.44e-02	6.03e-08
 3.90583e+16	9.86e-01	1.40e-02	6.17e-08
 3.90635e+16	9.86e-01	1.37e-02	6.29e-08
 3.90684e+16	9.87e-01	1.34e-02	6.39e-08
 3.90729e+16	9.87e-01	1.31e-02	6.49e-08
 3.90770e+16	9.87e-01	1.28e-02	6.58e-08
 3.90807e+16	9.87e-01	1.26e-02	6.66e-08
 3.90841e+16	9.88e-01	1.24e-02	6.73e-08
 3.90872e+16	9.88e-01	1.22e-02	6.81e-08
 3.90900e+16	9.88e-01	1.20e-02	6.87e-08
 3.90931e+16	9.88e-01	1.18e-02	6.95e-08
 3.90965e+16	9.88e-01	1.16e-02	7.04e-08
 3.90995e+16	9.89e-01	1.15e-02	7.13e-08
 3.91023e+16	9.89e-01	1.13e-02	7.21e-08
 3.91048e+16	9.89e-01	1.12e-02	7.28e-08
 3.91075e+16	9.89e-01	1.10e-02	7.36e-08
 3.91111e+16	9.89e-01	1.08e-02	7.49e-08
 3.91150e+16	9.89e-01	1.06e-02	7.64e-08
 3.91185e+16	9.90e-01	1.04e-02	7.77e-08
 3.91217e+16	9.90e-01	1.02e-02	7.90e-08
 3.91246e+16	9.90e-01	1.00e-02	8.01e-08
 3.91272e+16	9.90e-01	9.85e-03	8.10e-08
