#depth	O	O+	O+2	O+3	O+4	O+5	O+6	O+7	O+8	O[1]	O[2]	O[3]
 3.37282e+11	1.38e-05	1.77e-02	9.62e-01	2.06e-02	4.75e-07	0.00e+00	0.00e+00	0.00e+00	0.00e+00	1.01e-05	2.54e-06	1.22e-06
 2.02369e+12	1.38e-05	1.77e-02	9.62e-01	2.06e-02	4.72e-07	0.00e+00	0.00e+00	0.00e+00	0.00e+00	1.00e-05	2.53e-06	1.22e-06
 8.76934e+12	1.38e-05	1.77e-02	9.62e-01	2.03e-02	4.60e-07	0.00e+00	0.00e+00	0.00e+00	0.00e+00	1.00e-05	2.54e-06	1.22e-06
 3.57519e+13	1.39e-05	1.78e-02	9.63e-01	1.91e-02	4.20e-07	0.00e+00	0.00e+00	0.00e+00	0.00e+00	1.01e-05	2.55e-06	1.23e-06
 8.53999e+13	1.38e-05	1.78e-02	9.65e-01	1.75e-02	3.63e-07	0.00e+00	0.00e+00	0.00e+00	0.00e+00	1.00e-05	2.55e-06	1.23e-06
 1.49942e+14	1.38e-05	1.79e-02	9.67e-01	1.55e-02	3.00e-07	0.00e+00	0.00e+00	0.00e+00	0.00e+00	1.00e-05	2.55e-06	1.24e-06
 2.33847e+14	1.38e-05	1.80e-02	9.69e-01	1.32e-02	2.34e-07	0.00e+00	0.00e+00	0.00e+00	0.00e+00	1.00e-05	2.56e-06	1.24e-06
 3.42924e+14	1.39e-05	1.82e-02	9.71e-01	1.08e-02	1.68e-07	0.00e+00	0.00e+00	0.00e+00	0.00e+00	1.01e-05	2.57e-06	1.25e-06
 4.84723e+14	1.41e-05	1.84e-02	9.73e-01	8.22e-03	0.00e+00	0.00e+00	0.00e+00	0.00e+00	0.00e+00	1.02e-05	2.59e-06	1.26e-06
 6.69063e+14	1.42e-05	1.86e-02	9.76e-01	5.77e-03	0.00e+00	0.00e+00	0.00e+00	0.00e+00	0.00e+00	1.03e-05	2.62e-06	1.27e-06
 9.08704e+14	1.45e-05	1.90e-02	9.77e-01	3.64e-03	0.00e+00	0.00e+00	0.00e+00	0.00e+00	0.00e+00	1.06e-05	2.67e-06	1.30e-06
 1.22024e+15	1.50e-05	1.95e-02	9.79e-01	2.01e-03	0.00e+00	0.00e+00	0.00e+00	0.00e+00	0.00e+00	1.09e-05	2.75e-06	1.33e-06
 1.62523e+15	1.56e-05	2.01e-02	9.79e-01	9.37e-04	0.00e+00	0.00e+00	0.00e+00	0.00e+00	0.00e+00	1.13e-05	2.85e-06	1.38e-06
 2.15172e+15	1.65e-05	2.09e-02	9.79e-01	3.57e-04	0.00e+00	0.00e+00	0.00e+00	0.00e+00	0.00e+00	1.20e-05	3.01e-06	1.46e-06
 2.83616e+15	1.78e-05	2.21e-02	9.78e-01	1.07e-04	0.00e+00	0.00e+00	0.00e+00	0.00e+00	0.00e+00	1.30e-05	3.24e-06	1.57e-06
 3.60127e+15	1.92e-05	2.35e-02	9.76e-01	2.96e-05	0.00e+00	0.00e+00	0.00e+00	0.00e+00	0.00e+00	1.40e-05	3.49e-06	1.69e-06
 4.34259e+15	2.07e-05	2.49e-02	9.75e-01	9.25e-06	0.00e+00	0.00e+00	0.00e+00	0.00e+00	0.00e+00	1.51e-05	3.77e-06	1.83e-06
 5.17762e+15	2.30e-05	2.66e-02	9.73e-01	2.78e-06	0.00e+00	0.00e+00	0.00e+00	0.00e+00	0.00e+00	1.68e-05	4.17e-06	2.02e-06
 6.26316e+15	2.63e-05	2.90e-02	9.71e-01	6.94e-07	0.00e+00	0.00e+00	0.00e+00	0.00e+00	0.00e+00	1.92e-05	4.77e-06	2.32e-06
 7.45856e+15	3.02e-05	3.19e-02	9.68e-01	1.90e-07	0.00e+00	0.00e+00	0.00e+00	0.00e+00	0.00e+00	2.20e-05	5.49e-06	2.67e-06
 8.44241e+15	3.37e-05	3.45e-02	9.65e-01	0.00e+00	0.00e+00	0.00e+00	0.00e+00	0.00e+00	0.00e+00	2.46e-05	6.14e-06	2.98e-06
 9.28665e+15	3.75e-05	3.69e-02	9.63e-01	0.00e+00	0.00e+00	0.00e+00	0.00e+00	0.00e+00	0.00e+00	2.74e-05	6.85e-06	3.33e-06
 1.02153e+16	4.23e-05	3.97e-02	9.60e-01	0.00e+00	0.00e+00	0.00e+00	0.00e+00	0.00e+00	0.00e+00	3.08e-05	7.74e-06	3.76e-06
 1.12368e+16	4.85e-05	4.30e-02	9.57e-01	0.00e+00	0.00e+00	0.00e+00	0.00e+00	0.00e+00	0.00e+00	3.53e-05	8.88e-06	4.32e-06
 1.23605e+16	5.65e-05	4.70e-02	9.53e-01	0.00e+00	0.00e+00	0.00e+00	0.00e+00	0.00e+00	0.00e+00	4.11e-05	1.04e-05	5.06e-06
 1.35966e+16	6.74e-05	5.19e-02	9.48e-01	0.00e+00	0.00e+00	0.00e+00	0.00e+00	0.00e+00	0.00e+00	4.89e-05	1.24e-05	6.07e-06
 1.47784e+16	8.01e-05	5.72e-02	9.43e-01	0.00e+00	0.00e+00	0.00e+00	0.00e+00	0.00e+00	0.00e+00	5.80e-05	1.49e-05	7.25e-06
 1.57628e+16	9.33e-05	6.21e-02	9.38e-01	0.00e+00	0.00e+00	0.00e+00	0.00e+00	0.00e+00	0.00e+00	6.75e-05	1.74e-05	8.47e-06
 1.66487e+16	1.08e-04	6.70e-02	9.33e-01	0.00e+00	0.00e+00	0.00e+00	0.00e+00	0.00e+00	0.00e+00	7.77e-05	2.01e-05	9.81e-06
 1.76511e+16	1.27e-04	7.32e-02	9.27e-01	0.00e+00	0.00e+00	0.00e+00	0.00e+00	0.00e+00	0.00e+00	9.16e-05	2.39e-05	1.16e-05
 1.86976e+16	1.53e-04	8.04e-02	9.19e-01	0.00e+00	0.00e+00	0.00e+00	0.00e+00	0.00e+00	0.00e+00	1.10e-04	2.87e-05	1.40e-05
 1.95549e+16	1.79e-04	8.70e-02	9.13e-01	0.00e+00	0.00e+00	0.00e+00	0.00e+00	0.00e+00	0.00e+00	1.28e-04	3.38e-05	1.65e-05
 2.02827e+16	2.05e-04	9.33e-02	9.06e-01	0.00e+00	0.00e+00	0.00e+00	0.00e+00	0.00e+00	0.00e+00	1.47e-04	3.89e-05	1.90e-05
 2.10888e+16	2.40e-04	1.01e-01	8.99e-01	0.00e+00	0.00e+00	0.00e+00	0.00e+00	0.00e+00	0.00e+00	1.72e-04	4.57e-05	2.23e-05
 2.19636e+16	2.85e-04	1.10e-01	8.90e-01	0.00e+00	0.00e+00	0.00e+00	0.00e+00	0.00e+00	0.00e+00	2.04e-04	5.45e-05	2.66e-05
 2.27314e+16	3.34e-04	1.18e-01	8.81e-01	0.00e+00	0.00e+00	0.00e+00	0.00e+00	0.00e+00	0.00e+00	2.39e-04	6.42e-05	3.14e-05
 2.33984e+16	3.86e-04	1.27e-01	8.73e-01	0.00e+00	0.00e+00	0.00e+00	0.00e+00	0.00e+00	0.00e+00	2.76e-04	7.44e-05	3.64e-05
 2.41306e+16	4.54e-04	1.37e-01	8.63e-01	0.00e+00	0.00e+00	0.00e+00	0.00e+00	0.00e+00	0.00e+00	3.23e-04	8.77e-05	4.30e-05
 2.49200e+16	5.45e-04	1.49e-01	8.50e-01	0.00e+00	0.00e+00	0.00e+00	0.00e+00	0.00e+00	0.00e+00	3.87e-04	1.06e-04	5.19e-05
 2.55962e+16	6.47e-04	1.61e-01	8.38e-01	0.00e+00	0.00e+00	0.00e+00	0.00e+00	0.00e+00	0.00e+00	4.59e-04	1.26e-04	6.18e-05
 2.61652e+16	7.51e-04	1.73e-01	8.26e-01	0.00e+00	0.00e+00	0.00e+00	0.00e+00	0.00e+00	0.00e+00	5.32e-04	1.47e-04	7.19e-05
 2.67826e+16	8.81e-04	1.87e-01	8.13e-01	0.00e+00	0.00e+00	0.00e+00	0.00e+00	0.00e+00	0.00e+00	6.24e-04	1.73e-04	8.47e-05
 2.74672e+16	1.07e-03	2.04e-01	7.95e-01	0.00e+00	0.00e+00	0.00e+00	0.00e+00	0.00e+00	0.00e+00	7.54e-04	2.10e-04	1.03e-04
 2.80762e+16	1.28e-03	2.22e-01	7.77e-01	0.00e+00	0.00e+00	0.00e+00	0.00e+00	0.00e+00	0.00e+00	9.05e-04	2.53e-04	1.24e-04
 2.85879e+16	1.51e-03	2.39e-01	7.60e-01	0.00e+00	0.00e+00	0.00e+00	0.00e+00	0.00e+00	0.00e+00	1.06e-03	2.99e-04	1.47e-04
 2.91363e+16	1.79e-03	2.59e-01	7.39e-01	0.00e+00	0.00e+00	0.00e+00	0.00e+00	0.00e+00	0.00e+00	1.26e-03	3.55e-04	1.74e-04
 2.97446e+16	2.20e-03	2.85e-01	7.13e-01	0.00e+00	0.00e+00	0.00e+00	0.00e+00	0.00e+00	0.00e+00	1.54e-03	4.40e-04	2.16e-04
 3.02821e+16	2.69e-03	3.11e-01	6.86e-01	0.00e+00	0.00e+00	0.00e+00	0.00e+00	0.00e+00	0.00e+00	1.88e-03	5.39e-04	2.64e-04
 3.07263e+16	3.20e-03	3.36e-01	6.61e-01	0.00e+00	0.00e+00	0.00e+00	0.00e+00	0.00e+00	0.00e+00	2.24e-03	6.43e-04	3.16e-04
 3.11979e+16	3.83e-03	3.65e-01	6.31e-01	0.00e+00	0.00e+00	0.00e+00	0.00e+00	0.00e+00	0.00e+00	2.68e-03	7.74e-04	3.79e-04
 3.17236e+16	4.78e-03	4.01e-01	5.94e-01	0.00e+00	0.00e+00	0.00e+00	0.00e+00	0.00e+00	0.00e+00	3.33e-03	9.68e-04	4.73e-04
 3.21917e+16	5.93e-03	4.39e-01	5.55e-01	0.00e+00	0.00e+00	0.00e+00	0.00e+00	0.00e+00	0.00e+00	4.13e-03	1.21e-03	5.87e-04
 3.25736e+16	7.14e-03	4.73e-01	5.20e-01	0.00e+00	0.00e+00	0.00e+00	0.00e+00	0.00e+00	0.00e+00	4.97e-03	1.46e-03	7.07e-04
 3.29162e+16	8.47e-03	5.06e-01	4.85e-01	0.00e+00	0.00e+00	0.00e+00	0.00e+00	0.00e+00	0.00e+00	5.90e-03	1.73e-03	8.39e-04
 3.33057e+16	1.03e-02	5.46e-01	4.44e-01	0.00e+00	0.00e+00	0.00e+00	0.00e+00	0.00e+00	0.00e+00	7.16e-03	2.11e-03	1.02e-03
 3.37296e+16	1.30e-02	5.93e-01	3.94e-01	0.00e+00	0.00e+00	0.00e+00	0.00e+00	0.00e+00	0.00e+00	9.05e-03	2.68e-03	1.29e-03
 3.40878e+16	1.62e-02	6.37e-01	3.47e-01	0.00e+00	0.00e+00	0.00e+00	0.00e+00	0.00e+00	0.00e+00	1.13e-02	3.35e-03	1.61e-03
 3.43668e+16	1.95e-02	6.72e-01	3.09e-01	0.00e+00	0.00e+00	0.00e+00	0.00e+00	0.00e+00	0.00e+00	1.35e-02	4.02e-03	1.93e-03
 3.46532e+16	2.34e-02	7.06e-01	2.70e-01	0.00e+00	0.00e+00	0.00e+00	0.00e+00	0.00e+00	0.00e+00	1.62e-02	4.84e-03	2.32e-03
 3.49762e+16	2.93e-02	7.45e-01	2.26e-01	0.00e+00	0.00e+00	0.00e+00	0.00e+00	0.00e+00	0.00e+00	2.04e-02	6.07e-03	2.90e-03
 3.52645e+16	3.68e-02	7.78e-01	1.85e-01	0.00e+00	0.00e+00	0.00e+00	0.00e+00	0.00e+00	0.00e+00	2.55e-02	7.61e-03	3.63e-03
 3.54919e+16	4.47e-02	8.02e-01	1.53e-01	0.00e+00	0.00e+00	0.00e+00	0.00e+00	0.00e+00	0.00e+00	3.10e-02	9.25e-03	4.41e-03
 3.56855e+16	5.32e-02	8.19e-01	1.27e-01	0.00e+00	0.00e+00	0.00e+00	0.00e+00	0.00e+00	0.00e+00	3.69e-02	1.10e-02	5.25e-03
 3.58698e+16	6.34e-02	8.32e-01	1.04e-01	0.00e+00	0.00e+00	0.00e+00	0.00e+00	0.00e+00	0.00e+00	4.41e-02	1.31e-02	6.25e-03
 3.60332e+16	7.50e-02	8.40e-01	8.54e-02	0.00e+00	0.00e+00	0.00e+00	0.00e+00	0.00e+00	0.00e+00	5.21e-02	1.55e-02	7.39e-03
 3.61654e+16	8.69e-02	8.42e-01	7.09e-02	0.00e+00	0.00e+00	0.00e+00	0.00e+00	0.00e+00	0.00e+00	6.05e-02	1.79e-02	8.55e-03
 3.62796e+16	9.94e-02	8.41e-01	5.93e-02	0.00e+00	0.00e+00	0.00e+00	0.00e+00	0.00e+00	0.00e+00	6.92e-02	2.04e-02	9.76e-03
 3.63865e+16	1.13e-01	8.37e-01	4.94e-02	0.00e+00	0.00e+00	0.00e+00	0.00e+00	0.00e+00	0.00e+00	7.89e-02	2.31e-02	1.11e-02
 3.64896e+16	1.30e-01	8.30e-01	4.07e-02	0.00e+00	0.00e+00	0.00e+00	0.00e+00	0.00e+00	0.00e+00	9.04e-02	2.64e-02	1.27e-02
 3.65857e+16	1.48e-01	8.19e-01	3.33e-02	0.00e+00	0.00e+00	0.00e+00	0.00e+00	0.00e+00	0.00e+00	1.03e-01	2.99e-02	1.44e-02
 3.66719e+16	1.67e-01	8.05e-01	2.73e-02	0.00e+00	0.00e+00	0.00e+00	0.00e+00	0.00e+00	0.00e+00	1.17e-01	3.37e-02	1.63e-02
 3.67498e+16	1.88e-01	7.89e-01	2.25e-02	0.00e+00	0.00e+00	0.00e+00	0.00e+00	0.00e+00	0.00e+00	1.32e-01	3.76e-02	1.83e-02
 3.68220e+16	2.11e-01	7.71e-01	1.85e-02	0.00e+00	0.00e+00	0.00e+00	0.00e+00	0.00e+00	0.00e+00	1.49e-01	4.18e-02	2.05e-02
 3.68898e+16	2.35e-01	7.50e-01	1.52e-02	0.00e+00	0.00e+00	0.00e+00	0.00e+00	0.00e+00	0.00e+00	1.66e-01	4.61e-02	2.27e-02
 3.69544e+16	2.60e-01	7.27e-01	1.24e-02	0.00e+00	0.00e+00	0.00e+00	0.00e+00	0.00e+00	0.00e+00	1.84e-01	5.07e-02	2.51e-02
 3.70163e+16	2.88e-01	7.02e-01	1.01e-02	0.00e+00	0.00e+00	0.00e+00	0.00e+00	0.00e+00	0.00e+00	2.05e-01	5.55e-02	2.76e-02
 3.70744e+16	3.17e-01	6.75e-01	8.22e-03	0.00e+00	0.00e+00	0.00e+00	0.00e+00	0.00e+00	0.00e+00	2.26e-01	6.02e-02	3.02e-02
 3.71291e+16	3.46e-01	6.47e-01	6.69e-03	0.00e+00	0.00e+00	0.00e+00	0.00e+00	0.00e+00	0.00e+00	2.48e-01	6.50e-02	3.29e-02
 3.71809e+16	3.76e-01	6.19e-01	5.46e-03	0.00e+00	0.00e+00	0.00e+00	0.00e+00	0.00e+00	0.00e+00	2.71e-01	6.96e-02	3.55e-02
 3.72308e+16	4.06e-01	5.89e-01	4.45e-03	0.00e+00	0.00e+00	0.00e+00	0.00e+00	0.00e+00	0.00e+00	2.94e-01	7.40e-02	3.81e-02
 3.72799e+16	4.36e-01	5.60e-01	3.61e-03	0.00e+00	0.00e+00	0.00e+00	0.00e+00	0.00e+00	0.00e+00	3.17e-01	7.82e-02	4.07e-02
 3.73254e+16	4.67e-01	5.30e-01	2.95e-03	0.00e+00	0.00e+00	0.00e+00	0.00e+00	0.00e+00	0.00e+00	3.41e-01	8.21e-02	4.32e-02
 3.73668e+16	4.93e-01	5.04e-01	2.45e-03	0.00e+00	0.00e+00	0.00e+00	0.00e+00	0.00e+00	0.00e+00	3.62e-01	8.53e-02	4.53e-02
 3.74050e+16	5.19e-01	4.79e-01	2.04e-03	0.00e+00	0.00e+00	0.00e+00	0.00e+00	0.00e+00	0.00e+00	3.83e-01	8.82e-02	4.73e-02
 3.74408e+16	5.42e-01	4.56e-01	1.73e-03	0.00e+00	0.00e+00	0.00e+00	0.00e+00	0.00e+00	0.00e+00	4.02e-01	9.06e-02	4.90e-02
 3.74753e+16	5.65e-01	4.34e-01	1.46e-03	0.00e+00	0.00e+00	0.00e+00	0.00e+00	0.00e+00	0.00e+00	4.21e-01	9.27e-02	5.06e-02
 3.75079e+16	5.86e-01	4.13e-01	1.24e-03	0.00e+00	0.00e+00	0.00e+00	0.00e+00	0.00e+00	0.00e+00	4.39e-01	9.45e-02	5.20e-02
 3.75336e+16	6.02e-01	3.97e-01	1.10e-03	0.00e+00	0.00e+00	0.00e+00	0.00e+00	0.00e+00	0.00e+00	4.53e-01	9.57e-02	5.31e-02
 3.75510e+16	6.13e-01	3.86e-01	1.00e-03	0.00e+00	0.00e+00	0.00e+00	0.00e+00	0.00e+00	0.00e+00	4.62e-01	9.65e-02	5.38e-02
 3.75672e+16	6.23e-01	3.77e-01	9.24e-04	0.00e+00	0.00e+00	0.00e+00	0.00e+00	0.00e+00	0.00e+00	4.71e-01	9.71e-02	5.44e-02
 3.75866e+16	6.34e-01	3.65e-01	8.36e-04	0.00e+00	0.00e+00	0.00e+00	0.00e+00	0.00e+00	0.00e+00	4.81e-01	9.78e-02	5.51e-02
 3.76080e+16	6.47e-01	3.52e-01	7.48e-04	0.00e+00	0.00e+00	0.00e+00	0.00e+00	0.00e+00	0.00e+00	4.93e-01	9.85e-02	5.58e-02
 3.76289e+16	6.59e-01	3.40e-01	6.71e-04	0.00e+00	0.00e+00	0.00e+00	0.00e+00	0.00e+00	0.00e+00	5.04e-01	9.91e-02	5.65e-02
 3.76487e+16	6.71e-01	3.29e-01	6.05e-04	0.00e+00	0.00e+00	0.00e+00	0.00e+00	0.00e+00	0.00e+00	5.14e-01	9.96e-02	5.71e-02
 3.76681e+16	6.82e-01	3.18e-01	5.45e-04	0.00e+00	0.00e+00	0.00e+00	0.00e+00	0.00e+00	0.00e+00	5.24e-01	9.99e-02	5.76e-02
 3.76879e+16	6.93e-01	3.07e-01	4.90e-04	0.00e+00	0.00e+00	0.00e+00	0.00e+00	0.00e+00	0.00e+00	5.34e-01	1.00e-01	5.81e-02
 3.77081e+16	7.04e-01	2.96e-01	4.39e-04	0.00e+00	0.00e+00	0.00e+00	0.00e+00	0.00e+00	0.00e+00	5.44e-01	1.00e-01	5.86e-02
 3.77283e+16	7.15e-01	2.85e-01	3.93e-04	0.00e+00	0.00e+00	0.00e+00	0.00e+00	0.00e+00	0.00e+00	5.55e-01	1.01e-01	5.91e-02
 3.77482e+16	7.25e-01	2.75e-01	3.52e-04	0.00e+00	0.00e+00	0.00e+00	0.00e+00	0.00e+00	0.00e+00	5.65e-01	1.01e-01	5.94e-02
 3.77681e+16	7.35e-01	2.65e-01	3.15e-04	0.00e+00	0.00e+00	0.00e+00	0.00e+00	0.00e+00	0.00e+00	5.75e-01	1.01e-01	5.98e-02
 3.77881e+16	7.45e-01	2.55e-01	2.82e-04	0.00e+00	0.00e+00	0.00e+00	0.00e+00	0.00e+00	0.00e+00	5.84e-01	1.01e-01	6.01e-02
 3.78082e+16	7.54e-01	2.45e-01	2.51e-04	0.00e+00	0.00e+00	0.00e+00	0.00e+00	0.00e+00	0.00e+00	5.94e-01	1.00e-01	6.03e-02
 3.78285e+16	7.64e-01	2.36e-01	2.23e-04	0.00e+00	0.00e+00	0.00e+00	0.00e+00	0.00e+00	0.00e+00	6.03e-01	1.00e-01	6.05e-02
 3.78485e+16	7.73e-01	2.27e-01	1.99e-04	0.00e+00	0.00e+00	0.00e+00	0.00e+00	0.00e+00	0.00e+00	6.13e-01	9.98e-02	6.07e-02
 3.78683e+16	7.82e-01	2.18e-01	1.78e-04	0.00e+00	0.00e+00	0.00e+00	0.00e+00	0.00e+00	0.00e+00	6.21e-01	9.95e-02	6.08e-02
 3.78885e+16	7.91e-01	2.09e-01	1.58e-04	0.00e+00	0.00e+00	0.00e+00	0.00e+00	0.00e+00	0.00e+00	6.31e-01	9.91e-02	6.09e-02
 3.79089e+16	7.99e-01	2.01e-01	1.40e-04	0.00e+00	0.00e+00	0.00e+00	0.00e+00	0.00e+00	0.00e+00	6.40e-01	9.86e-02	6.10e-02
 3.79290e+16	8.07e-01	1.93e-01	1.24e-04	0.00e+00	0.00e+00	0.00e+00	0.00e+00	0.00e+00	0.00e+00	6.48e-01	9.81e-02	6.10e-02
 3.79489e+16	8.15e-01	1.85e-01	1.10e-04	0.00e+00	0.00e+00	0.00e+00	0.00e+00	0.00e+00	0.00e+00	6.56e-01	9.75e-02	6.09e-02
 3.79692e+16	8.23e-01	1.77e-01	9.73e-05	0.00e+00	0.00e+00	0.00e+00	0.00e+00	0.00e+00	0.00e+00	6.65e-01	9.69e-02	6.09e-02
 3.79896e+16	8.30e-01	1.70e-01	8.60e-05	0.00e+00	0.00e+00	0.00e+00	0.00e+00	0.00e+00	0.00e+00	6.73e-01	9.62e-02	6.08e-02
 3.80099e+16	8.37e-01	1.63e-01	7.60e-05	0.00e+00	0.00e+00	0.00e+00	0.00e+00	0.00e+00	0.00e+00	6.81e-01	9.55e-02	6.07e-02
 3.80303e+16	8.44e-01	1.56e-01	6.70e-05	0.00e+00	0.00e+00	0.00e+00	0.00e+00	0.00e+00	0.00e+00	6.89e-01	9.48e-02	6.05e-02
 3.80505e+16	8.51e-01	1.49e-01	5.91e-05	0.00e+00	0.00e+00	0.00e+00	0.00e+00	0.00e+00	0.00e+00	6.96e-01	9.41e-02	6.03e-02
 3.80706e+16	8.57e-01	1.43e-01	5.22e-05	0.00e+00	0.00e+00	0.00e+00	0.00e+00	0.00e+00	0.00e+00	7.04e-01	9.33e-02	6.01e-02
 3.80910e+16	8.63e-01	1.37e-01	4.59e-05	0.00e+00	0.00e+00	0.00e+00	0.00e+00	0.00e+00	0.00e+00	7.11e-01	9.25e-02	5.99e-02
 3.81113e+16	8.69e-01	1.31e-01	4.04e-05	0.00e+00	0.00e+00	0.00e+00	0.00e+00	0.00e+00	0.00e+00	7.18e-01	9.17e-02	5.96e-02
 3.81314e+16	8.75e-01	1.25e-01	3.56e-05	0.00e+00	0.00e+00	0.00e+00	0.00e+00	0.00e+00	0.00e+00	7.25e-01	9.09e-02	5.94e-02
 3.81511e+16	8.80e-01	1.20e-01	3.14e-05	0.00e+00	0.00e+00	0.00e+00	0.00e+00	0.00e+00	0.00e+00	7.31e-01	9.01e-02	5.91e-02
 3.81706e+16	8.85e-01	1.15e-01	2.77e-05	0.00e+00	0.00e+00	0.00e+00	0.00e+00	0.00e+00	0.00e+00	7.37e-01	8.93e-02	5.88e-02
 3.81900e+16	8.90e-01	1.10e-01	2.45e-05	0.00e+00	0.00e+00	0.00e+00	0.00e+00	0.00e+00	0.00e+00	7.43e-01	8.85e-02	5.85e-02
 3.82092e+16	8.95e-01	1.05e-01	2.16e-05	0.00e+00	0.00e+00	0.00e+00	0.00e+00	0.00e+00	0.00e+00	7.49e-01	8.77e-02	5.81e-02
 3.82283e+16	8.99e-01	1.01e-01	1.91e-05	0.00e+00	0.00e+00	0.00e+00	0.00e+00	0.00e+00	0.00e+00	7.54e-01	8.70e-02	5.78e-02
 3.82474e+16	9.03e-01	9.67e-02	1.69e-05	0.00e+00	0.00e+00	0.00e+00	0.00e+00	0.00e+00	0.00e+00	7.60e-01	8.61e-02	5.75e-02
 3.82662e+16	9.07e-01	9.26e-02	1.50e-05	0.00e+00	0.00e+00	0.00e+00	0.00e+00	0.00e+00	0.00e+00	7.65e-01	8.54e-02	5.72e-02
 3.82848e+16	9.11e-01	8.90e-02	1.33e-05	0.00e+00	0.00e+00	0.00e+00	0.00e+00	0.00e+00	0.00e+00	7.69e-01	8.47e-02	5.68e-02
 3.83034e+16	9.15e-01	8.53e-02	1.17e-05	0.00e+00	0.00e+00	0.00e+00	0.00e+00	0.00e+00	0.00e+00	7.74e-01	8.39e-02	5.65e-02
 3.83219e+16	9.18e-01	8.17e-02	1.04e-05	0.00e+00	0.00e+00	0.00e+00	0.00e+00	0.00e+00	0.00e+00	7.79e-01	8.32e-02	5.62e-02
 3.83402e+16	9.22e-01	7.84e-02	9.20e-06	0.00e+00	0.00e+00	0.00e+00	0.00e+00	0.00e+00	0.00e+00	7.83e-01	8.24e-02	5.58e-02
 3.83585e+16	9.25e-01	7.52e-02	8.16e-06	0.00e+00	0.00e+00	0.00e+00	0.00e+00	0.00e+00	0.00e+00	7.88e-01	8.17e-02	5.54e-02
 3.83764e+16	9.28e-01	7.22e-02	7.24e-06	0.00e+00	0.00e+00	0.00e+00	0.00e+00	0.00e+00	0.00e+00	7.92e-01	8.10e-02	5.50e-02
 3.83943e+16	9.31e-01	6.93e-02	6.43e-06	0.00e+00	0.00e+00	0.00e+00	0.00e+00	0.00e+00	0.00e+00	7.96e-01	8.03e-02	5.46e-02
 3.84122e+16	9.34e-01	6.64e-02	5.71e-06	0.00e+00	0.00e+00	0.00e+00	0.00e+00	0.00e+00	0.00e+00	8.00e-01	7.96e-02	5.42e-02
 3.84297e+16	9.36e-01	6.38e-02	5.07e-06	0.00e+00	0.00e+00	0.00e+00	0.00e+00	0.00e+00	0.00e+00	8.03e-01	7.89e-02	5.38e-02
 3.84473e+16	9.39e-01	6.13e-02	4.51e-06	0.00e+00	0.00e+00	0.00e+00	0.00e+00	0.00e+00	0.00e+00	8.07e-01	7.83e-02	5.35e-02
 3.84650e+16	9.41e-01	5.88e-02	4.01e-06	0.00e+00	0.00e+00	0.00e+00	0.00e+00	0.00e+00	0.00e+00	8.10e-01	7.77e-02	5.31e-02
 3.84824e+16	9.44e-01	5.65e-02	3.56e-06	0.00e+00	0.00e+00	0.00e+00	0.00e+00	0.00e+00	0.00e+00	8.14e-01	7.70e-02	5.27e-02
 3.84994e+16	9.46e-01	5.43e-02	3.18e-06	0.00e+00	0.00e+00	0.00e+00	0.00e+00	0.00e+00	0.00e+00	8.17e-01	7.65e-02	5.24e-02
 3.85165e+16	9.48e-01	5.22e-02	2.83e-06	0.00e+00	0.00e+00	0.00e+00	0.00e+00	0.00e+00	0.00e+00	8.20e-01	7.59e-02	5.20e-02
 3.85340e+16	9.50e-01	5.01e-02	2.51e-06	0.00e+00	0.00e+00	0.00e+00	0.00e+00	0.00e+00	0.00e+00	8.23e-01	7.53e-02	5.17e-02
 3.85512e+16	9.52e-01	4.80e-02	2.24e-06	0.00e+00	0.00e+00	0.00e+00	0.00e+00	0.00e+00	0.00e+00	8.26e-01	7.47e-02	5.13e-02
 3.85676e+16	9.54e-01	4.62e-02	2.00e-06	0.00e+00	0.00e+00	0.00e+00	0.00e+00	0.00e+00	0.00e+00	8.29e-01	7.42e-02	5.10e-02
 3.85841e+16	9.56e-01	4.45e-02	1.79e-06	0.00e+00	0.00e+00	0.00e+00	0.00e+00	0.00e+00	0.00e+00	8.31e-01	7.37e-02	5.07e-02
 3.86014e+16	9.57e-01	4.27e-02	1.59e-06	0.00e+00	0.00e+00	0.00e+00	0.00e+00	0.00e+00	0.00e+00	8.34e-01	7.32e-02	5.04e-02
 3.86186e+16	9.59e-01	4.09e-02	1.41e-06	0.00e+00	0.00e+00	0.00e+00	0.00e+00	0.00e+00	0.00e+00	8.36e-01	7.27e-02	5.01e-02
 3.86346e+16	9.61e-01	3.93e-02	1.27e-06	0.00e+00	0.00e+00	0.00e+00	0.00e+00	0.00e+00	0.00e+00	8.39e-01	7.22e-02	4.98e-02
 3.86503e+16	9.62e-01	3.79e-02	1.14e-06	0.00e+00	0.00e+00	0.00e+00	0.00e+00	0.00e+00	0.00e+00	8.41e-01	7.18e-02	4.95e-02
 3.86669e+16	9.64e-01	3.64e-02	1.01e-06	0.00e+00	0.00e+00	0.00e+00	0.00e+00	0.00e+00	0.00e+00	8.43e-01	7.13e-02	4.92e-02
 3.86837e+16	9.65e-01	3.49e-02	9.04e-07	0.00e+00	0.00e+00	0.00e+00	0.00e+00	0.00e+00	0.00e+00	8.45e-01	7.08e-02	4.89e-02
 3.86995e+16	9.67e-01	3.35e-02	8.11e-07	0.00e+00	0.00e+00	0.00e+00	0.00e+00	0.00e+00	0.00e+00	8.47e-01	7.04e-02	4.86e-02
 3.87150e+16	9.68e-01	3.22e-02	7.28e-07	0.00e+00	0.00e+00	0.00e+00	0.00e+00	0.00e+00	0.00e+00	8.49e-01	7.00e-02	4.84e-02
 3.87313e+16	9.69e-01	3.09e-02	6.49e-07	0.00e+00	0.00e+00	0.00e+00	0.00e+00	0.00e+00	0.00e+00	8.51e-01	6.96e-02	4.81e-02
 3.87480e+16	9.70e-01	2.96e-02	5.79e-07	0.00e+00	0.00e+00	0.00e+00	0.00e+00	0.00e+00	0.00e+00	8.53e-01	6.92e-02	4.79e-02
 3.87634e+16	9.72e-01	2.85e-02	5.21e-07	0.00e+00	0.00e+00	0.00e+00	0.00e+00	0.00e+00	0.00e+00	8.55e-01	6.88e-02	4.76e-02
 3.87778e+16	9.73e-01	2.74e-02	4.71e-07	0.00e+00	0.00e+00	0.00e+00	0.00e+00	0.00e+00	0.00e+00	8.57e-01	6.85e-02	4.74e-02
 3.87929e+16	9.74e-01	2.64e-02	4.24e-07	0.00e+00	0.00e+00	0.00e+00	0.00e+00	0.00e+00	0.00e+00	8.58e-01	6.81e-02	4.71e-02
 3.88087e+16	9.75e-01	2.53e-02	3.80e-07	0.00e+00	0.00e+00	0.00e+00	0.00e+00	0.00e+00	0.00e+00	8.60e-01	6.77e-02	4.69e-02
 3.88240e+16	9.76e-01	2.42e-02	3.41e-07	0.00e+00	0.00e+00	0.00e+00	0.00e+00	0.00e+00	0.00e+00	8.62e-01	6.74e-02	4.66e-02
 3.88386e+16	9.77e-01	2.33e-02	3.08e-07	0.00e+00	0.00e+00	0.00e+00	0.00e+00	0.00e+00	0.00e+00	8.63e-01	6.70e-02	4.64e-02
 3.88529e+16	9.78e-01	2.23e-02	2.79e-07	0.00e+00	0.00e+00	0.00e+00	0.00e+00	0.00e+00	0.00e+00	8.65e-01	6.67e-02	4.62e-02
 3.88673e+16	9.79e-01	2.15e-02	2.52e-07	0.00e+00	0.00e+00	0.00e+00	0.00e+00	0.00e+00	0.00e+00	8.66e-01	6.64e-02	4.60e-02
 3.88815e+16	9.79e-01	2.06e-02	2.28e-07	0.00e+00	0.00e+00	0.00e+00	0.00e+00	0.00e+00	0.00e+00	8.68e-01	6.61e-02	4.58e-02
 3.88948e+16	9.80e-01	1.98e-02	2.07e-07	0.00e+00	0.00e+00	0.00e+00	0.00e+00	0.00e+00	0.00e+00	8.69e-01	6.58e-02	4.56e-02
 3.89066e+16	9.81e-01	1.91e-02	1.91e-07	0.00e+00	0.00e+00	0.00e+00	0.00e+00	0.00e+00	0.00e+00	8.70e-01	6.55e-02	4.54e-02
 3.89177e+16	9.82e-01	1.85e-02	1.77e-07	0.00e+00	0.00e+00	0.00e+00	0.00e+00	0.00e+00	0.00e+00	8.71e-01	6.53e-02	4.52e-02
 3.89284e+16	9.82e-01	1.79e-02	1.64e-07	0.00e+00	0.00e+00	0.00e+00	0.00e+00	0.00e+00	0.00e+00	8.72e-01	6.50e-02	4.50e-02
 3.89387e+16	9.83e-01	1.73e-02	1.53e-07	0.00e+00	0.00e+00	0.00e+00	0.00e+00	0.00e+00	0.00e+00	8.73e-01	6.47e-02	4.48e-02
 3.89485e+16	9.83e-01	1.68e-02	1.42e-07	0.00e+00	0.00e+00	0.00e+00	0.00e+00	0.00e+00	0.00e+00	8.74e-01	6.45e-02	4.47e-02
 3.89579e+16	9.84e-01	1.63e-02	1.33e-07	0.00e+00	0.00e+00	0.00e+00	0.00e+00	0.00e+00	0.00e+00	8.75e-01	6.43e-02	4.45e-02
 3.89669e+16	9.84e-01	1.58e-02	1.25e-07	0.00e+00	0.00e+00	0.00e+00	0.00e+00	0.00e+00	0.00e+00	8.76e-01	6.40e-02	4.43e-02
 3.89756e+16	9.85e-01	1.53e-02	1.18e-07	0.00e+00	0.00e+00	0.00e+00	0.00e+00	0.00e+00	0.00e+00	8.77e-01	6.38e-02	4.42e-02
 3.89842e+16	9.85e-01	1.48e-02	1.11e-07	0.00e+00	0.00e+00	0.00e+00	0.00e+00	0.00e+00	0.00e+00	8.78e-01	6.36e-02	4.40e-02
 3.89928e+16	9.86e-01	1.44e-02	1.04e-07	0.00e+00	0.00e+00	0.00e+00	0.00e+00	0.00e+00	0.00e+00	8.78e-01	6.33e-02	4.38e-02
 3.90014e+16	9.86e-01	1.39e-02	9.76e-08	0.00e+00	0.00e+00	0.00e+00	0.00e+00	0.00e+00	0.00e+00	8.79e-01	6.31e-02	4.36e-02
 3.90102e+16	9.87e-01	1.34e-02	9.15e-08	0.00e+00	0.00e+00	0.00e+00	0.00e+00	0.00e+00	0.00e+00	8.80e-01	6.28e-02	4.34e-02
 3.90190e+16	9.87e-01	1.29e-02	8.58e-08	0.00e+00	0.00e+00	0.00e+00	0.00e+00	0.00e+00	0.00e+00	8.81e-01	6.25e-02	4.32e-02
 3.90271e+16	9.88e-01	1.25e-02	8.08e-08	0.00e+00	0.00e+00	0.00e+00	0.00e+00	0.00e+00	0.00e+00	8.82e-01	6.23e-02	4.30e-02
 3.90343e+16	9.88e-01	1.21e-02	7.67e-08	0.00e+00	0.00e+00	0.00e+00	0.00e+00	0.00e+00	0.00e+00	8.83e-01	6.20e-02	4.28e-02
 3.90408e+16	9.88e-01	1.18e-02	7.31e-08	0.00e+00	0.00e+00	0.00e+00	0.00e+00	0.00e+00	0.00e+00	8.84e-01	6.18e-02	4.26e-02
 3.90469e+16	9.89e-01	1.14e-02	6.99e-08	0.00e+00	0.00e+00	0.00e+00	0.00e+00	0.00e+00	0.00e+00	8.85e-01	6.16e-02	4.25e-02
 3.90527e+16	9.89e-01	1.11e-02	6.69e-08	0.00e+00	0.00e+00	0.00e+00	0.00e+00	0.00e+00	0.00e+00	8.85e-01	6.13e-02	4.23e-02
 3.90583e+16	9.89e-01	1.08e-02	6.41e-08	0.00e+00	0.00e+00	0.00e+00	0.00e+00	0.00e+00	0.00e+00	8.86e-01	6.11e-02	4.21e-02
 3.90635e+16	9.89e-01	1.05e-02	6.16e-08	0.00e+00	0.00e+00	0.00e+00	0.00e+00	0.00e+00	0.00e+00	8.87e-01	6.09e-02	4.19e-02
 3.90684e+16	9.90e-01	1.03e-02	5.93e-08	0.00e+00	0.00e+00	0.00e+00	0.00e+00	0.00e+00	0.00e+00	8.87e-01	6.07e-02	4.17e-02
 3.90729e+16	9.90e-01	1.00e-02	5.72e-08	0.00e+00	0.00e+00	0.00e+00	0.00e+00	0.00e+00	0.00e+00	8.88e-01	6.05e-02	4.16e-02
 3.90770e+16	9.90e-01	9.82e-03	5.54e-08	0.00e+00	0.00e+00	0.00e+00	0.00e+00	0.00e+00	0.00e+00	8.88e-01	6.03e-02	4.14e-02
 3.90807e+16	9.90e-01	9.63e-03	5.37e-08	0.00e+00	0.00e+00	0.00e+00	0.00e+00	0.00e+00	0.00e+00	8.89e-01	6.01e-02	4.12e-02
 3.90841e+16	9.91e-01	9.45e-03	5.23e-08	0.00e+00	0.00e+00	0.00e+00	0.00e+00	0.00e+00	0.00e+00	8.90e-01	5.99e-02	4.11e-02
 3.90872e+16	9.91e-01	9.28e-03	5.09e-08	0.00e+00	0.00e+00	0.00e+00	0.00e+00	0.00e+00	0.00e+00	8.90e-01	5.98e-02	4.10e-02
 3.90900e+16	9.91e-01	9.15e-03	4.98e-08	0.00e+00	0.00e+00	0.00e+00	0.00e+00	0.00e+00	0.00e+00	8.90e-01	5.96e-02	4.09e-02
 3.90931e+16	9.91e-01	8.98e-03	4.84e-08	0.00e+00	0.00e+00	0.00e+00	0.00e+00	0.00e+00	0.00e+00	8.91e-01	5.95e-02	4.07e-02
 3.90965e+16	9.91e-01	8.81e-03	4.71e-08	0.00e+00	0.00e+00	0.00e+00	0.00e+00	0.00e+00	0.00e+00	8.91e-01	5.93e-02	4.06e-02
 3.90995e+16	9.91e-01	8.66e-03	4.59e-08	0.00e+00	0.00e+00	0.00e+00	0.00e+00	0.00e+00	0.00e+00	8.92e-01	5.91e-02	4.04e-02
 3.91023e+16	9.91e-01	8.53e-03	4.48e-08	0.00e+00	0.00e+00	0.00e+00	0.00e+00	0.00e+00	0.00e+00	8.92e-01	5.89e-02	4.03e-02
 3.91048e+16	9.92e-01	8.41e-03	4.38e-08	0.00e+00	0.00e+00	0.00e+00	0.00e+00	0.00e+00	0.00e+00	8.93e-01	5.87e-02	4.02e-02
 3.91075e+16	9.92e-01	8.27e-03	4.27e-08	0.00e+00	0.00e+00	0.00e+00	0.00e+00	0.00e+00	0.00e+00	8.93e-01	5.86e-02	4.01e-02
 3.91111e+16	9.92e-01	8.09e-03	4.13e-08	0.00e+00	0.00e+00	0.00e+00	0.00e+00	0.00e+00	0.00e+00	8.94e-01	5.83e-02	3.99e-02
 3.91150e+16	9.92e-01	7.90e-03	3.98e-08	0.00e+00	0.00e+00	0.00e+00	0.00e+00	0.00e+00	0.00e+00	8.94e-01	5.80e-02	3.97e-02
 3.91185e+16	9.92e-01	7.73e-03	3.85e-08	0.00e+00	0.00e+00	0.00e+00	0.00e+00	0.00e+00	0.00e+00	8.95e-01	5.78e-02	3.95e-02
 3.91217e+16	9.92e-01	7.57e-03	3.73e-08	0.00e+00	0.00e+00	0.00e+00	0.00e+00	0.00e+00	0.00e+00	8.96e-01	5.76e-02	3.93e-02
 3.91246e+16	9.93e-01	7.44e-03	3.63e-08	0.00e+00	0.00e+00	0.00e+00	0.00e+00	0.00e+00	0.00e+00	8.96e-01	5.74e-02	3.92e-02
 3.91272e+16	9.93e-01	7.31e-03	3.53e-08	0.00e+00	0.00e+00	0.00e+00	0.00e+00	0.00e+00	0.00e+00	8.96e-01	5.73e-02	3.91e-02
