#depth	O	O+	O+2	O+3	O+4	O+5	O+6	O+7	O+8	O[1]	O[2]	O[3]
 3.37282e+11	1.39e-05	1.77e-02	9.62e-01	2.06e-02	4.73e-07	0.00e+00	0.00e+00	0.00e+00	0.00e+00	1.01e-05	2.55e-06	1.23e-06
 2.02369e+12	1.38e-05	1.77e-02	9.62e-01	2.06e-02	4.70e-07	0.00e+00	0.00e+00	0.00e+00	0.00e+00	1.01e-05	2.54e-06	1.23e-06
 8.76934e+12	1.38e-05	1.78e-02	9.62e-01	2.02e-02	4.59e-07	0.00e+00	0.00e+00	0.00e+00	0.00e+00	1.01e-05	2.55e-06	1.23e-06
 3.57519e+13	1.39e-05	1.78e-02	9.63e-01	1.91e-02	4.18e-07	0.00e+00	0.00e+00	0.00e+00	0.00e+00	1.01e-05	2.56e-06	1.24e-06
 8.53999e+13	1.39e-05	1.79e-02	9.65e-01	1.74e-02	3.62e-07	0.00e+00	0.00e+00	0.00e+00	0.00e+00	1.00e-05	2.56e-06	1.24e-06
 1.49942e+14	1.38e-05	1.80e-02	9.67e-01	1.55e-02	2.99e-07	0.00e+00	0.00e+00	0.00e+00	0.00e+00	1.00e-05	2.56e-06	1.25e-06
 2.33847e+14	1.39e-05	1.81e-02	9.69e-01	1.32e-02	2.33e-07	0.00e+00	0.00e+00	0.00e+00	0.00e+00	1.01e-05	2.57e-06	1.25e-06
 3.42924e+14	1.40e-05	1.82e-02	9.71e-01	1.08e-02	1.68e-07	0.00e+00	0.00e+00	0.00e+00	0.00e+00	1.01e-05	2.58e-06	1.26e-06
 4.84723e+14	1.41e-05	1.84e-02	9.73e-01	8.21e-03	0.00e+00	0.00e+00	0.00e+00	0.00e+00	0.00e+00	1.02e-05	2.60e-06	1.27e-06
 6.69063e+14	1.43e-05	1.87e-02	9.76e-01	5.77e-03	0.00e+00	0.00e+00	0.00e+00	0.00e+00	0.00e+00	1.04e-05	2.64e-06	1.28e-06
 9.08704e+14	1.46e-05	1.90e-02	9.77e-01	3.64e-03	0.00e+00	0.00e+00	0.00e+00	0.00e+00	0.00e+00	1.06e-05	2.69e-06	1.31e-06
 1.22024e+15	1.50e-05	1.95e-02	9.78e-01	2.01e-03	0.00e+00	0.00e+00	0.00e+00	0.00e+00	0.00e+00	1.09e-05	2.76e-06	1.34e-06
 1.62523e+15	1.56e-05	2.01e-02	9.79e-01	9.37e-04	0.00e+00	0.00e+00	0.00e+00	0.00e+00	0.00e+00	1.13e-05	2.86e-06	1.39e-06
 2.15172e+15	1.65e-05	2.09e-02	9.79e-01	3.57e-04	0.00e+00	0.00e+00	0.00e+00	0.00e+00	0.00e+00	1.20e-05	3.02e-06	1.47e-06
 2.83616e+15	1.77e-05	2.21e-02	9.78e-01	1.08e-04	0.00e+00	0.00e+00	0.00e+00	0.00e+00	0.00e+00	1.29e-05	3.24e-06	1.58e-06
 3.60759e+15	1.91e-05	2.34e-02	9.77e-01	2.97e-05	0.00e+00	0.00e+00	0.00e+00	0.00e+00	0.00e+00	1.39e-05	3.49e-06	1.70e-06
 4.36550e+15	2.06e-05	2.47e-02	9.75e-01	9.12e-06	0.00e+00	0.00e+00	0.00e+00	0.00e+00	0.00e+00	1.50e-05	3.76e-06	1.83e-06
 5.22418e+15	2.27e-05	2.64e-02	9.74e-01	2.70e-06	0.00e+00	0.00e+00	0.00e+00	0.00e+00	0.00e+00	1.65e-05	4.14e-06	2.02e-06
 6.34046e+15	2.57e-05	2.86e-02	9.71e-01	6.76e-07	0.00e+00	0.00e+00	0.00e+00	0.00e+00	0.00e+00	1.88e-05	4.70e-06	2.29e-06
 7.59038e+15	2.94e-05	3.12e-02	9.69e-01	1.88e-07	0.00e+00	0.00e+00	0.00e+00	0.00e+00	0.00e+00	2.14e-05	5.38e-06	2.62e-06
 8.61983e+15	3.27e-05	3.35e-02	9.66e-01	0.00e+00	0.00e+00	0.00e+00	0.00e+00	0.00e+00	0.00e+00	2.38e-05	5.99e-06	2.92e-06
 9.48181e+15	3.59e-05	3.55e-02	9.64e-01	0.00e+00	0.00e+00	0.00e+00	0.00e+00	0.00e+00	0.00e+00	2.61e-05	6.61e-06	3.23e-06
 1.04300e+16	4.00e-05	3.77e-02	9.62e-01	0.00e+00	0.00e+00	0.00e+00	0.00e+00	0.00e+00	0.00e+00	2.90e-05	7.39e-06	3.61e-06
 1.14730e+16	4.51e-05	4.03e-02	9.60e-01	0.00e+00	0.00e+00	0.00e+00	0.00e+00	0.00e+00	0.00e+00	3.26e-05	8.36e-06	4.09e-06
 1.25479e+16	5.11e-05	4.30e-02	9.57e-01	0.00e+00	0.00e+00	0.00e+00	0.00e+00	0.00e+00	0.00e+00	3.69e-05	9.52e-06	4.66e-06
 1.35662e+16	5.76e-05	4.58e-02	9.54e-01	0.00e+00	0.00e+00	0.00e+00	0.00e+00	0.00e+00	0.00e+00	4.16e-05	1.08e-05	5.29e-06
 1.45125e+16	6.47e-05	4.85e-02	9.51e-01	0.00e+00	0.00e+00	0.00e+00	0.00e+00	0.00e+00	0.00e+00	4.66e-05	1.22e-05	5.97e-06
 1.54031e+16	7.24e-05	5.12e-02	9.49e-01	0.00e+00	0.00e+00	0.00e+00	0.00e+00	0.00e+00	0.00e+00	5.20e-05	1.37e-05	6.71e-06
 1.62531e+16	8.08e-05	5.38e-02	9.46e-01	0.00e+00	0.00e+00	0.00e+00	0.00e+00	0.00e+00	0.00e+00	5.79e-05	1.54e-05	7.52e-06
 1.70695e+16	8.99e-05	5.65e-02	9.43e-01	0.00e+00	0.00e+00	0.00e+00	0.00e+00	0.00e+00	0.00e+00	6.43e-05	1.72e-05	8.42e-06
 1.78570e+16	9.95e-05	5.89e-02	9.41e-01	0.00e+00	0.00e+00	0.00e+00	0.00e+00	0.00e+00	0.00e+00	7.10e-05	1.91e-05	9.36e-06
 1.86207e+16	1.10e-04	6.14e-02	9.39e-01	0.00e+00	0.00e+00	0.00e+00	0.00e+00	0.00e+00	0.00e+00	7.84e-05	2.12e-05	1.04e-05
 1.93619e+16	1.22e-04	6.39e-02	9.36e-01	0.00e+00	0.00e+00	0.00e+00	0.00e+00	0.00e+00	0.00e+00	8.65e-05	2.36e-05	1.16e-05
 2.00786e+16	1.34e-04	6.64e-02	9.33e-01	0.00e+00	0.00e+00	0.00e+00	0.00e+00	0.00e+00	0.00e+00	9.53e-05	2.61e-05	1.28e-05
 2.07714e+16	1.48e-04	6.90e-02	9.31e-01	0.00e+00	0.00e+00	0.00e+00	0.00e+00	0.00e+00	0.00e+00	1.05e-04	2.89e-05	1.42e-05
 2.14412e+16	1.63e-04	7.17e-02	9.28e-01	0.00e+00	0.00e+00	0.00e+00	0.00e+00	0.00e+00	0.00e+00	1.15e-04	3.20e-05	1.57e-05
 2.20788e+16	1.79e-04	7.44e-02	9.25e-01	0.00e+00	0.00e+00	0.00e+00	0.00e+00	0.00e+00	0.00e+00	1.26e-04	3.53e-05	1.73e-05
 2.26929e+16	1.96e-04	7.71e-02	9.23e-01	0.00e+00	0.00e+00	0.00e+00	0.00e+00	0.00e+00	0.00e+00	1.38e-04	3.89e-05	1.91e-05
 2.33038e+16	2.15e-04	8.00e-02	9.20e-01	0.00e+00	0.00e+00	0.00e+00	0.00e+00	0.00e+00	0.00e+00	1.52e-04	4.29e-05	2.11e-05
 2.38952e+16	2.36e-04	8.30e-02	9.17e-01	0.00e+00	0.00e+00	0.00e+00	0.00e+00	0.00e+00	0.00e+00	1.66e-04	4.72e-05	2.32e-05
 2.44561e+16	2.58e-04	8.60e-02	9.14e-01	0.00e+00	0.00e+00	0.00e+00	0.00e+00	0.00e+00	0.00e+00	1.81e-04	5.19e-05	2.55e-05
 2.49962e+16	2.82e-04	8.91e-02	9.11e-01	0.00e+00	0.00e+00	0.00e+00	0.00e+00	0.00e+00	0.00e+00	1.97e-04	5.69e-05	2.79e-05
 2.55195e+16	3.07e-04	9.23e-02	9.07e-01	0.00e+00	0.00e+00	0.00e+00	0.00e+00	0.00e+00	0.00e+00	2.15e-04	6.23e-05	3.05e-05
 2.60276e+16	3.35e-04	9.57e-02	9.04e-01	0.00e+00	0.00e+00	0.00e+00	0.00e+00	0.00e+00	0.00e+00	2.33e-04	6.82e-05	3.33e-05
 2.65223e+16	3.65e-04	9.92e-02	9.00e-01	0.00e+00	0.00e+00	0.00e+00	0.00e+00	0.00e+00	0.00e+00	2.54e-04	7.45e-05	3.62e-05
 2.69956e+16	3.97e-04	1.03e-01	8.97e-01	0.00e+00	0.00e+00	0.00e+00	0.00e+00	0.00e+00	0.00e+00	2.76e-04	8.14e-05	3.94e-05
 2.74309e+16	4.29e-04	1.06e-01	8.93e-01	0.00e+00	0.00e+00	0.00e+00	0.00e+00	0.00e+00	0.00e+00	2.98e-04	8.85e-05	4.27e-05
 2.78227e+16	4.63e-04	1.10e-01	8.90e-01	0.00e+00	0.00e+00	0.00e+00	0.00e+00	0.00e+00	0.00e+00	3.21e-04	9.57e-05	4.60e-05
 2.81752e+16	4.97e-04	1.13e-01	8.86e-01	0.00e+00	0.00e+00	0.00e+00	0.00e+00	0.00e+00	0.00e+00	3.44e-04	1.03e-04	4.93e-05
 2.84990e+16	5.30e-04	1.17e-01	8.83e-01	0.00e+00	0.00e+00	0.00e+00	0.00e+00	0.00e+00	0.00e+00	3.67e-04	1.10e-04	5.26e-05
 2.88124e+16	5.66e-04	1.20e-01	8.79e-01	0.00e+00	0.00e+00	0.00e+00	0.00e+00	0.00e+00	0.00e+00	3.92e-04	1.18e-04	5.62e-05
 2.91259e+16	6.04e-04	1.24e-01	8.75e-01	0.00e+00	0.00e+00	0.00e+00	0.00e+00	0.00e+00	0.00e+00	4.18e-04	1.26e-04	6.00e-05
 2.94394e+16	6.49e-04	1.28e-01	8.71e-01	0.00e+00	0.00e+00	0.00e+00	0.00e+00	0.00e+00	0.00e+00	4.48e-04	1.36e-04	6.44e-05
 2.97529e+16	6.98e-04	1.32e-01	8.67e-01	0.00e+00	0.00e+00	0.00e+00	0.00e+00	0.00e+00	0.00e+00	4.82e-04	1.46e-04	6.92e-05
 3.00664e+16	7.53e-04	1.37e-01	8.62e-01	0.00e+00	0.00e+00	0.00e+00	0.00e+00	0.00e+00	0.00e+00	5.20e-04	1.58e-04	7.47e-05
 3.03799e+16	8.16e-04	1.42e-01	8.57e-01	0.00e+00	0.00e+00	0.00e+00	0.00e+00	0.00e+00	0.00e+00	5.63e-04	1.72e-04	8.09e-05
 3.06933e+16	8.89e-04	1.48e-01	8.51e-01	0.00e+00	0.00e+00	0.00e+00	0.00e+00	0.00e+00	0.00e+00	6.13e-04	1.87e-04	8.80e-05
 3.10068e+16	9.74e-04	1.54e-01	8.45e-01	0.00e+00	0.00e+00	0.00e+00	0.00e+00	0.00e+00	0.00e+00	6.72e-04	2.05e-04	9.65e-05
 3.12559e+16	1.06e-03	1.60e-01	8.39e-01	0.00e+00	0.00e+00	0.00e+00	0.00e+00	0.00e+00	0.00e+00	7.33e-04	2.24e-04	1.05e-04
