#depth	He	He+	He+2
 1.44327e+11	2.79e-03	9.80e-01	1.72e-02
 8.65965e+11	2.80e-03	9.80e-01	1.72e-02
 3.75251e+12	2.80e-03	9.80e-01	1.70e-02
 1.52987e+13	2.81e-03	9.81e-01	1.61e-02
 3.65437e+13	2.83e-03	9.82e-01	1.50e-02
 6.41622e+13	2.84e-03	9.84e-01	1.35e-02
 1.00066e+14	2.86e-03	9.86e-01	1.16e-02
 1.46742e+14	2.89e-03	9.88e-01	9.53e-03
 2.07419e+14	2.92e-03	9.90e-01	7.29e-03
 2.86301e+14	2.96e-03	9.92e-01	5.13e-03
 3.88846e+14	3.02e-03	9.94e-01	3.23e-03
 5.22155e+14	3.10e-03	9.95e-01	1.78e-03
 6.95457e+14	3.20e-03	9.96e-01	8.29e-04
 8.63417e+14	3.27e-03	9.96e-01	4.00e-04
 9.94111e+14	3.34e-03	9.96e-01	2.29e-04
 1.13369e+15	3.44e-03	9.96e-01	1.27e-04
 1.31515e+15	3.57e-03	9.96e-01	6.02e-05
 1.55104e+15	3.76e-03	9.96e-01	2.34e-05
 1.81668e+15	3.97e-03	9.96e-01	8.11e-06
 2.07485e+15	4.21e-03	9.96e-01	2.94e-06
 2.31074e+15	4.46e-03	9.96e-01	1.16e-06
 2.52869e+15	4.73e-03	9.95e-01	5.01e-07
 2.72530e+15	5.01e-03	9.95e-01	2.32e-07
 2.89410e+15	5.29e-03	9.95e-01	1.20e-07
 3.07834e+15	5.67e-03	9.94e-01	6.06e-08
 3.27839e+15	6.12e-03	9.94e-01	2.84e-08
 3.45117e+15	6.60e-03	9.93e-01	1.49e-08
 3.59586e+15	7.07e-03	9.93e-01	8.92e-09
 3.75188e+15	7.67e-03	9.92e-01	5.27e-09
 3.95469e+15	8.57e-03	9.91e-01	2.79e-09
 4.17266e+15	9.81e-03	9.90e-01	1.51e-09
 4.40607e+15	1.15e-02	9.89e-01	8.42e-10
 4.66280e+15	1.39e-02	9.86e-01	4.84e-10
 4.89603e+15	1.70e-02	9.83e-01	3.13e-10
 5.09306e+15	2.08e-02	9.79e-01	2.26e-10
 5.24562e+15	2.48e-02	9.75e-01	1.81e-10
 5.35582e+15	2.86e-02	9.71e-01	1.56e-10
 5.45157e+15	3.25e-02	9.67e-01	1.38e-10
 5.56115e+15	3.80e-02	9.62e-01	1.20e-10
 5.67841e+15	4.58e-02	9.54e-01	1.06e-10
 5.77403e+15	5.44e-02	9.46e-01	9.61e-11
 5.84661e+15	6.26e-02	9.37e-01	8.97e-11
 5.91090e+15	7.11e-02	9.29e-01	8.45e-11
 5.98455e+15	8.29e-02	9.17e-01	7.88e-11
 6.06403e+15	9.90e-02	9.01e-01	7.37e-11
 6.13110e+15	1.16e-01	8.84e-01	6.97e-11
 6.18532e+15	1.33e-01	8.67e-01	6.65e-11
 6.24285e+15	1.54e-01	8.46e-01	6.31e-11
 6.30660e+15	1.82e-01	8.18e-01	5.95e-11
 6.36341e+15	2.14e-01	7.86e-01	5.62e-11
 6.41117e+15	2.46e-01	7.54e-01	5.32e-11
 6.46221e+15	2.83e-01	7.17e-01	5.00e-11
 6.51935e+15	3.34e-01	6.66e-01	4.58e-11
 6.57114e+15	3.87e-01	6.13e-01	4.23e-11
 6.61698e+15	4.43e-01	5.57e-01	3.84e-11
 6.66836e+15	5.08e-01	4.92e-01	3.39e-11
 6.73515e+15	5.98e-01	4.02e-01	2.79e-11
 6.80485e+15	7.00e-01	3.00e-01	2.10e-11
 6.86502e+15	7.81e-01	2.19e-01	1.55e-11
 6.92994e+15	8.50e-01	1.50e-01	1.07e-11
 7.01433e+15	9.14e-01	8.59e-02	6.12e-12
 7.12404e+15	9.61e-01	3.88e-02	2.76e-12
 7.26666e+15	9.87e-01	1.31e-02	9.22e-13
 7.45207e+15	9.97e-01	3.20e-03	2.21e-13
 7.69310e+15	9.99e-01	5.47e-04	3.69e-14
 7.96987e+15	1.00e+00	8.05e-05	5.33e-15
 8.23877e+15	1.00e+00	2.33e-05	1.52e-15
 8.48505e+15	1.00e+00	1.47e-05	9.49e-16
 8.71314e+15	1.00e+00	1.23e-05	7.88e-16
 8.92650e+15	1.00e+00	1.11e-05	7.07e-16
 9.12625e+15	1.00e+00	1.03e-05	6.54e-16
 9.31282e+15	1.00e+00	9.74e-06	6.13e-16
 9.48683e+15	1.00e+00	9.27e-06	5.81e-16
 9.65068e+15	1.00e+00	8.88e-06	5.56e-16
 9.80650e+15	1.00e+00	8.54e-06	5.34e-16
 9.95487e+15	1.00e+00	8.26e-06	5.15e-16
 1.00965e+16	1.00e+00	8.00e-06	4.99e-16
 1.02321e+16	1.00e+00	7.78e-06	4.86e-16
 1.03624e+16	1.00e+00	7.58e-06	4.73e-16
 1.04892e+16	1.00e+00	7.39e-06	4.61e-16
 1.06152e+16	1.00e+00	7.21e-06	4.51e-16
 1.07362e+16	1.00e+00	7.04e-06	4.41e-16
 1.08508e+16	1.00e+00	6.89e-06	4.32e-16
 1.09635e+16	1.00e+00	6.74e-06	4.24e-16
 1.10744e+16	1.00e+00	6.60e-06	4.15e-16
 1.11841e+16	1.00e+00	6.46e-06	4.07e-16
 1.12930e+16	1.00e+00	6.32e-06	3.99e-16
 1.14017e+16	1.00e+00	6.18e-06	3.91e-16
 1.15108e+16	1.00e+00	6.05e-06	3.83e-16
 1.16207e+16	1.00e+00	5.91e-06	3.74e-16
 1.17319e+16	1.00e+00	5.77e-06	3.66e-16
 1.18450e+16	1.00e+00	5.63e-06	3.57e-16
 1.19604e+16	1.00e+00	5.50e-06	3.48e-16
 1.20785e+16	1.00e+00	5.36e-06	3.39e-16
 1.21996e+16	1.00e+00	5.22e-06	3.29e-16
 1.23239e+16	1.00e+00	5.08e-06	3.20e-16
 1.24517e+16	1.00e+00	4.94e-06	3.10e-16
 1.25830e+16	1.00e+00	4.80e-06	3.00e-16
 1.27179e+16	1.00e+00	4.66e-06	2.90e-16
 1.28560e+16	1.00e+00	4.53e-06	2.80e-16
 1.29974e+16	1.00e+00	4.39e-06	2.71e-16
 1.31396e+16	1.00e+00	4.26e-06	2.62e-16
 1.32828e+16	1.00e+00	4.14e-06	2.53e-16
 1.34314e+16	1.00e+00	4.01e-06	2.44e-16
 1.35845e+16	1.00e+00	3.89e-06	2.35e-16
 1.37374e+16	1.00e+00	3.77e-06	2.27e-16
 1.38893e+16	1.00e+00	3.66e-06	2.19e-16
 1.40404e+16	1.00e+00	3.55e-06	2.12e-16
 1.41905e+16	1.00e+00	3.45e-06	2.06e-16
 1.43389e+16	1.00e+00	3.36e-06	2.00e-16
 1.44854e+16	1.00e+00	3.27e-06	1.94e-16
 1.46294e+16	1.00e+00	3.19e-06	1.90e-16
 1.47707e+16	1.00e+00	3.11e-06	1.85e-16
 1.49091e+16	1.00e+00	3.04e-06	1.82e-16
 1.50447e+16	1.00e+00	2.97e-06	1.78e-16
 1.51772e+16	1.00e+00	2.90e-06	1.75e-16
 1.53069e+16	1.00e+00	2.85e-06	1.73e-16
 1.54337e+16	1.00e+00	2.79e-06	1.71e-16
 1.55583e+16	1.00e+00	2.75e-06	1.70e-16
 1.56810e+16	1.00e+00	2.71e-06	1.69e-16
 1.58022e+16	1.00e+00	2.67e-06	1.69e-16
 1.59227e+16	1.00e+00	2.65e-06	1.69e-16
 1.60433e+16	1.00e+00	2.62e-06	1.69e-16
 1.61655e+16	1.00e+00	2.60e-06	1.70e-16
 1.62912e+16	1.00e+00	2.59e-06	1.72e-16
 1.64200e+16	1.00e+00	2.58e-06	1.73e-16
 1.65621e+16	1.00e+00	2.57e-06	1.75e-16
 1.67239e+16	1.00e+00	2.54e-06	1.74e-16
 1.68608e+16	1.00e+00	2.48e-06	1.70e-16
