#depth	O	O+	O+2	O+3	O+4	O+5	O+6	O+7	O+8	O[1]	O[2]	O[3]
 7.56793e+11	2.58e-06	5.76e-03	8.84e-01	1.10e-01	2.21e-05	0.00e+00	0.00e+00	0.00e+00	0.00e+00	1.83e-06	5.05e-07	2.49e-07
 4.54076e+12	2.58e-06	5.76e-03	8.85e-01	1.10e-01	2.20e-05	0.00e+00	0.00e+00	0.00e+00	0.00e+00	1.83e-06	5.05e-07	2.48e-07
 1.96766e+13	2.59e-06	5.77e-03	8.86e-01	1.08e-01	2.16e-05	0.00e+00	0.00e+00	0.00e+00	0.00e+00	1.83e-06	5.06e-07	2.49e-07
 8.02201e+13	2.61e-06	5.81e-03	8.91e-01	1.03e-01	2.00e-05	0.00e+00	0.00e+00	0.00e+00	0.00e+00	1.85e-06	5.11e-07	2.52e-07
 1.91620e+14	2.66e-06	5.89e-03	8.98e-01	9.57e-02	1.77e-05	0.00e+00	0.00e+00	0.00e+00	0.00e+00	1.88e-06	5.22e-07	2.56e-07
 3.36440e+14	2.72e-06	6.00e-03	9.08e-01	8.65e-02	1.50e-05	0.00e+00	0.00e+00	0.00e+00	0.00e+00	1.92e-06	5.34e-07	2.62e-07
 5.24706e+14	2.79e-06	6.12e-03	9.19e-01	7.54e-02	1.21e-05	0.00e+00	0.00e+00	0.00e+00	0.00e+00	1.97e-06	5.51e-07	2.70e-07
 7.69452e+14	2.90e-06	6.28e-03	9.31e-01	6.23e-02	9.00e-06	0.00e+00	0.00e+00	0.00e+00	0.00e+00	2.04e-06	5.72e-07	2.80e-07
 1.08762e+15	3.03e-06	6.49e-03	9.46e-01	4.79e-02	6.01e-06	0.00e+00	0.00e+00	0.00e+00	0.00e+00	2.13e-06	6.00e-07	2.93e-07
 1.50124e+15	3.20e-06	6.73e-03	9.60e-01	3.32e-02	3.45e-06	0.00e+00	0.00e+00	0.00e+00	0.00e+00	2.25e-06	6.37e-07	3.11e-07
 2.03895e+15	3.44e-06	7.04e-03	9.73e-01	1.99e-02	1.60e-06	0.00e+00	0.00e+00	0.00e+00	0.00e+00	2.42e-06	6.87e-07	3.34e-07
 2.73797e+15	3.70e-06	7.36e-03	9.83e-01	1.00e-02	5.75e-07	0.00e+00	0.00e+00	0.00e+00	0.00e+00	2.60e-06	7.42e-07	3.60e-07
 3.64669e+15	4.06e-06	7.74e-03	9.88e-01	4.12e-03	1.50e-07	0.00e+00	0.00e+00	0.00e+00	0.00e+00	2.84e-06	8.17e-07	3.96e-07
 4.82803e+15	4.50e-06	8.16e-03	9.90e-01	1.39e-03	0.00e+00	0.00e+00	0.00e+00	0.00e+00	0.00e+00	3.15e-06	9.08e-07	4.39e-07
 6.36378e+15	5.16e-06	8.72e-03	9.91e-01	4.23e-04	0.00e+00	0.00e+00	0.00e+00	0.00e+00	0.00e+00	3.61e-06	1.05e-06	5.05e-07
 8.36024e+15	6.15e-06	9.45e-03	9.90e-01	1.52e-04	0.00e+00	0.00e+00	0.00e+00	0.00e+00	0.00e+00	4.29e-06	1.25e-06	6.03e-07
 1.09556e+16	7.77e-06	1.05e-02	9.89e-01	8.56e-05	0.00e+00	0.00e+00	0.00e+00	0.00e+00	0.00e+00	5.42e-06	1.59e-06	7.63e-07
 1.43297e+16	1.06e-05	1.20e-02	9.88e-01	6.42e-05	0.00e+00	0.00e+00	0.00e+00	0.00e+00	0.00e+00	7.39e-06	2.18e-06	1.04e-06
 1.77780e+16	1.49e-05	1.39e-02	9.86e-01	5.31e-05	0.00e+00	0.00e+00	0.00e+00	0.00e+00	0.00e+00	1.03e-05	3.06e-06	1.46e-06
 2.05531e+16	1.98e-05	1.56e-02	9.84e-01	4.61e-05	0.00e+00	0.00e+00	0.00e+00	0.00e+00	0.00e+00	1.38e-05	4.08e-06	1.95e-06
 2.28762e+16	2.57e-05	1.73e-02	9.83e-01	4.10e-05	0.00e+00	0.00e+00	0.00e+00	0.00e+00	0.00e+00	1.78e-05	5.29e-06	2.53e-06
 2.51638e+16	3.51e-05	1.98e-02	9.80e-01	3.61e-05	0.00e+00	0.00e+00	0.00e+00	0.00e+00	0.00e+00	2.44e-05	7.26e-06	3.46e-06
 2.74904e+16	4.73e-05	2.24e-02	9.78e-01	3.17e-05	0.00e+00	0.00e+00	0.00e+00	0.00e+00	0.00e+00	3.29e-05	9.78e-06	4.66e-06
 2.91303e+16	5.88e-05	2.45e-02	9.75e-01	2.90e-05	0.00e+00	0.00e+00	0.00e+00	0.00e+00	0.00e+00	4.09e-05	1.21e-05	5.79e-06
 2.99779e+16	6.65e-05	2.58e-02	9.74e-01	2.76e-05	0.00e+00	0.00e+00	0.00e+00	0.00e+00	0.00e+00	4.63e-05	1.37e-05	6.54e-06
 3.07509e+16	7.47e-05	2.71e-02	9.73e-01	2.63e-05	0.00e+00	0.00e+00	0.00e+00	0.00e+00	0.00e+00	5.20e-05	1.54e-05	7.34e-06
 3.17557e+16	8.70e-05	2.90e-02	9.71e-01	2.46e-05	0.00e+00	0.00e+00	0.00e+00	0.00e+00	0.00e+00	6.05e-05	1.79e-05	8.54e-06
 3.28829e+16	1.04e-04	3.13e-02	9.69e-01	2.29e-05	0.00e+00	0.00e+00	0.00e+00	0.00e+00	0.00e+00	7.24e-05	2.13e-05	1.02e-05
 3.39073e+16	1.23e-04	3.37e-02	9.66e-01	2.13e-05	0.00e+00	0.00e+00	0.00e+00	0.00e+00	0.00e+00	8.56e-05	2.52e-05	1.20e-05
 3.47891e+16	1.43e-04	3.61e-02	9.64e-01	1.99e-05	0.00e+00	0.00e+00	0.00e+00	0.00e+00	0.00e+00	9.97e-05	2.93e-05	1.40e-05
 3.56203e+16	1.66e-04	3.86e-02	9.61e-01	1.86e-05	0.00e+00	0.00e+00	0.00e+00	0.00e+00	0.00e+00	1.16e-04	3.39e-05	1.62e-05
 3.65743e+16	1.98e-04	4.18e-02	9.58e-01	1.72e-05	0.00e+00	0.00e+00	0.00e+00	0.00e+00	0.00e+00	1.38e-04	4.04e-05	1.94e-05
 3.75753e+16	2.39e-04	4.56e-02	9.54e-01	1.57e-05	0.00e+00	0.00e+00	0.00e+00	0.00e+00	0.00e+00	1.67e-04	4.87e-05	2.33e-05
 3.84128e+16	2.83e-04	4.94e-02	9.50e-01	1.46e-05	0.00e+00	0.00e+00	0.00e+00	0.00e+00	0.00e+00	1.98e-04	5.76e-05	2.76e-05
 3.91333e+16	3.29e-04	5.31e-02	9.47e-01	1.36e-05	0.00e+00	0.00e+00	0.00e+00	0.00e+00	0.00e+00	2.30e-04	6.69e-05	3.21e-05
 3.99263e+16	3.91e-04	5.77e-02	9.42e-01	1.25e-05	0.00e+00	0.00e+00	0.00e+00	0.00e+00	0.00e+00	2.73e-04	7.94e-05	3.81e-05
 4.07857e+16	4.74e-04	6.34e-02	9.36e-01	1.14e-05	0.00e+00	0.00e+00	0.00e+00	0.00e+00	0.00e+00	3.32e-04	9.62e-05	4.62e-05
 4.15378e+16	5.65e-04	6.90e-02	9.30e-01	1.04e-05	0.00e+00	0.00e+00	0.00e+00	0.00e+00	0.00e+00	3.95e-04	1.15e-04	5.50e-05
 4.21969e+16	6.64e-04	7.48e-02	9.25e-01	9.62e-06	0.00e+00	0.00e+00	0.00e+00	0.00e+00	0.00e+00	4.65e-04	1.34e-04	6.46e-05
 4.29285e+16	8.02e-04	8.21e-02	9.17e-01	8.71e-06	0.00e+00	0.00e+00	0.00e+00	0.00e+00	0.00e+00	5.61e-04	1.62e-04	7.80e-05
 4.37098e+16	9.87e-04	9.11e-02	9.08e-01	7.81e-06	0.00e+00	0.00e+00	0.00e+00	0.00e+00	0.00e+00	6.91e-04	1.99e-04	9.59e-05
 4.43788e+16	1.19e-03	1.00e-01	8.99e-01	7.06e-06	0.00e+00	0.00e+00	0.00e+00	0.00e+00	0.00e+00	8.33e-04	2.40e-04	1.15e-04
 4.49643e+16	1.41e-03	1.09e-01	8.89e-01	6.42e-06	0.00e+00	0.00e+00	0.00e+00	0.00e+00	0.00e+00	9.88e-04	2.84e-04	1.37e-04
 4.56181e+16	1.72e-03	1.21e-01	8.77e-01	5.71e-06	0.00e+00	0.00e+00	0.00e+00	0.00e+00	0.00e+00	1.21e-03	3.47e-04	1.67e-04
 4.63130e+16	2.15e-03	1.35e-01	8.62e-01	5.01e-06	0.00e+00	0.00e+00	0.00e+00	0.00e+00	0.00e+00	1.51e-03	4.34e-04	2.09e-04
 4.68981e+16	2.62e-03	1.50e-01	8.48e-01	4.45e-06	0.00e+00	0.00e+00	0.00e+00	0.00e+00	0.00e+00	1.84e-03	5.27e-04	2.54e-04
 4.73966e+16	3.12e-03	1.64e-01	8.33e-01	3.99e-06	0.00e+00	0.00e+00	0.00e+00	0.00e+00	0.00e+00	2.19e-03	6.28e-04	3.03e-04
 4.79459e+16	3.84e-03	1.82e-01	8.14e-01	3.48e-06	0.00e+00	0.00e+00	0.00e+00	0.00e+00	0.00e+00	2.70e-03	7.71e-04	3.72e-04
 4.85272e+16	4.81e-03	2.04e-01	7.91e-01	2.98e-06	0.00e+00	0.00e+00	0.00e+00	0.00e+00	0.00e+00	3.38e-03	9.66e-04	4.66e-04
 4.90115e+16	5.87e-03	2.26e-01	7.69e-01	2.59e-06	0.00e+00	0.00e+00	0.00e+00	0.00e+00	0.00e+00	4.12e-03	1.18e-03	5.68e-04
 4.94199e+16	7.01e-03	2.47e-01	7.46e-01	2.27e-06	0.00e+00	0.00e+00	0.00e+00	0.00e+00	0.00e+00	4.92e-03	1.41e-03	6.78e-04
 4.98680e+16	8.59e-03	2.73e-01	7.19e-01	1.94e-06	0.00e+00	0.00e+00	0.00e+00	0.00e+00	0.00e+00	6.03e-03	1.72e-03	8.30e-04
 5.03461e+16	1.07e-02	3.04e-01	6.85e-01	1.61e-06	0.00e+00	0.00e+00	0.00e+00	0.00e+00	0.00e+00	7.55e-03	2.15e-03	1.04e-03
 5.07493e+16	1.31e-02	3.35e-01	6.52e-01	1.35e-06	0.00e+00	0.00e+00	0.00e+00	0.00e+00	0.00e+00	9.22e-03	2.63e-03	1.27e-03
 5.10896e+16	1.57e-02	3.64e-01	6.20e-01	1.14e-06	0.00e+00	0.00e+00	0.00e+00	0.00e+00	0.00e+00	1.10e-02	3.14e-03	1.51e-03
 5.14615e+16	1.92e-02	4.00e-01	5.81e-01	9.32e-07	0.00e+00	0.00e+00	0.00e+00	0.00e+00	0.00e+00	1.35e-02	3.85e-03	1.86e-03
 5.18573e+16	2.40e-02	4.41e-01	5.35e-01	7.34e-07	0.00e+00	0.00e+00	0.00e+00	0.00e+00	0.00e+00	1.69e-02	4.81e-03	2.32e-03
 5.21911e+16	2.93e-02	4.79e-01	4.92e-01	5.82e-07	0.00e+00	0.00e+00	0.00e+00	0.00e+00	0.00e+00	2.06e-02	5.87e-03	2.83e-03
 5.24740e+16	3.50e-02	5.14e-01	4.51e-01	4.65e-07	0.00e+00	0.00e+00	0.00e+00	0.00e+00	0.00e+00	2.46e-02	7.00e-03	3.38e-03
 5.27838e+16	4.29e-02	5.54e-01	4.03e-01	3.52e-07	0.00e+00	0.00e+00	0.00e+00	0.00e+00	0.00e+00	3.01e-02	8.58e-03	4.14e-03
 5.31147e+16	5.36e-02	5.98e-01	3.49e-01	2.51e-07	0.00e+00	0.00e+00	0.00e+00	0.00e+00	0.00e+00	3.77e-02	1.07e-02	5.18e-03
 5.33948e+16	6.54e-02	6.34e-01	3.00e-01	1.79e-07	0.00e+00	0.00e+00	0.00e+00	0.00e+00	0.00e+00	4.59e-02	1.31e-02	6.31e-03
 5.36028e+16	7.61e-02	6.60e-01	2.64e-01	1.36e-07	0.00e+00	0.00e+00	0.00e+00	0.00e+00	0.00e+00	5.35e-02	1.52e-02	7.35e-03
 5.37578e+16	8.55e-02	6.78e-01	2.36e-01	0.00e+00	0.00e+00	0.00e+00	0.00e+00	0.00e+00	0.00e+00	6.01e-02	1.71e-02	8.26e-03
 5.39220e+16	9.72e-02	6.96e-01	2.07e-01	0.00e+00	0.00e+00	0.00e+00	0.00e+00	0.00e+00	0.00e+00	6.83e-02	1.94e-02	9.39e-03
 5.41016e+16	1.12e-01	7.12e-01	1.76e-01	0.00e+00	0.00e+00	0.00e+00	0.00e+00	0.00e+00	0.00e+00	7.88e-02	2.24e-02	1.08e-02
 5.42571e+16	1.27e-01	7.23e-01	1.50e-01	0.00e+00	0.00e+00	0.00e+00	0.00e+00	0.00e+00	0.00e+00	8.94e-02	2.54e-02	1.23e-02
 5.43856e+16	1.42e-01	7.29e-01	1.29e-01	0.00e+00	0.00e+00	0.00e+00	0.00e+00	0.00e+00	0.00e+00	9.97e-02	2.84e-02	1.37e-02
 5.45037e+16	1.57e-01	7.32e-01	1.12e-01	0.00e+00	0.00e+00	0.00e+00	0.00e+00	0.00e+00	0.00e+00	1.10e-01	3.13e-02	1.51e-02
 5.46375e+16	1.77e-01	7.31e-01	9.21e-02	0.00e+00	0.00e+00	0.00e+00	0.00e+00	0.00e+00	0.00e+00	1.24e-01	3.53e-02	1.71e-02
 5.47739e+16	2.00e-01	7.26e-01	7.44e-02	0.00e+00	0.00e+00	0.00e+00	0.00e+00	0.00e+00	0.00e+00	1.41e-01	3.99e-02	1.93e-02
 5.48802e+16	2.20e-01	7.18e-01	6.18e-02	0.00e+00	0.00e+00	0.00e+00	0.00e+00	0.00e+00	0.00e+00	1.55e-01	4.39e-02	2.13e-02
 5.49674e+16	2.39e-01	7.08e-01	5.23e-02	0.00e+00	0.00e+00	0.00e+00	0.00e+00	0.00e+00	0.00e+00	1.69e-01	4.76e-02	2.31e-02
 5.50631e+16	2.63e-01	6.95e-01	4.28e-02	0.00e+00	0.00e+00	0.00e+00	0.00e+00	0.00e+00	0.00e+00	1.85e-01	5.21e-02	2.53e-02
 5.51661e+16	2.91e-01	6.76e-01	3.38e-02	0.00e+00	0.00e+00	0.00e+00	0.00e+00	0.00e+00	0.00e+00	2.05e-01	5.75e-02	2.80e-02
 5.52537e+16	3.17e-01	6.56e-01	2.71e-02	0.00e+00	0.00e+00	0.00e+00	0.00e+00	0.00e+00	0.00e+00	2.24e-01	6.26e-02	3.05e-02
 5.53272e+16	3.41e-01	6.36e-01	2.22e-02	0.00e+00	0.00e+00	0.00e+00	0.00e+00	0.00e+00	0.00e+00	2.41e-01	6.73e-02	3.28e-02
 5.54069e+16	3.71e-01	6.12e-01	1.74e-02	0.00e+00	0.00e+00	0.00e+00	0.00e+00	0.00e+00	0.00e+00	2.62e-01	7.28e-02	3.55e-02
 5.54916e+16	4.05e-01	5.82e-01	1.32e-02	0.00e+00	0.00e+00	0.00e+00	0.00e+00	0.00e+00	0.00e+00	2.87e-01	7.90e-02	3.87e-02
 5.55629e+16	4.35e-01	5.54e-01	1.02e-02	0.00e+00	0.00e+00	0.00e+00	0.00e+00	0.00e+00	0.00e+00	3.09e-01	8.47e-02	4.15e-02
 5.56230e+16	4.63e-01	5.29e-01	8.12e-03	0.00e+00	0.00e+00	0.00e+00	0.00e+00	0.00e+00	0.00e+00	3.29e-01	8.96e-02	4.41e-02
 5.56804e+16	4.91e-01	5.02e-01	6.40e-03	0.00e+00	0.00e+00	0.00e+00	0.00e+00	0.00e+00	0.00e+00	3.50e-01	9.45e-02	4.66e-02
 5.57356e+16	5.20e-01	4.75e-01	5.01e-03	0.00e+00	0.00e+00	0.00e+00	0.00e+00	0.00e+00	0.00e+00	3.71e-01	9.94e-02	4.91e-02
 5.57849e+16	5.46e-01	4.50e-01	3.97e-03	0.00e+00	0.00e+00	0.00e+00	0.00e+00	0.00e+00	0.00e+00	3.91e-01	1.04e-01	5.14e-02
 5.58277e+16	5.69e-01	4.27e-01	3.21e-03	0.00e+00	0.00e+00	0.00e+00	0.00e+00	0.00e+00	0.00e+00	4.08e-01	1.08e-01	5.35e-02
 5.58661e+16	5.91e-01	4.06e-01	2.62e-03	0.00e+00	0.00e+00	0.00e+00	0.00e+00	0.00e+00	0.00e+00	4.25e-01	1.11e-01	5.53e-02
 5.58956e+16	6.07e-01	3.91e-01	2.25e-03	0.00e+00	0.00e+00	0.00e+00	0.00e+00	0.00e+00	0.00e+00	4.37e-01	1.13e-01	5.67e-02
 5.59153e+16	6.18e-01	3.80e-01	2.02e-03	0.00e+00	0.00e+00	0.00e+00	0.00e+00	0.00e+00	0.00e+00	4.45e-01	1.15e-01	5.75e-02
 5.59342e+16	6.28e-01	3.70e-01	1.81e-03	0.00e+00	0.00e+00	0.00e+00	0.00e+00	0.00e+00	0.00e+00	4.53e-01	1.17e-01	5.84e-02
 5.59558e+16	6.41e-01	3.57e-01	1.59e-03	0.00e+00	0.00e+00	0.00e+00	0.00e+00	0.00e+00	0.00e+00	4.63e-01	1.18e-01	5.94e-02
 5.59780e+16	6.54e-01	3.44e-01	1.39e-03	0.00e+00	0.00e+00	0.00e+00	0.00e+00	0.00e+00	0.00e+00	4.74e-01	1.20e-01	6.04e-02
 5.59988e+16	6.66e-01	3.32e-01	1.22e-03	0.00e+00	0.00e+00	0.00e+00	0.00e+00	0.00e+00	0.00e+00	4.83e-01	1.22e-01	6.14e-02
 5.60182e+16	6.78e-01	3.21e-01	1.07e-03	0.00e+00	0.00e+00	0.00e+00	0.00e+00	0.00e+00	0.00e+00	4.92e-01	1.23e-01	6.22e-02
 5.60372e+16	6.89e-01	3.10e-01	9.44e-04	0.00e+00	0.00e+00	0.00e+00	0.00e+00	0.00e+00	0.00e+00	5.01e-01	1.24e-01	6.30e-02
 5.60562e+16	7.00e-01	2.99e-01	8.29e-04	0.00e+00	0.00e+00	0.00e+00	0.00e+00	0.00e+00	0.00e+00	5.10e-01	1.26e-01	6.39e-02
 5.60750e+16	7.11e-01	2.88e-01	7.26e-04	0.00e+00	0.00e+00	0.00e+00	0.00e+00	0.00e+00	0.00e+00	5.19e-01	1.27e-01	6.46e-02
 5.60932e+16	7.22e-01	2.77e-01	6.36e-04	0.00e+00	0.00e+00	0.00e+00	0.00e+00	0.00e+00	0.00e+00	5.28e-01	1.28e-01	6.54e-02
 5.61109e+16	7.33e-01	2.67e-01	5.58e-04	0.00e+00	0.00e+00	0.00e+00	0.00e+00	0.00e+00	0.00e+00	5.37e-01	1.29e-01	6.61e-02
 5.61284e+16	7.43e-01	2.57e-01	4.89e-04	0.00e+00	0.00e+00	0.00e+00	0.00e+00	0.00e+00	0.00e+00	5.45e-01	1.30e-01	6.67e-02
 5.61455e+16	7.53e-01	2.47e-01	4.28e-04	0.00e+00	0.00e+00	0.00e+00	0.00e+00	0.00e+00	0.00e+00	5.54e-01	1.31e-01	6.74e-02
 5.61623e+16	7.62e-01	2.37e-01	3.74e-04	0.00e+00	0.00e+00	0.00e+00	0.00e+00	0.00e+00	0.00e+00	5.62e-01	1.32e-01	6.80e-02
 5.61788e+16	7.72e-01	2.28e-01	3.27e-04	0.00e+00	0.00e+00	0.00e+00	0.00e+00	0.00e+00	0.00e+00	5.70e-01	1.33e-01	6.85e-02
 5.61949e+16	7.81e-01	2.19e-01	2.85e-04	0.00e+00	0.00e+00	0.00e+00	0.00e+00	0.00e+00	0.00e+00	5.78e-01	1.34e-01	6.90e-02
 5.62107e+16	7.90e-01	2.10e-01	2.49e-04	0.00e+00	0.00e+00	0.00e+00	0.00e+00	0.00e+00	0.00e+00	5.86e-01	1.34e-01	6.95e-02
 5.62263e+16	7.98e-01	2.01e-01	2.17e-04	0.00e+00	0.00e+00	0.00e+00	0.00e+00	0.00e+00	0.00e+00	5.93e-01	1.35e-01	7.00e-02
 5.62416e+16	8.07e-01	1.93e-01	1.89e-04	0.00e+00	0.00e+00	0.00e+00	0.00e+00	0.00e+00	0.00e+00	6.01e-01	1.36e-01	7.04e-02
 5.62566e+16	8.15e-01	1.85e-01	1.65e-04	0.00e+00	0.00e+00	0.00e+00	0.00e+00	0.00e+00	0.00e+00	6.08e-01	1.36e-01	7.07e-02
 5.62713e+16	8.23e-01	1.77e-01	1.44e-04	0.00e+00	0.00e+00	0.00e+00	0.00e+00	0.00e+00	0.00e+00	6.15e-01	1.37e-01	7.11e-02
 5.62858e+16	8.30e-01	1.70e-01	1.25e-04	0.00e+00	0.00e+00	0.00e+00	0.00e+00	0.00e+00	0.00e+00	6.22e-01	1.37e-01	7.14e-02
 5.63000e+16	8.37e-01	1.63e-01	1.09e-04	0.00e+00	0.00e+00	0.00e+00	0.00e+00	0.00e+00	0.00e+00	6.28e-01	1.37e-01	7.17e-02
 5.63140e+16	8.44e-01	1.56e-01	9.47e-05	0.00e+00	0.00e+00	0.00e+00	0.00e+00	0.00e+00	0.00e+00	6.35e-01	1.37e-01	7.19e-02
 5.63277e+16	8.51e-01	1.49e-01	8.23e-05	0.00e+00	0.00e+00	0.00e+00	0.00e+00	0.00e+00	0.00e+00	6.41e-01	1.38e-01	7.21e-02
 5.63411e+16	8.58e-01	1.42e-01	7.15e-05	0.00e+00	0.00e+00	0.00e+00	0.00e+00	0.00e+00	0.00e+00	6.47e-01	1.38e-01	7.23e-02
 5.63544e+16	8.64e-01	1.36e-01	6.21e-05	0.00e+00	0.00e+00	0.00e+00	0.00e+00	0.00e+00	0.00e+00	6.53e-01	1.38e-01	7.25e-02
 5.63674e+16	8.70e-01	1.30e-01	5.39e-05	0.00e+00	0.00e+00	0.00e+00	0.00e+00	0.00e+00	0.00e+00	6.59e-01	1.38e-01	7.26e-02
 5.63800e+16	8.76e-01	1.24e-01	4.69e-05	0.00e+00	0.00e+00	0.00e+00	0.00e+00	0.00e+00	0.00e+00	6.65e-01	1.38e-01	7.28e-02
 5.63923e+16	8.81e-01	1.19e-01	4.08e-05	0.00e+00	0.00e+00	0.00e+00	0.00e+00	0.00e+00	0.00e+00	6.70e-01	1.38e-01	7.29e-02
 5.64043e+16	8.86e-01	1.14e-01	3.57e-05	0.00e+00	0.00e+00	0.00e+00	0.00e+00	0.00e+00	0.00e+00	6.75e-01	1.38e-01	7.29e-02
 5.64161e+16	8.91e-01	1.09e-01	3.10e-05	0.00e+00	0.00e+00	0.00e+00	0.00e+00	0.00e+00	0.00e+00	6.80e-01	1.38e-01	7.30e-02
 5.64275e+16	8.96e-01	1.04e-01	2.71e-05	0.00e+00	0.00e+00	0.00e+00	0.00e+00	0.00e+00	0.00e+00	6.85e-01	1.38e-01	7.30e-02
 5.64386e+16	9.01e-01	9.95e-02	2.37e-05	0.00e+00	0.00e+00	0.00e+00	0.00e+00	0.00e+00	0.00e+00	6.89e-01	1.38e-01	7.31e-02
 5.64493e+16	9.05e-01	9.53e-02	2.08e-05	0.00e+00	0.00e+00	0.00e+00	0.00e+00	0.00e+00	0.00e+00	6.93e-01	1.38e-01	7.30e-02
 5.64599e+16	9.09e-01	9.12e-02	1.82e-05	0.00e+00	0.00e+00	0.00e+00	0.00e+00	0.00e+00	0.00e+00	6.97e-01	1.38e-01	7.31e-02
 5.64702e+16	9.13e-01	8.73e-02	1.60e-05	0.00e+00	0.00e+00	0.00e+00	0.00e+00	0.00e+00	0.00e+00	7.01e-01	1.38e-01	7.30e-02
 5.64803e+16	9.16e-01	8.36e-02	1.40e-05	0.00e+00	0.00e+00	0.00e+00	0.00e+00	0.00e+00	0.00e+00	7.05e-01	1.38e-01	7.31e-02
 5.64902e+16	9.20e-01	8.01e-02	1.23e-05	0.00e+00	0.00e+00	0.00e+00	0.00e+00	0.00e+00	0.00e+00	7.09e-01	1.38e-01	7.30e-02
 5.64997e+16	9.23e-01	7.68e-02	1.08e-05	0.00e+00	0.00e+00	0.00e+00	0.00e+00	0.00e+00	0.00e+00	7.12e-01	1.38e-01	7.30e-02
 5.65091e+16	9.26e-01	7.36e-02	9.54e-06	0.00e+00	0.00e+00	0.00e+00	0.00e+00	0.00e+00	0.00e+00	7.15e-01	1.38e-01	7.29e-02
 5.65184e+16	9.29e-01	7.05e-02	8.39e-06	0.00e+00	0.00e+00	0.00e+00	0.00e+00	0.00e+00	0.00e+00	7.18e-01	1.38e-01	7.29e-02
 5.65274e+16	9.32e-01	6.76e-02	7.41e-06	0.00e+00	0.00e+00	0.00e+00	0.00e+00	0.00e+00	0.00e+00	7.22e-01	1.38e-01	7.29e-02
 5.65363e+16	9.35e-01	6.49e-02	6.54e-06	0.00e+00	0.00e+00	0.00e+00	0.00e+00	0.00e+00	0.00e+00	7.24e-01	1.38e-01	7.28e-02
 5.65450e+16	9.38e-01	6.22e-02	5.76e-06	0.00e+00	0.00e+00	0.00e+00	0.00e+00	0.00e+00	0.00e+00	7.27e-01	1.38e-01	7.28e-02
 5.65534e+16	9.40e-01	5.96e-02	5.10e-06	0.00e+00	0.00e+00	0.00e+00	0.00e+00	0.00e+00	0.00e+00	7.30e-01	1.38e-01	7.28e-02
 5.65616e+16	9.43e-01	5.73e-02	4.52e-06	0.00e+00	0.00e+00	0.00e+00	0.00e+00	0.00e+00	0.00e+00	7.32e-01	1.38e-01	7.27e-02
 5.65698e+16	9.45e-01	5.49e-02	4.00e-06	0.00e+00	0.00e+00	0.00e+00	0.00e+00	0.00e+00	0.00e+00	7.34e-01	1.38e-01	7.27e-02
 5.65779e+16	9.47e-01	5.26e-02	3.53e-06	0.00e+00	0.00e+00	0.00e+00	0.00e+00	0.00e+00	0.00e+00	7.37e-01	1.38e-01	7.26e-02
 5.65858e+16	9.49e-01	5.05e-02	3.13e-06	0.00e+00	0.00e+00	0.00e+00	0.00e+00	0.00e+00	0.00e+00	7.39e-01	1.38e-01	7.26e-02
 5.65933e+16	9.51e-01	4.85e-02	2.78e-06	0.00e+00	0.00e+00	0.00e+00	0.00e+00	0.00e+00	0.00e+00	7.41e-01	1.38e-01	7.26e-02
 5.66008e+16	9.53e-01	4.66e-02	2.47e-06	0.00e+00	0.00e+00	0.00e+00	0.00e+00	0.00e+00	0.00e+00	7.42e-01	1.38e-01	7.25e-02
 5.66082e+16	9.55e-01	4.47e-02	2.19e-06	0.00e+00	0.00e+00	0.00e+00	0.00e+00	0.00e+00	0.00e+00	7.44e-01	1.39e-01	7.25e-02
 5.66155e+16	9.57e-01	4.29e-02	1.95e-06	0.00e+00	0.00e+00	0.00e+00	0.00e+00	0.00e+00	0.00e+00	7.46e-01	1.39e-01	7.24e-02
 5.66226e+16	9.59e-01	4.12e-02	1.73e-06	0.00e+00	0.00e+00	0.00e+00	0.00e+00	0.00e+00	0.00e+00	7.48e-01	1.39e-01	7.24e-02
 5.66296e+16	9.60e-01	3.96e-02	1.54e-06	0.00e+00	0.00e+00	0.00e+00	0.00e+00	0.00e+00	0.00e+00	7.49e-01	1.39e-01	7.23e-02
 5.66364e+16	9.62e-01	3.80e-02	1.37e-06	0.00e+00	0.00e+00	0.00e+00	0.00e+00	0.00e+00	0.00e+00	7.51e-01	1.39e-01	7.23e-02
 5.66432e+16	9.64e-01	3.65e-02	1.22e-06	0.00e+00	0.00e+00	0.00e+00	0.00e+00	0.00e+00	0.00e+00	7.52e-01	1.39e-01	7.22e-02
 5.66498e+16	9.65e-01	3.50e-02	1.09e-06	0.00e+00	0.00e+00	0.00e+00	0.00e+00	0.00e+00	0.00e+00	7.53e-01	1.40e-01	7.22e-02
 5.66563e+16	9.66e-01	3.36e-02	9.68e-07	0.00e+00	0.00e+00	0.00e+00	0.00e+00	0.00e+00	0.00e+00	7.54e-01	1.40e-01	7.22e-02
 5.66625e+16	9.68e-01	3.23e-02	8.65e-07	0.00e+00	0.00e+00	0.00e+00	0.00e+00	0.00e+00	0.00e+00	7.55e-01	1.40e-01	7.22e-02
 5.66687e+16	9.69e-01	3.11e-02	7.72e-07	0.00e+00	0.00e+00	0.00e+00	0.00e+00	0.00e+00	0.00e+00	7.56e-01	1.40e-01	7.22e-02
 5.66748e+16	9.70e-01	2.98e-02	6.89e-07	0.00e+00	0.00e+00	0.00e+00	0.00e+00	0.00e+00	0.00e+00	7.57e-01	1.41e-01	7.22e-02
 5.66808e+16	9.71e-01	2.86e-02	6.15e-07	0.00e+00	0.00e+00	0.00e+00	0.00e+00	0.00e+00	0.00e+00	7.58e-01	1.41e-01	7.22e-02
 5.66866e+16	9.72e-01	2.75e-02	5.50e-07	0.00e+00	0.00e+00	0.00e+00	0.00e+00	0.00e+00	0.00e+00	7.59e-01	1.42e-01	7.22e-02
 5.66922e+16	9.74e-01	2.64e-02	4.92e-07	0.00e+00	0.00e+00	0.00e+00	0.00e+00	0.00e+00	0.00e+00	7.59e-01	1.42e-01	7.22e-02
 5.66978e+16	9.75e-01	2.54e-02	4.40e-07	0.00e+00	0.00e+00	0.00e+00	0.00e+00	0.00e+00	0.00e+00	7.60e-01	1.42e-01	7.22e-02
 5.67033e+16	9.76e-01	2.44e-02	3.94e-07	0.00e+00	0.00e+00	0.00e+00	0.00e+00	0.00e+00	0.00e+00	7.60e-01	1.43e-01	7.23e-02
 5.67086e+16	9.77e-01	2.34e-02	3.52e-07	0.00e+00	0.00e+00	0.00e+00	0.00e+00	0.00e+00	0.00e+00	7.61e-01	1.43e-01	7.23e-02
 5.67138e+16	9.78e-01	2.25e-02	3.16e-07	0.00e+00	0.00e+00	0.00e+00	0.00e+00	0.00e+00	0.00e+00	7.61e-01	1.44e-01	7.24e-02
 5.67189e+16	9.78e-01	2.16e-02	2.83e-07	0.00e+00	0.00e+00	0.00e+00	0.00e+00	0.00e+00	0.00e+00	7.61e-01	1.45e-01	7.24e-02
 5.67238e+16	9.79e-01	2.07e-02	2.54e-07	0.00e+00	0.00e+00	0.00e+00	0.00e+00	0.00e+00	0.00e+00	7.62e-01	1.45e-01	7.25e-02
 5.67286e+16	9.80e-01	1.99e-02	2.28e-07	0.00e+00	0.00e+00	0.00e+00	0.00e+00	0.00e+00	0.00e+00	7.62e-01	1.46e-01	7.26e-02
 5.67333e+16	9.81e-01	1.91e-02	2.05e-07	0.00e+00	0.00e+00	0.00e+00	0.00e+00	0.00e+00	0.00e+00	7.62e-01	1.47e-01	7.27e-02
 5.67379e+16	9.82e-01	1.83e-02	1.84e-07	0.00e+00	0.00e+00	0.00e+00	0.00e+00	0.00e+00	0.00e+00	7.62e-01	1.47e-01	7.28e-02
 5.67422e+16	9.82e-01	1.76e-02	1.65e-07	0.00e+00	0.00e+00	0.00e+00	0.00e+00	0.00e+00	0.00e+00	7.61e-01	1.48e-01	7.29e-02
 5.67462e+16	9.83e-01	1.69e-02	1.50e-07	0.00e+00	0.00e+00	0.00e+00	0.00e+00	0.00e+00	0.00e+00	7.61e-01	1.49e-01	7.30e-02
 5.67499e+16	9.84e-01	1.63e-02	1.36e-07	0.00e+00	0.00e+00	0.00e+00	0.00e+00	0.00e+00	0.00e+00	7.61e-01	1.50e-01	7.32e-02
 5.67533e+16	9.84e-01	1.57e-02	1.25e-07	0.00e+00	0.00e+00	0.00e+00	0.00e+00	0.00e+00	0.00e+00	7.60e-01	1.51e-01	7.33e-02
 5.67564e+16	9.85e-01	1.52e-02	1.15e-07	0.00e+00	0.00e+00	0.00e+00	0.00e+00	0.00e+00	0.00e+00	7.60e-01	1.51e-01	7.34e-02
 5.67594e+16	9.85e-01	1.48e-02	1.06e-07	0.00e+00	0.00e+00	0.00e+00	0.00e+00	0.00e+00	0.00e+00	7.59e-01	1.52e-01	7.36e-02
 5.67621e+16	9.86e-01	1.43e-02	9.83e-08	0.00e+00	0.00e+00	0.00e+00	0.00e+00	0.00e+00	0.00e+00	7.59e-01	1.53e-01	7.37e-02
 5.67647e+16	9.86e-01	1.39e-02	9.13e-08	0.00e+00	0.00e+00	0.00e+00	0.00e+00	0.00e+00	0.00e+00	7.58e-01	1.54e-01	7.39e-02
 5.67670e+16	9.86e-01	1.35e-02	8.51e-08	0.00e+00	0.00e+00	0.00e+00	0.00e+00	0.00e+00	0.00e+00	7.58e-01	1.55e-01	7.40e-02
 5.67692e+16	9.87e-01	1.31e-02	7.95e-08	0.00e+00	0.00e+00	0.00e+00	0.00e+00	0.00e+00	0.00e+00	7.57e-01	1.55e-01	7.42e-02
 5.67713e+16	9.87e-01	1.28e-02	7.45e-08	0.00e+00	0.00e+00	0.00e+00	0.00e+00	0.00e+00	0.00e+00	7.57e-01	1.56e-01	7.43e-02
 5.67732e+16	9.88e-01	1.25e-02	7.00e-08	0.00e+00	0.00e+00	0.00e+00	0.00e+00	0.00e+00	0.00e+00	7.56e-01	1.57e-01	7.44e-02
 5.67751e+16	9.88e-01	1.21e-02	6.59e-08	0.00e+00	0.00e+00	0.00e+00	0.00e+00	0.00e+00	0.00e+00	7.55e-01	1.58e-01	7.46e-02
 5.67767e+16	9.88e-01	1.19e-02	6.22e-08	0.00e+00	0.00e+00	0.00e+00	0.00e+00	0.00e+00	0.00e+00	7.55e-01	1.59e-01	7.47e-02
 5.67783e+16	9.88e-01	1.16e-02	5.89e-08	0.00e+00	0.00e+00	0.00e+00	0.00e+00	0.00e+00	0.00e+00	7.54e-01	1.60e-01	7.49e-02
 5.67797e+16	9.89e-01	1.13e-02	5.58e-08	0.00e+00	0.00e+00	0.00e+00	0.00e+00	0.00e+00	0.00e+00	7.53e-01	1.60e-01	7.50e-02
 5.67811e+16	9.89e-01	1.11e-02	5.30e-08	0.00e+00	0.00e+00	0.00e+00	0.00e+00	0.00e+00	0.00e+00	7.52e-01	1.61e-01	7.52e-02
 5.67824e+16	9.89e-01	1.08e-02	5.04e-08	0.00e+00	0.00e+00	0.00e+00	0.00e+00	0.00e+00	0.00e+00	7.52e-01	1.62e-01	7.53e-02
 5.67836e+16	9.89e-01	1.06e-02	4.83e-08	0.00e+00	0.00e+00	0.00e+00	0.00e+00	0.00e+00	0.00e+00	7.51e-01	1.63e-01	7.54e-02
 5.67847e+16	9.90e-01	1.04e-02	4.58e-08	0.00e+00	0.00e+00	0.00e+00	0.00e+00	0.00e+00	0.00e+00	7.50e-01	1.64e-01	7.56e-02
 5.67858e+16	9.90e-01	1.01e-02	4.37e-08	0.00e+00	0.00e+00	0.00e+00	0.00e+00	0.00e+00	0.00e+00	7.49e-01	1.65e-01	7.58e-02
 5.67867e+16	9.90e-01	9.99e-03	4.21e-08	0.00e+00	0.00e+00	0.00e+00	0.00e+00	0.00e+00	0.00e+00	7.49e-01	1.65e-01	7.58e-02
 5.67877e+16	9.90e-01	9.77e-03	4.01e-08	0.00e+00	0.00e+00	0.00e+00	0.00e+00	0.00e+00	0.00e+00	7.48e-01	1.66e-01	7.60e-02
 5.67886e+16	9.90e-01	9.57e-03	3.84e-08	0.00e+00	0.00e+00	0.00e+00	0.00e+00	0.00e+00	0.00e+00	7.47e-01	1.67e-01	7.62e-02
 5.67893e+16	9.91e-01	9.42e-03	3.71e-08	0.00e+00	0.00e+00	0.00e+00	0.00e+00	0.00e+00	0.00e+00	7.47e-01	1.68e-01	7.63e-02
 5.67901e+16	9.91e-01	9.23e-03	3.55e-08	0.00e+00	0.00e+00	0.00e+00	0.00e+00	0.00e+00	0.00e+00	7.45e-01	1.69e-01	7.65e-02
 5.67908e+16	9.91e-01	9.08e-03	3.43e-08	0.00e+00	0.00e+00	0.00e+00	0.00e+00	0.00e+00	0.00e+00	7.45e-01	1.69e-01	7.66e-02
 5.67915e+16	9.91e-01	8.89e-03	3.28e-08	0.00e+00	0.00e+00	0.00e+00	0.00e+00	0.00e+00	0.00e+00	7.44e-01	1.71e-01	7.68e-02
 5.67922e+16	9.91e-01	8.75e-03	3.18e-08	0.00e+00	0.00e+00	0.00e+00	0.00e+00	0.00e+00	0.00e+00	7.43e-01	1.71e-01	7.68e-02
 5.67927e+16	9.91e-01	8.57e-03	3.05e-08	0.00e+00	0.00e+00	0.00e+00	0.00e+00	0.00e+00	0.00e+00	7.42e-01	1.72e-01	7.70e-02
 5.67933e+16	9.92e-01	8.41e-03	2.93e-08	0.00e+00	0.00e+00	0.00e+00	0.00e+00	0.00e+00	0.00e+00	7.41e-01	1.73e-01	7.72e-02
 5.67939e+16	9.92e-01	8.24e-03	2.82e-08	0.00e+00	0.00e+00	0.00e+00	0.00e+00	0.00e+00	0.00e+00	7.40e-01	1.74e-01	7.74e-02
 5.67945e+16	9.92e-01	8.07e-03	2.70e-08	0.00e+00	0.00e+00	0.00e+00	0.00e+00	0.00e+00	0.00e+00	7.39e-01	1.75e-01	7.75e-02
 5.67950e+16	9.92e-01	7.88e-03	2.58e-08	0.00e+00	0.00e+00	0.00e+00	0.00e+00	0.00e+00	0.00e+00	7.38e-01	1.77e-01	7.77e-02
 5.67956e+16	9.92e-01	7.66e-03	2.44e-08	0.00e+00	0.00e+00	0.00e+00	0.00e+00	0.00e+00	0.00e+00	7.36e-01	1.78e-01	7.79e-02
