#depth	H	H+	H2
 7.56793e+11	7.94e-04	9.99e-01	1.34e-14
 4.54076e+12	7.94e-04	9.99e-01	1.34e-14
 1.96766e+13	7.94e-04	9.99e-01	1.35e-14
 8.02201e+13	7.95e-04	9.99e-01	1.36e-14
 1.91620e+14	7.95e-04	9.99e-01	1.38e-14
 3.36440e+14	7.95e-04	9.99e-01	1.40e-14
 5.24706e+14	7.97e-04	9.99e-01	1.43e-14
 7.69452e+14	7.99e-04	9.99e-01	1.47e-14
 1.08762e+15	8.02e-04	9.99e-01	1.52e-14
 1.50124e+15	8.08e-04	9.99e-01	1.58e-14
 2.03895e+15	8.19e-04	9.99e-01	1.67e-14
 2.73797e+15	8.30e-04	9.99e-01	1.77e-14
 3.64669e+15	8.48e-04	9.99e-01	1.91e-14
 4.82803e+15	8.72e-04	9.99e-01	2.10e-14
 6.36378e+15	9.10e-04	9.99e-01	2.36e-14
 8.36024e+15	9.67e-04	9.99e-01	2.76e-14
 1.09556e+16	1.06e-03	9.99e-01	3.39e-14
 1.43297e+16	1.20e-03	9.99e-01	4.43e-14
 1.77780e+16	1.39e-03	9.99e-01	5.89e-14
 2.05531e+16	1.59e-03	9.98e-01	7.45e-14
 2.28762e+16	1.80e-03	9.98e-01	9.17e-14
 2.51638e+16	2.09e-03	9.98e-01	1.17e-13
 2.74904e+16	2.42e-03	9.98e-01	1.47e-13
 2.91303e+16	2.70e-03	9.97e-01	1.72e-13
 2.99779e+16	2.87e-03	9.97e-01	1.88e-13
 3.07509e+16	3.03e-03	9.97e-01	2.05e-13
 3.17557e+16	3.27e-03	9.97e-01	2.28e-13
 3.28829e+16	3.56e-03	9.96e-01	2.58e-13
 3.39073e+16	3.86e-03	9.96e-01	2.90e-13
 3.47891e+16	4.15e-03	9.96e-01	3.21e-13
 3.56203e+16	4.45e-03	9.96e-01	3.55e-13
 3.65743e+16	4.83e-03	9.95e-01	3.99e-13
 3.75753e+16	5.28e-03	9.95e-01	4.50e-13
 3.84128e+16	5.71e-03	9.94e-01	5.02e-13
 3.91333e+16	6.12e-03	9.94e-01	5.53e-13
 3.99263e+16	6.62e-03	9.93e-01	6.16e-13
 4.07857e+16	7.23e-03	9.93e-01	6.94e-13
 4.15378e+16	7.83e-03	9.92e-01	7.73e-13
 4.21969e+16	8.42e-03	9.92e-01	8.52e-13
 4.29285e+16	9.16e-03	9.91e-01	9.54e-13
 4.37098e+16	1.00e-02	9.90e-01	1.08e-12
 4.43788e+16	1.09e-02	9.89e-01	1.20e-12
 4.49643e+16	1.18e-02	9.88e-01	1.33e-12
 4.56181e+16	1.29e-02	9.87e-01	1.49e-12
 4.63130e+16	1.42e-02	9.86e-01	1.70e-12
 4.68981e+16	1.55e-02	9.84e-01	1.90e-12
 4.73966e+16	1.68e-02	9.83e-01	2.10e-12
 4.79459e+16	1.84e-02	9.82e-01	2.36e-12
 4.85272e+16	2.04e-02	9.80e-01	2.68e-12
 4.90115e+16	2.23e-02	9.78e-01	3.00e-12
 4.94199e+16	2.42e-02	9.76e-01	3.32e-12
 4.98680e+16	2.66e-02	9.73e-01	3.73e-12
 5.03461e+16	2.96e-02	9.70e-01	4.26e-12
 5.07493e+16	3.26e-02	9.67e-01	4.79e-12
 5.10896e+16	3.55e-02	9.64e-01	5.35e-12
 5.14615e+16	3.94e-02	9.61e-01	6.07e-12
 5.18573e+16	4.42e-02	9.56e-01	6.99e-12
 5.21911e+16	4.92e-02	9.51e-01	7.98e-12
 5.24740e+16	5.42e-02	9.46e-01	9.00e-12
 5.27838e+16	6.09e-02	9.39e-01	1.04e-11
 5.31147e+16	6.97e-02	9.30e-01	1.23e-11
 5.33948e+16	7.90e-02	9.21e-01	1.44e-11
 5.36028e+16	8.74e-02	9.13e-01	1.64e-11
 5.37578e+16	9.46e-02	9.05e-01	1.82e-11
 5.39220e+16	1.04e-01	8.96e-01	2.04e-11
 5.41016e+16	1.15e-01	8.85e-01	2.34e-11
 5.42571e+16	1.27e-01	8.73e-01	2.66e-11
 5.43856e+16	1.38e-01	8.62e-01	2.98e-11
 5.45037e+16	1.50e-01	8.50e-01	3.33e-11
 5.46375e+16	1.65e-01	8.35e-01	3.82e-11
 5.47739e+16	1.84e-01	8.16e-01	4.44e-11
 5.48802e+16	2.01e-01	7.99e-01	5.03e-11
 5.49674e+16	2.16e-01	7.84e-01	5.60e-11
 5.50631e+16	2.36e-01	7.64e-01	6.37e-11
 5.51661e+16	2.60e-01	7.40e-01	7.37e-11
 5.52537e+16	2.83e-01	7.17e-01	8.41e-11
 5.53272e+16	3.04e-01	6.96e-01	9.45e-11
 5.54069e+16	3.30e-01	6.70e-01	1.08e-10
 5.54916e+16	3.61e-01	6.39e-01	1.26e-10
 5.55629e+16	3.89e-01	6.11e-01	1.44e-10
 5.56230e+16	4.16e-01	5.84e-01	1.63e-10
 5.56804e+16	4.42e-01	5.58e-01	1.83e-10
 5.57356e+16	4.70e-01	5.30e-01	2.06e-10
 5.57849e+16	4.96e-01	5.04e-01	2.31e-10
 5.58277e+16	5.19e-01	4.81e-01	2.54e-10
 5.58661e+16	5.40e-01	4.60e-01	2.79e-10
 5.58956e+16	5.57e-01	4.43e-01	2.99e-10
 5.59153e+16	5.68e-01	4.32e-01	3.12e-10
 5.59342e+16	5.79e-01	4.21e-01	3.28e-10
 5.59558e+16	5.92e-01	4.08e-01	3.47e-10
 5.59780e+16	6.05e-01	3.95e-01	3.67e-10
 5.59988e+16	6.18e-01	3.82e-01	3.88e-10
 5.60182e+16	6.30e-01	3.70e-01	4.08e-10
 5.60372e+16	6.42e-01	3.58e-01	4.30e-10
 5.60562e+16	6.54e-01	3.46e-01	4.53e-10
 5.60750e+16	6.66e-01	3.34e-01	4.77e-10
 5.60932e+16	6.77e-01	3.23e-01	5.03e-10
 5.61109e+16	6.89e-01	3.11e-01	5.29e-10
 5.61284e+16	7.00e-01	3.00e-01	5.56e-10
 5.61455e+16	7.11e-01	2.89e-01	5.85e-10
 5.61623e+16	7.21e-01	2.79e-01	6.15e-10
 5.61788e+16	7.32e-01	2.68e-01	6.47e-10
 5.61949e+16	7.42e-01	2.58e-01	6.80e-10
 5.62107e+16	7.52e-01	2.48e-01	7.15e-10
 5.62263e+16	7.61e-01	2.39e-01	7.51e-10
 5.62416e+16	7.71e-01	2.29e-01	7.89e-10
 5.62566e+16	7.80e-01	2.20e-01	8.29e-10
 5.62713e+16	7.89e-01	2.11e-01	8.71e-10
 5.62858e+16	7.97e-01	2.03e-01	9.14e-10
 5.63000e+16	8.06e-01	1.94e-01	9.60e-10
 5.63140e+16	8.14e-01	1.86e-01	1.01e-09
 5.63277e+16	8.21e-01	1.79e-01	1.06e-09
 5.63411e+16	8.29e-01	1.71e-01	1.11e-09
 5.63544e+16	8.36e-01	1.64e-01	1.17e-09
 5.63674e+16	8.43e-01	1.57e-01	1.23e-09
 5.63800e+16	8.50e-01	1.50e-01	1.29e-09
 5.63923e+16	8.56e-01	1.44e-01	1.35e-09
 5.64043e+16	8.62e-01	1.38e-01	1.42e-09
 5.64161e+16	8.68e-01	1.32e-01	1.49e-09
 5.64275e+16	8.74e-01	1.26e-01	1.56e-09
 5.64386e+16	8.79e-01	1.21e-01	1.63e-09
 5.64493e+16	8.84e-01	1.16e-01	1.71e-09
 5.64599e+16	8.89e-01	1.11e-01	1.79e-09
 5.64702e+16	8.93e-01	1.07e-01	1.88e-09
 5.64803e+16	8.98e-01	1.02e-01	1.97e-09
 5.64902e+16	9.02e-01	9.80e-02	2.07e-09
 5.64997e+16	9.06e-01	9.41e-02	2.17e-09
 5.65091e+16	9.10e-01	9.02e-02	2.27e-09
 5.65184e+16	9.13e-01	8.66e-02	2.38e-09
 5.65274e+16	9.17e-01	8.31e-02	2.50e-09
 5.65363e+16	9.20e-01	7.97e-02	2.62e-09
 5.65450e+16	9.24e-01	7.65e-02	2.75e-09
 5.65534e+16	9.27e-01	7.34e-02	2.89e-09
 5.65616e+16	9.29e-01	7.06e-02	3.03e-09
 5.65698e+16	9.32e-01	6.78e-02	3.18e-09
 5.65779e+16	9.35e-01	6.50e-02	3.35e-09
 5.65858e+16	9.38e-01	6.24e-02	3.52e-09
 5.65933e+16	9.40e-01	6.00e-02	3.70e-09
 5.66008e+16	9.42e-01	5.77e-02	3.90e-09
 5.66082e+16	9.45e-01	5.54e-02	4.11e-09
 5.66155e+16	9.47e-01	5.32e-02	4.34e-09
 5.66226e+16	9.49e-01	5.11e-02	4.58e-09
 5.66296e+16	9.51e-01	4.91e-02	4.83e-09
 5.66364e+16	9.53e-01	4.72e-02	5.12e-09
 5.66432e+16	9.55e-01	4.53e-02	5.42e-09
 5.66498e+16	9.56e-01	4.35e-02	5.75e-09
 5.66563e+16	9.58e-01	4.18e-02	6.10e-09
 5.66625e+16	9.60e-01	4.02e-02	6.47e-09
 5.66687e+16	9.61e-01	3.87e-02	6.89e-09
 5.66748e+16	9.63e-01	3.72e-02	7.35e-09
 5.66808e+16	9.64e-01	3.57e-02	7.85e-09
 5.66866e+16	9.66e-01	3.43e-02	8.41e-09
 5.66922e+16	9.67e-01	3.30e-02	9.01e-09
 5.66978e+16	9.68e-01	3.17e-02	9.68e-09
 5.67033e+16	9.70e-01	3.05e-02	1.04e-08
 5.67086e+16	9.71e-01	2.93e-02	1.13e-08
 5.67138e+16	9.72e-01	2.81e-02	1.22e-08
 5.67189e+16	9.73e-01	2.70e-02	1.33e-08
 5.67238e+16	9.74e-01	2.60e-02	1.45e-08
 5.67286e+16	9.75e-01	2.49e-02	1.58e-08
 5.67333e+16	9.76e-01	2.39e-02	1.74e-08
 5.67379e+16	9.77e-01	2.30e-02	1.93e-08
 5.67422e+16	9.78e-01	2.21e-02	2.13e-08
 5.67462e+16	9.79e-01	2.13e-02	2.35e-08
 5.67499e+16	9.79e-01	2.05e-02	2.60e-08
 5.67533e+16	9.80e-01	1.98e-02	2.87e-08
 5.67564e+16	9.81e-01	1.92e-02	3.17e-08
 5.67594e+16	9.81e-01	1.86e-02	3.50e-08
 5.67621e+16	9.82e-01	1.81e-02	3.87e-08
 5.67647e+16	9.82e-01	1.76e-02	4.27e-08
 5.67670e+16	9.83e-01	1.71e-02	4.72e-08
 5.67692e+16	9.83e-01	1.66e-02	5.22e-08
 5.67713e+16	9.84e-01	1.62e-02	5.75e-08
 5.67732e+16	9.84e-01	1.58e-02	6.37e-08
 5.67751e+16	9.85e-01	1.54e-02	7.05e-08
 5.67767e+16	9.85e-01	1.50e-02	7.80e-08
 5.67783e+16	9.85e-01	1.47e-02	8.61e-08
 5.67797e+16	9.86e-01	1.44e-02	9.51e-08
 5.67811e+16	9.86e-01	1.41e-02	1.05e-07
 5.67824e+16	9.86e-01	1.38e-02	1.16e-07
 5.67836e+16	9.86e-01	1.35e-02	1.27e-07
 5.67847e+16	9.87e-01	1.32e-02	1.43e-07
 5.67858e+16	9.87e-01	1.29e-02	1.59e-07
 5.67867e+16	9.87e-01	1.27e-02	1.73e-07
 5.67877e+16	9.88e-01	1.25e-02	1.93e-07
 5.67886e+16	9.88e-01	1.22e-02	2.15e-07
 5.67893e+16	9.88e-01	1.20e-02	2.34e-07
 5.67901e+16	9.88e-01	1.18e-02	2.62e-07
 5.67908e+16	9.88e-01	1.16e-02	2.87e-07
 5.67915e+16	9.89e-01	1.14e-02	3.22e-07
 5.67922e+16	9.89e-01	1.12e-02	3.52e-07
 5.67927e+16	9.89e-01	1.10e-02	3.94e-07
 5.67933e+16	9.89e-01	1.08e-02	4.39e-07
 5.67939e+16	9.89e-01	1.06e-02	4.90e-07
 5.67945e+16	9.90e-01	1.04e-02	5.51e-07
 5.67950e+16	9.90e-01	1.01e-02	6.25e-07
 5.67956e+16	9.90e-01	9.85e-03	7.17e-07
