#depth	He	He+	He+2
 7.56793e+11	4.28e-04	7.60e-01	2.40e-01
 4.54076e+12	4.29e-04	7.60e-01	2.39e-01
 1.96766e+13	4.29e-04	7.61e-01	2.38e-01
 8.02201e+13	4.34e-04	7.66e-01	2.33e-01
 1.91620e+14	4.39e-04	7.69e-01	2.31e-01
 3.36440e+14	4.48e-04	7.78e-01	2.22e-01
 5.24706e+14	4.63e-04	7.94e-01	2.06e-01
 7.69452e+14	4.84e-04	8.18e-01	1.81e-01
 1.08762e+15	5.11e-04	8.52e-01	1.48e-01
 1.50124e+15	5.46e-04	8.91e-01	1.08e-01
 2.03895e+15	5.87e-04	9.32e-01	6.74e-02
 2.73797e+15	6.25e-04	9.65e-01	3.43e-02
 3.64669e+15	6.63e-04	9.86e-01	1.37e-02
 4.82803e+15	6.99e-04	9.95e-01	4.23e-03
 6.36378e+15	7.43e-04	9.98e-01	1.02e-03
 8.36024e+15	7.97e-04	9.99e-01	1.97e-04
 1.09556e+16	8.72e-04	9.99e-01	3.14e-05
 1.43297e+16	9.75e-04	9.99e-01	4.26e-06
 1.77780e+16	1.09e-03	9.99e-01	7.33e-07
 2.05531e+16	1.20e-03	9.99e-01	2.25e-07
 2.28762e+16	1.30e-03	9.99e-01	9.41e-08
 2.51638e+16	1.43e-03	9.99e-01	4.21e-08
 2.74904e+16	1.55e-03	9.98e-01	2.00e-08
 2.91303e+16	1.64e-03	9.98e-01	1.27e-08
 2.99779e+16	1.70e-03	9.98e-01	1.01e-08
 3.07509e+16	1.76e-03	9.98e-01	8.10e-09
 3.17557e+16	1.83e-03	9.98e-01	6.13e-09
 3.28829e+16	1.92e-03	9.98e-01	4.58e-09
 3.39073e+16	2.01e-03	9.98e-01	3.57e-09
 3.47891e+16	2.09e-03	9.98e-01	2.89e-09
 3.56203e+16	2.18e-03	9.98e-01	2.38e-09
 3.65743e+16	2.29e-03	9.98e-01	1.91e-09
 3.75753e+16	2.41e-03	9.98e-01	1.54e-09
 3.84128e+16	2.53e-03	9.97e-01	1.30e-09
 3.91333e+16	2.64e-03	9.97e-01	1.12e-09
 3.99263e+16	2.77e-03	9.97e-01	9.54e-10
 4.07857e+16	2.93e-03	9.97e-01	8.11e-10
 4.15378e+16	3.08e-03	9.97e-01	7.09e-10
 4.21969e+16	3.23e-03	9.97e-01	6.31e-10
 4.29285e+16	3.41e-03	9.97e-01	5.55e-10
 4.37098e+16	3.63e-03	9.96e-01	4.88e-10
 4.43788e+16	3.85e-03	9.96e-01	4.40e-10
 4.49643e+16	4.06e-03	9.96e-01	4.02e-10
 4.56181e+16	4.32e-03	9.96e-01	3.65e-10
 4.63130e+16	4.64e-03	9.95e-01	3.30e-10
 4.68981e+16	4.95e-03	9.95e-01	3.05e-10
 4.73966e+16	5.25e-03	9.95e-01	2.86e-10
 4.79459e+16	5.63e-03	9.94e-01	2.67e-10
 4.85272e+16	6.09e-03	9.94e-01	2.48e-10
 4.90115e+16	6.54e-03	9.93e-01	2.35e-10
 4.94199e+16	6.97e-03	9.93e-01	2.25e-10
 4.98680e+16	7.53e-03	9.92e-01	2.15e-10
 5.03461e+16	8.21e-03	9.92e-01	2.05e-10
 5.07493e+16	8.88e-03	9.91e-01	1.98e-10
 5.10896e+16	9.56e-03	9.90e-01	1.93e-10
 5.14615e+16	1.04e-02	9.90e-01	1.88e-10
 5.18573e+16	1.15e-02	9.88e-01	1.83e-10
 5.21911e+16	1.26e-02	9.87e-01	1.81e-10
 5.24740e+16	1.37e-02	9.86e-01	1.79e-10
 5.27838e+16	1.53e-02	9.85e-01	1.79e-10
 5.31147e+16	1.72e-02	9.83e-01	1.80e-10
 5.33948e+16	1.92e-02	9.81e-01	1.84e-10
 5.36028e+16	2.11e-02	9.79e-01	1.87e-10
 5.37578e+16	2.27e-02	9.77e-01	1.91e-10
 5.39220e+16	2.47e-02	9.75e-01	1.97e-10
 5.41016e+16	2.73e-02	9.73e-01	2.05e-10
 5.42571e+16	3.00e-02	9.70e-01	2.15e-10
 5.43856e+16	3.26e-02	9.67e-01	2.25e-10
 5.45037e+16	3.53e-02	9.65e-01	2.36e-10
 5.46375e+16	3.91e-02	9.61e-01	2.53e-10
 5.47739e+16	4.36e-02	9.56e-01	2.74e-10
 5.48802e+16	4.78e-02	9.52e-01	2.94e-10
 5.49674e+16	5.19e-02	9.48e-01	3.14e-10
 5.50631e+16	5.71e-02	9.43e-01	3.40e-10
 5.51661e+16	6.37e-02	9.36e-01	3.76e-10
 5.52537e+16	7.03e-02	9.30e-01	4.13e-10
 5.53272e+16	7.69e-02	9.23e-01	4.49e-10
 5.54069e+16	8.53e-02	9.15e-01	4.98e-10
 5.54916e+16	9.57e-02	9.04e-01	5.60e-10
 5.55629e+16	1.06e-01	8.94e-01	6.22e-10
 5.56230e+16	1.17e-01	8.83e-01	6.82e-10
 5.56804e+16	1.28e-01	8.72e-01	7.51e-10
 5.57356e+16	1.40e-01	8.60e-01	8.26e-10
 5.57849e+16	1.53e-01	8.47e-01	9.02e-10
 5.58277e+16	1.66e-01	8.34e-01	9.75e-10
 5.58661e+16	1.78e-01	8.22e-01	1.05e-09
 5.58956e+16	1.88e-01	8.12e-01	1.11e-09
 5.59153e+16	1.95e-01	8.05e-01	1.15e-09
 5.59342e+16	2.03e-01	7.97e-01	1.19e-09
 5.59558e+16	2.12e-01	7.88e-01	1.24e-09
 5.59780e+16	2.22e-01	7.78e-01	1.29e-09
 5.59988e+16	2.32e-01	7.68e-01	1.34e-09
 5.60182e+16	2.41e-01	7.59e-01	1.40e-09
 5.60372e+16	2.51e-01	7.49e-01	1.45e-09
 5.60562e+16	2.62e-01	7.38e-01	1.51e-09
 5.60750e+16	2.73e-01	7.27e-01	1.56e-09
 5.60932e+16	2.84e-01	7.16e-01	1.62e-09
 5.61109e+16	2.95e-01	7.05e-01	1.68e-09
 5.61284e+16	3.07e-01	6.93e-01	1.74e-09
 5.61455e+16	3.19e-01	6.81e-01	1.80e-09
 5.61623e+16	3.31e-01	6.69e-01	1.86e-09
 5.61788e+16	3.44e-01	6.56e-01	1.92e-09
 5.61949e+16	3.56e-01	6.44e-01	1.98e-09
 5.62107e+16	3.69e-01	6.31e-01	2.04e-09
 5.62263e+16	3.83e-01	6.17e-01	2.10e-09
 5.62416e+16	3.96e-01	6.04e-01	2.16e-09
 5.62566e+16	4.10e-01	5.90e-01	2.22e-09
 5.62713e+16	4.24e-01	5.76e-01	2.27e-09
 5.62858e+16	4.38e-01	5.62e-01	2.33e-09
 5.63000e+16	4.52e-01	5.48e-01	2.39e-09
 5.63140e+16	4.66e-01	5.34e-01	2.44e-09
 5.63277e+16	4.81e-01	5.19e-01	2.50e-09
 5.63411e+16	4.95e-01	5.05e-01	2.55e-09
 5.63544e+16	5.10e-01	4.90e-01	2.60e-09
 5.63674e+16	5.24e-01	4.76e-01	2.65e-09
 5.63800e+16	5.39e-01	4.61e-01	2.70e-09
 5.63923e+16	5.53e-01	4.47e-01	2.74e-09
 5.64043e+16	5.67e-01	4.33e-01	2.78e-09
 5.64161e+16	5.81e-01	4.19e-01	2.82e-09
 5.64275e+16	5.94e-01	4.06e-01	2.86e-09
 5.64386e+16	6.08e-01	3.92e-01	2.89e-09
 5.64493e+16	6.21e-01	3.79e-01	2.92e-09
 5.64599e+16	6.34e-01	3.66e-01	2.95e-09
 5.64702e+16	6.46e-01	3.54e-01	2.98e-09
 5.64803e+16	6.59e-01	3.41e-01	3.00e-09
 5.64902e+16	6.71e-01	3.29e-01	3.02e-09
 5.64997e+16	6.83e-01	3.17e-01	3.04e-09
 5.65091e+16	6.94e-01	3.06e-01	3.05e-09
 5.65184e+16	7.05e-01	2.95e-01	3.06e-09
 5.65274e+16	7.16e-01	2.84e-01	3.07e-09
 5.65363e+16	7.27e-01	2.73e-01	3.08e-09
 5.65450e+16	7.37e-01	2.63e-01	3.08e-09
 5.65534e+16	7.47e-01	2.53e-01	3.09e-09
 5.65616e+16	7.57e-01	2.43e-01	3.09e-09
 5.65698e+16	7.66e-01	2.34e-01	3.08e-09
 5.65779e+16	7.76e-01	2.24e-01	3.08e-09
 5.65858e+16	7.84e-01	2.16e-01	3.07e-09
 5.65933e+16	7.93e-01	2.07e-01	3.06e-09
 5.66008e+16	8.01e-01	1.99e-01	3.05e-09
 5.66082e+16	8.09e-01	1.91e-01	3.03e-09
 5.66155e+16	8.17e-01	1.83e-01	3.02e-09
 5.66226e+16	8.24e-01	1.76e-01	3.00e-09
 5.66296e+16	8.32e-01	1.68e-01	2.98e-09
 5.66364e+16	8.39e-01	1.61e-01	2.96e-09
 5.66432e+16	8.45e-01	1.55e-01	2.93e-09
 5.66498e+16	8.52e-01	1.48e-01	2.91e-09
 5.66563e+16	8.58e-01	1.42e-01	2.88e-09
 5.66625e+16	8.64e-01	1.36e-01	2.85e-09
 5.66687e+16	8.70e-01	1.30e-01	2.82e-09
 5.66748e+16	8.75e-01	1.25e-01	2.79e-09
 5.66808e+16	8.81e-01	1.19e-01	2.75e-09
 5.66866e+16	8.86e-01	1.14e-01	2.71e-09
 5.66922e+16	8.91e-01	1.09e-01	2.68e-09
 5.66978e+16	8.95e-01	1.05e-01	2.64e-09
 5.67033e+16	9.00e-01	1.00e-01	2.60e-09
 5.67086e+16	9.04e-01	9.58e-02	2.56e-09
 5.67138e+16	9.08e-01	9.16e-02	2.51e-09
 5.67189e+16	9.12e-01	8.77e-02	2.47e-09
 5.67238e+16	9.16e-01	8.39e-02	2.42e-09
 5.67286e+16	9.20e-01	8.02e-02	2.38e-09
 5.67333e+16	9.23e-01	7.67e-02	2.33e-09
 5.67379e+16	9.27e-01	7.34e-02	2.28e-09
 5.67422e+16	9.30e-01	7.02e-02	2.23e-09
 5.67462e+16	9.33e-01	6.74e-02	2.18e-09
 5.67499e+16	9.35e-01	6.47e-02	2.13e-09
 5.67533e+16	9.38e-01	6.22e-02	2.09e-09
 5.67564e+16	9.40e-01	6.00e-02	2.04e-09
 5.67594e+16	9.42e-01	5.80e-02	2.00e-09
 5.67621e+16	9.44e-01	5.60e-02	1.95e-09
 5.67647e+16	9.46e-01	5.42e-02	1.91e-09
 5.67670e+16	9.47e-01	5.26e-02	1.87e-09
 5.67692e+16	9.49e-01	5.10e-02	1.83e-09
 5.67713e+16	9.50e-01	4.96e-02	1.79e-09
 5.67732e+16	9.52e-01	4.82e-02	1.76e-09
 5.67751e+16	9.53e-01	4.70e-02	1.72e-09
 5.67767e+16	9.54e-01	4.58e-02	1.69e-09
 5.67783e+16	9.55e-01	4.47e-02	1.65e-09
 5.67797e+16	9.56e-01	4.36e-02	1.62e-09
 5.67811e+16	9.57e-01	4.26e-02	1.59e-09
 5.67824e+16	9.58e-01	4.17e-02	1.56e-09
 5.67836e+16	9.59e-01	4.09e-02	1.53e-09
 5.67847e+16	9.60e-01	3.99e-02	1.49e-09
 5.67858e+16	9.61e-01	3.91e-02	1.46e-09
 5.67867e+16	9.62e-01	3.84e-02	1.44e-09
 5.67877e+16	9.62e-01	3.76e-02	1.41e-09
 5.67886e+16	9.63e-01	3.69e-02	1.38e-09
 5.67893e+16	9.64e-01	3.63e-02	1.36e-09
 5.67901e+16	9.64e-01	3.56e-02	1.33e-09
 5.67908e+16	9.65e-01	3.51e-02	1.31e-09
 5.67915e+16	9.66e-01	3.44e-02	1.28e-09
 5.67922e+16	9.66e-01	3.39e-02	1.26e-09
 5.67927e+16	9.67e-01	3.33e-02	1.23e-09
 5.67933e+16	9.67e-01	3.27e-02	1.20e-09
 5.67939e+16	9.68e-01	3.21e-02	1.18e-09
 5.67945e+16	9.68e-01	3.15e-02	1.15e-09
 5.67950e+16	9.69e-01	3.09e-02	1.12e-09
 5.67956e+16	9.70e-01	3.03e-02	1.09e-09
