#depth	O	O+	O+2	O+3	O+4	O+5	O+6	O+7	O+8	O[1]	O[2]	O[3]
 2.33742e+11	4.82e-05	5.36e-02	9.46e-01	1.83e-04	0.00e+00	0.00e+00	0.00e+00	0.00e+00	0.00e+00	3.24e-05	1.10e-05	4.77e-06
 1.40245e+12	4.82e-05	5.36e-02	9.46e-01	1.82e-04	0.00e+00	0.00e+00	0.00e+00	0.00e+00	0.00e+00	3.24e-05	1.10e-05	4.77e-06
 6.07729e+12	4.82e-05	5.37e-02	9.46e-01	1.79e-04	0.00e+00	0.00e+00	0.00e+00	0.00e+00	0.00e+00	3.24e-05	1.10e-05	4.79e-06
 2.47766e+13	4.85e-05	5.38e-02	9.46e-01	1.68e-04	0.00e+00	0.00e+00	0.00e+00	0.00e+00	0.00e+00	3.26e-05	1.11e-05	4.83e-06
 5.91834e+13	4.86e-05	5.41e-02	9.46e-01	1.53e-04	0.00e+00	0.00e+00	0.00e+00	0.00e+00	0.00e+00	3.26e-05	1.12e-05	4.86e-06
 1.03912e+14	4.89e-05	5.44e-02	9.45e-01	1.35e-04	0.00e+00	0.00e+00	0.00e+00	0.00e+00	0.00e+00	3.27e-05	1.12e-05	4.89e-06
 1.62060e+14	4.92e-05	5.49e-02	9.45e-01	1.15e-04	0.00e+00	0.00e+00	0.00e+00	0.00e+00	0.00e+00	3.30e-05	1.13e-05	4.93e-06
 2.37652e+14	4.98e-05	5.54e-02	9.44e-01	9.25e-05	0.00e+00	0.00e+00	0.00e+00	0.00e+00	0.00e+00	3.33e-05	1.15e-05	4.99e-06
 3.35921e+14	5.06e-05	5.61e-02	9.44e-01	6.97e-05	0.00e+00	0.00e+00	0.00e+00	0.00e+00	0.00e+00	3.38e-05	1.17e-05	5.06e-06
 4.63671e+14	5.15e-05	5.70e-02	9.43e-01	4.82e-05	0.00e+00	0.00e+00	0.00e+00	0.00e+00	0.00e+00	3.45e-05	1.19e-05	5.16e-06
 6.29746e+14	5.30e-05	5.82e-02	9.42e-01	2.98e-05	0.00e+00	0.00e+00	0.00e+00	0.00e+00	0.00e+00	3.54e-05	1.22e-05	5.30e-06
 8.45644e+14	5.51e-05	5.97e-02	9.40e-01	1.60e-05	0.00e+00	0.00e+00	0.00e+00	0.00e+00	0.00e+00	3.69e-05	1.27e-05	5.52e-06
 1.12631e+15	5.80e-05	6.18e-02	9.38e-01	7.18e-06	0.00e+00	0.00e+00	0.00e+00	0.00e+00	0.00e+00	3.88e-05	1.34e-05	5.81e-06
 1.49118e+15	6.20e-05	6.45e-02	9.35e-01	2.59e-06	0.00e+00	0.00e+00	0.00e+00	0.00e+00	0.00e+00	4.14e-05	1.43e-05	6.21e-06
 1.96550e+15	6.78e-05	6.81e-02	9.32e-01	7.20e-07	0.00e+00	0.00e+00	0.00e+00	0.00e+00	0.00e+00	4.53e-05	1.57e-05	6.79e-06
 2.58213e+15	7.64e-05	7.32e-02	9.27e-01	1.53e-07	0.00e+00	0.00e+00	0.00e+00	0.00e+00	0.00e+00	5.10e-05	1.77e-05	7.65e-06
 3.38374e+15	8.96e-05	8.03e-02	9.20e-01	0.00e+00	0.00e+00	0.00e+00	0.00e+00	0.00e+00	0.00e+00	5.99e-05	2.08e-05	8.98e-06
 4.42584e+15	1.11e-04	9.07e-02	9.09e-01	0.00e+00	0.00e+00	0.00e+00	0.00e+00	0.00e+00	0.00e+00	7.42e-05	2.57e-05	1.11e-05
 5.45603e+15	1.36e-04	1.02e-01	8.98e-01	0.00e+00	0.00e+00	0.00e+00	0.00e+00	0.00e+00	0.00e+00	9.11e-05	3.16e-05	1.37e-05
 6.23980e+15	1.62e-04	1.13e-01	8.87e-01	0.00e+00	0.00e+00	0.00e+00	0.00e+00	0.00e+00	0.00e+00	1.08e-04	3.76e-05	1.63e-05
 6.90973e+15	2.11e-04	1.29e-01	8.71e-01	0.00e+00	0.00e+00	0.00e+00	0.00e+00	0.00e+00	0.00e+00	1.40e-04	4.95e-05	2.13e-05
 7.42867e+15	2.44e-04	1.39e-01	8.61e-01	0.00e+00	0.00e+00	0.00e+00	0.00e+00	0.00e+00	0.00e+00	1.62e-04	5.73e-05	2.46e-05
 7.86933e+15	2.77e-04	1.49e-01	8.51e-01	0.00e+00	0.00e+00	0.00e+00	0.00e+00	0.00e+00	0.00e+00	1.84e-04	6.48e-05	2.79e-05
 8.44220e+15	3.25e-04	1.62e-01	8.38e-01	0.00e+00	0.00e+00	0.00e+00	0.00e+00	0.00e+00	0.00e+00	2.16e-04	7.59e-05	3.27e-05
 9.18692e+15	4.00e-04	1.81e-01	8.19e-01	0.00e+00	0.00e+00	0.00e+00	0.00e+00	0.00e+00	0.00e+00	2.67e-04	9.35e-05	4.03e-05
 9.93233e+15	5.02e-04	2.03e-01	7.97e-01	0.00e+00	0.00e+00	0.00e+00	0.00e+00	0.00e+00	0.00e+00	3.35e-04	1.17e-04	5.06e-05
 1.04952e+16	6.03e-04	2.23e-01	7.77e-01	0.00e+00	0.00e+00	0.00e+00	0.00e+00	0.00e+00	0.00e+00	4.02e-04	1.40e-04	6.08e-05
 1.09594e+16	7.01e-04	2.40e-01	7.59e-01	0.00e+00	0.00e+00	0.00e+00	0.00e+00	0.00e+00	0.00e+00	4.67e-04	1.63e-04	7.07e-05
 1.14787e+16	8.26e-04	2.61e-01	7.38e-01	0.00e+00	0.00e+00	0.00e+00	0.00e+00	0.00e+00	0.00e+00	5.51e-04	1.91e-04	8.33e-05
 1.21537e+16	1.02e-03	2.90e-01	7.09e-01	0.00e+00	0.00e+00	0.00e+00	0.00e+00	0.00e+00	0.00e+00	6.81e-04	2.35e-04	1.03e-04
 1.28386e+16	1.29e-03	3.24e-01	6.74e-01	0.00e+00	0.00e+00	0.00e+00	0.00e+00	0.00e+00	0.00e+00	8.61e-04	2.97e-04	1.30e-04
 1.33618e+16	1.55e-03	3.54e-01	6.44e-01	0.00e+00	0.00e+00	0.00e+00	0.00e+00	0.00e+00	0.00e+00	1.04e-03	3.57e-04	1.57e-04
 1.37869e+16	1.81e-03	3.80e-01	6.18e-01	0.00e+00	0.00e+00	0.00e+00	0.00e+00	0.00e+00	0.00e+00	1.21e-03	4.15e-04	1.83e-04
 1.42592e+16	2.12e-03	4.09e-01	5.89e-01	0.00e+00	0.00e+00	0.00e+00	0.00e+00	0.00e+00	0.00e+00	1.42e-03	4.83e-04	2.14e-04
 1.48579e+16	2.58e-03	4.46e-01	5.51e-01	0.00e+00	0.00e+00	0.00e+00	0.00e+00	0.00e+00	0.00e+00	1.73e-03	5.87e-04	2.62e-04
 1.54790e+16	3.22e-03	4.90e-01	5.07e-01	0.00e+00	0.00e+00	0.00e+00	0.00e+00	0.00e+00	0.00e+00	2.16e-03	7.28e-04	3.27e-04
 1.59952e+16	3.91e-03	5.29e-01	4.67e-01	0.00e+00	0.00e+00	0.00e+00	0.00e+00	0.00e+00	0.00e+00	2.63e-03	8.80e-04	3.97e-04
 1.64275e+16	4.59e-03	5.63e-01	4.32e-01	0.00e+00	0.00e+00	0.00e+00	0.00e+00	0.00e+00	0.00e+00	3.09e-03	1.03e-03	4.66e-04
 1.68947e+16	5.40e-03	5.98e-01	3.96e-01	0.00e+00	0.00e+00	0.00e+00	0.00e+00	0.00e+00	0.00e+00	3.64e-03	1.21e-03	5.48e-04
 1.74328e+16	6.57e-03	6.40e-01	3.53e-01	0.00e+00	0.00e+00	0.00e+00	0.00e+00	0.00e+00	0.00e+00	4.45e-03	1.46e-03	6.66e-04
 1.79420e+16	8.05e-03	6.82e-01	3.10e-01	0.00e+00	0.00e+00	0.00e+00	0.00e+00	0.00e+00	0.00e+00	5.45e-03	1.78e-03	8.13e-04
 1.83651e+16	9.62e-03	7.18e-01	2.73e-01	0.00e+00	0.00e+00	0.00e+00	0.00e+00	0.00e+00	0.00e+00	6.53e-03	2.12e-03	9.70e-04
 1.87342e+16	1.13e-02	7.48e-01	2.41e-01	0.00e+00	0.00e+00	0.00e+00	0.00e+00	0.00e+00	0.00e+00	7.65e-03	2.47e-03	1.13e-03
 1.91454e+16	1.34e-02	7.79e-01	2.08e-01	0.00e+00	0.00e+00	0.00e+00	0.00e+00	0.00e+00	0.00e+00	9.11e-03	2.92e-03	1.35e-03
 1.96004e+16	1.66e-02	8.13e-01	1.70e-01	0.00e+00	0.00e+00	0.00e+00	0.00e+00	0.00e+00	0.00e+00	1.13e-02	3.61e-03	1.66e-03
 1.99996e+16	2.05e-02	8.42e-01	1.37e-01	0.00e+00	0.00e+00	0.00e+00	0.00e+00	0.00e+00	0.00e+00	1.40e-02	4.45e-03	2.06e-03
 2.03249e+16	2.49e-02	8.64e-01	1.11e-01	0.00e+00	0.00e+00	0.00e+00	0.00e+00	0.00e+00	0.00e+00	1.70e-02	5.37e-03	2.49e-03
 2.06151e+16	2.99e-02	8.80e-01	8.96e-02	0.00e+00	0.00e+00	0.00e+00	0.00e+00	0.00e+00	0.00e+00	2.05e-02	6.45e-03	2.99e-03
 2.08948e+16	3.63e-02	8.93e-01	7.05e-02	0.00e+00	0.00e+00	0.00e+00	0.00e+00	0.00e+00	0.00e+00	2.49e-02	7.81e-03	3.62e-03
 2.11623e+16	4.50e-02	9.02e-01	5.34e-02	0.00e+00	0.00e+00	0.00e+00	0.00e+00	0.00e+00	0.00e+00	3.08e-02	9.65e-03	4.48e-03
 2.14007e+16	5.59e-02	9.05e-01	3.95e-02	0.00e+00	0.00e+00	0.00e+00	0.00e+00	0.00e+00	0.00e+00	3.84e-02	1.20e-02	5.56e-03
 2.15700e+16	6.73e-02	9.02e-01	3.02e-02	0.00e+00	0.00e+00	0.00e+00	0.00e+00	0.00e+00	0.00e+00	4.62e-02	1.44e-02	6.70e-03
 2.16698e+16	7.61e-02	8.99e-01	2.52e-02	0.00e+00	0.00e+00	0.00e+00	0.00e+00	0.00e+00	0.00e+00	5.23e-02	1.62e-02	7.57e-03
 2.17609e+16	8.55e-02	8.93e-01	2.11e-02	0.00e+00	0.00e+00	0.00e+00	0.00e+00	0.00e+00	0.00e+00	5.88e-02	1.82e-02	8.49e-03
 2.18793e+16	1.01e-01	8.83e-01	1.64e-02	0.00e+00	0.00e+00	0.00e+00	0.00e+00	0.00e+00	0.00e+00	6.92e-02	2.14e-02	9.99e-03
 2.19929e+16	1.21e-01	8.67e-01	1.21e-02	0.00e+00	0.00e+00	0.00e+00	0.00e+00	0.00e+00	0.00e+00	8.33e-02	2.57e-02	1.20e-02
 2.20681e+16	1.40e-01	8.51e-01	9.48e-03	0.00e+00	0.00e+00	0.00e+00	0.00e+00	0.00e+00	0.00e+00	9.63e-02	2.96e-02	1.39e-02
 2.21192e+16	1.55e-01	8.37e-01	7.91e-03	0.00e+00	0.00e+00	0.00e+00	0.00e+00	0.00e+00	0.00e+00	1.07e-01	3.28e-02	1.54e-02
 2.21707e+16	1.74e-01	8.20e-01	6.44e-03	0.00e+00	0.00e+00	0.00e+00	0.00e+00	0.00e+00	0.00e+00	1.20e-01	3.67e-02	1.72e-02
 2.22278e+16	1.99e-01	7.96e-01	4.99e-03	0.00e+00	0.00e+00	0.00e+00	0.00e+00	0.00e+00	0.00e+00	1.37e-01	4.19e-02	1.97e-02
 2.22776e+16	2.27e-01	7.69e-01	3.85e-03	0.00e+00	0.00e+00	0.00e+00	0.00e+00	0.00e+00	0.00e+00	1.57e-01	4.77e-02	2.24e-02
 2.23168e+16	2.55e-01	7.42e-01	3.05e-03	0.00e+00	0.00e+00	0.00e+00	0.00e+00	0.00e+00	0.00e+00	1.76e-01	5.33e-02	2.51e-02
 2.23498e+16	2.82e-01	7.15e-01	2.44e-03	0.00e+00	0.00e+00	0.00e+00	0.00e+00	0.00e+00	0.00e+00	1.95e-01	5.88e-02	2.77e-02
 2.23809e+16	3.12e-01	6.86e-01	1.94e-03	0.00e+00	0.00e+00	0.00e+00	0.00e+00	0.00e+00	0.00e+00	2.17e-01	6.48e-02	3.07e-02
 2.24110e+16	3.46e-01	6.52e-01	1.51e-03	0.00e+00	0.00e+00	0.00e+00	0.00e+00	0.00e+00	0.00e+00	2.41e-01	7.16e-02	3.39e-02
 2.24389e+16	3.83e-01	6.16e-01	1.16e-03	0.00e+00	0.00e+00	0.00e+00	0.00e+00	0.00e+00	0.00e+00	2.67e-01	7.87e-02	3.74e-02
 2.24628e+16	4.20e-01	5.80e-01	9.02e-04	0.00e+00	0.00e+00	0.00e+00	0.00e+00	0.00e+00	0.00e+00	2.93e-01	8.56e-02	4.08e-02
 2.24819e+16	4.52e-01	5.48e-01	7.22e-04	0.00e+00	0.00e+00	0.00e+00	0.00e+00	0.00e+00	0.00e+00	3.16e-01	9.16e-02	4.38e-02
 2.24972e+16	4.80e-01	5.20e-01	5.96e-04	0.00e+00	0.00e+00	0.00e+00	0.00e+00	0.00e+00	0.00e+00	3.36e-01	9.66e-02	4.64e-02
 2.25103e+16	5.05e-01	4.95e-01	5.01e-04	0.00e+00	0.00e+00	0.00e+00	0.00e+00	0.00e+00	0.00e+00	3.55e-01	1.01e-01	4.87e-02
 2.25224e+16	5.29e-01	4.70e-01	4.22e-04	0.00e+00	0.00e+00	0.00e+00	0.00e+00	0.00e+00	0.00e+00	3.73e-01	1.05e-01	5.09e-02
 2.25336e+16	5.53e-01	4.47e-01	3.57e-04	0.00e+00	0.00e+00	0.00e+00	0.00e+00	0.00e+00	0.00e+00	3.90e-01	1.09e-01	5.29e-02
 2.25439e+16	5.75e-01	4.25e-01	3.04e-04	0.00e+00	0.00e+00	0.00e+00	0.00e+00	0.00e+00	0.00e+00	4.07e-01	1.13e-01	5.49e-02
 2.25532e+16	5.96e-01	4.04e-01	2.62e-04	0.00e+00	0.00e+00	0.00e+00	0.00e+00	0.00e+00	0.00e+00	4.22e-01	1.16e-01	5.66e-02
 2.25603e+16	6.11e-01	3.88e-01	2.32e-04	0.00e+00	0.00e+00	0.00e+00	0.00e+00	0.00e+00	0.00e+00	4.34e-01	1.19e-01	5.80e-02
 2.25652e+16	6.22e-01	3.78e-01	2.14e-04	0.00e+00	0.00e+00	0.00e+00	0.00e+00	0.00e+00	0.00e+00	4.43e-01	1.20e-01	5.88e-02
 2.25698e+16	6.33e-01	3.67e-01	1.97e-04	0.00e+00	0.00e+00	0.00e+00	0.00e+00	0.00e+00	0.00e+00	4.51e-01	1.22e-01	5.97e-02
 2.25749e+16	6.45e-01	3.55e-01	1.79e-04	0.00e+00	0.00e+00	0.00e+00	0.00e+00	0.00e+00	0.00e+00	4.60e-01	1.24e-01	6.07e-02
 2.25804e+16	6.57e-01	3.43e-01	1.62e-04	0.00e+00	0.00e+00	0.00e+00	0.00e+00	0.00e+00	0.00e+00	4.70e-01	1.26e-01	6.17e-02
 2.25857e+16	6.69e-01	3.31e-01	1.47e-04	0.00e+00	0.00e+00	0.00e+00	0.00e+00	0.00e+00	0.00e+00	4.79e-01	1.27e-01	6.26e-02
 2.25907e+16	6.81e-01	3.19e-01	1.33e-04	0.00e+00	0.00e+00	0.00e+00	0.00e+00	0.00e+00	0.00e+00	4.88e-01	1.29e-01	6.35e-02
 2.25955e+16	6.92e-01	3.08e-01	1.21e-04	0.00e+00	0.00e+00	0.00e+00	0.00e+00	0.00e+00	0.00e+00	4.97e-01	1.30e-01	6.44e-02
 2.26003e+16	7.03e-01	2.97e-01	1.10e-04	0.00e+00	0.00e+00	0.00e+00	0.00e+00	0.00e+00	0.00e+00	5.06e-01	1.32e-01	6.52e-02
 2.26051e+16	7.14e-01	2.86e-01	9.95e-05	0.00e+00	0.00e+00	0.00e+00	0.00e+00	0.00e+00	0.00e+00	5.14e-01	1.33e-01	6.60e-02
 2.26099e+16	7.24e-01	2.76e-01	9.02e-05	0.00e+00	0.00e+00	0.00e+00	0.00e+00	0.00e+00	0.00e+00	5.23e-01	1.34e-01	6.67e-02
 2.26145e+16	7.34e-01	2.65e-01	8.16e-05	0.00e+00	0.00e+00	0.00e+00	0.00e+00	0.00e+00	0.00e+00	5.31e-01	1.36e-01	6.74e-02
 2.26191e+16	7.44e-01	2.55e-01	7.40e-05	0.00e+00	0.00e+00	0.00e+00	0.00e+00	0.00e+00	0.00e+00	5.40e-01	1.37e-01	6.81e-02
 2.26237e+16	7.54e-01	2.46e-01	6.70e-05	0.00e+00	0.00e+00	0.00e+00	0.00e+00	0.00e+00	0.00e+00	5.48e-01	1.38e-01	6.87e-02
 2.26282e+16	7.64e-01	2.36e-01	6.06e-05	0.00e+00	0.00e+00	0.00e+00	0.00e+00	0.00e+00	0.00e+00	5.56e-01	1.39e-01	6.93e-02
 2.26326e+16	7.73e-01	2.27e-01	5.48e-05	0.00e+00	0.00e+00	0.00e+00	0.00e+00	0.00e+00	0.00e+00	5.63e-01	1.40e-01	6.99e-02
 2.26370e+16	7.82e-01	2.18e-01	4.96e-05	0.00e+00	0.00e+00	0.00e+00	0.00e+00	0.00e+00	0.00e+00	5.71e-01	1.40e-01	7.04e-02
 2.26414e+16	7.91e-01	2.09e-01	4.48e-05	0.00e+00	0.00e+00	0.00e+00	0.00e+00	0.00e+00	0.00e+00	5.78e-01	1.41e-01	7.09e-02
 2.26457e+16	7.99e-01	2.01e-01	4.05e-05	0.00e+00	0.00e+00	0.00e+00	0.00e+00	0.00e+00	0.00e+00	5.86e-01	1.42e-01	7.14e-02
 2.26500e+16	8.07e-01	1.93e-01	3.66e-05	0.00e+00	0.00e+00	0.00e+00	0.00e+00	0.00e+00	0.00e+00	5.93e-01	1.43e-01	7.18e-02
 2.26542e+16	8.15e-01	1.85e-01	3.30e-05	0.00e+00	0.00e+00	0.00e+00	0.00e+00	0.00e+00	0.00e+00	6.00e-01	1.43e-01	7.22e-02
 2.26584e+16	8.23e-01	1.77e-01	2.98e-05	0.00e+00	0.00e+00	0.00e+00	0.00e+00	0.00e+00	0.00e+00	6.07e-01	1.44e-01	7.26e-02
 2.26626e+16	8.30e-01	1.70e-01	2.68e-05	0.00e+00	0.00e+00	0.00e+00	0.00e+00	0.00e+00	0.00e+00	6.13e-01	1.44e-01	7.29e-02
 2.26668e+16	8.38e-01	1.62e-01	2.42e-05	0.00e+00	0.00e+00	0.00e+00	0.00e+00	0.00e+00	0.00e+00	6.20e-01	1.45e-01	7.32e-02
 2.26710e+16	8.45e-01	1.55e-01	2.18e-05	0.00e+00	0.00e+00	0.00e+00	0.00e+00	0.00e+00	0.00e+00	6.26e-01	1.45e-01	7.35e-02
 2.26751e+16	8.51e-01	1.49e-01	1.96e-05	0.00e+00	0.00e+00	0.00e+00	0.00e+00	0.00e+00	0.00e+00	6.32e-01	1.45e-01	7.37e-02
 2.26792e+16	8.58e-01	1.42e-01	1.76e-05	0.00e+00	0.00e+00	0.00e+00	0.00e+00	0.00e+00	0.00e+00	6.38e-01	1.46e-01	7.40e-02
 2.26833e+16	8.64e-01	1.36e-01	1.59e-05	0.00e+00	0.00e+00	0.00e+00	0.00e+00	0.00e+00	0.00e+00	6.44e-01	1.46e-01	7.42e-02
 2.26873e+16	8.70e-01	1.30e-01	1.43e-05	0.00e+00	0.00e+00	0.00e+00	0.00e+00	0.00e+00	0.00e+00	6.49e-01	1.46e-01	7.43e-02
 2.26913e+16	8.75e-01	1.25e-01	1.28e-05	0.00e+00	0.00e+00	0.00e+00	0.00e+00	0.00e+00	0.00e+00	6.55e-01	1.46e-01	7.45e-02
 2.26953e+16	8.81e-01	1.19e-01	1.16e-05	0.00e+00	0.00e+00	0.00e+00	0.00e+00	0.00e+00	0.00e+00	6.60e-01	1.46e-01	7.46e-02
 2.26992e+16	8.86e-01	1.14e-01	1.04e-05	0.00e+00	0.00e+00	0.00e+00	0.00e+00	0.00e+00	0.00e+00	6.65e-01	1.47e-01	7.47e-02
 2.27031e+16	8.91e-01	1.09e-01	9.38e-06	0.00e+00	0.00e+00	0.00e+00	0.00e+00	0.00e+00	0.00e+00	6.69e-01	1.47e-01	7.47e-02
 2.27070e+16	8.96e-01	1.04e-01	8.43e-06	0.00e+00	0.00e+00	0.00e+00	0.00e+00	0.00e+00	0.00e+00	6.74e-01	1.47e-01	7.48e-02
 2.27107e+16	9.00e-01	1.00e-01	7.60e-06	0.00e+00	0.00e+00	0.00e+00	0.00e+00	0.00e+00	0.00e+00	6.78e-01	1.47e-01	7.48e-02
 2.27144e+16	9.04e-01	9.58e-02	6.86e-06	0.00e+00	0.00e+00	0.00e+00	0.00e+00	0.00e+00	0.00e+00	6.82e-01	1.47e-01	7.48e-02
 2.27182e+16	9.08e-01	9.18e-02	6.19e-06	0.00e+00	0.00e+00	0.00e+00	0.00e+00	0.00e+00	0.00e+00	6.86e-01	1.47e-01	7.48e-02
 2.27219e+16	9.12e-01	8.80e-02	5.58e-06	0.00e+00	0.00e+00	0.00e+00	0.00e+00	0.00e+00	0.00e+00	6.90e-01	1.47e-01	7.48e-02
 2.27256e+16	9.16e-01	8.42e-02	5.02e-06	0.00e+00	0.00e+00	0.00e+00	0.00e+00	0.00e+00	0.00e+00	6.94e-01	1.47e-01	7.47e-02
 2.27293e+16	9.19e-01	8.07e-02	4.53e-06	0.00e+00	0.00e+00	0.00e+00	0.00e+00	0.00e+00	0.00e+00	6.98e-01	1.47e-01	7.47e-02
 2.27329e+16	9.23e-01	7.73e-02	4.09e-06	0.00e+00	0.00e+00	0.00e+00	0.00e+00	0.00e+00	0.00e+00	7.01e-01	1.47e-01	7.47e-02
 2.27365e+16	9.26e-01	7.41e-02	3.69e-06	0.00e+00	0.00e+00	0.00e+00	0.00e+00	0.00e+00	0.00e+00	7.04e-01	1.47e-01	7.46e-02
 2.27401e+16	9.29e-01	7.11e-02	3.33e-06	0.00e+00	0.00e+00	0.00e+00	0.00e+00	0.00e+00	0.00e+00	7.07e-01	1.47e-01	7.46e-02
 2.27436e+16	9.32e-01	6.81e-02	3.00e-06	0.00e+00	0.00e+00	0.00e+00	0.00e+00	0.00e+00	0.00e+00	7.10e-01	1.47e-01	7.45e-02
 2.27472e+16	9.35e-01	6.54e-02	2.71e-06	0.00e+00	0.00e+00	0.00e+00	0.00e+00	0.00e+00	0.00e+00	7.13e-01	1.47e-01	7.45e-02
 2.27507e+16	9.37e-01	6.27e-02	2.44e-06	0.00e+00	0.00e+00	0.00e+00	0.00e+00	0.00e+00	0.00e+00	7.16e-01	1.47e-01	7.44e-02
 2.27542e+16	9.40e-01	6.01e-02	2.20e-06	0.00e+00	0.00e+00	0.00e+00	0.00e+00	0.00e+00	0.00e+00	7.18e-01	1.47e-01	7.43e-02
 2.27577e+16	9.42e-01	5.77e-02	1.99e-06	0.00e+00	0.00e+00	0.00e+00	0.00e+00	0.00e+00	0.00e+00	7.21e-01	1.47e-01	7.43e-02
 2.27612e+16	9.45e-01	5.53e-02	1.79e-06	0.00e+00	0.00e+00	0.00e+00	0.00e+00	0.00e+00	0.00e+00	7.23e-01	1.48e-01	7.42e-02
 2.27646e+16	9.47e-01	5.31e-02	1.62e-06	0.00e+00	0.00e+00	0.00e+00	0.00e+00	0.00e+00	0.00e+00	7.25e-01	1.48e-01	7.42e-02
 2.27680e+16	9.49e-01	5.10e-02	1.46e-06	0.00e+00	0.00e+00	0.00e+00	0.00e+00	0.00e+00	0.00e+00	7.27e-01	1.48e-01	7.41e-02
 2.27715e+16	9.51e-01	4.89e-02	1.31e-06	0.00e+00	0.00e+00	0.00e+00	0.00e+00	0.00e+00	0.00e+00	7.29e-01	1.48e-01	7.41e-02
 2.27749e+16	9.53e-01	4.70e-02	1.19e-06	0.00e+00	0.00e+00	0.00e+00	0.00e+00	0.00e+00	0.00e+00	7.31e-01	1.48e-01	7.40e-02
 2.27782e+16	9.55e-01	4.51e-02	1.07e-06	0.00e+00	0.00e+00	0.00e+00	0.00e+00	0.00e+00	0.00e+00	7.33e-01	1.48e-01	7.40e-02
 2.27816e+16	9.57e-01	4.34e-02	9.66e-07	0.00e+00	0.00e+00	0.00e+00	0.00e+00	0.00e+00	0.00e+00	7.34e-01	1.48e-01	7.40e-02
 2.27850e+16	9.58e-01	4.16e-02	8.70e-07	0.00e+00	0.00e+00	0.00e+00	0.00e+00	0.00e+00	0.00e+00	7.36e-01	1.48e-01	7.39e-02
 2.27883e+16	9.60e-01	4.00e-02	7.85e-07	0.00e+00	0.00e+00	0.00e+00	0.00e+00	0.00e+00	0.00e+00	7.38e-01	1.49e-01	7.39e-02
 2.27916e+16	9.62e-01	3.84e-02	7.08e-07	0.00e+00	0.00e+00	0.00e+00	0.00e+00	0.00e+00	0.00e+00	7.39e-01	1.49e-01	7.39e-02
 2.27950e+16	9.63e-01	3.69e-02	6.37e-07	0.00e+00	0.00e+00	0.00e+00	0.00e+00	0.00e+00	0.00e+00	7.40e-01	1.49e-01	7.39e-02
 2.27982e+16	9.65e-01	3.55e-02	5.75e-07	0.00e+00	0.00e+00	0.00e+00	0.00e+00	0.00e+00	0.00e+00	7.41e-01	1.49e-01	7.39e-02
 2.28014e+16	9.66e-01	3.41e-02	5.19e-07	0.00e+00	0.00e+00	0.00e+00	0.00e+00	0.00e+00	0.00e+00	7.43e-01	1.49e-01	7.38e-02
 2.28046e+16	9.67e-01	3.28e-02	4.68e-07	0.00e+00	0.00e+00	0.00e+00	0.00e+00	0.00e+00	0.00e+00	7.44e-01	1.50e-01	7.38e-02
 2.28079e+16	9.68e-01	3.15e-02	4.21e-07	0.00e+00	0.00e+00	0.00e+00	0.00e+00	0.00e+00	0.00e+00	7.45e-01	1.50e-01	7.38e-02
 2.28111e+16	9.70e-01	3.03e-02	3.79e-07	0.00e+00	0.00e+00	0.00e+00	0.00e+00	0.00e+00	0.00e+00	7.46e-01	1.50e-01	7.38e-02
 2.28143e+16	9.71e-01	2.91e-02	3.42e-07	0.00e+00	0.00e+00	0.00e+00	0.00e+00	0.00e+00	0.00e+00	7.46e-01	1.51e-01	7.39e-02
 2.28174e+16	9.72e-01	2.80e-02	3.09e-07	0.00e+00	0.00e+00	0.00e+00	0.00e+00	0.00e+00	0.00e+00	7.47e-01	1.51e-01	7.39e-02
 2.28205e+16	9.73e-01	2.69e-02	2.78e-07	0.00e+00	0.00e+00	0.00e+00	0.00e+00	0.00e+00	0.00e+00	7.48e-01	1.51e-01	7.39e-02
 2.28236e+16	9.74e-01	2.59e-02	2.50e-07	0.00e+00	0.00e+00	0.00e+00	0.00e+00	0.00e+00	0.00e+00	7.49e-01	1.52e-01	7.39e-02
 2.28267e+16	9.75e-01	2.49e-02	2.26e-07	0.00e+00	0.00e+00	0.00e+00	0.00e+00	0.00e+00	0.00e+00	7.49e-01	1.52e-01	7.40e-02
 2.28297e+16	9.76e-01	2.39e-02	2.03e-07	0.00e+00	0.00e+00	0.00e+00	0.00e+00	0.00e+00	0.00e+00	7.50e-01	1.52e-01	7.40e-02
 2.28327e+16	9.77e-01	2.30e-02	1.83e-07	0.00e+00	0.00e+00	0.00e+00	0.00e+00	0.00e+00	0.00e+00	7.50e-01	1.53e-01	7.41e-02
 2.28357e+16	9.78e-01	2.21e-02	1.65e-07	0.00e+00	0.00e+00	0.00e+00	0.00e+00	0.00e+00	0.00e+00	7.50e-01	1.53e-01	7.41e-02
 2.28386e+16	9.79e-01	2.12e-02	1.49e-07	0.00e+00	0.00e+00	0.00e+00	0.00e+00	0.00e+00	0.00e+00	7.51e-01	1.54e-01	7.42e-02
 2.28415e+16	9.80e-01	2.04e-02	1.34e-07	0.00e+00	0.00e+00	0.00e+00	0.00e+00	0.00e+00	0.00e+00	7.51e-01	1.54e-01	7.42e-02
 2.28443e+16	9.80e-01	1.96e-02	1.21e-07	0.00e+00	0.00e+00	0.00e+00	0.00e+00	0.00e+00	0.00e+00	7.51e-01	1.55e-01	7.43e-02
 2.28471e+16	9.81e-01	1.88e-02	1.09e-07	0.00e+00	0.00e+00	0.00e+00	0.00e+00	0.00e+00	0.00e+00	7.51e-01	1.56e-01	7.44e-02
 2.28498e+16	9.82e-01	1.81e-02	9.81e-08	0.00e+00	0.00e+00	0.00e+00	0.00e+00	0.00e+00	0.00e+00	7.51e-01	1.56e-01	7.45e-02
 2.28525e+16	9.83e-01	1.74e-02	8.83e-08	0.00e+00	0.00e+00	0.00e+00	0.00e+00	0.00e+00	0.00e+00	7.51e-01	1.57e-01	7.46e-02
 2.28552e+16	9.83e-01	1.67e-02	7.96e-08	0.00e+00	0.00e+00	0.00e+00	0.00e+00	0.00e+00	0.00e+00	7.51e-01	1.58e-01	7.47e-02
 2.28577e+16	9.84e-01	1.60e-02	7.18e-08	0.00e+00	0.00e+00	0.00e+00	0.00e+00	0.00e+00	0.00e+00	7.51e-01	1.58e-01	7.48e-02
 2.28602e+16	9.85e-01	1.54e-02	6.48e-08	0.00e+00	0.00e+00	0.00e+00	0.00e+00	0.00e+00	0.00e+00	7.50e-01	1.59e-01	7.49e-02
 2.28626e+16	9.85e-01	1.48e-02	5.85e-08	0.00e+00	0.00e+00	0.00e+00	0.00e+00	0.00e+00	0.00e+00	7.50e-01	1.60e-01	7.51e-02
 2.28650e+16	9.86e-01	1.42e-02	5.28e-08	0.00e+00	0.00e+00	0.00e+00	0.00e+00	0.00e+00	0.00e+00	7.50e-01	1.61e-01	7.52e-02
 2.28672e+16	9.86e-01	1.36e-02	4.77e-08	0.00e+00	0.00e+00	0.00e+00	0.00e+00	0.00e+00	0.00e+00	7.49e-01	1.62e-01	7.53e-02
 2.28693e+16	9.87e-01	1.30e-02	4.33e-08	0.00e+00	0.00e+00	0.00e+00	0.00e+00	0.00e+00	0.00e+00	7.49e-01	1.63e-01	7.55e-02
 2.28713e+16	9.87e-01	1.25e-02	3.94e-08	0.00e+00	0.00e+00	0.00e+00	0.00e+00	0.00e+00	0.00e+00	7.48e-01	1.64e-01	7.57e-02
 2.28732e+16	9.88e-01	1.21e-02	3.59e-08	0.00e+00	0.00e+00	0.00e+00	0.00e+00	0.00e+00	0.00e+00	7.47e-01	1.65e-01	7.58e-02
 2.28750e+16	9.88e-01	1.16e-02	3.28e-08	0.00e+00	0.00e+00	0.00e+00	0.00e+00	0.00e+00	0.00e+00	7.47e-01	1.66e-01	7.60e-02
 2.28767e+16	9.89e-01	1.12e-02	2.99e-08	0.00e+00	0.00e+00	0.00e+00	0.00e+00	0.00e+00	0.00e+00	7.46e-01	1.67e-01	7.62e-02
 2.28784e+16	9.89e-01	1.07e-02	2.73e-08	0.00e+00	0.00e+00	0.00e+00	0.00e+00	0.00e+00	0.00e+00	7.45e-01	1.68e-01	7.64e-02
 2.28800e+16	9.90e-01	1.03e-02	2.49e-08	0.00e+00	0.00e+00	0.00e+00	0.00e+00	0.00e+00	0.00e+00	7.44e-01	1.69e-01	7.66e-02
 2.28815e+16	9.90e-01	9.90e-03	2.27e-08	0.00e+00	0.00e+00	0.00e+00	0.00e+00	0.00e+00	0.00e+00	7.43e-01	1.71e-01	7.68e-02
 2.28829e+16	9.91e-01	9.50e-03	2.07e-08	0.00e+00	0.00e+00	0.00e+00	0.00e+00	0.00e+00	0.00e+00	7.41e-01	1.72e-01	7.71e-02
 2.28843e+16	9.91e-01	9.10e-03	1.89e-08	0.00e+00	0.00e+00	0.00e+00	0.00e+00	0.00e+00	0.00e+00	7.40e-01	1.74e-01	7.73e-02
 2.28857e+16	9.91e-01	8.71e-03	1.71e-08	0.00e+00	0.00e+00	0.00e+00	0.00e+00	0.00e+00	0.00e+00	7.39e-01	1.75e-01	7.75e-02
 2.28871e+16	9.92e-01	8.31e-03	1.55e-08	0.00e+00	0.00e+00	0.00e+00	0.00e+00	0.00e+00	0.00e+00	7.37e-01	1.77e-01	7.78e-02
 2.28883e+16	9.92e-01	7.93e-03	1.40e-08	0.00e+00	0.00e+00	0.00e+00	0.00e+00	0.00e+00	0.00e+00	7.35e-01	1.79e-01	7.81e-02
 2.28895e+16	9.92e-01	7.58e-03	1.27e-08	0.00e+00	0.00e+00	0.00e+00	0.00e+00	0.00e+00	0.00e+00	7.34e-01	1.81e-01	7.84e-02
