#depth	He	He+	He+2
 2.33742e+11	2.09e-03	9.98e-01	3.99e-04
 1.40245e+12	2.09e-03	9.98e-01	3.99e-04
 6.07729e+12	2.09e-03	9.98e-01	3.95e-04
 2.47766e+13	2.10e-03	9.98e-01	3.80e-04
 5.91834e+13	2.10e-03	9.98e-01	3.66e-04
 1.03912e+14	2.12e-03	9.98e-01	3.40e-04
 1.62060e+14	2.13e-03	9.98e-01	3.02e-04
 2.37652e+14	2.14e-03	9.98e-01	2.54e-04
 3.35921e+14	2.17e-03	9.98e-01	1.98e-04
 4.63671e+14	2.19e-03	9.98e-01	1.41e-04
 6.29746e+14	2.22e-03	9.98e-01	8.86e-05
 8.45644e+14	2.27e-03	9.98e-01	4.80e-05
 1.12631e+15	2.32e-03	9.98e-01	2.16e-05
 1.49118e+15	2.40e-03	9.98e-01	7.73e-06
 1.96550e+15	2.50e-03	9.98e-01	2.09e-06
 2.58213e+15	2.63e-03	9.97e-01	4.07e-07
 3.38374e+15	2.82e-03	9.97e-01	5.44e-08
 4.42584e+15	3.08e-03	9.97e-01	5.04e-09
 5.45603e+15	3.34e-03	9.97e-01	5.56e-10
 6.23980e+15	3.58e-03	9.96e-01	1.46e-10
 6.90973e+15	3.99e-03	9.96e-01	5.73e-11
 7.42867e+15	4.22e-03	9.96e-01	3.39e-11
 7.86933e+15	4.43e-03	9.96e-01	2.47e-11
 8.44220e+15	4.72e-03	9.95e-01	1.93e-11
 9.18692e+15	5.12e-03	9.95e-01	1.68e-11
 9.93233e+15	5.58e-03	9.94e-01	1.59e-11
 1.04952e+16	5.98e-03	9.94e-01	1.57e-11
 1.09594e+16	6.35e-03	9.94e-01	1.57e-11
 1.14787e+16	6.77e-03	9.93e-01	1.58e-11
 1.21537e+16	7.37e-03	9.93e-01	1.59e-11
 1.28386e+16	8.08e-03	9.92e-01	1.64e-11
 1.33618e+16	8.71e-03	9.91e-01	1.65e-11
 1.37869e+16	9.27e-03	9.91e-01	1.72e-11
 1.42592e+16	9.90e-03	9.90e-01	1.76e-11
 1.48579e+16	1.08e-02	9.89e-01	1.84e-11
 1.54790e+16	1.18e-02	9.88e-01	1.93e-11
 1.59952e+16	1.29e-02	9.87e-01	1.99e-11
 1.64275e+16	1.39e-02	9.86e-01	2.09e-11
 1.68947e+16	1.50e-02	9.85e-01	2.18e-11
 1.74328e+16	1.65e-02	9.83e-01	2.27e-11
 1.79420e+16	1.83e-02	9.82e-01	2.44e-11
 1.83651e+16	2.01e-02	9.80e-01	2.53e-11
 1.87342e+16	2.19e-02	9.78e-01	2.67e-11
 1.91454e+16	2.43e-02	9.76e-01	2.85e-11
 1.96004e+16	2.76e-02	9.72e-01	3.03e-11
 1.99996e+16	3.16e-02	9.68e-01	3.22e-11
 2.03249e+16	3.57e-02	9.64e-01	3.47e-11
 2.06151e+16	4.06e-02	9.59e-01	3.63e-11
 2.08948e+16	4.65e-02	9.54e-01	4.03e-11
 2.11623e+16	5.41e-02	9.46e-01	4.44e-11
 2.14007e+16	6.34e-02	9.37e-01	5.04e-11
 2.15700e+16	7.25e-02	9.28e-01	5.65e-11
 2.16698e+16	7.93e-02	9.21e-01	6.09e-11
 2.17609e+16	8.66e-02	9.13e-01	6.60e-11
 2.18793e+16	9.80e-02	9.02e-01	7.44e-11
 2.19929e+16	1.12e-01	8.88e-01	8.68e-11
 2.20681e+16	1.25e-01	8.75e-01	9.72e-11
 2.21192e+16	1.35e-01	8.65e-01	1.08e-10
 2.21707e+16	1.48e-01	8.52e-01	1.19e-10
 2.22278e+16	1.64e-01	8.36e-01	1.37e-10
 2.22776e+16	1.81e-01	8.19e-01	1.58e-10
 2.23168e+16	1.97e-01	8.03e-01	1.80e-10
 2.23498e+16	2.13e-01	7.87e-01	2.03e-10
 2.23809e+16	2.31e-01	7.69e-01	2.30e-10
 2.24110e+16	2.50e-01	7.50e-01	2.64e-10
 2.24389e+16	2.71e-01	7.29e-01	3.04e-10
 2.24628e+16	2.92e-01	7.08e-01	3.47e-10
 2.24819e+16	3.10e-01	6.90e-01	3.89e-10
 2.24972e+16	3.27e-01	6.73e-01	4.28e-10
 2.25103e+16	3.42e-01	6.58e-01	4.67e-10
 2.25224e+16	3.56e-01	6.44e-01	5.07e-10
 2.25336e+16	3.71e-01	6.29e-01	5.49e-10
 2.25439e+16	3.85e-01	6.15e-01	5.91e-10
 2.25532e+16	3.98e-01	6.02e-01	6.33e-10
 2.25603e+16	4.08e-01	5.92e-01	6.67e-10
 2.25652e+16	4.15e-01	5.85e-01	6.93e-10
 2.25698e+16	4.23e-01	5.77e-01	7.16e-10
 2.25749e+16	4.31e-01	5.69e-01	7.45e-10
 2.25804e+16	4.40e-01	5.60e-01	7.77e-10
 2.25857e+16	4.49e-01	5.51e-01	8.09e-10
 2.25907e+16	4.57e-01	5.43e-01	8.41e-10
 2.25955e+16	4.66e-01	5.34e-01	8.73e-10
 2.26003e+16	4.74e-01	5.26e-01	9.06e-10
 2.26051e+16	4.83e-01	5.17e-01	9.40e-10
 2.26099e+16	4.92e-01	5.08e-01	9.75e-10
 2.26145e+16	5.01e-01	4.99e-01	1.01e-09
 2.26191e+16	5.10e-01	4.90e-01	1.05e-09
 2.26237e+16	5.18e-01	4.82e-01	1.08e-09
 2.26282e+16	5.27e-01	4.73e-01	1.12e-09
 2.26326e+16	5.36e-01	4.64e-01	1.16e-09
 2.26370e+16	5.45e-01	4.55e-01	1.19e-09
 2.26414e+16	5.54e-01	4.46e-01	1.23e-09
 2.26457e+16	5.63e-01	4.37e-01	1.27e-09
 2.26500e+16	5.73e-01	4.27e-01	1.31e-09
 2.26542e+16	5.82e-01	4.18e-01	1.34e-09
 2.26584e+16	5.91e-01	4.09e-01	1.38e-09
 2.26626e+16	6.00e-01	4.00e-01	1.42e-09
 2.26668e+16	6.09e-01	3.91e-01	1.46e-09
 2.26710e+16	6.19e-01	3.81e-01	1.49e-09
 2.26751e+16	6.28e-01	3.72e-01	1.53e-09
 2.26792e+16	6.37e-01	3.63e-01	1.57e-09
 2.26833e+16	6.46e-01	3.54e-01	1.60e-09
 2.26873e+16	6.56e-01	3.44e-01	1.63e-09
 2.26913e+16	6.65e-01	3.35e-01	1.67e-09
 2.26953e+16	6.74e-01	3.26e-01	1.70e-09
 2.26992e+16	6.83e-01	3.17e-01	1.73e-09
 2.27031e+16	6.92e-01	3.08e-01	1.76e-09
 2.27070e+16	7.01e-01	2.99e-01	1.78e-09
 2.27107e+16	7.10e-01	2.90e-01	1.81e-09
 2.27144e+16	7.18e-01	2.82e-01	1.83e-09
 2.27182e+16	7.27e-01	2.73e-01	1.86e-09
 2.27219e+16	7.35e-01	2.65e-01	1.88e-09
 2.27256e+16	7.43e-01	2.57e-01	1.90e-09
 2.27293e+16	7.52e-01	2.48e-01	1.91e-09
 2.27329e+16	7.60e-01	2.40e-01	1.93e-09
 2.27365e+16	7.68e-01	2.32e-01	1.94e-09
 2.27401e+16	7.75e-01	2.25e-01	1.95e-09
 2.27436e+16	7.83e-01	2.17e-01	1.96e-09
 2.27472e+16	7.91e-01	2.09e-01	1.97e-09
 2.27507e+16	7.98e-01	2.02e-01	1.98e-09
 2.27542e+16	8.05e-01	1.95e-01	1.98e-09
 2.27577e+16	8.12e-01	1.88e-01	1.99e-09
 2.27612e+16	8.19e-01	1.81e-01	1.99e-09
 2.27646e+16	8.26e-01	1.74e-01	1.99e-09
 2.27680e+16	8.33e-01	1.67e-01	1.99e-09
 2.27715e+16	8.39e-01	1.61e-01	1.98e-09
 2.27749e+16	8.45e-01	1.55e-01	1.98e-09
 2.27782e+16	8.51e-01	1.49e-01	1.97e-09
 2.27816e+16	8.57e-01	1.43e-01	1.96e-09
 2.27850e+16	8.63e-01	1.37e-01	1.95e-09
 2.27883e+16	8.69e-01	1.31e-01	1.94e-09
 2.27916e+16	8.74e-01	1.26e-01	1.92e-09
 2.27950e+16	8.80e-01	1.20e-01	1.91e-09
 2.27982e+16	8.85e-01	1.15e-01	1.89e-09
 2.28014e+16	8.90e-01	1.10e-01	1.87e-09
 2.28046e+16	8.94e-01	1.06e-01	1.85e-09
 2.28079e+16	8.99e-01	1.01e-01	1.83e-09
 2.28111e+16	9.03e-01	9.65e-02	1.81e-09
 2.28143e+16	9.08e-01	9.23e-02	1.79e-09
 2.28174e+16	9.12e-01	8.81e-02	1.77e-09
 2.28205e+16	9.16e-01	8.41e-02	1.74e-09
 2.28236e+16	9.20e-01	8.03e-02	1.71e-09
 2.28267e+16	9.23e-01	7.66e-02	1.69e-09
 2.28297e+16	9.27e-01	7.30e-02	1.66e-09
 2.28327e+16	9.30e-01	6.96e-02	1.63e-09
 2.28357e+16	9.34e-01	6.64e-02	1.60e-09
 2.28386e+16	9.37e-01	6.33e-02	1.57e-09
 2.28415e+16	9.40e-01	6.03e-02	1.54e-09
 2.28443e+16	9.43e-01	5.74e-02	1.51e-09
 2.28471e+16	9.45e-01	5.47e-02	1.48e-09
 2.28498e+16	9.48e-01	5.22e-02	1.44e-09
 2.28525e+16	9.50e-01	4.97e-02	1.41e-09
 2.28552e+16	9.53e-01	4.73e-02	1.38e-09
 2.28577e+16	9.55e-01	4.51e-02	1.35e-09
 2.28602e+16	9.57e-01	4.30e-02	1.31e-09
 2.28626e+16	9.59e-01	4.10e-02	1.28e-09
 2.28650e+16	9.61e-01	3.91e-02	1.25e-09
 2.28672e+16	9.63e-01	3.73e-02	1.21e-09
 2.28693e+16	9.64e-01	3.56e-02	1.18e-09
 2.28713e+16	9.66e-01	3.41e-02	1.15e-09
 2.28732e+16	9.67e-01	3.27e-02	1.12e-09
 2.28750e+16	9.69e-01	3.13e-02	1.08e-09
 2.28767e+16	9.70e-01	3.00e-02	1.05e-09
 2.28784e+16	9.71e-01	2.88e-02	1.02e-09
 2.28800e+16	9.72e-01	2.76e-02	9.89e-10
 2.28815e+16	9.74e-01	2.65e-02	9.57e-10
 2.28829e+16	9.75e-01	2.54e-02	9.24e-10
 2.28843e+16	9.76e-01	2.43e-02	8.91e-10
 2.28857e+16	9.77e-01	2.33e-02	8.56e-10
 2.28871e+16	9.78e-01	2.23e-02	8.22e-10
 2.28883e+16	9.79e-01	2.13e-02	7.87e-10
 2.28895e+16	9.80e-01	2.04e-02	7.52e-10
