#depth	H	H+	H2
 2.33742e+11	1.43e-03	9.99e-01	1.39e-13
 1.40245e+12	1.43e-03	9.99e-01	1.39e-13
 6.07729e+12	1.43e-03	9.99e-01	1.40e-13
 2.47766e+13	1.43e-03	9.99e-01	1.40e-13
 5.91834e+13	1.42e-03	9.99e-01	1.41e-13
 1.03912e+14	1.42e-03	9.99e-01	1.42e-13
 1.62060e+14	1.41e-03	9.99e-01	1.44e-13
 2.37652e+14	1.41e-03	9.99e-01	1.46e-13
 3.35921e+14	1.40e-03	9.99e-01	1.48e-13
 4.63671e+14	1.40e-03	9.99e-01	1.52e-13
 6.29746e+14	1.40e-03	9.99e-01	1.56e-13
 8.45644e+14	1.40e-03	9.99e-01	1.61e-13
 1.12631e+15	1.41e-03	9.99e-01	1.67e-13
 1.49118e+15	1.42e-03	9.99e-01	1.75e-13
 1.96550e+15	1.44e-03	9.99e-01	1.84e-13
 2.58213e+15	1.47e-03	9.99e-01	1.95e-13
 3.38374e+15	1.53e-03	9.98e-01	2.07e-13
 4.42584e+15	1.62e-03	9.98e-01	2.19e-13
 5.45603e+15	1.71e-03	9.98e-01	2.31e-13
 6.23980e+15	1.80e-03	9.98e-01	2.39e-13
 6.90973e+15	1.98e-03	9.98e-01	2.58e-13
 7.42867e+15	2.08e-03	9.98e-01	2.68e-13
 7.86933e+15	2.17e-03	9.98e-01	2.73e-13
 8.44220e+15	2.30e-03	9.98e-01	2.80e-13
 9.18692e+15	2.48e-03	9.98e-01	2.87e-13
 9.93233e+15	2.70e-03	9.97e-01	3.03e-13
 1.04952e+16	2.90e-03	9.97e-01	3.19e-13
 1.09594e+16	3.08e-03	9.97e-01	3.30e-13
 1.14787e+16	3.29e-03	9.97e-01	3.41e-13
 1.21537e+16	3.58e-03	9.96e-01	3.56e-13
 1.28386e+16	3.96e-03	9.96e-01	3.81e-13
 1.33618e+16	4.31e-03	9.96e-01	4.06e-13
 1.37869e+16	4.62e-03	9.95e-01	4.25e-13
 1.42592e+16	4.96e-03	9.95e-01	4.42e-13
 1.48579e+16	5.45e-03	9.95e-01	4.65e-13
 1.54790e+16	6.09e-03	9.94e-01	5.01e-13
 1.59952e+16	6.75e-03	9.93e-01	5.39e-13
 1.64275e+16	7.37e-03	9.93e-01	5.73e-13
 1.68947e+16	8.07e-03	9.92e-01	6.04e-13
 1.74328e+16	9.06e-03	9.91e-01	6.50e-13
 1.79420e+16	1.03e-02	9.90e-01	7.15e-13
 1.83651e+16	1.16e-02	9.88e-01	7.84e-13
 1.87342e+16	1.29e-02	9.87e-01	8.54e-13
 1.91454e+16	1.46e-02	9.85e-01	9.35e-13
 1.96004e+16	1.71e-02	9.83e-01	1.07e-12
 1.99996e+16	2.02e-02	9.80e-01	1.25e-12
 2.03249e+16	2.36e-02	9.76e-01	1.45e-12
 2.06151e+16	2.77e-02	9.72e-01	1.69e-12
 2.08948e+16	3.27e-02	9.67e-01	2.00e-12
 2.11623e+16	3.96e-02	9.60e-01	2.43e-12
 2.14007e+16	4.85e-02	9.52e-01	3.01e-12
 2.15700e+16	5.78e-02	9.42e-01	3.66e-12
 2.16698e+16	6.49e-02	9.35e-01	4.18e-12
 2.17609e+16	7.27e-02	9.27e-01	4.75e-12
 2.18793e+16	8.52e-02	9.15e-01	5.71e-12
 2.19929e+16	1.02e-01	8.98e-01	7.11e-12
 2.20681e+16	1.18e-01	8.82e-01	8.54e-12
 2.21192e+16	1.31e-01	8.69e-01	9.77e-12
 2.21707e+16	1.47e-01	8.53e-01	1.14e-11
 2.22278e+16	1.69e-01	8.31e-01	1.38e-11
 2.22776e+16	1.93e-01	8.07e-01	1.67e-11
 2.23168e+16	2.17e-01	7.83e-01	2.00e-11
 2.23498e+16	2.42e-01	7.58e-01	2.36e-11
 2.23809e+16	2.69e-01	7.31e-01	2.80e-11
 2.24110e+16	3.00e-01	7.00e-01	3.38e-11
 2.24389e+16	3.34e-01	6.66e-01	4.11e-11
 2.24628e+16	3.69e-01	6.31e-01	4.95e-11
 2.24819e+16	3.99e-01	6.01e-01	5.82e-11
 2.24972e+16	4.26e-01	5.74e-01	6.69e-11
 2.25103e+16	4.51e-01	5.49e-01	7.59e-11
 2.25224e+16	4.75e-01	5.25e-01	8.57e-11
 2.25336e+16	4.99e-01	5.01e-01	9.64e-11
 2.25439e+16	5.21e-01	4.79e-01	1.08e-10
 2.25532e+16	5.42e-01	4.58e-01	1.20e-10
 2.25603e+16	5.59e-01	4.41e-01	1.30e-10
 2.25652e+16	5.70e-01	4.30e-01	1.37e-10
 2.25698e+16	5.81e-01	4.19e-01	1.45e-10
 2.25749e+16	5.93e-01	4.07e-01	1.55e-10
 2.25804e+16	6.06e-01	3.94e-01	1.66e-10
 2.25857e+16	6.19e-01	3.81e-01	1.77e-10
 2.25907e+16	6.31e-01	3.69e-01	1.89e-10
 2.25955e+16	6.43e-01	3.57e-01	2.01e-10
 2.26003e+16	6.55e-01	3.45e-01	2.14e-10
 2.26051e+16	6.67e-01	3.33e-01	2.28e-10
 2.26099e+16	6.78e-01	3.22e-01	2.43e-10
 2.26145e+16	6.89e-01	3.11e-01	2.59e-10
 2.26191e+16	7.00e-01	3.00e-01	2.76e-10
 2.26237e+16	7.11e-01	2.89e-01	2.94e-10
 2.26282e+16	7.22e-01	2.78e-01	3.13e-10
 2.26326e+16	7.32e-01	2.68e-01	3.34e-10
 2.26370e+16	7.42e-01	2.58e-01	3.55e-10
 2.26414e+16	7.52e-01	2.48e-01	3.78e-10
 2.26457e+16	7.61e-01	2.39e-01	4.03e-10
 2.26500e+16	7.71e-01	2.29e-01	4.29e-10
 2.26542e+16	7.80e-01	2.20e-01	4.56e-10
 2.26584e+16	7.88e-01	2.12e-01	4.86e-10
 2.26626e+16	7.97e-01	2.03e-01	5.17e-10
 2.26668e+16	8.05e-01	1.95e-01	5.51e-10
 2.26710e+16	8.13e-01	1.87e-01	5.86e-10
 2.26751e+16	8.21e-01	1.79e-01	6.25e-10
 2.26792e+16	8.28e-01	1.72e-01	6.65e-10
 2.26833e+16	8.35e-01	1.65e-01	7.08e-10
 2.26873e+16	8.42e-01	1.58e-01	7.54e-10
 2.26913e+16	8.49e-01	1.51e-01	8.03e-10
 2.26953e+16	8.55e-01	1.45e-01	8.54e-10
 2.26992e+16	8.61e-01	1.39e-01	9.09e-10
 2.27031e+16	8.67e-01	1.33e-01	9.67e-10
 2.27070e+16	8.73e-01	1.27e-01	1.03e-09
 2.27107e+16	8.78e-01	1.22e-01	1.09e-09
 2.27144e+16	8.83e-01	1.17e-01	1.16e-09
 2.27182e+16	8.88e-01	1.12e-01	1.23e-09
 2.27219e+16	8.92e-01	1.08e-01	1.31e-09
 2.27256e+16	8.97e-01	1.03e-01	1.39e-09
 2.27293e+16	9.01e-01	9.91e-02	1.48e-09
 2.27329e+16	9.05e-01	9.51e-02	1.57e-09
 2.27365e+16	9.09e-01	9.13e-02	1.66e-09
 2.27401e+16	9.12e-01	8.76e-02	1.77e-09
 2.27436e+16	9.16e-01	8.40e-02	1.88e-09
 2.27472e+16	9.19e-01	8.07e-02	1.99e-09
 2.27507e+16	9.23e-01	7.75e-02	2.11e-09
 2.27542e+16	9.26e-01	7.44e-02	2.24e-09
 2.27577e+16	9.29e-01	7.14e-02	2.38e-09
 2.27612e+16	9.31e-01	6.86e-02	2.53e-09
 2.27646e+16	9.34e-01	6.59e-02	2.69e-09
 2.27680e+16	9.37e-01	6.33e-02	2.85e-09
 2.27715e+16	9.39e-01	6.08e-02	3.03e-09
 2.27749e+16	9.42e-01	5.84e-02	3.22e-09
 2.27782e+16	9.44e-01	5.61e-02	3.42e-09
 2.27816e+16	9.46e-01	5.40e-02	3.63e-09
 2.27850e+16	9.48e-01	5.19e-02	3.86e-09
 2.27883e+16	9.50e-01	4.99e-02	4.11e-09
 2.27916e+16	9.52e-01	4.79e-02	4.37e-09
 2.27950e+16	9.54e-01	4.61e-02	4.65e-09
 2.27982e+16	9.56e-01	4.43e-02	4.95e-09
 2.28014e+16	9.57e-01	4.26e-02	5.26e-09
 2.28046e+16	9.59e-01	4.10e-02	5.61e-09
 2.28079e+16	9.61e-01	3.94e-02	6.00e-09
 2.28111e+16	9.62e-01	3.79e-02	6.40e-09
 2.28143e+16	9.64e-01	3.65e-02	6.84e-09
 2.28174e+16	9.65e-01	3.51e-02	7.30e-09
 2.28205e+16	9.66e-01	3.37e-02	7.81e-09
 2.28236e+16	9.68e-01	3.24e-02	8.38e-09
 2.28267e+16	9.69e-01	3.12e-02	8.98e-09
 2.28297e+16	9.70e-01	3.00e-02	9.65e-09
 2.28327e+16	9.71e-01	2.89e-02	1.04e-08
 2.28357e+16	9.72e-01	2.78e-02	1.12e-08
 2.28386e+16	9.73e-01	2.67e-02	1.21e-08
 2.28415e+16	9.74e-01	2.57e-02	1.31e-08
 2.28443e+16	9.75e-01	2.47e-02	1.41e-08
 2.28471e+16	9.76e-01	2.37e-02	1.54e-08
 2.28498e+16	9.77e-01	2.28e-02	1.67e-08
 2.28525e+16	9.78e-01	2.19e-02	1.82e-08
 2.28552e+16	9.79e-01	2.11e-02	1.99e-08
 2.28577e+16	9.80e-01	2.03e-02	2.17e-08
 2.28602e+16	9.81e-01	1.95e-02	2.38e-08
 2.28626e+16	9.81e-01	1.87e-02	2.62e-08
 2.28650e+16	9.82e-01	1.79e-02	2.88e-08
 2.28672e+16	9.83e-01	1.72e-02	3.19e-08
 2.28693e+16	9.83e-01	1.66e-02	3.50e-08
 2.28713e+16	9.84e-01	1.59e-02	3.85e-08
 2.28732e+16	9.85e-01	1.53e-02	4.22e-08
 2.28750e+16	9.85e-01	1.48e-02	4.64e-08
 2.28767e+16	9.86e-01	1.42e-02	5.07e-08
 2.28784e+16	9.86e-01	1.37e-02	5.58e-08
 2.28800e+16	9.87e-01	1.32e-02	6.10e-08
 2.28815e+16	9.87e-01	1.27e-02	6.67e-08
 2.28829e+16	9.88e-01	1.22e-02	7.26e-08
 2.28843e+16	9.88e-01	1.17e-02	7.91e-08
 2.28857e+16	9.89e-01	1.12e-02	8.60e-08
 2.28871e+16	9.89e-01	1.07e-02	9.30e-08
 2.28883e+16	9.90e-01	1.02e-02	9.98e-08
 2.28895e+16	9.90e-01	9.77e-03	1.06e-07
