#depth	O	O+	O+2	O+3	O+4	O+5	O+6	O+7	O+8	O[1]	O[2]	O[3]
 1.90248e+11	3.78e-05	2.90e-02	9.31e-01	4.02e-02	1.54e-06	0.00e+00	0.00e+00	0.00e+00	0.00e+00	3.11e-05	4.42e-06	2.34e-06
 1.14149e+12	3.79e-05	2.91e-02	9.31e-01	4.00e-02	1.52e-06	0.00e+00	0.00e+00	0.00e+00	0.00e+00	3.11e-05	4.44e-06	2.35e-06
 4.94644e+12	3.80e-05	2.92e-02	9.31e-01	3.93e-02	1.48e-06	0.00e+00	0.00e+00	0.00e+00	0.00e+00	3.12e-05	4.46e-06	2.37e-06
 2.01662e+13	3.84e-05	2.94e-02	9.34e-01	3.70e-02	1.33e-06	0.00e+00	0.00e+00	0.00e+00	0.00e+00	3.15e-05	4.51e-06	2.40e-06
 4.81707e+13	3.85e-05	2.96e-02	9.37e-01	3.35e-02	1.12e-06	0.00e+00	0.00e+00	0.00e+00	0.00e+00	3.16e-05	4.54e-06	2.42e-06
 8.45765e+13	3.86e-05	2.99e-02	9.41e-01	2.95e-02	8.99e-07	0.00e+00	0.00e+00	0.00e+00	0.00e+00	3.16e-05	4.57e-06	2.44e-06
 1.31904e+14	3.91e-05	3.04e-02	9.45e-01	2.49e-02	6.72e-07	0.00e+00	0.00e+00	0.00e+00	0.00e+00	3.20e-05	4.64e-06	2.48e-06
 1.93430e+14	3.97e-05	3.10e-02	9.49e-01	1.99e-02	4.59e-07	0.00e+00	0.00e+00	0.00e+00	0.00e+00	3.25e-05	4.74e-06	2.54e-06
 2.73413e+14	4.06e-05	3.17e-02	9.53e-01	1.48e-02	2.78e-07	0.00e+00	0.00e+00	0.00e+00	0.00e+00	3.31e-05	4.86e-06	2.61e-06
 3.77392e+14	4.20e-05	3.29e-02	9.57e-01	1.01e-02	1.44e-07	0.00e+00	0.00e+00	0.00e+00	0.00e+00	3.42e-05	5.03e-06	2.71e-06
 5.12564e+14	4.41e-05	3.45e-02	9.59e-01	6.03e-03	0.00e+00	0.00e+00	0.00e+00	0.00e+00	0.00e+00	3.59e-05	5.32e-06	2.87e-06
 6.88288e+14	4.74e-05	3.69e-02	9.60e-01	3.06e-03	0.00e+00	0.00e+00	0.00e+00	0.00e+00	0.00e+00	3.85e-05	5.74e-06	3.10e-06
 8.78244e+14	5.04e-05	3.96e-02	9.59e-01	1.48e-03	0.00e+00	0.00e+00	0.00e+00	0.00e+00	0.00e+00	4.09e-05	6.13e-06	3.31e-06
 1.05177e+15	5.33e-05	4.24e-02	9.57e-01	7.60e-04	0.00e+00	0.00e+00	0.00e+00	0.00e+00	0.00e+00	4.33e-05	6.50e-06	3.52e-06
 1.24243e+15	5.77e-05	4.59e-02	9.54e-01	3.60e-04	0.00e+00	0.00e+00	0.00e+00	0.00e+00	0.00e+00	4.68e-05	7.05e-06	3.83e-06
 1.43747e+15	6.17e-05	4.98e-02	9.50e-01	1.71e-04	0.00e+00	0.00e+00	0.00e+00	0.00e+00	0.00e+00	5.00e-05	7.55e-06	4.11e-06
 1.60142e+15	6.56e-05	5.35e-02	9.46e-01	9.16e-05	0.00e+00	0.00e+00	0.00e+00	0.00e+00	0.00e+00	5.32e-05	8.07e-06	4.39e-06
 1.77777e+15	7.12e-05	5.79e-02	9.42e-01	4.60e-05	0.00e+00	0.00e+00	0.00e+00	0.00e+00	0.00e+00	5.76e-05	8.79e-06	4.78e-06
 2.00703e+15	7.94e-05	6.45e-02	9.35e-01	1.91e-05	0.00e+00	0.00e+00	0.00e+00	0.00e+00	0.00e+00	6.41e-05	9.85e-06	5.35e-06
 2.30506e+15	9.20e-05	7.45e-02	9.25e-01	6.29e-06	0.00e+00	0.00e+00	0.00e+00	0.00e+00	0.00e+00	7.43e-05	1.15e-05	6.24e-06
 2.59720e+15	1.07e-04	8.72e-02	9.13e-01	2.18e-06	0.00e+00	0.00e+00	0.00e+00	0.00e+00	0.00e+00	8.58e-05	1.35e-05	7.31e-06
 2.83364e+15	1.21e-04	9.98e-02	9.00e-01	9.38e-07	0.00e+00	0.00e+00	0.00e+00	0.00e+00	0.00e+00	9.74e-05	1.54e-05	8.36e-06
 3.09299e+15	1.43e-04	1.17e-01	8.83e-01	3.81e-07	0.00e+00	0.00e+00	0.00e+00	0.00e+00	0.00e+00	1.15e-04	1.83e-05	9.95e-06
 3.37430e+15	1.74e-04	1.41e-01	8.59e-01	1.51e-07	0.00e+00	0.00e+00	0.00e+00	0.00e+00	0.00e+00	1.39e-04	2.25e-05	1.22e-05
 3.61557e+15	2.09e-04	1.69e-01	8.31e-01	0.00e+00	0.00e+00	0.00e+00	0.00e+00	0.00e+00	0.00e+00	1.67e-04	2.73e-05	1.48e-05
 3.81498e+15	2.47e-04	1.98e-01	8.01e-01	0.00e+00	0.00e+00	0.00e+00	0.00e+00	0.00e+00	0.00e+00	1.97e-04	3.25e-05	1.76e-05
 3.99058e+15	2.88e-04	2.31e-01	7.69e-01	0.00e+00	0.00e+00	0.00e+00	0.00e+00	0.00e+00	0.00e+00	2.29e-04	3.82e-05	2.06e-05
 4.18086e+15	3.46e-04	2.74e-01	7.26e-01	0.00e+00	0.00e+00	0.00e+00	0.00e+00	0.00e+00	0.00e+00	2.75e-04	4.64e-05	2.49e-05
 4.38404e+15	5.42e-04	3.58e-01	6.41e-01	0.00e+00	0.00e+00	0.00e+00	0.00e+00	0.00e+00	0.00e+00	4.16e-04	8.44e-05	4.20e-05
 4.51348e+15	6.57e-04	4.35e-01	5.65e-01	0.00e+00	0.00e+00	0.00e+00	0.00e+00	0.00e+00	0.00e+00	5.02e-04	1.03e-04	5.13e-05
 4.57709e+15	7.20e-04	4.74e-01	5.25e-01	0.00e+00	0.00e+00	0.00e+00	0.00e+00	0.00e+00	0.00e+00	5.50e-04	1.14e-04	5.64e-05
 4.64565e+15	7.88e-04	5.18e-01	4.81e-01	0.00e+00	0.00e+00	0.00e+00	0.00e+00	0.00e+00	0.00e+00	6.02e-04	1.25e-04	6.19e-05
 4.73476e+15	8.83e-04	5.78e-01	4.21e-01	0.00e+00	0.00e+00	0.00e+00	0.00e+00	0.00e+00	0.00e+00	6.73e-04	1.41e-04	6.95e-05
 4.85062e+15	1.01e-03	6.59e-01	3.40e-01	0.00e+00	0.00e+00	0.00e+00	0.00e+00	0.00e+00	0.00e+00	7.71e-04	1.62e-04	8.01e-05
 5.00122e+15	1.18e-03	7.61e-01	2.38e-01	0.00e+00	0.00e+00	0.00e+00	0.00e+00	0.00e+00	0.00e+00	8.99e-04	1.91e-04	9.39e-05
 5.17049e+15	1.37e-03	8.59e-01	1.40e-01	0.00e+00	0.00e+00	0.00e+00	0.00e+00	0.00e+00	0.00e+00	1.04e-03	2.23e-04	1.09e-04
 5.32526e+15	1.53e-03	9.22e-01	7.61e-02	0.00e+00	0.00e+00	0.00e+00	0.00e+00	0.00e+00	0.00e+00	1.16e-03	2.49e-04	1.22e-04
 5.45643e+15	1.68e-03	9.56e-01	4.20e-02	0.00e+00	0.00e+00	0.00e+00	0.00e+00	0.00e+00	0.00e+00	1.27e-03	2.75e-04	1.34e-04
 5.57097e+15	1.82e-03	9.74e-01	2.39e-02	0.00e+00	0.00e+00	0.00e+00	0.00e+00	0.00e+00	0.00e+00	1.37e-03	2.99e-04	1.45e-04
 5.66383e+15	1.96e-03	9.84e-01	1.45e-02	0.00e+00	0.00e+00	0.00e+00	0.00e+00	0.00e+00	0.00e+00	1.48e-03	3.23e-04	1.56e-04
 5.73191e+15	2.09e-03	9.88e-01	9.83e-03	0.00e+00	0.00e+00	0.00e+00	0.00e+00	0.00e+00	0.00e+00	1.58e-03	3.46e-04	1.66e-04
 5.78801e+15	2.22e-03	9.91e-01	7.02e-03	0.00e+00	0.00e+00	0.00e+00	0.00e+00	0.00e+00	0.00e+00	1.67e-03	3.67e-04	1.76e-04
 5.84988e+15	2.37e-03	9.93e-01	4.78e-03	0.00e+00	0.00e+00	0.00e+00	0.00e+00	0.00e+00	0.00e+00	1.79e-03	3.92e-04	1.87e-04
 5.91656e+15	2.56e-03	9.94e-01	3.09e-03	0.00e+00	0.00e+00	0.00e+00	0.00e+00	0.00e+00	0.00e+00	1.93e-03	4.24e-04	2.02e-04
 5.97137e+15	2.76e-03	9.95e-01	2.10e-03	0.00e+00	0.00e+00	0.00e+00	0.00e+00	0.00e+00	0.00e+00	2.08e-03	4.57e-04	2.17e-04
 6.01241e+15	2.92e-03	9.96e-01	1.55e-03	0.00e+00	0.00e+00	0.00e+00	0.00e+00	0.00e+00	0.00e+00	2.21e-03	4.86e-04	2.29e-04
 6.04776e+15	3.07e-03	9.96e-01	1.18e-03	0.00e+00	0.00e+00	0.00e+00	0.00e+00	0.00e+00	0.00e+00	2.32e-03	5.11e-04	2.41e-04
 6.08779e+15	3.25e-03	9.96e-01	8.64e-04	0.00e+00	0.00e+00	0.00e+00	0.00e+00	0.00e+00	0.00e+00	2.46e-03	5.41e-04	2.54e-04
 6.13186e+15	3.47e-03	9.96e-01	6.01e-04	0.00e+00	0.00e+00	0.00e+00	0.00e+00	0.00e+00	0.00e+00	2.62e-03	5.78e-04	2.71e-04
 6.16999e+15	3.68e-03	9.96e-01	4.32e-04	0.00e+00	0.00e+00	0.00e+00	0.00e+00	0.00e+00	0.00e+00	2.78e-03	6.14e-04	2.87e-04
 6.20037e+15	3.86e-03	9.96e-01	3.28e-04	0.00e+00	0.00e+00	0.00e+00	0.00e+00	0.00e+00	0.00e+00	2.92e-03	6.44e-04	3.00e-04
 6.23191e+15	4.04e-03	9.96e-01	2.44e-04	0.00e+00	0.00e+00	0.00e+00	0.00e+00	0.00e+00	0.00e+00	3.05e-03	6.75e-04	3.13e-04
 6.26723e+15	4.26e-03	9.96e-01	1.73e-04	0.00e+00	0.00e+00	0.00e+00	0.00e+00	0.00e+00	0.00e+00	3.22e-03	7.12e-04	3.30e-04
 6.29899e+15	4.47e-03	9.95e-01	1.25e-04	0.00e+00	0.00e+00	0.00e+00	0.00e+00	0.00e+00	0.00e+00	3.38e-03	7.47e-04	3.45e-04
 6.32555e+15	4.65e-03	9.95e-01	9.44e-05	0.00e+00	0.00e+00	0.00e+00	0.00e+00	0.00e+00	0.00e+00	3.51e-03	7.79e-04	3.59e-04
 6.35381e+15	4.84e-03	9.95e-01	6.89e-05	0.00e+00	0.00e+00	0.00e+00	0.00e+00	0.00e+00	0.00e+00	3.65e-03	8.11e-04	3.73e-04
 6.39054e+15	5.08e-03	9.95e-01	4.50e-05	0.00e+00	0.00e+00	0.00e+00	0.00e+00	0.00e+00	0.00e+00	3.84e-03	8.52e-04	3.90e-04
 6.42748e+15	5.37e-03	9.95e-01	2.85e-05	0.00e+00	0.00e+00	0.00e+00	0.00e+00	0.00e+00	0.00e+00	4.05e-03	9.03e-04	4.12e-04
 6.45590e+15	5.60e-03	9.94e-01	1.95e-05	0.00e+00	0.00e+00	0.00e+00	0.00e+00	0.00e+00	0.00e+00	4.22e-03	9.44e-04	4.29e-04
 6.48406e+15	5.80e-03	9.94e-01	1.32e-05	0.00e+00	0.00e+00	0.00e+00	0.00e+00	0.00e+00	0.00e+00	4.37e-03	9.79e-04	4.44e-04
 6.52067e+15	6.04e-03	9.94e-01	7.91e-06	0.00e+00	0.00e+00	0.00e+00	0.00e+00	0.00e+00	0.00e+00	4.55e-03	1.02e-03	4.62e-04
 6.56826e+15	6.31e-03	9.94e-01	3.99e-06	0.00e+00	0.00e+00	0.00e+00	0.00e+00	0.00e+00	0.00e+00	4.75e-03	1.07e-03	4.82e-04
 6.63013e+15	6.59e-03	9.93e-01	1.63e-06	0.00e+00	0.00e+00	0.00e+00	0.00e+00	0.00e+00	0.00e+00	4.97e-03	1.12e-03	5.04e-04
 6.71055e+15	6.88e-03	9.93e-01	5.13e-07	0.00e+00	0.00e+00	0.00e+00	0.00e+00	0.00e+00	0.00e+00	5.18e-03	1.17e-03	5.25e-04
 6.81511e+15	7.21e-03	9.93e-01	1.20e-07	0.00e+00	0.00e+00	0.00e+00	0.00e+00	0.00e+00	0.00e+00	5.43e-03	1.23e-03	5.52e-04
 6.95102e+15	7.63e-03	9.92e-01	1.98e-08	0.00e+00	0.00e+00	0.00e+00	0.00e+00	0.00e+00	0.00e+00	5.73e-03	1.31e-03	5.85e-04
 7.12772e+15	8.20e-03	9.92e-01	2.21e-09	0.00e+00	0.00e+00	0.00e+00	0.00e+00	0.00e+00	0.00e+00	6.15e-03	1.42e-03	6.30e-04
 7.33119e+15	8.99e-03	9.91e-01	2.15e-10	0.00e+00	0.00e+00	0.00e+00	0.00e+00	0.00e+00	0.00e+00	6.73e-03	1.57e-03	6.93e-04
 7.51998e+15	9.90e-03	9.90e-01	4.81e-11	0.00e+00	0.00e+00	0.00e+00	0.00e+00	0.00e+00	0.00e+00	7.39e-03	1.74e-03	7.67e-04
 7.67960e+15	1.07e-02	9.89e-01	2.88e-11	0.00e+00	0.00e+00	0.00e+00	0.00e+00	0.00e+00	0.00e+00	7.99e-03	1.90e-03	8.33e-04
 7.82504e+15	1.15e-02	9.89e-01	2.41e-11	0.00e+00	0.00e+00	0.00e+00	0.00e+00	0.00e+00	0.00e+00	8.55e-03	2.04e-03	8.95e-04
 7.96528e+15	1.23e-02	9.88e-01	2.21e-11	0.00e+00	0.00e+00	0.00e+00	0.00e+00	0.00e+00	0.00e+00	9.10e-03	2.19e-03	9.58e-04
 8.10118e+15	1.30e-02	9.87e-01	2.09e-11	0.00e+00	0.00e+00	0.00e+00	0.00e+00	0.00e+00	0.00e+00	9.66e-03	2.34e-03	1.02e-03
 8.23149e+15	1.38e-02	9.86e-01	2.00e-11	0.00e+00	0.00e+00	0.00e+00	0.00e+00	0.00e+00	0.00e+00	1.02e-02	2.49e-03	1.09e-03
 8.35626e+15	1.46e-02	9.85e-01	1.94e-11	0.00e+00	0.00e+00	0.00e+00	0.00e+00	0.00e+00	0.00e+00	1.08e-02	2.64e-03	1.15e-03
 8.47685e+15	1.53e-02	9.85e-01	1.88e-11	0.00e+00	0.00e+00	0.00e+00	0.00e+00	0.00e+00	0.00e+00	1.13e-02	2.79e-03	1.21e-03
 8.59696e+15	1.61e-02	9.84e-01	1.84e-11	0.00e+00	0.00e+00	0.00e+00	0.00e+00	0.00e+00	0.00e+00	1.19e-02	2.93e-03	1.28e-03
 8.71518e+15	1.68e-02	9.83e-01	1.81e-11	0.00e+00	0.00e+00	0.00e+00	0.00e+00	0.00e+00	0.00e+00	1.24e-02	3.08e-03	1.34e-03
 8.82774e+15	1.76e-02	9.82e-01	1.78e-11	0.00e+00	0.00e+00	0.00e+00	0.00e+00	0.00e+00	0.00e+00	1.29e-02	3.23e-03	1.40e-03
 8.93689e+15	1.83e-02	9.82e-01	1.76e-11	0.00e+00	0.00e+00	0.00e+00	0.00e+00	0.00e+00	0.00e+00	1.35e-02	3.37e-03	1.46e-03
 9.04509e+15	1.90e-02	9.81e-01	1.74e-11	0.00e+00	0.00e+00	0.00e+00	0.00e+00	0.00e+00	0.00e+00	1.40e-02	3.50e-03	1.52e-03
 9.15300e+15	1.97e-02	9.80e-01	1.72e-11	0.00e+00	0.00e+00	0.00e+00	0.00e+00	0.00e+00	0.00e+00	1.45e-02	3.64e-03	1.59e-03
 9.26050e+15	2.04e-02	9.80e-01	1.70e-11	0.00e+00	0.00e+00	0.00e+00	0.00e+00	0.00e+00	0.00e+00	1.50e-02	3.79e-03	1.65e-03
 9.36786e+15	2.11e-02	9.79e-01	1.69e-11	0.00e+00	0.00e+00	0.00e+00	0.00e+00	0.00e+00	0.00e+00	1.55e-02	3.90e-03	1.71e-03
 9.47566e+15	2.19e-02	9.78e-01	1.67e-11	0.00e+00	0.00e+00	0.00e+00	0.00e+00	0.00e+00	0.00e+00	1.61e-02	4.01e-03	1.77e-03
 9.58447e+15	2.26e-02	9.77e-01	1.65e-11	0.00e+00	0.00e+00	0.00e+00	0.00e+00	0.00e+00	0.00e+00	1.66e-02	4.13e-03	1.84e-03
 9.69472e+15	2.34e-02	9.77e-01	1.63e-11	0.00e+00	0.00e+00	0.00e+00	0.00e+00	0.00e+00	0.00e+00	1.72e-02	4.25e-03	1.91e-03
 9.80683e+15	2.42e-02	9.76e-01	1.61e-11	0.00e+00	0.00e+00	0.00e+00	0.00e+00	0.00e+00	0.00e+00	1.79e-02	4.37e-03	1.99e-03
 9.92117e+15	2.51e-02	9.75e-01	1.59e-11	0.00e+00	0.00e+00	0.00e+00	0.00e+00	0.00e+00	0.00e+00	1.86e-02	4.51e-03	2.06e-03
 1.00381e+16	2.61e-02	9.74e-01	1.56e-11	0.00e+00	0.00e+00	0.00e+00	0.00e+00	0.00e+00	0.00e+00	1.93e-02	4.65e-03	2.15e-03
 1.01581e+16	2.72e-02	9.73e-01	1.53e-11	0.00e+00	0.00e+00	0.00e+00	0.00e+00	0.00e+00	0.00e+00	2.01e-02	4.81e-03	2.24e-03
 1.02811e+16	2.83e-02	9.72e-01	1.50e-11	0.00e+00	0.00e+00	0.00e+00	0.00e+00	0.00e+00	0.00e+00	2.10e-02	4.98e-03	2.34e-03
 1.04076e+16	2.96e-02	9.70e-01	1.47e-11	0.00e+00	0.00e+00	0.00e+00	0.00e+00	0.00e+00	0.00e+00	2.19e-02	5.17e-03	2.45e-03
 1.05376e+16	3.09e-02	9.69e-01	1.44e-11	0.00e+00	0.00e+00	0.00e+00	0.00e+00	0.00e+00	0.00e+00	2.30e-02	5.38e-03	2.57e-03
 1.06713e+16	3.25e-02	9.68e-01	1.40e-11	0.00e+00	0.00e+00	0.00e+00	0.00e+00	0.00e+00	0.00e+00	2.42e-02	5.61e-03	2.71e-03
 1.08084e+16	3.42e-02	9.66e-01	1.36e-11	0.00e+00	0.00e+00	0.00e+00	0.00e+00	0.00e+00	0.00e+00	2.55e-02	5.87e-03	2.86e-03
 1.09488e+16	3.61e-02	9.64e-01	1.32e-11	0.00e+00	0.00e+00	0.00e+00	0.00e+00	0.00e+00	0.00e+00	2.69e-02	6.15e-03	3.02e-03
 1.10922e+16	3.82e-02	9.62e-01	1.28e-11	0.00e+00	0.00e+00	0.00e+00	0.00e+00	0.00e+00	0.00e+00	2.85e-02	6.47e-03	3.20e-03
 1.12384e+16	4.05e-02	9.59e-01	1.23e-11	0.00e+00	0.00e+00	0.00e+00	0.00e+00	0.00e+00	0.00e+00	3.03e-02	6.82e-03	3.41e-03
 1.13868e+16	4.31e-02	9.57e-01	1.19e-11	0.00e+00	0.00e+00	0.00e+00	0.00e+00	0.00e+00	0.00e+00	3.23e-02	7.21e-03	3.63e-03
 1.15372e+16	4.60e-02	9.54e-01	1.14e-11	0.00e+00	0.00e+00	0.00e+00	0.00e+00	0.00e+00	0.00e+00	3.45e-02	7.64e-03	3.89e-03
 1.16889e+16	4.92e-02	9.51e-01	1.10e-11	0.00e+00	0.00e+00	0.00e+00	0.00e+00	0.00e+00	0.00e+00	3.69e-02	8.12e-03	4.17e-03
 1.18412e+16	5.28e-02	9.47e-01	1.05e-11	0.00e+00	0.00e+00	0.00e+00	0.00e+00	0.00e+00	0.00e+00	3.97e-02	8.65e-03	4.48e-03
 1.19936e+16	5.68e-02	9.43e-01	1.01e-11	0.00e+00	0.00e+00	0.00e+00	0.00e+00	0.00e+00	0.00e+00	4.27e-02	9.23e-03	4.83e-03
 1.21449e+16	6.12e-02	9.39e-01	9.67e-12	0.00e+00	0.00e+00	0.00e+00	0.00e+00	0.00e+00	0.00e+00	4.61e-02	9.87e-03	5.21e-03
 1.22950e+16	6.60e-02	9.34e-01	9.26e-12	0.00e+00	0.00e+00	0.00e+00	0.00e+00	0.00e+00	0.00e+00	4.98e-02	1.06e-02	5.63e-03
 1.24443e+16	7.14e-02	9.29e-01	8.88e-12	0.00e+00	0.00e+00	0.00e+00	0.00e+00	0.00e+00	0.00e+00	5.39e-02	1.13e-02	6.10e-03
 1.25918e+16	7.73e-02	9.23e-01	8.52e-12	0.00e+00	0.00e+00	0.00e+00	0.00e+00	0.00e+00	0.00e+00	5.85e-02	1.21e-02	6.62e-03
 1.27369e+16	8.38e-02	9.16e-01	8.17e-12	0.00e+00	0.00e+00	0.00e+00	0.00e+00	0.00e+00	0.00e+00	6.36e-02	1.30e-02	7.19e-03
 1.28794e+16	9.11e-02	9.09e-01	7.85e-12	0.00e+00	0.00e+00	0.00e+00	0.00e+00	0.00e+00	0.00e+00	6.92e-02	1.40e-02	7.81e-03
 1.30193e+16	9.91e-02	9.01e-01	7.55e-12	0.00e+00	0.00e+00	0.00e+00	0.00e+00	0.00e+00	0.00e+00	7.54e-02	1.51e-02	8.51e-03
 1.31564e+16	1.08e-01	8.92e-01	7.28e-12	0.00e+00	0.00e+00	0.00e+00	0.00e+00	0.00e+00	0.00e+00	8.23e-02	1.63e-02	9.28e-03
 1.32907e+16	1.18e-01	8.82e-01	7.02e-12	0.00e+00	0.00e+00	0.00e+00	0.00e+00	0.00e+00	0.00e+00	9.00e-02	1.76e-02	1.01e-02
 1.34223e+16	1.29e-01	8.71e-01	6.78e-12	0.00e+00	0.00e+00	0.00e+00	0.00e+00	0.00e+00	0.00e+00	9.86e-02	1.90e-02	1.11e-02
 1.35512e+16	1.41e-01	8.59e-01	6.55e-12	0.00e+00	0.00e+00	0.00e+00	0.00e+00	0.00e+00	0.00e+00	1.08e-01	2.06e-02	1.21e-02
 1.36780e+16	1.55e-01	8.45e-01	6.34e-12	0.00e+00	0.00e+00	0.00e+00	0.00e+00	0.00e+00	0.00e+00	1.19e-01	2.24e-02	1.33e-02
 1.38028e+16	1.71e-01	8.29e-01	6.14e-12	0.00e+00	0.00e+00	0.00e+00	0.00e+00	0.00e+00	0.00e+00	1.32e-01	2.43e-02	1.47e-02
 1.39267e+16	1.89e-01	8.11e-01	5.96e-12	0.00e+00	0.00e+00	0.00e+00	0.00e+00	0.00e+00	0.00e+00	1.46e-01	2.66e-02	1.62e-02
 1.40509e+16	2.11e-01	7.89e-01	5.76e-12	0.00e+00	0.00e+00	0.00e+00	0.00e+00	0.00e+00	0.00e+00	1.64e-01	2.93e-02	1.81e-02
 1.41764e+16	2.38e-01	7.62e-01	5.56e-12	0.00e+00	0.00e+00	0.00e+00	0.00e+00	0.00e+00	0.00e+00	1.85e-01	3.25e-02	2.02e-02
 1.43061e+16	2.72e-01	7.28e-01	5.33e-12	0.00e+00	0.00e+00	0.00e+00	0.00e+00	0.00e+00	0.00e+00	2.13e-01	3.65e-02	2.29e-02
 1.44376e+16	3.17e-01	6.83e-01	5.10e-12	0.00e+00	0.00e+00	0.00e+00	0.00e+00	0.00e+00	0.00e+00	2.49e-01	4.17e-02	2.64e-02
 1.45476e+16	3.71e-01	6.29e-01	4.82e-12	0.00e+00	0.00e+00	0.00e+00	0.00e+00	0.00e+00	0.00e+00	2.92e-01	4.78e-02	3.05e-02
 1.46172e+16	4.16e-01	5.84e-01	4.58e-12	0.00e+00	0.00e+00	0.00e+00	0.00e+00	0.00e+00	0.00e+00	3.29e-01	5.28e-02	3.38e-02
 1.46566e+16	4.45e-01	5.55e-01	4.42e-12	0.00e+00	0.00e+00	0.00e+00	0.00e+00	0.00e+00	0.00e+00	3.53e-01	5.59e-02	3.60e-02
 1.46844e+16	4.66e-01	5.34e-01	4.31e-12	0.00e+00	0.00e+00	0.00e+00	0.00e+00	0.00e+00	0.00e+00	3.70e-01	5.81e-02	3.75e-02
 1.47124e+16	4.88e-01	5.12e-01	4.19e-12	0.00e+00	0.00e+00	0.00e+00	0.00e+00	0.00e+00	0.00e+00	3.89e-01	6.03e-02	3.90e-02
 1.47431e+16	5.14e-01	4.86e-01	4.05e-12	0.00e+00	0.00e+00	0.00e+00	0.00e+00	0.00e+00	0.00e+00	4.10e-01	6.28e-02	4.07e-02
 1.47725e+16	5.40e-01	4.60e-01	3.90e-12	0.00e+00	0.00e+00	0.00e+00	0.00e+00	0.00e+00	0.00e+00	4.33e-01	6.53e-02	4.25e-02
 1.47965e+16	5.64e-01	4.36e-01	3.76e-12	0.00e+00	0.00e+00	0.00e+00	0.00e+00	0.00e+00	0.00e+00	4.52e-01	6.74e-02	4.40e-02
 1.48157e+16	5.83e-01	4.17e-01	3.65e-12	0.00e+00	0.00e+00	0.00e+00	0.00e+00	0.00e+00	0.00e+00	4.69e-01	6.91e-02	4.53e-02
 1.48301e+16	5.99e-01	4.01e-01	3.55e-12	0.00e+00	0.00e+00	0.00e+00	0.00e+00	0.00e+00	0.00e+00	4.82e-01	7.04e-02	4.62e-02
 1.48405e+16	6.09e-01	3.91e-01	3.49e-12	0.00e+00	0.00e+00	0.00e+00	0.00e+00	0.00e+00	0.00e+00	4.91e-01	7.12e-02	4.68e-02
 1.48506e+16	6.20e-01	3.80e-01	3.41e-12	0.00e+00	0.00e+00	0.00e+00	0.00e+00	0.00e+00	0.00e+00	5.01e-01	7.21e-02	4.75e-02
 1.48618e+16	6.32e-01	3.68e-01	3.34e-12	0.00e+00	0.00e+00	0.00e+00	0.00e+00	0.00e+00	0.00e+00	5.11e-01	7.31e-02	4.82e-02
 1.48737e+16	6.45e-01	3.55e-01	3.25e-12	0.00e+00	0.00e+00	0.00e+00	0.00e+00	0.00e+00	0.00e+00	5.22e-01	7.40e-02	4.89e-02
 1.48850e+16	6.58e-01	3.42e-01	3.17e-12	0.00e+00	0.00e+00	0.00e+00	0.00e+00	0.00e+00	0.00e+00	5.34e-01	7.49e-02	4.95e-02
 1.48954e+16	6.70e-01	3.30e-01	3.09e-12	0.00e+00	0.00e+00	0.00e+00	0.00e+00	0.00e+00	0.00e+00	5.44e-01	7.57e-02	5.02e-02
 1.49053e+16	6.81e-01	3.19e-01	3.01e-12	0.00e+00	0.00e+00	0.00e+00	0.00e+00	0.00e+00	0.00e+00	5.54e-01	7.65e-02	5.07e-02
 1.49152e+16	6.92e-01	3.08e-01	2.93e-12	0.00e+00	0.00e+00	0.00e+00	0.00e+00	0.00e+00	0.00e+00	5.64e-01	7.72e-02	5.13e-02
 1.49250e+16	7.03e-01	2.97e-01	2.85e-12	0.00e+00	0.00e+00	0.00e+00	0.00e+00	0.00e+00	0.00e+00	5.74e-01	7.79e-02	5.18e-02
 1.49346e+16	7.15e-01	2.85e-01	2.77e-12	0.00e+00	0.00e+00	0.00e+00	0.00e+00	0.00e+00	0.00e+00	5.84e-01	7.85e-02	5.23e-02
 1.49438e+16	7.25e-01	2.75e-01	2.70e-12	0.00e+00	0.00e+00	0.00e+00	0.00e+00	0.00e+00	0.00e+00	5.93e-01	7.90e-02	5.27e-02
 1.49528e+16	7.35e-01	2.65e-01	2.62e-12	0.00e+00	0.00e+00	0.00e+00	0.00e+00	0.00e+00	0.00e+00	6.03e-01	7.95e-02	5.30e-02
 1.49616e+16	7.46e-01	2.54e-01	2.54e-12	0.00e+00	0.00e+00	0.00e+00	0.00e+00	0.00e+00	0.00e+00	6.12e-01	8.00e-02	5.33e-02
 1.49702e+16	7.55e-01	2.45e-01	2.47e-12	0.00e+00	0.00e+00	0.00e+00	0.00e+00	0.00e+00	0.00e+00	6.21e-01	8.04e-02	5.36e-02
 1.49787e+16	7.65e-01	2.35e-01	2.39e-12	0.00e+00	0.00e+00	0.00e+00	0.00e+00	0.00e+00	0.00e+00	6.30e-01	8.08e-02	5.39e-02
 1.49870e+16	7.74e-01	2.26e-01	2.32e-12	0.00e+00	0.00e+00	0.00e+00	0.00e+00	0.00e+00	0.00e+00	6.39e-01	8.11e-02	5.41e-02
 1.49951e+16	7.83e-01	2.17e-01	2.24e-12	0.00e+00	0.00e+00	0.00e+00	0.00e+00	0.00e+00	0.00e+00	6.48e-01	8.14e-02	5.43e-02
 1.50030e+16	7.92e-01	2.08e-01	2.17e-12	0.00e+00	0.00e+00	0.00e+00	0.00e+00	0.00e+00	0.00e+00	6.56e-01	8.17e-02	5.45e-02
 1.50108e+16	8.01e-01	1.99e-01	2.10e-12	0.00e+00	0.00e+00	0.00e+00	0.00e+00	0.00e+00	0.00e+00	6.64e-01	8.19e-02	5.46e-02
 1.50184e+16	8.09e-01	1.91e-01	2.03e-12	0.00e+00	0.00e+00	0.00e+00	0.00e+00	0.00e+00	0.00e+00	6.72e-01	8.21e-02	5.47e-02
 1.50259e+16	8.17e-01	1.83e-01	1.96e-12	0.00e+00	0.00e+00	0.00e+00	0.00e+00	0.00e+00	0.00e+00	6.80e-01	8.22e-02	5.48e-02
 1.50332e+16	8.25e-01	1.75e-01	1.89e-12	0.00e+00	0.00e+00	0.00e+00	0.00e+00	0.00e+00	0.00e+00	6.88e-01	8.23e-02	5.48e-02
 1.50403e+16	8.32e-01	1.68e-01	1.83e-12	0.00e+00	0.00e+00	0.00e+00	0.00e+00	0.00e+00	0.00e+00	6.95e-01	8.24e-02	5.49e-02
 1.50472e+16	8.39e-01	1.61e-01	1.77e-12	0.00e+00	0.00e+00	0.00e+00	0.00e+00	0.00e+00	0.00e+00	7.02e-01	8.25e-02	5.48e-02
 1.50539e+16	8.46e-01	1.54e-01	1.71e-12	0.00e+00	0.00e+00	0.00e+00	0.00e+00	0.00e+00	0.00e+00	7.08e-01	8.25e-02	5.48e-02
 1.50604e+16	8.52e-01	1.48e-01	1.65e-12	0.00e+00	0.00e+00	0.00e+00	0.00e+00	0.00e+00	0.00e+00	7.15e-01	8.25e-02	5.48e-02
 1.50668e+16	8.58e-01	1.42e-01	1.59e-12	0.00e+00	0.00e+00	0.00e+00	0.00e+00	0.00e+00	0.00e+00	7.21e-01	8.25e-02	5.48e-02
 1.50730e+16	8.64e-01	1.36e-01	1.54e-12	0.00e+00	0.00e+00	0.00e+00	0.00e+00	0.00e+00	0.00e+00	7.27e-01	8.25e-02	5.47e-02
 1.50791e+16	8.70e-01	1.30e-01	1.49e-12	0.00e+00	0.00e+00	0.00e+00	0.00e+00	0.00e+00	0.00e+00	7.32e-01	8.25e-02	5.47e-02
 1.50850e+16	8.75e-01	1.25e-01	1.43e-12	0.00e+00	0.00e+00	0.00e+00	0.00e+00	0.00e+00	0.00e+00	7.38e-01	8.25e-02	5.46e-02
 1.50908e+16	8.80e-01	1.20e-01	1.39e-12	0.00e+00	0.00e+00	0.00e+00	0.00e+00	0.00e+00	0.00e+00	7.43e-01	8.24e-02	5.45e-02
 1.50965e+16	8.85e-01	1.15e-01	1.34e-12	0.00e+00	0.00e+00	0.00e+00	0.00e+00	0.00e+00	0.00e+00	7.48e-01	8.24e-02	5.44e-02
 1.51021e+16	8.90e-01	1.10e-01	1.29e-12	0.00e+00	0.00e+00	0.00e+00	0.00e+00	0.00e+00	0.00e+00	7.53e-01	8.23e-02	5.44e-02
 1.51076e+16	8.94e-01	1.06e-01	1.25e-12	0.00e+00	0.00e+00	0.00e+00	0.00e+00	0.00e+00	0.00e+00	7.57e-01	8.23e-02	5.43e-02
 1.51129e+16	8.98e-01	1.02e-01	1.21e-12	0.00e+00	0.00e+00	0.00e+00	0.00e+00	0.00e+00	0.00e+00	7.62e-01	8.21e-02	5.41e-02
 1.51182e+16	9.03e-01	9.74e-02	1.16e-12	0.00e+00	0.00e+00	0.00e+00	0.00e+00	0.00e+00	0.00e+00	7.66e-01	8.22e-02	5.41e-02
 1.51235e+16	9.07e-01	9.34e-02	1.12e-12	0.00e+00	0.00e+00	0.00e+00	0.00e+00	0.00e+00	0.00e+00	7.70e-01	8.22e-02	5.40e-02
 1.51284e+16	9.10e-01	8.97e-02	1.08e-12	0.00e+00	0.00e+00	0.00e+00	0.00e+00	0.00e+00	0.00e+00	7.74e-01	8.20e-02	5.38e-02
 1.51334e+16	9.14e-01	8.61e-02	1.04e-12	0.00e+00	0.00e+00	0.00e+00	0.00e+00	0.00e+00	0.00e+00	7.78e-01	8.21e-02	5.38e-02
 1.51383e+16	9.17e-01	8.26e-02	1.01e-12	0.00e+00	0.00e+00	0.00e+00	0.00e+00	0.00e+00	0.00e+00	7.82e-01	8.19e-02	5.36e-02
 1.51431e+16	9.21e-01	7.92e-02	9.70e-13	0.00e+00	0.00e+00	0.00e+00	0.00e+00	0.00e+00	0.00e+00	7.85e-01	8.20e-02	5.36e-02
 1.51479e+16	9.24e-01	7.60e-02	9.37e-13	0.00e+00	0.00e+00	0.00e+00	0.00e+00	0.00e+00	0.00e+00	7.89e-01	8.19e-02	5.35e-02
 1.51525e+16	9.27e-01	7.29e-02	9.02e-13	0.00e+00	0.00e+00	0.00e+00	0.00e+00	0.00e+00	0.00e+00	7.92e-01	8.20e-02	5.34e-02
 1.51570e+16	9.30e-01	6.99e-02	8.71e-13	0.00e+00	0.00e+00	0.00e+00	0.00e+00	0.00e+00	0.00e+00	7.95e-01	8.19e-02	5.33e-02
 1.51614e+16	9.33e-01	6.71e-02	8.38e-13	0.00e+00	0.00e+00	0.00e+00	0.00e+00	0.00e+00	0.00e+00	7.98e-01	8.21e-02	5.33e-02
 1.51658e+16	9.36e-01	6.44e-02	8.09e-13	0.00e+00	0.00e+00	0.00e+00	0.00e+00	0.00e+00	0.00e+00	8.00e-01	8.20e-02	5.31e-02
 1.51700e+16	9.38e-01	6.18e-02	7.79e-13	0.00e+00	0.00e+00	0.00e+00	0.00e+00	0.00e+00	0.00e+00	8.03e-01	8.22e-02	5.31e-02
 1.51742e+16	9.41e-01	5.92e-02	7.50e-13	0.00e+00	0.00e+00	0.00e+00	0.00e+00	0.00e+00	0.00e+00	8.05e-01	8.22e-02	5.31e-02
 1.51783e+16	9.43e-01	5.69e-02	7.23e-13	0.00e+00	0.00e+00	0.00e+00	0.00e+00	0.00e+00	0.00e+00	8.08e-01	8.23e-02	5.30e-02
 1.51822e+16	9.45e-01	5.45e-02	6.96e-13	0.00e+00	0.00e+00	0.00e+00	0.00e+00	0.00e+00	0.00e+00	8.10e-01	8.25e-02	5.30e-02
 1.51861e+16	9.48e-01	5.23e-02	6.71e-13	0.00e+00	0.00e+00	0.00e+00	0.00e+00	0.00e+00	0.00e+00	8.12e-01	8.25e-02	5.29e-02
 1.51900e+16	9.50e-01	5.01e-02	6.44e-13	0.00e+00	0.00e+00	0.00e+00	0.00e+00	0.00e+00	0.00e+00	8.14e-01	8.28e-02	5.29e-02
 1.51938e+16	9.52e-01	4.81e-02	6.20e-13	0.00e+00	0.00e+00	0.00e+00	0.00e+00	0.00e+00	0.00e+00	8.16e-01	8.30e-02	5.29e-02
 1.51973e+16	9.54e-01	4.61e-02	5.96e-13	0.00e+00	0.00e+00	0.00e+00	0.00e+00	0.00e+00	0.00e+00	8.18e-01	8.32e-02	5.29e-02
 1.52008e+16	9.56e-01	4.43e-02	5.74e-13	0.00e+00	0.00e+00	0.00e+00	0.00e+00	0.00e+00	0.00e+00	8.19e-01	8.35e-02	5.29e-02
 1.52043e+16	9.58e-01	4.24e-02	5.51e-13	0.00e+00	0.00e+00	0.00e+00	0.00e+00	0.00e+00	0.00e+00	8.21e-01	8.38e-02	5.30e-02
 1.52075e+16	9.59e-01	4.07e-02	5.30e-13	0.00e+00	0.00e+00	0.00e+00	0.00e+00	0.00e+00	0.00e+00	8.22e-01	8.41e-02	5.30e-02
 1.52106e+16	9.61e-01	3.91e-02	5.10e-13	0.00e+00	0.00e+00	0.00e+00	0.00e+00	0.00e+00	0.00e+00	8.23e-01	8.45e-02	5.31e-02
 1.52134e+16	9.62e-01	3.76e-02	4.91e-13	0.00e+00	0.00e+00	0.00e+00	0.00e+00	0.00e+00	0.00e+00	8.24e-01	8.49e-02	5.32e-02
 1.52161e+16	9.64e-01	3.63e-02	4.73e-13	0.00e+00	0.00e+00	0.00e+00	0.00e+00	0.00e+00	0.00e+00	8.25e-01	8.53e-02	5.32e-02
 1.52187e+16	9.65e-01	3.49e-02	4.56e-13	0.00e+00	0.00e+00	0.00e+00	0.00e+00	0.00e+00	0.00e+00	8.26e-01	8.57e-02	5.33e-02
 1.52210e+16	9.66e-01	3.37e-02	4.40e-13	0.00e+00	0.00e+00	0.00e+00	0.00e+00	0.00e+00	0.00e+00	8.27e-01	8.61e-02	5.34e-02
 1.52233e+16	9.67e-01	3.26e-02	4.25e-13	0.00e+00	0.00e+00	0.00e+00	0.00e+00	0.00e+00	0.00e+00	8.27e-01	8.66e-02	5.35e-02
 1.52253e+16	9.69e-01	3.15e-02	4.11e-13	0.00e+00	0.00e+00	0.00e+00	0.00e+00	0.00e+00	0.00e+00	8.28e-01	8.70e-02	5.36e-02
 1.52273e+16	9.70e-01	3.05e-02	3.97e-13	0.00e+00	0.00e+00	0.00e+00	0.00e+00	0.00e+00	0.00e+00	8.28e-01	8.76e-02	5.37e-02
 1.52292e+16	9.71e-01	2.95e-02	3.84e-13	0.00e+00	0.00e+00	0.00e+00	0.00e+00	0.00e+00	0.00e+00	8.29e-01	8.81e-02	5.39e-02
 1.52309e+16	9.71e-01	2.85e-02	3.71e-13	0.00e+00	0.00e+00	0.00e+00	0.00e+00	0.00e+00	0.00e+00	8.29e-01	8.87e-02	5.40e-02
 1.52325e+16	9.72e-01	2.77e-02	3.59e-13	0.00e+00	0.00e+00	0.00e+00	0.00e+00	0.00e+00	0.00e+00	8.29e-01	8.93e-02	5.42e-02
 1.52341e+16	9.73e-01	2.68e-02	3.47e-13	0.00e+00	0.00e+00	0.00e+00	0.00e+00	0.00e+00	0.00e+00	8.29e-01	8.99e-02	5.43e-02
 1.52356e+16	9.74e-01	2.60e-02	3.36e-13	0.00e+00	0.00e+00	0.00e+00	0.00e+00	0.00e+00	0.00e+00	8.29e-01	9.05e-02	5.45e-02
 1.52369e+16	9.75e-01	2.52e-02	3.25e-13	0.00e+00	0.00e+00	0.00e+00	0.00e+00	0.00e+00	0.00e+00	8.29e-01	9.12e-02	5.47e-02
 1.52383e+16	9.76e-01	2.44e-02	3.14e-13	0.00e+00	0.00e+00	0.00e+00	0.00e+00	0.00e+00	0.00e+00	8.29e-01	9.20e-02	5.49e-02
 1.52396e+16	9.76e-01	2.37e-02	3.03e-13	0.00e+00	0.00e+00	0.00e+00	0.00e+00	0.00e+00	0.00e+00	8.29e-01	9.27e-02	5.51e-02
 1.52408e+16	9.77e-01	2.30e-02	2.93e-13	0.00e+00	0.00e+00	0.00e+00	0.00e+00	0.00e+00	0.00e+00	8.28e-01	9.36e-02	5.53e-02
 1.52419e+16	9.78e-01	2.23e-02	2.82e-13	0.00e+00	0.00e+00	0.00e+00	0.00e+00	0.00e+00	0.00e+00	8.28e-01	9.45e-02	5.55e-02
 1.52430e+16	9.78e-01	2.15e-02	2.72e-13	0.00e+00	0.00e+00	0.00e+00	0.00e+00	0.00e+00	0.00e+00	8.27e-01	9.54e-02	5.58e-02
 1.52441e+16	9.79e-01	2.08e-02	2.61e-13	0.00e+00	0.00e+00	0.00e+00	0.00e+00	0.00e+00	0.00e+00	8.27e-01	9.65e-02	5.60e-02
 1.52452e+16	9.80e-01	2.01e-02	2.51e-13	0.00e+00	0.00e+00	0.00e+00	0.00e+00	0.00e+00	0.00e+00	8.26e-01	9.76e-02	5.63e-02
 1.52462e+16	9.81e-01	1.94e-02	2.40e-13	0.00e+00	0.00e+00	0.00e+00	0.00e+00	0.00e+00	0.00e+00	8.25e-01	9.89e-02	5.67e-02
 1.52473e+16	9.81e-01	1.86e-02	2.28e-13	0.00e+00	0.00e+00	0.00e+00	0.00e+00	0.00e+00	0.00e+00	8.24e-01	1.00e-01	5.70e-02
 1.52483e+16	9.82e-01	1.78e-02	2.15e-13	0.00e+00	0.00e+00	0.00e+00	0.00e+00	0.00e+00	0.00e+00	8.23e-01	1.02e-01	5.74e-02
 1.52493e+16	9.83e-01	1.70e-02	2.03e-13	0.00e+00	0.00e+00	0.00e+00	0.00e+00	0.00e+00	0.00e+00	8.21e-01	1.04e-01	5.79e-02
 1.52502e+16	9.84e-01	1.62e-02	1.91e-13	0.00e+00	0.00e+00	0.00e+00	0.00e+00	0.00e+00	0.00e+00	8.20e-01	1.06e-01	5.84e-02
 1.52510e+16	9.85e-01	1.55e-02	1.80e-13	0.00e+00	0.00e+00	0.00e+00	0.00e+00	0.00e+00	0.00e+00	8.18e-01	1.08e-01	5.88e-02
 1.52516e+16	9.85e-01	1.49e-02	1.70e-13	0.00e+00	0.00e+00	0.00e+00	0.00e+00	0.00e+00	0.00e+00	8.16e-01	1.10e-01	5.93e-02
 1.52522e+16	9.86e-01	1.43e-02	1.61e-13	0.00e+00	0.00e+00	0.00e+00	0.00e+00	0.00e+00	0.00e+00	8.15e-01	1.11e-01	5.97e-02
 1.52527e+16	9.86e-01	1.37e-02	1.52e-13	0.00e+00	0.00e+00	0.00e+00	0.00e+00	0.00e+00	0.00e+00	8.13e-01	1.13e-01	6.01e-02
 1.52532e+16	9.87e-01	1.32e-02	1.44e-13	0.00e+00	0.00e+00	0.00e+00	0.00e+00	0.00e+00	0.00e+00	8.11e-01	1.15e-01	6.05e-02
 1.52537e+16	9.87e-01	1.27e-02	1.36e-13	0.00e+00	0.00e+00	0.00e+00	0.00e+00	0.00e+00	0.00e+00	8.09e-01	1.17e-01	6.09e-02
 1.52541e+16	9.88e-01	1.22e-02	1.29e-13	0.00e+00	0.00e+00	0.00e+00	0.00e+00	0.00e+00	0.00e+00	8.08e-01	1.19e-01	6.13e-02
 1.52544e+16	9.88e-01	1.18e-02	1.23e-13	0.00e+00	0.00e+00	0.00e+00	0.00e+00	0.00e+00	0.00e+00	8.06e-01	1.20e-01	6.16e-02
 1.52547e+16	9.89e-01	1.15e-02	1.18e-13	0.00e+00	0.00e+00	0.00e+00	0.00e+00	0.00e+00	0.00e+00	8.05e-01	1.22e-01	6.19e-02
 1.52550e+16	9.89e-01	1.11e-02	1.12e-13	0.00e+00	0.00e+00	0.00e+00	0.00e+00	0.00e+00	0.00e+00	8.03e-01	1.23e-01	6.22e-02
 1.52553e+16	9.89e-01	1.08e-02	1.08e-13	0.00e+00	0.00e+00	0.00e+00	0.00e+00	0.00e+00	0.00e+00	8.02e-01	1.25e-01	6.25e-02
 1.52556e+16	9.89e-01	1.05e-02	1.03e-13	0.00e+00	0.00e+00	0.00e+00	0.00e+00	0.00e+00	0.00e+00	8.01e-01	1.26e-01	6.27e-02
 1.52558e+16	9.90e-01	1.02e-02	9.95e-14	0.00e+00	0.00e+00	0.00e+00	0.00e+00	0.00e+00	0.00e+00	8.00e-01	1.27e-01	6.30e-02
 1.52560e+16	9.90e-01	1.00e-02	9.61e-14	0.00e+00	0.00e+00	0.00e+00	0.00e+00	0.00e+00	0.00e+00	7.99e-01	1.28e-01	6.32e-02
 1.52562e+16	9.90e-01	9.74e-03	9.23e-14	0.00e+00	0.00e+00	0.00e+00	0.00e+00	0.00e+00	0.00e+00	7.97e-01	1.30e-01	6.34e-02
 1.52564e+16	9.91e-01	9.47e-03	8.84e-14	0.00e+00	0.00e+00	0.00e+00	0.00e+00	0.00e+00	0.00e+00	7.96e-01	1.31e-01	6.36e-02
 1.52567e+16	9.91e-01	9.20e-03	8.46e-14	0.00e+00	0.00e+00	0.00e+00	0.00e+00	0.00e+00	0.00e+00	7.95e-01	1.32e-01	6.39e-02
 1.52569e+16	9.91e-01	8.98e-03	8.14e-14	0.00e+00	0.00e+00	0.00e+00	0.00e+00	0.00e+00	0.00e+00	7.94e-01	1.33e-01	6.40e-02
 1.52571e+16	9.91e-01	8.77e-03	7.86e-14	0.00e+00	0.00e+00	0.00e+00	0.00e+00	0.00e+00	0.00e+00	7.93e-01	1.34e-01	6.42e-02
 1.52574e+16	9.92e-01	8.47e-03	7.44e-14	0.00e+00	0.00e+00	0.00e+00	0.00e+00	0.00e+00	0.00e+00	7.91e-01	1.36e-01	6.45e-02
 1.52577e+16	9.92e-01	8.17e-03	7.04e-14	0.00e+00	0.00e+00	0.00e+00	0.00e+00	0.00e+00	0.00e+00	7.89e-01	1.38e-01	6.47e-02
 1.52580e+16	9.92e-01	7.89e-03	6.67e-14	0.00e+00	0.00e+00	0.00e+00	0.00e+00	0.00e+00	0.00e+00	7.88e-01	1.39e-01	6.49e-02
 1.52582e+16	9.92e-01	7.64e-03	6.35e-14	0.00e+00	0.00e+00	0.00e+00	0.00e+00	0.00e+00	0.00e+00	7.87e-01	1.41e-01	6.51e-02
 1.52584e+16	9.93e-01	7.42e-03	6.05e-14	0.00e+00	0.00e+00	0.00e+00	0.00e+00	0.00e+00	0.00e+00	7.85e-01	1.42e-01	6.53e-02
 1.52587e+16	9.93e-01	7.22e-03	5.80e-14	0.00e+00	0.00e+00	0.00e+00	0.00e+00	0.00e+00	0.00e+00	7.84e-01	1.43e-01	6.54e-02
