#depth	H	H+	H2
 1.90248e+11	3.35e-03	9.97e-01	1.80e-11
 1.14149e+12	3.35e-03	9.97e-01	1.81e-11
 4.94644e+12	3.35e-03	9.97e-01	1.81e-11
 2.01662e+13	3.35e-03	9.97e-01	1.81e-11
 4.81707e+13	3.32e-03	9.97e-01	1.81e-11
 8.45765e+13	3.30e-03	9.97e-01	1.79e-11
 1.31904e+14	3.28e-03	9.97e-01	1.77e-11
 1.93430e+14	3.26e-03	9.97e-01	1.76e-11
 2.73413e+14	3.23e-03	9.97e-01	1.75e-11
 3.77392e+14	3.21e-03	9.97e-01	1.74e-11
 5.12564e+14	3.18e-03	9.97e-01	1.73e-11
 6.88288e+14	3.15e-03	9.97e-01	1.73e-11
 8.78244e+14	3.09e-03	9.97e-01	1.69e-11
 1.05177e+15	3.03e-03	9.97e-01	1.64e-11
 1.24243e+15	2.99e-03	9.97e-01	1.60e-11
 1.43747e+15	2.91e-03	9.97e-01	1.55e-11
 1.60142e+15	2.86e-03	9.97e-01	1.49e-11
 1.77777e+15	2.82e-03	9.97e-01	1.46e-11
 2.00703e+15	2.78e-03	9.97e-01	1.43e-11
 2.30506e+15	2.73e-03	9.97e-01	1.40e-11
 2.59720e+15	2.65e-03	9.97e-01	1.34e-11
 2.83364e+15	2.59e-03	9.97e-01	1.28e-11
 3.09299e+15	2.57e-03	9.97e-01	1.25e-11
 3.37430e+15	2.53e-03	9.97e-01	1.23e-11
 3.61557e+15	2.49e-03	9.98e-01	1.19e-11
 3.81498e+15	2.46e-03	9.98e-01	1.17e-11
 3.99058e+15	2.43e-03	9.98e-01	1.14e-11
 4.18086e+15	2.41e-03	9.98e-01	1.12e-11
 4.38404e+15	2.61e-03	9.97e-01	1.28e-11
 4.51348e+15	2.56e-03	9.97e-01	1.22e-11
 4.57709e+15	2.54e-03	9.97e-01	1.19e-11
 4.64565e+15	2.53e-03	9.97e-01	1.18e-11
 4.73476e+15	2.51e-03	9.97e-01	1.16e-11
 4.85062e+15	2.48e-03	9.98e-01	1.13e-11
 5.00122e+15	2.46e-03	9.98e-01	1.11e-11
 5.17049e+15	2.46e-03	9.98e-01	1.12e-11
 5.32526e+15	2.50e-03	9.98e-01	1.17e-11
 5.45643e+15	2.58e-03	9.97e-01	1.26e-11
 5.57097e+15	2.69e-03	9.97e-01	1.38e-11
 5.66383e+15	2.82e-03	9.97e-01	1.54e-11
 5.73191e+15	2.94e-03	9.97e-01	1.70e-11
 5.78801e+15	3.05e-03	9.97e-01	1.86e-11
 5.84988e+15	3.20e-03	9.97e-01	2.07e-11
 5.91656e+15	3.38e-03	9.97e-01	2.34e-11
 5.97137e+15	3.57e-03	9.96e-01	2.66e-11
 6.01241e+15	3.73e-03	9.96e-01	2.95e-11
 6.04776e+15	3.87e-03	9.96e-01	3.22e-11
 6.08779e+15	4.04e-03	9.96e-01	3.54e-11
 6.13186e+15	4.24e-03	9.96e-01	3.94e-11
 6.16999e+15	4.43e-03	9.96e-01	4.38e-11
 6.20037e+15	4.60e-03	9.95e-01	4.76e-11
 6.23191e+15	4.76e-03	9.95e-01	5.16e-11
 6.26723e+15	4.96e-03	9.95e-01	5.64e-11
 6.29899e+15	5.14e-03	9.95e-01	6.15e-11
 6.32555e+15	5.31e-03	9.95e-01	6.61e-11
 6.35381e+15	5.47e-03	9.95e-01	7.08e-11
 6.39054e+15	5.68e-03	9.94e-01	7.73e-11
 6.42748e+15	5.93e-03	9.94e-01	8.51e-11
 6.45590e+15	6.12e-03	9.94e-01	9.19e-11
 6.48406e+15	6.30e-03	9.94e-01	9.80e-11
 6.52067e+15	6.50e-03	9.94e-01	1.05e-10
 6.56826e+15	6.73e-03	9.93e-01	1.13e-10
 6.63013e+15	6.96e-03	9.93e-01	1.21e-10
 6.71055e+15	7.20e-03	9.93e-01	1.29e-10
 6.81511e+15	7.47e-03	9.93e-01	1.36e-10
 6.95102e+15	7.80e-03	9.92e-01	1.44e-10
 7.12772e+15	8.25e-03	9.92e-01	1.55e-10
 7.33119e+15	8.88e-03	9.91e-01	1.71e-10
 7.51998e+15	9.61e-03	9.90e-01	1.89e-10
 7.67960e+15	1.03e-02	9.90e-01	2.05e-10
 7.82504e+15	1.09e-02	9.89e-01	2.19e-10
 7.96528e+15	1.15e-02	9.89e-01	2.32e-10
 8.10118e+15	1.21e-02	9.88e-01	2.45e-10
 8.23149e+15	1.27e-02	9.87e-01	2.57e-10
 8.35626e+15	1.33e-02	9.87e-01	2.68e-10
 8.47685e+15	1.39e-02	9.86e-01	2.79e-10
 8.59696e+15	1.44e-02	9.86e-01	2.87e-10
 8.71518e+15	1.50e-02	9.85e-01	2.96e-10
 8.82774e+15	1.56e-02	9.84e-01	3.03e-10
 8.93689e+15	1.61e-02	9.84e-01	3.08e-10
 9.04509e+15	1.67e-02	9.83e-01	3.11e-10
 9.15300e+15	1.72e-02	9.83e-01	3.13e-10
 9.26050e+15	1.78e-02	9.82e-01	3.13e-10
 9.36786e+15	1.83e-02	9.82e-01	3.10e-10
 9.47566e+15	1.89e-02	9.81e-01	3.04e-10
 9.58447e+15	1.95e-02	9.81e-01	2.94e-10
 9.69472e+15	2.01e-02	9.80e-01	2.80e-10
 9.80683e+15	2.07e-02	9.79e-01	2.62e-10
 9.92117e+15	2.14e-02	9.79e-01	2.40e-10
 1.00381e+16	2.22e-02	9.78e-01	2.14e-10
 1.01581e+16	2.30e-02	9.77e-01	1.88e-10
 1.02811e+16	2.39e-02	9.76e-01	1.62e-10
 1.04076e+16	2.49e-02	9.75e-01	1.38e-10
 1.05376e+16	2.60e-02	9.74e-01	1.16e-10
 1.06713e+16	2.72e-02	9.73e-01	9.72e-11
 1.08084e+16	2.86e-02	9.71e-01	8.16e-11
 1.09488e+16	3.01e-02	9.70e-01	6.89e-11
 1.10922e+16	3.17e-02	9.68e-01	5.85e-11
 1.12384e+16	3.36e-02	9.66e-01	5.03e-11
 1.13868e+16	3.57e-02	9.64e-01	4.38e-11
 1.15372e+16	3.80e-02	9.62e-01	3.87e-11
 1.16889e+16	4.06e-02	9.59e-01	3.46e-11
 1.18412e+16	4.35e-02	9.56e-01	3.15e-11
 1.19936e+16	4.67e-02	9.53e-01	2.89e-11
 1.21449e+16	5.03e-02	9.50e-01	2.71e-11
 1.22950e+16	5.42e-02	9.46e-01	2.56e-11
 1.24443e+16	5.86e-02	9.41e-01	2.44e-11
 1.25918e+16	6.34e-02	9.37e-01	2.35e-11
 1.27369e+16	6.88e-02	9.31e-01	2.29e-11
 1.28794e+16	7.48e-02	9.25e-01	2.25e-11
 1.30193e+16	8.14e-02	9.19e-01	2.22e-11
 1.31564e+16	8.88e-02	9.11e-01	2.21e-11
 1.32907e+16	9.70e-02	9.03e-01	2.22e-11
 1.34223e+16	1.06e-01	8.94e-01	2.24e-11
 1.35512e+16	1.17e-01	8.83e-01	2.28e-11
 1.36780e+16	1.28e-01	8.72e-01	2.34e-11
 1.38028e+16	1.42e-01	8.58e-01	2.42e-11
 1.39267e+16	1.58e-01	8.42e-01	2.54e-11
 1.40509e+16	1.77e-01	8.23e-01	2.70e-11
 1.41764e+16	2.00e-01	8.00e-01	2.94e-11
 1.43061e+16	2.31e-01	7.69e-01	3.33e-11
 1.44376e+16	2.72e-01	7.28e-01	4.00e-11
 1.45476e+16	3.21e-01	6.79e-01	5.15e-11
 1.46172e+16	3.63e-01	6.37e-01	6.43e-11
 1.46566e+16	3.91e-01	6.09e-01	7.43e-11
 1.46844e+16	4.12e-01	5.88e-01	8.23e-11
 1.47124e+16	4.33e-01	5.67e-01	9.14e-11
 1.47431e+16	4.58e-01	5.42e-01	1.04e-10
 1.47725e+16	4.85e-01	5.15e-01	1.19e-10
 1.47965e+16	5.09e-01	4.91e-01	1.35e-10
 1.48157e+16	5.29e-01	4.71e-01	1.50e-10
 1.48301e+16	5.44e-01	4.56e-01	1.63e-10
 1.48405e+16	5.55e-01	4.45e-01	1.73e-10
 1.48506e+16	5.67e-01	4.33e-01	1.84e-10
 1.48618e+16	5.79e-01	4.21e-01	1.98e-10
 1.48737e+16	5.93e-01	4.07e-01	2.13e-10
 1.48850e+16	6.06e-01	3.94e-01	2.30e-10
 1.48954e+16	6.19e-01	3.81e-01	2.47e-10
 1.49053e+16	6.31e-01	3.69e-01	2.65e-10
 1.49152e+16	6.43e-01	3.57e-01	2.85e-10
 1.49250e+16	6.55e-01	3.45e-01	3.07e-10
 1.49346e+16	6.67e-01	3.33e-01	3.31e-10
 1.49438e+16	6.78e-01	3.22e-01	3.56e-10
 1.49528e+16	6.90e-01	3.10e-01	3.84e-10
 1.49616e+16	7.01e-01	2.99e-01	4.13e-10
 1.49702e+16	7.11e-01	2.89e-01	4.45e-10
 1.49787e+16	7.22e-01	2.78e-01	4.80e-10
 1.49870e+16	7.33e-01	2.67e-01	5.17e-10
 1.49951e+16	7.43e-01	2.57e-01	5.58e-10
 1.50030e+16	7.53e-01	2.47e-01	6.02e-10
 1.50108e+16	7.62e-01	2.38e-01	6.49e-10
 1.50184e+16	7.72e-01	2.28e-01	7.00e-10
 1.50259e+16	7.81e-01	2.19e-01	7.56e-10
 1.50332e+16	7.89e-01	2.11e-01	8.16e-10
 1.50403e+16	7.98e-01	2.02e-01	8.79e-10
 1.50472e+16	8.06e-01	1.94e-01	9.47e-10
 1.50539e+16	8.13e-01	1.87e-01	1.02e-09
 1.50604e+16	8.21e-01	1.79e-01	1.09e-09
 1.50668e+16	8.28e-01	1.72e-01	1.18e-09
 1.50730e+16	8.35e-01	1.65e-01	1.26e-09
 1.50791e+16	8.41e-01	1.59e-01	1.36e-09
 1.50850e+16	8.47e-01	1.53e-01	1.46e-09
 1.50908e+16	8.53e-01	1.47e-01	1.57e-09
 1.50965e+16	8.59e-01	1.41e-01	1.68e-09
 1.51021e+16	8.65e-01	1.35e-01	1.80e-09
 1.51076e+16	8.70e-01	1.30e-01	1.93e-09
 1.51129e+16	8.75e-01	1.25e-01	2.08e-09
 1.51182e+16	8.80e-01	1.20e-01	2.23e-09
 1.51235e+16	8.85e-01	1.15e-01	2.39e-09
 1.51284e+16	8.89e-01	1.11e-01	2.57e-09
 1.51334e+16	8.94e-01	1.06e-01	2.75e-09
 1.51383e+16	8.98e-01	1.02e-01	2.96e-09
 1.51431e+16	9.02e-01	9.79e-02	3.18e-09
 1.51479e+16	9.06e-01	9.41e-02	3.42e-09
 1.51525e+16	9.10e-01	9.03e-02	3.68e-09
 1.51570e+16	9.13e-01	8.68e-02	3.97e-09
 1.51614e+16	9.17e-01	8.33e-02	4.28e-09
 1.51658e+16	9.20e-01	8.00e-02	4.62e-09
 1.51700e+16	9.23e-01	7.69e-02	4.99e-09
 1.51742e+16	9.26e-01	7.38e-02	5.40e-09
 1.51783e+16	9.29e-01	7.09e-02	5.85e-09
 1.51822e+16	9.32e-01	6.81e-02	6.36e-09
 1.51861e+16	9.35e-01	6.54e-02	6.94e-09
 1.51900e+16	9.37e-01	6.27e-02	7.56e-09
 1.51938e+16	9.40e-01	6.02e-02	8.28e-09
 1.51973e+16	9.42e-01	5.78e-02	9.07e-09
 1.52008e+16	9.44e-01	5.55e-02	9.97e-09
 1.52043e+16	9.47e-01	5.33e-02	1.10e-08
 1.52075e+16	9.49e-01	5.12e-02	1.22e-08
 1.52106e+16	9.51e-01	4.92e-02	1.34e-08
 1.52134e+16	9.53e-01	4.74e-02	1.48e-08
 1.52161e+16	9.54e-01	4.57e-02	1.63e-08
 1.52187e+16	9.56e-01	4.41e-02	1.80e-08
 1.52210e+16	9.57e-01	4.26e-02	1.99e-08
 1.52233e+16	9.59e-01	4.11e-02	2.19e-08
 1.52253e+16	9.60e-01	3.98e-02	2.42e-08
 1.52273e+16	9.61e-01	3.85e-02	2.66e-08
 1.52292e+16	9.63e-01	3.73e-02	2.94e-08
 1.52309e+16	9.64e-01	3.62e-02	3.24e-08
 1.52325e+16	9.65e-01	3.51e-02	3.57e-08
 1.52341e+16	9.66e-01	3.41e-02	3.93e-08
 1.52356e+16	9.67e-01	3.31e-02	4.32e-08
 1.52369e+16	9.68e-01	3.21e-02	4.74e-08
 1.52383e+16	9.69e-01	3.11e-02	5.22e-08
 1.52396e+16	9.70e-01	3.02e-02	5.72e-08
 1.52408e+16	9.71e-01	2.93e-02	6.26e-08
 1.52419e+16	9.72e-01	2.84e-02	6.86e-08
 1.52430e+16	9.72e-01	2.76e-02	7.50e-08
 1.52441e+16	9.73e-01	2.67e-02	8.17e-08
 1.52452e+16	9.74e-01	2.58e-02	8.86e-08
 1.52462e+16	9.75e-01	2.49e-02	9.59e-08
 1.52473e+16	9.76e-01	2.39e-02	1.04e-07
 1.52483e+16	9.77e-01	2.30e-02	1.12e-07
 1.52493e+16	9.78e-01	2.20e-02	1.21e-07
 1.52502e+16	9.79e-01	2.10e-02	1.29e-07
 1.52510e+16	9.80e-01	2.01e-02	1.36e-07
 1.52516e+16	9.81e-01	1.93e-02	1.43e-07
 1.52522e+16	9.81e-01	1.86e-02	1.50e-07
 1.52527e+16	9.82e-01	1.79e-02	1.56e-07
 1.52532e+16	9.83e-01	1.73e-02	1.63e-07
 1.52537e+16	9.83e-01	1.67e-02	1.69e-07
 1.52541e+16	9.84e-01	1.61e-02	1.76e-07
 1.52544e+16	9.84e-01	1.56e-02	1.83e-07
 1.52547e+16	9.85e-01	1.52e-02	1.89e-07
 1.52550e+16	9.85e-01	1.47e-02	1.95e-07
 1.52553e+16	9.86e-01	1.43e-02	2.02e-07
 1.52556e+16	9.86e-01	1.40e-02	2.08e-07
 1.52558e+16	9.86e-01	1.36e-02	2.14e-07
 1.52560e+16	9.87e-01	1.34e-02	2.20e-07
 1.52562e+16	9.87e-01	1.30e-02	2.27e-07
 1.52564e+16	9.87e-01	1.27e-02	2.34e-07
 1.52567e+16	9.88e-01	1.24e-02	2.42e-07
 1.52569e+16	9.88e-01	1.21e-02	2.49e-07
 1.52571e+16	9.88e-01	1.18e-02	2.56e-07
 1.52574e+16	9.89e-01	1.14e-02	2.67e-07
 1.52577e+16	9.89e-01	1.11e-02	2.78e-07
 1.52580e+16	9.89e-01	1.07e-02	2.89e-07
 1.52582e+16	9.90e-01	1.04e-02	3.01e-07
 1.52584e+16	9.90e-01	1.01e-02	3.12e-07
 1.52587e+16	9.90e-01	9.88e-03	3.22e-07
