#depth	He	He+	He+2
 2.85205e+11	5.01e-04	3.13e-01	6.87e-01
 1.71123e+12	5.03e-04	3.14e-01	6.86e-01
 7.41534e+12	5.03e-04	3.14e-01	6.86e-01
 3.02318e+13	5.08e-04	3.16e-01	6.84e-01
 7.22140e+13	5.13e-04	3.18e-01	6.81e-01
 1.26791e+14	5.20e-04	3.22e-01	6.78e-01
 1.97741e+14	5.29e-04	3.27e-01	6.73e-01
 2.89976e+14	5.42e-04	3.34e-01	6.66e-01
 4.09881e+14	5.60e-04	3.43e-01	6.56e-01
 5.65758e+14	5.84e-04	3.57e-01	6.43e-01
 7.68398e+14	6.17e-04	3.76e-01	6.23e-01
 1.03183e+15	6.62e-04	4.03e-01	5.96e-01
 1.37429e+15	7.24e-04	4.42e-01	5.57e-01
 1.81949e+15	8.11e-04	4.98e-01	5.02e-01
 2.39825e+15	9.31e-04	5.78e-01	4.21e-01
 2.99228e+15	1.06e-03	6.66e-01	3.33e-01
 3.48525e+15	1.15e-03	7.38e-01	2.61e-01
 4.00518e+15	1.26e-03	8.07e-01	1.92e-01
 4.68109e+15	1.37e-03	8.77e-01	1.21e-01
 5.55977e+15	1.49e-03	9.37e-01	6.10e-02
 6.35924e+15	1.58e-03	9.68e-01	3.04e-02
 6.99517e+15	1.64e-03	9.81e-01	1.73e-02
 7.69468e+15	1.70e-03	9.89e-01	9.37e-03
 8.46415e+15	1.76e-03	9.93e-01	4.82e-03
 9.31057e+15	1.83e-03	9.96e-01	2.37e-03
 1.02416e+16	1.91e-03	9.97e-01	1.11e-03
 1.12658e+16	2.10e-03	9.97e-01	4.80e-04
 1.20848e+16	2.18e-03	9.98e-01	2.43e-04
 1.27347e+16	2.25e-03	9.98e-01	1.46e-04
 1.35796e+16	2.34e-03	9.98e-01	7.79e-05
 1.46780e+16	2.46e-03	9.98e-01	3.64e-05
 1.60637e+16	2.62e-03	9.97e-01	1.51e-05
 1.76701e+16	2.81e-03	9.97e-01	6.09e-06
 1.94371e+16	3.04e-03	9.97e-01	2.52e-06
 2.12549e+16	3.32e-03	9.97e-01	1.14e-06
 2.30909e+16	3.62e-03	9.96e-01	5.68e-07
 2.46961e+16	3.95e-03	9.96e-01	3.35e-07
 2.58187e+16	4.20e-03	9.96e-01	2.39e-07
 2.68794e+16	4.43e-03	9.96e-01	1.75e-07
 2.82583e+16	4.75e-03	9.95e-01	1.20e-07
 2.96930e+16	5.15e-03	9.95e-01	8.50e-08
 3.08363e+16	5.52e-03	9.94e-01	6.64e-08
 3.17643e+16	5.85e-03	9.94e-01	5.46e-08
 3.27764e+16	6.19e-03	9.94e-01	4.44e-08
 3.40667e+16	6.65e-03	9.93e-01	3.49e-08
 3.53928e+16	7.23e-03	9.93e-01	2.80e-08
 3.64398e+16	7.76e-03	9.92e-01	2.40e-08
 3.72819e+16	8.20e-03	9.92e-01	2.13e-08
 3.82085e+16	8.68e-03	9.91e-01	1.87e-08
 3.93702e+16	9.32e-03	9.91e-01	1.61e-08
 4.05601e+16	1.01e-02	9.90e-01	1.40e-08
 4.15322e+16	1.09e-02	9.89e-01	1.27e-08
 4.23298e+16	1.15e-02	9.88e-01	1.17e-08
 4.31976e+16	1.22e-02	9.88e-01	1.08e-08
 4.43013e+16	1.31e-02	9.87e-01	9.78e-09
 4.54442e+16	1.43e-02	9.86e-01	8.97e-09
 4.63684e+16	1.54e-02	9.85e-01	8.42e-09
 4.71101e+16	1.63e-02	9.84e-01	8.02e-09
 4.79087e+16	1.73e-02	9.83e-01	7.64e-09
 4.89320e+16	1.86e-02	9.81e-01	7.22e-09
 5.00527e+16	2.03e-02	9.80e-01	6.85e-09
 5.10449e+16	2.21e-02	9.78e-01	6.58e-09
 5.18785e+16	2.37e-02	9.76e-01	6.38e-09
 5.27590e+16	2.54e-02	9.75e-01	6.20e-09
 5.37785e+16	2.75e-02	9.72e-01	6.04e-09
 5.48083e+16	3.01e-02	9.70e-01	5.91e-09
 5.57713e+16	3.28e-02	9.67e-01	5.81e-09
 5.66801e+16	3.56e-02	9.64e-01	5.74e-09
 5.75822e+16	3.87e-02	9.61e-01	5.70e-09
 5.84902e+16	4.22e-02	9.58e-01	5.68e-09
 5.93810e+16	4.61e-02	9.54e-01	5.68e-09
 6.02459e+16	5.05e-02	9.50e-01	5.69e-09
 6.10894e+16	5.54e-02	9.45e-01	5.72e-09
 6.18687e+16	6.09e-02	9.39e-01	5.76e-09
 6.25304e+16	6.65e-02	9.33e-01	5.79e-09
 6.30906e+16	7.20e-02	9.28e-01	5.83e-09
 6.35979e+16	7.77e-02	9.22e-01	5.87e-09
 6.40858e+16	8.41e-02	9.16e-01	5.92e-09
 6.45498e+16	9.15e-02	9.09e-01	5.95e-09
 6.49616e+16	9.92e-02	9.01e-01	6.00e-09
 6.53115e+16	1.07e-01	8.93e-01	6.05e-09
 6.56187e+16	1.15e-01	8.85e-01	6.11e-09
 6.59021e+16	1.24e-01	8.76e-01	6.17e-09
 6.61673e+16	1.33e-01	8.67e-01	6.24e-09
 6.64085e+16	1.43e-01	8.57e-01	6.33e-09
 6.66219e+16	1.54e-01	8.46e-01	6.44e-09
 6.68101e+16	1.65e-01	8.35e-01	6.57e-09
 6.69808e+16	1.76e-01	8.24e-01	6.73e-09
 6.71406e+16	1.87e-01	8.13e-01	6.92e-09
 6.72893e+16	2.00e-01	8.00e-01	7.16e-09
 6.74182e+16	2.12e-01	7.88e-01	7.44e-09
 6.75220e+16	2.23e-01	7.77e-01	7.71e-09
 6.76075e+16	2.33e-01	7.67e-01	7.96e-09
 6.76852e+16	2.42e-01	7.58e-01	8.22e-09
 6.77614e+16	2.52e-01	7.48e-01	8.50e-09
 6.78357e+16	2.63e-01	7.37e-01	8.80e-09
 6.79047e+16	2.73e-01	7.27e-01	9.12e-09
 6.79565e+16	2.81e-01	7.19e-01	9.38e-09
 6.79893e+16	2.86e-01	7.14e-01	9.56e-09
 6.80197e+16	2.92e-01	7.08e-01	9.71e-09
 6.80579e+16	2.98e-01	7.02e-01	9.90e-09
 6.81024e+16	3.06e-01	6.94e-01	1.01e-08
 6.81451e+16	3.14e-01	6.86e-01	1.04e-08
 6.81828e+16	3.21e-01	6.79e-01	1.06e-08
 6.82193e+16	3.29e-01	6.71e-01	1.08e-08
 6.82574e+16	3.37e-01	6.63e-01	1.10e-08
 6.82973e+16	3.45e-01	6.55e-01	1.13e-08
 6.83372e+16	3.54e-01	6.46e-01	1.15e-08
 6.83756e+16	3.63e-01	6.37e-01	1.18e-08
 6.84137e+16	3.72e-01	6.28e-01	1.20e-08
 6.84524e+16	3.81e-01	6.19e-01	1.22e-08
 6.84915e+16	3.91e-01	6.09e-01	1.25e-08
 6.85307e+16	4.02e-01	5.98e-01	1.27e-08
 6.85692e+16	4.12e-01	5.88e-01	1.30e-08
 6.86079e+16	4.23e-01	5.77e-01	1.32e-08
 6.86469e+16	4.34e-01	5.66e-01	1.34e-08
 6.86857e+16	4.45e-01	5.55e-01	1.37e-08
 6.87244e+16	4.56e-01	5.44e-01	1.39e-08
 6.87631e+16	4.68e-01	5.32e-01	1.41e-08
 6.88021e+16	4.80e-01	5.20e-01	1.43e-08
 6.88411e+16	4.93e-01	5.07e-01	1.45e-08
 6.88795e+16	5.05e-01	4.95e-01	1.47e-08
 6.89176e+16	5.17e-01	4.83e-01	1.49e-08
 6.89561e+16	5.30e-01	4.70e-01	1.51e-08
 6.89944e+16	5.44e-01	4.56e-01	1.52e-08
 6.90320e+16	5.57e-01	4.43e-01	1.54e-08
 6.90693e+16	5.70e-01	4.30e-01	1.55e-08
 6.91062e+16	5.83e-01	4.17e-01	1.56e-08
 6.91424e+16	5.95e-01	4.05e-01	1.58e-08
 6.91779e+16	6.08e-01	3.92e-01	1.59e-08
 6.92132e+16	6.21e-01	3.79e-01	1.59e-08
 6.92478e+16	6.33e-01	3.67e-01	1.60e-08
 6.92809e+16	6.45e-01	3.55e-01	1.60e-08
 6.93137e+16	6.57e-01	3.43e-01	1.61e-08
 6.93465e+16	6.69e-01	3.31e-01	1.61e-08
 6.93787e+16	6.81e-01	3.19e-01	1.61e-08
 6.94103e+16	6.92e-01	3.08e-01	1.61e-08
 6.94412e+16	7.03e-01	2.97e-01	1.61e-08
 6.94708e+16	7.14e-01	2.86e-01	1.61e-08
 6.95001e+16	7.24e-01	2.76e-01	1.60e-08
 6.95295e+16	7.34e-01	2.66e-01	1.60e-08
 6.95583e+16	7.44e-01	2.56e-01	1.59e-08
 6.95864e+16	7.54e-01	2.46e-01	1.58e-08
 6.96135e+16	7.63e-01	2.37e-01	1.58e-08
 6.96405e+16	7.72e-01	2.28e-01	1.57e-08
 6.96671e+16	7.81e-01	2.19e-01	1.56e-08
 6.96932e+16	7.90e-01	2.10e-01	1.54e-08
 6.97186e+16	7.98e-01	2.02e-01	1.53e-08
 6.97436e+16	8.06e-01	1.94e-01	1.52e-08
 6.97681e+16	8.14e-01	1.86e-01	1.51e-08
 6.97920e+16	8.21e-01	1.79e-01	1.49e-08
 6.98153e+16	8.29e-01	1.71e-01	1.47e-08
 6.98378e+16	8.35e-01	1.65e-01	1.45e-08
 6.98601e+16	8.42e-01	1.58e-01	1.44e-08
 6.98821e+16	8.49e-01	1.51e-01	1.42e-08
 6.99030e+16	8.55e-01	1.45e-01	1.40e-08
 6.99234e+16	8.61e-01	1.39e-01	1.38e-08
 6.99437e+16	8.66e-01	1.34e-01	1.36e-08
 6.99635e+16	8.72e-01	1.28e-01	1.33e-08
 6.99824e+16	8.77e-01	1.23e-01	1.31e-08
 7.00008e+16	8.82e-01	1.18e-01	1.29e-08
 7.00187e+16	8.87e-01	1.13e-01	1.26e-08
 7.00356e+16	8.92e-01	1.08e-01	1.24e-08
 7.00511e+16	8.96e-01	1.04e-01	1.22e-08
 7.00654e+16	9.00e-01	1.00e-01	1.19e-08
 7.00788e+16	9.03e-01	9.67e-02	1.17e-08
 7.00909e+16	9.07e-01	9.34e-02	1.14e-08
 7.01021e+16	9.10e-01	9.04e-02	1.12e-08
 7.01124e+16	9.12e-01	8.76e-02	1.10e-08
 7.01220e+16	9.15e-01	8.49e-02	1.08e-08
 7.01309e+16	9.17e-01	8.25e-02	1.05e-08
 7.01391e+16	9.20e-01	8.02e-02	1.03e-08
 7.01466e+16	9.22e-01	7.81e-02	1.01e-08
 7.01537e+16	9.24e-01	7.62e-02	9.93e-09
 7.01602e+16	9.26e-01	7.43e-02	9.74e-09
 7.01662e+16	9.27e-01	7.26e-02	9.55e-09
 7.01717e+16	9.29e-01	7.09e-02	9.37e-09
 7.01769e+16	9.31e-01	6.94e-02	9.19e-09
 7.01817e+16	9.32e-01	6.79e-02	9.02e-09
 7.01862e+16	9.33e-01	6.65e-02	8.85e-09
 7.01904e+16	9.35e-01	6.54e-02	8.71e-09
 7.01945e+16	9.36e-01	6.39e-02	8.51e-09
 7.01984e+16	9.37e-01	6.26e-02	8.34e-09
 7.02015e+16	9.38e-01	6.17e-02	8.22e-09
 7.02045e+16	9.40e-01	6.05e-02	8.03e-09
 7.02074e+16	9.40e-01	5.96e-02	7.92e-09
 7.02101e+16	9.42e-01	5.85e-02	7.74e-09
 7.02126e+16	9.42e-01	5.75e-02	7.60e-09
 7.02146e+16	9.43e-01	5.67e-02	7.48e-09
 7.02163e+16	9.44e-01	5.61e-02	7.40e-09
 7.02177e+16	9.45e-01	5.55e-02	7.28e-09
 7.02191e+16	9.45e-01	5.49e-02	7.18e-09
 7.02208e+16	9.46e-01	5.41e-02	7.04e-09
 7.02229e+16	9.47e-01	5.30e-02	6.85e-09
 7.02248e+16	9.48e-01	5.20e-02	6.67e-09
 7.02262e+16	9.49e-01	5.14e-02	6.57e-09
 7.02276e+16	9.50e-01	5.05e-02	6.39e-09
 7.02288e+16	9.50e-01	4.96e-02	6.22e-09
 7.02298e+16	9.51e-01	4.92e-02	6.13e-09
 7.02308e+16	9.52e-01	4.83e-02	5.96e-09
 7.02319e+16	9.53e-01	4.74e-02	5.79e-09
 7.02327e+16	9.53e-01	4.66e-02	5.62e-09
 7.02334e+16	9.54e-01	4.58e-02	5.46e-09
 7.02341e+16	9.55e-01	4.47e-02	5.21e-09
 7.02348e+16	9.57e-01	4.31e-02	4.89e-09
 7.02355e+16	9.85e-01	1.48e-02	6.20e-10
