#depth	O	O+	O+2	O+3	O+4	O+5	O+6	O+7	O+8	O[1]	O[2]	O[3]
 2.85205e+11	5.60e-06	5.16e-03	4.01e-01	5.86e-01	7.71e-03	2.92e-07	0.00e+00	0.00e+00	0.00e+00	4.73e-06	5.55e-07	3.12e-07
 1.71123e+12	5.64e-06	5.18e-03	4.02e-01	5.85e-01	7.67e-03	2.90e-07	0.00e+00	0.00e+00	0.00e+00	4.77e-06	5.62e-07	3.16e-07
 7.41534e+12	5.64e-06	5.18e-03	4.02e-01	5.85e-01	7.65e-03	2.89e-07	0.00e+00	0.00e+00	0.00e+00	4.76e-06	5.60e-07	3.16e-07
 3.02318e+13	5.70e-06	5.23e-03	4.06e-01	5.82e-01	7.51e-03	2.81e-07	0.00e+00	0.00e+00	0.00e+00	4.81e-06	5.68e-07	3.21e-07
 7.22140e+13	5.73e-06	5.29e-03	4.11e-01	5.77e-01	7.28e-03	2.69e-07	0.00e+00	0.00e+00	0.00e+00	4.83e-06	5.73e-07	3.24e-07
 1.26791e+14	5.79e-06	5.37e-03	4.17e-01	5.71e-01	7.01e-03	2.55e-07	0.00e+00	0.00e+00	0.00e+00	4.88e-06	5.81e-07	3.30e-07
 1.97741e+14	5.88e-06	5.47e-03	4.26e-01	5.62e-01	6.67e-03	2.38e-07	0.00e+00	0.00e+00	0.00e+00	4.95e-06	5.91e-07	3.36e-07
 2.89976e+14	5.99e-06	5.60e-03	4.37e-01	5.52e-01	6.26e-03	2.18e-07	0.00e+00	0.00e+00	0.00e+00	5.05e-06	6.04e-07	3.44e-07
 4.09881e+14	6.14e-06	5.78e-03	4.51e-01	5.37e-01	5.76e-03	1.95e-07	0.00e+00	0.00e+00	0.00e+00	5.17e-06	6.20e-07	3.54e-07
 5.65758e+14	6.33e-06	6.00e-03	4.70e-01	5.19e-01	5.17e-03	1.69e-07	0.00e+00	0.00e+00	0.00e+00	5.32e-06	6.39e-07	3.65e-07
 7.68398e+14	6.59e-06	6.31e-03	4.96e-01	4.94e-01	4.48e-03	1.39e-07	0.00e+00	0.00e+00	0.00e+00	5.54e-06	6.67e-07	3.81e-07
 1.03183e+15	6.91e-06	6.71e-03	5.29e-01	4.60e-01	3.71e-03	0.00e+00	0.00e+00	0.00e+00	0.00e+00	5.81e-06	7.00e-07	4.01e-07
 1.37429e+15	7.33e-06	7.24e-03	5.74e-01	4.16e-01	2.88e-03	0.00e+00	0.00e+00	0.00e+00	0.00e+00	6.16e-06	7.42e-07	4.25e-07
 1.81949e+15	7.90e-06	7.94e-03	6.32e-01	3.58e-01	2.03e-03	0.00e+00	0.00e+00	0.00e+00	0.00e+00	6.63e-06	8.06e-07	4.61e-07
 2.39825e+15	8.62e-06	8.84e-03	7.07e-01	2.82e-01	1.24e-03	0.00e+00	0.00e+00	0.00e+00	0.00e+00	7.23e-06	8.84e-07	5.06e-07
 2.99228e+15	9.32e-06	9.70e-03	7.79e-01	2.10e-01	7.03e-04	0.00e+00	0.00e+00	0.00e+00	0.00e+00	7.78e-06	9.83e-07	5.58e-07
 3.48525e+15	9.65e-06	1.03e-02	8.31e-01	1.58e-01	4.17e-04	0.00e+00	0.00e+00	0.00e+00	0.00e+00	8.05e-06	1.02e-06	5.77e-07
 4.00518e+15	1.03e-05	1.10e-02	8.77e-01	1.12e-01	2.25e-04	0.00e+00	0.00e+00	0.00e+00	0.00e+00	8.58e-06	1.09e-06	6.19e-07
 4.68109e+15	1.11e-05	1.17e-02	9.20e-01	6.77e-02	9.46e-05	0.00e+00	0.00e+00	0.00e+00	0.00e+00	9.26e-06	1.19e-06	6.72e-07
 5.55977e+15	1.24e-05	1.27e-02	9.54e-01	3.31e-02	2.78e-05	0.00e+00	0.00e+00	0.00e+00	0.00e+00	1.03e-05	1.34e-06	7.53e-07
 6.35924e+15	1.34e-05	1.35e-02	9.70e-01	1.69e-02	8.92e-06	0.00e+00	0.00e+00	0.00e+00	0.00e+00	1.11e-05	1.45e-06	8.16e-07
 6.99517e+15	1.44e-05	1.42e-02	9.76e-01	9.77e-03	3.48e-06	0.00e+00	0.00e+00	0.00e+00	0.00e+00	1.20e-05	1.57e-06	8.80e-07
 7.69468e+15	1.56e-05	1.49e-02	9.80e-01	5.39e-03	1.25e-06	0.00e+00	0.00e+00	0.00e+00	0.00e+00	1.29e-05	1.70e-06	9.52e-07
 8.46415e+15	1.68e-05	1.57e-02	9.81e-01	2.85e-03	4.13e-07	0.00e+00	0.00e+00	0.00e+00	0.00e+00	1.39e-05	1.84e-06	1.03e-06
 9.31057e+15	1.83e-05	1.66e-02	9.82e-01	1.45e-03	1.26e-07	0.00e+00	0.00e+00	0.00e+00	0.00e+00	1.52e-05	2.02e-06	1.13e-06
 1.02416e+16	2.01e-05	1.76e-02	9.82e-01	7.06e-04	0.00e+00	0.00e+00	0.00e+00	0.00e+00	0.00e+00	1.66e-05	2.22e-06	1.24e-06
 1.12658e+16	2.57e-05	1.99e-02	9.80e-01	3.10e-04	0.00e+00	0.00e+00	0.00e+00	0.00e+00	0.00e+00	2.09e-05	3.13e-06	1.68e-06
 1.20848e+16	2.81e-05	2.12e-02	9.79e-01	1.64e-04	0.00e+00	0.00e+00	0.00e+00	0.00e+00	0.00e+00	2.28e-05	3.45e-06	1.85e-06
 1.27347e+16	3.03e-05	2.22e-02	9.78e-01	1.00e-04	0.00e+00	0.00e+00	0.00e+00	0.00e+00	0.00e+00	2.45e-05	3.76e-06	2.00e-06
 1.35796e+16	3.31e-05	2.34e-02	9.76e-01	5.48e-05	0.00e+00	0.00e+00	0.00e+00	0.00e+00	0.00e+00	2.68e-05	4.14e-06	2.20e-06
 1.46780e+16	3.71e-05	2.52e-02	9.75e-01	2.63e-05	0.00e+00	0.00e+00	0.00e+00	0.00e+00	0.00e+00	2.99e-05	4.68e-06	2.48e-06
 1.60637e+16	4.26e-05	2.75e-02	9.72e-01	1.13e-05	0.00e+00	0.00e+00	0.00e+00	0.00e+00	0.00e+00	3.43e-05	5.43e-06	2.87e-06
 1.76701e+16	5.00e-05	3.04e-02	9.70e-01	4.67e-06	0.00e+00	0.00e+00	0.00e+00	0.00e+00	0.00e+00	4.02e-05	6.43e-06	3.40e-06
 1.94371e+16	5.99e-05	3.41e-02	9.66e-01	1.98e-06	0.00e+00	0.00e+00	0.00e+00	0.00e+00	0.00e+00	4.81e-05	7.74e-06	4.11e-06
 2.12549e+16	7.28e-05	3.84e-02	9.62e-01	9.11e-07	0.00e+00	0.00e+00	0.00e+00	0.00e+00	0.00e+00	5.83e-05	9.46e-06	5.04e-06
 2.30909e+16	8.87e-05	4.33e-02	9.57e-01	4.54e-07	0.00e+00	0.00e+00	0.00e+00	0.00e+00	0.00e+00	7.10e-05	1.16e-05	6.19e-06
 2.46961e+16	1.08e-04	4.88e-02	9.51e-01	2.66e-07	0.00e+00	0.00e+00	0.00e+00	0.00e+00	0.00e+00	8.64e-05	1.43e-05	7.65e-06
 2.58187e+16	1.24e-04	5.30e-02	9.47e-01	1.89e-07	0.00e+00	0.00e+00	0.00e+00	0.00e+00	0.00e+00	9.91e-05	1.64e-05	8.81e-06
 2.68794e+16	1.40e-04	5.69e-02	9.43e-01	1.36e-07	0.00e+00	0.00e+00	0.00e+00	0.00e+00	0.00e+00	1.12e-04	1.84e-05	9.97e-06
 2.82583e+16	1.65e-04	6.25e-02	9.37e-01	0.00e+00	0.00e+00	0.00e+00	0.00e+00	0.00e+00	0.00e+00	1.31e-04	2.17e-05	1.18e-05
 2.96930e+16	1.98e-04	6.95e-02	9.30e-01	0.00e+00	0.00e+00	0.00e+00	0.00e+00	0.00e+00	0.00e+00	1.58e-04	2.61e-05	1.43e-05
 3.08363e+16	2.32e-04	7.60e-02	9.24e-01	0.00e+00	0.00e+00	0.00e+00	0.00e+00	0.00e+00	0.00e+00	1.85e-04	3.06e-05	1.68e-05
 3.17643e+16	2.65e-04	8.19e-02	9.18e-01	0.00e+00	0.00e+00	0.00e+00	0.00e+00	0.00e+00	0.00e+00	2.10e-04	3.49e-05	1.92e-05
 3.27764e+16	3.01e-04	8.82e-02	9.11e-01	0.00e+00	0.00e+00	0.00e+00	0.00e+00	0.00e+00	0.00e+00	2.40e-04	3.96e-05	2.20e-05
 3.40667e+16	3.54e-04	9.69e-02	9.03e-01	0.00e+00	0.00e+00	0.00e+00	0.00e+00	0.00e+00	0.00e+00	2.82e-04	4.64e-05	2.59e-05
 3.53928e+16	4.30e-04	1.08e-01	8.92e-01	0.00e+00	0.00e+00	0.00e+00	0.00e+00	0.00e+00	0.00e+00	3.42e-04	5.61e-05	3.16e-05
 3.64398e+16	5.04e-04	1.18e-01	8.82e-01	0.00e+00	0.00e+00	0.00e+00	0.00e+00	0.00e+00	0.00e+00	4.01e-04	6.56e-05	3.72e-05
 3.72819e+16	5.73e-04	1.26e-01	8.73e-01	0.00e+00	0.00e+00	0.00e+00	0.00e+00	0.00e+00	0.00e+00	4.56e-04	7.43e-05	4.23e-05
 3.82085e+16	6.52e-04	1.36e-01	8.63e-01	0.00e+00	0.00e+00	0.00e+00	0.00e+00	0.00e+00	0.00e+00	5.19e-04	8.44e-05	4.83e-05
 3.93702e+16	7.67e-04	1.49e-01	8.50e-01	0.00e+00	0.00e+00	0.00e+00	0.00e+00	0.00e+00	0.00e+00	6.11e-04	9.88e-05	5.71e-05
 4.05601e+16	9.27e-04	1.65e-01	8.34e-01	0.00e+00	0.00e+00	0.00e+00	0.00e+00	0.00e+00	0.00e+00	7.39e-04	1.19e-04	6.91e-05
 4.15322e+16	1.09e-03	1.81e-01	8.18e-01	0.00e+00	0.00e+00	0.00e+00	0.00e+00	0.00e+00	0.00e+00	8.71e-04	1.39e-04	8.16e-05
 4.23298e+16	1.25e-03	1.94e-01	8.05e-01	0.00e+00	0.00e+00	0.00e+00	0.00e+00	0.00e+00	0.00e+00	9.96e-04	1.59e-04	9.35e-05
 4.31976e+16	1.42e-03	2.09e-01	7.90e-01	0.00e+00	0.00e+00	0.00e+00	0.00e+00	0.00e+00	0.00e+00	1.13e-03	1.80e-04	1.07e-04
 4.43013e+16	1.68e-03	2.29e-01	7.70e-01	0.00e+00	0.00e+00	0.00e+00	0.00e+00	0.00e+00	0.00e+00	1.34e-03	2.11e-04	1.26e-04
 4.54442e+16	2.04e-03	2.53e-01	7.45e-01	0.00e+00	0.00e+00	0.00e+00	0.00e+00	0.00e+00	0.00e+00	1.63e-03	2.56e-04	1.54e-04
 4.63684e+16	2.43e-03	2.77e-01	7.21e-01	0.00e+00	0.00e+00	0.00e+00	0.00e+00	0.00e+00	0.00e+00	1.94e-03	3.02e-04	1.84e-04
 4.71101e+16	2.78e-03	2.96e-01	7.01e-01	0.00e+00	0.00e+00	0.00e+00	0.00e+00	0.00e+00	0.00e+00	2.22e-03	3.45e-04	2.11e-04
 4.79087e+16	3.16e-03	3.17e-01	6.80e-01	0.00e+00	0.00e+00	0.00e+00	0.00e+00	0.00e+00	0.00e+00	2.53e-03	3.89e-04	2.40e-04
 4.89320e+16	3.72e-03	3.45e-01	6.51e-01	0.00e+00	0.00e+00	0.00e+00	0.00e+00	0.00e+00	0.00e+00	2.98e-03	4.54e-04	2.83e-04
 5.00527e+16	4.54e-03	3.80e-01	6.15e-01	0.00e+00	0.00e+00	0.00e+00	0.00e+00	0.00e+00	0.00e+00	3.64e-03	5.49e-04	3.46e-04
 5.10449e+16	5.50e-03	4.15e-01	5.79e-01	0.00e+00	0.00e+00	0.00e+00	0.00e+00	0.00e+00	0.00e+00	4.42e-03	6.60e-04	4.20e-04
 5.18785e+16	6.46e-03	4.47e-01	5.47e-01	0.00e+00	0.00e+00	0.00e+00	0.00e+00	0.00e+00	0.00e+00	5.20e-03	7.69e-04	4.93e-04
 5.27590e+16	7.49e-03	4.78e-01	5.14e-01	0.00e+00	0.00e+00	0.00e+00	0.00e+00	0.00e+00	0.00e+00	6.03e-03	8.85e-04	5.73e-04
 5.37785e+16	8.99e-03	5.17e-01	4.74e-01	0.00e+00	0.00e+00	0.00e+00	0.00e+00	0.00e+00	0.00e+00	7.25e-03	1.05e-03	6.89e-04
 5.48083e+16	1.09e-02	5.59e-01	4.30e-01	0.00e+00	0.00e+00	0.00e+00	0.00e+00	0.00e+00	0.00e+00	8.83e-03	1.26e-03	8.39e-04
 5.57713e+16	1.32e-02	6.00e-01	3.87e-01	0.00e+00	0.00e+00	0.00e+00	0.00e+00	0.00e+00	0.00e+00	1.07e-02	1.51e-03	1.01e-03
 5.66801e+16	1.58e-02	6.38e-01	3.46e-01	0.00e+00	0.00e+00	0.00e+00	0.00e+00	0.00e+00	0.00e+00	1.28e-02	1.79e-03	1.21e-03
 5.75822e+16	1.88e-02	6.75e-01	3.07e-01	0.00e+00	0.00e+00	0.00e+00	0.00e+00	0.00e+00	0.00e+00	1.52e-02	2.11e-03	1.45e-03
 5.84902e+16	2.25e-02	7.10e-01	2.67e-01	0.00e+00	0.00e+00	0.00e+00	0.00e+00	0.00e+00	0.00e+00	1.83e-02	2.50e-03	1.74e-03
 5.93810e+16	2.71e-02	7.44e-01	2.29e-01	0.00e+00	0.00e+00	0.00e+00	0.00e+00	0.00e+00	0.00e+00	2.20e-02	2.98e-03	2.09e-03
 6.02459e+16	3.26e-02	7.74e-01	1.93e-01	0.00e+00	0.00e+00	0.00e+00	0.00e+00	0.00e+00	0.00e+00	2.65e-02	3.54e-03	2.51e-03
 6.10894e+16	3.92e-02	8.00e-01	1.61e-01	0.00e+00	0.00e+00	0.00e+00	0.00e+00	0.00e+00	0.00e+00	3.20e-02	4.21e-03	3.01e-03
 6.18687e+16	4.75e-02	8.21e-01	1.31e-01	0.00e+00	0.00e+00	0.00e+00	0.00e+00	0.00e+00	0.00e+00	3.88e-02	5.03e-03	3.61e-03
 6.25304e+16	5.65e-02	8.36e-01	1.08e-01	0.00e+00	0.00e+00	0.00e+00	0.00e+00	0.00e+00	0.00e+00	4.63e-02	5.94e-03	4.27e-03
 6.30906e+16	6.61e-02	8.45e-01	8.90e-02	0.00e+00	0.00e+00	0.00e+00	0.00e+00	0.00e+00	0.00e+00	5.43e-02	6.87e-03	4.96e-03
 6.35979e+16	7.65e-02	8.50e-01	7.39e-02	0.00e+00	0.00e+00	0.00e+00	0.00e+00	0.00e+00	0.00e+00	6.29e-02	7.88e-03	5.71e-03
 6.40858e+16	8.88e-02	8.51e-01	6.04e-02	0.00e+00	0.00e+00	0.00e+00	0.00e+00	0.00e+00	0.00e+00	7.31e-02	9.05e-03	6.58e-03
 6.45498e+16	1.04e-01	8.48e-01	4.85e-02	0.00e+00	0.00e+00	0.00e+00	0.00e+00	0.00e+00	0.00e+00	8.57e-02	1.05e-02	7.66e-03
 6.49616e+16	1.21e-01	8.40e-01	3.87e-02	0.00e+00	0.00e+00	0.00e+00	0.00e+00	0.00e+00	0.00e+00	1.00e-01	1.21e-02	8.87e-03
 6.53115e+16	1.39e-01	8.29e-01	3.12e-02	0.00e+00	0.00e+00	0.00e+00	0.00e+00	0.00e+00	0.00e+00	1.15e-01	1.38e-02	1.02e-02
 6.56187e+16	1.59e-01	8.16e-01	2.52e-02	0.00e+00	0.00e+00	0.00e+00	0.00e+00	0.00e+00	0.00e+00	1.32e-01	1.57e-02	1.15e-02
 6.59021e+16	1.81e-01	7.99e-01	2.03e-02	0.00e+00	0.00e+00	0.00e+00	0.00e+00	0.00e+00	0.00e+00	1.50e-01	1.77e-02	1.30e-02
 6.61673e+16	2.07e-01	7.77e-01	1.61e-02	0.00e+00	0.00e+00	0.00e+00	0.00e+00	0.00e+00	0.00e+00	1.72e-01	1.99e-02	1.47e-02
 6.64085e+16	2.35e-01	7.52e-01	1.27e-02	0.00e+00	0.00e+00	0.00e+00	0.00e+00	0.00e+00	0.00e+00	1.96e-01	2.24e-02	1.66e-02
 6.66219e+16	2.65e-01	7.25e-01	9.98e-03	0.00e+00	0.00e+00	0.00e+00	0.00e+00	0.00e+00	0.00e+00	2.22e-01	2.51e-02	1.87e-02
 6.68101e+16	2.97e-01	6.95e-01	7.88e-03	0.00e+00	0.00e+00	0.00e+00	0.00e+00	0.00e+00	0.00e+00	2.49e-01	2.77e-02	2.07e-02
 6.69808e+16	3.30e-01	6.64e-01	6.23e-03	0.00e+00	0.00e+00	0.00e+00	0.00e+00	0.00e+00	0.00e+00	2.77e-01	3.04e-02	2.28e-02
 6.71406e+16	3.65e-01	6.30e-01	4.89e-03	0.00e+00	0.00e+00	0.00e+00	0.00e+00	0.00e+00	0.00e+00	3.07e-01	3.32e-02	2.50e-02
 6.72893e+16	4.02e-01	5.94e-01	3.82e-03	0.00e+00	0.00e+00	0.00e+00	0.00e+00	0.00e+00	0.00e+00	3.39e-01	3.60e-02	2.72e-02
 6.74182e+16	4.38e-01	5.59e-01	3.01e-03	0.00e+00	0.00e+00	0.00e+00	0.00e+00	0.00e+00	0.00e+00	3.70e-01	3.86e-02	2.93e-02
 6.75220e+16	4.68e-01	5.29e-01	2.45e-03	0.00e+00	0.00e+00	0.00e+00	0.00e+00	0.00e+00	0.00e+00	3.97e-01	4.07e-02	3.10e-02
 6.76075e+16	4.94e-01	5.03e-01	2.06e-03	0.00e+00	0.00e+00	0.00e+00	0.00e+00	0.00e+00	0.00e+00	4.20e-01	4.24e-02	3.24e-02
 6.76852e+16	5.19e-01	4.80e-01	1.74e-03	0.00e+00	0.00e+00	0.00e+00	0.00e+00	0.00e+00	0.00e+00	4.41e-01	4.39e-02	3.37e-02
 6.77614e+16	5.42e-01	4.56e-01	1.48e-03	0.00e+00	0.00e+00	0.00e+00	0.00e+00	0.00e+00	0.00e+00	4.62e-01	4.53e-02	3.48e-02
 6.78357e+16	5.66e-01	4.33e-01	1.25e-03	0.00e+00	0.00e+00	0.00e+00	0.00e+00	0.00e+00	0.00e+00	4.84e-01	4.66e-02	3.60e-02
 6.79047e+16	5.88e-01	4.11e-01	1.06e-03	0.00e+00	0.00e+00	0.00e+00	0.00e+00	0.00e+00	0.00e+00	5.04e-01	4.77e-02	3.70e-02
 6.79565e+16	6.06e-01	3.94e-01	9.31e-04	0.00e+00	0.00e+00	0.00e+00	0.00e+00	0.00e+00	0.00e+00	5.19e-01	4.86e-02	3.77e-02
 6.79893e+16	6.16e-01	3.83e-01	8.62e-04	0.00e+00	0.00e+00	0.00e+00	0.00e+00	0.00e+00	0.00e+00	5.29e-01	4.90e-02	3.81e-02
 6.80197e+16	6.25e-01	3.74e-01	8.01e-04	0.00e+00	0.00e+00	0.00e+00	0.00e+00	0.00e+00	0.00e+00	5.37e-01	4.94e-02	3.85e-02
 6.80579e+16	6.36e-01	3.63e-01	7.30e-04	0.00e+00	0.00e+00	0.00e+00	0.00e+00	0.00e+00	0.00e+00	5.47e-01	4.98e-02	3.89e-02
 6.81024e+16	6.50e-01	3.50e-01	6.51e-04	0.00e+00	0.00e+00	0.00e+00	0.00e+00	0.00e+00	0.00e+00	5.60e-01	5.04e-02	3.94e-02
 6.81451e+16	6.63e-01	3.37e-01	5.84e-04	0.00e+00	0.00e+00	0.00e+00	0.00e+00	0.00e+00	0.00e+00	5.72e-01	5.09e-02	3.99e-02
 6.81828e+16	6.74e-01	3.26e-01	5.31e-04	0.00e+00	0.00e+00	0.00e+00	0.00e+00	0.00e+00	0.00e+00	5.82e-01	5.12e-02	4.02e-02
 6.82193e+16	6.84e-01	3.15e-01	4.81e-04	0.00e+00	0.00e+00	0.00e+00	0.00e+00	0.00e+00	0.00e+00	5.92e-01	5.16e-02	4.06e-02
 6.82574e+16	6.95e-01	3.05e-01	4.37e-04	0.00e+00	0.00e+00	0.00e+00	0.00e+00	0.00e+00	0.00e+00	6.02e-01	5.19e-02	4.08e-02
 6.82973e+16	7.06e-01	2.93e-01	3.92e-04	0.00e+00	0.00e+00	0.00e+00	0.00e+00	0.00e+00	0.00e+00	6.13e-01	5.22e-02	4.12e-02
 6.83372e+16	7.17e-01	2.82e-01	3.52e-04	0.00e+00	0.00e+00	0.00e+00	0.00e+00	0.00e+00	0.00e+00	6.23e-01	5.25e-02	4.15e-02
 6.83756e+16	7.27e-01	2.72e-01	3.17e-04	0.00e+00	0.00e+00	0.00e+00	0.00e+00	0.00e+00	0.00e+00	6.33e-01	5.26e-02	4.17e-02
 6.84137e+16	7.37e-01	2.62e-01	2.85e-04	0.00e+00	0.00e+00	0.00e+00	0.00e+00	0.00e+00	0.00e+00	6.43e-01	5.28e-02	4.19e-02
 6.84524e+16	7.47e-01	2.53e-01	2.57e-04	0.00e+00	0.00e+00	0.00e+00	0.00e+00	0.00e+00	0.00e+00	6.52e-01	5.29e-02	4.21e-02
 6.84915e+16	7.57e-01	2.43e-01	2.29e-04	0.00e+00	0.00e+00	0.00e+00	0.00e+00	0.00e+00	0.00e+00	6.61e-01	5.31e-02	4.23e-02
 6.85307e+16	7.66e-01	2.33e-01	2.05e-04	0.00e+00	0.00e+00	0.00e+00	0.00e+00	0.00e+00	0.00e+00	6.71e-01	5.32e-02	4.24e-02
 6.85692e+16	7.75e-01	2.25e-01	1.84e-04	0.00e+00	0.00e+00	0.00e+00	0.00e+00	0.00e+00	0.00e+00	6.80e-01	5.32e-02	4.25e-02
 6.86079e+16	7.84e-01	2.16e-01	1.64e-04	0.00e+00	0.00e+00	0.00e+00	0.00e+00	0.00e+00	0.00e+00	6.88e-01	5.33e-02	4.26e-02
 6.86469e+16	7.93e-01	2.07e-01	1.46e-04	0.00e+00	0.00e+00	0.00e+00	0.00e+00	0.00e+00	0.00e+00	6.97e-01	5.33e-02	4.27e-02
 6.86857e+16	8.01e-01	1.99e-01	1.30e-04	0.00e+00	0.00e+00	0.00e+00	0.00e+00	0.00e+00	0.00e+00	7.05e-01	5.33e-02	4.27e-02
 6.87244e+16	8.09e-01	1.91e-01	1.16e-04	0.00e+00	0.00e+00	0.00e+00	0.00e+00	0.00e+00	0.00e+00	7.13e-01	5.33e-02	4.27e-02
 6.87631e+16	8.17e-01	1.83e-01	1.03e-04	0.00e+00	0.00e+00	0.00e+00	0.00e+00	0.00e+00	0.00e+00	7.21e-01	5.31e-02	4.27e-02
 6.88021e+16	8.25e-01	1.75e-01	9.13e-05	0.00e+00	0.00e+00	0.00e+00	0.00e+00	0.00e+00	0.00e+00	7.29e-01	5.31e-02	4.27e-02
 6.88411e+16	8.32e-01	1.68e-01	8.08e-05	0.00e+00	0.00e+00	0.00e+00	0.00e+00	0.00e+00	0.00e+00	7.36e-01	5.31e-02	4.27e-02
 6.88795e+16	8.39e-01	1.61e-01	7.16e-05	0.00e+00	0.00e+00	0.00e+00	0.00e+00	0.00e+00	0.00e+00	7.43e-01	5.30e-02	4.27e-02
 6.89176e+16	8.46e-01	1.54e-01	6.35e-05	0.00e+00	0.00e+00	0.00e+00	0.00e+00	0.00e+00	0.00e+00	7.50e-01	5.28e-02	4.26e-02
 6.89561e+16	8.53e-01	1.47e-01	5.59e-05	0.00e+00	0.00e+00	0.00e+00	0.00e+00	0.00e+00	0.00e+00	7.57e-01	5.27e-02	4.26e-02
 6.89944e+16	8.59e-01	1.41e-01	4.92e-05	0.00e+00	0.00e+00	0.00e+00	0.00e+00	0.00e+00	0.00e+00	7.64e-01	5.26e-02	4.25e-02
 6.90320e+16	8.65e-01	1.35e-01	4.34e-05	0.00e+00	0.00e+00	0.00e+00	0.00e+00	0.00e+00	0.00e+00	7.70e-01	5.24e-02	4.24e-02
 6.90693e+16	8.71e-01	1.29e-01	3.83e-05	0.00e+00	0.00e+00	0.00e+00	0.00e+00	0.00e+00	0.00e+00	7.76e-01	5.23e-02	4.23e-02
 6.91062e+16	8.77e-01	1.23e-01	3.37e-05	0.00e+00	0.00e+00	0.00e+00	0.00e+00	0.00e+00	0.00e+00	7.82e-01	5.21e-02	4.22e-02
 6.91424e+16	8.82e-01	1.18e-01	2.97e-05	0.00e+00	0.00e+00	0.00e+00	0.00e+00	0.00e+00	0.00e+00	7.88e-01	5.20e-02	4.21e-02
 6.91779e+16	8.87e-01	1.13e-01	2.63e-05	0.00e+00	0.00e+00	0.00e+00	0.00e+00	0.00e+00	0.00e+00	7.93e-01	5.18e-02	4.19e-02
 6.92132e+16	8.92e-01	1.08e-01	2.31e-05	0.00e+00	0.00e+00	0.00e+00	0.00e+00	0.00e+00	0.00e+00	7.98e-01	5.17e-02	4.18e-02
 6.92478e+16	8.97e-01	1.03e-01	2.04e-05	0.00e+00	0.00e+00	0.00e+00	0.00e+00	0.00e+00	0.00e+00	8.03e-01	5.16e-02	4.17e-02
 6.92809e+16	9.01e-01	9.92e-02	1.81e-05	0.00e+00	0.00e+00	0.00e+00	0.00e+00	0.00e+00	0.00e+00	8.08e-01	5.14e-02	4.16e-02
 6.93137e+16	9.05e-01	9.51e-02	1.60e-05	0.00e+00	0.00e+00	0.00e+00	0.00e+00	0.00e+00	0.00e+00	8.12e-01	5.13e-02	4.15e-02
 6.93465e+16	9.09e-01	9.10e-02	1.41e-05	0.00e+00	0.00e+00	0.00e+00	0.00e+00	0.00e+00	0.00e+00	8.16e-01	5.12e-02	4.14e-02
 6.93787e+16	9.13e-01	8.72e-02	1.25e-05	0.00e+00	0.00e+00	0.00e+00	0.00e+00	0.00e+00	0.00e+00	8.21e-01	5.10e-02	4.12e-02
 6.94103e+16	9.16e-01	8.35e-02	1.10e-05	0.00e+00	0.00e+00	0.00e+00	0.00e+00	0.00e+00	0.00e+00	8.24e-01	5.10e-02	4.11e-02
 6.94412e+16	9.20e-01	8.00e-02	9.74e-06	0.00e+00	0.00e+00	0.00e+00	0.00e+00	0.00e+00	0.00e+00	8.28e-01	5.09e-02	4.10e-02
 6.94708e+16	9.23e-01	7.68e-02	8.66e-06	0.00e+00	0.00e+00	0.00e+00	0.00e+00	0.00e+00	0.00e+00	8.31e-01	5.08e-02	4.09e-02
 6.95001e+16	9.26e-01	7.37e-02	7.68e-06	0.00e+00	0.00e+00	0.00e+00	0.00e+00	0.00e+00	0.00e+00	8.35e-01	5.07e-02	4.08e-02
 6.95295e+16	9.29e-01	7.06e-02	6.80e-06	0.00e+00	0.00e+00	0.00e+00	0.00e+00	0.00e+00	0.00e+00	8.38e-01	5.06e-02	4.07e-02
 6.95583e+16	9.32e-01	6.77e-02	6.02e-06	0.00e+00	0.00e+00	0.00e+00	0.00e+00	0.00e+00	0.00e+00	8.41e-01	5.05e-02	4.05e-02
 6.95864e+16	9.35e-01	6.49e-02	5.34e-06	0.00e+00	0.00e+00	0.00e+00	0.00e+00	0.00e+00	0.00e+00	8.44e-01	5.05e-02	4.04e-02
 6.96135e+16	9.38e-01	6.23e-02	4.76e-06	0.00e+00	0.00e+00	0.00e+00	0.00e+00	0.00e+00	0.00e+00	8.47e-01	5.04e-02	4.02e-02
 6.96405e+16	9.40e-01	5.98e-02	4.22e-06	0.00e+00	0.00e+00	0.00e+00	0.00e+00	0.00e+00	0.00e+00	8.50e-01	5.04e-02	4.02e-02
 6.96671e+16	9.43e-01	5.73e-02	3.76e-06	0.00e+00	0.00e+00	0.00e+00	0.00e+00	0.00e+00	0.00e+00	8.52e-01	5.03e-02	4.00e-02
 6.96932e+16	9.45e-01	5.50e-02	3.34e-06	0.00e+00	0.00e+00	0.00e+00	0.00e+00	0.00e+00	0.00e+00	8.55e-01	5.03e-02	4.00e-02
 6.97186e+16	9.47e-01	5.28e-02	2.97e-06	0.00e+00	0.00e+00	0.00e+00	0.00e+00	0.00e+00	0.00e+00	8.57e-01	5.03e-02	3.98e-02
 6.97436e+16	9.49e-01	5.06e-02	2.64e-06	0.00e+00	0.00e+00	0.00e+00	0.00e+00	0.00e+00	0.00e+00	8.59e-01	5.04e-02	3.98e-02
 6.97681e+16	9.51e-01	4.86e-02	2.36e-06	0.00e+00	0.00e+00	0.00e+00	0.00e+00	0.00e+00	0.00e+00	8.61e-01	5.03e-02	3.97e-02
 6.97920e+16	9.53e-01	4.66e-02	2.09e-06	0.00e+00	0.00e+00	0.00e+00	0.00e+00	0.00e+00	0.00e+00	8.63e-01	5.05e-02	3.97e-02
 6.98153e+16	9.55e-01	4.47e-02	1.87e-06	0.00e+00	0.00e+00	0.00e+00	0.00e+00	0.00e+00	0.00e+00	8.65e-01	5.05e-02	3.96e-02
 6.98378e+16	9.57e-01	4.29e-02	1.67e-06	0.00e+00	0.00e+00	0.00e+00	0.00e+00	0.00e+00	0.00e+00	8.67e-01	5.06e-02	3.95e-02
 6.98601e+16	9.59e-01	4.12e-02	1.49e-06	0.00e+00	0.00e+00	0.00e+00	0.00e+00	0.00e+00	0.00e+00	8.69e-01	5.07e-02	3.95e-02
 6.98821e+16	9.60e-01	3.95e-02	1.33e-06	0.00e+00	0.00e+00	0.00e+00	0.00e+00	0.00e+00	0.00e+00	8.70e-01	5.09e-02	3.95e-02
 6.99030e+16	9.62e-01	3.79e-02	1.19e-06	0.00e+00	0.00e+00	0.00e+00	0.00e+00	0.00e+00	0.00e+00	8.72e-01	5.10e-02	3.95e-02
 6.99234e+16	9.64e-01	3.64e-02	1.06e-06	0.00e+00	0.00e+00	0.00e+00	0.00e+00	0.00e+00	0.00e+00	8.73e-01	5.12e-02	3.95e-02
 6.99437e+16	9.65e-01	3.49e-02	9.50e-07	0.00e+00	0.00e+00	0.00e+00	0.00e+00	0.00e+00	0.00e+00	8.74e-01	5.14e-02	3.96e-02
 6.99635e+16	9.67e-01	3.35e-02	8.49e-07	0.00e+00	0.00e+00	0.00e+00	0.00e+00	0.00e+00	0.00e+00	8.75e-01	5.16e-02	3.96e-02
 6.99824e+16	9.68e-01	3.21e-02	7.61e-07	0.00e+00	0.00e+00	0.00e+00	0.00e+00	0.00e+00	0.00e+00	8.76e-01	5.18e-02	3.97e-02
 7.00008e+16	9.69e-01	3.08e-02	6.82e-07	0.00e+00	0.00e+00	0.00e+00	0.00e+00	0.00e+00	0.00e+00	8.77e-01	5.21e-02	3.97e-02
 7.00187e+16	9.70e-01	2.96e-02	6.11e-07	0.00e+00	0.00e+00	0.00e+00	0.00e+00	0.00e+00	0.00e+00	8.78e-01	5.24e-02	3.98e-02
 7.00356e+16	9.72e-01	2.84e-02	5.50e-07	0.00e+00	0.00e+00	0.00e+00	0.00e+00	0.00e+00	0.00e+00	8.79e-01	5.27e-02	3.99e-02
 7.00511e+16	9.73e-01	2.73e-02	4.99e-07	0.00e+00	0.00e+00	0.00e+00	0.00e+00	0.00e+00	0.00e+00	8.80e-01	5.30e-02	4.00e-02
 7.00654e+16	9.74e-01	2.63e-02	4.54e-07	0.00e+00	0.00e+00	0.00e+00	0.00e+00	0.00e+00	0.00e+00	8.80e-01	5.34e-02	4.01e-02
 7.00788e+16	9.75e-01	2.54e-02	4.14e-07	0.00e+00	0.00e+00	0.00e+00	0.00e+00	0.00e+00	0.00e+00	8.81e-01	5.37e-02	4.02e-02
 7.00909e+16	9.75e-01	2.46e-02	3.81e-07	0.00e+00	0.00e+00	0.00e+00	0.00e+00	0.00e+00	0.00e+00	8.81e-01	5.41e-02	4.04e-02
 7.01021e+16	9.76e-01	2.38e-02	3.52e-07	0.00e+00	0.00e+00	0.00e+00	0.00e+00	0.00e+00	0.00e+00	8.81e-01	5.45e-02	4.05e-02
 7.01124e+16	9.77e-01	2.31e-02	3.26e-07	0.00e+00	0.00e+00	0.00e+00	0.00e+00	0.00e+00	0.00e+00	8.81e-01	5.49e-02	4.07e-02
 7.01220e+16	9.78e-01	2.24e-02	3.03e-07	0.00e+00	0.00e+00	0.00e+00	0.00e+00	0.00e+00	0.00e+00	8.81e-01	5.53e-02	4.08e-02
 7.01309e+16	9.78e-01	2.18e-02	2.83e-07	0.00e+00	0.00e+00	0.00e+00	0.00e+00	0.00e+00	0.00e+00	8.82e-01	5.57e-02	4.10e-02
 7.01391e+16	9.79e-01	2.12e-02	2.64e-07	0.00e+00	0.00e+00	0.00e+00	0.00e+00	0.00e+00	0.00e+00	8.81e-01	5.62e-02	4.11e-02
 7.01466e+16	9.79e-01	2.07e-02	2.48e-07	0.00e+00	0.00e+00	0.00e+00	0.00e+00	0.00e+00	0.00e+00	8.81e-01	5.66e-02	4.13e-02
 7.01537e+16	9.80e-01	2.02e-02	2.34e-07	0.00e+00	0.00e+00	0.00e+00	0.00e+00	0.00e+00	0.00e+00	8.81e-01	5.70e-02	4.15e-02
 7.01602e+16	9.80e-01	1.97e-02	2.21e-07	0.00e+00	0.00e+00	0.00e+00	0.00e+00	0.00e+00	0.00e+00	8.81e-01	5.74e-02	4.16e-02
 7.01662e+16	9.81e-01	1.92e-02	2.09e-07	0.00e+00	0.00e+00	0.00e+00	0.00e+00	0.00e+00	0.00e+00	8.81e-01	5.79e-02	4.18e-02
 7.01717e+16	9.81e-01	1.88e-02	1.98e-07	0.00e+00	0.00e+00	0.00e+00	0.00e+00	0.00e+00	0.00e+00	8.81e-01	5.83e-02	4.20e-02
 7.01769e+16	9.82e-01	1.83e-02	1.88e-07	0.00e+00	0.00e+00	0.00e+00	0.00e+00	0.00e+00	0.00e+00	8.81e-01	5.88e-02	4.22e-02
 7.01817e+16	9.82e-01	1.79e-02	1.79e-07	0.00e+00	0.00e+00	0.00e+00	0.00e+00	0.00e+00	0.00e+00	8.80e-01	5.92e-02	4.23e-02
 7.01862e+16	9.82e-01	1.76e-02	1.70e-07	0.00e+00	0.00e+00	0.00e+00	0.00e+00	0.00e+00	0.00e+00	8.80e-01	5.97e-02	4.25e-02
 7.01904e+16	9.83e-01	1.72e-02	1.64e-07	0.00e+00	0.00e+00	0.00e+00	0.00e+00	0.00e+00	0.00e+00	8.80e-01	6.00e-02	4.26e-02
 7.01945e+16	9.83e-01	1.68e-02	1.55e-07	0.00e+00	0.00e+00	0.00e+00	0.00e+00	0.00e+00	0.00e+00	8.80e-01	6.07e-02	4.29e-02
 7.01984e+16	9.84e-01	1.65e-02	1.48e-07	0.00e+00	0.00e+00	0.00e+00	0.00e+00	0.00e+00	0.00e+00	8.79e-01	6.12e-02	4.31e-02
 7.02015e+16	9.84e-01	1.62e-02	1.43e-07	0.00e+00	0.00e+00	0.00e+00	0.00e+00	0.00e+00	0.00e+00	8.79e-01	6.15e-02	4.32e-02
 7.02045e+16	9.84e-01	1.59e-02	1.37e-07	0.00e+00	0.00e+00	0.00e+00	0.00e+00	0.00e+00	0.00e+00	8.78e-01	6.22e-02	4.35e-02
 7.02074e+16	9.84e-01	1.56e-02	1.32e-07	0.00e+00	0.00e+00	0.00e+00	0.00e+00	0.00e+00	0.00e+00	8.78e-01	6.25e-02	4.36e-02
 7.02101e+16	9.85e-01	1.53e-02	1.26e-07	0.00e+00	0.00e+00	0.00e+00	0.00e+00	0.00e+00	0.00e+00	8.78e-01	6.32e-02	4.39e-02
 7.02126e+16	9.85e-01	1.49e-02	1.21e-07	0.00e+00	0.00e+00	0.00e+00	0.00e+00	0.00e+00	0.00e+00	8.77e-01	6.38e-02	4.41e-02
 7.02146e+16	9.85e-01	1.46e-02	1.16e-07	0.00e+00	0.00e+00	0.00e+00	0.00e+00	0.00e+00	0.00e+00	8.77e-01	6.43e-02	4.43e-02
 7.02163e+16	9.86e-01	1.41e-02	1.10e-07	0.00e+00	0.00e+00	0.00e+00	0.00e+00	0.00e+00	0.00e+00	8.76e-01	6.50e-02	4.45e-02
 7.02177e+16	9.86e-01	1.42e-02	1.10e-07	0.00e+00	0.00e+00	0.00e+00	0.00e+00	0.00e+00	0.00e+00	8.76e-01	6.52e-02	4.46e-02
 7.02191e+16	9.86e-01	1.41e-02	1.08e-07	0.00e+00	0.00e+00	0.00e+00	0.00e+00	0.00e+00	0.00e+00	8.76e-01	6.54e-02	4.47e-02
 7.02208e+16	9.86e-01	1.40e-02	1.06e-07	0.00e+00	0.00e+00	0.00e+00	0.00e+00	0.00e+00	0.00e+00	8.75e-01	6.58e-02	4.48e-02
 7.02229e+16	9.86e-01	1.37e-02	1.01e-07	0.00e+00	0.00e+00	0.00e+00	0.00e+00	0.00e+00	0.00e+00	8.75e-01	6.66e-02	4.51e-02
 7.02248e+16	9.87e-01	1.34e-02	9.72e-08	0.00e+00	0.00e+00	0.00e+00	0.00e+00	0.00e+00	0.00e+00	8.74e-01	6.74e-02	4.54e-02
 7.02262e+16	9.87e-01	1.32e-02	9.47e-08	0.00e+00	0.00e+00	0.00e+00	0.00e+00	0.00e+00	0.00e+00	8.73e-01	6.78e-02	4.56e-02
 7.02276e+16	9.87e-01	1.29e-02	9.08e-08	0.00e+00	0.00e+00	0.00e+00	0.00e+00	0.00e+00	0.00e+00	8.73e-01	6.86e-02	4.59e-02
 7.02288e+16	9.87e-01	1.27e-02	8.73e-08	0.00e+00	0.00e+00	0.00e+00	0.00e+00	0.00e+00	0.00e+00	8.72e-01	6.94e-02	4.62e-02
 7.02298e+16	9.87e-01	1.25e-02	8.54e-08	0.00e+00	0.00e+00	0.00e+00	0.00e+00	0.00e+00	0.00e+00	8.71e-01	6.98e-02	4.63e-02
 7.02308e+16	9.88e-01	1.22e-02	8.19e-08	0.00e+00	0.00e+00	0.00e+00	0.00e+00	0.00e+00	0.00e+00	8.70e-01	7.08e-02	4.66e-02
 7.02319e+16	9.88e-01	1.20e-02	7.86e-08	0.00e+00	0.00e+00	0.00e+00	0.00e+00	0.00e+00	0.00e+00	8.69e-01	7.17e-02	4.70e-02
 7.02327e+16	9.88e-01	1.17e-02	7.55e-08	0.00e+00	0.00e+00	0.00e+00	0.00e+00	0.00e+00	0.00e+00	8.68e-01	7.26e-02	4.73e-02
 7.02334e+16	9.89e-01	1.14e-02	7.26e-08	0.00e+00	0.00e+00	0.00e+00	0.00e+00	0.00e+00	0.00e+00	8.67e-01	7.36e-02	4.76e-02
 7.02341e+16	9.89e-01	1.11e-02	6.84e-08	0.00e+00	0.00e+00	0.00e+00	0.00e+00	0.00e+00	0.00e+00	8.66e-01	7.51e-02	4.81e-02
 7.02348e+16	9.89e-01	1.06e-02	6.31e-08	0.00e+00	0.00e+00	0.00e+00	0.00e+00	0.00e+00	0.00e+00	8.63e-01	7.73e-02	4.88e-02
 7.02355e+16	9.98e-01	2.49e-03	3.99e-09	0.00e+00	0.00e+00	0.00e+00	0.00e+00	0.00e+00	0.00e+00	7.98e-01	1.41e-01	5.83e-02
