#depth	H	H+	H2
 2.85205e+11	2.90e-03	9.97e-01	1.34e-11
 1.71123e+12	2.90e-03	9.97e-01	1.34e-11
 7.41534e+12	2.90e-03	9.97e-01	1.34e-11
 3.02318e+13	2.90e-03	9.97e-01	1.35e-11
 7.22140e+13	2.89e-03	9.97e-01	1.35e-11
 1.26791e+14	2.87e-03	9.97e-01	1.34e-11
 1.97741e+14	2.85e-03	9.97e-01	1.34e-11
 2.89976e+14	2.83e-03	9.97e-01	1.34e-11
 4.09881e+14	2.81e-03	9.97e-01	1.33e-11
 5.65758e+14	2.78e-03	9.97e-01	1.33e-11
 7.68398e+14	2.74e-03	9.97e-01	1.31e-11
 1.03183e+15	2.70e-03	9.97e-01	1.29e-11
 1.37429e+15	2.64e-03	9.97e-01	1.26e-11
 1.81949e+15	2.57e-03	9.97e-01	1.22e-11
 2.39825e+15	2.50e-03	9.98e-01	1.16e-11
 2.99228e+15	2.41e-03	9.98e-01	1.08e-11
 3.48525e+15	2.35e-03	9.98e-01	1.02e-11
 4.00518e+15	2.32e-03	9.98e-01	9.97e-12
 4.68109e+15	2.31e-03	9.98e-01	9.85e-12
 5.55977e+15	2.33e-03	9.98e-01	1.01e-11
 6.35924e+15	2.33e-03	9.98e-01	1.03e-11
 6.99517e+15	2.35e-03	9.98e-01	1.06e-11
 7.69468e+15	2.38e-03	9.98e-01	1.09e-11
 8.46415e+15	2.40e-03	9.98e-01	1.12e-11
 9.31057e+15	2.43e-03	9.98e-01	1.15e-11
 1.02416e+16	2.46e-03	9.98e-01	1.18e-11
 1.12658e+16	2.59e-03	9.97e-01	1.28e-11
 1.20848e+16	2.61e-03	9.97e-01	1.30e-11
 1.27347e+16	2.63e-03	9.97e-01	1.30e-11
 1.35796e+16	2.66e-03	9.97e-01	1.33e-11
 1.46780e+16	2.70e-03	9.97e-01	1.36e-11
 1.60637e+16	2.75e-03	9.97e-01	1.39e-11
 1.76701e+16	2.80e-03	9.97e-01	1.43e-11
 1.94371e+16	2.88e-03	9.97e-01	1.46e-11
 2.12549e+16	2.97e-03	9.97e-01	1.51e-11
 2.30909e+16	3.07e-03	9.97e-01	1.53e-11
 2.46961e+16	3.19e-03	9.97e-01	1.56e-11
 2.58187e+16	3.29e-03	9.97e-01	1.58e-11
 2.68794e+16	3.37e-03	9.97e-01	1.54e-11
 2.82583e+16	3.48e-03	9.97e-01	1.47e-11
 2.96930e+16	3.64e-03	9.96e-01	1.40e-11
 3.08363e+16	3.80e-03	9.96e-01	1.34e-11
 3.17643e+16	3.93e-03	9.96e-01	1.25e-11
 3.27764e+16	4.05e-03	9.96e-01	1.13e-11
 3.40667e+16	4.22e-03	9.96e-01	9.62e-12
 3.53928e+16	4.47e-03	9.96e-01	8.48e-12
 3.64398e+16	4.70e-03	9.95e-01	7.76e-12
 3.72819e+16	4.89e-03	9.95e-01	7.09e-12
 3.82085e+16	5.07e-03	9.95e-01	6.25e-12
 3.93702e+16	5.33e-03	9.95e-01	5.44e-12
 4.05601e+16	5.69e-03	9.94e-01	4.93e-12
 4.15322e+16	6.03e-03	9.94e-01	4.70e-12
 4.23298e+16	6.33e-03	9.94e-01	4.50e-12
 4.31976e+16	6.61e-03	9.93e-01	4.22e-12
 4.43013e+16	7.00e-03	9.93e-01	3.96e-12
 4.54442e+16	7.57e-03	9.92e-01	3.90e-12
 4.63684e+16	8.13e-03	9.92e-01	3.95e-12
 4.71101e+16	8.60e-03	9.91e-01	4.00e-12
 4.79087e+16	9.04e-03	9.91e-01	3.97e-12
 4.89320e+16	9.66e-03	9.90e-01	3.96e-12
 5.00527e+16	1.06e-02	9.89e-01	4.10e-12
 5.10449e+16	1.16e-02	9.88e-01	4.33e-12
 5.18785e+16	1.25e-02	9.87e-01	4.54e-12
 5.27590e+16	1.35e-02	9.87e-01	4.67e-12
 5.37785e+16	1.48e-02	9.85e-01	4.89e-12
 5.48083e+16	1.65e-02	9.84e-01	5.23e-12
 5.57713e+16	1.84e-02	9.82e-01	5.61e-12
 5.66801e+16	2.05e-02	9.79e-01	6.02e-12
 5.75822e+16	2.29e-02	9.77e-01	6.46e-12
 5.84902e+16	2.59e-02	9.74e-01	6.98e-12
 5.93810e+16	2.94e-02	9.71e-01	7.62e-12
 6.02459e+16	3.37e-02	9.66e-01	8.36e-12
 6.10894e+16	3.90e-02	9.61e-01	9.24e-12
 6.18687e+16	4.54e-02	9.55e-01	1.04e-11
 6.25304e+16	5.26e-02	9.47e-01	1.17e-11
 6.30906e+16	6.02e-02	9.40e-01	1.30e-11
 6.35979e+16	6.86e-02	9.31e-01	1.44e-11
 6.40858e+16	7.85e-02	9.22e-01	1.62e-11
 6.45498e+16	9.08e-02	9.09e-01	1.85e-11
 6.49616e+16	1.05e-01	8.95e-01	2.12e-11
 6.53115e+16	1.20e-01	8.80e-01	2.42e-11
 6.56187e+16	1.37e-01	8.63e-01	2.76e-11
 6.59021e+16	1.55e-01	8.45e-01	3.17e-11
 6.61673e+16	1.77e-01	8.23e-01	3.67e-11
 6.64085e+16	2.02e-01	7.98e-01	4.28e-11
 6.66219e+16	2.28e-01	7.72e-01	4.99e-11
 6.68101e+16	2.57e-01	7.43e-01	5.82e-11
 6.69808e+16	2.87e-01	7.13e-01	6.76e-11
 6.71406e+16	3.19e-01	6.81e-01	7.88e-11
 6.72893e+16	3.53e-01	6.47e-01	9.20e-11
 6.74182e+16	3.87e-01	6.13e-01	1.07e-10
 6.75220e+16	4.17e-01	5.83e-01	1.21e-10
 6.76075e+16	4.42e-01	5.58e-01	1.34e-10
 6.76852e+16	4.66e-01	5.34e-01	1.48e-10
 6.77614e+16	4.89e-01	5.11e-01	1.63e-10
 6.78357e+16	5.13e-01	4.87e-01	1.79e-10
 6.79047e+16	5.36e-01	4.64e-01	1.96e-10
 6.79565e+16	5.53e-01	4.47e-01	2.11e-10
 6.79893e+16	5.64e-01	4.36e-01	2.20e-10
 6.80197e+16	5.73e-01	4.27e-01	2.28e-10
 6.80579e+16	5.85e-01	4.15e-01	2.40e-10
 6.81024e+16	5.99e-01	4.01e-01	2.54e-10
 6.81451e+16	6.13e-01	3.87e-01	2.69e-10
 6.81828e+16	6.25e-01	3.75e-01	2.82e-10
 6.82193e+16	6.36e-01	3.64e-01	2.97e-10
 6.82574e+16	6.47e-01	3.53e-01	3.11e-10
 6.82973e+16	6.59e-01	3.41e-01	3.29e-10
 6.83372e+16	6.71e-01	3.29e-01	3.46e-10
 6.83756e+16	6.82e-01	3.18e-01	3.63e-10
 6.84137e+16	6.93e-01	3.07e-01	3.83e-10
 6.84524e+16	7.04e-01	2.96e-01	4.02e-10
 6.84915e+16	7.15e-01	2.85e-01	4.23e-10
 6.85307e+16	7.25e-01	2.75e-01	4.46e-10
 6.85692e+16	7.35e-01	2.65e-01	4.68e-10
 6.86079e+16	7.45e-01	2.55e-01	4.93e-10
 6.86469e+16	7.55e-01	2.45e-01	5.19e-10
 6.86857e+16	7.64e-01	2.36e-01	5.46e-10
 6.87244e+16	7.73e-01	2.27e-01	5.75e-10
 6.87631e+16	7.82e-01	2.18e-01	6.04e-10
 6.88021e+16	7.91e-01	2.09e-01	6.37e-10
 6.88411e+16	7.99e-01	2.01e-01	6.72e-10
 6.88795e+16	8.07e-01	1.93e-01	7.08e-10
 6.89176e+16	8.15e-01	1.85e-01	7.45e-10
 6.89561e+16	8.23e-01	1.77e-01	7.86e-10
 6.89944e+16	8.30e-01	1.70e-01	8.30e-10
 6.90320e+16	8.37e-01	1.63e-01	8.76e-10
 6.90693e+16	8.44e-01	1.56e-01	9.24e-10
 6.91062e+16	8.51e-01	1.49e-01	9.75e-10
 6.91424e+16	8.57e-01	1.43e-01	1.03e-09
 6.91779e+16	8.63e-01	1.37e-01	1.08e-09
 6.92132e+16	8.68e-01	1.32e-01	1.15e-09
 6.92478e+16	8.74e-01	1.26e-01	1.21e-09
 6.92809e+16	8.79e-01	1.21e-01	1.28e-09
 6.93137e+16	8.84e-01	1.16e-01	1.35e-09
 6.93465e+16	8.89e-01	1.11e-01	1.42e-09
 6.93787e+16	8.93e-01	1.07e-01	1.50e-09
 6.94103e+16	8.98e-01	1.02e-01	1.59e-09
 6.94412e+16	9.02e-01	9.82e-02	1.68e-09
 6.94708e+16	9.06e-01	9.43e-02	1.77e-09
 6.95001e+16	9.09e-01	9.06e-02	1.87e-09
 6.95295e+16	9.13e-01	8.69e-02	1.99e-09
 6.95583e+16	9.17e-01	8.33e-02	2.10e-09
 6.95864e+16	9.20e-01	8.00e-02	2.23e-09
 6.96135e+16	9.23e-01	7.69e-02	2.37e-09
 6.96405e+16	9.26e-01	7.38e-02	2.51e-09
 6.96671e+16	9.29e-01	7.08e-02	2.67e-09
 6.96932e+16	9.32e-01	6.80e-02	2.84e-09
 6.97186e+16	9.35e-01	6.54e-02	3.02e-09
 6.97436e+16	9.37e-01	6.27e-02	3.23e-09
 6.97681e+16	9.40e-01	6.03e-02	3.42e-09
 6.97920e+16	9.42e-01	5.78e-02	3.69e-09
 6.98153e+16	9.44e-01	5.55e-02	3.95e-09
 6.98378e+16	9.47e-01	5.34e-02	4.24e-09
 6.98601e+16	9.49e-01	5.13e-02	4.55e-09
 6.98821e+16	9.51e-01	4.92e-02	4.92e-09
 6.99030e+16	9.53e-01	4.73e-02	5.31e-09
 6.99234e+16	9.55e-01	4.54e-02	5.75e-09
 6.99437e+16	9.56e-01	4.36e-02	6.25e-09
 6.99635e+16	9.58e-01	4.18e-02	6.83e-09
 6.99824e+16	9.60e-01	4.02e-02	7.48e-09
 7.00008e+16	9.61e-01	3.86e-02	8.22e-09
 7.00187e+16	9.63e-01	3.70e-02	9.08e-09
 7.00356e+16	9.64e-01	3.56e-02	1.00e-08
 7.00511e+16	9.66e-01	3.43e-02	1.11e-08
 7.00654e+16	9.67e-01	3.31e-02	1.23e-08
 7.00788e+16	9.68e-01	3.19e-02	1.36e-08
 7.00909e+16	9.69e-01	3.09e-02	1.50e-08
 7.01021e+16	9.70e-01	3.00e-02	1.66e-08
 7.01124e+16	9.71e-01	2.91e-02	1.83e-08
 7.01220e+16	9.72e-01	2.83e-02	2.02e-08
 7.01309e+16	9.73e-01	2.75e-02	2.24e-08
 7.01391e+16	9.73e-01	2.68e-02	2.47e-08
 7.01466e+16	9.74e-01	2.61e-02	2.74e-08
 7.01537e+16	9.75e-01	2.55e-02	3.03e-08
 7.01602e+16	9.75e-01	2.49e-02	3.35e-08
 7.01662e+16	9.76e-01	2.43e-02	3.70e-08
 7.01717e+16	9.76e-01	2.37e-02	4.09e-08
 7.01769e+16	9.77e-01	2.32e-02	4.52e-08
 7.01817e+16	9.77e-01	2.27e-02	5.00e-08
 7.01862e+16	9.78e-01	2.23e-02	5.54e-08
 7.01904e+16	9.78e-01	2.19e-02	6.05e-08
 7.01945e+16	9.79e-01	2.14e-02	6.81e-08
 7.01984e+16	9.79e-01	2.09e-02	7.60e-08
 7.02015e+16	9.79e-01	2.06e-02	8.27e-08
 7.02045e+16	9.80e-01	2.02e-02	9.29e-08
 7.02074e+16	9.80e-01	1.99e-02	1.02e-07
 7.02101e+16	9.81e-01	1.94e-02	1.14e-07
 7.02126e+16	9.81e-01	1.90e-02	1.28e-07
 7.02146e+16	9.81e-01	1.86e-02	1.42e-07
 7.02163e+16	9.82e-01	1.81e-02	1.62e-07
 7.02177e+16	9.82e-01	1.81e-02	1.67e-07
 7.02191e+16	9.82e-01	1.81e-02	1.74e-07
 7.02208e+16	9.82e-01	1.79e-02	1.90e-07
 7.02229e+16	9.82e-01	1.75e-02	2.15e-07
 7.02248e+16	9.83e-01	1.72e-02	2.43e-07
 7.02262e+16	9.83e-01	1.69e-02	2.63e-07
 7.02276e+16	9.83e-01	1.66e-02	2.97e-07
 7.02288e+16	9.84e-01	1.63e-02	3.33e-07
 7.02298e+16	9.84e-01	1.61e-02	3.54e-07
 7.02308e+16	9.84e-01	1.57e-02	3.96e-07
 7.02319e+16	9.85e-01	1.54e-02	4.41e-07
 7.02327e+16	9.85e-01	1.51e-02	4.89e-07
 7.02334e+16	9.85e-01	1.48e-02	5.34e-07
 7.02341e+16	9.86e-01	1.43e-02	6.03e-07
 7.02348e+16	9.86e-01	1.37e-02	6.95e-07
 7.02355e+16	9.96e-01	3.80e-03	5.82e-06
