#depth	O	O+	O+2	O+3	O+4	O+5	O+6	O+7	O+8	O[1]	O[2]	O[3]
 8.14691e+10	2.39e-04	1.32e-01	8.68e-01	7.90e-05	0.00e+00	0.00e+00	0.00e+00	0.00e+00	0.00e+00	1.76e-04	4.38e-05	1.92e-05
 4.88815e+11	2.40e-04	1.32e-01	8.68e-01	7.83e-05	0.00e+00	0.00e+00	0.00e+00	0.00e+00	0.00e+00	1.77e-04	4.39e-05	1.92e-05
 2.11820e+12	2.42e-04	1.33e-01	8.67e-01	7.68e-05	0.00e+00	0.00e+00	0.00e+00	0.00e+00	0.00e+00	1.78e-04	4.43e-05	1.94e-05
 8.63572e+12	2.47e-04	1.35e-01	8.65e-01	7.14e-05	0.00e+00	0.00e+00	0.00e+00	0.00e+00	0.00e+00	1.82e-04	4.52e-05	1.98e-05
 2.06280e+13	2.51e-04	1.37e-01	8.62e-01	6.39e-05	0.00e+00	0.00e+00	0.00e+00	0.00e+00	0.00e+00	1.85e-04	4.60e-05	2.02e-05
 3.62179e+13	2.56e-04	1.41e-01	8.59e-01	5.54e-05	0.00e+00	0.00e+00	0.00e+00	0.00e+00	0.00e+00	1.88e-04	4.70e-05	2.08e-05
 5.64848e+13	2.63e-04	1.46e-01	8.54e-01	4.60e-05	0.00e+00	0.00e+00	0.00e+00	0.00e+00	0.00e+00	1.93e-04	4.85e-05	2.15e-05
 8.28318e+13	2.73e-04	1.52e-01	8.48e-01	3.62e-05	0.00e+00	0.00e+00	0.00e+00	0.00e+00	0.00e+00	2.00e-04	5.03e-05	2.24e-05
 1.17083e+14	2.87e-04	1.61e-01	8.39e-01	2.64e-05	0.00e+00	0.00e+00	0.00e+00	0.00e+00	0.00e+00	2.11e-04	5.29e-05	2.36e-05
 1.61609e+14	3.08e-04	1.73e-01	8.26e-01	1.75e-05	0.00e+00	0.00e+00	0.00e+00	0.00e+00	0.00e+00	2.26e-04	5.66e-05	2.54e-05
 2.19494e+14	3.38e-04	1.92e-01	8.08e-01	1.02e-05	0.00e+00	0.00e+00	0.00e+00	0.00e+00	0.00e+00	2.48e-04	6.20e-05	2.79e-05
 2.94743e+14	3.85e-04	2.20e-01	7.80e-01	5.05e-06	0.00e+00	0.00e+00	0.00e+00	0.00e+00	0.00e+00	2.82e-04	7.03e-05	3.17e-05
 3.92568e+14	4.59e-04	2.65e-01	7.34e-01	2.00e-06	0.00e+00	0.00e+00	0.00e+00	0.00e+00	0.00e+00	3.37e-04	8.39e-05	3.80e-05
 4.94223e+14	5.49e-04	3.26e-01	6.73e-01	7.51e-07	0.00e+00	0.00e+00	0.00e+00	0.00e+00	0.00e+00	4.02e-04	1.00e-04	4.57e-05
 5.79334e+14	6.38e-04	3.91e-01	6.08e-01	3.23e-07	0.00e+00	0.00e+00	0.00e+00	0.00e+00	0.00e+00	4.68e-04	1.17e-04	5.33e-05
 6.55202e+14	7.42e-04	4.62e-01	5.37e-01	1.46e-07	0.00e+00	0.00e+00	0.00e+00	0.00e+00	0.00e+00	5.44e-04	1.36e-04	6.23e-05
 7.40580e+14	8.77e-04	5.55e-01	4.44e-01	0.00e+00	0.00e+00	0.00e+00	0.00e+00	0.00e+00	0.00e+00	6.43e-04	1.61e-04	7.39e-05
 8.31718e+14	1.03e-03	6.63e-01	3.36e-01	0.00e+00	0.00e+00	0.00e+00	0.00e+00	0.00e+00	0.00e+00	7.50e-04	1.89e-04	8.69e-05
 9.14405e+14	1.16e-03	7.61e-01	2.38e-01	0.00e+00	0.00e+00	0.00e+00	0.00e+00	0.00e+00	0.00e+00	8.47e-04	2.13e-04	9.85e-05
 1.00596e+15	1.30e-03	8.53e-01	1.46e-01	0.00e+00	0.00e+00	0.00e+00	0.00e+00	0.00e+00	0.00e+00	9.47e-04	2.39e-04	1.10e-04
 1.11059e+15	1.42e-03	9.24e-01	7.43e-02	0.00e+00	0.00e+00	0.00e+00	0.00e+00	0.00e+00	0.00e+00	1.04e-03	2.61e-04	1.21e-04
 1.21356e+15	1.51e-03	9.64e-01	3.44e-02	0.00e+00	0.00e+00	0.00e+00	0.00e+00	0.00e+00	0.00e+00	1.11e-03	2.79e-04	1.29e-04
 1.30864e+15	1.60e-03	9.83e-01	1.58e-02	0.00e+00	0.00e+00	0.00e+00	0.00e+00	0.00e+00	0.00e+00	1.17e-03	2.96e-04	1.37e-04
 1.39380e+15	1.69e-03	9.91e-01	7.52e-03	0.00e+00	0.00e+00	0.00e+00	0.00e+00	0.00e+00	0.00e+00	1.23e-03	3.12e-04	1.44e-04
 1.45987e+15	1.78e-03	9.94e-01	4.11e-03	0.00e+00	0.00e+00	0.00e+00	0.00e+00	0.00e+00	0.00e+00	1.30e-03	3.29e-04	1.51e-04
 1.50391e+15	1.86e-03	9.95e-01	2.68e-03	0.00e+00	0.00e+00	0.00e+00	0.00e+00	0.00e+00	0.00e+00	1.36e-03	3.44e-04	1.58e-04
 1.53905e+15	1.93e-03	9.96e-01	1.87e-03	0.00e+00	0.00e+00	0.00e+00	0.00e+00	0.00e+00	0.00e+00	1.41e-03	3.58e-04	1.64e-04
 1.57810e+15	2.03e-03	9.97e-01	1.22e-03	0.00e+00	0.00e+00	0.00e+00	0.00e+00	0.00e+00	0.00e+00	1.49e-03	3.77e-04	1.72e-04
 1.61987e+15	2.15e-03	9.97e-01	7.63e-04	0.00e+00	0.00e+00	0.00e+00	0.00e+00	0.00e+00	0.00e+00	1.57e-03	3.98e-04	1.81e-04
 1.65434e+15	2.28e-03	9.97e-01	5.10e-04	0.00e+00	0.00e+00	0.00e+00	0.00e+00	0.00e+00	0.00e+00	1.66e-03	4.22e-04	1.91e-04
 1.68108e+15	2.38e-03	9.97e-01	3.67e-04	0.00e+00	0.00e+00	0.00e+00	0.00e+00	0.00e+00	0.00e+00	1.74e-03	4.41e-04	1.99e-04
 1.70478e+15	2.48e-03	9.97e-01	2.70e-04	0.00e+00	0.00e+00	0.00e+00	0.00e+00	0.00e+00	0.00e+00	1.82e-03	4.60e-04	2.08e-04
 1.73177e+15	2.62e-03	9.97e-01	1.86e-04	0.00e+00	0.00e+00	0.00e+00	0.00e+00	0.00e+00	0.00e+00	1.91e-03	4.85e-04	2.18e-04
 1.76001e+15	2.76e-03	9.97e-01	1.26e-04	0.00e+00	0.00e+00	0.00e+00	0.00e+00	0.00e+00	0.00e+00	2.02e-03	5.12e-04	2.30e-04
 1.78282e+15	2.89e-03	9.97e-01	9.06e-05	0.00e+00	0.00e+00	0.00e+00	0.00e+00	0.00e+00	0.00e+00	2.11e-03	5.35e-04	2.39e-04
 1.80143e+15	3.00e-03	9.97e-01	6.84e-05	0.00e+00	0.00e+00	0.00e+00	0.00e+00	0.00e+00	0.00e+00	2.20e-03	5.55e-04	2.48e-04
 1.82160e+15	3.12e-03	9.97e-01	4.94e-05	0.00e+00	0.00e+00	0.00e+00	0.00e+00	0.00e+00	0.00e+00	2.29e-03	5.79e-04	2.58e-04
 1.84366e+15	3.26e-03	9.97e-01	3.46e-05	0.00e+00	0.00e+00	0.00e+00	0.00e+00	0.00e+00	0.00e+00	2.39e-03	6.05e-04	2.69e-04
 1.86304e+15	3.39e-03	9.97e-01	2.51e-05	0.00e+00	0.00e+00	0.00e+00	0.00e+00	0.00e+00	0.00e+00	2.49e-03	6.29e-04	2.78e-04
 1.87965e+15	3.51e-03	9.96e-01	1.88e-05	0.00e+00	0.00e+00	0.00e+00	0.00e+00	0.00e+00	0.00e+00	2.57e-03	6.50e-04	2.87e-04
 1.89777e+15	3.64e-03	9.96e-01	1.34e-05	0.00e+00	0.00e+00	0.00e+00	0.00e+00	0.00e+00	0.00e+00	2.67e-03	6.74e-04	2.97e-04
 1.91764e+15	3.78e-03	9.96e-01	9.18e-06	0.00e+00	0.00e+00	0.00e+00	0.00e+00	0.00e+00	0.00e+00	2.77e-03	7.02e-04	3.08e-04
 1.93544e+15	3.92e-03	9.96e-01	6.48e-06	0.00e+00	0.00e+00	0.00e+00	0.00e+00	0.00e+00	0.00e+00	2.87e-03	7.27e-04	3.18e-04
 1.95152e+15	4.04e-03	9.96e-01	4.64e-06	0.00e+00	0.00e+00	0.00e+00	0.00e+00	0.00e+00	0.00e+00	2.97e-03	7.50e-04	3.28e-04
 1.96968e+15	4.19e-03	9.96e-01	3.11e-06	0.00e+00	0.00e+00	0.00e+00	0.00e+00	0.00e+00	0.00e+00	3.07e-03	7.78e-04	3.39e-04
 1.99330e+15	4.37e-03	9.96e-01	1.81e-06	0.00e+00	0.00e+00	0.00e+00	0.00e+00	0.00e+00	0.00e+00	3.21e-03	8.12e-04	3.53e-04
 2.01914e+15	4.56e-03	9.95e-01	9.89e-07	0.00e+00	0.00e+00	0.00e+00	0.00e+00	0.00e+00	0.00e+00	3.35e-03	8.47e-04	3.67e-04
 2.04789e+15	5.82e-03	9.94e-01	4.09e-07	0.00e+00	0.00e+00	0.00e+00	0.00e+00	0.00e+00	0.00e+00	4.16e-03	1.17e-03	4.82e-04
 2.07555e+15	6.10e-03	9.94e-01	1.66e-07	0.00e+00	0.00e+00	0.00e+00	0.00e+00	0.00e+00	0.00e+00	4.36e-03	1.23e-03	5.05e-04
 2.10178e+15	6.27e-03	9.94e-01	7.51e-08	0.00e+00	0.00e+00	0.00e+00	0.00e+00	0.00e+00	0.00e+00	4.49e-03	1.27e-03	5.19e-04
 2.13590e+15	6.48e-03	9.94e-01	2.75e-08	0.00e+00	0.00e+00	0.00e+00	0.00e+00	0.00e+00	0.00e+00	4.63e-03	1.31e-03	5.36e-04
 2.18024e+15	6.73e-03	9.93e-01	7.70e-09	0.00e+00	0.00e+00	0.00e+00	0.00e+00	0.00e+00	0.00e+00	4.81e-03	1.36e-03	5.56e-04
 2.23789e+15	7.06e-03	9.93e-01	1.57e-09	0.00e+00	0.00e+00	0.00e+00	0.00e+00	0.00e+00	0.00e+00	5.04e-03	1.44e-03	5.84e-04
 2.31283e+15	7.50e-03	9.92e-01	2.27e-10	0.00e+00	0.00e+00	0.00e+00	0.00e+00	0.00e+00	0.00e+00	5.35e-03	1.53e-03	6.20e-04
 2.41026e+15	8.13e-03	9.92e-01	2.88e-11	0.00e+00	0.00e+00	0.00e+00	0.00e+00	0.00e+00	0.00e+00	5.79e-03	1.67e-03	6.73e-04
 2.53400e+15	9.06e-03	9.91e-01	1.04e-11	0.00e+00	0.00e+00	0.00e+00	0.00e+00	0.00e+00	0.00e+00	6.44e-03	1.87e-03	7.52e-04
 2.66761e+15	1.03e-02	9.90e-01	9.20e-12	0.00e+00	0.00e+00	0.00e+00	0.00e+00	0.00e+00	0.00e+00	7.30e-03	2.15e-03	8.58e-04
 2.78558e+15	1.17e-02	9.88e-01	9.06e-12	0.00e+00	0.00e+00	0.00e+00	0.00e+00	0.00e+00	0.00e+00	8.24e-03	2.45e-03	9.74e-04
 2.88262e+15	1.29e-02	9.87e-01	9.01e-12	0.00e+00	0.00e+00	0.00e+00	0.00e+00	0.00e+00	0.00e+00	9.12e-03	2.73e-03	1.08e-03
 2.96474e+15	1.41e-02	9.86e-01	8.98e-12	0.00e+00	0.00e+00	0.00e+00	0.00e+00	0.00e+00	0.00e+00	9.93e-03	2.99e-03	1.19e-03
 3.03927e+15	1.52e-02	9.85e-01	8.96e-12	0.00e+00	0.00e+00	0.00e+00	0.00e+00	0.00e+00	0.00e+00	1.07e-02	3.24e-03	1.28e-03
 3.11078e+15	1.64e-02	9.84e-01	8.94e-12	0.00e+00	0.00e+00	0.00e+00	0.00e+00	0.00e+00	0.00e+00	1.15e-02	3.50e-03	1.38e-03
 3.17916e+15	1.75e-02	9.83e-01	8.93e-12	0.00e+00	0.00e+00	0.00e+00	0.00e+00	0.00e+00	0.00e+00	1.23e-02	3.76e-03	1.49e-03
 3.24372e+15	1.86e-02	9.81e-01	8.93e-12	0.00e+00	0.00e+00	0.00e+00	0.00e+00	0.00e+00	0.00e+00	1.30e-02	4.02e-03	1.59e-03
 3.30480e+15	1.97e-02	9.80e-01	8.92e-12	0.00e+00	0.00e+00	0.00e+00	0.00e+00	0.00e+00	0.00e+00	1.38e-02	4.27e-03	1.69e-03
 3.36323e+15	2.08e-02	9.79e-01	8.92e-12	0.00e+00	0.00e+00	0.00e+00	0.00e+00	0.00e+00	0.00e+00	1.45e-02	4.52e-03	1.79e-03
 3.41951e+15	2.20e-02	9.78e-01	8.89e-12	0.00e+00	0.00e+00	0.00e+00	0.00e+00	0.00e+00	0.00e+00	1.53e-02	4.78e-03	1.89e-03
 3.47545e+15	2.30e-02	9.77e-01	8.89e-12	0.00e+00	0.00e+00	0.00e+00	0.00e+00	0.00e+00	0.00e+00	1.60e-02	5.02e-03	1.99e-03
 3.53042e+15	2.41e-02	9.76e-01	8.88e-12	0.00e+00	0.00e+00	0.00e+00	0.00e+00	0.00e+00	0.00e+00	1.68e-02	5.27e-03	2.09e-03
 3.58250e+15	2.52e-02	9.75e-01	8.87e-12	0.00e+00	0.00e+00	0.00e+00	0.00e+00	0.00e+00	0.00e+00	1.75e-02	5.52e-03	2.19e-03
 3.63289e+15	2.62e-02	9.74e-01	8.86e-12	0.00e+00	0.00e+00	0.00e+00	0.00e+00	0.00e+00	0.00e+00	1.81e-02	5.75e-03	2.28e-03
 3.68274e+15	2.72e-02	9.73e-01	8.84e-12	0.00e+00	0.00e+00	0.00e+00	0.00e+00	0.00e+00	0.00e+00	1.88e-02	5.98e-03	2.37e-03
 3.73230e+15	2.82e-02	9.72e-01	8.81e-12	0.00e+00	0.00e+00	0.00e+00	0.00e+00	0.00e+00	0.00e+00	1.95e-02	6.22e-03	2.47e-03
 3.78158e+15	2.92e-02	9.71e-01	8.78e-12	0.00e+00	0.00e+00	0.00e+00	0.00e+00	0.00e+00	0.00e+00	2.02e-02	6.45e-03	2.56e-03
 3.83077e+15	3.02e-02	9.70e-01	8.74e-12	0.00e+00	0.00e+00	0.00e+00	0.00e+00	0.00e+00	0.00e+00	2.09e-02	6.65e-03	2.66e-03
 3.88010e+15	3.12e-02	9.69e-01	8.68e-12	0.00e+00	0.00e+00	0.00e+00	0.00e+00	0.00e+00	0.00e+00	2.16e-02	6.86e-03	2.76e-03
 3.92973e+15	3.23e-02	9.68e-01	8.62e-12	0.00e+00	0.00e+00	0.00e+00	0.00e+00	0.00e+00	0.00e+00	2.24e-02	7.07e-03	2.86e-03
 3.97998e+15	3.34e-02	9.67e-01	8.54e-12	0.00e+00	0.00e+00	0.00e+00	0.00e+00	0.00e+00	0.00e+00	2.32e-02	7.28e-03	2.97e-03
 4.03111e+15	3.46e-02	9.65e-01	8.45e-12	0.00e+00	0.00e+00	0.00e+00	0.00e+00	0.00e+00	0.00e+00	2.40e-02	7.51e-03	3.08e-03
 4.08328e+15	3.59e-02	9.64e-01	8.34e-12	0.00e+00	0.00e+00	0.00e+00	0.00e+00	0.00e+00	0.00e+00	2.49e-02	7.75e-03	3.20e-03
 4.13661e+15	3.73e-02	9.63e-01	8.22e-12	0.00e+00	0.00e+00	0.00e+00	0.00e+00	0.00e+00	0.00e+00	2.59e-02	8.01e-03	3.33e-03
 4.19131e+15	3.87e-02	9.61e-01	8.08e-12	0.00e+00	0.00e+00	0.00e+00	0.00e+00	0.00e+00	0.00e+00	2.70e-02	8.30e-03	3.48e-03
 4.24756e+15	4.04e-02	9.60e-01	7.93e-12	0.00e+00	0.00e+00	0.00e+00	0.00e+00	0.00e+00	0.00e+00	2.81e-02	8.61e-03	3.63e-03
 4.30541e+15	4.22e-02	9.58e-01	7.75e-12	0.00e+00	0.00e+00	0.00e+00	0.00e+00	0.00e+00	0.00e+00	2.94e-02	8.95e-03	3.80e-03
 4.36493e+15	4.42e-02	9.56e-01	7.56e-12	0.00e+00	0.00e+00	0.00e+00	0.00e+00	0.00e+00	0.00e+00	3.09e-02	9.33e-03	3.99e-03
 4.42613e+15	4.64e-02	9.54e-01	7.35e-12	0.00e+00	0.00e+00	0.00e+00	0.00e+00	0.00e+00	0.00e+00	3.24e-02	9.75e-03	4.20e-03
 4.48902e+15	4.89e-02	9.51e-01	7.13e-12	0.00e+00	0.00e+00	0.00e+00	0.00e+00	0.00e+00	0.00e+00	3.42e-02	1.02e-02	4.44e-03
 4.55350e+15	5.16e-02	9.48e-01	6.90e-12	0.00e+00	0.00e+00	0.00e+00	0.00e+00	0.00e+00	0.00e+00	3.62e-02	1.08e-02	4.70e-03
 4.61947e+15	5.47e-02	9.45e-01	6.65e-12	0.00e+00	0.00e+00	0.00e+00	0.00e+00	0.00e+00	0.00e+00	3.84e-02	1.13e-02	4.99e-03
 4.68678e+15	5.82e-02	9.42e-01	6.40e-12	0.00e+00	0.00e+00	0.00e+00	0.00e+00	0.00e+00	0.00e+00	4.09e-02	1.20e-02	5.32e-03
 4.75526e+15	6.21e-02	9.38e-01	6.15e-12	0.00e+00	0.00e+00	0.00e+00	0.00e+00	0.00e+00	0.00e+00	4.37e-02	1.27e-02	5.69e-03
 4.82474e+15	6.64e-02	9.34e-01	5.89e-12	0.00e+00	0.00e+00	0.00e+00	0.00e+00	0.00e+00	0.00e+00	4.68e-02	1.36e-02	6.10e-03
 4.89496e+15	7.13e-02	9.29e-01	5.64e-12	0.00e+00	0.00e+00	0.00e+00	0.00e+00	0.00e+00	0.00e+00	5.03e-02	1.45e-02	6.56e-03
 4.96557e+15	7.68e-02	9.23e-01	5.38e-12	0.00e+00	0.00e+00	0.00e+00	0.00e+00	0.00e+00	0.00e+00	5.42e-02	1.55e-02	7.08e-03
 5.03604e+15	8.29e-02	9.17e-01	5.14e-12	0.00e+00	0.00e+00	0.00e+00	0.00e+00	0.00e+00	0.00e+00	5.86e-02	1.66e-02	7.66e-03
 5.10639e+15	8.98e-02	9.10e-01	4.91e-12	0.00e+00	0.00e+00	0.00e+00	0.00e+00	0.00e+00	0.00e+00	6.35e-02	1.79e-02	8.31e-03
 5.17666e+15	9.74e-02	9.03e-01	4.69e-12	0.00e+00	0.00e+00	0.00e+00	0.00e+00	0.00e+00	0.00e+00	6.91e-02	1.93e-02	9.04e-03
 5.24639e+15	1.06e-01	8.94e-01	4.48e-12	0.00e+00	0.00e+00	0.00e+00	0.00e+00	0.00e+00	0.00e+00	7.54e-02	2.09e-02	9.85e-03
 5.31536e+15	1.16e-01	8.84e-01	4.28e-12	0.00e+00	0.00e+00	0.00e+00	0.00e+00	0.00e+00	0.00e+00	8.24e-02	2.26e-02	1.08e-02
 5.38349e+15	1.27e-01	8.73e-01	4.10e-12	0.00e+00	0.00e+00	0.00e+00	0.00e+00	0.00e+00	0.00e+00	9.04e-02	2.45e-02	1.18e-02
 5.45068e+15	1.39e-01	8.61e-01	3.93e-12	0.00e+00	0.00e+00	0.00e+00	0.00e+00	0.00e+00	0.00e+00	9.94e-02	2.67e-02	1.30e-02
 5.51690e+15	1.53e-01	8.47e-01	3.78e-12	0.00e+00	0.00e+00	0.00e+00	0.00e+00	0.00e+00	0.00e+00	1.10e-01	2.91e-02	1.43e-02
 5.58199e+15	1.69e-01	8.31e-01	3.63e-12	0.00e+00	0.00e+00	0.00e+00	0.00e+00	0.00e+00	0.00e+00	1.22e-01	3.19e-02	1.58e-02
 5.64635e+15	1.88e-01	8.12e-01	3.50e-12	0.00e+00	0.00e+00	0.00e+00	0.00e+00	0.00e+00	0.00e+00	1.35e-01	3.50e-02	1.75e-02
 5.71028e+15	2.09e-01	7.91e-01	3.36e-12	0.00e+00	0.00e+00	0.00e+00	0.00e+00	0.00e+00	0.00e+00	1.51e-01	3.86e-02	1.95e-02
 5.77363e+15	2.35e-01	7.65e-01	3.24e-12	0.00e+00	0.00e+00	0.00e+00	0.00e+00	0.00e+00	0.00e+00	1.70e-01	4.29e-02	2.19e-02
 5.83684e+15	2.65e-01	7.35e-01	3.12e-12	0.00e+00	0.00e+00	0.00e+00	0.00e+00	0.00e+00	0.00e+00	1.93e-01	4.78e-02	2.47e-02
 5.90067e+15	3.03e-01	6.97e-01	2.99e-12	0.00e+00	0.00e+00	0.00e+00	0.00e+00	0.00e+00	0.00e+00	2.21e-01	5.39e-02	2.82e-02
 5.96067e+15	3.48e-01	6.52e-01	2.86e-12	0.00e+00	0.00e+00	0.00e+00	0.00e+00	0.00e+00	0.00e+00	2.55e-01	6.09e-02	3.22e-02
 6.00694e+15	3.93e-01	6.07e-01	2.73e-12	0.00e+00	0.00e+00	0.00e+00	0.00e+00	0.00e+00	0.00e+00	2.89e-01	6.77e-02	3.61e-02
 6.03694e+15	4.28e-01	5.72e-01	2.63e-12	0.00e+00	0.00e+00	0.00e+00	0.00e+00	0.00e+00	0.00e+00	3.16e-01	7.29e-02	3.91e-02
 6.05727e+15	4.54e-01	5.46e-01	2.55e-12	0.00e+00	0.00e+00	0.00e+00	0.00e+00	0.00e+00	0.00e+00	3.36e-01	7.66e-02	4.12e-02
 6.07463e+15	4.76e-01	5.24e-01	2.49e-12	0.00e+00	0.00e+00	0.00e+00	0.00e+00	0.00e+00	0.00e+00	3.53e-01	7.97e-02	4.31e-02
 6.09222e+15	5.01e-01	4.99e-01	2.41e-12	0.00e+00	0.00e+00	0.00e+00	0.00e+00	0.00e+00	0.00e+00	3.72e-01	8.32e-02	4.51e-02
 6.10951e+15	5.27e-01	4.73e-01	2.33e-12	0.00e+00	0.00e+00	0.00e+00	0.00e+00	0.00e+00	0.00e+00	3.93e-01	8.66e-02	4.71e-02
 6.12466e+15	5.51e-01	4.49e-01	2.26e-12	0.00e+00	0.00e+00	0.00e+00	0.00e+00	0.00e+00	0.00e+00	4.12e-01	8.98e-02	4.90e-02
 6.13721e+15	5.72e-01	4.28e-01	2.19e-12	0.00e+00	0.00e+00	0.00e+00	0.00e+00	0.00e+00	0.00e+00	4.29e-01	9.24e-02	5.06e-02
 6.14816e+15	5.91e-01	4.09e-01	2.12e-12	0.00e+00	0.00e+00	0.00e+00	0.00e+00	0.00e+00	0.00e+00	4.44e-01	9.47e-02	5.20e-02
 6.15688e+15	6.06e-01	3.94e-01	2.06e-12	0.00e+00	0.00e+00	0.00e+00	0.00e+00	0.00e+00	0.00e+00	4.56e-01	9.66e-02	5.31e-02
 6.16320e+15	6.17e-01	3.83e-01	2.03e-12	0.00e+00	0.00e+00	0.00e+00	0.00e+00	0.00e+00	0.00e+00	4.66e-01	9.78e-02	5.38e-02
 6.16905e+15	6.28e-01	3.72e-01	1.99e-12	0.00e+00	0.00e+00	0.00e+00	0.00e+00	0.00e+00	0.00e+00	4.74e-01	9.90e-02	5.46e-02
 6.17554e+15	6.40e-01	3.60e-01	1.94e-12	0.00e+00	0.00e+00	0.00e+00	0.00e+00	0.00e+00	0.00e+00	4.84e-01	1.00e-01	5.54e-02
 6.18234e+15	6.53e-01	3.47e-01	1.89e-12	0.00e+00	0.00e+00	0.00e+00	0.00e+00	0.00e+00	0.00e+00	4.95e-01	1.02e-01	5.62e-02
 6.18880e+15	6.65e-01	3.35e-01	1.84e-12	0.00e+00	0.00e+00	0.00e+00	0.00e+00	0.00e+00	0.00e+00	5.05e-01	1.03e-01	5.70e-02
 6.19482e+15	6.77e-01	3.23e-01	1.80e-12	0.00e+00	0.00e+00	0.00e+00	0.00e+00	0.00e+00	0.00e+00	5.15e-01	1.04e-01	5.77e-02
 6.20063e+15	6.88e-01	3.12e-01	1.75e-12	0.00e+00	0.00e+00	0.00e+00	0.00e+00	0.00e+00	0.00e+00	5.24e-01	1.05e-01	5.84e-02
 6.20638e+15	6.99e-01	3.01e-01	1.71e-12	0.00e+00	0.00e+00	0.00e+00	0.00e+00	0.00e+00	0.00e+00	5.34e-01	1.06e-01	5.90e-02
 6.21207e+15	7.10e-01	2.90e-01	1.66e-12	0.00e+00	0.00e+00	0.00e+00	0.00e+00	0.00e+00	0.00e+00	5.43e-01	1.07e-01	5.96e-02
 6.21762e+15	7.21e-01	2.79e-01	1.62e-12	0.00e+00	0.00e+00	0.00e+00	0.00e+00	0.00e+00	0.00e+00	5.53e-01	1.08e-01	6.02e-02
 6.22301e+15	7.32e-01	2.68e-01	1.57e-12	0.00e+00	0.00e+00	0.00e+00	0.00e+00	0.00e+00	0.00e+00	5.62e-01	1.09e-01	6.08e-02
 6.22826e+15	7.42e-01	2.58e-01	1.53e-12	0.00e+00	0.00e+00	0.00e+00	0.00e+00	0.00e+00	0.00e+00	5.71e-01	1.10e-01	6.13e-02
 6.23340e+15	7.52e-01	2.48e-01	1.48e-12	0.00e+00	0.00e+00	0.00e+00	0.00e+00	0.00e+00	0.00e+00	5.79e-01	1.11e-01	6.17e-02
 6.23843e+15	7.61e-01	2.39e-01	1.44e-12	0.00e+00	0.00e+00	0.00e+00	0.00e+00	0.00e+00	0.00e+00	5.88e-01	1.11e-01	6.21e-02
 6.24337e+15	7.71e-01	2.29e-01	1.39e-12	0.00e+00	0.00e+00	0.00e+00	0.00e+00	0.00e+00	0.00e+00	5.96e-01	1.12e-01	6.25e-02
 6.24821e+15	7.80e-01	2.20e-01	1.35e-12	0.00e+00	0.00e+00	0.00e+00	0.00e+00	0.00e+00	0.00e+00	6.05e-01	1.12e-01	6.29e-02
 6.25296e+15	7.89e-01	2.11e-01	1.31e-12	0.00e+00	0.00e+00	0.00e+00	0.00e+00	0.00e+00	0.00e+00	6.13e-01	1.13e-01	6.32e-02
 6.25761e+15	7.97e-01	2.03e-01	1.27e-12	0.00e+00	0.00e+00	0.00e+00	0.00e+00	0.00e+00	0.00e+00	6.20e-01	1.13e-01	6.35e-02
 6.26218e+15	8.06e-01	1.94e-01	1.22e-12	0.00e+00	0.00e+00	0.00e+00	0.00e+00	0.00e+00	0.00e+00	6.28e-01	1.14e-01	6.37e-02
 6.26667e+15	8.14e-01	1.86e-01	1.18e-12	0.00e+00	0.00e+00	0.00e+00	0.00e+00	0.00e+00	0.00e+00	6.36e-01	1.14e-01	6.40e-02
 6.27107e+15	8.22e-01	1.78e-01	1.14e-12	0.00e+00	0.00e+00	0.00e+00	0.00e+00	0.00e+00	0.00e+00	6.43e-01	1.15e-01	6.42e-02
 6.27535e+15	8.29e-01	1.71e-01	1.11e-12	0.00e+00	0.00e+00	0.00e+00	0.00e+00	0.00e+00	0.00e+00	6.50e-01	1.15e-01	6.43e-02
 6.27949e+15	8.36e-01	1.64e-01	1.07e-12	0.00e+00	0.00e+00	0.00e+00	0.00e+00	0.00e+00	0.00e+00	6.57e-01	1.15e-01	6.45e-02
 6.28352e+15	8.43e-01	1.57e-01	1.03e-12	0.00e+00	0.00e+00	0.00e+00	0.00e+00	0.00e+00	0.00e+00	6.63e-01	1.15e-01	6.46e-02
 6.28746e+15	8.49e-01	1.51e-01	9.98e-13	0.00e+00	0.00e+00	0.00e+00	0.00e+00	0.00e+00	0.00e+00	6.69e-01	1.15e-01	6.47e-02
 6.29133e+15	8.56e-01	1.44e-01	9.64e-13	0.00e+00	0.00e+00	0.00e+00	0.00e+00	0.00e+00	0.00e+00	6.75e-01	1.16e-01	6.48e-02
 6.29511e+15	8.62e-01	1.38e-01	9.32e-13	0.00e+00	0.00e+00	0.00e+00	0.00e+00	0.00e+00	0.00e+00	6.81e-01	1.16e-01	6.48e-02
 6.29880e+15	8.67e-01	1.33e-01	9.00e-13	0.00e+00	0.00e+00	0.00e+00	0.00e+00	0.00e+00	0.00e+00	6.87e-01	1.16e-01	6.48e-02
 6.30242e+15	8.73e-01	1.27e-01	8.70e-13	0.00e+00	0.00e+00	0.00e+00	0.00e+00	0.00e+00	0.00e+00	6.92e-01	1.16e-01	6.49e-02
 6.30596e+15	8.78e-01	1.22e-01	8.41e-13	0.00e+00	0.00e+00	0.00e+00	0.00e+00	0.00e+00	0.00e+00	6.97e-01	1.16e-01	6.49e-02
 6.30946e+15	8.83e-01	1.17e-01	8.12e-13	0.00e+00	0.00e+00	0.00e+00	0.00e+00	0.00e+00	0.00e+00	7.02e-01	1.16e-01	6.49e-02
 6.31288e+15	8.88e-01	1.12e-01	7.84e-13	0.00e+00	0.00e+00	0.00e+00	0.00e+00	0.00e+00	0.00e+00	7.07e-01	1.16e-01	6.48e-02
 6.31623e+15	8.92e-01	1.08e-01	7.58e-13	0.00e+00	0.00e+00	0.00e+00	0.00e+00	0.00e+00	0.00e+00	7.11e-01	1.16e-01	6.48e-02
 6.31953e+15	8.97e-01	1.03e-01	7.32e-13	0.00e+00	0.00e+00	0.00e+00	0.00e+00	0.00e+00	0.00e+00	7.16e-01	1.16e-01	6.48e-02
 6.32277e+15	9.01e-01	9.92e-02	7.08e-13	0.00e+00	0.00e+00	0.00e+00	0.00e+00	0.00e+00	0.00e+00	7.20e-01	1.16e-01	6.47e-02
 6.32600e+15	9.05e-01	9.52e-02	6.82e-13	0.00e+00	0.00e+00	0.00e+00	0.00e+00	0.00e+00	0.00e+00	7.24e-01	1.16e-01	6.47e-02
 6.32915e+15	9.09e-01	9.13e-02	6.60e-13	0.00e+00	0.00e+00	0.00e+00	0.00e+00	0.00e+00	0.00e+00	7.28e-01	1.16e-01	6.46e-02
 6.33223e+15	9.12e-01	8.76e-02	6.36e-13	0.00e+00	0.00e+00	0.00e+00	0.00e+00	0.00e+00	0.00e+00	7.32e-01	1.16e-01	6.46e-02
 6.33527e+15	9.16e-01	8.41e-02	6.15e-13	0.00e+00	0.00e+00	0.00e+00	0.00e+00	0.00e+00	0.00e+00	7.35e-01	1.16e-01	6.45e-02
 6.33828e+15	9.19e-01	8.07e-02	5.93e-13	0.00e+00	0.00e+00	0.00e+00	0.00e+00	0.00e+00	0.00e+00	7.39e-01	1.16e-01	6.45e-02
 6.34125e+15	9.23e-01	7.74e-02	5.73e-13	0.00e+00	0.00e+00	0.00e+00	0.00e+00	0.00e+00	0.00e+00	7.42e-01	1.16e-01	6.44e-02
 6.34417e+15	9.26e-01	7.43e-02	5.53e-13	0.00e+00	0.00e+00	0.00e+00	0.00e+00	0.00e+00	0.00e+00	7.46e-01	1.16e-01	6.43e-02
 6.34708e+15	9.29e-01	7.13e-02	5.33e-13	0.00e+00	0.00e+00	0.00e+00	0.00e+00	0.00e+00	0.00e+00	7.48e-01	1.16e-01	6.43e-02
 6.34990e+15	9.32e-01	6.84e-02	5.15e-13	0.00e+00	0.00e+00	0.00e+00	0.00e+00	0.00e+00	0.00e+00	7.51e-01	1.16e-01	6.42e-02
 6.35266e+15	9.34e-01	6.57e-02	4.97e-13	0.00e+00	0.00e+00	0.00e+00	0.00e+00	0.00e+00	0.00e+00	7.54e-01	1.16e-01	6.42e-02
 6.35544e+15	9.37e-01	6.30e-02	4.80e-13	0.00e+00	0.00e+00	0.00e+00	0.00e+00	0.00e+00	0.00e+00	7.57e-01	1.16e-01	6.41e-02
 6.35821e+15	9.40e-01	6.05e-02	4.63e-13	0.00e+00	0.00e+00	0.00e+00	0.00e+00	0.00e+00	0.00e+00	7.60e-01	1.16e-01	6.41e-02
 6.36091e+15	9.42e-01	5.80e-02	4.46e-13	0.00e+00	0.00e+00	0.00e+00	0.00e+00	0.00e+00	0.00e+00	7.62e-01	1.16e-01	6.40e-02
 6.36354e+15	9.44e-01	5.57e-02	4.30e-13	0.00e+00	0.00e+00	0.00e+00	0.00e+00	0.00e+00	0.00e+00	7.64e-01	1.16e-01	6.40e-02
 6.36614e+15	9.47e-01	5.34e-02	4.15e-13	0.00e+00	0.00e+00	0.00e+00	0.00e+00	0.00e+00	0.00e+00	7.67e-01	1.16e-01	6.39e-02
 6.36870e+15	9.49e-01	5.13e-02	4.00e-13	0.00e+00	0.00e+00	0.00e+00	0.00e+00	0.00e+00	0.00e+00	7.69e-01	1.16e-01	6.39e-02
 6.37120e+15	9.51e-01	4.92e-02	3.86e-13	0.00e+00	0.00e+00	0.00e+00	0.00e+00	0.00e+00	0.00e+00	7.71e-01	1.16e-01	6.39e-02
 6.37367e+15	9.53e-01	4.73e-02	3.71e-13	0.00e+00	0.00e+00	0.00e+00	0.00e+00	0.00e+00	0.00e+00	7.72e-01	1.17e-01	6.39e-02
 6.37612e+15	9.55e-01	4.53e-02	3.58e-13	0.00e+00	0.00e+00	0.00e+00	0.00e+00	0.00e+00	0.00e+00	7.74e-01	1.17e-01	6.38e-02
 6.37853e+15	9.57e-01	4.35e-02	3.45e-13	0.00e+00	0.00e+00	0.00e+00	0.00e+00	0.00e+00	0.00e+00	7.76e-01	1.17e-01	6.38e-02
 6.38091e+15	9.58e-01	4.17e-02	3.32e-13	0.00e+00	0.00e+00	0.00e+00	0.00e+00	0.00e+00	0.00e+00	7.77e-01	1.17e-01	6.38e-02
 6.38321e+15	9.60e-01	4.00e-02	3.20e-13	0.00e+00	0.00e+00	0.00e+00	0.00e+00	0.00e+00	0.00e+00	7.79e-01	1.17e-01	6.38e-02
 6.38548e+15	9.62e-01	3.84e-02	3.08e-13	0.00e+00	0.00e+00	0.00e+00	0.00e+00	0.00e+00	0.00e+00	7.80e-01	1.18e-01	6.38e-02
 6.38772e+15	9.63e-01	3.68e-02	2.96e-13	0.00e+00	0.00e+00	0.00e+00	0.00e+00	0.00e+00	0.00e+00	7.82e-01	1.18e-01	6.38e-02
 6.38988e+15	9.65e-01	3.53e-02	2.85e-13	0.00e+00	0.00e+00	0.00e+00	0.00e+00	0.00e+00	0.00e+00	7.83e-01	1.18e-01	6.39e-02
 6.39199e+15	9.66e-01	3.39e-02	2.74e-13	0.00e+00	0.00e+00	0.00e+00	0.00e+00	0.00e+00	0.00e+00	7.84e-01	1.18e-01	6.39e-02
 6.39406e+15	9.67e-01	3.25e-02	2.63e-13	0.00e+00	0.00e+00	0.00e+00	0.00e+00	0.00e+00	0.00e+00	7.85e-01	1.19e-01	6.40e-02
 6.39607e+15	9.69e-01	3.12e-02	2.53e-13	0.00e+00	0.00e+00	0.00e+00	0.00e+00	0.00e+00	0.00e+00	7.86e-01	1.19e-01	6.40e-02
 6.39803e+15	9.70e-01	2.99e-02	2.43e-13	0.00e+00	0.00e+00	0.00e+00	0.00e+00	0.00e+00	0.00e+00	7.86e-01	1.20e-01	6.41e-02
 6.39993e+15	9.71e-01	2.87e-02	2.34e-13	0.00e+00	0.00e+00	0.00e+00	0.00e+00	0.00e+00	0.00e+00	7.87e-01	1.20e-01	6.42e-02
 6.40178e+15	9.73e-01	2.75e-02	2.24e-13	0.00e+00	0.00e+00	0.00e+00	0.00e+00	0.00e+00	0.00e+00	7.87e-01	1.21e-01	6.43e-02
 6.40357e+15	9.74e-01	2.63e-02	2.15e-13	0.00e+00	0.00e+00	0.00e+00	0.00e+00	0.00e+00	0.00e+00	7.88e-01	1.21e-01	6.44e-02
 6.40527e+15	9.75e-01	2.52e-02	2.06e-13	0.00e+00	0.00e+00	0.00e+00	0.00e+00	0.00e+00	0.00e+00	7.88e-01	1.22e-01	6.45e-02
 6.40692e+15	9.76e-01	2.42e-02	1.97e-13	0.00e+00	0.00e+00	0.00e+00	0.00e+00	0.00e+00	0.00e+00	7.88e-01	1.23e-01	6.46e-02
 6.40851e+15	9.77e-01	2.31e-02	1.89e-13	0.00e+00	0.00e+00	0.00e+00	0.00e+00	0.00e+00	0.00e+00	7.88e-01	1.24e-01	6.48e-02
 6.41004e+15	9.78e-01	2.22e-02	1.80e-13	0.00e+00	0.00e+00	0.00e+00	0.00e+00	0.00e+00	0.00e+00	7.88e-01	1.25e-01	6.50e-02
 6.41150e+15	9.79e-01	2.12e-02	1.73e-13	0.00e+00	0.00e+00	0.00e+00	0.00e+00	0.00e+00	0.00e+00	7.88e-01	1.25e-01	6.51e-02
 6.41290e+15	9.80e-01	2.03e-02	1.65e-13	0.00e+00	0.00e+00	0.00e+00	0.00e+00	0.00e+00	0.00e+00	7.88e-01	1.26e-01	6.53e-02
 6.41422e+15	9.81e-01	1.94e-02	1.57e-13	0.00e+00	0.00e+00	0.00e+00	0.00e+00	0.00e+00	0.00e+00	7.87e-01	1.28e-01	6.55e-02
 6.41548e+15	9.81e-01	1.86e-02	1.50e-13	0.00e+00	0.00e+00	0.00e+00	0.00e+00	0.00e+00	0.00e+00	7.87e-01	1.29e-01	6.58e-02
 6.41667e+15	9.82e-01	1.78e-02	1.43e-13	0.00e+00	0.00e+00	0.00e+00	0.00e+00	0.00e+00	0.00e+00	7.86e-01	1.30e-01	6.60e-02
 6.41779e+15	9.83e-01	1.70e-02	1.36e-13	0.00e+00	0.00e+00	0.00e+00	0.00e+00	0.00e+00	0.00e+00	7.85e-01	1.31e-01	6.63e-02
 6.41886e+15	9.84e-01	1.63e-02	1.29e-13	0.00e+00	0.00e+00	0.00e+00	0.00e+00	0.00e+00	0.00e+00	7.84e-01	1.33e-01	6.66e-02
 6.41987e+15	9.84e-01	1.56e-02	1.23e-13	0.00e+00	0.00e+00	0.00e+00	0.00e+00	0.00e+00	0.00e+00	7.83e-01	1.34e-01	6.69e-02
 6.42083e+15	9.85e-01	1.49e-02	1.16e-13	0.00e+00	0.00e+00	0.00e+00	0.00e+00	0.00e+00	0.00e+00	7.82e-01	1.36e-01	6.72e-02
 6.42173e+15	9.86e-01	1.42e-02	1.10e-13	0.00e+00	0.00e+00	0.00e+00	0.00e+00	0.00e+00	0.00e+00	7.81e-01	1.37e-01	6.75e-02
 6.42258e+15	9.86e-01	1.36e-02	1.04e-13	0.00e+00	0.00e+00	0.00e+00	0.00e+00	0.00e+00	0.00e+00	7.79e-01	1.39e-01	6.78e-02
 6.42337e+15	9.87e-01	1.30e-02	9.87e-14	0.00e+00	0.00e+00	0.00e+00	0.00e+00	0.00e+00	0.00e+00	7.78e-01	1.41e-01	6.82e-02
 6.42413e+15	9.88e-01	1.24e-02	9.33e-14	0.00e+00	0.00e+00	0.00e+00	0.00e+00	0.00e+00	0.00e+00	7.76e-01	1.43e-01	6.85e-02
 6.42484e+15	9.88e-01	1.19e-02	8.80e-14	0.00e+00	0.00e+00	0.00e+00	0.00e+00	0.00e+00	0.00e+00	7.75e-01	1.45e-01	6.89e-02
 6.42551e+15	9.89e-01	1.13e-02	8.31e-14	0.00e+00	0.00e+00	0.00e+00	0.00e+00	0.00e+00	0.00e+00	7.73e-01	1.47e-01	6.92e-02
 6.42613e+15	9.89e-01	1.09e-02	7.85e-14	0.00e+00	0.00e+00	0.00e+00	0.00e+00	0.00e+00	0.00e+00	7.71e-01	1.48e-01	6.96e-02
 6.42669e+15	9.90e-01	1.04e-02	7.42e-14	0.00e+00	0.00e+00	0.00e+00	0.00e+00	0.00e+00	0.00e+00	7.69e-01	1.50e-01	6.99e-02
 6.42721e+15	9.90e-01	1.00e-02	7.04e-14	0.00e+00	0.00e+00	0.00e+00	0.00e+00	0.00e+00	0.00e+00	7.68e-01	1.52e-01	7.02e-02
 6.42768e+15	9.90e-01	9.63e-03	6.69e-14	0.00e+00	0.00e+00	0.00e+00	0.00e+00	0.00e+00	0.00e+00	7.66e-01	1.54e-01	7.05e-02
 6.42810e+15	9.91e-01	9.29e-03	6.38e-14	0.00e+00	0.00e+00	0.00e+00	0.00e+00	0.00e+00	0.00e+00	7.65e-01	1.55e-01	7.07e-02
 6.42849e+15	9.91e-01	8.98e-03	6.10e-14	0.00e+00	0.00e+00	0.00e+00	0.00e+00	0.00e+00	0.00e+00	7.63e-01	1.57e-01	7.10e-02
 6.42884e+15	9.91e-01	8.71e-03	5.84e-14	0.00e+00	0.00e+00	0.00e+00	0.00e+00	0.00e+00	0.00e+00	7.62e-01	1.58e-01	7.12e-02
 6.42916e+15	9.92e-01	8.46e-03	5.62e-14	0.00e+00	0.00e+00	0.00e+00	0.00e+00	0.00e+00	0.00e+00	7.61e-01	1.59e-01	7.13e-02
 6.42945e+15	9.92e-01	8.24e-03	5.42e-14	0.00e+00	0.00e+00	0.00e+00	0.00e+00	0.00e+00	0.00e+00	7.60e-01	1.60e-01	7.15e-02
 6.42977e+15	9.92e-01	7.99e-03	5.19e-14	0.00e+00	0.00e+00	0.00e+00	0.00e+00	0.00e+00	0.00e+00	7.59e-01	1.62e-01	7.17e-02
 6.43012e+15	9.92e-01	7.73e-03	4.96e-14	0.00e+00	0.00e+00	0.00e+00	0.00e+00	0.00e+00	0.00e+00	7.57e-01	1.63e-01	7.19e-02
 6.43043e+15	9.93e-01	7.50e-03	4.75e-14	0.00e+00	0.00e+00	0.00e+00	0.00e+00	0.00e+00	0.00e+00	7.56e-01	1.64e-01	7.21e-02
