#depth	H	H+	H2
 8.14691e+10	3.35e-03	9.97e-01	1.34e-11
 4.88815e+11	3.35e-03	9.97e-01	1.35e-11
 2.11820e+12	3.36e-03	9.97e-01	1.36e-11
 8.63572e+12	3.36e-03	9.97e-01	1.37e-11
 2.06280e+13	3.34e-03	9.97e-01	1.37e-11
 3.62179e+13	3.32e-03	9.97e-01	1.36e-11
 5.64848e+13	3.29e-03	9.97e-01	1.35e-11
 8.28318e+13	3.26e-03	9.97e-01	1.34e-11
 1.17083e+14	3.23e-03	9.97e-01	1.33e-11
 1.61609e+14	3.19e-03	9.97e-01	1.32e-11
 2.19494e+14	3.14e-03	9.97e-01	1.30e-11
 2.94743e+14	3.08e-03	9.97e-01	1.27e-11
 3.92568e+14	3.01e-03	9.97e-01	1.23e-11
 4.94223e+14	2.89e-03	9.97e-01	1.17e-11
 5.79334e+14	2.79e-03	9.97e-01	1.10e-11
 6.55202e+14	2.72e-03	9.97e-01	1.05e-11
 7.40580e+14	2.64e-03	9.97e-01	9.93e-12
 8.31718e+14	2.56e-03	9.97e-01	9.40e-12
 9.14405e+14	2.49e-03	9.98e-01	8.97e-12
 1.00596e+15	2.45e-03	9.98e-01	8.72e-12
 1.11059e+15	2.43e-03	9.98e-01	8.73e-12
 1.21356e+15	2.45e-03	9.98e-01	8.95e-12
 1.30864e+15	2.49e-03	9.98e-01	9.44e-12
 1.39380e+15	2.56e-03	9.97e-01	1.01e-11
 1.45987e+15	2.64e-03	9.97e-01	1.09e-11
 1.50391e+15	2.71e-03	9.97e-01	1.17e-11
 1.53905e+15	2.78e-03	9.97e-01	1.24e-11
 1.57810e+15	2.89e-03	9.97e-01	1.35e-11
 1.61987e+15	3.00e-03	9.97e-01	1.48e-11
 1.65434e+15	3.13e-03	9.97e-01	1.63e-11
 1.68108e+15	3.23e-03	9.97e-01	1.76e-11
 1.70478e+15	3.33e-03	9.97e-01	1.89e-11
 1.73177e+15	3.46e-03	9.97e-01	2.06e-11
 1.76001e+15	3.60e-03	9.96e-01	2.25e-11
 1.78282e+15	3.72e-03	9.96e-01	2.43e-11
 1.80143e+15	3.82e-03	9.96e-01	2.60e-11
 1.82160e+15	3.94e-03	9.96e-01	2.78e-11
 1.84366e+15	4.07e-03	9.96e-01	3.00e-11
 1.86304e+15	4.19e-03	9.96e-01	3.20e-11
 1.87965e+15	4.30e-03	9.96e-01	3.40e-11
 1.89777e+15	4.42e-03	9.96e-01	3.61e-11
 1.91764e+15	4.55e-03	9.95e-01	3.87e-11
 1.93544e+15	4.67e-03	9.95e-01	4.12e-11
 1.95152e+15	4.78e-03	9.95e-01	4.36e-11
 1.96968e+15	4.91e-03	9.95e-01	4.65e-11
 1.99330e+15	5.07e-03	9.95e-01	5.01e-11
 2.01914e+15	5.24e-03	9.95e-01	5.39e-11
 2.04789e+15	6.26e-03	9.94e-01	7.57e-11
 2.07555e+15	6.50e-03	9.94e-01	8.14e-11
 2.10178e+15	6.63e-03	9.93e-01	8.46e-11
 2.13590e+15	6.80e-03	9.93e-01	8.79e-11
 2.18024e+15	7.00e-03	9.93e-01	9.16e-11
 2.23789e+15	7.27e-03	9.93e-01	9.64e-11
 2.31283e+15	7.61e-03	9.92e-01	1.02e-10
 2.41026e+15	8.11e-03	9.92e-01	1.10e-10
 2.53400e+15	8.85e-03	9.91e-01	1.22e-10
 2.66761e+15	9.83e-03	9.90e-01	1.38e-10
 2.78558e+15	1.09e-02	9.89e-01	1.54e-10
 2.88262e+15	1.19e-02	9.88e-01	1.69e-10
 2.96474e+15	1.28e-02	9.87e-01	1.80e-10
 3.03927e+15	1.37e-02	9.86e-01	1.90e-10
 3.11078e+15	1.46e-02	9.85e-01	1.99e-10
 3.17916e+15	1.55e-02	9.85e-01	2.07e-10
 3.24372e+15	1.64e-02	9.84e-01	2.14e-10
 3.30480e+15	1.73e-02	9.83e-01	2.20e-10
 3.36323e+15	1.81e-02	9.82e-01	2.25e-10
 3.41951e+15	1.90e-02	9.81e-01	2.30e-10
 3.47545e+15	1.98e-02	9.80e-01	2.32e-10
 3.53042e+15	2.07e-02	9.79e-01	2.35e-10
 3.58250e+15	2.15e-02	9.79e-01	2.36e-10
 3.63289e+15	2.23e-02	9.78e-01	2.36e-10
 3.68274e+15	2.30e-02	9.77e-01	2.36e-10
 3.73230e+15	2.38e-02	9.76e-01	2.34e-10
 3.78158e+15	2.46e-02	9.75e-01	2.32e-10
 3.83077e+15	2.54e-02	9.75e-01	2.29e-10
 3.88010e+15	2.62e-02	9.74e-01	2.25e-10
 3.92973e+15	2.71e-02	9.73e-01	2.19e-10
 3.97998e+15	2.80e-02	9.72e-01	2.12e-10
 4.03111e+15	2.89e-02	9.71e-01	2.04e-10
 4.08328e+15	2.99e-02	9.70e-01	1.93e-10
 4.13661e+15	3.10e-02	9.69e-01	1.81e-10
 4.19131e+15	3.22e-02	9.68e-01	1.67e-10
 4.24756e+15	3.35e-02	9.67e-01	1.52e-10
 4.30541e+15	3.49e-02	9.65e-01	1.37e-10
 4.36493e+15	3.65e-02	9.64e-01	1.22e-10
 4.42613e+15	3.83e-02	9.62e-01	1.07e-10
 4.48902e+15	4.03e-02	9.60e-01	9.38e-11
 4.55350e+15	4.25e-02	9.58e-01	8.20e-11
 4.61947e+15	4.50e-02	9.55e-01	7.15e-11
 4.68678e+15	4.78e-02	9.52e-01	6.25e-11
 4.75526e+15	5.09e-02	9.49e-01	5.51e-11
 4.82474e+15	5.44e-02	9.46e-01	4.89e-11
 4.89496e+15	5.84e-02	9.42e-01	4.39e-11
 4.96557e+15	6.29e-02	9.37e-01	3.98e-11
 5.03604e+15	6.79e-02	9.32e-01	3.66e-11
 5.10639e+15	7.35e-02	9.27e-01	3.40e-11
 5.17666e+15	7.98e-02	9.20e-01	3.20e-11
 5.24639e+15	8.70e-02	9.13e-01	3.05e-11
 5.31536e+15	9.50e-02	9.05e-01	2.94e-11
 5.38349e+15	1.04e-01	8.96e-01	2.87e-11
 5.45068e+15	1.15e-01	8.85e-01	2.83e-11
 5.51690e+15	1.27e-01	8.73e-01	2.84e-11
 5.58199e+15	1.40e-01	8.60e-01	2.89e-11
 5.64635e+15	1.56e-01	8.44e-01	2.98e-11
 5.71028e+15	1.75e-01	8.25e-01	3.12e-11
 5.77363e+15	1.97e-01	8.03e-01	3.34e-11
 5.83684e+15	2.24e-01	7.76e-01	3.67e-11
 5.90067e+15	2.58e-01	7.42e-01	4.18e-11
 5.96067e+15	3.00e-01	7.00e-01	5.02e-11
 6.00694e+15	3.41e-01	6.59e-01	6.23e-11
 6.03694e+15	3.74e-01	6.26e-01	7.42e-11
 6.05727e+15	3.99e-01	6.01e-01	8.41e-11
 6.07463e+15	4.21e-01	5.79e-01	9.34e-11
 6.09222e+15	4.45e-01	5.55e-01	1.05e-10
 6.10951e+15	4.71e-01	5.29e-01	1.20e-10
 6.12466e+15	4.95e-01	5.05e-01	1.36e-10
 6.13721e+15	5.16e-01	4.84e-01	1.52e-10
 6.14816e+15	5.35e-01	4.65e-01	1.69e-10
 6.15688e+15	5.51e-01	4.49e-01	1.85e-10
 6.16320e+15	5.63e-01	4.37e-01	1.98e-10
 6.16905e+15	5.74e-01	4.26e-01	2.10e-10
 6.17554e+15	5.87e-01	4.13e-01	2.26e-10
 6.18234e+15	6.00e-01	4.00e-01	2.44e-10
 6.18880e+15	6.13e-01	3.87e-01	2.63e-10
 6.19482e+15	6.26e-01	3.74e-01	2.84e-10
 6.20063e+15	6.38e-01	3.62e-01	3.05e-10
 6.20638e+15	6.50e-01	3.50e-01	3.28e-10
 6.21207e+15	6.62e-01	3.38e-01	3.54e-10
 6.21762e+15	6.73e-01	3.27e-01	3.82e-10
 6.22301e+15	6.85e-01	3.15e-01	4.12e-10
 6.22826e+15	6.96e-01	3.04e-01	4.44e-10
 6.23340e+15	7.07e-01	2.93e-01	4.79e-10
 6.23843e+15	7.18e-01	2.82e-01	5.17e-10
 6.24337e+15	7.28e-01	2.72e-01	5.58e-10
 6.24821e+15	7.38e-01	2.62e-01	6.02e-10
 6.25296e+15	7.48e-01	2.52e-01	6.49e-10
 6.25761e+15	7.58e-01	2.42e-01	7.01e-10
 6.26218e+15	7.67e-01	2.33e-01	7.56e-10
 6.26667e+15	7.77e-01	2.23e-01	8.16e-10
 6.27107e+15	7.86e-01	2.14e-01	8.80e-10
 6.27535e+15	7.94e-01	2.06e-01	9.48e-10
 6.27949e+15	8.02e-01	1.98e-01	1.02e-09
 6.28352e+15	8.10e-01	1.90e-01	1.10e-09
 6.28746e+15	8.18e-01	1.82e-01	1.18e-09
 6.29133e+15	8.25e-01	1.75e-01	1.26e-09
 6.29511e+15	8.32e-01	1.68e-01	1.36e-09
 6.29880e+15	8.38e-01	1.62e-01	1.45e-09
 6.30242e+15	8.45e-01	1.55e-01	1.56e-09
 6.30596e+15	8.51e-01	1.49e-01	1.67e-09
 6.30946e+15	8.57e-01	1.43e-01	1.78e-09
 6.31288e+15	8.62e-01	1.38e-01	1.90e-09
 6.31623e+15	8.68e-01	1.32e-01	2.03e-09
 6.31953e+15	8.73e-01	1.27e-01	2.17e-09
 6.32277e+15	8.78e-01	1.22e-01	2.31e-09
 6.32600e+15	8.83e-01	1.17e-01	2.46e-09
 6.32915e+15	8.87e-01	1.13e-01	2.62e-09
 6.33223e+15	8.92e-01	1.08e-01	2.78e-09
 6.33527e+15	8.96e-01	1.04e-01	2.96e-09
 6.33828e+15	9.00e-01	9.99e-02	3.15e-09
 6.34125e+15	9.04e-01	9.59e-02	3.35e-09
 6.34417e+15	9.08e-01	9.22e-02	3.56e-09
 6.34708e+15	9.12e-01	8.85e-02	3.78e-09
 6.34990e+15	9.15e-01	8.50e-02	4.01e-09
 6.35266e+15	9.18e-01	8.17e-02	4.26e-09
 6.35544e+15	9.22e-01	7.85e-02	4.52e-09
 6.35821e+15	9.25e-01	7.54e-02	4.80e-09
 6.36091e+15	9.28e-01	7.24e-02	5.09e-09
 6.36354e+15	9.30e-01	6.95e-02	5.40e-09
 6.36614e+15	9.33e-01	6.68e-02	5.72e-09
 6.36870e+15	9.36e-01	6.41e-02	6.06e-09
 6.37120e+15	9.38e-01	6.16e-02	6.43e-09
 6.37367e+15	9.41e-01	5.92e-02	6.81e-09
 6.37612e+15	9.43e-01	5.69e-02	7.24e-09
 6.37853e+15	9.45e-01	5.46e-02	7.68e-09
 6.38091e+15	9.48e-01	5.24e-02	8.15e-09
 6.38321e+15	9.50e-01	5.03e-02	8.67e-09
 6.38548e+15	9.52e-01	4.83e-02	9.19e-09
 6.38772e+15	9.54e-01	4.64e-02	9.77e-09
 6.38988e+15	9.55e-01	4.45e-02	1.04e-08
 6.39199e+15	9.57e-01	4.27e-02	1.10e-08
 6.39406e+15	9.59e-01	4.10e-02	1.17e-08
 6.39607e+15	9.61e-01	3.94e-02	1.24e-08
 6.39803e+15	9.62e-01	3.78e-02	1.32e-08
 6.39993e+15	9.64e-01	3.63e-02	1.40e-08
 6.40178e+15	9.65e-01	3.48e-02	1.49e-08
 6.40357e+15	9.67e-01	3.34e-02	1.58e-08
 6.40527e+15	9.68e-01	3.20e-02	1.68e-08
 6.40692e+15	9.69e-01	3.07e-02	1.78e-08
 6.40851e+15	9.71e-01	2.94e-02	1.89e-08
 6.41004e+15	9.72e-01	2.82e-02	2.00e-08
 6.41150e+15	9.73e-01	2.70e-02	2.11e-08
 6.41290e+15	9.74e-01	2.59e-02	2.23e-08
 6.41422e+15	9.75e-01	2.48e-02	2.35e-08
 6.41548e+15	9.76e-01	2.38e-02	2.47e-08
 6.41667e+15	9.77e-01	2.28e-02	2.59e-08
 6.41779e+15	9.78e-01	2.18e-02	2.71e-08
 6.41886e+15	9.79e-01	2.09e-02	2.82e-08
 6.41987e+15	9.80e-01	2.00e-02	2.93e-08
 6.42083e+15	9.81e-01	1.92e-02	3.04e-08
 6.42173e+15	9.82e-01	1.84e-02	3.15e-08
 6.42258e+15	9.82e-01	1.76e-02	3.26e-08
 6.42337e+15	9.83e-01	1.68e-02	3.37e-08
 6.42413e+15	9.84e-01	1.61e-02	3.49e-08
 6.42484e+15	9.85e-01	1.54e-02	3.62e-08
 6.42551e+15	9.85e-01	1.48e-02	3.75e-08
 6.42613e+15	9.86e-01	1.42e-02	3.88e-08
 6.42669e+15	9.86e-01	1.36e-02	4.02e-08
 6.42721e+15	9.87e-01	1.31e-02	4.16e-08
 6.42768e+15	9.87e-01	1.26e-02	4.29e-08
 6.42810e+15	9.88e-01	1.22e-02	4.43e-08
 6.42849e+15	9.88e-01	1.18e-02	4.56e-08
 6.42884e+15	9.88e-01	1.15e-02	4.69e-08
 6.42916e+15	9.89e-01	1.12e-02	4.82e-08
 6.42945e+15	9.89e-01	1.09e-02	4.94e-08
 6.42977e+15	9.89e-01	1.06e-02	5.08e-08
 6.43012e+15	9.90e-01	1.03e-02	5.24e-08
 6.43043e+15	9.90e-01	9.99e-03	5.40e-08
