#depth	He	He+	He+2
 1.66332e+11	2.96e-03	9.97e-01	2.80e-04
 9.97991e+11	2.97e-03	9.97e-01	2.80e-04
 4.32463e+12	2.97e-03	9.97e-01	2.77e-04
 1.76312e+13	2.98e-03	9.97e-01	2.64e-04
 4.21152e+13	2.99e-03	9.97e-01	2.50e-04
 7.39445e+13	3.01e-03	9.97e-01	2.28e-04
 1.15323e+14	3.03e-03	9.97e-01	2.00e-04
 1.69114e+14	3.06e-03	9.97e-01	1.66e-04
 2.39043e+14	3.09e-03	9.97e-01	1.28e-04
 3.29951e+14	3.14e-03	9.97e-01	9.05e-05
 4.48130e+14	3.20e-03	9.97e-01	5.71e-05
 6.01764e+14	3.28e-03	9.97e-01	3.13e-05
 8.01488e+14	3.39e-03	9.97e-01	1.44e-05
 1.06113e+15	3.53e-03	9.96e-01	5.35e-06
 1.39866e+15	3.73e-03	9.96e-01	1.51e-06
 1.83746e+15	4.01e-03	9.96e-01	3.10e-07
 2.30704e+15	4.32e-03	9.96e-01	5.36e-08
 2.72116e+15	4.64e-03	9.95e-01	1.20e-08
 3.07289e+15	4.94e-03	9.95e-01	3.54e-09
 3.43901e+15	5.32e-03	9.95e-01	1.11e-09
 3.82825e+15	5.77e-03	9.94e-01	3.43e-10
 4.17552e+15	6.24e-03	9.94e-01	1.39e-10
 4.52307e+15	6.80e-03	9.93e-01	6.80e-11
 4.87725e+15	7.46e-03	9.93e-01	4.08e-11
 5.21364e+15	8.19e-03	9.92e-01	3.02e-11
 5.54264e+15	9.02e-03	9.91e-01	2.55e-11
 5.88087e+15	1.00e-02	9.90e-01	2.30e-11
 6.24304e+15	1.12e-02	9.89e-01	2.15e-11
 6.63538e+15	1.27e-02	9.87e-01	2.05e-11
 7.05702e+15	1.47e-02	9.85e-01	1.97e-11
 7.48349e+15	1.72e-02	9.83e-01	1.91e-11
 7.87674e+15	2.02e-02	9.80e-01	1.85e-11
 8.22337e+15	2.34e-02	9.77e-01	1.81e-11
 8.53531e+15	2.71e-02	9.73e-01	1.77e-11
 8.82987e+15	3.13e-02	9.69e-01	1.73e-11
 9.11441e+15	3.64e-02	9.64e-01	1.70e-11
 9.38281e+15	4.24e-02	9.58e-01	1.67e-11
 9.62848e+15	4.95e-02	9.51e-01	1.65e-11
 9.85025e+15	5.77e-02	9.42e-01	1.62e-11
 1.00494e+16	6.72e-02	9.33e-01	1.61e-11
 1.02299e+16	7.81e-02	9.22e-01	1.59e-11
 1.03959e+16	9.10e-02	9.09e-01	1.58e-11
 1.05480e+16	1.06e-01	8.94e-01	1.57e-11
 1.06854e+16	1.24e-01	8.76e-01	1.55e-11
 1.08071e+16	1.45e-01	8.55e-01	1.54e-11
 1.09144e+16	1.69e-01	8.31e-01	1.53e-11
 1.10115e+16	1.96e-01	8.04e-01	1.51e-11
 1.11014e+16	2.29e-01	7.71e-01	1.50e-11
 1.11840e+16	2.67e-01	7.33e-01	1.47e-11
 1.12591e+16	3.10e-01	6.90e-01	1.45e-11
 1.13277e+16	3.60e-01	6.40e-01	1.40e-11
 1.13914e+16	4.16e-01	5.84e-01	1.34e-11
 1.14518e+16	4.79e-01	5.21e-01	1.26e-11
 1.15108e+16	5.48e-01	4.52e-01	1.18e-11
 1.15784e+16	6.35e-01	3.65e-01	1.03e-11
 1.16530e+16	7.35e-01	2.65e-01	8.04e-12
 1.17241e+16	8.21e-01	1.79e-01	5.78e-12
 1.18040e+16	8.93e-01	1.07e-01	3.70e-12
 1.19080e+16	9.50e-01	5.02e-02	1.82e-12
 1.20431e+16	9.82e-01	1.76e-02	6.53e-13
 1.22188e+16	9.95e-01	4.51e-03	1.71e-13
 1.24104e+16	9.99e-01	1.02e-03	3.93e-14
 1.25857e+16	1.00e+00	3.09e-04	1.20e-14
 1.27435e+16	1.00e+00	1.35e-04	5.32e-15
 1.28891e+16	1.00e+00	8.18e-05	3.25e-15
 1.30307e+16	1.00e+00	6.09e-05	2.44e-15
 1.31723e+16	1.00e+00	5.07e-05	2.06e-15
 1.33140e+16	1.00e+00	4.46e-05	1.83e-15
 1.34556e+16	1.00e+00	4.03e-05	1.67e-15
 1.35972e+16	1.00e+00	3.68e-05	1.54e-15
 1.37389e+16	1.00e+00	3.39e-05	1.43e-15
 1.38805e+16	1.00e+00	3.12e-05	1.32e-15
 1.40222e+16	1.00e+00	2.88e-05	1.23e-15
 1.41284e+16	1.00e+00	2.67e-05	1.14e-15
