#depth	He	He+	He+2
 3.68363e+12	6.05e-05	1.23e-01	8.77e-01
 2.21018e+13	6.06e-05	1.23e-01	8.77e-01
 9.57744e+13	6.09e-05	1.23e-01	8.76e-01
 3.90465e+14	6.21e-05	1.25e-01	8.75e-01
 9.32695e+14	6.29e-05	1.26e-01	8.74e-01
 1.63759e+15	6.51e-05	1.29e-01	8.71e-01
 2.55396e+15	6.90e-05	1.34e-01	8.66e-01
 3.74524e+15	7.56e-05	1.43e-01	8.57e-01
 5.29391e+15	8.68e-05	1.59e-01	8.41e-01
 7.30717e+15	1.07e-04	1.87e-01	8.12e-01
 9.27456e+15	1.33e-04	2.25e-01	7.75e-01
 1.07318e+16	1.62e-04	2.65e-01	7.35e-01
 1.19233e+16	1.92e-04	3.08e-01	6.92e-01
 1.29354e+16	2.25e-04	3.52e-01	6.48e-01
 1.37800e+16	2.59e-04	3.97e-01	6.03e-01
 1.45708e+16	2.95e-04	4.44e-01	5.55e-01
 1.54786e+16	3.44e-04	5.06e-01	4.94e-01
 1.64549e+16	4.01e-04	5.78e-01	4.22e-01
 1.73359e+16	4.60e-04	6.47e-01	3.53e-01
 1.82970e+16	5.25e-04	7.21e-01	2.79e-01
 1.95463e+16	6.03e-04	8.05e-01	1.95e-01
 2.11705e+16	6.92e-04	8.86e-01	1.13e-01
 2.31929e+16	7.76e-04	9.45e-01	5.43e-02
 2.55122e+16	8.46e-04	9.76e-01	2.35e-02
 2.80635e+16	9.08e-04	9.89e-01	9.86e-03
 3.08698e+16	9.72e-04	9.95e-01	4.08e-03
 3.39568e+16	1.04e-03	9.97e-01	1.66e-03
 3.73525e+16	1.13e-03	9.98e-01	6.64e-04
 4.10877e+16	1.23e-03	9.99e-01	2.63e-04
 4.51965e+16	1.35e-03	9.99e-01	1.04e-04
 4.92386e+16	1.49e-03	9.98e-01	4.63e-05
 5.18146e+16	1.59e-03	9.98e-01	2.99e-05
 5.29019e+16	1.63e-03	9.98e-01	2.51e-05
 5.38249e+16	1.68e-03	9.98e-01	2.13e-05
 5.50247e+16	1.73e-03	9.98e-01	1.73e-05
 5.65844e+16	1.81e-03	9.98e-01	1.33e-05
 5.82900e+16	1.90e-03	9.98e-01	1.02e-05
 5.97983e+16	1.99e-03	9.98e-01	8.20e-06
 6.11135e+16	2.07e-03	9.98e-01	6.79e-06
 6.25648e+16	2.17e-03	9.98e-01	5.50e-06
 6.41379e+16	2.29e-03	9.98e-01	4.45e-06
 6.55163e+16	2.40e-03	9.98e-01	3.73e-06
 6.67269e+16	2.50e-03	9.97e-01	3.20e-06
 6.80722e+16	2.63e-03	9.97e-01	2.68e-06
 6.95348e+16	2.78e-03	9.97e-01	2.25e-06
 7.08134e+16	2.93e-03	9.97e-01	1.94e-06
 7.19273e+16	3.07e-03	9.97e-01	1.71e-06
 7.31631e+16	3.25e-03	9.97e-01	1.47e-06
 7.45085e+16	3.45e-03	9.97e-01	1.27e-06
 7.56999e+16	3.66e-03	9.96e-01	1.11e-06
 7.67520e+16	3.86e-03	9.96e-01	9.96e-07
 7.79193e+16	4.11e-03	9.96e-01	8.74e-07
 7.91730e+16	4.41e-03	9.96e-01	7.67e-07
 8.02432e+16	4.70e-03	9.95e-01	6.89e-07
 8.11615e+16	4.98e-03	9.95e-01	6.28e-07
 8.21785e+16	5.33e-03	9.95e-01	5.64e-07
 8.32824e+16	5.77e-03	9.94e-01	5.05e-07
 8.42355e+16	6.19e-03	9.94e-01	4.61e-07
 8.50416e+16	6.60e-03	9.93e-01	4.26e-07
 8.59203e+16	7.11e-03	9.93e-01	3.90e-07
 8.68727e+16	7.75e-03	9.92e-01	3.56e-07
 8.76923e+16	8.38e-03	9.92e-01	3.30e-07
 8.83828e+16	9.00e-03	9.91e-01	3.09e-07
 8.91341e+16	9.77e-03	9.90e-01	2.86e-07
 8.99519e+16	1.07e-02	9.89e-01	2.65e-07
 9.06623e+16	1.17e-02	9.88e-01	2.49e-07
 9.12669e+16	1.27e-02	9.87e-01	2.35e-07
 9.19276e+16	1.40e-02	9.86e-01	2.20e-07
 9.26497e+16	1.56e-02	9.84e-01	2.06e-07
 9.32369e+16	1.72e-02	9.83e-01	1.96e-07
 9.36587e+16	1.85e-02	9.81e-01	1.89e-07
 9.40804e+16	2.01e-02	9.80e-01	1.81e-07
 9.46285e+16	2.24e-02	9.78e-01	1.72e-07
 9.51554e+16	2.50e-02	9.75e-01	1.65e-07
 9.55229e+16	2.72e-02	9.73e-01	1.60e-07
 9.58193e+16	2.92e-02	9.71e-01	1.56e-07
 9.61550e+16	3.18e-02	9.68e-01	1.51e-07
 9.65325e+16	3.51e-02	9.65e-01	1.47e-07
 9.68746e+16	3.86e-02	9.61e-01	1.43e-07
 9.71640e+16	4.19e-02	9.58e-01	1.40e-07
 9.74748e+16	4.61e-02	9.54e-01	1.37e-07
 9.78098e+16	5.13e-02	9.49e-01	1.34e-07
 9.80972e+16	5.66e-02	9.43e-01	1.31e-07
 9.83418e+16	6.16e-02	9.38e-01	1.30e-07
 9.86098e+16	6.82e-02	9.32e-01	1.28e-07
 9.89040e+16	7.60e-02	9.24e-01	1.26e-07
 9.91688e+16	8.44e-02	9.16e-01	1.25e-07
 9.94026e+16	9.28e-02	9.07e-01	1.25e-07
 9.96365e+16	1.03e-01	8.97e-01	1.24e-07
 9.98826e+16	1.14e-01	8.86e-01	1.24e-07
 1.00110e+17	1.26e-01	8.74e-01	1.24e-07
 1.00299e+17	1.38e-01	8.62e-01	1.25e-07
 1.00464e+17	1.49e-01	8.51e-01	1.25e-07
 1.00627e+17	1.61e-01	8.39e-01	1.25e-07
 1.00786e+17	1.73e-01	8.27e-01	1.26e-07
 1.00906e+17	1.83e-01	8.17e-01	1.27e-07
 1.00983e+17	1.90e-01	8.10e-01	1.27e-07
 1.01060e+17	1.98e-01	8.02e-01	1.27e-07
 1.01157e+17	2.08e-01	7.92e-01	1.27e-07
 1.01257e+17	2.18e-01	7.82e-01	1.28e-07
 1.01344e+17	2.27e-01	7.73e-01	1.29e-07
 1.01424e+17	2.37e-01	7.63e-01	1.29e-07
 1.01506e+17	2.46e-01	7.54e-01	1.29e-07
 1.01593e+17	2.57e-01	7.43e-01	1.30e-07
 1.01679e+17	2.68e-01	7.32e-01	1.31e-07
 1.01759e+17	2.78e-01	7.22e-01	1.31e-07
 1.01837e+17	2.90e-01	7.10e-01	1.32e-07
 1.01917e+17	3.01e-01	6.99e-01	1.32e-07
 1.01998e+17	3.13e-01	6.87e-01	1.33e-07
 1.02076e+17	3.25e-01	6.75e-01	1.34e-07
 1.02153e+17	3.37e-01	6.63e-01	1.34e-07
 1.02230e+17	3.50e-01	6.50e-01	1.35e-07
 1.02307e+17	3.63e-01	6.37e-01	1.35e-07
 1.02382e+17	3.76e-01	6.24e-01	1.36e-07
 1.02458e+17	3.90e-01	6.10e-01	1.36e-07
 1.02532e+17	4.03e-01	5.97e-01	1.37e-07
 1.02606e+17	4.17e-01	5.83e-01	1.37e-07
 1.02679e+17	4.31e-01	5.69e-01	1.38e-07
 1.02752e+17	4.45e-01	5.55e-01	1.38e-07
 1.02825e+17	4.60e-01	5.40e-01	1.38e-07
 1.02896e+17	4.74e-01	5.26e-01	1.38e-07
 1.02966e+17	4.88e-01	5.12e-01	1.38e-07
 1.03037e+17	5.03e-01	4.97e-01	1.38e-07
 1.03107e+17	5.18e-01	4.82e-01	1.38e-07
 1.03176e+17	5.32e-01	4.68e-01	1.38e-07
 1.03243e+17	5.46e-01	4.54e-01	1.38e-07
 1.03308e+17	5.60e-01	4.40e-01	1.38e-07
 1.03374e+17	5.74e-01	4.26e-01	1.38e-07
 1.03439e+17	5.88e-01	4.12e-01	1.37e-07
 1.03503e+17	6.02e-01	3.98e-01	1.37e-07
 1.03565e+17	6.15e-01	3.85e-01	1.36e-07
 1.03626e+17	6.28e-01	3.72e-01	1.36e-07
 1.03687e+17	6.41e-01	3.59e-01	1.36e-07
 1.03747e+17	6.53e-01	3.47e-01	1.35e-07
 1.03806e+17	6.65e-01	3.35e-01	1.34e-07
 1.03864e+17	6.77e-01	3.23e-01	1.33e-07
 1.03921e+17	6.89e-01	3.11e-01	1.33e-07
 1.03977e+17	7.00e-01	3.00e-01	1.32e-07
 1.04033e+17	7.11e-01	2.89e-01	1.31e-07
 1.04089e+17	7.22e-01	2.78e-01	1.30e-07
 1.04144e+17	7.33e-01	2.67e-01	1.29e-07
 1.04197e+17	7.43e-01	2.57e-01	1.28e-07
 1.04251e+17	7.53e-01	2.47e-01	1.26e-07
 1.04304e+17	7.62e-01	2.38e-01	1.25e-07
 1.04356e+17	7.71e-01	2.29e-01	1.24e-07
 1.04407e+17	7.80e-01	2.20e-01	1.23e-07
 1.04458e+17	7.89e-01	2.11e-01	1.22e-07
 1.04509e+17	7.97e-01	2.03e-01	1.20e-07
 1.04560e+17	8.05e-01	1.95e-01	1.19e-07
 1.04609e+17	8.13e-01	1.87e-01	1.18e-07
 1.04658e+17	8.20e-01	1.80e-01	1.16e-07
 1.04707e+17	8.28e-01	1.72e-01	1.15e-07
 1.04756e+17	8.35e-01	1.65e-01	1.13e-07
 1.04804e+17	8.41e-01	1.59e-01	1.12e-07
 1.04850e+17	8.48e-01	1.52e-01	1.11e-07
 1.04896e+17	8.54e-01	1.46e-01	1.09e-07
 1.04943e+17	8.60e-01	1.40e-01	1.07e-07
 1.04990e+17	8.66e-01	1.34e-01	1.06e-07
 1.05035e+17	8.71e-01	1.29e-01	1.04e-07
 1.05079e+17	8.76e-01	1.24e-01	1.03e-07
 1.05123e+17	8.81e-01	1.19e-01	1.01e-07
 1.05168e+17	8.86e-01	1.14e-01	9.94e-08
 1.05212e+17	8.91e-01	1.09e-01	9.78e-08
 1.05253e+17	8.95e-01	1.05e-01	9.62e-08
 1.05291e+17	8.99e-01	1.01e-01	9.45e-08
 1.05326e+17	9.02e-01	9.79e-02	9.29e-08
 1.05357e+17	9.05e-01	9.49e-02	9.15e-08
 1.05387e+17	9.08e-01	9.20e-02	9.00e-08
 1.05414e+17	9.11e-01	8.95e-02	8.86e-08
 1.05439e+17	9.13e-01	8.71e-02	8.72e-08
 1.05462e+17	9.15e-01	8.51e-02	8.60e-08
 1.05484e+17	9.17e-01	8.31e-02	8.48e-08
 1.05504e+17	9.19e-01	8.13e-02	8.37e-08
 1.05523e+17	9.20e-01	7.97e-02	8.26e-08
 1.05540e+17	9.22e-01	7.82e-02	8.15e-08
 1.05557e+17	9.23e-01	7.68e-02	8.06e-08
 1.05573e+17	9.25e-01	7.54e-02	7.96e-08
 1.05588e+17	9.26e-01	7.42e-02	7.87e-08
 1.05602e+17	9.27e-01	7.31e-02	7.79e-08
 1.05615e+17	9.28e-01	7.20e-02	7.70e-08
 1.05628e+17	9.29e-01	7.09e-02	7.62e-08
 1.05640e+17	9.30e-01	7.00e-02	7.55e-08
 1.05651e+17	9.31e-01	6.91e-02	7.47e-08
 1.05662e+17	9.32e-01	6.82e-02	7.40e-08
 1.05673e+17	9.33e-01	6.74e-02	7.33e-08
 1.05683e+17	9.33e-01	6.66e-02	7.26e-08
 1.05693e+17	9.34e-01	6.58e-02	7.19e-08
 1.05702e+17	9.35e-01	6.50e-02	7.12e-08
 1.05712e+17	9.36e-01	6.43e-02	7.05e-08
 1.05721e+17	9.36e-01	6.36e-02	6.98e-08
 1.05730e+17	9.37e-01	6.29e-02	6.91e-08
 1.05739e+17	9.38e-01	6.22e-02	6.84e-08
 1.05748e+17	9.39e-01	6.15e-02	6.77e-08
 1.05757e+17	9.39e-01	6.08e-02	6.70e-08
 1.05767e+17	9.40e-01	6.00e-02	6.61e-08
 1.05778e+17	9.41e-01	5.92e-02	6.52e-08
 1.05789e+17	9.42e-01	5.83e-02	6.42e-08
 1.05800e+17	9.43e-01	5.74e-02	6.32e-08
 1.05811e+17	9.43e-01	5.66e-02	6.22e-08
 1.05820e+17	9.44e-01	5.58e-02	6.12e-08
 1.05830e+17	9.45e-01	5.52e-02	6.05e-08
 1.05839e+17	9.46e-01	5.44e-02	5.94e-08
 1.05847e+17	9.46e-01	5.38e-02	5.86e-08
 1.05854e+17	9.47e-01	5.32e-02	5.79e-08
 1.05861e+17	9.47e-01	5.26e-02	5.71e-08
 1.05867e+17	9.48e-01	5.21e-02	5.65e-08
 1.05873e+17	9.48e-01	5.17e-02	5.59e-08
 1.05878e+17	9.49e-01	5.12e-02	5.53e-08
 1.05884e+17	9.49e-01	5.07e-02	5.47e-08
 1.05890e+17	9.50e-01	5.03e-02	5.41e-08
 1.05895e+17	9.50e-01	4.98e-02	5.35e-08
 1.05900e+17	9.51e-01	4.94e-02	5.30e-08
 1.05906e+17	9.51e-01	4.90e-02	5.24e-08
 1.05912e+17	9.52e-01	4.85e-02	5.18e-08
 1.05917e+17	9.52e-01	4.81e-02	5.12e-08
 1.05922e+17	9.52e-01	4.77e-02	5.07e-08
 1.05927e+17	9.53e-01	4.72e-02	5.01e-08
 1.05933e+17	9.53e-01	4.68e-02	4.96e-08
 1.05938e+17	9.54e-01	4.64e-02	4.92e-08
 1.05944e+17	9.54e-01	4.60e-02	4.87e-08
 1.05952e+17	9.55e-01	4.54e-02	4.81e-08
 1.05960e+17	9.55e-01	4.49e-02	4.75e-08
 1.05967e+17	9.56e-01	4.44e-02	4.70e-08
 1.05974e+17	9.56e-01	4.40e-02	4.65e-08
 1.05981e+17	9.57e-01	4.34e-02	4.59e-08
 1.05989e+17	9.57e-01	4.29e-02	4.53e-08
 1.05997e+17	9.58e-01	4.25e-02	4.48e-08
 1.06003e+17	9.58e-01	4.20e-02	4.43e-08
 1.06010e+17	9.58e-01	4.15e-02	4.37e-08
 1.06018e+17	9.59e-01	4.10e-02	4.32e-08
 1.06025e+17	9.59e-01	4.06e-02	4.28e-08
 1.06032e+17	9.60e-01	4.02e-02	4.23e-08
 1.06039e+17	9.60e-01	3.97e-02	4.18e-08
