#depth	O	O+	O+2	O+3	O+4	O+5	O+6	O+7	O+8	O[1]	O[2]	O[3]
 3.68363e+12	6.21e-07	9.95e-04	2.49e-01	7.17e-01	3.29e-02	2.89e-06	0.00e+00	0.00e+00	0.00e+00	4.71e-07	9.55e-08	5.48e-08
 2.21018e+13	6.22e-07	9.97e-04	2.49e-01	7.17e-01	3.28e-02	2.88e-06	0.00e+00	0.00e+00	0.00e+00	4.71e-07	9.55e-08	5.49e-08
 9.57744e+13	6.24e-07	1.00e-03	2.51e-01	7.16e-01	3.25e-02	2.85e-06	0.00e+00	0.00e+00	0.00e+00	4.73e-07	9.59e-08	5.51e-08
 3.90465e+14	6.35e-07	1.02e-03	2.57e-01	7.11e-01	3.15e-02	2.73e-06	0.00e+00	0.00e+00	0.00e+00	4.81e-07	9.75e-08	5.60e-08
 9.32695e+14	6.29e-07	1.05e-03	2.66e-01	7.03e-01	3.00e-02	2.55e-06	0.00e+00	0.00e+00	0.00e+00	4.77e-07	9.66e-08	5.56e-08
 1.63759e+15	6.42e-07	1.09e-03	2.78e-01	6.93e-01	2.81e-02	2.33e-06	0.00e+00	0.00e+00	0.00e+00	4.87e-07	9.87e-08	5.68e-08
 2.55396e+15	6.73e-07	1.16e-03	2.95e-01	6.78e-01	2.57e-02	2.06e-06	0.00e+00	0.00e+00	0.00e+00	5.10e-07	1.03e-07	5.96e-08
 3.74524e+15	7.30e-07	1.27e-03	3.20e-01	6.56e-01	2.27e-02	1.74e-06	0.00e+00	0.00e+00	0.00e+00	5.53e-07	1.12e-07	6.47e-08
 5.29391e+15	8.31e-07	1.45e-03	3.56e-01	6.23e-01	1.92e-02	1.38e-06	0.00e+00	0.00e+00	0.00e+00	6.29e-07	1.27e-07	7.37e-08
 7.30717e+15	1.01e-06	1.74e-03	4.12e-01	5.71e-01	1.49e-02	9.81e-07	0.00e+00	0.00e+00	0.00e+00	7.68e-07	1.55e-07	9.00e-08
 9.27456e+15	1.21e-06	2.08e-03	4.76e-01	5.10e-01	1.12e-02	6.81e-07	0.00e+00	0.00e+00	0.00e+00	9.19e-07	1.86e-07	1.08e-07
 1.07318e+16	1.43e-06	2.40e-03	5.33e-01	4.56e-01	8.72e-03	4.93e-07	0.00e+00	0.00e+00	0.00e+00	1.08e-06	2.18e-07	1.27e-07
 1.19233e+16	1.65e-06	2.72e-03	5.86e-01	4.05e-01	6.82e-03	3.62e-07	0.00e+00	0.00e+00	0.00e+00	1.25e-06	2.53e-07	1.47e-07
 1.29354e+16	1.88e-06	3.03e-03	6.33e-01	3.58e-01	5.37e-03	2.70e-07	0.00e+00	0.00e+00	0.00e+00	1.43e-06	2.89e-07	1.68e-07
 1.37800e+16	2.12e-06	3.33e-03	6.76e-01	3.17e-01	4.26e-03	2.03e-07	0.00e+00	0.00e+00	0.00e+00	1.61e-06	3.25e-07	1.89e-07
 1.45708e+16	2.37e-06	3.63e-03	7.16e-01	2.77e-01	3.34e-03	1.51e-07	0.00e+00	0.00e+00	0.00e+00	1.80e-06	3.63e-07	2.12e-07
 1.54786e+16	2.72e-06	4.01e-03	7.62e-01	2.31e-01	2.42e-03	0.00e+00	0.00e+00	0.00e+00	0.00e+00	2.06e-06	4.16e-07	2.43e-07
 1.64549e+16	3.10e-06	4.41e-03	8.08e-01	1.85e-01	1.65e-03	0.00e+00	0.00e+00	0.00e+00	0.00e+00	2.35e-06	4.75e-07	2.77e-07
 1.73359e+16	3.50e-06	4.80e-03	8.47e-01	1.47e-01	1.11e-03	0.00e+00	0.00e+00	0.00e+00	0.00e+00	2.65e-06	5.35e-07	3.13e-07
 1.82970e+16	3.99e-06	5.22e-03	8.84e-01	1.10e-01	6.84e-04	0.00e+00	0.00e+00	0.00e+00	0.00e+00	3.02e-06	6.09e-07	3.57e-07
 1.95463e+16	4.62e-06	5.72e-03	9.21e-01	7.27e-02	3.44e-04	0.00e+00	0.00e+00	0.00e+00	0.00e+00	3.50e-06	7.03e-07	4.13e-07
 2.11705e+16	5.49e-06	6.31e-03	9.53e-01	4.06e-02	1.29e-04	0.00e+00	0.00e+00	0.00e+00	0.00e+00	4.16e-06	8.33e-07	4.91e-07
 2.31929e+16	6.58e-06	6.93e-03	9.74e-01	1.92e-02	3.64e-05	0.00e+00	0.00e+00	0.00e+00	0.00e+00	5.00e-06	9.96e-07	5.88e-07
 2.55122e+16	7.88e-06	7.54e-03	9.84e-01	8.35e-03	8.67e-06	0.00e+00	0.00e+00	0.00e+00	0.00e+00	5.99e-06	1.19e-06	7.04e-07
 2.80635e+16	9.50e-06	8.19e-03	9.88e-01	3.55e-03	1.91e-06	0.00e+00	0.00e+00	0.00e+00	0.00e+00	7.21e-06	1.43e-06	8.48e-07
 3.08698e+16	1.16e-05	8.94e-03	9.90e-01	1.50e-03	4.00e-07	0.00e+00	0.00e+00	0.00e+00	0.00e+00	8.82e-06	1.75e-06	1.04e-06
 3.39568e+16	1.45e-05	9.84e-03	9.90e-01	6.36e-04	0.00e+00	0.00e+00	0.00e+00	0.00e+00	0.00e+00	1.10e-05	2.20e-06	1.30e-06
 3.73525e+16	1.87e-05	1.10e-02	9.89e-01	2.81e-04	0.00e+00	0.00e+00	0.00e+00	0.00e+00	0.00e+00	1.42e-05	2.83e-06	1.67e-06
 4.10877e+16	2.50e-05	1.25e-02	9.87e-01	1.35e-04	0.00e+00	0.00e+00	0.00e+00	0.00e+00	0.00e+00	1.90e-05	3.80e-06	2.24e-06
 4.51965e+16	3.50e-05	1.45e-02	9.85e-01	7.49e-05	0.00e+00	0.00e+00	0.00e+00	0.00e+00	0.00e+00	2.65e-05	5.32e-06	3.13e-06
 4.92386e+16	4.97e-05	1.70e-02	9.83e-01	5.01e-05	0.00e+00	0.00e+00	0.00e+00	0.00e+00	0.00e+00	3.77e-05	7.58e-06	4.45e-06
 5.18146e+16	6.31e-05	1.89e-02	9.81e-01	4.15e-05	0.00e+00	0.00e+00	0.00e+00	0.00e+00	0.00e+00	4.79e-05	9.61e-06	5.64e-06
 5.29019e+16	7.00e-05	1.99e-02	9.80e-01	3.86e-05	0.00e+00	0.00e+00	0.00e+00	0.00e+00	0.00e+00	5.30e-05	1.07e-05	6.25e-06
 5.38249e+16	7.65e-05	2.07e-02	9.79e-01	3.63e-05	0.00e+00	0.00e+00	0.00e+00	0.00e+00	0.00e+00	5.80e-05	1.16e-05	6.83e-06
 5.50247e+16	8.61e-05	2.19e-02	9.78e-01	3.36e-05	0.00e+00	0.00e+00	0.00e+00	0.00e+00	0.00e+00	6.53e-05	1.31e-05	7.69e-06
 5.65844e+16	1.01e-04	2.36e-02	9.76e-01	3.06e-05	0.00e+00	0.00e+00	0.00e+00	0.00e+00	0.00e+00	7.64e-05	1.53e-05	8.99e-06
 5.82900e+16	1.20e-04	2.57e-02	9.74e-01	2.77e-05	0.00e+00	0.00e+00	0.00e+00	0.00e+00	0.00e+00	9.11e-05	1.83e-05	1.07e-05
 5.97983e+16	1.41e-04	2.79e-02	9.72e-01	2.54e-05	0.00e+00	0.00e+00	0.00e+00	0.00e+00	0.00e+00	1.07e-04	2.15e-05	1.26e-05
 6.11135e+16	1.63e-04	2.99e-02	9.70e-01	2.37e-05	0.00e+00	0.00e+00	0.00e+00	0.00e+00	0.00e+00	1.24e-04	2.48e-05	1.45e-05
 6.25648e+16	1.92e-04	3.25e-02	9.67e-01	2.18e-05	0.00e+00	0.00e+00	0.00e+00	0.00e+00	0.00e+00	1.46e-04	2.92e-05	1.71e-05
 6.41379e+16	2.30e-04	3.56e-02	9.64e-01	1.99e-05	0.00e+00	0.00e+00	0.00e+00	0.00e+00	0.00e+00	1.75e-04	3.50e-05	2.05e-05
 6.55163e+16	2.71e-04	3.87e-02	9.61e-01	1.84e-05	0.00e+00	0.00e+00	0.00e+00	0.00e+00	0.00e+00	2.06e-04	4.13e-05	2.41e-05
 6.67269e+16	3.15e-04	4.18e-02	9.58e-01	1.71e-05	0.00e+00	0.00e+00	0.00e+00	0.00e+00	0.00e+00	2.39e-04	4.80e-05	2.80e-05
 6.80722e+16	3.73e-04	4.56e-02	9.54e-01	1.57e-05	0.00e+00	0.00e+00	0.00e+00	0.00e+00	0.00e+00	2.83e-04	5.68e-05	3.32e-05
 6.95348e+16	4.51e-04	5.03e-02	9.49e-01	1.43e-05	0.00e+00	0.00e+00	0.00e+00	0.00e+00	0.00e+00	3.42e-04	6.87e-05	4.01e-05
 7.08134e+16	5.37e-04	5.51e-02	9.44e-01	1.31e-05	0.00e+00	0.00e+00	0.00e+00	0.00e+00	0.00e+00	4.07e-04	8.17e-05	4.76e-05
 7.19273e+16	6.26e-04	5.98e-02	9.40e-01	1.21e-05	0.00e+00	0.00e+00	0.00e+00	0.00e+00	0.00e+00	4.75e-04	9.53e-05	5.56e-05
 7.31631e+16	7.49e-04	6.57e-02	9.34e-01	1.11e-05	0.00e+00	0.00e+00	0.00e+00	0.00e+00	0.00e+00	5.68e-04	1.14e-04	6.64e-05
 7.45085e+16	9.12e-04	7.31e-02	9.26e-01	9.97e-06	0.00e+00	0.00e+00	0.00e+00	0.00e+00	0.00e+00	6.92e-04	1.39e-04	8.08e-05
 7.56999e+16	1.10e-03	8.06e-02	9.18e-01	9.03e-06	0.00e+00	0.00e+00	0.00e+00	0.00e+00	0.00e+00	8.33e-04	1.67e-04	9.71e-05
 7.67520e+16	1.30e-03	8.83e-02	9.10e-01	8.23e-06	0.00e+00	0.00e+00	0.00e+00	0.00e+00	0.00e+00	9.85e-04	1.97e-04	1.15e-04
 7.79193e+16	1.57e-03	9.79e-02	9.00e-01	7.37e-06	0.00e+00	0.00e+00	0.00e+00	0.00e+00	0.00e+00	1.20e-03	2.40e-04	1.39e-04
 7.91730e+16	1.96e-03	1.10e-01	8.88e-01	6.51e-06	0.00e+00	0.00e+00	0.00e+00	0.00e+00	0.00e+00	1.49e-03	2.97e-04	1.73e-04
 8.02432e+16	2.37e-03	1.22e-01	8.76e-01	5.82e-06	0.00e+00	0.00e+00	0.00e+00	0.00e+00	0.00e+00	1.80e-03	3.60e-04	2.09e-04
 8.11615e+16	2.81e-03	1.34e-01	8.63e-01	5.25e-06	0.00e+00	0.00e+00	0.00e+00	0.00e+00	0.00e+00	2.13e-03	4.27e-04	2.48e-04
 8.21785e+16	3.42e-03	1.49e-01	8.48e-01	4.62e-06	0.00e+00	0.00e+00	0.00e+00	0.00e+00	0.00e+00	2.60e-03	5.19e-04	3.01e-04
 8.32824e+16	4.27e-03	1.68e-01	8.28e-01	4.01e-06	0.00e+00	0.00e+00	0.00e+00	0.00e+00	0.00e+00	3.24e-03	6.48e-04	3.76e-04
 8.42355e+16	5.22e-03	1.87e-01	8.08e-01	3.49e-06	0.00e+00	0.00e+00	0.00e+00	0.00e+00	0.00e+00	3.97e-03	7.91e-04	4.60e-04
 8.50416e+16	6.21e-03	2.05e-01	7.89e-01	3.09e-06	0.00e+00	0.00e+00	0.00e+00	0.00e+00	0.00e+00	4.72e-03	9.42e-04	5.47e-04
 8.59203e+16	7.57e-03	2.27e-01	7.65e-01	2.66e-06	0.00e+00	0.00e+00	0.00e+00	0.00e+00	0.00e+00	5.76e-03	1.15e-03	6.66e-04
 8.68727e+16	9.47e-03	2.55e-01	7.35e-01	2.24e-06	0.00e+00	0.00e+00	0.00e+00	0.00e+00	0.00e+00	7.20e-03	1.43e-03	8.32e-04
 8.76923e+16	1.16e-02	2.83e-01	7.06e-01	1.89e-06	0.00e+00	0.00e+00	0.00e+00	0.00e+00	0.00e+00	8.81e-03	1.75e-03	1.02e-03
 8.83828e+16	1.38e-02	3.09e-01	6.77e-01	1.62e-06	0.00e+00	0.00e+00	0.00e+00	0.00e+00	0.00e+00	1.05e-02	2.08e-03	1.21e-03
 8.91341e+16	1.68e-02	3.40e-01	6.43e-01	1.35e-06	0.00e+00	0.00e+00	0.00e+00	0.00e+00	0.00e+00	1.28e-02	2.52e-03	1.47e-03
 8.99519e+16	2.09e-02	3.78e-01	6.01e-01	1.08e-06	0.00e+00	0.00e+00	0.00e+00	0.00e+00	0.00e+00	1.59e-02	3.14e-03	1.83e-03
 9.06623e+16	2.55e-02	4.15e-01	5.59e-01	8.73e-07	0.00e+00	0.00e+00	0.00e+00	0.00e+00	0.00e+00	1.95e-02	3.83e-03	2.23e-03
 9.12669e+16	3.04e-02	4.48e-01	5.21e-01	7.13e-07	0.00e+00	0.00e+00	0.00e+00	0.00e+00	0.00e+00	2.32e-02	4.54e-03	2.66e-03
 9.19276e+16	3.69e-02	4.87e-01	4.76e-01	5.59e-07	0.00e+00	0.00e+00	0.00e+00	0.00e+00	0.00e+00	2.81e-02	5.50e-03	3.22e-03
 9.26497e+16	4.58e-02	5.31e-01	4.23e-01	4.11e-07	0.00e+00	0.00e+00	0.00e+00	0.00e+00	0.00e+00	3.50e-02	6.81e-03	3.99e-03
 9.32369e+16	5.52e-02	5.68e-01	3.77e-01	3.12e-07	0.00e+00	0.00e+00	0.00e+00	0.00e+00	0.00e+00	4.22e-02	8.17e-03	4.80e-03
 9.36587e+16	6.29e-02	5.94e-01	3.43e-01	2.50e-07	0.00e+00	0.00e+00	0.00e+00	0.00e+00	0.00e+00	4.81e-02	9.29e-03	5.47e-03
 9.40804e+16	7.19e-02	6.19e-01	3.09e-01	1.97e-07	0.00e+00	0.00e+00	0.00e+00	0.00e+00	0.00e+00	5.51e-02	1.06e-02	6.25e-03
 9.46285e+16	8.59e-02	6.50e-01	2.64e-01	1.40e-07	0.00e+00	0.00e+00	0.00e+00	0.00e+00	0.00e+00	6.59e-02	1.26e-02	7.45e-03
 9.51554e+16	1.02e-01	6.76e-01	2.22e-01	0.00e+00	0.00e+00	0.00e+00	0.00e+00	0.00e+00	0.00e+00	7.84e-02	1.49e-02	8.83e-03
 9.55229e+16	1.15e-01	6.91e-01	1.94e-01	0.00e+00	0.00e+00	0.00e+00	0.00e+00	0.00e+00	0.00e+00	8.85e-02	1.67e-02	9.93e-03
 9.58193e+16	1.27e-01	7.01e-01	1.72e-01	0.00e+00	0.00e+00	0.00e+00	0.00e+00	0.00e+00	0.00e+00	9.76e-02	1.83e-02	1.09e-02
 9.61550e+16	1.42e-01	7.10e-01	1.48e-01	0.00e+00	0.00e+00	0.00e+00	0.00e+00	0.00e+00	0.00e+00	1.09e-01	2.03e-02	1.22e-02
 9.65325e+16	1.61e-01	7.16e-01	1.24e-01	0.00e+00	0.00e+00	0.00e+00	0.00e+00	0.00e+00	0.00e+00	1.24e-01	2.28e-02	1.37e-02
 9.68746e+16	1.80e-01	7.17e-01	1.03e-01	0.00e+00	0.00e+00	0.00e+00	0.00e+00	0.00e+00	0.00e+00	1.39e-01	2.54e-02	1.53e-02
 9.71640e+16	1.98e-01	7.15e-01	8.75e-02	0.00e+00	0.00e+00	0.00e+00	0.00e+00	0.00e+00	0.00e+00	1.53e-01	2.76e-02	1.68e-02
 9.74748e+16	2.19e-01	7.09e-01	7.21e-02	0.00e+00	0.00e+00	0.00e+00	0.00e+00	0.00e+00	0.00e+00	1.70e-01	3.03e-02	1.85e-02
 9.78098e+16	2.45e-01	6.97e-01	5.75e-02	0.00e+00	0.00e+00	0.00e+00	0.00e+00	0.00e+00	0.00e+00	1.91e-01	3.35e-02	2.06e-02
 9.80972e+16	2.70e-01	6.84e-01	4.66e-02	0.00e+00	0.00e+00	0.00e+00	0.00e+00	0.00e+00	0.00e+00	2.11e-01	3.64e-02	2.25e-02
 9.83418e+16	2.91e-01	6.70e-01	3.87e-02	0.00e+00	0.00e+00	0.00e+00	0.00e+00	0.00e+00	0.00e+00	2.28e-01	3.88e-02	2.42e-02
 9.86098e+16	3.18e-01	6.51e-01	3.09e-02	0.00e+00	0.00e+00	0.00e+00	0.00e+00	0.00e+00	0.00e+00	2.50e-01	4.18e-02	2.62e-02
 9.89040e+16	3.49e-01	6.27e-01	2.39e-02	0.00e+00	0.00e+00	0.00e+00	0.00e+00	0.00e+00	0.00e+00	2.76e-01	4.50e-02	2.85e-02
 9.91688e+16	3.80e-01	6.02e-01	1.86e-02	0.00e+00	0.00e+00	0.00e+00	0.00e+00	0.00e+00	0.00e+00	3.01e-01	4.80e-02	3.07e-02
 9.94026e+16	4.07e-01	5.78e-01	1.47e-02	0.00e+00	0.00e+00	0.00e+00	0.00e+00	0.00e+00	0.00e+00	3.24e-01	5.05e-02	3.26e-02
 9.96365e+16	4.37e-01	5.52e-01	1.15e-02	0.00e+00	0.00e+00	0.00e+00	0.00e+00	0.00e+00	0.00e+00	3.49e-01	5.30e-02	3.45e-02
 9.98826e+16	4.69e-01	5.22e-01	8.76e-03	0.00e+00	0.00e+00	0.00e+00	0.00e+00	0.00e+00	0.00e+00	3.77e-01	5.55e-02	3.65e-02
 1.00110e+17	5.00e-01	4.93e-01	6.72e-03	0.00e+00	0.00e+00	0.00e+00	0.00e+00	0.00e+00	0.00e+00	4.04e-01	5.77e-02	3.84e-02
 1.00299e+17	5.26e-01	4.69e-01	5.35e-03	0.00e+00	0.00e+00	0.00e+00	0.00e+00	0.00e+00	0.00e+00	4.27e-01	5.93e-02	3.98e-02
 1.00464e+17	5.49e-01	4.47e-01	4.35e-03	0.00e+00	0.00e+00	0.00e+00	0.00e+00	0.00e+00	0.00e+00	4.47e-01	6.05e-02	4.10e-02
 1.00627e+17	5.71e-01	4.25e-01	3.52e-03	0.00e+00	0.00e+00	0.00e+00	0.00e+00	0.00e+00	0.00e+00	4.67e-01	6.16e-02	4.21e-02
 1.00786e+17	5.94e-01	4.03e-01	2.83e-03	0.00e+00	0.00e+00	0.00e+00	0.00e+00	0.00e+00	0.00e+00	4.89e-01	6.25e-02	4.32e-02
 1.00906e+17	6.10e-01	3.87e-01	2.42e-03	0.00e+00	0.00e+00	0.00e+00	0.00e+00	0.00e+00	0.00e+00	5.03e-01	6.31e-02	4.38e-02
 1.00983e+17	6.20e-01	3.78e-01	2.19e-03	0.00e+00	0.00e+00	0.00e+00	0.00e+00	0.00e+00	0.00e+00	5.12e-01	6.33e-02	4.42e-02
 1.01060e+17	6.30e-01	3.68e-01	1.96e-03	0.00e+00	0.00e+00	0.00e+00	0.00e+00	0.00e+00	0.00e+00	5.22e-01	6.35e-02	4.45e-02
 1.01157e+17	6.43e-01	3.55e-01	1.71e-03	0.00e+00	0.00e+00	0.00e+00	0.00e+00	0.00e+00	0.00e+00	5.34e-01	6.37e-02	4.49e-02
 1.01257e+17	6.57e-01	3.41e-01	1.47e-03	0.00e+00	0.00e+00	0.00e+00	0.00e+00	0.00e+00	0.00e+00	5.48e-01	6.39e-02	4.54e-02
 1.01344e+17	6.69e-01	3.30e-01	1.29e-03	0.00e+00	0.00e+00	0.00e+00	0.00e+00	0.00e+00	0.00e+00	5.59e-01	6.39e-02	4.57e-02
 1.01424e+17	6.80e-01	3.19e-01	1.15e-03	0.00e+00	0.00e+00	0.00e+00	0.00e+00	0.00e+00	0.00e+00	5.70e-01	6.39e-02	4.59e-02
 1.01506e+17	6.90e-01	3.09e-01	1.01e-03	0.00e+00	0.00e+00	0.00e+00	0.00e+00	0.00e+00	0.00e+00	5.80e-01	6.39e-02	4.61e-02
 1.01593e+17	7.02e-01	2.97e-01	8.80e-04	0.00e+00	0.00e+00	0.00e+00	0.00e+00	0.00e+00	0.00e+00	5.92e-01	6.37e-02	4.63e-02
 1.01679e+17	7.14e-01	2.86e-01	7.67e-04	0.00e+00	0.00e+00	0.00e+00	0.00e+00	0.00e+00	0.00e+00	6.03e-01	6.36e-02	4.65e-02
 1.01759e+17	7.24e-01	2.76e-01	6.75e-04	0.00e+00	0.00e+00	0.00e+00	0.00e+00	0.00e+00	0.00e+00	6.14e-01	6.34e-02	4.65e-02
 1.01837e+17	7.34e-01	2.66e-01	5.93e-04	0.00e+00	0.00e+00	0.00e+00	0.00e+00	0.00e+00	0.00e+00	6.24e-01	6.31e-02	4.66e-02
 1.01917e+17	7.44e-01	2.56e-01	5.19e-04	0.00e+00	0.00e+00	0.00e+00	0.00e+00	0.00e+00	0.00e+00	6.34e-01	6.28e-02	4.66e-02
 1.01998e+17	7.54e-01	2.46e-01	4.52e-04	0.00e+00	0.00e+00	0.00e+00	0.00e+00	0.00e+00	0.00e+00	6.45e-01	6.24e-02	4.66e-02
 1.02076e+17	7.63e-01	2.36e-01	3.95e-04	0.00e+00	0.00e+00	0.00e+00	0.00e+00	0.00e+00	0.00e+00	6.55e-01	6.20e-02	4.66e-02
 1.02153e+17	7.73e-01	2.27e-01	3.46e-04	0.00e+00	0.00e+00	0.00e+00	0.00e+00	0.00e+00	0.00e+00	6.64e-01	6.16e-02	4.65e-02
 1.02230e+17	7.82e-01	2.18e-01	3.02e-04	0.00e+00	0.00e+00	0.00e+00	0.00e+00	0.00e+00	0.00e+00	6.74e-01	6.11e-02	4.64e-02
 1.02307e+17	7.91e-01	2.09e-01	2.63e-04	0.00e+00	0.00e+00	0.00e+00	0.00e+00	0.00e+00	0.00e+00	6.84e-01	6.06e-02	4.62e-02
 1.02382e+17	7.99e-01	2.01e-01	2.30e-04	0.00e+00	0.00e+00	0.00e+00	0.00e+00	0.00e+00	0.00e+00	6.93e-01	6.01e-02	4.60e-02
 1.02458e+17	8.07e-01	1.93e-01	2.00e-04	0.00e+00	0.00e+00	0.00e+00	0.00e+00	0.00e+00	0.00e+00	7.02e-01	5.95e-02	4.58e-02
 1.02532e+17	8.15e-01	1.85e-01	1.75e-04	0.00e+00	0.00e+00	0.00e+00	0.00e+00	0.00e+00	0.00e+00	7.10e-01	5.90e-02	4.56e-02
 1.02606e+17	8.23e-01	1.77e-01	1.52e-04	0.00e+00	0.00e+00	0.00e+00	0.00e+00	0.00e+00	0.00e+00	7.19e-01	5.84e-02	4.53e-02
 1.02679e+17	8.30e-01	1.70e-01	1.32e-04	0.00e+00	0.00e+00	0.00e+00	0.00e+00	0.00e+00	0.00e+00	7.27e-01	5.78e-02	4.51e-02
 1.02752e+17	8.37e-01	1.62e-01	1.15e-04	0.00e+00	0.00e+00	0.00e+00	0.00e+00	0.00e+00	0.00e+00	7.36e-01	5.71e-02	4.48e-02
 1.02825e+17	8.45e-01	1.55e-01	9.98e-05	0.00e+00	0.00e+00	0.00e+00	0.00e+00	0.00e+00	0.00e+00	7.44e-01	5.65e-02	4.44e-02
 1.02896e+17	8.51e-01	1.49e-01	8.69e-05	0.00e+00	0.00e+00	0.00e+00	0.00e+00	0.00e+00	0.00e+00	7.51e-01	5.58e-02	4.41e-02
 1.02966e+17	8.57e-01	1.42e-01	7.58e-05	0.00e+00	0.00e+00	0.00e+00	0.00e+00	0.00e+00	0.00e+00	7.58e-01	5.52e-02	4.38e-02
 1.03037e+17	8.64e-01	1.36e-01	6.58e-05	0.00e+00	0.00e+00	0.00e+00	0.00e+00	0.00e+00	0.00e+00	7.66e-01	5.45e-02	4.34e-02
 1.03107e+17	8.70e-01	1.30e-01	5.69e-05	0.00e+00	0.00e+00	0.00e+00	0.00e+00	0.00e+00	0.00e+00	7.73e-01	5.38e-02	4.30e-02
 1.03176e+17	8.76e-01	1.24e-01	4.95e-05	0.00e+00	0.00e+00	0.00e+00	0.00e+00	0.00e+00	0.00e+00	7.80e-01	5.32e-02	4.26e-02
 1.03243e+17	8.81e-01	1.19e-01	4.32e-05	0.00e+00	0.00e+00	0.00e+00	0.00e+00	0.00e+00	0.00e+00	7.86e-01	5.25e-02	4.23e-02
 1.03308e+17	8.86e-01	1.14e-01	3.78e-05	0.00e+00	0.00e+00	0.00e+00	0.00e+00	0.00e+00	0.00e+00	7.92e-01	5.19e-02	4.19e-02
 1.03374e+17	8.91e-01	1.09e-01	3.29e-05	0.00e+00	0.00e+00	0.00e+00	0.00e+00	0.00e+00	0.00e+00	7.98e-01	5.13e-02	4.15e-02
 1.03439e+17	8.96e-01	1.04e-01	2.87e-05	0.00e+00	0.00e+00	0.00e+00	0.00e+00	0.00e+00	0.00e+00	8.04e-01	5.06e-02	4.11e-02
 1.03503e+17	9.00e-01	9.99e-02	2.51e-05	0.00e+00	0.00e+00	0.00e+00	0.00e+00	0.00e+00	0.00e+00	8.09e-01	5.00e-02	4.07e-02
 1.03565e+17	9.04e-01	9.57e-02	2.20e-05	0.00e+00	0.00e+00	0.00e+00	0.00e+00	0.00e+00	0.00e+00	8.14e-01	4.94e-02	4.03e-02
 1.03626e+17	9.08e-01	9.19e-02	1.93e-05	0.00e+00	0.00e+00	0.00e+00	0.00e+00	0.00e+00	0.00e+00	8.19e-01	4.89e-02	4.00e-02
 1.03687e+17	9.12e-01	8.79e-02	1.69e-05	0.00e+00	0.00e+00	0.00e+00	0.00e+00	0.00e+00	0.00e+00	8.24e-01	4.83e-02	3.96e-02
 1.03747e+17	9.16e-01	8.41e-02	1.48e-05	0.00e+00	0.00e+00	0.00e+00	0.00e+00	0.00e+00	0.00e+00	8.29e-01	4.77e-02	3.92e-02
 1.03806e+17	9.19e-01	8.07e-02	1.30e-05	0.00e+00	0.00e+00	0.00e+00	0.00e+00	0.00e+00	0.00e+00	8.33e-01	4.72e-02	3.89e-02
 1.03864e+17	9.23e-01	7.74e-02	1.15e-05	0.00e+00	0.00e+00	0.00e+00	0.00e+00	0.00e+00	0.00e+00	8.37e-01	4.67e-02	3.85e-02
 1.03921e+17	9.26e-01	7.42e-02	1.01e-05	0.00e+00	0.00e+00	0.00e+00	0.00e+00	0.00e+00	0.00e+00	8.41e-01	4.62e-02	3.82e-02
 1.03977e+17	9.29e-01	7.11e-02	8.92e-06	0.00e+00	0.00e+00	0.00e+00	0.00e+00	0.00e+00	0.00e+00	8.45e-01	4.57e-02	3.78e-02
 1.04033e+17	9.32e-01	6.82e-02	7.87e-06	0.00e+00	0.00e+00	0.00e+00	0.00e+00	0.00e+00	0.00e+00	8.49e-01	4.52e-02	3.75e-02
 1.04089e+17	9.35e-01	6.54e-02	6.94e-06	0.00e+00	0.00e+00	0.00e+00	0.00e+00	0.00e+00	0.00e+00	8.53e-01	4.47e-02	3.71e-02
 1.04144e+17	9.37e-01	6.27e-02	6.13e-06	0.00e+00	0.00e+00	0.00e+00	0.00e+00	0.00e+00	0.00e+00	8.56e-01	4.42e-02	3.68e-02
 1.04197e+17	9.40e-01	6.02e-02	5.43e-06	0.00e+00	0.00e+00	0.00e+00	0.00e+00	0.00e+00	0.00e+00	8.59e-01	4.38e-02	3.65e-02
 1.04251e+17	9.42e-01	5.78e-02	4.81e-06	0.00e+00	0.00e+00	0.00e+00	0.00e+00	0.00e+00	0.00e+00	8.63e-01	4.34e-02	3.62e-02
 1.04304e+17	9.45e-01	5.55e-02	4.26e-06	0.00e+00	0.00e+00	0.00e+00	0.00e+00	0.00e+00	0.00e+00	8.66e-01	4.29e-02	3.59e-02
 1.04356e+17	9.47e-01	5.32e-02	3.78e-06	0.00e+00	0.00e+00	0.00e+00	0.00e+00	0.00e+00	0.00e+00	8.69e-01	4.25e-02	3.56e-02
 1.04407e+17	9.49e-01	5.11e-02	3.36e-06	0.00e+00	0.00e+00	0.00e+00	0.00e+00	0.00e+00	0.00e+00	8.71e-01	4.21e-02	3.53e-02
 1.04458e+17	9.51e-01	4.91e-02	2.99e-06	0.00e+00	0.00e+00	0.00e+00	0.00e+00	0.00e+00	0.00e+00	8.74e-01	4.17e-02	3.49e-02
 1.04509e+17	9.53e-01	4.71e-02	2.65e-06	0.00e+00	0.00e+00	0.00e+00	0.00e+00	0.00e+00	0.00e+00	8.77e-01	4.13e-02	3.46e-02
 1.04560e+17	9.55e-01	4.52e-02	2.36e-06	0.00e+00	0.00e+00	0.00e+00	0.00e+00	0.00e+00	0.00e+00	8.80e-01	4.10e-02	3.43e-02
 1.04609e+17	9.57e-01	4.34e-02	2.10e-06	0.00e+00	0.00e+00	0.00e+00	0.00e+00	0.00e+00	0.00e+00	8.82e-01	4.06e-02	3.40e-02
 1.04658e+17	9.58e-01	4.17e-02	1.87e-06	0.00e+00	0.00e+00	0.00e+00	0.00e+00	0.00e+00	0.00e+00	8.84e-01	4.03e-02	3.37e-02
 1.04707e+17	9.60e-01	4.00e-02	1.67e-06	0.00e+00	0.00e+00	0.00e+00	0.00e+00	0.00e+00	0.00e+00	8.87e-01	3.99e-02	3.34e-02
 1.04756e+17	9.62e-01	3.84e-02	1.49e-06	0.00e+00	0.00e+00	0.00e+00	0.00e+00	0.00e+00	0.00e+00	8.89e-01	3.96e-02	3.31e-02
 1.04804e+17	9.63e-01	3.69e-02	1.33e-06	0.00e+00	0.00e+00	0.00e+00	0.00e+00	0.00e+00	0.00e+00	8.91e-01	3.93e-02	3.28e-02
 1.04850e+17	9.65e-01	3.54e-02	1.19e-06	0.00e+00	0.00e+00	0.00e+00	0.00e+00	0.00e+00	0.00e+00	8.93e-01	3.90e-02	3.25e-02
 1.04896e+17	9.66e-01	3.41e-02	1.07e-06	0.00e+00	0.00e+00	0.00e+00	0.00e+00	0.00e+00	0.00e+00	8.95e-01	3.87e-02	3.23e-02
 1.04943e+17	9.67e-01	3.27e-02	9.57e-07	0.00e+00	0.00e+00	0.00e+00	0.00e+00	0.00e+00	0.00e+00	8.97e-01	3.83e-02	3.20e-02
 1.04990e+17	9.69e-01	3.13e-02	8.56e-07	0.00e+00	0.00e+00	0.00e+00	0.00e+00	0.00e+00	0.00e+00	8.99e-01	3.80e-02	3.18e-02
 1.05035e+17	9.70e-01	3.01e-02	7.69e-07	0.00e+00	0.00e+00	0.00e+00	0.00e+00	0.00e+00	0.00e+00	9.01e-01	3.78e-02	3.15e-02
 1.05079e+17	9.71e-01	2.89e-02	6.94e-07	0.00e+00	0.00e+00	0.00e+00	0.00e+00	0.00e+00	0.00e+00	9.02e-01	3.75e-02	3.13e-02
 1.05123e+17	9.72e-01	2.78e-02	6.25e-07	0.00e+00	0.00e+00	0.00e+00	0.00e+00	0.00e+00	0.00e+00	9.04e-01	3.72e-02	3.10e-02
 1.05168e+17	9.73e-01	2.66e-02	5.61e-07	0.00e+00	0.00e+00	0.00e+00	0.00e+00	0.00e+00	0.00e+00	9.06e-01	3.70e-02	3.08e-02
 1.05212e+17	9.74e-01	2.55e-02	5.05e-07	0.00e+00	0.00e+00	0.00e+00	0.00e+00	0.00e+00	0.00e+00	9.07e-01	3.67e-02	3.06e-02
 1.05253e+17	9.75e-01	2.45e-02	4.58e-07	0.00e+00	0.00e+00	0.00e+00	0.00e+00	0.00e+00	0.00e+00	9.09e-01	3.65e-02	3.04e-02
 1.05291e+17	9.76e-01	2.37e-02	4.19e-07	0.00e+00	0.00e+00	0.00e+00	0.00e+00	0.00e+00	0.00e+00	9.10e-01	3.63e-02	3.02e-02
 1.05326e+17	9.77e-01	2.29e-02	3.87e-07	0.00e+00	0.00e+00	0.00e+00	0.00e+00	0.00e+00	0.00e+00	9.11e-01	3.61e-02	3.00e-02
 1.05357e+17	9.78e-01	2.23e-02	3.60e-07	0.00e+00	0.00e+00	0.00e+00	0.00e+00	0.00e+00	0.00e+00	9.12e-01	3.59e-02	2.98e-02
 1.05387e+17	9.78e-01	2.16e-02	3.37e-07	0.00e+00	0.00e+00	0.00e+00	0.00e+00	0.00e+00	0.00e+00	9.13e-01	3.57e-02	2.97e-02
 1.05414e+17	9.79e-01	2.11e-02	3.16e-07	0.00e+00	0.00e+00	0.00e+00	0.00e+00	0.00e+00	0.00e+00	9.14e-01	3.56e-02	2.95e-02
 1.05439e+17	9.79e-01	2.06e-02	2.98e-07	0.00e+00	0.00e+00	0.00e+00	0.00e+00	0.00e+00	0.00e+00	9.15e-01	3.55e-02	2.94e-02
 1.05462e+17	9.80e-01	2.01e-02	2.83e-07	0.00e+00	0.00e+00	0.00e+00	0.00e+00	0.00e+00	0.00e+00	9.15e-01	3.53e-02	2.93e-02
 1.05484e+17	9.80e-01	1.97e-02	2.70e-07	0.00e+00	0.00e+00	0.00e+00	0.00e+00	0.00e+00	0.00e+00	9.16e-01	3.52e-02	2.92e-02
 1.05504e+17	9.81e-01	1.93e-02	2.57e-07	0.00e+00	0.00e+00	0.00e+00	0.00e+00	0.00e+00	0.00e+00	9.17e-01	3.51e-02	2.91e-02
 1.05523e+17	9.81e-01	1.89e-02	2.46e-07	0.00e+00	0.00e+00	0.00e+00	0.00e+00	0.00e+00	0.00e+00	9.17e-01	3.50e-02	2.90e-02
 1.05540e+17	9.81e-01	1.85e-02	2.37e-07	0.00e+00	0.00e+00	0.00e+00	0.00e+00	0.00e+00	0.00e+00	9.18e-01	3.49e-02	2.89e-02
 1.05557e+17	9.82e-01	1.82e-02	2.28e-07	0.00e+00	0.00e+00	0.00e+00	0.00e+00	0.00e+00	0.00e+00	9.18e-01	3.48e-02	2.88e-02
 1.05573e+17	9.82e-01	1.79e-02	2.19e-07	0.00e+00	0.00e+00	0.00e+00	0.00e+00	0.00e+00	0.00e+00	9.19e-01	3.47e-02	2.87e-02
 1.05588e+17	9.82e-01	1.76e-02	2.12e-07	0.00e+00	0.00e+00	0.00e+00	0.00e+00	0.00e+00	0.00e+00	9.19e-01	3.46e-02	2.86e-02
 1.05602e+17	9.83e-01	1.73e-02	2.05e-07	0.00e+00	0.00e+00	0.00e+00	0.00e+00	0.00e+00	0.00e+00	9.20e-01	3.45e-02	2.85e-02
 1.05615e+17	9.83e-01	1.70e-02	1.99e-07	0.00e+00	0.00e+00	0.00e+00	0.00e+00	0.00e+00	0.00e+00	9.20e-01	3.44e-02	2.84e-02
 1.05628e+17	9.83e-01	1.67e-02	1.93e-07	0.00e+00	0.00e+00	0.00e+00	0.00e+00	0.00e+00	0.00e+00	9.21e-01	3.43e-02	2.83e-02
 1.05640e+17	9.84e-01	1.65e-02	1.88e-07	0.00e+00	0.00e+00	0.00e+00	0.00e+00	0.00e+00	0.00e+00	9.21e-01	3.42e-02	2.82e-02
 1.05651e+17	9.84e-01	1.62e-02	1.83e-07	0.00e+00	0.00e+00	0.00e+00	0.00e+00	0.00e+00	0.00e+00	9.21e-01	3.41e-02	2.82e-02
 1.05662e+17	9.84e-01	1.60e-02	1.78e-07	0.00e+00	0.00e+00	0.00e+00	0.00e+00	0.00e+00	0.00e+00	9.22e-01	3.40e-02	2.81e-02
 1.05673e+17	9.84e-01	1.58e-02	1.74e-07	0.00e+00	0.00e+00	0.00e+00	0.00e+00	0.00e+00	0.00e+00	9.22e-01	3.40e-02	2.80e-02
 1.05683e+17	9.84e-01	1.56e-02	1.69e-07	0.00e+00	0.00e+00	0.00e+00	0.00e+00	0.00e+00	0.00e+00	9.23e-01	3.39e-02	2.79e-02
 1.05693e+17	9.85e-01	1.53e-02	1.65e-07	0.00e+00	0.00e+00	0.00e+00	0.00e+00	0.00e+00	0.00e+00	9.23e-01	3.38e-02	2.79e-02
 1.05702e+17	9.85e-01	1.51e-02	1.62e-07	0.00e+00	0.00e+00	0.00e+00	0.00e+00	0.00e+00	0.00e+00	9.23e-01	3.37e-02	2.78e-02
 1.05712e+17	9.85e-01	1.49e-02	1.58e-07	0.00e+00	0.00e+00	0.00e+00	0.00e+00	0.00e+00	0.00e+00	9.24e-01	3.36e-02	2.77e-02
 1.05721e+17	9.85e-01	1.47e-02	1.54e-07	0.00e+00	0.00e+00	0.00e+00	0.00e+00	0.00e+00	0.00e+00	9.24e-01	3.36e-02	2.76e-02
 1.05730e+17	9.86e-01	1.45e-02	1.51e-07	0.00e+00	0.00e+00	0.00e+00	0.00e+00	0.00e+00	0.00e+00	9.25e-01	3.35e-02	2.75e-02
 1.05739e+17	9.86e-01	1.43e-02	1.48e-07	0.00e+00	0.00e+00	0.00e+00	0.00e+00	0.00e+00	0.00e+00	9.25e-01	3.34e-02	2.75e-02
 1.05748e+17	9.86e-01	1.40e-02	1.44e-07	0.00e+00	0.00e+00	0.00e+00	0.00e+00	0.00e+00	0.00e+00	9.25e-01	3.33e-02	2.74e-02
 1.05757e+17	9.86e-01	1.38e-02	1.41e-07	0.00e+00	0.00e+00	0.00e+00	0.00e+00	0.00e+00	0.00e+00	9.26e-01	3.32e-02	2.73e-02
 1.05767e+17	9.86e-01	1.36e-02	1.37e-07	0.00e+00	0.00e+00	0.00e+00	0.00e+00	0.00e+00	0.00e+00	9.26e-01	3.31e-02	2.72e-02
 1.05778e+17	9.87e-01	1.33e-02	1.33e-07	0.00e+00	0.00e+00	0.00e+00	0.00e+00	0.00e+00	0.00e+00	9.27e-01	3.30e-02	2.71e-02
 1.05789e+17	9.87e-01	1.30e-02	1.29e-07	0.00e+00	0.00e+00	0.00e+00	0.00e+00	0.00e+00	0.00e+00	9.27e-01	3.28e-02	2.69e-02
 1.05800e+17	9.87e-01	1.27e-02	1.25e-07	0.00e+00	0.00e+00	0.00e+00	0.00e+00	0.00e+00	0.00e+00	9.28e-01	3.27e-02	2.68e-02
 1.05811e+17	9.88e-01	1.24e-02	1.22e-07	0.00e+00	0.00e+00	0.00e+00	0.00e+00	0.00e+00	0.00e+00	9.28e-01	3.26e-02	2.67e-02
 1.05820e+17	9.88e-01	1.21e-02	1.18e-07	0.00e+00	0.00e+00	0.00e+00	0.00e+00	0.00e+00	0.00e+00	9.29e-01	3.24e-02	2.65e-02
 1.05830e+17	9.88e-01	1.19e-02	1.15e-07	0.00e+00	0.00e+00	0.00e+00	0.00e+00	0.00e+00	0.00e+00	9.29e-01	3.23e-02	2.64e-02
 1.05839e+17	9.88e-01	1.16e-02	1.12e-07	0.00e+00	0.00e+00	0.00e+00	0.00e+00	0.00e+00	0.00e+00	9.30e-01	3.22e-02	2.63e-02
 1.05847e+17	9.89e-01	1.14e-02	1.09e-07	0.00e+00	0.00e+00	0.00e+00	0.00e+00	0.00e+00	0.00e+00	9.30e-01	3.21e-02	2.62e-02
 1.05854e+17	9.89e-01	1.12e-02	1.07e-07	0.00e+00	0.00e+00	0.00e+00	0.00e+00	0.00e+00	0.00e+00	9.31e-01	3.19e-02	2.61e-02
 1.05861e+17	9.89e-01	1.10e-02	1.05e-07	0.00e+00	0.00e+00	0.00e+00	0.00e+00	0.00e+00	0.00e+00	9.31e-01	3.18e-02	2.59e-02
 1.05867e+17	9.89e-01	1.08e-02	1.02e-07	0.00e+00	0.00e+00	0.00e+00	0.00e+00	0.00e+00	0.00e+00	9.32e-01	3.17e-02	2.59e-02
 1.05873e+17	9.89e-01	1.06e-02	1.01e-07	0.00e+00	0.00e+00	0.00e+00	0.00e+00	0.00e+00	0.00e+00	9.32e-01	3.17e-02	2.58e-02
 1.05878e+17	9.89e-01	1.05e-02	9.90e-08	0.00e+00	0.00e+00	0.00e+00	0.00e+00	0.00e+00	0.00e+00	9.32e-01	3.16e-02	2.57e-02
 1.05884e+17	9.90e-01	1.04e-02	9.71e-08	0.00e+00	0.00e+00	0.00e+00	0.00e+00	0.00e+00	0.00e+00	9.33e-01	3.14e-02	2.56e-02
 1.05890e+17	9.90e-01	1.02e-02	9.52e-08	0.00e+00	0.00e+00	0.00e+00	0.00e+00	0.00e+00	0.00e+00	9.33e-01	3.13e-02	2.55e-02
 1.05895e+17	9.90e-01	1.01e-02	9.35e-08	0.00e+00	0.00e+00	0.00e+00	0.00e+00	0.00e+00	0.00e+00	9.33e-01	3.12e-02	2.54e-02
 1.05900e+17	9.90e-01	9.95e-03	9.19e-08	0.00e+00	0.00e+00	0.00e+00	0.00e+00	0.00e+00	0.00e+00	9.34e-01	3.11e-02	2.53e-02
 1.05906e+17	9.90e-01	9.80e-03	9.01e-08	0.00e+00	0.00e+00	0.00e+00	0.00e+00	0.00e+00	0.00e+00	9.34e-01	3.10e-02	2.52e-02
 1.05912e+17	9.90e-01	9.66e-03	8.83e-08	0.00e+00	0.00e+00	0.00e+00	0.00e+00	0.00e+00	0.00e+00	9.34e-01	3.09e-02	2.51e-02
 1.05917e+17	9.90e-01	9.52e-03	8.66e-08	0.00e+00	0.00e+00	0.00e+00	0.00e+00	0.00e+00	0.00e+00	9.35e-01	3.08e-02	2.51e-02
 1.05922e+17	9.91e-01	9.40e-03	8.51e-08	0.00e+00	0.00e+00	0.00e+00	0.00e+00	0.00e+00	0.00e+00	9.35e-01	3.07e-02	2.50e-02
 1.05927e+17	9.91e-01	9.27e-03	8.34e-08	0.00e+00	0.00e+00	0.00e+00	0.00e+00	0.00e+00	0.00e+00	9.35e-01	3.06e-02	2.49e-02
 1.05933e+17	9.91e-01	9.14e-03	8.16e-08	0.00e+00	0.00e+00	0.00e+00	0.00e+00	0.00e+00	0.00e+00	9.36e-01	3.05e-02	2.48e-02
 1.05938e+17	9.91e-01	9.04e-03	8.02e-08	0.00e+00	0.00e+00	0.00e+00	0.00e+00	0.00e+00	0.00e+00	9.36e-01	3.04e-02	2.47e-02
 1.05944e+17	9.91e-01	8.93e-03	7.86e-08	0.00e+00	0.00e+00	0.00e+00	0.00e+00	0.00e+00	0.00e+00	9.36e-01	3.03e-02	2.46e-02
 1.05952e+17	9.91e-01	8.78e-03	7.65e-08	0.00e+00	0.00e+00	0.00e+00	0.00e+00	0.00e+00	0.00e+00	9.36e-01	3.02e-02	2.45e-02
 1.05960e+17	9.91e-01	8.62e-03	7.43e-08	0.00e+00	0.00e+00	0.00e+00	0.00e+00	0.00e+00	0.00e+00	9.37e-01	3.01e-02	2.44e-02
 1.05967e+17	9.92e-01	8.49e-03	7.24e-08	0.00e+00	0.00e+00	0.00e+00	0.00e+00	0.00e+00	0.00e+00	9.37e-01	3.00e-02	2.43e-02
 1.05974e+17	9.92e-01	8.36e-03	7.07e-08	0.00e+00	0.00e+00	0.00e+00	0.00e+00	0.00e+00	0.00e+00	9.38e-01	2.99e-02	2.42e-02
 1.05981e+17	9.92e-01	8.23e-03	6.88e-08	0.00e+00	0.00e+00	0.00e+00	0.00e+00	0.00e+00	0.00e+00	9.38e-01	2.98e-02	2.41e-02
 1.05989e+17	9.92e-01	8.08e-03	6.68e-08	0.00e+00	0.00e+00	0.00e+00	0.00e+00	0.00e+00	0.00e+00	9.38e-01	2.97e-02	2.40e-02
 1.05997e+17	9.92e-01	7.95e-03	6.50e-08	0.00e+00	0.00e+00	0.00e+00	0.00e+00	0.00e+00	0.00e+00	9.39e-01	2.96e-02	2.39e-02
 1.06003e+17	9.92e-01	7.83e-03	6.34e-08	0.00e+00	0.00e+00	0.00e+00	0.00e+00	0.00e+00	0.00e+00	9.39e-01	2.95e-02	2.38e-02
 1.06010e+17	9.92e-01	7.70e-03	6.16e-08	0.00e+00	0.00e+00	0.00e+00	0.00e+00	0.00e+00	0.00e+00	9.39e-01	2.93e-02	2.37e-02
 1.06018e+17	9.92e-01	7.57e-03	5.98e-08	0.00e+00	0.00e+00	0.00e+00	0.00e+00	0.00e+00	0.00e+00	9.40e-01	2.92e-02	2.36e-02
 1.06025e+17	9.93e-01	7.45e-03	5.82e-08	0.00e+00	0.00e+00	0.00e+00	0.00e+00	0.00e+00	0.00e+00	9.40e-01	2.91e-02	2.35e-02
 1.06032e+17	9.93e-01	7.33e-03	5.67e-08	0.00e+00	0.00e+00	0.00e+00	0.00e+00	0.00e+00	0.00e+00	9.40e-01	2.90e-02	2.34e-02
 1.06039e+17	9.93e-01	7.19e-03	5.48e-08	0.00e+00	0.00e+00	0.00e+00	0.00e+00	0.00e+00	0.00e+00	9.41e-01	2.89e-02	2.33e-02
