#depth	H	H+	H2
 3.68363e+12	9.43e-04	9.99e-01	3.55e-14
 2.21018e+13	9.42e-04	9.99e-01	3.55e-14
 9.57744e+13	9.42e-04	9.99e-01	3.56e-14
 3.90465e+14	9.39e-04	9.99e-01	3.60e-14
 9.32695e+14	9.19e-04	9.99e-01	3.61e-14
 1.63759e+15	9.05e-04	9.99e-01	3.65e-14
 2.55396e+15	8.96e-04	9.99e-01	3.74e-14
 3.74524e+15	8.92e-04	9.99e-01	3.90e-14
 5.29391e+15	8.95e-04	9.99e-01	4.15e-14
 7.30717e+15	9.10e-04	9.99e-01	4.57e-14
 9.27456e+15	9.15e-04	9.99e-01	4.96e-14
 1.07318e+16	9.30e-04	9.99e-01	5.31e-14
 1.19233e+16	9.49e-04	9.99e-01	5.66e-14
 1.29354e+16	9.68e-04	9.99e-01	6.03e-14
 1.37800e+16	9.89e-04	9.99e-01	6.41e-14
 1.45708e+16	1.01e-03	9.99e-01	6.79e-14
 1.54786e+16	1.04e-03	9.99e-01	7.31e-14
 1.64549e+16	1.08e-03	9.99e-01	7.89e-14
 1.73359e+16	1.11e-03	9.99e-01	8.50e-14
 1.82970e+16	1.15e-03	9.99e-01	9.25e-14
 1.95463e+16	1.21e-03	9.99e-01	1.03e-13
 2.11705e+16	1.28e-03	9.99e-01	1.17e-13
 2.31929e+16	1.38e-03	9.99e-01	1.35e-13
 2.55122e+16	1.48e-03	9.99e-01	1.56e-13
 2.80635e+16	1.61e-03	9.98e-01	1.79e-13
 3.08698e+16	1.76e-03	9.98e-01	2.08e-13
 3.39568e+16	1.94e-03	9.98e-01	2.43e-13
 3.73525e+16	2.17e-03	9.98e-01	2.88e-13
 4.10877e+16	2.48e-03	9.98e-01	3.49e-13
 4.51965e+16	2.89e-03	9.97e-01	4.30e-13
 4.92386e+16	3.38e-03	9.97e-01	5.33e-13
 5.18146e+16	3.77e-03	9.96e-01	6.23e-13
 5.29019e+16	3.94e-03	9.96e-01	6.63e-13
 5.38249e+16	4.10e-03	9.96e-01	6.96e-13
 5.50247e+16	4.31e-03	9.96e-01	7.44e-13
 5.65844e+16	4.62e-03	9.95e-01	8.10e-13
 5.82900e+16	4.98e-03	9.95e-01	8.95e-13
 5.97983e+16	5.34e-03	9.95e-01	9.83e-13
 6.11135e+16	5.68e-03	9.94e-01	1.06e-12
 6.25648e+16	6.08e-03	9.94e-01	1.16e-12
 6.41379e+16	6.57e-03	9.93e-01	1.28e-12
 6.55163e+16	7.04e-03	9.93e-01	1.40e-12
 6.67269e+16	7.50e-03	9.93e-01	1.51e-12
 6.80722e+16	8.04e-03	9.92e-01	1.65e-12
 6.95348e+16	8.70e-03	9.91e-01	1.82e-12
 7.08134e+16	9.35e-03	9.91e-01	1.99e-12
 7.19273e+16	9.97e-03	9.90e-01	2.16e-12
 7.31631e+16	1.07e-02	9.89e-01	2.37e-12
 7.45085e+16	1.16e-02	9.88e-01	2.60e-12
 7.56999e+16	1.26e-02	9.87e-01	2.87e-12
 7.67520e+16	1.35e-02	9.87e-01	3.13e-12
 7.79193e+16	1.46e-02	9.85e-01	3.44e-12
 7.91730e+16	1.59e-02	9.84e-01	3.85e-12
 8.02432e+16	1.73e-02	9.83e-01	4.24e-12
 8.11615e+16	1.85e-02	9.81e-01	4.62e-12
 8.21785e+16	2.01e-02	9.80e-01	5.10e-12
 8.32824e+16	2.21e-02	9.78e-01	5.72e-12
 8.42355e+16	2.40e-02	9.76e-01	6.34e-12
 8.50416e+16	2.59e-02	9.74e-01	6.94e-12
 8.59203e+16	2.82e-02	9.72e-01	7.68e-12
 8.68727e+16	3.11e-02	9.69e-01	8.64e-12
 8.76923e+16	3.41e-02	9.66e-01	9.65e-12
 8.83828e+16	3.69e-02	9.63e-01	1.06e-11
 8.91341e+16	4.04e-02	9.60e-01	1.19e-11
 8.99519e+16	4.49e-02	9.55e-01	1.35e-11
 9.06623e+16	4.96e-02	9.50e-01	1.52e-11
 9.12669e+16	5.41e-02	9.46e-01	1.69e-11
 9.19276e+16	5.99e-02	9.40e-01	1.91e-11
 9.26497e+16	6.74e-02	9.33e-01	2.20e-11
 9.32369e+16	7.51e-02	9.25e-01	2.51e-11
 9.36587e+16	8.12e-02	9.19e-01	2.77e-11
 9.40804e+16	8.81e-02	9.12e-01	3.07e-11
 9.46285e+16	9.89e-02	9.01e-01	3.53e-11
 9.51554e+16	1.11e-01	8.89e-01	4.09e-11
 9.55229e+16	1.21e-01	8.79e-01	4.55e-11
 9.58193e+16	1.30e-01	8.70e-01	4.98e-11
 9.61550e+16	1.41e-01	8.59e-01	5.55e-11
 9.65325e+16	1.56e-01	8.44e-01	6.31e-11
 9.68746e+16	1.71e-01	8.29e-01	7.12e-11
 9.71640e+16	1.85e-01	8.15e-01	7.89e-11
 9.74748e+16	2.02e-01	7.98e-01	8.90e-11
 9.78098e+16	2.23e-01	7.77e-01	1.02e-10
 9.80972e+16	2.44e-01	7.56e-01	1.15e-10
 9.83418e+16	2.62e-01	7.38e-01	1.27e-10
 9.86098e+16	2.85e-01	7.15e-01	1.44e-10
 9.89040e+16	3.12e-01	6.88e-01	1.64e-10
 9.91688e+16	3.39e-01	6.61e-01	1.86e-10
 9.94026e+16	3.64e-01	6.36e-01	2.08e-10
 9.96365e+16	3.91e-01	6.09e-01	2.33e-10
 9.98826e+16	4.22e-01	5.78e-01	2.63e-10
 1.00110e+17	4.51e-01	5.49e-01	2.95e-10
 1.00299e+17	4.76e-01	5.24e-01	3.24e-10
 1.00464e+17	4.99e-01	5.01e-01	3.52e-10
 1.00627e+17	5.21e-01	4.79e-01	3.82e-10
 1.00786e+17	5.44e-01	4.56e-01	4.16e-10
 1.00906e+17	5.60e-01	4.40e-01	4.40e-10
 1.00983e+17	5.70e-01	4.30e-01	4.56e-10
 1.01060e+17	5.80e-01	4.20e-01	4.74e-10
 1.01157e+17	5.94e-01	4.06e-01	4.98e-10
 1.01257e+17	6.09e-01	3.91e-01	5.25e-10
 1.01344e+17	6.21e-01	3.79e-01	5.47e-10
 1.01424e+17	6.32e-01	3.68e-01	5.70e-10
 1.01506e+17	6.43e-01	3.57e-01	5.94e-10
 1.01593e+17	6.56e-01	3.44e-01	6.21e-10
 1.01679e+17	6.68e-01	3.32e-01	6.50e-10
 1.01759e+17	6.79e-01	3.21e-01	6.76e-10
 1.01837e+17	6.90e-01	3.10e-01	7.04e-10
 1.01917e+17	7.01e-01	2.99e-01	7.32e-10
 1.01998e+17	7.12e-01	2.88e-01	7.65e-10
 1.02076e+17	7.23e-01	2.77e-01	7.94e-10
 1.02153e+17	7.33e-01	2.67e-01	8.27e-10
 1.02230e+17	7.43e-01	2.57e-01	8.61e-10
 1.02307e+17	7.53e-01	2.47e-01	8.95e-10
 1.02382e+17	7.62e-01	2.38e-01	9.29e-10
 1.02458e+17	7.71e-01	2.29e-01	9.69e-10
 1.02532e+17	7.80e-01	2.20e-01	1.00e-09
 1.02606e+17	7.89e-01	2.11e-01	1.05e-09
 1.02679e+17	7.97e-01	2.03e-01	1.08e-09
 1.02752e+17	8.06e-01	1.94e-01	1.13e-09
 1.02825e+17	8.14e-01	1.86e-01	1.17e-09
 1.02896e+17	8.22e-01	1.78e-01	1.22e-09
 1.02966e+17	8.29e-01	1.71e-01	1.26e-09
 1.03037e+17	8.36e-01	1.64e-01	1.31e-09
 1.03107e+17	8.43e-01	1.57e-01	1.37e-09
 1.03176e+17	8.50e-01	1.50e-01	1.42e-09
 1.03243e+17	8.56e-01	1.44e-01	1.47e-09
 1.03308e+17	8.62e-01	1.38e-01	1.53e-09
 1.03374e+17	8.68e-01	1.32e-01	1.58e-09
 1.03439e+17	8.73e-01	1.27e-01	1.65e-09
 1.03503e+17	8.78e-01	1.22e-01	1.70e-09
 1.03565e+17	8.83e-01	1.17e-01	1.77e-09
 1.03626e+17	8.88e-01	1.12e-01	1.83e-09
 1.03687e+17	8.93e-01	1.07e-01	1.90e-09
 1.03747e+17	8.97e-01	1.03e-01	1.98e-09
 1.03806e+17	9.01e-01	9.87e-02	2.06e-09
 1.03864e+17	9.05e-01	9.48e-02	2.13e-09
 1.03921e+17	9.09e-01	9.10e-02	2.22e-09
 1.03977e+17	9.13e-01	8.73e-02	2.31e-09
 1.04033e+17	9.16e-01	8.38e-02	2.41e-09
 1.04089e+17	9.20e-01	8.04e-02	2.51e-09
 1.04144e+17	9.23e-01	7.72e-02	2.61e-09
 1.04197e+17	9.26e-01	7.42e-02	2.72e-09
 1.04251e+17	9.29e-01	7.13e-02	2.84e-09
 1.04304e+17	9.32e-01	6.84e-02	2.97e-09
 1.04356e+17	9.34e-01	6.57e-02	3.11e-09
 1.04407e+17	9.37e-01	6.32e-02	3.26e-09
 1.04458e+17	9.39e-01	6.07e-02	3.42e-09
 1.04509e+17	9.42e-01	5.83e-02	3.59e-09
 1.04560e+17	9.44e-01	5.60e-02	3.78e-09
 1.04609e+17	9.46e-01	5.38e-02	3.98e-09
 1.04658e+17	9.48e-01	5.17e-02	4.21e-09
 1.04707e+17	9.50e-01	4.97e-02	4.47e-09
 1.04756e+17	9.52e-01	4.77e-02	4.75e-09
 1.04804e+17	9.54e-01	4.59e-02	5.04e-09
 1.04850e+17	9.56e-01	4.41e-02	5.39e-09
 1.04896e+17	9.58e-01	4.24e-02	5.78e-09
 1.04943e+17	9.59e-01	4.07e-02	6.23e-09
 1.04990e+17	9.61e-01	3.91e-02	6.77e-09
 1.05035e+17	9.62e-01	3.76e-02	7.36e-09
 1.05079e+17	9.64e-01	3.61e-02	8.04e-09
 1.05123e+17	9.65e-01	3.47e-02	8.85e-09
 1.05168e+17	9.67e-01	3.33e-02	9.85e-09
 1.05212e+17	9.68e-01	3.20e-02	1.10e-08
 1.05253e+17	9.69e-01	3.08e-02	1.24e-08
 1.05291e+17	9.70e-01	2.97e-02	1.39e-08
 1.05326e+17	9.71e-01	2.88e-02	1.56e-08
 1.05357e+17	9.72e-01	2.80e-02	1.75e-08
 1.05387e+17	9.73e-01	2.73e-02	1.96e-08
 1.05414e+17	9.73e-01	2.66e-02	2.20e-08
 1.05439e+17	9.74e-01	2.59e-02	2.47e-08
 1.05462e+17	9.75e-01	2.54e-02	2.76e-08
 1.05484e+17	9.75e-01	2.48e-02	3.09e-08
 1.05504e+17	9.76e-01	2.43e-02	3.47e-08
 1.05523e+17	9.76e-01	2.39e-02	3.88e-08
 1.05540e+17	9.77e-01	2.35e-02	4.33e-08
 1.05557e+17	9.77e-01	2.31e-02	4.85e-08
 1.05573e+17	9.77e-01	2.27e-02	5.42e-08
 1.05588e+17	9.78e-01	2.23e-02	6.07e-08
 1.05602e+17	9.78e-01	2.19e-02	6.78e-08
 1.05615e+17	9.78e-01	2.16e-02	7.58e-08
 1.05628e+17	9.79e-01	2.13e-02	8.47e-08
 1.05640e+17	9.79e-01	2.10e-02	9.46e-08
 1.05651e+17	9.79e-01	2.07e-02	1.06e-07
 1.05662e+17	9.80e-01	2.04e-02	1.18e-07
 1.05673e+17	9.80e-01	2.01e-02	1.31e-07
 1.05683e+17	9.80e-01	1.99e-02	1.47e-07
 1.05693e+17	9.80e-01	1.96e-02	1.63e-07
 1.05702e+17	9.81e-01	1.94e-02	1.82e-07
 1.05712e+17	9.81e-01	1.91e-02	2.02e-07
 1.05721e+17	9.81e-01	1.88e-02	2.25e-07
 1.05730e+17	9.81e-01	1.86e-02	2.51e-07
 1.05739e+17	9.82e-01	1.83e-02	2.77e-07
 1.05748e+17	9.82e-01	1.81e-02	3.07e-07
 1.05757e+17	9.82e-01	1.78e-02	3.39e-07
 1.05767e+17	9.83e-01	1.75e-02	3.75e-07
 1.05778e+17	9.83e-01	1.72e-02	4.13e-07
 1.05789e+17	9.83e-01	1.68e-02	4.53e-07
 1.05800e+17	9.84e-01	1.64e-02	4.92e-07
 1.05811e+17	9.84e-01	1.61e-02	5.23e-07
 1.05820e+17	9.84e-01	1.57e-02	5.47e-07
 1.05830e+17	9.85e-01	1.55e-02	5.68e-07
 1.05839e+17	9.85e-01	1.51e-02	5.85e-07
 1.05847e+17	9.85e-01	1.49e-02	5.99e-07
 1.05854e+17	9.85e-01	1.46e-02	6.09e-07
 1.05861e+17	9.86e-01	1.44e-02	6.18e-07
 1.05867e+17	9.86e-01	1.42e-02	6.26e-07
 1.05873e+17	9.86e-01	1.40e-02	6.33e-07
 1.05878e+17	9.86e-01	1.39e-02	6.39e-07
 1.05884e+17	9.86e-01	1.37e-02	6.46e-07
 1.05890e+17	9.86e-01	1.35e-02	6.54e-07
 1.05895e+17	9.87e-01	1.34e-02	6.60e-07
 1.05900e+17	9.87e-01	1.32e-02	6.67e-07
 1.05906e+17	9.87e-01	1.31e-02	6.74e-07
 1.05912e+17	9.87e-01	1.29e-02	6.82e-07
 1.05917e+17	9.87e-01	1.27e-02	6.90e-07
 1.05922e+17	9.87e-01	1.26e-02	6.97e-07
 1.05927e+17	9.88e-01	1.24e-02	7.05e-07
 1.05933e+17	9.88e-01	1.23e-02	7.14e-07
 1.05938e+17	9.88e-01	1.22e-02	7.20e-07
 1.05944e+17	9.88e-01	1.20e-02	7.27e-07
 1.05952e+17	9.88e-01	1.19e-02	7.36e-07
 1.05960e+17	9.88e-01	1.17e-02	7.47e-07
 1.05967e+17	9.88e-01	1.15e-02	7.57e-07
 1.05974e+17	9.89e-01	1.14e-02	7.66e-07
 1.05981e+17	9.89e-01	1.12e-02	7.76e-07
 1.05989e+17	9.89e-01	1.10e-02	7.88e-07
 1.05997e+17	9.89e-01	1.09e-02	7.99e-07
 1.06003e+17	9.89e-01	1.07e-02	8.09e-07
 1.06010e+17	9.89e-01	1.06e-02	8.21e-07
 1.06018e+17	9.90e-01	1.04e-02	8.35e-07
 1.06025e+17	9.90e-01	1.03e-02	8.47e-07
 1.06032e+17	9.90e-01	1.01e-02	8.58e-07
 1.06039e+17	9.90e-01	9.98e-03	8.74e-07
