#depth	He	He+	He+2
 2.33739e+11	2.10e-03	9.98e-01	3.98e-04
 1.40243e+12	2.10e-03	9.98e-01	3.97e-04
 6.07721e+12	2.10e-03	9.98e-01	3.94e-04
 2.47763e+13	2.10e-03	9.98e-01	3.79e-04
 5.91827e+13	2.10e-03	9.98e-01	3.66e-04
 1.03911e+14	2.11e-03	9.98e-01	3.41e-04
 1.62058e+14	2.12e-03	9.98e-01	3.04e-04
 2.37648e+14	2.13e-03	9.98e-01	2.56e-04
 3.35916e+14	2.15e-03	9.98e-01	2.01e-04
 4.63665e+14	2.16e-03	9.98e-01	1.44e-04
 6.29738e+14	2.19e-03	9.98e-01	9.14e-05
 8.45632e+14	2.22e-03	9.98e-01	5.04e-05
 1.12630e+15	2.26e-03	9.98e-01	2.32e-05
 1.49116e+15	2.32e-03	9.98e-01	8.61e-06
 1.96548e+15	2.40e-03	9.98e-01	2.45e-06
 2.58210e+15	2.50e-03	9.97e-01	5.09e-07
 3.36205e+15	2.63e-03	9.97e-01	7.72e-08
 4.22491e+15	2.78e-03	9.97e-01	1.07e-08
 5.08777e+15	2.93e-03	9.97e-01	1.86e-09
 5.95063e+15	3.10e-03	9.97e-01	4.12e-10
 6.70116e+15	3.25e-03	9.97e-01	1.37e-10
 7.37127e+15	3.40e-03	9.97e-01	6.27e-11
 8.10840e+15	3.58e-03	9.96e-01	3.40e-11
 8.86235e+15	3.76e-03	9.96e-01	2.33e-11
 9.55819e+15	3.95e-03	9.96e-01	1.92e-11
 1.01821e+16	4.13e-03	9.96e-01	1.76e-11
 1.07505e+16	4.30e-03	9.96e-01	1.68e-11
 1.12772e+16	4.47e-03	9.96e-01	1.64e-11
 1.17701e+16	4.63e-03	9.95e-01	1.62e-11
 1.22347e+16	4.80e-03	9.95e-01	1.62e-11
 1.26759e+16	4.96e-03	9.95e-01	1.62e-11
 1.30980e+16	5.12e-03	9.95e-01	1.63e-11
 1.35047e+16	5.29e-03	9.95e-01	1.65e-11
 1.38922e+16	5.46e-03	9.95e-01	1.67e-11
 1.42485e+16	5.63e-03	9.94e-01	1.69e-11
 1.45691e+16	5.80e-03	9.94e-01	1.71e-11
 1.48577e+16	5.96e-03	9.94e-01	1.73e-11
 1.51175e+16	6.12e-03	9.94e-01	1.75e-11
 1.53512e+16	6.28e-03	9.94e-01	1.76e-11
 1.55616e+16	6.43e-03	9.94e-01	1.78e-11
 1.57509e+16	6.57e-03	9.93e-01	1.79e-11
 1.59279e+16	6.72e-03	9.93e-01	1.81e-11
 1.61024e+16	6.87e-03	9.93e-01	1.82e-11
 1.62770e+16	7.04e-03	9.93e-01	1.83e-11
 1.64515e+16	7.22e-03	9.93e-01	1.85e-11
 1.66261e+16	7.42e-03	9.93e-01	1.86e-11
 1.68006e+16	7.64e-03	9.92e-01	1.87e-11
 1.69752e+16	7.87e-03	9.92e-01	1.89e-11
 1.71497e+16	8.13e-03	9.92e-01	1.90e-11
 1.73243e+16	8.41e-03	9.92e-01	1.92e-11
 1.74333e+16	8.59e-03	9.91e-01	1.93e-11
