#depth	O	O+	O+2	O+3	O+4	O+5	O+6	O+7	O+8	O[1]	O[2]	O[3]
 2.33739e+11	4.86e-05	5.38e-02	9.46e-01	1.82e-04	0.00e+00	0.00e+00	0.00e+00	0.00e+00	0.00e+00	3.26e-05	1.11e-05	4.84e-06
 1.40243e+12	4.85e-05	5.38e-02	9.46e-01	1.82e-04	0.00e+00	0.00e+00	0.00e+00	0.00e+00	0.00e+00	3.25e-05	1.11e-05	4.84e-06
 6.07721e+12	4.85e-05	5.38e-02	9.46e-01	1.79e-04	0.00e+00	0.00e+00	0.00e+00	0.00e+00	0.00e+00	3.25e-05	1.11e-05	4.85e-06
 2.47763e+13	4.87e-05	5.39e-02	9.46e-01	1.68e-04	0.00e+00	0.00e+00	0.00e+00	0.00e+00	0.00e+00	3.26e-05	1.12e-05	4.88e-06
 5.91827e+13	4.86e-05	5.41e-02	9.46e-01	1.53e-04	0.00e+00	0.00e+00	0.00e+00	0.00e+00	0.00e+00	3.25e-05	1.12e-05	4.89e-06
 1.03911e+14	4.86e-05	5.43e-02	9.46e-01	1.36e-04	0.00e+00	0.00e+00	0.00e+00	0.00e+00	0.00e+00	3.25e-05	1.12e-05	4.89e-06
 1.62058e+14	4.87e-05	5.46e-02	9.45e-01	1.16e-04	0.00e+00	0.00e+00	0.00e+00	0.00e+00	0.00e+00	3.26e-05	1.12e-05	4.91e-06
 2.37648e+14	4.89e-05	5.50e-02	9.45e-01	9.36e-05	0.00e+00	0.00e+00	0.00e+00	0.00e+00	0.00e+00	3.27e-05	1.13e-05	4.93e-06
 3.35916e+14	4.94e-05	5.55e-02	9.44e-01	7.10e-05	0.00e+00	0.00e+00	0.00e+00	0.00e+00	0.00e+00	3.30e-05	1.14e-05	4.97e-06
 4.63665e+14	5.00e-05	5.62e-02	9.44e-01	4.95e-05	0.00e+00	0.00e+00	0.00e+00	0.00e+00	0.00e+00	3.34e-05	1.15e-05	5.03e-06
 6.29738e+14	5.09e-05	5.72e-02	9.43e-01	3.10e-05	0.00e+00	0.00e+00	0.00e+00	0.00e+00	0.00e+00	3.41e-05	1.17e-05	5.13e-06
 8.45632e+14	5.23e-05	5.84e-02	9.42e-01	1.69e-05	0.00e+00	0.00e+00	0.00e+00	0.00e+00	0.00e+00	3.50e-05	1.20e-05	5.27e-06
 1.12630e+15	5.43e-05	6.00e-02	9.40e-01	7.78e-06	0.00e+00	0.00e+00	0.00e+00	0.00e+00	0.00e+00	3.64e-05	1.25e-05	5.46e-06
 1.49116e+15	5.72e-05	6.21e-02	9.38e-01	2.91e-06	0.00e+00	0.00e+00	0.00e+00	0.00e+00	0.00e+00	3.83e-05	1.31e-05	5.75e-06
 1.96548e+15	6.15e-05	6.50e-02	9.35e-01	8.48e-07	0.00e+00	0.00e+00	0.00e+00	0.00e+00	0.00e+00	4.12e-05	1.41e-05	6.18e-06
 2.58210e+15	6.77e-05	6.90e-02	9.31e-01	1.91e-07	0.00e+00	0.00e+00	0.00e+00	0.00e+00	0.00e+00	4.54e-05	1.55e-05	6.81e-06
 3.36205e+15	7.67e-05	7.43e-02	9.26e-01	0.00e+00	0.00e+00	0.00e+00	0.00e+00	0.00e+00	0.00e+00	5.14e-05	1.76e-05	7.72e-06
 4.22491e+15	8.77e-05	8.03e-02	9.20e-01	0.00e+00	0.00e+00	0.00e+00	0.00e+00	0.00e+00	0.00e+00	5.88e-05	2.01e-05	8.83e-06
 5.08777e+15	1.01e-04	8.68e-02	9.13e-01	0.00e+00	0.00e+00	0.00e+00	0.00e+00	0.00e+00	0.00e+00	6.78e-05	2.32e-05	1.02e-05
 5.95063e+15	1.18e-04	9.39e-02	9.06e-01	0.00e+00	0.00e+00	0.00e+00	0.00e+00	0.00e+00	0.00e+00	7.87e-05	2.71e-05	1.19e-05
 6.70116e+15	1.34e-04	1.01e-01	8.99e-01	0.00e+00	0.00e+00	0.00e+00	0.00e+00	0.00e+00	0.00e+00	8.98e-05	3.09e-05	1.36e-05
 7.37127e+15	1.53e-04	1.07e-01	8.93e-01	0.00e+00	0.00e+00	0.00e+00	0.00e+00	0.00e+00	0.00e+00	1.02e-04	3.53e-05	1.55e-05
 8.10840e+15	1.77e-04	1.15e-01	8.85e-01	0.00e+00	0.00e+00	0.00e+00	0.00e+00	0.00e+00	0.00e+00	1.18e-04	4.10e-05	1.80e-05
 8.86235e+15	2.06e-04	1.23e-01	8.77e-01	0.00e+00	0.00e+00	0.00e+00	0.00e+00	0.00e+00	0.00e+00	1.38e-04	4.79e-05	2.10e-05
 9.55819e+15	2.39e-04	1.31e-01	8.69e-01	0.00e+00	0.00e+00	0.00e+00	0.00e+00	0.00e+00	0.00e+00	1.59e-04	5.56e-05	2.43e-05
 1.01821e+16	2.74e-04	1.39e-01	8.60e-01	0.00e+00	0.00e+00	0.00e+00	0.00e+00	0.00e+00	0.00e+00	1.82e-04	6.40e-05	2.80e-05
 1.07505e+16	3.12e-04	1.47e-01	8.52e-01	0.00e+00	0.00e+00	0.00e+00	0.00e+00	0.00e+00	0.00e+00	2.07e-04	7.31e-05	3.19e-05
 1.12772e+16	3.53e-04	1.55e-01	8.45e-01	0.00e+00	0.00e+00	0.00e+00	0.00e+00	0.00e+00	0.00e+00	2.34e-04	8.29e-05	3.62e-05
 1.17701e+16	3.97e-04	1.63e-01	8.37e-01	0.00e+00	0.00e+00	0.00e+00	0.00e+00	0.00e+00	0.00e+00	2.63e-04	9.36e-05	4.08e-05
 1.22347e+16	4.45e-04	1.71e-01	8.28e-01	0.00e+00	0.00e+00	0.00e+00	0.00e+00	0.00e+00	0.00e+00	2.94e-04	1.05e-04	4.58e-05
 1.26759e+16	4.98e-04	1.79e-01	8.20e-01	0.00e+00	0.00e+00	0.00e+00	0.00e+00	0.00e+00	0.00e+00	3.29e-04	1.18e-04	5.13e-05
 1.30980e+16	5.56e-04	1.88e-01	8.12e-01	0.00e+00	0.00e+00	0.00e+00	0.00e+00	0.00e+00	0.00e+00	3.67e-04	1.32e-04	5.73e-05
 1.35047e+16	6.21e-04	1.97e-01	8.03e-01	0.00e+00	0.00e+00	0.00e+00	0.00e+00	0.00e+00	0.00e+00	4.09e-04	1.48e-04	6.39e-05
 1.38922e+16	6.92e-04	2.06e-01	7.93e-01	0.00e+00	0.00e+00	0.00e+00	0.00e+00	0.00e+00	0.00e+00	4.55e-04	1.66e-04	7.12e-05
 1.42485e+16	7.69e-04	2.15e-01	7.84e-01	0.00e+00	0.00e+00	0.00e+00	0.00e+00	0.00e+00	0.00e+00	5.05e-04	1.84e-04	7.90e-05
 1.45691e+16	8.48e-04	2.24e-01	7.75e-01	0.00e+00	0.00e+00	0.00e+00	0.00e+00	0.00e+00	0.00e+00	5.57e-04	2.04e-04	8.71e-05
 1.48577e+16	9.30e-04	2.33e-01	7.66e-01	0.00e+00	0.00e+00	0.00e+00	0.00e+00	0.00e+00	0.00e+00	6.10e-04	2.24e-04	9.55e-05
 1.51175e+16	1.01e-03	2.42e-01	7.57e-01	0.00e+00	0.00e+00	0.00e+00	0.00e+00	0.00e+00	0.00e+00	6.63e-04	2.44e-04	1.04e-04
 1.53512e+16	1.10e-03	2.50e-01	7.49e-01	0.00e+00	0.00e+00	0.00e+00	0.00e+00	0.00e+00	0.00e+00	7.20e-04	2.65e-04	1.13e-04
 1.55616e+16	1.18e-03	2.58e-01	7.40e-01	0.00e+00	0.00e+00	0.00e+00	0.00e+00	0.00e+00	0.00e+00	7.76e-04	2.87e-04	1.21e-04
 1.57509e+16	1.27e-03	2.66e-01	7.33e-01	0.00e+00	0.00e+00	0.00e+00	0.00e+00	0.00e+00	0.00e+00	8.33e-04	3.08e-04	1.30e-04
 1.59279e+16	1.36e-03	2.74e-01	7.25e-01	0.00e+00	0.00e+00	0.00e+00	0.00e+00	0.00e+00	0.00e+00	8.90e-04	3.30e-04	1.39e-04
 1.61024e+16	1.46e-03	2.82e-01	7.17e-01	0.00e+00	0.00e+00	0.00e+00	0.00e+00	0.00e+00	0.00e+00	9.54e-04	3.54e-04	1.49e-04
 1.62770e+16	1.57e-03	2.91e-01	7.08e-01	0.00e+00	0.00e+00	0.00e+00	0.00e+00	0.00e+00	0.00e+00	1.02e-03	3.80e-04	1.60e-04
 1.64515e+16	1.69e-03	3.00e-01	6.99e-01	0.00e+00	0.00e+00	0.00e+00	0.00e+00	0.00e+00	0.00e+00	1.10e-03	4.10e-04	1.73e-04
 1.66261e+16	1.82e-03	3.09e-01	6.89e-01	0.00e+00	0.00e+00	0.00e+00	0.00e+00	0.00e+00	0.00e+00	1.19e-03	4.43e-04	1.86e-04
 1.68006e+16	1.98e-03	3.20e-01	6.78e-01	0.00e+00	0.00e+00	0.00e+00	0.00e+00	0.00e+00	0.00e+00	1.29e-03	4.81e-04	2.02e-04
 1.69752e+16	2.15e-03	3.31e-01	6.67e-01	0.00e+00	0.00e+00	0.00e+00	0.00e+00	0.00e+00	0.00e+00	1.41e-03	5.23e-04	2.20e-04
 1.71497e+16	2.35e-03	3.43e-01	6.55e-01	0.00e+00	0.00e+00	0.00e+00	0.00e+00	0.00e+00	0.00e+00	1.54e-03	5.72e-04	2.40e-04
 1.73243e+16	2.58e-03	3.56e-01	6.41e-01	0.00e+00	0.00e+00	0.00e+00	0.00e+00	0.00e+00	0.00e+00	1.69e-03	6.28e-04	2.63e-04
 1.74333e+16	2.78e-03	3.66e-01	6.31e-01	0.00e+00	0.00e+00	0.00e+00	0.00e+00	0.00e+00	0.00e+00	1.81e-03	6.75e-04	2.83e-04
