#depth	H	H+	H2
 7.84904e+10	3.69e-03	9.96e-01	2.62e-11
 4.70942e+11	3.70e-03	9.96e-01	2.63e-11
 2.04075e+12	3.70e-03	9.96e-01	2.63e-11
 8.31998e+12	3.70e-03	9.96e-01	2.63e-11
 1.98738e+13	3.68e-03	9.96e-01	2.62e-11
 3.48937e+13	3.66e-03	9.96e-01	2.60e-11
 5.44196e+13	3.64e-03	9.96e-01	2.58e-11
 7.98032e+13	3.63e-03	9.96e-01	2.57e-11
 1.12802e+14	3.61e-03	9.96e-01	2.55e-11
 1.55700e+14	3.59e-03	9.96e-01	2.53e-11
 2.11468e+14	3.55e-03	9.96e-01	2.50e-11
 2.83967e+14	3.53e-03	9.96e-01	2.48e-11
 3.78214e+14	3.51e-03	9.96e-01	2.47e-11
 5.00736e+14	3.49e-03	9.97e-01	2.44e-11
 6.60015e+14	3.48e-03	9.97e-01	2.43e-11
 8.22695e+14	3.43e-03	9.97e-01	2.37e-11
 9.61129e+14	3.42e-03	9.97e-01	2.33e-11
 1.11242e+15	3.44e-03	9.97e-01	2.34e-11
 1.30911e+15	3.48e-03	9.97e-01	2.39e-11
 1.51205e+15	3.46e-03	9.97e-01	2.39e-11
 1.68402e+15	3.45e-03	9.97e-01	2.38e-11
 1.85242e+15	3.44e-03	9.97e-01	2.37e-11
 2.03766e+15	3.42e-03	9.97e-01	2.36e-11
 2.24143e+15	3.40e-03	9.97e-01	2.34e-11
 2.46557e+15	3.36e-03	9.97e-01	2.30e-11
 2.69385e+15	3.31e-03	9.97e-01	2.25e-11
 2.94495e+15	3.27e-03	9.97e-01	2.19e-11
 3.23944e+15	3.21e-03	9.97e-01	2.14e-11
 3.54753e+15	3.15e-03	9.97e-01	2.07e-11
 3.88642e+15	3.10e-03	9.97e-01	2.01e-11
 4.27507e+15	3.05e-03	9.97e-01	1.96e-11
 4.65698e+15	2.99e-03	9.97e-01	1.89e-11
 4.98501e+15	3.16e-03	9.97e-01	2.07e-11
 5.18941e+15	3.13e-03	9.97e-01	2.00e-11
 5.28642e+15	3.12e-03	9.97e-01	1.95e-11
 5.38374e+15	3.12e-03	9.97e-01	1.94e-11
 5.51026e+15	3.12e-03	9.97e-01	1.96e-11
 5.67474e+15	3.13e-03	9.97e-01	1.97e-11
 5.88856e+15	3.15e-03	9.97e-01	2.01e-11
 6.09613e+15	3.15e-03	9.97e-01	2.03e-11
 6.24160e+15	3.14e-03	9.97e-01	2.02e-11
 6.35508e+15	3.15e-03	9.97e-01	2.03e-11
 6.48095e+15	3.17e-03	9.97e-01	2.04e-11
 6.64458e+15	3.18e-03	9.97e-01	2.06e-11
 6.81181e+15	3.19e-03	9.97e-01	2.08e-11
 6.94355e+15	3.21e-03	9.97e-01	2.11e-11
 7.05493e+15	3.24e-03	9.97e-01	2.16e-11
 7.18004e+15	3.29e-03	9.97e-01	2.23e-11
 7.31861e+15	3.39e-03	9.97e-01	2.39e-11
 7.44698e+15	3.54e-03	9.96e-01	2.63e-11
 7.56196e+15	3.73e-03	9.96e-01	2.95e-11
 7.65321e+15	3.94e-03	9.96e-01	3.36e-11
 7.71652e+15	4.11e-03	9.96e-01	3.74e-11
 7.76866e+15	4.27e-03	9.96e-01	4.09e-11
 7.82758e+15	4.46e-03	9.96e-01	4.50e-11
 7.90418e+15	4.73e-03	9.95e-01	5.10e-11
 7.97878e+15	5.06e-03	9.95e-01	5.92e-11
 8.02902e+15	5.32e-03	9.95e-01	6.68e-11
 8.06352e+15	5.50e-03	9.95e-01	7.24e-11
 8.09931e+15	5.67e-03	9.94e-01	7.76e-11
 8.14583e+15	5.90e-03	9.94e-01	8.45e-11
 8.19621e+15	6.18e-03	9.94e-01	9.36e-11
 8.23851e+15	6.44e-03	9.94e-01	1.03e-10
 8.27199e+15	6.65e-03	9.93e-01	1.11e-10
 8.30712e+15	6.85e-03	9.93e-01	1.18e-10
 8.35278e+15	7.11e-03	9.93e-01	1.28e-10
 8.40044e+15	7.43e-03	9.93e-01	1.41e-10
 8.43915e+15	7.70e-03	9.92e-01	1.54e-10
 8.47793e+15	7.93e-03	9.92e-01	1.64e-10
 8.52835e+15	8.22e-03	9.92e-01	1.77e-10
 8.59389e+15	8.54e-03	9.91e-01	1.92e-10
 8.67910e+15	8.87e-03	9.91e-01	2.07e-10
 8.78987e+15	9.23e-03	9.91e-01	2.21e-10
 8.93386e+15	9.63e-03	9.90e-01	2.35e-10
 9.12106e+15	1.01e-02	9.90e-01	2.51e-10
 9.32949e+15	1.08e-02	9.89e-01	2.74e-10
 9.51992e+15	1.16e-02	9.88e-01	3.00e-10
 9.68666e+15	1.23e-02	9.88e-01	3.23e-10
 9.84171e+15	1.29e-02	9.87e-01	3.43e-10
 9.99259e+15	1.36e-02	9.86e-01	3.62e-10
 1.01399e+16	1.42e-02	9.86e-01	3.81e-10
 1.02822e+16	1.49e-02	9.85e-01	3.98e-10
 1.04196e+16	1.55e-02	9.84e-01	4.17e-10
 1.05530e+16	1.62e-02	9.84e-01	4.33e-10
 1.06872e+16	1.68e-02	9.83e-01	4.45e-10
 1.08205e+16	1.74e-02	9.83e-01	4.59e-10
 1.09475e+16	1.80e-02	9.82e-01	4.70e-10
 1.10710e+16	1.86e-02	9.81e-01	4.78e-10
 1.11940e+16	1.92e-02	9.81e-01	4.83e-10
 1.13173e+16	1.98e-02	9.80e-01	4.85e-10
 1.14408e+16	2.04e-02	9.80e-01	4.82e-10
 1.15647e+16	2.10e-02	9.79e-01	4.74e-10
 1.16896e+16	2.17e-02	9.78e-01	4.59e-10
 1.18160e+16	2.23e-02	9.78e-01	4.36e-10
 1.19446e+16	2.30e-02	9.77e-01	4.06e-10
 1.20755e+16	2.38e-02	9.76e-01	3.69e-10
 1.22094e+16	2.46e-02	9.75e-01	3.27e-10
 1.23468e+16	2.54e-02	9.75e-01	2.83e-10
 1.24880e+16	2.64e-02	9.74e-01	2.41e-10
 1.26332e+16	2.74e-02	9.73e-01	2.03e-10
 1.27824e+16	2.86e-02	9.71e-01	1.69e-10
 1.29360e+16	2.98e-02	9.70e-01	1.40e-10
 1.30938e+16	3.13e-02	9.69e-01	1.17e-10
 1.32557e+16	3.28e-02	9.67e-01	9.82e-11
 1.34214e+16	3.46e-02	9.65e-01	8.32e-11
 1.35905e+16	3.66e-02	9.63e-01	7.14e-11
 1.37627e+16	3.88e-02	9.61e-01	6.21e-11
 1.39375e+16	4.12e-02	9.59e-01	5.49e-11
 1.41143e+16	4.40e-02	9.56e-01	4.93e-11
 1.42924e+16	4.70e-02	9.53e-01	4.49e-11
 1.44710e+16	5.04e-02	9.50e-01	4.15e-11
 1.46487e+16	5.42e-02	9.46e-01	3.90e-11
 1.48256e+16	5.84e-02	9.42e-01	3.70e-11
 1.50017e+16	6.30e-02	9.37e-01	3.55e-11
 1.51762e+16	6.82e-02	9.32e-01	3.44e-11
 1.53482e+16	7.40e-02	9.26e-01	3.36e-11
 1.55174e+16	8.04e-02	9.20e-01	3.32e-11
 1.56836e+16	8.75e-02	9.12e-01	3.29e-11
 1.58466e+16	9.55e-02	9.05e-01	3.29e-11
 1.60065e+16	1.04e-01	8.96e-01	3.31e-11
 1.61632e+16	1.14e-01	8.86e-01	3.35e-11
 1.63169e+16	1.25e-01	8.75e-01	3.42e-11
 1.64680e+16	1.38e-01	8.62e-01	3.51e-11
 1.66169e+16	1.53e-01	8.47e-01	3.64e-11
 1.67648e+16	1.70e-01	8.30e-01	3.81e-11
 1.69127e+16	1.90e-01	8.10e-01	4.06e-11
 1.70625e+16	2.15e-01	7.85e-01	4.41e-11
 1.72177e+16	2.46e-01	7.54e-01	4.94e-11
 1.73712e+16	2.88e-01	7.12e-01	5.89e-11
 1.74949e+16	3.36e-01	6.64e-01	7.41e-11
 1.75716e+16	3.76e-01	6.24e-01	8.98e-11
 1.76162e+16	4.01e-01	5.99e-01	1.02e-10
 1.76497e+16	4.21e-01	5.79e-01	1.11e-10
 1.76853e+16	4.42e-01	5.58e-01	1.23e-10
 1.77251e+16	4.68e-01	5.32e-01	1.39e-10
 1.77621e+16	4.95e-01	5.05e-01	1.58e-10
 1.77913e+16	5.18e-01	4.82e-01	1.77e-10
 1.78143e+16	5.37e-01	4.63e-01	1.95e-10
 1.78319e+16	5.52e-01	4.48e-01	2.10e-10
 1.78452e+16	5.63e-01	4.37e-01	2.22e-10
 1.78583e+16	5.74e-01	4.26e-01	2.36e-10
 1.78729e+16	5.87e-01	4.13e-01	2.52e-10
 1.78881e+16	6.00e-01	4.00e-01	2.71e-10
 1.79026e+16	6.14e-01	3.86e-01	2.91e-10
 1.79159e+16	6.26e-01	3.74e-01	3.12e-10
 1.79287e+16	6.38e-01	3.62e-01	3.34e-10
 1.79414e+16	6.50e-01	3.50e-01	3.58e-10
 1.79539e+16	6.62e-01	3.38e-01	3.83e-10
 1.79662e+16	6.73e-01	3.27e-01	4.11e-10
 1.79781e+16	6.85e-01	3.15e-01	4.42e-10
 1.79897e+16	6.96e-01	3.04e-01	4.74e-10
 1.80011e+16	7.07e-01	2.93e-01	5.09e-10
 1.80122e+16	7.18e-01	2.82e-01	5.46e-10
 1.80232e+16	7.28e-01	2.72e-01	5.87e-10
 1.80339e+16	7.39e-01	2.61e-01	6.31e-10
 1.80443e+16	7.49e-01	2.51e-01	6.78e-10
 1.80546e+16	7.58e-01	2.42e-01	7.29e-10
 1.80646e+16	7.68e-01	2.32e-01	7.84e-10
 1.80745e+16	7.77e-01	2.23e-01	8.43e-10
 1.80842e+16	7.86e-01	2.14e-01	9.07e-10
 1.80936e+16	7.94e-01	2.06e-01	9.75e-10
 1.81027e+16	8.02e-01	1.98e-01	1.05e-09
 1.81115e+16	8.10e-01	1.90e-01	1.13e-09
 1.81201e+16	8.18e-01	1.82e-01	1.21e-09
 1.81285e+16	8.25e-01	1.75e-01	1.30e-09
 1.81367e+16	8.32e-01	1.68e-01	1.39e-09
 1.81447e+16	8.39e-01	1.61e-01	1.49e-09
 1.81525e+16	8.45e-01	1.55e-01	1.60e-09
 1.81602e+16	8.51e-01	1.49e-01	1.72e-09
 1.81676e+16	8.57e-01	1.43e-01	1.84e-09
 1.81750e+16	8.63e-01	1.37e-01	1.97e-09
 1.81821e+16	8.68e-01	1.32e-01	2.12e-09
 1.81891e+16	8.73e-01	1.27e-01	2.27e-09
 1.81959e+16	8.78e-01	1.22e-01	2.44e-09
 1.82026e+16	8.83e-01	1.17e-01	2.62e-09
 1.82092e+16	8.88e-01	1.12e-01	2.82e-09
 1.82157e+16	8.92e-01	1.08e-01	3.03e-09
 1.82220e+16	8.96e-01	1.04e-01	3.27e-09
 1.82281e+16	9.00e-01	9.96e-02	3.52e-09
 1.82342e+16	9.04e-01	9.56e-02	3.80e-09
 1.82401e+16	9.08e-01	9.18e-02	4.10e-09
 1.82459e+16	9.12e-01	8.82e-02	4.45e-09
 1.82516e+16	9.15e-01	8.47e-02	4.82e-09
 1.82571e+16	9.19e-01	8.13e-02	5.23e-09
 1.82625e+16	9.22e-01	7.81e-02	5.69e-09
 1.82677e+16	9.25e-01	7.50e-02	6.21e-09
 1.82729e+16	9.28e-01	7.20e-02	6.80e-09
 1.82780e+16	9.31e-01	6.91e-02	7.47e-09
 1.82829e+16	9.34e-01	6.63e-02	8.22e-09
 1.82876e+16	9.36e-01	6.37e-02	9.07e-09
 1.82921e+16	9.39e-01	6.12e-02	1.00e-08
 1.82963e+16	9.41e-01	5.89e-02	1.11e-08
 1.83002e+16	9.43e-01	5.68e-02	1.22e-08
 1.83038e+16	9.45e-01	5.48e-02	1.35e-08
 1.83072e+16	9.47e-01	5.29e-02	1.49e-08
 1.83103e+16	9.49e-01	5.12e-02	1.65e-08
 1.83133e+16	9.50e-01	4.96e-02	1.81e-08
 1.83161e+16	9.52e-01	4.80e-02	2.00e-08
 1.83188e+16	9.53e-01	4.66e-02	2.21e-08
 1.83213e+16	9.55e-01	4.52e-02	2.45e-08
 1.83237e+16	9.56e-01	4.39e-02	2.70e-08
 1.83259e+16	9.57e-01	4.27e-02	2.98e-08
 1.83279e+16	9.58e-01	4.15e-02	3.29e-08
 1.83298e+16	9.60e-01	4.04e-02	3.63e-08
 1.83317e+16	9.61e-01	3.94e-02	4.01e-08
 1.83334e+16	9.62e-01	3.84e-02	4.43e-08
 1.83350e+16	9.63e-01	3.74e-02	4.88e-08
 1.83365e+16	9.63e-01	3.65e-02	5.38e-08
 1.83379e+16	9.64e-01	3.57e-02	5.93e-08
 1.83393e+16	9.65e-01	3.48e-02	6.53e-08
 1.83406e+16	9.66e-01	3.40e-02	7.18e-08
 1.83418e+16	9.67e-01	3.32e-02	7.92e-08
 1.83430e+16	9.68e-01	3.24e-02	8.69e-08
 1.83441e+16	9.68e-01	3.16e-02	9.55e-08
 1.83452e+16	9.69e-01	3.09e-02	1.05e-07
 1.83462e+16	9.70e-01	3.01e-02	1.15e-07
 1.83472e+16	9.71e-01	2.94e-02	1.25e-07
 1.83482e+16	9.71e-01	2.86e-02	1.37e-07
 1.83492e+16	9.72e-01	2.78e-02	1.50e-07
 1.83502e+16	9.73e-01	2.70e-02	1.63e-07
 1.83511e+16	9.74e-01	2.62e-02	1.77e-07
 1.83520e+16	9.75e-01	2.54e-02	1.92e-07
 1.83529e+16	9.76e-01	2.45e-02	2.07e-07
 1.83538e+16	9.77e-01	2.35e-02	2.24e-07
 1.83546e+16	9.77e-01	2.25e-02	2.41e-07
 1.83553e+16	9.78e-01	2.17e-02	2.54e-07
 1.83559e+16	9.79e-01	2.09e-02	2.69e-07
 1.83564e+16	9.80e-01	2.02e-02	2.80e-07
 1.83569e+16	9.81e-01	1.94e-02	2.95e-07
 1.83574e+16	9.81e-01	1.87e-02	3.07e-07
 1.83578e+16	9.82e-01	1.80e-02	3.22e-07
 1.83582e+16	9.82e-01	1.75e-02	3.33e-07
 1.83585e+16	9.83e-01	1.70e-02	3.46e-07
 1.83588e+16	9.84e-01	1.65e-02	3.59e-07
 1.83591e+16	9.84e-01	1.60e-02	3.72e-07
 1.83593e+16	9.84e-01	1.56e-02	3.85e-07
 1.83596e+16	9.85e-01	1.52e-02	3.98e-07
 1.83598e+16	9.85e-01	1.48e-02	4.11e-07
 1.83600e+16	9.86e-01	1.45e-02	4.24e-07
 1.83601e+16	9.86e-01	1.42e-02	4.36e-07
 1.83604e+16	9.86e-01	1.39e-02	4.48e-07
 1.83606e+16	9.87e-01	1.35e-02	4.65e-07
 1.83609e+16	9.87e-01	1.31e-02	4.84e-07
 1.83612e+16	9.87e-01	1.27e-02	5.04e-07
 1.83614e+16	9.88e-01	1.24e-02	5.23e-07
 1.83617e+16	9.88e-01	1.20e-02	5.42e-07
 1.83619e+16	9.88e-01	1.17e-02	5.61e-07
 1.83621e+16	9.89e-01	1.15e-02	5.79e-07
 1.83622e+16	9.89e-01	1.12e-02	5.97e-07
 1.83624e+16	9.89e-01	1.10e-02	6.16e-07
 1.83626e+16	9.89e-01	1.07e-02	6.36e-07
 1.83628e+16	9.90e-01	1.05e-02	6.58e-07
 1.83630e+16	9.90e-01	1.02e-02	6.82e-07
 1.83632e+16	9.90e-01	9.96e-03	7.09e-07
