#depth	O	O+	O+2	O+3	O+4	O+5	O+6	O+7	O+8	O[1]	O[2]	O[3]
 7.84904e+10	1.54e-05	1.08e-02	4.61e-01	5.23e-01	4.55e-03	0.00e+00	0.00e+00	0.00e+00	0.00e+00	1.33e-05	1.34e-06	7.91e-07
 4.70942e+11	1.55e-05	1.09e-02	4.62e-01	5.22e-01	4.53e-03	0.00e+00	0.00e+00	0.00e+00	0.00e+00	1.34e-05	1.36e-06	8.01e-07
 2.04075e+12	1.55e-05	1.09e-02	4.63e-01	5.22e-01	4.51e-03	0.00e+00	0.00e+00	0.00e+00	0.00e+00	1.34e-05	1.36e-06	8.00e-07
 8.31998e+12	1.56e-05	1.10e-02	4.66e-01	5.19e-01	4.44e-03	0.00e+00	0.00e+00	0.00e+00	0.00e+00	1.35e-05	1.38e-06	8.11e-07
 1.98738e+13	1.57e-05	1.11e-02	4.70e-01	5.15e-01	4.32e-03	0.00e+00	0.00e+00	0.00e+00	0.00e+00	1.35e-05	1.38e-06	8.15e-07
 3.48937e+13	1.58e-05	1.12e-02	4.76e-01	5.09e-01	4.16e-03	0.00e+00	0.00e+00	0.00e+00	0.00e+00	1.36e-05	1.40e-06	8.25e-07
 5.44196e+13	1.59e-05	1.13e-02	4.83e-01	5.02e-01	3.98e-03	0.00e+00	0.00e+00	0.00e+00	0.00e+00	1.37e-05	1.41e-06	8.33e-07
 7.98032e+13	1.62e-05	1.16e-02	4.93e-01	4.92e-01	3.74e-03	0.00e+00	0.00e+00	0.00e+00	0.00e+00	1.39e-05	1.44e-06	8.51e-07
 1.12802e+14	1.65e-05	1.19e-02	5.05e-01	4.79e-01	3.47e-03	0.00e+00	0.00e+00	0.00e+00	0.00e+00	1.42e-05	1.47e-06	8.70e-07
 1.55700e+14	1.70e-05	1.23e-02	5.22e-01	4.63e-01	3.12e-03	0.00e+00	0.00e+00	0.00e+00	0.00e+00	1.46e-05	1.53e-06	9.01e-07
 2.11468e+14	1.75e-05	1.27e-02	5.43e-01	4.42e-01	2.74e-03	0.00e+00	0.00e+00	0.00e+00	0.00e+00	1.50e-05	1.56e-06	9.26e-07
 2.83967e+14	1.85e-05	1.35e-02	5.72e-01	4.12e-01	2.27e-03	0.00e+00	0.00e+00	0.00e+00	0.00e+00	1.58e-05	1.67e-06	9.87e-07
 3.78214e+14	1.98e-05	1.45e-02	6.11e-01	3.73e-01	1.77e-03	0.00e+00	0.00e+00	0.00e+00	0.00e+00	1.69e-05	1.81e-06	1.07e-06
 5.00736e+14	2.17e-05	1.59e-02	6.60e-01	3.23e-01	1.25e-03	0.00e+00	0.00e+00	0.00e+00	0.00e+00	1.85e-05	2.00e-06	1.18e-06
 6.60015e+14	2.44e-05	1.78e-02	7.22e-01	2.59e-01	7.71e-04	0.00e+00	0.00e+00	0.00e+00	0.00e+00	2.07e-05	2.28e-06	1.34e-06
 8.22695e+14	2.65e-05	1.96e-02	7.79e-01	2.01e-01	4.57e-04	0.00e+00	0.00e+00	0.00e+00	0.00e+00	2.25e-05	2.52e-06	1.48e-06
 9.61129e+14	2.88e-05	2.12e-02	8.22e-01	1.56e-01	2.79e-04	0.00e+00	0.00e+00	0.00e+00	0.00e+00	2.44e-05	2.76e-06	1.62e-06
 1.11242e+15	3.18e-05	2.31e-02	8.63e-01	1.14e-01	1.54e-04	0.00e+00	0.00e+00	0.00e+00	0.00e+00	2.70e-05	3.08e-06	1.80e-06
 1.30911e+15	3.62e-05	2.55e-02	9.02e-01	7.29e-02	6.75e-05	0.00e+00	0.00e+00	0.00e+00	0.00e+00	3.06e-05	3.56e-06	2.07e-06
 1.51205e+15	3.96e-05	2.78e-02	9.28e-01	4.45e-02	2.79e-05	0.00e+00	0.00e+00	0.00e+00	0.00e+00	3.34e-05	3.92e-06	2.28e-06
 1.68402e+15	4.27e-05	2.98e-02	9.41e-01	2.86e-02	1.28e-05	0.00e+00	0.00e+00	0.00e+00	0.00e+00	3.60e-05	4.26e-06	2.47e-06
 1.85242e+15	4.59e-05	3.18e-02	9.50e-01	1.82e-02	5.76e-06	0.00e+00	0.00e+00	0.00e+00	0.00e+00	3.86e-05	4.60e-06	2.67e-06
 2.03766e+15	4.94e-05	3.40e-02	9.55e-01	1.10e-02	2.38e-06	0.00e+00	0.00e+00	0.00e+00	0.00e+00	4.15e-05	4.97e-06	2.88e-06
 2.24143e+15	5.32e-05	3.65e-02	9.57e-01	6.34e-03	8.97e-07	0.00e+00	0.00e+00	0.00e+00	0.00e+00	4.47e-05	5.38e-06	3.12e-06
 2.46557e+15	5.75e-05	3.93e-02	9.57e-01	3.45e-03	3.07e-07	0.00e+00	0.00e+00	0.00e+00	0.00e+00	4.83e-05	5.85e-06	3.38e-06
 2.69385e+15	6.18e-05	4.24e-02	9.56e-01	1.87e-03	0.00e+00	0.00e+00	0.00e+00	0.00e+00	0.00e+00	5.18e-05	6.32e-06	3.65e-06
 2.94495e+15	6.72e-05	4.60e-02	9.53e-01	9.55e-04	0.00e+00	0.00e+00	0.00e+00	0.00e+00	0.00e+00	5.63e-05	6.91e-06	3.99e-06
 3.23944e+15	7.39e-05	5.07e-02	9.49e-01	4.44e-04	0.00e+00	0.00e+00	0.00e+00	0.00e+00	0.00e+00	6.19e-05	7.65e-06	4.42e-06
 3.54753e+15	8.19e-05	5.64e-02	9.43e-01	2.04e-04	0.00e+00	0.00e+00	0.00e+00	0.00e+00	0.00e+00	6.84e-05	8.54e-06	4.93e-06
 3.88642e+15	9.25e-05	6.34e-02	9.36e-01	8.80e-05	0.00e+00	0.00e+00	0.00e+00	0.00e+00	0.00e+00	7.72e-05	9.74e-06	5.61e-06
 4.27507e+15	1.08e-04	7.31e-02	9.27e-01	3.50e-05	0.00e+00	0.00e+00	0.00e+00	0.00e+00	0.00e+00	8.95e-05	1.15e-05	6.59e-06
 4.65698e+15	1.26e-04	8.53e-02	9.15e-01	1.48e-05	0.00e+00	0.00e+00	0.00e+00	0.00e+00	0.00e+00	1.04e-04	1.36e-05	7.79e-06
 4.98501e+15	1.86e-04	1.08e-01	8.92e-01	6.40e-06	0.00e+00	0.00e+00	0.00e+00	0.00e+00	0.00e+00	1.50e-04	2.38e-05	1.27e-05
 5.18941e+15	2.22e-04	1.27e-01	8.73e-01	3.64e-06	0.00e+00	0.00e+00	0.00e+00	0.00e+00	0.00e+00	1.78e-04	2.91e-05	1.54e-05
 5.28642e+15	2.40e-04	1.36e-01	8.64e-01	2.84e-06	0.00e+00	0.00e+00	0.00e+00	0.00e+00	0.00e+00	1.92e-04	3.16e-05	1.67e-05
 5.38374e+15	2.60e-04	1.46e-01	8.54e-01	2.19e-06	0.00e+00	0.00e+00	0.00e+00	0.00e+00	0.00e+00	2.08e-04	3.45e-05	1.82e-05
 5.51026e+15	2.90e-04	1.60e-01	8.39e-01	1.57e-06	0.00e+00	0.00e+00	0.00e+00	0.00e+00	0.00e+00	2.31e-04	3.88e-05	2.04e-05
 5.67474e+15	3.38e-04	1.82e-01	8.17e-01	1.03e-06	0.00e+00	0.00e+00	0.00e+00	0.00e+00	0.00e+00	2.68e-04	4.55e-05	2.38e-05
 5.88856e+15	4.15e-04	2.18e-01	7.82e-01	5.96e-07	0.00e+00	0.00e+00	0.00e+00	0.00e+00	0.00e+00	3.29e-04	5.66e-05	2.95e-05
 6.09613e+15	5.19e-04	2.66e-01	7.34e-01	3.60e-07	0.00e+00	0.00e+00	0.00e+00	0.00e+00	0.00e+00	4.10e-04	7.16e-05	3.71e-05
 6.24160e+15	6.15e-04	3.10e-01	6.90e-01	2.52e-07	0.00e+00	0.00e+00	0.00e+00	0.00e+00	0.00e+00	4.85e-04	8.57e-05	4.42e-05
 6.35508e+15	7.08e-04	3.50e-01	6.49e-01	1.88e-07	0.00e+00	0.00e+00	0.00e+00	0.00e+00	0.00e+00	5.57e-04	9.95e-05	5.12e-05
 6.48095e+15	8.27e-04	4.00e-01	6.00e-01	1.34e-07	0.00e+00	0.00e+00	0.00e+00	0.00e+00	0.00e+00	6.50e-04	1.17e-04	6.00e-05
 6.64458e+15	1.01e-03	4.73e-01	5.26e-01	0.00e+00	0.00e+00	0.00e+00	0.00e+00	0.00e+00	0.00e+00	7.89e-04	1.43e-04	7.33e-05
 6.81181e+15	1.23e-03	5.65e-01	4.34e-01	0.00e+00	0.00e+00	0.00e+00	0.00e+00	0.00e+00	0.00e+00	9.65e-04	1.77e-04	9.02e-05
 6.94355e+15	1.45e-03	6.46e-01	3.52e-01	0.00e+00	0.00e+00	0.00e+00	0.00e+00	0.00e+00	0.00e+00	1.13e-03	2.09e-04	1.06e-04
 7.05493e+15	1.64e-03	7.14e-01	2.84e-01	0.00e+00	0.00e+00	0.00e+00	0.00e+00	0.00e+00	0.00e+00	1.28e-03	2.38e-04	1.21e-04
 7.18004e+15	1.87e-03	7.84e-01	2.15e-01	0.00e+00	0.00e+00	0.00e+00	0.00e+00	0.00e+00	0.00e+00	1.46e-03	2.72e-04	1.38e-04
 7.31861e+15	2.14e-03	8.52e-01	1.46e-01	0.00e+00	0.00e+00	0.00e+00	0.00e+00	0.00e+00	0.00e+00	1.67e-03	3.14e-04	1.58e-04
 7.44698e+15	2.43e-03	9.03e-01	9.44e-02	0.00e+00	0.00e+00	0.00e+00	0.00e+00	0.00e+00	0.00e+00	1.90e-03	3.57e-04	1.79e-04
 7.56196e+15	2.72e-03	9.37e-01	6.05e-02	0.00e+00	0.00e+00	0.00e+00	0.00e+00	0.00e+00	0.00e+00	2.12e-03	4.02e-04	2.00e-04
 7.65321e+15	3.00e-03	9.57e-01	4.04e-02	0.00e+00	0.00e+00	0.00e+00	0.00e+00	0.00e+00	0.00e+00	2.34e-03	4.43e-04	2.20e-04
 7.71652e+15	3.23e-03	9.67e-01	2.98e-02	0.00e+00	0.00e+00	0.00e+00	0.00e+00	0.00e+00	0.00e+00	2.51e-03	4.78e-04	2.37e-04
 7.76866e+15	3.42e-03	9.73e-01	2.31e-02	0.00e+00	0.00e+00	0.00e+00	0.00e+00	0.00e+00	0.00e+00	2.67e-03	5.08e-04	2.51e-04
 7.82758e+15	3.65e-03	9.79e-01	1.72e-02	0.00e+00	0.00e+00	0.00e+00	0.00e+00	0.00e+00	0.00e+00	2.84e-03	5.42e-04	2.67e-04
 7.90418e+15	3.97e-03	9.85e-01	1.15e-02	0.00e+00	0.00e+00	0.00e+00	0.00e+00	0.00e+00	0.00e+00	3.09e-03	5.90e-04	2.89e-04
 7.97878e+15	4.36e-03	9.88e-01	7.43e-03	0.00e+00	0.00e+00	0.00e+00	0.00e+00	0.00e+00	0.00e+00	3.39e-03	6.50e-04	3.17e-04
 8.02902e+15	4.66e-03	9.90e-01	5.39e-03	0.00e+00	0.00e+00	0.00e+00	0.00e+00	0.00e+00	0.00e+00	3.63e-03	6.96e-04	3.39e-04
 8.06352e+15	4.87e-03	9.91e-01	4.31e-03	0.00e+00	0.00e+00	0.00e+00	0.00e+00	0.00e+00	0.00e+00	3.79e-03	7.27e-04	3.53e-04
 8.09931e+15	5.07e-03	9.91e-01	3.43e-03	0.00e+00	0.00e+00	0.00e+00	0.00e+00	0.00e+00	0.00e+00	3.95e-03	7.59e-04	3.68e-04
 8.14583e+15	5.35e-03	9.92e-01	2.52e-03	0.00e+00	0.00e+00	0.00e+00	0.00e+00	0.00e+00	0.00e+00	4.16e-03	8.01e-04	3.87e-04
 8.19621e+15	5.68e-03	9.93e-01	1.77e-03	0.00e+00	0.00e+00	0.00e+00	0.00e+00	0.00e+00	0.00e+00	4.42e-03	8.52e-04	4.10e-04
 8.23851e+15	5.99e-03	9.93e-01	1.28e-03	0.00e+00	0.00e+00	0.00e+00	0.00e+00	0.00e+00	0.00e+00	4.66e-03	9.00e-04	4.32e-04
 8.27199e+15	6.24e-03	9.93e-01	9.84e-04	0.00e+00	0.00e+00	0.00e+00	0.00e+00	0.00e+00	0.00e+00	4.85e-03	9.38e-04	4.50e-04
 8.30712e+15	6.48e-03	9.93e-01	7.44e-04	0.00e+00	0.00e+00	0.00e+00	0.00e+00	0.00e+00	0.00e+00	5.04e-03	9.76e-04	4.67e-04
 8.35278e+15	6.80e-03	9.93e-01	5.11e-04	0.00e+00	0.00e+00	0.00e+00	0.00e+00	0.00e+00	0.00e+00	5.28e-03	1.03e-03	4.89e-04
 8.40044e+15	7.18e-03	9.92e-01	3.33e-04	0.00e+00	0.00e+00	0.00e+00	0.00e+00	0.00e+00	0.00e+00	5.58e-03	1.08e-03	5.16e-04
 8.43915e+15	7.51e-03	9.92e-01	2.29e-04	0.00e+00	0.00e+00	0.00e+00	0.00e+00	0.00e+00	0.00e+00	5.83e-03	1.14e-03	5.40e-04
 8.47793e+15	7.80e-03	9.92e-01	1.57e-04	0.00e+00	0.00e+00	0.00e+00	0.00e+00	0.00e+00	0.00e+00	6.05e-03	1.18e-03	5.60e-04
 8.52835e+15	8.15e-03	9.92e-01	9.49e-05	0.00e+00	0.00e+00	0.00e+00	0.00e+00	0.00e+00	0.00e+00	6.32e-03	1.24e-03	5.85e-04
 8.59389e+15	8.55e-03	9.91e-01	4.86e-05	0.00e+00	0.00e+00	0.00e+00	0.00e+00	0.00e+00	0.00e+00	6.63e-03	1.31e-03	6.14e-04
 8.67910e+15	8.96e-03	9.91e-01	2.02e-05	0.00e+00	0.00e+00	0.00e+00	0.00e+00	0.00e+00	0.00e+00	6.95e-03	1.37e-03	6.43e-04
 8.78987e+15	9.42e-03	9.91e-01	6.55e-06	0.00e+00	0.00e+00	0.00e+00	0.00e+00	0.00e+00	0.00e+00	7.29e-03	1.45e-03	6.77e-04
 8.93386e+15	9.93e-03	9.90e-01	1.60e-06	0.00e+00	0.00e+00	0.00e+00	0.00e+00	0.00e+00	0.00e+00	7.68e-03	1.54e-03	7.15e-04
 9.12106e+15	1.06e-02	9.89e-01	2.87e-07	0.00e+00	0.00e+00	0.00e+00	0.00e+00	0.00e+00	0.00e+00	8.16e-03	1.64e-03	7.64e-04
 9.32949e+15	1.15e-02	9.89e-01	4.57e-08	0.00e+00	0.00e+00	0.00e+00	0.00e+00	0.00e+00	0.00e+00	8.85e-03	1.80e-03	8.33e-04
 9.51992e+15	1.25e-02	9.88e-01	1.17e-08	0.00e+00	0.00e+00	0.00e+00	0.00e+00	0.00e+00	0.00e+00	9.59e-03	1.96e-03	9.07e-04
 9.68666e+15	1.33e-02	9.87e-01	5.43e-09	0.00e+00	0.00e+00	0.00e+00	0.00e+00	0.00e+00	0.00e+00	1.03e-02	2.11e-03	9.75e-04
 9.84171e+15	1.42e-02	9.86e-01	3.62e-09	0.00e+00	0.00e+00	0.00e+00	0.00e+00	0.00e+00	0.00e+00	1.09e-02	2.26e-03	1.04e-03
 9.99259e+15	1.50e-02	9.85e-01	2.88e-09	0.00e+00	0.00e+00	0.00e+00	0.00e+00	0.00e+00	0.00e+00	1.15e-02	2.40e-03	1.10e-03
 1.01399e+16	1.58e-02	9.84e-01	2.47e-09	0.00e+00	0.00e+00	0.00e+00	0.00e+00	0.00e+00	0.00e+00	1.21e-02	2.54e-03	1.17e-03
 1.02822e+16	1.67e-02	9.83e-01	2.20e-09	0.00e+00	0.00e+00	0.00e+00	0.00e+00	0.00e+00	0.00e+00	1.28e-02	2.69e-03	1.23e-03
 1.04196e+16	1.75e-02	9.82e-01	1.99e-09	0.00e+00	0.00e+00	0.00e+00	0.00e+00	0.00e+00	0.00e+00	1.34e-02	2.84e-03	1.30e-03
 1.05530e+16	1.84e-02	9.82e-01	1.83e-09	0.00e+00	0.00e+00	0.00e+00	0.00e+00	0.00e+00	0.00e+00	1.40e-02	2.98e-03	1.37e-03
 1.06872e+16	1.91e-02	9.81e-01	1.69e-09	0.00e+00	0.00e+00	0.00e+00	0.00e+00	0.00e+00	0.00e+00	1.46e-02	3.11e-03	1.43e-03
 1.08205e+16	2.00e-02	9.80e-01	1.58e-09	0.00e+00	0.00e+00	0.00e+00	0.00e+00	0.00e+00	0.00e+00	1.52e-02	3.26e-03	1.50e-03
 1.09475e+16	2.08e-02	9.79e-01	1.48e-09	0.00e+00	0.00e+00	0.00e+00	0.00e+00	0.00e+00	0.00e+00	1.58e-02	3.40e-03	1.56e-03
 1.10710e+16	2.15e-02	9.78e-01	1.40e-09	0.00e+00	0.00e+00	0.00e+00	0.00e+00	0.00e+00	0.00e+00	1.64e-02	3.54e-03	1.62e-03
 1.11940e+16	2.23e-02	9.78e-01	1.32e-09	0.00e+00	0.00e+00	0.00e+00	0.00e+00	0.00e+00	0.00e+00	1.69e-02	3.67e-03	1.68e-03
 1.13173e+16	2.31e-02	9.77e-01	1.25e-09	0.00e+00	0.00e+00	0.00e+00	0.00e+00	0.00e+00	0.00e+00	1.75e-02	3.81e-03	1.75e-03
 1.14408e+16	2.38e-02	9.76e-01	1.19e-09	0.00e+00	0.00e+00	0.00e+00	0.00e+00	0.00e+00	0.00e+00	1.81e-02	3.93e-03	1.81e-03
 1.15647e+16	2.46e-02	9.75e-01	1.14e-09	0.00e+00	0.00e+00	0.00e+00	0.00e+00	0.00e+00	0.00e+00	1.87e-02	4.03e-03	1.87e-03
 1.16896e+16	2.55e-02	9.75e-01	1.09e-09	0.00e+00	0.00e+00	0.00e+00	0.00e+00	0.00e+00	0.00e+00	1.94e-02	4.14e-03	1.94e-03
 1.18160e+16	2.63e-02	9.74e-01	1.04e-09	0.00e+00	0.00e+00	0.00e+00	0.00e+00	0.00e+00	0.00e+00	2.00e-02	4.24e-03	2.01e-03
 1.19446e+16	2.72e-02	9.73e-01	9.92e-10	0.00e+00	0.00e+00	0.00e+00	0.00e+00	0.00e+00	0.00e+00	2.08e-02	4.36e-03	2.09e-03
 1.20755e+16	2.82e-02	9.72e-01	9.49e-10	0.00e+00	0.00e+00	0.00e+00	0.00e+00	0.00e+00	0.00e+00	2.15e-02	4.48e-03	2.17e-03
 1.22094e+16	2.92e-02	9.71e-01	9.08e-10	0.00e+00	0.00e+00	0.00e+00	0.00e+00	0.00e+00	0.00e+00	2.23e-02	4.61e-03	2.25e-03
 1.23468e+16	3.03e-02	9.70e-01	8.68e-10	0.00e+00	0.00e+00	0.00e+00	0.00e+00	0.00e+00	0.00e+00	2.32e-02	4.75e-03	2.34e-03
 1.24880e+16	3.15e-02	9.69e-01	8.30e-10	0.00e+00	0.00e+00	0.00e+00	0.00e+00	0.00e+00	0.00e+00	2.41e-02	4.91e-03	2.44e-03
 1.26332e+16	3.28e-02	9.67e-01	7.92e-10	0.00e+00	0.00e+00	0.00e+00	0.00e+00	0.00e+00	0.00e+00	2.52e-02	5.08e-03	2.55e-03
 1.27824e+16	3.43e-02	9.66e-01	7.55e-10	0.00e+00	0.00e+00	0.00e+00	0.00e+00	0.00e+00	0.00e+00	2.63e-02	5.26e-03	2.67e-03
 1.29360e+16	3.59e-02	9.64e-01	7.19e-10	0.00e+00	0.00e+00	0.00e+00	0.00e+00	0.00e+00	0.00e+00	2.76e-02	5.47e-03	2.80e-03
 1.30938e+16	3.77e-02	9.62e-01	6.84e-10	0.00e+00	0.00e+00	0.00e+00	0.00e+00	0.00e+00	0.00e+00	2.90e-02	5.70e-03	2.94e-03
 1.32557e+16	3.96e-02	9.60e-01	6.49e-10	0.00e+00	0.00e+00	0.00e+00	0.00e+00	0.00e+00	0.00e+00	3.06e-02	5.95e-03	3.11e-03
 1.34214e+16	4.18e-02	9.58e-01	6.16e-10	0.00e+00	0.00e+00	0.00e+00	0.00e+00	0.00e+00	0.00e+00	3.23e-02	6.23e-03	3.29e-03
 1.35905e+16	4.43e-02	9.56e-01	5.83e-10	0.00e+00	0.00e+00	0.00e+00	0.00e+00	0.00e+00	0.00e+00	3.43e-02	6.55e-03	3.49e-03
 1.37627e+16	4.70e-02	9.53e-01	5.50e-10	0.00e+00	0.00e+00	0.00e+00	0.00e+00	0.00e+00	0.00e+00	3.64e-02	6.90e-03	3.71e-03
 1.39375e+16	5.01e-02	9.50e-01	5.19e-10	0.00e+00	0.00e+00	0.00e+00	0.00e+00	0.00e+00	0.00e+00	3.88e-02	7.29e-03	3.96e-03
 1.41143e+16	5.35e-02	9.47e-01	4.88e-10	0.00e+00	0.00e+00	0.00e+00	0.00e+00	0.00e+00	0.00e+00	4.15e-02	7.72e-03	4.23e-03
 1.42924e+16	5.73e-02	9.43e-01	4.59e-10	0.00e+00	0.00e+00	0.00e+00	0.00e+00	0.00e+00	0.00e+00	4.45e-02	8.20e-03	4.54e-03
 1.44710e+16	6.15e-02	9.39e-01	4.30e-10	0.00e+00	0.00e+00	0.00e+00	0.00e+00	0.00e+00	0.00e+00	4.78e-02	8.73e-03	4.88e-03
 1.46487e+16	6.61e-02	9.34e-01	4.02e-10	0.00e+00	0.00e+00	0.00e+00	0.00e+00	0.00e+00	0.00e+00	5.15e-02	9.31e-03	5.26e-03
 1.48256e+16	7.12e-02	9.29e-01	3.76e-10	0.00e+00	0.00e+00	0.00e+00	0.00e+00	0.00e+00	0.00e+00	5.56e-02	9.95e-03	5.68e-03
 1.50017e+16	7.69e-02	9.23e-01	3.50e-10	0.00e+00	0.00e+00	0.00e+00	0.00e+00	0.00e+00	0.00e+00	6.02e-02	1.06e-02	6.14e-03
 1.51762e+16	8.33e-02	9.17e-01	3.25e-10	0.00e+00	0.00e+00	0.00e+00	0.00e+00	0.00e+00	0.00e+00	6.52e-02	1.14e-02	6.65e-03
 1.53482e+16	9.03e-02	9.10e-01	3.01e-10	0.00e+00	0.00e+00	0.00e+00	0.00e+00	0.00e+00	0.00e+00	7.08e-02	1.22e-02	7.22e-03
 1.55174e+16	9.80e-02	9.02e-01	2.79e-10	0.00e+00	0.00e+00	0.00e+00	0.00e+00	0.00e+00	0.00e+00	7.71e-02	1.31e-02	7.84e-03
 1.56836e+16	1.07e-01	8.93e-01	2.57e-10	0.00e+00	0.00e+00	0.00e+00	0.00e+00	0.00e+00	0.00e+00	8.39e-02	1.41e-02	8.54e-03
 1.58466e+16	1.16e-01	8.84e-01	2.37e-10	0.00e+00	0.00e+00	0.00e+00	0.00e+00	0.00e+00	0.00e+00	9.16e-02	1.52e-02	9.30e-03
 1.60065e+16	1.27e-01	8.73e-01	2.17e-10	0.00e+00	0.00e+00	0.00e+00	0.00e+00	0.00e+00	0.00e+00	1.00e-01	1.63e-02	1.01e-02
 1.61632e+16	1.38e-01	8.62e-01	1.98e-10	0.00e+00	0.00e+00	0.00e+00	0.00e+00	0.00e+00	0.00e+00	1.10e-01	1.76e-02	1.11e-02
 1.63169e+16	1.52e-01	8.48e-01	1.80e-10	0.00e+00	0.00e+00	0.00e+00	0.00e+00	0.00e+00	0.00e+00	1.20e-01	1.91e-02	1.21e-02
 1.64680e+16	1.66e-01	8.34e-01	1.62e-10	0.00e+00	0.00e+00	0.00e+00	0.00e+00	0.00e+00	0.00e+00	1.32e-01	2.07e-02	1.33e-02
 1.66169e+16	1.83e-01	8.17e-01	1.46e-10	0.00e+00	0.00e+00	0.00e+00	0.00e+00	0.00e+00	0.00e+00	1.46e-01	2.25e-02	1.47e-02
 1.67648e+16	2.03e-01	7.97e-01	1.30e-10	0.00e+00	0.00e+00	0.00e+00	0.00e+00	0.00e+00	0.00e+00	1.62e-01	2.45e-02	1.62e-02
 1.69127e+16	2.26e-01	7.74e-01	1.14e-10	0.00e+00	0.00e+00	0.00e+00	0.00e+00	0.00e+00	0.00e+00	1.81e-01	2.69e-02	1.80e-02
 1.70625e+16	2.54e-01	7.46e-01	9.79e-11	0.00e+00	0.00e+00	0.00e+00	0.00e+00	0.00e+00	0.00e+00	2.04e-01	2.97e-02	2.01e-02
 1.72177e+16	2.89e-01	7.11e-01	8.20e-11	0.00e+00	0.00e+00	0.00e+00	0.00e+00	0.00e+00	0.00e+00	2.34e-01	3.31e-02	2.26e-02
 1.73712e+16	3.35e-01	6.65e-01	6.59e-11	0.00e+00	0.00e+00	0.00e+00	0.00e+00	0.00e+00	0.00e+00	2.72e-01	3.75e-02	2.58e-02
 1.74949e+16	3.87e-01	6.13e-01	5.20e-11	0.00e+00	0.00e+00	0.00e+00	0.00e+00	0.00e+00	0.00e+00	3.15e-01	4.24e-02	2.93e-02
 1.75716e+16	4.29e-01	5.71e-01	4.34e-11	0.00e+00	0.00e+00	0.00e+00	0.00e+00	0.00e+00	0.00e+00	3.50e-01	4.62e-02	3.21e-02
 1.76162e+16	4.55e-01	5.45e-01	3.86e-11	0.00e+00	0.00e+00	0.00e+00	0.00e+00	0.00e+00	0.00e+00	3.73e-01	4.85e-02	3.38e-02
 1.76497e+16	4.76e-01	5.24e-01	3.55e-11	0.00e+00	0.00e+00	0.00e+00	0.00e+00	0.00e+00	0.00e+00	3.90e-01	5.02e-02	3.51e-02
 1.76853e+16	4.97e-01	5.03e-01	3.23e-11	0.00e+00	0.00e+00	0.00e+00	0.00e+00	0.00e+00	0.00e+00	4.09e-01	5.20e-02	3.64e-02
 1.77251e+16	5.23e-01	4.77e-01	2.89e-11	0.00e+00	0.00e+00	0.00e+00	0.00e+00	0.00e+00	0.00e+00	4.31e-01	5.40e-02	3.80e-02
 1.77621e+16	5.50e-01	4.50e-01	2.58e-11	0.00e+00	0.00e+00	0.00e+00	0.00e+00	0.00e+00	0.00e+00	4.55e-01	5.61e-02	3.96e-02
 1.77913e+16	5.73e-01	4.27e-01	2.33e-11	0.00e+00	0.00e+00	0.00e+00	0.00e+00	0.00e+00	0.00e+00	4.74e-01	5.77e-02	4.08e-02
 1.78143e+16	5.91e-01	4.09e-01	2.16e-11	0.00e+00	0.00e+00	0.00e+00	0.00e+00	0.00e+00	0.00e+00	4.91e-01	5.90e-02	4.18e-02
 1.78319e+16	6.06e-01	3.94e-01	2.02e-11	0.00e+00	0.00e+00	0.00e+00	0.00e+00	0.00e+00	0.00e+00	5.03e-01	5.99e-02	4.26e-02
 1.78452e+16	6.17e-01	3.83e-01	1.93e-11	0.00e+00	0.00e+00	0.00e+00	0.00e+00	0.00e+00	0.00e+00	5.13e-01	6.06e-02	4.31e-02
 1.78583e+16	6.28e-01	3.72e-01	1.83e-11	0.00e+00	0.00e+00	0.00e+00	0.00e+00	0.00e+00	0.00e+00	5.23e-01	6.13e-02	4.37e-02
 1.78729e+16	6.40e-01	3.60e-01	1.74e-11	0.00e+00	0.00e+00	0.00e+00	0.00e+00	0.00e+00	0.00e+00	5.33e-01	6.20e-02	4.43e-02
 1.78881e+16	6.53e-01	3.47e-01	1.64e-11	0.00e+00	0.00e+00	0.00e+00	0.00e+00	0.00e+00	0.00e+00	5.45e-01	6.27e-02	4.49e-02
 1.79026e+16	6.65e-01	3.35e-01	1.54e-11	0.00e+00	0.00e+00	0.00e+00	0.00e+00	0.00e+00	0.00e+00	5.56e-01	6.35e-02	4.54e-02
 1.79159e+16	6.77e-01	3.23e-01	1.46e-11	0.00e+00	0.00e+00	0.00e+00	0.00e+00	0.00e+00	0.00e+00	5.67e-01	6.39e-02	4.59e-02
 1.79287e+16	6.88e-01	3.12e-01	1.38e-11	0.00e+00	0.00e+00	0.00e+00	0.00e+00	0.00e+00	0.00e+00	5.77e-01	6.46e-02	4.64e-02
 1.79414e+16	6.99e-01	3.01e-01	1.31e-11	0.00e+00	0.00e+00	0.00e+00	0.00e+00	0.00e+00	0.00e+00	5.87e-01	6.51e-02	4.68e-02
 1.79539e+16	7.10e-01	2.90e-01	1.24e-11	0.00e+00	0.00e+00	0.00e+00	0.00e+00	0.00e+00	0.00e+00	5.97e-01	6.56e-02	4.72e-02
 1.79662e+16	7.21e-01	2.79e-01	1.17e-11	0.00e+00	0.00e+00	0.00e+00	0.00e+00	0.00e+00	0.00e+00	6.07e-01	6.60e-02	4.75e-02
 1.79781e+16	7.31e-01	2.69e-01	1.11e-11	0.00e+00	0.00e+00	0.00e+00	0.00e+00	0.00e+00	0.00e+00	6.17e-01	6.64e-02	4.78e-02
 1.79897e+16	7.42e-01	2.58e-01	1.05e-11	0.00e+00	0.00e+00	0.00e+00	0.00e+00	0.00e+00	0.00e+00	6.27e-01	6.67e-02	4.81e-02
 1.80011e+16	7.51e-01	2.49e-01	9.97e-12	0.00e+00	0.00e+00	0.00e+00	0.00e+00	0.00e+00	0.00e+00	6.36e-01	6.70e-02	4.83e-02
 1.80122e+16	7.61e-01	2.39e-01	9.44e-12	0.00e+00	0.00e+00	0.00e+00	0.00e+00	0.00e+00	0.00e+00	6.45e-01	6.73e-02	4.85e-02
 1.80232e+16	7.71e-01	2.29e-01	8.94e-12	0.00e+00	0.00e+00	0.00e+00	0.00e+00	0.00e+00	0.00e+00	6.54e-01	6.75e-02	4.86e-02
 1.80339e+16	7.80e-01	2.20e-01	8.47e-12	0.00e+00	0.00e+00	0.00e+00	0.00e+00	0.00e+00	0.00e+00	6.63e-01	6.77e-02	4.88e-02
 1.80443e+16	7.89e-01	2.11e-01	8.03e-12	0.00e+00	0.00e+00	0.00e+00	0.00e+00	0.00e+00	0.00e+00	6.72e-01	6.79e-02	4.89e-02
 1.80546e+16	7.97e-01	2.03e-01	7.61e-12	0.00e+00	0.00e+00	0.00e+00	0.00e+00	0.00e+00	0.00e+00	6.80e-01	6.80e-02	4.90e-02
 1.80646e+16	8.06e-01	1.94e-01	7.21e-12	0.00e+00	0.00e+00	0.00e+00	0.00e+00	0.00e+00	0.00e+00	6.89e-01	6.81e-02	4.90e-02
 1.80745e+16	8.14e-01	1.86e-01	6.84e-12	0.00e+00	0.00e+00	0.00e+00	0.00e+00	0.00e+00	0.00e+00	6.97e-01	6.82e-02	4.91e-02
 1.80842e+16	8.22e-01	1.78e-01	6.49e-12	0.00e+00	0.00e+00	0.00e+00	0.00e+00	0.00e+00	0.00e+00	7.04e-01	6.83e-02	4.91e-02
 1.80936e+16	8.29e-01	1.71e-01	6.16e-12	0.00e+00	0.00e+00	0.00e+00	0.00e+00	0.00e+00	0.00e+00	7.12e-01	6.83e-02	4.91e-02
 1.81027e+16	8.36e-01	1.64e-01	5.85e-12	0.00e+00	0.00e+00	0.00e+00	0.00e+00	0.00e+00	0.00e+00	7.19e-01	6.83e-02	4.90e-02
 1.81115e+16	8.43e-01	1.57e-01	5.56e-12	0.00e+00	0.00e+00	0.00e+00	0.00e+00	0.00e+00	0.00e+00	7.26e-01	6.83e-02	4.90e-02
 1.81201e+16	8.49e-01	1.51e-01	5.29e-12	0.00e+00	0.00e+00	0.00e+00	0.00e+00	0.00e+00	0.00e+00	7.32e-01	6.82e-02	4.89e-02
 1.81285e+16	8.56e-01	1.44e-01	5.03e-12	0.00e+00	0.00e+00	0.00e+00	0.00e+00	0.00e+00	0.00e+00	7.39e-01	6.82e-02	4.89e-02
 1.81367e+16	8.62e-01	1.38e-01	4.79e-12	0.00e+00	0.00e+00	0.00e+00	0.00e+00	0.00e+00	0.00e+00	7.45e-01	6.81e-02	4.88e-02
 1.81447e+16	8.67e-01	1.33e-01	4.56e-12	0.00e+00	0.00e+00	0.00e+00	0.00e+00	0.00e+00	0.00e+00	7.51e-01	6.81e-02	4.87e-02
 1.81525e+16	8.73e-01	1.27e-01	4.35e-12	0.00e+00	0.00e+00	0.00e+00	0.00e+00	0.00e+00	0.00e+00	7.56e-01	6.80e-02	4.86e-02
 1.81602e+16	8.78e-01	1.22e-01	4.14e-12	0.00e+00	0.00e+00	0.00e+00	0.00e+00	0.00e+00	0.00e+00	7.62e-01	6.79e-02	4.85e-02
 1.81676e+16	8.83e-01	1.17e-01	3.95e-12	0.00e+00	0.00e+00	0.00e+00	0.00e+00	0.00e+00	0.00e+00	7.67e-01	6.79e-02	4.84e-02
 1.81750e+16	8.88e-01	1.12e-01	3.77e-12	0.00e+00	0.00e+00	0.00e+00	0.00e+00	0.00e+00	0.00e+00	7.72e-01	6.78e-02	4.83e-02
 1.81821e+16	8.92e-01	1.08e-01	3.59e-12	0.00e+00	0.00e+00	0.00e+00	0.00e+00	0.00e+00	0.00e+00	7.76e-01	6.78e-02	4.82e-02
 1.81891e+16	8.97e-01	1.03e-01	3.43e-12	0.00e+00	0.00e+00	0.00e+00	0.00e+00	0.00e+00	0.00e+00	7.81e-01	6.77e-02	4.81e-02
 1.81959e+16	9.01e-01	9.92e-02	3.28e-12	0.00e+00	0.00e+00	0.00e+00	0.00e+00	0.00e+00	0.00e+00	7.85e-01	6.76e-02	4.80e-02
 1.82026e+16	9.05e-01	9.51e-02	3.13e-12	0.00e+00	0.00e+00	0.00e+00	0.00e+00	0.00e+00	0.00e+00	7.89e-01	6.76e-02	4.79e-02
 1.82092e+16	9.09e-01	9.12e-02	2.99e-12	0.00e+00	0.00e+00	0.00e+00	0.00e+00	0.00e+00	0.00e+00	7.93e-01	6.75e-02	4.77e-02
 1.82157e+16	9.12e-01	8.75e-02	2.85e-12	0.00e+00	0.00e+00	0.00e+00	0.00e+00	0.00e+00	0.00e+00	7.97e-01	6.75e-02	4.77e-02
 1.82220e+16	9.16e-01	8.40e-02	2.73e-12	0.00e+00	0.00e+00	0.00e+00	0.00e+00	0.00e+00	0.00e+00	8.01e-01	6.75e-02	4.75e-02
 1.82281e+16	9.19e-01	8.05e-02	2.61e-12	0.00e+00	0.00e+00	0.00e+00	0.00e+00	0.00e+00	0.00e+00	8.05e-01	6.75e-02	4.75e-02
 1.82342e+16	9.23e-01	7.73e-02	2.49e-12	0.00e+00	0.00e+00	0.00e+00	0.00e+00	0.00e+00	0.00e+00	8.08e-01	6.74e-02	4.74e-02
 1.82401e+16	9.26e-01	7.41e-02	2.38e-12	0.00e+00	0.00e+00	0.00e+00	0.00e+00	0.00e+00	0.00e+00	8.11e-01	6.74e-02	4.73e-02
 1.82459e+16	9.29e-01	7.11e-02	2.28e-12	0.00e+00	0.00e+00	0.00e+00	0.00e+00	0.00e+00	0.00e+00	8.14e-01	6.74e-02	4.72e-02
 1.82516e+16	9.32e-01	6.82e-02	2.17e-12	0.00e+00	0.00e+00	0.00e+00	0.00e+00	0.00e+00	0.00e+00	8.17e-01	6.75e-02	4.71e-02
 1.82571e+16	9.35e-01	6.54e-02	2.08e-12	0.00e+00	0.00e+00	0.00e+00	0.00e+00	0.00e+00	0.00e+00	8.20e-01	6.76e-02	4.71e-02
 1.82625e+16	9.37e-01	6.28e-02	1.99e-12	0.00e+00	0.00e+00	0.00e+00	0.00e+00	0.00e+00	0.00e+00	8.23e-01	6.76e-02	4.70e-02
 1.82677e+16	9.40e-01	6.02e-02	1.90e-12	0.00e+00	0.00e+00	0.00e+00	0.00e+00	0.00e+00	0.00e+00	8.25e-01	6.77e-02	4.70e-02
 1.82729e+16	9.42e-01	5.77e-02	1.81e-12	0.00e+00	0.00e+00	0.00e+00	0.00e+00	0.00e+00	0.00e+00	8.28e-01	6.78e-02	4.69e-02
 1.82780e+16	9.45e-01	5.53e-02	1.73e-12	0.00e+00	0.00e+00	0.00e+00	0.00e+00	0.00e+00	0.00e+00	8.30e-01	6.80e-02	4.69e-02
 1.82829e+16	9.47e-01	5.31e-02	1.65e-12	0.00e+00	0.00e+00	0.00e+00	0.00e+00	0.00e+00	0.00e+00	8.32e-01	6.81e-02	4.69e-02
 1.82876e+16	9.49e-01	5.09e-02	1.58e-12	0.00e+00	0.00e+00	0.00e+00	0.00e+00	0.00e+00	0.00e+00	8.34e-01	6.84e-02	4.69e-02
 1.82921e+16	9.51e-01	4.89e-02	1.51e-12	0.00e+00	0.00e+00	0.00e+00	0.00e+00	0.00e+00	0.00e+00	8.36e-01	6.86e-02	4.69e-02
 1.82963e+16	9.53e-01	4.70e-02	1.45e-12	0.00e+00	0.00e+00	0.00e+00	0.00e+00	0.00e+00	0.00e+00	8.37e-01	6.88e-02	4.69e-02
 1.83002e+16	9.55e-01	4.52e-02	1.39e-12	0.00e+00	0.00e+00	0.00e+00	0.00e+00	0.00e+00	0.00e+00	8.39e-01	6.91e-02	4.70e-02
 1.83038e+16	9.56e-01	4.36e-02	1.33e-12	0.00e+00	0.00e+00	0.00e+00	0.00e+00	0.00e+00	0.00e+00	8.40e-01	6.93e-02	4.70e-02
 1.83072e+16	9.58e-01	4.21e-02	1.28e-12	0.00e+00	0.00e+00	0.00e+00	0.00e+00	0.00e+00	0.00e+00	8.41e-01	6.97e-02	4.71e-02
 1.83103e+16	9.59e-01	4.07e-02	1.23e-12	0.00e+00	0.00e+00	0.00e+00	0.00e+00	0.00e+00	0.00e+00	8.42e-01	7.00e-02	4.72e-02
 1.83133e+16	9.61e-01	3.94e-02	1.19e-12	0.00e+00	0.00e+00	0.00e+00	0.00e+00	0.00e+00	0.00e+00	8.43e-01	7.03e-02	4.72e-02
 1.83161e+16	9.62e-01	3.81e-02	1.15e-12	0.00e+00	0.00e+00	0.00e+00	0.00e+00	0.00e+00	0.00e+00	8.44e-01	7.06e-02	4.73e-02
 1.83188e+16	9.63e-01	3.69e-02	1.11e-12	0.00e+00	0.00e+00	0.00e+00	0.00e+00	0.00e+00	0.00e+00	8.45e-01	7.10e-02	4.74e-02
 1.83213e+16	9.64e-01	3.58e-02	1.07e-12	0.00e+00	0.00e+00	0.00e+00	0.00e+00	0.00e+00	0.00e+00	8.45e-01	7.13e-02	4.75e-02
 1.83237e+16	9.65e-01	3.48e-02	1.03e-12	0.00e+00	0.00e+00	0.00e+00	0.00e+00	0.00e+00	0.00e+00	8.46e-01	7.17e-02	4.76e-02
 1.83259e+16	9.66e-01	3.38e-02	9.98e-13	0.00e+00	0.00e+00	0.00e+00	0.00e+00	0.00e+00	0.00e+00	8.46e-01	7.21e-02	4.77e-02
 1.83279e+16	9.67e-01	3.28e-02	9.66e-13	0.00e+00	0.00e+00	0.00e+00	0.00e+00	0.00e+00	0.00e+00	8.47e-01	7.26e-02	4.78e-02
 1.83298e+16	9.68e-01	3.19e-02	9.35e-13	0.00e+00	0.00e+00	0.00e+00	0.00e+00	0.00e+00	0.00e+00	8.47e-01	7.30e-02	4.80e-02
 1.83317e+16	9.69e-01	3.11e-02	9.05e-13	0.00e+00	0.00e+00	0.00e+00	0.00e+00	0.00e+00	0.00e+00	8.47e-01	7.34e-02	4.81e-02
 1.83334e+16	9.70e-01	3.03e-02	8.77e-13	0.00e+00	0.00e+00	0.00e+00	0.00e+00	0.00e+00	0.00e+00	8.48e-01	7.39e-02	4.82e-02
 1.83350e+16	9.71e-01	2.95e-02	8.51e-13	0.00e+00	0.00e+00	0.00e+00	0.00e+00	0.00e+00	0.00e+00	8.48e-01	7.44e-02	4.84e-02
 1.83365e+16	9.71e-01	2.88e-02	8.25e-13	0.00e+00	0.00e+00	0.00e+00	0.00e+00	0.00e+00	0.00e+00	8.48e-01	7.49e-02	4.85e-02
 1.83379e+16	9.72e-01	2.80e-02	8.00e-13	0.00e+00	0.00e+00	0.00e+00	0.00e+00	0.00e+00	0.00e+00	8.48e-01	7.54e-02	4.87e-02
 1.83393e+16	9.73e-01	2.73e-02	7.76e-13	0.00e+00	0.00e+00	0.00e+00	0.00e+00	0.00e+00	0.00e+00	8.48e-01	7.59e-02	4.88e-02
 1.83406e+16	9.73e-01	2.67e-02	7.53e-13	0.00e+00	0.00e+00	0.00e+00	0.00e+00	0.00e+00	0.00e+00	8.48e-01	7.65e-02	4.90e-02
 1.83418e+16	9.74e-01	2.60e-02	7.29e-13	0.00e+00	0.00e+00	0.00e+00	0.00e+00	0.00e+00	0.00e+00	8.48e-01	7.71e-02	4.92e-02
 1.83430e+16	9.75e-01	2.54e-02	7.07e-13	0.00e+00	0.00e+00	0.00e+00	0.00e+00	0.00e+00	0.00e+00	8.48e-01	7.77e-02	4.94e-02
 1.83441e+16	9.75e-01	2.48e-02	6.85e-13	0.00e+00	0.00e+00	0.00e+00	0.00e+00	0.00e+00	0.00e+00	8.47e-01	7.83e-02	4.96e-02
 1.83452e+16	9.76e-01	2.41e-02	6.63e-13	0.00e+00	0.00e+00	0.00e+00	0.00e+00	0.00e+00	0.00e+00	8.47e-01	7.90e-02	4.98e-02
 1.83462e+16	9.76e-01	2.35e-02	6.42e-13	0.00e+00	0.00e+00	0.00e+00	0.00e+00	0.00e+00	0.00e+00	8.47e-01	7.98e-02	5.00e-02
 1.83472e+16	9.77e-01	2.29e-02	6.20e-13	0.00e+00	0.00e+00	0.00e+00	0.00e+00	0.00e+00	0.00e+00	8.46e-01	8.05e-02	5.03e-02
 1.83482e+16	9.78e-01	2.23e-02	5.98e-13	0.00e+00	0.00e+00	0.00e+00	0.00e+00	0.00e+00	0.00e+00	8.46e-01	8.14e-02	5.05e-02
 1.83492e+16	9.78e-01	2.17e-02	5.76e-13	0.00e+00	0.00e+00	0.00e+00	0.00e+00	0.00e+00	0.00e+00	8.45e-01	8.23e-02	5.08e-02
 1.83502e+16	9.79e-01	2.10e-02	5.52e-13	0.00e+00	0.00e+00	0.00e+00	0.00e+00	0.00e+00	0.00e+00	8.45e-01	8.33e-02	5.11e-02
 1.83511e+16	9.80e-01	2.03e-02	5.29e-13	0.00e+00	0.00e+00	0.00e+00	0.00e+00	0.00e+00	0.00e+00	8.44e-01	8.44e-02	5.14e-02
 1.83520e+16	9.80e-01	1.97e-02	5.05e-13	0.00e+00	0.00e+00	0.00e+00	0.00e+00	0.00e+00	0.00e+00	8.43e-01	8.57e-02	5.18e-02
 1.83529e+16	9.81e-01	1.89e-02	4.79e-13	0.00e+00	0.00e+00	0.00e+00	0.00e+00	0.00e+00	0.00e+00	8.42e-01	8.70e-02	5.22e-02
 1.83538e+16	9.82e-01	1.81e-02	4.50e-13	0.00e+00	0.00e+00	0.00e+00	0.00e+00	0.00e+00	0.00e+00	8.40e-01	8.88e-02	5.27e-02
 1.83546e+16	9.83e-01	1.73e-02	4.21e-13	0.00e+00	0.00e+00	0.00e+00	0.00e+00	0.00e+00	0.00e+00	8.39e-01	9.07e-02	5.32e-02
 1.83553e+16	9.83e-01	1.67e-02	4.00e-13	0.00e+00	0.00e+00	0.00e+00	0.00e+00	0.00e+00	0.00e+00	8.38e-01	9.22e-02	5.36e-02
 1.83559e+16	9.84e-01	1.60e-02	3.74e-13	0.00e+00	0.00e+00	0.00e+00	0.00e+00	0.00e+00	0.00e+00	8.36e-01	9.42e-02	5.41e-02
 1.83564e+16	9.85e-01	1.54e-02	3.55e-13	0.00e+00	0.00e+00	0.00e+00	0.00e+00	0.00e+00	0.00e+00	8.34e-01	9.57e-02	5.45e-02
 1.83569e+16	9.85e-01	1.48e-02	3.33e-13	0.00e+00	0.00e+00	0.00e+00	0.00e+00	0.00e+00	0.00e+00	8.32e-01	9.77e-02	5.50e-02
 1.83574e+16	9.86e-01	1.43e-02	3.15e-13	0.00e+00	0.00e+00	0.00e+00	0.00e+00	0.00e+00	0.00e+00	8.31e-01	9.93e-02	5.54e-02
 1.83578e+16	9.86e-01	1.37e-02	2.95e-13	0.00e+00	0.00e+00	0.00e+00	0.00e+00	0.00e+00	0.00e+00	8.29e-01	1.01e-01	5.59e-02
 1.83582e+16	9.87e-01	1.33e-02	2.81e-13	0.00e+00	0.00e+00	0.00e+00	0.00e+00	0.00e+00	0.00e+00	8.28e-01	1.03e-01	5.62e-02
 1.83585e+16	9.87e-01	1.28e-02	2.67e-13	0.00e+00	0.00e+00	0.00e+00	0.00e+00	0.00e+00	0.00e+00	8.26e-01	1.04e-01	5.66e-02
 1.83588e+16	9.88e-01	1.24e-02	2.54e-13	0.00e+00	0.00e+00	0.00e+00	0.00e+00	0.00e+00	0.00e+00	8.25e-01	1.06e-01	5.69e-02
 1.83591e+16	9.88e-01	1.20e-02	2.41e-13	0.00e+00	0.00e+00	0.00e+00	0.00e+00	0.00e+00	0.00e+00	8.24e-01	1.07e-01	5.73e-02
 1.83593e+16	9.88e-01	1.17e-02	2.30e-13	0.00e+00	0.00e+00	0.00e+00	0.00e+00	0.00e+00	0.00e+00	8.22e-01	1.08e-01	5.76e-02
 1.83596e+16	9.89e-01	1.14e-02	2.20e-13	0.00e+00	0.00e+00	0.00e+00	0.00e+00	0.00e+00	0.00e+00	8.21e-01	1.10e-01	5.79e-02
 1.83598e+16	9.89e-01	1.11e-02	2.10e-13	0.00e+00	0.00e+00	0.00e+00	0.00e+00	0.00e+00	0.00e+00	8.20e-01	1.11e-01	5.81e-02
 1.83600e+16	9.89e-01	1.08e-02	2.02e-13	0.00e+00	0.00e+00	0.00e+00	0.00e+00	0.00e+00	0.00e+00	8.19e-01	1.12e-01	5.84e-02
 1.83601e+16	9.89e-01	1.06e-02	1.94e-13	0.00e+00	0.00e+00	0.00e+00	0.00e+00	0.00e+00	0.00e+00	8.17e-01	1.13e-01	5.86e-02
 1.83604e+16	9.90e-01	1.03e-02	1.87e-13	0.00e+00	0.00e+00	0.00e+00	0.00e+00	0.00e+00	0.00e+00	8.16e-01	1.14e-01	5.88e-02
 1.83606e+16	9.90e-01	9.99e-03	1.78e-13	0.00e+00	0.00e+00	0.00e+00	0.00e+00	0.00e+00	0.00e+00	8.15e-01	1.16e-01	5.91e-02
 1.83609e+16	9.90e-01	9.66e-03	1.68e-13	0.00e+00	0.00e+00	0.00e+00	0.00e+00	0.00e+00	0.00e+00	8.14e-01	1.17e-01	5.94e-02
 1.83612e+16	9.91e-01	9.34e-03	1.59e-13	0.00e+00	0.00e+00	0.00e+00	0.00e+00	0.00e+00	0.00e+00	8.12e-01	1.19e-01	5.96e-02
 1.83614e+16	9.91e-01	9.07e-03	1.51e-13	0.00e+00	0.00e+00	0.00e+00	0.00e+00	0.00e+00	0.00e+00	8.11e-01	1.20e-01	5.99e-02
 1.83617e+16	9.91e-01	8.82e-03	1.44e-13	0.00e+00	0.00e+00	0.00e+00	0.00e+00	0.00e+00	0.00e+00	8.09e-01	1.22e-01	6.01e-02
 1.83619e+16	9.91e-01	8.58e-03	1.38e-13	0.00e+00	0.00e+00	0.00e+00	0.00e+00	0.00e+00	0.00e+00	8.08e-01	1.23e-01	6.03e-02
 1.83621e+16	9.92e-01	8.38e-03	1.32e-13	0.00e+00	0.00e+00	0.00e+00	0.00e+00	0.00e+00	0.00e+00	8.07e-01	1.24e-01	6.05e-02
 1.83622e+16	9.92e-01	8.17e-03	1.27e-13	0.00e+00	0.00e+00	0.00e+00	0.00e+00	0.00e+00	0.00e+00	8.06e-01	1.25e-01	6.06e-02
 1.83624e+16	9.92e-01	7.97e-03	1.22e-13	0.00e+00	0.00e+00	0.00e+00	0.00e+00	0.00e+00	0.00e+00	8.05e-01	1.26e-01	6.08e-02
 1.83626e+16	9.92e-01	7.77e-03	1.16e-13	0.00e+00	0.00e+00	0.00e+00	0.00e+00	0.00e+00	0.00e+00	8.04e-01	1.27e-01	6.09e-02
 1.83628e+16	9.92e-01	7.58e-03	1.11e-13	0.00e+00	0.00e+00	0.00e+00	0.00e+00	0.00e+00	0.00e+00	8.03e-01	1.29e-01	6.11e-02
 1.83630e+16	9.93e-01	7.37e-03	1.06e-13	0.00e+00	0.00e+00	0.00e+00	0.00e+00	0.00e+00	0.00e+00	8.02e-01	1.30e-01	6.12e-02
 1.83632e+16	9.93e-01	7.16e-03	1.01e-13	0.00e+00	0.00e+00	0.00e+00	0.00e+00	0.00e+00	0.00e+00	8.00e-01	1.31e-01	6.14e-02
