#depth	O	O+	O+2	O+3	O+4	O+5	O+6	O+7	O+8	O[1]	O[2]	O[3]
 1.87876e+11	4.28e-05	4.95e-02	9.50e-01	1.85e-04	0.00e+00	0.00e+00	0.00e+00	0.00e+00	0.00e+00	2.85e-05	1.00e-05	4.33e-06
 1.12726e+12	4.28e-05	4.95e-02	9.50e-01	1.84e-04	0.00e+00	0.00e+00	0.00e+00	0.00e+00	0.00e+00	2.85e-05	9.99e-06	4.33e-06
 4.88479e+12	4.29e-05	4.96e-02	9.50e-01	1.82e-04	0.00e+00	0.00e+00	0.00e+00	0.00e+00	0.00e+00	2.85e-05	1.00e-05	4.35e-06
 1.99149e+13	4.36e-05	4.99e-02	9.50e-01	1.70e-04	0.00e+00	0.00e+00	0.00e+00	0.00e+00	0.00e+00	2.89e-05	1.02e-05	4.43e-06
 4.75703e+13	4.40e-05	5.03e-02	9.49e-01	1.55e-04	0.00e+00	0.00e+00	0.00e+00	0.00e+00	0.00e+00	2.92e-05	1.03e-05	4.48e-06
 8.35224e+13	4.48e-05	5.10e-02	9.49e-01	1.37e-04	0.00e+00	0.00e+00	0.00e+00	0.00e+00	0.00e+00	2.97e-05	1.05e-05	4.57e-06
 1.30260e+14	4.62e-05	5.18e-02	9.48e-01	1.16e-04	0.00e+00	0.00e+00	0.00e+00	0.00e+00	0.00e+00	3.06e-05	1.08e-05	4.71e-06
 1.91019e+14	4.82e-05	5.30e-02	9.47e-01	9.30e-05	0.00e+00	0.00e+00	0.00e+00	0.00e+00	0.00e+00	3.20e-05	1.13e-05	4.91e-06
 2.70006e+14	5.12e-05	5.46e-02	9.45e-01	6.98e-05	0.00e+00	0.00e+00	0.00e+00	0.00e+00	0.00e+00	3.40e-05	1.20e-05	5.22e-06
 3.72688e+14	5.57e-05	5.68e-02	9.43e-01	4.79e-05	0.00e+00	0.00e+00	0.00e+00	0.00e+00	0.00e+00	3.70e-05	1.30e-05	5.67e-06
 5.06176e+14	6.24e-05	5.99e-02	9.40e-01	2.94e-05	0.00e+00	0.00e+00	0.00e+00	0.00e+00	0.00e+00	4.15e-05	1.46e-05	6.35e-06
 6.79709e+14	7.30e-05	6.43e-02	9.36e-01	1.56e-05	0.00e+00	0.00e+00	0.00e+00	0.00e+00	0.00e+00	4.86e-05	1.70e-05	7.41e-06
 9.05303e+14	9.00e-05	7.06e-02	9.29e-01	6.87e-06	0.00e+00	0.00e+00	0.00e+00	0.00e+00	0.00e+00	6.00e-05	2.09e-05	9.11e-06
 1.13480e+15	1.09e-04	7.70e-02	9.23e-01	3.05e-06	0.00e+00	0.00e+00	0.00e+00	0.00e+00	0.00e+00	7.26e-05	2.52e-05	1.10e-05
 1.32761e+15	1.29e-04	8.34e-02	9.16e-01	1.56e-06	0.00e+00	0.00e+00	0.00e+00	0.00e+00	0.00e+00	8.64e-05	2.99e-05	1.30e-05
 1.50808e+15	1.53e-04	9.00e-02	9.10e-01	8.33e-07	0.00e+00	0.00e+00	0.00e+00	0.00e+00	0.00e+00	1.02e-04	3.53e-05	1.54e-05
 1.71427e+15	1.89e-04	9.90e-02	9.01e-01	4.08e-07	0.00e+00	0.00e+00	0.00e+00	0.00e+00	0.00e+00	1.26e-04	4.34e-05	1.89e-05
 1.92350e+15	2.28e-04	1.08e-01	8.92e-01	2.06e-07	0.00e+00	0.00e+00	0.00e+00	0.00e+00	0.00e+00	1.53e-04	5.24e-05	2.29e-05
 2.09743e+15	2.69e-04	1.17e-01	8.83e-01	0.00e+00	0.00e+00	0.00e+00	0.00e+00	0.00e+00	0.00e+00	1.81e-04	6.18e-05	2.70e-05
 2.28426e+15	3.26e-04	1.28e-01	8.72e-01	0.00e+00	0.00e+00	0.00e+00	0.00e+00	0.00e+00	0.00e+00	2.19e-04	7.46e-05	3.26e-05
 2.48316e+15	3.94e-04	1.40e-01	8.60e-01	0.00e+00	0.00e+00	0.00e+00	0.00e+00	0.00e+00	0.00e+00	2.65e-04	9.02e-05	3.94e-05
 2.65960e+15	4.68e-04	1.52e-01	8.47e-01	0.00e+00	0.00e+00	0.00e+00	0.00e+00	0.00e+00	0.00e+00	3.14e-04	1.07e-04	4.66e-05
 2.82571e+15	5.51e-04	1.65e-01	8.35e-01	0.00e+00	0.00e+00	0.00e+00	0.00e+00	0.00e+00	0.00e+00	3.70e-04	1.26e-04	5.49e-05
 3.01651e+15	6.68e-04	1.81e-01	8.18e-01	0.00e+00	0.00e+00	0.00e+00	0.00e+00	0.00e+00	0.00e+00	4.49e-04	1.52e-04	6.65e-05
 3.21616e+15	8.10e-04	1.99e-01	8.00e-01	0.00e+00	0.00e+00	0.00e+00	0.00e+00	0.00e+00	0.00e+00	5.45e-04	1.85e-04	8.06e-05
 3.38629e+15	9.56e-04	2.16e-01	7.83e-01	0.00e+00	0.00e+00	0.00e+00	0.00e+00	0.00e+00	0.00e+00	6.43e-04	2.18e-04	9.50e-05
 3.56642e+15	1.15e-03	2.37e-01	7.62e-01	0.00e+00	0.00e+00	0.00e+00	0.00e+00	0.00e+00	0.00e+00	7.71e-04	2.61e-04	1.14e-04
 3.75905e+15	1.38e-03	2.60e-01	7.39e-01	0.00e+00	0.00e+00	0.00e+00	0.00e+00	0.00e+00	0.00e+00	9.30e-04	3.15e-04	1.37e-04
 3.92828e+15	1.63e-03	2.82e-01	7.16e-01	0.00e+00	0.00e+00	0.00e+00	0.00e+00	0.00e+00	0.00e+00	1.10e-03	3.72e-04	1.62e-04
 4.08422e+15	1.90e-03	3.05e-01	6.93e-01	0.00e+00	0.00e+00	0.00e+00	0.00e+00	0.00e+00	0.00e+00	1.28e-03	4.34e-04	1.89e-04
 4.26255e+15	2.27e-03	3.33e-01	6.65e-01	0.00e+00	0.00e+00	0.00e+00	0.00e+00	0.00e+00	0.00e+00	1.53e-03	5.19e-04	2.26e-04
 4.45433e+15	2.74e-03	3.65e-01	6.32e-01	0.00e+00	0.00e+00	0.00e+00	0.00e+00	0.00e+00	0.00e+00	1.84e-03	6.26e-04	2.73e-04
 4.62377e+15	3.23e-03	3.96e-01	6.01e-01	0.00e+00	0.00e+00	0.00e+00	0.00e+00	0.00e+00	0.00e+00	2.17e-03	7.39e-04	3.23e-04
 4.77974e+15	3.77e-03	4.25e-01	5.71e-01	0.00e+00	0.00e+00	0.00e+00	0.00e+00	0.00e+00	0.00e+00	2.53e-03	8.63e-04	3.76e-04
 4.95805e+15	4.48e-03	4.61e-01	5.34e-01	0.00e+00	0.00e+00	0.00e+00	0.00e+00	0.00e+00	0.00e+00	3.00e-03	1.03e-03	4.49e-04
 5.15311e+15	5.41e-03	5.02e-01	4.92e-01	0.00e+00	0.00e+00	0.00e+00	0.00e+00	0.00e+00	0.00e+00	3.62e-03	1.24e-03	5.43e-04
 5.32976e+15	6.43e-03	5.41e-01	4.53e-01	0.00e+00	0.00e+00	0.00e+00	0.00e+00	0.00e+00	0.00e+00	4.30e-03	1.48e-03	6.46e-04
 5.49328e+15	7.53e-03	5.77e-01	4.15e-01	0.00e+00	0.00e+00	0.00e+00	0.00e+00	0.00e+00	0.00e+00	5.04e-03	1.74e-03	7.59e-04
 5.67990e+15	9.01e-03	6.19e-01	3.71e-01	0.00e+00	0.00e+00	0.00e+00	0.00e+00	0.00e+00	0.00e+00	6.02e-03	2.08e-03	9.10e-04
 5.88778e+15	1.10e-02	6.66e-01	3.23e-01	0.00e+00	0.00e+00	0.00e+00	0.00e+00	0.00e+00	0.00e+00	7.34e-03	2.55e-03	1.12e-03
 6.07705e+15	1.33e-02	7.07e-01	2.80e-01	0.00e+00	0.00e+00	0.00e+00	0.00e+00	0.00e+00	0.00e+00	8.84e-03	3.09e-03	1.35e-03
 6.24268e+15	1.57e-02	7.41e-01	2.43e-01	0.00e+00	0.00e+00	0.00e+00	0.00e+00	0.00e+00	0.00e+00	1.04e-02	3.65e-03	1.59e-03
 6.42341e+15	1.87e-02	7.76e-01	2.05e-01	0.00e+00	0.00e+00	0.00e+00	0.00e+00	0.00e+00	0.00e+00	1.24e-02	4.38e-03	1.91e-03
 6.61942e+15	2.30e-02	8.10e-01	1.67e-01	0.00e+00	0.00e+00	0.00e+00	0.00e+00	0.00e+00	0.00e+00	1.52e-02	5.39e-03	2.35e-03
 6.79002e+15	2.78e-02	8.37e-01	1.35e-01	0.00e+00	0.00e+00	0.00e+00	0.00e+00	0.00e+00	0.00e+00	1.84e-02	6.53e-03	2.85e-03
 6.93503e+15	3.29e-02	8.56e-01	1.11e-01	0.00e+00	0.00e+00	0.00e+00	0.00e+00	0.00e+00	0.00e+00	2.18e-02	7.74e-03	3.37e-03
 7.08652e+15	3.94e-02	8.72e-01	8.82e-02	0.00e+00	0.00e+00	0.00e+00	0.00e+00	0.00e+00	0.00e+00	2.60e-02	9.29e-03	4.03e-03
 7.24999e+15	4.87e-02	8.85e-01	6.66e-02	0.00e+00	0.00e+00	0.00e+00	0.00e+00	0.00e+00	0.00e+00	3.22e-02	1.15e-02	4.99e-03
 7.39807e+15	6.05e-02	8.90e-01	4.94e-02	0.00e+00	0.00e+00	0.00e+00	0.00e+00	0.00e+00	0.00e+00	4.00e-02	1.43e-02	6.19e-03
 7.52162e+15	7.40e-02	8.89e-01	3.70e-02	0.00e+00	0.00e+00	0.00e+00	0.00e+00	0.00e+00	0.00e+00	4.89e-02	1.75e-02	7.56e-03
 7.61321e+15	8.76e-02	8.84e-01	2.88e-02	0.00e+00	0.00e+00	0.00e+00	0.00e+00	0.00e+00	0.00e+00	5.79e-02	2.07e-02	8.94e-03
 7.67632e+15	9.92e-02	8.77e-01	2.38e-02	0.00e+00	0.00e+00	0.00e+00	0.00e+00	0.00e+00	0.00e+00	6.57e-02	2.34e-02	1.01e-02
 7.73940e+15	1.13e-01	8.68e-01	1.94e-02	0.00e+00	0.00e+00	0.00e+00	0.00e+00	0.00e+00	0.00e+00	7.47e-02	2.66e-02	1.15e-02
 7.80807e+15	1.31e-01	8.54e-01	1.52e-02	0.00e+00	0.00e+00	0.00e+00	0.00e+00	0.00e+00	0.00e+00	8.69e-02	3.08e-02	1.33e-02
 7.86663e+15	1.51e-01	8.37e-01	1.20e-02	0.00e+00	0.00e+00	0.00e+00	0.00e+00	0.00e+00	0.00e+00	1.00e-01	3.54e-02	1.54e-02
 7.91291e+15	1.70e-01	8.20e-01	9.76e-03	0.00e+00	0.00e+00	0.00e+00	0.00e+00	0.00e+00	0.00e+00	1.13e-01	3.97e-02	1.73e-02
 7.95332e+15	1.90e-01	8.02e-01	8.03e-03	0.00e+00	0.00e+00	0.00e+00	0.00e+00	0.00e+00	0.00e+00	1.27e-01	4.41e-02	1.93e-02
 7.99853e+15	2.16e-01	7.78e-01	6.33e-03	0.00e+00	0.00e+00	0.00e+00	0.00e+00	0.00e+00	0.00e+00	1.44e-01	4.98e-02	2.18e-02
 8.04464e+15	2.48e-01	7.47e-01	4.85e-03	0.00e+00	0.00e+00	0.00e+00	0.00e+00	0.00e+00	0.00e+00	1.66e-01	5.67e-02	2.50e-02
 8.08025e+15	2.77e-01	7.19e-01	3.86e-03	0.00e+00	0.00e+00	0.00e+00	0.00e+00	0.00e+00	0.00e+00	1.86e-01	6.29e-02	2.79e-02
 8.10855e+15	3.04e-01	6.93e-01	3.17e-03	0.00e+00	0.00e+00	0.00e+00	0.00e+00	0.00e+00	0.00e+00	2.05e-01	6.85e-02	3.05e-02
 8.13899e+15	3.36e-01	6.62e-01	2.54e-03	0.00e+00	0.00e+00	0.00e+00	0.00e+00	0.00e+00	0.00e+00	2.27e-01	7.48e-02	3.36e-02
 8.17155e+15	3.73e-01	6.25e-01	1.97e-03	0.00e+00	0.00e+00	0.00e+00	0.00e+00	0.00e+00	0.00e+00	2.53e-01	8.20e-02	3.71e-02
 8.19901e+15	4.08e-01	5.91e-01	1.57e-03	0.00e+00	0.00e+00	0.00e+00	0.00e+00	0.00e+00	0.00e+00	2.79e-01	8.84e-02	4.04e-02
 8.22141e+15	4.38e-01	5.61e-01	1.28e-03	0.00e+00	0.00e+00	0.00e+00	0.00e+00	0.00e+00	0.00e+00	3.01e-01	9.38e-02	4.32e-02
 8.24137e+15	4.66e-01	5.32e-01	1.07e-03	0.00e+00	0.00e+00	0.00e+00	0.00e+00	0.00e+00	0.00e+00	3.22e-01	9.87e-02	4.58e-02
 8.26038e+15	4.94e-01	5.05e-01	8.88e-04	0.00e+00	0.00e+00	0.00e+00	0.00e+00	0.00e+00	0.00e+00	3.43e-01	1.03e-01	4.83e-02
 8.27819e+15	5.21e-01	4.79e-01	7.45e-04	0.00e+00	0.00e+00	0.00e+00	0.00e+00	0.00e+00	0.00e+00	3.63e-01	1.07e-01	5.06e-02
 8.29418e+15	5.45e-01	4.55e-01	6.34e-04	0.00e+00	0.00e+00	0.00e+00	0.00e+00	0.00e+00	0.00e+00	3.81e-01	1.11e-01	5.26e-02
 8.30869e+15	5.66e-01	4.33e-01	5.45e-04	0.00e+00	0.00e+00	0.00e+00	0.00e+00	0.00e+00	0.00e+00	3.98e-01	1.13e-01	5.44e-02
 8.32238e+15	5.87e-01	4.13e-01	4.72e-04	0.00e+00	0.00e+00	0.00e+00	0.00e+00	0.00e+00	0.00e+00	4.14e-01	1.16e-01	5.60e-02
 8.33333e+15	6.03e-01	3.97e-01	4.21e-04	0.00e+00	0.00e+00	0.00e+00	0.00e+00	0.00e+00	0.00e+00	4.27e-01	1.18e-01	5.73e-02
 8.34088e+15	6.14e-01	3.86e-01	3.88e-04	0.00e+00	0.00e+00	0.00e+00	0.00e+00	0.00e+00	0.00e+00	4.36e-01	1.19e-01	5.81e-02
 8.34788e+15	6.24e-01	3.76e-01	3.59e-04	0.00e+00	0.00e+00	0.00e+00	0.00e+00	0.00e+00	0.00e+00	4.45e-01	1.20e-01	5.89e-02
 8.35593e+15	6.36e-01	3.64e-01	3.28e-04	0.00e+00	0.00e+00	0.00e+00	0.00e+00	0.00e+00	0.00e+00	4.55e-01	1.21e-01	5.98e-02
 8.36462e+15	6.48e-01	3.52e-01	2.98e-04	0.00e+00	0.00e+00	0.00e+00	0.00e+00	0.00e+00	0.00e+00	4.65e-01	1.22e-01	6.07e-02
 8.37321e+15	6.60e-01	3.40e-01	2.70e-04	0.00e+00	0.00e+00	0.00e+00	0.00e+00	0.00e+00	0.00e+00	4.75e-01	1.24e-01	6.15e-02
 8.38154e+15	6.72e-01	3.28e-01	2.46e-04	0.00e+00	0.00e+00	0.00e+00	0.00e+00	0.00e+00	0.00e+00	4.85e-01	1.24e-01	6.23e-02
 8.38960e+15	6.83e-01	3.17e-01	2.24e-04	0.00e+00	0.00e+00	0.00e+00	0.00e+00	0.00e+00	0.00e+00	4.95e-01	1.25e-01	6.30e-02
 8.39769e+15	6.94e-01	3.06e-01	2.04e-04	0.00e+00	0.00e+00	0.00e+00	0.00e+00	0.00e+00	0.00e+00	5.04e-01	1.26e-01	6.37e-02
 8.40600e+15	7.05e-01	2.95e-01	1.85e-04	0.00e+00	0.00e+00	0.00e+00	0.00e+00	0.00e+00	0.00e+00	5.14e-01	1.27e-01	6.44e-02
 8.41428e+15	7.15e-01	2.85e-01	1.68e-04	0.00e+00	0.00e+00	0.00e+00	0.00e+00	0.00e+00	0.00e+00	5.23e-01	1.27e-01	6.50e-02
 8.42253e+15	7.26e-01	2.74e-01	1.52e-04	0.00e+00	0.00e+00	0.00e+00	0.00e+00	0.00e+00	0.00e+00	5.32e-01	1.28e-01	6.55e-02
 8.43084e+15	7.36e-01	2.64e-01	1.38e-04	0.00e+00	0.00e+00	0.00e+00	0.00e+00	0.00e+00	0.00e+00	5.42e-01	1.28e-01	6.61e-02
 8.43903e+15	7.46e-01	2.54e-01	1.25e-04	0.00e+00	0.00e+00	0.00e+00	0.00e+00	0.00e+00	0.00e+00	5.51e-01	1.28e-01	6.65e-02
 8.44720e+15	7.55e-01	2.45e-01	1.13e-04	0.00e+00	0.00e+00	0.00e+00	0.00e+00	0.00e+00	0.00e+00	5.60e-01	1.28e-01	6.70e-02
 8.45555e+15	7.65e-01	2.35e-01	1.03e-04	0.00e+00	0.00e+00	0.00e+00	0.00e+00	0.00e+00	0.00e+00	5.69e-01	1.28e-01	6.74e-02
 8.46397e+15	7.74e-01	2.26e-01	9.25e-05	0.00e+00	0.00e+00	0.00e+00	0.00e+00	0.00e+00	0.00e+00	5.78e-01	1.28e-01	6.77e-02
 8.47225e+15	7.83e-01	2.17e-01	8.36e-05	0.00e+00	0.00e+00	0.00e+00	0.00e+00	0.00e+00	0.00e+00	5.86e-01	1.28e-01	6.80e-02
 8.48048e+15	7.91e-01	2.09e-01	7.55e-05	0.00e+00	0.00e+00	0.00e+00	0.00e+00	0.00e+00	0.00e+00	5.95e-01	1.28e-01	6.83e-02
 8.48892e+15	8.00e-01	2.00e-01	6.80e-05	0.00e+00	0.00e+00	0.00e+00	0.00e+00	0.00e+00	0.00e+00	6.03e-01	1.28e-01	6.85e-02
 8.49746e+15	8.08e-01	1.92e-01	6.12e-05	0.00e+00	0.00e+00	0.00e+00	0.00e+00	0.00e+00	0.00e+00	6.12e-01	1.27e-01	6.87e-02
 8.50584e+15	8.16e-01	1.84e-01	5.51e-05	0.00e+00	0.00e+00	0.00e+00	0.00e+00	0.00e+00	0.00e+00	6.20e-01	1.27e-01	6.89e-02
 8.51419e+15	8.23e-01	1.77e-01	4.96e-05	0.00e+00	0.00e+00	0.00e+00	0.00e+00	0.00e+00	0.00e+00	6.27e-01	1.27e-01	6.90e-02
 8.52276e+15	8.30e-01	1.70e-01	4.46e-05	0.00e+00	0.00e+00	0.00e+00	0.00e+00	0.00e+00	0.00e+00	6.35e-01	1.26e-01	6.90e-02
 8.53144e+15	8.38e-01	1.62e-01	3.99e-05	0.00e+00	0.00e+00	0.00e+00	0.00e+00	0.00e+00	0.00e+00	6.43e-01	1.26e-01	6.91e-02
 8.53997e+15	8.44e-01	1.55e-01	3.58e-05	0.00e+00	0.00e+00	0.00e+00	0.00e+00	0.00e+00	0.00e+00	6.50e-01	1.25e-01	6.91e-02
 8.54846e+15	8.51e-01	1.49e-01	3.22e-05	0.00e+00	0.00e+00	0.00e+00	0.00e+00	0.00e+00	0.00e+00	6.57e-01	1.24e-01	6.91e-02
 8.55714e+15	8.57e-01	1.43e-01	2.88e-05	0.00e+00	0.00e+00	0.00e+00	0.00e+00	0.00e+00	0.00e+00	6.64e-01	1.24e-01	6.90e-02
 8.56591e+15	8.64e-01	1.36e-01	2.57e-05	0.00e+00	0.00e+00	0.00e+00	0.00e+00	0.00e+00	0.00e+00	6.72e-01	1.23e-01	6.89e-02
 8.57459e+15	8.69e-01	1.31e-01	2.30e-05	0.00e+00	0.00e+00	0.00e+00	0.00e+00	0.00e+00	0.00e+00	6.78e-01	1.22e-01	6.88e-02
 8.58313e+15	8.75e-01	1.25e-01	2.07e-05	0.00e+00	0.00e+00	0.00e+00	0.00e+00	0.00e+00	0.00e+00	6.85e-01	1.22e-01	6.87e-02
 8.59161e+15	8.80e-01	1.20e-01	1.85e-05	0.00e+00	0.00e+00	0.00e+00	0.00e+00	0.00e+00	0.00e+00	6.91e-01	1.21e-01	6.85e-02
 8.60009e+15	8.85e-01	1.15e-01	1.66e-05	0.00e+00	0.00e+00	0.00e+00	0.00e+00	0.00e+00	0.00e+00	6.97e-01	1.20e-01	6.83e-02
 8.60863e+15	8.90e-01	1.10e-01	1.49e-05	0.00e+00	0.00e+00	0.00e+00	0.00e+00	0.00e+00	0.00e+00	7.03e-01	1.19e-01	6.81e-02
 8.61717e+15	8.95e-01	1.05e-01	1.33e-05	0.00e+00	0.00e+00	0.00e+00	0.00e+00	0.00e+00	0.00e+00	7.08e-01	1.19e-01	6.79e-02
 8.62559e+15	8.99e-01	1.01e-01	1.20e-05	0.00e+00	0.00e+00	0.00e+00	0.00e+00	0.00e+00	0.00e+00	7.14e-01	1.18e-01	6.77e-02
 8.63392e+15	9.03e-01	9.66e-02	1.07e-05	0.00e+00	0.00e+00	0.00e+00	0.00e+00	0.00e+00	0.00e+00	7.19e-01	1.17e-01	6.75e-02
 8.64228e+15	9.07e-01	9.27e-02	9.63e-06	0.00e+00	0.00e+00	0.00e+00	0.00e+00	0.00e+00	0.00e+00	7.24e-01	1.16e-01	6.73e-02
 8.65071e+15	9.11e-01	8.88e-02	8.63e-06	0.00e+00	0.00e+00	0.00e+00	0.00e+00	0.00e+00	0.00e+00	7.29e-01	1.15e-01	6.70e-02
 8.65912e+15	9.15e-01	8.51e-02	7.74e-06	0.00e+00	0.00e+00	0.00e+00	0.00e+00	0.00e+00	0.00e+00	7.34e-01	1.15e-01	6.67e-02
 8.66739e+15	9.18e-01	8.16e-02	6.95e-06	0.00e+00	0.00e+00	0.00e+00	0.00e+00	0.00e+00	0.00e+00	7.38e-01	1.14e-01	6.64e-02
 8.67565e+15	9.22e-01	7.83e-02	6.25e-06	0.00e+00	0.00e+00	0.00e+00	0.00e+00	0.00e+00	0.00e+00	7.43e-01	1.13e-01	6.61e-02
 8.68392e+15	9.25e-01	7.52e-02	5.61e-06	0.00e+00	0.00e+00	0.00e+00	0.00e+00	0.00e+00	0.00e+00	7.47e-01	1.12e-01	6.58e-02
 8.69215e+15	9.28e-01	7.20e-02	5.04e-06	0.00e+00	0.00e+00	0.00e+00	0.00e+00	0.00e+00	0.00e+00	7.51e-01	1.11e-01	6.54e-02
 8.70050e+15	9.31e-01	6.91e-02	4.52e-06	0.00e+00	0.00e+00	0.00e+00	0.00e+00	0.00e+00	0.00e+00	7.55e-01	1.11e-01	6.51e-02
 8.70876e+15	9.34e-01	6.64e-02	4.07e-06	0.00e+00	0.00e+00	0.00e+00	0.00e+00	0.00e+00	0.00e+00	7.59e-01	1.10e-01	6.48e-02
 8.71691e+15	9.36e-01	6.37e-02	3.66e-06	0.00e+00	0.00e+00	0.00e+00	0.00e+00	0.00e+00	0.00e+00	7.63e-01	1.09e-01	6.45e-02
 8.72507e+15	9.39e-01	6.11e-02	3.29e-06	0.00e+00	0.00e+00	0.00e+00	0.00e+00	0.00e+00	0.00e+00	7.66e-01	1.09e-01	6.42e-02
 8.73329e+15	9.41e-01	5.87e-02	2.96e-06	0.00e+00	0.00e+00	0.00e+00	0.00e+00	0.00e+00	0.00e+00	7.70e-01	1.08e-01	6.39e-02
 8.74164e+15	9.44e-01	5.64e-02	2.66e-06	0.00e+00	0.00e+00	0.00e+00	0.00e+00	0.00e+00	0.00e+00	7.73e-01	1.07e-01	6.36e-02
 8.74996e+15	9.46e-01	5.41e-02	2.38e-06	0.00e+00	0.00e+00	0.00e+00	0.00e+00	0.00e+00	0.00e+00	7.76e-01	1.06e-01	6.32e-02
 8.75808e+15	9.48e-01	5.20e-02	2.15e-06	0.00e+00	0.00e+00	0.00e+00	0.00e+00	0.00e+00	0.00e+00	7.79e-01	1.06e-01	6.29e-02
 8.76615e+15	9.50e-01	4.99e-02	1.93e-06	0.00e+00	0.00e+00	0.00e+00	0.00e+00	0.00e+00	0.00e+00	7.82e-01	1.05e-01	6.26e-02
 8.77443e+15	9.52e-01	4.80e-02	1.74e-06	0.00e+00	0.00e+00	0.00e+00	0.00e+00	0.00e+00	0.00e+00	7.85e-01	1.05e-01	6.24e-02
 8.78278e+15	9.54e-01	4.61e-02	1.56e-06	0.00e+00	0.00e+00	0.00e+00	0.00e+00	0.00e+00	0.00e+00	7.88e-01	1.04e-01	6.20e-02
 8.79094e+15	9.56e-01	4.42e-02	1.41e-06	0.00e+00	0.00e+00	0.00e+00	0.00e+00	0.00e+00	0.00e+00	7.91e-01	1.03e-01	6.18e-02
 8.79899e+15	9.58e-01	4.25e-02	1.27e-06	0.00e+00	0.00e+00	0.00e+00	0.00e+00	0.00e+00	0.00e+00	7.93e-01	1.03e-01	6.15e-02
 8.80724e+15	9.59e-01	4.09e-02	1.14e-06	0.00e+00	0.00e+00	0.00e+00	0.00e+00	0.00e+00	0.00e+00	7.96e-01	1.02e-01	6.12e-02
 8.81561e+15	9.61e-01	3.92e-02	1.02e-06	0.00e+00	0.00e+00	0.00e+00	0.00e+00	0.00e+00	0.00e+00	7.98e-01	1.02e-01	6.09e-02
 8.82382e+15	9.62e-01	3.77e-02	9.22e-07	0.00e+00	0.00e+00	0.00e+00	0.00e+00	0.00e+00	0.00e+00	8.01e-01	1.01e-01	6.06e-02
 8.83184e+15	9.64e-01	3.62e-02	8.32e-07	0.00e+00	0.00e+00	0.00e+00	0.00e+00	0.00e+00	0.00e+00	8.03e-01	1.01e-01	6.04e-02
 8.83997e+15	9.65e-01	3.49e-02	7.51e-07	0.00e+00	0.00e+00	0.00e+00	0.00e+00	0.00e+00	0.00e+00	8.05e-01	1.00e-01	6.01e-02
 8.84826e+15	9.67e-01	3.35e-02	6.76e-07	0.00e+00	0.00e+00	0.00e+00	0.00e+00	0.00e+00	0.00e+00	8.07e-01	9.96e-02	5.99e-02
 8.85638e+15	9.68e-01	3.22e-02	6.09e-07	0.00e+00	0.00e+00	0.00e+00	0.00e+00	0.00e+00	0.00e+00	8.09e-01	9.91e-02	5.96e-02
 8.86442e+15	9.69e-01	3.09e-02	5.50e-07	0.00e+00	0.00e+00	0.00e+00	0.00e+00	0.00e+00	0.00e+00	8.11e-01	9.87e-02	5.94e-02
 8.87253e+15	9.70e-01	2.96e-02	4.96e-07	0.00e+00	0.00e+00	0.00e+00	0.00e+00	0.00e+00	0.00e+00	8.13e-01	9.82e-02	5.91e-02
 8.88083e+15	9.72e-01	2.85e-02	4.46e-07	0.00e+00	0.00e+00	0.00e+00	0.00e+00	0.00e+00	0.00e+00	8.15e-01	9.77e-02	5.89e-02
 8.88915e+15	9.73e-01	2.73e-02	4.01e-07	0.00e+00	0.00e+00	0.00e+00	0.00e+00	0.00e+00	0.00e+00	8.17e-01	9.73e-02	5.86e-02
 8.89723e+15	9.74e-01	2.63e-02	3.63e-07	0.00e+00	0.00e+00	0.00e+00	0.00e+00	0.00e+00	0.00e+00	8.18e-01	9.68e-02	5.84e-02
 8.90507e+15	9.75e-01	2.53e-02	3.29e-07	0.00e+00	0.00e+00	0.00e+00	0.00e+00	0.00e+00	0.00e+00	8.20e-01	9.64e-02	5.82e-02
 8.91279e+15	9.76e-01	2.43e-02	2.98e-07	0.00e+00	0.00e+00	0.00e+00	0.00e+00	0.00e+00	0.00e+00	8.22e-01	9.61e-02	5.80e-02
 8.92069e+15	9.77e-01	2.34e-02	2.70e-07	0.00e+00	0.00e+00	0.00e+00	0.00e+00	0.00e+00	0.00e+00	8.23e-01	9.57e-02	5.78e-02
 8.92885e+15	9.78e-01	2.24e-02	2.43e-07	0.00e+00	0.00e+00	0.00e+00	0.00e+00	0.00e+00	0.00e+00	8.25e-01	9.53e-02	5.75e-02
 8.93692e+15	9.79e-01	2.15e-02	2.20e-07	0.00e+00	0.00e+00	0.00e+00	0.00e+00	0.00e+00	0.00e+00	8.26e-01	9.49e-02	5.73e-02
 8.94469e+15	9.79e-01	2.06e-02	1.99e-07	0.00e+00	0.00e+00	0.00e+00	0.00e+00	0.00e+00	0.00e+00	8.28e-01	9.45e-02	5.71e-02
 8.95229e+15	9.80e-01	1.98e-02	1.81e-07	0.00e+00	0.00e+00	0.00e+00	0.00e+00	0.00e+00	0.00e+00	8.29e-01	9.41e-02	5.69e-02
 8.95981e+15	9.81e-01	1.90e-02	1.65e-07	0.00e+00	0.00e+00	0.00e+00	0.00e+00	0.00e+00	0.00e+00	8.31e-01	9.38e-02	5.67e-02
 8.96705e+15	9.82e-01	1.83e-02	1.51e-07	0.00e+00	0.00e+00	0.00e+00	0.00e+00	0.00e+00	0.00e+00	8.32e-01	9.34e-02	5.65e-02
 8.97372e+15	9.82e-01	1.77e-02	1.39e-07	0.00e+00	0.00e+00	0.00e+00	0.00e+00	0.00e+00	0.00e+00	8.33e-01	9.31e-02	5.63e-02
 8.97993e+15	9.83e-01	1.71e-02	1.28e-07	0.00e+00	0.00e+00	0.00e+00	0.00e+00	0.00e+00	0.00e+00	8.34e-01	9.28e-02	5.61e-02
 8.98574e+15	9.83e-01	1.65e-02	1.19e-07	0.00e+00	0.00e+00	0.00e+00	0.00e+00	0.00e+00	0.00e+00	8.35e-01	9.25e-02	5.59e-02
 8.99116e+15	9.84e-01	1.60e-02	1.12e-07	0.00e+00	0.00e+00	0.00e+00	0.00e+00	0.00e+00	0.00e+00	8.36e-01	9.22e-02	5.58e-02
 8.99632e+15	9.84e-01	1.55e-02	1.05e-07	0.00e+00	0.00e+00	0.00e+00	0.00e+00	0.00e+00	0.00e+00	8.37e-01	9.20e-02	5.56e-02
 9.00127e+15	9.85e-01	1.51e-02	9.86e-08	0.00e+00	0.00e+00	0.00e+00	0.00e+00	0.00e+00	0.00e+00	8.38e-01	9.17e-02	5.55e-02
 9.00599e+15	9.85e-01	1.47e-02	9.30e-08	0.00e+00	0.00e+00	0.00e+00	0.00e+00	0.00e+00	0.00e+00	8.39e-01	9.15e-02	5.53e-02
 9.01049e+15	9.86e-01	1.43e-02	8.79e-08	0.00e+00	0.00e+00	0.00e+00	0.00e+00	0.00e+00	0.00e+00	8.39e-01	9.12e-02	5.52e-02
 9.01479e+15	9.86e-01	1.39e-02	8.34e-08	0.00e+00	0.00e+00	0.00e+00	0.00e+00	0.00e+00	0.00e+00	8.40e-01	9.10e-02	5.50e-02
 9.01893e+15	9.86e-01	1.36e-02	7.92e-08	0.00e+00	0.00e+00	0.00e+00	0.00e+00	0.00e+00	0.00e+00	8.41e-01	9.07e-02	5.49e-02
 9.02295e+15	9.87e-01	1.32e-02	7.53e-08	0.00e+00	0.00e+00	0.00e+00	0.00e+00	0.00e+00	0.00e+00	8.42e-01	9.05e-02	5.47e-02
 9.02693e+15	9.87e-01	1.29e-02	7.16e-08	0.00e+00	0.00e+00	0.00e+00	0.00e+00	0.00e+00	0.00e+00	8.42e-01	9.03e-02	5.45e-02
 9.03087e+15	9.87e-01	1.25e-02	6.81e-08	0.00e+00	0.00e+00	0.00e+00	0.00e+00	0.00e+00	0.00e+00	8.43e-01	9.00e-02	5.44e-02
 9.03487e+15	9.88e-01	1.22e-02	6.48e-08	0.00e+00	0.00e+00	0.00e+00	0.00e+00	0.00e+00	0.00e+00	8.44e-01	8.98e-02	5.42e-02
 9.03891e+15	9.88e-01	1.18e-02	6.15e-08	0.00e+00	0.00e+00	0.00e+00	0.00e+00	0.00e+00	0.00e+00	8.45e-01	8.95e-02	5.40e-02
 9.04303e+15	9.89e-01	1.14e-02	5.83e-08	0.00e+00	0.00e+00	0.00e+00	0.00e+00	0.00e+00	0.00e+00	8.46e-01	8.92e-02	5.38e-02
 9.04718e+15	9.89e-01	1.11e-02	5.53e-08	0.00e+00	0.00e+00	0.00e+00	0.00e+00	0.00e+00	0.00e+00	8.46e-01	8.88e-02	5.36e-02
 9.05105e+15	9.89e-01	1.07e-02	5.25e-08	0.00e+00	0.00e+00	0.00e+00	0.00e+00	0.00e+00	0.00e+00	8.47e-01	8.85e-02	5.34e-02
 9.05450e+15	9.90e-01	1.04e-02	5.03e-08	0.00e+00	0.00e+00	0.00e+00	0.00e+00	0.00e+00	0.00e+00	8.48e-01	8.82e-02	5.32e-02
 9.05763e+15	9.90e-01	1.01e-02	4.82e-08	0.00e+00	0.00e+00	0.00e+00	0.00e+00	0.00e+00	0.00e+00	8.49e-01	8.80e-02	5.30e-02
 9.06058e+15	9.90e-01	9.86e-03	4.64e-08	0.00e+00	0.00e+00	0.00e+00	0.00e+00	0.00e+00	0.00e+00	8.50e-01	8.77e-02	5.28e-02
 9.06340e+15	9.90e-01	9.61e-03	4.46e-08	0.00e+00	0.00e+00	0.00e+00	0.00e+00	0.00e+00	0.00e+00	8.50e-01	8.74e-02	5.26e-02
 9.06607e+15	9.91e-01	9.36e-03	4.30e-08	0.00e+00	0.00e+00	0.00e+00	0.00e+00	0.00e+00	0.00e+00	8.51e-01	8.71e-02	5.23e-02
 9.06859e+15	9.91e-01	9.13e-03	4.15e-08	0.00e+00	0.00e+00	0.00e+00	0.00e+00	0.00e+00	0.00e+00	8.52e-01	8.69e-02	5.21e-02
 9.07094e+15	9.91e-01	8.92e-03	4.01e-08	0.00e+00	0.00e+00	0.00e+00	0.00e+00	0.00e+00	0.00e+00	8.53e-01	8.66e-02	5.19e-02
 9.07307e+15	9.91e-01	8.72e-03	3.89e-08	0.00e+00	0.00e+00	0.00e+00	0.00e+00	0.00e+00	0.00e+00	8.53e-01	8.63e-02	5.18e-02
 9.07501e+15	9.91e-01	8.55e-03	3.78e-08	0.00e+00	0.00e+00	0.00e+00	0.00e+00	0.00e+00	0.00e+00	8.54e-01	8.61e-02	5.16e-02
 9.07677e+15	9.92e-01	8.39e-03	3.69e-08	0.00e+00	0.00e+00	0.00e+00	0.00e+00	0.00e+00	0.00e+00	8.54e-01	8.59e-02	5.14e-02
 9.07838e+15	9.92e-01	8.25e-03	3.60e-08	0.00e+00	0.00e+00	0.00e+00	0.00e+00	0.00e+00	0.00e+00	8.55e-01	8.57e-02	5.13e-02
 9.07984e+15	9.92e-01	8.12e-03	3.52e-08	0.00e+00	0.00e+00	0.00e+00	0.00e+00	0.00e+00	0.00e+00	8.55e-01	8.55e-02	5.11e-02
 9.08117e+15	9.92e-01	8.00e-03	3.45e-08	0.00e+00	0.00e+00	0.00e+00	0.00e+00	0.00e+00	0.00e+00	8.56e-01	8.53e-02	5.10e-02
 9.08263e+15	9.92e-01	7.88e-03	3.37e-08	0.00e+00	0.00e+00	0.00e+00	0.00e+00	0.00e+00	0.00e+00	8.56e-01	8.51e-02	5.08e-02
 9.08421e+15	9.92e-01	7.73e-03	3.28e-08	0.00e+00	0.00e+00	0.00e+00	0.00e+00	0.00e+00	0.00e+00	8.57e-01	8.48e-02	5.07e-02
 9.08564e+15	9.92e-01	7.59e-03	3.20e-08	0.00e+00	0.00e+00	0.00e+00	0.00e+00	0.00e+00	0.00e+00	8.57e-01	8.46e-02	5.05e-02
 9.08694e+15	9.93e-01	7.46e-03	3.12e-08	0.00e+00	0.00e+00	0.00e+00	0.00e+00	0.00e+00	0.00e+00	8.58e-01	8.43e-02	5.04e-02
