#depth	He	He+	He+2
 1.87876e+11	1.93e-03	9.98e-01	4.34e-04
 1.12726e+12	1.93e-03	9.98e-01	4.34e-04
 4.88479e+12	1.94e-03	9.98e-01	4.30e-04
 1.99149e+13	1.95e-03	9.98e-01	4.12e-04
 4.75703e+13	1.96e-03	9.98e-01	3.95e-04
 8.35224e+13	1.98e-03	9.98e-01	3.65e-04
 1.30260e+14	2.01e-03	9.98e-01	3.22e-04
 1.91019e+14	2.04e-03	9.98e-01	2.69e-04
 2.70006e+14	2.09e-03	9.98e-01	2.09e-04
 3.72688e+14	2.16e-03	9.98e-01	1.49e-04
 5.06176e+14	2.26e-03	9.98e-01	9.37e-05
 6.79709e+14	2.39e-03	9.98e-01	5.11e-05
 9.05303e+14	2.58e-03	9.97e-01	2.33e-05
 1.13480e+15	2.77e-03	9.97e-01	1.04e-05
 1.32761e+15	2.95e-03	9.97e-01	5.37e-06
 1.50808e+15	3.14e-03	9.97e-01	2.91e-06
 1.71427e+15	3.38e-03	9.97e-01	1.45e-06
 1.92350e+15	3.62e-03	9.96e-01	7.30e-07
 2.09743e+15	3.84e-03	9.96e-01	4.16e-07
 2.28426e+15	4.12e-03	9.96e-01	2.29e-07
 2.48316e+15	4.41e-03	9.96e-01	1.24e-07
 2.65960e+15	4.68e-03	9.95e-01	7.25e-08
 2.82571e+15	4.97e-03	9.95e-01	4.43e-08
 3.01651e+15	5.33e-03	9.95e-01	2.54e-08
 3.21616e+15	5.72e-03	9.94e-01	1.46e-08
 3.38629e+15	6.08e-03	9.94e-01	9.24e-09
 3.56642e+15	6.50e-03	9.94e-01	5.72e-09
 3.75905e+15	6.97e-03	9.93e-01	3.53e-09
 3.92828e+15	7.41e-03	9.93e-01	2.36e-09
 4.08422e+15	7.85e-03	9.92e-01	1.64e-09
 4.26255e+15	8.41e-03	9.92e-01	1.09e-09
 4.45433e+15	9.04e-03	9.91e-01	7.31e-10
 4.62377e+15	9.64e-03	9.90e-01	5.24e-10
 4.77974e+15	1.02e-02	9.90e-01	3.89e-10
 4.95805e+15	1.10e-02	9.89e-01	2.81e-10
 5.15311e+15	1.19e-02	9.88e-01	2.04e-10
 5.32976e+15	1.28e-02	9.87e-01	1.57e-10
 5.49328e+15	1.37e-02	9.86e-01	1.25e-10
 5.67990e+15	1.49e-02	9.85e-01	9.76e-11
 5.88778e+15	1.63e-02	9.84e-01	7.75e-11
 6.07705e+15	1.78e-02	9.82e-01	6.48e-11
 6.24268e+15	1.93e-02	9.81e-01	5.67e-11
 6.42341e+15	2.12e-02	9.79e-01	4.98e-11
 6.61942e+15	2.36e-02	9.76e-01	4.50e-11
 6.79002e+15	2.62e-02	9.74e-01	4.23e-11
 6.93503e+15	2.89e-02	9.71e-01	4.10e-11
 7.08652e+15	3.22e-02	9.68e-01	4.06e-11
 7.24999e+15	3.66e-02	9.63e-01	4.14e-11
 7.39807e+15	4.19e-02	9.58e-01	4.36e-11
 7.52162e+15	4.77e-02	9.52e-01	4.76e-11
 7.61321e+15	5.33e-02	9.47e-01	5.21e-11
 7.67632e+15	5.80e-02	9.42e-01	5.60e-11
 7.73940e+15	6.35e-02	9.37e-01	6.16e-11
 7.80807e+15	7.06e-02	9.29e-01	6.98e-11
 7.86663e+15	7.82e-02	9.22e-01	7.96e-11
 7.91291e+15	8.53e-02	9.15e-01	9.01e-11
 7.95332e+15	9.27e-02	9.07e-01	1.02e-10
 7.99853e+15	1.02e-01	8.98e-01	1.18e-10
 8.04464e+15	1.14e-01	8.86e-01	1.41e-10
 8.08025e+15	1.25e-01	8.75e-01	1.66e-10
 8.10855e+15	1.35e-01	8.65e-01	1.88e-10
 8.13899e+15	1.47e-01	8.53e-01	2.20e-10
 8.17155e+15	1.61e-01	8.39e-01	2.67e-10
 8.19901e+15	1.75e-01	8.25e-01	3.15e-10
 8.22141e+15	1.88e-01	8.12e-01	3.62e-10
 8.24137e+15	2.01e-01	7.99e-01	4.10e-10
 8.26038e+15	2.14e-01	7.86e-01	4.65e-10
 8.27819e+15	2.27e-01	7.73e-01	5.24e-10
 8.29418e+15	2.39e-01	7.61e-01	5.84e-10
 8.30869e+15	2.51e-01	7.49e-01	6.45e-10
 8.32238e+15	2.63e-01	7.37e-01	7.10e-10
 8.33333e+15	2.72e-01	7.28e-01	7.63e-10
 8.34088e+15	2.80e-01	7.20e-01	8.02e-10
 8.34788e+15	2.86e-01	7.14e-01	8.40e-10
 8.35593e+15	2.95e-01	7.05e-01	8.83e-10
 8.36462e+15	3.03e-01	6.97e-01	9.38e-10
 8.37321e+15	3.12e-01	6.88e-01	9.91e-10
 8.38154e+15	3.21e-01	6.79e-01	1.04e-09
 8.38960e+15	3.30e-01	6.70e-01	1.10e-09
 8.39769e+15	3.39e-01	6.61e-01	1.16e-09
 8.40600e+15	3.49e-01	6.51e-01	1.21e-09
 8.41428e+15	3.59e-01	6.41e-01	1.28e-09
 8.42253e+15	3.69e-01	6.31e-01	1.34e-09
 8.43084e+15	3.79e-01	6.21e-01	1.41e-09
 8.43903e+15	3.89e-01	6.11e-01	1.48e-09
 8.44720e+15	4.00e-01	6.00e-01	1.55e-09
 8.45555e+15	4.11e-01	5.89e-01	1.62e-09
 8.46397e+15	4.22e-01	5.78e-01	1.69e-09
 8.47225e+15	4.33e-01	5.67e-01	1.77e-09
 8.48048e+15	4.44e-01	5.56e-01	1.85e-09
 8.48892e+15	4.56e-01	5.44e-01	1.93e-09
 8.49746e+15	4.68e-01	5.32e-01	2.00e-09
 8.50584e+15	4.80e-01	5.20e-01	2.08e-09
 8.51419e+15	4.92e-01	5.08e-01	2.17e-09
 8.52276e+15	5.04e-01	4.96e-01	2.25e-09
 8.53144e+15	5.17e-01	4.83e-01	2.33e-09
 8.53997e+15	5.29e-01	4.71e-01	2.42e-09
 8.54846e+15	5.41e-01	4.59e-01	2.50e-09
 8.55714e+15	5.54e-01	4.46e-01	2.59e-09
 8.56591e+15	5.67e-01	4.33e-01	2.67e-09
 8.57459e+15	5.79e-01	4.21e-01	2.75e-09
 8.58313e+15	5.91e-01	4.09e-01	2.83e-09
 8.59161e+15	6.03e-01	3.97e-01	2.91e-09
 8.60009e+15	6.16e-01	3.84e-01	2.99e-09
 8.60863e+15	6.28e-01	3.72e-01	3.06e-09
 8.61717e+15	6.39e-01	3.61e-01	3.14e-09
 8.62559e+15	6.51e-01	3.49e-01	3.21e-09
 8.63392e+15	6.62e-01	3.38e-01	3.28e-09
 8.64228e+15	6.73e-01	3.27e-01	3.35e-09
 8.65071e+15	6.85e-01	3.15e-01	3.41e-09
 8.65912e+15	6.95e-01	3.05e-01	3.48e-09
 8.66739e+15	7.06e-01	2.94e-01	3.54e-09
 8.67565e+15	7.16e-01	2.84e-01	3.60e-09
 8.68392e+15	7.26e-01	2.74e-01	3.66e-09
 8.69215e+15	7.36e-01	2.64e-01	3.70e-09
 8.70050e+15	7.46e-01	2.54e-01	3.75e-09
 8.70876e+15	7.55e-01	2.45e-01	3.80e-09
 8.71691e+15	7.64e-01	2.36e-01	3.85e-09
 8.72507e+15	7.73e-01	2.27e-01	3.88e-09
 8.73329e+15	7.82e-01	2.18e-01	3.92e-09
 8.74164e+15	7.90e-01	2.10e-01	3.96e-09
 8.74996e+15	7.98e-01	2.02e-01	4.00e-09
 8.75808e+15	8.06e-01	1.94e-01	4.03e-09
 8.76615e+15	8.13e-01	1.87e-01	4.05e-09
 8.77443e+15	8.21e-01	1.79e-01	4.08e-09
 8.78278e+15	8.28e-01	1.72e-01	4.11e-09
 8.79094e+15	8.35e-01	1.65e-01	4.13e-09
 8.79899e+15	8.41e-01	1.59e-01	4.13e-09
 8.80724e+15	8.48e-01	1.52e-01	4.16e-09
 8.81561e+15	8.54e-01	1.46e-01	4.17e-09
 8.82382e+15	8.60e-01	1.40e-01	4.18e-09
 8.83184e+15	8.66e-01	1.34e-01	4.18e-09
 8.83997e+15	8.71e-01	1.29e-01	4.20e-09
 8.84826e+15	8.76e-01	1.24e-01	4.20e-09
 8.85638e+15	8.82e-01	1.18e-01	4.21e-09
 8.86442e+15	8.86e-01	1.14e-01	4.20e-09
 8.87253e+15	8.91e-01	1.09e-01	4.18e-09
 8.88083e+15	8.96e-01	1.04e-01	4.18e-09
 8.88915e+15	9.00e-01	9.97e-02	4.18e-09
 8.89723e+15	9.04e-01	9.56e-02	4.17e-09
 8.90507e+15	9.08e-01	9.18e-02	4.17e-09
 8.91279e+15	9.12e-01	8.81e-02	4.16e-09
 8.92069e+15	9.16e-01	8.44e-02	4.13e-09
 8.92885e+15	9.19e-01	8.08e-02	4.12e-09
 8.93692e+15	9.23e-01	7.74e-02	4.10e-09
 8.94469e+15	9.26e-01	7.43e-02	4.08e-09
 8.95229e+15	9.29e-01	7.13e-02	4.06e-09
 8.95981e+15	9.32e-01	6.84e-02	4.03e-09
 8.96705e+15	9.34e-01	6.58e-02	4.01e-09
 8.97372e+15	9.36e-01	6.36e-02	3.99e-09
 8.97993e+15	9.39e-01	6.14e-02	3.96e-09
 8.98574e+15	9.40e-01	5.95e-02	3.94e-09
 8.99116e+15	9.42e-01	5.78e-02	3.91e-09
 8.99632e+15	9.44e-01	5.62e-02	3.88e-09
 9.00127e+15	9.45e-01	5.46e-02	3.85e-09
 9.00599e+15	9.47e-01	5.32e-02	3.82e-09
 9.01049e+15	9.48e-01	5.19e-02	3.79e-09
 9.01479e+15	9.49e-01	5.07e-02	3.76e-09
 9.01893e+15	9.50e-01	4.95e-02	3.74e-09
 9.02295e+15	9.52e-01	4.84e-02	3.71e-09
 9.02693e+15	9.53e-01	4.73e-02	3.68e-09
 9.03087e+15	9.54e-01	4.63e-02	3.64e-09
 9.03487e+15	9.55e-01	4.52e-02	3.61e-09
 9.03891e+15	9.56e-01	4.42e-02	3.57e-09
 9.04303e+15	9.57e-01	4.32e-02	3.54e-09
 9.04718e+15	9.58e-01	4.21e-02	3.49e-09
 9.05105e+15	9.59e-01	4.12e-02	3.45e-09
 9.05450e+15	9.60e-01	4.04e-02	3.42e-09
 9.05763e+15	9.60e-01	3.97e-02	3.38e-09
 9.06058e+15	9.61e-01	3.90e-02	3.34e-09
 9.06340e+15	9.62e-01	3.83e-02	3.30e-09
 9.06607e+15	9.62e-01	3.77e-02	3.27e-09
 9.06859e+15	9.63e-01	3.71e-02	3.23e-09
 9.07094e+15	9.63e-01	3.65e-02	3.19e-09
 9.07307e+15	9.64e-01	3.60e-02	3.16e-09
 9.07501e+15	9.64e-01	3.55e-02	3.13e-09
 9.07677e+15	9.65e-01	3.51e-02	3.10e-09
 9.07838e+15	9.65e-01	3.48e-02	3.07e-09
 9.07984e+15	9.66e-01	3.44e-02	3.05e-09
 9.08117e+15	9.66e-01	3.41e-02	3.03e-09
 9.08263e+15	9.66e-01	3.37e-02	3.00e-09
 9.08421e+15	9.67e-01	3.34e-02	2.97e-09
 9.08564e+15	9.67e-01	3.30e-02	2.95e-09
 9.08694e+15	9.67e-01	3.28e-02	2.94e-09
