#depth	H	H+	H2
 1.87876e+11	1.32e-03	9.99e-01	1.27e-12
 1.12726e+12	1.31e-03	9.99e-01	1.27e-12
 4.88479e+12	1.32e-03	9.99e-01	1.27e-12
 1.99149e+13	1.32e-03	9.99e-01	1.29e-12
 4.75703e+13	1.31e-03	9.99e-01	1.30e-12
 8.35224e+13	1.31e-03	9.99e-01	1.33e-12
 1.30260e+14	1.31e-03	9.99e-01	1.37e-12
 1.91019e+14	1.32e-03	9.99e-01	1.44e-12
 2.70006e+14	1.35e-03	9.99e-01	1.53e-12
 3.72688e+14	1.38e-03	9.99e-01	1.66e-12
 5.06176e+14	1.44e-03	9.99e-01	1.86e-12
 6.79709e+14	1.53e-03	9.98e-01	2.16e-12
 9.05303e+14	1.66e-03	9.98e-01	2.63e-12
 1.13480e+15	1.79e-03	9.98e-01	3.18e-12
 1.32761e+15	1.93e-03	9.98e-01	3.73e-12
 1.50808e+15	2.08e-03	9.98e-01	4.31e-12
 1.71427e+15	2.28e-03	9.98e-01	5.10e-12
 1.92350e+15	2.47e-03	9.98e-01	5.97e-12
 2.09743e+15	2.66e-03	9.97e-01	6.79e-12
 2.28426e+15	2.89e-03	9.97e-01	7.73e-12
 2.48316e+15	3.13e-03	9.97e-01	8.83e-12
 2.65960e+15	3.37e-03	9.97e-01	9.88e-12
 2.82571e+15	3.61e-03	9.96e-01	1.09e-11
 3.01651e+15	3.92e-03	9.96e-01	1.20e-11
 3.21616e+15	4.25e-03	9.96e-01	1.34e-11
 3.38629e+15	4.56e-03	9.95e-01	1.46e-11
 3.56642e+15	4.92e-03	9.95e-01	1.57e-11
 3.75905e+15	5.32e-03	9.95e-01	1.70e-11
 3.92828e+15	5.70e-03	9.94e-01	1.82e-11
 4.08422e+15	6.09e-03	9.94e-01	1.93e-11
 4.26255e+15	6.56e-03	9.93e-01	2.02e-11
 4.45433e+15	7.12e-03	9.93e-01	2.15e-11
 4.62377e+15	7.66e-03	9.92e-01	2.27e-11
 4.77974e+15	8.20e-03	9.92e-01	2.37e-11
 4.95805e+15	8.89e-03	9.91e-01	2.44e-11
 5.15311e+15	9.73e-03	9.90e-01	2.56e-11
 5.32976e+15	1.06e-02	9.89e-01	2.68e-11
 5.49328e+15	1.15e-02	9.88e-01	2.77e-11
 5.67990e+15	1.27e-02	9.87e-01	2.82e-11
 5.88778e+15	1.43e-02	9.86e-01	2.93e-11
 6.07705e+15	1.60e-02	9.84e-01	3.07e-11
 6.24268e+15	1.79e-02	9.82e-01	3.19e-11
 6.42341e+15	2.02e-02	9.80e-01	3.23e-11
 6.61942e+15	2.34e-02	9.77e-01	3.37e-11
 6.79002e+15	2.72e-02	9.73e-01	3.58e-11
 6.93503e+15	3.11e-02	9.69e-01	3.76e-11
 7.08652e+15	3.62e-02	9.64e-01	3.88e-11
 7.24999e+15	4.36e-02	9.56e-01	4.15e-11
 7.39807e+15	5.30e-02	9.47e-01	4.55e-11
 7.52162e+15	6.39e-02	9.36e-01	5.04e-11
 7.61321e+15	7.50e-02	9.25e-01	5.62e-11
 7.67632e+15	8.46e-02	9.15e-01	6.09e-11
 7.73940e+15	9.58e-02	9.04e-01	6.53e-11
 7.80807e+15	1.11e-01	8.89e-01	7.23e-11
 7.86663e+15	1.28e-01	8.72e-01	8.07e-11
 7.91291e+15	1.44e-01	8.56e-01	8.89e-11
 7.95332e+15	1.61e-01	8.39e-01	9.74e-11
 7.99853e+15	1.84e-01	8.16e-01	1.08e-10
 8.04464e+15	2.12e-01	7.88e-01	1.24e-10
 8.08025e+15	2.38e-01	7.62e-01	1.39e-10
 8.10855e+15	2.62e-01	7.38e-01	1.53e-10
 8.13899e+15	2.91e-01	7.09e-01	1.71e-10
 8.17155e+15	3.25e-01	6.75e-01	1.92e-10
 8.19901e+15	3.58e-01	6.42e-01	2.15e-10
 8.22141e+15	3.87e-01	6.13e-01	2.37e-10
 8.24137e+15	4.14e-01	5.86e-01	2.58e-10
 8.26038e+15	4.41e-01	5.59e-01	2.80e-10
 8.27819e+15	4.67e-01	5.33e-01	3.03e-10
 8.29418e+15	4.91e-01	5.09e-01	3.25e-10
 8.30869e+15	5.13e-01	4.87e-01	3.47e-10
 8.32238e+15	5.33e-01	4.67e-01	3.68e-10
 8.33333e+15	5.50e-01	4.50e-01	3.86e-10
 8.34088e+15	5.61e-01	4.39e-01	4.00e-10
 8.34788e+15	5.72e-01	4.28e-01	4.12e-10
 8.35593e+15	5.84e-01	4.16e-01	4.29e-10
 8.36462e+15	5.97e-01	4.03e-01	4.44e-10
 8.37321e+15	6.10e-01	3.90e-01	4.62e-10
 8.38154e+15	6.22e-01	3.78e-01	4.80e-10
 8.38960e+15	6.34e-01	3.66e-01	4.97e-10
 8.39769e+15	6.45e-01	3.55e-01	5.15e-10
 8.40600e+15	6.58e-01	3.42e-01	5.35e-10
 8.41428e+15	6.69e-01	3.31e-01	5.54e-10
 8.42253e+15	6.80e-01	3.20e-01	5.75e-10
 8.43084e+15	6.91e-01	3.09e-01	5.98e-10
 8.43903e+15	7.02e-01	2.98e-01	6.20e-10
 8.44720e+15	7.12e-01	2.88e-01	6.41e-10
 8.45555e+15	7.23e-01	2.77e-01	6.67e-10
 8.46397e+15	7.33e-01	2.67e-01	6.93e-10
 8.47225e+15	7.43e-01	2.57e-01	7.19e-10
 8.48048e+15	7.52e-01	2.48e-01	7.44e-10
 8.48892e+15	7.62e-01	2.38e-01	7.74e-10
 8.49746e+15	7.71e-01	2.29e-01	8.05e-10
 8.50584e+15	7.80e-01	2.20e-01	8.36e-10
 8.51419e+15	7.88e-01	2.12e-01	8.65e-10
 8.52276e+15	7.97e-01	2.03e-01	9.01e-10
 8.53144e+15	8.05e-01	1.95e-01	9.39e-10
 8.53997e+15	8.13e-01	1.87e-01	9.76e-10
 8.54846e+15	8.21e-01	1.79e-01	1.01e-09
 8.55714e+15	8.28e-01	1.72e-01	1.05e-09
 8.56591e+15	8.35e-01	1.65e-01	1.10e-09
 8.57459e+15	8.42e-01	1.58e-01	1.14e-09
 8.58313e+15	8.48e-01	1.52e-01	1.19e-09
 8.59161e+15	8.55e-01	1.45e-01	1.24e-09
 8.60009e+15	8.61e-01	1.39e-01	1.29e-09
 8.60863e+15	8.66e-01	1.34e-01	1.34e-09
 8.61717e+15	8.72e-01	1.28e-01	1.39e-09
 8.62559e+15	8.77e-01	1.23e-01	1.46e-09
 8.63392e+15	8.82e-01	1.18e-01	1.52e-09
 8.64228e+15	8.87e-01	1.13e-01	1.57e-09
 8.65071e+15	8.91e-01	1.09e-01	1.64e-09
 8.65912e+15	8.96e-01	1.04e-01	1.70e-09
 8.66739e+15	9.00e-01	1.00e-01	1.78e-09
 8.67565e+15	9.04e-01	9.61e-02	1.86e-09
 8.68392e+15	9.08e-01	9.25e-02	1.92e-09
 8.69215e+15	9.11e-01	8.86e-02	2.02e-09
 8.70050e+15	9.15e-01	8.51e-02	2.12e-09
 8.70876e+15	9.18e-01	8.18e-02	2.19e-09
 8.71691e+15	9.21e-01	7.86e-02	2.30e-09
 8.72507e+15	9.24e-01	7.55e-02	2.41e-09
 8.73329e+15	9.27e-01	7.25e-02	2.52e-09
 8.74164e+15	9.30e-01	6.98e-02	2.61e-09
 8.74996e+15	9.33e-01	6.70e-02	2.74e-09
 8.75808e+15	9.36e-01	6.44e-02	2.88e-09
 8.76615e+15	9.38e-01	6.19e-02	3.03e-09
 8.77443e+15	9.40e-01	5.96e-02	3.15e-09
 8.78278e+15	9.43e-01	5.72e-02	3.32e-09
 8.79094e+15	9.45e-01	5.50e-02	3.49e-09
 8.79899e+15	9.47e-01	5.28e-02	3.68e-09
 8.80724e+15	9.49e-01	5.09e-02	3.82e-09
 8.81561e+15	9.51e-01	4.88e-02	4.07e-09
 8.82382e+15	9.53e-01	4.70e-02	4.31e-09
 8.83184e+15	9.55e-01	4.51e-02	4.57e-09
 8.83997e+15	9.56e-01	4.35e-02	4.79e-09
 8.84826e+15	9.58e-01	4.18e-02	5.09e-09
 8.85638e+15	9.60e-01	4.02e-02	5.42e-09
 8.86442e+15	9.61e-01	3.86e-02	5.79e-09
 8.87253e+15	9.63e-01	3.71e-02	6.21e-09
 8.88083e+15	9.64e-01	3.56e-02	6.65e-09
 8.88915e+15	9.66e-01	3.42e-02	7.12e-09
 8.89723e+15	9.67e-01	3.29e-02	7.71e-09
 8.90507e+15	9.68e-01	3.17e-02	8.31e-09
 8.91279e+15	9.69e-01	3.05e-02	8.93e-09
 8.92069e+15	9.71e-01	2.94e-02	9.73e-09
 8.92885e+15	9.72e-01	2.82e-02	1.07e-08
 8.93692e+15	9.73e-01	2.70e-02	1.18e-08
 8.94469e+15	9.74e-01	2.60e-02	1.31e-08
 8.95229e+15	9.75e-01	2.50e-02	1.45e-08
 8.95981e+15	9.76e-01	2.40e-02	1.63e-08
 8.96705e+15	9.77e-01	2.31e-02	1.83e-08
 8.97372e+15	9.78e-01	2.23e-02	2.04e-08
 8.97993e+15	9.78e-01	2.16e-02	2.29e-08
 8.98574e+15	9.79e-01	2.09e-02	2.56e-08
 8.99116e+15	9.80e-01	2.03e-02	2.86e-08
 8.99632e+15	9.80e-01	1.97e-02	3.19e-08
 9.00127e+15	9.81e-01	1.92e-02	3.57e-08
 9.00599e+15	9.81e-01	1.87e-02	3.99e-08
 9.01049e+15	9.82e-01	1.82e-02	4.45e-08
 9.01479e+15	9.82e-01	1.77e-02	4.97e-08
 9.01893e+15	9.83e-01	1.73e-02	5.53e-08
 9.02295e+15	9.83e-01	1.69e-02	6.15e-08
 9.02693e+15	9.84e-01	1.64e-02	6.84e-08
 9.03087e+15	9.84e-01	1.60e-02	7.57e-08
 9.03487e+15	9.84e-01	1.56e-02	8.42e-08
 9.03891e+15	9.85e-01	1.52e-02	9.31e-08
 9.04303e+15	9.85e-01	1.47e-02	1.02e-07
 9.04718e+15	9.86e-01	1.42e-02	1.11e-07
 9.05105e+15	9.86e-01	1.38e-02	1.19e-07
 9.05450e+15	9.87e-01	1.35e-02	1.25e-07
 9.05763e+15	9.87e-01	1.31e-02	1.29e-07
 9.06058e+15	9.87e-01	1.28e-02	1.33e-07
 9.06340e+15	9.88e-01	1.25e-02	1.36e-07
 9.06607e+15	9.88e-01	1.22e-02	1.39e-07
 9.06859e+15	9.88e-01	1.19e-02	1.41e-07
 9.07094e+15	9.88e-01	1.17e-02	1.43e-07
 9.07307e+15	9.89e-01	1.14e-02	1.44e-07
 9.07501e+15	9.89e-01	1.12e-02	1.46e-07
 9.07677e+15	9.89e-01	1.10e-02	1.47e-07
 9.07838e+15	9.89e-01	1.09e-02	1.49e-07
 9.07984e+15	9.89e-01	1.07e-02	1.50e-07
 9.08117e+15	9.89e-01	1.06e-02	1.51e-07
 9.08263e+15	9.90e-01	1.04e-02	1.52e-07
 9.08421e+15	9.90e-01	1.02e-02	1.54e-07
 9.08564e+15	9.90e-01	1.01e-02	1.55e-07
 9.08694e+15	9.90e-01	9.92e-03	1.57e-07
