#depth	O	O+	O+2	O+3	O+4	O+5	O+6	O+7	O+8	O[1]	O[2]	O[3]
 3.69394e+11	8.86e-06	1.57e-02	9.81e-01	3.12e-03	0.00e+00	0.00e+00	0.00e+00	0.00e+00	0.00e+00	5.98e-06	1.98e-06	8.96e-07
 2.21637e+12	8.86e-06	1.57e-02	9.81e-01	3.11e-03	0.00e+00	0.00e+00	0.00e+00	0.00e+00	0.00e+00	5.98e-06	1.98e-06	8.95e-07
 9.60425e+12	8.86e-06	1.57e-02	9.81e-01	3.06e-03	0.00e+00	0.00e+00	0.00e+00	0.00e+00	0.00e+00	5.98e-06	1.98e-06	8.96e-07
 3.91558e+13	8.90e-06	1.58e-02	9.81e-01	2.89e-03	0.00e+00	0.00e+00	0.00e+00	0.00e+00	0.00e+00	6.00e-06	1.99e-06	9.01e-07
 9.35306e+13	8.92e-06	1.58e-02	9.82e-01	2.65e-03	0.00e+00	0.00e+00	0.00e+00	0.00e+00	0.00e+00	6.02e-06	2.00e-06	9.04e-07
 1.64218e+14	8.98e-06	1.59e-02	9.82e-01	2.37e-03	0.00e+00	0.00e+00	0.00e+00	0.00e+00	0.00e+00	6.05e-06	2.01e-06	9.09e-07
 2.56111e+14	9.06e-06	1.60e-02	9.82e-01	2.03e-03	0.00e+00	0.00e+00	0.00e+00	0.00e+00	0.00e+00	6.10e-06	2.03e-06	9.18e-07
 3.75573e+14	9.16e-06	1.61e-02	9.82e-01	1.66e-03	0.00e+00	0.00e+00	0.00e+00	0.00e+00	0.00e+00	6.17e-06	2.06e-06	9.29e-07
 5.30873e+14	9.31e-06	1.63e-02	9.82e-01	1.27e-03	0.00e+00	0.00e+00	0.00e+00	0.00e+00	0.00e+00	6.27e-06	2.09e-06	9.44e-07
 7.32763e+14	9.51e-06	1.65e-02	9.83e-01	8.96e-04	0.00e+00	0.00e+00	0.00e+00	0.00e+00	0.00e+00	6.40e-06	2.14e-06	9.64e-07
 9.95220e+14	9.77e-06	1.68e-02	9.83e-01	5.67e-04	0.00e+00	0.00e+00	0.00e+00	0.00e+00	0.00e+00	6.58e-06	2.20e-06	9.92e-07
 1.33641e+15	1.01e-05	1.71e-02	9.83e-01	3.14e-04	0.00e+00	0.00e+00	0.00e+00	0.00e+00	0.00e+00	6.82e-06	2.28e-06	1.03e-06
 1.77997e+15	1.06e-05	1.76e-02	9.82e-01	1.49e-04	0.00e+00	0.00e+00	0.00e+00	0.00e+00	0.00e+00	7.16e-06	2.40e-06	1.08e-06
 2.35658e+15	1.14e-05	1.82e-02	9.82e-01	6.01e-05	0.00e+00	0.00e+00	0.00e+00	0.00e+00	0.00e+00	7.64e-06	2.57e-06	1.15e-06
 3.10619e+15	1.24e-05	1.90e-02	9.81e-01	2.23e-05	0.00e+00	0.00e+00	0.00e+00	0.00e+00	0.00e+00	8.31e-06	2.80e-06	1.26e-06
 4.08067e+15	1.39e-05	2.00e-02	9.80e-01	9.71e-06	0.00e+00	0.00e+00	0.00e+00	0.00e+00	0.00e+00	9.31e-06	3.14e-06	1.41e-06
 5.34750e+15	1.61e-05	2.14e-02	9.79e-01	6.18e-06	0.00e+00	0.00e+00	0.00e+00	0.00e+00	0.00e+00	1.08e-05	3.66e-06	1.64e-06
 6.99438e+15	1.98e-05	2.34e-02	9.77e-01	4.92e-06	0.00e+00	0.00e+00	0.00e+00	0.00e+00	0.00e+00	1.33e-05	4.49e-06	2.02e-06
 8.94595e+15	2.53e-05	2.59e-02	9.74e-01	4.12e-06	0.00e+00	0.00e+00	0.00e+00	0.00e+00	0.00e+00	1.70e-05	5.75e-06	2.58e-06
 1.09874e+16	3.31e-05	2.89e-02	9.71e-01	3.51e-06	0.00e+00	0.00e+00	0.00e+00	0.00e+00	0.00e+00	2.22e-05	7.53e-06	3.38e-06
 1.26085e+16	4.13e-05	3.16e-02	9.68e-01	3.11e-06	0.00e+00	0.00e+00	0.00e+00	0.00e+00	0.00e+00	2.77e-05	9.39e-06	4.21e-06
 1.36008e+16	4.77e-05	3.34e-02	9.67e-01	2.90e-06	0.00e+00	0.00e+00	0.00e+00	0.00e+00	0.00e+00	3.20e-05	1.09e-05	4.87e-06
 1.45019e+16	5.80e-05	3.62e-02	9.64e-01	2.69e-06	0.00e+00	0.00e+00	0.00e+00	0.00e+00	0.00e+00	3.88e-05	1.33e-05	5.92e-06
 1.53878e+16	6.70e-05	3.83e-02	9.62e-01	2.53e-06	0.00e+00	0.00e+00	0.00e+00	0.00e+00	0.00e+00	4.48e-05	1.53e-05	6.84e-06
 1.62539e+16	7.74e-05	4.04e-02	9.59e-01	2.38e-06	0.00e+00	0.00e+00	0.00e+00	0.00e+00	0.00e+00	5.18e-05	1.77e-05	7.89e-06
 1.73798e+16	9.37e-05	4.35e-02	9.56e-01	2.18e-06	0.00e+00	0.00e+00	0.00e+00	0.00e+00	0.00e+00	6.28e-05	2.13e-05	9.54e-06
 1.84881e+16	1.15e-04	4.72e-02	9.53e-01	2.02e-06	0.00e+00	0.00e+00	0.00e+00	0.00e+00	0.00e+00	7.70e-05	2.62e-05	1.17e-05
 1.92907e+16	1.34e-04	5.01e-02	9.50e-01	1.90e-06	0.00e+00	0.00e+00	0.00e+00	0.00e+00	0.00e+00	8.99e-05	3.05e-05	1.36e-05
 1.99406e+16	1.53e-04	5.28e-02	9.47e-01	1.80e-06	0.00e+00	0.00e+00	0.00e+00	0.00e+00	0.00e+00	1.03e-04	3.47e-05	1.55e-05
 2.06746e+16	1.78e-04	5.62e-02	9.44e-01	1.70e-06	0.00e+00	0.00e+00	0.00e+00	0.00e+00	0.00e+00	1.19e-04	4.04e-05	1.81e-05
 2.14952e+16	2.11e-04	6.02e-02	9.40e-01	1.58e-06	0.00e+00	0.00e+00	0.00e+00	0.00e+00	0.00e+00	1.42e-04	4.78e-05	2.14e-05
 2.22527e+16	2.51e-04	6.47e-02	9.35e-01	1.49e-06	0.00e+00	0.00e+00	0.00e+00	0.00e+00	0.00e+00	1.69e-04	5.68e-05	2.54e-05
 2.29121e+16	2.93e-04	6.91e-02	9.31e-01	1.39e-06	0.00e+00	0.00e+00	0.00e+00	0.00e+00	0.00e+00	1.97e-04	6.62e-05	2.97e-05
 2.35237e+16	3.41e-04	7.37e-02	9.26e-01	1.31e-06	0.00e+00	0.00e+00	0.00e+00	0.00e+00	0.00e+00	2.29e-04	7.68e-05	3.45e-05
 2.42228e+16	4.08e-04	7.98e-02	9.20e-01	1.21e-06	0.00e+00	0.00e+00	0.00e+00	0.00e+00	0.00e+00	2.75e-04	9.19e-05	4.13e-05
 2.49566e+16	4.95e-04	8.68e-02	9.13e-01	1.11e-06	0.00e+00	0.00e+00	0.00e+00	0.00e+00	0.00e+00	3.33e-04	1.11e-04	4.99e-05
 2.55709e+16	5.91e-04	9.40e-02	9.05e-01	1.03e-06	0.00e+00	0.00e+00	0.00e+00	0.00e+00	0.00e+00	3.98e-04	1.33e-04	5.96e-05
 2.60976e+16	6.88e-04	1.01e-01	8.99e-01	9.60e-07	0.00e+00	0.00e+00	0.00e+00	0.00e+00	0.00e+00	4.64e-04	1.54e-04	6.93e-05
 2.66753e+16	8.22e-04	1.09e-01	8.90e-01	8.83e-07	0.00e+00	0.00e+00	0.00e+00	0.00e+00	0.00e+00	5.55e-04	1.83e-04	8.27e-05
 2.73061e+16	1.01e-03	1.20e-01	8.79e-01	8.01e-07	0.00e+00	0.00e+00	0.00e+00	0.00e+00	0.00e+00	6.81e-04	2.24e-04	1.01e-04
 2.78610e+16	1.22e-03	1.31e-01	8.68e-01	7.29e-07	0.00e+00	0.00e+00	0.00e+00	0.00e+00	0.00e+00	8.25e-04	2.70e-04	1.22e-04
 2.83397e+16	1.45e-03	1.42e-01	8.56e-01	6.69e-07	0.00e+00	0.00e+00	0.00e+00	0.00e+00	0.00e+00	9.83e-04	3.21e-04	1.45e-04
 2.88645e+16	1.76e-03	1.56e-01	8.42e-01	5.99e-07	0.00e+00	0.00e+00	0.00e+00	0.00e+00	0.00e+00	1.20e-03	3.90e-04	1.77e-04
 2.94315e+16	2.22e-03	1.74e-01	8.24e-01	5.30e-07	0.00e+00	0.00e+00	0.00e+00	0.00e+00	0.00e+00	1.50e-03	4.88e-04	2.21e-04
 2.99139e+16	2.72e-03	1.92e-01	8.05e-01	4.69e-07	0.00e+00	0.00e+00	0.00e+00	0.00e+00	0.00e+00	1.85e-03	5.98e-04	2.71e-04
 3.03127e+16	3.25e-03	2.09e-01	7.88e-01	4.21e-07	0.00e+00	0.00e+00	0.00e+00	0.00e+00	0.00e+00	2.21e-03	7.13e-04	3.24e-04
 3.07423e+16	3.97e-03	2.30e-01	7.66e-01	3.69e-07	0.00e+00	0.00e+00	0.00e+00	0.00e+00	0.00e+00	2.70e-03	8.71e-04	3.96e-04
 3.12021e+16	4.98e-03	2.56e-01	7.39e-01	3.17e-07	0.00e+00	0.00e+00	0.00e+00	0.00e+00	0.00e+00	3.39e-03	1.09e-03	4.96e-04
 3.15902e+16	6.10e-03	2.82e-01	7.12e-01	2.74e-07	0.00e+00	0.00e+00	0.00e+00	0.00e+00	0.00e+00	4.16e-03	1.33e-03	6.06e-04
 3.19137e+16	7.29e-03	3.06e-01	6.87e-01	2.39e-07	0.00e+00	0.00e+00	0.00e+00	0.00e+00	0.00e+00	4.97e-03	1.59e-03	7.24e-04
 3.22642e+16	8.93e-03	3.36e-01	6.55e-01	2.03e-07	0.00e+00	0.00e+00	0.00e+00	0.00e+00	0.00e+00	6.10e-03	1.94e-03	8.86e-04
 3.26383e+16	1.12e-02	3.72e-01	6.17e-01	1.67e-07	0.00e+00	0.00e+00	0.00e+00	0.00e+00	0.00e+00	7.66e-03	2.44e-03	1.11e-03
 3.29520e+16	1.37e-02	4.06e-01	5.80e-01	1.39e-07	0.00e+00	0.00e+00	0.00e+00	0.00e+00	0.00e+00	9.38e-03	2.98e-03	1.36e-03
 3.32122e+16	1.64e-02	4.38e-01	5.46e-01	0.00e+00	0.00e+00	0.00e+00	0.00e+00	0.00e+00	0.00e+00	1.12e-02	3.54e-03	1.62e-03
 3.34943e+16	2.00e-02	4.75e-01	5.05e-01	0.00e+00	0.00e+00	0.00e+00	0.00e+00	0.00e+00	0.00e+00	1.37e-02	4.34e-03	1.98e-03
 3.37960e+16	2.51e-02	5.18e-01	4.57e-01	0.00e+00	0.00e+00	0.00e+00	0.00e+00	0.00e+00	0.00e+00	1.72e-02	5.42e-03	2.48e-03
 3.40513e+16	3.07e-02	5.58e-01	4.12e-01	0.00e+00	0.00e+00	0.00e+00	0.00e+00	0.00e+00	0.00e+00	2.10e-02	6.63e-03	3.03e-03
 3.42649e+16	3.67e-02	5.93e-01	3.71e-01	0.00e+00	0.00e+00	0.00e+00	0.00e+00	0.00e+00	0.00e+00	2.52e-02	7.93e-03	3.63e-03
 3.44965e+16	4.50e-02	6.31e-01	3.24e-01	0.00e+00	0.00e+00	0.00e+00	0.00e+00	0.00e+00	0.00e+00	3.08e-02	9.70e-03	4.44e-03
 3.47441e+16	5.64e-02	6.70e-01	2.73e-01	0.00e+00	0.00e+00	0.00e+00	0.00e+00	0.00e+00	0.00e+00	3.87e-02	1.21e-02	5.56e-03
 3.49528e+16	6.92e-02	7.02e-01	2.29e-01	0.00e+00	0.00e+00	0.00e+00	0.00e+00	0.00e+00	0.00e+00	4.75e-02	1.49e-02	6.83e-03
 3.51256e+16	8.28e-02	7.25e-01	1.92e-01	0.00e+00	0.00e+00	0.00e+00	0.00e+00	0.00e+00	0.00e+00	5.68e-02	1.78e-02	8.17e-03
 3.52635e+16	9.60e-02	7.41e-01	1.63e-01	0.00e+00	0.00e+00	0.00e+00	0.00e+00	0.00e+00	0.00e+00	6.58e-02	2.06e-02	9.47e-03
 3.53674e+16	1.08e-01	7.50e-01	1.42e-01	0.00e+00	0.00e+00	0.00e+00	0.00e+00	0.00e+00	0.00e+00	7.40e-02	2.32e-02	1.06e-02
 3.54754e+16	1.22e-01	7.57e-01	1.21e-01	0.00e+00	0.00e+00	0.00e+00	0.00e+00	0.00e+00	0.00e+00	8.39e-02	2.62e-02	1.20e-02
 3.55905e+16	1.40e-01	7.60e-01	9.97e-02	0.00e+00	0.00e+00	0.00e+00	0.00e+00	0.00e+00	0.00e+00	9.63e-02	3.01e-02	1.38e-02
 3.56857e+16	1.58e-01	7.59e-01	8.37e-02	0.00e+00	0.00e+00	0.00e+00	0.00e+00	0.00e+00	0.00e+00	1.08e-01	3.38e-02	1.55e-02
 3.57628e+16	1.74e-01	7.55e-01	7.11e-02	0.00e+00	0.00e+00	0.00e+00	0.00e+00	0.00e+00	0.00e+00	1.20e-01	3.73e-02	1.72e-02
 3.58342e+16	1.91e-01	7.48e-01	6.06e-02	0.00e+00	0.00e+00	0.00e+00	0.00e+00	0.00e+00	0.00e+00	1.31e-01	4.09e-02	1.88e-02
 3.59156e+16	2.14e-01	7.37e-01	4.92e-02	0.00e+00	0.00e+00	0.00e+00	0.00e+00	0.00e+00	0.00e+00	1.47e-01	4.57e-02	2.11e-02
 3.59981e+16	2.40e-01	7.21e-01	3.92e-02	0.00e+00	0.00e+00	0.00e+00	0.00e+00	0.00e+00	0.00e+00	1.65e-01	5.12e-02	2.36e-02
 3.60617e+16	2.63e-01	7.05e-01	3.22e-02	0.00e+00	0.00e+00	0.00e+00	0.00e+00	0.00e+00	0.00e+00	1.81e-01	5.60e-02	2.59e-02
 3.61135e+16	2.84e-01	6.89e-01	2.71e-02	0.00e+00	0.00e+00	0.00e+00	0.00e+00	0.00e+00	0.00e+00	1.96e-01	6.03e-02	2.79e-02
 3.61703e+16	3.09e-01	6.69e-01	2.20e-02	0.00e+00	0.00e+00	0.00e+00	0.00e+00	0.00e+00	0.00e+00	2.13e-01	6.55e-02	3.03e-02
 3.62311e+16	3.39e-01	6.44e-01	1.73e-02	0.00e+00	0.00e+00	0.00e+00	0.00e+00	0.00e+00	0.00e+00	2.34e-01	7.16e-02	3.32e-02
 3.62827e+16	3.67e-01	6.19e-01	1.39e-02	0.00e+00	0.00e+00	0.00e+00	0.00e+00	0.00e+00	0.00e+00	2.54e-01	7.73e-02	3.59e-02
 3.63261e+16	3.92e-01	5.96e-01	1.13e-02	0.00e+00	0.00e+00	0.00e+00	0.00e+00	0.00e+00	0.00e+00	2.71e-01	8.24e-02	3.83e-02
 3.63718e+16	4.22e-01	5.69e-01	8.98e-03	0.00e+00	0.00e+00	0.00e+00	0.00e+00	0.00e+00	0.00e+00	2.92e-01	8.81e-02	4.11e-02
 3.64201e+16	4.54e-01	5.39e-01	6.91e-03	0.00e+00	0.00e+00	0.00e+00	0.00e+00	0.00e+00	0.00e+00	3.16e-01	9.45e-02	4.42e-02
 3.64618e+16	4.85e-01	5.10e-01	5.41e-03	0.00e+00	0.00e+00	0.00e+00	0.00e+00	0.00e+00	0.00e+00	3.37e-01	1.00e-01	4.70e-02
 3.64967e+16	5.11e-01	4.84e-01	4.34e-03	0.00e+00	0.00e+00	0.00e+00	0.00e+00	0.00e+00	0.00e+00	3.56e-01	1.05e-01	4.95e-02
 3.65281e+16	5.36e-01	4.61e-01	3.52e-03	0.00e+00	0.00e+00	0.00e+00	0.00e+00	0.00e+00	0.00e+00	3.74e-01	1.10e-01	5.17e-02
 3.65576e+16	5.60e-01	4.37e-01	2.85e-03	0.00e+00	0.00e+00	0.00e+00	0.00e+00	0.00e+00	0.00e+00	3.92e-01	1.14e-01	5.39e-02
 3.65850e+16	5.83e-01	4.15e-01	2.32e-03	0.00e+00	0.00e+00	0.00e+00	0.00e+00	0.00e+00	0.00e+00	4.09e-01	1.18e-01	5.59e-02
 3.66056e+16	6.00e-01	3.98e-01	1.99e-03	0.00e+00	0.00e+00	0.00e+00	0.00e+00	0.00e+00	0.00e+00	4.21e-01	1.21e-01	5.74e-02
 3.66187e+16	6.10e-01	3.88e-01	1.80e-03	0.00e+00	0.00e+00	0.00e+00	0.00e+00	0.00e+00	0.00e+00	4.29e-01	1.22e-01	5.83e-02
 3.66310e+16	6.21e-01	3.78e-01	1.62e-03	0.00e+00	0.00e+00	0.00e+00	0.00e+00	0.00e+00	0.00e+00	4.37e-01	1.24e-01	5.92e-02
 3.66453e+16	6.33e-01	3.65e-01	1.44e-03	0.00e+00	0.00e+00	0.00e+00	0.00e+00	0.00e+00	0.00e+00	4.47e-01	1.26e-01	6.02e-02
 3.66604e+16	6.46e-01	3.52e-01	1.26e-03	0.00e+00	0.00e+00	0.00e+00	0.00e+00	0.00e+00	0.00e+00	4.57e-01	1.28e-01	6.13e-02
 3.66747e+16	6.59e-01	3.40e-01	1.11e-03	0.00e+00	0.00e+00	0.00e+00	0.00e+00	0.00e+00	0.00e+00	4.66e-01	1.30e-01	6.23e-02
 3.66880e+16	6.70e-01	3.29e-01	9.83e-04	0.00e+00	0.00e+00	0.00e+00	0.00e+00	0.00e+00	0.00e+00	4.75e-01	1.32e-01	6.33e-02
 3.67009e+16	6.82e-01	3.17e-01	8.70e-04	0.00e+00	0.00e+00	0.00e+00	0.00e+00	0.00e+00	0.00e+00	4.84e-01	1.33e-01	6.41e-02
 3.67138e+16	6.93e-01	3.06e-01	7.67e-04	0.00e+00	0.00e+00	0.00e+00	0.00e+00	0.00e+00	0.00e+00	4.93e-01	1.35e-01	6.50e-02
 3.67266e+16	7.04e-01	2.95e-01	6.75e-04	0.00e+00	0.00e+00	0.00e+00	0.00e+00	0.00e+00	0.00e+00	5.02e-01	1.36e-01	6.59e-02
 3.67391e+16	7.15e-01	2.84e-01	5.94e-04	0.00e+00	0.00e+00	0.00e+00	0.00e+00	0.00e+00	0.00e+00	5.11e-01	1.38e-01	6.67e-02
 3.67512e+16	7.26e-01	2.74e-01	5.23e-04	0.00e+00	0.00e+00	0.00e+00	0.00e+00	0.00e+00	0.00e+00	5.19e-01	1.39e-01	6.75e-02
 3.67631e+16	7.36e-01	2.63e-01	4.60e-04	0.00e+00	0.00e+00	0.00e+00	0.00e+00	0.00e+00	0.00e+00	5.27e-01	1.40e-01	6.82e-02
 3.67749e+16	7.46e-01	2.53e-01	4.04e-04	0.00e+00	0.00e+00	0.00e+00	0.00e+00	0.00e+00	0.00e+00	5.36e-01	1.42e-01	6.89e-02
 3.67864e+16	7.56e-01	2.44e-01	3.55e-04	0.00e+00	0.00e+00	0.00e+00	0.00e+00	0.00e+00	0.00e+00	5.44e-01	1.43e-01	6.96e-02
 3.67977e+16	7.66e-01	2.34e-01	3.11e-04	0.00e+00	0.00e+00	0.00e+00	0.00e+00	0.00e+00	0.00e+00	5.52e-01	1.44e-01	7.02e-02
 3.68088e+16	7.75e-01	2.25e-01	2.73e-04	0.00e+00	0.00e+00	0.00e+00	0.00e+00	0.00e+00	0.00e+00	5.59e-01	1.45e-01	7.08e-02
 3.68197e+16	7.84e-01	2.16e-01	2.39e-04	0.00e+00	0.00e+00	0.00e+00	0.00e+00	0.00e+00	0.00e+00	5.67e-01	1.45e-01	7.14e-02
 3.68305e+16	7.93e-01	2.07e-01	2.09e-04	0.00e+00	0.00e+00	0.00e+00	0.00e+00	0.00e+00	0.00e+00	5.74e-01	1.46e-01	7.19e-02
 3.68410e+16	8.01e-01	1.99e-01	1.83e-04	0.00e+00	0.00e+00	0.00e+00	0.00e+00	0.00e+00	0.00e+00	5.82e-01	1.47e-01	7.24e-02
 3.68514e+16	8.09e-01	1.90e-01	1.60e-04	0.00e+00	0.00e+00	0.00e+00	0.00e+00	0.00e+00	0.00e+00	5.89e-01	1.48e-01	7.28e-02
 3.68616e+16	8.17e-01	1.82e-01	1.40e-04	0.00e+00	0.00e+00	0.00e+00	0.00e+00	0.00e+00	0.00e+00	5.96e-01	1.48e-01	7.32e-02
 3.68716e+16	8.25e-01	1.75e-01	1.22e-04	0.00e+00	0.00e+00	0.00e+00	0.00e+00	0.00e+00	0.00e+00	6.02e-01	1.49e-01	7.36e-02
 3.68814e+16	8.33e-01	1.67e-01	1.07e-04	0.00e+00	0.00e+00	0.00e+00	0.00e+00	0.00e+00	0.00e+00	6.09e-01	1.49e-01	7.40e-02
 3.68911e+16	8.40e-01	1.60e-01	9.29e-05	0.00e+00	0.00e+00	0.00e+00	0.00e+00	0.00e+00	0.00e+00	6.15e-01	1.50e-01	7.43e-02
 3.69006e+16	8.47e-01	1.53e-01	8.10e-05	0.00e+00	0.00e+00	0.00e+00	0.00e+00	0.00e+00	0.00e+00	6.22e-01	1.50e-01	7.46e-02
 3.69100e+16	8.53e-01	1.47e-01	7.05e-05	0.00e+00	0.00e+00	0.00e+00	0.00e+00	0.00e+00	0.00e+00	6.28e-01	1.51e-01	7.49e-02
 3.69192e+16	8.60e-01	1.40e-01	6.14e-05	0.00e+00	0.00e+00	0.00e+00	0.00e+00	0.00e+00	0.00e+00	6.34e-01	1.51e-01	7.51e-02
 3.69283e+16	8.66e-01	1.34e-01	5.34e-05	0.00e+00	0.00e+00	0.00e+00	0.00e+00	0.00e+00	0.00e+00	6.39e-01	1.51e-01	7.53e-02
 3.69371e+16	8.72e-01	1.28e-01	4.65e-05	0.00e+00	0.00e+00	0.00e+00	0.00e+00	0.00e+00	0.00e+00	6.45e-01	1.51e-01	7.55e-02
 3.69457e+16	8.77e-01	1.22e-01	4.06e-05	0.00e+00	0.00e+00	0.00e+00	0.00e+00	0.00e+00	0.00e+00	6.50e-01	1.52e-01	7.57e-02
 3.69541e+16	8.83e-01	1.17e-01	3.55e-05	0.00e+00	0.00e+00	0.00e+00	0.00e+00	0.00e+00	0.00e+00	6.55e-01	1.52e-01	7.58e-02
 3.69622e+16	8.88e-01	1.12e-01	3.11e-05	0.00e+00	0.00e+00	0.00e+00	0.00e+00	0.00e+00	0.00e+00	6.60e-01	1.52e-01	7.59e-02
 3.69703e+16	8.93e-01	1.07e-01	2.71e-05	0.00e+00	0.00e+00	0.00e+00	0.00e+00	0.00e+00	0.00e+00	6.65e-01	1.52e-01	7.60e-02
 3.69782e+16	8.97e-01	1.03e-01	2.37e-05	0.00e+00	0.00e+00	0.00e+00	0.00e+00	0.00e+00	0.00e+00	6.69e-01	1.52e-01	7.61e-02
 3.69856e+16	9.02e-01	9.84e-02	2.09e-05	0.00e+00	0.00e+00	0.00e+00	0.00e+00	0.00e+00	0.00e+00	6.73e-01	1.52e-01	7.61e-02
 3.69930e+16	9.06e-01	9.42e-02	1.83e-05	0.00e+00	0.00e+00	0.00e+00	0.00e+00	0.00e+00	0.00e+00	6.77e-01	1.52e-01	7.62e-02
 3.70004e+16	9.10e-01	9.02e-02	1.61e-05	0.00e+00	0.00e+00	0.00e+00	0.00e+00	0.00e+00	0.00e+00	6.81e-01	1.52e-01	7.62e-02
 3.70075e+16	9.14e-01	8.63e-02	1.41e-05	0.00e+00	0.00e+00	0.00e+00	0.00e+00	0.00e+00	0.00e+00	6.85e-01	1.53e-01	7.63e-02
 3.70144e+16	9.17e-01	8.28e-02	1.24e-05	0.00e+00	0.00e+00	0.00e+00	0.00e+00	0.00e+00	0.00e+00	6.88e-01	1.52e-01	7.63e-02
 3.70212e+16	9.21e-01	7.93e-02	1.09e-05	0.00e+00	0.00e+00	0.00e+00	0.00e+00	0.00e+00	0.00e+00	6.92e-01	1.53e-01	7.63e-02
 3.70278e+16	9.24e-01	7.60e-02	9.61e-06	0.00e+00	0.00e+00	0.00e+00	0.00e+00	0.00e+00	0.00e+00	6.95e-01	1.53e-01	7.63e-02
 3.70343e+16	9.27e-01	7.30e-02	8.50e-06	0.00e+00	0.00e+00	0.00e+00	0.00e+00	0.00e+00	0.00e+00	6.98e-01	1.53e-01	7.63e-02
 3.70407e+16	9.30e-01	6.99e-02	7.47e-06	0.00e+00	0.00e+00	0.00e+00	0.00e+00	0.00e+00	0.00e+00	7.01e-01	1.53e-01	7.63e-02
 3.70471e+16	9.33e-01	6.70e-02	6.59e-06	0.00e+00	0.00e+00	0.00e+00	0.00e+00	0.00e+00	0.00e+00	7.04e-01	1.53e-01	7.63e-02
 3.70531e+16	9.36e-01	6.44e-02	5.84e-06	0.00e+00	0.00e+00	0.00e+00	0.00e+00	0.00e+00	0.00e+00	7.06e-01	1.53e-01	7.63e-02
 3.70591e+16	9.38e-01	6.18e-02	5.16e-06	0.00e+00	0.00e+00	0.00e+00	0.00e+00	0.00e+00	0.00e+00	7.09e-01	1.53e-01	7.63e-02
 3.70651e+16	9.41e-01	5.93e-02	4.56e-06	0.00e+00	0.00e+00	0.00e+00	0.00e+00	0.00e+00	0.00e+00	7.11e-01	1.53e-01	7.63e-02
 3.70709e+16	9.43e-01	5.69e-02	4.04e-06	0.00e+00	0.00e+00	0.00e+00	0.00e+00	0.00e+00	0.00e+00	7.14e-01	1.53e-01	7.63e-02
 3.70766e+16	9.45e-01	5.46e-02	3.58e-06	0.00e+00	0.00e+00	0.00e+00	0.00e+00	0.00e+00	0.00e+00	7.16e-01	1.53e-01	7.62e-02
 3.70822e+16	9.48e-01	5.24e-02	3.17e-06	0.00e+00	0.00e+00	0.00e+00	0.00e+00	0.00e+00	0.00e+00	7.18e-01	1.53e-01	7.62e-02
 3.70878e+16	9.50e-01	5.03e-02	2.80e-06	0.00e+00	0.00e+00	0.00e+00	0.00e+00	0.00e+00	0.00e+00	7.20e-01	1.54e-01	7.61e-02
 3.70933e+16	9.52e-01	4.83e-02	2.49e-06	0.00e+00	0.00e+00	0.00e+00	0.00e+00	0.00e+00	0.00e+00	7.22e-01	1.54e-01	7.61e-02
 3.70986e+16	9.54e-01	4.64e-02	2.21e-06	0.00e+00	0.00e+00	0.00e+00	0.00e+00	0.00e+00	0.00e+00	7.24e-01	1.54e-01	7.60e-02
 3.71038e+16	9.55e-01	4.46e-02	1.97e-06	0.00e+00	0.00e+00	0.00e+00	0.00e+00	0.00e+00	0.00e+00	7.25e-01	1.54e-01	7.60e-02
 3.71090e+16	9.57e-01	4.28e-02	1.74e-06	0.00e+00	0.00e+00	0.00e+00	0.00e+00	0.00e+00	0.00e+00	7.27e-01	1.54e-01	7.60e-02
 3.71141e+16	9.59e-01	4.11e-02	1.55e-06	0.00e+00	0.00e+00	0.00e+00	0.00e+00	0.00e+00	0.00e+00	7.28e-01	1.54e-01	7.59e-02
 3.71191e+16	9.60e-01	3.95e-02	1.38e-06	0.00e+00	0.00e+00	0.00e+00	0.00e+00	0.00e+00	0.00e+00	7.30e-01	1.55e-01	7.59e-02
 3.71240e+16	9.62e-01	3.80e-02	1.22e-06	0.00e+00	0.00e+00	0.00e+00	0.00e+00	0.00e+00	0.00e+00	7.31e-01	1.55e-01	7.59e-02
 3.71289e+16	9.64e-01	3.65e-02	1.09e-06	0.00e+00	0.00e+00	0.00e+00	0.00e+00	0.00e+00	0.00e+00	7.33e-01	1.55e-01	7.58e-02
 3.71336e+16	9.65e-01	3.51e-02	9.70e-07	0.00e+00	0.00e+00	0.00e+00	0.00e+00	0.00e+00	0.00e+00	7.34e-01	1.55e-01	7.58e-02
 3.71383e+16	9.66e-01	3.37e-02	8.66e-07	0.00e+00	0.00e+00	0.00e+00	0.00e+00	0.00e+00	0.00e+00	7.35e-01	1.56e-01	7.58e-02
 3.71430e+16	9.68e-01	3.24e-02	7.69e-07	0.00e+00	0.00e+00	0.00e+00	0.00e+00	0.00e+00	0.00e+00	7.36e-01	1.56e-01	7.58e-02
 3.71475e+16	9.69e-01	3.11e-02	6.86e-07	0.00e+00	0.00e+00	0.00e+00	0.00e+00	0.00e+00	0.00e+00	7.37e-01	1.56e-01	7.58e-02
 3.71520e+16	9.70e-01	2.99e-02	6.11e-07	0.00e+00	0.00e+00	0.00e+00	0.00e+00	0.00e+00	0.00e+00	7.38e-01	1.57e-01	7.58e-02
 3.71564e+16	9.71e-01	2.88e-02	5.46e-07	0.00e+00	0.00e+00	0.00e+00	0.00e+00	0.00e+00	0.00e+00	7.39e-01	1.57e-01	7.58e-02
 3.71607e+16	9.72e-01	2.76e-02	4.86e-07	0.00e+00	0.00e+00	0.00e+00	0.00e+00	0.00e+00	0.00e+00	7.39e-01	1.57e-01	7.58e-02
 3.71649e+16	9.73e-01	2.65e-02	4.35e-07	0.00e+00	0.00e+00	0.00e+00	0.00e+00	0.00e+00	0.00e+00	7.40e-01	1.58e-01	7.58e-02
 3.71691e+16	9.74e-01	2.55e-02	3.87e-07	0.00e+00	0.00e+00	0.00e+00	0.00e+00	0.00e+00	0.00e+00	7.40e-01	1.58e-01	7.59e-02
 3.71732e+16	9.75e-01	2.45e-02	3.46e-07	0.00e+00	0.00e+00	0.00e+00	0.00e+00	0.00e+00	0.00e+00	7.41e-01	1.59e-01	7.59e-02
 3.71771e+16	9.76e-01	2.36e-02	3.10e-07	0.00e+00	0.00e+00	0.00e+00	0.00e+00	0.00e+00	0.00e+00	7.41e-01	1.59e-01	7.60e-02
 3.71810e+16	9.77e-01	2.27e-02	2.77e-07	0.00e+00	0.00e+00	0.00e+00	0.00e+00	0.00e+00	0.00e+00	7.42e-01	1.60e-01	7.60e-02
 3.71849e+16	9.78e-01	2.18e-02	2.48e-07	0.00e+00	0.00e+00	0.00e+00	0.00e+00	0.00e+00	0.00e+00	7.42e-01	1.60e-01	7.61e-02
 3.71887e+16	9.79e-01	2.09e-02	2.21e-07	0.00e+00	0.00e+00	0.00e+00	0.00e+00	0.00e+00	0.00e+00	7.42e-01	1.61e-01	7.61e-02
 3.71923e+16	9.80e-01	2.01e-02	1.98e-07	0.00e+00	0.00e+00	0.00e+00	0.00e+00	0.00e+00	0.00e+00	7.43e-01	1.61e-01	7.62e-02
 3.71959e+16	9.81e-01	1.93e-02	1.78e-07	0.00e+00	0.00e+00	0.00e+00	0.00e+00	0.00e+00	0.00e+00	7.43e-01	1.62e-01	7.63e-02
 3.71994e+16	9.81e-01	1.85e-02	1.59e-07	0.00e+00	0.00e+00	0.00e+00	0.00e+00	0.00e+00	0.00e+00	7.43e-01	1.62e-01	7.63e-02
 3.72028e+16	9.82e-01	1.78e-02	1.43e-07	0.00e+00	0.00e+00	0.00e+00	0.00e+00	0.00e+00	0.00e+00	7.43e-01	1.63e-01	7.64e-02
 3.72062e+16	9.83e-01	1.71e-02	1.28e-07	0.00e+00	0.00e+00	0.00e+00	0.00e+00	0.00e+00	0.00e+00	7.43e-01	1.64e-01	7.65e-02
 3.72094e+16	9.84e-01	1.64e-02	1.15e-07	0.00e+00	0.00e+00	0.00e+00	0.00e+00	0.00e+00	0.00e+00	7.42e-01	1.65e-01	7.66e-02
 3.72125e+16	9.84e-01	1.57e-02	1.03e-07	0.00e+00	0.00e+00	0.00e+00	0.00e+00	0.00e+00	0.00e+00	7.42e-01	1.65e-01	7.68e-02
 3.72154e+16	9.85e-01	1.51e-02	9.33e-08	0.00e+00	0.00e+00	0.00e+00	0.00e+00	0.00e+00	0.00e+00	7.42e-01	1.66e-01	7.69e-02
 3.72181e+16	9.85e-01	1.46e-02	8.47e-08	0.00e+00	0.00e+00	0.00e+00	0.00e+00	0.00e+00	0.00e+00	7.42e-01	1.67e-01	7.70e-02
 3.72206e+16	9.86e-01	1.40e-02	7.72e-08	0.00e+00	0.00e+00	0.00e+00	0.00e+00	0.00e+00	0.00e+00	7.41e-01	1.68e-01	7.71e-02
 3.72230e+16	9.86e-01	1.36e-02	7.08e-08	0.00e+00	0.00e+00	0.00e+00	0.00e+00	0.00e+00	0.00e+00	7.41e-01	1.68e-01	7.72e-02
 3.72252e+16	9.87e-01	1.31e-02	6.50e-08	0.00e+00	0.00e+00	0.00e+00	0.00e+00	0.00e+00	0.00e+00	7.40e-01	1.69e-01	7.74e-02
 3.72273e+16	9.87e-01	1.27e-02	5.98e-08	0.00e+00	0.00e+00	0.00e+00	0.00e+00	0.00e+00	0.00e+00	7.40e-01	1.70e-01	7.75e-02
 3.72292e+16	9.88e-01	1.23e-02	5.53e-08	0.00e+00	0.00e+00	0.00e+00	0.00e+00	0.00e+00	0.00e+00	7.39e-01	1.71e-01	7.76e-02
 3.72310e+16	9.88e-01	1.19e-02	5.13e-08	0.00e+00	0.00e+00	0.00e+00	0.00e+00	0.00e+00	0.00e+00	7.39e-01	1.72e-01	7.77e-02
 3.72327e+16	9.88e-01	1.16e-02	4.76e-08	0.00e+00	0.00e+00	0.00e+00	0.00e+00	0.00e+00	0.00e+00	7.38e-01	1.73e-01	7.79e-02
 3.72343e+16	9.89e-01	1.12e-02	4.44e-08	0.00e+00	0.00e+00	0.00e+00	0.00e+00	0.00e+00	0.00e+00	7.37e-01	1.73e-01	7.80e-02
 3.72358e+16	9.89e-01	1.09e-02	4.14e-08	0.00e+00	0.00e+00	0.00e+00	0.00e+00	0.00e+00	0.00e+00	7.37e-01	1.74e-01	7.82e-02
 3.72372e+16	9.89e-01	1.06e-02	3.87e-08	0.00e+00	0.00e+00	0.00e+00	0.00e+00	0.00e+00	0.00e+00	7.36e-01	1.75e-01	7.83e-02
 3.72386e+16	9.90e-01	1.03e-02	3.62e-08	0.00e+00	0.00e+00	0.00e+00	0.00e+00	0.00e+00	0.00e+00	7.35e-01	1.76e-01	7.84e-02
 3.72398e+16	9.90e-01	1.00e-02	3.40e-08	0.00e+00	0.00e+00	0.00e+00	0.00e+00	0.00e+00	0.00e+00	7.34e-01	1.77e-01	7.86e-02
 3.72410e+16	9.90e-01	9.75e-03	3.20e-08	0.00e+00	0.00e+00	0.00e+00	0.00e+00	0.00e+00	0.00e+00	7.34e-01	1.78e-01	7.87e-02
 3.72421e+16	9.91e-01	9.50e-03	3.01e-08	0.00e+00	0.00e+00	0.00e+00	0.00e+00	0.00e+00	0.00e+00	7.33e-01	1.79e-01	7.89e-02
 3.72432e+16	9.91e-01	9.25e-03	2.84e-08	0.00e+00	0.00e+00	0.00e+00	0.00e+00	0.00e+00	0.00e+00	7.32e-01	1.80e-01	7.90e-02
 3.72442e+16	9.91e-01	9.02e-03	2.68e-08	0.00e+00	0.00e+00	0.00e+00	0.00e+00	0.00e+00	0.00e+00	7.31e-01	1.81e-01	7.92e-02
 3.72451e+16	9.91e-01	8.79e-03	2.53e-08	0.00e+00	0.00e+00	0.00e+00	0.00e+00	0.00e+00	0.00e+00	7.30e-01	1.82e-01	7.93e-02
 3.72460e+16	9.91e-01	8.56e-03	2.39e-08	0.00e+00	0.00e+00	0.00e+00	0.00e+00	0.00e+00	0.00e+00	7.29e-01	1.82e-01	7.95e-02
 3.72469e+16	9.92e-01	8.34e-03	2.26e-08	0.00e+00	0.00e+00	0.00e+00	0.00e+00	0.00e+00	0.00e+00	7.29e-01	1.83e-01	7.96e-02
 3.72478e+16	9.92e-01	8.12e-03	2.13e-08	0.00e+00	0.00e+00	0.00e+00	0.00e+00	0.00e+00	0.00e+00	7.28e-01	1.85e-01	7.98e-02
 3.72486e+16	9.92e-01	7.91e-03	2.02e-08	0.00e+00	0.00e+00	0.00e+00	0.00e+00	0.00e+00	0.00e+00	7.27e-01	1.86e-01	7.99e-02
 3.72493e+16	9.92e-01	7.69e-03	1.90e-08	0.00e+00	0.00e+00	0.00e+00	0.00e+00	0.00e+00	0.00e+00	7.25e-01	1.87e-01	8.01e-02
