#depth	He	He+	He+2
 3.69394e+11	9.48e-04	9.91e-01	7.73e-03
 2.21637e+12	9.48e-04	9.91e-01	7.72e-03
 9.60425e+12	9.49e-04	9.91e-01	7.68e-03
 3.91558e+13	9.51e-04	9.92e-01	7.43e-03
 9.35306e+13	9.55e-04	9.92e-01	7.29e-03
 1.64218e+14	9.60e-04	9.92e-01	6.88e-03
 2.56111e+14	9.66e-04	9.93e-01	6.22e-03
 3.75573e+14	9.75e-04	9.94e-01	5.32e-03
 5.30873e+14	9.85e-04	9.95e-01	4.22e-03
 7.32763e+14	9.97e-04	9.96e-01	3.04e-03
 9.95220e+14	1.01e-03	9.97e-01	1.94e-03
 1.33641e+15	1.03e-03	9.98e-01	1.07e-03
 1.77997e+15	1.06e-03	9.98e-01	4.86e-04
 2.35658e+15	1.09e-03	9.99e-01	1.77e-04
 3.10619e+15	1.13e-03	9.99e-01	4.98e-05
 4.08067e+15	1.18e-03	9.99e-01	1.04e-05
 5.34750e+15	1.26e-03	9.99e-01	1.60e-06
 6.99438e+15	1.36e-03	9.99e-01	1.87e-07
 8.94595e+15	1.48e-03	9.99e-01	2.03e-08
 1.09874e+16	1.62e-03	9.98e-01	2.88e-09
 1.26085e+16	1.74e-03	9.98e-01	7.93e-10
 1.36008e+16	1.82e-03	9.98e-01	4.17e-10
 1.45019e+16	1.93e-03	9.98e-01	2.43e-10
 1.53878e+16	2.02e-03	9.98e-01	1.55e-10
 1.62539e+16	2.11e-03	9.98e-01	1.08e-10
 1.73798e+16	2.22e-03	9.98e-01	7.49e-11
 1.84881e+16	2.35e-03	9.98e-01	5.70e-11
 1.92907e+16	2.45e-03	9.98e-01	4.92e-11
 1.99406e+16	2.54e-03	9.97e-01	4.51e-11
 2.06746e+16	2.65e-03	9.97e-01	4.12e-11
 2.14952e+16	2.78e-03	9.97e-01	3.90e-11
 2.22527e+16	2.91e-03	9.97e-01	3.65e-11
 2.29121e+16	3.04e-03	9.97e-01	3.55e-11
 2.35237e+16	3.16e-03	9.97e-01	3.52e-11
 2.42228e+16	3.32e-03	9.97e-01	3.39e-11
 2.49566e+16	3.50e-03	9.97e-01	3.45e-11
 2.55709e+16	3.67e-03	9.96e-01	3.35e-11
 2.60976e+16	3.83e-03	9.96e-01	3.40e-11
 2.66753e+16	4.03e-03	9.96e-01	3.41e-11
 2.73061e+16	4.27e-03	9.96e-01	3.42e-11
 2.78610e+16	4.51e-03	9.95e-01	3.46e-11
 2.83397e+16	4.74e-03	9.95e-01	3.46e-11
 2.88645e+16	5.03e-03	9.95e-01	3.54e-11
 2.94315e+16	5.39e-03	9.95e-01	3.55e-11
 2.99139e+16	5.74e-03	9.94e-01	3.64e-11
 3.03127e+16	6.07e-03	9.94e-01	3.71e-11
 3.07423e+16	6.48e-03	9.94e-01	3.79e-11
 3.12021e+16	6.98e-03	9.93e-01	3.89e-11
 3.15902e+16	7.48e-03	9.93e-01	4.01e-11
 3.19137e+16	7.96e-03	9.92e-01	4.12e-11
 3.22642e+16	8.56e-03	9.91e-01	4.28e-11
 3.26383e+16	9.31e-03	9.91e-01	4.42e-11
 3.29520e+16	1.01e-02	9.90e-01	4.61e-11
 3.32122e+16	1.08e-02	9.89e-01	4.78e-11
 3.34943e+16	1.18e-02	9.88e-01	5.04e-11
 3.37960e+16	1.30e-02	9.87e-01	5.31e-11
 3.40513e+16	1.42e-02	9.86e-01	5.68e-11
 3.42649e+16	1.55e-02	9.85e-01	6.00e-11
 3.44965e+16	1.72e-02	9.83e-01	6.44e-11
 3.47441e+16	1.94e-02	9.81e-01	7.15e-11
 3.49528e+16	2.18e-02	9.78e-01	7.86e-11
 3.51256e+16	2.43e-02	9.76e-01	8.66e-11
 3.52635e+16	2.68e-02	9.73e-01	9.46e-11
 3.53674e+16	2.90e-02	9.71e-01	1.02e-10
 3.54754e+16	3.18e-02	9.68e-01	1.12e-10
 3.55905e+16	3.52e-02	9.65e-01	1.24e-10
 3.56857e+16	3.87e-02	9.61e-01	1.37e-10
 3.57628e+16	4.20e-02	9.58e-01	1.50e-10
 3.58342e+16	4.56e-02	9.54e-01	1.64e-10
 3.59156e+16	5.05e-02	9.49e-01	1.84e-10
 3.59981e+16	5.63e-02	9.44e-01	2.09e-10
 3.60617e+16	6.17e-02	9.38e-01	2.32e-10
 3.61135e+16	6.69e-02	9.33e-01	2.55e-10
 3.61703e+16	7.36e-02	9.26e-01	2.84e-10
 3.62311e+16	8.18e-02	9.18e-01	3.22e-10
 3.62827e+16	9.01e-02	9.10e-01	3.61e-10
 3.63261e+16	9.83e-02	9.02e-01	3.99e-10
 3.63718e+16	1.08e-01	8.92e-01	4.46e-10
 3.64201e+16	1.21e-01	8.79e-01	5.04e-10
 3.64618e+16	1.33e-01	8.67e-01	5.64e-10
 3.64967e+16	1.45e-01	8.55e-01	6.20e-10
 3.65281e+16	1.57e-01	8.43e-01	6.77e-10
 3.65576e+16	1.70e-01	8.30e-01	7.36e-10
 3.65850e+16	1.83e-01	8.17e-01	7.98e-10
 3.66056e+16	1.93e-01	8.07e-01	8.46e-10
 3.66187e+16	2.00e-01	8.00e-01	8.78e-10
 3.66310e+16	2.08e-01	7.92e-01	9.09e-10
 3.66453e+16	2.17e-01	7.83e-01	9.48e-10
 3.66604e+16	2.27e-01	7.73e-01	9.91e-10
 3.66747e+16	2.37e-01	7.63e-01	1.03e-09
 3.66880e+16	2.47e-01	7.53e-01	1.08e-09
 3.67009e+16	2.56e-01	7.44e-01	1.12e-09
 3.67138e+16	2.67e-01	7.33e-01	1.16e-09
 3.67266e+16	2.78e-01	7.22e-01	1.21e-09
 3.67391e+16	2.89e-01	7.11e-01	1.25e-09
 3.67512e+16	3.00e-01	7.00e-01	1.30e-09
 3.67631e+16	3.12e-01	6.88e-01	1.35e-09
 3.67749e+16	3.24e-01	6.76e-01	1.39e-09
 3.67864e+16	3.36e-01	6.64e-01	1.44e-09
 3.67977e+16	3.48e-01	6.52e-01	1.49e-09
 3.68088e+16	3.61e-01	6.39e-01	1.53e-09
 3.68197e+16	3.74e-01	6.26e-01	1.58e-09
 3.68305e+16	3.87e-01	6.13e-01	1.63e-09
 3.68410e+16	4.01e-01	5.99e-01	1.67e-09
 3.68514e+16	4.14e-01	5.86e-01	1.72e-09
 3.68616e+16	4.28e-01	5.72e-01	1.77e-09
 3.68716e+16	4.42e-01	5.58e-01	1.81e-09
 3.68814e+16	4.56e-01	5.44e-01	1.85e-09
 3.68911e+16	4.71e-01	5.29e-01	1.90e-09
 3.69006e+16	4.85e-01	5.15e-01	1.94e-09
 3.69100e+16	4.99e-01	5.01e-01	1.98e-09
 3.69192e+16	5.14e-01	4.86e-01	2.02e-09
 3.69283e+16	5.29e-01	4.71e-01	2.06e-09
 3.69371e+16	5.43e-01	4.57e-01	2.09e-09
 3.69457e+16	5.57e-01	4.43e-01	2.12e-09
 3.69541e+16	5.71e-01	4.29e-01	2.15e-09
 3.69622e+16	5.85e-01	4.15e-01	2.18e-09
 3.69703e+16	5.99e-01	4.01e-01	2.21e-09
 3.69782e+16	6.12e-01	3.88e-01	2.23e-09
 3.69856e+16	6.25e-01	3.75e-01	2.26e-09
 3.69930e+16	6.38e-01	3.62e-01	2.27e-09
 3.70004e+16	6.51e-01	3.49e-01	2.29e-09
 3.70075e+16	6.63e-01	3.37e-01	2.31e-09
 3.70144e+16	6.75e-01	3.25e-01	2.32e-09
 3.70212e+16	6.87e-01	3.13e-01	2.33e-09
 3.70278e+16	6.98e-01	3.02e-01	2.34e-09
 3.70343e+16	7.09e-01	2.91e-01	2.35e-09
 3.70407e+16	7.21e-01	2.79e-01	2.35e-09
 3.70471e+16	7.31e-01	2.69e-01	2.35e-09
 3.70531e+16	7.41e-01	2.59e-01	2.36e-09
 3.70591e+16	7.51e-01	2.49e-01	2.35e-09
 3.70651e+16	7.61e-01	2.39e-01	2.35e-09
 3.70709e+16	7.71e-01	2.29e-01	2.34e-09
 3.70766e+16	7.80e-01	2.20e-01	2.34e-09
 3.70822e+16	7.89e-01	2.11e-01	2.33e-09
 3.70878e+16	7.97e-01	2.03e-01	2.32e-09
 3.70933e+16	8.06e-01	1.94e-01	2.31e-09
 3.70986e+16	8.14e-01	1.86e-01	2.30e-09
 3.71038e+16	8.21e-01	1.79e-01	2.28e-09
 3.71090e+16	8.29e-01	1.71e-01	2.26e-09
 3.71141e+16	8.36e-01	1.64e-01	2.25e-09
 3.71191e+16	8.43e-01	1.57e-01	2.23e-09
 3.71240e+16	8.50e-01	1.50e-01	2.21e-09
 3.71289e+16	8.56e-01	1.44e-01	2.19e-09
 3.71336e+16	8.63e-01	1.37e-01	2.16e-09
 3.71383e+16	8.69e-01	1.31e-01	2.14e-09
 3.71430e+16	8.75e-01	1.25e-01	2.12e-09
 3.71475e+16	8.80e-01	1.20e-01	2.09e-09
 3.71520e+16	8.85e-01	1.15e-01	2.06e-09
 3.71564e+16	8.90e-01	1.10e-01	2.04e-09
 3.71607e+16	8.95e-01	1.05e-01	2.01e-09
 3.71649e+16	9.00e-01	1.00e-01	1.98e-09
 3.71691e+16	9.05e-01	9.54e-02	1.95e-09
 3.71732e+16	9.09e-01	9.11e-02	1.92e-09
 3.71771e+16	9.13e-01	8.71e-02	1.89e-09
 3.71810e+16	9.17e-01	8.32e-02	1.86e-09
 3.71849e+16	9.21e-01	7.94e-02	1.82e-09
 3.71887e+16	9.24e-01	7.57e-02	1.79e-09
 3.71923e+16	9.28e-01	7.23e-02	1.76e-09
 3.71959e+16	9.31e-01	6.91e-02	1.73e-09
 3.71994e+16	9.34e-01	6.59e-02	1.69e-09
 3.72028e+16	9.37e-01	6.29e-02	1.66e-09
 3.72062e+16	9.40e-01	6.00e-02	1.62e-09
 3.72094e+16	9.43e-01	5.73e-02	1.59e-09
 3.72125e+16	9.45e-01	5.48e-02	1.55e-09
 3.72154e+16	9.48e-01	5.24e-02	1.52e-09
 3.72181e+16	9.50e-01	5.03e-02	1.48e-09
 3.72206e+16	9.52e-01	4.83e-02	1.45e-09
 3.72230e+16	9.54e-01	4.65e-02	1.42e-09
 3.72252e+16	9.55e-01	4.48e-02	1.39e-09
 3.72273e+16	9.57e-01	4.32e-02	1.36e-09
 3.72292e+16	9.58e-01	4.17e-02	1.33e-09
 3.72310e+16	9.60e-01	4.03e-02	1.30e-09
 3.72327e+16	9.61e-01	3.91e-02	1.27e-09
 3.72343e+16	9.62e-01	3.79e-02	1.24e-09
 3.72358e+16	9.63e-01	3.67e-02	1.22e-09
 3.72372e+16	9.64e-01	3.57e-02	1.19e-09
 3.72386e+16	9.65e-01	3.47e-02	1.16e-09
 3.72398e+16	9.66e-01	3.37e-02	1.14e-09
 3.72410e+16	9.67e-01	3.28e-02	1.12e-09
 3.72421e+16	9.68e-01	3.20e-02	1.09e-09
 3.72432e+16	9.69e-01	3.11e-02	1.07e-09
 3.72442e+16	9.70e-01	3.04e-02	1.04e-09
 3.72451e+16	9.70e-01	2.96e-02	1.02e-09
 3.72460e+16	9.71e-01	2.89e-02	9.98e-10
 3.72469e+16	9.72e-01	2.82e-02	9.74e-10
 3.72478e+16	9.72e-01	2.75e-02	9.51e-10
 3.72486e+16	9.73e-01	2.69e-02	9.27e-10
 3.72493e+16	9.74e-01	2.62e-02	9.05e-10
