#depth	H	H+	H2
 3.69394e+11	9.38e-04	9.99e-01	2.25e-14
 2.21637e+12	9.38e-04	9.99e-01	2.25e-14
 9.60425e+12	9.37e-04	9.99e-01	2.25e-14
 3.91558e+13	9.38e-04	9.99e-01	2.26e-14
 9.35306e+13	9.35e-04	9.99e-01	2.27e-14
 1.64218e+14	9.33e-04	9.99e-01	2.28e-14
 2.56111e+14	9.32e-04	9.99e-01	2.30e-14
 3.75573e+14	9.31e-04	9.99e-01	2.32e-14
 5.30873e+14	9.30e-04	9.99e-01	2.35e-14
 7.32763e+14	9.31e-04	9.99e-01	2.40e-14
 9.95220e+14	9.33e-04	9.99e-01	2.46e-14
 1.33641e+15	9.38e-04	9.99e-01	2.54e-14
 1.77997e+15	9.46e-04	9.99e-01	2.65e-14
 2.35658e+15	9.61e-04	9.99e-01	2.80e-14
 3.10619e+15	9.83e-04	9.99e-01	3.01e-14
 4.08067e+15	1.02e-03	9.99e-01	3.31e-14
 5.34750e+15	1.07e-03	9.99e-01	3.76e-14
 6.99438e+15	1.16e-03	9.99e-01	4.43e-14
 8.94595e+15	1.29e-03	9.99e-01	5.38e-14
 1.09874e+16	1.45e-03	9.99e-01	6.62e-14
 1.26085e+16	1.61e-03	9.98e-01	7.85e-14
 1.36008e+16	1.73e-03	9.98e-01	8.75e-14
 1.45019e+16	1.89e-03	9.98e-01	1.01e-13
 1.53878e+16	2.04e-03	9.98e-01	1.12e-13
 1.62539e+16	2.20e-03	9.98e-01	1.24e-13
 1.73798e+16	2.42e-03	9.98e-01	1.41e-13
 1.84881e+16	2.69e-03	9.97e-01	1.62e-13
 1.92907e+16	2.91e-03	9.97e-01	1.79e-13
 1.99406e+16	3.11e-03	9.97e-01	1.95e-13
 2.06746e+16	3.36e-03	9.97e-01	2.15e-13
 2.14952e+16	3.66e-03	9.96e-01	2.39e-13
 2.22527e+16	4.00e-03	9.96e-01	2.66e-13
 2.29121e+16	4.32e-03	9.96e-01	2.93e-13
 2.35237e+16	4.65e-03	9.95e-01	3.20e-13
 2.42228e+16	5.08e-03	9.95e-01	3.56e-13
 2.49566e+16	5.58e-03	9.94e-01	3.98e-13
 2.55709e+16	6.09e-03	9.94e-01	4.41e-13
 2.60976e+16	6.55e-03	9.93e-01	4.80e-13
 2.66753e+16	7.13e-03	9.93e-01	5.30e-13
 2.73061e+16	7.86e-03	9.92e-01	5.93e-13
 2.78610e+16	8.61e-03	9.91e-01	6.58e-13
 2.83397e+16	9.35e-03	9.91e-01	7.24e-13
 2.88645e+16	1.03e-02	9.90e-01	8.04e-13
 2.94315e+16	1.14e-02	9.89e-01	9.09e-13
 2.99139e+16	1.26e-02	9.87e-01	1.01e-12
 3.03127e+16	1.37e-02	9.86e-01	1.12e-12
 3.07423e+16	1.51e-02	9.85e-01	1.24e-12
 3.12021e+16	1.68e-02	9.83e-01	1.41e-12
 3.15902e+16	1.86e-02	9.81e-01	1.57e-12
 3.19137e+16	2.03e-02	9.80e-01	1.74e-12
 3.22642e+16	2.25e-02	9.77e-01	1.94e-12
 3.26383e+16	2.53e-02	9.75e-01	2.21e-12
 3.29520e+16	2.81e-02	9.72e-01	2.50e-12
 3.32122e+16	3.09e-02	9.69e-01	2.78e-12
 3.34943e+16	3.46e-02	9.65e-01	3.15e-12
 3.37960e+16	3.93e-02	9.61e-01	3.64e-12
 3.40513e+16	4.43e-02	9.56e-01	4.18e-12
 3.42649e+16	4.94e-02	9.51e-01	4.74e-12
 3.44965e+16	5.63e-02	9.44e-01	5.52e-12
 3.47441e+16	6.55e-02	9.35e-01	6.59e-12
 3.49528e+16	7.56e-02	9.24e-01	7.84e-12
 3.51256e+16	8.63e-02	9.14e-01	9.20e-12
 3.52635e+16	9.67e-02	9.03e-01	1.06e-11
 3.53674e+16	1.06e-01	8.94e-01	1.19e-11
 3.54754e+16	1.17e-01	8.83e-01	1.35e-11
 3.55905e+16	1.32e-01	8.68e-01	1.57e-11
 3.56857e+16	1.46e-01	8.54e-01	1.79e-11
 3.57628e+16	1.59e-01	8.41e-01	2.02e-11
 3.58342e+16	1.73e-01	8.27e-01	2.26e-11
 3.59156e+16	1.92e-01	8.08e-01	2.61e-11
 3.59981e+16	2.14e-01	7.86e-01	3.05e-11
 3.60617e+16	2.33e-01	7.67e-01	3.47e-11
 3.61135e+16	2.51e-01	7.49e-01	3.88e-11
 3.61703e+16	2.73e-01	7.27e-01	4.42e-11
 3.62311e+16	3.00e-01	7.00e-01	5.12e-11
 3.62827e+16	3.25e-01	6.75e-01	5.85e-11
 3.63261e+16	3.48e-01	6.52e-01	6.58e-11
 3.63718e+16	3.75e-01	6.25e-01	7.52e-11
 3.64201e+16	4.06e-01	5.94e-01	8.70e-11
 3.64618e+16	4.35e-01	5.65e-01	9.93e-11
 3.64967e+16	4.61e-01	5.39e-01	1.12e-10
 3.65281e+16	4.85e-01	5.15e-01	1.24e-10
 3.65576e+16	5.09e-01	4.91e-01	1.38e-10
 3.65850e+16	5.32e-01	4.68e-01	1.53e-10
 3.66056e+16	5.49e-01	4.51e-01	1.65e-10
 3.66187e+16	5.59e-01	4.41e-01	1.73e-10
 3.66310e+16	5.70e-01	4.30e-01	1.81e-10
 3.66453e+16	5.83e-01	4.17e-01	1.92e-10
 3.66604e+16	5.97e-01	4.03e-01	2.04e-10
 3.66747e+16	6.10e-01	3.90e-01	2.16e-10
 3.66880e+16	6.22e-01	3.78e-01	2.29e-10
 3.67009e+16	6.34e-01	3.66e-01	2.42e-10
 3.67138e+16	6.46e-01	3.54e-01	2.55e-10
 3.67266e+16	6.58e-01	3.42e-01	2.70e-10
 3.67391e+16	6.70e-01	3.30e-01	2.86e-10
 3.67512e+16	6.81e-01	3.19e-01	3.02e-10
 3.67631e+16	6.92e-01	3.08e-01	3.19e-10
 3.67749e+16	7.03e-01	2.97e-01	3.37e-10
 3.67864e+16	7.14e-01	2.86e-01	3.56e-10
 3.67977e+16	7.25e-01	2.75e-01	3.76e-10
 3.68088e+16	7.35e-01	2.65e-01	3.97e-10
 3.68197e+16	7.45e-01	2.55e-01	4.19e-10
 3.68305e+16	7.55e-01	2.45e-01	4.42e-10
 3.68410e+16	7.64e-01	2.36e-01	4.67e-10
 3.68514e+16	7.74e-01	2.26e-01	4.93e-10
 3.68616e+16	7.83e-01	2.17e-01	5.21e-10
 3.68716e+16	7.91e-01	2.09e-01	5.50e-10
 3.68814e+16	8.00e-01	2.00e-01	5.81e-10
 3.68911e+16	8.08e-01	1.92e-01	6.13e-10
 3.69006e+16	8.16e-01	1.84e-01	6.48e-10
 3.69100e+16	8.24e-01	1.76e-01	6.84e-10
 3.69192e+16	8.31e-01	1.69e-01	7.23e-10
 3.69283e+16	8.38e-01	1.62e-01	7.65e-10
 3.69371e+16	8.45e-01	1.55e-01	8.08e-10
 3.69457e+16	8.52e-01	1.48e-01	8.53e-10
 3.69541e+16	8.58e-01	1.42e-01	9.01e-10
 3.69622e+16	8.64e-01	1.36e-01	9.50e-10
 3.69703e+16	8.70e-01	1.30e-01	1.00e-09
 3.69782e+16	8.75e-01	1.25e-01	1.06e-09
 3.69856e+16	8.80e-01	1.20e-01	1.12e-09
 3.69930e+16	8.85e-01	1.15e-01	1.18e-09
 3.70004e+16	8.90e-01	1.10e-01	1.25e-09
 3.70075e+16	8.94e-01	1.06e-01	1.32e-09
 3.70144e+16	8.99e-01	1.01e-01	1.39e-09
 3.70212e+16	9.03e-01	9.72e-02	1.46e-09
 3.70278e+16	9.07e-01	9.33e-02	1.55e-09
 3.70343e+16	9.10e-01	8.96e-02	1.63e-09
 3.70407e+16	9.14e-01	8.59e-02	1.72e-09
 3.70471e+16	9.18e-01	8.24e-02	1.82e-09
 3.70531e+16	9.21e-01	7.92e-02	1.92e-09
 3.70591e+16	9.24e-01	7.61e-02	2.03e-09
 3.70651e+16	9.27e-01	7.31e-02	2.14e-09
 3.70709e+16	9.30e-01	7.02e-02	2.27e-09
 3.70766e+16	9.33e-01	6.74e-02	2.40e-09
 3.70822e+16	9.35e-01	6.48e-02	2.54e-09
 3.70878e+16	9.38e-01	6.22e-02	2.68e-09
 3.70933e+16	9.40e-01	5.98e-02	2.84e-09
 3.70986e+16	9.42e-01	5.75e-02	3.00e-09
 3.71038e+16	9.45e-01	5.53e-02	3.18e-09
 3.71090e+16	9.47e-01	5.31e-02	3.38e-09
 3.71141e+16	9.49e-01	5.11e-02	3.58e-09
 3.71191e+16	9.51e-01	4.91e-02	3.80e-09
 3.71240e+16	9.53e-01	4.72e-02	4.03e-09
 3.71289e+16	9.55e-01	4.54e-02	4.29e-09
 3.71336e+16	9.56e-01	4.37e-02	4.56e-09
 3.71383e+16	9.58e-01	4.20e-02	4.85e-09
 3.71430e+16	9.60e-01	4.04e-02	5.17e-09
 3.71475e+16	9.61e-01	3.88e-02	5.52e-09
 3.71520e+16	9.63e-01	3.73e-02	5.88e-09
 3.71564e+16	9.64e-01	3.59e-02	6.29e-09
 3.71607e+16	9.65e-01	3.45e-02	6.72e-09
 3.71649e+16	9.67e-01	3.32e-02	7.21e-09
 3.71691e+16	9.68e-01	3.19e-02	7.73e-09
 3.71732e+16	9.69e-01	3.07e-02	8.31e-09
 3.71771e+16	9.70e-01	2.95e-02	8.93e-09
 3.71810e+16	9.72e-01	2.84e-02	9.63e-09
 3.71849e+16	9.73e-01	2.73e-02	1.04e-08
 3.71887e+16	9.74e-01	2.62e-02	1.13e-08
 3.71923e+16	9.75e-01	2.52e-02	1.23e-08
 3.71959e+16	9.76e-01	2.42e-02	1.33e-08
 3.71994e+16	9.77e-01	2.33e-02	1.45e-08
 3.72028e+16	9.78e-01	2.24e-02	1.59e-08
 3.72062e+16	9.79e-01	2.15e-02	1.75e-08
 3.72094e+16	9.79e-01	2.06e-02	1.93e-08
 3.72125e+16	9.80e-01	1.98e-02	2.13e-08
 3.72154e+16	9.81e-01	1.91e-02	2.35e-08
 3.72181e+16	9.82e-01	1.84e-02	2.60e-08
 3.72206e+16	9.82e-01	1.77e-02	2.87e-08
 3.72230e+16	9.83e-01	1.71e-02	3.17e-08
 3.72252e+16	9.83e-01	1.66e-02	3.50e-08
 3.72273e+16	9.84e-01	1.61e-02	3.86e-08
 3.72292e+16	9.84e-01	1.56e-02	4.27e-08
 3.72310e+16	9.85e-01	1.51e-02	4.71e-08
 3.72327e+16	9.85e-01	1.47e-02	5.20e-08
 3.72343e+16	9.86e-01	1.42e-02	5.74e-08
 3.72358e+16	9.86e-01	1.38e-02	6.33e-08
 3.72372e+16	9.87e-01	1.35e-02	6.99e-08
 3.72386e+16	9.87e-01	1.31e-02	7.72e-08
 3.72398e+16	9.87e-01	1.27e-02	8.51e-08
 3.72410e+16	9.88e-01	1.24e-02	9.38e-08
 3.72421e+16	9.88e-01	1.21e-02	1.03e-07
 3.72432e+16	9.88e-01	1.18e-02	1.14e-07
 3.72442e+16	9.88e-01	1.15e-02	1.26e-07
 3.72451e+16	9.89e-01	1.12e-02	1.38e-07
 3.72460e+16	9.89e-01	1.09e-02	1.52e-07
 3.72469e+16	9.89e-01	1.07e-02	1.67e-07
 3.72478e+16	9.90e-01	1.04e-02	1.84e-07
 3.72486e+16	9.90e-01	1.01e-02	2.02e-07
 3.72493e+16	9.90e-01	9.86e-03	2.22e-07
