#depth	H	H+	H2
 4.48789e+11	1.10e-03	9.99e-01	4.48e-14
 2.69273e+12	1.10e-03	9.99e-01	4.48e-14
 1.16685e+13	1.10e-03	9.99e-01	4.48e-14
 4.75716e+13	1.10e-03	9.99e-01	4.50e-14
 1.13633e+14	1.09e-03	9.99e-01	4.51e-14
 1.99514e+14	1.08e-03	9.99e-01	4.52e-14
 3.11158e+14	1.08e-03	9.99e-01	4.55e-14
 4.56296e+14	1.07e-03	9.99e-01	4.58e-14
 6.44975e+14	1.07e-03	9.99e-01	4.63e-14
 8.90257e+14	1.07e-03	9.99e-01	4.70e-14
 1.20912e+15	1.06e-03	9.99e-01	4.79e-14
 1.62365e+15	1.06e-03	9.99e-01	4.91e-14
 2.16254e+15	1.07e-03	9.99e-01	5.08e-14
 2.86309e+15	1.08e-03	9.99e-01	5.31e-14
 3.77381e+15	1.09e-03	9.99e-01	5.63e-14
 4.95774e+15	1.12e-03	9.99e-01	6.07e-14
 6.49685e+15	1.17e-03	9.99e-01	6.69e-14
 8.49770e+15	1.25e-03	9.99e-01	7.56e-14
 1.08033e+16	1.35e-03	9.99e-01	8.67e-14
 1.31526e+16	1.48e-03	9.99e-01	1.00e-13
 1.50436e+16	1.60e-03	9.98e-01	1.13e-13
 1.65479e+16	1.73e-03	9.98e-01	1.25e-13
 1.82027e+16	1.89e-03	9.98e-01	1.40e-13
 2.00230e+16	2.10e-03	9.98e-01	1.60e-13
 2.15351e+16	2.31e-03	9.98e-01	1.82e-13
 2.24782e+16	2.46e-03	9.98e-01	1.98e-13
 2.33626e+16	2.61e-03	9.97e-01	2.12e-13
 2.45122e+16	2.83e-03	9.97e-01	2.35e-13
 2.56677e+16	3.09e-03	9.97e-01	2.62e-13
 2.65478e+16	3.33e-03	9.97e-01	2.88e-13
 2.72725e+16	3.53e-03	9.96e-01	3.10e-13
 2.80783e+16	3.78e-03	9.96e-01	3.35e-13
 2.89716e+16	4.09e-03	9.96e-01	3.69e-13
 2.97708e+16	4.42e-03	9.96e-01	4.05e-13
 3.04526e+16	4.73e-03	9.95e-01	4.41e-13
 3.11899e+16	5.08e-03	9.95e-01	4.79e-13
 3.19848e+16	5.53e-03	9.94e-01	5.29e-13
 3.26662e+16	5.98e-03	9.94e-01	5.82e-13
 3.32437e+16	6.40e-03	9.94e-01	6.30e-13
 3.38741e+16	6.90e-03	9.93e-01	6.86e-13
 3.45630e+16	7.53e-03	9.92e-01	7.58e-13
 3.51679e+16	8.17e-03	9.92e-01	8.34e-13
 3.56872e+16	8.78e-03	9.91e-01	9.07e-13
 3.62550e+16	9.53e-03	9.90e-01	9.93e-13
 3.68725e+16	1.05e-02	9.90e-01	1.11e-12
 3.74113e+16	1.14e-02	9.89e-01	1.22e-12
 3.78756e+16	1.24e-02	9.88e-01	1.34e-12
 3.83864e+16	1.36e-02	9.86e-01	1.48e-12
 3.89338e+16	1.51e-02	9.85e-01	1.66e-12
 3.93934e+16	1.66e-02	9.83e-01	1.85e-12
 3.97694e+16	1.80e-02	9.82e-01	2.03e-12
 4.01720e+16	1.97e-02	9.80e-01	2.25e-12
 4.06101e+16	2.19e-02	9.78e-01	2.54e-12
 4.09880e+16	2.42e-02	9.76e-01	2.84e-12
 4.13030e+16	2.64e-02	9.74e-01	3.13e-12
 4.16424e+16	2.92e-02	9.71e-01	3.50e-12
 4.20095e+16	3.28e-02	9.67e-01	3.99e-12
 4.23242e+16	3.65e-02	9.63e-01	4.51e-12
 4.25880e+16	4.02e-02	9.60e-01	5.03e-12
 4.28744e+16	4.50e-02	9.55e-01	5.71e-12
 4.31854e+16	5.14e-02	9.49e-01	6.65e-12
 4.34537e+16	5.81e-02	9.42e-01	7.66e-12
 4.36816e+16	6.50e-02	9.35e-01	8.74e-12
 4.39319e+16	7.42e-02	9.26e-01	1.02e-11
 4.42037e+16	8.69e-02	9.13e-01	1.23e-11
 4.44073e+16	9.89e-02	9.01e-01	1.43e-11
 4.45312e+16	1.07e-01	8.93e-01	1.58e-11
 4.46475e+16	1.16e-01	8.84e-01	1.74e-11
 4.47987e+16	1.29e-01	8.71e-01	1.98e-11
 4.49517e+16	1.45e-01	8.55e-01	2.28e-11
 4.50691e+16	1.60e-01	8.40e-01	2.57e-11
 4.51631e+16	1.72e-01	8.28e-01	2.82e-11
 4.52647e+16	1.87e-01	8.13e-01	3.14e-11
 4.53772e+16	2.06e-01	7.94e-01	3.55e-11
 4.54779e+16	2.24e-01	7.76e-01	3.98e-11
 4.55645e+16	2.42e-01	7.58e-01	4.39e-11
 4.56589e+16	2.63e-01	7.37e-01	4.93e-11
 4.57597e+16	2.88e-01	7.12e-01	5.59e-11
 4.58453e+16	3.11e-01	6.89e-01	6.26e-11
 4.59182e+16	3.32e-01	6.68e-01	6.86e-11
 4.59981e+16	3.57e-01	6.43e-01	7.66e-11
 4.60853e+16	3.85e-01	6.15e-01	8.61e-11
 4.61638e+16	4.14e-01	5.86e-01	9.63e-11
 4.62337e+16	4.38e-01	5.62e-01	1.06e-10
 4.62981e+16	4.62e-01	5.38e-01	1.16e-10
 4.63597e+16	4.87e-01	5.13e-01	1.27e-10
 4.64209e+16	5.10e-01	4.90e-01	1.38e-10
 4.64780e+16	5.34e-01	4.66e-01	1.51e-10
 4.65194e+16	5.49e-01	4.51e-01	1.59e-10
 4.65464e+16	5.59e-01	4.41e-01	1.65e-10
 4.65738e+16	5.70e-01	4.30e-01	1.72e-10
 4.66071e+16	5.83e-01	4.17e-01	1.81e-10
 4.66419e+16	5.98e-01	4.02e-01	1.90e-10
 4.66733e+16	6.10e-01	3.90e-01	1.99e-10
 4.67027e+16	6.22e-01	3.78e-01	2.08e-10
 4.67325e+16	6.33e-01	3.67e-01	2.17e-10
 4.67631e+16	6.46e-01	3.54e-01	2.28e-10
 4.67933e+16	6.57e-01	3.43e-01	2.37e-10
 4.68229e+16	6.69e-01	3.31e-01	2.48e-10
 4.68525e+16	6.81e-01	3.19e-01	2.60e-10
 4.68814e+16	6.92e-01	3.08e-01	2.71e-10
 4.69100e+16	7.02e-01	2.98e-01	2.83e-10
 4.69390e+16	7.13e-01	2.87e-01	2.96e-10
 4.69676e+16	7.23e-01	2.77e-01	3.09e-10
 4.69959e+16	7.34e-01	2.66e-01	3.23e-10
 4.70239e+16	7.43e-01	2.57e-01	3.36e-10
 4.70521e+16	7.53e-01	2.47e-01	3.52e-10
 4.70803e+16	7.63e-01	2.37e-01	3.68e-10
 4.71077e+16	7.72e-01	2.28e-01	3.84e-10
 4.71348e+16	7.81e-01	2.19e-01	4.00e-10
 4.71624e+16	7.90e-01	2.10e-01	4.20e-10
 4.71898e+16	7.98e-01	2.02e-01	4.37e-10
 4.72168e+16	8.06e-01	1.94e-01	4.57e-10
 4.72438e+16	8.14e-01	1.86e-01	4.79e-10
 4.72703e+16	8.22e-01	1.78e-01	5.00e-10
 4.72966e+16	8.29e-01	1.71e-01	5.21e-10
 4.73231e+16	8.36e-01	1.64e-01	5.46e-10
 4.73492e+16	8.43e-01	1.57e-01	5.72e-10
 4.73750e+16	8.50e-01	1.50e-01	5.98e-10
 4.74003e+16	8.56e-01	1.44e-01	6.23e-10
 4.74250e+16	8.62e-01	1.38e-01	6.53e-10
 4.74493e+16	8.68e-01	1.32e-01	6.83e-10
 4.74737e+16	8.73e-01	1.27e-01	7.14e-10
 4.74979e+16	8.78e-01	1.22e-01	7.47e-10
 4.75215e+16	8.83e-01	1.17e-01	7.78e-10
 4.75445e+16	8.88e-01	1.12e-01	8.16e-10
 4.75673e+16	8.92e-01	1.08e-01	8.55e-10
 4.75901e+16	8.97e-01	1.03e-01	8.95e-10
 4.76127e+16	9.01e-01	9.92e-02	9.33e-10
 4.76349e+16	9.05e-01	9.52e-02	9.81e-10
 4.76566e+16	9.09e-01	9.15e-02	1.03e-09
 4.76781e+16	9.12e-01	8.79e-02	1.08e-09
 4.76999e+16	9.16e-01	8.45e-02	1.12e-09
 4.77214e+16	9.19e-01	8.10e-02	1.18e-09
 4.77425e+16	9.22e-01	7.78e-02	1.24e-09
 4.77631e+16	9.25e-01	7.48e-02	1.31e-09
 4.77834e+16	9.28e-01	7.20e-02	1.37e-09
 4.78042e+16	9.31e-01	6.92e-02	1.44e-09
 4.78248e+16	9.34e-01	6.64e-02	1.52e-09
 4.78446e+16	9.36e-01	6.39e-02	1.59e-09
 4.78642e+16	9.39e-01	6.15e-02	1.68e-09
 4.78841e+16	9.41e-01	5.90e-02	1.78e-09
 4.79038e+16	9.43e-01	5.67e-02	1.89e-09
 4.79232e+16	9.45e-01	5.46e-02	1.98e-09
 4.79424e+16	9.47e-01	5.25e-02	2.11e-09
 4.79616e+16	9.50e-01	5.04e-02	2.24e-09
 4.79805e+16	9.52e-01	4.85e-02	2.38e-09
 4.79993e+16	9.53e-01	4.66e-02	2.54e-09
 4.80183e+16	9.55e-01	4.48e-02	2.71e-09
 4.80373e+16	9.57e-01	4.30e-02	2.89e-09
 4.80557e+16	9.59e-01	4.14e-02	3.09e-09
 4.80735e+16	9.60e-01	3.98e-02	3.32e-09
 4.80908e+16	9.62e-01	3.83e-02	3.56e-09
 4.81086e+16	9.63e-01	3.69e-02	3.82e-09
 4.81268e+16	9.65e-01	3.54e-02	4.18e-09
 4.81441e+16	9.66e-01	3.40e-02	4.51e-09
 4.81612e+16	9.67e-01	3.27e-02	4.93e-09
 4.81788e+16	9.69e-01	3.14e-02	5.41e-09
 4.81959e+16	9.70e-01	3.01e-02	5.97e-09
 4.82126e+16	9.71e-01	2.90e-02	6.61e-09
 4.82290e+16	9.72e-01	2.78e-02	7.36e-09
 4.82453e+16	9.73e-01	2.68e-02	8.22e-09
 4.82611e+16	9.74e-01	2.57e-02	9.26e-09
 4.82756e+16	9.75e-01	2.48e-02	1.04e-08
 4.82887e+16	9.76e-01	2.40e-02	1.16e-08
 4.83007e+16	9.77e-01	2.33e-02	1.30e-08
 4.83123e+16	9.77e-01	2.26e-02	1.45e-08
 4.83234e+16	9.78e-01	2.19e-02	1.63e-08
 4.83337e+16	9.79e-01	2.13e-02	1.82e-08
 4.83434e+16	9.79e-01	2.08e-02	2.03e-08
 4.83527e+16	9.80e-01	2.02e-02	2.27e-08
 4.83616e+16	9.80e-01	1.97e-02	2.53e-08
 4.83701e+16	9.81e-01	1.92e-02	2.83e-08
 4.83783e+16	9.81e-01	1.87e-02	3.14e-08
 4.83863e+16	9.82e-01	1.83e-02	3.49e-08
 4.83943e+16	9.82e-01	1.78e-02	3.89e-08
 4.84022e+16	9.83e-01	1.74e-02	4.32e-08
 4.84100e+16	9.83e-01	1.69e-02	4.79e-08
 4.84178e+16	9.84e-01	1.65e-02	5.30e-08
 4.84259e+16	9.84e-01	1.60e-02	5.85e-08
 4.84341e+16	9.85e-01	1.55e-02	6.39e-08
 4.84417e+16	9.85e-01	1.50e-02	6.85e-08
 4.84486e+16	9.85e-01	1.46e-02	7.25e-08
 4.84547e+16	9.86e-01	1.43e-02	7.56e-08
 4.84605e+16	9.86e-01	1.39e-02	7.82e-08
 4.84662e+16	9.86e-01	1.36e-02	8.04e-08
 4.84716e+16	9.87e-01	1.33e-02	8.25e-08
 4.84768e+16	9.87e-01	1.30e-02	8.43e-08
 4.84815e+16	9.87e-01	1.27e-02	8.58e-08
 4.84859e+16	9.88e-01	1.24e-02	8.72e-08
 4.84898e+16	9.88e-01	1.22e-02	8.85e-08
 4.84934e+16	9.88e-01	1.20e-02	8.97e-08
 4.84966e+16	9.88e-01	1.18e-02	9.08e-08
 4.84996e+16	9.88e-01	1.17e-02	9.17e-08
 4.85028e+16	9.89e-01	1.15e-02	9.30e-08
 4.85063e+16	9.89e-01	1.13e-02	9.43e-08
 4.85095e+16	9.89e-01	1.11e-02	9.55e-08
 4.85124e+16	9.89e-01	1.10e-02	9.67e-08
 4.85151e+16	9.89e-01	1.08e-02	9.77e-08
 4.85180e+16	9.89e-01	1.07e-02	9.90e-08
 4.85211e+16	9.90e-01	1.05e-02	1.01e-07
 4.85239e+16	9.90e-01	1.04e-02	1.02e-07
 4.85265e+16	9.90e-01	1.02e-02	1.03e-07
 4.85293e+16	9.90e-01	1.01e-02	1.05e-07
 4.85324e+16	9.90e-01	9.88e-03	1.06e-07
