#depth	O	O+	O+2	O+3	O+4	O+5	O+6	O+7	O+8	O[1]	O[2]	O[3]
 4.48789e+11	6.90e-06	1.18e-02	9.64e-01	2.44e-02	8.40e-07	0.00e+00	0.00e+00	0.00e+00	0.00e+00	4.84e-06	1.38e-06	6.77e-07
 2.69273e+12	6.89e-06	1.18e-02	9.64e-01	2.44e-02	8.36e-07	0.00e+00	0.00e+00	0.00e+00	0.00e+00	4.83e-06	1.38e-06	6.75e-07
 1.16685e+13	6.89e-06	1.18e-02	9.64e-01	2.40e-02	8.19e-07	0.00e+00	0.00e+00	0.00e+00	0.00e+00	4.83e-06	1.38e-06	6.76e-07
 4.75716e+13	6.92e-06	1.19e-02	9.65e-01	2.27e-02	7.53e-07	0.00e+00	0.00e+00	0.00e+00	0.00e+00	4.85e-06	1.39e-06	6.80e-07
 1.13633e+14	6.90e-06	1.19e-02	9.67e-01	2.09e-02	6.63e-07	0.00e+00	0.00e+00	0.00e+00	0.00e+00	4.83e-06	1.39e-06	6.79e-07
 1.99514e+14	6.91e-06	1.19e-02	9.69e-01	1.88e-02	5.61e-07	0.00e+00	0.00e+00	0.00e+00	0.00e+00	4.83e-06	1.39e-06	6.80e-07
 3.11158e+14	6.94e-06	1.20e-02	9.72e-01	1.62e-02	4.49e-07	0.00e+00	0.00e+00	0.00e+00	0.00e+00	4.86e-06	1.40e-06	6.83e-07
 4.56296e+14	6.97e-06	1.21e-02	9.75e-01	1.34e-02	3.36e-07	0.00e+00	0.00e+00	0.00e+00	0.00e+00	4.88e-06	1.40e-06	6.86e-07
 6.44975e+14	7.04e-06	1.22e-02	9.77e-01	1.04e-02	2.29e-07	0.00e+00	0.00e+00	0.00e+00	0.00e+00	4.93e-06	1.42e-06	6.92e-07
 8.90257e+14	7.14e-06	1.23e-02	9.80e-01	7.39e-03	1.38e-07	0.00e+00	0.00e+00	0.00e+00	0.00e+00	5.00e-06	1.44e-06	7.01e-07
 1.20912e+15	7.28e-06	1.25e-02	9.83e-01	4.75e-03	0.00e+00	0.00e+00	0.00e+00	0.00e+00	0.00e+00	5.10e-06	1.46e-06	7.15e-07
 1.62365e+15	7.47e-06	1.27e-02	9.85e-01	2.68e-03	0.00e+00	0.00e+00	0.00e+00	0.00e+00	0.00e+00	5.24e-06	1.50e-06	7.34e-07
 2.16254e+15	7.76e-06	1.30e-02	9.86e-01	1.29e-03	0.00e+00	0.00e+00	0.00e+00	0.00e+00	0.00e+00	5.44e-06	1.56e-06	7.61e-07
 2.86309e+15	8.16e-06	1.33e-02	9.86e-01	5.17e-04	0.00e+00	0.00e+00	0.00e+00	0.00e+00	0.00e+00	5.72e-06	1.63e-06	7.99e-07
 3.77381e+15	8.74e-06	1.38e-02	9.86e-01	1.72e-04	0.00e+00	0.00e+00	0.00e+00	0.00e+00	0.00e+00	6.13e-06	1.75e-06	8.56e-07
 4.95774e+15	9.62e-06	1.44e-02	9.85e-01	4.93e-05	0.00e+00	0.00e+00	0.00e+00	0.00e+00	0.00e+00	6.76e-06	1.93e-06	9.42e-07
 6.49685e+15	1.10e-05	1.53e-02	9.85e-01	1.48e-05	0.00e+00	0.00e+00	0.00e+00	0.00e+00	0.00e+00	7.70e-06	2.19e-06	1.07e-06
 8.49770e+15	1.31e-05	1.66e-02	9.83e-01	6.40e-06	0.00e+00	0.00e+00	0.00e+00	0.00e+00	0.00e+00	9.22e-06	2.63e-06	1.29e-06
 1.08033e+16	1.62e-05	1.81e-02	9.82e-01	4.19e-06	0.00e+00	0.00e+00	0.00e+00	0.00e+00	0.00e+00	1.14e-05	3.24e-06	1.59e-06
 1.31526e+16	2.04e-05	1.99e-02	9.80e-01	3.30e-06	0.00e+00	0.00e+00	0.00e+00	0.00e+00	0.00e+00	1.43e-05	4.09e-06	2.00e-06
 1.50436e+16	2.47e-05	2.15e-02	9.78e-01	2.85e-06	0.00e+00	0.00e+00	0.00e+00	0.00e+00	0.00e+00	1.73e-05	4.95e-06	2.43e-06
 1.65479e+16	2.93e-05	2.30e-02	9.77e-01	2.56e-06	0.00e+00	0.00e+00	0.00e+00	0.00e+00	0.00e+00	2.05e-05	5.88e-06	2.89e-06
 1.82027e+16	3.56e-05	2.48e-02	9.75e-01	2.32e-06	0.00e+00	0.00e+00	0.00e+00	0.00e+00	0.00e+00	2.49e-05	7.18e-06	3.52e-06
 2.00230e+16	4.48e-05	2.72e-02	9.73e-01	2.10e-06	0.00e+00	0.00e+00	0.00e+00	0.00e+00	0.00e+00	3.13e-05	9.06e-06	4.44e-06
 2.15351e+16	5.47e-05	2.94e-02	9.71e-01	1.93e-06	0.00e+00	0.00e+00	0.00e+00	0.00e+00	0.00e+00	3.82e-05	1.11e-05	5.44e-06
 2.24782e+16	6.27e-05	3.10e-02	9.69e-01	1.84e-06	0.00e+00	0.00e+00	0.00e+00	0.00e+00	0.00e+00	4.37e-05	1.27e-05	6.23e-06
 2.33626e+16	7.13e-05	3.27e-02	9.67e-01	1.76e-06	0.00e+00	0.00e+00	0.00e+00	0.00e+00	0.00e+00	4.97e-05	1.45e-05	7.10e-06
 2.45122e+16	8.50e-05	3.51e-02	9.65e-01	1.67e-06	0.00e+00	0.00e+00	0.00e+00	0.00e+00	0.00e+00	5.92e-05	1.73e-05	8.46e-06
 2.56677e+16	1.02e-04	3.79e-02	9.62e-01	1.58e-06	0.00e+00	0.00e+00	0.00e+00	0.00e+00	0.00e+00	7.13e-05	2.10e-05	1.02e-05
 2.65478e+16	1.19e-04	4.03e-02	9.60e-01	1.52e-06	0.00e+00	0.00e+00	0.00e+00	0.00e+00	0.00e+00	8.30e-05	2.45e-05	1.19e-05
 2.72725e+16	1.36e-04	4.26e-02	9.57e-01	1.46e-06	0.00e+00	0.00e+00	0.00e+00	0.00e+00	0.00e+00	9.43e-05	2.79e-05	1.35e-05
 2.80783e+16	1.57e-04	4.54e-02	9.54e-01	1.40e-06	0.00e+00	0.00e+00	0.00e+00	0.00e+00	0.00e+00	1.09e-04	3.24e-05	1.57e-05
 2.89716e+16	1.87e-04	4.89e-02	9.51e-01	1.34e-06	0.00e+00	0.00e+00	0.00e+00	0.00e+00	0.00e+00	1.30e-04	3.86e-05	1.86e-05
 2.97708e+16	2.20e-04	5.26e-02	9.47e-01	1.28e-06	0.00e+00	0.00e+00	0.00e+00	0.00e+00	0.00e+00	1.53e-04	4.55e-05	2.19e-05
 3.04526e+16	2.55e-04	5.61e-02	9.44e-01	1.23e-06	0.00e+00	0.00e+00	0.00e+00	0.00e+00	0.00e+00	1.77e-04	5.28e-05	2.54e-05
 3.11899e+16	3.00e-04	6.04e-02	9.39e-01	1.17e-06	0.00e+00	0.00e+00	0.00e+00	0.00e+00	0.00e+00	2.08e-04	6.22e-05	2.98e-05
 3.19848e+16	3.61e-04	6.58e-02	9.34e-01	1.11e-06	0.00e+00	0.00e+00	0.00e+00	0.00e+00	0.00e+00	2.50e-04	7.51e-05	3.59e-05
 3.26662e+16	4.28e-04	7.12e-02	9.28e-01	1.05e-06	0.00e+00	0.00e+00	0.00e+00	0.00e+00	0.00e+00	2.96e-04	8.92e-05	4.26e-05
 3.32437e+16	4.97e-04	7.64e-02	9.23e-01	1.00e-06	0.00e+00	0.00e+00	0.00e+00	0.00e+00	0.00e+00	3.44e-04	1.04e-04	4.94e-05
 3.38741e+16	5.88e-04	8.28e-02	9.17e-01	9.46e-07	0.00e+00	0.00e+00	0.00e+00	0.00e+00	0.00e+00	4.06e-04	1.23e-04	5.84e-05
 3.45630e+16	7.14e-04	9.09e-02	9.08e-01	8.84e-07	0.00e+00	0.00e+00	0.00e+00	0.00e+00	0.00e+00	4.93e-04	1.50e-04	7.09e-05
 3.51679e+16	8.56e-04	9.93e-02	9.00e-01	8.28e-07	0.00e+00	0.00e+00	0.00e+00	0.00e+00	0.00e+00	5.91e-04	1.80e-04	8.50e-05
 3.56872e+16	1.01e-03	1.08e-01	8.91e-01	7.76e-07	0.00e+00	0.00e+00	0.00e+00	0.00e+00	0.00e+00	6.95e-04	2.12e-04	1.00e-04
 3.62550e+16	1.21e-03	1.18e-01	8.81e-01	7.19e-07	0.00e+00	0.00e+00	0.00e+00	0.00e+00	0.00e+00	8.34e-04	2.55e-04	1.20e-04
 3.68725e+16	1.50e-03	1.31e-01	8.68e-01	6.58e-07	0.00e+00	0.00e+00	0.00e+00	0.00e+00	0.00e+00	1.03e-03	3.15e-04	1.48e-04
 3.74113e+16	1.82e-03	1.44e-01	8.54e-01	5.99e-07	0.00e+00	0.00e+00	0.00e+00	0.00e+00	0.00e+00	1.26e-03	3.83e-04	1.80e-04
 3.78756e+16	2.18e-03	1.58e-01	8.40e-01	5.47e-07	0.00e+00	0.00e+00	0.00e+00	0.00e+00	0.00e+00	1.50e-03	4.58e-04	2.15e-04
 3.83864e+16	2.66e-03	1.75e-01	8.23e-01	4.95e-07	0.00e+00	0.00e+00	0.00e+00	0.00e+00	0.00e+00	1.84e-03	5.60e-04	2.63e-04
 3.89338e+16	3.35e-03	1.96e-01	8.01e-01	4.36e-07	0.00e+00	0.00e+00	0.00e+00	0.00e+00	0.00e+00	2.31e-03	7.04e-04	3.30e-04
 3.93934e+16	4.11e-03	2.17e-01	7.79e-01	3.86e-07	0.00e+00	0.00e+00	0.00e+00	0.00e+00	0.00e+00	2.84e-03	8.66e-04	4.06e-04
 3.97694e+16	4.90e-03	2.37e-01	7.59e-01	3.46e-07	0.00e+00	0.00e+00	0.00e+00	0.00e+00	0.00e+00	3.39e-03	1.03e-03	4.83e-04
 4.01720e+16	5.97e-03	2.60e-01	7.34e-01	3.04e-07	0.00e+00	0.00e+00	0.00e+00	0.00e+00	0.00e+00	4.12e-03	1.25e-03	5.87e-04
 4.06101e+16	7.47e-03	2.90e-01	7.02e-01	2.59e-07	0.00e+00	0.00e+00	0.00e+00	0.00e+00	0.00e+00	5.16e-03	1.57e-03	7.35e-04
 4.09880e+16	9.16e-03	3.20e-01	6.71e-01	2.23e-07	0.00e+00	0.00e+00	0.00e+00	0.00e+00	0.00e+00	6.33e-03	1.92e-03	9.01e-04
 4.13030e+16	1.09e-02	3.47e-01	6.42e-01	1.92e-07	0.00e+00	0.00e+00	0.00e+00	0.00e+00	0.00e+00	7.55e-03	2.29e-03	1.07e-03
 4.16424e+16	1.33e-02	3.80e-01	6.07e-01	1.62e-07	0.00e+00	0.00e+00	0.00e+00	0.00e+00	0.00e+00	9.20e-03	2.79e-03	1.31e-03
 4.20095e+16	1.67e-02	4.19e-01	5.64e-01	1.31e-07	0.00e+00	0.00e+00	0.00e+00	0.00e+00	0.00e+00	1.15e-02	3.49e-03	1.63e-03
 4.23242e+16	2.04e-02	4.57e-01	5.23e-01	0.00e+00	0.00e+00	0.00e+00	0.00e+00	0.00e+00	0.00e+00	1.41e-02	4.27e-03	2.00e-03
 4.25880e+16	2.43e-02	4.90e-01	4.85e-01	0.00e+00	0.00e+00	0.00e+00	0.00e+00	0.00e+00	0.00e+00	1.68e-02	5.07e-03	2.38e-03
 4.28744e+16	2.95e-02	5.29e-01	4.41e-01	0.00e+00	0.00e+00	0.00e+00	0.00e+00	0.00e+00	0.00e+00	2.05e-02	6.17e-03	2.89e-03
 4.31854e+16	3.69e-02	5.73e-01	3.90e-01	0.00e+00	0.00e+00	0.00e+00	0.00e+00	0.00e+00	0.00e+00	2.56e-02	7.70e-03	3.61e-03
 4.34537e+16	4.50e-02	6.11e-01	3.44e-01	0.00e+00	0.00e+00	0.00e+00	0.00e+00	0.00e+00	0.00e+00	3.12e-02	9.36e-03	4.40e-03
 4.36816e+16	5.36e-02	6.43e-01	3.03e-01	0.00e+00	0.00e+00	0.00e+00	0.00e+00	0.00e+00	0.00e+00	3.72e-02	1.11e-02	5.24e-03
 4.39319e+16	6.53e-02	6.77e-01	2.58e-01	0.00e+00	0.00e+00	0.00e+00	0.00e+00	0.00e+00	0.00e+00	4.54e-02	1.35e-02	6.37e-03
 4.42037e+16	8.14e-02	7.09e-01	2.10e-01	0.00e+00	0.00e+00	0.00e+00	0.00e+00	0.00e+00	0.00e+00	5.67e-02	1.68e-02	7.93e-03
 4.44073e+16	9.68e-02	7.28e-01	1.75e-01	0.00e+00	0.00e+00	0.00e+00	0.00e+00	0.00e+00	0.00e+00	6.75e-02	1.98e-02	9.42e-03
 4.45312e+16	1.08e-01	7.38e-01	1.54e-01	0.00e+00	0.00e+00	0.00e+00	0.00e+00	0.00e+00	0.00e+00	7.52e-02	2.20e-02	1.05e-02
 4.46475e+16	1.19e-01	7.45e-01	1.36e-01	0.00e+00	0.00e+00	0.00e+00	0.00e+00	0.00e+00	0.00e+00	8.31e-02	2.42e-02	1.16e-02
 4.47987e+16	1.36e-01	7.50e-01	1.14e-01	0.00e+00	0.00e+00	0.00e+00	0.00e+00	0.00e+00	0.00e+00	9.50e-02	2.75e-02	1.32e-02
 4.49517e+16	1.55e-01	7.51e-01	9.33e-02	0.00e+00	0.00e+00	0.00e+00	0.00e+00	0.00e+00	0.00e+00	1.09e-01	3.13e-02	1.51e-02
 4.50691e+16	1.73e-01	7.48e-01	7.87e-02	0.00e+00	0.00e+00	0.00e+00	0.00e+00	0.00e+00	0.00e+00	1.22e-01	3.47e-02	1.68e-02
 4.51631e+16	1.88e-01	7.44e-01	6.82e-02	0.00e+00	0.00e+00	0.00e+00	0.00e+00	0.00e+00	0.00e+00	1.32e-01	3.75e-02	1.82e-02
 4.52647e+16	2.07e-01	7.36e-01	5.77e-02	0.00e+00	0.00e+00	0.00e+00	0.00e+00	0.00e+00	0.00e+00	1.46e-01	4.10e-02	1.99e-02
 4.53772e+16	2.29e-01	7.24e-01	4.73e-02	0.00e+00	0.00e+00	0.00e+00	0.00e+00	0.00e+00	0.00e+00	1.62e-01	4.51e-02	2.20e-02
 4.54779e+16	2.51e-01	7.10e-01	3.90e-02	0.00e+00	0.00e+00	0.00e+00	0.00e+00	0.00e+00	0.00e+00	1.78e-01	4.91e-02	2.41e-02
 4.55645e+16	2.72e-01	6.95e-01	3.28e-02	0.00e+00	0.00e+00	0.00e+00	0.00e+00	0.00e+00	0.00e+00	1.93e-01	5.27e-02	2.60e-02
 4.56589e+16	2.96e-01	6.77e-01	2.68e-02	0.00e+00	0.00e+00	0.00e+00	0.00e+00	0.00e+00	0.00e+00	2.11e-01	5.69e-02	2.83e-02
 4.57597e+16	3.25e-01	6.54e-01	2.13e-02	0.00e+00	0.00e+00	0.00e+00	0.00e+00	0.00e+00	0.00e+00	2.32e-01	6.16e-02	3.09e-02
 4.58453e+16	3.51e-01	6.32e-01	1.72e-02	0.00e+00	0.00e+00	0.00e+00	0.00e+00	0.00e+00	0.00e+00	2.52e-01	6.59e-02	3.32e-02
 4.59182e+16	3.74e-01	6.12e-01	1.43e-02	0.00e+00	0.00e+00	0.00e+00	0.00e+00	0.00e+00	0.00e+00	2.69e-01	6.94e-02	3.52e-02
 4.59981e+16	4.02e-01	5.87e-01	1.15e-02	0.00e+00	0.00e+00	0.00e+00	0.00e+00	0.00e+00	0.00e+00	2.90e-01	7.36e-02	3.76e-02
 4.60853e+16	4.32e-01	5.59e-01	9.00e-03	0.00e+00	0.00e+00	0.00e+00	0.00e+00	0.00e+00	0.00e+00	3.14e-01	7.79e-02	4.03e-02
 4.61638e+16	4.62e-01	5.31e-01	7.10e-03	0.00e+00	0.00e+00	0.00e+00	0.00e+00	0.00e+00	0.00e+00	3.37e-01	8.19e-02	4.27e-02
 4.62337e+16	4.88e-01	5.06e-01	5.72e-03	0.00e+00	0.00e+00	0.00e+00	0.00e+00	0.00e+00	0.00e+00	3.58e-01	8.52e-02	4.48e-02
 4.62981e+16	5.13e-01	4.83e-01	4.64e-03	0.00e+00	0.00e+00	0.00e+00	0.00e+00	0.00e+00	0.00e+00	3.78e-01	8.81e-02	4.68e-02
 4.63597e+16	5.37e-01	4.59e-01	3.77e-03	0.00e+00	0.00e+00	0.00e+00	0.00e+00	0.00e+00	0.00e+00	3.98e-01	9.08e-02	4.87e-02
 4.64209e+16	5.61e-01	4.36e-01	3.05e-03	0.00e+00	0.00e+00	0.00e+00	0.00e+00	0.00e+00	0.00e+00	4.17e-01	9.32e-02	5.04e-02
 4.64780e+16	5.84e-01	4.13e-01	2.48e-03	0.00e+00	0.00e+00	0.00e+00	0.00e+00	0.00e+00	0.00e+00	4.37e-01	9.52e-02	5.20e-02
 4.65194e+16	6.00e-01	3.98e-01	2.14e-03	0.00e+00	0.00e+00	0.00e+00	0.00e+00	0.00e+00	0.00e+00	4.50e-01	9.64e-02	5.31e-02
 4.65464e+16	6.10e-01	3.88e-01	1.94e-03	0.00e+00	0.00e+00	0.00e+00	0.00e+00	0.00e+00	0.00e+00	4.59e-01	9.71e-02	5.37e-02
 4.65738e+16	6.20e-01	3.78e-01	1.75e-03	0.00e+00	0.00e+00	0.00e+00	0.00e+00	0.00e+00	0.00e+00	4.68e-01	9.78e-02	5.44e-02
 4.66071e+16	6.33e-01	3.65e-01	1.54e-03	0.00e+00	0.00e+00	0.00e+00	0.00e+00	0.00e+00	0.00e+00	4.79e-01	9.86e-02	5.51e-02
 4.66419e+16	6.47e-01	3.52e-01	1.34e-03	0.00e+00	0.00e+00	0.00e+00	0.00e+00	0.00e+00	0.00e+00	4.92e-01	9.93e-02	5.59e-02
 4.66733e+16	6.59e-01	3.40e-01	1.19e-03	0.00e+00	0.00e+00	0.00e+00	0.00e+00	0.00e+00	0.00e+00	5.02e-01	9.99e-02	5.66e-02
 4.67027e+16	6.70e-01	3.29e-01	1.05e-03	0.00e+00	0.00e+00	0.00e+00	0.00e+00	0.00e+00	0.00e+00	5.12e-01	1.00e-01	5.72e-02
 4.67325e+16	6.81e-01	3.18e-01	9.32e-04	0.00e+00	0.00e+00	0.00e+00	0.00e+00	0.00e+00	0.00e+00	5.22e-01	1.01e-01	5.77e-02
 4.67631e+16	6.93e-01	3.06e-01	8.19e-04	0.00e+00	0.00e+00	0.00e+00	0.00e+00	0.00e+00	0.00e+00	5.33e-01	1.01e-01	5.83e-02
 4.67933e+16	7.03e-01	2.96e-01	7.21e-04	0.00e+00	0.00e+00	0.00e+00	0.00e+00	0.00e+00	0.00e+00	5.43e-01	1.01e-01	5.87e-02
 4.68229e+16	7.14e-01	2.85e-01	6.35e-04	0.00e+00	0.00e+00	0.00e+00	0.00e+00	0.00e+00	0.00e+00	5.54e-01	1.01e-01	5.92e-02
 4.68525e+16	7.25e-01	2.74e-01	5.58e-04	0.00e+00	0.00e+00	0.00e+00	0.00e+00	0.00e+00	0.00e+00	5.64e-01	1.01e-01	5.96e-02
 4.68814e+16	7.35e-01	2.64e-01	4.91e-04	0.00e+00	0.00e+00	0.00e+00	0.00e+00	0.00e+00	0.00e+00	5.74e-01	1.01e-01	5.99e-02
 4.69100e+16	7.45e-01	2.55e-01	4.32e-04	0.00e+00	0.00e+00	0.00e+00	0.00e+00	0.00e+00	0.00e+00	5.83e-01	1.01e-01	6.02e-02
 4.69390e+16	7.55e-01	2.45e-01	3.79e-04	0.00e+00	0.00e+00	0.00e+00	0.00e+00	0.00e+00	0.00e+00	5.93e-01	1.01e-01	6.05e-02
 4.69676e+16	7.64e-01	2.35e-01	3.32e-04	0.00e+00	0.00e+00	0.00e+00	0.00e+00	0.00e+00	0.00e+00	6.03e-01	1.01e-01	6.07e-02
 4.69959e+16	7.74e-01	2.26e-01	2.91e-04	0.00e+00	0.00e+00	0.00e+00	0.00e+00	0.00e+00	0.00e+00	6.12e-01	1.01e-01	6.09e-02
 4.70239e+16	7.82e-01	2.17e-01	2.55e-04	0.00e+00	0.00e+00	0.00e+00	0.00e+00	0.00e+00	0.00e+00	6.21e-01	1.00e-01	6.10e-02
 4.70521e+16	7.91e-01	2.08e-01	2.23e-04	0.00e+00	0.00e+00	0.00e+00	0.00e+00	0.00e+00	0.00e+00	6.30e-01	9.97e-02	6.11e-02
 4.70803e+16	8.00e-01	2.00e-01	1.95e-04	0.00e+00	0.00e+00	0.00e+00	0.00e+00	0.00e+00	0.00e+00	6.40e-01	9.92e-02	6.11e-02
 4.71077e+16	8.08e-01	1.92e-01	1.71e-04	0.00e+00	0.00e+00	0.00e+00	0.00e+00	0.00e+00	0.00e+00	6.48e-01	9.87e-02	6.11e-02
 4.71348e+16	8.16e-01	1.84e-01	1.49e-04	0.00e+00	0.00e+00	0.00e+00	0.00e+00	0.00e+00	0.00e+00	6.56e-01	9.81e-02	6.11e-02
 4.71624e+16	8.24e-01	1.76e-01	1.30e-04	0.00e+00	0.00e+00	0.00e+00	0.00e+00	0.00e+00	0.00e+00	6.65e-01	9.75e-02	6.11e-02
 4.71898e+16	8.31e-01	1.69e-01	1.13e-04	0.00e+00	0.00e+00	0.00e+00	0.00e+00	0.00e+00	0.00e+00	6.73e-01	9.68e-02	6.10e-02
 4.72168e+16	8.38e-01	1.62e-01	9.89e-05	0.00e+00	0.00e+00	0.00e+00	0.00e+00	0.00e+00	0.00e+00	6.81e-01	9.61e-02	6.08e-02
 4.72438e+16	8.45e-01	1.55e-01	8.61e-05	0.00e+00	0.00e+00	0.00e+00	0.00e+00	0.00e+00	0.00e+00	6.89e-01	9.54e-02	6.07e-02
 4.72703e+16	8.52e-01	1.48e-01	7.51e-05	0.00e+00	0.00e+00	0.00e+00	0.00e+00	0.00e+00	0.00e+00	6.97e-01	9.46e-02	6.05e-02
 4.72966e+16	8.58e-01	1.42e-01	6.55e-05	0.00e+00	0.00e+00	0.00e+00	0.00e+00	0.00e+00	0.00e+00	7.04e-01	9.38e-02	6.03e-02
 4.73231e+16	8.64e-01	1.36e-01	5.70e-05	0.00e+00	0.00e+00	0.00e+00	0.00e+00	0.00e+00	0.00e+00	7.11e-01	9.30e-02	6.00e-02
 4.73492e+16	8.70e-01	1.30e-01	4.96e-05	0.00e+00	0.00e+00	0.00e+00	0.00e+00	0.00e+00	0.00e+00	7.18e-01	9.22e-02	5.98e-02
 4.73750e+16	8.76e-01	1.24e-01	4.32e-05	0.00e+00	0.00e+00	0.00e+00	0.00e+00	0.00e+00	0.00e+00	7.25e-01	9.13e-02	5.95e-02
 4.74003e+16	8.81e-01	1.19e-01	3.77e-05	0.00e+00	0.00e+00	0.00e+00	0.00e+00	0.00e+00	0.00e+00	7.31e-01	9.05e-02	5.92e-02
 4.74250e+16	8.86e-01	1.14e-01	3.30e-05	0.00e+00	0.00e+00	0.00e+00	0.00e+00	0.00e+00	0.00e+00	7.37e-01	8.97e-02	5.89e-02
 4.74493e+16	8.91e-01	1.09e-01	2.89e-05	0.00e+00	0.00e+00	0.00e+00	0.00e+00	0.00e+00	0.00e+00	7.43e-01	8.89e-02	5.86e-02
 4.74737e+16	8.96e-01	1.04e-01	2.53e-05	0.00e+00	0.00e+00	0.00e+00	0.00e+00	0.00e+00	0.00e+00	7.49e-01	8.81e-02	5.83e-02
 4.74979e+16	9.00e-01	9.99e-02	2.21e-05	0.00e+00	0.00e+00	0.00e+00	0.00e+00	0.00e+00	0.00e+00	7.55e-01	8.73e-02	5.79e-02
 4.75215e+16	9.04e-01	9.58e-02	1.94e-05	0.00e+00	0.00e+00	0.00e+00	0.00e+00	0.00e+00	0.00e+00	7.60e-01	8.65e-02	5.76e-02
 4.75445e+16	9.08e-01	9.19e-02	1.71e-05	0.00e+00	0.00e+00	0.00e+00	0.00e+00	0.00e+00	0.00e+00	7.65e-01	8.57e-02	5.73e-02
 4.75673e+16	9.12e-01	8.81e-02	1.50e-05	0.00e+00	0.00e+00	0.00e+00	0.00e+00	0.00e+00	0.00e+00	7.70e-01	8.49e-02	5.69e-02
 4.75901e+16	9.16e-01	8.44e-02	1.32e-05	0.00e+00	0.00e+00	0.00e+00	0.00e+00	0.00e+00	0.00e+00	7.75e-01	8.42e-02	5.66e-02
 4.76127e+16	9.19e-01	8.10e-02	1.16e-05	0.00e+00	0.00e+00	0.00e+00	0.00e+00	0.00e+00	0.00e+00	7.79e-01	8.34e-02	5.63e-02
 4.76349e+16	9.22e-01	7.76e-02	1.02e-05	0.00e+00	0.00e+00	0.00e+00	0.00e+00	0.00e+00	0.00e+00	7.84e-01	8.27e-02	5.59e-02
 4.76566e+16	9.25e-01	7.45e-02	9.02e-06	0.00e+00	0.00e+00	0.00e+00	0.00e+00	0.00e+00	0.00e+00	7.88e-01	8.20e-02	5.56e-02
 4.76781e+16	9.28e-01	7.15e-02	7.96e-06	0.00e+00	0.00e+00	0.00e+00	0.00e+00	0.00e+00	0.00e+00	7.92e-01	8.13e-02	5.52e-02
 4.76999e+16	9.31e-01	6.87e-02	7.02e-06	0.00e+00	0.00e+00	0.00e+00	0.00e+00	0.00e+00	0.00e+00	7.96e-01	8.06e-02	5.49e-02
 4.77214e+16	9.34e-01	6.58e-02	6.19e-06	0.00e+00	0.00e+00	0.00e+00	0.00e+00	0.00e+00	0.00e+00	8.00e-01	7.99e-02	5.46e-02
 4.77425e+16	9.37e-01	6.32e-02	5.47e-06	0.00e+00	0.00e+00	0.00e+00	0.00e+00	0.00e+00	0.00e+00	8.03e-01	7.93e-02	5.42e-02
 4.77631e+16	9.39e-01	6.07e-02	4.85e-06	0.00e+00	0.00e+00	0.00e+00	0.00e+00	0.00e+00	0.00e+00	8.07e-01	7.86e-02	5.38e-02
 4.77834e+16	9.42e-01	5.83e-02	4.31e-06	0.00e+00	0.00e+00	0.00e+00	0.00e+00	0.00e+00	0.00e+00	8.10e-01	7.80e-02	5.35e-02
 4.78042e+16	9.44e-01	5.60e-02	3.81e-06	0.00e+00	0.00e+00	0.00e+00	0.00e+00	0.00e+00	0.00e+00	8.14e-01	7.74e-02	5.31e-02
 4.78248e+16	9.46e-01	5.37e-02	3.37e-06	0.00e+00	0.00e+00	0.00e+00	0.00e+00	0.00e+00	0.00e+00	8.17e-01	7.67e-02	5.27e-02
 4.78446e+16	9.48e-01	5.17e-02	3.00e-06	0.00e+00	0.00e+00	0.00e+00	0.00e+00	0.00e+00	0.00e+00	8.20e-01	7.62e-02	5.24e-02
 4.78642e+16	9.50e-01	4.96e-02	2.67e-06	0.00e+00	0.00e+00	0.00e+00	0.00e+00	0.00e+00	0.00e+00	8.23e-01	7.56e-02	5.20e-02
 4.78841e+16	9.52e-01	4.76e-02	2.37e-06	0.00e+00	0.00e+00	0.00e+00	0.00e+00	0.00e+00	0.00e+00	8.26e-01	7.50e-02	5.17e-02
 4.79038e+16	9.54e-01	4.57e-02	2.10e-06	0.00e+00	0.00e+00	0.00e+00	0.00e+00	0.00e+00	0.00e+00	8.28e-01	7.45e-02	5.13e-02
 4.79232e+16	9.56e-01	4.40e-02	1.87e-06	0.00e+00	0.00e+00	0.00e+00	0.00e+00	0.00e+00	0.00e+00	8.31e-01	7.40e-02	5.10e-02
 4.79424e+16	9.58e-01	4.23e-02	1.67e-06	0.00e+00	0.00e+00	0.00e+00	0.00e+00	0.00e+00	0.00e+00	8.34e-01	7.34e-02	5.07e-02
 4.79616e+16	9.59e-01	4.06e-02	1.49e-06	0.00e+00	0.00e+00	0.00e+00	0.00e+00	0.00e+00	0.00e+00	8.36e-01	7.29e-02	5.03e-02
 4.79805e+16	9.61e-01	3.90e-02	1.32e-06	0.00e+00	0.00e+00	0.00e+00	0.00e+00	0.00e+00	0.00e+00	8.39e-01	7.24e-02	5.00e-02
 4.79993e+16	9.63e-01	3.74e-02	1.18e-06	0.00e+00	0.00e+00	0.00e+00	0.00e+00	0.00e+00	0.00e+00	8.41e-01	7.20e-02	4.97e-02
 4.80183e+16	9.64e-01	3.59e-02	1.05e-06	0.00e+00	0.00e+00	0.00e+00	0.00e+00	0.00e+00	0.00e+00	8.43e-01	7.15e-02	4.94e-02
 4.80373e+16	9.66e-01	3.45e-02	9.36e-07	0.00e+00	0.00e+00	0.00e+00	0.00e+00	0.00e+00	0.00e+00	8.45e-01	7.10e-02	4.91e-02
 4.80557e+16	9.67e-01	3.31e-02	8.37e-07	0.00e+00	0.00e+00	0.00e+00	0.00e+00	0.00e+00	0.00e+00	8.47e-01	7.06e-02	4.89e-02
 4.80735e+16	9.68e-01	3.19e-02	7.51e-07	0.00e+00	0.00e+00	0.00e+00	0.00e+00	0.00e+00	0.00e+00	8.49e-01	7.02e-02	4.86e-02
 4.80908e+16	9.69e-01	3.07e-02	6.75e-07	0.00e+00	0.00e+00	0.00e+00	0.00e+00	0.00e+00	0.00e+00	8.51e-01	6.98e-02	4.83e-02
 4.81086e+16	9.70e-01	2.95e-02	6.05e-07	0.00e+00	0.00e+00	0.00e+00	0.00e+00	0.00e+00	0.00e+00	8.53e-01	6.94e-02	4.81e-02
 4.81268e+16	9.72e-01	2.83e-02	5.41e-07	0.00e+00	0.00e+00	0.00e+00	0.00e+00	0.00e+00	0.00e+00	8.55e-01	6.90e-02	4.78e-02
 4.81441e+16	9.73e-01	2.72e-02	4.86e-07	0.00e+00	0.00e+00	0.00e+00	0.00e+00	0.00e+00	0.00e+00	8.57e-01	6.86e-02	4.76e-02
 4.81612e+16	9.74e-01	2.61e-02	4.37e-07	0.00e+00	0.00e+00	0.00e+00	0.00e+00	0.00e+00	0.00e+00	8.58e-01	6.83e-02	4.73e-02
 4.81788e+16	9.75e-01	2.50e-02	3.92e-07	0.00e+00	0.00e+00	0.00e+00	0.00e+00	0.00e+00	0.00e+00	8.60e-01	6.79e-02	4.71e-02
 4.81959e+16	9.76e-01	2.40e-02	3.52e-07	0.00e+00	0.00e+00	0.00e+00	0.00e+00	0.00e+00	0.00e+00	8.62e-01	6.75e-02	4.68e-02
 4.82126e+16	9.77e-01	2.31e-02	3.17e-07	0.00e+00	0.00e+00	0.00e+00	0.00e+00	0.00e+00	0.00e+00	8.63e-01	6.72e-02	4.66e-02
 4.82290e+16	9.78e-01	2.21e-02	2.86e-07	0.00e+00	0.00e+00	0.00e+00	0.00e+00	0.00e+00	0.00e+00	8.65e-01	6.69e-02	4.64e-02
 4.82453e+16	9.79e-01	2.12e-02	2.59e-07	0.00e+00	0.00e+00	0.00e+00	0.00e+00	0.00e+00	0.00e+00	8.66e-01	6.65e-02	4.62e-02
 4.82611e+16	9.80e-01	2.04e-02	2.34e-07	0.00e+00	0.00e+00	0.00e+00	0.00e+00	0.00e+00	0.00e+00	8.67e-01	6.62e-02	4.59e-02
 4.82756e+16	9.80e-01	1.96e-02	2.14e-07	0.00e+00	0.00e+00	0.00e+00	0.00e+00	0.00e+00	0.00e+00	8.69e-01	6.59e-02	4.57e-02
 4.82887e+16	9.81e-01	1.90e-02	1.98e-07	0.00e+00	0.00e+00	0.00e+00	0.00e+00	0.00e+00	0.00e+00	8.70e-01	6.57e-02	4.55e-02
 4.83007e+16	9.82e-01	1.84e-02	1.83e-07	0.00e+00	0.00e+00	0.00e+00	0.00e+00	0.00e+00	0.00e+00	8.71e-01	6.54e-02	4.54e-02
 4.83123e+16	9.82e-01	1.78e-02	1.71e-07	0.00e+00	0.00e+00	0.00e+00	0.00e+00	0.00e+00	0.00e+00	8.72e-01	6.52e-02	4.52e-02
 4.83234e+16	9.83e-01	1.73e-02	1.59e-07	0.00e+00	0.00e+00	0.00e+00	0.00e+00	0.00e+00	0.00e+00	8.73e-01	6.50e-02	4.50e-02
 4.83337e+16	9.83e-01	1.68e-02	1.50e-07	0.00e+00	0.00e+00	0.00e+00	0.00e+00	0.00e+00	0.00e+00	8.74e-01	6.48e-02	4.49e-02
 4.83434e+16	9.84e-01	1.64e-02	1.41e-07	0.00e+00	0.00e+00	0.00e+00	0.00e+00	0.00e+00	0.00e+00	8.74e-01	6.45e-02	4.47e-02
 4.83527e+16	9.84e-01	1.59e-02	1.33e-07	0.00e+00	0.00e+00	0.00e+00	0.00e+00	0.00e+00	0.00e+00	8.75e-01	6.43e-02	4.46e-02
 4.83616e+16	9.84e-01	1.55e-02	1.26e-07	0.00e+00	0.00e+00	0.00e+00	0.00e+00	0.00e+00	0.00e+00	8.76e-01	6.41e-02	4.44e-02
 4.83701e+16	9.85e-01	1.51e-02	1.19e-07	0.00e+00	0.00e+00	0.00e+00	0.00e+00	0.00e+00	0.00e+00	8.77e-01	6.39e-02	4.43e-02
 4.83783e+16	9.85e-01	1.47e-02	1.13e-07	0.00e+00	0.00e+00	0.00e+00	0.00e+00	0.00e+00	0.00e+00	8.77e-01	6.37e-02	4.42e-02
 4.83863e+16	9.86e-01	1.44e-02	1.08e-07	0.00e+00	0.00e+00	0.00e+00	0.00e+00	0.00e+00	0.00e+00	8.78e-01	6.35e-02	4.40e-02
 4.83943e+16	9.86e-01	1.40e-02	1.02e-07	0.00e+00	0.00e+00	0.00e+00	0.00e+00	0.00e+00	0.00e+00	8.79e-01	6.33e-02	4.39e-02
 4.84022e+16	9.86e-01	1.36e-02	9.72e-08	0.00e+00	0.00e+00	0.00e+00	0.00e+00	0.00e+00	0.00e+00	8.80e-01	6.31e-02	4.37e-02
 4.84100e+16	9.87e-01	1.32e-02	9.24e-08	0.00e+00	0.00e+00	0.00e+00	0.00e+00	0.00e+00	0.00e+00	8.80e-01	6.29e-02	4.35e-02
 4.84178e+16	9.87e-01	1.29e-02	8.78e-08	0.00e+00	0.00e+00	0.00e+00	0.00e+00	0.00e+00	0.00e+00	8.81e-01	6.27e-02	4.34e-02
 4.84259e+16	9.88e-01	1.25e-02	8.32e-08	0.00e+00	0.00e+00	0.00e+00	0.00e+00	0.00e+00	0.00e+00	8.82e-01	6.25e-02	4.32e-02
 4.84341e+16	9.88e-01	1.21e-02	7.88e-08	0.00e+00	0.00e+00	0.00e+00	0.00e+00	0.00e+00	0.00e+00	8.83e-01	6.22e-02	4.30e-02
 4.84417e+16	9.88e-01	1.17e-02	7.49e-08	0.00e+00	0.00e+00	0.00e+00	0.00e+00	0.00e+00	0.00e+00	8.84e-01	6.20e-02	4.28e-02
 4.84486e+16	9.89e-01	1.13e-02	7.16e-08	0.00e+00	0.00e+00	0.00e+00	0.00e+00	0.00e+00	0.00e+00	8.84e-01	6.17e-02	4.26e-02
 4.84547e+16	9.89e-01	1.10e-02	6.87e-08	0.00e+00	0.00e+00	0.00e+00	0.00e+00	0.00e+00	0.00e+00	8.85e-01	6.15e-02	4.24e-02
 4.84605e+16	9.89e-01	1.08e-02	6.61e-08	0.00e+00	0.00e+00	0.00e+00	0.00e+00	0.00e+00	0.00e+00	8.86e-01	6.13e-02	4.22e-02
 4.84662e+16	9.90e-01	1.05e-02	6.36e-08	0.00e+00	0.00e+00	0.00e+00	0.00e+00	0.00e+00	0.00e+00	8.86e-01	6.11e-02	4.21e-02
 4.84716e+16	9.90e-01	1.02e-02	6.12e-08	0.00e+00	0.00e+00	0.00e+00	0.00e+00	0.00e+00	0.00e+00	8.87e-01	6.09e-02	4.19e-02
 4.84768e+16	9.90e-01	9.96e-03	5.90e-08	0.00e+00	0.00e+00	0.00e+00	0.00e+00	0.00e+00	0.00e+00	8.88e-01	6.06e-02	4.17e-02
 4.84815e+16	9.90e-01	9.73e-03	5.70e-08	0.00e+00	0.00e+00	0.00e+00	0.00e+00	0.00e+00	0.00e+00	8.88e-01	6.04e-02	4.15e-02
 4.84859e+16	9.90e-01	9.52e-03	5.53e-08	0.00e+00	0.00e+00	0.00e+00	0.00e+00	0.00e+00	0.00e+00	8.89e-01	6.02e-02	4.14e-02
 4.84898e+16	9.91e-01	9.33e-03	5.37e-08	0.00e+00	0.00e+00	0.00e+00	0.00e+00	0.00e+00	0.00e+00	8.89e-01	6.01e-02	4.12e-02
 4.84934e+16	9.91e-01	9.14e-03	5.23e-08	0.00e+00	0.00e+00	0.00e+00	0.00e+00	0.00e+00	0.00e+00	8.90e-01	5.99e-02	4.11e-02
 4.84966e+16	9.91e-01	8.99e-03	5.10e-08	0.00e+00	0.00e+00	0.00e+00	0.00e+00	0.00e+00	0.00e+00	8.90e-01	5.97e-02	4.09e-02
 4.84996e+16	9.91e-01	8.87e-03	5.00e-08	0.00e+00	0.00e+00	0.00e+00	0.00e+00	0.00e+00	0.00e+00	8.91e-01	5.96e-02	4.08e-02
 4.85028e+16	9.91e-01	8.71e-03	4.86e-08	0.00e+00	0.00e+00	0.00e+00	0.00e+00	0.00e+00	0.00e+00	8.91e-01	5.94e-02	4.07e-02
 4.85063e+16	9.91e-01	8.54e-03	4.73e-08	0.00e+00	0.00e+00	0.00e+00	0.00e+00	0.00e+00	0.00e+00	8.92e-01	5.92e-02	4.05e-02
 4.85095e+16	9.92e-01	8.40e-03	4.62e-08	0.00e+00	0.00e+00	0.00e+00	0.00e+00	0.00e+00	0.00e+00	8.92e-01	5.90e-02	4.04e-02
 4.85124e+16	9.92e-01	8.27e-03	4.51e-08	0.00e+00	0.00e+00	0.00e+00	0.00e+00	0.00e+00	0.00e+00	8.93e-01	5.89e-02	4.03e-02
 4.85151e+16	9.92e-01	8.16e-03	4.42e-08	0.00e+00	0.00e+00	0.00e+00	0.00e+00	0.00e+00	0.00e+00	8.93e-01	5.87e-02	4.02e-02
 4.85180e+16	9.92e-01	8.02e-03	4.31e-08	0.00e+00	0.00e+00	0.00e+00	0.00e+00	0.00e+00	0.00e+00	8.93e-01	5.85e-02	4.00e-02
 4.85211e+16	9.92e-01	7.88e-03	4.20e-08	0.00e+00	0.00e+00	0.00e+00	0.00e+00	0.00e+00	0.00e+00	8.94e-01	5.83e-02	3.99e-02
 4.85239e+16	9.92e-01	7.76e-03	4.10e-08	0.00e+00	0.00e+00	0.00e+00	0.00e+00	0.00e+00	0.00e+00	8.94e-01	5.81e-02	3.97e-02
 4.85265e+16	9.92e-01	7.64e-03	4.01e-08	0.00e+00	0.00e+00	0.00e+00	0.00e+00	0.00e+00	0.00e+00	8.95e-01	5.80e-02	3.96e-02
 4.85293e+16	9.92e-01	7.51e-03	3.91e-08	0.00e+00	0.00e+00	0.00e+00	0.00e+00	0.00e+00	0.00e+00	8.95e-01	5.78e-02	3.95e-02
 4.85324e+16	9.93e-01	7.36e-03	3.79e-08	0.00e+00	0.00e+00	0.00e+00	0.00e+00	0.00e+00	0.00e+00	8.96e-01	5.76e-02	3.93e-02
