#depth	He	He+	He+2
 4.48789e+11	8.60e-04	9.48e-01	5.15e-02
 2.69273e+12	8.60e-04	9.48e-01	5.15e-02
 1.16685e+13	8.60e-04	9.48e-01	5.12e-02
 4.75716e+13	8.63e-04	9.50e-01	4.96e-02
 1.13633e+14	8.66e-04	9.50e-01	4.87e-02
 1.99514e+14	8.71e-04	9.53e-01	4.61e-02
 3.11158e+14	8.78e-04	9.57e-01	4.19e-02
 4.56296e+14	8.87e-04	9.63e-01	3.61e-02
 6.44975e+14	8.99e-04	9.70e-01	2.90e-02
 8.90257e+14	9.14e-04	9.78e-01	2.13e-02
 1.20912e+15	9.30e-04	9.85e-01	1.39e-02
 1.62365e+15	9.49e-04	9.91e-01	7.82e-03
 2.16254e+15	9.70e-04	9.95e-01	3.70e-03
 2.86309e+15	9.95e-04	9.98e-01	1.43e-03
 3.77381e+15	1.03e-03	9.99e-01	4.38e-04
 4.95774e+15	1.07e-03	9.99e-01	1.06e-04
 6.49685e+15	1.12e-03	9.99e-01	2.06e-05
 8.49770e+15	1.20e-03	9.99e-01	3.40e-06
 1.08033e+16	1.29e-03	9.99e-01	5.84e-07
 1.31526e+16	1.39e-03	9.99e-01	1.30e-07
 1.50436e+16	1.48e-03	9.99e-01	4.57e-08
 1.65479e+16	1.56e-03	9.98e-01	2.13e-08
 1.82027e+16	1.65e-03	9.98e-01	9.81e-09
 2.00230e+16	1.77e-03	9.98e-01	4.46e-09
 2.15351e+16	1.87e-03	9.98e-01	2.49e-09
 2.24782e+16	1.94e-03	9.98e-01	1.76e-09
 2.33626e+16	2.02e-03	9.98e-01	1.26e-09
 2.45122e+16	2.12e-03	9.98e-01	8.34e-10
 2.56677e+16	2.23e-03	9.98e-01	5.75e-10
 2.65478e+16	2.32e-03	9.98e-01	4.40e-10
 2.72725e+16	2.41e-03	9.98e-01	3.56e-10
 2.80783e+16	2.50e-03	9.97e-01	2.81e-10
 2.89716e+16	2.62e-03	9.97e-01	2.22e-10
 2.97708e+16	2.74e-03	9.97e-01	1.83e-10
 3.04526e+16	2.85e-03	9.97e-01	1.56e-10
 3.11899e+16	2.98e-03	9.97e-01	1.33e-10
 3.19848e+16	3.13e-03	9.97e-01	1.14e-10
 3.26662e+16	3.27e-03	9.97e-01	1.01e-10
 3.32437e+16	3.41e-03	9.97e-01	9.23e-11
 3.38741e+16	3.57e-03	9.96e-01	8.39e-11
 3.45630e+16	3.76e-03	9.96e-01	7.67e-11
 3.51679e+16	3.96e-03	9.96e-01	7.16e-11
 3.56872e+16	4.14e-03	9.96e-01	6.79e-11
 3.62550e+16	4.36e-03	9.96e-01	6.45e-11
 3.68725e+16	4.63e-03	9.95e-01	6.15e-11
 3.74113e+16	4.91e-03	9.95e-01	5.95e-11
 3.78756e+16	5.17e-03	9.95e-01	5.81e-11
 3.83864e+16	5.50e-03	9.94e-01	5.70e-11
 3.89338e+16	5.90e-03	9.94e-01	5.61e-11
 3.93934e+16	6.30e-03	9.94e-01	5.57e-11
 3.97694e+16	6.68e-03	9.93e-01	5.57e-11
 4.01720e+16	7.13e-03	9.93e-01	5.58e-11
 4.06101e+16	7.70e-03	9.92e-01	5.61e-11
 4.09880e+16	8.28e-03	9.92e-01	5.64e-11
 4.13030e+16	8.84e-03	9.91e-01	5.79e-11
 4.16424e+16	9.54e-03	9.90e-01	5.92e-11
 4.20095e+16	1.04e-02	9.90e-01	6.07e-11
 4.23242e+16	1.13e-02	9.89e-01	6.28e-11
 4.25880e+16	1.22e-02	9.88e-01	6.54e-11
 4.28744e+16	1.34e-02	9.87e-01	6.85e-11
 4.31854e+16	1.49e-02	9.85e-01	7.15e-11
 4.34537e+16	1.64e-02	9.84e-01	7.81e-11
 4.36816e+16	1.80e-02	9.82e-01	8.37e-11
 4.39319e+16	2.02e-02	9.80e-01	9.14e-11
 4.42037e+16	2.31e-02	9.77e-01	1.03e-10
 4.44073e+16	2.58e-02	9.74e-01	1.14e-10
 4.45312e+16	2.78e-02	9.72e-01	1.21e-10
 4.46475e+16	2.99e-02	9.70e-01	1.32e-10
 4.47987e+16	3.31e-02	9.67e-01	1.46e-10
 4.49517e+16	3.68e-02	9.63e-01	1.66e-10
 4.50691e+16	4.03e-02	9.60e-01	1.79e-10
 4.51631e+16	4.34e-02	9.57e-01	2.00e-10
 4.52647e+16	4.73e-02	9.53e-01	2.21e-10
 4.53772e+16	5.22e-02	9.48e-01	2.48e-10
 4.54779e+16	5.72e-02	9.43e-01	2.80e-10
 4.55645e+16	6.21e-02	9.38e-01	3.15e-10
 4.56589e+16	6.83e-02	9.32e-01	3.57e-10
 4.57597e+16	7.58e-02	9.24e-01	4.11e-10
 4.58453e+16	8.33e-02	9.17e-01	4.62e-10
 4.59182e+16	9.03e-02	9.10e-01	5.20e-10
 4.59981e+16	9.93e-02	9.01e-01	5.85e-10
 4.60853e+16	1.10e-01	8.90e-01	6.81e-10
 4.61638e+16	1.21e-01	8.79e-01	7.70e-10
 4.62337e+16	1.32e-01	8.68e-01	8.75e-10
 4.62981e+16	1.43e-01	8.57e-01	9.79e-10
 4.63597e+16	1.55e-01	8.45e-01	1.08e-09
 4.64209e+16	1.68e-01	8.32e-01	1.21e-09
 4.64780e+16	1.81e-01	8.19e-01	1.34e-09
 4.65194e+16	1.90e-01	8.10e-01	1.44e-09
 4.65464e+16	1.97e-01	8.03e-01	1.51e-09
 4.65738e+16	2.05e-01	7.95e-01	1.58e-09
 4.66071e+16	2.15e-01	7.85e-01	1.67e-09
 4.66419e+16	2.25e-01	7.75e-01	1.77e-09
 4.66733e+16	2.34e-01	7.66e-01	1.87e-09
 4.67027e+16	2.44e-01	7.56e-01	1.96e-09
 4.67325e+16	2.53e-01	7.47e-01	2.07e-09
 4.67631e+16	2.64e-01	7.36e-01	2.17e-09
 4.67933e+16	2.75e-01	7.25e-01	2.29e-09
 4.68229e+16	2.86e-01	7.14e-01	2.41e-09
 4.68525e+16	2.97e-01	7.03e-01	2.53e-09
 4.68814e+16	3.09e-01	6.91e-01	2.65e-09
 4.69100e+16	3.20e-01	6.80e-01	2.78e-09
 4.69390e+16	3.33e-01	6.67e-01	2.90e-09
 4.69676e+16	3.45e-01	6.55e-01	3.04e-09
 4.69959e+16	3.58e-01	6.42e-01	3.17e-09
 4.70239e+16	3.70e-01	6.30e-01	3.32e-09
 4.70521e+16	3.83e-01	6.17e-01	3.46e-09
 4.70803e+16	3.97e-01	6.03e-01	3.60e-09
 4.71077e+16	4.11e-01	5.89e-01	3.74e-09
 4.71348e+16	4.24e-01	5.76e-01	3.89e-09
 4.71624e+16	4.39e-01	5.61e-01	4.03e-09
 4.71898e+16	4.52e-01	5.48e-01	4.19e-09
 4.72168e+16	4.67e-01	5.33e-01	4.34e-09
 4.72438e+16	4.81e-01	5.19e-01	4.48e-09
 4.72703e+16	4.96e-01	5.04e-01	4.63e-09
 4.72966e+16	5.10e-01	4.90e-01	4.78e-09
 4.73231e+16	5.25e-01	4.75e-01	4.93e-09
 4.73492e+16	5.39e-01	4.61e-01	5.07e-09
 4.73750e+16	5.54e-01	4.46e-01	5.21e-09
 4.74003e+16	5.68e-01	4.32e-01	5.35e-09
 4.74250e+16	5.81e-01	4.19e-01	5.48e-09
 4.74493e+16	5.95e-01	4.05e-01	5.60e-09
 4.74737e+16	6.09e-01	3.91e-01	5.72e-09
 4.74979e+16	6.22e-01	3.78e-01	5.84e-09
 4.75215e+16	6.35e-01	3.65e-01	5.96e-09
 4.75445e+16	6.48e-01	3.52e-01	6.07e-09
 4.75673e+16	6.61e-01	3.39e-01	6.16e-09
 4.75901e+16	6.73e-01	3.27e-01	6.26e-09
 4.76127e+16	6.85e-01	3.15e-01	6.36e-09
 4.76349e+16	6.96e-01	3.04e-01	6.45e-09
 4.76566e+16	7.08e-01	2.92e-01	6.53e-09
 4.76781e+16	7.19e-01	2.81e-01	6.59e-09
 4.76999e+16	7.29e-01	2.71e-01	6.68e-09
 4.77214e+16	7.40e-01	2.60e-01	6.74e-09
 4.77425e+16	7.50e-01	2.50e-01	6.81e-09
 4.77631e+16	7.60e-01	2.40e-01	6.86e-09
 4.77834e+16	7.69e-01	2.31e-01	6.90e-09
 4.78042e+16	7.79e-01	2.21e-01	6.96e-09
 4.78248e+16	7.88e-01	2.12e-01	7.00e-09
 4.78446e+16	7.96e-01	2.04e-01	7.04e-09
 4.78642e+16	8.04e-01	1.96e-01	7.07e-09
 4.78841e+16	8.12e-01	1.88e-01	7.09e-09
 4.79038e+16	8.20e-01	1.80e-01	7.11e-09
 4.79232e+16	8.27e-01	1.73e-01	7.14e-09
 4.79424e+16	8.35e-01	1.65e-01	7.15e-09
 4.79616e+16	8.42e-01	1.58e-01	7.16e-09
 4.79805e+16	8.48e-01	1.52e-01	7.16e-09
 4.79993e+16	8.55e-01	1.45e-01	7.15e-09
 4.80183e+16	8.61e-01	1.39e-01	7.14e-09
 4.80373e+16	8.67e-01	1.33e-01	7.14e-09
 4.80557e+16	8.72e-01	1.28e-01	7.15e-09
 4.80735e+16	8.78e-01	1.22e-01	7.15e-09
 4.80908e+16	8.83e-01	1.17e-01	7.13e-09
 4.81086e+16	8.88e-01	1.12e-01	7.12e-09
 4.81268e+16	8.92e-01	1.08e-01	7.12e-09
 4.81441e+16	8.97e-01	1.03e-01	7.07e-09
 4.81612e+16	9.01e-01	9.89e-02	7.05e-09
 4.81788e+16	9.05e-01	9.46e-02	7.02e-09
 4.81959e+16	9.09e-01	9.06e-02	6.99e-09
 4.82126e+16	9.13e-01	8.69e-02	6.95e-09
 4.82290e+16	9.17e-01	8.33e-02	6.92e-09
 4.82453e+16	9.20e-01	8.00e-02	6.89e-09
 4.82611e+16	9.23e-01	7.68e-02	6.84e-09
 4.82756e+16	9.26e-01	7.40e-02	6.81e-09
 4.82887e+16	9.28e-01	7.15e-02	6.76e-09
 4.83007e+16	9.31e-01	6.93e-02	6.72e-09
 4.83123e+16	9.33e-01	6.72e-02	6.67e-09
 4.83234e+16	9.35e-01	6.53e-02	6.62e-09
 4.83337e+16	9.37e-01	6.35e-02	6.58e-09
 4.83434e+16	9.38e-01	6.18e-02	6.53e-09
 4.83527e+16	9.40e-01	6.03e-02	6.48e-09
 4.83616e+16	9.41e-01	5.88e-02	6.43e-09
 4.83701e+16	9.43e-01	5.75e-02	6.38e-09
 4.83783e+16	9.44e-01	5.62e-02	6.33e-09
 4.83863e+16	9.45e-01	5.49e-02	6.29e-09
 4.83943e+16	9.46e-01	5.37e-02	6.23e-09
 4.84022e+16	9.47e-01	5.25e-02	6.18e-09
 4.84100e+16	9.49e-01	5.14e-02	6.12e-09
 4.84178e+16	9.50e-01	5.02e-02	6.07e-09
 4.84259e+16	9.51e-01	4.91e-02	6.00e-09
 4.84341e+16	9.52e-01	4.79e-02	5.93e-09
 4.84417e+16	9.53e-01	4.69e-02	5.86e-09
 4.84486e+16	9.54e-01	4.59e-02	5.80e-09
 4.84547e+16	9.55e-01	4.51e-02	5.73e-09
 4.84605e+16	9.56e-01	4.43e-02	5.66e-09
 4.84662e+16	9.56e-01	4.35e-02	5.61e-09
 4.84716e+16	9.57e-01	4.28e-02	5.54e-09
 4.84768e+16	9.58e-01	4.20e-02	5.47e-09
 4.84815e+16	9.59e-01	4.14e-02	5.41e-09
 4.84859e+16	9.59e-01	4.08e-02	5.35e-09
 4.84898e+16	9.60e-01	4.03e-02	5.29e-09
 4.84934e+16	9.60e-01	3.97e-02	5.23e-09
 4.84966e+16	9.61e-01	3.93e-02	5.19e-09
 4.84996e+16	9.61e-01	3.89e-02	5.15e-09
 4.85028e+16	9.62e-01	3.85e-02	5.10e-09
 4.85063e+16	9.62e-01	3.80e-02	5.04e-09
 4.85095e+16	9.62e-01	3.76e-02	5.00e-09
 4.85124e+16	9.63e-01	3.72e-02	4.96e-09
 4.85151e+16	9.63e-01	3.68e-02	4.92e-09
 4.85180e+16	9.64e-01	3.64e-02	4.87e-09
 4.85211e+16	9.64e-01	3.60e-02	4.82e-09
 4.85239e+16	9.64e-01	3.56e-02	4.78e-09
 4.85265e+16	9.65e-01	3.53e-02	4.74e-09
 4.85293e+16	9.65e-01	3.49e-02	4.70e-09
 4.85324e+16	9.65e-01	3.45e-02	4.67e-09
