#depth	He	He+	He+2
 2.72563e+12	5.58e-05	1.05e-01	8.95e-01
 1.63538e+13	5.57e-05	1.05e-01	8.95e-01
 7.08664e+13	5.59e-05	1.06e-01	8.94e-01
 2.88917e+14	5.67e-05	1.07e-01	8.93e-01
 6.90130e+14	5.70e-05	1.07e-01	8.93e-01
 1.21171e+15	5.83e-05	1.08e-01	8.91e-01
 1.88976e+15	6.07e-05	1.12e-01	8.88e-01
 2.77122e+15	6.47e-05	1.17e-01	8.83e-01
 3.91712e+15	7.12e-05	1.25e-01	8.74e-01
 5.40680e+15	8.23e-05	1.40e-01	8.60e-01
 7.34338e+15	1.02e-04	1.67e-01	8.33e-01
 9.17619e+15	1.28e-04	2.01e-01	7.99e-01
 1.04556e+16	1.54e-04	2.36e-01	7.64e-01
 1.14872e+16	1.82e-04	2.72e-01	7.28e-01
 1.23813e+16	2.13e-04	3.10e-01	6.89e-01
 1.31434e+16	2.45e-04	3.50e-01	6.50e-01
 1.39674e+16	2.87e-04	4.00e-01	6.00e-01
 1.48392e+16	3.38e-04	4.62e-01	5.38e-01
 1.55822e+16	3.91e-04	5.22e-01	4.77e-01
 1.62473e+16	4.43e-04	5.81e-01	4.19e-01
 1.70018e+16	5.06e-04	6.49e-01	3.50e-01
 1.79828e+16	5.88e-04	7.35e-01	2.65e-01
 1.90535e+16	6.73e-04	8.17e-01	1.83e-01
 2.02410e+16	7.57e-04	8.85e-01	1.14e-01
 2.17846e+16	8.40e-04	9.40e-01	5.94e-02
 2.37900e+16	9.18e-04	9.74e-01	2.52e-02
 2.61689e+16	9.90e-04	9.89e-01	9.58e-03
 2.87858e+16	1.06e-03	9.95e-01	3.54e-03
 3.16644e+16	1.14e-03	9.98e-01	1.27e-03
 3.48309e+16	1.24e-03	9.98e-01	4.39e-04
 3.83140e+16	1.36e-03	9.98e-01	1.48e-04
 4.19045e+16	1.50e-03	9.98e-01	5.22e-05
 4.43212e+16	1.60e-03	9.98e-01	2.84e-05
 4.53298e+16	1.65e-03	9.98e-01	2.24e-05
 4.61533e+16	1.69e-03	9.98e-01	1.81e-05
 4.72239e+16	1.75e-03	9.98e-01	1.38e-05
 4.86157e+16	1.82e-03	9.98e-01	9.87e-06
 5.01314e+16	1.91e-03	9.98e-01	7.04e-06
 5.14629e+16	2.00e-03	9.98e-01	5.33e-06
 5.26264e+16	2.08e-03	9.98e-01	4.20e-06
 5.39166e+16	2.18e-03	9.98e-01	3.23e-06
 5.53074e+16	2.30e-03	9.98e-01	2.49e-06
 5.65162e+16	2.41e-03	9.98e-01	2.01e-06
 5.75757e+16	2.51e-03	9.97e-01	1.67e-06
 5.87537e+16	2.64e-03	9.97e-01	1.36e-06
 6.00324e+16	2.79e-03	9.97e-01	1.10e-06
 6.11467e+16	2.94e-03	9.97e-01	9.29e-07
 6.21198e+16	3.08e-03	9.97e-01	7.99e-07
 6.32047e+16	3.25e-03	9.97e-01	6.74e-07
 6.43808e+16	3.46e-03	9.97e-01	5.69e-07
 6.54142e+16	3.66e-03	9.96e-01	4.92e-07
 6.63233e+16	3.86e-03	9.96e-01	4.34e-07
 6.73322e+16	4.11e-03	9.96e-01	3.75e-07
 6.84195e+16	4.42e-03	9.96e-01	3.24e-07
 6.93509e+16	4.71e-03	9.95e-01	2.88e-07
 7.01472e+16	4.99e-03	9.95e-01	2.60e-07
 7.10255e+16	5.35e-03	9.95e-01	2.31e-07
 7.19766e+16	5.78e-03	9.94e-01	2.05e-07
 7.27927e+16	6.21e-03	9.94e-01	1.86e-07
 7.34785e+16	6.62e-03	9.93e-01	1.71e-07
 7.42245e+16	7.13e-03	9.93e-01	1.55e-07
 7.50345e+16	7.77e-03	9.92e-01	1.41e-07
 7.57331e+16	8.41e-03	9.92e-01	1.30e-07
 7.63208e+16	9.03e-03	9.91e-01	1.21e-07
 7.69590e+16	9.81e-03	9.90e-01	1.12e-07
 7.76543e+16	1.08e-02	9.89e-01	1.03e-07
 7.82584e+16	1.18e-02	9.88e-01	9.60e-08
 7.87709e+16	1.28e-02	9.87e-01	9.04e-08
 7.93296e+16	1.41e-02	9.86e-01	8.45e-08
 7.99409e+16	1.57e-02	9.84e-01	7.88e-08
 8.04788e+16	1.75e-02	9.82e-01	7.41e-08
 8.08903e+16	1.91e-02	9.81e-01	7.09e-08
 8.12084e+16	2.05e-02	9.79e-01	6.86e-08
 8.15513e+16	2.23e-02	9.78e-01	6.58e-08
 8.19326e+16	2.45e-02	9.75e-01	6.31e-08
 8.22733e+16	2.69e-02	9.73e-01	6.07e-08
 8.25576e+16	2.91e-02	9.71e-01	5.91e-08
 8.28589e+16	3.19e-02	9.68e-01	5.71e-08
 8.31836e+16	3.53e-02	9.65e-01	5.52e-08
 8.34601e+16	3.87e-02	9.61e-01	5.39e-08
 8.36928e+16	4.19e-02	9.58e-01	5.28e-08
 8.39470e+16	4.60e-02	9.54e-01	5.14e-08
 8.42234e+16	5.11e-02	9.49e-01	5.03e-08
 8.44639e+16	5.63e-02	9.44e-01	4.94e-08
 8.46687e+16	6.12e-02	9.39e-01	4.87e-08
 8.48921e+16	6.77e-02	9.32e-01	4.79e-08
 8.51367e+16	7.53e-02	9.25e-01	4.74e-08
 8.53560e+16	8.35e-02	9.16e-01	4.70e-08
 8.55494e+16	9.17e-02	9.08e-01	4.68e-08
 8.57475e+16	1.01e-01	8.99e-01	4.65e-08
 8.59602e+16	1.13e-01	8.87e-01	4.65e-08
 8.61553e+16	1.25e-01	8.75e-01	4.67e-08
 8.63152e+16	1.37e-01	8.63e-01	4.68e-08
 8.64548e+16	1.48e-01	8.52e-01	4.70e-08
 8.65923e+16	1.59e-01	8.41e-01	4.73e-08
 8.67275e+16	1.72e-01	8.28e-01	4.75e-08
 8.68294e+16	1.82e-01	8.18e-01	4.79e-08
 8.68940e+16	1.89e-01	8.11e-01	4.81e-08
 8.69587e+16	1.97e-01	8.03e-01	4.81e-08
 8.70396e+16	2.06e-01	7.94e-01	4.83e-08
 8.71249e+16	2.17e-01	7.83e-01	4.86e-08
 8.71991e+16	2.26e-01	7.74e-01	4.90e-08
 8.72662e+16	2.35e-01	7.65e-01	4.92e-08
 8.73355e+16	2.44e-01	7.56e-01	4.95e-08
 8.74087e+16	2.55e-01	7.45e-01	4.98e-08
 8.74815e+16	2.66e-01	7.34e-01	5.01e-08
 8.75495e+16	2.76e-01	7.24e-01	5.05e-08
 8.76158e+16	2.88e-01	7.12e-01	5.07e-08
 8.76836e+16	2.99e-01	7.01e-01	5.11e-08
 8.77522e+16	3.11e-01	6.89e-01	5.14e-08
 8.78191e+16	3.23e-01	6.77e-01	5.18e-08
 8.78844e+16	3.35e-01	6.65e-01	5.21e-08
 8.79501e+16	3.48e-01	6.52e-01	5.24e-08
 8.80151e+16	3.60e-01	6.40e-01	5.27e-08
 8.80791e+16	3.73e-01	6.27e-01	5.31e-08
 8.81433e+16	3.87e-01	6.13e-01	5.33e-08
 8.82069e+16	4.00e-01	6.00e-01	5.37e-08
 8.82697e+16	4.14e-01	5.86e-01	5.39e-08
 8.83320e+16	4.28e-01	5.72e-01	5.43e-08
 8.83944e+16	4.42e-01	5.58e-01	5.45e-08
 8.84570e+16	4.57e-01	5.43e-01	5.47e-08
 8.85177e+16	4.71e-01	5.29e-01	5.50e-08
 8.85774e+16	4.85e-01	5.15e-01	5.52e-08
 8.86379e+16	5.00e-01	5.00e-01	5.53e-08
 8.86987e+16	5.14e-01	4.86e-01	5.55e-08
 8.87577e+16	5.29e-01	4.71e-01	5.56e-08
 8.88149e+16	5.43e-01	4.57e-01	5.57e-08
 8.88712e+16	5.57e-01	4.43e-01	5.57e-08
 8.89281e+16	5.71e-01	4.29e-01	5.58e-08
 8.89844e+16	5.85e-01	4.15e-01	5.59e-08
 8.90382e+16	5.99e-01	4.01e-01	5.58e-08
 8.90911e+16	6.12e-01	3.88e-01	5.57e-08
 8.91445e+16	6.25e-01	3.75e-01	5.56e-08
 8.91975e+16	6.38e-01	3.62e-01	5.55e-08
 8.92489e+16	6.51e-01	3.49e-01	5.54e-08
 8.92991e+16	6.63e-01	3.37e-01	5.52e-08
 8.93492e+16	6.75e-01	3.25e-01	5.50e-08
 8.93994e+16	6.87e-01	3.13e-01	5.48e-08
 8.94487e+16	6.98e-01	3.02e-01	5.46e-08
 8.94967e+16	7.09e-01	2.91e-01	5.44e-08
 8.95438e+16	7.20e-01	2.80e-01	5.41e-08
 8.95911e+16	7.31e-01	2.69e-01	5.37e-08
 8.96387e+16	7.41e-01	2.59e-01	5.34e-08
 8.96852e+16	7.51e-01	2.49e-01	5.31e-08
 8.97305e+16	7.60e-01	2.40e-01	5.28e-08
 8.97754e+16	7.70e-01	2.30e-01	5.24e-08
 8.98207e+16	7.79e-01	2.21e-01	5.20e-08
 8.98653e+16	7.87e-01	2.13e-01	5.16e-08
 8.99085e+16	7.96e-01	2.04e-01	5.11e-08
 8.99517e+16	8.04e-01	1.96e-01	5.07e-08
 8.99956e+16	8.12e-01	1.88e-01	5.02e-08
 9.00388e+16	8.19e-01	1.81e-01	4.98e-08
 9.00809e+16	8.27e-01	1.73e-01	4.93e-08
 9.01223e+16	8.33e-01	1.67e-01	4.88e-08
 9.01633e+16	8.40e-01	1.60e-01	4.82e-08
 9.02049e+16	8.47e-01	1.53e-01	4.77e-08
 9.02464e+16	8.53e-01	1.47e-01	4.73e-08
 9.02862e+16	8.59e-01	1.41e-01	4.67e-08
 9.03257e+16	8.65e-01	1.35e-01	4.61e-08
 9.03658e+16	8.70e-01	1.30e-01	4.55e-08
 9.04055e+16	8.76e-01	1.24e-01	4.49e-08
 9.04442e+16	8.81e-01	1.19e-01	4.43e-08
 9.04822e+16	8.86e-01	1.14e-01	4.37e-08
 9.05199e+16	8.90e-01	1.10e-01	4.31e-08
 9.05575e+16	8.95e-01	1.05e-01	4.25e-08
 9.05942e+16	8.99e-01	1.01e-01	4.18e-08
 9.06287e+16	9.03e-01	9.73e-02	4.12e-08
 9.06599e+16	9.06e-01	9.39e-02	4.06e-08
 9.06882e+16	9.09e-01	9.08e-02	4.00e-08
 9.07142e+16	9.12e-01	8.81e-02	3.94e-08
 9.07385e+16	9.14e-01	8.56e-02	3.88e-08
 9.07613e+16	9.17e-01	8.32e-02	3.83e-08
 9.07824e+16	9.19e-01	8.11e-02	3.78e-08
 9.08016e+16	9.21e-01	7.92e-02	3.73e-08
 9.08196e+16	9.23e-01	7.75e-02	3.68e-08
 9.08365e+16	9.24e-01	7.59e-02	3.64e-08
 9.08524e+16	9.26e-01	7.44e-02	3.59e-08
 9.08675e+16	9.27e-01	7.30e-02	3.55e-08
 9.08819e+16	9.28e-01	7.16e-02	3.51e-08
 9.08954e+16	9.30e-01	7.04e-02	3.48e-08
 9.09081e+16	9.31e-01	6.93e-02	3.44e-08
 9.09202e+16	9.32e-01	6.82e-02	3.41e-08
 9.09317e+16	9.33e-01	6.72e-02	3.37e-08
 9.09426e+16	9.34e-01	6.62e-02	3.34e-08
 9.09531e+16	9.35e-01	6.53e-02	3.31e-08
 9.09632e+16	9.36e-01	6.45e-02	3.28e-08
 9.09729e+16	9.36e-01	6.36e-02	3.25e-08
 9.09823e+16	9.37e-01	6.28e-02	3.21e-08
 9.09915e+16	9.38e-01	6.21e-02	3.18e-08
 9.10004e+16	9.39e-01	6.13e-02	3.15e-08
 9.10091e+16	9.39e-01	6.06e-02	3.12e-08
 9.10177e+16	9.40e-01	5.98e-02	3.09e-08
 9.10264e+16	9.41e-01	5.91e-02	3.06e-08
 9.10352e+16	9.42e-01	5.84e-02	3.03e-08
 9.10443e+16	9.42e-01	5.76e-02	2.99e-08
 9.10535e+16	9.43e-01	5.69e-02	2.96e-08
 9.10635e+16	9.44e-01	5.60e-02	2.92e-08
 9.10744e+16	9.45e-01	5.51e-02	2.87e-08
 9.10849e+16	9.46e-01	5.42e-02	2.83e-08
 9.10943e+16	9.47e-01	5.35e-02	2.79e-08
 9.11029e+16	9.47e-01	5.28e-02	2.75e-08
 9.11112e+16	9.48e-01	5.21e-02	2.71e-08
 9.11190e+16	9.49e-01	5.14e-02	2.68e-08
 9.11262e+16	9.49e-01	5.08e-02	2.64e-08
 9.11327e+16	9.50e-01	5.02e-02	2.61e-08
 9.11386e+16	9.50e-01	4.97e-02	2.58e-08
 9.11440e+16	9.51e-01	4.93e-02	2.55e-08
 9.11489e+16	9.51e-01	4.88e-02	2.53e-08
 9.11543e+16	9.52e-01	4.83e-02	2.50e-08
 9.11601e+16	9.52e-01	4.78e-02	2.47e-08
 9.11653e+16	9.53e-01	4.74e-02	2.44e-08
 9.11702e+16	9.53e-01	4.70e-02	2.42e-08
 9.11754e+16	9.53e-01	4.65e-02	2.39e-08
 9.11811e+16	9.54e-01	4.60e-02	2.36e-08
 9.11863e+16	9.54e-01	4.56e-02	2.34e-08
 9.11910e+16	9.55e-01	4.52e-02	2.32e-08
 9.11961e+16	9.55e-01	4.47e-02	2.29e-08
 9.12017e+16	9.56e-01	4.43e-02	2.26e-08
 9.12068e+16	9.56e-01	4.39e-02	2.24e-08
 9.12123e+16	9.57e-01	4.35e-02	2.22e-08
 9.12195e+16	9.57e-01	4.29e-02	2.19e-08
 9.12273e+16	9.58e-01	4.23e-02	2.16e-08
 9.12344e+16	9.58e-01	4.18e-02	2.14e-08
 9.12409e+16	9.59e-01	4.14e-02	2.12e-08
 9.12467e+16	9.59e-01	4.09e-02	2.09e-08
 9.12532e+16	9.60e-01	4.05e-02	2.07e-08
 9.12601e+16	9.60e-01	4.00e-02	2.04e-08
 9.12664e+16	9.60e-01	3.96e-02	2.03e-08
 9.12733e+16	9.61e-01	3.91e-02	2.00e-08
