#depth	H	H+	H2
 2.72563e+12	9.55e-04	9.99e-01	3.45e-14
 1.63538e+13	9.54e-04	9.99e-01	3.45e-14
 7.08664e+13	9.53e-04	9.99e-01	3.45e-14
 2.88917e+14	9.50e-04	9.99e-01	3.48e-14
 6.90130e+14	9.28e-04	9.99e-01	3.46e-14
 1.21171e+15	9.12e-04	9.99e-01	3.47e-14
 1.88976e+15	9.01e-04	9.99e-01	3.52e-14
 2.77122e+15	8.92e-04	9.99e-01	3.62e-14
 3.91712e+15	8.89e-04	9.99e-01	3.78e-14
 5.40680e+15	8.93e-04	9.99e-01	4.04e-14
 7.34338e+15	9.11e-04	9.99e-01	4.47e-14
 9.17619e+15	9.17e-04	9.99e-01	4.84e-14
 1.04556e+16	9.32e-04	9.99e-01	5.17e-14
 1.14872e+16	9.53e-04	9.99e-01	5.53e-14
 1.23813e+16	9.74e-04	9.99e-01	5.89e-14
 1.31434e+16	9.95e-04	9.99e-01	6.23e-14
 1.39674e+16	1.03e-03	9.99e-01	6.71e-14
 1.48392e+16	1.06e-03	9.99e-01	7.22e-14
 1.55822e+16	1.09e-03	9.99e-01	7.72e-14
 1.62473e+16	1.12e-03	9.99e-01	8.24e-14
 1.70018e+16	1.16e-03	9.99e-01	8.91e-14
 1.79828e+16	1.21e-03	9.99e-01	9.82e-14
 1.90535e+16	1.27e-03	9.99e-01	1.09e-13
 2.02410e+16	1.34e-03	9.99e-01	1.22e-13
 2.17846e+16	1.43e-03	9.99e-01	1.38e-13
 2.37900e+16	1.55e-03	9.98e-01	1.58e-13
 2.61689e+16	1.69e-03	9.98e-01	1.83e-13
 2.87858e+16	1.86e-03	9.98e-01	2.13e-13
 3.16644e+16	2.07e-03	9.98e-01	2.49e-13
 3.48309e+16	2.35e-03	9.98e-01	2.96e-13
 3.83140e+16	2.71e-03	9.97e-01	3.59e-13
 4.19045e+16	3.17e-03	9.97e-01	4.39e-13
 4.43212e+16	3.56e-03	9.96e-01	5.16e-13
 4.53298e+16	3.74e-03	9.96e-01	5.51e-13
 4.61533e+16	3.89e-03	9.96e-01	5.79e-13
 4.72239e+16	4.10e-03	9.96e-01	6.17e-13
 4.86157e+16	4.39e-03	9.96e-01	6.69e-13
 5.01314e+16	4.75e-03	9.95e-01	7.37e-13
 5.14629e+16	5.09e-03	9.95e-01	8.05e-13
 5.26264e+16	5.42e-03	9.95e-01	8.69e-13
 5.39166e+16	5.81e-03	9.94e-01	9.44e-13
 5.53074e+16	6.29e-03	9.94e-01	1.04e-12
 5.65162e+16	6.74e-03	9.93e-01	1.13e-12
 5.75757e+16	7.18e-03	9.93e-01	1.23e-12
 5.87537e+16	7.71e-03	9.92e-01	1.33e-12
 6.00324e+16	8.37e-03	9.92e-01	1.48e-12
 6.11467e+16	8.99e-03	9.91e-01	1.61e-12
 6.21198e+16	9.59e-03	9.90e-01	1.74e-12
 6.32047e+16	1.03e-02	9.90e-01	1.91e-12
 6.43808e+16	1.12e-02	9.89e-01	2.10e-12
 6.54142e+16	1.21e-02	9.88e-01	2.31e-12
 6.63233e+16	1.30e-02	9.87e-01	2.52e-12
 6.73322e+16	1.41e-02	9.86e-01	2.78e-12
 6.84195e+16	1.55e-02	9.85e-01	3.11e-12
 6.93509e+16	1.68e-02	9.83e-01	3.43e-12
 7.01472e+16	1.81e-02	9.82e-01	3.75e-12
 7.10255e+16	1.96e-02	9.80e-01	4.14e-12
 7.19766e+16	2.16e-02	9.78e-01	4.65e-12
 7.27927e+16	2.36e-02	9.76e-01	5.17e-12
 7.34785e+16	2.54e-02	9.75e-01	5.66e-12
 7.42245e+16	2.77e-02	9.72e-01	6.28e-12
 7.50345e+16	3.07e-02	9.69e-01	7.09e-12
 7.57331e+16	3.36e-02	9.66e-01	7.93e-12
 7.63208e+16	3.64e-02	9.64e-01	8.75e-12
 7.69590e+16	3.99e-02	9.60e-01	9.78e-12
 7.76543e+16	4.45e-02	9.56e-01	1.11e-11
 7.82584e+16	4.92e-02	9.51e-01	1.26e-11
 7.87709e+16	5.38e-02	9.46e-01	1.40e-11
 7.93296e+16	5.97e-02	9.40e-01	1.59e-11
 7.99409e+16	6.74e-02	9.33e-01	1.85e-11
 8.04788e+16	7.57e-02	9.24e-01	2.13e-11
 8.08903e+16	8.32e-02	9.17e-01	2.40e-11
 8.12084e+16	8.95e-02	9.10e-01	2.62e-11
 8.15513e+16	9.75e-02	9.02e-01	2.92e-11
 8.19326e+16	1.08e-01	8.92e-01	3.31e-11
 8.22733e+16	1.19e-01	8.81e-01	3.74e-11
 8.25576e+16	1.29e-01	8.71e-01	4.13e-11
 8.28589e+16	1.41e-01	8.59e-01	4.65e-11
 8.31836e+16	1.56e-01	8.44e-01	5.30e-11
 8.34601e+16	1.70e-01	8.30e-01	5.96e-11
 8.36928e+16	1.84e-01	8.16e-01	6.58e-11
 8.39470e+16	2.00e-01	8.00e-01	7.40e-11
 8.42234e+16	2.21e-01	7.79e-01	8.44e-11
 8.44639e+16	2.41e-01	7.59e-01	9.53e-11
 8.46687e+16	2.59e-01	7.41e-01	1.05e-10
 8.48921e+16	2.82e-01	7.18e-01	1.19e-10
 8.51367e+16	3.08e-01	6.92e-01	1.35e-10
 8.53560e+16	3.35e-01	6.65e-01	1.53e-10
 8.55494e+16	3.59e-01	6.41e-01	1.70e-10
 8.57475e+16	3.86e-01	6.14e-01	1.91e-10
 8.59602e+16	4.17e-01	5.83e-01	2.16e-10
 8.61553e+16	4.47e-01	5.53e-01	2.43e-10
 8.63152e+16	4.73e-01	5.27e-01	2.67e-10
 8.64548e+16	4.95e-01	5.05e-01	2.90e-10
 8.65923e+16	5.17e-01	4.83e-01	3.14e-10
 8.67275e+16	5.41e-01	4.59e-01	3.42e-10
 8.68294e+16	5.57e-01	4.43e-01	3.62e-10
 8.68940e+16	5.67e-01	4.33e-01	3.75e-10
 8.69587e+16	5.77e-01	4.23e-01	3.89e-10
 8.70396e+16	5.90e-01	4.10e-01	4.09e-10
 8.71249e+16	6.06e-01	3.94e-01	4.31e-10
 8.71991e+16	6.18e-01	3.82e-01	4.49e-10
 8.72662e+16	6.29e-01	3.71e-01	4.68e-10
 8.73355e+16	6.40e-01	3.60e-01	4.87e-10
 8.74087e+16	6.53e-01	3.47e-01	5.10e-10
 8.74815e+16	6.65e-01	3.35e-01	5.33e-10
 8.75495e+16	6.76e-01	3.24e-01	5.54e-10
 8.76158e+16	6.87e-01	3.13e-01	5.77e-10
 8.76836e+16	6.98e-01	3.02e-01	6.00e-10
 8.77522e+16	7.09e-01	2.91e-01	6.27e-10
 8.78191e+16	7.20e-01	2.80e-01	6.51e-10
 8.78844e+16	7.30e-01	2.70e-01	6.78e-10
 8.79501e+16	7.40e-01	2.60e-01	7.06e-10
 8.80151e+16	7.50e-01	2.50e-01	7.34e-10
 8.80791e+16	7.59e-01	2.41e-01	7.61e-10
 8.81433e+16	7.69e-01	2.31e-01	7.94e-10
 8.82069e+16	7.78e-01	2.22e-01	8.23e-10
 8.82697e+16	7.87e-01	2.13e-01	8.58e-10
 8.83320e+16	7.95e-01	2.05e-01	8.88e-10
 8.83944e+16	8.03e-01	1.97e-01	9.24e-10
 8.84570e+16	8.12e-01	1.88e-01	9.62e-10
 8.85177e+16	8.19e-01	1.81e-01	9.98e-10
 8.85774e+16	8.27e-01	1.73e-01	1.03e-09
 8.86379e+16	8.34e-01	1.66e-01	1.08e-09
 8.86987e+16	8.41e-01	1.59e-01	1.12e-09
 8.87577e+16	8.48e-01	1.52e-01	1.16e-09
 8.88149e+16	8.54e-01	1.46e-01	1.20e-09
 8.88712e+16	8.60e-01	1.40e-01	1.25e-09
 8.89281e+16	8.66e-01	1.34e-01	1.30e-09
 8.89844e+16	8.72e-01	1.28e-01	1.35e-09
 8.90382e+16	8.77e-01	1.23e-01	1.40e-09
 8.90911e+16	8.82e-01	1.18e-01	1.45e-09
 8.91445e+16	8.87e-01	1.13e-01	1.51e-09
 8.91975e+16	8.91e-01	1.09e-01	1.57e-09
 8.92489e+16	8.96e-01	1.04e-01	1.63e-09
 8.92991e+16	9.00e-01	1.00e-01	1.69e-09
 8.93492e+16	9.04e-01	9.60e-02	1.76e-09
 8.93994e+16	9.08e-01	9.21e-02	1.82e-09
 8.94487e+16	9.12e-01	8.83e-02	1.89e-09
 8.94967e+16	9.15e-01	8.48e-02	1.97e-09
 8.95438e+16	9.19e-01	8.15e-02	2.06e-09
 8.95911e+16	9.22e-01	7.82e-02	2.14e-09
 8.96387e+16	9.25e-01	7.51e-02	2.23e-09
 8.96852e+16	9.28e-01	7.21e-02	2.33e-09
 8.97305e+16	9.31e-01	6.93e-02	2.43e-09
 8.97754e+16	9.33e-01	6.66e-02	2.53e-09
 8.98207e+16	9.36e-01	6.40e-02	2.65e-09
 8.98653e+16	9.39e-01	6.14e-02	2.79e-09
 8.99085e+16	9.41e-01	5.90e-02	2.93e-09
 8.99517e+16	9.43e-01	5.68e-02	3.07e-09
 8.99956e+16	9.45e-01	5.45e-02	3.24e-09
 9.00388e+16	9.48e-01	5.24e-02	3.41e-09
 9.00809e+16	9.50e-01	5.04e-02	3.60e-09
 9.01223e+16	9.52e-01	4.84e-02	3.82e-09
 9.01633e+16	9.53e-01	4.65e-02	4.06e-09
 9.02049e+16	9.55e-01	4.47e-02	4.31e-09
 9.02464e+16	9.57e-01	4.30e-02	4.59e-09
 9.02862e+16	9.59e-01	4.13e-02	4.92e-09
 9.03257e+16	9.60e-01	3.97e-02	5.30e-09
 9.03658e+16	9.62e-01	3.81e-02	5.73e-09
 9.04055e+16	9.63e-01	3.66e-02	6.23e-09
 9.04442e+16	9.65e-01	3.52e-02	6.81e-09
 9.04822e+16	9.66e-01	3.38e-02	7.47e-09
 9.05199e+16	9.68e-01	3.25e-02	8.26e-09
 9.05575e+16	9.69e-01	3.12e-02	9.22e-09
 9.05942e+16	9.70e-01	3.00e-02	1.04e-08
 9.06287e+16	9.71e-01	2.89e-02	1.17e-08
 9.06599e+16	9.72e-01	2.79e-02	1.31e-08
 9.06882e+16	9.73e-01	2.71e-02	1.47e-08
 9.07142e+16	9.74e-01	2.64e-02	1.64e-08
 9.07385e+16	9.74e-01	2.57e-02	1.83e-08
 9.07613e+16	9.75e-01	2.51e-02	2.07e-08
 9.07824e+16	9.76e-01	2.45e-02	2.31e-08
 9.08016e+16	9.76e-01	2.39e-02	2.59e-08
 9.08196e+16	9.77e-01	2.34e-02	2.90e-08
 9.08365e+16	9.77e-01	2.30e-02	3.24e-08
 9.08524e+16	9.77e-01	2.26e-02	3.62e-08
 9.08675e+16	9.78e-01	2.21e-02	4.05e-08
 9.08819e+16	9.78e-01	2.17e-02	4.53e-08
 9.08954e+16	9.79e-01	2.14e-02	5.07e-08
 9.09081e+16	9.79e-01	2.10e-02	5.67e-08
 9.09202e+16	9.79e-01	2.07e-02	6.33e-08
 9.09317e+16	9.80e-01	2.04e-02	7.07e-08
 9.09426e+16	9.80e-01	2.01e-02	7.89e-08
 9.09531e+16	9.80e-01	1.98e-02	8.81e-08
 9.09632e+16	9.81e-01	1.95e-02	9.83e-08
 9.09729e+16	9.81e-01	1.92e-02	1.10e-07
 9.09823e+16	9.81e-01	1.89e-02	1.22e-07
 9.09915e+16	9.81e-01	1.86e-02	1.36e-07
 9.10004e+16	9.82e-01	1.84e-02	1.52e-07
 9.10091e+16	9.82e-01	1.81e-02	1.68e-07
 9.10177e+16	9.82e-01	1.79e-02	1.87e-07
 9.10264e+16	9.82e-01	1.76e-02	2.07e-07
 9.10352e+16	9.83e-01	1.73e-02	2.29e-07
 9.10443e+16	9.83e-01	1.70e-02	2.55e-07
 9.10535e+16	9.83e-01	1.67e-02	2.79e-07
 9.10635e+16	9.84e-01	1.64e-02	3.07e-07
 9.10744e+16	9.84e-01	1.60e-02	3.36e-07
 9.10849e+16	9.84e-01	1.56e-02	3.61e-07
 9.10943e+16	9.85e-01	1.53e-02	3.80e-07
 9.11029e+16	9.85e-01	1.50e-02	3.96e-07
 9.11112e+16	9.85e-01	1.47e-02	4.09e-07
 9.11190e+16	9.86e-01	1.44e-02	4.19e-07
 9.11262e+16	9.86e-01	1.41e-02	4.27e-07
 9.11327e+16	9.86e-01	1.39e-02	4.34e-07
 9.11386e+16	9.86e-01	1.37e-02	4.41e-07
 9.11440e+16	9.86e-01	1.35e-02	4.46e-07
 9.11489e+16	9.87e-01	1.34e-02	4.51e-07
 9.11543e+16	9.87e-01	1.32e-02	4.56e-07
 9.11601e+16	9.87e-01	1.30e-02	4.62e-07
 9.11653e+16	9.87e-01	1.28e-02	4.67e-07
 9.11702e+16	9.87e-01	1.27e-02	4.71e-07
 9.11754e+16	9.88e-01	1.25e-02	4.77e-07
 9.11811e+16	9.88e-01	1.23e-02	4.83e-07
 9.11863e+16	9.88e-01	1.21e-02	4.89e-07
 9.11910e+16	9.88e-01	1.20e-02	4.94e-07
 9.11961e+16	9.88e-01	1.18e-02	5.01e-07
 9.12017e+16	9.88e-01	1.17e-02	5.08e-07
 9.12068e+16	9.88e-01	1.15e-02	5.13e-07
 9.12123e+16	9.89e-01	1.14e-02	5.18e-07
 9.12195e+16	9.89e-01	1.12e-02	5.26e-07
 9.12273e+16	9.89e-01	1.10e-02	5.34e-07
 9.12344e+16	9.89e-01	1.09e-02	5.42e-07
 9.12409e+16	9.89e-01	1.07e-02	5.49e-07
 9.12467e+16	9.89e-01	1.06e-02	5.56e-07
 9.12532e+16	9.90e-01	1.04e-02	5.64e-07
 9.12601e+16	9.90e-01	1.03e-02	5.72e-07
 9.12664e+16	9.90e-01	1.01e-02	5.80e-07
 9.12733e+16	9.90e-01	9.94e-03	5.90e-07
