#depth	O	O+	O+2	O+3	O+4	O+5	O+6	O+7	O+8	O[1]	O[2]	O[3]
 2.72563e+12	6.64e-07	1.01e-03	2.18e-01	7.44e-01	3.73e-02	1.06e-06	0.00e+00	0.00e+00	0.00e+00	4.93e-07	1.10e-07	6.02e-08
 1.63538e+13	6.62e-07	1.01e-03	2.18e-01	7.44e-01	3.73e-02	1.06e-06	0.00e+00	0.00e+00	0.00e+00	4.92e-07	1.10e-07	6.00e-08
 7.08664e+13	6.63e-07	1.01e-03	2.19e-01	7.43e-01	3.70e-02	1.05e-06	0.00e+00	0.00e+00	0.00e+00	4.93e-07	1.10e-07	6.01e-08
 2.88917e+14	6.69e-07	1.03e-03	2.23e-01	7.40e-01	3.62e-02	1.02e-06	0.00e+00	0.00e+00	0.00e+00	4.97e-07	1.11e-07	6.07e-08
 6.90130e+14	6.52e-07	1.03e-03	2.29e-01	7.35e-01	3.49e-02	9.67e-07	0.00e+00	0.00e+00	0.00e+00	4.85e-07	1.08e-07	5.92e-08
 1.21171e+15	6.55e-07	1.06e-03	2.37e-01	7.29e-01	3.32e-02	9.03e-07	0.00e+00	0.00e+00	0.00e+00	4.87e-07	1.09e-07	5.95e-08
 1.88976e+15	6.71e-07	1.10e-03	2.48e-01	7.19e-01	3.11e-02	8.24e-07	0.00e+00	0.00e+00	0.00e+00	4.99e-07	1.11e-07	6.10e-08
 2.77122e+15	7.06e-07	1.18e-03	2.65e-01	7.06e-01	2.84e-02	7.27e-07	0.00e+00	0.00e+00	0.00e+00	5.24e-07	1.17e-07	6.42e-08
 3.91712e+15	7.69e-07	1.30e-03	2.88e-01	6.85e-01	2.52e-02	6.13e-07	0.00e+00	0.00e+00	0.00e+00	5.71e-07	1.27e-07	7.00e-08
 5.40680e+15	8.82e-07	1.49e-03	3.24e-01	6.54e-01	2.12e-02	4.83e-07	0.00e+00	0.00e+00	0.00e+00	6.55e-07	1.46e-07	8.04e-08
 7.34338e+15	1.09e-06	1.81e-03	3.79e-01	6.03e-01	1.65e-02	3.42e-07	0.00e+00	0.00e+00	0.00e+00	8.10e-07	1.80e-07	9.96e-08
 9.17619e+15	1.31e-06	2.16e-03	4.41e-01	5.45e-01	1.25e-02	2.39e-07	0.00e+00	0.00e+00	0.00e+00	9.72e-07	2.16e-07	1.20e-07
 1.04556e+16	1.54e-06	2.50e-03	4.94e-01	4.94e-01	9.92e-03	1.77e-07	0.00e+00	0.00e+00	0.00e+00	1.14e-06	2.54e-07	1.41e-07
 1.14872e+16	1.79e-06	2.83e-03	5.43e-01	4.47e-01	7.95e-03	1.34e-07	0.00e+00	0.00e+00	0.00e+00	1.33e-06	2.95e-07	1.64e-07
 1.23813e+16	2.05e-06	3.17e-03	5.89e-01	4.02e-01	6.38e-03	0.00e+00	0.00e+00	0.00e+00	0.00e+00	1.52e-06	3.38e-07	1.88e-07
 1.31434e+16	2.31e-06	3.49e-03	6.31e-01	3.60e-01	5.16e-03	0.00e+00	0.00e+00	0.00e+00	0.00e+00	1.72e-06	3.81e-07	2.12e-07
 1.39674e+16	2.67e-06	3.91e-03	6.79e-01	3.13e-01	3.94e-03	0.00e+00	0.00e+00	0.00e+00	0.00e+00	1.99e-06	4.41e-07	2.45e-07
 1.48392e+16	3.09e-06	4.36e-03	7.30e-01	2.63e-01	2.86e-03	0.00e+00	0.00e+00	0.00e+00	0.00e+00	2.29e-06	5.10e-07	2.84e-07
 1.55822e+16	3.50e-06	4.78e-03	7.73e-01	2.20e-01	2.09e-03	0.00e+00	0.00e+00	0.00e+00	0.00e+00	2.60e-06	5.77e-07	3.22e-07
 1.62473e+16	3.92e-06	5.18e-03	8.10e-01	1.83e-01	1.52e-03	0.00e+00	0.00e+00	0.00e+00	0.00e+00	2.91e-06	6.46e-07	3.60e-07
 1.70018e+16	4.46e-06	5.66e-03	8.49e-01	1.45e-01	1.01e-03	0.00e+00	0.00e+00	0.00e+00	0.00e+00	3.31e-06	7.35e-07	4.10e-07
 1.79828e+16	5.19e-06	6.25e-03	8.91e-01	1.02e-01	5.64e-04	0.00e+00	0.00e+00	0.00e+00	0.00e+00	3.86e-06	8.53e-07	4.77e-07
 1.90535e+16	6.01e-06	6.84e-03	9.26e-01	6.73e-02	2.78e-04	0.00e+00	0.00e+00	0.00e+00	0.00e+00	4.47e-06	9.86e-07	5.53e-07
 2.02410e+16	6.99e-06	7.45e-03	9.52e-01	4.05e-02	1.18e-04	0.00e+00	0.00e+00	0.00e+00	0.00e+00	5.20e-06	1.14e-06	6.43e-07
 2.17846e+16	8.26e-06	8.12e-03	9.71e-01	2.07e-02	3.71e-05	0.00e+00	0.00e+00	0.00e+00	0.00e+00	6.15e-06	1.35e-06	7.60e-07
 2.37900e+16	9.95e-06	8.86e-03	9.82e-01	8.74e-03	8.26e-06	0.00e+00	0.00e+00	0.00e+00	0.00e+00	7.41e-06	1.62e-06	9.15e-07
 2.61689e+16	1.21e-05	9.69e-03	9.87e-01	3.34e-03	1.49e-06	0.00e+00	0.00e+00	0.00e+00	0.00e+00	9.05e-06	1.98e-06	1.12e-06
 2.87858e+16	1.51e-05	1.06e-02	9.88e-01	1.26e-03	2.48e-07	0.00e+00	0.00e+00	0.00e+00	0.00e+00	1.12e-05	2.46e-06	1.39e-06
 3.16644e+16	1.91e-05	1.18e-02	9.88e-01	4.80e-04	0.00e+00	0.00e+00	0.00e+00	0.00e+00	0.00e+00	1.42e-05	3.12e-06	1.76e-06
 3.48309e+16	2.52e-05	1.33e-02	9.87e-01	1.96e-04	0.00e+00	0.00e+00	0.00e+00	0.00e+00	0.00e+00	1.87e-05	4.12e-06	2.32e-06
 3.83140e+16	3.45e-05	1.52e-02	9.85e-01	9.50e-05	0.00e+00	0.00e+00	0.00e+00	0.00e+00	0.00e+00	2.57e-05	5.66e-06	3.18e-06
 4.19045e+16	4.88e-05	1.78e-02	9.82e-01	5.88e-05	0.00e+00	0.00e+00	0.00e+00	0.00e+00	0.00e+00	3.63e-05	8.02e-06	4.49e-06
 4.43212e+16	6.27e-05	1.99e-02	9.80e-01	4.76e-05	0.00e+00	0.00e+00	0.00e+00	0.00e+00	0.00e+00	4.66e-05	1.03e-05	5.77e-06
 4.53298e+16	6.99e-05	2.09e-02	9.79e-01	4.41e-05	0.00e+00	0.00e+00	0.00e+00	0.00e+00	0.00e+00	5.20e-05	1.15e-05	6.43e-06
 4.61533e+16	7.65e-05	2.18e-02	9.78e-01	4.16e-05	0.00e+00	0.00e+00	0.00e+00	0.00e+00	0.00e+00	5.69e-05	1.26e-05	7.03e-06
 4.72239e+16	8.61e-05	2.31e-02	9.77e-01	3.87e-05	0.00e+00	0.00e+00	0.00e+00	0.00e+00	0.00e+00	6.40e-05	1.41e-05	7.91e-06
 4.86157e+16	1.01e-04	2.48e-02	9.75e-01	3.54e-05	0.00e+00	0.00e+00	0.00e+00	0.00e+00	0.00e+00	7.49e-05	1.66e-05	9.26e-06
 5.01314e+16	1.20e-04	2.70e-02	9.73e-01	3.24e-05	0.00e+00	0.00e+00	0.00e+00	0.00e+00	0.00e+00	8.94e-05	1.98e-05	1.10e-05
 5.14629e+16	1.41e-04	2.92e-02	9.71e-01	3.00e-05	0.00e+00	0.00e+00	0.00e+00	0.00e+00	0.00e+00	1.05e-04	2.32e-05	1.29e-05
 5.26264e+16	1.63e-04	3.13e-02	9.68e-01	2.81e-05	0.00e+00	0.00e+00	0.00e+00	0.00e+00	0.00e+00	1.21e-04	2.68e-05	1.49e-05
 5.39166e+16	1.92e-04	3.40e-02	9.66e-01	2.60e-05	0.00e+00	0.00e+00	0.00e+00	0.00e+00	0.00e+00	1.43e-04	3.16e-05	1.76e-05
 5.53074e+16	2.31e-04	3.72e-02	9.63e-01	2.39e-05	0.00e+00	0.00e+00	0.00e+00	0.00e+00	0.00e+00	1.72e-04	3.79e-05	2.11e-05
 5.65162e+16	2.72e-04	4.04e-02	9.59e-01	2.22e-05	0.00e+00	0.00e+00	0.00e+00	0.00e+00	0.00e+00	2.02e-04	4.47e-05	2.49e-05
 5.75757e+16	3.16e-04	4.36e-02	9.56e-01	2.07e-05	0.00e+00	0.00e+00	0.00e+00	0.00e+00	0.00e+00	2.35e-04	5.19e-05	2.89e-05
 5.87537e+16	3.74e-04	4.76e-02	9.52e-01	1.91e-05	0.00e+00	0.00e+00	0.00e+00	0.00e+00	0.00e+00	2.78e-04	6.14e-05	3.42e-05
 6.00324e+16	4.53e-04	5.25e-02	9.47e-01	1.75e-05	0.00e+00	0.00e+00	0.00e+00	0.00e+00	0.00e+00	3.37e-04	7.45e-05	4.14e-05
 6.11467e+16	5.38e-04	5.74e-02	9.42e-01	1.61e-05	0.00e+00	0.00e+00	0.00e+00	0.00e+00	0.00e+00	4.00e-04	8.83e-05	4.91e-05
 6.21198e+16	6.28e-04	6.23e-02	9.37e-01	1.49e-05	0.00e+00	0.00e+00	0.00e+00	0.00e+00	0.00e+00	4.68e-04	1.03e-04	5.73e-05
 6.32047e+16	7.53e-04	6.85e-02	9.31e-01	1.36e-05	0.00e+00	0.00e+00	0.00e+00	0.00e+00	0.00e+00	5.60e-04	1.24e-04	6.86e-05
 6.43808e+16	9.18e-04	7.61e-02	9.23e-01	1.23e-05	0.00e+00	0.00e+00	0.00e+00	0.00e+00	0.00e+00	6.83e-04	1.51e-04	8.37e-05
 6.54142e+16	1.11e-03	8.39e-02	9.15e-01	1.12e-05	0.00e+00	0.00e+00	0.00e+00	0.00e+00	0.00e+00	8.23e-04	1.81e-04	1.01e-04
 6.63233e+16	1.31e-03	9.18e-02	9.07e-01	1.02e-05	0.00e+00	0.00e+00	0.00e+00	0.00e+00	0.00e+00	9.74e-04	2.15e-04	1.19e-04
 6.73322e+16	1.59e-03	1.02e-01	8.97e-01	9.15e-06	0.00e+00	0.00e+00	0.00e+00	0.00e+00	0.00e+00	1.18e-03	2.61e-04	1.44e-04
 6.84195e+16	1.97e-03	1.14e-01	8.84e-01	8.09e-06	0.00e+00	0.00e+00	0.00e+00	0.00e+00	0.00e+00	1.47e-03	3.24e-04	1.79e-04
 6.93509e+16	2.40e-03	1.27e-01	8.71e-01	7.22e-06	0.00e+00	0.00e+00	0.00e+00	0.00e+00	0.00e+00	1.79e-03	3.94e-04	2.18e-04
 7.01472e+16	2.85e-03	1.39e-01	8.58e-01	6.51e-06	0.00e+00	0.00e+00	0.00e+00	0.00e+00	0.00e+00	2.12e-03	4.67e-04	2.59e-04
 7.10255e+16	3.47e-03	1.55e-01	8.42e-01	5.72e-06	0.00e+00	0.00e+00	0.00e+00	0.00e+00	0.00e+00	2.59e-03	5.69e-04	3.15e-04
 7.19766e+16	4.34e-03	1.74e-01	8.22e-01	4.96e-06	0.00e+00	0.00e+00	0.00e+00	0.00e+00	0.00e+00	3.24e-03	7.12e-04	3.94e-04
 7.27927e+16	5.31e-03	1.94e-01	8.01e-01	4.32e-06	0.00e+00	0.00e+00	0.00e+00	0.00e+00	0.00e+00	3.96e-03	8.70e-04	4.82e-04
 7.34785e+16	6.33e-03	2.12e-01	7.81e-01	3.82e-06	0.00e+00	0.00e+00	0.00e+00	0.00e+00	0.00e+00	4.72e-03	1.03e-03	5.73e-04
 7.42245e+16	7.70e-03	2.35e-01	7.57e-01	3.30e-06	0.00e+00	0.00e+00	0.00e+00	0.00e+00	0.00e+00	5.74e-03	1.26e-03	6.97e-04
 7.50345e+16	9.63e-03	2.64e-01	7.27e-01	2.77e-06	0.00e+00	0.00e+00	0.00e+00	0.00e+00	0.00e+00	7.18e-03	1.57e-03	8.71e-04
 7.57331e+16	1.18e-02	2.92e-01	6.96e-01	2.34e-06	0.00e+00	0.00e+00	0.00e+00	0.00e+00	0.00e+00	8.79e-03	1.92e-03	1.06e-03
 7.63208e+16	1.40e-02	3.18e-01	6.68e-01	2.00e-06	0.00e+00	0.00e+00	0.00e+00	0.00e+00	0.00e+00	1.05e-02	2.28e-03	1.27e-03
 7.69590e+16	1.71e-02	3.50e-01	6.33e-01	1.66e-06	0.00e+00	0.00e+00	0.00e+00	0.00e+00	0.00e+00	1.27e-02	2.77e-03	1.54e-03
 7.76543e+16	2.13e-02	3.89e-01	5.90e-01	1.33e-06	0.00e+00	0.00e+00	0.00e+00	0.00e+00	0.00e+00	1.59e-02	3.45e-03	1.92e-03
 7.82584e+16	2.60e-02	4.26e-01	5.48e-01	1.07e-06	0.00e+00	0.00e+00	0.00e+00	0.00e+00	0.00e+00	1.94e-02	4.21e-03	2.34e-03
 7.87709e+16	3.10e-02	4.60e-01	5.10e-01	8.70e-07	0.00e+00	0.00e+00	0.00e+00	0.00e+00	0.00e+00	2.32e-02	5.00e-03	2.79e-03
 7.93296e+16	3.76e-02	4.98e-01	4.64e-01	6.79e-07	0.00e+00	0.00e+00	0.00e+00	0.00e+00	0.00e+00	2.81e-02	6.06e-03	3.38e-03
 7.99409e+16	4.67e-02	5.42e-01	4.11e-01	4.99e-07	0.00e+00	0.00e+00	0.00e+00	0.00e+00	0.00e+00	3.50e-02	7.51e-03	4.20e-03
 8.04788e+16	5.71e-02	5.82e-01	3.61e-01	3.67e-07	0.00e+00	0.00e+00	0.00e+00	0.00e+00	0.00e+00	4.28e-02	9.13e-03	5.12e-03
 8.08903e+16	6.66e-02	6.11e-01	3.22e-01	2.82e-07	0.00e+00	0.00e+00	0.00e+00	0.00e+00	0.00e+00	5.00e-02	1.06e-02	5.97e-03
 8.12084e+16	7.48e-02	6.33e-01	2.93e-01	2.27e-07	0.00e+00	0.00e+00	0.00e+00	0.00e+00	0.00e+00	5.62e-02	1.19e-02	6.70e-03
 8.15513e+16	8.52e-02	6.55e-01	2.60e-01	1.75e-07	0.00e+00	0.00e+00	0.00e+00	0.00e+00	0.00e+00	6.41e-02	1.35e-02	7.62e-03
 8.19326e+16	9.87e-02	6.77e-01	2.25e-01	1.28e-07	0.00e+00	0.00e+00	0.00e+00	0.00e+00	0.00e+00	7.43e-02	1.56e-02	8.81e-03
 8.22733e+16	1.13e-01	6.93e-01	1.93e-01	0.00e+00	0.00e+00	0.00e+00	0.00e+00	0.00e+00	0.00e+00	8.52e-02	1.77e-02	1.01e-02
 8.25576e+16	1.26e-01	7.05e-01	1.69e-01	0.00e+00	0.00e+00	0.00e+00	0.00e+00	0.00e+00	0.00e+00	9.51e-02	1.97e-02	1.12e-02
 8.28589e+16	1.42e-01	7.14e-01	1.45e-01	0.00e+00	0.00e+00	0.00e+00	0.00e+00	0.00e+00	0.00e+00	1.07e-01	2.20e-02	1.26e-02
 8.31836e+16	1.61e-01	7.19e-01	1.20e-01	0.00e+00	0.00e+00	0.00e+00	0.00e+00	0.00e+00	0.00e+00	1.22e-01	2.48e-02	1.43e-02
 8.34601e+16	1.80e-01	7.19e-01	1.01e-01	0.00e+00	0.00e+00	0.00e+00	0.00e+00	0.00e+00	0.00e+00	1.37e-01	2.75e-02	1.58e-02
 8.36928e+16	1.97e-01	7.17e-01	8.61e-02	0.00e+00	0.00e+00	0.00e+00	0.00e+00	0.00e+00	0.00e+00	1.50e-01	2.98e-02	1.73e-02
 8.39470e+16	2.17e-01	7.11e-01	7.15e-02	0.00e+00	0.00e+00	0.00e+00	0.00e+00	0.00e+00	0.00e+00	1.66e-01	3.27e-02	1.90e-02
 8.42234e+16	2.43e-01	7.00e-01	5.73e-02	0.00e+00	0.00e+00	0.00e+00	0.00e+00	0.00e+00	0.00e+00	1.85e-01	3.60e-02	2.11e-02
 8.44639e+16	2.67e-01	6.86e-01	4.66e-02	0.00e+00	0.00e+00	0.00e+00	0.00e+00	0.00e+00	0.00e+00	2.05e-01	3.92e-02	2.31e-02
 8.46687e+16	2.88e-01	6.73e-01	3.87e-02	0.00e+00	0.00e+00	0.00e+00	0.00e+00	0.00e+00	0.00e+00	2.22e-01	4.19e-02	2.48e-02
 8.48921e+16	3.15e-01	6.54e-01	3.11e-02	0.00e+00	0.00e+00	0.00e+00	0.00e+00	0.00e+00	0.00e+00	2.43e-01	4.50e-02	2.69e-02
 8.51367e+16	3.45e-01	6.31e-01	2.42e-02	0.00e+00	0.00e+00	0.00e+00	0.00e+00	0.00e+00	0.00e+00	2.67e-01	4.85e-02	2.93e-02
 8.53560e+16	3.75e-01	6.06e-01	1.89e-02	0.00e+00	0.00e+00	0.00e+00	0.00e+00	0.00e+00	0.00e+00	2.91e-01	5.18e-02	3.15e-02
 8.55494e+16	4.02e-01	5.83e-01	1.51e-02	0.00e+00	0.00e+00	0.00e+00	0.00e+00	0.00e+00	0.00e+00	3.14e-01	5.46e-02	3.35e-02
 8.57475e+16	4.31e-01	5.57e-01	1.18e-02	0.00e+00	0.00e+00	0.00e+00	0.00e+00	0.00e+00	0.00e+00	3.38e-01	5.75e-02	3.56e-02
 8.59602e+16	4.64e-01	5.27e-01	8.94e-03	0.00e+00	0.00e+00	0.00e+00	0.00e+00	0.00e+00	0.00e+00	3.66e-01	6.04e-02	3.79e-02
 8.61553e+16	4.96e-01	4.97e-01	6.83e-03	0.00e+00	0.00e+00	0.00e+00	0.00e+00	0.00e+00	0.00e+00	3.93e-01	6.29e-02	3.99e-02
 8.63152e+16	5.22e-01	4.72e-01	5.43e-03	0.00e+00	0.00e+00	0.00e+00	0.00e+00	0.00e+00	0.00e+00	4.16e-01	6.48e-02	4.15e-02
 8.64548e+16	5.45e-01	4.51e-01	4.42e-03	0.00e+00	0.00e+00	0.00e+00	0.00e+00	0.00e+00	0.00e+00	4.36e-01	6.63e-02	4.28e-02
 8.65923e+16	5.67e-01	4.29e-01	3.58e-03	0.00e+00	0.00e+00	0.00e+00	0.00e+00	0.00e+00	0.00e+00	4.56e-01	6.76e-02	4.40e-02
 8.67275e+16	5.91e-01	4.06e-01	2.89e-03	0.00e+00	0.00e+00	0.00e+00	0.00e+00	0.00e+00	0.00e+00	4.77e-01	6.87e-02	4.52e-02
 8.68294e+16	6.07e-01	3.90e-01	2.46e-03	0.00e+00	0.00e+00	0.00e+00	0.00e+00	0.00e+00	0.00e+00	4.92e-01	6.94e-02	4.60e-02
 8.68940e+16	6.16e-01	3.81e-01	2.22e-03	0.00e+00	0.00e+00	0.00e+00	0.00e+00	0.00e+00	0.00e+00	5.00e-01	6.97e-02	4.64e-02
 8.69587e+16	6.26e-01	3.72e-01	2.00e-03	0.00e+00	0.00e+00	0.00e+00	0.00e+00	0.00e+00	0.00e+00	5.10e-01	7.00e-02	4.68e-02
 8.70396e+16	6.40e-01	3.59e-01	1.74e-03	0.00e+00	0.00e+00	0.00e+00	0.00e+00	0.00e+00	0.00e+00	5.22e-01	7.03e-02	4.73e-02
 8.71249e+16	6.54e-01	3.44e-01	1.50e-03	0.00e+00	0.00e+00	0.00e+00	0.00e+00	0.00e+00	0.00e+00	5.36e-01	7.06e-02	4.78e-02
 8.71991e+16	6.66e-01	3.33e-01	1.32e-03	0.00e+00	0.00e+00	0.00e+00	0.00e+00	0.00e+00	0.00e+00	5.47e-01	7.07e-02	4.82e-02
 8.72662e+16	6.77e-01	3.22e-01	1.17e-03	0.00e+00	0.00e+00	0.00e+00	0.00e+00	0.00e+00	0.00e+00	5.57e-01	7.07e-02	4.85e-02
 8.73355e+16	6.87e-01	3.12e-01	1.03e-03	0.00e+00	0.00e+00	0.00e+00	0.00e+00	0.00e+00	0.00e+00	5.68e-01	7.08e-02	4.88e-02
 8.74087e+16	6.99e-01	3.00e-01	9.00e-04	0.00e+00	0.00e+00	0.00e+00	0.00e+00	0.00e+00	0.00e+00	5.79e-01	7.07e-02	4.91e-02
 8.74815e+16	7.11e-01	2.89e-01	7.85e-04	0.00e+00	0.00e+00	0.00e+00	0.00e+00	0.00e+00	0.00e+00	5.91e-01	7.06e-02	4.93e-02
 8.75495e+16	7.21e-01	2.78e-01	6.90e-04	0.00e+00	0.00e+00	0.00e+00	0.00e+00	0.00e+00	0.00e+00	6.01e-01	7.04e-02	4.94e-02
 8.76158e+16	7.31e-01	2.68e-01	6.07e-04	0.00e+00	0.00e+00	0.00e+00	0.00e+00	0.00e+00	0.00e+00	6.11e-01	7.02e-02	4.96e-02
 8.76836e+16	7.41e-01	2.58e-01	5.32e-04	0.00e+00	0.00e+00	0.00e+00	0.00e+00	0.00e+00	0.00e+00	6.21e-01	6.99e-02	4.96e-02
 8.77522e+16	7.51e-01	2.48e-01	4.64e-04	0.00e+00	0.00e+00	0.00e+00	0.00e+00	0.00e+00	0.00e+00	6.32e-01	6.96e-02	4.97e-02
 8.78191e+16	7.61e-01	2.39e-01	4.06e-04	0.00e+00	0.00e+00	0.00e+00	0.00e+00	0.00e+00	0.00e+00	6.42e-01	6.92e-02	4.97e-02
 8.78844e+16	7.70e-01	2.30e-01	3.55e-04	0.00e+00	0.00e+00	0.00e+00	0.00e+00	0.00e+00	0.00e+00	6.52e-01	6.88e-02	4.97e-02
 8.79501e+16	7.79e-01	2.20e-01	3.10e-04	0.00e+00	0.00e+00	0.00e+00	0.00e+00	0.00e+00	0.00e+00	6.61e-01	6.83e-02	4.96e-02
 8.80151e+16	7.88e-01	2.12e-01	2.71e-04	0.00e+00	0.00e+00	0.00e+00	0.00e+00	0.00e+00	0.00e+00	6.71e-01	6.78e-02	4.95e-02
 8.80791e+16	7.97e-01	2.03e-01	2.36e-04	0.00e+00	0.00e+00	0.00e+00	0.00e+00	0.00e+00	0.00e+00	6.80e-01	6.73e-02	4.94e-02
 8.81433e+16	8.05e-01	1.95e-01	2.06e-04	0.00e+00	0.00e+00	0.00e+00	0.00e+00	0.00e+00	0.00e+00	6.89e-01	6.67e-02	4.92e-02
 8.82069e+16	8.13e-01	1.87e-01	1.80e-04	0.00e+00	0.00e+00	0.00e+00	0.00e+00	0.00e+00	0.00e+00	6.98e-01	6.61e-02	4.90e-02
 8.82697e+16	8.21e-01	1.79e-01	1.56e-04	0.00e+00	0.00e+00	0.00e+00	0.00e+00	0.00e+00	0.00e+00	7.07e-01	6.55e-02	4.88e-02
 8.83320e+16	8.28e-01	1.72e-01	1.36e-04	0.00e+00	0.00e+00	0.00e+00	0.00e+00	0.00e+00	0.00e+00	7.15e-01	6.49e-02	4.85e-02
 8.83944e+16	8.36e-01	1.64e-01	1.19e-04	0.00e+00	0.00e+00	0.00e+00	0.00e+00	0.00e+00	0.00e+00	7.23e-01	6.42e-02	4.83e-02
 8.84570e+16	8.43e-01	1.57e-01	1.03e-04	0.00e+00	0.00e+00	0.00e+00	0.00e+00	0.00e+00	0.00e+00	7.31e-01	6.35e-02	4.80e-02
 8.85177e+16	8.49e-01	1.50e-01	8.95e-05	0.00e+00	0.00e+00	0.00e+00	0.00e+00	0.00e+00	0.00e+00	7.39e-01	6.28e-02	4.77e-02
 8.85774e+16	8.56e-01	1.44e-01	7.81e-05	0.00e+00	0.00e+00	0.00e+00	0.00e+00	0.00e+00	0.00e+00	7.46e-01	6.22e-02	4.74e-02
 8.86379e+16	8.62e-01	1.38e-01	6.78e-05	0.00e+00	0.00e+00	0.00e+00	0.00e+00	0.00e+00	0.00e+00	7.54e-01	6.15e-02	4.70e-02
 8.86987e+16	8.68e-01	1.32e-01	5.87e-05	0.00e+00	0.00e+00	0.00e+00	0.00e+00	0.00e+00	0.00e+00	7.61e-01	6.07e-02	4.66e-02
 8.87577e+16	8.74e-01	1.26e-01	5.10e-05	0.00e+00	0.00e+00	0.00e+00	0.00e+00	0.00e+00	0.00e+00	7.68e-01	6.00e-02	4.63e-02
 8.88149e+16	8.79e-01	1.21e-01	4.46e-05	0.00e+00	0.00e+00	0.00e+00	0.00e+00	0.00e+00	0.00e+00	7.74e-01	5.94e-02	4.59e-02
 8.88712e+16	8.85e-01	1.15e-01	3.89e-05	0.00e+00	0.00e+00	0.00e+00	0.00e+00	0.00e+00	0.00e+00	7.80e-01	5.86e-02	4.55e-02
 8.89281e+16	8.89e-01	1.11e-01	3.39e-05	0.00e+00	0.00e+00	0.00e+00	0.00e+00	0.00e+00	0.00e+00	7.86e-01	5.80e-02	4.51e-02
 8.89844e+16	8.94e-01	1.06e-01	2.95e-05	0.00e+00	0.00e+00	0.00e+00	0.00e+00	0.00e+00	0.00e+00	7.92e-01	5.73e-02	4.47e-02
 8.90382e+16	8.99e-01	1.01e-01	2.59e-05	0.00e+00	0.00e+00	0.00e+00	0.00e+00	0.00e+00	0.00e+00	7.98e-01	5.66e-02	4.44e-02
 8.90911e+16	9.03e-01	9.70e-02	2.27e-05	0.00e+00	0.00e+00	0.00e+00	0.00e+00	0.00e+00	0.00e+00	8.03e-01	5.60e-02	4.40e-02
 8.91445e+16	9.07e-01	9.29e-02	1.99e-05	0.00e+00	0.00e+00	0.00e+00	0.00e+00	0.00e+00	0.00e+00	8.08e-01	5.54e-02	4.36e-02
 8.91975e+16	9.11e-01	8.89e-02	1.74e-05	0.00e+00	0.00e+00	0.00e+00	0.00e+00	0.00e+00	0.00e+00	8.13e-01	5.47e-02	4.32e-02
 8.92489e+16	9.15e-01	8.52e-02	1.53e-05	0.00e+00	0.00e+00	0.00e+00	0.00e+00	0.00e+00	0.00e+00	8.18e-01	5.41e-02	4.28e-02
 8.92991e+16	9.18e-01	8.17e-02	1.34e-05	0.00e+00	0.00e+00	0.00e+00	0.00e+00	0.00e+00	0.00e+00	8.22e-01	5.35e-02	4.25e-02
 8.93492e+16	9.22e-01	7.84e-02	1.18e-05	0.00e+00	0.00e+00	0.00e+00	0.00e+00	0.00e+00	0.00e+00	8.26e-01	5.30e-02	4.21e-02
 8.93994e+16	9.25e-01	7.51e-02	1.04e-05	0.00e+00	0.00e+00	0.00e+00	0.00e+00	0.00e+00	0.00e+00	8.31e-01	5.24e-02	4.18e-02
 8.94487e+16	9.28e-01	7.20e-02	9.14e-06	0.00e+00	0.00e+00	0.00e+00	0.00e+00	0.00e+00	0.00e+00	8.35e-01	5.19e-02	4.14e-02
 8.94967e+16	9.31e-01	6.91e-02	8.08e-06	0.00e+00	0.00e+00	0.00e+00	0.00e+00	0.00e+00	0.00e+00	8.39e-01	5.13e-02	4.11e-02
 8.95438e+16	9.34e-01	6.63e-02	7.14e-06	0.00e+00	0.00e+00	0.00e+00	0.00e+00	0.00e+00	0.00e+00	8.42e-01	5.08e-02	4.07e-02
 8.95911e+16	9.36e-01	6.36e-02	6.31e-06	0.00e+00	0.00e+00	0.00e+00	0.00e+00	0.00e+00	0.00e+00	8.46e-01	5.03e-02	4.04e-02
 8.96387e+16	9.39e-01	6.09e-02	5.56e-06	0.00e+00	0.00e+00	0.00e+00	0.00e+00	0.00e+00	0.00e+00	8.49e-01	4.98e-02	4.00e-02
 8.96852e+16	9.42e-01	5.85e-02	4.92e-06	0.00e+00	0.00e+00	0.00e+00	0.00e+00	0.00e+00	0.00e+00	8.52e-01	4.93e-02	3.97e-02
 8.97305e+16	9.44e-01	5.62e-02	4.37e-06	0.00e+00	0.00e+00	0.00e+00	0.00e+00	0.00e+00	0.00e+00	8.56e-01	4.89e-02	3.94e-02
 8.97754e+16	9.46e-01	5.40e-02	3.87e-06	0.00e+00	0.00e+00	0.00e+00	0.00e+00	0.00e+00	0.00e+00	8.59e-01	4.84e-02	3.91e-02
 8.98207e+16	9.48e-01	5.18e-02	3.43e-06	0.00e+00	0.00e+00	0.00e+00	0.00e+00	0.00e+00	0.00e+00	8.61e-01	4.80e-02	3.88e-02
 8.98653e+16	9.50e-01	4.97e-02	3.05e-06	0.00e+00	0.00e+00	0.00e+00	0.00e+00	0.00e+00	0.00e+00	8.64e-01	4.75e-02	3.85e-02
 8.99085e+16	9.52e-01	4.77e-02	2.71e-06	0.00e+00	0.00e+00	0.00e+00	0.00e+00	0.00e+00	0.00e+00	8.67e-01	4.71e-02	3.81e-02
 8.99517e+16	9.54e-01	4.58e-02	2.42e-06	0.00e+00	0.00e+00	0.00e+00	0.00e+00	0.00e+00	0.00e+00	8.70e-01	4.67e-02	3.78e-02
 8.99956e+16	9.56e-01	4.40e-02	2.14e-06	0.00e+00	0.00e+00	0.00e+00	0.00e+00	0.00e+00	0.00e+00	8.72e-01	4.63e-02	3.75e-02
 9.00388e+16	9.58e-01	4.22e-02	1.91e-06	0.00e+00	0.00e+00	0.00e+00	0.00e+00	0.00e+00	0.00e+00	8.75e-01	4.59e-02	3.71e-02
 9.00809e+16	9.59e-01	4.06e-02	1.70e-06	0.00e+00	0.00e+00	0.00e+00	0.00e+00	0.00e+00	0.00e+00	8.77e-01	4.55e-02	3.68e-02
 9.01223e+16	9.61e-01	3.90e-02	1.52e-06	0.00e+00	0.00e+00	0.00e+00	0.00e+00	0.00e+00	0.00e+00	8.79e-01	4.52e-02	3.65e-02
 9.01633e+16	9.63e-01	3.74e-02	1.36e-06	0.00e+00	0.00e+00	0.00e+00	0.00e+00	0.00e+00	0.00e+00	8.82e-01	4.48e-02	3.62e-02
 9.02049e+16	9.64e-01	3.60e-02	1.21e-06	0.00e+00	0.00e+00	0.00e+00	0.00e+00	0.00e+00	0.00e+00	8.84e-01	4.45e-02	3.60e-02
 9.02464e+16	9.65e-01	3.45e-02	1.08e-06	0.00e+00	0.00e+00	0.00e+00	0.00e+00	0.00e+00	0.00e+00	8.86e-01	4.41e-02	3.57e-02
 9.02862e+16	9.67e-01	3.31e-02	9.72e-07	0.00e+00	0.00e+00	0.00e+00	0.00e+00	0.00e+00	0.00e+00	8.88e-01	4.38e-02	3.54e-02
 9.03257e+16	9.68e-01	3.19e-02	8.72e-07	0.00e+00	0.00e+00	0.00e+00	0.00e+00	0.00e+00	0.00e+00	8.90e-01	4.35e-02	3.52e-02
 9.03658e+16	9.69e-01	3.06e-02	7.81e-07	0.00e+00	0.00e+00	0.00e+00	0.00e+00	0.00e+00	0.00e+00	8.91e-01	4.32e-02	3.49e-02
 9.04055e+16	9.71e-01	2.93e-02	7.00e-07	0.00e+00	0.00e+00	0.00e+00	0.00e+00	0.00e+00	0.00e+00	8.93e-01	4.29e-02	3.46e-02
 9.04442e+16	9.72e-01	2.81e-02	6.29e-07	0.00e+00	0.00e+00	0.00e+00	0.00e+00	0.00e+00	0.00e+00	8.95e-01	4.26e-02	3.44e-02
 9.04822e+16	9.73e-01	2.70e-02	5.67e-07	0.00e+00	0.00e+00	0.00e+00	0.00e+00	0.00e+00	0.00e+00	8.97e-01	4.23e-02	3.41e-02
 9.05199e+16	9.74e-01	2.59e-02	5.11e-07	0.00e+00	0.00e+00	0.00e+00	0.00e+00	0.00e+00	0.00e+00	8.98e-01	4.20e-02	3.39e-02
 9.05575e+16	9.75e-01	2.49e-02	4.60e-07	0.00e+00	0.00e+00	0.00e+00	0.00e+00	0.00e+00	0.00e+00	9.00e-01	4.17e-02	3.37e-02
 9.05942e+16	9.76e-01	2.39e-02	4.16e-07	0.00e+00	0.00e+00	0.00e+00	0.00e+00	0.00e+00	0.00e+00	9.01e-01	4.15e-02	3.34e-02
 9.06287e+16	9.77e-01	2.30e-02	3.78e-07	0.00e+00	0.00e+00	0.00e+00	0.00e+00	0.00e+00	0.00e+00	9.03e-01	4.12e-02	3.32e-02
 9.06599e+16	9.78e-01	2.22e-02	3.48e-07	0.00e+00	0.00e+00	0.00e+00	0.00e+00	0.00e+00	0.00e+00	9.04e-01	4.10e-02	3.30e-02
 9.06882e+16	9.78e-01	2.15e-02	3.22e-07	0.00e+00	0.00e+00	0.00e+00	0.00e+00	0.00e+00	0.00e+00	9.05e-01	4.08e-02	3.29e-02
 9.07142e+16	9.79e-01	2.09e-02	3.01e-07	0.00e+00	0.00e+00	0.00e+00	0.00e+00	0.00e+00	0.00e+00	9.06e-01	4.06e-02	3.27e-02
 9.07385e+16	9.80e-01	2.04e-02	2.82e-07	0.00e+00	0.00e+00	0.00e+00	0.00e+00	0.00e+00	0.00e+00	9.07e-01	4.05e-02	3.26e-02
 9.07613e+16	9.80e-01	1.99e-02	2.65e-07	0.00e+00	0.00e+00	0.00e+00	0.00e+00	0.00e+00	0.00e+00	9.07e-01	4.03e-02	3.24e-02
 9.07824e+16	9.81e-01	1.94e-02	2.51e-07	0.00e+00	0.00e+00	0.00e+00	0.00e+00	0.00e+00	0.00e+00	9.08e-01	4.02e-02	3.23e-02
 9.08016e+16	9.81e-01	1.89e-02	2.38e-07	0.00e+00	0.00e+00	0.00e+00	0.00e+00	0.00e+00	0.00e+00	9.09e-01	4.00e-02	3.22e-02
 9.08196e+16	9.81e-01	1.85e-02	2.27e-07	0.00e+00	0.00e+00	0.00e+00	0.00e+00	0.00e+00	0.00e+00	9.09e-01	3.99e-02	3.21e-02
 9.08365e+16	9.82e-01	1.82e-02	2.17e-07	0.00e+00	0.00e+00	0.00e+00	0.00e+00	0.00e+00	0.00e+00	9.10e-01	3.98e-02	3.19e-02
 9.08524e+16	9.82e-01	1.78e-02	2.08e-07	0.00e+00	0.00e+00	0.00e+00	0.00e+00	0.00e+00	0.00e+00	9.11e-01	3.97e-02	3.18e-02
 9.08675e+16	9.83e-01	1.75e-02	2.00e-07	0.00e+00	0.00e+00	0.00e+00	0.00e+00	0.00e+00	0.00e+00	9.11e-01	3.96e-02	3.17e-02
 9.08819e+16	9.83e-01	1.71e-02	1.92e-07	0.00e+00	0.00e+00	0.00e+00	0.00e+00	0.00e+00	0.00e+00	9.12e-01	3.94e-02	3.16e-02
 9.08954e+16	9.83e-01	1.68e-02	1.85e-07	0.00e+00	0.00e+00	0.00e+00	0.00e+00	0.00e+00	0.00e+00	9.12e-01	3.93e-02	3.15e-02
 9.09081e+16	9.83e-01	1.65e-02	1.79e-07	0.00e+00	0.00e+00	0.00e+00	0.00e+00	0.00e+00	0.00e+00	9.13e-01	3.92e-02	3.14e-02
 9.09202e+16	9.84e-01	1.63e-02	1.73e-07	0.00e+00	0.00e+00	0.00e+00	0.00e+00	0.00e+00	0.00e+00	9.13e-01	3.91e-02	3.13e-02
 9.09317e+16	9.84e-01	1.60e-02	1.68e-07	0.00e+00	0.00e+00	0.00e+00	0.00e+00	0.00e+00	0.00e+00	9.14e-01	3.90e-02	3.13e-02
 9.09426e+16	9.84e-01	1.57e-02	1.63e-07	0.00e+00	0.00e+00	0.00e+00	0.00e+00	0.00e+00	0.00e+00	9.14e-01	3.89e-02	3.12e-02
 9.09531e+16	9.84e-01	1.55e-02	1.58e-07	0.00e+00	0.00e+00	0.00e+00	0.00e+00	0.00e+00	0.00e+00	9.15e-01	3.88e-02	3.11e-02
 9.09632e+16	9.85e-01	1.53e-02	1.54e-07	0.00e+00	0.00e+00	0.00e+00	0.00e+00	0.00e+00	0.00e+00	9.15e-01	3.87e-02	3.10e-02
 9.09729e+16	9.85e-01	1.50e-02	1.50e-07	0.00e+00	0.00e+00	0.00e+00	0.00e+00	0.00e+00	0.00e+00	9.15e-01	3.86e-02	3.09e-02
 9.09823e+16	9.85e-01	1.48e-02	1.46e-07	0.00e+00	0.00e+00	0.00e+00	0.00e+00	0.00e+00	0.00e+00	9.16e-01	3.85e-02	3.08e-02
 9.09915e+16	9.85e-01	1.46e-02	1.42e-07	0.00e+00	0.00e+00	0.00e+00	0.00e+00	0.00e+00	0.00e+00	9.16e-01	3.85e-02	3.07e-02
 9.10004e+16	9.86e-01	1.44e-02	1.39e-07	0.00e+00	0.00e+00	0.00e+00	0.00e+00	0.00e+00	0.00e+00	9.17e-01	3.84e-02	3.07e-02
 9.10091e+16	9.86e-01	1.41e-02	1.35e-07	0.00e+00	0.00e+00	0.00e+00	0.00e+00	0.00e+00	0.00e+00	9.17e-01	3.83e-02	3.06e-02
 9.10177e+16	9.86e-01	1.39e-02	1.32e-07	0.00e+00	0.00e+00	0.00e+00	0.00e+00	0.00e+00	0.00e+00	9.17e-01	3.82e-02	3.05e-02
 9.10264e+16	9.86e-01	1.37e-02	1.29e-07	0.00e+00	0.00e+00	0.00e+00	0.00e+00	0.00e+00	0.00e+00	9.18e-01	3.81e-02	3.04e-02
 9.10352e+16	9.87e-01	1.35e-02	1.25e-07	0.00e+00	0.00e+00	0.00e+00	0.00e+00	0.00e+00	0.00e+00	9.18e-01	3.80e-02	3.03e-02
 9.10443e+16	9.87e-01	1.32e-02	1.22e-07	0.00e+00	0.00e+00	0.00e+00	0.00e+00	0.00e+00	0.00e+00	9.19e-01	3.78e-02	3.02e-02
 9.10535e+16	9.87e-01	1.29e-02	1.19e-07	0.00e+00	0.00e+00	0.00e+00	0.00e+00	0.00e+00	0.00e+00	9.19e-01	3.77e-02	3.01e-02
 9.10635e+16	9.87e-01	1.27e-02	1.15e-07	0.00e+00	0.00e+00	0.00e+00	0.00e+00	0.00e+00	0.00e+00	9.20e-01	3.76e-02	2.99e-02
 9.10744e+16	9.88e-01	1.23e-02	1.11e-07	0.00e+00	0.00e+00	0.00e+00	0.00e+00	0.00e+00	0.00e+00	9.20e-01	3.74e-02	2.98e-02
 9.10849e+16	9.88e-01	1.20e-02	1.07e-07	0.00e+00	0.00e+00	0.00e+00	0.00e+00	0.00e+00	0.00e+00	9.21e-01	3.73e-02	2.96e-02
 9.10943e+16	9.88e-01	1.17e-02	1.04e-07	0.00e+00	0.00e+00	0.00e+00	0.00e+00	0.00e+00	0.00e+00	9.22e-01	3.71e-02	2.95e-02
 9.11029e+16	9.89e-01	1.15e-02	1.01e-07	0.00e+00	0.00e+00	0.00e+00	0.00e+00	0.00e+00	0.00e+00	9.22e-01	3.70e-02	2.94e-02
 9.11112e+16	9.89e-01	1.12e-02	9.84e-08	0.00e+00	0.00e+00	0.00e+00	0.00e+00	0.00e+00	0.00e+00	9.23e-01	3.68e-02	2.92e-02
 9.11190e+16	9.89e-01	1.10e-02	9.58e-08	0.00e+00	0.00e+00	0.00e+00	0.00e+00	0.00e+00	0.00e+00	9.23e-01	3.67e-02	2.91e-02
 9.11262e+16	9.89e-01	1.08e-02	9.34e-08	0.00e+00	0.00e+00	0.00e+00	0.00e+00	0.00e+00	0.00e+00	9.24e-01	3.66e-02	2.90e-02
 9.11327e+16	9.89e-01	1.06e-02	9.13e-08	0.00e+00	0.00e+00	0.00e+00	0.00e+00	0.00e+00	0.00e+00	9.24e-01	3.65e-02	2.89e-02
 9.11386e+16	9.90e-01	1.04e-02	8.94e-08	0.00e+00	0.00e+00	0.00e+00	0.00e+00	0.00e+00	0.00e+00	9.24e-01	3.63e-02	2.88e-02
 9.11440e+16	9.90e-01	1.03e-02	8.76e-08	0.00e+00	0.00e+00	0.00e+00	0.00e+00	0.00e+00	0.00e+00	9.25e-01	3.62e-02	2.87e-02
 9.11489e+16	9.90e-01	1.01e-02	8.61e-08	0.00e+00	0.00e+00	0.00e+00	0.00e+00	0.00e+00	0.00e+00	9.25e-01	3.62e-02	2.86e-02
 9.11543e+16	9.90e-01	9.98e-03	8.43e-08	0.00e+00	0.00e+00	0.00e+00	0.00e+00	0.00e+00	0.00e+00	9.26e-01	3.60e-02	2.85e-02
 9.11601e+16	9.90e-01	9.82e-03	8.25e-08	0.00e+00	0.00e+00	0.00e+00	0.00e+00	0.00e+00	0.00e+00	9.26e-01	3.59e-02	2.83e-02
 9.11653e+16	9.90e-01	9.67e-03	8.09e-08	0.00e+00	0.00e+00	0.00e+00	0.00e+00	0.00e+00	0.00e+00	9.26e-01	3.58e-02	2.82e-02
 9.11702e+16	9.90e-01	9.55e-03	7.94e-08	0.00e+00	0.00e+00	0.00e+00	0.00e+00	0.00e+00	0.00e+00	9.27e-01	3.57e-02	2.82e-02
 9.11754e+16	9.91e-01	9.40e-03	7.77e-08	0.00e+00	0.00e+00	0.00e+00	0.00e+00	0.00e+00	0.00e+00	9.27e-01	3.55e-02	2.80e-02
 9.11811e+16	9.91e-01	9.24e-03	7.60e-08	0.00e+00	0.00e+00	0.00e+00	0.00e+00	0.00e+00	0.00e+00	9.27e-01	3.54e-02	2.79e-02
 9.11863e+16	9.91e-01	9.10e-03	7.44e-08	0.00e+00	0.00e+00	0.00e+00	0.00e+00	0.00e+00	0.00e+00	9.28e-01	3.53e-02	2.78e-02
 9.11910e+16	9.91e-01	8.99e-03	7.30e-08	0.00e+00	0.00e+00	0.00e+00	0.00e+00	0.00e+00	0.00e+00	9.28e-01	3.52e-02	2.77e-02
 9.11961e+16	9.91e-01	8.84e-03	7.14e-08	0.00e+00	0.00e+00	0.00e+00	0.00e+00	0.00e+00	0.00e+00	9.29e-01	3.50e-02	2.76e-02
 9.12017e+16	9.91e-01	8.70e-03	6.98e-08	0.00e+00	0.00e+00	0.00e+00	0.00e+00	0.00e+00	0.00e+00	9.29e-01	3.49e-02	2.75e-02
 9.12068e+16	9.91e-01	8.58e-03	6.84e-08	0.00e+00	0.00e+00	0.00e+00	0.00e+00	0.00e+00	0.00e+00	9.29e-01	3.48e-02	2.74e-02
 9.12123e+16	9.92e-01	8.47e-03	6.69e-08	0.00e+00	0.00e+00	0.00e+00	0.00e+00	0.00e+00	0.00e+00	9.30e-01	3.47e-02	2.73e-02
 9.12195e+16	9.92e-01	8.32e-03	6.49e-08	0.00e+00	0.00e+00	0.00e+00	0.00e+00	0.00e+00	0.00e+00	9.30e-01	3.46e-02	2.72e-02
 9.12273e+16	9.92e-01	8.15e-03	6.29e-08	0.00e+00	0.00e+00	0.00e+00	0.00e+00	0.00e+00	0.00e+00	9.30e-01	3.44e-02	2.71e-02
 9.12344e+16	9.92e-01	8.01e-03	6.11e-08	0.00e+00	0.00e+00	0.00e+00	0.00e+00	0.00e+00	0.00e+00	9.31e-01	3.43e-02	2.70e-02
 9.12409e+16	9.92e-01	7.89e-03	5.95e-08	0.00e+00	0.00e+00	0.00e+00	0.00e+00	0.00e+00	0.00e+00	9.31e-01	3.42e-02	2.69e-02
 9.12467e+16	9.92e-01	7.77e-03	5.81e-08	0.00e+00	0.00e+00	0.00e+00	0.00e+00	0.00e+00	0.00e+00	9.31e-01	3.41e-02	2.68e-02
 9.12532e+16	9.92e-01	7.64e-03	5.65e-08	0.00e+00	0.00e+00	0.00e+00	0.00e+00	0.00e+00	0.00e+00	9.32e-01	3.39e-02	2.67e-02
 9.12601e+16	9.92e-01	7.50e-03	5.48e-08	0.00e+00	0.00e+00	0.00e+00	0.00e+00	0.00e+00	0.00e+00	9.32e-01	3.38e-02	2.65e-02
 9.12664e+16	9.93e-01	7.39e-03	5.34e-08	0.00e+00	0.00e+00	0.00e+00	0.00e+00	0.00e+00	0.00e+00	9.33e-01	3.37e-02	2.64e-02
 9.12733e+16	9.93e-01	7.23e-03	5.16e-08	0.00e+00	0.00e+00	0.00e+00	0.00e+00	0.00e+00	0.00e+00	9.33e-01	3.35e-02	2.63e-02
