#depth	H	H+	H2
 2.61092e+12	9.72e-04	9.99e-01	1.85e-14
 1.56655e+13	9.72e-04	9.99e-01	1.85e-14
 6.78839e+13	9.72e-04	9.99e-01	1.86e-14
 2.76758e+14	9.72e-04	9.99e-01	1.88e-14
 6.61085e+14	9.57e-04	9.99e-01	1.90e-14
 1.16071e+15	9.50e-04	9.99e-01	1.93e-14
 1.81022e+15	9.46e-04	9.99e-01	1.99e-14
 2.65459e+15	9.46e-04	9.99e-01	2.08e-14
 3.75227e+15	9.51e-04	9.99e-01	2.22e-14
 5.17925e+15	9.67e-04	9.99e-01	2.44e-14
 6.63845e+15	9.78e-04	9.99e-01	2.67e-14
 7.79665e+15	9.96e-04	9.99e-01	2.90e-14
 8.72591e+15	1.02e-03	9.99e-01	3.13e-14
 9.54242e+15	1.05e-03	9.99e-01	3.40e-14
 1.03099e+16	1.09e-03	9.99e-01	3.77e-14
 1.09971e+16	1.12e-03	9.99e-01	4.10e-14
 1.16180e+16	1.16e-03	9.99e-01	4.46e-14
 1.21824e+16	1.20e-03	9.99e-01	4.83e-14
 1.26679e+16	1.24e-03	9.99e-01	5.21e-14
 1.31962e+16	1.29e-03	9.99e-01	5.70e-14
 1.37825e+16	1.34e-03	9.99e-01	6.30e-14
 1.43379e+16	1.40e-03	9.99e-01	6.93e-14
 1.49537e+16	1.47e-03	9.99e-01	7.71e-14
 1.57543e+16	1.56e-03	9.98e-01	8.73e-14
 1.67950e+16	1.66e-03	9.98e-01	1.00e-13
 1.81479e+16	1.78e-03	9.98e-01	1.15e-13
 1.98583e+16	1.92e-03	9.98e-01	1.33e-13
 2.18441e+16	2.09e-03	9.98e-01	1.54e-13
 2.40285e+16	2.30e-03	9.98e-01	1.79e-13
 2.64313e+16	2.60e-03	9.97e-01	2.17e-13
 2.90745e+16	2.96e-03	9.97e-01	2.61e-13
 3.11466e+16	3.31e-03	9.97e-01	3.07e-13
 3.22389e+16	3.51e-03	9.96e-01	3.33e-13
 3.31696e+16	3.70e-03	9.96e-01	3.57e-13
 3.43795e+16	3.96e-03	9.96e-01	3.92e-13
 3.59524e+16	4.31e-03	9.96e-01	4.41e-13
 3.75186e+16	4.73e-03	9.95e-01	5.00e-13
 3.86811e+16	5.10e-03	9.95e-01	5.53e-13
 3.96209e+16	5.39e-03	9.95e-01	5.96e-13
 4.06658e+16	5.75e-03	9.94e-01	6.49e-13
 4.20241e+16	6.26e-03	9.94e-01	7.26e-13
 4.33868e+16	6.87e-03	9.93e-01	8.22e-13
 4.44067e+16	7.36e-03	9.93e-01	9.02e-13
 4.52510e+16	7.80e-03	9.92e-01	9.75e-13
 4.62155e+16	8.36e-03	9.92e-01	1.07e-12
 4.73058e+16	9.05e-03	9.91e-01	1.18e-12
 4.83233e+16	9.77e-03	9.90e-01	1.31e-12
 4.92191e+16	1.05e-02	9.90e-01	1.43e-12
 5.01927e+16	1.13e-02	9.89e-01	1.58e-12
 5.12455e+16	1.24e-02	9.88e-01	1.77e-12
 5.21545e+16	1.34e-02	9.87e-01	1.97e-12
 5.29323e+16	1.44e-02	9.86e-01	2.15e-12
 5.37864e+16	1.56e-02	9.84e-01	2.38e-12
 5.47167e+16	1.71e-02	9.83e-01	2.68e-12
 5.55213e+16	1.87e-02	9.81e-01	2.98e-12
 5.61972e+16	2.01e-02	9.80e-01	3.28e-12
 5.69305e+16	2.19e-02	9.78e-01	3.64e-12
 5.77224e+16	2.41e-02	9.76e-01	4.11e-12
 5.83979e+16	2.64e-02	9.74e-01	4.60e-12
 5.89562e+16	2.85e-02	9.72e-01	5.06e-12
 5.95547e+16	3.11e-02	9.69e-01	5.64e-12
 6.02064e+16	3.44e-02	9.66e-01	6.39e-12
 6.07688e+16	3.78e-02	9.62e-01	7.20e-12
 6.12352e+16	4.11e-02	9.59e-01	8.00e-12
 6.17357e+16	4.52e-02	9.55e-01	9.01e-12
 6.22787e+16	5.05e-02	9.50e-01	1.03e-11
 6.27470e+16	5.61e-02	9.44e-01	1.18e-11
 6.31380e+16	6.17e-02	9.38e-01	1.33e-11
 6.35588e+16	6.88e-02	9.31e-01	1.53e-11
 6.39761e+16	7.75e-02	9.23e-01	1.78e-11
 6.42795e+16	8.51e-02	9.15e-01	2.01e-11
 6.45136e+16	9.19e-02	9.08e-01	2.22e-11
 6.47666e+16	1.00e-01	9.00e-01	2.48e-11
 6.50470e+16	1.11e-01	8.89e-01	2.84e-11
 6.52944e+16	1.23e-01	8.77e-01	3.25e-11
 6.54951e+16	1.34e-01	8.66e-01	3.64e-11
 6.56756e+16	1.45e-01	8.55e-01	4.07e-11
 6.58819e+16	1.60e-01	8.40e-01	4.66e-11
 6.60966e+16	1.79e-01	8.21e-01	5.43e-11
 6.62676e+16	1.96e-01	8.04e-01	6.21e-11
 6.64042e+16	2.12e-01	7.88e-01	6.95e-11
 6.65509e+16	2.31e-01	7.69e-01	7.90e-11
 6.67119e+16	2.55e-01	7.45e-01	9.20e-11
 6.68520e+16	2.80e-01	7.20e-01	1.06e-10
 6.69674e+16	3.03e-01	6.97e-01	1.20e-10
 6.70901e+16	3.29e-01	6.71e-01	1.38e-10
 6.72224e+16	3.62e-01	6.38e-01	1.63e-10
 6.73346e+16	3.94e-01	6.06e-01	1.89e-10
 6.74262e+16	4.21e-01	5.79e-01	2.15e-10
 6.75078e+16	4.48e-01	5.52e-01	2.42e-10
 6.75836e+16	4.74e-01	5.26e-01	2.71e-10
 6.76527e+16	4.99e-01	5.01e-01	3.02e-10
 6.77142e+16	5.23e-01	4.77e-01	3.34e-10
 6.77692e+16	5.45e-01	4.55e-01	3.66e-10
 6.78110e+16	5.61e-01	4.39e-01	3.92e-10
 6.78385e+16	5.72e-01	4.28e-01	4.10e-10
 6.78648e+16	5.83e-01	4.17e-01	4.30e-10
 6.78958e+16	5.96e-01	4.04e-01	4.55e-10
 6.79283e+16	6.10e-01	3.90e-01	4.82e-10
 6.79580e+16	6.23e-01	3.77e-01	5.10e-10
 6.79850e+16	6.34e-01	3.66e-01	5.36e-10
 6.80113e+16	6.46e-01	3.54e-01	5.64e-10
 6.80382e+16	6.58e-01	3.42e-01	5.94e-10
 6.80649e+16	6.70e-01	3.30e-01	6.26e-10
 6.80905e+16	6.82e-01	3.18e-01	6.59e-10
 6.81153e+16	6.93e-01	3.07e-01	6.93e-10
 6.81395e+16	7.04e-01	2.96e-01	7.28e-10
 6.81635e+16	7.14e-01	2.86e-01	7.66e-10
 6.81871e+16	7.25e-01	2.75e-01	8.05e-10
 6.82101e+16	7.35e-01	2.65e-01	8.46e-10
 6.82326e+16	7.45e-01	2.55e-01	8.88e-10
 6.82546e+16	7.55e-01	2.45e-01	9.33e-10
 6.82763e+16	7.65e-01	2.35e-01	9.79e-10
 6.82977e+16	7.74e-01	2.26e-01	1.03e-09
 6.83185e+16	7.83e-01	2.17e-01	1.08e-09
 6.83390e+16	7.92e-01	2.08e-01	1.13e-09
 6.83591e+16	8.00e-01	2.00e-01	1.19e-09
 6.83788e+16	8.09e-01	1.91e-01	1.24e-09
 6.83982e+16	8.16e-01	1.84e-01	1.31e-09
 6.84172e+16	8.24e-01	1.76e-01	1.37e-09
 6.84359e+16	8.32e-01	1.68e-01	1.44e-09
 6.84542e+16	8.39e-01	1.61e-01	1.51e-09
 6.84722e+16	8.46e-01	1.54e-01	1.58e-09
 6.84897e+16	8.52e-01	1.48e-01	1.65e-09
 6.85066e+16	8.59e-01	1.41e-01	1.73e-09
 6.85233e+16	8.65e-01	1.35e-01	1.82e-09
 6.85396e+16	8.70e-01	1.30e-01	1.90e-09
 6.85552e+16	8.76e-01	1.24e-01	1.99e-09
 6.85704e+16	8.81e-01	1.19e-01	2.08e-09
 6.85854e+16	8.86e-01	1.14e-01	2.18e-09
 6.86000e+16	8.91e-01	1.09e-01	2.28e-09
 6.86143e+16	8.95e-01	1.05e-01	2.39e-09
 6.86281e+16	8.99e-01	1.01e-01	2.49e-09
 6.86417e+16	9.04e-01	9.65e-02	2.61e-09
 6.86550e+16	9.07e-01	9.25e-02	2.73e-09
 6.86679e+16	9.11e-01	8.88e-02	2.86e-09
 6.86806e+16	9.15e-01	8.52e-02	2.99e-09
 6.86931e+16	9.18e-01	8.17e-02	3.14e-09
 6.87052e+16	9.22e-01	7.84e-02	3.29e-09
 6.87171e+16	9.25e-01	7.53e-02	3.45e-09
 6.87288e+16	9.28e-01	7.22e-02	3.61e-09
 6.87402e+16	9.31e-01	6.94e-02	3.79e-09
 6.87514e+16	9.33e-01	6.66e-02	3.98e-09
 6.87623e+16	9.36e-01	6.40e-02	4.17e-09
 6.87731e+16	9.39e-01	6.14e-02	4.39e-09
 6.87837e+16	9.41e-01	5.89e-02	4.62e-09
 6.87939e+16	9.43e-01	5.66e-02	4.86e-09
 6.88039e+16	9.46e-01	5.44e-02	5.12e-09
 6.88138e+16	9.48e-01	5.22e-02	5.40e-09
 6.88236e+16	9.50e-01	5.02e-02	5.71e-09
 6.88330e+16	9.52e-01	4.82e-02	6.03e-09
 6.88424e+16	9.54e-01	4.63e-02	6.39e-09
 6.88515e+16	9.56e-01	4.45e-02	6.77e-09
 6.88603e+16	9.57e-01	4.27e-02	7.19e-09
 6.88690e+16	9.59e-01	4.11e-02	7.65e-09
 6.88775e+16	9.61e-01	3.94e-02	8.15e-09
 6.88859e+16	9.62e-01	3.79e-02	8.70e-09
 6.88940e+16	9.64e-01	3.64e-02	9.32e-09
 6.89020e+16	9.65e-01	3.50e-02	9.99e-09
 6.89097e+16	9.66e-01	3.36e-02	1.08e-08
 6.89173e+16	9.68e-01	3.23e-02	1.16e-08
 6.89246e+16	9.69e-01	3.10e-02	1.26e-08
 6.89319e+16	9.70e-01	2.98e-02	1.37e-08
 6.89389e+16	9.71e-01	2.86e-02	1.49e-08
 6.89457e+16	9.73e-01	2.74e-02	1.63e-08
 6.89522e+16	9.74e-01	2.63e-02	1.80e-08
 6.89586e+16	9.75e-01	2.53e-02	1.98e-08
 6.89647e+16	9.76e-01	2.43e-02	2.19e-08
 6.89703e+16	9.77e-01	2.34e-02	2.43e-08
 6.89753e+16	9.77e-01	2.26e-02	2.69e-08
 6.89798e+16	9.78e-01	2.19e-02	2.96e-08
 6.89839e+16	9.79e-01	2.12e-02	3.26e-08
 6.89879e+16	9.79e-01	2.06e-02	3.61e-08
 6.89916e+16	9.80e-01	2.00e-02	3.99e-08
 6.89950e+16	9.81e-01	1.95e-02	4.40e-08
 6.89981e+16	9.81e-01	1.89e-02	4.87e-08
 6.90011e+16	9.82e-01	1.85e-02	5.39e-08
 6.90038e+16	9.82e-01	1.80e-02	5.97e-08
 6.90062e+16	9.82e-01	1.76e-02	6.59e-08
 6.90085e+16	9.83e-01	1.72e-02	7.29e-08
 6.90107e+16	9.83e-01	1.68e-02	8.07e-08
 6.90127e+16	9.84e-01	1.64e-02	8.92e-08
 6.90145e+16	9.84e-01	1.61e-02	9.73e-08
 6.90164e+16	9.84e-01	1.58e-02	1.10e-07
 6.90181e+16	9.85e-01	1.54e-02	1.22e-07
 6.90195e+16	9.85e-01	1.52e-02	1.33e-07
 6.90209e+16	9.85e-01	1.49e-02	1.49e-07
 6.90223e+16	9.85e-01	1.46e-02	1.67e-07
 6.90234e+16	9.86e-01	1.44e-02	1.81e-07
 6.90245e+16	9.86e-01	1.41e-02	2.04e-07
 6.90256e+16	9.86e-01	1.39e-02	2.24e-07
 6.90265e+16	9.86e-01	1.36e-02	2.52e-07
 6.90274e+16	9.87e-01	1.34e-02	2.75e-07
 6.90282e+16	9.87e-01	1.32e-02	3.09e-07
 6.90290e+16	9.87e-01	1.30e-02	3.37e-07
 6.90297e+16	9.87e-01	1.28e-02	3.80e-07
 6.90304e+16	9.87e-01	1.26e-02	4.18e-07
 6.90311e+16	9.88e-01	1.24e-02	4.77e-07
 6.90318e+16	9.88e-01	1.21e-02	5.44e-07
 6.90325e+16	9.88e-01	1.19e-02	6.26e-07
 6.90332e+16	9.88e-01	1.16e-02	7.30e-07
 6.90339e+16	9.89e-01	1.13e-02	8.65e-07
 6.90346e+16	9.89e-01	1.10e-02	1.05e-06
 6.90353e+16	9.89e-01	1.06e-02	1.34e-06
 6.90360e+16	9.90e-01	1.01e-02	1.81e-06
 6.90367e+16	9.91e-01	8.84e-03	2.96e-06
