#depth	He	He+	He+2
 2.61092e+12	5.71e-05	1.07e-01	8.93e-01
 1.56655e+13	5.71e-05	1.07e-01	8.93e-01
 6.78839e+13	5.74e-05	1.08e-01	8.92e-01
 2.76758e+14	5.85e-05	1.09e-01	8.91e-01
 6.61085e+14	5.94e-05	1.10e-01	8.90e-01
 1.16071e+15	6.16e-05	1.12e-01	8.88e-01
 1.81022e+15	6.53e-05	1.16e-01	8.84e-01
 2.65459e+15	7.10e-05	1.23e-01	8.77e-01
 3.75227e+15	8.02e-05	1.34e-01	8.66e-01
 5.17925e+15	9.63e-05	1.54e-01	8.46e-01
 6.63845e+15	1.18e-04	1.80e-01	8.20e-01
 7.79665e+15	1.44e-04	2.10e-01	7.90e-01
 8.72591e+15	1.72e-04	2.43e-01	7.57e-01
 9.54242e+15	2.05e-04	2.79e-01	7.20e-01
 1.03099e+16	2.50e-04	3.25e-01	6.75e-01
 1.09971e+16	2.98e-04	3.74e-01	6.25e-01
 1.16180e+16	3.52e-04	4.28e-01	5.72e-01
 1.21824e+16	4.10e-04	4.85e-01	5.15e-01
 1.26679e+16	4.69e-04	5.39e-01	4.60e-01
 1.31962e+16	5.43e-04	6.03e-01	3.96e-01
 1.37825e+16	6.30e-04	6.76e-01	3.23e-01
 1.43379e+16	7.17e-04	7.44e-01	2.56e-01
 1.49537e+16	8.11e-04	8.11e-01	1.89e-01
 1.57543e+16	9.19e-04	8.78e-01	1.21e-01
 1.67950e+16	1.03e-03	9.35e-01	6.42e-02
 1.81479e+16	1.12e-03	9.71e-01	2.79e-02
 1.98583e+16	1.21e-03	9.89e-01	1.02e-02
 2.18441e+16	1.28e-03	9.95e-01	3.45e-03
 2.40285e+16	1.36e-03	9.97e-01	1.15e-03
 2.64313e+16	1.47e-03	9.98e-01	3.73e-04
 2.90745e+16	1.57e-03	9.98e-01	1.18e-04
 3.11466e+16	1.67e-03	9.98e-01	5.30e-05
 3.22389e+16	1.71e-03	9.98e-01	3.62e-05
 3.31696e+16	1.76e-03	9.98e-01	2.57e-05
 3.43795e+16	1.83e-03	9.98e-01	1.69e-05
 3.59524e+16	1.91e-03	9.98e-01	1.01e-05
 3.75186e+16	2.01e-03	9.98e-01	6.46e-06
 3.86811e+16	2.09e-03	9.98e-01	4.74e-06
 3.96209e+16	2.16e-03	9.98e-01	3.73e-06
 4.06658e+16	2.24e-03	9.98e-01	2.85e-06
 4.20241e+16	2.36e-03	9.98e-01	2.06e-06
 4.33868e+16	2.49e-03	9.98e-01	1.54e-06
 4.44067e+16	2.60e-03	9.97e-01	1.26e-06
 4.52510e+16	2.70e-03	9.97e-01	1.06e-06
 4.62155e+16	2.83e-03	9.97e-01	8.74e-07
 4.73058e+16	2.98e-03	9.97e-01	7.15e-07
 4.83233e+16	3.14e-03	9.97e-01	5.99e-07
 4.92191e+16	3.30e-03	9.97e-01	5.14e-07
 5.01927e+16	3.48e-03	9.97e-01	4.35e-07
 5.12455e+16	3.71e-03	9.96e-01	3.67e-07
 5.21545e+16	3.94e-03	9.96e-01	3.20e-07
 5.29323e+16	4.16e-03	9.96e-01	2.84e-07
 5.37864e+16	4.43e-03	9.96e-01	2.48e-07
 5.47167e+16	4.76e-03	9.95e-01	2.16e-07
 5.55213e+16	5.09e-03	9.95e-01	1.93e-07
 5.61972e+16	5.41e-03	9.95e-01	1.75e-07
 5.69305e+16	5.81e-03	9.94e-01	1.57e-07
 5.77224e+16	6.29e-03	9.94e-01	1.41e-07
 5.83979e+16	6.78e-03	9.93e-01	1.28e-07
 5.89562e+16	7.25e-03	9.93e-01	1.19e-07
 5.95547e+16	7.82e-03	9.92e-01	1.09e-07
 6.02064e+16	8.55e-03	9.91e-01	9.92e-08
 6.07688e+16	9.29e-03	9.91e-01	9.19e-08
 6.12352e+16	1.00e-02	9.90e-01	8.60e-08
 6.17357e+16	1.09e-02	9.89e-01	7.97e-08
 6.22787e+16	1.21e-02	9.88e-01	7.38e-08
 6.27470e+16	1.33e-02	9.87e-01	6.89e-08
 6.31380e+16	1.45e-02	9.85e-01	6.50e-08
 6.35588e+16	1.61e-02	9.84e-01	6.08e-08
 6.39761e+16	1.80e-02	9.82e-01	5.71e-08
 6.42795e+16	1.97e-02	9.80e-01	5.45e-08
 6.45136e+16	2.12e-02	9.79e-01	5.25e-08
 6.47666e+16	2.30e-02	9.77e-01	5.02e-08
 6.50470e+16	2.55e-02	9.75e-01	4.79e-08
 6.52944e+16	2.81e-02	9.72e-01	4.58e-08
 6.54951e+16	3.06e-02	9.69e-01	4.43e-08
 6.56756e+16	3.32e-02	9.67e-01	4.27e-08
 6.58819e+16	3.67e-02	9.63e-01	4.10e-08
 6.60966e+16	4.11e-02	9.59e-01	3.94e-08
 6.62676e+16	4.54e-02	9.55e-01	3.80e-08
 6.64042e+16	4.94e-02	9.51e-01	3.70e-08
 6.65509e+16	5.45e-02	9.46e-01	3.58e-08
 6.67119e+16	6.10e-02	9.39e-01	3.46e-08
 6.68520e+16	6.79e-02	9.32e-01	3.35e-08
 6.69674e+16	7.48e-02	9.25e-01	3.27e-08
 6.70901e+16	8.33e-02	9.17e-01	3.17e-08
 6.72224e+16	9.43e-02	9.06e-01	3.08e-08
 6.73346e+16	1.06e-01	8.94e-01	3.01e-08
 6.74262e+16	1.17e-01	8.83e-01	2.95e-08
 6.75078e+16	1.28e-01	8.72e-01	2.89e-08
 6.75836e+16	1.40e-01	8.60e-01	2.85e-08
 6.76527e+16	1.53e-01	8.47e-01	2.81e-08
 6.77142e+16	1.66e-01	8.34e-01	2.77e-08
 6.77692e+16	1.78e-01	8.22e-01	2.74e-08
 6.78110e+16	1.88e-01	8.12e-01	2.72e-08
 6.78385e+16	1.96e-01	8.04e-01	2.71e-08
 6.78648e+16	2.04e-01	7.96e-01	2.69e-08
 6.78958e+16	2.13e-01	7.87e-01	2.67e-08
 6.79283e+16	2.23e-01	7.77e-01	2.65e-08
 6.79580e+16	2.33e-01	7.67e-01	2.64e-08
 6.79850e+16	2.43e-01	7.57e-01	2.62e-08
 6.80113e+16	2.53e-01	7.47e-01	2.61e-08
 6.80382e+16	2.63e-01	7.37e-01	2.59e-08
 6.80649e+16	2.75e-01	7.25e-01	2.58e-08
 6.80905e+16	2.86e-01	7.14e-01	2.57e-08
 6.81153e+16	2.97e-01	7.03e-01	2.56e-08
 6.81395e+16	3.09e-01	6.91e-01	2.54e-08
 6.81635e+16	3.21e-01	6.79e-01	2.53e-08
 6.81871e+16	3.33e-01	6.67e-01	2.52e-08
 6.82101e+16	3.46e-01	6.54e-01	2.51e-08
 6.82326e+16	3.59e-01	6.41e-01	2.49e-08
 6.82546e+16	3.72e-01	6.28e-01	2.48e-08
 6.82763e+16	3.85e-01	6.15e-01	2.47e-08
 6.82977e+16	3.99e-01	6.01e-01	2.45e-08
 6.83185e+16	4.12e-01	5.88e-01	2.44e-08
 6.83390e+16	4.26e-01	5.74e-01	2.42e-08
 6.83591e+16	4.41e-01	5.59e-01	2.41e-08
 6.83788e+16	4.55e-01	5.45e-01	2.39e-08
 6.83982e+16	4.69e-01	5.31e-01	2.38e-08
 6.84172e+16	4.84e-01	5.16e-01	2.36e-08
 6.84359e+16	4.98e-01	5.02e-01	2.34e-08
 6.84542e+16	5.13e-01	4.87e-01	2.32e-08
 6.84722e+16	5.27e-01	4.73e-01	2.31e-08
 6.84897e+16	5.42e-01	4.58e-01	2.29e-08
 6.85066e+16	5.56e-01	4.44e-01	2.27e-08
 6.85233e+16	5.70e-01	4.30e-01	2.24e-08
 6.85396e+16	5.84e-01	4.16e-01	2.22e-08
 6.85552e+16	5.97e-01	4.03e-01	2.20e-08
 6.85704e+16	6.10e-01	3.90e-01	2.18e-08
 6.85854e+16	6.24e-01	3.76e-01	2.15e-08
 6.86000e+16	6.36e-01	3.64e-01	2.13e-08
 6.86143e+16	6.49e-01	3.51e-01	2.11e-08
 6.86281e+16	6.61e-01	3.39e-01	2.08e-08
 6.86417e+16	6.73e-01	3.27e-01	2.06e-08
 6.86550e+16	6.85e-01	3.15e-01	2.03e-08
 6.86679e+16	6.96e-01	3.04e-01	2.01e-08
 6.86806e+16	7.07e-01	2.93e-01	1.98e-08
 6.86931e+16	7.18e-01	2.82e-01	1.95e-08
 6.87052e+16	7.29e-01	2.71e-01	1.93e-08
 6.87171e+16	7.39e-01	2.61e-01	1.90e-08
 6.87288e+16	7.49e-01	2.51e-01	1.87e-08
 6.87402e+16	7.58e-01	2.42e-01	1.84e-08
 6.87514e+16	7.68e-01	2.32e-01	1.81e-08
 6.87623e+16	7.77e-01	2.23e-01	1.78e-08
 6.87731e+16	7.86e-01	2.14e-01	1.75e-08
 6.87837e+16	7.94e-01	2.06e-01	1.73e-08
 6.87939e+16	8.02e-01	1.98e-01	1.70e-08
 6.88039e+16	8.10e-01	1.90e-01	1.67e-08
 6.88138e+16	8.18e-01	1.82e-01	1.63e-08
 6.88236e+16	8.25e-01	1.75e-01	1.60e-08
 6.88330e+16	8.32e-01	1.68e-01	1.57e-08
 6.88424e+16	8.39e-01	1.61e-01	1.54e-08
 6.88515e+16	8.46e-01	1.54e-01	1.51e-08
 6.88603e+16	8.52e-01	1.48e-01	1.48e-08
 6.88690e+16	8.58e-01	1.42e-01	1.45e-08
 6.88775e+16	8.64e-01	1.36e-01	1.42e-08
 6.88859e+16	8.70e-01	1.30e-01	1.39e-08
 6.88940e+16	8.75e-01	1.25e-01	1.35e-08
 6.89020e+16	8.80e-01	1.20e-01	1.32e-08
 6.89097e+16	8.85e-01	1.15e-01	1.29e-08
 6.89173e+16	8.90e-01	1.10e-01	1.26e-08
 6.89246e+16	8.95e-01	1.05e-01	1.23e-08
 6.89319e+16	8.99e-01	1.01e-01	1.19e-08
 6.89389e+16	9.04e-01	9.62e-02	1.16e-08
 6.89457e+16	9.08e-01	9.21e-02	1.13e-08
 6.89522e+16	9.12e-01	8.82e-02	1.10e-08
 6.89586e+16	9.15e-01	8.45e-02	1.07e-08
 6.89647e+16	9.19e-01	8.10e-02	1.03e-08
 6.89703e+16	9.22e-01	7.77e-02	1.00e-08
 6.89753e+16	9.25e-01	7.48e-02	9.74e-09
 6.89798e+16	9.28e-01	7.21e-02	9.47e-09
 6.89839e+16	9.30e-01	6.97e-02	9.20e-09
 6.89879e+16	9.33e-01	6.74e-02	8.95e-09
 6.89916e+16	9.35e-01	6.52e-02	8.70e-09
 6.89950e+16	9.37e-01	6.33e-02	8.48e-09
 6.89981e+16	9.39e-01	6.14e-02	8.26e-09
 6.90011e+16	9.40e-01	5.97e-02	8.04e-09
 6.90038e+16	9.42e-01	5.81e-02	7.84e-09
 6.90062e+16	9.43e-01	5.66e-02	7.65e-09
 6.90085e+16	9.45e-01	5.52e-02	7.47e-09
 6.90107e+16	9.46e-01	5.39e-02	7.29e-09
 6.90127e+16	9.47e-01	5.27e-02	7.12e-09
 6.90145e+16	9.48e-01	5.16e-02	6.98e-09
 6.90164e+16	9.50e-01	5.04e-02	6.79e-09
 6.90181e+16	9.51e-01	4.93e-02	6.63e-09
 6.90195e+16	9.51e-01	4.85e-02	6.52e-09
 6.90209e+16	9.53e-01	4.74e-02	6.34e-09
 6.90223e+16	9.54e-01	4.65e-02	6.20e-09
 6.90234e+16	9.54e-01	4.58e-02	6.10e-09
 6.90245e+16	9.55e-01	4.49e-02	5.94e-09
 6.90256e+16	9.56e-01	4.42e-02	5.84e-09
 6.90265e+16	9.57e-01	4.34e-02	5.69e-09
 6.90274e+16	9.57e-01	4.28e-02	5.60e-09
 6.90282e+16	9.58e-01	4.21e-02	5.47e-09
 6.90290e+16	9.58e-01	4.16e-02	5.38e-09
 6.90297e+16	9.59e-01	4.09e-02	5.25e-09
 6.90304e+16	9.60e-01	4.03e-02	5.16e-09
 6.90311e+16	9.60e-01	3.96e-02	5.02e-09
 6.90318e+16	9.61e-01	3.89e-02	4.89e-09
 6.90325e+16	9.62e-01	3.82e-02	4.76e-09
 6.90332e+16	9.62e-01	3.75e-02	4.62e-09
 6.90339e+16	9.63e-01	3.67e-02	4.47e-09
 6.90346e+16	9.64e-01	3.59e-02	4.29e-09
 6.90353e+16	9.65e-01	3.47e-02	4.06e-09
 6.90360e+16	9.67e-01	3.33e-02	3.76e-09
 6.90367e+16	9.70e-01	3.05e-02	3.13e-09
