#depth	O	O+	O+2	O+3	O+4	O+5	O+6	O+7	O+8	O[1]	O[2]	O[3]
 2.61092e+12	6.12e-07	1.03e-03	2.20e-01	7.42e-01	3.67e-02	1.04e-06	0.00e+00	0.00e+00	0.00e+00	4.55e-07	1.01e-07	5.56e-08
 1.56655e+13	6.12e-07	1.03e-03	2.20e-01	7.42e-01	3.66e-02	1.03e-06	0.00e+00	0.00e+00	0.00e+00	4.55e-07	1.02e-07	5.57e-08
 6.78839e+13	6.16e-07	1.04e-03	2.22e-01	7.41e-01	3.63e-02	1.02e-06	0.00e+00	0.00e+00	0.00e+00	4.57e-07	1.02e-07	5.60e-08
 2.76758e+14	6.27e-07	1.06e-03	2.26e-01	7.37e-01	3.54e-02	9.85e-07	0.00e+00	0.00e+00	0.00e+00	4.66e-07	1.04e-07	5.70e-08
 6.61085e+14	6.26e-07	1.08e-03	2.33e-01	7.32e-01	3.39e-02	9.24e-07	0.00e+00	0.00e+00	0.00e+00	4.65e-07	1.04e-07	5.71e-08
 1.16071e+15	6.46e-07	1.12e-03	2.43e-01	7.24e-01	3.20e-02	8.48e-07	0.00e+00	0.00e+00	0.00e+00	4.79e-07	1.08e-07	5.90e-08
 1.81022e+15	6.87e-07	1.19e-03	2.57e-01	7.12e-01	2.95e-02	7.54e-07	0.00e+00	0.00e+00	0.00e+00	5.08e-07	1.15e-07	6.29e-08
 2.65459e+15	7.47e-07	1.29e-03	2.77e-01	6.95e-01	2.66e-02	6.46e-07	0.00e+00	0.00e+00	0.00e+00	5.52e-07	1.26e-07	6.86e-08
 3.75227e+15	8.48e-07	1.45e-03	3.06e-01	6.70e-01	2.30e-02	5.23e-07	0.00e+00	0.00e+00	0.00e+00	6.25e-07	1.44e-07	7.82e-08
 5.17925e+15	1.03e-06	1.72e-03	3.49e-01	6.30e-01	1.86e-02	3.87e-07	0.00e+00	0.00e+00	0.00e+00	7.56e-07	1.77e-07	9.53e-08
 6.63845e+15	1.25e-06	2.04e-03	4.02e-01	5.81e-01	1.45e-02	2.75e-07	0.00e+00	0.00e+00	0.00e+00	9.14e-07	2.17e-07	1.16e-07
 7.79665e+15	1.50e-06	2.39e-03	4.55e-01	5.32e-01	1.15e-02	2.01e-07	0.00e+00	0.00e+00	0.00e+00	1.10e-06	2.63e-07	1.40e-07
 8.72591e+15	1.79e-06	2.75e-03	5.04e-01	4.84e-01	9.19e-03	1.49e-07	0.00e+00	0.00e+00	0.00e+00	1.30e-06	3.15e-07	1.68e-07
 9.54242e+15	2.12e-06	3.15e-03	5.53e-01	4.36e-01	7.30e-03	0.00e+00	0.00e+00	0.00e+00	0.00e+00	1.55e-06	3.77e-07	2.00e-07
 1.03099e+16	2.61e-06	3.66e-03	6.08e-01	3.83e-01	5.57e-03	0.00e+00	0.00e+00	0.00e+00	0.00e+00	1.89e-06	4.69e-07	2.47e-07
 1.09971e+16	3.08e-06	4.15e-03	6.58e-01	3.34e-01	4.24e-03	0.00e+00	0.00e+00	0.00e+00	0.00e+00	2.23e-06	5.58e-07	2.92e-07
 1.16180e+16	3.62e-06	4.67e-03	7.06e-01	2.86e-01	3.18e-03	0.00e+00	0.00e+00	0.00e+00	0.00e+00	2.62e-06	6.59e-07	3.45e-07
 1.21824e+16	4.20e-06	5.19e-03	7.50e-01	2.43e-01	2.36e-03	0.00e+00	0.00e+00	0.00e+00	0.00e+00	3.03e-06	7.69e-07	4.01e-07
 1.26679e+16	4.80e-06	5.69e-03	7.87e-01	2.05e-01	1.76e-03	0.00e+00	0.00e+00	0.00e+00	0.00e+00	3.46e-06	8.81e-07	4.58e-07
 1.31962e+16	5.59e-06	6.30e-03	8.26e-01	1.66e-01	1.22e-03	0.00e+00	0.00e+00	0.00e+00	0.00e+00	4.02e-06	1.03e-06	5.35e-07
 1.37825e+16	6.55e-06	6.98e-03	8.65e-01	1.28e-01	7.75e-04	0.00e+00	0.00e+00	0.00e+00	0.00e+00	4.71e-06	1.21e-06	6.28e-07
 1.43379e+16	7.56e-06	7.64e-03	8.96e-01	9.59e-02	4.79e-04	0.00e+00	0.00e+00	0.00e+00	0.00e+00	5.43e-06	1.41e-06	7.26e-07
 1.49537e+16	8.81e-06	8.37e-03	9.24e-01	6.75e-02	2.66e-04	0.00e+00	0.00e+00	0.00e+00	0.00e+00	6.31e-06	1.64e-06	8.48e-07
 1.57543e+16	1.05e-05	9.23e-03	9.49e-01	4.15e-02	1.17e-04	0.00e+00	0.00e+00	0.00e+00	0.00e+00	7.48e-06	1.96e-06	1.01e-06
 1.67950e+16	1.25e-05	1.02e-02	9.68e-01	2.16e-02	3.84e-05	0.00e+00	0.00e+00	0.00e+00	0.00e+00	8.94e-06	2.35e-06	1.21e-06
 1.81479e+16	1.49e-05	1.11e-02	9.80e-01	9.32e-03	9.02e-06	0.00e+00	0.00e+00	0.00e+00	0.00e+00	1.06e-05	2.80e-06	1.44e-06
 1.98583e+16	1.78e-05	1.20e-02	9.84e-01	3.44e-03	1.54e-06	0.00e+00	0.00e+00	0.00e+00	0.00e+00	1.27e-05	3.37e-06	1.73e-06
 2.18441e+16	2.16e-05	1.31e-02	9.86e-01	1.20e-03	2.25e-07	0.00e+00	0.00e+00	0.00e+00	0.00e+00	1.54e-05	4.08e-06	2.09e-06
 2.40285e+16	2.64e-05	1.42e-02	9.85e-01	4.37e-04	0.00e+00	0.00e+00	0.00e+00	0.00e+00	0.00e+00	1.88e-05	4.98e-06	2.55e-06
 2.64313e+16	3.45e-05	1.60e-02	9.84e-01	1.75e-04	0.00e+00	0.00e+00	0.00e+00	0.00e+00	0.00e+00	2.46e-05	6.56e-06	3.35e-06
 2.90745e+16	4.52e-05	1.78e-02	9.82e-01	8.81e-05	0.00e+00	0.00e+00	0.00e+00	0.00e+00	0.00e+00	3.23e-05	8.56e-06	4.37e-06
 3.11466e+16	5.72e-05	1.97e-02	9.80e-01	6.37e-05	0.00e+00	0.00e+00	0.00e+00	0.00e+00	0.00e+00	4.09e-05	1.08e-05	5.53e-06
 3.22389e+16	6.46e-05	2.08e-02	9.79e-01	5.63e-05	0.00e+00	0.00e+00	0.00e+00	0.00e+00	0.00e+00	4.61e-05	1.22e-05	6.23e-06
 3.31696e+16	7.19e-05	2.18e-02	9.78e-01	5.12e-05	0.00e+00	0.00e+00	0.00e+00	0.00e+00	0.00e+00	5.14e-05	1.36e-05	6.93e-06
 3.43795e+16	8.31e-05	2.32e-02	9.77e-01	4.64e-05	0.00e+00	0.00e+00	0.00e+00	0.00e+00	0.00e+00	5.95e-05	1.57e-05	8.01e-06
 3.59524e+16	1.00e-04	2.52e-02	9.75e-01	4.12e-05	0.00e+00	0.00e+00	0.00e+00	0.00e+00	0.00e+00	7.17e-05	1.88e-05	9.63e-06
 3.75186e+16	1.23e-04	2.76e-02	9.72e-01	3.71e-05	0.00e+00	0.00e+00	0.00e+00	0.00e+00	0.00e+00	8.78e-05	2.29e-05	1.18e-05
 3.86811e+16	1.44e-04	2.97e-02	9.70e-01	3.45e-05	0.00e+00	0.00e+00	0.00e+00	0.00e+00	0.00e+00	1.03e-04	2.68e-05	1.38e-05
 3.96209e+16	1.63e-04	3.15e-02	9.68e-01	3.24e-05	0.00e+00	0.00e+00	0.00e+00	0.00e+00	0.00e+00	1.17e-04	3.02e-05	1.56e-05
 4.06658e+16	1.88e-04	3.37e-02	9.66e-01	3.03e-05	0.00e+00	0.00e+00	0.00e+00	0.00e+00	0.00e+00	1.35e-04	3.48e-05	1.79e-05
 4.20241e+16	2.28e-04	3.70e-02	9.63e-01	2.77e-05	0.00e+00	0.00e+00	0.00e+00	0.00e+00	0.00e+00	1.64e-04	4.20e-05	2.17e-05
 4.33868e+16	2.81e-04	4.10e-02	9.59e-01	2.52e-05	0.00e+00	0.00e+00	0.00e+00	0.00e+00	0.00e+00	2.02e-04	5.16e-05	2.67e-05
 4.44067e+16	3.29e-04	4.43e-02	9.55e-01	2.34e-05	0.00e+00	0.00e+00	0.00e+00	0.00e+00	0.00e+00	2.37e-04	6.03e-05	3.13e-05
 4.52510e+16	3.77e-04	4.74e-02	9.52e-01	2.19e-05	0.00e+00	0.00e+00	0.00e+00	0.00e+00	0.00e+00	2.72e-04	6.89e-05	3.58e-05
 4.62155e+16	4.42e-04	5.14e-02	9.48e-01	2.04e-05	0.00e+00	0.00e+00	0.00e+00	0.00e+00	0.00e+00	3.19e-04	8.06e-05	4.19e-05
 4.73058e+16	5.31e-04	5.65e-02	9.43e-01	1.87e-05	0.00e+00	0.00e+00	0.00e+00	0.00e+00	0.00e+00	3.84e-04	9.66e-05	5.03e-05
 4.83233e+16	6.37e-04	6.20e-02	9.37e-01	1.70e-05	0.00e+00	0.00e+00	0.00e+00	0.00e+00	0.00e+00	4.61e-04	1.16e-04	6.02e-05
 4.92191e+16	7.53e-04	6.76e-02	9.32e-01	1.56e-05	0.00e+00	0.00e+00	0.00e+00	0.00e+00	0.00e+00	5.45e-04	1.36e-04	7.10e-05
 5.01927e+16	9.04e-04	7.44e-02	9.25e-01	1.42e-05	0.00e+00	0.00e+00	0.00e+00	0.00e+00	0.00e+00	6.55e-04	1.63e-04	8.51e-05
 5.12455e+16	1.11e-03	8.30e-02	9.16e-01	1.27e-05	0.00e+00	0.00e+00	0.00e+00	0.00e+00	0.00e+00	8.09e-04	2.01e-04	1.05e-04
 5.21545e+16	1.35e-03	9.19e-02	9.07e-01	1.15e-05	0.00e+00	0.00e+00	0.00e+00	0.00e+00	0.00e+00	9.81e-04	2.43e-04	1.27e-04
 5.29323e+16	1.60e-03	1.01e-01	8.98e-01	1.04e-05	0.00e+00	0.00e+00	0.00e+00	0.00e+00	0.00e+00	1.16e-03	2.88e-04	1.50e-04
 5.37864e+16	1.94e-03	1.11e-01	8.87e-01	9.35e-06	0.00e+00	0.00e+00	0.00e+00	0.00e+00	0.00e+00	1.41e-03	3.48e-04	1.82e-04
 5.47167e+16	2.42e-03	1.26e-01	8.72e-01	8.21e-06	0.00e+00	0.00e+00	0.00e+00	0.00e+00	0.00e+00	1.76e-03	4.33e-04	2.27e-04
 5.55213e+16	2.97e-03	1.40e-01	8.57e-01	7.26e-06	0.00e+00	0.00e+00	0.00e+00	0.00e+00	0.00e+00	2.16e-03	5.29e-04	2.77e-04
 5.61972e+16	3.54e-03	1.54e-01	8.43e-01	6.49e-06	0.00e+00	0.00e+00	0.00e+00	0.00e+00	0.00e+00	2.58e-03	6.32e-04	3.31e-04
 5.69305e+16	4.32e-03	1.71e-01	8.25e-01	5.69e-06	0.00e+00	0.00e+00	0.00e+00	0.00e+00	0.00e+00	3.15e-03	7.69e-04	4.04e-04
 5.77224e+16	5.41e-03	1.93e-01	8.02e-01	4.89e-06	0.00e+00	0.00e+00	0.00e+00	0.00e+00	0.00e+00	3.94e-03	9.62e-04	5.05e-04
 5.83979e+16	6.66e-03	2.15e-01	7.78e-01	4.21e-06	0.00e+00	0.00e+00	0.00e+00	0.00e+00	0.00e+00	4.85e-03	1.18e-03	6.21e-04
 5.89562e+16	7.95e-03	2.36e-01	7.56e-01	3.69e-06	0.00e+00	0.00e+00	0.00e+00	0.00e+00	0.00e+00	5.79e-03	1.41e-03	7.41e-04
 5.95547e+16	9.66e-03	2.61e-01	7.29e-01	3.16e-06	0.00e+00	0.00e+00	0.00e+00	0.00e+00	0.00e+00	7.04e-03	1.71e-03	9.00e-04
 6.02064e+16	1.21e-02	2.92e-01	6.95e-01	2.63e-06	0.00e+00	0.00e+00	0.00e+00	0.00e+00	0.00e+00	8.82e-03	2.14e-03	1.13e-03
 6.07688e+16	1.49e-02	3.24e-01	6.61e-01	2.19e-06	0.00e+00	0.00e+00	0.00e+00	0.00e+00	0.00e+00	1.08e-02	2.63e-03	1.38e-03
 6.12352e+16	1.78e-02	3.54e-01	6.28e-01	1.84e-06	0.00e+00	0.00e+00	0.00e+00	0.00e+00	0.00e+00	1.30e-02	3.15e-03	1.66e-03
 6.17357e+16	2.16e-02	3.89e-01	5.89e-01	1.51e-06	0.00e+00	0.00e+00	0.00e+00	0.00e+00	0.00e+00	1.58e-02	3.84e-03	2.02e-03
 6.22787e+16	2.71e-02	4.31e-01	5.42e-01	1.18e-06	0.00e+00	0.00e+00	0.00e+00	0.00e+00	0.00e+00	1.97e-02	4.79e-03	2.52e-03
 6.27470e+16	3.32e-02	4.71e-01	4.96e-01	9.27e-07	0.00e+00	0.00e+00	0.00e+00	0.00e+00	0.00e+00	2.42e-02	5.88e-03	3.09e-03
 6.31380e+16	3.97e-02	5.07e-01	4.54e-01	7.37e-07	0.00e+00	0.00e+00	0.00e+00	0.00e+00	0.00e+00	2.89e-02	7.02e-03	3.69e-03
 6.35588e+16	4.82e-02	5.47e-01	4.05e-01	5.58e-07	0.00e+00	0.00e+00	0.00e+00	0.00e+00	0.00e+00	3.51e-02	8.53e-03	4.48e-03
 6.39761e+16	5.91e-02	5.87e-01	3.54e-01	4.07e-07	0.00e+00	0.00e+00	0.00e+00	0.00e+00	0.00e+00	4.31e-02	1.05e-02	5.50e-03
 6.42795e+16	6.90e-02	6.17e-01	3.14e-01	3.13e-07	0.00e+00	0.00e+00	0.00e+00	0.00e+00	0.00e+00	5.03e-02	1.22e-02	6.42e-03
 6.45136e+16	7.78e-02	6.39e-01	2.83e-01	2.50e-07	0.00e+00	0.00e+00	0.00e+00	0.00e+00	0.00e+00	5.68e-02	1.38e-02	7.24e-03
 6.47666e+16	8.88e-02	6.61e-01	2.50e-01	1.92e-07	0.00e+00	0.00e+00	0.00e+00	0.00e+00	0.00e+00	6.48e-02	1.57e-02	8.26e-03
 6.50470e+16	1.03e-01	6.83e-01	2.14e-01	1.38e-07	0.00e+00	0.00e+00	0.00e+00	0.00e+00	0.00e+00	7.53e-02	1.83e-02	9.61e-03
 6.52944e+16	1.19e-01	7.00e-01	1.81e-01	0.00e+00	0.00e+00	0.00e+00	0.00e+00	0.00e+00	0.00e+00	8.67e-02	2.10e-02	1.11e-02
 6.54951e+16	1.33e-01	7.10e-01	1.57e-01	0.00e+00	0.00e+00	0.00e+00	0.00e+00	0.00e+00	0.00e+00	9.72e-02	2.35e-02	1.24e-02
 6.56756e+16	1.48e-01	7.17e-01	1.35e-01	0.00e+00	0.00e+00	0.00e+00	0.00e+00	0.00e+00	0.00e+00	1.08e-01	2.62e-02	1.38e-02
 6.58819e+16	1.67e-01	7.21e-01	1.12e-01	0.00e+00	0.00e+00	0.00e+00	0.00e+00	0.00e+00	0.00e+00	1.22e-01	2.96e-02	1.56e-02
 6.60966e+16	1.91e-01	7.19e-01	8.97e-02	0.00e+00	0.00e+00	0.00e+00	0.00e+00	0.00e+00	0.00e+00	1.39e-01	3.37e-02	1.77e-02
 6.62676e+16	2.13e-01	7.14e-01	7.35e-02	0.00e+00	0.00e+00	0.00e+00	0.00e+00	0.00e+00	0.00e+00	1.56e-01	3.75e-02	1.98e-02
 6.64042e+16	2.32e-01	7.06e-01	6.17e-02	0.00e+00	0.00e+00	0.00e+00	0.00e+00	0.00e+00	0.00e+00	1.70e-01	4.09e-02	2.15e-02
 6.65509e+16	2.55e-01	6.94e-01	5.03e-02	0.00e+00	0.00e+00	0.00e+00	0.00e+00	0.00e+00	0.00e+00	1.87e-01	4.48e-02	2.37e-02
 6.67119e+16	2.84e-01	6.76e-01	3.92e-02	0.00e+00	0.00e+00	0.00e+00	0.00e+00	0.00e+00	0.00e+00	2.08e-01	4.98e-02	2.63e-02
 6.68520e+16	3.13e-01	6.56e-01	3.08e-02	0.00e+00	0.00e+00	0.00e+00	0.00e+00	0.00e+00	0.00e+00	2.29e-01	5.46e-02	2.89e-02
 6.69674e+16	3.39e-01	6.36e-01	2.47e-02	0.00e+00	0.00e+00	0.00e+00	0.00e+00	0.00e+00	0.00e+00	2.49e-01	5.90e-02	3.13e-02
 6.70901e+16	3.69e-01	6.12e-01	1.92e-02	0.00e+00	0.00e+00	0.00e+00	0.00e+00	0.00e+00	0.00e+00	2.71e-01	6.39e-02	3.40e-02
 6.72224e+16	4.05e-01	5.80e-01	1.42e-02	0.00e+00	0.00e+00	0.00e+00	0.00e+00	0.00e+00	0.00e+00	2.98e-01	6.98e-02	3.72e-02
 6.73346e+16	4.40e-01	5.50e-01	1.07e-02	0.00e+00	0.00e+00	0.00e+00	0.00e+00	0.00e+00	0.00e+00	3.24e-01	7.52e-02	4.02e-02
 6.74262e+16	4.69e-01	5.23e-01	8.31e-03	0.00e+00	0.00e+00	0.00e+00	0.00e+00	0.00e+00	0.00e+00	3.46e-01	7.97e-02	4.27e-02
 6.75078e+16	4.97e-01	4.97e-01	6.53e-03	0.00e+00	0.00e+00	0.00e+00	0.00e+00	0.00e+00	0.00e+00	3.68e-01	8.39e-02	4.51e-02
 6.75836e+16	5.24e-01	4.71e-01	5.14e-03	0.00e+00	0.00e+00	0.00e+00	0.00e+00	0.00e+00	0.00e+00	3.88e-01	8.79e-02	4.73e-02
 6.76527e+16	5.50e-01	4.46e-01	4.07e-03	0.00e+00	0.00e+00	0.00e+00	0.00e+00	0.00e+00	0.00e+00	4.09e-01	9.16e-02	4.95e-02
 6.77142e+16	5.73e-01	4.23e-01	3.27e-03	0.00e+00	0.00e+00	0.00e+00	0.00e+00	0.00e+00	0.00e+00	4.27e-01	9.48e-02	5.14e-02
 6.77692e+16	5.95e-01	4.02e-01	2.66e-03	0.00e+00	0.00e+00	0.00e+00	0.00e+00	0.00e+00	0.00e+00	4.44e-01	9.77e-02	5.31e-02
 6.78110e+16	6.11e-01	3.86e-01	2.26e-03	0.00e+00	0.00e+00	0.00e+00	0.00e+00	0.00e+00	0.00e+00	4.57e-01	9.98e-02	5.43e-02
 6.78385e+16	6.22e-01	3.76e-01	2.03e-03	0.00e+00	0.00e+00	0.00e+00	0.00e+00	0.00e+00	0.00e+00	4.65e-01	1.01e-01	5.51e-02
 6.78648e+16	6.32e-01	3.66e-01	1.82e-03	0.00e+00	0.00e+00	0.00e+00	0.00e+00	0.00e+00	0.00e+00	4.74e-01	1.02e-01	5.59e-02
 6.78958e+16	6.45e-01	3.54e-01	1.60e-03	0.00e+00	0.00e+00	0.00e+00	0.00e+00	0.00e+00	0.00e+00	4.84e-01	1.04e-01	5.68e-02
 6.79283e+16	6.58e-01	3.40e-01	1.38e-03	0.00e+00	0.00e+00	0.00e+00	0.00e+00	0.00e+00	0.00e+00	4.95e-01	1.05e-01	5.77e-02
 6.79580e+16	6.71e-01	3.28e-01	1.21e-03	0.00e+00	0.00e+00	0.00e+00	0.00e+00	0.00e+00	0.00e+00	5.05e-01	1.06e-01	5.86e-02
 6.79850e+16	6.82e-01	3.17e-01	1.07e-03	0.00e+00	0.00e+00	0.00e+00	0.00e+00	0.00e+00	0.00e+00	5.15e-01	1.08e-01	5.93e-02
 6.80113e+16	6.93e-01	3.06e-01	9.39e-04	0.00e+00	0.00e+00	0.00e+00	0.00e+00	0.00e+00	0.00e+00	5.24e-01	1.09e-01	6.01e-02
 6.80382e+16	7.04e-01	2.95e-01	8.22e-04	0.00e+00	0.00e+00	0.00e+00	0.00e+00	0.00e+00	0.00e+00	5.33e-01	1.10e-01	6.08e-02
 6.80649e+16	7.15e-01	2.84e-01	7.17e-04	0.00e+00	0.00e+00	0.00e+00	0.00e+00	0.00e+00	0.00e+00	5.43e-01	1.11e-01	6.15e-02
 6.80905e+16	7.26e-01	2.74e-01	6.28e-04	0.00e+00	0.00e+00	0.00e+00	0.00e+00	0.00e+00	0.00e+00	5.52e-01	1.12e-01	6.21e-02
 6.81153e+16	7.36e-01	2.63e-01	5.50e-04	0.00e+00	0.00e+00	0.00e+00	0.00e+00	0.00e+00	0.00e+00	5.61e-01	1.12e-01	6.27e-02
 6.81395e+16	7.46e-01	2.53e-01	4.81e-04	0.00e+00	0.00e+00	0.00e+00	0.00e+00	0.00e+00	0.00e+00	5.70e-01	1.13e-01	6.33e-02
 6.81635e+16	7.56e-01	2.44e-01	4.20e-04	0.00e+00	0.00e+00	0.00e+00	0.00e+00	0.00e+00	0.00e+00	5.78e-01	1.14e-01	6.38e-02
 6.81871e+16	7.66e-01	2.34e-01	3.67e-04	0.00e+00	0.00e+00	0.00e+00	0.00e+00	0.00e+00	0.00e+00	5.87e-01	1.15e-01	6.43e-02
 6.82101e+16	7.75e-01	2.25e-01	3.20e-04	0.00e+00	0.00e+00	0.00e+00	0.00e+00	0.00e+00	0.00e+00	5.95e-01	1.15e-01	6.47e-02
 6.82326e+16	7.84e-01	2.16e-01	2.79e-04	0.00e+00	0.00e+00	0.00e+00	0.00e+00	0.00e+00	0.00e+00	6.03e-01	1.16e-01	6.51e-02
 6.82546e+16	7.93e-01	2.07e-01	2.44e-04	0.00e+00	0.00e+00	0.00e+00	0.00e+00	0.00e+00	0.00e+00	6.11e-01	1.16e-01	6.55e-02
 6.82763e+16	8.01e-01	1.98e-01	2.12e-04	0.00e+00	0.00e+00	0.00e+00	0.00e+00	0.00e+00	0.00e+00	6.19e-01	1.16e-01	6.59e-02
 6.82977e+16	8.10e-01	1.90e-01	1.85e-04	0.00e+00	0.00e+00	0.00e+00	0.00e+00	0.00e+00	0.00e+00	6.27e-01	1.17e-01	6.62e-02
 6.83185e+16	8.18e-01	1.82e-01	1.61e-04	0.00e+00	0.00e+00	0.00e+00	0.00e+00	0.00e+00	0.00e+00	6.34e-01	1.17e-01	6.65e-02
 6.83390e+16	8.25e-01	1.75e-01	1.40e-04	0.00e+00	0.00e+00	0.00e+00	0.00e+00	0.00e+00	0.00e+00	6.41e-01	1.17e-01	6.67e-02
 6.83591e+16	8.33e-01	1.67e-01	1.22e-04	0.00e+00	0.00e+00	0.00e+00	0.00e+00	0.00e+00	0.00e+00	6.48e-01	1.18e-01	6.69e-02
 6.83788e+16	8.40e-01	1.60e-01	1.06e-04	0.00e+00	0.00e+00	0.00e+00	0.00e+00	0.00e+00	0.00e+00	6.55e-01	1.18e-01	6.71e-02
 6.83982e+16	8.47e-01	1.53e-01	9.20e-05	0.00e+00	0.00e+00	0.00e+00	0.00e+00	0.00e+00	0.00e+00	6.62e-01	1.18e-01	6.73e-02
 6.84172e+16	8.54e-01	1.46e-01	7.99e-05	0.00e+00	0.00e+00	0.00e+00	0.00e+00	0.00e+00	0.00e+00	6.68e-01	1.18e-01	6.74e-02
 6.84359e+16	8.60e-01	1.40e-01	6.94e-05	0.00e+00	0.00e+00	0.00e+00	0.00e+00	0.00e+00	0.00e+00	6.75e-01	1.18e-01	6.75e-02
 6.84542e+16	8.66e-01	1.34e-01	6.02e-05	0.00e+00	0.00e+00	0.00e+00	0.00e+00	0.00e+00	0.00e+00	6.81e-01	1.18e-01	6.76e-02
 6.84722e+16	8.72e-01	1.28e-01	5.23e-05	0.00e+00	0.00e+00	0.00e+00	0.00e+00	0.00e+00	0.00e+00	6.87e-01	1.18e-01	6.77e-02
 6.84897e+16	8.78e-01	1.22e-01	4.54e-05	0.00e+00	0.00e+00	0.00e+00	0.00e+00	0.00e+00	0.00e+00	6.92e-01	1.18e-01	6.77e-02
 6.85066e+16	8.83e-01	1.17e-01	3.97e-05	0.00e+00	0.00e+00	0.00e+00	0.00e+00	0.00e+00	0.00e+00	6.98e-01	1.18e-01	6.77e-02
 6.85233e+16	8.88e-01	1.12e-01	3.45e-05	0.00e+00	0.00e+00	0.00e+00	0.00e+00	0.00e+00	0.00e+00	7.03e-01	1.18e-01	6.77e-02
 6.85396e+16	8.93e-01	1.07e-01	3.01e-05	0.00e+00	0.00e+00	0.00e+00	0.00e+00	0.00e+00	0.00e+00	7.08e-01	1.17e-01	6.77e-02
 6.85552e+16	8.98e-01	1.02e-01	2.63e-05	0.00e+00	0.00e+00	0.00e+00	0.00e+00	0.00e+00	0.00e+00	7.12e-01	1.17e-01	6.77e-02
 6.85704e+16	9.02e-01	9.79e-02	2.30e-05	0.00e+00	0.00e+00	0.00e+00	0.00e+00	0.00e+00	0.00e+00	7.17e-01	1.17e-01	6.77e-02
 6.85854e+16	9.06e-01	9.37e-02	2.01e-05	0.00e+00	0.00e+00	0.00e+00	0.00e+00	0.00e+00	0.00e+00	7.21e-01	1.17e-01	6.77e-02
 6.86000e+16	9.10e-01	8.97e-02	1.77e-05	0.00e+00	0.00e+00	0.00e+00	0.00e+00	0.00e+00	0.00e+00	7.26e-01	1.17e-01	6.76e-02
 6.86143e+16	9.14e-01	8.59e-02	1.55e-05	0.00e+00	0.00e+00	0.00e+00	0.00e+00	0.00e+00	0.00e+00	7.29e-01	1.17e-01	6.76e-02
 6.86281e+16	9.18e-01	8.23e-02	1.36e-05	0.00e+00	0.00e+00	0.00e+00	0.00e+00	0.00e+00	0.00e+00	7.33e-01	1.17e-01	6.75e-02
 6.86417e+16	9.21e-01	7.88e-02	1.19e-05	0.00e+00	0.00e+00	0.00e+00	0.00e+00	0.00e+00	0.00e+00	7.37e-01	1.17e-01	6.74e-02
 6.86550e+16	9.24e-01	7.55e-02	1.05e-05	0.00e+00	0.00e+00	0.00e+00	0.00e+00	0.00e+00	0.00e+00	7.40e-01	1.17e-01	6.73e-02
 6.86679e+16	9.28e-01	7.24e-02	9.25e-06	0.00e+00	0.00e+00	0.00e+00	0.00e+00	0.00e+00	0.00e+00	7.44e-01	1.17e-01	6.73e-02
 6.86806e+16	9.31e-01	6.94e-02	8.17e-06	0.00e+00	0.00e+00	0.00e+00	0.00e+00	0.00e+00	0.00e+00	7.47e-01	1.17e-01	6.72e-02
 6.86931e+16	9.33e-01	6.65e-02	7.19e-06	0.00e+00	0.00e+00	0.00e+00	0.00e+00	0.00e+00	0.00e+00	7.50e-01	1.17e-01	6.71e-02
 6.87052e+16	9.36e-01	6.38e-02	6.36e-06	0.00e+00	0.00e+00	0.00e+00	0.00e+00	0.00e+00	0.00e+00	7.53e-01	1.16e-01	6.70e-02
 6.87171e+16	9.39e-01	6.12e-02	5.61e-06	0.00e+00	0.00e+00	0.00e+00	0.00e+00	0.00e+00	0.00e+00	7.55e-01	1.16e-01	6.70e-02
 6.87288e+16	9.41e-01	5.87e-02	4.97e-06	0.00e+00	0.00e+00	0.00e+00	0.00e+00	0.00e+00	0.00e+00	7.58e-01	1.16e-01	6.69e-02
 6.87402e+16	9.44e-01	5.63e-02	4.39e-06	0.00e+00	0.00e+00	0.00e+00	0.00e+00	0.00e+00	0.00e+00	7.60e-01	1.16e-01	6.69e-02
 6.87514e+16	9.46e-01	5.40e-02	3.89e-06	0.00e+00	0.00e+00	0.00e+00	0.00e+00	0.00e+00	0.00e+00	7.63e-01	1.16e-01	6.68e-02
 6.87623e+16	9.48e-01	5.18e-02	3.45e-06	0.00e+00	0.00e+00	0.00e+00	0.00e+00	0.00e+00	0.00e+00	7.65e-01	1.16e-01	6.67e-02
 6.87731e+16	9.50e-01	4.97e-02	3.05e-06	0.00e+00	0.00e+00	0.00e+00	0.00e+00	0.00e+00	0.00e+00	7.67e-01	1.17e-01	6.67e-02
 6.87837e+16	9.52e-01	4.76e-02	2.71e-06	0.00e+00	0.00e+00	0.00e+00	0.00e+00	0.00e+00	0.00e+00	7.69e-01	1.17e-01	6.66e-02
 6.87939e+16	9.54e-01	4.57e-02	2.41e-06	0.00e+00	0.00e+00	0.00e+00	0.00e+00	0.00e+00	0.00e+00	7.71e-01	1.17e-01	6.66e-02
 6.88039e+16	9.56e-01	4.39e-02	2.14e-06	0.00e+00	0.00e+00	0.00e+00	0.00e+00	0.00e+00	0.00e+00	7.73e-01	1.17e-01	6.65e-02
 6.88138e+16	9.58e-01	4.22e-02	1.90e-06	0.00e+00	0.00e+00	0.00e+00	0.00e+00	0.00e+00	0.00e+00	7.74e-01	1.17e-01	6.65e-02
 6.88236e+16	9.60e-01	4.04e-02	1.69e-06	0.00e+00	0.00e+00	0.00e+00	0.00e+00	0.00e+00	0.00e+00	7.76e-01	1.17e-01	6.64e-02
 6.88330e+16	9.61e-01	3.88e-02	1.51e-06	0.00e+00	0.00e+00	0.00e+00	0.00e+00	0.00e+00	0.00e+00	7.78e-01	1.17e-01	6.63e-02
 6.88424e+16	9.63e-01	3.73e-02	1.34e-06	0.00e+00	0.00e+00	0.00e+00	0.00e+00	0.00e+00	0.00e+00	7.79e-01	1.17e-01	6.63e-02
 6.88515e+16	9.64e-01	3.58e-02	1.20e-06	0.00e+00	0.00e+00	0.00e+00	0.00e+00	0.00e+00	0.00e+00	7.80e-01	1.18e-01	6.62e-02
 6.88603e+16	9.66e-01	3.44e-02	1.07e-06	0.00e+00	0.00e+00	0.00e+00	0.00e+00	0.00e+00	0.00e+00	7.82e-01	1.18e-01	6.62e-02
 6.88690e+16	9.67e-01	3.30e-02	9.53e-07	0.00e+00	0.00e+00	0.00e+00	0.00e+00	0.00e+00	0.00e+00	7.83e-01	1.18e-01	6.62e-02
 6.88775e+16	9.68e-01	3.17e-02	8.50e-07	0.00e+00	0.00e+00	0.00e+00	0.00e+00	0.00e+00	0.00e+00	7.84e-01	1.18e-01	6.62e-02
 6.88859e+16	9.70e-01	3.04e-02	7.59e-07	0.00e+00	0.00e+00	0.00e+00	0.00e+00	0.00e+00	0.00e+00	7.85e-01	1.19e-01	6.62e-02
 6.88940e+16	9.71e-01	2.92e-02	6.79e-07	0.00e+00	0.00e+00	0.00e+00	0.00e+00	0.00e+00	0.00e+00	7.86e-01	1.19e-01	6.62e-02
 6.89020e+16	9.72e-01	2.80e-02	6.07e-07	0.00e+00	0.00e+00	0.00e+00	0.00e+00	0.00e+00	0.00e+00	7.86e-01	1.19e-01	6.62e-02
 6.89097e+16	9.73e-01	2.69e-02	5.43e-07	0.00e+00	0.00e+00	0.00e+00	0.00e+00	0.00e+00	0.00e+00	7.87e-01	1.20e-01	6.62e-02
 6.89173e+16	9.74e-01	2.58e-02	4.86e-07	0.00e+00	0.00e+00	0.00e+00	0.00e+00	0.00e+00	0.00e+00	7.87e-01	1.20e-01	6.63e-02
 6.89246e+16	9.75e-01	2.48e-02	4.36e-07	0.00e+00	0.00e+00	0.00e+00	0.00e+00	0.00e+00	0.00e+00	7.88e-01	1.21e-01	6.63e-02
 6.89319e+16	9.76e-01	2.38e-02	3.90e-07	0.00e+00	0.00e+00	0.00e+00	0.00e+00	0.00e+00	0.00e+00	7.88e-01	1.21e-01	6.64e-02
 6.89389e+16	9.77e-01	2.28e-02	3.50e-07	0.00e+00	0.00e+00	0.00e+00	0.00e+00	0.00e+00	0.00e+00	7.89e-01	1.22e-01	6.65e-02
 6.89457e+16	9.78e-01	2.19e-02	3.14e-07	0.00e+00	0.00e+00	0.00e+00	0.00e+00	0.00e+00	0.00e+00	7.89e-01	1.23e-01	6.66e-02
 6.89522e+16	9.79e-01	2.10e-02	2.82e-07	0.00e+00	0.00e+00	0.00e+00	0.00e+00	0.00e+00	0.00e+00	7.89e-01	1.23e-01	6.67e-02
 6.89586e+16	9.80e-01	2.02e-02	2.54e-07	0.00e+00	0.00e+00	0.00e+00	0.00e+00	0.00e+00	0.00e+00	7.89e-01	1.24e-01	6.68e-02
 6.89647e+16	9.81e-01	1.94e-02	2.28e-07	0.00e+00	0.00e+00	0.00e+00	0.00e+00	0.00e+00	0.00e+00	7.89e-01	1.25e-01	6.69e-02
 6.89703e+16	9.81e-01	1.86e-02	2.07e-07	0.00e+00	0.00e+00	0.00e+00	0.00e+00	0.00e+00	0.00e+00	7.89e-01	1.26e-01	6.70e-02
 6.89753e+16	9.82e-01	1.80e-02	1.89e-07	0.00e+00	0.00e+00	0.00e+00	0.00e+00	0.00e+00	0.00e+00	7.88e-01	1.26e-01	6.72e-02
 6.89798e+16	9.83e-01	1.74e-02	1.74e-07	0.00e+00	0.00e+00	0.00e+00	0.00e+00	0.00e+00	0.00e+00	7.88e-01	1.27e-01	6.73e-02
 6.89839e+16	9.83e-01	1.69e-02	1.61e-07	0.00e+00	0.00e+00	0.00e+00	0.00e+00	0.00e+00	0.00e+00	7.88e-01	1.28e-01	6.75e-02
 6.89879e+16	9.84e-01	1.63e-02	1.49e-07	0.00e+00	0.00e+00	0.00e+00	0.00e+00	0.00e+00	0.00e+00	7.87e-01	1.29e-01	6.76e-02
 6.89916e+16	9.84e-01	1.59e-02	1.38e-07	0.00e+00	0.00e+00	0.00e+00	0.00e+00	0.00e+00	0.00e+00	7.87e-01	1.30e-01	6.78e-02
 6.89950e+16	9.85e-01	1.54e-02	1.29e-07	0.00e+00	0.00e+00	0.00e+00	0.00e+00	0.00e+00	0.00e+00	7.86e-01	1.30e-01	6.79e-02
 6.89981e+16	9.85e-01	1.50e-02	1.20e-07	0.00e+00	0.00e+00	0.00e+00	0.00e+00	0.00e+00	0.00e+00	7.86e-01	1.31e-01	6.81e-02
 6.90011e+16	9.85e-01	1.46e-02	1.13e-07	0.00e+00	0.00e+00	0.00e+00	0.00e+00	0.00e+00	0.00e+00	7.85e-01	1.32e-01	6.82e-02
 6.90038e+16	9.86e-01	1.42e-02	1.06e-07	0.00e+00	0.00e+00	0.00e+00	0.00e+00	0.00e+00	0.00e+00	7.85e-01	1.33e-01	6.84e-02
 6.90062e+16	9.86e-01	1.39e-02	1.00e-07	0.00e+00	0.00e+00	0.00e+00	0.00e+00	0.00e+00	0.00e+00	7.84e-01	1.34e-01	6.86e-02
 6.90085e+16	9.86e-01	1.36e-02	9.46e-08	0.00e+00	0.00e+00	0.00e+00	0.00e+00	0.00e+00	0.00e+00	7.83e-01	1.34e-01	6.87e-02
 6.90107e+16	9.87e-01	1.33e-02	8.97e-08	0.00e+00	0.00e+00	0.00e+00	0.00e+00	0.00e+00	0.00e+00	7.83e-01	1.35e-01	6.89e-02
 6.90127e+16	9.87e-01	1.30e-02	8.52e-08	0.00e+00	0.00e+00	0.00e+00	0.00e+00	0.00e+00	0.00e+00	7.82e-01	1.36e-01	6.90e-02
 6.90145e+16	9.87e-01	1.27e-02	8.15e-08	0.00e+00	0.00e+00	0.00e+00	0.00e+00	0.00e+00	0.00e+00	7.82e-01	1.37e-01	6.91e-02
 6.90164e+16	9.88e-01	1.24e-02	7.70e-08	0.00e+00	0.00e+00	0.00e+00	0.00e+00	0.00e+00	0.00e+00	7.81e-01	1.38e-01	6.94e-02
 6.90181e+16	9.88e-01	1.21e-02	7.34e-08	0.00e+00	0.00e+00	0.00e+00	0.00e+00	0.00e+00	0.00e+00	7.80e-01	1.38e-01	6.95e-02
 6.90195e+16	9.88e-01	1.20e-02	7.08e-08	0.00e+00	0.00e+00	0.00e+00	0.00e+00	0.00e+00	0.00e+00	7.79e-01	1.39e-01	6.96e-02
 6.90209e+16	9.88e-01	1.17e-02	6.74e-08	0.00e+00	0.00e+00	0.00e+00	0.00e+00	0.00e+00	0.00e+00	7.78e-01	1.40e-01	6.98e-02
 6.90223e+16	9.89e-01	1.15e-02	6.44e-08	0.00e+00	0.00e+00	0.00e+00	0.00e+00	0.00e+00	0.00e+00	7.78e-01	1.41e-01	7.00e-02
 6.90234e+16	9.89e-01	1.13e-02	6.24e-08	0.00e+00	0.00e+00	0.00e+00	0.00e+00	0.00e+00	0.00e+00	7.77e-01	1.41e-01	7.01e-02
 6.90245e+16	9.89e-01	1.11e-02	5.97e-08	0.00e+00	0.00e+00	0.00e+00	0.00e+00	0.00e+00	0.00e+00	7.76e-01	1.42e-01	7.03e-02
 6.90256e+16	9.89e-01	1.09e-02	5.77e-08	0.00e+00	0.00e+00	0.00e+00	0.00e+00	0.00e+00	0.00e+00	7.76e-01	1.43e-01	7.04e-02
 6.90265e+16	9.89e-01	1.07e-02	5.53e-08	0.00e+00	0.00e+00	0.00e+00	0.00e+00	0.00e+00	0.00e+00	7.75e-01	1.44e-01	7.06e-02
 6.90274e+16	9.89e-01	1.05e-02	5.37e-08	0.00e+00	0.00e+00	0.00e+00	0.00e+00	0.00e+00	0.00e+00	7.74e-01	1.45e-01	7.07e-02
 6.90282e+16	9.90e-01	1.03e-02	5.17e-08	0.00e+00	0.00e+00	0.00e+00	0.00e+00	0.00e+00	0.00e+00	7.73e-01	1.46e-01	7.09e-02
 6.90290e+16	9.90e-01	1.02e-02	5.03e-08	0.00e+00	0.00e+00	0.00e+00	0.00e+00	0.00e+00	0.00e+00	7.73e-01	1.46e-01	7.10e-02
 6.90297e+16	9.90e-01	9.99e-03	4.84e-08	0.00e+00	0.00e+00	0.00e+00	0.00e+00	0.00e+00	0.00e+00	7.71e-01	1.47e-01	7.13e-02
 6.90304e+16	9.90e-01	9.85e-03	4.70e-08	0.00e+00	0.00e+00	0.00e+00	0.00e+00	0.00e+00	0.00e+00	7.71e-01	1.48e-01	7.14e-02
 6.90311e+16	9.90e-01	9.65e-03	4.51e-08	0.00e+00	0.00e+00	0.00e+00	0.00e+00	0.00e+00	0.00e+00	7.70e-01	1.49e-01	7.16e-02
 6.90318e+16	9.91e-01	9.46e-03	4.34e-08	0.00e+00	0.00e+00	0.00e+00	0.00e+00	0.00e+00	0.00e+00	7.69e-01	1.50e-01	7.18e-02
 6.90325e+16	9.91e-01	9.26e-03	4.17e-08	0.00e+00	0.00e+00	0.00e+00	0.00e+00	0.00e+00	0.00e+00	7.67e-01	1.51e-01	7.20e-02
 6.90332e+16	9.91e-01	9.05e-03	3.99e-08	0.00e+00	0.00e+00	0.00e+00	0.00e+00	0.00e+00	0.00e+00	7.66e-01	1.52e-01	7.22e-02
 6.90339e+16	9.91e-01	8.82e-03	3.80e-08	0.00e+00	0.00e+00	0.00e+00	0.00e+00	0.00e+00	0.00e+00	7.65e-01	1.54e-01	7.25e-02
 6.90346e+16	9.91e-01	8.57e-03	3.60e-08	0.00e+00	0.00e+00	0.00e+00	0.00e+00	0.00e+00	0.00e+00	7.63e-01	1.56e-01	7.28e-02
 6.90353e+16	9.92e-01	8.22e-03	3.34e-08	0.00e+00	0.00e+00	0.00e+00	0.00e+00	0.00e+00	0.00e+00	7.60e-01	1.58e-01	7.32e-02
 6.90360e+16	9.92e-01	7.77e-03	3.02e-08	0.00e+00	0.00e+00	0.00e+00	0.00e+00	0.00e+00	0.00e+00	7.57e-01	1.62e-01	7.38e-02
 6.90367e+16	9.93e-01	6.77e-03	2.40e-08	0.00e+00	0.00e+00	0.00e+00	0.00e+00	0.00e+00	0.00e+00	7.48e-01	1.70e-01	7.51e-02
