#depth	O	O+	O+2	O+3	O+4	O+5	O+6	O+7	O+8	O[1]	O[2]	O[3]
 2.59279e+11	3.73e-05	4.66e-02	9.53e-01	1.95e-04	0.00e+00	0.00e+00	0.00e+00	0.00e+00	0.00e+00	2.47e-05	8.75e-06	3.81e-06
 1.55568e+12	3.73e-05	4.66e-02	9.53e-01	1.94e-04	0.00e+00	0.00e+00	0.00e+00	0.00e+00	0.00e+00	2.47e-05	8.75e-06	3.81e-06
 6.74126e+12	3.72e-05	4.66e-02	9.53e-01	1.91e-04	0.00e+00	0.00e+00	0.00e+00	0.00e+00	0.00e+00	2.47e-05	8.76e-06	3.81e-06
 2.74836e+13	3.74e-05	4.67e-02	9.53e-01	1.80e-04	0.00e+00	0.00e+00	0.00e+00	0.00e+00	0.00e+00	2.47e-05	8.80e-06	3.83e-06
 6.56495e+13	3.73e-05	4.68e-02	9.53e-01	1.65e-04	0.00e+00	0.00e+00	0.00e+00	0.00e+00	0.00e+00	2.47e-05	8.79e-06	3.83e-06
 1.15265e+14	3.73e-05	4.69e-02	9.53e-01	1.46e-04	0.00e+00	0.00e+00	0.00e+00	0.00e+00	0.00e+00	2.47e-05	8.79e-06	3.83e-06
 1.79766e+14	3.74e-05	4.71e-02	9.53e-01	1.25e-04	0.00e+00	0.00e+00	0.00e+00	0.00e+00	0.00e+00	2.47e-05	8.81e-06	3.85e-06
 2.63616e+14	3.75e-05	4.74e-02	9.52e-01	1.02e-04	0.00e+00	0.00e+00	0.00e+00	0.00e+00	0.00e+00	2.48e-05	8.84e-06	3.86e-06
 3.72622e+14	3.78e-05	4.78e-02	9.52e-01	7.77e-05	0.00e+00	0.00e+00	0.00e+00	0.00e+00	0.00e+00	2.50e-05	8.91e-06	3.89e-06
 5.14329e+14	3.82e-05	4.82e-02	9.52e-01	5.45e-05	0.00e+00	0.00e+00	0.00e+00	0.00e+00	0.00e+00	2.53e-05	9.01e-06	3.93e-06
 6.98549e+14	3.89e-05	4.89e-02	9.51e-01	3.44e-05	0.00e+00	0.00e+00	0.00e+00	0.00e+00	0.00e+00	2.57e-05	9.16e-06	4.00e-06
 9.38034e+14	3.99e-05	4.97e-02	9.50e-01	1.89e-05	0.00e+00	0.00e+00	0.00e+00	0.00e+00	0.00e+00	2.64e-05	9.38e-06	4.10e-06
 1.24936e+15	4.13e-05	5.08e-02	9.49e-01	8.81e-06	0.00e+00	0.00e+00	0.00e+00	0.00e+00	0.00e+00	2.73e-05	9.71e-06	4.24e-06
 1.65410e+15	4.34e-05	5.23e-02	9.48e-01	3.36e-06	0.00e+00	0.00e+00	0.00e+00	0.00e+00	0.00e+00	2.87e-05	1.02e-05	4.45e-06
 2.18024e+15	4.64e-05	5.43e-02	9.46e-01	1.03e-06	0.00e+00	0.00e+00	0.00e+00	0.00e+00	0.00e+00	3.07e-05	1.09e-05	4.77e-06
 2.86424e+15	5.09e-05	5.69e-02	9.43e-01	2.71e-07	0.00e+00	0.00e+00	0.00e+00	0.00e+00	0.00e+00	3.37e-05	1.20e-05	5.23e-06
 3.70261e+15	5.70e-05	6.03e-02	9.40e-01	0.00e+00	0.00e+00	0.00e+00	0.00e+00	0.00e+00	0.00e+00	3.78e-05	1.34e-05	5.85e-06
 4.60613e+15	6.45e-05	6.39e-02	9.36e-01	0.00e+00	0.00e+00	0.00e+00	0.00e+00	0.00e+00	0.00e+00	4.27e-05	1.52e-05	6.62e-06
 5.50966e+15	7.35e-05	6.79e-02	9.32e-01	0.00e+00	0.00e+00	0.00e+00	0.00e+00	0.00e+00	0.00e+00	4.87e-05	1.73e-05	7.55e-06
 6.41318e+15	8.44e-05	7.21e-02	9.28e-01	0.00e+00	0.00e+00	0.00e+00	0.00e+00	0.00e+00	0.00e+00	5.58e-05	1.99e-05	8.68e-06
 7.20819e+15	9.54e-05	7.60e-02	9.24e-01	0.00e+00	0.00e+00	0.00e+00	0.00e+00	0.00e+00	0.00e+00	6.31e-05	2.25e-05	9.82e-06
 7.92901e+15	1.08e-04	7.98e-02	9.20e-01	0.00e+00	0.00e+00	0.00e+00	0.00e+00	0.00e+00	0.00e+00	7.12e-05	2.54e-05	1.11e-05
 8.72191e+15	1.24e-04	8.44e-02	9.15e-01	0.00e+00	0.00e+00	0.00e+00	0.00e+00	0.00e+00	0.00e+00	8.18e-05	2.93e-05	1.28e-05
 9.58900e+15	1.45e-04	8.99e-02	9.10e-01	0.00e+00	0.00e+00	0.00e+00	0.00e+00	0.00e+00	0.00e+00	9.56e-05	3.44e-05	1.50e-05
 1.04420e+16	1.71e-04	9.59e-02	9.04e-01	0.00e+00	0.00e+00	0.00e+00	0.00e+00	0.00e+00	0.00e+00	1.12e-04	4.07e-05	1.77e-05
 1.11898e+16	1.99e-04	1.02e-01	8.98e-01	0.00e+00	0.00e+00	0.00e+00	0.00e+00	0.00e+00	0.00e+00	1.31e-04	4.75e-05	2.06e-05
 1.18607e+16	2.30e-04	1.08e-01	8.92e-01	0.00e+00	0.00e+00	0.00e+00	0.00e+00	0.00e+00	0.00e+00	1.51e-04	5.50e-05	2.38e-05
 1.24966e+16	2.66e-04	1.14e-01	8.86e-01	0.00e+00	0.00e+00	0.00e+00	0.00e+00	0.00e+00	0.00e+00	1.74e-04	6.37e-05	2.74e-05
 1.30884e+16	3.06e-04	1.21e-01	8.79e-01	0.00e+00	0.00e+00	0.00e+00	0.00e+00	0.00e+00	0.00e+00	2.00e-04	7.34e-05	3.16e-05
 1.36211e+16	3.50e-04	1.27e-01	8.72e-01	0.00e+00	0.00e+00	0.00e+00	0.00e+00	0.00e+00	0.00e+00	2.29e-04	8.43e-05	3.61e-05
 1.41005e+16	3.98e-04	1.34e-01	8.65e-01	0.00e+00	0.00e+00	0.00e+00	0.00e+00	0.00e+00	0.00e+00	2.61e-04	9.61e-05	4.11e-05
 1.45319e+16	4.50e-04	1.41e-01	8.58e-01	0.00e+00	0.00e+00	0.00e+00	0.00e+00	0.00e+00	0.00e+00	2.95e-04	1.09e-04	4.64e-05
 1.49202e+16	5.05e-04	1.48e-01	8.51e-01	0.00e+00	0.00e+00	0.00e+00	0.00e+00	0.00e+00	0.00e+00	3.31e-04	1.22e-04	5.20e-05
 1.52697e+16	5.65e-04	1.55e-01	8.44e-01	0.00e+00	0.00e+00	0.00e+00	0.00e+00	0.00e+00	0.00e+00	3.69e-04	1.37e-04	5.81e-05
 1.55842e+16	6.26e-04	1.62e-01	8.37e-01	0.00e+00	0.00e+00	0.00e+00	0.00e+00	0.00e+00	0.00e+00	4.09e-04	1.52e-04	6.44e-05
 1.58673e+16	6.90e-04	1.69e-01	8.30e-01	0.00e+00	0.00e+00	0.00e+00	0.00e+00	0.00e+00	0.00e+00	4.51e-04	1.68e-04	7.09e-05
 1.61221e+16	7.56e-04	1.76e-01	8.24e-01	0.00e+00	0.00e+00	0.00e+00	0.00e+00	0.00e+00	0.00e+00	4.94e-04	1.84e-04	7.76e-05
 1.63514e+16	8.23e-04	1.82e-01	8.17e-01	0.00e+00	0.00e+00	0.00e+00	0.00e+00	0.00e+00	0.00e+00	5.38e-04	2.00e-04	8.45e-05
 1.65577e+16	8.91e-04	1.88e-01	8.11e-01	0.00e+00	0.00e+00	0.00e+00	0.00e+00	0.00e+00	0.00e+00	5.82e-04	2.17e-04	9.15e-05
 1.67476e+16	9.61e-04	1.94e-01	8.05e-01	0.00e+00	0.00e+00	0.00e+00	0.00e+00	0.00e+00	0.00e+00	6.28e-04	2.34e-04	9.86e-05
 1.69317e+16	1.04e-03	2.01e-01	7.98e-01	0.00e+00	0.00e+00	0.00e+00	0.00e+00	0.00e+00	0.00e+00	6.77e-04	2.53e-04	1.06e-04
 1.71159e+16	1.12e-03	2.08e-01	7.91e-01	0.00e+00	0.00e+00	0.00e+00	0.00e+00	0.00e+00	0.00e+00	7.33e-04	2.73e-04	1.15e-04
 1.73000e+16	1.22e-03	2.15e-01	7.84e-01	0.00e+00	0.00e+00	0.00e+00	0.00e+00	0.00e+00	0.00e+00	7.94e-04	2.96e-04	1.25e-04
 1.74842e+16	1.32e-03	2.23e-01	7.76e-01	0.00e+00	0.00e+00	0.00e+00	0.00e+00	0.00e+00	0.00e+00	8.63e-04	3.22e-04	1.35e-04
 1.76683e+16	1.44e-03	2.31e-01	7.67e-01	0.00e+00	0.00e+00	0.00e+00	0.00e+00	0.00e+00	0.00e+00	9.42e-04	3.52e-04	1.48e-04
 1.78525e+16	1.58e-03	2.40e-01	7.58e-01	0.00e+00	0.00e+00	0.00e+00	0.00e+00	0.00e+00	0.00e+00	1.03e-03	3.85e-04	1.61e-04
 1.80366e+16	1.73e-03	2.50e-01	7.48e-01	0.00e+00	0.00e+00	0.00e+00	0.00e+00	0.00e+00	0.00e+00	1.13e-03	4.23e-04	1.77e-04
 1.82208e+16	1.91e-03	2.61e-01	7.37e-01	0.00e+00	0.00e+00	0.00e+00	0.00e+00	0.00e+00	0.00e+00	1.25e-03	4.67e-04	1.96e-04
 1.83639e+16	2.08e-03	2.70e-01	7.28e-01	0.00e+00	0.00e+00	0.00e+00	0.00e+00	0.00e+00	0.00e+00	1.36e-03	5.08e-04	2.13e-04
