#depth	O	O+	O+2	O+3	O+4	O+5	O+6	O+7	O+8	O[1]	O[2]	O[3]
 3.17660e+11	9.13e-06	1.39e-02	9.63e-01	2.31e-02	6.85e-07	0.00e+00	0.00e+00	0.00e+00	0.00e+00	6.50e-06	1.77e-06	8.60e-07
 1.90596e+12	9.12e-06	1.39e-02	9.63e-01	2.30e-02	6.81e-07	0.00e+00	0.00e+00	0.00e+00	0.00e+00	6.50e-06	1.77e-06	8.60e-07
 8.25916e+12	9.13e-06	1.39e-02	9.63e-01	2.27e-02	6.69e-07	0.00e+00	0.00e+00	0.00e+00	0.00e+00	6.50e-06	1.77e-06	8.62e-07
 3.36720e+13	9.19e-06	1.40e-02	9.64e-01	2.17e-02	6.23e-07	0.00e+00	0.00e+00	0.00e+00	0.00e+00	6.53e-06	1.78e-06	8.70e-07
 8.04315e+13	9.20e-06	1.40e-02	9.66e-01	2.02e-02	5.59e-07	0.00e+00	0.00e+00	0.00e+00	0.00e+00	6.53e-06	1.79e-06	8.74e-07
 1.41219e+14	9.24e-06	1.41e-02	9.67e-01	1.85e-02	4.84e-07	0.00e+00	0.00e+00	0.00e+00	0.00e+00	6.56e-06	1.80e-06	8.79e-07
 2.20243e+14	9.31e-06	1.42e-02	9.69e-01	1.64e-02	4.01e-07	0.00e+00	0.00e+00	0.00e+00	0.00e+00	6.60e-06	1.82e-06	8.86e-07
 3.22973e+14	9.40e-06	1.43e-02	9.72e-01	1.40e-02	3.13e-07	0.00e+00	0.00e+00	0.00e+00	0.00e+00	6.67e-06	1.84e-06	8.95e-07
 4.56523e+14	9.53e-06	1.44e-02	9.74e-01	1.13e-02	2.26e-07	0.00e+00	0.00e+00	0.00e+00	0.00e+00	6.76e-06	1.86e-06	9.08e-07
 6.30138e+14	9.70e-06	1.46e-02	9.77e-01	8.57e-03	1.48e-07	0.00e+00	0.00e+00	0.00e+00	0.00e+00	6.88e-06	1.90e-06	9.24e-07
 8.55838e+14	9.95e-06	1.49e-02	9.79e-01	5.95e-03	0.00e+00	0.00e+00	0.00e+00	0.00e+00	0.00e+00	7.05e-06	1.95e-06	9.47e-07
 1.14925e+15	1.03e-05	1.52e-02	9.81e-01	3.69e-03	0.00e+00	0.00e+00	0.00e+00	0.00e+00	0.00e+00	7.27e-06	2.01e-06	9.78e-07
 1.53068e+15	1.07e-05	1.55e-02	9.82e-01	1.99e-03	0.00e+00	0.00e+00	0.00e+00	0.00e+00	0.00e+00	7.57e-06	2.10e-06	1.02e-06
 2.02654e+15	1.13e-05	1.60e-02	9.83e-01	9.02e-04	0.00e+00	0.00e+00	0.00e+00	0.00e+00	0.00e+00	7.98e-06	2.22e-06	1.07e-06
 2.67116e+15	1.21e-05	1.66e-02	9.83e-01	3.33e-04	0.00e+00	0.00e+00	0.00e+00	0.00e+00	0.00e+00	8.54e-06	2.38e-06	1.15e-06
 3.50917e+15	1.32e-05	1.74e-02	9.82e-01	9.78e-05	0.00e+00	0.00e+00	0.00e+00	0.00e+00	0.00e+00	9.35e-06	2.61e-06	1.26e-06
 4.59858e+15	1.49e-05	1.85e-02	9.81e-01	2.31e-05	0.00e+00	0.00e+00	0.00e+00	0.00e+00	0.00e+00	1.05e-05	2.95e-06	1.42e-06
 6.01481e+15	1.74e-05	2.01e-02	9.80e-01	4.93e-06	0.00e+00	0.00e+00	0.00e+00	0.00e+00	0.00e+00	1.23e-05	3.46e-06	1.66e-06
 7.48026e+15	2.03e-05	2.17e-02	9.78e-01	1.60e-06	0.00e+00	0.00e+00	0.00e+00	0.00e+00	0.00e+00	1.43e-05	4.05e-06	1.94e-06
 8.74503e+15	2.34e-05	2.32e-02	9.77e-01	8.87e-07	0.00e+00	0.00e+00	0.00e+00	0.00e+00	0.00e+00	1.65e-05	4.66e-06	2.23e-06
 9.81205e+15	2.64e-05	2.46e-02	9.75e-01	6.38e-07	0.00e+00	0.00e+00	0.00e+00	0.00e+00	0.00e+00	1.86e-05	5.27e-06	2.52e-06
 1.07933e+16	2.97e-05	2.60e-02	9.74e-01	5.06e-07	0.00e+00	0.00e+00	0.00e+00	0.00e+00	0.00e+00	2.09e-05	5.92e-06	2.84e-06
 1.18726e+16	3.74e-05	2.89e-02	9.71e-01	4.13e-07	0.00e+00	0.00e+00	0.00e+00	0.00e+00	0.00e+00	2.62e-05	7.59e-06	3.60e-06
 1.30598e+16	4.40e-05	3.10e-02	9.69e-01	3.32e-07	0.00e+00	0.00e+00	0.00e+00	0.00e+00	0.00e+00	3.08e-05	8.92e-06	4.24e-06
 1.43658e+16	5.24e-05	3.35e-02	9.66e-01	2.70e-07	0.00e+00	0.00e+00	0.00e+00	0.00e+00	0.00e+00	3.67e-05	1.06e-05	5.06e-06
 1.56028e+16	6.24e-05	3.61e-02	9.64e-01	2.26e-07	0.00e+00	0.00e+00	0.00e+00	0.00e+00	0.00e+00	4.37e-05	1.27e-05	6.03e-06
 1.66081e+16	7.23e-05	3.85e-02	9.61e-01	1.97e-07	0.00e+00	0.00e+00	0.00e+00	0.00e+00	0.00e+00	5.07e-05	1.47e-05	7.00e-06
 1.75016e+16	8.27e-05	4.07e-02	9.59e-01	1.76e-07	0.00e+00	0.00e+00	0.00e+00	0.00e+00	0.00e+00	5.79e-05	1.68e-05	8.01e-06
 1.85157e+16	9.59e-05	4.33e-02	9.57e-01	1.54e-07	0.00e+00	0.00e+00	0.00e+00	0.00e+00	0.00e+00	6.72e-05	1.94e-05	9.30e-06
 1.96233e+16	1.14e-04	4.65e-02	9.53e-01	0.00e+00	0.00e+00	0.00e+00	0.00e+00	0.00e+00	0.00e+00	7.99e-05	2.30e-05	1.11e-05
 2.05855e+16	1.34e-04	4.97e-02	9.50e-01	0.00e+00	0.00e+00	0.00e+00	0.00e+00	0.00e+00	0.00e+00	9.39e-05	2.70e-05	1.30e-05
 2.13895e+16	1.53e-04	5.25e-02	9.47e-01	0.00e+00	0.00e+00	0.00e+00	0.00e+00	0.00e+00	0.00e+00	1.07e-04	3.08e-05	1.49e-05
 2.22547e+16	1.76e-04	5.56e-02	9.44e-01	0.00e+00	0.00e+00	0.00e+00	0.00e+00	0.00e+00	0.00e+00	1.24e-04	3.54e-05	1.71e-05
 2.32269e+16	2.09e-04	5.97e-02	9.40e-01	0.00e+00	0.00e+00	0.00e+00	0.00e+00	0.00e+00	0.00e+00	1.47e-04	4.18e-05	2.03e-05
 2.41031e+16	2.45e-04	6.38e-02	9.36e-01	0.00e+00	0.00e+00	0.00e+00	0.00e+00	0.00e+00	0.00e+00	1.72e-04	4.90e-05	2.39e-05
 2.48434e+16	2.83e-04	6.77e-02	9.32e-01	0.00e+00	0.00e+00	0.00e+00	0.00e+00	0.00e+00	0.00e+00	1.99e-04	5.63e-05	2.76e-05
 2.56422e+16	3.26e-04	7.19e-02	9.28e-01	0.00e+00	0.00e+00	0.00e+00	0.00e+00	0.00e+00	0.00e+00	2.29e-04	6.47e-05	3.18e-05
 2.66805e+16	3.94e-04	7.80e-02	9.22e-01	0.00e+00	0.00e+00	0.00e+00	0.00e+00	0.00e+00	0.00e+00	2.78e-04	7.79e-05	3.86e-05
 2.76950e+16	4.88e-04	8.56e-02	9.14e-01	0.00e+00	0.00e+00	0.00e+00	0.00e+00	0.00e+00	0.00e+00	3.44e-04	9.61e-05	4.78e-05
 2.84116e+16	5.75e-04	9.20e-02	9.07e-01	0.00e+00	0.00e+00	0.00e+00	0.00e+00	0.00e+00	0.00e+00	4.06e-04	1.13e-04	5.64e-05
 2.89670e+16	6.50e-04	9.71e-02	9.02e-01	0.00e+00	0.00e+00	0.00e+00	0.00e+00	0.00e+00	0.00e+00	4.59e-04	1.27e-04	6.37e-05
 2.95796e+16	7.37e-04	1.03e-01	8.96e-01	0.00e+00	0.00e+00	0.00e+00	0.00e+00	0.00e+00	0.00e+00	5.21e-04	1.44e-04	7.23e-05
 3.03759e+16	8.72e-04	1.11e-01	8.88e-01	0.00e+00	0.00e+00	0.00e+00	0.00e+00	0.00e+00	0.00e+00	6.17e-04	1.69e-04	8.55e-05
 3.12362e+16	1.07e-03	1.22e-01	8.77e-01	0.00e+00	0.00e+00	0.00e+00	0.00e+00	0.00e+00	0.00e+00	7.55e-04	2.06e-04	1.04e-04
 3.19694e+16	1.28e-03	1.32e-01	8.67e-01	0.00e+00	0.00e+00	0.00e+00	0.00e+00	0.00e+00	0.00e+00	9.07e-04	2.46e-04	1.25e-04
 3.25862e+16	1.49e-03	1.42e-01	8.56e-01	0.00e+00	0.00e+00	0.00e+00	0.00e+00	0.00e+00	0.00e+00	1.06e-03	2.85e-04	1.45e-04
 3.32618e+16	1.75e-03	1.53e-01	8.45e-01	0.00e+00	0.00e+00	0.00e+00	0.00e+00	0.00e+00	0.00e+00	1.24e-03	3.33e-04	1.70e-04
 3.41304e+16	2.15e-03	1.69e-01	8.29e-01	0.00e+00	0.00e+00	0.00e+00	0.00e+00	0.00e+00	0.00e+00	1.54e-03	4.07e-04	2.09e-04
 3.50118e+16	2.74e-03	1.90e-01	8.07e-01	0.00e+00	0.00e+00	0.00e+00	0.00e+00	0.00e+00	0.00e+00	1.96e-03	5.15e-04	2.65e-04
 3.56963e+16	3.34e-03	2.09e-01	7.88e-01	0.00e+00	0.00e+00	0.00e+00	0.00e+00	0.00e+00	0.00e+00	2.39e-03	6.25e-04	3.22e-04
 3.62490e+16	3.92e-03	2.25e-01	7.71e-01	0.00e+00	0.00e+00	0.00e+00	0.00e+00	0.00e+00	0.00e+00	2.81e-03	7.30e-04	3.77e-04
 3.68539e+16	4.64e-03	2.44e-01	7.51e-01	0.00e+00	0.00e+00	0.00e+00	0.00e+00	0.00e+00	0.00e+00	3.34e-03	8.60e-04	4.45e-04
 3.76402e+16	5.81e-03	2.72e-01	7.22e-01	0.00e+00	0.00e+00	0.00e+00	0.00e+00	0.00e+00	0.00e+00	4.19e-03	1.07e-03	5.55e-04
 3.84366e+16	7.54e-03	3.08e-01	6.85e-01	0.00e+00	0.00e+00	0.00e+00	0.00e+00	0.00e+00	0.00e+00	5.44e-03	1.38e-03	7.18e-04
 3.90262e+16	9.28e-03	3.39e-01	6.52e-01	0.00e+00	0.00e+00	0.00e+00	0.00e+00	0.00e+00	0.00e+00	6.71e-03	1.69e-03	8.81e-04
 3.94689e+16	1.09e-02	3.65e-01	6.24e-01	0.00e+00	0.00e+00	0.00e+00	0.00e+00	0.00e+00	0.00e+00	7.91e-03	1.98e-03	1.03e-03
 3.99408e+16	1.28e-02	3.92e-01	5.95e-01	0.00e+00	0.00e+00	0.00e+00	0.00e+00	0.00e+00	0.00e+00	9.31e-03	2.31e-03	1.21e-03
 4.05541e+16	1.60e-02	4.32e-01	5.52e-01	0.00e+00	0.00e+00	0.00e+00	0.00e+00	0.00e+00	0.00e+00	1.16e-02	2.86e-03	1.51e-03
 4.11802e+16	2.07e-02	4.81e-01	4.98e-01	0.00e+00	0.00e+00	0.00e+00	0.00e+00	0.00e+00	0.00e+00	1.51e-02	3.68e-03	1.94e-03
 4.16494e+16	2.56e-02	5.22e-01	4.52e-01	0.00e+00	0.00e+00	0.00e+00	0.00e+00	0.00e+00	0.00e+00	1.87e-02	4.52e-03	2.39e-03
 4.20012e+16	3.00e-02	5.54e-01	4.16e-01	0.00e+00	0.00e+00	0.00e+00	0.00e+00	0.00e+00	0.00e+00	2.19e-02	5.29e-03	2.80e-03
 4.23738e+16	3.56e-02	5.88e-01	3.76e-01	0.00e+00	0.00e+00	0.00e+00	0.00e+00	0.00e+00	0.00e+00	2.60e-02	6.25e-03	3.32e-03
 4.28582e+16	4.50e-02	6.33e-01	3.22e-01	0.00e+00	0.00e+00	0.00e+00	0.00e+00	0.00e+00	0.00e+00	3.29e-02	7.86e-03	4.19e-03
 4.33408e+16	5.81e-02	6.78e-01	2.64e-01	0.00e+00	0.00e+00	0.00e+00	0.00e+00	0.00e+00	0.00e+00	4.26e-02	1.01e-02	5.40e-03
 4.36926e+16	7.11e-02	7.09e-01	2.20e-01	0.00e+00	0.00e+00	0.00e+00	0.00e+00	0.00e+00	0.00e+00	5.22e-02	1.24e-02	6.60e-03
 4.39633e+16	8.36e-02	7.30e-01	1.87e-01	0.00e+00	0.00e+00	0.00e+00	0.00e+00	0.00e+00	0.00e+00	6.13e-02	1.45e-02	7.75e-03
 4.41920e+16	9.64e-02	7.45e-01	1.59e-01	0.00e+00	0.00e+00	0.00e+00	0.00e+00	0.00e+00	0.00e+00	7.08e-02	1.67e-02	8.94e-03
 4.43799e+16	1.09e-01	7.54e-01	1.37e-01	0.00e+00	0.00e+00	0.00e+00	0.00e+00	0.00e+00	0.00e+00	7.99e-02	1.88e-02	1.01e-02
 4.45517e+16	1.22e-01	7.60e-01	1.18e-01	0.00e+00	0.00e+00	0.00e+00	0.00e+00	0.00e+00	0.00e+00	8.95e-02	2.11e-02	1.13e-02
 4.47214e+16	1.37e-01	7.63e-01	1.00e-01	0.00e+00	0.00e+00	0.00e+00	0.00e+00	0.00e+00	0.00e+00	1.01e-01	2.36e-02	1.27e-02
 4.48856e+16	1.54e-01	7.62e-01	8.37e-02	0.00e+00	0.00e+00	0.00e+00	0.00e+00	0.00e+00	0.00e+00	1.13e-01	2.66e-02	1.42e-02
 4.50347e+16	1.72e-01	7.58e-01	7.02e-02	0.00e+00	0.00e+00	0.00e+00	0.00e+00	0.00e+00	0.00e+00	1.26e-01	2.96e-02	1.59e-02
 4.51681e+16	1.90e-01	7.51e-01	5.86e-02	0.00e+00	0.00e+00	0.00e+00	0.00e+00	0.00e+00	0.00e+00	1.40e-01	3.27e-02	1.76e-02
 4.52913e+16	2.10e-01	7.41e-01	4.90e-02	0.00e+00	0.00e+00	0.00e+00	0.00e+00	0.00e+00	0.00e+00	1.54e-01	3.60e-02	1.93e-02
 4.54072e+16	2.30e-01	7.29e-01	4.07e-02	0.00e+00	0.00e+00	0.00e+00	0.00e+00	0.00e+00	0.00e+00	1.69e-01	3.94e-02	2.12e-02
 4.55174e+16	2.52e-01	7.14e-01	3.35e-02	0.00e+00	0.00e+00	0.00e+00	0.00e+00	0.00e+00	0.00e+00	1.86e-01	4.31e-02	2.32e-02
 4.56210e+16	2.75e-01	6.97e-01	2.75e-02	0.00e+00	0.00e+00	0.00e+00	0.00e+00	0.00e+00	0.00e+00	2.03e-01	4.70e-02	2.53e-02
 4.57176e+16	3.00e-01	6.78e-01	2.25e-02	0.00e+00	0.00e+00	0.00e+00	0.00e+00	0.00e+00	0.00e+00	2.21e-01	5.09e-02	2.75e-02
 4.58078e+16	3.25e-01	6.57e-01	1.83e-02	0.00e+00	0.00e+00	0.00e+00	0.00e+00	0.00e+00	0.00e+00	2.40e-01	5.50e-02	2.97e-02
 4.58931e+16	3.51e-01	6.35e-01	1.49e-02	0.00e+00	0.00e+00	0.00e+00	0.00e+00	0.00e+00	0.00e+00	2.59e-01	5.92e-02	3.20e-02
 4.59740e+16	3.77e-01	6.11e-01	1.20e-02	0.00e+00	0.00e+00	0.00e+00	0.00e+00	0.00e+00	0.00e+00	2.80e-01	6.34e-02	3.44e-02
 4.60509e+16	4.05e-01	5.85e-01	9.57e-03	0.00e+00	0.00e+00	0.00e+00	0.00e+00	0.00e+00	0.00e+00	3.01e-01	6.78e-02	3.69e-02
 4.61237e+16	4.34e-01	5.59e-01	7.62e-03	0.00e+00	0.00e+00	0.00e+00	0.00e+00	0.00e+00	0.00e+00	3.22e-01	7.21e-02	3.93e-02
 4.61928e+16	4.63e-01	5.31e-01	6.03e-03	0.00e+00	0.00e+00	0.00e+00	0.00e+00	0.00e+00	0.00e+00	3.44e-01	7.64e-02	4.18e-02
 4.62586e+16	4.92e-01	5.03e-01	4.75e-03	0.00e+00	0.00e+00	0.00e+00	0.00e+00	0.00e+00	0.00e+00	3.67e-01	8.07e-02	4.42e-02
 4.63188e+16	5.20e-01	4.76e-01	3.75e-03	0.00e+00	0.00e+00	0.00e+00	0.00e+00	0.00e+00	0.00e+00	3.89e-01	8.47e-02	4.66e-02
 4.63711e+16	5.46e-01	4.51e-01	3.02e-03	0.00e+00	0.00e+00	0.00e+00	0.00e+00	0.00e+00	0.00e+00	4.09e-01	8.81e-02	4.86e-02
 4.64170e+16	5.69e-01	4.29e-01	2.46e-03	0.00e+00	0.00e+00	0.00e+00	0.00e+00	0.00e+00	0.00e+00	4.27e-01	9.11e-02	5.04e-02
 4.64590e+16	5.90e-01	4.08e-01	2.03e-03	0.00e+00	0.00e+00	0.00e+00	0.00e+00	0.00e+00	0.00e+00	4.44e-01	9.37e-02	5.20e-02
 4.64915e+16	6.07e-01	3.92e-01	1.74e-03	0.00e+00	0.00e+00	0.00e+00	0.00e+00	0.00e+00	0.00e+00	4.58e-01	9.57e-02	5.33e-02
 4.65129e+16	6.17e-01	3.81e-01	1.57e-03	0.00e+00	0.00e+00	0.00e+00	0.00e+00	0.00e+00	0.00e+00	4.66e-01	9.69e-02	5.40e-02
 4.65328e+16	6.28e-01	3.71e-01	1.42e-03	0.00e+00	0.00e+00	0.00e+00	0.00e+00	0.00e+00	0.00e+00	4.75e-01	9.81e-02	5.48e-02
 4.65560e+16	6.40e-01	3.59e-01	1.25e-03	0.00e+00	0.00e+00	0.00e+00	0.00e+00	0.00e+00	0.00e+00	4.85e-01	9.95e-02	5.57e-02
 4.65807e+16	6.53e-01	3.46e-01	1.10e-03	0.00e+00	0.00e+00	0.00e+00	0.00e+00	0.00e+00	0.00e+00	4.96e-01	1.01e-01	5.66e-02
 4.66041e+16	6.66e-01	3.33e-01	9.63e-04	0.00e+00	0.00e+00	0.00e+00	0.00e+00	0.00e+00	0.00e+00	5.06e-01	1.02e-01	5.74e-02
 4.66255e+16	6.77e-01	3.22e-01	8.53e-04	0.00e+00	0.00e+00	0.00e+00	0.00e+00	0.00e+00	0.00e+00	5.15e-01	1.03e-01	5.82e-02
 4.66461e+16	6.88e-01	3.11e-01	7.55e-04	0.00e+00	0.00e+00	0.00e+00	0.00e+00	0.00e+00	0.00e+00	5.25e-01	1.04e-01	5.89e-02
 4.66668e+16	6.99e-01	3.00e-01	6.66e-04	0.00e+00	0.00e+00	0.00e+00	0.00e+00	0.00e+00	0.00e+00	5.34e-01	1.05e-01	5.96e-02
 4.66876e+16	7.10e-01	2.89e-01	5.86e-04	0.00e+00	0.00e+00	0.00e+00	0.00e+00	0.00e+00	0.00e+00	5.44e-01	1.06e-01	6.03e-02
 4.67078e+16	7.21e-01	2.78e-01	5.15e-04	0.00e+00	0.00e+00	0.00e+00	0.00e+00	0.00e+00	0.00e+00	5.53e-01	1.07e-01	6.09e-02
 4.67273e+16	7.32e-01	2.68e-01	4.53e-04	0.00e+00	0.00e+00	0.00e+00	0.00e+00	0.00e+00	0.00e+00	5.62e-01	1.08e-01	6.15e-02
 4.67463e+16	7.42e-01	2.58e-01	3.99e-04	0.00e+00	0.00e+00	0.00e+00	0.00e+00	0.00e+00	0.00e+00	5.71e-01	1.09e-01	6.21e-02
 4.67651e+16	7.52e-01	2.48e-01	3.51e-04	0.00e+00	0.00e+00	0.00e+00	0.00e+00	0.00e+00	0.00e+00	5.80e-01	1.09e-01	6.26e-02
 4.67836e+16	7.62e-01	2.38e-01	3.08e-04	0.00e+00	0.00e+00	0.00e+00	0.00e+00	0.00e+00	0.00e+00	5.88e-01	1.10e-01	6.31e-02
 4.68018e+16	7.71e-01	2.29e-01	2.70e-04	0.00e+00	0.00e+00	0.00e+00	0.00e+00	0.00e+00	0.00e+00	5.97e-01	1.11e-01	6.35e-02
 4.68196e+16	7.80e-01	2.20e-01	2.37e-04	0.00e+00	0.00e+00	0.00e+00	0.00e+00	0.00e+00	0.00e+00	6.05e-01	1.11e-01	6.40e-02
 4.68371e+16	7.89e-01	2.11e-01	2.07e-04	0.00e+00	0.00e+00	0.00e+00	0.00e+00	0.00e+00	0.00e+00	6.13e-01	1.12e-01	6.43e-02
 4.68542e+16	7.98e-01	2.02e-01	1.81e-04	0.00e+00	0.00e+00	0.00e+00	0.00e+00	0.00e+00	0.00e+00	6.21e-01	1.12e-01	6.47e-02
 4.68711e+16	8.06e-01	1.94e-01	1.59e-04	0.00e+00	0.00e+00	0.00e+00	0.00e+00	0.00e+00	0.00e+00	6.28e-01	1.12e-01	6.50e-02
 4.68877e+16	8.14e-01	1.86e-01	1.39e-04	0.00e+00	0.00e+00	0.00e+00	0.00e+00	0.00e+00	0.00e+00	6.36e-01	1.13e-01	6.53e-02
 4.69039e+16	8.22e-01	1.78e-01	1.21e-04	0.00e+00	0.00e+00	0.00e+00	0.00e+00	0.00e+00	0.00e+00	6.43e-01	1.13e-01	6.55e-02
 4.69199e+16	8.29e-01	1.70e-01	1.06e-04	0.00e+00	0.00e+00	0.00e+00	0.00e+00	0.00e+00	0.00e+00	6.50e-01	1.13e-01	6.58e-02
 4.69356e+16	8.37e-01	1.63e-01	9.24e-05	0.00e+00	0.00e+00	0.00e+00	0.00e+00	0.00e+00	0.00e+00	6.57e-01	1.13e-01	6.60e-02
 4.69511e+16	8.44e-01	1.56e-01	8.06e-05	0.00e+00	0.00e+00	0.00e+00	0.00e+00	0.00e+00	0.00e+00	6.64e-01	1.14e-01	6.61e-02
 4.69663e+16	8.51e-01	1.49e-01	7.03e-05	0.00e+00	0.00e+00	0.00e+00	0.00e+00	0.00e+00	0.00e+00	6.71e-01	1.14e-01	6.63e-02
 4.69813e+16	8.57e-01	1.43e-01	6.12e-05	0.00e+00	0.00e+00	0.00e+00	0.00e+00	0.00e+00	0.00e+00	6.77e-01	1.14e-01	6.64e-02
 4.69960e+16	8.63e-01	1.37e-01	5.33e-05	0.00e+00	0.00e+00	0.00e+00	0.00e+00	0.00e+00	0.00e+00	6.83e-01	1.14e-01	6.65e-02
 4.70103e+16	8.69e-01	1.31e-01	4.65e-05	0.00e+00	0.00e+00	0.00e+00	0.00e+00	0.00e+00	0.00e+00	6.89e-01	1.14e-01	6.66e-02
 4.70242e+16	8.75e-01	1.25e-01	4.06e-05	0.00e+00	0.00e+00	0.00e+00	0.00e+00	0.00e+00	0.00e+00	6.95e-01	1.14e-01	6.66e-02
 4.70377e+16	8.80e-01	1.19e-01	3.54e-05	0.00e+00	0.00e+00	0.00e+00	0.00e+00	0.00e+00	0.00e+00	7.00e-01	1.14e-01	6.66e-02
 4.70509e+16	8.86e-01	1.14e-01	3.10e-05	0.00e+00	0.00e+00	0.00e+00	0.00e+00	0.00e+00	0.00e+00	7.05e-01	1.14e-01	6.67e-02
 4.70638e+16	8.91e-01	1.09e-01	2.71e-05	0.00e+00	0.00e+00	0.00e+00	0.00e+00	0.00e+00	0.00e+00	7.10e-01	1.14e-01	6.67e-02
 4.70764e+16	8.95e-01	1.05e-01	2.38e-05	0.00e+00	0.00e+00	0.00e+00	0.00e+00	0.00e+00	0.00e+00	7.15e-01	1.14e-01	6.67e-02
 4.70886e+16	9.00e-01	1.00e-01	2.09e-05	0.00e+00	0.00e+00	0.00e+00	0.00e+00	0.00e+00	0.00e+00	7.19e-01	1.14e-01	6.66e-02
 4.71006e+16	9.04e-01	9.61e-02	1.83e-05	0.00e+00	0.00e+00	0.00e+00	0.00e+00	0.00e+00	0.00e+00	7.24e-01	1.14e-01	6.66e-02
 4.71123e+16	9.08e-01	9.21e-02	1.61e-05	0.00e+00	0.00e+00	0.00e+00	0.00e+00	0.00e+00	0.00e+00	7.28e-01	1.14e-01	6.66e-02
 4.71239e+16	9.12e-01	8.81e-02	1.41e-05	0.00e+00	0.00e+00	0.00e+00	0.00e+00	0.00e+00	0.00e+00	7.32e-01	1.14e-01	6.66e-02
 4.71351e+16	9.16e-01	8.44e-02	1.24e-05	0.00e+00	0.00e+00	0.00e+00	0.00e+00	0.00e+00	0.00e+00	7.35e-01	1.14e-01	6.65e-02
 4.71458e+16	9.19e-01	8.10e-02	1.10e-05	0.00e+00	0.00e+00	0.00e+00	0.00e+00	0.00e+00	0.00e+00	7.39e-01	1.14e-01	6.64e-02
 4.71565e+16	9.22e-01	7.77e-02	9.70e-06	0.00e+00	0.00e+00	0.00e+00	0.00e+00	0.00e+00	0.00e+00	7.42e-01	1.13e-01	6.64e-02
 4.71672e+16	9.26e-01	7.44e-02	8.51e-06	0.00e+00	0.00e+00	0.00e+00	0.00e+00	0.00e+00	0.00e+00	7.46e-01	1.13e-01	6.63e-02
 4.71777e+16	9.29e-01	7.13e-02	7.49e-06	0.00e+00	0.00e+00	0.00e+00	0.00e+00	0.00e+00	0.00e+00	7.49e-01	1.13e-01	6.63e-02
 4.71875e+16	9.32e-01	6.84e-02	6.64e-06	0.00e+00	0.00e+00	0.00e+00	0.00e+00	0.00e+00	0.00e+00	7.52e-01	1.13e-01	6.62e-02
 4.71972e+16	9.34e-01	6.57e-02	5.88e-06	0.00e+00	0.00e+00	0.00e+00	0.00e+00	0.00e+00	0.00e+00	7.55e-01	1.13e-01	6.62e-02
 4.72070e+16	9.37e-01	6.30e-02	5.19e-06	0.00e+00	0.00e+00	0.00e+00	0.00e+00	0.00e+00	0.00e+00	7.57e-01	1.13e-01	6.61e-02
 4.72165e+16	9.40e-01	6.04e-02	4.60e-06	0.00e+00	0.00e+00	0.00e+00	0.00e+00	0.00e+00	0.00e+00	7.60e-01	1.13e-01	6.60e-02
 4.72259e+16	9.42e-01	5.80e-02	4.06e-06	0.00e+00	0.00e+00	0.00e+00	0.00e+00	0.00e+00	0.00e+00	7.63e-01	1.14e-01	6.59e-02
 4.72350e+16	9.44e-01	5.57e-02	3.60e-06	0.00e+00	0.00e+00	0.00e+00	0.00e+00	0.00e+00	0.00e+00	7.65e-01	1.13e-01	6.58e-02
 4.72438e+16	9.47e-01	5.35e-02	3.20e-06	0.00e+00	0.00e+00	0.00e+00	0.00e+00	0.00e+00	0.00e+00	7.67e-01	1.14e-01	6.57e-02
 4.72526e+16	9.49e-01	5.13e-02	2.83e-06	0.00e+00	0.00e+00	0.00e+00	0.00e+00	0.00e+00	0.00e+00	7.69e-01	1.14e-01	6.57e-02
 4.72613e+16	9.51e-01	4.93e-02	2.52e-06	0.00e+00	0.00e+00	0.00e+00	0.00e+00	0.00e+00	0.00e+00	7.71e-01	1.14e-01	6.55e-02
 4.72698e+16	9.53e-01	4.73e-02	2.23e-06	0.00e+00	0.00e+00	0.00e+00	0.00e+00	0.00e+00	0.00e+00	7.73e-01	1.14e-01	6.55e-02
 4.72781e+16	9.55e-01	4.54e-02	1.98e-06	0.00e+00	0.00e+00	0.00e+00	0.00e+00	0.00e+00	0.00e+00	7.75e-01	1.14e-01	6.54e-02
 4.72863e+16	9.56e-01	4.36e-02	1.76e-06	0.00e+00	0.00e+00	0.00e+00	0.00e+00	0.00e+00	0.00e+00	7.77e-01	1.14e-01	6.54e-02
 4.72943e+16	9.58e-01	4.19e-02	1.57e-06	0.00e+00	0.00e+00	0.00e+00	0.00e+00	0.00e+00	0.00e+00	7.79e-01	1.14e-01	6.53e-02
 4.73022e+16	9.60e-01	4.03e-02	1.40e-06	0.00e+00	0.00e+00	0.00e+00	0.00e+00	0.00e+00	0.00e+00	7.80e-01	1.14e-01	6.52e-02
 4.73099e+16	9.61e-01	3.87e-02	1.24e-06	0.00e+00	0.00e+00	0.00e+00	0.00e+00	0.00e+00	0.00e+00	7.82e-01	1.15e-01	6.52e-02
 4.73175e+16	9.63e-01	3.71e-02	1.10e-06	0.00e+00	0.00e+00	0.00e+00	0.00e+00	0.00e+00	0.00e+00	7.83e-01	1.15e-01	6.52e-02
 4.73249e+16	9.64e-01	3.57e-02	9.84e-07	0.00e+00	0.00e+00	0.00e+00	0.00e+00	0.00e+00	0.00e+00	7.84e-01	1.15e-01	6.51e-02
 4.73321e+16	9.66e-01	3.43e-02	8.78e-07	0.00e+00	0.00e+00	0.00e+00	0.00e+00	0.00e+00	0.00e+00	7.85e-01	1.15e-01	6.51e-02
 4.73393e+16	9.67e-01	3.30e-02	7.85e-07	0.00e+00	0.00e+00	0.00e+00	0.00e+00	0.00e+00	0.00e+00	7.87e-01	1.15e-01	6.51e-02
 4.73464e+16	9.68e-01	3.16e-02	6.97e-07	0.00e+00	0.00e+00	0.00e+00	0.00e+00	0.00e+00	0.00e+00	7.87e-01	1.16e-01	6.51e-02
 4.73533e+16	9.70e-01	3.04e-02	6.22e-07	0.00e+00	0.00e+00	0.00e+00	0.00e+00	0.00e+00	0.00e+00	7.88e-01	1.16e-01	6.51e-02
 4.73599e+16	9.71e-01	2.92e-02	5.56e-07	0.00e+00	0.00e+00	0.00e+00	0.00e+00	0.00e+00	0.00e+00	7.89e-01	1.17e-01	6.51e-02
 4.73664e+16	9.72e-01	2.80e-02	4.98e-07	0.00e+00	0.00e+00	0.00e+00	0.00e+00	0.00e+00	0.00e+00	7.90e-01	1.17e-01	6.52e-02
 4.73728e+16	9.73e-01	2.69e-02	4.45e-07	0.00e+00	0.00e+00	0.00e+00	0.00e+00	0.00e+00	0.00e+00	7.91e-01	1.17e-01	6.52e-02
 4.73792e+16	9.74e-01	2.58e-02	3.97e-07	0.00e+00	0.00e+00	0.00e+00	0.00e+00	0.00e+00	0.00e+00	7.91e-01	1.18e-01	6.52e-02
 4.73853e+16	9.75e-01	2.48e-02	3.56e-07	0.00e+00	0.00e+00	0.00e+00	0.00e+00	0.00e+00	0.00e+00	7.92e-01	1.18e-01	6.53e-02
 4.73913e+16	9.76e-01	2.38e-02	3.18e-07	0.00e+00	0.00e+00	0.00e+00	0.00e+00	0.00e+00	0.00e+00	7.92e-01	1.19e-01	6.54e-02
 4.73972e+16	9.77e-01	2.29e-02	2.85e-07	0.00e+00	0.00e+00	0.00e+00	0.00e+00	0.00e+00	0.00e+00	7.92e-01	1.19e-01	6.54e-02
 4.74028e+16	9.78e-01	2.20e-02	2.55e-07	0.00e+00	0.00e+00	0.00e+00	0.00e+00	0.00e+00	0.00e+00	7.93e-01	1.20e-01	6.55e-02
 4.74083e+16	9.79e-01	2.11e-02	2.29e-07	0.00e+00	0.00e+00	0.00e+00	0.00e+00	0.00e+00	0.00e+00	7.93e-01	1.21e-01	6.56e-02
 4.74135e+16	9.80e-01	2.02e-02	2.06e-07	0.00e+00	0.00e+00	0.00e+00	0.00e+00	0.00e+00	0.00e+00	7.93e-01	1.21e-01	6.57e-02
 4.74185e+16	9.81e-01	1.94e-02	1.86e-07	0.00e+00	0.00e+00	0.00e+00	0.00e+00	0.00e+00	0.00e+00	7.93e-01	1.22e-01	6.58e-02
 4.74231e+16	9.81e-01	1.87e-02	1.68e-07	0.00e+00	0.00e+00	0.00e+00	0.00e+00	0.00e+00	0.00e+00	7.93e-01	1.23e-01	6.60e-02
 4.74274e+16	9.82e-01	1.80e-02	1.53e-07	0.00e+00	0.00e+00	0.00e+00	0.00e+00	0.00e+00	0.00e+00	7.93e-01	1.23e-01	6.61e-02
 4.74314e+16	9.83e-01	1.74e-02	1.40e-07	0.00e+00	0.00e+00	0.00e+00	0.00e+00	0.00e+00	0.00e+00	7.92e-01	1.24e-01	6.62e-02
 4.74351e+16	9.83e-01	1.69e-02	1.29e-07	0.00e+00	0.00e+00	0.00e+00	0.00e+00	0.00e+00	0.00e+00	7.92e-01	1.25e-01	6.64e-02
 4.74385e+16	9.84e-01	1.63e-02	1.19e-07	0.00e+00	0.00e+00	0.00e+00	0.00e+00	0.00e+00	0.00e+00	7.92e-01	1.25e-01	6.65e-02
 4.74417e+16	9.84e-01	1.58e-02	1.10e-07	0.00e+00	0.00e+00	0.00e+00	0.00e+00	0.00e+00	0.00e+00	7.91e-01	1.26e-01	6.66e-02
 4.74447e+16	9.85e-01	1.53e-02	1.02e-07	0.00e+00	0.00e+00	0.00e+00	0.00e+00	0.00e+00	0.00e+00	7.91e-01	1.27e-01	6.68e-02
 4.74475e+16	9.85e-01	1.49e-02	9.49e-08	0.00e+00	0.00e+00	0.00e+00	0.00e+00	0.00e+00	0.00e+00	7.91e-01	1.28e-01	6.69e-02
 4.74500e+16	9.86e-01	1.45e-02	8.86e-08	0.00e+00	0.00e+00	0.00e+00	0.00e+00	0.00e+00	0.00e+00	7.90e-01	1.28e-01	6.71e-02
 4.74524e+16	9.86e-01	1.41e-02	8.30e-08	0.00e+00	0.00e+00	0.00e+00	0.00e+00	0.00e+00	0.00e+00	7.89e-01	1.29e-01	6.73e-02
 4.74547e+16	9.86e-01	1.37e-02	7.78e-08	0.00e+00	0.00e+00	0.00e+00	0.00e+00	0.00e+00	0.00e+00	7.89e-01	1.30e-01	6.74e-02
 4.74568e+16	9.87e-01	1.34e-02	7.32e-08	0.00e+00	0.00e+00	0.00e+00	0.00e+00	0.00e+00	0.00e+00	7.88e-01	1.31e-01	6.76e-02
 4.74588e+16	9.87e-01	1.30e-02	6.89e-08	0.00e+00	0.00e+00	0.00e+00	0.00e+00	0.00e+00	0.00e+00	7.88e-01	1.32e-01	6.77e-02
 4.74606e+16	9.87e-01	1.27e-02	6.50e-08	0.00e+00	0.00e+00	0.00e+00	0.00e+00	0.00e+00	0.00e+00	7.87e-01	1.32e-01	6.79e-02
 4.74624e+16	9.88e-01	1.24e-02	6.15e-08	0.00e+00	0.00e+00	0.00e+00	0.00e+00	0.00e+00	0.00e+00	7.86e-01	1.33e-01	6.81e-02
 4.74640e+16	9.88e-01	1.21e-02	5.83e-08	0.00e+00	0.00e+00	0.00e+00	0.00e+00	0.00e+00	0.00e+00	7.86e-01	1.34e-01	6.82e-02
 4.74655e+16	9.88e-01	1.18e-02	5.53e-08	0.00e+00	0.00e+00	0.00e+00	0.00e+00	0.00e+00	0.00e+00	7.85e-01	1.35e-01	6.84e-02
 4.74669e+16	9.88e-01	1.15e-02	5.25e-08	0.00e+00	0.00e+00	0.00e+00	0.00e+00	0.00e+00	0.00e+00	7.84e-01	1.36e-01	6.86e-02
 4.74683e+16	9.89e-01	1.13e-02	4.99e-08	0.00e+00	0.00e+00	0.00e+00	0.00e+00	0.00e+00	0.00e+00	7.83e-01	1.37e-01	6.88e-02
 4.74696e+16	9.89e-01	1.10e-02	4.74e-08	0.00e+00	0.00e+00	0.00e+00	0.00e+00	0.00e+00	0.00e+00	7.83e-01	1.37e-01	6.89e-02
 4.74708e+16	9.89e-01	1.08e-02	4.52e-08	0.00e+00	0.00e+00	0.00e+00	0.00e+00	0.00e+00	0.00e+00	7.82e-01	1.38e-01	6.91e-02
 4.74719e+16	9.89e-01	1.05e-02	4.31e-08	0.00e+00	0.00e+00	0.00e+00	0.00e+00	0.00e+00	0.00e+00	7.81e-01	1.39e-01	6.93e-02
 4.74729e+16	9.90e-01	1.03e-02	4.12e-08	0.00e+00	0.00e+00	0.00e+00	0.00e+00	0.00e+00	0.00e+00	7.80e-01	1.40e-01	6.95e-02
 4.74739e+16	9.90e-01	1.01e-02	3.93e-08	0.00e+00	0.00e+00	0.00e+00	0.00e+00	0.00e+00	0.00e+00	7.79e-01	1.41e-01	6.97e-02
 4.74749e+16	9.90e-01	9.86e-03	3.75e-08	0.00e+00	0.00e+00	0.00e+00	0.00e+00	0.00e+00	0.00e+00	7.78e-01	1.42e-01	6.99e-02
 4.74758e+16	9.90e-01	9.64e-03	3.58e-08	0.00e+00	0.00e+00	0.00e+00	0.00e+00	0.00e+00	0.00e+00	7.77e-01	1.43e-01	7.01e-02
 4.74766e+16	9.91e-01	9.43e-03	3.42e-08	0.00e+00	0.00e+00	0.00e+00	0.00e+00	0.00e+00	0.00e+00	7.76e-01	1.44e-01	7.03e-02
 4.74774e+16	9.91e-01	9.22e-03	3.26e-08	0.00e+00	0.00e+00	0.00e+00	0.00e+00	0.00e+00	0.00e+00	7.75e-01	1.45e-01	7.05e-02
 4.74782e+16	9.91e-01	9.00e-03	3.11e-08	0.00e+00	0.00e+00	0.00e+00	0.00e+00	0.00e+00	0.00e+00	7.74e-01	1.46e-01	7.07e-02
 4.74790e+16	9.91e-01	8.78e-03	2.96e-08	0.00e+00	0.00e+00	0.00e+00	0.00e+00	0.00e+00	0.00e+00	7.73e-01	1.48e-01	7.09e-02
 4.74797e+16	9.91e-01	8.56e-03	2.82e-08	0.00e+00	0.00e+00	0.00e+00	0.00e+00	0.00e+00	0.00e+00	7.71e-01	1.49e-01	7.12e-02
 4.74804e+16	9.92e-01	8.33e-03	2.67e-08	0.00e+00	0.00e+00	0.00e+00	0.00e+00	0.00e+00	0.00e+00	7.70e-01	1.50e-01	7.14e-02
 4.74812e+16	9.92e-01	8.07e-03	2.52e-08	0.00e+00	0.00e+00	0.00e+00	0.00e+00	0.00e+00	0.00e+00	7.68e-01	1.52e-01	7.17e-02
 4.74818e+16	9.92e-01	7.78e-03	2.36e-08	0.00e+00	0.00e+00	0.00e+00	0.00e+00	0.00e+00	0.00e+00	7.66e-01	1.54e-01	7.20e-02
 4.74825e+16	9.93e-01	7.28e-03	2.11e-08	0.00e+00	0.00e+00	0.00e+00	0.00e+00	0.00e+00	0.00e+00	7.63e-01	1.57e-01	7.26e-02
