#depth	He	He+	He+2
 3.17660e+11	1.02e-03	9.55e-01	4.41e-02
 1.90596e+12	1.02e-03	9.55e-01	4.40e-02
 8.25916e+12	1.02e-03	9.55e-01	4.38e-02
 3.36720e+13	1.03e-03	9.56e-01	4.26e-02
 8.04315e+13	1.03e-03	9.57e-01	4.18e-02
 1.41219e+14	1.04e-03	9.59e-01	4.00e-02
 2.20243e+14	1.05e-03	9.62e-01	3.70e-02
 3.22973e+14	1.06e-03	9.66e-01	3.29e-02
 4.56523e+14	1.07e-03	9.71e-01	2.77e-02
 6.30138e+14	1.09e-03	9.77e-01	2.17e-02
 8.55838e+14	1.11e-03	9.83e-01	1.54e-02
 1.14925e+15	1.13e-03	9.89e-01	9.71e-03
 1.53068e+15	1.16e-03	9.94e-01	5.24e-03
 2.02654e+15	1.19e-03	9.96e-01	2.35e-03
 2.67116e+15	1.23e-03	9.98e-01	8.42e-04
 3.50917e+15	1.28e-03	9.98e-01	2.34e-04
 4.59858e+15	1.35e-03	9.99e-01	4.91e-05
 6.01481e+15	1.44e-03	9.99e-01	7.95e-06
 7.48026e+15	1.53e-03	9.98e-01	1.45e-06
 8.74503e+15	1.61e-03	9.98e-01	4.17e-07
 9.81205e+15	1.69e-03	9.98e-01	1.65e-07
 1.07933e+16	1.76e-03	9.98e-01	7.51e-08
 1.18726e+16	1.91e-03	9.98e-01	3.26e-08
 1.30598e+16	2.02e-03	9.98e-01	1.39e-08
 1.43658e+16	2.15e-03	9.98e-01	6.03e-09
 1.56028e+16	2.28e-03	9.98e-01	2.95e-09
 1.66081e+16	2.39e-03	9.98e-01	1.72e-09
 1.75016e+16	2.49e-03	9.98e-01	1.09e-09
 1.85157e+16	2.61e-03	9.97e-01	6.67e-10
 1.96233e+16	2.76e-03	9.97e-01	4.11e-10
 2.05855e+16	2.90e-03	9.97e-01	2.82e-10
 2.13895e+16	3.02e-03	9.97e-01	2.11e-10
 2.22547e+16	3.15e-03	9.97e-01	1.57e-10
 2.32269e+16	3.31e-03	9.97e-01	1.18e-10
 2.41031e+16	3.47e-03	9.97e-01	9.47e-11
 2.48434e+16	3.61e-03	9.96e-01	8.09e-11
 2.56422e+16	3.76e-03	9.96e-01	6.89e-11
 2.66805e+16	3.96e-03	9.96e-01	5.89e-11
 2.76950e+16	4.20e-03	9.96e-01	5.23e-11
 2.84116e+16	4.39e-03	9.96e-01	4.99e-11
 2.89670e+16	4.53e-03	9.95e-01	4.77e-11
 2.95796e+16	4.69e-03	9.95e-01	4.61e-11
 3.03759e+16	4.90e-03	9.95e-01	4.50e-11
 3.12362e+16	5.15e-03	9.95e-01	4.43e-11
 3.19694e+16	5.40e-03	9.95e-01	4.39e-11
 3.25862e+16	5.62e-03	9.94e-01	4.43e-11
 3.32618e+16	5.85e-03	9.94e-01	4.46e-11
 3.41304e+16	6.17e-03	9.94e-01	4.62e-11
 3.50118e+16	6.56e-03	9.93e-01	4.79e-11
 3.56963e+16	6.91e-03	9.93e-01	4.91e-11
 3.62490e+16	7.21e-03	9.93e-01	5.17e-11
 3.68539e+16	7.56e-03	9.92e-01	5.26e-11
 3.76402e+16	8.05e-03	9.92e-01	5.62e-11
 3.84366e+16	8.68e-03	9.91e-01	5.98e-11
 3.90262e+16	9.26e-03	9.91e-01	6.27e-11
 3.94689e+16	9.78e-03	9.90e-01	6.41e-11
 3.99408e+16	1.03e-02	9.90e-01	6.86e-11
 4.05541e+16	1.12e-02	9.89e-01	7.39e-11
 4.11802e+16	1.23e-02	9.88e-01	7.98e-11
 4.16494e+16	1.34e-02	9.87e-01	8.41e-11
 4.20012e+16	1.44e-02	9.86e-01	9.03e-11
 4.23738e+16	1.55e-02	9.84e-01	9.62e-11
 4.28582e+16	1.74e-02	9.83e-01	1.06e-10
 4.33408e+16	1.99e-02	9.80e-01	1.20e-10
 4.36926e+16	2.23e-02	9.78e-01	1.34e-10
 4.39633e+16	2.46e-02	9.75e-01	1.46e-10
 4.41920e+16	2.70e-02	9.73e-01	1.60e-10
 4.43799e+16	2.94e-02	9.71e-01	1.74e-10
 4.45517e+16	3.19e-02	9.68e-01	1.89e-10
 4.47214e+16	3.48e-02	9.65e-01	2.08e-10
 4.48856e+16	3.82e-02	9.62e-01	2.29e-10
 4.50347e+16	4.18e-02	9.58e-01	2.53e-10
 4.51681e+16	4.57e-02	9.54e-01	2.79e-10
 4.52913e+16	5.00e-02	9.50e-01	3.08e-10
 4.54072e+16	5.46e-02	9.45e-01	3.41e-10
 4.55174e+16	5.99e-02	9.40e-01	3.79e-10
 4.56210e+16	6.56e-02	9.34e-01	4.22e-10
 4.57176e+16	7.20e-02	9.28e-01	4.70e-10
 4.58078e+16	7.89e-02	9.21e-01	5.22e-10
 4.58931e+16	8.65e-02	9.13e-01	5.81e-10
 4.59740e+16	9.50e-02	9.05e-01	6.48e-10
 4.60509e+16	1.04e-01	8.96e-01	7.22e-10
 4.61237e+16	1.15e-01	8.85e-01	8.05e-10
 4.61928e+16	1.26e-01	8.74e-01	8.95e-10
 4.62586e+16	1.39e-01	8.61e-01	9.97e-10
 4.63188e+16	1.52e-01	8.48e-01	1.10e-09
 4.63711e+16	1.65e-01	8.35e-01	1.21e-09
 4.64170e+16	1.78e-01	8.22e-01	1.31e-09
 4.64590e+16	1.91e-01	8.09e-01	1.41e-09
 4.64915e+16	2.02e-01	7.98e-01	1.49e-09
 4.65129e+16	2.09e-01	7.91e-01	1.55e-09
 4.65328e+16	2.17e-01	7.83e-01	1.60e-09
 4.65560e+16	2.27e-01	7.73e-01	1.67e-09
 4.65807e+16	2.37e-01	7.63e-01	1.74e-09
 4.66041e+16	2.47e-01	7.53e-01	1.82e-09
 4.66255e+16	2.57e-01	7.43e-01	1.89e-09
 4.66461e+16	2.68e-01	7.32e-01	1.96e-09
 4.66668e+16	2.79e-01	7.21e-01	2.04e-09
 4.66876e+16	2.90e-01	7.10e-01	2.11e-09
 4.67078e+16	3.01e-01	6.99e-01	2.19e-09
 4.67273e+16	3.13e-01	6.87e-01	2.27e-09
 4.67463e+16	3.25e-01	6.75e-01	2.35e-09
 4.67651e+16	3.37e-01	6.63e-01	2.43e-09
 4.67836e+16	3.50e-01	6.50e-01	2.51e-09
 4.68018e+16	3.63e-01	6.37e-01	2.59e-09
 4.68196e+16	3.76e-01	6.24e-01	2.67e-09
 4.68371e+16	3.89e-01	6.11e-01	2.74e-09
 4.68542e+16	4.03e-01	5.97e-01	2.82e-09
 4.68711e+16	4.16e-01	5.84e-01	2.90e-09
 4.68877e+16	4.30e-01	5.70e-01	2.98e-09
 4.69039e+16	4.44e-01	5.56e-01	3.05e-09
 4.69199e+16	4.59e-01	5.41e-01	3.12e-09
 4.69356e+16	4.73e-01	5.27e-01	3.19e-09
 4.69511e+16	4.87e-01	5.13e-01	3.26e-09
 4.69663e+16	5.02e-01	4.98e-01	3.33e-09
 4.69813e+16	5.16e-01	4.84e-01	3.39e-09
 4.69960e+16	5.31e-01	4.69e-01	3.46e-09
 4.70103e+16	5.45e-01	4.55e-01	3.51e-09
 4.70242e+16	5.60e-01	4.40e-01	3.57e-09
 4.70377e+16	5.74e-01	4.26e-01	3.62e-09
 4.70509e+16	5.87e-01	4.13e-01	3.66e-09
 4.70638e+16	6.01e-01	3.99e-01	3.71e-09
 4.70764e+16	6.14e-01	3.86e-01	3.75e-09
 4.70886e+16	6.28e-01	3.72e-01	3.78e-09
 4.71006e+16	6.40e-01	3.60e-01	3.81e-09
 4.71123e+16	6.53e-01	3.47e-01	3.84e-09
 4.71239e+16	6.66e-01	3.34e-01	3.86e-09
 4.71351e+16	6.78e-01	3.22e-01	3.88e-09
 4.71458e+16	6.89e-01	3.11e-01	3.90e-09
 4.71565e+16	7.01e-01	2.99e-01	3.91e-09
 4.71672e+16	7.12e-01	2.88e-01	3.92e-09
 4.71777e+16	7.23e-01	2.77e-01	3.93e-09
 4.71875e+16	7.33e-01	2.67e-01	3.93e-09
 4.71972e+16	7.44e-01	2.56e-01	3.93e-09
 4.72070e+16	7.54e-01	2.46e-01	3.92e-09
 4.72165e+16	7.63e-01	2.37e-01	3.92e-09
 4.72259e+16	7.73e-01	2.27e-01	3.91e-09
 4.72350e+16	7.82e-01	2.18e-01	3.90e-09
 4.72438e+16	7.91e-01	2.09e-01	3.88e-09
 4.72526e+16	7.99e-01	2.01e-01	3.86e-09
 4.72613e+16	8.07e-01	1.93e-01	3.84e-09
 4.72698e+16	8.15e-01	1.85e-01	3.81e-09
 4.72781e+16	8.23e-01	1.77e-01	3.79e-09
 4.72863e+16	8.30e-01	1.70e-01	3.76e-09
 4.72943e+16	8.38e-01	1.62e-01	3.73e-09
 4.73022e+16	8.44e-01	1.56e-01	3.70e-09
 4.73099e+16	8.51e-01	1.49e-01	3.66e-09
 4.73175e+16	8.57e-01	1.43e-01	3.63e-09
 4.73249e+16	8.63e-01	1.37e-01	3.59e-09
 4.73321e+16	8.69e-01	1.31e-01	3.55e-09
 4.73393e+16	8.75e-01	1.25e-01	3.51e-09
 4.73464e+16	8.80e-01	1.20e-01	3.46e-09
 4.73533e+16	8.86e-01	1.14e-01	3.42e-09
 4.73599e+16	8.91e-01	1.09e-01	3.37e-09
 4.73664e+16	8.95e-01	1.05e-01	3.32e-09
 4.73728e+16	9.00e-01	1.00e-01	3.27e-09
 4.73792e+16	9.04e-01	9.57e-02	3.22e-09
 4.73853e+16	9.09e-01	9.15e-02	3.17e-09
 4.73913e+16	9.13e-01	8.74e-02	3.11e-09
 4.73972e+16	9.16e-01	8.36e-02	3.06e-09
 4.74028e+16	9.20e-01	7.99e-02	3.00e-09
 4.74083e+16	9.24e-01	7.64e-02	2.94e-09
 4.74135e+16	9.27e-01	7.31e-02	2.88e-09
 4.74185e+16	9.30e-01	7.00e-02	2.82e-09
 4.74231e+16	9.33e-01	6.72e-02	2.77e-09
 4.74274e+16	9.35e-01	6.46e-02	2.71e-09
 4.74314e+16	9.38e-01	6.22e-02	2.65e-09
 4.74351e+16	9.40e-01	6.00e-02	2.60e-09
 4.74385e+16	9.42e-01	5.79e-02	2.55e-09
 4.74417e+16	9.44e-01	5.60e-02	2.49e-09
 4.74447e+16	9.46e-01	5.42e-02	2.44e-09
 4.74475e+16	9.47e-01	5.26e-02	2.39e-09
 4.74500e+16	9.49e-01	5.11e-02	2.35e-09
 4.74524e+16	9.50e-01	4.96e-02	2.30e-09
 4.74547e+16	9.52e-01	4.83e-02	2.25e-09
 4.74568e+16	9.53e-01	4.70e-02	2.21e-09
 4.74588e+16	9.54e-01	4.58e-02	2.16e-09
 4.74606e+16	9.55e-01	4.46e-02	2.12e-09
 4.74624e+16	9.56e-01	4.36e-02	2.08e-09
 4.74640e+16	9.57e-01	4.26e-02	2.04e-09
 4.74655e+16	9.58e-01	4.16e-02	2.00e-09
 4.74669e+16	9.59e-01	4.07e-02	1.96e-09
 4.74683e+16	9.60e-01	3.98e-02	1.92e-09
 4.74696e+16	9.61e-01	3.89e-02	1.88e-09
 4.74708e+16	9.62e-01	3.81e-02	1.84e-09
 4.74719e+16	9.63e-01	3.74e-02	1.81e-09
 4.74729e+16	9.63e-01	3.66e-02	1.77e-09
 4.74739e+16	9.64e-01	3.59e-02	1.73e-09
 4.74749e+16	9.65e-01	3.52e-02	1.69e-09
 4.74758e+16	9.66e-01	3.45e-02	1.65e-09
 4.74766e+16	9.66e-01	3.38e-02	1.62e-09
 4.74774e+16	9.67e-01	3.31e-02	1.58e-09
 4.74782e+16	9.68e-01	3.25e-02	1.54e-09
 4.74790e+16	9.68e-01	3.18e-02	1.50e-09
 4.74797e+16	9.69e-01	3.11e-02	1.46e-09
 4.74804e+16	9.70e-01	3.04e-02	1.41e-09
 4.74812e+16	9.70e-01	2.97e-02	1.37e-09
 4.74818e+16	9.71e-01	2.89e-02	1.32e-09
 4.74825e+16	9.72e-01	2.79e-02	1.25e-09
