#depth	H	H+	H2
 3.17660e+11	1.29e-03	9.99e-01	1.10e-13
 1.90596e+12	1.29e-03	9.99e-01	1.10e-13
 8.25916e+12	1.29e-03	9.99e-01	1.10e-13
 3.36720e+13	1.29e-03	9.99e-01	1.11e-13
 8.04315e+13	1.29e-03	9.99e-01	1.12e-13
 1.41219e+14	1.28e-03	9.99e-01	1.12e-13
 2.20243e+14	1.28e-03	9.99e-01	1.13e-13
 3.22973e+14	1.28e-03	9.99e-01	1.15e-13
 4.56523e+14	1.28e-03	9.99e-01	1.17e-13
 6.30138e+14	1.27e-03	9.99e-01	1.19e-13
 8.55838e+14	1.27e-03	9.99e-01	1.22e-13
 1.14925e+15	1.28e-03	9.99e-01	1.27e-13
 1.53068e+15	1.28e-03	9.99e-01	1.32e-13
 2.02654e+15	1.29e-03	9.99e-01	1.39e-13
 2.67116e+15	1.31e-03	9.99e-01	1.47e-13
 3.50917e+15	1.33e-03	9.99e-01	1.58e-13
 4.59858e+15	1.38e-03	9.99e-01	1.71e-13
 6.01481e+15	1.44e-03	9.99e-01	1.87e-13
 7.48026e+15	1.50e-03	9.99e-01	2.03e-13
 8.74503e+15	1.56e-03	9.98e-01	2.15e-13
 9.81205e+15	1.62e-03	9.98e-01	2.25e-13
 1.07933e+16	1.69e-03	9.98e-01	2.34e-13
 1.18726e+16	1.85e-03	9.98e-01	2.55e-13
 1.30598e+16	1.97e-03	9.98e-01	2.68e-13
 1.43658e+16	2.11e-03	9.98e-01	2.84e-13
 1.56028e+16	2.27e-03	9.98e-01	3.04e-13
 1.66081e+16	2.41e-03	9.98e-01	3.22e-13
 1.75016e+16	2.56e-03	9.97e-01	3.39e-13
 1.85157e+16	2.73e-03	9.97e-01	3.58e-13
 1.96233e+16	2.95e-03	9.97e-01	3.86e-13
 2.05855e+16	3.17e-03	9.97e-01	4.17e-13
 2.13895e+16	3.37e-03	9.97e-01	4.42e-13
 2.22547e+16	3.60e-03	9.96e-01	4.69e-13
 2.32269e+16	3.89e-03	9.96e-01	5.07e-13
 2.41031e+16	4.19e-03	9.96e-01	5.49e-13
 2.48434e+16	4.48e-03	9.96e-01	5.88e-13
 2.56422e+16	4.79e-03	9.95e-01	6.24e-13
 2.66805e+16	5.23e-03	9.95e-01	6.75e-13
 2.76950e+16	5.79e-03	9.94e-01	7.48e-13
 2.84116e+16	6.26e-03	9.94e-01	8.11e-13
 2.89670e+16	6.62e-03	9.93e-01	8.56e-13
 2.95796e+16	7.02e-03	9.93e-01	8.99e-13
 3.03759e+16	7.59e-03	9.92e-01	9.57e-13
 3.12362e+16	8.33e-03	9.92e-01	1.04e-12
 3.19694e+16	9.08e-03	9.91e-01	1.12e-12
 3.25862e+16	9.75e-03	9.90e-01	1.19e-12
 3.32618e+16	1.05e-02	9.90e-01	1.25e-12
 3.41304e+16	1.15e-02	9.88e-01	1.34e-12
 3.50118e+16	1.29e-02	9.87e-01	1.46e-12
 3.56963e+16	1.42e-02	9.86e-01	1.58e-12
 3.62490e+16	1.53e-02	9.85e-01	1.68e-12
 3.68539e+16	1.66e-02	9.83e-01	1.77e-12
 3.76402e+16	1.84e-02	9.82e-01	1.90e-12
 3.84366e+16	2.09e-02	9.79e-01	2.10e-12
 3.90262e+16	2.32e-02	9.77e-01	2.30e-12
 3.94689e+16	2.52e-02	9.75e-01	2.47e-12
 3.99408e+16	2.73e-02	9.73e-01	2.63e-12
 4.05541e+16	3.06e-02	9.69e-01	2.91e-12
 4.11802e+16	3.53e-02	9.65e-01	3.32e-12
 4.16494e+16	3.97e-02	9.60e-01	3.75e-12
 4.20012e+16	4.36e-02	9.56e-01	4.12e-12
 4.23738e+16	4.84e-02	9.52e-01	4.59e-12
 4.28582e+16	5.61e-02	9.44e-01	5.37e-12
 4.33408e+16	6.66e-02	9.33e-01	6.50e-12
 4.36926e+16	7.68e-02	9.23e-01	7.67e-12
 4.39633e+16	8.65e-02	9.13e-01	8.83e-12
 4.41920e+16	9.66e-02	9.03e-01	1.01e-11
 4.43799e+16	1.06e-01	8.94e-01	1.14e-11
 4.45517e+16	1.17e-01	8.83e-01	1.28e-11
 4.47214e+16	1.28e-01	8.72e-01	1.44e-11
 4.48856e+16	1.42e-01	8.58e-01	1.65e-11
 4.50347e+16	1.56e-01	8.44e-01	1.87e-11
 4.51681e+16	1.72e-01	8.28e-01	2.12e-11
 4.52913e+16	1.88e-01	8.12e-01	2.40e-11
 4.54072e+16	2.05e-01	7.95e-01	2.72e-11
 4.55174e+16	2.24e-01	7.76e-01	3.08e-11
 4.56210e+16	2.43e-01	7.57e-01	3.50e-11
 4.57176e+16	2.65e-01	7.35e-01	3.98e-11
 4.58078e+16	2.87e-01	7.13e-01	4.51e-11
 4.58931e+16	3.10e-01	6.90e-01	5.12e-11
 4.59740e+16	3.34e-01	6.66e-01	5.82e-11
 4.60509e+16	3.60e-01	6.40e-01	6.61e-11
 4.61237e+16	3.86e-01	6.14e-01	7.52e-11
 4.61928e+16	4.14e-01	5.86e-01	8.55e-11
 4.62586e+16	4.42e-01	5.58e-01	9.71e-11
 4.63188e+16	4.69e-01	5.31e-01	1.10e-10
 4.63711e+16	4.94e-01	5.06e-01	1.23e-10
 4.64170e+16	5.17e-01	4.83e-01	1.36e-10
 4.64590e+16	5.39e-01	4.61e-01	1.49e-10
 4.64915e+16	5.56e-01	4.44e-01	1.61e-10
 4.65129e+16	5.67e-01	4.33e-01	1.69e-10
 4.65328e+16	5.77e-01	4.23e-01	1.77e-10
 4.65560e+16	5.90e-01	4.10e-01	1.88e-10
 4.65807e+16	6.04e-01	3.96e-01	1.99e-10
 4.66041e+16	6.17e-01	3.83e-01	2.12e-10
 4.66255e+16	6.29e-01	3.71e-01	2.24e-10
 4.66461e+16	6.41e-01	3.59e-01	2.36e-10
 4.66668e+16	6.53e-01	3.47e-01	2.49e-10
 4.66876e+16	6.65e-01	3.35e-01	2.64e-10
 4.67078e+16	6.76e-01	3.24e-01	2.79e-10
 4.67273e+16	6.88e-01	3.12e-01	2.95e-10
 4.67463e+16	6.99e-01	3.01e-01	3.11e-10
 4.67651e+16	7.09e-01	2.91e-01	3.28e-10
 4.67836e+16	7.20e-01	2.80e-01	3.47e-10
 4.68018e+16	7.31e-01	2.69e-01	3.66e-10
 4.68196e+16	7.41e-01	2.59e-01	3.87e-10
 4.68371e+16	7.51e-01	2.49e-01	4.08e-10
 4.68542e+16	7.60e-01	2.40e-01	4.31e-10
 4.68711e+16	7.70e-01	2.30e-01	4.55e-10
 4.68877e+16	7.79e-01	2.21e-01	4.80e-10
 4.69039e+16	7.88e-01	2.12e-01	5.07e-10
 4.69199e+16	7.96e-01	2.04e-01	5.35e-10
 4.69356e+16	8.05e-01	1.95e-01	5.65e-10
 4.69511e+16	8.13e-01	1.87e-01	5.97e-10
 4.69663e+16	8.21e-01	1.79e-01	6.31e-10
 4.69813e+16	8.28e-01	1.72e-01	6.66e-10
 4.69960e+16	8.35e-01	1.65e-01	7.04e-10
 4.70103e+16	8.42e-01	1.58e-01	7.44e-10
 4.70242e+16	8.49e-01	1.51e-01	7.85e-10
 4.70377e+16	8.55e-01	1.45e-01	8.29e-10
 4.70509e+16	8.61e-01	1.39e-01	8.75e-10
 4.70638e+16	8.67e-01	1.33e-01	9.24e-10
 4.70764e+16	8.73e-01	1.27e-01	9.75e-10
 4.70886e+16	8.78e-01	1.22e-01	1.03e-09
 4.71006e+16	8.83e-01	1.17e-01	1.09e-09
 4.71123e+16	8.88e-01	1.12e-01	1.14e-09
 4.71239e+16	8.92e-01	1.08e-01	1.21e-09
 4.71351e+16	8.97e-01	1.03e-01	1.28e-09
 4.71458e+16	9.01e-01	9.92e-02	1.35e-09
 4.71565e+16	9.05e-01	9.53e-02	1.42e-09
 4.71672e+16	9.09e-01	9.13e-02	1.50e-09
 4.71777e+16	9.12e-01	8.76e-02	1.59e-09
 4.71875e+16	9.16e-01	8.42e-02	1.68e-09
 4.71972e+16	9.19e-01	8.09e-02	1.77e-09
 4.72070e+16	9.22e-01	7.77e-02	1.87e-09
 4.72165e+16	9.25e-01	7.45e-02	1.98e-09
 4.72259e+16	9.28e-01	7.16e-02	2.09e-09
 4.72350e+16	9.31e-01	6.88e-02	2.22e-09
 4.72438e+16	9.34e-01	6.61e-02	2.34e-09
 4.72526e+16	9.36e-01	6.35e-02	2.48e-09
 4.72613e+16	9.39e-01	6.10e-02	2.64e-09
 4.72698e+16	9.41e-01	5.86e-02	2.79e-09
 4.72781e+16	9.44e-01	5.64e-02	2.96e-09
 4.72863e+16	9.46e-01	5.42e-02	3.15e-09
 4.72943e+16	9.48e-01	5.20e-02	3.35e-09
 4.73022e+16	9.50e-01	5.00e-02	3.56e-09
 4.73099e+16	9.52e-01	4.81e-02	3.80e-09
 4.73175e+16	9.54e-01	4.62e-02	4.05e-09
 4.73249e+16	9.56e-01	4.44e-02	4.32e-09
 4.73321e+16	9.57e-01	4.27e-02	4.62e-09
 4.73393e+16	9.59e-01	4.11e-02	4.94e-09
 4.73464e+16	9.61e-01	3.95e-02	5.30e-09
 4.73533e+16	9.62e-01	3.79e-02	5.70e-09
 4.73599e+16	9.64e-01	3.65e-02	6.13e-09
 4.73664e+16	9.65e-01	3.51e-02	6.60e-09
 4.73728e+16	9.66e-01	3.37e-02	7.14e-09
 4.73792e+16	9.68e-01	3.24e-02	7.74e-09
 4.73853e+16	9.69e-01	3.11e-02	8.43e-09
 4.73913e+16	9.70e-01	2.99e-02	9.16e-09
 4.73972e+16	9.71e-01	2.87e-02	1.00e-08
 4.74028e+16	9.72e-01	2.76e-02	1.10e-08
 4.74083e+16	9.74e-01	2.65e-02	1.21e-08
 4.74135e+16	9.75e-01	2.54e-02	1.33e-08
 4.74185e+16	9.76e-01	2.45e-02	1.48e-08
 4.74231e+16	9.76e-01	2.36e-02	1.63e-08
 4.74274e+16	9.77e-01	2.27e-02	1.80e-08
 4.74314e+16	9.78e-01	2.20e-02	1.99e-08
 4.74351e+16	9.79e-01	2.13e-02	2.20e-08
 4.74385e+16	9.79e-01	2.06e-02	2.42e-08
 4.74417e+16	9.80e-01	2.00e-02	2.69e-08
 4.74447e+16	9.81e-01	1.94e-02	2.97e-08
 4.74475e+16	9.81e-01	1.88e-02	3.28e-08
 4.74500e+16	9.82e-01	1.83e-02	3.62e-08
 4.74524e+16	9.82e-01	1.78e-02	4.00e-08
 4.74547e+16	9.83e-01	1.74e-02	4.41e-08
 4.74568e+16	9.83e-01	1.69e-02	4.88e-08
 4.74588e+16	9.83e-01	1.65e-02	5.39e-08
 4.74606e+16	9.84e-01	1.61e-02	5.95e-08
 4.74624e+16	9.84e-01	1.57e-02	6.58e-08
 4.74640e+16	9.85e-01	1.54e-02	7.26e-08
 4.74655e+16	9.85e-01	1.50e-02	8.02e-08
 4.74669e+16	9.85e-01	1.47e-02	8.81e-08
 4.74683e+16	9.86e-01	1.44e-02	9.75e-08
 4.74696e+16	9.86e-01	1.41e-02	1.08e-07
 4.74708e+16	9.86e-01	1.37e-02	1.19e-07
 4.74719e+16	9.87e-01	1.35e-02	1.31e-07
 4.74729e+16	9.87e-01	1.32e-02	1.44e-07
 4.74739e+16	9.87e-01	1.29e-02	1.59e-07
 4.74749e+16	9.87e-01	1.26e-02	1.75e-07
 4.74758e+16	9.88e-01	1.24e-02	1.92e-07
 4.74766e+16	9.88e-01	1.21e-02	2.11e-07
 4.74774e+16	9.88e-01	1.18e-02	2.32e-07
 4.74782e+16	9.88e-01	1.16e-02	2.54e-07
 4.74790e+16	9.89e-01	1.13e-02	2.78e-07
 4.74797e+16	9.89e-01	1.10e-02	3.03e-07
 4.74804e+16	9.89e-01	1.07e-02	3.31e-07
 4.74812e+16	9.90e-01	1.04e-02	3.61e-07
 4.74818e+16	9.90e-01	1.01e-02	3.95e-07
 4.74825e+16	9.91e-01	9.44e-03	4.47e-07
