#depth	H	H+	H2
 2.06282e+12	1.07e-03	9.99e-01	1.29e-13
 1.23769e+13	1.07e-03	9.99e-01	1.29e-13
 5.36333e+13	1.07e-03	9.99e-01	1.29e-13
 2.18659e+14	1.07e-03	9.99e-01	1.31e-13
 5.22306e+14	1.05e-03	9.99e-01	1.31e-13
 9.17047e+14	1.03e-03	9.99e-01	1.33e-13
 1.43021e+15	1.03e-03	9.99e-01	1.38e-13
 2.09732e+15	1.02e-03	9.99e-01	1.45e-13
 2.96457e+15	1.03e-03	9.99e-01	1.56e-13
 4.09199e+15	1.05e-03	9.99e-01	1.73e-13
 5.28710e+15	1.07e-03	9.99e-01	1.92e-13
 6.31215e+15	1.10e-03	9.99e-01	2.11e-13
 7.19464e+15	1.13e-03	9.99e-01	2.31e-13
 8.00333e+15	1.16e-03	9.99e-01	2.52e-13
 8.77860e+15	1.20e-03	9.99e-01	2.75e-13
 9.52938e+15	1.24e-03	9.99e-01	2.99e-13
 1.02558e+16	1.29e-03	9.99e-01	3.26e-13
 1.09663e+16	1.34e-03	9.99e-01	3.57e-13
 1.16200e+16	1.39e-03	9.99e-01	3.86e-13
 1.22174e+16	1.44e-03	9.99e-01	4.17e-13
 1.28997e+16	1.51e-03	9.98e-01	4.57e-13
 1.37867e+16	1.59e-03	9.98e-01	5.11e-13
 1.47765e+16	1.69e-03	9.98e-01	5.78e-13
 1.58998e+16	1.82e-03	9.98e-01	6.57e-13
 1.73601e+16	1.98e-03	9.98e-01	7.61e-13
 1.90948e+16	2.18e-03	9.98e-01	8.91e-13
 2.10043e+16	2.42e-03	9.98e-01	1.04e-12
 2.31047e+16	2.71e-03	9.97e-01	1.23e-12
 2.54152e+16	3.08e-03	9.97e-01	1.45e-12
 2.79567e+16	3.55e-03	9.96e-01	1.73e-12
 2.98105e+16	3.96e-03	9.96e-01	2.03e-12
 3.06255e+16	4.15e-03	9.96e-01	2.17e-12
 3.12984e+16	4.32e-03	9.96e-01	2.27e-12
 3.21731e+16	4.55e-03	9.95e-01	2.40e-12
 3.33103e+16	4.86e-03	9.95e-01	2.57e-12
 3.45279e+16	5.24e-03	9.95e-01	2.80e-12
 3.55723e+16	5.59e-03	9.94e-01	3.01e-12
 3.64905e+16	5.92e-03	9.94e-01	3.20e-12
 3.75229e+16	6.32e-03	9.94e-01	3.40e-12
 3.86478e+16	6.78e-03	9.93e-01	3.65e-12
 3.96462e+16	7.26e-03	9.93e-01	3.92e-12
 4.05310e+16	7.69e-03	9.92e-01	4.16e-12
 4.15146e+16	8.22e-03	9.92e-01	4.40e-12
 4.25856e+16	8.86e-03	9.91e-01	4.72e-12
 4.35318e+16	9.48e-03	9.91e-01	5.04e-12
 4.43703e+16	1.01e-02	9.90e-01	5.35e-12
 4.53071e+16	1.08e-02	9.89e-01	5.62e-12
 4.63307e+16	1.17e-02	9.88e-01	6.05e-12
 4.72358e+16	1.26e-02	9.87e-01	6.47e-12
 4.80332e+16	1.34e-02	9.87e-01	6.87e-12
 4.89220e+16	1.45e-02	9.86e-01	7.26e-12
 4.98999e+16	1.58e-02	9.84e-01	7.81e-12
 5.07654e+16	1.71e-02	9.83e-01	8.43e-12
 5.15027e+16	1.84e-02	9.82e-01	8.98e-12
 5.23017e+16	1.99e-02	9.80e-01	9.49e-12
 5.31836e+16	2.19e-02	9.78e-01	1.03e-11
 5.39541e+16	2.39e-02	9.76e-01	1.12e-11
 5.45908e+16	2.57e-02	9.74e-01	1.19e-11
 5.52733e+16	2.79e-02	9.72e-01	1.28e-11
 5.60212e+16	3.08e-02	9.69e-01	1.40e-11
 5.66770e+16	3.37e-02	9.66e-01	1.52e-11
 5.72326e+16	3.65e-02	9.63e-01	1.64e-11
 5.78351e+16	4.00e-02	9.60e-01	1.79e-11
 5.84915e+16	4.47e-02	9.55e-01	1.99e-11
 5.90588e+16	4.94e-02	9.51e-01	2.20e-11
 5.95356e+16	5.40e-02	9.46e-01	2.41e-11
 6.00541e+16	5.99e-02	9.40e-01	2.67e-11
 6.06273e+16	6.77e-02	9.32e-01	3.04e-11
 6.11371e+16	7.63e-02	9.24e-01	3.46e-11
 6.15281e+16	8.42e-02	9.16e-01	3.86e-11
 6.18291e+16	9.12e-02	9.09e-01	4.23e-11
 6.21502e+16	9.95e-02	9.00e-01	4.66e-11
 6.25059e+16	1.10e-01	8.90e-01	5.24e-11
 6.28203e+16	1.21e-01	8.79e-01	5.85e-11
 6.30849e+16	1.32e-01	8.68e-01	6.47e-11
 6.33320e+16	1.43e-01	8.57e-01	7.13e-11
 6.36143e+16	1.57e-01	8.43e-01	7.98e-11
 6.39121e+16	1.74e-01	8.26e-01	9.09e-11
 6.41563e+16	1.91e-01	8.09e-01	1.02e-10
 6.43562e+16	2.05e-01	7.95e-01	1.12e-10
 6.45722e+16	2.23e-01	7.77e-01	1.25e-10
 6.48111e+16	2.45e-01	7.55e-01	1.42e-10
 6.50248e+16	2.67e-01	7.33e-01	1.59e-10
 6.52097e+16	2.86e-01	7.14e-01	1.76e-10
 6.54123e+16	3.10e-01	6.90e-01	1.97e-10
 6.56340e+16	3.39e-01	6.61e-01	2.25e-10
 6.58290e+16	3.68e-01	6.32e-01	2.54e-10
 6.59956e+16	3.92e-01	6.08e-01	2.80e-10
 6.61550e+16	4.16e-01	5.84e-01	3.09e-10
 6.63192e+16	4.43e-01	5.57e-01	3.43e-10
 6.64807e+16	4.71e-01	5.29e-01	3.80e-10
 6.66243e+16	4.97e-01	5.03e-01	4.18e-10
 6.67506e+16	5.18e-01	4.82e-01	4.51e-10
 6.68672e+16	5.40e-01	4.60e-01	4.88e-10
 6.69572e+16	5.56e-01	4.44e-01	5.15e-10
 6.70188e+16	5.66e-01	4.34e-01	5.34e-10
 6.70809e+16	5.76e-01	4.24e-01	5.55e-10
 6.71558e+16	5.90e-01	4.10e-01	5.84e-10
 6.72326e+16	6.04e-01	3.96e-01	6.12e-10
 6.73016e+16	6.17e-01	3.83e-01	6.40e-10
 6.73652e+16	6.28e-01	3.72e-01	6.65e-10
 6.74301e+16	6.40e-01	3.60e-01	6.94e-10
 6.74982e+16	6.52e-01	3.48e-01	7.26e-10
 6.75644e+16	6.64e-01	3.36e-01	7.57e-10
 6.76274e+16	6.75e-01	3.25e-01	7.87e-10
 6.76904e+16	6.86e-01	3.14e-01	8.21e-10
 6.77540e+16	6.97e-01	3.03e-01	8.52e-10
 6.78174e+16	7.09e-01	2.91e-01	8.91e-10
 6.78792e+16	7.19e-01	2.81e-01	9.24e-10
 6.79398e+16	7.29e-01	2.71e-01	9.62e-10
 6.80008e+16	7.39e-01	2.61e-01	9.98e-10
 6.80623e+16	7.49e-01	2.51e-01	1.04e-09
 6.81232e+16	7.59e-01	2.41e-01	1.08e-09
 6.81821e+16	7.68e-01	2.32e-01	1.12e-09
 6.82405e+16	7.77e-01	2.23e-01	1.17e-09
 6.82995e+16	7.86e-01	2.14e-01	1.21e-09
 6.83584e+16	7.95e-01	2.05e-01	1.26e-09
 6.84162e+16	8.03e-01	1.97e-01	1.30e-09
 6.84734e+16	8.11e-01	1.89e-01	1.35e-09
 6.85310e+16	8.19e-01	1.81e-01	1.40e-09
 6.85876e+16	8.26e-01	1.74e-01	1.46e-09
 6.86432e+16	8.33e-01	1.67e-01	1.51e-09
 6.86987e+16	8.41e-01	1.59e-01	1.57e-09
 6.87537e+16	8.47e-01	1.53e-01	1.62e-09
 6.88072e+16	8.54e-01	1.46e-01	1.69e-09
 6.88599e+16	8.59e-01	1.41e-01	1.74e-09
 6.89121e+16	8.65e-01	1.35e-01	1.81e-09
 6.89636e+16	8.71e-01	1.29e-01	1.88e-09
 6.90147e+16	8.76e-01	1.24e-01	1.95e-09
 6.90653e+16	8.81e-01	1.19e-01	2.02e-09
 6.91147e+16	8.86e-01	1.14e-01	2.09e-09
 6.91631e+16	8.91e-01	1.09e-01	2.17e-09
 6.92112e+16	8.95e-01	1.05e-01	2.25e-09
 6.92590e+16	9.00e-01	1.00e-01	2.33e-09
 6.93061e+16	9.04e-01	9.63e-02	2.41e-09
 6.93524e+16	9.08e-01	9.25e-02	2.51e-09
 6.93980e+16	9.11e-01	8.88e-02	2.60e-09
 6.94429e+16	9.15e-01	8.52e-02	2.71e-09
 6.94876e+16	9.18e-01	8.18e-02	2.81e-09
 6.95322e+16	9.22e-01	7.85e-02	2.93e-09
 6.95761e+16	9.25e-01	7.54e-02	3.05e-09
 6.96192e+16	9.28e-01	7.24e-02	3.17e-09
 6.96621e+16	9.30e-01	6.96e-02	3.30e-09
 6.97047e+16	9.33e-01	6.68e-02	3.45e-09
 6.97467e+16	9.36e-01	6.42e-02	3.61e-09
 6.97877e+16	9.38e-01	6.16e-02	3.78e-09
 6.98288e+16	9.41e-01	5.93e-02	3.96e-09
 6.98703e+16	9.43e-01	5.69e-02	4.15e-09
 6.99111e+16	9.45e-01	5.46e-02	4.36e-09
 6.99511e+16	9.47e-01	5.25e-02	4.59e-09
 6.99905e+16	9.49e-01	5.05e-02	4.85e-09
 7.00296e+16	9.51e-01	4.85e-02	5.14e-09
 7.00690e+16	9.53e-01	4.66e-02	5.45e-09
 7.01087e+16	9.55e-01	4.48e-02	5.78e-09
 7.01470e+16	9.57e-01	4.30e-02	6.18e-09
 7.01842e+16	9.59e-01	4.14e-02	6.61e-09
 7.02220e+16	9.60e-01	3.98e-02	7.11e-09
 7.02603e+16	9.62e-01	3.82e-02	7.71e-09
 7.02978e+16	9.63e-01	3.67e-02	8.38e-09
 7.03338e+16	9.65e-01	3.53e-02	9.14e-09
 7.03696e+16	9.66e-01	3.39e-02	1.00e-08
 7.04059e+16	9.67e-01	3.26e-02	1.11e-08
 7.04419e+16	9.69e-01	3.13e-02	1.25e-08
 7.04765e+16	9.70e-01	3.01e-02	1.40e-08
 7.05083e+16	9.71e-01	2.90e-02	1.58e-08
 7.05371e+16	9.72e-01	2.81e-02	1.77e-08
 7.05632e+16	9.73e-01	2.73e-02	1.98e-08
 7.05873e+16	9.73e-01	2.65e-02	2.22e-08
 7.06096e+16	9.74e-01	2.59e-02	2.48e-08
 7.06306e+16	9.75e-01	2.53e-02	2.80e-08
 7.06499e+16	9.75e-01	2.47e-02	3.13e-08
 7.06677e+16	9.76e-01	2.42e-02	3.51e-08
 7.06843e+16	9.76e-01	2.37e-02	3.93e-08
 7.06998e+16	9.77e-01	2.33e-02	4.39e-08
 7.07143e+16	9.77e-01	2.29e-02	4.91e-08
 7.07281e+16	9.78e-01	2.25e-02	5.49e-08
 7.07412e+16	9.78e-01	2.21e-02	6.15e-08
 7.07534e+16	9.78e-01	2.17e-02	6.87e-08
 7.07650e+16	9.79e-01	2.14e-02	7.69e-08
 7.07759e+16	9.79e-01	2.11e-02	8.59e-08
 7.07862e+16	9.79e-01	2.08e-02	9.60e-08
 7.07961e+16	9.80e-01	2.05e-02	1.07e-07
 7.08055e+16	9.80e-01	2.02e-02	1.20e-07
 7.08144e+16	9.80e-01	1.99e-02	1.34e-07
 7.08231e+16	9.80e-01	1.97e-02	1.49e-07
 7.08314e+16	9.81e-01	1.94e-02	1.66e-07
 7.08394e+16	9.81e-01	1.92e-02	1.85e-07
 7.08472e+16	9.81e-01	1.89e-02	2.06e-07
 7.08548e+16	9.81e-01	1.87e-02	2.30e-07
 7.08622e+16	9.82e-01	1.84e-02	2.56e-07
 7.08696e+16	9.82e-01	1.82e-02	2.85e-07
 7.08768e+16	9.82e-01	1.79e-02	3.15e-07
 7.08840e+16	9.82e-01	1.77e-02	3.49e-07
 7.08915e+16	9.83e-01	1.74e-02	3.88e-07
 7.08991e+16	9.83e-01	1.72e-02	4.27e-07
 7.09070e+16	9.83e-01	1.69e-02	4.70e-07
 7.09156e+16	9.83e-01	1.66e-02	5.18e-07
 7.09250e+16	9.84e-01	1.62e-02	5.68e-07
 7.09342e+16	9.84e-01	1.58e-02	6.11e-07
 7.09425e+16	9.84e-01	1.55e-02	6.44e-07
 7.09504e+16	9.85e-01	1.52e-02	6.72e-07
 7.09578e+16	9.85e-01	1.49e-02	6.95e-07
 7.09645e+16	9.85e-01	1.47e-02	7.12e-07
 7.09707e+16	9.86e-01	1.44e-02	7.26e-07
 7.09763e+16	9.86e-01	1.42e-02	7.38e-07
 7.09814e+16	9.86e-01	1.40e-02	7.48e-07
 7.09860e+16	9.86e-01	1.38e-02	7.57e-07
 7.09902e+16	9.86e-01	1.37e-02	7.64e-07
 7.09948e+16	9.86e-01	1.35e-02	7.73e-07
 7.09998e+16	9.87e-01	1.34e-02	7.81e-07
 7.10043e+16	9.87e-01	1.32e-02	7.90e-07
 7.10085e+16	9.87e-01	1.30e-02	7.97e-07
 7.10130e+16	9.87e-01	1.29e-02	8.06e-07
 7.10179e+16	9.87e-01	1.27e-02	8.15e-07
 7.10223e+16	9.87e-01	1.26e-02	8.24e-07
 7.10264e+16	9.88e-01	1.24e-02	8.33e-07
 7.10308e+16	9.88e-01	1.23e-02	8.43e-07
 7.10356e+16	9.88e-01	1.21e-02	8.53e-07
 7.10399e+16	9.88e-01	1.20e-02	8.61e-07
 7.10447e+16	9.88e-01	1.19e-02	8.69e-07
 7.10509e+16	9.88e-01	1.17e-02	8.80e-07
 7.10576e+16	9.88e-01	1.15e-02	8.92e-07
 7.10637e+16	9.89e-01	1.14e-02	9.04e-07
 7.10692e+16	9.89e-01	1.12e-02	9.15e-07
 7.10753e+16	9.89e-01	1.11e-02	9.27e-07
 7.10818e+16	9.89e-01	1.09e-02	9.41e-07
 7.10878e+16	9.89e-01	1.07e-02	9.54e-07
 7.10932e+16	9.89e-01	1.06e-02	9.66e-07
 7.10992e+16	9.90e-01	1.04e-02	9.80e-07
 7.11056e+16	9.90e-01	1.03e-02	9.96e-07
 7.11115e+16	9.90e-01	1.01e-02	1.01e-06
 7.11168e+16	9.90e-01	9.98e-03	1.02e-06
