#depth	He	He+	He+2
 2.06282e+12	7.27e-05	1.18e-01	8.82e-01
 1.23769e+13	7.26e-05	1.18e-01	8.82e-01
 5.36333e+13	7.29e-05	1.18e-01	8.81e-01
 2.18659e+14	7.43e-05	1.20e-01	8.80e-01
 5.22306e+14	7.52e-05	1.21e-01	8.79e-01
 9.17047e+14	7.75e-05	1.23e-01	8.77e-01
 1.43021e+15	8.16e-05	1.28e-01	8.72e-01
 2.09732e+15	8.80e-05	1.35e-01	8.65e-01
 2.96457e+15	9.86e-05	1.46e-01	8.54e-01
 4.09199e+15	1.16e-04	1.65e-01	8.35e-01
 5.28710e+15	1.39e-04	1.91e-01	8.09e-01
 6.31215e+15	1.66e-04	2.20e-01	7.80e-01
 7.19464e+15	1.96e-04	2.52e-01	7.48e-01
 8.00333e+15	2.30e-04	2.89e-01	7.11e-01
 8.77860e+15	2.72e-04	3.32e-01	6.68e-01
 9.52938e+15	3.21e-04	3.82e-01	6.18e-01
 1.02558e+16	3.78e-04	4.39e-01	5.61e-01
 1.09663e+16	4.44e-04	5.03e-01	4.97e-01
 1.16200e+16	5.12e-04	5.67e-01	4.32e-01
 1.22174e+16	5.79e-04	6.29e-01	3.70e-01
 1.28997e+16	6.61e-04	7.00e-01	2.99e-01
 1.37867e+16	7.63e-04	7.83e-01	2.16e-01
 1.47765e+16	8.69e-04	8.59e-01	1.40e-01
 1.58998e+16	9.68e-04	9.17e-01	8.17e-02
 1.73601e+16	1.07e-03	9.59e-01	3.94e-02
 1.90948e+16	1.17e-03	9.82e-01	1.68e-02
 2.10043e+16	1.27e-03	9.92e-01	6.93e-03
 2.31047e+16	1.37e-03	9.96e-01	2.79e-03
 2.54152e+16	1.50e-03	9.97e-01	1.10e-03
 2.79567e+16	1.65e-03	9.98e-01	4.21e-04
 2.98105e+16	1.77e-03	9.98e-01	2.26e-04
 3.06255e+16	1.82e-03	9.98e-01	1.74e-04
 3.12984e+16	1.87e-03	9.98e-01	1.37e-04
 3.21731e+16	1.94e-03	9.98e-01	1.02e-04
 3.33103e+16	2.03e-03	9.98e-01	6.97e-05
 3.45279e+16	2.13e-03	9.98e-01	4.78e-05
 3.55723e+16	2.23e-03	9.98e-01	3.51e-05
 3.64905e+16	2.32e-03	9.98e-01	2.69e-05
 3.75229e+16	2.43e-03	9.98e-01	1.98e-05
 3.86478e+16	2.55e-03	9.97e-01	1.46e-05
 3.96462e+16	2.67e-03	9.97e-01	1.13e-05
 4.05310e+16	2.78e-03	9.97e-01	9.00e-06
 4.15146e+16	2.92e-03	9.97e-01	7.00e-06
 4.25856e+16	3.08e-03	9.97e-01	5.44e-06
 4.35318e+16	3.23e-03	9.97e-01	4.40e-06
 4.43703e+16	3.38e-03	9.97e-01	3.65e-06
 4.53071e+16	3.56e-03	9.96e-01	2.97e-06
 4.63307e+16	3.78e-03	9.96e-01	2.41e-06
 4.72358e+16	3.99e-03	9.96e-01	2.02e-06
 4.80332e+16	4.19e-03	9.96e-01	1.73e-06
 4.89220e+16	4.44e-03	9.96e-01	1.46e-06
 4.98999e+16	4.75e-03	9.95e-01	1.22e-06
 5.07654e+16	5.06e-03	9.95e-01	1.06e-06
 5.15027e+16	5.36e-03	9.95e-01	9.33e-07
 5.23017e+16	5.70e-03	9.94e-01	8.14e-07
 5.31836e+16	6.16e-03	9.94e-01	7.06e-07
 5.39541e+16	6.61e-03	9.93e-01	6.27e-07
 5.45908e+16	7.03e-03	9.93e-01	5.70e-07
 5.52733e+16	7.55e-03	9.92e-01	5.11e-07
 5.60212e+16	8.19e-03	9.92e-01	4.58e-07
 5.66770e+16	8.85e-03	9.91e-01	4.17e-07
 5.72326e+16	9.48e-03	9.91e-01	3.85e-07
 5.78351e+16	1.03e-02	9.90e-01	3.52e-07
 5.84915e+16	1.13e-02	9.89e-01	3.21e-07
 5.90588e+16	1.24e-02	9.88e-01	2.98e-07
 5.95356e+16	1.34e-02	9.87e-01	2.79e-07
 6.00541e+16	1.47e-02	9.85e-01	2.59e-07
 6.06273e+16	1.64e-02	9.84e-01	2.40e-07
 6.11371e+16	1.83e-02	9.82e-01	2.24e-07
 6.15281e+16	2.00e-02	9.80e-01	2.13e-07
 6.18291e+16	2.15e-02	9.78e-01	2.05e-07
 6.21502e+16	2.34e-02	9.77e-01	1.96e-07
 6.25059e+16	2.58e-02	9.74e-01	1.87e-07
 6.28203e+16	2.82e-02	9.72e-01	1.80e-07
 6.30849e+16	3.06e-02	9.69e-01	1.74e-07
 6.33320e+16	3.32e-02	9.67e-01	1.69e-07
 6.36143e+16	3.65e-02	9.64e-01	1.63e-07
 6.39121e+16	4.05e-02	9.59e-01	1.58e-07
 6.41563e+16	4.45e-02	9.56e-01	1.54e-07
 6.43562e+16	4.81e-02	9.52e-01	1.51e-07
 6.45722e+16	5.27e-02	9.47e-01	1.47e-07
 6.48111e+16	5.85e-02	9.42e-01	1.43e-07
 6.50248e+16	6.44e-02	9.36e-01	1.41e-07
 6.52097e+16	7.02e-02	9.30e-01	1.39e-07
 6.54123e+16	7.75e-02	9.22e-01	1.37e-07
 6.56340e+16	8.66e-02	9.13e-01	1.35e-07
 6.58290e+16	9.61e-02	9.04e-01	1.34e-07
 6.59956e+16	1.05e-01	8.95e-01	1.33e-07
 6.61550e+16	1.15e-01	8.85e-01	1.32e-07
 6.63192e+16	1.26e-01	8.74e-01	1.32e-07
 6.64807e+16	1.38e-01	8.62e-01	1.32e-07
 6.66243e+16	1.51e-01	8.49e-01	1.31e-07
 6.67506e+16	1.62e-01	8.38e-01	1.32e-07
 6.68672e+16	1.74e-01	8.26e-01	1.32e-07
 6.69572e+16	1.84e-01	8.16e-01	1.32e-07
 6.70188e+16	1.91e-01	8.09e-01	1.32e-07
 6.70809e+16	1.99e-01	8.01e-01	1.32e-07
 6.71558e+16	2.09e-01	7.91e-01	1.32e-07
 6.72326e+16	2.18e-01	7.82e-01	1.33e-07
 6.73016e+16	2.28e-01	7.72e-01	1.33e-07
 6.73652e+16	2.37e-01	7.63e-01	1.33e-07
 6.74301e+16	2.47e-01	7.53e-01	1.33e-07
 6.74982e+16	2.58e-01	7.42e-01	1.34e-07
 6.75644e+16	2.68e-01	7.32e-01	1.34e-07
 6.76274e+16	2.79e-01	7.21e-01	1.35e-07
 6.76904e+16	2.90e-01	7.10e-01	1.35e-07
 6.77540e+16	3.01e-01	6.99e-01	1.35e-07
 6.78174e+16	3.13e-01	6.87e-01	1.36e-07
 6.78792e+16	3.25e-01	6.75e-01	1.36e-07
 6.79398e+16	3.37e-01	6.63e-01	1.36e-07
 6.80008e+16	3.50e-01	6.50e-01	1.37e-07
 6.80623e+16	3.63e-01	6.37e-01	1.37e-07
 6.81232e+16	3.76e-01	6.24e-01	1.37e-07
 6.81821e+16	3.89e-01	6.11e-01	1.38e-07
 6.82405e+16	4.03e-01	5.97e-01	1.38e-07
 6.82995e+16	4.16e-01	5.84e-01	1.38e-07
 6.83584e+16	4.31e-01	5.69e-01	1.38e-07
 6.84162e+16	4.44e-01	5.56e-01	1.38e-07
 6.84734e+16	4.58e-01	5.42e-01	1.38e-07
 6.85310e+16	4.73e-01	5.27e-01	1.38e-07
 6.85876e+16	4.87e-01	5.13e-01	1.38e-07
 6.86432e+16	5.01e-01	4.99e-01	1.38e-07
 6.86987e+16	5.16e-01	4.84e-01	1.37e-07
 6.87537e+16	5.30e-01	4.70e-01	1.37e-07
 6.88072e+16	5.45e-01	4.55e-01	1.37e-07
 6.88599e+16	5.58e-01	4.42e-01	1.37e-07
 6.89121e+16	5.72e-01	4.28e-01	1.36e-07
 6.89636e+16	5.86e-01	4.14e-01	1.36e-07
 6.90147e+16	5.99e-01	4.01e-01	1.35e-07
 6.90653e+16	6.13e-01	3.87e-01	1.34e-07
 6.91147e+16	6.26e-01	3.74e-01	1.34e-07
 6.91631e+16	6.38e-01	3.62e-01	1.33e-07
 6.92112e+16	6.51e-01	3.49e-01	1.32e-07
 6.92590e+16	6.63e-01	3.37e-01	1.31e-07
 6.93061e+16	6.75e-01	3.25e-01	1.30e-07
 6.93524e+16	6.87e-01	3.13e-01	1.29e-07
 6.93980e+16	6.98e-01	3.02e-01	1.29e-07
 6.94429e+16	7.09e-01	2.91e-01	1.27e-07
 6.94876e+16	7.20e-01	2.80e-01	1.26e-07
 6.95322e+16	7.30e-01	2.70e-01	1.25e-07
 6.95761e+16	7.40e-01	2.60e-01	1.24e-07
 6.96192e+16	7.50e-01	2.50e-01	1.23e-07
 6.96621e+16	7.60e-01	2.40e-01	1.22e-07
 6.97047e+16	7.69e-01	2.31e-01	1.20e-07
 6.97467e+16	7.78e-01	2.22e-01	1.19e-07
 6.97877e+16	7.86e-01	2.14e-01	1.18e-07
 6.98288e+16	7.95e-01	2.05e-01	1.16e-07
 6.98703e+16	8.03e-01	1.97e-01	1.15e-07
 6.99111e+16	8.11e-01	1.89e-01	1.14e-07
 6.99511e+16	8.18e-01	1.82e-01	1.12e-07
 6.99905e+16	8.25e-01	1.75e-01	1.11e-07
 7.00296e+16	8.32e-01	1.68e-01	1.09e-07
 7.00690e+16	8.39e-01	1.61e-01	1.08e-07
 7.01087e+16	8.46e-01	1.54e-01	1.06e-07
 7.01470e+16	8.52e-01	1.48e-01	1.05e-07
 7.01842e+16	8.58e-01	1.42e-01	1.03e-07
 7.02220e+16	8.64e-01	1.36e-01	1.02e-07
 7.02603e+16	8.69e-01	1.31e-01	1.00e-07
 7.02978e+16	8.74e-01	1.26e-01	9.85e-08
 7.03338e+16	8.79e-01	1.21e-01	9.69e-08
 7.03696e+16	8.84e-01	1.16e-01	9.52e-08
 7.04059e+16	8.89e-01	1.11e-01	9.35e-08
 7.04419e+16	8.94e-01	1.06e-01	9.19e-08
 7.04765e+16	8.98e-01	1.02e-01	9.02e-08
 7.05083e+16	9.02e-01	9.84e-02	8.86e-08
 7.05371e+16	9.05e-01	9.51e-02	8.70e-08
 7.05632e+16	9.08e-01	9.21e-02	8.55e-08
 7.05873e+16	9.11e-01	8.93e-02	8.40e-08
 7.06096e+16	9.13e-01	8.69e-02	8.28e-08
 7.06306e+16	9.15e-01	8.46e-02	8.14e-08
 7.06499e+16	9.17e-01	8.26e-02	8.02e-08
 7.06677e+16	9.19e-01	8.07e-02	7.91e-08
 7.06843e+16	9.21e-01	7.90e-02	7.80e-08
 7.06998e+16	9.23e-01	7.74e-02	7.69e-08
 7.07143e+16	9.24e-01	7.59e-02	7.59e-08
 7.07281e+16	9.25e-01	7.45e-02	7.50e-08
 7.07412e+16	9.27e-01	7.32e-02	7.41e-08
 7.07534e+16	9.28e-01	7.21e-02	7.32e-08
 7.07650e+16	9.29e-01	7.09e-02	7.24e-08
 7.07759e+16	9.30e-01	6.99e-02	7.16e-08
 7.07862e+16	9.31e-01	6.89e-02	7.08e-08
 7.07961e+16	9.32e-01	6.80e-02	7.01e-08
 7.08055e+16	9.33e-01	6.71e-02	6.94e-08
 7.08144e+16	9.34e-01	6.63e-02	6.87e-08
 7.08231e+16	9.35e-01	6.55e-02	6.80e-08
 7.08314e+16	9.35e-01	6.47e-02	6.74e-08
 7.08394e+16	9.36e-01	6.40e-02	6.67e-08
 7.08472e+16	9.37e-01	6.33e-02	6.61e-08
 7.08548e+16	9.37e-01	6.26e-02	6.54e-08
 7.08622e+16	9.38e-01	6.19e-02	6.48e-08
 7.08696e+16	9.39e-01	6.12e-02	6.41e-08
 7.08768e+16	9.39e-01	6.06e-02	6.35e-08
 7.08840e+16	9.40e-01	5.99e-02	6.28e-08
 7.08915e+16	9.41e-01	5.92e-02	6.21e-08
 7.08991e+16	9.41e-01	5.85e-02	6.14e-08
 7.09070e+16	9.42e-01	5.78e-02	6.06e-08
 7.09156e+16	9.43e-01	5.70e-02	5.97e-08
 7.09250e+16	9.44e-01	5.62e-02	5.88e-08
 7.09342e+16	9.45e-01	5.53e-02	5.78e-08
 7.09425e+16	9.45e-01	5.45e-02	5.68e-08
 7.09504e+16	9.46e-01	5.39e-02	5.61e-08
 7.09578e+16	9.47e-01	5.32e-02	5.52e-08
 7.09645e+16	9.47e-01	5.25e-02	5.43e-08
 7.09707e+16	9.48e-01	5.20e-02	5.38e-08
 7.09763e+16	9.49e-01	5.15e-02	5.31e-08
 7.09814e+16	9.49e-01	5.10e-02	5.25e-08
 7.09860e+16	9.49e-01	5.05e-02	5.19e-08
 7.09902e+16	9.50e-01	5.01e-02	5.13e-08
 7.09948e+16	9.50e-01	4.97e-02	5.08e-08
 7.09998e+16	9.51e-01	4.92e-02	5.02e-08
 7.10043e+16	9.51e-01	4.88e-02	4.96e-08
 7.10085e+16	9.52e-01	4.84e-02	4.92e-08
 7.10130e+16	9.52e-01	4.79e-02	4.86e-08
 7.10179e+16	9.53e-01	4.75e-02	4.81e-08
 7.10223e+16	9.53e-01	4.71e-02	4.75e-08
 7.10264e+16	9.53e-01	4.67e-02	4.71e-08
 7.10308e+16	9.54e-01	4.62e-02	4.65e-08
 7.10356e+16	9.54e-01	4.58e-02	4.60e-08
 7.10399e+16	9.55e-01	4.54e-02	4.56e-08
 7.10447e+16	9.55e-01	4.50e-02	4.51e-08
 7.10509e+16	9.55e-01	4.45e-02	4.46e-08
 7.10576e+16	9.56e-01	4.40e-02	4.40e-08
 7.10637e+16	9.57e-01	4.35e-02	4.35e-08
 7.10692e+16	9.57e-01	4.31e-02	4.30e-08
 7.10753e+16	9.57e-01	4.26e-02	4.25e-08
 7.10818e+16	9.58e-01	4.21e-02	4.20e-08
 7.10878e+16	9.58e-01	4.16e-02	4.14e-08
 7.10932e+16	9.59e-01	4.12e-02	4.10e-08
 7.10992e+16	9.59e-01	4.07e-02	4.05e-08
 7.11056e+16	9.60e-01	4.02e-02	4.00e-08
 7.11115e+16	9.60e-01	3.98e-02	3.96e-08
 7.11168e+16	9.61e-01	3.94e-02	3.92e-08
