#depth	O	O+	O+2	O+3	O+4	O+5	O+6	O+7	O+8	O[1]	O[2]	O[3]
 2.06282e+12	9.68e-07	1.19e-03	2.33e-01	7.33e-01	3.34e-02	9.12e-07	0.00e+00	0.00e+00	0.00e+00	7.19e-07	1.60e-07	8.88e-08
 1.23769e+13	9.65e-07	1.19e-03	2.33e-01	7.33e-01	3.33e-02	9.11e-07	0.00e+00	0.00e+00	0.00e+00	7.17e-07	1.59e-07	8.85e-08
 5.36333e+13	9.68e-07	1.20e-03	2.34e-01	7.32e-01	3.31e-02	9.02e-07	0.00e+00	0.00e+00	0.00e+00	7.19e-07	1.60e-07	8.88e-08
 2.18659e+14	9.81e-07	1.22e-03	2.38e-01	7.28e-01	3.22e-02	8.68e-07	0.00e+00	0.00e+00	0.00e+00	7.29e-07	1.62e-07	9.01e-08
 5.22306e+14	9.64e-07	1.23e-03	2.45e-01	7.23e-01	3.08e-02	8.18e-07	0.00e+00	0.00e+00	0.00e+00	7.16e-07	1.59e-07	8.86e-08
 9.17047e+14	9.78e-07	1.28e-03	2.54e-01	7.16e-01	2.91e-02	7.54e-07	0.00e+00	0.00e+00	0.00e+00	7.27e-07	1.62e-07	9.00e-08
 1.43021e+15	1.02e-06	1.35e-03	2.67e-01	7.05e-01	2.69e-02	6.74e-07	0.00e+00	0.00e+00	0.00e+00	7.55e-07	1.68e-07	9.35e-08
 2.09732e+15	1.09e-06	1.46e-03	2.85e-01	6.89e-01	2.42e-02	5.80e-07	0.00e+00	0.00e+00	0.00e+00	8.09e-07	1.79e-07	1.00e-07
 2.96457e+15	1.21e-06	1.63e-03	3.12e-01	6.66e-01	2.09e-02	4.72e-07	0.00e+00	0.00e+00	0.00e+00	9.02e-07	1.99e-07	1.12e-07
 4.09199e+15	1.43e-06	1.90e-03	3.52e-01	6.29e-01	1.71e-02	3.54e-07	0.00e+00	0.00e+00	0.00e+00	1.06e-06	2.33e-07	1.31e-07
 5.28710e+15	1.69e-06	2.23e-03	3.99e-01	5.85e-01	1.35e-02	2.57e-07	0.00e+00	0.00e+00	0.00e+00	1.26e-06	2.74e-07	1.55e-07
 6.31215e+15	1.98e-06	2.59e-03	4.47e-01	5.39e-01	1.08e-02	1.89e-07	0.00e+00	0.00e+00	0.00e+00	1.48e-06	3.20e-07	1.82e-07
 7.19464e+15	2.31e-06	2.96e-03	4.95e-01	4.94e-01	8.64e-03	1.41e-07	0.00e+00	0.00e+00	0.00e+00	1.73e-06	3.73e-07	2.12e-07
 8.00333e+15	2.70e-06	3.37e-03	5.43e-01	4.46e-01	6.85e-03	0.00e+00	0.00e+00	0.00e+00	0.00e+00	2.02e-06	4.33e-07	2.47e-07
 8.77860e+15	3.15e-06	3.82e-03	5.94e-01	3.97e-01	5.32e-03	0.00e+00	0.00e+00	0.00e+00	0.00e+00	2.36e-06	5.05e-07	2.89e-07
 9.52938e+15	3.68e-06	4.31e-03	6.46e-01	3.46e-01	4.03e-03	0.00e+00	0.00e+00	0.00e+00	0.00e+00	2.75e-06	5.88e-07	3.37e-07
 1.02558e+16	4.28e-06	4.85e-03	6.98e-01	2.95e-01	2.96e-03	0.00e+00	0.00e+00	0.00e+00	0.00e+00	3.21e-06	6.83e-07	3.93e-07
 1.09663e+16	4.99e-06	5.42e-03	7.48e-01	2.44e-01	2.10e-03	0.00e+00	0.00e+00	0.00e+00	0.00e+00	3.73e-06	7.93e-07	4.57e-07
 1.16200e+16	5.69e-06	5.96e-03	7.93e-01	2.00e-01	1.47e-03	0.00e+00	0.00e+00	0.00e+00	0.00e+00	4.27e-06	9.04e-07	5.22e-07
 1.22174e+16	6.44e-06	6.48e-03	8.30e-01	1.62e-01	1.02e-03	0.00e+00	0.00e+00	0.00e+00	0.00e+00	4.83e-06	1.02e-06	5.90e-07
 1.28997e+16	7.41e-06	7.09e-03	8.69e-01	1.24e-01	6.43e-04	0.00e+00	0.00e+00	0.00e+00	0.00e+00	5.56e-06	1.17e-06	6.79e-07
 1.37867e+16	8.75e-06	7.85e-03	9.08e-01	8.38e-02	3.33e-04	0.00e+00	0.00e+00	0.00e+00	0.00e+00	6.56e-06	1.38e-06	8.01e-07
 1.47765e+16	1.03e-05	8.63e-03	9.39e-01	5.20e-02	1.50e-04	0.00e+00	0.00e+00	0.00e+00	0.00e+00	7.77e-06	1.63e-06	9.47e-07
 1.58998e+16	1.23e-05	9.44e-03	9.61e-01	2.93e-02	5.71e-05	0.00e+00	0.00e+00	0.00e+00	0.00e+00	9.24e-06	1.93e-06	1.13e-06
 1.73601e+16	1.50e-05	1.04e-02	9.76e-01	1.38e-02	1.60e-05	0.00e+00	0.00e+00	0.00e+00	0.00e+00	1.13e-05	2.36e-06	1.38e-06
 1.90948e+16	1.87e-05	1.15e-02	9.83e-01	5.84e-03	3.62e-06	0.00e+00	0.00e+00	0.00e+00	0.00e+00	1.41e-05	2.94e-06	1.71e-06
 2.10043e+16	2.36e-05	1.27e-02	9.85e-01	2.38e-03	7.49e-07	0.00e+00	0.00e+00	0.00e+00	0.00e+00	1.78e-05	3.71e-06	2.16e-06
 2.31047e+16	3.05e-05	1.43e-02	9.85e-01	9.45e-04	1.43e-07	0.00e+00	0.00e+00	0.00e+00	0.00e+00	2.30e-05	4.79e-06	2.79e-06
 2.54152e+16	4.06e-05	1.62e-02	9.83e-01	3.67e-04	0.00e+00	0.00e+00	0.00e+00	0.00e+00	0.00e+00	3.05e-05	6.39e-06	3.72e-06
 2.79567e+16	5.60e-05	1.87e-02	9.81e-01	1.42e-04	0.00e+00	0.00e+00	0.00e+00	0.00e+00	0.00e+00	4.20e-05	8.82e-06	5.12e-06
 2.98105e+16	7.14e-05	2.09e-02	9.79e-01	7.91e-05	0.00e+00	0.00e+00	0.00e+00	0.00e+00	0.00e+00	5.36e-05	1.13e-05	6.53e-06
 3.06255e+16	7.96e-05	2.20e-02	9.78e-01	6.25e-05	0.00e+00	0.00e+00	0.00e+00	0.00e+00	0.00e+00	5.97e-05	1.26e-05	7.29e-06
 3.12984e+16	8.74e-05	2.30e-02	9.77e-01	5.10e-05	0.00e+00	0.00e+00	0.00e+00	0.00e+00	0.00e+00	6.56e-05	1.38e-05	8.00e-06
 3.21731e+16	9.87e-05	2.44e-02	9.75e-01	3.99e-05	0.00e+00	0.00e+00	0.00e+00	0.00e+00	0.00e+00	7.40e-05	1.56e-05	9.03e-06
 3.33103e+16	1.16e-04	2.63e-02	9.74e-01	2.99e-05	0.00e+00	0.00e+00	0.00e+00	0.00e+00	0.00e+00	8.66e-05	1.83e-05	1.06e-05
 3.45279e+16	1.38e-04	2.86e-02	9.71e-01	2.29e-05	0.00e+00	0.00e+00	0.00e+00	0.00e+00	0.00e+00	1.03e-04	2.19e-05	1.26e-05
 3.55723e+16	1.60e-04	3.08e-02	9.69e-01	1.88e-05	0.00e+00	0.00e+00	0.00e+00	0.00e+00	0.00e+00	1.20e-04	2.55e-05	1.47e-05
 3.64905e+16	1.84e-04	3.30e-02	9.67e-01	1.60e-05	0.00e+00	0.00e+00	0.00e+00	0.00e+00	0.00e+00	1.38e-04	2.93e-05	1.68e-05
 3.75229e+16	2.15e-04	3.57e-02	9.64e-01	1.37e-05	0.00e+00	0.00e+00	0.00e+00	0.00e+00	0.00e+00	1.61e-04	3.44e-05	1.97e-05
 3.86478e+16	2.56e-04	3.89e-02	9.61e-01	1.17e-05	0.00e+00	0.00e+00	0.00e+00	0.00e+00	0.00e+00	1.91e-04	4.10e-05	2.34e-05
 3.96462e+16	3.01e-04	4.22e-02	9.57e-01	1.03e-05	0.00e+00	0.00e+00	0.00e+00	0.00e+00	0.00e+00	2.25e-04	4.82e-05	2.76e-05
 4.05310e+16	3.47e-04	4.55e-02	9.54e-01	9.37e-06	0.00e+00	0.00e+00	0.00e+00	0.00e+00	0.00e+00	2.59e-04	5.58e-05	3.18e-05
 4.15146e+16	4.09e-04	4.95e-02	9.50e-01	8.42e-06	0.00e+00	0.00e+00	0.00e+00	0.00e+00	0.00e+00	3.05e-04	6.58e-05	3.75e-05
 4.25856e+16	4.91e-04	5.44e-02	9.45e-01	7.59e-06	0.00e+00	0.00e+00	0.00e+00	0.00e+00	0.00e+00	3.67e-04	7.93e-05	4.50e-05
 4.35318e+16	5.80e-04	5.94e-02	9.40e-01	6.92e-06	0.00e+00	0.00e+00	0.00e+00	0.00e+00	0.00e+00	4.33e-04	9.39e-05	5.32e-05
 4.43703e+16	6.76e-04	6.44e-02	9.35e-01	6.38e-06	0.00e+00	0.00e+00	0.00e+00	0.00e+00	0.00e+00	5.04e-04	1.10e-04	6.20e-05
 4.53071e+16	8.02e-04	7.06e-02	9.29e-01	5.85e-06	0.00e+00	0.00e+00	0.00e+00	0.00e+00	0.00e+00	5.98e-04	1.30e-04	7.36e-05
 4.63307e+16	9.77e-04	7.84e-02	9.21e-01	5.28e-06	0.00e+00	0.00e+00	0.00e+00	0.00e+00	0.00e+00	7.28e-04	1.59e-04	8.97e-05
 4.72358e+16	1.17e-03	8.63e-02	9.12e-01	4.84e-06	0.00e+00	0.00e+00	0.00e+00	0.00e+00	0.00e+00	8.71e-04	1.91e-04	1.07e-04
 4.80332e+16	1.38e-03	9.43e-02	9.04e-01	4.44e-06	0.00e+00	0.00e+00	0.00e+00	0.00e+00	0.00e+00	1.03e-03	2.26e-04	1.27e-04
 4.89220e+16	1.66e-03	1.04e-01	8.94e-01	4.07e-06	0.00e+00	0.00e+00	0.00e+00	0.00e+00	0.00e+00	1.24e-03	2.72e-04	1.52e-04
 4.98999e+16	2.05e-03	1.17e-01	8.81e-01	3.65e-06	0.00e+00	0.00e+00	0.00e+00	0.00e+00	0.00e+00	1.53e-03	3.36e-04	1.88e-04
 5.07654e+16	2.51e-03	1.30e-01	8.67e-01	3.25e-06	0.00e+00	0.00e+00	0.00e+00	0.00e+00	0.00e+00	1.87e-03	4.10e-04	2.30e-04
 5.15027e+16	2.99e-03	1.43e-01	8.54e-01	2.96e-06	0.00e+00	0.00e+00	0.00e+00	0.00e+00	0.00e+00	2.23e-03	4.89e-04	2.73e-04
 5.23017e+16	3.61e-03	1.59e-01	8.37e-01	2.66e-06	0.00e+00	0.00e+00	0.00e+00	0.00e+00	0.00e+00	2.69e-03	5.91e-04	3.30e-04
 5.31836e+16	4.53e-03	1.80e-01	8.16e-01	2.31e-06	0.00e+00	0.00e+00	0.00e+00	0.00e+00	0.00e+00	3.37e-03	7.40e-04	4.13e-04
 5.39541e+16	5.57e-03	2.01e-01	7.94e-01	2.04e-06	0.00e+00	0.00e+00	0.00e+00	0.00e+00	0.00e+00	4.15e-03	9.09e-04	5.08e-04
 5.45908e+16	6.63e-03	2.20e-01	7.73e-01	1.82e-06	0.00e+00	0.00e+00	0.00e+00	0.00e+00	0.00e+00	4.94e-03	1.08e-03	6.04e-04
 5.52733e+16	8.04e-03	2.44e-01	7.48e-01	1.59e-06	0.00e+00	0.00e+00	0.00e+00	0.00e+00	0.00e+00	5.99e-03	1.31e-03	7.32e-04
 5.60212e+16	1.00e-02	2.73e-01	7.17e-01	1.35e-06	0.00e+00	0.00e+00	0.00e+00	0.00e+00	0.00e+00	7.47e-03	1.63e-03	9.11e-04
 5.66770e+16	1.23e-02	3.03e-01	6.85e-01	1.15e-06	0.00e+00	0.00e+00	0.00e+00	0.00e+00	0.00e+00	9.15e-03	2.00e-03	1.11e-03
 5.72326e+16	1.46e-02	3.31e-01	6.55e-01	9.86e-07	0.00e+00	0.00e+00	0.00e+00	0.00e+00	0.00e+00	1.09e-02	2.38e-03	1.33e-03
 5.78351e+16	1.78e-02	3.64e-01	6.19e-01	8.26e-07	0.00e+00	0.00e+00	0.00e+00	0.00e+00	0.00e+00	1.33e-02	2.89e-03	1.61e-03
 5.84915e+16	2.22e-02	4.04e-01	5.74e-01	6.61e-07	0.00e+00	0.00e+00	0.00e+00	0.00e+00	0.00e+00	1.66e-02	3.60e-03	2.01e-03
 5.90588e+16	2.72e-02	4.42e-01	5.30e-01	5.33e-07	0.00e+00	0.00e+00	0.00e+00	0.00e+00	0.00e+00	2.03e-02	4.40e-03	2.46e-03
 5.95356e+16	3.23e-02	4.77e-01	4.91e-01	4.36e-07	0.00e+00	0.00e+00	0.00e+00	0.00e+00	0.00e+00	2.42e-02	5.21e-03	2.92e-03
 6.00541e+16	3.91e-02	5.15e-01	4.46e-01	3.42e-07	0.00e+00	0.00e+00	0.00e+00	0.00e+00	0.00e+00	2.92e-02	6.29e-03	3.52e-03
 6.06273e+16	4.86e-02	5.59e-01	3.92e-01	2.51e-07	0.00e+00	0.00e+00	0.00e+00	0.00e+00	0.00e+00	3.64e-02	7.79e-03	4.38e-03
 6.11371e+16	5.94e-02	5.99e-01	3.42e-01	1.84e-07	0.00e+00	0.00e+00	0.00e+00	0.00e+00	0.00e+00	4.45e-02	9.49e-03	5.34e-03
 6.15281e+16	6.95e-02	6.28e-01	3.02e-01	1.40e-07	0.00e+00	0.00e+00	0.00e+00	0.00e+00	0.00e+00	5.22e-02	1.11e-02	6.24e-03
 6.18291e+16	7.86e-02	6.50e-01	2.72e-01	0.00e+00	0.00e+00	0.00e+00	0.00e+00	0.00e+00	0.00e+00	5.90e-02	1.25e-02	7.04e-03
 6.21502e+16	8.95e-02	6.71e-01	2.40e-01	0.00e+00	0.00e+00	0.00e+00	0.00e+00	0.00e+00	0.00e+00	6.73e-02	1.41e-02	8.01e-03
 6.25059e+16	1.04e-01	6.91e-01	2.05e-01	0.00e+00	0.00e+00	0.00e+00	0.00e+00	0.00e+00	0.00e+00	7.81e-02	1.63e-02	9.26e-03
 6.28203e+16	1.18e-01	7.06e-01	1.76e-01	0.00e+00	0.00e+00	0.00e+00	0.00e+00	0.00e+00	0.00e+00	8.90e-02	1.85e-02	1.05e-02
 6.30849e+16	1.32e-01	7.15e-01	1.53e-01	0.00e+00	0.00e+00	0.00e+00	0.00e+00	0.00e+00	0.00e+00	9.96e-02	2.05e-02	1.17e-02
 6.33320e+16	1.46e-01	7.21e-01	1.33e-01	0.00e+00	0.00e+00	0.00e+00	0.00e+00	0.00e+00	0.00e+00	1.11e-01	2.26e-02	1.30e-02
 6.36143e+16	1.64e-01	7.24e-01	1.11e-01	0.00e+00	0.00e+00	0.00e+00	0.00e+00	0.00e+00	0.00e+00	1.24e-01	2.52e-02	1.45e-02
 6.39121e+16	1.86e-01	7.23e-01	9.04e-02	0.00e+00	0.00e+00	0.00e+00	0.00e+00	0.00e+00	0.00e+00	1.42e-01	2.84e-02	1.64e-02
 6.41563e+16	2.07e-01	7.18e-01	7.50e-02	0.00e+00	0.00e+00	0.00e+00	0.00e+00	0.00e+00	0.00e+00	1.58e-01	3.12e-02	1.82e-02
 6.43562e+16	2.25e-01	7.11e-01	6.39e-02	0.00e+00	0.00e+00	0.00e+00	0.00e+00	0.00e+00	0.00e+00	1.71e-01	3.36e-02	1.96e-02
 6.45722e+16	2.46e-01	7.01e-01	5.30e-02	0.00e+00	0.00e+00	0.00e+00	0.00e+00	0.00e+00	0.00e+00	1.88e-01	3.65e-02	2.14e-02
 6.48111e+16	2.72e-01	6.85e-01	4.24e-02	0.00e+00	0.00e+00	0.00e+00	0.00e+00	0.00e+00	0.00e+00	2.09e-01	3.98e-02	2.36e-02
 6.50248e+16	2.98e-01	6.68e-01	3.42e-02	0.00e+00	0.00e+00	0.00e+00	0.00e+00	0.00e+00	0.00e+00	2.29e-01	4.30e-02	2.56e-02
 6.52097e+16	3.21e-01	6.51e-01	2.82e-02	0.00e+00	0.00e+00	0.00e+00	0.00e+00	0.00e+00	0.00e+00	2.47e-01	4.58e-02	2.74e-02
 6.54123e+16	3.48e-01	6.30e-01	2.25e-02	0.00e+00	0.00e+00	0.00e+00	0.00e+00	0.00e+00	0.00e+00	2.69e-01	4.89e-02	2.95e-02
 6.56340e+16	3.81e-01	6.02e-01	1.72e-02	0.00e+00	0.00e+00	0.00e+00	0.00e+00	0.00e+00	0.00e+00	2.96e-01	5.24e-02	3.20e-02
 6.58290e+16	4.12e-01	5.75e-01	1.34e-02	0.00e+00	0.00e+00	0.00e+00	0.00e+00	0.00e+00	0.00e+00	3.22e-01	5.56e-02	3.42e-02
 6.59956e+16	4.38e-01	5.52e-01	1.07e-02	0.00e+00	0.00e+00	0.00e+00	0.00e+00	0.00e+00	0.00e+00	3.43e-01	5.80e-02	3.61e-02
 6.61550e+16	4.64e-01	5.28e-01	8.59e-03	0.00e+00	0.00e+00	0.00e+00	0.00e+00	0.00e+00	0.00e+00	3.66e-01	6.03e-02	3.78e-02
 6.63192e+16	4.92e-01	5.01e-01	6.75e-03	0.00e+00	0.00e+00	0.00e+00	0.00e+00	0.00e+00	0.00e+00	3.90e-01	6.26e-02	3.97e-02
 6.64807e+16	5.21e-01	4.74e-01	5.27e-03	0.00e+00	0.00e+00	0.00e+00	0.00e+00	0.00e+00	0.00e+00	4.15e-01	6.47e-02	4.14e-02
 6.66243e+16	5.47e-01	4.49e-01	4.19e-03	0.00e+00	0.00e+00	0.00e+00	0.00e+00	0.00e+00	0.00e+00	4.38e-01	6.64e-02	4.30e-02
 6.67506e+16	5.69e-01	4.28e-01	3.41e-03	0.00e+00	0.00e+00	0.00e+00	0.00e+00	0.00e+00	0.00e+00	4.57e-01	6.76e-02	4.41e-02
 6.68672e+16	5.90e-01	4.07e-01	2.80e-03	0.00e+00	0.00e+00	0.00e+00	0.00e+00	0.00e+00	0.00e+00	4.76e-01	6.87e-02	4.52e-02
 6.69572e+16	6.06e-01	3.92e-01	2.40e-03	0.00e+00	0.00e+00	0.00e+00	0.00e+00	0.00e+00	0.00e+00	4.91e-01	6.93e-02	4.59e-02
 6.70188e+16	6.16e-01	3.82e-01	2.17e-03	0.00e+00	0.00e+00	0.00e+00	0.00e+00	0.00e+00	0.00e+00	5.00e-01	6.96e-02	4.63e-02
 6.70809e+16	6.26e-01	3.72e-01	1.94e-03	0.00e+00	0.00e+00	0.00e+00	0.00e+00	0.00e+00	0.00e+00	5.09e-01	6.99e-02	4.68e-02
 6.71558e+16	6.40e-01	3.59e-01	1.69e-03	0.00e+00	0.00e+00	0.00e+00	0.00e+00	0.00e+00	0.00e+00	5.22e-01	7.02e-02	4.73e-02
 6.72326e+16	6.53e-01	3.46e-01	1.47e-03	0.00e+00	0.00e+00	0.00e+00	0.00e+00	0.00e+00	0.00e+00	5.35e-01	7.04e-02	4.78e-02
 6.73016e+16	6.65e-01	3.34e-01	1.29e-03	0.00e+00	0.00e+00	0.00e+00	0.00e+00	0.00e+00	0.00e+00	5.46e-01	7.06e-02	4.81e-02
 6.73652e+16	6.76e-01	3.23e-01	1.14e-03	0.00e+00	0.00e+00	0.00e+00	0.00e+00	0.00e+00	0.00e+00	5.56e-01	7.06e-02	4.85e-02
 6.74301e+16	6.87e-01	3.12e-01	1.01e-03	0.00e+00	0.00e+00	0.00e+00	0.00e+00	0.00e+00	0.00e+00	5.67e-01	7.06e-02	4.87e-02
 6.74982e+16	6.99e-01	3.01e-01	8.80e-04	0.00e+00	0.00e+00	0.00e+00	0.00e+00	0.00e+00	0.00e+00	5.79e-01	7.06e-02	4.90e-02
 6.75644e+16	7.10e-01	2.89e-01	7.71e-04	0.00e+00	0.00e+00	0.00e+00	0.00e+00	0.00e+00	0.00e+00	5.90e-01	7.05e-02	4.92e-02
 6.76274e+16	7.20e-01	2.79e-01	6.79e-04	0.00e+00	0.00e+00	0.00e+00	0.00e+00	0.00e+00	0.00e+00	6.00e-01	7.03e-02	4.94e-02
 6.76904e+16	7.30e-01	2.69e-01	5.96e-04	0.00e+00	0.00e+00	0.00e+00	0.00e+00	0.00e+00	0.00e+00	6.11e-01	7.01e-02	4.95e-02
 6.77540e+16	7.40e-01	2.59e-01	5.22e-04	0.00e+00	0.00e+00	0.00e+00	0.00e+00	0.00e+00	0.00e+00	6.21e-01	6.98e-02	4.96e-02
 6.78174e+16	7.51e-01	2.49e-01	4.56e-04	0.00e+00	0.00e+00	0.00e+00	0.00e+00	0.00e+00	0.00e+00	6.32e-01	6.95e-02	4.97e-02
 6.78792e+16	7.60e-01	2.39e-01	3.99e-04	0.00e+00	0.00e+00	0.00e+00	0.00e+00	0.00e+00	0.00e+00	6.41e-01	6.91e-02	4.97e-02
 6.79398e+16	7.69e-01	2.30e-01	3.50e-04	0.00e+00	0.00e+00	0.00e+00	0.00e+00	0.00e+00	0.00e+00	6.51e-01	6.87e-02	4.96e-02
 6.80008e+16	7.78e-01	2.21e-01	3.06e-04	0.00e+00	0.00e+00	0.00e+00	0.00e+00	0.00e+00	0.00e+00	6.60e-01	6.83e-02	4.96e-02
 6.80623e+16	7.87e-01	2.12e-01	2.67e-04	0.00e+00	0.00e+00	0.00e+00	0.00e+00	0.00e+00	0.00e+00	6.70e-01	6.78e-02	4.95e-02
 6.81232e+16	7.96e-01	2.03e-01	2.32e-04	0.00e+00	0.00e+00	0.00e+00	0.00e+00	0.00e+00	0.00e+00	6.80e-01	6.72e-02	4.93e-02
 6.81821e+16	8.04e-01	1.95e-01	2.03e-04	0.00e+00	0.00e+00	0.00e+00	0.00e+00	0.00e+00	0.00e+00	6.88e-01	6.67e-02	4.92e-02
 6.82405e+16	8.12e-01	1.87e-01	1.77e-04	0.00e+00	0.00e+00	0.00e+00	0.00e+00	0.00e+00	0.00e+00	6.97e-01	6.61e-02	4.90e-02
 6.82995e+16	8.20e-01	1.80e-01	1.55e-04	0.00e+00	0.00e+00	0.00e+00	0.00e+00	0.00e+00	0.00e+00	7.06e-01	6.55e-02	4.88e-02
 6.83584e+16	8.28e-01	1.72e-01	1.34e-04	0.00e+00	0.00e+00	0.00e+00	0.00e+00	0.00e+00	0.00e+00	7.15e-01	6.48e-02	4.85e-02
 6.84162e+16	8.35e-01	1.65e-01	1.17e-04	0.00e+00	0.00e+00	0.00e+00	0.00e+00	0.00e+00	0.00e+00	7.22e-01	6.42e-02	4.83e-02
 6.84734e+16	8.42e-01	1.58e-01	1.02e-04	0.00e+00	0.00e+00	0.00e+00	0.00e+00	0.00e+00	0.00e+00	7.30e-01	6.35e-02	4.80e-02
 6.85310e+16	8.49e-01	1.51e-01	8.86e-05	0.00e+00	0.00e+00	0.00e+00	0.00e+00	0.00e+00	0.00e+00	7.38e-01	6.28e-02	4.77e-02
 6.85876e+16	8.55e-01	1.44e-01	7.71e-05	0.00e+00	0.00e+00	0.00e+00	0.00e+00	0.00e+00	0.00e+00	7.46e-01	6.21e-02	4.73e-02
 6.86432e+16	8.62e-01	1.38e-01	6.72e-05	0.00e+00	0.00e+00	0.00e+00	0.00e+00	0.00e+00	0.00e+00	7.53e-01	6.15e-02	4.70e-02
 6.86987e+16	8.68e-01	1.32e-01	5.84e-05	0.00e+00	0.00e+00	0.00e+00	0.00e+00	0.00e+00	0.00e+00	7.60e-01	6.07e-02	4.66e-02
 6.87537e+16	8.73e-01	1.27e-01	5.08e-05	0.00e+00	0.00e+00	0.00e+00	0.00e+00	0.00e+00	0.00e+00	7.67e-01	6.01e-02	4.63e-02
 6.88072e+16	8.79e-01	1.21e-01	4.43e-05	0.00e+00	0.00e+00	0.00e+00	0.00e+00	0.00e+00	0.00e+00	7.74e-01	5.93e-02	4.59e-02
 6.88599e+16	8.84e-01	1.16e-01	3.88e-05	0.00e+00	0.00e+00	0.00e+00	0.00e+00	0.00e+00	0.00e+00	7.80e-01	5.87e-02	4.55e-02
 6.89121e+16	8.89e-01	1.11e-01	3.38e-05	0.00e+00	0.00e+00	0.00e+00	0.00e+00	0.00e+00	0.00e+00	7.86e-01	5.80e-02	4.52e-02
 6.89636e+16	8.94e-01	1.06e-01	2.96e-05	0.00e+00	0.00e+00	0.00e+00	0.00e+00	0.00e+00	0.00e+00	7.92e-01	5.73e-02	4.48e-02
 6.90147e+16	8.98e-01	1.02e-01	2.59e-05	0.00e+00	0.00e+00	0.00e+00	0.00e+00	0.00e+00	0.00e+00	7.97e-01	5.67e-02	4.44e-02
 6.90653e+16	9.03e-01	9.74e-02	2.26e-05	0.00e+00	0.00e+00	0.00e+00	0.00e+00	0.00e+00	0.00e+00	8.03e-01	5.60e-02	4.40e-02
 6.91147e+16	9.07e-01	9.33e-02	1.98e-05	0.00e+00	0.00e+00	0.00e+00	0.00e+00	0.00e+00	0.00e+00	8.08e-01	5.54e-02	4.36e-02
 6.91631e+16	9.11e-01	8.94e-02	1.74e-05	0.00e+00	0.00e+00	0.00e+00	0.00e+00	0.00e+00	0.00e+00	8.13e-01	5.48e-02	4.33e-02
 6.92112e+16	9.14e-01	8.57e-02	1.53e-05	0.00e+00	0.00e+00	0.00e+00	0.00e+00	0.00e+00	0.00e+00	8.17e-01	5.42e-02	4.29e-02
 6.92590e+16	9.18e-01	8.21e-02	1.35e-05	0.00e+00	0.00e+00	0.00e+00	0.00e+00	0.00e+00	0.00e+00	8.22e-01	5.36e-02	4.25e-02
 6.93061e+16	9.21e-01	7.87e-02	1.18e-05	0.00e+00	0.00e+00	0.00e+00	0.00e+00	0.00e+00	0.00e+00	8.26e-01	5.30e-02	4.21e-02
 6.93524e+16	9.25e-01	7.54e-02	1.04e-05	0.00e+00	0.00e+00	0.00e+00	0.00e+00	0.00e+00	0.00e+00	8.30e-01	5.24e-02	4.18e-02
 6.93980e+16	9.28e-01	7.23e-02	9.21e-06	0.00e+00	0.00e+00	0.00e+00	0.00e+00	0.00e+00	0.00e+00	8.34e-01	5.19e-02	4.14e-02
 6.94429e+16	9.31e-01	6.94e-02	8.13e-06	0.00e+00	0.00e+00	0.00e+00	0.00e+00	0.00e+00	0.00e+00	8.38e-01	5.14e-02	4.11e-02
 6.94876e+16	9.33e-01	6.65e-02	7.18e-06	0.00e+00	0.00e+00	0.00e+00	0.00e+00	0.00e+00	0.00e+00	8.42e-01	5.08e-02	4.07e-02
 6.95322e+16	9.36e-01	6.38e-02	6.34e-06	0.00e+00	0.00e+00	0.00e+00	0.00e+00	0.00e+00	0.00e+00	8.46e-01	5.03e-02	4.04e-02
 6.95761e+16	9.39e-01	6.12e-02	5.61e-06	0.00e+00	0.00e+00	0.00e+00	0.00e+00	0.00e+00	0.00e+00	8.49e-01	4.98e-02	4.01e-02
 6.96192e+16	9.41e-01	5.87e-02	4.97e-06	0.00e+00	0.00e+00	0.00e+00	0.00e+00	0.00e+00	0.00e+00	8.52e-01	4.94e-02	3.97e-02
 6.96621e+16	9.44e-01	5.64e-02	4.41e-06	0.00e+00	0.00e+00	0.00e+00	0.00e+00	0.00e+00	0.00e+00	8.55e-01	4.89e-02	3.94e-02
 6.97047e+16	9.46e-01	5.41e-02	3.91e-06	0.00e+00	0.00e+00	0.00e+00	0.00e+00	0.00e+00	0.00e+00	8.58e-01	4.84e-02	3.91e-02
 6.97467e+16	9.48e-01	5.19e-02	3.47e-06	0.00e+00	0.00e+00	0.00e+00	0.00e+00	0.00e+00	0.00e+00	8.61e-01	4.80e-02	3.88e-02
 6.97877e+16	9.50e-01	4.98e-02	3.09e-06	0.00e+00	0.00e+00	0.00e+00	0.00e+00	0.00e+00	0.00e+00	8.64e-01	4.76e-02	3.84e-02
 6.98288e+16	9.52e-01	4.79e-02	2.75e-06	0.00e+00	0.00e+00	0.00e+00	0.00e+00	0.00e+00	0.00e+00	8.67e-01	4.71e-02	3.81e-02
 6.98703e+16	9.54e-01	4.59e-02	2.44e-06	0.00e+00	0.00e+00	0.00e+00	0.00e+00	0.00e+00	0.00e+00	8.70e-01	4.67e-02	3.78e-02
 6.99111e+16	9.56e-01	4.41e-02	2.17e-06	0.00e+00	0.00e+00	0.00e+00	0.00e+00	0.00e+00	0.00e+00	8.72e-01	4.63e-02	3.74e-02
 6.99511e+16	9.58e-01	4.24e-02	1.94e-06	0.00e+00	0.00e+00	0.00e+00	0.00e+00	0.00e+00	0.00e+00	8.75e-01	4.59e-02	3.71e-02
 6.99905e+16	9.59e-01	4.07e-02	1.73e-06	0.00e+00	0.00e+00	0.00e+00	0.00e+00	0.00e+00	0.00e+00	8.77e-01	4.55e-02	3.68e-02
 7.00296e+16	9.61e-01	3.90e-02	1.55e-06	0.00e+00	0.00e+00	0.00e+00	0.00e+00	0.00e+00	0.00e+00	8.79e-01	4.52e-02	3.65e-02
 7.00690e+16	9.63e-01	3.75e-02	1.38e-06	0.00e+00	0.00e+00	0.00e+00	0.00e+00	0.00e+00	0.00e+00	8.81e-01	4.48e-02	3.62e-02
 7.01087e+16	9.64e-01	3.60e-02	1.23e-06	0.00e+00	0.00e+00	0.00e+00	0.00e+00	0.00e+00	0.00e+00	8.84e-01	4.45e-02	3.59e-02
 7.01470e+16	9.65e-01	3.45e-02	1.10e-06	0.00e+00	0.00e+00	0.00e+00	0.00e+00	0.00e+00	0.00e+00	8.86e-01	4.41e-02	3.57e-02
 7.01842e+16	9.67e-01	3.32e-02	9.91e-07	0.00e+00	0.00e+00	0.00e+00	0.00e+00	0.00e+00	0.00e+00	8.88e-01	4.38e-02	3.54e-02
 7.02220e+16	9.68e-01	3.19e-02	8.89e-07	0.00e+00	0.00e+00	0.00e+00	0.00e+00	0.00e+00	0.00e+00	8.90e-01	4.35e-02	3.51e-02
 7.02603e+16	9.69e-01	3.06e-02	7.95e-07	0.00e+00	0.00e+00	0.00e+00	0.00e+00	0.00e+00	0.00e+00	8.91e-01	4.32e-02	3.48e-02
 7.02978e+16	9.71e-01	2.93e-02	7.13e-07	0.00e+00	0.00e+00	0.00e+00	0.00e+00	0.00e+00	0.00e+00	8.93e-01	4.28e-02	3.46e-02
 7.03338e+16	9.72e-01	2.82e-02	6.43e-07	0.00e+00	0.00e+00	0.00e+00	0.00e+00	0.00e+00	0.00e+00	8.95e-01	4.26e-02	3.43e-02
 7.03696e+16	9.73e-01	2.71e-02	5.80e-07	0.00e+00	0.00e+00	0.00e+00	0.00e+00	0.00e+00	0.00e+00	8.97e-01	4.23e-02	3.41e-02
 7.04059e+16	9.74e-01	2.60e-02	5.22e-07	0.00e+00	0.00e+00	0.00e+00	0.00e+00	0.00e+00	0.00e+00	8.98e-01	4.20e-02	3.39e-02
 7.04419e+16	9.75e-01	2.49e-02	4.70e-07	0.00e+00	0.00e+00	0.00e+00	0.00e+00	0.00e+00	0.00e+00	9.00e-01	4.17e-02	3.36e-02
 7.04765e+16	9.76e-01	2.39e-02	4.26e-07	0.00e+00	0.00e+00	0.00e+00	0.00e+00	0.00e+00	0.00e+00	9.01e-01	4.14e-02	3.34e-02
 7.05083e+16	9.77e-01	2.31e-02	3.89e-07	0.00e+00	0.00e+00	0.00e+00	0.00e+00	0.00e+00	0.00e+00	9.03e-01	4.12e-02	3.32e-02
 7.05371e+16	9.78e-01	2.23e-02	3.58e-07	0.00e+00	0.00e+00	0.00e+00	0.00e+00	0.00e+00	0.00e+00	9.04e-01	4.10e-02	3.30e-02
 7.05632e+16	9.78e-01	2.17e-02	3.33e-07	0.00e+00	0.00e+00	0.00e+00	0.00e+00	0.00e+00	0.00e+00	9.05e-01	4.08e-02	3.28e-02
 7.05873e+16	9.79e-01	2.11e-02	3.12e-07	0.00e+00	0.00e+00	0.00e+00	0.00e+00	0.00e+00	0.00e+00	9.06e-01	4.06e-02	3.27e-02
 7.06096e+16	9.79e-01	2.05e-02	2.93e-07	0.00e+00	0.00e+00	0.00e+00	0.00e+00	0.00e+00	0.00e+00	9.06e-01	4.05e-02	3.25e-02
 7.06306e+16	9.80e-01	2.00e-02	2.77e-07	0.00e+00	0.00e+00	0.00e+00	0.00e+00	0.00e+00	0.00e+00	9.07e-01	4.03e-02	3.24e-02
 7.06499e+16	9.80e-01	1.96e-02	2.62e-07	0.00e+00	0.00e+00	0.00e+00	0.00e+00	0.00e+00	0.00e+00	9.08e-01	4.02e-02	3.23e-02
 7.06677e+16	9.81e-01	1.91e-02	2.49e-07	0.00e+00	0.00e+00	0.00e+00	0.00e+00	0.00e+00	0.00e+00	9.09e-01	4.01e-02	3.22e-02
 7.06843e+16	9.81e-01	1.88e-02	2.38e-07	0.00e+00	0.00e+00	0.00e+00	0.00e+00	0.00e+00	0.00e+00	9.09e-01	3.99e-02	3.20e-02
 7.06998e+16	9.82e-01	1.84e-02	2.28e-07	0.00e+00	0.00e+00	0.00e+00	0.00e+00	0.00e+00	0.00e+00	9.10e-01	3.98e-02	3.19e-02
 7.07143e+16	9.82e-01	1.80e-02	2.19e-07	0.00e+00	0.00e+00	0.00e+00	0.00e+00	0.00e+00	0.00e+00	9.10e-01	3.97e-02	3.18e-02
 7.07281e+16	9.82e-01	1.77e-02	2.11e-07	0.00e+00	0.00e+00	0.00e+00	0.00e+00	0.00e+00	0.00e+00	9.11e-01	3.96e-02	3.17e-02
 7.07412e+16	9.83e-01	1.74e-02	2.03e-07	0.00e+00	0.00e+00	0.00e+00	0.00e+00	0.00e+00	0.00e+00	9.12e-01	3.95e-02	3.16e-02
 7.07534e+16	9.83e-01	1.71e-02	1.96e-07	0.00e+00	0.00e+00	0.00e+00	0.00e+00	0.00e+00	0.00e+00	9.12e-01	3.93e-02	3.15e-02
 7.07650e+16	9.83e-01	1.68e-02	1.90e-07	0.00e+00	0.00e+00	0.00e+00	0.00e+00	0.00e+00	0.00e+00	9.12e-01	3.92e-02	3.14e-02
 7.07759e+16	9.83e-01	1.66e-02	1.84e-07	0.00e+00	0.00e+00	0.00e+00	0.00e+00	0.00e+00	0.00e+00	9.13e-01	3.91e-02	3.13e-02
 7.07862e+16	9.84e-01	1.63e-02	1.79e-07	0.00e+00	0.00e+00	0.00e+00	0.00e+00	0.00e+00	0.00e+00	9.13e-01	3.91e-02	3.13e-02
 7.07961e+16	9.84e-01	1.61e-02	1.74e-07	0.00e+00	0.00e+00	0.00e+00	0.00e+00	0.00e+00	0.00e+00	9.14e-01	3.90e-02	3.12e-02
 7.08055e+16	9.84e-01	1.58e-02	1.70e-07	0.00e+00	0.00e+00	0.00e+00	0.00e+00	0.00e+00	0.00e+00	9.14e-01	3.89e-02	3.11e-02
 7.08144e+16	9.84e-01	1.56e-02	1.65e-07	0.00e+00	0.00e+00	0.00e+00	0.00e+00	0.00e+00	0.00e+00	9.15e-01	3.88e-02	3.10e-02
 7.08231e+16	9.85e-01	1.54e-02	1.61e-07	0.00e+00	0.00e+00	0.00e+00	0.00e+00	0.00e+00	0.00e+00	9.15e-01	3.87e-02	3.09e-02
 7.08314e+16	9.85e-01	1.52e-02	1.57e-07	0.00e+00	0.00e+00	0.00e+00	0.00e+00	0.00e+00	0.00e+00	9.15e-01	3.86e-02	3.09e-02
 7.08394e+16	9.85e-01	1.50e-02	1.54e-07	0.00e+00	0.00e+00	0.00e+00	0.00e+00	0.00e+00	0.00e+00	9.16e-01	3.85e-02	3.08e-02
 7.08472e+16	9.85e-01	1.48e-02	1.50e-07	0.00e+00	0.00e+00	0.00e+00	0.00e+00	0.00e+00	0.00e+00	9.16e-01	3.84e-02	3.07e-02
 7.08548e+16	9.85e-01	1.46e-02	1.47e-07	0.00e+00	0.00e+00	0.00e+00	0.00e+00	0.00e+00	0.00e+00	9.16e-01	3.83e-02	3.06e-02
 7.08622e+16	9.86e-01	1.44e-02	1.44e-07	0.00e+00	0.00e+00	0.00e+00	0.00e+00	0.00e+00	0.00e+00	9.17e-01	3.83e-02	3.05e-02
 7.08696e+16	9.86e-01	1.42e-02	1.41e-07	0.00e+00	0.00e+00	0.00e+00	0.00e+00	0.00e+00	0.00e+00	9.17e-01	3.82e-02	3.04e-02
 7.08768e+16	9.86e-01	1.40e-02	1.38e-07	0.00e+00	0.00e+00	0.00e+00	0.00e+00	0.00e+00	0.00e+00	9.18e-01	3.81e-02	3.04e-02
 7.08840e+16	9.86e-01	1.38e-02	1.35e-07	0.00e+00	0.00e+00	0.00e+00	0.00e+00	0.00e+00	0.00e+00	9.18e-01	3.80e-02	3.03e-02
 7.08915e+16	9.86e-01	1.35e-02	1.32e-07	0.00e+00	0.00e+00	0.00e+00	0.00e+00	0.00e+00	0.00e+00	9.18e-01	3.79e-02	3.02e-02
 7.08991e+16	9.87e-01	1.33e-02	1.29e-07	0.00e+00	0.00e+00	0.00e+00	0.00e+00	0.00e+00	0.00e+00	9.19e-01	3.78e-02	3.01e-02
 7.09070e+16	9.87e-01	1.31e-02	1.25e-07	0.00e+00	0.00e+00	0.00e+00	0.00e+00	0.00e+00	0.00e+00	9.19e-01	3.77e-02	3.00e-02
 7.09156e+16	9.87e-01	1.28e-02	1.22e-07	0.00e+00	0.00e+00	0.00e+00	0.00e+00	0.00e+00	0.00e+00	9.20e-01	3.75e-02	2.98e-02
 7.09250e+16	9.87e-01	1.25e-02	1.18e-07	0.00e+00	0.00e+00	0.00e+00	0.00e+00	0.00e+00	0.00e+00	9.20e-01	3.74e-02	2.97e-02
 7.09342e+16	9.88e-01	1.22e-02	1.14e-07	0.00e+00	0.00e+00	0.00e+00	0.00e+00	0.00e+00	0.00e+00	9.21e-01	3.72e-02	2.95e-02
 7.09425e+16	9.88e-01	1.19e-02	1.11e-07	0.00e+00	0.00e+00	0.00e+00	0.00e+00	0.00e+00	0.00e+00	9.22e-01	3.71e-02	2.94e-02
 7.09504e+16	9.88e-01	1.17e-02	1.08e-07	0.00e+00	0.00e+00	0.00e+00	0.00e+00	0.00e+00	0.00e+00	9.22e-01	3.69e-02	2.93e-02
 7.09578e+16	9.89e-01	1.14e-02	1.05e-07	0.00e+00	0.00e+00	0.00e+00	0.00e+00	0.00e+00	0.00e+00	9.23e-01	3.68e-02	2.91e-02
 7.09645e+16	9.89e-01	1.12e-02	1.03e-07	0.00e+00	0.00e+00	0.00e+00	0.00e+00	0.00e+00	0.00e+00	9.23e-01	3.66e-02	2.90e-02
 7.09707e+16	9.89e-01	1.10e-02	1.01e-07	0.00e+00	0.00e+00	0.00e+00	0.00e+00	0.00e+00	0.00e+00	9.24e-01	3.65e-02	2.89e-02
 7.09763e+16	9.89e-01	1.08e-02	9.85e-08	0.00e+00	0.00e+00	0.00e+00	0.00e+00	0.00e+00	0.00e+00	9.24e-01	3.64e-02	2.88e-02
 7.09814e+16	9.89e-01	1.07e-02	9.66e-08	0.00e+00	0.00e+00	0.00e+00	0.00e+00	0.00e+00	0.00e+00	9.24e-01	3.63e-02	2.87e-02
 7.09860e+16	9.89e-01	1.05e-02	9.48e-08	0.00e+00	0.00e+00	0.00e+00	0.00e+00	0.00e+00	0.00e+00	9.25e-01	3.62e-02	2.86e-02
 7.09902e+16	9.90e-01	1.04e-02	9.33e-08	0.00e+00	0.00e+00	0.00e+00	0.00e+00	0.00e+00	0.00e+00	9.25e-01	3.61e-02	2.85e-02
 7.09948e+16	9.90e-01	1.02e-02	9.16e-08	0.00e+00	0.00e+00	0.00e+00	0.00e+00	0.00e+00	0.00e+00	9.25e-01	3.60e-02	2.84e-02
 7.09998e+16	9.90e-01	1.01e-02	8.98e-08	0.00e+00	0.00e+00	0.00e+00	0.00e+00	0.00e+00	0.00e+00	9.26e-01	3.58e-02	2.83e-02
 7.10043e+16	9.90e-01	9.94e-03	8.81e-08	0.00e+00	0.00e+00	0.00e+00	0.00e+00	0.00e+00	0.00e+00	9.26e-01	3.57e-02	2.82e-02
 7.10085e+16	9.90e-01	9.82e-03	8.67e-08	0.00e+00	0.00e+00	0.00e+00	0.00e+00	0.00e+00	0.00e+00	9.26e-01	3.56e-02	2.81e-02
 7.10130e+16	9.90e-01	9.68e-03	8.50e-08	0.00e+00	0.00e+00	0.00e+00	0.00e+00	0.00e+00	0.00e+00	9.27e-01	3.55e-02	2.80e-02
 7.10179e+16	9.90e-01	9.54e-03	8.33e-08	0.00e+00	0.00e+00	0.00e+00	0.00e+00	0.00e+00	0.00e+00	9.27e-01	3.54e-02	2.79e-02
 7.10223e+16	9.91e-01	9.40e-03	8.17e-08	0.00e+00	0.00e+00	0.00e+00	0.00e+00	0.00e+00	0.00e+00	9.28e-01	3.52e-02	2.78e-02
 7.10264e+16	9.91e-01	9.29e-03	8.03e-08	0.00e+00	0.00e+00	0.00e+00	0.00e+00	0.00e+00	0.00e+00	9.28e-01	3.51e-02	2.77e-02
 7.10308e+16	9.91e-01	9.15e-03	7.87e-08	0.00e+00	0.00e+00	0.00e+00	0.00e+00	0.00e+00	0.00e+00	9.28e-01	3.50e-02	2.76e-02
 7.10356e+16	9.91e-01	9.02e-03	7.71e-08	0.00e+00	0.00e+00	0.00e+00	0.00e+00	0.00e+00	0.00e+00	9.29e-01	3.49e-02	2.75e-02
 7.10399e+16	9.91e-01	8.92e-03	7.57e-08	0.00e+00	0.00e+00	0.00e+00	0.00e+00	0.00e+00	0.00e+00	9.29e-01	3.48e-02	2.74e-02
 7.10447e+16	9.91e-01	8.81e-03	7.42e-08	0.00e+00	0.00e+00	0.00e+00	0.00e+00	0.00e+00	0.00e+00	9.29e-01	3.47e-02	2.73e-02
 7.10509e+16	9.91e-01	8.67e-03	7.23e-08	0.00e+00	0.00e+00	0.00e+00	0.00e+00	0.00e+00	0.00e+00	9.30e-01	3.46e-02	2.72e-02
 7.10576e+16	9.91e-01	8.51e-03	7.02e-08	0.00e+00	0.00e+00	0.00e+00	0.00e+00	0.00e+00	0.00e+00	9.30e-01	3.45e-02	2.71e-02
 7.10637e+16	9.92e-01	8.38e-03	6.84e-08	0.00e+00	0.00e+00	0.00e+00	0.00e+00	0.00e+00	0.00e+00	9.30e-01	3.43e-02	2.70e-02
 7.10692e+16	9.92e-01	8.25e-03	6.68e-08	0.00e+00	0.00e+00	0.00e+00	0.00e+00	0.00e+00	0.00e+00	9.31e-01	3.42e-02	2.69e-02
 7.10753e+16	9.92e-01	8.12e-03	6.50e-08	0.00e+00	0.00e+00	0.00e+00	0.00e+00	0.00e+00	0.00e+00	9.31e-01	3.41e-02	2.68e-02
 7.10818e+16	9.92e-01	7.98e-03	6.32e-08	0.00e+00	0.00e+00	0.00e+00	0.00e+00	0.00e+00	0.00e+00	9.31e-01	3.40e-02	2.67e-02
 7.10878e+16	9.92e-01	7.85e-03	6.15e-08	0.00e+00	0.00e+00	0.00e+00	0.00e+00	0.00e+00	0.00e+00	9.32e-01	3.38e-02	2.65e-02
 7.10932e+16	9.92e-01	7.74e-03	6.00e-08	0.00e+00	0.00e+00	0.00e+00	0.00e+00	0.00e+00	0.00e+00	9.32e-01	3.37e-02	2.64e-02
 7.10992e+16	9.92e-01	7.61e-03	5.84e-08	0.00e+00	0.00e+00	0.00e+00	0.00e+00	0.00e+00	0.00e+00	9.32e-01	3.36e-02	2.63e-02
 7.11056e+16	9.93e-01	7.47e-03	5.66e-08	0.00e+00	0.00e+00	0.00e+00	0.00e+00	0.00e+00	0.00e+00	9.33e-01	3.35e-02	2.62e-02
 7.11115e+16	9.93e-01	7.35e-03	5.51e-08	0.00e+00	0.00e+00	0.00e+00	0.00e+00	0.00e+00	0.00e+00	9.33e-01	3.33e-02	2.61e-02
 7.11168e+16	9.93e-01	7.22e-03	5.35e-08	0.00e+00	0.00e+00	0.00e+00	0.00e+00	0.00e+00	0.00e+00	9.34e-01	3.32e-02	2.60e-02
