#depth	He	He+	He+2
 7.19986e+11	5.04e-04	7.83e-01	2.17e-01
 4.31992e+12	5.04e-04	7.83e-01	2.17e-01
 1.87196e+13	5.05e-04	7.84e-01	2.16e-01
 7.63185e+13	5.09e-04	7.89e-01	2.11e-01
 1.82300e+14	5.12e-04	7.91e-01	2.09e-01
 3.20077e+14	5.20e-04	7.99e-01	2.01e-01
 4.99186e+14	5.32e-04	8.13e-01	1.86e-01
 7.32029e+14	5.50e-04	8.35e-01	1.65e-01
 1.03472e+15	5.74e-04	8.64e-01	1.35e-01
 1.42823e+15	6.03e-04	8.98e-01	1.01e-01
 1.93978e+15	6.35e-04	9.34e-01	6.54e-02
 2.60480e+15	6.67e-04	9.64e-01	3.54e-02
 3.46933e+15	6.97e-04	9.84e-01	1.54e-02
 4.59322e+15	7.26e-04	9.94e-01	5.33e-03
 6.05427e+15	7.58e-04	9.98e-01	1.45e-03
 7.95363e+15	7.99e-04	9.99e-01	3.18e-04
 1.04228e+16	8.54e-04	9.99e-01	5.74e-05
 1.34250e+16	9.24e-04	9.99e-01	9.66e-06
 1.66383e+16	1.01e-03	9.99e-01	1.92e-06
 1.98515e+16	1.09e-03	9.99e-01	4.89e-07
 2.25310e+16	1.17e-03	9.99e-01	1.83e-07
 2.47841e+16	1.25e-03	9.99e-01	8.64e-08
 2.72625e+16	1.35e-03	9.99e-01	4.03e-08
 2.99887e+16	1.47e-03	9.99e-01	1.86e-08
 3.29876e+16	1.62e-03	9.98e-01	8.53e-09
 3.51215e+16	1.74e-03	9.98e-01	5.30e-09
 3.59625e+16	1.80e-03	9.98e-01	4.44e-09
 3.66016e+16	1.84e-03	9.98e-01	3.82e-09
 3.74324e+16	1.90e-03	9.98e-01	3.15e-09
 3.85125e+16	1.99e-03	9.98e-01	2.48e-09
 3.96741e+16	2.09e-03	9.98e-01	1.95e-09
 4.06727e+16	2.18e-03	9.98e-01	1.60e-09
 4.15344e+16	2.27e-03	9.98e-01	1.35e-09
 4.24874e+16	2.37e-03	9.98e-01	1.12e-09
 4.35072e+16	2.50e-03	9.98e-01	9.28e-10
 4.43818e+16	2.62e-03	9.97e-01	7.97e-10
 4.51413e+16	2.73e-03	9.97e-01	6.99e-10
 4.59835e+16	2.87e-03	9.97e-01	6.05e-10
 4.68925e+16	3.03e-03	9.97e-01	5.23e-10
 4.76767e+16	3.19e-03	9.97e-01	4.64e-10
 4.83559e+16	3.34e-03	9.97e-01	4.19e-10
 4.91108e+16	3.53e-03	9.96e-01	3.74e-10
 4.99202e+16	3.76e-03	9.96e-01	3.35e-10
 5.06212e+16	3.98e-03	9.96e-01	3.06e-10
 5.12386e+16	4.20e-03	9.96e-01	2.83e-10
 5.19266e+16	4.47e-03	9.96e-01	2.59e-10
 5.26591e+16	4.80e-03	9.95e-01	2.38e-10
 5.32764e+16	5.12e-03	9.95e-01	2.22e-10
 5.38000e+16	5.43e-03	9.95e-01	2.11e-10
 5.43746e+16	5.82e-03	9.94e-01	1.98e-10
 5.49896e+16	6.29e-03	9.94e-01	1.87e-10
 5.55102e+16	6.75e-03	9.93e-01	1.79e-10
 5.59494e+16	7.20e-03	9.93e-01	1.74e-10
 5.64299e+16	7.77e-03	9.92e-01	1.68e-10
 5.69460e+16	8.47e-03	9.92e-01	1.62e-10
 5.73849e+16	9.17e-03	9.91e-01	1.58e-10
 5.77554e+16	9.85e-03	9.90e-01	1.56e-10
 5.81606e+16	1.07e-02	9.89e-01	1.54e-10
 5.85987e+16	1.18e-02	9.88e-01	1.52e-10
 5.89759e+16	1.30e-02	9.87e-01	1.53e-10
 5.92970e+16	1.41e-02	9.86e-01	1.55e-10
 5.96486e+16	1.56e-02	9.84e-01	1.57e-10
 6.00312e+16	1.76e-02	9.82e-01	1.64e-10
 6.03665e+16	1.97e-02	9.80e-01	1.71e-10
 6.06188e+16	2.16e-02	9.78e-01	1.78e-10
 6.08043e+16	2.32e-02	9.77e-01	1.86e-10
 6.09990e+16	2.52e-02	9.75e-01	1.94e-10
 6.12163e+16	2.77e-02	9.72e-01	2.05e-10
 6.14123e+16	3.02e-02	9.70e-01	2.22e-10
 6.15804e+16	3.28e-02	9.67e-01	2.35e-10
 6.17374e+16	3.56e-02	9.64e-01	2.51e-10
 6.19152e+16	3.91e-02	9.61e-01	2.79e-10
 6.21012e+16	4.35e-02	9.57e-01	3.07e-10
 6.22515e+16	4.74e-02	9.53e-01	3.41e-10
 6.23770e+16	5.15e-02	9.49e-01	3.66e-10
 6.25168e+16	5.64e-02	9.44e-01	4.08e-10
 6.26692e+16	6.24e-02	9.38e-01	4.65e-10
 6.28040e+16	6.87e-02	9.31e-01	5.16e-10
 6.29201e+16	7.46e-02	9.25e-01	5.78e-10
 6.30461e+16	8.23e-02	9.18e-01	6.51e-10
 6.31834e+16	9.15e-02	9.09e-01	7.50e-10
 6.33049e+16	1.01e-01	8.99e-01	8.44e-10
 6.34116e+16	1.10e-01	8.90e-01	9.55e-10
 6.35149e+16	1.21e-01	8.79e-01	1.07e-09
 6.36227e+16	1.32e-01	8.68e-01	1.21e-09
 6.37256e+16	1.45e-01	8.55e-01	1.37e-09
 6.38143e+16	1.56e-01	8.44e-01	1.52e-09
 6.38946e+16	1.68e-01	8.32e-01	1.66e-09
 6.39730e+16	1.81e-01	8.19e-01	1.83e-09
 6.40368e+16	1.91e-01	8.09e-01	1.97e-09
 6.40793e+16	1.98e-01	8.02e-01	2.06e-09
 6.41190e+16	2.06e-01	7.94e-01	2.15e-09
 6.41661e+16	2.16e-01	7.84e-01	2.26e-09
 6.42162e+16	2.26e-01	7.74e-01	2.41e-09
 6.42630e+16	2.36e-01	7.64e-01	2.54e-09
 6.43060e+16	2.45e-01	7.55e-01	2.67e-09
 6.43486e+16	2.55e-01	7.45e-01	2.80e-09
 6.43928e+16	2.66e-01	7.34e-01	2.95e-09
 6.44374e+16	2.77e-01	7.23e-01	3.11e-09
 6.44808e+16	2.88e-01	7.12e-01	3.26e-09
 6.45224e+16	2.99e-01	7.01e-01	3.42e-09
 6.45640e+16	3.11e-01	6.89e-01	3.57e-09
 6.46062e+16	3.23e-01	6.77e-01	3.75e-09
 6.46480e+16	3.35e-01	6.65e-01	3.91e-09
 6.46891e+16	3.47e-01	6.53e-01	4.10e-09
 6.47298e+16	3.60e-01	6.40e-01	4.27e-09
 6.47709e+16	3.74e-01	6.26e-01	4.45e-09
 6.48110e+16	3.87e-01	6.13e-01	4.64e-09
 6.48505e+16	4.00e-01	6.00e-01	4.83e-09
 6.48904e+16	4.14e-01	5.86e-01	5.01e-09
 6.49302e+16	4.28e-01	5.72e-01	5.22e-09
 6.49694e+16	4.42e-01	5.58e-01	5.41e-09
 6.50085e+16	4.57e-01	5.43e-01	5.60e-09
 6.50469e+16	4.71e-01	5.29e-01	5.79e-09
 6.50850e+16	4.85e-01	5.15e-01	5.99e-09
 6.51234e+16	5.00e-01	5.00e-01	6.18e-09
 6.51616e+16	5.15e-01	4.85e-01	6.37e-09
 6.51990e+16	5.29e-01	4.71e-01	6.56e-09
 6.52354e+16	5.43e-01	4.57e-01	6.75e-09
 6.52714e+16	5.58e-01	4.42e-01	6.93e-09
 6.53070e+16	5.72e-01	4.28e-01	7.09e-09
 6.53426e+16	5.86e-01	4.14e-01	7.27e-09
 6.53775e+16	5.99e-01	4.01e-01	7.44e-09
 6.54113e+16	6.13e-01	3.87e-01	7.60e-09
 6.54445e+16	6.26e-01	3.74e-01	7.73e-09
 6.54779e+16	6.39e-01	3.61e-01	7.88e-09
 6.55111e+16	6.52e-01	3.48e-01	8.03e-09
 6.55435e+16	6.64e-01	3.36e-01	8.17e-09
 6.55751e+16	6.76e-01	3.24e-01	8.28e-09
 6.56063e+16	6.88e-01	3.12e-01	8.39e-09
 6.56378e+16	7.00e-01	3.00e-01	8.51e-09
 6.56690e+16	7.11e-01	2.89e-01	8.62e-09
 6.56991e+16	7.22e-01	2.78e-01	8.72e-09
 6.57288e+16	7.32e-01	2.68e-01	8.79e-09
 6.57589e+16	7.43e-01	2.57e-01	8.87e-09
 6.57890e+16	7.53e-01	2.47e-01	8.96e-09
 6.58183e+16	7.63e-01	2.37e-01	9.04e-09
 6.58468e+16	7.72e-01	2.28e-01	9.10e-09
 6.58752e+16	7.81e-01	2.19e-01	9.15e-09
 6.59038e+16	7.90e-01	2.10e-01	9.21e-09
 6.59323e+16	7.98e-01	2.02e-01	9.27e-09
 6.59599e+16	8.06e-01	1.94e-01	9.31e-09
 6.59870e+16	8.14e-01	1.86e-01	9.32e-09
 6.60144e+16	8.22e-01	1.78e-01	9.34e-09
 6.60421e+16	8.29e-01	1.71e-01	9.40e-09
 6.60688e+16	8.36e-01	1.64e-01	9.42e-09
 6.60947e+16	8.43e-01	1.57e-01	9.42e-09
 6.61207e+16	8.49e-01	1.51e-01	9.39e-09
 6.61477e+16	8.56e-01	1.44e-01	9.40e-09
 6.61746e+16	8.62e-01	1.38e-01	9.41e-09
 6.62001e+16	8.68e-01	1.32e-01	9.40e-09
 6.62250e+16	8.73e-01	1.27e-01	9.42e-09
 6.62496e+16	8.78e-01	1.22e-01	9.42e-09
 6.62737e+16	8.83e-01	1.17e-01	9.37e-09
 6.62985e+16	8.88e-01	1.12e-01	9.33e-09
 6.63242e+16	8.93e-01	1.07e-01	9.31e-09
 6.63488e+16	8.97e-01	1.03e-01	9.29e-09
 6.63718e+16	9.01e-01	9.87e-02	9.25e-09
 6.63948e+16	9.05e-01	9.47e-02	9.20e-09
 6.64184e+16	9.09e-01	9.08e-02	9.15e-09
 6.64415e+16	9.13e-01	8.72e-02	9.13e-09
 6.64632e+16	9.16e-01	8.38e-02	9.07e-09
 6.64830e+16	9.19e-01	8.08e-02	8.99e-09
 6.65006e+16	9.22e-01	7.82e-02	8.93e-09
 6.65168e+16	9.24e-01	7.59e-02	8.86e-09
 6.65320e+16	9.26e-01	7.37e-02	8.80e-09
 6.65467e+16	9.28e-01	7.17e-02	8.73e-09
 6.65605e+16	9.30e-01	6.98e-02	8.67e-09
 6.65732e+16	9.32e-01	6.81e-02	8.60e-09
 6.65849e+16	9.33e-01	6.66e-02	8.54e-09
 6.65962e+16	9.35e-01	6.51e-02	8.47e-09
 6.66072e+16	9.36e-01	6.37e-02	8.41e-09
 6.66175e+16	9.38e-01	6.24e-02	8.35e-09
 6.66273e+16	9.39e-01	6.12e-02	8.29e-09
 6.66367e+16	9.40e-01	6.01e-02	8.23e-09
 6.66458e+16	9.41e-01	5.90e-02	8.17e-09
 6.66544e+16	9.42e-01	5.80e-02	8.11e-09
 6.66629e+16	9.43e-01	5.70e-02	8.05e-09
 6.66712e+16	9.44e-01	5.60e-02	7.98e-09
 6.66794e+16	9.45e-01	5.51e-02	7.92e-09
 6.66876e+16	9.46e-01	5.41e-02	7.86e-09
 6.66958e+16	9.47e-01	5.32e-02	7.79e-09
 6.67042e+16	9.48e-01	5.22e-02	7.71e-09
 6.67129e+16	9.49e-01	5.13e-02	7.63e-09
 6.67219e+16	9.50e-01	5.03e-02	7.55e-09
 6.67307e+16	9.51e-01	4.93e-02	7.46e-09
 6.67387e+16	9.52e-01	4.85e-02	7.38e-09
 6.67459e+16	9.52e-01	4.77e-02	7.30e-09
 6.67528e+16	9.53e-01	4.69e-02	7.21e-09
 6.67595e+16	9.54e-01	4.62e-02	7.14e-09
 6.67659e+16	9.54e-01	4.55e-02	7.05e-09
 6.67719e+16	9.55e-01	4.49e-02	6.97e-09
 6.67774e+16	9.56e-01	4.43e-02	6.90e-09
 6.67825e+16	9.56e-01	4.37e-02	6.82e-09
 6.67870e+16	9.57e-01	4.32e-02	6.75e-09
 6.67912e+16	9.57e-01	4.27e-02	6.69e-09
 6.67949e+16	9.58e-01	4.23e-02	6.64e-09
 6.67991e+16	9.58e-01	4.18e-02	6.56e-09
 6.68035e+16	9.59e-01	4.14e-02	6.51e-09
 6.68076e+16	9.59e-01	4.09e-02	6.43e-09
 6.68113e+16	9.59e-01	4.05e-02	6.39e-09
 6.68154e+16	9.60e-01	4.01e-02	6.32e-09
 6.68197e+16	9.60e-01	3.96e-02	6.26e-09
 6.68237e+16	9.61e-01	3.92e-02	6.20e-09
 6.68273e+16	9.61e-01	3.88e-02	6.15e-09
 6.68313e+16	9.62e-01	3.83e-02	6.07e-09
 6.68356e+16	9.62e-01	3.79e-02	6.02e-09
 6.68395e+16	9.62e-01	3.75e-02	5.98e-09
 6.68438e+16	9.63e-01	3.71e-02	5.91e-09
 6.68484e+16	9.63e-01	3.67e-02	5.87e-09
