#depth	O	O+	O+2	O+3	O+4	O+5	O+6	O+7	O+8	O[1]	O[2]	O[3]
 7.19986e+11	3.18e-06	6.47e-03	8.91e-01	1.03e-01	1.89e-05	0.00e+00	0.00e+00	0.00e+00	0.00e+00	2.25e-06	6.15e-07	3.08e-07
 4.31992e+12	3.18e-06	6.47e-03	8.91e-01	1.03e-01	1.88e-05	0.00e+00	0.00e+00	0.00e+00	0.00e+00	2.26e-06	6.15e-07	3.09e-07
 1.87196e+13	3.18e-06	6.48e-03	8.92e-01	1.01e-01	1.84e-05	0.00e+00	0.00e+00	0.00e+00	0.00e+00	2.26e-06	6.16e-07	3.09e-07
 7.63185e+13	3.21e-06	6.52e-03	8.97e-01	9.65e-02	1.70e-05	0.00e+00	0.00e+00	0.00e+00	0.00e+00	2.27e-06	6.21e-07	3.11e-07
 1.82300e+14	3.23e-06	6.58e-03	9.04e-01	8.98e-02	1.52e-05	0.00e+00	0.00e+00	0.00e+00	0.00e+00	2.29e-06	6.25e-07	3.13e-07
 3.20077e+14	3.26e-06	6.66e-03	9.12e-01	8.15e-02	1.30e-05	0.00e+00	0.00e+00	0.00e+00	0.00e+00	2.31e-06	6.30e-07	3.16e-07
 4.99186e+14	3.29e-06	6.75e-03	9.22e-01	7.14e-02	1.06e-05	0.00e+00	0.00e+00	0.00e+00	0.00e+00	2.34e-06	6.38e-07	3.20e-07
 7.32029e+14	3.36e-06	6.87e-03	9.33e-01	5.96e-02	8.00e-06	0.00e+00	0.00e+00	0.00e+00	0.00e+00	2.38e-06	6.49e-07	3.26e-07
 1.03472e+15	3.43e-06	7.02e-03	9.46e-01	4.65e-02	5.48e-06	0.00e+00	0.00e+00	0.00e+00	0.00e+00	2.44e-06	6.63e-07	3.33e-07
 1.42823e+15	3.54e-06	7.19e-03	9.60e-01	3.31e-02	3.27e-06	0.00e+00	0.00e+00	0.00e+00	0.00e+00	2.51e-06	6.83e-07	3.44e-07
 1.93978e+15	3.66e-06	7.38e-03	9.72e-01	2.08e-02	1.63e-06	0.00e+00	0.00e+00	0.00e+00	0.00e+00	2.60e-06	7.06e-07	3.56e-07
 2.60480e+15	3.83e-06	7.61e-03	9.81e-01	1.11e-02	6.40e-07	0.00e+00	0.00e+00	0.00e+00	0.00e+00	2.72e-06	7.37e-07	3.72e-07
 3.46933e+15	4.05e-06	7.86e-03	9.87e-01	4.93e-03	1.89e-07	0.00e+00	0.00e+00	0.00e+00	0.00e+00	2.88e-06	7.79e-07	3.94e-07
 4.59322e+15	4.36e-06	8.16e-03	9.90e-01	1.80e-03	0.00e+00	0.00e+00	0.00e+00	0.00e+00	0.00e+00	3.10e-06	8.36e-07	4.23e-07
 6.05427e+15	4.79e-06	8.54e-03	9.91e-01	5.53e-04	0.00e+00	0.00e+00	0.00e+00	0.00e+00	0.00e+00	3.41e-06	9.19e-07	4.65e-07
 7.95363e+15	5.46e-06	9.05e-03	9.91e-01	1.64e-04	0.00e+00	0.00e+00	0.00e+00	0.00e+00	0.00e+00	3.88e-06	1.05e-06	5.30e-07
 1.04228e+16	6.51e-06	9.77e-03	9.90e-01	6.45e-05	0.00e+00	0.00e+00	0.00e+00	0.00e+00	0.00e+00	4.63e-06	1.25e-06	6.32e-07
 1.34250e+16	8.11e-06	1.07e-02	9.89e-01	4.03e-05	0.00e+00	0.00e+00	0.00e+00	0.00e+00	0.00e+00	5.77e-06	1.55e-06	7.88e-07
 1.66383e+16	1.04e-05	1.19e-02	9.88e-01	3.23e-05	0.00e+00	0.00e+00	0.00e+00	0.00e+00	0.00e+00	7.38e-06	1.99e-06	1.01e-06
 1.98515e+16	1.35e-05	1.32e-02	9.87e-01	2.76e-05	0.00e+00	0.00e+00	0.00e+00	0.00e+00	0.00e+00	9.62e-06	2.59e-06	1.32e-06
 2.25310e+16	1.70e-05	1.45e-02	9.85e-01	2.47e-05	0.00e+00	0.00e+00	0.00e+00	0.00e+00	0.00e+00	1.21e-05	3.26e-06	1.65e-06
 2.47841e+16	2.11e-05	1.58e-02	9.84e-01	2.26e-05	0.00e+00	0.00e+00	0.00e+00	0.00e+00	0.00e+00	1.50e-05	4.06e-06	2.06e-06
 2.72625e+16	2.72e-05	1.75e-02	9.82e-01	2.04e-05	0.00e+00	0.00e+00	0.00e+00	0.00e+00	0.00e+00	1.93e-05	5.23e-06	2.64e-06
 2.99887e+16	3.65e-05	1.97e-02	9.80e-01	1.83e-05	0.00e+00	0.00e+00	0.00e+00	0.00e+00	0.00e+00	2.59e-05	7.05e-06	3.55e-06
 3.29876e+16	5.19e-05	2.29e-02	9.77e-01	1.61e-05	0.00e+00	0.00e+00	0.00e+00	0.00e+00	0.00e+00	3.68e-05	1.01e-05	5.05e-06
 3.51225e+16	6.84e-05	2.57e-02	9.74e-01	1.47e-05	0.00e+00	0.00e+00	0.00e+00	0.00e+00	0.00e+00	4.85e-05	1.33e-05	6.65e-06
 3.59654e+16	7.67e-05	2.70e-02	9.73e-01	1.40e-05	0.00e+00	0.00e+00	0.00e+00	0.00e+00	0.00e+00	5.43e-05	1.49e-05	7.47e-06
 3.66067e+16	8.40e-05	2.81e-02	9.72e-01	1.36e-05	0.00e+00	0.00e+00	0.00e+00	0.00e+00	0.00e+00	5.95e-05	1.63e-05	8.17e-06
 3.74404e+16	9.48e-05	2.96e-02	9.70e-01	1.30e-05	0.00e+00	0.00e+00	0.00e+00	0.00e+00	0.00e+00	6.71e-05	1.84e-05	9.22e-06
 3.85242e+16	1.11e-04	3.18e-02	9.68e-01	1.23e-05	0.00e+00	0.00e+00	0.00e+00	0.00e+00	0.00e+00	7.88e-05	2.17e-05	1.08e-05
 3.96893e+16	1.33e-04	3.45e-02	9.65e-01	1.15e-05	0.00e+00	0.00e+00	0.00e+00	0.00e+00	0.00e+00	9.44e-05	2.59e-05	1.29e-05
 4.06897e+16	1.57e-04	3.72e-02	9.63e-01	1.08e-05	0.00e+00	0.00e+00	0.00e+00	0.00e+00	0.00e+00	1.11e-04	3.05e-05	1.52e-05
 4.15523e+16	1.81e-04	3.98e-02	9.60e-01	1.02e-05	0.00e+00	0.00e+00	0.00e+00	0.00e+00	0.00e+00	1.28e-04	3.52e-05	1.76e-05
 4.25057e+16	2.14e-04	4.30e-02	9.57e-01	9.57e-06	0.00e+00	0.00e+00	0.00e+00	0.00e+00	0.00e+00	1.52e-04	4.16e-05	2.07e-05
 4.35270e+16	2.58e-04	4.70e-02	9.53e-01	8.88e-06	0.00e+00	0.00e+00	0.00e+00	0.00e+00	0.00e+00	1.82e-04	5.01e-05	2.50e-05
 4.44033e+16	3.04e-04	5.09e-02	9.49e-01	8.28e-06	0.00e+00	0.00e+00	0.00e+00	0.00e+00	0.00e+00	2.15e-04	5.92e-05	2.94e-05
 4.51636e+16	3.54e-04	5.48e-02	9.45e-01	7.78e-06	0.00e+00	0.00e+00	0.00e+00	0.00e+00	0.00e+00	2.51e-04	6.89e-05	3.43e-05
 4.60066e+16	4.21e-04	5.97e-02	9.40e-01	7.20e-06	0.00e+00	0.00e+00	0.00e+00	0.00e+00	0.00e+00	2.98e-04	8.19e-05	4.07e-05
 4.69150e+16	5.11e-04	6.56e-02	9.34e-01	6.62e-06	0.00e+00	0.00e+00	0.00e+00	0.00e+00	0.00e+00	3.62e-04	9.94e-05	4.94e-05
 4.77010e+16	6.10e-04	7.17e-02	9.28e-01	6.10e-06	0.00e+00	0.00e+00	0.00e+00	0.00e+00	0.00e+00	4.32e-04	1.19e-04	5.89e-05
 4.83818e+16	7.15e-04	7.76e-02	9.22e-01	5.67e-06	0.00e+00	0.00e+00	0.00e+00	0.00e+00	0.00e+00	5.06e-04	1.39e-04	6.90e-05
 4.91334e+16	8.58e-04	8.52e-02	9.14e-01	5.19e-06	0.00e+00	0.00e+00	0.00e+00	0.00e+00	0.00e+00	6.08e-04	1.67e-04	8.28e-05
 4.99481e+16	1.05e-03	9.46e-02	9.04e-01	4.67e-06	0.00e+00	0.00e+00	0.00e+00	0.00e+00	0.00e+00	7.47e-04	2.05e-04	1.02e-04
 5.06582e+16	1.27e-03	1.04e-01	8.95e-01	4.24e-06	0.00e+00	0.00e+00	0.00e+00	0.00e+00	0.00e+00	9.04e-04	2.48e-04	1.23e-04
 5.12754e+16	1.51e-03	1.14e-01	8.85e-01	3.87e-06	0.00e+00	0.00e+00	0.00e+00	0.00e+00	0.00e+00	1.07e-03	2.94e-04	1.46e-04
 5.19585e+16	1.85e-03	1.26e-01	8.72e-01	3.46e-06	0.00e+00	0.00e+00	0.00e+00	0.00e+00	0.00e+00	1.31e-03	3.59e-04	1.78e-04
 5.26900e+16	2.30e-03	1.41e-01	8.57e-01	3.05e-06	0.00e+00	0.00e+00	0.00e+00	0.00e+00	0.00e+00	1.63e-03	4.47e-04	2.22e-04
 5.33145e+16	2.81e-03	1.56e-01	8.41e-01	2.71e-06	0.00e+00	0.00e+00	0.00e+00	0.00e+00	0.00e+00	2.00e-03	5.46e-04	2.70e-04
 5.38462e+16	3.36e-03	1.71e-01	8.25e-01	2.43e-06	0.00e+00	0.00e+00	0.00e+00	0.00e+00	0.00e+00	2.39e-03	6.52e-04	3.23e-04
 5.44273e+16	4.13e-03	1.90e-01	8.06e-01	2.12e-06	0.00e+00	0.00e+00	0.00e+00	0.00e+00	0.00e+00	2.93e-03	7.99e-04	3.96e-04
 5.50458e+16	5.18e-03	2.13e-01	7.81e-01	1.83e-06	0.00e+00	0.00e+00	0.00e+00	0.00e+00	0.00e+00	3.67e-03	1.00e-03	4.97e-04
 5.55640e+16	6.31e-03	2.36e-01	7.58e-01	1.59e-06	0.00e+00	0.00e+00	0.00e+00	0.00e+00	0.00e+00	4.48e-03	1.22e-03	6.05e-04
 5.59995e+16	7.51e-03	2.57e-01	7.35e-01	1.39e-06	0.00e+00	0.00e+00	0.00e+00	0.00e+00	0.00e+00	5.34e-03	1.45e-03	7.20e-04
 5.64766e+16	9.17e-03	2.84e-01	7.07e-01	1.19e-06	0.00e+00	0.00e+00	0.00e+00	0.00e+00	0.00e+00	6.51e-03	1.77e-03	8.78e-04
 5.69908e+16	1.15e-02	3.16e-01	6.72e-01	9.89e-07	0.00e+00	0.00e+00	0.00e+00	0.00e+00	0.00e+00	8.15e-03	2.21e-03	1.10e-03
 5.74309e+16	1.40e-02	3.48e-01	6.38e-01	8.27e-07	0.00e+00	0.00e+00	0.00e+00	0.00e+00	0.00e+00	9.95e-03	2.70e-03	1.34e-03
 5.78034e+16	1.67e-02	3.77e-01	6.06e-01	7.00e-07	0.00e+00	0.00e+00	0.00e+00	0.00e+00	0.00e+00	1.19e-02	3.21e-03	1.59e-03
 5.82104e+16	2.03e-02	4.13e-01	5.67e-01	5.71e-07	0.00e+00	0.00e+00	0.00e+00	0.00e+00	0.00e+00	1.45e-02	3.91e-03	1.94e-03
 5.86492e+16	2.54e-02	4.54e-01	5.21e-01	4.48e-07	0.00e+00	0.00e+00	0.00e+00	0.00e+00	0.00e+00	1.81e-02	4.87e-03	2.42e-03
 5.90266e+16	3.09e-02	4.92e-01	4.77e-01	3.52e-07	0.00e+00	0.00e+00	0.00e+00	0.00e+00	0.00e+00	2.20e-02	5.91e-03	2.95e-03
 5.93505e+16	3.68e-02	5.27e-01	4.36e-01	2.80e-07	0.00e+00	0.00e+00	0.00e+00	0.00e+00	0.00e+00	2.63e-02	7.04e-03	3.51e-03
 5.97081e+16	4.50e-02	5.67e-01	3.88e-01	2.12e-07	0.00e+00	0.00e+00	0.00e+00	0.00e+00	0.00e+00	3.21e-02	8.57e-03	4.29e-03
 6.00926e+16	5.60e-02	6.09e-01	3.35e-01	1.50e-07	0.00e+00	0.00e+00	0.00e+00	0.00e+00	0.00e+00	4.00e-02	1.06e-02	5.33e-03
 6.04237e+16	6.83e-02	6.44e-01	2.88e-01	0.00e+00	0.00e+00	0.00e+00	0.00e+00	0.00e+00	0.00e+00	4.88e-02	1.29e-02	6.49e-03
 6.06709e+16	7.89e-02	6.68e-01	2.53e-01	0.00e+00	0.00e+00	0.00e+00	0.00e+00	0.00e+00	0.00e+00	5.65e-02	1.49e-02	7.50e-03
 6.08558e+16	8.83e-02	6.85e-01	2.27e-01	0.00e+00	0.00e+00	0.00e+00	0.00e+00	0.00e+00	0.00e+00	6.33e-02	1.66e-02	8.38e-03
 6.10547e+16	9.99e-02	7.01e-01	2.00e-01	0.00e+00	0.00e+00	0.00e+00	0.00e+00	0.00e+00	0.00e+00	7.16e-02	1.87e-02	9.47e-03
 6.12739e+16	1.15e-01	7.15e-01	1.71e-01	0.00e+00	0.00e+00	0.00e+00	0.00e+00	0.00e+00	0.00e+00	8.23e-02	2.14e-02	1.08e-02
 6.14677e+16	1.29e-01	7.24e-01	1.47e-01	0.00e+00	0.00e+00	0.00e+00	0.00e+00	0.00e+00	0.00e+00	9.28e-02	2.40e-02	1.22e-02
 6.16335e+16	1.43e-01	7.30e-01	1.27e-01	0.00e+00	0.00e+00	0.00e+00	0.00e+00	0.00e+00	0.00e+00	1.03e-01	2.65e-02	1.35e-02
 6.17896e+16	1.58e-01	7.32e-01	1.10e-01	0.00e+00	0.00e+00	0.00e+00	0.00e+00	0.00e+00	0.00e+00	1.14e-01	2.91e-02	1.49e-02
 6.19677e+16	1.77e-01	7.31e-01	9.17e-02	0.00e+00	0.00e+00	0.00e+00	0.00e+00	0.00e+00	0.00e+00	1.28e-01	3.24e-02	1.67e-02
 6.21538e+16	2.00e-01	7.26e-01	7.46e-02	0.00e+00	0.00e+00	0.00e+00	0.00e+00	0.00e+00	0.00e+00	1.45e-01	3.62e-02	1.87e-02
 6.23034e+16	2.19e-01	7.18e-01	6.25e-02	0.00e+00	0.00e+00	0.00e+00	0.00e+00	0.00e+00	0.00e+00	1.59e-01	3.95e-02	2.05e-02
 6.24284e+16	2.38e-01	7.09e-01	5.32e-02	0.00e+00	0.00e+00	0.00e+00	0.00e+00	0.00e+00	0.00e+00	1.73e-01	4.25e-02	2.22e-02
 6.25678e+16	2.60e-01	6.96e-01	4.40e-02	0.00e+00	0.00e+00	0.00e+00	0.00e+00	0.00e+00	0.00e+00	1.90e-01	4.60e-02	2.42e-02
 6.27218e+16	2.87e-01	6.78e-01	3.52e-02	0.00e+00	0.00e+00	0.00e+00	0.00e+00	0.00e+00	0.00e+00	2.10e-01	5.02e-02	2.65e-02
 6.28578e+16	3.13e-01	6.59e-01	2.84e-02	0.00e+00	0.00e+00	0.00e+00	0.00e+00	0.00e+00	0.00e+00	2.30e-01	5.41e-02	2.88e-02
 6.29723e+16	3.35e-01	6.41e-01	2.36e-02	0.00e+00	0.00e+00	0.00e+00	0.00e+00	0.00e+00	0.00e+00	2.47e-01	5.74e-02	3.08e-02
 6.30956e+16	3.62e-01	6.19e-01	1.89e-02	0.00e+00	0.00e+00	0.00e+00	0.00e+00	0.00e+00	0.00e+00	2.68e-01	6.12e-02	3.31e-02
 6.32303e+16	3.92e-01	5.93e-01	1.48e-02	0.00e+00	0.00e+00	0.00e+00	0.00e+00	0.00e+00	0.00e+00	2.92e-01	6.53e-02	3.56e-02
 6.33520e+16	4.22e-01	5.66e-01	1.16e-02	0.00e+00	0.00e+00	0.00e+00	0.00e+00	0.00e+00	0.00e+00	3.15e-01	6.90e-02	3.80e-02
 6.34607e+16	4.49e-01	5.42e-01	9.34e-03	0.00e+00	0.00e+00	0.00e+00	0.00e+00	0.00e+00	0.00e+00	3.36e-01	7.22e-02	4.01e-02
 6.35645e+16	4.76e-01	5.17e-01	7.47e-03	0.00e+00	0.00e+00	0.00e+00	0.00e+00	0.00e+00	0.00e+00	3.58e-01	7.52e-02	4.22e-02
 6.36709e+16	5.03e-01	4.91e-01	5.89e-03	0.00e+00	0.00e+00	0.00e+00	0.00e+00	0.00e+00	0.00e+00	3.81e-01	7.81e-02	4.42e-02
 6.37726e+16	5.31e-01	4.64e-01	4.65e-03	0.00e+00	0.00e+00	0.00e+00	0.00e+00	0.00e+00	0.00e+00	4.04e-01	8.08e-02	4.62e-02
 6.38611e+16	5.54e-01	4.42e-01	3.76e-03	0.00e+00	0.00e+00	0.00e+00	0.00e+00	0.00e+00	0.00e+00	4.24e-01	8.28e-02	4.78e-02
 6.39415e+16	5.76e-01	4.21e-01	3.08e-03	0.00e+00	0.00e+00	0.00e+00	0.00e+00	0.00e+00	0.00e+00	4.43e-01	8.45e-02	4.92e-02
 6.40198e+16	5.97e-01	4.00e-01	2.52e-03	0.00e+00	0.00e+00	0.00e+00	0.00e+00	0.00e+00	0.00e+00	4.61e-01	8.59e-02	5.05e-02
 6.40834e+16	6.14e-01	3.84e-01	2.15e-03	0.00e+00	0.00e+00	0.00e+00	0.00e+00	0.00e+00	0.00e+00	4.75e-01	8.69e-02	5.15e-02
 6.41258e+16	6.24e-01	3.74e-01	1.93e-03	0.00e+00	0.00e+00	0.00e+00	0.00e+00	0.00e+00	0.00e+00	4.85e-01	8.74e-02	5.21e-02
 6.41656e+16	6.34e-01	3.64e-01	1.73e-03	0.00e+00	0.00e+00	0.00e+00	0.00e+00	0.00e+00	0.00e+00	4.94e-01	8.79e-02	5.26e-02
 6.42127e+16	6.47e-01	3.51e-01	1.52e-03	0.00e+00	0.00e+00	0.00e+00	0.00e+00	0.00e+00	0.00e+00	5.05e-01	8.83e-02	5.32e-02
 6.42627e+16	6.60e-01	3.38e-01	1.32e-03	0.00e+00	0.00e+00	0.00e+00	0.00e+00	0.00e+00	0.00e+00	5.18e-01	8.88e-02	5.39e-02
 6.43089e+16	6.72e-01	3.27e-01	1.16e-03	0.00e+00	0.00e+00	0.00e+00	0.00e+00	0.00e+00	0.00e+00	5.28e-01	8.91e-02	5.44e-02
 6.43522e+16	6.83e-01	3.16e-01	1.03e-03	0.00e+00	0.00e+00	0.00e+00	0.00e+00	0.00e+00	0.00e+00	5.39e-01	8.93e-02	5.48e-02
 6.43954e+16	6.94e-01	3.05e-01	9.06e-04	0.00e+00	0.00e+00	0.00e+00	0.00e+00	0.00e+00	0.00e+00	5.49e-01	8.95e-02	5.52e-02
 6.44395e+16	7.05e-01	2.94e-01	7.94e-04	0.00e+00	0.00e+00	0.00e+00	0.00e+00	0.00e+00	0.00e+00	5.60e-01	8.95e-02	5.56e-02
 6.44832e+16	7.16e-01	2.83e-01	6.97e-04	0.00e+00	0.00e+00	0.00e+00	0.00e+00	0.00e+00	0.00e+00	5.70e-01	8.95e-02	5.60e-02
 6.45259e+16	7.27e-01	2.73e-01	6.11e-04	0.00e+00	0.00e+00	0.00e+00	0.00e+00	0.00e+00	0.00e+00	5.81e-01	8.95e-02	5.63e-02
 6.45679e+16	7.36e-01	2.63e-01	5.37e-04	0.00e+00	0.00e+00	0.00e+00	0.00e+00	0.00e+00	0.00e+00	5.91e-01	8.93e-02	5.65e-02
 6.46102e+16	7.47e-01	2.53e-01	4.70e-04	0.00e+00	0.00e+00	0.00e+00	0.00e+00	0.00e+00	0.00e+00	6.01e-01	8.91e-02	5.67e-02
 6.46526e+16	7.57e-01	2.43e-01	4.11e-04	0.00e+00	0.00e+00	0.00e+00	0.00e+00	0.00e+00	0.00e+00	6.11e-01	8.88e-02	5.69e-02
 6.46938e+16	7.66e-01	2.34e-01	3.60e-04	0.00e+00	0.00e+00	0.00e+00	0.00e+00	0.00e+00	0.00e+00	6.20e-01	8.85e-02	5.70e-02
 6.47341e+16	7.75e-01	2.25e-01	3.16e-04	0.00e+00	0.00e+00	0.00e+00	0.00e+00	0.00e+00	0.00e+00	6.30e-01	8.81e-02	5.71e-02
 6.47752e+16	7.84e-01	2.16e-01	2.75e-04	0.00e+00	0.00e+00	0.00e+00	0.00e+00	0.00e+00	0.00e+00	6.39e-01	8.77e-02	5.71e-02
 6.48161e+16	7.93e-01	2.07e-01	2.40e-04	0.00e+00	0.00e+00	0.00e+00	0.00e+00	0.00e+00	0.00e+00	6.48e-01	8.72e-02	5.71e-02
 6.48561e+16	8.01e-01	1.98e-01	2.10e-04	0.00e+00	0.00e+00	0.00e+00	0.00e+00	0.00e+00	0.00e+00	6.58e-01	8.67e-02	5.71e-02
 6.48958e+16	8.09e-01	1.91e-01	1.83e-04	0.00e+00	0.00e+00	0.00e+00	0.00e+00	0.00e+00	0.00e+00	6.66e-01	8.61e-02	5.70e-02
 6.49356e+16	8.17e-01	1.83e-01	1.60e-04	0.00e+00	0.00e+00	0.00e+00	0.00e+00	0.00e+00	0.00e+00	6.75e-01	8.55e-02	5.69e-02
 6.49756e+16	8.25e-01	1.75e-01	1.39e-04	0.00e+00	0.00e+00	0.00e+00	0.00e+00	0.00e+00	0.00e+00	6.83e-01	8.48e-02	5.68e-02
 6.50145e+16	8.32e-01	1.68e-01	1.21e-04	0.00e+00	0.00e+00	0.00e+00	0.00e+00	0.00e+00	0.00e+00	6.92e-01	8.41e-02	5.66e-02
 6.50526e+16	8.39e-01	1.61e-01	1.06e-04	0.00e+00	0.00e+00	0.00e+00	0.00e+00	0.00e+00	0.00e+00	6.99e-01	8.35e-02	5.64e-02
 6.50916e+16	8.46e-01	1.54e-01	9.18e-05	0.00e+00	0.00e+00	0.00e+00	0.00e+00	0.00e+00	0.00e+00	7.07e-01	8.27e-02	5.62e-02
 6.51307e+16	8.53e-01	1.47e-01	7.96e-05	0.00e+00	0.00e+00	0.00e+00	0.00e+00	0.00e+00	0.00e+00	7.15e-01	8.19e-02	5.60e-02
 6.51685e+16	8.59e-01	1.41e-01	6.93e-05	0.00e+00	0.00e+00	0.00e+00	0.00e+00	0.00e+00	0.00e+00	7.22e-01	8.12e-02	5.57e-02
 6.52052e+16	8.65e-01	1.35e-01	6.05e-05	0.00e+00	0.00e+00	0.00e+00	0.00e+00	0.00e+00	0.00e+00	7.30e-01	8.04e-02	5.54e-02
 6.52421e+16	8.71e-01	1.29e-01	5.27e-05	0.00e+00	0.00e+00	0.00e+00	0.00e+00	0.00e+00	0.00e+00	7.36e-01	7.96e-02	5.51e-02
 6.52790e+16	8.77e-01	1.23e-01	4.58e-05	0.00e+00	0.00e+00	0.00e+00	0.00e+00	0.00e+00	0.00e+00	7.43e-01	7.88e-02	5.48e-02
 6.53151e+16	8.82e-01	1.18e-01	3.99e-05	0.00e+00	0.00e+00	0.00e+00	0.00e+00	0.00e+00	0.00e+00	7.50e-01	7.80e-02	5.44e-02
 6.53507e+16	8.87e-01	1.13e-01	3.48e-05	0.00e+00	0.00e+00	0.00e+00	0.00e+00	0.00e+00	0.00e+00	7.56e-01	7.72e-02	5.41e-02
 6.53860e+16	8.92e-01	1.08e-01	3.04e-05	0.00e+00	0.00e+00	0.00e+00	0.00e+00	0.00e+00	0.00e+00	7.62e-01	7.65e-02	5.38e-02
 6.54205e+16	8.96e-01	1.03e-01	2.66e-05	0.00e+00	0.00e+00	0.00e+00	0.00e+00	0.00e+00	0.00e+00	7.67e-01	7.57e-02	5.34e-02
 6.54542e+16	9.01e-01	9.92e-02	2.33e-05	0.00e+00	0.00e+00	0.00e+00	0.00e+00	0.00e+00	0.00e+00	7.73e-01	7.50e-02	5.30e-02
 6.54878e+16	9.05e-01	9.50e-02	2.04e-05	0.00e+00	0.00e+00	0.00e+00	0.00e+00	0.00e+00	0.00e+00	7.78e-01	7.42e-02	5.27e-02
 6.55212e+16	9.09e-01	9.11e-02	1.79e-05	0.00e+00	0.00e+00	0.00e+00	0.00e+00	0.00e+00	0.00e+00	7.83e-01	7.35e-02	5.23e-02
 6.55540e+16	9.13e-01	8.72e-02	1.57e-05	0.00e+00	0.00e+00	0.00e+00	0.00e+00	0.00e+00	0.00e+00	7.88e-01	7.28e-02	5.20e-02
 6.55860e+16	9.16e-01	8.36e-02	1.38e-05	0.00e+00	0.00e+00	0.00e+00	0.00e+00	0.00e+00	0.00e+00	7.93e-01	7.21e-02	5.16e-02
 6.56177e+16	9.20e-01	8.02e-02	1.22e-05	0.00e+00	0.00e+00	0.00e+00	0.00e+00	0.00e+00	0.00e+00	7.97e-01	7.14e-02	5.12e-02
 6.56496e+16	9.23e-01	7.69e-02	1.07e-05	0.00e+00	0.00e+00	0.00e+00	0.00e+00	0.00e+00	0.00e+00	8.01e-01	7.07e-02	5.09e-02
 6.56809e+16	9.26e-01	7.38e-02	9.40e-06	0.00e+00	0.00e+00	0.00e+00	0.00e+00	0.00e+00	0.00e+00	8.06e-01	7.01e-02	5.05e-02
 6.57114e+16	9.29e-01	7.08e-02	8.30e-06	0.00e+00	0.00e+00	0.00e+00	0.00e+00	0.00e+00	0.00e+00	8.10e-01	6.95e-02	5.02e-02
 6.57416e+16	9.32e-01	6.80e-02	7.33e-06	0.00e+00	0.00e+00	0.00e+00	0.00e+00	0.00e+00	0.00e+00	8.13e-01	6.88e-02	4.98e-02
 6.57717e+16	9.35e-01	6.52e-02	6.47e-06	0.00e+00	0.00e+00	0.00e+00	0.00e+00	0.00e+00	0.00e+00	8.17e-01	6.82e-02	4.95e-02
 6.58020e+16	9.38e-01	6.25e-02	5.71e-06	0.00e+00	0.00e+00	0.00e+00	0.00e+00	0.00e+00	0.00e+00	8.21e-01	6.76e-02	4.91e-02
 6.58314e+16	9.40e-01	6.00e-02	5.05e-06	0.00e+00	0.00e+00	0.00e+00	0.00e+00	0.00e+00	0.00e+00	8.24e-01	6.70e-02	4.88e-02
 6.58604e+16	9.42e-01	5.76e-02	4.47e-06	0.00e+00	0.00e+00	0.00e+00	0.00e+00	0.00e+00	0.00e+00	8.27e-01	6.65e-02	4.85e-02
 6.58892e+16	9.45e-01	5.53e-02	3.96e-06	0.00e+00	0.00e+00	0.00e+00	0.00e+00	0.00e+00	0.00e+00	8.31e-01	6.59e-02	4.82e-02
 6.59180e+16	9.47e-01	5.31e-02	3.51e-06	0.00e+00	0.00e+00	0.00e+00	0.00e+00	0.00e+00	0.00e+00	8.34e-01	6.54e-02	4.78e-02
 6.59468e+16	9.49e-01	5.09e-02	3.11e-06	0.00e+00	0.00e+00	0.00e+00	0.00e+00	0.00e+00	0.00e+00	8.37e-01	6.48e-02	4.74e-02
 6.59745e+16	9.51e-01	4.89e-02	2.76e-06	0.00e+00	0.00e+00	0.00e+00	0.00e+00	0.00e+00	0.00e+00	8.40e-01	6.43e-02	4.70e-02
 6.60016e+16	9.53e-01	4.71e-02	2.47e-06	0.00e+00	0.00e+00	0.00e+00	0.00e+00	0.00e+00	0.00e+00	8.42e-01	6.38e-02	4.67e-02
 6.60295e+16	9.55e-01	4.53e-02	2.19e-06	0.00e+00	0.00e+00	0.00e+00	0.00e+00	0.00e+00	0.00e+00	8.45e-01	6.33e-02	4.64e-02
 6.60575e+16	9.57e-01	4.34e-02	1.94e-06	0.00e+00	0.00e+00	0.00e+00	0.00e+00	0.00e+00	0.00e+00	8.48e-01	6.29e-02	4.60e-02
 6.60845e+16	9.58e-01	4.17e-02	1.73e-06	0.00e+00	0.00e+00	0.00e+00	0.00e+00	0.00e+00	0.00e+00	8.50e-01	6.24e-02	4.57e-02
 6.61109e+16	9.60e-01	4.00e-02	1.54e-06	0.00e+00	0.00e+00	0.00e+00	0.00e+00	0.00e+00	0.00e+00	8.53e-01	6.19e-02	4.54e-02
 6.61377e+16	9.62e-01	3.84e-02	1.37e-06	0.00e+00	0.00e+00	0.00e+00	0.00e+00	0.00e+00	0.00e+00	8.55e-01	6.15e-02	4.51e-02
 6.61648e+16	9.63e-01	3.69e-02	1.22e-06	0.00e+00	0.00e+00	0.00e+00	0.00e+00	0.00e+00	0.00e+00	8.57e-01	6.11e-02	4.48e-02
 6.61912e+16	9.65e-01	3.54e-02	1.09e-06	0.00e+00	0.00e+00	0.00e+00	0.00e+00	0.00e+00	0.00e+00	8.59e-01	6.06e-02	4.45e-02
 6.62170e+16	9.66e-01	3.41e-02	9.75e-07	0.00e+00	0.00e+00	0.00e+00	0.00e+00	0.00e+00	0.00e+00	8.61e-01	6.03e-02	4.42e-02
 6.62424e+16	9.67e-01	3.28e-02	8.74e-07	0.00e+00	0.00e+00	0.00e+00	0.00e+00	0.00e+00	0.00e+00	8.63e-01	5.99e-02	4.39e-02
 6.62674e+16	9.68e-01	3.15e-02	7.84e-07	0.00e+00	0.00e+00	0.00e+00	0.00e+00	0.00e+00	0.00e+00	8.65e-01	5.95e-02	4.37e-02
 6.62926e+16	9.70e-01	3.03e-02	7.02e-07	0.00e+00	0.00e+00	0.00e+00	0.00e+00	0.00e+00	0.00e+00	8.67e-01	5.92e-02	4.34e-02
 6.63180e+16	9.71e-01	2.91e-02	6.28e-07	0.00e+00	0.00e+00	0.00e+00	0.00e+00	0.00e+00	0.00e+00	8.69e-01	5.88e-02	4.31e-02
 6.63432e+16	9.72e-01	2.79e-02	5.62e-07	0.00e+00	0.00e+00	0.00e+00	0.00e+00	0.00e+00	0.00e+00	8.71e-01	5.84e-02	4.29e-02
 6.63676e+16	9.73e-01	2.68e-02	5.05e-07	0.00e+00	0.00e+00	0.00e+00	0.00e+00	0.00e+00	0.00e+00	8.73e-01	5.81e-02	4.26e-02
 6.63915e+16	9.74e-01	2.57e-02	4.55e-07	0.00e+00	0.00e+00	0.00e+00	0.00e+00	0.00e+00	0.00e+00	8.74e-01	5.78e-02	4.24e-02
 6.64154e+16	9.75e-01	2.47e-02	4.09e-07	0.00e+00	0.00e+00	0.00e+00	0.00e+00	0.00e+00	0.00e+00	8.76e-01	5.74e-02	4.21e-02
 6.64393e+16	9.76e-01	2.37e-02	3.68e-07	0.00e+00	0.00e+00	0.00e+00	0.00e+00	0.00e+00	0.00e+00	8.77e-01	5.71e-02	4.19e-02
 6.64628e+16	9.77e-01	2.27e-02	3.31e-07	0.00e+00	0.00e+00	0.00e+00	0.00e+00	0.00e+00	0.00e+00	8.79e-01	5.68e-02	4.17e-02
 6.64858e+16	9.78e-01	2.18e-02	3.00e-07	0.00e+00	0.00e+00	0.00e+00	0.00e+00	0.00e+00	0.00e+00	8.80e-01	5.65e-02	4.14e-02
 6.65077e+16	9.79e-01	2.10e-02	2.72e-07	0.00e+00	0.00e+00	0.00e+00	0.00e+00	0.00e+00	0.00e+00	8.82e-01	5.62e-02	4.12e-02
 6.65282e+16	9.80e-01	2.02e-02	2.49e-07	0.00e+00	0.00e+00	0.00e+00	0.00e+00	0.00e+00	0.00e+00	8.83e-01	5.60e-02	4.10e-02
 6.65470e+16	9.80e-01	1.95e-02	2.29e-07	0.00e+00	0.00e+00	0.00e+00	0.00e+00	0.00e+00	0.00e+00	8.84e-01	5.58e-02	4.08e-02
 6.65638e+16	9.81e-01	1.90e-02	2.13e-07	0.00e+00	0.00e+00	0.00e+00	0.00e+00	0.00e+00	0.00e+00	8.85e-01	5.55e-02	4.07e-02
 6.65794e+16	9.82e-01	1.84e-02	1.99e-07	0.00e+00	0.00e+00	0.00e+00	0.00e+00	0.00e+00	0.00e+00	8.86e-01	5.54e-02	4.05e-02
 6.65942e+16	9.82e-01	1.79e-02	1.87e-07	0.00e+00	0.00e+00	0.00e+00	0.00e+00	0.00e+00	0.00e+00	8.87e-01	5.52e-02	4.04e-02
 6.66084e+16	9.83e-01	1.75e-02	1.76e-07	0.00e+00	0.00e+00	0.00e+00	0.00e+00	0.00e+00	0.00e+00	8.87e-01	5.50e-02	4.02e-02
 6.66215e+16	9.83e-01	1.70e-02	1.66e-07	0.00e+00	0.00e+00	0.00e+00	0.00e+00	0.00e+00	0.00e+00	8.88e-01	5.48e-02	4.01e-02
 6.66335e+16	9.83e-01	1.66e-02	1.58e-07	0.00e+00	0.00e+00	0.00e+00	0.00e+00	0.00e+00	0.00e+00	8.89e-01	5.47e-02	4.00e-02
 6.66451e+16	9.84e-01	1.62e-02	1.50e-07	0.00e+00	0.00e+00	0.00e+00	0.00e+00	0.00e+00	0.00e+00	8.89e-01	5.45e-02	3.98e-02
 6.66562e+16	9.84e-01	1.59e-02	1.43e-07	0.00e+00	0.00e+00	0.00e+00	0.00e+00	0.00e+00	0.00e+00	8.90e-01	5.43e-02	3.97e-02
 6.66668e+16	9.84e-01	1.55e-02	1.36e-07	0.00e+00	0.00e+00	0.00e+00	0.00e+00	0.00e+00	0.00e+00	8.91e-01	5.42e-02	3.96e-02
 6.66768e+16	9.85e-01	1.52e-02	1.30e-07	0.00e+00	0.00e+00	0.00e+00	0.00e+00	0.00e+00	0.00e+00	8.91e-01	5.40e-02	3.95e-02
 6.66864e+16	9.85e-01	1.49e-02	1.25e-07	0.00e+00	0.00e+00	0.00e+00	0.00e+00	0.00e+00	0.00e+00	8.92e-01	5.39e-02	3.93e-02
 6.66956e+16	9.85e-01	1.46e-02	1.20e-07	0.00e+00	0.00e+00	0.00e+00	0.00e+00	0.00e+00	0.00e+00	8.92e-01	5.37e-02	3.92e-02
 6.67045e+16	9.86e-01	1.43e-02	1.15e-07	0.00e+00	0.00e+00	0.00e+00	0.00e+00	0.00e+00	0.00e+00	8.93e-01	5.36e-02	3.91e-02
 6.67131e+16	9.86e-01	1.40e-02	1.11e-07	0.00e+00	0.00e+00	0.00e+00	0.00e+00	0.00e+00	0.00e+00	8.94e-01	5.35e-02	3.90e-02
 6.67214e+16	9.86e-01	1.37e-02	1.07e-07	0.00e+00	0.00e+00	0.00e+00	0.00e+00	0.00e+00	0.00e+00	8.94e-01	5.33e-02	3.89e-02
 6.67297e+16	9.87e-01	1.34e-02	1.03e-07	0.00e+00	0.00e+00	0.00e+00	0.00e+00	0.00e+00	0.00e+00	8.95e-01	5.32e-02	3.88e-02
 6.67379e+16	9.87e-01	1.31e-02	9.92e-08	0.00e+00	0.00e+00	0.00e+00	0.00e+00	0.00e+00	0.00e+00	8.95e-01	5.30e-02	3.86e-02
 6.67462e+16	9.87e-01	1.28e-02	9.55e-08	0.00e+00	0.00e+00	0.00e+00	0.00e+00	0.00e+00	0.00e+00	8.96e-01	5.29e-02	3.85e-02
 6.67546e+16	9.87e-01	1.25e-02	9.18e-08	0.00e+00	0.00e+00	0.00e+00	0.00e+00	0.00e+00	0.00e+00	8.96e-01	5.27e-02	3.84e-02
 6.67632e+16	9.88e-01	1.22e-02	8.81e-08	0.00e+00	0.00e+00	0.00e+00	0.00e+00	0.00e+00	0.00e+00	8.97e-01	5.25e-02	3.82e-02
 6.67723e+16	9.88e-01	1.19e-02	8.44e-08	0.00e+00	0.00e+00	0.00e+00	0.00e+00	0.00e+00	0.00e+00	8.98e-01	5.23e-02	3.80e-02
 6.67813e+16	9.88e-01	1.15e-02	8.08e-08	0.00e+00	0.00e+00	0.00e+00	0.00e+00	0.00e+00	0.00e+00	8.99e-01	5.21e-02	3.79e-02
 6.67895e+16	9.89e-01	1.12e-02	7.76e-08	0.00e+00	0.00e+00	0.00e+00	0.00e+00	0.00e+00	0.00e+00	8.99e-01	5.19e-02	3.77e-02
 6.67969e+16	9.89e-01	1.09e-02	7.49e-08	0.00e+00	0.00e+00	0.00e+00	0.00e+00	0.00e+00	0.00e+00	9.00e-01	5.17e-02	3.75e-02
 6.68038e+16	9.89e-01	1.07e-02	7.24e-08	0.00e+00	0.00e+00	0.00e+00	0.00e+00	0.00e+00	0.00e+00	9.00e-01	5.15e-02	3.74e-02
 6.68104e+16	9.90e-01	1.04e-02	7.00e-08	0.00e+00	0.00e+00	0.00e+00	0.00e+00	0.00e+00	0.00e+00	9.01e-01	5.14e-02	3.72e-02
 6.68170e+16	9.90e-01	1.02e-02	6.77e-08	0.00e+00	0.00e+00	0.00e+00	0.00e+00	0.00e+00	0.00e+00	9.02e-01	5.12e-02	3.70e-02
 6.68231e+16	9.90e-01	9.92e-03	6.55e-08	0.00e+00	0.00e+00	0.00e+00	0.00e+00	0.00e+00	0.00e+00	9.02e-01	5.10e-02	3.69e-02
 6.68287e+16	9.90e-01	9.71e-03	6.36e-08	0.00e+00	0.00e+00	0.00e+00	0.00e+00	0.00e+00	0.00e+00	9.03e-01	5.08e-02	3.67e-02
 6.68338e+16	9.90e-01	9.51e-03	6.19e-08	0.00e+00	0.00e+00	0.00e+00	0.00e+00	0.00e+00	0.00e+00	9.03e-01	5.06e-02	3.66e-02
 6.68384e+16	9.91e-01	9.33e-03	6.03e-08	0.00e+00	0.00e+00	0.00e+00	0.00e+00	0.00e+00	0.00e+00	9.04e-01	5.05e-02	3.64e-02
 6.68426e+16	9.91e-01	9.18e-03	5.90e-08	0.00e+00	0.00e+00	0.00e+00	0.00e+00	0.00e+00	0.00e+00	9.04e-01	5.04e-02	3.63e-02
 6.68465e+16	9.91e-01	9.05e-03	5.78e-08	0.00e+00	0.00e+00	0.00e+00	0.00e+00	0.00e+00	0.00e+00	9.04e-01	5.02e-02	3.62e-02
 6.68507e+16	9.91e-01	8.88e-03	5.63e-08	0.00e+00	0.00e+00	0.00e+00	0.00e+00	0.00e+00	0.00e+00	9.05e-01	5.01e-02	3.61e-02
 6.68552e+16	9.91e-01	8.73e-03	5.49e-08	0.00e+00	0.00e+00	0.00e+00	0.00e+00	0.00e+00	0.00e+00	9.05e-01	4.99e-02	3.59e-02
 6.68593e+16	9.91e-01	8.57e-03	5.36e-08	0.00e+00	0.00e+00	0.00e+00	0.00e+00	0.00e+00	0.00e+00	9.06e-01	4.97e-02	3.58e-02
 6.68631e+16	9.92e-01	8.46e-03	5.25e-08	0.00e+00	0.00e+00	0.00e+00	0.00e+00	0.00e+00	0.00e+00	9.06e-01	4.96e-02	3.57e-02
 6.68672e+16	9.92e-01	8.30e-03	5.12e-08	0.00e+00	0.00e+00	0.00e+00	0.00e+00	0.00e+00	0.00e+00	9.07e-01	4.94e-02	3.56e-02
 6.68717e+16	9.92e-01	8.15e-03	4.98e-08	0.00e+00	0.00e+00	0.00e+00	0.00e+00	0.00e+00	0.00e+00	9.07e-01	4.92e-02	3.54e-02
 6.68757e+16	9.92e-01	8.02e-03	4.86e-08	0.00e+00	0.00e+00	0.00e+00	0.00e+00	0.00e+00	0.00e+00	9.08e-01	4.90e-02	3.53e-02
 6.68794e+16	9.92e-01	7.89e-03	4.75e-08	0.00e+00	0.00e+00	0.00e+00	0.00e+00	0.00e+00	0.00e+00	9.08e-01	4.89e-02	3.51e-02
 6.68827e+16	9.92e-01	7.79e-03	4.66e-08	0.00e+00	0.00e+00	0.00e+00	0.00e+00	0.00e+00	0.00e+00	9.08e-01	4.88e-02	3.50e-02
 6.68864e+16	9.92e-01	7.66e-03	4.55e-08	0.00e+00	0.00e+00	0.00e+00	0.00e+00	0.00e+00	0.00e+00	9.09e-01	4.86e-02	3.49e-02
 6.68904e+16	9.92e-01	7.54e-03	4.44e-08	0.00e+00	0.00e+00	0.00e+00	0.00e+00	0.00e+00	0.00e+00	9.09e-01	4.84e-02	3.48e-02
 6.68940e+16	9.93e-01	7.45e-03	4.34e-08	0.00e+00	0.00e+00	0.00e+00	0.00e+00	0.00e+00	0.00e+00	9.10e-01	4.83e-02	3.47e-02
 6.68979e+16	9.93e-01	7.34e-03	4.24e-08	0.00e+00	0.00e+00	0.00e+00	0.00e+00	0.00e+00	0.00e+00	9.10e-01	4.82e-02	3.46e-02
###########################
 7.19986e+11	3.17e-06	6.46e-03	8.91e-01	1.03e-01	1.88e-05	0.00e+00	0.00e+00	0.00e+00	0.00e+00	2.25e-06	6.14e-07	3.08e-07
 4.31992e+12	3.17e-06	6.45e-03	8.91e-01	1.03e-01	1.88e-05	0.00e+00	0.00e+00	0.00e+00	0.00e+00	2.24e-06	6.13e-07	3.07e-07
 1.87196e+13	3.17e-06	6.46e-03	8.92e-01	1.01e-01	1.84e-05	0.00e+00	0.00e+00	0.00e+00	0.00e+00	2.24e-06	6.13e-07	3.08e-07
 7.63185e+13	3.19e-06	6.50e-03	8.97e-01	9.65e-02	1.71e-05	0.00e+00	0.00e+00	0.00e+00	0.00e+00	2.26e-06	6.18e-07	3.10e-07
 1.82300e+14	3.20e-06	6.55e-03	9.04e-01	8.98e-02	1.52e-05	0.00e+00	0.00e+00	0.00e+00	0.00e+00	2.27e-06	6.20e-07	3.11e-07
 3.20077e+14	3.22e-06	6.61e-03	9.12e-01	8.15e-02	1.30e-05	0.00e+00	0.00e+00	0.00e+00	0.00e+00	2.29e-06	6.25e-07	3.13e-07
 4.99186e+14	3.26e-06	6.70e-03	9.22e-01	7.15e-02	1.06e-05	0.00e+00	0.00e+00	0.00e+00	0.00e+00	2.31e-06	6.31e-07	3.17e-07
 7.32029e+14	3.32e-06	6.81e-03	9.34e-01	5.96e-02	8.00e-06	0.00e+00	0.00e+00	0.00e+00	0.00e+00	2.35e-06	6.42e-07	3.23e-07
 1.03472e+15	3.39e-06	6.96e-03	9.46e-01	4.65e-02	5.48e-06	0.00e+00	0.00e+00	0.00e+00	0.00e+00	2.41e-06	6.55e-07	3.30e-07
 1.42823e+15	3.49e-06	7.13e-03	9.60e-01	3.31e-02	3.27e-06	0.00e+00	0.00e+00	0.00e+00	0.00e+00	2.48e-06	6.74e-07	3.40e-07
 1.93978e+15	3.63e-06	7.33e-03	9.72e-01	2.08e-02	1.63e-06	0.00e+00	0.00e+00	0.00e+00	0.00e+00	2.57e-06	6.99e-07	3.52e-07
 2.60480e+15	3.80e-06	7.56e-03	9.81e-01	1.11e-02	6.40e-07	0.00e+00	0.00e+00	0.00e+00	0.00e+00	2.70e-06	7.31e-07	3.69e-07
 3.46933e+15	4.02e-06	7.82e-03	9.87e-01	4.94e-03	1.89e-07	0.00e+00	0.00e+00	0.00e+00	0.00e+00	2.86e-06	7.73e-07	3.91e-07
 4.59322e+15	4.33e-06	8.12e-03	9.90e-01	1.80e-03	0.00e+00	0.00e+00	0.00e+00	0.00e+00	0.00e+00	3.07e-06	8.30e-07	4.20e-07
 6.05427e+15	4.76e-06	8.51e-03	9.91e-01	5.53e-04	0.00e+00	0.00e+00	0.00e+00	0.00e+00	0.00e+00	3.39e-06	9.13e-07	4.63e-07
 7.95363e+15	5.43e-06	9.03e-03	9.91e-01	1.64e-04	0.00e+00	0.00e+00	0.00e+00	0.00e+00	0.00e+00	3.86e-06	1.04e-06	5.28e-07
 1.04228e+16	6.48e-06	9.75e-03	9.90e-01	6.43e-05	0.00e+00	0.00e+00	0.00e+00	0.00e+00	0.00e+00	4.61e-06	1.24e-06	6.30e-07
 1.34250e+16	8.09e-06	1.07e-02	9.89e-01	4.02e-05	0.00e+00	0.00e+00	0.00e+00	0.00e+00	0.00e+00	5.75e-06	1.55e-06	7.86e-07
 1.66383e+16	1.03e-05	1.19e-02	9.88e-01	3.22e-05	0.00e+00	0.00e+00	0.00e+00	0.00e+00	0.00e+00	7.36e-06	1.98e-06	1.01e-06
 1.98515e+16	1.35e-05	1.32e-02	9.87e-01	2.75e-05	0.00e+00	0.00e+00	0.00e+00	0.00e+00	0.00e+00	9.61e-06	2.59e-06	1.31e-06
 2.25310e+16	1.70e-05	1.45e-02	9.85e-01	2.46e-05	0.00e+00	0.00e+00	0.00e+00	0.00e+00	0.00e+00	1.21e-05	3.26e-06	1.66e-06
 2.47841e+16	2.11e-05	1.58e-02	9.84e-01	2.24e-05	0.00e+00	0.00e+00	0.00e+00	0.00e+00	0.00e+00	1.50e-05	4.05e-06	2.05e-06
 2.72625e+16	2.71e-05	1.75e-02	9.82e-01	2.03e-05	0.00e+00	0.00e+00	0.00e+00	0.00e+00	0.00e+00	1.93e-05	5.23e-06	2.64e-06
 2.99887e+16	3.65e-05	1.97e-02	9.80e-01	1.82e-05	0.00e+00	0.00e+00	0.00e+00	0.00e+00	0.00e+00	2.59e-05	7.05e-06	3.55e-06
 3.29876e+16	5.19e-05	2.29e-02	9.77e-01	1.61e-05	0.00e+00	0.00e+00	0.00e+00	0.00e+00	0.00e+00	3.68e-05	1.01e-05	5.05e-06
 3.51215e+16	6.84e-05	2.57e-02	9.74e-01	1.45e-05	0.00e+00	0.00e+00	0.00e+00	0.00e+00	0.00e+00	4.85e-05	1.33e-05	6.66e-06
 3.59625e+16	7.68e-05	2.70e-02	9.73e-01	1.40e-05	0.00e+00	0.00e+00	0.00e+00	0.00e+00	0.00e+00	5.44e-05	1.49e-05	7.47e-06
 3.66016e+16	8.41e-05	2.81e-02	9.72e-01	1.35e-05	0.00e+00	0.00e+00	0.00e+00	0.00e+00	0.00e+00	5.95e-05	1.63e-05	8.18e-06
 3.74324e+16	9.48e-05	2.96e-02	9.70e-01	1.30e-05	0.00e+00	0.00e+00	0.00e+00	0.00e+00	0.00e+00	6.71e-05	1.84e-05	9.22e-06
 3.85124e+16	1.11e-04	3.18e-02	9.68e-01	1.22e-05	0.00e+00	0.00e+00	0.00e+00	0.00e+00	0.00e+00	7.88e-05	2.17e-05	1.08e-05
 3.96740e+16	1.33e-04	3.45e-02	9.65e-01	1.15e-05	0.00e+00	0.00e+00	0.00e+00	0.00e+00	0.00e+00	9.44e-05	2.59e-05	1.29e-05
 4.06726e+16	1.57e-04	3.72e-02	9.63e-01	1.08e-05	0.00e+00	0.00e+00	0.00e+00	0.00e+00	0.00e+00	1.11e-04	3.05e-05	1.52e-05
 4.15344e+16	1.81e-04	3.98e-02	9.60e-01	1.02e-05	0.00e+00	0.00e+00	0.00e+00	0.00e+00	0.00e+00	1.28e-04	3.52e-05	1.76e-05
 4.24873e+16	2.14e-04	4.30e-02	9.57e-01	9.52e-06	0.00e+00	0.00e+00	0.00e+00	0.00e+00	0.00e+00	1.52e-04	4.16e-05	2.07e-05
 4.35072e+16	2.58e-04	4.70e-02	9.53e-01	8.84e-06	0.00e+00	0.00e+00	0.00e+00	0.00e+00	0.00e+00	1.82e-04	5.01e-05	2.50e-05
 4.43817e+16	3.04e-04	5.09e-02	9.49e-01	8.26e-06	0.00e+00	0.00e+00	0.00e+00	0.00e+00	0.00e+00	2.15e-04	5.92e-05	2.94e-05
 4.51412e+16	3.54e-04	5.48e-02	9.45e-01	7.75e-06	0.00e+00	0.00e+00	0.00e+00	0.00e+00	0.00e+00	2.51e-04	6.89e-05	3.43e-05
 4.59834e+16	4.21e-04	5.96e-02	9.40e-01	7.18e-06	0.00e+00	0.00e+00	0.00e+00	0.00e+00	0.00e+00	2.98e-04	8.18e-05	4.07e-05
 4.68924e+16	5.12e-04	6.57e-02	9.34e-01	6.56e-06	0.00e+00	0.00e+00	0.00e+00	0.00e+00	0.00e+00	3.63e-04	9.96e-05	4.95e-05
 4.76766e+16	6.10e-04	7.16e-02	9.28e-01	6.09e-06	0.00e+00	0.00e+00	0.00e+00	0.00e+00	0.00e+00	4.32e-04	1.19e-04	5.89e-05
 4.83558e+16	7.14e-04	7.76e-02	9.22e-01	5.66e-06	0.00e+00	0.00e+00	0.00e+00	0.00e+00	0.00e+00	5.06e-04	1.39e-04	6.89e-05
 4.91107e+16	8.61e-04	8.53e-02	9.14e-01	5.15e-06	0.00e+00	0.00e+00	0.00e+00	0.00e+00	0.00e+00	6.10e-04	1.67e-04	8.31e-05
 4.99201e+16	1.06e-03	9.46e-02	9.04e-01	4.66e-06	0.00e+00	0.00e+00	0.00e+00	0.00e+00	0.00e+00	7.48e-04	2.05e-04	1.02e-04
 5.06211e+16	1.27e-03	1.04e-01	8.95e-01	4.23e-06	0.00e+00	0.00e+00	0.00e+00	0.00e+00	0.00e+00	9.03e-04	2.48e-04	1.23e-04
 5.12385e+16	1.51e-03	1.14e-01	8.85e-01	3.86e-06	0.00e+00	0.00e+00	0.00e+00	0.00e+00	0.00e+00	1.07e-03	2.94e-04	1.46e-04
 5.19265e+16	1.85e-03	1.26e-01	8.72e-01	3.44e-06	0.00e+00	0.00e+00	0.00e+00	0.00e+00	0.00e+00	1.31e-03	3.60e-04	1.78e-04
 5.26594e+16	2.32e-03	1.41e-01	8.56e-01	3.04e-06	0.00e+00	0.00e+00	0.00e+00	0.00e+00	0.00e+00	1.64e-03	4.50e-04	2.23e-04
 5.32772e+16	2.82e-03	1.57e-01	8.41e-01	2.70e-06	0.00e+00	0.00e+00	0.00e+00	0.00e+00	0.00e+00	2.00e-03	5.48e-04	2.71e-04
 5.38013e+16	3.36e-03	1.71e-01	8.25e-01	2.43e-06	0.00e+00	0.00e+00	0.00e+00	0.00e+00	0.00e+00	2.38e-03	6.52e-04	3.23e-04
 5.43769e+16	4.11e-03	1.90e-01	8.06e-01	2.12e-06	0.00e+00	0.00e+00	0.00e+00	0.00e+00	0.00e+00	2.92e-03	7.98e-04	3.95e-04
 5.49924e+16	5.15e-03	2.13e-01	7.82e-01	1.83e-06	0.00e+00	0.00e+00	0.00e+00	0.00e+00	0.00e+00	3.66e-03	1.00e-03	4.95e-04
 5.55118e+16	6.29e-03	2.35e-01	7.58e-01	1.59e-06	0.00e+00	0.00e+00	0.00e+00	0.00e+00	0.00e+00	4.47e-03	1.22e-03	6.03e-04
 5.59491e+16	7.49e-03	2.57e-01	7.36e-01	1.39e-06	0.00e+00	0.00e+00	0.00e+00	0.00e+00	0.00e+00	5.32e-03	1.45e-03	7.18e-04
 5.64275e+16	9.14e-03	2.84e-01	7.07e-01	1.19e-06	0.00e+00	0.00e+00	0.00e+00	0.00e+00	0.00e+00	6.49e-03	1.77e-03	8.76e-04
 5.69424e+16	1.14e-02	3.16e-01	6.73e-01	9.90e-07	0.00e+00	0.00e+00	0.00e+00	0.00e+00	0.00e+00	8.12e-03	2.21e-03	1.09e-03
 5.73822e+16	1.40e-02	3.47e-01	6.39e-01	8.28e-07	0.00e+00	0.00e+00	0.00e+00	0.00e+00	0.00e+00	9.92e-03	2.70e-03	1.34e-03
 5.77540e+16	1.66e-02	3.77e-01	6.07e-01	7.00e-07	0.00e+00	0.00e+00	0.00e+00	0.00e+00	0.00e+00	1.18e-02	3.21e-03	1.59e-03
 5.81601e+16	2.03e-02	4.12e-01	5.68e-01	5.72e-07	0.00e+00	0.00e+00	0.00e+00	0.00e+00	0.00e+00	1.44e-02	3.91e-03	1.94e-03
 5.85981e+16	2.53e-02	4.53e-01	5.21e-01	4.48e-07	0.00e+00	0.00e+00	0.00e+00	0.00e+00	0.00e+00	1.80e-02	4.87e-03	2.42e-03
 5.89743e+16	3.09e-02	4.92e-01	4.77e-01	3.54e-07	0.00e+00	0.00e+00	0.00e+00	0.00e+00	0.00e+00	2.20e-02	5.93e-03	2.95e-03
 5.92957e+16	3.67e-02	5.26e-01	4.37e-01	2.82e-07	0.00e+00	0.00e+00	0.00e+00	0.00e+00	0.00e+00	2.62e-02	7.04e-03	3.50e-03
 5.96490e+16	4.47e-02	5.65e-01	3.90e-01	2.13e-07	0.00e+00	0.00e+00	0.00e+00	0.00e+00	0.00e+00	3.19e-02	8.54e-03	4.26e-03
 6.00333e+16	5.58e-02	6.07e-01	3.37e-01	1.52e-07	0.00e+00	0.00e+00	0.00e+00	0.00e+00	0.00e+00	3.98e-02	1.06e-02	5.31e-03
 6.03669e+16	6.79e-02	6.43e-01	2.89e-01	0.00e+00	0.00e+00	0.00e+00	0.00e+00	0.00e+00	0.00e+00	4.86e-02	1.29e-02	6.46e-03
 6.06148e+16	7.86e-02	6.67e-01	2.54e-01	0.00e+00	0.00e+00	0.00e+00	0.00e+00	0.00e+00	0.00e+00	5.62e-02	1.49e-02	7.46e-03
 6.08009e+16	8.79e-02	6.84e-01	2.28e-01	0.00e+00	0.00e+00	0.00e+00	0.00e+00	0.00e+00	0.00e+00	6.29e-02	1.66e-02	8.34e-03
 6.10015e+16	9.94e-02	7.00e-01	2.01e-01	0.00e+00	0.00e+00	0.00e+00	0.00e+00	0.00e+00	0.00e+00	7.13e-02	1.87e-02	9.43e-03
 6.12233e+16	1.14e-01	7.15e-01	1.71e-01	0.00e+00	0.00e+00	0.00e+00	0.00e+00	0.00e+00	0.00e+00	8.20e-02	2.14e-02	1.08e-02
 6.14185e+16	1.29e-01	7.24e-01	1.47e-01	0.00e+00	0.00e+00	0.00e+00	0.00e+00	0.00e+00	0.00e+00	9.25e-02	2.40e-02	1.22e-02
 6.15847e+16	1.43e-01	7.29e-01	1.27e-01	0.00e+00	0.00e+00	0.00e+00	0.00e+00	0.00e+00	0.00e+00	1.03e-01	2.65e-02	1.35e-02
 6.17409e+16	1.58e-01	7.32e-01	1.10e-01	0.00e+00	0.00e+00	0.00e+00	0.00e+00	0.00e+00	0.00e+00	1.14e-01	2.91e-02	1.49e-02
 6.19177e+16	1.77e-01	7.31e-01	9.22e-02	0.00e+00	0.00e+00	0.00e+00	0.00e+00	0.00e+00	0.00e+00	1.27e-01	3.23e-02	1.66e-02
 6.21014e+16	1.99e-01	7.26e-01	7.54e-02	0.00e+00	0.00e+00	0.00e+00	0.00e+00	0.00e+00	0.00e+00	1.44e-01	3.61e-02	1.86e-02
 6.22497e+16	2.19e-01	7.18e-01	6.31e-02	0.00e+00	0.00e+00	0.00e+00	0.00e+00	0.00e+00	0.00e+00	1.59e-01	3.94e-02	2.05e-02
 6.23744e+16	2.36e-01	7.10e-01	5.40e-02	0.00e+00	0.00e+00	0.00e+00	0.00e+00	0.00e+00	0.00e+00	1.72e-01	4.23e-02	2.21e-02
 6.25123e+16	2.58e-01	6.97e-01	4.46e-02	0.00e+00	0.00e+00	0.00e+00	0.00e+00	0.00e+00	0.00e+00	1.88e-01	4.59e-02	2.40e-02
 6.26621e+16	2.85e-01	6.80e-01	3.59e-02	0.00e+00	0.00e+00	0.00e+00	0.00e+00	0.00e+00	0.00e+00	2.08e-01	5.00e-02	2.64e-02
 6.27935e+16	3.09e-01	6.62e-01	2.93e-02	0.00e+00	0.00e+00	0.00e+00	0.00e+00	0.00e+00	0.00e+00	2.27e-01	5.37e-02	2.85e-02
 6.29095e+16	3.31e-01	6.44e-01	2.43e-02	0.00e+00	0.00e+00	0.00e+00	0.00e+00	0.00e+00	0.00e+00	2.44e-01	5.70e-02	3.04e-02
 6.30388e+16	3.59e-01	6.22e-01	1.94e-02	0.00e+00	0.00e+00	0.00e+00	0.00e+00	0.00e+00	0.00e+00	2.65e-01	6.09e-02	3.28e-02
 6.31781e+16	3.91e-01	5.94e-01	1.50e-02	0.00e+00	0.00e+00	0.00e+00	0.00e+00	0.00e+00	0.00e+00	2.90e-01	6.52e-02	3.55e-02
 6.32988e+16	4.20e-01	5.68e-01	1.19e-02	0.00e+00	0.00e+00	0.00e+00	0.00e+00	0.00e+00	0.00e+00	3.13e-01	6.90e-02	3.79e-02
 6.34040e+16	4.45e-01	5.45e-01	9.59e-03	0.00e+00	0.00e+00	0.00e+00	0.00e+00	0.00e+00	0.00e+00	3.33e-01	7.20e-02	3.99e-02
 6.35069e+16	4.72e-01	5.20e-01	7.69e-03	0.00e+00	0.00e+00	0.00e+00	0.00e+00	0.00e+00	0.00e+00	3.55e-01	7.51e-02	4.19e-02
 6.36161e+16	5.01e-01	4.93e-01	6.03e-03	0.00e+00	0.00e+00	0.00e+00	0.00e+00	0.00e+00	0.00e+00	3.78e-01	7.81e-02	4.40e-02
 6.37212e+16	5.29e-01	4.66e-01	4.73e-03	0.00e+00	0.00e+00	0.00e+00	0.00e+00	0.00e+00	0.00e+00	4.02e-01	8.08e-02	4.61e-02
 6.38102e+16	5.53e-01	4.44e-01	3.83e-03	0.00e+00	0.00e+00	0.00e+00	0.00e+00	0.00e+00	0.00e+00	4.22e-01	8.29e-02	4.77e-02
 6.38900e+16	5.74e-01	4.23e-01	3.14e-03	0.00e+00	0.00e+00	0.00e+00	0.00e+00	0.00e+00	0.00e+00	4.40e-01	8.46e-02	4.91e-02
 6.39685e+16	5.95e-01	4.02e-01	2.57e-03	0.00e+00	0.00e+00	0.00e+00	0.00e+00	0.00e+00	0.00e+00	4.59e-01	8.60e-02	5.04e-02
 6.40327e+16	6.12e-01	3.86e-01	2.19e-03	0.00e+00	0.00e+00	0.00e+00	0.00e+00	0.00e+00	0.00e+00	4.74e-01	8.70e-02	5.14e-02
 6.40753e+16	6.22e-01	3.76e-01	1.97e-03	0.00e+00	0.00e+00	0.00e+00	0.00e+00	0.00e+00	0.00e+00	4.83e-01	8.76e-02	5.20e-02
 6.41149e+16	6.33e-01	3.66e-01	1.77e-03	0.00e+00	0.00e+00	0.00e+00	0.00e+00	0.00e+00	0.00e+00	4.92e-01	8.80e-02	5.25e-02
 6.41620e+16	6.45e-01	3.53e-01	1.55e-03	0.00e+00	0.00e+00	0.00e+00	0.00e+00	0.00e+00	0.00e+00	5.03e-01	8.85e-02	5.31e-02
 6.42122e+16	6.58e-01	3.40e-01	1.35e-03	0.00e+00	0.00e+00	0.00e+00	0.00e+00	0.00e+00	0.00e+00	5.16e-01	8.90e-02	5.38e-02
 6.42585e+16	6.70e-01	3.29e-01	1.19e-03	0.00e+00	0.00e+00	0.00e+00	0.00e+00	0.00e+00	0.00e+00	5.26e-01	8.93e-02	5.43e-02
 6.43019e+16	6.81e-01	3.18e-01	1.05e-03	0.00e+00	0.00e+00	0.00e+00	0.00e+00	0.00e+00	0.00e+00	5.37e-01	8.95e-02	5.48e-02
 6.43452e+16	6.92e-01	3.07e-01	9.24e-04	0.00e+00	0.00e+00	0.00e+00	0.00e+00	0.00e+00	0.00e+00	5.47e-01	8.97e-02	5.52e-02
 6.43894e+16	7.04e-01	2.96e-01	8.10e-04	0.00e+00	0.00e+00	0.00e+00	0.00e+00	0.00e+00	0.00e+00	5.58e-01	8.97e-02	5.56e-02
 6.44332e+16	7.14e-01	2.85e-01	7.11e-04	0.00e+00	0.00e+00	0.00e+00	0.00e+00	0.00e+00	0.00e+00	5.69e-01	8.98e-02	5.59e-02
 6.44760e+16	7.25e-01	2.74e-01	6.23e-04	0.00e+00	0.00e+00	0.00e+00	0.00e+00	0.00e+00	0.00e+00	5.79e-01	8.97e-02	5.62e-02
 6.45182e+16	7.35e-01	2.64e-01	5.48e-04	0.00e+00	0.00e+00	0.00e+00	0.00e+00	0.00e+00	0.00e+00	5.89e-01	8.96e-02	5.65e-02
 6.45600e+16	7.45e-01	2.54e-01	4.80e-04	0.00e+00	0.00e+00	0.00e+00	0.00e+00	0.00e+00	0.00e+00	5.99e-01	8.93e-02	5.67e-02
 6.46021e+16	7.55e-01	2.45e-01	4.21e-04	0.00e+00	0.00e+00	0.00e+00	0.00e+00	0.00e+00	0.00e+00	6.09e-01	8.91e-02	5.69e-02
 6.46441e+16	7.64e-01	2.35e-01	3.67e-04	0.00e+00	0.00e+00	0.00e+00	0.00e+00	0.00e+00	0.00e+00	6.19e-01	8.88e-02	5.70e-02
 6.46857e+16	7.74e-01	2.26e-01	3.21e-04	0.00e+00	0.00e+00	0.00e+00	0.00e+00	0.00e+00	0.00e+00	6.28e-01	8.84e-02	5.71e-02
 6.47262e+16	7.83e-01	2.17e-01	2.81e-04	0.00e+00	0.00e+00	0.00e+00	0.00e+00	0.00e+00	0.00e+00	6.38e-01	8.79e-02	5.72e-02
 6.47662e+16	7.91e-01	2.09e-01	2.46e-04	0.00e+00	0.00e+00	0.00e+00	0.00e+00	0.00e+00	0.00e+00	6.46e-01	8.75e-02	5.72e-02
 6.48069e+16	8.00e-01	2.00e-01	2.14e-04	0.00e+00	0.00e+00	0.00e+00	0.00e+00	0.00e+00	0.00e+00	6.56e-01	8.69e-02	5.71e-02
 6.48473e+16	8.08e-01	1.92e-01	1.87e-04	0.00e+00	0.00e+00	0.00e+00	0.00e+00	0.00e+00	0.00e+00	6.65e-01	8.63e-02	5.71e-02
 6.48869e+16	8.16e-01	1.84e-01	1.63e-04	0.00e+00	0.00e+00	0.00e+00	0.00e+00	0.00e+00	0.00e+00	6.73e-01	8.57e-02	5.70e-02
 6.49261e+16	8.23e-01	1.76e-01	1.42e-04	0.00e+00	0.00e+00	0.00e+00	0.00e+00	0.00e+00	0.00e+00	6.82e-01	8.51e-02	5.68e-02
 6.49656e+16	8.31e-01	1.69e-01	1.24e-04	0.00e+00	0.00e+00	0.00e+00	0.00e+00	0.00e+00	0.00e+00	6.90e-01	8.44e-02	5.67e-02
 6.50052e+16	8.38e-01	1.61e-01	1.07e-04	0.00e+00	0.00e+00	0.00e+00	0.00e+00	0.00e+00	0.00e+00	6.98e-01	8.36e-02	5.65e-02
 6.50436e+16	8.45e-01	1.55e-01	9.35e-05	0.00e+00	0.00e+00	0.00e+00	0.00e+00	0.00e+00	0.00e+00	7.06e-01	8.29e-02	5.63e-02
 6.50813e+16	8.52e-01	1.48e-01	8.16e-05	0.00e+00	0.00e+00	0.00e+00	0.00e+00	0.00e+00	0.00e+00	7.13e-01	8.22e-02	5.60e-02
 6.51196e+16	8.58e-01	1.42e-01	7.08e-05	0.00e+00	0.00e+00	0.00e+00	0.00e+00	0.00e+00	0.00e+00	7.21e-01	8.14e-02	5.58e-02
 6.51582e+16	8.65e-01	1.35e-01	6.13e-05	0.00e+00	0.00e+00	0.00e+00	0.00e+00	0.00e+00	0.00e+00	7.29e-01	8.06e-02	5.55e-02
 6.51957e+16	8.70e-01	1.29e-01	5.33e-05	0.00e+00	0.00e+00	0.00e+00	0.00e+00	0.00e+00	0.00e+00	7.36e-01	7.98e-02	5.51e-02
 6.52320e+16	8.76e-01	1.24e-01	4.66e-05	0.00e+00	0.00e+00	0.00e+00	0.00e+00	0.00e+00	0.00e+00	7.42e-01	7.90e-02	5.48e-02
