#depth	H	H+	H2
 7.19986e+11	9.07e-04	9.99e-01	2.11e-14
 4.31992e+12	9.07e-04	9.99e-01	2.11e-14
 1.87196e+13	9.06e-04	9.99e-01	2.11e-14
 7.63185e+13	9.06e-04	9.99e-01	2.11e-14
 1.82300e+14	9.02e-04	9.99e-01	2.13e-14
 3.20077e+14	8.97e-04	9.99e-01	2.14e-14
 4.99186e+14	8.93e-04	9.99e-01	2.16e-14
 7.32029e+14	8.91e-04	9.99e-01	2.19e-14
 1.03472e+15	8.88e-04	9.99e-01	2.23e-14
 1.42823e+15	8.86e-04	9.99e-01	2.28e-14
 1.93978e+15	8.86e-04	9.99e-01	2.34e-14
 2.60480e+15	8.89e-04	9.99e-01	2.44e-14
 3.46933e+15	8.97e-04	9.99e-01	2.56e-14
 4.59322e+15	9.11e-04	9.99e-01	2.73e-14
 6.05427e+15	9.36e-04	9.99e-01	2.97e-14
 7.95363e+15	9.77e-04	9.99e-01	3.33e-14
 1.04228e+16	1.04e-03	9.99e-01	3.87e-14
 1.34250e+16	1.13e-03	9.99e-01	4.64e-14
 1.66383e+16	1.26e-03	9.99e-01	5.66e-14
 1.98515e+16	1.41e-03	9.99e-01	6.96e-14
 2.25310e+16	1.57e-03	9.98e-01	8.32e-14
 2.47841e+16	1.73e-03	9.98e-01	9.73e-14
 2.72625e+16	1.95e-03	9.98e-01	1.17e-13
 2.99887e+16	2.24e-03	9.98e-01	1.44e-13
 3.29876e+16	2.64e-03	9.97e-01	1.83e-13
 3.51215e+16	3.02e-03	9.97e-01	2.22e-13
 3.59625e+16	3.19e-03	9.97e-01	2.40e-13
 3.66016e+16	3.33e-03	9.97e-01	2.55e-13
 3.74324e+16	3.52e-03	9.96e-01	2.76e-13
 3.85125e+16	3.79e-03	9.96e-01	3.05e-13
 3.96741e+16	4.11e-03	9.96e-01	3.42e-13
 4.06727e+16	4.43e-03	9.96e-01	3.79e-13
 4.15344e+16	4.73e-03	9.95e-01	4.15e-13
 4.24874e+16	5.10e-03	9.95e-01	4.59e-13
 4.35072e+16	5.55e-03	9.94e-01	5.15e-13
 4.43818e+16	5.97e-03	9.94e-01	5.69e-13
 4.51413e+16	6.40e-03	9.94e-01	6.24e-13
 4.59835e+16	6.90e-03	9.93e-01	6.88e-13
 4.68925e+16	7.53e-03	9.92e-01	7.73e-13
 4.76767e+16	8.13e-03	9.92e-01	8.57e-13
 4.83559e+16	8.72e-03	9.91e-01	9.38e-13
 4.91108e+16	9.46e-03	9.91e-01	1.04e-12
 4.99202e+16	1.03e-02	9.90e-01	1.17e-12
 5.06212e+16	1.12e-02	9.89e-01	1.30e-12
 5.12386e+16	1.21e-02	9.88e-01	1.43e-12
 5.19266e+16	1.32e-02	9.87e-01	1.60e-12
 5.26591e+16	1.46e-02	9.85e-01	1.82e-12
 5.32764e+16	1.59e-02	9.84e-01	2.03e-12
 5.38000e+16	1.72e-02	9.83e-01	2.23e-12
 5.43746e+16	1.88e-02	9.81e-01	2.50e-12
 5.49896e+16	2.09e-02	9.79e-01	2.83e-12
 5.55102e+16	2.28e-02	9.77e-01	3.16e-12
 5.59494e+16	2.48e-02	9.75e-01	3.50e-12
 5.64299e+16	2.72e-02	9.73e-01	3.92e-12
 5.69460e+16	3.03e-02	9.70e-01	4.46e-12
 5.73849e+16	3.34e-02	9.67e-01	5.01e-12
 5.77554e+16	3.63e-02	9.64e-01	5.55e-12
 5.81606e+16	4.02e-02	9.60e-01	6.27e-12
 5.85987e+16	4.52e-02	9.55e-01	7.21e-12
 5.89759e+16	5.03e-02	9.50e-01	8.22e-12
 5.92970e+16	5.55e-02	9.45e-01	9.24e-12
 5.96486e+16	6.22e-02	9.38e-01	1.06e-11
 6.00312e+16	7.10e-02	9.29e-01	1.24e-11
 6.03665e+16	8.06e-02	9.19e-01	1.45e-11
 6.06188e+16	8.92e-02	9.11e-01	1.64e-11
 6.08043e+16	9.64e-02	9.04e-01	1.80e-11
 6.09990e+16	1.05e-01	8.95e-01	2.00e-11
 6.12163e+16	1.16e-01	8.84e-01	2.27e-11
 6.14123e+16	1.27e-01	8.73e-01	2.54e-11
 6.15804e+16	1.39e-01	8.61e-01	2.83e-11
 6.17374e+16	1.50e-01	8.50e-01	3.13e-11
 6.19152e+16	1.65e-01	8.35e-01	3.54e-11
 6.21012e+16	1.83e-01	8.17e-01	4.04e-11
 6.22515e+16	1.99e-01	8.01e-01	4.50e-11
 6.23770e+16	2.15e-01	7.85e-01	4.97e-11
 6.25168e+16	2.33e-01	7.67e-01	5.55e-11
 6.26692e+16	2.55e-01	7.45e-01	6.28e-11
 6.28040e+16	2.77e-01	7.23e-01	7.04e-11
 6.29201e+16	2.97e-01	7.03e-01	7.76e-11
 6.30461e+16	3.21e-01	6.79e-01	8.68e-11
 6.31834e+16	3.49e-01	6.51e-01	9.82e-11
 6.33049e+16	3.77e-01	6.23e-01	1.10e-10
 6.34116e+16	4.01e-01	5.99e-01	1.21e-10
 6.35149e+16	4.26e-01	5.74e-01	1.34e-10
 6.36227e+16	4.53e-01	5.47e-01	1.48e-10
 6.37256e+16	4.80e-01	5.20e-01	1.63e-10
 6.38143e+16	5.03e-01	4.97e-01	1.77e-10
 6.38946e+16	5.25e-01	4.75e-01	1.92e-10
 6.39730e+16	5.46e-01	4.54e-01	2.07e-10
 6.40368e+16	5.63e-01	4.37e-01	2.19e-10
 6.40793e+16	5.74e-01	4.26e-01	2.28e-10
 6.41190e+16	5.84e-01	4.16e-01	2.36e-10
 6.41661e+16	5.97e-01	4.03e-01	2.48e-10
 6.42162e+16	6.11e-01	3.89e-01	2.60e-10
 6.42630e+16	6.24e-01	3.76e-01	2.72e-10
 6.43060e+16	6.35e-01	3.65e-01	2.83e-10
 6.43486e+16	6.46e-01	3.54e-01	2.96e-10
 6.43928e+16	6.58e-01	3.42e-01	3.08e-10
 6.44374e+16	6.70e-01	3.30e-01	3.22e-10
 6.44808e+16	6.82e-01	3.18e-01	3.36e-10
 6.45224e+16	6.92e-01	3.08e-01	3.50e-10
 6.45640e+16	7.03e-01	2.97e-01	3.65e-10
 6.46062e+16	7.14e-01	2.86e-01	3.80e-10
 6.46480e+16	7.25e-01	2.75e-01	3.97e-10
 6.46891e+16	7.35e-01	2.65e-01	4.12e-10
 6.47298e+16	7.45e-01	2.55e-01	4.30e-10
 6.47709e+16	7.55e-01	2.45e-01	4.49e-10
 6.48110e+16	7.64e-01	2.36e-01	4.67e-10
 6.48505e+16	7.73e-01	2.27e-01	4.85e-10
 6.48904e+16	7.82e-01	2.18e-01	5.07e-10
 6.49302e+16	7.91e-01	2.09e-01	5.26e-10
 6.49694e+16	7.99e-01	2.01e-01	5.49e-10
 6.50085e+16	8.07e-01	1.93e-01	5.72e-10
 6.50469e+16	8.15e-01	1.85e-01	5.96e-10
 6.50850e+16	8.23e-01	1.77e-01	6.19e-10
 6.51234e+16	8.30e-01	1.70e-01	6.46e-10
 6.51616e+16	8.37e-01	1.63e-01	6.74e-10
 6.51990e+16	8.44e-01	1.56e-01	7.02e-10
 6.52354e+16	8.51e-01	1.49e-01	7.29e-10
 6.52714e+16	8.57e-01	1.43e-01	7.61e-10
 6.53070e+16	8.63e-01	1.37e-01	7.93e-10
 6.53426e+16	8.69e-01	1.31e-01	8.26e-10
 6.53775e+16	8.74e-01	1.26e-01	8.58e-10
 6.54113e+16	8.79e-01	1.21e-01	8.96e-10
 6.54445e+16	8.84e-01	1.16e-01	9.34e-10
 6.54779e+16	8.89e-01	1.11e-01	9.73e-10
 6.55111e+16	8.93e-01	1.07e-01	1.01e-09
 6.55435e+16	8.97e-01	1.03e-01	1.05e-09
 6.55751e+16	9.02e-01	9.84e-02	1.10e-09
 6.56063e+16	9.06e-01	9.45e-02	1.15e-09
 6.56378e+16	9.09e-01	9.08e-02	1.19e-09
 6.56690e+16	9.13e-01	8.70e-02	1.25e-09
 6.56991e+16	9.16e-01	8.36e-02	1.31e-09
 6.57288e+16	9.20e-01	8.04e-02	1.36e-09
 6.57589e+16	9.23e-01	7.71e-02	1.43e-09
 6.57890e+16	9.26e-01	7.40e-02	1.50e-09
 6.58183e+16	9.29e-01	7.11e-02	1.57e-09
 6.58468e+16	9.32e-01	6.84e-02	1.64e-09
 6.58752e+16	9.34e-01	6.58e-02	1.72e-09
 6.59038e+16	9.37e-01	6.32e-02	1.80e-09
 6.59323e+16	9.39e-01	6.07e-02	1.89e-09
 6.59599e+16	9.42e-01	5.84e-02	1.99e-09
 6.59870e+16	9.44e-01	5.61e-02	2.10e-09
 6.60144e+16	9.46e-01	5.39e-02	2.22e-09
 6.60421e+16	9.48e-01	5.19e-02	2.33e-09
 6.60688e+16	9.50e-01	4.98e-02	2.47e-09
 6.60947e+16	9.52e-01	4.80e-02	2.63e-09
 6.61207e+16	9.54e-01	4.61e-02	2.79e-09
 6.61477e+16	9.56e-01	4.42e-02	2.98e-09
 6.61746e+16	9.58e-01	4.24e-02	3.18e-09
 6.62001e+16	9.59e-01	4.08e-02	3.40e-09
 6.62250e+16	9.61e-01	3.94e-02	3.63e-09
 6.62496e+16	9.62e-01	3.79e-02	3.93e-09
 6.62737e+16	9.64e-01	3.64e-02	4.22e-09
 6.62985e+16	9.65e-01	3.50e-02	4.60e-09
 6.63242e+16	9.66e-01	3.35e-02	5.04e-09
 6.63488e+16	9.68e-01	3.22e-02	5.52e-09
 6.63718e+16	9.69e-01	3.10e-02	6.06e-09
 6.63948e+16	9.70e-01	2.98e-02	6.71e-09
 6.64184e+16	9.71e-01	2.86e-02	7.51e-09
 6.64415e+16	9.73e-01	2.75e-02	8.40e-09
 6.64632e+16	9.74e-01	2.64e-02	9.48e-09
 6.64830e+16	9.74e-01	2.55e-02	1.07e-08
 6.65006e+16	9.75e-01	2.47e-02	1.19e-08
 6.65168e+16	9.76e-01	2.40e-02	1.33e-08
 6.65320e+16	9.77e-01	2.34e-02	1.49e-08
 6.65467e+16	9.77e-01	2.28e-02	1.67e-08
 6.65605e+16	9.78e-01	2.22e-02	1.87e-08
 6.65732e+16	9.78e-01	2.17e-02	2.09e-08
 6.65849e+16	9.79e-01	2.12e-02	2.34e-08
 6.65962e+16	9.79e-01	2.07e-02	2.61e-08
 6.66072e+16	9.80e-01	2.03e-02	2.92e-08
 6.66175e+16	9.80e-01	1.99e-02	3.26e-08
 6.66273e+16	9.81e-01	1.95e-02	3.64e-08
 6.66367e+16	9.81e-01	1.91e-02	4.06e-08
 6.66458e+16	9.81e-01	1.87e-02	4.53e-08
 6.66544e+16	9.82e-01	1.83e-02	5.05e-08
 6.66629e+16	9.82e-01	1.80e-02	5.61e-08
 6.66712e+16	9.82e-01	1.76e-02	6.24e-08
 6.66794e+16	9.83e-01	1.73e-02	6.94e-08
 6.66876e+16	9.83e-01	1.69e-02	7.70e-08
 6.66958e+16	9.83e-01	1.66e-02	8.53e-08
 6.67042e+16	9.84e-01	1.62e-02	9.43e-08
 6.67129e+16	9.84e-01	1.58e-02	1.04e-07
 6.67219e+16	9.85e-01	1.54e-02	1.14e-07
 6.67307e+16	9.85e-01	1.50e-02	1.22e-07
 6.67387e+16	9.85e-01	1.46e-02	1.29e-07
 6.67459e+16	9.86e-01	1.43e-02	1.35e-07
 6.67528e+16	9.86e-01	1.39e-02	1.40e-07
 6.67595e+16	9.86e-01	1.36e-02	1.44e-07
 6.67659e+16	9.87e-01	1.33e-02	1.48e-07
 6.67719e+16	9.87e-01	1.31e-02	1.51e-07
 6.67774e+16	9.87e-01	1.28e-02	1.54e-07
 6.67825e+16	9.87e-01	1.26e-02	1.56e-07
 6.67870e+16	9.88e-01	1.24e-02	1.58e-07
 6.67912e+16	9.88e-01	1.22e-02	1.60e-07
 6.67949e+16	9.88e-01	1.20e-02	1.62e-07
 6.67991e+16	9.88e-01	1.18e-02	1.64e-07
 6.68035e+16	9.88e-01	1.17e-02	1.66e-07
 6.68076e+16	9.89e-01	1.15e-02	1.69e-07
 6.68113e+16	9.89e-01	1.13e-02	1.70e-07
 6.68154e+16	9.89e-01	1.12e-02	1.73e-07
 6.68197e+16	9.89e-01	1.10e-02	1.75e-07
 6.68237e+16	9.89e-01	1.08e-02	1.78e-07
 6.68273e+16	9.89e-01	1.07e-02	1.80e-07
 6.68313e+16	9.89e-01	1.05e-02	1.83e-07
 6.68356e+16	9.90e-01	1.03e-02	1.86e-07
 6.68395e+16	9.90e-01	1.02e-02	1.88e-07
 6.68438e+16	9.90e-01	1.00e-02	1.90e-07
 6.68484e+16	9.90e-01	9.86e-03	1.94e-07
