#depth	H	H+	H2
 4.76617e+11	1.33e-03	9.99e-01	1.13e-13
 2.85970e+12	1.33e-03	9.99e-01	1.13e-13
 1.23921e+13	1.33e-03	9.99e-01	1.13e-13
 5.05214e+13	1.33e-03	9.99e-01	1.14e-13
 1.20680e+14	1.32e-03	9.99e-01	1.14e-13
 2.11885e+14	1.31e-03	9.99e-01	1.15e-13
 3.30452e+14	1.30e-03	9.99e-01	1.16e-13
 4.84590e+14	1.29e-03	9.99e-01	1.17e-13
 6.84968e+14	1.28e-03	9.99e-01	1.19e-13
 9.45460e+14	1.27e-03	9.99e-01	1.21e-13
 1.28410e+15	1.27e-03	9.99e-01	1.23e-13
 1.72433e+15	1.27e-03	9.99e-01	1.27e-13
 2.29663e+15	1.27e-03	9.99e-01	1.33e-13
 3.04062e+15	1.27e-03	9.99e-01	1.41e-13
 4.00781e+15	1.29e-03	9.99e-01	1.51e-13
 5.26516e+15	1.31e-03	9.99e-01	1.62e-13
 6.89971e+15	1.36e-03	9.99e-01	1.77e-13
 8.68552e+15	1.40e-03	9.99e-01	1.91e-13
 1.03374e+16	1.45e-03	9.99e-01	2.02e-13
 1.21543e+16	1.53e-03	9.98e-01	2.12e-13
 1.38404e+16	1.59e-03	9.98e-01	2.22e-13
 1.52244e+16	1.66e-03	9.98e-01	2.29e-13
 1.67468e+16	1.75e-03	9.98e-01	2.36e-13
 1.84215e+16	1.86e-03	9.98e-01	2.45e-13
 2.02637e+16	2.00e-03	9.98e-01	2.57e-13
 2.22900e+16	2.17e-03	9.98e-01	2.73e-13
 2.45029e+16	2.40e-03	9.98e-01	2.97e-13
 2.66945e+16	2.68e-03	9.97e-01	3.31e-13
 2.82583e+16	2.93e-03	9.97e-01	3.69e-13
 2.91338e+16	3.09e-03	9.97e-01	3.92e-13
 2.99432e+16	3.24e-03	9.97e-01	4.10e-13
 3.09954e+16	3.45e-03	9.97e-01	4.38e-13
 3.21479e+16	3.72e-03	9.96e-01	4.77e-13
 3.31543e+16	3.99e-03	9.96e-01	5.18e-13
 3.39986e+16	4.25e-03	9.96e-01	5.58e-13
 3.49088e+16	4.54e-03	9.95e-01	6.00e-13
 3.59012e+16	4.90e-03	9.95e-01	6.55e-13
 3.67615e+16	5.27e-03	9.95e-01	7.11e-13
 3.74840e+16	5.61e-03	9.94e-01	7.67e-13
 3.82667e+16	6.00e-03	9.94e-01	8.25e-13
 3.91275e+16	6.50e-03	9.94e-01	9.02e-13
 3.98846e+16	7.01e-03	9.93e-01	9.84e-13
 4.05228e+16	7.49e-03	9.93e-01	1.06e-12
 4.12120e+16	8.03e-03	9.92e-01	1.14e-12
 4.19740e+16	8.73e-03	9.91e-01	1.25e-12
 4.26510e+16	9.46e-03	9.91e-01	1.37e-12
 4.32260e+16	1.02e-02	9.90e-01	1.48e-12
 4.38482e+16	1.10e-02	9.89e-01	1.59e-12
 4.45370e+16	1.20e-02	9.88e-01	1.76e-12
 4.51517e+16	1.31e-02	9.87e-01	1.93e-12
 4.56780e+16	1.42e-02	9.86e-01	2.10e-12
 4.62505e+16	1.55e-02	9.85e-01	2.29e-12
 4.68708e+16	1.71e-02	9.83e-01	2.54e-12
 4.73965e+16	1.88e-02	9.81e-01	2.81e-12
 4.78216e+16	2.04e-02	9.80e-01	3.05e-12
 4.82726e+16	2.22e-02	9.78e-01	3.33e-12
 4.87748e+16	2.46e-02	9.75e-01	3.69e-12
 4.92227e+16	2.72e-02	9.73e-01	4.13e-12
 4.95920e+16	2.97e-02	9.70e-01	4.54e-12
 4.99800e+16	3.27e-02	9.67e-01	5.01e-12
 5.04075e+16	3.66e-02	9.63e-01	5.62e-12
 5.07854e+16	4.08e-02	9.59e-01	6.34e-12
 5.11024e+16	4.50e-02	9.55e-01	7.05e-12
 5.14410e+16	5.02e-02	9.50e-01	7.92e-12
 5.18134e+16	5.73e-02	9.43e-01	9.19e-12
 5.21392e+16	6.51e-02	9.35e-01	1.06e-11
 5.24124e+16	7.30e-02	9.27e-01	1.21e-11
 5.27072e+16	8.31e-02	9.17e-01	1.40e-11
 5.29891e+16	9.53e-02	9.05e-01	1.64e-11
 5.31792e+16	1.05e-01	8.95e-01	1.84e-11
 5.33221e+16	1.13e-01	8.87e-01	2.01e-11
 5.34785e+16	1.24e-01	8.76e-01	2.24e-11
 5.36818e+16	1.39e-01	8.61e-01	2.57e-11
 5.38806e+16	1.57e-01	8.43e-01	2.98e-11
 5.40222e+16	1.72e-01	8.28e-01	3.33e-11
 5.41328e+16	1.84e-01	8.16e-01	3.64e-11
 5.42544e+16	1.99e-01	8.01e-01	4.03e-11
 5.44125e+16	2.21e-01	7.79e-01	4.61e-11
 5.45679e+16	2.47e-01	7.53e-01	5.33e-11
 5.46799e+16	2.67e-01	7.33e-01	5.94e-11
 5.47687e+16	2.84e-01	7.16e-01	6.46e-11
 5.48672e+16	3.04e-01	6.96e-01	7.13e-11
 5.49953e+16	3.33e-01	6.67e-01	8.10e-11
 5.51248e+16	3.65e-01	6.35e-01	9.30e-11
 5.52233e+16	3.92e-01	6.08e-01	1.04e-10
 5.53036e+16	4.13e-01	5.87e-01	1.13e-10
 5.53861e+16	4.37e-01	5.63e-01	1.23e-10
 5.54765e+16	4.64e-01	5.36e-01	1.36e-10
 5.55639e+16	4.91e-01	5.09e-01	1.51e-10
 5.56389e+16	5.14e-01	4.86e-01	1.64e-10
 5.57046e+16	5.35e-01	4.65e-01	1.76e-10
 5.57559e+16	5.51e-01	4.49e-01	1.87e-10
 5.57914e+16	5.62e-01	4.38e-01	1.94e-10
 5.58260e+16	5.72e-01	4.28e-01	2.02e-10
 5.58669e+16	5.86e-01	4.14e-01	2.12e-10
 5.59101e+16	5.99e-01	4.01e-01	2.22e-10
 5.59500e+16	6.12e-01	3.88e-01	2.32e-10
 5.59874e+16	6.24e-01	3.76e-01	2.43e-10
 5.60246e+16	6.35e-01	3.65e-01	2.53e-10
 5.60626e+16	6.48e-01	3.52e-01	2.65e-10
 5.61008e+16	6.60e-01	3.40e-01	2.77e-10
 5.61376e+16	6.71e-01	3.29e-01	2.89e-10
 5.61737e+16	6.82e-01	3.18e-01	3.02e-10
 5.62099e+16	6.93e-01	3.07e-01	3.15e-10
 5.62462e+16	7.04e-01	2.96e-01	3.29e-10
 5.62821e+16	7.15e-01	2.85e-01	3.43e-10
 5.63175e+16	7.25e-01	2.75e-01	3.58e-10
 5.63530e+16	7.36e-01	2.64e-01	3.74e-10
 5.63879e+16	7.46e-01	2.54e-01	3.90e-10
 5.64222e+16	7.55e-01	2.45e-01	4.06e-10
 5.64569e+16	7.65e-01	2.35e-01	4.25e-10
 5.64914e+16	7.74e-01	2.26e-01	4.42e-10
 5.65253e+16	7.83e-01	2.17e-01	4.63e-10
 5.65590e+16	7.91e-01	2.09e-01	4.81e-10
 5.65927e+16	8.00e-01	2.00e-01	5.03e-10
 5.66266e+16	8.08e-01	1.92e-01	5.26e-10
 5.66596e+16	8.16e-01	1.84e-01	5.49e-10
 5.66919e+16	8.23e-01	1.77e-01	5.71e-10
 5.67246e+16	8.31e-01	1.69e-01	5.98e-10
 5.67574e+16	8.38e-01	1.62e-01	6.26e-10
 5.67896e+16	8.45e-01	1.55e-01	6.54e-10
 5.68207e+16	8.51e-01	1.49e-01	6.80e-10
 5.68512e+16	8.57e-01	1.43e-01	7.12e-10
 5.68814e+16	8.63e-01	1.37e-01	7.44e-10
 5.69117e+16	8.69e-01	1.31e-01	7.77e-10
 5.69416e+16	8.74e-01	1.26e-01	8.09e-10
 5.69706e+16	8.79e-01	1.21e-01	8.47e-10
 5.69988e+16	8.84e-01	1.16e-01	8.86e-10
 5.70271e+16	8.89e-01	1.11e-01	9.26e-10
 5.70554e+16	8.93e-01	1.07e-01	9.64e-10
 5.70831e+16	8.98e-01	1.02e-01	1.01e-09
 5.71100e+16	9.02e-01	9.84e-02	1.06e-09
 5.71366e+16	9.05e-01	9.46e-02	1.11e-09
 5.71634e+16	9.09e-01	9.09e-02	1.15e-09
 5.71901e+16	9.13e-01	8.71e-02	1.21e-09
 5.72161e+16	9.16e-01	8.37e-02	1.27e-09
 5.72416e+16	9.20e-01	8.04e-02	1.33e-09
 5.72670e+16	9.23e-01	7.73e-02	1.40e-09
 5.72919e+16	9.26e-01	7.43e-02	1.46e-09
 5.73169e+16	9.29e-01	7.14e-02	1.54e-09
 5.73417e+16	9.31e-01	6.85e-02	1.63e-09
 5.73657e+16	9.34e-01	6.59e-02	1.71e-09
 5.73895e+16	9.37e-01	6.35e-02	1.79e-09
 5.74137e+16	9.39e-01	6.10e-02	1.89e-09
 5.74377e+16	9.41e-01	5.85e-02	2.00e-09
 5.74610e+16	9.44e-01	5.63e-02	2.12e-09
 5.74839e+16	9.46e-01	5.41e-02	2.25e-09
 5.75069e+16	9.48e-01	5.21e-02	2.37e-09
 5.75299e+16	9.50e-01	5.00e-02	2.52e-09
 5.75526e+16	9.52e-01	4.81e-02	2.69e-09
 5.75748e+16	9.54e-01	4.62e-02	2.88e-09
 5.75968e+16	9.56e-01	4.44e-02	3.08e-09
 5.76193e+16	9.57e-01	4.26e-02	3.30e-09
 5.76418e+16	9.59e-01	4.09e-02	3.55e-09
 5.76630e+16	9.61e-01	3.94e-02	3.81e-09
 5.76833e+16	9.62e-01	3.80e-02	4.09e-09
 5.77042e+16	9.64e-01	3.65e-02	4.46e-09
 5.77258e+16	9.65e-01	3.50e-02	4.90e-09
 5.77469e+16	9.66e-01	3.36e-02	5.39e-09
 5.77669e+16	9.68e-01	3.23e-02	5.89e-09
 5.77865e+16	9.69e-01	3.10e-02	6.55e-09
 5.78064e+16	9.70e-01	2.98e-02	7.30e-09
 5.78259e+16	9.71e-01	2.86e-02	8.19e-09
 5.78443e+16	9.72e-01	2.76e-02	9.17e-09
 5.78613e+16	9.73e-01	2.66e-02	1.03e-08
 5.78770e+16	9.74e-01	2.57e-02	1.16e-08
 5.78913e+16	9.75e-01	2.50e-02	1.29e-08
 5.79048e+16	9.76e-01	2.43e-02	1.45e-08
 5.79176e+16	9.76e-01	2.36e-02	1.62e-08
 5.79294e+16	9.77e-01	2.30e-02	1.81e-08
 5.79404e+16	9.78e-01	2.24e-02	2.02e-08
 5.79509e+16	9.78e-01	2.19e-02	2.26e-08
 5.79611e+16	9.79e-01	2.14e-02	2.52e-08
 5.79708e+16	9.79e-01	2.09e-02	2.82e-08
 5.79801e+16	9.80e-01	2.04e-02	3.15e-08
 5.79889e+16	9.80e-01	2.00e-02	3.51e-08
 5.79974e+16	9.80e-01	1.95e-02	3.92e-08
 5.80056e+16	9.81e-01	1.91e-02	4.36e-08
 5.80137e+16	9.81e-01	1.87e-02	4.85e-08
 5.80216e+16	9.82e-01	1.83e-02	5.39e-08
 5.80295e+16	9.82e-01	1.79e-02	5.98e-08
 5.80374e+16	9.83e-01	1.75e-02	6.63e-08
 5.80455e+16	9.83e-01	1.70e-02	7.33e-08
 5.80538e+16	9.83e-01	1.66e-02	8.07e-08
 5.80624e+16	9.84e-01	1.61e-02	8.81e-08
 5.80708e+16	9.84e-01	1.57e-02	9.48e-08
 5.80782e+16	9.85e-01	1.53e-02	1.00e-07
 5.80849e+16	9.85e-01	1.49e-02	1.05e-07
 5.80912e+16	9.85e-01	1.45e-02	1.08e-07
 5.80973e+16	9.86e-01	1.42e-02	1.11e-07
 5.81033e+16	9.86e-01	1.39e-02	1.14e-07
 5.81090e+16	9.86e-01	1.36e-02	1.17e-07
 5.81142e+16	9.87e-01	1.33e-02	1.19e-07
 5.81190e+16	9.87e-01	1.31e-02	1.21e-07
 5.81233e+16	9.87e-01	1.28e-02	1.23e-07
 5.81272e+16	9.87e-01	1.26e-02	1.24e-07
 5.81308e+16	9.88e-01	1.24e-02	1.26e-07
 5.81341e+16	9.88e-01	1.23e-02	1.27e-07
 5.81376e+16	9.88e-01	1.21e-02	1.29e-07
 5.81415e+16	9.88e-01	1.19e-02	1.30e-07
 5.81450e+16	9.88e-01	1.17e-02	1.32e-07
 5.81482e+16	9.88e-01	1.16e-02	1.33e-07
 5.81517e+16	9.89e-01	1.14e-02	1.35e-07
 5.81555e+16	9.89e-01	1.12e-02	1.37e-07
 5.81589e+16	9.89e-01	1.11e-02	1.39e-07
 5.81620e+16	9.89e-01	1.09e-02	1.41e-07
 5.81654e+16	9.89e-01	1.08e-02	1.43e-07
 5.81691e+16	9.89e-01	1.06e-02	1.45e-07
 5.81725e+16	9.90e-01	1.05e-02	1.47e-07
 5.81762e+16	9.90e-01	1.03e-02	1.49e-07
 5.81810e+16	9.90e-01	1.01e-02	1.52e-07
 5.81862e+16	9.90e-01	9.88e-03	1.55e-07
