#depth	He	He+	He+2
 4.76617e+11	7.96e-04	8.40e-01	1.59e-01
 2.85970e+12	7.96e-04	8.40e-01	1.59e-01
 1.23921e+13	7.97e-04	8.41e-01	1.58e-01
 5.05214e+13	8.01e-04	8.45e-01	1.55e-01
 1.20680e+14	8.04e-04	8.47e-01	1.52e-01
 2.11885e+14	8.11e-04	8.53e-01	1.46e-01
 3.30452e+14	8.23e-04	8.63e-01	1.36e-01
 4.84590e+14	8.39e-04	8.78e-01	1.22e-01
 6.84968e+14	8.59e-04	8.96e-01	1.03e-01
 9.45460e+14	8.86e-04	9.19e-01	8.06e-02
 1.28410e+15	9.15e-04	9.42e-01	5.67e-02
 1.72433e+15	9.46e-04	9.64e-01	3.47e-02
 2.29663e+15	9.77e-04	9.81e-01	1.78e-02
 3.04062e+15	1.01e-03	9.92e-01	7.43e-03
 4.00781e+15	1.04e-03	9.97e-01	2.44e-03
 5.26516e+15	1.08e-03	9.98e-01	6.18e-04
 6.89971e+15	1.14e-03	9.99e-01	1.19e-04
 8.68552e+15	1.19e-03	9.99e-01	2.29e-05
 1.03374e+16	1.25e-03	9.99e-01	6.06e-06
 1.21543e+16	1.32e-03	9.99e-01	1.69e-06
 1.38404e+16	1.38e-03	9.99e-01	5.95e-07
 1.52244e+16	1.43e-03	9.99e-01	2.74e-07
 1.67468e+16	1.50e-03	9.98e-01	1.26e-07
 1.84215e+16	1.58e-03	9.98e-01	5.82e-08
 2.02637e+16	1.67e-03	9.98e-01	2.69e-08
 2.22900e+16	1.78e-03	9.98e-01	1.24e-08
 2.45029e+16	1.91e-03	9.98e-01	5.81e-09
 2.66945e+16	2.06e-03	9.98e-01	2.95e-09
 2.82583e+16	2.19e-03	9.98e-01	1.94e-09
 2.91338e+16	2.26e-03	9.98e-01	1.54e-09
 2.99432e+16	2.33e-03	9.98e-01	1.24e-09
 3.09954e+16	2.43e-03	9.98e-01	9.41e-10
 3.21479e+16	2.55e-03	9.97e-01	7.15e-10
 3.31543e+16	2.66e-03	9.97e-01	5.72e-10
 3.39986e+16	2.77e-03	9.97e-01	4.77e-10
 3.49088e+16	2.88e-03	9.97e-01	3.93e-10
 3.59012e+16	3.02e-03	9.97e-01	3.24e-10
 3.67615e+16	3.15e-03	9.97e-01	2.78e-10
 3.74840e+16	3.27e-03	9.97e-01	2.45e-10
 3.82667e+16	3.41e-03	9.97e-01	2.14e-10
 3.91275e+16	3.58e-03	9.96e-01	1.88e-10
 3.98846e+16	3.74e-03	9.96e-01	1.69e-10
 4.05228e+16	3.90e-03	9.96e-01	1.55e-10
 4.12120e+16	4.07e-03	9.96e-01	1.41e-10
 4.19740e+16	4.28e-03	9.96e-01	1.29e-10
 4.26510e+16	4.50e-03	9.96e-01	1.20e-10
 4.32260e+16	4.70e-03	9.95e-01	1.14e-10
 4.38482e+16	4.93e-03	9.95e-01	1.07e-10
 4.45370e+16	5.22e-03	9.95e-01	1.01e-10
 4.51517e+16	5.52e-03	9.94e-01	9.71e-11
 4.56780e+16	5.81e-03	9.94e-01	9.40e-11
 4.62505e+16	6.16e-03	9.94e-01	9.09e-11
 4.68708e+16	6.59e-03	9.93e-01	8.85e-11
 4.73965e+16	7.02e-03	9.93e-01	8.69e-11
 4.78216e+16	7.42e-03	9.93e-01	8.63e-11
 4.82726e+16	7.89e-03	9.92e-01	8.57e-11
 4.87748e+16	8.48e-03	9.92e-01	8.57e-11
 4.92227e+16	9.13e-03	9.91e-01	8.57e-11
 4.95920e+16	9.74e-03	9.90e-01	8.60e-11
 4.99800e+16	1.05e-02	9.90e-01	8.75e-11
 5.04075e+16	1.14e-02	9.89e-01	9.04e-11
 5.07854e+16	1.24e-02	9.88e-01	9.30e-11
 5.11024e+16	1.34e-02	9.87e-01	9.61e-11
 5.14410e+16	1.46e-02	9.85e-01	1.00e-10
 5.18134e+16	1.63e-02	9.84e-01	1.06e-10
 5.21392e+16	1.80e-02	9.82e-01	1.13e-10
 5.24124e+16	1.98e-02	9.80e-01	1.21e-10
 5.27072e+16	2.22e-02	9.78e-01	1.32e-10
 5.29891e+16	2.49e-02	9.75e-01	1.46e-10
 5.31792e+16	2.72e-02	9.73e-01	1.58e-10
 5.33221e+16	2.91e-02	9.71e-01	1.69e-10
 5.34785e+16	3.16e-02	9.68e-01	1.79e-10
 5.36818e+16	3.52e-02	9.65e-01	2.01e-10
 5.38806e+16	3.94e-02	9.61e-01	2.31e-10
 5.40222e+16	4.31e-02	9.57e-01	2.55e-10
 5.41328e+16	4.63e-02	9.54e-01	2.79e-10
 5.42544e+16	5.03e-02	9.50e-01	3.08e-10
 5.44125e+16	5.62e-02	9.44e-01	3.55e-10
 5.45679e+16	6.31e-02	9.37e-01	4.13e-10
 5.46799e+16	6.91e-02	9.31e-01	4.60e-10
 5.47687e+16	7.43e-02	9.26e-01	5.10e-10
 5.48672e+16	8.10e-02	9.19e-01	5.64e-10
 5.49953e+16	9.05e-02	9.10e-01	6.59e-10
 5.51248e+16	1.02e-01	8.98e-01	7.77e-10
 5.52233e+16	1.12e-01	8.88e-01	8.76e-10
 5.53036e+16	1.21e-01	8.79e-01	9.77e-10
 5.53861e+16	1.31e-01	8.69e-01	1.09e-09
 5.54765e+16	1.44e-01	8.56e-01	1.23e-09
 5.55639e+16	1.57e-01	8.43e-01	1.39e-09
 5.56389e+16	1.70e-01	8.30e-01	1.55e-09
 5.57046e+16	1.82e-01	8.18e-01	1.69e-09
 5.57559e+16	1.92e-01	8.08e-01	1.82e-09
 5.57914e+16	1.99e-01	8.01e-01	1.90e-09
 5.58260e+16	2.07e-01	7.93e-01	1.99e-09
 5.58669e+16	2.16e-01	7.84e-01	2.10e-09
 5.59101e+16	2.27e-01	7.73e-01	2.22e-09
 5.59500e+16	2.36e-01	7.64e-01	2.36e-09
 5.59874e+16	2.46e-01	7.54e-01	2.47e-09
 5.60246e+16	2.56e-01	7.44e-01	2.61e-09
 5.60626e+16	2.66e-01	7.34e-01	2.74e-09
 5.61008e+16	2.78e-01	7.22e-01	2.88e-09
 5.61376e+16	2.88e-01	7.12e-01	3.03e-09
 5.61737e+16	3.00e-01	7.00e-01	3.17e-09
 5.62099e+16	3.11e-01	6.89e-01	3.33e-09
 5.62462e+16	3.24e-01	6.76e-01	3.48e-09
 5.62821e+16	3.35e-01	6.65e-01	3.66e-09
 5.63175e+16	3.48e-01	6.52e-01	3.82e-09
 5.63530e+16	3.61e-01	6.39e-01	3.99e-09
 5.63879e+16	3.74e-01	6.26e-01	4.16e-09
 5.64222e+16	3.87e-01	6.13e-01	4.34e-09
 5.64569e+16	4.01e-01	5.99e-01	4.51e-09
 5.64914e+16	4.14e-01	5.86e-01	4.70e-09
 5.65253e+16	4.29e-01	5.71e-01	4.87e-09
 5.65590e+16	4.42e-01	5.58e-01	5.07e-09
 5.65927e+16	4.57e-01	5.43e-01	5.25e-09
 5.66266e+16	4.71e-01	5.29e-01	5.43e-09
 5.66596e+16	4.86e-01	5.14e-01	5.62e-09
 5.66919e+16	5.00e-01	5.00e-01	5.80e-09
 5.67246e+16	5.15e-01	4.85e-01	5.98e-09
 5.67574e+16	5.30e-01	4.70e-01	6.16e-09
 5.67896e+16	5.44e-01	4.56e-01	6.34e-09
 5.68207e+16	5.58e-01	4.42e-01	6.52e-09
 5.68512e+16	5.72e-01	4.28e-01	6.68e-09
 5.68814e+16	5.86e-01	4.14e-01	6.83e-09
 5.69117e+16	6.00e-01	4.00e-01	6.99e-09
 5.69416e+16	6.14e-01	3.86e-01	7.15e-09
 5.69706e+16	6.27e-01	3.73e-01	7.29e-09
 5.69988e+16	6.40e-01	3.60e-01	7.42e-09
 5.70271e+16	6.52e-01	3.48e-01	7.55e-09
 5.70554e+16	6.65e-01	3.35e-01	7.68e-09
 5.70831e+16	6.77e-01	3.23e-01	7.81e-09
 5.71100e+16	6.89e-01	3.11e-01	7.91e-09
 5.71366e+16	7.00e-01	3.00e-01	8.01e-09
 5.71634e+16	7.12e-01	2.88e-01	8.12e-09
 5.71901e+16	7.23e-01	2.77e-01	8.21e-09
 5.72161e+16	7.33e-01	2.67e-01	8.30e-09
 5.72416e+16	7.43e-01	2.57e-01	8.38e-09
 5.72670e+16	7.53e-01	2.47e-01	8.46e-09
 5.72919e+16	7.63e-01	2.37e-01	8.52e-09
 5.73169e+16	7.73e-01	2.27e-01	8.59e-09
 5.73417e+16	7.82e-01	2.18e-01	8.65e-09
 5.73657e+16	7.90e-01	2.10e-01	8.69e-09
 5.73895e+16	7.99e-01	2.01e-01	8.75e-09
 5.74137e+16	8.07e-01	1.93e-01	8.79e-09
 5.74377e+16	8.15e-01	1.85e-01	8.82e-09
 5.74610e+16	8.22e-01	1.78e-01	8.85e-09
 5.74839e+16	8.30e-01	1.70e-01	8.86e-09
 5.75069e+16	8.37e-01	1.63e-01	8.89e-09
 5.75299e+16	8.43e-01	1.57e-01	8.91e-09
 5.75526e+16	8.50e-01	1.50e-01	8.92e-09
 5.75748e+16	8.56e-01	1.44e-01	8.92e-09
 5.75968e+16	8.62e-01	1.38e-01	8.88e-09
 5.76193e+16	8.68e-01	1.32e-01	8.88e-09
 5.76418e+16	8.74e-01	1.26e-01	8.90e-09
 5.76630e+16	8.79e-01	1.21e-01	8.91e-09
 5.76833e+16	8.84e-01	1.16e-01	8.89e-09
 5.77042e+16	8.88e-01	1.12e-01	8.85e-09
 5.77258e+16	8.93e-01	1.07e-01	8.82e-09
 5.77469e+16	8.98e-01	1.02e-01	8.80e-09
 5.77669e+16	9.02e-01	9.82e-02	8.78e-09
 5.77865e+16	9.06e-01	9.42e-02	8.73e-09
 5.78064e+16	9.10e-01	9.03e-02	8.68e-09
 5.78259e+16	9.13e-01	8.67e-02	8.64e-09
 5.78443e+16	9.17e-01	8.34e-02	8.60e-09
 5.78613e+16	9.20e-01	8.04e-02	8.55e-09
 5.78770e+16	9.22e-01	7.77e-02	8.50e-09
 5.78913e+16	9.25e-01	7.54e-02	8.46e-09
 5.79048e+16	9.27e-01	7.31e-02	8.39e-09
 5.79176e+16	9.29e-01	7.11e-02	8.34e-09
 5.79294e+16	9.31e-01	6.92e-02	8.28e-09
 5.79404e+16	9.32e-01	6.75e-02	8.22e-09
 5.79509e+16	9.34e-01	6.59e-02	8.16e-09
 5.79611e+16	9.36e-01	6.44e-02	8.10e-09
 5.79708e+16	9.37e-01	6.30e-02	8.05e-09
 5.79801e+16	9.38e-01	6.16e-02	7.99e-09
 5.79889e+16	9.40e-01	6.04e-02	7.93e-09
 5.79974e+16	9.41e-01	5.92e-02	7.87e-09
 5.80056e+16	9.42e-01	5.80e-02	7.82e-09
 5.80137e+16	9.43e-01	5.69e-02	7.76e-09
 5.80216e+16	9.44e-01	5.59e-02	7.70e-09
 5.80295e+16	9.45e-01	5.48e-02	7.63e-09
 5.80374e+16	9.46e-01	5.37e-02	7.57e-09
 5.80455e+16	9.47e-01	5.27e-02	7.49e-09
 5.80538e+16	9.48e-01	5.16e-02	7.42e-09
 5.80624e+16	9.50e-01	5.05e-02	7.33e-09
 5.80708e+16	9.51e-01	4.94e-02	7.25e-09
 5.80782e+16	9.52e-01	4.85e-02	7.16e-09
 5.80849e+16	9.52e-01	4.77e-02	7.08e-09
 5.80912e+16	9.53e-01	4.69e-02	7.00e-09
 5.80973e+16	9.54e-01	4.61e-02	6.93e-09
 5.81033e+16	9.55e-01	4.53e-02	6.85e-09
 5.81090e+16	9.55e-01	4.46e-02	6.77e-09
 5.81142e+16	9.56e-01	4.40e-02	6.69e-09
 5.81190e+16	9.57e-01	4.34e-02	6.62e-09
 5.81233e+16	9.57e-01	4.28e-02	6.55e-09
 5.81272e+16	9.58e-01	4.23e-02	6.48e-09
 5.81308e+16	9.58e-01	4.18e-02	6.42e-09
 5.81341e+16	9.59e-01	4.15e-02	6.38e-09
 5.81376e+16	9.59e-01	4.10e-02	6.31e-09
 5.81415e+16	9.59e-01	4.05e-02	6.26e-09
 5.81450e+16	9.60e-01	4.01e-02	6.20e-09
 5.81482e+16	9.60e-01	3.97e-02	6.14e-09
 5.81517e+16	9.61e-01	3.92e-02	6.09e-09
 5.81555e+16	9.61e-01	3.87e-02	6.02e-09
 5.81589e+16	9.62e-01	3.83e-02	5.97e-09
 5.81620e+16	9.62e-01	3.79e-02	5.91e-09
 5.81654e+16	9.62e-01	3.75e-02	5.86e-09
 5.81691e+16	9.63e-01	3.71e-02	5.79e-09
 5.81725e+16	9.63e-01	3.67e-02	5.76e-09
 5.81762e+16	9.64e-01	3.63e-02	5.70e-09
 5.81810e+16	9.64e-01	3.58e-02	5.65e-09
 5.81862e+16	9.65e-01	3.52e-02	5.58e-09
