#depth	O	O+	O+2	O+3	O+4	O+5	O+6	O+7	O+8	O[1]	O[2]	O[3]
 4.76617e+11	6.00e-06	9.33e-03	9.01e-01	8.95e-02	1.20e-05	0.00e+00	0.00e+00	0.00e+00	0.00e+00	4.39e-06	1.06e-06	5.47e-07
 2.85970e+12	5.98e-06	9.32e-03	9.01e-01	8.93e-02	1.20e-05	0.00e+00	0.00e+00	0.00e+00	0.00e+00	4.37e-06	1.06e-06	5.46e-07
 1.23921e+13	5.98e-06	9.33e-03	9.02e-01	8.83e-02	1.18e-05	0.00e+00	0.00e+00	0.00e+00	0.00e+00	4.37e-06	1.06e-06	5.47e-07
 5.05214e+13	6.01e-06	9.38e-03	9.06e-01	8.45e-02	1.10e-05	0.00e+00	0.00e+00	0.00e+00	0.00e+00	4.40e-06	1.07e-06	5.51e-07
 1.20680e+14	6.00e-06	9.41e-03	9.11e-01	7.92e-02	9.88e-06	0.00e+00	0.00e+00	0.00e+00	0.00e+00	4.38e-06	1.07e-06	5.51e-07
 2.11885e+14	6.01e-06	9.47e-03	9.18e-01	7.25e-02	8.56e-06	0.00e+00	0.00e+00	0.00e+00	0.00e+00	4.39e-06	1.07e-06	5.53e-07
 3.30452e+14	6.05e-06	9.56e-03	9.26e-01	6.45e-02	7.08e-06	0.00e+00	0.00e+00	0.00e+00	0.00e+00	4.42e-06	1.07e-06	5.56e-07
 4.84590e+14	6.08e-06	9.66e-03	9.35e-01	5.51e-02	5.52e-06	0.00e+00	0.00e+00	0.00e+00	0.00e+00	4.44e-06	1.08e-06	5.59e-07
 6.84968e+14	6.15e-06	9.79e-03	9.46e-01	4.46e-02	3.95e-06	0.00e+00	0.00e+00	0.00e+00	0.00e+00	4.49e-06	1.09e-06	5.64e-07
 9.45460e+14	6.25e-06	9.95e-03	9.57e-01	3.35e-02	2.53e-06	0.00e+00	0.00e+00	0.00e+00	0.00e+00	4.56e-06	1.11e-06	5.73e-07
 1.28410e+15	6.38e-06	1.01e-02	9.67e-01	2.29e-02	1.40e-06	0.00e+00	0.00e+00	0.00e+00	0.00e+00	4.66e-06	1.13e-06	5.85e-07
 1.72433e+15	6.56e-06	1.04e-02	9.76e-01	1.37e-02	6.36e-07	0.00e+00	0.00e+00	0.00e+00	0.00e+00	4.80e-06	1.16e-06	6.01e-07
 2.29663e+15	6.82e-06	1.06e-02	9.82e-01	7.02e-03	2.26e-07	0.00e+00	0.00e+00	0.00e+00	0.00e+00	4.99e-06	1.20e-06	6.23e-07
 3.04062e+15	7.16e-06	1.10e-02	9.86e-01	2.97e-03	0.00e+00	0.00e+00	0.00e+00	0.00e+00	0.00e+00	5.24e-06	1.26e-06	6.54e-07
 4.00781e+15	7.63e-06	1.13e-02	9.88e-01	1.01e-03	0.00e+00	0.00e+00	0.00e+00	0.00e+00	0.00e+00	5.59e-06	1.34e-06	6.95e-07
 5.26516e+15	8.31e-06	1.19e-02	9.88e-01	2.72e-04	0.00e+00	0.00e+00	0.00e+00	0.00e+00	0.00e+00	6.09e-06	1.46e-06	7.57e-07
 6.89971e+15	9.39e-06	1.26e-02	9.87e-01	5.87e-05	0.00e+00	0.00e+00	0.00e+00	0.00e+00	0.00e+00	6.88e-06	1.65e-06	8.54e-07
 8.68552e+15	1.06e-05	1.34e-02	9.87e-01	1.39e-05	0.00e+00	0.00e+00	0.00e+00	0.00e+00	0.00e+00	7.77e-06	1.86e-06	9.63e-07
 1.03374e+16	1.20e-05	1.42e-02	9.86e-01	4.99e-06	0.00e+00	0.00e+00	0.00e+00	0.00e+00	0.00e+00	8.77e-06	2.10e-06	1.09e-06
 1.21543e+16	1.39e-05	1.52e-02	9.85e-01	2.32e-06	0.00e+00	0.00e+00	0.00e+00	0.00e+00	0.00e+00	1.02e-05	2.45e-06	1.27e-06
 1.38404e+16	1.59e-05	1.61e-02	9.84e-01	1.48e-06	0.00e+00	0.00e+00	0.00e+00	0.00e+00	0.00e+00	1.16e-05	2.79e-06	1.44e-06
 1.52244e+16	1.79e-05	1.70e-02	9.83e-01	1.15e-06	0.00e+00	0.00e+00	0.00e+00	0.00e+00	0.00e+00	1.31e-05	3.15e-06	1.63e-06
 1.67468e+16	2.06e-05	1.81e-02	9.82e-01	9.30e-07	0.00e+00	0.00e+00	0.00e+00	0.00e+00	0.00e+00	1.50e-05	3.63e-06	1.88e-06
 1.84215e+16	2.40e-05	1.93e-02	9.81e-01	7.75e-07	0.00e+00	0.00e+00	0.00e+00	0.00e+00	0.00e+00	1.76e-05	4.25e-06	2.21e-06
 2.02637e+16	2.87e-05	2.08e-02	9.79e-01	6.58e-07	0.00e+00	0.00e+00	0.00e+00	0.00e+00	0.00e+00	2.10e-05	5.10e-06	2.65e-06
 2.22900e+16	3.53e-05	2.26e-02	9.77e-01	5.66e-07	0.00e+00	0.00e+00	0.00e+00	0.00e+00	0.00e+00	2.58e-05	6.29e-06	3.27e-06
 2.45029e+16	4.48e-05	2.48e-02	9.75e-01	4.91e-07	0.00e+00	0.00e+00	0.00e+00	0.00e+00	0.00e+00	3.26e-05	8.02e-06	4.18e-06
 2.66945e+16	5.77e-05	2.75e-02	9.72e-01	4.34e-07	0.00e+00	0.00e+00	0.00e+00	0.00e+00	0.00e+00	4.19e-05	1.04e-05	5.41e-06
 2.82583e+16	7.05e-05	2.99e-02	9.70e-01	3.97e-07	0.00e+00	0.00e+00	0.00e+00	0.00e+00	0.00e+00	5.12e-05	1.27e-05	6.64e-06
 2.91338e+16	7.93e-05	3.13e-02	9.69e-01	3.80e-07	0.00e+00	0.00e+00	0.00e+00	0.00e+00	0.00e+00	5.75e-05	1.43e-05	7.49e-06
 2.99432e+16	8.82e-05	3.27e-02	9.67e-01	3.65e-07	0.00e+00	0.00e+00	0.00e+00	0.00e+00	0.00e+00	6.38e-05	1.60e-05	8.35e-06
 3.09954e+16	1.02e-04	3.47e-02	9.65e-01	3.49e-07	0.00e+00	0.00e+00	0.00e+00	0.00e+00	0.00e+00	7.36e-05	1.85e-05	9.68e-06
 3.21479e+16	1.21e-04	3.73e-02	9.63e-01	3.31e-07	0.00e+00	0.00e+00	0.00e+00	0.00e+00	0.00e+00	8.70e-05	2.20e-05	1.15e-05
 3.31543e+16	1.41e-04	3.98e-02	9.60e-01	3.15e-07	0.00e+00	0.00e+00	0.00e+00	0.00e+00	0.00e+00	1.02e-04	2.58e-05	1.35e-05
 3.39986e+16	1.62e-04	4.22e-02	9.58e-01	3.03e-07	0.00e+00	0.00e+00	0.00e+00	0.00e+00	0.00e+00	1.16e-04	2.97e-05	1.55e-05
 3.49088e+16	1.88e-04	4.51e-02	9.55e-01	2.92e-07	0.00e+00	0.00e+00	0.00e+00	0.00e+00	0.00e+00	1.35e-04	3.46e-05	1.81e-05
 3.59012e+16	2.23e-04	4.87e-02	9.51e-01	2.79e-07	0.00e+00	0.00e+00	0.00e+00	0.00e+00	0.00e+00	1.60e-04	4.13e-05	2.16e-05
 3.67615e+16	2.62e-04	5.23e-02	9.47e-01	2.68e-07	0.00e+00	0.00e+00	0.00e+00	0.00e+00	0.00e+00	1.88e-04	4.86e-05	2.54e-05
 3.74840e+16	3.02e-04	5.58e-02	9.44e-01	2.58e-07	0.00e+00	0.00e+00	0.00e+00	0.00e+00	0.00e+00	2.16e-04	5.62e-05	2.92e-05
 3.82667e+16	3.52e-04	5.99e-02	9.40e-01	2.48e-07	0.00e+00	0.00e+00	0.00e+00	0.00e+00	0.00e+00	2.52e-04	6.56e-05	3.41e-05
 3.91275e+16	4.21e-04	6.51e-02	9.34e-01	2.37e-07	0.00e+00	0.00e+00	0.00e+00	0.00e+00	0.00e+00	3.01e-04	7.89e-05	4.08e-05
 3.98846e+16	5.00e-04	7.06e-02	9.29e-01	2.26e-07	0.00e+00	0.00e+00	0.00e+00	0.00e+00	0.00e+00	3.57e-04	9.38e-05	4.84e-05
 4.05228e+16	5.80e-04	7.59e-02	9.24e-01	2.17e-07	0.00e+00	0.00e+00	0.00e+00	0.00e+00	0.00e+00	4.15e-04	1.09e-04	5.62e-05
 4.12120e+16	6.82e-04	8.21e-02	9.17e-01	2.08e-07	0.00e+00	0.00e+00	0.00e+00	0.00e+00	0.00e+00	4.87e-04	1.29e-04	6.61e-05
 4.19740e+16	8.27e-04	9.03e-02	9.09e-01	1.96e-07	0.00e+00	0.00e+00	0.00e+00	0.00e+00	0.00e+00	5.90e-04	1.57e-04	8.02e-05
 4.26510e+16	9.93e-04	9.89e-02	9.00e-01	1.85e-07	0.00e+00	0.00e+00	0.00e+00	0.00e+00	0.00e+00	7.08e-04	1.89e-04	9.63e-05
 4.32260e+16	1.17e-03	1.07e-01	8.92e-01	1.75e-07	0.00e+00	0.00e+00	0.00e+00	0.00e+00	0.00e+00	8.32e-04	2.22e-04	1.13e-04
 4.38482e+16	1.39e-03	1.17e-01	8.81e-01	1.65e-07	0.00e+00	0.00e+00	0.00e+00	0.00e+00	0.00e+00	9.92e-04	2.66e-04	1.35e-04
 4.45370e+16	1.72e-03	1.30e-01	8.68e-01	1.53e-07	0.00e+00	0.00e+00	0.00e+00	0.00e+00	0.00e+00	1.22e-03	3.29e-04	1.67e-04
 4.51517e+16	2.10e-03	1.45e-01	8.53e-01	1.41e-07	0.00e+00	0.00e+00	0.00e+00	0.00e+00	0.00e+00	1.49e-03	4.03e-04	2.04e-04
 4.56780e+16	2.52e-03	1.58e-01	8.39e-01	1.31e-07	0.00e+00	0.00e+00	0.00e+00	0.00e+00	0.00e+00	1.79e-03	4.84e-04	2.44e-04
 4.62505e+16	3.06e-03	1.75e-01	8.22e-01	0.00e+00	0.00e+00	0.00e+00	0.00e+00	0.00e+00	0.00e+00	2.18e-03	5.91e-04	2.97e-04
 4.68708e+16	3.86e-03	1.97e-01	7.99e-01	0.00e+00	0.00e+00	0.00e+00	0.00e+00	0.00e+00	0.00e+00	2.74e-03	7.46e-04	3.74e-04
 4.73965e+16	4.76e-03	2.19e-01	7.76e-01	0.00e+00	0.00e+00	0.00e+00	0.00e+00	0.00e+00	0.00e+00	3.38e-03	9.21e-04	4.61e-04
 4.78216e+16	5.67e-03	2.40e-01	7.55e-01	0.00e+00	0.00e+00	0.00e+00	0.00e+00	0.00e+00	0.00e+00	4.02e-03	1.10e-03	5.48e-04
 4.82726e+16	6.84e-03	2.63e-01	7.30e-01	0.00e+00	0.00e+00	0.00e+00	0.00e+00	0.00e+00	0.00e+00	4.85e-03	1.32e-03	6.61e-04
 4.87748e+16	8.52e-03	2.94e-01	6.98e-01	0.00e+00	0.00e+00	0.00e+00	0.00e+00	0.00e+00	0.00e+00	6.05e-03	1.65e-03	8.23e-04
 4.92227e+16	1.06e-02	3.25e-01	6.64e-01	0.00e+00	0.00e+00	0.00e+00	0.00e+00	0.00e+00	0.00e+00	7.49e-03	2.04e-03	1.02e-03
 4.95920e+16	1.26e-02	3.54e-01	6.33e-01	0.00e+00	0.00e+00	0.00e+00	0.00e+00	0.00e+00	0.00e+00	8.98e-03	2.44e-03	1.22e-03
 4.99800e+16	1.53e-02	3.87e-01	5.97e-01	0.00e+00	0.00e+00	0.00e+00	0.00e+00	0.00e+00	0.00e+00	1.09e-02	2.95e-03	1.47e-03
 5.04075e+16	1.91e-02	4.27e-01	5.54e-01	0.00e+00	0.00e+00	0.00e+00	0.00e+00	0.00e+00	0.00e+00	1.36e-02	3.67e-03	1.83e-03
 5.07854e+16	2.35e-02	4.67e-01	5.10e-01	0.00e+00	0.00e+00	0.00e+00	0.00e+00	0.00e+00	0.00e+00	1.67e-02	4.51e-03	2.25e-03
 5.11024e+16	2.81e-02	5.02e-01	4.70e-01	0.00e+00	0.00e+00	0.00e+00	0.00e+00	0.00e+00	0.00e+00	2.00e-02	5.39e-03	2.69e-03
 5.14410e+16	3.40e-02	5.41e-01	4.25e-01	0.00e+00	0.00e+00	0.00e+00	0.00e+00	0.00e+00	0.00e+00	2.42e-02	6.52e-03	3.26e-03
 5.18134e+16	4.25e-02	5.85e-01	3.73e-01	0.00e+00	0.00e+00	0.00e+00	0.00e+00	0.00e+00	0.00e+00	3.03e-02	8.13e-03	4.07e-03
 5.21392e+16	5.21e-02	6.24e-01	3.24e-01	0.00e+00	0.00e+00	0.00e+00	0.00e+00	0.00e+00	0.00e+00	3.72e-02	9.94e-03	4.98e-03
 5.24124e+16	6.21e-02	6.55e-01	2.83e-01	0.00e+00	0.00e+00	0.00e+00	0.00e+00	0.00e+00	0.00e+00	4.43e-02	1.18e-02	5.93e-03
 5.27072e+16	7.50e-02	6.86e-01	2.39e-01	0.00e+00	0.00e+00	0.00e+00	0.00e+00	0.00e+00	0.00e+00	5.36e-02	1.42e-02	7.15e-03
 5.29891e+16	9.07e-02	7.12e-01	1.97e-01	0.00e+00	0.00e+00	0.00e+00	0.00e+00	0.00e+00	0.00e+00	6.49e-02	1.71e-02	8.63e-03
 5.31792e+16	1.03e-01	7.26e-01	1.70e-01	0.00e+00	0.00e+00	0.00e+00	0.00e+00	0.00e+00	0.00e+00	7.42e-02	1.94e-02	9.83e-03
 5.33221e+16	1.14e-01	7.35e-01	1.51e-01	0.00e+00	0.00e+00	0.00e+00	0.00e+00	0.00e+00	0.00e+00	8.19e-02	2.13e-02	1.08e-02
 5.34785e+16	1.27e-01	7.41e-01	1.31e-01	0.00e+00	0.00e+00	0.00e+00	0.00e+00	0.00e+00	0.00e+00	9.14e-02	2.37e-02	1.21e-02
 5.36818e+16	1.46e-01	7.46e-01	1.08e-01	0.00e+00	0.00e+00	0.00e+00	0.00e+00	0.00e+00	0.00e+00	1.05e-01	2.71e-02	1.39e-02
 5.38806e+16	1.69e-01	7.45e-01	8.63e-02	0.00e+00	0.00e+00	0.00e+00	0.00e+00	0.00e+00	0.00e+00	1.22e-01	3.10e-02	1.59e-02
 5.40222e+16	1.87e-01	7.40e-01	7.25e-02	0.00e+00	0.00e+00	0.00e+00	0.00e+00	0.00e+00	0.00e+00	1.35e-01	3.42e-02	1.76e-02
 5.41328e+16	2.02e-01	7.35e-01	6.29e-02	0.00e+00	0.00e+00	0.00e+00	0.00e+00	0.00e+00	0.00e+00	1.47e-01	3.68e-02	1.90e-02
 5.42544e+16	2.21e-01	7.26e-01	5.33e-02	0.00e+00	0.00e+00	0.00e+00	0.00e+00	0.00e+00	0.00e+00	1.60e-01	3.98e-02	2.07e-02
 5.44125e+16	2.47e-01	7.11e-01	4.23e-02	0.00e+00	0.00e+00	0.00e+00	0.00e+00	0.00e+00	0.00e+00	1.80e-01	4.41e-02	2.31e-02
 5.45679e+16	2.77e-01	6.90e-01	3.29e-02	0.00e+00	0.00e+00	0.00e+00	0.00e+00	0.00e+00	0.00e+00	2.02e-01	4.88e-02	2.57e-02
 5.46799e+16	3.01e-01	6.72e-01	2.70e-02	0.00e+00	0.00e+00	0.00e+00	0.00e+00	0.00e+00	0.00e+00	2.20e-01	5.25e-02	2.78e-02
 5.47687e+16	3.20e-01	6.57e-01	2.30e-02	0.00e+00	0.00e+00	0.00e+00	0.00e+00	0.00e+00	0.00e+00	2.35e-01	5.53e-02	2.95e-02
 5.48672e+16	3.43e-01	6.38e-01	1.91e-02	0.00e+00	0.00e+00	0.00e+00	0.00e+00	0.00e+00	0.00e+00	2.53e-01	5.87e-02	3.15e-02
 5.49953e+16	3.75e-01	6.10e-01	1.47e-02	0.00e+00	0.00e+00	0.00e+00	0.00e+00	0.00e+00	0.00e+00	2.77e-01	6.31e-02	3.42e-02
 5.51248e+16	4.10e-01	5.79e-01	1.11e-02	0.00e+00	0.00e+00	0.00e+00	0.00e+00	0.00e+00	0.00e+00	3.05e-01	6.77e-02	3.71e-02
 5.52233e+16	4.39e-01	5.52e-01	8.83e-03	0.00e+00	0.00e+00	0.00e+00	0.00e+00	0.00e+00	0.00e+00	3.28e-01	7.13e-02	3.94e-02
 5.53036e+16	4.62e-01	5.31e-01	7.30e-03	0.00e+00	0.00e+00	0.00e+00	0.00e+00	0.00e+00	0.00e+00	3.47e-01	7.39e-02	4.12e-02
 5.53861e+16	4.86e-01	5.08e-01	5.95e-03	0.00e+00	0.00e+00	0.00e+00	0.00e+00	0.00e+00	0.00e+00	3.67e-01	7.66e-02	4.30e-02
 5.54765e+16	5.14e-01	4.81e-01	4.70e-03	0.00e+00	0.00e+00	0.00e+00	0.00e+00	0.00e+00	0.00e+00	3.90e-01	7.94e-02	4.51e-02
 5.55639e+16	5.42e-01	4.54e-01	3.70e-03	0.00e+00	0.00e+00	0.00e+00	0.00e+00	0.00e+00	0.00e+00	4.13e-01	8.19e-02	4.70e-02
 5.56389e+16	5.65e-01	4.32e-01	3.00e-03	0.00e+00	0.00e+00	0.00e+00	0.00e+00	0.00e+00	0.00e+00	4.33e-01	8.38e-02	4.86e-02
 5.57046e+16	5.86e-01	4.12e-01	2.48e-03	0.00e+00	0.00e+00	0.00e+00	0.00e+00	0.00e+00	0.00e+00	4.51e-01	8.52e-02	4.98e-02
 5.57559e+16	6.02e-01	3.96e-01	2.14e-03	0.00e+00	0.00e+00	0.00e+00	0.00e+00	0.00e+00	0.00e+00	4.65e-01	8.62e-02	5.08e-02
 5.57914e+16	6.12e-01	3.86e-01	1.93e-03	0.00e+00	0.00e+00	0.00e+00	0.00e+00	0.00e+00	0.00e+00	4.74e-01	8.67e-02	5.14e-02
 5.58260e+16	6.23e-01	3.76e-01	1.74e-03	0.00e+00	0.00e+00	0.00e+00	0.00e+00	0.00e+00	0.00e+00	4.83e-01	8.73e-02	5.19e-02
 5.58669e+16	6.35e-01	3.63e-01	1.53e-03	0.00e+00	0.00e+00	0.00e+00	0.00e+00	0.00e+00	0.00e+00	4.95e-01	8.78e-02	5.26e-02
 5.59101e+16	6.49e-01	3.50e-01	1.33e-03	0.00e+00	0.00e+00	0.00e+00	0.00e+00	0.00e+00	0.00e+00	5.07e-01	8.83e-02	5.33e-02
 5.59500e+16	6.61e-01	3.38e-01	1.18e-03	0.00e+00	0.00e+00	0.00e+00	0.00e+00	0.00e+00	0.00e+00	5.18e-01	8.87e-02	5.38e-02
 5.59874e+16	6.72e-01	3.27e-01	1.04e-03	0.00e+00	0.00e+00	0.00e+00	0.00e+00	0.00e+00	0.00e+00	5.29e-01	8.90e-02	5.43e-02
 5.60246e+16	6.83e-01	3.16e-01	9.20e-04	0.00e+00	0.00e+00	0.00e+00	0.00e+00	0.00e+00	0.00e+00	5.39e-01	8.92e-02	5.48e-02
 5.60626e+16	6.94e-01	3.05e-01	8.09e-04	0.00e+00	0.00e+00	0.00e+00	0.00e+00	0.00e+00	0.00e+00	5.50e-01	8.94e-02	5.52e-02
 5.61008e+16	7.06e-01	2.93e-01	7.10e-04	0.00e+00	0.00e+00	0.00e+00	0.00e+00	0.00e+00	0.00e+00	5.61e-01	8.94e-02	5.56e-02
 5.61376e+16	7.16e-01	2.83e-01	6.25e-04	0.00e+00	0.00e+00	0.00e+00	0.00e+00	0.00e+00	0.00e+00	5.71e-01	8.94e-02	5.59e-02
 5.61737e+16	7.27e-01	2.73e-01	5.50e-04	0.00e+00	0.00e+00	0.00e+00	0.00e+00	0.00e+00	0.00e+00	5.81e-01	8.93e-02	5.62e-02
 5.62099e+16	7.37e-01	2.63e-01	4.84e-04	0.00e+00	0.00e+00	0.00e+00	0.00e+00	0.00e+00	0.00e+00	5.91e-01	8.92e-02	5.65e-02
 5.62462e+16	7.47e-01	2.52e-01	4.24e-04	0.00e+00	0.00e+00	0.00e+00	0.00e+00	0.00e+00	0.00e+00	6.01e-01	8.90e-02	5.67e-02
 5.62821e+16	7.57e-01	2.43e-01	3.72e-04	0.00e+00	0.00e+00	0.00e+00	0.00e+00	0.00e+00	0.00e+00	6.11e-01	8.87e-02	5.68e-02
 5.63175e+16	7.66e-01	2.34e-01	3.26e-04	0.00e+00	0.00e+00	0.00e+00	0.00e+00	0.00e+00	0.00e+00	6.21e-01	8.84e-02	5.70e-02
 5.63530e+16	7.75e-01	2.24e-01	2.85e-04	0.00e+00	0.00e+00	0.00e+00	0.00e+00	0.00e+00	0.00e+00	6.30e-01	8.80e-02	5.70e-02
 5.63879e+16	7.84e-01	2.15e-01	2.49e-04	0.00e+00	0.00e+00	0.00e+00	0.00e+00	0.00e+00	0.00e+00	6.40e-01	8.75e-02	5.71e-02
 5.64222e+16	7.93e-01	2.07e-01	2.18e-04	0.00e+00	0.00e+00	0.00e+00	0.00e+00	0.00e+00	0.00e+00	6.49e-01	8.70e-02	5.71e-02
 5.64569e+16	8.01e-01	1.98e-01	1.90e-04	0.00e+00	0.00e+00	0.00e+00	0.00e+00	0.00e+00	0.00e+00	6.58e-01	8.65e-02	5.70e-02
 5.64914e+16	8.09e-01	1.90e-01	1.66e-04	0.00e+00	0.00e+00	0.00e+00	0.00e+00	0.00e+00	0.00e+00	6.67e-01	8.59e-02	5.70e-02
 5.65253e+16	8.17e-01	1.82e-01	1.45e-04	0.00e+00	0.00e+00	0.00e+00	0.00e+00	0.00e+00	0.00e+00	6.75e-01	8.53e-02	5.69e-02
 5.65590e+16	8.25e-01	1.75e-01	1.27e-04	0.00e+00	0.00e+00	0.00e+00	0.00e+00	0.00e+00	0.00e+00	6.83e-01	8.46e-02	5.67e-02
 5.65927e+16	8.32e-01	1.68e-01	1.10e-04	0.00e+00	0.00e+00	0.00e+00	0.00e+00	0.00e+00	0.00e+00	6.92e-01	8.39e-02	5.65e-02
 5.66266e+16	8.40e-01	1.60e-01	9.59e-05	0.00e+00	0.00e+00	0.00e+00	0.00e+00	0.00e+00	0.00e+00	7.00e-01	8.32e-02	5.63e-02
 5.66596e+16	8.46e-01	1.53e-01	8.36e-05	0.00e+00	0.00e+00	0.00e+00	0.00e+00	0.00e+00	0.00e+00	7.08e-01	8.25e-02	5.61e-02
 5.66919e+16	8.53e-01	1.47e-01	7.30e-05	0.00e+00	0.00e+00	0.00e+00	0.00e+00	0.00e+00	0.00e+00	7.15e-01	8.17e-02	5.59e-02
 5.67246e+16	8.59e-01	1.41e-01	6.35e-05	0.00e+00	0.00e+00	0.00e+00	0.00e+00	0.00e+00	0.00e+00	7.23e-01	8.09e-02	5.56e-02
 5.67574e+16	8.66e-01	1.34e-01	5.51e-05	0.00e+00	0.00e+00	0.00e+00	0.00e+00	0.00e+00	0.00e+00	7.30e-01	8.01e-02	5.53e-02
 5.67896e+16	8.71e-01	1.29e-01	4.79e-05	0.00e+00	0.00e+00	0.00e+00	0.00e+00	0.00e+00	0.00e+00	7.37e-01	7.93e-02	5.50e-02
 5.68207e+16	8.77e-01	1.23e-01	4.18e-05	0.00e+00	0.00e+00	0.00e+00	0.00e+00	0.00e+00	0.00e+00	7.44e-01	7.86e-02	5.47e-02
 5.68512e+16	8.82e-01	1.18e-01	3.66e-05	0.00e+00	0.00e+00	0.00e+00	0.00e+00	0.00e+00	0.00e+00	7.50e-01	7.78e-02	5.43e-02
 5.68814e+16	8.87e-01	1.13e-01	3.20e-05	0.00e+00	0.00e+00	0.00e+00	0.00e+00	0.00e+00	0.00e+00	7.56e-01	7.70e-02	5.40e-02
 5.69117e+16	8.92e-01	1.08e-01	2.79e-05	0.00e+00	0.00e+00	0.00e+00	0.00e+00	0.00e+00	0.00e+00	7.62e-01	7.62e-02	5.36e-02
 5.69416e+16	8.96e-01	1.04e-01	2.44e-05	0.00e+00	0.00e+00	0.00e+00	0.00e+00	0.00e+00	0.00e+00	7.68e-01	7.55e-02	5.33e-02
 5.69706e+16	9.01e-01	9.92e-02	2.14e-05	0.00e+00	0.00e+00	0.00e+00	0.00e+00	0.00e+00	0.00e+00	7.73e-01	7.47e-02	5.29e-02
 5.69988e+16	9.05e-01	9.51e-02	1.88e-05	0.00e+00	0.00e+00	0.00e+00	0.00e+00	0.00e+00	0.00e+00	7.78e-01	7.40e-02	5.26e-02
 5.70271e+16	9.09e-01	9.12e-02	1.65e-05	0.00e+00	0.00e+00	0.00e+00	0.00e+00	0.00e+00	0.00e+00	7.83e-01	7.32e-02	5.22e-02
 5.70554e+16	9.13e-01	8.74e-02	1.45e-05	0.00e+00	0.00e+00	0.00e+00	0.00e+00	0.00e+00	0.00e+00	7.88e-01	7.25e-02	5.19e-02
 5.70831e+16	9.16e-01	8.37e-02	1.27e-05	0.00e+00	0.00e+00	0.00e+00	0.00e+00	0.00e+00	0.00e+00	7.93e-01	7.18e-02	5.15e-02
 5.71100e+16	9.20e-01	8.03e-02	1.12e-05	0.00e+00	0.00e+00	0.00e+00	0.00e+00	0.00e+00	0.00e+00	7.97e-01	7.11e-02	5.11e-02
 5.71366e+16	9.23e-01	7.71e-02	9.90e-06	0.00e+00	0.00e+00	0.00e+00	0.00e+00	0.00e+00	0.00e+00	8.02e-01	7.05e-02	5.08e-02
 5.71634e+16	9.26e-01	7.40e-02	8.72e-06	0.00e+00	0.00e+00	0.00e+00	0.00e+00	0.00e+00	0.00e+00	8.06e-01	6.98e-02	5.04e-02
 5.71901e+16	9.29e-01	7.09e-02	7.68e-06	0.00e+00	0.00e+00	0.00e+00	0.00e+00	0.00e+00	0.00e+00	8.10e-01	6.92e-02	5.01e-02
 5.72161e+16	9.32e-01	6.80e-02	6.78e-06	0.00e+00	0.00e+00	0.00e+00	0.00e+00	0.00e+00	0.00e+00	8.14e-01	6.85e-02	4.97e-02
 5.72416e+16	9.35e-01	6.53e-02	6.00e-06	0.00e+00	0.00e+00	0.00e+00	0.00e+00	0.00e+00	0.00e+00	8.17e-01	6.79e-02	4.94e-02
 5.72670e+16	9.37e-01	6.27e-02	5.31e-06	0.00e+00	0.00e+00	0.00e+00	0.00e+00	0.00e+00	0.00e+00	8.21e-01	6.73e-02	4.90e-02
 5.72919e+16	9.40e-01	6.02e-02	4.70e-06	0.00e+00	0.00e+00	0.00e+00	0.00e+00	0.00e+00	0.00e+00	8.24e-01	6.67e-02	4.86e-02
 5.73169e+16	9.42e-01	5.78e-02	4.16e-06	0.00e+00	0.00e+00	0.00e+00	0.00e+00	0.00e+00	0.00e+00	8.28e-01	6.61e-02	4.82e-02
 5.73417e+16	9.45e-01	5.54e-02	3.69e-06	0.00e+00	0.00e+00	0.00e+00	0.00e+00	0.00e+00	0.00e+00	8.31e-01	6.56e-02	4.78e-02
 5.73657e+16	9.47e-01	5.33e-02	3.28e-06	0.00e+00	0.00e+00	0.00e+00	0.00e+00	0.00e+00	0.00e+00	8.34e-01	6.50e-02	4.75e-02
 5.73895e+16	9.49e-01	5.13e-02	2.91e-06	0.00e+00	0.00e+00	0.00e+00	0.00e+00	0.00e+00	0.00e+00	8.37e-01	6.45e-02	4.72e-02
 5.74137e+16	9.51e-01	4.92e-02	2.58e-06	0.00e+00	0.00e+00	0.00e+00	0.00e+00	0.00e+00	0.00e+00	8.40e-01	6.40e-02	4.68e-02
 5.74377e+16	9.53e-01	4.72e-02	2.29e-06	0.00e+00	0.00e+00	0.00e+00	0.00e+00	0.00e+00	0.00e+00	8.43e-01	6.35e-02	4.64e-02
 5.74610e+16	9.55e-01	4.53e-02	2.04e-06	0.00e+00	0.00e+00	0.00e+00	0.00e+00	0.00e+00	0.00e+00	8.46e-01	6.30e-02	4.61e-02
 5.74839e+16	9.56e-01	4.36e-02	1.82e-06	0.00e+00	0.00e+00	0.00e+00	0.00e+00	0.00e+00	0.00e+00	8.48e-01	6.25e-02	4.58e-02
 5.75069e+16	9.58e-01	4.19e-02	1.62e-06	0.00e+00	0.00e+00	0.00e+00	0.00e+00	0.00e+00	0.00e+00	8.51e-01	6.20e-02	4.55e-02
 5.75299e+16	9.60e-01	4.02e-02	1.44e-06	0.00e+00	0.00e+00	0.00e+00	0.00e+00	0.00e+00	0.00e+00	8.53e-01	6.16e-02	4.51e-02
 5.75526e+16	9.61e-01	3.86e-02	1.29e-06	0.00e+00	0.00e+00	0.00e+00	0.00e+00	0.00e+00	0.00e+00	8.55e-01	6.11e-02	4.48e-02
 5.75748e+16	9.63e-01	3.71e-02	1.15e-06	0.00e+00	0.00e+00	0.00e+00	0.00e+00	0.00e+00	0.00e+00	8.58e-01	6.07e-02	4.45e-02
 5.75968e+16	9.64e-01	3.56e-02	1.03e-06	0.00e+00	0.00e+00	0.00e+00	0.00e+00	0.00e+00	0.00e+00	8.60e-01	6.03e-02	4.42e-02
 5.76193e+16	9.66e-01	3.42e-02	9.16e-07	0.00e+00	0.00e+00	0.00e+00	0.00e+00	0.00e+00	0.00e+00	8.62e-01	5.99e-02	4.39e-02
 5.76418e+16	9.67e-01	3.28e-02	8.17e-07	0.00e+00	0.00e+00	0.00e+00	0.00e+00	0.00e+00	0.00e+00	8.64e-01	5.95e-02	4.37e-02
 5.76630e+16	9.68e-01	3.15e-02	7.33e-07	0.00e+00	0.00e+00	0.00e+00	0.00e+00	0.00e+00	0.00e+00	8.66e-01	5.91e-02	4.34e-02
 5.76833e+16	9.70e-01	3.04e-02	6.61e-07	0.00e+00	0.00e+00	0.00e+00	0.00e+00	0.00e+00	0.00e+00	8.68e-01	5.88e-02	4.32e-02
 5.77042e+16	9.71e-01	2.92e-02	5.93e-07	0.00e+00	0.00e+00	0.00e+00	0.00e+00	0.00e+00	0.00e+00	8.70e-01	5.84e-02	4.29e-02
 5.77258e+16	9.72e-01	2.79e-02	5.30e-07	0.00e+00	0.00e+00	0.00e+00	0.00e+00	0.00e+00	0.00e+00	8.71e-01	5.80e-02	4.26e-02
 5.77469e+16	9.73e-01	2.68e-02	4.75e-07	0.00e+00	0.00e+00	0.00e+00	0.00e+00	0.00e+00	0.00e+00	8.73e-01	5.77e-02	4.24e-02
 5.77669e+16	9.74e-01	2.57e-02	4.29e-07	0.00e+00	0.00e+00	0.00e+00	0.00e+00	0.00e+00	0.00e+00	8.75e-01	5.74e-02	4.21e-02
 5.77865e+16	9.75e-01	2.47e-02	3.87e-07	0.00e+00	0.00e+00	0.00e+00	0.00e+00	0.00e+00	0.00e+00	8.76e-01	5.70e-02	4.19e-02
 5.78064e+16	9.76e-01	2.37e-02	3.49e-07	0.00e+00	0.00e+00	0.00e+00	0.00e+00	0.00e+00	0.00e+00	8.78e-01	5.67e-02	4.17e-02
 5.78259e+16	9.77e-01	2.28e-02	3.15e-07	0.00e+00	0.00e+00	0.00e+00	0.00e+00	0.00e+00	0.00e+00	8.79e-01	5.64e-02	4.14e-02
 5.78443e+16	9.78e-01	2.19e-02	2.86e-07	0.00e+00	0.00e+00	0.00e+00	0.00e+00	0.00e+00	0.00e+00	8.81e-01	5.61e-02	4.12e-02
 5.78613e+16	9.79e-01	2.11e-02	2.62e-07	0.00e+00	0.00e+00	0.00e+00	0.00e+00	0.00e+00	0.00e+00	8.82e-01	5.59e-02	4.10e-02
 5.78770e+16	9.80e-01	2.04e-02	2.41e-07	0.00e+00	0.00e+00	0.00e+00	0.00e+00	0.00e+00	0.00e+00	8.83e-01	5.56e-02	4.08e-02
 5.78913e+16	9.80e-01	1.98e-02	2.24e-07	0.00e+00	0.00e+00	0.00e+00	0.00e+00	0.00e+00	0.00e+00	8.84e-01	5.54e-02	4.07e-02
 5.79048e+16	9.81e-01	1.92e-02	2.09e-07	0.00e+00	0.00e+00	0.00e+00	0.00e+00	0.00e+00	0.00e+00	8.85e-01	5.52e-02	4.05e-02
 5.79176e+16	9.81e-01	1.87e-02	1.96e-07	0.00e+00	0.00e+00	0.00e+00	0.00e+00	0.00e+00	0.00e+00	8.86e-01	5.50e-02	4.04e-02
 5.79294e+16	9.82e-01	1.82e-02	1.84e-07	0.00e+00	0.00e+00	0.00e+00	0.00e+00	0.00e+00	0.00e+00	8.87e-01	5.48e-02	4.02e-02
 5.79404e+16	9.82e-01	1.77e-02	1.74e-07	0.00e+00	0.00e+00	0.00e+00	0.00e+00	0.00e+00	0.00e+00	8.88e-01	5.46e-02	4.01e-02
 5.79509e+16	9.83e-01	1.73e-02	1.65e-07	0.00e+00	0.00e+00	0.00e+00	0.00e+00	0.00e+00	0.00e+00	8.88e-01	5.44e-02	3.99e-02
 5.79611e+16	9.83e-01	1.68e-02	1.56e-07	0.00e+00	0.00e+00	0.00e+00	0.00e+00	0.00e+00	0.00e+00	8.89e-01	5.43e-02	3.98e-02
 5.79708e+16	9.84e-01	1.64e-02	1.49e-07	0.00e+00	0.00e+00	0.00e+00	0.00e+00	0.00e+00	0.00e+00	8.90e-01	5.41e-02	3.97e-02
 5.79801e+16	9.84e-01	1.61e-02	1.42e-07	0.00e+00	0.00e+00	0.00e+00	0.00e+00	0.00e+00	0.00e+00	8.91e-01	5.39e-02	3.95e-02
 5.79889e+16	9.84e-01	1.57e-02	1.35e-07	0.00e+00	0.00e+00	0.00e+00	0.00e+00	0.00e+00	0.00e+00	8.91e-01	5.38e-02	3.94e-02
 5.79974e+16	9.85e-01	1.53e-02	1.29e-07	0.00e+00	0.00e+00	0.00e+00	0.00e+00	0.00e+00	0.00e+00	8.92e-01	5.36e-02	3.93e-02
 5.80056e+16	9.85e-01	1.50e-02	1.24e-07	0.00e+00	0.00e+00	0.00e+00	0.00e+00	0.00e+00	0.00e+00	8.92e-01	5.34e-02	3.91e-02
 5.80137e+16	9.85e-01	1.47e-02	1.18e-07	0.00e+00	0.00e+00	0.00e+00	0.00e+00	0.00e+00	0.00e+00	8.93e-01	5.33e-02	3.90e-02
 5.80216e+16	9.86e-01	1.43e-02	1.14e-07	0.00e+00	0.00e+00	0.00e+00	0.00e+00	0.00e+00	0.00e+00	8.94e-01	5.31e-02	3.89e-02
 5.80295e+16	9.86e-01	1.40e-02	1.09e-07	0.00e+00	0.00e+00	0.00e+00	0.00e+00	0.00e+00	0.00e+00	8.94e-01	5.29e-02	3.88e-02
 5.80374e+16	9.86e-01	1.36e-02	1.04e-07	0.00e+00	0.00e+00	0.00e+00	0.00e+00	0.00e+00	0.00e+00	8.95e-01	5.28e-02	3.86e-02
 5.80455e+16	9.87e-01	1.33e-02	9.96e-08	0.00e+00	0.00e+00	0.00e+00	0.00e+00	0.00e+00	0.00e+00	8.96e-01	5.26e-02	3.85e-02
 5.80538e+16	9.87e-01	1.29e-02	9.51e-08	0.00e+00	0.00e+00	0.00e+00	0.00e+00	0.00e+00	0.00e+00	8.96e-01	5.24e-02	3.83e-02
 5.80624e+16	9.87e-01	1.25e-02	9.06e-08	0.00e+00	0.00e+00	0.00e+00	0.00e+00	0.00e+00	0.00e+00	8.97e-01	5.22e-02	3.81e-02
 5.80708e+16	9.88e-01	1.21e-02	8.64e-08	0.00e+00	0.00e+00	0.00e+00	0.00e+00	0.00e+00	0.00e+00	8.98e-01	5.19e-02	3.79e-02
 5.80782e+16	9.88e-01	1.18e-02	8.28e-08	0.00e+00	0.00e+00	0.00e+00	0.00e+00	0.00e+00	0.00e+00	8.99e-01	5.17e-02	3.77e-02
 5.80849e+16	9.88e-01	1.15e-02	7.97e-08	0.00e+00	0.00e+00	0.00e+00	0.00e+00	0.00e+00	0.00e+00	8.99e-01	5.15e-02	3.76e-02
 5.80912e+16	9.89e-01	1.12e-02	7.68e-08	0.00e+00	0.00e+00	0.00e+00	0.00e+00	0.00e+00	0.00e+00	9.00e-01	5.14e-02	3.74e-02
 5.80973e+16	9.89e-01	1.10e-02	7.41e-08	0.00e+00	0.00e+00	0.00e+00	0.00e+00	0.00e+00	0.00e+00	9.01e-01	5.12e-02	3.73e-02
 5.81033e+16	9.89e-01	1.07e-02	7.15e-08	0.00e+00	0.00e+00	0.00e+00	0.00e+00	0.00e+00	0.00e+00	9.01e-01	5.10e-02	3.71e-02
 5.81090e+16	9.90e-01	1.04e-02	6.90e-08	0.00e+00	0.00e+00	0.00e+00	0.00e+00	0.00e+00	0.00e+00	9.02e-01	5.08e-02	3.69e-02
 5.81142e+16	9.90e-01	1.02e-02	6.68e-08	0.00e+00	0.00e+00	0.00e+00	0.00e+00	0.00e+00	0.00e+00	9.02e-01	5.06e-02	3.68e-02
 5.81190e+16	9.90e-01	9.97e-03	6.49e-08	0.00e+00	0.00e+00	0.00e+00	0.00e+00	0.00e+00	0.00e+00	9.03e-01	5.04e-02	3.66e-02
 5.81233e+16	9.90e-01	9.78e-03	6.31e-08	0.00e+00	0.00e+00	0.00e+00	0.00e+00	0.00e+00	0.00e+00	9.03e-01	5.03e-02	3.65e-02
 5.81272e+16	9.90e-01	9.59e-03	6.15e-08	0.00e+00	0.00e+00	0.00e+00	0.00e+00	0.00e+00	0.00e+00	9.04e-01	5.01e-02	3.63e-02
 5.81308e+16	9.91e-01	9.44e-03	6.01e-08	0.00e+00	0.00e+00	0.00e+00	0.00e+00	0.00e+00	0.00e+00	9.04e-01	5.00e-02	3.62e-02
 5.81341e+16	9.91e-01	9.32e-03	5.89e-08	0.00e+00	0.00e+00	0.00e+00	0.00e+00	0.00e+00	0.00e+00	9.05e-01	4.99e-02	3.61e-02
 5.81376e+16	9.91e-01	9.15e-03	5.74e-08	0.00e+00	0.00e+00	0.00e+00	0.00e+00	0.00e+00	0.00e+00	9.05e-01	4.97e-02	3.60e-02
 5.81415e+16	9.91e-01	8.99e-03	5.60e-08	0.00e+00	0.00e+00	0.00e+00	0.00e+00	0.00e+00	0.00e+00	9.06e-01	4.95e-02	3.59e-02
 5.81450e+16	9.91e-01	8.85e-03	5.47e-08	0.00e+00	0.00e+00	0.00e+00	0.00e+00	0.00e+00	0.00e+00	9.06e-01	4.94e-02	3.57e-02
 5.81482e+16	9.91e-01	8.71e-03	5.35e-08	0.00e+00	0.00e+00	0.00e+00	0.00e+00	0.00e+00	0.00e+00	9.06e-01	4.92e-02	3.56e-02
 5.81517e+16	9.91e-01	8.57e-03	5.22e-08	0.00e+00	0.00e+00	0.00e+00	0.00e+00	0.00e+00	0.00e+00	9.07e-01	4.90e-02	3.55e-02
 5.81555e+16	9.92e-01	8.41e-03	5.08e-08	0.00e+00	0.00e+00	0.00e+00	0.00e+00	0.00e+00	0.00e+00	9.07e-01	4.89e-02	3.53e-02
 5.81589e+16	9.92e-01	8.28e-03	4.96e-08	0.00e+00	0.00e+00	0.00e+00	0.00e+00	0.00e+00	0.00e+00	9.08e-01	4.87e-02	3.52e-02
 5.81620e+16	9.92e-01	8.15e-03	4.84e-08	0.00e+00	0.00e+00	0.00e+00	0.00e+00	0.00e+00	0.00e+00	9.08e-01	4.86e-02	3.51e-02
 5.81654e+16	9.92e-01	8.02e-03	4.72e-08	0.00e+00	0.00e+00	0.00e+00	0.00e+00	0.00e+00	0.00e+00	9.09e-01	4.84e-02	3.50e-02
 5.81691e+16	9.92e-01	7.87e-03	4.59e-08	0.00e+00	0.00e+00	0.00e+00	0.00e+00	0.00e+00	0.00e+00	9.09e-01	4.82e-02	3.48e-02
 5.81725e+16	9.92e-01	7.77e-03	4.49e-08	0.00e+00	0.00e+00	0.00e+00	0.00e+00	0.00e+00	0.00e+00	9.09e-01	4.81e-02	3.47e-02
 5.81762e+16	9.92e-01	7.64e-03	4.36e-08	0.00e+00	0.00e+00	0.00e+00	0.00e+00	0.00e+00	0.00e+00	9.10e-01	4.79e-02	3.46e-02
 5.81810e+16	9.93e-01	7.48e-03	4.21e-08	0.00e+00	0.00e+00	0.00e+00	0.00e+00	0.00e+00	0.00e+00	9.10e-01	4.77e-02	3.44e-02
 5.81862e+16	9.93e-01	7.29e-03	4.04e-08	0.00e+00	0.00e+00	0.00e+00	0.00e+00	0.00e+00	0.00e+00	9.11e-01	4.75e-02	3.43e-02
