#depth	H	H+	H2
 3.42275e+11	1.03e-03	9.99e-01	1.56e-13
 2.05365e+12	1.03e-03	9.99e-01	1.56e-13
 8.89916e+12	1.03e-03	9.99e-01	1.56e-13
 3.62812e+13	1.03e-03	9.99e-01	1.57e-13
 8.66642e+13	1.03e-03	9.99e-01	1.57e-13
 1.52162e+14	1.02e-03	9.99e-01	1.58e-13
 2.37309e+14	1.02e-03	9.99e-01	1.60e-13
 3.48001e+14	1.02e-03	9.99e-01	1.63e-13
 4.91899e+14	1.02e-03	9.99e-01	1.66e-13
 6.78968e+14	1.02e-03	9.99e-01	1.71e-13
 9.22157e+14	1.03e-03	9.99e-01	1.79e-13
 1.23830e+15	1.05e-03	9.99e-01	1.89e-13
 1.64929e+15	1.07e-03	9.99e-01	2.03e-13
 2.18358e+15	1.11e-03	9.99e-01	2.24e-13
 2.87815e+15	1.18e-03	9.99e-01	2.55e-13
 3.78109e+15	1.28e-03	9.99e-01	3.01e-13
 4.95492e+15	1.44e-03	9.99e-01	3.70e-13
 6.26744e+15	1.64e-03	9.98e-01	4.62e-13
 7.53175e+15	1.89e-03	9.98e-01	5.64e-13
 8.43455e+15	2.08e-03	9.98e-01	6.59e-13
 8.92987e+15	2.21e-03	9.98e-01	7.17e-13
 9.40778e+15	2.34e-03	9.98e-01	7.68e-13
 1.00291e+16	2.54e-03	9.97e-01	8.35e-13
 1.06856e+16	2.76e-03	9.97e-01	9.21e-13
 1.12450e+16	2.97e-03	9.97e-01	9.98e-13
 1.17465e+16	3.18e-03	9.97e-01	1.07e-12
 1.23155e+16	3.43e-03	9.97e-01	1.15e-12
 1.29175e+16	3.74e-03	9.96e-01	1.24e-12
 1.34299e+16	4.02e-03	9.96e-01	1.33e-12
 1.38854e+16	4.30e-03	9.96e-01	1.41e-12
 1.43991e+16	4.64e-03	9.95e-01	1.49e-12
 1.49499e+16	5.06e-03	9.95e-01	1.60e-12
 1.54249e+16	5.46e-03	9.95e-01	1.71e-12
 1.58431e+16	5.85e-03	9.94e-01	1.80e-12
 1.63111e+16	6.32e-03	9.94e-01	1.88e-12
 1.68168e+16	6.92e-03	9.93e-01	2.02e-12
 1.72568e+16	7.50e-03	9.93e-01	2.15e-12
 1.76423e+16	8.07e-03	9.92e-01	2.27e-12
 1.80716e+16	8.78e-03	9.91e-01	2.38e-12
 1.85354e+16	9.65e-03	9.90e-01	2.54e-12
 1.89405e+16	1.06e-02	9.89e-01	2.72e-12
 1.92957e+16	1.14e-02	9.89e-01	2.88e-12
 1.96897e+16	1.26e-02	9.87e-01	3.05e-12
 2.01094e+16	1.40e-02	9.86e-01	3.30e-12
 2.04609e+16	1.54e-02	9.85e-01	3.57e-12
 2.07534e+16	1.67e-02	9.83e-01	3.81e-12
 2.10710e+16	1.84e-02	9.82e-01	4.07e-12
 2.14140e+16	2.06e-02	9.79e-01	4.45e-12
 2.17076e+16	2.28e-02	9.77e-01	4.87e-12
 2.19527e+16	2.51e-02	9.75e-01	5.27e-12
 2.22172e+16	2.79e-02	9.72e-01	5.75e-12
 2.25014e+16	3.14e-02	9.69e-01	6.38e-12
 2.27460e+16	3.53e-02	9.65e-01	7.12e-12
 2.29535e+16	3.93e-02	9.61e-01	7.87e-12
 2.31781e+16	4.44e-02	9.56e-01	8.81e-12
 2.34191e+16	5.14e-02	9.49e-01	1.02e-11
 2.36232e+16	5.89e-02	9.41e-01	1.17e-11
 2.37940e+16	6.66e-02	9.33e-01	1.33e-11
 2.39799e+16	7.70e-02	9.23e-01	1.55e-11
 2.41813e+16	9.14e-02	9.09e-01	1.86e-11
 2.43296e+16	1.05e-01	8.95e-01	2.18e-11
 2.44167e+16	1.14e-01	8.86e-01	2.40e-11
 2.44977e+16	1.25e-01	8.75e-01	2.64e-11
 2.46029e+16	1.39e-01	8.61e-01	3.00e-11
 2.47092e+16	1.57e-01	8.43e-01	3.45e-11
 2.47906e+16	1.72e-01	8.28e-01	3.85e-11
 2.48579e+16	1.87e-01	8.13e-01	4.25e-11
 2.49333e+16	2.04e-01	7.96e-01	4.74e-11
 2.50141e+16	2.26e-01	7.74e-01	5.37e-11
 2.50830e+16	2.46e-01	7.54e-01	6.00e-11
 2.51416e+16	2.64e-01	7.36e-01	6.57e-11
 2.52060e+16	2.87e-01	7.13e-01	7.34e-11
 2.52750e+16	3.13e-01	6.87e-01	8.26e-11
 2.53344e+16	3.37e-01	6.63e-01	9.17e-11
 2.53862e+16	3.59e-01	6.41e-01	1.00e-10
 2.54413e+16	3.84e-01	6.16e-01	1.11e-10
 2.55006e+16	4.12e-01	5.88e-01	1.23e-10
 2.55557e+16	4.40e-01	5.60e-01	1.37e-10
 2.56060e+16	4.65e-01	5.35e-01	1.50e-10
 2.56517e+16	4.88e-01	5.12e-01	1.63e-10
 2.56939e+16	5.11e-01	4.89e-01	1.76e-10
 2.57355e+16	5.32e-01	4.68e-01	1.90e-10
 2.57688e+16	5.50e-01	4.50e-01	2.02e-10
 2.57905e+16	5.61e-01	4.39e-01	2.10e-10
 2.58104e+16	5.71e-01	4.29e-01	2.17e-10
 2.58341e+16	5.84e-01	4.16e-01	2.28e-10
 2.58598e+16	5.98e-01	4.02e-01	2.39e-10
 2.58840e+16	6.10e-01	3.90e-01	2.50e-10
 2.59069e+16	6.22e-01	3.78e-01	2.60e-10
 2.59297e+16	6.34e-01	3.66e-01	2.72e-10
 2.59527e+16	6.46e-01	3.54e-01	2.83e-10
 2.59756e+16	6.58e-01	3.42e-01	2.97e-10
 2.59982e+16	6.69e-01	3.31e-01	3.08e-10
 2.60208e+16	6.81e-01	3.19e-01	3.22e-10
 2.60434e+16	6.92e-01	3.08e-01	3.37e-10
 2.60655e+16	7.03e-01	2.97e-01	3.51e-10
 2.60873e+16	7.13e-01	2.87e-01	3.65e-10
 2.61095e+16	7.24e-01	2.76e-01	3.82e-10
 2.61315e+16	7.34e-01	2.66e-01	3.97e-10
 2.61532e+16	7.44e-01	2.56e-01	4.15e-10
 2.61748e+16	7.53e-01	2.47e-01	4.31e-10
 2.61964e+16	7.63e-01	2.37e-01	4.50e-10
 2.62182e+16	7.72e-01	2.28e-01	4.71e-10
 2.62394e+16	7.81e-01	2.19e-01	4.90e-10
 2.62604e+16	7.90e-01	2.10e-01	5.12e-10
 2.62816e+16	7.98e-01	2.02e-01	5.32e-10
 2.63029e+16	8.06e-01	1.94e-01	5.56e-10
 2.63241e+16	8.15e-01	1.85e-01	5.81e-10
 2.63447e+16	8.22e-01	1.78e-01	6.06e-10
 2.63652e+16	8.29e-01	1.71e-01	6.31e-10
 2.63858e+16	8.37e-01	1.63e-01	6.61e-10
 2.64063e+16	8.43e-01	1.57e-01	6.87e-10
 2.64261e+16	8.50e-01	1.50e-01	7.18e-10
 2.64456e+16	8.56e-01	1.44e-01	7.50e-10
 2.64653e+16	8.62e-01	1.38e-01	7.82e-10
 2.64850e+16	8.68e-01	1.32e-01	8.18e-10
 2.65041e+16	8.73e-01	1.27e-01	8.54e-10
 2.65227e+16	8.78e-01	1.22e-01	8.91e-10
 2.65411e+16	8.83e-01	1.17e-01	9.29e-10
 2.65595e+16	8.88e-01	1.12e-01	9.70e-10
 2.65777e+16	8.92e-01	1.08e-01	1.01e-09
 2.65957e+16	8.97e-01	1.03e-01	1.06e-09
 2.66134e+16	9.01e-01	9.92e-02	1.10e-09
 2.66310e+16	9.05e-01	9.52e-02	1.15e-09
 2.66484e+16	9.09e-01	9.14e-02	1.20e-09
 2.66657e+16	9.12e-01	8.78e-02	1.26e-09
 2.66827e+16	9.16e-01	8.43e-02	1.32e-09
 2.66994e+16	9.19e-01	8.10e-02	1.38e-09
 2.67159e+16	9.22e-01	7.80e-02	1.44e-09
 2.67327e+16	9.25e-01	7.48e-02	1.52e-09
 2.67494e+16	9.28e-01	7.18e-02	1.59e-09
 2.67656e+16	9.31e-01	6.90e-02	1.67e-09
 2.67813e+16	9.34e-01	6.65e-02	1.74e-09
 2.67973e+16	9.36e-01	6.39e-02	1.83e-09
 2.68135e+16	9.39e-01	6.14e-02	1.93e-09
 2.68293e+16	9.41e-01	5.90e-02	2.04e-09
 2.68448e+16	9.43e-01	5.68e-02	2.13e-09
 2.68603e+16	9.45e-01	5.46e-02	2.25e-09
 2.68757e+16	9.48e-01	5.25e-02	2.38e-09
 2.68910e+16	9.50e-01	5.04e-02	2.53e-09
 2.69061e+16	9.51e-01	4.85e-02	2.66e-09
 2.69214e+16	9.53e-01	4.66e-02	2.83e-09
 2.69364e+16	9.55e-01	4.48e-02	3.02e-09
 2.69509e+16	9.57e-01	4.30e-02	3.22e-09
 2.69657e+16	9.59e-01	4.14e-02	3.43e-09
 2.69808e+16	9.60e-01	3.97e-02	3.66e-09
 2.69956e+16	9.62e-01	3.82e-02	3.92e-09
 2.70096e+16	9.63e-01	3.68e-02	4.20e-09
 2.70233e+16	9.65e-01	3.55e-02	4.50e-09
 2.70372e+16	9.66e-01	3.41e-02	4.86e-09
 2.70517e+16	9.67e-01	3.27e-02	5.28e-09
 2.70658e+16	9.69e-01	3.14e-02	5.79e-09
 2.70794e+16	9.70e-01	3.02e-02	6.29e-09
 2.70926e+16	9.71e-01	2.91e-02	6.93e-09
 2.71060e+16	9.72e-01	2.79e-02	7.65e-09
 2.71194e+16	9.73e-01	2.68e-02	8.52e-09
 2.71326e+16	9.74e-01	2.57e-02	9.51e-09
 2.71454e+16	9.75e-01	2.47e-02	1.07e-08
 2.71573e+16	9.76e-01	2.38e-02	1.20e-08
 2.71680e+16	9.77e-01	2.30e-02	1.35e-08
 2.71779e+16	9.78e-01	2.23e-02	1.50e-08
 2.71873e+16	9.78e-01	2.17e-02	1.68e-08
 2.71962e+16	9.79e-01	2.10e-02	1.89e-08
 2.72045e+16	9.80e-01	2.05e-02	2.11e-08
 2.72122e+16	9.80e-01	1.99e-02	2.35e-08
 2.72197e+16	9.81e-01	1.94e-02	2.63e-08
 2.72269e+16	9.81e-01	1.89e-02	2.93e-08
 2.72337e+16	9.82e-01	1.84e-02	3.30e-08
 2.72400e+16	9.82e-01	1.80e-02	3.64e-08
 2.72463e+16	9.82e-01	1.76e-02	4.06e-08
 2.72527e+16	9.83e-01	1.72e-02	4.53e-08
 2.72588e+16	9.83e-01	1.68e-02	5.05e-08
 2.72647e+16	9.84e-01	1.64e-02	5.61e-08
 2.72706e+16	9.84e-01	1.60e-02	6.21e-08
 2.72765e+16	9.84e-01	1.55e-02	6.87e-08
 2.72827e+16	9.85e-01	1.51e-02	7.58e-08
 2.72890e+16	9.85e-01	1.46e-02	8.28e-08
 2.72951e+16	9.86e-01	1.42e-02	8.91e-08
 2.73005e+16	9.86e-01	1.38e-02	9.43e-08
 2.73053e+16	9.87e-01	1.35e-02	9.83e-08
 2.73097e+16	9.87e-01	1.32e-02	1.02e-07
 2.73141e+16	9.87e-01	1.29e-02	1.05e-07
 2.73184e+16	9.87e-01	1.26e-02	1.07e-07
 2.73224e+16	9.88e-01	1.23e-02	1.09e-07
 2.73261e+16	9.88e-01	1.20e-02	1.11e-07
 2.73295e+16	9.88e-01	1.18e-02	1.13e-07
 2.73325e+16	9.88e-01	1.16e-02	1.14e-07
 2.73353e+16	9.89e-01	1.14e-02	1.16e-07
 2.73378e+16	9.89e-01	1.12e-02	1.17e-07
 2.73401e+16	9.89e-01	1.11e-02	1.18e-07
 2.73427e+16	9.89e-01	1.09e-02	1.20e-07
 2.73454e+16	9.89e-01	1.07e-02	1.21e-07
 2.73479e+16	9.89e-01	1.05e-02	1.23e-07
 2.73501e+16	9.90e-01	1.04e-02	1.24e-07
 2.73522e+16	9.90e-01	1.03e-02	1.25e-07
 2.73544e+16	9.90e-01	1.01e-02	1.27e-07
 2.73569e+16	9.90e-01	9.89e-03	1.29e-07
