#depth	He	He+	He+2
 3.42275e+11	1.04e-03	9.92e-01	7.05e-03
 2.05365e+12	1.04e-03	9.92e-01	7.05e-03
 8.89916e+12	1.04e-03	9.92e-01	7.00e-03
 3.62812e+13	1.05e-03	9.92e-01	6.76e-03
 8.66642e+13	1.05e-03	9.92e-01	6.62e-03
 1.52162e+14	1.06e-03	9.93e-01	6.23e-03
 2.37309e+14	1.06e-03	9.93e-01	5.62e-03
 3.48001e+14	1.07e-03	9.94e-01	4.80e-03
 4.91899e+14	1.08e-03	9.95e-01	3.81e-03
 6.78968e+14	1.10e-03	9.96e-01	2.76e-03
 9.22157e+14	1.12e-03	9.97e-01	1.78e-03
 1.23830e+15	1.14e-03	9.98e-01	9.89e-04
 1.64929e+15	1.18e-03	9.98e-01	4.61e-04
 2.18358e+15	1.23e-03	9.99e-01	1.73e-04
 2.87815e+15	1.30e-03	9.99e-01	5.05e-05
 3.78109e+15	1.39e-03	9.99e-01	1.10e-05
 4.95492e+15	1.53e-03	9.98e-01	1.75e-06
 6.26744e+15	1.69e-03	9.98e-01	2.57e-07
 7.53175e+15	1.86e-03	9.98e-01	5.09e-08
 8.43455e+15	1.98e-03	9.98e-01	1.84e-08
 8.92987e+15	2.06e-03	9.98e-01	1.10e-08
 9.40778e+15	2.14e-03	9.98e-01	6.71e-09
 1.00291e+16	2.26e-03	9.98e-01	3.66e-09
 1.06856e+16	2.38e-03	9.98e-01	2.04e-09
 1.12450e+16	2.49e-03	9.98e-01	1.29e-09
 1.17465e+16	2.60e-03	9.97e-01	8.68e-10
 1.23155e+16	2.73e-03	9.97e-01	5.65e-10
 1.29175e+16	2.87e-03	9.97e-01	3.77e-10
 1.34299e+16	3.01e-03	9.97e-01	2.75e-10
 1.38854e+16	3.13e-03	9.97e-01	2.12e-10
 1.43991e+16	3.29e-03	9.97e-01	1.60e-10
 1.49499e+16	3.46e-03	9.97e-01	1.24e-10
 1.54249e+16	3.63e-03	9.96e-01	1.01e-10
 1.58431e+16	3.78e-03	9.96e-01	8.66e-11
 1.63111e+16	3.97e-03	9.96e-01	7.38e-11
 1.68168e+16	4.20e-03	9.96e-01	6.37e-11
 1.72568e+16	4.41e-03	9.96e-01	5.73e-11
 1.76423e+16	4.62e-03	9.95e-01	5.28e-11
 1.80716e+16	4.87e-03	9.95e-01	4.88e-11
 1.85354e+16	5.17e-03	9.95e-01	4.56e-11
 1.89405e+16	5.48e-03	9.95e-01	4.35e-11
 1.92957e+16	5.77e-03	9.94e-01	4.21e-11
 1.96897e+16	6.14e-03	9.94e-01	4.10e-11
 2.01094e+16	6.59e-03	9.93e-01	4.02e-11
 2.04609e+16	7.02e-03	9.93e-01	3.98e-11
 2.07534e+16	7.44e-03	9.93e-01	3.98e-11
 2.10710e+16	7.96e-03	9.92e-01	4.01e-11
 2.14140e+16	8.59e-03	9.91e-01	4.05e-11
 2.17076e+16	9.24e-03	9.91e-01	4.10e-11
 2.19527e+16	9.87e-03	9.90e-01	4.16e-11
 2.22172e+16	1.07e-02	9.89e-01	4.26e-11
 2.25014e+16	1.17e-02	9.88e-01	4.50e-11
 2.27460e+16	1.27e-02	9.87e-01	4.69e-11
 2.29535e+16	1.37e-02	9.86e-01	4.90e-11
 2.31781e+16	1.51e-02	9.85e-01	5.19e-11
 2.34191e+16	1.68e-02	9.83e-01	5.59e-11
 2.36232e+16	1.87e-02	9.81e-01	6.05e-11
 2.37940e+16	2.06e-02	9.79e-01	6.56e-11
 2.39799e+16	2.32e-02	9.77e-01	7.28e-11
 2.41813e+16	2.66e-02	9.73e-01	8.35e-11
 2.43296e+16	2.98e-02	9.70e-01	9.44e-11
 2.44167e+16	3.20e-02	9.68e-01	1.02e-10
 2.44977e+16	3.45e-02	9.65e-01	1.10e-10
 2.46029e+16	3.82e-02	9.62e-01	1.23e-10
 2.47092e+16	4.24e-02	9.58e-01	1.40e-10
 2.47906e+16	4.61e-02	9.54e-01	1.60e-10
 2.48579e+16	4.99e-02	9.50e-01	1.73e-10
 2.49333e+16	5.46e-02	9.45e-01	1.96e-10
 2.50141e+16	6.04e-02	9.40e-01	2.24e-10
 2.50830e+16	6.60e-02	9.34e-01	2.55e-10
 2.51416e+16	7.13e-02	9.29e-01	2.87e-10
 2.52060e+16	7.82e-02	9.22e-01	3.26e-10
 2.52750e+16	8.63e-02	9.14e-01	3.75e-10
 2.53344e+16	9.45e-02	9.06e-01	4.23e-10
 2.53862e+16	1.02e-01	8.98e-01	4.78e-10
 2.54413e+16	1.12e-01	8.88e-01	5.40e-10
 2.55006e+16	1.23e-01	8.77e-01	6.20e-10
 2.55557e+16	1.35e-01	8.65e-01	6.99e-10
 2.56060e+16	1.46e-01	8.54e-01	7.93e-10
 2.56517e+16	1.58e-01	8.42e-01	8.83e-10
 2.56939e+16	1.70e-01	8.30e-01	9.72e-10
 2.57355e+16	1.82e-01	8.18e-01	1.08e-09
 2.57688e+16	1.93e-01	8.07e-01	1.16e-09
 2.57905e+16	2.00e-01	8.00e-01	1.22e-09
 2.58104e+16	2.07e-01	7.93e-01	1.27e-09
 2.58341e+16	2.16e-01	7.84e-01	1.34e-09
 2.58598e+16	2.26e-01	7.74e-01	1.42e-09
 2.58840e+16	2.36e-01	7.64e-01	1.50e-09
 2.59069e+16	2.45e-01	7.55e-01	1.59e-09
 2.59297e+16	2.55e-01	7.45e-01	1.67e-09
 2.59527e+16	2.65e-01	7.35e-01	1.76e-09
 2.59756e+16	2.76e-01	7.24e-01	1.85e-09
 2.59982e+16	2.86e-01	7.14e-01	1.95e-09
 2.60208e+16	2.98e-01	7.02e-01	2.04e-09
 2.60434e+16	3.09e-01	6.91e-01	2.14e-09
 2.60655e+16	3.21e-01	6.79e-01	2.24e-09
 2.60873e+16	3.33e-01	6.67e-01	2.35e-09
 2.61095e+16	3.45e-01	6.55e-01	2.45e-09
 2.61315e+16	3.57e-01	6.43e-01	2.57e-09
 2.61532e+16	3.71e-01	6.29e-01	2.67e-09
 2.61748e+16	3.83e-01	6.17e-01	2.80e-09
 2.61964e+16	3.97e-01	6.03e-01	2.91e-09
 2.62182e+16	4.10e-01	5.90e-01	3.03e-09
 2.62394e+16	4.24e-01	5.76e-01	3.15e-09
 2.62604e+16	4.38e-01	5.62e-01	3.26e-09
 2.62816e+16	4.51e-01	5.49e-01	3.39e-09
 2.63029e+16	4.66e-01	5.34e-01	3.51e-09
 2.63241e+16	4.80e-01	5.20e-01	3.63e-09
 2.63447e+16	4.94e-01	5.06e-01	3.76e-09
 2.63652e+16	5.09e-01	4.91e-01	3.88e-09
 2.63858e+16	5.23e-01	4.77e-01	3.99e-09
 2.64063e+16	5.37e-01	4.63e-01	4.12e-09
 2.64261e+16	5.51e-01	4.49e-01	4.23e-09
 2.64456e+16	5.65e-01	4.35e-01	4.34e-09
 2.64653e+16	5.79e-01	4.21e-01	4.45e-09
 2.64850e+16	5.93e-01	4.07e-01	4.56e-09
 2.65041e+16	6.07e-01	3.93e-01	4.66e-09
 2.65227e+16	6.20e-01	3.80e-01	4.76e-09
 2.65411e+16	6.33e-01	3.67e-01	4.85e-09
 2.65595e+16	6.45e-01	3.55e-01	4.94e-09
 2.65777e+16	6.58e-01	3.42e-01	5.03e-09
 2.65957e+16	6.70e-01	3.30e-01	5.11e-09
 2.66134e+16	6.82e-01	3.18e-01	5.19e-09
 2.66310e+16	6.94e-01	3.06e-01	5.26e-09
 2.66484e+16	7.05e-01	2.95e-01	5.33e-09
 2.66657e+16	7.16e-01	2.84e-01	5.40e-09
 2.66827e+16	7.27e-01	2.73e-01	5.46e-09
 2.66994e+16	7.37e-01	2.63e-01	5.52e-09
 2.67159e+16	7.47e-01	2.53e-01	5.58e-09
 2.67327e+16	7.57e-01	2.43e-01	5.61e-09
 2.67494e+16	7.67e-01	2.33e-01	5.67e-09
 2.67656e+16	7.76e-01	2.24e-01	5.71e-09
 2.67813e+16	7.85e-01	2.15e-01	5.74e-09
 2.67973e+16	7.94e-01	2.06e-01	5.77e-09
 2.68135e+16	8.02e-01	1.98e-01	5.80e-09
 2.68293e+16	8.10e-01	1.90e-01	5.83e-09
 2.68448e+16	8.18e-01	1.82e-01	5.86e-09
 2.68603e+16	8.25e-01	1.75e-01	5.87e-09
 2.68757e+16	8.33e-01	1.67e-01	5.88e-09
 2.68910e+16	8.40e-01	1.60e-01	5.89e-09
 2.69061e+16	8.46e-01	1.54e-01	5.89e-09
 2.69214e+16	8.53e-01	1.47e-01	5.90e-09
 2.69364e+16	8.59e-01	1.41e-01	5.90e-09
 2.69509e+16	8.65e-01	1.35e-01	5.88e-09
 2.69657e+16	8.71e-01	1.29e-01	5.87e-09
 2.69808e+16	8.77e-01	1.23e-01	5.86e-09
 2.69956e+16	8.82e-01	1.18e-01	5.87e-09
 2.70096e+16	8.87e-01	1.13e-01	5.87e-09
 2.70233e+16	8.91e-01	1.09e-01	5.85e-09
 2.70372e+16	8.96e-01	1.04e-01	5.82e-09
 2.70517e+16	9.00e-01	9.96e-02	5.80e-09
 2.70658e+16	9.05e-01	9.54e-02	5.78e-09
 2.70794e+16	9.09e-01	9.14e-02	5.76e-09
 2.70926e+16	9.12e-01	8.76e-02	5.72e-09
 2.71060e+16	9.16e-01	8.39e-02	5.69e-09
 2.71194e+16	9.20e-01	8.04e-02	5.66e-09
 2.71326e+16	9.23e-01	7.71e-02	5.63e-09
 2.71454e+16	9.26e-01	7.40e-02	5.59e-09
 2.71573e+16	9.29e-01	7.12e-02	5.57e-09
 2.71680e+16	9.31e-01	6.87e-02	5.52e-09
 2.71779e+16	9.33e-01	6.65e-02	5.49e-09
 2.71873e+16	9.36e-01	6.45e-02	5.44e-09
 2.71962e+16	9.37e-01	6.26e-02	5.40e-09
 2.72045e+16	9.39e-01	6.09e-02	5.36e-09
 2.72122e+16	9.41e-01	5.93e-02	5.32e-09
 2.72197e+16	9.42e-01	5.78e-02	5.28e-09
 2.72269e+16	9.44e-01	5.64e-02	5.24e-09
 2.72337e+16	9.45e-01	5.50e-02	5.19e-09
 2.72400e+16	9.46e-01	5.39e-02	5.16e-09
 2.72463e+16	9.47e-01	5.27e-02	5.12e-09
 2.72527e+16	9.48e-01	5.15e-02	5.08e-09
 2.72588e+16	9.50e-01	5.04e-02	5.04e-09
 2.72647e+16	9.51e-01	4.94e-02	4.99e-09
 2.72706e+16	9.52e-01	4.83e-02	4.95e-09
 2.72765e+16	9.53e-01	4.73e-02	4.90e-09
 2.72827e+16	9.54e-01	4.63e-02	4.85e-09
 2.72890e+16	9.55e-01	4.52e-02	4.79e-09
 2.72951e+16	9.56e-01	4.42e-02	4.73e-09
 2.73005e+16	9.57e-01	4.33e-02	4.68e-09
 2.73053e+16	9.57e-01	4.26e-02	4.63e-09
 2.73097e+16	9.58e-01	4.18e-02	4.58e-09
 2.73141e+16	9.59e-01	4.11e-02	4.53e-09
 2.73184e+16	9.60e-01	4.04e-02	4.47e-09
 2.73224e+16	9.60e-01	3.98e-02	4.42e-09
 2.73261e+16	9.61e-01	3.92e-02	4.37e-09
 2.73295e+16	9.61e-01	3.87e-02	4.32e-09
 2.73325e+16	9.62e-01	3.82e-02	4.28e-09
 2.73353e+16	9.62e-01	3.77e-02	4.23e-09
 2.73378e+16	9.63e-01	3.73e-02	4.19e-09
 2.73401e+16	9.63e-01	3.69e-02	4.17e-09
 2.73427e+16	9.64e-01	3.65e-02	4.13e-09
 2.73454e+16	9.64e-01	3.61e-02	4.08e-09
 2.73479e+16	9.64e-01	3.57e-02	4.05e-09
 2.73501e+16	9.65e-01	3.53e-02	4.01e-09
 2.73522e+16	9.65e-01	3.50e-02	3.98e-09
 2.73544e+16	9.65e-01	3.46e-02	3.94e-09
 2.73569e+16	9.66e-01	3.43e-02	3.91e-09
