#depth	He	He+	He+2
 3.51911e+12	6.24e-05	1.25e-01	8.75e-01
 2.11147e+13	6.24e-05	1.25e-01	8.74e-01
 9.14968e+13	6.28e-05	1.26e-01	8.74e-01
 3.73026e+14	6.44e-05	1.28e-01	8.72e-01
 8.91038e+14	6.62e-05	1.30e-01	8.70e-01
 1.56445e+15	6.99e-05	1.34e-01	8.66e-01
 2.43990e+15	7.56e-05	1.41e-01	8.59e-01
 3.57797e+15	8.50e-05	1.53e-01	8.47e-01
 5.05747e+15	1.01e-04	1.73e-01	8.27e-01
 6.61300e+15	1.24e-04	2.02e-01	7.98e-01
 7.90492e+15	1.51e-04	2.36e-01	7.64e-01
 8.96047e+15	1.81e-04	2.73e-01	7.27e-01
 9.89193e+15	2.17e-04	3.15e-01	6.85e-01
 1.07722e+16	2.64e-04	3.67e-01	6.33e-01
 1.15749e+16	3.15e-04	4.24e-01	5.76e-01
 1.23158e+16	3.73e-04	4.85e-01	5.14e-01
 1.29869e+16	4.35e-04	5.49e-01	4.51e-01
 1.35607e+16	4.95e-04	6.08e-01	3.92e-01
 1.41878e+16	5.66e-04	6.74e-01	3.26e-01
 1.50031e+16	6.60e-04	7.55e-01	2.44e-01
 1.58785e+16	7.57e-04	8.31e-01	1.68e-01
 1.68321e+16	8.48e-04	8.93e-01	1.06e-01
 1.80718e+16	9.38e-04	9.42e-01	5.67e-02
 1.96834e+16	1.02e-03	9.74e-01	2.51e-02
 2.16241e+16	1.09e-03	9.89e-01	9.94e-03
 2.37865e+16	1.15e-03	9.95e-01	3.86e-03
 2.61651e+16	1.21e-03	9.97e-01	1.50e-03
 2.87816e+16	1.28e-03	9.98e-01	5.83e-04
 3.16598e+16	1.37e-03	9.98e-01	2.25e-04
 3.48258e+16	1.47e-03	9.98e-01	8.80e-05
 3.73277e+16	1.55e-03	9.98e-01	4.70e-05
 3.86725e+16	1.60e-03	9.98e-01	3.47e-05
 3.98251e+16	1.64e-03	9.98e-01	2.65e-05
 4.13236e+16	1.70e-03	9.98e-01	1.90e-05
 4.32716e+16	1.78e-03	9.98e-01	1.27e-05
 4.52244e+16	1.87e-03	9.98e-01	8.89e-06
 4.66704e+16	1.94e-03	9.98e-01	6.98e-06
 4.78454e+16	2.00e-03	9.98e-01	5.74e-06
 4.91812e+16	2.08e-03	9.98e-01	4.60e-06
 5.09177e+16	2.19e-03	9.98e-01	3.49e-06
 5.26225e+16	2.31e-03	9.98e-01	2.75e-06
 5.38825e+16	2.41e-03	9.98e-01	2.32e-06
 5.49514e+16	2.50e-03	9.97e-01	2.01e-06
 5.61756e+16	2.62e-03	9.97e-01	1.70e-06
 5.75518e+16	2.76e-03	9.97e-01	1.42e-06
 5.88194e+16	2.91e-03	9.97e-01	1.22e-06
 5.99299e+16	3.05e-03	9.97e-01	1.07e-06
 6.11421e+16	3.22e-03	9.97e-01	9.19e-07
 6.24500e+16	3.43e-03	9.97e-01	7.90e-07
 6.35756e+16	3.64e-03	9.96e-01	6.97e-07
 6.45456e+16	3.84e-03	9.96e-01	6.25e-07
 6.56202e+16	4.08e-03	9.96e-01	5.52e-07
 6.67850e+16	4.39e-03	9.96e-01	4.86e-07
 6.77878e+16	4.69e-03	9.95e-01	4.37e-07
 6.86312e+16	4.98e-03	9.95e-01	3.99e-07
 6.95464e+16	5.34e-03	9.95e-01	3.60e-07
 7.05386e+16	5.78e-03	9.94e-01	3.24e-07
 7.13901e+16	6.23e-03	9.94e-01	2.96e-07
 7.20992e+16	6.66e-03	9.93e-01	2.74e-07
 7.28646e+16	7.19e-03	9.93e-01	2.51e-07
 7.36887e+16	7.85e-03	9.92e-01	2.30e-07
 7.43897e+16	8.52e-03	9.91e-01	2.13e-07
 7.49727e+16	9.16e-03	9.91e-01	2.00e-07
 7.56019e+16	9.98e-03	9.90e-01	1.86e-07
 7.62826e+16	1.10e-02	9.89e-01	1.72e-07
 7.68665e+16	1.21e-02	9.88e-01	1.61e-07
 7.73556e+16	1.31e-02	9.87e-01	1.52e-07
 7.78851e+16	1.45e-02	9.86e-01	1.43e-07
 7.84608e+16	1.63e-02	9.84e-01	1.33e-07
 7.89180e+16	1.80e-02	9.82e-01	1.26e-07
 7.92353e+16	1.95e-02	9.81e-01	1.21e-07
 7.95493e+16	2.11e-02	9.79e-01	1.16e-07
 7.99040e+16	2.33e-02	9.77e-01	1.11e-07
 8.02268e+16	2.57e-02	9.74e-01	1.06e-07
 8.04917e+16	2.80e-02	9.72e-01	1.02e-07
 8.07270e+16	3.04e-02	9.70e-01	9.86e-08
 8.09934e+16	3.37e-02	9.66e-01	9.45e-08
 8.12695e+16	3.77e-02	9.62e-01	9.06e-08
 8.14886e+16	4.16e-02	9.58e-01	8.76e-08
 8.16652e+16	4.53e-02	9.55e-01	8.51e-08
 8.18563e+16	4.99e-02	9.50e-01	8.23e-08
 8.20650e+16	5.60e-02	9.44e-01	7.94e-08
 8.22454e+16	6.23e-02	9.38e-01	7.70e-08
 8.23937e+16	6.85e-02	9.31e-01	7.49e-08
 8.25515e+16	7.64e-02	9.24e-01	7.27e-08
 8.27217e+16	8.65e-02	9.13e-01	7.05e-08
 8.28659e+16	9.70e-02	9.03e-01	6.87e-08
 8.29842e+16	1.07e-01	8.93e-01	6.71e-08
 8.30934e+16	1.18e-01	8.82e-01	6.58e-08
 8.31972e+16	1.31e-01	8.69e-01	6.45e-08
 8.32900e+16	1.43e-01	8.57e-01	6.35e-08
 8.33695e+16	1.56e-01	8.44e-01	6.25e-08
 8.34398e+16	1.68e-01	8.32e-01	6.18e-08
 8.34933e+16	1.78e-01	8.22e-01	6.12e-08
 8.35282e+16	1.85e-01	8.15e-01	6.08e-08
 8.35610e+16	1.92e-01	8.08e-01	6.03e-08
 8.35998e+16	2.01e-01	7.99e-01	5.98e-08
 8.36409e+16	2.11e-01	7.89e-01	5.94e-08
 8.36783e+16	2.21e-01	7.79e-01	5.90e-08
 8.37118e+16	2.30e-01	7.70e-01	5.86e-08
 8.37446e+16	2.40e-01	7.60e-01	5.82e-08
 8.37781e+16	2.50e-01	7.50e-01	5.79e-08
 8.38115e+16	2.61e-01	7.39e-01	5.75e-08
 8.38435e+16	2.72e-01	7.28e-01	5.72e-08
 8.38742e+16	2.83e-01	7.17e-01	5.68e-08
 8.39043e+16	2.94e-01	7.06e-01	5.65e-08
 8.39341e+16	3.06e-01	6.94e-01	5.61e-08
 8.39634e+16	3.18e-01	6.82e-01	5.58e-08
 8.39919e+16	3.30e-01	6.70e-01	5.55e-08
 8.40197e+16	3.43e-01	6.57e-01	5.51e-08
 8.40471e+16	3.55e-01	6.45e-01	5.48e-08
 8.40739e+16	3.69e-01	6.31e-01	5.44e-08
 8.41002e+16	3.82e-01	6.18e-01	5.40e-08
 8.41260e+16	3.95e-01	6.05e-01	5.37e-08
 8.41513e+16	4.09e-01	5.91e-01	5.33e-08
 8.41761e+16	4.23e-01	5.77e-01	5.29e-08
 8.42004e+16	4.37e-01	5.63e-01	5.25e-08
 8.42242e+16	4.51e-01	5.49e-01	5.21e-08
 8.42476e+16	4.66e-01	5.34e-01	5.16e-08
 8.42706e+16	4.80e-01	5.20e-01	5.12e-08
 8.42932e+16	4.95e-01	5.05e-01	5.07e-08
 8.43153e+16	5.09e-01	4.91e-01	5.03e-08
 8.43370e+16	5.24e-01	4.76e-01	4.98e-08
 8.43581e+16	5.38e-01	4.62e-01	4.93e-08
 8.43785e+16	5.52e-01	4.48e-01	4.88e-08
 8.43987e+16	5.67e-01	4.33e-01	4.82e-08
 8.44182e+16	5.81e-01	4.19e-01	4.78e-08
 8.44370e+16	5.94e-01	4.06e-01	4.72e-08
 8.44553e+16	6.07e-01	3.93e-01	4.67e-08
 8.44733e+16	6.21e-01	3.79e-01	4.60e-08
 8.44908e+16	6.33e-01	3.67e-01	4.55e-08
 8.45079e+16	6.46e-01	3.54e-01	4.49e-08
 8.45246e+16	6.58e-01	3.42e-01	4.44e-08
 8.45408e+16	6.71e-01	3.29e-01	4.37e-08
 8.45567e+16	6.82e-01	3.18e-01	4.32e-08
 8.45723e+16	6.94e-01	3.06e-01	4.25e-08
 8.45874e+16	7.05e-01	2.95e-01	4.19e-08
 8.46022e+16	7.16e-01	2.84e-01	4.13e-08
 8.46167e+16	7.26e-01	2.74e-01	4.07e-08
 8.46309e+16	7.37e-01	2.63e-01	4.00e-08
 8.46448e+16	7.46e-01	2.54e-01	3.94e-08
 8.46584e+16	7.56e-01	2.44e-01	3.87e-08
 8.46716e+16	7.65e-01	2.35e-01	3.81e-08
 8.46846e+16	7.75e-01	2.25e-01	3.74e-08
 8.46974e+16	7.83e-01	2.17e-01	3.68e-08
 8.47097e+16	7.92e-01	2.08e-01	3.61e-08
 8.47221e+16	8.00e-01	2.00e-01	3.54e-08
 8.47340e+16	8.08e-01	1.92e-01	3.48e-08
 8.47455e+16	8.16e-01	1.84e-01	3.41e-08
 8.47571e+16	8.23e-01	1.77e-01	3.34e-08
 8.47683e+16	8.30e-01	1.70e-01	3.27e-08
 8.47792e+16	8.37e-01	1.63e-01	3.20e-08
 8.47898e+16	8.44e-01	1.56e-01	3.13e-08
 8.48001e+16	8.50e-01	1.50e-01	3.06e-08
 8.48102e+16	8.56e-01	1.44e-01	2.99e-08
 8.48203e+16	8.62e-01	1.38e-01	2.92e-08
 8.48300e+16	8.68e-01	1.32e-01	2.85e-08
 8.48394e+16	8.73e-01	1.27e-01	2.78e-08
 8.48486e+16	8.79e-01	1.21e-01	2.71e-08
 8.48576e+16	8.84e-01	1.16e-01	2.64e-08
 8.48665e+16	8.89e-01	1.11e-01	2.57e-08
 8.48749e+16	8.93e-01	1.07e-01	2.50e-08
 8.48831e+16	8.98e-01	1.02e-01	2.43e-08
 8.48911e+16	9.02e-01	9.78e-02	2.36e-08
 8.48989e+16	9.06e-01	9.36e-02	2.29e-08
 8.49063e+16	9.10e-01	8.98e-02	2.22e-08
 8.49131e+16	9.14e-01	8.62e-02	2.15e-08
 8.49194e+16	9.17e-01	8.29e-02	2.09e-08
 8.49251e+16	9.20e-01	7.99e-02	2.02e-08
 8.49303e+16	9.23e-01	7.71e-02	1.97e-08
 8.49353e+16	9.26e-01	7.45e-02	1.91e-08
 8.49399e+16	9.28e-01	7.20e-02	1.86e-08
 8.49441e+16	9.30e-01	6.98e-02	1.80e-08
 8.49479e+16	9.32e-01	6.78e-02	1.76e-08
 8.49514e+16	9.34e-01	6.59e-02	1.71e-08
 8.49547e+16	9.36e-01	6.41e-02	1.66e-08
 8.49577e+16	9.38e-01	6.25e-02	1.62e-08
 8.49605e+16	9.39e-01	6.09e-02	1.58e-08
 8.49631e+16	9.41e-01	5.95e-02	1.54e-08
 8.49655e+16	9.42e-01	5.81e-02	1.50e-08
 8.49677e+16	9.43e-01	5.68e-02	1.47e-08
 8.49697e+16	9.44e-01	5.58e-02	1.44e-08
 8.49717e+16	9.46e-01	5.44e-02	1.40e-08
 8.49736e+16	9.47e-01	5.33e-02	1.37e-08
 8.49751e+16	9.48e-01	5.25e-02	1.34e-08
 8.49767e+16	9.49e-01	5.14e-02	1.31e-08
 8.49781e+16	9.49e-01	5.06e-02	1.28e-08
 8.49794e+16	9.50e-01	4.96e-02	1.25e-08
 8.49806e+16	9.51e-01	4.89e-02	1.23e-08
 8.49817e+16	9.52e-01	4.80e-02	1.20e-08
 8.49827e+16	9.53e-01	4.74e-02	1.18e-08
 8.49837e+16	9.53e-01	4.66e-02	1.15e-08
 8.49846e+16	9.54e-01	4.60e-02	1.13e-08
 8.49855e+16	9.55e-01	4.52e-02	1.10e-08
 8.49863e+16	9.56e-01	4.44e-02	1.07e-08
 8.49872e+16	9.56e-01	4.37e-02	1.05e-08
 8.49880e+16	9.57e-01	4.29e-02	1.02e-08
 8.49889e+16	9.58e-01	4.20e-02	9.86e-09
 8.49897e+16	9.59e-01	4.11e-02	9.51e-09
 8.49906e+16	9.60e-01	3.99e-02	9.04e-09
 8.49914e+16	9.61e-01	3.86e-02	8.52e-09
 8.49923e+16	9.63e-01	3.66e-02	7.66e-09
 8.49931e+16	9.86e-01	1.41e-02	1.05e-09
