#depth	H	H+	H2
 3.51911e+12	9.62e-04	9.99e-01	1.91e-14
 2.11147e+13	9.62e-04	9.99e-01	1.91e-14
 9.14968e+13	9.62e-04	9.99e-01	1.92e-14
 3.73026e+14	9.63e-04	9.99e-01	1.96e-14
 8.91038e+14	9.52e-04	9.99e-01	2.00e-14
 1.56445e+15	9.49e-04	9.99e-01	2.06e-14
 2.43990e+15	9.49e-04	9.99e-01	2.15e-14
 3.57797e+15	9.55e-04	9.99e-01	2.30e-14
 5.05747e+15	9.71e-04	9.99e-01	2.52e-14
 6.61300e+15	9.82e-04	9.99e-01	2.76e-14
 7.90492e+15	1.00e-03	9.99e-01	3.00e-14
 8.96047e+15	1.02e-03	9.99e-01	3.24e-14
 9.89193e+15	1.05e-03	9.99e-01	3.51e-14
 1.07722e+16	1.09e-03	9.99e-01	3.88e-14
 1.15749e+16	1.12e-03	9.99e-01	4.23e-14
 1.23158e+16	1.16e-03	9.99e-01	4.60e-14
 1.29869e+16	1.20e-03	9.99e-01	4.99e-14
 1.35607e+16	1.24e-03	9.99e-01	5.37e-14
 1.41878e+16	1.28e-03	9.99e-01	5.87e-14
 1.50031e+16	1.35e-03	9.99e-01	6.57e-14
 1.58785e+16	1.42e-03	9.99e-01	7.37e-14
 1.68321e+16	1.49e-03	9.99e-01	8.28e-14
 1.80718e+16	1.58e-03	9.98e-01	9.40e-14
 1.96834e+16	1.69e-03	9.98e-01	1.07e-13
 2.16241e+16	1.81e-03	9.98e-01	1.22e-13
 2.37865e+16	1.94e-03	9.98e-01	1.39e-13
 2.61651e+16	2.10e-03	9.98e-01	1.59e-13
 2.87816e+16	2.31e-03	9.98e-01	1.84e-13
 3.16598e+16	2.60e-03	9.97e-01	2.21e-13
 3.48258e+16	2.94e-03	9.97e-01	2.64e-13
 3.73277e+16	3.29e-03	9.97e-01	3.09e-13
 3.86725e+16	3.49e-03	9.97e-01	3.36e-13
 3.98251e+16	3.66e-03	9.96e-01	3.58e-13
 4.13236e+16	3.91e-03	9.96e-01	3.92e-13
 4.32716e+16	4.25e-03	9.96e-01	4.39e-13
 4.52244e+16	4.67e-03	9.95e-01	4.98e-13
 4.66704e+16	5.01e-03	9.95e-01	5.48e-13
 4.78454e+16	5.29e-03	9.95e-01	5.90e-13
 4.91812e+16	5.63e-03	9.94e-01	6.42e-13
 5.09177e+16	6.15e-03	9.94e-01	7.21e-13
 5.26225e+16	6.70e-03	9.93e-01	8.11e-13
 5.38825e+16	7.17e-03	9.93e-01	8.89e-13
 5.49514e+16	7.60e-03	9.92e-01	9.61e-13
 5.61756e+16	8.13e-03	9.92e-01	1.05e-12
 5.75518e+16	8.79e-03	9.91e-01	1.17e-12
 5.88194e+16	9.48e-03	9.91e-01	1.29e-12
 5.99299e+16	1.01e-02	9.90e-01	1.41e-12
 6.11421e+16	1.09e-02	9.89e-01	1.56e-12
 6.24500e+16	1.19e-02	9.88e-01	1.75e-12
 6.35756e+16	1.29e-02	9.87e-01	1.93e-12
 6.45456e+16	1.38e-02	9.86e-01	2.12e-12
 6.56202e+16	1.49e-02	9.85e-01	2.35e-12
 6.67850e+16	1.64e-02	9.84e-01	2.65e-12
 6.77878e+16	1.78e-02	9.82e-01	2.95e-12
 6.86312e+16	1.91e-02	9.81e-01	3.25e-12
 6.95464e+16	2.08e-02	9.79e-01	3.62e-12
 7.05386e+16	2.28e-02	9.77e-01	4.09e-12
 7.13901e+16	2.49e-02	9.75e-01	4.58e-12
 7.20992e+16	2.69e-02	9.73e-01	5.06e-12
 7.28646e+16	2.93e-02	9.71e-01	5.67e-12
 7.36887e+16	3.24e-02	9.68e-01	6.45e-12
 7.43897e+16	3.55e-02	9.65e-01	7.26e-12
 7.49727e+16	3.84e-02	9.62e-01	8.05e-12
 7.56019e+16	4.21e-02	9.58e-01	9.08e-12
 7.62826e+16	4.69e-02	9.53e-01	1.04e-11
 7.68665e+16	5.18e-02	9.48e-01	1.19e-11
 7.73556e+16	5.67e-02	9.43e-01	1.34e-11
 7.78851e+16	6.29e-02	9.37e-01	1.53e-11
 7.84608e+16	7.12e-02	9.29e-01	1.80e-11
 7.89180e+16	7.94e-02	9.21e-01	2.07e-11
 7.92353e+16	8.60e-02	9.14e-01	2.30e-11
 7.95493e+16	9.35e-02	9.07e-01	2.57e-11
 7.99040e+16	1.03e-01	8.97e-01	2.94e-11
 8.02268e+16	1.14e-01	8.86e-01	3.36e-11
 8.04917e+16	1.25e-01	8.75e-01	3.78e-11
 8.07270e+16	1.35e-01	8.65e-01	4.23e-11
 8.09934e+16	1.49e-01	8.51e-01	4.85e-11
 8.12695e+16	1.67e-01	8.33e-01	5.66e-11
 8.14886e+16	1.83e-01	8.17e-01	6.47e-11
 8.16652e+16	1.98e-01	8.02e-01	7.25e-11
 8.18563e+16	2.16e-01	7.84e-01	8.26e-11
 8.20650e+16	2.40e-01	7.60e-01	9.64e-11
 8.22454e+16	2.63e-01	7.37e-01	1.11e-10
 8.23937e+16	2.85e-01	7.15e-01	1.26e-10
 8.25515e+16	3.10e-01	6.90e-01	1.46e-10
 8.27217e+16	3.42e-01	6.58e-01	1.72e-10
 8.28659e+16	3.73e-01	6.27e-01	2.00e-10
 8.29842e+16	4.01e-01	5.99e-01	2.28e-10
 8.30934e+16	4.28e-01	5.72e-01	2.58e-10
 8.31972e+16	4.56e-01	5.44e-01	2.93e-10
 8.32900e+16	4.83e-01	5.17e-01	3.30e-10
 8.33695e+16	5.07e-01	4.93e-01	3.66e-10
 8.34398e+16	5.29e-01	4.71e-01	4.02e-10
 8.34933e+16	5.46e-01	4.54e-01	4.33e-10
 8.35282e+16	5.57e-01	4.43e-01	4.53e-10
 8.35610e+16	5.68e-01	4.32e-01	4.75e-10
 8.35998e+16	5.81e-01	4.19e-01	5.02e-10
 8.36409e+16	5.95e-01	4.05e-01	5.34e-10
 8.36783e+16	6.09e-01	3.91e-01	5.65e-10
 8.37118e+16	6.20e-01	3.80e-01	5.95e-10
 8.37446e+16	6.32e-01	3.68e-01	6.26e-10
 8.37781e+16	6.44e-01	3.56e-01	6.60e-10
 8.38115e+16	6.57e-01	3.43e-01	6.97e-10
 8.38435e+16	6.69e-01	3.31e-01	7.34e-10
 8.38742e+16	6.80e-01	3.20e-01	7.72e-10
 8.39043e+16	6.91e-01	3.09e-01	8.12e-10
 8.39341e+16	7.02e-01	2.98e-01	8.55e-10
 8.39634e+16	7.13e-01	2.87e-01	9.00e-10
 8.39919e+16	7.24e-01	2.76e-01	9.46e-10
 8.40197e+16	7.34e-01	2.66e-01	9.93e-10
 8.40471e+16	7.44e-01	2.56e-01	1.04e-09
 8.40739e+16	7.54e-01	2.46e-01	1.10e-09
 8.41002e+16	7.64e-01	2.36e-01	1.15e-09
 8.41260e+16	7.73e-01	2.27e-01	1.21e-09
 8.41513e+16	7.82e-01	2.18e-01	1.27e-09
 8.41761e+16	7.91e-01	2.09e-01	1.33e-09
 8.42004e+16	7.99e-01	2.01e-01	1.40e-09
 8.42242e+16	8.07e-01	1.93e-01	1.47e-09
 8.42476e+16	8.15e-01	1.85e-01	1.54e-09
 8.42706e+16	8.23e-01	1.77e-01	1.61e-09
 8.42932e+16	8.31e-01	1.69e-01	1.69e-09
 8.43153e+16	8.38e-01	1.62e-01	1.77e-09
 8.43370e+16	8.45e-01	1.55e-01	1.86e-09
 8.43581e+16	8.51e-01	1.49e-01	1.95e-09
 8.43785e+16	8.58e-01	1.42e-01	2.04e-09
 8.43987e+16	8.64e-01	1.36e-01	2.14e-09
 8.44182e+16	8.70e-01	1.30e-01	2.24e-09
 8.44370e+16	8.75e-01	1.25e-01	2.34e-09
 8.44553e+16	8.80e-01	1.20e-01	2.45e-09
 8.44733e+16	8.85e-01	1.15e-01	2.57e-09
 8.44908e+16	8.90e-01	1.10e-01	2.68e-09
 8.45079e+16	8.95e-01	1.05e-01	2.81e-09
 8.45246e+16	8.99e-01	1.01e-01	2.94e-09
 8.45408e+16	9.03e-01	9.70e-02	3.08e-09
 8.45567e+16	9.07e-01	9.30e-02	3.22e-09
 8.45723e+16	9.11e-01	8.92e-02	3.37e-09
 8.45874e+16	9.14e-01	8.55e-02	3.53e-09
 8.46022e+16	9.18e-01	8.21e-02	3.69e-09
 8.46167e+16	9.21e-01	7.88e-02	3.87e-09
 8.46309e+16	9.24e-01	7.56e-02	4.06e-09
 8.46448e+16	9.27e-01	7.25e-02	4.25e-09
 8.46584e+16	9.30e-01	6.96e-02	4.46e-09
 8.46716e+16	9.33e-01	6.68e-02	4.68e-09
 8.46846e+16	9.36e-01	6.42e-02	4.92e-09
 8.46974e+16	9.38e-01	6.16e-02	5.17e-09
 8.47097e+16	9.41e-01	5.92e-02	5.44e-09
 8.47221e+16	9.43e-01	5.68e-02	5.74e-09
 8.47340e+16	9.45e-01	5.45e-02	6.05e-09
 8.47455e+16	9.48e-01	5.24e-02	6.38e-09
 8.47571e+16	9.50e-01	5.03e-02	6.76e-09
 8.47683e+16	9.52e-01	4.83e-02	7.15e-09
 8.47792e+16	9.54e-01	4.64e-02	7.57e-09
 8.47898e+16	9.55e-01	4.46e-02	8.03e-09
 8.48001e+16	9.57e-01	4.28e-02	8.54e-09
 8.48102e+16	9.59e-01	4.11e-02	9.10e-09
 8.48203e+16	9.60e-01	3.95e-02	9.72e-09
 8.48300e+16	9.62e-01	3.79e-02	1.04e-08
 8.48394e+16	9.64e-01	3.64e-02	1.12e-08
 8.48486e+16	9.65e-01	3.50e-02	1.20e-08
 8.48576e+16	9.66e-01	3.36e-02	1.30e-08
 8.48665e+16	9.68e-01	3.22e-02	1.41e-08
 8.48749e+16	9.69e-01	3.10e-02	1.53e-08
 8.48831e+16	9.70e-01	2.98e-02	1.67e-08
 8.48911e+16	9.71e-01	2.86e-02	1.83e-08
 8.48989e+16	9.73e-01	2.74e-02	2.02e-08
 8.49063e+16	9.74e-01	2.63e-02	2.23e-08
 8.49131e+16	9.75e-01	2.53e-02	2.47e-08
 8.49194e+16	9.76e-01	2.44e-02	2.72e-08
 8.49251e+16	9.76e-01	2.36e-02	3.01e-08
 8.49303e+16	9.77e-01	2.29e-02	3.31e-08
 8.49353e+16	9.78e-01	2.22e-02	3.66e-08
 8.49399e+16	9.78e-01	2.15e-02	4.06e-08
 8.49441e+16	9.79e-01	2.09e-02	4.49e-08
 8.49479e+16	9.80e-01	2.04e-02	4.96e-08
 8.49514e+16	9.80e-01	1.98e-02	5.48e-08
 8.49547e+16	9.81e-01	1.94e-02	6.06e-08
 8.49577e+16	9.81e-01	1.89e-02	6.70e-08
 8.49605e+16	9.82e-01	1.85e-02	7.39e-08
 8.49631e+16	9.82e-01	1.81e-02	8.19e-08
 8.49655e+16	9.82e-01	1.77e-02	9.09e-08
 8.49677e+16	9.83e-01	1.73e-02	1.01e-07
 8.49697e+16	9.83e-01	1.70e-02	1.10e-07
 8.49717e+16	9.83e-01	1.66e-02	1.24e-07
 8.49736e+16	9.84e-01	1.63e-02	1.38e-07
 8.49751e+16	9.84e-01	1.60e-02	1.50e-07
 8.49767e+16	9.84e-01	1.57e-02	1.68e-07
 8.49781e+16	9.85e-01	1.54e-02	1.85e-07
 8.49794e+16	9.85e-01	1.51e-02	2.08e-07
 8.49806e+16	9.85e-01	1.49e-02	2.28e-07
 8.49817e+16	9.85e-01	1.47e-02	2.56e-07
 8.49827e+16	9.86e-01	1.45e-02	2.79e-07
 8.49837e+16	9.86e-01	1.42e-02	3.15e-07
 8.49846e+16	9.86e-01	1.40e-02	3.45e-07
 8.49855e+16	9.86e-01	1.37e-02	3.93e-07
 8.49863e+16	9.86e-01	1.35e-02	4.46e-07
 8.49872e+16	9.87e-01	1.33e-02	5.11e-07
 8.49880e+16	9.87e-01	1.30e-02	5.93e-07
 8.49889e+16	9.87e-01	1.27e-02	7.03e-07
 8.49897e+16	9.88e-01	1.24e-02	8.54e-07
 8.49906e+16	9.88e-01	1.20e-02	1.11e-06
 8.49914e+16	9.88e-01	1.15e-02	1.48e-06
 8.49923e+16	9.89e-01	1.07e-02	2.37e-06
 8.49931e+16	9.97e-01	3.33e-03	2.21e-05
