#depth	O	O+	O+2	O+3	O+4	O+5	O+6	O+7	O+8	O[1]	O[2]	O[3]
 2.82628e+11	2.23e-05	3.57e-02	9.64e-01	2.26e-04	0.00e+00	0.00e+00	0.00e+00	0.00e+00	0.00e+00	1.45e-05	5.47e-06	2.29e-06
 1.69577e+12	2.23e-05	3.57e-02	9.64e-01	2.26e-04	0.00e+00	0.00e+00	0.00e+00	0.00e+00	0.00e+00	1.45e-05	5.47e-06	2.29e-06
 7.34833e+12	2.23e-05	3.57e-02	9.64e-01	2.22e-04	0.00e+00	0.00e+00	0.00e+00	0.00e+00	0.00e+00	1.45e-05	5.48e-06	2.29e-06
 2.99586e+13	2.23e-05	3.58e-02	9.64e-01	2.10e-04	0.00e+00	0.00e+00	0.00e+00	0.00e+00	0.00e+00	1.45e-05	5.49e-06	2.30e-06
 7.15614e+13	2.23e-05	3.58e-02	9.64e-01	1.93e-04	0.00e+00	0.00e+00	0.00e+00	0.00e+00	0.00e+00	1.45e-05	5.49e-06	2.30e-06
 1.25645e+14	2.23e-05	3.59e-02	9.64e-01	1.73e-04	0.00e+00	0.00e+00	0.00e+00	0.00e+00	0.00e+00	1.45e-05	5.49e-06	2.30e-06
 1.95954e+14	2.23e-05	3.60e-02	9.64e-01	1.49e-04	0.00e+00	0.00e+00	0.00e+00	0.00e+00	0.00e+00	1.45e-05	5.50e-06	2.30e-06
 2.87355e+14	2.24e-05	3.62e-02	9.64e-01	1.22e-04	0.00e+00	0.00e+00	0.00e+00	0.00e+00	0.00e+00	1.46e-05	5.52e-06	2.31e-06
 4.06177e+14	2.26e-05	3.64e-02	9.63e-01	9.44e-05	0.00e+00	0.00e+00	0.00e+00	0.00e+00	0.00e+00	1.47e-05	5.55e-06	2.33e-06
 5.60646e+14	2.28e-05	3.67e-02	9.63e-01	6.70e-05	0.00e+00	0.00e+00	0.00e+00	0.00e+00	0.00e+00	1.48e-05	5.61e-06	2.35e-06
 7.61455e+14	2.31e-05	3.71e-02	9.63e-01	4.28e-05	0.00e+00	0.00e+00	0.00e+00	0.00e+00	0.00e+00	1.50e-05	5.69e-06	2.39e-06
 1.02251e+15	2.37e-05	3.77e-02	9.62e-01	2.40e-05	0.00e+00	0.00e+00	0.00e+00	0.00e+00	0.00e+00	1.54e-05	5.82e-06	2.44e-06
 1.36187e+15	2.44e-05	3.84e-02	9.62e-01	1.15e-05	0.00e+00	0.00e+00	0.00e+00	0.00e+00	0.00e+00	1.59e-05	6.00e-06	2.52e-06
 1.80305e+15	2.56e-05	3.93e-02	9.61e-01	4.69e-06	0.00e+00	0.00e+00	0.00e+00	0.00e+00	0.00e+00	1.66e-05	6.28e-06	2.64e-06
 2.37658e+15	2.72e-05	4.06e-02	9.59e-01	1.71e-06	0.00e+00	0.00e+00	0.00e+00	0.00e+00	0.00e+00	1.77e-05	6.69e-06	2.81e-06
 3.12217e+15	2.98e-05	4.24e-02	9.58e-01	6.99e-07	0.00e+00	0.00e+00	0.00e+00	0.00e+00	0.00e+00	1.94e-05	7.30e-06	3.07e-06
 4.09144e+15	3.37e-05	4.50e-02	9.55e-01	4.22e-07	0.00e+00	0.00e+00	0.00e+00	0.00e+00	0.00e+00	2.20e-05	8.26e-06	3.48e-06
 5.35148e+15	4.01e-05	4.85e-02	9.51e-01	3.35e-07	0.00e+00	0.00e+00	0.00e+00	0.00e+00	0.00e+00	2.61e-05	9.82e-06	4.14e-06
 6.72202e+15	4.85e-05	5.27e-02	9.47e-01	2.88e-07	0.00e+00	0.00e+00	0.00e+00	0.00e+00	0.00e+00	3.16e-05	1.19e-05	5.01e-06
 7.92957e+15	5.81e-05	5.69e-02	9.43e-01	2.58e-07	0.00e+00	0.00e+00	0.00e+00	0.00e+00	0.00e+00	3.79e-05	1.42e-05	6.00e-06
 8.90273e+15	6.79e-05	6.07e-02	9.39e-01	2.34e-07	0.00e+00	0.00e+00	0.00e+00	0.00e+00	0.00e+00	4.43e-05	1.66e-05	7.01e-06
 9.79300e+15	7.95e-05	6.46e-02	9.35e-01	2.15e-07	0.00e+00	0.00e+00	0.00e+00	0.00e+00	0.00e+00	5.19e-05	1.94e-05	8.22e-06
 1.07233e+16	9.47e-05	6.93e-02	9.31e-01	1.96e-07	0.00e+00	0.00e+00	0.00e+00	0.00e+00	0.00e+00	6.18e-05	2.31e-05	9.79e-06
 1.16024e+16	1.13e-04	7.43e-02	9.26e-01	1.80e-07	0.00e+00	0.00e+00	0.00e+00	0.00e+00	0.00e+00	7.36e-05	2.75e-05	1.16e-05
 1.23898e+16	1.33e-04	7.93e-02	9.21e-01	1.66e-07	0.00e+00	0.00e+00	0.00e+00	0.00e+00	0.00e+00	8.68e-05	3.25e-05	1.37e-05
 1.31134e+16	1.57e-04	8.46e-02	9.15e-01	1.54e-07	0.00e+00	0.00e+00	0.00e+00	0.00e+00	0.00e+00	1.02e-04	3.82e-05	1.62e-05
 1.38039e+16	1.85e-04	9.03e-02	9.10e-01	1.42e-07	0.00e+00	0.00e+00	0.00e+00	0.00e+00	0.00e+00	1.20e-04	4.50e-05	1.91e-05
 1.44677e+16	2.19e-04	9.65e-02	9.03e-01	1.32e-07	0.00e+00	0.00e+00	0.00e+00	0.00e+00	0.00e+00	1.43e-04	5.33e-05	2.25e-05
 1.50967e+16	2.59e-04	1.03e-01	8.96e-01	0.00e+00	0.00e+00	0.00e+00	0.00e+00	0.00e+00	0.00e+00	1.69e-04	6.31e-05	2.67e-05
 1.56870e+16	3.06e-04	1.11e-01	8.89e-01	0.00e+00	0.00e+00	0.00e+00	0.00e+00	0.00e+00	0.00e+00	2.00e-04	7.48e-05	3.16e-05
 1.62417e+16	3.62e-04	1.18e-01	8.81e-01	0.00e+00	0.00e+00	0.00e+00	0.00e+00	0.00e+00	0.00e+00	2.36e-04	8.85e-05	3.73e-05
 1.67524e+16	4.27e-04	1.27e-01	8.73e-01	0.00e+00	0.00e+00	0.00e+00	0.00e+00	0.00e+00	0.00e+00	2.79e-04	1.04e-04	4.40e-05
 1.72120e+16	4.99e-04	1.35e-01	8.64e-01	0.00e+00	0.00e+00	0.00e+00	0.00e+00	0.00e+00	0.00e+00	3.26e-04	1.22e-04	5.14e-05
 1.76257e+16	5.79e-04	1.44e-01	8.56e-01	0.00e+00	0.00e+00	0.00e+00	0.00e+00	0.00e+00	0.00e+00	3.78e-04	1.42e-04	5.96e-05
 1.79980e+16	6.66e-04	1.52e-01	8.47e-01	0.00e+00	0.00e+00	0.00e+00	0.00e+00	0.00e+00	0.00e+00	4.34e-04	1.63e-04	6.85e-05
 1.83330e+16	7.61e-04	1.61e-01	8.38e-01	0.00e+00	0.00e+00	0.00e+00	0.00e+00	0.00e+00	0.00e+00	4.96e-04	1.86e-04	7.82e-05
 1.86346e+16	8.60e-04	1.70e-01	8.29e-01	0.00e+00	0.00e+00	0.00e+00	0.00e+00	0.00e+00	0.00e+00	5.61e-04	2.10e-04	8.83e-05
 1.89060e+16	9.66e-04	1.78e-01	8.21e-01	0.00e+00	0.00e+00	0.00e+00	0.00e+00	0.00e+00	0.00e+00	6.30e-04	2.36e-04	9.92e-05
 1.91503e+16	1.08e-03	1.87e-01	8.12e-01	0.00e+00	0.00e+00	0.00e+00	0.00e+00	0.00e+00	0.00e+00	7.02e-04	2.63e-04	1.10e-04
 1.93727e+16	1.19e-03	1.95e-01	8.03e-01	0.00e+00	0.00e+00	0.00e+00	0.00e+00	0.00e+00	0.00e+00	7.78e-04	2.91e-04	1.22e-04
 1.95862e+16	1.32e-03	2.04e-01	7.95e-01	0.00e+00	0.00e+00	0.00e+00	0.00e+00	0.00e+00	0.00e+00	8.61e-04	3.22e-04	1.35e-04
 1.97997e+16	1.47e-03	2.14e-01	7.85e-01	0.00e+00	0.00e+00	0.00e+00	0.00e+00	0.00e+00	0.00e+00	9.56e-04	3.58e-04	1.50e-04
 2.00132e+16	1.63e-03	2.24e-01	7.75e-01	0.00e+00	0.00e+00	0.00e+00	0.00e+00	0.00e+00	0.00e+00	1.07e-03	3.98e-04	1.67e-04
 2.02267e+16	1.83e-03	2.35e-01	7.63e-01	0.00e+00	0.00e+00	0.00e+00	0.00e+00	0.00e+00	0.00e+00	1.19e-03	4.46e-04	1.87e-04
 2.04402e+16	2.05e-03	2.47e-01	7.51e-01	0.00e+00	0.00e+00	0.00e+00	0.00e+00	0.00e+00	0.00e+00	1.34e-03	5.01e-04	2.10e-04
 2.06536e+16	2.32e-03	2.61e-01	7.37e-01	0.00e+00	0.00e+00	0.00e+00	0.00e+00	0.00e+00	0.00e+00	1.51e-03	5.65e-04	2.37e-04
 2.08671e+16	2.63e-03	2.75e-01	7.22e-01	0.00e+00	0.00e+00	0.00e+00	0.00e+00	0.00e+00	0.00e+00	1.72e-03	6.41e-04	2.69e-04
 2.10806e+16	3.00e-03	2.91e-01	7.06e-01	0.00e+00	0.00e+00	0.00e+00	0.00e+00	0.00e+00	0.00e+00	1.96e-03	7.32e-04	3.07e-04
 2.12680e+16	3.40e-03	3.07e-01	6.90e-01	0.00e+00	0.00e+00	0.00e+00	0.00e+00	0.00e+00	0.00e+00	2.22e-03	8.29e-04	3.47e-04
