#depth	H	H+	H2
 7.77997e+10	3.69e-03	9.96e-01	2.59e-11
 4.66798e+11	3.69e-03	9.96e-01	2.59e-11
 2.02279e+12	3.69e-03	9.96e-01	2.59e-11
 8.24677e+12	3.69e-03	9.96e-01	2.60e-11
 1.96989e+13	3.66e-03	9.96e-01	2.58e-11
 3.45866e+13	3.64e-03	9.96e-01	2.55e-11
 5.39407e+13	3.62e-03	9.96e-01	2.53e-11
 7.91010e+13	3.60e-03	9.96e-01	2.51e-11
 1.11809e+14	3.57e-03	9.96e-01	2.49e-11
 1.54330e+14	3.55e-03	9.96e-01	2.46e-11
 2.09607e+14	3.51e-03	9.96e-01	2.44e-11
 2.81468e+14	3.48e-03	9.97e-01	2.40e-11
 3.74886e+14	3.44e-03	9.97e-01	2.37e-11
 4.96330e+14	3.40e-03	9.97e-01	2.33e-11
 6.54207e+14	3.36e-03	9.97e-01	2.29e-11
 8.28976e+14	3.30e-03	9.97e-01	2.21e-11
 9.96381e+14	3.26e-03	9.97e-01	2.15e-11
 1.18468e+15	3.25e-03	9.97e-01	2.13e-11
 1.39443e+15	3.23e-03	9.97e-01	2.11e-11
 1.59708e+15	3.21e-03	9.97e-01	2.09e-11
 1.78124e+15	3.18e-03	9.97e-01	2.06e-11
 1.95937e+15	3.17e-03	9.97e-01	2.05e-11
 2.15530e+15	3.15e-03	9.97e-01	2.04e-11
 2.37083e+15	3.13e-03	9.97e-01	2.02e-11
 2.60792e+15	3.10e-03	9.97e-01	1.99e-11
 2.86871e+15	3.06e-03	9.97e-01	1.95e-11
 3.15558e+15	3.02e-03	9.97e-01	1.92e-11
 3.47114e+15	2.97e-03	9.97e-01	1.86e-11
 3.81825e+15	2.92e-03	9.97e-01	1.81e-11
 4.20007e+15	2.87e-03	9.97e-01	1.76e-11
 4.62008e+15	2.82e-03	9.97e-01	1.70e-11
 5.08209e+15	2.77e-03	9.97e-01	1.65e-11
 5.59030e+15	2.72e-03	9.97e-01	1.60e-11
 6.14933e+15	2.68e-03	9.97e-01	1.56e-11
 6.71011e+15	2.64e-03	9.97e-01	1.52e-11
 7.20588e+15	2.61e-03	9.97e-01	1.49e-11
 7.63885e+15	2.59e-03	9.97e-01	1.47e-11
 8.04325e+15	2.59e-03	9.97e-01	1.46e-11
 8.43789e+15	2.58e-03	9.97e-01	1.46e-11
 8.80222e+15	2.58e-03	9.97e-01	1.46e-11
 9.12252e+15	2.57e-03	9.97e-01	1.46e-11
 9.42167e+15	2.57e-03	9.97e-01	1.46e-11
 9.76155e+15	2.57e-03	9.97e-01	1.46e-11
 1.01213e+16	2.56e-03	9.97e-01	1.45e-11
 1.04278e+16	2.54e-03	9.97e-01	1.43e-11
 1.06932e+16	2.52e-03	9.97e-01	1.41e-11
 1.09844e+16	2.49e-03	9.98e-01	1.37e-11
 1.13021e+16	2.46e-03	9.98e-01	1.34e-11
 1.15950e+16	2.44e-03	9.98e-01	1.30e-11
 1.19044e+16	2.43e-03	9.98e-01	1.29e-11
 1.22943e+16	2.45e-03	9.98e-01	1.31e-11
 1.27191e+16	2.52e-03	9.97e-01	1.39e-11
 1.30463e+16	2.60e-03	9.97e-01	1.51e-11
 1.32467e+16	2.68e-03	9.97e-01	1.62e-11
 1.33972e+16	2.74e-03	9.97e-01	1.72e-11
 1.35652e+16	2.82e-03	9.97e-01	1.83e-11
 1.37837e+16	2.93e-03	9.97e-01	1.99e-11
 1.40057e+16	3.06e-03	9.97e-01	2.21e-11
 1.41674e+16	3.18e-03	9.97e-01	2.43e-11
 1.42800e+16	3.26e-03	9.97e-01	2.60e-11
 1.43936e+16	3.35e-03	9.97e-01	2.77e-11
 1.45413e+16	3.46e-03	9.97e-01	2.98e-11
 1.46940e+16	3.59e-03	9.96e-01	3.25e-11
 1.48111e+16	3.70e-03	9.96e-01	3.50e-11
 1.48986e+16	3.77e-03	9.96e-01	3.70e-11
 1.49895e+16	3.85e-03	9.96e-01	3.89e-11
 1.51077e+16	3.94e-03	9.96e-01	4.10e-11
 1.52311e+16	4.05e-03	9.96e-01	4.36e-11
 1.53276e+16	4.12e-03	9.96e-01	4.60e-11
 1.54043e+16	4.18e-03	9.96e-01	4.78e-11
 1.54887e+16	4.24e-03	9.96e-01	4.95e-11
 1.55984e+16	4.30e-03	9.96e-01	5.14e-11
 1.57166e+16	4.38e-03	9.96e-01	5.36e-11
 1.58191e+16	4.43e-03	9.96e-01	5.57e-11
 1.59257e+16	4.47e-03	9.96e-01	5.74e-11
 1.60642e+16	4.53e-03	9.95e-01	5.92e-11
 1.62444e+16	4.59e-03	9.95e-01	6.12e-11
 1.64785e+16	4.66e-03	9.95e-01	6.31e-11
 1.67829e+16	4.75e-03	9.95e-01	6.53e-11
 1.71786e+16	4.87e-03	9.95e-01	6.75e-11
 1.76931e+16	5.02e-03	9.95e-01	7.03e-11
 1.82554e+16	5.23e-03	9.95e-01	7.45e-11
 1.87689e+16	5.44e-03	9.95e-01	7.87e-11
 1.92343e+16	5.64e-03	9.94e-01	8.24e-11
 1.96687e+16	5.83e-03	9.94e-01	8.58e-11
 2.00795e+16	6.01e-03	9.94e-01	8.90e-11
 2.04707e+16	6.19e-03	9.94e-01	9.19e-11
 2.08432e+16	6.36e-03	9.94e-01	9.47e-11
 2.11965e+16	6.53e-03	9.93e-01	9.71e-11
 2.15297e+16	6.69e-03	9.93e-01	9.94e-11
 2.18446e+16	6.84e-03	9.93e-01	1.01e-10
 2.21464e+16	6.98e-03	9.93e-01	1.03e-10
 2.24368e+16	7.12e-03	9.93e-01	1.04e-10
 2.27160e+16	7.26e-03	9.93e-01	1.06e-10
 2.29848e+16	7.39e-03	9.93e-01	1.07e-10
 2.32444e+16	7.51e-03	9.92e-01	1.07e-10
 2.34960e+16	7.64e-03	9.92e-01	1.08e-10
 2.37476e+16	7.75e-03	9.92e-01	1.09e-10
 2.39942e+16	7.88e-03	9.92e-01	1.09e-10
 2.42275e+16	7.99e-03	9.92e-01	1.09e-10
 2.44549e+16	8.10e-03	9.92e-01	1.09e-10
 2.46797e+16	8.21e-03	9.92e-01	1.09e-10
 2.49024e+16	8.32e-03	9.92e-01	1.08e-10
 2.51236e+16	8.44e-03	9.92e-01	1.08e-10
 2.53443e+16	8.55e-03	9.91e-01	1.06e-10
 2.55658e+16	8.67e-03	9.91e-01	1.04e-10
 2.57891e+16	8.80e-03	9.91e-01	1.01e-10
 2.60152e+16	8.94e-03	9.91e-01	9.72e-11
 2.62450e+16	9.09e-03	9.91e-01	9.19e-11
 2.64795e+16	9.25e-03	9.91e-01	8.52e-11
 2.67197e+16	9.42e-03	9.91e-01	7.68e-11
 2.69615e+16	9.62e-03	9.90e-01	6.88e-11
 2.72131e+16	9.83e-03	9.90e-01	5.95e-11
 2.74792e+16	1.01e-02	9.90e-01	5.06e-11
 2.77515e+16	1.04e-02	9.90e-01	4.24e-11
 2.80304e+16	1.07e-02	9.89e-01	3.53e-11
 2.83174e+16	1.10e-02	9.89e-01	2.92e-11
 2.86128e+16	1.14e-02	9.89e-01	2.43e-11
 2.89161e+16	1.18e-02	9.88e-01	2.04e-11
 2.92266e+16	1.23e-02	9.88e-01	1.73e-11
 2.95436e+16	1.28e-02	9.87e-01	1.49e-11
 2.98664e+16	1.34e-02	9.87e-01	1.31e-11
 3.01937e+16	1.41e-02	9.86e-01	1.17e-11
 3.05240e+16	1.48e-02	9.85e-01	1.07e-11
 3.08558e+16	1.57e-02	9.84e-01	9.93e-12
 3.11878e+16	1.66e-02	9.83e-01	9.43e-12
 3.15186e+16	1.77e-02	9.82e-01	9.10e-12
 3.18470e+16	1.89e-02	9.81e-01	8.92e-12
 3.21719e+16	2.02e-02	9.80e-01	8.87e-12
 3.24925e+16	2.17e-02	9.78e-01	8.93e-12
 3.28079e+16	2.34e-02	9.77e-01	9.09e-12
 3.31173e+16	2.54e-02	9.75e-01	9.34e-12
 3.34206e+16	2.76e-02	9.72e-01	9.68e-12
 3.37173e+16	3.01e-02	9.70e-01	1.01e-11
 3.40075e+16	3.31e-02	9.67e-01	1.07e-11
 3.42911e+16	3.65e-02	9.63e-01	1.13e-11
 3.45687e+16	4.06e-02	9.59e-01	1.21e-11
 3.48408e+16	4.55e-02	9.55e-01	1.31e-11
 3.51083e+16	5.15e-02	9.49e-01	1.44e-11
 3.53722e+16	5.89e-02	9.41e-01	1.60e-11
 3.56343e+16	6.86e-02	9.31e-01	1.81e-11
 3.58851e+16	8.13e-02	9.19e-01	2.10e-11
 3.61021e+16	9.68e-02	9.03e-01	2.47e-11
 3.62753e+16	1.14e-01	8.86e-01	2.90e-11
 3.64164e+16	1.32e-01	8.68e-01	3.37e-11
 3.65441e+16	1.52e-01	8.48e-01	3.92e-11
 3.66684e+16	1.76e-01	8.24e-01	4.62e-11
 3.67883e+16	2.06e-01	7.94e-01	5.56e-11
 3.68978e+16	2.41e-01	7.59e-01	6.80e-11
 3.69928e+16	2.80e-01	7.20e-01	8.33e-11
 3.70691e+16	3.18e-01	6.82e-01	1.01e-10
 3.71246e+16	3.51e-01	6.49e-01	1.17e-10
 3.71660e+16	3.78e-01	6.22e-01	1.32e-10
 3.72019e+16	4.01e-01	5.99e-01	1.47e-10
 3.72370e+16	4.26e-01	5.74e-01	1.64e-10
 3.72716e+16	4.52e-01	5.48e-01	1.84e-10
 3.73037e+16	4.77e-01	5.23e-01	2.05e-10
 3.73311e+16	4.99e-01	5.01e-01	2.26e-10
 3.73548e+16	5.18e-01	4.82e-01	2.45e-10
 3.73767e+16	5.36e-01	4.64e-01	2.68e-10
 3.73949e+16	5.52e-01	4.48e-01	2.87e-10
 3.74085e+16	5.63e-01	4.37e-01	3.02e-10
 3.74214e+16	5.74e-01	4.26e-01	3.18e-10
 3.74357e+16	5.87e-01	4.13e-01	3.39e-10
 3.74511e+16	6.00e-01	4.00e-01	3.60e-10
 3.74661e+16	6.13e-01	3.87e-01	3.83e-10
 3.74805e+16	6.25e-01	3.75e-01	4.07e-10
 3.74944e+16	6.37e-01	3.63e-01	4.32e-10
 3.75083e+16	6.48e-01	3.52e-01	4.58e-10
 3.75223e+16	6.60e-01	3.40e-01	4.87e-10
 3.75362e+16	6.72e-01	3.28e-01	5.19e-10
 3.75499e+16	6.83e-01	3.17e-01	5.53e-10
 3.75633e+16	6.94e-01	3.06e-01	5.88e-10
 3.75766e+16	7.05e-01	2.95e-01	6.22e-10
 3.75902e+16	7.15e-01	2.85e-01	6.63e-10
 3.76038e+16	7.26e-01	2.74e-01	7.06e-10
 3.76171e+16	7.36e-01	2.64e-01	7.52e-10
 3.76301e+16	7.46e-01	2.54e-01	8.02e-10
 3.76430e+16	7.56e-01	2.44e-01	8.59e-10
 3.76558e+16	7.65e-01	2.35e-01	9.19e-10
 3.76684e+16	7.74e-01	2.26e-01	9.71e-10
 3.76810e+16	7.83e-01	2.17e-01	1.04e-09
 3.76936e+16	7.92e-01	2.08e-01	1.11e-09
 3.77060e+16	8.00e-01	2.00e-01	1.19e-09
 3.77183e+16	8.07e-01	1.93e-01	1.25e-09
 3.77302e+16	8.15e-01	1.85e-01	1.34e-09
 3.77419e+16	8.22e-01	1.78e-01	1.43e-09
 3.77536e+16	8.29e-01	1.71e-01	1.50e-09
 3.77653e+16	8.36e-01	1.64e-01	1.62e-09
 3.77769e+16	8.42e-01	1.58e-01	1.73e-09
 3.77881e+16	8.49e-01	1.51e-01	1.85e-09
 3.77991e+16	8.54e-01	1.46e-01	1.94e-09
 3.78102e+16	8.60e-01	1.40e-01	2.07e-09
 3.78212e+16	8.65e-01	1.35e-01	2.21e-09
 3.78321e+16	8.71e-01	1.29e-01	2.37e-09
 3.78428e+16	8.76e-01	1.24e-01	2.54e-09
 3.78534e+16	8.80e-01	1.20e-01	2.68e-09
 3.78640e+16	8.85e-01	1.15e-01	2.87e-09
 3.78745e+16	8.90e-01	1.10e-01	3.08e-09
 3.78849e+16	8.94e-01	1.06e-01	3.31e-09
 3.78951e+16	8.98e-01	1.02e-01	3.57e-09
 3.79053e+16	9.02e-01	9.79e-02	3.78e-09
 3.79155e+16	9.06e-01	9.39e-02	4.10e-09
 3.79256e+16	9.10e-01	9.03e-02	4.45e-09
 3.79355e+16	9.13e-01	8.66e-02	4.82e-09
 3.79452e+16	9.17e-01	8.33e-02	5.21e-09
 3.79551e+16	9.20e-01	8.00e-02	5.63e-09
 3.79649e+16	9.23e-01	7.69e-02	6.15e-09
 3.79745e+16	9.26e-01	7.39e-02	6.69e-09
 3.79839e+16	9.29e-01	7.10e-02	7.34e-09
 3.79933e+16	9.32e-01	6.82e-02	8.09e-09
 3.80026e+16	9.34e-01	6.55e-02	8.97e-09
 3.80119e+16	9.37e-01	6.29e-02	9.99e-09
 3.80209e+16	9.40e-01	6.05e-02	1.12e-08
 3.80296e+16	9.42e-01	5.82e-02	1.25e-08
 3.80378e+16	9.44e-01	5.61e-02	1.40e-08
 3.80455e+16	9.46e-01	5.41e-02	1.57e-08
 3.80527e+16	9.48e-01	5.23e-02	1.75e-08
 3.80595e+16	9.49e-01	5.07e-02	1.96e-08
 3.80659e+16	9.51e-01	4.91e-02	2.18e-08
 3.80721e+16	9.52e-01	4.77e-02	2.44e-08
 3.80781e+16	9.54e-01	4.63e-02	2.73e-08
 3.80837e+16	9.55e-01	4.50e-02	3.04e-08
 3.80891e+16	9.56e-01	4.38e-02	3.39e-08
 3.80944e+16	9.57e-01	4.26e-02	3.77e-08
 3.80996e+16	9.59e-01	4.14e-02	4.19e-08
 3.81047e+16	9.60e-01	4.03e-02	4.66e-08
 3.81098e+16	9.61e-01	3.92e-02	5.16e-08
 3.81149e+16	9.62e-01	3.81e-02	5.74e-08
 3.81201e+16	9.63e-01	3.69e-02	6.33e-08
 3.81255e+16	9.64e-01	3.58e-02	6.93e-08
 3.81311e+16	9.65e-01	3.46e-02	7.52e-08
 3.81364e+16	9.67e-01	3.34e-02	8.02e-08
 3.81411e+16	9.68e-01	3.24e-02	8.38e-08
 3.81453e+16	9.68e-01	3.16e-02	8.66e-08
 3.81493e+16	9.69e-01	3.07e-02	8.88e-08
 3.81532e+16	9.70e-01	2.99e-02	9.05e-08
 3.81568e+16	9.71e-01	2.92e-02	9.18e-08
 3.81601e+16	9.72e-01	2.85e-02	9.28e-08
 3.81631e+16	9.72e-01	2.78e-02	9.37e-08
 3.81659e+16	9.73e-01	2.73e-02	9.44e-08
 3.81684e+16	9.73e-01	2.67e-02	9.51e-08
 3.81707e+16	9.74e-01	2.63e-02	9.58e-08
 3.81728e+16	9.74e-01	2.58e-02	9.65e-08
 3.81746e+16	9.75e-01	2.55e-02	9.71e-08
 3.81767e+16	9.75e-01	2.51e-02	9.78e-08
 3.81789e+16	9.75e-01	2.46e-02	9.86e-08
 3.81810e+16	9.76e-01	2.42e-02	9.95e-08
 3.81828e+16	9.76e-01	2.39e-02	1.00e-07
 3.81849e+16	9.76e-01	2.35e-02	1.01e-07
 3.81871e+16	9.77e-01	2.31e-02	1.02e-07
 3.81890e+16	9.77e-01	2.27e-02	1.03e-07
 3.81909e+16	9.78e-01	2.24e-02	1.04e-07
 3.81928e+16	9.78e-01	2.20e-02	1.06e-07
 3.81950e+16	9.78e-01	2.17e-02	1.07e-07
 3.81969e+16	9.79e-01	2.14e-02	1.08e-07
 3.81991e+16	9.79e-01	2.10e-02	1.09e-07
 3.82019e+16	9.79e-01	2.06e-02	1.11e-07
 3.82049e+16	9.80e-01	2.01e-02	1.13e-07
 3.82076e+16	9.80e-01	1.97e-02	1.15e-07
 3.82101e+16	9.81e-01	1.94e-02	1.17e-07
 3.82124e+16	9.81e-01	1.90e-02	1.19e-07
 3.82144e+16	9.81e-01	1.87e-02	1.21e-07
 3.82167e+16	9.82e-01	1.84e-02	1.22e-07
 3.82191e+16	9.82e-01	1.81e-02	1.25e-07
 3.82213e+16	9.82e-01	1.78e-02	1.27e-07
 3.82233e+16	9.82e-01	1.75e-02	1.29e-07
 3.82255e+16	9.83e-01	1.72e-02	1.31e-07
 3.82279e+16	9.83e-01	1.69e-02	1.34e-07
 3.82301e+16	9.83e-01	1.66e-02	1.36e-07
 3.82321e+16	9.84e-01	1.63e-02	1.39e-07
 3.82339e+16	9.84e-01	1.61e-02	1.41e-07
 3.82358e+16	9.84e-01	1.59e-02	1.43e-07
 3.82384e+16	9.84e-01	1.55e-02	1.47e-07
 3.82412e+16	9.85e-01	1.52e-02	1.51e-07
 3.82437e+16	9.85e-01	1.49e-02	1.54e-07
 3.82460e+16	9.85e-01	1.46e-02	1.57e-07
 3.82481e+16	9.86e-01	1.44e-02	1.60e-07
 3.82500e+16	9.86e-01	1.42e-02	1.63e-07
 3.82520e+16	9.86e-01	1.40e-02	1.66e-07
 3.82543e+16	9.86e-01	1.37e-02	1.69e-07
 3.82563e+16	9.86e-01	1.35e-02	1.72e-07
 3.82582e+16	9.87e-01	1.33e-02	1.75e-07
 3.82602e+16	9.87e-01	1.31e-02	1.77e-07
 3.82629e+16	9.87e-01	1.29e-02	1.81e-07
 3.82657e+16	9.87e-01	1.26e-02	1.85e-07
 3.82683e+16	9.88e-01	1.24e-02	1.87e-07
 3.82712e+16	9.88e-01	1.22e-02	1.90e-07
 3.82749e+16	9.88e-01	1.19e-02	1.94e-07
 3.82789e+16	9.88e-01	1.16e-02	1.98e-07
 3.82825e+16	9.89e-01	1.13e-02	2.02e-07
 3.82858e+16	9.89e-01	1.11e-02	2.06e-07
 3.82895e+16	9.89e-01	1.08e-02	2.10e-07
 3.82934e+16	9.89e-01	1.06e-02	2.14e-07
 3.82969e+16	9.90e-01	1.03e-02	2.18e-07
 3.83002e+16	9.90e-01	1.01e-02	2.22e-07
 3.83037e+16	9.90e-01	9.90e-03	2.26e-07
