#depth	O	O+	O+2	O+3	O+4	O+5	O+6	O+7	O+8	O[1]	O[2]	O[3]
 7.77997e+10	1.59e-05	1.09e-02	4.63e-01	5.22e-01	4.53e-03	0.00e+00	0.00e+00	0.00e+00	0.00e+00	1.36e-05	1.45e-06	8.41e-07
 4.66798e+11	1.58e-05	1.09e-02	4.63e-01	5.21e-01	4.53e-03	0.00e+00	0.00e+00	0.00e+00	0.00e+00	1.36e-05	1.44e-06	8.39e-07
 2.02279e+12	1.59e-05	1.09e-02	4.64e-01	5.21e-01	4.50e-03	0.00e+00	0.00e+00	0.00e+00	0.00e+00	1.36e-05	1.45e-06	8.41e-07
 8.24677e+12	1.60e-05	1.10e-02	4.67e-01	5.18e-01	4.43e-03	0.00e+00	0.00e+00	0.00e+00	0.00e+00	1.37e-05	1.45e-06	8.48e-07
 1.96989e+13	1.59e-05	1.10e-02	4.70e-01	5.14e-01	4.32e-03	0.00e+00	0.00e+00	0.00e+00	0.00e+00	1.36e-05	1.44e-06	8.45e-07
 3.45866e+13	1.59e-05	1.11e-02	4.76e-01	5.09e-01	4.18e-03	0.00e+00	0.00e+00	0.00e+00	0.00e+00	1.36e-05	1.44e-06	8.44e-07
 5.39407e+13	1.59e-05	1.13e-02	4.82e-01	5.02e-01	4.00e-03	0.00e+00	0.00e+00	0.00e+00	0.00e+00	1.36e-05	1.44e-06	8.46e-07
 7.91010e+13	1.60e-05	1.14e-02	4.91e-01	4.93e-01	3.78e-03	0.00e+00	0.00e+00	0.00e+00	0.00e+00	1.37e-05	1.44e-06	8.50e-07
 1.11809e+14	1.62e-05	1.17e-02	5.03e-01	4.82e-01	3.51e-03	0.00e+00	0.00e+00	0.00e+00	0.00e+00	1.39e-05	1.45e-06	8.57e-07
 1.54330e+14	1.64e-05	1.20e-02	5.18e-01	4.66e-01	3.19e-03	0.00e+00	0.00e+00	0.00e+00	0.00e+00	1.41e-05	1.46e-06	8.69e-07
 2.09607e+14	1.68e-05	1.24e-02	5.39e-01	4.46e-01	2.81e-03	0.00e+00	0.00e+00	0.00e+00	0.00e+00	1.44e-05	1.49e-06	8.86e-07
 2.81468e+14	1.73e-05	1.30e-02	5.65e-01	4.19e-01	2.37e-03	0.00e+00	0.00e+00	0.00e+00	0.00e+00	1.49e-05	1.52e-06	9.12e-07
 3.74886e+14	1.81e-05	1.39e-02	6.00e-01	3.84e-01	1.89e-03	0.00e+00	0.00e+00	0.00e+00	0.00e+00	1.56e-05	1.58e-06	9.50e-07
 4.96330e+14	1.92e-05	1.50e-02	6.45e-01	3.38e-01	1.39e-03	0.00e+00	0.00e+00	0.00e+00	0.00e+00	1.65e-05	1.67e-06	1.01e-06
 6.54207e+14	2.08e-05	1.65e-02	7.02e-01	2.81e-01	9.09e-04	0.00e+00	0.00e+00	0.00e+00	0.00e+00	1.79e-05	1.79e-06	1.09e-06
 8.28976e+14	2.21e-05	1.79e-02	7.58e-01	2.23e-01	5.59e-04	0.00e+00	0.00e+00	0.00e+00	0.00e+00	1.90e-05	1.89e-06	1.15e-06
 9.96381e+14	2.35e-05	1.94e-02	8.07e-01	1.73e-01	3.37e-04	0.00e+00	0.00e+00	0.00e+00	0.00e+00	2.03e-05	2.01e-06	1.23e-06
 1.18468e+15	2.55e-05	2.11e-02	8.53e-01	1.25e-01	1.81e-04	0.00e+00	0.00e+00	0.00e+00	0.00e+00	2.20e-05	2.17e-06	1.33e-06
 1.39443e+15	2.74e-05	2.27e-02	8.92e-01	8.50e-02	8.83e-05	0.00e+00	0.00e+00	0.00e+00	0.00e+00	2.36e-05	2.32e-06	1.43e-06
 1.59708e+15	2.91e-05	2.43e-02	9.19e-01	5.67e-02	4.24e-05	0.00e+00	0.00e+00	0.00e+00	0.00e+00	2.52e-05	2.45e-06	1.51e-06
 1.78124e+15	3.05e-05	2.57e-02	9.36e-01	3.88e-02	2.16e-05	0.00e+00	0.00e+00	0.00e+00	0.00e+00	2.64e-05	2.55e-06	1.58e-06
 1.95937e+15	3.21e-05	2.70e-02	9.47e-01	2.64e-02	1.09e-05	0.00e+00	0.00e+00	0.00e+00	0.00e+00	2.77e-05	2.67e-06	1.66e-06
 2.15530e+15	3.37e-05	2.85e-02	9.54e-01	1.72e-02	5.09e-06	0.00e+00	0.00e+00	0.00e+00	0.00e+00	2.92e-05	2.79e-06	1.74e-06
 2.37083e+15	3.55e-05	3.00e-02	9.59e-01	1.07e-02	2.20e-06	0.00e+00	0.00e+00	0.00e+00	0.00e+00	3.07e-05	2.91e-06	1.82e-06
 2.60792e+15	3.74e-05	3.18e-02	9.62e-01	6.32e-03	8.77e-07	0.00e+00	0.00e+00	0.00e+00	0.00e+00	3.24e-05	3.05e-06	1.92e-06
 2.86871e+15	3.94e-05	3.37e-02	9.63e-01	3.58e-03	3.22e-07	0.00e+00	0.00e+00	0.00e+00	0.00e+00	3.42e-05	3.20e-06	2.01e-06
 3.15558e+15	4.17e-05	3.59e-02	9.62e-01	1.93e-03	0.00e+00	0.00e+00	0.00e+00	0.00e+00	0.00e+00	3.62e-05	3.37e-06	2.13e-06
 3.47114e+15	4.44e-05	3.85e-02	9.60e-01	9.89e-04	0.00e+00	0.00e+00	0.00e+00	0.00e+00	0.00e+00	3.85e-05	3.56e-06	2.26e-06
 3.81825e+15	4.75e-05	4.15e-02	9.58e-01	4.83e-04	0.00e+00	0.00e+00	0.00e+00	0.00e+00	0.00e+00	4.13e-05	3.79e-06	2.42e-06
 4.20007e+15	5.13e-05	4.52e-02	9.54e-01	2.25e-04	0.00e+00	0.00e+00	0.00e+00	0.00e+00	0.00e+00	4.46e-05	4.08e-06	2.61e-06
 4.62008e+15	5.61e-05	4.98e-02	9.50e-01	9.93e-05	0.00e+00	0.00e+00	0.00e+00	0.00e+00	0.00e+00	4.88e-05	4.45e-06	2.86e-06
 5.08209e+15	6.23e-05	5.55e-02	9.44e-01	4.19e-05	0.00e+00	0.00e+00	0.00e+00	0.00e+00	0.00e+00	5.42e-05	4.92e-06	3.17e-06
 5.59030e+15	7.05e-05	6.30e-02	9.37e-01	1.69e-05	0.00e+00	0.00e+00	0.00e+00	0.00e+00	0.00e+00	6.14e-05	5.55e-06	3.60e-06
 6.14933e+15	8.18e-05	7.29e-02	9.27e-01	6.57e-06	0.00e+00	0.00e+00	0.00e+00	0.00e+00	0.00e+00	7.12e-05	6.42e-06	4.17e-06
 6.71011e+15	9.63e-05	8.58e-02	9.14e-01	2.70e-06	0.00e+00	0.00e+00	0.00e+00	0.00e+00	0.00e+00	8.39e-05	7.51e-06	4.91e-06
 7.20588e+15	1.13e-04	1.00e-01	8.99e-01	1.29e-06	0.00e+00	0.00e+00	0.00e+00	0.00e+00	0.00e+00	9.86e-05	8.80e-06	5.78e-06
 7.63885e+15	1.32e-04	1.17e-01	8.83e-01	7.00e-07	0.00e+00	0.00e+00	0.00e+00	0.00e+00	0.00e+00	1.15e-04	1.03e-05	6.76e-06
 8.04325e+15	1.56e-04	1.36e-01	8.64e-01	4.05e-07	0.00e+00	0.00e+00	0.00e+00	0.00e+00	0.00e+00	1.36e-04	1.20e-05	7.94e-06
 8.43789e+15	1.85e-04	1.59e-01	8.41e-01	2.43e-07	0.00e+00	0.00e+00	0.00e+00	0.00e+00	0.00e+00	1.61e-04	1.43e-05	9.42e-06
 8.80222e+15	2.19e-04	1.86e-01	8.14e-01	1.55e-07	0.00e+00	0.00e+00	0.00e+00	0.00e+00	0.00e+00	1.91e-04	1.69e-05	1.12e-05
 9.12252e+15	2.58e-04	2.16e-01	7.84e-01	0.00e+00	0.00e+00	0.00e+00	0.00e+00	0.00e+00	0.00e+00	2.25e-04	1.99e-05	1.32e-05
 9.42167e+15	3.03e-04	2.50e-01	7.50e-01	0.00e+00	0.00e+00	0.00e+00	0.00e+00	0.00e+00	0.00e+00	2.64e-04	2.34e-05	1.55e-05
 9.76155e+15	3.67e-04	2.97e-01	7.03e-01	0.00e+00	0.00e+00	0.00e+00	0.00e+00	0.00e+00	0.00e+00	3.20e-04	2.84e-05	1.88e-05
 1.01213e+16	4.53e-04	3.61e-01	6.38e-01	0.00e+00	0.00e+00	0.00e+00	0.00e+00	0.00e+00	0.00e+00	3.94e-04	3.52e-05	2.33e-05
 1.04278e+16	5.46e-04	4.31e-01	5.69e-01	0.00e+00	0.00e+00	0.00e+00	0.00e+00	0.00e+00	0.00e+00	4.75e-04	4.28e-05	2.82e-05
 1.06932e+16	6.41e-04	5.01e-01	4.98e-01	0.00e+00	0.00e+00	0.00e+00	0.00e+00	0.00e+00	0.00e+00	5.57e-04	5.08e-05	3.34e-05
 1.09844e+16	7.55e-04	5.84e-01	4.15e-01	0.00e+00	0.00e+00	0.00e+00	0.00e+00	0.00e+00	0.00e+00	6.55e-04	6.07e-05	3.96e-05
 1.13021e+16	8.91e-04	6.84e-01	3.16e-01	0.00e+00	0.00e+00	0.00e+00	0.00e+00	0.00e+00	0.00e+00	7.71e-04	7.28e-05	4.73e-05
 1.15950e+16	1.02e-03	7.73e-01	2.26e-01	0.00e+00	0.00e+00	0.00e+00	0.00e+00	0.00e+00	0.00e+00	8.79e-04	8.44e-05	5.45e-05
 1.19044e+16	1.14e-03	8.51e-01	1.48e-01	0.00e+00	0.00e+00	0.00e+00	0.00e+00	0.00e+00	0.00e+00	9.83e-04	9.58e-05	6.14e-05
 1.22943e+16	1.28e-03	9.19e-01	7.93e-02	0.00e+00	0.00e+00	0.00e+00	0.00e+00	0.00e+00	0.00e+00	1.10e-03	1.08e-04	6.90e-05
 1.27191e+16	1.41e-03	9.64e-01	3.47e-02	0.00e+00	0.00e+00	0.00e+00	0.00e+00	0.00e+00	0.00e+00	1.21e-03	1.20e-04	7.60e-05
 1.30463e+16	1.52e-03	9.82e-01	1.65e-02	0.00e+00	0.00e+00	0.00e+00	0.00e+00	0.00e+00	0.00e+00	1.31e-03	1.28e-04	8.14e-05
 1.32467e+16	1.60e-03	9.88e-01	1.04e-02	0.00e+00	0.00e+00	0.00e+00	0.00e+00	0.00e+00	0.00e+00	1.38e-03	1.34e-04	8.49e-05
 1.33972e+16	1.66e-03	9.91e-01	7.33e-03	0.00e+00	0.00e+00	0.00e+00	0.00e+00	0.00e+00	0.00e+00	1.43e-03	1.38e-04	8.76e-05
 1.35652e+16	1.73e-03	9.93e-01	5.02e-03	0.00e+00	0.00e+00	0.00e+00	0.00e+00	0.00e+00	0.00e+00	1.50e-03	1.43e-04	9.09e-05
 1.37837e+16	1.83e-03	9.95e-01	3.04e-03	0.00e+00	0.00e+00	0.00e+00	0.00e+00	0.00e+00	0.00e+00	1.59e-03	1.50e-04	9.53e-05
 1.40057e+16	1.96e-03	9.96e-01	1.75e-03	0.00e+00	0.00e+00	0.00e+00	0.00e+00	0.00e+00	0.00e+00	1.70e-03	1.58e-04	1.01e-04
 1.41674e+16	2.07e-03	9.97e-01	1.14e-03	0.00e+00	0.00e+00	0.00e+00	0.00e+00	0.00e+00	0.00e+00	1.80e-03	1.65e-04	1.05e-04
 1.42800e+16	2.14e-03	9.97e-01	8.45e-04	0.00e+00	0.00e+00	0.00e+00	0.00e+00	0.00e+00	0.00e+00	1.86e-03	1.70e-04	1.08e-04
 1.43936e+16	2.22e-03	9.97e-01	6.28e-04	0.00e+00	0.00e+00	0.00e+00	0.00e+00	0.00e+00	0.00e+00	1.93e-03	1.75e-04	1.11e-04
 1.45413e+16	2.33e-03	9.97e-01	4.26e-04	0.00e+00	0.00e+00	0.00e+00	0.00e+00	0.00e+00	0.00e+00	2.03e-03	1.81e-04	1.16e-04
 1.46940e+16	2.45e-03	9.97e-01	2.77e-04	0.00e+00	0.00e+00	0.00e+00	0.00e+00	0.00e+00	0.00e+00	2.14e-03	1.88e-04	1.20e-04
 1.48111e+16	2.55e-03	9.97e-01	1.96e-04	0.00e+00	0.00e+00	0.00e+00	0.00e+00	0.00e+00	0.00e+00	2.23e-03	1.94e-04	1.24e-04
 1.48986e+16	2.62e-03	9.97e-01	1.51e-04	0.00e+00	0.00e+00	0.00e+00	0.00e+00	0.00e+00	0.00e+00	2.29e-03	1.98e-04	1.27e-04
 1.49895e+16	2.69e-03	9.97e-01	1.16e-04	0.00e+00	0.00e+00	0.00e+00	0.00e+00	0.00e+00	0.00e+00	2.36e-03	2.02e-04	1.29e-04
 1.51077e+16	2.78e-03	9.97e-01	8.17e-05	0.00e+00	0.00e+00	0.00e+00	0.00e+00	0.00e+00	0.00e+00	2.44e-03	2.07e-04	1.33e-04
 1.52311e+16	2.88e-03	9.97e-01	5.52e-05	0.00e+00	0.00e+00	0.00e+00	0.00e+00	0.00e+00	0.00e+00	2.53e-03	2.13e-04	1.37e-04
 1.53276e+16	2.95e-03	9.97e-01	4.01e-05	0.00e+00	0.00e+00	0.00e+00	0.00e+00	0.00e+00	0.00e+00	2.60e-03	2.17e-04	1.39e-04
 1.54043e+16	3.01e-03	9.97e-01	3.10e-05	0.00e+00	0.00e+00	0.00e+00	0.00e+00	0.00e+00	0.00e+00	2.65e-03	2.20e-04	1.41e-04
 1.54887e+16	3.06e-03	9.97e-01	2.33e-05	0.00e+00	0.00e+00	0.00e+00	0.00e+00	0.00e+00	0.00e+00	2.70e-03	2.23e-04	1.43e-04
 1.55984e+16	3.13e-03	9.97e-01	1.60e-05	0.00e+00	0.00e+00	0.00e+00	0.00e+00	0.00e+00	0.00e+00	2.76e-03	2.26e-04	1.45e-04
 1.57166e+16	3.20e-03	9.97e-01	1.04e-05	0.00e+00	0.00e+00	0.00e+00	0.00e+00	0.00e+00	0.00e+00	2.82e-03	2.30e-04	1.48e-04
 1.58191e+16	3.25e-03	9.97e-01	7.00e-06	0.00e+00	0.00e+00	0.00e+00	0.00e+00	0.00e+00	0.00e+00	2.87e-03	2.32e-04	1.49e-04
 1.59257e+16	3.30e-03	9.97e-01	4.65e-06	0.00e+00	0.00e+00	0.00e+00	0.00e+00	0.00e+00	0.00e+00	2.92e-03	2.34e-04	1.51e-04
 1.60642e+16	3.36e-03	9.97e-01	2.71e-06	0.00e+00	0.00e+00	0.00e+00	0.00e+00	0.00e+00	0.00e+00	2.97e-03	2.37e-04	1.52e-04
 1.62444e+16	3.43e-03	9.97e-01	1.33e-06	0.00e+00	0.00e+00	0.00e+00	0.00e+00	0.00e+00	0.00e+00	3.03e-03	2.42e-04	1.55e-04
 1.64785e+16	3.50e-03	9.96e-01	5.24e-07	0.00e+00	0.00e+00	0.00e+00	0.00e+00	0.00e+00	0.00e+00	3.10e-03	2.48e-04	1.59e-04
 1.67829e+16	3.61e-03	9.96e-01	1.59e-07	0.00e+00	0.00e+00	0.00e+00	0.00e+00	0.00e+00	0.00e+00	3.19e-03	2.57e-04	1.64e-04
 1.71786e+16	3.74e-03	9.96e-01	3.62e-08	0.00e+00	0.00e+00	0.00e+00	0.00e+00	0.00e+00	0.00e+00	3.30e-03	2.71e-04	1.71e-04
 1.76931e+16	3.92e-03	9.96e-01	6.56e-09	0.00e+00	0.00e+00	0.00e+00	0.00e+00	0.00e+00	0.00e+00	3.45e-03	2.90e-04	1.82e-04
 1.82554e+16	4.17e-03	9.96e-01	1.70e-09	0.00e+00	0.00e+00	0.00e+00	0.00e+00	0.00e+00	0.00e+00	3.66e-03	3.16e-04	1.96e-04
 1.87689e+16	4.43e-03	9.96e-01	9.99e-10	0.00e+00	0.00e+00	0.00e+00	0.00e+00	0.00e+00	0.00e+00	3.87e-03	3.42e-04	2.10e-04
 1.92343e+16	4.67e-03	9.95e-01	7.94e-10	0.00e+00	0.00e+00	0.00e+00	0.00e+00	0.00e+00	0.00e+00	4.07e-03	3.69e-04	2.24e-04
 1.96687e+16	4.90e-03	9.95e-01	6.82e-10	0.00e+00	0.00e+00	0.00e+00	0.00e+00	0.00e+00	0.00e+00	4.27e-03	3.96e-04	2.38e-04
 2.00795e+16	5.13e-03	9.95e-01	6.01e-10	0.00e+00	0.00e+00	0.00e+00	0.00e+00	0.00e+00	0.00e+00	4.45e-03	4.23e-04	2.53e-04
 2.04707e+16	5.36e-03	9.95e-01	5.38e-10	0.00e+00	0.00e+00	0.00e+00	0.00e+00	0.00e+00	0.00e+00	4.64e-03	4.52e-04	2.68e-04
 2.08432e+16	5.59e-03	9.94e-01	4.86e-10	0.00e+00	0.00e+00	0.00e+00	0.00e+00	0.00e+00	0.00e+00	4.83e-03	4.82e-04	2.83e-04
 2.11965e+16	5.81e-03	9.94e-01	4.44e-10	0.00e+00	0.00e+00	0.00e+00	0.00e+00	0.00e+00	0.00e+00	5.00e-03	5.12e-04	2.99e-04
 2.15297e+16	6.03e-03	9.94e-01	4.09e-10	0.00e+00	0.00e+00	0.00e+00	0.00e+00	0.00e+00	0.00e+00	5.17e-03	5.43e-04	3.14e-04
 2.18446e+16	6.24e-03	9.94e-01	3.79e-10	0.00e+00	0.00e+00	0.00e+00	0.00e+00	0.00e+00	0.00e+00	5.34e-03	5.74e-04	3.30e-04
 2.21464e+16	6.45e-03	9.94e-01	3.53e-10	0.00e+00	0.00e+00	0.00e+00	0.00e+00	0.00e+00	0.00e+00	5.50e-03	6.06e-04	3.45e-04
 2.24368e+16	6.65e-03	9.93e-01	3.31e-10	0.00e+00	0.00e+00	0.00e+00	0.00e+00	0.00e+00	0.00e+00	5.65e-03	6.38e-04	3.61e-04
 2.27160e+16	6.84e-03	9.93e-01	3.11e-10	0.00e+00	0.00e+00	0.00e+00	0.00e+00	0.00e+00	0.00e+00	5.79e-03	6.71e-04	3.77e-04
 2.29848e+16	7.03e-03	9.93e-01	2.94e-10	0.00e+00	0.00e+00	0.00e+00	0.00e+00	0.00e+00	0.00e+00	5.94e-03	7.04e-04	3.93e-04
 2.32444e+16	7.22e-03	9.93e-01	2.78e-10	0.00e+00	0.00e+00	0.00e+00	0.00e+00	0.00e+00	0.00e+00	6.07e-03	7.38e-04	4.09e-04
 2.34960e+16	7.41e-03	9.93e-01	2.64e-10	0.00e+00	0.00e+00	0.00e+00	0.00e+00	0.00e+00	0.00e+00	6.21e-03	7.73e-04	4.25e-04
 2.37476e+16	7.59e-03	9.92e-01	2.51e-10	0.00e+00	0.00e+00	0.00e+00	0.00e+00	0.00e+00	0.00e+00	6.34e-03	8.08e-04	4.41e-04
 2.39942e+16	7.77e-03	9.92e-01	2.39e-10	0.00e+00	0.00e+00	0.00e+00	0.00e+00	0.00e+00	0.00e+00	6.47e-03	8.45e-04	4.58e-04
 2.42275e+16	7.95e-03	9.92e-01	2.28e-10	0.00e+00	0.00e+00	0.00e+00	0.00e+00	0.00e+00	0.00e+00	6.59e-03	8.82e-04	4.75e-04
 2.44549e+16	8.12e-03	9.92e-01	2.18e-10	0.00e+00	0.00e+00	0.00e+00	0.00e+00	0.00e+00	0.00e+00	6.71e-03	9.18e-04	4.91e-04
 2.46797e+16	8.29e-03	9.92e-01	2.09e-10	0.00e+00	0.00e+00	0.00e+00	0.00e+00	0.00e+00	0.00e+00	6.83e-03	9.56e-04	5.08e-04
 2.49024e+16	8.46e-03	9.92e-01	2.00e-10	0.00e+00	0.00e+00	0.00e+00	0.00e+00	0.00e+00	0.00e+00	6.94e-03	9.94e-04	5.25e-04
 2.51236e+16	8.64e-03	9.91e-01	1.92e-10	0.00e+00	0.00e+00	0.00e+00	0.00e+00	0.00e+00	0.00e+00	7.06e-03	1.03e-03	5.43e-04
 2.53443e+16	8.81e-03	9.91e-01	1.84e-10	0.00e+00	0.00e+00	0.00e+00	0.00e+00	0.00e+00	0.00e+00	7.19e-03	1.07e-03	5.61e-04
 2.55658e+16	9.00e-03	9.91e-01	1.76e-10	0.00e+00	0.00e+00	0.00e+00	0.00e+00	0.00e+00	0.00e+00	7.32e-03	1.10e-03	5.80e-04
 2.57891e+16	9.19e-03	9.91e-01	1.69e-10	0.00e+00	0.00e+00	0.00e+00	0.00e+00	0.00e+00	0.00e+00	7.46e-03	1.13e-03	5.99e-04
 2.60152e+16	9.39e-03	9.91e-01	1.62e-10	0.00e+00	0.00e+00	0.00e+00	0.00e+00	0.00e+00	0.00e+00	7.61e-03	1.16e-03	6.20e-04
 2.62450e+16	9.61e-03	9.90e-01	1.55e-10	0.00e+00	0.00e+00	0.00e+00	0.00e+00	0.00e+00	0.00e+00	7.77e-03	1.20e-03	6.42e-04
 2.64795e+16	9.84e-03	9.90e-01	1.48e-10	0.00e+00	0.00e+00	0.00e+00	0.00e+00	0.00e+00	0.00e+00	7.94e-03	1.23e-03	6.65e-04
 2.67197e+16	1.01e-02	9.90e-01	1.41e-10	0.00e+00	0.00e+00	0.00e+00	0.00e+00	0.00e+00	0.00e+00	8.12e-03	1.27e-03	6.89e-04
 2.69615e+16	1.04e-02	9.90e-01	1.35e-10	0.00e+00	0.00e+00	0.00e+00	0.00e+00	0.00e+00	0.00e+00	8.33e-03	1.32e-03	7.16e-04
 2.72131e+16	1.06e-02	9.89e-01	1.29e-10	0.00e+00	0.00e+00	0.00e+00	0.00e+00	0.00e+00	0.00e+00	8.54e-03	1.36e-03	7.44e-04
 2.74792e+16	1.10e-02	9.89e-01	1.22e-10	0.00e+00	0.00e+00	0.00e+00	0.00e+00	0.00e+00	0.00e+00	8.79e-03	1.42e-03	7.76e-04
 2.77515e+16	1.14e-02	9.89e-01	1.16e-10	0.00e+00	0.00e+00	0.00e+00	0.00e+00	0.00e+00	0.00e+00	9.07e-03	1.48e-03	8.11e-04
 2.80304e+16	1.18e-02	9.88e-01	1.10e-10	0.00e+00	0.00e+00	0.00e+00	0.00e+00	0.00e+00	0.00e+00	9.37e-03	1.54e-03	8.49e-04
 2.83174e+16	1.22e-02	9.88e-01	1.04e-10	0.00e+00	0.00e+00	0.00e+00	0.00e+00	0.00e+00	0.00e+00	9.71e-03	1.61e-03	8.91e-04
 2.86128e+16	1.27e-02	9.87e-01	9.86e-11	0.00e+00	0.00e+00	0.00e+00	0.00e+00	0.00e+00	0.00e+00	1.01e-02	1.69e-03	9.37e-04
 2.89161e+16	1.33e-02	9.87e-01	9.31e-11	0.00e+00	0.00e+00	0.00e+00	0.00e+00	0.00e+00	0.00e+00	1.05e-02	1.77e-03	9.88e-04
 2.92266e+16	1.39e-02	9.86e-01	8.78e-11	0.00e+00	0.00e+00	0.00e+00	0.00e+00	0.00e+00	0.00e+00	1.10e-02	1.87e-03	1.05e-03
 2.95436e+16	1.46e-02	9.85e-01	8.26e-11	0.00e+00	0.00e+00	0.00e+00	0.00e+00	0.00e+00	0.00e+00	1.15e-02	1.98e-03	1.11e-03
 2.98664e+16	1.54e-02	9.85e-01	7.76e-11	0.00e+00	0.00e+00	0.00e+00	0.00e+00	0.00e+00	0.00e+00	1.21e-02	2.10e-03	1.18e-03
 3.01937e+16	1.62e-02	9.84e-01	7.29e-11	0.00e+00	0.00e+00	0.00e+00	0.00e+00	0.00e+00	0.00e+00	1.27e-02	2.23e-03	1.26e-03
 3.05240e+16	1.72e-02	9.83e-01	6.83e-11	0.00e+00	0.00e+00	0.00e+00	0.00e+00	0.00e+00	0.00e+00	1.35e-02	2.38e-03	1.35e-03
 3.08558e+16	1.83e-02	9.82e-01	6.39e-11	0.00e+00	0.00e+00	0.00e+00	0.00e+00	0.00e+00	0.00e+00	1.43e-02	2.55e-03	1.44e-03
 3.11878e+16	1.95e-02	9.81e-01	5.97e-11	0.00e+00	0.00e+00	0.00e+00	0.00e+00	0.00e+00	0.00e+00	1.52e-02	2.74e-03	1.55e-03
 3.15186e+16	2.08e-02	9.79e-01	5.58e-11	0.00e+00	0.00e+00	0.00e+00	0.00e+00	0.00e+00	0.00e+00	1.62e-02	2.95e-03	1.68e-03
 3.18470e+16	2.23e-02	9.78e-01	5.20e-11	0.00e+00	0.00e+00	0.00e+00	0.00e+00	0.00e+00	0.00e+00	1.73e-02	3.18e-03	1.82e-03
 3.21719e+16	2.40e-02	9.76e-01	4.84e-11	0.00e+00	0.00e+00	0.00e+00	0.00e+00	0.00e+00	0.00e+00	1.86e-02	3.44e-03	1.97e-03
 3.24925e+16	2.59e-02	9.74e-01	4.50e-11	0.00e+00	0.00e+00	0.00e+00	0.00e+00	0.00e+00	0.00e+00	2.00e-02	3.73e-03	2.14e-03
 3.28079e+16	2.80e-02	9.72e-01	4.17e-11	0.00e+00	0.00e+00	0.00e+00	0.00e+00	0.00e+00	0.00e+00	2.16e-02	4.06e-03	2.34e-03
 3.31173e+16	3.04e-02	9.70e-01	3.86e-11	0.00e+00	0.00e+00	0.00e+00	0.00e+00	0.00e+00	0.00e+00	2.34e-02	4.44e-03	2.56e-03
 3.34206e+16	3.32e-02	9.67e-01	3.57e-11	0.00e+00	0.00e+00	0.00e+00	0.00e+00	0.00e+00	0.00e+00	2.55e-02	4.86e-03	2.82e-03
 3.37173e+16	3.63e-02	9.64e-01	3.28e-11	0.00e+00	0.00e+00	0.00e+00	0.00e+00	0.00e+00	0.00e+00	2.78e-02	5.35e-03	3.11e-03
 3.40075e+16	3.99e-02	9.60e-01	3.02e-11	0.00e+00	0.00e+00	0.00e+00	0.00e+00	0.00e+00	0.00e+00	3.06e-02	5.92e-03	3.45e-03
 3.42911e+16	4.42e-02	9.56e-01	2.76e-11	0.00e+00	0.00e+00	0.00e+00	0.00e+00	0.00e+00	0.00e+00	3.37e-02	6.58e-03	3.85e-03
 3.45687e+16	4.92e-02	9.51e-01	2.51e-11	0.00e+00	0.00e+00	0.00e+00	0.00e+00	0.00e+00	0.00e+00	3.75e-02	7.37e-03	4.31e-03
 3.48408e+16	5.52e-02	9.45e-01	2.28e-11	0.00e+00	0.00e+00	0.00e+00	0.00e+00	0.00e+00	0.00e+00	4.20e-02	8.30e-03	4.87e-03
 3.51083e+16	6.25e-02	9.38e-01	2.05e-11	0.00e+00	0.00e+00	0.00e+00	0.00e+00	0.00e+00	0.00e+00	4.75e-02	9.44e-03	5.55e-03
 3.53722e+16	7.15e-02	9.28e-01	1.83e-11	0.00e+00	0.00e+00	0.00e+00	0.00e+00	0.00e+00	0.00e+00	5.43e-02	1.08e-02	6.39e-03
 3.56343e+16	8.32e-02	9.17e-01	1.61e-11	0.00e+00	0.00e+00	0.00e+00	0.00e+00	0.00e+00	0.00e+00	6.31e-02	1.26e-02	7.46e-03
 3.58851e+16	9.85e-02	9.02e-01	1.41e-11	0.00e+00	0.00e+00	0.00e+00	0.00e+00	0.00e+00	0.00e+00	7.47e-02	1.49e-02	8.81e-03
 3.61021e+16	1.17e-01	8.83e-01	1.24e-11	0.00e+00	0.00e+00	0.00e+00	0.00e+00	0.00e+00	0.00e+00	8.89e-02	1.77e-02	1.05e-02
 3.62753e+16	1.37e-01	8.63e-01	1.10e-11	0.00e+00	0.00e+00	0.00e+00	0.00e+00	0.00e+00	0.00e+00	1.04e-01	2.06e-02	1.22e-02
 3.64164e+16	1.58e-01	8.42e-01	9.92e-12	0.00e+00	0.00e+00	0.00e+00	0.00e+00	0.00e+00	0.00e+00	1.20e-01	2.36e-02	1.40e-02
 3.65441e+16	1.81e-01	8.19e-01	8.95e-12	0.00e+00	0.00e+00	0.00e+00	0.00e+00	0.00e+00	0.00e+00	1.38e-01	2.69e-02	1.60e-02
 3.66684e+16	2.09e-01	7.91e-01	8.18e-12	0.00e+00	0.00e+00	0.00e+00	0.00e+00	0.00e+00	0.00e+00	1.60e-01	3.07e-02	1.84e-02
 3.67883e+16	2.43e-01	7.57e-01	7.44e-12	0.00e+00	0.00e+00	0.00e+00	0.00e+00	0.00e+00	0.00e+00	1.87e-01	3.51e-02	2.12e-02
 3.68978e+16	2.83e-01	7.17e-01	6.79e-12	0.00e+00	0.00e+00	0.00e+00	0.00e+00	0.00e+00	0.00e+00	2.19e-01	4.01e-02	2.44e-02
 3.69928e+16	3.26e-01	6.74e-01	6.27e-12	0.00e+00	0.00e+00	0.00e+00	0.00e+00	0.00e+00	0.00e+00	2.53e-01	4.50e-02	2.77e-02
 3.70691e+16	3.68e-01	6.32e-01	5.88e-12	0.00e+00	0.00e+00	0.00e+00	0.00e+00	0.00e+00	0.00e+00	2.87e-01	4.95e-02	3.09e-02
 3.71246e+16	4.03e-01	5.97e-01	5.61e-12	0.00e+00	0.00e+00	0.00e+00	0.00e+00	0.00e+00	0.00e+00	3.16e-01	5.29e-02	3.34e-02
 3.71660e+16	4.30e-01	5.70e-01	5.41e-12	0.00e+00	0.00e+00	0.00e+00	0.00e+00	0.00e+00	0.00e+00	3.40e-01	5.54e-02	3.53e-02
 3.72019e+16	4.55e-01	5.45e-01	5.26e-12	0.00e+00	0.00e+00	0.00e+00	0.00e+00	0.00e+00	0.00e+00	3.61e-01	5.75e-02	3.69e-02
 3.72370e+16	4.81e-01	5.19e-01	5.09e-12	0.00e+00	0.00e+00	0.00e+00	0.00e+00	0.00e+00	0.00e+00	3.83e-01	5.95e-02	3.85e-02
 3.72716e+16	5.07e-01	4.93e-01	4.94e-12	0.00e+00	0.00e+00	0.00e+00	0.00e+00	0.00e+00	0.00e+00	4.05e-01	6.13e-02	4.01e-02
 3.73037e+16	5.32e-01	4.68e-01	4.81e-12	0.00e+00	0.00e+00	0.00e+00	0.00e+00	0.00e+00	0.00e+00	4.27e-01	6.29e-02	4.15e-02
 3.73311e+16	5.54e-01	4.46e-01	4.70e-12	0.00e+00	0.00e+00	0.00e+00	0.00e+00	0.00e+00	0.00e+00	4.47e-01	6.41e-02	4.26e-02
 3.73548e+16	5.73e-01	4.27e-01	4.62e-12	0.00e+00	0.00e+00	0.00e+00	0.00e+00	0.00e+00	0.00e+00	4.64e-01	6.50e-02	4.36e-02
 3.73767e+16	5.91e-01	4.09e-01	4.51e-12	0.00e+00	0.00e+00	0.00e+00	0.00e+00	0.00e+00	0.00e+00	4.81e-01	6.57e-02	4.44e-02
 3.73949e+16	6.06e-01	3.94e-01	4.44e-12	0.00e+00	0.00e+00	0.00e+00	0.00e+00	0.00e+00	0.00e+00	4.95e-01	6.62e-02	4.50e-02
 3.74085e+16	6.17e-01	3.83e-01	4.39e-12	0.00e+00	0.00e+00	0.00e+00	0.00e+00	0.00e+00	0.00e+00	5.05e-01	6.66e-02	4.55e-02
 3.74214e+16	6.28e-01	3.72e-01	4.33e-12	0.00e+00	0.00e+00	0.00e+00	0.00e+00	0.00e+00	0.00e+00	5.15e-01	6.68e-02	4.59e-02
 3.74357e+16	6.40e-01	3.60e-01	4.26e-12	0.00e+00	0.00e+00	0.00e+00	0.00e+00	0.00e+00	0.00e+00	5.26e-01	6.71e-02	4.63e-02
 3.74511e+16	6.52e-01	3.48e-01	4.20e-12	0.00e+00	0.00e+00	0.00e+00	0.00e+00	0.00e+00	0.00e+00	5.38e-01	6.73e-02	4.67e-02
 3.74661e+16	6.64e-01	3.36e-01	4.13e-12	0.00e+00	0.00e+00	0.00e+00	0.00e+00	0.00e+00	0.00e+00	5.50e-01	6.74e-02	4.71e-02
 3.74805e+16	6.76e-01	3.24e-01	4.06e-12	0.00e+00	0.00e+00	0.00e+00	0.00e+00	0.00e+00	0.00e+00	5.61e-01	6.75e-02	4.74e-02
 3.74944e+16	6.87e-01	3.13e-01	4.00e-12	0.00e+00	0.00e+00	0.00e+00	0.00e+00	0.00e+00	0.00e+00	5.72e-01	6.75e-02	4.76e-02
 3.75083e+16	6.98e-01	3.02e-01	3.94e-12	0.00e+00	0.00e+00	0.00e+00	0.00e+00	0.00e+00	0.00e+00	5.82e-01	6.75e-02	4.78e-02
 3.75223e+16	7.08e-01	2.92e-01	3.87e-12	0.00e+00	0.00e+00	0.00e+00	0.00e+00	0.00e+00	0.00e+00	5.93e-01	6.74e-02	4.80e-02
 3.75362e+16	7.19e-01	2.81e-01	3.80e-12	0.00e+00	0.00e+00	0.00e+00	0.00e+00	0.00e+00	0.00e+00	6.04e-01	6.72e-02	4.81e-02
 3.75499e+16	7.30e-01	2.70e-01	3.74e-12	0.00e+00	0.00e+00	0.00e+00	0.00e+00	0.00e+00	0.00e+00	6.15e-01	6.69e-02	4.81e-02
 3.75633e+16	7.40e-01	2.60e-01	3.67e-12	0.00e+00	0.00e+00	0.00e+00	0.00e+00	0.00e+00	0.00e+00	6.25e-01	6.67e-02	4.81e-02
 3.75766e+16	7.49e-01	2.51e-01	3.61e-12	0.00e+00	0.00e+00	0.00e+00	0.00e+00	0.00e+00	0.00e+00	6.35e-01	6.64e-02	4.81e-02
 3.75902e+16	7.59e-01	2.41e-01	3.54e-12	0.00e+00	0.00e+00	0.00e+00	0.00e+00	0.00e+00	0.00e+00	6.45e-01	6.60e-02	4.80e-02
 3.76038e+16	7.69e-01	2.31e-01	3.47e-12	0.00e+00	0.00e+00	0.00e+00	0.00e+00	0.00e+00	0.00e+00	6.55e-01	6.56e-02	4.79e-02
 3.76171e+16	7.78e-01	2.22e-01	3.40e-12	0.00e+00	0.00e+00	0.00e+00	0.00e+00	0.00e+00	0.00e+00	6.65e-01	6.51e-02	4.77e-02
 3.76301e+16	7.87e-01	2.13e-01	3.34e-12	0.00e+00	0.00e+00	0.00e+00	0.00e+00	0.00e+00	0.00e+00	6.74e-01	6.46e-02	4.75e-02
 3.76430e+16	7.95e-01	2.05e-01	3.27e-12	0.00e+00	0.00e+00	0.00e+00	0.00e+00	0.00e+00	0.00e+00	6.84e-01	6.41e-02	4.73e-02
 3.76558e+16	8.04e-01	1.96e-01	3.20e-12	0.00e+00	0.00e+00	0.00e+00	0.00e+00	0.00e+00	0.00e+00	6.93e-01	6.35e-02	4.70e-02
 3.76684e+16	8.11e-01	1.89e-01	3.13e-12	0.00e+00	0.00e+00	0.00e+00	0.00e+00	0.00e+00	0.00e+00	7.01e-01	6.30e-02	4.68e-02
 3.76810e+16	8.19e-01	1.81e-01	3.07e-12	0.00e+00	0.00e+00	0.00e+00	0.00e+00	0.00e+00	0.00e+00	7.10e-01	6.24e-02	4.65e-02
 3.76936e+16	8.27e-01	1.73e-01	3.00e-12	0.00e+00	0.00e+00	0.00e+00	0.00e+00	0.00e+00	0.00e+00	7.19e-01	6.18e-02	4.61e-02
 3.77060e+16	8.34e-01	1.66e-01	2.93e-12	0.00e+00	0.00e+00	0.00e+00	0.00e+00	0.00e+00	0.00e+00	7.27e-01	6.11e-02	4.58e-02
 3.77183e+16	8.40e-01	1.60e-01	2.87e-12	0.00e+00	0.00e+00	0.00e+00	0.00e+00	0.00e+00	0.00e+00	7.34e-01	6.06e-02	4.55e-02
 3.77302e+16	8.47e-01	1.53e-01	2.81e-12	0.00e+00	0.00e+00	0.00e+00	0.00e+00	0.00e+00	0.00e+00	7.42e-01	5.99e-02	4.51e-02
 3.77419e+16	8.53e-01	1.47e-01	2.74e-12	0.00e+00	0.00e+00	0.00e+00	0.00e+00	0.00e+00	0.00e+00	7.49e-01	5.93e-02	4.47e-02
 3.77536e+16	8.59e-01	1.41e-01	2.68e-12	0.00e+00	0.00e+00	0.00e+00	0.00e+00	0.00e+00	0.00e+00	7.56e-01	5.87e-02	4.44e-02
 3.77653e+16	8.65e-01	1.35e-01	2.62e-12	0.00e+00	0.00e+00	0.00e+00	0.00e+00	0.00e+00	0.00e+00	7.63e-01	5.80e-02	4.40e-02
 3.77769e+16	8.71e-01	1.29e-01	2.56e-12	0.00e+00	0.00e+00	0.00e+00	0.00e+00	0.00e+00	0.00e+00	7.70e-01	5.74e-02	4.36e-02
 3.77881e+16	8.76e-01	1.24e-01	2.50e-12	0.00e+00	0.00e+00	0.00e+00	0.00e+00	0.00e+00	0.00e+00	7.76e-01	5.68e-02	4.32e-02
 3.77991e+16	8.81e-01	1.19e-01	2.45e-12	0.00e+00	0.00e+00	0.00e+00	0.00e+00	0.00e+00	0.00e+00	7.82e-01	5.62e-02	4.28e-02
 3.78102e+16	8.85e-01	1.15e-01	2.39e-12	0.00e+00	0.00e+00	0.00e+00	0.00e+00	0.00e+00	0.00e+00	7.87e-01	5.56e-02	4.24e-02
 3.78212e+16	8.90e-01	1.10e-01	2.33e-12	0.00e+00	0.00e+00	0.00e+00	0.00e+00	0.00e+00	0.00e+00	7.93e-01	5.50e-02	4.20e-02
 3.78321e+16	8.95e-01	1.05e-01	2.28e-12	0.00e+00	0.00e+00	0.00e+00	0.00e+00	0.00e+00	0.00e+00	7.99e-01	5.44e-02	4.16e-02
 3.78428e+16	8.99e-01	1.01e-01	2.22e-12	0.00e+00	0.00e+00	0.00e+00	0.00e+00	0.00e+00	0.00e+00	8.04e-01	5.38e-02	4.12e-02
 3.78534e+16	9.03e-01	9.72e-02	2.17e-12	0.00e+00	0.00e+00	0.00e+00	0.00e+00	0.00e+00	0.00e+00	8.09e-01	5.32e-02	4.09e-02
 3.78640e+16	9.07e-01	9.33e-02	2.12e-12	0.00e+00	0.00e+00	0.00e+00	0.00e+00	0.00e+00	0.00e+00	8.14e-01	5.27e-02	4.05e-02
 3.78745e+16	9.11e-01	8.94e-02	2.07e-12	0.00e+00	0.00e+00	0.00e+00	0.00e+00	0.00e+00	0.00e+00	8.18e-01	5.21e-02	4.01e-02
 3.78849e+16	9.14e-01	8.58e-02	2.02e-12	0.00e+00	0.00e+00	0.00e+00	0.00e+00	0.00e+00	0.00e+00	8.23e-01	5.15e-02	3.97e-02
 3.78951e+16	9.18e-01	8.23e-02	1.97e-12	0.00e+00	0.00e+00	0.00e+00	0.00e+00	0.00e+00	0.00e+00	8.27e-01	5.10e-02	3.93e-02
 3.79053e+16	9.21e-01	7.91e-02	1.92e-12	0.00e+00	0.00e+00	0.00e+00	0.00e+00	0.00e+00	0.00e+00	8.31e-01	5.05e-02	3.90e-02
 3.79155e+16	9.24e-01	7.58e-02	1.88e-12	0.00e+00	0.00e+00	0.00e+00	0.00e+00	0.00e+00	0.00e+00	8.36e-01	5.00e-02	3.86e-02
 3.79256e+16	9.27e-01	7.28e-02	1.83e-12	0.00e+00	0.00e+00	0.00e+00	0.00e+00	0.00e+00	0.00e+00	8.40e-01	4.95e-02	3.83e-02
 3.79355e+16	9.30e-01	6.98e-02	1.79e-12	0.00e+00	0.00e+00	0.00e+00	0.00e+00	0.00e+00	0.00e+00	8.43e-01	4.90e-02	3.79e-02
 3.79452e+16	9.33e-01	6.70e-02	1.74e-12	0.00e+00	0.00e+00	0.00e+00	0.00e+00	0.00e+00	0.00e+00	8.47e-01	4.85e-02	3.76e-02
 3.79551e+16	9.36e-01	6.43e-02	1.70e-12	0.00e+00	0.00e+00	0.00e+00	0.00e+00	0.00e+00	0.00e+00	8.50e-01	4.80e-02	3.72e-02
 3.79649e+16	9.38e-01	6.17e-02	1.66e-12	0.00e+00	0.00e+00	0.00e+00	0.00e+00	0.00e+00	0.00e+00	8.54e-01	4.76e-02	3.69e-02
 3.79745e+16	9.41e-01	5.92e-02	1.62e-12	0.00e+00	0.00e+00	0.00e+00	0.00e+00	0.00e+00	0.00e+00	8.57e-01	4.71e-02	3.66e-02
 3.79839e+16	9.43e-01	5.69e-02	1.58e-12	0.00e+00	0.00e+00	0.00e+00	0.00e+00	0.00e+00	0.00e+00	8.60e-01	4.67e-02	3.63e-02
 3.79933e+16	9.45e-01	5.46e-02	1.54e-12	0.00e+00	0.00e+00	0.00e+00	0.00e+00	0.00e+00	0.00e+00	8.63e-01	4.63e-02	3.59e-02
 3.80026e+16	9.48e-01	5.24e-02	1.51e-12	0.00e+00	0.00e+00	0.00e+00	0.00e+00	0.00e+00	0.00e+00	8.66e-01	4.59e-02	3.56e-02
 3.80119e+16	9.50e-01	5.02e-02	1.47e-12	0.00e+00	0.00e+00	0.00e+00	0.00e+00	0.00e+00	0.00e+00	8.69e-01	4.54e-02	3.53e-02
 3.80209e+16	9.52e-01	4.82e-02	1.44e-12	0.00e+00	0.00e+00	0.00e+00	0.00e+00	0.00e+00	0.00e+00	8.72e-01	4.50e-02	3.50e-02
 3.80296e+16	9.54e-01	4.64e-02	1.41e-12	0.00e+00	0.00e+00	0.00e+00	0.00e+00	0.00e+00	0.00e+00	8.74e-01	4.47e-02	3.47e-02
 3.80378e+16	9.55e-01	4.46e-02	1.38e-12	0.00e+00	0.00e+00	0.00e+00	0.00e+00	0.00e+00	0.00e+00	8.77e-01	4.43e-02	3.45e-02
 3.80455e+16	9.57e-01	4.30e-02	1.35e-12	0.00e+00	0.00e+00	0.00e+00	0.00e+00	0.00e+00	0.00e+00	8.79e-01	4.40e-02	3.42e-02
 3.80527e+16	9.58e-01	4.15e-02	1.32e-12	0.00e+00	0.00e+00	0.00e+00	0.00e+00	0.00e+00	0.00e+00	8.81e-01	4.36e-02	3.40e-02
 3.80595e+16	9.60e-01	4.02e-02	1.30e-12	0.00e+00	0.00e+00	0.00e+00	0.00e+00	0.00e+00	0.00e+00	8.83e-01	4.33e-02	3.37e-02
 3.80659e+16	9.61e-01	3.89e-02	1.28e-12	0.00e+00	0.00e+00	0.00e+00	0.00e+00	0.00e+00	0.00e+00	8.85e-01	4.30e-02	3.35e-02
 3.80721e+16	9.62e-01	3.77e-02	1.26e-12	0.00e+00	0.00e+00	0.00e+00	0.00e+00	0.00e+00	0.00e+00	8.86e-01	4.28e-02	3.33e-02
 3.80781e+16	9.63e-01	3.66e-02	1.24e-12	0.00e+00	0.00e+00	0.00e+00	0.00e+00	0.00e+00	0.00e+00	8.88e-01	4.25e-02	3.31e-02
 3.80837e+16	9.64e-01	3.55e-02	1.22e-12	0.00e+00	0.00e+00	0.00e+00	0.00e+00	0.00e+00	0.00e+00	8.89e-01	4.22e-02	3.29e-02
 3.80891e+16	9.65e-01	3.45e-02	1.20e-12	0.00e+00	0.00e+00	0.00e+00	0.00e+00	0.00e+00	0.00e+00	8.91e-01	4.20e-02	3.27e-02
 3.80944e+16	9.66e-01	3.35e-02	1.19e-12	0.00e+00	0.00e+00	0.00e+00	0.00e+00	0.00e+00	0.00e+00	8.92e-01	4.18e-02	3.25e-02
 3.80996e+16	9.67e-01	3.26e-02	1.17e-12	0.00e+00	0.00e+00	0.00e+00	0.00e+00	0.00e+00	0.00e+00	8.94e-01	4.15e-02	3.23e-02
 3.81047e+16	9.68e-01	3.17e-02	1.15e-12	0.00e+00	0.00e+00	0.00e+00	0.00e+00	0.00e+00	0.00e+00	8.95e-01	4.13e-02	3.22e-02
 3.81098e+16	9.69e-01	3.07e-02	1.14e-12	0.00e+00	0.00e+00	0.00e+00	0.00e+00	0.00e+00	0.00e+00	8.96e-01	4.10e-02	3.20e-02
 3.81149e+16	9.70e-01	2.98e-02	1.12e-12	0.00e+00	0.00e+00	0.00e+00	0.00e+00	0.00e+00	0.00e+00	8.98e-01	4.08e-02	3.18e-02
 3.81201e+16	9.71e-01	2.89e-02	1.11e-12	0.00e+00	0.00e+00	0.00e+00	0.00e+00	0.00e+00	0.00e+00	8.99e-01	4.05e-02	3.16e-02
 3.81255e+16	9.72e-01	2.79e-02	1.09e-12	0.00e+00	0.00e+00	0.00e+00	0.00e+00	0.00e+00	0.00e+00	9.00e-01	4.03e-02	3.13e-02
 3.81311e+16	9.73e-01	2.70e-02	1.07e-12	0.00e+00	0.00e+00	0.00e+00	0.00e+00	0.00e+00	0.00e+00	9.02e-01	4.00e-02	3.11e-02
 3.81364e+16	9.74e-01	2.60e-02	1.06e-12	0.00e+00	0.00e+00	0.00e+00	0.00e+00	0.00e+00	0.00e+00	9.03e-01	3.97e-02	3.09e-02
 3.81411e+16	9.75e-01	2.52e-02	1.04e-12	0.00e+00	0.00e+00	0.00e+00	0.00e+00	0.00e+00	0.00e+00	9.05e-01	3.95e-02	3.06e-02
 3.81453e+16	9.76e-01	2.45e-02	1.03e-12	0.00e+00	0.00e+00	0.00e+00	0.00e+00	0.00e+00	0.00e+00	9.06e-01	3.92e-02	3.04e-02
 3.81493e+16	9.76e-01	2.37e-02	1.02e-12	0.00e+00	0.00e+00	0.00e+00	0.00e+00	0.00e+00	0.00e+00	9.07e-01	3.90e-02	3.03e-02
 3.81532e+16	9.77e-01	2.31e-02	1.01e-12	0.00e+00	0.00e+00	0.00e+00	0.00e+00	0.00e+00	0.00e+00	9.08e-01	3.88e-02	3.01e-02
 3.81568e+16	9.78e-01	2.24e-02	9.93e-13	0.00e+00	0.00e+00	0.00e+00	0.00e+00	0.00e+00	0.00e+00	9.09e-01	3.85e-02	2.99e-02
 3.81601e+16	9.78e-01	2.19e-02	9.82e-13	0.00e+00	0.00e+00	0.00e+00	0.00e+00	0.00e+00	0.00e+00	9.10e-01	3.83e-02	2.97e-02
 3.81631e+16	9.79e-01	2.13e-02	9.71e-13	0.00e+00	0.00e+00	0.00e+00	0.00e+00	0.00e+00	0.00e+00	9.11e-01	3.81e-02	2.95e-02
 3.81659e+16	9.79e-01	2.08e-02	9.61e-13	0.00e+00	0.00e+00	0.00e+00	0.00e+00	0.00e+00	0.00e+00	9.12e-01	3.80e-02	2.94e-02
 3.81684e+16	9.80e-01	2.04e-02	9.51e-13	0.00e+00	0.00e+00	0.00e+00	0.00e+00	0.00e+00	0.00e+00	9.13e-01	3.78e-02	2.92e-02
 3.81707e+16	9.80e-01	2.00e-02	9.42e-13	0.00e+00	0.00e+00	0.00e+00	0.00e+00	0.00e+00	0.00e+00	9.13e-01	3.77e-02	2.91e-02
 3.81728e+16	9.80e-01	1.97e-02	9.34e-13	0.00e+00	0.00e+00	0.00e+00	0.00e+00	0.00e+00	0.00e+00	9.14e-01	3.75e-02	2.90e-02
 3.81746e+16	9.81e-01	1.94e-02	9.27e-13	0.00e+00	0.00e+00	0.00e+00	0.00e+00	0.00e+00	0.00e+00	9.14e-01	3.74e-02	2.89e-02
 3.81767e+16	9.81e-01	1.90e-02	9.17e-13	0.00e+00	0.00e+00	0.00e+00	0.00e+00	0.00e+00	0.00e+00	9.15e-01	3.72e-02	2.88e-02
 3.81789e+16	9.81e-01	1.86e-02	9.08e-13	0.00e+00	0.00e+00	0.00e+00	0.00e+00	0.00e+00	0.00e+00	9.16e-01	3.70e-02	2.86e-02
 3.81810e+16	9.82e-01	1.83e-02	8.99e-13	0.00e+00	0.00e+00	0.00e+00	0.00e+00	0.00e+00	0.00e+00	9.16e-01	3.68e-02	2.85e-02
 3.81828e+16	9.82e-01	1.80e-02	8.91e-13	0.00e+00	0.00e+00	0.00e+00	0.00e+00	0.00e+00	0.00e+00	9.17e-01	3.67e-02	2.84e-02
 3.81849e+16	9.82e-01	1.77e-02	8.82e-13	0.00e+00	0.00e+00	0.00e+00	0.00e+00	0.00e+00	0.00e+00	9.18e-01	3.65e-02	2.83e-02
 3.81871e+16	9.83e-01	1.73e-02	8.72e-13	0.00e+00	0.00e+00	0.00e+00	0.00e+00	0.00e+00	0.00e+00	9.18e-01	3.63e-02	2.81e-02
 3.81890e+16	9.83e-01	1.70e-02	8.62e-13	0.00e+00	0.00e+00	0.00e+00	0.00e+00	0.00e+00	0.00e+00	9.19e-01	3.61e-02	2.80e-02
 3.81909e+16	9.83e-01	1.68e-02	8.54e-13	0.00e+00	0.00e+00	0.00e+00	0.00e+00	0.00e+00	0.00e+00	9.19e-01	3.60e-02	2.79e-02
 3.81928e+16	9.84e-01	1.65e-02	8.45e-13	0.00e+00	0.00e+00	0.00e+00	0.00e+00	0.00e+00	0.00e+00	9.20e-01	3.58e-02	2.78e-02
 3.81950e+16	9.84e-01	1.62e-02	8.34e-13	0.00e+00	0.00e+00	0.00e+00	0.00e+00	0.00e+00	0.00e+00	9.21e-01	3.56e-02	2.76e-02
 3.81969e+16	9.84e-01	1.59e-02	8.25e-13	0.00e+00	0.00e+00	0.00e+00	0.00e+00	0.00e+00	0.00e+00	9.21e-01	3.55e-02	2.75e-02
 3.81991e+16	9.84e-01	1.56e-02	8.15e-13	0.00e+00	0.00e+00	0.00e+00	0.00e+00	0.00e+00	0.00e+00	9.22e-01	3.54e-02	2.74e-02
 3.82019e+16	9.85e-01	1.52e-02	8.02e-13	0.00e+00	0.00e+00	0.00e+00	0.00e+00	0.00e+00	0.00e+00	9.22e-01	3.52e-02	2.73e-02
 3.82049e+16	9.85e-01	1.49e-02	7.88e-13	0.00e+00	0.00e+00	0.00e+00	0.00e+00	0.00e+00	0.00e+00	9.23e-01	3.50e-02	2.71e-02
 3.82076e+16	9.85e-01	1.45e-02	7.74e-13	0.00e+00	0.00e+00	0.00e+00	0.00e+00	0.00e+00	0.00e+00	9.24e-01	3.48e-02	2.69e-02
 3.82101e+16	9.86e-01	1.42e-02	7.62e-13	0.00e+00	0.00e+00	0.00e+00	0.00e+00	0.00e+00	0.00e+00	9.24e-01	3.46e-02	2.68e-02
 3.82124e+16	9.86e-01	1.40e-02	7.52e-13	0.00e+00	0.00e+00	0.00e+00	0.00e+00	0.00e+00	0.00e+00	9.25e-01	3.45e-02	2.67e-02
 3.82144e+16	9.86e-01	1.37e-02	7.42e-13	0.00e+00	0.00e+00	0.00e+00	0.00e+00	0.00e+00	0.00e+00	9.25e-01	3.43e-02	2.66e-02
 3.82167e+16	9.87e-01	1.35e-02	7.30e-13	0.00e+00	0.00e+00	0.00e+00	0.00e+00	0.00e+00	0.00e+00	9.26e-01	3.42e-02	2.64e-02
 3.82191e+16	9.87e-01	1.32e-02	7.18e-13	0.00e+00	0.00e+00	0.00e+00	0.00e+00	0.00e+00	0.00e+00	9.27e-01	3.40e-02	2.63e-02
 3.82213e+16	9.87e-01	1.29e-02	7.06e-13	0.00e+00	0.00e+00	0.00e+00	0.00e+00	0.00e+00	0.00e+00	9.27e-01	3.38e-02	2.62e-02
 3.82233e+16	9.87e-01	1.27e-02	6.97e-13	0.00e+00	0.00e+00	0.00e+00	0.00e+00	0.00e+00	0.00e+00	9.28e-01	3.37e-02	2.60e-02
 3.82255e+16	9.88e-01	1.24e-02	6.85e-13	0.00e+00	0.00e+00	0.00e+00	0.00e+00	0.00e+00	0.00e+00	9.28e-01	3.36e-02	2.59e-02
 3.82279e+16	9.88e-01	1.22e-02	6.70e-13	0.00e+00	0.00e+00	0.00e+00	0.00e+00	0.00e+00	0.00e+00	9.29e-01	3.34e-02	2.57e-02
 3.82301e+16	9.88e-01	1.19e-02	6.59e-13	0.00e+00	0.00e+00	0.00e+00	0.00e+00	0.00e+00	0.00e+00	9.29e-01	3.32e-02	2.56e-02
 3.82321e+16	9.88e-01	1.17e-02	6.47e-13	0.00e+00	0.00e+00	0.00e+00	0.00e+00	0.00e+00	0.00e+00	9.30e-01	3.30e-02	2.55e-02
 3.82339e+16	9.88e-01	1.15e-02	6.37e-13	0.00e+00	0.00e+00	0.00e+00	0.00e+00	0.00e+00	0.00e+00	9.30e-01	3.29e-02	2.53e-02
 3.82358e+16	9.89e-01	1.13e-02	6.27e-13	0.00e+00	0.00e+00	0.00e+00	0.00e+00	0.00e+00	0.00e+00	9.31e-01	3.28e-02	2.52e-02
 3.82384e+16	9.89e-01	1.10e-02	6.12e-13	0.00e+00	0.00e+00	0.00e+00	0.00e+00	0.00e+00	0.00e+00	9.31e-01	3.26e-02	2.50e-02
 3.82412e+16	9.89e-01	1.07e-02	5.98e-13	0.00e+00	0.00e+00	0.00e+00	0.00e+00	0.00e+00	0.00e+00	9.32e-01	3.23e-02	2.48e-02
 3.82437e+16	9.90e-01	1.05e-02	5.85e-13	0.00e+00	0.00e+00	0.00e+00	0.00e+00	0.00e+00	0.00e+00	9.33e-01	3.22e-02	2.46e-02
 3.82460e+16	9.90e-01	1.03e-02	5.74e-13	0.00e+00	0.00e+00	0.00e+00	0.00e+00	0.00e+00	0.00e+00	9.33e-01	3.20e-02	2.45e-02
 3.82481e+16	9.90e-01	1.01e-02	5.64e-13	0.00e+00	0.00e+00	0.00e+00	0.00e+00	0.00e+00	0.00e+00	9.34e-01	3.18e-02	2.43e-02
 3.82500e+16	9.90e-01	9.92e-03	5.55e-13	0.00e+00	0.00e+00	0.00e+00	0.00e+00	0.00e+00	0.00e+00	9.34e-01	3.17e-02	2.42e-02
 3.82520e+16	9.90e-01	9.72e-03	5.45e-13	0.00e+00	0.00e+00	0.00e+00	0.00e+00	0.00e+00	0.00e+00	9.35e-01	3.15e-02	2.40e-02
 3.82543e+16	9.90e-01	9.52e-03	5.34e-13	0.00e+00	0.00e+00	0.00e+00	0.00e+00	0.00e+00	0.00e+00	9.35e-01	3.13e-02	2.39e-02
 3.82563e+16	9.91e-01	9.34e-03	5.25e-13	0.00e+00	0.00e+00	0.00e+00	0.00e+00	0.00e+00	0.00e+00	9.36e-01	3.12e-02	2.37e-02
 3.82582e+16	9.91e-01	9.18e-03	5.16e-13	0.00e+00	0.00e+00	0.00e+00	0.00e+00	0.00e+00	0.00e+00	9.36e-01	3.10e-02	2.36e-02
 3.82602e+16	9.91e-01	9.02e-03	5.08e-13	0.00e+00	0.00e+00	0.00e+00	0.00e+00	0.00e+00	0.00e+00	9.37e-01	3.09e-02	2.34e-02
 3.82629e+16	9.91e-01	8.81e-03	4.97e-13	0.00e+00	0.00e+00	0.00e+00	0.00e+00	0.00e+00	0.00e+00	9.37e-01	3.07e-02	2.32e-02
 3.82657e+16	9.91e-01	8.60e-03	4.86e-13	0.00e+00	0.00e+00	0.00e+00	0.00e+00	0.00e+00	0.00e+00	9.38e-01	3.03e-02	2.30e-02
 3.82683e+16	9.92e-01	8.45e-03	4.78e-13	0.00e+00	0.00e+00	0.00e+00	0.00e+00	0.00e+00	0.00e+00	9.39e-01	3.00e-02	2.28e-02
 3.82712e+16	9.92e-01	8.26e-03	4.69e-13	0.00e+00	0.00e+00	0.00e+00	0.00e+00	0.00e+00	0.00e+00	9.40e-01	2.96e-02	2.25e-02
 3.82749e+16	9.92e-01	8.03e-03	4.56e-13	0.00e+00	0.00e+00	0.00e+00	0.00e+00	0.00e+00	0.00e+00	9.41e-01	2.92e-02	2.22e-02
 3.82789e+16	9.92e-01	7.80e-03	4.44e-13	0.00e+00	0.00e+00	0.00e+00	0.00e+00	0.00e+00	0.00e+00	9.42e-01	2.87e-02	2.19e-02
 3.82825e+16	9.92e-01	7.57e-03	4.33e-13	0.00e+00	0.00e+00	0.00e+00	0.00e+00	0.00e+00	0.00e+00	9.43e-01	2.83e-02	2.16e-02
 3.82858e+16	9.93e-01	7.40e-03	4.23e-13	0.00e+00	0.00e+00	0.00e+00	0.00e+00	0.00e+00	0.00e+00	9.43e-01	2.80e-02	2.14e-02
 3.82895e+16	9.93e-01	7.19e-03	4.12e-13	0.00e+00	0.00e+00	0.00e+00	0.00e+00	0.00e+00	0.00e+00	9.44e-01	2.76e-02	2.11e-02
 3.82934e+16	9.93e-01	6.98e-03	4.01e-13	0.00e+00	0.00e+00	0.00e+00	0.00e+00	0.00e+00	0.00e+00	9.45e-01	2.72e-02	2.08e-02
 3.82969e+16	9.93e-01	6.79e-03	3.91e-13	0.00e+00	0.00e+00	0.00e+00	0.00e+00	0.00e+00	0.00e+00	9.46e-01	2.68e-02	2.05e-02
 3.83002e+16	9.93e-01	6.63e-03	3.83e-13	0.00e+00	0.00e+00	0.00e+00	0.00e+00	0.00e+00	0.00e+00	9.47e-01	2.65e-02	2.02e-02
 3.83037e+16	9.94e-01	6.45e-03	3.73e-13	0.00e+00	0.00e+00	0.00e+00	0.00e+00	0.00e+00	0.00e+00	9.48e-01	2.61e-02	1.99e-02
