#depth	O	O+	O+2	O+3	O+4	O+5	O+6	O+7	O+8	O[1]	O[2]	O[3]
 7.10692e+10	1.82e-05	1.20e-02	4.78e-01	5.06e-01	4.15e-03	0.00e+00	0.00e+00	0.00e+00	0.00e+00	1.57e-05	1.56e-06	9.20e-07
 4.26415e+11	1.82e-05	1.20e-02	4.78e-01	5.06e-01	4.14e-03	0.00e+00	0.00e+00	0.00e+00	0.00e+00	1.57e-05	1.56e-06	9.19e-07
 1.84780e+12	1.82e-05	1.20e-02	4.78e-01	5.05e-01	4.12e-03	0.00e+00	0.00e+00	0.00e+00	0.00e+00	1.57e-05	1.56e-06	9.20e-07
 7.53334e+12	1.83e-05	1.21e-02	4.81e-01	5.03e-01	4.06e-03	0.00e+00	0.00e+00	0.00e+00	0.00e+00	1.58e-05	1.57e-06	9.24e-07
 1.79947e+13	1.83e-05	1.21e-02	4.84e-01	5.00e-01	3.97e-03	0.00e+00	0.00e+00	0.00e+00	0.00e+00	1.58e-05	1.56e-06	9.21e-07
 3.15945e+13	1.83e-05	1.22e-02	4.89e-01	4.95e-01	3.86e-03	0.00e+00	0.00e+00	0.00e+00	0.00e+00	1.58e-05	1.56e-06	9.22e-07
 4.92743e+13	1.84e-05	1.23e-02	4.95e-01	4.89e-01	3.71e-03	0.00e+00	0.00e+00	0.00e+00	0.00e+00	1.59e-05	1.56e-06	9.24e-07
 7.22580e+13	1.85e-05	1.25e-02	5.03e-01	4.81e-01	3.53e-03	0.00e+00	0.00e+00	0.00e+00	0.00e+00	1.60e-05	1.56e-06	9.27e-07
 1.02137e+14	1.86e-05	1.27e-02	5.13e-01	4.71e-01	3.31e-03	0.00e+00	0.00e+00	0.00e+00	0.00e+00	1.61e-05	1.57e-06	9.32e-07
 1.40979e+14	1.88e-05	1.30e-02	5.27e-01	4.57e-01	3.03e-03	0.00e+00	0.00e+00	0.00e+00	0.00e+00	1.63e-05	1.58e-06	9.42e-07
 1.91474e+14	1.91e-05	1.34e-02	5.45e-01	4.39e-01	2.71e-03	0.00e+00	0.00e+00	0.00e+00	0.00e+00	1.66e-05	1.60e-06	9.56e-07
 2.57118e+14	1.96e-05	1.39e-02	5.69e-01	4.15e-01	2.33e-03	0.00e+00	0.00e+00	0.00e+00	0.00e+00	1.70e-05	1.64e-06	9.78e-07
 3.42455e+14	2.03e-05	1.47e-02	6.00e-01	3.83e-01	1.90e-03	0.00e+00	0.00e+00	0.00e+00	0.00e+00	1.76e-05	1.68e-06	1.01e-06
 4.53393e+14	2.13e-05	1.57e-02	6.41e-01	3.42e-01	1.44e-03	0.00e+00	0.00e+00	0.00e+00	0.00e+00	1.85e-05	1.76e-06	1.06e-06
 5.97612e+14	2.27e-05	1.70e-02	6.92e-01	2.90e-01	9.85e-04	0.00e+00	0.00e+00	0.00e+00	0.00e+00	1.97e-05	1.86e-06	1.13e-06
 7.85097e+14	2.48e-05	1.89e-02	7.55e-01	2.26e-01	5.77e-04	0.00e+00	0.00e+00	0.00e+00	0.00e+00	2.15e-05	2.02e-06	1.23e-06
 9.79851e+14	2.62e-05	2.05e-02	8.10e-01	1.69e-01	3.23e-04	0.00e+00	0.00e+00	0.00e+00	0.00e+00	2.28e-05	2.12e-06	1.30e-06
 1.14795e+15	2.77e-05	2.19e-02	8.51e-01	1.27e-01	1.88e-04	0.00e+00	0.00e+00	0.00e+00	0.00e+00	2.41e-05	2.23e-06	1.37e-06
 1.33036e+15	2.98e-05	2.36e-02	8.86e-01	9.00e-02	9.87e-05	0.00e+00	0.00e+00	0.00e+00	0.00e+00	2.59e-05	2.39e-06	1.47e-06
 1.56750e+15	3.25e-05	2.58e-02	9.19e-01	5.56e-02	4.10e-05	0.00e+00	0.00e+00	0.00e+00	0.00e+00	2.84e-05	2.59e-06	1.60e-06
 1.78662e+15	3.38e-05	2.73e-02	9.37e-01	3.56e-02	1.87e-05	0.00e+00	0.00e+00	0.00e+00	0.00e+00	2.95e-05	2.67e-06	1.66e-06
 1.96528e+15	3.55e-05	2.87e-02	9.47e-01	2.41e-02	9.37e-06	0.00e+00	0.00e+00	0.00e+00	0.00e+00	3.09e-05	2.78e-06	1.74e-06
 2.16181e+15	3.72e-05	3.02e-02	9.54e-01	1.57e-02	4.38e-06	0.00e+00	0.00e+00	0.00e+00	0.00e+00	3.25e-05	2.90e-06	1.82e-06
 2.37799e+15	3.90e-05	3.18e-02	9.58e-01	9.74e-03	1.89e-06	0.00e+00	0.00e+00	0.00e+00	0.00e+00	3.41e-05	3.03e-06	1.91e-06
 2.61579e+15	4.09e-05	3.36e-02	9.61e-01	5.78e-03	7.56e-07	0.00e+00	0.00e+00	0.00e+00	0.00e+00	3.57e-05	3.16e-06	2.00e-06
 2.87737e+15	4.30e-05	3.56e-02	9.61e-01	3.28e-03	2.78e-07	0.00e+00	0.00e+00	0.00e+00	0.00e+00	3.76e-05	3.31e-06	2.10e-06
 3.16510e+15	4.53e-05	3.79e-02	9.60e-01	1.77e-03	0.00e+00	0.00e+00	0.00e+00	0.00e+00	0.00e+00	3.96e-05	3.48e-06	2.21e-06
 3.48161e+15	4.79e-05	4.05e-02	9.59e-01	9.12e-04	0.00e+00	0.00e+00	0.00e+00	0.00e+00	0.00e+00	4.18e-05	3.67e-06	2.34e-06
 3.82977e+15	5.09e-05	4.35e-02	9.56e-01	4.48e-04	0.00e+00	0.00e+00	0.00e+00	0.00e+00	0.00e+00	4.45e-05	3.91e-06	2.50e-06
 4.21275e+15	5.46e-05	4.72e-02	9.53e-01	2.09e-04	0.00e+00	0.00e+00	0.00e+00	0.00e+00	0.00e+00	4.77e-05	4.19e-06	2.69e-06
 4.63403e+15	5.92e-05	5.18e-02	9.48e-01	9.32e-05	0.00e+00	0.00e+00	0.00e+00	0.00e+00	0.00e+00	5.17e-05	4.55e-06	2.92e-06
 5.09743e+15	6.51e-05	5.75e-02	9.42e-01	3.96e-05	0.00e+00	0.00e+00	0.00e+00	0.00e+00	0.00e+00	5.69e-05	5.01e-06	3.23e-06
 5.60717e+15	7.27e-05	6.48e-02	9.35e-01	1.62e-05	0.00e+00	0.00e+00	0.00e+00	0.00e+00	0.00e+00	6.35e-05	5.62e-06	3.63e-06
 6.16789e+15	8.32e-05	7.45e-02	9.25e-01	6.34e-06	0.00e+00	0.00e+00	0.00e+00	0.00e+00	0.00e+00	7.26e-05	6.46e-06	4.18e-06
 6.75247e+15	9.70e-05	8.74e-02	9.12e-01	2.55e-06	0.00e+00	0.00e+00	0.00e+00	0.00e+00	0.00e+00	8.45e-05	7.57e-06	4.91e-06
 7.30181e+15	1.14e-04	1.03e-01	8.97e-01	1.15e-06	0.00e+00	0.00e+00	0.00e+00	0.00e+00	0.00e+00	9.92e-05	8.93e-06	5.81e-06
 7.78850e+15	1.34e-04	1.21e-01	8.79e-01	5.90e-07	0.00e+00	0.00e+00	0.00e+00	0.00e+00	0.00e+00	1.16e-04	1.05e-05	6.87e-06
 8.22879e+15	1.58e-04	1.42e-01	8.58e-01	3.33e-07	0.00e+00	0.00e+00	0.00e+00	0.00e+00	0.00e+00	1.37e-04	1.25e-05	8.14e-06
 8.64459e+15	1.87e-04	1.68e-01	8.32e-01	1.99e-07	0.00e+00	0.00e+00	0.00e+00	0.00e+00	0.00e+00	1.63e-04	1.49e-05	9.71e-06
 9.02144e+15	2.21e-04	1.97e-01	8.03e-01	1.28e-07	0.00e+00	0.00e+00	0.00e+00	0.00e+00	0.00e+00	1.92e-04	1.77e-05	1.15e-05
 9.35176e+15	2.61e-04	2.30e-01	7.70e-01	0.00e+00	0.00e+00	0.00e+00	0.00e+00	0.00e+00	0.00e+00	2.26e-04	2.09e-05	1.37e-05
 9.66047e+15	3.07e-04	2.68e-01	7.32e-01	0.00e+00	0.00e+00	0.00e+00	0.00e+00	0.00e+00	0.00e+00	2.66e-04	2.47e-05	1.61e-05
 1.00089e+16	3.73e-04	3.20e-01	6.80e-01	0.00e+00	0.00e+00	0.00e+00	0.00e+00	0.00e+00	0.00e+00	3.23e-04	3.02e-05	1.97e-05
 1.03777e+16	4.63e-04	3.93e-01	6.07e-01	0.00e+00	0.00e+00	0.00e+00	0.00e+00	0.00e+00	0.00e+00	4.01e-04	3.78e-05	2.46e-05
 1.06857e+16	5.61e-04	4.70e-01	5.29e-01	0.00e+00	0.00e+00	0.00e+00	0.00e+00	0.00e+00	0.00e+00	4.85e-04	4.62e-05	3.00e-05
 1.09445e+16	6.59e-04	5.46e-01	4.54e-01	0.00e+00	0.00e+00	0.00e+00	0.00e+00	0.00e+00	0.00e+00	5.69e-04	5.47e-05	3.54e-05
 1.12265e+16	7.76e-04	6.31e-01	3.68e-01	0.00e+00	0.00e+00	0.00e+00	0.00e+00	0.00e+00	0.00e+00	6.69e-04	6.50e-05	4.19e-05
 1.15390e+16	9.16e-04	7.30e-01	2.69e-01	0.00e+00	0.00e+00	0.00e+00	0.00e+00	0.00e+00	0.00e+00	7.89e-04	7.73e-05	4.97e-05
 1.18348e+16	1.05e-03	8.16e-01	1.83e-01	0.00e+00	0.00e+00	0.00e+00	0.00e+00	0.00e+00	0.00e+00	9.02e-04	8.91e-05	5.71e-05
 1.21628e+16	1.18e-03	8.88e-01	1.11e-01	0.00e+00	0.00e+00	0.00e+00	0.00e+00	0.00e+00	0.00e+00	1.02e-03	1.01e-04	6.44e-05
 1.25173e+16	1.31e-03	9.41e-01	5.79e-02	0.00e+00	0.00e+00	0.00e+00	0.00e+00	0.00e+00	0.00e+00	1.13e-03	1.11e-04	7.11e-05
 1.28445e+16	1.42e-03	9.69e-01	2.98e-02	0.00e+00	0.00e+00	0.00e+00	0.00e+00	0.00e+00	0.00e+00	1.22e-03	1.20e-04	7.67e-05
 1.31181e+16	1.51e-03	9.82e-01	1.62e-02	0.00e+00	0.00e+00	0.00e+00	0.00e+00	0.00e+00	0.00e+00	1.31e-03	1.27e-04	8.12e-05
 1.33211e+16	1.59e-03	9.88e-01	1.02e-02	0.00e+00	0.00e+00	0.00e+00	0.00e+00	0.00e+00	0.00e+00	1.37e-03	1.33e-04	8.49e-05
 1.34918e+16	1.65e-03	9.91e-01	6.88e-03	0.00e+00	0.00e+00	0.00e+00	0.00e+00	0.00e+00	0.00e+00	1.43e-03	1.37e-04	8.76e-05
 1.36833e+16	1.75e-03	9.94e-01	4.45e-03	0.00e+00	0.00e+00	0.00e+00	0.00e+00	0.00e+00	0.00e+00	1.51e-03	1.44e-04	9.18e-05
 1.38944e+16	1.86e-03	9.95e-01	2.68e-03	0.00e+00	0.00e+00	0.00e+00	0.00e+00	0.00e+00	0.00e+00	1.61e-03	1.51e-04	9.65e-05
 1.40739e+16	1.96e-03	9.96e-01	1.69e-03	0.00e+00	0.00e+00	0.00e+00	0.00e+00	0.00e+00	0.00e+00	1.70e-03	1.58e-04	1.01e-04
 1.42095e+16	2.05e-03	9.97e-01	1.19e-03	0.00e+00	0.00e+00	0.00e+00	0.00e+00	0.00e+00	0.00e+00	1.78e-03	1.63e-04	1.05e-04
 1.43250e+16	2.12e-03	9.97e-01	8.81e-04	0.00e+00	0.00e+00	0.00e+00	0.00e+00	0.00e+00	0.00e+00	1.85e-03	1.67e-04	1.07e-04
 1.44548e+16	2.22e-03	9.97e-01	6.28e-04	0.00e+00	0.00e+00	0.00e+00	0.00e+00	0.00e+00	0.00e+00	1.94e-03	1.73e-04	1.11e-04
 1.46012e+16	2.33e-03	9.97e-01	4.23e-04	0.00e+00	0.00e+00	0.00e+00	0.00e+00	0.00e+00	0.00e+00	2.03e-03	1.80e-04	1.16e-04
 1.47312e+16	2.43e-03	9.97e-01	2.92e-04	0.00e+00	0.00e+00	0.00e+00	0.00e+00	0.00e+00	0.00e+00	2.13e-03	1.86e-04	1.20e-04
 1.48338e+16	2.52e-03	9.97e-01	2.17e-04	0.00e+00	0.00e+00	0.00e+00	0.00e+00	0.00e+00	0.00e+00	2.20e-03	1.91e-04	1.23e-04
 1.49239e+16	2.59e-03	9.97e-01	1.67e-04	0.00e+00	0.00e+00	0.00e+00	0.00e+00	0.00e+00	0.00e+00	2.27e-03	1.95e-04	1.26e-04
 1.50261e+16	2.67e-03	9.97e-01	1.24e-04	0.00e+00	0.00e+00	0.00e+00	0.00e+00	0.00e+00	0.00e+00	2.34e-03	2.00e-04	1.29e-04
 1.51590e+16	2.76e-03	9.97e-01	8.33e-05	0.00e+00	0.00e+00	0.00e+00	0.00e+00	0.00e+00	0.00e+00	2.43e-03	2.05e-04	1.32e-04
 1.52905e+16	2.87e-03	9.97e-01	5.45e-05	0.00e+00	0.00e+00	0.00e+00	0.00e+00	0.00e+00	0.00e+00	2.52e-03	2.12e-04	1.36e-04
 1.53832e+16	2.95e-03	9.97e-01	3.99e-05	0.00e+00	0.00e+00	0.00e+00	0.00e+00	0.00e+00	0.00e+00	2.59e-03	2.15e-04	1.39e-04
 1.54521e+16	2.99e-03	9.97e-01	3.16e-05	0.00e+00	0.00e+00	0.00e+00	0.00e+00	0.00e+00	0.00e+00	2.63e-03	2.17e-04	1.40e-04
 1.55274e+16	3.04e-03	9.97e-01	2.45e-05	0.00e+00	0.00e+00	0.00e+00	0.00e+00	0.00e+00	0.00e+00	2.68e-03	2.20e-04	1.42e-04
 1.56253e+16	3.10e-03	9.97e-01	1.75e-05	0.00e+00	0.00e+00	0.00e+00	0.00e+00	0.00e+00	0.00e+00	2.73e-03	2.23e-04	1.44e-04
 1.57526e+16	3.16e-03	9.97e-01	1.12e-05	0.00e+00	0.00e+00	0.00e+00	0.00e+00	0.00e+00	0.00e+00	2.79e-03	2.26e-04	1.46e-04
 1.58844e+16	3.24e-03	9.97e-01	6.72e-06	0.00e+00	0.00e+00	0.00e+00	0.00e+00	0.00e+00	0.00e+00	2.86e-03	2.30e-04	1.49e-04
 1.59948e+16	3.28e-03	9.97e-01	4.33e-06	0.00e+00	0.00e+00	0.00e+00	0.00e+00	0.00e+00	0.00e+00	2.90e-03	2.32e-04	1.50e-04
 1.61113e+16	3.33e-03	9.97e-01	2.73e-06	0.00e+00	0.00e+00	0.00e+00	0.00e+00	0.00e+00	0.00e+00	2.94e-03	2.34e-04	1.52e-04
 1.62626e+16	3.38e-03	9.97e-01	1.50e-06	0.00e+00	0.00e+00	0.00e+00	0.00e+00	0.00e+00	0.00e+00	2.99e-03	2.38e-04	1.54e-04
 1.64594e+16	3.45e-03	9.97e-01	6.83e-07	0.00e+00	0.00e+00	0.00e+00	0.00e+00	0.00e+00	0.00e+00	3.05e-03	2.43e-04	1.57e-04
 1.67152e+16	3.53e-03	9.96e-01	2.49e-07	0.00e+00	0.00e+00	0.00e+00	0.00e+00	0.00e+00	0.00e+00	3.11e-03	2.51e-04	1.61e-04
 1.70478e+16	3.64e-03	9.96e-01	7.00e-08	0.00e+00	0.00e+00	0.00e+00	0.00e+00	0.00e+00	0.00e+00	3.21e-03	2.62e-04	1.67e-04
 1.74801e+16	3.78e-03	9.96e-01	1.50e-08	0.00e+00	0.00e+00	0.00e+00	0.00e+00	0.00e+00	0.00e+00	3.33e-03	2.77e-04	1.75e-04
 1.79957e+16	3.97e-03	9.96e-01	3.19e-09	0.00e+00	0.00e+00	0.00e+00	0.00e+00	0.00e+00	0.00e+00	3.49e-03	2.98e-04	1.86e-04
 1.85140e+16	4.20e-03	9.96e-01	1.28e-09	0.00e+00	0.00e+00	0.00e+00	0.00e+00	0.00e+00	0.00e+00	3.68e-03	3.22e-04	1.99e-04
 1.89850e+16	4.42e-03	9.96e-01	9.01e-10	0.00e+00	0.00e+00	0.00e+00	0.00e+00	0.00e+00	0.00e+00	3.86e-03	3.47e-04	2.12e-04
 1.94188e+16	4.64e-03	9.95e-01	7.49e-10	0.00e+00	0.00e+00	0.00e+00	0.00e+00	0.00e+00	0.00e+00	4.04e-03	3.72e-04	2.25e-04
 1.98284e+16	4.84e-03	9.95e-01	6.54e-10	0.00e+00	0.00e+00	0.00e+00	0.00e+00	0.00e+00	0.00e+00	4.21e-03	3.97e-04	2.39e-04
 2.02203e+16	5.05e-03	9.95e-01	5.82e-10	0.00e+00	0.00e+00	0.00e+00	0.00e+00	0.00e+00	0.00e+00	4.38e-03	4.24e-04	2.52e-04
 2.05955e+16	5.26e-03	9.95e-01	5.24e-10	0.00e+00	0.00e+00	0.00e+00	0.00e+00	0.00e+00	0.00e+00	4.54e-03	4.51e-04	2.66e-04
 2.09526e+16	5.46e-03	9.95e-01	4.77e-10	0.00e+00	0.00e+00	0.00e+00	0.00e+00	0.00e+00	0.00e+00	4.70e-03	4.79e-04	2.80e-04
 2.12905e+16	5.66e-03	9.94e-01	4.38e-10	0.00e+00	0.00e+00	0.00e+00	0.00e+00	0.00e+00	0.00e+00	4.86e-03	5.07e-04	2.94e-04
 2.16103e+16	5.85e-03	9.94e-01	4.05e-10	0.00e+00	0.00e+00	0.00e+00	0.00e+00	0.00e+00	0.00e+00	5.01e-03	5.36e-04	3.09e-04
 2.19165e+16	6.04e-03	9.94e-01	3.76e-10	0.00e+00	0.00e+00	0.00e+00	0.00e+00	0.00e+00	0.00e+00	5.15e-03	5.65e-04	3.23e-04
 2.22117e+16	6.22e-03	9.94e-01	3.51e-10	0.00e+00	0.00e+00	0.00e+00	0.00e+00	0.00e+00	0.00e+00	5.29e-03	5.95e-04	3.37e-04
 2.24959e+16	6.40e-03	9.94e-01	3.30e-10	0.00e+00	0.00e+00	0.00e+00	0.00e+00	0.00e+00	0.00e+00	5.42e-03	6.25e-04	3.52e-04
 2.27698e+16	6.57e-03	9.93e-01	3.10e-10	0.00e+00	0.00e+00	0.00e+00	0.00e+00	0.00e+00	0.00e+00	5.55e-03	6.55e-04	3.66e-04
 2.30345e+16	6.74e-03	9.93e-01	2.93e-10	0.00e+00	0.00e+00	0.00e+00	0.00e+00	0.00e+00	0.00e+00	5.67e-03	6.86e-04	3.81e-04
 2.32911e+16	6.91e-03	9.93e-01	2.78e-10	0.00e+00	0.00e+00	0.00e+00	0.00e+00	0.00e+00	0.00e+00	5.79e-03	7.18e-04	3.95e-04
 2.35444e+16	7.07e-03	9.93e-01	2.64e-10	0.00e+00	0.00e+00	0.00e+00	0.00e+00	0.00e+00	0.00e+00	5.91e-03	7.50e-04	4.10e-04
 2.37950e+16	7.23e-03	9.93e-01	2.51e-10	0.00e+00	0.00e+00	0.00e+00	0.00e+00	0.00e+00	0.00e+00	6.02e-03	7.84e-04	4.25e-04
 2.40364e+16	7.39e-03	9.93e-01	2.39e-10	0.00e+00	0.00e+00	0.00e+00	0.00e+00	0.00e+00	0.00e+00	6.14e-03	8.18e-04	4.41e-04
 2.42692e+16	7.55e-03	9.92e-01	2.28e-10	0.00e+00	0.00e+00	0.00e+00	0.00e+00	0.00e+00	0.00e+00	6.24e-03	8.51e-04	4.56e-04
 2.44983e+16	7.70e-03	9.92e-01	2.18e-10	0.00e+00	0.00e+00	0.00e+00	0.00e+00	0.00e+00	0.00e+00	6.34e-03	8.86e-04	4.71e-04
 2.47254e+16	7.85e-03	9.92e-01	2.09e-10	0.00e+00	0.00e+00	0.00e+00	0.00e+00	0.00e+00	0.00e+00	6.45e-03	9.21e-04	4.86e-04
 2.49510e+16	8.01e-03	9.92e-01	2.00e-10	0.00e+00	0.00e+00	0.00e+00	0.00e+00	0.00e+00	0.00e+00	6.55e-03	9.57e-04	5.02e-04
 2.51760e+16	8.17e-03	9.92e-01	1.92e-10	0.00e+00	0.00e+00	0.00e+00	0.00e+00	0.00e+00	0.00e+00	6.66e-03	9.89e-04	5.18e-04
 2.54015e+16	8.33e-03	9.92e-01	1.84e-10	0.00e+00	0.00e+00	0.00e+00	0.00e+00	0.00e+00	0.00e+00	6.78e-03	1.02e-03	5.35e-04
 2.56288e+16	8.50e-03	9.92e-01	1.76e-10	0.00e+00	0.00e+00	0.00e+00	0.00e+00	0.00e+00	0.00e+00	6.90e-03	1.04e-03	5.52e-04
 2.58588e+16	8.68e-03	9.91e-01	1.68e-10	0.00e+00	0.00e+00	0.00e+00	0.00e+00	0.00e+00	0.00e+00	7.03e-03	1.07e-03	5.71e-04
 2.60924e+16	8.86e-03	9.91e-01	1.61e-10	0.00e+00	0.00e+00	0.00e+00	0.00e+00	0.00e+00	0.00e+00	7.17e-03	1.11e-03	5.90e-04
 2.63307e+16	9.07e-03	9.91e-01	1.54e-10	0.00e+00	0.00e+00	0.00e+00	0.00e+00	0.00e+00	0.00e+00	7.32e-03	1.14e-03	6.11e-04
 2.65746e+16	9.29e-03	9.91e-01	1.47e-10	0.00e+00	0.00e+00	0.00e+00	0.00e+00	0.00e+00	0.00e+00	7.48e-03	1.18e-03	6.33e-04
 2.68250e+16	9.52e-03	9.90e-01	1.40e-10	0.00e+00	0.00e+00	0.00e+00	0.00e+00	0.00e+00	0.00e+00	7.65e-03	1.21e-03	6.56e-04
 2.70826e+16	9.78e-03	9.90e-01	1.34e-10	0.00e+00	0.00e+00	0.00e+00	0.00e+00	0.00e+00	0.00e+00	7.84e-03	1.26e-03	6.82e-04
 2.73481e+16	1.01e-02	9.90e-01	1.27e-10	0.00e+00	0.00e+00	0.00e+00	0.00e+00	0.00e+00	0.00e+00	8.05e-03	1.30e-03	7.09e-04
 2.76169e+16	1.04e-02	9.90e-01	1.21e-10	0.00e+00	0.00e+00	0.00e+00	0.00e+00	0.00e+00	0.00e+00	8.29e-03	1.35e-03	7.39e-04
 2.78946e+16	1.07e-02	9.89e-01	1.15e-10	0.00e+00	0.00e+00	0.00e+00	0.00e+00	0.00e+00	0.00e+00	8.53e-03	1.40e-03	7.71e-04
 2.81891e+16	1.11e-02	9.89e-01	1.09e-10	0.00e+00	0.00e+00	0.00e+00	0.00e+00	0.00e+00	0.00e+00	8.82e-03	1.46e-03	8.07e-04
 2.84928e+16	1.15e-02	9.88e-01	1.03e-10	0.00e+00	0.00e+00	0.00e+00	0.00e+00	0.00e+00	0.00e+00	9.15e-03	1.53e-03	8.47e-04
 2.88015e+16	1.20e-02	9.88e-01	9.70e-11	0.00e+00	0.00e+00	0.00e+00	0.00e+00	0.00e+00	0.00e+00	9.50e-03	1.61e-03	8.91e-04
 2.91164e+16	1.25e-02	9.87e-01	9.16e-11	0.00e+00	0.00e+00	0.00e+00	0.00e+00	0.00e+00	0.00e+00	9.89e-03	1.69e-03	9.40e-04
 2.94379e+16	1.31e-02	9.87e-01	8.63e-11	0.00e+00	0.00e+00	0.00e+00	0.00e+00	0.00e+00	0.00e+00	1.03e-02	1.78e-03	9.93e-04
 2.97655e+16	1.37e-02	9.86e-01	8.12e-11	0.00e+00	0.00e+00	0.00e+00	0.00e+00	0.00e+00	0.00e+00	1.08e-02	1.88e-03	1.05e-03
 3.00979e+16	1.45e-02	9.86e-01	7.63e-11	0.00e+00	0.00e+00	0.00e+00	0.00e+00	0.00e+00	0.00e+00	1.13e-02	1.99e-03	1.12e-03
 3.04330e+16	1.52e-02	9.85e-01	7.17e-11	0.00e+00	0.00e+00	0.00e+00	0.00e+00	0.00e+00	0.00e+00	1.19e-02	2.12e-03	1.19e-03
 3.07698e+16	1.61e-02	9.84e-01	6.73e-11	0.00e+00	0.00e+00	0.00e+00	0.00e+00	0.00e+00	0.00e+00	1.26e-02	2.26e-03	1.27e-03
 3.11068e+16	1.71e-02	9.83e-01	6.31e-11	0.00e+00	0.00e+00	0.00e+00	0.00e+00	0.00e+00	0.00e+00	1.33e-02	2.41e-03	1.36e-03
 3.14427e+16	1.81e-02	9.82e-01	5.91e-11	0.00e+00	0.00e+00	0.00e+00	0.00e+00	0.00e+00	0.00e+00	1.41e-02	2.58e-03	1.46e-03
 3.17761e+16	1.93e-02	9.81e-01	5.53e-11	0.00e+00	0.00e+00	0.00e+00	0.00e+00	0.00e+00	0.00e+00	1.50e-02	2.77e-03	1.57e-03
 3.21059e+16	2.06e-02	9.79e-01	5.17e-11	0.00e+00	0.00e+00	0.00e+00	0.00e+00	0.00e+00	0.00e+00	1.59e-02	2.97e-03	1.69e-03
 3.24312e+16	2.20e-02	9.78e-01	4.83e-11	0.00e+00	0.00e+00	0.00e+00	0.00e+00	0.00e+00	0.00e+00	1.70e-02	3.19e-03	1.82e-03
 3.27511e+16	2.36e-02	9.76e-01	4.51e-11	0.00e+00	0.00e+00	0.00e+00	0.00e+00	0.00e+00	0.00e+00	1.82e-02	3.44e-03	1.97e-03
 3.30650e+16	2.54e-02	9.75e-01	4.21e-11	0.00e+00	0.00e+00	0.00e+00	0.00e+00	0.00e+00	0.00e+00	1.95e-02	3.72e-03	2.14e-03
 3.33726e+16	2.73e-02	9.73e-01	3.92e-11	0.00e+00	0.00e+00	0.00e+00	0.00e+00	0.00e+00	0.00e+00	2.10e-02	4.03e-03	2.32e-03
 3.36734e+16	2.95e-02	9.71e-01	3.64e-11	0.00e+00	0.00e+00	0.00e+00	0.00e+00	0.00e+00	0.00e+00	2.26e-02	4.38e-03	2.53e-03
 3.39674e+16	3.19e-02	9.68e-01	3.38e-11	0.00e+00	0.00e+00	0.00e+00	0.00e+00	0.00e+00	0.00e+00	2.44e-02	4.77e-03	2.76e-03
 3.42546e+16	3.47e-02	9.65e-01	3.13e-11	0.00e+00	0.00e+00	0.00e+00	0.00e+00	0.00e+00	0.00e+00	2.65e-02	5.21e-03	3.02e-03
 3.45354e+16	3.79e-02	9.62e-01	2.90e-11	0.00e+00	0.00e+00	0.00e+00	0.00e+00	0.00e+00	0.00e+00	2.88e-02	5.71e-03	3.32e-03
 3.48104e+16	4.15e-02	9.59e-01	2.67e-11	0.00e+00	0.00e+00	0.00e+00	0.00e+00	0.00e+00	0.00e+00	3.15e-02	6.29e-03	3.66e-03
 3.50801e+16	4.57e-02	9.54e-01	2.45e-11	0.00e+00	0.00e+00	0.00e+00	0.00e+00	0.00e+00	0.00e+00	3.46e-02	6.97e-03	4.06e-03
 3.53456e+16	5.06e-02	9.49e-01	2.24e-11	0.00e+00	0.00e+00	0.00e+00	0.00e+00	0.00e+00	0.00e+00	3.83e-02	7.76e-03	4.53e-03
 3.56081e+16	5.66e-02	9.43e-01	2.04e-11	0.00e+00	0.00e+00	0.00e+00	0.00e+00	0.00e+00	0.00e+00	4.28e-02	8.72e-03	5.09e-03
 3.58694e+16	6.40e-02	9.36e-01	1.84e-11	0.00e+00	0.00e+00	0.00e+00	0.00e+00	0.00e+00	0.00e+00	4.83e-02	9.88e-03	5.76e-03
 3.61322e+16	7.33e-02	9.27e-01	1.65e-11	0.00e+00	0.00e+00	0.00e+00	0.00e+00	0.00e+00	0.00e+00	5.54e-02	1.13e-02	6.59e-03
 3.64005e+16	8.57e-02	9.14e-01	1.45e-11	0.00e+00	0.00e+00	0.00e+00	0.00e+00	0.00e+00	0.00e+00	6.47e-02	1.33e-02	7.70e-03
 3.66568e+16	1.03e-01	8.97e-01	1.26e-11	0.00e+00	0.00e+00	0.00e+00	0.00e+00	0.00e+00	0.00e+00	7.75e-02	1.59e-02	9.21e-03
 3.68958e+16	1.24e-01	8.76e-01	1.10e-11	0.00e+00	0.00e+00	0.00e+00	0.00e+00	0.00e+00	0.00e+00	9.37e-02	1.91e-02	1.11e-02
 3.71240e+16	1.53e-01	8.47e-01	9.50e-12	0.00e+00	0.00e+00	0.00e+00	0.00e+00	0.00e+00	0.00e+00	1.16e-01	2.33e-02	1.36e-02
 3.73207e+16	1.91e-01	8.09e-01	8.23e-12	0.00e+00	0.00e+00	0.00e+00	0.00e+00	0.00e+00	0.00e+00	1.45e-01	2.86e-02	1.68e-02
 3.74734e+16	2.32e-01	7.68e-01	7.29e-12	0.00e+00	0.00e+00	0.00e+00	0.00e+00	0.00e+00	0.00e+00	1.78e-01	3.42e-02	2.03e-02
 3.75916e+16	2.74e-01	7.26e-01	6.63e-12	0.00e+00	0.00e+00	0.00e+00	0.00e+00	0.00e+00	0.00e+00	2.11e-01	3.95e-02	2.37e-02
 3.76878e+16	3.17e-01	6.83e-01	6.14e-12	0.00e+00	0.00e+00	0.00e+00	0.00e+00	0.00e+00	0.00e+00	2.45e-01	4.46e-02	2.71e-02
 3.77641e+16	3.57e-01	6.43e-01	5.77e-12	0.00e+00	0.00e+00	0.00e+00	0.00e+00	0.00e+00	0.00e+00	2.78e-01	4.90e-02	3.01e-02
 3.78215e+16	3.92e-01	6.08e-01	5.51e-12	0.00e+00	0.00e+00	0.00e+00	0.00e+00	0.00e+00	0.00e+00	3.07e-01	5.26e-02	3.27e-02
 3.78658e+16	4.22e-01	5.78e-01	5.30e-12	0.00e+00	0.00e+00	0.00e+00	0.00e+00	0.00e+00	0.00e+00	3.32e-01	5.53e-02	3.47e-02
 3.79047e+16	4.48e-01	5.52e-01	5.17e-12	0.00e+00	0.00e+00	0.00e+00	0.00e+00	0.00e+00	0.00e+00	3.54e-01	5.76e-02	3.65e-02
 3.79410e+16	4.74e-01	5.26e-01	5.02e-12	0.00e+00	0.00e+00	0.00e+00	0.00e+00	0.00e+00	0.00e+00	3.76e-01	5.97e-02	3.82e-02
 3.79745e+16	5.00e-01	5.00e-01	4.87e-12	0.00e+00	0.00e+00	0.00e+00	0.00e+00	0.00e+00	0.00e+00	3.98e-01	6.15e-02	3.97e-02
 3.80056e+16	5.24e-01	4.76e-01	4.75e-12	0.00e+00	0.00e+00	0.00e+00	0.00e+00	0.00e+00	0.00e+00	4.19e-01	6.31e-02	4.11e-02
 3.80338e+16	5.46e-01	4.54e-01	4.66e-12	0.00e+00	0.00e+00	0.00e+00	0.00e+00	0.00e+00	0.00e+00	4.39e-01	6.44e-02	4.23e-02
 3.80588e+16	5.67e-01	4.33e-01	4.55e-12	0.00e+00	0.00e+00	0.00e+00	0.00e+00	0.00e+00	0.00e+00	4.58e-01	6.54e-02	4.33e-02
 3.80818e+16	5.85e-01	4.15e-01	4.47e-12	0.00e+00	0.00e+00	0.00e+00	0.00e+00	0.00e+00	0.00e+00	4.74e-01	6.62e-02	4.42e-02
 3.81012e+16	6.02e-01	3.98e-01	4.38e-12	0.00e+00	0.00e+00	0.00e+00	0.00e+00	0.00e+00	0.00e+00	4.90e-01	6.68e-02	4.49e-02
 3.81152e+16	6.13e-01	3.87e-01	4.33e-12	0.00e+00	0.00e+00	0.00e+00	0.00e+00	0.00e+00	0.00e+00	5.00e-01	6.72e-02	4.54e-02
 3.81275e+16	6.23e-01	3.77e-01	4.28e-12	0.00e+00	0.00e+00	0.00e+00	0.00e+00	0.00e+00	0.00e+00	5.10e-01	6.75e-02	4.58e-02
 3.81417e+16	6.35e-01	3.65e-01	4.22e-12	0.00e+00	0.00e+00	0.00e+00	0.00e+00	0.00e+00	0.00e+00	5.21e-01	6.77e-02	4.62e-02
 3.81575e+16	6.48e-01	3.52e-01	4.16e-12	0.00e+00	0.00e+00	0.00e+00	0.00e+00	0.00e+00	0.00e+00	5.33e-01	6.80e-02	4.66e-02
 3.81729e+16	6.61e-01	3.39e-01	4.08e-12	0.00e+00	0.00e+00	0.00e+00	0.00e+00	0.00e+00	0.00e+00	5.45e-01	6.81e-02	4.70e-02
 3.81869e+16	6.71e-01	3.29e-01	4.03e-12	0.00e+00	0.00e+00	0.00e+00	0.00e+00	0.00e+00	0.00e+00	5.56e-01	6.82e-02	4.73e-02
 3.82006e+16	6.83e-01	3.17e-01	3.97e-12	0.00e+00	0.00e+00	0.00e+00	0.00e+00	0.00e+00	0.00e+00	5.67e-01	6.83e-02	4.76e-02
 3.82147e+16	6.94e-01	3.06e-01	3.91e-12	0.00e+00	0.00e+00	0.00e+00	0.00e+00	0.00e+00	0.00e+00	5.78e-01	6.82e-02	4.78e-02
 3.82288e+16	7.05e-01	2.95e-01	3.84e-12	0.00e+00	0.00e+00	0.00e+00	0.00e+00	0.00e+00	0.00e+00	5.89e-01	6.81e-02	4.80e-02
 3.82424e+16	7.15e-01	2.85e-01	3.78e-12	0.00e+00	0.00e+00	0.00e+00	0.00e+00	0.00e+00	0.00e+00	5.99e-01	6.80e-02	4.82e-02
 3.82559e+16	7.26e-01	2.74e-01	3.72e-12	0.00e+00	0.00e+00	0.00e+00	0.00e+00	0.00e+00	0.00e+00	6.10e-01	6.78e-02	4.83e-02
 3.82696e+16	7.36e-01	2.64e-01	3.65e-12	0.00e+00	0.00e+00	0.00e+00	0.00e+00	0.00e+00	0.00e+00	6.21e-01	6.75e-02	4.83e-02
 3.82830e+16	7.46e-01	2.54e-01	3.59e-12	0.00e+00	0.00e+00	0.00e+00	0.00e+00	0.00e+00	0.00e+00	6.31e-01	6.72e-02	4.83e-02
 3.82961e+16	7.56e-01	2.44e-01	3.52e-12	0.00e+00	0.00e+00	0.00e+00	0.00e+00	0.00e+00	0.00e+00	6.41e-01	6.69e-02	4.82e-02
 3.83094e+16	7.65e-01	2.35e-01	3.46e-12	0.00e+00	0.00e+00	0.00e+00	0.00e+00	0.00e+00	0.00e+00	6.51e-01	6.65e-02	4.81e-02
 3.83229e+16	7.75e-01	2.25e-01	3.39e-12	0.00e+00	0.00e+00	0.00e+00	0.00e+00	0.00e+00	0.00e+00	6.61e-01	6.60e-02	4.80e-02
 3.83362e+16	7.84e-01	2.16e-01	3.33e-12	0.00e+00	0.00e+00	0.00e+00	0.00e+00	0.00e+00	0.00e+00	6.70e-01	6.55e-02	4.78e-02
 3.83491e+16	7.92e-01	2.08e-01	3.26e-12	0.00e+00	0.00e+00	0.00e+00	0.00e+00	0.00e+00	0.00e+00	6.80e-01	6.50e-02	4.76e-02
 3.83619e+16	8.01e-01	1.99e-01	3.19e-12	0.00e+00	0.00e+00	0.00e+00	0.00e+00	0.00e+00	0.00e+00	6.89e-01	6.44e-02	4.73e-02
 3.83746e+16	8.09e-01	1.91e-01	3.13e-12	0.00e+00	0.00e+00	0.00e+00	0.00e+00	0.00e+00	0.00e+00	6.98e-01	6.38e-02	4.70e-02
 3.83871e+16	8.16e-01	1.84e-01	3.06e-12	0.00e+00	0.00e+00	0.00e+00	0.00e+00	0.00e+00	0.00e+00	7.06e-01	6.33e-02	4.67e-02
 3.83996e+16	8.24e-01	1.76e-01	3.00e-12	0.00e+00	0.00e+00	0.00e+00	0.00e+00	0.00e+00	0.00e+00	7.15e-01	6.27e-02	4.64e-02
 3.84121e+16	8.31e-01	1.69e-01	2.93e-12	0.00e+00	0.00e+00	0.00e+00	0.00e+00	0.00e+00	0.00e+00	7.23e-01	6.20e-02	4.61e-02
 3.84244e+16	8.38e-01	1.62e-01	2.87e-12	0.00e+00	0.00e+00	0.00e+00	0.00e+00	0.00e+00	0.00e+00	7.31e-01	6.14e-02	4.57e-02
 3.84365e+16	8.45e-01	1.55e-01	2.81e-12	0.00e+00	0.00e+00	0.00e+00	0.00e+00	0.00e+00	0.00e+00	7.39e-01	6.07e-02	4.53e-02
 3.84481e+16	8.51e-01	1.49e-01	2.75e-12	0.00e+00	0.00e+00	0.00e+00	0.00e+00	0.00e+00	0.00e+00	7.46e-01	6.01e-02	4.50e-02
 3.84597e+16	8.57e-01	1.43e-01	2.69e-12	0.00e+00	0.00e+00	0.00e+00	0.00e+00	0.00e+00	0.00e+00	7.53e-01	5.95e-02	4.46e-02
 3.84713e+16	8.63e-01	1.37e-01	2.63e-12	0.00e+00	0.00e+00	0.00e+00	0.00e+00	0.00e+00	0.00e+00	7.60e-01	5.88e-02	4.42e-02
 3.84828e+16	8.69e-01	1.31e-01	2.56e-12	0.00e+00	0.00e+00	0.00e+00	0.00e+00	0.00e+00	0.00e+00	7.67e-01	5.82e-02	4.38e-02
 3.84941e+16	8.74e-01	1.26e-01	2.51e-12	0.00e+00	0.00e+00	0.00e+00	0.00e+00	0.00e+00	0.00e+00	7.73e-01	5.76e-02	4.34e-02
 3.85054e+16	8.79e-01	1.21e-01	2.45e-12	0.00e+00	0.00e+00	0.00e+00	0.00e+00	0.00e+00	0.00e+00	7.79e-01	5.70e-02	4.30e-02
 3.85164e+16	8.84e-01	1.16e-01	2.40e-12	0.00e+00	0.00e+00	0.00e+00	0.00e+00	0.00e+00	0.00e+00	7.85e-01	5.63e-02	4.26e-02
 3.85273e+16	8.89e-01	1.11e-01	2.34e-12	0.00e+00	0.00e+00	0.00e+00	0.00e+00	0.00e+00	0.00e+00	7.91e-01	5.57e-02	4.22e-02
 3.85381e+16	8.93e-01	1.07e-01	2.29e-12	0.00e+00	0.00e+00	0.00e+00	0.00e+00	0.00e+00	0.00e+00	7.96e-01	5.51e-02	4.18e-02
 3.85490e+16	8.97e-01	1.03e-01	2.23e-12	0.00e+00	0.00e+00	0.00e+00	0.00e+00	0.00e+00	0.00e+00	8.01e-01	5.45e-02	4.14e-02
 3.85597e+16	9.02e-01	9.84e-02	2.18e-12	0.00e+00	0.00e+00	0.00e+00	0.00e+00	0.00e+00	0.00e+00	8.07e-01	5.39e-02	4.10e-02
 3.85701e+16	9.06e-01	9.44e-02	2.13e-12	0.00e+00	0.00e+00	0.00e+00	0.00e+00	0.00e+00	0.00e+00	8.12e-01	5.33e-02	4.06e-02
 3.85806e+16	9.09e-01	9.07e-02	2.08e-12	0.00e+00	0.00e+00	0.00e+00	0.00e+00	0.00e+00	0.00e+00	8.16e-01	5.28e-02	4.03e-02
 3.85912e+16	9.13e-01	8.70e-02	2.03e-12	0.00e+00	0.00e+00	0.00e+00	0.00e+00	0.00e+00	0.00e+00	8.21e-01	5.22e-02	3.99e-02
 3.86015e+16	9.17e-01	8.34e-02	1.98e-12	0.00e+00	0.00e+00	0.00e+00	0.00e+00	0.00e+00	0.00e+00	8.25e-01	5.17e-02	3.95e-02
 3.86115e+16	9.20e-01	8.00e-02	1.93e-12	0.00e+00	0.00e+00	0.00e+00	0.00e+00	0.00e+00	0.00e+00	8.30e-01	5.12e-02	3.91e-02
 3.86217e+16	9.23e-01	7.68e-02	1.89e-12	0.00e+00	0.00e+00	0.00e+00	0.00e+00	0.00e+00	0.00e+00	8.34e-01	5.06e-02	3.87e-02
 3.86319e+16	9.26e-01	7.37e-02	1.84e-12	0.00e+00	0.00e+00	0.00e+00	0.00e+00	0.00e+00	0.00e+00	8.38e-01	5.01e-02	3.84e-02
 3.86419e+16	9.29e-01	7.07e-02	1.80e-12	0.00e+00	0.00e+00	0.00e+00	0.00e+00	0.00e+00	0.00e+00	8.42e-01	4.96e-02	3.80e-02
 3.86517e+16	9.32e-01	6.79e-02	1.75e-12	0.00e+00	0.00e+00	0.00e+00	0.00e+00	0.00e+00	0.00e+00	8.45e-01	4.92e-02	3.77e-02
 3.86615e+16	9.35e-01	6.52e-02	1.71e-12	0.00e+00	0.00e+00	0.00e+00	0.00e+00	0.00e+00	0.00e+00	8.49e-01	4.87e-02	3.74e-02
 3.86711e+16	9.37e-01	6.26e-02	1.67e-12	0.00e+00	0.00e+00	0.00e+00	0.00e+00	0.00e+00	0.00e+00	8.52e-01	4.82e-02	3.70e-02
 3.86807e+16	9.40e-01	6.01e-02	1.63e-12	0.00e+00	0.00e+00	0.00e+00	0.00e+00	0.00e+00	0.00e+00	8.55e-01	4.78e-02	3.67e-02
 3.86903e+16	9.42e-01	5.76e-02	1.59e-12	0.00e+00	0.00e+00	0.00e+00	0.00e+00	0.00e+00	0.00e+00	8.59e-01	4.73e-02	3.64e-02
 3.86998e+16	9.45e-01	5.53e-02	1.55e-12	0.00e+00	0.00e+00	0.00e+00	0.00e+00	0.00e+00	0.00e+00	8.62e-01	4.69e-02	3.60e-02
 3.87092e+16	9.47e-01	5.30e-02	1.52e-12	0.00e+00	0.00e+00	0.00e+00	0.00e+00	0.00e+00	0.00e+00	8.65e-01	4.64e-02	3.57e-02
 3.87184e+16	9.49e-01	5.09e-02	1.48e-12	0.00e+00	0.00e+00	0.00e+00	0.00e+00	0.00e+00	0.00e+00	8.68e-01	4.60e-02	3.54e-02
 3.87274e+16	9.51e-01	4.88e-02	1.45e-12	0.00e+00	0.00e+00	0.00e+00	0.00e+00	0.00e+00	0.00e+00	8.70e-01	4.56e-02	3.51e-02
 3.87360e+16	9.53e-01	4.70e-02	1.42e-12	0.00e+00	0.00e+00	0.00e+00	0.00e+00	0.00e+00	0.00e+00	8.73e-01	4.53e-02	3.48e-02
 3.87441e+16	9.55e-01	4.52e-02	1.39e-12	0.00e+00	0.00e+00	0.00e+00	0.00e+00	0.00e+00	0.00e+00	8.75e-01	4.49e-02	3.46e-02
 3.87519e+16	9.56e-01	4.36e-02	1.36e-12	0.00e+00	0.00e+00	0.00e+00	0.00e+00	0.00e+00	0.00e+00	8.78e-01	4.45e-02	3.43e-02
 3.87590e+16	9.58e-01	4.21e-02	1.33e-12	0.00e+00	0.00e+00	0.00e+00	0.00e+00	0.00e+00	0.00e+00	8.80e-01	4.42e-02	3.41e-02
 3.87657e+16	9.59e-01	4.08e-02	1.31e-12	0.00e+00	0.00e+00	0.00e+00	0.00e+00	0.00e+00	0.00e+00	8.82e-01	4.39e-02	3.38e-02
 3.87721e+16	9.61e-01	3.95e-02	1.29e-12	0.00e+00	0.00e+00	0.00e+00	0.00e+00	0.00e+00	0.00e+00	8.83e-01	4.36e-02	3.36e-02
 3.87782e+16	9.62e-01	3.83e-02	1.27e-12	0.00e+00	0.00e+00	0.00e+00	0.00e+00	0.00e+00	0.00e+00	8.85e-01	4.33e-02	3.34e-02
 3.87840e+16	9.63e-01	3.71e-02	1.25e-12	0.00e+00	0.00e+00	0.00e+00	0.00e+00	0.00e+00	0.00e+00	8.87e-01	4.31e-02	3.32e-02
 3.87896e+16	9.64e-01	3.61e-02	1.23e-12	0.00e+00	0.00e+00	0.00e+00	0.00e+00	0.00e+00	0.00e+00	8.88e-01	4.28e-02	3.30e-02
 3.87950e+16	9.65e-01	3.51e-02	1.21e-12	0.00e+00	0.00e+00	0.00e+00	0.00e+00	0.00e+00	0.00e+00	8.90e-01	4.26e-02	3.28e-02
 3.88002e+16	9.66e-01	3.41e-02	1.20e-12	0.00e+00	0.00e+00	0.00e+00	0.00e+00	0.00e+00	0.00e+00	8.91e-01	4.23e-02	3.26e-02
 3.88052e+16	9.67e-01	3.32e-02	1.18e-12	0.00e+00	0.00e+00	0.00e+00	0.00e+00	0.00e+00	0.00e+00	8.92e-01	4.21e-02	3.24e-02
 3.88102e+16	9.68e-01	3.22e-02	1.17e-12	0.00e+00	0.00e+00	0.00e+00	0.00e+00	0.00e+00	0.00e+00	8.94e-01	4.19e-02	3.22e-02
 3.88151e+16	9.69e-01	3.13e-02	1.15e-12	0.00e+00	0.00e+00	0.00e+00	0.00e+00	0.00e+00	0.00e+00	8.95e-01	4.16e-02	3.20e-02
 3.88200e+16	9.70e-01	3.04e-02	1.14e-12	0.00e+00	0.00e+00	0.00e+00	0.00e+00	0.00e+00	0.00e+00	8.96e-01	4.14e-02	3.18e-02
 3.88250e+16	9.70e-01	2.95e-02	1.12e-12	0.00e+00	0.00e+00	0.00e+00	0.00e+00	0.00e+00	0.00e+00	8.98e-01	4.11e-02	3.16e-02
 3.88301e+16	9.71e-01	2.86e-02	1.10e-12	0.00e+00	0.00e+00	0.00e+00	0.00e+00	0.00e+00	0.00e+00	8.99e-01	4.09e-02	3.14e-02
 3.88355e+16	9.72e-01	2.76e-02	1.09e-12	0.00e+00	0.00e+00	0.00e+00	0.00e+00	0.00e+00	0.00e+00	9.01e-01	4.06e-02	3.12e-02
 3.88409e+16	9.73e-01	2.66e-02	1.07e-12	0.00e+00	0.00e+00	0.00e+00	0.00e+00	0.00e+00	0.00e+00	9.02e-01	4.03e-02	3.09e-02
 3.88456e+16	9.74e-01	2.58e-02	1.06e-12	0.00e+00	0.00e+00	0.00e+00	0.00e+00	0.00e+00	0.00e+00	9.03e-01	4.00e-02	3.07e-02
 3.88498e+16	9.75e-01	2.50e-02	1.04e-12	0.00e+00	0.00e+00	0.00e+00	0.00e+00	0.00e+00	0.00e+00	9.05e-01	3.98e-02	3.05e-02
 3.88537e+16	9.76e-01	2.43e-02	1.03e-12	0.00e+00	0.00e+00	0.00e+00	0.00e+00	0.00e+00	0.00e+00	9.06e-01	3.95e-02	3.03e-02
 3.88574e+16	9.76e-01	2.36e-02	1.02e-12	0.00e+00	0.00e+00	0.00e+00	0.00e+00	0.00e+00	0.00e+00	9.07e-01	3.93e-02	3.01e-02
 3.88608e+16	9.77e-01	2.30e-02	1.01e-12	0.00e+00	0.00e+00	0.00e+00	0.00e+00	0.00e+00	0.00e+00	9.08e-01	3.91e-02	2.99e-02
 3.88641e+16	9.78e-01	2.24e-02	9.97e-13	0.00e+00	0.00e+00	0.00e+00	0.00e+00	0.00e+00	0.00e+00	9.09e-01	3.89e-02	2.98e-02
 3.88670e+16	9.78e-01	2.19e-02	9.87e-13	0.00e+00	0.00e+00	0.00e+00	0.00e+00	0.00e+00	0.00e+00	9.10e-01	3.87e-02	2.96e-02
 3.88697e+16	9.79e-01	2.14e-02	9.77e-13	0.00e+00	0.00e+00	0.00e+00	0.00e+00	0.00e+00	0.00e+00	9.11e-01	3.85e-02	2.94e-02
 3.88721e+16	9.79e-01	2.09e-02	9.67e-13	0.00e+00	0.00e+00	0.00e+00	0.00e+00	0.00e+00	0.00e+00	9.11e-01	3.83e-02	2.93e-02
 3.88743e+16	9.79e-01	2.05e-02	9.58e-13	0.00e+00	0.00e+00	0.00e+00	0.00e+00	0.00e+00	0.00e+00	9.12e-01	3.82e-02	2.92e-02
 3.88763e+16	9.80e-01	2.02e-02	9.50e-13	0.00e+00	0.00e+00	0.00e+00	0.00e+00	0.00e+00	0.00e+00	9.13e-01	3.80e-02	2.90e-02
 3.88781e+16	9.80e-01	1.98e-02	9.42e-13	0.00e+00	0.00e+00	0.00e+00	0.00e+00	0.00e+00	0.00e+00	9.13e-01	3.79e-02	2.89e-02
 3.88798e+16	9.80e-01	1.96e-02	9.35e-13	0.00e+00	0.00e+00	0.00e+00	0.00e+00	0.00e+00	0.00e+00	9.14e-01	3.78e-02	2.88e-02
 3.88816e+16	9.81e-01	1.92e-02	9.27e-13	0.00e+00	0.00e+00	0.00e+00	0.00e+00	0.00e+00	0.00e+00	9.14e-01	3.76e-02	2.87e-02
 3.88836e+16	9.81e-01	1.89e-02	9.19e-13	0.00e+00	0.00e+00	0.00e+00	0.00e+00	0.00e+00	0.00e+00	9.15e-01	3.74e-02	2.86e-02
 3.88854e+16	9.81e-01	1.86e-02	9.11e-13	0.00e+00	0.00e+00	0.00e+00	0.00e+00	0.00e+00	0.00e+00	9.16e-01	3.72e-02	2.85e-02
 3.88870e+16	9.82e-01	1.84e-02	9.03e-13	0.00e+00	0.00e+00	0.00e+00	0.00e+00	0.00e+00	0.00e+00	9.16e-01	3.71e-02	2.84e-02
 3.88888e+16	9.82e-01	1.80e-02	8.95e-13	0.00e+00	0.00e+00	0.00e+00	0.00e+00	0.00e+00	0.00e+00	9.17e-01	3.69e-02	2.83e-02
 3.88907e+16	9.82e-01	1.77e-02	8.86e-13	0.00e+00	0.00e+00	0.00e+00	0.00e+00	0.00e+00	0.00e+00	9.17e-01	3.68e-02	2.81e-02
 3.88925e+16	9.83e-01	1.74e-02	8.77e-13	0.00e+00	0.00e+00	0.00e+00	0.00e+00	0.00e+00	0.00e+00	9.18e-01	3.66e-02	2.80e-02
 3.88941e+16	9.83e-01	1.72e-02	8.70e-13	0.00e+00	0.00e+00	0.00e+00	0.00e+00	0.00e+00	0.00e+00	9.18e-01	3.65e-02	2.79e-02
 3.88958e+16	9.83e-01	1.69e-02	8.61e-13	0.00e+00	0.00e+00	0.00e+00	0.00e+00	0.00e+00	0.00e+00	9.19e-01	3.63e-02	2.78e-02
 3.88977e+16	9.83e-01	1.66e-02	8.51e-13	0.00e+00	0.00e+00	0.00e+00	0.00e+00	0.00e+00	0.00e+00	9.20e-01	3.61e-02	2.77e-02
 3.88995e+16	9.84e-01	1.64e-02	8.43e-13	0.00e+00	0.00e+00	0.00e+00	0.00e+00	0.00e+00	0.00e+00	9.20e-01	3.60e-02	2.76e-02
 3.89013e+16	9.84e-01	1.61e-02	8.34e-13	0.00e+00	0.00e+00	0.00e+00	0.00e+00	0.00e+00	0.00e+00	9.21e-01	3.59e-02	2.75e-02
 3.89034e+16	9.84e-01	1.58e-02	8.24e-13	0.00e+00	0.00e+00	0.00e+00	0.00e+00	0.00e+00	0.00e+00	9.21e-01	3.57e-02	2.74e-02
 3.89056e+16	9.84e-01	1.55e-02	8.13e-13	0.00e+00	0.00e+00	0.00e+00	0.00e+00	0.00e+00	0.00e+00	9.22e-01	3.56e-02	2.72e-02
 3.89080e+16	9.85e-01	1.52e-02	8.02e-13	0.00e+00	0.00e+00	0.00e+00	0.00e+00	0.00e+00	0.00e+00	9.22e-01	3.54e-02	2.71e-02
 3.89102e+16	9.85e-01	1.49e-02	7.90e-13	0.00e+00	0.00e+00	0.00e+00	0.00e+00	0.00e+00	0.00e+00	9.23e-01	3.52e-02	2.70e-02
 3.89122e+16	9.85e-01	1.47e-02	7.80e-13	0.00e+00	0.00e+00	0.00e+00	0.00e+00	0.00e+00	0.00e+00	9.23e-01	3.51e-02	2.69e-02
 3.89144e+16	9.86e-01	1.44e-02	7.69e-13	0.00e+00	0.00e+00	0.00e+00	0.00e+00	0.00e+00	0.00e+00	9.24e-01	3.49e-02	2.67e-02
 3.89167e+16	9.86e-01	1.41e-02	7.57e-13	0.00e+00	0.00e+00	0.00e+00	0.00e+00	0.00e+00	0.00e+00	9.25e-01	3.47e-02	2.66e-02
 3.89189e+16	9.86e-01	1.38e-02	7.46e-13	0.00e+00	0.00e+00	0.00e+00	0.00e+00	0.00e+00	0.00e+00	9.25e-01	3.46e-02	2.65e-02
 3.89208e+16	9.86e-01	1.36e-02	7.36e-13	0.00e+00	0.00e+00	0.00e+00	0.00e+00	0.00e+00	0.00e+00	9.26e-01	3.45e-02	2.63e-02
 3.89230e+16	9.87e-01	1.33e-02	7.25e-13	0.00e+00	0.00e+00	0.00e+00	0.00e+00	0.00e+00	0.00e+00	9.26e-01	3.43e-02	2.62e-02
 3.89253e+16	9.87e-01	1.31e-02	7.12e-13	0.00e+00	0.00e+00	0.00e+00	0.00e+00	0.00e+00	0.00e+00	9.27e-01	3.41e-02	2.61e-02
 3.89274e+16	9.87e-01	1.28e-02	7.00e-13	0.00e+00	0.00e+00	0.00e+00	0.00e+00	0.00e+00	0.00e+00	9.27e-01	3.40e-02	2.59e-02
 3.89293e+16	9.87e-01	1.26e-02	6.88e-13	0.00e+00	0.00e+00	0.00e+00	0.00e+00	0.00e+00	0.00e+00	9.28e-01	3.38e-02	2.58e-02
 3.89310e+16	9.88e-01	1.24e-02	6.78e-13	0.00e+00	0.00e+00	0.00e+00	0.00e+00	0.00e+00	0.00e+00	9.28e-01	3.37e-02	2.57e-02
 3.89330e+16	9.88e-01	1.22e-02	6.67e-13	0.00e+00	0.00e+00	0.00e+00	0.00e+00	0.00e+00	0.00e+00	9.29e-01	3.35e-02	2.55e-02
 3.89350e+16	9.88e-01	1.19e-02	6.55e-13	0.00e+00	0.00e+00	0.00e+00	0.00e+00	0.00e+00	0.00e+00	9.29e-01	3.34e-02	2.54e-02
 3.89369e+16	9.88e-01	1.17e-02	6.44e-13	0.00e+00	0.00e+00	0.00e+00	0.00e+00	0.00e+00	0.00e+00	9.30e-01	3.32e-02	2.52e-02
 3.89386e+16	9.88e-01	1.15e-02	6.34e-13	0.00e+00	0.00e+00	0.00e+00	0.00e+00	0.00e+00	0.00e+00	9.30e-01	3.31e-02	2.51e-02
 3.89405e+16	9.89e-01	1.13e-02	6.24e-13	0.00e+00	0.00e+00	0.00e+00	0.00e+00	0.00e+00	0.00e+00	9.31e-01	3.29e-02	2.50e-02
 3.89429e+16	9.89e-01	1.10e-02	6.10e-13	0.00e+00	0.00e+00	0.00e+00	0.00e+00	0.00e+00	0.00e+00	9.31e-01	3.27e-02	2.48e-02
 3.89455e+16	9.89e-01	1.08e-02	5.96e-13	0.00e+00	0.00e+00	0.00e+00	0.00e+00	0.00e+00	0.00e+00	9.32e-01	3.25e-02	2.46e-02
 3.89479e+16	9.89e-01	1.05e-02	5.83e-13	0.00e+00	0.00e+00	0.00e+00	0.00e+00	0.00e+00	0.00e+00	9.33e-01	3.23e-02	2.44e-02
 3.89501e+16	9.90e-01	1.03e-02	5.73e-13	0.00e+00	0.00e+00	0.00e+00	0.00e+00	0.00e+00	0.00e+00	9.33e-01	3.21e-02	2.43e-02
 3.89520e+16	9.90e-01	1.01e-02	5.63e-13	0.00e+00	0.00e+00	0.00e+00	0.00e+00	0.00e+00	0.00e+00	9.34e-01	3.20e-02	2.41e-02
 3.89538e+16	9.90e-01	9.97e-03	5.54e-13	0.00e+00	0.00e+00	0.00e+00	0.00e+00	0.00e+00	0.00e+00	9.34e-01	3.19e-02	2.40e-02
 3.89558e+16	9.90e-01	9.78e-03	5.44e-13	0.00e+00	0.00e+00	0.00e+00	0.00e+00	0.00e+00	0.00e+00	9.35e-01	3.17e-02	2.38e-02
 3.89579e+16	9.90e-01	9.58e-03	5.34e-13	0.00e+00	0.00e+00	0.00e+00	0.00e+00	0.00e+00	0.00e+00	9.35e-01	3.15e-02	2.37e-02
 3.89599e+16	9.91e-01	9.41e-03	5.25e-13	0.00e+00	0.00e+00	0.00e+00	0.00e+00	0.00e+00	0.00e+00	9.36e-01	3.14e-02	2.35e-02
 3.89616e+16	9.91e-01	9.25e-03	5.17e-13	0.00e+00	0.00e+00	0.00e+00	0.00e+00	0.00e+00	0.00e+00	9.36e-01	3.12e-02	2.34e-02
 3.89636e+16	9.91e-01	9.09e-03	5.09e-13	0.00e+00	0.00e+00	0.00e+00	0.00e+00	0.00e+00	0.00e+00	9.37e-01	3.10e-02	2.32e-02
 3.89661e+16	9.91e-01	8.92e-03	5.00e-13	0.00e+00	0.00e+00	0.00e+00	0.00e+00	0.00e+00	0.00e+00	9.37e-01	3.07e-02	2.30e-02
 3.89693e+16	9.91e-01	8.70e-03	4.89e-13	0.00e+00	0.00e+00	0.00e+00	0.00e+00	0.00e+00	0.00e+00	9.38e-01	3.03e-02	2.27e-02
 3.89729e+16	9.92e-01	8.46e-03	4.76e-13	0.00e+00	0.00e+00	0.00e+00	0.00e+00	0.00e+00	0.00e+00	9.39e-01	2.98e-02	2.24e-02
 3.89761e+16	9.92e-01	8.25e-03	4.66e-13	0.00e+00	0.00e+00	0.00e+00	0.00e+00	0.00e+00	0.00e+00	9.40e-01	2.94e-02	2.21e-02
 3.89790e+16	9.92e-01	8.08e-03	4.57e-13	0.00e+00	0.00e+00	0.00e+00	0.00e+00	0.00e+00	0.00e+00	9.41e-01	2.91e-02	2.19e-02
 3.89822e+16	9.92e-01	7.88e-03	4.46e-13	0.00e+00	0.00e+00	0.00e+00	0.00e+00	0.00e+00	0.00e+00	9.42e-01	2.87e-02	2.16e-02
 3.89856e+16	9.92e-01	7.66e-03	4.35e-13	0.00e+00	0.00e+00	0.00e+00	0.00e+00	0.00e+00	0.00e+00	9.43e-01	2.83e-02	2.13e-02
 3.89888e+16	9.92e-01	7.50e-03	4.26e-13	0.00e+00	0.00e+00	0.00e+00	0.00e+00	0.00e+00	0.00e+00	9.43e-01	2.80e-02	2.11e-02
 3.89922e+16	9.93e-01	7.28e-03	4.15e-13	0.00e+00	0.00e+00	0.00e+00	0.00e+00	0.00e+00	0.00e+00	9.44e-01	2.76e-02	2.08e-02
 3.89959e+16	9.93e-01	7.07e-03	4.04e-13	0.00e+00	0.00e+00	0.00e+00	0.00e+00	0.00e+00	0.00e+00	9.45e-01	2.72e-02	2.05e-02
 3.89993e+16	9.93e-01	6.91e-03	3.95e-13	0.00e+00	0.00e+00	0.00e+00	0.00e+00	0.00e+00	0.00e+00	9.46e-01	2.69e-02	2.03e-02
 3.90030e+16	9.93e-01	6.70e-03	3.84e-13	0.00e+00	0.00e+00	0.00e+00	0.00e+00	0.00e+00	0.00e+00	9.47e-01	2.64e-02	1.99e-02
 3.90070e+16	9.94e-01	6.50e-03	3.73e-13	0.00e+00	0.00e+00	0.00e+00	0.00e+00	0.00e+00	0.00e+00	9.48e-01	2.60e-02	1.95e-02
 3.90107e+16	9.94e-01	6.32e-03	3.64e-13	0.00e+00	0.00e+00	0.00e+00	0.00e+00	0.00e+00	0.00e+00	9.49e-01	2.57e-02	1.92e-02
###########################
 7.77966e+10	1.59e-05	1.09e-02	4.63e-01	5.22e-01	4.53e-03	0.00e+00	0.00e+00	0.00e+00	0.00e+00	1.36e-05	1.45e-06	8.41e-07
 4.66780e+11	1.58e-05	1.09e-02	4.63e-01	5.21e-01	4.52e-03	0.00e+00	0.00e+00	0.00e+00	0.00e+00	1.36e-05	1.44e-06	8.39e-07
 2.02271e+12	1.59e-05	1.09e-02	4.64e-01	5.21e-01	4.50e-03	0.00e+00	0.00e+00	0.00e+00	0.00e+00	1.36e-05	1.44e-06	8.42e-07
 8.24644e+12	1.60e-05	1.10e-02	4.67e-01	5.18e-01	4.43e-03	0.00e+00	0.00e+00	0.00e+00	0.00e+00	1.37e-05	1.45e-06	8.48e-07
 1.96981e+13	1.59e-05	1.10e-02	4.70e-01	5.14e-01	4.32e-03	0.00e+00	0.00e+00	0.00e+00	0.00e+00	1.36e-05	1.44e-06	8.45e-07
 3.45853e+13	1.59e-05	1.11e-02	4.76e-01	5.09e-01	4.18e-03	0.00e+00	0.00e+00	0.00e+00	0.00e+00	1.36e-05	1.44e-06	8.44e-07
 5.39386e+13	1.59e-05	1.13e-02	4.82e-01	5.02e-01	4.00e-03	0.00e+00	0.00e+00	0.00e+00	0.00e+00	1.36e-05	1.44e-06	8.46e-07
 7.90979e+13	1.60e-05	1.14e-02	4.91e-01	4.93e-01	3.78e-03	0.00e+00	0.00e+00	0.00e+00	0.00e+00	1.37e-05	1.44e-06	8.50e-07
 1.11805e+14	1.62e-05	1.17e-02	5.03e-01	4.82e-01	3.51e-03	0.00e+00	0.00e+00	0.00e+00	0.00e+00	1.39e-05	1.45e-06	8.58e-07
 1.54324e+14	1.64e-05	1.20e-02	5.18e-01	4.66e-01	3.19e-03	0.00e+00	0.00e+00	0.00e+00	0.00e+00	1.41e-05	1.46e-06	8.69e-07
 2.09599e+14	1.68e-05	1.24e-02	5.39e-01	4.46e-01	2.81e-03	0.00e+00	0.00e+00	0.00e+00	0.00e+00	1.44e-05	1.49e-06	8.86e-07
 2.81457e+14	1.73e-05	1.30e-02	5.65e-01	4.19e-01	2.37e-03	0.00e+00	0.00e+00	0.00e+00	0.00e+00	1.49e-05	1.52e-06	9.12e-07
 3.74871e+14	1.81e-05	1.39e-02	6.00e-01	3.84e-01	1.89e-03	0.00e+00	0.00e+00	0.00e+00	0.00e+00	1.56e-05	1.58e-06	9.51e-07
 4.96311e+14	1.92e-05	1.50e-02	6.45e-01	3.38e-01	1.39e-03	0.00e+00	0.00e+00	0.00e+00	0.00e+00	1.65e-05	1.67e-06	1.01e-06
 6.54181e+14	2.08e-05	1.65e-02	7.02e-01	2.81e-01	9.09e-04	0.00e+00	0.00e+00	0.00e+00	0.00e+00	1.79e-05	1.79e-06	1.09e-06
 8.28945e+14	2.21e-05	1.79e-02	7.58e-01	2.23e-01	5.59e-04	0.00e+00	0.00e+00	0.00e+00	0.00e+00	1.90e-05	1.89e-06	1.15e-06
 9.96343e+14	2.35e-05	1.94e-02	8.07e-01	1.73e-01	3.37e-04	0.00e+00	0.00e+00	0.00e+00	0.00e+00	2.03e-05	2.01e-06	1.23e-06
 1.18464e+15	2.55e-05	2.11e-02	8.53e-01	1.25e-01	1.81e-04	0.00e+00	0.00e+00	0.00e+00	0.00e+00	2.20e-05	2.17e-06	1.33e-06
 1.39438e+15	2.74e-05	2.27e-02	8.92e-01	8.50e-02	8.83e-05	0.00e+00	0.00e+00	0.00e+00	0.00e+00	2.36e-05	2.32e-06	1.43e-06
 1.59702e+15	2.91e-05	2.43e-02	9.19e-01	5.67e-02	4.24e-05	0.00e+00	0.00e+00	0.00e+00	0.00e+00	2.52e-05	2.45e-06	1.51e-06
 1.78117e+15	3.05e-05	2.57e-02	9.36e-01	3.88e-02	2.16e-05	0.00e+00	0.00e+00	0.00e+00	0.00e+00	2.64e-05	2.55e-06	1.58e-06
 1.95929e+15	3.21e-05	2.70e-02	9.47e-01	2.64e-02	1.09e-05	0.00e+00	0.00e+00	0.00e+00	0.00e+00	2.77e-05	2.67e-06	1.66e-06
 2.15522e+15	3.37e-05	2.85e-02	9.54e-01	1.72e-02	5.09e-06	0.00e+00	0.00e+00	0.00e+00	0.00e+00	2.92e-05	2.79e-06	1.74e-06
 2.37074e+15	3.55e-05	3.00e-02	9.59e-01	1.07e-02	2.20e-06	0.00e+00	0.00e+00	0.00e+00	0.00e+00	3.07e-05	2.91e-06	1.82e-06
 2.60782e+15	3.74e-05	3.18e-02	9.62e-01	6.32e-03	8.77e-07	0.00e+00	0.00e+00	0.00e+00	0.00e+00	3.24e-05	3.05e-06	1.92e-06
 2.86860e+15	3.94e-05	3.37e-02	9.63e-01	3.58e-03	3.22e-07	0.00e+00	0.00e+00	0.00e+00	0.00e+00	3.42e-05	3.19e-06	2.01e-06
