#depth	O	O+	O+2	O+3	O+4	O+5	O+6	O+7	O+8	O[1]	O[2]	O[3]
 6.91960e+11	3.63e-06	6.98e-03	8.94e-01	9.92e-02	1.71e-05	0.00e+00	0.00e+00	0.00e+00	0.00e+00	2.59e-06	6.90e-07	3.53e-07
 4.15176e+12	3.63e-06	6.97e-03	8.94e-01	9.89e-02	1.70e-05	0.00e+00	0.00e+00	0.00e+00	0.00e+00	2.59e-06	6.89e-07	3.52e-07
 1.79910e+13	3.63e-06	6.98e-03	8.95e-01	9.77e-02	1.67e-05	0.00e+00	0.00e+00	0.00e+00	0.00e+00	2.59e-06	6.90e-07	3.53e-07
 7.33478e+13	3.66e-06	7.02e-03	9.00e-01	9.29e-02	1.54e-05	0.00e+00	0.00e+00	0.00e+00	0.00e+00	2.61e-06	6.96e-07	3.56e-07
 1.75204e+14	3.67e-06	7.07e-03	9.07e-01	8.64e-02	1.37e-05	0.00e+00	0.00e+00	0.00e+00	0.00e+00	2.61e-06	6.98e-07	3.57e-07
 3.07618e+14	3.69e-06	7.14e-03	9.15e-01	7.83e-02	1.17e-05	0.00e+00	0.00e+00	0.00e+00	0.00e+00	2.63e-06	7.03e-07	3.59e-07
 4.79756e+14	3.73e-06	7.23e-03	9.24e-01	6.85e-02	9.49e-06	0.00e+00	0.00e+00	0.00e+00	0.00e+00	2.66e-06	7.10e-07	3.63e-07
 7.03534e+14	3.79e-06	7.35e-03	9.36e-01	5.70e-02	7.15e-06	0.00e+00	0.00e+00	0.00e+00	0.00e+00	2.70e-06	7.21e-07	3.69e-07
 9.94447e+14	3.87e-06	7.49e-03	9.48e-01	4.44e-02	4.88e-06	0.00e+00	0.00e+00	0.00e+00	0.00e+00	2.76e-06	7.35e-07	3.77e-07
 1.37263e+15	3.98e-06	7.67e-03	9.61e-01	3.16e-02	2.91e-06	0.00e+00	0.00e+00	0.00e+00	0.00e+00	2.84e-06	7.55e-07	3.87e-07
 1.86428e+15	4.12e-06	7.88e-03	9.72e-01	1.98e-02	1.44e-06	0.00e+00	0.00e+00	0.00e+00	0.00e+00	2.94e-06	7.81e-07	4.01e-07
 2.50341e+15	4.31e-06	8.11e-03	9.81e-01	1.07e-02	5.69e-07	0.00e+00	0.00e+00	0.00e+00	0.00e+00	3.08e-06	8.15e-07	4.19e-07
 3.33429e+15	4.55e-06	8.37e-03	9.87e-01	4.77e-03	1.69e-07	0.00e+00	0.00e+00	0.00e+00	0.00e+00	3.25e-06	8.60e-07	4.42e-07
 4.41442e+15	4.88e-06	8.68e-03	9.90e-01	1.74e-03	0.00e+00	0.00e+00	0.00e+00	0.00e+00	0.00e+00	3.48e-06	9.21e-07	4.74e-07
 5.81860e+15	5.36e-06	9.08e-03	9.90e-01	5.28e-04	0.00e+00	0.00e+00	0.00e+00	0.00e+00	0.00e+00	3.83e-06	1.01e-06	5.21e-07
 7.64404e+15	6.07e-06	9.59e-03	9.90e-01	1.46e-04	0.00e+00	0.00e+00	0.00e+00	0.00e+00	0.00e+00	4.33e-06	1.14e-06	5.89e-07
 9.99987e+15	7.16e-06	1.03e-02	9.90e-01	4.87e-05	0.00e+00	0.00e+00	0.00e+00	0.00e+00	0.00e+00	5.12e-06	1.35e-06	6.96e-07
 1.26480e+16	8.62e-06	1.11e-02	9.89e-01	2.75e-05	0.00e+00	0.00e+00	0.00e+00	0.00e+00	0.00e+00	6.16e-06	1.62e-06	8.38e-07
 1.52961e+16	1.05e-05	1.21e-02	9.88e-01	2.15e-05	0.00e+00	0.00e+00	0.00e+00	0.00e+00	0.00e+00	7.50e-06	1.98e-06	1.02e-06
 1.79443e+16	1.30e-05	1.31e-02	9.87e-01	1.87e-05	0.00e+00	0.00e+00	0.00e+00	0.00e+00	0.00e+00	9.26e-06	2.45e-06	1.26e-06
 2.02318e+16	1.57e-05	1.42e-02	9.86e-01	1.70e-05	0.00e+00	0.00e+00	0.00e+00	0.00e+00	0.00e+00	1.12e-05	2.97e-06	1.52e-06
 2.22549e+16	1.88e-05	1.52e-02	9.85e-01	1.58e-05	0.00e+00	0.00e+00	0.00e+00	0.00e+00	0.00e+00	1.34e-05	3.57e-06	1.83e-06
 2.44804e+16	2.32e-05	1.65e-02	9.83e-01	1.47e-05	0.00e+00	0.00e+00	0.00e+00	0.00e+00	0.00e+00	1.65e-05	4.42e-06	2.26e-06
 2.69285e+16	2.96e-05	1.82e-02	9.82e-01	1.37e-05	0.00e+00	0.00e+00	0.00e+00	0.00e+00	0.00e+00	2.11e-05	5.66e-06	2.88e-06
 2.93777e+16	3.85e-05	2.03e-02	9.80e-01	1.28e-05	0.00e+00	0.00e+00	0.00e+00	0.00e+00	0.00e+00	2.73e-05	7.38e-06	3.74e-06
 3.11329e+16	4.69e-05	2.20e-02	9.78e-01	1.21e-05	0.00e+00	0.00e+00	0.00e+00	0.00e+00	0.00e+00	3.33e-05	9.03e-06	4.57e-06
 3.21299e+16	5.30e-05	2.31e-02	9.77e-01	1.17e-05	0.00e+00	0.00e+00	0.00e+00	0.00e+00	0.00e+00	3.76e-05	1.02e-05	5.16e-06
 3.30699e+16	5.95e-05	2.43e-02	9.76e-01	1.14e-05	0.00e+00	0.00e+00	0.00e+00	0.00e+00	0.00e+00	4.22e-05	1.15e-05	5.79e-06
 3.42920e+16	6.95e-05	2.60e-02	9.74e-01	1.09e-05	0.00e+00	0.00e+00	0.00e+00	0.00e+00	0.00e+00	4.93e-05	1.35e-05	6.77e-06
 3.56057e+16	8.28e-05	2.80e-02	9.72e-01	1.04e-05	0.00e+00	0.00e+00	0.00e+00	0.00e+00	0.00e+00	5.86e-05	1.61e-05	8.06e-06
 3.67311e+16	9.70e-05	3.01e-02	9.70e-01	1.00e-05	0.00e+00	0.00e+00	0.00e+00	0.00e+00	0.00e+00	6.87e-05	1.89e-05	9.44e-06
 3.76903e+16	1.12e-04	3.20e-02	9.68e-01	9.62e-06	0.00e+00	0.00e+00	0.00e+00	0.00e+00	0.00e+00	7.90e-05	2.17e-05	1.09e-05
 3.87404e+16	1.31e-04	3.44e-02	9.65e-01	9.17e-06	0.00e+00	0.00e+00	0.00e+00	0.00e+00	0.00e+00	9.24e-05	2.54e-05	1.27e-05
 3.98785e+16	1.56e-04	3.74e-02	9.62e-01	8.69e-06	0.00e+00	0.00e+00	0.00e+00	0.00e+00	0.00e+00	1.11e-04	3.04e-05	1.52e-05
 4.08616e+16	1.84e-04	4.03e-02	9.59e-01	8.22e-06	0.00e+00	0.00e+00	0.00e+00	0.00e+00	0.00e+00	1.30e-04	3.58e-05	1.79e-05
 4.17006e+16	2.12e-04	4.31e-02	9.57e-01	7.81e-06	0.00e+00	0.00e+00	0.00e+00	0.00e+00	0.00e+00	1.50e-04	4.13e-05	2.06e-05
 4.25734e+16	2.48e-04	4.65e-02	9.53e-01	7.40e-06	0.00e+00	0.00e+00	0.00e+00	0.00e+00	0.00e+00	1.76e-04	4.83e-05	2.40e-05
 4.34711e+16	2.94e-04	5.04e-02	9.49e-01	6.94e-06	0.00e+00	0.00e+00	0.00e+00	0.00e+00	0.00e+00	2.08e-04	5.72e-05	2.84e-05
 4.42790e+16	3.43e-04	5.44e-02	9.45e-01	6.54e-06	0.00e+00	0.00e+00	0.00e+00	0.00e+00	0.00e+00	2.43e-04	6.68e-05	3.32e-05
 4.50061e+16	3.98e-04	5.84e-02	9.41e-01	6.16e-06	0.00e+00	0.00e+00	0.00e+00	0.00e+00	0.00e+00	2.82e-04	7.74e-05	3.84e-05
 4.56605e+16	4.56e-04	6.25e-02	9.37e-01	5.82e-06	0.00e+00	0.00e+00	0.00e+00	0.00e+00	0.00e+00	3.23e-04	8.87e-05	4.40e-05
 4.62495e+16	5.18e-04	6.66e-02	9.33e-01	5.51e-06	0.00e+00	0.00e+00	0.00e+00	0.00e+00	0.00e+00	3.67e-04	1.01e-04	5.00e-05
 4.67862e+16	5.84e-04	7.06e-02	9.29e-01	5.22e-06	0.00e+00	0.00e+00	0.00e+00	0.00e+00	0.00e+00	4.13e-04	1.14e-04	5.63e-05
 4.73017e+16	6.57e-04	7.50e-02	9.24e-01	4.96e-06	0.00e+00	0.00e+00	0.00e+00	0.00e+00	0.00e+00	4.66e-04	1.28e-04	6.33e-05
 4.78172e+16	7.42e-04	7.97e-02	9.20e-01	4.68e-06	0.00e+00	0.00e+00	0.00e+00	0.00e+00	0.00e+00	5.26e-04	1.44e-04	7.15e-05
 4.83327e+16	8.42e-04	8.49e-02	9.14e-01	4.40e-06	0.00e+00	0.00e+00	0.00e+00	0.00e+00	0.00e+00	5.97e-04	1.64e-04	8.11e-05
 4.88482e+16	9.58e-04	9.07e-02	9.08e-01	4.13e-06	0.00e+00	0.00e+00	0.00e+00	0.00e+00	0.00e+00	6.79e-04	1.86e-04	9.22e-05
 4.93637e+16	1.10e-03	9.71e-02	9.02e-01	3.86e-06	0.00e+00	0.00e+00	0.00e+00	0.00e+00	0.00e+00	7.77e-04	2.13e-04	1.05e-04
 4.98792e+16	1.26e-03	1.04e-01	8.94e-01	3.59e-06	0.00e+00	0.00e+00	0.00e+00	0.00e+00	0.00e+00	8.94e-04	2.45e-04	1.21e-04
 5.03947e+16	1.46e-03	1.12e-01	8.86e-01	3.32e-06	0.00e+00	0.00e+00	0.00e+00	0.00e+00	0.00e+00	1.03e-03	2.83e-04	1.40e-04
 5.09102e+16	1.70e-03	1.21e-01	8.77e-01	3.05e-06	0.00e+00	0.00e+00	0.00e+00	0.00e+00	0.00e+00	1.20e-03	3.29e-04	1.63e-04
 5.13590e+16	1.95e-03	1.30e-01	8.68e-01	2.82e-06	0.00e+00	0.00e+00	0.00e+00	0.00e+00	0.00e+00	1.39e-03	3.79e-04	1.88e-04
