#depth	H	H+	H2
 6.91960e+11	9.89e-04	9.99e-01	2.85e-14
 4.15176e+12	9.88e-04	9.99e-01	2.85e-14
 1.79910e+13	9.88e-04	9.99e-01	2.85e-14
 7.33478e+13	9.88e-04	9.99e-01	2.87e-14
 1.75204e+14	9.82e-04	9.99e-01	2.88e-14
 3.07618e+14	9.77e-04	9.99e-01	2.90e-14
 4.79756e+14	9.73e-04	9.99e-01	2.92e-14
 7.03534e+14	9.69e-04	9.99e-01	2.96e-14
 9.94447e+14	9.65e-04	9.99e-01	3.01e-14
 1.37263e+15	9.63e-04	9.99e-01	3.08e-14
 1.86428e+15	9.63e-04	9.99e-01	3.16e-14
 2.50341e+15	9.65e-04	9.99e-01	3.28e-14
 3.33429e+15	9.73e-04	9.99e-01	3.44e-14
 4.41442e+15	9.87e-04	9.99e-01	3.65e-14
 5.81860e+15	1.01e-03	9.99e-01	3.95e-14
 7.64404e+15	1.05e-03	9.99e-01	4.38e-14
 9.99987e+15	1.12e-03	9.99e-01	4.99e-14
 1.26480e+16	1.19e-03	9.99e-01	5.75e-14
 1.52961e+16	1.29e-03	9.99e-01	6.65e-14
 1.79443e+16	1.41e-03	9.99e-01	7.72e-14
 2.02318e+16	1.54e-03	9.98e-01	8.82e-14
 2.22549e+16	1.67e-03	9.98e-01	9.95e-14
 2.44804e+16	1.83e-03	9.98e-01	1.14e-13
 2.69285e+16	2.05e-03	9.98e-01	1.33e-13
 2.93777e+16	2.31e-03	9.98e-01	1.58e-13
 3.11329e+16	2.54e-03	9.97e-01	1.80e-13
 3.21299e+16	2.69e-03	9.97e-01	1.95e-13
 3.30699e+16	2.83e-03	9.97e-01	2.08e-13
 3.42920e+16	3.04e-03	9.97e-01	2.29e-13
 3.56057e+16	3.29e-03	9.97e-01	2.54e-13
 3.67311e+16	3.54e-03	9.96e-01	2.81e-13
 3.76903e+16	3.78e-03	9.96e-01	3.05e-13
 3.87404e+16	4.05e-03	9.96e-01	3.33e-13
 3.98785e+16	4.40e-03	9.96e-01	3.72e-13
 4.08616e+16	4.73e-03	9.95e-01	4.10e-13
 4.17006e+16	5.05e-03	9.95e-01	4.45e-13
 4.25734e+16	5.41e-03	9.95e-01	4.87e-13
 4.34711e+16	5.83e-03	9.94e-01	5.39e-13
 4.42790e+16	6.25e-03	9.94e-01	5.89e-13
 4.50061e+16	6.67e-03	9.93e-01	6.42e-13
 4.56605e+16	7.09e-03	9.93e-01	6.95e-13
 4.62495e+16	7.50e-03	9.93e-01	7.49e-13
 4.67862e+16	7.90e-03	9.92e-01	8.03e-13
 4.73017e+16	8.33e-03	9.92e-01	8.61e-13
 4.78172e+16	8.78e-03	9.91e-01	9.23e-13
 4.83327e+16	9.28e-03	9.91e-01	9.93e-13
 4.88482e+16	9.83e-03	9.90e-01	1.07e-12
 4.93637e+16	1.04e-02	9.90e-01	1.16e-12
 4.98792e+16	1.11e-02	9.89e-01	1.26e-12
 5.03947e+16	1.18e-02	9.88e-01	1.37e-12
 5.09102e+16	1.26e-02	9.87e-01	1.49e-12
 5.13590e+16	1.35e-02	9.87e-01	1.62e-12
