#depth	O	O+	O+2	O+3	O+4	O+5	O+6	O+7	O+8	O[1]	O[2]	O[3]
 2.77402e+11	2.76e-05	3.97e-02	9.60e-01	2.11e-04	0.00e+00	0.00e+00	0.00e+00	0.00e+00	0.00e+00	1.81e-05	6.64e-06	2.84e-06
 1.66441e+12	2.75e-05	3.97e-02	9.60e-01	2.10e-04	0.00e+00	0.00e+00	0.00e+00	0.00e+00	0.00e+00	1.81e-05	6.64e-06	2.84e-06
 7.21244e+12	2.76e-05	3.98e-02	9.60e-01	2.07e-04	0.00e+00	0.00e+00	0.00e+00	0.00e+00	0.00e+00	1.81e-05	6.64e-06	2.84e-06
 2.94046e+13	2.77e-05	3.98e-02	9.60e-01	1.95e-04	0.00e+00	0.00e+00	0.00e+00	0.00e+00	0.00e+00	1.81e-05	6.68e-06	2.85e-06
 7.02381e+13	2.77e-05	4.00e-02	9.60e-01	1.79e-04	0.00e+00	0.00e+00	0.00e+00	0.00e+00	0.00e+00	1.82e-05	6.70e-06	2.86e-06
 1.23322e+14	2.79e-05	4.02e-02	9.60e-01	1.59e-04	0.00e+00	0.00e+00	0.00e+00	0.00e+00	0.00e+00	1.82e-05	6.74e-06	2.88e-06
 1.92330e+14	2.81e-05	4.04e-02	9.59e-01	1.36e-04	0.00e+00	0.00e+00	0.00e+00	0.00e+00	0.00e+00	1.84e-05	6.80e-06	2.90e-06
 2.82042e+14	2.84e-05	4.08e-02	9.59e-01	1.11e-04	0.00e+00	0.00e+00	0.00e+00	0.00e+00	0.00e+00	1.86e-05	6.87e-06	2.93e-06
 3.98666e+14	2.88e-05	4.12e-02	9.59e-01	8.44e-05	0.00e+00	0.00e+00	0.00e+00	0.00e+00	0.00e+00	1.88e-05	6.97e-06	2.98e-06
 5.50278e+14	2.93e-05	4.17e-02	9.58e-01	5.90e-05	0.00e+00	0.00e+00	0.00e+00	0.00e+00	0.00e+00	1.92e-05	7.11e-06	3.04e-06
 7.47374e+14	3.01e-05	4.24e-02	9.58e-01	3.70e-05	0.00e+00	0.00e+00	0.00e+00	0.00e+00	0.00e+00	1.97e-05	7.30e-06	3.12e-06
 1.00360e+15	3.12e-05	4.32e-02	9.57e-01	2.02e-05	0.00e+00	0.00e+00	0.00e+00	0.00e+00	0.00e+00	2.04e-05	7.57e-06	3.23e-06
 1.33669e+15	3.27e-05	4.44e-02	9.56e-01	9.30e-06	0.00e+00	0.00e+00	0.00e+00	0.00e+00	0.00e+00	2.14e-05	7.94e-06	3.39e-06
 1.76971e+15	3.48e-05	4.59e-02	9.54e-01	3.55e-06	0.00e+00	0.00e+00	0.00e+00	0.00e+00	0.00e+00	2.28e-05	8.47e-06	3.61e-06
 2.33263e+15	3.79e-05	4.79e-02	9.52e-01	1.15e-06	0.00e+00	0.00e+00	0.00e+00	0.00e+00	0.00e+00	2.48e-05	9.22e-06	3.93e-06
 3.06444e+15	4.25e-05	5.06e-02	9.49e-01	3.94e-07	0.00e+00	0.00e+00	0.00e+00	0.00e+00	0.00e+00	2.77e-05	1.03e-05	4.41e-06
 4.01578e+15	4.94e-05	5.42e-02	9.46e-01	2.05e-07	0.00e+00	0.00e+00	0.00e+00	0.00e+00	0.00e+00	3.22e-05	1.20e-05	5.13e-06
 5.20950e+15	6.02e-05	5.91e-02	9.41e-01	1.55e-07	0.00e+00	0.00e+00	0.00e+00	0.00e+00	0.00e+00	3.92e-05	1.47e-05	6.24e-06
 6.38175e+15	7.28e-05	6.43e-02	9.36e-01	1.32e-07	0.00e+00	0.00e+00	0.00e+00	0.00e+00	0.00e+00	4.75e-05	1.78e-05	7.56e-06
 7.31535e+15	8.57e-05	6.88e-02	9.31e-01	0.00e+00	0.00e+00	0.00e+00	0.00e+00	0.00e+00	0.00e+00	5.58e-05	2.09e-05	8.89e-06
 8.11935e+15	9.93e-05	7.30e-02	9.27e-01	0.00e+00	0.00e+00	0.00e+00	0.00e+00	0.00e+00	0.00e+00	6.47e-05	2.42e-05	1.03e-05
 8.93128e+15	1.16e-04	7.76e-02	9.22e-01	0.00e+00	0.00e+00	0.00e+00	0.00e+00	0.00e+00	0.00e+00	7.56e-05	2.83e-05	1.20e-05
 9.77773e+15	1.37e-04	8.28e-02	9.17e-01	0.00e+00	0.00e+00	0.00e+00	0.00e+00	0.00e+00	0.00e+00	8.95e-05	3.34e-05	1.42e-05
 1.05824e+16	1.71e-04	9.08e-02	9.09e-01	0.00e+00	0.00e+00	0.00e+00	0.00e+00	0.00e+00	0.00e+00	1.12e-04	4.20e-05	1.78e-05
 1.12200e+16	1.99e-04	9.62e-02	9.04e-01	0.00e+00	0.00e+00	0.00e+00	0.00e+00	0.00e+00	0.00e+00	1.29e-04	4.86e-05	2.06e-05
 1.18042e+16	2.28e-04	1.01e-01	8.98e-01	0.00e+00	0.00e+00	0.00e+00	0.00e+00	0.00e+00	0.00e+00	1.49e-04	5.57e-05	2.36e-05
 1.25636e+16	2.73e-04	1.09e-01	8.91e-01	0.00e+00	0.00e+00	0.00e+00	0.00e+00	0.00e+00	0.00e+00	1.78e-04	6.66e-05	2.83e-05
 1.33540e+16	3.37e-04	1.18e-01	8.82e-01	0.00e+00	0.00e+00	0.00e+00	0.00e+00	0.00e+00	0.00e+00	2.20e-04	8.20e-05	3.48e-05
 1.39805e+16	4.00e-04	1.26e-01	8.73e-01	0.00e+00	0.00e+00	0.00e+00	0.00e+00	0.00e+00	0.00e+00	2.62e-04	9.74e-05	4.13e-05
 1.44880e+16	4.64e-04	1.34e-01	8.66e-01	0.00e+00	0.00e+00	0.00e+00	0.00e+00	0.00e+00	0.00e+00	3.03e-04	1.13e-04	4.79e-05
 1.50451e+16	5.46e-04	1.43e-01	8.57e-01	0.00e+00	0.00e+00	0.00e+00	0.00e+00	0.00e+00	0.00e+00	3.57e-04	1.32e-04	5.63e-05
 1.56688e+16	6.66e-04	1.55e-01	8.44e-01	0.00e+00	0.00e+00	0.00e+00	0.00e+00	0.00e+00	0.00e+00	4.36e-04	1.61e-04	6.85e-05
 1.62296e+16	8.09e-04	1.68e-01	8.31e-01	0.00e+00	0.00e+00	0.00e+00	0.00e+00	0.00e+00	0.00e+00	5.30e-04	1.95e-04	8.32e-05
 1.66951e+16	9.57e-04	1.80e-01	8.19e-01	0.00e+00	0.00e+00	0.00e+00	0.00e+00	0.00e+00	0.00e+00	6.28e-04	2.31e-04	9.84e-05
 1.71865e+16	1.15e-03	1.94e-01	8.05e-01	0.00e+00	0.00e+00	0.00e+00	0.00e+00	0.00e+00	0.00e+00	7.53e-04	2.76e-04	1.18e-04
 1.77252e+16	1.42e-03	2.12e-01	7.86e-01	0.00e+00	0.00e+00	0.00e+00	0.00e+00	0.00e+00	0.00e+00	9.33e-04	3.41e-04	1.46e-04
 1.81958e+16	1.74e-03	2.31e-01	7.67e-01	0.00e+00	0.00e+00	0.00e+00	0.00e+00	0.00e+00	0.00e+00	1.14e-03	4.17e-04	1.78e-04
 1.85892e+16	2.08e-03	2.50e-01	7.48e-01	0.00e+00	0.00e+00	0.00e+00	0.00e+00	0.00e+00	0.00e+00	1.37e-03	4.99e-04	2.13e-04
 1.90118e+16	2.55e-03	2.73e-01	7.25e-01	0.00e+00	0.00e+00	0.00e+00	0.00e+00	0.00e+00	0.00e+00	1.68e-03	6.10e-04	2.61e-04
 1.94636e+16	3.20e-03	3.00e-01	6.96e-01	0.00e+00	0.00e+00	0.00e+00	0.00e+00	0.00e+00	0.00e+00	2.11e-03	7.63e-04	3.26e-04
 1.98442e+16	3.93e-03	3.28e-01	6.68e-01	0.00e+00	0.00e+00	0.00e+00	0.00e+00	0.00e+00	0.00e+00	2.59e-03	9.34e-04	4.00e-04
 2.01590e+16	4.71e-03	3.54e-01	6.42e-01	0.00e+00	0.00e+00	0.00e+00	0.00e+00	0.00e+00	0.00e+00	3.11e-03	1.12e-03	4.79e-04
 2.04975e+16	5.79e-03	3.85e-01	6.09e-01	0.00e+00	0.00e+00	0.00e+00	0.00e+00	0.00e+00	0.00e+00	3.83e-03	1.37e-03	5.88e-04
 2.08561e+16	7.29e-03	4.23e-01	5.70e-01	0.00e+00	0.00e+00	0.00e+00	0.00e+00	0.00e+00	0.00e+00	4.82e-03	1.72e-03	7.39e-04
 2.11526e+16	8.96e-03	4.59e-01	5.32e-01	0.00e+00	0.00e+00	0.00e+00	0.00e+00	0.00e+00	0.00e+00	5.93e-03	2.11e-03	9.08e-04
 2.13943e+16	1.07e-02	4.91e-01	4.99e-01	0.00e+00	0.00e+00	0.00e+00	0.00e+00	0.00e+00	0.00e+00	7.09e-03	2.52e-03	1.08e-03
 2.16530e+16	1.31e-02	5.28e-01	4.59e-01	0.00e+00	0.00e+00	0.00e+00	0.00e+00	0.00e+00	0.00e+00	8.67e-03	3.07e-03	1.32e-03
 2.19308e+16	1.64e-02	5.71e-01	4.12e-01	0.00e+00	0.00e+00	0.00e+00	0.00e+00	0.00e+00	0.00e+00	1.09e-02	3.85e-03	1.66e-03
 2.21659e+16	2.02e-02	6.11e-01	3.69e-01	0.00e+00	0.00e+00	0.00e+00	0.00e+00	0.00e+00	0.00e+00	1.34e-02	4.73e-03	2.04e-03
 2.23591e+16	2.42e-02	6.45e-01	3.31e-01	0.00e+00	0.00e+00	0.00e+00	0.00e+00	0.00e+00	0.00e+00	1.61e-02	5.66e-03	2.44e-03
 2.25660e+16	2.98e-02	6.83e-01	2.88e-01	0.00e+00	0.00e+00	0.00e+00	0.00e+00	0.00e+00	0.00e+00	1.98e-02	6.96e-03	3.01e-03
 2.27842e+16	3.76e-02	7.21e-01	2.41e-01	0.00e+00	0.00e+00	0.00e+00	0.00e+00	0.00e+00	0.00e+00	2.50e-02	8.78e-03	3.79e-03
 2.29626e+16	4.63e-02	7.52e-01	2.02e-01	0.00e+00	0.00e+00	0.00e+00	0.00e+00	0.00e+00	0.00e+00	3.08e-02	1.08e-02	4.67e-03
 2.31062e+16	5.56e-02	7.75e-01	1.70e-01	0.00e+00	0.00e+00	0.00e+00	0.00e+00	0.00e+00	0.00e+00	3.70e-02	1.29e-02	5.60e-03
 2.32386e+16	6.66e-02	7.93e-01	1.41e-01	0.00e+00	0.00e+00	0.00e+00	0.00e+00	0.00e+00	0.00e+00	4.43e-02	1.55e-02	6.70e-03
 2.33677e+16	8.06e-02	8.06e-01	1.13e-01	0.00e+00	0.00e+00	0.00e+00	0.00e+00	0.00e+00	0.00e+00	5.37e-02	1.87e-02	8.11e-03
 2.34732e+16	9.54e-02	8.12e-01	9.21e-02	0.00e+00	0.00e+00	0.00e+00	0.00e+00	0.00e+00	0.00e+00	6.36e-02	2.22e-02	9.60e-03
 2.35468e+16	1.08e-01	8.14e-01	7.80e-02	0.00e+00	0.00e+00	0.00e+00	0.00e+00	0.00e+00	0.00e+00	7.22e-02	2.51e-02	1.09e-02
 2.36083e+16	1.21e-01	8.12e-01	6.67e-02	0.00e+00	0.00e+00	0.00e+00	0.00e+00	0.00e+00	0.00e+00	8.07e-02	2.81e-02	1.22e-02
 2.36776e+16	1.38e-01	8.07e-01	5.47e-02	0.00e+00	0.00e+00	0.00e+00	0.00e+00	0.00e+00	0.00e+00	9.23e-02	3.21e-02	1.39e-02
 2.37491e+16	1.60e-01	7.96e-01	4.36e-02	0.00e+00	0.00e+00	0.00e+00	0.00e+00	0.00e+00	0.00e+00	1.07e-01	3.71e-02	1.61e-02
 2.38052e+16	1.81e-01	7.84e-01	3.55e-02	0.00e+00	0.00e+00	0.00e+00	0.00e+00	0.00e+00	0.00e+00	1.21e-01	4.18e-02	1.82e-02
 2.38492e+16	2.00e-01	7.70e-01	2.97e-02	0.00e+00	0.00e+00	0.00e+00	0.00e+00	0.00e+00	0.00e+00	1.34e-01	4.62e-02	2.01e-02
 2.38957e+16	2.24e-01	7.52e-01	2.41e-02	0.00e+00	0.00e+00	0.00e+00	0.00e+00	0.00e+00	0.00e+00	1.50e-01	5.16e-02	2.25e-02
 2.39443e+16	2.52e-01	7.29e-01	1.90e-02	0.00e+00	0.00e+00	0.00e+00	0.00e+00	0.00e+00	0.00e+00	1.69e-01	5.81e-02	2.53e-02
 2.39834e+16	2.79e-01	7.05e-01	1.53e-02	0.00e+00	0.00e+00	0.00e+00	0.00e+00	0.00e+00	0.00e+00	1.87e-01	6.42e-02	2.80e-02
 2.40148e+16	3.04e-01	6.84e-01	1.26e-02	0.00e+00	0.00e+00	0.00e+00	0.00e+00	0.00e+00	0.00e+00	2.04e-01	6.96e-02	3.04e-02
 2.40483e+16	3.33e-01	6.57e-01	1.01e-02	0.00e+00	0.00e+00	0.00e+00	0.00e+00	0.00e+00	0.00e+00	2.23e-01	7.61e-02	3.33e-02
 2.40835e+16	3.67e-01	6.25e-01	7.82e-03	0.00e+00	0.00e+00	0.00e+00	0.00e+00	0.00e+00	0.00e+00	2.47e-01	8.36e-02	3.67e-02
 2.41124e+16	3.98e-01	5.96e-01	6.23e-03	0.00e+00	0.00e+00	0.00e+00	0.00e+00	0.00e+00	0.00e+00	2.68e-01	9.03e-02	3.97e-02
 2.41362e+16	4.25e-01	5.69e-01	5.08e-03	0.00e+00	0.00e+00	0.00e+00	0.00e+00	0.00e+00	0.00e+00	2.87e-01	9.61e-02	4.24e-02
 2.41592e+16	4.54e-01	5.42e-01	4.11e-03	0.00e+00	0.00e+00	0.00e+00	0.00e+00	0.00e+00	0.00e+00	3.06e-01	1.02e-01	4.51e-02
 2.41828e+16	4.84e-01	5.12e-01	3.27e-03	0.00e+00	0.00e+00	0.00e+00	0.00e+00	0.00e+00	0.00e+00	3.28e-01	1.08e-01	4.81e-02
 2.42042e+16	5.14e-01	4.84e-01	2.61e-03	0.00e+00	0.00e+00	0.00e+00	0.00e+00	0.00e+00	0.00e+00	3.48e-01	1.14e-01	5.08e-02
 2.42223e+16	5.39e-01	4.59e-01	2.14e-03	0.00e+00	0.00e+00	0.00e+00	0.00e+00	0.00e+00	0.00e+00	3.66e-01	1.19e-01	5.32e-02
 2.42380e+16	5.62e-01	4.37e-01	1.79e-03	0.00e+00	0.00e+00	0.00e+00	0.00e+00	0.00e+00	0.00e+00	3.82e-01	1.24e-01	5.53e-02
 2.42527e+16	5.83e-01	4.15e-01	1.50e-03	0.00e+00	0.00e+00	0.00e+00	0.00e+00	0.00e+00	0.00e+00	3.98e-01	1.28e-01	5.72e-02
 2.42642e+16	6.00e-01	3.99e-01	1.30e-03	0.00e+00	0.00e+00	0.00e+00	0.00e+00	0.00e+00	0.00e+00	4.10e-01	1.31e-01	5.87e-02
 2.42718e+16	6.10e-01	3.89e-01	1.18e-03	0.00e+00	0.00e+00	0.00e+00	0.00e+00	0.00e+00	0.00e+00	4.18e-01	1.33e-01	5.97e-02
 2.42789e+16	6.21e-01	3.78e-01	1.07e-03	0.00e+00	0.00e+00	0.00e+00	0.00e+00	0.00e+00	0.00e+00	4.26e-01	1.35e-01	6.06e-02
 2.42870e+16	6.33e-01	3.66e-01	9.63e-04	0.00e+00	0.00e+00	0.00e+00	0.00e+00	0.00e+00	0.00e+00	4.35e-01	1.37e-01	6.17e-02
 2.42955e+16	6.46e-01	3.53e-01	8.55e-04	0.00e+00	0.00e+00	0.00e+00	0.00e+00	0.00e+00	0.00e+00	4.44e-01	1.39e-01	6.28e-02
 2.43038e+16	6.58e-01	3.41e-01	7.61e-04	0.00e+00	0.00e+00	0.00e+00	0.00e+00	0.00e+00	0.00e+00	4.53e-01	1.41e-01	6.39e-02
 2.43116e+16	6.70e-01	3.29e-01	6.79e-04	0.00e+00	0.00e+00	0.00e+00	0.00e+00	0.00e+00	0.00e+00	4.62e-01	1.43e-01	6.49e-02
 2.43192e+16	6.81e-01	3.18e-01	6.06e-04	0.00e+00	0.00e+00	0.00e+00	0.00e+00	0.00e+00	0.00e+00	4.70e-01	1.45e-01	6.58e-02
 2.43268e+16	6.92e-01	3.07e-01	5.40e-04	0.00e+00	0.00e+00	0.00e+00	0.00e+00	0.00e+00	0.00e+00	4.79e-01	1.47e-01	6.67e-02
 2.43343e+16	7.04e-01	2.96e-01	4.80e-04	0.00e+00	0.00e+00	0.00e+00	0.00e+00	0.00e+00	0.00e+00	4.87e-01	1.48e-01	6.76e-02
 2.43417e+16	7.14e-01	2.85e-01	4.27e-04	0.00e+00	0.00e+00	0.00e+00	0.00e+00	0.00e+00	0.00e+00	4.96e-01	1.50e-01	6.85e-02
 2.43490e+16	7.25e-01	2.75e-01	3.79e-04	0.00e+00	0.00e+00	0.00e+00	0.00e+00	0.00e+00	0.00e+00	5.04e-01	1.51e-01	6.93e-02
 2.43561e+16	7.35e-01	2.64e-01	3.36e-04	0.00e+00	0.00e+00	0.00e+00	0.00e+00	0.00e+00	0.00e+00	5.12e-01	1.53e-01	7.01e-02
 2.43632e+16	7.45e-01	2.54e-01	2.98e-04	0.00e+00	0.00e+00	0.00e+00	0.00e+00	0.00e+00	0.00e+00	5.20e-01	1.54e-01	7.09e-02
 2.43701e+16	7.55e-01	2.45e-01	2.64e-04	0.00e+00	0.00e+00	0.00e+00	0.00e+00	0.00e+00	0.00e+00	5.28e-01	1.56e-01	7.16e-02
 2.43770e+16	7.65e-01	2.35e-01	2.34e-04	0.00e+00	0.00e+00	0.00e+00	0.00e+00	0.00e+00	0.00e+00	5.35e-01	1.57e-01	7.23e-02
 2.43838e+16	7.74e-01	2.26e-01	2.07e-04	0.00e+00	0.00e+00	0.00e+00	0.00e+00	0.00e+00	0.00e+00	5.43e-01	1.58e-01	7.30e-02
 2.43904e+16	7.83e-01	2.17e-01	1.82e-04	0.00e+00	0.00e+00	0.00e+00	0.00e+00	0.00e+00	0.00e+00	5.50e-01	1.59e-01	7.36e-02
 2.43970e+16	7.92e-01	2.08e-01	1.61e-04	0.00e+00	0.00e+00	0.00e+00	0.00e+00	0.00e+00	0.00e+00	5.57e-01	1.60e-01	7.42e-02
 2.44035e+16	8.00e-01	2.00e-01	1.42e-04	0.00e+00	0.00e+00	0.00e+00	0.00e+00	0.00e+00	0.00e+00	5.64e-01	1.61e-01	7.47e-02
 2.44099e+16	8.08e-01	1.91e-01	1.25e-04	0.00e+00	0.00e+00	0.00e+00	0.00e+00	0.00e+00	0.00e+00	5.71e-01	1.62e-01	7.52e-02
 2.44162e+16	8.16e-01	1.83e-01	1.10e-04	0.00e+00	0.00e+00	0.00e+00	0.00e+00	0.00e+00	0.00e+00	5.78e-01	1.63e-01	7.57e-02
 2.44224e+16	8.24e-01	1.76e-01	9.70e-05	0.00e+00	0.00e+00	0.00e+00	0.00e+00	0.00e+00	0.00e+00	5.84e-01	1.63e-01	7.62e-02
 2.44286e+16	8.32e-01	1.68e-01	8.53e-05	0.00e+00	0.00e+00	0.00e+00	0.00e+00	0.00e+00	0.00e+00	5.91e-01	1.64e-01	7.66e-02
 2.44346e+16	8.39e-01	1.61e-01	7.49e-05	0.00e+00	0.00e+00	0.00e+00	0.00e+00	0.00e+00	0.00e+00	5.97e-01	1.65e-01	7.70e-02
 2.44406e+16	8.46e-01	1.54e-01	6.58e-05	0.00e+00	0.00e+00	0.00e+00	0.00e+00	0.00e+00	0.00e+00	6.03e-01	1.65e-01	7.73e-02
 2.44465e+16	8.52e-01	1.48e-01	5.77e-05	0.00e+00	0.00e+00	0.00e+00	0.00e+00	0.00e+00	0.00e+00	6.09e-01	1.66e-01	7.76e-02
 2.44523e+16	8.59e-01	1.41e-01	5.06e-05	0.00e+00	0.00e+00	0.00e+00	0.00e+00	0.00e+00	0.00e+00	6.15e-01	1.66e-01	7.79e-02
 2.44581e+16	8.65e-01	1.35e-01	4.43e-05	0.00e+00	0.00e+00	0.00e+00	0.00e+00	0.00e+00	0.00e+00	6.20e-01	1.67e-01	7.82e-02
 2.44637e+16	8.71e-01	1.29e-01	3.89e-05	0.00e+00	0.00e+00	0.00e+00	0.00e+00	0.00e+00	0.00e+00	6.25e-01	1.67e-01	7.85e-02
 2.44692e+16	8.77e-01	1.23e-01	3.41e-05	0.00e+00	0.00e+00	0.00e+00	0.00e+00	0.00e+00	0.00e+00	6.30e-01	1.67e-01	7.87e-02
 2.44745e+16	8.82e-01	1.18e-01	3.00e-05	0.00e+00	0.00e+00	0.00e+00	0.00e+00	0.00e+00	0.00e+00	6.35e-01	1.68e-01	7.89e-02
 2.44797e+16	8.87e-01	1.13e-01	2.64e-05	0.00e+00	0.00e+00	0.00e+00	0.00e+00	0.00e+00	0.00e+00	6.40e-01	1.68e-01	7.90e-02
 2.44849e+16	8.92e-01	1.08e-01	2.32e-05	0.00e+00	0.00e+00	0.00e+00	0.00e+00	0.00e+00	0.00e+00	6.44e-01	1.68e-01	7.92e-02
 2.44899e+16	8.96e-01	1.04e-01	2.04e-05	0.00e+00	0.00e+00	0.00e+00	0.00e+00	0.00e+00	0.00e+00	6.48e-01	1.69e-01	7.93e-02
 2.44948e+16	9.01e-01	9.92e-02	1.80e-05	0.00e+00	0.00e+00	0.00e+00	0.00e+00	0.00e+00	0.00e+00	6.52e-01	1.69e-01	7.94e-02
 2.44996e+16	9.05e-01	9.50e-02	1.59e-05	0.00e+00	0.00e+00	0.00e+00	0.00e+00	0.00e+00	0.00e+00	6.56e-01	1.69e-01	7.95e-02
 2.45043e+16	9.09e-01	9.11e-02	1.41e-05	0.00e+00	0.00e+00	0.00e+00	0.00e+00	0.00e+00	0.00e+00	6.60e-01	1.69e-01	7.96e-02
 2.45090e+16	9.13e-01	8.72e-02	1.24e-05	0.00e+00	0.00e+00	0.00e+00	0.00e+00	0.00e+00	0.00e+00	6.64e-01	1.69e-01	7.97e-02
 2.45136e+16	9.16e-01	8.36e-02	1.09e-05	0.00e+00	0.00e+00	0.00e+00	0.00e+00	0.00e+00	0.00e+00	6.67e-01	1.69e-01	7.97e-02
 2.45181e+16	9.20e-01	8.01e-02	9.66e-06	0.00e+00	0.00e+00	0.00e+00	0.00e+00	0.00e+00	0.00e+00	6.70e-01	1.70e-01	7.98e-02
 2.45224e+16	9.23e-01	7.68e-02	8.55e-06	0.00e+00	0.00e+00	0.00e+00	0.00e+00	0.00e+00	0.00e+00	6.73e-01	1.70e-01	7.99e-02
 2.45267e+16	9.26e-01	7.37e-02	7.59e-06	0.00e+00	0.00e+00	0.00e+00	0.00e+00	0.00e+00	0.00e+00	6.76e-01	1.70e-01	7.99e-02
 2.45310e+16	9.29e-01	7.07e-02	6.70e-06	0.00e+00	0.00e+00	0.00e+00	0.00e+00	0.00e+00	0.00e+00	6.79e-01	1.70e-01	7.99e-02
 2.45352e+16	9.32e-01	6.78e-02	5.93e-06	0.00e+00	0.00e+00	0.00e+00	0.00e+00	0.00e+00	0.00e+00	6.82e-01	1.70e-01	8.00e-02
 2.45393e+16	9.35e-01	6.51e-02	5.26e-06	0.00e+00	0.00e+00	0.00e+00	0.00e+00	0.00e+00	0.00e+00	6.84e-01	1.70e-01	8.00e-02
 2.45433e+16	9.38e-01	6.25e-02	4.67e-06	0.00e+00	0.00e+00	0.00e+00	0.00e+00	0.00e+00	0.00e+00	6.87e-01	1.71e-01	8.00e-02
 2.45473e+16	9.40e-01	6.00e-02	4.15e-06	0.00e+00	0.00e+00	0.00e+00	0.00e+00	0.00e+00	0.00e+00	6.89e-01	1.71e-01	7.99e-02
 2.45512e+16	9.42e-01	5.76e-02	3.67e-06	0.00e+00	0.00e+00	0.00e+00	0.00e+00	0.00e+00	0.00e+00	6.92e-01	1.71e-01	7.99e-02
 2.45551e+16	9.45e-01	5.52e-02	3.26e-06	0.00e+00	0.00e+00	0.00e+00	0.00e+00	0.00e+00	0.00e+00	6.94e-01	1.71e-01	7.99e-02
 2.45589e+16	9.47e-01	5.31e-02	2.90e-06	0.00e+00	0.00e+00	0.00e+00	0.00e+00	0.00e+00	0.00e+00	6.96e-01	1.71e-01	7.99e-02
 2.45627e+16	9.49e-01	5.10e-02	2.58e-06	0.00e+00	0.00e+00	0.00e+00	0.00e+00	0.00e+00	0.00e+00	6.98e-01	1.71e-01	7.99e-02
 2.45664e+16	9.51e-01	4.90e-02	2.29e-06	0.00e+00	0.00e+00	0.00e+00	0.00e+00	0.00e+00	0.00e+00	7.00e-01	1.72e-01	7.98e-02
 2.45701e+16	9.53e-01	4.70e-02	2.03e-06	0.00e+00	0.00e+00	0.00e+00	0.00e+00	0.00e+00	0.00e+00	7.01e-01	1.72e-01	7.98e-02
 2.45738e+16	9.55e-01	4.52e-02	1.81e-06	0.00e+00	0.00e+00	0.00e+00	0.00e+00	0.00e+00	0.00e+00	7.03e-01	1.72e-01	7.98e-02
 2.45773e+16	9.57e-01	4.35e-02	1.61e-06	0.00e+00	0.00e+00	0.00e+00	0.00e+00	0.00e+00	0.00e+00	7.05e-01	1.72e-01	7.98e-02
 2.45808e+16	9.58e-01	4.18e-02	1.43e-06	0.00e+00	0.00e+00	0.00e+00	0.00e+00	0.00e+00	0.00e+00	7.06e-01	1.72e-01	7.98e-02
 2.45843e+16	9.60e-01	4.01e-02	1.27e-06	0.00e+00	0.00e+00	0.00e+00	0.00e+00	0.00e+00	0.00e+00	7.07e-01	1.73e-01	7.98e-02
 2.45878e+16	9.61e-01	3.86e-02	1.13e-06	0.00e+00	0.00e+00	0.00e+00	0.00e+00	0.00e+00	0.00e+00	7.09e-01	1.73e-01	7.97e-02
 2.45912e+16	9.63e-01	3.71e-02	1.01e-06	0.00e+00	0.00e+00	0.00e+00	0.00e+00	0.00e+00	0.00e+00	7.10e-01	1.73e-01	7.97e-02
 2.45946e+16	9.64e-01	3.57e-02	8.99e-07	0.00e+00	0.00e+00	0.00e+00	0.00e+00	0.00e+00	0.00e+00	7.11e-01	1.73e-01	7.97e-02
 2.45979e+16	9.66e-01	3.43e-02	8.02e-07	0.00e+00	0.00e+00	0.00e+00	0.00e+00	0.00e+00	0.00e+00	7.12e-01	1.74e-01	7.97e-02
 2.46012e+16	9.67e-01	3.30e-02	7.13e-07	0.00e+00	0.00e+00	0.00e+00	0.00e+00	0.00e+00	0.00e+00	7.13e-01	1.74e-01	7.97e-02
 2.46045e+16	9.68e-01	3.17e-02	6.36e-07	0.00e+00	0.00e+00	0.00e+00	0.00e+00	0.00e+00	0.00e+00	7.14e-01	1.74e-01	7.97e-02
 2.46077e+16	9.69e-01	3.05e-02	5.67e-07	0.00e+00	0.00e+00	0.00e+00	0.00e+00	0.00e+00	0.00e+00	7.15e-01	1.75e-01	7.97e-02
 2.46108e+16	9.71e-01	2.94e-02	5.06e-07	0.00e+00	0.00e+00	0.00e+00	0.00e+00	0.00e+00	0.00e+00	7.16e-01	1.75e-01	7.98e-02
 2.46140e+16	9.72e-01	2.82e-02	4.51e-07	0.00e+00	0.00e+00	0.00e+00	0.00e+00	0.00e+00	0.00e+00	7.17e-01	1.75e-01	7.98e-02
 2.46171e+16	9.73e-01	2.71e-02	4.02e-07	0.00e+00	0.00e+00	0.00e+00	0.00e+00	0.00e+00	0.00e+00	7.17e-01	1.76e-01	7.98e-02
 2.46201e+16	9.74e-01	2.61e-02	3.59e-07	0.00e+00	0.00e+00	0.00e+00	0.00e+00	0.00e+00	0.00e+00	7.18e-01	1.76e-01	7.98e-02
 2.46232e+16	9.75e-01	2.51e-02	3.20e-07	0.00e+00	0.00e+00	0.00e+00	0.00e+00	0.00e+00	0.00e+00	7.19e-01	1.76e-01	7.99e-02
 2.46261e+16	9.76e-01	2.42e-02	2.86e-07	0.00e+00	0.00e+00	0.00e+00	0.00e+00	0.00e+00	0.00e+00	7.19e-01	1.77e-01	7.99e-02
 2.46291e+16	9.77e-01	2.32e-02	2.55e-07	0.00e+00	0.00e+00	0.00e+00	0.00e+00	0.00e+00	0.00e+00	7.20e-01	1.77e-01	7.99e-02
 2.46319e+16	9.78e-01	2.23e-02	2.28e-07	0.00e+00	0.00e+00	0.00e+00	0.00e+00	0.00e+00	0.00e+00	7.20e-01	1.78e-01	7.99e-02
 2.46348e+16	9.79e-01	2.15e-02	2.03e-07	0.00e+00	0.00e+00	0.00e+00	0.00e+00	0.00e+00	0.00e+00	7.20e-01	1.78e-01	8.00e-02
 2.46376e+16	9.79e-01	2.06e-02	1.81e-07	0.00e+00	0.00e+00	0.00e+00	0.00e+00	0.00e+00	0.00e+00	7.21e-01	1.79e-01	8.01e-02
 2.46404e+16	9.80e-01	1.99e-02	1.62e-07	0.00e+00	0.00e+00	0.00e+00	0.00e+00	0.00e+00	0.00e+00	7.21e-01	1.79e-01	8.01e-02
 2.46430e+16	9.81e-01	1.91e-02	1.46e-07	0.00e+00	0.00e+00	0.00e+00	0.00e+00	0.00e+00	0.00e+00	7.21e-01	1.80e-01	8.01e-02
 2.46457e+16	9.82e-01	1.83e-02	1.30e-07	0.00e+00	0.00e+00	0.00e+00	0.00e+00	0.00e+00	0.00e+00	7.21e-01	1.80e-01	8.02e-02
 2.46484e+16	9.82e-01	1.76e-02	1.16e-07	0.00e+00	0.00e+00	0.00e+00	0.00e+00	0.00e+00	0.00e+00	7.21e-01	1.81e-01	8.03e-02
 2.46509e+16	9.83e-01	1.69e-02	1.04e-07	0.00e+00	0.00e+00	0.00e+00	0.00e+00	0.00e+00	0.00e+00	7.21e-01	1.81e-01	8.04e-02
 2.46533e+16	9.84e-01	1.63e-02	9.30e-08	0.00e+00	0.00e+00	0.00e+00	0.00e+00	0.00e+00	0.00e+00	7.21e-01	1.82e-01	8.05e-02
 2.46558e+16	9.84e-01	1.56e-02	8.33e-08	0.00e+00	0.00e+00	0.00e+00	0.00e+00	0.00e+00	0.00e+00	7.21e-01	1.83e-01	8.05e-02
 2.46582e+16	9.85e-01	1.50e-02	7.45e-08	0.00e+00	0.00e+00	0.00e+00	0.00e+00	0.00e+00	0.00e+00	7.21e-01	1.83e-01	8.06e-02
 2.46605e+16	9.86e-01	1.44e-02	6.68e-08	0.00e+00	0.00e+00	0.00e+00	0.00e+00	0.00e+00	0.00e+00	7.21e-01	1.84e-01	8.07e-02
 2.46627e+16	9.86e-01	1.39e-02	6.00e-08	0.00e+00	0.00e+00	0.00e+00	0.00e+00	0.00e+00	0.00e+00	7.20e-01	1.85e-01	8.08e-02
 2.46649e+16	9.87e-01	1.33e-02	5.38e-08	0.00e+00	0.00e+00	0.00e+00	0.00e+00	0.00e+00	0.00e+00	7.20e-01	1.86e-01	8.10e-02
 2.46670e+16	9.87e-01	1.28e-02	4.83e-08	0.00e+00	0.00e+00	0.00e+00	0.00e+00	0.00e+00	0.00e+00	7.20e-01	1.86e-01	8.11e-02
 2.46690e+16	9.88e-01	1.22e-02	4.35e-08	0.00e+00	0.00e+00	0.00e+00	0.00e+00	0.00e+00	0.00e+00	7.19e-01	1.87e-01	8.12e-02
 2.46709e+16	9.88e-01	1.18e-02	3.94e-08	0.00e+00	0.00e+00	0.00e+00	0.00e+00	0.00e+00	0.00e+00	7.19e-01	1.88e-01	8.13e-02
 2.46727e+16	9.89e-01	1.13e-02	3.56e-08	0.00e+00	0.00e+00	0.00e+00	0.00e+00	0.00e+00	0.00e+00	7.18e-01	1.89e-01	8.15e-02
 2.46744e+16	9.89e-01	1.09e-02	3.24e-08	0.00e+00	0.00e+00	0.00e+00	0.00e+00	0.00e+00	0.00e+00	7.18e-01	1.90e-01	8.16e-02
 2.46759e+16	9.90e-01	1.05e-02	2.95e-08	0.00e+00	0.00e+00	0.00e+00	0.00e+00	0.00e+00	0.00e+00	7.17e-01	1.91e-01	8.17e-02
 2.46775e+16	9.90e-01	1.01e-02	2.70e-08	0.00e+00	0.00e+00	0.00e+00	0.00e+00	0.00e+00	0.00e+00	7.16e-01	1.92e-01	8.18e-02
 2.46789e+16	9.90e-01	9.74e-03	2.47e-08	0.00e+00	0.00e+00	0.00e+00	0.00e+00	0.00e+00	0.00e+00	7.16e-01	1.93e-01	8.20e-02
 2.46802e+16	9.91e-01	9.39e-03	2.26e-08	0.00e+00	0.00e+00	0.00e+00	0.00e+00	0.00e+00	0.00e+00	7.15e-01	1.94e-01	8.21e-02
 2.46815e+16	9.91e-01	9.06e-03	2.08e-08	0.00e+00	0.00e+00	0.00e+00	0.00e+00	0.00e+00	0.00e+00	7.14e-01	1.95e-01	8.23e-02
 2.46827e+16	9.91e-01	8.73e-03	1.91e-08	0.00e+00	0.00e+00	0.00e+00	0.00e+00	0.00e+00	0.00e+00	7.13e-01	1.96e-01	8.24e-02
 2.46839e+16	9.92e-01	8.42e-03	1.75e-08	0.00e+00	0.00e+00	0.00e+00	0.00e+00	0.00e+00	0.00e+00	7.12e-01	1.97e-01	8.26e-02
 2.46850e+16	9.92e-01	8.12e-03	1.61e-08	0.00e+00	0.00e+00	0.00e+00	0.00e+00	0.00e+00	0.00e+00	7.11e-01	1.98e-01	8.27e-02
 2.46861e+16	9.92e-01	7.81e-03	1.48e-08	0.00e+00	0.00e+00	0.00e+00	0.00e+00	0.00e+00	0.00e+00	7.10e-01	1.99e-01	8.29e-02
