#depth	H	H+	H2
 2.77402e+11	1.02e-03	9.99e-01	2.58e-14
 1.66441e+12	1.02e-03	9.99e-01	2.58e-14
 7.21244e+12	1.02e-03	9.99e-01	2.59e-14
 2.94046e+13	1.02e-03	9.99e-01	2.59e-14
 7.02381e+13	1.02e-03	9.99e-01	2.60e-14
 1.23322e+14	1.02e-03	9.99e-01	2.62e-14
 1.92330e+14	1.01e-03	9.99e-01	2.63e-14
 2.82042e+14	1.01e-03	9.99e-01	2.66e-14
 3.98666e+14	1.01e-03	9.99e-01	2.69e-14
 5.50278e+14	1.01e-03	9.99e-01	2.74e-14
 7.47374e+14	1.01e-03	9.99e-01	2.80e-14
 1.00360e+15	1.02e-03	9.99e-01	2.88e-14
 1.33669e+15	1.03e-03	9.99e-01	2.99e-14
 1.76971e+15	1.04e-03	9.99e-01	3.15e-14
 2.33263e+15	1.07e-03	9.99e-01	3.38e-14
 3.06444e+15	1.11e-03	9.99e-01	3.69e-14
 4.01578e+15	1.17e-03	9.99e-01	4.16e-14
 5.20950e+15	1.26e-03	9.99e-01	4.81e-14
 6.38175e+15	1.36e-03	9.99e-01	5.57e-14
 7.31535e+15	1.47e-03	9.99e-01	6.28e-14
 8.11935e+15	1.57e-03	9.98e-01	6.98e-14
 8.93128e+15	1.70e-03	9.98e-01	7.78e-14
 9.77773e+15	1.85e-03	9.98e-01	8.73e-14
 1.05824e+16	2.06e-03	9.98e-01	1.02e-13
 1.12200e+16	2.23e-03	9.98e-01	1.13e-13
 1.18042e+16	2.39e-03	9.98e-01	1.23e-13
 1.25636e+16	2.63e-03	9.97e-01	1.38e-13
 1.33540e+16	2.93e-03	9.97e-01	1.58e-13
 1.39805e+16	3.22e-03	9.97e-01	1.76e-13
 1.44880e+16	3.47e-03	9.97e-01	1.92e-13
 1.50451e+16	3.78e-03	9.96e-01	2.11e-13
 1.56688e+16	4.20e-03	9.96e-01	2.37e-13
 1.62296e+16	4.65e-03	9.95e-01	2.66e-13
 1.66951e+16	5.08e-03	9.95e-01	2.93e-13
 1.71865e+16	5.57e-03	9.94e-01	3.24e-13
 1.77252e+16	6.23e-03	9.94e-01	3.65e-13
 1.81958e+16	6.91e-03	9.93e-01	4.09e-13
 1.85892e+16	7.60e-03	9.92e-01	4.53e-13
 1.90118e+16	8.44e-03	9.92e-01	5.06e-13
 1.94636e+16	9.51e-03	9.90e-01	5.73e-13
 1.98442e+16	1.06e-02	9.89e-01	6.43e-13
 2.01590e+16	1.17e-02	9.88e-01	7.13e-13
 2.04975e+16	1.31e-02	9.87e-01	8.02e-13
 2.08561e+16	1.48e-02	9.85e-01	9.18e-13
 2.11526e+16	1.67e-02	9.83e-01	1.04e-12
 2.13943e+16	1.85e-02	9.82e-01	1.16e-12
 2.16530e+16	2.08e-02	9.79e-01	1.32e-12
 2.19308e+16	2.39e-02	9.76e-01	1.53e-12
 2.21659e+16	2.72e-02	9.73e-01	1.77e-12
 2.23591e+16	3.07e-02	9.69e-01	2.02e-12
 2.25660e+16	3.53e-02	9.65e-01	2.36e-12
 2.27842e+16	4.18e-02	9.58e-01	2.84e-12
 2.29626e+16	4.88e-02	9.51e-01	3.39e-12
 2.31062e+16	5.62e-02	9.44e-01	3.99e-12
 2.32386e+16	6.50e-02	9.35e-01	4.72e-12
 2.33677e+16	7.62e-02	9.24e-01	5.70e-12
 2.34732e+16	8.81e-02	9.12e-01	6.80e-12
 2.35468e+16	9.85e-02	9.01e-01	7.80e-12
 2.36083e+16	1.09e-01	8.91e-01	8.84e-12
 2.36776e+16	1.23e-01	8.77e-01	1.03e-11
 2.37491e+16	1.41e-01	8.59e-01	1.23e-11
 2.38052e+16	1.59e-01	8.41e-01	1.44e-11
 2.38492e+16	1.75e-01	8.25e-01	1.65e-11
 2.38957e+16	1.95e-01	8.05e-01	1.92e-11
 2.39443e+16	2.20e-01	7.80e-01	2.29e-11
 2.39834e+16	2.44e-01	7.56e-01	2.67e-11
 2.40148e+16	2.65e-01	7.35e-01	3.05e-11
 2.40483e+16	2.92e-01	7.08e-01	3.55e-11
 2.40835e+16	3.23e-01	6.77e-01	4.21e-11
 2.41124e+16	3.51e-01	6.49e-01	4.89e-11
 2.41362e+16	3.77e-01	6.23e-01	5.57e-11
 2.41592e+16	4.04e-01	5.96e-01	6.36e-11
 2.41828e+16	4.33e-01	5.67e-01	7.32e-11
 2.42042e+16	4.62e-01	5.38e-01	8.37e-11
 2.42223e+16	4.87e-01	5.13e-01	9.41e-11
 2.42380e+16	5.10e-01	4.90e-01	1.04e-10
 2.42527e+16	5.31e-01	4.69e-01	1.15e-10
 2.42642e+16	5.48e-01	4.52e-01	1.25e-10
 2.42718e+16	5.59e-01	4.41e-01	1.31e-10
 2.42789e+16	5.70e-01	4.30e-01	1.39e-10
 2.42870e+16	5.83e-01	4.17e-01	1.47e-10
 2.42955e+16	5.96e-01	4.04e-01	1.57e-10
 2.43038e+16	6.09e-01	3.91e-01	1.66e-10
 2.43116e+16	6.21e-01	3.79e-01	1.77e-10
 2.43192e+16	6.33e-01	3.67e-01	1.87e-10
 2.43268e+16	6.45e-01	3.55e-01	1.99e-10
 2.43343e+16	6.57e-01	3.43e-01	2.11e-10
 2.43417e+16	6.69e-01	3.31e-01	2.24e-10
 2.43490e+16	6.80e-01	3.20e-01	2.37e-10
 2.43561e+16	6.91e-01	3.09e-01	2.52e-10
 2.43632e+16	7.02e-01	2.98e-01	2.67e-10
 2.43701e+16	7.13e-01	2.87e-01	2.83e-10
 2.43770e+16	7.24e-01	2.76e-01	3.00e-10
 2.43838e+16	7.34e-01	2.66e-01	3.19e-10
 2.43904e+16	7.44e-01	2.56e-01	3.38e-10
 2.43970e+16	7.54e-01	2.46e-01	3.58e-10
 2.44035e+16	7.63e-01	2.37e-01	3.80e-10
 2.44099e+16	7.72e-01	2.28e-01	4.03e-10
 2.44162e+16	7.81e-01	2.19e-01	4.28e-10
 2.44224e+16	7.90e-01	2.10e-01	4.54e-10
 2.44286e+16	7.99e-01	2.01e-01	4.82e-10
 2.44346e+16	8.07e-01	1.93e-01	5.12e-10
 2.44406e+16	8.15e-01	1.85e-01	5.43e-10
 2.44465e+16	8.23e-01	1.77e-01	5.77e-10
 2.44523e+16	8.30e-01	1.70e-01	6.13e-10
 2.44581e+16	8.37e-01	1.63e-01	6.51e-10
 2.44637e+16	8.44e-01	1.56e-01	6.92e-10
 2.44692e+16	8.51e-01	1.49e-01	7.34e-10
 2.44745e+16	8.57e-01	1.43e-01	7.79e-10
 2.44797e+16	8.63e-01	1.37e-01	8.27e-10
 2.44849e+16	8.69e-01	1.31e-01	8.78e-10
 2.44899e+16	8.74e-01	1.26e-01	9.31e-10
 2.44948e+16	8.79e-01	1.21e-01	9.88e-10
 2.44996e+16	8.84e-01	1.16e-01	1.05e-09
 2.45043e+16	8.89e-01	1.11e-01	1.11e-09
 2.45090e+16	8.93e-01	1.07e-01	1.18e-09
 2.45136e+16	8.98e-01	1.02e-01	1.25e-09
 2.45181e+16	9.02e-01	9.82e-02	1.33e-09
 2.45224e+16	9.06e-01	9.43e-02	1.41e-09
 2.45267e+16	9.09e-01	9.06e-02	1.49e-09
 2.45310e+16	9.13e-01	8.69e-02	1.58e-09
 2.45352e+16	9.17e-01	8.34e-02	1.68e-09
 2.45393e+16	9.20e-01	8.01e-02	1.78e-09
 2.45433e+16	9.23e-01	7.70e-02	1.89e-09
 2.45473e+16	9.26e-01	7.40e-02	2.01e-09
 2.45512e+16	9.29e-01	7.11e-02	2.13e-09
 2.45551e+16	9.32e-01	6.83e-02	2.26e-09
 2.45589e+16	9.34e-01	6.56e-02	2.40e-09
 2.45627e+16	9.37e-01	6.31e-02	2.55e-09
 2.45664e+16	9.39e-01	6.07e-02	2.71e-09
 2.45701e+16	9.42e-01	5.83e-02	2.88e-09
 2.45738e+16	9.44e-01	5.61e-02	3.06e-09
 2.45773e+16	9.46e-01	5.39e-02	3.25e-09
 2.45808e+16	9.48e-01	5.19e-02	3.45e-09
 2.45843e+16	9.50e-01	4.99e-02	3.67e-09
 2.45878e+16	9.52e-01	4.80e-02	3.90e-09
 2.45912e+16	9.54e-01	4.62e-02	4.15e-09
 2.45946e+16	9.56e-01	4.45e-02	4.42e-09
 2.45979e+16	9.57e-01	4.28e-02	4.70e-09
 2.46012e+16	9.59e-01	4.11e-02	5.01e-09
 2.46045e+16	9.60e-01	3.96e-02	5.34e-09
 2.46077e+16	9.62e-01	3.81e-02	5.69e-09
 2.46108e+16	9.63e-01	3.67e-02	6.07e-09
 2.46140e+16	9.65e-01	3.53e-02	6.48e-09
 2.46171e+16	9.66e-01	3.40e-02	6.92e-09
 2.46201e+16	9.67e-01	3.27e-02	7.39e-09
 2.46232e+16	9.69e-01	3.14e-02	7.91e-09
 2.46261e+16	9.70e-01	3.03e-02	8.47e-09
 2.46291e+16	9.71e-01	2.91e-02	9.07e-09
 2.46319e+16	9.72e-01	2.80e-02	9.73e-09
 2.46348e+16	9.73e-01	2.70e-02	1.04e-08
 2.46376e+16	9.74e-01	2.59e-02	1.13e-08
 2.46404e+16	9.75e-01	2.50e-02	1.21e-08
 2.46430e+16	9.76e-01	2.41e-02	1.29e-08
 2.46457e+16	9.77e-01	2.31e-02	1.41e-08
 2.46484e+16	9.78e-01	2.22e-02	1.53e-08
 2.46509e+16	9.79e-01	2.14e-02	1.65e-08
 2.46533e+16	9.79e-01	2.05e-02	1.79e-08
 2.46558e+16	9.80e-01	1.97e-02	1.95e-08
 2.46582e+16	9.81e-01	1.90e-02	2.13e-08
 2.46605e+16	9.82e-01	1.82e-02	2.33e-08
 2.46627e+16	9.82e-01	1.75e-02	2.56e-08
 2.46649e+16	9.83e-01	1.68e-02	2.81e-08
 2.46670e+16	9.84e-01	1.61e-02	3.10e-08
 2.46690e+16	9.84e-01	1.55e-02	3.42e-08
 2.46709e+16	9.85e-01	1.49e-02	3.78e-08
 2.46727e+16	9.86e-01	1.44e-02	4.16e-08
 2.46744e+16	9.86e-01	1.38e-02	4.58e-08
 2.46759e+16	9.87e-01	1.33e-02	5.04e-08
 2.46775e+16	9.87e-01	1.28e-02	5.56e-08
 2.46789e+16	9.88e-01	1.24e-02	6.12e-08
 2.46802e+16	9.88e-01	1.20e-02	6.71e-08
 2.46815e+16	9.88e-01	1.15e-02	7.40e-08
 2.46827e+16	9.89e-01	1.11e-02	8.12e-08
 2.46839e+16	9.89e-01	1.07e-02	8.90e-08
 2.46850e+16	9.90e-01	1.04e-02	9.76e-08
 2.46861e+16	9.90e-01	9.99e-03	1.07e-07
