#depth	He	He+	He+2
 2.77402e+11	1.51e-03	9.98e-01	5.54e-04
 1.66441e+12	1.51e-03	9.98e-01	5.53e-04
 7.21244e+12	1.51e-03	9.98e-01	5.50e-04
 2.94046e+13	1.51e-03	9.98e-01	5.31e-04
 7.02381e+13	1.52e-03	9.98e-01	5.20e-04
 1.23322e+14	1.52e-03	9.98e-01	4.89e-04
 1.92330e+14	1.53e-03	9.98e-01	4.40e-04
 2.82042e+14	1.54e-03	9.98e-01	3.74e-04
 3.98666e+14	1.56e-03	9.98e-01	2.95e-04
 5.50278e+14	1.57e-03	9.98e-01	2.11e-04
 7.47374e+14	1.59e-03	9.98e-01	1.34e-04
 1.00360e+15	1.62e-03	9.98e-01	7.29e-05
 1.33669e+15	1.66e-03	9.98e-01	3.29e-05
 1.76971e+15	1.71e-03	9.98e-01	1.18e-05
 2.33263e+15	1.77e-03	9.98e-01	3.23e-06
 3.06444e+15	1.85e-03	9.98e-01	6.46e-07
 4.01578e+15	1.97e-03	9.98e-01	9.30e-08
 5.20950e+15	2.12e-03	9.98e-01	1.05e-08
 6.38175e+15	2.27e-03	9.98e-01	1.52e-09
 7.31535e+15	2.41e-03	9.98e-01	4.18e-10
 8.11935e+15	2.53e-03	9.97e-01	1.63e-10
 8.93128e+15	2.67e-03	9.97e-01	7.46e-11
 9.77773e+15	2.82e-03	9.97e-01	4.12e-11
 1.05824e+16	3.04e-03	9.97e-01	2.90e-11
 1.12200e+16	3.19e-03	9.97e-01	2.34e-11
 1.18042e+16	3.33e-03	9.97e-01	2.11e-11
 1.25636e+16	3.52e-03	9.96e-01	1.98e-11
 1.33540e+16	3.75e-03	9.96e-01	1.86e-11
 1.39805e+16	3.95e-03	9.96e-01	1.84e-11
 1.44880e+16	4.13e-03	9.96e-01	1.84e-11
 1.50451e+16	4.34e-03	9.96e-01	1.89e-11
 1.56688e+16	4.60e-03	9.95e-01	1.91e-11
 1.62296e+16	4.88e-03	9.95e-01	1.89e-11
 1.66951e+16	5.13e-03	9.95e-01	1.92e-11
 1.71865e+16	5.42e-03	9.95e-01	2.01e-11
 1.77252e+16	5.78e-03	9.94e-01	2.07e-11
 1.81958e+16	6.16e-03	9.94e-01	2.14e-11
 1.85892e+16	6.52e-03	9.93e-01	2.10e-11
 1.90118e+16	6.96e-03	9.93e-01	2.15e-11
 1.94636e+16	7.49e-03	9.93e-01	2.27e-11
 1.98442e+16	8.01e-03	9.92e-01	2.34e-11
 2.01590e+16	8.52e-03	9.91e-01	2.41e-11
 2.04975e+16	9.17e-03	9.91e-01	2.49e-11
 2.08561e+16	9.96e-03	9.90e-01	2.59e-11
 2.11526e+16	1.08e-02	9.89e-01	2.67e-11
 2.13943e+16	1.15e-02	9.88e-01	2.76e-11
 2.16530e+16	1.25e-02	9.87e-01	2.87e-11
 2.19308e+16	1.38e-02	9.86e-01	3.03e-11
 2.21659e+16	1.51e-02	9.85e-01	3.21e-11
 2.23591e+16	1.64e-02	9.84e-01	3.40e-11
 2.25660e+16	1.81e-02	9.82e-01	3.63e-11
 2.27842e+16	2.04e-02	9.80e-01	3.94e-11
 2.29626e+16	2.28e-02	9.77e-01	4.28e-11
 2.31062e+16	2.52e-02	9.75e-01	4.69e-11
 2.32386e+16	2.80e-02	9.72e-01	5.16e-11
 2.33677e+16	3.15e-02	9.68e-01	5.75e-11
 2.34732e+16	3.51e-02	9.65e-01	6.48e-11
 2.35468e+16	3.82e-02	9.62e-01	7.09e-11
 2.36083e+16	4.13e-02	9.59e-01	7.74e-11
 2.36776e+16	4.56e-02	9.54e-01	8.64e-11
 2.37491e+16	5.08e-02	9.49e-01	9.88e-11
 2.38052e+16	5.58e-02	9.44e-01	1.11e-10
 2.38492e+16	6.06e-02	9.39e-01	1.24e-10
 2.38957e+16	6.66e-02	9.33e-01	1.40e-10
 2.39443e+16	7.40e-02	9.26e-01	1.62e-10
 2.39834e+16	8.13e-02	9.19e-01	1.84e-10
 2.40148e+16	8.82e-02	9.12e-01	2.06e-10
 2.40483e+16	9.70e-02	9.03e-01	2.34e-10
 2.40835e+16	1.08e-01	8.92e-01	2.70e-10
 2.41124e+16	1.18e-01	8.82e-01	3.06e-10
 2.41362e+16	1.28e-01	8.72e-01	3.41e-10
 2.41592e+16	1.39e-01	8.61e-01	3.79e-10
 2.41828e+16	1.52e-01	8.48e-01	4.26e-10
 2.42042e+16	1.65e-01	8.35e-01	4.73e-10
 2.42223e+16	1.78e-01	8.22e-01	5.19e-10
 2.42380e+16	1.90e-01	8.10e-01	5.63e-10
 2.42527e+16	2.02e-01	7.98e-01	6.07e-10
 2.42642e+16	2.13e-01	7.87e-01	6.43e-10
 2.42718e+16	2.20e-01	7.80e-01	6.69e-10
 2.42789e+16	2.27e-01	7.73e-01	6.93e-10
 2.42870e+16	2.36e-01	7.64e-01	7.23e-10
 2.42955e+16	2.46e-01	7.54e-01	7.55e-10
 2.43038e+16	2.55e-01	7.45e-01	7.88e-10
 2.43116e+16	2.65e-01	7.35e-01	8.20e-10
 2.43192e+16	2.75e-01	7.25e-01	8.52e-10
 2.43268e+16	2.85e-01	7.15e-01	8.86e-10
 2.43343e+16	2.96e-01	7.04e-01	9.20e-10
 2.43417e+16	3.07e-01	6.93e-01	9.55e-10
 2.43490e+16	3.18e-01	6.82e-01	9.90e-10
 2.43561e+16	3.29e-01	6.71e-01	1.02e-09
 2.43632e+16	3.41e-01	6.59e-01	1.06e-09
 2.43701e+16	3.53e-01	6.47e-01	1.10e-09
 2.43770e+16	3.65e-01	6.35e-01	1.13e-09
 2.43838e+16	3.78e-01	6.22e-01	1.17e-09
 2.43904e+16	3.91e-01	6.09e-01	1.20e-09
 2.43970e+16	4.04e-01	5.96e-01	1.24e-09
 2.44035e+16	4.17e-01	5.83e-01	1.27e-09
 2.44099e+16	4.30e-01	5.70e-01	1.31e-09
 2.44162e+16	4.44e-01	5.56e-01	1.34e-09
 2.44224e+16	4.58e-01	5.42e-01	1.38e-09
 2.44286e+16	4.71e-01	5.29e-01	1.41e-09
 2.44346e+16	4.85e-01	5.15e-01	1.44e-09
 2.44406e+16	4.99e-01	5.01e-01	1.47e-09
 2.44465e+16	5.14e-01	4.86e-01	1.50e-09
 2.44523e+16	5.28e-01	4.72e-01	1.53e-09
 2.44581e+16	5.42e-01	4.58e-01	1.56e-09
 2.44637e+16	5.56e-01	4.44e-01	1.59e-09
 2.44692e+16	5.70e-01	4.30e-01	1.61e-09
 2.44745e+16	5.83e-01	4.17e-01	1.63e-09
 2.44797e+16	5.97e-01	4.03e-01	1.65e-09
 2.44849e+16	6.10e-01	3.90e-01	1.67e-09
 2.44899e+16	6.23e-01	3.77e-01	1.69e-09
 2.44948e+16	6.36e-01	3.64e-01	1.71e-09
 2.44996e+16	6.48e-01	3.52e-01	1.72e-09
 2.45043e+16	6.61e-01	3.39e-01	1.73e-09
 2.45090e+16	6.73e-01	3.27e-01	1.74e-09
 2.45136e+16	6.85e-01	3.15e-01	1.75e-09
 2.45181e+16	6.96e-01	3.04e-01	1.76e-09
 2.45224e+16	7.07e-01	2.93e-01	1.76e-09
 2.45267e+16	7.18e-01	2.82e-01	1.77e-09
 2.45310e+16	7.29e-01	2.71e-01	1.77e-09
 2.45352e+16	7.39e-01	2.61e-01	1.77e-09
 2.45393e+16	7.49e-01	2.51e-01	1.77e-09
 2.45433e+16	7.59e-01	2.41e-01	1.77e-09
 2.45473e+16	7.69e-01	2.31e-01	1.77e-09
 2.45512e+16	7.78e-01	2.22e-01	1.76e-09
 2.45551e+16	7.87e-01	2.13e-01	1.75e-09
 2.45589e+16	7.96e-01	2.04e-01	1.75e-09
 2.45627e+16	8.04e-01	1.96e-01	1.74e-09
 2.45664e+16	8.12e-01	1.88e-01	1.73e-09
 2.45701e+16	8.20e-01	1.80e-01	1.72e-09
 2.45738e+16	8.28e-01	1.72e-01	1.70e-09
 2.45773e+16	8.35e-01	1.65e-01	1.69e-09
 2.45808e+16	8.42e-01	1.58e-01	1.68e-09
 2.45843e+16	8.49e-01	1.51e-01	1.66e-09
 2.45878e+16	8.56e-01	1.44e-01	1.64e-09
 2.45912e+16	8.62e-01	1.38e-01	1.63e-09
 2.45946e+16	8.69e-01	1.31e-01	1.61e-09
 2.45979e+16	8.74e-01	1.26e-01	1.59e-09
 2.46012e+16	8.80e-01	1.20e-01	1.57e-09
 2.46045e+16	8.86e-01	1.14e-01	1.55e-09
 2.46077e+16	8.91e-01	1.09e-01	1.53e-09
 2.46108e+16	8.96e-01	1.04e-01	1.51e-09
 2.46140e+16	9.01e-01	9.91e-02	1.48e-09
 2.46171e+16	9.05e-01	9.45e-02	1.46e-09
 2.46201e+16	9.10e-01	9.01e-02	1.44e-09
 2.46232e+16	9.14e-01	8.58e-02	1.41e-09
 2.46261e+16	9.18e-01	8.17e-02	1.39e-09
 2.46291e+16	9.22e-01	7.78e-02	1.36e-09
 2.46319e+16	9.26e-01	7.42e-02	1.34e-09
 2.46348e+16	9.29e-01	7.05e-02	1.31e-09
 2.46376e+16	9.33e-01	6.71e-02	1.29e-09
 2.46404e+16	9.36e-01	6.39e-02	1.26e-09
 2.46430e+16	9.39e-01	6.09e-02	1.24e-09
 2.46457e+16	9.42e-01	5.78e-02	1.21e-09
 2.46484e+16	9.45e-01	5.50e-02	1.18e-09
 2.46509e+16	9.48e-01	5.23e-02	1.16e-09
 2.46533e+16	9.50e-01	4.98e-02	1.13e-09
 2.46558e+16	9.53e-01	4.74e-02	1.11e-09
 2.46582e+16	9.55e-01	4.51e-02	1.08e-09
 2.46605e+16	9.57e-01	4.30e-02	1.05e-09
 2.46627e+16	9.59e-01	4.09e-02	1.03e-09
 2.46649e+16	9.61e-01	3.90e-02	1.00e-09
 2.46670e+16	9.63e-01	3.72e-02	9.77e-10
 2.46690e+16	9.65e-01	3.54e-02	9.51e-10
 2.46709e+16	9.66e-01	3.39e-02	9.27e-10
 2.46727e+16	9.68e-01	3.24e-02	9.03e-10
 2.46744e+16	9.69e-01	3.11e-02	8.80e-10
 2.46759e+16	9.70e-01	2.98e-02	8.57e-10
 2.46775e+16	9.71e-01	2.86e-02	8.35e-10
 2.46789e+16	9.72e-01	2.75e-02	8.13e-10
 2.46802e+16	9.74e-01	2.65e-02	7.92e-10
 2.46815e+16	9.75e-01	2.55e-02	7.70e-10
 2.46827e+16	9.75e-01	2.46e-02	7.49e-10
 2.46839e+16	9.76e-01	2.37e-02	7.29e-10
 2.46850e+16	9.77e-01	2.28e-02	7.08e-10
 2.46861e+16	9.78e-01	2.20e-02	6.87e-10
