#depth	O	O+	O+2	O+3	O+4	O+5	O+6	O+7	O+8	O[1]	O[2]	O[3]
 1.35970e+11	1.68e-05	1.65e-02	9.65e-01	1.89e-02	4.70e-07	0.00e+00	0.00e+00	0.00e+00	0.00e+00	1.19e-05	3.32e-06	1.61e-06
 8.15822e+11	1.68e-05	1.65e-02	9.65e-01	1.88e-02	4.66e-07	0.00e+00	0.00e+00	0.00e+00	0.00e+00	1.19e-05	3.32e-06	1.62e-06
 3.53523e+12	1.70e-05	1.66e-02	9.65e-01	1.85e-02	4.53e-07	0.00e+00	0.00e+00	0.00e+00	0.00e+00	1.20e-05	3.35e-06	1.63e-06
 1.44129e+13	1.75e-05	1.68e-02	9.66e-01	1.73e-02	4.06e-07	0.00e+00	0.00e+00	0.00e+00	0.00e+00	1.24e-05	3.46e-06	1.69e-06
 3.44277e+13	1.81e-05	1.71e-02	9.67e-01	1.57e-02	3.42e-07	0.00e+00	0.00e+00	0.00e+00	0.00e+00	1.28e-05	3.58e-06	1.75e-06
 6.04470e+13	1.91e-05	1.75e-02	9.69e-01	1.38e-02	2.72e-07	0.00e+00	0.00e+00	0.00e+00	0.00e+00	1.34e-05	3.77e-06	1.85e-06
 9.42720e+13	2.05e-05	1.80e-02	9.70e-01	1.16e-02	2.02e-07	0.00e+00	0.00e+00	0.00e+00	0.00e+00	1.45e-05	4.06e-06	1.99e-06
 1.38245e+14	2.27e-05	1.88e-02	9.72e-01	9.19e-03	1.37e-07	0.00e+00	0.00e+00	0.00e+00	0.00e+00	1.60e-05	4.49e-06	2.19e-06
 1.95409e+14	2.60e-05	1.99e-02	9.73e-01	6.78e-03	0.00e+00	0.00e+00	0.00e+00	0.00e+00	0.00e+00	1.84e-05	5.13e-06	2.51e-06
 2.69723e+14	3.13e-05	2.14e-02	9.74e-01	4.55e-03	0.00e+00	0.00e+00	0.00e+00	0.00e+00	0.00e+00	2.21e-05	6.14e-06	3.00e-06
 3.66330e+14	3.96e-05	2.38e-02	9.73e-01	2.70e-03	0.00e+00	0.00e+00	0.00e+00	0.00e+00	0.00e+00	2.81e-05	7.73e-06	3.78e-06
 4.71845e+14	5.01e-05	2.65e-02	9.72e-01	1.55e-03	0.00e+00	0.00e+00	0.00e+00	0.00e+00	0.00e+00	3.56e-05	9.74e-06	4.75e-06
 5.69610e+14	6.21e-05	2.94e-02	9.70e-01	9.21e-04	0.00e+00	0.00e+00	0.00e+00	0.00e+00	0.00e+00	4.42e-05	1.20e-05	5.85e-06
 6.68939e+14	7.84e-05	3.30e-02	9.66e-01	5.39e-04	0.00e+00	0.00e+00	0.00e+00	0.00e+00	0.00e+00	5.60e-05	1.51e-05	7.35e-06
 7.54498e+14	9.34e-05	3.61e-02	9.63e-01	3.51e-04	0.00e+00	0.00e+00	0.00e+00	0.00e+00	0.00e+00	6.68e-05	1.79e-05	8.70e-06
 8.16208e+14	1.07e-04	3.89e-02	9.61e-01	2.54e-04	0.00e+00	0.00e+00	0.00e+00	0.00e+00	0.00e+00	7.69e-05	2.05e-05	9.97e-06
 8.82044e+14	1.26e-04	4.23e-02	9.57e-01	1.78e-04	0.00e+00	0.00e+00	0.00e+00	0.00e+00	0.00e+00	9.04e-05	2.40e-05	1.16e-05
 9.54380e+14	1.48e-04	4.63e-02	9.53e-01	1.22e-04	0.00e+00	0.00e+00	0.00e+00	0.00e+00	0.00e+00	1.07e-04	2.81e-05	1.37e-05
 1.02173e+15	1.73e-04	5.03e-02	9.49e-01	8.64e-05	0.00e+00	0.00e+00	0.00e+00	0.00e+00	0.00e+00	1.24e-04	3.26e-05	1.58e-05
 1.09585e+15	2.05e-04	5.54e-02	9.44e-01	5.83e-05	0.00e+00	0.00e+00	0.00e+00	0.00e+00	0.00e+00	1.48e-04	3.86e-05	1.87e-05
 1.17399e+15	2.44e-04	6.11e-02	9.39e-01	3.94e-05	0.00e+00	0.00e+00	0.00e+00	0.00e+00	0.00e+00	1.76e-04	4.56e-05	2.21e-05
 1.24248e+15	2.83e-04	6.67e-02	9.33e-01	2.81e-05	0.00e+00	0.00e+00	0.00e+00	0.00e+00	0.00e+00	2.05e-04	5.28e-05	2.55e-05
 1.31663e+15	3.35e-04	7.36e-02	9.26e-01	1.92e-05	0.00e+00	0.00e+00	0.00e+00	0.00e+00	0.00e+00	2.43e-04	6.23e-05	3.01e-05
 1.39677e+15	4.00e-04	8.16e-02	9.18e-01	1.30e-05	0.00e+00	0.00e+00	0.00e+00	0.00e+00	0.00e+00	2.90e-04	7.39e-05	3.57e-05
 1.46885e+15	4.68e-04	8.96e-02	9.10e-01	9.19e-06	0.00e+00	0.00e+00	0.00e+00	0.00e+00	0.00e+00	3.40e-04	8.63e-05	4.17e-05
 1.53626e+15	5.44e-04	9.79e-02	9.02e-01	6.65e-06	0.00e+00	0.00e+00	0.00e+00	0.00e+00	0.00e+00	3.96e-04	9.99e-05	4.82e-05
 1.61344e+15	6.48e-04	1.09e-01	8.91e-01	4.55e-06	0.00e+00	0.00e+00	0.00e+00	0.00e+00	0.00e+00	4.72e-04	1.19e-04	5.71e-05
 1.69518e+15	7.74e-04	1.21e-01	8.78e-01	3.13e-06	0.00e+00	0.00e+00	0.00e+00	0.00e+00	0.00e+00	5.65e-04	1.41e-04	6.79e-05
 1.76596e+15	9.04e-04	1.33e-01	8.66e-01	2.27e-06	0.00e+00	0.00e+00	0.00e+00	0.00e+00	0.00e+00	6.60e-04	1.64e-04	7.90e-05
 1.83120e+15	1.04e-03	1.46e-01	8.53e-01	1.68e-06	0.00e+00	0.00e+00	0.00e+00	0.00e+00	0.00e+00	7.64e-04	1.89e-04	9.10e-05
 1.90613e+15	1.24e-03	1.62e-01	8.37e-01	1.19e-06	0.00e+00	0.00e+00	0.00e+00	0.00e+00	0.00e+00	9.06e-04	2.24e-04	1.07e-04
 1.98617e+15	1.48e-03	1.80e-01	8.18e-01	8.37e-07	0.00e+00	0.00e+00	0.00e+00	0.00e+00	0.00e+00	1.08e-03	2.66e-04	1.28e-04
 2.05603e+15	1.72e-03	1.99e-01	8.00e-01	6.19e-07	0.00e+00	0.00e+00	0.00e+00	0.00e+00	0.00e+00	1.27e-03	3.10e-04	1.49e-04
 2.11988e+15	1.99e-03	2.17e-01	7.81e-01	4.68e-07	0.00e+00	0.00e+00	0.00e+00	0.00e+00	0.00e+00	1.46e-03	3.57e-04	1.71e-04
 2.19274e+15	2.35e-03	2.41e-01	7.57e-01	3.38e-07	0.00e+00	0.00e+00	0.00e+00	0.00e+00	0.00e+00	1.73e-03	4.20e-04	2.01e-04
 2.27082e+15	2.79e-03	2.68e-01	7.29e-01	2.43e-07	0.00e+00	0.00e+00	0.00e+00	0.00e+00	0.00e+00	2.06e-03	4.99e-04	2.39e-04
 2.33927e+15	3.26e-03	2.95e-01	7.02e-01	1.82e-07	0.00e+00	0.00e+00	0.00e+00	0.00e+00	0.00e+00	2.40e-03	5.81e-04	2.78e-04
 2.40174e+15	3.75e-03	3.21e-01	6.75e-01	1.39e-07	0.00e+00	0.00e+00	0.00e+00	0.00e+00	0.00e+00	2.76e-03	6.68e-04	3.19e-04
 2.47287e+15	4.41e-03	3.55e-01	6.41e-01	0.00e+00	0.00e+00	0.00e+00	0.00e+00	0.00e+00	0.00e+00	3.25e-03	7.85e-04	3.75e-04
 2.54958e+15	5.23e-03	3.93e-01	6.02e-01	0.00e+00	0.00e+00	0.00e+00	0.00e+00	0.00e+00	0.00e+00	3.86e-03	9.30e-04	4.44e-04
 2.61738e+15	6.08e-03	4.29e-01	5.65e-01	0.00e+00	0.00e+00	0.00e+00	0.00e+00	0.00e+00	0.00e+00	4.49e-03	1.08e-03	5.16e-04
 2.67936e+15	6.98e-03	4.65e-01	5.28e-01	0.00e+00	0.00e+00	0.00e+00	0.00e+00	0.00e+00	0.00e+00	5.15e-03	1.24e-03	5.92e-04
 2.74995e+15	8.16e-03	5.07e-01	4.85e-01	0.00e+00	0.00e+00	0.00e+00	0.00e+00	0.00e+00	0.00e+00	6.02e-03	1.45e-03	6.92e-04
 2.82700e+15	9.64e-03	5.54e-01	4.36e-01	0.00e+00	0.00e+00	0.00e+00	0.00e+00	0.00e+00	0.00e+00	7.11e-03	1.71e-03	8.16e-04
 2.89673e+15	1.12e-02	5.97e-01	3.92e-01	0.00e+00	0.00e+00	0.00e+00	0.00e+00	0.00e+00	0.00e+00	8.25e-03	1.99e-03	9.48e-04
 2.96163e+15	1.28e-02	6.37e-01	3.50e-01	0.00e+00	0.00e+00	0.00e+00	0.00e+00	0.00e+00	0.00e+00	9.45e-03	2.27e-03	1.09e-03
 3.03599e+15	1.49e-02	6.82e-01	3.03e-01	0.00e+00	0.00e+00	0.00e+00	0.00e+00	0.00e+00	0.00e+00	1.10e-02	2.64e-03	1.26e-03
 3.11908e+15	1.75e-02	7.28e-01	2.54e-01	0.00e+00	0.00e+00	0.00e+00	0.00e+00	0.00e+00	0.00e+00	1.29e-02	3.11e-03	1.49e-03
 3.19795e+15	2.04e-02	7.68e-01	2.11e-01	0.00e+00	0.00e+00	0.00e+00	0.00e+00	0.00e+00	0.00e+00	1.50e-02	3.62e-03	1.73e-03
 3.28489e+15	2.38e-02	8.07e-01	1.69e-01	0.00e+00	0.00e+00	0.00e+00	0.00e+00	0.00e+00	0.00e+00	1.75e-02	4.24e-03	2.03e-03
 3.39792e+15	2.88e-02	8.46e-01	1.25e-01	0.00e+00	0.00e+00	0.00e+00	0.00e+00	0.00e+00	0.00e+00	2.12e-02	5.14e-03	2.46e-03
 3.51427e+15	3.51e-02	8.76e-01	8.93e-02	0.00e+00	0.00e+00	0.00e+00	0.00e+00	0.00e+00	0.00e+00	2.58e-02	6.27e-03	3.01e-03
 3.60548e+15	4.11e-02	8.91e-01	6.75e-02	0.00e+00	0.00e+00	0.00e+00	0.00e+00	0.00e+00	0.00e+00	3.02e-02	7.34e-03	3.53e-03
 3.67921e+15	4.65e-02	9.00e-01	5.34e-02	0.00e+00	0.00e+00	0.00e+00	0.00e+00	0.00e+00	0.00e+00	3.42e-02	8.32e-03	4.00e-03
 3.75974e+15	5.27e-02	9.06e-01	4.10e-02	0.00e+00	0.00e+00	0.00e+00	0.00e+00	0.00e+00	0.00e+00	3.87e-02	9.45e-03	4.56e-03
 3.86442e+15	6.19e-02	9.09e-01	2.91e-02	0.00e+00	0.00e+00	0.00e+00	0.00e+00	0.00e+00	0.00e+00	4.54e-02	1.11e-02	5.38e-03
 3.96799e+15	7.45e-02	9.05e-01	2.03e-02	0.00e+00	0.00e+00	0.00e+00	0.00e+00	0.00e+00	0.00e+00	5.46e-02	1.34e-02	6.51e-03
 4.04472e+15	8.66e-02	8.98e-01	1.52e-02	0.00e+00	0.00e+00	0.00e+00	0.00e+00	0.00e+00	0.00e+00	6.34e-02	1.56e-02	7.59e-03
 4.10728e+15	9.77e-02	8.90e-01	1.19e-02	0.00e+00	0.00e+00	0.00e+00	0.00e+00	0.00e+00	0.00e+00	7.14e-02	1.76e-02	8.60e-03
 4.17680e+15	1.11e-01	8.80e-01	9.06e-03	0.00e+00	0.00e+00	0.00e+00	0.00e+00	0.00e+00	0.00e+00	8.11e-02	2.00e-02	9.81e-03
 4.25419e+15	1.30e-01	8.63e-01	6.53e-03	0.00e+00	0.00e+00	0.00e+00	0.00e+00	0.00e+00	0.00e+00	9.52e-02	2.35e-02	1.16e-02
 4.32359e+15	1.53e-01	8.42e-01	4.74e-03	0.00e+00	0.00e+00	0.00e+00	0.00e+00	0.00e+00	0.00e+00	1.12e-01	2.76e-02	1.37e-02
 4.38136e+15	1.77e-01	8.20e-01	3.55e-03	0.00e+00	0.00e+00	0.00e+00	0.00e+00	0.00e+00	0.00e+00	1.29e-01	3.18e-02	1.58e-02
 4.43281e+15	2.01e-01	7.96e-01	2.70e-03	0.00e+00	0.00e+00	0.00e+00	0.00e+00	0.00e+00	0.00e+00	1.47e-01	3.61e-02	1.80e-02
 4.48254e+15	2.29e-01	7.69e-01	2.04e-03	0.00e+00	0.00e+00	0.00e+00	0.00e+00	0.00e+00	0.00e+00	1.68e-01	4.08e-02	2.05e-02
 4.53094e+15	2.62e-01	7.37e-01	1.52e-03	0.00e+00	0.00e+00	0.00e+00	0.00e+00	0.00e+00	0.00e+00	1.92e-01	4.61e-02	2.34e-02
 4.57620e+15	2.97e-01	7.01e-01	1.14e-03	0.00e+00	0.00e+00	0.00e+00	0.00e+00	0.00e+00	0.00e+00	2.19e-01	5.18e-02	2.65e-02
 4.61738e+15	3.35e-01	6.64e-01	8.53e-04	0.00e+00	0.00e+00	0.00e+00	0.00e+00	0.00e+00	0.00e+00	2.48e-01	5.75e-02	2.97e-02
 4.65367e+15	3.72e-01	6.27e-01	6.52e-04	0.00e+00	0.00e+00	0.00e+00	0.00e+00	0.00e+00	0.00e+00	2.76e-01	6.30e-02	3.28e-02
 4.68386e+15	4.07e-01	5.93e-01	5.15e-04	0.00e+00	0.00e+00	0.00e+00	0.00e+00	0.00e+00	0.00e+00	3.04e-01	6.77e-02	3.56e-02
 4.70927e+15	4.37e-01	5.63e-01	4.20e-04	0.00e+00	0.00e+00	0.00e+00	0.00e+00	0.00e+00	0.00e+00	3.27e-01	7.16e-02	3.79e-02
 4.73116e+15	4.64e-01	5.36e-01	3.50e-04	0.00e+00	0.00e+00	0.00e+00	0.00e+00	0.00e+00	0.00e+00	3.49e-01	7.49e-02	4.00e-02
 4.75047e+15	4.88e-01	5.11e-01	2.97e-04	0.00e+00	0.00e+00	0.00e+00	0.00e+00	0.00e+00	0.00e+00	3.69e-01	7.78e-02	4.18e-02
 4.76900e+15	5.12e-01	4.87e-01	2.53e-04	0.00e+00	0.00e+00	0.00e+00	0.00e+00	0.00e+00	0.00e+00	3.89e-01	8.04e-02	4.36e-02
 4.78697e+15	5.36e-01	4.63e-01	2.15e-04	0.00e+00	0.00e+00	0.00e+00	0.00e+00	0.00e+00	0.00e+00	4.08e-01	8.28e-02	4.52e-02
 4.80388e+15	5.60e-01	4.40e-01	1.84e-04	0.00e+00	0.00e+00	0.00e+00	0.00e+00	0.00e+00	0.00e+00	4.28e-01	8.49e-02	4.68e-02
 4.81964e+15	5.81e-01	4.19e-01	1.59e-04	0.00e+00	0.00e+00	0.00e+00	0.00e+00	0.00e+00	0.00e+00	4.46e-01	8.67e-02	4.81e-02
 4.83425e+15	6.01e-01	3.99e-01	1.39e-04	0.00e+00	0.00e+00	0.00e+00	0.00e+00	0.00e+00	0.00e+00	4.63e-01	8.82e-02	4.93e-02
 4.84570e+15	6.16e-01	3.84e-01	1.25e-04	0.00e+00	0.00e+00	0.00e+00	0.00e+00	0.00e+00	0.00e+00	4.76e-01	8.93e-02	5.02e-02
 4.85378e+15	6.27e-01	3.73e-01	1.15e-04	0.00e+00	0.00e+00	0.00e+00	0.00e+00	0.00e+00	0.00e+00	4.86e-01	9.00e-02	5.08e-02
 4.86141e+15	6.37e-01	3.63e-01	1.07e-04	0.00e+00	0.00e+00	0.00e+00	0.00e+00	0.00e+00	0.00e+00	4.95e-01	9.06e-02	5.13e-02
 4.87001e+15	6.48e-01	3.52e-01	9.84e-05	0.00e+00	0.00e+00	0.00e+00	0.00e+00	0.00e+00	0.00e+00	5.05e-01	9.12e-02	5.19e-02
 4.87961e+15	6.60e-01	3.39e-01	8.94e-05	0.00e+00	0.00e+00	0.00e+00	0.00e+00	0.00e+00	0.00e+00	5.16e-01	9.18e-02	5.25e-02
 4.88923e+15	6.73e-01	3.27e-01	8.12e-05	0.00e+00	0.00e+00	0.00e+00	0.00e+00	0.00e+00	0.00e+00	5.28e-01	9.23e-02	5.31e-02
 4.89803e+15	6.84e-01	3.16e-01	7.44e-05	0.00e+00	0.00e+00	0.00e+00	0.00e+00	0.00e+00	0.00e+00	5.38e-01	9.27e-02	5.35e-02
 4.90642e+15	6.95e-01	3.05e-01	6.84e-05	0.00e+00	0.00e+00	0.00e+00	0.00e+00	0.00e+00	0.00e+00	5.47e-01	9.31e-02	5.40e-02
 4.91509e+15	7.05e-01	2.95e-01	6.26e-05	0.00e+00	0.00e+00	0.00e+00	0.00e+00	0.00e+00	0.00e+00	5.58e-01	9.33e-02	5.44e-02
 4.92397e+15	7.16e-01	2.84e-01	5.72e-05	0.00e+00	0.00e+00	0.00e+00	0.00e+00	0.00e+00	0.00e+00	5.68e-01	9.35e-02	5.48e-02
 4.93281e+15	7.27e-01	2.73e-01	5.22e-05	0.00e+00	0.00e+00	0.00e+00	0.00e+00	0.00e+00	0.00e+00	5.78e-01	9.36e-02	5.51e-02
 4.94147e+15	7.37e-01	2.63e-01	4.78e-05	0.00e+00	0.00e+00	0.00e+00	0.00e+00	0.00e+00	0.00e+00	5.88e-01	9.37e-02	5.54e-02
 4.95005e+15	7.47e-01	2.53e-01	4.37e-05	0.00e+00	0.00e+00	0.00e+00	0.00e+00	0.00e+00	0.00e+00	5.97e-01	9.37e-02	5.56e-02
 4.95863e+15	7.56e-01	2.44e-01	4.00e-05	0.00e+00	0.00e+00	0.00e+00	0.00e+00	0.00e+00	0.00e+00	6.07e-01	9.36e-02	5.59e-02
 4.96724e+15	7.66e-01	2.34e-01	3.65e-05	0.00e+00	0.00e+00	0.00e+00	0.00e+00	0.00e+00	0.00e+00	6.16e-01	9.35e-02	5.60e-02
 4.97584e+15	7.75e-01	2.25e-01	3.34e-05	0.00e+00	0.00e+00	0.00e+00	0.00e+00	0.00e+00	0.00e+00	6.25e-01	9.33e-02	5.62e-02
 4.98436e+15	7.83e-01	2.17e-01	3.05e-05	0.00e+00	0.00e+00	0.00e+00	0.00e+00	0.00e+00	0.00e+00	6.34e-01	9.30e-02	5.63e-02
 4.99294e+15	7.92e-01	2.08e-01	2.79e-05	0.00e+00	0.00e+00	0.00e+00	0.00e+00	0.00e+00	0.00e+00	6.43e-01	9.27e-02	5.63e-02
 5.00156e+15	8.00e-01	2.00e-01	2.55e-05	0.00e+00	0.00e+00	0.00e+00	0.00e+00	0.00e+00	0.00e+00	6.52e-01	9.24e-02	5.64e-02
 5.01016e+15	8.09e-01	1.91e-01	2.32e-05	0.00e+00	0.00e+00	0.00e+00	0.00e+00	0.00e+00	0.00e+00	6.60e-01	9.20e-02	5.64e-02
 5.01870e+15	8.16e-01	1.84e-01	2.12e-05	0.00e+00	0.00e+00	0.00e+00	0.00e+00	0.00e+00	0.00e+00	6.68e-01	9.16e-02	5.64e-02
 5.02729e+15	8.24e-01	1.76e-01	1.94e-05	0.00e+00	0.00e+00	0.00e+00	0.00e+00	0.00e+00	0.00e+00	6.77e-01	9.11e-02	5.63e-02
 5.03591e+15	8.31e-01	1.69e-01	1.77e-05	0.00e+00	0.00e+00	0.00e+00	0.00e+00	0.00e+00	0.00e+00	6.84e-01	9.06e-02	5.62e-02
 5.04456e+15	8.38e-01	1.62e-01	1.62e-05	0.00e+00	0.00e+00	0.00e+00	0.00e+00	0.00e+00	0.00e+00	6.92e-01	9.00e-02	5.61e-02
 5.05328e+15	8.45e-01	1.55e-01	1.47e-05	0.00e+00	0.00e+00	0.00e+00	0.00e+00	0.00e+00	0.00e+00	7.00e-01	8.94e-02	5.60e-02
 5.06194e+15	8.52e-01	1.48e-01	1.34e-05	0.00e+00	0.00e+00	0.00e+00	0.00e+00	0.00e+00	0.00e+00	7.07e-01	8.88e-02	5.58e-02
 5.07058e+15	8.58e-01	1.42e-01	1.23e-05	0.00e+00	0.00e+00	0.00e+00	0.00e+00	0.00e+00	0.00e+00	7.14e-01	8.82e-02	5.56e-02
 5.07932e+15	8.64e-01	1.36e-01	1.12e-05	0.00e+00	0.00e+00	0.00e+00	0.00e+00	0.00e+00	0.00e+00	7.21e-01	8.76e-02	5.54e-02
 5.08815e+15	8.70e-01	1.30e-01	1.02e-05	0.00e+00	0.00e+00	0.00e+00	0.00e+00	0.00e+00	0.00e+00	7.28e-01	8.69e-02	5.52e-02
 5.09698e+15	8.76e-01	1.24e-01	9.28e-06	0.00e+00	0.00e+00	0.00e+00	0.00e+00	0.00e+00	0.00e+00	7.34e-01	8.63e-02	5.50e-02
 5.10571e+15	8.81e-01	1.19e-01	8.47e-06	0.00e+00	0.00e+00	0.00e+00	0.00e+00	0.00e+00	0.00e+00	7.41e-01	8.56e-02	5.47e-02
 5.11440e+15	8.86e-01	1.14e-01	7.74e-06	0.00e+00	0.00e+00	0.00e+00	0.00e+00	0.00e+00	0.00e+00	7.47e-01	8.50e-02	5.45e-02
 5.12309e+15	8.91e-01	1.09e-01	7.06e-06	0.00e+00	0.00e+00	0.00e+00	0.00e+00	0.00e+00	0.00e+00	7.53e-01	8.43e-02	5.42e-02
 5.13183e+15	8.96e-01	1.04e-01	6.45e-06	0.00e+00	0.00e+00	0.00e+00	0.00e+00	0.00e+00	0.00e+00	7.58e-01	8.36e-02	5.40e-02
 5.14058e+15	9.00e-01	9.99e-02	5.89e-06	0.00e+00	0.00e+00	0.00e+00	0.00e+00	0.00e+00	0.00e+00	7.63e-01	8.29e-02	5.37e-02
 5.14927e+15	9.04e-01	9.55e-02	5.38e-06	0.00e+00	0.00e+00	0.00e+00	0.00e+00	0.00e+00	0.00e+00	7.69e-01	8.23e-02	5.34e-02
 5.15802e+15	9.09e-01	9.15e-02	4.92e-06	0.00e+00	0.00e+00	0.00e+00	0.00e+00	0.00e+00	0.00e+00	7.74e-01	8.16e-02	5.31e-02
 5.16684e+15	9.12e-01	8.76e-02	4.49e-06	0.00e+00	0.00e+00	0.00e+00	0.00e+00	0.00e+00	0.00e+00	7.79e-01	8.10e-02	5.28e-02
 5.17560e+15	9.16e-01	8.38e-02	4.11e-06	0.00e+00	0.00e+00	0.00e+00	0.00e+00	0.00e+00	0.00e+00	7.83e-01	8.03e-02	5.25e-02
 5.18439e+15	9.20e-01	8.04e-02	3.76e-06	0.00e+00	0.00e+00	0.00e+00	0.00e+00	0.00e+00	0.00e+00	7.88e-01	7.97e-02	5.23e-02
 5.19323e+15	9.23e-01	7.69e-02	3.43e-06	0.00e+00	0.00e+00	0.00e+00	0.00e+00	0.00e+00	0.00e+00	7.92e-01	7.91e-02	5.20e-02
 5.20213e+15	9.26e-01	7.37e-02	3.14e-06	0.00e+00	0.00e+00	0.00e+00	0.00e+00	0.00e+00	0.00e+00	7.96e-01	7.85e-02	5.17e-02
 5.21102e+15	9.29e-01	7.06e-02	2.87e-06	0.00e+00	0.00e+00	0.00e+00	0.00e+00	0.00e+00	0.00e+00	8.00e-01	7.79e-02	5.14e-02
 5.21988e+15	9.32e-01	6.76e-02	2.63e-06	0.00e+00	0.00e+00	0.00e+00	0.00e+00	0.00e+00	0.00e+00	8.04e-01	7.73e-02	5.11e-02
 5.22885e+15	9.35e-01	6.48e-02	2.40e-06	0.00e+00	0.00e+00	0.00e+00	0.00e+00	0.00e+00	0.00e+00	8.08e-01	7.67e-02	5.08e-02
 5.23795e+15	9.38e-01	6.21e-02	2.20e-06	0.00e+00	0.00e+00	0.00e+00	0.00e+00	0.00e+00	0.00e+00	8.11e-01	7.62e-02	5.06e-02
 5.24706e+15	9.41e-01	5.95e-02	2.01e-06	0.00e+00	0.00e+00	0.00e+00	0.00e+00	0.00e+00	0.00e+00	8.15e-01	7.56e-02	5.03e-02
 5.25615e+15	9.43e-01	5.70e-02	1.84e-06	0.00e+00	0.00e+00	0.00e+00	0.00e+00	0.00e+00	0.00e+00	8.18e-01	7.51e-02	5.00e-02
 5.26526e+15	9.45e-01	5.46e-02	1.68e-06	0.00e+00	0.00e+00	0.00e+00	0.00e+00	0.00e+00	0.00e+00	8.21e-01	7.46e-02	4.98e-02
 5.27447e+15	9.48e-01	5.24e-02	1.54e-06	0.00e+00	0.00e+00	0.00e+00	0.00e+00	0.00e+00	0.00e+00	8.24e-01	7.41e-02	4.95e-02
 5.28375e+15	9.50e-01	5.02e-02	1.41e-06	0.00e+00	0.00e+00	0.00e+00	0.00e+00	0.00e+00	0.00e+00	8.27e-01	7.36e-02	4.92e-02
 5.29309e+15	9.52e-01	4.81e-02	1.29e-06	0.00e+00	0.00e+00	0.00e+00	0.00e+00	0.00e+00	0.00e+00	8.30e-01	7.31e-02	4.90e-02
 5.30246e+15	9.54e-01	4.61e-02	1.18e-06	0.00e+00	0.00e+00	0.00e+00	0.00e+00	0.00e+00	0.00e+00	8.32e-01	7.26e-02	4.88e-02
 5.31180e+15	9.56e-01	4.42e-02	1.08e-06	0.00e+00	0.00e+00	0.00e+00	0.00e+00	0.00e+00	0.00e+00	8.35e-01	7.22e-02	4.85e-02
 5.32126e+15	9.58e-01	4.24e-02	9.85e-07	0.00e+00	0.00e+00	0.00e+00	0.00e+00	0.00e+00	0.00e+00	8.38e-01	7.17e-02	4.83e-02
 5.33085e+15	9.59e-01	4.07e-02	9.01e-07	0.00e+00	0.00e+00	0.00e+00	0.00e+00	0.00e+00	0.00e+00	8.40e-01	7.13e-02	4.80e-02
 5.34043e+15	9.61e-01	3.90e-02	8.24e-07	0.00e+00	0.00e+00	0.00e+00	0.00e+00	0.00e+00	0.00e+00	8.42e-01	7.09e-02	4.78e-02
 5.35003e+15	9.63e-01	3.74e-02	7.54e-07	0.00e+00	0.00e+00	0.00e+00	0.00e+00	0.00e+00	0.00e+00	8.44e-01	7.05e-02	4.76e-02
 5.35969e+15	9.64e-01	3.59e-02	6.90e-07	0.00e+00	0.00e+00	0.00e+00	0.00e+00	0.00e+00	0.00e+00	8.47e-01	7.01e-02	4.74e-02
 5.36942e+15	9.66e-01	3.45e-02	6.32e-07	0.00e+00	0.00e+00	0.00e+00	0.00e+00	0.00e+00	0.00e+00	8.49e-01	6.97e-02	4.71e-02
 5.37917e+15	9.67e-01	3.31e-02	5.78e-07	0.00e+00	0.00e+00	0.00e+00	0.00e+00	0.00e+00	0.00e+00	8.51e-01	6.93e-02	4.69e-02
 5.38897e+15	9.68e-01	3.17e-02	5.29e-07	0.00e+00	0.00e+00	0.00e+00	0.00e+00	0.00e+00	0.00e+00	8.53e-01	6.89e-02	4.67e-02
 5.39880e+15	9.70e-01	3.04e-02	4.85e-07	0.00e+00	0.00e+00	0.00e+00	0.00e+00	0.00e+00	0.00e+00	8.54e-01	6.86e-02	4.65e-02
 5.40865e+15	9.71e-01	2.92e-02	4.44e-07	0.00e+00	0.00e+00	0.00e+00	0.00e+00	0.00e+00	0.00e+00	8.56e-01	6.82e-02	4.63e-02
 5.41855e+15	9.72e-01	2.80e-02	4.07e-07	0.00e+00	0.00e+00	0.00e+00	0.00e+00	0.00e+00	0.00e+00	8.58e-01	6.79e-02	4.61e-02
 5.42854e+15	9.73e-01	2.69e-02	3.72e-07	0.00e+00	0.00e+00	0.00e+00	0.00e+00	0.00e+00	0.00e+00	8.60e-01	6.75e-02	4.59e-02
 5.43856e+15	9.74e-01	2.58e-02	3.41e-07	0.00e+00	0.00e+00	0.00e+00	0.00e+00	0.00e+00	0.00e+00	8.61e-01	6.72e-02	4.57e-02
 5.44845e+15	9.75e-01	2.47e-02	3.13e-07	0.00e+00	0.00e+00	0.00e+00	0.00e+00	0.00e+00	0.00e+00	8.63e-01	6.68e-02	4.55e-02
 5.45781e+15	9.76e-01	2.38e-02	2.89e-07	0.00e+00	0.00e+00	0.00e+00	0.00e+00	0.00e+00	0.00e+00	8.64e-01	6.65e-02	4.53e-02
 5.46643e+15	9.77e-01	2.29e-02	2.68e-07	0.00e+00	0.00e+00	0.00e+00	0.00e+00	0.00e+00	0.00e+00	8.66e-01	6.62e-02	4.51e-02
 5.47410e+15	9.78e-01	2.22e-02	2.52e-07	0.00e+00	0.00e+00	0.00e+00	0.00e+00	0.00e+00	0.00e+00	8.67e-01	6.59e-02	4.49e-02
 5.48088e+15	9.78e-01	2.16e-02	2.38e-07	0.00e+00	0.00e+00	0.00e+00	0.00e+00	0.00e+00	0.00e+00	8.68e-01	6.57e-02	4.48e-02
 5.48724e+15	9.79e-01	2.11e-02	2.26e-07	0.00e+00	0.00e+00	0.00e+00	0.00e+00	0.00e+00	0.00e+00	8.69e-01	6.55e-02	4.46e-02
 5.49327e+15	9.79e-01	2.05e-02	2.15e-07	0.00e+00	0.00e+00	0.00e+00	0.00e+00	0.00e+00	0.00e+00	8.70e-01	6.53e-02	4.45e-02
 5.49893e+15	9.80e-01	2.00e-02	2.05e-07	0.00e+00	0.00e+00	0.00e+00	0.00e+00	0.00e+00	0.00e+00	8.70e-01	6.51e-02	4.44e-02
 5.50420e+15	9.80e-01	1.96e-02	1.96e-07	0.00e+00	0.00e+00	0.00e+00	0.00e+00	0.00e+00	0.00e+00	8.71e-01	6.49e-02	4.42e-02
 5.50907e+15	9.81e-01	1.92e-02	1.89e-07	0.00e+00	0.00e+00	0.00e+00	0.00e+00	0.00e+00	0.00e+00	8.72e-01	6.47e-02	4.41e-02
 5.51361e+15	9.81e-01	1.88e-02	1.82e-07	0.00e+00	0.00e+00	0.00e+00	0.00e+00	0.00e+00	0.00e+00	8.73e-01	6.46e-02	4.40e-02
 5.51788e+15	9.82e-01	1.84e-02	1.76e-07	0.00e+00	0.00e+00	0.00e+00	0.00e+00	0.00e+00	0.00e+00	8.73e-01	6.44e-02	4.39e-02
 5.52193e+15	9.82e-01	1.81e-02	1.70e-07	0.00e+00	0.00e+00	0.00e+00	0.00e+00	0.00e+00	0.00e+00	8.74e-01	6.43e-02	4.38e-02
 5.52570e+15	9.82e-01	1.78e-02	1.65e-07	0.00e+00	0.00e+00	0.00e+00	0.00e+00	0.00e+00	0.00e+00	8.74e-01	6.41e-02	4.37e-02
 5.52931e+15	9.83e-01	1.75e-02	1.60e-07	0.00e+00	0.00e+00	0.00e+00	0.00e+00	0.00e+00	0.00e+00	8.75e-01	6.40e-02	4.36e-02
 5.53286e+15	9.83e-01	1.72e-02	1.55e-07	0.00e+00	0.00e+00	0.00e+00	0.00e+00	0.00e+00	0.00e+00	8.75e-01	6.38e-02	4.35e-02
 5.53637e+15	9.83e-01	1.69e-02	1.51e-07	0.00e+00	0.00e+00	0.00e+00	0.00e+00	0.00e+00	0.00e+00	8.76e-01	6.37e-02	4.34e-02
 5.53983e+15	9.83e-01	1.66e-02	1.47e-07	0.00e+00	0.00e+00	0.00e+00	0.00e+00	0.00e+00	0.00e+00	8.77e-01	6.35e-02	4.32e-02
 5.54311e+15	9.84e-01	1.64e-02	1.43e-07	0.00e+00	0.00e+00	0.00e+00	0.00e+00	0.00e+00	0.00e+00	8.77e-01	6.34e-02	4.31e-02
 5.54622e+15	9.84e-01	1.61e-02	1.39e-07	0.00e+00	0.00e+00	0.00e+00	0.00e+00	0.00e+00	0.00e+00	8.78e-01	6.32e-02	4.30e-02
 5.54935e+15	9.84e-01	1.58e-02	1.36e-07	0.00e+00	0.00e+00	0.00e+00	0.00e+00	0.00e+00	0.00e+00	8.78e-01	6.31e-02	4.29e-02
 5.55258e+15	9.84e-01	1.56e-02	1.32e-07	0.00e+00	0.00e+00	0.00e+00	0.00e+00	0.00e+00	0.00e+00	8.79e-01	6.29e-02	4.28e-02
 5.55589e+15	9.85e-01	1.53e-02	1.28e-07	0.00e+00	0.00e+00	0.00e+00	0.00e+00	0.00e+00	0.00e+00	8.79e-01	6.27e-02	4.26e-02
 5.55923e+15	9.85e-01	1.50e-02	1.25e-07	0.00e+00	0.00e+00	0.00e+00	0.00e+00	0.00e+00	0.00e+00	8.80e-01	6.25e-02	4.25e-02
 5.56265e+15	9.85e-01	1.47e-02	1.21e-07	0.00e+00	0.00e+00	0.00e+00	0.00e+00	0.00e+00	0.00e+00	8.81e-01	6.23e-02	4.23e-02
 5.56645e+15	9.86e-01	1.43e-02	1.17e-07	0.00e+00	0.00e+00	0.00e+00	0.00e+00	0.00e+00	0.00e+00	8.81e-01	6.21e-02	4.22e-02
 5.57052e+15	9.86e-01	1.39e-02	1.13e-07	0.00e+00	0.00e+00	0.00e+00	0.00e+00	0.00e+00	0.00e+00	8.82e-01	6.18e-02	4.19e-02
 5.57444e+15	9.86e-01	1.36e-02	1.09e-07	0.00e+00	0.00e+00	0.00e+00	0.00e+00	0.00e+00	0.00e+00	8.83e-01	6.16e-02	4.17e-02
 5.57800e+15	9.87e-01	1.32e-02	1.05e-07	0.00e+00	0.00e+00	0.00e+00	0.00e+00	0.00e+00	0.00e+00	8.84e-01	6.13e-02	4.15e-02
 5.58124e+15	9.87e-01	1.29e-02	1.02e-07	0.00e+00	0.00e+00	0.00e+00	0.00e+00	0.00e+00	0.00e+00	8.85e-01	6.10e-02	4.13e-02
 5.58420e+15	9.87e-01	1.26e-02	9.90e-08	0.00e+00	0.00e+00	0.00e+00	0.00e+00	0.00e+00	0.00e+00	8.86e-01	6.08e-02	4.11e-02
 5.58688e+15	9.88e-01	1.23e-02	9.64e-08	0.00e+00	0.00e+00	0.00e+00	0.00e+00	0.00e+00	0.00e+00	8.86e-01	6.05e-02	4.09e-02
 5.58933e+15	9.88e-01	1.21e-02	9.40e-08	0.00e+00	0.00e+00	0.00e+00	0.00e+00	0.00e+00	0.00e+00	8.87e-01	6.03e-02	4.07e-02
 5.59155e+15	9.88e-01	1.19e-02	9.18e-08	0.00e+00	0.00e+00	0.00e+00	0.00e+00	0.00e+00	0.00e+00	8.88e-01	6.00e-02	4.05e-02
 5.59358e+15	9.88e-01	1.17e-02	8.99e-08	0.00e+00	0.00e+00	0.00e+00	0.00e+00	0.00e+00	0.00e+00	8.88e-01	5.98e-02	4.04e-02
 5.59542e+15	9.89e-01	1.15e-02	8.81e-08	0.00e+00	0.00e+00	0.00e+00	0.00e+00	0.00e+00	0.00e+00	8.89e-01	5.96e-02	4.02e-02
 5.59709e+15	9.89e-01	1.13e-02	8.65e-08	0.00e+00	0.00e+00	0.00e+00	0.00e+00	0.00e+00	0.00e+00	8.89e-01	5.94e-02	4.01e-02
 5.59862e+15	9.89e-01	1.12e-02	8.50e-08	0.00e+00	0.00e+00	0.00e+00	0.00e+00	0.00e+00	0.00e+00	8.90e-01	5.92e-02	4.00e-02
 5.60029e+15	9.89e-01	1.10e-02	8.34e-08	0.00e+00	0.00e+00	0.00e+00	0.00e+00	0.00e+00	0.00e+00	8.90e-01	5.90e-02	3.98e-02
 5.60210e+15	9.89e-01	1.09e-02	8.17e-08	0.00e+00	0.00e+00	0.00e+00	0.00e+00	0.00e+00	0.00e+00	8.91e-01	5.88e-02	3.97e-02
 5.60374e+15	9.89e-01	1.07e-02	8.01e-08	0.00e+00	0.00e+00	0.00e+00	0.00e+00	0.00e+00	0.00e+00	8.91e-01	5.86e-02	3.95e-02
 5.60523e+15	9.89e-01	1.06e-02	7.87e-08	0.00e+00	0.00e+00	0.00e+00	0.00e+00	0.00e+00	0.00e+00	8.92e-01	5.84e-02	3.94e-02
 5.60687e+15	9.90e-01	1.04e-02	7.73e-08	0.00e+00	0.00e+00	0.00e+00	0.00e+00	0.00e+00	0.00e+00	8.92e-01	5.83e-02	3.93e-02
 5.60900e+15	9.90e-01	1.03e-02	7.54e-08	0.00e+00	0.00e+00	0.00e+00	0.00e+00	0.00e+00	0.00e+00	8.93e-01	5.81e-02	3.91e-02
 5.61130e+15	9.90e-01	1.01e-02	7.35e-08	0.00e+00	0.00e+00	0.00e+00	0.00e+00	0.00e+00	0.00e+00	8.93e-01	5.78e-02	3.90e-02
 5.61339e+15	9.90e-01	9.92e-03	7.16e-08	0.00e+00	0.00e+00	0.00e+00	0.00e+00	0.00e+00	0.00e+00	8.94e-01	5.76e-02	3.88e-02
 5.61529e+15	9.90e-01	9.77e-03	7.01e-08	0.00e+00	0.00e+00	0.00e+00	0.00e+00	0.00e+00	0.00e+00	8.94e-01	5.74e-02	3.87e-02
 5.61702e+15	9.90e-01	9.64e-03	6.86e-08	0.00e+00	0.00e+00	0.00e+00	0.00e+00	0.00e+00	0.00e+00	8.95e-01	5.73e-02	3.85e-02
 5.61892e+15	9.90e-01	9.50e-03	6.71e-08	0.00e+00	0.00e+00	0.00e+00	0.00e+00	0.00e+00	0.00e+00	8.95e-01	5.71e-02	3.84e-02
 5.62097e+15	9.91e-01	9.35e-03	6.54e-08	0.00e+00	0.00e+00	0.00e+00	0.00e+00	0.00e+00	0.00e+00	8.96e-01	5.69e-02	3.82e-02
 5.62283e+15	9.91e-01	9.21e-03	6.39e-08	0.00e+00	0.00e+00	0.00e+00	0.00e+00	0.00e+00	0.00e+00	8.96e-01	5.67e-02	3.81e-02
 5.62453e+15	9.91e-01	9.08e-03	6.25e-08	0.00e+00	0.00e+00	0.00e+00	0.00e+00	0.00e+00	0.00e+00	8.97e-01	5.65e-02	3.79e-02
 5.62639e+15	9.91e-01	8.94e-03	6.11e-08	0.00e+00	0.00e+00	0.00e+00	0.00e+00	0.00e+00	0.00e+00	8.97e-01	5.63e-02	3.78e-02
 5.62840e+15	9.91e-01	8.79e-03	5.95e-08	0.00e+00	0.00e+00	0.00e+00	0.00e+00	0.00e+00	0.00e+00	8.98e-01	5.61e-02	3.76e-02
 5.63022e+15	9.91e-01	8.66e-03	5.81e-08	0.00e+00	0.00e+00	0.00e+00	0.00e+00	0.00e+00	0.00e+00	8.98e-01	5.59e-02	3.74e-02
 5.63189e+15	9.91e-01	8.54e-03	5.68e-08	0.00e+00	0.00e+00	0.00e+00	0.00e+00	0.00e+00	0.00e+00	8.98e-01	5.57e-02	3.73e-02
 5.63371e+15	9.92e-01	8.40e-03	5.53e-08	0.00e+00	0.00e+00	0.00e+00	0.00e+00	0.00e+00	0.00e+00	8.99e-01	5.55e-02	3.71e-02
 5.63567e+15	9.92e-01	8.25e-03	5.36e-08	0.00e+00	0.00e+00	0.00e+00	0.00e+00	0.00e+00	0.00e+00	9.00e-01	5.52e-02	3.69e-02
 5.63746e+15	9.92e-01	8.11e-03	5.22e-08	0.00e+00	0.00e+00	0.00e+00	0.00e+00	0.00e+00	0.00e+00	9.00e-01	5.50e-02	3.67e-02
 5.63909e+15	9.92e-01	7.99e-03	5.09e-08	0.00e+00	0.00e+00	0.00e+00	0.00e+00	0.00e+00	0.00e+00	9.01e-01	5.48e-02	3.65e-02
 5.64057e+15	9.92e-01	7.88e-03	4.98e-08	0.00e+00	0.00e+00	0.00e+00	0.00e+00	0.00e+00	0.00e+00	9.01e-01	5.46e-02	3.64e-02
 5.64220e+15	9.92e-01	7.76e-03	4.85e-08	0.00e+00	0.00e+00	0.00e+00	0.00e+00	0.00e+00	0.00e+00	9.02e-01	5.44e-02	3.62e-02
 5.64395e+15	9.92e-01	7.63e-03	4.72e-08	0.00e+00	0.00e+00	0.00e+00	0.00e+00	0.00e+00	0.00e+00	9.02e-01	5.41e-02	3.60e-02
 5.64554e+15	9.92e-01	7.51e-03	4.60e-08	0.00e+00	0.00e+00	0.00e+00	0.00e+00	0.00e+00	0.00e+00	9.03e-01	5.39e-02	3.58e-02
 5.64700e+15	9.93e-01	7.41e-03	4.50e-08	0.00e+00	0.00e+00	0.00e+00	0.00e+00	0.00e+00	0.00e+00	9.03e-01	5.37e-02	3.56e-02
 5.64859e+15	9.93e-01	7.29e-03	4.39e-08	0.00e+00	0.00e+00	0.00e+00	0.00e+00	0.00e+00	0.00e+00	9.04e-01	5.35e-02	3.54e-02
 5.65030e+15	9.93e-01	7.16e-03	4.27e-08	0.00e+00	0.00e+00	0.00e+00	0.00e+00	0.00e+00	0.00e+00	9.04e-01	5.32e-02	3.52e-02
 5.65187e+15	9.93e-01	7.03e-03	4.15e-08	0.00e+00	0.00e+00	0.00e+00	0.00e+00	0.00e+00	0.00e+00	9.05e-01	5.30e-02	3.50e-02
 5.65329e+15	9.93e-01	6.83e-03	3.99e-08	0.00e+00	0.00e+00	0.00e+00	0.00e+00	0.00e+00	0.00e+00	9.06e-01	5.27e-02	3.48e-02
