#depth	H	H+	H2
 1.35970e+11	1.47e-03	9.99e-01	8.00e-12
 8.15822e+11	1.47e-03	9.99e-01	8.02e-12
 3.53523e+12	1.47e-03	9.99e-01	8.08e-12
 1.44129e+13	1.48e-03	9.99e-01	8.32e-12
 3.44277e+13	1.48e-03	9.99e-01	8.61e-12
 6.04470e+13	1.50e-03	9.99e-01	9.09e-12
 9.42720e+13	1.53e-03	9.98e-01	9.85e-12
 1.38245e+14	1.58e-03	9.98e-01	1.10e-11
 1.95409e+14	1.66e-03	9.98e-01	1.28e-11
 2.69723e+14	1.80e-03	9.98e-01	1.57e-11
 3.66330e+14	1.99e-03	9.98e-01	2.07e-11
 4.71845e+14	2.22e-03	9.98e-01	2.76e-11
 5.69610e+14	2.45e-03	9.98e-01	3.60e-11
 6.68939e+14	2.73e-03	9.97e-01	4.76e-11
 7.54498e+14	2.96e-03	9.97e-01	5.94e-11
 8.16208e+14	3.15e-03	9.97e-01	7.00e-11
 8.82044e+14	3.38e-03	9.97e-01	8.43e-11
 9.54380e+14	3.63e-03	9.96e-01	1.02e-10
 1.02173e+15	3.87e-03	9.96e-01	1.22e-10
 1.09585e+15	4.16e-03	9.96e-01	1.50e-10
 1.17399e+15	4.45e-03	9.96e-01	1.83e-10
 1.24248e+15	4.72e-03	9.95e-01	2.18e-10
 1.31663e+15	5.04e-03	9.95e-01	2.63e-10
 1.39677e+15	5.38e-03	9.95e-01	3.21e-10
 1.46885e+15	5.70e-03	9.94e-01	3.81e-10
 1.53626e+15	6.00e-03	9.94e-01	4.48e-10
 1.61344e+15	6.38e-03	9.94e-01	5.37e-10
 1.69518e+15	6.77e-03	9.93e-01	6.46e-10
 1.76596e+15	7.12e-03	9.93e-01	7.56e-10
 1.83120e+15	7.45e-03	9.93e-01	8.70e-10
 1.90613e+15	7.87e-03	9.92e-01	1.01e-09
 1.98617e+15	8.31e-03	9.92e-01	1.19e-09
 2.05603e+15	8.71e-03	9.91e-01	1.36e-09
 2.11988e+15	9.10e-03	9.91e-01	1.52e-09
 2.19274e+15	9.57e-03	9.90e-01	1.71e-09
 2.27082e+15	1.01e-02	9.90e-01	1.92e-09
 2.33927e+15	1.06e-02	9.89e-01	2.15e-09
 2.40174e+15	1.10e-02	9.89e-01	2.30e-09
 2.47287e+15	1.16e-02	9.88e-01	2.46e-09
 2.54958e+15	1.23e-02	9.88e-01	2.64e-09
 2.61738e+15	1.29e-02	9.87e-01	2.80e-09
 2.67936e+15	1.36e-02	9.86e-01	2.92e-09
 2.74995e+15	1.44e-02	9.86e-01	3.00e-09
 2.82700e+15	1.53e-02	9.85e-01	3.11e-09
 2.89673e+15	1.63e-02	9.84e-01	3.21e-09
 2.96163e+15	1.73e-02	9.83e-01	3.28e-09
 3.03599e+15	1.86e-02	9.81e-01	3.30e-09
 3.11908e+15	2.03e-02	9.80e-01	3.39e-09
 3.19795e+15	2.21e-02	9.78e-01	3.48e-09
 3.28489e+15	2.43e-02	9.76e-01	3.53e-09
 3.39792e+15	2.77e-02	9.72e-01	3.54e-09
 3.51427e+15	3.21e-02	9.68e-01	3.75e-09
 3.60548e+15	3.65e-02	9.63e-01	4.00e-09
 3.67921e+15	4.05e-02	9.59e-01	4.17e-09
 3.75974e+15	4.52e-02	9.55e-01	4.20e-09
 3.86442e+15	5.23e-02	9.48e-01	4.23e-09
 3.96799e+15	6.22e-02	9.38e-01	4.61e-09
 4.04472e+15	7.19e-02	9.28e-01	5.03e-09
 4.10728e+15	8.09e-02	9.19e-01	5.34e-09
 4.17680e+15	9.16e-02	9.08e-01	5.57e-09
 4.25419e+15	1.08e-01	8.92e-01	6.05e-09
 4.32359e+15	1.27e-01	8.73e-01	6.71e-09
 4.38136e+15	1.47e-01	8.53e-01	7.39e-09
 4.43281e+15	1.68e-01	8.32e-01	8.05e-09
 4.48254e+15	1.92e-01	8.08e-01	8.76e-09
 4.53094e+15	2.20e-01	7.80e-01	9.59e-09
 4.57620e+15	2.52e-01	7.48e-01	1.05e-08
 4.61738e+15	2.86e-01	7.14e-01	1.16e-08
 4.65367e+15	3.20e-01	6.80e-01	1.26e-08
 4.68386e+15	3.53e-01	6.47e-01	1.37e-08
 4.70927e+15	3.81e-01	6.19e-01	1.46e-08
 4.73116e+15	4.07e-01	5.93e-01	1.55e-08
 4.75047e+15	4.31e-01	5.69e-01	1.62e-08
 4.76900e+15	4.55e-01	5.45e-01	1.70e-08
 4.78697e+15	4.79e-01	5.21e-01	1.77e-08
 4.80388e+15	5.02e-01	4.98e-01	1.85e-08
 4.81964e+15	5.24e-01	4.76e-01	1.93e-08
 4.83425e+15	5.44e-01	4.56e-01	1.99e-08
 4.84570e+15	5.60e-01	4.40e-01	2.06e-08
 4.85378e+15	5.71e-01	4.29e-01	2.10e-08
 4.86141e+15	5.82e-01	4.18e-01	2.14e-08
 4.87001e+15	5.93e-01	4.07e-01	2.17e-08
 4.87961e+15	6.07e-01	3.93e-01	2.22e-08
 4.88923e+15	6.20e-01	3.80e-01	2.27e-08
 4.89803e+15	6.32e-01	3.68e-01	2.31e-08
 4.90642e+15	6.43e-01	3.57e-01	2.35e-08
 4.91509e+15	6.55e-01	3.45e-01	2.40e-08
 4.92397e+15	6.67e-01	3.33e-01	2.44e-08
 4.93281e+15	6.78e-01	3.22e-01	2.49e-08
 4.94147e+15	6.89e-01	3.11e-01	2.52e-08
 4.95005e+15	7.00e-01	3.00e-01	2.58e-08
 4.95863e+15	7.11e-01	2.89e-01	2.61e-08
 4.96724e+15	7.21e-01	2.79e-01	2.66e-08
 4.97584e+15	7.31e-01	2.69e-01	2.71e-08
 4.98436e+15	7.41e-01	2.59e-01	2.75e-08
 4.99294e+15	7.51e-01	2.49e-01	2.80e-08
 5.00156e+15	7.61e-01	2.39e-01	2.84e-08
 5.01016e+15	7.70e-01	2.30e-01	2.89e-08
 5.01870e+15	7.79e-01	2.21e-01	2.93e-08
 5.02729e+15	7.88e-01	2.12e-01	2.99e-08
 5.03591e+15	7.96e-01	2.04e-01	3.03e-08
 5.04456e+15	8.04e-01	1.96e-01	3.09e-08
 5.05328e+15	8.12e-01	1.88e-01	3.15e-08
 5.06194e+15	8.20e-01	1.80e-01	3.20e-08
 5.07058e+15	8.27e-01	1.73e-01	3.26e-08
 5.07932e+15	8.34e-01	1.66e-01	3.31e-08
 5.08815e+15	8.41e-01	1.59e-01	3.37e-08
 5.09698e+15	8.48e-01	1.52e-01	3.44e-08
 5.10571e+15	8.54e-01	1.46e-01	3.51e-08
 5.11440e+15	8.60e-01	1.40e-01	3.57e-08
 5.12309e+15	8.66e-01	1.34e-01	3.66e-08
 5.13183e+15	8.72e-01	1.28e-01	3.71e-08
 5.14058e+15	8.77e-01	1.23e-01	3.79e-08
 5.14927e+15	8.82e-01	1.18e-01	3.89e-08
 5.15802e+15	8.87e-01	1.13e-01	3.97e-08
 5.16684e+15	8.92e-01	1.08e-01	4.06e-08
 5.17560e+15	8.96e-01	1.04e-01	4.17e-08
 5.18439e+15	9.00e-01	9.96e-02	4.25e-08
 5.19323e+15	9.05e-01	9.53e-02	4.38e-08
 5.20213e+15	9.09e-01	9.15e-02	4.47e-08
 5.21102e+15	9.12e-01	8.77e-02	4.61e-08
 5.21988e+15	9.16e-01	8.41e-02	4.74e-08
 5.22885e+15	9.19e-01	8.07e-02	4.88e-08
 5.23795e+15	9.23e-01	7.73e-02	5.03e-08
 5.24706e+15	9.26e-01	7.42e-02	5.18e-08
 5.25615e+15	9.29e-01	7.11e-02	5.36e-08
 5.26526e+15	9.32e-01	6.82e-02	5.55e-08
 5.27447e+15	9.35e-01	6.55e-02	5.73e-08
 5.28375e+15	9.37e-01	6.28e-02	5.98e-08
 5.29309e+15	9.40e-01	6.03e-02	6.16e-08
 5.30246e+15	9.42e-01	5.78e-02	6.43e-08
 5.31180e+15	9.45e-01	5.55e-02	6.74e-08
 5.32126e+15	9.47e-01	5.33e-02	7.04e-08
 5.33085e+15	9.49e-01	5.11e-02	7.38e-08
 5.34043e+15	9.51e-01	4.90e-02	7.75e-08
 5.35003e+15	9.53e-01	4.71e-02	8.19e-08
 5.35969e+15	9.55e-01	4.52e-02	8.67e-08
 5.36942e+15	9.57e-01	4.34e-02	9.19e-08
 5.37917e+15	9.58e-01	4.17e-02	9.78e-08
 5.38897e+15	9.60e-01	4.00e-02	1.05e-07
 5.39880e+15	9.62e-01	3.84e-02	1.13e-07
 5.40865e+15	9.63e-01	3.69e-02	1.22e-07
 5.41855e+15	9.65e-01	3.54e-02	1.33e-07
 5.42854e+15	9.66e-01	3.40e-02	1.46e-07
 5.43856e+15	9.67e-01	3.27e-02	1.60e-07
 5.44845e+15	9.69e-01	3.14e-02	1.80e-07
 5.45781e+15	9.70e-01	3.02e-02	2.02e-07
 5.46643e+15	9.71e-01	2.91e-02	2.29e-07
 5.47410e+15	9.72e-01	2.83e-02	2.56e-07
 5.48088e+15	9.72e-01	2.75e-02	2.86e-07
 5.48724e+15	9.73e-01	2.68e-02	3.20e-07
 5.49327e+15	9.74e-01	2.62e-02	3.59e-07
 5.49893e+15	9.74e-01	2.56e-02	4.02e-07
 5.50420e+15	9.75e-01	2.50e-02	4.51e-07
 5.50907e+15	9.75e-01	2.45e-02	5.05e-07
 5.51361e+15	9.76e-01	2.40e-02	5.64e-07
 5.51788e+15	9.76e-01	2.36e-02	6.31e-07
 5.52193e+15	9.77e-01	2.32e-02	7.09e-07
 5.52570e+15	9.77e-01	2.28e-02	7.86e-07
 5.52931e+15	9.78e-01	2.24e-02	8.79e-07
 5.53286e+15	9.78e-01	2.21e-02	9.74e-07
 5.53637e+15	9.78e-01	2.17e-02	1.09e-06
 5.53983e+15	9.79e-01	2.14e-02	1.22e-06
 5.54311e+15	9.79e-01	2.10e-02	1.36e-06
 5.54622e+15	9.79e-01	2.07e-02	1.50e-06
 5.54935e+15	9.80e-01	2.04e-02	1.67e-06
 5.55258e+15	9.80e-01	2.01e-02	1.84e-06
 5.55589e+15	9.80e-01	1.97e-02	2.06e-06
 5.55923e+15	9.81e-01	1.94e-02	2.26e-06
 5.56265e+15	9.81e-01	1.90e-02	2.48e-06
 5.56645e+15	9.81e-01	1.86e-02	2.72e-06
 5.57052e+15	9.82e-01	1.81e-02	2.95e-06
 5.57444e+15	9.82e-01	1.77e-02	3.12e-06
 5.57800e+15	9.83e-01	1.73e-02	3.25e-06
 5.58124e+15	9.83e-01	1.69e-02	3.33e-06
 5.58420e+15	9.83e-01	1.65e-02	3.39e-06
 5.58688e+15	9.84e-01	1.62e-02	3.43e-06
 5.58933e+15	9.84e-01	1.60e-02	3.45e-06
 5.59155e+15	9.84e-01	1.57e-02	3.47e-06
 5.59358e+15	9.85e-01	1.55e-02	3.49e-06
 5.59542e+15	9.85e-01	1.53e-02	3.51e-06
 5.59709e+15	9.85e-01	1.51e-02	3.52e-06
 5.59862e+15	9.85e-01	1.49e-02	3.53e-06
 5.60029e+15	9.85e-01	1.47e-02	3.55e-06
 5.60210e+15	9.85e-01	1.45e-02	3.57e-06
 5.60374e+15	9.86e-01	1.43e-02	3.58e-06
 5.60523e+15	9.86e-01	1.42e-02	3.60e-06
 5.60687e+15	9.86e-01	1.40e-02	3.62e-06
 5.60900e+15	9.86e-01	1.38e-02	3.63e-06
 5.61130e+15	9.86e-01	1.36e-02	3.66e-06
 5.61339e+15	9.87e-01	1.34e-02	3.68e-06
 5.61529e+15	9.87e-01	1.32e-02	3.70e-06
 5.61702e+15	9.87e-01	1.31e-02	3.73e-06
 5.61892e+15	9.87e-01	1.29e-02	3.75e-06
 5.62097e+15	9.87e-01	1.27e-02	3.78e-06
 5.62283e+15	9.87e-01	1.26e-02	3.81e-06
 5.62453e+15	9.88e-01	1.24e-02	3.84e-06
 5.62639e+15	9.88e-01	1.23e-02	3.87e-06
 5.62840e+15	9.88e-01	1.21e-02	3.91e-06
 5.63022e+15	9.88e-01	1.19e-02	3.95e-06
 5.63189e+15	9.88e-01	1.18e-02	3.98e-06
 5.63371e+15	9.88e-01	1.16e-02	4.03e-06
 5.63567e+15	9.89e-01	1.15e-02	4.08e-06
 5.63746e+15	9.89e-01	1.13e-02	4.13e-06
 5.63909e+15	9.89e-01	1.12e-02	4.17e-06
 5.64057e+15	9.89e-01	1.10e-02	4.22e-06
 5.64220e+15	9.89e-01	1.09e-02	4.27e-06
 5.64395e+15	9.89e-01	1.07e-02	4.32e-06
 5.64554e+15	9.89e-01	1.06e-02	4.38e-06
 5.64700e+15	9.90e-01	1.05e-02	4.43e-06
 5.64859e+15	9.90e-01	1.04e-02	4.48e-06
 5.65030e+15	9.90e-01	1.02e-02	4.54e-06
 5.65187e+15	9.90e-01	1.01e-02	4.60e-06
 5.65329e+15	9.90e-01	9.80e-03	4.68e-06
