#depth	He	He+	He+2
 1.35970e+11	1.27e-03	9.62e-01	3.71e-02
 8.15822e+11	1.27e-03	9.62e-01	3.70e-02
 3.53523e+12	1.27e-03	9.62e-01	3.65e-02
 1.44129e+13	1.29e-03	9.64e-01	3.48e-02
 3.44277e+13	1.31e-03	9.66e-01	3.25e-02
 6.04470e+13	1.35e-03	9.69e-01	2.94e-02
 9.42720e+13	1.39e-03	9.73e-01	2.54e-02
 1.38245e+14	1.45e-03	9.78e-01	2.08e-02
 1.95409e+14	1.53e-03	9.83e-01	1.58e-02
 2.69723e+14	1.65e-03	9.87e-01	1.10e-02
 3.66330e+14	1.81e-03	9.91e-01	6.79e-03
 4.71845e+14	1.99e-03	9.94e-01	4.04e-03
 5.69610e+14	2.17e-03	9.95e-01	2.50e-03
 6.68939e+14	2.39e-03	9.96e-01	1.53e-03
 7.54498e+14	2.57e-03	9.96e-01	1.03e-03
 8.16208e+14	2.73e-03	9.97e-01	7.68e-04
 8.82044e+14	2.91e-03	9.97e-01	5.58e-04
 9.54380e+14	3.12e-03	9.96e-01	3.98e-04
 1.02173e+15	3.33e-03	9.96e-01	2.92e-04
 1.09585e+15	3.59e-03	9.96e-01	2.06e-04
 1.17399e+15	3.86e-03	9.96e-01	1.46e-04
 1.24248e+15	4.13e-03	9.96e-01	1.08e-04
 1.31663e+15	4.44e-03	9.95e-01	7.74e-05
 1.39677e+15	4.80e-03	9.95e-01	5.49e-05
 1.46885e+15	5.15e-03	9.95e-01	4.05e-05
 1.53626e+15	5.50e-03	9.94e-01	3.06e-05
 1.61344e+15	5.95e-03	9.94e-01	2.21e-05
 1.69518e+15	6.45e-03	9.94e-01	1.59e-05
 1.76596e+15	6.91e-03	9.93e-01	1.20e-05
 1.83120e+15	7.39e-03	9.93e-01	9.30e-06
 1.90613e+15	7.99e-03	9.92e-01	6.92e-06
 1.98617e+15	8.67e-03	9.91e-01	5.11e-06
 2.05603e+15	9.32e-03	9.91e-01	3.94e-06
 2.11988e+15	9.97e-03	9.90e-01	3.11e-06
 2.19274e+15	1.08e-02	9.89e-01	2.37e-06
 2.27082e+15	1.17e-02	9.88e-01	1.80e-06
 2.33927e+15	1.26e-02	9.87e-01	1.42e-06
 2.40174e+15	1.36e-02	9.86e-01	1.14e-06
 2.47287e+15	1.47e-02	9.85e-01	8.93e-07
 2.54958e+15	1.61e-02	9.84e-01	6.94e-07
 2.61738e+15	1.74e-02	9.83e-01	5.58e-07
 2.67936e+15	1.88e-02	9.81e-01	4.58e-07
 2.74995e+15	2.05e-02	9.80e-01	3.67e-07
 2.82700e+15	2.26e-02	9.77e-01	2.91e-07
 2.89673e+15	2.47e-02	9.75e-01	2.38e-07
 2.96163e+15	2.69e-02	9.73e-01	1.98e-07
 3.03599e+15	2.97e-02	9.70e-01	1.61e-07
 3.11908e+15	3.32e-02	9.67e-01	1.30e-07
 3.19795e+15	3.70e-02	9.63e-01	1.06e-07
 3.28489e+15	4.17e-02	9.58e-01	8.64e-08
 3.39792e+15	4.86e-02	9.51e-01	6.72e-08
 3.51427e+15	5.69e-02	9.43e-01	5.35e-08
 3.60548e+15	6.47e-02	9.35e-01	4.54e-08
 3.67921e+15	7.15e-02	9.28e-01	4.01e-08
 3.75974e+15	7.99e-02	9.20e-01	3.51e-08
 3.86442e+15	9.19e-02	9.08e-01	3.01e-08
 3.96799e+15	1.06e-01	8.94e-01	2.64e-08
 4.04472e+15	1.18e-01	8.82e-01	2.42e-08
 4.10728e+15	1.30e-01	8.70e-01	2.26e-08
 4.17680e+15	1.43e-01	8.57e-01	2.09e-08
 4.25419e+15	1.61e-01	8.39e-01	1.94e-08
 4.32359e+15	1.80e-01	8.20e-01	1.83e-08
 4.38136e+15	1.98e-01	8.02e-01	1.75e-08
 4.43281e+15	2.17e-01	7.83e-01	1.68e-08
 4.48254e+15	2.37e-01	7.63e-01	1.62e-08
 4.53094e+15	2.59e-01	7.41e-01	1.57e-08
 4.57620e+15	2.82e-01	7.18e-01	1.53e-08
 4.61738e+15	3.06e-01	6.94e-01	1.50e-08
 4.65367e+15	3.28e-01	6.72e-01	1.48e-08
 4.68386e+15	3.50e-01	6.50e-01	1.46e-08
 4.70927e+15	3.67e-01	6.33e-01	1.45e-08
 4.73116e+15	3.84e-01	6.16e-01	1.45e-08
 4.75047e+15	3.99e-01	6.01e-01	1.45e-08
 4.76900e+15	4.14e-01	5.86e-01	1.45e-08
 4.78697e+15	4.29e-01	5.71e-01	1.45e-08
 4.80388e+15	4.44e-01	5.56e-01	1.45e-08
 4.81964e+15	4.57e-01	5.43e-01	1.46e-08
 4.83425e+15	4.70e-01	5.30e-01	1.47e-08
 4.84570e+15	4.79e-01	5.21e-01	1.48e-08
 4.85378e+15	4.86e-01	5.14e-01	1.48e-08
 4.86141e+15	4.94e-01	5.06e-01	1.49e-08
 4.87001e+15	5.01e-01	4.99e-01	1.50e-08
 4.87961e+15	5.10e-01	4.90e-01	1.50e-08
 4.88923e+15	5.18e-01	4.82e-01	1.51e-08
 4.89803e+15	5.26e-01	4.74e-01	1.52e-08
 4.90642e+15	5.34e-01	4.66e-01	1.54e-08
 4.91509e+15	5.42e-01	4.58e-01	1.55e-08
 4.92397e+15	5.49e-01	4.51e-01	1.56e-08
 4.93281e+15	5.58e-01	4.42e-01	1.57e-08
 4.94147e+15	5.65e-01	4.35e-01	1.59e-08
 4.95005e+15	5.73e-01	4.27e-01	1.60e-08
 4.95863e+15	5.80e-01	4.20e-01	1.61e-08
 4.96724e+15	5.88e-01	4.12e-01	1.63e-08
 4.97584e+15	5.96e-01	4.04e-01	1.64e-08
 4.98436e+15	6.03e-01	3.97e-01	1.66e-08
 4.99294e+15	6.11e-01	3.89e-01	1.68e-08
 5.00156e+15	6.19e-01	3.81e-01	1.69e-08
 5.01016e+15	6.26e-01	3.74e-01	1.71e-08
 5.01870e+15	6.33e-01	3.67e-01	1.73e-08
 5.02729e+15	6.41e-01	3.59e-01	1.74e-08
 5.03591e+15	6.48e-01	3.52e-01	1.76e-08
 5.04456e+15	6.56e-01	3.44e-01	1.78e-08
 5.05328e+15	6.63e-01	3.37e-01	1.80e-08
 5.06194e+15	6.71e-01	3.29e-01	1.82e-08
 5.07058e+15	6.78e-01	3.22e-01	1.83e-08
 5.07932e+15	6.85e-01	3.15e-01	1.85e-08
 5.08815e+15	6.92e-01	3.08e-01	1.87e-08
 5.09698e+15	6.99e-01	3.01e-01	1.89e-08
 5.10571e+15	7.06e-01	2.94e-01	1.90e-08
 5.11440e+15	7.13e-01	2.87e-01	1.92e-08
 5.12309e+15	7.20e-01	2.80e-01	1.93e-08
 5.13183e+15	7.27e-01	2.73e-01	1.95e-08
 5.14058e+15	7.34e-01	2.66e-01	1.97e-08
 5.14927e+15	7.40e-01	2.60e-01	1.98e-08
 5.15802e+15	7.47e-01	2.53e-01	1.99e-08
 5.16684e+15	7.53e-01	2.47e-01	2.01e-08
 5.17560e+15	7.60e-01	2.40e-01	2.02e-08
 5.18439e+15	7.66e-01	2.34e-01	2.03e-08
 5.19323e+15	7.72e-01	2.28e-01	2.04e-08
 5.20213e+15	7.78e-01	2.22e-01	2.05e-08
 5.21102e+15	7.85e-01	2.15e-01	2.06e-08
 5.21988e+15	7.91e-01	2.09e-01	2.06e-08
 5.22885e+15	7.96e-01	2.04e-01	2.07e-08
 5.23795e+15	8.02e-01	1.98e-01	2.07e-08
 5.24706e+15	8.08e-01	1.92e-01	2.08e-08
 5.25615e+15	8.14e-01	1.86e-01	2.08e-08
 5.26526e+15	8.19e-01	1.81e-01	2.08e-08
 5.27447e+15	8.25e-01	1.75e-01	2.09e-08
 5.28375e+15	8.30e-01	1.70e-01	2.08e-08
 5.29309e+15	8.35e-01	1.65e-01	2.09e-08
 5.30246e+15	8.40e-01	1.60e-01	2.08e-08
 5.31180e+15	8.45e-01	1.55e-01	2.08e-08
 5.32126e+15	8.50e-01	1.50e-01	2.07e-08
 5.33085e+15	8.55e-01	1.45e-01	2.07e-08
 5.34043e+15	8.60e-01	1.40e-01	2.06e-08
 5.35003e+15	8.65e-01	1.35e-01	2.05e-08
 5.35969e+15	8.69e-01	1.31e-01	2.04e-08
 5.36942e+15	8.74e-01	1.26e-01	2.03e-08
 5.37917e+15	8.78e-01	1.22e-01	2.02e-08
 5.38897e+15	8.82e-01	1.18e-01	2.00e-08
 5.39880e+15	8.86e-01	1.14e-01	1.99e-08
 5.40865e+15	8.90e-01	1.10e-01	1.98e-08
 5.41855e+15	8.94e-01	1.06e-01	1.96e-08
 5.42854e+15	8.98e-01	1.02e-01	1.94e-08
 5.43856e+15	9.02e-01	9.84e-02	1.92e-08
 5.44845e+15	9.05e-01	9.48e-02	1.90e-08
 5.45781e+15	9.08e-01	9.17e-02	1.88e-08
 5.46643e+15	9.11e-01	8.87e-02	1.86e-08
 5.47410e+15	9.14e-01	8.63e-02	1.84e-08
 5.48088e+15	9.16e-01	8.41e-02	1.82e-08
 5.48724e+15	9.18e-01	8.21e-02	1.80e-08
 5.49327e+15	9.20e-01	8.02e-02	1.78e-08
 5.49893e+15	9.22e-01	7.84e-02	1.76e-08
 5.50420e+15	9.23e-01	7.68e-02	1.74e-08
 5.50907e+15	9.25e-01	7.54e-02	1.72e-08
 5.51361e+15	9.26e-01	7.40e-02	1.71e-08
 5.51788e+15	9.27e-01	7.28e-02	1.69e-08
 5.52193e+15	9.28e-01	7.15e-02	1.67e-08
 5.52570e+15	9.29e-01	7.05e-02	1.66e-08
 5.52931e+15	9.31e-01	6.94e-02	1.64e-08
 5.53286e+15	9.32e-01	6.85e-02	1.62e-08
 5.53637e+15	9.33e-01	6.75e-02	1.61e-08
 5.53983e+15	9.33e-01	6.65e-02	1.59e-08
 5.54311e+15	9.34e-01	6.56e-02	1.58e-08
 5.54622e+15	9.35e-01	6.47e-02	1.56e-08
 5.54935e+15	9.36e-01	6.39e-02	1.54e-08
 5.55258e+15	9.37e-01	6.30e-02	1.53e-08
 5.55589e+15	9.38e-01	6.21e-02	1.51e-08
 5.55923e+15	9.39e-01	6.12e-02	1.49e-08
 5.56265e+15	9.40e-01	6.02e-02	1.47e-08
 5.56645e+15	9.41e-01	5.92e-02	1.44e-08
 5.57052e+15	9.42e-01	5.80e-02	1.42e-08
 5.57444e+15	9.43e-01	5.70e-02	1.39e-08
 5.57800e+15	9.44e-01	5.60e-02	1.37e-08
 5.58124e+15	9.45e-01	5.51e-02	1.34e-08
 5.58420e+15	9.46e-01	5.43e-02	1.32e-08
 5.58688e+15	9.46e-01	5.35e-02	1.30e-08
 5.58933e+15	9.47e-01	5.28e-02	1.28e-08
 5.59155e+15	9.48e-01	5.22e-02	1.26e-08
 5.59358e+15	9.48e-01	5.16e-02	1.25e-08
 5.59542e+15	9.49e-01	5.11e-02	1.23e-08
 5.59709e+15	9.49e-01	5.06e-02	1.22e-08
 5.59862e+15	9.50e-01	5.02e-02	1.21e-08
 5.60029e+15	9.50e-01	4.97e-02	1.19e-08
 5.60210e+15	9.51e-01	4.92e-02	1.18e-08
 5.60374e+15	9.51e-01	4.87e-02	1.17e-08
 5.60523e+15	9.52e-01	4.83e-02	1.15e-08
 5.60687e+15	9.52e-01	4.78e-02	1.14e-08
 5.60900e+15	9.53e-01	4.73e-02	1.13e-08
 5.61130e+15	9.53e-01	4.67e-02	1.11e-08
 5.61339e+15	9.54e-01	4.62e-02	1.10e-08
 5.61529e+15	9.54e-01	4.57e-02	1.09e-08
 5.61702e+15	9.55e-01	4.53e-02	1.08e-08
 5.61892e+15	9.55e-01	4.48e-02	1.06e-08
 5.62097e+15	9.56e-01	4.43e-02	1.05e-08
 5.62283e+15	9.56e-01	4.38e-02	1.04e-08
 5.62453e+15	9.57e-01	4.34e-02	1.03e-08
 5.62639e+15	9.57e-01	4.29e-02	1.02e-08
 5.62840e+15	9.58e-01	4.24e-02	1.00e-08
 5.63022e+15	9.58e-01	4.20e-02	9.91e-09
 5.63189e+15	9.58e-01	4.16e-02	9.81e-09
 5.63371e+15	9.59e-01	4.11e-02	9.68e-09
 5.63567e+15	9.59e-01	4.06e-02	9.54e-09
 5.63746e+15	9.60e-01	4.02e-02	9.43e-09
 5.63909e+15	9.60e-01	3.98e-02	9.31e-09
 5.64057e+15	9.61e-01	3.94e-02	9.22e-09
 5.64220e+15	9.61e-01	3.90e-02	9.10e-09
 5.64395e+15	9.61e-01	3.86e-02	8.99e-09
 5.64554e+15	9.62e-01	3.82e-02	8.88e-09
 5.64700e+15	9.62e-01	3.79e-02	8.80e-09
 5.64859e+15	9.63e-01	3.75e-02	8.69e-09
 5.65030e+15	9.63e-01	3.71e-02	8.59e-09
 5.65187e+15	9.63e-01	3.67e-02	8.51e-09
 5.65329e+15	9.63e-01	3.65e-02	8.49e-09
