#depth	H	H+	H2
 2.82628e+11	8.94e-04	9.99e-01	1.62e-14
 1.69577e+12	8.94e-04	9.99e-01	1.62e-14
 7.34833e+12	8.94e-04	9.99e-01	1.62e-14
 2.99586e+13	8.94e-04	9.99e-01	1.63e-14
 7.15614e+13	8.90e-04	9.99e-01	1.63e-14
 1.25645e+14	8.86e-04	9.99e-01	1.63e-14
 1.95954e+14	8.82e-04	9.99e-01	1.63e-14
 2.87355e+14	8.79e-04	9.99e-01	1.64e-14
 4.06177e+14	8.75e-04	9.99e-01	1.65e-14
 5.60646e+14	8.73e-04	9.99e-01	1.67e-14
 7.61455e+14	8.71e-04	9.99e-01	1.69e-14
 1.02251e+15	8.71e-04	9.99e-01	1.73e-14
 1.36187e+15	8.74e-04	9.99e-01	1.78e-14
 1.80305e+15	8.81e-04	9.99e-01	1.85e-14
 2.37658e+15	8.96e-04	9.99e-01	1.96e-14
 3.12217e+15	9.20e-04	9.99e-01	2.12e-14
 4.09144e+15	9.62e-04	9.99e-01	2.36e-14
 5.35148e+15	1.03e-03	9.99e-01	2.74e-14
 6.72233e+15	1.11e-03	9.99e-01	3.23e-14
 7.93049e+15	1.21e-03	9.99e-01	3.76e-14
 8.90400e+15	1.30e-03	9.99e-01	4.27e-14
 9.79440e+15	1.41e-03	9.99e-01	4.85e-14
 1.07249e+16	1.54e-03	9.98e-01	5.59e-14
 1.16043e+16	1.68e-03	9.98e-01	6.41e-14
 1.23920e+16	1.83e-03	9.98e-01	7.29e-14
 1.31159e+16	1.99e-03	9.98e-01	8.25e-14
 1.38068e+16	2.17e-03	9.98e-01	9.31e-14
 1.44708e+16	2.36e-03	9.98e-01	1.05e-13
 1.51001e+16	2.58e-03	9.97e-01	1.19e-13
 1.56910e+16	2.82e-03	9.97e-01	1.34e-13
 1.62489e+16	3.08e-03	9.97e-01	1.51e-13
 1.67801e+16	3.37e-03	9.97e-01	1.70e-13
 1.72876e+16	3.68e-03	9.96e-01	1.91e-13
 1.77717e+16	4.03e-03	9.96e-01	2.15e-13
 1.82324e+16	4.42e-03	9.96e-01	2.41e-13
 1.86711e+16	4.85e-03	9.95e-01	2.71e-13
 1.90906e+16	5.33e-03	9.95e-01	3.05e-13
 1.94921e+16	5.85e-03	9.94e-01	3.41e-13
 1.98765e+16	6.46e-03	9.94e-01	3.85e-13
 2.02442e+16	7.11e-03	9.93e-01	4.31e-13
 2.05965e+16	7.87e-03	9.92e-01	4.87e-13
 2.09302e+16	8.71e-03	9.91e-01	5.50e-13
 2.12406e+16	9.62e-03	9.90e-01	6.18e-13
 2.15320e+16	1.06e-02	9.89e-01	6.94e-13
 2.18091e+16	1.18e-02	9.88e-01	7.81e-13
 2.20731e+16	1.31e-02	9.87e-01	8.79e-13
 2.23237e+16	1.45e-02	9.85e-01	9.93e-13
 2.25602e+16	1.62e-02	9.84e-01	1.12e-12
 2.27830e+16	1.81e-02	9.82e-01	1.27e-12
 2.29941e+16	2.02e-02	9.80e-01	1.44e-12
 2.31953e+16	2.27e-02	9.77e-01	1.64e-12
 2.33868e+16	2.56e-02	9.74e-01	1.88e-12
 2.35683e+16	2.90e-02	9.71e-01	2.16e-12
 2.37398e+16	3.31e-02	9.67e-01	2.50e-12
 2.39015e+16	3.78e-02	9.62e-01	2.90e-12
 2.40537e+16	4.34e-02	9.57e-01	3.39e-12
 2.41976e+16	5.01e-02	9.50e-01	3.99e-12
 2.43342e+16	5.84e-02	9.42e-01	4.75e-12
 2.44626e+16	6.85e-02	9.31e-01	5.70e-12
 2.45816e+16	8.02e-02	9.20e-01	6.82e-12
 2.46776e+16	9.26e-02	9.07e-01	8.07e-12
 2.47455e+16	1.04e-01	8.96e-01	9.20e-12
 2.48028e+16	1.14e-01	8.86e-01	1.03e-11
 2.48674e+16	1.28e-01	8.72e-01	1.19e-11
 2.49366e+16	1.46e-01	8.54e-01	1.39e-11
 2.49943e+16	1.64e-01	8.36e-01	1.61e-11
 2.50406e+16	1.80e-01	8.20e-01	1.81e-11
 2.50895e+16	2.00e-01	8.00e-01	2.08e-11
 2.51411e+16	2.23e-01	7.77e-01	2.40e-11
 2.51841e+16	2.45e-01	7.55e-01	2.73e-11
 2.52210e+16	2.66e-01	7.34e-01	3.05e-11
 2.52619e+16	2.91e-01	7.09e-01	3.49e-11
 2.53050e+16	3.20e-01	6.80e-01	4.01e-11
 2.53413e+16	3.46e-01	6.54e-01	4.54e-11
 2.53727e+16	3.70e-01	6.30e-01	5.03e-11
 2.54045e+16	3.95e-01	6.05e-01	5.64e-11
 2.54387e+16	4.24e-01	5.76e-01	6.36e-11
 2.54720e+16	4.52e-01	5.48e-01	7.15e-11
 2.55012e+16	4.77e-01	5.23e-01	7.90e-11
 2.55271e+16	5.00e-01	5.00e-01	8.70e-11
 2.55522e+16	5.21e-01	4.79e-01	9.48e-11
 2.55765e+16	5.43e-01	4.57e-01	1.04e-10
 2.55953e+16	5.59e-01	4.41e-01	1.10e-10
 2.56080e+16	5.69e-01	4.31e-01	1.15e-10
 2.56207e+16	5.80e-01	4.20e-01	1.20e-10
 2.56356e+16	5.93e-01	4.07e-01	1.27e-10
 2.56513e+16	6.07e-01	3.93e-01	1.35e-10
 2.56658e+16	6.19e-01	3.81e-01	1.42e-10
 2.56798e+16	6.31e-01	3.69e-01	1.50e-10
 2.56940e+16	6.42e-01	3.58e-01	1.57e-10
 2.57085e+16	6.54e-01	3.46e-01	1.66e-10
 2.57229e+16	6.66e-01	3.34e-01	1.75e-10
 2.57371e+16	6.77e-01	3.23e-01	1.84e-10
 2.57511e+16	6.88e-01	3.12e-01	1.93e-10
 2.57652e+16	6.99e-01	3.01e-01	2.03e-10
 2.57794e+16	7.10e-01	2.90e-01	2.14e-10
 2.57935e+16	7.21e-01	2.79e-01	2.26e-10
 2.58075e+16	7.30e-01	2.70e-01	2.37e-10
 2.58215e+16	7.41e-01	2.59e-01	2.50e-10
 2.58355e+16	7.50e-01	2.50e-01	2.62e-10
 2.58495e+16	7.60e-01	2.40e-01	2.76e-10
 2.58636e+16	7.69e-01	2.31e-01	2.91e-10
 2.58774e+16	7.78e-01	2.22e-01	3.06e-10
 2.58911e+16	7.87e-01	2.13e-01	3.22e-10
 2.59051e+16	7.95e-01	2.05e-01	3.40e-10
 2.59190e+16	8.03e-01	1.97e-01	3.57e-10
 2.59327e+16	8.12e-01	1.88e-01	3.77e-10
 2.59465e+16	8.19e-01	1.81e-01	3.98e-10
 2.59602e+16	8.27e-01	1.73e-01	4.19e-10
 2.59738e+16	8.34e-01	1.66e-01	4.42e-10
 2.59875e+16	8.41e-01	1.59e-01	4.66e-10
 2.60010e+16	8.47e-01	1.53e-01	4.91e-10
 2.60142e+16	8.54e-01	1.46e-01	5.17e-10
 2.60273e+16	8.60e-01	1.40e-01	5.45e-10
 2.60403e+16	8.66e-01	1.34e-01	5.77e-10
 2.60531e+16	8.71e-01	1.29e-01	6.03e-10
 2.60659e+16	8.76e-01	1.24e-01	6.38e-10
 2.60783e+16	8.81e-01	1.19e-01	6.75e-10
 2.60908e+16	8.86e-01	1.14e-01	7.12e-10
 2.61032e+16	8.90e-01	1.10e-01	7.46e-10
 2.61154e+16	8.95e-01	1.05e-01	7.91e-10
 2.61275e+16	8.99e-01	1.01e-01	8.36e-10
 2.61395e+16	9.03e-01	9.69e-02	8.83e-10
 2.61515e+16	9.07e-01	9.31e-02	9.28e-10
 2.61633e+16	9.11e-01	8.94e-02	9.84e-10
 2.61750e+16	9.14e-01	8.59e-02	1.04e-09
 2.61866e+16	9.17e-01	8.25e-02	1.10e-09
 2.61983e+16	9.21e-01	7.94e-02	1.16e-09
 2.62098e+16	9.24e-01	7.62e-02	1.22e-09
 2.62213e+16	9.27e-01	7.33e-02	1.30e-09
 2.62326e+16	9.30e-01	7.04e-02	1.38e-09
 2.62437e+16	9.32e-01	6.77e-02	1.46e-09
 2.62549e+16	9.35e-01	6.52e-02	1.54e-09
 2.62662e+16	9.37e-01	6.27e-02	1.64e-09
 2.62774e+16	9.40e-01	6.02e-02	1.75e-09
 2.62884e+16	9.42e-01	5.79e-02	1.86e-09
 2.62994e+16	9.44e-01	5.58e-02	1.95e-09
 2.63105e+16	9.46e-01	5.36e-02	2.09e-09
 2.63214e+16	9.48e-01	5.16e-02	2.23e-09
 2.63320e+16	9.50e-01	4.96e-02	2.38e-09
 2.63430e+16	9.52e-01	4.79e-02	2.50e-09
 2.63541e+16	9.54e-01	4.60e-02	2.68e-09
 2.63647e+16	9.56e-01	4.43e-02	2.88e-09
 2.63752e+16	9.57e-01	4.26e-02	3.09e-09
 2.63857e+16	9.59e-01	4.09e-02	3.31e-09
 2.63967e+16	9.61e-01	3.94e-02	3.55e-09
 2.64078e+16	9.62e-01	3.78e-02	3.81e-09
 2.64184e+16	9.64e-01	3.63e-02	4.10e-09
 2.64286e+16	9.65e-01	3.51e-02	4.41e-09
 2.64386e+16	9.66e-01	3.38e-02	4.74e-09
 2.64486e+16	9.67e-01	3.26e-02	5.08e-09
 2.64590e+16	9.69e-01	3.14e-02	5.55e-09
 2.64691e+16	9.70e-01	3.02e-02	6.00e-09
 2.64792e+16	9.71e-01	2.90e-02	6.53e-09
 2.64897e+16	9.72e-01	2.79e-02	7.15e-09
 2.64998e+16	9.73e-01	2.68e-02	7.78e-09
 2.65095e+16	9.74e-01	2.58e-02	8.51e-09
 2.65190e+16	9.75e-01	2.48e-02	9.34e-09
 2.65287e+16	9.76e-01	2.39e-02	1.03e-08
 2.65384e+16	9.77e-01	2.29e-02	1.14e-08
 2.65477e+16	9.78e-01	2.20e-02	1.26e-08
 2.65569e+16	9.79e-01	2.12e-02	1.39e-08
 2.65659e+16	9.80e-01	2.04e-02	1.53e-08
 2.65748e+16	9.80e-01	1.95e-02	1.69e-08
 2.65834e+16	9.81e-01	1.88e-02	1.86e-08
 2.65920e+16	9.82e-01	1.80e-02	2.05e-08
 2.66005e+16	9.83e-01	1.73e-02	2.23e-08
 2.66087e+16	9.83e-01	1.66e-02	2.42e-08
 2.66162e+16	9.84e-01	1.59e-02	2.58e-08
 2.66228e+16	9.85e-01	1.54e-02	2.71e-08
 2.66287e+16	9.85e-01	1.49e-02	2.81e-08
 2.66341e+16	9.86e-01	1.44e-02	2.89e-08
 2.66392e+16	9.86e-01	1.40e-02	2.96e-08
 2.66440e+16	9.86e-01	1.37e-02	3.01e-08
 2.66484e+16	9.87e-01	1.33e-02	3.06e-08
 2.66525e+16	9.87e-01	1.30e-02	3.11e-08
 2.66564e+16	9.87e-01	1.27e-02	3.15e-08
 2.66601e+16	9.88e-01	1.24e-02	3.19e-08
 2.66635e+16	9.88e-01	1.21e-02	3.23e-08
 2.66666e+16	9.88e-01	1.18e-02	3.27e-08
 2.66694e+16	9.88e-01	1.16e-02	3.30e-08
 2.66720e+16	9.89e-01	1.14e-02	3.34e-08
 2.66743e+16	9.89e-01	1.12e-02	3.38e-08
 2.66765e+16	9.89e-01	1.11e-02	3.41e-08
 2.66784e+16	9.89e-01	1.09e-02	3.44e-08
 2.66805e+16	9.89e-01	1.08e-02	3.48e-08
 2.66833e+16	9.89e-01	1.05e-02	3.54e-08
 2.66863e+16	9.90e-01	1.03e-02	3.60e-08
 2.66890e+16	9.90e-01	1.01e-02	3.67e-08
 2.66915e+16	9.90e-01	9.85e-03	3.74e-08
