#depth	O	O+	O+2	O+3	O+4	O+5	O+6	O+7	O+8	O[1]	O[2]	O[3]
 2.82628e+11	2.23e-05	3.57e-02	9.64e-01	2.27e-04	0.00e+00	0.00e+00	0.00e+00	0.00e+00	0.00e+00	1.46e-05	5.47e-06	2.28e-06
 1.69577e+12	2.23e-05	3.57e-02	9.64e-01	2.26e-04	0.00e+00	0.00e+00	0.00e+00	0.00e+00	0.00e+00	1.45e-05	5.47e-06	2.28e-06
 7.34833e+12	2.23e-05	3.57e-02	9.64e-01	2.22e-04	0.00e+00	0.00e+00	0.00e+00	0.00e+00	0.00e+00	1.45e-05	5.47e-06	2.28e-06
 2.99586e+13	2.24e-05	3.58e-02	9.64e-01	2.10e-04	0.00e+00	0.00e+00	0.00e+00	0.00e+00	0.00e+00	1.46e-05	5.48e-06	2.29e-06
 7.15614e+13	2.23e-05	3.59e-02	9.64e-01	1.93e-04	0.00e+00	0.00e+00	0.00e+00	0.00e+00	0.00e+00	1.45e-05	5.49e-06	2.29e-06
 1.25645e+14	2.23e-05	3.60e-02	9.64e-01	1.73e-04	0.00e+00	0.00e+00	0.00e+00	0.00e+00	0.00e+00	1.45e-05	5.49e-06	2.29e-06
 1.95954e+14	2.24e-05	3.61e-02	9.64e-01	1.49e-04	0.00e+00	0.00e+00	0.00e+00	0.00e+00	0.00e+00	1.46e-05	5.51e-06	2.30e-06
 2.87355e+14	2.25e-05	3.62e-02	9.64e-01	1.22e-04	0.00e+00	0.00e+00	0.00e+00	0.00e+00	0.00e+00	1.46e-05	5.53e-06	2.31e-06
 4.06177e+14	2.26e-05	3.65e-02	9.63e-01	9.43e-05	0.00e+00	0.00e+00	0.00e+00	0.00e+00	0.00e+00	1.47e-05	5.57e-06	2.32e-06
 5.60646e+14	2.29e-05	3.68e-02	9.63e-01	6.69e-05	0.00e+00	0.00e+00	0.00e+00	0.00e+00	0.00e+00	1.49e-05	5.62e-06	2.35e-06
 7.61455e+14	2.32e-05	3.72e-02	9.63e-01	4.28e-05	0.00e+00	0.00e+00	0.00e+00	0.00e+00	0.00e+00	1.51e-05	5.71e-06	2.38e-06
 1.02251e+15	2.38e-05	3.77e-02	9.62e-01	2.40e-05	0.00e+00	0.00e+00	0.00e+00	0.00e+00	0.00e+00	1.55e-05	5.83e-06	2.44e-06
 1.36187e+15	2.45e-05	3.84e-02	9.62e-01	1.15e-05	0.00e+00	0.00e+00	0.00e+00	0.00e+00	0.00e+00	1.60e-05	6.02e-06	2.52e-06
 1.80305e+15	2.57e-05	3.94e-02	9.61e-01	4.69e-06	0.00e+00	0.00e+00	0.00e+00	0.00e+00	0.00e+00	1.67e-05	6.30e-06	2.64e-06
 2.37658e+15	2.73e-05	4.07e-02	9.59e-01	1.71e-06	0.00e+00	0.00e+00	0.00e+00	0.00e+00	0.00e+00	1.78e-05	6.70e-06	2.81e-06
 3.12217e+15	2.99e-05	4.25e-02	9.57e-01	6.99e-07	0.00e+00	0.00e+00	0.00e+00	0.00e+00	0.00e+00	1.95e-05	7.32e-06	3.07e-06
 4.09144e+15	3.38e-05	4.50e-02	9.55e-01	4.22e-07	0.00e+00	0.00e+00	0.00e+00	0.00e+00	0.00e+00	2.21e-05	8.28e-06	3.48e-06
 5.35148e+15	4.02e-05	4.86e-02	9.51e-01	3.35e-07	0.00e+00	0.00e+00	0.00e+00	0.00e+00	0.00e+00	2.62e-05	9.83e-06	4.14e-06
 6.72476e+15	4.86e-05	5.28e-02	9.47e-01	2.88e-07	0.00e+00	0.00e+00	0.00e+00	0.00e+00	0.00e+00	3.17e-05	1.19e-05	5.00e-06
 7.93819e+15	5.83e-05	5.70e-02	9.43e-01	2.58e-07	0.00e+00	0.00e+00	0.00e+00	0.00e+00	0.00e+00	3.80e-05	1.42e-05	6.00e-06
 8.91508e+15	6.80e-05	6.07e-02	9.39e-01	2.34e-07	0.00e+00	0.00e+00	0.00e+00	0.00e+00	0.00e+00	4.44e-05	1.66e-05	7.00e-06
 9.80658e+15	7.99e-05	6.48e-02	9.35e-01	2.15e-07	0.00e+00	0.00e+00	0.00e+00	0.00e+00	0.00e+00	5.22e-05	1.95e-05	8.23e-06
 1.07334e+16	9.49e-05	6.93e-02	9.31e-01	1.96e-07	0.00e+00	0.00e+00	0.00e+00	0.00e+00	0.00e+00	6.19e-05	2.31e-05	9.77e-06
 1.16104e+16	1.13e-04	7.43e-02	9.26e-01	1.80e-07	0.00e+00	0.00e+00	0.00e+00	0.00e+00	0.00e+00	7.37e-05	2.75e-05	1.16e-05
 1.24016e+16	1.33e-04	7.94e-02	9.20e-01	1.66e-07	0.00e+00	0.00e+00	0.00e+00	0.00e+00	0.00e+00	8.71e-05	3.25e-05	1.37e-05
 1.31272e+16	1.57e-04	8.46e-02	9.15e-01	1.54e-07	0.00e+00	0.00e+00	0.00e+00	0.00e+00	0.00e+00	1.02e-04	3.83e-05	1.62e-05
 1.38185e+16	1.85e-04	9.04e-02	9.09e-01	1.42e-07	0.00e+00	0.00e+00	0.00e+00	0.00e+00	0.00e+00	1.21e-04	4.51e-05	1.91e-05
 1.44824e+16	2.19e-04	9.66e-02	9.03e-01	1.32e-07	0.00e+00	0.00e+00	0.00e+00	0.00e+00	0.00e+00	1.43e-04	5.34e-05	2.25e-05
 1.51113e+16	2.59e-04	1.03e-01	8.96e-01	0.00e+00	0.00e+00	0.00e+00	0.00e+00	0.00e+00	0.00e+00	1.69e-04	6.32e-05	2.67e-05
 1.57036e+16	3.07e-04	1.11e-01	8.89e-01	0.00e+00	0.00e+00	0.00e+00	0.00e+00	0.00e+00	0.00e+00	2.00e-04	7.49e-05	3.16e-05
 1.62642e+16	3.64e-04	1.19e-01	8.81e-01	0.00e+00	0.00e+00	0.00e+00	0.00e+00	0.00e+00	0.00e+00	2.37e-04	8.87e-05	3.74e-05
 1.67972e+16	4.32e-04	1.27e-01	8.72e-01	0.00e+00	0.00e+00	0.00e+00	0.00e+00	0.00e+00	0.00e+00	2.82e-04	1.05e-04	4.44e-05
 1.73050e+16	5.14e-04	1.37e-01	8.63e-01	0.00e+00	0.00e+00	0.00e+00	0.00e+00	0.00e+00	0.00e+00	3.35e-04	1.25e-04	5.28e-05
 1.77882e+16	6.12e-04	1.47e-01	8.52e-01	0.00e+00	0.00e+00	0.00e+00	0.00e+00	0.00e+00	0.00e+00	3.99e-04	1.49e-04	6.29e-05
 1.82485e+16	7.30e-04	1.59e-01	8.41e-01	0.00e+00	0.00e+00	0.00e+00	0.00e+00	0.00e+00	0.00e+00	4.76e-04	1.78e-04	7.49e-05
 1.86889e+16	8.75e-04	1.71e-01	8.28e-01	0.00e+00	0.00e+00	0.00e+00	0.00e+00	0.00e+00	0.00e+00	5.71e-04	2.14e-04	8.98e-05
 1.91091e+16	1.05e-03	1.85e-01	8.14e-01	0.00e+00	0.00e+00	0.00e+00	0.00e+00	0.00e+00	0.00e+00	6.85e-04	2.56e-04	1.08e-04
 1.95102e+16	1.26e-03	2.00e-01	7.98e-01	0.00e+00	0.00e+00	0.00e+00	0.00e+00	0.00e+00	0.00e+00	8.23e-04	3.08e-04	1.29e-04
 1.98954e+16	1.52e-03	2.17e-01	7.81e-01	0.00e+00	0.00e+00	0.00e+00	0.00e+00	0.00e+00	0.00e+00	9.94e-04	3.72e-04	1.56e-04
 2.02644e+16	1.84e-03	2.36e-01	7.62e-01	0.00e+00	0.00e+00	0.00e+00	0.00e+00	0.00e+00	0.00e+00	1.20e-03	4.50e-04	1.89e-04
 2.06159e+16	2.23e-03	2.57e-01	7.41e-01	0.00e+00	0.00e+00	0.00e+00	0.00e+00	0.00e+00	0.00e+00	1.46e-03	5.45e-04	2.29e-04
 2.09489e+16	2.71e-03	2.79e-01	7.18e-01	0.00e+00	0.00e+00	0.00e+00	0.00e+00	0.00e+00	0.00e+00	1.77e-03	6.62e-04	2.78e-04
 2.12608e+16	3.28e-03	3.03e-01	6.94e-01	0.00e+00	0.00e+00	0.00e+00	0.00e+00	0.00e+00	0.00e+00	2.15e-03	8.01e-04	3.36e-04
 2.15541e+16	3.98e-03	3.29e-01	6.67e-01	0.00e+00	0.00e+00	0.00e+00	0.00e+00	0.00e+00	0.00e+00	2.60e-03	9.70e-04	4.07e-04
 2.18315e+16	4.82e-03	3.57e-01	6.38e-01	0.00e+00	0.00e+00	0.00e+00	0.00e+00	0.00e+00	0.00e+00	3.15e-03	1.17e-03	4.92e-04
 2.20939e+16	5.83e-03	3.86e-01	6.08e-01	0.00e+00	0.00e+00	0.00e+00	0.00e+00	0.00e+00	0.00e+00	3.81e-03	1.42e-03	5.95e-04
 2.23434e+16	7.06e-03	4.17e-01	5.76e-01	0.00e+00	0.00e+00	0.00e+00	0.00e+00	0.00e+00	0.00e+00	4.61e-03	1.72e-03	7.20e-04
 2.25812e+16	8.55e-03	4.50e-01	5.41e-01	0.00e+00	0.00e+00	0.00e+00	0.00e+00	0.00e+00	0.00e+00	5.60e-03	2.08e-03	8.72e-04
 2.28064e+16	1.04e-02	4.85e-01	5.05e-01	0.00e+00	0.00e+00	0.00e+00	0.00e+00	0.00e+00	0.00e+00	6.79e-03	2.52e-03	1.06e-03
 2.30184e+16	1.26e-02	5.20e-01	4.67e-01	0.00e+00	0.00e+00	0.00e+00	0.00e+00	0.00e+00	0.00e+00	8.22e-03	3.05e-03	1.28e-03
 2.32187e+16	1.52e-02	5.56e-01	4.29e-01	0.00e+00	0.00e+00	0.00e+00	0.00e+00	0.00e+00	0.00e+00	9.94e-03	3.69e-03	1.54e-03
 2.34096e+16	1.84e-02	5.93e-01	3.89e-01	0.00e+00	0.00e+00	0.00e+00	0.00e+00	0.00e+00	0.00e+00	1.20e-02	4.46e-03	1.87e-03
 2.35914e+16	2.23e-02	6.29e-01	3.49e-01	0.00e+00	0.00e+00	0.00e+00	0.00e+00	0.00e+00	0.00e+00	1.46e-02	5.40e-03	2.26e-03
 2.37637e+16	2.70e-02	6.64e-01	3.09e-01	0.00e+00	0.00e+00	0.00e+00	0.00e+00	0.00e+00	0.00e+00	1.77e-02	6.54e-03	2.74e-03
 2.39261e+16	3.27e-02	6.98e-01	2.70e-01	0.00e+00	0.00e+00	0.00e+00	0.00e+00	0.00e+00	0.00e+00	2.15e-02	7.91e-03	3.32e-03
 2.40794e+16	3.97e-02	7.28e-01	2.32e-01	0.00e+00	0.00e+00	0.00e+00	0.00e+00	0.00e+00	0.00e+00	2.60e-02	9.58e-03	4.02e-03
 2.42243e+16	4.81e-02	7.55e-01	1.96e-01	0.00e+00	0.00e+00	0.00e+00	0.00e+00	0.00e+00	0.00e+00	3.16e-02	1.16e-02	4.88e-03
 2.43605e+16	5.84e-02	7.78e-01	1.63e-01	0.00e+00	0.00e+00	0.00e+00	0.00e+00	0.00e+00	0.00e+00	3.84e-02	1.41e-02	5.92e-03
 2.44878e+16	7.07e-02	7.96e-01	1.34e-01	0.00e+00	0.00e+00	0.00e+00	0.00e+00	0.00e+00	0.00e+00	4.65e-02	1.70e-02	7.16e-03
 2.46077e+16	8.58e-02	8.07e-01	1.07e-01	0.00e+00	0.00e+00	0.00e+00	0.00e+00	0.00e+00	0.00e+00	5.65e-02	2.05e-02	8.68e-03
 2.47043e+16	1.01e-01	8.11e-01	8.75e-02	0.00e+00	0.00e+00	0.00e+00	0.00e+00	0.00e+00	0.00e+00	6.68e-02	2.42e-02	1.02e-02
 2.47709e+16	1.14e-01	8.11e-01	7.46e-02	0.00e+00	0.00e+00	0.00e+00	0.00e+00	0.00e+00	0.00e+00	7.56e-02	2.72e-02	1.16e-02
 2.48272e+16	1.27e-01	8.08e-01	6.45e-02	0.00e+00	0.00e+00	0.00e+00	0.00e+00	0.00e+00	0.00e+00	8.39e-02	3.01e-02	1.28e-02
 2.48914e+16	1.44e-01	8.02e-01	5.38e-02	0.00e+00	0.00e+00	0.00e+00	0.00e+00	0.00e+00	0.00e+00	9.53e-02	3.40e-02	1.45e-02
 2.49596e+16	1.65e-01	7.91e-01	4.36e-02	0.00e+00	0.00e+00	0.00e+00	0.00e+00	0.00e+00	0.00e+00	1.09e-01	3.88e-02	1.66e-02
 2.50164e+16	1.86e-01	7.78e-01	3.59e-02	0.00e+00	0.00e+00	0.00e+00	0.00e+00	0.00e+00	0.00e+00	1.23e-01	4.35e-02	1.87e-02
 2.50628e+16	2.05e-01	7.65e-01	3.03e-02	0.00e+00	0.00e+00	0.00e+00	0.00e+00	0.00e+00	0.00e+00	1.36e-01	4.78e-02	2.06e-02
 2.51123e+16	2.28e-01	7.47e-01	2.49e-02	0.00e+00	0.00e+00	0.00e+00	0.00e+00	0.00e+00	0.00e+00	1.52e-01	5.28e-02	2.29e-02
 2.51648e+16	2.56e-01	7.24e-01	2.00e-02	0.00e+00	0.00e+00	0.00e+00	0.00e+00	0.00e+00	0.00e+00	1.71e-01	5.88e-02	2.56e-02
 2.52086e+16	2.82e-01	7.02e-01	1.64e-02	0.00e+00	0.00e+00	0.00e+00	0.00e+00	0.00e+00	0.00e+00	1.89e-01	6.43e-02	2.82e-02
 2.52451e+16	3.04e-01	6.82e-01	1.38e-02	0.00e+00	0.00e+00	0.00e+00	0.00e+00	0.00e+00	0.00e+00	2.05e-01	6.90e-02	3.04e-02
 2.52848e+16	3.33e-01	6.56e-01	1.12e-02	0.00e+00	0.00e+00	0.00e+00	0.00e+00	0.00e+00	0.00e+00	2.25e-01	7.48e-02	3.32e-02
 2.53269e+16	3.63e-01	6.28e-01	8.97e-03	0.00e+00	0.00e+00	0.00e+00	0.00e+00	0.00e+00	0.00e+00	2.46e-01	8.08e-02	3.61e-02
 2.53634e+16	3.92e-01	6.01e-01	7.29e-03	0.00e+00	0.00e+00	0.00e+00	0.00e+00	0.00e+00	0.00e+00	2.67e-01	8.63e-02	3.88e-02
 2.53955e+16	4.18e-01	5.76e-01	6.06e-03	0.00e+00	0.00e+00	0.00e+00	0.00e+00	0.00e+00	0.00e+00	2.85e-01	9.10e-02	4.12e-02
 2.54271e+16	4.45e-01	5.50e-01	4.98e-03	0.00e+00	0.00e+00	0.00e+00	0.00e+00	0.00e+00	0.00e+00	3.05e-01	9.59e-02	4.38e-02
 2.54616e+16	4.74e-01	5.22e-01	4.01e-03	0.00e+00	0.00e+00	0.00e+00	0.00e+00	0.00e+00	0.00e+00	3.27e-01	1.01e-01	4.64e-02
 2.54952e+16	5.04e-01	4.93e-01	3.22e-03	0.00e+00	0.00e+00	0.00e+00	0.00e+00	0.00e+00	0.00e+00	3.49e-01	1.06e-01	4.91e-02
 2.55236e+16	5.29e-01	4.69e-01	2.66e-03	0.00e+00	0.00e+00	0.00e+00	0.00e+00	0.00e+00	0.00e+00	3.68e-01	1.09e-01	5.12e-02
 2.55490e+16	5.51e-01	4.46e-01	2.23e-03	0.00e+00	0.00e+00	0.00e+00	0.00e+00	0.00e+00	0.00e+00	3.85e-01	1.13e-01	5.32e-02
 2.55743e+16	5.73e-01	4.25e-01	1.86e-03	0.00e+00	0.00e+00	0.00e+00	0.00e+00	0.00e+00	0.00e+00	4.02e-01	1.15e-01	5.50e-02
 2.55989e+16	5.95e-01	4.03e-01	1.56e-03	0.00e+00	0.00e+00	0.00e+00	0.00e+00	0.00e+00	0.00e+00	4.20e-01	1.18e-01	5.67e-02
 2.56177e+16	6.10e-01	3.88e-01	1.36e-03	0.00e+00	0.00e+00	0.00e+00	0.00e+00	0.00e+00	0.00e+00	4.32e-01	1.20e-01	5.79e-02
 2.56303e+16	6.20e-01	3.78e-01	1.25e-03	0.00e+00	0.00e+00	0.00e+00	0.00e+00	0.00e+00	0.00e+00	4.40e-01	1.21e-01	5.87e-02
 2.56428e+16	6.31e-01	3.68e-01	1.13e-03	0.00e+00	0.00e+00	0.00e+00	0.00e+00	0.00e+00	0.00e+00	4.49e-01	1.22e-01	5.95e-02
 2.56576e+16	6.43e-01	3.56e-01	1.01e-03	0.00e+00	0.00e+00	0.00e+00	0.00e+00	0.00e+00	0.00e+00	4.60e-01	1.23e-01	6.04e-02
 2.56730e+16	6.56e-01	3.43e-01	8.96e-04	0.00e+00	0.00e+00	0.00e+00	0.00e+00	0.00e+00	0.00e+00	4.70e-01	1.24e-01	6.13e-02
 2.56877e+16	6.67e-01	3.32e-01	7.99e-04	0.00e+00	0.00e+00	0.00e+00	0.00e+00	0.00e+00	0.00e+00	4.80e-01	1.25e-01	6.21e-02
 2.57019e+16	6.79e-01	3.20e-01	7.13e-04	0.00e+00	0.00e+00	0.00e+00	0.00e+00	0.00e+00	0.00e+00	4.90e-01	1.26e-01	6.28e-02
 2.57161e+16	6.90e-01	3.10e-01	6.36e-04	0.00e+00	0.00e+00	0.00e+00	0.00e+00	0.00e+00	0.00e+00	4.99e-01	1.27e-01	6.35e-02
 2.57304e+16	7.01e-01	2.98e-01	5.66e-04	0.00e+00	0.00e+00	0.00e+00	0.00e+00	0.00e+00	0.00e+00	5.09e-01	1.27e-01	6.42e-02
 2.57447e+16	7.12e-01	2.88e-01	5.04e-04	0.00e+00	0.00e+00	0.00e+00	0.00e+00	0.00e+00	0.00e+00	5.18e-01	1.28e-01	6.49e-02
 2.57589e+16	7.22e-01	2.77e-01	4.47e-04	0.00e+00	0.00e+00	0.00e+00	0.00e+00	0.00e+00	0.00e+00	5.28e-01	1.28e-01	6.55e-02
 2.57732e+16	7.33e-01	2.67e-01	3.96e-04	0.00e+00	0.00e+00	0.00e+00	0.00e+00	0.00e+00	0.00e+00	5.38e-01	1.29e-01	6.60e-02
 2.57873e+16	7.43e-01	2.57e-01	3.52e-04	0.00e+00	0.00e+00	0.00e+00	0.00e+00	0.00e+00	0.00e+00	5.47e-01	1.29e-01	6.65e-02
 2.58012e+16	7.52e-01	2.48e-01	3.12e-04	0.00e+00	0.00e+00	0.00e+00	0.00e+00	0.00e+00	0.00e+00	5.56e-01	1.29e-01	6.70e-02
 2.58153e+16	7.62e-01	2.38e-01	2.76e-04	0.00e+00	0.00e+00	0.00e+00	0.00e+00	0.00e+00	0.00e+00	5.65e-01	1.29e-01	6.74e-02
 2.58294e+16	7.71e-01	2.29e-01	2.44e-04	0.00e+00	0.00e+00	0.00e+00	0.00e+00	0.00e+00	0.00e+00	5.74e-01	1.29e-01	6.78e-02
 2.58434e+16	7.80e-01	2.20e-01	2.15e-04	0.00e+00	0.00e+00	0.00e+00	0.00e+00	0.00e+00	0.00e+00	5.83e-01	1.29e-01	6.81e-02
 2.58573e+16	7.89e-01	2.11e-01	1.90e-04	0.00e+00	0.00e+00	0.00e+00	0.00e+00	0.00e+00	0.00e+00	5.91e-01	1.29e-01	6.84e-02
 2.58713e+16	7.97e-01	2.03e-01	1.67e-04	0.00e+00	0.00e+00	0.00e+00	0.00e+00	0.00e+00	0.00e+00	6.00e-01	1.29e-01	6.86e-02
 2.58854e+16	8.06e-01	1.94e-01	1.47e-04	0.00e+00	0.00e+00	0.00e+00	0.00e+00	0.00e+00	0.00e+00	6.08e-01	1.29e-01	6.89e-02
 2.58992e+16	8.14e-01	1.86e-01	1.30e-04	0.00e+00	0.00e+00	0.00e+00	0.00e+00	0.00e+00	0.00e+00	6.16e-01	1.28e-01	6.90e-02
 2.59129e+16	8.21e-01	1.79e-01	1.14e-04	0.00e+00	0.00e+00	0.00e+00	0.00e+00	0.00e+00	0.00e+00	6.24e-01	1.28e-01	6.91e-02
 2.59268e+16	8.29e-01	1.71e-01	1.00e-04	0.00e+00	0.00e+00	0.00e+00	0.00e+00	0.00e+00	0.00e+00	6.32e-01	1.27e-01	6.92e-02
 2.59407e+16	8.36e-01	1.64e-01	8.80e-05	0.00e+00	0.00e+00	0.00e+00	0.00e+00	0.00e+00	0.00e+00	6.40e-01	1.27e-01	6.93e-02
 2.59545e+16	8.43e-01	1.57e-01	7.71e-05	0.00e+00	0.00e+00	0.00e+00	0.00e+00	0.00e+00	0.00e+00	6.47e-01	1.26e-01	6.93e-02
 2.59682e+16	8.49e-01	1.50e-01	6.77e-05	0.00e+00	0.00e+00	0.00e+00	0.00e+00	0.00e+00	0.00e+00	6.55e-01	1.25e-01	6.93e-02
 2.59818e+16	8.56e-01	1.44e-01	5.93e-05	0.00e+00	0.00e+00	0.00e+00	0.00e+00	0.00e+00	0.00e+00	6.62e-01	1.25e-01	6.92e-02
 2.59952e+16	8.62e-01	1.38e-01	5.21e-05	0.00e+00	0.00e+00	0.00e+00	0.00e+00	0.00e+00	0.00e+00	6.69e-01	1.24e-01	6.91e-02
 2.60086e+16	8.68e-01	1.32e-01	4.57e-05	0.00e+00	0.00e+00	0.00e+00	0.00e+00	0.00e+00	0.00e+00	6.75e-01	1.23e-01	6.90e-02
 2.60219e+16	8.74e-01	1.26e-01	4.01e-05	0.00e+00	0.00e+00	0.00e+00	0.00e+00	0.00e+00	0.00e+00	6.82e-01	1.22e-01	6.89e-02
 2.60353e+16	8.79e-01	1.21e-01	3.51e-05	0.00e+00	0.00e+00	0.00e+00	0.00e+00	0.00e+00	0.00e+00	6.88e-01	1.22e-01	6.87e-02
 2.60486e+16	8.84e-01	1.16e-01	3.08e-05	0.00e+00	0.00e+00	0.00e+00	0.00e+00	0.00e+00	0.00e+00	6.95e-01	1.21e-01	6.86e-02
 2.60616e+16	8.89e-01	1.11e-01	2.71e-05	0.00e+00	0.00e+00	0.00e+00	0.00e+00	0.00e+00	0.00e+00	7.01e-01	1.20e-01	6.84e-02
 2.60743e+16	8.94e-01	1.06e-01	2.38e-05	0.00e+00	0.00e+00	0.00e+00	0.00e+00	0.00e+00	0.00e+00	7.06e-01	1.19e-01	6.82e-02
 2.60869e+16	8.98e-01	1.02e-01	2.10e-05	0.00e+00	0.00e+00	0.00e+00	0.00e+00	0.00e+00	0.00e+00	7.12e-01	1.18e-01	6.79e-02
 2.60996e+16	9.02e-01	9.76e-02	1.85e-05	0.00e+00	0.00e+00	0.00e+00	0.00e+00	0.00e+00	0.00e+00	7.17e-01	1.18e-01	6.77e-02
 2.61121e+16	9.06e-01	9.35e-02	1.63e-05	0.00e+00	0.00e+00	0.00e+00	0.00e+00	0.00e+00	0.00e+00	7.22e-01	1.17e-01	6.75e-02
 2.61244e+16	9.10e-01	8.97e-02	1.43e-05	0.00e+00	0.00e+00	0.00e+00	0.00e+00	0.00e+00	0.00e+00	7.27e-01	1.16e-01	6.72e-02
 2.61366e+16	9.14e-01	8.60e-02	1.27e-05	0.00e+00	0.00e+00	0.00e+00	0.00e+00	0.00e+00	0.00e+00	7.32e-01	1.15e-01	6.70e-02
 2.61487e+16	9.18e-01	8.25e-02	1.12e-05	0.00e+00	0.00e+00	0.00e+00	0.00e+00	0.00e+00	0.00e+00	7.36e-01	1.14e-01	6.67e-02
 2.61607e+16	9.21e-01	7.91e-02	9.88e-06	0.00e+00	0.00e+00	0.00e+00	0.00e+00	0.00e+00	0.00e+00	7.41e-01	1.14e-01	6.64e-02
 2.61726e+16	9.24e-01	7.60e-02	8.74e-06	0.00e+00	0.00e+00	0.00e+00	0.00e+00	0.00e+00	0.00e+00	7.45e-01	1.13e-01	6.61e-02
 2.61845e+16	9.27e-01	7.29e-02	7.73e-06	0.00e+00	0.00e+00	0.00e+00	0.00e+00	0.00e+00	0.00e+00	7.49e-01	1.12e-01	6.58e-02
 2.61962e+16	9.30e-01	6.99e-02	6.84e-06	0.00e+00	0.00e+00	0.00e+00	0.00e+00	0.00e+00	0.00e+00	7.53e-01	1.11e-01	6.55e-02
 2.62079e+16	9.33e-01	6.71e-02	6.06e-06	0.00e+00	0.00e+00	0.00e+00	0.00e+00	0.00e+00	0.00e+00	7.57e-01	1.10e-01	6.52e-02
 2.62195e+16	9.36e-01	6.45e-02	5.37e-06	0.00e+00	0.00e+00	0.00e+00	0.00e+00	0.00e+00	0.00e+00	7.61e-01	1.10e-01	6.49e-02
 2.62310e+16	9.38e-01	6.19e-02	4.76e-06	0.00e+00	0.00e+00	0.00e+00	0.00e+00	0.00e+00	0.00e+00	7.65e-01	1.09e-01	6.45e-02
 2.62424e+16	9.41e-01	5.94e-02	4.22e-06	0.00e+00	0.00e+00	0.00e+00	0.00e+00	0.00e+00	0.00e+00	7.68e-01	1.08e-01	6.42e-02
 2.62538e+16	9.43e-01	5.70e-02	3.74e-06	0.00e+00	0.00e+00	0.00e+00	0.00e+00	0.00e+00	0.00e+00	7.72e-01	1.08e-01	6.38e-02
 2.62652e+16	9.45e-01	5.49e-02	3.32e-06	0.00e+00	0.00e+00	0.00e+00	0.00e+00	0.00e+00	0.00e+00	7.75e-01	1.07e-01	6.35e-02
 2.62765e+16	9.47e-01	5.27e-02	2.95e-06	0.00e+00	0.00e+00	0.00e+00	0.00e+00	0.00e+00	0.00e+00	7.78e-01	1.06e-01	6.32e-02
 2.62874e+16	9.49e-01	5.06e-02	2.63e-06	0.00e+00	0.00e+00	0.00e+00	0.00e+00	0.00e+00	0.00e+00	7.81e-01	1.06e-01	6.28e-02
 2.62985e+16	9.51e-01	4.87e-02	2.34e-06	0.00e+00	0.00e+00	0.00e+00	0.00e+00	0.00e+00	0.00e+00	7.84e-01	1.05e-01	6.25e-02
 2.63098e+16	9.53e-01	4.68e-02	2.08e-06	0.00e+00	0.00e+00	0.00e+00	0.00e+00	0.00e+00	0.00e+00	7.87e-01	1.04e-01	6.22e-02
 2.63210e+16	9.55e-01	4.50e-02	1.84e-06	0.00e+00	0.00e+00	0.00e+00	0.00e+00	0.00e+00	0.00e+00	7.89e-01	1.04e-01	6.19e-02
 2.63318e+16	9.57e-01	4.32e-02	1.64e-06	0.00e+00	0.00e+00	0.00e+00	0.00e+00	0.00e+00	0.00e+00	7.92e-01	1.03e-01	6.16e-02
 2.63425e+16	9.58e-01	4.16e-02	1.47e-06	0.00e+00	0.00e+00	0.00e+00	0.00e+00	0.00e+00	0.00e+00	7.95e-01	1.03e-01	6.13e-02
 2.63534e+16	9.60e-01	4.01e-02	1.31e-06	0.00e+00	0.00e+00	0.00e+00	0.00e+00	0.00e+00	0.00e+00	7.97e-01	1.02e-01	6.11e-02
 2.63645e+16	9.62e-01	3.85e-02	1.16e-06	0.00e+00	0.00e+00	0.00e+00	0.00e+00	0.00e+00	0.00e+00	7.99e-01	1.01e-01	6.08e-02
 2.63755e+16	9.63e-01	3.69e-02	1.03e-06	0.00e+00	0.00e+00	0.00e+00	0.00e+00	0.00e+00	0.00e+00	8.02e-01	1.01e-01	6.05e-02
 2.63861e+16	9.64e-01	3.55e-02	9.23e-07	0.00e+00	0.00e+00	0.00e+00	0.00e+00	0.00e+00	0.00e+00	8.04e-01	1.00e-01	6.02e-02
 2.63965e+16	9.66e-01	3.41e-02	8.26e-07	0.00e+00	0.00e+00	0.00e+00	0.00e+00	0.00e+00	0.00e+00	8.06e-01	9.99e-02	5.99e-02
 2.64074e+16	9.67e-01	3.28e-02	7.35e-07	0.00e+00	0.00e+00	0.00e+00	0.00e+00	0.00e+00	0.00e+00	8.08e-01	9.94e-02	5.97e-02
 2.64186e+16	9.69e-01	3.15e-02	6.52e-07	0.00e+00	0.00e+00	0.00e+00	0.00e+00	0.00e+00	0.00e+00	8.10e-01	9.89e-02	5.94e-02
 2.64293e+16	9.70e-01	3.03e-02	5.82e-07	0.00e+00	0.00e+00	0.00e+00	0.00e+00	0.00e+00	0.00e+00	8.12e-01	9.84e-02	5.92e-02
 2.64397e+16	9.71e-01	2.91e-02	5.21e-07	0.00e+00	0.00e+00	0.00e+00	0.00e+00	0.00e+00	0.00e+00	8.14e-01	9.80e-02	5.89e-02
 2.64499e+16	9.72e-01	2.81e-02	4.68e-07	0.00e+00	0.00e+00	0.00e+00	0.00e+00	0.00e+00	0.00e+00	8.16e-01	9.76e-02	5.87e-02
 2.64599e+16	9.73e-01	2.70e-02	4.20e-07	0.00e+00	0.00e+00	0.00e+00	0.00e+00	0.00e+00	0.00e+00	8.17e-01	9.72e-02	5.85e-02
 2.64706e+16	9.74e-01	2.60e-02	3.75e-07	0.00e+00	0.00e+00	0.00e+00	0.00e+00	0.00e+00	0.00e+00	8.19e-01	9.68e-02	5.83e-02
 2.64815e+16	9.75e-01	2.49e-02	3.34e-07	0.00e+00	0.00e+00	0.00e+00	0.00e+00	0.00e+00	0.00e+00	8.21e-01	9.63e-02	5.80e-02
 2.64911e+16	9.76e-01	2.40e-02	3.01e-07	0.00e+00	0.00e+00	0.00e+00	0.00e+00	0.00e+00	0.00e+00	8.22e-01	9.60e-02	5.78e-02
 2.65009e+16	9.77e-01	2.32e-02	2.71e-07	0.00e+00	0.00e+00	0.00e+00	0.00e+00	0.00e+00	0.00e+00	8.24e-01	9.56e-02	5.76e-02
 2.65116e+16	9.78e-01	2.22e-02	2.42e-07	0.00e+00	0.00e+00	0.00e+00	0.00e+00	0.00e+00	0.00e+00	8.25e-01	9.52e-02	5.74e-02
 2.65221e+16	9.79e-01	2.13e-02	2.16e-07	0.00e+00	0.00e+00	0.00e+00	0.00e+00	0.00e+00	0.00e+00	8.27e-01	9.48e-02	5.71e-02
 2.65318e+16	9.80e-01	2.05e-02	1.95e-07	0.00e+00	0.00e+00	0.00e+00	0.00e+00	0.00e+00	0.00e+00	8.28e-01	9.44e-02	5.69e-02
 2.65413e+16	9.80e-01	1.97e-02	1.76e-07	0.00e+00	0.00e+00	0.00e+00	0.00e+00	0.00e+00	0.00e+00	8.29e-01	9.41e-02	5.67e-02
 2.65509e+16	9.81e-01	1.89e-02	1.59e-07	0.00e+00	0.00e+00	0.00e+00	0.00e+00	0.00e+00	0.00e+00	8.31e-01	9.37e-02	5.65e-02
 2.65607e+16	9.82e-01	1.82e-02	1.43e-07	0.00e+00	0.00e+00	0.00e+00	0.00e+00	0.00e+00	0.00e+00	8.32e-01	9.34e-02	5.63e-02
 2.65702e+16	9.83e-01	1.74e-02	1.29e-07	0.00e+00	0.00e+00	0.00e+00	0.00e+00	0.00e+00	0.00e+00	8.33e-01	9.30e-02	5.61e-02
 2.65794e+16	9.83e-01	1.67e-02	1.16e-07	0.00e+00	0.00e+00	0.00e+00	0.00e+00	0.00e+00	0.00e+00	8.35e-01	9.27e-02	5.59e-02
 2.65884e+16	9.84e-01	1.61e-02	1.06e-07	0.00e+00	0.00e+00	0.00e+00	0.00e+00	0.00e+00	0.00e+00	8.36e-01	9.23e-02	5.57e-02
 2.65974e+16	9.85e-01	1.54e-02	9.58e-08	0.00e+00	0.00e+00	0.00e+00	0.00e+00	0.00e+00	0.00e+00	8.37e-01	9.20e-02	5.55e-02
 2.66061e+16	9.85e-01	1.48e-02	8.71e-08	0.00e+00	0.00e+00	0.00e+00	0.00e+00	0.00e+00	0.00e+00	8.38e-01	9.16e-02	5.52e-02
 2.66148e+16	9.86e-01	1.42e-02	7.93e-08	0.00e+00	0.00e+00	0.00e+00	0.00e+00	0.00e+00	0.00e+00	8.40e-01	9.12e-02	5.50e-02
 2.66234e+16	9.86e-01	1.36e-02	7.21e-08	0.00e+00	0.00e+00	0.00e+00	0.00e+00	0.00e+00	0.00e+00	8.41e-01	9.08e-02	5.48e-02
 2.66318e+16	9.87e-01	1.30e-02	6.58e-08	0.00e+00	0.00e+00	0.00e+00	0.00e+00	0.00e+00	0.00e+00	8.42e-01	9.05e-02	5.45e-02
 2.66395e+16	9.88e-01	1.25e-02	6.05e-08	0.00e+00	0.00e+00	0.00e+00	0.00e+00	0.00e+00	0.00e+00	8.43e-01	9.01e-02	5.43e-02
 2.66463e+16	9.88e-01	1.20e-02	5.62e-08	0.00e+00	0.00e+00	0.00e+00	0.00e+00	0.00e+00	0.00e+00	8.44e-01	8.97e-02	5.40e-02
 2.66524e+16	9.88e-01	1.16e-02	5.27e-08	0.00e+00	0.00e+00	0.00e+00	0.00e+00	0.00e+00	0.00e+00	8.45e-01	8.94e-02	5.38e-02
 2.66580e+16	9.89e-01	1.12e-02	4.96e-08	0.00e+00	0.00e+00	0.00e+00	0.00e+00	0.00e+00	0.00e+00	8.46e-01	8.91e-02	5.36e-02
 2.66632e+16	9.89e-01	1.09e-02	4.69e-08	0.00e+00	0.00e+00	0.00e+00	0.00e+00	0.00e+00	0.00e+00	8.47e-01	8.88e-02	5.34e-02
 2.66681e+16	9.89e-01	1.06e-02	4.45e-08	0.00e+00	0.00e+00	0.00e+00	0.00e+00	0.00e+00	0.00e+00	8.48e-01	8.85e-02	5.32e-02
 2.66726e+16	9.90e-01	1.03e-02	4.23e-08	0.00e+00	0.00e+00	0.00e+00	0.00e+00	0.00e+00	0.00e+00	8.48e-01	8.83e-02	5.30e-02
 2.66769e+16	9.90e-01	1.00e-02	4.03e-08	0.00e+00	0.00e+00	0.00e+00	0.00e+00	0.00e+00	0.00e+00	8.49e-01	8.80e-02	5.28e-02
 2.66809e+16	9.90e-01	9.77e-03	3.86e-08	0.00e+00	0.00e+00	0.00e+00	0.00e+00	0.00e+00	0.00e+00	8.50e-01	8.77e-02	5.26e-02
 2.66846e+16	9.90e-01	9.52e-03	3.70e-08	0.00e+00	0.00e+00	0.00e+00	0.00e+00	0.00e+00	0.00e+00	8.51e-01	8.74e-02	5.24e-02
 2.66882e+16	9.91e-01	9.28e-03	3.55e-08	0.00e+00	0.00e+00	0.00e+00	0.00e+00	0.00e+00	0.00e+00	8.51e-01	8.72e-02	5.22e-02
 2.66916e+16	9.91e-01	9.07e-03	3.41e-08	0.00e+00	0.00e+00	0.00e+00	0.00e+00	0.00e+00	0.00e+00	8.52e-01	8.69e-02	5.20e-02
 2.66947e+16	9.91e-01	8.87e-03	3.29e-08	0.00e+00	0.00e+00	0.00e+00	0.00e+00	0.00e+00	0.00e+00	8.53e-01	8.66e-02	5.18e-02
 2.66975e+16	9.91e-01	8.70e-03	3.18e-08	0.00e+00	0.00e+00	0.00e+00	0.00e+00	0.00e+00	0.00e+00	8.53e-01	8.64e-02	5.16e-02
 2.67000e+16	9.91e-01	8.54e-03	3.09e-08	0.00e+00	0.00e+00	0.00e+00	0.00e+00	0.00e+00	0.00e+00	8.54e-01	8.62e-02	5.15e-02
 2.67023e+16	9.92e-01	8.40e-03	3.01e-08	0.00e+00	0.00e+00	0.00e+00	0.00e+00	0.00e+00	0.00e+00	8.54e-01	8.60e-02	5.13e-02
 2.67044e+16	9.92e-01	8.27e-03	2.93e-08	0.00e+00	0.00e+00	0.00e+00	0.00e+00	0.00e+00	0.00e+00	8.55e-01	8.58e-02	5.12e-02
 2.67064e+16	9.92e-01	8.16e-03	2.86e-08	0.00e+00	0.00e+00	0.00e+00	0.00e+00	0.00e+00	0.00e+00	8.55e-01	8.56e-02	5.10e-02
 2.67085e+16	9.92e-01	8.04e-03	2.79e-08	0.00e+00	0.00e+00	0.00e+00	0.00e+00	0.00e+00	0.00e+00	8.56e-01	8.54e-02	5.09e-02
 2.67112e+16	9.92e-01	7.86e-03	2.69e-08	0.00e+00	0.00e+00	0.00e+00	0.00e+00	0.00e+00	0.00e+00	8.56e-01	8.51e-02	5.07e-02
 2.67141e+16	9.92e-01	7.67e-03	2.59e-08	0.00e+00	0.00e+00	0.00e+00	0.00e+00	0.00e+00	0.00e+00	8.57e-01	8.47e-02	5.04e-02
 2.67168e+16	9.92e-01	7.53e-03	2.50e-08	0.00e+00	0.00e+00	0.00e+00	0.00e+00	0.00e+00	0.00e+00	8.58e-01	8.44e-02	5.02e-02
 2.67193e+16	9.93e-01	7.38e-03	2.42e-08	0.00e+00	0.00e+00	0.00e+00	0.00e+00	0.00e+00	0.00e+00	8.58e-01	8.41e-02	5.01e-02
###########################
 2.82628e+11	2.23e-05	3.57e-02	9.64e-01	2.26e-04	0.00e+00	0.00e+00	0.00e+00	0.00e+00	0.00e+00	1.45e-05	5.46e-06	2.28e-06
 1.69577e+12	2.23e-05	3.57e-02	9.64e-01	2.26e-04	0.00e+00	0.00e+00	0.00e+00	0.00e+00	0.00e+00	1.45e-05	5.46e-06	2.28e-06
 7.34833e+12	2.23e-05	3.57e-02	9.64e-01	2.22e-04	0.00e+00	0.00e+00	0.00e+00	0.00e+00	0.00e+00	1.45e-05	5.47e-06	2.28e-06
 2.99586e+13	2.23e-05	3.58e-02	9.64e-01	2.10e-04	0.00e+00	0.00e+00	0.00e+00	0.00e+00	0.00e+00	1.45e-05	5.48e-06	2.29e-06
 7.15614e+13	2.23e-05	3.58e-02	9.64e-01	1.93e-04	0.00e+00	0.00e+00	0.00e+00	0.00e+00	0.00e+00	1.45e-05	5.48e-06	2.29e-06
 1.25645e+14	2.23e-05	3.59e-02	9.64e-01	1.73e-04	0.00e+00	0.00e+00	0.00e+00	0.00e+00	0.00e+00	1.45e-05	5.48e-06	2.29e-06
 1.95954e+14	2.23e-05	3.60e-02	9.64e-01	1.49e-04	0.00e+00	0.00e+00	0.00e+00	0.00e+00	0.00e+00	1.45e-05	5.49e-06	2.29e-06
 2.87355e+14	2.24e-05	3.62e-02	9.64e-01	1.22e-04	0.00e+00	0.00e+00	0.00e+00	0.00e+00	0.00e+00	1.46e-05	5.51e-06	2.30e-06
 4.06177e+14	2.26e-05	3.64e-02	9.63e-01	9.44e-05	0.00e+00	0.00e+00	0.00e+00	0.00e+00	0.00e+00	1.47e-05	5.54e-06	2.32e-06
 5.60646e+14	2.28e-05	3.67e-02	9.63e-01	6.70e-05	0.00e+00	0.00e+00	0.00e+00	0.00e+00	0.00e+00	1.48e-05	5.60e-06	2.34e-06
 7.61455e+14	2.31e-05	3.71e-02	9.63e-01	4.28e-05	0.00e+00	0.00e+00	0.00e+00	0.00e+00	0.00e+00	1.51e-05	5.68e-06	2.38e-06
 1.02251e+15	2.37e-05	3.77e-02	9.62e-01	2.40e-05	0.00e+00	0.00e+00	0.00e+00	0.00e+00	0.00e+00	1.54e-05	5.81e-06	2.43e-06
 1.36187e+15	2.44e-05	3.84e-02	9.62e-01	1.15e-05	0.00e+00	0.00e+00	0.00e+00	0.00e+00	0.00e+00	1.59e-05	5.99e-06	2.51e-06
 1.80305e+15	2.56e-05	3.93e-02	9.61e-01	4.69e-06	0.00e+00	0.00e+00	0.00e+00	0.00e+00	0.00e+00	1.66e-05	6.27e-06	2.63e-06
 2.37658e+15	2.72e-05	4.07e-02	9.59e-01	1.71e-06	0.00e+00	0.00e+00	0.00e+00	0.00e+00	0.00e+00	1.77e-05	6.67e-06	2.80e-06
 3.12217e+15	2.98e-05	4.24e-02	9.58e-01	6.99e-07	0.00e+00	0.00e+00	0.00e+00	0.00e+00	0.00e+00	1.94e-05	7.29e-06	3.06e-06
 4.09144e+15	3.37e-05	4.50e-02	9.55e-01	4.22e-07	0.00e+00	0.00e+00	0.00e+00	0.00e+00	0.00e+00	2.20e-05	8.24e-06	3.47e-06
 5.35148e+15	4.01e-05	4.85e-02	9.51e-01	3.35e-07	0.00e+00	0.00e+00	0.00e+00	0.00e+00	0.00e+00	2.62e-05	9.80e-06	4.13e-06
 6.72233e+15	4.85e-05	5.27e-02	9.47e-01	2.88e-07	0.00e+00	0.00e+00	0.00e+00	0.00e+00	0.00e+00	3.16e-05	1.18e-05	5.00e-06
 7.93049e+15	5.81e-05	5.69e-02	9.43e-01	2.57e-07	0.00e+00	0.00e+00	0.00e+00	0.00e+00	0.00e+00	3.79e-05	1.42e-05	5.99e-06
 8.90400e+15	6.78e-05	6.07e-02	9.39e-01	2.34e-07	0.00e+00	0.00e+00	0.00e+00	0.00e+00	0.00e+00	4.43e-05	1.65e-05	6.99e-06
 9.79440e+15	7.95e-05	6.46e-02	9.35e-01	2.15e-07	0.00e+00	0.00e+00	0.00e+00	0.00e+00	0.00e+00	5.19e-05	1.94e-05	8.19e-06
 1.07249e+16	9.47e-05	6.93e-02	9.31e-01	1.96e-07	0.00e+00	0.00e+00	0.00e+00	0.00e+00	0.00e+00	6.18e-05	2.31e-05	9.76e-06
 1.16043e+16	1.13e-04	7.43e-02	9.26e-01	1.80e-07	0.00e+00	0.00e+00	0.00e+00	0.00e+00	0.00e+00	7.36e-05	2.75e-05	1.16e-05
 1.23920e+16	1.33e-04	7.93e-02	9.21e-01	1.66e-07	0.00e+00	0.00e+00	0.00e+00	0.00e+00	0.00e+00	8.69e-05	3.24e-05	1.37e-05
 1.31159e+16	1.57e-04	8.46e-02	9.15e-01	1.54e-07	0.00e+00	0.00e+00	0.00e+00	0.00e+00	0.00e+00	1.02e-04	3.81e-05	1.61e-05
 1.38068e+16	1.85e-04	9.03e-02	9.10e-01	1.42e-07	0.00e+00	0.00e+00	0.00e+00	0.00e+00	0.00e+00	1.20e-04	4.50e-05	1.90e-05
 1.44708e+16	2.18e-04	9.65e-02	9.03e-01	1.32e-07	0.00e+00	0.00e+00	0.00e+00	0.00e+00	0.00e+00	1.43e-04	5.32e-05	2.25e-05
 1.51001e+16	2.59e-04	1.03e-01	8.96e-01	0.00e+00	0.00e+00	0.00e+00	0.00e+00	0.00e+00	0.00e+00	1.69e-04	6.30e-05	2.66e-05
 1.56910e+16	3.06e-04	1.11e-01	8.89e-01	0.00e+00	0.00e+00	0.00e+00	0.00e+00	0.00e+00	0.00e+00	2.00e-04	7.47e-05	3.15e-05
 1.62489e+16	3.63e-04	1.18e-01	8.81e-01	0.00e+00	0.00e+00	0.00e+00	0.00e+00	0.00e+00	0.00e+00	2.37e-04	8.85e-05	3.73e-05
 1.67800e+16	4.30e-04	1.27e-01	8.72e-01	0.00e+00	0.00e+00	0.00e+00	0.00e+00	0.00e+00	0.00e+00	2.81e-04	1.05e-04	4.42e-05
 1.72875e+16	5.12e-04	1.37e-01	8.63e-01	0.00e+00	0.00e+00	0.00e+00	0.00e+00	0.00e+00	0.00e+00	3.34e-04	1.25e-04	5.26e-05
 1.77716e+16	6.10e-04	1.47e-01	8.52e-01	0.00e+00	0.00e+00	0.00e+00	0.00e+00	0.00e+00	0.00e+00	3.98e-04	1.49e-04	6.27e-05
 1.82324e+16	7.29e-04	1.58e-01	8.41e-01	0.00e+00	0.00e+00	0.00e+00	0.00e+00	0.00e+00	0.00e+00	4.75e-04	1.78e-04	7.48e-05
 1.86711e+16	8.71e-04	1.71e-01	8.28e-01	0.00e+00	0.00e+00	0.00e+00	0.00e+00	0.00e+00	0.00e+00	5.68e-04	2.13e-04	8.94e-05
 1.90905e+16	1.05e-03	1.85e-01	8.14e-01	0.00e+00	0.00e+00	0.00e+00	0.00e+00	0.00e+00	0.00e+00	6.82e-04	2.56e-04	1.07e-04
 1.94921e+16	1.26e-03	2.00e-01	7.99e-01	0.00e+00	0.00e+00	0.00e+00	0.00e+00	0.00e+00	0.00e+00	8.20e-04	3.07e-04	1.29e-04
 1.98765e+16	1.52e-03	2.17e-01	7.81e-01	0.00e+00	0.00e+00	0.00e+00	0.00e+00	0.00e+00	0.00e+00	9.91e-04	3.71e-04	1.56e-04
 2.02442e+16	1.83e-03	2.36e-01	7.63e-01	0.00e+00	0.00e+00	0.00e+00	0.00e+00	0.00e+00	0.00e+00	1.20e-03	4.48e-04	1.88e-04
 2.05965e+16	2.23e-03	2.56e-01	7.42e-01	0.00e+00	0.00e+00	0.00e+00	0.00e+00	0.00e+00	0.00e+00	1.45e-03	5.43e-04	2.28e-04
 2.09305e+16	2.71e-03	2.79e-01	7.19e-01	0.00e+00	0.00e+00	0.00e+00	0.00e+00	0.00e+00	0.00e+00	1.77e-03	6.61e-04	2.77e-04
 2.12410e+16	3.28e-03	3.03e-01	6.94e-01	0.00e+00	0.00e+00	0.00e+00	0.00e+00	0.00e+00	0.00e+00	2.14e-03	8.00e-04	3.35e-04
 2.15318e+16	3.97e-03	3.28e-01	6.68e-01	0.00e+00	0.00e+00	0.00e+00	0.00e+00	0.00e+00	0.00e+00	2.59e-03	9.67e-04	4.05e-04
 2.18085e+16	4.80e-03	3.56e-01	6.39e-01	0.00e+00	0.00e+00	0.00e+00	0.00e+00	0.00e+00	0.00e+00	3.13e-03	1.17e-03	4.90e-04
 2.20725e+16	5.81e-03	3.85e-01	6.09e-01	0.00e+00	0.00e+00	0.00e+00	0.00e+00	0.00e+00	0.00e+00	3.80e-03	1.42e-03	5.93e-04
 2.23231e+16	7.04e-03	4.17e-01	5.76e-01	0.00e+00	0.00e+00	0.00e+00	0.00e+00	0.00e+00	0.00e+00	4.60e-03	1.71e-03	7.18e-04
 2.25603e+16	8.54e-03	4.50e-01	5.42e-01	0.00e+00	0.00e+00	0.00e+00	0.00e+00	0.00e+00	0.00e+00	5.58e-03	2.08e-03	8.70e-04
 2.27840e+16	1.03e-02	4.84e-01	5.06e-01	0.00e+00	0.00e+00	0.00e+00	0.00e+00	0.00e+00	0.00e+00	6.77e-03	2.52e-03	1.05e-03
 2.29948e+16	1.25e-02	5.19e-01	4.68e-01	0.00e+00	0.00e+00	0.00e+00	0.00e+00	0.00e+00	0.00e+00	8.19e-03	3.04e-03	1.27e-03
 2.31949e+16	1.51e-02	5.55e-01	4.30e-01	0.00e+00	0.00e+00	0.00e+00	0.00e+00	0.00e+00	0.00e+00	9.91e-03	3.68e-03	1.54e-03
 2.33859e+16	1.83e-02	5.92e-01	3.90e-01	0.00e+00	0.00e+00	0.00e+00	0.00e+00	0.00e+00	0.00e+00	1.20e-02	4.45e-03	1.86e-03
 2.35677e+16	2.22e-02	6.28e-01	3.50e-01	0.00e+00	0.00e+00	0.00e+00	0.00e+00	0.00e+00	0.00e+00	1.45e-02	5.39e-03	2.26e-03
 2.37398e+16	2.69e-02	6.63e-01	3.10e-01	0.00e+00	0.00e+00	0.00e+00	0.00e+00	0.00e+00	0.00e+00	1.76e-02	6.53e-03	2.73e-03
 2.39021e+16	3.26e-02	6.97e-01	2.71e-01	0.00e+00	0.00e+00	0.00e+00	0.00e+00	0.00e+00	0.00e+00	2.14e-02	7.90e-03	3.31e-03
 2.40551e+16	3.96e-02	7.28e-01	2.33e-01	0.00e+00	0.00e+00	0.00e+00	0.00e+00	0.00e+00	0.00e+00	2.60e-02	9.58e-03	4.02e-03
 2.41989e+16	4.80e-02	7.55e-01	1.97e-01	0.00e+00	0.00e+00	0.00e+00	0.00e+00	0.00e+00	0.00e+00	3.15e-02	1.16e-02	4.86e-03
 2.43341e+16	5.81e-02	7.77e-01	1.65e-01	0.00e+00	0.00e+00	0.00e+00	0.00e+00	0.00e+00	0.00e+00	3.81e-02	1.40e-02	5.89e-03
 2.44622e+16	7.05e-02	7.95e-01	1.35e-01	0.00e+00	0.00e+00	0.00e+00	0.00e+00	0.00e+00	0.00e+00	4.64e-02	1.69e-02	7.14e-03
 2.45831e+16	8.56e-02	8.07e-01	1.08e-01	0.00e+00	0.00e+00	0.00e+00	0.00e+00	0.00e+00	0.00e+00	5.63e-02	2.05e-02	8.66e-03
 2.46797e+16	1.01e-01	8.11e-01	8.80e-02	0.00e+00	0.00e+00	0.00e+00	0.00e+00	0.00e+00	0.00e+00	6.66e-02	2.42e-02	1.02e-02
 2.47460e+16	1.14e-01	8.11e-01	7.51e-02	0.00e+00	0.00e+00	0.00e+00	0.00e+00	0.00e+00	0.00e+00	7.53e-02	2.72e-02	1.15e-02
 2.48023e+16	1.27e-01	8.08e-01	6.49e-02	0.00e+00	0.00e+00	0.00e+00	0.00e+00	0.00e+00	0.00e+00	8.38e-02	3.01e-02	1.28e-02
 2.48670e+16	1.44e-01	8.02e-01	5.41e-02	0.00e+00	0.00e+00	0.00e+00	0.00e+00	0.00e+00	0.00e+00	9.50e-02	3.40e-02	1.45e-02
 2.49364e+16	1.65e-01	7.91e-01	4.37e-02	0.00e+00	0.00e+00	0.00e+00	0.00e+00	0.00e+00	0.00e+00	1.09e-01	3.89e-02	1.66e-02
 2.49942e+16	1.86e-01	7.78e-01	3.59e-02	0.00e+00	0.00e+00	0.00e+00	0.00e+00	0.00e+00	0.00e+00	1.24e-01	4.36e-02	1.87e-02
 2.50405e+16	2.05e-01	7.65e-01	3.04e-02	0.00e+00	0.00e+00	0.00e+00	0.00e+00	0.00e+00	0.00e+00	1.36e-01	4.78e-02	2.06e-02
 2.50895e+16	2.28e-01	7.47e-01	2.50e-02	0.00e+00	0.00e+00	0.00e+00	0.00e+00	0.00e+00	0.00e+00	1.52e-01	5.29e-02	2.29e-02
 2.51416e+16	2.55e-01	7.25e-01	2.01e-02	0.00e+00	0.00e+00	0.00e+00	0.00e+00	0.00e+00	0.00e+00	1.71e-01	5.88e-02	2.56e-02
 2.51854e+16	2.81e-01	7.02e-01	1.65e-02	0.00e+00	0.00e+00	0.00e+00	0.00e+00	0.00e+00	0.00e+00	1.89e-01	6.43e-02	2.81e-02
 2.52219e+16	3.04e-01	6.82e-01	1.38e-02	0.00e+00	0.00e+00	0.00e+00	0.00e+00	0.00e+00	0.00e+00	2.04e-01	6.90e-02	3.04e-02
 2.52617e+16	3.32e-01	6.57e-01	1.13e-02	0.00e+00	0.00e+00	0.00e+00	0.00e+00	0.00e+00	0.00e+00	2.24e-01	7.48e-02	3.31e-02
 2.53039e+16	3.62e-01	6.29e-01	9.03e-03	0.00e+00	0.00e+00	0.00e+00	0.00e+00	0.00e+00	0.00e+00	2.46e-01	8.08e-02	3.60e-02
 2.53404e+16	3.91e-01	6.01e-01	7.35e-03	0.00e+00	0.00e+00	0.00e+00	0.00e+00	0.00e+00	0.00e+00	2.66e-01	8.63e-02	3.88e-02
 2.53726e+16	4.17e-01	5.77e-01	6.10e-03	0.00e+00	0.00e+00	0.00e+00	0.00e+00	0.00e+00	0.00e+00	2.85e-01	9.10e-02	4.12e-02
 2.54046e+16	4.44e-01	5.51e-01	5.02e-03	0.00e+00	0.00e+00	0.00e+00	0.00e+00	0.00e+00	0.00e+00	3.04e-01	9.59e-02	4.37e-02
 2.54386e+16	4.73e-01	5.23e-01	4.05e-03	0.00e+00	0.00e+00	0.00e+00	0.00e+00	0.00e+00	0.00e+00	3.26e-01	1.01e-01	4.64e-02
 2.54716e+16	5.03e-01	4.94e-01	3.26e-03	0.00e+00	0.00e+00	0.00e+00	0.00e+00	0.00e+00	0.00e+00	3.48e-01	1.06e-01	4.90e-02
 2.55015e+16	5.29e-01	4.69e-01	2.67e-03	0.00e+00	0.00e+00	0.00e+00	0.00e+00	0.00e+00	0.00e+00	3.68e-01	1.10e-01	5.12e-02
 2.55279e+16	5.52e-01	4.46e-01	2.22e-03	0.00e+00	0.00e+00	0.00e+00	0.00e+00	0.00e+00	0.00e+00	3.85e-01	1.13e-01	5.32e-02
 2.55519e+16	5.73e-01	4.25e-01	1.87e-03	0.00e+00	0.00e+00	0.00e+00	0.00e+00	0.00e+00	0.00e+00	4.02e-01	1.16e-01	5.49e-02
 2.55760e+16	5.93e-01	4.05e-01	1.57e-03	0.00e+00	0.00e+00	0.00e+00	0.00e+00	0.00e+00	0.00e+00	4.18e-01	1.18e-01	5.66e-02
 2.55959e+16	6.10e-01	3.89e-01	1.37e-03	0.00e+00	0.00e+00	0.00e+00	0.00e+00	0.00e+00	0.00e+00	4.32e-01	1.20e-01	5.79e-02
 2.56093e+16	6.21e-01	3.78e-01	1.24e-03	0.00e+00	0.00e+00	0.00e+00	0.00e+00	0.00e+00	0.00e+00	4.41e-01	1.21e-01	5.87e-02
 2.56215e+16	6.31e-01	3.68e-01	1.13e-03	0.00e+00	0.00e+00	0.00e+00	0.00e+00	0.00e+00	0.00e+00	4.49e-01	1.22e-01	5.95e-02
 2.56356e+16	6.43e-01	3.56e-01	1.01e-03	0.00e+00	0.00e+00	0.00e+00	0.00e+00	0.00e+00	0.00e+00	4.59e-01	1.23e-01	6.04e-02
 2.56510e+16	6.56e-01	3.44e-01	8.99e-04	0.00e+00	0.00e+00	0.00e+00	0.00e+00	0.00e+00	0.00e+00	4.70e-01	1.24e-01	6.13e-02
 2.56660e+16	6.68e-01	3.32e-01	8.00e-04	0.00e+00	0.00e+00	0.00e+00	0.00e+00	0.00e+00	0.00e+00	4.80e-01	1.25e-01	6.21e-02
 2.56803e+16	6.79e-01	3.21e-01	7.15e-04	0.00e+00	0.00e+00	0.00e+00	0.00e+00	0.00e+00	0.00e+00	4.89e-01	1.26e-01	6.28e-02
 2.56945e+16	6.90e-01	3.09e-01	6.37e-04	0.00e+00	0.00e+00	0.00e+00	0.00e+00	0.00e+00	0.00e+00	4.99e-01	1.27e-01	6.36e-02
 2.57088e+16	7.01e-01	2.99e-01	5.67e-04	0.00e+00	0.00e+00	0.00e+00	0.00e+00	0.00e+00	0.00e+00	5.09e-01	1.28e-01	6.42e-02
 2.57231e+16	7.12e-01	2.88e-01	5.04e-04	0.00e+00	0.00e+00	0.00e+00	0.00e+00	0.00e+00	0.00e+00	5.19e-01	1.28e-01	6.49e-02
 2.57373e+16	7.22e-01	2.78e-01	4.48e-04	0.00e+00	0.00e+00	0.00e+00	0.00e+00	0.00e+00	0.00e+00	5.28e-01	1.29e-01	6.55e-02
 2.57515e+16	7.32e-01	2.67e-01	3.97e-04	0.00e+00	0.00e+00	0.00e+00	0.00e+00	0.00e+00	0.00e+00	5.37e-01	1.29e-01	6.60e-02
 2.57658e+16	7.43e-01	2.57e-01	3.52e-04	0.00e+00	0.00e+00	0.00e+00	0.00e+00	0.00e+00	0.00e+00	5.47e-01	1.29e-01	6.65e-02
 2.57798e+16	7.52e-01	2.47e-01	3.12e-04	0.00e+00	0.00e+00	0.00e+00	0.00e+00	0.00e+00	0.00e+00	5.56e-01	1.29e-01	6.70e-02
 2.57937e+16	7.62e-01	2.38e-01	2.76e-04	0.00e+00	0.00e+00	0.00e+00	0.00e+00	0.00e+00	0.00e+00	5.64e-01	1.30e-01	6.74e-02
 2.58078e+16	7.71e-01	2.29e-01	2.44e-04	0.00e+00	0.00e+00	0.00e+00	0.00e+00	0.00e+00	0.00e+00	5.74e-01	1.30e-01	6.78e-02
 2.58219e+16	7.80e-01	2.20e-01	2.15e-04	0.00e+00	0.00e+00	0.00e+00	0.00e+00	0.00e+00	0.00e+00	5.82e-01	1.29e-01	6.81e-02
 2.58359e+16	7.89e-01	2.11e-01	1.90e-04	0.00e+00	0.00e+00	0.00e+00	0.00e+00	0.00e+00	0.00e+00	5.91e-01	1.29e-01	6.84e-02
 2.58498e+16	7.97e-01	2.03e-01	1.68e-04	0.00e+00	0.00e+00	0.00e+00	0.00e+00	0.00e+00	0.00e+00	5.99e-01	1.29e-01	6.87e-02
 2.58637e+16	8.05e-01	1.94e-01	1.48e-04	0.00e+00	0.00e+00	0.00e+00	0.00e+00	0.00e+00	0.00e+00	6.08e-01	1.29e-01	6.89e-02
 2.58778e+16	8.14e-01	1.86e-01	1.30e-04	0.00e+00	0.00e+00	0.00e+00	0.00e+00	0.00e+00	0.00e+00	6.16e-01	1.28e-01	6.90e-02
 2.58916e+16	8.21e-01	1.79e-01	1.14e-04	0.00e+00	0.00e+00	0.00e+00	0.00e+00	0.00e+00	0.00e+00	6.24e-01	1.28e-01	6.91e-02
 2.59053e+16	8.28e-01	1.71e-01	1.00e-04	0.00e+00	0.00e+00	0.00e+00	0.00e+00	0.00e+00	0.00e+00	6.32e-01	1.27e-01	6.92e-02
 2.59192e+16	8.36e-01	1.64e-01	8.80e-05	0.00e+00	0.00e+00	0.00e+00	0.00e+00	0.00e+00	0.00e+00	6.40e-01	1.27e-01	6.93e-02
 2.59331e+16	8.43e-01	1.57e-01	7.72e-05	0.00e+00	0.00e+00	0.00e+00	0.00e+00	0.00e+00	0.00e+00	6.47e-01	1.26e-01	6.93e-02
 2.59468e+16	8.49e-01	1.51e-01	6.77e-05	0.00e+00	0.00e+00	0.00e+00	0.00e+00	0.00e+00	0.00e+00	6.54e-01	1.26e-01	6.93e-02
 2.59605e+16	8.56e-01	1.44e-01	5.93e-05	0.00e+00	0.00e+00	0.00e+00	0.00e+00	0.00e+00	0.00e+00	6.62e-01	1.25e-01	6.92e-02
 2.59741e+16	8.62e-01	1.38e-01	5.20e-05	0.00e+00	0.00e+00	0.00e+00	0.00e+00	0.00e+00	0.00e+00	6.69e-01	1.24e-01	6.92e-02
 2.59877e+16	8.68e-01	1.32e-01	4.55e-05	0.00e+00	0.00e+00	0.00e+00	0.00e+00	0.00e+00	0.00e+00	6.76e-01	1.23e-01	6.90e-02
 2.60012e+16	8.74e-01	1.26e-01	3.99e-05	0.00e+00	0.00e+00	0.00e+00	0.00e+00	0.00e+00	0.00e+00	6.82e-01	1.23e-01	6.89e-02
 2.60144e+16	8.79e-01	1.21e-01	3.50e-05	0.00e+00	0.00e+00	0.00e+00	0.00e+00	0.00e+00	0.00e+00	6.89e-01	1.22e-01	6.88e-02
 2.60275e+16	8.84e-01	1.16e-01	3.07e-05	0.00e+00	0.00e+00	0.00e+00	0.00e+00	0.00e+00	0.00e+00	6.95e-01	1.21e-01	6.86e-02
 2.60405e+16	8.89e-01	1.11e-01	2.70e-05	0.00e+00	0.00e+00	0.00e+00	0.00e+00	0.00e+00	0.00e+00	7.01e-01	1.20e-01	6.84e-02
 2.60534e+16	8.94e-01	1.06e-01	2.37e-05	0.00e+00	0.00e+00	0.00e+00	0.00e+00	0.00e+00	0.00e+00	7.06e-01	1.19e-01	6.82e-02
 2.60661e+16	8.98e-01	1.02e-01	2.09e-05	0.00e+00	0.00e+00	0.00e+00	0.00e+00	0.00e+00	0.00e+00	7.12e-01	1.18e-01	6.79e-02
 2.60787e+16	9.02e-01	9.76e-02	1.84e-05	0.00e+00	0.00e+00	0.00e+00	0.00e+00	0.00e+00	0.00e+00	7.17e-01	1.18e-01	6.77e-02
 2.60911e+16	9.07e-01	9.34e-02	1.62e-05	0.00e+00	0.00e+00	0.00e+00	0.00e+00	0.00e+00	0.00e+00	7.22e-01	1.17e-01	6.75e-02
 2.61034e+16	9.10e-01	8.96e-02	1.43e-05	0.00e+00	0.00e+00	0.00e+00	0.00e+00	0.00e+00	0.00e+00	7.27e-01	1.16e-01	6.72e-02
 2.61156e+16	9.14e-01	8.59e-02	1.26e-05	0.00e+00	0.00e+00	0.00e+00	0.00e+00	0.00e+00	0.00e+00	7.32e-01	1.15e-01	6.70e-02
 2.61277e+16	9.18e-01	8.25e-02	1.12e-05	0.00e+00	0.00e+00	0.00e+00	0.00e+00	0.00e+00	0.00e+00	7.36e-01	1.14e-01	6.67e-02
 2.61398e+16	9.21e-01	7.91e-02	9.85e-06	0.00e+00	0.00e+00	0.00e+00	0.00e+00	0.00e+00	0.00e+00	7.41e-01	1.14e-01	6.64e-02
 2.61517e+16	9.24e-01	7.58e-02	8.71e-06	0.00e+00	0.00e+00	0.00e+00	0.00e+00	0.00e+00	0.00e+00	7.45e-01	1.13e-01	6.61e-02
 2.61635e+16	9.27e-01	7.28e-02	7.71e-06	0.00e+00	0.00e+00	0.00e+00	0.00e+00	0.00e+00	0.00e+00	7.49e-01	1.12e-01	6.58e-02
 2.61752e+16	9.30e-01	6.99e-02	6.82e-06	0.00e+00	0.00e+00	0.00e+00	0.00e+00	0.00e+00	0.00e+00	7.53e-01	1.11e-01	6.55e-02
 2.61870e+16	9.33e-01	6.70e-02	6.04e-06	0.00e+00	0.00e+00	0.00e+00	0.00e+00	0.00e+00	0.00e+00	7.57e-01	1.11e-01	6.52e-02
 2.61985e+16	9.36e-01	6.43e-02	5.35e-06	0.00e+00	0.00e+00	0.00e+00	0.00e+00	0.00e+00	0.00e+00	7.61e-01	1.10e-01	6.48e-02
 2.62100e+16	9.38e-01	6.18e-02	4.75e-06	0.00e+00	0.00e+00	0.00e+00	0.00e+00	0.00e+00	0.00e+00	7.65e-01	1.09e-01	6.45e-02
 2.62215e+16	9.41e-01	5.94e-02	4.21e-06	0.00e+00	0.00e+00	0.00e+00	0.00e+00	0.00e+00	0.00e+00	7.68e-01	1.08e-01	6.42e-02
 2.62329e+16	9.43e-01	5.70e-02	3.73e-06	0.00e+00	0.00e+00	0.00e+00	0.00e+00	0.00e+00	0.00e+00	7.72e-01	1.08e-01	6.38e-02
 2.62441e+16	9.45e-01	5.48e-02	3.32e-06	0.00e+00	0.00e+00	0.00e+00	0.00e+00	0.00e+00	0.00e+00	7.75e-01	1.07e-01	6.35e-02
 2.62552e+16	9.47e-01	5.26e-02	2.95e-06	0.00e+00	0.00e+00	0.00e+00	0.00e+00	0.00e+00	0.00e+00	7.78e-01	1.06e-01	6.31e-02
 2.62665e+16	9.49e-01	5.06e-02	2.62e-06	0.00e+00	0.00e+00	0.00e+00	0.00e+00	0.00e+00	0.00e+00	7.81e-01	1.06e-01	6.28e-02
 2.62779e+16	9.51e-01	4.86e-02	2.32e-06	0.00e+00	0.00e+00	0.00e+00	0.00e+00	0.00e+00	0.00e+00	7.84e-01	1.05e-01	6.25e-02
 2.62889e+16	9.53e-01	4.67e-02	2.07e-06	0.00e+00	0.00e+00	0.00e+00	0.00e+00	0.00e+00	0.00e+00	7.87e-01	1.04e-01	6.22e-02
 2.62995e+16	9.55e-01	4.49e-02	1.85e-06	0.00e+00	0.00e+00	0.00e+00	0.00e+00	0.00e+00	0.00e+00	7.90e-01	1.04e-01	6.19e-02
 2.63104e+16	9.57e-01	4.33e-02	1.65e-06	0.00e+00	0.00e+00	0.00e+00	0.00e+00	0.00e+00	0.00e+00	7.92e-01	1.03e-01	6.16e-02
