#depth	O	O+	O+2	O+3	O+4	O+5	O+6	O+7	O+8	O[1]	O[2]	O[3]
 2.82628e+11	2.23e-05	3.57e-02	9.64e-01	2.26e-04	0.00e+00	0.00e+00	0.00e+00	0.00e+00	0.00e+00	1.45e-05	5.46e-06	2.28e-06
 1.69577e+12	2.23e-05	3.57e-02	9.64e-01	2.26e-04	0.00e+00	0.00e+00	0.00e+00	0.00e+00	0.00e+00	1.45e-05	5.46e-06	2.28e-06
 7.34833e+12	2.23e-05	3.57e-02	9.64e-01	2.22e-04	0.00e+00	0.00e+00	0.00e+00	0.00e+00	0.00e+00	1.45e-05	5.47e-06	2.28e-06
 2.99586e+13	2.23e-05	3.58e-02	9.64e-01	2.10e-04	0.00e+00	0.00e+00	0.00e+00	0.00e+00	0.00e+00	1.45e-05	5.48e-06	2.29e-06
 7.15614e+13	2.23e-05	3.58e-02	9.64e-01	1.93e-04	0.00e+00	0.00e+00	0.00e+00	0.00e+00	0.00e+00	1.45e-05	5.48e-06	2.29e-06
 1.25645e+14	2.23e-05	3.59e-02	9.64e-01	1.73e-04	0.00e+00	0.00e+00	0.00e+00	0.00e+00	0.00e+00	1.45e-05	5.48e-06	2.29e-06
 1.95954e+14	2.23e-05	3.60e-02	9.64e-01	1.49e-04	0.00e+00	0.00e+00	0.00e+00	0.00e+00	0.00e+00	1.45e-05	5.49e-06	2.29e-06
 2.87355e+14	2.24e-05	3.62e-02	9.64e-01	1.22e-04	0.00e+00	0.00e+00	0.00e+00	0.00e+00	0.00e+00	1.46e-05	5.51e-06	2.30e-06
 4.06177e+14	2.26e-05	3.64e-02	9.63e-01	9.44e-05	0.00e+00	0.00e+00	0.00e+00	0.00e+00	0.00e+00	1.47e-05	5.54e-06	2.32e-06
 5.60646e+14	2.28e-05	3.67e-02	9.63e-01	6.70e-05	0.00e+00	0.00e+00	0.00e+00	0.00e+00	0.00e+00	1.48e-05	5.60e-06	2.34e-06
 7.61455e+14	2.31e-05	3.71e-02	9.63e-01	4.28e-05	0.00e+00	0.00e+00	0.00e+00	0.00e+00	0.00e+00	1.51e-05	5.68e-06	2.38e-06
 1.02251e+15	2.37e-05	3.77e-02	9.62e-01	2.40e-05	0.00e+00	0.00e+00	0.00e+00	0.00e+00	0.00e+00	1.54e-05	5.81e-06	2.43e-06
 1.36187e+15	2.44e-05	3.84e-02	9.62e-01	1.15e-05	0.00e+00	0.00e+00	0.00e+00	0.00e+00	0.00e+00	1.59e-05	5.99e-06	2.51e-06
 1.80305e+15	2.56e-05	3.93e-02	9.61e-01	4.69e-06	0.00e+00	0.00e+00	0.00e+00	0.00e+00	0.00e+00	1.66e-05	6.27e-06	2.63e-06
 2.37658e+15	2.72e-05	4.07e-02	9.59e-01	1.71e-06	0.00e+00	0.00e+00	0.00e+00	0.00e+00	0.00e+00	1.77e-05	6.67e-06	2.80e-06
 3.12217e+15	2.98e-05	4.24e-02	9.58e-01	6.99e-07	0.00e+00	0.00e+00	0.00e+00	0.00e+00	0.00e+00	1.94e-05	7.29e-06	3.06e-06
 4.09144e+15	3.37e-05	4.50e-02	9.55e-01	4.22e-07	0.00e+00	0.00e+00	0.00e+00	0.00e+00	0.00e+00	2.20e-05	8.24e-06	3.47e-06
 5.35148e+15	4.01e-05	4.85e-02	9.51e-01	3.35e-07	0.00e+00	0.00e+00	0.00e+00	0.00e+00	0.00e+00	2.62e-05	9.80e-06	4.13e-06
 6.72233e+15	4.85e-05	5.27e-02	9.47e-01	2.88e-07	0.00e+00	0.00e+00	0.00e+00	0.00e+00	0.00e+00	3.16e-05	1.18e-05	5.00e-06
 7.93049e+15	5.81e-05	5.69e-02	9.43e-01	2.57e-07	0.00e+00	0.00e+00	0.00e+00	0.00e+00	0.00e+00	3.79e-05	1.42e-05	5.99e-06
 8.90400e+15	6.78e-05	6.07e-02	9.39e-01	2.34e-07	0.00e+00	0.00e+00	0.00e+00	0.00e+00	0.00e+00	4.43e-05	1.65e-05	6.99e-06
 9.79440e+15	7.95e-05	6.46e-02	9.35e-01	2.15e-07	0.00e+00	0.00e+00	0.00e+00	0.00e+00	0.00e+00	5.19e-05	1.94e-05	8.19e-06
 1.07249e+16	9.47e-05	6.93e-02	9.31e-01	1.96e-07	0.00e+00	0.00e+00	0.00e+00	0.00e+00	0.00e+00	6.18e-05	2.31e-05	9.76e-06
 1.16043e+16	1.13e-04	7.43e-02	9.26e-01	1.80e-07	0.00e+00	0.00e+00	0.00e+00	0.00e+00	0.00e+00	7.36e-05	2.75e-05	1.16e-05
 1.23920e+16	1.33e-04	7.93e-02	9.21e-01	1.66e-07	0.00e+00	0.00e+00	0.00e+00	0.00e+00	0.00e+00	8.69e-05	3.24e-05	1.37e-05
 1.31159e+16	1.57e-04	8.46e-02	9.15e-01	1.54e-07	0.00e+00	0.00e+00	0.00e+00	0.00e+00	0.00e+00	1.02e-04	3.81e-05	1.61e-05
 1.38068e+16	1.85e-04	9.03e-02	9.10e-01	1.42e-07	0.00e+00	0.00e+00	0.00e+00	0.00e+00	0.00e+00	1.20e-04	4.50e-05	1.90e-05
 1.44708e+16	2.18e-04	9.65e-02	9.03e-01	1.32e-07	0.00e+00	0.00e+00	0.00e+00	0.00e+00	0.00e+00	1.43e-04	5.32e-05	2.25e-05
 1.51001e+16	2.59e-04	1.03e-01	8.96e-01	0.00e+00	0.00e+00	0.00e+00	0.00e+00	0.00e+00	0.00e+00	1.69e-04	6.30e-05	2.66e-05
 1.56910e+16	3.06e-04	1.11e-01	8.89e-01	0.00e+00	0.00e+00	0.00e+00	0.00e+00	0.00e+00	0.00e+00	2.00e-04	7.47e-05	3.15e-05
 1.62489e+16	3.63e-04	1.18e-01	8.81e-01	0.00e+00	0.00e+00	0.00e+00	0.00e+00	0.00e+00	0.00e+00	2.37e-04	8.85e-05	3.73e-05
 1.67801e+16	4.30e-04	1.27e-01	8.72e-01	0.00e+00	0.00e+00	0.00e+00	0.00e+00	0.00e+00	0.00e+00	2.81e-04	1.05e-04	4.42e-05
 1.72876e+16	5.12e-04	1.37e-01	8.63e-01	0.00e+00	0.00e+00	0.00e+00	0.00e+00	0.00e+00	0.00e+00	3.34e-04	1.25e-04	5.26e-05
 1.77717e+16	6.10e-04	1.47e-01	8.52e-01	0.00e+00	0.00e+00	0.00e+00	0.00e+00	0.00e+00	0.00e+00	3.98e-04	1.49e-04	6.27e-05
 1.82324e+16	7.29e-04	1.58e-01	8.41e-01	0.00e+00	0.00e+00	0.00e+00	0.00e+00	0.00e+00	0.00e+00	4.75e-04	1.78e-04	7.48e-05
 1.86711e+16	8.71e-04	1.71e-01	8.28e-01	0.00e+00	0.00e+00	0.00e+00	0.00e+00	0.00e+00	0.00e+00	5.68e-04	2.13e-04	8.94e-05
 1.90906e+16	1.05e-03	1.85e-01	8.14e-01	0.00e+00	0.00e+00	0.00e+00	0.00e+00	0.00e+00	0.00e+00	6.82e-04	2.56e-04	1.07e-04
 1.94921e+16	1.26e-03	2.00e-01	7.99e-01	0.00e+00	0.00e+00	0.00e+00	0.00e+00	0.00e+00	0.00e+00	8.20e-04	3.07e-04	1.29e-04
 1.98765e+16	1.52e-03	2.17e-01	7.81e-01	0.00e+00	0.00e+00	0.00e+00	0.00e+00	0.00e+00	0.00e+00	9.91e-04	3.71e-04	1.56e-04
 2.02442e+16	1.83e-03	2.36e-01	7.63e-01	0.00e+00	0.00e+00	0.00e+00	0.00e+00	0.00e+00	0.00e+00	1.20e-03	4.48e-04	1.88e-04
 2.05965e+16	2.23e-03	2.56e-01	7.42e-01	0.00e+00	0.00e+00	0.00e+00	0.00e+00	0.00e+00	0.00e+00	1.45e-03	5.44e-04	2.28e-04
 2.09302e+16	2.71e-03	2.79e-01	7.19e-01	0.00e+00	0.00e+00	0.00e+00	0.00e+00	0.00e+00	0.00e+00	1.77e-03	6.60e-04	2.77e-04
 2.12406e+16	3.28e-03	3.03e-01	6.94e-01	0.00e+00	0.00e+00	0.00e+00	0.00e+00	0.00e+00	0.00e+00	2.14e-03	7.99e-04	3.35e-04
 2.15320e+16	3.96e-03	3.28e-01	6.68e-01	0.00e+00	0.00e+00	0.00e+00	0.00e+00	0.00e+00	0.00e+00	2.59e-03	9.67e-04	4.05e-04
 2.18091e+16	4.80e-03	3.56e-01	6.39e-01	0.00e+00	0.00e+00	0.00e+00	0.00e+00	0.00e+00	0.00e+00	3.14e-03	1.17e-03	4.90e-04
 2.20731e+16	5.81e-03	3.85e-01	6.09e-01	0.00e+00	0.00e+00	0.00e+00	0.00e+00	0.00e+00	0.00e+00	3.80e-03	1.42e-03	5.93e-04
 2.23237e+16	7.05e-03	4.17e-01	5.76e-01	0.00e+00	0.00e+00	0.00e+00	0.00e+00	0.00e+00	0.00e+00	4.61e-03	1.72e-03	7.19e-04
 2.25602e+16	8.54e-03	4.50e-01	5.42e-01	0.00e+00	0.00e+00	0.00e+00	0.00e+00	0.00e+00	0.00e+00	5.59e-03	2.08e-03	8.71e-04
 2.27830e+16	1.03e-02	4.84e-01	5.06e-01	0.00e+00	0.00e+00	0.00e+00	0.00e+00	0.00e+00	0.00e+00	6.76e-03	2.51e-03	1.05e-03
 2.29941e+16	1.25e-02	5.19e-01	4.68e-01	0.00e+00	0.00e+00	0.00e+00	0.00e+00	0.00e+00	0.00e+00	8.18e-03	3.04e-03	1.27e-03
 2.31953e+16	1.51e-02	5.55e-01	4.30e-01	0.00e+00	0.00e+00	0.00e+00	0.00e+00	0.00e+00	0.00e+00	9.91e-03	3.68e-03	1.54e-03
 2.33868e+16	1.83e-02	5.92e-01	3.90e-01	0.00e+00	0.00e+00	0.00e+00	0.00e+00	0.00e+00	0.00e+00	1.20e-02	4.45e-03	1.86e-03
 2.35683e+16	2.22e-02	6.28e-01	3.50e-01	0.00e+00	0.00e+00	0.00e+00	0.00e+00	0.00e+00	0.00e+00	1.46e-02	5.39e-03	2.26e-03
 2.37398e+16	2.69e-02	6.63e-01	3.10e-01	0.00e+00	0.00e+00	0.00e+00	0.00e+00	0.00e+00	0.00e+00	1.77e-02	6.53e-03	2.74e-03
 2.39015e+16	3.27e-02	6.97e-01	2.71e-01	0.00e+00	0.00e+00	0.00e+00	0.00e+00	0.00e+00	0.00e+00	2.14e-02	7.91e-03	3.31e-03
 2.40537e+16	3.96e-02	7.27e-01	2.33e-01	0.00e+00	0.00e+00	0.00e+00	0.00e+00	0.00e+00	0.00e+00	2.59e-02	9.57e-03	4.01e-03
 2.41976e+16	4.79e-02	7.54e-01	1.98e-01	0.00e+00	0.00e+00	0.00e+00	0.00e+00	0.00e+00	0.00e+00	3.14e-02	1.16e-02	4.85e-03
 2.43342e+16	5.82e-02	7.77e-01	1.64e-01	0.00e+00	0.00e+00	0.00e+00	0.00e+00	0.00e+00	0.00e+00	3.82e-02	1.40e-02	5.90e-03
 2.44626e+16	7.08e-02	7.95e-01	1.34e-01	0.00e+00	0.00e+00	0.00e+00	0.00e+00	0.00e+00	0.00e+00	4.65e-02	1.70e-02	7.17e-03
 2.45816e+16	8.54e-02	8.06e-01	1.08e-01	0.00e+00	0.00e+00	0.00e+00	0.00e+00	0.00e+00	0.00e+00	5.62e-02	2.05e-02	8.64e-03
 2.46776e+16	1.01e-01	8.11e-01	8.84e-02	0.00e+00	0.00e+00	0.00e+00	0.00e+00	0.00e+00	0.00e+00	6.64e-02	2.41e-02	1.02e-02
 2.47455e+16	1.14e-01	8.11e-01	7.51e-02	0.00e+00	0.00e+00	0.00e+00	0.00e+00	0.00e+00	0.00e+00	7.53e-02	2.72e-02	1.15e-02
 2.48028e+16	1.27e-01	8.08e-01	6.48e-02	0.00e+00	0.00e+00	0.00e+00	0.00e+00	0.00e+00	0.00e+00	8.39e-02	3.02e-02	1.28e-02
 2.48674e+16	1.44e-01	8.02e-01	5.40e-02	0.00e+00	0.00e+00	0.00e+00	0.00e+00	0.00e+00	0.00e+00	9.51e-02	3.40e-02	1.45e-02
 2.49366e+16	1.65e-01	7.91e-01	4.36e-02	0.00e+00	0.00e+00	0.00e+00	0.00e+00	0.00e+00	0.00e+00	1.09e-01	3.89e-02	1.67e-02
 2.49943e+16	1.86e-01	7.78e-01	3.59e-02	0.00e+00	0.00e+00	0.00e+00	0.00e+00	0.00e+00	0.00e+00	1.24e-01	4.37e-02	1.88e-02
 2.50406e+16	2.05e-01	7.65e-01	3.03e-02	0.00e+00	0.00e+00	0.00e+00	0.00e+00	0.00e+00	0.00e+00	1.36e-01	4.79e-02	2.06e-02
 2.50895e+16	2.29e-01	7.47e-01	2.49e-02	0.00e+00	0.00e+00	0.00e+00	0.00e+00	0.00e+00	0.00e+00	1.52e-01	5.30e-02	2.30e-02
 2.51411e+16	2.56e-01	7.24e-01	2.00e-02	0.00e+00	0.00e+00	0.00e+00	0.00e+00	0.00e+00	0.00e+00	1.71e-01	5.89e-02	2.56e-02
 2.51841e+16	2.81e-01	7.03e-01	1.65e-02	0.00e+00	0.00e+00	0.00e+00	0.00e+00	0.00e+00	0.00e+00	1.88e-01	6.42e-02	2.81e-02
 2.52210e+16	3.04e-01	6.82e-01	1.39e-02	0.00e+00	0.00e+00	0.00e+00	0.00e+00	0.00e+00	0.00e+00	2.04e-01	6.90e-02	3.03e-02
 2.52619e+16	3.32e-01	6.57e-01	1.12e-02	0.00e+00	0.00e+00	0.00e+00	0.00e+00	0.00e+00	0.00e+00	2.24e-01	7.48e-02	3.31e-02
 2.53050e+16	3.64e-01	6.27e-01	8.95e-03	0.00e+00	0.00e+00	0.00e+00	0.00e+00	0.00e+00	0.00e+00	2.46e-01	8.10e-02	3.61e-02
 2.53413e+16	3.92e-01	6.00e-01	7.29e-03	0.00e+00	0.00e+00	0.00e+00	0.00e+00	0.00e+00	0.00e+00	2.67e-01	8.65e-02	3.89e-02
 2.53727e+16	4.17e-01	5.77e-01	6.08e-03	0.00e+00	0.00e+00	0.00e+00	0.00e+00	0.00e+00	0.00e+00	2.85e-01	9.11e-02	4.12e-02
 2.54045e+16	4.44e-01	5.51e-01	5.00e-03	0.00e+00	0.00e+00	0.00e+00	0.00e+00	0.00e+00	0.00e+00	3.05e-01	9.60e-02	4.37e-02
 2.54387e+16	4.74e-01	5.22e-01	4.03e-03	0.00e+00	0.00e+00	0.00e+00	0.00e+00	0.00e+00	0.00e+00	3.26e-01	1.01e-01	4.64e-02
 2.54720e+16	5.03e-01	4.94e-01	3.24e-03	0.00e+00	0.00e+00	0.00e+00	0.00e+00	0.00e+00	0.00e+00	3.48e-01	1.06e-01	4.90e-02
 2.55012e+16	5.28e-01	4.69e-01	2.67e-03	0.00e+00	0.00e+00	0.00e+00	0.00e+00	0.00e+00	0.00e+00	3.68e-01	1.10e-01	5.12e-02
 2.55271e+16	5.52e-01	4.46e-01	2.23e-03	0.00e+00	0.00e+00	0.00e+00	0.00e+00	0.00e+00	0.00e+00	3.86e-01	1.13e-01	5.32e-02
 2.55522e+16	5.73e-01	4.25e-01	1.87e-03	0.00e+00	0.00e+00	0.00e+00	0.00e+00	0.00e+00	0.00e+00	4.02e-01	1.16e-01	5.50e-02
 2.55765e+16	5.95e-01	4.04e-01	1.56e-03	0.00e+00	0.00e+00	0.00e+00	0.00e+00	0.00e+00	0.00e+00	4.20e-01	1.18e-01	5.67e-02
 2.55953e+16	6.10e-01	3.89e-01	1.37e-03	0.00e+00	0.00e+00	0.00e+00	0.00e+00	0.00e+00	0.00e+00	4.32e-01	1.20e-01	5.79e-02
 2.56080e+16	6.20e-01	3.79e-01	1.25e-03	0.00e+00	0.00e+00	0.00e+00	0.00e+00	0.00e+00	0.00e+00	4.40e-01	1.21e-01	5.87e-02
 2.56207e+16	6.31e-01	3.68e-01	1.13e-03	0.00e+00	0.00e+00	0.00e+00	0.00e+00	0.00e+00	0.00e+00	4.49e-01	1.22e-01	5.95e-02
 2.56356e+16	6.43e-01	3.56e-01	1.01e-03	0.00e+00	0.00e+00	0.00e+00	0.00e+00	0.00e+00	0.00e+00	4.59e-01	1.23e-01	6.04e-02
 2.56513e+16	6.56e-01	3.43e-01	8.94e-04	0.00e+00	0.00e+00	0.00e+00	0.00e+00	0.00e+00	0.00e+00	4.70e-01	1.25e-01	6.13e-02
 2.56658e+16	6.67e-01	3.32e-01	7.99e-04	0.00e+00	0.00e+00	0.00e+00	0.00e+00	0.00e+00	0.00e+00	4.80e-01	1.25e-01	6.21e-02
 2.56798e+16	6.79e-01	3.20e-01	7.14e-04	0.00e+00	0.00e+00	0.00e+00	0.00e+00	0.00e+00	0.00e+00	4.90e-01	1.26e-01	6.28e-02
 2.56940e+16	6.90e-01	3.10e-01	6.38e-04	0.00e+00	0.00e+00	0.00e+00	0.00e+00	0.00e+00	0.00e+00	4.99e-01	1.27e-01	6.35e-02
 2.57085e+16	7.01e-01	2.99e-01	5.67e-04	0.00e+00	0.00e+00	0.00e+00	0.00e+00	0.00e+00	0.00e+00	5.09e-01	1.28e-01	6.42e-02
 2.57229e+16	7.12e-01	2.88e-01	5.03e-04	0.00e+00	0.00e+00	0.00e+00	0.00e+00	0.00e+00	0.00e+00	5.19e-01	1.28e-01	6.49e-02
 2.57371e+16	7.22e-01	2.77e-01	4.47e-04	0.00e+00	0.00e+00	0.00e+00	0.00e+00	0.00e+00	0.00e+00	5.28e-01	1.29e-01	6.55e-02
 2.57511e+16	7.32e-01	2.67e-01	3.97e-04	0.00e+00	0.00e+00	0.00e+00	0.00e+00	0.00e+00	0.00e+00	5.37e-01	1.29e-01	6.60e-02
 2.57652e+16	7.43e-01	2.57e-01	3.52e-04	0.00e+00	0.00e+00	0.00e+00	0.00e+00	0.00e+00	0.00e+00	5.47e-01	1.29e-01	6.65e-02
 2.57794e+16	7.52e-01	2.48e-01	3.12e-04	0.00e+00	0.00e+00	0.00e+00	0.00e+00	0.00e+00	0.00e+00	5.56e-01	1.29e-01	6.70e-02
 2.57935e+16	7.62e-01	2.38e-01	2.76e-04	0.00e+00	0.00e+00	0.00e+00	0.00e+00	0.00e+00	0.00e+00	5.65e-01	1.30e-01	6.74e-02
 2.58075e+16	7.71e-01	2.29e-01	2.44e-04	0.00e+00	0.00e+00	0.00e+00	0.00e+00	0.00e+00	0.00e+00	5.73e-01	1.30e-01	6.78e-02
 2.58215e+16	7.80e-01	2.20e-01	2.15e-04	0.00e+00	0.00e+00	0.00e+00	0.00e+00	0.00e+00	0.00e+00	5.82e-01	1.29e-01	6.81e-02
 2.58355e+16	7.89e-01	2.11e-01	1.90e-04	0.00e+00	0.00e+00	0.00e+00	0.00e+00	0.00e+00	0.00e+00	5.91e-01	1.29e-01	6.84e-02
 2.58495e+16	7.97e-01	2.03e-01	1.67e-04	0.00e+00	0.00e+00	0.00e+00	0.00e+00	0.00e+00	0.00e+00	5.99e-01	1.29e-01	6.87e-02
 2.58636e+16	8.06e-01	1.94e-01	1.47e-04	0.00e+00	0.00e+00	0.00e+00	0.00e+00	0.00e+00	0.00e+00	6.08e-01	1.29e-01	6.89e-02
 2.58774e+16	8.14e-01	1.86e-01	1.30e-04	0.00e+00	0.00e+00	0.00e+00	0.00e+00	0.00e+00	0.00e+00	6.16e-01	1.28e-01	6.90e-02
 2.58911e+16	8.21e-01	1.79e-01	1.14e-04	0.00e+00	0.00e+00	0.00e+00	0.00e+00	0.00e+00	0.00e+00	6.24e-01	1.28e-01	6.91e-02
 2.59051e+16	8.29e-01	1.71e-01	1.00e-04	0.00e+00	0.00e+00	0.00e+00	0.00e+00	0.00e+00	0.00e+00	6.32e-01	1.27e-01	6.92e-02
 2.59190e+16	8.36e-01	1.64e-01	8.79e-05	0.00e+00	0.00e+00	0.00e+00	0.00e+00	0.00e+00	0.00e+00	6.40e-01	1.27e-01	6.93e-02
 2.59327e+16	8.43e-01	1.57e-01	7.72e-05	0.00e+00	0.00e+00	0.00e+00	0.00e+00	0.00e+00	0.00e+00	6.47e-01	1.26e-01	6.93e-02
 2.59465e+16	8.50e-01	1.50e-01	6.76e-05	0.00e+00	0.00e+00	0.00e+00	0.00e+00	0.00e+00	0.00e+00	6.55e-01	1.26e-01	6.93e-02
 2.59602e+16	8.56e-01	1.44e-01	5.93e-05	0.00e+00	0.00e+00	0.00e+00	0.00e+00	0.00e+00	0.00e+00	6.62e-01	1.25e-01	6.92e-02
 2.59738e+16	8.62e-01	1.38e-01	5.19e-05	0.00e+00	0.00e+00	0.00e+00	0.00e+00	0.00e+00	0.00e+00	6.69e-01	1.24e-01	6.92e-02
 2.59875e+16	8.68e-01	1.32e-01	4.54e-05	0.00e+00	0.00e+00	0.00e+00	0.00e+00	0.00e+00	0.00e+00	6.76e-01	1.23e-01	6.90e-02
 2.60010e+16	8.74e-01	1.26e-01	3.98e-05	0.00e+00	0.00e+00	0.00e+00	0.00e+00	0.00e+00	0.00e+00	6.82e-01	1.23e-01	6.89e-02
 2.60142e+16	8.79e-01	1.21e-01	3.49e-05	0.00e+00	0.00e+00	0.00e+00	0.00e+00	0.00e+00	0.00e+00	6.89e-01	1.22e-01	6.88e-02
 2.60273e+16	8.84e-01	1.16e-01	3.07e-05	0.00e+00	0.00e+00	0.00e+00	0.00e+00	0.00e+00	0.00e+00	6.95e-01	1.21e-01	6.86e-02
 2.60403e+16	8.89e-01	1.11e-01	2.69e-05	0.00e+00	0.00e+00	0.00e+00	0.00e+00	0.00e+00	0.00e+00	7.01e-01	1.20e-01	6.84e-02
 2.60531e+16	8.94e-01	1.06e-01	2.37e-05	0.00e+00	0.00e+00	0.00e+00	0.00e+00	0.00e+00	0.00e+00	7.06e-01	1.19e-01	6.82e-02
 2.60659e+16	8.98e-01	1.02e-01	2.09e-05	0.00e+00	0.00e+00	0.00e+00	0.00e+00	0.00e+00	0.00e+00	7.12e-01	1.19e-01	6.80e-02
 2.60783e+16	9.03e-01	9.74e-02	1.84e-05	0.00e+00	0.00e+00	0.00e+00	0.00e+00	0.00e+00	0.00e+00	7.17e-01	1.18e-01	6.77e-02
 2.60908e+16	9.07e-01	9.34e-02	1.62e-05	0.00e+00	0.00e+00	0.00e+00	0.00e+00	0.00e+00	0.00e+00	7.22e-01	1.17e-01	6.75e-02
 2.61032e+16	9.10e-01	8.96e-02	1.43e-05	0.00e+00	0.00e+00	0.00e+00	0.00e+00	0.00e+00	0.00e+00	7.27e-01	1.16e-01	6.72e-02
 2.61154e+16	9.14e-01	8.59e-02	1.26e-05	0.00e+00	0.00e+00	0.00e+00	0.00e+00	0.00e+00	0.00e+00	7.32e-01	1.15e-01	6.69e-02
 2.61275e+16	9.18e-01	8.23e-02	1.11e-05	0.00e+00	0.00e+00	0.00e+00	0.00e+00	0.00e+00	0.00e+00	7.37e-01	1.14e-01	6.67e-02
 2.61395e+16	9.21e-01	7.90e-02	9.84e-06	0.00e+00	0.00e+00	0.00e+00	0.00e+00	0.00e+00	0.00e+00	7.41e-01	1.14e-01	6.64e-02
 2.61515e+16	9.24e-01	7.58e-02	8.69e-06	0.00e+00	0.00e+00	0.00e+00	0.00e+00	0.00e+00	0.00e+00	7.45e-01	1.13e-01	6.61e-02
 2.61633e+16	9.27e-01	7.27e-02	7.69e-06	0.00e+00	0.00e+00	0.00e+00	0.00e+00	0.00e+00	0.00e+00	7.49e-01	1.12e-01	6.58e-02
 2.61750e+16	9.30e-01	6.98e-02	6.81e-06	0.00e+00	0.00e+00	0.00e+00	0.00e+00	0.00e+00	0.00e+00	7.53e-01	1.11e-01	6.55e-02
 2.61866e+16	9.33e-01	6.70e-02	6.03e-06	0.00e+00	0.00e+00	0.00e+00	0.00e+00	0.00e+00	0.00e+00	7.57e-01	1.10e-01	6.52e-02
 2.61983e+16	9.36e-01	6.44e-02	5.34e-06	0.00e+00	0.00e+00	0.00e+00	0.00e+00	0.00e+00	0.00e+00	7.61e-01	1.10e-01	6.48e-02
 2.62098e+16	9.38e-01	6.18e-02	4.73e-06	0.00e+00	0.00e+00	0.00e+00	0.00e+00	0.00e+00	0.00e+00	7.65e-01	1.09e-01	6.45e-02
 2.62213e+16	9.41e-01	5.93e-02	4.20e-06	0.00e+00	0.00e+00	0.00e+00	0.00e+00	0.00e+00	0.00e+00	7.68e-01	1.08e-01	6.42e-02
 2.62326e+16	9.43e-01	5.70e-02	3.73e-06	0.00e+00	0.00e+00	0.00e+00	0.00e+00	0.00e+00	0.00e+00	7.72e-01	1.08e-01	6.38e-02
 2.62437e+16	9.45e-01	5.48e-02	3.32e-06	0.00e+00	0.00e+00	0.00e+00	0.00e+00	0.00e+00	0.00e+00	7.75e-01	1.07e-01	6.35e-02
 2.62549e+16	9.47e-01	5.27e-02	2.95e-06	0.00e+00	0.00e+00	0.00e+00	0.00e+00	0.00e+00	0.00e+00	7.78e-01	1.06e-01	6.32e-02
 2.62662e+16	9.49e-01	5.06e-02	2.62e-06	0.00e+00	0.00e+00	0.00e+00	0.00e+00	0.00e+00	0.00e+00	7.81e-01	1.06e-01	6.28e-02
 2.62774e+16	9.51e-01	4.86e-02	2.32e-06	0.00e+00	0.00e+00	0.00e+00	0.00e+00	0.00e+00	0.00e+00	7.84e-01	1.05e-01	6.25e-02
 2.62884e+16	9.53e-01	4.66e-02	2.07e-06	0.00e+00	0.00e+00	0.00e+00	0.00e+00	0.00e+00	0.00e+00	7.87e-01	1.04e-01	6.22e-02
 2.62994e+16	9.55e-01	4.49e-02	1.84e-06	0.00e+00	0.00e+00	0.00e+00	0.00e+00	0.00e+00	0.00e+00	7.89e-01	1.04e-01	6.19e-02
 2.63105e+16	9.57e-01	4.32e-02	1.64e-06	0.00e+00	0.00e+00	0.00e+00	0.00e+00	0.00e+00	0.00e+00	7.92e-01	1.03e-01	6.16e-02
 2.63214e+16	9.59e-01	4.15e-02	1.46e-06	0.00e+00	0.00e+00	0.00e+00	0.00e+00	0.00e+00	0.00e+00	7.95e-01	1.02e-01	6.13e-02
 2.63320e+16	9.60e-01	3.98e-02	1.30e-06	0.00e+00	0.00e+00	0.00e+00	0.00e+00	0.00e+00	0.00e+00	7.97e-01	1.02e-01	6.10e-02
 2.63430e+16	9.62e-01	3.84e-02	1.16e-06	0.00e+00	0.00e+00	0.00e+00	0.00e+00	0.00e+00	0.00e+00	7.99e-01	1.01e-01	6.08e-02
 2.63541e+16	9.63e-01	3.69e-02	1.03e-06	0.00e+00	0.00e+00	0.00e+00	0.00e+00	0.00e+00	0.00e+00	8.02e-01	1.01e-01	6.05e-02
 2.63647e+16	9.65e-01	3.55e-02	9.21e-07	0.00e+00	0.00e+00	0.00e+00	0.00e+00	0.00e+00	0.00e+00	8.04e-01	1.00e-01	6.02e-02
 2.63752e+16	9.66e-01	3.41e-02	8.24e-07	0.00e+00	0.00e+00	0.00e+00	0.00e+00	0.00e+00	0.00e+00	8.06e-01	9.98e-02	5.99e-02
 2.63857e+16	9.67e-01	3.28e-02	7.36e-07	0.00e+00	0.00e+00	0.00e+00	0.00e+00	0.00e+00	0.00e+00	8.08e-01	9.93e-02	5.96e-02
 2.63967e+16	9.69e-01	3.15e-02	6.54e-07	0.00e+00	0.00e+00	0.00e+00	0.00e+00	0.00e+00	0.00e+00	8.10e-01	9.88e-02	5.94e-02
 2.64078e+16	9.70e-01	3.02e-02	5.80e-07	0.00e+00	0.00e+00	0.00e+00	0.00e+00	0.00e+00	0.00e+00	8.12e-01	9.83e-02	5.91e-02
 2.64184e+16	9.71e-01	2.90e-02	5.19e-07	0.00e+00	0.00e+00	0.00e+00	0.00e+00	0.00e+00	0.00e+00	8.14e-01	9.78e-02	5.89e-02
 2.64286e+16	9.72e-01	2.80e-02	4.66e-07	0.00e+00	0.00e+00	0.00e+00	0.00e+00	0.00e+00	0.00e+00	8.16e-01	9.74e-02	5.87e-02
 2.64386e+16	9.73e-01	2.70e-02	4.19e-07	0.00e+00	0.00e+00	0.00e+00	0.00e+00	0.00e+00	0.00e+00	8.18e-01	9.70e-02	5.84e-02
 2.64486e+16	9.74e-01	2.60e-02	3.76e-07	0.00e+00	0.00e+00	0.00e+00	0.00e+00	0.00e+00	0.00e+00	8.19e-01	9.66e-02	5.82e-02
 2.64590e+16	9.75e-01	2.50e-02	3.37e-07	0.00e+00	0.00e+00	0.00e+00	0.00e+00	0.00e+00	0.00e+00	8.21e-01	9.62e-02	5.80e-02
 2.64691e+16	9.76e-01	2.40e-02	3.02e-07	0.00e+00	0.00e+00	0.00e+00	0.00e+00	0.00e+00	0.00e+00	8.22e-01	9.58e-02	5.78e-02
 2.64792e+16	9.77e-01	2.31e-02	2.71e-07	0.00e+00	0.00e+00	0.00e+00	0.00e+00	0.00e+00	0.00e+00	8.24e-01	9.54e-02	5.75e-02
 2.64897e+16	9.78e-01	2.21e-02	2.42e-07	0.00e+00	0.00e+00	0.00e+00	0.00e+00	0.00e+00	0.00e+00	8.26e-01	9.50e-02	5.73e-02
 2.64998e+16	9.79e-01	2.13e-02	2.17e-07	0.00e+00	0.00e+00	0.00e+00	0.00e+00	0.00e+00	0.00e+00	8.27e-01	9.46e-02	5.71e-02
 2.65095e+16	9.80e-01	2.05e-02	1.96e-07	0.00e+00	0.00e+00	0.00e+00	0.00e+00	0.00e+00	0.00e+00	8.28e-01	9.42e-02	5.69e-02
 2.65190e+16	9.80e-01	1.97e-02	1.77e-07	0.00e+00	0.00e+00	0.00e+00	0.00e+00	0.00e+00	0.00e+00	8.30e-01	9.39e-02	5.67e-02
 2.65287e+16	9.81e-01	1.89e-02	1.59e-07	0.00e+00	0.00e+00	0.00e+00	0.00e+00	0.00e+00	0.00e+00	8.31e-01	9.35e-02	5.65e-02
 2.65384e+16	9.82e-01	1.81e-02	1.43e-07	0.00e+00	0.00e+00	0.00e+00	0.00e+00	0.00e+00	0.00e+00	8.32e-01	9.32e-02	5.63e-02
 2.65477e+16	9.83e-01	1.74e-02	1.30e-07	0.00e+00	0.00e+00	0.00e+00	0.00e+00	0.00e+00	0.00e+00	8.34e-01	9.28e-02	5.61e-02
 2.65569e+16	9.83e-01	1.67e-02	1.17e-07	0.00e+00	0.00e+00	0.00e+00	0.00e+00	0.00e+00	0.00e+00	8.35e-01	9.24e-02	5.58e-02
 2.65659e+16	9.84e-01	1.60e-02	1.06e-07	0.00e+00	0.00e+00	0.00e+00	0.00e+00	0.00e+00	0.00e+00	8.36e-01	9.21e-02	5.56e-02
 2.65748e+16	9.85e-01	1.54e-02	9.65e-08	0.00e+00	0.00e+00	0.00e+00	0.00e+00	0.00e+00	0.00e+00	8.38e-01	9.17e-02	5.54e-02
 2.65834e+16	9.85e-01	1.47e-02	8.78e-08	0.00e+00	0.00e+00	0.00e+00	0.00e+00	0.00e+00	0.00e+00	8.39e-01	9.13e-02	5.52e-02
 2.65920e+16	9.86e-01	1.41e-02	8.00e-08	0.00e+00	0.00e+00	0.00e+00	0.00e+00	0.00e+00	0.00e+00	8.40e-01	9.10e-02	5.49e-02
 2.66005e+16	9.86e-01	1.35e-02	7.28e-08	0.00e+00	0.00e+00	0.00e+00	0.00e+00	0.00e+00	0.00e+00	8.41e-01	9.06e-02	5.47e-02
 2.66087e+16	9.87e-01	1.29e-02	6.66e-08	0.00e+00	0.00e+00	0.00e+00	0.00e+00	0.00e+00	0.00e+00	8.42e-01	9.02e-02	5.44e-02
 2.66162e+16	9.88e-01	1.24e-02	6.13e-08	0.00e+00	0.00e+00	0.00e+00	0.00e+00	0.00e+00	0.00e+00	8.44e-01	8.98e-02	5.42e-02
 2.66228e+16	9.88e-01	1.20e-02	5.71e-08	0.00e+00	0.00e+00	0.00e+00	0.00e+00	0.00e+00	0.00e+00	8.45e-01	8.95e-02	5.40e-02
 2.66287e+16	9.88e-01	1.16e-02	5.36e-08	0.00e+00	0.00e+00	0.00e+00	0.00e+00	0.00e+00	0.00e+00	8.46e-01	8.91e-02	5.38e-02
 2.66341e+16	9.89e-01	1.12e-02	5.05e-08	0.00e+00	0.00e+00	0.00e+00	0.00e+00	0.00e+00	0.00e+00	8.46e-01	8.88e-02	5.35e-02
 2.66392e+16	9.89e-01	1.09e-02	4.77e-08	0.00e+00	0.00e+00	0.00e+00	0.00e+00	0.00e+00	0.00e+00	8.47e-01	8.85e-02	5.33e-02
 2.66440e+16	9.89e-01	1.06e-02	4.53e-08	0.00e+00	0.00e+00	0.00e+00	0.00e+00	0.00e+00	0.00e+00	8.48e-01	8.82e-02	5.31e-02
 2.66484e+16	9.90e-01	1.03e-02	4.31e-08	0.00e+00	0.00e+00	0.00e+00	0.00e+00	0.00e+00	0.00e+00	8.49e-01	8.79e-02	5.29e-02
 2.66525e+16	9.90e-01	9.99e-03	4.12e-08	0.00e+00	0.00e+00	0.00e+00	0.00e+00	0.00e+00	0.00e+00	8.50e-01	8.77e-02	5.27e-02
 2.66564e+16	9.90e-01	9.74e-03	3.94e-08	0.00e+00	0.00e+00	0.00e+00	0.00e+00	0.00e+00	0.00e+00	8.50e-01	8.74e-02	5.25e-02
 2.66601e+16	9.91e-01	9.48e-03	3.78e-08	0.00e+00	0.00e+00	0.00e+00	0.00e+00	0.00e+00	0.00e+00	8.51e-01	8.71e-02	5.23e-02
 2.66635e+16	9.91e-01	9.25e-03	3.63e-08	0.00e+00	0.00e+00	0.00e+00	0.00e+00	0.00e+00	0.00e+00	8.52e-01	8.68e-02	5.21e-02
 2.66666e+16	9.91e-01	9.05e-03	3.50e-08	0.00e+00	0.00e+00	0.00e+00	0.00e+00	0.00e+00	0.00e+00	8.52e-01	8.66e-02	5.19e-02
 2.66694e+16	9.91e-01	8.86e-03	3.38e-08	0.00e+00	0.00e+00	0.00e+00	0.00e+00	0.00e+00	0.00e+00	8.53e-01	8.63e-02	5.17e-02
 2.66720e+16	9.91e-01	8.69e-03	3.28e-08	0.00e+00	0.00e+00	0.00e+00	0.00e+00	0.00e+00	0.00e+00	8.54e-01	8.61e-02	5.16e-02
 2.66743e+16	9.91e-01	8.53e-03	3.18e-08	0.00e+00	0.00e+00	0.00e+00	0.00e+00	0.00e+00	0.00e+00	8.54e-01	8.59e-02	5.14e-02
 2.66765e+16	9.92e-01	8.39e-03	3.10e-08	0.00e+00	0.00e+00	0.00e+00	0.00e+00	0.00e+00	0.00e+00	8.55e-01	8.57e-02	5.13e-02
 2.66784e+16	9.92e-01	8.27e-03	3.03e-08	0.00e+00	0.00e+00	0.00e+00	0.00e+00	0.00e+00	0.00e+00	8.55e-01	8.55e-02	5.11e-02
 2.66805e+16	9.92e-01	8.14e-03	2.95e-08	0.00e+00	0.00e+00	0.00e+00	0.00e+00	0.00e+00	0.00e+00	8.56e-01	8.53e-02	5.10e-02
 2.66833e+16	9.92e-01	7.95e-03	2.84e-08	0.00e+00	0.00e+00	0.00e+00	0.00e+00	0.00e+00	0.00e+00	8.56e-01	8.50e-02	5.08e-02
 2.66863e+16	9.92e-01	7.75e-03	2.72e-08	0.00e+00	0.00e+00	0.00e+00	0.00e+00	0.00e+00	0.00e+00	8.57e-01	8.46e-02	5.05e-02
 2.66890e+16	9.92e-01	7.55e-03	2.62e-08	0.00e+00	0.00e+00	0.00e+00	0.00e+00	0.00e+00	0.00e+00	8.58e-01	8.42e-02	5.03e-02
 2.66915e+16	9.93e-01	7.38e-03	2.53e-08	0.00e+00	0.00e+00	0.00e+00	0.00e+00	0.00e+00	0.00e+00	8.59e-01	8.39e-02	5.01e-02
