#depth	He	He+	He+2
 2.82628e+11	1.32e-03	9.98e-01	6.30e-04
 1.69577e+12	1.32e-03	9.98e-01	6.30e-04
 7.34833e+12	1.32e-03	9.98e-01	6.26e-04
 2.99586e+13	1.33e-03	9.98e-01	6.06e-04
 7.15614e+13	1.33e-03	9.98e-01	5.96e-04
 1.25645e+14	1.33e-03	9.98e-01	5.65e-04
 1.95954e+14	1.34e-03	9.98e-01	5.12e-04
 2.87355e+14	1.34e-03	9.98e-01	4.39e-04
 4.06177e+14	1.35e-03	9.98e-01	3.50e-04
 5.60646e+14	1.36e-03	9.98e-01	2.54e-04
 7.61455e+14	1.37e-03	9.98e-01	1.64e-04
 1.02251e+15	1.39e-03	9.99e-01	9.13e-05
 1.36187e+15	1.41e-03	9.99e-01	4.25e-05
 1.80305e+15	1.44e-03	9.99e-01	1.59e-05
 2.37658e+15	1.48e-03	9.99e-01	4.61e-06
 3.12217e+15	1.54e-03	9.98e-01	9.98e-07
 4.09144e+15	1.61e-03	9.98e-01	1.58e-07
 5.35148e+15	1.72e-03	9.98e-01	1.89e-08
 6.72233e+15	1.85e-03	9.98e-01	2.38e-09
 7.93049e+15	1.98e-03	9.98e-01	5.13e-10
 8.90400e+15	2.09e-03	9.98e-01	1.83e-10
 9.79440e+15	2.21e-03	9.98e-01	8.56e-11
 1.07249e+16	2.34e-03	9.98e-01	4.78e-11
 1.16043e+16	2.49e-03	9.98e-01	3.35e-11
 1.23920e+16	2.63e-03	9.97e-01	2.76e-11
 1.31159e+16	2.77e-03	9.97e-01	2.46e-11
 1.38068e+16	2.93e-03	9.97e-01	2.30e-11
 1.44708e+16	3.09e-03	9.97e-01	2.20e-11
 1.51001e+16	3.27e-03	9.97e-01	2.14e-11
 1.56910e+16	3.45e-03	9.97e-01	2.10e-11
 1.62489e+16	3.64e-03	9.96e-01	2.08e-11
 1.67801e+16	3.84e-03	9.96e-01	2.06e-11
 1.72876e+16	4.05e-03	9.96e-01	2.06e-11
 1.77717e+16	4.29e-03	9.96e-01	2.06e-11
 1.82324e+16	4.53e-03	9.95e-01	2.06e-11
 1.86711e+16	4.80e-03	9.95e-01	2.07e-11
 1.90906e+16	5.08e-03	9.95e-01	2.07e-11
 1.94921e+16	5.39e-03	9.95e-01	2.09e-11
 1.98765e+16	5.72e-03	9.94e-01	2.10e-11
 2.02442e+16	6.08e-03	9.94e-01	2.13e-11
 2.05965e+16	6.48e-03	9.94e-01	2.15e-11
 2.09302e+16	6.91e-03	9.93e-01	2.18e-11
 2.12406e+16	7.37e-03	9.93e-01	2.21e-11
 2.15320e+16	7.86e-03	9.92e-01	2.24e-11
 2.18091e+16	8.41e-03	9.92e-01	2.28e-11
 2.20731e+16	9.01e-03	9.91e-01	2.34e-11
 2.23237e+16	9.67e-03	9.90e-01	2.40e-11
 2.25602e+16	1.04e-02	9.90e-01	2.44e-11
 2.27830e+16	1.12e-02	9.89e-01	2.51e-11
 2.29941e+16	1.21e-02	9.88e-01	2.59e-11
 2.31953e+16	1.31e-02	9.87e-01	2.68e-11
 2.33868e+16	1.42e-02	9.86e-01	2.81e-11
 2.35683e+16	1.55e-02	9.84e-01	2.95e-11
 2.37398e+16	1.70e-02	9.83e-01	3.07e-11
 2.39015e+16	1.87e-02	9.81e-01	3.25e-11
 2.40537e+16	2.06e-02	9.79e-01	3.46e-11
 2.41976e+16	2.28e-02	9.77e-01	3.83e-11
 2.43342e+16	2.55e-02	9.75e-01	4.14e-11
 2.44626e+16	2.86e-02	9.71e-01	4.58e-11
 2.45816e+16	3.21e-02	9.68e-01	5.41e-11
 2.46776e+16	3.56e-02	9.64e-01	6.11e-11
 2.47455e+16	3.87e-02	9.61e-01	6.62e-11
 2.48028e+16	4.17e-02	9.58e-01	7.26e-11
 2.48674e+16	4.56e-02	9.54e-01	8.34e-11
 2.49366e+16	5.05e-02	9.49e-01	9.56e-11
 2.49943e+16	5.54e-02	9.45e-01	1.08e-10
 2.50406e+16	5.98e-02	9.40e-01	1.24e-10
 2.50895e+16	6.56e-02	9.34e-01	1.40e-10
 2.51411e+16	7.23e-02	9.28e-01	1.62e-10
 2.51841e+16	7.86e-02	9.21e-01	1.87e-10
 2.52210e+16	8.48e-02	9.15e-01	2.14e-10
 2.52619e+16	9.29e-02	9.07e-01	2.46e-10
 2.53050e+16	1.02e-01	8.98e-01	2.89e-10
 2.53413e+16	1.11e-01	8.89e-01	3.28e-10
 2.53727e+16	1.20e-01	8.80e-01	3.74e-10
 2.54045e+16	1.30e-01	8.70e-01	4.23e-10
 2.54387e+16	1.41e-01	8.59e-01	4.85e-10
 2.54720e+16	1.54e-01	8.46e-01	5.54e-10
 2.55012e+16	1.66e-01	8.34e-01	6.22e-10
 2.55271e+16	1.78e-01	8.22e-01	6.86e-10
 2.55522e+16	1.89e-01	8.11e-01	7.60e-10
 2.55765e+16	2.02e-01	7.98e-01	8.32e-10
 2.55953e+16	2.12e-01	7.88e-01	8.93e-10
 2.56080e+16	2.19e-01	7.81e-01	9.38e-10
 2.56207e+16	2.27e-01	7.73e-01	9.84e-10
 2.56356e+16	2.36e-01	7.64e-01	1.04e-09
 2.56513e+16	2.46e-01	7.54e-01	1.10e-09
 2.56658e+16	2.56e-01	7.44e-01	1.16e-09
 2.56798e+16	2.65e-01	7.35e-01	1.22e-09
 2.56940e+16	2.75e-01	7.25e-01	1.28e-09
 2.57085e+16	2.86e-01	7.14e-01	1.35e-09
 2.57229e+16	2.97e-01	7.03e-01	1.42e-09
 2.57371e+16	3.08e-01	6.92e-01	1.49e-09
 2.57511e+16	3.19e-01	6.81e-01	1.56e-09
 2.57652e+16	3.31e-01	6.69e-01	1.63e-09
 2.57794e+16	3.42e-01	6.58e-01	1.72e-09
 2.57935e+16	3.55e-01	6.45e-01	1.79e-09
 2.58075e+16	3.67e-01	6.33e-01	1.87e-09
 2.58215e+16	3.80e-01	6.20e-01	1.95e-09
 2.58355e+16	3.92e-01	6.08e-01	2.04e-09
 2.58495e+16	4.06e-01	5.94e-01	2.12e-09
 2.58636e+16	4.19e-01	5.81e-01	2.21e-09
 2.58774e+16	4.33e-01	5.67e-01	2.30e-09
 2.58911e+16	4.46e-01	5.54e-01	2.38e-09
 2.59051e+16	4.60e-01	5.40e-01	2.47e-09
 2.59190e+16	4.74e-01	5.26e-01	2.56e-09
 2.59327e+16	4.88e-01	5.12e-01	2.65e-09
 2.59465e+16	5.03e-01	4.97e-01	2.73e-09
 2.59602e+16	5.17e-01	4.83e-01	2.82e-09
 2.59738e+16	5.31e-01	4.69e-01	2.91e-09
 2.59875e+16	5.45e-01	4.55e-01	2.99e-09
 2.60010e+16	5.59e-01	4.41e-01	3.08e-09
 2.60142e+16	5.73e-01	4.27e-01	3.16e-09
 2.60273e+16	5.87e-01	4.13e-01	3.24e-09
 2.60403e+16	6.00e-01	4.00e-01	3.31e-09
 2.60531e+16	6.13e-01	3.87e-01	3.39e-09
 2.60659e+16	6.26e-01	3.74e-01	3.46e-09
 2.60783e+16	6.39e-01	3.61e-01	3.52e-09
 2.60908e+16	6.52e-01	3.48e-01	3.58e-09
 2.61032e+16	6.64e-01	3.36e-01	3.65e-09
 2.61154e+16	6.76e-01	3.24e-01	3.70e-09
 2.61275e+16	6.88e-01	3.12e-01	3.75e-09
 2.61395e+16	7.00e-01	3.00e-01	3.80e-09
 2.61515e+16	7.11e-01	2.89e-01	3.86e-09
 2.61633e+16	7.22e-01	2.78e-01	3.90e-09
 2.61750e+16	7.32e-01	2.68e-01	3.93e-09
 2.61866e+16	7.43e-01	2.57e-01	3.97e-09
 2.61983e+16	7.53e-01	2.47e-01	4.01e-09
 2.62098e+16	7.63e-01	2.37e-01	4.04e-09
 2.62213e+16	7.72e-01	2.28e-01	4.07e-09
 2.62326e+16	7.81e-01	2.19e-01	4.09e-09
 2.62437e+16	7.90e-01	2.10e-01	4.11e-09
 2.62549e+16	7.99e-01	2.01e-01	4.13e-09
 2.62662e+16	8.07e-01	1.93e-01	4.14e-09
 2.62774e+16	8.15e-01	1.85e-01	4.15e-09
 2.62884e+16	8.23e-01	1.77e-01	4.15e-09
 2.62994e+16	8.31e-01	1.69e-01	4.16e-09
 2.63105e+16	8.38e-01	1.62e-01	4.17e-09
 2.63214e+16	8.45e-01	1.55e-01	4.16e-09
 2.63320e+16	8.52e-01	1.48e-01	4.15e-09
 2.63430e+16	8.58e-01	1.42e-01	4.15e-09
 2.63541e+16	8.65e-01	1.35e-01	4.14e-09
 2.63647e+16	8.71e-01	1.29e-01	4.13e-09
 2.63752e+16	8.76e-01	1.24e-01	4.12e-09
 2.63857e+16	8.82e-01	1.18e-01	4.08e-09
 2.63967e+16	8.88e-01	1.12e-01	4.06e-09
 2.64078e+16	8.93e-01	1.07e-01	4.04e-09
 2.64184e+16	8.98e-01	1.02e-01	4.02e-09
 2.64286e+16	9.02e-01	9.78e-02	4.01e-09
 2.64386e+16	9.07e-01	9.34e-02	3.98e-09
 2.64486e+16	9.11e-01	8.92e-02	3.95e-09
 2.64590e+16	9.15e-01	8.52e-02	3.93e-09
 2.64691e+16	9.19e-01	8.12e-02	3.88e-09
 2.64792e+16	9.23e-01	7.74e-02	3.84e-09
 2.64897e+16	9.26e-01	7.37e-02	3.81e-09
 2.64998e+16	9.30e-01	7.04e-02	3.78e-09
 2.65095e+16	9.33e-01	6.72e-02	3.74e-09
 2.65190e+16	9.36e-01	6.42e-02	3.70e-09
 2.65287e+16	9.39e-01	6.13e-02	3.66e-09
 2.65384e+16	9.41e-01	5.86e-02	3.62e-09
 2.65477e+16	9.44e-01	5.60e-02	3.58e-09
 2.65569e+16	9.46e-01	5.36e-02	3.54e-09
 2.65659e+16	9.49e-01	5.13e-02	3.51e-09
 2.65748e+16	9.51e-01	4.92e-02	3.46e-09
 2.65834e+16	9.53e-01	4.71e-02	3.42e-09
 2.65920e+16	9.55e-01	4.51e-02	3.37e-09
 2.66005e+16	9.57e-01	4.33e-02	3.32e-09
 2.66087e+16	9.58e-01	4.15e-02	3.27e-09
 2.66162e+16	9.60e-01	4.00e-02	3.22e-09
 2.66228e+16	9.61e-01	3.87e-02	3.17e-09
 2.66287e+16	9.62e-01	3.76e-02	3.12e-09
 2.66341e+16	9.64e-01	3.65e-02	3.07e-09
 2.66392e+16	9.64e-01	3.55e-02	3.02e-09
 2.66440e+16	9.65e-01	3.46e-02	2.98e-09
 2.66484e+16	9.66e-01	3.38e-02	2.94e-09
 2.66525e+16	9.67e-01	3.31e-02	2.89e-09
 2.66564e+16	9.68e-01	3.24e-02	2.85e-09
 2.66601e+16	9.68e-01	3.17e-02	2.81e-09
 2.66635e+16	9.69e-01	3.11e-02	2.77e-09
 2.66666e+16	9.69e-01	3.05e-02	2.73e-09
 2.66694e+16	9.70e-01	3.00e-02	2.70e-09
 2.66720e+16	9.70e-01	2.96e-02	2.67e-09
 2.66743e+16	9.71e-01	2.92e-02	2.64e-09
 2.66765e+16	9.71e-01	2.88e-02	2.62e-09
 2.66784e+16	9.72e-01	2.85e-02	2.59e-09
 2.66805e+16	9.72e-01	2.81e-02	2.57e-09
 2.66833e+16	9.72e-01	2.76e-02	2.53e-09
 2.66863e+16	9.73e-01	2.71e-02	2.50e-09
 2.66890e+16	9.73e-01	2.67e-02	2.46e-09
 2.66915e+16	9.74e-01	2.63e-02	2.44e-09
