#depth	O	O+	O+2	O+3	O+4	O+5	O+6	O+7	O+8	O[1]	O[2]	O[3]
 1.02801e+12	2.11e-06	3.38e-03	5.16e-01	4.79e-01	2.00e-03	0.00e+00	0.00e+00	0.00e+00	0.00e+00	1.55e-06	3.67e-07	2.00e-07
 6.16807e+12	2.11e-06	3.37e-03	5.16e-01	4.79e-01	1.99e-03	0.00e+00	0.00e+00	0.00e+00	0.00e+00	1.54e-06	3.66e-07	1.99e-07
 2.67283e+13	2.11e-06	3.38e-03	5.18e-01	4.77e-01	1.98e-03	0.00e+00	0.00e+00	0.00e+00	0.00e+00	1.54e-06	3.67e-07	2.00e-07
 1.08969e+14	2.14e-06	3.43e-03	5.26e-01	4.69e-01	1.90e-03	0.00e+00	0.00e+00	0.00e+00	0.00e+00	1.56e-06	3.72e-07	2.02e-07
 2.60292e+14	2.15e-06	3.48e-03	5.37e-01	4.58e-01	1.79e-03	0.00e+00	0.00e+00	0.00e+00	0.00e+00	1.57e-06	3.73e-07	2.03e-07
 4.57013e+14	2.18e-06	3.56e-03	5.52e-01	4.42e-01	1.65e-03	0.00e+00	0.00e+00	0.00e+00	0.00e+00	1.59e-06	3.78e-07	2.06e-07
 7.12749e+14	2.23e-06	3.68e-03	5.73e-01	4.22e-01	1.48e-03	0.00e+00	0.00e+00	0.00e+00	0.00e+00	1.64e-06	3.87e-07	2.11e-07
 1.04521e+15	2.32e-06	3.84e-03	6.00e-01	3.94e-01	1.28e-03	0.00e+00	0.00e+00	0.00e+00	0.00e+00	1.70e-06	4.01e-07	2.19e-07
 1.47740e+15	2.45e-06	4.08e-03	6.38e-01	3.57e-01	1.04e-03	0.00e+00	0.00e+00	0.00e+00	0.00e+00	1.80e-06	4.23e-07	2.32e-07
 2.03925e+15	2.65e-06	4.42e-03	6.87e-01	3.08e-01	7.79e-04	0.00e+00	0.00e+00	0.00e+00	0.00e+00	1.94e-06	4.56e-07	2.50e-07
 2.76966e+15	2.96e-06	4.90e-03	7.52e-01	2.43e-01	5.04e-04	0.00e+00	0.00e+00	0.00e+00	0.00e+00	2.17e-06	5.08e-07	2.79e-07
 3.51136e+15	3.25e-06	5.38e-03	8.14e-01	1.80e-01	3.02e-04	0.00e+00	0.00e+00	0.00e+00	0.00e+00	2.39e-06	5.56e-07	3.05e-07
 4.10164e+15	3.51e-06	5.78e-03	8.60e-01	1.35e-01	1.86e-04	0.00e+00	0.00e+00	0.00e+00	0.00e+00	2.58e-06	6.00e-07	3.29e-07
 4.70291e+15	3.83e-06	6.18e-03	8.98e-01	9.53e-02	1.06e-04	0.00e+00	0.00e+00	0.00e+00	0.00e+00	2.82e-06	6.53e-07	3.59e-07
 5.48456e+15	4.24e-06	6.65e-03	9.35e-01	5.79e-02	4.75e-05	0.00e+00	0.00e+00	0.00e+00	0.00e+00	3.12e-06	7.22e-07	3.96e-07
 6.50070e+15	4.72e-06	7.14e-03	9.64e-01	2.85e-02	1.53e-05	0.00e+00	0.00e+00	0.00e+00	0.00e+00	3.48e-06	8.02e-07	4.40e-07
 7.82169e+15	5.26e-06	7.59e-03	9.81e-01	1.11e-02	3.34e-06	0.00e+00	0.00e+00	0.00e+00	0.00e+00	3.88e-06	8.93e-07	4.90e-07
 9.53897e+15	5.94e-06	8.05e-03	9.89e-01	3.42e-03	4.85e-07	0.00e+00	0.00e+00	0.00e+00	0.00e+00	4.38e-06	1.01e-06	5.53e-07
 1.17714e+16	6.87e-06	8.59e-03	9.91e-01	8.62e-04	0.00e+00	0.00e+00	0.00e+00	0.00e+00	0.00e+00	5.07e-06	1.16e-06	6.40e-07
 1.45711e+16	8.25e-06	9.28e-03	9.91e-01	1.96e-04	0.00e+00	0.00e+00	0.00e+00	0.00e+00	0.00e+00	6.08e-06	1.40e-06	7.70e-07
 1.69144e+16	9.48e-06	9.84e-03	9.90e-01	7.26e-05	0.00e+00	0.00e+00	0.00e+00	0.00e+00	0.00e+00	6.98e-06	1.61e-06	8.85e-07
 1.86058e+16	1.07e-05	1.03e-02	9.90e-01	4.17e-05	0.00e+00	0.00e+00	0.00e+00	0.00e+00	0.00e+00	7.86e-06	1.82e-06	1.00e-06
 2.04664e+16	1.22e-05	1.09e-02	9.89e-01	2.69e-05	0.00e+00	0.00e+00	0.00e+00	0.00e+00	0.00e+00	9.00e-06	2.08e-06	1.15e-06
 2.25130e+16	1.43e-05	1.16e-02	9.88e-01	1.97e-05	0.00e+00	0.00e+00	0.00e+00	0.00e+00	0.00e+00	1.05e-05	2.44e-06	1.34e-06
 2.47644e+16	1.70e-05	1.25e-02	9.88e-01	1.59e-05	0.00e+00	0.00e+00	0.00e+00	0.00e+00	0.00e+00	1.25e-05	2.92e-06	1.61e-06
 2.72408e+16	2.08e-05	1.35e-02	9.86e-01	1.38e-05	0.00e+00	0.00e+00	0.00e+00	0.00e+00	0.00e+00	1.53e-05	3.59e-06	1.97e-06
 2.99649e+16	2.63e-05	1.48e-02	9.85e-01	1.25e-05	0.00e+00	0.00e+00	0.00e+00	0.00e+00	0.00e+00	1.93e-05	4.56e-06	2.49e-06
 3.26816e+16	3.38e-05	1.64e-02	9.84e-01	1.16e-05	0.00e+00	0.00e+00	0.00e+00	0.00e+00	0.00e+00	2.47e-05	5.88e-06	3.20e-06
 3.51072e+16	4.28e-05	1.82e-02	9.82e-01	1.10e-05	0.00e+00	0.00e+00	0.00e+00	0.00e+00	0.00e+00	3.12e-05	7.48e-06	4.06e-06
 3.68674e+16	5.14e-05	1.96e-02	9.80e-01	1.05e-05	0.00e+00	0.00e+00	0.00e+00	0.00e+00	0.00e+00	3.75e-05	9.03e-06	4.88e-06
 3.79558e+16	5.79e-05	2.07e-02	9.79e-01	1.02e-05	0.00e+00	0.00e+00	0.00e+00	0.00e+00	0.00e+00	4.22e-05	1.02e-05	5.49e-06
 3.90226e+16	6.49e-05	2.17e-02	9.78e-01	9.98e-06	0.00e+00	0.00e+00	0.00e+00	0.00e+00	0.00e+00	4.73e-05	1.15e-05	6.16e-06
 4.04093e+16	7.56e-05	2.33e-02	9.77e-01	9.73e-06	0.00e+00	0.00e+00	0.00e+00	0.00e+00	0.00e+00	5.50e-05	1.34e-05	7.18e-06
 4.18961e+16	9.00e-05	2.52e-02	9.75e-01	9.39e-06	0.00e+00	0.00e+00	0.00e+00	0.00e+00	0.00e+00	6.54e-05	1.60e-05	8.55e-06
 4.31565e+16	1.05e-04	2.71e-02	9.73e-01	9.07e-06	0.00e+00	0.00e+00	0.00e+00	0.00e+00	0.00e+00	7.63e-05	1.88e-05	9.98e-06
 4.42233e+16	1.20e-04	2.88e-02	9.71e-01	8.81e-06	0.00e+00	0.00e+00	0.00e+00	0.00e+00	0.00e+00	8.73e-05	2.16e-05	1.14e-05
 4.53947e+16	1.40e-04	3.10e-02	9.69e-01	8.54e-06	0.00e+00	0.00e+00	0.00e+00	0.00e+00	0.00e+00	1.01e-04	2.52e-05	1.33e-05
 4.66825e+16	1.66e-04	3.37e-02	9.66e-01	8.19e-06	0.00e+00	0.00e+00	0.00e+00	0.00e+00	0.00e+00	1.21e-04	2.99e-05	1.58e-05
 4.78235e+16	1.95e-04	3.64e-02	9.63e-01	7.84e-06	0.00e+00	0.00e+00	0.00e+00	0.00e+00	0.00e+00	1.42e-04	3.52e-05	1.85e-05
 4.88072e+16	2.26e-04	3.91e-02	9.61e-01	7.54e-06	0.00e+00	0.00e+00	0.00e+00	0.00e+00	0.00e+00	1.64e-04	4.07e-05	2.14e-05
 4.98417e+16	2.64e-04	4.23e-02	9.57e-01	7.19e-06	0.00e+00	0.00e+00	0.00e+00	0.00e+00	0.00e+00	1.91e-04	4.75e-05	2.49e-05
 5.09173e+16	3.12e-04	4.60e-02	9.54e-01	6.81e-06	0.00e+00	0.00e+00	0.00e+00	0.00e+00	0.00e+00	2.27e-04	5.62e-05	2.95e-05
 5.18832e+16	3.66e-04	4.99e-02	9.50e-01	6.46e-06	0.00e+00	0.00e+00	0.00e+00	0.00e+00	0.00e+00	2.66e-04	6.59e-05	3.46e-05
 5.27526e+16	4.25e-04	5.38e-02	9.46e-01	6.11e-06	0.00e+00	0.00e+00	0.00e+00	0.00e+00	0.00e+00	3.08e-04	7.64e-05	4.00e-05
 5.35372e+16	4.87e-04	5.78e-02	9.42e-01	5.79e-06	0.00e+00	0.00e+00	0.00e+00	0.00e+00	0.00e+00	3.54e-04	8.77e-05	4.59e-05
 5.42433e+16	5.54e-04	6.17e-02	9.38e-01	5.48e-06	0.00e+00	0.00e+00	0.00e+00	0.00e+00	0.00e+00	4.02e-04	9.97e-05	5.22e-05
 5.48807e+16	6.23e-04	6.56e-02	9.34e-01	5.22e-06	0.00e+00	0.00e+00	0.00e+00	0.00e+00	0.00e+00	4.52e-04	1.12e-04	5.86e-05
 5.54867e+16	7.01e-04	6.98e-02	9.30e-01	4.96e-06	0.00e+00	0.00e+00	0.00e+00	0.00e+00	0.00e+00	5.09e-04	1.26e-04	6.59e-05
 5.60927e+16	7.90e-04	7.43e-02	9.25e-01	4.69e-06	0.00e+00	0.00e+00	0.00e+00	0.00e+00	0.00e+00	5.74e-04	1.42e-04	7.43e-05
 5.66987e+16	8.94e-04	7.92e-02	9.20e-01	4.44e-06	0.00e+00	0.00e+00	0.00e+00	0.00e+00	0.00e+00	6.49e-04	1.61e-04	8.40e-05
 5.73047e+16	1.02e-03	8.47e-02	9.14e-01	4.17e-06	0.00e+00	0.00e+00	0.00e+00	0.00e+00	0.00e+00	7.37e-04	1.83e-04	9.53e-05
 5.79106e+16	1.16e-03	9.07e-02	9.08e-01	3.89e-06	0.00e+00	0.00e+00	0.00e+00	0.00e+00	0.00e+00	8.41e-04	2.08e-04	1.09e-04
 5.85166e+16	1.33e-03	9.74e-02	9.01e-01	3.64e-06	0.00e+00	0.00e+00	0.00e+00	0.00e+00	0.00e+00	9.64e-04	2.39e-04	1.24e-04
 5.91226e+16	1.53e-03	1.05e-01	8.94e-01	3.37e-06	0.00e+00	0.00e+00	0.00e+00	0.00e+00	0.00e+00	1.11e-03	2.75e-04	1.43e-04
 5.97286e+16	1.77e-03	1.13e-01	8.85e-01	3.10e-06	0.00e+00	0.00e+00	0.00e+00	0.00e+00	0.00e+00	1.29e-03	3.18e-04	1.66e-04
 6.03149e+16	2.06e-03	1.23e-01	8.75e-01	2.85e-06	0.00e+00	0.00e+00	0.00e+00	0.00e+00	0.00e+00	1.50e-03	3.70e-04	1.93e-04
