#depth	H	H+	H2
 1.02801e+12	1.22e-03	9.99e-01	4.28e-14
 6.16807e+12	1.22e-03	9.99e-01	4.28e-14
 2.67283e+13	1.22e-03	9.99e-01	4.29e-14
 1.08969e+14	1.22e-03	9.99e-01	4.32e-14
 2.60292e+14	1.21e-03	9.99e-01	4.36e-14
 4.57013e+14	1.20e-03	9.99e-01	4.41e-14
 7.12749e+14	1.19e-03	9.99e-01	4.48e-14
 1.04521e+15	1.18e-03	9.99e-01	4.57e-14
 1.47740e+15	1.17e-03	9.99e-01	4.69e-14
 2.03925e+15	1.16e-03	9.99e-01	4.85e-14
 2.76966e+15	1.16e-03	9.99e-01	5.08e-14
 3.51136e+15	1.15e-03	9.99e-01	5.27e-14
 4.10164e+15	1.15e-03	9.99e-01	5.44e-14
 4.70291e+15	1.16e-03	9.99e-01	5.68e-14
 5.48456e+15	1.18e-03	9.99e-01	6.05e-14
 6.50070e+15	1.20e-03	9.99e-01	6.50e-14
 7.82169e+15	1.24e-03	9.99e-01	7.07e-14
 9.53897e+15	1.29e-03	9.99e-01	7.75e-14
 1.17714e+16	1.35e-03	9.99e-01	8.61e-14
 1.45711e+16	1.44e-03	9.99e-01	9.73e-14
 1.69144e+16	1.52e-03	9.98e-01	1.07e-13
 1.86058e+16	1.59e-03	9.98e-01	1.15e-13
 2.04664e+16	1.69e-03	9.98e-01	1.25e-13
 2.25130e+16	1.80e-03	9.98e-01	1.37e-13
 2.47644e+16	1.94e-03	9.98e-01	1.51e-13
 2.72408e+16	2.11e-03	9.98e-01	1.70e-13
 2.99649e+16	2.33e-03	9.98e-01	1.93e-13
 3.26816e+16	2.60e-03	9.97e-01	2.22e-13
 3.51072e+16	2.89e-03	9.97e-01	2.54e-13
 3.68674e+16	3.13e-03	9.97e-01	2.83e-13
 3.79558e+16	3.30e-03	9.97e-01	3.03e-13
 3.90226e+16	3.47e-03	9.97e-01	3.21e-13
 4.04093e+16	3.70e-03	9.96e-01	3.46e-13
 4.18961e+16	3.99e-03	9.96e-01	3.80e-13
 4.31565e+16	4.27e-03	9.96e-01	4.13e-13
 4.42233e+16	4.52e-03	9.95e-01	4.43e-13
 4.53947e+16	4.82e-03	9.95e-01	4.78e-13
 4.66825e+16	5.19e-03	9.95e-01	5.22e-13
 4.78235e+16	5.55e-03	9.94e-01	5.67e-13
 4.88072e+16	5.91e-03	9.94e-01	6.13e-13
 4.98417e+16	6.30e-03	9.94e-01	6.61e-13
 5.09173e+16	6.76e-03	9.93e-01	7.21e-13
 5.18832e+16	7.23e-03	9.93e-01	7.84e-13
 5.27526e+16	7.69e-03	9.92e-01	8.47e-13
 5.35372e+16	8.15e-03	9.92e-01	9.12e-13
 5.42433e+16	8.61e-03	9.91e-01	9.76e-13
 5.48807e+16	9.04e-03	9.91e-01	1.04e-12
 5.54867e+16	9.50e-03	9.91e-01	1.11e-12
 5.60927e+16	9.99e-03	9.90e-01	1.18e-12
 5.66987e+16	1.05e-02	9.89e-01	1.26e-12
 5.73047e+16	1.11e-02	9.89e-01	1.35e-12
 5.79106e+16	1.17e-02	9.88e-01	1.46e-12
 5.85166e+16	1.24e-02	9.88e-01	1.57e-12
 5.91226e+16	1.32e-02	9.87e-01	1.70e-12
 5.97286e+16	1.41e-02	9.86e-01	1.85e-12
 6.03149e+16	1.50e-02	9.85e-01	2.02e-12
