#depth	He	He+	He+2
 1.02801e+12	2.27e-04	3.25e-01	6.74e-01
 6.16807e+12	2.27e-04	3.25e-01	6.75e-01
 2.67283e+13	2.28e-04	3.26e-01	6.74e-01
 1.08969e+14	2.31e-04	3.30e-01	6.70e-01
 2.60292e+14	2.33e-04	3.32e-01	6.68e-01
 4.57013e+14	2.39e-04	3.38e-01	6.62e-01
 7.12749e+14	2.49e-04	3.49e-01	6.50e-01
 1.04521e+15	2.64e-04	3.68e-01	6.32e-01
 1.47740e+15	2.89e-04	3.98e-01	6.02e-01
 2.03925e+15	3.27e-04	4.46e-01	5.54e-01
 2.76966e+15	3.89e-04	5.21e-01	4.79e-01
 3.51136e+15	4.62e-04	6.11e-01	3.88e-01
 4.10164e+15	5.28e-04	6.91e-01	3.09e-01
 4.70291e+15	5.95e-04	7.68e-01	2.31e-01
 5.48456e+15	6.72e-04	8.52e-01	1.48e-01
 6.50070e+15	7.49e-04	9.25e-01	7.47e-02
 7.82169e+15	8.10e-04	9.70e-01	2.88e-02
 9.53897e+15	8.60e-04	9.91e-01	8.52e-03
 1.17714e+16	9.10e-04	9.97e-01	2.01e-03
 1.45711e+16	9.69e-04	9.99e-01	4.08e-04
 1.69144e+16	1.01e-03	9.99e-01	1.23e-04
 1.86058e+16	1.05e-03	9.99e-01	5.58e-05
 2.04664e+16	1.10e-03	9.99e-01	2.50e-05
 2.25130e+16	1.15e-03	9.99e-01	1.12e-05
 2.47644e+16	1.20e-03	9.99e-01	5.00e-06
 2.72408e+16	1.27e-03	9.99e-01	2.29e-06
 2.99649e+16	1.35e-03	9.99e-01	1.08e-06
 3.26816e+16	1.44e-03	9.99e-01	5.62e-07
 3.51072e+16	1.53e-03	9.98e-01	3.36e-07
 3.68674e+16	1.61e-03	9.98e-01	2.42e-07
 3.79558e+16	1.65e-03	9.98e-01	1.99e-07
 3.90226e+16	1.70e-03	9.98e-01	1.63e-07
 4.04093e+16	1.77e-03	9.98e-01	1.27e-07
 4.18961e+16	1.84e-03	9.98e-01	9.94e-08
 4.31565e+16	1.92e-03	9.98e-01	8.17e-08
 4.42233e+16	1.98e-03	9.98e-01	6.93e-08
 4.53947e+16	2.06e-03	9.98e-01	5.77e-08
 4.66825e+16	2.15e-03	9.98e-01	4.78e-08
 4.78235e+16	2.24e-03	9.98e-01	4.08e-08
 4.88072e+16	2.33e-03	9.98e-01	3.56e-08
 4.98417e+16	2.42e-03	9.98e-01	3.08e-08
 5.09173e+16	2.53e-03	9.97e-01	2.67e-08
 5.18832e+16	2.64e-03	9.97e-01	2.35e-08
 5.27526e+16	2.75e-03	9.97e-01	2.10e-08
 5.35372e+16	2.86e-03	9.97e-01	1.90e-08
 5.42433e+16	2.96e-03	9.97e-01	1.74e-08
 5.48807e+16	3.07e-03	9.97e-01	1.60e-08
 5.54867e+16	3.17e-03	9.97e-01	1.48e-08
 5.60927e+16	3.29e-03	9.97e-01	1.37e-08
 5.66987e+16	3.41e-03	9.97e-01	1.27e-08
 5.73047e+16	3.54e-03	9.96e-01	1.18e-08
 5.79106e+16	3.69e-03	9.96e-01	1.09e-08
 5.85166e+16	3.85e-03	9.96e-01	1.01e-08
 5.91226e+16	4.02e-03	9.96e-01	9.42e-09
 5.97286e+16	4.21e-03	9.96e-01	8.74e-09
 6.03149e+16	4.41e-03	9.96e-01	8.14e-09
