#depth	He	He+	He+2
 3.37282e+11	1.29e-03	9.63e-01	3.58e-02
 2.02369e+12	1.29e-03	9.63e-01	3.57e-02
 8.76933e+12	1.29e-03	9.63e-01	3.54e-02
 3.57519e+13	1.29e-03	9.65e-01	3.40e-02
 8.53998e+13	1.30e-03	9.66e-01	3.27e-02
 1.49942e+14	1.31e-03	9.68e-01	3.03e-02
 2.33847e+14	1.32e-03	9.72e-01	2.70e-02
 3.42923e+14	1.34e-03	9.76e-01	2.28e-02
 4.84723e+14	1.36e-03	9.81e-01	1.79e-02
 6.69062e+14	1.39e-03	9.86e-01	1.28e-02
 9.08703e+14	1.42e-03	9.90e-01	8.13e-03
 1.22024e+15	1.46e-03	9.94e-01	4.45e-03
 1.62523e+15	1.50e-03	9.96e-01	2.02e-03
 2.15172e+15	1.56e-03	9.98e-01	7.30e-04
 2.83616e+15	1.63e-03	9.98e-01	2.01e-04
 3.57310e+15	1.71e-03	9.98e-01	5.00e-05
 4.24624e+15	1.78e-03	9.98e-01	1.50e-05
 4.98928e+15	1.86e-03	9.98e-01	4.43e-06
 5.95524e+15	1.97e-03	9.98e-01	1.04e-06
 7.03641e+15	2.10e-03	9.98e-01	2.41e-07
 7.95019e+15	2.21e-03	9.98e-01	8.11e-08
 8.74521e+15	2.32e-03	9.98e-01	3.47e-08
 9.61973e+15	2.56e-03	9.97e-01	1.42e-08
 1.05065e+16	2.74e-03	9.97e-01	5.99e-09
 1.13370e+16	2.91e-03	9.97e-01	2.92e-09
 1.22613e+16	3.11e-03	9.97e-01	1.38e-09
 1.32498e+16	3.35e-03	9.97e-01	6.80e-10
 1.40875e+16	3.58e-03	9.96e-01	3.94e-10
 1.47960e+16	3.79e-03	9.96e-01	2.57e-10
 1.55709e+16	4.04e-03	9.96e-01	1.66e-10
 1.64254e+16	4.34e-03	9.96e-01	1.11e-10
 1.71871e+16	4.65e-03	9.95e-01	8.16e-11
 1.78393e+16	4.93e-03	9.95e-01	6.56e-11
 1.85460e+16	5.24e-03	9.95e-01	5.35e-11
 1.93405e+16	5.65e-03	9.94e-01	4.53e-11
 2.00600e+16	6.06e-03	9.94e-01	3.98e-11
 2.06799e+16	6.44e-03	9.94e-01	3.68e-11
 2.13594e+16	6.87e-03	9.93e-01	3.47e-11
 2.21165e+16	7.41e-03	9.93e-01	3.24e-11
 2.28089e+16	7.96e-03	9.92e-01	3.16e-11
 2.34110e+16	8.49e-03	9.92e-01	3.11e-11
 2.40611e+16	9.06e-03	9.91e-01	3.06e-11
 2.48822e+16	9.83e-03	9.90e-01	3.12e-11
 2.56879e+16	1.07e-02	9.89e-01	3.15e-11
 2.62959e+16	1.15e-02	9.88e-01	3.14e-11
 2.67995e+16	1.22e-02	9.88e-01	3.20e-11
 2.73693e+16	1.30e-02	9.87e-01	3.30e-11
 2.80633e+16	1.40e-02	9.86e-01	3.42e-11
 2.87946e+16	1.52e-02	9.85e-01	3.55e-11
 2.94736e+16	1.64e-02	9.84e-01	3.67e-11
 3.00907e+16	1.77e-02	9.82e-01	3.83e-11
 3.07009e+16	1.90e-02	9.81e-01	4.01e-11
 3.13298e+16	2.06e-02	9.79e-01	4.23e-11
 3.19551e+16	2.24e-02	9.78e-01	4.48e-11
 3.25692e+16	2.44e-02	9.76e-01	4.82e-11
 3.31790e+16	2.67e-02	9.73e-01	5.17e-11
 3.37868e+16	2.96e-02	9.70e-01	5.59e-11
 3.43781e+16	3.29e-02	9.67e-01	6.09e-11
 3.49280e+16	3.69e-02	9.63e-01	6.67e-11
 3.54223e+16	4.16e-02	9.58e-01	7.40e-11
 3.58621e+16	4.69e-02	9.53e-01	8.26e-11
 3.62545e+16	5.33e-02	9.47e-01	9.15e-11
 3.65563e+16	5.98e-02	9.40e-01	1.05e-10
 3.67548e+16	6.51e-02	9.35e-01	1.15e-10
 3.69160e+16	7.01e-02	9.30e-01	1.25e-10
 3.70980e+16	7.67e-02	9.23e-01	1.39e-10
 3.72934e+16	8.55e-02	9.14e-01	1.60e-10
 3.74529e+16	9.47e-02	9.05e-01	1.84e-10
 3.75707e+16	1.03e-01	8.97e-01	2.08e-10
 3.76689e+16	1.11e-01	8.89e-01	2.33e-10
 3.77773e+16	1.22e-01	8.78e-01	2.67e-10
 3.78888e+16	1.36e-01	8.64e-01	3.17e-10
 3.79741e+16	1.49e-01	8.51e-01	3.70e-10
 3.80377e+16	1.60e-01	8.40e-01	4.20e-10
 3.81030e+16	1.74e-01	8.26e-01	4.83e-10
 3.81736e+16	1.90e-01	8.10e-01	5.74e-10
 3.82326e+16	2.07e-01	7.93e-01	6.74e-10
 3.82770e+16	2.22e-01	7.78e-01	7.67e-10
 3.83118e+16	2.35e-01	7.65e-01	8.54e-10
 3.83425e+16	2.47e-01	7.53e-01	9.40e-10
 3.83717e+16	2.60e-01	7.40e-01	1.03e-09
 3.83991e+16	2.73e-01	7.27e-01	1.13e-09
 3.84240e+16	2.85e-01	7.15e-01	1.23e-09
 3.84463e+16	2.97e-01	7.03e-01	1.33e-09
 3.84632e+16	3.07e-01	6.93e-01	1.41e-09
 3.84745e+16	3.13e-01	6.87e-01	1.47e-09
 3.84850e+16	3.19e-01	6.81e-01	1.52e-09
 3.84974e+16	3.28e-01	6.72e-01	1.59e-09
 3.85110e+16	3.36e-01	6.64e-01	1.66e-09
 3.85238e+16	3.45e-01	6.55e-01	1.74e-09
 3.85357e+16	3.53e-01	6.47e-01	1.81e-09
 3.85474e+16	3.62e-01	6.38e-01	1.88e-09
 3.85592e+16	3.71e-01	6.29e-01	1.96e-09
 3.85712e+16	3.80e-01	6.20e-01	2.04e-09
 3.85829e+16	3.89e-01	6.11e-01	2.12e-09
 3.85945e+16	3.98e-01	6.02e-01	2.20e-09
 3.86059e+16	4.08e-01	5.92e-01	2.28e-09
 3.86174e+16	4.18e-01	5.82e-01	2.36e-09
 3.86288e+16	4.28e-01	5.72e-01	2.45e-09
 3.86399e+16	4.38e-01	5.62e-01	2.53e-09
 3.86510e+16	4.48e-01	5.52e-01	2.61e-09
 3.86621e+16	4.59e-01	5.41e-01	2.70e-09
 3.86731e+16	4.69e-01	5.31e-01	2.78e-09
 3.86841e+16	4.80e-01	5.20e-01	2.87e-09
 3.86950e+16	4.91e-01	5.09e-01	2.95e-09
 3.87059e+16	5.03e-01	4.97e-01	3.04e-09
 3.87167e+16	5.14e-01	4.86e-01	3.12e-09
 3.87275e+16	5.25e-01	4.75e-01	3.20e-09
 3.87382e+16	5.37e-01	4.63e-01	3.28e-09
 3.87489e+16	5.49e-01	4.51e-01	3.36e-09
 3.87595e+16	5.61e-01	4.39e-01	3.43e-09
 3.87701e+16	5.73e-01	4.27e-01	3.51e-09
 3.87807e+16	5.85e-01	4.15e-01	3.58e-09
 3.87912e+16	5.97e-01	4.03e-01	3.65e-09
 3.88014e+16	6.08e-01	3.92e-01	3.71e-09
 3.88115e+16	6.20e-01	3.80e-01	3.77e-09
 3.88216e+16	6.32e-01	3.68e-01	3.83e-09
 3.88316e+16	6.43e-01	3.57e-01	3.88e-09
 3.88413e+16	6.55e-01	3.45e-01	3.93e-09
 3.88509e+16	6.66e-01	3.34e-01	3.97e-09
 3.88602e+16	6.77e-01	3.23e-01	4.01e-09
 3.88695e+16	6.87e-01	3.13e-01	4.05e-09
 3.88789e+16	6.98e-01	3.02e-01	4.08e-09
 3.88881e+16	7.08e-01	2.92e-01	4.11e-09
 3.88971e+16	7.19e-01	2.81e-01	4.13e-09
 3.89060e+16	7.28e-01	2.72e-01	4.16e-09
 3.89150e+16	7.38e-01	2.62e-01	4.17e-09
 3.89238e+16	7.48e-01	2.52e-01	4.19e-09
 3.89323e+16	7.57e-01	2.43e-01	4.19e-09
 3.89409e+16	7.66e-01	2.34e-01	4.20e-09
 3.89494e+16	7.75e-01	2.25e-01	4.20e-09
 3.89578e+16	7.83e-01	2.17e-01	4.20e-09
 3.89662e+16	7.92e-01	2.08e-01	4.20e-09
 3.89743e+16	8.00e-01	2.00e-01	4.19e-09
 3.89823e+16	8.08e-01	1.92e-01	4.18e-09
 3.89903e+16	8.15e-01	1.85e-01	4.17e-09
 3.89983e+16	8.23e-01	1.77e-01	4.15e-09
 3.90062e+16	8.30e-01	1.70e-01	4.13e-09
 3.90139e+16	8.37e-01	1.63e-01	4.11e-09
 3.90216e+16	8.43e-01	1.57e-01	4.08e-09
 3.90291e+16	8.50e-01	1.50e-01	4.06e-09
 3.90366e+16	8.56e-01	1.44e-01	4.03e-09
 3.90440e+16	8.62e-01	1.38e-01	3.99e-09
 3.90513e+16	8.68e-01	1.32e-01	3.96e-09
 3.90585e+16	8.73e-01	1.27e-01	3.92e-09
 3.90656e+16	8.79e-01	1.21e-01	3.88e-09
 3.90727e+16	8.84e-01	1.16e-01	3.84e-09
 3.90795e+16	8.89e-01	1.11e-01	3.79e-09
 3.90863e+16	8.94e-01	1.06e-01	3.75e-09
 3.90929e+16	8.98e-01	1.02e-01	3.70e-09
 3.90995e+16	9.02e-01	9.75e-02	3.65e-09
 3.91058e+16	9.07e-01	9.34e-02	3.60e-09
 3.91120e+16	9.11e-01	8.94e-02	3.54e-09
 3.91182e+16	9.15e-01	8.54e-02	3.49e-09
 3.91243e+16	9.18e-01	8.17e-02	3.43e-09
 3.91301e+16	9.22e-01	7.82e-02	3.37e-09
 3.91357e+16	9.25e-01	7.49e-02	3.31e-09
 3.91412e+16	9.28e-01	7.16e-02	3.25e-09
 3.91465e+16	9.31e-01	6.86e-02	3.18e-09
 3.91513e+16	9.34e-01	6.59e-02	3.12e-09
 3.91557e+16	9.37e-01	6.34e-02	3.06e-09
 3.91599e+16	9.39e-01	6.11e-02	3.00e-09
 3.91637e+16	9.41e-01	5.90e-02	2.94e-09
 3.91673e+16	9.43e-01	5.70e-02	2.89e-09
 3.91707e+16	9.45e-01	5.52e-02	2.83e-09
 3.91738e+16	9.47e-01	5.35e-02	2.77e-09
 3.91768e+16	9.48e-01	5.19e-02	2.72e-09
 3.91795e+16	9.50e-01	5.04e-02	2.67e-09
 3.91821e+16	9.51e-01	4.89e-02	2.61e-09
 3.91845e+16	9.52e-01	4.76e-02	2.56e-09
 3.91868e+16	9.54e-01	4.63e-02	2.51e-09
 3.91889e+16	9.55e-01	4.52e-02	2.46e-09
 3.91908e+16	9.56e-01	4.40e-02	2.41e-09
 3.91927e+16	9.57e-01	4.30e-02	2.36e-09
 3.91944e+16	9.58e-01	4.20e-02	2.31e-09
 3.91961e+16	9.59e-01	4.10e-02	2.27e-09
 3.91976e+16	9.60e-01	4.00e-02	2.22e-09
 3.91991e+16	9.61e-01	3.91e-02	2.17e-09
 3.92005e+16	9.62e-01	3.82e-02	2.12e-09
 3.92018e+16	9.63e-01	3.74e-02	2.08e-09
 3.92031e+16	9.63e-01	3.65e-02	2.03e-09
 3.92043e+16	9.64e-01	3.57e-02	1.98e-09
 3.92054e+16	9.65e-01	3.49e-02	1.93e-09
 3.92065e+16	9.66e-01	3.41e-02	1.88e-09
 3.92076e+16	9.67e-01	3.33e-02	1.82e-09
 3.92086e+16	9.67e-01	3.25e-02	1.77e-09
 3.92096e+16	9.68e-01	3.17e-02	1.71e-09
 3.92106e+16	9.69e-01	3.08e-02	1.65e-09
 3.92116e+16	9.70e-01	2.99e-02	1.58e-09
 3.92126e+16	9.71e-01	2.90e-02	1.52e-09
 3.92135e+16	9.72e-01	2.79e-02	1.43e-09
