#depth	O	O+	O+2	O+3	O+4	O+5	O+6	O+7	O+8	O[1]	O[2]	O[3]
 3.37282e+11	1.34e-05	1.75e-02	9.62e-01	2.10e-02	4.88e-07	0.00e+00	0.00e+00	0.00e+00	0.00e+00	9.75e-06	2.43e-06	1.18e-06
 2.02369e+12	1.34e-05	1.75e-02	9.62e-01	2.09e-02	4.84e-07	0.00e+00	0.00e+00	0.00e+00	0.00e+00	9.75e-06	2.44e-06	1.18e-06
 8.76933e+12	1.34e-05	1.75e-02	9.62e-01	2.06e-02	4.72e-07	0.00e+00	0.00e+00	0.00e+00	0.00e+00	9.77e-06	2.45e-06	1.18e-06
 3.57519e+13	1.35e-05	1.76e-02	9.63e-01	1.94e-02	4.30e-07	0.00e+00	0.00e+00	0.00e+00	0.00e+00	9.82e-06	2.47e-06	1.20e-06
 8.53998e+13	1.35e-05	1.77e-02	9.65e-01	1.77e-02	3.70e-07	0.00e+00	0.00e+00	0.00e+00	0.00e+00	9.84e-06	2.49e-06	1.21e-06
 1.49942e+14	1.36e-05	1.78e-02	9.67e-01	1.56e-02	3.05e-07	0.00e+00	0.00e+00	0.00e+00	0.00e+00	9.89e-06	2.51e-06	1.22e-06
 2.33847e+14	1.38e-05	1.80e-02	9.69e-01	1.33e-02	2.36e-07	0.00e+00	0.00e+00	0.00e+00	0.00e+00	9.99e-06	2.54e-06	1.23e-06
 3.42923e+14	1.39e-05	1.82e-02	9.71e-01	1.08e-02	1.69e-07	0.00e+00	0.00e+00	0.00e+00	0.00e+00	1.01e-05	2.58e-06	1.25e-06
 4.84723e+14	1.42e-05	1.85e-02	9.73e-01	8.18e-03	0.00e+00	0.00e+00	0.00e+00	0.00e+00	0.00e+00	1.03e-05	2.63e-06	1.28e-06
 6.69062e+14	1.46e-05	1.88e-02	9.75e-01	5.69e-03	0.00e+00	0.00e+00	0.00e+00	0.00e+00	0.00e+00	1.06e-05	2.71e-06	1.31e-06
 9.08703e+14	1.51e-05	1.93e-02	9.77e-01	3.54e-03	0.00e+00	0.00e+00	0.00e+00	0.00e+00	0.00e+00	1.10e-05	2.80e-06	1.36e-06
 1.22024e+15	1.58e-05	1.99e-02	9.78e-01	1.91e-03	0.00e+00	0.00e+00	0.00e+00	0.00e+00	0.00e+00	1.15e-05	2.94e-06	1.42e-06
 1.62523e+15	1.68e-05	2.07e-02	9.78e-01	8.63e-04	0.00e+00	0.00e+00	0.00e+00	0.00e+00	0.00e+00	1.22e-05	3.13e-06	1.51e-06
 2.15172e+15	1.82e-05	2.18e-02	9.78e-01	3.14e-04	0.00e+00	0.00e+00	0.00e+00	0.00e+00	0.00e+00	1.31e-05	3.39e-06	1.63e-06
 2.83616e+15	2.01e-05	2.33e-02	9.77e-01	8.83e-05	0.00e+00	0.00e+00	0.00e+00	0.00e+00	0.00e+00	1.45e-05	3.75e-06	1.80e-06
 3.57310e+15	2.20e-05	2.50e-02	9.75e-01	2.37e-05	0.00e+00	0.00e+00	0.00e+00	0.00e+00	0.00e+00	1.59e-05	4.13e-06	1.97e-06
 4.24624e+15	2.41e-05	2.67e-02	9.73e-01	7.67e-06	0.00e+00	0.00e+00	0.00e+00	0.00e+00	0.00e+00	1.74e-05	4.53e-06	2.16e-06
 4.98928e+15	2.69e-05	2.86e-02	9.71e-01	2.42e-06	0.00e+00	0.00e+00	0.00e+00	0.00e+00	0.00e+00	1.95e-05	5.07e-06	2.42e-06
 5.95524e+15	3.09e-05	3.13e-02	9.69e-01	6.43e-07	0.00e+00	0.00e+00	0.00e+00	0.00e+00	0.00e+00	2.23e-05	5.83e-06	2.78e-06
 7.03641e+15	3.60e-05	3.47e-02	9.65e-01	1.82e-07	0.00e+00	0.00e+00	0.00e+00	0.00e+00	0.00e+00	2.60e-05	6.81e-06	3.24e-06
 7.95019e+15	4.10e-05	3.79e-02	9.62e-01	0.00e+00	0.00e+00	0.00e+00	0.00e+00	0.00e+00	0.00e+00	2.95e-05	7.77e-06	3.70e-06
 8.74521e+15	4.61e-05	4.09e-02	9.59e-01	0.00e+00	0.00e+00	0.00e+00	0.00e+00	0.00e+00	0.00e+00	3.32e-05	8.75e-06	4.17e-06
 9.61973e+15	5.96e-05	4.69e-02	9.53e-01	0.00e+00	0.00e+00	0.00e+00	0.00e+00	0.00e+00	0.00e+00	4.25e-05	1.16e-05	5.46e-06
 1.05065e+16	7.03e-05	5.19e-02	9.48e-01	0.00e+00	0.00e+00	0.00e+00	0.00e+00	0.00e+00	0.00e+00	5.01e-05	1.38e-05	6.46e-06
 1.13370e+16	8.17e-05	5.70e-02	9.43e-01	0.00e+00	0.00e+00	0.00e+00	0.00e+00	0.00e+00	0.00e+00	5.82e-05	1.60e-05	7.52e-06
 1.22613e+16	9.70e-05	6.32e-02	9.37e-01	0.00e+00	0.00e+00	0.00e+00	0.00e+00	0.00e+00	0.00e+00	6.90e-05	1.90e-05	8.94e-06
 1.32498e+16	1.17e-04	7.09e-02	9.29e-01	0.00e+00	0.00e+00	0.00e+00	0.00e+00	0.00e+00	0.00e+00	8.34e-05	2.30e-05	1.08e-05
 1.40875e+16	1.39e-04	7.84e-02	9.21e-01	0.00e+00	0.00e+00	0.00e+00	0.00e+00	0.00e+00	0.00e+00	9.88e-05	2.73e-05	1.29e-05
 1.47960e+16	1.61e-04	8.56e-02	9.14e-01	0.00e+00	0.00e+00	0.00e+00	0.00e+00	0.00e+00	0.00e+00	1.15e-04	3.17e-05	1.50e-05
 1.55709e+16	1.90e-04	9.41e-02	9.06e-01	0.00e+00	0.00e+00	0.00e+00	0.00e+00	0.00e+00	0.00e+00	1.35e-04	3.72e-05	1.76e-05
 1.64254e+16	2.28e-04	1.05e-01	8.95e-01	0.00e+00	0.00e+00	0.00e+00	0.00e+00	0.00e+00	0.00e+00	1.62e-04	4.48e-05	2.12e-05
 1.71871e+16	2.72e-04	1.16e-01	8.84e-01	0.00e+00	0.00e+00	0.00e+00	0.00e+00	0.00e+00	0.00e+00	1.93e-04	5.34e-05	2.53e-05
 1.78393e+16	3.17e-04	1.26e-01	8.74e-01	0.00e+00	0.00e+00	0.00e+00	0.00e+00	0.00e+00	0.00e+00	2.25e-04	6.22e-05	2.95e-05
 1.85460e+16	3.71e-04	1.38e-01	8.61e-01	0.00e+00	0.00e+00	0.00e+00	0.00e+00	0.00e+00	0.00e+00	2.64e-04	7.28e-05	3.47e-05
 1.93405e+16	4.50e-04	1.54e-01	8.46e-01	0.00e+00	0.00e+00	0.00e+00	0.00e+00	0.00e+00	0.00e+00	3.20e-04	8.81e-05	4.21e-05
 2.00600e+16	5.38e-04	1.70e-01	8.30e-01	0.00e+00	0.00e+00	0.00e+00	0.00e+00	0.00e+00	0.00e+00	3.83e-04	1.05e-04	5.04e-05
 2.06799e+16	6.30e-04	1.85e-01	8.14e-01	0.00e+00	0.00e+00	0.00e+00	0.00e+00	0.00e+00	0.00e+00	4.48e-04	1.23e-04	5.91e-05
 2.13594e+16	7.43e-04	2.02e-01	7.97e-01	0.00e+00	0.00e+00	0.00e+00	0.00e+00	0.00e+00	0.00e+00	5.29e-04	1.45e-04	6.98e-05
 2.21165e+16	8.97e-04	2.24e-01	7.76e-01	0.00e+00	0.00e+00	0.00e+00	0.00e+00	0.00e+00	0.00e+00	6.39e-04	1.74e-04	8.43e-05
 2.28089e+16	1.08e-03	2.46e-01	7.53e-01	0.00e+00	0.00e+00	0.00e+00	0.00e+00	0.00e+00	0.00e+00	7.66e-04	2.08e-04	1.01e-04
 2.34110e+16	1.26e-03	2.67e-01	7.32e-01	0.00e+00	0.00e+00	0.00e+00	0.00e+00	0.00e+00	0.00e+00	9.00e-04	2.43e-04	1.19e-04
 2.40611e+16	1.48e-03	2.90e-01	7.08e-01	0.00e+00	0.00e+00	0.00e+00	0.00e+00	0.00e+00	0.00e+00	1.06e-03	2.84e-04	1.40e-04
 2.48822e+16	1.82e-03	3.23e-01	6.76e-01	0.00e+00	0.00e+00	0.00e+00	0.00e+00	0.00e+00	0.00e+00	1.30e-03	3.47e-04	1.72e-04
 2.56879e+16	2.27e-03	3.58e-01	6.40e-01	0.00e+00	0.00e+00	0.00e+00	0.00e+00	0.00e+00	0.00e+00	1.62e-03	4.30e-04	2.15e-04
 2.62959e+16	2.70e-03	3.88e-01	6.09e-01	0.00e+00	0.00e+00	0.00e+00	0.00e+00	0.00e+00	0.00e+00	1.93e-03	5.09e-04	2.56e-04
 2.67995e+16	3.09e-03	4.13e-01	5.84e-01	0.00e+00	0.00e+00	0.00e+00	0.00e+00	0.00e+00	0.00e+00	2.22e-03	5.81e-04	2.94e-04
 2.73693e+16	3.57e-03	4.42e-01	5.54e-01	0.00e+00	0.00e+00	0.00e+00	0.00e+00	0.00e+00	0.00e+00	2.56e-03	6.67e-04	3.39e-04
 2.80633e+16	4.25e-03	4.78e-01	5.17e-01	0.00e+00	0.00e+00	0.00e+00	0.00e+00	0.00e+00	0.00e+00	3.05e-03	7.90e-04	4.05e-04
 2.87946e+16	5.15e-03	5.19e-01	4.76e-01	0.00e+00	0.00e+00	0.00e+00	0.00e+00	0.00e+00	0.00e+00	3.71e-03	9.51e-04	4.92e-04
 2.94736e+16	6.20e-03	5.57e-01	4.36e-01	0.00e+00	0.00e+00	0.00e+00	0.00e+00	0.00e+00	0.00e+00	4.47e-03	1.14e-03	5.92e-04
 3.00907e+16	7.34e-03	5.93e-01	3.99e-01	0.00e+00	0.00e+00	0.00e+00	0.00e+00	0.00e+00	0.00e+00	5.30e-03	1.34e-03	7.02e-04
 3.07009e+16	8.63e-03	6.28e-01	3.63e-01	0.00e+00	0.00e+00	0.00e+00	0.00e+00	0.00e+00	0.00e+00	6.24e-03	1.56e-03	8.27e-04
 3.13298e+16	1.02e-02	6.64e-01	3.26e-01	0.00e+00	0.00e+00	0.00e+00	0.00e+00	0.00e+00	0.00e+00	7.41e-03	1.84e-03	9.79e-04
 3.19551e+16	1.22e-02	7.00e-01	2.88e-01	0.00e+00	0.00e+00	0.00e+00	0.00e+00	0.00e+00	0.00e+00	8.85e-03	2.17e-03	1.16e-03
 3.25692e+16	1.45e-02	7.33e-01	2.52e-01	0.00e+00	0.00e+00	0.00e+00	0.00e+00	0.00e+00	0.00e+00	1.06e-02	2.57e-03	1.38e-03
 3.31790e+16	1.74e-02	7.66e-01	2.17e-01	0.00e+00	0.00e+00	0.00e+00	0.00e+00	0.00e+00	0.00e+00	1.27e-02	3.06e-03	1.65e-03
 3.37868e+16	2.10e-02	7.96e-01	1.83e-01	0.00e+00	0.00e+00	0.00e+00	0.00e+00	0.00e+00	0.00e+00	1.54e-02	3.67e-03	1.99e-03
 3.43781e+16	2.57e-02	8.24e-01	1.50e-01	0.00e+00	0.00e+00	0.00e+00	0.00e+00	0.00e+00	0.00e+00	1.88e-02	4.45e-03	2.41e-03
 3.49280e+16	3.15e-02	8.47e-01	1.22e-01	0.00e+00	0.00e+00	0.00e+00	0.00e+00	0.00e+00	0.00e+00	2.31e-02	5.40e-03	2.95e-03
 3.54223e+16	3.85e-02	8.64e-01	9.70e-02	0.00e+00	0.00e+00	0.00e+00	0.00e+00	0.00e+00	0.00e+00	2.84e-02	6.58e-03	3.60e-03
 3.58621e+16	4.71e-02	8.77e-01	7.62e-02	0.00e+00	0.00e+00	0.00e+00	0.00e+00	0.00e+00	0.00e+00	3.47e-02	8.01e-03	4.39e-03
 3.62545e+16	5.78e-02	8.83e-01	5.89e-02	0.00e+00	0.00e+00	0.00e+00	0.00e+00	0.00e+00	0.00e+00	4.27e-02	9.78e-03	5.37e-03
 3.65563e+16	6.95e-02	8.84e-01	4.62e-02	0.00e+00	0.00e+00	0.00e+00	0.00e+00	0.00e+00	0.00e+00	5.14e-02	1.17e-02	6.45e-03
 3.67548e+16	7.96e-02	8.82e-01	3.85e-02	0.00e+00	0.00e+00	0.00e+00	0.00e+00	0.00e+00	0.00e+00	5.88e-02	1.34e-02	7.36e-03
 3.69160e+16	8.91e-02	8.78e-01	3.27e-02	0.00e+00	0.00e+00	0.00e+00	0.00e+00	0.00e+00	0.00e+00	6.59e-02	1.49e-02	8.23e-03
 3.70980e+16	1.02e-01	8.71e-01	2.68e-02	0.00e+00	0.00e+00	0.00e+00	0.00e+00	0.00e+00	0.00e+00	7.53e-02	1.70e-02	9.39e-03
 3.72934e+16	1.20e-01	8.59e-01	2.09e-02	0.00e+00	0.00e+00	0.00e+00	0.00e+00	0.00e+00	0.00e+00	8.87e-02	1.99e-02	1.10e-02
 3.74529e+16	1.40e-01	8.44e-01	1.64e-02	0.00e+00	0.00e+00	0.00e+00	0.00e+00	0.00e+00	0.00e+00	1.04e-01	2.31e-02	1.28e-02
 3.75707e+16	1.58e-01	8.29e-01	1.34e-02	0.00e+00	0.00e+00	0.00e+00	0.00e+00	0.00e+00	0.00e+00	1.17e-01	2.61e-02	1.45e-02
 3.76689e+16	1.77e-01	8.12e-01	1.10e-02	0.00e+00	0.00e+00	0.00e+00	0.00e+00	0.00e+00	0.00e+00	1.31e-01	2.91e-02	1.62e-02
 3.77773e+16	2.01e-01	7.90e-01	8.72e-03	0.00e+00	0.00e+00	0.00e+00	0.00e+00	0.00e+00	0.00e+00	1.50e-01	3.30e-02	1.84e-02
 3.78888e+16	2.33e-01	7.60e-01	6.59e-03	0.00e+00	0.00e+00	0.00e+00	0.00e+00	0.00e+00	0.00e+00	1.74e-01	3.80e-02	2.12e-02
 3.79741e+16	2.65e-01	7.30e-01	5.13e-03	0.00e+00	0.00e+00	0.00e+00	0.00e+00	0.00e+00	0.00e+00	1.98e-01	4.29e-02	2.40e-02
 3.80377e+16	2.92e-01	7.04e-01	4.16e-03	0.00e+00	0.00e+00	0.00e+00	0.00e+00	0.00e+00	0.00e+00	2.18e-01	4.71e-02	2.64e-02
 3.81030e+16	3.24e-01	6.73e-01	3.29e-03	0.00e+00	0.00e+00	0.00e+00	0.00e+00	0.00e+00	0.00e+00	2.42e-01	5.18e-02	2.92e-02
 3.81736e+16	3.64e-01	6.34e-01	2.48e-03	0.00e+00	0.00e+00	0.00e+00	0.00e+00	0.00e+00	0.00e+00	2.73e-01	5.77e-02	3.26e-02
 3.82326e+16	4.04e-01	5.94e-01	1.89e-03	0.00e+00	0.00e+00	0.00e+00	0.00e+00	0.00e+00	0.00e+00	3.04e-01	6.34e-02	3.60e-02
 3.82770e+16	4.37e-01	5.61e-01	1.51e-03	0.00e+00	0.00e+00	0.00e+00	0.00e+00	0.00e+00	0.00e+00	3.31e-01	6.81e-02	3.88e-02
 3.83118e+16	4.66e-01	5.33e-01	1.25e-03	0.00e+00	0.00e+00	0.00e+00	0.00e+00	0.00e+00	0.00e+00	3.53e-01	7.18e-02	4.11e-02
 3.83425e+16	4.92e-01	5.07e-01	1.05e-03	0.00e+00	0.00e+00	0.00e+00	0.00e+00	0.00e+00	0.00e+00	3.73e-01	7.52e-02	4.32e-02
 3.83717e+16	5.17e-01	4.82e-01	8.78e-04	0.00e+00	0.00e+00	0.00e+00	0.00e+00	0.00e+00	0.00e+00	3.94e-01	7.84e-02	4.52e-02
 3.83991e+16	5.42e-01	4.57e-01	7.37e-04	0.00e+00	0.00e+00	0.00e+00	0.00e+00	0.00e+00	0.00e+00	4.14e-01	8.14e-02	4.71e-02
 3.84240e+16	5.66e-01	4.34e-01	6.24e-04	0.00e+00	0.00e+00	0.00e+00	0.00e+00	0.00e+00	0.00e+00	4.33e-01	8.42e-02	4.88e-02
 3.84463e+16	5.87e-01	4.12e-01	5.34e-04	0.00e+00	0.00e+00	0.00e+00	0.00e+00	0.00e+00	0.00e+00	4.50e-01	8.65e-02	5.04e-02
 3.84632e+16	6.04e-01	3.96e-01	4.74e-04	0.00e+00	0.00e+00	0.00e+00	0.00e+00	0.00e+00	0.00e+00	4.64e-01	8.83e-02	5.15e-02
 3.84745e+16	6.14e-01	3.86e-01	4.38e-04	0.00e+00	0.00e+00	0.00e+00	0.00e+00	0.00e+00	0.00e+00	4.72e-01	8.93e-02	5.23e-02
 3.84850e+16	6.24e-01	3.76e-01	4.05e-04	0.00e+00	0.00e+00	0.00e+00	0.00e+00	0.00e+00	0.00e+00	4.81e-01	9.03e-02	5.29e-02
 3.84974e+16	6.36e-01	3.63e-01	3.67e-04	0.00e+00	0.00e+00	0.00e+00	0.00e+00	0.00e+00	0.00e+00	4.91e-01	9.16e-02	5.38e-02
 3.85110e+16	6.49e-01	3.50e-01	3.31e-04	0.00e+00	0.00e+00	0.00e+00	0.00e+00	0.00e+00	0.00e+00	5.02e-01	9.28e-02	5.46e-02
 3.85238e+16	6.62e-01	3.38e-01	2.99e-04	0.00e+00	0.00e+00	0.00e+00	0.00e+00	0.00e+00	0.00e+00	5.12e-01	9.39e-02	5.54e-02
 3.85357e+16	6.73e-01	3.27e-01	2.72e-04	0.00e+00	0.00e+00	0.00e+00	0.00e+00	0.00e+00	0.00e+00	5.22e-01	9.49e-02	5.61e-02
 3.85474e+16	6.84e-01	3.16e-01	2.47e-04	0.00e+00	0.00e+00	0.00e+00	0.00e+00	0.00e+00	0.00e+00	5.31e-01	9.58e-02	5.68e-02
 3.85592e+16	6.95e-01	3.05e-01	2.24e-04	0.00e+00	0.00e+00	0.00e+00	0.00e+00	0.00e+00	0.00e+00	5.41e-01	9.67e-02	5.74e-02
 3.85712e+16	7.06e-01	2.94e-01	2.02e-04	0.00e+00	0.00e+00	0.00e+00	0.00e+00	0.00e+00	0.00e+00	5.50e-01	9.76e-02	5.80e-02
 3.85829e+16	7.17e-01	2.83e-01	1.83e-04	0.00e+00	0.00e+00	0.00e+00	0.00e+00	0.00e+00	0.00e+00	5.60e-01	9.83e-02	5.86e-02
 3.85945e+16	7.27e-01	2.73e-01	1.65e-04	0.00e+00	0.00e+00	0.00e+00	0.00e+00	0.00e+00	0.00e+00	5.69e-01	9.91e-02	5.92e-02
 3.86059e+16	7.37e-01	2.63e-01	1.50e-04	0.00e+00	0.00e+00	0.00e+00	0.00e+00	0.00e+00	0.00e+00	5.78e-01	9.96e-02	5.96e-02
 3.86174e+16	7.47e-01	2.53e-01	1.35e-04	0.00e+00	0.00e+00	0.00e+00	0.00e+00	0.00e+00	0.00e+00	5.87e-01	1.00e-01	6.01e-02
 3.86288e+16	7.57e-01	2.43e-01	1.22e-04	0.00e+00	0.00e+00	0.00e+00	0.00e+00	0.00e+00	0.00e+00	5.96e-01	1.01e-01	6.06e-02
 3.86399e+16	7.66e-01	2.34e-01	1.10e-04	0.00e+00	0.00e+00	0.00e+00	0.00e+00	0.00e+00	0.00e+00	6.04e-01	1.01e-01	6.10e-02
 3.86510e+16	7.75e-01	2.24e-01	9.89e-05	0.00e+00	0.00e+00	0.00e+00	0.00e+00	0.00e+00	0.00e+00	6.12e-01	1.02e-01	6.14e-02
 3.86621e+16	7.84e-01	2.16e-01	8.90e-05	0.00e+00	0.00e+00	0.00e+00	0.00e+00	0.00e+00	0.00e+00	6.20e-01	1.02e-01	6.17e-02
 3.86731e+16	7.93e-01	2.07e-01	8.00e-05	0.00e+00	0.00e+00	0.00e+00	0.00e+00	0.00e+00	0.00e+00	6.29e-01	1.02e-01	6.20e-02
 3.86841e+16	8.01e-01	1.99e-01	7.19e-05	0.00e+00	0.00e+00	0.00e+00	0.00e+00	0.00e+00	0.00e+00	6.36e-01	1.03e-01	6.23e-02
 3.86950e+16	8.09e-01	1.90e-01	6.46e-05	0.00e+00	0.00e+00	0.00e+00	0.00e+00	0.00e+00	0.00e+00	6.44e-01	1.03e-01	6.25e-02
 3.87059e+16	8.17e-01	1.83e-01	5.79e-05	0.00e+00	0.00e+00	0.00e+00	0.00e+00	0.00e+00	0.00e+00	6.51e-01	1.03e-01	6.27e-02
 3.87167e+16	8.25e-01	1.75e-01	5.19e-05	0.00e+00	0.00e+00	0.00e+00	0.00e+00	0.00e+00	0.00e+00	6.59e-01	1.03e-01	6.29e-02
 3.87275e+16	8.32e-01	1.68e-01	4.65e-05	0.00e+00	0.00e+00	0.00e+00	0.00e+00	0.00e+00	0.00e+00	6.66e-01	1.03e-01	6.31e-02
 3.87382e+16	8.39e-01	1.61e-01	4.16e-05	0.00e+00	0.00e+00	0.00e+00	0.00e+00	0.00e+00	0.00e+00	6.73e-01	1.04e-01	6.32e-02
 3.87489e+16	8.46e-01	1.54e-01	3.72e-05	0.00e+00	0.00e+00	0.00e+00	0.00e+00	0.00e+00	0.00e+00	6.79e-01	1.04e-01	6.33e-02
 3.87595e+16	8.53e-01	1.47e-01	3.33e-05	0.00e+00	0.00e+00	0.00e+00	0.00e+00	0.00e+00	0.00e+00	6.86e-01	1.04e-01	6.34e-02
 3.87701e+16	8.59e-01	1.41e-01	2.97e-05	0.00e+00	0.00e+00	0.00e+00	0.00e+00	0.00e+00	0.00e+00	6.92e-01	1.04e-01	6.35e-02
 3.87807e+16	8.65e-01	1.35e-01	2.65e-05	0.00e+00	0.00e+00	0.00e+00	0.00e+00	0.00e+00	0.00e+00	6.98e-01	1.04e-01	6.35e-02
 3.87912e+16	8.71e-01	1.29e-01	2.36e-05	0.00e+00	0.00e+00	0.00e+00	0.00e+00	0.00e+00	0.00e+00	7.04e-01	1.04e-01	6.35e-02
 3.88014e+16	8.77e-01	1.23e-01	2.11e-05	0.00e+00	0.00e+00	0.00e+00	0.00e+00	0.00e+00	0.00e+00	7.10e-01	1.04e-01	6.36e-02
 3.88115e+16	8.82e-01	1.18e-01	1.89e-05	0.00e+00	0.00e+00	0.00e+00	0.00e+00	0.00e+00	0.00e+00	7.15e-01	1.03e-01	6.35e-02
 3.88216e+16	8.87e-01	1.13e-01	1.68e-05	0.00e+00	0.00e+00	0.00e+00	0.00e+00	0.00e+00	0.00e+00	7.20e-01	1.03e-01	6.35e-02
 3.88316e+16	8.92e-01	1.08e-01	1.50e-05	0.00e+00	0.00e+00	0.00e+00	0.00e+00	0.00e+00	0.00e+00	7.25e-01	1.03e-01	6.35e-02
 3.88413e+16	8.97e-01	1.03e-01	1.34e-05	0.00e+00	0.00e+00	0.00e+00	0.00e+00	0.00e+00	0.00e+00	7.30e-01	1.03e-01	6.35e-02
 3.88509e+16	9.01e-01	9.90e-02	1.20e-05	0.00e+00	0.00e+00	0.00e+00	0.00e+00	0.00e+00	0.00e+00	7.34e-01	1.03e-01	6.34e-02
 3.88602e+16	9.05e-01	9.49e-02	1.07e-05	0.00e+00	0.00e+00	0.00e+00	0.00e+00	0.00e+00	0.00e+00	7.39e-01	1.03e-01	6.34e-02
 3.88695e+16	9.09e-01	9.10e-02	9.63e-06	0.00e+00	0.00e+00	0.00e+00	0.00e+00	0.00e+00	0.00e+00	7.43e-01	1.03e-01	6.33e-02
 3.88789e+16	9.13e-01	8.71e-02	8.60e-06	0.00e+00	0.00e+00	0.00e+00	0.00e+00	0.00e+00	0.00e+00	7.47e-01	1.03e-01	6.32e-02
 3.88881e+16	9.17e-01	8.35e-02	7.69e-06	0.00e+00	0.00e+00	0.00e+00	0.00e+00	0.00e+00	0.00e+00	7.51e-01	1.03e-01	6.32e-02
 3.88971e+16	9.20e-01	8.00e-02	6.89e-06	0.00e+00	0.00e+00	0.00e+00	0.00e+00	0.00e+00	0.00e+00	7.54e-01	1.03e-01	6.30e-02
 3.89060e+16	9.23e-01	7.68e-02	6.18e-06	0.00e+00	0.00e+00	0.00e+00	0.00e+00	0.00e+00	0.00e+00	7.58e-01	1.03e-01	6.29e-02
 3.89150e+16	9.26e-01	7.36e-02	5.51e-06	0.00e+00	0.00e+00	0.00e+00	0.00e+00	0.00e+00	0.00e+00	7.61e-01	1.03e-01	6.28e-02
 3.89238e+16	9.29e-01	7.05e-02	4.94e-06	0.00e+00	0.00e+00	0.00e+00	0.00e+00	0.00e+00	0.00e+00	7.64e-01	1.02e-01	6.27e-02
 3.89323e+16	9.32e-01	6.77e-02	4.43e-06	0.00e+00	0.00e+00	0.00e+00	0.00e+00	0.00e+00	0.00e+00	7.67e-01	1.02e-01	6.25e-02
 3.89409e+16	9.35e-01	6.49e-02	3.97e-06	0.00e+00	0.00e+00	0.00e+00	0.00e+00	0.00e+00	0.00e+00	7.70e-01	1.02e-01	6.24e-02
 3.89494e+16	9.38e-01	6.23e-02	3.56e-06	0.00e+00	0.00e+00	0.00e+00	0.00e+00	0.00e+00	0.00e+00	7.73e-01	1.02e-01	6.23e-02
 3.89578e+16	9.40e-01	5.98e-02	3.19e-06	0.00e+00	0.00e+00	0.00e+00	0.00e+00	0.00e+00	0.00e+00	7.76e-01	1.02e-01	6.22e-02
 3.89662e+16	9.43e-01	5.74e-02	2.85e-06	0.00e+00	0.00e+00	0.00e+00	0.00e+00	0.00e+00	0.00e+00	7.78e-01	1.02e-01	6.21e-02
 3.89743e+16	9.45e-01	5.51e-02	2.56e-06	0.00e+00	0.00e+00	0.00e+00	0.00e+00	0.00e+00	0.00e+00	7.81e-01	1.02e-01	6.20e-02
 3.89823e+16	9.47e-01	5.29e-02	2.30e-06	0.00e+00	0.00e+00	0.00e+00	0.00e+00	0.00e+00	0.00e+00	7.83e-01	1.02e-01	6.19e-02
 3.89903e+16	9.49e-01	5.08e-02	2.06e-06	0.00e+00	0.00e+00	0.00e+00	0.00e+00	0.00e+00	0.00e+00	7.85e-01	1.02e-01	6.18e-02
 3.89983e+16	9.51e-01	4.87e-02	1.85e-06	0.00e+00	0.00e+00	0.00e+00	0.00e+00	0.00e+00	0.00e+00	7.87e-01	1.02e-01	6.17e-02
 3.90062e+16	9.53e-01	4.68e-02	1.65e-06	0.00e+00	0.00e+00	0.00e+00	0.00e+00	0.00e+00	0.00e+00	7.89e-01	1.02e-01	6.16e-02
 3.90139e+16	9.55e-01	4.49e-02	1.48e-06	0.00e+00	0.00e+00	0.00e+00	0.00e+00	0.00e+00	0.00e+00	7.91e-01	1.03e-01	6.16e-02
 3.90216e+16	9.57e-01	4.32e-02	1.33e-06	0.00e+00	0.00e+00	0.00e+00	0.00e+00	0.00e+00	0.00e+00	7.93e-01	1.03e-01	6.15e-02
 3.90291e+16	9.59e-01	4.15e-02	1.20e-06	0.00e+00	0.00e+00	0.00e+00	0.00e+00	0.00e+00	0.00e+00	7.94e-01	1.03e-01	6.14e-02
 3.90366e+16	9.60e-01	3.98e-02	1.07e-06	0.00e+00	0.00e+00	0.00e+00	0.00e+00	0.00e+00	0.00e+00	7.96e-01	1.03e-01	6.14e-02
 3.90440e+16	9.62e-01	3.82e-02	9.63e-07	0.00e+00	0.00e+00	0.00e+00	0.00e+00	0.00e+00	0.00e+00	7.97e-01	1.03e-01	6.13e-02
 3.90513e+16	9.63e-01	3.67e-02	8.64e-07	0.00e+00	0.00e+00	0.00e+00	0.00e+00	0.00e+00	0.00e+00	7.99e-01	1.03e-01	6.13e-02
 3.90585e+16	9.65e-01	3.53e-02	7.77e-07	0.00e+00	0.00e+00	0.00e+00	0.00e+00	0.00e+00	0.00e+00	8.00e-01	1.03e-01	6.13e-02
 3.90656e+16	9.66e-01	3.39e-02	6.95e-07	0.00e+00	0.00e+00	0.00e+00	0.00e+00	0.00e+00	0.00e+00	8.01e-01	1.04e-01	6.13e-02
 3.90727e+16	9.67e-01	3.25e-02	6.26e-07	0.00e+00	0.00e+00	0.00e+00	0.00e+00	0.00e+00	0.00e+00	8.02e-01	1.04e-01	6.12e-02
 3.90795e+16	9.69e-01	3.13e-02	5.61e-07	0.00e+00	0.00e+00	0.00e+00	0.00e+00	0.00e+00	0.00e+00	8.03e-01	1.04e-01	6.13e-02
 3.90863e+16	9.70e-01	3.00e-02	5.05e-07	0.00e+00	0.00e+00	0.00e+00	0.00e+00	0.00e+00	0.00e+00	8.04e-01	1.04e-01	6.12e-02
 3.90929e+16	9.71e-01	2.88e-02	4.53e-07	0.00e+00	0.00e+00	0.00e+00	0.00e+00	0.00e+00	0.00e+00	8.05e-01	1.05e-01	6.13e-02
 3.90995e+16	9.72e-01	2.77e-02	4.07e-07	0.00e+00	0.00e+00	0.00e+00	0.00e+00	0.00e+00	0.00e+00	8.06e-01	1.05e-01	6.13e-02
 3.91058e+16	9.73e-01	2.66e-02	3.66e-07	0.00e+00	0.00e+00	0.00e+00	0.00e+00	0.00e+00	0.00e+00	8.07e-01	1.06e-01	6.14e-02
 3.91120e+16	9.74e-01	2.55e-02	3.30e-07	0.00e+00	0.00e+00	0.00e+00	0.00e+00	0.00e+00	0.00e+00	8.07e-01	1.06e-01	6.14e-02
 3.91182e+16	9.75e-01	2.45e-02	2.96e-07	0.00e+00	0.00e+00	0.00e+00	0.00e+00	0.00e+00	0.00e+00	8.08e-01	1.06e-01	6.15e-02
 3.91243e+16	9.76e-01	2.35e-02	2.66e-07	0.00e+00	0.00e+00	0.00e+00	0.00e+00	0.00e+00	0.00e+00	8.08e-01	1.07e-01	6.16e-02
 3.91301e+16	9.77e-01	2.26e-02	2.40e-07	0.00e+00	0.00e+00	0.00e+00	0.00e+00	0.00e+00	0.00e+00	8.08e-01	1.07e-01	6.16e-02
 3.91357e+16	9.78e-01	2.17e-02	2.17e-07	0.00e+00	0.00e+00	0.00e+00	0.00e+00	0.00e+00	0.00e+00	8.09e-01	1.08e-01	6.17e-02
 3.91412e+16	9.79e-01	2.08e-02	1.95e-07	0.00e+00	0.00e+00	0.00e+00	0.00e+00	0.00e+00	0.00e+00	8.09e-01	1.09e-01	6.19e-02
 3.91465e+16	9.80e-01	2.00e-02	1.76e-07	0.00e+00	0.00e+00	0.00e+00	0.00e+00	0.00e+00	0.00e+00	8.09e-01	1.09e-01	6.20e-02
 3.91513e+16	9.81e-01	1.92e-02	1.60e-07	0.00e+00	0.00e+00	0.00e+00	0.00e+00	0.00e+00	0.00e+00	8.09e-01	1.10e-01	6.21e-02
 3.91557e+16	9.81e-01	1.85e-02	1.46e-07	0.00e+00	0.00e+00	0.00e+00	0.00e+00	0.00e+00	0.00e+00	8.09e-01	1.10e-01	6.22e-02
 3.91599e+16	9.82e-01	1.79e-02	1.34e-07	0.00e+00	0.00e+00	0.00e+00	0.00e+00	0.00e+00	0.00e+00	8.09e-01	1.11e-01	6.24e-02
 3.91637e+16	9.83e-01	1.73e-02	1.24e-07	0.00e+00	0.00e+00	0.00e+00	0.00e+00	0.00e+00	0.00e+00	8.08e-01	1.12e-01	6.25e-02
 3.91673e+16	9.83e-01	1.67e-02	1.14e-07	0.00e+00	0.00e+00	0.00e+00	0.00e+00	0.00e+00	0.00e+00	8.08e-01	1.12e-01	6.26e-02
 3.91707e+16	9.84e-01	1.62e-02	1.06e-07	0.00e+00	0.00e+00	0.00e+00	0.00e+00	0.00e+00	0.00e+00	8.08e-01	1.13e-01	6.28e-02
 3.91738e+16	9.84e-01	1.57e-02	9.85e-08	0.00e+00	0.00e+00	0.00e+00	0.00e+00	0.00e+00	0.00e+00	8.07e-01	1.14e-01	6.30e-02
 3.91768e+16	9.85e-01	1.53e-02	9.18e-08	0.00e+00	0.00e+00	0.00e+00	0.00e+00	0.00e+00	0.00e+00	8.07e-01	1.15e-01	6.31e-02
 3.91795e+16	9.85e-01	1.48e-02	8.57e-08	0.00e+00	0.00e+00	0.00e+00	0.00e+00	0.00e+00	0.00e+00	8.06e-01	1.15e-01	6.33e-02
 3.91821e+16	9.86e-01	1.44e-02	8.03e-08	0.00e+00	0.00e+00	0.00e+00	0.00e+00	0.00e+00	0.00e+00	8.06e-01	1.16e-01	6.35e-02
 3.91845e+16	9.86e-01	1.40e-02	7.53e-08	0.00e+00	0.00e+00	0.00e+00	0.00e+00	0.00e+00	0.00e+00	8.05e-01	1.17e-01	6.36e-02
 3.91868e+16	9.86e-01	1.36e-02	7.07e-08	0.00e+00	0.00e+00	0.00e+00	0.00e+00	0.00e+00	0.00e+00	8.05e-01	1.18e-01	6.38e-02
 3.91889e+16	9.87e-01	1.33e-02	6.66e-08	0.00e+00	0.00e+00	0.00e+00	0.00e+00	0.00e+00	0.00e+00	8.04e-01	1.19e-01	6.40e-02
 3.91908e+16	9.87e-01	1.29e-02	6.29e-08	0.00e+00	0.00e+00	0.00e+00	0.00e+00	0.00e+00	0.00e+00	8.04e-01	1.19e-01	6.42e-02
 3.91927e+16	9.87e-01	1.26e-02	5.94e-08	0.00e+00	0.00e+00	0.00e+00	0.00e+00	0.00e+00	0.00e+00	8.03e-01	1.20e-01	6.43e-02
 3.91944e+16	9.88e-01	1.23e-02	5.62e-08	0.00e+00	0.00e+00	0.00e+00	0.00e+00	0.00e+00	0.00e+00	8.02e-01	1.21e-01	6.45e-02
 3.91961e+16	9.88e-01	1.20e-02	5.32e-08	0.00e+00	0.00e+00	0.00e+00	0.00e+00	0.00e+00	0.00e+00	8.01e-01	1.22e-01	6.47e-02
 3.91976e+16	9.88e-01	1.17e-02	5.04e-08	0.00e+00	0.00e+00	0.00e+00	0.00e+00	0.00e+00	0.00e+00	8.01e-01	1.23e-01	6.49e-02
 3.91991e+16	9.89e-01	1.14e-02	4.78e-08	0.00e+00	0.00e+00	0.00e+00	0.00e+00	0.00e+00	0.00e+00	8.00e-01	1.24e-01	6.51e-02
 3.92005e+16	9.89e-01	1.11e-02	4.54e-08	0.00e+00	0.00e+00	0.00e+00	0.00e+00	0.00e+00	0.00e+00	7.99e-01	1.25e-01	6.53e-02
 3.92018e+16	9.89e-01	1.08e-02	4.30e-08	0.00e+00	0.00e+00	0.00e+00	0.00e+00	0.00e+00	0.00e+00	7.98e-01	1.26e-01	6.56e-02
 3.92031e+16	9.89e-01	1.06e-02	4.08e-08	0.00e+00	0.00e+00	0.00e+00	0.00e+00	0.00e+00	0.00e+00	7.97e-01	1.27e-01	6.58e-02
 3.92043e+16	9.90e-01	1.03e-02	3.87e-08	0.00e+00	0.00e+00	0.00e+00	0.00e+00	0.00e+00	0.00e+00	7.96e-01	1.28e-01	6.60e-02
 3.92054e+16	9.90e-01	1.00e-02	3.68e-08	0.00e+00	0.00e+00	0.00e+00	0.00e+00	0.00e+00	0.00e+00	7.95e-01	1.29e-01	6.63e-02
 3.92065e+16	9.90e-01	9.78e-03	3.48e-08	0.00e+00	0.00e+00	0.00e+00	0.00e+00	0.00e+00	0.00e+00	7.94e-01	1.30e-01	6.65e-02
 3.92076e+16	9.90e-01	9.51e-03	3.30e-08	0.00e+00	0.00e+00	0.00e+00	0.00e+00	0.00e+00	0.00e+00	7.92e-01	1.31e-01	6.68e-02
 3.92086e+16	9.91e-01	9.24e-03	3.11e-08	0.00e+00	0.00e+00	0.00e+00	0.00e+00	0.00e+00	0.00e+00	7.91e-01	1.33e-01	6.71e-02
 3.92096e+16	9.91e-01	8.96e-03	2.93e-08	0.00e+00	0.00e+00	0.00e+00	0.00e+00	0.00e+00	0.00e+00	7.89e-01	1.34e-01	6.74e-02
 3.92106e+16	9.91e-01	8.66e-03	2.74e-08	0.00e+00	0.00e+00	0.00e+00	0.00e+00	0.00e+00	0.00e+00	7.88e-01	1.36e-01	6.77e-02
 3.92116e+16	9.92e-01	8.35e-03	2.55e-08	0.00e+00	0.00e+00	0.00e+00	0.00e+00	0.00e+00	0.00e+00	7.86e-01	1.38e-01	6.81e-02
 3.92126e+16	9.92e-01	8.02e-03	2.37e-08	0.00e+00	0.00e+00	0.00e+00	0.00e+00	0.00e+00	0.00e+00	7.84e-01	1.40e-01	6.84e-02
 3.92135e+16	9.92e-01	7.63e-03	2.16e-08	0.00e+00	0.00e+00	0.00e+00	0.00e+00	0.00e+00	0.00e+00	7.81e-01	1.43e-01	6.90e-02
