#depth	H	H+	H2
 3.37282e+11	1.60e-03	9.98e-01	8.24e-13
 2.02369e+12	1.60e-03	9.98e-01	8.26e-13
 8.76933e+12	1.61e-03	9.98e-01	8.32e-13
 3.57519e+13	1.61e-03	9.98e-01	8.35e-13
 8.53998e+13	1.60e-03	9.98e-01	8.52e-13
 1.49942e+14	1.59e-03	9.98e-01	8.61e-13
 2.33847e+14	1.59e-03	9.98e-01	8.78e-13
 3.42923e+14	1.58e-03	9.98e-01	9.00e-13
 4.84723e+14	1.58e-03	9.98e-01	9.39e-13
 6.69062e+14	1.58e-03	9.98e-01	9.71e-13
 9.08703e+14	1.58e-03	9.98e-01	1.02e-12
 1.22024e+15	1.58e-03	9.98e-01	1.08e-12
 1.62523e+15	1.59e-03	9.98e-01	1.16e-12
 2.15172e+15	1.60e-03	9.98e-01	1.27e-12
 2.83616e+15	1.62e-03	9.98e-01	1.38e-12
 3.57310e+15	1.62e-03	9.98e-01	1.51e-12
 4.24624e+15	1.63e-03	9.98e-01	1.59e-12
 4.98928e+15	1.66e-03	9.98e-01	1.61e-12
 5.95524e+15	1.69e-03	9.98e-01	1.65e-12
 7.03641e+15	1.72e-03	9.98e-01	1.66e-12
 7.95019e+15	1.75e-03	9.98e-01	1.65e-12
 8.74521e+15	1.79e-03	9.98e-01	1.60e-12
 9.61973e+15	1.91e-03	9.98e-01	1.42e-12
 1.05065e+16	1.98e-03	9.98e-01	1.37e-12
 1.13370e+16	2.04e-03	9.98e-01	1.31e-12
 1.22613e+16	2.13e-03	9.98e-01	1.24e-12
 1.32498e+16	2.23e-03	9.98e-01	1.16e-12
 1.40875e+16	2.33e-03	9.98e-01	1.11e-12
 1.47960e+16	2.42e-03	9.98e-01	1.07e-12
 1.55709e+16	2.53e-03	9.97e-01	1.00e-12
 1.64254e+16	2.67e-03	9.97e-01	9.73e-13
 1.71871e+16	2.81e-03	9.97e-01	9.40e-13
 1.78393e+16	2.94e-03	9.97e-01	9.30e-13
 1.85460e+16	3.08e-03	9.97e-01	8.94e-13
 1.93405e+16	3.28e-03	9.97e-01	8.80e-13
 2.00600e+16	3.48e-03	9.97e-01	8.84e-13
 2.06799e+16	3.68e-03	9.96e-01	8.90e-13
 2.13594e+16	3.88e-03	9.96e-01	8.85e-13
 2.21165e+16	4.16e-03	9.96e-01	9.00e-13
 2.28089e+16	4.46e-03	9.96e-01	9.28e-13
 2.34110e+16	4.75e-03	9.95e-01	9.57e-13
 2.40611e+16	5.04e-03	9.95e-01	9.72e-13
 2.48822e+16	5.46e-03	9.95e-01	1.00e-12
 2.56879e+16	6.02e-03	9.94e-01	1.07e-12
 2.62959e+16	6.53e-03	9.93e-01	1.13e-12
 2.67995e+16	6.95e-03	9.93e-01	1.18e-12
 2.73693e+16	7.41e-03	9.93e-01	1.21e-12
 2.80633e+16	8.05e-03	9.92e-01	1.26e-12
 2.87946e+16	8.90e-03	9.91e-01	1.34e-12
 2.94736e+16	9.84e-03	9.90e-01	1.43e-12
 3.00907e+16	1.08e-02	9.89e-01	1.52e-12
 3.07009e+16	1.19e-02	9.88e-01	1.61e-12
 3.13298e+16	1.32e-02	9.87e-01	1.72e-12
 3.19551e+16	1.48e-02	9.85e-01	1.85e-12
 3.25692e+16	1.67e-02	9.83e-01	2.00e-12
 3.31790e+16	1.90e-02	9.81e-01	2.19e-12
 3.37868e+16	2.19e-02	9.78e-01	2.43e-12
 3.43781e+16	2.55e-02	9.74e-01	2.74e-12
 3.49280e+16	3.01e-02	9.70e-01	3.14e-12
 3.54223e+16	3.57e-02	9.64e-01	3.65e-12
 3.58621e+16	4.26e-02	9.57e-01	4.30e-12
 3.62545e+16	5.12e-02	9.49e-01	5.15e-12
 3.65563e+16	6.07e-02	9.39e-01	6.14e-12
 3.67548e+16	6.89e-02	9.31e-01	7.01e-12
 3.69160e+16	7.67e-02	9.23e-01	7.87e-12
 3.70980e+16	8.71e-02	9.13e-01	9.04e-12
 3.72934e+16	1.02e-01	8.98e-01	1.08e-11
 3.74529e+16	1.19e-01	8.81e-01	1.29e-11
 3.75707e+16	1.34e-01	8.66e-01	1.50e-11
 3.76689e+16	1.50e-01	8.50e-01	1.72e-11
 3.77773e+16	1.71e-01	8.29e-01	2.05e-11
 3.78888e+16	1.99e-01	8.01e-01	2.51e-11
 3.79741e+16	2.27e-01	7.73e-01	3.01e-11
 3.80377e+16	2.51e-01	7.49e-01	3.50e-11
 3.81030e+16	2.80e-01	7.20e-01	4.12e-11
 3.81736e+16	3.17e-01	6.83e-01	5.03e-11
 3.82326e+16	3.54e-01	6.46e-01	6.07e-11
 3.82770e+16	3.86e-01	6.14e-01	7.09e-11
 3.83118e+16	4.13e-01	5.87e-01	8.04e-11
 3.83425e+16	4.39e-01	5.61e-01	9.03e-11
 3.83717e+16	4.64e-01	5.36e-01	1.01e-10
 3.83991e+16	4.89e-01	5.11e-01	1.13e-10
 3.84240e+16	5.12e-01	4.88e-01	1.26e-10
 3.84463e+16	5.34e-01	4.66e-01	1.38e-10
 3.84632e+16	5.51e-01	4.49e-01	1.49e-10
 3.84745e+16	5.62e-01	4.38e-01	1.56e-10
 3.84850e+16	5.72e-01	4.28e-01	1.64e-10
 3.84974e+16	5.85e-01	4.15e-01	1.74e-10
 3.85110e+16	5.99e-01	4.01e-01	1.85e-10
 3.85238e+16	6.11e-01	3.89e-01	1.96e-10
 3.85357e+16	6.24e-01	3.76e-01	2.07e-10
 3.85474e+16	6.35e-01	3.65e-01	2.19e-10
 3.85592e+16	6.47e-01	3.53e-01	2.31e-10
 3.85712e+16	6.59e-01	3.41e-01	2.45e-10
 3.85829e+16	6.71e-01	3.29e-01	2.59e-10
 3.85945e+16	6.82e-01	3.18e-01	2.74e-10
 3.86059e+16	6.93e-01	3.07e-01	2.89e-10
 3.86174e+16	7.04e-01	2.96e-01	3.06e-10
 3.86288e+16	7.15e-01	2.85e-01	3.24e-10
 3.86399e+16	7.25e-01	2.75e-01	3.42e-10
 3.86510e+16	7.35e-01	2.65e-01	3.61e-10
 3.86621e+16	7.45e-01	2.55e-01	3.82e-10
 3.86731e+16	7.55e-01	2.45e-01	4.04e-10
 3.86841e+16	7.64e-01	2.36e-01	4.27e-10
 3.86950e+16	7.73e-01	2.27e-01	4.51e-10
 3.87059e+16	7.82e-01	2.18e-01	4.77e-10
 3.87167e+16	7.91e-01	2.09e-01	5.04e-10
 3.87275e+16	7.99e-01	2.01e-01	5.33e-10
 3.87382e+16	8.07e-01	1.93e-01	5.64e-10
 3.87489e+16	8.15e-01	1.85e-01	5.96e-10
 3.87595e+16	8.23e-01	1.77e-01	6.31e-10
 3.87701e+16	8.30e-01	1.70e-01	6.68e-10
 3.87807e+16	8.37e-01	1.63e-01	7.07e-10
 3.87912e+16	8.44e-01	1.56e-01	7.48e-10
 3.88014e+16	8.51e-01	1.49e-01	7.92e-10
 3.88115e+16	8.57e-01	1.43e-01	8.36e-10
 3.88216e+16	8.63e-01	1.37e-01	8.86e-10
 3.88316e+16	8.69e-01	1.31e-01	9.37e-10
 3.88413e+16	8.74e-01	1.26e-01	9.91e-10
 3.88509e+16	8.79e-01	1.21e-01	1.05e-09
 3.88602e+16	8.84e-01	1.16e-01	1.11e-09
 3.88695e+16	8.89e-01	1.11e-01	1.17e-09
 3.88789e+16	8.93e-01	1.07e-01	1.24e-09
 3.88881e+16	8.98e-01	1.02e-01	1.31e-09
 3.88971e+16	9.02e-01	9.82e-02	1.38e-09
 3.89060e+16	9.06e-01	9.43e-02	1.46e-09
 3.89150e+16	9.10e-01	9.05e-02	1.55e-09
 3.89238e+16	9.13e-01	8.68e-02	1.64e-09
 3.89323e+16	9.17e-01	8.34e-02	1.73e-09
 3.89409e+16	9.20e-01	8.01e-02	1.83e-09
 3.89494e+16	9.23e-01	7.69e-02	1.94e-09
 3.89578e+16	9.26e-01	7.39e-02	2.05e-09
 3.89662e+16	9.29e-01	7.09e-02	2.17e-09
 3.89743e+16	9.32e-01	6.81e-02	2.31e-09
 3.89823e+16	9.34e-01	6.55e-02	2.44e-09
 3.89903e+16	9.37e-01	6.30e-02	2.59e-09
 3.89983e+16	9.40e-01	6.05e-02	2.75e-09
 3.90062e+16	9.42e-01	5.81e-02	2.92e-09
 3.90139e+16	9.44e-01	5.58e-02	3.11e-09
 3.90216e+16	9.46e-01	5.37e-02	3.30e-09
 3.90291e+16	9.48e-01	5.16e-02	3.51e-09
 3.90366e+16	9.50e-01	4.96e-02	3.75e-09
 3.90440e+16	9.52e-01	4.76e-02	3.99e-09
 3.90513e+16	9.54e-01	4.58e-02	4.26e-09
 3.90585e+16	9.56e-01	4.40e-02	4.55e-09
 3.90656e+16	9.58e-01	4.23e-02	4.88e-09
 3.90727e+16	9.59e-01	4.06e-02	5.23e-09
 3.90795e+16	9.61e-01	3.91e-02	5.62e-09
 3.90863e+16	9.62e-01	3.75e-02	6.05e-09
 3.90929e+16	9.64e-01	3.61e-02	6.52e-09
 3.90995e+16	9.65e-01	3.47e-02	7.04e-09
 3.91058e+16	9.67e-01	3.33e-02	7.62e-09
 3.91120e+16	9.68e-01	3.20e-02	8.29e-09
 3.91182e+16	9.69e-01	3.08e-02	9.03e-09
 3.91243e+16	9.70e-01	2.95e-02	9.87e-09
 3.91301e+16	9.72e-01	2.84e-02	1.08e-08
 3.91357e+16	9.73e-01	2.73e-02	1.19e-08
 3.91412e+16	9.74e-01	2.62e-02	1.31e-08
 3.91465e+16	9.75e-01	2.51e-02	1.46e-08
 3.91513e+16	9.76e-01	2.42e-02	1.60e-08
 3.91557e+16	9.77e-01	2.34e-02	1.78e-08
 3.91599e+16	9.77e-01	2.26e-02	1.96e-08
 3.91637e+16	9.78e-01	2.19e-02	2.17e-08
 3.91673e+16	9.79e-01	2.12e-02	2.39e-08
 3.91707e+16	9.79e-01	2.05e-02	2.64e-08
 3.91738e+16	9.80e-01	1.99e-02	2.92e-08
 3.91768e+16	9.81e-01	1.93e-02	3.22e-08
 3.91795e+16	9.81e-01	1.88e-02	3.55e-08
 3.91821e+16	9.82e-01	1.83e-02	3.93e-08
 3.91845e+16	9.82e-01	1.78e-02	4.34e-08
 3.91868e+16	9.83e-01	1.73e-02	4.79e-08
 3.91889e+16	9.83e-01	1.69e-02	5.28e-08
 3.91908e+16	9.84e-01	1.64e-02	5.83e-08
 3.91927e+16	9.84e-01	1.60e-02	6.43e-08
 3.91944e+16	9.84e-01	1.57e-02	7.09e-08
 3.91961e+16	9.85e-01	1.53e-02	7.78e-08
 3.91976e+16	9.85e-01	1.49e-02	8.61e-08
 3.91991e+16	9.85e-01	1.46e-02	9.47e-08
 3.92005e+16	9.86e-01	1.42e-02	1.04e-07
 3.92018e+16	9.86e-01	1.39e-02	1.15e-07
 3.92031e+16	9.86e-01	1.35e-02	1.26e-07
 3.92043e+16	9.87e-01	1.32e-02	1.38e-07
 3.92054e+16	9.87e-01	1.29e-02	1.51e-07
 3.92065e+16	9.87e-01	1.26e-02	1.65e-07
 3.92076e+16	9.88e-01	1.22e-02	1.81e-07
 3.92086e+16	9.88e-01	1.19e-02	1.97e-07
 3.92096e+16	9.88e-01	1.15e-02	2.14e-07
 3.92106e+16	9.89e-01	1.12e-02	2.32e-07
 3.92116e+16	9.89e-01	1.08e-02	2.52e-07
 3.92126e+16	9.90e-01	1.04e-02	2.72e-07
 3.92135e+16	9.90e-01	9.91e-03	2.95e-07
