#depth	O	O+	O+2	O+3	O+4	O+5	O+6	O+7	O+8	O[1]	O[2]	O[3]
 1.61704e+12	1.46e-06	2.67e-03	4.89e-01	5.06e-01	2.47e-03	0.00e+00	0.00e+00	0.00e+00	0.00e+00	1.06e-06	2.65e-07	1.38e-07
 9.70223e+12	1.46e-06	2.67e-03	4.89e-01	5.06e-01	2.47e-03	0.00e+00	0.00e+00	0.00e+00	0.00e+00	1.06e-06	2.64e-07	1.38e-07
 4.20430e+13	1.46e-06	2.68e-03	4.92e-01	5.03e-01	2.44e-03	0.00e+00	0.00e+00	0.00e+00	0.00e+00	1.06e-06	2.65e-07	1.38e-07
 1.71406e+14	1.49e-06	2.72e-03	5.01e-01	4.94e-01	2.34e-03	0.00e+00	0.00e+00	0.00e+00	0.00e+00	1.08e-06	2.69e-07	1.41e-07
 4.09434e+14	1.50e-06	2.78e-03	5.15e-01	4.80e-01	2.18e-03	0.00e+00	0.00e+00	0.00e+00	0.00e+00	1.08e-06	2.71e-07	1.42e-07
 7.18870e+14	1.53e-06	2.86e-03	5.34e-01	4.61e-01	1.99e-03	0.00e+00	0.00e+00	0.00e+00	0.00e+00	1.11e-06	2.77e-07	1.45e-07
 1.12114e+15	1.59e-06	2.99e-03	5.59e-01	4.36e-01	1.76e-03	0.00e+00	0.00e+00	0.00e+00	0.00e+00	1.15e-06	2.87e-07	1.50e-07
 1.64409e+15	1.68e-06	3.17e-03	5.94e-01	4.02e-01	1.48e-03	0.00e+00	0.00e+00	0.00e+00	0.00e+00	1.21e-06	3.04e-07	1.59e-07
 2.32392e+15	1.82e-06	3.45e-03	6.41e-01	3.54e-01	1.15e-03	0.00e+00	0.00e+00	0.00e+00	0.00e+00	1.32e-06	3.30e-07	1.73e-07
 3.09821e+15	2.00e-06	3.79e-03	6.97e-01	2.99e-01	8.34e-04	0.00e+00	0.00e+00	0.00e+00	0.00e+00	1.45e-06	3.62e-07	1.90e-07
 3.83465e+15	2.20e-06	4.15e-03	7.52e-01	2.43e-01	5.82e-04	0.00e+00	0.00e+00	0.00e+00	0.00e+00	1.60e-06	3.98e-07	2.09e-07
 4.47199e+15	2.41e-06	4.49e-03	7.99e-01	1.96e-01	4.04e-04	0.00e+00	0.00e+00	0.00e+00	0.00e+00	1.74e-06	4.33e-07	2.28e-07
 5.03575e+15	2.61e-06	4.81e-03	8.39e-01	1.56e-01	2.78e-04	0.00e+00	0.00e+00	0.00e+00	0.00e+00	1.90e-06	4.70e-07	2.48e-07
 5.66324e+15	2.88e-06	5.18e-03	8.78e-01	1.16e-01	1.72e-04	0.00e+00	0.00e+00	0.00e+00	0.00e+00	2.09e-06	5.16e-07	2.73e-07
 6.47898e+15	3.20e-06	5.60e-03	9.19e-01	7.56e-02	8.66e-05	0.00e+00	0.00e+00	0.00e+00	0.00e+00	2.32e-06	5.73e-07	3.04e-07
 7.39399e+15	3.53e-06	6.01e-03	9.50e-01	4.37e-02	3.66e-05	0.00e+00	0.00e+00	0.00e+00	0.00e+00	2.57e-06	6.31e-07	3.35e-07
 8.43806e+15	3.92e-06	6.40e-03	9.71e-01	2.24e-02	1.26e-05	0.00e+00	0.00e+00	0.00e+00	0.00e+00	2.85e-06	6.99e-07	3.73e-07
 9.79535e+15	4.38e-06	6.78e-03	9.84e-01	9.43e-03	3.12e-06	0.00e+00	0.00e+00	0.00e+00	0.00e+00	3.18e-06	7.79e-07	4.15e-07
 1.15598e+16	4.96e-06	7.20e-03	9.90e-01	3.27e-03	5.42e-07	0.00e+00	0.00e+00	0.00e+00	0.00e+00	3.60e-06	8.81e-07	4.71e-07
 1.38536e+16	5.78e-06	7.71e-03	9.91e-01	9.67e-04	0.00e+00	0.00e+00	0.00e+00	0.00e+00	0.00e+00	4.20e-06	1.03e-06	5.49e-07
 1.59076e+16	6.52e-06	8.14e-03	9.91e-01	3.87e-04	0.00e+00	0.00e+00	0.00e+00	0.00e+00	0.00e+00	4.74e-06	1.16e-06	6.19e-07
 1.74984e+16	7.25e-06	8.50e-03	9.91e-01	2.17e-04	0.00e+00	0.00e+00	0.00e+00	0.00e+00	0.00e+00	5.27e-06	1.29e-06	6.88e-07
 1.92483e+16	8.18e-06	8.94e-03	9.91e-01	1.32e-04	0.00e+00	0.00e+00	0.00e+00	0.00e+00	0.00e+00	5.95e-06	1.45e-06	7.77e-07
 2.11731e+16	9.38e-06	9.46e-03	9.90e-01	9.06e-05	0.00e+00	0.00e+00	0.00e+00	0.00e+00	0.00e+00	6.82e-06	1.67e-06	8.91e-07
 2.32904e+16	1.10e-05	1.01e-02	9.90e-01	6.99e-05	0.00e+00	0.00e+00	0.00e+00	0.00e+00	0.00e+00	7.97e-06	1.95e-06	1.04e-06
 2.56194e+16	1.31e-05	1.08e-02	9.89e-01	5.82e-05	0.00e+00	0.00e+00	0.00e+00	0.00e+00	0.00e+00	9.51e-06	2.34e-06	1.24e-06
 2.81814e+16	1.61e-05	1.18e-02	9.88e-01	5.12e-05	0.00e+00	0.00e+00	0.00e+00	0.00e+00	0.00e+00	1.17e-05	2.87e-06	1.53e-06
 3.09995e+16	2.03e-05	1.30e-02	9.87e-01	4.59e-05	0.00e+00	0.00e+00	0.00e+00	0.00e+00	0.00e+00	1.48e-05	3.65e-06	1.93e-06
 3.40712e+16	2.68e-05	1.46e-02	9.85e-01	4.14e-05	0.00e+00	0.00e+00	0.00e+00	0.00e+00	0.00e+00	1.94e-05	4.82e-06	2.54e-06
 3.71195e+16	3.58e-05	1.65e-02	9.83e-01	3.74e-05	0.00e+00	0.00e+00	0.00e+00	0.00e+00	0.00e+00	2.59e-05	6.45e-06	3.40e-06
 3.98797e+16	4.76e-05	1.87e-02	9.81e-01	3.39e-05	0.00e+00	0.00e+00	0.00e+00	0.00e+00	0.00e+00	3.45e-05	8.57e-06	4.51e-06
 4.17967e+16	5.88e-05	2.05e-02	9.79e-01	3.15e-05	0.00e+00	0.00e+00	0.00e+00	0.00e+00	0.00e+00	4.26e-05	1.06e-05	5.57e-06
 4.28125e+16	6.59e-05	2.16e-02	9.78e-01	3.02e-05	0.00e+00	0.00e+00	0.00e+00	0.00e+00	0.00e+00	4.78e-05	1.19e-05	6.25e-06
 4.37470e+16	7.37e-05	2.27e-02	9.77e-01	2.91e-05	0.00e+00	0.00e+00	0.00e+00	0.00e+00	0.00e+00	5.34e-05	1.33e-05	6.98e-06
 4.49617e+16	8.52e-05	2.43e-02	9.76e-01	2.76e-05	0.00e+00	0.00e+00	0.00e+00	0.00e+00	0.00e+00	6.17e-05	1.54e-05	8.06e-06
 4.65409e+16	1.04e-04	2.67e-02	9.73e-01	2.57e-05	0.00e+00	0.00e+00	0.00e+00	0.00e+00	0.00e+00	7.52e-05	1.87e-05	9.81e-06
 4.80789e+16	1.27e-04	2.93e-02	9.71e-01	2.39e-05	0.00e+00	0.00e+00	0.00e+00	0.00e+00	0.00e+00	9.20e-05	2.29e-05	1.20e-05
 4.91898e+16	1.48e-04	3.15e-02	9.68e-01	2.24e-05	0.00e+00	0.00e+00	0.00e+00	0.00e+00	0.00e+00	1.07e-04	2.66e-05	1.39e-05
 5.01179e+16	1.68e-04	3.36e-02	9.66e-01	2.14e-05	0.00e+00	0.00e+00	0.00e+00	0.00e+00	0.00e+00	1.22e-04	3.03e-05	1.59e-05
 5.11814e+16	1.96e-04	3.62e-02	9.64e-01	1.99e-05	0.00e+00	0.00e+00	0.00e+00	0.00e+00	0.00e+00	1.42e-04	3.54e-05	1.85e-05
 5.23718e+16	2.35e-04	3.95e-02	9.60e-01	1.85e-05	0.00e+00	0.00e+00	0.00e+00	0.00e+00	0.00e+00	1.70e-04	4.23e-05	2.21e-05
 5.34634e+16	2.78e-04	4.30e-02	9.57e-01	1.72e-05	0.00e+00	0.00e+00	0.00e+00	0.00e+00	0.00e+00	2.02e-04	5.02e-05	2.62e-05
 5.44191e+16	3.25e-04	4.65e-02	9.53e-01	1.60e-05	0.00e+00	0.00e+00	0.00e+00	0.00e+00	0.00e+00	2.36e-04	5.86e-05	3.06e-05
 5.53651e+16	3.81e-04	5.04e-02	9.49e-01	1.49e-05	0.00e+00	0.00e+00	0.00e+00	0.00e+00	0.00e+00	2.77e-04	6.87e-05	3.59e-05
 5.63007e+16	4.49e-04	5.47e-02	9.45e-01	1.38e-05	0.00e+00	0.00e+00	0.00e+00	0.00e+00	0.00e+00	3.26e-04	8.08e-05	4.22e-05
 5.71428e+16	5.22e-04	5.91e-02	9.40e-01	1.28e-05	0.00e+00	0.00e+00	0.00e+00	0.00e+00	0.00e+00	3.79e-04	9.40e-05	4.91e-05
 5.79007e+16	6.01e-04	6.36e-02	9.36e-01	1.20e-05	0.00e+00	0.00e+00	0.00e+00	0.00e+00	0.00e+00	4.36e-04	1.08e-04	5.64e-05
 5.85832e+16	6.85e-04	6.80e-02	9.31e-01	1.12e-05	0.00e+00	0.00e+00	0.00e+00	0.00e+00	0.00e+00	4.97e-04	1.23e-04	6.43e-05
 5.92305e+16	7.79e-04	7.27e-02	9.27e-01	1.05e-05	0.00e+00	0.00e+00	0.00e+00	0.00e+00	0.00e+00	5.65e-04	1.40e-04	7.31e-05
 5.98777e+16	8.87e-04	7.78e-02	9.21e-01	9.80e-06	0.00e+00	0.00e+00	0.00e+00	0.00e+00	0.00e+00	6.44e-04	1.60e-04	8.32e-05
 6.05249e+16	1.02e-03	8.35e-02	9.15e-01	9.14e-06	0.00e+00	0.00e+00	0.00e+00	0.00e+00	0.00e+00	7.38e-04	1.83e-04	9.53e-05
 6.11721e+16	1.17e-03	8.98e-02	9.09e-01	8.46e-06	0.00e+00	0.00e+00	0.00e+00	0.00e+00	0.00e+00	8.47e-04	2.10e-04	1.09e-04
 6.18193e+16	1.35e-03	9.69e-02	9.02e-01	7.79e-06	0.00e+00	0.00e+00	0.00e+00	0.00e+00	0.00e+00	9.80e-04	2.43e-04	1.26e-04
 6.24665e+16	1.57e-03	1.05e-01	8.94e-01	7.17e-06	0.00e+00	0.00e+00	0.00e+00	0.00e+00	0.00e+00	1.14e-03	2.82e-04	1.47e-04
 6.31137e+16	1.83e-03	1.14e-01	8.84e-01	6.56e-06	0.00e+00	0.00e+00	0.00e+00	0.00e+00	0.00e+00	1.33e-03	3.29e-04	1.71e-04
 6.37610e+16	2.15e-03	1.24e-01	8.74e-01	5.95e-06	0.00e+00	0.00e+00	0.00e+00	0.00e+00	0.00e+00	1.56e-03	3.86e-04	2.01e-04
 6.44030e+16	2.55e-03	1.35e-01	8.62e-01	5.37e-06	0.00e+00	0.00e+00	0.00e+00	0.00e+00	0.00e+00	1.86e-03	4.58e-04	2.39e-04
