#depth	H	H+	H2
 1.61704e+12	9.88e-04	9.99e-01	2.03e-14
 9.70223e+12	9.87e-04	9.99e-01	2.03e-14
 4.20430e+13	9.86e-04	9.99e-01	2.03e-14
 1.71406e+14	9.85e-04	9.99e-01	2.05e-14
 4.09434e+14	9.74e-04	9.99e-01	2.07e-14
 7.18870e+14	9.64e-04	9.99e-01	2.09e-14
 1.12114e+15	9.56e-04	9.99e-01	2.13e-14
 1.64409e+15	9.50e-04	9.99e-01	2.18e-14
 2.32392e+15	9.47e-04	9.99e-01	2.27e-14
 3.09821e+15	9.42e-04	9.99e-01	2.36e-14
 3.83465e+15	9.40e-04	9.99e-01	2.46e-14
 4.47199e+15	9.43e-04	9.99e-01	2.56e-14
 5.03575e+15	9.49e-04	9.99e-01	2.67e-14
 5.66324e+15	9.63e-04	9.99e-01	2.82e-14
 6.47898e+15	9.80e-04	9.99e-01	3.01e-14
 7.39399e+15	9.98e-04	9.99e-01	3.21e-14
 8.43806e+15	1.03e-03	9.99e-01	3.49e-14
 9.79535e+15	1.06e-03	9.99e-01	3.80e-14
 1.15598e+16	1.11e-03	9.99e-01	4.22e-14
 1.38536e+16	1.17e-03	9.99e-01	4.78e-14
 1.59076e+16	1.22e-03	9.99e-01	5.29e-14
 1.74984e+16	1.28e-03	9.99e-01	5.73e-14
 1.92483e+16	1.34e-03	9.99e-01	6.29e-14
 2.11731e+16	1.42e-03	9.99e-01	6.97e-14
 2.32904e+16	1.52e-03	9.98e-01	7.82e-14
 2.56194e+16	1.64e-03	9.98e-01	8.90e-14
 2.81814e+16	1.80e-03	9.98e-01	1.03e-13
 3.09995e+16	2.00e-03	9.98e-01	1.21e-13
 3.40712e+16	2.27e-03	9.98e-01	1.46e-13
 3.71195e+16	2.59e-03	9.97e-01	1.77e-13
 3.98797e+16	2.95e-03	9.97e-01	2.14e-13
 4.17967e+16	3.25e-03	9.97e-01	2.47e-13
 4.28125e+16	3.42e-03	9.97e-01	2.65e-13
 4.37470e+16	3.60e-03	9.96e-01	2.85e-13
 4.49617e+16	3.84e-03	9.96e-01	3.12e-13
 4.65409e+16	4.19e-03	9.96e-01	3.53e-13
 4.80789e+16	4.58e-03	9.95e-01	4.01e-13
 4.91898e+16	4.90e-03	9.95e-01	4.40e-13
 5.01179e+16	5.19e-03	9.95e-01	4.77e-13
 5.11814e+16	5.55e-03	9.94e-01	5.25e-13
 5.23718e+16	6.00e-03	9.94e-01	5.84e-13
 5.34634e+16	6.46e-03	9.94e-01	6.49e-13
 5.44191e+16	6.91e-03	9.93e-01	7.12e-13
 5.53651e+16	7.40e-03	9.93e-01	7.84e-13
 5.63007e+16	7.94e-03	9.92e-01	8.66e-13
 5.71428e+16	8.47e-03	9.92e-01	9.47e-13
 5.79007e+16	9.00e-03	9.91e-01	1.03e-12
 5.85832e+16	9.51e-03	9.90e-01	1.11e-12
 5.92305e+16	1.01e-02	9.90e-01	1.20e-12
 5.98777e+16	1.06e-02	9.89e-01	1.29e-12
 6.05249e+16	1.13e-02	9.89e-01	1.40e-12
 6.11721e+16	1.19e-02	9.88e-01	1.52e-12
 6.18193e+16	1.27e-02	9.87e-01	1.66e-12
 6.24665e+16	1.36e-02	9.86e-01	1.81e-12
 6.31137e+16	1.45e-02	9.86e-01	1.98e-12
 6.37610e+16	1.55e-02	9.84e-01	2.18e-12
 6.44030e+16	1.67e-02	9.83e-01	2.41e-12
