#depth	He	He+	He+2
 1.61704e+12	1.57e-04	2.80e-01	7.20e-01
 9.70223e+12	1.57e-04	2.80e-01	7.20e-01
 4.20430e+13	1.58e-04	2.81e-01	7.19e-01
 1.71406e+14	1.61e-04	2.85e-01	7.15e-01
 4.09434e+14	1.62e-04	2.86e-01	7.14e-01
 7.18870e+14	1.67e-04	2.93e-01	7.07e-01
 1.12114e+15	1.77e-04	3.06e-01	6.94e-01
 1.64409e+15	1.92e-04	3.28e-01	6.72e-01
 2.32392e+15	2.18e-04	3.66e-01	6.34e-01
 3.09821e+15	2.55e-04	4.20e-01	5.80e-01
 3.83465e+15	3.00e-04	4.86e-01	5.14e-01
 4.47199e+15	3.48e-04	5.55e-01	4.45e-01
 5.03575e+15	3.97e-04	6.23e-01	3.77e-01
 5.66324e+15	4.54e-04	7.00e-01	3.00e-01
 6.47898e+15	5.23e-04	7.92e-01	2.08e-01
 7.39399e+15	5.91e-04	8.74e-01	1.25e-01
 8.43806e+15	6.50e-04	9.34e-01	6.49e-02
 9.79535e+15	6.99e-04	9.72e-01	2.69e-02
 1.15598e+16	7.43e-04	9.90e-01	8.93e-03
 1.38536e+16	7.89e-04	9.97e-01	2.41e-03
 1.59076e+16	8.25e-04	9.98e-01	8.32e-04
 1.74984e+16	8.55e-04	9.99e-01	3.89e-04
 1.92483e+16	8.89e-04	9.99e-01	1.77e-04
 2.11731e+16	9.28e-04	9.99e-01	7.90e-05
 2.32904e+16	9.74e-04	9.99e-01	3.46e-05
 2.56194e+16	1.03e-03	9.99e-01	1.51e-05
 2.81814e+16	1.09e-03	9.99e-01	6.62e-06
 3.09995e+16	1.17e-03	9.99e-01	2.95e-06
 3.40712e+16	1.26e-03	9.99e-01	1.36e-06
 3.71195e+16	1.36e-03	9.99e-01	6.92e-07
 3.98797e+16	1.47e-03	9.99e-01	4.00e-07
 4.17967e+16	1.55e-03	9.98e-01	2.87e-07
 4.28125e+16	1.60e-03	9.98e-01	2.42e-07
 4.37470e+16	1.65e-03	9.98e-01	2.04e-07
 4.49617e+16	1.72e-03	9.98e-01	1.65e-07
 4.65409e+16	1.81e-03	9.98e-01	1.26e-07
 4.80789e+16	1.91e-03	9.98e-01	9.96e-08
 4.91898e+16	1.99e-03	9.98e-01	8.45e-08
 5.01179e+16	2.07e-03	9.98e-01	7.34e-08
 5.11814e+16	2.16e-03	9.98e-01	6.22e-08
 5.23718e+16	2.27e-03	9.98e-01	5.23e-08
 5.34634e+16	2.38e-03	9.98e-01	4.48e-08
 5.44191e+16	2.49e-03	9.98e-01	3.92e-08
 5.53651e+16	2.61e-03	9.97e-01	3.43e-08
 5.63007e+16	2.74e-03	9.97e-01	3.02e-08
 5.71428e+16	2.86e-03	9.97e-01	2.70e-08
 5.79007e+16	2.99e-03	9.97e-01	2.44e-08
 5.85832e+16	3.11e-03	9.97e-01	2.23e-08
 5.92305e+16	3.23e-03	9.97e-01	2.05e-08
 5.98777e+16	3.37e-03	9.97e-01	1.88e-08
 6.05249e+16	3.51e-03	9.96e-01	1.73e-08
 6.11721e+16	3.67e-03	9.96e-01	1.59e-08
 6.18193e+16	3.85e-03	9.96e-01	1.46e-08
 6.24665e+16	4.04e-03	9.96e-01	1.35e-08
 6.31137e+16	4.25e-03	9.96e-01	1.24e-08
 6.37610e+16	4.48e-03	9.96e-01	1.14e-08
 6.44030e+16	4.73e-03	9.95e-01	1.06e-08
