#depth	H	H+	H2
 1.78546e+11	2.65e-03	9.97e-01	9.45e-12
 1.07127e+12	2.66e-03	9.97e-01	9.49e-12
 4.64219e+12	2.65e-03	9.97e-01	9.47e-12
 1.89258e+13	2.65e-03	9.97e-01	9.44e-12
 4.52078e+13	2.63e-03	9.97e-01	9.42e-12
 7.93742e+13	2.61e-03	9.97e-01	9.33e-12
 1.23791e+14	2.59e-03	9.97e-01	9.25e-12
 1.81532e+14	2.57e-03	9.97e-01	9.13e-12
 2.56596e+14	2.54e-03	9.97e-01	8.99e-12
 3.54179e+14	2.50e-03	9.97e-01	8.81e-12
 4.81037e+14	2.46e-03	9.98e-01	8.57e-12
 6.45952e+14	2.40e-03	9.98e-01	8.30e-12
 8.60341e+14	2.34e-03	9.98e-01	7.94e-12
 1.13905e+15	2.27e-03	9.98e-01	7.53e-12
 1.50137e+15	2.21e-03	9.98e-01	7.15e-12
 1.97238e+15	2.15e-03	9.98e-01	6.83e-12
 2.58470e+15	2.13e-03	9.98e-01	6.78e-12
 3.38071e+15	2.14e-03	9.98e-01	7.03e-12
 4.17659e+15	2.13e-03	9.98e-01	7.26e-12
 4.80790e+15	2.14e-03	9.98e-01	7.40e-12
 5.34791e+15	2.14e-03	9.98e-01	7.52e-12
 5.88270e+15	2.15e-03	9.98e-01	7.65e-12
 6.47097e+15	2.17e-03	9.98e-01	7.81e-12
 7.11807e+15	2.17e-03	9.98e-01	7.93e-12
 7.82987e+15	2.19e-03	9.98e-01	8.09e-12
 8.61286e+15	2.20e-03	9.98e-01	8.19e-12
 9.47415e+15	2.31e-03	9.98e-01	8.66e-12
 1.01639e+16	2.31e-03	9.98e-01	8.69e-12
 1.07128e+16	2.33e-03	9.98e-01	8.69e-12
 1.14263e+16	2.35e-03	9.98e-01	8.80e-12
 1.23538e+16	2.38e-03	9.98e-01	8.90e-12
 1.35220e+16	2.42e-03	9.98e-01	8.98e-12
 1.48742e+16	2.47e-03	9.98e-01	9.03e-12
 1.63616e+16	2.55e-03	9.97e-01	9.02e-12
 1.76954e+16	2.63e-03	9.97e-01	8.92e-12
 1.86405e+16	2.70e-03	9.97e-01	8.91e-12
 1.95385e+16	2.76e-03	9.97e-01	8.51e-12
 2.07058e+16	2.86e-03	9.97e-01	7.93e-12
 2.18801e+16	2.98e-03	9.97e-01	7.44e-12
 2.27722e+16	3.10e-03	9.97e-01	7.06e-12
 2.34907e+16	3.19e-03	9.97e-01	6.63e-12
 2.42747e+16	3.29e-03	9.97e-01	6.05e-12
 2.52939e+16	3.42e-03	9.97e-01	5.20e-12
 2.63410e+16	3.62e-03	9.96e-01	4.69e-12
 2.71562e+16	3.79e-03	9.96e-01	4.32e-12
 2.78080e+16	3.94e-03	9.96e-01	4.02e-12
 2.85155e+16	4.07e-03	9.96e-01	3.63e-12
 2.94352e+16	4.27e-03	9.96e-01	3.18e-12
 3.03869e+16	4.55e-03	9.95e-01	2.92e-12
 3.11315e+16	4.81e-03	9.95e-01	2.80e-12
 3.17175e+16	5.02e-03	9.95e-01	2.70e-12
 3.23461e+16	5.21e-03	9.95e-01	2.55e-12
 3.31634e+16	5.48e-03	9.95e-01	2.38e-12
 3.40479e+16	5.86e-03	9.94e-01	2.31e-12
 3.48005e+16	6.27e-03	9.94e-01	2.31e-12
 3.54248e+16	6.61e-03	9.93e-01	2.31e-12
 3.61014e+16	6.94e-03	9.93e-01	2.27e-12
 3.69432e+16	7.40e-03	9.93e-01	2.25e-12
 3.78408e+16	8.04e-03	9.92e-01	2.30e-12
 3.86555e+16	8.75e-03	9.91e-01	2.39e-12
 3.93874e+16	9.44e-03	9.91e-01	2.47e-12
 4.01529e+16	1.02e-02	9.90e-01	2.54e-12
 4.09812e+16	1.11e-02	9.89e-01	2.65e-12
 4.18064e+16	1.22e-02	9.88e-01	2.79e-12
 4.26117e+16	1.35e-02	9.86e-01	2.96e-12
 4.34035e+16	1.50e-02	9.85e-01	3.14e-12
 4.41846e+16	1.67e-02	9.83e-01	3.35e-12
 4.49502e+16	1.87e-02	9.81e-01	3.60e-12
 4.56970e+16	2.11e-02	9.79e-01	3.88e-12
 4.64267e+16	2.39e-02	9.76e-01	4.20e-12
 4.71420e+16	2.72e-02	9.73e-01	4.58e-12
 4.77776e+16	3.14e-02	9.69e-01	5.12e-12
 4.82742e+16	3.56e-02	9.64e-01	5.66e-12
 4.86821e+16	3.96e-02	9.60e-01	6.18e-12
 4.91248e+16	4.42e-02	9.56e-01	6.70e-12
 4.96130e+16	5.12e-02	9.49e-01	7.62e-12
 5.00231e+16	5.99e-02	9.40e-01	8.85e-12
 5.03181e+16	6.80e-02	9.32e-01	1.00e-11
 5.05509e+16	7.56e-02	9.24e-01	1.12e-11
 5.08038e+16	8.47e-02	9.15e-01	1.26e-11
 5.10835e+16	9.84e-02	9.02e-01	1.48e-11
 5.13213e+16	1.15e-01	8.85e-01	1.77e-11
 5.14963e+16	1.31e-01	8.69e-01	2.07e-11
 5.16372e+16	1.46e-01	8.54e-01	2.38e-11
 5.17910e+16	1.66e-01	8.34e-01	2.81e-11
 5.19551e+16	1.95e-01	8.05e-01	3.48e-11
 5.20878e+16	2.27e-01	7.73e-01	4.32e-11
 5.21859e+16	2.56e-01	7.44e-01	5.21e-11
 5.22688e+16	2.86e-01	7.14e-01	6.20e-11
 5.23467e+16	3.19e-01	6.81e-01	7.45e-11
 5.24144e+16	3.54e-01	6.46e-01	8.95e-11
 5.24666e+16	3.85e-01	6.15e-01	1.05e-10
 5.25060e+16	4.11e-01	5.89e-01	1.19e-10
 5.25389e+16	4.34e-01	5.66e-01	1.34e-10
 5.25698e+16	4.57e-01	5.43e-01	1.50e-10
 5.25995e+16	4.81e-01	5.19e-01	1.68e-10
 5.26268e+16	5.04e-01	4.96e-01	1.87e-10
 5.26509e+16	5.25e-01	4.75e-01	2.08e-10
 5.26723e+16	5.45e-01	4.55e-01	2.28e-10
 5.26893e+16	5.61e-01	4.39e-01	2.47e-10
 5.27013e+16	5.72e-01	4.28e-01	2.61e-10
 5.27125e+16	5.83e-01	4.17e-01	2.75e-10
 5.27251e+16	5.95e-01	4.05e-01	2.92e-10
 5.27387e+16	6.09e-01	3.91e-01	3.13e-10
 5.27519e+16	6.22e-01	3.78e-01	3.34e-10
 5.27642e+16	6.34e-01	3.66e-01	3.56e-10
 5.27758e+16	6.46e-01	3.54e-01	3.78e-10
 5.27873e+16	6.57e-01	3.43e-01	4.02e-10
 5.27989e+16	6.69e-01	3.31e-01	4.28e-10
 5.28105e+16	6.81e-01	3.19e-01	4.56e-10
 5.28217e+16	6.92e-01	3.08e-01	4.85e-10
 5.28326e+16	7.03e-01	2.97e-01	5.16e-10
 5.28433e+16	7.14e-01	2.86e-01	5.48e-10
 5.28540e+16	7.24e-01	2.76e-01	5.83e-10
 5.28645e+16	7.34e-01	2.66e-01	6.20e-10
 5.28748e+16	7.44e-01	2.56e-01	6.59e-10
 5.28851e+16	7.54e-01	2.46e-01	7.00e-10
 5.28952e+16	7.64e-01	2.36e-01	7.43e-10
 5.29052e+16	7.73e-01	2.27e-01	7.89e-10
 5.29151e+16	7.82e-01	2.18e-01	8.38e-10
 5.29249e+16	7.90e-01	2.10e-01	8.89e-10
 5.29346e+16	7.99e-01	2.01e-01	9.44e-10
 5.29443e+16	8.07e-01	1.93e-01	1.00e-09
 5.29537e+16	8.15e-01	1.85e-01	1.06e-09
 5.29631e+16	8.23e-01	1.77e-01	1.12e-09
 5.29723e+16	8.30e-01	1.70e-01	1.19e-09
 5.29816e+16	8.37e-01	1.63e-01	1.26e-09
 5.29909e+16	8.44e-01	1.56e-01	1.33e-09
 5.29999e+16	8.50e-01	1.50e-01	1.41e-09
 5.30087e+16	8.56e-01	1.44e-01	1.49e-09
 5.30176e+16	8.62e-01	1.38e-01	1.57e-09
 5.30264e+16	8.68e-01	1.32e-01	1.66e-09
 5.30353e+16	8.74e-01	1.26e-01	1.76e-09
 5.30441e+16	8.79e-01	1.21e-01	1.85e-09
 5.30526e+16	8.84e-01	1.16e-01	1.95e-09
 5.30612e+16	8.89e-01	1.11e-01	2.06e-09
 5.30699e+16	8.93e-01	1.07e-01	2.17e-09
 5.30783e+16	8.98e-01	1.02e-01	2.29e-09
 5.30868e+16	9.02e-01	9.80e-02	2.41e-09
 5.30953e+16	9.06e-01	9.39e-02	2.55e-09
 5.31038e+16	9.10e-01	8.99e-02	2.69e-09
 5.31124e+16	9.14e-01	8.61e-02	2.84e-09
 5.31209e+16	9.17e-01	8.25e-02	2.99e-09
 5.31292e+16	9.21e-01	7.91e-02	3.16e-09
 5.31378e+16	9.24e-01	7.57e-02	3.34e-09
 5.31465e+16	9.28e-01	7.24e-02	3.54e-09
 5.31549e+16	9.31e-01	6.94e-02	3.73e-09
 5.31631e+16	9.33e-01	6.66e-02	3.95e-09
 5.31714e+16	9.36e-01	6.38e-02	4.19e-09
 5.31800e+16	9.39e-01	6.11e-02	4.44e-09
 5.31886e+16	9.42e-01	5.85e-02	4.73e-09
 5.31970e+16	9.44e-01	5.60e-02	5.03e-09
 5.32054e+16	9.46e-01	5.37e-02	5.36e-09
 5.32138e+16	9.49e-01	5.14e-02	5.73e-09
 5.32222e+16	9.51e-01	4.92e-02	6.12e-09
 5.32305e+16	9.53e-01	4.72e-02	6.56e-09
 5.32389e+16	9.55e-01	4.52e-02	7.05e-09
 5.32471e+16	9.57e-01	4.33e-02	7.60e-09
 5.32553e+16	9.59e-01	4.14e-02	8.22e-09
 5.32635e+16	9.60e-01	3.97e-02	8.92e-09
 5.32714e+16	9.62e-01	3.80e-02	9.69e-09
 5.32794e+16	9.64e-01	3.65e-02	1.06e-08
 5.32873e+16	9.65e-01	3.49e-02	1.16e-08
 5.32950e+16	9.67e-01	3.34e-02	1.28e-08
 5.33024e+16	9.68e-01	3.20e-02	1.42e-08
 5.33094e+16	9.69e-01	3.08e-02	1.57e-08
 5.33158e+16	9.70e-01	2.96e-02	1.74e-08
 5.33218e+16	9.71e-01	2.86e-02	1.92e-08
 5.33272e+16	9.72e-01	2.76e-02	2.12e-08
 5.33324e+16	9.73e-01	2.68e-02	2.34e-08
 5.33372e+16	9.74e-01	2.59e-02	2.58e-08
 5.33417e+16	9.75e-01	2.51e-02	2.86e-08
 5.33459e+16	9.76e-01	2.44e-02	3.16e-08
 5.33498e+16	9.76e-01	2.38e-02	3.49e-08
 5.33534e+16	9.77e-01	2.31e-02	3.85e-08
 5.33568e+16	9.77e-01	2.25e-02	4.25e-08
 5.33601e+16	9.78e-01	2.19e-02	4.73e-08
 5.33630e+16	9.79e-01	2.11e-02	5.31e-08
 5.33655e+16	9.79e-01	2.10e-02	5.63e-08
 5.33681e+16	9.79e-01	2.05e-02	6.23e-08
 5.33709e+16	9.80e-01	2.00e-02	6.96e-08
 5.33733e+16	9.80e-01	1.96e-02	7.74e-08
 5.33754e+16	9.81e-01	1.92e-02	8.54e-08
 5.33773e+16	9.81e-01	1.88e-02	9.27e-08
 5.33793e+16	9.82e-01	1.84e-02	1.04e-07
 5.33812e+16	9.82e-01	1.79e-02	1.16e-07
 5.33828e+16	9.82e-01	1.76e-02	1.26e-07
 5.33843e+16	9.83e-01	1.72e-02	1.41e-07
 5.33859e+16	9.83e-01	1.69e-02	1.56e-07
 5.33872e+16	9.83e-01	1.65e-02	1.71e-07
 5.33884e+16	9.84e-01	1.63e-02	1.84e-07
 5.33897e+16	9.84e-01	1.59e-02	2.08e-07
 5.33911e+16	9.85e-01	1.54e-02	2.33e-07
 5.33921e+16	9.85e-01	1.51e-02	2.53e-07
 5.33930e+16	9.85e-01	1.48e-02	2.74e-07
 5.33940e+16	9.86e-01	1.44e-02	3.00e-07
 5.33949e+16	9.86e-01	1.40e-02	3.31e-07
 5.33958e+16	9.86e-01	1.37e-02	3.57e-07
 5.33967e+16	9.87e-01	1.32e-02	3.92e-07
 5.33975e+16	9.87e-01	1.27e-02	4.27e-07
 5.33981e+16	9.88e-01	1.23e-02	4.58e-07
 5.33987e+16	9.88e-01	1.18e-02	4.89e-07
 5.33992e+16	9.89e-01	1.12e-02	5.33e-07
 5.33997e+16	9.90e-01	1.01e-02	6.12e-07
 5.34003e+16	9.91e-01	8.70e-03	7.55e-07
