#depth	He	He+	He+2
 1.78546e+11	8.19e-04	5.18e-01	4.81e-01
 1.07127e+12	8.22e-04	5.19e-01	4.80e-01
 4.64219e+12	8.22e-04	5.19e-01	4.80e-01
 1.89258e+13	8.26e-04	5.21e-01	4.78e-01
 4.52078e+13	8.30e-04	5.24e-01	4.75e-01
 7.93742e+13	8.36e-04	5.28e-01	4.72e-01
 1.23791e+14	8.44e-04	5.33e-01	4.66e-01
 1.81532e+14	8.56e-04	5.42e-01	4.57e-01
 2.56596e+14	8.72e-04	5.53e-01	4.46e-01
 3.54179e+14	8.95e-04	5.70e-01	4.29e-01
 4.81037e+14	9.25e-04	5.93e-01	4.06e-01
 6.45952e+14	9.65e-04	6.24e-01	3.75e-01
 8.60341e+14	1.02e-03	6.66e-01	3.33e-01
 1.13905e+15	1.08e-03	7.21e-01	2.78e-01
 1.50137e+15	1.17e-03	7.89e-01	2.10e-01
 1.97238e+15	1.27e-03	8.63e-01	1.36e-01
 2.58470e+15	1.38e-03	9.29e-01	6.99e-02
 3.38071e+15	1.49e-03	9.72e-01	2.65e-02
 4.17659e+15	1.58e-03	9.89e-01	9.20e-03
 4.80790e+15	1.64e-03	9.94e-01	3.99e-03
 5.34791e+15	1.69e-03	9.96e-01	1.98e-03
 5.88270e+15	1.74e-03	9.97e-01	1.00e-03
 6.47097e+15	1.80e-03	9.98e-01	4.83e-04
 7.11807e+15	1.85e-03	9.98e-01	2.21e-04
 7.82987e+15	1.92e-03	9.98e-01	9.69e-05
 8.61286e+15	2.00e-03	9.98e-01	4.07e-05
 9.47415e+15	2.20e-03	9.98e-01	1.57e-05
 1.01639e+16	2.29e-03	9.98e-01	7.31e-06
 1.07128e+16	2.37e-03	9.98e-01	4.15e-06
 1.14263e+16	2.47e-03	9.98e-01	2.08e-06
 1.23538e+16	2.61e-03	9.97e-01	9.19e-07
 1.35220e+16	2.79e-03	9.97e-01	3.69e-07
 1.48742e+16	3.02e-03	9.97e-01	1.48e-07
 1.63616e+16	3.31e-03	9.97e-01	6.23e-08
 1.76954e+16	3.62e-03	9.96e-01	3.23e-08
 1.86405e+16	3.88e-03	9.96e-01	2.12e-08
 1.95385e+16	4.12e-03	9.96e-01	1.45e-08
 2.07058e+16	4.46e-03	9.96e-01	9.17e-09
 2.18801e+16	4.88e-03	9.95e-01	6.16e-09
 2.27722e+16	5.25e-03	9.95e-01	4.66e-09
 2.34907e+16	5.57e-03	9.94e-01	3.75e-09
 2.42747e+16	5.92e-03	9.94e-01	2.98e-09
 2.52939e+16	6.41e-03	9.94e-01	2.26e-09
 2.63410e+16	7.03e-03	9.93e-01	1.76e-09
 2.71562e+16	7.60e-03	9.92e-01	1.47e-09
 2.78080e+16	8.08e-03	9.92e-01	1.29e-09
 2.85155e+16	8.61e-03	9.91e-01	1.11e-09
 2.94352e+16	9.34e-03	9.91e-01	9.36e-10
 3.03869e+16	1.03e-02	9.90e-01	8.01e-10
 3.11315e+16	1.11e-02	9.89e-01	7.16e-10
 3.17175e+16	1.19e-02	9.88e-01	6.59e-10
 3.23461e+16	1.26e-02	9.87e-01	6.05e-10
 3.31634e+16	1.37e-02	9.86e-01	5.46e-10
 3.40479e+16	1.51e-02	9.85e-01	4.97e-10
 3.48005e+16	1.65e-02	9.84e-01	4.62e-10
 3.54248e+16	1.77e-02	9.82e-01	4.37e-10
 3.61014e+16	1.90e-02	9.81e-01	4.13e-10
 3.69432e+16	2.09e-02	9.79e-01	3.89e-10
 3.78408e+16	2.32e-02	9.77e-01	3.68e-10
 3.86555e+16	2.57e-02	9.74e-01	3.52e-10
 3.93874e+16	2.82e-02	9.72e-01	3.40e-10
 4.01529e+16	3.09e-02	9.69e-01	3.30e-10
 4.09812e+16	3.44e-02	9.66e-01	3.22e-10
 4.18064e+16	3.84e-02	9.62e-01	3.15e-10
 4.26117e+16	4.29e-02	9.57e-01	3.11e-10
 4.34035e+16	4.80e-02	9.52e-01	3.09e-10
 4.41846e+16	5.40e-02	9.46e-01	3.08e-10
 4.49502e+16	6.09e-02	9.39e-01	3.08e-10
 4.56970e+16	6.89e-02	9.31e-01	3.10e-10
 4.64267e+16	7.84e-02	9.22e-01	3.13e-10
 4.71420e+16	8.98e-02	9.10e-01	3.17e-10
 4.77776e+16	1.03e-01	8.97e-01	3.20e-10
 4.82742e+16	1.16e-01	8.84e-01	3.25e-10
 4.86821e+16	1.29e-01	8.71e-01	3.29e-10
 4.91248e+16	1.44e-01	8.56e-01	3.35e-10
 4.96130e+16	1.66e-01	8.34e-01	3.41e-10
 5.00231e+16	1.91e-01	8.09e-01	3.48e-10
 5.03181e+16	2.14e-01	7.86e-01	3.54e-10
 5.05509e+16	2.34e-01	7.66e-01	3.61e-10
 5.08038e+16	2.59e-01	7.41e-01	3.67e-10
 5.10835e+16	2.93e-01	7.07e-01	3.79e-10
 5.13213e+16	3.30e-01	6.70e-01	3.92e-10
 5.14963e+16	3.62e-01	6.38e-01	4.07e-10
 5.16372e+16	3.91e-01	6.09e-01	4.18e-10
 5.17910e+16	4.26e-01	5.74e-01	4.33e-10
 5.19551e+16	4.70e-01	5.30e-01	4.59e-10
 5.20878e+16	5.10e-01	4.90e-01	4.92e-10
 5.21859e+16	5.43e-01	4.57e-01	5.23e-10
 5.22688e+16	5.73e-01	4.27e-01	5.56e-10
 5.23467e+16	6.02e-01	3.98e-01	5.97e-10
 5.24144e+16	6.28e-01	3.72e-01	6.43e-10
 5.24666e+16	6.49e-01	3.51e-01	6.90e-10
 5.25060e+16	6.65e-01	3.35e-01	7.30e-10
 5.25389e+16	6.79e-01	3.21e-01	7.70e-10
 5.25698e+16	6.91e-01	3.09e-01	8.12e-10
 5.25995e+16	7.03e-01	2.97e-01	8.57e-10
 5.26268e+16	7.14e-01	2.86e-01	9.04e-10
 5.26509e+16	7.24e-01	2.76e-01	9.53e-10
 5.26723e+16	7.32e-01	2.68e-01	1.00e-09
 5.26893e+16	7.39e-01	2.61e-01	1.04e-09
 5.27013e+16	7.44e-01	2.56e-01	1.08e-09
 5.27125e+16	7.48e-01	2.52e-01	1.10e-09
 5.27251e+16	7.53e-01	2.47e-01	1.14e-09
 5.27387e+16	7.58e-01	2.42e-01	1.18e-09
 5.27519e+16	7.63e-01	2.37e-01	1.22e-09
 5.27642e+16	7.68e-01	2.32e-01	1.27e-09
 5.27758e+16	7.72e-01	2.28e-01	1.31e-09
 5.27873e+16	7.76e-01	2.24e-01	1.35e-09
 5.27989e+16	7.80e-01	2.20e-01	1.40e-09
 5.28105e+16	7.84e-01	2.16e-01	1.45e-09
 5.28217e+16	7.88e-01	2.12e-01	1.50e-09
 5.28326e+16	7.92e-01	2.08e-01	1.55e-09
 5.28433e+16	7.95e-01	2.05e-01	1.61e-09
 5.28540e+16	7.99e-01	2.01e-01	1.66e-09
 5.28645e+16	8.02e-01	1.98e-01	1.72e-09
 5.28748e+16	8.06e-01	1.94e-01	1.78e-09
 5.28851e+16	8.09e-01	1.91e-01	1.85e-09
 5.28952e+16	8.12e-01	1.88e-01	1.91e-09
 5.29052e+16	8.15e-01	1.85e-01	1.98e-09
 5.29151e+16	8.18e-01	1.82e-01	2.05e-09
 5.29249e+16	8.21e-01	1.79e-01	2.12e-09
 5.29346e+16	8.24e-01	1.76e-01	2.19e-09
 5.29443e+16	8.26e-01	1.74e-01	2.27e-09
 5.29537e+16	8.29e-01	1.71e-01	2.35e-09
 5.29631e+16	8.32e-01	1.68e-01	2.43e-09
 5.29723e+16	8.34e-01	1.66e-01	2.51e-09
 5.29816e+16	8.37e-01	1.63e-01	2.59e-09
 5.29909e+16	8.39e-01	1.61e-01	2.68e-09
 5.29999e+16	8.42e-01	1.58e-01	2.77e-09
 5.30087e+16	8.44e-01	1.56e-01	2.86e-09
 5.30176e+16	8.47e-01	1.53e-01	2.95e-09
 5.30264e+16	8.49e-01	1.51e-01	3.04e-09
 5.30353e+16	8.51e-01	1.49e-01	3.13e-09
 5.30441e+16	8.54e-01	1.46e-01	3.23e-09
 5.30526e+16	8.56e-01	1.44e-01	3.32e-09
 5.30612e+16	8.58e-01	1.42e-01	3.42e-09
 5.30699e+16	8.60e-01	1.40e-01	3.51e-09
 5.30783e+16	8.63e-01	1.37e-01	3.61e-09
 5.30868e+16	8.65e-01	1.35e-01	3.71e-09
 5.30953e+16	8.67e-01	1.33e-01	3.80e-09
 5.31038e+16	8.69e-01	1.31e-01	3.90e-09
 5.31124e+16	8.72e-01	1.28e-01	3.99e-09
 5.31209e+16	8.74e-01	1.26e-01	4.09e-09
 5.31292e+16	8.76e-01	1.24e-01	4.18e-09
 5.31378e+16	8.78e-01	1.22e-01	4.27e-09
 5.31465e+16	8.81e-01	1.19e-01	4.36e-09
 5.31549e+16	8.83e-01	1.17e-01	4.45e-09
 5.31631e+16	8.85e-01	1.15e-01	4.53e-09
 5.31714e+16	8.88e-01	1.12e-01	4.60e-09
 5.31800e+16	8.90e-01	1.10e-01	4.68e-09
 5.31886e+16	8.92e-01	1.08e-01	4.76e-09
 5.31970e+16	8.95e-01	1.05e-01	4.82e-09
 5.32054e+16	8.97e-01	1.03e-01	4.89e-09
 5.32138e+16	8.99e-01	1.01e-01	4.94e-09
 5.32222e+16	9.02e-01	9.81e-02	4.99e-09
 5.32305e+16	9.04e-01	9.58e-02	5.04e-09
 5.32389e+16	9.07e-01	9.32e-02	5.07e-09
 5.32471e+16	9.09e-01	9.09e-02	5.11e-09
 5.32553e+16	9.12e-01	8.84e-02	5.13e-09
 5.32635e+16	9.14e-01	8.60e-02	5.14e-09
 5.32714e+16	9.16e-01	8.36e-02	5.15e-09
 5.32794e+16	9.19e-01	8.13e-02	5.15e-09
 5.32873e+16	9.21e-01	7.88e-02	5.13e-09
 5.32950e+16	9.24e-01	7.64e-02	5.11e-09
 5.33024e+16	9.26e-01	7.41e-02	5.08e-09
 5.33094e+16	9.28e-01	7.20e-02	5.06e-09
 5.33158e+16	9.30e-01	7.00e-02	5.01e-09
 5.33218e+16	9.32e-01	6.81e-02	4.96e-09
 5.33272e+16	9.34e-01	6.63e-02	4.91e-09
 5.33324e+16	9.35e-01	6.47e-02	4.86e-09
 5.33372e+16	9.37e-01	6.31e-02	4.80e-09
 5.33417e+16	9.38e-01	6.16e-02	4.74e-09
 5.33459e+16	9.40e-01	6.01e-02	4.68e-09
 5.33498e+16	9.41e-01	5.88e-02	4.62e-09
 5.33534e+16	9.42e-01	5.75e-02	4.56e-09
 5.33568e+16	9.44e-01	5.63e-02	4.50e-09
 5.33601e+16	9.45e-01	5.52e-02	4.45e-09
 5.33630e+16	9.46e-01	5.42e-02	4.42e-09
 5.33655e+16	9.47e-01	5.32e-02	4.32e-09
 5.33681e+16	9.48e-01	5.21e-02	4.24e-09
 5.33709e+16	9.49e-01	5.09e-02	4.16e-09
 5.33733e+16	9.50e-01	4.99e-02	4.09e-09
 5.33754e+16	9.51e-01	4.91e-02	4.02e-09
 5.33773e+16	9.52e-01	4.83e-02	3.97e-09
 5.33793e+16	9.53e-01	4.73e-02	3.88e-09
 5.33812e+16	9.54e-01	4.64e-02	3.80e-09
 5.33828e+16	9.54e-01	4.58e-02	3.75e-09
 5.33843e+16	9.55e-01	4.49e-02	3.67e-09
 5.33859e+16	9.56e-01	4.41e-02	3.59e-09
 5.33872e+16	9.57e-01	4.34e-02	3.52e-09
 5.33884e+16	9.57e-01	4.28e-02	3.47e-09
 5.33897e+16	9.58e-01	4.19e-02	3.37e-09
 5.33911e+16	9.59e-01	4.10e-02	3.28e-09
 5.33921e+16	9.60e-01	4.03e-02	3.20e-09
 5.33930e+16	9.60e-01	3.96e-02	3.13e-09
 5.33940e+16	9.61e-01	3.89e-02	3.04e-09
 5.33949e+16	9.62e-01	3.79e-02	2.93e-09
 5.33958e+16	9.63e-01	3.72e-02	2.84e-09
 5.33967e+16	9.64e-01	3.61e-02	2.71e-09
 5.33975e+16	9.65e-01	3.51e-02	2.59e-09
 5.33981e+16	9.66e-01	3.41e-02	2.47e-09
 5.33987e+16	9.67e-01	3.31e-02	2.35e-09
 5.33992e+16	9.68e-01	3.18e-02	2.17e-09
 5.33997e+16	9.71e-01	2.94e-02	1.88e-09
 5.34003e+16	9.74e-01	2.60e-02	1.50e-09
