#depth	O	O+	O+2	O+3	O+4	O+5	O+6	O+7	O+8	O[1]	O[2]	O[3]
 1.78546e+11	9.92e-06	9.36e-03	6.19e-01	3.71e-01	6.17e-04	0.00e+00	0.00e+00	0.00e+00	0.00e+00	7.92e-06	1.33e-06	6.75e-07
 1.07127e+12	1.00e-05	9.40e-03	6.21e-01	3.69e-01	6.14e-04	0.00e+00	0.00e+00	0.00e+00	0.00e+00	7.97e-06	1.35e-06	6.83e-07
 4.64219e+12	9.97e-06	9.40e-03	6.21e-01	3.69e-01	6.11e-04	0.00e+00	0.00e+00	0.00e+00	0.00e+00	7.95e-06	1.34e-06	6.80e-07
 1.89258e+13	1.00e-05	9.44e-03	6.25e-01	3.65e-01	5.99e-04	0.00e+00	0.00e+00	0.00e+00	0.00e+00	7.98e-06	1.35e-06	6.87e-07
 4.52078e+13	1.00e-05	9.49e-03	6.30e-01	3.60e-01	5.78e-04	0.00e+00	0.00e+00	0.00e+00	0.00e+00	7.96e-06	1.35e-06	6.89e-07
 7.93742e+13	1.00e-05	9.57e-03	6.37e-01	3.53e-01	5.53e-04	0.00e+00	0.00e+00	0.00e+00	0.00e+00	7.97e-06	1.36e-06	6.93e-07
 1.23791e+14	1.00e-05	9.66e-03	6.46e-01	3.44e-01	5.22e-04	0.00e+00	0.00e+00	0.00e+00	0.00e+00	7.98e-06	1.36e-06	6.96e-07
 1.81532e+14	1.01e-05	9.77e-03	6.57e-01	3.33e-01	4.85e-04	0.00e+00	0.00e+00	0.00e+00	0.00e+00	8.00e-06	1.36e-06	7.00e-07
 2.56596e+14	1.01e-05	9.91e-03	6.72e-01	3.18e-01	4.40e-04	0.00e+00	0.00e+00	0.00e+00	0.00e+00	8.01e-06	1.37e-06	7.03e-07
 3.54179e+14	1.01e-05	1.01e-02	6.90e-01	2.99e-01	3.88e-04	0.00e+00	0.00e+00	0.00e+00	0.00e+00	8.06e-06	1.38e-06	7.09e-07
 4.81037e+14	1.02e-05	1.03e-02	7.14e-01	2.76e-01	3.28e-04	0.00e+00	0.00e+00	0.00e+00	0.00e+00	8.10e-06	1.39e-06	7.15e-07
 6.45952e+14	1.03e-05	1.06e-02	7.43e-01	2.46e-01	2.62e-04	0.00e+00	0.00e+00	0.00e+00	0.00e+00	8.16e-06	1.40e-06	7.20e-07
 8.60341e+14	1.04e-05	1.10e-02	7.79e-01	2.10e-01	1.94e-04	0.00e+00	0.00e+00	0.00e+00	0.00e+00	8.25e-06	1.41e-06	7.30e-07
 1.13905e+15	1.05e-05	1.14e-02	8.22e-01	1.67e-01	1.28e-04	0.00e+00	0.00e+00	0.00e+00	0.00e+00	8.36e-06	1.43e-06	7.42e-07
 1.50137e+15	1.09e-05	1.21e-02	8.69e-01	1.19e-01	7.02e-05	0.00e+00	0.00e+00	0.00e+00	0.00e+00	8.67e-06	1.50e-06	7.77e-07
 1.97238e+15	1.13e-05	1.27e-02	9.15e-01	7.24e-02	3.01e-05	0.00e+00	0.00e+00	0.00e+00	0.00e+00	8.97e-06	1.54e-06	8.04e-07
 2.58470e+15	1.22e-05	1.36e-02	9.51e-01	3.53e-02	9.00e-06	0.00e+00	0.00e+00	0.00e+00	0.00e+00	9.69e-06	1.68e-06	8.75e-07
 3.38071e+15	1.36e-05	1.47e-02	9.72e-01	1.30e-02	1.68e-06	0.00e+00	0.00e+00	0.00e+00	0.00e+00	1.08e-05	1.87e-06	9.72e-07
 4.17659e+15	1.48e-05	1.58e-02	9.80e-01	4.64e-03	3.05e-07	0.00e+00	0.00e+00	0.00e+00	0.00e+00	1.17e-05	2.05e-06	1.06e-06
 4.80790e+15	1.60e-05	1.67e-02	9.81e-01	2.08e-03	0.00e+00	0.00e+00	0.00e+00	0.00e+00	0.00e+00	1.26e-05	2.22e-06	1.15e-06
 5.34791e+15	1.70e-05	1.75e-02	9.81e-01	1.07e-03	0.00e+00	0.00e+00	0.00e+00	0.00e+00	0.00e+00	1.34e-05	2.36e-06	1.22e-06
 5.88270e+15	1.82e-05	1.83e-02	9.81e-01	5.53e-04	0.00e+00	0.00e+00	0.00e+00	0.00e+00	0.00e+00	1.43e-05	2.54e-06	1.30e-06
 6.47097e+15	1.95e-05	1.92e-02	9.80e-01	2.73e-04	0.00e+00	0.00e+00	0.00e+00	0.00e+00	0.00e+00	1.54e-05	2.74e-06	1.41e-06
 7.11807e+15	2.10e-05	2.02e-02	9.80e-01	1.30e-04	0.00e+00	0.00e+00	0.00e+00	0.00e+00	0.00e+00	1.65e-05	2.95e-06	1.51e-06
 7.82987e+15	2.27e-05	2.14e-02	9.78e-01	5.90e-05	0.00e+00	0.00e+00	0.00e+00	0.00e+00	0.00e+00	1.79e-05	3.21e-06	1.64e-06
 8.61286e+15	2.48e-05	2.28e-02	9.77e-01	2.59e-05	0.00e+00	0.00e+00	0.00e+00	0.00e+00	0.00e+00	1.95e-05	3.52e-06	1.80e-06
 9.47415e+15	3.16e-05	2.57e-02	9.74e-01	1.02e-05	0.00e+00	0.00e+00	0.00e+00	0.00e+00	0.00e+00	2.44e-05	4.75e-06	2.39e-06
 1.01639e+16	3.46e-05	2.75e-02	9.72e-01	4.99e-06	0.00e+00	0.00e+00	0.00e+00	0.00e+00	0.00e+00	2.67e-05	5.24e-06	2.63e-06
 1.07128e+16	3.73e-05	2.89e-02	9.71e-01	2.90e-06	0.00e+00	0.00e+00	0.00e+00	0.00e+00	0.00e+00	2.87e-05	5.67e-06	2.85e-06
 1.14263e+16	4.08e-05	3.08e-02	9.69e-01	1.50e-06	0.00e+00	0.00e+00	0.00e+00	0.00e+00	0.00e+00	3.15e-05	6.23e-06	3.13e-06
 1.23538e+16	4.60e-05	3.33e-02	9.67e-01	6.85e-07	0.00e+00	0.00e+00	0.00e+00	0.00e+00	0.00e+00	3.55e-05	7.05e-06	3.54e-06
 1.35220e+16	5.35e-05	3.68e-02	9.63e-01	2.85e-07	0.00e+00	0.00e+00	0.00e+00	0.00e+00	0.00e+00	4.11e-05	8.23e-06	4.14e-06
 1.48742e+16	6.41e-05	4.15e-02	9.58e-01	0.00e+00	0.00e+00	0.00e+00	0.00e+00	0.00e+00	0.00e+00	4.92e-05	9.91e-06	5.00e-06
 1.63616e+16	7.85e-05	4.73e-02	9.53e-01	0.00e+00	0.00e+00	0.00e+00	0.00e+00	0.00e+00	0.00e+00	6.02e-05	1.22e-05	6.16e-06
 1.76954e+16	9.64e-05	5.40e-02	9.46e-01	0.00e+00	0.00e+00	0.00e+00	0.00e+00	0.00e+00	0.00e+00	7.37e-05	1.51e-05	7.62e-06
 1.86405e+16	1.12e-04	5.96e-02	9.40e-01	0.00e+00	0.00e+00	0.00e+00	0.00e+00	0.00e+00	0.00e+00	8.58e-05	1.76e-05	8.91e-06
 1.95385e+16	1.28e-04	6.49e-02	9.35e-01	0.00e+00	0.00e+00	0.00e+00	0.00e+00	0.00e+00	0.00e+00	9.80e-05	2.01e-05	1.02e-05
 2.07058e+16	1.54e-04	7.27e-02	9.27e-01	0.00e+00	0.00e+00	0.00e+00	0.00e+00	0.00e+00	0.00e+00	1.18e-04	2.41e-05	1.23e-05
 2.18801e+16	1.88e-04	8.23e-02	9.18e-01	0.00e+00	0.00e+00	0.00e+00	0.00e+00	0.00e+00	0.00e+00	1.43e-04	2.95e-05	1.51e-05
 2.27722e+16	2.22e-04	9.11e-02	9.09e-01	0.00e+00	0.00e+00	0.00e+00	0.00e+00	0.00e+00	0.00e+00	1.69e-04	3.48e-05	1.79e-05
 2.34907e+16	2.53e-04	9.87e-02	9.01e-01	0.00e+00	0.00e+00	0.00e+00	0.00e+00	0.00e+00	0.00e+00	1.93e-04	3.97e-05	2.05e-05
 2.42747e+16	2.91e-04	1.08e-01	8.92e-01	0.00e+00	0.00e+00	0.00e+00	0.00e+00	0.00e+00	0.00e+00	2.22e-04	4.56e-05	2.36e-05
 2.52939e+16	3.48e-04	1.20e-01	8.79e-01	0.00e+00	0.00e+00	0.00e+00	0.00e+00	0.00e+00	0.00e+00	2.65e-04	5.44e-05	2.83e-05
 2.63410e+16	4.28e-04	1.36e-01	8.64e-01	0.00e+00	0.00e+00	0.00e+00	0.00e+00	0.00e+00	0.00e+00	3.26e-04	6.67e-05	3.49e-05
 2.71562e+16	5.08e-04	1.51e-01	8.49e-01	0.00e+00	0.00e+00	0.00e+00	0.00e+00	0.00e+00	0.00e+00	3.87e-04	7.92e-05	4.16e-05
 2.78080e+16	5.82e-04	1.63e-01	8.36e-01	0.00e+00	0.00e+00	0.00e+00	0.00e+00	0.00e+00	0.00e+00	4.44e-04	9.06e-05	4.78e-05
 2.85155e+16	6.68e-04	1.78e-01	8.22e-01	0.00e+00	0.00e+00	0.00e+00	0.00e+00	0.00e+00	0.00e+00	5.09e-04	1.04e-04	5.49e-05
 2.94352e+16	7.97e-04	1.98e-01	8.01e-01	0.00e+00	0.00e+00	0.00e+00	0.00e+00	0.00e+00	0.00e+00	6.08e-04	1.23e-04	6.57e-05
 3.03869e+16	9.79e-04	2.23e-01	7.76e-01	0.00e+00	0.00e+00	0.00e+00	0.00e+00	0.00e+00	0.00e+00	7.47e-04	1.51e-04	8.09e-05
 3.11315e+16	1.17e-03	2.47e-01	7.52e-01	0.00e+00	0.00e+00	0.00e+00	0.00e+00	0.00e+00	0.00e+00	8.90e-04	1.79e-04	9.66e-05
 3.17175e+16	1.33e-03	2.66e-01	7.33e-01	0.00e+00	0.00e+00	0.00e+00	0.00e+00	0.00e+00	0.00e+00	1.01e-03	2.03e-04	1.10e-04
 3.23461e+16	1.51e-03	2.87e-01	7.11e-01	0.00e+00	0.00e+00	0.00e+00	0.00e+00	0.00e+00	0.00e+00	1.15e-03	2.30e-04	1.25e-04
 3.31634e+16	1.77e-03	3.16e-01	6.82e-01	0.00e+00	0.00e+00	0.00e+00	0.00e+00	0.00e+00	0.00e+00	1.36e-03	2.70e-04	1.48e-04
 3.40479e+16	2.15e-03	3.52e-01	6.46e-01	0.00e+00	0.00e+00	0.00e+00	0.00e+00	0.00e+00	0.00e+00	1.64e-03	3.25e-04	1.79e-04
 3.48005e+16	2.55e-03	3.86e-01	6.12e-01	0.00e+00	0.00e+00	0.00e+00	0.00e+00	0.00e+00	0.00e+00	1.96e-03	3.85e-04	2.13e-04
 3.54248e+16	2.94e-03	4.15e-01	5.82e-01	0.00e+00	0.00e+00	0.00e+00	0.00e+00	0.00e+00	0.00e+00	2.25e-03	4.41e-04	2.46e-04
 3.61014e+16	3.35e-03	4.47e-01	5.50e-01	0.00e+00	0.00e+00	0.00e+00	0.00e+00	0.00e+00	0.00e+00	2.57e-03	5.00e-04	2.81e-04
 3.69432e+16	3.94e-03	4.87e-01	5.09e-01	0.00e+00	0.00e+00	0.00e+00	0.00e+00	0.00e+00	0.00e+00	3.03e-03	5.84e-04	3.32e-04
 3.78408e+16	4.74e-03	5.32e-01	4.63e-01	0.00e+00	0.00e+00	0.00e+00	0.00e+00	0.00e+00	0.00e+00	3.65e-03	6.96e-04	4.00e-04
 3.86555e+16	5.64e-03	5.75e-01	4.20e-01	0.00e+00	0.00e+00	0.00e+00	0.00e+00	0.00e+00	0.00e+00	4.34e-03	8.23e-04	4.76e-04
 3.93874e+16	6.56e-03	6.13e-01	3.81e-01	0.00e+00	0.00e+00	0.00e+00	0.00e+00	0.00e+00	0.00e+00	5.05e-03	9.49e-04	5.54e-04
 4.01529e+16	7.56e-03	6.50e-01	3.42e-01	0.00e+00	0.00e+00	0.00e+00	0.00e+00	0.00e+00	0.00e+00	5.83e-03	1.09e-03	6.40e-04
 4.09812e+16	8.86e-03	6.90e-01	3.01e-01	0.00e+00	0.00e+00	0.00e+00	0.00e+00	0.00e+00	0.00e+00	6.84e-03	1.26e-03	7.51e-04
 4.18064e+16	1.04e-02	7.28e-01	2.62e-01	0.00e+00	0.00e+00	0.00e+00	0.00e+00	0.00e+00	0.00e+00	8.04e-03	1.47e-03	8.83e-04
 4.26117e+16	1.21e-02	7.62e-01	2.26e-01	0.00e+00	0.00e+00	0.00e+00	0.00e+00	0.00e+00	0.00e+00	9.41e-03	1.70e-03	1.03e-03
 4.34035e+16	1.41e-02	7.93e-01	1.92e-01	0.00e+00	0.00e+00	0.00e+00	0.00e+00	0.00e+00	0.00e+00	1.10e-02	1.96e-03	1.20e-03
 4.41846e+16	1.64e-02	8.21e-01	1.62e-01	0.00e+00	0.00e+00	0.00e+00	0.00e+00	0.00e+00	0.00e+00	1.28e-02	2.26e-03	1.40e-03
 4.49502e+16	1.91e-02	8.46e-01	1.35e-01	0.00e+00	0.00e+00	0.00e+00	0.00e+00	0.00e+00	0.00e+00	1.49e-02	2.60e-03	1.63e-03
 4.56970e+16	2.22e-02	8.67e-01	1.11e-01	0.00e+00	0.00e+00	0.00e+00	0.00e+00	0.00e+00	0.00e+00	1.73e-02	3.00e-03	1.90e-03
 4.64267e+16	2.59e-02	8.84e-01	9.04e-02	0.00e+00	0.00e+00	0.00e+00	0.00e+00	0.00e+00	0.00e+00	2.02e-02	3.46e-03	2.21e-03
 4.71420e+16	3.02e-02	8.98e-01	7.21e-02	0.00e+00	0.00e+00	0.00e+00	0.00e+00	0.00e+00	0.00e+00	2.37e-02	4.00e-03	2.57e-03
 4.77776e+16	3.55e-02	9.08e-01	5.69e-02	0.00e+00	0.00e+00	0.00e+00	0.00e+00	0.00e+00	0.00e+00	2.79e-02	4.66e-03	3.00e-03
 4.82742e+16	4.08e-02	9.13e-01	4.61e-02	0.00e+00	0.00e+00	0.00e+00	0.00e+00	0.00e+00	0.00e+00	3.21e-02	5.32e-03	3.44e-03
 4.86821e+16	4.59e-02	9.16e-01	3.83e-02	0.00e+00	0.00e+00	0.00e+00	0.00e+00	0.00e+00	0.00e+00	3.61e-02	5.94e-03	3.85e-03
 4.91248e+16	5.16e-02	9.17e-01	3.12e-02	0.00e+00	0.00e+00	0.00e+00	0.00e+00	0.00e+00	0.00e+00	4.07e-02	6.63e-03	4.31e-03
 4.96130e+16	6.04e-02	9.16e-01	2.38e-02	0.00e+00	0.00e+00	0.00e+00	0.00e+00	0.00e+00	0.00e+00	4.77e-02	7.70e-03	5.02e-03
 5.00231e+16	7.10e-02	9.11e-01	1.81e-02	0.00e+00	0.00e+00	0.00e+00	0.00e+00	0.00e+00	0.00e+00	5.61e-02	9.01e-03	5.89e-03
 5.03181e+16	8.10e-02	9.05e-01	1.44e-02	0.00e+00	0.00e+00	0.00e+00	0.00e+00	0.00e+00	0.00e+00	6.40e-02	1.02e-02	6.69e-03
 5.05509e+16	9.01e-02	8.98e-01	1.19e-02	0.00e+00	0.00e+00	0.00e+00	0.00e+00	0.00e+00	0.00e+00	7.13e-02	1.13e-02	7.43e-03
 5.08038e+16	1.01e-01	8.89e-01	9.49e-03	0.00e+00	0.00e+00	0.00e+00	0.00e+00	0.00e+00	0.00e+00	8.02e-02	1.27e-02	8.32e-03
 5.10835e+16	1.18e-01	8.75e-01	7.12e-03	0.00e+00	0.00e+00	0.00e+00	0.00e+00	0.00e+00	0.00e+00	9.33e-02	1.47e-02	9.65e-03
 5.13213e+16	1.37e-01	8.57e-01	5.30e-03	0.00e+00	0.00e+00	0.00e+00	0.00e+00	0.00e+00	0.00e+00	1.09e-01	1.70e-02	1.12e-02
 5.14963e+16	1.56e-01	8.40e-01	4.13e-03	0.00e+00	0.00e+00	0.00e+00	0.00e+00	0.00e+00	0.00e+00	1.24e-01	1.93e-02	1.27e-02
 5.16372e+16	1.74e-01	8.22e-01	3.30e-03	0.00e+00	0.00e+00	0.00e+00	0.00e+00	0.00e+00	0.00e+00	1.39e-01	2.14e-02	1.42e-02
 5.17910e+16	1.97e-01	8.00e-01	2.52e-03	0.00e+00	0.00e+00	0.00e+00	0.00e+00	0.00e+00	0.00e+00	1.57e-01	2.42e-02	1.60e-02
 5.19551e+16	2.30e-01	7.68e-01	1.81e-03	0.00e+00	0.00e+00	0.00e+00	0.00e+00	0.00e+00	0.00e+00	1.83e-01	2.80e-02	1.86e-02
 5.20878e+16	2.66e-01	7.33e-01	1.31e-03	0.00e+00	0.00e+00	0.00e+00	0.00e+00	0.00e+00	0.00e+00	2.12e-01	3.22e-02	2.14e-02
 5.21859e+16	2.99e-01	7.00e-01	9.89e-04	0.00e+00	0.00e+00	0.00e+00	0.00e+00	0.00e+00	0.00e+00	2.39e-01	3.59e-02	2.39e-02
 5.22688e+16	3.32e-01	6.67e-01	7.63e-04	0.00e+00	0.00e+00	0.00e+00	0.00e+00	0.00e+00	0.00e+00	2.66e-01	3.95e-02	2.64e-02
 5.23467e+16	3.68e-01	6.32e-01	5.82e-04	0.00e+00	0.00e+00	0.00e+00	0.00e+00	0.00e+00	0.00e+00	2.95e-01	4.34e-02	2.91e-02
 5.24144e+16	4.05e-01	5.95e-01	4.45e-04	0.00e+00	0.00e+00	0.00e+00	0.00e+00	0.00e+00	0.00e+00	3.26e-01	4.73e-02	3.18e-02
 5.24666e+16	4.38e-01	5.62e-01	3.54e-04	0.00e+00	0.00e+00	0.00e+00	0.00e+00	0.00e+00	0.00e+00	3.53e-01	5.06e-02	3.41e-02
 5.25060e+16	4.65e-01	5.35e-01	2.93e-04	0.00e+00	0.00e+00	0.00e+00	0.00e+00	0.00e+00	0.00e+00	3.76e-01	5.33e-02	3.60e-02
 5.25389e+16	4.89e-01	5.11e-01	2.49e-04	0.00e+00	0.00e+00	0.00e+00	0.00e+00	0.00e+00	0.00e+00	3.95e-01	5.55e-02	3.76e-02
 5.25698e+16	5.12e-01	4.88e-01	2.11e-04	0.00e+00	0.00e+00	0.00e+00	0.00e+00	0.00e+00	0.00e+00	4.15e-01	5.76e-02	3.92e-02
 5.25995e+16	5.36e-01	4.64e-01	1.79e-04	0.00e+00	0.00e+00	0.00e+00	0.00e+00	0.00e+00	0.00e+00	4.35e-01	5.97e-02	4.07e-02
 5.26268e+16	5.59e-01	4.41e-01	1.53e-04	0.00e+00	0.00e+00	0.00e+00	0.00e+00	0.00e+00	0.00e+00	4.55e-01	6.16e-02	4.21e-02
 5.26509e+16	5.79e-01	4.20e-01	1.32e-04	0.00e+00	0.00e+00	0.00e+00	0.00e+00	0.00e+00	0.00e+00	4.73e-01	6.33e-02	4.34e-02
 5.26723e+16	5.99e-01	4.01e-01	1.15e-04	0.00e+00	0.00e+00	0.00e+00	0.00e+00	0.00e+00	0.00e+00	4.89e-01	6.48e-02	4.45e-02
 5.26893e+16	6.14e-01	3.86e-01	1.02e-04	0.00e+00	0.00e+00	0.00e+00	0.00e+00	0.00e+00	0.00e+00	5.03e-01	6.60e-02	4.54e-02
 5.27013e+16	6.25e-01	3.75e-01	9.44e-05	0.00e+00	0.00e+00	0.00e+00	0.00e+00	0.00e+00	0.00e+00	5.13e-01	6.66e-02	4.59e-02
 5.27125e+16	6.36e-01	3.64e-01	8.71e-05	0.00e+00	0.00e+00	0.00e+00	0.00e+00	0.00e+00	0.00e+00	5.22e-01	6.74e-02	4.65e-02
 5.27251e+16	6.47e-01	3.53e-01	7.97e-05	0.00e+00	0.00e+00	0.00e+00	0.00e+00	0.00e+00	0.00e+00	5.32e-01	6.82e-02	4.71e-02
 5.27387e+16	6.60e-01	3.40e-01	7.22e-05	0.00e+00	0.00e+00	0.00e+00	0.00e+00	0.00e+00	0.00e+00	5.43e-01	6.90e-02	4.77e-02
 5.27519e+16	6.72e-01	3.28e-01	6.55e-05	0.00e+00	0.00e+00	0.00e+00	0.00e+00	0.00e+00	0.00e+00	5.54e-01	6.97e-02	4.83e-02
 5.27642e+16	6.84e-01	3.16e-01	5.96e-05	0.00e+00	0.00e+00	0.00e+00	0.00e+00	0.00e+00	0.00e+00	5.65e-01	7.03e-02	4.89e-02
 5.27758e+16	6.95e-01	3.05e-01	5.45e-05	0.00e+00	0.00e+00	0.00e+00	0.00e+00	0.00e+00	0.00e+00	5.74e-01	7.09e-02	4.93e-02
 5.27873e+16	7.05e-01	2.94e-01	4.98e-05	0.00e+00	0.00e+00	0.00e+00	0.00e+00	0.00e+00	0.00e+00	5.84e-01	7.15e-02	4.98e-02
 5.27989e+16	7.16e-01	2.84e-01	4.54e-05	0.00e+00	0.00e+00	0.00e+00	0.00e+00	0.00e+00	0.00e+00	5.94e-01	7.20e-02	5.02e-02
 5.28105e+16	7.27e-01	2.73e-01	4.13e-05	0.00e+00	0.00e+00	0.00e+00	0.00e+00	0.00e+00	0.00e+00	6.04e-01	7.24e-02	5.06e-02
 5.28217e+16	7.37e-01	2.63e-01	3.76e-05	0.00e+00	0.00e+00	0.00e+00	0.00e+00	0.00e+00	0.00e+00	6.13e-01	7.28e-02	5.10e-02
 5.28326e+16	7.47e-01	2.53e-01	3.43e-05	0.00e+00	0.00e+00	0.00e+00	0.00e+00	0.00e+00	0.00e+00	6.23e-01	7.32e-02	5.13e-02
 5.28433e+16	7.57e-01	2.43e-01	3.13e-05	0.00e+00	0.00e+00	0.00e+00	0.00e+00	0.00e+00	0.00e+00	6.32e-01	7.35e-02	5.16e-02
 5.28540e+16	7.66e-01	2.34e-01	2.85e-05	0.00e+00	0.00e+00	0.00e+00	0.00e+00	0.00e+00	0.00e+00	6.41e-01	7.38e-02	5.19e-02
 5.28645e+16	7.76e-01	2.24e-01	2.60e-05	0.00e+00	0.00e+00	0.00e+00	0.00e+00	0.00e+00	0.00e+00	6.50e-01	7.40e-02	5.21e-02
 5.28748e+16	7.85e-01	2.15e-01	2.37e-05	0.00e+00	0.00e+00	0.00e+00	0.00e+00	0.00e+00	0.00e+00	6.58e-01	7.42e-02	5.23e-02
 5.28851e+16	7.93e-01	2.07e-01	2.16e-05	0.00e+00	0.00e+00	0.00e+00	0.00e+00	0.00e+00	0.00e+00	6.66e-01	7.43e-02	5.25e-02
 5.28952e+16	8.02e-01	1.98e-01	1.97e-05	0.00e+00	0.00e+00	0.00e+00	0.00e+00	0.00e+00	0.00e+00	6.75e-01	7.44e-02	5.26e-02
 5.29052e+16	8.10e-01	1.90e-01	1.79e-05	0.00e+00	0.00e+00	0.00e+00	0.00e+00	0.00e+00	0.00e+00	6.83e-01	7.45e-02	5.28e-02
 5.29151e+16	8.18e-01	1.82e-01	1.63e-05	0.00e+00	0.00e+00	0.00e+00	0.00e+00	0.00e+00	0.00e+00	6.90e-01	7.45e-02	5.29e-02
 5.29249e+16	8.25e-01	1.75e-01	1.49e-05	0.00e+00	0.00e+00	0.00e+00	0.00e+00	0.00e+00	0.00e+00	6.98e-01	7.44e-02	5.29e-02
 5.29346e+16	8.33e-01	1.67e-01	1.36e-05	0.00e+00	0.00e+00	0.00e+00	0.00e+00	0.00e+00	0.00e+00	7.05e-01	7.45e-02	5.29e-02
 5.29443e+16	8.40e-01	1.60e-01	1.24e-05	0.00e+00	0.00e+00	0.00e+00	0.00e+00	0.00e+00	0.00e+00	7.13e-01	7.43e-02	5.28e-02
 5.29537e+16	8.47e-01	1.53e-01	1.13e-05	0.00e+00	0.00e+00	0.00e+00	0.00e+00	0.00e+00	0.00e+00	7.19e-01	7.43e-02	5.28e-02
 5.29631e+16	8.53e-01	1.47e-01	1.03e-05	0.00e+00	0.00e+00	0.00e+00	0.00e+00	0.00e+00	0.00e+00	7.26e-01	7.42e-02	5.27e-02
 5.29723e+16	8.59e-01	1.41e-01	9.42e-06	0.00e+00	0.00e+00	0.00e+00	0.00e+00	0.00e+00	0.00e+00	7.33e-01	7.40e-02	5.26e-02
 5.29816e+16	8.65e-01	1.35e-01	8.56e-06	0.00e+00	0.00e+00	0.00e+00	0.00e+00	0.00e+00	0.00e+00	7.39e-01	7.40e-02	5.25e-02
 5.29909e+16	8.71e-01	1.29e-01	7.82e-06	0.00e+00	0.00e+00	0.00e+00	0.00e+00	0.00e+00	0.00e+00	7.45e-01	7.37e-02	5.24e-02
 5.29999e+16	8.77e-01	1.23e-01	7.14e-06	0.00e+00	0.00e+00	0.00e+00	0.00e+00	0.00e+00	0.00e+00	7.51e-01	7.36e-02	5.23e-02
 5.30087e+16	8.82e-01	1.18e-01	6.54e-06	0.00e+00	0.00e+00	0.00e+00	0.00e+00	0.00e+00	0.00e+00	7.56e-01	7.34e-02	5.21e-02
 5.30176e+16	8.87e-01	1.13e-01	5.97e-06	0.00e+00	0.00e+00	0.00e+00	0.00e+00	0.00e+00	0.00e+00	7.62e-01	7.32e-02	5.20e-02
 5.30264e+16	8.92e-01	1.08e-01	5.47e-06	0.00e+00	0.00e+00	0.00e+00	0.00e+00	0.00e+00	0.00e+00	7.67e-01	7.29e-02	5.18e-02
 5.30353e+16	8.97e-01	1.03e-01	4.98e-06	0.00e+00	0.00e+00	0.00e+00	0.00e+00	0.00e+00	0.00e+00	7.72e-01	7.28e-02	5.16e-02
 5.30441e+16	9.01e-01	9.90e-02	4.56e-06	0.00e+00	0.00e+00	0.00e+00	0.00e+00	0.00e+00	0.00e+00	7.77e-01	7.26e-02	5.15e-02
 5.30526e+16	9.05e-01	9.48e-02	4.18e-06	0.00e+00	0.00e+00	0.00e+00	0.00e+00	0.00e+00	0.00e+00	7.82e-01	7.23e-02	5.13e-02
 5.30612e+16	9.09e-01	9.07e-02	3.82e-06	0.00e+00	0.00e+00	0.00e+00	0.00e+00	0.00e+00	0.00e+00	7.86e-01	7.22e-02	5.11e-02
 5.30699e+16	9.13e-01	8.68e-02	3.50e-06	0.00e+00	0.00e+00	0.00e+00	0.00e+00	0.00e+00	0.00e+00	7.90e-01	7.20e-02	5.10e-02
 5.30783e+16	9.17e-01	8.31e-02	3.20e-06	0.00e+00	0.00e+00	0.00e+00	0.00e+00	0.00e+00	0.00e+00	7.94e-01	7.18e-02	5.08e-02
 5.30868e+16	9.20e-01	7.96e-02	2.93e-06	0.00e+00	0.00e+00	0.00e+00	0.00e+00	0.00e+00	0.00e+00	7.98e-01	7.16e-02	5.06e-02
 5.30953e+16	9.24e-01	7.62e-02	2.69e-06	0.00e+00	0.00e+00	0.00e+00	0.00e+00	0.00e+00	0.00e+00	8.02e-01	7.14e-02	5.04e-02
 5.31038e+16	9.27e-01	7.29e-02	2.46e-06	0.00e+00	0.00e+00	0.00e+00	0.00e+00	0.00e+00	0.00e+00	8.06e-01	7.12e-02	5.03e-02
 5.31124e+16	9.30e-01	6.97e-02	2.25e-06	0.00e+00	0.00e+00	0.00e+00	0.00e+00	0.00e+00	0.00e+00	8.09e-01	7.11e-02	5.01e-02
 5.31209e+16	9.33e-01	6.68e-02	2.05e-06	0.00e+00	0.00e+00	0.00e+00	0.00e+00	0.00e+00	0.00e+00	8.12e-01	7.09e-02	5.00e-02
 5.31292e+16	9.36e-01	6.39e-02	1.88e-06	0.00e+00	0.00e+00	0.00e+00	0.00e+00	0.00e+00	0.00e+00	8.16e-01	7.07e-02	4.98e-02
 5.31378e+16	9.39e-01	6.12e-02	1.72e-06	0.00e+00	0.00e+00	0.00e+00	0.00e+00	0.00e+00	0.00e+00	8.19e-01	7.05e-02	4.96e-02
 5.31465e+16	9.42e-01	5.84e-02	1.57e-06	0.00e+00	0.00e+00	0.00e+00	0.00e+00	0.00e+00	0.00e+00	8.22e-01	7.05e-02	4.95e-02
 5.31549e+16	9.44e-01	5.60e-02	1.44e-06	0.00e+00	0.00e+00	0.00e+00	0.00e+00	0.00e+00	0.00e+00	8.24e-01	7.04e-02	4.94e-02
 5.31631e+16	9.46e-01	5.36e-02	1.32e-06	0.00e+00	0.00e+00	0.00e+00	0.00e+00	0.00e+00	0.00e+00	8.27e-01	7.03e-02	4.93e-02
 5.31714e+16	9.49e-01	5.14e-02	1.21e-06	0.00e+00	0.00e+00	0.00e+00	0.00e+00	0.00e+00	0.00e+00	8.29e-01	7.02e-02	4.91e-02
 5.31800e+16	9.51e-01	4.91e-02	1.10e-06	0.00e+00	0.00e+00	0.00e+00	0.00e+00	0.00e+00	0.00e+00	8.32e-01	7.02e-02	4.90e-02
 5.31886e+16	9.53e-01	4.70e-02	1.00e-06	0.00e+00	0.00e+00	0.00e+00	0.00e+00	0.00e+00	0.00e+00	8.34e-01	7.01e-02	4.89e-02
 5.31970e+16	9.55e-01	4.50e-02	9.17e-07	0.00e+00	0.00e+00	0.00e+00	0.00e+00	0.00e+00	0.00e+00	8.36e-01	7.01e-02	4.88e-02
 5.32054e+16	9.57e-01	4.31e-02	8.38e-07	0.00e+00	0.00e+00	0.00e+00	0.00e+00	0.00e+00	0.00e+00	8.38e-01	7.01e-02	4.88e-02
 5.32138e+16	9.59e-01	4.12e-02	7.65e-07	0.00e+00	0.00e+00	0.00e+00	0.00e+00	0.00e+00	0.00e+00	8.40e-01	7.01e-02	4.87e-02
 5.32222e+16	9.61e-01	3.94e-02	6.98e-07	0.00e+00	0.00e+00	0.00e+00	0.00e+00	0.00e+00	0.00e+00	8.42e-01	7.02e-02	4.87e-02
 5.32305e+16	9.62e-01	3.78e-02	6.38e-07	0.00e+00	0.00e+00	0.00e+00	0.00e+00	0.00e+00	0.00e+00	8.43e-01	7.02e-02	4.86e-02
 5.32389e+16	9.64e-01	3.61e-02	5.80e-07	0.00e+00	0.00e+00	0.00e+00	0.00e+00	0.00e+00	0.00e+00	8.45e-01	7.04e-02	4.86e-02
 5.32471e+16	9.65e-01	3.46e-02	5.30e-07	0.00e+00	0.00e+00	0.00e+00	0.00e+00	0.00e+00	0.00e+00	8.46e-01	7.05e-02	4.85e-02
 5.32553e+16	9.67e-01	3.31e-02	4.83e-07	0.00e+00	0.00e+00	0.00e+00	0.00e+00	0.00e+00	0.00e+00	8.48e-01	7.07e-02	4.86e-02
 5.32635e+16	9.68e-01	3.17e-02	4.40e-07	0.00e+00	0.00e+00	0.00e+00	0.00e+00	0.00e+00	0.00e+00	8.49e-01	7.09e-02	4.86e-02
 5.32714e+16	9.70e-01	3.03e-02	4.01e-07	0.00e+00	0.00e+00	0.00e+00	0.00e+00	0.00e+00	0.00e+00	8.50e-01	7.11e-02	4.86e-02
 5.32794e+16	9.71e-01	2.91e-02	3.66e-07	0.00e+00	0.00e+00	0.00e+00	0.00e+00	0.00e+00	0.00e+00	8.51e-01	7.14e-02	4.86e-02
 5.32873e+16	9.72e-01	2.78e-02	3.33e-07	0.00e+00	0.00e+00	0.00e+00	0.00e+00	0.00e+00	0.00e+00	8.52e-01	7.17e-02	4.87e-02
 5.32950e+16	9.73e-01	2.66e-02	3.03e-07	0.00e+00	0.00e+00	0.00e+00	0.00e+00	0.00e+00	0.00e+00	8.53e-01	7.21e-02	4.88e-02
 5.33024e+16	9.75e-01	2.55e-02	2.77e-07	0.00e+00	0.00e+00	0.00e+00	0.00e+00	0.00e+00	0.00e+00	8.53e-01	7.24e-02	4.88e-02
 5.33094e+16	9.76e-01	2.45e-02	2.54e-07	0.00e+00	0.00e+00	0.00e+00	0.00e+00	0.00e+00	0.00e+00	8.54e-01	7.28e-02	4.89e-02
 5.33158e+16	9.76e-01	2.35e-02	2.34e-07	0.00e+00	0.00e+00	0.00e+00	0.00e+00	0.00e+00	0.00e+00	8.54e-01	7.32e-02	4.90e-02
 5.33218e+16	9.77e-01	2.27e-02	2.16e-07	0.00e+00	0.00e+00	0.00e+00	0.00e+00	0.00e+00	0.00e+00	8.54e-01	7.37e-02	4.92e-02
 5.33272e+16	9.78e-01	2.19e-02	2.01e-07	0.00e+00	0.00e+00	0.00e+00	0.00e+00	0.00e+00	0.00e+00	8.55e-01	7.42e-02	4.93e-02
 5.33324e+16	9.79e-01	2.12e-02	1.87e-07	0.00e+00	0.00e+00	0.00e+00	0.00e+00	0.00e+00	0.00e+00	8.55e-01	7.46e-02	4.94e-02
 5.33372e+16	9.79e-01	2.05e-02	1.75e-07	0.00e+00	0.00e+00	0.00e+00	0.00e+00	0.00e+00	0.00e+00	8.55e-01	7.51e-02	4.96e-02
 5.33417e+16	9.80e-01	1.99e-02	1.64e-07	0.00e+00	0.00e+00	0.00e+00	0.00e+00	0.00e+00	0.00e+00	8.55e-01	7.56e-02	4.97e-02
 5.33459e+16	9.81e-01	1.93e-02	1.54e-07	0.00e+00	0.00e+00	0.00e+00	0.00e+00	0.00e+00	0.00e+00	8.55e-01	7.61e-02	4.99e-02
 5.33498e+16	9.81e-01	1.88e-02	1.45e-07	0.00e+00	0.00e+00	0.00e+00	0.00e+00	0.00e+00	0.00e+00	8.55e-01	7.67e-02	5.00e-02
 5.33534e+16	9.82e-01	1.83e-02	1.37e-07	0.00e+00	0.00e+00	0.00e+00	0.00e+00	0.00e+00	0.00e+00	8.54e-01	7.72e-02	5.02e-02
 5.33568e+16	9.82e-01	1.78e-02	1.29e-07	0.00e+00	0.00e+00	0.00e+00	0.00e+00	0.00e+00	0.00e+00	8.54e-01	7.78e-02	5.04e-02
 5.33601e+16	9.83e-01	1.72e-02	1.22e-07	0.00e+00	0.00e+00	0.00e+00	0.00e+00	0.00e+00	0.00e+00	8.54e-01	7.83e-02	5.06e-02
 5.33630e+16	9.83e-01	1.66e-02	1.14e-07	0.00e+00	0.00e+00	0.00e+00	0.00e+00	0.00e+00	0.00e+00	8.54e-01	7.89e-02	5.08e-02
 5.33655e+16	9.83e-01	1.65e-02	1.11e-07	0.00e+00	0.00e+00	0.00e+00	0.00e+00	0.00e+00	0.00e+00	8.53e-01	7.93e-02	5.09e-02
 5.33681e+16	9.84e-01	1.62e-02	1.06e-07	0.00e+00	0.00e+00	0.00e+00	0.00e+00	0.00e+00	0.00e+00	8.53e-01	8.00e-02	5.11e-02
 5.33709e+16	9.84e-01	1.58e-02	1.01e-07	0.00e+00	0.00e+00	0.00e+00	0.00e+00	0.00e+00	0.00e+00	8.52e-01	8.06e-02	5.13e-02
 5.33733e+16	9.85e-01	1.54e-02	9.58e-08	0.00e+00	0.00e+00	0.00e+00	0.00e+00	0.00e+00	0.00e+00	8.52e-01	8.13e-02	5.15e-02
 5.33754e+16	9.85e-01	1.50e-02	9.16e-08	0.00e+00	0.00e+00	0.00e+00	0.00e+00	0.00e+00	0.00e+00	8.51e-01	8.19e-02	5.17e-02
 5.33773e+16	9.85e-01	1.48e-02	8.83e-08	0.00e+00	0.00e+00	0.00e+00	0.00e+00	0.00e+00	0.00e+00	8.51e-01	8.23e-02	5.18e-02
 5.33793e+16	9.86e-01	1.44e-02	8.39e-08	0.00e+00	0.00e+00	0.00e+00	0.00e+00	0.00e+00	0.00e+00	8.50e-01	8.32e-02	5.21e-02
 5.33812e+16	9.86e-01	1.41e-02	8.01e-08	0.00e+00	0.00e+00	0.00e+00	0.00e+00	0.00e+00	0.00e+00	8.50e-01	8.40e-02	5.23e-02
 5.33828e+16	9.86e-01	1.38e-02	7.75e-08	0.00e+00	0.00e+00	0.00e+00	0.00e+00	0.00e+00	0.00e+00	8.49e-01	8.44e-02	5.24e-02
 5.33843e+16	9.87e-01	1.35e-02	7.39e-08	0.00e+00	0.00e+00	0.00e+00	0.00e+00	0.00e+00	0.00e+00	8.48e-01	8.53e-02	5.27e-02
 5.33859e+16	9.87e-01	1.32e-02	7.07e-08	0.00e+00	0.00e+00	0.00e+00	0.00e+00	0.00e+00	0.00e+00	8.48e-01	8.62e-02	5.30e-02
 5.33872e+16	9.87e-01	1.29e-02	6.79e-08	0.00e+00	0.00e+00	0.00e+00	0.00e+00	0.00e+00	0.00e+00	8.47e-01	8.69e-02	5.32e-02
 5.33884e+16	9.87e-01	1.27e-02	6.59e-08	0.00e+00	0.00e+00	0.00e+00	0.00e+00	0.00e+00	0.00e+00	8.47e-01	8.74e-02	5.33e-02
 5.33897e+16	9.88e-01	1.24e-02	6.25e-08	0.00e+00	0.00e+00	0.00e+00	0.00e+00	0.00e+00	0.00e+00	8.45e-01	8.85e-02	5.37e-02
 5.33911e+16	9.88e-01	1.20e-02	5.94e-08	0.00e+00	0.00e+00	0.00e+00	0.00e+00	0.00e+00	0.00e+00	8.44e-01	8.97e-02	5.40e-02
 5.33921e+16	9.88e-01	1.18e-02	5.70e-08	0.00e+00	0.00e+00	0.00e+00	0.00e+00	0.00e+00	0.00e+00	8.43e-01	9.06e-02	5.43e-02
 5.33930e+16	9.89e-01	1.15e-02	5.47e-08	0.00e+00	0.00e+00	0.00e+00	0.00e+00	0.00e+00	0.00e+00	8.42e-01	9.15e-02	5.45e-02
 5.33940e+16	9.89e-01	1.12e-02	5.23e-08	0.00e+00	0.00e+00	0.00e+00	0.00e+00	0.00e+00	0.00e+00	8.41e-01	9.26e-02	5.48e-02
 5.33949e+16	9.89e-01	1.09e-02	4.93e-08	0.00e+00	0.00e+00	0.00e+00	0.00e+00	0.00e+00	0.00e+00	8.40e-01	9.42e-02	5.53e-02
 5.33958e+16	9.89e-01	1.06e-02	4.70e-08	0.00e+00	0.00e+00	0.00e+00	0.00e+00	0.00e+00	0.00e+00	8.39e-01	9.53e-02	5.56e-02
 5.33967e+16	9.90e-01	1.02e-02	4.39e-08	0.00e+00	0.00e+00	0.00e+00	0.00e+00	0.00e+00	0.00e+00	8.37e-01	9.72e-02	5.61e-02
 5.33975e+16	9.90e-01	9.79e-03	4.10e-08	0.00e+00	0.00e+00	0.00e+00	0.00e+00	0.00e+00	0.00e+00	8.34e-01	9.91e-02	5.66e-02
 5.33981e+16	9.91e-01	9.43e-03	3.83e-08	0.00e+00	0.00e+00	0.00e+00	0.00e+00	0.00e+00	0.00e+00	8.32e-01	1.01e-01	5.71e-02
 5.33987e+16	9.91e-01	9.06e-03	3.57e-08	0.00e+00	0.00e+00	0.00e+00	0.00e+00	0.00e+00	0.00e+00	8.30e-01	1.03e-01	5.76e-02
 5.33992e+16	9.91e-01	8.55e-03	3.22e-08	0.00e+00	0.00e+00	0.00e+00	0.00e+00	0.00e+00	0.00e+00	8.27e-01	1.06e-01	5.84e-02
 5.33997e+16	9.92e-01	7.68e-03	2.67e-08	0.00e+00	0.00e+00	0.00e+00	0.00e+00	0.00e+00	0.00e+00	8.20e-01	1.12e-01	5.98e-02
 5.34003e+16	9.93e-01	6.51e-03	1.98e-08	0.00e+00	0.00e+00	0.00e+00	0.00e+00	0.00e+00	0.00e+00	8.10e-01	1.22e-01	6.17e-02
