#depth	H	H+	H2
 9.51518e+11	1.33e-03	9.99e-01	1.86e-12
 5.70911e+12	1.33e-03	9.99e-01	1.86e-12
 2.47395e+13	1.33e-03	9.99e-01	1.88e-12
 1.00861e+14	1.34e-03	9.99e-01	1.96e-12
 2.40924e+14	1.33e-03	9.99e-01	2.07e-12
 4.23007e+14	1.34e-03	9.99e-01	2.24e-12
 6.51241e+14	1.35e-03	9.99e-01	2.52e-12
 9.05804e+14	1.38e-03	9.99e-01	2.85e-12
 1.16556e+15	1.42e-03	9.99e-01	3.25e-12
 1.43701e+15	1.47e-03	9.99e-01	3.74e-12
 1.73950e+15	1.53e-03	9.98e-01	4.37e-12
 2.04618e+15	1.60e-03	9.98e-01	5.04e-12
 2.32471e+15	1.66e-03	9.98e-01	5.66e-12
 2.58932e+15	1.73e-03	9.98e-01	6.32e-12
 2.89108e+15	1.83e-03	9.98e-01	7.14e-12
 3.20146e+15	1.92e-03	9.98e-01	7.97e-12
 3.46641e+15	2.00e-03	9.98e-01	8.74e-12
 3.75419e+15	2.12e-03	9.98e-01	9.73e-12
 4.06868e+15	2.25e-03	9.98e-01	1.09e-11
 4.36358e+15	2.38e-03	9.98e-01	1.21e-11
 4.69264e+15	2.54e-03	9.97e-01	1.37e-11
 5.12041e+15	2.77e-03	9.97e-01	1.62e-11
 5.57134e+15	3.02e-03	9.97e-01	1.92e-11
 5.98748e+15	3.26e-03	9.97e-01	2.25e-11
 6.46357e+15	3.58e-03	9.96e-01	2.67e-11
 7.06930e+15	3.99e-03	9.96e-01	3.27e-11
 7.57330e+15	4.32e-03	9.96e-01	3.86e-11
 7.85872e+15	4.52e-03	9.95e-01	4.21e-11
 8.13025e+15	4.73e-03	9.95e-01	4.55e-11
 8.48323e+15	5.01e-03	9.95e-01	5.01e-11
 8.94211e+15	5.38e-03	9.95e-01	5.59e-11
 9.40140e+15	5.77e-03	9.94e-01	6.29e-11
 9.76244e+15	6.08e-03	9.94e-01	6.83e-11
 1.01330e+16	6.42e-03	9.94e-01	7.40e-11
 1.06148e+16	6.88e-03	9.93e-01	8.09e-11
 1.10950e+16	7.35e-03	9.93e-01	8.91e-11
 1.14680e+16	7.75e-03	9.92e-01	9.60e-11
 1.18479e+16	8.16e-03	9.92e-01	1.02e-10
 1.23418e+16	8.72e-03	9.91e-01	1.09e-10
 1.28394e+16	9.33e-03	9.91e-01	1.18e-10
 1.32267e+16	9.84e-03	9.90e-01	1.26e-10
 1.36152e+16	1.04e-02	9.90e-01	1.32e-10
 1.40532e+16	1.10e-02	9.89e-01	1.41e-10
 1.44608e+16	1.17e-02	9.88e-01	1.49e-10
 1.48253e+16	1.23e-02	9.88e-01	1.57e-10
 1.52283e+16	1.30e-02	9.87e-01	1.64e-10
 1.56674e+16	1.39e-02	9.86e-01	1.74e-10
 1.60524e+16	1.47e-02	9.85e-01	1.85e-10
 1.63893e+16	1.55e-02	9.84e-01	1.94e-10
 1.67647e+16	1.65e-02	9.84e-01	2.02e-10
 1.71792e+16	1.76e-02	9.82e-01	2.13e-10
 1.75534e+16	1.89e-02	9.81e-01	2.27e-10
 1.78832e+16	2.01e-02	9.80e-01	2.40e-10
 1.82466e+16	2.14e-02	9.79e-01	2.48e-10
 1.86530e+16	2.33e-02	9.77e-01	2.64e-10
 1.90236e+16	2.53e-02	9.75e-01	2.82e-10
 1.93497e+16	2.73e-02	9.73e-01	3.00e-10
 1.97094e+16	2.96e-02	9.70e-01	3.13e-10
 2.01082e+16	3.29e-02	9.67e-01	3.35e-10
 2.04608e+16	3.64e-02	9.64e-01	3.62e-10
 2.07542e+16	3.98e-02	9.60e-01	3.86e-10
 2.10674e+16	4.37e-02	9.56e-01	4.04e-10
 2.14196e+16	4.93e-02	9.51e-01	4.32e-10
 2.17389e+16	5.57e-02	9.44e-01	4.68e-10
 2.20079e+16	6.20e-02	9.38e-01	5.01e-10
 2.22953e+16	6.96e-02	9.30e-01	5.26e-10
 2.26196e+16	8.05e-02	9.19e-01	5.66e-10
 2.29097e+16	9.30e-02	9.07e-01	6.18e-10
 2.31393e+16	1.05e-01	8.95e-01	6.67e-10
 2.33343e+16	1.16e-01	8.84e-01	7.07e-10
 2.35494e+16	1.30e-01	8.70e-01	7.41e-10
 2.37803e+16	1.49e-01	8.51e-01	7.99e-10
 2.39720e+16	1.67e-01	8.33e-01	8.64e-10
 2.41232e+16	1.83e-01	8.17e-01	9.19e-10
 2.42813e+16	2.01e-01	7.99e-01	9.63e-10
 2.44568e+16	2.24e-01	7.76e-01	1.03e-09
 2.46120e+16	2.47e-01	7.53e-01	1.11e-09
 2.47402e+16	2.67e-01	7.33e-01	1.18e-09
 2.48763e+16	2.89e-01	7.11e-01	1.24e-09
 2.50264e+16	3.17e-01	6.83e-01	1.34e-09
 2.51589e+16	3.44e-01	6.56e-01	1.45e-09
 2.52711e+16	3.67e-01	6.33e-01	1.55e-09
 2.53871e+16	3.91e-01	6.09e-01	1.64e-09
 2.55207e+16	4.21e-01	5.79e-01	1.76e-09
 2.56504e+16	4.52e-01	5.48e-01	1.92e-09
 2.57560e+16	4.78e-01	5.22e-01	2.06e-09
 2.58444e+16	4.99e-01	5.01e-01	2.17e-09
 2.59309e+16	5.20e-01	4.80e-01	2.29e-09
 2.60211e+16	5.42e-01	4.58e-01	2.43e-09
 2.60936e+16	5.60e-01	4.40e-01	2.56e-09
 2.61393e+16	5.70e-01	4.30e-01	2.63e-09
 2.61817e+16	5.80e-01	4.20e-01	2.69e-09
 2.62355e+16	5.93e-01	4.07e-01	2.78e-09
 2.62956e+16	6.07e-01	3.93e-01	2.89e-09
 2.63505e+16	6.20e-01	3.80e-01	3.00e-09
 2.63993e+16	6.31e-01	3.69e-01	3.09e-09
 2.64481e+16	6.43e-01	3.57e-01	3.19e-09
 2.64998e+16	6.55e-01	3.45e-01	3.29e-09
 2.65524e+16	6.67e-01	3.33e-01	3.41e-09
 2.66031e+16	6.78e-01	3.22e-01	3.52e-09
 2.66521e+16	6.89e-01	3.11e-01	3.64e-09
 2.67012e+16	7.00e-01	3.00e-01	3.74e-09
 2.67513e+16	7.11e-01	2.89e-01	3.87e-09
 2.68021e+16	7.22e-01	2.78e-01	4.01e-09
 2.68507e+16	7.32e-01	2.68e-01	4.14e-09
 2.68982e+16	7.41e-01	2.59e-01	4.26e-09
 2.69470e+16	7.51e-01	2.49e-01	4.41e-09
 2.69963e+16	7.61e-01	2.39e-01	4.55e-09
 2.70448e+16	7.70e-01	2.30e-01	4.71e-09
 2.70922e+16	7.79e-01	2.21e-01	4.85e-09
 2.71396e+16	7.88e-01	2.12e-01	5.02e-09
 2.71879e+16	7.96e-01	2.04e-01	5.19e-09
 2.72354e+16	8.05e-01	1.95e-01	5.36e-09
 2.72818e+16	8.12e-01	1.88e-01	5.54e-09
 2.73283e+16	8.20e-01	1.80e-01	5.72e-09
 2.73753e+16	8.28e-01	1.72e-01	5.91e-09
 2.74223e+16	8.35e-01	1.65e-01	6.11e-09
 2.74684e+16	8.42e-01	1.58e-01	6.33e-09
 2.75137e+16	8.49e-01	1.51e-01	6.53e-09
 2.75581e+16	8.55e-01	1.45e-01	6.76e-09
 2.76019e+16	8.61e-01	1.39e-01	7.00e-09
 2.76455e+16	8.67e-01	1.33e-01	7.24e-09
 2.76887e+16	8.72e-01	1.28e-01	7.49e-09
 2.77310e+16	8.78e-01	1.22e-01	7.75e-09
 2.77723e+16	8.83e-01	1.17e-01	8.02e-09
 2.78133e+16	8.87e-01	1.13e-01	8.29e-09
 2.78541e+16	8.92e-01	1.08e-01	8.61e-09
 2.78945e+16	8.96e-01	1.04e-01	8.92e-09
 2.79339e+16	9.01e-01	9.94e-02	9.25e-09
 2.79726e+16	9.05e-01	9.54e-02	9.59e-09
 2.80110e+16	9.08e-01	9.16e-02	9.94e-09
 2.80494e+16	9.12e-01	8.78e-02	1.03e-08
 2.80873e+16	9.16e-01	8.42e-02	1.08e-08
 2.81246e+16	9.19e-01	8.09e-02	1.11e-08
 2.81612e+16	9.22e-01	7.77e-02	1.16e-08
 2.81973e+16	9.25e-01	7.46e-02	1.21e-08
 2.82334e+16	9.28e-01	7.16e-02	1.27e-08
 2.82696e+16	9.31e-01	6.87e-02	1.32e-08
 2.83050e+16	9.34e-01	6.60e-02	1.38e-08
 2.83396e+16	9.37e-01	6.34e-02	1.45e-08
 2.83740e+16	9.39e-01	6.09e-02	1.52e-08
 2.84085e+16	9.42e-01	5.85e-02	1.60e-08
 2.84426e+16	9.44e-01	5.62e-02	1.69e-08
 2.84762e+16	9.46e-01	5.40e-02	1.78e-08
 2.85093e+16	9.48e-01	5.19e-02	1.88e-08
 2.85423e+16	9.50e-01	4.98e-02	2.00e-08
 2.85749e+16	9.52e-01	4.79e-02	2.13e-08
 2.86072e+16	9.54e-01	4.60e-02	2.27e-08
 2.86395e+16	9.56e-01	4.42e-02	2.44e-08
 2.86715e+16	9.58e-01	4.24e-02	2.63e-08
 2.87029e+16	9.59e-01	4.07e-02	2.85e-08
 2.87341e+16	9.61e-01	3.91e-02	3.10e-08
 2.87650e+16	9.62e-01	3.76e-02	3.40e-08
 2.87956e+16	9.64e-01	3.61e-02	3.75e-08
 2.88258e+16	9.65e-01	3.47e-02	4.17e-08
 2.88557e+16	9.67e-01	3.33e-02	4.67e-08
 2.88844e+16	9.68e-01	3.21e-02	5.27e-08
 2.89103e+16	9.69e-01	3.09e-02	5.93e-08
 2.89333e+16	9.70e-01	3.00e-02	6.66e-08
 2.89542e+16	9.71e-01	2.92e-02	7.43e-08
 2.89737e+16	9.72e-01	2.84e-02	8.39e-08
 2.89918e+16	9.72e-01	2.78e-02	9.37e-08
 2.90082e+16	9.73e-01	2.72e-02	1.05e-07
 2.90235e+16	9.73e-01	2.66e-02	1.18e-07
 2.90375e+16	9.74e-01	2.61e-02	1.32e-07
 2.90505e+16	9.74e-01	2.56e-02	1.48e-07
 2.90627e+16	9.75e-01	2.52e-02	1.65e-07
 2.90742e+16	9.75e-01	2.47e-02	1.85e-07
 2.90850e+16	9.76e-01	2.43e-02	2.08e-07
 2.90950e+16	9.76e-01	2.40e-02	2.33e-07
 2.91042e+16	9.76e-01	2.36e-02	2.60e-07
 2.91129e+16	9.77e-01	2.33e-02	2.91e-07
 2.91212e+16	9.77e-01	2.30e-02	3.25e-07
 2.91291e+16	9.77e-01	2.27e-02	3.64e-07
 2.91365e+16	9.78e-01	2.24e-02	4.07e-07
 2.91435e+16	9.78e-01	2.22e-02	4.54e-07
 2.91502e+16	9.78e-01	2.19e-02	5.09e-07
 2.91565e+16	9.78e-01	2.17e-02	5.67e-07
 2.91625e+16	9.79e-01	2.14e-02	6.36e-07
 2.91682e+16	9.79e-01	2.12e-02	7.10e-07
 2.91736e+16	9.79e-01	2.09e-02	7.91e-07
 2.91788e+16	9.79e-01	2.07e-02	8.82e-07
 2.91839e+16	9.79e-01	2.05e-02	9.84e-07
 2.91888e+16	9.80e-01	2.03e-02	1.10e-06
 2.91935e+16	9.80e-01	2.01e-02	1.22e-06
 2.91982e+16	9.80e-01	1.99e-02	1.36e-06
 2.92028e+16	9.80e-01	1.97e-02	1.51e-06
 2.92074e+16	9.80e-01	1.95e-02	1.68e-06
 2.92118e+16	9.81e-01	1.93e-02	1.87e-06
 2.92162e+16	9.81e-01	1.91e-02	2.08e-06
 2.92206e+16	9.81e-01	1.89e-02	2.30e-06
 2.92251e+16	9.81e-01	1.87e-02	2.54e-06
 2.92297e+16	9.82e-01	1.85e-02	2.81e-06
 2.92347e+16	9.82e-01	1.82e-02	3.09e-06
 2.92400e+16	9.82e-01	1.80e-02	3.40e-06
 2.92458e+16	9.82e-01	1.77e-02	3.72e-06
 2.92519e+16	9.83e-01	1.74e-02	4.01e-06
 2.92577e+16	9.83e-01	1.70e-02	4.25e-06
 2.92630e+16	9.83e-01	1.68e-02	4.42e-06
 2.92678e+16	9.83e-01	1.65e-02	4.55e-06
 2.92722e+16	9.84e-01	1.63e-02	4.65e-06
 2.92762e+16	9.84e-01	1.60e-02	4.72e-06
 2.92798e+16	9.84e-01	1.59e-02	4.79e-06
 2.92831e+16	9.84e-01	1.57e-02	4.84e-06
 2.92862e+16	9.84e-01	1.55e-02	4.87e-06
 2.92895e+16	9.85e-01	1.54e-02	4.92e-06
 2.92930e+16	9.85e-01	1.52e-02	4.96e-06
 2.92963e+16	9.85e-01	1.50e-02	5.00e-06
 2.92992e+16	9.85e-01	1.49e-02	5.04e-06
 2.93024e+16	9.85e-01	1.47e-02	5.08e-06
 2.93059e+16	9.85e-01	1.45e-02	5.12e-06
 2.93091e+16	9.86e-01	1.44e-02	5.17e-06
 2.93120e+16	9.86e-01	1.42e-02	5.21e-06
 2.93151e+16	9.86e-01	1.41e-02	5.25e-06
 2.93186e+16	9.86e-01	1.39e-02	5.29e-06
 2.93223e+16	9.86e-01	1.38e-02	5.33e-06
 2.93272e+16	9.86e-01	1.36e-02	5.39e-06
 2.93324e+16	9.87e-01	1.34e-02	5.45e-06
 2.93372e+16	9.87e-01	1.32e-02	5.51e-06
 2.93415e+16	9.87e-01	1.31e-02	5.57e-06
 2.93455e+16	9.87e-01	1.29e-02	5.62e-06
 2.93498e+16	9.87e-01	1.27e-02	5.69e-06
 2.93545e+16	9.87e-01	1.26e-02	5.76e-06
 2.93588e+16	9.88e-01	1.24e-02	5.82e-06
 2.93627e+16	9.88e-01	1.23e-02	5.89e-06
 2.93669e+16	9.88e-01	1.21e-02	5.96e-06
 2.93715e+16	9.88e-01	1.20e-02	6.04e-06
 2.93757e+16	9.88e-01	1.18e-02	6.12e-06
 2.93795e+16	9.88e-01	1.17e-02	6.20e-06
 2.93829e+16	9.88e-01	1.15e-02	6.28e-06
 2.93861e+16	9.89e-01	1.14e-02	6.36e-06
 2.93895e+16	9.89e-01	1.13e-02	6.44e-06
 2.93933e+16	9.89e-01	1.12e-02	6.53e-06
 2.93966e+16	9.89e-01	1.10e-02	6.61e-06
 2.94004e+16	9.89e-01	1.09e-02	6.71e-06
 2.94044e+16	9.89e-01	1.08e-02	6.82e-06
 2.94080e+16	9.89e-01	1.06e-02	6.91e-06
 2.94113e+16	9.89e-01	1.05e-02	7.00e-06
 2.94150e+16	9.90e-01	1.04e-02	7.10e-06
 2.94189e+16	9.90e-01	1.03e-02	7.21e-06
 2.94225e+16	9.90e-01	1.01e-02	7.31e-06
 2.94257e+16	9.90e-01	1.00e-02	7.41e-06
 2.94293e+16	9.90e-01	9.90e-03	7.51e-06
