#depth	He	He+	He+2
 9.51518e+11	1.44e-04	1.58e-01	8.42e-01
 5.70911e+12	1.44e-04	1.58e-01	8.42e-01
 2.47395e+13	1.45e-04	1.59e-01	8.41e-01
 1.00861e+14	1.51e-04	1.63e-01	8.37e-01
 2.40924e+14	1.58e-04	1.68e-01	8.31e-01
 4.23007e+14	1.71e-04	1.77e-01	8.23e-01
 6.51241e+14	1.89e-04	1.90e-01	8.10e-01
 9.05804e+14	2.11e-04	2.06e-01	7.93e-01
 1.16556e+15	2.37e-04	2.25e-01	7.74e-01
 1.43701e+15	2.70e-04	2.49e-01	7.51e-01
 1.73950e+15	3.14e-04	2.79e-01	7.20e-01
 2.04618e+15	3.64e-04	3.13e-01	6.86e-01
 2.32471e+15	4.16e-04	3.49e-01	6.51e-01
 2.58932e+15	4.75e-04	3.88e-01	6.12e-01
 2.89108e+15	5.54e-04	4.37e-01	5.62e-01
 3.20146e+15	6.37e-04	4.90e-01	5.09e-01
 3.46641e+15	7.19e-04	5.39e-01	4.60e-01
 3.75419e+15	8.20e-04	5.97e-01	4.02e-01
 4.06868e+15	9.37e-04	6.59e-01	3.40e-01
 4.36358e+15	1.05e-03	7.16e-01	2.83e-01
 4.69264e+15	1.18e-03	7.75e-01	2.23e-01
 5.12041e+15	1.36e-03	8.40e-01	1.58e-01
 5.57134e+15	1.53e-03	8.93e-01	1.06e-01
 5.98748e+15	1.68e-03	9.27e-01	7.11e-02
 6.46357e+15	1.86e-03	9.54e-01	4.42e-02
 7.06930e+15	2.07e-03	9.74e-01	2.41e-02
 7.57330e+15	2.24e-03	9.83e-01	1.49e-02
 7.85872e+15	2.34e-03	9.86e-01	1.14e-02
 8.13025e+15	2.45e-03	9.89e-01	8.71e-03
 8.48323e+15	2.59e-03	9.91e-01	6.21e-03
 8.94211e+15	2.78e-03	9.93e-01	4.06e-03
 9.40140e+15	2.97e-03	9.94e-01	2.72e-03
 9.76244e+15	3.13e-03	9.95e-01	2.01e-03
 1.01330e+16	3.31e-03	9.95e-01	1.47e-03
 1.06148e+16	3.55e-03	9.95e-01	9.87e-04
 1.10950e+16	3.80e-03	9.96e-01	6.88e-04
 1.14680e+16	4.01e-03	9.95e-01	5.25e-04
 1.18479e+16	4.23e-03	9.95e-01	3.96e-04
 1.23418e+16	4.54e-03	9.95e-01	2.78e-04
 1.28394e+16	4.87e-03	9.95e-01	2.02e-04
 1.32267e+16	5.14e-03	9.95e-01	1.59e-04
 1.36152e+16	5.43e-03	9.94e-01	1.24e-04
 1.40532e+16	5.78e-03	9.94e-01	9.52e-05
 1.44608e+16	6.13e-03	9.94e-01	7.56e-05
 1.48253e+16	6.46e-03	9.93e-01	6.19e-05
 1.52283e+16	6.84e-03	9.93e-01	4.95e-05
 1.56674e+16	7.31e-03	9.93e-01	3.95e-05
 1.60524e+16	7.74e-03	9.92e-01	3.27e-05
 1.63893e+16	8.15e-03	9.92e-01	2.79e-05
 1.67647e+16	8.63e-03	9.91e-01	2.32e-05
 1.71792e+16	9.19e-03	9.91e-01	1.93e-05
 1.75534e+16	9.78e-03	9.90e-01	1.65e-05
 1.78832e+16	1.03e-02	9.90e-01	1.44e-05
 1.82466e+16	1.10e-02	9.89e-01	1.24e-05
 1.86530e+16	1.17e-02	9.88e-01	1.05e-05
 1.90236e+16	1.26e-02	9.87e-01	9.21e-06
 1.93497e+16	1.34e-02	9.87e-01	8.19e-06
 1.97094e+16	1.43e-02	9.86e-01	7.19e-06
 2.01082e+16	1.55e-02	9.85e-01	6.30e-06
 2.04608e+16	1.67e-02	9.83e-01	5.64e-06
 2.07542e+16	1.78e-02	9.82e-01	5.16e-06
 2.10674e+16	1.92e-02	9.81e-01	4.69e-06
 2.14196e+16	2.09e-02	9.79e-01	4.24e-06
 2.17389e+16	2.27e-02	9.77e-01	3.89e-06
 2.20079e+16	2.45e-02	9.76e-01	3.63e-06
 2.22953e+16	2.66e-02	9.73e-01	3.37e-06
 2.26196e+16	2.94e-02	9.71e-01	3.12e-06
 2.29097e+16	3.24e-02	9.68e-01	2.93e-06
 2.31393e+16	3.52e-02	9.65e-01	2.79e-06
 2.33343e+16	3.80e-02	9.62e-01	2.68e-06
 2.35494e+16	4.14e-02	9.59e-01	2.56e-06
 2.37803e+16	4.57e-02	9.54e-01	2.45e-06
 2.39720e+16	5.01e-02	9.50e-01	2.38e-06
 2.41232e+16	5.40e-02	9.46e-01	2.31e-06
 2.42813e+16	5.85e-02	9.41e-01	2.25e-06
 2.44568e+16	6.43e-02	9.36e-01	2.19e-06
 2.46120e+16	7.03e-02	9.30e-01	2.14e-06
 2.47402e+16	7.60e-02	9.24e-01	2.11e-06
 2.48763e+16	8.26e-02	9.17e-01	2.07e-06
 2.50264e+16	9.09e-02	9.09e-01	2.03e-06
 2.51589e+16	9.93e-02	9.01e-01	2.00e-06
 2.52711e+16	1.07e-01	8.93e-01	1.98e-06
 2.53871e+16	1.17e-01	8.83e-01	1.95e-06
 2.55207e+16	1.28e-01	8.72e-01	1.93e-06
 2.56504e+16	1.41e-01	8.59e-01	1.91e-06
 2.57560e+16	1.52e-01	8.48e-01	1.90e-06
 2.58444e+16	1.63e-01	8.37e-01	1.88e-06
 2.59309e+16	1.74e-01	8.26e-01	1.87e-06
 2.60211e+16	1.87e-01	8.13e-01	1.86e-06
 2.60936e+16	1.97e-01	8.03e-01	1.85e-06
 2.61393e+16	2.04e-01	7.96e-01	1.85e-06
 2.61817e+16	2.12e-01	7.88e-01	1.84e-06
 2.62355e+16	2.21e-01	7.79e-01	1.83e-06
 2.62956e+16	2.31e-01	7.69e-01	1.82e-06
 2.63505e+16	2.41e-01	7.59e-01	1.81e-06
 2.63993e+16	2.50e-01	7.50e-01	1.81e-06
 2.64481e+16	2.60e-01	7.40e-01	1.80e-06
 2.64998e+16	2.70e-01	7.30e-01	1.80e-06
 2.65524e+16	2.81e-01	7.19e-01	1.79e-06
 2.66031e+16	2.92e-01	7.08e-01	1.78e-06
 2.66521e+16	3.03e-01	6.97e-01	1.77e-06
 2.67012e+16	3.14e-01	6.86e-01	1.77e-06
 2.67513e+16	3.25e-01	6.75e-01	1.76e-06
 2.68021e+16	3.38e-01	6.62e-01	1.75e-06
 2.68507e+16	3.50e-01	6.50e-01	1.75e-06
 2.68982e+16	3.62e-01	6.38e-01	1.74e-06
 2.69470e+16	3.75e-01	6.25e-01	1.73e-06
 2.69963e+16	3.88e-01	6.12e-01	1.72e-06
 2.70448e+16	4.01e-01	5.99e-01	1.71e-06
 2.70922e+16	4.14e-01	5.86e-01	1.70e-06
 2.71396e+16	4.27e-01	5.73e-01	1.69e-06
 2.71879e+16	4.41e-01	5.59e-01	1.68e-06
 2.72354e+16	4.55e-01	5.45e-01	1.67e-06
 2.72818e+16	4.69e-01	5.31e-01	1.66e-06
 2.73283e+16	4.83e-01	5.17e-01	1.64e-06
 2.73753e+16	4.97e-01	5.03e-01	1.63e-06
 2.74223e+16	5.11e-01	4.89e-01	1.62e-06
 2.74684e+16	5.26e-01	4.74e-01	1.60e-06
 2.75137e+16	5.39e-01	4.61e-01	1.59e-06
 2.75581e+16	5.53e-01	4.47e-01	1.57e-06
 2.76019e+16	5.67e-01	4.33e-01	1.56e-06
 2.76455e+16	5.81e-01	4.19e-01	1.54e-06
 2.76887e+16	5.94e-01	4.06e-01	1.52e-06
 2.77310e+16	6.07e-01	3.93e-01	1.51e-06
 2.77723e+16	6.20e-01	3.80e-01	1.49e-06
 2.78133e+16	6.33e-01	3.67e-01	1.47e-06
 2.78541e+16	6.45e-01	3.55e-01	1.45e-06
 2.78945e+16	6.57e-01	3.43e-01	1.43e-06
 2.79339e+16	6.69e-01	3.31e-01	1.41e-06
 2.79726e+16	6.81e-01	3.19e-01	1.40e-06
 2.80110e+16	6.92e-01	3.08e-01	1.38e-06
 2.80494e+16	7.03e-01	2.97e-01	1.36e-06
 2.80873e+16	7.14e-01	2.86e-01	1.34e-06
 2.81246e+16	7.24e-01	2.76e-01	1.32e-06
 2.81612e+16	7.34e-01	2.66e-01	1.30e-06
 2.81973e+16	7.44e-01	2.56e-01	1.28e-06
 2.82334e+16	7.53e-01	2.47e-01	1.26e-06
 2.82696e+16	7.63e-01	2.37e-01	1.24e-06
 2.83050e+16	7.72e-01	2.28e-01	1.22e-06
 2.83396e+16	7.80e-01	2.20e-01	1.20e-06
 2.83740e+16	7.89e-01	2.11e-01	1.18e-06
 2.84085e+16	7.97e-01	2.03e-01	1.16e-06
 2.84426e+16	8.05e-01	1.95e-01	1.14e-06
 2.84762e+16	8.12e-01	1.88e-01	1.12e-06
 2.85093e+16	8.19e-01	1.81e-01	1.10e-06
 2.85423e+16	8.26e-01	1.74e-01	1.08e-06
 2.85749e+16	8.33e-01	1.67e-01	1.06e-06
 2.86072e+16	8.40e-01	1.60e-01	1.04e-06
 2.86395e+16	8.46e-01	1.54e-01	1.02e-06
 2.86715e+16	8.52e-01	1.48e-01	9.97e-07
 2.87029e+16	8.58e-01	1.42e-01	9.77e-07
 2.87341e+16	8.63e-01	1.37e-01	9.57e-07
 2.87650e+16	8.69e-01	1.31e-01	9.36e-07
 2.87956e+16	8.74e-01	1.26e-01	9.16e-07
 2.88258e+16	8.79e-01	1.21e-01	8.96e-07
 2.88557e+16	8.84e-01	1.16e-01	8.75e-07
 2.88844e+16	8.88e-01	1.12e-01	8.56e-07
 2.89103e+16	8.92e-01	1.08e-01	8.37e-07
 2.89333e+16	8.96e-01	1.04e-01	8.19e-07
 2.89542e+16	8.99e-01	1.01e-01	8.04e-07
 2.89737e+16	9.02e-01	9.83e-02	7.87e-07
 2.89918e+16	9.04e-01	9.58e-02	7.73e-07
 2.90082e+16	9.07e-01	9.35e-02	7.59e-07
 2.90235e+16	9.09e-01	9.14e-02	7.46e-07
 2.90375e+16	9.11e-01	8.94e-02	7.34e-07
 2.90505e+16	9.12e-01	8.77e-02	7.23e-07
 2.90627e+16	9.14e-01	8.60e-02	7.12e-07
 2.90742e+16	9.15e-01	8.45e-02	7.02e-07
 2.90850e+16	9.17e-01	8.31e-02	6.92e-07
 2.90950e+16	9.18e-01	8.18e-02	6.82e-07
 2.91042e+16	9.19e-01	8.06e-02	6.74e-07
 2.91129e+16	9.21e-01	7.94e-02	6.65e-07
 2.91212e+16	9.22e-01	7.84e-02	6.57e-07
 2.91291e+16	9.23e-01	7.74e-02	6.50e-07
 2.91365e+16	9.24e-01	7.64e-02	6.42e-07
 2.91435e+16	9.24e-01	7.56e-02	6.36e-07
 2.91502e+16	9.25e-01	7.47e-02	6.28e-07
 2.91565e+16	9.26e-01	7.40e-02	6.23e-07
 2.91625e+16	9.27e-01	7.32e-02	6.16e-07
 2.91682e+16	9.28e-01	7.25e-02	6.09e-07
 2.91736e+16	9.28e-01	7.18e-02	6.04e-07
 2.91788e+16	9.29e-01	7.11e-02	5.98e-07
 2.91839e+16	9.30e-01	7.05e-02	5.92e-07
 2.91888e+16	9.30e-01	6.99e-02	5.86e-07
 2.91935e+16	9.31e-01	6.93e-02	5.81e-07
 2.91982e+16	9.31e-01	6.87e-02	5.75e-07
 2.92028e+16	9.32e-01	6.81e-02	5.69e-07
 2.92074e+16	9.32e-01	6.75e-02	5.64e-07
 2.92118e+16	9.33e-01	6.70e-02	5.58e-07
 2.92162e+16	9.34e-01	6.64e-02	5.52e-07
 2.92206e+16	9.34e-01	6.59e-02	5.46e-07
 2.92251e+16	9.35e-01	6.53e-02	5.40e-07
 2.92297e+16	9.35e-01	6.47e-02	5.34e-07
 2.92347e+16	9.36e-01	6.41e-02	5.28e-07
 2.92400e+16	9.37e-01	6.33e-02	5.19e-07
 2.92458e+16	9.37e-01	6.25e-02	5.10e-07
 2.92519e+16	9.38e-01	6.18e-02	5.02e-07
 2.92577e+16	9.39e-01	6.10e-02	4.93e-07
 2.92630e+16	9.40e-01	6.03e-02	4.85e-07
 2.92678e+16	9.40e-01	5.96e-02	4.78e-07
 2.92722e+16	9.41e-01	5.90e-02	4.71e-07
 2.92762e+16	9.42e-01	5.85e-02	4.64e-07
 2.92798e+16	9.42e-01	5.79e-02	4.58e-07
 2.92831e+16	9.43e-01	5.74e-02	4.52e-07
 2.92862e+16	9.43e-01	5.71e-02	4.48e-07
 2.92895e+16	9.43e-01	5.66e-02	4.43e-07
 2.92930e+16	9.44e-01	5.61e-02	4.37e-07
 2.92963e+16	9.44e-01	5.56e-02	4.32e-07
 2.92992e+16	9.45e-01	5.52e-02	4.28e-07
 2.93024e+16	9.45e-01	5.48e-02	4.23e-07
 2.93059e+16	9.46e-01	5.43e-02	4.17e-07
 2.93091e+16	9.46e-01	5.38e-02	4.12e-07
 2.93120e+16	9.47e-01	5.34e-02	4.08e-07
 2.93151e+16	9.47e-01	5.30e-02	4.03e-07
 2.93186e+16	9.47e-01	5.25e-02	3.99e-07
 2.93223e+16	9.48e-01	5.21e-02	3.94e-07
 2.93272e+16	9.49e-01	5.15e-02	3.88e-07
 2.93324e+16	9.49e-01	5.09e-02	3.82e-07
 2.93372e+16	9.50e-01	5.03e-02	3.77e-07
 2.93415e+16	9.50e-01	4.98e-02	3.72e-07
 2.93455e+16	9.51e-01	4.93e-02	3.68e-07
 2.93498e+16	9.51e-01	4.88e-02	3.63e-07
 2.93545e+16	9.52e-01	4.82e-02	3.58e-07
 2.93588e+16	9.52e-01	4.78e-02	3.53e-07
 2.93627e+16	9.53e-01	4.73e-02	3.49e-07
 2.93669e+16	9.53e-01	4.68e-02	3.44e-07
 2.93715e+16	9.54e-01	4.63e-02	3.39e-07
 2.93757e+16	9.54e-01	4.58e-02	3.35e-07
 2.93795e+16	9.55e-01	4.53e-02	3.30e-07
 2.93829e+16	9.55e-01	4.49e-02	3.26e-07
 2.93861e+16	9.55e-01	4.45e-02	3.22e-07
 2.93895e+16	9.56e-01	4.41e-02	3.19e-07
 2.93933e+16	9.56e-01	4.37e-02	3.15e-07
 2.93966e+16	9.57e-01	4.33e-02	3.10e-07
 2.94004e+16	9.57e-01	4.29e-02	3.07e-07
 2.94044e+16	9.58e-01	4.24e-02	3.02e-07
 2.94080e+16	9.58e-01	4.20e-02	2.99e-07
 2.94113e+16	9.58e-01	4.16e-02	2.95e-07
 2.94150e+16	9.59e-01	4.12e-02	2.91e-07
 2.94189e+16	9.59e-01	4.08e-02	2.88e-07
 2.94225e+16	9.60e-01	4.04e-02	2.84e-07
 2.94257e+16	9.60e-01	4.01e-02	2.81e-07
 2.94293e+16	9.60e-01	3.97e-02	2.78e-07
