#depth	O	O+	O+2	O+3	O+4	O+5	O+6	O+7	O+8	O[1]	O[2]	O[3]
 3.15447e+11	9.21e-06	1.40e-02	9.63e-01	2.30e-02	6.80e-07	0.00e+00	0.00e+00	0.00e+00	0.00e+00	6.55e-06	1.79e-06	8.71e-07
 1.89268e+12	9.20e-06	1.40e-02	9.63e-01	2.29e-02	6.77e-07	0.00e+00	0.00e+00	0.00e+00	0.00e+00	6.54e-06	1.78e-06	8.70e-07
 8.20163e+12	9.19e-06	1.40e-02	9.63e-01	2.27e-02	6.65e-07	0.00e+00	0.00e+00	0.00e+00	0.00e+00	6.54e-06	1.79e-06	8.71e-07
 3.34374e+13	9.23e-06	1.40e-02	9.64e-01	2.17e-02	6.21e-07	0.00e+00	0.00e+00	0.00e+00	0.00e+00	6.56e-06	1.79e-06	8.76e-07
 7.98712e+13	9.19e-06	1.40e-02	9.66e-01	2.03e-02	5.59e-07	0.00e+00	0.00e+00	0.00e+00	0.00e+00	6.53e-06	1.79e-06	8.76e-07
 1.40235e+14	9.19e-06	1.41e-02	9.67e-01	1.86e-02	4.87e-07	0.00e+00	0.00e+00	0.00e+00	0.00e+00	6.52e-06	1.79e-06	8.76e-07
 2.18708e+14	9.20e-06	1.41e-02	9.69e-01	1.65e-02	4.07e-07	0.00e+00	0.00e+00	0.00e+00	0.00e+00	6.52e-06	1.79e-06	8.77e-07
 3.20724e+14	9.23e-06	1.42e-02	9.72e-01	1.42e-02	3.21e-07	0.00e+00	0.00e+00	0.00e+00	0.00e+00	6.55e-06	1.80e-06	8.80e-07
 4.53343e+14	9.28e-06	1.43e-02	9.74e-01	1.16e-02	2.35e-07	0.00e+00	0.00e+00	0.00e+00	0.00e+00	6.58e-06	1.81e-06	8.84e-07
 6.25749e+14	9.35e-06	1.44e-02	9.77e-01	8.86e-03	1.56e-07	0.00e+00	0.00e+00	0.00e+00	0.00e+00	6.64e-06	1.82e-06	8.91e-07
 8.49876e+14	9.47e-06	1.46e-02	9.79e-01	6.24e-03	0.00e+00	0.00e+00	0.00e+00	0.00e+00	0.00e+00	6.72e-06	1.84e-06	9.02e-07
 1.14124e+15	9.64e-06	1.48e-02	9.81e-01	3.96e-03	0.00e+00	0.00e+00	0.00e+00	0.00e+00	0.00e+00	6.85e-06	1.88e-06	9.18e-07
 1.52002e+15	9.89e-06	1.50e-02	9.83e-01	2.19e-03	0.00e+00	0.00e+00	0.00e+00	0.00e+00	0.00e+00	7.02e-06	1.92e-06	9.40e-07
 2.01242e+15	1.02e-05	1.53e-02	9.84e-01	1.03e-03	0.00e+00	0.00e+00	0.00e+00	0.00e+00	0.00e+00	7.27e-06	1.99e-06	9.72e-07
 2.65255e+15	1.07e-05	1.58e-02	9.84e-01	4.02e-04	0.00e+00	0.00e+00	0.00e+00	0.00e+00	0.00e+00	7.63e-06	2.08e-06	1.02e-06
 3.48472e+15	1.14e-05	1.63e-02	9.84e-01	1.26e-04	0.00e+00	0.00e+00	0.00e+00	0.00e+00	0.00e+00	8.14e-06	2.22e-06	1.09e-06
 4.56654e+15	1.25e-05	1.71e-02	9.83e-01	3.21e-05	0.00e+00	0.00e+00	0.00e+00	0.00e+00	0.00e+00	8.93e-06	2.43e-06	1.19e-06
 5.97291e+15	1.42e-05	1.82e-02	9.82e-01	7.21e-06	0.00e+00	0.00e+00	0.00e+00	0.00e+00	0.00e+00	1.01e-05	2.75e-06	1.34e-06
 7.52758e+15	1.61e-05	1.94e-02	9.81e-01	2.20e-06	0.00e+00	0.00e+00	0.00e+00	0.00e+00	0.00e+00	1.15e-05	3.12e-06	1.53e-06
 9.03014e+15	1.84e-05	2.06e-02	9.79e-01	1.13e-06	0.00e+00	0.00e+00	0.00e+00	0.00e+00	0.00e+00	1.31e-05	3.56e-06	1.74e-06
 1.02616e+16	2.04e-05	2.17e-02	9.78e-01	8.18e-07	0.00e+00	0.00e+00	0.00e+00	0.00e+00	0.00e+00	1.45e-05	3.96e-06	1.94e-06
 1.12877e+16	2.25e-05	2.26e-02	9.77e-01	6.85e-07	0.00e+00	0.00e+00	0.00e+00	0.00e+00	0.00e+00	1.60e-05	4.38e-06	2.15e-06
 1.24165e+16	2.52e-05	2.38e-02	9.76e-01	5.95e-07	0.00e+00	0.00e+00	0.00e+00	0.00e+00	0.00e+00	1.79e-05	4.92e-06	2.41e-06
 1.36581e+16	2.87e-05	2.50e-02	9.75e-01	5.31e-07	0.00e+00	0.00e+00	0.00e+00	0.00e+00	0.00e+00	2.03e-05	5.60e-06	2.75e-06
 1.50240e+16	3.32e-05	2.65e-02	9.73e-01	4.83e-07	0.00e+00	0.00e+00	0.00e+00	0.00e+00	0.00e+00	2.35e-05	6.50e-06	3.19e-06
 1.65115e+16	3.90e-05	2.83e-02	9.72e-01	4.49e-07	0.00e+00	0.00e+00	0.00e+00	0.00e+00	0.00e+00	2.76e-05	7.68e-06	3.77e-06
 1.79773e+16	4.62e-05	3.02e-02	9.70e-01	4.26e-07	0.00e+00	0.00e+00	0.00e+00	0.00e+00	0.00e+00	3.26e-05	9.13e-06	4.49e-06
 1.92153e+16	5.36e-05	3.19e-02	9.68e-01	4.11e-07	0.00e+00	0.00e+00	0.00e+00	0.00e+00	0.00e+00	3.77e-05	1.06e-05	5.23e-06
 2.02464e+16	6.11e-05	3.36e-02	9.66e-01	4.03e-07	0.00e+00	0.00e+00	0.00e+00	0.00e+00	0.00e+00	4.30e-05	1.22e-05	5.98e-06
 2.12735e+16	7.00e-05	3.53e-02	9.65e-01	4.01e-07	0.00e+00	0.00e+00	0.00e+00	0.00e+00	0.00e+00	4.91e-05	1.40e-05	6.87e-06
 2.23418e+16	8.09e-05	3.74e-02	9.63e-01	4.01e-07	0.00e+00	0.00e+00	0.00e+00	0.00e+00	0.00e+00	5.66e-05	1.63e-05	7.98e-06
 2.33453e+16	9.33e-05	3.95e-02	9.60e-01	4.02e-07	0.00e+00	0.00e+00	0.00e+00	0.00e+00	0.00e+00	6.52e-05	1.88e-05	9.25e-06
 2.42577e+16	1.07e-04	4.17e-02	9.58e-01	4.04e-07	0.00e+00	0.00e+00	0.00e+00	0.00e+00	0.00e+00	7.45e-05	2.17e-05	1.06e-05
 2.51211e+16	1.22e-04	4.39e-02	9.56e-01	4.08e-07	0.00e+00	0.00e+00	0.00e+00	0.00e+00	0.00e+00	8.50e-05	2.48e-05	1.21e-05
 2.59655e+16	1.40e-04	4.64e-02	9.53e-01	4.13e-07	0.00e+00	0.00e+00	0.00e+00	0.00e+00	0.00e+00	9.71e-05	2.85e-05	1.39e-05
 2.67863e+16	1.60e-04	4.91e-02	9.51e-01	4.18e-07	0.00e+00	0.00e+00	0.00e+00	0.00e+00	0.00e+00	1.11e-04	3.28e-05	1.59e-05
 2.75772e+16	1.83e-04	5.21e-02	9.48e-01	4.23e-07	0.00e+00	0.00e+00	0.00e+00	0.00e+00	0.00e+00	1.27e-04	3.78e-05	1.83e-05
 2.83437e+16	2.11e-04	5.53e-02	9.44e-01	4.26e-07	0.00e+00	0.00e+00	0.00e+00	0.00e+00	0.00e+00	1.46e-04	4.36e-05	2.10e-05
 2.90708e+16	2.42e-04	5.88e-02	9.41e-01	4.28e-07	0.00e+00	0.00e+00	0.00e+00	0.00e+00	0.00e+00	1.68e-04	5.03e-05	2.41e-05
 2.97335e+16	2.76e-04	6.24e-02	9.37e-01	4.27e-07	0.00e+00	0.00e+00	0.00e+00	0.00e+00	0.00e+00	1.91e-04	5.76e-05	2.75e-05
 3.03298e+16	3.13e-04	6.60e-02	9.34e-01	4.25e-07	0.00e+00	0.00e+00	0.00e+00	0.00e+00	0.00e+00	2.16e-04	6.54e-05	3.11e-05
 3.08665e+16	3.51e-04	6.96e-02	9.30e-01	4.21e-07	0.00e+00	0.00e+00	0.00e+00	0.00e+00	0.00e+00	2.42e-04	7.36e-05	3.49e-05
 3.13496e+16	3.92e-04	7.33e-02	9.26e-01	4.16e-07	0.00e+00	0.00e+00	0.00e+00	0.00e+00	0.00e+00	2.70e-04	8.24e-05	3.89e-05
 3.17843e+16	4.34e-04	7.69e-02	9.23e-01	4.10e-07	0.00e+00	0.00e+00	0.00e+00	0.00e+00	0.00e+00	2.99e-04	9.15e-05	4.31e-05
 3.21756e+16	4.77e-04	8.04e-02	9.19e-01	4.04e-07	0.00e+00	0.00e+00	0.00e+00	0.00e+00	0.00e+00	3.29e-04	1.01e-04	4.74e-05
 3.25394e+16	5.23e-04	8.40e-02	9.15e-01	3.96e-07	0.00e+00	0.00e+00	0.00e+00	0.00e+00	0.00e+00	3.60e-04	1.10e-04	5.18e-05
 3.28964e+16	5.73e-04	8.78e-02	9.12e-01	3.87e-07	0.00e+00	0.00e+00	0.00e+00	0.00e+00	0.00e+00	3.95e-04	1.21e-04	5.67e-05
 3.32534e+16	6.30e-04	9.18e-02	9.08e-01	3.77e-07	0.00e+00	0.00e+00	0.00e+00	0.00e+00	0.00e+00	4.34e-04	1.33e-04	6.23e-05
 3.36103e+16	6.95e-04	9.63e-02	9.03e-01	3.66e-07	0.00e+00	0.00e+00	0.00e+00	0.00e+00	0.00e+00	4.79e-04	1.46e-04	6.87e-05
 3.39673e+16	7.70e-04	1.01e-01	8.98e-01	3.54e-07	0.00e+00	0.00e+00	0.00e+00	0.00e+00	0.00e+00	5.31e-04	1.62e-04	7.61e-05
 3.43243e+16	8.56e-04	1.07e-01	8.93e-01	3.40e-07	0.00e+00	0.00e+00	0.00e+00	0.00e+00	0.00e+00	5.91e-04	1.80e-04	8.46e-05
 3.46813e+16	9.57e-04	1.12e-01	8.87e-01	3.26e-07	0.00e+00	0.00e+00	0.00e+00	0.00e+00	0.00e+00	6.60e-04	2.02e-04	9.44e-05
 3.50382e+16	1.07e-03	1.19e-01	8.80e-01	3.09e-07	0.00e+00	0.00e+00	0.00e+00	0.00e+00	0.00e+00	7.42e-04	2.26e-04	1.06e-04
 3.53952e+16	1.22e-03	1.26e-01	8.73e-01	2.92e-07	0.00e+00	0.00e+00	0.00e+00	0.00e+00	0.00e+00	8.39e-04	2.56e-04	1.20e-04
 3.56354e+16	1.34e-03	1.32e-01	8.67e-01	2.79e-07	0.00e+00	0.00e+00	0.00e+00	0.00e+00	0.00e+00	9.23e-04	2.82e-04	1.32e-04
