#depth	He	He+	He+2
 3.28074e+12	4.65e-05	9.73e-02	9.03e-01
 1.96844e+13	4.65e-05	9.73e-02	9.03e-01
 8.52991e+13	4.66e-05	9.75e-02	9.02e-01
 3.47758e+14	4.73e-05	9.86e-02	9.01e-01
 8.30682e+14	4.74e-05	9.87e-02	9.01e-01
 1.45848e+15	4.84e-05	9.99e-02	9.00e-01
 2.27463e+15	5.03e-05	1.03e-01	8.97e-01
 3.33561e+15	5.36e-05	1.07e-01	8.92e-01
 4.71489e+15	5.90e-05	1.16e-01	8.84e-01
 6.50795e+15	6.82e-05	1.30e-01	8.70e-01
 8.80245e+15	8.49e-05	1.54e-01	8.45e-01
 1.09697e+16	1.07e-04	1.88e-01	8.12e-01
 1.25026e+16	1.30e-04	2.23e-01	7.77e-01
 1.37161e+16	1.56e-04	2.59e-01	7.41e-01
 1.48408e+16	1.87e-04	3.02e-01	6.98e-01
 1.59500e+16	2.25e-04	3.55e-01	6.44e-01
 1.70302e+16	2.73e-04	4.19e-01	5.80e-01
 1.80568e+16	3.27e-04	4.92e-01	5.08e-01
 1.89272e+16	3.82e-04	5.62e-01	4.38e-01
 1.96334e+16	4.31e-04	6.22e-01	3.77e-01
 2.04007e+16	4.88e-04	6.88e-01	3.11e-01
 2.13980e+16	5.57e-04	7.67e-01	2.33e-01
 2.26946e+16	6.41e-04	8.51e-01	1.49e-01
 2.43802e+16	7.26e-04	9.22e-01	7.72e-02
 2.65714e+16	8.04e-04	9.67e-01	3.19e-02
 2.92004e+16	8.71e-04	9.88e-01	1.14e-02
 3.21205e+16	9.35e-04	9.95e-01	3.95e-03
 3.53325e+16	1.01e-03	9.98e-01	1.32e-03
 3.88658e+16	1.09e-03	9.98e-01	4.25e-04
 4.27524e+16	1.19e-03	9.99e-01	1.33e-04
 4.70276e+16	1.32e-03	9.99e-01	4.11e-05
 5.11759e+16	1.47e-03	9.99e-01	1.48e-05
 5.37403e+16	1.57e-03	9.98e-01	8.71e-06
 5.47613e+16	1.61e-03	9.98e-01	7.13e-06
 5.56019e+16	1.65e-03	9.98e-01	5.95e-06
 5.66947e+16	1.71e-03	9.98e-01	4.73e-06
 5.81153e+16	1.78e-03	9.98e-01	3.57e-06
 5.97061e+16	1.87e-03	9.98e-01	2.66e-06
 6.11522e+16	1.96e-03	9.98e-01	2.07e-06
 6.24053e+16	2.05e-03	9.98e-01	1.68e-06
 6.37736e+16	2.15e-03	9.98e-01	1.33e-06
 6.52395e+16	2.27e-03	9.98e-01	1.05e-06
 6.64989e+16	2.38e-03	9.98e-01	8.75e-07
 6.75932e+16	2.49e-03	9.98e-01	7.44e-07
 6.88064e+16	2.62e-03	9.97e-01	6.19e-07
 7.01284e+16	2.77e-03	9.97e-01	5.15e-07
 7.12873e+16	2.93e-03	9.97e-01	4.40e-07
 7.22920e+16	3.07e-03	9.97e-01	3.85e-07
 7.34005e+16	3.25e-03	9.97e-01	3.30e-07
 7.46011e+16	3.46e-03	9.97e-01	2.83e-07
 7.56550e+16	3.67e-03	9.96e-01	2.48e-07
 7.65821e+16	3.88e-03	9.96e-01	2.21e-07
 7.76107e+16	4.14e-03	9.96e-01	1.94e-07
 7.87104e+16	4.44e-03	9.96e-01	1.70e-07
 7.96511e+16	4.74e-03	9.95e-01	1.52e-07
 8.04577e+16	5.03e-03	9.95e-01	1.38e-07
 8.13410e+16	5.40e-03	9.95e-01	1.24e-07
 8.22936e+16	5.83e-03	9.94e-01	1.11e-07
 8.31156e+16	6.27e-03	9.94e-01	1.02e-07
 8.38145e+16	6.70e-03	9.93e-01	9.38e-08
 8.45737e+16	7.23e-03	9.93e-01	8.57e-08
 8.53898e+16	7.87e-03	9.92e-01	7.83e-08
 8.60886e+16	8.52e-03	9.91e-01	7.26e-08
 8.66817e+16	9.16e-03	9.91e-01	6.80e-08
 8.73285e+16	9.95e-03	9.90e-01	6.31e-08
 8.80326e+16	1.10e-02	9.89e-01	5.83e-08
 8.86410e+16	1.20e-02	9.88e-01	5.47e-08
 8.91539e+16	1.30e-02	9.87e-01	5.18e-08
 8.97127e+16	1.43e-02	9.86e-01	4.85e-08
 9.03266e+16	1.60e-02	9.84e-01	4.54e-08
 9.08208e+16	1.77e-02	9.82e-01	4.32e-08
 9.11692e+16	1.90e-02	9.81e-01	4.18e-08
 9.15193e+16	2.05e-02	9.79e-01	4.01e-08
 9.19743e+16	2.29e-02	9.77e-01	3.81e-08
 9.24140e+16	2.55e-02	9.74e-01	3.66e-08
 9.27247e+16	2.77e-02	9.72e-01	3.56e-08
 9.29775e+16	2.98e-02	9.70e-01	3.47e-08
 9.32641e+16	3.25e-02	9.68e-01	3.36e-08
 9.35814e+16	3.58e-02	9.64e-01	3.27e-08
 9.38672e+16	3.93e-02	9.61e-01	3.19e-08
 9.41139e+16	4.26e-02	9.57e-01	3.13e-08
 9.43813e+16	4.70e-02	9.53e-01	3.06e-08
 9.46674e+16	5.23e-02	9.48e-01	3.00e-08
 9.49103e+16	5.77e-02	9.42e-01	2.95e-08
 9.51173e+16	6.27e-02	9.37e-01	2.92e-08
 9.53453e+16	6.94e-02	9.31e-01	2.88e-08
 9.55959e+16	7.72e-02	9.23e-01	2.86e-08
 9.58223e+16	8.58e-02	9.14e-01	2.84e-08
 9.60230e+16	9.44e-02	9.06e-01	2.84e-08
 9.62226e+16	1.04e-01	8.96e-01	2.84e-08
 9.64307e+16	1.16e-01	8.84e-01	2.85e-08
 9.66232e+16	1.28e-01	8.72e-01	2.87e-08
 9.67844e+16	1.39e-01	8.61e-01	2.89e-08
 9.69266e+16	1.50e-01	8.50e-01	2.92e-08
 9.70662e+16	1.62e-01	8.38e-01	2.94e-08
 9.72026e+16	1.75e-01	8.25e-01	2.97e-08
 9.73060e+16	1.85e-01	8.15e-01	3.01e-08
 9.73727e+16	1.92e-01	8.08e-01	3.02e-08
 9.74399e+16	2.00e-01	8.00e-01	3.03e-08
 9.75235e+16	2.10e-01	7.90e-01	3.04e-08
 9.76094e+16	2.20e-01	7.80e-01	3.08e-08
 9.76849e+16	2.29e-01	7.71e-01	3.10e-08
 9.77538e+16	2.39e-01	7.61e-01	3.13e-08
 9.78248e+16	2.49e-01	7.51e-01	3.15e-08
 9.78997e+16	2.59e-01	7.41e-01	3.19e-08
 9.79738e+16	2.70e-01	7.30e-01	3.22e-08
 9.80442e+16	2.81e-01	7.19e-01	3.25e-08
 9.81123e+16	2.92e-01	7.08e-01	3.27e-08
 9.81807e+16	3.03e-01	6.97e-01	3.31e-08
 9.82505e+16	3.15e-01	6.85e-01	3.34e-08
 9.83201e+16	3.28e-01	6.72e-01	3.37e-08
 9.83869e+16	3.40e-01	6.60e-01	3.41e-08
 9.84528e+16	3.53e-01	6.47e-01	3.43e-08
 9.85193e+16	3.65e-01	6.35e-01	3.47e-08
 9.85862e+16	3.79e-01	6.21e-01	3.49e-08
 9.86517e+16	3.92e-01	6.08e-01	3.53e-08
 9.87162e+16	4.06e-01	5.94e-01	3.56e-08
 9.87812e+16	4.20e-01	5.80e-01	3.58e-08
 9.88451e+16	4.34e-01	5.66e-01	3.61e-08
 9.89078e+16	4.48e-01	5.52e-01	3.64e-08
 9.89712e+16	4.63e-01	5.37e-01	3.66e-08
 9.90342e+16	4.77e-01	5.23e-01	3.70e-08
 9.90954e+16	4.91e-01	5.09e-01	3.72e-08
 9.91560e+16	5.06e-01	4.94e-01	3.74e-08
 9.92170e+16	5.20e-01	4.80e-01	3.76e-08
 9.92777e+16	5.35e-01	4.65e-01	3.78e-08
 9.93369e+16	5.49e-01	4.51e-01	3.80e-08
 9.93942e+16	5.63e-01	4.37e-01	3.81e-08
 9.94508e+16	5.77e-01	4.23e-01	3.82e-08
 9.95077e+16	5.91e-01	4.09e-01	3.83e-08
 9.95641e+16	6.04e-01	3.96e-01	3.84e-08
 9.96186e+16	6.18e-01	3.82e-01	3.85e-08
 9.96717e+16	6.31e-01	3.69e-01	3.85e-08
 9.97249e+16	6.44e-01	3.56e-01	3.85e-08
 9.97782e+16	6.56e-01	3.44e-01	3.85e-08
 9.98302e+16	6.68e-01	3.32e-01	3.85e-08
 9.98804e+16	6.80e-01	3.20e-01	3.84e-08
 9.99305e+16	6.92e-01	3.08e-01	3.84e-08
 9.99812e+16	7.03e-01	2.97e-01	3.83e-08
 1.00031e+17	7.14e-01	2.86e-01	3.82e-08
 1.00079e+17	7.25e-01	2.75e-01	3.81e-08
 1.00127e+17	7.35e-01	2.65e-01	3.79e-08
 1.00175e+17	7.46e-01	2.54e-01	3.78e-08
 1.00222e+17	7.55e-01	2.45e-01	3.77e-08
 1.00269e+17	7.65e-01	2.35e-01	3.75e-08
 1.00314e+17	7.74e-01	2.26e-01	3.73e-08
 1.00359e+17	7.83e-01	2.17e-01	3.70e-08
 1.00405e+17	7.92e-01	2.08e-01	3.68e-08
 1.00451e+17	8.00e-01	2.00e-01	3.66e-08
 1.00494e+17	8.08e-01	1.92e-01	3.64e-08
 1.00538e+17	8.16e-01	1.84e-01	3.61e-08
 1.00581e+17	8.23e-01	1.77e-01	3.59e-08
 1.00624e+17	8.30e-01	1.70e-01	3.56e-08
 1.00667e+17	8.37e-01	1.63e-01	3.52e-08
 1.00709e+17	8.44e-01	1.56e-01	3.49e-08
 1.00751e+17	8.50e-01	1.50e-01	3.46e-08
 1.00792e+17	8.56e-01	1.44e-01	3.43e-08
 1.00833e+17	8.62e-01	1.38e-01	3.39e-08
 1.00874e+17	8.68e-01	1.32e-01	3.36e-08
 1.00914e+17	8.73e-01	1.27e-01	3.32e-08
 1.00953e+17	8.78e-01	1.22e-01	3.28e-08
 1.00992e+17	8.83e-01	1.17e-01	3.25e-08
 1.01031e+17	8.88e-01	1.12e-01	3.21e-08
 1.01069e+17	8.93e-01	1.07e-01	3.17e-08
 1.01107e+17	8.97e-01	1.03e-01	3.13e-08
 1.01143e+17	9.01e-01	9.90e-02	3.09e-08
 1.01177e+17	9.05e-01	9.54e-02	3.05e-08
 1.01207e+17	9.08e-01	9.21e-02	3.01e-08
 1.01235e+17	9.11e-01	8.92e-02	2.96e-08
 1.01261e+17	9.13e-01	8.65e-02	2.92e-08
 1.01285e+17	9.16e-01	8.41e-02	2.89e-08
 1.01308e+17	9.18e-01	8.19e-02	2.85e-08
 1.01329e+17	9.20e-01	7.98e-02	2.82e-08
 1.01348e+17	9.22e-01	7.80e-02	2.78e-08
 1.01366e+17	9.24e-01	7.63e-02	2.75e-08
 1.01383e+17	9.25e-01	7.47e-02	2.72e-08
 1.01399e+17	9.27e-01	7.32e-02	2.69e-08
 1.01415e+17	9.28e-01	7.19e-02	2.66e-08
 1.01429e+17	9.29e-01	7.06e-02	2.64e-08
 1.01442e+17	9.31e-01	6.94e-02	2.61e-08
 1.01455e+17	9.32e-01	6.82e-02	2.59e-08
 1.01468e+17	9.33e-01	6.72e-02	2.56e-08
 1.01479e+17	9.34e-01	6.62e-02	2.54e-08
 1.01490e+17	9.35e-01	6.52e-02	2.51e-08
 1.01501e+17	9.36e-01	6.43e-02	2.49e-08
 1.01512e+17	9.37e-01	6.35e-02	2.47e-08
 1.01522e+17	9.37e-01	6.26e-02	2.45e-08
 1.01531e+17	9.38e-01	6.18e-02	2.42e-08
 1.01541e+17	9.39e-01	6.10e-02	2.40e-08
 1.01550e+17	9.40e-01	6.03e-02	2.38e-08
 1.01559e+17	9.40e-01	5.95e-02	2.36e-08
 1.01569e+17	9.41e-01	5.88e-02	2.33e-08
 1.01578e+17	9.42e-01	5.80e-02	2.31e-08
 1.01588e+17	9.43e-01	5.72e-02	2.28e-08
 1.01598e+17	9.44e-01	5.63e-02	2.25e-08
 1.01609e+17	9.45e-01	5.54e-02	2.22e-08
 1.01621e+17	9.45e-01	5.45e-02	2.19e-08
 1.01631e+17	9.46e-01	5.37e-02	2.16e-08
 1.01641e+17	9.47e-01	5.29e-02	2.13e-08
 1.01650e+17	9.48e-01	5.22e-02	2.10e-08
 1.01658e+17	9.49e-01	5.15e-02	2.07e-08
 1.01666e+17	9.49e-01	5.08e-02	2.05e-08
 1.01674e+17	9.50e-01	5.02e-02	2.02e-08
 1.01681e+17	9.50e-01	4.97e-02	2.00e-08
 1.01687e+17	9.51e-01	4.91e-02	1.97e-08
 1.01692e+17	9.51e-01	4.87e-02	1.95e-08
 1.01697e+17	9.52e-01	4.83e-02	1.94e-08
 1.01703e+17	9.52e-01	4.77e-02	1.91e-08
 1.01709e+17	9.53e-01	4.72e-02	1.89e-08
 1.01715e+17	9.53e-01	4.68e-02	1.87e-08
 1.01720e+17	9.54e-01	4.64e-02	1.86e-08
 1.01725e+17	9.54e-01	4.59e-02	1.83e-08
 1.01731e+17	9.55e-01	4.54e-02	1.81e-08
 1.01736e+17	9.55e-01	4.50e-02	1.79e-08
 1.01741e+17	9.55e-01	4.46e-02	1.78e-08
 1.01747e+17	9.56e-01	4.41e-02	1.76e-08
 1.01752e+17	9.56e-01	4.37e-02	1.74e-08
 1.01758e+17	9.57e-01	4.33e-02	1.72e-08
 1.01763e+17	9.57e-01	4.28e-02	1.70e-08
 1.01771e+17	9.58e-01	4.23e-02	1.68e-08
 1.01779e+17	9.58e-01	4.17e-02	1.66e-08
 1.01786e+17	9.59e-01	4.12e-02	1.64e-08
 1.01793e+17	9.59e-01	4.08e-02	1.63e-08
 1.01800e+17	9.60e-01	4.02e-02	1.60e-08
 1.01808e+17	9.60e-01	3.97e-02	1.58e-08
 1.01816e+17	9.61e-01	3.92e-02	1.57e-08
 1.01822e+17	9.61e-01	3.88e-02	1.55e-08
