#depth	H	H+	H2
 3.28074e+12	8.75e-04	9.99e-01	1.30e-14
 1.96844e+13	8.74e-04	9.99e-01	1.30e-14
 8.52991e+13	8.73e-04	9.99e-01	1.30e-14
 3.47758e+14	8.70e-04	9.99e-01	1.31e-14
 8.30682e+14	8.49e-04	9.99e-01	1.30e-14
 1.45848e+15	8.35e-04	9.99e-01	1.30e-14
 2.27463e+15	8.23e-04	9.99e-01	1.32e-14
 3.33561e+15	8.13e-04	9.99e-01	1.34e-14
 4.71489e+15	8.07e-04	9.99e-01	1.39e-14
 6.50795e+15	8.07e-04	9.99e-01	1.48e-14
 8.80245e+15	8.17e-04	9.99e-01	1.61e-14
 1.09697e+16	8.17e-04	9.99e-01	1.72e-14
 1.25026e+16	8.27e-04	9.99e-01	1.82e-14
 1.37161e+16	8.43e-04	9.99e-01	1.94e-14
 1.48408e+16	8.63e-04	9.99e-01	2.07e-14
 1.59500e+16	8.86e-04	9.99e-01	2.23e-14
 1.70302e+16	9.14e-04	9.99e-01	2.41e-14
 1.80568e+16	9.41e-04	9.99e-01	2.61e-14
 1.89272e+16	9.68e-04	9.99e-01	2.80e-14
 1.96334e+16	9.93e-04	9.99e-01	2.98e-14
 2.04007e+16	1.03e-03	9.99e-01	3.21e-14
 2.13980e+16	1.07e-03	9.99e-01	3.52e-14
 2.26946e+16	1.12e-03	9.99e-01	3.96e-14
 2.43802e+16	1.20e-03	9.99e-01	4.54e-14
 2.65714e+16	1.29e-03	9.99e-01	5.30e-14
 2.92004e+16	1.39e-03	9.99e-01	6.23e-14
 3.21205e+16	1.52e-03	9.98e-01	7.37e-14
 3.53325e+16	1.69e-03	9.98e-01	8.85e-14
 3.88658e+16	1.90e-03	9.98e-01	1.09e-13
 4.27524e+16	2.18e-03	9.98e-01	1.36e-13
 4.70276e+16	2.57e-03	9.97e-01	1.78e-13
 5.11759e+16	3.06e-03	9.97e-01	2.34e-13
 5.37403e+16	3.44e-03	9.97e-01	2.78e-13
 5.47613e+16	3.61e-03	9.96e-01	2.98e-13
 5.56019e+16	3.76e-03	9.96e-01	3.18e-13
 5.66947e+16	3.96e-03	9.96e-01	3.44e-13
 5.81153e+16	4.24e-03	9.96e-01	3.81e-13
 5.97061e+16	4.60e-03	9.95e-01	4.31e-13
 6.11522e+16	4.95e-03	9.95e-01	4.82e-13
 6.24053e+16	5.30e-03	9.95e-01	5.32e-13
 6.37736e+16	5.71e-03	9.94e-01	5.93e-13
 6.52395e+16	6.20e-03	9.94e-01	6.70e-13
 6.64989e+16	6.66e-03	9.93e-01	7.44e-13
 6.75932e+16	7.11e-03	9.93e-01	8.19e-13
 6.88064e+16	7.66e-03	9.92e-01	9.12e-13
 7.01284e+16	8.32e-03	9.92e-01	1.02e-12
 7.12873e+16	8.98e-03	9.91e-01	1.14e-12
 7.22920e+16	9.60e-03	9.90e-01	1.26e-12
 7.34005e+16	1.04e-02	9.90e-01	1.41e-12
 7.46011e+16	1.13e-02	9.89e-01	1.58e-12
 7.56550e+16	1.22e-02	9.88e-01	1.77e-12
 7.65821e+16	1.32e-02	9.87e-01	1.95e-12
 7.76107e+16	1.43e-02	9.86e-01	2.19e-12
 7.87104e+16	1.57e-02	9.84e-01	2.47e-12
 7.96511e+16	1.70e-02	9.83e-01	2.77e-12
 8.04577e+16	1.84e-02	9.82e-01	3.06e-12
 8.13410e+16	2.00e-02	9.80e-01	3.43e-12
 8.22936e+16	2.20e-02	9.78e-01	3.87e-12
 8.31156e+16	2.40e-02	9.76e-01	4.35e-12
 8.38145e+16	2.60e-02	9.74e-01	4.82e-12
 8.45737e+16	2.84e-02	9.72e-01	5.41e-12
 8.53898e+16	3.13e-02	9.69e-01	6.13e-12
 8.60886e+16	3.44e-02	9.66e-01	6.90e-12
 8.66817e+16	3.73e-02	9.63e-01	7.66e-12
 8.73285e+16	4.09e-02	9.59e-01	8.62e-12
 8.80326e+16	4.56e-02	9.54e-01	9.89e-12
 8.86410e+16	5.05e-02	9.50e-01	1.12e-11
 8.91539e+16	5.52e-02	9.45e-01	1.26e-11
 8.97127e+16	6.12e-02	9.39e-01	1.43e-11
 9.03266e+16	6.92e-02	9.31e-01	1.67e-11
 9.08208e+16	7.69e-02	9.23e-01	1.90e-11
 9.11692e+16	8.29e-02	9.17e-01	2.09e-11
 9.15193e+16	9.01e-02	9.10e-01	2.32e-11
 9.19743e+16	1.01e-01	8.99e-01	2.68e-11
 9.24140e+16	1.13e-01	8.87e-01	3.10e-11
 9.27247e+16	1.23e-01	8.77e-01	3.45e-11
 9.29775e+16	1.32e-01	8.68e-01	3.79e-11
 9.32641e+16	1.44e-01	8.56e-01	4.23e-11
 9.35814e+16	1.59e-01	8.41e-01	4.80e-11
 9.38672e+16	1.74e-01	8.26e-01	5.41e-11
 9.41139e+16	1.88e-01	8.12e-01	6.00e-11
 9.43813e+16	2.05e-01	7.95e-01	6.77e-11
 9.46674e+16	2.27e-01	7.73e-01	7.75e-11
 9.49103e+16	2.47e-01	7.53e-01	8.74e-11
 9.51173e+16	2.66e-01	7.34e-01	9.66e-11
 9.53453e+16	2.89e-01	7.11e-01	1.09e-10
 9.55959e+16	3.16e-01	6.84e-01	1.24e-10
 9.58223e+16	3.43e-01	6.57e-01	1.40e-10
 9.60230e+16	3.68e-01	6.32e-01	1.56e-10
 9.62226e+16	3.95e-01	6.05e-01	1.75e-10
 9.64307e+16	4.25e-01	5.75e-01	1.97e-10
 9.66232e+16	4.55e-01	5.45e-01	2.20e-10
 9.67844e+16	4.79e-01	5.21e-01	2.42e-10
 9.69266e+16	5.02e-01	4.98e-01	2.62e-10
 9.70662e+16	5.24e-01	4.76e-01	2.84e-10
 9.72026e+16	5.47e-01	4.53e-01	3.09e-10
 9.73060e+16	5.63e-01	4.37e-01	3.26e-10
 9.73727e+16	5.73e-01	4.27e-01	3.38e-10
 9.74399e+16	5.83e-01	4.17e-01	3.51e-10
 9.75235e+16	5.97e-01	4.03e-01	3.70e-10
 9.76094e+16	6.11e-01	3.89e-01	3.88e-10
 9.76849e+16	6.24e-01	3.76e-01	4.06e-10
 9.77538e+16	6.35e-01	3.65e-01	4.21e-10
 9.78248e+16	6.46e-01	3.54e-01	4.40e-10
 9.78997e+16	6.58e-01	3.42e-01	4.59e-10
 9.79738e+16	6.71e-01	3.29e-01	4.80e-10
 9.80442e+16	6.82e-01	3.18e-01	4.99e-10
 9.81123e+16	6.93e-01	3.07e-01	5.21e-10
 9.81807e+16	7.03e-01	2.97e-01	5.41e-10
 9.82505e+16	7.14e-01	2.86e-01	5.64e-10
 9.83201e+16	7.25e-01	2.75e-01	5.88e-10
 9.83869e+16	7.35e-01	2.65e-01	6.11e-10
 9.84528e+16	7.45e-01	2.55e-01	6.36e-10
 9.85193e+16	7.54e-01	2.46e-01	6.61e-10
 9.85862e+16	7.64e-01	2.36e-01	6.90e-10
 9.86517e+16	7.73e-01	2.27e-01	7.14e-10
 9.87162e+16	7.82e-01	2.18e-01	7.44e-10
 9.87812e+16	7.91e-01	2.09e-01	7.75e-10
 9.88451e+16	7.99e-01	2.01e-01	8.05e-10
 9.89078e+16	8.07e-01	1.93e-01	8.35e-10
 9.89712e+16	8.16e-01	1.84e-01	8.71e-10
 9.90342e+16	8.23e-01	1.77e-01	9.01e-10
 9.90954e+16	8.30e-01	1.70e-01	9.39e-10
 9.91560e+16	8.37e-01	1.63e-01	9.76e-10
 9.92170e+16	8.44e-01	1.56e-01	1.01e-09
 9.92777e+16	8.51e-01	1.49e-01	1.06e-09
 9.93369e+16	8.57e-01	1.43e-01	1.09e-09
 9.93942e+16	8.63e-01	1.37e-01	1.14e-09
 9.94508e+16	8.69e-01	1.31e-01	1.18e-09
 9.95077e+16	8.74e-01	1.26e-01	1.23e-09
 9.95641e+16	8.79e-01	1.21e-01	1.27e-09
 9.96186e+16	8.84e-01	1.16e-01	1.33e-09
 9.96717e+16	8.89e-01	1.11e-01	1.38e-09
 9.97249e+16	8.93e-01	1.07e-01	1.43e-09
 9.97782e+16	8.98e-01	1.02e-01	1.48e-09
 9.98302e+16	9.02e-01	9.80e-02	1.55e-09
 9.98804e+16	9.06e-01	9.41e-02	1.61e-09
 9.99305e+16	9.10e-01	9.04e-02	1.67e-09
 9.99812e+16	9.13e-01	8.67e-02	1.74e-09
 1.00031e+17	9.17e-01	8.32e-02	1.82e-09
 1.00079e+17	9.20e-01	7.99e-02	1.89e-09
 1.00127e+17	9.23e-01	7.68e-02	1.97e-09
 1.00175e+17	9.26e-01	7.37e-02	2.05e-09
 1.00222e+17	9.29e-01	7.08e-02	2.15e-09
 1.00269e+17	9.32e-01	6.80e-02	2.25e-09
 1.00314e+17	9.35e-01	6.54e-02	2.35e-09
 1.00359e+17	9.37e-01	6.29e-02	2.47e-09
 1.00405e+17	9.40e-01	6.03e-02	2.59e-09
 1.00451e+17	9.42e-01	5.79e-02	2.72e-09
 1.00494e+17	9.44e-01	5.57e-02	2.86e-09
 1.00538e+17	9.46e-01	5.36e-02	3.01e-09
 1.00581e+17	9.48e-01	5.15e-02	3.17e-09
 1.00624e+17	9.51e-01	4.95e-02	3.36e-09
 1.00667e+17	9.52e-01	4.76e-02	3.56e-09
 1.00709e+17	9.54e-01	4.57e-02	3.79e-09
 1.00751e+17	9.56e-01	4.39e-02	4.05e-09
 1.00792e+17	9.58e-01	4.22e-02	4.33e-09
 1.00833e+17	9.59e-01	4.06e-02	4.66e-09
 1.00874e+17	9.61e-01	3.90e-02	5.02e-09
 1.00914e+17	9.63e-01	3.74e-02	5.44e-09
 1.00953e+17	9.64e-01	3.60e-02	5.93e-09
 1.00992e+17	9.65e-01	3.46e-02	6.49e-09
 1.01031e+17	9.67e-01	3.32e-02	7.15e-09
 1.01069e+17	9.68e-01	3.19e-02	7.94e-09
 1.01107e+17	9.69e-01	3.07e-02	8.88e-09
 1.01143e+17	9.71e-01	2.95e-02	9.98e-09
 1.01177e+17	9.72e-01	2.84e-02	1.12e-08
 1.01207e+17	9.72e-01	2.75e-02	1.26e-08
 1.01235e+17	9.73e-01	2.67e-02	1.41e-08
 1.01261e+17	9.74e-01	2.60e-02	1.58e-08
 1.01285e+17	9.75e-01	2.54e-02	1.76e-08
 1.01308e+17	9.75e-01	2.47e-02	1.98e-08
 1.01329e+17	9.76e-01	2.41e-02	2.23e-08
 1.01348e+17	9.76e-01	2.36e-02	2.49e-08
 1.01366e+17	9.77e-01	2.32e-02	2.78e-08
 1.01383e+17	9.77e-01	2.27e-02	3.11e-08
 1.01399e+17	9.78e-01	2.23e-02	3.48e-08
 1.01415e+17	9.78e-01	2.18e-02	3.89e-08
 1.01429e+17	9.79e-01	2.15e-02	4.35e-08
 1.01442e+17	9.79e-01	2.11e-02	4.86e-08
 1.01455e+17	9.79e-01	2.07e-02	5.43e-08
 1.01468e+17	9.80e-01	2.04e-02	6.07e-08
 1.01479e+17	9.80e-01	2.01e-02	6.77e-08
 1.01490e+17	9.80e-01	1.98e-02	7.56e-08
 1.01501e+17	9.81e-01	1.95e-02	8.43e-08
 1.01512e+17	9.81e-01	1.92e-02	9.40e-08
 1.01522e+17	9.81e-01	1.89e-02	1.05e-07
 1.01531e+17	9.81e-01	1.86e-02	1.17e-07
 1.01541e+17	9.82e-01	1.83e-02	1.30e-07
 1.01550e+17	9.82e-01	1.81e-02	1.44e-07
 1.01559e+17	9.82e-01	1.78e-02	1.60e-07
 1.01569e+17	9.83e-01	1.75e-02	1.78e-07
 1.01578e+17	9.83e-01	1.72e-02	1.96e-07
 1.01588e+17	9.83e-01	1.69e-02	2.17e-07
 1.01598e+17	9.83e-01	1.65e-02	2.39e-07
 1.01609e+17	9.84e-01	1.62e-02	2.62e-07
 1.01621e+17	9.84e-01	1.58e-02	2.84e-07
 1.01631e+17	9.85e-01	1.54e-02	3.02e-07
 1.01641e+17	9.85e-01	1.51e-02	3.16e-07
 1.01650e+17	9.85e-01	1.48e-02	3.28e-07
 1.01658e+17	9.86e-01	1.45e-02	3.38e-07
 1.01666e+17	9.86e-01	1.42e-02	3.46e-07
 1.01674e+17	9.86e-01	1.40e-02	3.52e-07
 1.01681e+17	9.86e-01	1.37e-02	3.58e-07
 1.01687e+17	9.86e-01	1.35e-02	3.62e-07
 1.01692e+17	9.87e-01	1.33e-02	3.67e-07
 1.01697e+17	9.87e-01	1.32e-02	3.70e-07
 1.01703e+17	9.87e-01	1.30e-02	3.75e-07
 1.01709e+17	9.87e-01	1.28e-02	3.79e-07
 1.01715e+17	9.87e-01	1.26e-02	3.84e-07
 1.01720e+17	9.88e-01	1.25e-02	3.87e-07
 1.01725e+17	9.88e-01	1.23e-02	3.92e-07
 1.01731e+17	9.88e-01	1.21e-02	3.97e-07
 1.01736e+17	9.88e-01	1.20e-02	4.02e-07
 1.01741e+17	9.88e-01	1.18e-02	4.06e-07
 1.01747e+17	9.88e-01	1.17e-02	4.12e-07
 1.01752e+17	9.89e-01	1.15e-02	4.17e-07
 1.01758e+17	9.89e-01	1.14e-02	4.22e-07
 1.01763e+17	9.89e-01	1.12e-02	4.26e-07
 1.01771e+17	9.89e-01	1.11e-02	4.32e-07
 1.01779e+17	9.89e-01	1.09e-02	4.39e-07
 1.01786e+17	9.89e-01	1.07e-02	4.46e-07
 1.01793e+17	9.89e-01	1.05e-02	4.51e-07
 1.01800e+17	9.90e-01	1.04e-02	4.59e-07
 1.01808e+17	9.90e-01	1.02e-02	4.67e-07
 1.01816e+17	9.90e-01	1.00e-02	4.75e-07
 1.01822e+17	9.90e-01	9.85e-03	4.82e-07
