#depth	H	H+	H2
 2.62900e+11	1.63e-03	9.98e-01	7.49e-13
 1.57740e+12	1.63e-03	9.98e-01	7.51e-13
 6.83540e+12	1.63e-03	9.98e-01	7.56e-13
 2.78674e+13	1.63e-03	9.98e-01	7.61e-13
 6.65663e+13	1.62e-03	9.98e-01	7.71e-13
 1.16875e+14	1.62e-03	9.98e-01	7.96e-13
 1.82276e+14	1.61e-03	9.98e-01	8.02e-13
 2.67297e+14	1.61e-03	9.98e-01	8.33e-13
 3.77825e+14	1.60e-03	9.98e-01	8.54e-13
 5.21512e+14	1.60e-03	9.98e-01	8.84e-13
 7.08304e+14	1.60e-03	9.98e-01	9.27e-13
 9.51134e+14	1.60e-03	9.98e-01	9.83e-13
 1.26681e+15	1.60e-03	9.98e-01	1.04e-12
 1.67719e+15	1.60e-03	9.98e-01	1.11e-12
 2.21069e+15	1.61e-03	9.98e-01	1.18e-12
 2.90424e+15	1.63e-03	9.98e-01	1.26e-12
 3.67116e+15	1.64e-03	9.98e-01	1.32e-12
 4.53348e+15	1.67e-03	9.98e-01	1.35e-12
 5.65449e+15	1.72e-03	9.98e-01	1.33e-12
 6.74492e+15	1.76e-03	9.98e-01	1.29e-12
 7.53836e+15	1.90e-03	9.98e-01	1.21e-12
 8.03821e+15	1.94e-03	9.98e-01	1.20e-12
 8.41365e+15	1.98e-03	9.98e-01	1.18e-12
 8.90173e+15	2.03e-03	9.98e-01	1.13e-12
 9.53623e+15	2.10e-03	9.98e-01	1.08e-12
 1.02333e+16	2.19e-03	9.98e-01	1.03e-12
 1.08556e+16	2.28e-03	9.98e-01	9.86e-13
 1.13969e+16	2.37e-03	9.98e-01	9.55e-13
 1.19894e+16	2.47e-03	9.98e-01	9.00e-13
 1.26337e+16	2.60e-03	9.97e-01	8.64e-13
 1.31924e+16	2.72e-03	9.97e-01	8.30e-13
 1.36691e+16	2.84e-03	9.97e-01	8.12e-13
 1.41924e+16	2.95e-03	9.97e-01	7.68e-13
 1.47801e+16	3.11e-03	9.97e-01	7.40e-13
 1.53240e+16	3.28e-03	9.97e-01	7.24e-13
 1.58081e+16	3.43e-03	9.97e-01	7.11e-13
 1.63422e+16	3.59e-03	9.96e-01	6.87e-13
 1.70185e+16	3.82e-03	9.96e-01	6.64e-13
 1.76993e+16	4.11e-03	9.96e-01	6.68e-13
 1.82456e+16	4.40e-03	9.96e-01	6.81e-13
 1.87208e+16	4.64e-03	9.95e-01	6.87e-13
 1.92599e+16	4.91e-03	9.95e-01	6.89e-13
 1.98972e+16	5.30e-03	9.95e-01	7.04e-13
 2.05512e+16	5.79e-03	9.94e-01	7.37e-13
 2.11635e+16	6.35e-03	9.94e-01	7.84e-13
 2.17223e+16	6.96e-03	9.93e-01	8.36e-13
 2.22555e+16	7.62e-03	9.92e-01	8.90e-13
 2.28592e+16	8.40e-03	9.92e-01	9.43e-13
 2.35293e+16	9.55e-03	9.90e-01	1.04e-12
 2.41307e+16	1.10e-02	9.89e-01	1.16e-12
 2.46166e+16	1.24e-02	9.88e-01	1.28e-12
 2.50440e+16	1.38e-02	9.86e-01	1.40e-12
 2.54274e+16	1.54e-02	9.85e-01	1.53e-12
 2.57402e+16	1.70e-02	9.83e-01	1.67e-12
 2.60029e+16	1.86e-02	9.81e-01	1.80e-12
 2.62440e+16	2.01e-02	9.80e-01	1.92e-12
 2.64771e+16	2.19e-02	9.78e-01	2.06e-12
 2.67040e+16	2.39e-02	9.76e-01	2.23e-12
 2.69200e+16	2.62e-02	9.74e-01	2.41e-12
 2.71159e+16	2.86e-02	9.71e-01	2.62e-12
 2.72895e+16	3.11e-02	9.69e-01	2.84e-12
 2.74461e+16	3.38e-02	9.66e-01	3.07e-12
 2.75933e+16	3.66e-02	9.63e-01	3.33e-12
 2.77351e+16	3.99e-02	9.60e-01	3.63e-12
 2.78720e+16	4.35e-02	9.56e-01	3.97e-12
 2.80050e+16	4.77e-02	9.52e-01	4.38e-12
 2.81566e+16	5.32e-02	9.47e-01	4.92e-12
 2.83228e+16	6.11e-02	9.39e-01	5.73e-12
 2.84747e+16	7.06e-02	9.29e-01	6.73e-12
 2.86168e+16	8.23e-02	9.18e-01	8.00e-12
 2.87523e+16	9.72e-02	9.03e-01	9.73e-12
 2.88704e+16	1.15e-01	8.85e-01	1.20e-11
 2.89670e+16	1.36e-01	8.64e-01	1.47e-11
 2.90467e+16	1.58e-01	8.42e-01	1.81e-11
 2.91165e+16	1.83e-01	8.17e-01	2.22e-11
 2.91808e+16	2.14e-01	7.86e-01	2.79e-11
 2.92398e+16	2.51e-01	7.49e-01	3.59e-11
 2.92903e+16	2.92e-01	7.08e-01	4.65e-11
 2.93284e+16	3.32e-01	6.68e-01	5.89e-11
 2.93541e+16	3.65e-01	6.35e-01	7.07e-11
 2.93726e+16	3.91e-01	6.09e-01	8.15e-11
 2.93884e+16	4.15e-01	5.85e-01	9.29e-11
 2.94035e+16	4.40e-01	5.60e-01	1.06e-10
 2.94176e+16	4.65e-01	5.35e-01	1.22e-10
 2.94301e+16	4.89e-01	5.11e-01	1.38e-10
 2.94407e+16	5.10e-01	4.90e-01	1.55e-10
 2.94502e+16	5.30e-01	4.70e-01	1.73e-10
 2.94576e+16	5.46e-01	4.54e-01	1.89e-10
 2.94629e+16	5.58e-01	4.42e-01	2.01e-10
 2.94678e+16	5.69e-01	4.31e-01	2.14e-10
 2.94731e+16	5.82e-01	4.18e-01	2.30e-10
 2.94788e+16	5.95e-01	4.05e-01	2.48e-10
 2.94843e+16	6.08e-01	3.92e-01	2.67e-10
 2.94894e+16	6.21e-01	3.79e-01	2.88e-10
 2.94943e+16	6.33e-01	3.67e-01	3.09e-10
 2.94991e+16	6.45e-01	3.55e-01	3.32e-10
 2.95039e+16	6.57e-01	3.43e-01	3.58e-10
 2.95086e+16	6.69e-01	3.31e-01	3.85e-10
 2.95131e+16	6.80e-01	3.20e-01	4.15e-10
 2.95175e+16	6.91e-01	3.09e-01	4.47e-10
 2.95219e+16	7.03e-01	2.97e-01	4.82e-10
 2.95261e+16	7.13e-01	2.87e-01	5.19e-10
 2.95303e+16	7.24e-01	2.76e-01	5.59e-10
 2.95344e+16	7.34e-01	2.66e-01	6.03e-10
 2.95384e+16	7.44e-01	2.56e-01	6.50e-10
 2.95423e+16	7.54e-01	2.46e-01	7.01e-10
 2.95461e+16	7.64e-01	2.36e-01	7.55e-10
 2.95499e+16	7.73e-01	2.27e-01	8.15e-10
 2.95536e+16	7.82e-01	2.18e-01	8.79e-10
 2.95572e+16	7.91e-01	2.09e-01	9.47e-10
 2.95608e+16	7.99e-01	2.01e-01	1.02e-09
 2.95642e+16	8.07e-01	1.93e-01	1.10e-09
 2.95675e+16	8.15e-01	1.85e-01	1.18e-09
 2.95708e+16	8.22e-01	1.78e-01	1.27e-09
 2.95740e+16	8.29e-01	1.71e-01	1.36e-09
 2.95771e+16	8.36e-01	1.64e-01	1.46e-09
 2.95801e+16	8.42e-01	1.58e-01	1.57e-09
 2.95831e+16	8.48e-01	1.52e-01	1.68e-09
 2.95861e+16	8.54e-01	1.46e-01	1.80e-09
 2.95889e+16	8.60e-01	1.40e-01	1.92e-09
 2.95917e+16	8.66e-01	1.34e-01	2.06e-09
 2.95945e+16	8.71e-01	1.29e-01	2.20e-09
 2.95973e+16	8.76e-01	1.24e-01	2.36e-09
 2.96000e+16	8.81e-01	1.19e-01	2.52e-09
 2.96026e+16	8.86e-01	1.14e-01	2.70e-09
 2.96052e+16	8.90e-01	1.10e-01	2.88e-09
 2.96078e+16	8.94e-01	1.06e-01	3.08e-09
 2.96103e+16	8.99e-01	1.01e-01	3.29e-09
 2.96128e+16	9.03e-01	9.74e-02	3.51e-09
 2.96152e+16	9.06e-01	9.36e-02	3.75e-09
 2.96177e+16	9.10e-01	8.99e-02	4.01e-09
 2.96201e+16	9.14e-01	8.63e-02	4.28e-09
 2.96224e+16	9.17e-01	8.30e-02	4.58e-09
 2.96247e+16	9.20e-01	7.97e-02	4.89e-09
 2.96270e+16	9.23e-01	7.65e-02	5.23e-09
 2.96293e+16	9.26e-01	7.35e-02	5.60e-09
 2.96315e+16	9.29e-01	7.06e-02	5.99e-09
 2.96337e+16	9.32e-01	6.78e-02	6.42e-09
 2.96358e+16	9.35e-01	6.52e-02	6.87e-09
 2.96379e+16	9.37e-01	6.26e-02	7.38e-09
 2.96401e+16	9.40e-01	6.01e-02	7.91e-09
 2.96421e+16	9.42e-01	5.77e-02	8.51e-09
 2.96441e+16	9.45e-01	5.54e-02	9.15e-09
 2.96461e+16	9.47e-01	5.32e-02	9.85e-09
 2.96481e+16	9.49e-01	5.11e-02	1.06e-08
 2.96500e+16	9.51e-01	4.91e-02	1.15e-08
 2.96519e+16	9.53e-01	4.71e-02	1.25e-08
 2.96537e+16	9.55e-01	4.52e-02	1.35e-08
 2.96555e+16	9.57e-01	4.34e-02	1.47e-08
 2.96573e+16	9.58e-01	4.17e-02	1.60e-08
 2.96590e+16	9.60e-01	4.00e-02	1.75e-08
 2.96607e+16	9.62e-01	3.84e-02	1.92e-08
 2.96623e+16	9.63e-01	3.68e-02	2.10e-08
 2.96639e+16	9.65e-01	3.54e-02	2.32e-08
 2.96655e+16	9.66e-01	3.39e-02	2.56e-08
 2.96670e+16	9.67e-01	3.26e-02	2.82e-08
 2.96683e+16	9.69e-01	3.13e-02	3.11e-08
 2.96696e+16	9.70e-01	3.02e-02	3.43e-08
 2.96708e+16	9.71e-01	2.91e-02	3.79e-08
 2.96720e+16	9.72e-01	2.80e-02	4.17e-08
 2.96731e+16	9.73e-01	2.71e-02	4.59e-08
 2.96741e+16	9.74e-01	2.61e-02	5.06e-08
 2.96751e+16	9.75e-01	2.52e-02	5.57e-08
 2.96760e+16	9.76e-01	2.44e-02	6.12e-08
 2.96769e+16	9.76e-01	2.36e-02	6.72e-08
 2.96777e+16	9.77e-01	2.28e-02	7.38e-08
 2.96785e+16	9.78e-01	2.20e-02	8.09e-08
 2.96793e+16	9.79e-01	2.13e-02	8.87e-08
 2.96801e+16	9.79e-01	2.06e-02	9.69e-08
 2.96808e+16	9.80e-01	1.98e-02	1.06e-07
 2.96815e+16	9.81e-01	1.91e-02	1.15e-07
 2.96822e+16	9.82e-01	1.84e-02	1.25e-07
 2.96829e+16	9.82e-01	1.77e-02	1.35e-07
 2.96836e+16	9.83e-01	1.69e-02	1.46e-07
 2.96842e+16	9.84e-01	1.61e-02	1.56e-07
 2.96848e+16	9.85e-01	1.54e-02	1.66e-07
 2.96854e+16	9.85e-01	1.47e-02	1.76e-07
 2.96859e+16	9.86e-01	1.41e-02	1.85e-07
 2.96863e+16	9.86e-01	1.35e-02	1.93e-07
 2.96867e+16	9.87e-01	1.29e-02	2.02e-07
 2.96871e+16	9.88e-01	1.24e-02	2.10e-07
 2.96875e+16	9.88e-01	1.19e-02	2.18e-07
 2.96878e+16	9.89e-01	1.15e-02	2.27e-07
 2.96881e+16	9.89e-01	1.10e-02	2.35e-07
 2.96884e+16	9.89e-01	1.06e-02	2.45e-07
 2.96887e+16	9.90e-01	1.02e-02	2.55e-07
 2.96890e+16	9.90e-01	9.76e-03	2.67e-07
