#depth	O	O+	O+2	O+3	O+4	O+5	O+6	O+7	O+8	O[1]	O[2]	O[3]
 2.62900e+11	2.26e-05	2.67e-02	9.71e-01	2.46e-03	0.00e+00	0.00e+00	0.00e+00	0.00e+00	0.00e+00	1.60e-05	4.51e-06	2.07e-06
 1.57740e+12	2.26e-05	2.67e-02	9.71e-01	2.45e-03	0.00e+00	0.00e+00	0.00e+00	0.00e+00	0.00e+00	1.60e-05	4.52e-06	2.08e-06
 6.83540e+12	2.27e-05	2.67e-02	9.71e-01	2.41e-03	0.00e+00	0.00e+00	0.00e+00	0.00e+00	0.00e+00	1.61e-05	4.53e-06	2.08e-06
 2.78674e+13	2.28e-05	2.68e-02	9.71e-01	2.27e-03	0.00e+00	0.00e+00	0.00e+00	0.00e+00	0.00e+00	1.61e-05	4.57e-06	2.10e-06
 6.65663e+13	2.29e-05	2.70e-02	9.71e-01	2.06e-03	0.00e+00	0.00e+00	0.00e+00	0.00e+00	0.00e+00	1.62e-05	4.61e-06	2.13e-06
 1.16875e+14	2.30e-05	2.72e-02	9.71e-01	1.81e-03	0.00e+00	0.00e+00	0.00e+00	0.00e+00	0.00e+00	1.63e-05	4.64e-06	2.14e-06
 1.82276e+14	2.33e-05	2.75e-02	9.71e-01	1.53e-03	0.00e+00	0.00e+00	0.00e+00	0.00e+00	0.00e+00	1.64e-05	4.70e-06	2.17e-06
 2.67297e+14	2.36e-05	2.78e-02	9.71e-01	1.23e-03	0.00e+00	0.00e+00	0.00e+00	0.00e+00	0.00e+00	1.66e-05	4.76e-06	2.20e-06
 3.77825e+14	2.41e-05	2.82e-02	9.71e-01	9.24e-04	0.00e+00	0.00e+00	0.00e+00	0.00e+00	0.00e+00	1.70e-05	4.88e-06	2.25e-06
 5.21512e+14	2.47e-05	2.88e-02	9.71e-01	6.36e-04	0.00e+00	0.00e+00	0.00e+00	0.00e+00	0.00e+00	1.74e-05	5.00e-06	2.30e-06
 7.08304e+14	2.56e-05	2.95e-02	9.70e-01	3.92e-04	0.00e+00	0.00e+00	0.00e+00	0.00e+00	0.00e+00	1.80e-05	5.18e-06	2.38e-06
 9.51134e+14	2.67e-05	3.05e-02	9.69e-01	2.09e-04	0.00e+00	0.00e+00	0.00e+00	0.00e+00	0.00e+00	1.88e-05	5.41e-06	2.49e-06
 1.26681e+15	2.82e-05	3.18e-02	9.68e-01	9.31e-05	0.00e+00	0.00e+00	0.00e+00	0.00e+00	0.00e+00	1.98e-05	5.73e-06	2.63e-06
 1.67719e+15	3.04e-05	3.35e-02	9.66e-01	3.31e-05	0.00e+00	0.00e+00	0.00e+00	0.00e+00	0.00e+00	2.14e-05	6.17e-06	2.83e-06
 2.21069e+15	3.35e-05	3.59e-02	9.64e-01	8.96e-06	0.00e+00	0.00e+00	0.00e+00	0.00e+00	0.00e+00	2.35e-05	6.81e-06	3.12e-06
 2.90424e+15	3.80e-05	3.94e-02	9.61e-01	1.76e-06	0.00e+00	0.00e+00	0.00e+00	0.00e+00	0.00e+00	2.67e-05	7.75e-06	3.55e-06
 3.67116e+15	4.36e-05	4.36e-02	9.56e-01	3.17e-07	0.00e+00	0.00e+00	0.00e+00	0.00e+00	0.00e+00	3.06e-05	8.89e-06	4.06e-06
 4.53348e+15	5.13e-05	4.90e-02	9.51e-01	0.00e+00	0.00e+00	0.00e+00	0.00e+00	0.00e+00	0.00e+00	3.60e-05	1.05e-05	4.79e-06
 5.65449e+15	6.39e-05	5.70e-02	9.43e-01	0.00e+00	0.00e+00	0.00e+00	0.00e+00	0.00e+00	0.00e+00	4.48e-05	1.31e-05	5.97e-06
 6.74492e+15	7.88e-05	6.65e-02	9.33e-01	0.00e+00	0.00e+00	0.00e+00	0.00e+00	0.00e+00	0.00e+00	5.53e-05	1.62e-05	7.39e-06
 7.53836e+15	1.07e-04	7.93e-02	9.21e-01	0.00e+00	0.00e+00	0.00e+00	0.00e+00	0.00e+00	0.00e+00	7.41e-05	2.25e-05	1.01e-05
 8.03821e+15	1.23e-04	8.74e-02	9.13e-01	0.00e+00	0.00e+00	0.00e+00	0.00e+00	0.00e+00	0.00e+00	8.52e-05	2.59e-05	1.17e-05
 8.41365e+15	1.36e-04	9.35e-02	9.06e-01	0.00e+00	0.00e+00	0.00e+00	0.00e+00	0.00e+00	0.00e+00	9.42e-05	2.86e-05	1.29e-05
 8.90173e+15	1.55e-04	1.02e-01	8.98e-01	0.00e+00	0.00e+00	0.00e+00	0.00e+00	0.00e+00	0.00e+00	1.07e-04	3.27e-05	1.47e-05
 9.53623e+15	1.85e-04	1.15e-01	8.85e-01	0.00e+00	0.00e+00	0.00e+00	0.00e+00	0.00e+00	0.00e+00	1.28e-04	3.90e-05	1.76e-05
 1.02333e+16	2.26e-04	1.31e-01	8.68e-01	0.00e+00	0.00e+00	0.00e+00	0.00e+00	0.00e+00	0.00e+00	1.57e-04	4.77e-05	2.15e-05
 1.08556e+16	2.72e-04	1.49e-01	8.51e-01	0.00e+00	0.00e+00	0.00e+00	0.00e+00	0.00e+00	0.00e+00	1.89e-04	5.76e-05	2.60e-05
 1.13969e+16	3.23e-04	1.67e-01	8.33e-01	0.00e+00	0.00e+00	0.00e+00	0.00e+00	0.00e+00	0.00e+00	2.24e-04	6.84e-05	3.09e-05
 1.19894e+16	3.89e-04	1.89e-01	8.11e-01	0.00e+00	0.00e+00	0.00e+00	0.00e+00	0.00e+00	0.00e+00	2.70e-04	8.22e-05	3.72e-05
 1.26337e+16	4.81e-04	2.17e-01	7.83e-01	0.00e+00	0.00e+00	0.00e+00	0.00e+00	0.00e+00	0.00e+00	3.34e-04	1.02e-04	4.61e-05
 1.31924e+16	5.82e-04	2.45e-01	7.55e-01	0.00e+00	0.00e+00	0.00e+00	0.00e+00	0.00e+00	0.00e+00	4.03e-04	1.23e-04	5.58e-05
 1.36691e+16	6.86e-04	2.72e-01	7.27e-01	0.00e+00	0.00e+00	0.00e+00	0.00e+00	0.00e+00	0.00e+00	4.75e-04	1.45e-04	6.57e-05
 1.41924e+16	8.17e-04	3.06e-01	6.94e-01	0.00e+00	0.00e+00	0.00e+00	0.00e+00	0.00e+00	0.00e+00	5.67e-04	1.72e-04	7.84e-05
 1.47801e+16	9.97e-04	3.47e-01	6.52e-01	0.00e+00	0.00e+00	0.00e+00	0.00e+00	0.00e+00	0.00e+00	6.91e-04	2.10e-04	9.58e-05
 1.53240e+16	1.20e-03	3.90e-01	6.09e-01	0.00e+00	0.00e+00	0.00e+00	0.00e+00	0.00e+00	0.00e+00	8.33e-04	2.52e-04	1.16e-04
 1.58081e+16	1.41e-03	4.31e-01	5.68e-01	0.00e+00	0.00e+00	0.00e+00	0.00e+00	0.00e+00	0.00e+00	9.81e-04	2.96e-04	1.36e-04
 1.63422e+16	1.67e-03	4.77e-01	5.21e-01	0.00e+00	0.00e+00	0.00e+00	0.00e+00	0.00e+00	0.00e+00	1.16e-03	3.48e-04	1.61e-04
 1.70185e+16	2.03e-03	5.38e-01	4.60e-01	0.00e+00	0.00e+00	0.00e+00	0.00e+00	0.00e+00	0.00e+00	1.41e-03	4.22e-04	1.96e-04
 1.76993e+16	2.49e-03	5.98e-01	3.99e-01	0.00e+00	0.00e+00	0.00e+00	0.00e+00	0.00e+00	0.00e+00	1.73e-03	5.14e-04	2.41e-04
 1.82456e+16	2.92e-03	6.47e-01	3.50e-01	0.00e+00	0.00e+00	0.00e+00	0.00e+00	0.00e+00	0.00e+00	2.03e-03	6.01e-04	2.83e-04
 1.87208e+16	3.32e-03	6.88e-01	3.09e-01	0.00e+00	0.00e+00	0.00e+00	0.00e+00	0.00e+00	0.00e+00	2.31e-03	6.80e-04	3.22e-04
 1.92599e+16	3.77e-03	7.30e-01	2.66e-01	0.00e+00	0.00e+00	0.00e+00	0.00e+00	0.00e+00	0.00e+00	2.64e-03	7.70e-04	3.66e-04
 1.98972e+16	4.38e-03	7.74e-01	2.21e-01	0.00e+00	0.00e+00	0.00e+00	0.00e+00	0.00e+00	0.00e+00	3.06e-03	8.89e-04	4.26e-04
 2.05512e+16	5.11e-03	8.14e-01	1.80e-01	0.00e+00	0.00e+00	0.00e+00	0.00e+00	0.00e+00	0.00e+00	3.58e-03	1.03e-03	4.98e-04
 2.11635e+16	5.91e-03	8.47e-01	1.47e-01	0.00e+00	0.00e+00	0.00e+00	0.00e+00	0.00e+00	0.00e+00	4.15e-03	1.19e-03	5.77e-04
 2.17223e+16	6.75e-03	8.73e-01	1.21e-01	0.00e+00	0.00e+00	0.00e+00	0.00e+00	0.00e+00	0.00e+00	4.74e-03	1.35e-03	6.60e-04
 2.22555e+16	7.65e-03	8.93e-01	9.92e-02	0.00e+00	0.00e+00	0.00e+00	0.00e+00	0.00e+00	0.00e+00	5.38e-03	1.52e-03	7.48e-04
 2.28592e+16	8.72e-03	9.13e-01	7.87e-02	0.00e+00	0.00e+00	0.00e+00	0.00e+00	0.00e+00	0.00e+00	6.13e-03	1.73e-03	8.53e-04
 2.35293e+16	1.02e-02	9.30e-01	6.00e-02	0.00e+00	0.00e+00	0.00e+00	0.00e+00	0.00e+00	0.00e+00	7.21e-03	2.01e-03	1.00e-03
 2.41307e+16	1.20e-02	9.42e-01	4.57e-02	0.00e+00	0.00e+00	0.00e+00	0.00e+00	0.00e+00	0.00e+00	8.49e-03	2.36e-03	1.18e-03
 2.46166e+16	1.38e-02	9.50e-01	3.58e-02	0.00e+00	0.00e+00	0.00e+00	0.00e+00	0.00e+00	0.00e+00	9.78e-03	2.70e-03	1.36e-03
 2.50440e+16	1.56e-02	9.56e-01	2.83e-02	0.00e+00	0.00e+00	0.00e+00	0.00e+00	0.00e+00	0.00e+00	1.11e-02	3.04e-03	1.53e-03
 2.54274e+16	1.77e-02	9.60e-01	2.24e-02	0.00e+00	0.00e+00	0.00e+00	0.00e+00	0.00e+00	0.00e+00	1.25e-02	3.42e-03	1.73e-03
 2.57402e+16	1.97e-02	9.62e-01	1.80e-02	0.00e+00	0.00e+00	0.00e+00	0.00e+00	0.00e+00	0.00e+00	1.40e-02	3.80e-03	1.92e-03
 2.60029e+16	2.16e-02	9.64e-01	1.48e-02	0.00e+00	0.00e+00	0.00e+00	0.00e+00	0.00e+00	0.00e+00	1.53e-02	4.16e-03	2.11e-03
 2.62440e+16	2.36e-02	9.64e-01	1.22e-02	0.00e+00	0.00e+00	0.00e+00	0.00e+00	0.00e+00	0.00e+00	1.68e-02	4.53e-03	2.30e-03
 2.64771e+16	2.58e-02	9.64e-01	9.84e-03	0.00e+00	0.00e+00	0.00e+00	0.00e+00	0.00e+00	0.00e+00	1.84e-02	4.94e-03	2.51e-03
 2.67040e+16	2.83e-02	9.64e-01	7.82e-03	0.00e+00	0.00e+00	0.00e+00	0.00e+00	0.00e+00	0.00e+00	2.01e-02	5.40e-03	2.75e-03
 2.69200e+16	3.11e-02	9.63e-01	6.12e-03	0.00e+00	0.00e+00	0.00e+00	0.00e+00	0.00e+00	0.00e+00	2.22e-02	5.92e-03	3.02e-03
 2.71159e+16	3.41e-02	9.61e-01	4.74e-03	0.00e+00	0.00e+00	0.00e+00	0.00e+00	0.00e+00	0.00e+00	2.43e-02	6.49e-03	3.31e-03
 2.72895e+16	3.73e-02	9.59e-01	3.66e-03	0.00e+00	0.00e+00	0.00e+00	0.00e+00	0.00e+00	0.00e+00	2.66e-02	7.07e-03	3.61e-03
 2.74461e+16	4.05e-02	9.57e-01	2.82e-03	0.00e+00	0.00e+00	0.00e+00	0.00e+00	0.00e+00	0.00e+00	2.89e-02	7.68e-03	3.92e-03
 2.75933e+16	4.40e-02	9.54e-01	2.13e-03	0.00e+00	0.00e+00	0.00e+00	0.00e+00	0.00e+00	0.00e+00	3.14e-02	8.34e-03	4.26e-03
 2.77351e+16	4.80e-02	9.50e-01	1.58e-03	0.00e+00	0.00e+00	0.00e+00	0.00e+00	0.00e+00	0.00e+00	3.42e-02	9.09e-03	4.64e-03
 2.78720e+16	5.24e-02	9.46e-01	1.14e-03	0.00e+00	0.00e+00	0.00e+00	0.00e+00	0.00e+00	0.00e+00	3.74e-02	9.93e-03	5.07e-03
 2.80050e+16	5.76e-02	9.42e-01	8.06e-04	0.00e+00	0.00e+00	0.00e+00	0.00e+00	0.00e+00	0.00e+00	4.11e-02	1.09e-02	5.56e-03
 2.81566e+16	6.43e-02	9.35e-01	5.22e-04	0.00e+00	0.00e+00	0.00e+00	0.00e+00	0.00e+00	0.00e+00	4.59e-02	1.22e-02	6.21e-03
 2.83228e+16	7.38e-02	9.26e-01	3.12e-04	0.00e+00	0.00e+00	0.00e+00	0.00e+00	0.00e+00	0.00e+00	5.27e-02	1.39e-02	7.13e-03
 2.84747e+16	8.54e-02	9.14e-01	1.87e-04	0.00e+00	0.00e+00	0.00e+00	0.00e+00	0.00e+00	0.00e+00	6.10e-02	1.61e-02	8.24e-03
 2.86168e+16	9.93e-02	9.01e-01	1.12e-04	0.00e+00	0.00e+00	0.00e+00	0.00e+00	0.00e+00	0.00e+00	7.10e-02	1.87e-02	9.57e-03
 2.87523e+16	1.17e-01	8.83e-01	6.71e-05	0.00e+00	0.00e+00	0.00e+00	0.00e+00	0.00e+00	0.00e+00	8.38e-02	2.20e-02	1.13e-02
 2.88704e+16	1.38e-01	8.62e-01	4.14e-05	0.00e+00	0.00e+00	0.00e+00	0.00e+00	0.00e+00	0.00e+00	9.92e-02	2.59e-02	1.33e-02
 2.89670e+16	1.62e-01	8.38e-01	2.67e-05	0.00e+00	0.00e+00	0.00e+00	0.00e+00	0.00e+00	0.00e+00	1.17e-01	3.03e-02	1.56e-02
 2.90467e+16	1.88e-01	8.12e-01	1.80e-05	0.00e+00	0.00e+00	0.00e+00	0.00e+00	0.00e+00	0.00e+00	1.35e-01	3.50e-02	1.80e-02
 2.91165e+16	2.18e-01	7.82e-01	1.23e-05	0.00e+00	0.00e+00	0.00e+00	0.00e+00	0.00e+00	0.00e+00	1.56e-01	4.03e-02	2.08e-02
 2.91808e+16	2.52e-01	7.48e-01	8.27e-06	0.00e+00	0.00e+00	0.00e+00	0.00e+00	0.00e+00	0.00e+00	1.82e-01	4.65e-02	2.41e-02
 2.92398e+16	2.93e-01	7.07e-01	5.50e-06	0.00e+00	0.00e+00	0.00e+00	0.00e+00	0.00e+00	0.00e+00	2.12e-01	5.37e-02	2.79e-02
 2.92903e+16	3.39e-01	6.61e-01	3.69e-06	0.00e+00	0.00e+00	0.00e+00	0.00e+00	0.00e+00	0.00e+00	2.45e-01	6.16e-02	3.21e-02
 2.93284e+16	3.82e-01	6.18e-01	2.62e-06	0.00e+00	0.00e+00	0.00e+00	0.00e+00	0.00e+00	0.00e+00	2.77e-01	6.89e-02	3.60e-02
 2.93541e+16	4.17e-01	5.83e-01	2.02e-06	0.00e+00	0.00e+00	0.00e+00	0.00e+00	0.00e+00	0.00e+00	3.03e-01	7.46e-02	3.91e-02
 2.93726e+16	4.44e-01	5.56e-01	1.66e-06	0.00e+00	0.00e+00	0.00e+00	0.00e+00	0.00e+00	0.00e+00	3.23e-01	7.89e-02	4.15e-02
 2.93884e+16	4.69e-01	5.31e-01	1.38e-06	0.00e+00	0.00e+00	0.00e+00	0.00e+00	0.00e+00	0.00e+00	3.42e-01	8.29e-02	4.37e-02
 2.94035e+16	4.94e-01	5.06e-01	1.14e-06	0.00e+00	0.00e+00	0.00e+00	0.00e+00	0.00e+00	0.00e+00	3.62e-01	8.69e-02	4.59e-02
 2.94176e+16	5.20e-01	4.80e-01	9.52e-07	0.00e+00	0.00e+00	0.00e+00	0.00e+00	0.00e+00	0.00e+00	3.81e-01	9.07e-02	4.80e-02
 2.94301e+16	5.44e-01	4.56e-01	8.03e-07	0.00e+00	0.00e+00	0.00e+00	0.00e+00	0.00e+00	0.00e+00	3.99e-01	9.42e-02	5.00e-02
 2.94407e+16	5.65e-01	4.35e-01	6.88e-07	0.00e+00	0.00e+00	0.00e+00	0.00e+00	0.00e+00	0.00e+00	4.16e-01	9.73e-02	5.18e-02
 2.94502e+16	5.85e-01	4.15e-01	5.96e-07	0.00e+00	0.00e+00	0.00e+00	0.00e+00	0.00e+00	0.00e+00	4.31e-01	1.00e-01	5.34e-02
 2.94576e+16	6.00e-01	4.00e-01	5.31e-07	0.00e+00	0.00e+00	0.00e+00	0.00e+00	0.00e+00	0.00e+00	4.44e-01	1.02e-01	5.46e-02
 2.94629e+16	6.12e-01	3.88e-01	4.87e-07	0.00e+00	0.00e+00	0.00e+00	0.00e+00	0.00e+00	0.00e+00	4.53e-01	1.04e-01	5.55e-02
 2.94678e+16	6.23e-01	3.77e-01	4.49e-07	0.00e+00	0.00e+00	0.00e+00	0.00e+00	0.00e+00	0.00e+00	4.61e-01	1.05e-01	5.63e-02
 2.94731e+16	6.34e-01	3.66e-01	4.10e-07	0.00e+00	0.00e+00	0.00e+00	0.00e+00	0.00e+00	0.00e+00	4.71e-01	1.07e-01	5.72e-02
 2.94788e+16	6.47e-01	3.53e-01	3.71e-07	0.00e+00	0.00e+00	0.00e+00	0.00e+00	0.00e+00	0.00e+00	4.81e-01	1.08e-01	5.82e-02
 2.94843e+16	6.60e-01	3.40e-01	3.36e-07	0.00e+00	0.00e+00	0.00e+00	0.00e+00	0.00e+00	0.00e+00	4.91e-01	1.10e-01	5.91e-02
 2.94894e+16	6.72e-01	3.28e-01	3.06e-07	0.00e+00	0.00e+00	0.00e+00	0.00e+00	0.00e+00	0.00e+00	5.00e-01	1.11e-01	5.99e-02
 2.94943e+16	6.83e-01	3.17e-01	2.79e-07	0.00e+00	0.00e+00	0.00e+00	0.00e+00	0.00e+00	0.00e+00	5.10e-01	1.12e-01	6.07e-02
 2.94991e+16	6.94e-01	3.06e-01	2.54e-07	0.00e+00	0.00e+00	0.00e+00	0.00e+00	0.00e+00	0.00e+00	5.19e-01	1.14e-01	6.15e-02
 2.95039e+16	7.05e-01	2.95e-01	2.31e-07	0.00e+00	0.00e+00	0.00e+00	0.00e+00	0.00e+00	0.00e+00	5.28e-01	1.15e-01	6.22e-02
 2.95086e+16	7.16e-01	2.84e-01	2.11e-07	0.00e+00	0.00e+00	0.00e+00	0.00e+00	0.00e+00	0.00e+00	5.37e-01	1.16e-01	6.29e-02
 2.95131e+16	7.27e-01	2.73e-01	1.92e-07	0.00e+00	0.00e+00	0.00e+00	0.00e+00	0.00e+00	0.00e+00	5.46e-01	1.17e-01	6.36e-02
 2.95175e+16	7.37e-01	2.63e-01	1.75e-07	0.00e+00	0.00e+00	0.00e+00	0.00e+00	0.00e+00	0.00e+00	5.55e-01	1.18e-01	6.42e-02
 2.95219e+16	7.47e-01	2.53e-01	1.59e-07	0.00e+00	0.00e+00	0.00e+00	0.00e+00	0.00e+00	0.00e+00	5.63e-01	1.19e-01	6.48e-02
 2.95261e+16	7.57e-01	2.43e-01	1.45e-07	0.00e+00	0.00e+00	0.00e+00	0.00e+00	0.00e+00	0.00e+00	5.72e-01	1.20e-01	6.54e-02
 2.95303e+16	7.67e-01	2.33e-01	1.32e-07	0.00e+00	0.00e+00	0.00e+00	0.00e+00	0.00e+00	0.00e+00	5.80e-01	1.21e-01	6.59e-02
 2.95344e+16	7.76e-01	2.24e-01	1.20e-07	0.00e+00	0.00e+00	0.00e+00	0.00e+00	0.00e+00	0.00e+00	5.88e-01	1.22e-01	6.63e-02
 2.95384e+16	7.85e-01	2.15e-01	1.10e-07	0.00e+00	0.00e+00	0.00e+00	0.00e+00	0.00e+00	0.00e+00	5.96e-01	1.22e-01	6.67e-02
 2.95423e+16	7.94e-01	2.06e-01	1.00e-07	0.00e+00	0.00e+00	0.00e+00	0.00e+00	0.00e+00	0.00e+00	6.04e-01	1.23e-01	6.70e-02
 2.95461e+16	8.02e-01	1.98e-01	9.12e-08	0.00e+00	0.00e+00	0.00e+00	0.00e+00	0.00e+00	0.00e+00	6.11e-01	1.23e-01	6.73e-02
 2.95499e+16	8.10e-01	1.90e-01	8.32e-08	0.00e+00	0.00e+00	0.00e+00	0.00e+00	0.00e+00	0.00e+00	6.19e-01	1.24e-01	6.76e-02
 2.95536e+16	8.18e-01	1.82e-01	7.59e-08	0.00e+00	0.00e+00	0.00e+00	0.00e+00	0.00e+00	0.00e+00	6.26e-01	1.24e-01	6.79e-02
 2.95572e+16	8.26e-01	1.74e-01	6.93e-08	0.00e+00	0.00e+00	0.00e+00	0.00e+00	0.00e+00	0.00e+00	6.33e-01	1.25e-01	6.81e-02
 2.95608e+16	8.33e-01	1.67e-01	6.34e-08	0.00e+00	0.00e+00	0.00e+00	0.00e+00	0.00e+00	0.00e+00	6.40e-01	1.25e-01	6.83e-02
 2.95642e+16	8.40e-01	1.60e-01	5.80e-08	0.00e+00	0.00e+00	0.00e+00	0.00e+00	0.00e+00	0.00e+00	6.46e-01	1.25e-01	6.84e-02
 2.95675e+16	8.47e-01	1.53e-01	5.32e-08	0.00e+00	0.00e+00	0.00e+00	0.00e+00	0.00e+00	0.00e+00	6.52e-01	1.26e-01	6.86e-02
 2.95708e+16	8.53e-01	1.47e-01	4.88e-08	0.00e+00	0.00e+00	0.00e+00	0.00e+00	0.00e+00	0.00e+00	6.58e-01	1.26e-01	6.87e-02
 2.95740e+16	8.59e-01	1.41e-01	4.48e-08	0.00e+00	0.00e+00	0.00e+00	0.00e+00	0.00e+00	0.00e+00	6.64e-01	1.26e-01	6.88e-02
 2.95771e+16	8.65e-01	1.35e-01	4.11e-08	0.00e+00	0.00e+00	0.00e+00	0.00e+00	0.00e+00	0.00e+00	6.70e-01	1.26e-01	6.88e-02
 2.95801e+16	8.70e-01	1.30e-01	3.79e-08	0.00e+00	0.00e+00	0.00e+00	0.00e+00	0.00e+00	0.00e+00	6.75e-01	1.26e-01	6.89e-02
 2.95831e+16	8.76e-01	1.24e-01	3.48e-08	0.00e+00	0.00e+00	0.00e+00	0.00e+00	0.00e+00	0.00e+00	6.80e-01	1.27e-01	6.89e-02
 2.95861e+16	8.81e-01	1.19e-01	3.21e-08	0.00e+00	0.00e+00	0.00e+00	0.00e+00	0.00e+00	0.00e+00	6.85e-01	1.27e-01	6.89e-02
 2.95889e+16	8.86e-01	1.14e-01	2.95e-08	0.00e+00	0.00e+00	0.00e+00	0.00e+00	0.00e+00	0.00e+00	6.90e-01	1.27e-01	6.89e-02
 2.95917e+16	8.90e-01	1.10e-01	2.73e-08	0.00e+00	0.00e+00	0.00e+00	0.00e+00	0.00e+00	0.00e+00	6.94e-01	1.27e-01	6.89e-02
 2.95945e+16	8.95e-01	1.05e-01	2.51e-08	0.00e+00	0.00e+00	0.00e+00	0.00e+00	0.00e+00	0.00e+00	6.99e-01	1.27e-01	6.89e-02
 2.95973e+16	8.99e-01	1.01e-01	2.32e-08	0.00e+00	0.00e+00	0.00e+00	0.00e+00	0.00e+00	0.00e+00	7.03e-01	1.27e-01	6.89e-02
 2.96000e+16	9.03e-01	9.69e-02	2.14e-08	0.00e+00	0.00e+00	0.00e+00	0.00e+00	0.00e+00	0.00e+00	7.07e-01	1.27e-01	6.89e-02
 2.96026e+16	9.07e-01	9.30e-02	1.98e-08	0.00e+00	0.00e+00	0.00e+00	0.00e+00	0.00e+00	0.00e+00	7.11e-01	1.27e-01	6.88e-02
 2.96052e+16	9.11e-01	8.93e-02	1.83e-08	0.00e+00	0.00e+00	0.00e+00	0.00e+00	0.00e+00	0.00e+00	7.15e-01	1.27e-01	6.88e-02
 2.96078e+16	9.14e-01	8.56e-02	1.70e-08	0.00e+00	0.00e+00	0.00e+00	0.00e+00	0.00e+00	0.00e+00	7.19e-01	1.27e-01	6.87e-02
 2.96103e+16	9.18e-01	8.22e-02	1.57e-08	0.00e+00	0.00e+00	0.00e+00	0.00e+00	0.00e+00	0.00e+00	7.22e-01	1.27e-01	6.87e-02
 2.96128e+16	9.21e-01	7.89e-02	1.45e-08	0.00e+00	0.00e+00	0.00e+00	0.00e+00	0.00e+00	0.00e+00	7.25e-01	1.27e-01	6.86e-02
 2.96152e+16	9.24e-01	7.57e-02	1.35e-08	0.00e+00	0.00e+00	0.00e+00	0.00e+00	0.00e+00	0.00e+00	7.29e-01	1.27e-01	6.85e-02
 2.96177e+16	9.27e-01	7.26e-02	1.24e-08	0.00e+00	0.00e+00	0.00e+00	0.00e+00	0.00e+00	0.00e+00	7.32e-01	1.27e-01	6.85e-02
 2.96201e+16	9.30e-01	6.97e-02	1.15e-08	0.00e+00	0.00e+00	0.00e+00	0.00e+00	0.00e+00	0.00e+00	7.35e-01	1.27e-01	6.84e-02
 2.96224e+16	9.33e-01	6.69e-02	1.07e-08	0.00e+00	0.00e+00	0.00e+00	0.00e+00	0.00e+00	0.00e+00	7.38e-01	1.27e-01	6.84e-02
 2.96247e+16	9.36e-01	6.42e-02	9.93e-09	0.00e+00	0.00e+00	0.00e+00	0.00e+00	0.00e+00	0.00e+00	7.40e-01	1.27e-01	6.83e-02
 2.96270e+16	9.38e-01	6.16e-02	9.21e-09	0.00e+00	0.00e+00	0.00e+00	0.00e+00	0.00e+00	0.00e+00	7.43e-01	1.27e-01	6.83e-02
 2.96293e+16	9.41e-01	5.91e-02	8.56e-09	0.00e+00	0.00e+00	0.00e+00	0.00e+00	0.00e+00	0.00e+00	7.45e-01	1.27e-01	6.82e-02
 2.96315e+16	9.43e-01	5.67e-02	7.92e-09	0.00e+00	0.00e+00	0.00e+00	0.00e+00	0.00e+00	0.00e+00	7.48e-01	1.28e-01	6.82e-02
 2.96337e+16	9.46e-01	5.44e-02	7.36e-09	0.00e+00	0.00e+00	0.00e+00	0.00e+00	0.00e+00	0.00e+00	7.50e-01	1.28e-01	6.81e-02
 2.96358e+16	9.48e-01	5.22e-02	6.84e-09	0.00e+00	0.00e+00	0.00e+00	0.00e+00	0.00e+00	0.00e+00	7.52e-01	1.28e-01	6.81e-02
 2.96379e+16	9.50e-01	5.01e-02	6.36e-09	0.00e+00	0.00e+00	0.00e+00	0.00e+00	0.00e+00	0.00e+00	7.54e-01	1.28e-01	6.80e-02
 2.96401e+16	9.52e-01	4.81e-02	5.89e-09	0.00e+00	0.00e+00	0.00e+00	0.00e+00	0.00e+00	0.00e+00	7.56e-01	1.28e-01	6.80e-02
 2.96421e+16	9.54e-01	4.61e-02	5.47e-09	0.00e+00	0.00e+00	0.00e+00	0.00e+00	0.00e+00	0.00e+00	7.58e-01	1.28e-01	6.80e-02
 2.96441e+16	9.56e-01	4.43e-02	5.09e-09	0.00e+00	0.00e+00	0.00e+00	0.00e+00	0.00e+00	0.00e+00	7.59e-01	1.28e-01	6.80e-02
 2.96461e+16	9.57e-01	4.25e-02	4.73e-09	0.00e+00	0.00e+00	0.00e+00	0.00e+00	0.00e+00	0.00e+00	7.61e-01	1.29e-01	6.80e-02
 2.96481e+16	9.59e-01	4.08e-02	4.40e-09	0.00e+00	0.00e+00	0.00e+00	0.00e+00	0.00e+00	0.00e+00	7.63e-01	1.29e-01	6.79e-02
 2.96500e+16	9.61e-01	3.91e-02	4.09e-09	0.00e+00	0.00e+00	0.00e+00	0.00e+00	0.00e+00	0.00e+00	7.64e-01	1.29e-01	6.79e-02
 2.96519e+16	9.62e-01	3.75e-02	3.80e-09	0.00e+00	0.00e+00	0.00e+00	0.00e+00	0.00e+00	0.00e+00	7.65e-01	1.29e-01	6.79e-02
 2.96537e+16	9.64e-01	3.60e-02	3.53e-09	0.00e+00	0.00e+00	0.00e+00	0.00e+00	0.00e+00	0.00e+00	7.66e-01	1.30e-01	6.80e-02
 2.96555e+16	9.65e-01	3.45e-02	3.28e-09	0.00e+00	0.00e+00	0.00e+00	0.00e+00	0.00e+00	0.00e+00	7.68e-01	1.30e-01	6.80e-02
 2.96573e+16	9.67e-01	3.31e-02	3.05e-09	0.00e+00	0.00e+00	0.00e+00	0.00e+00	0.00e+00	0.00e+00	7.68e-01	1.30e-01	6.80e-02
 2.96590e+16	9.68e-01	3.18e-02	2.84e-09	0.00e+00	0.00e+00	0.00e+00	0.00e+00	0.00e+00	0.00e+00	7.69e-01	1.31e-01	6.81e-02
 2.96607e+16	9.70e-01	3.05e-02	2.64e-09	0.00e+00	0.00e+00	0.00e+00	0.00e+00	0.00e+00	0.00e+00	7.70e-01	1.31e-01	6.81e-02
 2.96623e+16	9.71e-01	2.92e-02	2.46e-09	0.00e+00	0.00e+00	0.00e+00	0.00e+00	0.00e+00	0.00e+00	7.71e-01	1.32e-01	6.82e-02
 2.96639e+16	9.72e-01	2.80e-02	2.28e-09	0.00e+00	0.00e+00	0.00e+00	0.00e+00	0.00e+00	0.00e+00	7.71e-01	1.32e-01	6.83e-02
 2.96655e+16	9.73e-01	2.68e-02	2.13e-09	0.00e+00	0.00e+00	0.00e+00	0.00e+00	0.00e+00	0.00e+00	7.72e-01	1.33e-01	6.83e-02
 2.96670e+16	9.74e-01	2.58e-02	1.98e-09	0.00e+00	0.00e+00	0.00e+00	0.00e+00	0.00e+00	0.00e+00	7.72e-01	1.33e-01	6.84e-02
 2.96683e+16	9.75e-01	2.48e-02	1.85e-09	0.00e+00	0.00e+00	0.00e+00	0.00e+00	0.00e+00	0.00e+00	7.73e-01	1.34e-01	6.85e-02
 2.96696e+16	9.76e-01	2.38e-02	1.73e-09	0.00e+00	0.00e+00	0.00e+00	0.00e+00	0.00e+00	0.00e+00	7.73e-01	1.35e-01	6.86e-02
 2.96708e+16	9.77e-01	2.29e-02	1.63e-09	0.00e+00	0.00e+00	0.00e+00	0.00e+00	0.00e+00	0.00e+00	7.73e-01	1.35e-01	6.87e-02
 2.96720e+16	9.78e-01	2.21e-02	1.53e-09	0.00e+00	0.00e+00	0.00e+00	0.00e+00	0.00e+00	0.00e+00	7.73e-01	1.36e-01	6.88e-02
 2.96731e+16	9.79e-01	2.13e-02	1.43e-09	0.00e+00	0.00e+00	0.00e+00	0.00e+00	0.00e+00	0.00e+00	7.73e-01	1.37e-01	6.90e-02
 2.96741e+16	9.79e-01	2.05e-02	1.35e-09	0.00e+00	0.00e+00	0.00e+00	0.00e+00	0.00e+00	0.00e+00	7.73e-01	1.38e-01	6.91e-02
 2.96751e+16	9.80e-01	1.98e-02	1.27e-09	0.00e+00	0.00e+00	0.00e+00	0.00e+00	0.00e+00	0.00e+00	7.72e-01	1.39e-01	6.93e-02
 2.96760e+16	9.81e-01	1.91e-02	1.20e-09	0.00e+00	0.00e+00	0.00e+00	0.00e+00	0.00e+00	0.00e+00	7.72e-01	1.39e-01	6.94e-02
 2.96769e+16	9.82e-01	1.85e-02	1.13e-09	0.00e+00	0.00e+00	0.00e+00	0.00e+00	0.00e+00	0.00e+00	7.72e-01	1.40e-01	6.96e-02
 2.96777e+16	9.82e-01	1.79e-02	1.07e-09	0.00e+00	0.00e+00	0.00e+00	0.00e+00	0.00e+00	0.00e+00	7.71e-01	1.41e-01	6.97e-02
 2.96785e+16	9.83e-01	1.72e-02	1.01e-09	0.00e+00	0.00e+00	0.00e+00	0.00e+00	0.00e+00	0.00e+00	7.71e-01	1.42e-01	6.99e-02
 2.96793e+16	9.83e-01	1.66e-02	9.47e-10	0.00e+00	0.00e+00	0.00e+00	0.00e+00	0.00e+00	0.00e+00	7.70e-01	1.43e-01	7.01e-02
 2.96801e+16	9.84e-01	1.61e-02	8.91e-10	0.00e+00	0.00e+00	0.00e+00	0.00e+00	0.00e+00	0.00e+00	7.69e-01	1.44e-01	7.03e-02
 2.96808e+16	9.85e-01	1.55e-02	8.38e-10	0.00e+00	0.00e+00	0.00e+00	0.00e+00	0.00e+00	0.00e+00	7.68e-01	1.46e-01	7.05e-02
 2.96815e+16	9.85e-01	1.49e-02	7.86e-10	0.00e+00	0.00e+00	0.00e+00	0.00e+00	0.00e+00	0.00e+00	7.67e-01	1.47e-01	7.08e-02
 2.96822e+16	9.86e-01	1.43e-02	7.35e-10	0.00e+00	0.00e+00	0.00e+00	0.00e+00	0.00e+00	0.00e+00	7.66e-01	1.48e-01	7.10e-02
 2.96829e+16	9.86e-01	1.37e-02	6.83e-10	0.00e+00	0.00e+00	0.00e+00	0.00e+00	0.00e+00	0.00e+00	7.65e-01	1.50e-01	7.13e-02
 2.96836e+16	9.87e-01	1.31e-02	6.32e-10	0.00e+00	0.00e+00	0.00e+00	0.00e+00	0.00e+00	0.00e+00	7.63e-01	1.52e-01	7.17e-02
 2.96842e+16	9.88e-01	1.25e-02	5.83e-10	0.00e+00	0.00e+00	0.00e+00	0.00e+00	0.00e+00	0.00e+00	7.62e-01	1.54e-01	7.20e-02
 2.96848e+16	9.88e-01	1.19e-02	5.38e-10	0.00e+00	0.00e+00	0.00e+00	0.00e+00	0.00e+00	0.00e+00	7.60e-01	1.56e-01	7.23e-02
 2.96854e+16	9.89e-01	1.14e-02	4.97e-10	0.00e+00	0.00e+00	0.00e+00	0.00e+00	0.00e+00	0.00e+00	7.58e-01	1.58e-01	7.27e-02
 2.96859e+16	9.89e-01	1.08e-02	4.59e-10	0.00e+00	0.00e+00	0.00e+00	0.00e+00	0.00e+00	0.00e+00	7.56e-01	1.60e-01	7.30e-02
 2.96863e+16	9.90e-01	1.04e-02	4.25e-10	0.00e+00	0.00e+00	0.00e+00	0.00e+00	0.00e+00	0.00e+00	7.54e-01	1.62e-01	7.33e-02
 2.96867e+16	9.90e-01	9.91e-03	3.93e-10	0.00e+00	0.00e+00	0.00e+00	0.00e+00	0.00e+00	0.00e+00	7.52e-01	1.64e-01	7.37e-02
 2.96871e+16	9.91e-01	9.49e-03	3.65e-10	0.00e+00	0.00e+00	0.00e+00	0.00e+00	0.00e+00	0.00e+00	7.50e-01	1.66e-01	7.40e-02
 2.96875e+16	9.91e-01	9.10e-03	3.39e-10	0.00e+00	0.00e+00	0.00e+00	0.00e+00	0.00e+00	0.00e+00	7.48e-01	1.68e-01	7.43e-02
 2.96878e+16	9.91e-01	8.74e-03	3.16e-10	0.00e+00	0.00e+00	0.00e+00	0.00e+00	0.00e+00	0.00e+00	7.47e-01	1.70e-01	7.46e-02
 2.96881e+16	9.92e-01	8.39e-03	2.94e-10	0.00e+00	0.00e+00	0.00e+00	0.00e+00	0.00e+00	0.00e+00	7.45e-01	1.72e-01	7.48e-02
 2.96884e+16	9.92e-01	8.03e-03	2.72e-10	0.00e+00	0.00e+00	0.00e+00	0.00e+00	0.00e+00	0.00e+00	7.43e-01	1.74e-01	7.51e-02
 2.96887e+16	9.92e-01	7.69e-03	2.52e-10	0.00e+00	0.00e+00	0.00e+00	0.00e+00	0.00e+00	0.00e+00	7.41e-01	1.76e-01	7.54e-02
 2.96890e+16	9.93e-01	7.35e-03	2.33e-10	0.00e+00	0.00e+00	0.00e+00	0.00e+00	0.00e+00	0.00e+00	7.39e-01	1.78e-01	7.56e-02
