#depth	H	H+	H2
 6.36290e+11	1.38e-03	9.99e-01	2.09e-12
 3.81774e+12	1.38e-03	9.99e-01	2.10e-12
 1.65435e+13	1.38e-03	9.99e-01	2.11e-12
 6.74468e+13	1.39e-03	9.99e-01	2.17e-12
 1.61109e+14	1.37e-03	9.99e-01	2.24e-12
 2.82869e+14	1.37e-03	9.99e-01	2.35e-12
 4.41158e+14	1.39e-03	9.99e-01	2.53e-12
 6.46933e+14	1.42e-03	9.99e-01	2.79e-12
 9.14441e+14	1.47e-03	9.99e-01	3.17e-12
 1.21292e+15	1.52e-03	9.98e-01	3.62e-12
 1.50094e+15	1.59e-03	9.98e-01	4.12e-12
 1.77746e+15	1.68e-03	9.98e-01	4.69e-12
 2.08976e+15	1.79e-03	9.98e-01	5.49e-12
 2.49576e+15	1.97e-03	9.98e-01	6.76e-12
 2.92917e+15	2.16e-03	9.98e-01	8.38e-12
 3.39822e+15	2.42e-03	9.98e-01	1.06e-11
 3.90146e+15	2.70e-03	9.97e-01	1.36e-11
 4.35947e+15	2.99e-03	9.97e-01	1.68e-11
 4.86519e+15	3.35e-03	9.97e-01	2.08e-11
 5.42452e+15	3.76e-03	9.96e-01	2.63e-11
 5.83323e+15	4.06e-03	9.96e-01	3.10e-11
 6.07446e+15	4.26e-03	9.96e-01	3.39e-11
 6.31829e+15	4.47e-03	9.96e-01	3.70e-11
 6.63527e+15	4.76e-03	9.95e-01	4.11e-11
 6.98137e+15	5.08e-03	9.95e-01	4.60e-11
 7.29668e+15	5.38e-03	9.95e-01	5.07e-11
 7.59233e+15	5.68e-03	9.94e-01	5.54e-11
 7.93109e+15	6.04e-03	9.94e-01	6.06e-11
 8.29529e+15	6.44e-03	9.94e-01	6.68e-11
 8.61804e+15	6.80e-03	9.93e-01	7.26e-11
 8.96309e+15	7.22e-03	9.93e-01	7.83e-11
 9.33609e+15	7.68e-03	9.92e-01	8.52e-11
 9.66831e+15	8.12e-03	9.92e-01	9.18e-11
 9.97500e+15	8.54e-03	9.91e-01	9.76e-11
 1.03256e+16	9.05e-03	9.91e-01	1.03e-10
 1.07027e+16	9.64e-03	9.90e-01	1.12e-10
 1.10315e+16	1.02e-02	9.90e-01	1.19e-10
 1.13261e+16	1.07e-02	9.89e-01	1.26e-10
 1.16590e+16	1.13e-02	9.89e-01	1.32e-10
 1.20224e+16	1.21e-02	9.88e-01	1.41e-10
 1.23443e+16	1.28e-02	9.87e-01	1.50e-10
 1.26299e+16	1.35e-02	9.87e-01	1.58e-10
 1.29498e+16	1.43e-02	9.86e-01	1.65e-10
 1.32989e+16	1.53e-02	9.85e-01	1.75e-10
 1.36081e+16	1.63e-02	9.84e-01	1.86e-10
 1.38820e+16	1.73e-02	9.83e-01	1.96e-10
 1.41877e+16	1.84e-02	9.82e-01	2.04e-10
 1.45242e+16	1.99e-02	9.80e-01	2.16e-10
 1.48266e+16	2.15e-02	9.79e-01	2.31e-10
 1.50945e+16	2.30e-02	9.77e-01	2.44e-10
 1.53911e+16	2.48e-02	9.75e-01	2.53e-10
 1.57249e+16	2.73e-02	9.73e-01	2.70e-10
 1.60312e+16	3.00e-02	9.70e-01	2.91e-10
 1.62948e+16	3.28e-02	9.67e-01	3.11e-10
 1.65783e+16	3.61e-02	9.64e-01	3.27e-10
 1.68873e+16	4.06e-02	9.59e-01	3.52e-10
 1.71550e+16	4.54e-02	9.55e-01	3.81e-10
 1.73799e+16	5.02e-02	9.50e-01	4.07e-10
 1.76236e+16	5.60e-02	9.44e-01	4.27e-10
 1.78987e+16	6.43e-02	9.36e-01	4.60e-10
 1.81510e+16	7.40e-02	9.26e-01	5.01e-10
 1.83640e+16	8.39e-02	9.16e-01	5.41e-10
 1.85536e+16	9.43e-02	9.06e-01	5.78e-10
 1.87343e+16	1.06e-01	8.94e-01	6.16e-10
 1.89089e+16	1.19e-01	8.81e-01	6.57e-10
 1.90725e+16	1.34e-01	8.66e-01	7.02e-10
 1.92222e+16	1.49e-01	8.51e-01	7.50e-10
 1.93599e+16	1.65e-01	8.35e-01	7.99e-10
 1.94893e+16	1.82e-01	8.18e-01	8.49e-10
 1.96130e+16	2.01e-01	7.99e-01	9.03e-10
 1.97311e+16	2.20e-01	7.80e-01	9.64e-10
 1.98428e+16	2.40e-01	7.60e-01	1.02e-09
 1.99506e+16	2.61e-01	7.39e-01	1.08e-09
 2.00562e+16	2.84e-01	7.16e-01	1.16e-09
 2.01580e+16	3.08e-01	6.92e-01	1.24e-09
 2.02548e+16	3.31e-01	6.69e-01	1.32e-09
 2.03485e+16	3.56e-01	6.44e-01	1.41e-09
 2.04409e+16	3.81e-01	6.19e-01	1.50e-09
 2.05324e+16	4.07e-01	5.93e-01	1.60e-09
 2.06224e+16	4.34e-01	5.66e-01	1.72e-09
 2.07085e+16	4.60e-01	5.40e-01	1.83e-09
 2.07882e+16	4.85e-01	5.15e-01	1.95e-09
 2.08617e+16	5.08e-01	4.92e-01	2.07e-09
 2.09312e+16	5.30e-01	4.70e-01	2.18e-09
 2.09852e+16	5.47e-01	4.53e-01	2.29e-09
 2.10207e+16	5.57e-01	4.43e-01	2.35e-09
 2.10552e+16	5.67e-01	4.33e-01	2.41e-09
 2.10971e+16	5.80e-01	4.20e-01	2.48e-09
 2.11430e+16	5.94e-01	4.06e-01	2.57e-09
 2.11864e+16	6.08e-01	3.92e-01	2.66e-09
 2.12251e+16	6.19e-01	3.81e-01	2.74e-09
 2.12630e+16	6.30e-01	3.70e-01	2.81e-09
 2.13035e+16	6.43e-01	3.57e-01	2.91e-09
 2.13449e+16	6.55e-01	3.45e-01	2.99e-09
 2.13850e+16	6.67e-01	3.33e-01	3.09e-09
 2.14238e+16	6.77e-01	3.23e-01	3.17e-09
 2.14627e+16	6.88e-01	3.12e-01	3.27e-09
 2.15026e+16	7.00e-01	3.00e-01	3.38e-09
 2.15418e+16	7.10e-01	2.90e-01	3.48e-09
 2.15802e+16	7.21e-01	2.79e-01	3.57e-09
 2.16189e+16	7.31e-01	2.69e-01	3.69e-09
 2.16577e+16	7.41e-01	2.59e-01	3.79e-09
 2.16964e+16	7.51e-01	2.49e-01	3.91e-09
 2.17347e+16	7.60e-01	2.40e-01	4.01e-09
 2.17728e+16	7.69e-01	2.31e-01	4.14e-09
 2.18114e+16	7.79e-01	2.21e-01	4.26e-09
 2.18493e+16	7.87e-01	2.13e-01	4.39e-09
 2.18866e+16	7.96e-01	2.04e-01	4.51e-09
 2.19242e+16	8.04e-01	1.96e-01	4.64e-09
 2.19621e+16	8.12e-01	1.88e-01	4.78e-09
 2.19998e+16	8.20e-01	1.80e-01	4.92e-09
 2.20370e+16	8.27e-01	1.73e-01	5.08e-09
 2.20737e+16	8.34e-01	1.66e-01	5.22e-09
 2.21099e+16	8.41e-01	1.59e-01	5.39e-09
 2.21459e+16	8.48e-01	1.52e-01	5.52e-09
 2.21817e+16	8.54e-01	1.46e-01	5.70e-09
 2.22170e+16	8.60e-01	1.40e-01	5.89e-09
 2.22521e+16	8.66e-01	1.34e-01	6.07e-09
 2.22868e+16	8.72e-01	1.28e-01	6.24e-09
 2.23205e+16	8.77e-01	1.23e-01	6.46e-09
 2.23540e+16	8.82e-01	1.18e-01	6.63e-09
 2.23873e+16	8.87e-01	1.13e-01	6.86e-09
 2.24199e+16	8.91e-01	1.09e-01	7.08e-09
 2.24520e+16	8.96e-01	1.04e-01	7.31e-09
 2.24841e+16	9.00e-01	9.99e-02	7.55e-09
 2.25157e+16	9.04e-01	9.58e-02	7.80e-09
 2.25468e+16	9.08e-01	9.20e-02	8.06e-09
 2.25776e+16	9.12e-01	8.83e-02	8.33e-09
 2.26081e+16	9.15e-01	8.47e-02	8.64e-09
 2.26381e+16	9.19e-01	8.13e-02	8.96e-09
 2.26679e+16	9.22e-01	7.80e-02	9.29e-09
 2.26976e+16	9.25e-01	7.49e-02	9.65e-09
 2.27269e+16	9.28e-01	7.19e-02	1.00e-08
 2.27557e+16	9.31e-01	6.91e-02	1.04e-08
 2.27842e+16	9.34e-01	6.63e-02	1.09e-08
 2.28126e+16	9.36e-01	6.37e-02	1.14e-08
 2.28407e+16	9.39e-01	6.12e-02	1.19e-08
 2.28683e+16	9.41e-01	5.88e-02	1.24e-08
 2.28958e+16	9.44e-01	5.65e-02	1.30e-08
 2.29231e+16	9.46e-01	5.42e-02	1.37e-08
 2.29503e+16	9.48e-01	5.21e-02	1.44e-08
 2.29770e+16	9.50e-01	5.01e-02	1.52e-08
 2.30034e+16	9.52e-01	4.81e-02	1.62e-08
 2.30297e+16	9.54e-01	4.62e-02	1.72e-08
 2.30556e+16	9.56e-01	4.45e-02	1.82e-08
 2.30813e+16	9.57e-01	4.27e-02	1.95e-08
 2.31073e+16	9.59e-01	4.10e-02	2.10e-08
 2.31329e+16	9.61e-01	3.94e-02	2.27e-08
 2.31577e+16	9.62e-01	3.78e-02	2.47e-08
 2.31826e+16	9.64e-01	3.64e-02	2.69e-08
 2.32074e+16	9.65e-01	3.49e-02	2.97e-08
 2.32318e+16	9.66e-01	3.35e-02	3.29e-08
 2.32559e+16	9.68e-01	3.22e-02	3.68e-08
 2.32791e+16	9.69e-01	3.10e-02	4.14e-08
 2.33005e+16	9.70e-01	2.99e-02	4.66e-08
 2.33196e+16	9.71e-01	2.90e-02	5.24e-08
 2.33367e+16	9.72e-01	2.82e-02	5.86e-08
 2.33527e+16	9.73e-01	2.74e-02	6.61e-08
 2.33673e+16	9.73e-01	2.68e-02	7.38e-08
 2.33807e+16	9.74e-01	2.62e-02	8.28e-08
 2.33932e+16	9.74e-01	2.56e-02	9.29e-08
 2.34048e+16	9.75e-01	2.51e-02	1.04e-07
 2.34154e+16	9.75e-01	2.47e-02	1.16e-07
 2.34254e+16	9.76e-01	2.42e-02	1.30e-07
 2.34348e+16	9.76e-01	2.38e-02	1.46e-07
 2.34436e+16	9.77e-01	2.34e-02	1.64e-07
 2.34517e+16	9.77e-01	2.31e-02	1.83e-07
 2.34593e+16	9.77e-01	2.27e-02	2.05e-07
 2.34665e+16	9.78e-01	2.24e-02	2.29e-07
 2.34733e+16	9.78e-01	2.21e-02	2.57e-07
 2.34797e+16	9.78e-01	2.18e-02	2.86e-07
 2.34858e+16	9.78e-01	2.15e-02	3.21e-07
 2.34915e+16	9.79e-01	2.13e-02	3.58e-07
 2.34969e+16	9.79e-01	2.11e-02	3.99e-07
 2.35021e+16	9.79e-01	2.08e-02	4.48e-07
 2.35071e+16	9.79e-01	2.06e-02	4.99e-07
 2.35118e+16	9.80e-01	2.04e-02	5.56e-07
 2.35164e+16	9.80e-01	2.01e-02	6.24e-07
 2.35207e+16	9.80e-01	1.99e-02	6.93e-07
 2.35249e+16	9.80e-01	1.97e-02	7.74e-07
 2.35290e+16	9.80e-01	1.95e-02	8.57e-07
 2.35330e+16	9.81e-01	1.93e-02	9.58e-07
 2.35371e+16	9.81e-01	1.91e-02	1.07e-06
 2.35409e+16	9.81e-01	1.89e-02	1.18e-06
 2.35448e+16	9.81e-01	1.87e-02	1.32e-06
 2.35487e+16	9.82e-01	1.85e-02	1.46e-06
 2.35526e+16	9.82e-01	1.83e-02	1.62e-06
 2.35566e+16	9.82e-01	1.81e-02	1.79e-06
 2.35607e+16	9.82e-01	1.78e-02	1.97e-06
 2.35651e+16	9.82e-01	1.76e-02	2.17e-06
 2.35698e+16	9.83e-01	1.73e-02	2.38e-06
 2.35750e+16	9.83e-01	1.70e-02	2.61e-06
 2.35803e+16	9.83e-01	1.66e-02	2.80e-06
 2.35852e+16	9.84e-01	1.63e-02	2.94e-06
 2.35896e+16	9.84e-01	1.60e-02	3.05e-06
 2.35937e+16	9.84e-01	1.58e-02	3.13e-06
 2.35973e+16	9.84e-01	1.56e-02	3.19e-06
 2.36007e+16	9.85e-01	1.54e-02	3.24e-06
 2.36037e+16	9.85e-01	1.52e-02	3.28e-06
 2.36065e+16	9.85e-01	1.50e-02	3.31e-06
 2.36090e+16	9.85e-01	1.49e-02	3.34e-06
 2.36118e+16	9.85e-01	1.47e-02	3.37e-06
 2.36148e+16	9.85e-01	1.45e-02	3.40e-06
 2.36175e+16	9.86e-01	1.43e-02	3.43e-06
 2.36200e+16	9.86e-01	1.42e-02	3.45e-06
 2.36227e+16	9.86e-01	1.40e-02	3.48e-06
 2.36256e+16	9.86e-01	1.39e-02	3.52e-06
 2.36282e+16	9.86e-01	1.37e-02	3.55e-06
 2.36307e+16	9.86e-01	1.36e-02	3.58e-06
 2.36333e+16	9.87e-01	1.34e-02	3.61e-06
 2.36362e+16	9.87e-01	1.33e-02	3.63e-06
 2.36393e+16	9.87e-01	1.32e-02	3.66e-06
 2.36434e+16	9.87e-01	1.30e-02	3.71e-06
 2.36478e+16	9.87e-01	1.28e-02	3.75e-06
 2.36518e+16	9.87e-01	1.26e-02	3.80e-06
 2.36554e+16	9.88e-01	1.24e-02	3.84e-06
 2.36588e+16	9.88e-01	1.23e-02	3.88e-06
 2.36624e+16	9.88e-01	1.21e-02	3.92e-06
 2.36663e+16	9.88e-01	1.20e-02	3.98e-06
 2.36699e+16	9.88e-01	1.18e-02	4.02e-06
 2.36731e+16	9.88e-01	1.17e-02	4.07e-06
 2.36767e+16	9.88e-01	1.15e-02	4.12e-06
 2.36805e+16	9.89e-01	1.14e-02	4.18e-06
 2.36840e+16	9.89e-01	1.12e-02	4.24e-06
 2.36872e+16	9.89e-01	1.11e-02	4.30e-06
 2.36901e+16	9.89e-01	1.09e-02	4.36e-06
 2.36928e+16	9.89e-01	1.08e-02	4.41e-06
 2.36956e+16	9.89e-01	1.07e-02	4.47e-06
 2.36988e+16	9.89e-01	1.06e-02	4.54e-06
 2.37016e+16	9.90e-01	1.04e-02	4.60e-06
 2.37047e+16	9.90e-01	1.03e-02	4.67e-06
 2.37081e+16	9.90e-01	1.02e-02	4.74e-06
 2.37111e+16	9.90e-01	1.00e-02	4.81e-06
 2.37139e+16	9.90e-01	9.89e-03	4.88e-06
