#depth	O	O+	O+2	O+3	O+4	O+5	O+6	O+7	O+8	O[1]	O[2]	O[3]
 6.36290e+11	3.97e-06	4.21e-03	5.40e-01	4.55e-01	1.61e-03	0.00e+00	0.00e+00	0.00e+00	0.00e+00	2.94e-06	6.67e-07	3.66e-07
 3.81774e+12	3.98e-06	4.22e-03	5.41e-01	4.54e-01	1.60e-03	0.00e+00	0.00e+00	0.00e+00	0.00e+00	2.95e-06	6.69e-07	3.67e-07
 1.65435e+13	4.03e-06	4.26e-03	5.44e-01	4.50e-01	1.57e-03	0.00e+00	0.00e+00	0.00e+00	0.00e+00	2.98e-06	6.77e-07	3.72e-07
 6.74468e+13	4.18e-06	4.39e-03	5.56e-01	4.38e-01	1.46e-03	0.00e+00	0.00e+00	0.00e+00	0.00e+00	3.09e-06	7.04e-07	3.87e-07
 1.61109e+14	4.32e-06	4.56e-03	5.74e-01	4.21e-01	1.31e-03	0.00e+00	0.00e+00	0.00e+00	0.00e+00	3.20e-06	7.28e-07	4.00e-07
 2.82869e+14	4.59e-06	4.81e-03	5.98e-01	3.96e-01	1.13e-03	0.00e+00	0.00e+00	0.00e+00	0.00e+00	3.40e-06	7.72e-07	4.25e-07
 4.41158e+14	5.03e-06	5.18e-03	6.30e-01	3.64e-01	9.23e-04	0.00e+00	0.00e+00	0.00e+00	0.00e+00	3.72e-06	8.44e-07	4.64e-07
 6.46933e+14	5.70e-06	5.69e-03	6.73e-01	3.21e-01	6.99e-04	0.00e+00	0.00e+00	0.00e+00	0.00e+00	4.23e-06	9.53e-07	5.25e-07
 9.14441e+14	6.74e-06	6.42e-03	7.27e-01	2.66e-01	4.72e-04	0.00e+00	0.00e+00	0.00e+00	0.00e+00	5.00e-06	1.12e-06	6.18e-07
 1.21292e+15	7.95e-06	7.22e-03	7.83e-01	2.09e-01	2.96e-04	0.00e+00	0.00e+00	0.00e+00	0.00e+00	5.91e-06	1.32e-06	7.27e-07
 1.50094e+15	9.32e-06	8.03e-03	8.32e-01	1.60e-01	1.80e-04	0.00e+00	0.00e+00	0.00e+00	0.00e+00	6.93e-06	1.54e-06	8.49e-07
 1.77746e+15	1.09e-05	8.83e-03	8.72e-01	1.19e-01	1.07e-04	0.00e+00	0.00e+00	0.00e+00	0.00e+00	8.11e-06	1.80e-06	9.89e-07
 2.08976e+15	1.31e-05	9.81e-03	9.08e-01	8.19e-02	5.61e-05	0.00e+00	0.00e+00	0.00e+00	0.00e+00	9.76e-06	2.16e-06	1.19e-06
 2.49576e+15	1.65e-05	1.11e-02	9.41e-01	4.83e-02	2.29e-05	0.00e+00	0.00e+00	0.00e+00	0.00e+00	1.23e-05	2.71e-06	1.49e-06
 2.92917e+15	2.05e-05	1.24e-02	9.61e-01	2.67e-02	8.64e-06	0.00e+00	0.00e+00	0.00e+00	0.00e+00	1.54e-05	3.36e-06	1.84e-06
 3.39822e+15	2.64e-05	1.41e-02	9.72e-01	1.36e-02	2.83e-06	0.00e+00	0.00e+00	0.00e+00	0.00e+00	1.98e-05	4.29e-06	2.35e-06
 3.90146e+15	3.38e-05	1.59e-02	9.77e-01	6.66e-03	8.81e-07	0.00e+00	0.00e+00	0.00e+00	0.00e+00	2.53e-05	5.47e-06	2.99e-06
 4.35947e+15	4.23e-05	1.77e-02	9.79e-01	3.50e-03	3.08e-07	0.00e+00	0.00e+00	0.00e+00	0.00e+00	3.17e-05	6.81e-06	3.72e-06
 4.86519e+15	5.46e-05	2.01e-02	9.78e-01	1.72e-03	0.00e+00	0.00e+00	0.00e+00	0.00e+00	0.00e+00	4.10e-05	8.77e-06	4.78e-06
 5.42452e+15	7.14e-05	2.29e-02	9.76e-01	8.13e-04	0.00e+00	0.00e+00	0.00e+00	0.00e+00	0.00e+00	5.37e-05	1.14e-05	6.22e-06
 5.83323e+15	8.55e-05	2.52e-02	9.74e-01	4.94e-04	0.00e+00	0.00e+00	0.00e+00	0.00e+00	0.00e+00	6.44e-05	1.37e-05	7.42e-06
 6.07446e+15	9.56e-05	2.66e-02	9.73e-01	3.67e-04	0.00e+00	0.00e+00	0.00e+00	0.00e+00	0.00e+00	7.20e-05	1.53e-05	8.29e-06
 6.31829e+15	1.08e-04	2.83e-02	9.71e-01	2.68e-04	0.00e+00	0.00e+00	0.00e+00	0.00e+00	0.00e+00	8.11e-05	1.71e-05	9.31e-06
 6.63527e+15	1.25e-04	3.06e-02	9.69e-01	1.79e-04	0.00e+00	0.00e+00	0.00e+00	0.00e+00	0.00e+00	9.45e-05	1.99e-05	1.08e-05
 6.98137e+15	1.47e-04	3.33e-02	9.66e-01	1.19e-04	0.00e+00	0.00e+00	0.00e+00	0.00e+00	0.00e+00	1.11e-04	2.34e-05	1.27e-05
 7.29668e+15	1.70e-04	3.59e-02	9.64e-01	8.27e-05	0.00e+00	0.00e+00	0.00e+00	0.00e+00	0.00e+00	1.28e-04	2.70e-05	1.46e-05
 7.59233e+15	1.95e-04	3.85e-02	9.61e-01	5.91e-05	0.00e+00	0.00e+00	0.00e+00	0.00e+00	0.00e+00	1.47e-04	3.09e-05	1.68e-05
 7.93109e+15	2.28e-04	4.19e-02	9.58e-01	4.02e-05	0.00e+00	0.00e+00	0.00e+00	0.00e+00	0.00e+00	1.72e-04	3.62e-05	1.96e-05
 8.29529e+15	2.69e-04	4.57e-02	9.54e-01	2.73e-05	0.00e+00	0.00e+00	0.00e+00	0.00e+00	0.00e+00	2.03e-04	4.26e-05	2.31e-05
 8.61804e+15	3.11e-04	4.94e-02	9.50e-01	1.96e-05	0.00e+00	0.00e+00	0.00e+00	0.00e+00	0.00e+00	2.35e-04	4.93e-05	2.67e-05
 8.96309e+15	3.64e-04	5.38e-02	9.46e-01	1.36e-05	0.00e+00	0.00e+00	0.00e+00	0.00e+00	0.00e+00	2.75e-04	5.77e-05	3.13e-05
 9.33609e+15	4.31e-04	5.89e-02	9.41e-01	9.49e-06	0.00e+00	0.00e+00	0.00e+00	0.00e+00	0.00e+00	3.26e-04	6.83e-05	3.70e-05
 9.66831e+15	5.01e-04	6.39e-02	9.36e-01	6.95e-06	0.00e+00	0.00e+00	0.00e+00	0.00e+00	0.00e+00	3.78e-04	7.94e-05	4.30e-05
 9.97500e+15	5.75e-04	6.89e-02	9.30e-01	5.23e-06	0.00e+00	0.00e+00	0.00e+00	0.00e+00	0.00e+00	4.34e-04	9.11e-05	4.94e-05
 1.03256e+16	6.74e-04	7.53e-02	9.24e-01	3.78e-06	0.00e+00	0.00e+00	0.00e+00	0.00e+00	0.00e+00	5.09e-04	1.07e-04	5.80e-05
 1.07027e+16	8.02e-04	8.28e-02	9.16e-01	2.73e-06	0.00e+00	0.00e+00	0.00e+00	0.00e+00	0.00e+00	6.05e-04	1.27e-04	6.91e-05
 1.10315e+16	9.34e-04	9.00e-02	9.09e-01	2.08e-06	0.00e+00	0.00e+00	0.00e+00	0.00e+00	0.00e+00	7.05e-04	1.48e-04	8.05e-05
 1.13261e+16	1.07e-03	9.72e-02	9.02e-01	1.63e-06	0.00e+00	0.00e+00	0.00e+00	0.00e+00	0.00e+00	8.08e-04	1.70e-04	9.25e-05
 1.16590e+16	1.25e-03	1.06e-01	8.93e-01	1.24e-06	0.00e+00	0.00e+00	0.00e+00	0.00e+00	0.00e+00	9.43e-04	1.99e-04	1.08e-04
 1.20224e+16	1.49e-03	1.17e-01	8.82e-01	9.35e-07	0.00e+00	0.00e+00	0.00e+00	0.00e+00	0.00e+00	1.12e-03	2.38e-04	1.29e-04
 1.23443e+16	1.74e-03	1.27e-01	8.71e-01	7.35e-07	0.00e+00	0.00e+00	0.00e+00	0.00e+00	0.00e+00	1.31e-03	2.78e-04	1.51e-04
 1.26299e+16	2.01e-03	1.38e-01	8.60e-01	5.94e-07	0.00e+00	0.00e+00	0.00e+00	0.00e+00	0.00e+00	1.51e-03	3.21e-04	1.75e-04
 1.29498e+16	2.35e-03	1.51e-01	8.47e-01	4.68e-07	0.00e+00	0.00e+00	0.00e+00	0.00e+00	0.00e+00	1.77e-03	3.77e-04	2.05e-04
 1.32989e+16	2.81e-03	1.66e-01	8.31e-01	3.65e-07	0.00e+00	0.00e+00	0.00e+00	0.00e+00	0.00e+00	2.11e-03	4.52e-04	2.46e-04
 1.36081e+16	3.31e-03	1.82e-01	8.15e-01	2.94e-07	0.00e+00	0.00e+00	0.00e+00	0.00e+00	0.00e+00	2.49e-03	5.33e-04	2.91e-04
 1.38820e+16	3.84e-03	1.97e-01	7.99e-01	2.43e-07	0.00e+00	0.00e+00	0.00e+00	0.00e+00	0.00e+00	2.88e-03	6.19e-04	3.38e-04
 1.41877e+16	4.53e-03	2.16e-01	7.79e-01	1.96e-07	0.00e+00	0.00e+00	0.00e+00	0.00e+00	0.00e+00	3.40e-03	7.32e-04	4.01e-04
 1.45242e+16	5.48e-03	2.39e-01	7.55e-01	1.56e-07	0.00e+00	0.00e+00	0.00e+00	0.00e+00	0.00e+00	4.11e-03	8.87e-04	4.86e-04
 1.48266e+16	6.56e-03	2.63e-01	7.30e-01	1.27e-07	0.00e+00	0.00e+00	0.00e+00	0.00e+00	0.00e+00	4.91e-03	1.06e-03	5.84e-04
 1.50945e+16	7.71e-03	2.86e-01	7.06e-01	0.00e+00	0.00e+00	0.00e+00	0.00e+00	0.00e+00	0.00e+00	5.77e-03	1.25e-03	6.88e-04
 1.53911e+16	9.22e-03	3.15e-01	6.76e-01	0.00e+00	0.00e+00	0.00e+00	0.00e+00	0.00e+00	0.00e+00	6.89e-03	1.50e-03	8.27e-04
 1.57249e+16	1.14e-02	3.50e-01	6.38e-01	0.00e+00	0.00e+00	0.00e+00	0.00e+00	0.00e+00	0.00e+00	8.51e-03	1.86e-03	1.03e-03
 1.60312e+16	1.40e-02	3.87e-01	5.99e-01	0.00e+00	0.00e+00	0.00e+00	0.00e+00	0.00e+00	0.00e+00	1.04e-02	2.29e-03	1.27e-03
 1.62948e+16	1.68e-02	4.22e-01	5.62e-01	0.00e+00	0.00e+00	0.00e+00	0.00e+00	0.00e+00	0.00e+00	1.25e-02	2.76e-03	1.52e-03
 1.65783e+16	2.04e-02	4.61e-01	5.19e-01	0.00e+00	0.00e+00	0.00e+00	0.00e+00	0.00e+00	0.00e+00	1.52e-02	3.36e-03	1.86e-03
 1.68873e+16	2.55e-02	5.07e-01	4.67e-01	0.00e+00	0.00e+00	0.00e+00	0.00e+00	0.00e+00	0.00e+00	1.90e-02	4.21e-03	2.33e-03
 1.71550e+16	3.12e-02	5.49e-01	4.19e-01	0.00e+00	0.00e+00	0.00e+00	0.00e+00	0.00e+00	0.00e+00	2.32e-02	5.17e-03	2.87e-03
 1.73799e+16	3.71e-02	5.85e-01	3.77e-01	0.00e+00	0.00e+00	0.00e+00	0.00e+00	0.00e+00	0.00e+00	2.75e-02	6.16e-03	3.42e-03
 1.76236e+16	4.46e-02	6.23e-01	3.32e-01	0.00e+00	0.00e+00	0.00e+00	0.00e+00	0.00e+00	0.00e+00	3.30e-02	7.41e-03	4.12e-03
 1.78987e+16	5.52e-02	6.64e-01	2.80e-01	0.00e+00	0.00e+00	0.00e+00	0.00e+00	0.00e+00	0.00e+00	4.09e-02	9.20e-03	5.12e-03
 1.81510e+16	6.78e-02	6.99e-01	2.33e-01	0.00e+00	0.00e+00	0.00e+00	0.00e+00	0.00e+00	0.00e+00	5.02e-02	1.13e-02	6.29e-03
 1.83640e+16	8.07e-02	7.24e-01	1.96e-01	0.00e+00	0.00e+00	0.00e+00	0.00e+00	0.00e+00	0.00e+00	5.98e-02	1.34e-02	7.49e-03
 1.85536e+16	9.42e-02	7.42e-01	1.64e-01	0.00e+00	0.00e+00	0.00e+00	0.00e+00	0.00e+00	0.00e+00	6.98e-02	1.57e-02	8.73e-03
 1.87343e+16	1.09e-01	7.54e-01	1.37e-01	0.00e+00	0.00e+00	0.00e+00	0.00e+00	0.00e+00	0.00e+00	8.09e-02	1.81e-02	1.01e-02
 1.89089e+16	1.26e-01	7.61e-01	1.13e-01	0.00e+00	0.00e+00	0.00e+00	0.00e+00	0.00e+00	0.00e+00	9.35e-02	2.08e-02	1.16e-02
 1.90725e+16	1.44e-01	7.63e-01	9.25e-02	0.00e+00	0.00e+00	0.00e+00	0.00e+00	0.00e+00	0.00e+00	1.07e-01	2.38e-02	1.33e-02
 1.92222e+16	1.63e-01	7.61e-01	7.60e-02	0.00e+00	0.00e+00	0.00e+00	0.00e+00	0.00e+00	0.00e+00	1.22e-01	2.68e-02	1.50e-02
 1.93599e+16	1.83e-01	7.54e-01	6.26e-02	0.00e+00	0.00e+00	0.00e+00	0.00e+00	0.00e+00	0.00e+00	1.37e-01	2.99e-02	1.68e-02
 1.94893e+16	2.04e-01	7.44e-01	5.16e-02	0.00e+00	0.00e+00	0.00e+00	0.00e+00	0.00e+00	0.00e+00	1.52e-01	3.31e-02	1.86e-02
 1.96130e+16	2.26e-01	7.31e-01	4.24e-02	0.00e+00	0.00e+00	0.00e+00	0.00e+00	0.00e+00	0.00e+00	1.69e-01	3.64e-02	2.06e-02
 1.97311e+16	2.49e-01	7.16e-01	3.48e-02	0.00e+00	0.00e+00	0.00e+00	0.00e+00	0.00e+00	0.00e+00	1.87e-01	3.98e-02	2.26e-02
 1.98428e+16	2.73e-01	6.99e-01	2.86e-02	0.00e+00	0.00e+00	0.00e+00	0.00e+00	0.00e+00	0.00e+00	2.05e-01	4.31e-02	2.46e-02
 1.99506e+16	2.97e-01	6.80e-01	2.35e-02	0.00e+00	0.00e+00	0.00e+00	0.00e+00	0.00e+00	0.00e+00	2.23e-01	4.65e-02	2.66e-02
 2.00562e+16	3.22e-01	6.58e-01	1.91e-02	0.00e+00	0.00e+00	0.00e+00	0.00e+00	0.00e+00	0.00e+00	2.44e-01	4.99e-02	2.87e-02
 2.01580e+16	3.49e-01	6.36e-01	1.56e-02	0.00e+00	0.00e+00	0.00e+00	0.00e+00	0.00e+00	0.00e+00	2.65e-01	5.33e-02	3.09e-02
 2.02548e+16	3.75e-01	6.12e-01	1.27e-02	0.00e+00	0.00e+00	0.00e+00	0.00e+00	0.00e+00	0.00e+00	2.86e-01	5.66e-02	3.30e-02
 2.03485e+16	4.02e-01	5.88e-01	1.04e-02	0.00e+00	0.00e+00	0.00e+00	0.00e+00	0.00e+00	0.00e+00	3.07e-01	5.97e-02	3.50e-02
 2.04409e+16	4.29e-01	5.63e-01	8.41e-03	0.00e+00	0.00e+00	0.00e+00	0.00e+00	0.00e+00	0.00e+00	3.29e-01	6.26e-02	3.71e-02
 2.05324e+16	4.57e-01	5.37e-01	6.78e-03	0.00e+00	0.00e+00	0.00e+00	0.00e+00	0.00e+00	0.00e+00	3.52e-01	6.55e-02	3.91e-02
 2.06224e+16	4.84e-01	5.10e-01	5.45e-03	0.00e+00	0.00e+00	0.00e+00	0.00e+00	0.00e+00	0.00e+00	3.75e-01	6.81e-02	4.11e-02
 2.07085e+16	5.11e-01	4.84e-01	4.39e-03	0.00e+00	0.00e+00	0.00e+00	0.00e+00	0.00e+00	0.00e+00	3.98e-01	7.05e-02	4.29e-02
 2.07882e+16	5.37e-01	4.60e-01	3.57e-03	0.00e+00	0.00e+00	0.00e+00	0.00e+00	0.00e+00	0.00e+00	4.20e-01	7.24e-02	4.45e-02
 2.08617e+16	5.60e-01	4.37e-01	2.94e-03	0.00e+00	0.00e+00	0.00e+00	0.00e+00	0.00e+00	0.00e+00	4.40e-01	7.40e-02	4.59e-02
 2.09312e+16	5.82e-01	4.16e-01	2.44e-03	0.00e+00	0.00e+00	0.00e+00	0.00e+00	0.00e+00	0.00e+00	4.59e-01	7.54e-02	4.71e-02
 2.09852e+16	5.98e-01	4.00e-01	2.11e-03	0.00e+00	0.00e+00	0.00e+00	0.00e+00	0.00e+00	0.00e+00	4.74e-01	7.63e-02	4.80e-02
 2.10207e+16	6.08e-01	3.90e-01	1.92e-03	0.00e+00	0.00e+00	0.00e+00	0.00e+00	0.00e+00	0.00e+00	4.83e-01	7.67e-02	4.85e-02
 2.10552e+16	6.18e-01	3.80e-01	1.74e-03	0.00e+00	0.00e+00	0.00e+00	0.00e+00	0.00e+00	0.00e+00	4.92e-01	7.72e-02	4.90e-02
 2.10971e+16	6.30e-01	3.68e-01	1.55e-03	0.00e+00	0.00e+00	0.00e+00	0.00e+00	0.00e+00	0.00e+00	5.03e-01	7.77e-02	4.96e-02
 2.11430e+16	6.44e-01	3.55e-01	1.36e-03	0.00e+00	0.00e+00	0.00e+00	0.00e+00	0.00e+00	0.00e+00	5.16e-01	7.81e-02	5.02e-02
 2.11864e+16	6.57e-01	3.42e-01	1.20e-03	0.00e+00	0.00e+00	0.00e+00	0.00e+00	0.00e+00	0.00e+00	5.28e-01	7.85e-02	5.07e-02
 2.12251e+16	6.68e-01	3.31e-01	1.07e-03	0.00e+00	0.00e+00	0.00e+00	0.00e+00	0.00e+00	0.00e+00	5.38e-01	7.87e-02	5.11e-02
 2.12630e+16	6.78e-01	3.21e-01	9.54e-04	0.00e+00	0.00e+00	0.00e+00	0.00e+00	0.00e+00	0.00e+00	5.48e-01	7.89e-02	5.15e-02
 2.13035e+16	6.90e-01	3.09e-01	8.43e-04	0.00e+00	0.00e+00	0.00e+00	0.00e+00	0.00e+00	0.00e+00	5.59e-01	7.90e-02	5.19e-02
 2.13449e+16	7.01e-01	2.98e-01	7.44e-04	0.00e+00	0.00e+00	0.00e+00	0.00e+00	0.00e+00	0.00e+00	5.70e-01	7.91e-02	5.22e-02
 2.13850e+16	7.12e-01	2.87e-01	6.56e-04	0.00e+00	0.00e+00	0.00e+00	0.00e+00	0.00e+00	0.00e+00	5.81e-01	7.90e-02	5.25e-02
 2.14238e+16	7.22e-01	2.77e-01	5.82e-04	0.00e+00	0.00e+00	0.00e+00	0.00e+00	0.00e+00	0.00e+00	5.91e-01	7.90e-02	5.27e-02
 2.14627e+16	7.33e-01	2.67e-01	5.15e-04	0.00e+00	0.00e+00	0.00e+00	0.00e+00	0.00e+00	0.00e+00	6.01e-01	7.88e-02	5.29e-02
 2.15026e+16	7.43e-01	2.57e-01	4.53e-04	0.00e+00	0.00e+00	0.00e+00	0.00e+00	0.00e+00	0.00e+00	6.11e-01	7.86e-02	5.31e-02
 2.15418e+16	7.53e-01	2.47e-01	3.99e-04	0.00e+00	0.00e+00	0.00e+00	0.00e+00	0.00e+00	0.00e+00	6.21e-01	7.83e-02	5.32e-02
 2.15802e+16	7.62e-01	2.38e-01	3.52e-04	0.00e+00	0.00e+00	0.00e+00	0.00e+00	0.00e+00	0.00e+00	6.31e-01	7.80e-02	5.32e-02
 2.16189e+16	7.71e-01	2.28e-01	3.10e-04	0.00e+00	0.00e+00	0.00e+00	0.00e+00	0.00e+00	0.00e+00	6.41e-01	7.77e-02	5.33e-02
 2.16577e+16	7.80e-01	2.19e-01	2.72e-04	0.00e+00	0.00e+00	0.00e+00	0.00e+00	0.00e+00	0.00e+00	6.50e-01	7.73e-02	5.33e-02
 2.16964e+16	7.89e-01	2.10e-01	2.39e-04	0.00e+00	0.00e+00	0.00e+00	0.00e+00	0.00e+00	0.00e+00	6.59e-01	7.68e-02	5.32e-02
 2.17347e+16	7.98e-01	2.02e-01	2.10e-04	0.00e+00	0.00e+00	0.00e+00	0.00e+00	0.00e+00	0.00e+00	6.68e-01	7.63e-02	5.32e-02
 2.17728e+16	8.06e-01	1.94e-01	1.84e-04	0.00e+00	0.00e+00	0.00e+00	0.00e+00	0.00e+00	0.00e+00	6.77e-01	7.58e-02	5.31e-02
 2.18114e+16	8.14e-01	1.86e-01	1.61e-04	0.00e+00	0.00e+00	0.00e+00	0.00e+00	0.00e+00	0.00e+00	6.86e-01	7.52e-02	5.29e-02
 2.18493e+16	8.22e-01	1.78e-01	1.41e-04	0.00e+00	0.00e+00	0.00e+00	0.00e+00	0.00e+00	0.00e+00	6.94e-01	7.46e-02	5.27e-02
 2.18866e+16	8.29e-01	1.71e-01	1.24e-04	0.00e+00	0.00e+00	0.00e+00	0.00e+00	0.00e+00	0.00e+00	7.02e-01	7.40e-02	5.25e-02
 2.19242e+16	8.36e-01	1.64e-01	1.08e-04	0.00e+00	0.00e+00	0.00e+00	0.00e+00	0.00e+00	0.00e+00	7.10e-01	7.33e-02	5.23e-02
 2.19621e+16	8.43e-01	1.57e-01	9.44e-05	0.00e+00	0.00e+00	0.00e+00	0.00e+00	0.00e+00	0.00e+00	7.18e-01	7.27e-02	5.21e-02
 2.19998e+16	8.50e-01	1.50e-01	8.24e-05	0.00e+00	0.00e+00	0.00e+00	0.00e+00	0.00e+00	0.00e+00	7.26e-01	7.20e-02	5.18e-02
 2.20370e+16	8.57e-01	1.43e-01	7.19e-05	0.00e+00	0.00e+00	0.00e+00	0.00e+00	0.00e+00	0.00e+00	7.34e-01	7.12e-02	5.15e-02
 2.20737e+16	8.63e-01	1.37e-01	6.28e-05	0.00e+00	0.00e+00	0.00e+00	0.00e+00	0.00e+00	0.00e+00	7.41e-01	7.06e-02	5.12e-02
 2.21099e+16	8.69e-01	1.31e-01	5.49e-05	0.00e+00	0.00e+00	0.00e+00	0.00e+00	0.00e+00	0.00e+00	7.48e-01	6.98e-02	5.09e-02
 2.21459e+16	8.74e-01	1.26e-01	4.81e-05	0.00e+00	0.00e+00	0.00e+00	0.00e+00	0.00e+00	0.00e+00	7.54e-01	6.91e-02	5.06e-02
 2.21817e+16	8.80e-01	1.20e-01	4.20e-05	0.00e+00	0.00e+00	0.00e+00	0.00e+00	0.00e+00	0.00e+00	7.61e-01	6.84e-02	5.02e-02
 2.22170e+16	8.85e-01	1.15e-01	3.67e-05	0.00e+00	0.00e+00	0.00e+00	0.00e+00	0.00e+00	0.00e+00	7.67e-01	6.77e-02	4.98e-02
 2.22521e+16	8.90e-01	1.10e-01	3.21e-05	0.00e+00	0.00e+00	0.00e+00	0.00e+00	0.00e+00	0.00e+00	7.73e-01	6.69e-02	4.95e-02
 2.22868e+16	8.94e-01	1.06e-01	2.81e-05	0.00e+00	0.00e+00	0.00e+00	0.00e+00	0.00e+00	0.00e+00	7.79e-01	6.63e-02	4.91e-02
 2.23205e+16	8.99e-01	1.01e-01	2.47e-05	0.00e+00	0.00e+00	0.00e+00	0.00e+00	0.00e+00	0.00e+00	7.85e-01	6.55e-02	4.88e-02
 2.23540e+16	9.03e-01	9.69e-02	2.17e-05	0.00e+00	0.00e+00	0.00e+00	0.00e+00	0.00e+00	0.00e+00	7.90e-01	6.49e-02	4.84e-02
 2.23873e+16	9.07e-01	9.27e-02	1.91e-05	0.00e+00	0.00e+00	0.00e+00	0.00e+00	0.00e+00	0.00e+00	7.95e-01	6.42e-02	4.80e-02
 2.24199e+16	9.11e-01	8.88e-02	1.68e-05	0.00e+00	0.00e+00	0.00e+00	0.00e+00	0.00e+00	0.00e+00	8.00e-01	6.35e-02	4.76e-02
 2.24520e+16	9.15e-01	8.51e-02	1.48e-05	0.00e+00	0.00e+00	0.00e+00	0.00e+00	0.00e+00	0.00e+00	8.05e-01	6.29e-02	4.73e-02
 2.24841e+16	9.18e-01	8.15e-02	1.30e-05	0.00e+00	0.00e+00	0.00e+00	0.00e+00	0.00e+00	0.00e+00	8.09e-01	6.22e-02	4.69e-02
 2.25157e+16	9.22e-01	7.82e-02	1.15e-05	0.00e+00	0.00e+00	0.00e+00	0.00e+00	0.00e+00	0.00e+00	8.14e-01	6.16e-02	4.66e-02
 2.25468e+16	9.25e-01	7.49e-02	1.01e-05	0.00e+00	0.00e+00	0.00e+00	0.00e+00	0.00e+00	0.00e+00	8.18e-01	6.10e-02	4.62e-02
 2.25776e+16	9.28e-01	7.19e-02	8.94e-06	0.00e+00	0.00e+00	0.00e+00	0.00e+00	0.00e+00	0.00e+00	8.22e-01	6.04e-02	4.58e-02
 2.26081e+16	9.31e-01	6.89e-02	7.91e-06	0.00e+00	0.00e+00	0.00e+00	0.00e+00	0.00e+00	0.00e+00	8.26e-01	5.98e-02	4.55e-02
 2.26381e+16	9.34e-01	6.60e-02	7.00e-06	0.00e+00	0.00e+00	0.00e+00	0.00e+00	0.00e+00	0.00e+00	8.30e-01	5.93e-02	4.51e-02
 2.26679e+16	9.37e-01	6.34e-02	6.20e-06	0.00e+00	0.00e+00	0.00e+00	0.00e+00	0.00e+00	0.00e+00	8.33e-01	5.87e-02	4.48e-02
 2.26976e+16	9.39e-01	6.07e-02	5.49e-06	0.00e+00	0.00e+00	0.00e+00	0.00e+00	0.00e+00	0.00e+00	8.37e-01	5.82e-02	4.45e-02
 2.27269e+16	9.42e-01	5.83e-02	4.87e-06	0.00e+00	0.00e+00	0.00e+00	0.00e+00	0.00e+00	0.00e+00	8.40e-01	5.76e-02	4.41e-02
 2.27557e+16	9.44e-01	5.59e-02	4.32e-06	0.00e+00	0.00e+00	0.00e+00	0.00e+00	0.00e+00	0.00e+00	8.43e-01	5.71e-02	4.37e-02
 2.27842e+16	9.46e-01	5.36e-02	3.84e-06	0.00e+00	0.00e+00	0.00e+00	0.00e+00	0.00e+00	0.00e+00	8.46e-01	5.66e-02	4.33e-02
 2.28126e+16	9.48e-01	5.15e-02	3.42e-06	0.00e+00	0.00e+00	0.00e+00	0.00e+00	0.00e+00	0.00e+00	8.49e-01	5.61e-02	4.30e-02
 2.28407e+16	9.51e-01	4.94e-02	3.04e-06	0.00e+00	0.00e+00	0.00e+00	0.00e+00	0.00e+00	0.00e+00	8.52e-01	5.56e-02	4.26e-02
 2.28683e+16	9.53e-01	4.75e-02	2.71e-06	0.00e+00	0.00e+00	0.00e+00	0.00e+00	0.00e+00	0.00e+00	8.55e-01	5.51e-02	4.23e-02
 2.28958e+16	9.54e-01	4.56e-02	2.42e-06	0.00e+00	0.00e+00	0.00e+00	0.00e+00	0.00e+00	0.00e+00	8.58e-01	5.47e-02	4.19e-02
 2.29231e+16	9.56e-01	4.37e-02	2.15e-06	0.00e+00	0.00e+00	0.00e+00	0.00e+00	0.00e+00	0.00e+00	8.60e-01	5.42e-02	4.16e-02
 2.29503e+16	9.58e-01	4.19e-02	1.92e-06	0.00e+00	0.00e+00	0.00e+00	0.00e+00	0.00e+00	0.00e+00	8.63e-01	5.38e-02	4.13e-02
 2.29770e+16	9.60e-01	4.03e-02	1.72e-06	0.00e+00	0.00e+00	0.00e+00	0.00e+00	0.00e+00	0.00e+00	8.65e-01	5.34e-02	4.10e-02
 2.30034e+16	9.61e-01	3.87e-02	1.54e-06	0.00e+00	0.00e+00	0.00e+00	0.00e+00	0.00e+00	0.00e+00	8.68e-01	5.30e-02	4.07e-02
 2.30297e+16	9.63e-01	3.71e-02	1.38e-06	0.00e+00	0.00e+00	0.00e+00	0.00e+00	0.00e+00	0.00e+00	8.70e-01	5.26e-02	4.04e-02
 2.30556e+16	9.64e-01	3.57e-02	1.23e-06	0.00e+00	0.00e+00	0.00e+00	0.00e+00	0.00e+00	0.00e+00	8.72e-01	5.22e-02	4.01e-02
 2.30813e+16	9.66e-01	3.42e-02	1.11e-06	0.00e+00	0.00e+00	0.00e+00	0.00e+00	0.00e+00	0.00e+00	8.74e-01	5.18e-02	3.98e-02
 2.31073e+16	9.67e-01	3.29e-02	9.91e-07	0.00e+00	0.00e+00	0.00e+00	0.00e+00	0.00e+00	0.00e+00	8.76e-01	5.14e-02	3.95e-02
 2.31329e+16	9.68e-01	3.15e-02	8.89e-07	0.00e+00	0.00e+00	0.00e+00	0.00e+00	0.00e+00	0.00e+00	8.78e-01	5.11e-02	3.92e-02
 2.31577e+16	9.70e-01	3.03e-02	8.01e-07	0.00e+00	0.00e+00	0.00e+00	0.00e+00	0.00e+00	0.00e+00	8.80e-01	5.07e-02	3.89e-02
 2.31826e+16	9.71e-01	2.91e-02	7.21e-07	0.00e+00	0.00e+00	0.00e+00	0.00e+00	0.00e+00	0.00e+00	8.82e-01	5.04e-02	3.87e-02
 2.32074e+16	9.72e-01	2.79e-02	6.49e-07	0.00e+00	0.00e+00	0.00e+00	0.00e+00	0.00e+00	0.00e+00	8.84e-01	5.00e-02	3.84e-02
 2.32318e+16	9.73e-01	2.68e-02	5.85e-07	0.00e+00	0.00e+00	0.00e+00	0.00e+00	0.00e+00	0.00e+00	8.85e-01	4.97e-02	3.81e-02
 2.32559e+16	9.74e-01	2.57e-02	5.28e-07	0.00e+00	0.00e+00	0.00e+00	0.00e+00	0.00e+00	0.00e+00	8.87e-01	4.94e-02	3.79e-02
 2.32791e+16	9.75e-01	2.47e-02	4.79e-07	0.00e+00	0.00e+00	0.00e+00	0.00e+00	0.00e+00	0.00e+00	8.89e-01	4.91e-02	3.76e-02
 2.33005e+16	9.76e-01	2.38e-02	4.38e-07	0.00e+00	0.00e+00	0.00e+00	0.00e+00	0.00e+00	0.00e+00	8.90e-01	4.88e-02	3.74e-02
 2.33196e+16	9.77e-01	2.30e-02	4.05e-07	0.00e+00	0.00e+00	0.00e+00	0.00e+00	0.00e+00	0.00e+00	8.91e-01	4.86e-02	3.72e-02
 2.33367e+16	9.78e-01	2.24e-02	3.78e-07	0.00e+00	0.00e+00	0.00e+00	0.00e+00	0.00e+00	0.00e+00	8.92e-01	4.84e-02	3.70e-02
 2.33527e+16	9.78e-01	2.18e-02	3.54e-07	0.00e+00	0.00e+00	0.00e+00	0.00e+00	0.00e+00	0.00e+00	8.93e-01	4.82e-02	3.69e-02
 2.33673e+16	9.79e-01	2.12e-02	3.34e-07	0.00e+00	0.00e+00	0.00e+00	0.00e+00	0.00e+00	0.00e+00	8.94e-01	4.80e-02	3.67e-02
 2.33807e+16	9.79e-01	2.07e-02	3.16e-07	0.00e+00	0.00e+00	0.00e+00	0.00e+00	0.00e+00	0.00e+00	8.95e-01	4.78e-02	3.66e-02
 2.33932e+16	9.80e-01	2.03e-02	3.01e-07	0.00e+00	0.00e+00	0.00e+00	0.00e+00	0.00e+00	0.00e+00	8.96e-01	4.77e-02	3.64e-02
 2.34048e+16	9.80e-01	1.99e-02	2.87e-07	0.00e+00	0.00e+00	0.00e+00	0.00e+00	0.00e+00	0.00e+00	8.96e-01	4.75e-02	3.63e-02
 2.34154e+16	9.81e-01	1.95e-02	2.75e-07	0.00e+00	0.00e+00	0.00e+00	0.00e+00	0.00e+00	0.00e+00	8.97e-01	4.73e-02	3.62e-02
 2.34254e+16	9.81e-01	1.91e-02	2.64e-07	0.00e+00	0.00e+00	0.00e+00	0.00e+00	0.00e+00	0.00e+00	8.98e-01	4.72e-02	3.61e-02
 2.34348e+16	9.81e-01	1.88e-02	2.54e-07	0.00e+00	0.00e+00	0.00e+00	0.00e+00	0.00e+00	0.00e+00	8.98e-01	4.71e-02	3.59e-02
 2.34436e+16	9.82e-01	1.85e-02	2.45e-07	0.00e+00	0.00e+00	0.00e+00	0.00e+00	0.00e+00	0.00e+00	8.99e-01	4.69e-02	3.58e-02
 2.34517e+16	9.82e-01	1.82e-02	2.37e-07	0.00e+00	0.00e+00	0.00e+00	0.00e+00	0.00e+00	0.00e+00	8.99e-01	4.68e-02	3.57e-02
 2.34593e+16	9.82e-01	1.79e-02	2.30e-07	0.00e+00	0.00e+00	0.00e+00	0.00e+00	0.00e+00	0.00e+00	9.00e-01	4.67e-02	3.56e-02
 2.34665e+16	9.82e-01	1.76e-02	2.23e-07	0.00e+00	0.00e+00	0.00e+00	0.00e+00	0.00e+00	0.00e+00	9.00e-01	4.66e-02	3.55e-02
 2.34733e+16	9.83e-01	1.74e-02	2.17e-07	0.00e+00	0.00e+00	0.00e+00	0.00e+00	0.00e+00	0.00e+00	9.01e-01	4.65e-02	3.54e-02
 2.34797e+16	9.83e-01	1.71e-02	2.12e-07	0.00e+00	0.00e+00	0.00e+00	0.00e+00	0.00e+00	0.00e+00	9.01e-01	4.64e-02	3.54e-02
 2.34858e+16	9.83e-01	1.69e-02	2.06e-07	0.00e+00	0.00e+00	0.00e+00	0.00e+00	0.00e+00	0.00e+00	9.02e-01	4.63e-02	3.53e-02
 2.34915e+16	9.83e-01	1.67e-02	2.02e-07	0.00e+00	0.00e+00	0.00e+00	0.00e+00	0.00e+00	0.00e+00	9.02e-01	4.62e-02	3.52e-02
 2.34969e+16	9.84e-01	1.65e-02	1.97e-07	0.00e+00	0.00e+00	0.00e+00	0.00e+00	0.00e+00	0.00e+00	9.02e-01	4.61e-02	3.51e-02
 2.35021e+16	9.84e-01	1.63e-02	1.93e-07	0.00e+00	0.00e+00	0.00e+00	0.00e+00	0.00e+00	0.00e+00	9.03e-01	4.60e-02	3.50e-02
 2.35071e+16	9.84e-01	1.61e-02	1.89e-07	0.00e+00	0.00e+00	0.00e+00	0.00e+00	0.00e+00	0.00e+00	9.03e-01	4.59e-02	3.49e-02
 2.35118e+16	9.84e-01	1.59e-02	1.86e-07	0.00e+00	0.00e+00	0.00e+00	0.00e+00	0.00e+00	0.00e+00	9.03e-01	4.58e-02	3.48e-02
 2.35164e+16	9.84e-01	1.57e-02	1.82e-07	0.00e+00	0.00e+00	0.00e+00	0.00e+00	0.00e+00	0.00e+00	9.04e-01	4.57e-02	3.48e-02
 2.35207e+16	9.84e-01	1.55e-02	1.79e-07	0.00e+00	0.00e+00	0.00e+00	0.00e+00	0.00e+00	0.00e+00	9.04e-01	4.56e-02	3.47e-02
 2.35249e+16	9.85e-01	1.54e-02	1.76e-07	0.00e+00	0.00e+00	0.00e+00	0.00e+00	0.00e+00	0.00e+00	9.05e-01	4.55e-02	3.46e-02
 2.35290e+16	9.85e-01	1.52e-02	1.73e-07	0.00e+00	0.00e+00	0.00e+00	0.00e+00	0.00e+00	0.00e+00	9.05e-01	4.54e-02	3.45e-02
 2.35330e+16	9.85e-01	1.50e-02	1.70e-07	0.00e+00	0.00e+00	0.00e+00	0.00e+00	0.00e+00	0.00e+00	9.05e-01	4.53e-02	3.44e-02
 2.35371e+16	9.85e-01	1.48e-02	1.67e-07	0.00e+00	0.00e+00	0.00e+00	0.00e+00	0.00e+00	0.00e+00	9.06e-01	4.52e-02	3.44e-02
 2.35409e+16	9.85e-01	1.47e-02	1.64e-07	0.00e+00	0.00e+00	0.00e+00	0.00e+00	0.00e+00	0.00e+00	9.06e-01	4.52e-02	3.43e-02
 2.35448e+16	9.85e-01	1.45e-02	1.61e-07	0.00e+00	0.00e+00	0.00e+00	0.00e+00	0.00e+00	0.00e+00	9.06e-01	4.51e-02	3.42e-02
 2.35487e+16	9.86e-01	1.43e-02	1.59e-07	0.00e+00	0.00e+00	0.00e+00	0.00e+00	0.00e+00	0.00e+00	9.07e-01	4.50e-02	3.41e-02
 2.35526e+16	9.86e-01	1.42e-02	1.56e-07	0.00e+00	0.00e+00	0.00e+00	0.00e+00	0.00e+00	0.00e+00	9.07e-01	4.49e-02	3.40e-02
 2.35566e+16	9.86e-01	1.40e-02	1.53e-07	0.00e+00	0.00e+00	0.00e+00	0.00e+00	0.00e+00	0.00e+00	9.07e-01	4.47e-02	3.39e-02
 2.35607e+16	9.86e-01	1.38e-02	1.50e-07	0.00e+00	0.00e+00	0.00e+00	0.00e+00	0.00e+00	0.00e+00	9.08e-01	4.46e-02	3.38e-02
 2.35651e+16	9.86e-01	1.36e-02	1.47e-07	0.00e+00	0.00e+00	0.00e+00	0.00e+00	0.00e+00	0.00e+00	9.08e-01	4.45e-02	3.37e-02
 2.35698e+16	9.87e-01	1.33e-02	1.44e-07	0.00e+00	0.00e+00	0.00e+00	0.00e+00	0.00e+00	0.00e+00	9.09e-01	4.44e-02	3.36e-02
 2.35750e+16	9.87e-01	1.30e-02	1.40e-07	0.00e+00	0.00e+00	0.00e+00	0.00e+00	0.00e+00	0.00e+00	9.09e-01	4.42e-02	3.34e-02
 2.35803e+16	9.87e-01	1.28e-02	1.37e-07	0.00e+00	0.00e+00	0.00e+00	0.00e+00	0.00e+00	0.00e+00	9.10e-01	4.40e-02	3.32e-02
 2.35852e+16	9.87e-01	1.25e-02	1.33e-07	0.00e+00	0.00e+00	0.00e+00	0.00e+00	0.00e+00	0.00e+00	9.11e-01	4.38e-02	3.31e-02
 2.35896e+16	9.88e-01	1.23e-02	1.30e-07	0.00e+00	0.00e+00	0.00e+00	0.00e+00	0.00e+00	0.00e+00	9.11e-01	4.37e-02	3.29e-02
 2.35937e+16	9.88e-01	1.20e-02	1.27e-07	0.00e+00	0.00e+00	0.00e+00	0.00e+00	0.00e+00	0.00e+00	9.12e-01	4.35e-02	3.28e-02
 2.35973e+16	9.88e-01	1.18e-02	1.25e-07	0.00e+00	0.00e+00	0.00e+00	0.00e+00	0.00e+00	0.00e+00	9.12e-01	4.34e-02	3.26e-02
 2.36007e+16	9.88e-01	1.17e-02	1.22e-07	0.00e+00	0.00e+00	0.00e+00	0.00e+00	0.00e+00	0.00e+00	9.13e-01	4.32e-02	3.25e-02
 2.36037e+16	9.88e-01	1.15e-02	1.20e-07	0.00e+00	0.00e+00	0.00e+00	0.00e+00	0.00e+00	0.00e+00	9.13e-01	4.31e-02	3.24e-02
 2.36065e+16	9.89e-01	1.14e-02	1.18e-07	0.00e+00	0.00e+00	0.00e+00	0.00e+00	0.00e+00	0.00e+00	9.13e-01	4.29e-02	3.23e-02
 2.36090e+16	9.89e-01	1.12e-02	1.17e-07	0.00e+00	0.00e+00	0.00e+00	0.00e+00	0.00e+00	0.00e+00	9.14e-01	4.28e-02	3.22e-02
 2.36118e+16	9.89e-01	1.11e-02	1.15e-07	0.00e+00	0.00e+00	0.00e+00	0.00e+00	0.00e+00	0.00e+00	9.14e-01	4.27e-02	3.21e-02
 2.36148e+16	9.89e-01	1.09e-02	1.13e-07	0.00e+00	0.00e+00	0.00e+00	0.00e+00	0.00e+00	0.00e+00	9.15e-01	4.25e-02	3.20e-02
 2.36175e+16	9.89e-01	1.08e-02	1.11e-07	0.00e+00	0.00e+00	0.00e+00	0.00e+00	0.00e+00	0.00e+00	9.15e-01	4.24e-02	3.18e-02
 2.36200e+16	9.89e-01	1.07e-02	1.09e-07	0.00e+00	0.00e+00	0.00e+00	0.00e+00	0.00e+00	0.00e+00	9.15e-01	4.22e-02	3.17e-02
 2.36227e+16	9.89e-01	1.05e-02	1.07e-07	0.00e+00	0.00e+00	0.00e+00	0.00e+00	0.00e+00	0.00e+00	9.16e-01	4.21e-02	3.16e-02
 2.36256e+16	9.90e-01	1.04e-02	1.05e-07	0.00e+00	0.00e+00	0.00e+00	0.00e+00	0.00e+00	0.00e+00	9.16e-01	4.19e-02	3.15e-02
 2.36282e+16	9.90e-01	1.02e-02	1.03e-07	0.00e+00	0.00e+00	0.00e+00	0.00e+00	0.00e+00	0.00e+00	9.17e-01	4.18e-02	3.14e-02
 2.36307e+16	9.90e-01	1.01e-02	1.02e-07	0.00e+00	0.00e+00	0.00e+00	0.00e+00	0.00e+00	0.00e+00	9.17e-01	4.17e-02	3.13e-02
 2.36333e+16	9.90e-01	1.00e-02	1.00e-07	0.00e+00	0.00e+00	0.00e+00	0.00e+00	0.00e+00	0.00e+00	9.17e-01	4.15e-02	3.12e-02
 2.36362e+16	9.90e-01	9.89e-03	9.84e-08	0.00e+00	0.00e+00	0.00e+00	0.00e+00	0.00e+00	0.00e+00	9.18e-01	4.14e-02	3.11e-02
 2.36393e+16	9.90e-01	9.76e-03	9.64e-08	0.00e+00	0.00e+00	0.00e+00	0.00e+00	0.00e+00	0.00e+00	9.18e-01	4.13e-02	3.10e-02
 2.36434e+16	9.90e-01	9.60e-03	9.39e-08	0.00e+00	0.00e+00	0.00e+00	0.00e+00	0.00e+00	0.00e+00	9.18e-01	4.11e-02	3.08e-02
 2.36478e+16	9.91e-01	9.43e-03	9.13e-08	0.00e+00	0.00e+00	0.00e+00	0.00e+00	0.00e+00	0.00e+00	9.19e-01	4.10e-02	3.07e-02
 2.36518e+16	9.91e-01	9.28e-03	8.90e-08	0.00e+00	0.00e+00	0.00e+00	0.00e+00	0.00e+00	0.00e+00	9.19e-01	4.08e-02	3.06e-02
 2.36554e+16	9.91e-01	9.14e-03	8.68e-08	0.00e+00	0.00e+00	0.00e+00	0.00e+00	0.00e+00	0.00e+00	9.20e-01	4.06e-02	3.04e-02
 2.36588e+16	9.91e-01	9.01e-03	8.50e-08	0.00e+00	0.00e+00	0.00e+00	0.00e+00	0.00e+00	0.00e+00	9.20e-01	4.05e-02	3.03e-02
 2.36624e+16	9.91e-01	8.87e-03	8.28e-08	0.00e+00	0.00e+00	0.00e+00	0.00e+00	0.00e+00	0.00e+00	9.21e-01	4.04e-02	3.02e-02
 2.36663e+16	9.91e-01	8.73e-03	8.07e-08	0.00e+00	0.00e+00	0.00e+00	0.00e+00	0.00e+00	0.00e+00	9.21e-01	4.02e-02	3.00e-02
 2.36699e+16	9.91e-01	8.60e-03	7.87e-08	0.00e+00	0.00e+00	0.00e+00	0.00e+00	0.00e+00	0.00e+00	9.21e-01	4.00e-02	2.99e-02
 2.36731e+16	9.92e-01	8.48e-03	7.69e-08	0.00e+00	0.00e+00	0.00e+00	0.00e+00	0.00e+00	0.00e+00	9.22e-01	3.99e-02	2.98e-02
 2.36767e+16	9.92e-01	8.35e-03	7.50e-08	0.00e+00	0.00e+00	0.00e+00	0.00e+00	0.00e+00	0.00e+00	9.22e-01	3.97e-02	2.96e-02
 2.36805e+16	9.92e-01	8.22e-03	7.30e-08	0.00e+00	0.00e+00	0.00e+00	0.00e+00	0.00e+00	0.00e+00	9.23e-01	3.96e-02	2.95e-02
 2.36840e+16	9.92e-01	8.08e-03	7.09e-08	0.00e+00	0.00e+00	0.00e+00	0.00e+00	0.00e+00	0.00e+00	9.23e-01	3.94e-02	2.93e-02
 2.36872e+16	9.92e-01	7.96e-03	6.91e-08	0.00e+00	0.00e+00	0.00e+00	0.00e+00	0.00e+00	0.00e+00	9.24e-01	3.93e-02	2.92e-02
 2.36901e+16	9.92e-01	7.85e-03	6.75e-08	0.00e+00	0.00e+00	0.00e+00	0.00e+00	0.00e+00	0.00e+00	9.24e-01	3.91e-02	2.91e-02
 2.36928e+16	9.92e-01	7.75e-03	6.60e-08	0.00e+00	0.00e+00	0.00e+00	0.00e+00	0.00e+00	0.00e+00	9.24e-01	3.90e-02	2.89e-02
 2.36956e+16	9.92e-01	7.64e-03	6.44e-08	0.00e+00	0.00e+00	0.00e+00	0.00e+00	0.00e+00	0.00e+00	9.25e-01	3.88e-02	2.88e-02
 2.36988e+16	9.92e-01	7.52e-03	6.28e-08	0.00e+00	0.00e+00	0.00e+00	0.00e+00	0.00e+00	0.00e+00	9.25e-01	3.87e-02	2.86e-02
 2.37016e+16	9.93e-01	7.42e-03	6.13e-08	0.00e+00	0.00e+00	0.00e+00	0.00e+00	0.00e+00	0.00e+00	9.26e-01	3.85e-02	2.85e-02
 2.37047e+16	9.93e-01	7.31e-03	5.97e-08	0.00e+00	0.00e+00	0.00e+00	0.00e+00	0.00e+00	0.00e+00	9.26e-01	3.83e-02	2.83e-02
 2.37081e+16	9.93e-01	7.18e-03	5.80e-08	0.00e+00	0.00e+00	0.00e+00	0.00e+00	0.00e+00	0.00e+00	9.26e-01	3.82e-02	2.82e-02
 2.37111e+16	9.93e-01	7.07e-03	5.65e-08	0.00e+00	0.00e+00	0.00e+00	0.00e+00	0.00e+00	0.00e+00	9.27e-01	3.80e-02	2.80e-02
 2.37139e+16	9.93e-01	6.94e-03	5.50e-08	0.00e+00	0.00e+00	0.00e+00	0.00e+00	0.00e+00	0.00e+00	9.27e-01	3.78e-02	2.79e-02
