#depth	He	He+	He+2
 6.36290e+11	3.25e-04	3.70e-01	6.30e-01
 3.81774e+12	3.26e-04	3.70e-01	6.29e-01
 1.65435e+13	3.29e-04	3.72e-01	6.27e-01
 6.74468e+13	3.39e-04	3.81e-01	6.19e-01
 1.61109e+14	3.52e-04	3.91e-01	6.09e-01
 2.82869e+14	3.73e-04	4.07e-01	5.92e-01
 4.41158e+14	4.07e-04	4.34e-01	5.66e-01
 6.46933e+14	4.56e-04	4.73e-01	5.26e-01
 9.14441e+14	5.31e-04	5.31e-01	4.69e-01
 1.21292e+15	6.21e-04	6.00e-01	4.00e-01
 1.50094e+15	7.17e-04	6.70e-01	3.29e-01
 1.77746e+15	8.17e-04	7.36e-01	2.63e-01
 2.08976e+15	9.34e-04	8.05e-01	1.94e-01
 2.49576e+15	1.08e-03	8.75e-01	1.23e-01
 2.92917e+15	1.23e-03	9.27e-01	7.19e-02
 3.39822e+15	1.38e-03	9.60e-01	3.83e-02
 3.90146e+15	1.54e-03	9.79e-01	1.92e-02
 4.35947e+15	1.68e-03	9.88e-01	1.03e-02
 4.86519e+15	1.86e-03	9.93e-01	5.18e-03
 5.42452e+15	2.06e-03	9.95e-01	2.49e-03
 5.83323e+15	2.21e-03	9.96e-01	1.51e-03
 6.07446e+15	2.31e-03	9.97e-01	1.13e-03
 6.31829e+15	2.42e-03	9.97e-01	8.32e-04
 6.63527e+15	2.56e-03	9.97e-01	5.67e-04
 6.98137e+15	2.73e-03	9.97e-01	3.81e-04
 7.29668e+15	2.88e-03	9.97e-01	2.69e-04
 7.59233e+15	3.04e-03	9.97e-01	1.95e-04
 7.93109e+15	3.23e-03	9.97e-01	1.35e-04
 8.29529e+15	3.44e-03	9.96e-01	9.39e-05
 8.61804e+15	3.64e-03	9.96e-01	6.87e-05
 8.96309e+15	3.87e-03	9.96e-01	4.92e-05
 9.33609e+15	4.13e-03	9.96e-01	3.52e-05
 9.66831e+15	4.37e-03	9.96e-01	2.65e-05
 9.97500e+15	4.61e-03	9.95e-01	2.05e-05
 1.03256e+16	4.90e-03	9.95e-01	1.53e-05
 1.07027e+16	5.23e-03	9.95e-01	1.15e-05
 1.10315e+16	5.54e-03	9.94e-01	9.05e-06
 1.13261e+16	5.84e-03	9.94e-01	7.34e-06
 1.16590e+16	6.19e-03	9.94e-01	5.81e-06
 1.20224e+16	6.60e-03	9.93e-01	4.59e-06
 1.23443e+16	7.00e-03	9.93e-01	3.77e-06
 1.26299e+16	7.38e-03	9.93e-01	3.18e-06
 1.29498e+16	7.82e-03	9.92e-01	2.63e-06
 1.32989e+16	8.34e-03	9.92e-01	2.18e-06
 1.36081e+16	8.85e-03	9.91e-01	1.86e-06
 1.38820e+16	9.34e-03	9.91e-01	1.62e-06
 1.41877e+16	9.91e-03	9.90e-01	1.39e-06
 1.45242e+16	1.06e-02	9.89e-01	1.20e-06
 1.48266e+16	1.13e-02	9.89e-01	1.05e-06
 1.50945e+16	1.20e-02	9.88e-01	9.39e-07
 1.53911e+16	1.28e-02	9.87e-01	8.30e-07
 1.57249e+16	1.38e-02	9.86e-01	7.31e-07
 1.60312e+16	1.49e-02	9.85e-01	6.56e-07
 1.62948e+16	1.59e-02	9.84e-01	5.99e-07
 1.65783e+16	1.71e-02	9.83e-01	5.43e-07
 1.68873e+16	1.86e-02	9.81e-01	4.94e-07
 1.71550e+16	2.02e-02	9.80e-01	4.57e-07
 1.73799e+16	2.17e-02	9.78e-01	4.29e-07
 1.76236e+16	2.34e-02	9.77e-01	4.01e-07
 1.78987e+16	2.58e-02	9.74e-01	3.73e-07
 1.81510e+16	2.83e-02	9.72e-01	3.52e-07
 1.83640e+16	3.09e-02	9.69e-01	3.36e-07
 1.85536e+16	3.35e-02	9.66e-01	3.23e-07
 1.87343e+16	3.64e-02	9.64e-01	3.11e-07
 1.89089e+16	3.96e-02	9.60e-01	3.01e-07
 1.90725e+16	4.32e-02	9.57e-01	2.93e-07
 1.92222e+16	4.69e-02	9.53e-01	2.85e-07
 1.93599e+16	5.09e-02	9.49e-01	2.79e-07
 1.94893e+16	5.51e-02	9.45e-01	2.74e-07
 1.96130e+16	5.98e-02	9.40e-01	2.69e-07
 1.97311e+16	6.50e-02	9.35e-01	2.65e-07
 1.98428e+16	7.03e-02	9.30e-01	2.62e-07
 1.99506e+16	7.61e-02	9.24e-01	2.59e-07
 2.00562e+16	8.27e-02	9.17e-01	2.57e-07
 2.01580e+16	8.98e-02	9.10e-01	2.55e-07
 2.02548e+16	9.74e-02	9.03e-01	2.53e-07
 2.03485e+16	1.06e-01	8.94e-01	2.52e-07
 2.04409e+16	1.15e-01	8.85e-01	2.51e-07
 2.05324e+16	1.25e-01	8.75e-01	2.50e-07
 2.06224e+16	1.35e-01	8.65e-01	2.50e-07
 2.07085e+16	1.47e-01	8.53e-01	2.49e-07
 2.07882e+16	1.58e-01	8.42e-01	2.49e-07
 2.08617e+16	1.70e-01	8.30e-01	2.50e-07
 2.09312e+16	1.82e-01	8.18e-01	2.49e-07
 2.09852e+16	1.92e-01	8.08e-01	2.50e-07
 2.10207e+16	1.98e-01	8.02e-01	2.51e-07
 2.10552e+16	2.06e-01	7.94e-01	2.50e-07
 2.10971e+16	2.14e-01	7.86e-01	2.50e-07
 2.11430e+16	2.24e-01	7.76e-01	2.50e-07
 2.11864e+16	2.33e-01	7.67e-01	2.50e-07
 2.12251e+16	2.42e-01	7.58e-01	2.50e-07
 2.12630e+16	2.51e-01	7.49e-01	2.51e-07
 2.13035e+16	2.61e-01	7.39e-01	2.50e-07
 2.13449e+16	2.72e-01	7.28e-01	2.51e-07
 2.13850e+16	2.82e-01	7.18e-01	2.51e-07
 2.14238e+16	2.93e-01	7.07e-01	2.51e-07
 2.14627e+16	3.04e-01	6.96e-01	2.51e-07
 2.15026e+16	3.15e-01	6.85e-01	2.51e-07
 2.15418e+16	3.27e-01	6.73e-01	2.51e-07
 2.15802e+16	3.38e-01	6.62e-01	2.52e-07
 2.16189e+16	3.51e-01	6.49e-01	2.51e-07
 2.16577e+16	3.63e-01	6.37e-01	2.51e-07
 2.16964e+16	3.76e-01	6.24e-01	2.51e-07
 2.17347e+16	3.88e-01	6.12e-01	2.51e-07
 2.17728e+16	4.01e-01	5.99e-01	2.51e-07
 2.18114e+16	4.15e-01	5.85e-01	2.50e-07
 2.18493e+16	4.28e-01	5.72e-01	2.50e-07
 2.18866e+16	4.41e-01	5.59e-01	2.49e-07
 2.19242e+16	4.55e-01	5.45e-01	2.48e-07
 2.19621e+16	4.69e-01	5.31e-01	2.48e-07
 2.19998e+16	4.83e-01	5.17e-01	2.47e-07
 2.20370e+16	4.97e-01	5.03e-01	2.46e-07
 2.20737e+16	5.11e-01	4.89e-01	2.45e-07
 2.21099e+16	5.25e-01	4.75e-01	2.43e-07
 2.21459e+16	5.39e-01	4.61e-01	2.43e-07
 2.21817e+16	5.53e-01	4.47e-01	2.41e-07
 2.22170e+16	5.66e-01	4.34e-01	2.39e-07
 2.22521e+16	5.80e-01	4.20e-01	2.38e-07
 2.22868e+16	5.93e-01	4.07e-01	2.36e-07
 2.23205e+16	6.06e-01	3.94e-01	2.34e-07
 2.23540e+16	6.19e-01	3.81e-01	2.33e-07
 2.23873e+16	6.32e-01	3.68e-01	2.31e-07
 2.24199e+16	6.44e-01	3.56e-01	2.29e-07
 2.24520e+16	6.56e-01	3.44e-01	2.27e-07
 2.24841e+16	6.68e-01	3.32e-01	2.25e-07
 2.25157e+16	6.80e-01	3.20e-01	2.22e-07
 2.25468e+16	6.91e-01	3.09e-01	2.20e-07
 2.25776e+16	7.02e-01	2.98e-01	2.18e-07
 2.26081e+16	7.13e-01	2.87e-01	2.16e-07
 2.26381e+16	7.23e-01	2.77e-01	2.13e-07
 2.26679e+16	7.33e-01	2.67e-01	2.10e-07
 2.26976e+16	7.43e-01	2.57e-01	2.08e-07
 2.27269e+16	7.53e-01	2.47e-01	2.05e-07
 2.27557e+16	7.62e-01	2.38e-01	2.03e-07
 2.27842e+16	7.71e-01	2.29e-01	2.00e-07
 2.28126e+16	7.80e-01	2.20e-01	1.98e-07
 2.28407e+16	7.88e-01	2.12e-01	1.95e-07
 2.28683e+16	7.96e-01	2.04e-01	1.92e-07
 2.28958e+16	8.04e-01	1.96e-01	1.89e-07
 2.29231e+16	8.12e-01	1.88e-01	1.86e-07
 2.29503e+16	8.19e-01	1.81e-01	1.84e-07
 2.29770e+16	8.26e-01	1.74e-01	1.81e-07
 2.30034e+16	8.33e-01	1.67e-01	1.78e-07
 2.30297e+16	8.39e-01	1.61e-01	1.75e-07
 2.30556e+16	8.46e-01	1.54e-01	1.73e-07
 2.30813e+16	8.52e-01	1.48e-01	1.69e-07
 2.31073e+16	8.58e-01	1.42e-01	1.67e-07
 2.31329e+16	8.64e-01	1.36e-01	1.64e-07
 2.31577e+16	8.69e-01	1.31e-01	1.61e-07
 2.31826e+16	8.74e-01	1.26e-01	1.58e-07
 2.32074e+16	8.79e-01	1.21e-01	1.55e-07
 2.32318e+16	8.84e-01	1.16e-01	1.52e-07
 2.32559e+16	8.89e-01	1.11e-01	1.48e-07
 2.32791e+16	8.93e-01	1.07e-01	1.45e-07
 2.33005e+16	8.97e-01	1.03e-01	1.43e-07
 2.33196e+16	9.00e-01	9.97e-02	1.40e-07
 2.33367e+16	9.03e-01	9.67e-02	1.37e-07
 2.33527e+16	9.06e-01	9.39e-02	1.35e-07
 2.33673e+16	9.09e-01	9.15e-02	1.33e-07
 2.33807e+16	9.11e-01	8.92e-02	1.30e-07
 2.33932e+16	9.13e-01	8.72e-02	1.28e-07
 2.34048e+16	9.15e-01	8.53e-02	1.26e-07
 2.34154e+16	9.16e-01	8.36e-02	1.24e-07
 2.34254e+16	9.18e-01	8.20e-02	1.23e-07
 2.34348e+16	9.19e-01	8.05e-02	1.21e-07
 2.34436e+16	9.21e-01	7.92e-02	1.20e-07
 2.34517e+16	9.22e-01	7.79e-02	1.18e-07
 2.34593e+16	9.23e-01	7.67e-02	1.16e-07
 2.34665e+16	9.24e-01	7.56e-02	1.15e-07
 2.34733e+16	9.25e-01	7.46e-02	1.14e-07
 2.34797e+16	9.26e-01	7.37e-02	1.13e-07
 2.34858e+16	9.27e-01	7.27e-02	1.11e-07
 2.34915e+16	9.28e-01	7.19e-02	1.10e-07
 2.34969e+16	9.29e-01	7.11e-02	1.09e-07
 2.35021e+16	9.30e-01	7.03e-02	1.08e-07
 2.35071e+16	9.30e-01	6.96e-02	1.07e-07
 2.35118e+16	9.31e-01	6.89e-02	1.06e-07
 2.35164e+16	9.32e-01	6.82e-02	1.05e-07
 2.35207e+16	9.32e-01	6.76e-02	1.04e-07
 2.35249e+16	9.33e-01	6.69e-02	1.03e-07
 2.35290e+16	9.34e-01	6.64e-02	1.02e-07
 2.35330e+16	9.34e-01	6.57e-02	1.01e-07
 2.35371e+16	9.35e-01	6.51e-02	1.00e-07
 2.35409e+16	9.35e-01	6.45e-02	9.91e-08
 2.35448e+16	9.36e-01	6.40e-02	9.82e-08
 2.35487e+16	9.37e-01	6.35e-02	9.73e-08
 2.35526e+16	9.37e-01	6.29e-02	9.63e-08
 2.35566e+16	9.38e-01	6.23e-02	9.52e-08
 2.35607e+16	9.38e-01	6.17e-02	9.41e-08
 2.35651e+16	9.39e-01	6.10e-02	9.28e-08
 2.35698e+16	9.40e-01	6.03e-02	9.15e-08
 2.35750e+16	9.41e-01	5.95e-02	8.99e-08
 2.35803e+16	9.41e-01	5.86e-02	8.83e-08
 2.35852e+16	9.42e-01	5.79e-02	8.68e-08
 2.35896e+16	9.43e-01	5.72e-02	8.54e-08
 2.35937e+16	9.43e-01	5.66e-02	8.41e-08
 2.35973e+16	9.44e-01	5.60e-02	8.29e-08
 2.36007e+16	9.45e-01	5.54e-02	8.18e-08
 2.36037e+16	9.45e-01	5.49e-02	8.08e-08
 2.36065e+16	9.46e-01	5.45e-02	7.99e-08
 2.36090e+16	9.46e-01	5.41e-02	7.91e-08
 2.36118e+16	9.46e-01	5.36e-02	7.82e-08
 2.36148e+16	9.47e-01	5.31e-02	7.73e-08
 2.36175e+16	9.47e-01	5.27e-02	7.64e-08
 2.36200e+16	9.48e-01	5.23e-02	7.56e-08
 2.36227e+16	9.48e-01	5.19e-02	7.47e-08
 2.36256e+16	9.49e-01	5.14e-02	7.38e-08
 2.36282e+16	9.49e-01	5.09e-02	7.29e-08
 2.36307e+16	9.49e-01	5.06e-02	7.22e-08
 2.36333e+16	9.50e-01	5.02e-02	7.14e-08
 2.36362e+16	9.50e-01	4.97e-02	7.07e-08
 2.36393e+16	9.51e-01	4.93e-02	6.99e-08
 2.36434e+16	9.51e-01	4.87e-02	6.88e-08
 2.36478e+16	9.52e-01	4.81e-02	6.78e-08
 2.36518e+16	9.52e-01	4.75e-02	6.69e-08
 2.36554e+16	9.53e-01	4.70e-02	6.60e-08
 2.36588e+16	9.53e-01	4.66e-02	6.53e-08
 2.36624e+16	9.54e-01	4.61e-02	6.44e-08
 2.36663e+16	9.54e-01	4.55e-02	6.35e-08
 2.36699e+16	9.55e-01	4.50e-02	6.27e-08
 2.36731e+16	9.55e-01	4.46e-02	6.20e-08
 2.36767e+16	9.56e-01	4.41e-02	6.11e-08
 2.36805e+16	9.56e-01	4.36e-02	6.03e-08
 2.36840e+16	9.57e-01	4.31e-02	5.95e-08
 2.36872e+16	9.57e-01	4.27e-02	5.87e-08
 2.36901e+16	9.58e-01	4.23e-02	5.80e-08
 2.36928e+16	9.58e-01	4.20e-02	5.74e-08
 2.36956e+16	9.58e-01	4.15e-02	5.67e-08
 2.36988e+16	9.59e-01	4.11e-02	5.60e-08
 2.37016e+16	9.59e-01	4.08e-02	5.54e-08
 2.37047e+16	9.60e-01	4.03e-02	5.46e-08
 2.37081e+16	9.60e-01	3.99e-02	5.39e-08
 2.37111e+16	9.60e-01	3.95e-02	5.33e-08
 2.37139e+16	9.61e-01	3.92e-02	5.28e-08
