#depth	He	He+	He+2
 3.97828e+11	8.49e-04	9.47e-01	5.23e-02
 2.38697e+12	8.50e-04	9.47e-01	5.22e-02
 1.03435e+13	8.51e-04	9.47e-01	5.19e-02
 4.21698e+13	8.56e-04	9.49e-01	5.02e-02
 1.00730e+14	8.60e-04	9.50e-01	4.90e-02
 1.76858e+14	8.67e-04	9.53e-01	4.61e-02
 2.75825e+14	8.79e-04	9.57e-01	4.17e-02
 4.04482e+14	8.95e-04	9.63e-01	3.57e-02
 5.71736e+14	9.15e-04	9.71e-01	2.85e-02
 7.89167e+14	9.41e-04	9.78e-01	2.07e-02
 1.07183e+15	9.73e-04	9.86e-01	1.34e-02
 1.43928e+15	1.01e-03	9.92e-01	7.47e-03
 1.91698e+15	1.07e-03	9.95e-01	3.48e-03
 2.53798e+15	1.14e-03	9.98e-01	1.31e-03
 3.34528e+15	1.24e-03	9.98e-01	3.86e-04
 4.23156e+15	1.36e-03	9.99e-01	1.05e-04
 5.06325e+15	1.48e-03	9.98e-01	3.44e-05
 5.98720e+15	1.63e-03	9.98e-01	1.11e-05
 6.97384e+15	1.80e-03	9.98e-01	3.70e-06
 7.64905e+15	1.92e-03	9.98e-01	1.93e-06
 8.01917e+15	2.00e-03	9.98e-01	1.37e-06
 8.38559e+15	2.08e-03	9.98e-01	9.71e-07
 8.86192e+15	2.19e-03	9.98e-01	6.32e-07
 9.37761e+15	2.31e-03	9.98e-01	4.13e-07
 9.83848e+15	2.42e-03	9.98e-01	2.88e-07
 1.02624e+16	2.53e-03	9.97e-01	2.09e-07
 1.07443e+16	2.67e-03	9.97e-01	1.45e-07
 1.12545e+16	2.81e-03	9.97e-01	1.02e-07
 1.16945e+16	2.95e-03	9.97e-01	7.67e-08
 1.20980e+16	3.08e-03	9.97e-01	5.92e-08
 1.25611e+16	3.24e-03	9.97e-01	4.40e-08
 1.30560e+16	3.42e-03	9.97e-01	3.29e-08
 1.34865e+16	3.59e-03	9.96e-01	2.59e-08
 1.38770e+16	3.75e-03	9.96e-01	2.08e-08
 1.43211e+16	3.95e-03	9.96e-01	1.63e-08
 1.47985e+16	4.18e-03	9.96e-01	1.28e-08
 1.52170e+16	4.39e-03	9.96e-01	1.04e-08
 1.55950e+16	4.60e-03	9.95e-01	8.66e-09
 1.60224e+16	4.85e-03	9.95e-01	7.04e-09
 1.64852e+16	5.15e-03	9.95e-01	5.72e-09
 1.68893e+16	5.44e-03	9.95e-01	4.80e-09
 1.72432e+16	5.72e-03	9.94e-01	4.13e-09
 1.76365e+16	6.05e-03	9.94e-01	3.49e-09
 1.80670e+16	6.46e-03	9.94e-01	2.93e-09
 1.84485e+16	6.86e-03	9.93e-01	2.53e-09
 1.87823e+16	7.26e-03	9.93e-01	2.23e-09
 1.91514e+16	7.75e-03	9.92e-01	1.94e-09
 1.95476e+16	8.34e-03	9.92e-01	1.68e-09
 1.98837e+16	8.92e-03	9.91e-01	1.50e-09
 2.01658e+16	9.48e-03	9.91e-01	1.36e-09
 2.04732e+16	1.02e-02	9.90e-01	1.22e-09
 2.08097e+16	1.10e-02	9.89e-01	1.10e-09
 2.11039e+16	1.19e-02	9.88e-01	1.00e-09
 2.13518e+16	1.28e-02	9.87e-01	9.28e-10
 2.16195e+16	1.40e-02	9.86e-01	8.54e-10
 2.19121e+16	1.54e-02	9.85e-01	7.86e-10
 2.21676e+16	1.70e-02	9.83e-01	7.33e-10
 2.23833e+16	1.86e-02	9.81e-01	6.93e-10
 2.26164e+16	2.07e-02	9.79e-01	6.51e-10
 2.28702e+16	2.34e-02	9.77e-01	6.18e-10
 2.30915e+16	2.65e-02	9.74e-01	5.98e-10
 2.32525e+16	2.93e-02	9.71e-01	5.86e-10
 2.33629e+16	3.15e-02	9.68e-01	5.81e-10
 2.34748e+16	3.41e-02	9.66e-01	5.76e-10
 2.36202e+16	3.81e-02	9.62e-01	5.73e-10
 2.37606e+16	4.27e-02	9.57e-01	5.82e-10
 2.38593e+16	4.65e-02	9.54e-01	5.92e-10
 2.39378e+16	5.00e-02	9.50e-01	6.03e-10
 2.40252e+16	5.45e-02	9.45e-01	6.15e-10
 2.41216e+16	6.01e-02	9.40e-01	6.38e-10
 2.42076e+16	6.58e-02	9.34e-01	6.68e-10
 2.42822e+16	7.14e-02	9.29e-01	7.00e-10
 2.43638e+16	7.85e-02	9.22e-01	7.41e-10
 2.44503e+16	8.67e-02	9.13e-01	8.03e-10
 2.45241e+16	9.51e-02	9.05e-01	8.56e-10
 2.45879e+16	1.03e-01	8.97e-01	9.21e-10
 2.46545e+16	1.12e-01	8.88e-01	9.89e-10
 2.47258e+16	1.23e-01	8.77e-01	1.09e-09
 2.47923e+16	1.35e-01	8.65e-01	1.19e-09
 2.48524e+16	1.47e-01	8.53e-01	1.29e-09
 2.49098e+16	1.58e-01	8.42e-01	1.41e-09
 2.49638e+16	1.71e-01	8.29e-01	1.52e-09
 2.50137e+16	1.83e-01	8.17e-01	1.65e-09
 2.50533e+16	1.93e-01	8.07e-01	1.75e-09
 2.50797e+16	2.01e-01	7.99e-01	1.82e-09
 2.51041e+16	2.08e-01	7.92e-01	1.89e-09
 2.51330e+16	2.17e-01	7.83e-01	1.97e-09
 2.51643e+16	2.27e-01	7.73e-01	2.07e-09
 2.51940e+16	2.37e-01	7.63e-01	2.17e-09
 2.52219e+16	2.46e-01	7.54e-01	2.28e-09
 2.52496e+16	2.56e-01	7.44e-01	2.37e-09
 2.52776e+16	2.66e-01	7.34e-01	2.49e-09
 2.53056e+16	2.77e-01	7.23e-01	2.59e-09
 2.53332e+16	2.88e-01	7.12e-01	2.72e-09
 2.53605e+16	2.99e-01	7.01e-01	2.83e-09
 2.53880e+16	3.10e-01	6.90e-01	2.96e-09
 2.54149e+16	3.22e-01	6.78e-01	3.08e-09
 2.54416e+16	3.34e-01	6.66e-01	3.22e-09
 2.54685e+16	3.46e-01	6.54e-01	3.34e-09
 2.54953e+16	3.58e-01	6.42e-01	3.49e-09
 2.55217e+16	3.71e-01	6.29e-01	3.62e-09
 2.55480e+16	3.84e-01	6.16e-01	3.77e-09
 2.55744e+16	3.97e-01	6.03e-01	3.91e-09
 2.56009e+16	4.11e-01	5.89e-01	4.06e-09
 2.56267e+16	4.24e-01	5.76e-01	4.20e-09
 2.56521e+16	4.38e-01	5.62e-01	4.36e-09
 2.56781e+16	4.52e-01	5.48e-01	4.50e-09
 2.57039e+16	4.66e-01	5.34e-01	4.66e-09
 2.57293e+16	4.80e-01	5.20e-01	4.81e-09
 2.57546e+16	4.94e-01	5.06e-01	4.96e-09
 2.57797e+16	5.09e-01	4.91e-01	5.11e-09
 2.58048e+16	5.23e-01	4.77e-01	5.26e-09
 2.58297e+16	5.37e-01	4.63e-01	5.41e-09
 2.58541e+16	5.51e-01	4.49e-01	5.55e-09
 2.58783e+16	5.65e-01	4.35e-01	5.69e-09
 2.59023e+16	5.79e-01	4.21e-01	5.83e-09
 2.59257e+16	5.92e-01	4.08e-01	5.97e-09
 2.59486e+16	6.05e-01	3.95e-01	6.08e-09
 2.59715e+16	6.19e-01	3.81e-01	6.21e-09
 2.59944e+16	6.31e-01	3.69e-01	6.34e-09
 2.60167e+16	6.44e-01	3.56e-01	6.45e-09
 2.60386e+16	6.56e-01	3.44e-01	6.55e-09
 2.60603e+16	6.68e-01	3.32e-01	6.66e-09
 2.60820e+16	6.80e-01	3.20e-01	6.77e-09
 2.61034e+16	6.92e-01	3.08e-01	6.87e-09
 2.61244e+16	7.03e-01	2.97e-01	6.95e-09
 2.61450e+16	7.14e-01	2.86e-01	7.03e-09
 2.61658e+16	7.24e-01	2.76e-01	7.12e-09
 2.61865e+16	7.35e-01	2.65e-01	7.20e-09
 2.62066e+16	7.45e-01	2.55e-01	7.25e-09
 2.62265e+16	7.54e-01	2.46e-01	7.32e-09
 2.62466e+16	7.64e-01	2.36e-01	7.38e-09
 2.62664e+16	7.73e-01	2.27e-01	7.44e-09
 2.62858e+16	7.82e-01	2.18e-01	7.49e-09
 2.63050e+16	7.90e-01	2.10e-01	7.53e-09
 2.63243e+16	7.99e-01	2.01e-01	7.57e-09
 2.63436e+16	8.07e-01	1.93e-01	7.61e-09
 2.63625e+16	8.14e-01	1.86e-01	7.65e-09
 2.63809e+16	8.22e-01	1.78e-01	7.66e-09
 2.63994e+16	8.29e-01	1.71e-01	7.67e-09
 2.64182e+16	8.36e-01	1.64e-01	7.69e-09
 2.64367e+16	8.43e-01	1.57e-01	7.71e-09
 2.64548e+16	8.49e-01	1.51e-01	7.71e-09
 2.64727e+16	8.55e-01	1.45e-01	7.72e-09
 2.64907e+16	8.61e-01	1.39e-01	7.72e-09
 2.65084e+16	8.67e-01	1.33e-01	7.71e-09
 2.65262e+16	8.72e-01	1.28e-01	7.70e-09
 2.65438e+16	8.78e-01	1.22e-01	7.68e-09
 2.65611e+16	8.83e-01	1.17e-01	7.66e-09
 2.65783e+16	8.88e-01	1.12e-01	7.64e-09
 2.65953e+16	8.92e-01	1.08e-01	7.61e-09
 2.66122e+16	8.97e-01	1.03e-01	7.58e-09
 2.66290e+16	9.01e-01	9.90e-02	7.54e-09
 2.66455e+16	9.05e-01	9.49e-02	7.49e-09
 2.66619e+16	9.09e-01	9.10e-02	7.45e-09
 2.66777e+16	9.13e-01	8.74e-02	7.40e-09
 2.66923e+16	9.16e-01	8.41e-02	7.35e-09
 2.67056e+16	9.19e-01	8.13e-02	7.29e-09
 2.67178e+16	9.21e-01	7.87e-02	7.23e-09
 2.67291e+16	9.24e-01	7.63e-02	7.18e-09
 2.67398e+16	9.26e-01	7.41e-02	7.12e-09
 2.67499e+16	9.28e-01	7.21e-02	7.06e-09
 2.67590e+16	9.30e-01	7.03e-02	7.01e-09
 2.67675e+16	9.31e-01	6.87e-02	6.95e-09
 2.67755e+16	9.33e-01	6.72e-02	6.89e-09
 2.67832e+16	9.34e-01	6.57e-02	6.84e-09
 2.67904e+16	9.36e-01	6.44e-02	6.79e-09
 2.67973e+16	9.37e-01	6.32e-02	6.74e-09
 2.68037e+16	9.38e-01	6.20e-02	6.69e-09
 2.68098e+16	9.39e-01	6.09e-02	6.64e-09
 2.68157e+16	9.40e-01	5.99e-02	6.59e-09
 2.68213e+16	9.41e-01	5.90e-02	6.54e-09
 2.68266e+16	9.42e-01	5.80e-02	6.49e-09
 2.68318e+16	9.43e-01	5.72e-02	6.45e-09
 2.68368e+16	9.44e-01	5.63e-02	6.40e-09
 2.68416e+16	9.44e-01	5.55e-02	6.35e-09
 2.68464e+16	9.45e-01	5.47e-02	6.31e-09
 2.68510e+16	9.46e-01	5.40e-02	6.26e-09
 2.68557e+16	9.47e-01	5.32e-02	6.21e-09
 2.68603e+16	9.48e-01	5.25e-02	6.16e-09
 2.68651e+16	9.48e-01	5.17e-02	6.10e-09
 2.68702e+16	9.49e-01	5.09e-02	6.04e-09
 2.68754e+16	9.50e-01	5.00e-02	5.98e-09
 2.68810e+16	9.51e-01	4.91e-02	5.90e-09
 2.68863e+16	9.52e-01	4.83e-02	5.83e-09
 2.68911e+16	9.52e-01	4.76e-02	5.77e-09
 2.68956e+16	9.53e-01	4.69e-02	5.70e-09
 2.68998e+16	9.54e-01	4.62e-02	5.63e-09
 2.69037e+16	9.54e-01	4.56e-02	5.57e-09
 2.69074e+16	9.55e-01	4.50e-02	5.51e-09
 2.69106e+16	9.56e-01	4.45e-02	5.46e-09
 2.69136e+16	9.56e-01	4.40e-02	5.40e-09
 2.69164e+16	9.56e-01	4.35e-02	5.35e-09
 2.69188e+16	9.57e-01	4.31e-02	5.31e-09
 2.69211e+16	9.57e-01	4.28e-02	5.27e-09
 2.69236e+16	9.58e-01	4.23e-02	5.22e-09
 2.69262e+16	9.58e-01	4.19e-02	5.17e-09
 2.69286e+16	9.58e-01	4.16e-02	5.14e-09
 2.69313e+16	9.59e-01	4.11e-02	5.08e-09
 2.69342e+16	9.59e-01	4.06e-02	5.02e-09
 2.69368e+16	9.60e-01	4.02e-02	4.98e-09
 2.69392e+16	9.60e-01	3.99e-02	4.94e-09
 2.69418e+16	9.61e-01	3.94e-02	4.88e-09
 2.69446e+16	9.61e-01	3.89e-02	4.83e-09
 2.69471e+16	9.61e-01	3.86e-02	4.80e-09
 2.69495e+16	9.62e-01	3.82e-02	4.76e-09
 2.69520e+16	9.62e-01	3.78e-02	4.72e-09
 2.69553e+16	9.63e-01	3.73e-02	4.67e-09
 2.69589e+16	9.63e-01	3.69e-02	4.62e-09
 2.69622e+16	9.64e-01	3.65e-02	4.59e-09
