#depth	O	O+	O+2	O+3	O+4	O+5	O+6	O+7	O+8	O[1]	O[2]	O[3]
 3.97828e+11	7.01e-06	1.17e-02	9.64e-01	2.44e-02	8.45e-07	0.00e+00	0.00e+00	0.00e+00	0.00e+00	4.90e-06	1.42e-06	6.92e-07
 2.38697e+12	7.01e-06	1.17e-02	9.64e-01	2.43e-02	8.40e-07	0.00e+00	0.00e+00	0.00e+00	0.00e+00	4.90e-06	1.42e-06	6.92e-07
 1.03435e+13	7.02e-06	1.17e-02	9.64e-01	2.39e-02	8.22e-07	0.00e+00	0.00e+00	0.00e+00	0.00e+00	4.90e-06	1.42e-06	6.94e-07
 4.21698e+13	7.09e-06	1.18e-02	9.66e-01	2.26e-02	7.52e-07	0.00e+00	0.00e+00	0.00e+00	0.00e+00	4.95e-06	1.44e-06	7.03e-07
 1.00730e+14	7.12e-06	1.18e-02	9.67e-01	2.08e-02	6.58e-07	0.00e+00	0.00e+00	0.00e+00	0.00e+00	4.96e-06	1.44e-06	7.06e-07
 1.76858e+14	7.19e-06	1.19e-02	9.69e-01	1.86e-02	5.52e-07	0.00e+00	0.00e+00	0.00e+00	0.00e+00	5.01e-06	1.46e-06	7.13e-07
 2.75825e+14	7.32e-06	1.21e-02	9.72e-01	1.60e-02	4.36e-07	0.00e+00	0.00e+00	0.00e+00	0.00e+00	5.11e-06	1.49e-06	7.27e-07
 4.04482e+14	7.52e-06	1.23e-02	9.75e-01	1.31e-02	3.20e-07	0.00e+00	0.00e+00	0.00e+00	0.00e+00	5.25e-06	1.53e-06	7.46e-07
 5.71736e+14	7.81e-06	1.25e-02	9.77e-01	1.01e-02	2.14e-07	0.00e+00	0.00e+00	0.00e+00	0.00e+00	5.46e-06	1.58e-06	7.75e-07
 7.89167e+14	8.24e-06	1.28e-02	9.80e-01	7.11e-03	1.25e-07	0.00e+00	0.00e+00	0.00e+00	0.00e+00	5.76e-06	1.67e-06	8.17e-07
 1.07183e+15	8.87e-06	1.33e-02	9.82e-01	4.50e-03	0.00e+00	0.00e+00	0.00e+00	0.00e+00	0.00e+00	6.20e-06	1.79e-06	8.78e-07
 1.43928e+15	9.80e-06	1.39e-02	9.84e-01	2.49e-03	0.00e+00	0.00e+00	0.00e+00	0.00e+00	0.00e+00	6.86e-06	1.98e-06	9.69e-07
 1.91698e+15	1.12e-05	1.47e-02	9.84e-01	1.16e-03	0.00e+00	0.00e+00	0.00e+00	0.00e+00	0.00e+00	7.86e-06	2.26e-06	1.11e-06
 2.53798e+15	1.35e-05	1.59e-02	9.84e-01	4.45e-04	0.00e+00	0.00e+00	0.00e+00	0.00e+00	0.00e+00	9.44e-06	2.71e-06	1.33e-06
 3.34528e+15	1.72e-05	1.75e-02	9.82e-01	1.37e-04	0.00e+00	0.00e+00	0.00e+00	0.00e+00	0.00e+00	1.21e-05	3.45e-06	1.69e-06
 4.23156e+15	2.22e-05	1.95e-02	9.80e-01	4.18e-05	0.00e+00	0.00e+00	0.00e+00	0.00e+00	0.00e+00	1.56e-05	4.44e-06	2.18e-06
 5.06325e+15	2.85e-05	2.16e-02	9.78e-01	1.59e-05	0.00e+00	0.00e+00	0.00e+00	0.00e+00	0.00e+00	2.00e-05	5.67e-06	2.78e-06
 5.98720e+15	3.84e-05	2.45e-02	9.75e-01	6.60e-06	0.00e+00	0.00e+00	0.00e+00	0.00e+00	0.00e+00	2.70e-05	7.63e-06	3.75e-06
 6.97384e+15	5.19e-05	2.79e-02	9.72e-01	3.25e-06	0.00e+00	0.00e+00	0.00e+00	0.00e+00	0.00e+00	3.66e-05	1.03e-05	5.06e-06
 7.64905e+15	6.30e-05	3.03e-02	9.70e-01	2.30e-06	0.00e+00	0.00e+00	0.00e+00	0.00e+00	0.00e+00	4.44e-05	1.25e-05	6.14e-06
 8.01917e+15	7.07e-05	3.19e-02	9.68e-01	1.95e-06	0.00e+00	0.00e+00	0.00e+00	0.00e+00	0.00e+00	4.98e-05	1.40e-05	6.89e-06
 8.38559e+15	8.00e-05	3.36e-02	9.66e-01	1.65e-06	0.00e+00	0.00e+00	0.00e+00	0.00e+00	0.00e+00	5.63e-05	1.59e-05	7.79e-06
 8.86192e+15	9.38e-05	3.60e-02	9.64e-01	1.38e-06	0.00e+00	0.00e+00	0.00e+00	0.00e+00	0.00e+00	6.61e-05	1.86e-05	9.13e-06
 9.37761e+15	1.11e-04	3.88e-02	9.61e-01	1.17e-06	0.00e+00	0.00e+00	0.00e+00	0.00e+00	0.00e+00	7.80e-05	2.20e-05	1.08e-05
 9.83848e+15	1.29e-04	4.15e-02	9.58e-01	1.02e-06	0.00e+00	0.00e+00	0.00e+00	0.00e+00	0.00e+00	9.06e-05	2.55e-05	1.25e-05
 1.02624e+16	1.48e-04	4.42e-02	9.56e-01	8.98e-07	0.00e+00	0.00e+00	0.00e+00	0.00e+00	0.00e+00	1.04e-04	2.94e-05	1.44e-05
 1.07443e+16	1.75e-04	4.76e-02	9.52e-01	7.98e-07	0.00e+00	0.00e+00	0.00e+00	0.00e+00	0.00e+00	1.23e-04	3.47e-05	1.70e-05
 1.12545e+16	2.07e-04	5.15e-02	9.48e-01	7.07e-07	0.00e+00	0.00e+00	0.00e+00	0.00e+00	0.00e+00	1.46e-04	4.12e-05	2.02e-05
 1.16945e+16	2.40e-04	5.52e-02	9.45e-01	6.38e-07	0.00e+00	0.00e+00	0.00e+00	0.00e+00	0.00e+00	1.69e-04	4.78e-05	2.35e-05
 1.20980e+16	2.77e-04	5.89e-02	9.41e-01	5.87e-07	0.00e+00	0.00e+00	0.00e+00	0.00e+00	0.00e+00	1.95e-04	5.51e-05	2.71e-05
 1.25611e+16	3.27e-04	6.37e-02	9.36e-01	5.35e-07	0.00e+00	0.00e+00	0.00e+00	0.00e+00	0.00e+00	2.29e-04	6.51e-05	3.20e-05
 1.30560e+16	3.89e-04	6.92e-02	9.30e-01	4.86e-07	0.00e+00	0.00e+00	0.00e+00	0.00e+00	0.00e+00	2.73e-04	7.78e-05	3.82e-05
 1.34865e+16	4.55e-04	7.46e-02	9.25e-01	4.46e-07	0.00e+00	0.00e+00	0.00e+00	0.00e+00	0.00e+00	3.19e-04	9.10e-05	4.47e-05
 1.38770e+16	5.26e-04	8.00e-02	9.20e-01	4.16e-07	0.00e+00	0.00e+00	0.00e+00	0.00e+00	0.00e+00	3.69e-04	1.05e-04	5.17e-05
 1.43211e+16	6.23e-04	8.68e-02	9.13e-01	3.84e-07	0.00e+00	0.00e+00	0.00e+00	0.00e+00	0.00e+00	4.36e-04	1.25e-04	6.13e-05
 1.47985e+16	7.49e-04	9.50e-02	9.04e-01	3.53e-07	0.00e+00	0.00e+00	0.00e+00	0.00e+00	0.00e+00	5.24e-04	1.51e-04	7.39e-05
 1.52170e+16	8.84e-04	1.03e-01	8.96e-01	3.28e-07	0.00e+00	0.00e+00	0.00e+00	0.00e+00	0.00e+00	6.19e-04	1.78e-04	8.74e-05
 1.55950e+16	1.03e-03	1.11e-01	8.88e-01	3.07e-07	0.00e+00	0.00e+00	0.00e+00	0.00e+00	0.00e+00	7.21e-04	2.08e-04	1.02e-04
 1.60224e+16	1.23e-03	1.22e-01	8.77e-01	2.84e-07	0.00e+00	0.00e+00	0.00e+00	0.00e+00	0.00e+00	8.62e-04	2.50e-04	1.22e-04
 1.64852e+16	1.51e-03	1.35e-01	8.64e-01	2.60e-07	0.00e+00	0.00e+00	0.00e+00	0.00e+00	0.00e+00	1.05e-03	3.05e-04	1.49e-04
 1.68893e+16	1.80e-03	1.47e-01	8.51e-01	2.41e-07	0.00e+00	0.00e+00	0.00e+00	0.00e+00	0.00e+00	1.26e-03	3.66e-04	1.79e-04
 1.72432e+16	2.12e-03	1.60e-01	8.38e-01	2.25e-07	0.00e+00	0.00e+00	0.00e+00	0.00e+00	0.00e+00	1.48e-03	4.32e-04	2.10e-04
 1.76365e+16	2.56e-03	1.76e-01	8.21e-01	2.07e-07	0.00e+00	0.00e+00	0.00e+00	0.00e+00	0.00e+00	1.78e-03	5.21e-04	2.53e-04
 1.80670e+16	3.16e-03	1.96e-01	8.01e-01	1.88e-07	0.00e+00	0.00e+00	0.00e+00	0.00e+00	0.00e+00	2.20e-03	6.45e-04	3.13e-04
 1.84485e+16	3.84e-03	2.16e-01	7.80e-01	1.71e-07	0.00e+00	0.00e+00	0.00e+00	0.00e+00	0.00e+00	2.67e-03	7.86e-04	3.80e-04
 1.87823e+16	4.58e-03	2.37e-01	7.59e-01	1.56e-07	0.00e+00	0.00e+00	0.00e+00	0.00e+00	0.00e+00	3.19e-03	9.40e-04	4.54e-04
 1.91514e+16	5.60e-03	2.62e-01	7.33e-01	1.40e-07	0.00e+00	0.00e+00	0.00e+00	0.00e+00	0.00e+00	3.89e-03	1.15e-03	5.55e-04
 1.95476e+16	7.02e-03	2.93e-01	7.00e-01	0.00e+00	0.00e+00	0.00e+00	0.00e+00	0.00e+00	0.00e+00	4.87e-03	1.45e-03	6.95e-04
 1.98837e+16	8.57e-03	3.23e-01	6.69e-01	0.00e+00	0.00e+00	0.00e+00	0.00e+00	0.00e+00	0.00e+00	5.95e-03	1.77e-03	8.49e-04
 2.01658e+16	1.02e-02	3.51e-01	6.39e-01	0.00e+00	0.00e+00	0.00e+00	0.00e+00	0.00e+00	0.00e+00	7.09e-03	2.11e-03	1.01e-03
 2.04732e+16	1.24e-02	3.84e-01	6.04e-01	0.00e+00	0.00e+00	0.00e+00	0.00e+00	0.00e+00	0.00e+00	8.59e-03	2.57e-03	1.23e-03
 2.08097e+16	1.55e-02	4.24e-01	5.60e-01	0.00e+00	0.00e+00	0.00e+00	0.00e+00	0.00e+00	0.00e+00	1.07e-02	3.21e-03	1.53e-03
 2.11039e+16	1.90e-02	4.63e-01	5.18e-01	0.00e+00	0.00e+00	0.00e+00	0.00e+00	0.00e+00	0.00e+00	1.31e-02	3.94e-03	1.87e-03
 2.13518e+16	2.26e-02	4.99e-01	4.79e-01	0.00e+00	0.00e+00	0.00e+00	0.00e+00	0.00e+00	0.00e+00	1.57e-02	4.70e-03	2.23e-03
 2.16195e+16	2.75e-02	5.38e-01	4.34e-01	0.00e+00	0.00e+00	0.00e+00	0.00e+00	0.00e+00	0.00e+00	1.90e-02	5.72e-03	2.71e-03
 2.19121e+16	3.42e-02	5.83e-01	3.82e-01	0.00e+00	0.00e+00	0.00e+00	0.00e+00	0.00e+00	0.00e+00	2.37e-02	7.13e-03	3.38e-03
 2.21676e+16	4.20e-02	6.23e-01	3.35e-01	0.00e+00	0.00e+00	0.00e+00	0.00e+00	0.00e+00	0.00e+00	2.91e-02	8.72e-03	4.14e-03
 2.23833e+16	5.01e-02	6.57e-01	2.93e-01	0.00e+00	0.00e+00	0.00e+00	0.00e+00	0.00e+00	0.00e+00	3.48e-02	1.04e-02	4.93e-03
 2.26164e+16	6.09e-02	6.90e-01	2.49e-01	0.00e+00	0.00e+00	0.00e+00	0.00e+00	0.00e+00	0.00e+00	4.23e-02	1.26e-02	5.99e-03
 2.28702e+16	7.59e-02	7.23e-01	2.02e-01	0.00e+00	0.00e+00	0.00e+00	0.00e+00	0.00e+00	0.00e+00	5.28e-02	1.56e-02	7.45e-03
 2.30915e+16	9.26e-02	7.45e-01	1.62e-01	0.00e+00	0.00e+00	0.00e+00	0.00e+00	0.00e+00	0.00e+00	6.45e-02	1.90e-02	9.06e-03
 2.32525e+16	1.08e-01	7.57e-01	1.36e-01	0.00e+00	0.00e+00	0.00e+00	0.00e+00	0.00e+00	0.00e+00	7.51e-02	2.20e-02	1.05e-02
 2.33629e+16	1.19e-01	7.62e-01	1.18e-01	0.00e+00	0.00e+00	0.00e+00	0.00e+00	0.00e+00	0.00e+00	8.34e-02	2.43e-02	1.17e-02
 2.34748e+16	1.33e-01	7.65e-01	1.02e-01	0.00e+00	0.00e+00	0.00e+00	0.00e+00	0.00e+00	0.00e+00	9.30e-02	2.70e-02	1.30e-02
 2.36202e+16	1.53e-01	7.64e-01	8.25e-02	0.00e+00	0.00e+00	0.00e+00	0.00e+00	0.00e+00	0.00e+00	1.07e-01	3.09e-02	1.49e-02
 2.37606e+16	1.76e-01	7.58e-01	6.59e-02	0.00e+00	0.00e+00	0.00e+00	0.00e+00	0.00e+00	0.00e+00	1.24e-01	3.53e-02	1.71e-02
 2.38593e+16	1.95e-01	7.50e-01	5.54e-02	0.00e+00	0.00e+00	0.00e+00	0.00e+00	0.00e+00	0.00e+00	1.37e-01	3.88e-02	1.89e-02
 2.39378e+16	2.11e-01	7.41e-01	4.79e-02	0.00e+00	0.00e+00	0.00e+00	0.00e+00	0.00e+00	0.00e+00	1.49e-01	4.18e-02	2.04e-02
 2.40252e+16	2.31e-01	7.29e-01	4.02e-02	0.00e+00	0.00e+00	0.00e+00	0.00e+00	0.00e+00	0.00e+00	1.63e-01	4.55e-02	2.23e-02
 2.41216e+16	2.55e-01	7.12e-01	3.28e-02	0.00e+00	0.00e+00	0.00e+00	0.00e+00	0.00e+00	0.00e+00	1.81e-01	4.98e-02	2.45e-02
 2.42076e+16	2.79e-01	6.94e-01	2.70e-02	0.00e+00	0.00e+00	0.00e+00	0.00e+00	0.00e+00	0.00e+00	1.98e-01	5.39e-02	2.67e-02
 2.42822e+16	3.01e-01	6.77e-01	2.26e-02	0.00e+00	0.00e+00	0.00e+00	0.00e+00	0.00e+00	0.00e+00	2.14e-01	5.76e-02	2.87e-02
 2.43638e+16	3.27e-01	6.55e-01	1.84e-02	0.00e+00	0.00e+00	0.00e+00	0.00e+00	0.00e+00	0.00e+00	2.34e-01	6.20e-02	3.11e-02
 2.44503e+16	3.56e-01	6.29e-01	1.46e-02	0.00e+00	0.00e+00	0.00e+00	0.00e+00	0.00e+00	0.00e+00	2.56e-01	6.67e-02	3.37e-02
 2.45241e+16	3.83e-01	6.05e-01	1.18e-02	0.00e+00	0.00e+00	0.00e+00	0.00e+00	0.00e+00	0.00e+00	2.76e-01	7.09e-02	3.61e-02
 2.45879e+16	4.07e-01	5.83e-01	9.83e-03	0.00e+00	0.00e+00	0.00e+00	0.00e+00	0.00e+00	0.00e+00	2.94e-01	7.44e-02	3.82e-02
 2.46545e+16	4.34e-01	5.58e-01	7.98e-03	0.00e+00	0.00e+00	0.00e+00	0.00e+00	0.00e+00	0.00e+00	3.15e-01	7.82e-02	4.05e-02
 2.47258e+16	4.63e-01	5.31e-01	6.35e-03	0.00e+00	0.00e+00	0.00e+00	0.00e+00	0.00e+00	0.00e+00	3.38e-01	8.20e-02	4.28e-02
 2.47923e+16	4.91e-01	5.04e-01	5.08e-03	0.00e+00	0.00e+00	0.00e+00	0.00e+00	0.00e+00	0.00e+00	3.60e-01	8.55e-02	4.51e-02
 2.48524e+16	5.17e-01	4.79e-01	4.12e-03	0.00e+00	0.00e+00	0.00e+00	0.00e+00	0.00e+00	0.00e+00	3.81e-01	8.85e-02	4.71e-02
 2.49098e+16	5.41e-01	4.55e-01	3.35e-03	0.00e+00	0.00e+00	0.00e+00	0.00e+00	0.00e+00	0.00e+00	4.01e-01	9.11e-02	4.90e-02
 2.49638e+16	5.65e-01	4.32e-01	2.74e-03	0.00e+00	0.00e+00	0.00e+00	0.00e+00	0.00e+00	0.00e+00	4.21e-01	9.33e-02	5.07e-02
 2.50137e+16	5.86e-01	4.12e-01	2.26e-03	0.00e+00	0.00e+00	0.00e+00	0.00e+00	0.00e+00	0.00e+00	4.39e-01	9.51e-02	5.21e-02
 2.50533e+16	6.03e-01	3.95e-01	1.95e-03	0.00e+00	0.00e+00	0.00e+00	0.00e+00	0.00e+00	0.00e+00	4.53e-01	9.64e-02	5.32e-02
 2.50797e+16	6.14e-01	3.85e-01	1.76e-03	0.00e+00	0.00e+00	0.00e+00	0.00e+00	0.00e+00	0.00e+00	4.62e-01	9.72e-02	5.39e-02
 2.51041e+16	6.24e-01	3.75e-01	1.60e-03	0.00e+00	0.00e+00	0.00e+00	0.00e+00	0.00e+00	0.00e+00	4.71e-01	9.78e-02	5.46e-02
 2.51330e+16	6.36e-01	3.63e-01	1.42e-03	0.00e+00	0.00e+00	0.00e+00	0.00e+00	0.00e+00	0.00e+00	4.82e-01	9.85e-02	5.53e-02
 2.51643e+16	6.49e-01	3.50e-01	1.24e-03	0.00e+00	0.00e+00	0.00e+00	0.00e+00	0.00e+00	0.00e+00	4.94e-01	9.92e-02	5.60e-02
 2.51940e+16	6.61e-01	3.38e-01	1.10e-03	0.00e+00	0.00e+00	0.00e+00	0.00e+00	0.00e+00	0.00e+00	5.05e-01	9.98e-02	5.67e-02
 2.52219e+16	6.72e-01	3.27e-01	9.77e-04	0.00e+00	0.00e+00	0.00e+00	0.00e+00	0.00e+00	0.00e+00	5.15e-01	1.00e-01	5.73e-02
 2.52496e+16	6.84e-01	3.15e-01	8.66e-04	0.00e+00	0.00e+00	0.00e+00	0.00e+00	0.00e+00	0.00e+00	5.25e-01	1.01e-01	5.78e-02
 2.52776e+16	6.95e-01	3.04e-01	7.66e-04	0.00e+00	0.00e+00	0.00e+00	0.00e+00	0.00e+00	0.00e+00	5.35e-01	1.01e-01	5.83e-02
 2.53056e+16	7.06e-01	2.93e-01	6.75e-04	0.00e+00	0.00e+00	0.00e+00	0.00e+00	0.00e+00	0.00e+00	5.46e-01	1.01e-01	5.88e-02
 2.53332e+16	7.16e-01	2.83e-01	5.97e-04	0.00e+00	0.00e+00	0.00e+00	0.00e+00	0.00e+00	0.00e+00	5.56e-01	1.01e-01	5.92e-02
 2.53605e+16	7.27e-01	2.72e-01	5.27e-04	0.00e+00	0.00e+00	0.00e+00	0.00e+00	0.00e+00	0.00e+00	5.66e-01	1.01e-01	5.96e-02
 2.53880e+16	7.37e-01	2.62e-01	4.64e-04	0.00e+00	0.00e+00	0.00e+00	0.00e+00	0.00e+00	0.00e+00	5.76e-01	1.01e-01	6.00e-02
 2.54149e+16	7.47e-01	2.52e-01	4.09e-04	0.00e+00	0.00e+00	0.00e+00	0.00e+00	0.00e+00	0.00e+00	5.86e-01	1.01e-01	6.03e-02
 2.54416e+16	7.57e-01	2.43e-01	3.61e-04	0.00e+00	0.00e+00	0.00e+00	0.00e+00	0.00e+00	0.00e+00	5.95e-01	1.01e-01	6.05e-02
 2.54685e+16	7.66e-01	2.33e-01	3.16e-04	0.00e+00	0.00e+00	0.00e+00	0.00e+00	0.00e+00	0.00e+00	6.05e-01	1.01e-01	6.07e-02
 2.54953e+16	7.75e-01	2.24e-01	2.78e-04	0.00e+00	0.00e+00	0.00e+00	0.00e+00	0.00e+00	0.00e+00	6.14e-01	1.00e-01	6.09e-02
 2.55217e+16	7.84e-01	2.15e-01	2.44e-04	0.00e+00	0.00e+00	0.00e+00	0.00e+00	0.00e+00	0.00e+00	6.23e-01	1.00e-01	6.10e-02
 2.55480e+16	7.93e-01	2.07e-01	2.15e-04	0.00e+00	0.00e+00	0.00e+00	0.00e+00	0.00e+00	0.00e+00	6.32e-01	9.96e-02	6.11e-02
 2.55744e+16	8.01e-01	1.98e-01	1.88e-04	0.00e+00	0.00e+00	0.00e+00	0.00e+00	0.00e+00	0.00e+00	6.41e-01	9.91e-02	6.11e-02
 2.56009e+16	8.10e-01	1.90e-01	1.64e-04	0.00e+00	0.00e+00	0.00e+00	0.00e+00	0.00e+00	0.00e+00	6.50e-01	9.86e-02	6.11e-02
 2.56267e+16	8.17e-01	1.82e-01	1.44e-04	0.00e+00	0.00e+00	0.00e+00	0.00e+00	0.00e+00	0.00e+00	6.58e-01	9.80e-02	6.11e-02
 2.56521e+16	8.25e-01	1.75e-01	1.26e-04	0.00e+00	0.00e+00	0.00e+00	0.00e+00	0.00e+00	0.00e+00	6.66e-01	9.74e-02	6.10e-02
 2.56781e+16	8.32e-01	1.67e-01	1.10e-04	0.00e+00	0.00e+00	0.00e+00	0.00e+00	0.00e+00	0.00e+00	6.75e-01	9.67e-02	6.09e-02
 2.57039e+16	8.39e-01	1.61e-01	9.62e-05	0.00e+00	0.00e+00	0.00e+00	0.00e+00	0.00e+00	0.00e+00	6.82e-01	9.60e-02	6.08e-02
 2.57293e+16	8.46e-01	1.54e-01	8.41e-05	0.00e+00	0.00e+00	0.00e+00	0.00e+00	0.00e+00	0.00e+00	6.90e-01	9.53e-02	6.07e-02
 2.57546e+16	8.53e-01	1.47e-01	7.34e-05	0.00e+00	0.00e+00	0.00e+00	0.00e+00	0.00e+00	0.00e+00	6.98e-01	9.45e-02	6.05e-02
 2.57797e+16	8.59e-01	1.41e-01	6.41e-05	0.00e+00	0.00e+00	0.00e+00	0.00e+00	0.00e+00	0.00e+00	7.05e-01	9.37e-02	6.02e-02
 2.58048e+16	8.65e-01	1.35e-01	5.59e-05	0.00e+00	0.00e+00	0.00e+00	0.00e+00	0.00e+00	0.00e+00	7.12e-01	9.29e-02	6.00e-02
 2.58297e+16	8.71e-01	1.29e-01	4.88e-05	0.00e+00	0.00e+00	0.00e+00	0.00e+00	0.00e+00	0.00e+00	7.19e-01	9.21e-02	5.98e-02
 2.58541e+16	8.77e-01	1.23e-01	4.26e-05	0.00e+00	0.00e+00	0.00e+00	0.00e+00	0.00e+00	0.00e+00	7.26e-01	9.13e-02	5.95e-02
 2.58783e+16	8.82e-01	1.18e-01	3.72e-05	0.00e+00	0.00e+00	0.00e+00	0.00e+00	0.00e+00	0.00e+00	7.32e-01	9.05e-02	5.92e-02
 2.59023e+16	8.87e-01	1.13e-01	3.26e-05	0.00e+00	0.00e+00	0.00e+00	0.00e+00	0.00e+00	0.00e+00	7.38e-01	8.97e-02	5.89e-02
 2.59257e+16	8.92e-01	1.08e-01	2.85e-05	0.00e+00	0.00e+00	0.00e+00	0.00e+00	0.00e+00	0.00e+00	7.44e-01	8.89e-02	5.86e-02
 2.59486e+16	8.96e-01	1.03e-01	2.51e-05	0.00e+00	0.00e+00	0.00e+00	0.00e+00	0.00e+00	0.00e+00	7.50e-01	8.81e-02	5.83e-02
 2.59715e+16	9.01e-01	9.91e-02	2.20e-05	0.00e+00	0.00e+00	0.00e+00	0.00e+00	0.00e+00	0.00e+00	7.56e-01	8.73e-02	5.79e-02
 2.59944e+16	9.05e-01	9.50e-02	1.93e-05	0.00e+00	0.00e+00	0.00e+00	0.00e+00	0.00e+00	0.00e+00	7.61e-01	8.65e-02	5.76e-02
 2.60167e+16	9.09e-01	9.10e-02	1.69e-05	0.00e+00	0.00e+00	0.00e+00	0.00e+00	0.00e+00	0.00e+00	7.66e-01	8.57e-02	5.73e-02
 2.60386e+16	9.13e-01	8.72e-02	1.49e-05	0.00e+00	0.00e+00	0.00e+00	0.00e+00	0.00e+00	0.00e+00	7.71e-01	8.49e-02	5.69e-02
 2.60603e+16	9.16e-01	8.36e-02	1.31e-05	0.00e+00	0.00e+00	0.00e+00	0.00e+00	0.00e+00	0.00e+00	7.76e-01	8.42e-02	5.66e-02
 2.60820e+16	9.20e-01	8.02e-02	1.16e-05	0.00e+00	0.00e+00	0.00e+00	0.00e+00	0.00e+00	0.00e+00	7.80e-01	8.34e-02	5.63e-02
 2.61034e+16	9.23e-01	7.68e-02	1.02e-05	0.00e+00	0.00e+00	0.00e+00	0.00e+00	0.00e+00	0.00e+00	7.85e-01	8.27e-02	5.59e-02
 2.61244e+16	9.26e-01	7.37e-02	9.01e-06	0.00e+00	0.00e+00	0.00e+00	0.00e+00	0.00e+00	0.00e+00	7.89e-01	8.20e-02	5.56e-02
 2.61450e+16	9.29e-01	7.07e-02	7.97e-06	0.00e+00	0.00e+00	0.00e+00	0.00e+00	0.00e+00	0.00e+00	7.93e-01	8.13e-02	5.52e-02
 2.61658e+16	9.32e-01	6.78e-02	7.04e-06	0.00e+00	0.00e+00	0.00e+00	0.00e+00	0.00e+00	0.00e+00	7.97e-01	8.06e-02	5.49e-02
 2.61865e+16	9.35e-01	6.50e-02	6.22e-06	0.00e+00	0.00e+00	0.00e+00	0.00e+00	0.00e+00	0.00e+00	8.00e-01	7.99e-02	5.45e-02
 2.62066e+16	9.38e-01	6.24e-02	5.51e-06	0.00e+00	0.00e+00	0.00e+00	0.00e+00	0.00e+00	0.00e+00	8.04e-01	7.93e-02	5.42e-02
 2.62265e+16	9.40e-01	5.99e-02	4.89e-06	0.00e+00	0.00e+00	0.00e+00	0.00e+00	0.00e+00	0.00e+00	8.08e-01	7.86e-02	5.39e-02
 2.62466e+16	9.43e-01	5.74e-02	4.33e-06	0.00e+00	0.00e+00	0.00e+00	0.00e+00	0.00e+00	0.00e+00	8.11e-01	7.80e-02	5.35e-02
 2.62664e+16	9.45e-01	5.51e-02	3.84e-06	0.00e+00	0.00e+00	0.00e+00	0.00e+00	0.00e+00	0.00e+00	8.14e-01	7.74e-02	5.32e-02
 2.62858e+16	9.47e-01	5.29e-02	3.41e-06	0.00e+00	0.00e+00	0.00e+00	0.00e+00	0.00e+00	0.00e+00	8.17e-01	7.68e-02	5.28e-02
 2.63050e+16	9.49e-01	5.09e-02	3.03e-06	0.00e+00	0.00e+00	0.00e+00	0.00e+00	0.00e+00	0.00e+00	8.21e-01	7.62e-02	5.24e-02
 2.63243e+16	9.51e-01	4.88e-02	2.69e-06	0.00e+00	0.00e+00	0.00e+00	0.00e+00	0.00e+00	0.00e+00	8.23e-01	7.56e-02	5.21e-02
 2.63436e+16	9.53e-01	4.69e-02	2.39e-06	0.00e+00	0.00e+00	0.00e+00	0.00e+00	0.00e+00	0.00e+00	8.26e-01	7.51e-02	5.17e-02
 2.63625e+16	9.55e-01	4.50e-02	2.13e-06	0.00e+00	0.00e+00	0.00e+00	0.00e+00	0.00e+00	0.00e+00	8.29e-01	7.45e-02	5.14e-02
 2.63809e+16	9.57e-01	4.32e-02	1.90e-06	0.00e+00	0.00e+00	0.00e+00	0.00e+00	0.00e+00	0.00e+00	8.32e-01	7.40e-02	5.11e-02
 2.63994e+16	9.58e-01	4.15e-02	1.70e-06	0.00e+00	0.00e+00	0.00e+00	0.00e+00	0.00e+00	0.00e+00	8.34e-01	7.35e-02	5.07e-02
 2.64182e+16	9.60e-01	3.99e-02	1.51e-06	0.00e+00	0.00e+00	0.00e+00	0.00e+00	0.00e+00	0.00e+00	8.37e-01	7.29e-02	5.04e-02
 2.64367e+16	9.62e-01	3.83e-02	1.35e-06	0.00e+00	0.00e+00	0.00e+00	0.00e+00	0.00e+00	0.00e+00	8.39e-01	7.24e-02	5.01e-02
 2.64548e+16	9.63e-01	3.68e-02	1.21e-06	0.00e+00	0.00e+00	0.00e+00	0.00e+00	0.00e+00	0.00e+00	8.41e-01	7.20e-02	4.98e-02
 2.64727e+16	9.65e-01	3.54e-02	1.08e-06	0.00e+00	0.00e+00	0.00e+00	0.00e+00	0.00e+00	0.00e+00	8.44e-01	7.15e-02	4.95e-02
 2.64907e+16	9.66e-01	3.40e-02	9.65e-07	0.00e+00	0.00e+00	0.00e+00	0.00e+00	0.00e+00	0.00e+00	8.46e-01	7.11e-02	4.92e-02
 2.65084e+16	9.67e-01	3.26e-02	8.64e-07	0.00e+00	0.00e+00	0.00e+00	0.00e+00	0.00e+00	0.00e+00	8.48e-01	7.06e-02	4.89e-02
 2.65262e+16	9.69e-01	3.13e-02	7.73e-07	0.00e+00	0.00e+00	0.00e+00	0.00e+00	0.00e+00	0.00e+00	8.50e-01	7.02e-02	4.86e-02
 2.65438e+16	9.70e-01	3.01e-02	6.93e-07	0.00e+00	0.00e+00	0.00e+00	0.00e+00	0.00e+00	0.00e+00	8.52e-01	6.98e-02	4.84e-02
 2.65611e+16	9.71e-01	2.89e-02	6.21e-07	0.00e+00	0.00e+00	0.00e+00	0.00e+00	0.00e+00	0.00e+00	8.54e-01	6.94e-02	4.81e-02
 2.65783e+16	9.72e-01	2.77e-02	5.58e-07	0.00e+00	0.00e+00	0.00e+00	0.00e+00	0.00e+00	0.00e+00	8.55e-01	6.90e-02	4.78e-02
 2.65953e+16	9.73e-01	2.66e-02	5.02e-07	0.00e+00	0.00e+00	0.00e+00	0.00e+00	0.00e+00	0.00e+00	8.57e-01	6.86e-02	4.76e-02
 2.66122e+16	9.74e-01	2.56e-02	4.51e-07	0.00e+00	0.00e+00	0.00e+00	0.00e+00	0.00e+00	0.00e+00	8.59e-01	6.82e-02	4.73e-02
 2.66290e+16	9.75e-01	2.46e-02	4.06e-07	0.00e+00	0.00e+00	0.00e+00	0.00e+00	0.00e+00	0.00e+00	8.61e-01	6.79e-02	4.70e-02
 2.66455e+16	9.76e-01	2.36e-02	3.66e-07	0.00e+00	0.00e+00	0.00e+00	0.00e+00	0.00e+00	0.00e+00	8.62e-01	6.75e-02	4.68e-02
 2.66619e+16	9.77e-01	2.26e-02	3.31e-07	0.00e+00	0.00e+00	0.00e+00	0.00e+00	0.00e+00	0.00e+00	8.64e-01	6.71e-02	4.66e-02
 2.66777e+16	9.78e-01	2.18e-02	2.99e-07	0.00e+00	0.00e+00	0.00e+00	0.00e+00	0.00e+00	0.00e+00	8.65e-01	6.68e-02	4.63e-02
 2.66923e+16	9.79e-01	2.10e-02	2.74e-07	0.00e+00	0.00e+00	0.00e+00	0.00e+00	0.00e+00	0.00e+00	8.66e-01	6.65e-02	4.61e-02
 2.67056e+16	9.80e-01	2.03e-02	2.52e-07	0.00e+00	0.00e+00	0.00e+00	0.00e+00	0.00e+00	0.00e+00	8.68e-01	6.62e-02	4.59e-02
 2.67178e+16	9.80e-01	1.97e-02	2.34e-07	0.00e+00	0.00e+00	0.00e+00	0.00e+00	0.00e+00	0.00e+00	8.69e-01	6.60e-02	4.57e-02
 2.67291e+16	9.81e-01	1.91e-02	2.19e-07	0.00e+00	0.00e+00	0.00e+00	0.00e+00	0.00e+00	0.00e+00	8.70e-01	6.58e-02	4.56e-02
 2.67398e+16	9.81e-01	1.86e-02	2.05e-07	0.00e+00	0.00e+00	0.00e+00	0.00e+00	0.00e+00	0.00e+00	8.70e-01	6.55e-02	4.54e-02
 2.67499e+16	9.82e-01	1.81e-02	1.92e-07	0.00e+00	0.00e+00	0.00e+00	0.00e+00	0.00e+00	0.00e+00	8.71e-01	6.53e-02	4.52e-02
 2.67590e+16	9.82e-01	1.77e-02	1.82e-07	0.00e+00	0.00e+00	0.00e+00	0.00e+00	0.00e+00	0.00e+00	8.72e-01	6.51e-02	4.51e-02
 2.67675e+16	9.83e-01	1.73e-02	1.73e-07	0.00e+00	0.00e+00	0.00e+00	0.00e+00	0.00e+00	0.00e+00	8.73e-01	6.49e-02	4.50e-02
 2.67755e+16	9.83e-01	1.69e-02	1.65e-07	0.00e+00	0.00e+00	0.00e+00	0.00e+00	0.00e+00	0.00e+00	8.74e-01	6.47e-02	4.48e-02
 2.67832e+16	9.83e-01	1.65e-02	1.57e-07	0.00e+00	0.00e+00	0.00e+00	0.00e+00	0.00e+00	0.00e+00	8.74e-01	6.46e-02	4.47e-02
 2.67904e+16	9.84e-01	1.62e-02	1.50e-07	0.00e+00	0.00e+00	0.00e+00	0.00e+00	0.00e+00	0.00e+00	8.75e-01	6.44e-02	4.46e-02
 2.67973e+16	9.84e-01	1.59e-02	1.44e-07	0.00e+00	0.00e+00	0.00e+00	0.00e+00	0.00e+00	0.00e+00	8.75e-01	6.42e-02	4.45e-02
 2.68037e+16	9.84e-01	1.56e-02	1.38e-07	0.00e+00	0.00e+00	0.00e+00	0.00e+00	0.00e+00	0.00e+00	8.76e-01	6.41e-02	4.43e-02
 2.68098e+16	9.85e-01	1.53e-02	1.33e-07	0.00e+00	0.00e+00	0.00e+00	0.00e+00	0.00e+00	0.00e+00	8.77e-01	6.39e-02	4.42e-02
 2.68157e+16	9.85e-01	1.50e-02	1.28e-07	0.00e+00	0.00e+00	0.00e+00	0.00e+00	0.00e+00	0.00e+00	8.77e-01	6.38e-02	4.41e-02
 2.68213e+16	9.85e-01	1.47e-02	1.24e-07	0.00e+00	0.00e+00	0.00e+00	0.00e+00	0.00e+00	0.00e+00	8.78e-01	6.36e-02	4.40e-02
 2.68266e+16	9.86e-01	1.45e-02	1.20e-07	0.00e+00	0.00e+00	0.00e+00	0.00e+00	0.00e+00	0.00e+00	8.78e-01	6.35e-02	4.39e-02
 2.68318e+16	9.86e-01	1.42e-02	1.16e-07	0.00e+00	0.00e+00	0.00e+00	0.00e+00	0.00e+00	0.00e+00	8.79e-01	6.33e-02	4.38e-02
 2.68368e+16	9.86e-01	1.40e-02	1.13e-07	0.00e+00	0.00e+00	0.00e+00	0.00e+00	0.00e+00	0.00e+00	8.79e-01	6.32e-02	4.37e-02
 2.68416e+16	9.86e-01	1.37e-02	1.09e-07	0.00e+00	0.00e+00	0.00e+00	0.00e+00	0.00e+00	0.00e+00	8.80e-01	6.30e-02	4.36e-02
 2.68464e+16	9.86e-01	1.35e-02	1.06e-07	0.00e+00	0.00e+00	0.00e+00	0.00e+00	0.00e+00	0.00e+00	8.80e-01	6.29e-02	4.34e-02
 2.68510e+16	9.87e-01	1.33e-02	1.03e-07	0.00e+00	0.00e+00	0.00e+00	0.00e+00	0.00e+00	0.00e+00	8.81e-01	6.28e-02	4.33e-02
 2.68557e+16	9.87e-01	1.30e-02	9.98e-08	0.00e+00	0.00e+00	0.00e+00	0.00e+00	0.00e+00	0.00e+00	8.81e-01	6.26e-02	4.32e-02
 2.68603e+16	9.87e-01	1.28e-02	9.68e-08	0.00e+00	0.00e+00	0.00e+00	0.00e+00	0.00e+00	0.00e+00	8.82e-01	6.24e-02	4.31e-02
 2.68651e+16	9.87e-01	1.25e-02	9.37e-08	0.00e+00	0.00e+00	0.00e+00	0.00e+00	0.00e+00	0.00e+00	8.82e-01	6.23e-02	4.29e-02
 2.68702e+16	9.88e-01	1.23e-02	9.06e-08	0.00e+00	0.00e+00	0.00e+00	0.00e+00	0.00e+00	0.00e+00	8.83e-01	6.21e-02	4.28e-02
 2.68754e+16	9.88e-01	1.20e-02	8.74e-08	0.00e+00	0.00e+00	0.00e+00	0.00e+00	0.00e+00	0.00e+00	8.84e-01	6.19e-02	4.26e-02
 2.68810e+16	9.88e-01	1.17e-02	8.41e-08	0.00e+00	0.00e+00	0.00e+00	0.00e+00	0.00e+00	0.00e+00	8.84e-01	6.16e-02	4.24e-02
 2.68863e+16	9.89e-01	1.13e-02	8.10e-08	0.00e+00	0.00e+00	0.00e+00	0.00e+00	0.00e+00	0.00e+00	8.85e-01	6.14e-02	4.22e-02
 2.68911e+16	9.89e-01	1.11e-02	7.83e-08	0.00e+00	0.00e+00	0.00e+00	0.00e+00	0.00e+00	0.00e+00	8.86e-01	6.12e-02	4.21e-02
 2.68956e+16	9.89e-01	1.08e-02	7.59e-08	0.00e+00	0.00e+00	0.00e+00	0.00e+00	0.00e+00	0.00e+00	8.86e-01	6.10e-02	4.19e-02
 2.68998e+16	9.89e-01	1.06e-02	7.35e-08	0.00e+00	0.00e+00	0.00e+00	0.00e+00	0.00e+00	0.00e+00	8.87e-01	6.08e-02	4.17e-02
 2.69037e+16	9.90e-01	1.03e-02	7.14e-08	0.00e+00	0.00e+00	0.00e+00	0.00e+00	0.00e+00	0.00e+00	8.88e-01	6.05e-02	4.15e-02
 2.69074e+16	9.90e-01	1.01e-02	6.95e-08	0.00e+00	0.00e+00	0.00e+00	0.00e+00	0.00e+00	0.00e+00	8.88e-01	6.03e-02	4.14e-02
 2.69106e+16	9.90e-01	9.94e-03	6.77e-08	0.00e+00	0.00e+00	0.00e+00	0.00e+00	0.00e+00	0.00e+00	8.89e-01	6.02e-02	4.12e-02
 2.69136e+16	9.90e-01	9.77e-03	6.62e-08	0.00e+00	0.00e+00	0.00e+00	0.00e+00	0.00e+00	0.00e+00	8.89e-01	6.00e-02	4.11e-02
 2.69164e+16	9.90e-01	9.61e-03	6.47e-08	0.00e+00	0.00e+00	0.00e+00	0.00e+00	0.00e+00	0.00e+00	8.90e-01	5.98e-02	4.09e-02
 2.69188e+16	9.91e-01	9.47e-03	6.35e-08	0.00e+00	0.00e+00	0.00e+00	0.00e+00	0.00e+00	0.00e+00	8.90e-01	5.97e-02	4.08e-02
 2.69211e+16	9.91e-01	9.34e-03	6.23e-08	0.00e+00	0.00e+00	0.00e+00	0.00e+00	0.00e+00	0.00e+00	8.90e-01	5.96e-02	4.07e-02
 2.69236e+16	9.91e-01	9.20e-03	6.10e-08	0.00e+00	0.00e+00	0.00e+00	0.00e+00	0.00e+00	0.00e+00	8.91e-01	5.94e-02	4.06e-02
 2.69262e+16	9.91e-01	9.05e-03	5.97e-08	0.00e+00	0.00e+00	0.00e+00	0.00e+00	0.00e+00	0.00e+00	8.91e-01	5.92e-02	4.04e-02
 2.69286e+16	9.91e-01	8.93e-03	5.85e-08	0.00e+00	0.00e+00	0.00e+00	0.00e+00	0.00e+00	0.00e+00	8.92e-01	5.90e-02	4.03e-02
 2.69313e+16	9.91e-01	8.77e-03	5.71e-08	0.00e+00	0.00e+00	0.00e+00	0.00e+00	0.00e+00	0.00e+00	8.92e-01	5.88e-02	4.01e-02
 2.69342e+16	9.91e-01	8.61e-03	5.57e-08	0.00e+00	0.00e+00	0.00e+00	0.00e+00	0.00e+00	0.00e+00	8.93e-01	5.86e-02	4.00e-02
 2.69368e+16	9.92e-01	8.48e-03	5.44e-08	0.00e+00	0.00e+00	0.00e+00	0.00e+00	0.00e+00	0.00e+00	8.93e-01	5.84e-02	3.98e-02
 2.69392e+16	9.92e-01	8.36e-03	5.33e-08	0.00e+00	0.00e+00	0.00e+00	0.00e+00	0.00e+00	0.00e+00	8.94e-01	5.82e-02	3.97e-02
 2.69418e+16	9.92e-01	8.21e-03	5.20e-08	0.00e+00	0.00e+00	0.00e+00	0.00e+00	0.00e+00	0.00e+00	8.94e-01	5.80e-02	3.96e-02
 2.69446e+16	9.92e-01	8.06e-03	5.07e-08	0.00e+00	0.00e+00	0.00e+00	0.00e+00	0.00e+00	0.00e+00	8.95e-01	5.78e-02	3.94e-02
 2.69471e+16	9.92e-01	7.94e-03	4.95e-08	0.00e+00	0.00e+00	0.00e+00	0.00e+00	0.00e+00	0.00e+00	8.95e-01	5.76e-02	3.92e-02
 2.69495e+16	9.92e-01	7.84e-03	4.85e-08	0.00e+00	0.00e+00	0.00e+00	0.00e+00	0.00e+00	0.00e+00	8.96e-01	5.75e-02	3.91e-02
 2.69520e+16	9.92e-01	7.74e-03	4.74e-08	0.00e+00	0.00e+00	0.00e+00	0.00e+00	0.00e+00	0.00e+00	8.96e-01	5.73e-02	3.90e-02
 2.69553e+16	9.92e-01	7.59e-03	4.60e-08	0.00e+00	0.00e+00	0.00e+00	0.00e+00	0.00e+00	0.00e+00	8.96e-01	5.71e-02	3.88e-02
 2.69589e+16	9.93e-01	7.44e-03	4.45e-08	0.00e+00	0.00e+00	0.00e+00	0.00e+00	0.00e+00	0.00e+00	8.97e-01	5.69e-02	3.87e-02
 2.69622e+16	9.93e-01	7.28e-03	4.31e-08	0.00e+00	0.00e+00	0.00e+00	0.00e+00	0.00e+00	0.00e+00	8.98e-01	5.67e-02	3.85e-02
