#depth	H	H+	H2
 3.97828e+11	1.08e-03	9.99e-01	3.92e-13
 2.38697e+12	1.08e-03	9.99e-01	3.92e-13
 1.03435e+13	1.08e-03	9.99e-01	3.93e-13
 4.21698e+13	1.08e-03	9.99e-01	3.96e-13
 1.00730e+14	1.07e-03	9.99e-01	3.99e-13
 1.76858e+14	1.07e-03	9.99e-01	4.03e-13
 2.75825e+14	1.07e-03	9.99e-01	4.12e-13
 4.04482e+14	1.07e-03	9.99e-01	4.24e-13
 5.71736e+14	1.08e-03	9.99e-01	4.41e-13
 7.89167e+14	1.09e-03	9.99e-01	4.66e-13
 1.07183e+15	1.11e-03	9.99e-01	5.01e-13
 1.43928e+15	1.15e-03	9.99e-01	5.54e-13
 1.91698e+15	1.21e-03	9.99e-01	6.31e-13
 2.53798e+15	1.30e-03	9.99e-01	7.50e-13
 3.34528e+15	1.44e-03	9.99e-01	9.36e-13
 4.23156e+15	1.61e-03	9.98e-01	1.18e-12
 5.06325e+15	1.80e-03	9.98e-01	1.46e-12
 5.98720e+15	2.07e-03	9.98e-01	1.83e-12
 6.97384e+15	2.38e-03	9.98e-01	2.31e-12
 7.64905e+15	2.60e-03	9.97e-01	2.70e-12
 8.01917e+15	2.74e-03	9.97e-01	2.94e-12
 8.38559e+15	2.90e-03	9.97e-01	3.17e-12
 8.86192e+15	3.11e-03	9.97e-01	3.49e-12
 9.37761e+15	3.36e-03	9.97e-01	3.88e-12
 9.83848e+15	3.59e-03	9.96e-01	4.25e-12
 1.02624e+16	3.83e-03	9.96e-01	4.60e-12
 1.07443e+16	4.12e-03	9.96e-01	5.00e-12
 1.12545e+16	4.44e-03	9.96e-01	5.48e-12
 1.16945e+16	4.75e-03	9.95e-01	5.93e-12
 1.20980e+16	5.05e-03	9.95e-01	6.34e-12
 1.25611e+16	5.43e-03	9.95e-01	6.79e-12
 1.30560e+16	5.86e-03	9.94e-01	7.36e-12
 1.34865e+16	6.27e-03	9.94e-01	7.89e-12
 1.38770e+16	6.68e-03	9.93e-01	8.38e-12
 1.43211e+16	7.18e-03	9.93e-01	8.85e-12
 1.47985e+16	7.77e-03	9.92e-01	9.50e-12
 1.52170e+16	8.35e-03	9.92e-01	1.01e-11
 1.55950e+16	8.92e-03	9.91e-01	1.07e-11
 1.60224e+16	9.62e-03	9.90e-01	1.12e-11
 1.64852e+16	1.05e-02	9.90e-01	1.19e-11
 1.68893e+16	1.13e-02	9.89e-01	1.27e-11
 1.72432e+16	1.22e-02	9.88e-01	1.33e-11
 1.76365e+16	1.32e-02	9.87e-01	1.39e-11
 1.80670e+16	1.44e-02	9.86e-01	1.47e-11
 1.84485e+16	1.57e-02	9.84e-01	1.56e-11
 1.87823e+16	1.70e-02	9.83e-01	1.63e-11
 1.91514e+16	1.86e-02	9.81e-01	1.70e-11
 1.95476e+16	2.06e-02	9.79e-01	1.80e-11
 1.98837e+16	2.27e-02	9.77e-01	1.92e-11
 2.01658e+16	2.46e-02	9.75e-01	2.02e-11
 2.04732e+16	2.70e-02	9.73e-01	2.11e-11
 2.08097e+16	3.02e-02	9.70e-01	2.25e-11
 2.11039e+16	3.36e-02	9.66e-01	2.42e-11
 2.13518e+16	3.70e-02	9.63e-01	2.58e-11
 2.16195e+16	4.13e-02	9.59e-01	2.74e-11
 2.19121e+16	4.70e-02	9.53e-01	2.99e-11
 2.21676e+16	5.33e-02	9.47e-01	3.29e-11
 2.23833e+16	5.98e-02	9.40e-01	3.60e-11
 2.26164e+16	6.83e-02	9.32e-01	3.97e-11
 2.28702e+16	8.00e-02	9.20e-01	4.53e-11
 2.30915e+16	9.30e-02	9.07e-01	5.18e-11
 2.32525e+16	1.05e-01	8.95e-01	5.83e-11
 2.33629e+16	1.14e-01	8.86e-01	6.33e-11
 2.34748e+16	1.25e-01	8.75e-01	6.88e-11
 2.36202e+16	1.41e-01	8.59e-01	7.75e-11
 2.37606e+16	1.60e-01	8.40e-01	8.84e-11
 2.38593e+16	1.75e-01	8.25e-01	9.77e-11
 2.39378e+16	1.89e-01	8.11e-01	1.06e-10
 2.40252e+16	2.06e-01	7.94e-01	1.16e-10
 2.41216e+16	2.26e-01	7.74e-01	1.30e-10
 2.42076e+16	2.47e-01	7.53e-01	1.43e-10
 2.42822e+16	2.66e-01	7.34e-01	1.57e-10
 2.43638e+16	2.89e-01	7.11e-01	1.73e-10
 2.44503e+16	3.15e-01	6.85e-01	1.94e-10
 2.45241e+16	3.40e-01	6.60e-01	2.14e-10
 2.45879e+16	3.62e-01	6.38e-01	2.32e-10
 2.46545e+16	3.87e-01	6.13e-01	2.55e-10
 2.47258e+16	4.14e-01	5.86e-01	2.80e-10
 2.47923e+16	4.41e-01	5.59e-01	3.07e-10
 2.48524e+16	4.66e-01	5.34e-01	3.35e-10
 2.49098e+16	4.90e-01	5.10e-01	3.62e-10
 2.49638e+16	5.14e-01	4.86e-01	3.91e-10
 2.50137e+16	5.35e-01	4.65e-01	4.17e-10
 2.50533e+16	5.52e-01	4.48e-01	4.41e-10
 2.50797e+16	5.63e-01	4.37e-01	4.57e-10
 2.51041e+16	5.73e-01	4.27e-01	4.72e-10
 2.51330e+16	5.86e-01	4.14e-01	4.92e-10
 2.51643e+16	6.00e-01	4.00e-01	5.13e-10
 2.51940e+16	6.12e-01	3.88e-01	5.34e-10
 2.52219e+16	6.24e-01	3.76e-01	5.54e-10
 2.52496e+16	6.36e-01	3.64e-01	5.76e-10
 2.52776e+16	6.48e-01	3.52e-01	5.97e-10
 2.53056e+16	6.60e-01	3.40e-01	6.22e-10
 2.53332e+16	6.71e-01	3.29e-01	6.43e-10
 2.53605e+16	6.82e-01	3.18e-01	6.69e-10
 2.53880e+16	6.94e-01	3.06e-01	6.94e-10
 2.54149e+16	7.05e-01	2.95e-01	7.20e-10
 2.54416e+16	7.15e-01	2.85e-01	7.45e-10
 2.54685e+16	7.26e-01	2.74e-01	7.75e-10
 2.54953e+16	7.36e-01	2.64e-01	8.01e-10
 2.55217e+16	7.46e-01	2.54e-01	8.33e-10
 2.55480e+16	7.55e-01	2.45e-01	8.59e-10
 2.55744e+16	7.65e-01	2.35e-01	8.93e-10
 2.56009e+16	7.74e-01	2.26e-01	9.26e-10
 2.56267e+16	7.83e-01	2.17e-01	9.59e-10
 2.56521e+16	7.91e-01	2.09e-01	9.91e-10
 2.56781e+16	8.00e-01	2.00e-01	1.03e-09
 2.57039e+16	8.08e-01	1.92e-01	1.06e-09
 2.57293e+16	8.16e-01	1.84e-01	1.10e-09
 2.57546e+16	8.23e-01	1.77e-01	1.14e-09
 2.57797e+16	8.31e-01	1.69e-01	1.19e-09
 2.58048e+16	8.38e-01	1.62e-01	1.23e-09
 2.58297e+16	8.44e-01	1.56e-01	1.27e-09
 2.58541e+16	8.51e-01	1.49e-01	1.32e-09
 2.58783e+16	8.57e-01	1.43e-01	1.37e-09
 2.59023e+16	8.63e-01	1.37e-01	1.41e-09
 2.59257e+16	8.69e-01	1.31e-01	1.47e-09
 2.59486e+16	8.74e-01	1.26e-01	1.52e-09
 2.59715e+16	8.79e-01	1.21e-01	1.58e-09
 2.59944e+16	8.84e-01	1.16e-01	1.63e-09
 2.60167e+16	8.89e-01	1.11e-01	1.69e-09
 2.60386e+16	8.93e-01	1.07e-01	1.76e-09
 2.60603e+16	8.98e-01	1.02e-01	1.82e-09
 2.60820e+16	9.02e-01	9.82e-02	1.88e-09
 2.61034e+16	9.06e-01	9.42e-02	1.95e-09
 2.61244e+16	9.10e-01	9.04e-02	2.03e-09
 2.61450e+16	9.13e-01	8.68e-02	2.11e-09
 2.61658e+16	9.17e-01	8.34e-02	2.19e-09
 2.61865e+16	9.20e-01	8.00e-02	2.28e-09
 2.62066e+16	9.23e-01	7.68e-02	2.38e-09
 2.62265e+16	9.26e-01	7.38e-02	2.47e-09
 2.62466e+16	9.29e-01	7.09e-02	2.58e-09
 2.62664e+16	9.32e-01	6.81e-02	2.69e-09
 2.62858e+16	9.35e-01	6.54e-02	2.81e-09
 2.63050e+16	9.37e-01	6.29e-02	2.93e-09
 2.63243e+16	9.40e-01	6.05e-02	3.06e-09
 2.63436e+16	9.42e-01	5.81e-02	3.21e-09
 2.63625e+16	9.44e-01	5.58e-02	3.38e-09
 2.63809e+16	9.46e-01	5.36e-02	3.55e-09
 2.63994e+16	9.48e-01	5.16e-02	3.74e-09
 2.64182e+16	9.50e-01	4.95e-02	3.95e-09
 2.64367e+16	9.52e-01	4.76e-02	4.17e-09
 2.64548e+16	9.54e-01	4.58e-02	4.40e-09
 2.64727e+16	9.56e-01	4.40e-02	4.67e-09
 2.64907e+16	9.58e-01	4.24e-02	4.95e-09
 2.65084e+16	9.59e-01	4.07e-02	5.29e-09
 2.65262e+16	9.61e-01	3.91e-02	5.66e-09
 2.65438e+16	9.62e-01	3.76e-02	6.09e-09
 2.65611e+16	9.64e-01	3.61e-02	6.57e-09
 2.65783e+16	9.65e-01	3.47e-02	7.13e-09
 2.65953e+16	9.67e-01	3.34e-02	7.76e-09
 2.66122e+16	9.68e-01	3.21e-02	8.50e-09
 2.66290e+16	9.69e-01	3.08e-02	9.37e-09
 2.66455e+16	9.70e-01	2.96e-02	1.04e-08
 2.66619e+16	9.72e-01	2.85e-02	1.16e-08
 2.66777e+16	9.73e-01	2.74e-02	1.31e-08
 2.66923e+16	9.74e-01	2.64e-02	1.47e-08
 2.67056e+16	9.74e-01	2.56e-02	1.65e-08
 2.67178e+16	9.75e-01	2.48e-02	1.85e-08
 2.67291e+16	9.76e-01	2.41e-02	2.06e-08
 2.67398e+16	9.77e-01	2.35e-02	2.31e-08
 2.67499e+16	9.77e-01	2.29e-02	2.60e-08
 2.67590e+16	9.78e-01	2.24e-02	2.91e-08
 2.67675e+16	9.78e-01	2.19e-02	3.25e-08
 2.67755e+16	9.79e-01	2.14e-02	3.63e-08
 2.67832e+16	9.79e-01	2.10e-02	4.06e-08
 2.67904e+16	9.79e-01	2.05e-02	4.54e-08
 2.67973e+16	9.80e-01	2.02e-02	5.08e-08
 2.68037e+16	9.80e-01	1.98e-02	5.68e-08
 2.68098e+16	9.81e-01	1.94e-02	6.33e-08
 2.68157e+16	9.81e-01	1.91e-02	7.07e-08
 2.68213e+16	9.81e-01	1.88e-02	7.90e-08
 2.68266e+16	9.82e-01	1.85e-02	8.81e-08
 2.68318e+16	9.82e-01	1.82e-02	9.82e-08
 2.68368e+16	9.82e-01	1.79e-02	1.09e-07
 2.68416e+16	9.82e-01	1.76e-02	1.22e-07
 2.68464e+16	9.83e-01	1.73e-02	1.36e-07
 2.68510e+16	9.83e-01	1.70e-02	1.51e-07
 2.68557e+16	9.83e-01	1.67e-02	1.67e-07
 2.68603e+16	9.84e-01	1.64e-02	1.85e-07
 2.68651e+16	9.84e-01	1.61e-02	2.04e-07
 2.68702e+16	9.84e-01	1.58e-02	2.26e-07
 2.68754e+16	9.85e-01	1.55e-02	2.48e-07
 2.68810e+16	9.85e-01	1.51e-02	2.72e-07
 2.68863e+16	9.85e-01	1.47e-02	2.92e-07
 2.68911e+16	9.86e-01	1.44e-02	3.07e-07
 2.68956e+16	9.86e-01	1.41e-02	3.20e-07
 2.68998e+16	9.86e-01	1.38e-02	3.31e-07
 2.69037e+16	9.87e-01	1.35e-02	3.39e-07
 2.69074e+16	9.87e-01	1.32e-02	3.46e-07
 2.69106e+16	9.87e-01	1.30e-02	3.51e-07
 2.69136e+16	9.87e-01	1.28e-02	3.56e-07
 2.69164e+16	9.87e-01	1.26e-02	3.61e-07
 2.69188e+16	9.88e-01	1.25e-02	3.64e-07
 2.69211e+16	9.88e-01	1.23e-02	3.68e-07
 2.69236e+16	9.88e-01	1.22e-02	3.72e-07
 2.69262e+16	9.88e-01	1.20e-02	3.76e-07
 2.69286e+16	9.88e-01	1.18e-02	3.80e-07
 2.69313e+16	9.88e-01	1.17e-02	3.85e-07
 2.69342e+16	9.89e-01	1.15e-02	3.90e-07
 2.69368e+16	9.89e-01	1.13e-02	3.94e-07
 2.69392e+16	9.89e-01	1.12e-02	3.98e-07
 2.69418e+16	9.89e-01	1.10e-02	4.04e-07
 2.69446e+16	9.89e-01	1.08e-02	4.10e-07
 2.69471e+16	9.89e-01	1.07e-02	4.15e-07
 2.69495e+16	9.89e-01	1.06e-02	4.18e-07
 2.69520e+16	9.90e-01	1.04e-02	4.23e-07
 2.69553e+16	9.90e-01	1.03e-02	4.29e-07
 2.69589e+16	9.90e-01	1.01e-02	4.36e-07
 2.69622e+16	9.90e-01	9.90e-03	4.42e-07
