#depth	H	H+	H2
 7.56796e+11	7.94e-04	9.99e-01	1.34e-14
 4.54077e+12	7.93e-04	9.99e-01	1.34e-14
 1.96767e+13	7.93e-04	9.99e-01	1.34e-14
 8.02204e+13	7.92e-04	9.99e-01	1.35e-14
 1.91621e+14	7.89e-04	9.99e-01	1.36e-14
 3.36441e+14	7.85e-04	9.99e-01	1.36e-14
 5.24708e+14	7.81e-04	9.99e-01	1.37e-14
 7.69454e+14	7.79e-04	9.99e-01	1.39e-14
 1.08762e+15	7.76e-04	9.99e-01	1.42e-14
 1.50125e+15	7.75e-04	9.99e-01	1.45e-14
 2.03895e+15	7.76e-04	9.99e-01	1.49e-14
 2.73798e+15	7.79e-04	9.99e-01	1.55e-14
 3.64670e+15	7.86e-04	9.99e-01	1.64e-14
 4.82805e+15	8.00e-04	9.99e-01	1.75e-14
 6.36380e+15	8.23e-04	9.99e-01	1.92e-14
 8.36027e+15	8.60e-04	9.99e-01	2.17e-14
 1.09557e+16	9.20e-04	9.99e-01	2.56e-14
 1.43297e+16	1.02e-03	9.99e-01	3.20e-14
 1.80129e+16	1.15e-03	9.99e-01	4.09e-14
 2.13611e+16	1.30e-03	9.99e-01	5.15e-14
 2.40798e+16	1.45e-03	9.99e-01	6.28e-14
 2.64878e+16	1.62e-03	9.98e-01	7.60e-14
 2.91366e+16	1.84e-03	9.98e-01	9.39e-14
 3.20503e+16	2.15e-03	9.98e-01	1.21e-13
 3.49374e+16	2.54e-03	9.97e-01	1.56e-13
 3.68172e+16	2.85e-03	9.97e-01	1.86e-13
 3.76429e+16	3.01e-03	9.97e-01	2.01e-13
 3.83484e+16	3.15e-03	9.97e-01	2.16e-13
 3.92655e+16	3.36e-03	9.97e-01	2.38e-13
 4.04578e+16	3.66e-03	9.96e-01	2.69e-13
 4.16875e+16	4.00e-03	9.96e-01	3.07e-13
 4.26745e+16	4.31e-03	9.96e-01	3.43e-13
 4.35146e+16	4.61e-03	9.95e-01	3.76e-13
 4.44557e+16	4.97e-03	9.95e-01	4.20e-13
 4.54755e+16	5.42e-03	9.95e-01	4.74e-13
 4.63634e+16	5.85e-03	9.94e-01	5.29e-13
 4.71338e+16	6.27e-03	9.94e-01	5.83e-13
 4.79861e+16	6.80e-03	9.93e-01	6.53e-13
 4.88960e+16	7.41e-03	9.93e-01	7.34e-13
 4.96785e+16	8.02e-03	9.92e-01	8.19e-13
 5.03655e+16	8.61e-03	9.91e-01	9.04e-13
 5.11309e+16	9.37e-03	9.91e-01	1.01e-12
 5.19504e+16	1.03e-02	9.90e-01	1.14e-12
 5.26584e+16	1.12e-02	9.89e-01	1.28e-12
 5.32802e+16	1.20e-02	9.88e-01	1.42e-12
 5.39717e+16	1.32e-02	9.87e-01	1.59e-12
 5.47025e+16	1.45e-02	9.85e-01	1.80e-12
 5.53201e+16	1.59e-02	9.84e-01	2.02e-12
 5.58520e+16	1.72e-02	9.83e-01	2.24e-12
 5.64369e+16	1.88e-02	9.81e-01	2.52e-12
 5.70578e+16	2.08e-02	9.79e-01	2.86e-12
 5.75807e+16	2.28e-02	9.77e-01	3.21e-12
 5.80234e+16	2.48e-02	9.75e-01	3.55e-12
 5.85069e+16	2.72e-02	9.73e-01	4.00e-12
 5.90245e+16	3.03e-02	9.70e-01	4.55e-12
 5.94642e+16	3.33e-02	9.67e-01	5.12e-12
 5.98386e+16	3.63e-02	9.64e-01	5.68e-12
 6.02504e+16	4.02e-02	9.60e-01	6.43e-12
 6.06943e+16	4.52e-02	9.55e-01	7.41e-12
 6.10742e+16	5.03e-02	9.50e-01	8.44e-12
 6.13976e+16	5.55e-02	9.45e-01	9.51e-12
 6.17535e+16	6.22e-02	9.38e-01	1.09e-11
 6.21390e+16	7.10e-02	9.29e-01	1.28e-11
 6.24748e+16	8.05e-02	9.19e-01	1.49e-11
 6.27267e+16	8.89e-02	9.11e-01	1.68e-11
 6.29140e+16	9.58e-02	9.04e-01	1.84e-11
 6.31136e+16	1.04e-01	8.96e-01	2.05e-11
 6.33355e+16	1.15e-01	8.85e-01	2.32e-11
 6.35349e+16	1.27e-01	8.73e-01	2.62e-11
 6.37031e+16	1.38e-01	8.62e-01	2.89e-11
 6.38823e+16	1.51e-01	8.49e-01	3.25e-11
 6.40723e+16	1.67e-01	8.33e-01	3.69e-11
 6.42314e+16	1.81e-01	8.19e-01	4.11e-11
 6.43688e+16	1.96e-01	8.04e-01	4.55e-11
 6.45226e+16	2.14e-01	7.86e-01	5.11e-11
 6.46864e+16	2.35e-01	7.65e-01	5.80e-11
 6.48249e+16	2.55e-01	7.45e-01	6.47e-11
 6.49446e+16	2.73e-01	7.27e-01	7.11e-11
 6.50783e+16	2.95e-01	7.05e-01	7.97e-11
 6.52227e+16	3.22e-01	6.78e-01	9.03e-11
 6.53492e+16	3.47e-01	6.53e-01	1.01e-10
 6.54610e+16	3.70e-01	6.30e-01	1.11e-10
 6.55764e+16	3.96e-01	6.04e-01	1.23e-10
 6.57016e+16	4.26e-01	5.74e-01	1.38e-10
 6.58205e+16	4.55e-01	5.45e-01	1.54e-10
 6.59209e+16	4.80e-01	5.20e-01	1.69e-10
 6.60089e+16	5.02e-01	4.98e-01	1.83e-10
 6.60946e+16	5.24e-01	4.76e-01	1.98e-10
 6.61784e+16	5.47e-01	4.53e-01	2.15e-10
 6.62424e+16	5.63e-01	4.37e-01	2.27e-10
 6.62846e+16	5.73e-01	4.27e-01	2.35e-10
 6.63271e+16	5.83e-01	4.17e-01	2.45e-10
 6.63780e+16	5.97e-01	4.03e-01	2.57e-10
 6.64298e+16	6.11e-01	3.89e-01	2.69e-10
 6.64771e+16	6.23e-01	3.77e-01	2.82e-10
 6.65215e+16	6.34e-01	3.66e-01	2.93e-10
 6.65668e+16	6.46e-01	3.54e-01	3.06e-10
 6.66134e+16	6.58e-01	3.42e-01	3.20e-10
 6.66586e+16	6.70e-01	3.30e-01	3.33e-10
 6.67025e+16	6.81e-01	3.19e-01	3.48e-10
 6.67463e+16	6.92e-01	3.08e-01	3.62e-10
 6.67904e+16	7.03e-01	2.97e-01	3.78e-10
 6.68343e+16	7.14e-01	2.86e-01	3.95e-10
 6.68770e+16	7.24e-01	2.76e-01	4.10e-10
 6.69193e+16	7.35e-01	2.65e-01	4.28e-10
 6.69618e+16	7.44e-01	2.56e-01	4.45e-10
 6.70043e+16	7.54e-01	2.46e-01	4.64e-10
 6.70464e+16	7.64e-01	2.36e-01	4.84e-10
 6.70874e+16	7.73e-01	2.27e-01	5.04e-10
 6.71281e+16	7.82e-01	2.18e-01	5.23e-10
 6.71695e+16	7.90e-01	2.10e-01	5.46e-10
 6.72108e+16	7.99e-01	2.01e-01	5.69e-10
 6.72508e+16	8.07e-01	1.93e-01	5.91e-10
 6.72903e+16	8.15e-01	1.85e-01	6.17e-10
 6.73302e+16	8.23e-01	1.77e-01	6.41e-10
 6.73698e+16	8.30e-01	1.70e-01	6.69e-10
 6.74089e+16	8.37e-01	1.63e-01	6.97e-10
 6.74475e+16	8.44e-01	1.56e-01	7.26e-10
 6.74857e+16	8.50e-01	1.50e-01	7.54e-10
 6.75232e+16	8.57e-01	1.43e-01	7.87e-10
 6.75600e+16	8.63e-01	1.37e-01	8.20e-10
 6.75965e+16	8.68e-01	1.32e-01	8.54e-10
 6.76328e+16	8.74e-01	1.26e-01	8.87e-10
 6.76680e+16	8.79e-01	1.21e-01	9.26e-10
 6.77024e+16	8.84e-01	1.16e-01	9.64e-10
 6.77368e+16	8.89e-01	1.11e-01	1.00e-09
 6.77711e+16	8.93e-01	1.07e-01	1.04e-09
 6.78047e+16	8.97e-01	1.03e-01	1.09e-09
 6.78373e+16	9.02e-01	9.84e-02	1.14e-09
 6.78697e+16	9.05e-01	9.45e-02	1.19e-09
 6.79023e+16	9.09e-01	9.08e-02	1.23e-09
 6.79344e+16	9.13e-01	8.71e-02	1.29e-09
 6.79655e+16	9.16e-01	8.37e-02	1.35e-09
 6.79962e+16	9.20e-01	8.04e-02	1.41e-09
 6.80273e+16	9.23e-01	7.72e-02	1.47e-09
 6.80584e+16	9.26e-01	7.40e-02	1.54e-09
 6.80885e+16	9.29e-01	7.11e-02	1.61e-09
 6.81179e+16	9.32e-01	6.84e-02	1.69e-09
 6.81473e+16	9.34e-01	6.58e-02	1.77e-09
 6.81768e+16	9.37e-01	6.32e-02	1.85e-09
 6.82060e+16	9.39e-01	6.07e-02	1.94e-09
 6.82347e+16	9.42e-01	5.84e-02	2.04e-09
 6.82629e+16	9.44e-01	5.61e-02	2.16e-09
 6.82905e+16	9.46e-01	5.39e-02	2.28e-09
 6.83184e+16	9.48e-01	5.20e-02	2.38e-09
 6.83467e+16	9.50e-01	4.99e-02	2.53e-09
 6.83740e+16	9.52e-01	4.80e-02	2.68e-09
 6.84004e+16	9.54e-01	4.62e-02	2.84e-09
 6.84273e+16	9.56e-01	4.44e-02	3.04e-09
 6.84543e+16	9.57e-01	4.26e-02	3.24e-09
 6.84809e+16	9.59e-01	4.09e-02	3.47e-09
 6.85068e+16	9.61e-01	3.94e-02	3.70e-09
 6.85325e+16	9.62e-01	3.79e-02	4.00e-09
 6.85577e+16	9.64e-01	3.64e-02	4.31e-09
 6.85831e+16	9.65e-01	3.50e-02	4.68e-09
 6.86093e+16	9.66e-01	3.35e-02	5.12e-09
 6.86345e+16	9.68e-01	3.22e-02	5.61e-09
 6.86584e+16	9.69e-01	3.10e-02	6.16e-09
 6.86821e+16	9.70e-01	2.98e-02	6.81e-09
 6.87063e+16	9.71e-01	2.86e-02	7.60e-09
 6.87301e+16	9.73e-01	2.75e-02	8.55e-09
 6.87522e+16	9.74e-01	2.64e-02	9.58e-09
 6.87726e+16	9.74e-01	2.55e-02	1.08e-08
 6.87912e+16	9.75e-01	2.47e-02	1.21e-08
 6.88081e+16	9.76e-01	2.40e-02	1.35e-08
 6.88239e+16	9.77e-01	2.34e-02	1.51e-08
 6.88390e+16	9.77e-01	2.28e-02	1.69e-08
 6.88532e+16	9.78e-01	2.22e-02	1.90e-08
 6.88663e+16	9.78e-01	2.17e-02	2.13e-08
 6.88784e+16	9.79e-01	2.12e-02	2.37e-08
 6.88900e+16	9.79e-01	2.07e-02	2.65e-08
 6.89011e+16	9.80e-01	2.03e-02	2.96e-08
 6.89117e+16	9.80e-01	1.99e-02	3.31e-08
 6.89218e+16	9.81e-01	1.95e-02	3.69e-08
 6.89313e+16	9.81e-01	1.91e-02	4.12e-08
 6.89405e+16	9.81e-01	1.87e-02	4.60e-08
 6.89494e+16	9.82e-01	1.84e-02	5.13e-08
 6.89580e+16	9.82e-01	1.80e-02	5.71e-08
 6.89663e+16	9.82e-01	1.77e-02	6.35e-08
 6.89745e+16	9.83e-01	1.73e-02	7.06e-08
 6.89827e+16	9.83e-01	1.70e-02	7.84e-08
 6.89909e+16	9.83e-01	1.66e-02	8.70e-08
 6.89991e+16	9.84e-01	1.63e-02	9.63e-08
 6.90075e+16	9.84e-01	1.59e-02	1.06e-07
 6.90164e+16	9.84e-01	1.55e-02	1.17e-07
 6.90256e+16	9.85e-01	1.51e-02	1.27e-07
 6.90341e+16	9.85e-01	1.47e-02	1.36e-07
 6.90417e+16	9.86e-01	1.44e-02	1.43e-07
 6.90487e+16	9.86e-01	1.40e-02	1.49e-07
 6.90555e+16	9.86e-01	1.37e-02	1.54e-07
 6.90621e+16	9.87e-01	1.34e-02	1.58e-07
 6.90684e+16	9.87e-01	1.32e-02	1.61e-07
 6.90743e+16	9.87e-01	1.29e-02	1.65e-07
 6.90797e+16	9.87e-01	1.26e-02	1.67e-07
 6.90847e+16	9.88e-01	1.24e-02	1.70e-07
 6.90891e+16	9.88e-01	1.22e-02	1.72e-07
 6.90932e+16	9.88e-01	1.20e-02	1.74e-07
 6.90969e+16	9.88e-01	1.19e-02	1.76e-07
 6.91010e+16	9.88e-01	1.17e-02	1.78e-07
 6.91054e+16	9.88e-01	1.15e-02	1.80e-07
 6.91094e+16	9.89e-01	1.14e-02	1.82e-07
 6.91130e+16	9.89e-01	1.12e-02	1.84e-07
 6.91170e+16	9.89e-01	1.11e-02	1.87e-07
 6.91213e+16	9.89e-01	1.09e-02	1.89e-07
 6.91252e+16	9.89e-01	1.07e-02	1.92e-07
 6.91287e+16	9.89e-01	1.06e-02	1.94e-07
 6.91326e+16	9.90e-01	1.04e-02	1.97e-07
 6.91368e+16	9.90e-01	1.03e-02	2.00e-07
 6.91407e+16	9.90e-01	1.02e-02	2.02e-07
 6.91449e+16	9.90e-01	1.00e-02	2.05e-07
 6.91494e+16	9.90e-01	9.83e-03	2.08e-07
