#depth	He	He+	He+2
 7.56796e+11	4.29e-04	7.60e-01	2.39e-01
 4.54077e+12	4.28e-04	7.60e-01	2.40e-01
 1.96767e+13	4.29e-04	7.61e-01	2.39e-01
 8.02204e+13	4.32e-04	7.66e-01	2.34e-01
 1.91621e+14	4.35e-04	7.67e-01	2.32e-01
 3.36441e+14	4.41e-04	7.75e-01	2.24e-01
 5.24708e+14	4.52e-04	7.90e-01	2.09e-01
 7.69454e+14	4.68e-04	8.13e-01	1.86e-01
 1.08762e+15	4.91e-04	8.45e-01	1.54e-01
 1.50125e+15	5.19e-04	8.84e-01	1.16e-01
 2.03895e+15	5.50e-04	9.24e-01	7.52e-02
 2.73798e+15	5.82e-04	9.59e-01	4.05e-02
 3.64670e+15	6.11e-04	9.82e-01	1.75e-02
 4.82805e+15	6.38e-04	9.93e-01	5.91e-03
 6.36380e+15	6.68e-04	9.98e-01	1.58e-03
 8.36027e+15	7.07e-04	9.99e-01	3.42e-04
 1.09557e+16	7.59e-04	9.99e-01	6.15e-05
 1.43297e+16	8.34e-04	9.99e-01	9.42e-06
 1.80129e+16	9.22e-04	9.99e-01	1.64e-06
 2.13611e+16	1.01e-03	9.99e-01	4.34e-07
 2.40798e+16	1.09e-03	9.99e-01	1.70e-07
 2.64878e+16	1.17e-03	9.99e-01	7.93e-08
 2.91366e+16	1.27e-03	9.99e-01	3.65e-08
 3.20503e+16	1.40e-03	9.99e-01	1.66e-08
 3.49374e+16	1.55e-03	9.98e-01	8.08e-09
 3.68172e+16	1.65e-03	9.98e-01	5.39e-09
 3.76429e+16	1.70e-03	9.98e-01	4.53e-09
 3.83484e+16	1.75e-03	9.98e-01	3.85e-09
 3.92655e+16	1.82e-03	9.98e-01	3.12e-09
 4.04578e+16	1.92e-03	9.98e-01	2.40e-09
 4.16875e+16	2.02e-03	9.98e-01	1.87e-09
 4.26745e+16	2.11e-03	9.98e-01	1.54e-09
 4.35146e+16	2.20e-03	9.98e-01	1.31e-09
 4.44557e+16	2.30e-03	9.98e-01	1.09e-09
 4.54755e+16	2.43e-03	9.98e-01	8.99e-10
 4.63634e+16	2.55e-03	9.97e-01	7.68e-10
 4.71338e+16	2.66e-03	9.97e-01	6.70e-10
 4.79861e+16	2.81e-03	9.97e-01	5.75e-10
 4.88960e+16	2.97e-03	9.97e-01	4.94e-10
 4.96785e+16	3.13e-03	9.97e-01	4.35e-10
 5.03655e+16	3.28e-03	9.97e-01	3.89e-10
 5.11309e+16	3.47e-03	9.97e-01	3.43e-10
 5.19504e+16	3.70e-03	9.96e-01	3.02e-10
 5.26584e+16	3.92e-03	9.96e-01	2.72e-10
 5.32802e+16	4.14e-03	9.96e-01	2.47e-10
 5.39717e+16	4.42e-03	9.96e-01	2.23e-10
 5.47025e+16	4.74e-03	9.95e-01	2.00e-10
 5.53201e+16	5.06e-03	9.95e-01	1.83e-10
 5.58520e+16	5.37e-03	9.95e-01	1.70e-10
 5.64369e+16	5.77e-03	9.94e-01	1.56e-10
 5.70578e+16	6.23e-03	9.94e-01	1.43e-10
 5.75807e+16	6.69e-03	9.93e-01	1.33e-10
 5.80234e+16	7.14e-03	9.93e-01	1.25e-10
 5.85069e+16	7.71e-03	9.92e-01	1.17e-10
 5.90245e+16	8.41e-03	9.92e-01	1.08e-10
 5.94642e+16	9.09e-03	9.91e-01	1.02e-10
 5.98386e+16	9.77e-03	9.90e-01	9.68e-11
 6.02504e+16	1.06e-02	9.89e-01	9.12e-11
 6.06943e+16	1.18e-02	9.88e-01	8.51e-11
 6.10742e+16	1.29e-02	9.87e-01	8.04e-11
 6.13976e+16	1.40e-02	9.86e-01	7.65e-11
 6.17535e+16	1.55e-02	9.84e-01	7.24e-11
 6.21390e+16	1.74e-02	9.83e-01	6.77e-11
 6.24748e+16	1.95e-02	9.80e-01	6.40e-11
 6.27267e+16	2.13e-02	9.79e-01	6.13e-11
 6.29140e+16	2.29e-02	9.77e-01	5.94e-11
 6.31136e+16	2.48e-02	9.75e-01	5.73e-11
 6.33355e+16	2.73e-02	9.73e-01	5.49e-11
 6.35349e+16	2.99e-02	9.70e-01	5.27e-11
 6.37031e+16	3.23e-02	9.68e-01	5.11e-11
 6.38823e+16	3.54e-02	9.65e-01	4.93e-11
 6.40723e+16	3.91e-02	9.61e-01	4.72e-11
 6.42314e+16	4.25e-02	9.57e-01	4.57e-11
 6.43688e+16	4.62e-02	9.54e-01	4.44e-11
 6.45226e+16	5.08e-02	9.49e-01	4.30e-11
 6.46864e+16	5.63e-02	9.44e-01	4.13e-11
 6.48249e+16	6.16e-02	9.38e-01	4.01e-11
 6.49446e+16	6.67e-02	9.33e-01	3.91e-11
 6.50783e+16	7.35e-02	9.26e-01	3.81e-11
 6.52227e+16	8.16e-02	9.18e-01	3.68e-11
 6.53492e+16	8.99e-02	9.10e-01	3.58e-11
 6.54610e+16	9.79e-02	9.02e-01	3.51e-11
 6.55764e+16	1.08e-01	8.92e-01	3.44e-11
 6.57016e+16	1.19e-01	8.81e-01	3.36e-11
 6.58205e+16	1.31e-01	8.69e-01	3.29e-11
 6.59209e+16	1.43e-01	8.57e-01	3.24e-11
 6.60089e+16	1.54e-01	8.46e-01	3.21e-11
 6.60946e+16	1.66e-01	8.34e-01	3.17e-11
 6.61784e+16	1.79e-01	8.21e-01	3.14e-11
 6.62424e+16	1.89e-01	8.11e-01	3.12e-11
 6.62846e+16	1.96e-01	8.04e-01	3.11e-11
 6.63271e+16	2.04e-01	7.96e-01	3.09e-11
 6.63780e+16	2.14e-01	7.86e-01	3.07e-11
 6.64298e+16	2.23e-01	7.77e-01	3.06e-11
 6.64771e+16	2.33e-01	7.67e-01	3.04e-11
 6.65215e+16	2.42e-01	7.58e-01	3.04e-11
 6.65668e+16	2.53e-01	7.47e-01	3.03e-11
 6.66134e+16	2.63e-01	7.37e-01	3.02e-11
 6.66586e+16	2.74e-01	7.26e-01	3.01e-11
 6.67025e+16	2.85e-01	7.15e-01	3.00e-11
 6.67463e+16	2.96e-01	7.04e-01	3.00e-11
 6.67904e+16	3.08e-01	6.92e-01	2.99e-11
 6.68343e+16	3.20e-01	6.80e-01	2.98e-11
 6.68770e+16	3.32e-01	6.68e-01	2.98e-11
 6.69193e+16	3.45e-01	6.55e-01	2.97e-11
 6.69618e+16	3.57e-01	6.43e-01	2.97e-11
 6.70043e+16	3.70e-01	6.30e-01	2.96e-11
 6.70464e+16	3.84e-01	6.16e-01	2.96e-11
 6.70874e+16	3.97e-01	6.03e-01	2.95e-11
 6.71281e+16	4.10e-01	5.90e-01	2.94e-11
 6.71695e+16	4.25e-01	5.75e-01	2.94e-11
 6.72108e+16	4.39e-01	5.61e-01	2.93e-11
 6.72508e+16	4.53e-01	5.47e-01	2.92e-11
 6.72903e+16	4.67e-01	5.33e-01	2.91e-11
 6.73302e+16	4.82e-01	5.18e-01	2.90e-11
 6.73698e+16	4.96e-01	5.04e-01	2.89e-11
 6.74089e+16	5.11e-01	4.89e-01	2.87e-11
 6.74475e+16	5.26e-01	4.74e-01	2.86e-11
 6.74857e+16	5.40e-01	4.60e-01	2.85e-11
 6.75232e+16	5.54e-01	4.46e-01	2.83e-11
 6.75600e+16	5.68e-01	4.32e-01	2.81e-11
 6.75965e+16	5.82e-01	4.18e-01	2.79e-11
 6.76328e+16	5.96e-01	4.04e-01	2.77e-11
 6.76680e+16	6.10e-01	3.90e-01	2.75e-11
 6.77024e+16	6.23e-01	3.77e-01	2.73e-11
 6.77368e+16	6.36e-01	3.64e-01	2.71e-11
 6.77711e+16	6.49e-01	3.51e-01	2.69e-11
 6.78047e+16	6.61e-01	3.39e-01	2.66e-11
 6.78373e+16	6.73e-01	3.27e-01	2.63e-11
 6.78697e+16	6.85e-01	3.15e-01	2.61e-11
 6.79023e+16	6.97e-01	3.03e-01	2.58e-11
 6.79344e+16	7.08e-01	2.92e-01	2.56e-11
 6.79655e+16	7.19e-01	2.81e-01	2.53e-11
 6.79962e+16	7.30e-01	2.70e-01	2.50e-11
 6.80273e+16	7.40e-01	2.60e-01	2.46e-11
 6.80584e+16	7.51e-01	2.49e-01	2.44e-11
 6.80885e+16	7.60e-01	2.40e-01	2.41e-11
 6.81179e+16	7.70e-01	2.30e-01	2.37e-11
 6.81473e+16	7.79e-01	2.21e-01	2.34e-11
 6.81768e+16	7.88e-01	2.12e-01	2.31e-11
 6.82060e+16	7.96e-01	2.04e-01	2.28e-11
 6.82347e+16	8.04e-01	1.96e-01	2.25e-11
 6.82629e+16	8.12e-01	1.88e-01	2.22e-11
 6.82905e+16	8.20e-01	1.80e-01	2.18e-11
 6.83184e+16	8.27e-01	1.73e-01	2.15e-11
 6.83467e+16	8.34e-01	1.66e-01	2.12e-11
 6.83740e+16	8.41e-01	1.59e-01	2.09e-11
 6.84004e+16	8.48e-01	1.52e-01	2.05e-11
 6.84273e+16	8.54e-01	1.46e-01	2.02e-11
 6.84543e+16	8.60e-01	1.40e-01	1.99e-11
 6.84809e+16	8.66e-01	1.34e-01	1.95e-11
 6.85068e+16	8.72e-01	1.28e-01	1.92e-11
 6.85325e+16	8.77e-01	1.23e-01	1.89e-11
 6.85577e+16	8.82e-01	1.18e-01	1.85e-11
 6.85831e+16	8.87e-01	1.13e-01	1.82e-11
 6.86093e+16	8.92e-01	1.08e-01	1.79e-11
 6.86345e+16	8.96e-01	1.04e-01	1.76e-11
 6.86584e+16	9.00e-01	9.97e-02	1.72e-11
 6.86821e+16	9.04e-01	9.56e-02	1.69e-11
 6.87063e+16	9.08e-01	9.16e-02	1.66e-11
 6.87301e+16	9.12e-01	8.79e-02	1.63e-11
 6.87522e+16	9.15e-01	8.46e-02	1.60e-11
 6.87726e+16	9.18e-01	8.16e-02	1.57e-11
 6.87912e+16	9.21e-01	7.89e-02	1.54e-11
 6.88081e+16	9.24e-01	7.64e-02	1.51e-11
 6.88239e+16	9.26e-01	7.43e-02	1.49e-11
 6.88390e+16	9.28e-01	7.22e-02	1.46e-11
 6.88532e+16	9.30e-01	7.03e-02	1.44e-11
 6.88663e+16	9.31e-01	6.86e-02	1.42e-11
 6.88784e+16	9.33e-01	6.70e-02	1.40e-11
 6.88900e+16	9.34e-01	6.55e-02	1.38e-11
 6.89011e+16	9.36e-01	6.41e-02	1.36e-11
 6.89117e+16	9.37e-01	6.28e-02	1.34e-11
 6.89218e+16	9.38e-01	6.16e-02	1.32e-11
 6.89313e+16	9.40e-01	6.05e-02	1.30e-11
 6.89405e+16	9.41e-01	5.94e-02	1.29e-11
 6.89494e+16	9.42e-01	5.84e-02	1.27e-11
 6.89580e+16	9.43e-01	5.74e-02	1.25e-11
 6.89663e+16	9.44e-01	5.64e-02	1.24e-11
 6.89745e+16	9.45e-01	5.55e-02	1.22e-11
 6.89827e+16	9.45e-01	5.46e-02	1.21e-11
 6.89909e+16	9.46e-01	5.37e-02	1.19e-11
 6.89991e+16	9.47e-01	5.27e-02	1.17e-11
 6.90075e+16	9.48e-01	5.18e-02	1.15e-11
 6.90164e+16	9.49e-01	5.08e-02	1.13e-11
 6.90256e+16	9.50e-01	4.99e-02	1.11e-11
 6.90341e+16	9.51e-01	4.90e-02	1.09e-11
 6.90417e+16	9.52e-01	4.82e-02	1.08e-11
 6.90487e+16	9.53e-01	4.74e-02	1.06e-11
 6.90555e+16	9.53e-01	4.67e-02	1.04e-11
 6.90621e+16	9.54e-01	4.60e-02	1.02e-11
 6.90684e+16	9.55e-01	4.53e-02	1.01e-11
 6.90743e+16	9.55e-01	4.47e-02	9.92e-12
 6.90797e+16	9.56e-01	4.41e-02	9.77e-12
 6.90847e+16	9.56e-01	4.35e-02	9.62e-12
 6.90891e+16	9.57e-01	4.30e-02	9.49e-12
 6.90932e+16	9.57e-01	4.26e-02	9.38e-12
 6.90969e+16	9.58e-01	4.22e-02	9.29e-12
 6.91010e+16	9.58e-01	4.17e-02	9.15e-12
 6.91054e+16	9.59e-01	4.13e-02	9.03e-12
 6.91094e+16	9.59e-01	4.08e-02	8.92e-12
 6.91130e+16	9.60e-01	4.05e-02	8.84e-12
 6.91170e+16	9.60e-01	4.00e-02	8.70e-12
 6.91213e+16	9.60e-01	3.96e-02	8.60e-12
 6.91252e+16	9.61e-01	3.91e-02	8.48e-12
 6.91287e+16	9.61e-01	3.88e-02	8.40e-12
 6.91326e+16	9.62e-01	3.83e-02	8.27e-12
 6.91368e+16	9.62e-01	3.79e-02	8.17e-12
 6.91407e+16	9.62e-01	3.76e-02	8.10e-12
 6.91449e+16	9.63e-01	3.72e-02	8.00e-12
 6.91494e+16	9.63e-01	3.68e-02	7.91e-12
