#depth	O	O+	O+2	O+3	O+4	O+5	O+6	O+7	O+8	O[1]	O[2]	O[3]
 7.56796e+11	2.58e-06	5.76e-03	8.84e-01	1.10e-01	2.22e-05	0.00e+00	0.00e+00	0.00e+00	0.00e+00	1.83e-06	5.05e-07	2.48e-07
 4.54077e+12	2.57e-06	5.75e-03	8.84e-01	1.10e-01	2.21e-05	0.00e+00	0.00e+00	0.00e+00	0.00e+00	1.82e-06	5.03e-07	2.48e-07
 1.96767e+13	2.57e-06	5.76e-03	8.86e-01	1.08e-01	2.17e-05	0.00e+00	0.00e+00	0.00e+00	0.00e+00	1.82e-06	5.04e-07	2.48e-07
 8.02204e+13	2.59e-06	5.79e-03	8.91e-01	1.03e-01	2.01e-05	0.00e+00	0.00e+00	0.00e+00	0.00e+00	1.83e-06	5.07e-07	2.49e-07
 1.91621e+14	2.60e-06	5.84e-03	8.98e-01	9.65e-02	1.80e-05	0.00e+00	0.00e+00	0.00e+00	0.00e+00	1.84e-06	5.09e-07	2.51e-07
 3.36441e+14	2.62e-06	5.89e-03	9.06e-01	8.79e-02	1.55e-05	0.00e+00	0.00e+00	0.00e+00	0.00e+00	1.85e-06	5.13e-07	2.53e-07
 5.24708e+14	2.65e-06	5.97e-03	9.17e-01	7.73e-02	1.27e-05	0.00e+00	0.00e+00	0.00e+00	0.00e+00	1.87e-06	5.19e-07	2.56e-07
 7.69454e+14	2.70e-06	6.08e-03	9.29e-01	6.47e-02	9.63e-06	0.00e+00	0.00e+00	0.00e+00	0.00e+00	1.91e-06	5.28e-07	2.60e-07
 1.08762e+15	2.76e-06	6.21e-03	9.43e-01	5.07e-02	6.64e-06	0.00e+00	0.00e+00	0.00e+00	0.00e+00	1.95e-06	5.41e-07	2.67e-07
 1.50125e+15	2.85e-06	6.38e-03	9.58e-01	3.61e-02	3.98e-06	0.00e+00	0.00e+00	0.00e+00	0.00e+00	2.02e-06	5.58e-07	2.76e-07
 2.03895e+15	2.97e-06	6.58e-03	9.71e-01	2.26e-02	1.98e-06	0.00e+00	0.00e+00	0.00e+00	0.00e+00	2.10e-06	5.80e-07	2.87e-07
 2.73798e+15	3.11e-06	6.80e-03	9.81e-01	1.20e-02	7.73e-07	0.00e+00	0.00e+00	0.00e+00	0.00e+00	2.20e-06	6.09e-07	3.01e-07
 3.64670e+15	3.31e-06	7.04e-03	9.88e-01	5.28e-03	2.26e-07	0.00e+00	0.00e+00	0.00e+00	0.00e+00	2.34e-06	6.46e-07	3.20e-07
 4.82805e+15	3.57e-06	7.34e-03	9.91e-01	1.92e-03	0.00e+00	0.00e+00	0.00e+00	0.00e+00	0.00e+00	2.52e-06	6.98e-07	3.45e-07
 6.36380e+15	3.95e-06	7.71e-03	9.92e-01	6.09e-04	0.00e+00	0.00e+00	0.00e+00	0.00e+00	0.00e+00	2.79e-06	7.71e-07	3.82e-07
 8.36027e+15	4.52e-06	8.20e-03	9.92e-01	2.07e-04	0.00e+00	0.00e+00	0.00e+00	0.00e+00	0.00e+00	3.19e-06	8.83e-07	4.38e-07
 1.09557e+16	5.44e-06	8.90e-03	9.91e-01	1.02e-04	0.00e+00	0.00e+00	0.00e+00	0.00e+00	0.00e+00	3.84e-06	1.06e-06	5.27e-07
 1.43297e+16	7.01e-06	9.94e-03	9.90e-01	7.19e-05	0.00e+00	0.00e+00	0.00e+00	0.00e+00	0.00e+00	4.96e-06	1.37e-06	6.79e-07
 1.80129e+16	9.30e-06	1.12e-02	9.89e-01	5.88e-05	0.00e+00	0.00e+00	0.00e+00	0.00e+00	0.00e+00	6.58e-06	1.81e-06	9.01e-07
 2.13611e+16	1.22e-05	1.26e-02	9.87e-01	5.05e-05	0.00e+00	0.00e+00	0.00e+00	0.00e+00	0.00e+00	8.66e-06	2.39e-06	1.19e-06
 2.40798e+16	1.55e-05	1.38e-02	9.86e-01	4.49e-05	0.00e+00	0.00e+00	0.00e+00	0.00e+00	0.00e+00	1.10e-05	3.03e-06	1.51e-06
 2.64878e+16	1.96e-05	1.52e-02	9.85e-01	4.04e-05	0.00e+00	0.00e+00	0.00e+00	0.00e+00	0.00e+00	1.39e-05	3.83e-06	1.90e-06
 2.91366e+16	2.57e-05	1.70e-02	9.83e-01	3.57e-05	0.00e+00	0.00e+00	0.00e+00	0.00e+00	0.00e+00	1.82e-05	5.01e-06	2.49e-06
 3.20503e+16	3.55e-05	1.95e-02	9.80e-01	3.11e-05	0.00e+00	0.00e+00	0.00e+00	0.00e+00	0.00e+00	2.51e-05	6.92e-06	3.44e-06
 3.49374e+16	5.01e-05	2.25e-02	9.77e-01	2.68e-05	0.00e+00	0.00e+00	0.00e+00	0.00e+00	0.00e+00	3.55e-05	9.77e-06	4.85e-06
 3.68172e+16	6.36e-05	2.49e-02	9.75e-01	2.45e-05	0.00e+00	0.00e+00	0.00e+00	0.00e+00	0.00e+00	4.50e-05	1.24e-05	6.16e-06
 3.76429e+16	7.10e-05	2.61e-02	9.74e-01	2.34e-05	0.00e+00	0.00e+00	0.00e+00	0.00e+00	0.00e+00	5.03e-05	1.38e-05	6.88e-06
 3.83484e+16	7.85e-05	2.73e-02	9.73e-01	2.24e-05	0.00e+00	0.00e+00	0.00e+00	0.00e+00	0.00e+00	5.56e-05	1.53e-05	7.60e-06
 3.92655e+16	8.98e-05	2.90e-02	9.71e-01	2.11e-05	0.00e+00	0.00e+00	0.00e+00	0.00e+00	0.00e+00	6.36e-05	1.75e-05	8.69e-06
 4.04578e+16	1.07e-04	3.14e-02	9.68e-01	1.96e-05	0.00e+00	0.00e+00	0.00e+00	0.00e+00	0.00e+00	7.60e-05	2.09e-05	1.04e-05
 4.16875e+16	1.30e-04	3.43e-02	9.66e-01	1.80e-05	0.00e+00	0.00e+00	0.00e+00	0.00e+00	0.00e+00	9.20e-05	2.53e-05	1.26e-05
 4.26745e+16	1.53e-04	3.69e-02	9.63e-01	1.69e-05	0.00e+00	0.00e+00	0.00e+00	0.00e+00	0.00e+00	1.08e-04	2.97e-05	1.47e-05
 4.35146e+16	1.76e-04	3.94e-02	9.60e-01	1.58e-05	0.00e+00	0.00e+00	0.00e+00	0.00e+00	0.00e+00	1.25e-04	3.43e-05	1.70e-05
 4.44557e+16	2.08e-04	4.26e-02	9.57e-01	1.47e-05	0.00e+00	0.00e+00	0.00e+00	0.00e+00	0.00e+00	1.47e-04	4.05e-05	2.01e-05
 4.54755e+16	2.50e-04	4.65e-02	9.53e-01	1.35e-05	0.00e+00	0.00e+00	0.00e+00	0.00e+00	0.00e+00	1.77e-04	4.88e-05	2.42e-05
 4.63634e+16	2.97e-04	5.04e-02	9.49e-01	1.25e-05	0.00e+00	0.00e+00	0.00e+00	0.00e+00	0.00e+00	2.10e-04	5.78e-05	2.86e-05
 4.71338e+16	3.45e-04	5.43e-02	9.45e-01	1.17e-05	0.00e+00	0.00e+00	0.00e+00	0.00e+00	0.00e+00	2.45e-04	6.72e-05	3.33e-05
 4.79861e+16	4.13e-04	5.92e-02	9.40e-01	1.07e-05	0.00e+00	0.00e+00	0.00e+00	0.00e+00	0.00e+00	2.93e-04	8.04e-05	3.98e-05
 4.88960e+16	5.01e-04	6.51e-02	9.34e-01	9.74e-06	0.00e+00	0.00e+00	0.00e+00	0.00e+00	0.00e+00	3.55e-04	9.75e-05	4.83e-05
 4.96785e+16	5.97e-04	7.10e-02	9.28e-01	8.93e-06	0.00e+00	0.00e+00	0.00e+00	0.00e+00	0.00e+00	4.23e-04	1.16e-04	5.75e-05
 5.03655e+16	7.01e-04	7.69e-02	9.22e-01	8.22e-06	0.00e+00	0.00e+00	0.00e+00	0.00e+00	0.00e+00	4.97e-04	1.37e-04	6.75e-05
 5.11309e+16	8.47e-04	8.46e-02	9.15e-01	7.47e-06	0.00e+00	0.00e+00	0.00e+00	0.00e+00	0.00e+00	6.01e-04	1.65e-04	8.15e-05
 5.19504e+16	1.04e-03	9.39e-02	9.05e-01	6.70e-06	0.00e+00	0.00e+00	0.00e+00	0.00e+00	0.00e+00	7.37e-04	2.02e-04	1.00e-04
 5.26584e+16	1.26e-03	1.03e-01	8.95e-01	6.05e-06	0.00e+00	0.00e+00	0.00e+00	0.00e+00	0.00e+00	8.90e-04	2.44e-04	1.21e-04
 5.32802e+16	1.49e-03	1.13e-01	8.86e-01	5.48e-06	0.00e+00	0.00e+00	0.00e+00	0.00e+00	0.00e+00	1.06e-03	2.91e-04	1.44e-04
 5.39717e+16	1.83e-03	1.25e-01	8.73e-01	4.89e-06	0.00e+00	0.00e+00	0.00e+00	0.00e+00	0.00e+00	1.30e-03	3.56e-04	1.76e-04
 5.47025e+16	2.28e-03	1.40e-01	8.58e-01	4.29e-06	0.00e+00	0.00e+00	0.00e+00	0.00e+00	0.00e+00	1.62e-03	4.43e-04	2.19e-04
 5.53201e+16	2.78e-03	1.55e-01	8.42e-01	3.79e-06	0.00e+00	0.00e+00	0.00e+00	0.00e+00	0.00e+00	1.97e-03	5.39e-04	2.66e-04
 5.58520e+16	3.32e-03	1.70e-01	8.27e-01	3.40e-06	0.00e+00	0.00e+00	0.00e+00	0.00e+00	0.00e+00	2.35e-03	6.44e-04	3.18e-04
 5.64369e+16	4.07e-03	1.88e-01	8.08e-01	2.97e-06	0.00e+00	0.00e+00	0.00e+00	0.00e+00	0.00e+00	2.89e-03	7.90e-04	3.90e-04
 5.70578e+16	5.09e-03	2.11e-01	7.84e-01	2.54e-06	0.00e+00	0.00e+00	0.00e+00	0.00e+00	0.00e+00	3.61e-03	9.87e-04	4.88e-04
 5.75807e+16	6.21e-03	2.33e-01	7.61e-01	2.20e-06	0.00e+00	0.00e+00	0.00e+00	0.00e+00	0.00e+00	4.41e-03	1.20e-03	5.95e-04
 5.80234e+16	7.41e-03	2.54e-01	7.38e-01	1.93e-06	0.00e+00	0.00e+00	0.00e+00	0.00e+00	0.00e+00	5.26e-03	1.44e-03	7.10e-04
 5.85069e+16	9.07e-03	2.81e-01	7.10e-01	1.64e-06	0.00e+00	0.00e+00	0.00e+00	0.00e+00	0.00e+00	6.44e-03	1.76e-03	8.68e-04
 5.90245e+16	1.13e-02	3.13e-01	6.76e-01	1.36e-06	0.00e+00	0.00e+00	0.00e+00	0.00e+00	0.00e+00	8.06e-03	2.19e-03	1.08e-03
 5.94642e+16	1.38e-02	3.44e-01	6.43e-01	1.14e-06	0.00e+00	0.00e+00	0.00e+00	0.00e+00	0.00e+00	9.82e-03	2.67e-03	1.32e-03
 5.98386e+16	1.64e-02	3.73e-01	6.11e-01	9.68e-07	0.00e+00	0.00e+00	0.00e+00	0.00e+00	0.00e+00	1.17e-02	3.17e-03	1.57e-03
 6.02504e+16	2.01e-02	4.08e-01	5.72e-01	7.88e-07	0.00e+00	0.00e+00	0.00e+00	0.00e+00	0.00e+00	1.43e-02	3.87e-03	1.92e-03
 6.06943e+16	2.51e-02	4.49e-01	5.26e-01	6.19e-07	0.00e+00	0.00e+00	0.00e+00	0.00e+00	0.00e+00	1.79e-02	4.82e-03	2.39e-03
 6.10742e+16	3.06e-02	4.87e-01	4.83e-01	4.86e-07	0.00e+00	0.00e+00	0.00e+00	0.00e+00	0.00e+00	2.18e-02	5.87e-03	2.91e-03
 6.13976e+16	3.64e-02	5.21e-01	4.42e-01	3.90e-07	0.00e+00	0.00e+00	0.00e+00	0.00e+00	0.00e+00	2.59e-02	6.97e-03	3.47e-03
 6.17535e+16	4.43e-02	5.60e-01	3.95e-01	2.95e-07	0.00e+00	0.00e+00	0.00e+00	0.00e+00	0.00e+00	3.16e-02	8.47e-03	4.22e-03
 6.21390e+16	5.51e-02	6.02e-01	3.43e-01	2.10e-07	0.00e+00	0.00e+00	0.00e+00	0.00e+00	0.00e+00	3.93e-02	1.05e-02	5.25e-03
 6.24748e+16	6.71e-02	6.38e-01	2.95e-01	1.50e-07	0.00e+00	0.00e+00	0.00e+00	0.00e+00	0.00e+00	4.80e-02	1.27e-02	6.38e-03
 6.27267e+16	7.78e-02	6.62e-01	2.60e-01	0.00e+00	0.00e+00	0.00e+00	0.00e+00	0.00e+00	0.00e+00	5.57e-02	1.47e-02	7.39e-03
 6.29140e+16	8.67e-02	6.79e-01	2.34e-01	0.00e+00	0.00e+00	0.00e+00	0.00e+00	0.00e+00	0.00e+00	6.21e-02	1.64e-02	8.23e-03
 6.31136e+16	9.80e-02	6.95e-01	2.07e-01	0.00e+00	0.00e+00	0.00e+00	0.00e+00	0.00e+00	0.00e+00	7.02e-02	1.84e-02	9.29e-03
 6.33355e+16	1.12e-01	7.10e-01	1.77e-01	0.00e+00	0.00e+00	0.00e+00	0.00e+00	0.00e+00	0.00e+00	8.05e-02	2.10e-02	1.06e-02
 6.35349e+16	1.27e-01	7.21e-01	1.52e-01	0.00e+00	0.00e+00	0.00e+00	0.00e+00	0.00e+00	0.00e+00	9.14e-02	2.37e-02	1.20e-02
 6.37031e+16	1.41e-01	7.27e-01	1.33e-01	0.00e+00	0.00e+00	0.00e+00	0.00e+00	0.00e+00	0.00e+00	1.01e-01	2.61e-02	1.33e-02
 6.38823e+16	1.58e-01	7.30e-01	1.13e-01	0.00e+00	0.00e+00	0.00e+00	0.00e+00	0.00e+00	0.00e+00	1.14e-01	2.91e-02	1.49e-02
 6.40723e+16	1.78e-01	7.29e-01	9.34e-02	0.00e+00	0.00e+00	0.00e+00	0.00e+00	0.00e+00	0.00e+00	1.28e-01	3.25e-02	1.67e-02
 6.42314e+16	1.96e-01	7.25e-01	7.90e-02	0.00e+00	0.00e+00	0.00e+00	0.00e+00	0.00e+00	0.00e+00	1.42e-01	3.56e-02	1.84e-02
 6.43688e+16	2.14e-01	7.19e-01	6.73e-02	0.00e+00	0.00e+00	0.00e+00	0.00e+00	0.00e+00	0.00e+00	1.55e-01	3.87e-02	2.00e-02
 6.45226e+16	2.35e-01	7.09e-01	5.56e-02	0.00e+00	0.00e+00	0.00e+00	0.00e+00	0.00e+00	0.00e+00	1.71e-01	4.22e-02	2.20e-02
 6.46864e+16	2.61e-01	6.94e-01	4.48e-02	0.00e+00	0.00e+00	0.00e+00	0.00e+00	0.00e+00	0.00e+00	1.90e-01	4.63e-02	2.43e-02
 6.48249e+16	2.84e-01	6.79e-01	3.69e-02	0.00e+00	0.00e+00	0.00e+00	0.00e+00	0.00e+00	0.00e+00	2.08e-01	4.99e-02	2.63e-02
 6.49446e+16	3.05e-01	6.64e-01	3.09e-02	0.00e+00	0.00e+00	0.00e+00	0.00e+00	0.00e+00	0.00e+00	2.24e-01	5.31e-02	2.82e-02
 6.50783e+16	3.31e-01	6.44e-01	2.49e-02	0.00e+00	0.00e+00	0.00e+00	0.00e+00	0.00e+00	0.00e+00	2.44e-01	5.70e-02	3.04e-02
 6.52227e+16	3.62e-01	6.19e-01	1.95e-02	0.00e+00	0.00e+00	0.00e+00	0.00e+00	0.00e+00	0.00e+00	2.67e-01	6.13e-02	3.30e-02
 6.53492e+16	3.90e-01	5.95e-01	1.56e-02	0.00e+00	0.00e+00	0.00e+00	0.00e+00	0.00e+00	0.00e+00	2.89e-01	6.51e-02	3.54e-02
 6.54610e+16	4.15e-01	5.73e-01	1.27e-02	0.00e+00	0.00e+00	0.00e+00	0.00e+00	0.00e+00	0.00e+00	3.09e-01	6.83e-02	3.74e-02
 6.55764e+16	4.42e-01	5.48e-01	1.01e-02	0.00e+00	0.00e+00	0.00e+00	0.00e+00	0.00e+00	0.00e+00	3.31e-01	7.17e-02	3.96e-02
 6.57016e+16	4.74e-01	5.19e-01	7.77e-03	0.00e+00	0.00e+00	0.00e+00	0.00e+00	0.00e+00	0.00e+00	3.56e-01	7.52e-02	4.20e-02
 6.58205e+16	5.04e-01	4.90e-01	6.01e-03	0.00e+00	0.00e+00	0.00e+00	0.00e+00	0.00e+00	0.00e+00	3.81e-01	7.84e-02	4.43e-02
 6.59209e+16	5.30e-01	4.65e-01	4.81e-03	0.00e+00	0.00e+00	0.00e+00	0.00e+00	0.00e+00	0.00e+00	4.03e-01	8.09e-02	4.61e-02
 6.60089e+16	5.52e-01	4.44e-01	3.92e-03	0.00e+00	0.00e+00	0.00e+00	0.00e+00	0.00e+00	0.00e+00	4.22e-01	8.29e-02	4.77e-02
 6.60946e+16	5.75e-01	4.22e-01	3.19e-03	0.00e+00	0.00e+00	0.00e+00	0.00e+00	0.00e+00	0.00e+00	4.41e-01	8.46e-02	4.91e-02
 6.61784e+16	5.97e-01	4.00e-01	2.59e-03	0.00e+00	0.00e+00	0.00e+00	0.00e+00	0.00e+00	0.00e+00	4.60e-01	8.62e-02	5.05e-02
 6.62424e+16	6.13e-01	3.85e-01	2.23e-03	0.00e+00	0.00e+00	0.00e+00	0.00e+00	0.00e+00	0.00e+00	4.74e-01	8.71e-02	5.14e-02
 6.62846e+16	6.22e-01	3.76e-01	2.01e-03	0.00e+00	0.00e+00	0.00e+00	0.00e+00	0.00e+00	0.00e+00	4.83e-01	8.76e-02	5.20e-02
 6.63271e+16	6.33e-01	3.65e-01	1.80e-03	0.00e+00	0.00e+00	0.00e+00	0.00e+00	0.00e+00	0.00e+00	4.92e-01	8.81e-02	5.25e-02
 6.63780e+16	6.46e-01	3.52e-01	1.57e-03	0.00e+00	0.00e+00	0.00e+00	0.00e+00	0.00e+00	0.00e+00	5.04e-01	8.86e-02	5.32e-02
 6.64298e+16	6.59e-01	3.40e-01	1.37e-03	0.00e+00	0.00e+00	0.00e+00	0.00e+00	0.00e+00	0.00e+00	5.16e-01	8.90e-02	5.38e-02
 6.64771e+16	6.71e-01	3.28e-01	1.20e-03	0.00e+00	0.00e+00	0.00e+00	0.00e+00	0.00e+00	0.00e+00	5.27e-01	8.94e-02	5.43e-02
 6.65215e+16	6.82e-01	3.17e-01	1.06e-03	0.00e+00	0.00e+00	0.00e+00	0.00e+00	0.00e+00	0.00e+00	5.37e-01	8.96e-02	5.48e-02
 6.65668e+16	6.93e-01	3.06e-01	9.37e-04	0.00e+00	0.00e+00	0.00e+00	0.00e+00	0.00e+00	0.00e+00	5.48e-01	8.97e-02	5.52e-02
 6.66134e+16	7.04e-01	2.95e-01	8.19e-04	0.00e+00	0.00e+00	0.00e+00	0.00e+00	0.00e+00	0.00e+00	5.59e-01	8.98e-02	5.56e-02
 6.66586e+16	7.15e-01	2.84e-01	7.19e-04	0.00e+00	0.00e+00	0.00e+00	0.00e+00	0.00e+00	0.00e+00	5.69e-01	8.98e-02	5.60e-02
 6.67025e+16	7.26e-01	2.74e-01	6.32e-04	0.00e+00	0.00e+00	0.00e+00	0.00e+00	0.00e+00	0.00e+00	5.79e-01	8.97e-02	5.63e-02
 6.67463e+16	7.36e-01	2.64e-01	5.55e-04	0.00e+00	0.00e+00	0.00e+00	0.00e+00	0.00e+00	0.00e+00	5.89e-01	8.96e-02	5.65e-02
 6.67904e+16	7.46e-01	2.54e-01	4.85e-04	0.00e+00	0.00e+00	0.00e+00	0.00e+00	0.00e+00	0.00e+00	6.00e-01	8.94e-02	5.67e-02
 6.68343e+16	7.56e-01	2.44e-01	4.24e-04	0.00e+00	0.00e+00	0.00e+00	0.00e+00	0.00e+00	0.00e+00	6.10e-01	8.91e-02	5.69e-02
 6.68770e+16	7.65e-01	2.35e-01	3.72e-04	0.00e+00	0.00e+00	0.00e+00	0.00e+00	0.00e+00	0.00e+00	6.19e-01	8.88e-02	5.70e-02
 6.69193e+16	7.74e-01	2.25e-01	3.25e-04	0.00e+00	0.00e+00	0.00e+00	0.00e+00	0.00e+00	0.00e+00	6.29e-01	8.84e-02	5.71e-02
 6.69618e+16	7.83e-01	2.17e-01	2.84e-04	0.00e+00	0.00e+00	0.00e+00	0.00e+00	0.00e+00	0.00e+00	6.38e-01	8.80e-02	5.72e-02
 6.70043e+16	7.92e-01	2.08e-01	2.48e-04	0.00e+00	0.00e+00	0.00e+00	0.00e+00	0.00e+00	0.00e+00	6.47e-01	8.75e-02	5.72e-02
 6.70464e+16	8.01e-01	1.99e-01	2.16e-04	0.00e+00	0.00e+00	0.00e+00	0.00e+00	0.00e+00	0.00e+00	6.56e-01	8.69e-02	5.71e-02
 6.70874e+16	8.09e-01	1.91e-01	1.89e-04	0.00e+00	0.00e+00	0.00e+00	0.00e+00	0.00e+00	0.00e+00	6.65e-01	8.64e-02	5.71e-02
 6.71281e+16	8.16e-01	1.84e-01	1.65e-04	0.00e+00	0.00e+00	0.00e+00	0.00e+00	0.00e+00	0.00e+00	6.73e-01	8.58e-02	5.70e-02
 6.71695e+16	8.24e-01	1.76e-01	1.43e-04	0.00e+00	0.00e+00	0.00e+00	0.00e+00	0.00e+00	0.00e+00	6.82e-01	8.51e-02	5.68e-02
 6.72108e+16	8.32e-01	1.68e-01	1.24e-04	0.00e+00	0.00e+00	0.00e+00	0.00e+00	0.00e+00	0.00e+00	6.91e-01	8.44e-02	5.67e-02
 6.72508e+16	8.39e-01	1.61e-01	1.09e-04	0.00e+00	0.00e+00	0.00e+00	0.00e+00	0.00e+00	0.00e+00	6.98e-01	8.37e-02	5.65e-02
 6.72903e+16	8.46e-01	1.54e-01	9.45e-05	0.00e+00	0.00e+00	0.00e+00	0.00e+00	0.00e+00	0.00e+00	7.06e-01	8.29e-02	5.63e-02
 6.73302e+16	8.52e-01	1.48e-01	8.22e-05	0.00e+00	0.00e+00	0.00e+00	0.00e+00	0.00e+00	0.00e+00	7.14e-01	8.22e-02	5.60e-02
 6.73698e+16	8.59e-01	1.41e-01	7.14e-05	0.00e+00	0.00e+00	0.00e+00	0.00e+00	0.00e+00	0.00e+00	7.21e-01	8.14e-02	5.58e-02
 6.74089e+16	8.65e-01	1.35e-01	6.20e-05	0.00e+00	0.00e+00	0.00e+00	0.00e+00	0.00e+00	0.00e+00	7.29e-01	8.06e-02	5.55e-02
 6.74475e+16	8.71e-01	1.29e-01	5.39e-05	0.00e+00	0.00e+00	0.00e+00	0.00e+00	0.00e+00	0.00e+00	7.36e-01	7.98e-02	5.52e-02
 6.74857e+16	8.76e-01	1.24e-01	4.70e-05	0.00e+00	0.00e+00	0.00e+00	0.00e+00	0.00e+00	0.00e+00	7.42e-01	7.90e-02	5.48e-02
 6.75232e+16	8.82e-01	1.18e-01	4.09e-05	0.00e+00	0.00e+00	0.00e+00	0.00e+00	0.00e+00	0.00e+00	7.49e-01	7.82e-02	5.45e-02
 6.75600e+16	8.87e-01	1.13e-01	3.57e-05	0.00e+00	0.00e+00	0.00e+00	0.00e+00	0.00e+00	0.00e+00	7.55e-01	7.74e-02	5.42e-02
 6.75965e+16	8.92e-01	1.08e-01	3.11e-05	0.00e+00	0.00e+00	0.00e+00	0.00e+00	0.00e+00	0.00e+00	7.61e-01	7.67e-02	5.38e-02
 6.76328e+16	8.96e-01	1.04e-01	2.72e-05	0.00e+00	0.00e+00	0.00e+00	0.00e+00	0.00e+00	0.00e+00	7.67e-01	7.59e-02	5.35e-02
 6.76680e+16	9.01e-01	9.94e-02	2.38e-05	0.00e+00	0.00e+00	0.00e+00	0.00e+00	0.00e+00	0.00e+00	7.72e-01	7.51e-02	5.31e-02
 6.77024e+16	9.05e-01	9.53e-02	2.09e-05	0.00e+00	0.00e+00	0.00e+00	0.00e+00	0.00e+00	0.00e+00	7.78e-01	7.44e-02	5.27e-02
 6.77368e+16	9.09e-01	9.14e-02	1.83e-05	0.00e+00	0.00e+00	0.00e+00	0.00e+00	0.00e+00	0.00e+00	7.83e-01	7.36e-02	5.24e-02
 6.77711e+16	9.12e-01	8.75e-02	1.60e-05	0.00e+00	0.00e+00	0.00e+00	0.00e+00	0.00e+00	0.00e+00	7.87e-01	7.29e-02	5.20e-02
 6.78047e+16	9.16e-01	8.38e-02	1.41e-05	0.00e+00	0.00e+00	0.00e+00	0.00e+00	0.00e+00	0.00e+00	7.92e-01	7.22e-02	5.17e-02
 6.78373e+16	9.20e-01	8.04e-02	1.24e-05	0.00e+00	0.00e+00	0.00e+00	0.00e+00	0.00e+00	0.00e+00	7.97e-01	7.15e-02	5.13e-02
 6.78697e+16	9.23e-01	7.72e-02	1.09e-05	0.00e+00	0.00e+00	0.00e+00	0.00e+00	0.00e+00	0.00e+00	8.01e-01	7.08e-02	5.09e-02
 6.79023e+16	9.26e-01	7.40e-02	9.58e-06	0.00e+00	0.00e+00	0.00e+00	0.00e+00	0.00e+00	0.00e+00	8.05e-01	7.02e-02	5.06e-02
 6.79344e+16	9.29e-01	7.09e-02	8.44e-06	0.00e+00	0.00e+00	0.00e+00	0.00e+00	0.00e+00	0.00e+00	8.09e-01	6.95e-02	5.02e-02
 6.79655e+16	9.32e-01	6.81e-02	7.46e-06	0.00e+00	0.00e+00	0.00e+00	0.00e+00	0.00e+00	0.00e+00	8.13e-01	6.89e-02	4.99e-02
 6.79962e+16	9.35e-01	6.54e-02	6.59e-06	0.00e+00	0.00e+00	0.00e+00	0.00e+00	0.00e+00	0.00e+00	8.17e-01	6.83e-02	4.95e-02
 6.80273e+16	9.37e-01	6.27e-02	5.81e-06	0.00e+00	0.00e+00	0.00e+00	0.00e+00	0.00e+00	0.00e+00	8.20e-01	6.77e-02	4.92e-02
 6.80584e+16	9.40e-01	6.01e-02	5.13e-06	0.00e+00	0.00e+00	0.00e+00	0.00e+00	0.00e+00	0.00e+00	8.24e-01	6.71e-02	4.88e-02
 6.80885e+16	9.42e-01	5.77e-02	4.54e-06	0.00e+00	0.00e+00	0.00e+00	0.00e+00	0.00e+00	0.00e+00	8.27e-01	6.65e-02	4.85e-02
 6.81179e+16	9.45e-01	5.54e-02	4.03e-06	0.00e+00	0.00e+00	0.00e+00	0.00e+00	0.00e+00	0.00e+00	8.30e-01	6.59e-02	4.82e-02
 6.81473e+16	9.47e-01	5.32e-02	3.57e-06	0.00e+00	0.00e+00	0.00e+00	0.00e+00	0.00e+00	0.00e+00	8.34e-01	6.54e-02	4.79e-02
 6.81768e+16	9.49e-01	5.11e-02	3.16e-06	0.00e+00	0.00e+00	0.00e+00	0.00e+00	0.00e+00	0.00e+00	8.37e-01	6.48e-02	4.75e-02
 6.82060e+16	9.51e-01	4.91e-02	2.80e-06	0.00e+00	0.00e+00	0.00e+00	0.00e+00	0.00e+00	0.00e+00	8.39e-01	6.43e-02	4.71e-02
 6.82347e+16	9.53e-01	4.71e-02	2.49e-06	0.00e+00	0.00e+00	0.00e+00	0.00e+00	0.00e+00	0.00e+00	8.42e-01	6.38e-02	4.68e-02
 6.82629e+16	9.55e-01	4.53e-02	2.22e-06	0.00e+00	0.00e+00	0.00e+00	0.00e+00	0.00e+00	0.00e+00	8.45e-01	6.33e-02	4.64e-02
 6.82905e+16	9.57e-01	4.35e-02	1.98e-06	0.00e+00	0.00e+00	0.00e+00	0.00e+00	0.00e+00	0.00e+00	8.48e-01	6.28e-02	4.61e-02
 6.83184e+16	9.58e-01	4.19e-02	1.76e-06	0.00e+00	0.00e+00	0.00e+00	0.00e+00	0.00e+00	0.00e+00	8.50e-01	6.24e-02	4.58e-02
 6.83467e+16	9.60e-01	4.02e-02	1.56e-06	0.00e+00	0.00e+00	0.00e+00	0.00e+00	0.00e+00	0.00e+00	8.52e-01	6.19e-02	4.55e-02
 6.83740e+16	9.61e-01	3.86e-02	1.39e-06	0.00e+00	0.00e+00	0.00e+00	0.00e+00	0.00e+00	0.00e+00	8.55e-01	6.15e-02	4.52e-02
 6.84004e+16	9.63e-01	3.71e-02	1.25e-06	0.00e+00	0.00e+00	0.00e+00	0.00e+00	0.00e+00	0.00e+00	8.57e-01	6.10e-02	4.49e-02
 6.84273e+16	9.64e-01	3.56e-02	1.11e-06	0.00e+00	0.00e+00	0.00e+00	0.00e+00	0.00e+00	0.00e+00	8.59e-01	6.06e-02	4.46e-02
 6.84543e+16	9.66e-01	3.42e-02	9.93e-07	0.00e+00	0.00e+00	0.00e+00	0.00e+00	0.00e+00	0.00e+00	8.61e-01	6.02e-02	4.43e-02
 6.84809e+16	9.67e-01	3.28e-02	8.88e-07	0.00e+00	0.00e+00	0.00e+00	0.00e+00	0.00e+00	0.00e+00	8.63e-01	5.98e-02	4.40e-02
 6.85068e+16	9.68e-01	3.16e-02	7.96e-07	0.00e+00	0.00e+00	0.00e+00	0.00e+00	0.00e+00	0.00e+00	8.65e-01	5.94e-02	4.37e-02
 6.85325e+16	9.70e-01	3.03e-02	7.13e-07	0.00e+00	0.00e+00	0.00e+00	0.00e+00	0.00e+00	0.00e+00	8.67e-01	5.90e-02	4.34e-02
 6.85577e+16	9.71e-01	2.91e-02	6.41e-07	0.00e+00	0.00e+00	0.00e+00	0.00e+00	0.00e+00	0.00e+00	8.69e-01	5.87e-02	4.32e-02
 6.85831e+16	9.72e-01	2.80e-02	5.74e-07	0.00e+00	0.00e+00	0.00e+00	0.00e+00	0.00e+00	0.00e+00	8.71e-01	5.83e-02	4.29e-02
 6.86093e+16	9.73e-01	2.68e-02	5.13e-07	0.00e+00	0.00e+00	0.00e+00	0.00e+00	0.00e+00	0.00e+00	8.73e-01	5.80e-02	4.26e-02
 6.86345e+16	9.74e-01	2.57e-02	4.60e-07	0.00e+00	0.00e+00	0.00e+00	0.00e+00	0.00e+00	0.00e+00	8.74e-01	5.76e-02	4.24e-02
 6.86584e+16	9.75e-01	2.47e-02	4.16e-07	0.00e+00	0.00e+00	0.00e+00	0.00e+00	0.00e+00	0.00e+00	8.76e-01	5.73e-02	4.22e-02
 6.86821e+16	9.76e-01	2.37e-02	3.75e-07	0.00e+00	0.00e+00	0.00e+00	0.00e+00	0.00e+00	0.00e+00	8.77e-01	5.70e-02	4.19e-02
 6.87063e+16	9.77e-01	2.28e-02	3.38e-07	0.00e+00	0.00e+00	0.00e+00	0.00e+00	0.00e+00	0.00e+00	8.79e-01	5.67e-02	4.17e-02
 6.87301e+16	9.78e-01	2.18e-02	3.05e-07	0.00e+00	0.00e+00	0.00e+00	0.00e+00	0.00e+00	0.00e+00	8.80e-01	5.63e-02	4.14e-02
 6.87522e+16	9.79e-01	2.10e-02	2.77e-07	0.00e+00	0.00e+00	0.00e+00	0.00e+00	0.00e+00	0.00e+00	8.82e-01	5.61e-02	4.12e-02
 6.87726e+16	9.80e-01	2.03e-02	2.54e-07	0.00e+00	0.00e+00	0.00e+00	0.00e+00	0.00e+00	0.00e+00	8.83e-01	5.58e-02	4.10e-02
 6.87912e+16	9.80e-01	1.96e-02	2.35e-07	0.00e+00	0.00e+00	0.00e+00	0.00e+00	0.00e+00	0.00e+00	8.84e-01	5.56e-02	4.09e-02
 6.88081e+16	9.81e-01	1.91e-02	2.19e-07	0.00e+00	0.00e+00	0.00e+00	0.00e+00	0.00e+00	0.00e+00	8.85e-01	5.54e-02	4.07e-02
 6.88239e+16	9.81e-01	1.85e-02	2.05e-07	0.00e+00	0.00e+00	0.00e+00	0.00e+00	0.00e+00	0.00e+00	8.86e-01	5.52e-02	4.05e-02
 6.88390e+16	9.82e-01	1.80e-02	1.92e-07	0.00e+00	0.00e+00	0.00e+00	0.00e+00	0.00e+00	0.00e+00	8.87e-01	5.50e-02	4.04e-02
 6.88532e+16	9.82e-01	1.76e-02	1.81e-07	0.00e+00	0.00e+00	0.00e+00	0.00e+00	0.00e+00	0.00e+00	8.87e-01	5.48e-02	4.02e-02
 6.88663e+16	9.83e-01	1.71e-02	1.71e-07	0.00e+00	0.00e+00	0.00e+00	0.00e+00	0.00e+00	0.00e+00	8.88e-01	5.46e-02	4.01e-02
 6.88784e+16	9.83e-01	1.67e-02	1.63e-07	0.00e+00	0.00e+00	0.00e+00	0.00e+00	0.00e+00	0.00e+00	8.89e-01	5.45e-02	4.00e-02
 6.88900e+16	9.84e-01	1.64e-02	1.55e-07	0.00e+00	0.00e+00	0.00e+00	0.00e+00	0.00e+00	0.00e+00	8.90e-01	5.43e-02	3.98e-02
 6.89011e+16	9.84e-01	1.60e-02	1.48e-07	0.00e+00	0.00e+00	0.00e+00	0.00e+00	0.00e+00	0.00e+00	8.90e-01	5.41e-02	3.97e-02
 6.89117e+16	9.84e-01	1.56e-02	1.41e-07	0.00e+00	0.00e+00	0.00e+00	0.00e+00	0.00e+00	0.00e+00	8.91e-01	5.40e-02	3.96e-02
 6.89218e+16	9.85e-01	1.53e-02	1.35e-07	0.00e+00	0.00e+00	0.00e+00	0.00e+00	0.00e+00	0.00e+00	8.91e-01	5.38e-02	3.95e-02
 6.89313e+16	9.85e-01	1.50e-02	1.30e-07	0.00e+00	0.00e+00	0.00e+00	0.00e+00	0.00e+00	0.00e+00	8.92e-01	5.37e-02	3.94e-02
 6.89405e+16	9.85e-01	1.47e-02	1.25e-07	0.00e+00	0.00e+00	0.00e+00	0.00e+00	0.00e+00	0.00e+00	8.93e-01	5.35e-02	3.92e-02
 6.89494e+16	9.86e-01	1.44e-02	1.20e-07	0.00e+00	0.00e+00	0.00e+00	0.00e+00	0.00e+00	0.00e+00	8.93e-01	5.34e-02	3.91e-02
 6.89580e+16	9.86e-01	1.41e-02	1.16e-07	0.00e+00	0.00e+00	0.00e+00	0.00e+00	0.00e+00	0.00e+00	8.94e-01	5.33e-02	3.90e-02
 6.89663e+16	9.86e-01	1.38e-02	1.12e-07	0.00e+00	0.00e+00	0.00e+00	0.00e+00	0.00e+00	0.00e+00	8.94e-01	5.31e-02	3.89e-02
 6.89745e+16	9.86e-01	1.36e-02	1.08e-07	0.00e+00	0.00e+00	0.00e+00	0.00e+00	0.00e+00	0.00e+00	8.95e-01	5.30e-02	3.88e-02
 6.89827e+16	9.87e-01	1.33e-02	1.04e-07	0.00e+00	0.00e+00	0.00e+00	0.00e+00	0.00e+00	0.00e+00	8.95e-01	5.28e-02	3.87e-02
 6.89909e+16	9.87e-01	1.30e-02	9.99e-08	0.00e+00	0.00e+00	0.00e+00	0.00e+00	0.00e+00	0.00e+00	8.96e-01	5.27e-02	3.85e-02
 6.89991e+16	9.87e-01	1.27e-02	9.62e-08	0.00e+00	0.00e+00	0.00e+00	0.00e+00	0.00e+00	0.00e+00	8.96e-01	5.25e-02	3.84e-02
 6.90075e+16	9.88e-01	1.24e-02	9.26e-08	0.00e+00	0.00e+00	0.00e+00	0.00e+00	0.00e+00	0.00e+00	8.97e-01	5.23e-02	3.82e-02
 6.90164e+16	9.88e-01	1.21e-02	8.88e-08	0.00e+00	0.00e+00	0.00e+00	0.00e+00	0.00e+00	0.00e+00	8.98e-01	5.21e-02	3.81e-02
 6.90256e+16	9.88e-01	1.17e-02	8.50e-08	0.00e+00	0.00e+00	0.00e+00	0.00e+00	0.00e+00	0.00e+00	8.98e-01	5.19e-02	3.79e-02
 6.90341e+16	9.89e-01	1.14e-02	8.17e-08	0.00e+00	0.00e+00	0.00e+00	0.00e+00	0.00e+00	0.00e+00	8.99e-01	5.17e-02	3.77e-02
 6.90417e+16	9.89e-01	1.11e-02	7.88e-08	0.00e+00	0.00e+00	0.00e+00	0.00e+00	0.00e+00	0.00e+00	9.00e-01	5.15e-02	3.76e-02
 6.90487e+16	9.89e-01	1.08e-02	7.61e-08	0.00e+00	0.00e+00	0.00e+00	0.00e+00	0.00e+00	0.00e+00	9.00e-01	5.13e-02	3.74e-02
 6.90555e+16	9.89e-01	1.06e-02	7.36e-08	0.00e+00	0.00e+00	0.00e+00	0.00e+00	0.00e+00	0.00e+00	9.01e-01	5.11e-02	3.72e-02
 6.90621e+16	9.90e-01	1.03e-02	7.12e-08	0.00e+00	0.00e+00	0.00e+00	0.00e+00	0.00e+00	0.00e+00	9.02e-01	5.10e-02	3.71e-02
 6.90684e+16	9.90e-01	1.01e-02	6.89e-08	0.00e+00	0.00e+00	0.00e+00	0.00e+00	0.00e+00	0.00e+00	9.02e-01	5.08e-02	3.69e-02
 6.90743e+16	9.90e-01	9.85e-03	6.69e-08	0.00e+00	0.00e+00	0.00e+00	0.00e+00	0.00e+00	0.00e+00	9.03e-01	5.06e-02	3.68e-02
 6.90797e+16	9.90e-01	9.65e-03	6.50e-08	0.00e+00	0.00e+00	0.00e+00	0.00e+00	0.00e+00	0.00e+00	9.03e-01	5.04e-02	3.66e-02
 6.90847e+16	9.91e-01	9.46e-03	6.33e-08	0.00e+00	0.00e+00	0.00e+00	0.00e+00	0.00e+00	0.00e+00	9.04e-01	5.03e-02	3.65e-02
 6.90891e+16	9.91e-01	9.29e-03	6.18e-08	0.00e+00	0.00e+00	0.00e+00	0.00e+00	0.00e+00	0.00e+00	9.04e-01	5.01e-02	3.63e-02
 6.90932e+16	9.91e-01	9.14e-03	6.04e-08	0.00e+00	0.00e+00	0.00e+00	0.00e+00	0.00e+00	0.00e+00	9.05e-01	5.00e-02	3.62e-02
 6.90969e+16	9.91e-01	9.02e-03	5.93e-08	0.00e+00	0.00e+00	0.00e+00	0.00e+00	0.00e+00	0.00e+00	9.05e-01	4.99e-02	3.61e-02
 6.91010e+16	9.91e-01	8.86e-03	5.78e-08	0.00e+00	0.00e+00	0.00e+00	0.00e+00	0.00e+00	0.00e+00	9.05e-01	4.97e-02	3.60e-02
 6.91054e+16	9.91e-01	8.70e-03	5.64e-08	0.00e+00	0.00e+00	0.00e+00	0.00e+00	0.00e+00	0.00e+00	9.06e-01	4.95e-02	3.58e-02
 6.91094e+16	9.91e-01	8.57e-03	5.51e-08	0.00e+00	0.00e+00	0.00e+00	0.00e+00	0.00e+00	0.00e+00	9.06e-01	4.94e-02	3.57e-02
 6.91130e+16	9.92e-01	8.46e-03	5.41e-08	0.00e+00	0.00e+00	0.00e+00	0.00e+00	0.00e+00	0.00e+00	9.07e-01	4.92e-02	3.56e-02
 6.91170e+16	9.92e-01	8.30e-03	5.27e-08	0.00e+00	0.00e+00	0.00e+00	0.00e+00	0.00e+00	0.00e+00	9.07e-01	4.90e-02	3.55e-02
 6.91213e+16	9.92e-01	8.16e-03	5.14e-08	0.00e+00	0.00e+00	0.00e+00	0.00e+00	0.00e+00	0.00e+00	9.08e-01	4.89e-02	3.53e-02
 6.91252e+16	9.92e-01	8.02e-03	5.02e-08	0.00e+00	0.00e+00	0.00e+00	0.00e+00	0.00e+00	0.00e+00	9.08e-01	4.87e-02	3.52e-02
 6.91287e+16	9.92e-01	7.92e-03	4.92e-08	0.00e+00	0.00e+00	0.00e+00	0.00e+00	0.00e+00	0.00e+00	9.08e-01	4.86e-02	3.51e-02
 6.91326e+16	9.92e-01	7.77e-03	4.79e-08	0.00e+00	0.00e+00	0.00e+00	0.00e+00	0.00e+00	0.00e+00	9.09e-01	4.84e-02	3.49e-02
 6.91368e+16	9.92e-01	7.64e-03	4.66e-08	0.00e+00	0.00e+00	0.00e+00	0.00e+00	0.00e+00	0.00e+00	9.09e-01	4.82e-02	3.48e-02
 6.91407e+16	9.92e-01	7.54e-03	4.56e-08	0.00e+00	0.00e+00	0.00e+00	0.00e+00	0.00e+00	0.00e+00	9.10e-01	4.81e-02	3.47e-02
 6.91449e+16	9.93e-01	7.42e-03	4.44e-08	0.00e+00	0.00e+00	0.00e+00	0.00e+00	0.00e+00	0.00e+00	9.10e-01	4.79e-02	3.46e-02
 6.91494e+16	9.93e-01	7.27e-03	4.31e-08	0.00e+00	0.00e+00	0.00e+00	0.00e+00	0.00e+00	0.00e+00	9.11e-01	4.78e-02	3.44e-02
