#depth	H	H+	H2
 3.26072e+12	9.96e-04	9.99e-01	6.39e-14
 1.95643e+13	9.95e-04	9.99e-01	6.39e-14
 8.47786e+13	9.94e-04	9.99e-01	6.42e-14
 3.45636e+14	9.92e-04	9.99e-01	6.50e-14
 8.25613e+14	9.71e-04	9.99e-01	6.53e-14
 1.44958e+15	9.58e-04	9.99e-01	6.63e-14
 2.26075e+15	9.50e-04	9.99e-01	6.84e-14
 3.31526e+15	9.49e-04	9.99e-01	7.20e-14
 4.68612e+15	9.56e-04	9.99e-01	7.76e-14
 6.46824e+15	9.78e-04	9.99e-01	8.64e-14
 8.19299e+15	9.89e-04	9.99e-01	9.48e-14
 9.45592e+15	1.01e-03	9.99e-01	1.02e-13
 1.05043e+16	1.03e-03	9.99e-01	1.10e-13
 1.14243e+16	1.06e-03	9.99e-01	1.18e-13
 1.22121e+16	1.08e-03	9.99e-01	1.25e-13
 1.30650e+16	1.12e-03	9.99e-01	1.35e-13
 1.39840e+16	1.15e-03	9.99e-01	1.46e-13
 1.48000e+16	1.19e-03	9.99e-01	1.57e-13
 1.56721e+16	1.23e-03	9.99e-01	1.70e-13
 1.68057e+16	1.29e-03	9.99e-01	1.89e-13
 1.80392e+16	1.36e-03	9.99e-01	2.11e-13
 1.94024e+16	1.44e-03	9.99e-01	2.37e-13
 2.11747e+16	1.55e-03	9.98e-01	2.72e-13
 2.32852e+16	1.68e-03	9.98e-01	3.13e-13
 2.56137e+16	1.82e-03	9.98e-01	3.61e-13
 2.81751e+16	2.00e-03	9.98e-01	4.18e-13
 3.09926e+16	2.23e-03	9.98e-01	4.88e-13
 3.40918e+16	2.51e-03	9.97e-01	5.77e-13
 3.75010e+16	2.87e-03	9.97e-01	6.88e-13
 4.10283e+16	3.32e-03	9.97e-01	8.31e-13
 4.34498e+16	3.69e-03	9.96e-01	9.66e-13
 4.45307e+16	3.87e-03	9.96e-01	1.03e-12
 4.54530e+16	4.03e-03	9.96e-01	1.08e-12
 4.66518e+16	4.25e-03	9.96e-01	1.15e-12
 4.82104e+16	4.56e-03	9.95e-01	1.24e-12
 4.98606e+16	4.92e-03	9.95e-01	1.36e-12
 5.12531e+16	5.25e-03	9.95e-01	1.48e-12
 5.24730e+16	5.57e-03	9.94e-01	1.58e-12
 5.38453e+16	5.95e-03	9.94e-01	1.69e-12
 5.53394e+16	6.40e-03	9.94e-01	1.84e-12
 5.66566e+16	6.85e-03	9.93e-01	1.99e-12
 5.78163e+16	7.27e-03	9.93e-01	2.13e-12
 5.91065e+16	7.78e-03	9.92e-01	2.29e-12
 6.05112e+16	8.39e-03	9.92e-01	2.49e-12
 6.17473e+16	9.00e-03	9.91e-01	2.69e-12
 6.28317e+16	9.57e-03	9.90e-01	2.88e-12
 6.40362e+16	1.03e-02	9.90e-01	3.09e-12
 6.53532e+16	1.11e-02	9.89e-01	3.38e-12
 6.65161e+16	1.20e-02	9.88e-01	3.67e-12
 6.75344e+16	1.28e-02	9.87e-01	3.93e-12
 6.86653e+16	1.38e-02	9.86e-01	4.26e-12
 6.98955e+16	1.50e-02	9.85e-01	4.64e-12
 7.09863e+16	1.62e-02	9.84e-01	5.06e-12
 7.19438e+16	1.74e-02	9.83e-01	5.48e-12
 7.29962e+16	1.89e-02	9.81e-01	5.98e-12
 7.41235e+16	2.08e-02	9.79e-01	6.64e-12
 7.50766e+16	2.26e-02	9.77e-01	7.29e-12
 7.58783e+16	2.43e-02	9.76e-01	7.89e-12
 7.67545e+16	2.64e-02	9.74e-01	8.63e-12
 7.77100e+16	2.91e-02	9.71e-01	9.60e-12
 7.85400e+16	3.18e-02	9.68e-01	1.06e-11
 7.92416e+16	3.44e-02	9.66e-01	1.16e-11
 8.00049e+16	3.76e-02	9.62e-01	1.28e-11
 8.08333e+16	4.18e-02	9.58e-01	1.44e-11
 8.15475e+16	4.60e-02	9.54e-01	1.61e-11
 8.21511e+16	5.01e-02	9.50e-01	1.78e-11
 8.28101e+16	5.53e-02	9.45e-01	1.99e-11
 8.35333e+16	6.21e-02	9.38e-01	2.28e-11
 8.41722e+16	6.94e-02	9.31e-01	2.59e-11
 8.46732e+16	7.62e-02	9.24e-01	2.90e-11
 8.50756e+16	8.23e-02	9.18e-01	3.18e-11
 8.55115e+16	8.99e-02	9.10e-01	3.54e-11
 8.59910e+16	9.98e-02	9.00e-01	4.01e-11
 8.64074e+16	1.10e-01	8.90e-01	4.51e-11
 8.67495e+16	1.19e-01	8.81e-01	4.99e-11
 8.71150e+16	1.30e-01	8.70e-01	5.57e-11
 8.75133e+16	1.44e-01	8.56e-01	6.35e-11
 8.78563e+16	1.58e-01	8.42e-01	7.15e-11
 8.81407e+16	1.71e-01	8.29e-01	7.93e-11
 8.84471e+16	1.86e-01	8.14e-01	8.87e-11
 8.87852e+16	2.06e-01	7.94e-01	1.01e-10
 8.90818e+16	2.26e-01	7.74e-01	1.15e-10
 8.93284e+16	2.43e-01	7.57e-01	1.27e-10
 8.95926e+16	2.64e-01	7.36e-01	1.43e-10
 8.98866e+16	2.90e-01	7.10e-01	1.63e-10
 9.01508e+16	3.15e-01	6.85e-01	1.85e-10
 9.03778e+16	3.39e-01	6.61e-01	2.06e-10
 9.06179e+16	3.65e-01	6.35e-01	2.32e-10
 9.08815e+16	3.97e-01	6.03e-01	2.65e-10
 9.11206e+16	4.28e-01	5.72e-01	3.00e-10
 9.13182e+16	4.54e-01	5.46e-01	3.32e-10
 9.14915e+16	4.77e-01	5.23e-01	3.62e-10
 9.16609e+16	5.01e-01	4.99e-01	3.95e-10
 9.18250e+16	5.25e-01	4.75e-01	4.33e-10
 9.19775e+16	5.47e-01	4.53e-01	4.67e-10
 9.20955e+16	5.64e-01	4.36e-01	4.96e-10
 9.21732e+16	5.74e-01	4.26e-01	5.15e-10
 9.22490e+16	5.84e-01	4.16e-01	5.35e-10
 9.23417e+16	5.98e-01	4.02e-01	5.63e-10
 9.24382e+16	6.12e-01	3.88e-01	5.92e-10
 9.25234e+16	6.24e-01	3.76e-01	6.17e-10
 9.26020e+16	6.36e-01	3.64e-01	6.44e-10
 9.26825e+16	6.47e-01	3.53e-01	6.71e-10
 9.27662e+16	6.59e-01	3.41e-01	7.03e-10
 9.28484e+16	6.71e-01	3.29e-01	7.31e-10
 9.29271e+16	6.82e-01	3.18e-01	7.64e-10
 9.30050e+16	6.93e-01	3.07e-01	7.95e-10
 9.30829e+16	7.04e-01	2.96e-01	8.30e-10
 9.31598e+16	7.15e-01	2.85e-01	8.61e-10
 9.32364e+16	7.25e-01	2.75e-01	8.98e-10
 9.33130e+16	7.36e-01	2.64e-01	9.36e-10
 9.33875e+16	7.46e-01	2.54e-01	9.73e-10
 9.34607e+16	7.55e-01	2.45e-01	1.01e-09
 9.35351e+16	7.65e-01	2.35e-01	1.05e-09
 9.36090e+16	7.74e-01	2.26e-01	1.09e-09
 9.36816e+16	7.83e-01	2.17e-01	1.14e-09
 9.37529e+16	7.91e-01	2.09e-01	1.18e-09
 9.38244e+16	8.00e-01	2.00e-01	1.22e-09
 9.38969e+16	8.08e-01	1.92e-01	1.28e-09
 9.39668e+16	8.16e-01	1.84e-01	1.32e-09
 9.40351e+16	8.23e-01	1.77e-01	1.37e-09
 9.41042e+16	8.31e-01	1.69e-01	1.42e-09
 9.41733e+16	8.38e-01	1.62e-01	1.48e-09
 9.42413e+16	8.45e-01	1.55e-01	1.54e-09
 9.43080e+16	8.51e-01	1.49e-01	1.60e-09
 9.43738e+16	8.57e-01	1.43e-01	1.65e-09
 9.44383e+16	8.63e-01	1.37e-01	1.72e-09
 9.45015e+16	8.69e-01	1.31e-01	1.79e-09
 9.45643e+16	8.75e-01	1.25e-01	1.85e-09
 9.46265e+16	8.80e-01	1.20e-01	1.92e-09
 9.46873e+16	8.85e-01	1.15e-01	1.99e-09
 9.47466e+16	8.89e-01	1.11e-01	2.07e-09
 9.48055e+16	8.94e-01	1.06e-01	2.15e-09
 9.48644e+16	8.98e-01	1.02e-01	2.23e-09
 9.49218e+16	9.02e-01	9.76e-02	2.32e-09
 9.49780e+16	9.06e-01	9.37e-02	2.40e-09
 9.50337e+16	9.10e-01	9.00e-02	2.50e-09
 9.50893e+16	9.14e-01	8.64e-02	2.59e-09
 9.51443e+16	9.17e-01	8.29e-02	2.70e-09
 9.51981e+16	9.20e-01	7.96e-02	2.81e-09
 9.52507e+16	9.24e-01	7.64e-02	2.93e-09
 9.53035e+16	9.27e-01	7.34e-02	3.06e-09
 9.53564e+16	9.30e-01	7.04e-02	3.19e-09
 9.54081e+16	9.32e-01	6.76e-02	3.33e-09
 9.54585e+16	9.35e-01	6.50e-02	3.48e-09
 9.55088e+16	9.38e-01	6.25e-02	3.64e-09
 9.55592e+16	9.40e-01	6.00e-02	3.83e-09
 9.56085e+16	9.42e-01	5.76e-02	4.03e-09
 9.56573e+16	9.45e-01	5.54e-02	4.24e-09
 9.57062e+16	9.47e-01	5.32e-02	4.47e-09
 9.57545e+16	9.49e-01	5.11e-02	4.72e-09
 9.58020e+16	9.51e-01	4.92e-02	5.01e-09
 9.58486e+16	9.53e-01	4.73e-02	5.31e-09
 9.58951e+16	9.55e-01	4.55e-02	5.64e-09
 9.59418e+16	9.56e-01	4.36e-02	6.05e-09
 9.59883e+16	9.58e-01	4.19e-02	6.50e-09
 9.60342e+16	9.60e-01	4.02e-02	7.02e-09
 9.60789e+16	9.61e-01	3.87e-02	7.60e-09
 9.61227e+16	9.63e-01	3.72e-02	8.28e-09
 9.61667e+16	9.64e-01	3.57e-02	9.07e-09
 9.62106e+16	9.66e-01	3.43e-02	1.00e-08
 9.62538e+16	9.67e-01	3.30e-02	1.11e-08
 9.62960e+16	9.68e-01	3.17e-02	1.25e-08
 9.63363e+16	9.70e-01	3.05e-02	1.41e-08
 9.63729e+16	9.71e-01	2.94e-02	1.58e-08
 9.64059e+16	9.71e-01	2.86e-02	1.77e-08
 9.64364e+16	9.72e-01	2.78e-02	1.99e-08
 9.64647e+16	9.73e-01	2.71e-02	2.23e-08
 9.64905e+16	9.74e-01	2.64e-02	2.50e-08
 9.65145e+16	9.74e-01	2.58e-02	2.80e-08
 9.65369e+16	9.75e-01	2.52e-02	3.14e-08
 9.65575e+16	9.75e-01	2.47e-02	3.52e-08
 9.65766e+16	9.76e-01	2.43e-02	3.94e-08
 9.65944e+16	9.76e-01	2.38e-02	4.40e-08
 9.66114e+16	9.77e-01	2.34e-02	4.91e-08
 9.66275e+16	9.77e-01	2.30e-02	5.51e-08
 9.66427e+16	9.77e-01	2.26e-02	6.15e-08
 9.66570e+16	9.78e-01	2.23e-02	6.88e-08
 9.66705e+16	9.78e-01	2.19e-02	7.70e-08
 9.66833e+16	9.78e-01	2.16e-02	8.61e-08
 9.66953e+16	9.79e-01	2.13e-02	9.62e-08
 9.67068e+16	9.79e-01	2.10e-02	1.07e-07
 9.67177e+16	9.79e-01	2.07e-02	1.20e-07
 9.67282e+16	9.80e-01	2.04e-02	1.34e-07
 9.67383e+16	9.80e-01	2.02e-02	1.49e-07
 9.67480e+16	9.80e-01	1.99e-02	1.66e-07
 9.67573e+16	9.80e-01	1.97e-02	1.86e-07
 9.67664e+16	9.81e-01	1.94e-02	2.07e-07
 9.67753e+16	9.81e-01	1.92e-02	2.30e-07
 9.67840e+16	9.81e-01	1.89e-02	2.56e-07
 9.67926e+16	9.81e-01	1.87e-02	2.85e-07
 9.68010e+16	9.82e-01	1.84e-02	3.16e-07
 9.68094e+16	9.82e-01	1.82e-02	3.50e-07
 9.68182e+16	9.82e-01	1.79e-02	3.88e-07
 9.68271e+16	9.82e-01	1.76e-02	4.28e-07
 9.68363e+16	9.83e-01	1.73e-02	4.70e-07
 9.68465e+16	9.83e-01	1.70e-02	5.19e-07
 9.68574e+16	9.83e-01	1.66e-02	5.67e-07
 9.68682e+16	9.84e-01	1.63e-02	6.11e-07
 9.68781e+16	9.84e-01	1.59e-02	6.43e-07
 9.68872e+16	9.84e-01	1.56e-02	6.71e-07
 9.68958e+16	9.85e-01	1.53e-02	6.93e-07
 9.69036e+16	9.85e-01	1.51e-02	7.10e-07
 9.69107e+16	9.85e-01	1.48e-02	7.23e-07
 9.69172e+16	9.85e-01	1.46e-02	7.35e-07
 9.69231e+16	9.86e-01	1.44e-02	7.45e-07
 9.69284e+16	9.86e-01	1.43e-02	7.53e-07
 9.69333e+16	9.86e-01	1.41e-02	7.61e-07
 9.69387e+16	9.86e-01	1.39e-02	7.69e-07
 9.69444e+16	9.86e-01	1.37e-02	7.78e-07
 9.69497e+16	9.86e-01	1.36e-02	7.86e-07
 9.69554e+16	9.87e-01	1.34e-02	7.95e-07
 9.69617e+16	9.87e-01	1.32e-02	8.05e-07
 9.69673e+16	9.87e-01	1.30e-02	8.14e-07
 9.69725e+16	9.87e-01	1.29e-02	8.23e-07
 9.69771e+16	9.87e-01	1.27e-02	8.31e-07
 9.69823e+16	9.87e-01	1.26e-02	8.41e-07
 9.69878e+16	9.88e-01	1.24e-02	8.51e-07
 9.69928e+16	9.88e-01	1.23e-02	8.58e-07
 9.69984e+16	9.88e-01	1.22e-02	8.66e-07
 9.70055e+16	9.88e-01	1.20e-02	8.77e-07
 9.70133e+16	9.88e-01	1.18e-02	8.89e-07
 9.70203e+16	9.88e-01	1.17e-02	9.00e-07
 9.70268e+16	9.88e-01	1.15e-02	9.11e-07
 9.70338e+16	9.89e-01	1.14e-02	9.23e-07
 9.70414e+16	9.89e-01	1.12e-02	9.37e-07
 9.70483e+16	9.89e-01	1.11e-02	9.49e-07
 9.70546e+16	9.89e-01	1.09e-02	9.61e-07
 9.70615e+16	9.89e-01	1.08e-02	9.75e-07
 9.70689e+16	9.89e-01	1.06e-02	9.90e-07
 9.70757e+16	9.90e-01	1.05e-02	1.00e-06
 9.70818e+16	9.90e-01	1.03e-02	1.02e-06
 9.70886e+16	9.90e-01	1.02e-02	1.03e-06
 9.70959e+16	9.90e-01	1.00e-02	1.05e-06
 9.71025e+16	9.90e-01	9.82e-03	1.07e-06
