#depth	O	O+	O+2	O+3	O+4	O+5	O+6	O+7	O+8	O[1]	O[2]	O[3]
 3.26072e+12	7.31e-07	1.07e-03	2.57e-01	7.11e-01	3.12e-02	2.70e-06	0.00e+00	0.00e+00	0.00e+00	5.54e-07	1.12e-07	6.48e-08
 1.95643e+13	7.29e-07	1.07e-03	2.57e-01	7.11e-01	3.11e-02	2.69e-06	0.00e+00	0.00e+00	0.00e+00	5.53e-07	1.12e-07	6.47e-08
 8.47786e+13	7.32e-07	1.08e-03	2.58e-01	7.10e-01	3.09e-02	2.66e-06	0.00e+00	0.00e+00	0.00e+00	5.55e-07	1.12e-07	6.50e-08
 3.45636e+14	7.45e-07	1.10e-03	2.64e-01	7.05e-01	2.99e-02	2.55e-06	0.00e+00	0.00e+00	0.00e+00	5.64e-07	1.14e-07	6.61e-08
 8.25613e+14	7.40e-07	1.13e-03	2.73e-01	6.97e-01	2.84e-02	2.38e-06	0.00e+00	0.00e+00	0.00e+00	5.60e-07	1.13e-07	6.57e-08
 1.44958e+15	7.57e-07	1.18e-03	2.86e-01	6.87e-01	2.65e-02	2.16e-06	0.00e+00	0.00e+00	0.00e+00	5.74e-07	1.16e-07	6.73e-08
 2.26075e+15	7.96e-07	1.26e-03	3.03e-01	6.71e-01	2.42e-02	1.90e-06	0.00e+00	0.00e+00	0.00e+00	6.03e-07	1.22e-07	7.09e-08
 3.31526e+15	8.67e-07	1.39e-03	3.28e-01	6.49e-01	2.13e-02	1.59e-06	0.00e+00	0.00e+00	0.00e+00	6.57e-07	1.33e-07	7.73e-08
 4.68612e+15	9.92e-07	1.58e-03	3.66e-01	6.15e-01	1.78e-02	1.24e-06	0.00e+00	0.00e+00	0.00e+00	7.51e-07	1.52e-07	8.85e-08
 6.46824e+15	1.22e-06	1.91e-03	4.22e-01	5.62e-01	1.37e-02	8.73e-07	0.00e+00	0.00e+00	0.00e+00	9.20e-07	1.86e-07	1.09e-07
 8.19299e+15	1.45e-06	2.27e-03	4.85e-01	5.02e-01	1.03e-02	6.02e-07	0.00e+00	0.00e+00	0.00e+00	1.10e-06	2.22e-07	1.30e-07
 9.45592e+15	1.70e-06	2.61e-03	5.40e-01	4.49e-01	8.03e-03	4.36e-07	0.00e+00	0.00e+00	0.00e+00	1.29e-06	2.59e-07	1.52e-07
 1.05043e+16	1.97e-06	2.94e-03	5.91e-01	4.00e-01	6.29e-03	3.21e-07	0.00e+00	0.00e+00	0.00e+00	1.49e-06	2.99e-07	1.76e-07
 1.14243e+16	2.25e-06	3.28e-03	6.38e-01	3.54e-01	4.93e-03	2.37e-07	0.00e+00	0.00e+00	0.00e+00	1.71e-06	3.41e-07	2.01e-07
 1.22121e+16	2.53e-06	3.60e-03	6.80e-01	3.12e-01	3.89e-03	1.77e-07	0.00e+00	0.00e+00	0.00e+00	1.92e-06	3.83e-07	2.26e-07
 1.30650e+16	2.90e-06	3.99e-03	7.27e-01	2.66e-01	2.90e-03	0.00e+00	0.00e+00	0.00e+00	0.00e+00	2.21e-06	4.39e-07	2.59e-07
 1.39840e+16	3.34e-06	4.42e-03	7.76e-01	2.17e-01	2.03e-03	0.00e+00	0.00e+00	0.00e+00	0.00e+00	2.54e-06	5.03e-07	2.98e-07
 1.48000e+16	3.76e-06	4.81e-03	8.17e-01	1.77e-01	1.42e-03	0.00e+00	0.00e+00	0.00e+00	0.00e+00	2.86e-06	5.65e-07	3.35e-07
 1.56721e+16	4.29e-06	5.26e-03	8.57e-01	1.37e-01	9.22e-04	0.00e+00	0.00e+00	0.00e+00	0.00e+00	3.26e-06	6.44e-07	3.83e-07
 1.68057e+16	5.01e-06	5.80e-03	8.99e-01	9.45e-02	4.96e-04	0.00e+00	0.00e+00	0.00e+00	0.00e+00	3.81e-06	7.49e-07	4.47e-07
 1.80392e+16	5.82e-06	6.35e-03	9.33e-01	6.04e-02	2.36e-04	0.00e+00	0.00e+00	0.00e+00	0.00e+00	4.43e-06	8.69e-07	5.19e-07
 1.94024e+16	6.78e-06	6.89e-03	9.57e-01	3.55e-02	9.74e-05	0.00e+00	0.00e+00	0.00e+00	0.00e+00	5.17e-06	1.01e-06	6.05e-07
 2.11747e+16	8.10e-06	7.53e-03	9.75e-01	1.77e-02	3.01e-05	0.00e+00	0.00e+00	0.00e+00	0.00e+00	6.17e-06	1.20e-06	7.21e-07
 2.32852e+16	9.76e-06	8.21e-03	9.84e-01	7.95e-03	7.60e-06	0.00e+00	0.00e+00	0.00e+00	0.00e+00	7.44e-06	1.45e-06	8.69e-07
 2.56137e+16	1.19e-05	8.94e-03	9.88e-01	3.47e-03	1.77e-06	0.00e+00	0.00e+00	0.00e+00	0.00e+00	9.04e-06	1.76e-06	1.06e-06
 2.81751e+16	1.46e-05	9.80e-03	9.89e-01	1.49e-03	3.91e-07	0.00e+00	0.00e+00	0.00e+00	0.00e+00	1.12e-05	2.17e-06	1.30e-06
 3.09926e+16	1.85e-05	1.09e-02	9.88e-01	6.36e-04	0.00e+00	0.00e+00	0.00e+00	0.00e+00	0.00e+00	1.41e-05	2.75e-06	1.65e-06
 3.40918e+16	2.42e-05	1.22e-02	9.88e-01	2.76e-04	0.00e+00	0.00e+00	0.00e+00	0.00e+00	0.00e+00	1.84e-05	3.60e-06	2.16e-06
 3.75010e+16	3.27e-05	1.39e-02	9.86e-01	1.26e-04	0.00e+00	0.00e+00	0.00e+00	0.00e+00	0.00e+00	2.49e-05	4.88e-06	2.92e-06
 4.10283e+16	4.53e-05	1.61e-02	9.84e-01	6.60e-05	0.00e+00	0.00e+00	0.00e+00	0.00e+00	0.00e+00	3.45e-05	6.78e-06	4.05e-06
 4.34498e+16	5.73e-05	1.80e-02	9.82e-01	4.73e-05	0.00e+00	0.00e+00	0.00e+00	0.00e+00	0.00e+00	4.36e-05	8.58e-06	5.11e-06
 4.45307e+16	6.38e-05	1.89e-02	9.81e-01	4.15e-05	0.00e+00	0.00e+00	0.00e+00	0.00e+00	0.00e+00	4.86e-05	9.58e-06	5.70e-06
 4.54530e+16	7.02e-05	1.98e-02	9.80e-01	3.72e-05	0.00e+00	0.00e+00	0.00e+00	0.00e+00	0.00e+00	5.33e-05	1.05e-05	6.26e-06
 4.66518e+16	7.94e-05	2.09e-02	9.79e-01	3.26e-05	0.00e+00	0.00e+00	0.00e+00	0.00e+00	0.00e+00	6.03e-05	1.19e-05	7.09e-06
 4.82104e+16	9.35e-05	2.27e-02	9.77e-01	2.81e-05	0.00e+00	0.00e+00	0.00e+00	0.00e+00	0.00e+00	7.11e-05	1.41e-05	8.35e-06
 4.98606e+16	1.12e-04	2.47e-02	9.75e-01	2.44e-05	0.00e+00	0.00e+00	0.00e+00	0.00e+00	0.00e+00	8.48e-05	1.69e-05	9.98e-06
 5.12531e+16	1.30e-04	2.66e-02	9.73e-01	2.19e-05	0.00e+00	0.00e+00	0.00e+00	0.00e+00	0.00e+00	9.89e-05	1.97e-05	1.16e-05
 5.24730e+16	1.50e-04	2.85e-02	9.71e-01	2.00e-05	0.00e+00	0.00e+00	0.00e+00	0.00e+00	0.00e+00	1.13e-04	2.27e-05	1.34e-05
 5.38453e+16	1.75e-04	3.08e-02	9.69e-01	1.81e-05	0.00e+00	0.00e+00	0.00e+00	0.00e+00	0.00e+00	1.33e-04	2.66e-05	1.57e-05
 5.53394e+16	2.09e-04	3.37e-02	9.66e-01	1.64e-05	0.00e+00	0.00e+00	0.00e+00	0.00e+00	0.00e+00	1.59e-04	3.18e-05	1.87e-05
 5.66566e+16	2.46e-04	3.66e-02	9.63e-01	1.50e-05	0.00e+00	0.00e+00	0.00e+00	0.00e+00	0.00e+00	1.87e-04	3.74e-05	2.20e-05
 5.78163e+16	2.84e-04	3.94e-02	9.60e-01	1.39e-05	0.00e+00	0.00e+00	0.00e+00	0.00e+00	0.00e+00	2.16e-04	4.32e-05	2.54e-05
 5.91065e+16	3.35e-04	4.30e-02	9.57e-01	1.28e-05	0.00e+00	0.00e+00	0.00e+00	0.00e+00	0.00e+00	2.54e-04	5.10e-05	2.99e-05
 6.05112e+16	4.04e-04	4.73e-02	9.52e-01	1.17e-05	0.00e+00	0.00e+00	0.00e+00	0.00e+00	0.00e+00	3.06e-04	6.14e-05	3.60e-05
 6.17473e+16	4.78e-04	5.17e-02	9.48e-01	1.07e-05	0.00e+00	0.00e+00	0.00e+00	0.00e+00	0.00e+00	3.63e-04	7.27e-05	4.26e-05
 6.28317e+16	5.57e-04	5.60e-02	9.43e-01	9.93e-06	0.00e+00	0.00e+00	0.00e+00	0.00e+00	0.00e+00	4.22e-04	8.47e-05	4.96e-05
 6.40362e+16	6.61e-04	6.14e-02	9.38e-01	9.13e-06	0.00e+00	0.00e+00	0.00e+00	0.00e+00	0.00e+00	5.02e-04	1.01e-04	5.88e-05
 6.53532e+16	8.06e-04	6.82e-02	9.31e-01	8.24e-06	0.00e+00	0.00e+00	0.00e+00	0.00e+00	0.00e+00	6.11e-04	1.22e-04	7.16e-05
 6.65161e+16	9.65e-04	7.52e-02	9.24e-01	7.54e-06	0.00e+00	0.00e+00	0.00e+00	0.00e+00	0.00e+00	7.32e-04	1.47e-04	8.57e-05
 6.75344e+16	1.13e-03	8.20e-02	9.17e-01	6.95e-06	0.00e+00	0.00e+00	0.00e+00	0.00e+00	0.00e+00	8.59e-04	1.72e-04	1.01e-04
 6.86653e+16	1.37e-03	9.07e-02	9.08e-01	6.27e-06	0.00e+00	0.00e+00	0.00e+00	0.00e+00	0.00e+00	1.04e-03	2.08e-04	1.21e-04
 6.98955e+16	1.68e-03	1.02e-01	8.97e-01	5.61e-06	0.00e+00	0.00e+00	0.00e+00	0.00e+00	0.00e+00	1.28e-03	2.55e-04	1.49e-04
 7.09863e+16	2.04e-03	1.13e-01	8.85e-01	5.03e-06	0.00e+00	0.00e+00	0.00e+00	0.00e+00	0.00e+00	1.55e-03	3.10e-04	1.81e-04
 7.19438e+16	2.44e-03	1.24e-01	8.73e-01	4.54e-06	0.00e+00	0.00e+00	0.00e+00	0.00e+00	0.00e+00	1.85e-03	3.70e-04	2.16e-04
 7.29962e+16	2.98e-03	1.39e-01	8.58e-01	4.02e-06	0.00e+00	0.00e+00	0.00e+00	0.00e+00	0.00e+00	2.26e-03	4.52e-04	2.63e-04
 7.41235e+16	3.73e-03	1.56e-01	8.40e-01	3.49e-06	0.00e+00	0.00e+00	0.00e+00	0.00e+00	0.00e+00	2.84e-03	5.66e-04	3.30e-04
 7.50766e+16	4.56e-03	1.74e-01	8.21e-01	3.08e-06	0.00e+00	0.00e+00	0.00e+00	0.00e+00	0.00e+00	3.46e-03	6.91e-04	4.02e-04
 7.58783e+16	5.41e-03	1.91e-01	8.03e-01	2.75e-06	0.00e+00	0.00e+00	0.00e+00	0.00e+00	0.00e+00	4.11e-03	8.20e-04	4.78e-04
 7.67545e+16	6.58e-03	2.12e-01	7.81e-01	2.39e-06	0.00e+00	0.00e+00	0.00e+00	0.00e+00	0.00e+00	5.00e-03	9.96e-04	5.80e-04
 7.77100e+16	8.22e-03	2.38e-01	7.53e-01	2.03e-06	0.00e+00	0.00e+00	0.00e+00	0.00e+00	0.00e+00	6.25e-03	1.24e-03	7.24e-04
 7.85400e+16	1.00e-02	2.65e-01	7.25e-01	1.73e-06	0.00e+00	0.00e+00	0.00e+00	0.00e+00	0.00e+00	7.64e-03	1.52e-03	8.84e-04
 7.92416e+16	1.20e-02	2.89e-01	6.99e-01	1.50e-06	0.00e+00	0.00e+00	0.00e+00	0.00e+00	0.00e+00	9.11e-03	1.81e-03	1.05e-03
 8.00049e+16	1.46e-02	3.20e-01	6.66e-01	1.26e-06	0.00e+00	0.00e+00	0.00e+00	0.00e+00	0.00e+00	1.11e-02	2.20e-03	1.28e-03
 8.08333e+16	1.82e-02	3.56e-01	6.25e-01	1.02e-06	0.00e+00	0.00e+00	0.00e+00	0.00e+00	0.00e+00	1.39e-02	2.74e-03	1.60e-03
 8.15475e+16	2.22e-02	3.92e-01	5.86e-01	8.33e-07	0.00e+00	0.00e+00	0.00e+00	0.00e+00	0.00e+00	1.70e-02	3.34e-03	1.95e-03
 8.21511e+16	2.64e-02	4.24e-01	5.49e-01	6.89e-07	0.00e+00	0.00e+00	0.00e+00	0.00e+00	0.00e+00	2.01e-02	3.96e-03	2.32e-03
 8.28101e+16	3.20e-02	4.62e-01	5.06e-01	5.48e-07	0.00e+00	0.00e+00	0.00e+00	0.00e+00	0.00e+00	2.44e-02	4.79e-03	2.80e-03
 8.35333e+16	3.99e-02	5.06e-01	4.54e-01	4.13e-07	0.00e+00	0.00e+00	0.00e+00	0.00e+00	0.00e+00	3.04e-02	5.94e-03	3.48e-03
 8.41722e+16	4.86e-02	5.46e-01	4.05e-01	3.11e-07	0.00e+00	0.00e+00	0.00e+00	0.00e+00	0.00e+00	3.72e-02	7.22e-03	4.24e-03
 8.46732e+16	5.71e-02	5.78e-01	3.65e-01	2.43e-07	0.00e+00	0.00e+00	0.00e+00	0.00e+00	0.00e+00	4.37e-02	8.46e-03	4.98e-03
 8.50756e+16	6.49e-02	6.03e-01	3.32e-01	1.95e-07	0.00e+00	0.00e+00	0.00e+00	0.00e+00	0.00e+00	4.97e-02	9.58e-03	5.65e-03
 8.55115e+16	7.47e-02	6.29e-01	2.96e-01	1.51e-07	0.00e+00	0.00e+00	0.00e+00	0.00e+00	0.00e+00	5.72e-02	1.10e-02	6.49e-03
 8.59910e+16	8.77e-02	6.56e-01	2.56e-01	0.00e+00	0.00e+00	0.00e+00	0.00e+00	0.00e+00	0.00e+00	6.72e-02	1.28e-02	7.60e-03
 8.64074e+16	1.01e-01	6.77e-01	2.22e-01	0.00e+00	0.00e+00	0.00e+00	0.00e+00	0.00e+00	0.00e+00	7.74e-02	1.47e-02	8.72e-03
 8.67495e+16	1.13e-01	6.91e-01	1.96e-01	0.00e+00	0.00e+00	0.00e+00	0.00e+00	0.00e+00	0.00e+00	8.68e-02	1.64e-02	9.75e-03
 8.71150e+16	1.27e-01	7.04e-01	1.69e-01	0.00e+00	0.00e+00	0.00e+00	0.00e+00	0.00e+00	0.00e+00	9.81e-02	1.83e-02	1.10e-02
 8.75133e+16	1.46e-01	7.14e-01	1.40e-01	0.00e+00	0.00e+00	0.00e+00	0.00e+00	0.00e+00	0.00e+00	1.13e-01	2.08e-02	1.25e-02
 8.78563e+16	1.64e-01	7.18e-01	1.18e-01	0.00e+00	0.00e+00	0.00e+00	0.00e+00	0.00e+00	0.00e+00	1.27e-01	2.32e-02	1.40e-02
 8.81407e+16	1.81e-01	7.18e-01	1.01e-01	0.00e+00	0.00e+00	0.00e+00	0.00e+00	0.00e+00	0.00e+00	1.40e-01	2.54e-02	1.54e-02
 8.84471e+16	2.00e-01	7.16e-01	8.45e-02	0.00e+00	0.00e+00	0.00e+00	0.00e+00	0.00e+00	0.00e+00	1.55e-01	2.79e-02	1.70e-02
 8.87852e+16	2.24e-01	7.08e-01	6.80e-02	0.00e+00	0.00e+00	0.00e+00	0.00e+00	0.00e+00	0.00e+00	1.74e-01	3.09e-02	1.89e-02
 8.90818e+16	2.48e-01	6.96e-01	5.52e-02	0.00e+00	0.00e+00	0.00e+00	0.00e+00	0.00e+00	0.00e+00	1.94e-01	3.38e-02	2.08e-02
 8.93284e+16	2.69e-01	6.85e-01	4.60e-02	0.00e+00	0.00e+00	0.00e+00	0.00e+00	0.00e+00	0.00e+00	2.10e-01	3.63e-02	2.25e-02
 8.95926e+16	2.94e-01	6.69e-01	3.73e-02	0.00e+00	0.00e+00	0.00e+00	0.00e+00	0.00e+00	0.00e+00	2.30e-01	3.91e-02	2.43e-02
 8.98866e+16	3.24e-01	6.47e-01	2.91e-02	0.00e+00	0.00e+00	0.00e+00	0.00e+00	0.00e+00	0.00e+00	2.55e-01	4.23e-02	2.66e-02
 9.01508e+16	3.53e-01	6.24e-01	2.28e-02	0.00e+00	0.00e+00	0.00e+00	0.00e+00	0.00e+00	0.00e+00	2.79e-01	4.54e-02	2.88e-02
 9.03778e+16	3.79e-01	6.03e-01	1.83e-02	0.00e+00	0.00e+00	0.00e+00	0.00e+00	0.00e+00	0.00e+00	3.01e-01	4.79e-02	3.06e-02
 9.06179e+16	4.09e-01	5.77e-01	1.43e-02	0.00e+00	0.00e+00	0.00e+00	0.00e+00	0.00e+00	0.00e+00	3.25e-01	5.06e-02	3.27e-02
 9.08815e+16	4.43e-01	5.46e-01	1.08e-02	0.00e+00	0.00e+00	0.00e+00	0.00e+00	0.00e+00	0.00e+00	3.55e-01	5.35e-02	3.49e-02
 9.11206e+16	4.76e-01	5.16e-01	8.18e-03	0.00e+00	0.00e+00	0.00e+00	0.00e+00	0.00e+00	0.00e+00	3.83e-01	5.60e-02	3.70e-02
 9.13182e+16	5.03e-01	4.90e-01	6.46e-03	0.00e+00	0.00e+00	0.00e+00	0.00e+00	0.00e+00	0.00e+00	4.07e-01	5.79e-02	3.86e-02
 9.14915e+16	5.27e-01	4.68e-01	5.21e-03	0.00e+00	0.00e+00	0.00e+00	0.00e+00	0.00e+00	0.00e+00	4.28e-01	5.94e-02	3.99e-02
 9.16609e+16	5.51e-01	4.45e-01	4.19e-03	0.00e+00	0.00e+00	0.00e+00	0.00e+00	0.00e+00	0.00e+00	4.49e-01	6.06e-02	4.11e-02
 9.18250e+16	5.75e-01	4.21e-01	3.35e-03	0.00e+00	0.00e+00	0.00e+00	0.00e+00	0.00e+00	0.00e+00	4.71e-01	6.18e-02	4.23e-02
 9.19775e+16	5.97e-01	4.00e-01	2.72e-03	0.00e+00	0.00e+00	0.00e+00	0.00e+00	0.00e+00	0.00e+00	4.91e-01	6.26e-02	4.33e-02
 9.20955e+16	6.13e-01	3.84e-01	2.31e-03	0.00e+00	0.00e+00	0.00e+00	0.00e+00	0.00e+00	0.00e+00	5.06e-01	6.31e-02	4.39e-02
 9.21732e+16	6.23e-01	3.75e-01	2.08e-03	0.00e+00	0.00e+00	0.00e+00	0.00e+00	0.00e+00	0.00e+00	5.16e-01	6.34e-02	4.43e-02
 9.22490e+16	6.33e-01	3.65e-01	1.87e-03	0.00e+00	0.00e+00	0.00e+00	0.00e+00	0.00e+00	0.00e+00	5.25e-01	6.35e-02	4.46e-02
 9.23417e+16	6.47e-01	3.52e-01	1.63e-03	0.00e+00	0.00e+00	0.00e+00	0.00e+00	0.00e+00	0.00e+00	5.38e-01	6.37e-02	4.50e-02
 9.24382e+16	6.60e-01	3.38e-01	1.40e-03	0.00e+00	0.00e+00	0.00e+00	0.00e+00	0.00e+00	0.00e+00	5.51e-01	6.39e-02	4.54e-02
 9.25234e+16	6.72e-01	3.27e-01	1.23e-03	0.00e+00	0.00e+00	0.00e+00	0.00e+00	0.00e+00	0.00e+00	5.62e-01	6.39e-02	4.57e-02
 9.26020e+16	6.83e-01	3.16e-01	1.09e-03	0.00e+00	0.00e+00	0.00e+00	0.00e+00	0.00e+00	0.00e+00	5.73e-01	6.39e-02	4.60e-02
 9.26825e+16	6.93e-01	3.06e-01	9.62e-04	0.00e+00	0.00e+00	0.00e+00	0.00e+00	0.00e+00	0.00e+00	5.83e-01	6.38e-02	4.62e-02
 9.27662e+16	7.05e-01	2.94e-01	8.39e-04	0.00e+00	0.00e+00	0.00e+00	0.00e+00	0.00e+00	0.00e+00	5.95e-01	6.37e-02	4.63e-02
 9.28484e+16	7.16e-01	2.83e-01	7.34e-04	0.00e+00	0.00e+00	0.00e+00	0.00e+00	0.00e+00	0.00e+00	6.06e-01	6.35e-02	4.65e-02
 9.29271e+16	7.27e-01	2.73e-01	6.44e-04	0.00e+00	0.00e+00	0.00e+00	0.00e+00	0.00e+00	0.00e+00	6.17e-01	6.33e-02	4.66e-02
 9.30050e+16	7.37e-01	2.63e-01	5.64e-04	0.00e+00	0.00e+00	0.00e+00	0.00e+00	0.00e+00	0.00e+00	6.27e-01	6.30e-02	4.66e-02
 9.30829e+16	7.47e-01	2.53e-01	4.94e-04	0.00e+00	0.00e+00	0.00e+00	0.00e+00	0.00e+00	0.00e+00	6.38e-01	6.27e-02	4.66e-02
 9.31598e+16	7.56e-01	2.43e-01	4.32e-04	0.00e+00	0.00e+00	0.00e+00	0.00e+00	0.00e+00	0.00e+00	6.47e-01	6.23e-02	4.66e-02
 9.32364e+16	7.66e-01	2.34e-01	3.78e-04	0.00e+00	0.00e+00	0.00e+00	0.00e+00	0.00e+00	0.00e+00	6.57e-01	6.19e-02	4.65e-02
 9.33130e+16	7.75e-01	2.24e-01	3.29e-04	0.00e+00	0.00e+00	0.00e+00	0.00e+00	0.00e+00	0.00e+00	6.67e-01	6.14e-02	4.64e-02
 9.33875e+16	7.84e-01	2.16e-01	2.88e-04	0.00e+00	0.00e+00	0.00e+00	0.00e+00	0.00e+00	0.00e+00	6.77e-01	6.10e-02	4.63e-02
 9.34607e+16	7.93e-01	2.07e-01	2.52e-04	0.00e+00	0.00e+00	0.00e+00	0.00e+00	0.00e+00	0.00e+00	6.86e-01	6.05e-02	4.62e-02
 9.35351e+16	8.01e-01	1.99e-01	2.19e-04	0.00e+00	0.00e+00	0.00e+00	0.00e+00	0.00e+00	0.00e+00	6.95e-01	5.99e-02	4.60e-02
 9.36090e+16	8.09e-01	1.90e-01	1.91e-04	0.00e+00	0.00e+00	0.00e+00	0.00e+00	0.00e+00	0.00e+00	7.04e-01	5.94e-02	4.58e-02
 9.36816e+16	8.17e-01	1.82e-01	1.66e-04	0.00e+00	0.00e+00	0.00e+00	0.00e+00	0.00e+00	0.00e+00	7.13e-01	5.88e-02	4.55e-02
 9.37529e+16	8.25e-01	1.75e-01	1.45e-04	0.00e+00	0.00e+00	0.00e+00	0.00e+00	0.00e+00	0.00e+00	7.21e-01	5.82e-02	4.53e-02
 9.38244e+16	8.32e-01	1.68e-01	1.26e-04	0.00e+00	0.00e+00	0.00e+00	0.00e+00	0.00e+00	0.00e+00	7.30e-01	5.76e-02	4.50e-02
 9.38969e+16	8.40e-01	1.60e-01	1.09e-04	0.00e+00	0.00e+00	0.00e+00	0.00e+00	0.00e+00	0.00e+00	7.38e-01	5.69e-02	4.47e-02
 9.39668e+16	8.46e-01	1.54e-01	9.53e-05	0.00e+00	0.00e+00	0.00e+00	0.00e+00	0.00e+00	0.00e+00	7.46e-01	5.63e-02	4.44e-02
 9.40351e+16	8.53e-01	1.47e-01	8.31e-05	0.00e+00	0.00e+00	0.00e+00	0.00e+00	0.00e+00	0.00e+00	7.53e-01	5.56e-02	4.40e-02
 9.41042e+16	8.59e-01	1.41e-01	7.23e-05	0.00e+00	0.00e+00	0.00e+00	0.00e+00	0.00e+00	0.00e+00	7.60e-01	5.50e-02	4.37e-02
 9.41733e+16	8.65e-01	1.35e-01	6.27e-05	0.00e+00	0.00e+00	0.00e+00	0.00e+00	0.00e+00	0.00e+00	7.68e-01	5.43e-02	4.33e-02
 9.42413e+16	8.71e-01	1.29e-01	5.45e-05	0.00e+00	0.00e+00	0.00e+00	0.00e+00	0.00e+00	0.00e+00	7.75e-01	5.36e-02	4.29e-02
 9.43080e+16	8.77e-01	1.23e-01	4.74e-05	0.00e+00	0.00e+00	0.00e+00	0.00e+00	0.00e+00	0.00e+00	7.81e-01	5.30e-02	4.25e-02
 9.43738e+16	8.82e-01	1.18e-01	4.13e-05	0.00e+00	0.00e+00	0.00e+00	0.00e+00	0.00e+00	0.00e+00	7.88e-01	5.24e-02	4.22e-02
 9.44383e+16	8.87e-01	1.13e-01	3.60e-05	0.00e+00	0.00e+00	0.00e+00	0.00e+00	0.00e+00	0.00e+00	7.94e-01	5.17e-02	4.18e-02
 9.45015e+16	8.92e-01	1.08e-01	3.15e-05	0.00e+00	0.00e+00	0.00e+00	0.00e+00	0.00e+00	0.00e+00	8.00e-01	5.11e-02	4.14e-02
 9.45643e+16	8.97e-01	1.03e-01	2.75e-05	0.00e+00	0.00e+00	0.00e+00	0.00e+00	0.00e+00	0.00e+00	8.05e-01	5.05e-02	4.10e-02
 9.46265e+16	9.01e-01	9.89e-02	2.40e-05	0.00e+00	0.00e+00	0.00e+00	0.00e+00	0.00e+00	0.00e+00	8.11e-01	4.99e-02	4.06e-02
 9.46873e+16	9.05e-01	9.46e-02	2.11e-05	0.00e+00	0.00e+00	0.00e+00	0.00e+00	0.00e+00	0.00e+00	8.16e-01	4.93e-02	4.02e-02
 9.47466e+16	9.09e-01	9.07e-02	1.85e-05	0.00e+00	0.00e+00	0.00e+00	0.00e+00	0.00e+00	0.00e+00	8.21e-01	4.87e-02	3.99e-02
 9.48055e+16	9.13e-01	8.69e-02	1.62e-05	0.00e+00	0.00e+00	0.00e+00	0.00e+00	0.00e+00	0.00e+00	8.25e-01	4.81e-02	3.95e-02
 9.48644e+16	9.17e-01	8.32e-02	1.42e-05	0.00e+00	0.00e+00	0.00e+00	0.00e+00	0.00e+00	0.00e+00	8.30e-01	4.76e-02	3.91e-02
 9.49218e+16	9.20e-01	7.98e-02	1.25e-05	0.00e+00	0.00e+00	0.00e+00	0.00e+00	0.00e+00	0.00e+00	8.34e-01	4.70e-02	3.88e-02
 9.49780e+16	9.23e-01	7.65e-02	1.10e-05	0.00e+00	0.00e+00	0.00e+00	0.00e+00	0.00e+00	0.00e+00	8.39e-01	4.65e-02	3.84e-02
 9.50337e+16	9.27e-01	7.34e-02	9.73e-06	0.00e+00	0.00e+00	0.00e+00	0.00e+00	0.00e+00	0.00e+00	8.43e-01	4.60e-02	3.81e-02
 9.50893e+16	9.30e-01	7.03e-02	8.57e-06	0.00e+00	0.00e+00	0.00e+00	0.00e+00	0.00e+00	0.00e+00	8.46e-01	4.55e-02	3.77e-02
 9.51443e+16	9.33e-01	6.74e-02	7.56e-06	0.00e+00	0.00e+00	0.00e+00	0.00e+00	0.00e+00	0.00e+00	8.50e-01	4.50e-02	3.74e-02
 9.51981e+16	9.35e-01	6.47e-02	6.69e-06	0.00e+00	0.00e+00	0.00e+00	0.00e+00	0.00e+00	0.00e+00	8.54e-01	4.46e-02	3.70e-02
 9.52507e+16	9.38e-01	6.21e-02	5.92e-06	0.00e+00	0.00e+00	0.00e+00	0.00e+00	0.00e+00	0.00e+00	8.57e-01	4.41e-02	3.67e-02
 9.53035e+16	9.40e-01	5.96e-02	5.24e-06	0.00e+00	0.00e+00	0.00e+00	0.00e+00	0.00e+00	0.00e+00	8.60e-01	4.37e-02	3.64e-02
 9.53564e+16	9.43e-01	5.71e-02	4.63e-06	0.00e+00	0.00e+00	0.00e+00	0.00e+00	0.00e+00	0.00e+00	8.64e-01	4.32e-02	3.61e-02
 9.54081e+16	9.45e-01	5.48e-02	4.11e-06	0.00e+00	0.00e+00	0.00e+00	0.00e+00	0.00e+00	0.00e+00	8.67e-01	4.28e-02	3.58e-02
 9.54585e+16	9.47e-01	5.26e-02	3.65e-06	0.00e+00	0.00e+00	0.00e+00	0.00e+00	0.00e+00	0.00e+00	8.69e-01	4.24e-02	3.55e-02
 9.55088e+16	9.49e-01	5.06e-02	3.24e-06	0.00e+00	0.00e+00	0.00e+00	0.00e+00	0.00e+00	0.00e+00	8.72e-01	4.20e-02	3.52e-02
 9.55592e+16	9.51e-01	4.85e-02	2.88e-06	0.00e+00	0.00e+00	0.00e+00	0.00e+00	0.00e+00	0.00e+00	8.75e-01	4.16e-02	3.48e-02
 9.56085e+16	9.53e-01	4.65e-02	2.56e-06	0.00e+00	0.00e+00	0.00e+00	0.00e+00	0.00e+00	0.00e+00	8.78e-01	4.12e-02	3.45e-02
 9.56573e+16	9.55e-01	4.47e-02	2.28e-06	0.00e+00	0.00e+00	0.00e+00	0.00e+00	0.00e+00	0.00e+00	8.80e-01	4.09e-02	3.42e-02
 9.57062e+16	9.57e-01	4.29e-02	2.03e-06	0.00e+00	0.00e+00	0.00e+00	0.00e+00	0.00e+00	0.00e+00	8.83e-01	4.05e-02	3.39e-02
 9.57545e+16	9.59e-01	4.12e-02	1.81e-06	0.00e+00	0.00e+00	0.00e+00	0.00e+00	0.00e+00	0.00e+00	8.85e-01	4.02e-02	3.36e-02
 9.58020e+16	9.60e-01	3.96e-02	1.62e-06	0.00e+00	0.00e+00	0.00e+00	0.00e+00	0.00e+00	0.00e+00	8.87e-01	3.98e-02	3.33e-02
 9.58486e+16	9.62e-01	3.80e-02	1.45e-06	0.00e+00	0.00e+00	0.00e+00	0.00e+00	0.00e+00	0.00e+00	8.89e-01	3.95e-02	3.30e-02
 9.58951e+16	9.63e-01	3.66e-02	1.30e-06	0.00e+00	0.00e+00	0.00e+00	0.00e+00	0.00e+00	0.00e+00	8.91e-01	3.92e-02	3.28e-02
 9.59418e+16	9.65e-01	3.50e-02	1.16e-06	0.00e+00	0.00e+00	0.00e+00	0.00e+00	0.00e+00	0.00e+00	8.94e-01	3.89e-02	3.25e-02
 9.59883e+16	9.66e-01	3.36e-02	1.04e-06	0.00e+00	0.00e+00	0.00e+00	0.00e+00	0.00e+00	0.00e+00	8.96e-01	3.86e-02	3.22e-02
 9.60342e+16	9.68e-01	3.23e-02	9.27e-07	0.00e+00	0.00e+00	0.00e+00	0.00e+00	0.00e+00	0.00e+00	8.98e-01	3.83e-02	3.19e-02
 9.60789e+16	9.69e-01	3.10e-02	8.33e-07	0.00e+00	0.00e+00	0.00e+00	0.00e+00	0.00e+00	0.00e+00	8.99e-01	3.80e-02	3.17e-02
 9.61227e+16	9.70e-01	2.98e-02	7.50e-07	0.00e+00	0.00e+00	0.00e+00	0.00e+00	0.00e+00	0.00e+00	9.01e-01	3.77e-02	3.14e-02
 9.61667e+16	9.71e-01	2.86e-02	6.74e-07	0.00e+00	0.00e+00	0.00e+00	0.00e+00	0.00e+00	0.00e+00	9.03e-01	3.74e-02	3.12e-02
 9.62106e+16	9.73e-01	2.74e-02	6.06e-07	0.00e+00	0.00e+00	0.00e+00	0.00e+00	0.00e+00	0.00e+00	9.04e-01	3.72e-02	3.10e-02
 9.62538e+16	9.74e-01	2.63e-02	5.46e-07	0.00e+00	0.00e+00	0.00e+00	0.00e+00	0.00e+00	0.00e+00	9.06e-01	3.69e-02	3.07e-02
 9.62960e+16	9.75e-01	2.52e-02	4.93e-07	0.00e+00	0.00e+00	0.00e+00	0.00e+00	0.00e+00	0.00e+00	9.08e-01	3.66e-02	3.05e-02
 9.63363e+16	9.76e-01	2.43e-02	4.48e-07	0.00e+00	0.00e+00	0.00e+00	0.00e+00	0.00e+00	0.00e+00	9.09e-01	3.64e-02	3.03e-02
 9.63729e+16	9.77e-01	2.34e-02	4.11e-07	0.00e+00	0.00e+00	0.00e+00	0.00e+00	0.00e+00	0.00e+00	9.10e-01	3.62e-02	3.01e-02
 9.64059e+16	9.77e-01	2.27e-02	3.80e-07	0.00e+00	0.00e+00	0.00e+00	0.00e+00	0.00e+00	0.00e+00	9.11e-01	3.60e-02	2.99e-02
 9.64364e+16	9.78e-01	2.21e-02	3.54e-07	0.00e+00	0.00e+00	0.00e+00	0.00e+00	0.00e+00	0.00e+00	9.12e-01	3.59e-02	2.98e-02
 9.64647e+16	9.79e-01	2.15e-02	3.32e-07	0.00e+00	0.00e+00	0.00e+00	0.00e+00	0.00e+00	0.00e+00	9.13e-01	3.57e-02	2.96e-02
 9.64905e+16	9.79e-01	2.09e-02	3.12e-07	0.00e+00	0.00e+00	0.00e+00	0.00e+00	0.00e+00	0.00e+00	9.14e-01	3.56e-02	2.95e-02
 9.65145e+16	9.80e-01	2.04e-02	2.96e-07	0.00e+00	0.00e+00	0.00e+00	0.00e+00	0.00e+00	0.00e+00	9.15e-01	3.54e-02	2.94e-02
 9.65369e+16	9.80e-01	2.00e-02	2.81e-07	0.00e+00	0.00e+00	0.00e+00	0.00e+00	0.00e+00	0.00e+00	9.15e-01	3.53e-02	2.93e-02
 9.65575e+16	9.80e-01	1.96e-02	2.67e-07	0.00e+00	0.00e+00	0.00e+00	0.00e+00	0.00e+00	0.00e+00	9.16e-01	3.52e-02	2.91e-02
 9.65766e+16	9.81e-01	1.92e-02	2.56e-07	0.00e+00	0.00e+00	0.00e+00	0.00e+00	0.00e+00	0.00e+00	9.17e-01	3.51e-02	2.90e-02
 9.65944e+16	9.81e-01	1.88e-02	2.46e-07	0.00e+00	0.00e+00	0.00e+00	0.00e+00	0.00e+00	0.00e+00	9.17e-01	3.50e-02	2.89e-02
 9.66114e+16	9.82e-01	1.85e-02	2.36e-07	0.00e+00	0.00e+00	0.00e+00	0.00e+00	0.00e+00	0.00e+00	9.18e-01	3.48e-02	2.88e-02
 9.66275e+16	9.82e-01	1.81e-02	2.27e-07	0.00e+00	0.00e+00	0.00e+00	0.00e+00	0.00e+00	0.00e+00	9.18e-01	3.47e-02	2.87e-02
 9.66427e+16	9.82e-01	1.78e-02	2.19e-07	0.00e+00	0.00e+00	0.00e+00	0.00e+00	0.00e+00	0.00e+00	9.19e-01	3.46e-02	2.86e-02
 9.66570e+16	9.82e-01	1.75e-02	2.12e-07	0.00e+00	0.00e+00	0.00e+00	0.00e+00	0.00e+00	0.00e+00	9.19e-01	3.45e-02	2.86e-02
 9.66705e+16	9.83e-01	1.73e-02	2.05e-07	0.00e+00	0.00e+00	0.00e+00	0.00e+00	0.00e+00	0.00e+00	9.20e-01	3.44e-02	2.85e-02
 9.66833e+16	9.83e-01	1.70e-02	1.99e-07	0.00e+00	0.00e+00	0.00e+00	0.00e+00	0.00e+00	0.00e+00	9.20e-01	3.44e-02	2.84e-02
 9.66953e+16	9.83e-01	1.67e-02	1.94e-07	0.00e+00	0.00e+00	0.00e+00	0.00e+00	0.00e+00	0.00e+00	9.21e-01	3.43e-02	2.83e-02
 9.67068e+16	9.84e-01	1.65e-02	1.89e-07	0.00e+00	0.00e+00	0.00e+00	0.00e+00	0.00e+00	0.00e+00	9.21e-01	3.42e-02	2.82e-02
 9.67177e+16	9.84e-01	1.62e-02	1.84e-07	0.00e+00	0.00e+00	0.00e+00	0.00e+00	0.00e+00	0.00e+00	9.21e-01	3.41e-02	2.81e-02
 9.67282e+16	9.84e-01	1.60e-02	1.79e-07	0.00e+00	0.00e+00	0.00e+00	0.00e+00	0.00e+00	0.00e+00	9.22e-01	3.40e-02	2.81e-02
 9.67383e+16	9.84e-01	1.58e-02	1.75e-07	0.00e+00	0.00e+00	0.00e+00	0.00e+00	0.00e+00	0.00e+00	9.22e-01	3.39e-02	2.80e-02
 9.67480e+16	9.84e-01	1.56e-02	1.71e-07	0.00e+00	0.00e+00	0.00e+00	0.00e+00	0.00e+00	0.00e+00	9.23e-01	3.39e-02	2.79e-02
 9.67573e+16	9.85e-01	1.54e-02	1.67e-07	0.00e+00	0.00e+00	0.00e+00	0.00e+00	0.00e+00	0.00e+00	9.23e-01	3.38e-02	2.78e-02
 9.67664e+16	9.85e-01	1.52e-02	1.63e-07	0.00e+00	0.00e+00	0.00e+00	0.00e+00	0.00e+00	0.00e+00	9.23e-01	3.37e-02	2.78e-02
 9.67753e+16	9.85e-01	1.50e-02	1.60e-07	0.00e+00	0.00e+00	0.00e+00	0.00e+00	0.00e+00	0.00e+00	9.24e-01	3.36e-02	2.77e-02
 9.67840e+16	9.85e-01	1.48e-02	1.56e-07	0.00e+00	0.00e+00	0.00e+00	0.00e+00	0.00e+00	0.00e+00	9.24e-01	3.36e-02	2.76e-02
 9.67926e+16	9.85e-01	1.45e-02	1.53e-07	0.00e+00	0.00e+00	0.00e+00	0.00e+00	0.00e+00	0.00e+00	9.24e-01	3.35e-02	2.75e-02
 9.68010e+16	9.86e-01	1.43e-02	1.50e-07	0.00e+00	0.00e+00	0.00e+00	0.00e+00	0.00e+00	0.00e+00	9.25e-01	3.34e-02	2.75e-02
 9.68094e+16	9.86e-01	1.41e-02	1.47e-07	0.00e+00	0.00e+00	0.00e+00	0.00e+00	0.00e+00	0.00e+00	9.25e-01	3.33e-02	2.74e-02
 9.68182e+16	9.86e-01	1.39e-02	1.43e-07	0.00e+00	0.00e+00	0.00e+00	0.00e+00	0.00e+00	0.00e+00	9.26e-01	3.32e-02	2.73e-02
 9.68271e+16	9.86e-01	1.37e-02	1.40e-07	0.00e+00	0.00e+00	0.00e+00	0.00e+00	0.00e+00	0.00e+00	9.26e-01	3.31e-02	2.72e-02
 9.68363e+16	9.87e-01	1.34e-02	1.36e-07	0.00e+00	0.00e+00	0.00e+00	0.00e+00	0.00e+00	0.00e+00	9.26e-01	3.30e-02	2.71e-02
 9.68465e+16	9.87e-01	1.32e-02	1.33e-07	0.00e+00	0.00e+00	0.00e+00	0.00e+00	0.00e+00	0.00e+00	9.27e-01	3.29e-02	2.70e-02
 9.68574e+16	9.87e-01	1.28e-02	1.29e-07	0.00e+00	0.00e+00	0.00e+00	0.00e+00	0.00e+00	0.00e+00	9.28e-01	3.27e-02	2.68e-02
 9.68682e+16	9.87e-01	1.25e-02	1.25e-07	0.00e+00	0.00e+00	0.00e+00	0.00e+00	0.00e+00	0.00e+00	9.28e-01	3.26e-02	2.67e-02
 9.68781e+16	9.88e-01	1.22e-02	1.21e-07	0.00e+00	0.00e+00	0.00e+00	0.00e+00	0.00e+00	0.00e+00	9.29e-01	3.25e-02	2.66e-02
 9.68872e+16	9.88e-01	1.20e-02	1.18e-07	0.00e+00	0.00e+00	0.00e+00	0.00e+00	0.00e+00	0.00e+00	9.29e-01	3.23e-02	2.64e-02
 9.68958e+16	9.88e-01	1.17e-02	1.15e-07	0.00e+00	0.00e+00	0.00e+00	0.00e+00	0.00e+00	0.00e+00	9.30e-01	3.22e-02	2.63e-02
 9.69036e+16	9.88e-01	1.15e-02	1.12e-07	0.00e+00	0.00e+00	0.00e+00	0.00e+00	0.00e+00	0.00e+00	9.30e-01	3.21e-02	2.62e-02
 9.69107e+16	9.89e-01	1.13e-02	1.10e-07	0.00e+00	0.00e+00	0.00e+00	0.00e+00	0.00e+00	0.00e+00	9.31e-01	3.20e-02	2.61e-02
 9.69172e+16	9.89e-01	1.11e-02	1.08e-07	0.00e+00	0.00e+00	0.00e+00	0.00e+00	0.00e+00	0.00e+00	9.31e-01	3.19e-02	2.60e-02
 9.69231e+16	9.89e-01	1.10e-02	1.06e-07	0.00e+00	0.00e+00	0.00e+00	0.00e+00	0.00e+00	0.00e+00	9.31e-01	3.18e-02	2.59e-02
 9.69284e+16	9.89e-01	1.08e-02	1.04e-07	0.00e+00	0.00e+00	0.00e+00	0.00e+00	0.00e+00	0.00e+00	9.32e-01	3.17e-02	2.58e-02
 9.69333e+16	9.89e-01	1.07e-02	1.02e-07	0.00e+00	0.00e+00	0.00e+00	0.00e+00	0.00e+00	0.00e+00	9.32e-01	3.16e-02	2.57e-02
 9.69387e+16	9.89e-01	1.05e-02	1.00e-07	0.00e+00	0.00e+00	0.00e+00	0.00e+00	0.00e+00	0.00e+00	9.32e-01	3.15e-02	2.56e-02
 9.69444e+16	9.90e-01	1.04e-02	9.83e-08	0.00e+00	0.00e+00	0.00e+00	0.00e+00	0.00e+00	0.00e+00	9.33e-01	3.14e-02	2.56e-02
 9.69497e+16	9.90e-01	1.02e-02	9.66e-08	0.00e+00	0.00e+00	0.00e+00	0.00e+00	0.00e+00	0.00e+00	9.33e-01	3.13e-02	2.55e-02
 9.69554e+16	9.90e-01	1.01e-02	9.46e-08	0.00e+00	0.00e+00	0.00e+00	0.00e+00	0.00e+00	0.00e+00	9.33e-01	3.12e-02	2.54e-02
 9.69617e+16	9.90e-01	9.93e-03	9.26e-08	0.00e+00	0.00e+00	0.00e+00	0.00e+00	0.00e+00	0.00e+00	9.34e-01	3.11e-02	2.53e-02
 9.69673e+16	9.90e-01	9.78e-03	9.07e-08	0.00e+00	0.00e+00	0.00e+00	0.00e+00	0.00e+00	0.00e+00	9.34e-01	3.09e-02	2.52e-02
 9.69725e+16	9.90e-01	9.64e-03	8.91e-08	0.00e+00	0.00e+00	0.00e+00	0.00e+00	0.00e+00	0.00e+00	9.34e-01	3.08e-02	2.51e-02
 9.69771e+16	9.90e-01	9.53e-03	8.76e-08	0.00e+00	0.00e+00	0.00e+00	0.00e+00	0.00e+00	0.00e+00	9.35e-01	3.07e-02	2.50e-02
 9.69823e+16	9.91e-01	9.40e-03	8.59e-08	0.00e+00	0.00e+00	0.00e+00	0.00e+00	0.00e+00	0.00e+00	9.35e-01	3.06e-02	2.49e-02
 9.69878e+16	9.91e-01	9.26e-03	8.41e-08	0.00e+00	0.00e+00	0.00e+00	0.00e+00	0.00e+00	0.00e+00	9.35e-01	3.05e-02	2.48e-02
 9.69928e+16	9.91e-01	9.16e-03	8.27e-08	0.00e+00	0.00e+00	0.00e+00	0.00e+00	0.00e+00	0.00e+00	9.36e-01	3.04e-02	2.47e-02
 9.69984e+16	9.91e-01	9.05e-03	8.11e-08	0.00e+00	0.00e+00	0.00e+00	0.00e+00	0.00e+00	0.00e+00	9.36e-01	3.04e-02	2.47e-02
 9.70055e+16	9.91e-01	8.90e-03	7.90e-08	0.00e+00	0.00e+00	0.00e+00	0.00e+00	0.00e+00	0.00e+00	9.36e-01	3.03e-02	2.46e-02
 9.70133e+16	9.91e-01	8.75e-03	7.68e-08	0.00e+00	0.00e+00	0.00e+00	0.00e+00	0.00e+00	0.00e+00	9.37e-01	3.01e-02	2.45e-02
 9.70203e+16	9.91e-01	8.61e-03	7.49e-08	0.00e+00	0.00e+00	0.00e+00	0.00e+00	0.00e+00	0.00e+00	9.37e-01	3.00e-02	2.44e-02
 9.70268e+16	9.92e-01	8.49e-03	7.32e-08	0.00e+00	0.00e+00	0.00e+00	0.00e+00	0.00e+00	0.00e+00	9.37e-01	2.99e-02	2.43e-02
 9.70338e+16	9.92e-01	8.36e-03	7.13e-08	0.00e+00	0.00e+00	0.00e+00	0.00e+00	0.00e+00	0.00e+00	9.38e-01	2.98e-02	2.42e-02
 9.70414e+16	9.92e-01	8.21e-03	6.93e-08	0.00e+00	0.00e+00	0.00e+00	0.00e+00	0.00e+00	0.00e+00	9.38e-01	2.97e-02	2.41e-02
 9.70483e+16	9.92e-01	8.09e-03	6.75e-08	0.00e+00	0.00e+00	0.00e+00	0.00e+00	0.00e+00	0.00e+00	9.38e-01	2.96e-02	2.40e-02
 9.70546e+16	9.92e-01	7.97e-03	6.59e-08	0.00e+00	0.00e+00	0.00e+00	0.00e+00	0.00e+00	0.00e+00	9.39e-01	2.95e-02	2.39e-02
 9.70615e+16	9.92e-01	7.85e-03	6.42e-08	0.00e+00	0.00e+00	0.00e+00	0.00e+00	0.00e+00	0.00e+00	9.39e-01	2.94e-02	2.38e-02
 9.70689e+16	9.92e-01	7.71e-03	6.23e-08	0.00e+00	0.00e+00	0.00e+00	0.00e+00	0.00e+00	0.00e+00	9.39e-01	2.93e-02	2.36e-02
 9.70757e+16	9.92e-01	7.59e-03	6.07e-08	0.00e+00	0.00e+00	0.00e+00	0.00e+00	0.00e+00	0.00e+00	9.40e-01	2.92e-02	2.35e-02
 9.70818e+16	9.93e-01	7.48e-03	5.92e-08	0.00e+00	0.00e+00	0.00e+00	0.00e+00	0.00e+00	0.00e+00	9.40e-01	2.91e-02	2.34e-02
 9.70886e+16	9.93e-01	7.36e-03	5.75e-08	0.00e+00	0.00e+00	0.00e+00	0.00e+00	0.00e+00	0.00e+00	9.40e-01	2.90e-02	2.33e-02
 9.70959e+16	9.93e-01	7.21e-03	5.55e-08	0.00e+00	0.00e+00	0.00e+00	0.00e+00	0.00e+00	0.00e+00	9.41e-01	2.88e-02	2.32e-02
 9.71025e+16	9.93e-01	7.04e-03	5.36e-08	0.00e+00	0.00e+00	0.00e+00	0.00e+00	0.00e+00	0.00e+00	9.41e-01	2.87e-02	2.30e-02
