#depth	He	He+	He+2
 3.26072e+12	6.79e-05	1.29e-01	8.71e-01
 1.95643e+13	6.79e-05	1.29e-01	8.71e-01
 8.47786e+13	6.83e-05	1.30e-01	8.70e-01
 3.45636e+14	6.97e-05	1.32e-01	8.68e-01
 8.25613e+14	7.08e-05	1.33e-01	8.67e-01
 1.44958e+15	7.34e-05	1.36e-01	8.64e-01
 2.26075e+15	7.81e-05	1.42e-01	8.58e-01
 3.31526e+15	8.58e-05	1.52e-01	8.48e-01
 4.68612e+15	9.87e-05	1.69e-01	8.31e-01
 6.46824e+15	1.22e-04	1.99e-01	8.01e-01
 8.19299e+15	1.51e-04	2.37e-01	7.63e-01
 9.45592e+15	1.82e-04	2.77e-01	7.23e-01
 1.05043e+16	2.15e-04	3.19e-01	6.81e-01
 1.14243e+16	2.51e-04	3.64e-01	6.36e-01
 1.22121e+16	2.87e-04	4.09e-01	5.91e-01
 1.30650e+16	3.35e-04	4.65e-01	5.34e-01
 1.39840e+16	3.93e-04	5.33e-01	4.66e-01
 1.48000e+16	4.49e-04	5.98e-01	4.01e-01
 1.56721e+16	5.15e-04	6.70e-01	3.29e-01
 1.68057e+16	5.99e-04	7.57e-01	2.42e-01
 1.80392e+16	6.85e-04	8.38e-01	1.62e-01
 1.94024e+16	7.64e-04	9.01e-01	9.80e-02
 2.11747e+16	8.45e-04	9.50e-01	4.95e-02
 2.32852e+16	9.18e-04	9.77e-01	2.22e-02
 2.56137e+16	9.87e-04	9.89e-01	9.62e-03
 2.81751e+16	1.06e-03	9.95e-01	4.10e-03
 3.09926e+16	1.14e-03	9.97e-01	1.72e-03
 3.40918e+16	1.23e-03	9.98e-01	7.12e-04
 3.75010e+16	1.35e-03	9.98e-01	2.91e-04
 4.10283e+16	1.48e-03	9.98e-01	1.25e-04
 4.34498e+16	1.58e-03	9.98e-01	7.64e-05
 4.45307e+16	1.63e-03	9.98e-01	6.18e-05
 4.54530e+16	1.67e-03	9.98e-01	5.08e-05
 4.66518e+16	1.73e-03	9.98e-01	3.97e-05
 4.82104e+16	1.81e-03	9.98e-01	2.92e-05
 4.98606e+16	1.90e-03	9.98e-01	2.17e-05
 5.12531e+16	1.99e-03	9.98e-01	1.71e-05
 5.24730e+16	2.06e-03	9.98e-01	1.40e-05
 5.38453e+16	2.16e-03	9.98e-01	1.11e-05
 5.53394e+16	2.27e-03	9.98e-01	8.78e-06
 5.66566e+16	2.38e-03	9.98e-01	7.23e-06
 5.78163e+16	2.48e-03	9.98e-01	6.11e-06
 5.91065e+16	2.60e-03	9.97e-01	5.05e-06
 6.05112e+16	2.75e-03	9.97e-01	4.17e-06
 6.17473e+16	2.89e-03	9.97e-01	3.54e-06
 6.28317e+16	3.02e-03	9.97e-01	3.08e-06
 6.40362e+16	3.18e-03	9.97e-01	2.63e-06
 6.53532e+16	3.38e-03	9.97e-01	2.23e-06
 6.65161e+16	3.57e-03	9.96e-01	1.95e-06
 6.75344e+16	3.75e-03	9.96e-01	1.73e-06
 6.86653e+16	3.98e-03	9.96e-01	1.50e-06
 6.98955e+16	4.25e-03	9.96e-01	1.31e-06
 7.09863e+16	4.53e-03	9.95e-01	1.16e-06
 7.19438e+16	4.80e-03	9.95e-01	1.05e-06
 7.29962e+16	5.14e-03	9.95e-01	9.29e-07
 7.41235e+16	5.55e-03	9.94e-01	8.24e-07
 7.50766e+16	5.95e-03	9.94e-01	7.47e-07
 7.58783e+16	6.33e-03	9.94e-01	6.88e-07
 7.67545e+16	6.80e-03	9.93e-01	6.26e-07
 7.77100e+16	7.39e-03	9.93e-01	5.68e-07
 7.85400e+16	7.97e-03	9.92e-01	5.23e-07
 7.92416e+16	8.54e-03	9.91e-01	4.88e-07
 8.00049e+16	9.26e-03	9.91e-01	4.50e-07
 8.08333e+16	1.02e-02	9.90e-01	4.15e-07
 8.15475e+16	1.11e-02	9.89e-01	3.87e-07
 8.21511e+16	1.20e-02	9.88e-01	3.65e-07
 8.28101e+16	1.31e-02	9.87e-01	3.41e-07
 8.35333e+16	1.46e-02	9.85e-01	3.18e-07
 8.41722e+16	1.61e-02	9.84e-01	3.00e-07
 8.46732e+16	1.76e-02	9.82e-01	2.86e-07
 8.50756e+16	1.89e-02	9.81e-01	2.75e-07
 8.55115e+16	2.06e-02	9.79e-01	2.64e-07
 8.59910e+16	2.28e-02	9.77e-01	2.52e-07
 8.64074e+16	2.49e-02	9.75e-01	2.43e-07
 8.67495e+16	2.70e-02	9.73e-01	2.35e-07
 8.71150e+16	2.94e-02	9.71e-01	2.27e-07
 8.75133e+16	3.26e-02	9.67e-01	2.20e-07
 8.78563e+16	3.57e-02	9.64e-01	2.14e-07
 8.81407e+16	3.88e-02	9.61e-01	2.09e-07
 8.84471e+16	4.25e-02	9.57e-01	2.04e-07
 8.87852e+16	4.72e-02	9.53e-01	1.98e-07
 8.90818e+16	5.22e-02	9.48e-01	1.94e-07
 8.93284e+16	5.67e-02	9.43e-01	1.92e-07
 8.95926e+16	6.25e-02	9.38e-01	1.88e-07
 8.98866e+16	6.97e-02	9.30e-01	1.85e-07
 9.01508e+16	7.73e-02	9.23e-01	1.83e-07
 9.03778e+16	8.47e-02	9.15e-01	1.82e-07
 9.06179e+16	9.39e-02	9.06e-01	1.80e-07
 9.08815e+16	1.05e-01	8.95e-01	1.79e-07
 9.11206e+16	1.17e-01	8.83e-01	1.79e-07
 9.13182e+16	1.28e-01	8.72e-01	1.79e-07
 9.14915e+16	1.39e-01	8.61e-01	1.79e-07
 9.16609e+16	1.51e-01	8.49e-01	1.80e-07
 9.18250e+16	1.63e-01	8.37e-01	1.80e-07
 9.19775e+16	1.76e-01	8.24e-01	1.81e-07
 9.20955e+16	1.86e-01	8.14e-01	1.82e-07
 9.21732e+16	1.93e-01	8.07e-01	1.82e-07
 9.22490e+16	2.01e-01	7.99e-01	1.82e-07
 9.23417e+16	2.11e-01	7.89e-01	1.82e-07
 9.24382e+16	2.21e-01	7.79e-01	1.83e-07
 9.25234e+16	2.31e-01	7.69e-01	1.84e-07
 9.26020e+16	2.40e-01	7.60e-01	1.84e-07
 9.26825e+16	2.50e-01	7.50e-01	1.85e-07
 9.27662e+16	2.61e-01	7.39e-01	1.85e-07
 9.28484e+16	2.72e-01	7.28e-01	1.86e-07
 9.29271e+16	2.83e-01	7.17e-01	1.87e-07
 9.30050e+16	2.94e-01	7.06e-01	1.88e-07
 9.30829e+16	3.06e-01	6.94e-01	1.88e-07
 9.31598e+16	3.17e-01	6.83e-01	1.89e-07
 9.32364e+16	3.30e-01	6.70e-01	1.90e-07
 9.33130e+16	3.42e-01	6.58e-01	1.90e-07
 9.33875e+16	3.55e-01	6.45e-01	1.91e-07
 9.34607e+16	3.68e-01	6.32e-01	1.92e-07
 9.35351e+16	3.81e-01	6.19e-01	1.92e-07
 9.36090e+16	3.94e-01	6.06e-01	1.93e-07
 9.36816e+16	4.08e-01	5.92e-01	1.93e-07
 9.37529e+16	4.22e-01	5.78e-01	1.94e-07
 9.38244e+16	4.36e-01	5.64e-01	1.94e-07
 9.38969e+16	4.51e-01	5.49e-01	1.94e-07
 9.39668e+16	4.64e-01	5.36e-01	1.94e-07
 9.40351e+16	4.79e-01	5.21e-01	1.94e-07
 9.41042e+16	4.93e-01	5.07e-01	1.94e-07
 9.41733e+16	5.08e-01	4.92e-01	1.94e-07
 9.42413e+16	5.22e-01	4.78e-01	1.94e-07
 9.43080e+16	5.37e-01	4.63e-01	1.93e-07
 9.43738e+16	5.51e-01	4.49e-01	1.93e-07
 9.44383e+16	5.65e-01	4.35e-01	1.93e-07
 9.45015e+16	5.79e-01	4.21e-01	1.92e-07
 9.45643e+16	5.93e-01	4.07e-01	1.91e-07
 9.46265e+16	6.06e-01	3.94e-01	1.91e-07
 9.46873e+16	6.19e-01	3.81e-01	1.90e-07
 9.47466e+16	6.32e-01	3.68e-01	1.89e-07
 9.48055e+16	6.45e-01	3.55e-01	1.88e-07
 9.48644e+16	6.57e-01	3.43e-01	1.87e-07
 9.49218e+16	6.69e-01	3.31e-01	1.85e-07
 9.49780e+16	6.81e-01	3.19e-01	1.84e-07
 9.50337e+16	6.92e-01	3.08e-01	1.83e-07
 9.50893e+16	7.04e-01	2.96e-01	1.81e-07
 9.51443e+16	7.15e-01	2.85e-01	1.80e-07
 9.51981e+16	7.25e-01	2.75e-01	1.79e-07
 9.52507e+16	7.36e-01	2.64e-01	1.77e-07
 9.53035e+16	7.46e-01	2.54e-01	1.75e-07
 9.53564e+16	7.55e-01	2.45e-01	1.74e-07
 9.54081e+16	7.65e-01	2.35e-01	1.72e-07
 9.54585e+16	7.74e-01	2.26e-01	1.70e-07
 9.55088e+16	7.83e-01	2.17e-01	1.68e-07
 9.55592e+16	7.91e-01	2.09e-01	1.67e-07
 9.56085e+16	7.99e-01	2.01e-01	1.65e-07
 9.56573e+16	8.07e-01	1.93e-01	1.63e-07
 9.57062e+16	8.15e-01	1.85e-01	1.61e-07
 9.57545e+16	8.22e-01	1.78e-01	1.59e-07
 9.58020e+16	8.29e-01	1.71e-01	1.57e-07
 9.58486e+16	8.36e-01	1.64e-01	1.55e-07
 9.58951e+16	8.43e-01	1.57e-01	1.53e-07
 9.59418e+16	8.49e-01	1.51e-01	1.50e-07
 9.59883e+16	8.55e-01	1.45e-01	1.48e-07
 9.60342e+16	8.61e-01	1.39e-01	1.46e-07
 9.60789e+16	8.67e-01	1.33e-01	1.44e-07
 9.61227e+16	8.72e-01	1.28e-01	1.41e-07
 9.61667e+16	8.77e-01	1.23e-01	1.39e-07
 9.62106e+16	8.82e-01	1.18e-01	1.37e-07
 9.62538e+16	8.87e-01	1.13e-01	1.34e-07
 9.62960e+16	8.92e-01	1.08e-01	1.32e-07
 9.63363e+16	8.96e-01	1.04e-01	1.30e-07
 9.63729e+16	8.99e-01	1.01e-01	1.27e-07
 9.64059e+16	9.03e-01	9.73e-02	1.25e-07
 9.64364e+16	9.06e-01	9.42e-02	1.23e-07
 9.64647e+16	9.09e-01	9.15e-02	1.21e-07
 9.64905e+16	9.11e-01	8.90e-02	1.19e-07
 9.65145e+16	9.13e-01	8.68e-02	1.17e-07
 9.65369e+16	9.15e-01	8.47e-02	1.16e-07
 9.65575e+16	9.17e-01	8.28e-02	1.14e-07
 9.65766e+16	9.19e-01	8.11e-02	1.12e-07
 9.65944e+16	9.20e-01	7.95e-02	1.11e-07
 9.66114e+16	9.22e-01	7.81e-02	1.09e-07
 9.66275e+16	9.23e-01	7.67e-02	1.08e-07
 9.66427e+16	9.25e-01	7.54e-02	1.07e-07
 9.66570e+16	9.26e-01	7.42e-02	1.06e-07
 9.66705e+16	9.27e-01	7.31e-02	1.04e-07
 9.66833e+16	9.28e-01	7.20e-02	1.03e-07
 9.66953e+16	9.29e-01	7.10e-02	1.02e-07
 9.67068e+16	9.30e-01	7.01e-02	1.01e-07
 9.67177e+16	9.31e-01	6.92e-02	1.00e-07
 9.67282e+16	9.32e-01	6.83e-02	9.92e-08
 9.67383e+16	9.32e-01	6.75e-02	9.83e-08
 9.67480e+16	9.33e-01	6.67e-02	9.73e-08
 9.67573e+16	9.34e-01	6.60e-02	9.64e-08
 9.67664e+16	9.35e-01	6.53e-02	9.55e-08
 9.67753e+16	9.35e-01	6.46e-02	9.45e-08
 9.67840e+16	9.36e-01	6.39e-02	9.36e-08
 9.67926e+16	9.37e-01	6.32e-02	9.27e-08
 9.68010e+16	9.37e-01	6.25e-02	9.18e-08
 9.68094e+16	9.38e-01	6.19e-02	9.08e-08
 9.68182e+16	9.39e-01	6.11e-02	8.97e-08
 9.68271e+16	9.40e-01	6.04e-02	8.87e-08
 9.68363e+16	9.40e-01	5.97e-02	8.76e-08
 9.68465e+16	9.41e-01	5.89e-02	8.63e-08
 9.68574e+16	9.42e-01	5.80e-02	8.50e-08
 9.68682e+16	9.43e-01	5.72e-02	8.36e-08
 9.68781e+16	9.44e-01	5.63e-02	8.21e-08
 9.68872e+16	9.44e-01	5.57e-02	8.11e-08
 9.68958e+16	9.45e-01	5.49e-02	7.98e-08
 9.69036e+16	9.46e-01	5.43e-02	7.87e-08
 9.69107e+16	9.46e-01	5.37e-02	7.77e-08
 9.69172e+16	9.47e-01	5.32e-02	7.69e-08
 9.69231e+16	9.47e-01	5.27e-02	7.60e-08
 9.69284e+16	9.48e-01	5.22e-02	7.51e-08
 9.69333e+16	9.48e-01	5.18e-02	7.43e-08
 9.69387e+16	9.49e-01	5.14e-02	7.35e-08
 9.69444e+16	9.49e-01	5.09e-02	7.27e-08
 9.69497e+16	9.50e-01	5.05e-02	7.19e-08
 9.69554e+16	9.50e-01	5.00e-02	7.11e-08
 9.69617e+16	9.51e-01	4.95e-02	7.02e-08
 9.69673e+16	9.51e-01	4.90e-02	6.94e-08
 9.69725e+16	9.51e-01	4.86e-02	6.86e-08
 9.69771e+16	9.52e-01	4.82e-02	6.79e-08
 9.69823e+16	9.52e-01	4.78e-02	6.72e-08
 9.69878e+16	9.53e-01	4.73e-02	6.64e-08
 9.69928e+16	9.53e-01	4.69e-02	6.59e-08
 9.69984e+16	9.53e-01	4.65e-02	6.52e-08
 9.70055e+16	9.54e-01	4.60e-02	6.44e-08
 9.70133e+16	9.55e-01	4.54e-02	6.36e-08
 9.70203e+16	9.55e-01	4.50e-02	6.29e-08
 9.70268e+16	9.55e-01	4.45e-02	6.22e-08
 9.70338e+16	9.56e-01	4.40e-02	6.14e-08
 9.70414e+16	9.57e-01	4.35e-02	6.07e-08
 9.70483e+16	9.57e-01	4.30e-02	6.00e-08
 9.70546e+16	9.57e-01	4.26e-02	5.93e-08
 9.70615e+16	9.58e-01	4.21e-02	5.86e-08
 9.70689e+16	9.58e-01	4.16e-02	5.79e-08
 9.70757e+16	9.59e-01	4.12e-02	5.72e-08
 9.70818e+16	9.59e-01	4.08e-02	5.67e-08
 9.70886e+16	9.60e-01	4.03e-02	5.60e-08
 9.70959e+16	9.60e-01	3.98e-02	5.52e-08
 9.71025e+16	9.61e-01	3.94e-02	5.46e-08
