#depth	O	O+	O+2	O+3	O+4	O+5	O+6	O+7	O+8	O[1]	O[2]	O[3]
 2.59279e+11	3.73e-05	4.66e-02	9.53e-01	1.95e-04	0.00e+00	0.00e+00	0.00e+00	0.00e+00	0.00e+00	2.48e-05	8.73e-06	3.79e-06
 1.55568e+12	3.73e-05	4.66e-02	9.53e-01	1.94e-04	0.00e+00	0.00e+00	0.00e+00	0.00e+00	0.00e+00	2.47e-05	8.73e-06	3.79e-06
 6.74126e+12	3.72e-05	4.66e-02	9.53e-01	1.91e-04	0.00e+00	0.00e+00	0.00e+00	0.00e+00	0.00e+00	2.47e-05	8.73e-06	3.79e-06
 2.74836e+13	3.74e-05	4.67e-02	9.53e-01	1.80e-04	0.00e+00	0.00e+00	0.00e+00	0.00e+00	0.00e+00	2.48e-05	8.78e-06	3.81e-06
 6.56495e+13	3.73e-05	4.68e-02	9.53e-01	1.65e-04	0.00e+00	0.00e+00	0.00e+00	0.00e+00	0.00e+00	2.47e-05	8.76e-06	3.81e-06
 1.15265e+14	3.73e-05	4.69e-02	9.53e-01	1.46e-04	0.00e+00	0.00e+00	0.00e+00	0.00e+00	0.00e+00	2.47e-05	8.77e-06	3.81e-06
 1.79766e+14	3.74e-05	4.71e-02	9.53e-01	1.25e-04	0.00e+00	0.00e+00	0.00e+00	0.00e+00	0.00e+00	2.48e-05	8.79e-06	3.82e-06
 2.63616e+14	3.75e-05	4.74e-02	9.52e-01	1.02e-04	0.00e+00	0.00e+00	0.00e+00	0.00e+00	0.00e+00	2.49e-05	8.82e-06	3.84e-06
 3.72622e+14	3.78e-05	4.78e-02	9.52e-01	7.77e-05	0.00e+00	0.00e+00	0.00e+00	0.00e+00	0.00e+00	2.50e-05	8.89e-06	3.87e-06
 5.14329e+14	3.82e-05	4.83e-02	9.52e-01	5.45e-05	0.00e+00	0.00e+00	0.00e+00	0.00e+00	0.00e+00	2.53e-05	8.99e-06	3.91e-06
 6.98549e+14	3.89e-05	4.89e-02	9.51e-01	3.43e-05	0.00e+00	0.00e+00	0.00e+00	0.00e+00	0.00e+00	2.58e-05	9.14e-06	3.98e-06
 9.38034e+14	3.99e-05	4.98e-02	9.50e-01	1.89e-05	0.00e+00	0.00e+00	0.00e+00	0.00e+00	0.00e+00	2.65e-05	9.37e-06	4.08e-06
 1.24936e+15	4.14e-05	5.09e-02	9.49e-01	8.80e-06	0.00e+00	0.00e+00	0.00e+00	0.00e+00	0.00e+00	2.74e-05	9.70e-06	4.23e-06
 1.65410e+15	4.35e-05	5.24e-02	9.48e-01	3.35e-06	0.00e+00	0.00e+00	0.00e+00	0.00e+00	0.00e+00	2.88e-05	1.02e-05	4.44e-06
 2.18024e+15	4.66e-05	5.44e-02	9.46e-01	1.03e-06	0.00e+00	0.00e+00	0.00e+00	0.00e+00	0.00e+00	3.09e-05	1.09e-05	4.76e-06
 2.86424e+15	5.14e-05	5.72e-02	9.43e-01	2.67e-07	0.00e+00	0.00e+00	0.00e+00	0.00e+00	0.00e+00	3.41e-05	1.20e-05	5.24e-06
 3.75343e+15	5.86e-05	6.11e-02	9.39e-01	0.00e+00	0.00e+00	0.00e+00	0.00e+00	0.00e+00	0.00e+00	3.89e-05	1.37e-05	5.99e-06
 4.83399e+15	6.91e-05	6.61e-02	9.34e-01	0.00e+00	0.00e+00	0.00e+00	0.00e+00	0.00e+00	0.00e+00	4.59e-05	1.62e-05	7.06e-06
 5.96831e+15	8.26e-05	7.18e-02	9.28e-01	0.00e+00	0.00e+00	0.00e+00	0.00e+00	0.00e+00	0.00e+00	5.48e-05	1.93e-05	8.44e-06
 7.00755e+15	9.83e-05	7.75e-02	9.22e-01	0.00e+00	0.00e+00	0.00e+00	0.00e+00	0.00e+00	0.00e+00	6.52e-05	2.30e-05	1.01e-05
 7.86498e+15	1.15e-04	8.28e-02	9.17e-01	0.00e+00	0.00e+00	0.00e+00	0.00e+00	0.00e+00	0.00e+00	7.59e-05	2.69e-05	1.17e-05
 8.65148e+15	1.34e-04	8.84e-02	9.11e-01	0.00e+00	0.00e+00	0.00e+00	0.00e+00	0.00e+00	0.00e+00	8.86e-05	3.14e-05	1.37e-05
 9.46514e+15	1.58e-04	9.48e-02	9.05e-01	0.00e+00	0.00e+00	0.00e+00	0.00e+00	0.00e+00	0.00e+00	1.05e-04	3.72e-05	1.62e-05
 1.02270e+16	1.87e-04	1.01e-01	8.98e-01	0.00e+00	0.00e+00	0.00e+00	0.00e+00	0.00e+00	0.00e+00	1.23e-04	4.39e-05	1.92e-05
 1.09136e+16	2.19e-04	1.08e-01	8.92e-01	0.00e+00	0.00e+00	0.00e+00	0.00e+00	0.00e+00	0.00e+00	1.44e-04	5.15e-05	2.25e-05
 1.15504e+16	2.55e-04	1.15e-01	8.84e-01	0.00e+00	0.00e+00	0.00e+00	0.00e+00	0.00e+00	0.00e+00	1.69e-04	6.03e-05	2.63e-05
 1.21620e+16	2.99e-04	1.23e-01	8.77e-01	0.00e+00	0.00e+00	0.00e+00	0.00e+00	0.00e+00	0.00e+00	1.97e-04	7.07e-05	3.08e-05
 1.27533e+16	3.51e-04	1.31e-01	8.68e-01	0.00e+00	0.00e+00	0.00e+00	0.00e+00	0.00e+00	0.00e+00	2.31e-04	8.32e-05	3.62e-05
 1.33174e+16	4.13e-04	1.41e-01	8.59e-01	0.00e+00	0.00e+00	0.00e+00	0.00e+00	0.00e+00	0.00e+00	2.72e-04	9.81e-05	4.27e-05
 1.38503e+16	4.86e-04	1.50e-01	8.49e-01	0.00e+00	0.00e+00	0.00e+00	0.00e+00	0.00e+00	0.00e+00	3.20e-04	1.16e-04	5.02e-05
 1.43561e+16	5.72e-04	1.61e-01	8.38e-01	0.00e+00	0.00e+00	0.00e+00	0.00e+00	0.00e+00	0.00e+00	3.77e-04	1.36e-04	5.90e-05
 1.48408e+16	6.75e-04	1.73e-01	8.27e-01	0.00e+00	0.00e+00	0.00e+00	0.00e+00	0.00e+00	0.00e+00	4.44e-04	1.61e-04	6.97e-05
 1.53065e+16	7.99e-04	1.85e-01	8.14e-01	0.00e+00	0.00e+00	0.00e+00	0.00e+00	0.00e+00	0.00e+00	5.26e-04	1.91e-04	8.24e-05
 1.57531e+16	9.50e-04	2.00e-01	7.99e-01	0.00e+00	0.00e+00	0.00e+00	0.00e+00	0.00e+00	0.00e+00	6.24e-04	2.27e-04	9.79e-05
 1.61795e+16	1.13e-03	2.15e-01	7.84e-01	0.00e+00	0.00e+00	0.00e+00	0.00e+00	0.00e+00	0.00e+00	7.42e-04	2.71e-04	1.16e-04
 1.65875e+16	1.35e-03	2.32e-01	7.67e-01	0.00e+00	0.00e+00	0.00e+00	0.00e+00	0.00e+00	0.00e+00	8.84e-04	3.23e-04	1.39e-04
 1.69798e+16	1.61e-03	2.51e-01	7.48e-01	0.00e+00	0.00e+00	0.00e+00	0.00e+00	0.00e+00	0.00e+00	1.06e-03	3.88e-04	1.66e-04
 1.73562e+16	1.94e-03	2.71e-01	7.27e-01	0.00e+00	0.00e+00	0.00e+00	0.00e+00	0.00e+00	0.00e+00	1.27e-03	4.67e-04	1.99e-04
 1.77160e+16	2.33e-03	2.94e-01	7.04e-01	0.00e+00	0.00e+00	0.00e+00	0.00e+00	0.00e+00	0.00e+00	1.53e-03	5.63e-04	2.40e-04
 1.80597e+16	2.82e-03	3.19e-01	6.78e-01	0.00e+00	0.00e+00	0.00e+00	0.00e+00	0.00e+00	0.00e+00	1.85e-03	6.81e-04	2.89e-04
 1.83886e+16	3.41e-03	3.46e-01	6.51e-01	0.00e+00	0.00e+00	0.00e+00	0.00e+00	0.00e+00	0.00e+00	2.23e-03	8.27e-04	3.50e-04
 1.87017e+16	4.15e-03	3.75e-01	6.20e-01	0.00e+00	0.00e+00	0.00e+00	0.00e+00	0.00e+00	0.00e+00	2.71e-03	1.01e-03	4.25e-04
 1.89952e+16	5.03e-03	4.07e-01	5.88e-01	0.00e+00	0.00e+00	0.00e+00	0.00e+00	0.00e+00	0.00e+00	3.29e-03	1.22e-03	5.15e-04
 1.92694e+16	6.09e-03	4.39e-01	5.55e-01	0.00e+00	0.00e+00	0.00e+00	0.00e+00	0.00e+00	0.00e+00	3.98e-03	1.48e-03	6.24e-04
 1.95280e+16	7.37e-03	4.73e-01	5.19e-01	0.00e+00	0.00e+00	0.00e+00	0.00e+00	0.00e+00	0.00e+00	4.82e-03	1.79e-03	7.55e-04
 1.97735e+16	8.93e-03	5.09e-01	4.82e-01	0.00e+00	0.00e+00	0.00e+00	0.00e+00	0.00e+00	0.00e+00	5.84e-03	2.17e-03	9.13e-04
 2.00069e+16	1.08e-02	5.46e-01	4.44e-01	0.00e+00	0.00e+00	0.00e+00	0.00e+00	0.00e+00	0.00e+00	7.09e-03	2.64e-03	1.11e-03
 2.02265e+16	1.31e-02	5.83e-01	4.04e-01	0.00e+00	0.00e+00	0.00e+00	0.00e+00	0.00e+00	0.00e+00	8.60e-03	3.19e-03	1.34e-03
 2.04322e+16	1.59e-02	6.20e-01	3.64e-01	0.00e+00	0.00e+00	0.00e+00	0.00e+00	0.00e+00	0.00e+00	1.04e-02	3.86e-03	1.62e-03
 2.06274e+16	1.92e-02	6.56e-01	3.25e-01	0.00e+00	0.00e+00	0.00e+00	0.00e+00	0.00e+00	0.00e+00	1.26e-02	4.67e-03	1.96e-03
 2.08132e+16	2.34e-02	6.91e-01	2.85e-01	0.00e+00	0.00e+00	0.00e+00	0.00e+00	0.00e+00	0.00e+00	1.53e-02	5.67e-03	2.38e-03
 2.09884e+16	2.84e-02	7.25e-01	2.47e-01	0.00e+00	0.00e+00	0.00e+00	0.00e+00	0.00e+00	0.00e+00	1.86e-02	6.88e-03	2.89e-03
 2.11517e+16	3.45e-02	7.55e-01	2.11e-01	0.00e+00	0.00e+00	0.00e+00	0.00e+00	0.00e+00	0.00e+00	2.26e-02	8.35e-03	3.51e-03
 2.13037e+16	4.18e-02	7.81e-01	1.77e-01	0.00e+00	0.00e+00	0.00e+00	0.00e+00	0.00e+00	0.00e+00	2.74e-02	1.01e-02	4.25e-03
 2.14460e+16	5.08e-02	8.03e-01	1.46e-01	0.00e+00	0.00e+00	0.00e+00	0.00e+00	0.00e+00	0.00e+00	3.34e-02	1.23e-02	5.16e-03
 2.15789e+16	6.19e-02	8.20e-01	1.19e-01	0.00e+00	0.00e+00	0.00e+00	0.00e+00	0.00e+00	0.00e+00	4.07e-02	1.49e-02	6.28e-03
 2.17016e+16	7.56e-02	8.30e-01	9.42e-02	0.00e+00	0.00e+00	0.00e+00	0.00e+00	0.00e+00	0.00e+00	4.97e-02	1.82e-02	7.67e-03
 2.17984e+16	8.97e-02	8.34e-01	7.63e-02	0.00e+00	0.00e+00	0.00e+00	0.00e+00	0.00e+00	0.00e+00	5.90e-02	2.15e-02	9.09e-03
 2.18651e+16	1.02e-01	8.34e-01	6.49e-02	0.00e+00	0.00e+00	0.00e+00	0.00e+00	0.00e+00	0.00e+00	6.69e-02	2.43e-02	1.03e-02
 2.19312e+16	1.16e-01	8.30e-01	5.43e-02	0.00e+00	0.00e+00	0.00e+00	0.00e+00	0.00e+00	0.00e+00	7.62e-02	2.75e-02	1.17e-02
 2.20034e+16	1.34e-01	8.22e-01	4.40e-02	0.00e+00	0.00e+00	0.00e+00	0.00e+00	0.00e+00	0.00e+00	8.83e-02	3.17e-02	1.35e-02
 2.20660e+16	1.53e-01	8.11e-01	3.58e-02	0.00e+00	0.00e+00	0.00e+00	0.00e+00	0.00e+00	0.00e+00	1.01e-01	3.62e-02	1.55e-02
 2.21172e+16	1.72e-01	7.99e-01	2.98e-02	0.00e+00	0.00e+00	0.00e+00	0.00e+00	0.00e+00	0.00e+00	1.14e-01	4.04e-02	1.73e-02
 2.21629e+16	1.91e-01	7.84e-01	2.49e-02	0.00e+00	0.00e+00	0.00e+00	0.00e+00	0.00e+00	0.00e+00	1.27e-01	4.47e-02	1.93e-02
 2.22142e+16	2.16e-01	7.64e-01	2.00e-02	0.00e+00	0.00e+00	0.00e+00	0.00e+00	0.00e+00	0.00e+00	1.44e-01	5.03e-02	2.18e-02
 2.22670e+16	2.46e-01	7.39e-01	1.57e-02	0.00e+00	0.00e+00	0.00e+00	0.00e+00	0.00e+00	0.00e+00	1.64e-01	5.67e-02	2.47e-02
 2.23084e+16	2.73e-01	7.14e-01	1.27e-02	0.00e+00	0.00e+00	0.00e+00	0.00e+00	0.00e+00	0.00e+00	1.83e-01	6.26e-02	2.74e-02
 2.23417e+16	2.97e-01	6.93e-01	1.07e-02	0.00e+00	0.00e+00	0.00e+00	0.00e+00	0.00e+00	0.00e+00	1.99e-01	6.75e-02	2.97e-02
 2.23775e+16	3.25e-01	6.66e-01	8.71e-03	0.00e+00	0.00e+00	0.00e+00	0.00e+00	0.00e+00	0.00e+00	2.19e-01	7.34e-02	3.25e-02
 2.24162e+16	3.57e-01	6.36e-01	6.93e-03	0.00e+00	0.00e+00	0.00e+00	0.00e+00	0.00e+00	0.00e+00	2.42e-01	7.97e-02	3.55e-02
 2.24505e+16	3.88e-01	6.06e-01	5.58e-03	0.00e+00	0.00e+00	0.00e+00	0.00e+00	0.00e+00	0.00e+00	2.64e-01	8.58e-02	3.85e-02
 2.24805e+16	4.17e-01	5.79e-01	4.58e-03	0.00e+00	0.00e+00	0.00e+00	0.00e+00	0.00e+00	0.00e+00	2.84e-01	9.10e-02	4.12e-02
 2.25093e+16	4.46e-01	5.50e-01	3.75e-03	0.00e+00	0.00e+00	0.00e+00	0.00e+00	0.00e+00	0.00e+00	3.06e-01	9.62e-02	4.39e-02
 2.25389e+16	4.75e-01	5.22e-01	3.04e-03	0.00e+00	0.00e+00	0.00e+00	0.00e+00	0.00e+00	0.00e+00	3.27e-01	1.01e-01	4.65e-02
 2.25668e+16	5.04e-01	4.93e-01	2.48e-03	0.00e+00	0.00e+00	0.00e+00	0.00e+00	0.00e+00	0.00e+00	3.49e-01	1.06e-01	4.91e-02
 2.25912e+16	5.29e-01	4.69e-01	2.06e-03	0.00e+00	0.00e+00	0.00e+00	0.00e+00	0.00e+00	0.00e+00	3.68e-01	1.09e-01	5.13e-02
 2.26133e+16	5.51e-01	4.47e-01	1.74e-03	0.00e+00	0.00e+00	0.00e+00	0.00e+00	0.00e+00	0.00e+00	3.85e-01	1.13e-01	5.32e-02
 2.26340e+16	5.73e-01	4.26e-01	1.47e-03	0.00e+00	0.00e+00	0.00e+00	0.00e+00	0.00e+00	0.00e+00	4.02e-01	1.15e-01	5.49e-02
 2.26548e+16	5.94e-01	4.05e-01	1.25e-03	0.00e+00	0.00e+00	0.00e+00	0.00e+00	0.00e+00	0.00e+00	4.19e-01	1.18e-01	5.66e-02
 2.26717e+16	6.10e-01	3.89e-01	1.09e-03	0.00e+00	0.00e+00	0.00e+00	0.00e+00	0.00e+00	0.00e+00	4.32e-01	1.20e-01	5.79e-02
 2.26831e+16	6.21e-01	3.78e-01	9.93e-04	0.00e+00	0.00e+00	0.00e+00	0.00e+00	0.00e+00	0.00e+00	4.41e-01	1.21e-01	5.87e-02
 2.26937e+16	6.31e-01	3.68e-01	9.09e-04	0.00e+00	0.00e+00	0.00e+00	0.00e+00	0.00e+00	0.00e+00	4.49e-01	1.22e-01	5.95e-02
 2.27057e+16	6.43e-01	3.56e-01	8.20e-04	0.00e+00	0.00e+00	0.00e+00	0.00e+00	0.00e+00	0.00e+00	4.59e-01	1.23e-01	6.03e-02
 2.27189e+16	6.55e-01	3.44e-01	7.33e-04	0.00e+00	0.00e+00	0.00e+00	0.00e+00	0.00e+00	0.00e+00	4.69e-01	1.24e-01	6.12e-02
 2.27321e+16	6.67e-01	3.32e-01	6.55e-04	0.00e+00	0.00e+00	0.00e+00	0.00e+00	0.00e+00	0.00e+00	4.80e-01	1.25e-01	6.20e-02
 2.27448e+16	6.79e-01	3.21e-01	5.86e-04	0.00e+00	0.00e+00	0.00e+00	0.00e+00	0.00e+00	0.00e+00	4.90e-01	1.26e-01	6.28e-02
 2.27570e+16	6.89e-01	3.10e-01	5.27e-04	0.00e+00	0.00e+00	0.00e+00	0.00e+00	0.00e+00	0.00e+00	4.99e-01	1.27e-01	6.35e-02
 2.27693e+16	7.00e-01	2.99e-01	4.71e-04	0.00e+00	0.00e+00	0.00e+00	0.00e+00	0.00e+00	0.00e+00	5.09e-01	1.27e-01	6.42e-02
 2.27819e+16	7.11e-01	2.89e-01	4.21e-04	0.00e+00	0.00e+00	0.00e+00	0.00e+00	0.00e+00	0.00e+00	5.18e-01	1.28e-01	6.48e-02
 2.27945e+16	7.22e-01	2.78e-01	3.75e-04	0.00e+00	0.00e+00	0.00e+00	0.00e+00	0.00e+00	0.00e+00	5.28e-01	1.28e-01	6.54e-02
 2.28070e+16	7.32e-01	2.68e-01	3.35e-04	0.00e+00	0.00e+00	0.00e+00	0.00e+00	0.00e+00	0.00e+00	5.37e-01	1.29e-01	6.60e-02
 2.28194e+16	7.42e-01	2.58e-01	2.98e-04	0.00e+00	0.00e+00	0.00e+00	0.00e+00	0.00e+00	0.00e+00	5.46e-01	1.29e-01	6.65e-02
 2.28318e+16	7.51e-01	2.48e-01	2.66e-04	0.00e+00	0.00e+00	0.00e+00	0.00e+00	0.00e+00	0.00e+00	5.55e-01	1.29e-01	6.69e-02
 2.28444e+16	7.61e-01	2.39e-01	2.36e-04	0.00e+00	0.00e+00	0.00e+00	0.00e+00	0.00e+00	0.00e+00	5.64e-01	1.29e-01	6.74e-02
 2.28570e+16	7.71e-01	2.29e-01	2.09e-04	0.00e+00	0.00e+00	0.00e+00	0.00e+00	0.00e+00	0.00e+00	5.73e-01	1.29e-01	6.77e-02
 2.28694e+16	7.80e-01	2.20e-01	1.86e-04	0.00e+00	0.00e+00	0.00e+00	0.00e+00	0.00e+00	0.00e+00	5.82e-01	1.29e-01	6.81e-02
 2.28816e+16	7.88e-01	2.12e-01	1.65e-04	0.00e+00	0.00e+00	0.00e+00	0.00e+00	0.00e+00	0.00e+00	5.90e-01	1.29e-01	6.83e-02
 2.28942e+16	7.97e-01	2.03e-01	1.46e-04	0.00e+00	0.00e+00	0.00e+00	0.00e+00	0.00e+00	0.00e+00	5.99e-01	1.29e-01	6.86e-02
 2.29067e+16	8.05e-01	1.95e-01	1.29e-04	0.00e+00	0.00e+00	0.00e+00	0.00e+00	0.00e+00	0.00e+00	6.07e-01	1.29e-01	6.88e-02
 2.29191e+16	8.13e-01	1.87e-01	1.14e-04	0.00e+00	0.00e+00	0.00e+00	0.00e+00	0.00e+00	0.00e+00	6.16e-01	1.28e-01	6.90e-02
 2.29317e+16	8.21e-01	1.79e-01	1.01e-04	0.00e+00	0.00e+00	0.00e+00	0.00e+00	0.00e+00	0.00e+00	6.24e-01	1.28e-01	6.91e-02
 2.29441e+16	8.28e-01	1.72e-01	8.90e-05	0.00e+00	0.00e+00	0.00e+00	0.00e+00	0.00e+00	0.00e+00	6.32e-01	1.27e-01	6.92e-02
 2.29564e+16	8.35e-01	1.65e-01	7.85e-05	0.00e+00	0.00e+00	0.00e+00	0.00e+00	0.00e+00	0.00e+00	6.39e-01	1.27e-01	6.92e-02
 2.29689e+16	8.42e-01	1.58e-01	6.91e-05	0.00e+00	0.00e+00	0.00e+00	0.00e+00	0.00e+00	0.00e+00	6.47e-01	1.26e-01	6.93e-02
 2.29814e+16	8.49e-01	1.51e-01	6.08e-05	0.00e+00	0.00e+00	0.00e+00	0.00e+00	0.00e+00	0.00e+00	6.54e-01	1.25e-01	6.92e-02
 2.29936e+16	8.55e-01	1.45e-01	5.36e-05	0.00e+00	0.00e+00	0.00e+00	0.00e+00	0.00e+00	0.00e+00	6.61e-01	1.25e-01	6.92e-02
 2.30059e+16	8.62e-01	1.38e-01	4.72e-05	0.00e+00	0.00e+00	0.00e+00	0.00e+00	0.00e+00	0.00e+00	6.68e-01	1.24e-01	6.91e-02
 2.30183e+16	8.68e-01	1.32e-01	4.14e-05	0.00e+00	0.00e+00	0.00e+00	0.00e+00	0.00e+00	0.00e+00	6.75e-01	1.23e-01	6.90e-02
 2.30306e+16	8.73e-01	1.27e-01	3.64e-05	0.00e+00	0.00e+00	0.00e+00	0.00e+00	0.00e+00	0.00e+00	6.82e-01	1.22e-01	6.89e-02
 2.30426e+16	8.79e-01	1.21e-01	3.21e-05	0.00e+00	0.00e+00	0.00e+00	0.00e+00	0.00e+00	0.00e+00	6.88e-01	1.22e-01	6.87e-02
 2.30545e+16	8.84e-01	1.16e-01	2.83e-05	0.00e+00	0.00e+00	0.00e+00	0.00e+00	0.00e+00	0.00e+00	6.94e-01	1.21e-01	6.85e-02
 2.30663e+16	8.89e-01	1.11e-01	2.49e-05	0.00e+00	0.00e+00	0.00e+00	0.00e+00	0.00e+00	0.00e+00	7.00e-01	1.20e-01	6.83e-02
 2.30780e+16	8.93e-01	1.07e-01	2.20e-05	0.00e+00	0.00e+00	0.00e+00	0.00e+00	0.00e+00	0.00e+00	7.06e-01	1.19e-01	6.81e-02
 2.30897e+16	8.98e-01	1.02e-01	1.94e-05	0.00e+00	0.00e+00	0.00e+00	0.00e+00	0.00e+00	0.00e+00	7.11e-01	1.18e-01	6.79e-02
 2.31012e+16	9.02e-01	9.78e-02	1.71e-05	0.00e+00	0.00e+00	0.00e+00	0.00e+00	0.00e+00	0.00e+00	7.17e-01	1.18e-01	6.77e-02
 2.31126e+16	9.06e-01	9.39e-02	1.52e-05	0.00e+00	0.00e+00	0.00e+00	0.00e+00	0.00e+00	0.00e+00	7.22e-01	1.17e-01	6.74e-02
 2.31239e+16	9.10e-01	9.00e-02	1.34e-05	0.00e+00	0.00e+00	0.00e+00	0.00e+00	0.00e+00	0.00e+00	7.27e-01	1.16e-01	6.72e-02
 2.31351e+16	9.14e-01	8.63e-02	1.19e-05	0.00e+00	0.00e+00	0.00e+00	0.00e+00	0.00e+00	0.00e+00	7.32e-01	1.15e-01	6.69e-02
 2.31463e+16	9.17e-01	8.28e-02	1.05e-05	0.00e+00	0.00e+00	0.00e+00	0.00e+00	0.00e+00	0.00e+00	7.36e-01	1.14e-01	6.66e-02
 2.31574e+16	9.21e-01	7.94e-02	9.32e-06	0.00e+00	0.00e+00	0.00e+00	0.00e+00	0.00e+00	0.00e+00	7.41e-01	1.14e-01	6.64e-02
 2.31685e+16	9.24e-01	7.62e-02	8.26e-06	0.00e+00	0.00e+00	0.00e+00	0.00e+00	0.00e+00	0.00e+00	7.45e-01	1.13e-01	6.61e-02
 2.31794e+16	9.27e-01	7.31e-02	7.32e-06	0.00e+00	0.00e+00	0.00e+00	0.00e+00	0.00e+00	0.00e+00	7.49e-01	1.12e-01	6.57e-02
 2.31902e+16	9.30e-01	7.02e-02	6.50e-06	0.00e+00	0.00e+00	0.00e+00	0.00e+00	0.00e+00	0.00e+00	7.53e-01	1.11e-01	6.54e-02
 2.32010e+16	9.33e-01	6.74e-02	5.77e-06	0.00e+00	0.00e+00	0.00e+00	0.00e+00	0.00e+00	0.00e+00	7.57e-01	1.10e-01	6.51e-02
 2.32118e+16	9.35e-01	6.47e-02	5.12e-06	0.00e+00	0.00e+00	0.00e+00	0.00e+00	0.00e+00	0.00e+00	7.61e-01	1.10e-01	6.47e-02
 2.32225e+16	9.38e-01	6.20e-02	4.55e-06	0.00e+00	0.00e+00	0.00e+00	0.00e+00	0.00e+00	0.00e+00	7.65e-01	1.09e-01	6.44e-02
 2.32331e+16	9.40e-01	5.96e-02	4.05e-06	0.00e+00	0.00e+00	0.00e+00	0.00e+00	0.00e+00	0.00e+00	7.68e-01	1.08e-01	6.40e-02
 2.32439e+16	9.43e-01	5.73e-02	3.60e-06	0.00e+00	0.00e+00	0.00e+00	0.00e+00	0.00e+00	0.00e+00	7.71e-01	1.08e-01	6.37e-02
 2.32544e+16	9.45e-01	5.50e-02	3.20e-06	0.00e+00	0.00e+00	0.00e+00	0.00e+00	0.00e+00	0.00e+00	7.75e-01	1.07e-01	6.34e-02
 2.32649e+16	9.47e-01	5.29e-02	2.85e-06	0.00e+00	0.00e+00	0.00e+00	0.00e+00	0.00e+00	0.00e+00	7.78e-01	1.06e-01	6.31e-02
 2.32754e+16	9.49e-01	5.08e-02	2.53e-06	0.00e+00	0.00e+00	0.00e+00	0.00e+00	0.00e+00	0.00e+00	7.81e-01	1.05e-01	6.27e-02
 2.32858e+16	9.51e-01	4.88e-02	2.26e-06	0.00e+00	0.00e+00	0.00e+00	0.00e+00	0.00e+00	0.00e+00	7.84e-01	1.05e-01	6.24e-02
 2.32960e+16	9.53e-01	4.70e-02	2.02e-06	0.00e+00	0.00e+00	0.00e+00	0.00e+00	0.00e+00	0.00e+00	7.87e-01	1.04e-01	6.21e-02
 2.33065e+16	9.55e-01	4.52e-02	1.79e-06	0.00e+00	0.00e+00	0.00e+00	0.00e+00	0.00e+00	0.00e+00	7.89e-01	1.04e-01	6.18e-02
 2.33170e+16	9.57e-01	4.33e-02	1.60e-06	0.00e+00	0.00e+00	0.00e+00	0.00e+00	0.00e+00	0.00e+00	7.92e-01	1.03e-01	6.15e-02
 2.33271e+16	9.58e-01	4.17e-02	1.42e-06	0.00e+00	0.00e+00	0.00e+00	0.00e+00	0.00e+00	0.00e+00	7.95e-01	1.02e-01	6.12e-02
 2.33374e+16	9.60e-01	4.01e-02	1.27e-06	0.00e+00	0.00e+00	0.00e+00	0.00e+00	0.00e+00	0.00e+00	7.97e-01	1.02e-01	6.09e-02
 2.33478e+16	9.62e-01	3.85e-02	1.13e-06	0.00e+00	0.00e+00	0.00e+00	0.00e+00	0.00e+00	0.00e+00	8.00e-01	1.01e-01	6.06e-02
 2.33582e+16	9.63e-01	3.70e-02	1.01e-06	0.00e+00	0.00e+00	0.00e+00	0.00e+00	0.00e+00	0.00e+00	8.02e-01	1.01e-01	6.03e-02
 2.33683e+16	9.64e-01	3.56e-02	9.00e-07	0.00e+00	0.00e+00	0.00e+00	0.00e+00	0.00e+00	0.00e+00	8.04e-01	1.00e-01	6.01e-02
 2.33785e+16	9.66e-01	3.43e-02	8.05e-07	0.00e+00	0.00e+00	0.00e+00	0.00e+00	0.00e+00	0.00e+00	8.06e-01	9.97e-02	5.98e-02
 2.33885e+16	9.67e-01	3.30e-02	7.20e-07	0.00e+00	0.00e+00	0.00e+00	0.00e+00	0.00e+00	0.00e+00	8.08e-01	9.92e-02	5.95e-02
 2.33985e+16	9.68e-01	3.17e-02	6.44e-07	0.00e+00	0.00e+00	0.00e+00	0.00e+00	0.00e+00	0.00e+00	8.10e-01	9.87e-02	5.93e-02
 2.34084e+16	9.69e-01	3.05e-02	5.77e-07	0.00e+00	0.00e+00	0.00e+00	0.00e+00	0.00e+00	0.00e+00	8.12e-01	9.83e-02	5.91e-02
 2.34184e+16	9.71e-01	2.94e-02	5.17e-07	0.00e+00	0.00e+00	0.00e+00	0.00e+00	0.00e+00	0.00e+00	8.14e-01	9.78e-02	5.88e-02
 2.34285e+16	9.72e-01	2.83e-02	4.62e-07	0.00e+00	0.00e+00	0.00e+00	0.00e+00	0.00e+00	0.00e+00	8.16e-01	9.74e-02	5.86e-02
 2.34386e+16	9.73e-01	2.72e-02	4.13e-07	0.00e+00	0.00e+00	0.00e+00	0.00e+00	0.00e+00	0.00e+00	8.18e-01	9.69e-02	5.83e-02
 2.34486e+16	9.74e-01	2.61e-02	3.70e-07	0.00e+00	0.00e+00	0.00e+00	0.00e+00	0.00e+00	0.00e+00	8.19e-01	9.65e-02	5.81e-02
 2.34584e+16	9.75e-01	2.51e-02	3.31e-07	0.00e+00	0.00e+00	0.00e+00	0.00e+00	0.00e+00	0.00e+00	8.21e-01	9.61e-02	5.79e-02
 2.34682e+16	9.76e-01	2.42e-02	2.97e-07	0.00e+00	0.00e+00	0.00e+00	0.00e+00	0.00e+00	0.00e+00	8.22e-01	9.57e-02	5.77e-02
 2.34779e+16	9.77e-01	2.32e-02	2.67e-07	0.00e+00	0.00e+00	0.00e+00	0.00e+00	0.00e+00	0.00e+00	8.24e-01	9.53e-02	5.74e-02
 2.34877e+16	9.78e-01	2.24e-02	2.39e-07	0.00e+00	0.00e+00	0.00e+00	0.00e+00	0.00e+00	0.00e+00	8.25e-01	9.49e-02	5.72e-02
 2.34973e+16	9.79e-01	2.15e-02	2.15e-07	0.00e+00	0.00e+00	0.00e+00	0.00e+00	0.00e+00	0.00e+00	8.27e-01	9.45e-02	5.70e-02
 2.35068e+16	9.79e-01	2.07e-02	1.93e-07	0.00e+00	0.00e+00	0.00e+00	0.00e+00	0.00e+00	0.00e+00	8.28e-01	9.42e-02	5.68e-02
 2.35162e+16	9.80e-01	1.98e-02	1.74e-07	0.00e+00	0.00e+00	0.00e+00	0.00e+00	0.00e+00	0.00e+00	8.30e-01	9.38e-02	5.66e-02
 2.35256e+16	9.81e-01	1.91e-02	1.57e-07	0.00e+00	0.00e+00	0.00e+00	0.00e+00	0.00e+00	0.00e+00	8.31e-01	9.34e-02	5.64e-02
 2.35348e+16	9.82e-01	1.83e-02	1.41e-07	0.00e+00	0.00e+00	0.00e+00	0.00e+00	0.00e+00	0.00e+00	8.32e-01	9.31e-02	5.62e-02
 2.35440e+16	9.82e-01	1.76e-02	1.28e-07	0.00e+00	0.00e+00	0.00e+00	0.00e+00	0.00e+00	0.00e+00	8.34e-01	9.27e-02	5.59e-02
 2.35528e+16	9.83e-01	1.69e-02	1.16e-07	0.00e+00	0.00e+00	0.00e+00	0.00e+00	0.00e+00	0.00e+00	8.35e-01	9.23e-02	5.57e-02
 2.35616e+16	9.84e-01	1.62e-02	1.05e-07	0.00e+00	0.00e+00	0.00e+00	0.00e+00	0.00e+00	0.00e+00	8.36e-01	9.20e-02	5.55e-02
 2.35703e+16	9.84e-01	1.56e-02	9.51e-08	0.00e+00	0.00e+00	0.00e+00	0.00e+00	0.00e+00	0.00e+00	8.38e-01	9.16e-02	5.53e-02
 2.35790e+16	9.85e-01	1.49e-02	8.63e-08	0.00e+00	0.00e+00	0.00e+00	0.00e+00	0.00e+00	0.00e+00	8.39e-01	9.12e-02	5.50e-02
 2.35874e+16	9.86e-01	1.43e-02	7.85e-08	0.00e+00	0.00e+00	0.00e+00	0.00e+00	0.00e+00	0.00e+00	8.40e-01	9.08e-02	5.48e-02
 2.35956e+16	9.86e-01	1.37e-02	7.16e-08	0.00e+00	0.00e+00	0.00e+00	0.00e+00	0.00e+00	0.00e+00	8.41e-01	9.04e-02	5.46e-02
 2.36033e+16	9.87e-01	1.31e-02	6.56e-08	0.00e+00	0.00e+00	0.00e+00	0.00e+00	0.00e+00	0.00e+00	8.43e-01	9.00e-02	5.43e-02
 2.36103e+16	9.87e-01	1.26e-02	6.07e-08	0.00e+00	0.00e+00	0.00e+00	0.00e+00	0.00e+00	0.00e+00	8.44e-01	8.97e-02	5.41e-02
 2.36165e+16	9.88e-01	1.22e-02	5.67e-08	0.00e+00	0.00e+00	0.00e+00	0.00e+00	0.00e+00	0.00e+00	8.45e-01	8.93e-02	5.38e-02
 2.36221e+16	9.88e-01	1.18e-02	5.33e-08	0.00e+00	0.00e+00	0.00e+00	0.00e+00	0.00e+00	0.00e+00	8.46e-01	8.90e-02	5.36e-02
 2.36273e+16	9.89e-01	1.15e-02	5.02e-08	0.00e+00	0.00e+00	0.00e+00	0.00e+00	0.00e+00	0.00e+00	8.46e-01	8.87e-02	5.34e-02
 2.36323e+16	9.89e-01	1.11e-02	4.75e-08	0.00e+00	0.00e+00	0.00e+00	0.00e+00	0.00e+00	0.00e+00	8.47e-01	8.84e-02	5.32e-02
 2.36368e+16	9.89e-01	1.08e-02	4.51e-08	0.00e+00	0.00e+00	0.00e+00	0.00e+00	0.00e+00	0.00e+00	8.48e-01	8.81e-02	5.30e-02
 2.36411e+16	9.89e-01	1.05e-02	4.29e-08	0.00e+00	0.00e+00	0.00e+00	0.00e+00	0.00e+00	0.00e+00	8.49e-01	8.78e-02	5.28e-02
 2.36450e+16	9.90e-01	1.02e-02	4.10e-08	0.00e+00	0.00e+00	0.00e+00	0.00e+00	0.00e+00	0.00e+00	8.50e-01	8.75e-02	5.26e-02
 2.36487e+16	9.90e-01	9.98e-03	3.92e-08	0.00e+00	0.00e+00	0.00e+00	0.00e+00	0.00e+00	0.00e+00	8.50e-01	8.72e-02	5.24e-02
 2.36523e+16	9.90e-01	9.73e-03	3.76e-08	0.00e+00	0.00e+00	0.00e+00	0.00e+00	0.00e+00	0.00e+00	8.51e-01	8.70e-02	5.22e-02
 2.36556e+16	9.91e-01	9.50e-03	3.61e-08	0.00e+00	0.00e+00	0.00e+00	0.00e+00	0.00e+00	0.00e+00	8.52e-01	8.67e-02	5.20e-02
 2.36586e+16	9.91e-01	9.29e-03	3.48e-08	0.00e+00	0.00e+00	0.00e+00	0.00e+00	0.00e+00	0.00e+00	8.53e-01	8.64e-02	5.18e-02
 2.36614e+16	9.91e-01	9.10e-03	3.37e-08	0.00e+00	0.00e+00	0.00e+00	0.00e+00	0.00e+00	0.00e+00	8.53e-01	8.62e-02	5.16e-02
 2.36639e+16	9.91e-01	8.93e-03	3.26e-08	0.00e+00	0.00e+00	0.00e+00	0.00e+00	0.00e+00	0.00e+00	8.54e-01	8.60e-02	5.14e-02
 2.36661e+16	9.91e-01	8.77e-03	3.17e-08	0.00e+00	0.00e+00	0.00e+00	0.00e+00	0.00e+00	0.00e+00	8.54e-01	8.57e-02	5.12e-02
 2.36682e+16	9.91e-01	8.63e-03	3.09e-08	0.00e+00	0.00e+00	0.00e+00	0.00e+00	0.00e+00	0.00e+00	8.55e-01	8.55e-02	5.11e-02
 2.36701e+16	9.91e-01	8.51e-03	3.01e-08	0.00e+00	0.00e+00	0.00e+00	0.00e+00	0.00e+00	0.00e+00	8.55e-01	8.53e-02	5.10e-02
 2.36722e+16	9.92e-01	8.38e-03	2.93e-08	0.00e+00	0.00e+00	0.00e+00	0.00e+00	0.00e+00	0.00e+00	8.56e-01	8.51e-02	5.08e-02
 2.36748e+16	9.92e-01	8.18e-03	2.82e-08	0.00e+00	0.00e+00	0.00e+00	0.00e+00	0.00e+00	0.00e+00	8.56e-01	8.48e-02	5.06e-02
 2.36777e+16	9.92e-01	7.97e-03	2.71e-08	0.00e+00	0.00e+00	0.00e+00	0.00e+00	0.00e+00	0.00e+00	8.57e-01	8.44e-02	5.03e-02
 2.36804e+16	9.92e-01	7.80e-03	2.61e-08	0.00e+00	0.00e+00	0.00e+00	0.00e+00	0.00e+00	0.00e+00	8.58e-01	8.41e-02	5.01e-02
 2.36828e+16	9.92e-01	7.64e-03	2.52e-08	0.00e+00	0.00e+00	0.00e+00	0.00e+00	0.00e+00	0.00e+00	8.59e-01	8.38e-02	4.99e-02
 2.36850e+16	9.93e-01	7.49e-03	2.44e-08	0.00e+00	0.00e+00	0.00e+00	0.00e+00	0.00e+00	0.00e+00	8.59e-01	8.35e-02	4.97e-02
 2.36869e+16	9.93e-01	7.33e-03	2.37e-08	0.00e+00	0.00e+00	0.00e+00	0.00e+00	0.00e+00	0.00e+00	8.60e-01	8.32e-02	4.95e-02
