#depth	H	H+	H2
 3.28027e+12	8.75e-04	9.99e-01	1.30e-14
 1.96816e+13	8.74e-04	9.99e-01	1.30e-14
 8.52871e+13	8.73e-04	9.99e-01	1.30e-14
 3.47709e+14	8.70e-04	9.99e-01	1.31e-14
 8.30565e+14	8.49e-04	9.99e-01	1.30e-14
 1.45828e+15	8.35e-04	9.99e-01	1.30e-14
 2.27430e+15	8.23e-04	9.99e-01	1.32e-14
 3.33514e+15	8.13e-04	9.99e-01	1.35e-14
 4.71422e+15	8.07e-04	9.99e-01	1.40e-14
 6.50704e+15	8.08e-04	9.99e-01	1.48e-14
 8.80158e+15	8.17e-04	9.99e-01	1.61e-14
 1.09687e+16	8.17e-04	9.99e-01	1.72e-14
 1.25007e+16	8.27e-04	9.99e-01	1.82e-14
 1.37133e+16	8.43e-04	9.99e-01	1.94e-14
 1.48374e+16	8.63e-04	9.99e-01	2.07e-14
 1.59464e+16	8.87e-04	9.99e-01	2.23e-14
 1.70264e+16	9.14e-04	9.99e-01	2.41e-14
 1.80528e+16	9.42e-04	9.99e-01	2.61e-14
 1.89231e+16	9.68e-04	9.99e-01	2.80e-14
 1.96294e+16	9.93e-04	9.99e-01	2.98e-14
 2.03966e+16	1.03e-03	9.99e-01	3.21e-14
 2.13941e+16	1.07e-03	9.99e-01	3.52e-14
 2.26908e+16	1.12e-03	9.99e-01	3.96e-14
 2.43765e+16	1.20e-03	9.99e-01	4.55e-14
 2.65679e+16	1.29e-03	9.99e-01	5.31e-14
 2.91968e+16	1.40e-03	9.99e-01	6.25e-14
 3.21165e+16	1.52e-03	9.98e-01	7.39e-14
 3.53281e+16	1.69e-03	9.98e-01	8.86e-14
 3.88609e+16	1.90e-03	9.98e-01	1.09e-13
 4.27328e+16	2.18e-03	9.98e-01	1.37e-13
 4.65732e+16	2.53e-03	9.97e-01	1.74e-13
 5.00297e+16	2.92e-03	9.97e-01	2.17e-13
 5.23794e+16	3.24e-03	9.97e-01	2.54e-13
 5.35472e+16	3.42e-03	9.97e-01	2.75e-13
 5.45944e+16	3.59e-03	9.96e-01	2.96e-13
 5.59557e+16	3.83e-03	9.96e-01	3.28e-13
 5.77254e+16	4.17e-03	9.96e-01	3.74e-13
 5.95010e+16	4.55e-03	9.95e-01	4.26e-13
 6.08557e+16	4.89e-03	9.95e-01	4.74e-13
 6.19946e+16	5.19e-03	9.95e-01	5.19e-13
 6.32812e+16	5.57e-03	9.94e-01	5.75e-13
 6.47143e+16	6.03e-03	9.94e-01	6.46e-13
 6.60167e+16	6.50e-03	9.94e-01	7.23e-13
 6.71529e+16	6.94e-03	9.93e-01	7.94e-13
 6.83647e+16	7.48e-03	9.93e-01	8.86e-13
 6.96420e+16	8.10e-03	9.92e-01	9.96e-13
 7.07672e+16	8.71e-03	9.91e-01	1.11e-12
 7.17800e+16	9.31e-03	9.91e-01	1.22e-12
 7.27157e+16	9.92e-03	9.90e-01	1.33e-12
 7.35647e+16	1.05e-02	9.89e-01	1.45e-12
 7.43760e+16	1.12e-02	9.89e-01	1.58e-12
 7.51874e+16	1.19e-02	9.88e-01	1.72e-12
 7.59988e+16	1.26e-02	9.87e-01	1.87e-12
 7.68102e+16	1.35e-02	9.87e-01	2.05e-12
 7.76215e+16	1.44e-02	9.86e-01	2.24e-12
 7.84329e+16	1.54e-02	9.85e-01	2.47e-12
 7.92443e+16	1.66e-02	9.83e-01	2.72e-12
 8.00557e+16	1.79e-02	9.82e-01	3.02e-12
 8.07995e+16	1.92e-02	9.81e-01	3.33e-12
