#depth	He	He+	He+2
 3.28027e+12	4.65e-05	9.73e-02	9.03e-01
 1.96816e+13	4.65e-05	9.73e-02	9.03e-01
 8.52871e+13	4.66e-05	9.75e-02	9.02e-01
 3.47709e+14	4.73e-05	9.86e-02	9.01e-01
 8.30565e+14	4.74e-05	9.86e-02	9.01e-01
 1.45828e+15	4.84e-05	9.99e-02	9.00e-01
 2.27430e+15	5.04e-05	1.03e-01	8.97e-01
 3.33514e+15	5.36e-05	1.07e-01	8.93e-01
 4.71422e+15	5.90e-05	1.16e-01	8.84e-01
 6.50704e+15	6.83e-05	1.30e-01	8.70e-01
 8.80158e+15	8.49e-05	1.54e-01	8.45e-01
 1.09687e+16	1.07e-04	1.88e-01	8.12e-01
 1.25007e+16	1.30e-04	2.22e-01	7.77e-01
 1.37133e+16	1.56e-04	2.59e-01	7.41e-01
 1.48374e+16	1.87e-04	3.02e-01	6.98e-01
 1.59464e+16	2.25e-04	3.55e-01	6.45e-01
 1.70264e+16	2.73e-04	4.19e-01	5.81e-01
 1.80528e+16	3.27e-04	4.91e-01	5.08e-01
 1.89231e+16	3.82e-04	5.61e-01	4.38e-01
 1.96294e+16	4.31e-04	6.22e-01	3.78e-01
 2.03966e+16	4.87e-04	6.88e-01	3.12e-01
 2.13941e+16	5.57e-04	7.67e-01	2.33e-01
 2.26908e+16	6.41e-04	8.51e-01	1.49e-01
 2.43765e+16	7.26e-04	9.22e-01	7.73e-02
 2.65679e+16	8.04e-04	9.67e-01	3.20e-02
 2.91968e+16	8.71e-04	9.88e-01	1.15e-02
 3.21165e+16	9.36e-04	9.95e-01	3.95e-03
 3.53281e+16	1.01e-03	9.98e-01	1.32e-03
 3.88609e+16	1.09e-03	9.98e-01	4.26e-04
 4.27328e+16	1.19e-03	9.99e-01	1.34e-04
 4.65732e+16	1.31e-03	9.99e-01	4.65e-05
 5.00297e+16	1.42e-03	9.99e-01	1.95e-05
 5.23794e+16	1.51e-03	9.98e-01	1.17e-05
 5.35472e+16	1.56e-03	9.98e-01	9.19e-06
 5.45944e+16	1.61e-03	9.98e-01	7.29e-06
 5.59557e+16	1.67e-03	9.98e-01	5.45e-06
 5.77254e+16	1.77e-03	9.98e-01	3.81e-06
 5.95010e+16	1.86e-03	9.98e-01	2.76e-06
 6.08557e+16	1.95e-03	9.98e-01	2.19e-06
 6.19946e+16	2.02e-03	9.98e-01	1.80e-06
 6.32812e+16	2.12e-03	9.98e-01	1.44e-06
 6.47143e+16	2.23e-03	9.98e-01	1.15e-06
 6.60167e+16	2.34e-03	9.98e-01	9.40e-07
 6.71529e+16	2.45e-03	9.98e-01	7.94e-07
 6.83647e+16	2.58e-03	9.97e-01	6.61e-07
 6.96420e+16	2.72e-03	9.97e-01	5.52e-07
 7.07672e+16	2.86e-03	9.97e-01	4.73e-07
 7.17800e+16	3.00e-03	9.97e-01	4.12e-07
 7.27157e+16	3.14e-03	9.97e-01	3.65e-07
 7.35647e+16	3.28e-03	9.97e-01	3.26e-07
 7.43760e+16	3.43e-03	9.97e-01	2.93e-07
 7.51874e+16	3.59e-03	9.96e-01	2.64e-07
 7.59988e+16	3.75e-03	9.96e-01	2.39e-07
 7.68102e+16	3.94e-03	9.96e-01	2.15e-07
 7.76215e+16	4.15e-03	9.96e-01	1.95e-07
 7.84329e+16	4.38e-03	9.96e-01	1.77e-07
 7.92443e+16	4.63e-03	9.95e-01	1.60e-07
 8.00557e+16	4.91e-03	9.95e-01	1.45e-07
 8.07995e+16	5.19e-03	9.95e-01	1.33e-07
