#depth	O	O+	O+2	O+3	O+4	O+5	O+6	O+7	O+8	O[1]	O[2]	O[3]
 3.28027e+12	5.15e-07	8.91e-04	2.06e-01	7.52e-01	4.03e-02	1.17e-06	0.00e+00	0.00e+00	0.00e+00	3.83e-07	8.57e-08	4.61e-08
 1.96816e+13	5.14e-07	8.91e-04	2.07e-01	7.52e-01	4.03e-02	1.17e-06	0.00e+00	0.00e+00	0.00e+00	3.82e-07	8.55e-08	4.61e-08
 8.52871e+13	5.15e-07	8.94e-04	2.08e-01	7.51e-01	4.00e-02	1.16e-06	0.00e+00	0.00e+00	0.00e+00	3.83e-07	8.56e-08	4.61e-08
 3.47709e+14	5.20e-07	9.07e-04	2.12e-01	7.48e-01	3.92e-02	1.13e-06	0.00e+00	0.00e+00	0.00e+00	3.87e-07	8.65e-08	4.66e-08
 8.30565e+14	5.07e-07	9.08e-04	2.17e-01	7.44e-01	3.78e-02	1.07e-06	0.00e+00	0.00e+00	0.00e+00	3.77e-07	8.42e-08	4.54e-08
 1.45828e+15	5.09e-07	9.31e-04	2.26e-01	7.38e-01	3.60e-02	1.00e-06	0.00e+00	0.00e+00	0.00e+00	3.79e-07	8.46e-08	4.57e-08
 2.27430e+15	5.22e-07	9.71e-04	2.37e-01	7.28e-01	3.37e-02	9.20e-07	0.00e+00	0.00e+00	0.00e+00	3.88e-07	8.66e-08	4.69e-08
 3.33514e+15	5.47e-07	1.04e-03	2.53e-01	7.15e-01	3.10e-02	8.16e-07	0.00e+00	0.00e+00	0.00e+00	4.07e-07	9.09e-08	4.92e-08
 4.71422e+15	5.95e-07	1.14e-03	2.77e-01	6.95e-01	2.75e-02	6.93e-07	0.00e+00	0.00e+00	0.00e+00	4.43e-07	9.88e-08	5.36e-08
 6.50704e+15	6.82e-07	1.30e-03	3.12e-01	6.63e-01	2.33e-02	5.50e-07	0.00e+00	0.00e+00	0.00e+00	5.07e-07	1.13e-07	6.15e-08
 8.80158e+15	8.39e-07	1.58e-03	3.67e-01	6.13e-01	1.83e-02	3.96e-07	0.00e+00	0.00e+00	0.00e+00	6.23e-07	1.39e-07	7.58e-08
 1.09687e+16	1.01e-06	1.89e-03	4.30e-01	5.54e-01	1.40e-02	2.79e-07	0.00e+00	0.00e+00	0.00e+00	7.50e-07	1.67e-07	9.13e-08
 1.25007e+16	1.19e-06	2.20e-03	4.85e-01	5.01e-01	1.10e-02	2.06e-07	0.00e+00	0.00e+00	0.00e+00	8.86e-07	1.98e-07	1.08e-07
 1.37133e+16	1.40e-06	2.52e-03	5.37e-01	4.52e-01	8.79e-03	1.55e-07	0.00e+00	0.00e+00	0.00e+00	1.04e-06	2.31e-07	1.27e-07
 1.48374e+16	1.63e-06	2.87e-03	5.89e-01	4.01e-01	6.88e-03	0.00e+00	0.00e+00	0.00e+00	0.00e+00	1.21e-06	2.71e-07	1.48e-07
 1.59464e+16	1.93e-06	3.27e-03	6.45e-01	3.46e-01	5.17e-03	0.00e+00	0.00e+00	0.00e+00	0.00e+00	1.43e-06	3.19e-07	1.75e-07
 1.70264e+16	2.27e-06	3.72e-03	7.03e-01	2.89e-01	3.71e-03	0.00e+00	0.00e+00	0.00e+00	0.00e+00	1.69e-06	3.77e-07	2.07e-07
 1.80528e+16	2.66e-06	4.19e-03	7.58e-01	2.35e-01	2.56e-03	0.00e+00	0.00e+00	0.00e+00	0.00e+00	1.97e-06	4.40e-07	2.42e-07
 1.89231e+16	3.03e-06	4.62e-03	8.04e-01	1.90e-01	1.77e-03	0.00e+00	0.00e+00	0.00e+00	0.00e+00	2.25e-06	5.01e-07	2.76e-07
 1.96294e+16	3.37e-06	4.98e-03	8.38e-01	1.56e-01	1.26e-03	0.00e+00	0.00e+00	0.00e+00	0.00e+00	2.50e-06	5.57e-07	3.07e-07
 2.03966e+16	3.78e-06	5.39e-03	8.72e-01	1.22e-01	8.30e-04	0.00e+00	0.00e+00	0.00e+00	0.00e+00	2.81e-06	6.26e-07	3.45e-07
 2.13941e+16	4.33e-06	5.88e-03	9.07e-01	8.62e-02	4.60e-04	0.00e+00	0.00e+00	0.00e+00	0.00e+00	3.22e-06	7.16e-07	3.96e-07
 2.26908e+16	5.07e-06	6.47e-03	9.41e-01	5.25e-02	1.98e-04	0.00e+00	0.00e+00	0.00e+00	0.00e+00	3.77e-06	8.38e-07	4.64e-07
 2.43765e+16	6.02e-06	7.11e-03	9.66e-01	2.65e-02	6.10e-05	0.00e+00	0.00e+00	0.00e+00	0.00e+00	4.47e-06	9.93e-07	5.51e-07
 2.65679e+16	7.22e-06	7.79e-03	9.81e-01	1.09e-02	1.29e-05	0.00e+00	0.00e+00	0.00e+00	0.00e+00	5.37e-06	1.19e-06	6.62e-07
 2.91968e+16	8.74e-06	8.50e-03	9.88e-01	3.99e-03	2.11e-06	0.00e+00	0.00e+00	0.00e+00	0.00e+00	6.49e-06	1.44e-06	8.01e-07
 3.21165e+16	1.07e-05	9.28e-03	9.89e-01	1.44e-03	3.17e-07	0.00e+00	0.00e+00	0.00e+00	0.00e+00	7.94e-06	1.76e-06	9.80e-07
 3.53281e+16	1.34e-05	1.02e-02	9.89e-01	5.46e-04	0.00e+00	0.00e+00	0.00e+00	0.00e+00	0.00e+00	9.96e-06	2.21e-06	1.23e-06
 3.88609e+16	1.73e-05	1.14e-02	9.88e-01	2.36e-04	0.00e+00	0.00e+00	0.00e+00	0.00e+00	0.00e+00	1.29e-05	2.86e-06	1.59e-06
 4.27328e+16	2.34e-05	1.30e-02	9.87e-01	1.28e-04	0.00e+00	0.00e+00	0.00e+00	0.00e+00	0.00e+00	1.74e-05	3.85e-06	2.14e-06
 4.65732e+16	3.22e-05	1.49e-02	9.85e-01	8.96e-05	0.00e+00	0.00e+00	0.00e+00	0.00e+00	0.00e+00	2.39e-05	5.30e-06	2.95e-06
 5.00297e+16	4.38e-05	1.71e-02	9.83e-01	7.20e-05	0.00e+00	0.00e+00	0.00e+00	0.00e+00	0.00e+00	3.25e-05	7.21e-06	4.01e-06
 5.23794e+16	5.47e-05	1.89e-02	9.81e-01	6.37e-05	0.00e+00	0.00e+00	0.00e+00	0.00e+00	0.00e+00	4.07e-05	9.02e-06	5.01e-06
 5.35472e+16	6.13e-05	1.99e-02	9.80e-01	6.02e-05	0.00e+00	0.00e+00	0.00e+00	0.00e+00	0.00e+00	4.56e-05	1.01e-05	5.61e-06
 5.45944e+16	6.82e-05	2.09e-02	9.79e-01	5.70e-05	0.00e+00	0.00e+00	0.00e+00	0.00e+00	0.00e+00	5.07e-05	1.12e-05	6.24e-06
 5.59557e+16	7.86e-05	2.23e-02	9.78e-01	5.32e-05	0.00e+00	0.00e+00	0.00e+00	0.00e+00	0.00e+00	5.85e-05	1.30e-05	7.19e-06
 5.77254e+16	9.50e-05	2.44e-02	9.75e-01	4.87e-05	0.00e+00	0.00e+00	0.00e+00	0.00e+00	0.00e+00	7.06e-05	1.56e-05	8.68e-06
 5.95010e+16	1.16e-04	2.68e-02	9.73e-01	4.43e-05	0.00e+00	0.00e+00	0.00e+00	0.00e+00	0.00e+00	8.60e-05	1.90e-05	1.06e-05
 6.08557e+16	1.35e-04	2.89e-02	9.71e-01	4.13e-05	0.00e+00	0.00e+00	0.00e+00	0.00e+00	0.00e+00	1.01e-04	2.23e-05	1.24e-05
 6.19946e+16	1.55e-04	3.09e-02	9.69e-01	3.87e-05	0.00e+00	0.00e+00	0.00e+00	0.00e+00	0.00e+00	1.15e-04	2.55e-05	1.42e-05
 6.32812e+16	1.82e-04	3.33e-02	9.66e-01	3.59e-05	0.00e+00	0.00e+00	0.00e+00	0.00e+00	0.00e+00	1.35e-04	2.99e-05	1.66e-05
 6.47143e+16	2.17e-04	3.64e-02	9.63e-01	3.29e-05	0.00e+00	0.00e+00	0.00e+00	0.00e+00	0.00e+00	1.62e-04	3.58e-05	1.98e-05
 6.60167e+16	2.58e-04	3.97e-02	9.60e-01	3.04e-05	0.00e+00	0.00e+00	0.00e+00	0.00e+00	0.00e+00	1.92e-04	4.25e-05	2.36e-05
 6.71529e+16	3.01e-04	4.29e-02	9.57e-01	2.82e-05	0.00e+00	0.00e+00	0.00e+00	0.00e+00	0.00e+00	2.24e-04	4.95e-05	2.74e-05
 6.83647e+16	3.57e-04	4.67e-02	9.53e-01	2.58e-05	0.00e+00	0.00e+00	0.00e+00	0.00e+00	0.00e+00	2.66e-04	5.87e-05	3.25e-05
 6.96420e+16	4.30e-04	5.13e-02	9.48e-01	2.36e-05	0.00e+00	0.00e+00	0.00e+00	0.00e+00	0.00e+00	3.20e-04	7.07e-05	3.91e-05
 7.07672e+16	5.09e-04	5.60e-02	9.43e-01	2.17e-05	0.00e+00	0.00e+00	0.00e+00	0.00e+00	0.00e+00	3.79e-04	8.37e-05	4.63e-05
 7.17800e+16	5.96e-04	6.07e-02	9.39e-01	2.00e-05	0.00e+00	0.00e+00	0.00e+00	0.00e+00	0.00e+00	4.43e-04	9.79e-05	5.42e-05
 7.27157e+16	6.92e-04	6.57e-02	9.34e-01	1.85e-05	0.00e+00	0.00e+00	0.00e+00	0.00e+00	0.00e+00	5.15e-04	1.14e-04	6.29e-05
 7.35647e+16	7.96e-04	7.06e-02	9.29e-01	1.71e-05	0.00e+00	0.00e+00	0.00e+00	0.00e+00	0.00e+00	5.92e-04	1.31e-04	7.24e-05
 7.43760e+16	9.14e-04	7.59e-02	9.23e-01	1.60e-05	0.00e+00	0.00e+00	0.00e+00	0.00e+00	0.00e+00	6.81e-04	1.50e-04	8.31e-05
 7.51874e+16	1.05e-03	8.18e-02	9.17e-01	1.47e-05	0.00e+00	0.00e+00	0.00e+00	0.00e+00	0.00e+00	7.85e-04	1.73e-04	9.57e-05
 7.59988e+16	1.22e-03	8.84e-02	9.10e-01	1.36e-05	0.00e+00	0.00e+00	0.00e+00	0.00e+00	0.00e+00	9.07e-04	2.00e-04	1.11e-04
 7.68102e+16	1.42e-03	9.57e-02	9.03e-01	1.25e-05	0.00e+00	0.00e+00	0.00e+00	0.00e+00	0.00e+00	1.06e-03	2.33e-04	1.29e-04
 7.76215e+16	1.66e-03	1.04e-01	8.94e-01	1.14e-05	0.00e+00	0.00e+00	0.00e+00	0.00e+00	0.00e+00	1.23e-03	2.72e-04	1.50e-04
 7.84329e+16	1.95e-03	1.13e-01	8.85e-01	1.03e-05	0.00e+00	0.00e+00	0.00e+00	0.00e+00	0.00e+00	1.45e-03	3.20e-04	1.77e-04
 7.92443e+16	2.31e-03	1.24e-01	8.74e-01	9.34e-06	0.00e+00	0.00e+00	0.00e+00	0.00e+00	0.00e+00	1.72e-03	3.78e-04	2.09e-04
 8.00557e+16	2.75e-03	1.36e-01	8.61e-01	8.38e-06	0.00e+00	0.00e+00	0.00e+00	0.00e+00	0.00e+00	2.05e-03	4.51e-04	2.49e-04
 8.07995e+16	3.27e-03	1.49e-01	8.48e-01	7.52e-06	0.00e+00	0.00e+00	0.00e+00	0.00e+00	0.00e+00	2.43e-03	5.34e-04	2.96e-04
