#depth	He	He+	He+2
 2.28524e+11	1.79e-03	9.98e-01	4.68e-04
 1.37114e+12	1.79e-03	9.98e-01	4.67e-04
 5.94163e+12	1.79e-03	9.98e-01	4.63e-04
 2.42236e+13	1.80e-03	9.98e-01	4.46e-04
 5.78623e+13	1.81e-03	9.98e-01	4.32e-04
 1.01593e+14	1.82e-03	9.98e-01	4.02e-04
 1.58442e+14	1.83e-03	9.98e-01	3.59e-04
 2.32346e+14	1.85e-03	9.98e-01	3.02e-04
 3.28422e+14	1.88e-03	9.98e-01	2.37e-04
 4.53320e+14	1.92e-03	9.98e-01	1.70e-04
 6.15688e+14	1.97e-03	9.98e-01	1.08e-04
 8.26766e+14	2.05e-03	9.98e-01	5.92e-05
 1.10117e+15	2.15e-03	9.98e-01	2.71e-05
 1.45789e+15	2.30e-03	9.98e-01	9.96e-06
 1.84686e+15	2.45e-03	9.98e-01	3.32e-06
 2.20382e+15	2.61e-03	9.97e-01	1.24e-06
 2.53347e+15	2.77e-03	9.97e-01	5.17e-07
 2.85026e+15	2.93e-03	9.97e-01	2.28e-07
 3.16146e+15	3.11e-03	9.97e-01	1.05e-07
 3.46764e+15	3.29e-03	9.97e-01	5.04e-08
 3.76864e+15	3.48e-03	9.97e-01	2.51e-08
 4.06535e+15	3.68e-03	9.96e-01	1.30e-08
 4.35901e+15	3.90e-03	9.96e-01	6.98e-09
 4.65042e+15	4.12e-03	9.96e-01	3.87e-09
 4.93990e+15	4.36e-03	9.96e-01	2.21e-09
 5.22767e+15	4.61e-03	9.95e-01	1.30e-09
 5.51386e+15	4.88e-03	9.95e-01	7.91e-10
 5.79849e+15	5.16e-03	9.95e-01	4.95e-10
 6.08159e+15	5.46e-03	9.95e-01	3.20e-10
 6.36187e+15	5.79e-03	9.94e-01	2.14e-10
 6.63730e+15	6.13e-03	9.94e-01	1.49e-10
 6.90771e+15	6.49e-03	9.94e-01	1.08e-10
 7.17458e+15	6.87e-03	9.93e-01	8.06e-11
 7.43883e+15	7.28e-03	9.93e-01	6.27e-11
 7.70045e+15	7.73e-03	9.92e-01	5.05e-11
 7.95956e+15	8.21e-03	9.92e-01	4.22e-11
 8.21676e+15	8.74e-03	9.91e-01	3.64e-11
 8.47266e+15	9.32e-03	9.91e-01	3.24e-11
 8.72529e+15	9.96e-03	9.90e-01	2.97e-11
 8.97080e+15	1.07e-02	9.89e-01	2.79e-11
 9.20689e+15	1.14e-02	9.89e-01	2.67e-11
 9.43372e+15	1.23e-02	9.88e-01	2.61e-11
 9.65298e+15	1.32e-02	9.87e-01	2.58e-11
 9.86543e+15	1.43e-02	9.86e-01	2.58e-11
 1.00698e+16	1.55e-02	9.84e-01	2.62e-11
 1.02651e+16	1.69e-02	9.83e-01	2.69e-11
 1.04521e+16	1.85e-02	9.82e-01	2.78e-11
 1.06303e+16	2.03e-02	9.80e-01	2.92e-11
 1.07992e+16	2.25e-02	9.78e-01	3.10e-11
 1.09579e+16	2.50e-02	9.75e-01	3.35e-11
 1.11066e+16	2.80e-02	9.72e-01	3.60e-11
 1.12442e+16	3.15e-02	9.69e-01	3.98e-11
 1.13701e+16	3.56e-02	9.64e-01	4.37e-11
 1.14688e+16	3.96e-02	9.60e-01	5.13e-11
 1.15372e+16	4.31e-02	9.57e-01	5.65e-11
 1.15967e+16	4.67e-02	9.53e-01	6.22e-11
 1.16650e+16	5.15e-02	9.49e-01	7.05e-11
 1.17355e+16	5.74e-02	9.43e-01	8.20e-11
 1.17908e+16	6.31e-02	9.37e-01	9.41e-11
 1.18343e+16	6.85e-02	9.32e-01	1.05e-10
 1.18805e+16	7.50e-02	9.25e-01	1.23e-10
 1.19298e+16	8.31e-02	9.17e-01	1.45e-10
 1.19709e+16	9.11e-02	9.09e-01	1.69e-10
 1.20042e+16	9.88e-02	9.01e-01	1.92e-10
 1.20397e+16	1.08e-01	8.92e-01	2.23e-10
 1.20775e+16	1.19e-01	8.81e-01	2.69e-10
 1.21097e+16	1.30e-01	8.70e-01	3.13e-10
 1.21373e+16	1.40e-01	8.60e-01	3.57e-10
 1.21640e+16	1.52e-01	8.48e-01	4.10e-10
 1.21908e+16	1.64e-01	8.36e-01	4.74e-10
 1.22146e+16	1.76e-01	8.24e-01	5.33e-10
 1.22358e+16	1.87e-01	8.13e-01	5.99e-10
 1.22555e+16	1.99e-01	8.01e-01	6.61e-10
 1.22746e+16	2.11e-01	7.89e-01	7.32e-10
 1.22929e+16	2.23e-01	7.77e-01	8.02e-10
 1.23071e+16	2.33e-01	7.67e-01	8.63e-10
 1.23168e+16	2.40e-01	7.60e-01	9.06e-10
 1.23263e+16	2.47e-01	7.53e-01	9.49e-10
 1.23373e+16	2.56e-01	7.44e-01	9.99e-10
 1.23490e+16	2.66e-01	7.34e-01	1.06e-09
 1.23604e+16	2.75e-01	7.25e-01	1.12e-09
 1.23713e+16	2.85e-01	7.15e-01	1.18e-09
 1.23823e+16	2.95e-01	7.05e-01	1.24e-09
 1.23933e+16	3.04e-01	6.96e-01	1.30e-09
 1.24044e+16	3.15e-01	6.85e-01	1.37e-09
 1.24155e+16	3.26e-01	6.74e-01	1.44e-09
 1.24264e+16	3.37e-01	6.63e-01	1.51e-09
 1.24373e+16	3.48e-01	6.52e-01	1.58e-09
 1.24484e+16	3.60e-01	6.40e-01	1.65e-09
 1.24595e+16	3.71e-01	6.29e-01	1.73e-09
 1.24705e+16	3.83e-01	6.17e-01	1.81e-09
 1.24816e+16	3.95e-01	6.05e-01	1.89e-09
 1.24926e+16	4.08e-01	5.92e-01	1.97e-09
 1.25039e+16	4.21e-01	5.79e-01	2.05e-09
 1.25149e+16	4.33e-01	5.67e-01	2.14e-09
 1.25259e+16	4.46e-01	5.54e-01	2.22e-09
 1.25370e+16	4.60e-01	5.40e-01	2.30e-09
 1.25482e+16	4.73e-01	5.27e-01	2.40e-09
 1.25594e+16	4.86e-01	5.14e-01	2.48e-09
 1.25707e+16	5.00e-01	5.00e-01	2.57e-09
 1.25818e+16	5.14e-01	4.86e-01	2.65e-09
 1.25929e+16	5.27e-01	4.73e-01	2.74e-09
 1.26041e+16	5.41e-01	4.59e-01	2.82e-09
 1.26152e+16	5.54e-01	4.46e-01	2.92e-09
 1.26261e+16	5.68e-01	4.32e-01	3.00e-09
 1.26369e+16	5.81e-01	4.19e-01	3.07e-09
 1.26478e+16	5.94e-01	4.06e-01	3.15e-09
 1.26588e+16	6.07e-01	3.93e-01	3.23e-09
 1.26696e+16	6.20e-01	3.80e-01	3.31e-09
 1.26802e+16	6.33e-01	3.67e-01	3.38e-09
 1.26907e+16	6.45e-01	3.55e-01	3.45e-09
 1.27012e+16	6.57e-01	3.43e-01	3.51e-09
 1.27117e+16	6.69e-01	3.31e-01	3.58e-09
 1.27221e+16	6.81e-01	3.19e-01	3.64e-09
 1.27325e+16	6.92e-01	3.08e-01	3.70e-09
 1.27428e+16	7.03e-01	2.97e-01	3.75e-09
 1.27530e+16	7.14e-01	2.86e-01	3.80e-09
 1.27633e+16	7.24e-01	2.76e-01	3.85e-09
 1.27735e+16	7.35e-01	2.65e-01	3.90e-09
 1.27836e+16	7.45e-01	2.55e-01	3.95e-09
 1.27937e+16	7.54e-01	2.46e-01	3.99e-09
 1.28037e+16	7.64e-01	2.36e-01	4.03e-09
 1.28136e+16	7.73e-01	2.27e-01	4.06e-09
 1.28236e+16	7.82e-01	2.18e-01	4.09e-09
 1.28336e+16	7.91e-01	2.09e-01	4.12e-09
 1.28434e+16	7.99e-01	2.01e-01	4.15e-09
 1.28531e+16	8.07e-01	1.93e-01	4.17e-09
 1.28630e+16	8.15e-01	1.85e-01	4.19e-09
 1.28730e+16	8.23e-01	1.77e-01	4.21e-09
 1.28827e+16	8.30e-01	1.70e-01	4.22e-09
 1.28923e+16	8.37e-01	1.63e-01	4.23e-09
 1.29021e+16	8.44e-01	1.56e-01	4.24e-09
 1.29119e+16	8.50e-01	1.50e-01	4.25e-09
 1.29213e+16	8.56e-01	1.44e-01	4.25e-09
 1.29308e+16	8.63e-01	1.37e-01	4.25e-09
 1.29406e+16	8.68e-01	1.32e-01	4.26e-09
 1.29503e+16	8.74e-01	1.26e-01	4.26e-09
 1.29595e+16	8.79e-01	1.21e-01	4.25e-09
 1.29687e+16	8.85e-01	1.15e-01	4.22e-09
 1.29784e+16	8.90e-01	1.10e-01	4.21e-09
 1.29882e+16	8.95e-01	1.05e-01	4.21e-09
 1.29975e+16	8.99e-01	1.01e-01	4.20e-09
 1.30066e+16	9.03e-01	9.67e-02	4.19e-09
 1.30156e+16	9.07e-01	9.27e-02	4.19e-09
 1.30244e+16	9.11e-01	8.89e-02	4.17e-09
 1.30333e+16	9.15e-01	8.50e-02	4.14e-09
 1.30425e+16	9.19e-01	8.13e-02	4.12e-09
 1.30516e+16	9.22e-01	7.78e-02	4.10e-09
 1.30604e+16	9.25e-01	7.45e-02	4.07e-09
 1.30689e+16	9.29e-01	7.15e-02	4.05e-09
 1.30775e+16	9.32e-01	6.85e-02	4.03e-09
 1.30861e+16	9.34e-01	6.57e-02	4.00e-09
 1.30942e+16	9.37e-01	6.31e-02	3.98e-09
 1.31018e+16	9.39e-01	6.08e-02	3.96e-09
 1.31089e+16	9.41e-01	5.87e-02	3.93e-09
 1.31156e+16	9.43e-01	5.68e-02	3.90e-09
 1.31219e+16	9.45e-01	5.50e-02	3.87e-09
 1.31279e+16	9.47e-01	5.33e-02	3.84e-09
 1.31337e+16	9.48e-01	5.18e-02	3.81e-09
 1.31393e+16	9.50e-01	5.03e-02	3.77e-09
 1.31446e+16	9.51e-01	4.89e-02	3.74e-09
 1.31499e+16	9.52e-01	4.76e-02	3.71e-09
 1.31550e+16	9.54e-01	4.64e-02	3.68e-09
 1.31602e+16	9.55e-01	4.51e-02	3.65e-09
 1.31654e+16	9.56e-01	4.39e-02	3.60e-09
 1.31707e+16	9.57e-01	4.27e-02	3.56e-09
 1.31759e+16	9.58e-01	4.15e-02	3.52e-09
 1.31806e+16	9.59e-01	4.05e-02	3.48e-09
 1.31847e+16	9.60e-01	3.96e-02	3.44e-09
 1.31884e+16	9.61e-01	3.88e-02	3.40e-09
 1.31920e+16	9.62e-01	3.80e-02	3.36e-09
 1.31954e+16	9.63e-01	3.73e-02	3.32e-09
 1.31986e+16	9.63e-01	3.67e-02	3.28e-09
 1.32016e+16	9.64e-01	3.60e-02	3.24e-09
 1.32045e+16	9.65e-01	3.54e-02	3.21e-09
 1.32071e+16	9.65e-01	3.49e-02	3.17e-09
 1.32095e+16	9.66e-01	3.44e-02	3.13e-09
 1.32116e+16	9.66e-01	3.39e-02	3.10e-09
 1.32136e+16	9.66e-01	3.35e-02	3.07e-09
 1.32154e+16	9.67e-01	3.31e-02	3.05e-09
 1.32171e+16	9.67e-01	3.28e-02	3.02e-09
 1.32185e+16	9.68e-01	3.25e-02	3.00e-09
 1.32202e+16	9.68e-01	3.21e-02	2.97e-09
 1.32219e+16	9.68e-01	3.18e-02	2.95e-09
