#depth	H	H+	H2
 2.28524e+11	1.22e-03	9.99e-01	4.91e-13
 1.37114e+12	1.22e-03	9.99e-01	4.91e-13
 5.94163e+12	1.22e-03	9.99e-01	4.91e-13
 2.42236e+13	1.22e-03	9.99e-01	4.96e-13
 5.78623e+13	1.21e-03	9.99e-01	4.97e-13
 1.01593e+14	1.21e-03	9.99e-01	5.05e-13
 1.58442e+14	1.21e-03	9.99e-01	5.14e-13
 2.32346e+14	1.21e-03	9.99e-01	5.28e-13
 3.28422e+14	1.22e-03	9.99e-01	5.48e-13
 4.53320e+14	1.23e-03	9.99e-01	5.76e-13
 6.15688e+14	1.26e-03	9.99e-01	6.16e-13
 8.26766e+14	1.30e-03	9.99e-01	6.74e-13
 1.10117e+15	1.37e-03	9.99e-01	7.60e-13
 1.45789e+15	1.47e-03	9.99e-01	8.88e-13
 1.84686e+15	1.58e-03	9.98e-01	1.04e-12
 2.20382e+15	1.70e-03	9.98e-01	1.21e-12
 2.53347e+15	1.83e-03	9.98e-01	1.38e-12
 2.85026e+15	1.98e-03	9.98e-01	1.56e-12
 3.16146e+15	2.13e-03	9.98e-01	1.76e-12
 3.46764e+15	2.30e-03	9.98e-01	1.97e-12
 3.76864e+15	2.48e-03	9.98e-01	2.19e-12
 4.06535e+15	2.68e-03	9.97e-01	2.42e-12
 4.35901e+15	2.89e-03	9.97e-01	2.65e-12
 4.65042e+15	3.11e-03	9.97e-01	2.89e-12
 4.93990e+15	3.36e-03	9.97e-01	3.14e-12
 5.22767e+15	3.63e-03	9.96e-01	3.39e-12
 5.51386e+15	3.91e-03	9.96e-01	3.64e-12
 5.79849e+15	4.23e-03	9.96e-01	3.90e-12
 6.08159e+15	4.57e-03	9.95e-01	4.15e-12
 6.36187e+15	4.95e-03	9.95e-01	4.40e-12
 6.63730e+15	5.36e-03	9.95e-01	4.65e-12
 6.90771e+15	5.80e-03	9.94e-01	4.89e-12
 7.17458e+15	6.29e-03	9.94e-01	5.12e-12
 7.43883e+15	6.83e-03	9.93e-01	5.35e-12
 7.70045e+15	7.43e-03	9.93e-01	5.57e-12
 7.95956e+15	8.10e-03	9.92e-01	5.78e-12
 8.21676e+15	8.85e-03	9.91e-01	6.00e-12
 8.47266e+15	9.72e-03	9.90e-01	6.21e-12
 8.72529e+15	1.07e-02	9.89e-01	6.42e-12
 8.97080e+15	1.18e-02	9.88e-01	6.65e-12
 9.20689e+15	1.31e-02	9.87e-01	6.90e-12
 9.43372e+15	1.45e-02	9.85e-01	7.17e-12
 9.65298e+15	1.62e-02	9.84e-01	7.46e-12
 9.86543e+15	1.82e-02	9.82e-01	7.83e-12
 1.00698e+16	2.05e-02	9.79e-01	8.25e-12
 1.02651e+16	2.32e-02	9.77e-01	8.75e-12
 1.04521e+16	2.65e-02	9.74e-01	9.37e-12
 1.06303e+16	3.04e-02	9.70e-01	1.01e-11
 1.07992e+16	3.52e-02	9.65e-01	1.11e-11
 1.09579e+16	4.10e-02	9.59e-01	1.23e-11
 1.11066e+16	4.83e-02	9.52e-01	1.39e-11
 1.12442e+16	5.71e-02	9.43e-01	1.58e-11
 1.13701e+16	6.81e-02	9.32e-01	1.83e-11
 1.14688e+16	7.92e-02	9.21e-01	2.10e-11
 1.15372e+16	8.89e-02	9.11e-01	2.34e-11
 1.15967e+16	9.90e-02	9.01e-01	2.59e-11
 1.16650e+16	1.13e-01	8.87e-01	2.93e-11
 1.17355e+16	1.31e-01	8.69e-01	3.39e-11
 1.17908e+16	1.48e-01	8.52e-01	3.86e-11
 1.18343e+16	1.64e-01	8.36e-01	4.32e-11
 1.18805e+16	1.84e-01	8.16e-01	4.86e-11
 1.19298e+16	2.09e-01	7.91e-01	5.62e-11
 1.19709e+16	2.34e-01	7.66e-01	6.39e-11
 1.20042e+16	2.57e-01	7.43e-01	7.15e-11
 1.20397e+16	2.84e-01	7.16e-01	8.06e-11
 1.20775e+16	3.14e-01	6.86e-01	9.18e-11
 1.21097e+16	3.44e-01	6.56e-01	1.03e-10
 1.21373e+16	3.71e-01	6.29e-01	1.15e-10
 1.21640e+16	3.99e-01	6.01e-01	1.27e-10
 1.21908e+16	4.28e-01	5.72e-01	1.41e-10
 1.22146e+16	4.55e-01	5.45e-01	1.55e-10
 1.22358e+16	4.78e-01	5.22e-01	1.67e-10
 1.22555e+16	5.01e-01	4.99e-01	1.81e-10
 1.22746e+16	5.23e-01	4.77e-01	1.95e-10
 1.22929e+16	5.45e-01	4.55e-01	2.10e-10
 1.23071e+16	5.60e-01	4.40e-01	2.21e-10
 1.23168e+16	5.71e-01	4.29e-01	2.29e-10
 1.23263e+16	5.82e-01	4.18e-01	2.38e-10
 1.23373e+16	5.94e-01	4.06e-01	2.49e-10
 1.23490e+16	6.07e-01	3.93e-01	2.60e-10
 1.23604e+16	6.20e-01	3.80e-01	2.72e-10
 1.23713e+16	6.31e-01	3.69e-01	2.83e-10
 1.23823e+16	6.44e-01	3.56e-01	2.96e-10
 1.23933e+16	6.55e-01	3.45e-01	3.08e-10
 1.24044e+16	6.67e-01	3.33e-01	3.22e-10
 1.24155e+16	6.78e-01	3.22e-01	3.36e-10
 1.24264e+16	6.89e-01	3.11e-01	3.50e-10
 1.24373e+16	7.00e-01	3.00e-01	3.65e-10
 1.24484e+16	7.11e-01	2.89e-01	3.82e-10
 1.24595e+16	7.21e-01	2.79e-01	3.97e-10
 1.24705e+16	7.31e-01	2.69e-01	4.16e-10
 1.24816e+16	7.41e-01	2.59e-01	4.32e-10
 1.24926e+16	7.51e-01	2.49e-01	4.53e-10
 1.25039e+16	7.60e-01	2.40e-01	4.73e-10
 1.25149e+16	7.70e-01	2.30e-01	4.94e-10
 1.25259e+16	7.78e-01	2.22e-01	5.14e-10
 1.25370e+16	7.87e-01	2.13e-01	5.40e-10
 1.25482e+16	7.95e-01	2.05e-01	5.61e-10
 1.25594e+16	8.04e-01	1.96e-01	5.88e-10
 1.25707e+16	8.12e-01	1.88e-01	6.16e-10
 1.25818e+16	8.19e-01	1.81e-01	6.43e-10
 1.25929e+16	8.27e-01	1.73e-01	6.71e-10
 1.26041e+16	8.34e-01	1.66e-01	7.05e-10
 1.26152e+16	8.41e-01	1.59e-01	7.34e-10
 1.26261e+16	8.47e-01	1.53e-01	7.70e-10
 1.26369e+16	8.54e-01	1.46e-01	8.06e-10
 1.26478e+16	8.60e-01	1.40e-01	8.42e-10
 1.26588e+16	8.65e-01	1.35e-01	8.83e-10
 1.26696e+16	8.71e-01	1.29e-01	9.24e-10
 1.26802e+16	8.76e-01	1.24e-01	9.66e-10
 1.26907e+16	8.81e-01	1.19e-01	1.01e-09
 1.27012e+16	8.86e-01	1.14e-01	1.06e-09
 1.27117e+16	8.90e-01	1.10e-01	1.11e-09
 1.27221e+16	8.95e-01	1.05e-01	1.16e-09
 1.27325e+16	8.99e-01	1.01e-01	1.21e-09
 1.27428e+16	9.03e-01	9.69e-02	1.27e-09
 1.27530e+16	9.07e-01	9.31e-02	1.33e-09
 1.27633e+16	9.11e-01	8.94e-02	1.39e-09
 1.27735e+16	9.14e-01	8.59e-02	1.46e-09
 1.27836e+16	9.17e-01	8.25e-02	1.53e-09
 1.27937e+16	9.21e-01	7.93e-02	1.60e-09
 1.28037e+16	9.24e-01	7.62e-02	1.69e-09
 1.28136e+16	9.27e-01	7.33e-02	1.76e-09
 1.28236e+16	9.30e-01	7.04e-02	1.85e-09
 1.28336e+16	9.32e-01	6.76e-02	1.96e-09
 1.28434e+16	9.35e-01	6.50e-02	2.06e-09
 1.28531e+16	9.37e-01	6.27e-02	2.14e-09
 1.28630e+16	9.40e-01	6.02e-02	2.26e-09
 1.28730e+16	9.42e-01	5.78e-02	2.39e-09
 1.28827e+16	9.44e-01	5.56e-02	2.53e-09
 1.28923e+16	9.46e-01	5.35e-02	2.65e-09
 1.29021e+16	9.49e-01	5.15e-02	2.81e-09
 1.29119e+16	9.51e-01	4.94e-02	2.99e-09
 1.29213e+16	9.52e-01	4.76e-02	3.16e-09
 1.29308e+16	9.54e-01	4.58e-02	3.32e-09
 1.29406e+16	9.56e-01	4.40e-02	3.54e-09
 1.29503e+16	9.58e-01	4.23e-02	3.77e-09
 1.29595e+16	9.59e-01	4.07e-02	4.02e-09
 1.29687e+16	9.61e-01	3.91e-02	4.30e-09
 1.29784e+16	9.62e-01	3.76e-02	4.60e-09
 1.29882e+16	9.64e-01	3.61e-02	4.92e-09
 1.29975e+16	9.65e-01	3.47e-02	5.27e-09
 1.30066e+16	9.67e-01	3.34e-02	5.68e-09
 1.30156e+16	9.68e-01	3.22e-02	6.10e-09
 1.30244e+16	9.69e-01	3.10e-02	6.57e-09
 1.30333e+16	9.70e-01	2.98e-02	7.14e-09
 1.30425e+16	9.71e-01	2.86e-02	7.80e-09
 1.30516e+16	9.73e-01	2.74e-02	8.61e-09
 1.30604e+16	9.74e-01	2.64e-02	9.47e-09
 1.30689e+16	9.75e-01	2.54e-02	1.04e-08
 1.30775e+16	9.76e-01	2.44e-02	1.16e-08
 1.30861e+16	9.77e-01	2.34e-02	1.30e-08
 1.30942e+16	9.78e-01	2.25e-02	1.46e-08
 1.31018e+16	9.78e-01	2.17e-02	1.63e-08
 1.31089e+16	9.79e-01	2.10e-02	1.82e-08
 1.31156e+16	9.80e-01	2.03e-02	2.04e-08
 1.31219e+16	9.80e-01	1.96e-02	2.27e-08
 1.31279e+16	9.81e-01	1.90e-02	2.54e-08
 1.31337e+16	9.82e-01	1.84e-02	2.83e-08
 1.31393e+16	9.82e-01	1.79e-02	3.16e-08
 1.31446e+16	9.83e-01	1.74e-02	3.52e-08
 1.31499e+16	9.83e-01	1.69e-02	3.91e-08
 1.31550e+16	9.84e-01	1.64e-02	4.34e-08
 1.31602e+16	9.84e-01	1.59e-02	4.82e-08
 1.31654e+16	9.85e-01	1.54e-02	5.33e-08
 1.31707e+16	9.85e-01	1.48e-02	5.88e-08
 1.31759e+16	9.86e-01	1.43e-02	6.40e-08
 1.31806e+16	9.86e-01	1.39e-02	6.81e-08
 1.31847e+16	9.87e-01	1.35e-02	7.14e-08
 1.31884e+16	9.87e-01	1.31e-02	7.40e-08
 1.31920e+16	9.87e-01	1.28e-02	7.63e-08
 1.31954e+16	9.88e-01	1.25e-02	7.81e-08
 1.31986e+16	9.88e-01	1.21e-02	7.97e-08
 1.32016e+16	9.88e-01	1.19e-02	8.10e-08
 1.32045e+16	9.88e-01	1.16e-02	8.22e-08
 1.32071e+16	9.89e-01	1.13e-02	8.33e-08
 1.32095e+16	9.89e-01	1.11e-02	8.43e-08
 1.32116e+16	9.89e-01	1.09e-02	8.52e-08
 1.32136e+16	9.89e-01	1.07e-02	8.61e-08
 1.32154e+16	9.89e-01	1.06e-02	8.69e-08
 1.32171e+16	9.90e-01	1.04e-02	8.77e-08
 1.32185e+16	9.90e-01	1.03e-02	8.84e-08
 1.32202e+16	9.90e-01	1.01e-02	8.93e-08
 1.32219e+16	9.90e-01	9.92e-03	9.05e-08
