#depth	O	O+	O+2	O+3	O+4	O+5	O+6	O+7	O+8	O[1]	O[2]	O[3]
 2.28524e+11	3.73e-05	4.62e-02	9.54e-01	1.94e-04	0.00e+00	0.00e+00	0.00e+00	0.00e+00	0.00e+00	2.47e-05	8.77e-06	3.80e-06
 1.37114e+12	3.73e-05	4.62e-02	9.54e-01	1.93e-04	0.00e+00	0.00e+00	0.00e+00	0.00e+00	0.00e+00	2.47e-05	8.77e-06	3.80e-06
 5.94163e+12	3.73e-05	4.63e-02	9.54e-01	1.90e-04	0.00e+00	0.00e+00	0.00e+00	0.00e+00	0.00e+00	2.47e-05	8.79e-06	3.81e-06
 2.42236e+13	3.77e-05	4.65e-02	9.53e-01	1.79e-04	0.00e+00	0.00e+00	0.00e+00	0.00e+00	0.00e+00	2.49e-05	8.89e-06	3.86e-06
 5.78623e+13	3.78e-05	4.67e-02	9.53e-01	1.63e-04	0.00e+00	0.00e+00	0.00e+00	0.00e+00	0.00e+00	2.50e-05	8.92e-06	3.88e-06
 1.01593e+14	3.82e-05	4.71e-02	9.53e-01	1.45e-04	0.00e+00	0.00e+00	0.00e+00	0.00e+00	0.00e+00	2.53e-05	9.02e-06	3.92e-06
 1.58442e+14	3.89e-05	4.76e-02	9.52e-01	1.23e-04	0.00e+00	0.00e+00	0.00e+00	0.00e+00	0.00e+00	2.57e-05	9.18e-06	3.99e-06
 2.32346e+14	3.99e-05	4.83e-02	9.52e-01	9.97e-05	0.00e+00	0.00e+00	0.00e+00	0.00e+00	0.00e+00	2.64e-05	9.41e-06	4.10e-06
 3.28422e+14	4.14e-05	4.93e-02	9.51e-01	7.55e-05	0.00e+00	0.00e+00	0.00e+00	0.00e+00	0.00e+00	2.73e-05	9.75e-06	4.25e-06
 4.53320e+14	4.35e-05	5.06e-02	9.49e-01	5.24e-05	0.00e+00	0.00e+00	0.00e+00	0.00e+00	0.00e+00	2.88e-05	1.03e-05	4.47e-06
 6.15688e+14	4.67e-05	5.23e-02	9.48e-01	3.26e-05	0.00e+00	0.00e+00	0.00e+00	0.00e+00	0.00e+00	3.09e-05	1.10e-05	4.79e-06
 8.26766e+14	5.15e-05	5.48e-02	9.45e-01	1.76e-05	0.00e+00	0.00e+00	0.00e+00	0.00e+00	0.00e+00	3.41e-05	1.21e-05	5.28e-06
 1.10117e+15	5.88e-05	5.81e-02	9.42e-01	8.02e-06	0.00e+00	0.00e+00	0.00e+00	0.00e+00	0.00e+00	3.90e-05	1.38e-05	6.02e-06
 1.45789e+15	7.04e-05	6.29e-02	9.37e-01	2.94e-06	0.00e+00	0.00e+00	0.00e+00	0.00e+00	0.00e+00	4.67e-05	1.65e-05	7.19e-06
 1.84686e+15	8.46e-05	6.83e-02	9.32e-01	1.02e-06	0.00e+00	0.00e+00	0.00e+00	0.00e+00	0.00e+00	5.62e-05	1.98e-05	8.63e-06
 2.20382e+15	1.01e-04	7.38e-02	9.26e-01	4.05e-07	0.00e+00	0.00e+00	0.00e+00	0.00e+00	0.00e+00	6.69e-05	2.35e-05	1.03e-05
 2.53347e+15	1.19e-04	7.94e-02	9.20e-01	1.84e-07	0.00e+00	0.00e+00	0.00e+00	0.00e+00	0.00e+00	7.92e-05	2.78e-05	1.21e-05
 2.85026e+15	1.41e-04	8.54e-02	9.14e-01	0.00e+00	0.00e+00	0.00e+00	0.00e+00	0.00e+00	0.00e+00	9.36e-05	3.28e-05	1.43e-05
 3.16146e+15	1.66e-04	9.18e-02	9.08e-01	0.00e+00	0.00e+00	0.00e+00	0.00e+00	0.00e+00	0.00e+00	1.11e-04	3.87e-05	1.69e-05
 3.46764e+15	1.96e-04	9.87e-02	9.01e-01	0.00e+00	0.00e+00	0.00e+00	0.00e+00	0.00e+00	0.00e+00	1.31e-04	4.56e-05	1.99e-05
 3.76864e+15	2.31e-04	1.06e-01	8.94e-01	0.00e+00	0.00e+00	0.00e+00	0.00e+00	0.00e+00	0.00e+00	1.54e-04	5.37e-05	2.35e-05
 4.06535e+15	2.73e-04	1.14e-01	8.86e-01	0.00e+00	0.00e+00	0.00e+00	0.00e+00	0.00e+00	0.00e+00	1.82e-04	6.33e-05	2.77e-05
 4.35901e+15	3.21e-04	1.23e-01	8.77e-01	0.00e+00	0.00e+00	0.00e+00	0.00e+00	0.00e+00	0.00e+00	2.14e-04	7.46e-05	3.26e-05
 4.65042e+15	3.79e-04	1.32e-01	8.67e-01	0.00e+00	0.00e+00	0.00e+00	0.00e+00	0.00e+00	0.00e+00	2.53e-04	8.80e-05	3.84e-05
 4.93990e+15	4.47e-04	1.42e-01	8.57e-01	0.00e+00	0.00e+00	0.00e+00	0.00e+00	0.00e+00	0.00e+00	2.98e-04	1.04e-04	4.53e-05
 5.22767e+15	5.28e-04	1.53e-01	8.46e-01	0.00e+00	0.00e+00	0.00e+00	0.00e+00	0.00e+00	0.00e+00	3.52e-04	1.23e-04	5.35e-05
 5.51386e+15	6.24e-04	1.65e-01	8.34e-01	0.00e+00	0.00e+00	0.00e+00	0.00e+00	0.00e+00	0.00e+00	4.16e-04	1.45e-04	6.33e-05
 5.79849e+15	7.38e-04	1.78e-01	8.21e-01	0.00e+00	0.00e+00	0.00e+00	0.00e+00	0.00e+00	0.00e+00	4.92e-04	1.72e-04	7.49e-05
 6.08159e+15	8.75e-04	1.93e-01	8.06e-01	0.00e+00	0.00e+00	0.00e+00	0.00e+00	0.00e+00	0.00e+00	5.83e-04	2.03e-04	8.88e-05
 6.36187e+15	1.04e-03	2.08e-01	7.91e-01	0.00e+00	0.00e+00	0.00e+00	0.00e+00	0.00e+00	0.00e+00	6.91e-04	2.42e-04	1.05e-04
 6.63730e+15	1.23e-03	2.25e-01	7.73e-01	0.00e+00	0.00e+00	0.00e+00	0.00e+00	0.00e+00	0.00e+00	8.19e-04	2.87e-04	1.25e-04
 6.90771e+15	1.46e-03	2.44e-01	7.55e-01	0.00e+00	0.00e+00	0.00e+00	0.00e+00	0.00e+00	0.00e+00	9.71e-04	3.41e-04	1.49e-04
 7.17458e+15	1.73e-03	2.63e-01	7.35e-01	0.00e+00	0.00e+00	0.00e+00	0.00e+00	0.00e+00	0.00e+00	1.15e-03	4.05e-04	1.77e-04
 7.43883e+15	2.06e-03	2.85e-01	7.13e-01	0.00e+00	0.00e+00	0.00e+00	0.00e+00	0.00e+00	0.00e+00	1.37e-03	4.83e-04	2.11e-04
 7.70045e+15	2.46e-03	3.09e-01	6.89e-01	0.00e+00	0.00e+00	0.00e+00	0.00e+00	0.00e+00	0.00e+00	1.63e-03	5.77e-04	2.52e-04
 7.95956e+15	2.94e-03	3.34e-01	6.63e-01	0.00e+00	0.00e+00	0.00e+00	0.00e+00	0.00e+00	0.00e+00	1.95e-03	6.92e-04	3.01e-04
 8.21676e+15	3.53e-03	3.62e-01	6.34e-01	0.00e+00	0.00e+00	0.00e+00	0.00e+00	0.00e+00	0.00e+00	2.33e-03	8.31e-04	3.62e-04
 8.47266e+15	4.25e-03	3.93e-01	6.03e-01	0.00e+00	0.00e+00	0.00e+00	0.00e+00	0.00e+00	0.00e+00	2.81e-03	1.00e-03	4.36e-04
 8.72529e+15	5.13e-03	4.26e-01	5.69e-01	0.00e+00	0.00e+00	0.00e+00	0.00e+00	0.00e+00	0.00e+00	3.39e-03	1.21e-03	5.27e-04
 8.97080e+15	6.20e-03	4.61e-01	5.32e-01	0.00e+00	0.00e+00	0.00e+00	0.00e+00	0.00e+00	0.00e+00	4.09e-03	1.47e-03	6.37e-04
 9.20689e+15	7.49e-03	4.98e-01	4.95e-01	0.00e+00	0.00e+00	0.00e+00	0.00e+00	0.00e+00	0.00e+00	4.94e-03	1.78e-03	7.69e-04
 9.43372e+15	9.03e-03	5.35e-01	4.56e-01	0.00e+00	0.00e+00	0.00e+00	0.00e+00	0.00e+00	0.00e+00	5.95e-03	2.15e-03	9.27e-04
 9.65298e+15	1.09e-02	5.74e-01	4.15e-01	0.00e+00	0.00e+00	0.00e+00	0.00e+00	0.00e+00	0.00e+00	7.18e-03	2.60e-03	1.12e-03
 9.86543e+15	1.32e-02	6.13e-01	3.74e-01	0.00e+00	0.00e+00	0.00e+00	0.00e+00	0.00e+00	0.00e+00	8.67e-03	3.15e-03	1.35e-03
 1.00698e+16	1.59e-02	6.51e-01	3.33e-01	0.00e+00	0.00e+00	0.00e+00	0.00e+00	0.00e+00	0.00e+00	1.05e-02	3.82e-03	1.63e-03
 1.02651e+16	1.93e-02	6.89e-01	2.92e-01	0.00e+00	0.00e+00	0.00e+00	0.00e+00	0.00e+00	0.00e+00	1.27e-02	4.62e-03	1.97e-03
 1.04521e+16	2.33e-02	7.24e-01	2.53e-01	0.00e+00	0.00e+00	0.00e+00	0.00e+00	0.00e+00	0.00e+00	1.53e-02	5.60e-03	2.39e-03
 1.06303e+16	2.83e-02	7.57e-01	2.15e-01	0.00e+00	0.00e+00	0.00e+00	0.00e+00	0.00e+00	0.00e+00	1.86e-02	6.80e-03	2.89e-03
 1.07992e+16	3.43e-02	7.86e-01	1.80e-01	0.00e+00	0.00e+00	0.00e+00	0.00e+00	0.00e+00	0.00e+00	2.25e-02	8.26e-03	3.51e-03
 1.09579e+16	4.16e-02	8.10e-01	1.48e-01	0.00e+00	0.00e+00	0.00e+00	0.00e+00	0.00e+00	0.00e+00	2.73e-02	1.00e-02	4.25e-03
 1.11066e+16	5.07e-02	8.30e-01	1.20e-01	0.00e+00	0.00e+00	0.00e+00	0.00e+00	0.00e+00	0.00e+00	3.33e-02	1.22e-02	5.18e-03
 1.12442e+16	6.18e-02	8.43e-01	9.49e-02	0.00e+00	0.00e+00	0.00e+00	0.00e+00	0.00e+00	0.00e+00	4.06e-02	1.49e-02	6.31e-03
 1.13701e+16	7.55e-02	8.50e-01	7.41e-02	0.00e+00	0.00e+00	0.00e+00	0.00e+00	0.00e+00	0.00e+00	4.96e-02	1.81e-02	7.69e-03
 1.14688e+16	8.91e-02	8.51e-01	5.94e-02	0.00e+00	0.00e+00	0.00e+00	0.00e+00	0.00e+00	0.00e+00	5.86e-02	2.13e-02	9.07e-03
 1.15372e+16	1.01e-01	8.49e-01	4.99e-02	0.00e+00	0.00e+00	0.00e+00	0.00e+00	0.00e+00	0.00e+00	6.66e-02	2.41e-02	1.03e-02
 1.15967e+16	1.13e-01	8.44e-01	4.23e-02	0.00e+00	0.00e+00	0.00e+00	0.00e+00	0.00e+00	0.00e+00	7.47e-02	2.70e-02	1.15e-02
 1.16650e+16	1.30e-01	8.36e-01	3.44e-02	0.00e+00	0.00e+00	0.00e+00	0.00e+00	0.00e+00	0.00e+00	8.59e-02	3.09e-02	1.32e-02
 1.17355e+16	1.51e-01	8.22e-01	2.71e-02	0.00e+00	0.00e+00	0.00e+00	0.00e+00	0.00e+00	0.00e+00	1.00e-01	3.58e-02	1.53e-02
 1.17908e+16	1.72e-01	8.06e-01	2.20e-02	0.00e+00	0.00e+00	0.00e+00	0.00e+00	0.00e+00	0.00e+00	1.14e-01	4.04e-02	1.74e-02
 1.18343e+16	1.91e-01	7.91e-01	1.84e-02	0.00e+00	0.00e+00	0.00e+00	0.00e+00	0.00e+00	0.00e+00	1.27e-01	4.47e-02	1.93e-02
 1.18805e+16	2.14e-01	7.71e-01	1.50e-02	0.00e+00	0.00e+00	0.00e+00	0.00e+00	0.00e+00	0.00e+00	1.42e-01	4.98e-02	2.16e-02
 1.19298e+16	2.43e-01	7.45e-01	1.18e-02	0.00e+00	0.00e+00	0.00e+00	0.00e+00	0.00e+00	0.00e+00	1.62e-01	5.61e-02	2.45e-02
 1.19709e+16	2.71e-01	7.20e-01	9.51e-03	0.00e+00	0.00e+00	0.00e+00	0.00e+00	0.00e+00	0.00e+00	1.81e-01	6.20e-02	2.72e-02
 1.20042e+16	2.96e-01	6.96e-01	7.87e-03	0.00e+00	0.00e+00	0.00e+00	0.00e+00	0.00e+00	0.00e+00	1.99e-01	6.74e-02	2.97e-02
 1.20397e+16	3.26e-01	6.68e-01	6.35e-03	0.00e+00	0.00e+00	0.00e+00	0.00e+00	0.00e+00	0.00e+00	2.20e-01	7.35e-02	3.26e-02
 1.20775e+16	3.60e-01	6.35e-01	5.01e-03	0.00e+00	0.00e+00	0.00e+00	0.00e+00	0.00e+00	0.00e+00	2.44e-01	8.01e-02	3.58e-02
 1.21097e+16	3.92e-01	6.04e-01	4.02e-03	0.00e+00	0.00e+00	0.00e+00	0.00e+00	0.00e+00	0.00e+00	2.66e-01	8.62e-02	3.89e-02
 1.21373e+16	4.21e-01	5.76e-01	3.30e-03	0.00e+00	0.00e+00	0.00e+00	0.00e+00	0.00e+00	0.00e+00	2.88e-01	9.15e-02	4.16e-02
 1.21640e+16	4.50e-01	5.47e-01	2.71e-03	0.00e+00	0.00e+00	0.00e+00	0.00e+00	0.00e+00	0.00e+00	3.09e-01	9.66e-02	4.43e-02
 1.21908e+16	4.79e-01	5.18e-01	2.21e-03	0.00e+00	0.00e+00	0.00e+00	0.00e+00	0.00e+00	0.00e+00	3.31e-01	1.02e-01	4.69e-02
 1.22146e+16	5.07e-01	4.91e-01	1.82e-03	0.00e+00	0.00e+00	0.00e+00	0.00e+00	0.00e+00	0.00e+00	3.52e-01	1.06e-01	4.94e-02
 1.22358e+16	5.31e-01	4.68e-01	1.54e-03	0.00e+00	0.00e+00	0.00e+00	0.00e+00	0.00e+00	0.00e+00	3.70e-01	1.09e-01	5.14e-02
 1.22555e+16	5.54e-01	4.45e-01	1.30e-03	0.00e+00	0.00e+00	0.00e+00	0.00e+00	0.00e+00	0.00e+00	3.88e-01	1.13e-01	5.34e-02
 1.22746e+16	5.76e-01	4.23e-01	1.11e-03	0.00e+00	0.00e+00	0.00e+00	0.00e+00	0.00e+00	0.00e+00	4.05e-01	1.15e-01	5.52e-02
 1.22929e+16	5.97e-01	4.02e-01	9.40e-04	0.00e+00	0.00e+00	0.00e+00	0.00e+00	0.00e+00	0.00e+00	4.22e-01	1.18e-01	5.69e-02
 1.23071e+16	6.12e-01	3.87e-01	8.32e-04	0.00e+00	0.00e+00	0.00e+00	0.00e+00	0.00e+00	0.00e+00	4.34e-01	1.20e-01	5.80e-02
 1.23168e+16	6.22e-01	3.77e-01	7.64e-04	0.00e+00	0.00e+00	0.00e+00	0.00e+00	0.00e+00	0.00e+00	4.42e-01	1.21e-01	5.88e-02
 1.23263e+16	6.33e-01	3.67e-01	7.01e-04	0.00e+00	0.00e+00	0.00e+00	0.00e+00	0.00e+00	0.00e+00	4.51e-01	1.22e-01	5.96e-02
 1.23373e+16	6.45e-01	3.55e-01	6.33e-04	0.00e+00	0.00e+00	0.00e+00	0.00e+00	0.00e+00	0.00e+00	4.61e-01	1.23e-01	6.05e-02
 1.23490e+16	6.57e-01	3.42e-01	5.68e-04	0.00e+00	0.00e+00	0.00e+00	0.00e+00	0.00e+00	0.00e+00	4.72e-01	1.24e-01	6.14e-02
 1.23604e+16	6.69e-01	3.31e-01	5.11e-04	0.00e+00	0.00e+00	0.00e+00	0.00e+00	0.00e+00	0.00e+00	4.82e-01	1.25e-01	6.22e-02
 1.23713e+16	6.80e-01	3.20e-01	4.62e-04	0.00e+00	0.00e+00	0.00e+00	0.00e+00	0.00e+00	0.00e+00	4.91e-01	1.26e-01	6.29e-02
 1.23823e+16	6.91e-01	3.08e-01	4.16e-04	0.00e+00	0.00e+00	0.00e+00	0.00e+00	0.00e+00	0.00e+00	5.01e-01	1.27e-01	6.36e-02
 1.23933e+16	7.02e-01	2.98e-01	3.74e-04	0.00e+00	0.00e+00	0.00e+00	0.00e+00	0.00e+00	0.00e+00	5.10e-01	1.27e-01	6.43e-02
 1.24044e+16	7.13e-01	2.87e-01	3.36e-04	0.00e+00	0.00e+00	0.00e+00	0.00e+00	0.00e+00	0.00e+00	5.20e-01	1.28e-01	6.49e-02
 1.24155e+16	7.23e-01	2.76e-01	3.01e-04	0.00e+00	0.00e+00	0.00e+00	0.00e+00	0.00e+00	0.00e+00	5.30e-01	1.28e-01	6.55e-02
 1.24264e+16	7.33e-01	2.66e-01	2.70e-04	0.00e+00	0.00e+00	0.00e+00	0.00e+00	0.00e+00	0.00e+00	5.39e-01	1.29e-01	6.60e-02
 1.24373e+16	7.43e-01	2.57e-01	2.43e-04	0.00e+00	0.00e+00	0.00e+00	0.00e+00	0.00e+00	0.00e+00	5.48e-01	1.29e-01	6.65e-02
 1.24484e+16	7.53e-01	2.47e-01	2.17e-04	0.00e+00	0.00e+00	0.00e+00	0.00e+00	0.00e+00	0.00e+00	5.57e-01	1.29e-01	6.70e-02
 1.24595e+16	7.62e-01	2.37e-01	1.94e-04	0.00e+00	0.00e+00	0.00e+00	0.00e+00	0.00e+00	0.00e+00	5.66e-01	1.29e-01	6.74e-02
 1.24705e+16	7.72e-01	2.28e-01	1.73e-04	0.00e+00	0.00e+00	0.00e+00	0.00e+00	0.00e+00	0.00e+00	5.75e-01	1.29e-01	6.78e-02
 1.24816e+16	7.80e-01	2.19e-01	1.55e-04	0.00e+00	0.00e+00	0.00e+00	0.00e+00	0.00e+00	0.00e+00	5.83e-01	1.29e-01	6.81e-02
 1.24926e+16	7.89e-01	2.11e-01	1.38e-04	0.00e+00	0.00e+00	0.00e+00	0.00e+00	0.00e+00	0.00e+00	5.92e-01	1.29e-01	6.84e-02
 1.25039e+16	7.98e-01	2.02e-01	1.23e-04	0.00e+00	0.00e+00	0.00e+00	0.00e+00	0.00e+00	0.00e+00	6.01e-01	1.29e-01	6.86e-02
 1.25149e+16	8.06e-01	1.94e-01	1.09e-04	0.00e+00	0.00e+00	0.00e+00	0.00e+00	0.00e+00	0.00e+00	6.09e-01	1.28e-01	6.88e-02
 1.25259e+16	8.14e-01	1.86e-01	9.73e-05	0.00e+00	0.00e+00	0.00e+00	0.00e+00	0.00e+00	0.00e+00	6.17e-01	1.28e-01	6.90e-02
 1.25370e+16	8.22e-01	1.78e-01	8.63e-05	0.00e+00	0.00e+00	0.00e+00	0.00e+00	0.00e+00	0.00e+00	6.25e-01	1.27e-01	6.91e-02
 1.25482e+16	8.29e-01	1.71e-01	7.66e-05	0.00e+00	0.00e+00	0.00e+00	0.00e+00	0.00e+00	0.00e+00	6.33e-01	1.27e-01	6.92e-02
 1.25594e+16	8.36e-01	1.64e-01	6.79e-05	0.00e+00	0.00e+00	0.00e+00	0.00e+00	0.00e+00	0.00e+00	6.40e-01	1.26e-01	6.92e-02
 1.25707e+16	8.43e-01	1.57e-01	6.01e-05	0.00e+00	0.00e+00	0.00e+00	0.00e+00	0.00e+00	0.00e+00	6.48e-01	1.26e-01	6.92e-02
 1.25818e+16	8.50e-01	1.50e-01	5.32e-05	0.00e+00	0.00e+00	0.00e+00	0.00e+00	0.00e+00	0.00e+00	6.55e-01	1.25e-01	6.92e-02
 1.25929e+16	8.56e-01	1.44e-01	4.72e-05	0.00e+00	0.00e+00	0.00e+00	0.00e+00	0.00e+00	0.00e+00	6.62e-01	1.25e-01	6.92e-02
 1.26041e+16	8.62e-01	1.38e-01	4.16e-05	0.00e+00	0.00e+00	0.00e+00	0.00e+00	0.00e+00	0.00e+00	6.70e-01	1.24e-01	6.91e-02
 1.26152e+16	8.68e-01	1.32e-01	3.68e-05	0.00e+00	0.00e+00	0.00e+00	0.00e+00	0.00e+00	0.00e+00	6.76e-01	1.23e-01	6.90e-02
 1.26261e+16	8.74e-01	1.26e-01	3.27e-05	0.00e+00	0.00e+00	0.00e+00	0.00e+00	0.00e+00	0.00e+00	6.83e-01	1.22e-01	6.89e-02
 1.26369e+16	8.79e-01	1.21e-01	2.89e-05	0.00e+00	0.00e+00	0.00e+00	0.00e+00	0.00e+00	0.00e+00	6.89e-01	1.22e-01	6.87e-02
 1.26478e+16	8.84e-01	1.16e-01	2.56e-05	0.00e+00	0.00e+00	0.00e+00	0.00e+00	0.00e+00	0.00e+00	6.95e-01	1.21e-01	6.85e-02
 1.26588e+16	8.89e-01	1.11e-01	2.26e-05	0.00e+00	0.00e+00	0.00e+00	0.00e+00	0.00e+00	0.00e+00	7.01e-01	1.20e-01	6.83e-02
 1.26696e+16	8.94e-01	1.06e-01	2.00e-05	0.00e+00	0.00e+00	0.00e+00	0.00e+00	0.00e+00	0.00e+00	7.07e-01	1.19e-01	6.81e-02
 1.26802e+16	8.98e-01	1.02e-01	1.78e-05	0.00e+00	0.00e+00	0.00e+00	0.00e+00	0.00e+00	0.00e+00	7.12e-01	1.18e-01	6.79e-02
 1.26907e+16	9.03e-01	9.75e-02	1.58e-05	0.00e+00	0.00e+00	0.00e+00	0.00e+00	0.00e+00	0.00e+00	7.17e-01	1.18e-01	6.77e-02
 1.27012e+16	9.07e-01	9.34e-02	1.40e-05	0.00e+00	0.00e+00	0.00e+00	0.00e+00	0.00e+00	0.00e+00	7.22e-01	1.17e-01	6.74e-02
 1.27117e+16	9.10e-01	8.96e-02	1.24e-05	0.00e+00	0.00e+00	0.00e+00	0.00e+00	0.00e+00	0.00e+00	7.27e-01	1.16e-01	6.72e-02
 1.27221e+16	9.14e-01	8.59e-02	1.10e-05	0.00e+00	0.00e+00	0.00e+00	0.00e+00	0.00e+00	0.00e+00	7.32e-01	1.15e-01	6.69e-02
 1.27325e+16	9.18e-01	8.24e-02	9.81e-06	0.00e+00	0.00e+00	0.00e+00	0.00e+00	0.00e+00	0.00e+00	7.37e-01	1.14e-01	6.67e-02
 1.27428e+16	9.21e-01	7.90e-02	8.72e-06	0.00e+00	0.00e+00	0.00e+00	0.00e+00	0.00e+00	0.00e+00	7.41e-01	1.14e-01	6.64e-02
 1.27530e+16	9.24e-01	7.58e-02	7.75e-06	0.00e+00	0.00e+00	0.00e+00	0.00e+00	0.00e+00	0.00e+00	7.45e-01	1.13e-01	6.61e-02
 1.27633e+16	9.27e-01	7.27e-02	6.89e-06	0.00e+00	0.00e+00	0.00e+00	0.00e+00	0.00e+00	0.00e+00	7.49e-01	1.12e-01	6.58e-02
 1.27735e+16	9.30e-01	6.98e-02	6.12e-06	0.00e+00	0.00e+00	0.00e+00	0.00e+00	0.00e+00	0.00e+00	7.53e-01	1.11e-01	6.55e-02
 1.27836e+16	9.33e-01	6.70e-02	5.45e-06	0.00e+00	0.00e+00	0.00e+00	0.00e+00	0.00e+00	0.00e+00	7.57e-01	1.10e-01	6.52e-02
 1.27937e+16	9.36e-01	6.43e-02	4.85e-06	0.00e+00	0.00e+00	0.00e+00	0.00e+00	0.00e+00	0.00e+00	7.61e-01	1.10e-01	6.48e-02
 1.28037e+16	9.38e-01	6.17e-02	4.32e-06	0.00e+00	0.00e+00	0.00e+00	0.00e+00	0.00e+00	0.00e+00	7.65e-01	1.09e-01	6.45e-02
 1.28136e+16	9.41e-01	5.93e-02	3.85e-06	0.00e+00	0.00e+00	0.00e+00	0.00e+00	0.00e+00	0.00e+00	7.68e-01	1.08e-01	6.42e-02
 1.28236e+16	9.43e-01	5.70e-02	3.43e-06	0.00e+00	0.00e+00	0.00e+00	0.00e+00	0.00e+00	0.00e+00	7.72e-01	1.08e-01	6.39e-02
 1.28336e+16	9.45e-01	5.47e-02	3.06e-06	0.00e+00	0.00e+00	0.00e+00	0.00e+00	0.00e+00	0.00e+00	7.75e-01	1.07e-01	6.35e-02
 1.28434e+16	9.47e-01	5.25e-02	2.73e-06	0.00e+00	0.00e+00	0.00e+00	0.00e+00	0.00e+00	0.00e+00	7.78e-01	1.06e-01	6.32e-02
 1.28531e+16	9.49e-01	5.06e-02	2.44e-06	0.00e+00	0.00e+00	0.00e+00	0.00e+00	0.00e+00	0.00e+00	7.81e-01	1.06e-01	6.29e-02
 1.28630e+16	9.51e-01	4.85e-02	2.17e-06	0.00e+00	0.00e+00	0.00e+00	0.00e+00	0.00e+00	0.00e+00	7.84e-01	1.05e-01	6.26e-02
 1.28730e+16	9.53e-01	4.66e-02	1.94e-06	0.00e+00	0.00e+00	0.00e+00	0.00e+00	0.00e+00	0.00e+00	7.87e-01	1.04e-01	6.23e-02
 1.28827e+16	9.55e-01	4.47e-02	1.73e-06	0.00e+00	0.00e+00	0.00e+00	0.00e+00	0.00e+00	0.00e+00	7.90e-01	1.04e-01	6.20e-02
 1.28923e+16	9.57e-01	4.31e-02	1.55e-06	0.00e+00	0.00e+00	0.00e+00	0.00e+00	0.00e+00	0.00e+00	7.92e-01	1.03e-01	6.17e-02
 1.29021e+16	9.59e-01	4.14e-02	1.38e-06	0.00e+00	0.00e+00	0.00e+00	0.00e+00	0.00e+00	0.00e+00	7.95e-01	1.03e-01	6.14e-02
 1.29119e+16	9.60e-01	3.97e-02	1.23e-06	0.00e+00	0.00e+00	0.00e+00	0.00e+00	0.00e+00	0.00e+00	7.97e-01	1.02e-01	6.11e-02
 1.29213e+16	9.62e-01	3.82e-02	1.10e-06	0.00e+00	0.00e+00	0.00e+00	0.00e+00	0.00e+00	0.00e+00	8.00e-01	1.01e-01	6.09e-02
 1.29308e+16	9.63e-01	3.68e-02	9.90e-07	0.00e+00	0.00e+00	0.00e+00	0.00e+00	0.00e+00	0.00e+00	8.02e-01	1.01e-01	6.06e-02
 1.29406e+16	9.65e-01	3.53e-02	8.83e-07	0.00e+00	0.00e+00	0.00e+00	0.00e+00	0.00e+00	0.00e+00	8.04e-01	1.00e-01	6.03e-02
 1.29503e+16	9.66e-01	3.39e-02	7.89e-07	0.00e+00	0.00e+00	0.00e+00	0.00e+00	0.00e+00	0.00e+00	8.06e-01	9.99e-02	6.01e-02
 1.29595e+16	9.67e-01	3.26e-02	7.08e-07	0.00e+00	0.00e+00	0.00e+00	0.00e+00	0.00e+00	0.00e+00	8.08e-01	9.94e-02	5.98e-02
 1.29687e+16	9.69e-01	3.13e-02	6.36e-07	0.00e+00	0.00e+00	0.00e+00	0.00e+00	0.00e+00	0.00e+00	8.10e-01	9.89e-02	5.95e-02
 1.29784e+16	9.70e-01	3.00e-02	5.68e-07	0.00e+00	0.00e+00	0.00e+00	0.00e+00	0.00e+00	0.00e+00	8.12e-01	9.84e-02	5.93e-02
 1.29882e+16	9.71e-01	2.88e-02	5.06e-07	0.00e+00	0.00e+00	0.00e+00	0.00e+00	0.00e+00	0.00e+00	8.14e-01	9.80e-02	5.90e-02
 1.29975e+16	9.72e-01	2.77e-02	4.54e-07	0.00e+00	0.00e+00	0.00e+00	0.00e+00	0.00e+00	0.00e+00	8.16e-01	9.75e-02	5.88e-02
 1.30066e+16	9.73e-01	2.66e-02	4.09e-07	0.00e+00	0.00e+00	0.00e+00	0.00e+00	0.00e+00	0.00e+00	8.18e-01	9.71e-02	5.86e-02
 1.30156e+16	9.74e-01	2.57e-02	3.68e-07	0.00e+00	0.00e+00	0.00e+00	0.00e+00	0.00e+00	0.00e+00	8.19e-01	9.67e-02	5.84e-02
 1.30244e+16	9.75e-01	2.47e-02	3.32e-07	0.00e+00	0.00e+00	0.00e+00	0.00e+00	0.00e+00	0.00e+00	8.21e-01	9.63e-02	5.81e-02
 1.30333e+16	9.76e-01	2.37e-02	2.99e-07	0.00e+00	0.00e+00	0.00e+00	0.00e+00	0.00e+00	0.00e+00	8.22e-01	9.59e-02	5.79e-02
 1.30425e+16	9.77e-01	2.28e-02	2.69e-07	0.00e+00	0.00e+00	0.00e+00	0.00e+00	0.00e+00	0.00e+00	8.24e-01	9.55e-02	5.77e-02
 1.30516e+16	9.78e-01	2.18e-02	2.41e-07	0.00e+00	0.00e+00	0.00e+00	0.00e+00	0.00e+00	0.00e+00	8.26e-01	9.51e-02	5.75e-02
 1.30604e+16	9.79e-01	2.09e-02	2.18e-07	0.00e+00	0.00e+00	0.00e+00	0.00e+00	0.00e+00	0.00e+00	8.27e-01	9.47e-02	5.72e-02
 1.30689e+16	9.80e-01	2.01e-02	1.97e-07	0.00e+00	0.00e+00	0.00e+00	0.00e+00	0.00e+00	0.00e+00	8.28e-01	9.43e-02	5.70e-02
 1.30775e+16	9.81e-01	1.93e-02	1.78e-07	0.00e+00	0.00e+00	0.00e+00	0.00e+00	0.00e+00	0.00e+00	8.30e-01	9.40e-02	5.68e-02
 1.30861e+16	9.81e-01	1.85e-02	1.61e-07	0.00e+00	0.00e+00	0.00e+00	0.00e+00	0.00e+00	0.00e+00	8.31e-01	9.36e-02	5.66e-02
 1.30942e+16	9.82e-01	1.78e-02	1.46e-07	0.00e+00	0.00e+00	0.00e+00	0.00e+00	0.00e+00	0.00e+00	8.33e-01	9.32e-02	5.64e-02
 1.31018e+16	9.83e-01	1.72e-02	1.34e-07	0.00e+00	0.00e+00	0.00e+00	0.00e+00	0.00e+00	0.00e+00	8.34e-01	9.29e-02	5.62e-02
 1.31089e+16	9.83e-01	1.66e-02	1.23e-07	0.00e+00	0.00e+00	0.00e+00	0.00e+00	0.00e+00	0.00e+00	8.35e-01	9.26e-02	5.60e-02
 1.31156e+16	9.84e-01	1.60e-02	1.14e-07	0.00e+00	0.00e+00	0.00e+00	0.00e+00	0.00e+00	0.00e+00	8.36e-01	9.23e-02	5.59e-02
 1.31219e+16	9.85e-01	1.55e-02	1.06e-07	0.00e+00	0.00e+00	0.00e+00	0.00e+00	0.00e+00	0.00e+00	8.37e-01	9.20e-02	5.57e-02
 1.31279e+16	9.85e-01	1.50e-02	9.87e-08	0.00e+00	0.00e+00	0.00e+00	0.00e+00	0.00e+00	0.00e+00	8.38e-01	9.17e-02	5.55e-02
 1.31337e+16	9.85e-01	1.45e-02	9.22e-08	0.00e+00	0.00e+00	0.00e+00	0.00e+00	0.00e+00	0.00e+00	8.39e-01	9.15e-02	5.53e-02
 1.31393e+16	9.86e-01	1.41e-02	8.63e-08	0.00e+00	0.00e+00	0.00e+00	0.00e+00	0.00e+00	0.00e+00	8.40e-01	9.12e-02	5.52e-02
 1.31446e+16	9.86e-01	1.36e-02	8.10e-08	0.00e+00	0.00e+00	0.00e+00	0.00e+00	0.00e+00	0.00e+00	8.40e-01	9.09e-02	5.50e-02
 1.31499e+16	9.87e-01	1.32e-02	7.61e-08	0.00e+00	0.00e+00	0.00e+00	0.00e+00	0.00e+00	0.00e+00	8.41e-01	9.07e-02	5.48e-02
 1.31550e+16	9.87e-01	1.28e-02	7.16e-08	0.00e+00	0.00e+00	0.00e+00	0.00e+00	0.00e+00	0.00e+00	8.42e-01	9.04e-02	5.47e-02
 1.31602e+16	9.88e-01	1.24e-02	6.73e-08	0.00e+00	0.00e+00	0.00e+00	0.00e+00	0.00e+00	0.00e+00	8.43e-01	9.01e-02	5.45e-02
 1.31654e+16	9.88e-01	1.20e-02	6.32e-08	0.00e+00	0.00e+00	0.00e+00	0.00e+00	0.00e+00	0.00e+00	8.44e-01	8.98e-02	5.43e-02
 1.31707e+16	9.88e-01	1.16e-02	5.92e-08	0.00e+00	0.00e+00	0.00e+00	0.00e+00	0.00e+00	0.00e+00	8.45e-01	8.95e-02	5.40e-02
 1.31759e+16	9.89e-01	1.11e-02	5.55e-08	0.00e+00	0.00e+00	0.00e+00	0.00e+00	0.00e+00	0.00e+00	8.46e-01	8.91e-02	5.38e-02
 1.31806e+16	9.89e-01	1.08e-02	5.25e-08	0.00e+00	0.00e+00	0.00e+00	0.00e+00	0.00e+00	0.00e+00	8.47e-01	8.88e-02	5.36e-02
 1.31847e+16	9.90e-01	1.04e-02	5.00e-08	0.00e+00	0.00e+00	0.00e+00	0.00e+00	0.00e+00	0.00e+00	8.48e-01	8.85e-02	5.34e-02
 1.31884e+16	9.90e-01	1.02e-02	4.77e-08	0.00e+00	0.00e+00	0.00e+00	0.00e+00	0.00e+00	0.00e+00	8.48e-01	8.82e-02	5.32e-02
 1.31920e+16	9.90e-01	9.87e-03	4.56e-08	0.00e+00	0.00e+00	0.00e+00	0.00e+00	0.00e+00	0.00e+00	8.49e-01	8.79e-02	5.30e-02
 1.31954e+16	9.90e-01	9.61e-03	4.37e-08	0.00e+00	0.00e+00	0.00e+00	0.00e+00	0.00e+00	0.00e+00	8.50e-01	8.77e-02	5.28e-02
 1.31986e+16	9.91e-01	9.35e-03	4.20e-08	0.00e+00	0.00e+00	0.00e+00	0.00e+00	0.00e+00	0.00e+00	8.51e-01	8.74e-02	5.26e-02
 1.32016e+16	9.91e-01	9.11e-03	4.04e-08	0.00e+00	0.00e+00	0.00e+00	0.00e+00	0.00e+00	0.00e+00	8.51e-01	8.71e-02	5.24e-02
 1.32045e+16	9.91e-01	8.89e-03	3.89e-08	0.00e+00	0.00e+00	0.00e+00	0.00e+00	0.00e+00	0.00e+00	8.52e-01	8.68e-02	5.22e-02
 1.32071e+16	9.91e-01	8.68e-03	3.76e-08	0.00e+00	0.00e+00	0.00e+00	0.00e+00	0.00e+00	0.00e+00	8.53e-01	8.66e-02	5.20e-02
 1.32095e+16	9.92e-01	8.48e-03	3.64e-08	0.00e+00	0.00e+00	0.00e+00	0.00e+00	0.00e+00	0.00e+00	8.53e-01	8.63e-02	5.18e-02
 1.32116e+16	9.92e-01	8.32e-03	3.53e-08	0.00e+00	0.00e+00	0.00e+00	0.00e+00	0.00e+00	0.00e+00	8.54e-01	8.61e-02	5.16e-02
 1.32136e+16	9.92e-01	8.16e-03	3.44e-08	0.00e+00	0.00e+00	0.00e+00	0.00e+00	0.00e+00	0.00e+00	8.54e-01	8.59e-02	5.15e-02
 1.32154e+16	9.92e-01	8.02e-03	3.35e-08	0.00e+00	0.00e+00	0.00e+00	0.00e+00	0.00e+00	0.00e+00	8.55e-01	8.57e-02	5.13e-02
 1.32171e+16	9.92e-01	7.90e-03	3.28e-08	0.00e+00	0.00e+00	0.00e+00	0.00e+00	0.00e+00	0.00e+00	8.55e-01	8.55e-02	5.12e-02
 1.32185e+16	9.92e-01	7.78e-03	3.20e-08	0.00e+00	0.00e+00	0.00e+00	0.00e+00	0.00e+00	0.00e+00	8.56e-01	8.53e-02	5.10e-02
 1.32202e+16	9.92e-01	7.65e-03	3.13e-08	0.00e+00	0.00e+00	0.00e+00	0.00e+00	0.00e+00	0.00e+00	8.56e-01	8.51e-02	5.09e-02
 1.32219e+16	9.93e-01	7.48e-03	3.04e-08	0.00e+00	0.00e+00	0.00e+00	0.00e+00	0.00e+00	0.00e+00	8.57e-01	8.48e-02	5.07e-02
