#depth	O	O+	O+2	O+3	O+4	O+5	O+6	O+7	O+8	O[1]	O[2]	O[3]
 1.71133e+11	1.41e-05	1.56e-02	9.15e-01	6.91e-02	5.28e-06	0.00e+00	0.00e+00	0.00e+00	0.00e+00	1.08e-05	2.19e-06	1.08e-06
 1.02680e+12	1.40e-05	1.56e-02	9.15e-01	6.90e-02	5.26e-06	0.00e+00	0.00e+00	0.00e+00	0.00e+00	1.08e-05	2.19e-06	1.08e-06
 4.44946e+12	1.41e-05	1.56e-02	9.16e-01	6.86e-02	5.20e-06	0.00e+00	0.00e+00	0.00e+00	0.00e+00	1.08e-05	2.19e-06	1.08e-06
 1.81401e+13	1.41e-05	1.57e-02	9.17e-01	6.69e-02	4.99e-06	0.00e+00	0.00e+00	0.00e+00	0.00e+00	1.08e-05	2.20e-06	1.09e-06
 4.33309e+13	1.40e-05	1.57e-02	9.20e-01	6.44e-02	4.67e-06	0.00e+00	0.00e+00	0.00e+00	0.00e+00	1.07e-05	2.19e-06	1.09e-06
 7.60789e+13	1.40e-05	1.57e-02	9.23e-01	6.12e-02	4.29e-06	0.00e+00	0.00e+00	0.00e+00	0.00e+00	1.07e-05	2.19e-06	1.09e-06
 1.18651e+14	1.40e-05	1.58e-02	9.27e-01	5.73e-02	3.84e-06	0.00e+00	0.00e+00	0.00e+00	0.00e+00	1.07e-05	2.19e-06	1.09e-06
 1.73996e+14	1.40e-05	1.59e-02	9.32e-01	5.26e-02	3.32e-06	0.00e+00	0.00e+00	0.00e+00	0.00e+00	1.07e-05	2.19e-06	1.09e-06
 2.45943e+14	1.40e-05	1.60e-02	9.37e-01	4.68e-02	2.75e-06	0.00e+00	0.00e+00	0.00e+00	0.00e+00	1.07e-05	2.19e-06	1.10e-06
 3.39475e+14	1.40e-05	1.61e-02	9.44e-01	4.03e-02	2.15e-06	0.00e+00	0.00e+00	0.00e+00	0.00e+00	1.07e-05	2.20e-06	1.10e-06
 4.61066e+14	1.41e-05	1.63e-02	9.51e-01	3.30e-02	1.54e-06	0.00e+00	0.00e+00	0.00e+00	0.00e+00	1.07e-05	2.21e-06	1.11e-06
 6.19134e+14	1.42e-05	1.65e-02	9.58e-01	2.53e-02	1.00e-06	0.00e+00	0.00e+00	0.00e+00	0.00e+00	1.08e-05	2.23e-06	1.12e-06
 8.24623e+14	1.44e-05	1.68e-02	9.65e-01	1.78e-02	5.67e-07	0.00e+00	0.00e+00	0.00e+00	0.00e+00	1.10e-05	2.26e-06	1.13e-06
 1.09176e+15	1.48e-05	1.72e-02	9.72e-01	1.12e-02	2.68e-07	0.00e+00	0.00e+00	0.00e+00	0.00e+00	1.13e-05	2.31e-06	1.16e-06
 1.43904e+15	1.53e-05	1.78e-02	9.76e-01	6.11e-03	0.00e+00	0.00e+00	0.00e+00	0.00e+00	0.00e+00	1.17e-05	2.39e-06	1.20e-06
 1.89050e+15	1.61e-05	1.86e-02	9.79e-01	2.79e-03	0.00e+00	0.00e+00	0.00e+00	0.00e+00	0.00e+00	1.23e-05	2.50e-06	1.25e-06
 2.47739e+15	1.72e-05	1.96e-02	9.79e-01	1.03e-03	0.00e+00	0.00e+00	0.00e+00	0.00e+00	0.00e+00	1.32e-05	2.66e-06	1.33e-06
 3.11010e+15	1.82e-05	2.07e-02	9.79e-01	3.62e-04	0.00e+00	0.00e+00	0.00e+00	0.00e+00	0.00e+00	1.40e-05	2.81e-06	1.40e-06
 3.68498e+15	1.93e-05	2.18e-02	9.78e-01	1.44e-04	0.00e+00	0.00e+00	0.00e+00	0.00e+00	0.00e+00	1.48e-05	2.97e-06	1.48e-06
 4.31494e+15	2.08e-05	2.31e-02	9.77e-01	5.43e-05	0.00e+00	0.00e+00	0.00e+00	0.00e+00	0.00e+00	1.60e-05	3.20e-06	1.59e-06
 4.90456e+15	2.20e-05	2.43e-02	9.76e-01	2.30e-05	0.00e+00	0.00e+00	0.00e+00	0.00e+00	0.00e+00	1.69e-05	3.37e-06	1.68e-06
 5.39501e+15	2.32e-05	2.54e-02	9.75e-01	1.14e-05	0.00e+00	0.00e+00	0.00e+00	0.00e+00	0.00e+00	1.79e-05	3.57e-06	1.77e-06
 5.93451e+15	2.47e-05	2.67e-02	9.73e-01	5.45e-06	0.00e+00	0.00e+00	0.00e+00	0.00e+00	0.00e+00	1.91e-05	3.80e-06	1.89e-06
 6.52797e+15	2.65e-05	2.82e-02	9.72e-01	2.52e-06	0.00e+00	0.00e+00	0.00e+00	0.00e+00	0.00e+00	2.04e-05	4.07e-06	2.03e-06
 7.18076e+15	2.86e-05	2.98e-02	9.70e-01	1.13e-06	0.00e+00	0.00e+00	0.00e+00	0.00e+00	0.00e+00	2.21e-05	4.39e-06	2.19e-06
 7.89884e+15	3.12e-05	3.18e-02	9.68e-01	5.00e-07	0.00e+00	0.00e+00	0.00e+00	0.00e+00	0.00e+00	2.40e-05	4.79e-06	2.39e-06
 8.68872e+15	3.43e-05	3.41e-02	9.66e-01	2.18e-07	0.00e+00	0.00e+00	0.00e+00	0.00e+00	0.00e+00	2.64e-05	5.27e-06	2.63e-06
 9.55759e+15	3.80e-05	3.67e-02	9.63e-01	0.00e+00	0.00e+00	0.00e+00	0.00e+00	0.00e+00	0.00e+00	2.92e-05	5.86e-06	2.92e-06
 1.05134e+16	4.27e-05	3.98e-02	9.60e-01	0.00e+00	0.00e+00	0.00e+00	0.00e+00	0.00e+00	0.00e+00	3.28e-05	6.60e-06	3.30e-06
 1.15647e+16	4.87e-05	4.36e-02	9.56e-01	0.00e+00	0.00e+00	0.00e+00	0.00e+00	0.00e+00	0.00e+00	3.73e-05	7.54e-06	3.78e-06
 1.27212e+16	5.64e-05	4.81e-02	9.52e-01	0.00e+00	0.00e+00	0.00e+00	0.00e+00	0.00e+00	0.00e+00	4.32e-05	8.78e-06	4.41e-06
 1.39818e+16	6.65e-05	5.37e-02	9.46e-01	0.00e+00	0.00e+00	0.00e+00	0.00e+00	0.00e+00	0.00e+00	5.08e-05	1.04e-05	5.25e-06
 1.52119e+16	7.85e-05	5.99e-02	9.40e-01	0.00e+00	0.00e+00	0.00e+00	0.00e+00	0.00e+00	0.00e+00	5.99e-05	1.24e-05	6.25e-06
 1.63004e+16	9.16e-05	6.62e-02	9.34e-01	0.00e+00	0.00e+00	0.00e+00	0.00e+00	0.00e+00	0.00e+00	6.98e-05	1.45e-05	7.35e-06
 1.72898e+16	1.06e-04	7.26e-02	9.27e-01	0.00e+00	0.00e+00	0.00e+00	0.00e+00	0.00e+00	0.00e+00	8.05e-05	1.69e-05	8.57e-06
 1.82130e+16	1.22e-04	7.93e-02	9.21e-01	0.00e+00	0.00e+00	0.00e+00	0.00e+00	0.00e+00	0.00e+00	9.25e-05	1.95e-05	9.94e-06
 1.90893e+16	1.40e-04	8.63e-02	9.14e-01	0.00e+00	0.00e+00	0.00e+00	0.00e+00	0.00e+00	0.00e+00	1.06e-04	2.26e-05	1.15e-05
 1.99351e+16	1.61e-04	9.39e-02	9.06e-01	0.00e+00	0.00e+00	0.00e+00	0.00e+00	0.00e+00	0.00e+00	1.21e-04	2.60e-05	1.33e-05
 2.07586e+16	1.85e-04	1.02e-01	8.98e-01	0.00e+00	0.00e+00	0.00e+00	0.00e+00	0.00e+00	0.00e+00	1.39e-04	3.01e-05	1.54e-05
 2.15664e+16	2.12e-04	1.11e-01	8.89e-01	0.00e+00	0.00e+00	0.00e+00	0.00e+00	0.00e+00	0.00e+00	1.60e-04	3.48e-05	1.78e-05
 2.23633e+16	2.45e-04	1.21e-01	8.79e-01	0.00e+00	0.00e+00	0.00e+00	0.00e+00	0.00e+00	0.00e+00	1.84e-04	4.04e-05	2.07e-05
 2.31518e+16	2.83e-04	1.32e-01	8.68e-01	0.00e+00	0.00e+00	0.00e+00	0.00e+00	0.00e+00	0.00e+00	2.12e-04	4.70e-05	2.41e-05
 2.39343e+16	3.29e-04	1.44e-01	8.56e-01	0.00e+00	0.00e+00	0.00e+00	0.00e+00	0.00e+00	0.00e+00	2.46e-04	5.48e-05	2.82e-05
 2.47136e+16	3.84e-04	1.57e-01	8.43e-01	0.00e+00	0.00e+00	0.00e+00	0.00e+00	0.00e+00	0.00e+00	2.86e-04	6.43e-05	3.31e-05
 2.54903e+16	4.49e-04	1.72e-01	8.28e-01	0.00e+00	0.00e+00	0.00e+00	0.00e+00	0.00e+00	0.00e+00	3.34e-04	7.57e-05	3.90e-05
 2.62578e+16	5.27e-04	1.88e-01	8.12e-01	0.00e+00	0.00e+00	0.00e+00	0.00e+00	0.00e+00	0.00e+00	3.91e-04	8.93e-05	4.61e-05
 2.70087e+16	6.19e-04	2.06e-01	7.94e-01	0.00e+00	0.00e+00	0.00e+00	0.00e+00	0.00e+00	0.00e+00	4.59e-04	1.06e-04	5.45e-05
 2.77438e+16	7.27e-04	2.25e-01	7.74e-01	0.00e+00	0.00e+00	0.00e+00	0.00e+00	0.00e+00	0.00e+00	5.38e-04	1.25e-04	6.45e-05
 2.84661e+16	8.56e-04	2.46e-01	7.53e-01	0.00e+00	0.00e+00	0.00e+00	0.00e+00	0.00e+00	0.00e+00	6.32e-04	1.48e-04	7.63e-05
 2.91725e+16	1.01e-03	2.68e-01	7.31e-01	0.00e+00	0.00e+00	0.00e+00	0.00e+00	0.00e+00	0.00e+00	7.42e-04	1.75e-04	9.04e-05
 2.98587e+16	1.18e-03	2.92e-01	7.07e-01	0.00e+00	0.00e+00	0.00e+00	0.00e+00	0.00e+00	0.00e+00	8.71e-04	2.06e-04	1.07e-04
 3.05277e+16	1.39e-03	3.18e-01	6.81e-01	0.00e+00	0.00e+00	0.00e+00	0.00e+00	0.00e+00	0.00e+00	1.02e-03	2.43e-04	1.26e-04
 3.11855e+16	1.63e-03	3.45e-01	6.54e-01	0.00e+00	0.00e+00	0.00e+00	0.00e+00	0.00e+00	0.00e+00	1.20e-03	2.87e-04	1.49e-04
 3.18345e+16	1.92e-03	3.74e-01	6.24e-01	0.00e+00	0.00e+00	0.00e+00	0.00e+00	0.00e+00	0.00e+00	1.40e-03	3.39e-04	1.77e-04
 3.24746e+16	2.26e-03	4.05e-01	5.93e-01	0.00e+00	0.00e+00	0.00e+00	0.00e+00	0.00e+00	0.00e+00	1.65e-03	4.02e-04	2.09e-04
 3.31066e+16	2.67e-03	4.38e-01	5.59e-01	0.00e+00	0.00e+00	0.00e+00	0.00e+00	0.00e+00	0.00e+00	1.94e-03	4.76e-04	2.48e-04
 3.37337e+16	3.15e-03	4.73e-01	5.24e-01	0.00e+00	0.00e+00	0.00e+00	0.00e+00	0.00e+00	0.00e+00	2.29e-03	5.66e-04	2.95e-04
 3.43546e+16	3.74e-03	5.09e-01	4.87e-01	0.00e+00	0.00e+00	0.00e+00	0.00e+00	0.00e+00	0.00e+00	2.71e-03	6.74e-04	3.52e-04
 3.49634e+16	4.43e-03	5.47e-01	4.48e-01	0.00e+00	0.00e+00	0.00e+00	0.00e+00	0.00e+00	0.00e+00	3.21e-03	8.03e-04	4.19e-04
 3.55579e+16	5.26e-03	5.86e-01	4.08e-01	0.00e+00	0.00e+00	0.00e+00	0.00e+00	0.00e+00	0.00e+00	3.80e-03	9.59e-04	5.01e-04
 3.61350e+16	6.26e-03	6.25e-01	3.68e-01	0.00e+00	0.00e+00	0.00e+00	0.00e+00	0.00e+00	0.00e+00	4.51e-03	1.15e-03	5.98e-04
 3.66877e+16	7.43e-03	6.64e-01	3.29e-01	0.00e+00	0.00e+00	0.00e+00	0.00e+00	0.00e+00	0.00e+00	5.35e-03	1.37e-03	7.14e-04
 3.72131e+16	8.81e-03	7.01e-01	2.90e-01	0.00e+00	0.00e+00	0.00e+00	0.00e+00	0.00e+00	0.00e+00	6.33e-03	1.63e-03	8.50e-04
 3.77139e+16	1.04e-02	7.36e-01	2.54e-01	0.00e+00	0.00e+00	0.00e+00	0.00e+00	0.00e+00	0.00e+00	7.49e-03	1.94e-03	1.01e-03
 3.81943e+16	1.24e-02	7.69e-01	2.19e-01	0.00e+00	0.00e+00	0.00e+00	0.00e+00	0.00e+00	0.00e+00	8.88e-03	2.30e-03	1.20e-03
 3.86556e+16	1.47e-02	8.00e-01	1.86e-01	0.00e+00	0.00e+00	0.00e+00	0.00e+00	0.00e+00	0.00e+00	1.05e-02	2.75e-03	1.42e-03
 3.90966e+16	1.76e-02	8.28e-01	1.55e-01	0.00e+00	0.00e+00	0.00e+00	0.00e+00	0.00e+00	0.00e+00	1.26e-02	3.29e-03	1.70e-03
 3.95163e+16	2.10e-02	8.52e-01	1.27e-01	0.00e+00	0.00e+00	0.00e+00	0.00e+00	0.00e+00	0.00e+00	1.50e-02	3.95e-03	2.03e-03
 3.99168e+16	2.54e-02	8.73e-01	1.02e-01	0.00e+00	0.00e+00	0.00e+00	0.00e+00	0.00e+00	0.00e+00	1.82e-02	4.78e-03	2.45e-03
 4.02975e+16	3.09e-02	8.89e-01	7.97e-02	0.00e+00	0.00e+00	0.00e+00	0.00e+00	0.00e+00	0.00e+00	2.21e-02	5.82e-03	2.98e-03
 4.06527e+16	3.79e-02	9.01e-01	6.09e-02	0.00e+00	0.00e+00	0.00e+00	0.00e+00	0.00e+00	0.00e+00	2.71e-02	7.15e-03	3.66e-03
 4.09293e+16	4.60e-02	9.07e-01	4.70e-02	0.00e+00	0.00e+00	0.00e+00	0.00e+00	0.00e+00	0.00e+00	3.29e-02	8.68e-03	4.44e-03
 4.11069e+16	5.28e-02	9.08e-01	3.88e-02	0.00e+00	0.00e+00	0.00e+00	0.00e+00	0.00e+00	0.00e+00	3.78e-02	9.95e-03	5.09e-03
 4.12471e+16	5.89e-02	9.08e-01	3.31e-02	0.00e+00	0.00e+00	0.00e+00	0.00e+00	0.00e+00	0.00e+00	4.21e-02	1.11e-02	5.68e-03
 4.14053e+16	6.67e-02	9.06e-01	2.74e-02	0.00e+00	0.00e+00	0.00e+00	0.00e+00	0.00e+00	0.00e+00	4.78e-02	1.25e-02	6.43e-03
 4.15820e+16	7.85e-02	9.00e-01	2.14e-02	0.00e+00	0.00e+00	0.00e+00	0.00e+00	0.00e+00	0.00e+00	5.62e-02	1.47e-02	7.54e-03
 4.17342e+16	9.20e-02	8.91e-01	1.67e-02	0.00e+00	0.00e+00	0.00e+00	0.00e+00	0.00e+00	0.00e+00	6.59e-02	1.72e-02	8.83e-03
 4.18495e+16	1.05e-01	8.81e-01	1.36e-02	0.00e+00	0.00e+00	0.00e+00	0.00e+00	0.00e+00	0.00e+00	7.54e-02	1.96e-02	1.01e-02
 4.19468e+16	1.18e-01	8.71e-01	1.12e-02	0.00e+00	0.00e+00	0.00e+00	0.00e+00	0.00e+00	0.00e+00	8.50e-02	2.19e-02	1.13e-02
 4.20544e+16	1.35e-01	8.56e-01	8.89e-03	0.00e+00	0.00e+00	0.00e+00	0.00e+00	0.00e+00	0.00e+00	9.73e-02	2.49e-02	1.29e-02
 4.21676e+16	1.59e-01	8.34e-01	6.73e-03	0.00e+00	0.00e+00	0.00e+00	0.00e+00	0.00e+00	0.00e+00	1.15e-01	2.91e-02	1.51e-02
 4.22574e+16	1.84e-01	8.11e-01	5.22e-03	0.00e+00	0.00e+00	0.00e+00	0.00e+00	0.00e+00	0.00e+00	1.33e-01	3.33e-02	1.74e-02
 4.23243e+16	2.06e-01	7.90e-01	4.23e-03	0.00e+00	0.00e+00	0.00e+00	0.00e+00	0.00e+00	0.00e+00	1.50e-01	3.71e-02	1.95e-02
 4.23923e+16	2.31e-01	7.65e-01	3.38e-03	0.00e+00	0.00e+00	0.00e+00	0.00e+00	0.00e+00	0.00e+00	1.68e-01	4.12e-02	2.18e-02
 4.24672e+16	2.65e-01	7.32e-01	2.57e-03	0.00e+00	0.00e+00	0.00e+00	0.00e+00	0.00e+00	0.00e+00	1.94e-01	4.65e-02	2.48e-02
 4.25319e+16	3.02e-01	6.96e-01	1.97e-03	0.00e+00	0.00e+00	0.00e+00	0.00e+00	0.00e+00	0.00e+00	2.22e-01	5.20e-02	2.81e-02
 4.25835e+16	3.36e-01	6.62e-01	1.56e-03	0.00e+00	0.00e+00	0.00e+00	0.00e+00	0.00e+00	0.00e+00	2.48e-01	5.69e-02	3.10e-02
 4.26288e+16	3.69e-01	6.30e-01	1.25e-03	0.00e+00	0.00e+00	0.00e+00	0.00e+00	0.00e+00	0.00e+00	2.74e-01	6.14e-02	3.37e-02
 4.26728e+16	4.03e-01	5.96e-01	1.00e-03	0.00e+00	0.00e+00	0.00e+00	0.00e+00	0.00e+00	0.00e+00	3.01e-01	6.57e-02	3.65e-02
 4.27119e+16	4.37e-01	5.62e-01	8.11e-04	0.00e+00	0.00e+00	0.00e+00	0.00e+00	0.00e+00	0.00e+00	3.28e-01	6.97e-02	3.92e-02
 4.27429e+16	4.65e-01	5.34e-01	6.80e-04	0.00e+00	0.00e+00	0.00e+00	0.00e+00	0.00e+00	0.00e+00	3.51e-01	7.29e-02	4.14e-02
 4.27692e+16	4.90e-01	5.09e-01	5.83e-04	0.00e+00	0.00e+00	0.00e+00	0.00e+00	0.00e+00	0.00e+00	3.72e-01	7.54e-02	4.32e-02
 4.27944e+16	5.14e-01	4.85e-01	5.02e-04	0.00e+00	0.00e+00	0.00e+00	0.00e+00	0.00e+00	0.00e+00	3.91e-01	7.77e-02	4.49e-02
 4.28187e+16	5.38e-01	4.61e-01	4.31e-04	0.00e+00	0.00e+00	0.00e+00	0.00e+00	0.00e+00	0.00e+00	4.12e-01	7.98e-02	4.66e-02
 4.28418e+16	5.61e-01	4.39e-01	3.74e-04	0.00e+00	0.00e+00	0.00e+00	0.00e+00	0.00e+00	0.00e+00	4.31e-01	8.15e-02	4.80e-02
 4.28631e+16	5.82e-01	4.17e-01	3.25e-04	0.00e+00	0.00e+00	0.00e+00	0.00e+00	0.00e+00	0.00e+00	4.50e-01	8.30e-02	4.94e-02
 4.28791e+16	5.98e-01	4.02e-01	2.94e-04	0.00e+00	0.00e+00	0.00e+00	0.00e+00	0.00e+00	0.00e+00	4.64e-01	8.40e-02	5.03e-02
 4.28898e+16	6.08e-01	3.91e-01	2.74e-04	0.00e+00	0.00e+00	0.00e+00	0.00e+00	0.00e+00	0.00e+00	4.73e-01	8.46e-02	5.09e-02
 4.29002e+16	6.19e-01	3.81e-01	2.56e-04	0.00e+00	0.00e+00	0.00e+00	0.00e+00	0.00e+00	0.00e+00	4.82e-01	8.51e-02	5.14e-02
 4.29126e+16	6.31e-01	3.69e-01	2.35e-04	0.00e+00	0.00e+00	0.00e+00	0.00e+00	0.00e+00	0.00e+00	4.93e-01	8.56e-02	5.20e-02
 4.29261e+16	6.43e-01	3.56e-01	2.15e-04	0.00e+00	0.00e+00	0.00e+00	0.00e+00	0.00e+00	0.00e+00	5.05e-01	8.62e-02	5.27e-02
 4.29391e+16	6.56e-01	3.44e-01	1.97e-04	0.00e+00	0.00e+00	0.00e+00	0.00e+00	0.00e+00	0.00e+00	5.16e-01	8.66e-02	5.32e-02
 4.29514e+16	6.67e-01	3.33e-01	1.81e-04	0.00e+00	0.00e+00	0.00e+00	0.00e+00	0.00e+00	0.00e+00	5.26e-01	8.69e-02	5.37e-02
 4.29636e+16	6.78e-01	3.22e-01	1.66e-04	0.00e+00	0.00e+00	0.00e+00	0.00e+00	0.00e+00	0.00e+00	5.37e-01	8.72e-02	5.42e-02
 4.29759e+16	6.89e-01	3.11e-01	1.53e-04	0.00e+00	0.00e+00	0.00e+00	0.00e+00	0.00e+00	0.00e+00	5.47e-01	8.74e-02	5.46e-02
 4.29884e+16	7.00e-01	3.00e-01	1.40e-04	0.00e+00	0.00e+00	0.00e+00	0.00e+00	0.00e+00	0.00e+00	5.58e-01	8.75e-02	5.50e-02
 4.30009e+16	7.11e-01	2.89e-01	1.29e-04	0.00e+00	0.00e+00	0.00e+00	0.00e+00	0.00e+00	0.00e+00	5.68e-01	8.75e-02	5.54e-02
 4.30134e+16	7.21e-01	2.79e-01	1.18e-04	0.00e+00	0.00e+00	0.00e+00	0.00e+00	0.00e+00	0.00e+00	5.78e-01	8.75e-02	5.57e-02
 4.30260e+16	7.32e-01	2.68e-01	1.08e-04	0.00e+00	0.00e+00	0.00e+00	0.00e+00	0.00e+00	0.00e+00	5.88e-01	8.74e-02	5.59e-02
 4.30384e+16	7.42e-01	2.58e-01	9.91e-05	0.00e+00	0.00e+00	0.00e+00	0.00e+00	0.00e+00	0.00e+00	5.98e-01	8.73e-02	5.61e-02
 4.30507e+16	7.51e-01	2.49e-01	9.10e-05	0.00e+00	0.00e+00	0.00e+00	0.00e+00	0.00e+00	0.00e+00	6.08e-01	8.71e-02	5.63e-02
 4.30634e+16	7.61e-01	2.39e-01	8.32e-05	0.00e+00	0.00e+00	0.00e+00	0.00e+00	0.00e+00	0.00e+00	6.17e-01	8.68e-02	5.64e-02
 4.30761e+16	7.70e-01	2.30e-01	7.62e-05	0.00e+00	0.00e+00	0.00e+00	0.00e+00	0.00e+00	0.00e+00	6.27e-01	8.65e-02	5.65e-02
 4.30889e+16	7.79e-01	2.21e-01	6.96e-05	0.00e+00	0.00e+00	0.00e+00	0.00e+00	0.00e+00	0.00e+00	6.36e-01	8.61e-02	5.66e-02
 4.31017e+16	7.87e-01	2.13e-01	6.37e-05	0.00e+00	0.00e+00	0.00e+00	0.00e+00	0.00e+00	0.00e+00	6.45e-01	8.57e-02	5.66e-02
 4.31148e+16	7.96e-01	2.04e-01	5.81e-05	0.00e+00	0.00e+00	0.00e+00	0.00e+00	0.00e+00	0.00e+00	6.54e-01	8.52e-02	5.66e-02
 4.31281e+16	8.04e-01	1.96e-01	5.30e-05	0.00e+00	0.00e+00	0.00e+00	0.00e+00	0.00e+00	0.00e+00	6.63e-01	8.47e-02	5.65e-02
 4.31412e+16	8.12e-01	1.88e-01	4.84e-05	0.00e+00	0.00e+00	0.00e+00	0.00e+00	0.00e+00	0.00e+00	6.71e-01	8.42e-02	5.65e-02
 4.31543e+16	8.19e-01	1.81e-01	4.42e-05	0.00e+00	0.00e+00	0.00e+00	0.00e+00	0.00e+00	0.00e+00	6.79e-01	8.36e-02	5.64e-02
 4.31679e+16	8.27e-01	1.73e-01	4.02e-05	0.00e+00	0.00e+00	0.00e+00	0.00e+00	0.00e+00	0.00e+00	6.88e-01	8.30e-02	5.62e-02
 4.31818e+16	8.34e-01	1.66e-01	3.66e-05	0.00e+00	0.00e+00	0.00e+00	0.00e+00	0.00e+00	0.00e+00	6.96e-01	8.23e-02	5.60e-02
 4.31956e+16	8.41e-01	1.59e-01	3.33e-05	0.00e+00	0.00e+00	0.00e+00	0.00e+00	0.00e+00	0.00e+00	7.03e-01	8.17e-02	5.58e-02
 4.32094e+16	8.47e-01	1.52e-01	3.03e-05	0.00e+00	0.00e+00	0.00e+00	0.00e+00	0.00e+00	0.00e+00	7.11e-01	8.10e-02	5.56e-02
 4.32238e+16	8.54e-01	1.46e-01	2.75e-05	0.00e+00	0.00e+00	0.00e+00	0.00e+00	0.00e+00	0.00e+00	7.18e-01	8.03e-02	5.54e-02
 4.32384e+16	8.60e-01	1.40e-01	2.49e-05	0.00e+00	0.00e+00	0.00e+00	0.00e+00	0.00e+00	0.00e+00	7.26e-01	7.96e-02	5.51e-02
 4.32531e+16	8.66e-01	1.34e-01	2.26e-05	0.00e+00	0.00e+00	0.00e+00	0.00e+00	0.00e+00	0.00e+00	7.33e-01	7.88e-02	5.48e-02
 4.32678e+16	8.72e-01	1.28e-01	2.05e-05	0.00e+00	0.00e+00	0.00e+00	0.00e+00	0.00e+00	0.00e+00	7.39e-01	7.81e-02	5.45e-02
 4.32830e+16	8.77e-01	1.23e-01	1.85e-05	0.00e+00	0.00e+00	0.00e+00	0.00e+00	0.00e+00	0.00e+00	7.46e-01	7.74e-02	5.42e-02
 4.32984e+16	8.83e-01	1.17e-01	1.67e-05	0.00e+00	0.00e+00	0.00e+00	0.00e+00	0.00e+00	0.00e+00	7.52e-01	7.66e-02	5.39e-02
 4.33139e+16	8.88e-01	1.12e-01	1.51e-05	0.00e+00	0.00e+00	0.00e+00	0.00e+00	0.00e+00	0.00e+00	7.58e-01	7.59e-02	5.35e-02
 4.33295e+16	8.93e-01	1.07e-01	1.36e-05	0.00e+00	0.00e+00	0.00e+00	0.00e+00	0.00e+00	0.00e+00	7.64e-01	7.52e-02	5.32e-02
 4.33451e+16	8.97e-01	1.03e-01	1.23e-05	0.00e+00	0.00e+00	0.00e+00	0.00e+00	0.00e+00	0.00e+00	7.70e-01	7.44e-02	5.29e-02
 4.33610e+16	9.02e-01	9.85e-02	1.11e-05	0.00e+00	0.00e+00	0.00e+00	0.00e+00	0.00e+00	0.00e+00	7.75e-01	7.37e-02	5.25e-02
 4.33770e+16	9.06e-01	9.42e-02	1.00e-05	0.00e+00	0.00e+00	0.00e+00	0.00e+00	0.00e+00	0.00e+00	7.81e-01	7.30e-02	5.22e-02
 4.33933e+16	9.10e-01	9.02e-02	9.06e-06	0.00e+00	0.00e+00	0.00e+00	0.00e+00	0.00e+00	0.00e+00	7.86e-01	7.22e-02	5.17e-02
 4.34096e+16	9.14e-01	8.63e-02	8.17e-06	0.00e+00	0.00e+00	0.00e+00	0.00e+00	0.00e+00	0.00e+00	7.91e-01	7.15e-02	5.13e-02
 4.34258e+16	9.17e-01	8.29e-02	7.38e-06	0.00e+00	0.00e+00	0.00e+00	0.00e+00	0.00e+00	0.00e+00	7.95e-01	7.09e-02	5.09e-02
 4.34424e+16	9.21e-01	7.94e-02	6.66e-06	0.00e+00	0.00e+00	0.00e+00	0.00e+00	0.00e+00	0.00e+00	8.00e-01	7.02e-02	5.05e-02
 4.34592e+16	9.24e-01	7.60e-02	5.99e-06	0.00e+00	0.00e+00	0.00e+00	0.00e+00	0.00e+00	0.00e+00	8.04e-01	6.95e-02	5.01e-02
 4.34760e+16	9.27e-01	7.28e-02	5.40e-06	0.00e+00	0.00e+00	0.00e+00	0.00e+00	0.00e+00	0.00e+00	8.09e-01	6.88e-02	4.97e-02
 4.34930e+16	9.30e-01	6.99e-02	4.87e-06	0.00e+00	0.00e+00	0.00e+00	0.00e+00	0.00e+00	0.00e+00	8.12e-01	6.83e-02	4.94e-02
 4.35101e+16	9.33e-01	6.70e-02	4.38e-06	0.00e+00	0.00e+00	0.00e+00	0.00e+00	0.00e+00	0.00e+00	8.16e-01	6.76e-02	4.90e-02
 4.35272e+16	9.36e-01	6.42e-02	3.95e-06	0.00e+00	0.00e+00	0.00e+00	0.00e+00	0.00e+00	0.00e+00	8.20e-01	6.70e-02	4.86e-02
 4.35442e+16	9.38e-01	6.16e-02	3.56e-06	0.00e+00	0.00e+00	0.00e+00	0.00e+00	0.00e+00	0.00e+00	8.24e-01	6.64e-02	4.82e-02
 4.35616e+16	9.41e-01	5.92e-02	3.20e-06	0.00e+00	0.00e+00	0.00e+00	0.00e+00	0.00e+00	0.00e+00	8.27e-01	6.59e-02	4.79e-02
 4.35793e+16	9.43e-01	5.67e-02	2.88e-06	0.00e+00	0.00e+00	0.00e+00	0.00e+00	0.00e+00	0.00e+00	8.30e-01	6.53e-02	4.75e-02
 4.35968e+16	9.46e-01	5.44e-02	2.59e-06	0.00e+00	0.00e+00	0.00e+00	0.00e+00	0.00e+00	0.00e+00	8.34e-01	6.47e-02	4.71e-02
 4.36140e+16	9.48e-01	5.22e-02	2.33e-06	0.00e+00	0.00e+00	0.00e+00	0.00e+00	0.00e+00	0.00e+00	8.37e-01	6.42e-02	4.68e-02
 4.36317e+16	9.50e-01	5.02e-02	2.10e-06	0.00e+00	0.00e+00	0.00e+00	0.00e+00	0.00e+00	0.00e+00	8.40e-01	6.37e-02	4.65e-02
 4.36500e+16	9.52e-01	4.81e-02	1.88e-06	0.00e+00	0.00e+00	0.00e+00	0.00e+00	0.00e+00	0.00e+00	8.43e-01	6.32e-02	4.61e-02
 4.36677e+16	9.54e-01	4.61e-02	1.69e-06	0.00e+00	0.00e+00	0.00e+00	0.00e+00	0.00e+00	0.00e+00	8.45e-01	6.27e-02	4.58e-02
 4.36847e+16	9.56e-01	4.43e-02	1.53e-06	0.00e+00	0.00e+00	0.00e+00	0.00e+00	0.00e+00	0.00e+00	8.48e-01	6.22e-02	4.55e-02
 4.37024e+16	9.57e-01	4.27e-02	1.38e-06	0.00e+00	0.00e+00	0.00e+00	0.00e+00	0.00e+00	0.00e+00	8.50e-01	6.18e-02	4.52e-02
 4.37209e+16	9.59e-01	4.09e-02	1.24e-06	0.00e+00	0.00e+00	0.00e+00	0.00e+00	0.00e+00	0.00e+00	8.53e-01	6.13e-02	4.49e-02
 4.37388e+16	9.61e-01	3.92e-02	1.11e-06	0.00e+00	0.00e+00	0.00e+00	0.00e+00	0.00e+00	0.00e+00	8.55e-01	6.09e-02	4.46e-02
 4.37559e+16	9.62e-01	3.77e-02	1.00e-06	0.00e+00	0.00e+00	0.00e+00	0.00e+00	0.00e+00	0.00e+00	8.57e-01	6.05e-02	4.43e-02
 4.37733e+16	9.64e-01	3.62e-02	9.06e-07	0.00e+00	0.00e+00	0.00e+00	0.00e+00	0.00e+00	0.00e+00	8.60e-01	6.01e-02	4.40e-02
 4.37915e+16	9.65e-01	3.47e-02	8.13e-07	0.00e+00	0.00e+00	0.00e+00	0.00e+00	0.00e+00	0.00e+00	8.62e-01	5.97e-02	4.37e-02
 4.38100e+16	9.67e-01	3.33e-02	7.28e-07	0.00e+00	0.00e+00	0.00e+00	0.00e+00	0.00e+00	0.00e+00	8.64e-01	5.93e-02	4.35e-02
 4.38278e+16	9.68e-01	3.19e-02	6.57e-07	0.00e+00	0.00e+00	0.00e+00	0.00e+00	0.00e+00	0.00e+00	8.66e-01	5.89e-02	4.32e-02
 4.38447e+16	9.69e-01	3.07e-02	5.95e-07	0.00e+00	0.00e+00	0.00e+00	0.00e+00	0.00e+00	0.00e+00	8.68e-01	5.85e-02	4.29e-02
 4.38614e+16	9.70e-01	2.96e-02	5.39e-07	0.00e+00	0.00e+00	0.00e+00	0.00e+00	0.00e+00	0.00e+00	8.69e-01	5.82e-02	4.27e-02
 4.38786e+16	9.72e-01	2.85e-02	4.87e-07	0.00e+00	0.00e+00	0.00e+00	0.00e+00	0.00e+00	0.00e+00	8.71e-01	5.79e-02	4.25e-02
 4.38965e+16	9.73e-01	2.73e-02	4.38e-07	0.00e+00	0.00e+00	0.00e+00	0.00e+00	0.00e+00	0.00e+00	8.73e-01	5.75e-02	4.22e-02
 4.39142e+16	9.74e-01	2.61e-02	3.95e-07	0.00e+00	0.00e+00	0.00e+00	0.00e+00	0.00e+00	0.00e+00	8.75e-01	5.72e-02	4.20e-02
 4.39312e+16	9.75e-01	2.50e-02	3.57e-07	0.00e+00	0.00e+00	0.00e+00	0.00e+00	0.00e+00	0.00e+00	8.76e-01	5.69e-02	4.17e-02
 4.39478e+16	9.76e-01	2.41e-02	3.24e-07	0.00e+00	0.00e+00	0.00e+00	0.00e+00	0.00e+00	0.00e+00	8.78e-01	5.66e-02	4.15e-02
 4.39644e+16	9.77e-01	2.31e-02	2.94e-07	0.00e+00	0.00e+00	0.00e+00	0.00e+00	0.00e+00	0.00e+00	8.79e-01	5.63e-02	4.13e-02
 4.39806e+16	9.78e-01	2.22e-02	2.67e-07	0.00e+00	0.00e+00	0.00e+00	0.00e+00	0.00e+00	0.00e+00	8.81e-01	5.60e-02	4.11e-02
 4.39959e+16	9.79e-01	2.13e-02	2.45e-07	0.00e+00	0.00e+00	0.00e+00	0.00e+00	0.00e+00	0.00e+00	8.82e-01	5.57e-02	4.09e-02
 4.40100e+16	9.79e-01	2.06e-02	2.25e-07	0.00e+00	0.00e+00	0.00e+00	0.00e+00	0.00e+00	0.00e+00	8.83e-01	5.54e-02	4.07e-02
 4.40228e+16	9.80e-01	1.99e-02	2.09e-07	0.00e+00	0.00e+00	0.00e+00	0.00e+00	0.00e+00	0.00e+00	8.84e-01	5.52e-02	4.05e-02
 4.40350e+16	9.81e-01	1.93e-02	1.95e-07	0.00e+00	0.00e+00	0.00e+00	0.00e+00	0.00e+00	0.00e+00	8.85e-01	5.50e-02	4.04e-02
 4.40467e+16	9.81e-01	1.87e-02	1.82e-07	0.00e+00	0.00e+00	0.00e+00	0.00e+00	0.00e+00	0.00e+00	8.86e-01	5.48e-02	4.02e-02
 4.40578e+16	9.82e-01	1.82e-02	1.71e-07	0.00e+00	0.00e+00	0.00e+00	0.00e+00	0.00e+00	0.00e+00	8.87e-01	5.46e-02	4.00e-02
 4.40682e+16	9.82e-01	1.77e-02	1.61e-07	0.00e+00	0.00e+00	0.00e+00	0.00e+00	0.00e+00	0.00e+00	8.88e-01	5.44e-02	3.99e-02
 4.40782e+16	9.83e-01	1.72e-02	1.52e-07	0.00e+00	0.00e+00	0.00e+00	0.00e+00	0.00e+00	0.00e+00	8.89e-01	5.42e-02	3.97e-02
 4.40879e+16	9.83e-01	1.67e-02	1.43e-07	0.00e+00	0.00e+00	0.00e+00	0.00e+00	0.00e+00	0.00e+00	8.90e-01	5.40e-02	3.96e-02
 4.40973e+16	9.84e-01	1.62e-02	1.36e-07	0.00e+00	0.00e+00	0.00e+00	0.00e+00	0.00e+00	0.00e+00	8.91e-01	5.38e-02	3.94e-02
 4.41065e+16	9.84e-01	1.58e-02	1.28e-07	0.00e+00	0.00e+00	0.00e+00	0.00e+00	0.00e+00	0.00e+00	8.91e-01	5.36e-02	3.93e-02
 4.41155e+16	9.85e-01	1.54e-02	1.22e-07	0.00e+00	0.00e+00	0.00e+00	0.00e+00	0.00e+00	0.00e+00	8.92e-01	5.34e-02	3.91e-02
 4.41243e+16	9.85e-01	1.49e-02	1.16e-07	0.00e+00	0.00e+00	0.00e+00	0.00e+00	0.00e+00	0.00e+00	8.93e-01	5.32e-02	3.90e-02
 4.41331e+16	9.85e-01	1.45e-02	1.10e-07	0.00e+00	0.00e+00	0.00e+00	0.00e+00	0.00e+00	0.00e+00	8.94e-01	5.30e-02	3.88e-02
 4.41423e+16	9.86e-01	1.41e-02	1.04e-07	0.00e+00	0.00e+00	0.00e+00	0.00e+00	0.00e+00	0.00e+00	8.95e-01	5.28e-02	3.86e-02
 4.41518e+16	9.86e-01	1.36e-02	9.79e-08	0.00e+00	0.00e+00	0.00e+00	0.00e+00	0.00e+00	0.00e+00	8.95e-01	5.25e-02	3.84e-02
 4.41610e+16	9.87e-01	1.31e-02	9.25e-08	0.00e+00	0.00e+00	0.00e+00	0.00e+00	0.00e+00	0.00e+00	8.96e-01	5.23e-02	3.83e-02
 4.41693e+16	9.87e-01	1.27e-02	8.79e-08	0.00e+00	0.00e+00	0.00e+00	0.00e+00	0.00e+00	0.00e+00	8.97e-01	5.21e-02	3.81e-02
 4.41767e+16	9.88e-01	1.24e-02	8.40e-08	0.00e+00	0.00e+00	0.00e+00	0.00e+00	0.00e+00	0.00e+00	8.98e-01	5.19e-02	3.79e-02
 4.41836e+16	9.88e-01	1.20e-02	8.06e-08	0.00e+00	0.00e+00	0.00e+00	0.00e+00	0.00e+00	0.00e+00	8.99e-01	5.17e-02	3.77e-02
 4.41900e+16	9.88e-01	1.17e-02	7.73e-08	0.00e+00	0.00e+00	0.00e+00	0.00e+00	0.00e+00	0.00e+00	8.99e-01	5.15e-02	3.76e-02
 4.41963e+16	9.89e-01	1.14e-02	7.44e-08	0.00e+00	0.00e+00	0.00e+00	0.00e+00	0.00e+00	0.00e+00	9.00e-01	5.13e-02	3.74e-02
 4.42022e+16	9.89e-01	1.11e-02	7.16e-08	0.00e+00	0.00e+00	0.00e+00	0.00e+00	0.00e+00	0.00e+00	9.01e-01	5.11e-02	3.72e-02
 4.42079e+16	9.89e-01	1.08e-02	6.90e-08	0.00e+00	0.00e+00	0.00e+00	0.00e+00	0.00e+00	0.00e+00	9.01e-01	5.09e-02	3.70e-02
 4.42132e+16	9.89e-01	1.06e-02	6.66e-08	0.00e+00	0.00e+00	0.00e+00	0.00e+00	0.00e+00	0.00e+00	9.02e-01	5.07e-02	3.69e-02
 4.42179e+16	9.90e-01	1.03e-02	6.45e-08	0.00e+00	0.00e+00	0.00e+00	0.00e+00	0.00e+00	0.00e+00	9.02e-01	5.05e-02	3.67e-02
 4.42223e+16	9.90e-01	1.01e-02	6.27e-08	0.00e+00	0.00e+00	0.00e+00	0.00e+00	0.00e+00	0.00e+00	9.03e-01	5.04e-02	3.66e-02
 4.42262e+16	9.90e-01	9.95e-03	6.10e-08	0.00e+00	0.00e+00	0.00e+00	0.00e+00	0.00e+00	0.00e+00	9.03e-01	5.02e-02	3.65e-02
 4.42298e+16	9.90e-01	9.77e-03	5.95e-08	0.00e+00	0.00e+00	0.00e+00	0.00e+00	0.00e+00	0.00e+00	9.04e-01	5.01e-02	3.63e-02
 4.42331e+16	9.90e-01	9.64e-03	5.82e-08	0.00e+00	0.00e+00	0.00e+00	0.00e+00	0.00e+00	0.00e+00	9.04e-01	5.00e-02	3.62e-02
 4.42366e+16	9.91e-01	9.46e-03	5.66e-08	0.00e+00	0.00e+00	0.00e+00	0.00e+00	0.00e+00	0.00e+00	9.05e-01	4.98e-02	3.61e-02
 4.42405e+16	9.91e-01	9.28e-03	5.51e-08	0.00e+00	0.00e+00	0.00e+00	0.00e+00	0.00e+00	0.00e+00	9.05e-01	4.96e-02	3.60e-02
 4.42440e+16	9.91e-01	9.12e-03	5.37e-08	0.00e+00	0.00e+00	0.00e+00	0.00e+00	0.00e+00	0.00e+00	9.06e-01	4.94e-02	3.58e-02
 4.42472e+16	9.91e-01	8.98e-03	5.25e-08	0.00e+00	0.00e+00	0.00e+00	0.00e+00	0.00e+00	0.00e+00	9.06e-01	4.93e-02	3.57e-02
 4.42501e+16	9.91e-01	8.85e-03	5.14e-08	0.00e+00	0.00e+00	0.00e+00	0.00e+00	0.00e+00	0.00e+00	9.06e-01	4.91e-02	3.56e-02
 4.42533e+16	9.91e-01	8.71e-03	5.01e-08	0.00e+00	0.00e+00	0.00e+00	0.00e+00	0.00e+00	0.00e+00	9.07e-01	4.90e-02	3.55e-02
 4.42568e+16	9.91e-01	8.56e-03	4.88e-08	0.00e+00	0.00e+00	0.00e+00	0.00e+00	0.00e+00	0.00e+00	9.07e-01	4.88e-02	3.53e-02
 4.42599e+16	9.92e-01	8.42e-03	4.76e-08	0.00e+00	0.00e+00	0.00e+00	0.00e+00	0.00e+00	0.00e+00	9.08e-01	4.87e-02	3.52e-02
 4.42628e+16	9.92e-01	8.31e-03	4.66e-08	0.00e+00	0.00e+00	0.00e+00	0.00e+00	0.00e+00	0.00e+00	9.08e-01	4.85e-02	3.51e-02
 4.42659e+16	9.92e-01	8.18e-03	4.55e-08	0.00e+00	0.00e+00	0.00e+00	0.00e+00	0.00e+00	0.00e+00	9.08e-01	4.84e-02	3.50e-02
 4.42693e+16	9.92e-01	8.02e-03	4.42e-08	0.00e+00	0.00e+00	0.00e+00	0.00e+00	0.00e+00	0.00e+00	9.09e-01	4.82e-02	3.48e-02
 4.42723e+16	9.92e-01	7.92e-03	4.32e-08	0.00e+00	0.00e+00	0.00e+00	0.00e+00	0.00e+00	0.00e+00	9.09e-01	4.81e-02	3.47e-02
 4.42757e+16	9.92e-01	7.79e-03	4.21e-08	0.00e+00	0.00e+00	0.00e+00	0.00e+00	0.00e+00	0.00e+00	9.10e-01	4.79e-02	3.46e-02
 4.42801e+16	9.92e-01	7.64e-03	4.06e-08	0.00e+00	0.00e+00	0.00e+00	0.00e+00	0.00e+00	0.00e+00	9.10e-01	4.77e-02	3.45e-02
 4.42848e+16	9.93e-01	7.47e-03	3.92e-08	0.00e+00	0.00e+00	0.00e+00	0.00e+00	0.00e+00	0.00e+00	9.11e-01	4.75e-02	3.43e-02
 4.42891e+16	9.93e-01	7.27e-03	3.76e-08	0.00e+00	0.00e+00	0.00e+00	0.00e+00	0.00e+00	0.00e+00	9.11e-01	4.73e-02	3.41e-02
