#depth	H	H+	H2
 1.71133e+11	2.09e-03	9.98e-01	4.95e-12
 1.02680e+12	2.09e-03	9.98e-01	4.97e-12
 4.44946e+12	2.09e-03	9.98e-01	4.97e-12
 1.81401e+13	2.09e-03	9.98e-01	4.98e-12
 4.33309e+13	2.08e-03	9.98e-01	4.97e-12
 7.60789e+13	2.07e-03	9.98e-01	4.94e-12
 1.18651e+14	2.06e-03	9.98e-01	4.93e-12
 1.73996e+14	2.04e-03	9.98e-01	4.90e-12
 2.45943e+14	2.03e-03	9.98e-01	4.89e-12
 3.39475e+14	2.01e-03	9.98e-01	4.85e-12
 4.61066e+14	2.00e-03	9.98e-01	4.85e-12
 6.19134e+14	1.98e-03	9.98e-01	4.85e-12
 8.24623e+14	1.96e-03	9.98e-01	4.89e-12
 1.09176e+15	1.95e-03	9.98e-01	4.97e-12
 1.43904e+15	1.95e-03	9.98e-01	5.10e-12
 1.89050e+15	1.94e-03	9.98e-01	5.29e-12
 2.47739e+15	1.94e-03	9.98e-01	5.48e-12
 3.11010e+15	1.92e-03	9.98e-01	5.64e-12
 3.68498e+15	1.91e-03	9.98e-01	5.72e-12
 4.31494e+15	1.92e-03	9.98e-01	5.84e-12
 4.90456e+15	1.90e-03	9.98e-01	5.88e-12
 5.39501e+15	1.90e-03	9.98e-01	5.88e-12
 5.93451e+15	1.90e-03	9.98e-01	5.94e-12
 6.52797e+15	1.90e-03	9.98e-01	5.99e-12
 7.18076e+15	1.91e-03	9.98e-01	6.04e-12
 7.89884e+15	1.92e-03	9.98e-01	6.09e-12
 8.68872e+15	1.93e-03	9.98e-01	6.16e-12
 9.55759e+15	1.94e-03	9.98e-01	6.18e-12
 1.05134e+16	1.95e-03	9.98e-01	6.21e-12
 1.15647e+16	1.97e-03	9.98e-01	6.23e-12
 1.27212e+16	2.00e-03	9.98e-01	6.22e-12
 1.39818e+16	2.04e-03	9.98e-01	6.13e-12
 1.52119e+16	2.08e-03	9.98e-01	6.01e-12
 1.63004e+16	2.12e-03	9.98e-01	5.78e-12
 1.72898e+16	2.17e-03	9.98e-01	5.45e-12
 1.82130e+16	2.22e-03	9.98e-01	5.03e-12
 1.90893e+16	2.28e-03	9.98e-01	4.53e-12
 1.99351e+16	2.34e-03	9.98e-01	3.99e-12
 2.07586e+16	2.41e-03	9.98e-01	3.46e-12
 2.15664e+16	2.48e-03	9.98e-01	2.95e-12
 2.23633e+16	2.57e-03	9.97e-01	2.50e-12
 2.31518e+16	2.66e-03	9.97e-01	2.12e-12
 2.39343e+16	2.76e-03	9.97e-01	1.81e-12
 2.47136e+16	2.87e-03	9.97e-01	1.57e-12
 2.54903e+16	3.00e-03	9.97e-01	1.38e-12
 2.62578e+16	3.15e-03	9.97e-01	1.24e-12
 2.70087e+16	3.30e-03	9.97e-01	1.14e-12
 2.77438e+16	3.48e-03	9.97e-01	1.06e-12
 2.84661e+16	3.67e-03	9.96e-01	1.02e-12
 2.91725e+16	3.88e-03	9.96e-01	9.94e-13
 2.98587e+16	4.11e-03	9.96e-01	9.86e-13
 3.05277e+16	4.36e-03	9.96e-01	9.93e-13
 3.11855e+16	4.65e-03	9.95e-01	1.01e-12
 3.18345e+16	4.96e-03	9.95e-01	1.04e-12
 3.24746e+16	5.31e-03	9.95e-01	1.08e-12
 3.31066e+16	5.71e-03	9.94e-01	1.13e-12
 3.37337e+16	6.17e-03	9.94e-01	1.20e-12
 3.43546e+16	6.69e-03	9.93e-01	1.28e-12
 3.49634e+16	7.29e-03	9.93e-01	1.37e-12
 3.55579e+16	7.99e-03	9.92e-01	1.48e-12
 3.61350e+16	8.80e-03	9.91e-01	1.61e-12
 3.66877e+16	9.75e-03	9.90e-01	1.77e-12
 3.72131e+16	1.08e-02	9.89e-01	1.95e-12
 3.77139e+16	1.21e-02	9.88e-01	2.17e-12
 3.81943e+16	1.36e-02	9.86e-01	2.43e-12
 3.86556e+16	1.54e-02	9.85e-01	2.74e-12
 3.90966e+16	1.76e-02	9.82e-01	3.12e-12
 3.95163e+16	2.03e-02	9.80e-01	3.59e-12
 3.99168e+16	2.37e-02	9.76e-01	4.20e-12
 4.02975e+16	2.81e-02	9.72e-01	4.97e-12
 4.06527e+16	3.36e-02	9.66e-01	5.98e-12
 4.09293e+16	4.02e-02	9.60e-01	7.21e-12
 4.11069e+16	4.56e-02	9.54e-01	8.25e-12
 4.12471e+16	5.05e-02	9.49e-01	9.17e-12
 4.14053e+16	5.69e-02	9.43e-01	1.04e-11
 4.15820e+16	6.65e-02	9.34e-01	1.23e-11
 4.17342e+16	7.76e-02	9.22e-01	1.45e-11
 4.18495e+16	8.84e-02	9.12e-01	1.67e-11
 4.19468e+16	9.95e-02	9.01e-01	1.91e-11
 4.20544e+16	1.14e-01	8.86e-01	2.21e-11
 4.21676e+16	1.34e-01	8.66e-01	2.66e-11
 4.22574e+16	1.55e-01	8.45e-01	3.17e-11
 4.23243e+16	1.74e-01	8.26e-01	3.66e-11
 4.23923e+16	1.97e-01	8.03e-01	4.23e-11
 4.24672e+16	2.27e-01	7.73e-01	5.06e-11
 4.25319e+16	2.60e-01	7.40e-01	6.06e-11
 4.25835e+16	2.90e-01	7.10e-01	7.07e-11
 4.26288e+16	3.21e-01	6.79e-01	8.16e-11
 4.26728e+16	3.53e-01	6.47e-01	9.38e-11
 4.27119e+16	3.85e-01	6.15e-01	1.08e-10
 4.27429e+16	4.12e-01	5.88e-01	1.20e-10
 4.27692e+16	4.37e-01	5.63e-01	1.32e-10
 4.27944e+16	4.60e-01	5.40e-01	1.45e-10
 4.28187e+16	4.84e-01	5.16e-01	1.59e-10
 4.28418e+16	5.07e-01	4.93e-01	1.73e-10
 4.28631e+16	5.29e-01	4.71e-01	1.89e-10
 4.28791e+16	5.45e-01	4.55e-01	2.00e-10
 4.28898e+16	5.55e-01	4.45e-01	2.09e-10
 4.29002e+16	5.66e-01	4.34e-01	2.17e-10
 4.29126e+16	5.79e-01	4.21e-01	2.28e-10
 4.29261e+16	5.92e-01	4.08e-01	2.40e-10
 4.29391e+16	6.05e-01	3.95e-01	2.53e-10
 4.29514e+16	6.17e-01	3.83e-01	2.64e-10
 4.29636e+16	6.29e-01	3.71e-01	2.78e-10
 4.29759e+16	6.40e-01	3.60e-01	2.90e-10
 4.29884e+16	6.52e-01	3.48e-01	3.05e-10
 4.30009e+16	6.64e-01	3.36e-01	3.19e-10
 4.30134e+16	6.75e-01	3.25e-01	3.35e-10
 4.30260e+16	6.86e-01	3.14e-01	3.51e-10
 4.30384e+16	6.97e-01	3.03e-01	3.67e-10
 4.30507e+16	7.08e-01	2.92e-01	3.83e-10
 4.30634e+16	7.18e-01	2.82e-01	4.03e-10
 4.30761e+16	7.28e-01	2.72e-01	4.20e-10
 4.30889e+16	7.39e-01	2.61e-01	4.42e-10
 4.31017e+16	7.48e-01	2.52e-01	4.59e-10
 4.31148e+16	7.57e-01	2.43e-01	4.82e-10
 4.31281e+16	7.67e-01	2.33e-01	5.05e-10
 4.31412e+16	7.76e-01	2.24e-01	5.27e-10
 4.31543e+16	7.84e-01	2.16e-01	5.49e-10
 4.31679e+16	7.93e-01	2.07e-01	5.75e-10
 4.31818e+16	8.01e-01	1.99e-01	6.03e-10
 4.31956e+16	8.09e-01	1.91e-01	6.30e-10
 4.32094e+16	8.16e-01	1.84e-01	6.55e-10
 4.32238e+16	8.24e-01	1.76e-01	6.87e-10
 4.32384e+16	8.31e-01	1.69e-01	7.20e-10
 4.32531e+16	8.38e-01	1.62e-01	7.52e-10
 4.32678e+16	8.45e-01	1.55e-01	7.83e-10
 4.32830e+16	8.51e-01	1.49e-01	8.21e-10
 4.32984e+16	8.58e-01	1.42e-01	8.60e-10
 4.33139e+16	8.64e-01	1.36e-01	9.00e-10
 4.33295e+16	8.69e-01	1.31e-01	9.35e-10
 4.33451e+16	8.75e-01	1.25e-01	9.77e-10
 4.33610e+16	8.80e-01	1.20e-01	1.02e-09
 4.33770e+16	8.85e-01	1.15e-01	1.07e-09
 4.33933e+16	8.90e-01	1.10e-01	1.13e-09
 4.34096e+16	8.94e-01	1.06e-01	1.18e-09
 4.34258e+16	8.98e-01	1.02e-01	1.23e-09
 4.34424e+16	9.02e-01	9.75e-02	1.29e-09
 4.34592e+16	9.07e-01	9.35e-02	1.35e-09
 4.34760e+16	9.10e-01	8.96e-02	1.42e-09
 4.34930e+16	9.14e-01	8.62e-02	1.48e-09
 4.35101e+16	9.17e-01	8.26e-02	1.55e-09
 4.35272e+16	9.21e-01	7.93e-02	1.64e-09
 4.35442e+16	9.24e-01	7.61e-02	1.73e-09
 4.35616e+16	9.27e-01	7.32e-02	1.80e-09
 4.35793e+16	9.30e-01	7.02e-02	1.90e-09
 4.35968e+16	9.33e-01	6.74e-02	2.01e-09
 4.36140e+16	9.35e-01	6.47e-02	2.12e-09
 4.36317e+16	9.38e-01	6.22e-02	2.22e-09
 4.36500e+16	9.40e-01	5.97e-02	2.36e-09
 4.36677e+16	9.43e-01	5.73e-02	2.51e-09
 4.36847e+16	9.45e-01	5.51e-02	2.66e-09
 4.37024e+16	9.47e-01	5.31e-02	2.79e-09
 4.37209e+16	9.49e-01	5.09e-02	2.98e-09
 4.37388e+16	9.51e-01	4.89e-02	3.18e-09
 4.37559e+16	9.53e-01	4.70e-02	3.40e-09
 4.37733e+16	9.55e-01	4.52e-02	3.65e-09
 4.37915e+16	9.57e-01	4.34e-02	3.91e-09
 4.38100e+16	9.58e-01	4.16e-02	4.20e-09
 4.38278e+16	9.60e-01	4.00e-02	4.55e-09
 4.38447e+16	9.62e-01	3.85e-02	4.91e-09
 4.38614e+16	9.63e-01	3.71e-02	5.30e-09
 4.38786e+16	9.64e-01	3.57e-02	5.72e-09
 4.38965e+16	9.66e-01	3.42e-02	6.30e-09
 4.39142e+16	9.67e-01	3.28e-02	6.97e-09
 4.39312e+16	9.69e-01	3.15e-02	7.71e-09
 4.39478e+16	9.70e-01	3.03e-02	8.55e-09
 4.39644e+16	9.71e-01	2.91e-02	9.56e-09
 4.39806e+16	9.72e-01	2.80e-02	1.07e-08
 4.39959e+16	9.73e-01	2.69e-02	1.20e-08
 4.40100e+16	9.74e-01	2.60e-02	1.35e-08
 4.40228e+16	9.75e-01	2.52e-02	1.50e-08
 4.40350e+16	9.76e-01	2.44e-02	1.68e-08
 4.40467e+16	9.76e-01	2.37e-02	1.88e-08
 4.40578e+16	9.77e-01	2.30e-02	2.10e-08
 4.40682e+16	9.78e-01	2.24e-02	2.35e-08
 4.40782e+16	9.78e-01	2.18e-02	2.61e-08
 4.40879e+16	9.79e-01	2.12e-02	2.91e-08
 4.40973e+16	9.79e-01	2.07e-02	3.25e-08
 4.41065e+16	9.80e-01	2.01e-02	3.62e-08
 4.41155e+16	9.80e-01	1.96e-02	4.02e-08
 4.41243e+16	9.81e-01	1.91e-02	4.46e-08
 4.41331e+16	9.81e-01	1.85e-02	4.93e-08
 4.41423e+16	9.82e-01	1.80e-02	5.47e-08
 4.41518e+16	9.83e-01	1.74e-02	6.03e-08
 4.41610e+16	9.83e-01	1.69e-02	6.54e-08
 4.41693e+16	9.84e-01	1.64e-02	6.95e-08
 4.41767e+16	9.84e-01	1.59e-02	7.30e-08
 4.41836e+16	9.84e-01	1.55e-02	7.57e-08
 4.41900e+16	9.85e-01	1.52e-02	7.79e-08
 4.41963e+16	9.85e-01	1.48e-02	7.97e-08
 4.42022e+16	9.86e-01	1.45e-02	8.14e-08
 4.42079e+16	9.86e-01	1.41e-02	8.28e-08
 4.42132e+16	9.86e-01	1.38e-02	8.40e-08
 4.42179e+16	9.86e-01	1.35e-02	8.51e-08
 4.42223e+16	9.87e-01	1.33e-02	8.61e-08
 4.42262e+16	9.87e-01	1.31e-02	8.70e-08
 4.42298e+16	9.87e-01	1.28e-02	8.79e-08
 4.42331e+16	9.87e-01	1.27e-02	8.86e-08
 4.42366e+16	9.88e-01	1.25e-02	8.96e-08
 4.42405e+16	9.88e-01	1.23e-02	9.07e-08
 4.42440e+16	9.88e-01	1.21e-02	9.17e-08
 4.42472e+16	9.88e-01	1.19e-02	9.26e-08
 4.42501e+16	9.88e-01	1.18e-02	9.35e-08
 4.42533e+16	9.88e-01	1.16e-02	9.46e-08
 4.42568e+16	9.89e-01	1.14e-02	9.58e-08
 4.42599e+16	9.89e-01	1.12e-02	9.70e-08
 4.42628e+16	9.89e-01	1.11e-02	9.79e-08
 4.42659e+16	9.89e-01	1.10e-02	9.92e-08
 4.42693e+16	9.89e-01	1.08e-02	1.01e-07
 4.42723e+16	9.89e-01	1.07e-02	1.02e-07
 4.42757e+16	9.90e-01	1.05e-02	1.03e-07
 4.42801e+16	9.90e-01	1.03e-02	1.05e-07
 4.42848e+16	9.90e-01	1.01e-02	1.06e-07
 4.42891e+16	9.90e-01	9.87e-03	1.08e-07
