#depth	O	O+	O+2	O+3	O+4	O+5	O+6	O+7	O+8	O[1]	O[2]	O[3]
 1.59988e+11	1.51e-05	1.63e-02	9.16e-01	6.72e-02	4.89e-06	0.00e+00	0.00e+00	0.00e+00	0.00e+00	1.16e-05	2.32e-06	1.13e-06
 9.59926e+11	1.51e-05	1.63e-02	9.17e-01	6.70e-02	4.87e-06	0.00e+00	0.00e+00	0.00e+00	0.00e+00	1.16e-05	2.32e-06	1.13e-06
 4.15968e+12	1.51e-05	1.63e-02	9.17e-01	6.66e-02	4.82e-06	0.00e+00	0.00e+00	0.00e+00	0.00e+00	1.16e-05	2.32e-06	1.13e-06
 1.69587e+13	1.51e-05	1.63e-02	9.19e-01	6.51e-02	4.64e-06	0.00e+00	0.00e+00	0.00e+00	0.00e+00	1.17e-05	2.32e-06	1.14e-06
 4.05089e+13	1.51e-05	1.64e-02	9.21e-01	6.27e-02	4.35e-06	0.00e+00	0.00e+00	0.00e+00	0.00e+00	1.16e-05	2.32e-06	1.14e-06
 7.11241e+13	1.51e-05	1.64e-02	9.24e-01	5.99e-02	4.02e-06	0.00e+00	0.00e+00	0.00e+00	0.00e+00	1.16e-05	2.32e-06	1.14e-06
 1.10924e+14	1.51e-05	1.65e-02	9.27e-01	5.62e-02	3.62e-06	0.00e+00	0.00e+00	0.00e+00	0.00e+00	1.16e-05	2.33e-06	1.15e-06
 1.62664e+14	1.51e-05	1.66e-02	9.32e-01	5.18e-02	3.16e-06	0.00e+00	0.00e+00	0.00e+00	0.00e+00	1.16e-05	2.33e-06	1.15e-06
 2.29925e+14	1.51e-05	1.67e-02	9.37e-01	4.65e-02	2.64e-06	0.00e+00	0.00e+00	0.00e+00	0.00e+00	1.16e-05	2.34e-06	1.16e-06
 3.17366e+14	1.51e-05	1.68e-02	9.43e-01	4.04e-02	2.10e-06	0.00e+00	0.00e+00	0.00e+00	0.00e+00	1.16e-05	2.35e-06	1.16e-06
 4.31038e+14	1.52e-05	1.70e-02	9.50e-01	3.34e-02	1.54e-06	0.00e+00	0.00e+00	0.00e+00	0.00e+00	1.17e-05	2.36e-06	1.17e-06
 5.78812e+14	1.54e-05	1.72e-02	9.57e-01	2.61e-02	1.03e-06	0.00e+00	0.00e+00	0.00e+00	0.00e+00	1.18e-05	2.38e-06	1.18e-06
 7.70918e+14	1.56e-05	1.75e-02	9.64e-01	1.88e-02	6.03e-07	0.00e+00	0.00e+00	0.00e+00	0.00e+00	1.20e-05	2.41e-06	1.20e-06
 1.02066e+15	1.59e-05	1.79e-02	9.70e-01	1.22e-02	3.00e-07	0.00e+00	0.00e+00	0.00e+00	0.00e+00	1.22e-05	2.46e-06	1.22e-06
 1.34531e+15	1.64e-05	1.84e-02	9.75e-01	6.91e-03	0.00e+00	0.00e+00	0.00e+00	0.00e+00	0.00e+00	1.26e-05	2.53e-06	1.26e-06
 1.76737e+15	1.71e-05	1.91e-02	9.78e-01	3.32e-03	0.00e+00	0.00e+00	0.00e+00	0.00e+00	0.00e+00	1.31e-05	2.63e-06	1.31e-06
 2.31605e+15	1.81e-05	2.01e-02	9.79e-01	1.30e-03	0.00e+00	0.00e+00	0.00e+00	0.00e+00	0.00e+00	1.39e-05	2.78e-06	1.38e-06
 2.92670e+15	1.91e-05	2.11e-02	9.78e-01	4.71e-04	0.00e+00	0.00e+00	0.00e+00	0.00e+00	0.00e+00	1.47e-05	2.93e-06	1.45e-06
 3.50759e+15	2.01e-05	2.22e-02	9.78e-01	1.85e-04	0.00e+00	0.00e+00	0.00e+00	0.00e+00	0.00e+00	1.55e-05	3.08e-06	1.52e-06
 4.15243e+15	2.17e-05	2.35e-02	9.76e-01	6.74e-05	0.00e+00	0.00e+00	0.00e+00	0.00e+00	0.00e+00	1.67e-05	3.32e-06	1.64e-06
 4.74274e+15	2.27e-05	2.47e-02	9.75e-01	2.83e-05	0.00e+00	0.00e+00	0.00e+00	0.00e+00	0.00e+00	1.76e-05	3.46e-06	1.72e-06
 5.21702e+15	2.39e-05	2.58e-02	9.74e-01	1.43e-05	0.00e+00	0.00e+00	0.00e+00	0.00e+00	0.00e+00	1.85e-05	3.64e-06	1.81e-06
 5.73872e+15	2.54e-05	2.70e-02	9.73e-01	6.93e-06	0.00e+00	0.00e+00	0.00e+00	0.00e+00	0.00e+00	1.96e-05	3.86e-06	1.92e-06
 6.31259e+15	2.70e-05	2.84e-02	9.72e-01	3.25e-06	0.00e+00	0.00e+00	0.00e+00	0.00e+00	0.00e+00	2.09e-05	4.12e-06	2.05e-06
 6.94385e+15	2.90e-05	3.00e-02	9.70e-01	1.48e-06	0.00e+00	0.00e+00	0.00e+00	0.00e+00	0.00e+00	2.24e-05	4.44e-06	2.20e-06
 7.63824e+15	3.13e-05	3.18e-02	9.68e-01	6.59e-07	0.00e+00	0.00e+00	0.00e+00	0.00e+00	0.00e+00	2.42e-05	4.80e-06	2.38e-06
 8.40206e+15	3.42e-05	3.39e-02	9.66e-01	2.89e-07	0.00e+00	0.00e+00	0.00e+00	0.00e+00	0.00e+00	2.63e-05	5.24e-06	2.61e-06
 9.24227e+15	3.76e-05	3.63e-02	9.64e-01	1.27e-07	0.00e+00	0.00e+00	0.00e+00	0.00e+00	0.00e+00	2.89e-05	5.78e-06	2.88e-06
 1.01665e+16	4.18e-05	3.92e-02	9.61e-01	0.00e+00	0.00e+00	0.00e+00	0.00e+00	0.00e+00	0.00e+00	3.21e-05	6.45e-06	3.22e-06
 1.11831e+16	4.71e-05	4.26e-02	9.57e-01	0.00e+00	0.00e+00	0.00e+00	0.00e+00	0.00e+00	0.00e+00	3.61e-05	7.29e-06	3.65e-06
 1.23015e+16	5.38e-05	4.67e-02	9.53e-01	0.00e+00	0.00e+00	0.00e+00	0.00e+00	0.00e+00	0.00e+00	4.12e-05	8.39e-06	4.21e-06
 1.34560e+16	6.20e-05	5.15e-02	9.48e-01	0.00e+00	0.00e+00	0.00e+00	0.00e+00	0.00e+00	0.00e+00	4.74e-05	9.72e-06	4.89e-06
 1.45367e+16	7.12e-05	5.65e-02	9.43e-01	0.00e+00	0.00e+00	0.00e+00	0.00e+00	0.00e+00	0.00e+00	5.43e-05	1.12e-05	5.67e-06
 1.55199e+16	8.11e-05	6.16e-02	9.38e-01	0.00e+00	0.00e+00	0.00e+00	0.00e+00	0.00e+00	0.00e+00	6.18e-05	1.29e-05	6.51e-06
 1.64406e+16	9.21e-05	6.69e-02	9.33e-01	0.00e+00	0.00e+00	0.00e+00	0.00e+00	0.00e+00	0.00e+00	7.00e-05	1.47e-05	7.45e-06
 1.73229e+16	1.05e-04	7.25e-02	9.27e-01	0.00e+00	0.00e+00	0.00e+00	0.00e+00	0.00e+00	0.00e+00	7.93e-05	1.68e-05	8.52e-06
 1.81802e+16	1.19e-04	7.86e-02	9.21e-01	0.00e+00	0.00e+00	0.00e+00	0.00e+00	0.00e+00	0.00e+00	8.99e-05	1.91e-05	9.75e-06
 1.90219e+16	1.35e-04	8.52e-02	9.15e-01	0.00e+00	0.00e+00	0.00e+00	0.00e+00	0.00e+00	0.00e+00	1.02e-04	2.19e-05	1.12e-05
 1.98528e+16	1.55e-04	9.24e-02	9.07e-01	0.00e+00	0.00e+00	0.00e+00	0.00e+00	0.00e+00	0.00e+00	1.16e-04	2.52e-05	1.29e-05
 2.06785e+16	1.77e-04	1.00e-01	8.99e-01	0.00e+00	0.00e+00	0.00e+00	0.00e+00	0.00e+00	0.00e+00	1.33e-04	2.90e-05	1.49e-05
 2.15018e+16	2.04e-04	1.09e-01	8.91e-01	0.00e+00	0.00e+00	0.00e+00	0.00e+00	0.00e+00	0.00e+00	1.53e-04	3.36e-05	1.72e-05
 2.23239e+16	2.36e-04	1.19e-01	8.81e-01	0.00e+00	0.00e+00	0.00e+00	0.00e+00	0.00e+00	0.00e+00	1.77e-04	3.91e-05	2.01e-05
 2.31459e+16	2.75e-04	1.30e-01	8.69e-01	0.00e+00	0.00e+00	0.00e+00	0.00e+00	0.00e+00	0.00e+00	2.06e-04	4.57e-05	2.35e-05
 2.39659e+16	3.21e-04	1.43e-01	8.57e-01	0.00e+00	0.00e+00	0.00e+00	0.00e+00	0.00e+00	0.00e+00	2.40e-04	5.38e-05	2.77e-05
 2.47722e+16	3.76e-04	1.56e-01	8.43e-01	0.00e+00	0.00e+00	0.00e+00	0.00e+00	0.00e+00	0.00e+00	2.80e-04	6.34e-05	3.27e-05
 2.55540e+16	4.41e-04	1.71e-01	8.28e-01	0.00e+00	0.00e+00	0.00e+00	0.00e+00	0.00e+00	0.00e+00	3.28e-04	7.47e-05	3.86e-05
 2.63150e+16	5.17e-04	1.87e-01	8.12e-01	0.00e+00	0.00e+00	0.00e+00	0.00e+00	0.00e+00	0.00e+00	3.84e-04	8.80e-05	4.55e-05
 2.70649e+16	6.07e-04	2.05e-01	7.94e-01	0.00e+00	0.00e+00	0.00e+00	0.00e+00	0.00e+00	0.00e+00	4.50e-04	1.04e-04	5.37e-05
 2.78089e+16	7.15e-04	2.25e-01	7.75e-01	0.00e+00	0.00e+00	0.00e+00	0.00e+00	0.00e+00	0.00e+00	5.28e-04	1.23e-04	6.37e-05
 2.85425e+16	8.43e-04	2.46e-01	7.53e-01	0.00e+00	0.00e+00	0.00e+00	0.00e+00	0.00e+00	0.00e+00	6.22e-04	1.46e-04	7.55e-05
 2.92559e+16	9.93e-04	2.68e-01	7.31e-01	0.00e+00	0.00e+00	0.00e+00	0.00e+00	0.00e+00	0.00e+00	7.31e-04	1.73e-04	8.94e-05
 2.99476e+16	1.17e-03	2.92e-01	7.07e-01	0.00e+00	0.00e+00	0.00e+00	0.00e+00	0.00e+00	0.00e+00	8.58e-04	2.04e-04	1.06e-04
 3.06239e+16	1.37e-03	3.17e-01	6.81e-01	0.00e+00	0.00e+00	0.00e+00	0.00e+00	0.00e+00	0.00e+00	1.01e-03	2.40e-04	1.25e-04
 3.12897e+16	1.61e-03	3.45e-01	6.54e-01	0.00e+00	0.00e+00	0.00e+00	0.00e+00	0.00e+00	0.00e+00	1.18e-03	2.84e-04	1.48e-04
 3.19464e+16	1.90e-03	3.74e-01	6.24e-01	0.00e+00	0.00e+00	0.00e+00	0.00e+00	0.00e+00	0.00e+00	1.39e-03	3.36e-04	1.75e-04
 3.25940e+16	2.24e-03	4.05e-01	5.93e-01	0.00e+00	0.00e+00	0.00e+00	0.00e+00	0.00e+00	0.00e+00	1.63e-03	3.98e-04	2.08e-04
 3.32340e+16	2.64e-03	4.38e-01	5.59e-01	0.00e+00	0.00e+00	0.00e+00	0.00e+00	0.00e+00	0.00e+00	1.92e-03	4.72e-04	2.46e-04
 3.38703e+16	3.13e-03	4.73e-01	5.24e-01	0.00e+00	0.00e+00	0.00e+00	0.00e+00	0.00e+00	0.00e+00	2.27e-03	5.61e-04	2.93e-04
 3.45033e+16	3.71e-03	5.10e-01	4.86e-01	0.00e+00	0.00e+00	0.00e+00	0.00e+00	0.00e+00	0.00e+00	2.69e-03	6.69e-04	3.50e-04
 3.51258e+16	4.41e-03	5.49e-01	4.47e-01	0.00e+00	0.00e+00	0.00e+00	0.00e+00	0.00e+00	0.00e+00	3.19e-03	8.00e-04	4.18e-04
 3.57295e+16	5.25e-03	5.88e-01	4.07e-01	0.00e+00	0.00e+00	0.00e+00	0.00e+00	0.00e+00	0.00e+00	3.79e-03	9.56e-04	5.00e-04
 3.63088e+16	6.23e-03	6.26e-01	3.67e-01	0.00e+00	0.00e+00	0.00e+00	0.00e+00	0.00e+00	0.00e+00	4.49e-03	1.14e-03	5.97e-04
 3.68621e+16	7.39e-03	6.64e-01	3.28e-01	0.00e+00	0.00e+00	0.00e+00	0.00e+00	0.00e+00	0.00e+00	5.32e-03	1.36e-03	7.12e-04
 3.73914e+16	8.76e-03	7.01e-01	2.90e-01	0.00e+00	0.00e+00	0.00e+00	0.00e+00	0.00e+00	0.00e+00	6.29e-03	1.62e-03	8.46e-04
 3.78994e+16	1.04e-02	7.36e-01	2.53e-01	0.00e+00	0.00e+00	0.00e+00	0.00e+00	0.00e+00	0.00e+00	7.45e-03	1.93e-03	1.00e-03
 3.83870e+16	1.23e-02	7.69e-01	2.18e-01	0.00e+00	0.00e+00	0.00e+00	0.00e+00	0.00e+00	0.00e+00	8.83e-03	2.29e-03	1.19e-03
 3.88531e+16	1.46e-02	8.00e-01	1.85e-01	0.00e+00	0.00e+00	0.00e+00	0.00e+00	0.00e+00	0.00e+00	1.05e-02	2.74e-03	1.42e-03
 3.92988e+16	1.75e-02	8.28e-01	1.55e-01	0.00e+00	0.00e+00	0.00e+00	0.00e+00	0.00e+00	0.00e+00	1.25e-02	3.28e-03	1.69e-03
 3.97244e+16	2.10e-02	8.52e-01	1.27e-01	0.00e+00	0.00e+00	0.00e+00	0.00e+00	0.00e+00	0.00e+00	1.50e-02	3.94e-03	2.03e-03
 4.01283e+16	2.53e-02	8.73e-01	1.02e-01	0.00e+00	0.00e+00	0.00e+00	0.00e+00	0.00e+00	0.00e+00	1.81e-02	4.76e-03	2.45e-03
 4.05107e+16	3.08e-02	8.90e-01	7.96e-02	0.00e+00	0.00e+00	0.00e+00	0.00e+00	0.00e+00	0.00e+00	2.20e-02	5.81e-03	2.98e-03
 4.08679e+16	3.77e-02	9.01e-01	6.09e-02	0.00e+00	0.00e+00	0.00e+00	0.00e+00	0.00e+00	0.00e+00	2.70e-02	7.12e-03	3.65e-03
 4.11464e+16	4.60e-02	9.07e-01	4.69e-02	0.00e+00	0.00e+00	0.00e+00	0.00e+00	0.00e+00	0.00e+00	3.28e-02	8.67e-03	4.44e-03
 4.13245e+16	5.27e-02	9.08e-01	3.88e-02	0.00e+00	0.00e+00	0.00e+00	0.00e+00	0.00e+00	0.00e+00	3.77e-02	9.93e-03	5.08e-03
 4.14645e+16	5.87e-02	9.08e-01	3.31e-02	0.00e+00	0.00e+00	0.00e+00	0.00e+00	0.00e+00	0.00e+00	4.20e-02	1.11e-02	5.66e-03
 4.16235e+16	6.66e-02	9.06e-01	2.74e-02	0.00e+00	0.00e+00	0.00e+00	0.00e+00	0.00e+00	0.00e+00	4.76e-02	1.25e-02	6.41e-03
 4.18007e+16	7.82e-02	9.00e-01	2.14e-02	0.00e+00	0.00e+00	0.00e+00	0.00e+00	0.00e+00	0.00e+00	5.60e-02	1.47e-02	7.52e-03
 4.19533e+16	9.17e-02	8.92e-01	1.68e-02	0.00e+00	0.00e+00	0.00e+00	0.00e+00	0.00e+00	0.00e+00	6.57e-02	1.71e-02	8.80e-03
 4.20694e+16	1.05e-01	8.82e-01	1.36e-02	0.00e+00	0.00e+00	0.00e+00	0.00e+00	0.00e+00	0.00e+00	7.51e-02	1.95e-02	1.00e-02
 4.21674e+16	1.18e-01	8.71e-01	1.12e-02	0.00e+00	0.00e+00	0.00e+00	0.00e+00	0.00e+00	0.00e+00	8.48e-02	2.19e-02	1.13e-02
 4.22755e+16	1.35e-01	8.56e-01	8.91e-03	0.00e+00	0.00e+00	0.00e+00	0.00e+00	0.00e+00	0.00e+00	9.71e-02	2.49e-02	1.29e-02
 4.23892e+16	1.58e-01	8.35e-01	6.75e-03	0.00e+00	0.00e+00	0.00e+00	0.00e+00	0.00e+00	0.00e+00	1.14e-01	2.90e-02	1.51e-02
 4.24792e+16	1.83e-01	8.11e-01	5.23e-03	0.00e+00	0.00e+00	0.00e+00	0.00e+00	0.00e+00	0.00e+00	1.33e-01	3.33e-02	1.74e-02
 4.25461e+16	2.06e-01	7.90e-01	4.24e-03	0.00e+00	0.00e+00	0.00e+00	0.00e+00	0.00e+00	0.00e+00	1.49e-01	3.70e-02	1.94e-02
 4.26141e+16	2.31e-01	7.66e-01	3.40e-03	0.00e+00	0.00e+00	0.00e+00	0.00e+00	0.00e+00	0.00e+00	1.68e-01	4.11e-02	2.17e-02
 4.26891e+16	2.65e-01	7.33e-01	2.58e-03	0.00e+00	0.00e+00	0.00e+00	0.00e+00	0.00e+00	0.00e+00	1.94e-01	4.64e-02	2.48e-02
 4.27541e+16	3.02e-01	6.96e-01	1.98e-03	0.00e+00	0.00e+00	0.00e+00	0.00e+00	0.00e+00	0.00e+00	2.22e-01	5.19e-02	2.80e-02
 4.28058e+16	3.36e-01	6.63e-01	1.56e-03	0.00e+00	0.00e+00	0.00e+00	0.00e+00	0.00e+00	0.00e+00	2.48e-01	5.68e-02	3.09e-02
 4.28515e+16	3.69e-01	6.30e-01	1.26e-03	0.00e+00	0.00e+00	0.00e+00	0.00e+00	0.00e+00	0.00e+00	2.74e-01	6.13e-02	3.37e-02
 4.28957e+16	4.03e-01	5.96e-01	1.01e-03	0.00e+00	0.00e+00	0.00e+00	0.00e+00	0.00e+00	0.00e+00	3.01e-01	6.56e-02	3.65e-02
 4.29345e+16	4.36e-01	5.63e-01	8.16e-04	0.00e+00	0.00e+00	0.00e+00	0.00e+00	0.00e+00	0.00e+00	3.28e-01	6.96e-02	3.92e-02
 4.29653e+16	4.64e-01	5.35e-01	6.86e-04	0.00e+00	0.00e+00	0.00e+00	0.00e+00	0.00e+00	0.00e+00	3.50e-01	7.27e-02	4.13e-02
 4.29918e+16	4.90e-01	5.10e-01	5.87e-04	0.00e+00	0.00e+00	0.00e+00	0.00e+00	0.00e+00	0.00e+00	3.71e-01	7.53e-02	4.32e-02
 4.30172e+16	5.13e-01	4.86e-01	5.05e-04	0.00e+00	0.00e+00	0.00e+00	0.00e+00	0.00e+00	0.00e+00	3.91e-01	7.76e-02	4.49e-02
 4.30418e+16	5.38e-01	4.62e-01	4.34e-04	0.00e+00	0.00e+00	0.00e+00	0.00e+00	0.00e+00	0.00e+00	4.11e-01	7.96e-02	4.65e-02
 4.30646e+16	5.60e-01	4.40e-01	3.76e-04	0.00e+00	0.00e+00	0.00e+00	0.00e+00	0.00e+00	0.00e+00	4.31e-01	8.14e-02	4.80e-02
 4.30855e+16	5.81e-01	4.18e-01	3.28e-04	0.00e+00	0.00e+00	0.00e+00	0.00e+00	0.00e+00	0.00e+00	4.49e-01	8.28e-02	4.93e-02
 4.31017e+16	5.97e-01	4.03e-01	2.96e-04	0.00e+00	0.00e+00	0.00e+00	0.00e+00	0.00e+00	0.00e+00	4.63e-01	8.38e-02	5.02e-02
 4.31126e+16	6.08e-01	3.92e-01	2.76e-04	0.00e+00	0.00e+00	0.00e+00	0.00e+00	0.00e+00	0.00e+00	4.72e-01	8.44e-02	5.08e-02
 4.31230e+16	6.18e-01	3.82e-01	2.57e-04	0.00e+00	0.00e+00	0.00e+00	0.00e+00	0.00e+00	0.00e+00	4.81e-01	8.50e-02	5.14e-02
 4.31353e+16	6.30e-01	3.70e-01	2.37e-04	0.00e+00	0.00e+00	0.00e+00	0.00e+00	0.00e+00	0.00e+00	4.92e-01	8.55e-02	5.20e-02
 4.31488e+16	6.43e-01	3.57e-01	2.17e-04	0.00e+00	0.00e+00	0.00e+00	0.00e+00	0.00e+00	0.00e+00	5.04e-01	8.61e-02	5.26e-02
 4.31619e+16	6.55e-01	3.45e-01	1.98e-04	0.00e+00	0.00e+00	0.00e+00	0.00e+00	0.00e+00	0.00e+00	5.15e-01	8.65e-02	5.32e-02
 4.31742e+16	6.66e-01	3.34e-01	1.82e-04	0.00e+00	0.00e+00	0.00e+00	0.00e+00	0.00e+00	0.00e+00	5.25e-01	8.68e-02	5.37e-02
 4.31865e+16	6.78e-01	3.22e-01	1.68e-04	0.00e+00	0.00e+00	0.00e+00	0.00e+00	0.00e+00	0.00e+00	5.36e-01	8.71e-02	5.42e-02
 4.31988e+16	6.88e-01	3.12e-01	1.54e-04	0.00e+00	0.00e+00	0.00e+00	0.00e+00	0.00e+00	0.00e+00	5.46e-01	8.73e-02	5.46e-02
 4.32112e+16	7.00e-01	3.00e-01	1.41e-04	0.00e+00	0.00e+00	0.00e+00	0.00e+00	0.00e+00	0.00e+00	5.57e-01	8.74e-02	5.50e-02
 4.32237e+16	7.10e-01	2.90e-01	1.30e-04	0.00e+00	0.00e+00	0.00e+00	0.00e+00	0.00e+00	0.00e+00	5.67e-01	8.75e-02	5.53e-02
 4.32363e+16	7.21e-01	2.79e-01	1.19e-04	0.00e+00	0.00e+00	0.00e+00	0.00e+00	0.00e+00	0.00e+00	5.77e-01	8.74e-02	5.56e-02
 4.32489e+16	7.31e-01	2.69e-01	1.09e-04	0.00e+00	0.00e+00	0.00e+00	0.00e+00	0.00e+00	0.00e+00	5.88e-01	8.73e-02	5.59e-02
 4.32613e+16	7.41e-01	2.59e-01	9.99e-05	0.00e+00	0.00e+00	0.00e+00	0.00e+00	0.00e+00	0.00e+00	5.97e-01	8.72e-02	5.61e-02
 4.32737e+16	7.51e-01	2.49e-01	9.16e-05	0.00e+00	0.00e+00	0.00e+00	0.00e+00	0.00e+00	0.00e+00	6.07e-01	8.70e-02	5.63e-02
 4.32863e+16	7.60e-01	2.40e-01	8.39e-05	0.00e+00	0.00e+00	0.00e+00	0.00e+00	0.00e+00	0.00e+00	6.17e-01	8.68e-02	5.64e-02
 4.32991e+16	7.69e-01	2.31e-01	7.67e-05	0.00e+00	0.00e+00	0.00e+00	0.00e+00	0.00e+00	0.00e+00	6.26e-01	8.64e-02	5.65e-02
 4.33120e+16	7.78e-01	2.22e-01	7.01e-05	0.00e+00	0.00e+00	0.00e+00	0.00e+00	0.00e+00	0.00e+00	6.36e-01	8.61e-02	5.66e-02
 4.33248e+16	7.87e-01	2.13e-01	6.41e-05	0.00e+00	0.00e+00	0.00e+00	0.00e+00	0.00e+00	0.00e+00	6.45e-01	8.56e-02	5.66e-02
 4.33376e+16	7.95e-01	2.05e-01	5.87e-05	0.00e+00	0.00e+00	0.00e+00	0.00e+00	0.00e+00	0.00e+00	6.53e-01	8.52e-02	5.66e-02
 4.33508e+16	8.04e-01	1.96e-01	5.35e-05	0.00e+00	0.00e+00	0.00e+00	0.00e+00	0.00e+00	0.00e+00	6.62e-01	8.47e-02	5.66e-02
 4.33640e+16	8.11e-01	1.89e-01	4.88e-05	0.00e+00	0.00e+00	0.00e+00	0.00e+00	0.00e+00	0.00e+00	6.70e-01	8.42e-02	5.65e-02
 4.33775e+16	8.19e-01	1.81e-01	4.45e-05	0.00e+00	0.00e+00	0.00e+00	0.00e+00	0.00e+00	0.00e+00	6.79e-01	8.36e-02	5.64e-02
 4.33912e+16	8.27e-01	1.73e-01	4.04e-05	0.00e+00	0.00e+00	0.00e+00	0.00e+00	0.00e+00	0.00e+00	6.87e-01	8.29e-02	5.62e-02
 4.34047e+16	8.34e-01	1.66e-01	3.69e-05	0.00e+00	0.00e+00	0.00e+00	0.00e+00	0.00e+00	0.00e+00	6.95e-01	8.24e-02	5.61e-02
 4.34184e+16	8.40e-01	1.60e-01	3.36e-05	0.00e+00	0.00e+00	0.00e+00	0.00e+00	0.00e+00	0.00e+00	7.03e-01	8.17e-02	5.59e-02
 4.34326e+16	8.47e-01	1.53e-01	3.05e-05	0.00e+00	0.00e+00	0.00e+00	0.00e+00	0.00e+00	0.00e+00	7.11e-01	8.10e-02	5.56e-02
 4.34469e+16	8.54e-01	1.46e-01	2.77e-05	0.00e+00	0.00e+00	0.00e+00	0.00e+00	0.00e+00	0.00e+00	7.18e-01	8.03e-02	5.54e-02
 4.34612e+16	8.60e-01	1.40e-01	2.51e-05	0.00e+00	0.00e+00	0.00e+00	0.00e+00	0.00e+00	0.00e+00	7.25e-01	7.96e-02	5.51e-02
 4.34760e+16	8.66e-01	1.34e-01	2.28e-05	0.00e+00	0.00e+00	0.00e+00	0.00e+00	0.00e+00	0.00e+00	7.32e-01	7.89e-02	5.49e-02
 4.34911e+16	8.72e-01	1.28e-01	2.06e-05	0.00e+00	0.00e+00	0.00e+00	0.00e+00	0.00e+00	0.00e+00	7.39e-01	7.81e-02	5.45e-02
 4.35062e+16	8.77e-01	1.23e-01	1.86e-05	0.00e+00	0.00e+00	0.00e+00	0.00e+00	0.00e+00	0.00e+00	7.46e-01	7.74e-02	5.42e-02
 4.35213e+16	8.82e-01	1.18e-01	1.69e-05	0.00e+00	0.00e+00	0.00e+00	0.00e+00	0.00e+00	0.00e+00	7.52e-01	7.67e-02	5.39e-02
 4.35367e+16	8.87e-01	1.13e-01	1.52e-05	0.00e+00	0.00e+00	0.00e+00	0.00e+00	0.00e+00	0.00e+00	7.58e-01	7.59e-02	5.36e-02
 4.35523e+16	8.92e-01	1.08e-01	1.38e-05	0.00e+00	0.00e+00	0.00e+00	0.00e+00	0.00e+00	0.00e+00	7.64e-01	7.52e-02	5.32e-02
 4.35682e+16	8.97e-01	1.03e-01	1.24e-05	0.00e+00	0.00e+00	0.00e+00	0.00e+00	0.00e+00	0.00e+00	7.70e-01	7.44e-02	5.29e-02
 4.35842e+16	9.01e-01	9.87e-02	1.12e-05	0.00e+00	0.00e+00	0.00e+00	0.00e+00	0.00e+00	0.00e+00	7.75e-01	7.37e-02	5.25e-02
 4.36001e+16	9.06e-01	9.45e-02	1.01e-05	0.00e+00	0.00e+00	0.00e+00	0.00e+00	0.00e+00	0.00e+00	7.80e-01	7.30e-02	5.22e-02
 4.36162e+16	9.10e-01	9.04e-02	9.14e-06	0.00e+00	0.00e+00	0.00e+00	0.00e+00	0.00e+00	0.00e+00	7.85e-01	7.23e-02	5.18e-02
 4.36325e+16	9.13e-01	8.67e-02	8.24e-06	0.00e+00	0.00e+00	0.00e+00	0.00e+00	0.00e+00	0.00e+00	7.90e-01	7.16e-02	5.14e-02
 4.36491e+16	9.17e-01	8.31e-02	7.43e-06	0.00e+00	0.00e+00	0.00e+00	0.00e+00	0.00e+00	0.00e+00	7.95e-01	7.09e-02	5.10e-02
 4.36658e+16	9.20e-01	7.96e-02	6.69e-06	0.00e+00	0.00e+00	0.00e+00	0.00e+00	0.00e+00	0.00e+00	8.00e-01	7.02e-02	5.06e-02
 4.36825e+16	9.24e-01	7.63e-02	6.03e-06	0.00e+00	0.00e+00	0.00e+00	0.00e+00	0.00e+00	0.00e+00	8.04e-01	6.96e-02	5.02e-02
 4.36994e+16	9.27e-01	7.31e-02	5.43e-06	0.00e+00	0.00e+00	0.00e+00	0.00e+00	0.00e+00	0.00e+00	8.08e-01	6.89e-02	4.98e-02
 4.37163e+16	9.30e-01	7.01e-02	4.90e-06	0.00e+00	0.00e+00	0.00e+00	0.00e+00	0.00e+00	0.00e+00	8.12e-01	6.83e-02	4.94e-02
 4.37330e+16	9.33e-01	6.72e-02	4.42e-06	0.00e+00	0.00e+00	0.00e+00	0.00e+00	0.00e+00	0.00e+00	8.16e-01	6.77e-02	4.90e-02
 4.37501e+16	9.35e-01	6.46e-02	3.98e-06	0.00e+00	0.00e+00	0.00e+00	0.00e+00	0.00e+00	0.00e+00	8.20e-01	6.71e-02	4.87e-02
 4.37677e+16	9.38e-01	6.19e-02	3.58e-06	0.00e+00	0.00e+00	0.00e+00	0.00e+00	0.00e+00	0.00e+00	8.23e-01	6.65e-02	4.83e-02
 4.37853e+16	9.41e-01	5.93e-02	3.22e-06	0.00e+00	0.00e+00	0.00e+00	0.00e+00	0.00e+00	0.00e+00	8.27e-01	6.59e-02	4.79e-02
 4.38025e+16	9.43e-01	5.69e-02	2.90e-06	0.00e+00	0.00e+00	0.00e+00	0.00e+00	0.00e+00	0.00e+00	8.30e-01	6.54e-02	4.75e-02
 4.38199e+16	9.45e-01	5.46e-02	2.61e-06	0.00e+00	0.00e+00	0.00e+00	0.00e+00	0.00e+00	0.00e+00	8.33e-01	6.48e-02	4.72e-02
 4.38374e+16	9.47e-01	5.25e-02	2.35e-06	0.00e+00	0.00e+00	0.00e+00	0.00e+00	0.00e+00	0.00e+00	8.36e-01	6.43e-02	4.69e-02
 4.38553e+16	9.50e-01	5.03e-02	2.11e-06	0.00e+00	0.00e+00	0.00e+00	0.00e+00	0.00e+00	0.00e+00	8.39e-01	6.38e-02	4.65e-02
 4.38733e+16	9.52e-01	4.83e-02	1.90e-06	0.00e+00	0.00e+00	0.00e+00	0.00e+00	0.00e+00	0.00e+00	8.42e-01	6.33e-02	4.62e-02
 4.38909e+16	9.54e-01	4.63e-02	1.71e-06	0.00e+00	0.00e+00	0.00e+00	0.00e+00	0.00e+00	0.00e+00	8.45e-01	6.28e-02	4.58e-02
 4.39085e+16	9.55e-01	4.46e-02	1.54e-06	0.00e+00	0.00e+00	0.00e+00	0.00e+00	0.00e+00	0.00e+00	8.47e-01	6.24e-02	4.56e-02
 4.39264e+16	9.57e-01	4.28e-02	1.38e-06	0.00e+00	0.00e+00	0.00e+00	0.00e+00	0.00e+00	0.00e+00	8.50e-01	6.19e-02	4.53e-02
 4.39442e+16	9.59e-01	4.11e-02	1.24e-06	0.00e+00	0.00e+00	0.00e+00	0.00e+00	0.00e+00	0.00e+00	8.53e-01	6.15e-02	4.50e-02
 4.39619e+16	9.61e-01	3.95e-02	1.12e-06	0.00e+00	0.00e+00	0.00e+00	0.00e+00	0.00e+00	0.00e+00	8.55e-01	6.10e-02	4.47e-02
 4.39797e+16	9.62e-01	3.79e-02	1.01e-06	0.00e+00	0.00e+00	0.00e+00	0.00e+00	0.00e+00	0.00e+00	8.57e-01	6.06e-02	4.44e-02
 4.39975e+16	9.64e-01	3.63e-02	9.07e-07	0.00e+00	0.00e+00	0.00e+00	0.00e+00	0.00e+00	0.00e+00	8.59e-01	6.02e-02	4.41e-02
 4.40156e+16	9.65e-01	3.48e-02	8.15e-07	0.00e+00	0.00e+00	0.00e+00	0.00e+00	0.00e+00	0.00e+00	8.62e-01	5.98e-02	4.38e-02
 4.40338e+16	9.67e-01	3.34e-02	7.32e-07	0.00e+00	0.00e+00	0.00e+00	0.00e+00	0.00e+00	0.00e+00	8.64e-01	5.94e-02	4.35e-02
 4.40516e+16	9.68e-01	3.21e-02	6.60e-07	0.00e+00	0.00e+00	0.00e+00	0.00e+00	0.00e+00	0.00e+00	8.66e-01	5.90e-02	4.33e-02
 4.40691e+16	9.69e-01	3.09e-02	5.96e-07	0.00e+00	0.00e+00	0.00e+00	0.00e+00	0.00e+00	0.00e+00	8.67e-01	5.87e-02	4.30e-02
 4.40865e+16	9.70e-01	2.97e-02	5.38e-07	0.00e+00	0.00e+00	0.00e+00	0.00e+00	0.00e+00	0.00e+00	8.69e-01	5.84e-02	4.28e-02
 4.41035e+16	9.71e-01	2.85e-02	4.87e-07	0.00e+00	0.00e+00	0.00e+00	0.00e+00	0.00e+00	0.00e+00	8.71e-01	5.80e-02	4.25e-02
 4.41207e+16	9.73e-01	2.74e-02	4.40e-07	0.00e+00	0.00e+00	0.00e+00	0.00e+00	0.00e+00	0.00e+00	8.73e-01	5.77e-02	4.23e-02
 4.41384e+16	9.74e-01	2.63e-02	3.96e-07	0.00e+00	0.00e+00	0.00e+00	0.00e+00	0.00e+00	0.00e+00	8.74e-01	5.74e-02	4.21e-02
 4.41559e+16	9.75e-01	2.52e-02	3.58e-07	0.00e+00	0.00e+00	0.00e+00	0.00e+00	0.00e+00	0.00e+00	8.76e-01	5.70e-02	4.18e-02
 4.41728e+16	9.76e-01	2.42e-02	3.24e-07	0.00e+00	0.00e+00	0.00e+00	0.00e+00	0.00e+00	0.00e+00	8.77e-01	5.67e-02	4.16e-02
 4.41894e+16	9.77e-01	2.32e-02	2.94e-07	0.00e+00	0.00e+00	0.00e+00	0.00e+00	0.00e+00	0.00e+00	8.79e-01	5.64e-02	4.14e-02
 4.42060e+16	9.78e-01	2.23e-02	2.67e-07	0.00e+00	0.00e+00	0.00e+00	0.00e+00	0.00e+00	0.00e+00	8.80e-01	5.61e-02	4.12e-02
 4.42220e+16	9.79e-01	2.14e-02	2.43e-07	0.00e+00	0.00e+00	0.00e+00	0.00e+00	0.00e+00	0.00e+00	8.82e-01	5.58e-02	4.10e-02
 4.42368e+16	9.79e-01	2.06e-02	2.23e-07	0.00e+00	0.00e+00	0.00e+00	0.00e+00	0.00e+00	0.00e+00	8.83e-01	5.56e-02	4.08e-02
 4.42502e+16	9.80e-01	1.99e-02	2.06e-07	0.00e+00	0.00e+00	0.00e+00	0.00e+00	0.00e+00	0.00e+00	8.84e-01	5.54e-02	4.06e-02
 4.42628e+16	9.81e-01	1.93e-02	1.91e-07	0.00e+00	0.00e+00	0.00e+00	0.00e+00	0.00e+00	0.00e+00	8.85e-01	5.51e-02	4.04e-02
 4.42748e+16	9.81e-01	1.87e-02	1.79e-07	0.00e+00	0.00e+00	0.00e+00	0.00e+00	0.00e+00	0.00e+00	8.86e-01	5.49e-02	4.02e-02
 4.42860e+16	9.82e-01	1.82e-02	1.67e-07	0.00e+00	0.00e+00	0.00e+00	0.00e+00	0.00e+00	0.00e+00	8.87e-01	5.47e-02	4.01e-02
 4.42967e+16	9.82e-01	1.76e-02	1.57e-07	0.00e+00	0.00e+00	0.00e+00	0.00e+00	0.00e+00	0.00e+00	8.88e-01	5.45e-02	3.99e-02
 4.43070e+16	9.83e-01	1.71e-02	1.48e-07	0.00e+00	0.00e+00	0.00e+00	0.00e+00	0.00e+00	0.00e+00	8.89e-01	5.43e-02	3.98e-02
 4.43168e+16	9.83e-01	1.67e-02	1.40e-07	0.00e+00	0.00e+00	0.00e+00	0.00e+00	0.00e+00	0.00e+00	8.90e-01	5.41e-02	3.96e-02
 4.43263e+16	9.84e-01	1.62e-02	1.32e-07	0.00e+00	0.00e+00	0.00e+00	0.00e+00	0.00e+00	0.00e+00	8.90e-01	5.39e-02	3.95e-02
 4.43355e+16	9.84e-01	1.58e-02	1.25e-07	0.00e+00	0.00e+00	0.00e+00	0.00e+00	0.00e+00	0.00e+00	8.91e-01	5.38e-02	3.93e-02
 4.43445e+16	9.85e-01	1.54e-02	1.19e-07	0.00e+00	0.00e+00	0.00e+00	0.00e+00	0.00e+00	0.00e+00	8.92e-01	5.36e-02	3.92e-02
 4.43534e+16	9.85e-01	1.49e-02	1.13e-07	0.00e+00	0.00e+00	0.00e+00	0.00e+00	0.00e+00	0.00e+00	8.93e-01	5.34e-02	3.90e-02
 4.43623e+16	9.85e-01	1.45e-02	1.07e-07	0.00e+00	0.00e+00	0.00e+00	0.00e+00	0.00e+00	0.00e+00	8.93e-01	5.32e-02	3.89e-02
 4.43713e+16	9.86e-01	1.41e-02	1.01e-07	0.00e+00	0.00e+00	0.00e+00	0.00e+00	0.00e+00	0.00e+00	8.94e-01	5.30e-02	3.87e-02
 4.43804e+16	9.86e-01	1.36e-02	9.59e-08	0.00e+00	0.00e+00	0.00e+00	0.00e+00	0.00e+00	0.00e+00	8.95e-01	5.28e-02	3.85e-02
 4.43896e+16	9.87e-01	1.32e-02	9.07e-08	0.00e+00	0.00e+00	0.00e+00	0.00e+00	0.00e+00	0.00e+00	8.96e-01	5.25e-02	3.84e-02
 4.43983e+16	9.87e-01	1.28e-02	8.60e-08	0.00e+00	0.00e+00	0.00e+00	0.00e+00	0.00e+00	0.00e+00	8.97e-01	5.23e-02	3.82e-02
 4.44062e+16	9.88e-01	1.24e-02	8.20e-08	0.00e+00	0.00e+00	0.00e+00	0.00e+00	0.00e+00	0.00e+00	8.98e-01	5.21e-02	3.80e-02
 4.44133e+16	9.88e-01	1.20e-02	7.85e-08	0.00e+00	0.00e+00	0.00e+00	0.00e+00	0.00e+00	0.00e+00	8.98e-01	5.19e-02	3.78e-02
 4.44199e+16	9.88e-01	1.17e-02	7.53e-08	0.00e+00	0.00e+00	0.00e+00	0.00e+00	0.00e+00	0.00e+00	8.99e-01	5.17e-02	3.76e-02
 4.44263e+16	9.89e-01	1.14e-02	7.24e-08	0.00e+00	0.00e+00	0.00e+00	0.00e+00	0.00e+00	0.00e+00	9.00e-01	5.15e-02	3.75e-02
 4.44324e+16	9.89e-01	1.11e-02	6.96e-08	0.00e+00	0.00e+00	0.00e+00	0.00e+00	0.00e+00	0.00e+00	9.00e-01	5.13e-02	3.73e-02
 4.44383e+16	9.89e-01	1.08e-02	6.70e-08	0.00e+00	0.00e+00	0.00e+00	0.00e+00	0.00e+00	0.00e+00	9.01e-01	5.11e-02	3.71e-02
 4.44437e+16	9.89e-01	1.06e-02	6.47e-08	0.00e+00	0.00e+00	0.00e+00	0.00e+00	0.00e+00	0.00e+00	9.02e-01	5.09e-02	3.70e-02
 4.44486e+16	9.90e-01	1.03e-02	6.26e-08	0.00e+00	0.00e+00	0.00e+00	0.00e+00	0.00e+00	0.00e+00	9.02e-01	5.08e-02	3.68e-02
 4.44531e+16	9.90e-01	1.01e-02	6.07e-08	0.00e+00	0.00e+00	0.00e+00	0.00e+00	0.00e+00	0.00e+00	9.03e-01	5.06e-02	3.67e-02
 4.44573e+16	9.90e-01	9.91e-03	5.90e-08	0.00e+00	0.00e+00	0.00e+00	0.00e+00	0.00e+00	0.00e+00	9.03e-01	5.04e-02	3.65e-02
 4.44610e+16	9.90e-01	9.74e-03	5.76e-08	0.00e+00	0.00e+00	0.00e+00	0.00e+00	0.00e+00	0.00e+00	9.04e-01	5.03e-02	3.64e-02
 4.44644e+16	9.90e-01	9.57e-03	5.62e-08	0.00e+00	0.00e+00	0.00e+00	0.00e+00	0.00e+00	0.00e+00	9.04e-01	5.02e-02	3.63e-02
 4.44675e+16	9.91e-01	9.45e-03	5.50e-08	0.00e+00	0.00e+00	0.00e+00	0.00e+00	0.00e+00	0.00e+00	9.04e-01	5.01e-02	3.62e-02
 4.44709e+16	9.91e-01	9.28e-03	5.36e-08	0.00e+00	0.00e+00	0.00e+00	0.00e+00	0.00e+00	0.00e+00	9.05e-01	4.99e-02	3.61e-02
 4.44746e+16	9.91e-01	9.11e-03	5.22e-08	0.00e+00	0.00e+00	0.00e+00	0.00e+00	0.00e+00	0.00e+00	9.05e-01	4.97e-02	3.59e-02
 4.44779e+16	9.91e-01	8.96e-03	5.10e-08	0.00e+00	0.00e+00	0.00e+00	0.00e+00	0.00e+00	0.00e+00	9.06e-01	4.96e-02	3.58e-02
 4.44810e+16	9.91e-01	8.84e-03	4.99e-08	0.00e+00	0.00e+00	0.00e+00	0.00e+00	0.00e+00	0.00e+00	9.06e-01	4.94e-02	3.57e-02
 4.44843e+16	9.91e-01	8.69e-03	4.86e-08	0.00e+00	0.00e+00	0.00e+00	0.00e+00	0.00e+00	0.00e+00	9.06e-01	4.93e-02	3.56e-02
 4.44879e+16	9.91e-01	8.53e-03	4.73e-08	0.00e+00	0.00e+00	0.00e+00	0.00e+00	0.00e+00	0.00e+00	9.07e-01	4.91e-02	3.54e-02
 4.44912e+16	9.92e-01	8.39e-03	4.62e-08	0.00e+00	0.00e+00	0.00e+00	0.00e+00	0.00e+00	0.00e+00	9.07e-01	4.89e-02	3.53e-02
 4.44941e+16	9.92e-01	8.27e-03	4.52e-08	0.00e+00	0.00e+00	0.00e+00	0.00e+00	0.00e+00	0.00e+00	9.08e-01	4.88e-02	3.52e-02
 4.44974e+16	9.92e-01	8.13e-03	4.40e-08	0.00e+00	0.00e+00	0.00e+00	0.00e+00	0.00e+00	0.00e+00	9.08e-01	4.86e-02	3.51e-02
 4.45009e+16	9.92e-01	7.98e-03	4.27e-08	0.00e+00	0.00e+00	0.00e+00	0.00e+00	0.00e+00	0.00e+00	9.09e-01	4.84e-02	3.49e-02
 4.45041e+16	9.92e-01	7.86e-03	4.17e-08	0.00e+00	0.00e+00	0.00e+00	0.00e+00	0.00e+00	0.00e+00	9.09e-01	4.83e-02	3.48e-02
 4.45071e+16	9.92e-01	7.77e-03	4.08e-08	0.00e+00	0.00e+00	0.00e+00	0.00e+00	0.00e+00	0.00e+00	9.09e-01	4.82e-02	3.47e-02
 4.45103e+16	9.92e-01	7.65e-03	3.98e-08	0.00e+00	0.00e+00	0.00e+00	0.00e+00	0.00e+00	0.00e+00	9.10e-01	4.80e-02	3.46e-02
 4.45144e+16	9.92e-01	7.51e-03	3.85e-08	0.00e+00	0.00e+00	0.00e+00	0.00e+00	0.00e+00	0.00e+00	9.10e-01	4.79e-02	3.45e-02
 4.45189e+16	9.93e-01	7.36e-03	3.72e-08	0.00e+00	0.00e+00	0.00e+00	0.00e+00	0.00e+00	0.00e+00	9.11e-01	4.77e-02	3.43e-02
###########################
 1.71093e+11	1.41e-05	1.56e-02	9.15e-01	6.91e-02	5.27e-06	0.00e+00	0.00e+00	0.00e+00	0.00e+00	1.08e-05	2.19e-06	1.08e-06
 1.02656e+12	1.41e-05	1.56e-02	9.15e-01	6.90e-02	5.26e-06	0.00e+00	0.00e+00	0.00e+00	0.00e+00	1.08e-05	2.19e-06	1.08e-06
 4.44842e+12	1.41e-05	1.56e-02	9.16e-01	6.86e-02	5.20e-06	0.00e+00	0.00e+00	0.00e+00	0.00e+00	1.08e-05	2.19e-06	1.08e-06
 1.81359e+13	1.41e-05	1.57e-02	9.17e-01	6.69e-02	4.98e-06	0.00e+00	0.00e+00	0.00e+00	0.00e+00	1.08e-05	2.20e-06	1.09e-06
 4.33207e+13	1.40e-05	1.57e-02	9.20e-01	6.44e-02	4.67e-06	0.00e+00	0.00e+00	0.00e+00	0.00e+00	1.07e-05	2.20e-06	1.09e-06
 7.60611e+13	1.40e-05	1.57e-02	9.23e-01	6.12e-02	4.29e-06	0.00e+00	0.00e+00	0.00e+00	0.00e+00	1.07e-05	2.19e-06	1.09e-06
 1.18624e+14	1.40e-05	1.58e-02	9.27e-01	5.73e-02	3.84e-06	0.00e+00	0.00e+00	0.00e+00	0.00e+00	1.07e-05	2.19e-06	1.09e-06
 1.73955e+14	1.40e-05	1.59e-02	9.32e-01	5.26e-02	3.32e-06	0.00e+00	0.00e+00	0.00e+00	0.00e+00	1.07e-05	2.19e-06	1.10e-06
 2.45885e+14	1.40e-05	1.60e-02	9.37e-01	4.68e-02	2.75e-06	0.00e+00	0.00e+00	0.00e+00	0.00e+00	1.07e-05	2.20e-06	1.10e-06
 3.39395e+14	1.40e-05	1.61e-02	9.44e-01	4.03e-02	2.15e-06	0.00e+00	0.00e+00	0.00e+00	0.00e+00	1.07e-05	2.20e-06	1.10e-06
 4.60958e+14	1.41e-05	1.63e-02	9.51e-01	3.30e-02	1.54e-06	0.00e+00	0.00e+00	0.00e+00	0.00e+00	1.07e-05	2.21e-06	1.11e-06
 6.18989e+14	1.42e-05	1.65e-02	9.58e-01	2.53e-02	1.00e-06	0.00e+00	0.00e+00	0.00e+00	0.00e+00	1.09e-05	2.23e-06	1.12e-06
 8.24430e+14	1.44e-05	1.68e-02	9.65e-01	1.78e-02	5.67e-07	0.00e+00	0.00e+00	0.00e+00	0.00e+00	1.10e-05	2.26e-06	1.13e-06
 1.09150e+15	1.48e-05	1.72e-02	9.72e-01	1.12e-02	2.68e-07	0.00e+00	0.00e+00	0.00e+00	0.00e+00	1.13e-05	2.31e-06	1.16e-06
 1.43870e+15	1.53e-05	1.78e-02	9.76e-01	6.11e-03	0.00e+00	0.00e+00	0.00e+00	0.00e+00	0.00e+00	1.17e-05	2.39e-06	1.20e-06
 1.89005e+15	1.61e-05	1.86e-02	9.79e-01	2.79e-03	0.00e+00	0.00e+00	0.00e+00	0.00e+00	0.00e+00	1.23e-05	2.51e-06	1.25e-06
 2.47681e+15	1.72e-05	1.96e-02	9.79e-01	1.03e-03	0.00e+00	0.00e+00	0.00e+00	0.00e+00	0.00e+00	1.32e-05	2.66e-06	1.33e-06
 3.10943e+15	1.82e-05	2.07e-02	9.79e-01	3.62e-04	0.00e+00	0.00e+00	0.00e+00	0.00e+00	0.00e+00	1.40e-05	2.81e-06	1.40e-06
 3.68428e+15	1.93e-05	2.18e-02	9.78e-01	1.45e-04	0.00e+00	0.00e+00	0.00e+00	0.00e+00	0.00e+00	1.48e-05	2.97e-06	1.48e-06
 4.31421e+15	2.08e-05	2.31e-02	9.77e-01	5.43e-05	0.00e+00	0.00e+00	0.00e+00	0.00e+00	0.00e+00	1.60e-05	3.20e-06	1.59e-06
 4.90377e+15	2.20e-05	2.43e-02	9.76e-01	2.30e-05	0.00e+00	0.00e+00	0.00e+00	0.00e+00	0.00e+00	1.69e-05	3.37e-06	1.68e-06
 5.39415e+15	2.32e-05	2.54e-02	9.75e-01	1.14e-05	0.00e+00	0.00e+00	0.00e+00	0.00e+00	0.00e+00	1.79e-05	3.57e-06	1.77e-06
 5.93356e+15	2.47e-05	2.67e-02	9.73e-01	5.45e-06	0.00e+00	0.00e+00	0.00e+00	0.00e+00	0.00e+00	1.91e-05	3.80e-06	1.89e-06
 6.52692e+15	2.65e-05	2.82e-02	9.72e-01	2.52e-06	0.00e+00	0.00e+00	0.00e+00	0.00e+00	0.00e+00	2.04e-05	4.07e-06	2.03e-06
 7.17961e+15	2.86e-05	2.98e-02	9.70e-01	1.13e-06	0.00e+00	0.00e+00	0.00e+00	0.00e+00	0.00e+00	2.21e-05	4.40e-06	2.19e-06
 7.89757e+15	3.12e-05	3.18e-02	9.68e-01	5.01e-07	0.00e+00	0.00e+00	0.00e+00	0.00e+00	0.00e+00	2.40e-05	4.79e-06	2.39e-06
 8.68733e+15	3.43e-05	3.41e-02	9.66e-01	2.19e-07	0.00e+00	0.00e+00	0.00e+00	0.00e+00	0.00e+00	2.64e-05	5.27e-06	2.63e-06
 9.55606e+15	3.80e-05	3.67e-02	9.63e-01	0.00e+00	0.00e+00	0.00e+00	0.00e+00	0.00e+00	0.00e+00	2.92e-05	5.86e-06	2.93e-06
 1.05117e+16	4.27e-05	3.98e-02	9.60e-01	0.00e+00	0.00e+00	0.00e+00	0.00e+00	0.00e+00	0.00e+00	3.28e-05	6.60e-06	3.30e-06
 1.15628e+16	4.87e-05	4.36e-02	9.56e-01	0.00e+00	0.00e+00	0.00e+00	0.00e+00	0.00e+00	0.00e+00	3.74e-05	7.55e-06	3.78e-06
 1.27191e+16	5.64e-05	4.81e-02	9.52e-01	0.00e+00	0.00e+00	0.00e+00	0.00e+00	0.00e+00	0.00e+00	4.32e-05	8.78e-06	4.41e-06
 1.39801e+16	6.65e-05	5.37e-02	9.46e-01	0.00e+00	0.00e+00	0.00e+00	0.00e+00	0.00e+00	0.00e+00	5.08e-05	1.04e-05	5.25e-06
 1.52110e+16	7.86e-05	5.99e-02	9.40e-01	0.00e+00	0.00e+00	0.00e+00	0.00e+00	0.00e+00	0.00e+00	6.00e-05	1.24e-05	6.25e-06
 1.62995e+16	9.17e-05	6.62e-02	9.34e-01	0.00e+00	0.00e+00	0.00e+00	0.00e+00	0.00e+00	0.00e+00	6.98e-05	1.45e-05	7.36e-06
 1.72887e+16	1.06e-04	7.26e-02	9.27e-01	0.00e+00	0.00e+00	0.00e+00	0.00e+00	0.00e+00	0.00e+00	8.06e-05	1.69e-05	8.58e-06
 1.82120e+16	1.22e-04	7.93e-02	9.21e-01	0.00e+00	0.00e+00	0.00e+00	0.00e+00	0.00e+00	0.00e+00	9.26e-05	1.96e-05	9.95e-06
 1.90884e+16	1.40e-04	8.64e-02	9.13e-01	0.00e+00	0.00e+00	0.00e+00	0.00e+00	0.00e+00	0.00e+00	1.06e-04	2.26e-05	1.15e-05
 1.99341e+16	1.61e-04	9.39e-02	9.06e-01	0.00e+00	0.00e+00	0.00e+00	0.00e+00	0.00e+00	0.00e+00	1.22e-04	2.61e-05	1.33e-05
 2.07573e+16	1.85e-04	1.02e-01	8.98e-01	0.00e+00	0.00e+00	0.00e+00	0.00e+00	0.00e+00	0.00e+00	1.39e-04	3.01e-05	1.54e-05
 2.15648e+16	2.13e-04	1.11e-01	8.89e-01	0.00e+00	0.00e+00	0.00e+00	0.00e+00	0.00e+00	0.00e+00	1.60e-04	3.48e-05	1.78e-05
 2.23613e+16	2.45e-04	1.21e-01	8.79e-01	0.00e+00	0.00e+00	0.00e+00	0.00e+00	0.00e+00	0.00e+00	1.84e-04	4.04e-05	2.07e-05
 2.31493e+16	2.84e-04	1.32e-01	8.68e-01	0.00e+00	0.00e+00	0.00e+00	0.00e+00	0.00e+00	0.00e+00	2.13e-04	4.70e-05	2.41e-05
 2.39313e+16	3.29e-04	1.44e-01	8.56e-01	0.00e+00	0.00e+00	0.00e+00	0.00e+00	0.00e+00	0.00e+00	2.46e-04	5.49e-05	2.82e-05
 2.47102e+16	3.84e-04	1.57e-01	8.43e-01	0.00e+00	0.00e+00	0.00e+00	0.00e+00	0.00e+00	0.00e+00	2.87e-04	6.43e-05	3.31e-05
 2.54863e+16	4.49e-04	1.72e-01	8.28e-01	0.00e+00	0.00e+00	0.00e+00	0.00e+00	0.00e+00	0.00e+00	3.35e-04	7.57e-05	3.90e-05
 2.62531e+16	5.27e-04	1.88e-01	8.12e-01	0.00e+00	0.00e+00	0.00e+00	0.00e+00	0.00e+00	0.00e+00	3.92e-04	8.94e-05	4.61e-05
 2.70037e+16	6.19e-04	2.06e-01	7.94e-01	0.00e+00	0.00e+00	0.00e+00	0.00e+00	0.00e+00	0.00e+00	4.59e-04	1.06e-04	5.45e-05
 2.77389e+16	7.28e-04	2.25e-01	7.74e-01	0.00e+00	0.00e+00	0.00e+00	0.00e+00	0.00e+00	0.00e+00	5.39e-04	1.25e-04	6.45e-05
 2.84612e+16	8.57e-04	2.46e-01	7.53e-01	0.00e+00	0.00e+00	0.00e+00	0.00e+00	0.00e+00	0.00e+00	6.33e-04	1.48e-04	7.64e-05
 2.91671e+16	1.01e-03	2.69e-01	7.30e-01	0.00e+00	0.00e+00	0.00e+00	0.00e+00	0.00e+00	0.00e+00	7.43e-04	1.75e-04	9.05e-05
 2.98528e+16	1.19e-03	2.92e-01	7.06e-01	0.00e+00	0.00e+00	0.00e+00	0.00e+00	0.00e+00	0.00e+00	8.72e-04	2.07e-04	1.07e-04
 3.05213e+16	1.39e-03	3.18e-01	6.81e-01	0.00e+00	0.00e+00	0.00e+00	0.00e+00	0.00e+00	0.00e+00	1.02e-03	2.44e-04	1.26e-04
 3.11789e+16	1.63e-03	3.45e-01	6.53e-01	0.00e+00	0.00e+00	0.00e+00	0.00e+00	0.00e+00	0.00e+00	1.20e-03	2.88e-04	1.49e-04
 3.18276e+16	1.92e-03	3.74e-01	6.24e-01	0.00e+00	0.00e+00	0.00e+00	0.00e+00	0.00e+00	0.00e+00	1.41e-03	3.40e-04	1.77e-04
 3.24674e+16	2.26e-03	4.05e-01	5.92e-01	0.00e+00	0.00e+00	0.00e+00	0.00e+00	0.00e+00	0.00e+00	1.65e-03	4.02e-04	2.09e-04
 3.30990e+16	2.67e-03	4.38e-01	5.59e-01	0.00e+00	0.00e+00	0.00e+00	0.00e+00	0.00e+00	0.00e+00	1.95e-03	4.77e-04	2.48e-04
 3.37257e+16	3.16e-03	4.73e-01	5.24e-01	0.00e+00	0.00e+00	0.00e+00	0.00e+00	0.00e+00	0.00e+00	2.29e-03	5.66e-04	2.95e-04
 3.43462e+16	3.74e-03	5.10e-01	4.86e-01	0.00e+00	0.00e+00	0.00e+00	0.00e+00	0.00e+00	0.00e+00	2.71e-03	6.74e-04	3.52e-04
 3.49545e+16	4.44e-03	5.48e-01	4.48e-01	0.00e+00	0.00e+00	0.00e+00	0.00e+00	0.00e+00	0.00e+00	3.21e-03	8.04e-04	4.20e-04
 3.55490e+16	5.27e-03	5.87e-01	4.08e-01	0.00e+00	0.00e+00	0.00e+00	0.00e+00	0.00e+00	0.00e+00	3.81e-03	9.60e-04	5.01e-04
 3.61262e+16	6.26e-03	6.26e-01	3.68e-01	0.00e+00	0.00e+00	0.00e+00	0.00e+00	0.00e+00	0.00e+00	4.52e-03	1.15e-03	5.99e-04
 3.66789e+16	7.44e-03	6.64e-01	3.28e-01	0.00e+00	0.00e+00	0.00e+00	0.00e+00	0.00e+00	0.00e+00	5.35e-03	1.37e-03	7.14e-04
 3.72041e+16	8.82e-03	7.01e-01	2.90e-01	0.00e+00	0.00e+00	0.00e+00	0.00e+00	0.00e+00	0.00e+00	6.34e-03	1.63e-03	8.51e-04
 3.77046e+16	1.04e-02	7.36e-01	2.53e-01	0.00e+00	0.00e+00	0.00e+00	0.00e+00	0.00e+00	0.00e+00	7.50e-03	1.94e-03	1.01e-03
 3.81847e+16	1.24e-02	7.69e-01	2.18e-01	0.00e+00	0.00e+00	0.00e+00	0.00e+00	0.00e+00	0.00e+00	8.88e-03	2.31e-03	1.20e-03
 3.86457e+16	1.47e-02	8.00e-01	1.85e-01	0.00e+00	0.00e+00	0.00e+00	0.00e+00	0.00e+00	0.00e+00	1.06e-02	2.75e-03	1.42e-03
 3.90865e+16	1.76e-02	8.28e-01	1.55e-01	0.00e+00	0.00e+00	0.00e+00	0.00e+00	0.00e+00	0.00e+00	1.26e-02	3.29e-03	1.70e-03
 3.95061e+16	2.10e-02	8.52e-01	1.27e-01	0.00e+00	0.00e+00	0.00e+00	0.00e+00	0.00e+00	0.00e+00	1.51e-02	3.95e-03	2.03e-03
 3.99065e+16	2.54e-02	8.73e-01	1.02e-01	0.00e+00	0.00e+00	0.00e+00	0.00e+00	0.00e+00	0.00e+00	1.82e-02	4.78e-03	2.45e-03
 4.02870e+16	3.09e-02	8.90e-01	7.95e-02	0.00e+00	0.00e+00	0.00e+00	0.00e+00	0.00e+00	0.00e+00	2.21e-02	5.82e-03	2.99e-03
 4.06421e+16	3.79e-02	9.01e-01	6.07e-02	0.00e+00	0.00e+00	0.00e+00	0.00e+00	0.00e+00	0.00e+00	2.71e-02	7.15e-03	3.66e-03
 4.09186e+16	4.61e-02	9.07e-01	4.69e-02	0.00e+00	0.00e+00	0.00e+00	0.00e+00	0.00e+00	0.00e+00	3.29e-02	8.68e-03	4.44e-03
 4.10961e+16	5.29e-02	9.08e-01	3.87e-02	0.00e+00	0.00e+00	0.00e+00	0.00e+00	0.00e+00	0.00e+00	3.78e-02	9.96e-03	5.10e-03
 4.12362e+16	5.90e-02	9.08e-01	3.30e-02	0.00e+00	0.00e+00	0.00e+00	0.00e+00	0.00e+00	0.00e+00	4.22e-02	1.11e-02	5.68e-03
 4.13943e+16	6.67e-02	9.06e-01	2.73e-02	0.00e+00	0.00e+00	0.00e+00	0.00e+00	0.00e+00	0.00e+00	4.77e-02	1.25e-02	6.42e-03
 4.15714e+16	7.85e-02	9.00e-01	2.13e-02	0.00e+00	0.00e+00	0.00e+00	0.00e+00	0.00e+00	0.00e+00	5.62e-02	1.47e-02	7.55e-03
 4.17241e+16	9.22e-02	8.91e-01	1.66e-02	0.00e+00	0.00e+00	0.00e+00	0.00e+00	0.00e+00	0.00e+00	6.61e-02	1.72e-02	8.85e-03
 4.18386e+16	1.05e-01	8.81e-01	1.35e-02	0.00e+00	0.00e+00	0.00e+00	0.00e+00	0.00e+00	0.00e+00	7.55e-02	1.96e-02	1.01e-02
 4.19352e+16	1.18e-01	8.71e-01	1.11e-02	0.00e+00	0.00e+00	0.00e+00	0.00e+00	0.00e+00	0.00e+00	8.50e-02	2.19e-02	1.13e-02
 4.20429e+16	1.35e-01	8.56e-01	8.86e-03	0.00e+00	0.00e+00	0.00e+00	0.00e+00	0.00e+00	0.00e+00	9.73e-02	2.49e-02	1.29e-02
 4.21563e+16	1.59e-01	8.34e-01	6.71e-03	0.00e+00	0.00e+00	0.00e+00	0.00e+00	0.00e+00	0.00e+00	1.15e-01	2.91e-02	1.51e-02
 4.22458e+16	1.84e-01	8.11e-01	5.20e-03	0.00e+00	0.00e+00	0.00e+00	0.00e+00	0.00e+00	0.00e+00	1.33e-01	3.33e-02	1.74e-02
 4.23126e+16	2.06e-01	7.90e-01	4.22e-03	0.00e+00	0.00e+00	0.00e+00	0.00e+00	0.00e+00	0.00e+00	1.50e-01	3.70e-02	1.95e-02
 4.23806e+16	2.31e-01	7.65e-01	3.37e-03	0.00e+00	0.00e+00	0.00e+00	0.00e+00	0.00e+00	0.00e+00	1.68e-01	4.11e-02	2.18e-02
 4.24554e+16	2.66e-01	7.32e-01	2.56e-03	0.00e+00	0.00e+00	0.00e+00	0.00e+00	0.00e+00	0.00e+00	1.94e-01	4.65e-02	2.48e-02
 4.25201e+16	3.02e-01	6.96e-01	1.96e-03	0.00e+00	0.00e+00	0.00e+00	0.00e+00	0.00e+00	0.00e+00	2.22e-01	5.20e-02	2.80e-02
 4.25715e+16	3.36e-01	6.63e-01	1.55e-03	0.00e+00	0.00e+00	0.00e+00	0.00e+00	0.00e+00	0.00e+00	2.48e-01	5.69e-02	3.10e-02
 4.26173e+16	3.69e-01	6.30e-01	1.25e-03	0.00e+00	0.00e+00	0.00e+00	0.00e+00	0.00e+00	0.00e+00	2.74e-01	6.14e-02	3.38e-02
 4.26616e+16	4.04e-01	5.96e-01	9.96e-04	0.00e+00	0.00e+00	0.00e+00	0.00e+00	0.00e+00	0.00e+00	3.01e-01	6.58e-02	3.66e-02
 4.27002e+16	4.37e-01	5.62e-01	8.08e-04	0.00e+00	0.00e+00	0.00e+00	0.00e+00	0.00e+00	0.00e+00	3.28e-01	6.97e-02	3.92e-02
 4.27308e+16	4.65e-01	5.34e-01	6.80e-04	0.00e+00	0.00e+00	0.00e+00	0.00e+00	0.00e+00	0.00e+00	3.51e-01	7.28e-02	4.13e-02
 4.27569e+16	4.90e-01	5.10e-01	5.83e-04	0.00e+00	0.00e+00	0.00e+00	0.00e+00	0.00e+00	0.00e+00	3.71e-01	7.53e-02	4.32e-02
 4.27819e+16	5.14e-01	4.86e-01	5.02e-04	0.00e+00	0.00e+00	0.00e+00	0.00e+00	0.00e+00	0.00e+00	3.91e-01	7.76e-02	4.49e-02
 4.28068e+16	5.38e-01	4.62e-01	4.31e-04	0.00e+00	0.00e+00	0.00e+00	0.00e+00	0.00e+00	0.00e+00	4.11e-01	7.97e-02	4.65e-02
 4.28302e+16	5.61e-01	4.38e-01	3.71e-04	0.00e+00	0.00e+00	0.00e+00	0.00e+00	0.00e+00	0.00e+00	4.32e-01	8.15e-02	4.81e-02
 4.28513e+16	5.82e-01	4.18e-01	3.25e-04	0.00e+00	0.00e+00	0.00e+00	0.00e+00	0.00e+00	0.00e+00	4.49e-01	8.30e-02	4.93e-02
 4.28680e+16	5.99e-01	4.01e-01	2.91e-04	0.00e+00	0.00e+00	0.00e+00	0.00e+00	0.00e+00	0.00e+00	4.64e-01	8.40e-02	5.03e-02
 4.28792e+16	6.10e-01	3.90e-01	2.71e-04	0.00e+00	0.00e+00	0.00e+00	0.00e+00	0.00e+00	0.00e+00	4.74e-01	8.46e-02	5.09e-02
 4.28893e+16	6.19e-01	3.81e-01	2.53e-04	0.00e+00	0.00e+00	0.00e+00	0.00e+00	0.00e+00	0.00e+00	4.83e-01	8.51e-02	5.14e-02
 4.29015e+16	6.31e-01	3.68e-01	2.33e-04	0.00e+00	0.00e+00	0.00e+00	0.00e+00	0.00e+00	0.00e+00	4.94e-01	8.57e-02	5.21e-02
 4.29150e+16	6.44e-01	3.56e-01	2.13e-04	0.00e+00	0.00e+00	0.00e+00	0.00e+00	0.00e+00	0.00e+00	5.05e-01	8.62e-02	5.27e-02
 4.29281e+16	6.56e-01	3.43e-01	1.95e-04	0.00e+00	0.00e+00	0.00e+00	0.00e+00	0.00e+00	0.00e+00	5.16e-01	8.66e-02	5.33e-02
 4.29404e+16	6.68e-01	3.32e-01	1.79e-04	0.00e+00	0.00e+00	0.00e+00	0.00e+00	0.00e+00	0.00e+00	5.27e-01	8.69e-02	5.38e-02
 4.29526e+16	6.79e-01	3.21e-01	1.65e-04	0.00e+00	0.00e+00	0.00e+00	0.00e+00	0.00e+00	0.00e+00	5.38e-01	8.72e-02	5.42e-02
 4.29649e+16	6.90e-01	3.10e-01	1.52e-04	0.00e+00	0.00e+00	0.00e+00	0.00e+00	0.00e+00	0.00e+00	5.48e-01	8.74e-02	5.47e-02
 4.29773e+16	7.01e-01	2.99e-01	1.39e-04	0.00e+00	0.00e+00	0.00e+00	0.00e+00	0.00e+00	0.00e+00	5.58e-01	8.75e-02	5.50e-02
 4.29899e+16	7.12e-01	2.88e-01	1.27e-04	0.00e+00	0.00e+00	0.00e+00	0.00e+00	0.00e+00	0.00e+00	5.69e-01	8.75e-02	5.54e-02
 4.30023e+16	7.22e-01	2.78e-01	1.17e-04	0.00e+00	0.00e+00	0.00e+00	0.00e+00	0.00e+00	0.00e+00	5.79e-01	8.75e-02	5.57e-02
 4.30146e+16	7.32e-01	2.68e-01	1.07e-04	0.00e+00	0.00e+00	0.00e+00	0.00e+00	0.00e+00	0.00e+00	5.89e-01	8.74e-02	5.59e-02
 4.30271e+16	7.42e-01	2.58e-01	9.83e-05	0.00e+00	0.00e+00	0.00e+00	0.00e+00	0.00e+00	0.00e+00	5.99e-01	8.73e-02	5.61e-02
 4.30397e+16	7.52e-01	2.48e-01	9.01e-05	0.00e+00	0.00e+00	0.00e+00	0.00e+00	0.00e+00	0.00e+00	6.08e-01	8.71e-02	5.63e-02
 4.30523e+16	7.61e-01	2.39e-01	8.24e-05	0.00e+00	0.00e+00	0.00e+00	0.00e+00	0.00e+00	0.00e+00	6.18e-01	8.68e-02	5.64e-02
 4.30651e+16	7.71e-01	2.29e-01	7.53e-05	0.00e+00	0.00e+00	0.00e+00	0.00e+00	0.00e+00	0.00e+00	6.28e-01	8.64e-02	5.65e-02
