#depth	He	He+	He+2
 1.71133e+11	1.36e-03	8.92e-01	1.06e-01
 1.02680e+12	1.36e-03	8.92e-01	1.06e-01
 4.44946e+12	1.36e-03	8.93e-01	1.06e-01
 1.81401e+13	1.36e-03	8.94e-01	1.04e-01
 4.33309e+13	1.36e-03	8.96e-01	1.03e-01
 7.60789e+13	1.37e-03	8.98e-01	1.00e-01
 1.18651e+14	1.37e-03	9.02e-01	9.66e-02
 1.73996e+14	1.38e-03	9.07e-01	9.11e-02
 2.45943e+14	1.39e-03	9.15e-01	8.37e-02
 3.39475e+14	1.41e-03	9.24e-01	7.43e-02
 4.61066e+14	1.43e-03	9.36e-01	6.28e-02
 6.19134e+14	1.45e-03	9.49e-01	4.97e-02
 8.24623e+14	1.48e-03	9.63e-01	3.60e-02
 1.09176e+15	1.52e-03	9.75e-01	2.32e-02
 1.43904e+15	1.56e-03	9.86e-01	1.29e-02
 1.89050e+15	1.61e-03	9.92e-01	5.98e-03
 2.47739e+15	1.67e-03	9.96e-01	2.23e-03
 3.11010e+15	1.72e-03	9.98e-01	7.62e-04
 3.68498e+15	1.77e-03	9.98e-01	2.95e-04
 4.31494e+15	1.84e-03	9.98e-01	1.09e-04
 4.90456e+15	1.89e-03	9.98e-01	4.30e-05
 5.39501e+15	1.93e-03	9.98e-01	2.07e-05
 5.93451e+15	1.99e-03	9.98e-01	9.51e-06
 6.52797e+15	2.05e-03	9.98e-01	4.20e-06
 7.18076e+15	2.12e-03	9.98e-01	1.79e-06
 7.89884e+15	2.20e-03	9.98e-01	7.48e-07
 8.68872e+15	2.29e-03	9.98e-01	3.09e-07
 9.55759e+15	2.39e-03	9.98e-01	1.28e-07
 1.05134e+16	2.52e-03	9.97e-01	5.35e-08
 1.15647e+16	2.66e-03	9.97e-01	2.27e-08
 1.27212e+16	2.82e-03	9.97e-01	9.85e-09
 1.39818e+16	3.02e-03	9.97e-01	4.38e-09
 1.52119e+16	3.24e-03	9.97e-01	2.17e-09
 1.63004e+16	3.45e-03	9.97e-01	1.24e-09
 1.72898e+16	3.67e-03	9.96e-01	7.77e-10
 1.82130e+16	3.88e-03	9.96e-01	5.21e-10
 1.90893e+16	4.11e-03	9.96e-01	3.67e-10
 1.99351e+16	4.34e-03	9.96e-01	2.70e-10
 2.07586e+16	4.59e-03	9.95e-01	2.06e-10
 2.15664e+16	4.86e-03	9.95e-01	1.62e-10
 2.23633e+16	5.15e-03	9.95e-01	1.31e-10
 2.31518e+16	5.46e-03	9.95e-01	1.08e-10
 2.39343e+16	5.80e-03	9.94e-01	9.19e-11
 2.47136e+16	6.17e-03	9.94e-01	7.96e-11
 2.54903e+16	6.58e-03	9.93e-01	7.03e-11
 2.62578e+16	7.03e-03	9.93e-01	6.32e-11
 2.70087e+16	7.51e-03	9.92e-01	5.78e-11
 2.77438e+16	8.04e-03	9.92e-01	5.36e-11
 2.84661e+16	8.61e-03	9.91e-01	5.03e-11
 2.91725e+16	9.23e-03	9.91e-01	4.77e-11
 2.98587e+16	9.90e-03	9.90e-01	4.56e-11
 3.05277e+16	1.06e-02	9.89e-01	4.40e-11
 3.11855e+16	1.14e-02	9.89e-01	4.26e-11
 3.18345e+16	1.23e-02	9.88e-01	4.16e-11
 3.24746e+16	1.33e-02	9.87e-01	4.08e-11
 3.31066e+16	1.43e-02	9.86e-01	4.02e-11
 3.37337e+16	1.55e-02	9.84e-01	3.97e-11
 3.43546e+16	1.69e-02	9.83e-01	3.95e-11
 3.49634e+16	1.84e-02	9.82e-01	3.94e-11
 3.55579e+16	2.01e-02	9.80e-01	3.95e-11
 3.61350e+16	2.21e-02	9.78e-01	3.97e-11
 3.66877e+16	2.43e-02	9.76e-01	4.02e-11
 3.72131e+16	2.68e-02	9.73e-01	4.08e-11
 3.77139e+16	2.96e-02	9.70e-01	4.16e-11
 3.81943e+16	3.29e-02	9.67e-01	4.26e-11
 3.86556e+16	3.68e-02	9.63e-01	4.38e-11
 3.90966e+16	4.13e-02	9.59e-01	4.53e-11
 3.95163e+16	4.67e-02	9.53e-01	4.74e-11
 3.99168e+16	5.32e-02	9.47e-01	4.96e-11
 4.02975e+16	6.13e-02	9.39e-01	5.27e-11
 4.06527e+16	7.11e-02	9.29e-01	5.68e-11
 4.09293e+16	8.16e-02	9.18e-01	6.17e-11
 4.11069e+16	9.01e-02	9.10e-01	6.62e-11
 4.12471e+16	9.77e-02	9.02e-01	7.03e-11
 4.14053e+16	1.08e-01	8.92e-01	7.53e-11
 4.15820e+16	1.21e-01	8.79e-01	8.03e-11
 4.17342e+16	1.36e-01	8.64e-01	9.20e-11
 4.18495e+16	1.49e-01	8.51e-01	1.03e-10
 4.19468e+16	1.62e-01	8.38e-01	1.13e-10
 4.20544e+16	1.79e-01	8.21e-01	1.27e-10
 4.21676e+16	2.00e-01	8.00e-01	1.48e-10
 4.22574e+16	2.20e-01	7.80e-01	1.71e-10
 4.23243e+16	2.37e-01	7.63e-01	1.94e-10
 4.23923e+16	2.57e-01	7.43e-01	2.22e-10
 4.24672e+16	2.80e-01	7.20e-01	2.65e-10
 4.25319e+16	3.04e-01	6.96e-01	3.16e-10
 4.25835e+16	3.24e-01	6.76e-01	3.70e-10
 4.26288e+16	3.43e-01	6.57e-01	4.24e-10
 4.26728e+16	3.61e-01	6.39e-01	4.99e-10
 4.27119e+16	3.79e-01	6.21e-01	5.78e-10
 4.27429e+16	3.93e-01	6.07e-01	6.54e-10
 4.27692e+16	4.06e-01	5.94e-01	7.26e-10
 4.27944e+16	4.17e-01	5.83e-01	8.08e-10
 4.28187e+16	4.29e-01	5.71e-01	8.92e-10
 4.28418e+16	4.40e-01	5.60e-01	9.90e-10
 4.28631e+16	4.51e-01	5.49e-01	1.08e-09
 4.28791e+16	4.58e-01	5.42e-01	1.17e-09
 4.28898e+16	4.63e-01	5.37e-01	1.23e-09
 4.29002e+16	4.68e-01	5.32e-01	1.28e-09
 4.29126e+16	4.74e-01	5.26e-01	1.35e-09
 4.29261e+16	4.81e-01	5.19e-01	1.43e-09
 4.29391e+16	4.87e-01	5.13e-01	1.52e-09
 4.29514e+16	4.93e-01	5.07e-01	1.61e-09
 4.29636e+16	4.99e-01	5.01e-01	1.69e-09
 4.29759e+16	5.04e-01	4.96e-01	1.79e-09
 4.29884e+16	5.11e-01	4.89e-01	1.88e-09
 4.30009e+16	5.16e-01	4.84e-01	1.99e-09
 4.30134e+16	5.22e-01	4.78e-01	2.10e-09
 4.30260e+16	5.29e-01	4.71e-01	2.21e-09
 4.30384e+16	5.35e-01	4.65e-01	2.33e-09
 4.30507e+16	5.40e-01	4.60e-01	2.45e-09
 4.30634e+16	5.47e-01	4.53e-01	2.57e-09
 4.30761e+16	5.53e-01	4.47e-01	2.71e-09
 4.30889e+16	5.59e-01	4.41e-01	2.84e-09
 4.31017e+16	5.65e-01	4.35e-01	2.99e-09
 4.31148e+16	5.72e-01	4.28e-01	3.13e-09
 4.31281e+16	5.79e-01	4.21e-01	3.28e-09
 4.31412e+16	5.85e-01	4.15e-01	3.43e-09
 4.31543e+16	5.91e-01	4.09e-01	3.59e-09
 4.31679e+16	5.98e-01	4.02e-01	3.75e-09
 4.31818e+16	6.06e-01	3.94e-01	3.91e-09
 4.31956e+16	6.12e-01	3.88e-01	4.08e-09
 4.32094e+16	6.19e-01	3.81e-01	4.26e-09
 4.32238e+16	6.27e-01	3.73e-01	4.43e-09
 4.32384e+16	6.34e-01	3.66e-01	4.60e-09
 4.32531e+16	6.42e-01	3.58e-01	4.78e-09
 4.32678e+16	6.49e-01	3.51e-01	4.96e-09
 4.32830e+16	6.57e-01	3.43e-01	5.14e-09
 4.32984e+16	6.65e-01	3.35e-01	5.32e-09
 4.33139e+16	6.73e-01	3.27e-01	5.50e-09
 4.33295e+16	6.81e-01	3.19e-01	5.68e-09
 4.33451e+16	6.89e-01	3.11e-01	5.85e-09
 4.33610e+16	6.97e-01	3.03e-01	6.02e-09
 4.33770e+16	7.05e-01	2.95e-01	6.17e-09
 4.33933e+16	7.13e-01	2.87e-01	6.34e-09
 4.34096e+16	7.22e-01	2.78e-01	6.49e-09
 4.34258e+16	7.29e-01	2.71e-01	6.64e-09
 4.34424e+16	7.38e-01	2.62e-01	6.78e-09
 4.34592e+16	7.46e-01	2.54e-01	6.92e-09
 4.34760e+16	7.54e-01	2.46e-01	7.04e-09
 4.34930e+16	7.61e-01	2.39e-01	7.18e-09
 4.35101e+16	7.69e-01	2.31e-01	7.30e-09
 4.35272e+16	7.77e-01	2.23e-01	7.41e-09
 4.35442e+16	7.85e-01	2.15e-01	7.49e-09
 4.35616e+16	7.92e-01	2.08e-01	7.61e-09
 4.35793e+16	7.99e-01	2.01e-01	7.71e-09
 4.35968e+16	8.06e-01	1.94e-01	7.79e-09
 4.36140e+16	8.14e-01	1.86e-01	7.84e-09
 4.36317e+16	8.20e-01	1.80e-01	7.91e-09
 4.36500e+16	8.27e-01	1.73e-01	8.00e-09
 4.36677e+16	8.34e-01	1.66e-01	8.06e-09
 4.36847e+16	8.40e-01	1.60e-01	8.08e-09
 4.37024e+16	8.46e-01	1.54e-01	8.13e-09
 4.37209e+16	8.52e-01	1.48e-01	8.20e-09
 4.37388e+16	8.58e-01	1.42e-01	8.23e-09
 4.37559e+16	8.63e-01	1.37e-01	8.25e-09
 4.37733e+16	8.69e-01	1.31e-01	8.24e-09
 4.37915e+16	8.74e-01	1.26e-01	8.25e-09
 4.38100e+16	8.79e-01	1.21e-01	8.27e-09
 4.38278e+16	8.84e-01	1.16e-01	8.30e-09
 4.38447e+16	8.88e-01	1.12e-01	8.32e-09
 4.38614e+16	8.93e-01	1.07e-01	8.30e-09
 4.38786e+16	8.97e-01	1.03e-01	8.30e-09
 4.38965e+16	9.01e-01	9.88e-02	8.27e-09
 4.39142e+16	9.05e-01	9.48e-02	8.26e-09
 4.39312e+16	9.09e-01	9.10e-02	8.23e-09
 4.39478e+16	9.13e-01	8.75e-02	8.21e-09
 4.39644e+16	9.16e-01	8.40e-02	8.18e-09
 4.39806e+16	9.19e-01	8.08e-02	8.15e-09
 4.39959e+16	9.22e-01	7.79e-02	8.12e-09
 4.40100e+16	9.25e-01	7.53e-02	8.08e-09
 4.40228e+16	9.27e-01	7.30e-02	8.04e-09
 4.40350e+16	9.29e-01	7.08e-02	7.99e-09
 4.40467e+16	9.31e-01	6.87e-02	7.94e-09
 4.40578e+16	9.33e-01	6.69e-02	7.89e-09
 4.40682e+16	9.35e-01	6.51e-02	7.84e-09
 4.40782e+16	9.37e-01	6.35e-02	7.79e-09
 4.40879e+16	9.38e-01	6.19e-02	7.73e-09
 4.40973e+16	9.40e-01	6.04e-02	7.68e-09
 4.41065e+16	9.41e-01	5.90e-02	7.62e-09
 4.41155e+16	9.42e-01	5.76e-02	7.56e-09
 4.41243e+16	9.44e-01	5.63e-02	7.50e-09
 4.41331e+16	9.45e-01	5.50e-02	7.42e-09
 4.41423e+16	9.46e-01	5.37e-02	7.36e-09
 4.41518e+16	9.48e-01	5.23e-02	7.28e-09
 4.41610e+16	9.49e-01	5.10e-02	7.19e-09
 4.41693e+16	9.50e-01	4.99e-02	7.11e-09
 4.41767e+16	9.51e-01	4.88e-02	7.03e-09
 4.41836e+16	9.52e-01	4.79e-02	6.95e-09
 4.41900e+16	9.53e-01	4.70e-02	6.87e-09
 4.41963e+16	9.54e-01	4.62e-02	6.80e-09
 4.42022e+16	9.55e-01	4.53e-02	6.72e-09
 4.42079e+16	9.55e-01	4.46e-02	6.64e-09
 4.42132e+16	9.56e-01	4.39e-02	6.56e-09
 4.42179e+16	9.57e-01	4.32e-02	6.49e-09
 4.42223e+16	9.57e-01	4.26e-02	6.42e-09
 4.42262e+16	9.58e-01	4.21e-02	6.36e-09
 4.42298e+16	9.58e-01	4.16e-02	6.29e-09
 4.42331e+16	9.59e-01	4.12e-02	6.26e-09
 4.42366e+16	9.59e-01	4.06e-02	6.19e-09
 4.42405e+16	9.60e-01	4.01e-02	6.12e-09
 4.42440e+16	9.60e-01	3.97e-02	6.07e-09
 4.42472e+16	9.61e-01	3.93e-02	6.02e-09
 4.42501e+16	9.61e-01	3.89e-02	5.97e-09
 4.42533e+16	9.62e-01	3.84e-02	5.91e-09
 4.42568e+16	9.62e-01	3.80e-02	5.85e-09
 4.42599e+16	9.62e-01	3.76e-02	5.80e-09
 4.42628e+16	9.63e-01	3.72e-02	5.75e-09
 4.42659e+16	9.63e-01	3.68e-02	5.70e-09
 4.42693e+16	9.64e-01	3.63e-02	5.64e-09
 4.42723e+16	9.64e-01	3.60e-02	5.60e-09
 4.42757e+16	9.64e-01	3.56e-02	5.55e-09
 4.42801e+16	9.65e-01	3.51e-02	5.50e-09
 4.42848e+16	9.65e-01	3.45e-02	5.44e-09
 4.42891e+16	9.66e-01	3.41e-02	5.39e-09
