#depth	He	He+	He+2
 1.59769e+12	9.17e-05	1.31e-01	8.69e-01
 9.58616e+12	9.17e-05	1.31e-01	8.69e-01
 4.15400e+13	9.21e-05	1.31e-01	8.69e-01
 1.69355e+14	9.44e-05	1.33e-01	8.67e-01
 4.04536e+14	9.66e-05	1.35e-01	8.65e-01
 7.10270e+14	1.01e-04	1.39e-01	8.61e-01
 1.10773e+15	1.08e-04	1.45e-01	8.54e-01
 1.62442e+15	1.19e-04	1.56e-01	8.44e-01
 2.29612e+15	1.36e-04	1.72e-01	8.28e-01
 3.08793e+15	1.62e-04	1.95e-01	8.04e-01
 3.84790e+15	1.91e-04	2.23e-01	7.77e-01
 4.50014e+15	2.23e-04	2.53e-01	7.47e-01
 5.09143e+15	2.60e-04	2.86e-01	7.13e-01
 5.65832e+15	3.03e-04	3.24e-01	6.75e-01
 6.21190e+15	3.52e-04	3.68e-01	6.32e-01
 6.75309e+15	4.09e-04	4.17e-01	5.83e-01
 7.28509e+15	4.73e-04	4.71e-01	5.28e-01
 7.80097e+15	5.43e-04	5.29e-01	4.70e-01
 8.37946e+15	6.35e-04	6.00e-01	3.99e-01
 9.01018e+15	7.40e-04	6.78e-01	3.21e-01
 9.60376e+15	8.40e-04	7.48e-01	2.51e-01
 1.02704e+16	9.52e-04	8.17e-01	1.82e-01
 1.11370e+16	1.08e-03	8.86e-01	1.13e-01
 1.21135e+16	1.21e-03	9.35e-01	6.35e-02
 1.32302e+16	1.33e-03	9.67e-01	3.22e-02
 1.45532e+16	1.46e-03	9.84e-01	1.46e-02
 1.60085e+16	1.60e-03	9.92e-01	6.43e-03
 1.75151e+16	1.75e-03	9.95e-01	2.91e-03
 1.86174e+16	1.86e-03	9.96e-01	1.73e-03
 1.92311e+16	1.93e-03	9.97e-01	1.31e-03
 1.98190e+16	1.99e-03	9.97e-01	9.83e-04
 2.05834e+16	2.09e-03	9.97e-01	6.87e-04
 2.14428e+16	2.20e-03	9.97e-01	4.70e-04
 2.22476e+16	2.30e-03	9.97e-01	3.34e-04
 2.29819e+16	2.40e-03	9.97e-01	2.46e-04
 2.38029e+16	2.52e-03	9.97e-01	1.75e-04
 2.46851e+16	2.66e-03	9.97e-01	1.24e-04
 2.54537e+16	2.79e-03	9.97e-01	9.29e-05
 2.61453e+16	2.91e-03	9.97e-01	7.19e-05
 2.69304e+16	3.05e-03	9.97e-01	5.36e-05
 2.77884e+16	3.22e-03	9.97e-01	3.97e-05
 2.85499e+16	3.38e-03	9.97e-01	3.08e-05
 2.92290e+16	3.53e-03	9.96e-01	2.46e-05
 2.99926e+16	3.71e-03	9.96e-01	1.91e-05
 3.08289e+16	3.92e-03	9.96e-01	1.48e-05
 3.15740e+16	4.13e-03	9.96e-01	1.19e-05
 3.22359e+16	4.33e-03	9.96e-01	9.79e-06
 3.29754e+16	4.56e-03	9.95e-01	7.90e-06
 3.37903e+16	4.84e-03	9.95e-01	6.34e-06
 3.45149e+16	5.12e-03	9.95e-01	5.26e-06
 3.51404e+16	5.39e-03	9.95e-01	4.50e-06
 3.58254e+16	5.69e-03	9.94e-01	3.78e-06
 3.65907e+16	6.08e-03	9.94e-01	3.16e-06
 3.72849e+16	6.48e-03	9.94e-01	2.70e-06
 3.78853e+16	6.86e-03	9.93e-01	2.37e-06
 3.85392e+16	7.31e-03	9.93e-01	2.05e-06
 3.92548e+16	7.87e-03	9.92e-01	1.77e-06
 3.98767e+16	8.45e-03	9.92e-01	1.57e-06
 4.03957e+16	8.98e-03	9.91e-01	1.42e-06
 4.09545e+16	9.62e-03	9.90e-01	1.27e-06
 4.15723e+16	1.04e-02	9.90e-01	1.13e-06
 4.21209e+16	1.13e-02	9.89e-01	1.03e-06
 4.25861e+16	1.22e-02	9.88e-01	9.46e-07
 4.30885e+16	1.32e-02	9.87e-01	8.65e-07
 4.36452e+16	1.45e-02	9.85e-01	7.87e-07
 4.41369e+16	1.60e-02	9.84e-01	7.26e-07
 4.45476e+16	1.74e-02	9.83e-01	6.81e-07
 4.49882e+16	1.91e-02	9.81e-01	6.32e-07
 4.54336e+16	2.13e-02	9.79e-01	5.90e-07
 4.57681e+16	2.33e-02	9.77e-01	5.61e-07
 4.60276e+16	2.50e-02	9.75e-01	5.39e-07
 4.63066e+16	2.72e-02	9.73e-01	5.15e-07
 4.66180e+16	2.99e-02	9.70e-01	4.91e-07
 4.68951e+16	3.28e-02	9.67e-01	4.72e-07
 4.71247e+16	3.55e-02	9.64e-01	4.57e-07
 4.73689e+16	3.89e-02	9.61e-01	4.40e-07
 4.76311e+16	4.31e-02	9.57e-01	4.25e-07
 4.78524e+16	4.73e-02	9.53e-01	4.13e-07
 4.80360e+16	5.14e-02	9.49e-01	4.02e-07
 4.82346e+16	5.62e-02	9.44e-01	3.92e-07
 4.84549e+16	6.22e-02	9.38e-01	3.82e-07
 4.86518e+16	6.87e-02	9.31e-01	3.74e-07
 4.88170e+16	7.48e-02	9.25e-01	3.68e-07
 4.89929e+16	8.22e-02	9.18e-01	3.61e-07
 4.91893e+16	9.14e-02	9.09e-01	3.56e-07
 4.93673e+16	1.01e-01	8.99e-01	3.51e-07
 4.95203e+16	1.11e-01	8.89e-01	3.47e-07
 4.96707e+16	1.21e-01	8.79e-01	3.44e-07
 4.98265e+16	1.33e-01	8.67e-01	3.43e-07
 4.99675e+16	1.46e-01	8.54e-01	3.41e-07
 5.00895e+16	1.57e-01	8.43e-01	3.40e-07
 5.02013e+16	1.69e-01	8.31e-01	3.39e-07
 5.03090e+16	1.81e-01	8.19e-01	3.39e-07
 5.03974e+16	1.92e-01	8.08e-01	3.39e-07
 5.04569e+16	2.00e-01	8.00e-01	3.38e-07
 5.05113e+16	2.07e-01	7.93e-01	3.38e-07
 5.05767e+16	2.17e-01	7.83e-01	3.36e-07
 5.06484e+16	2.27e-01	7.73e-01	3.37e-07
 5.07150e+16	2.37e-01	7.63e-01	3.36e-07
 5.07744e+16	2.47e-01	7.53e-01	3.37e-07
 5.08325e+16	2.57e-01	7.43e-01	3.36e-07
 5.08943e+16	2.67e-01	7.33e-01	3.37e-07
 5.09576e+16	2.79e-01	7.21e-01	3.36e-07
 5.10178e+16	2.90e-01	7.10e-01	3.37e-07
 5.10750e+16	3.01e-01	6.99e-01	3.37e-07
 5.11328e+16	3.12e-01	6.88e-01	3.37e-07
 5.11923e+16	3.24e-01	6.75e-01	3.37e-07
 5.12515e+16	3.37e-01	6.63e-01	3.37e-07
 5.13078e+16	3.49e-01	6.51e-01	3.37e-07
 5.13634e+16	3.62e-01	6.38e-01	3.36e-07
 5.14198e+16	3.75e-01	6.25e-01	3.37e-07
 5.14764e+16	3.89e-01	6.11e-01	3.36e-07
 5.15320e+16	4.02e-01	5.98e-01	3.36e-07
 5.15866e+16	4.15e-01	5.85e-01	3.35e-07
 5.16417e+16	4.29e-01	5.71e-01	3.35e-07
 5.16957e+16	4.43e-01	5.57e-01	3.34e-07
 5.17489e+16	4.57e-01	5.43e-01	3.33e-07
 5.18026e+16	4.72e-01	5.28e-01	3.32e-07
 5.18560e+16	4.86e-01	5.14e-01	3.32e-07
 5.19079e+16	5.00e-01	5.00e-01	3.30e-07
 5.19593e+16	5.14e-01	4.86e-01	3.29e-07
 5.20110e+16	5.29e-01	4.71e-01	3.27e-07
 5.20624e+16	5.43e-01	4.57e-01	3.26e-07
 5.21124e+16	5.57e-01	4.43e-01	3.24e-07
 5.21611e+16	5.71e-01	4.29e-01	3.22e-07
 5.22091e+16	5.84e-01	4.16e-01	3.20e-07
 5.22570e+16	5.98e-01	4.02e-01	3.18e-07
 5.23043e+16	6.11e-01	3.89e-01	3.16e-07
 5.23507e+16	6.24e-01	3.76e-01	3.14e-07
 5.23961e+16	6.37e-01	3.63e-01	3.11e-07
 5.24410e+16	6.49e-01	3.51e-01	3.09e-07
 5.24855e+16	6.61e-01	3.39e-01	3.06e-07
 5.25291e+16	6.73e-01	3.27e-01	3.03e-07
 5.25724e+16	6.85e-01	3.15e-01	3.00e-07
 5.26154e+16	6.96e-01	3.04e-01	2.97e-07
 5.26577e+16	7.07e-01	2.93e-01	2.94e-07
 5.26993e+16	7.18e-01	2.82e-01	2.91e-07
 5.27405e+16	7.28e-01	2.72e-01	2.88e-07
 5.27814e+16	7.38e-01	2.62e-01	2.85e-07
 5.28221e+16	7.48e-01	2.52e-01	2.82e-07
 5.28622e+16	7.58e-01	2.42e-01	2.78e-07
 5.29013e+16	7.67e-01	2.33e-01	2.75e-07
 5.29402e+16	7.76e-01	2.24e-01	2.72e-07
 5.29791e+16	7.84e-01	2.16e-01	2.68e-07
 5.30178e+16	7.93e-01	2.07e-01	2.65e-07
 5.30555e+16	8.01e-01	1.99e-01	2.61e-07
 5.30930e+16	8.08e-01	1.92e-01	2.57e-07
 5.31308e+16	8.16e-01	1.84e-01	2.54e-07
 5.31681e+16	8.23e-01	1.77e-01	2.50e-07
 5.32047e+16	8.30e-01	1.70e-01	2.46e-07
 5.32405e+16	8.37e-01	1.63e-01	2.43e-07
 5.32764e+16	8.43e-01	1.57e-01	2.39e-07
 5.33126e+16	8.50e-01	1.50e-01	2.35e-07
 5.33487e+16	8.56e-01	1.44e-01	2.31e-07
 5.33841e+16	8.62e-01	1.38e-01	2.27e-07
 5.34186e+16	8.67e-01	1.33e-01	2.23e-07
 5.34529e+16	8.72e-01	1.28e-01	2.19e-07
 5.34873e+16	8.78e-01	1.22e-01	2.15e-07
 5.35215e+16	8.82e-01	1.18e-01	2.11e-07
 5.35549e+16	8.87e-01	1.13e-01	2.07e-07
 5.35880e+16	8.92e-01	1.08e-01	2.03e-07
 5.36198e+16	8.96e-01	1.04e-01	1.99e-07
 5.36488e+16	9.00e-01	1.00e-01	1.95e-07
 5.36747e+16	9.03e-01	9.71e-02	1.91e-07
 5.36983e+16	9.06e-01	9.41e-02	1.87e-07
 5.37200e+16	9.09e-01	9.14e-02	1.84e-07
 5.37401e+16	9.11e-01	8.90e-02	1.81e-07
 5.37591e+16	9.13e-01	8.68e-02	1.78e-07
 5.37768e+16	9.15e-01	8.47e-02	1.75e-07
 5.37928e+16	9.17e-01	8.29e-02	1.73e-07
 5.38076e+16	9.19e-01	8.12e-02	1.70e-07
 5.38214e+16	9.20e-01	7.96e-02	1.68e-07
 5.38345e+16	9.22e-01	7.82e-02	1.66e-07
 5.38469e+16	9.23e-01	7.68e-02	1.63e-07
 5.38586e+16	9.24e-01	7.56e-02	1.61e-07
 5.38694e+16	9.26e-01	7.44e-02	1.60e-07
 5.38796e+16	9.27e-01	7.33e-02	1.58e-07
 5.38894e+16	9.28e-01	7.23e-02	1.56e-07
 5.38987e+16	9.29e-01	7.13e-02	1.54e-07
 5.39073e+16	9.30e-01	7.04e-02	1.53e-07
 5.39156e+16	9.30e-01	6.95e-02	1.51e-07
 5.39234e+16	9.31e-01	6.87e-02	1.49e-07
 5.39309e+16	9.32e-01	6.79e-02	1.48e-07
 5.39382e+16	9.33e-01	6.72e-02	1.46e-07
 5.39451e+16	9.34e-01	6.65e-02	1.45e-07
 5.39519e+16	9.34e-01	6.58e-02	1.44e-07
 5.39584e+16	9.35e-01	6.51e-02	1.42e-07
 5.39647e+16	9.35e-01	6.45e-02	1.41e-07
 5.39709e+16	9.36e-01	6.39e-02	1.40e-07
 5.39770e+16	9.37e-01	6.33e-02	1.38e-07
 5.39830e+16	9.37e-01	6.26e-02	1.37e-07
 5.39890e+16	9.38e-01	6.20e-02	1.35e-07
 5.39950e+16	9.39e-01	6.14e-02	1.34e-07
 5.40011e+16	9.39e-01	6.08e-02	1.32e-07
 5.40075e+16	9.40e-01	6.01e-02	1.31e-07
 5.40142e+16	9.41e-01	5.94e-02	1.29e-07
 5.40214e+16	9.41e-01	5.87e-02	1.27e-07
 5.40292e+16	9.42e-01	5.79e-02	1.25e-07
 5.40372e+16	9.43e-01	5.71e-02	1.23e-07
 5.40445e+16	9.44e-01	5.63e-02	1.21e-07
 5.40511e+16	9.44e-01	5.56e-02	1.19e-07
 5.40571e+16	9.45e-01	5.50e-02	1.18e-07
 5.40625e+16	9.46e-01	5.44e-02	1.16e-07
 5.40675e+16	9.46e-01	5.39e-02	1.14e-07
 5.40720e+16	9.47e-01	5.34e-02	1.13e-07
 5.40761e+16	9.47e-01	5.29e-02	1.12e-07
 5.40799e+16	9.47e-01	5.25e-02	1.10e-07
 5.40840e+16	9.48e-01	5.20e-02	1.09e-07
 5.40884e+16	9.48e-01	5.16e-02	1.08e-07
 5.40924e+16	9.49e-01	5.11e-02	1.07e-07
 5.40961e+16	9.49e-01	5.08e-02	1.06e-07
 5.41001e+16	9.50e-01	5.03e-02	1.04e-07
 5.41044e+16	9.50e-01	4.98e-02	1.03e-07
 5.41084e+16	9.51e-01	4.94e-02	1.02e-07
 5.41120e+16	9.51e-01	4.90e-02	1.01e-07
 5.41159e+16	9.51e-01	4.86e-02	9.99e-08
 5.41202e+16	9.52e-01	4.82e-02	9.87e-08
 5.41240e+16	9.52e-01	4.78e-02	9.77e-08
 5.41283e+16	9.53e-01	4.74e-02	9.68e-08
 5.41338e+16	9.53e-01	4.68e-02	9.55e-08
 5.41397e+16	9.54e-01	4.63e-02	9.43e-08
 5.41451e+16	9.54e-01	4.58e-02	9.33e-08
 5.41500e+16	9.55e-01	4.53e-02	9.21e-08
 5.41554e+16	9.55e-01	4.48e-02	9.09e-08
 5.41613e+16	9.56e-01	4.43e-02	8.98e-08
 5.41666e+16	9.56e-01	4.39e-02	8.87e-08
 5.41714e+16	9.57e-01	4.34e-02	8.77e-08
 5.41767e+16	9.57e-01	4.30e-02	8.66e-08
 5.41824e+16	9.58e-01	4.25e-02	8.55e-08
 5.41876e+16	9.58e-01	4.20e-02	8.44e-08
 5.41923e+16	9.58e-01	4.16e-02	8.35e-08
 5.41975e+16	9.59e-01	4.11e-02	8.24e-08
 5.42031e+16	9.59e-01	4.07e-02	8.13e-08
 5.42081e+16	9.60e-01	4.02e-02	8.03e-08
 5.42128e+16	9.60e-01	3.98e-02	7.92e-08
 5.42170e+16	9.61e-01	3.95e-02	7.85e-08
