#depth	H	H+	H2
 1.59769e+12	1.18e-03	9.99e-01	3.58e-13
 9.58616e+12	1.17e-03	9.99e-01	3.58e-13
 4.15400e+13	1.17e-03	9.99e-01	3.59e-13
 1.69355e+14	1.18e-03	9.99e-01	3.67e-13
 4.04536e+14	1.15e-03	9.99e-01	3.73e-13
 7.10270e+14	1.14e-03	9.99e-01	3.86e-13
 1.10773e+15	1.14e-03	9.99e-01	4.08e-13
 1.62442e+15	1.16e-03	9.99e-01	4.43e-13
 2.29612e+15	1.18e-03	9.99e-01	4.96e-13
 3.08793e+15	1.21e-03	9.99e-01	5.66e-13
 3.84790e+15	1.25e-03	9.99e-01	6.38e-13
 4.50014e+15	1.29e-03	9.99e-01	7.09e-13
 5.09143e+15	1.33e-03	9.99e-01	7.83e-13
 5.65832e+15	1.38e-03	9.99e-01	8.61e-13
 6.21190e+15	1.43e-03	9.99e-01	9.46e-13
 6.75309e+15	1.48e-03	9.99e-01	1.04e-12
 7.28509e+15	1.54e-03	9.98e-01	1.13e-12
 7.80097e+15	1.61e-03	9.98e-01	1.24e-12
 8.37946e+15	1.69e-03	9.98e-01	1.37e-12
 9.01018e+15	1.79e-03	9.98e-01	1.53e-12
 9.60376e+15	1.88e-03	9.98e-01	1.70e-12
 1.02704e+16	2.00e-03	9.98e-01	1.91e-12
 1.11370e+16	2.16e-03	9.98e-01	2.21e-12
 1.21135e+16	2.35e-03	9.98e-01	2.58e-12
 1.32302e+16	2.59e-03	9.97e-01	3.03e-12
 1.45532e+16	2.88e-03	9.97e-01	3.61e-12
 1.60085e+16	3.24e-03	9.97e-01	4.32e-12
 1.75151e+16	3.64e-03	9.96e-01	5.14e-12
 1.86174e+16	3.96e-03	9.96e-01	5.89e-12
 1.92311e+16	4.16e-03	9.96e-01	6.32e-12
 1.98190e+16	4.35e-03	9.96e-01	6.70e-12
 2.05834e+16	4.62e-03	9.95e-01	7.21e-12
 2.14428e+16	4.94e-03	9.95e-01	7.85e-12
 2.22476e+16	5.26e-03	9.95e-01	8.51e-12
 2.29819e+16	5.57e-03	9.94e-01	9.11e-12
 2.38029e+16	5.94e-03	9.94e-01	9.77e-12
 2.46851e+16	6.37e-03	9.94e-01	1.06e-11
 2.54537e+16	6.77e-03	9.93e-01	1.14e-11
 2.61453e+16	7.16e-03	9.93e-01	1.21e-11
 2.69304e+16	7.61e-03	9.92e-01	1.28e-11
 2.77884e+16	8.17e-03	9.92e-01	1.37e-11
 2.85499e+16	8.71e-03	9.91e-01	1.47e-11
 2.92290e+16	9.22e-03	9.91e-01	1.55e-11
 2.99926e+16	9.84e-03	9.90e-01	1.63e-11
 3.08289e+16	1.06e-02	9.89e-01	1.74e-11
 3.15740e+16	1.13e-02	9.89e-01	1.85e-11
 3.22359e+16	1.20e-02	9.88e-01	1.95e-11
 3.29754e+16	1.29e-02	9.87e-01	2.03e-11
 3.37903e+16	1.39e-02	9.86e-01	2.15e-11
 3.45149e+16	1.50e-02	9.85e-01	2.29e-11
 3.51404e+16	1.60e-02	9.84e-01	2.40e-11
 3.58254e+16	1.72e-02	9.83e-01	2.48e-11
 3.65907e+16	1.87e-02	9.81e-01	2.62e-11
 3.72849e+16	2.03e-02	9.80e-01	2.77e-11
 3.78853e+16	2.18e-02	9.78e-01	2.90e-11
 3.85392e+16	2.36e-02	9.76e-01	3.01e-11
 3.92548e+16	2.59e-02	9.74e-01	3.18e-11
 3.98767e+16	2.83e-02	9.72e-01	3.38e-11
 4.03957e+16	3.04e-02	9.70e-01	3.52e-11
 4.09545e+16	3.31e-02	9.67e-01	3.67e-11
 4.15723e+16	3.66e-02	9.63e-01	3.90e-11
 4.21209e+16	4.03e-02	9.60e-01	4.15e-11
 4.25861e+16	4.39e-02	9.56e-01	4.42e-11
 4.30885e+16	4.83e-02	9.52e-01	4.64e-11
 4.36452e+16	5.42e-02	9.46e-01	5.02e-11
 4.41369e+16	6.07e-02	9.39e-01	5.48e-11
 4.45476e+16	6.69e-02	9.33e-01	5.89e-11
 4.49882e+16	7.48e-02	9.25e-01	6.39e-11
 4.54336e+16	8.47e-02	9.15e-01	7.12e-11
 4.57681e+16	9.36e-02	9.06e-01	7.82e-11
 4.60276e+16	1.01e-01	8.99e-01	8.42e-11
 4.63066e+16	1.11e-01	8.89e-01	9.10e-11
 4.66180e+16	1.23e-01	8.77e-01	1.01e-10
 4.68951e+16	1.36e-01	8.64e-01	1.12e-10
 4.71247e+16	1.48e-01	8.52e-01	1.21e-10
 4.73689e+16	1.62e-01	8.38e-01	1.34e-10
 4.76311e+16	1.79e-01	8.21e-01	1.50e-10
 4.78524e+16	1.96e-01	8.04e-01	1.67e-10
 4.80360e+16	2.12e-01	7.88e-01	1.83e-10
 4.82346e+16	2.30e-01	7.70e-01	2.02e-10
 4.84549e+16	2.53e-01	7.47e-01	2.27e-10
 4.86518e+16	2.76e-01	7.24e-01	2.54e-10
 4.88170e+16	2.96e-01	7.04e-01	2.79e-10
 4.89929e+16	3.19e-01	6.81e-01	3.09e-10
 4.91893e+16	3.48e-01	6.52e-01	3.49e-10
 4.93673e+16	3.76e-01	6.24e-01	3.92e-10
 4.95203e+16	4.02e-01	5.98e-01	4.33e-10
 4.96707e+16	4.27e-01	5.73e-01	4.78e-10
 4.98265e+16	4.55e-01	5.45e-01	5.29e-10
 4.99675e+16	4.82e-01	5.18e-01	5.85e-10
 5.00895e+16	5.05e-01	4.95e-01	6.33e-10
 5.02013e+16	5.26e-01	4.74e-01	6.86e-10
 5.03090e+16	5.47e-01	4.53e-01	7.36e-10
 5.03974e+16	5.64e-01	4.36e-01	7.82e-10
 5.04569e+16	5.75e-01	4.25e-01	8.15e-10
 5.05113e+16	5.85e-01	4.15e-01	8.44e-10
 5.05767e+16	5.98e-01	4.02e-01	8.84e-10
 5.06484e+16	6.12e-01	3.88e-01	9.26e-10
 5.07150e+16	6.25e-01	3.75e-01	9.73e-10
 5.07744e+16	6.36e-01	3.64e-01	1.01e-09
 5.08325e+16	6.47e-01	3.53e-01	1.05e-09
 5.08943e+16	6.59e-01	3.41e-01	1.10e-09
 5.09576e+16	6.72e-01	3.28e-01	1.15e-09
 5.10178e+16	6.83e-01	3.17e-01	1.20e-09
 5.10750e+16	6.94e-01	3.06e-01	1.25e-09
 5.11328e+16	7.04e-01	2.96e-01	1.29e-09
 5.11923e+16	7.15e-01	2.85e-01	1.35e-09
 5.12515e+16	7.26e-01	2.74e-01	1.41e-09
 5.13078e+16	7.36e-01	2.64e-01	1.46e-09
 5.13634e+16	7.46e-01	2.54e-01	1.52e-09
 5.14198e+16	7.55e-01	2.45e-01	1.58e-09
 5.14764e+16	7.65e-01	2.35e-01	1.64e-09
 5.15320e+16	7.74e-01	2.26e-01	1.70e-09
 5.15866e+16	7.83e-01	2.17e-01	1.77e-09
 5.16417e+16	7.92e-01	2.08e-01	1.84e-09
 5.16957e+16	8.00e-01	2.00e-01	1.91e-09
 5.17489e+16	8.08e-01	1.92e-01	1.98e-09
 5.18026e+16	8.16e-01	1.84e-01	2.06e-09
 5.18560e+16	8.24e-01	1.76e-01	2.13e-09
 5.19079e+16	8.31e-01	1.69e-01	2.22e-09
 5.19593e+16	8.38e-01	1.62e-01	2.30e-09
 5.20110e+16	8.45e-01	1.55e-01	2.39e-09
 5.20624e+16	8.51e-01	1.49e-01	2.48e-09
 5.21124e+16	8.58e-01	1.42e-01	2.57e-09
 5.21611e+16	8.63e-01	1.37e-01	2.66e-09
 5.22091e+16	8.69e-01	1.31e-01	2.76e-09
 5.22570e+16	8.75e-01	1.25e-01	2.86e-09
 5.23043e+16	8.80e-01	1.20e-01	2.96e-09
 5.23507e+16	8.85e-01	1.15e-01	3.07e-09
 5.23961e+16	8.89e-01	1.11e-01	3.19e-09
 5.24410e+16	8.94e-01	1.06e-01	3.30e-09
 5.24855e+16	8.98e-01	1.02e-01	3.42e-09
 5.25291e+16	9.02e-01	9.77e-02	3.56e-09
 5.25724e+16	9.06e-01	9.37e-02	3.69e-09
 5.26154e+16	9.10e-01	8.99e-02	3.83e-09
 5.26577e+16	9.14e-01	8.63e-02	3.98e-09
 5.26993e+16	9.17e-01	8.29e-02	4.13e-09
 5.27405e+16	9.20e-01	7.96e-02	4.29e-09
 5.27814e+16	9.24e-01	7.63e-02	4.48e-09
 5.28221e+16	9.27e-01	7.33e-02	4.66e-09
 5.28622e+16	9.30e-01	7.04e-02	4.86e-09
 5.29013e+16	9.32e-01	6.76e-02	5.07e-09
 5.29402e+16	9.35e-01	6.50e-02	5.29e-09
 5.29791e+16	9.38e-01	6.24e-02	5.53e-09
 5.30178e+16	9.40e-01	5.99e-02	5.81e-09
 5.30555e+16	9.42e-01	5.76e-02	6.10e-09
 5.30930e+16	9.45e-01	5.53e-02	6.41e-09
 5.31308e+16	9.47e-01	5.31e-02	6.74e-09
 5.31681e+16	9.49e-01	5.10e-02	7.12e-09
 5.32047e+16	9.51e-01	4.91e-02	7.54e-09
 5.32405e+16	9.53e-01	4.72e-02	7.99e-09
 5.32764e+16	9.55e-01	4.54e-02	8.47e-09
 5.33126e+16	9.56e-01	4.35e-02	9.08e-09
 5.33487e+16	9.58e-01	4.18e-02	9.75e-09
 5.33841e+16	9.60e-01	4.02e-02	1.05e-08
 5.34186e+16	9.61e-01	3.86e-02	1.14e-08
 5.34529e+16	9.63e-01	3.71e-02	1.24e-08
 5.34873e+16	9.64e-01	3.56e-02	1.35e-08
 5.35215e+16	9.66e-01	3.42e-02	1.49e-08
 5.35549e+16	9.67e-01	3.29e-02	1.66e-08
 5.35880e+16	9.68e-01	3.16e-02	1.86e-08
 5.36198e+16	9.70e-01	3.04e-02	2.09e-08
 5.36488e+16	9.71e-01	2.94e-02	2.35e-08
 5.36747e+16	9.72e-01	2.85e-02	2.64e-08
 5.36983e+16	9.72e-01	2.77e-02	2.96e-08
 5.37200e+16	9.73e-01	2.70e-02	3.32e-08
 5.37401e+16	9.74e-01	2.64e-02	3.71e-08
 5.37591e+16	9.74e-01	2.57e-02	4.16e-08
 5.37768e+16	9.75e-01	2.52e-02	4.68e-08
 5.37928e+16	9.75e-01	2.47e-02	5.25e-08
 5.38076e+16	9.76e-01	2.42e-02	5.86e-08
 5.38214e+16	9.76e-01	2.38e-02	6.55e-08
 5.38345e+16	9.77e-01	2.34e-02	7.34e-08
 5.38469e+16	9.77e-01	2.30e-02	8.21e-08
 5.38586e+16	9.77e-01	2.26e-02	9.21e-08
 5.38694e+16	9.78e-01	2.23e-02	1.03e-07
 5.38796e+16	9.78e-01	2.20e-02	1.15e-07
 5.38894e+16	9.78e-01	2.16e-02	1.29e-07
 5.38987e+16	9.79e-01	2.14e-02	1.44e-07
 5.39073e+16	9.79e-01	2.11e-02	1.61e-07
 5.39156e+16	9.79e-01	2.08e-02	1.79e-07
 5.39234e+16	9.79e-01	2.05e-02	2.00e-07
 5.39309e+16	9.80e-01	2.03e-02	2.23e-07
 5.39382e+16	9.80e-01	2.01e-02	2.49e-07
 5.39451e+16	9.80e-01	1.98e-02	2.78e-07
 5.39519e+16	9.80e-01	1.96e-02	3.10e-07
 5.39584e+16	9.81e-01	1.94e-02	3.46e-07
 5.39647e+16	9.81e-01	1.91e-02	3.85e-07
 5.39709e+16	9.81e-01	1.89e-02	4.28e-07
 5.39770e+16	9.81e-01	1.87e-02	4.75e-07
 5.39830e+16	9.82e-01	1.85e-02	5.30e-07
 5.39890e+16	9.82e-01	1.82e-02	5.88e-07
 5.39950e+16	9.82e-01	1.80e-02	6.50e-07
 5.40011e+16	9.82e-01	1.78e-02	7.19e-07
 5.40075e+16	9.82e-01	1.75e-02	7.94e-07
 5.40142e+16	9.83e-01	1.72e-02	8.76e-07
 5.40214e+16	9.83e-01	1.69e-02	9.62e-07
 5.40292e+16	9.83e-01	1.66e-02	1.05e-06
 5.40372e+16	9.84e-01	1.63e-02	1.13e-06
 5.40445e+16	9.84e-01	1.59e-02	1.20e-06
 5.40511e+16	9.84e-01	1.57e-02	1.24e-06
 5.40571e+16	9.85e-01	1.54e-02	1.28e-06
 5.40625e+16	9.85e-01	1.52e-02	1.31e-06
 5.40675e+16	9.85e-01	1.49e-02	1.33e-06
 5.40720e+16	9.85e-01	1.47e-02	1.35e-06
 5.40761e+16	9.85e-01	1.46e-02	1.37e-06
 5.40799e+16	9.86e-01	1.44e-02	1.38e-06
 5.40840e+16	9.86e-01	1.42e-02	1.40e-06
 5.40884e+16	9.86e-01	1.41e-02	1.41e-06
 5.40924e+16	9.86e-01	1.39e-02	1.43e-06
 5.40961e+16	9.86e-01	1.37e-02	1.44e-06
 5.41001e+16	9.86e-01	1.36e-02	1.46e-06
 5.41044e+16	9.87e-01	1.34e-02	1.47e-06
 5.41084e+16	9.87e-01	1.33e-02	1.49e-06
 5.41120e+16	9.87e-01	1.31e-02	1.50e-06
 5.41159e+16	9.87e-01	1.30e-02	1.52e-06
 5.41202e+16	9.87e-01	1.28e-02	1.53e-06
 5.41240e+16	9.87e-01	1.27e-02	1.55e-06
 5.41283e+16	9.87e-01	1.25e-02	1.56e-06
 5.41338e+16	9.88e-01	1.24e-02	1.58e-06
 5.41397e+16	9.88e-01	1.22e-02	1.60e-06
 5.41451e+16	9.88e-01	1.20e-02	1.62e-06
 5.41500e+16	9.88e-01	1.19e-02	1.64e-06
 5.41554e+16	9.88e-01	1.17e-02	1.66e-06
 5.41613e+16	9.88e-01	1.16e-02	1.68e-06
 5.41666e+16	9.89e-01	1.14e-02	1.70e-06
 5.41714e+16	9.89e-01	1.13e-02	1.72e-06
 5.41767e+16	9.89e-01	1.11e-02	1.75e-06
 5.41824e+16	9.89e-01	1.10e-02	1.77e-06
 5.41876e+16	9.89e-01	1.08e-02	1.80e-06
 5.41923e+16	9.89e-01	1.07e-02	1.82e-06
 5.41975e+16	9.89e-01	1.05e-02	1.85e-06
 5.42031e+16	9.90e-01	1.04e-02	1.88e-06
 5.42081e+16	9.90e-01	1.02e-02	1.91e-06
 5.42128e+16	9.90e-01	1.01e-02	1.94e-06
 5.42170e+16	9.90e-01	9.92e-03	1.97e-06
