#depth	O	O+	O+2	O+3	O+4	O+5	O+6	O+7	O+8	O[1]	O[2]	O[3]
 9.88440e+11	2.50e-06	3.42e-03	5.18e-01	4.77e-01	1.97e-03	0.00e+00	0.00e+00	0.00e+00	0.00e+00	1.83e-06	4.35e-07	2.36e-07
 5.93064e+12	2.50e-06	3.43e-03	5.19e-01	4.76e-01	1.96e-03	0.00e+00	0.00e+00	0.00e+00	0.00e+00	1.83e-06	4.35e-07	2.37e-07
 2.56994e+13	2.52e-06	3.45e-03	5.21e-01	4.74e-01	1.93e-03	0.00e+00	0.00e+00	0.00e+00	0.00e+00	1.84e-06	4.38e-07	2.38e-07
 1.04775e+14	2.58e-06	3.52e-03	5.31e-01	4.64e-01	1.84e-03	0.00e+00	0.00e+00	0.00e+00	0.00e+00	1.89e-06	4.49e-07	2.44e-07
 2.50273e+14	2.61e-06	3.61e-03	5.45e-01	4.49e-01	1.69e-03	0.00e+00	0.00e+00	0.00e+00	0.00e+00	1.91e-06	4.55e-07	2.48e-07
 4.39421e+14	2.71e-06	3.76e-03	5.65e-01	4.30e-01	1.52e-03	0.00e+00	0.00e+00	0.00e+00	0.00e+00	1.98e-06	4.70e-07	2.56e-07
 6.85313e+14	2.86e-06	3.97e-03	5.91e-01	4.04e-01	1.31e-03	0.00e+00	0.00e+00	0.00e+00	0.00e+00	2.09e-06	4.96e-07	2.71e-07
 1.00497e+15	3.11e-06	4.28e-03	6.26e-01	3.68e-01	1.07e-03	0.00e+00	0.00e+00	0.00e+00	0.00e+00	2.28e-06	5.38e-07	2.94e-07
 1.42053e+15	3.49e-06	4.72e-03	6.74e-01	3.21e-01	8.06e-04	0.00e+00	0.00e+00	0.00e+00	0.00e+00	2.56e-06	6.03e-07	3.31e-07
 1.96076e+15	4.09e-06	5.34e-03	7.35e-01	2.59e-01	5.32e-04	0.00e+00	0.00e+00	0.00e+00	0.00e+00	3.00e-06	7.04e-07	3.87e-07
 2.55997e+15	4.80e-06	6.04e-03	7.99e-01	1.95e-01	3.17e-04	0.00e+00	0.00e+00	0.00e+00	0.00e+00	3.53e-06	8.22e-07	4.52e-07
 3.12785e+15	5.57e-06	6.71e-03	8.53e-01	1.40e-01	1.79e-04	0.00e+00	0.00e+00	0.00e+00	0.00e+00	4.09e-06	9.51e-07	5.24e-07
 3.62457e+15	6.31e-06	7.29e-03	8.93e-01	9.98e-02	1.03e-04	0.00e+00	0.00e+00	0.00e+00	0.00e+00	4.64e-06	1.08e-06	5.92e-07
 4.13682e+15	7.24e-06	7.91e-03	9.25e-01	6.73e-02	5.38e-05	0.00e+00	0.00e+00	0.00e+00	0.00e+00	5.33e-06	1.23e-06	6.78e-07
 4.80276e+15	8.54e-06	8.64e-03	9.53e-01	3.88e-02	2.20e-05	0.00e+00	0.00e+00	0.00e+00	0.00e+00	6.29e-06	1.45e-06	7.98e-07
 5.66847e+15	1.04e-05	9.53e-03	9.72e-01	1.82e-02	6.51e-06	0.00e+00	0.00e+00	0.00e+00	0.00e+00	7.70e-06	1.76e-06	9.73e-07
 6.79389e+15	1.34e-05	1.07e-02	9.83e-01	6.78e-03	1.31e-06	0.00e+00	0.00e+00	0.00e+00	0.00e+00	9.89e-06	2.26e-06	1.24e-06
 7.99017e+15	1.70e-05	1.18e-02	9.86e-01	2.46e-03	2.54e-07	0.00e+00	0.00e+00	0.00e+00	0.00e+00	1.26e-05	2.85e-06	1.57e-06
 9.07222e+15	2.12e-05	1.30e-02	9.86e-01	1.04e-03	0.00e+00	0.00e+00	0.00e+00	0.00e+00	0.00e+00	1.57e-05	3.55e-06	1.96e-06
 1.02725e+16	2.74e-05	1.46e-02	9.85e-01	4.19e-04	0.00e+00	0.00e+00	0.00e+00	0.00e+00	0.00e+00	2.03e-05	4.59e-06	2.53e-06
 1.14985e+16	3.52e-05	1.63e-02	9.83e-01	1.80e-04	0.00e+00	0.00e+00	0.00e+00	0.00e+00	0.00e+00	2.61e-05	5.89e-06	3.25e-06
 1.26484e+16	4.50e-05	1.82e-02	9.82e-01	8.50e-05	0.00e+00	0.00e+00	0.00e+00	0.00e+00	0.00e+00	3.33e-05	7.52e-06	4.15e-06
 1.39132e+16	5.89e-05	2.06e-02	9.79e-01	4.00e-05	0.00e+00	0.00e+00	0.00e+00	0.00e+00	0.00e+00	4.36e-05	9.86e-06	5.44e-06
 1.48969e+16	7.21e-05	2.26e-02	9.77e-01	2.43e-05	0.00e+00	0.00e+00	0.00e+00	0.00e+00	0.00e+00	5.34e-05	1.21e-05	6.65e-06
 1.54392e+16	8.08e-05	2.39e-02	9.76e-01	1.87e-05	0.00e+00	0.00e+00	0.00e+00	0.00e+00	0.00e+00	5.98e-05	1.35e-05	7.46e-06
 1.59477e+16	9.05e-05	2.52e-02	9.75e-01	1.45e-05	0.00e+00	0.00e+00	0.00e+00	0.00e+00	0.00e+00	6.70e-05	1.52e-05	8.36e-06
 1.66088e+16	1.05e-04	2.70e-02	9.73e-01	1.07e-05	0.00e+00	0.00e+00	0.00e+00	0.00e+00	0.00e+00	7.77e-05	1.76e-05	9.71e-06
 1.73381e+16	1.23e-04	2.92e-02	9.71e-01	7.99e-06	0.00e+00	0.00e+00	0.00e+00	0.00e+00	0.00e+00	9.12e-05	2.07e-05	1.14e-05
 1.80047e+16	1.43e-04	3.14e-02	9.68e-01	6.25e-06	0.00e+00	0.00e+00	0.00e+00	0.00e+00	0.00e+00	1.06e-04	2.40e-05	1.32e-05
 1.86171e+16	1.64e-04	3.35e-02	9.66e-01	5.09e-06	0.00e+00	0.00e+00	0.00e+00	0.00e+00	0.00e+00	1.21e-04	2.76e-05	1.52e-05
 1.93102e+16	1.93e-04	3.63e-02	9.64e-01	4.11e-06	0.00e+00	0.00e+00	0.00e+00	0.00e+00	0.00e+00	1.42e-04	3.25e-05	1.79e-05
 2.00500e+16	2.28e-04	3.95e-02	9.60e-01	3.37e-06	0.00e+00	0.00e+00	0.00e+00	0.00e+00	0.00e+00	1.69e-04	3.86e-05	2.13e-05
 2.06903e+16	2.65e-04	4.25e-02	9.57e-01	2.88e-06	0.00e+00	0.00e+00	0.00e+00	0.00e+00	0.00e+00	1.96e-04	4.48e-05	2.47e-05
 2.12695e+16	3.05e-04	4.56e-02	9.54e-01	2.53e-06	0.00e+00	0.00e+00	0.00e+00	0.00e+00	0.00e+00	2.25e-04	5.16e-05	2.84e-05
 2.19297e+16	3.57e-04	4.94e-02	9.50e-01	2.21e-06	0.00e+00	0.00e+00	0.00e+00	0.00e+00	0.00e+00	2.63e-04	6.06e-05	3.34e-05
 2.26451e+16	4.26e-04	5.40e-02	9.46e-01	1.93e-06	0.00e+00	0.00e+00	0.00e+00	0.00e+00	0.00e+00	3.13e-04	7.24e-05	3.99e-05
 2.32762e+16	4.99e-04	5.86e-02	9.41e-01	1.73e-06	0.00e+00	0.00e+00	0.00e+00	0.00e+00	0.00e+00	3.67e-04	8.50e-05	4.69e-05
 2.38428e+16	5.76e-04	6.31e-02	9.36e-01	1.57e-06	0.00e+00	0.00e+00	0.00e+00	0.00e+00	0.00e+00	4.24e-04	9.84e-05	5.42e-05
 2.44812e+16	6.81e-04	6.89e-02	9.30e-01	1.43e-06	0.00e+00	0.00e+00	0.00e+00	0.00e+00	0.00e+00	5.00e-04	1.17e-04	6.41e-05
 2.51747e+16	8.19e-04	7.59e-02	9.23e-01	1.28e-06	0.00e+00	0.00e+00	0.00e+00	0.00e+00	0.00e+00	6.01e-04	1.40e-04	7.71e-05
 2.57894e+16	9.70e-04	8.30e-02	9.16e-01	1.17e-06	0.00e+00	0.00e+00	0.00e+00	0.00e+00	0.00e+00	7.12e-04	1.67e-04	9.14e-05
 2.63411e+16	1.13e-03	9.01e-02	9.09e-01	1.09e-06	0.00e+00	0.00e+00	0.00e+00	0.00e+00	0.00e+00	8.31e-04	1.95e-04	1.07e-04
 2.69614e+16	1.35e-03	9.90e-02	9.00e-01	9.92e-07	0.00e+00	0.00e+00	0.00e+00	0.00e+00	0.00e+00	9.91e-04	2.33e-04	1.27e-04
 2.76373e+16	1.65e-03	1.10e-01	8.88e-01	9.01e-07	0.00e+00	0.00e+00	0.00e+00	0.00e+00	0.00e+00	1.21e-03	2.86e-04	1.56e-04
 2.82304e+16	1.98e-03	1.22e-01	8.76e-01	8.27e-07	0.00e+00	0.00e+00	0.00e+00	0.00e+00	0.00e+00	1.45e-03	3.44e-04	1.87e-04
 2.87446e+16	2.33e-03	1.33e-01	8.65e-01	7.65e-07	0.00e+00	0.00e+00	0.00e+00	0.00e+00	0.00e+00	1.71e-03	4.06e-04	2.20e-04
 2.93119e+16	2.80e-03	1.46e-01	8.51e-01	6.99e-07	0.00e+00	0.00e+00	0.00e+00	0.00e+00	0.00e+00	2.05e-03	4.88e-04	2.64e-04
 2.99424e+16	3.46e-03	1.64e-01	8.32e-01	6.30e-07	0.00e+00	0.00e+00	0.00e+00	0.00e+00	0.00e+00	2.53e-03	6.04e-04	3.26e-04
 3.05116e+16	4.22e-03	1.83e-01	8.13e-01	5.68e-07	0.00e+00	0.00e+00	0.00e+00	0.00e+00	0.00e+00	3.08e-03	7.38e-04	3.98e-04
 3.10068e+16	5.04e-03	2.01e-01	7.94e-01	5.18e-07	0.00e+00	0.00e+00	0.00e+00	0.00e+00	0.00e+00	3.68e-03	8.84e-04	4.76e-04
 3.15490e+16	6.14e-03	2.23e-01	7.71e-01	4.62e-07	0.00e+00	0.00e+00	0.00e+00	0.00e+00	0.00e+00	4.48e-03	1.08e-03	5.80e-04
 3.21357e+16	7.70e-03	2.51e-01	7.41e-01	4.06e-07	0.00e+00	0.00e+00	0.00e+00	0.00e+00	0.00e+00	5.62e-03	1.36e-03	7.27e-04
 3.26366e+16	9.43e-03	2.79e-01	7.12e-01	3.56e-07	0.00e+00	0.00e+00	0.00e+00	0.00e+00	0.00e+00	6.87e-03	1.67e-03	8.89e-04
 3.30547e+16	1.12e-02	3.05e-01	6.84e-01	3.17e-07	0.00e+00	0.00e+00	0.00e+00	0.00e+00	0.00e+00	8.15e-03	1.98e-03	1.06e-03
 3.35088e+16	1.35e-02	3.35e-01	6.51e-01	2.75e-07	0.00e+00	0.00e+00	0.00e+00	0.00e+00	0.00e+00	9.86e-03	2.40e-03	1.28e-03
 3.40105e+16	1.68e-02	3.73e-01	6.10e-01	2.31e-07	0.00e+00	0.00e+00	0.00e+00	0.00e+00	0.00e+00	1.23e-02	2.99e-03	1.59e-03
 3.44559e+16	2.06e-02	4.11e-01	5.69e-01	1.92e-07	0.00e+00	0.00e+00	0.00e+00	0.00e+00	0.00e+00	1.50e-02	3.66e-03	1.94e-03
 3.48342e+16	2.47e-02	4.45e-01	5.30e-01	1.61e-07	0.00e+00	0.00e+00	0.00e+00	0.00e+00	0.00e+00	1.80e-02	4.38e-03	2.32e-03
 3.52438e+16	2.99e-02	4.84e-01	4.86e-01	1.33e-07	0.00e+00	0.00e+00	0.00e+00	0.00e+00	0.00e+00	2.18e-02	5.29e-03	2.81e-03
 3.56941e+16	3.74e-02	5.30e-01	4.33e-01	0.00e+00	0.00e+00	0.00e+00	0.00e+00	0.00e+00	0.00e+00	2.73e-02	6.60e-03	3.50e-03
 3.60884e+16	4.58e-02	5.71e-01	3.83e-01	0.00e+00	0.00e+00	0.00e+00	0.00e+00	0.00e+00	0.00e+00	3.34e-02	8.07e-03	4.29e-03
 3.64196e+16	5.43e-02	6.05e-01	3.41e-01	0.00e+00	0.00e+00	0.00e+00	0.00e+00	0.00e+00	0.00e+00	3.96e-02	9.53e-03	5.07e-03
 3.67771e+16	6.55e-02	6.41e-01	2.94e-01	0.00e+00	0.00e+00	0.00e+00	0.00e+00	0.00e+00	0.00e+00	4.79e-02	1.15e-02	6.11e-03
 3.71290e+16	7.92e-02	6.73e-01	2.48e-01	0.00e+00	0.00e+00	0.00e+00	0.00e+00	0.00e+00	0.00e+00	5.80e-02	1.38e-02	7.37e-03
 3.73831e+16	9.11e-02	6.93e-01	2.16e-01	0.00e+00	0.00e+00	0.00e+00	0.00e+00	0.00e+00	0.00e+00	6.68e-02	1.58e-02	8.47e-03
 3.75818e+16	1.02e-01	7.07e-01	1.91e-01	0.00e+00	0.00e+00	0.00e+00	0.00e+00	0.00e+00	0.00e+00	7.46e-02	1.76e-02	9.43e-03
 3.77985e+16	1.15e-01	7.20e-01	1.66e-01	0.00e+00	0.00e+00	0.00e+00	0.00e+00	0.00e+00	0.00e+00	8.42e-02	1.97e-02	1.06e-02
 3.80390e+16	1.31e-01	7.30e-01	1.39e-01	0.00e+00	0.00e+00	0.00e+00	0.00e+00	0.00e+00	0.00e+00	9.66e-02	2.25e-02	1.21e-02
 3.82518e+16	1.48e-01	7.35e-01	1.17e-01	0.00e+00	0.00e+00	0.00e+00	0.00e+00	0.00e+00	0.00e+00	1.09e-01	2.52e-02	1.36e-02
 3.84293e+16	1.64e-01	7.36e-01	1.00e-01	0.00e+00	0.00e+00	0.00e+00	0.00e+00	0.00e+00	0.00e+00	1.21e-01	2.78e-02	1.51e-02
 3.85925e+16	1.80e-01	7.34e-01	8.59e-02	0.00e+00	0.00e+00	0.00e+00	0.00e+00	0.00e+00	0.00e+00	1.33e-01	3.03e-02	1.65e-02
 3.87775e+16	2.00e-01	7.29e-01	7.15e-02	0.00e+00	0.00e+00	0.00e+00	0.00e+00	0.00e+00	0.00e+00	1.48e-01	3.34e-02	1.83e-02
 3.89748e+16	2.24e-01	7.18e-01	5.77e-02	0.00e+00	0.00e+00	0.00e+00	0.00e+00	0.00e+00	0.00e+00	1.66e-01	3.70e-02	2.04e-02
 3.91403e+16	2.46e-01	7.06e-01	4.75e-02	0.00e+00	0.00e+00	0.00e+00	0.00e+00	0.00e+00	0.00e+00	1.83e-01	4.03e-02	2.23e-02
 3.92780e+16	2.66e-01	6.94e-01	4.00e-02	0.00e+00	0.00e+00	0.00e+00	0.00e+00	0.00e+00	0.00e+00	1.99e-01	4.32e-02	2.40e-02
 3.94277e+16	2.90e-01	6.77e-01	3.28e-02	0.00e+00	0.00e+00	0.00e+00	0.00e+00	0.00e+00	0.00e+00	2.17e-01	4.65e-02	2.60e-02
 3.95912e+16	3.18e-01	6.56e-01	2.60e-02	0.00e+00	0.00e+00	0.00e+00	0.00e+00	0.00e+00	0.00e+00	2.39e-01	5.04e-02	2.84e-02
 3.97348e+16	3.45e-01	6.34e-01	2.10e-02	0.00e+00	0.00e+00	0.00e+00	0.00e+00	0.00e+00	0.00e+00	2.60e-01	5.38e-02	3.06e-02
 3.98590e+16	3.68e-01	6.15e-01	1.73e-02	0.00e+00	0.00e+00	0.00e+00	0.00e+00	0.00e+00	0.00e+00	2.79e-01	5.67e-02	3.25e-02
 3.99939e+16	3.96e-01	5.91e-01	1.38e-02	0.00e+00	0.00e+00	0.00e+00	0.00e+00	0.00e+00	0.00e+00	3.01e-01	6.00e-02	3.46e-02
 4.01405e+16	4.27e-01	5.62e-01	1.07e-02	0.00e+00	0.00e+00	0.00e+00	0.00e+00	0.00e+00	0.00e+00	3.27e-01	6.36e-02	3.71e-02
 4.02728e+16	4.57e-01	5.34e-01	8.35e-03	0.00e+00	0.00e+00	0.00e+00	0.00e+00	0.00e+00	0.00e+00	3.51e-01	6.67e-02	3.93e-02
 4.03902e+16	4.84e-01	5.09e-01	6.66e-03	0.00e+00	0.00e+00	0.00e+00	0.00e+00	0.00e+00	0.00e+00	3.74e-01	6.93e-02	4.12e-02
 4.05007e+16	5.11e-01	4.84e-01	5.33e-03	0.00e+00	0.00e+00	0.00e+00	0.00e+00	0.00e+00	0.00e+00	3.96e-01	7.17e-02	4.30e-02
 4.06084e+16	5.36e-01	4.59e-01	4.26e-03	0.00e+00	0.00e+00	0.00e+00	0.00e+00	0.00e+00	0.00e+00	4.18e-01	7.37e-02	4.47e-02
 4.07089e+16	5.61e-01	4.35e-01	3.42e-03	0.00e+00	0.00e+00	0.00e+00	0.00e+00	0.00e+00	0.00e+00	4.40e-01	7.54e-02	4.62e-02
 4.07998e+16	5.83e-01	4.14e-01	2.80e-03	0.00e+00	0.00e+00	0.00e+00	0.00e+00	0.00e+00	0.00e+00	4.59e-01	7.67e-02	4.74e-02
 4.08706e+16	6.00e-01	3.98e-01	2.39e-03	0.00e+00	0.00e+00	0.00e+00	0.00e+00	0.00e+00	0.00e+00	4.74e-01	7.76e-02	4.83e-02
 4.09174e+16	6.10e-01	3.88e-01	2.16e-03	0.00e+00	0.00e+00	0.00e+00	0.00e+00	0.00e+00	0.00e+00	4.83e-01	7.80e-02	4.89e-02
 4.09620e+16	6.20e-01	3.78e-01	1.94e-03	0.00e+00	0.00e+00	0.00e+00	0.00e+00	0.00e+00	0.00e+00	4.92e-01	7.84e-02	4.94e-02
 4.10154e+16	6.33e-01	3.65e-01	1.71e-03	0.00e+00	0.00e+00	0.00e+00	0.00e+00	0.00e+00	0.00e+00	5.04e-01	7.89e-02	5.00e-02
 4.10723e+16	6.46e-01	3.52e-01	1.49e-03	0.00e+00	0.00e+00	0.00e+00	0.00e+00	0.00e+00	0.00e+00	5.16e-01	7.93e-02	5.05e-02
 4.11252e+16	6.59e-01	3.40e-01	1.30e-03	0.00e+00	0.00e+00	0.00e+00	0.00e+00	0.00e+00	0.00e+00	5.28e-01	7.96e-02	5.11e-02
 4.11737e+16	6.70e-01	3.29e-01	1.16e-03	0.00e+00	0.00e+00	0.00e+00	0.00e+00	0.00e+00	0.00e+00	5.38e-01	7.98e-02	5.15e-02
 4.12220e+16	6.81e-01	3.18e-01	1.02e-03	0.00e+00	0.00e+00	0.00e+00	0.00e+00	0.00e+00	0.00e+00	5.49e-01	7.99e-02	5.19e-02
 4.12722e+16	6.93e-01	3.07e-01	8.96e-04	0.00e+00	0.00e+00	0.00e+00	0.00e+00	0.00e+00	0.00e+00	5.60e-01	8.00e-02	5.22e-02
 4.13216e+16	7.04e-01	2.95e-01	7.87e-04	0.00e+00	0.00e+00	0.00e+00	0.00e+00	0.00e+00	0.00e+00	5.71e-01	8.00e-02	5.25e-02
 4.13693e+16	7.14e-01	2.85e-01	6.93e-04	0.00e+00	0.00e+00	0.00e+00	0.00e+00	0.00e+00	0.00e+00	5.81e-01	7.99e-02	5.28e-02
 4.14169e+16	7.25e-01	2.74e-01	6.08e-04	0.00e+00	0.00e+00	0.00e+00	0.00e+00	0.00e+00	0.00e+00	5.92e-01	7.98e-02	5.30e-02
 4.14644e+16	7.35e-01	2.64e-01	5.34e-04	0.00e+00	0.00e+00	0.00e+00	0.00e+00	0.00e+00	0.00e+00	6.02e-01	7.96e-02	5.32e-02
 4.15114e+16	7.45e-01	2.54e-01	4.68e-04	0.00e+00	0.00e+00	0.00e+00	0.00e+00	0.00e+00	0.00e+00	6.13e-01	7.93e-02	5.34e-02
 4.15579e+16	7.55e-01	2.45e-01	4.11e-04	0.00e+00	0.00e+00	0.00e+00	0.00e+00	0.00e+00	0.00e+00	6.22e-01	7.91e-02	5.35e-02
 4.16043e+16	7.64e-01	2.35e-01	3.59e-04	0.00e+00	0.00e+00	0.00e+00	0.00e+00	0.00e+00	0.00e+00	6.32e-01	7.87e-02	5.35e-02
 4.16507e+16	7.74e-01	2.26e-01	3.14e-04	0.00e+00	0.00e+00	0.00e+00	0.00e+00	0.00e+00	0.00e+00	6.42e-01	7.83e-02	5.35e-02
 4.16959e+16	7.83e-01	2.17e-01	2.75e-04	0.00e+00	0.00e+00	0.00e+00	0.00e+00	0.00e+00	0.00e+00	6.51e-01	7.78e-02	5.35e-02
 4.17404e+16	7.91e-01	2.09e-01	2.41e-04	0.00e+00	0.00e+00	0.00e+00	0.00e+00	0.00e+00	0.00e+00	6.60e-01	7.73e-02	5.35e-02
 4.17856e+16	8.00e-01	2.00e-01	2.10e-04	0.00e+00	0.00e+00	0.00e+00	0.00e+00	0.00e+00	0.00e+00	6.70e-01	7.68e-02	5.34e-02
 4.18304e+16	8.08e-01	1.92e-01	1.83e-04	0.00e+00	0.00e+00	0.00e+00	0.00e+00	0.00e+00	0.00e+00	6.79e-01	7.62e-02	5.33e-02
 4.18744e+16	8.16e-01	1.84e-01	1.60e-04	0.00e+00	0.00e+00	0.00e+00	0.00e+00	0.00e+00	0.00e+00	6.87e-01	7.56e-02	5.31e-02
 4.19180e+16	8.23e-01	1.76e-01	1.40e-04	0.00e+00	0.00e+00	0.00e+00	0.00e+00	0.00e+00	0.00e+00	6.96e-01	7.50e-02	5.29e-02
 4.19617e+16	8.31e-01	1.69e-01	1.22e-04	0.00e+00	0.00e+00	0.00e+00	0.00e+00	0.00e+00	0.00e+00	7.04e-01	7.43e-02	5.27e-02
 4.20056e+16	8.38e-01	1.61e-01	1.06e-04	0.00e+00	0.00e+00	0.00e+00	0.00e+00	0.00e+00	0.00e+00	7.12e-01	7.36e-02	5.25e-02
 4.20483e+16	8.45e-01	1.55e-01	9.21e-05	0.00e+00	0.00e+00	0.00e+00	0.00e+00	0.00e+00	0.00e+00	7.20e-01	7.29e-02	5.22e-02
 4.20901e+16	8.52e-01	1.48e-01	8.04e-05	0.00e+00	0.00e+00	0.00e+00	0.00e+00	0.00e+00	0.00e+00	7.28e-01	7.22e-02	5.19e-02
 4.21325e+16	8.58e-01	1.42e-01	6.98e-05	0.00e+00	0.00e+00	0.00e+00	0.00e+00	0.00e+00	0.00e+00	7.35e-01	7.14e-02	5.16e-02
 4.21748e+16	8.64e-01	1.36e-01	6.07e-05	0.00e+00	0.00e+00	0.00e+00	0.00e+00	0.00e+00	0.00e+00	7.42e-01	7.07e-02	5.13e-02
 4.22156e+16	8.70e-01	1.30e-01	5.30e-05	0.00e+00	0.00e+00	0.00e+00	0.00e+00	0.00e+00	0.00e+00	7.49e-01	6.99e-02	5.10e-02
 4.22554e+16	8.76e-01	1.24e-01	4.63e-05	0.00e+00	0.00e+00	0.00e+00	0.00e+00	0.00e+00	0.00e+00	7.56e-01	6.92e-02	5.06e-02
 4.22951e+16	8.81e-01	1.19e-01	4.05e-05	0.00e+00	0.00e+00	0.00e+00	0.00e+00	0.00e+00	0.00e+00	7.62e-01	6.85e-02	5.03e-02
 4.23346e+16	8.86e-01	1.14e-01	3.53e-05	0.00e+00	0.00e+00	0.00e+00	0.00e+00	0.00e+00	0.00e+00	7.69e-01	6.77e-02	4.99e-02
 4.23740e+16	8.91e-01	1.09e-01	3.08e-05	0.00e+00	0.00e+00	0.00e+00	0.00e+00	0.00e+00	0.00e+00	7.75e-01	6.70e-02	4.95e-02
 4.24127e+16	8.96e-01	1.04e-01	2.69e-05	0.00e+00	0.00e+00	0.00e+00	0.00e+00	0.00e+00	0.00e+00	7.80e-01	6.62e-02	4.92e-02
 4.24501e+16	9.00e-01	9.98e-02	2.36e-05	0.00e+00	0.00e+00	0.00e+00	0.00e+00	0.00e+00	0.00e+00	7.86e-01	6.55e-02	4.88e-02
 4.24868e+16	9.04e-01	9.57e-02	2.07e-05	0.00e+00	0.00e+00	0.00e+00	0.00e+00	0.00e+00	0.00e+00	7.91e-01	6.49e-02	4.84e-02
 4.25235e+16	9.08e-01	9.16e-02	1.82e-05	0.00e+00	0.00e+00	0.00e+00	0.00e+00	0.00e+00	0.00e+00	7.96e-01	6.42e-02	4.81e-02
 4.25600e+16	9.12e-01	8.77e-02	1.60e-05	0.00e+00	0.00e+00	0.00e+00	0.00e+00	0.00e+00	0.00e+00	8.01e-01	6.35e-02	4.77e-02
 4.25959e+16	9.16e-01	8.41e-02	1.40e-05	0.00e+00	0.00e+00	0.00e+00	0.00e+00	0.00e+00	0.00e+00	8.06e-01	6.28e-02	4.73e-02
 4.26309e+16	9.19e-01	8.06e-02	1.24e-05	0.00e+00	0.00e+00	0.00e+00	0.00e+00	0.00e+00	0.00e+00	8.10e-01	6.22e-02	4.69e-02
 4.26652e+16	9.23e-01	7.73e-02	1.09e-05	0.00e+00	0.00e+00	0.00e+00	0.00e+00	0.00e+00	0.00e+00	8.15e-01	6.16e-02	4.66e-02
 4.26996e+16	9.26e-01	7.41e-02	9.61e-06	0.00e+00	0.00e+00	0.00e+00	0.00e+00	0.00e+00	0.00e+00	8.19e-01	6.09e-02	4.62e-02
 4.27339e+16	9.29e-01	7.10e-02	8.47e-06	0.00e+00	0.00e+00	0.00e+00	0.00e+00	0.00e+00	0.00e+00	8.23e-01	6.03e-02	4.58e-02
 4.27674e+16	9.32e-01	6.81e-02	7.48e-06	0.00e+00	0.00e+00	0.00e+00	0.00e+00	0.00e+00	0.00e+00	8.27e-01	5.97e-02	4.55e-02
 4.28002e+16	9.35e-01	6.54e-02	6.63e-06	0.00e+00	0.00e+00	0.00e+00	0.00e+00	0.00e+00	0.00e+00	8.30e-01	5.92e-02	4.52e-02
 4.28328e+16	9.37e-01	6.27e-02	5.87e-06	0.00e+00	0.00e+00	0.00e+00	0.00e+00	0.00e+00	0.00e+00	8.34e-01	5.86e-02	4.48e-02
 4.28654e+16	9.40e-01	6.02e-02	5.19e-06	0.00e+00	0.00e+00	0.00e+00	0.00e+00	0.00e+00	0.00e+00	8.37e-01	5.81e-02	4.45e-02
 4.28977e+16	9.42e-01	5.77e-02	4.60e-06	0.00e+00	0.00e+00	0.00e+00	0.00e+00	0.00e+00	0.00e+00	8.41e-01	5.76e-02	4.41e-02
 4.29290e+16	9.45e-01	5.54e-02	4.08e-06	0.00e+00	0.00e+00	0.00e+00	0.00e+00	0.00e+00	0.00e+00	8.44e-01	5.70e-02	4.38e-02
 4.29602e+16	9.47e-01	5.32e-02	3.63e-06	0.00e+00	0.00e+00	0.00e+00	0.00e+00	0.00e+00	0.00e+00	8.47e-01	5.65e-02	4.35e-02
 4.29916e+16	9.49e-01	5.10e-02	3.22e-06	0.00e+00	0.00e+00	0.00e+00	0.00e+00	0.00e+00	0.00e+00	8.50e-01	5.60e-02	4.31e-02
 4.30226e+16	9.51e-01	4.89e-02	2.86e-06	0.00e+00	0.00e+00	0.00e+00	0.00e+00	0.00e+00	0.00e+00	8.53e-01	5.56e-02	4.28e-02
 4.30529e+16	9.53e-01	4.70e-02	2.55e-06	0.00e+00	0.00e+00	0.00e+00	0.00e+00	0.00e+00	0.00e+00	8.55e-01	5.51e-02	4.24e-02
 4.30830e+16	9.55e-01	4.51e-02	2.27e-06	0.00e+00	0.00e+00	0.00e+00	0.00e+00	0.00e+00	0.00e+00	8.58e-01	5.46e-02	4.21e-02
 4.31129e+16	9.57e-01	4.33e-02	2.03e-06	0.00e+00	0.00e+00	0.00e+00	0.00e+00	0.00e+00	0.00e+00	8.61e-01	5.42e-02	4.17e-02
 4.31424e+16	9.58e-01	4.16e-02	1.81e-06	0.00e+00	0.00e+00	0.00e+00	0.00e+00	0.00e+00	0.00e+00	8.63e-01	5.37e-02	4.14e-02
 4.31717e+16	9.60e-01	4.00e-02	1.61e-06	0.00e+00	0.00e+00	0.00e+00	0.00e+00	0.00e+00	0.00e+00	8.66e-01	5.33e-02	4.11e-02
 4.32013e+16	9.62e-01	3.83e-02	1.44e-06	0.00e+00	0.00e+00	0.00e+00	0.00e+00	0.00e+00	0.00e+00	8.68e-01	5.29e-02	4.08e-02
 4.32303e+16	9.63e-01	3.68e-02	1.29e-06	0.00e+00	0.00e+00	0.00e+00	0.00e+00	0.00e+00	0.00e+00	8.70e-01	5.25e-02	4.05e-02
 4.32584e+16	9.65e-01	3.54e-02	1.16e-06	0.00e+00	0.00e+00	0.00e+00	0.00e+00	0.00e+00	0.00e+00	8.72e-01	5.21e-02	4.02e-02
 4.32865e+16	9.66e-01	3.40e-02	1.04e-06	0.00e+00	0.00e+00	0.00e+00	0.00e+00	0.00e+00	0.00e+00	8.74e-01	5.18e-02	3.99e-02
 4.33152e+16	9.67e-01	3.26e-02	9.26e-07	0.00e+00	0.00e+00	0.00e+00	0.00e+00	0.00e+00	0.00e+00	8.76e-01	5.14e-02	3.96e-02
 4.33439e+16	9.69e-01	3.13e-02	8.29e-07	0.00e+00	0.00e+00	0.00e+00	0.00e+00	0.00e+00	0.00e+00	8.78e-01	5.10e-02	3.93e-02
 4.33714e+16	9.70e-01	3.00e-02	7.45e-07	0.00e+00	0.00e+00	0.00e+00	0.00e+00	0.00e+00	0.00e+00	8.80e-01	5.07e-02	3.90e-02
 4.33982e+16	9.71e-01	2.89e-02	6.71e-07	0.00e+00	0.00e+00	0.00e+00	0.00e+00	0.00e+00	0.00e+00	8.82e-01	5.03e-02	3.88e-02
 4.34252e+16	9.72e-01	2.77e-02	6.04e-07	0.00e+00	0.00e+00	0.00e+00	0.00e+00	0.00e+00	0.00e+00	8.84e-01	5.00e-02	3.85e-02
 4.34525e+16	9.73e-01	2.66e-02	5.43e-07	0.00e+00	0.00e+00	0.00e+00	0.00e+00	0.00e+00	0.00e+00	8.85e-01	4.97e-02	3.83e-02
 4.34794e+16	9.74e-01	2.55e-02	4.89e-07	0.00e+00	0.00e+00	0.00e+00	0.00e+00	0.00e+00	0.00e+00	8.87e-01	4.94e-02	3.80e-02
 4.35056e+16	9.76e-01	2.45e-02	4.42e-07	0.00e+00	0.00e+00	0.00e+00	0.00e+00	0.00e+00	0.00e+00	8.89e-01	4.91e-02	3.77e-02
 4.35307e+16	9.76e-01	2.35e-02	4.01e-07	0.00e+00	0.00e+00	0.00e+00	0.00e+00	0.00e+00	0.00e+00	8.90e-01	4.88e-02	3.75e-02
 4.35538e+16	9.77e-01	2.27e-02	3.67e-07	0.00e+00	0.00e+00	0.00e+00	0.00e+00	0.00e+00	0.00e+00	8.91e-01	4.85e-02	3.73e-02
 4.35747e+16	9.78e-01	2.20e-02	3.40e-07	0.00e+00	0.00e+00	0.00e+00	0.00e+00	0.00e+00	0.00e+00	8.93e-01	4.83e-02	3.71e-02
 4.35939e+16	9.79e-01	2.14e-02	3.16e-07	0.00e+00	0.00e+00	0.00e+00	0.00e+00	0.00e+00	0.00e+00	8.94e-01	4.81e-02	3.69e-02
 4.36116e+16	9.79e-01	2.07e-02	2.96e-07	0.00e+00	0.00e+00	0.00e+00	0.00e+00	0.00e+00	0.00e+00	8.95e-01	4.79e-02	3.68e-02
 4.36277e+16	9.80e-01	2.02e-02	2.78e-07	0.00e+00	0.00e+00	0.00e+00	0.00e+00	0.00e+00	0.00e+00	8.95e-01	4.77e-02	3.66e-02
 4.36427e+16	9.80e-01	1.98e-02	2.63e-07	0.00e+00	0.00e+00	0.00e+00	0.00e+00	0.00e+00	0.00e+00	8.96e-01	4.75e-02	3.65e-02
 4.36568e+16	9.81e-01	1.93e-02	2.50e-07	0.00e+00	0.00e+00	0.00e+00	0.00e+00	0.00e+00	0.00e+00	8.97e-01	4.74e-02	3.63e-02
 4.36698e+16	9.81e-01	1.89e-02	2.38e-07	0.00e+00	0.00e+00	0.00e+00	0.00e+00	0.00e+00	0.00e+00	8.98e-01	4.72e-02	3.62e-02
 4.36818e+16	9.81e-01	1.85e-02	2.28e-07	0.00e+00	0.00e+00	0.00e+00	0.00e+00	0.00e+00	0.00e+00	8.98e-01	4.71e-02	3.61e-02
 4.36929e+16	9.82e-01	1.82e-02	2.18e-07	0.00e+00	0.00e+00	0.00e+00	0.00e+00	0.00e+00	0.00e+00	8.99e-01	4.69e-02	3.60e-02
 4.37036e+16	9.82e-01	1.78e-02	2.10e-07	0.00e+00	0.00e+00	0.00e+00	0.00e+00	0.00e+00	0.00e+00	8.99e-01	4.68e-02	3.59e-02
 4.37137e+16	9.82e-01	1.75e-02	2.02e-07	0.00e+00	0.00e+00	0.00e+00	0.00e+00	0.00e+00	0.00e+00	9.00e-01	4.67e-02	3.58e-02
 4.37231e+16	9.83e-01	1.72e-02	1.95e-07	0.00e+00	0.00e+00	0.00e+00	0.00e+00	0.00e+00	0.00e+00	9.01e-01	4.66e-02	3.57e-02
 4.37320e+16	9.83e-01	1.69e-02	1.89e-07	0.00e+00	0.00e+00	0.00e+00	0.00e+00	0.00e+00	0.00e+00	9.01e-01	4.64e-02	3.56e-02
 4.37404e+16	9.83e-01	1.67e-02	1.83e-07	0.00e+00	0.00e+00	0.00e+00	0.00e+00	0.00e+00	0.00e+00	9.02e-01	4.63e-02	3.55e-02
 4.37483e+16	9.84e-01	1.64e-02	1.77e-07	0.00e+00	0.00e+00	0.00e+00	0.00e+00	0.00e+00	0.00e+00	9.02e-01	4.62e-02	3.54e-02
 4.37558e+16	9.84e-01	1.62e-02	1.72e-07	0.00e+00	0.00e+00	0.00e+00	0.00e+00	0.00e+00	0.00e+00	9.02e-01	4.61e-02	3.53e-02
 4.37629e+16	9.84e-01	1.59e-02	1.68e-07	0.00e+00	0.00e+00	0.00e+00	0.00e+00	0.00e+00	0.00e+00	9.03e-01	4.60e-02	3.52e-02
 4.37697e+16	9.84e-01	1.57e-02	1.63e-07	0.00e+00	0.00e+00	0.00e+00	0.00e+00	0.00e+00	0.00e+00	9.03e-01	4.59e-02	3.51e-02
 4.37762e+16	9.85e-01	1.55e-02	1.59e-07	0.00e+00	0.00e+00	0.00e+00	0.00e+00	0.00e+00	0.00e+00	9.04e-01	4.58e-02	3.50e-02
 4.37824e+16	9.85e-01	1.53e-02	1.56e-07	0.00e+00	0.00e+00	0.00e+00	0.00e+00	0.00e+00	0.00e+00	9.04e-01	4.57e-02	3.49e-02
 4.37885e+16	9.85e-01	1.51e-02	1.52e-07	0.00e+00	0.00e+00	0.00e+00	0.00e+00	0.00e+00	0.00e+00	9.04e-01	4.56e-02	3.48e-02
 4.37943e+16	9.85e-01	1.49e-02	1.49e-07	0.00e+00	0.00e+00	0.00e+00	0.00e+00	0.00e+00	0.00e+00	9.05e-01	4.55e-02	3.48e-02
 4.37999e+16	9.85e-01	1.47e-02	1.45e-07	0.00e+00	0.00e+00	0.00e+00	0.00e+00	0.00e+00	0.00e+00	9.05e-01	4.54e-02	3.47e-02
 4.38054e+16	9.86e-01	1.45e-02	1.42e-07	0.00e+00	0.00e+00	0.00e+00	0.00e+00	0.00e+00	0.00e+00	9.06e-01	4.53e-02	3.46e-02
 4.38108e+16	9.86e-01	1.43e-02	1.39e-07	0.00e+00	0.00e+00	0.00e+00	0.00e+00	0.00e+00	0.00e+00	9.06e-01	4.52e-02	3.45e-02
 4.38162e+16	9.86e-01	1.41e-02	1.36e-07	0.00e+00	0.00e+00	0.00e+00	0.00e+00	0.00e+00	0.00e+00	9.06e-01	4.51e-02	3.44e-02
 4.38215e+16	9.86e-01	1.39e-02	1.33e-07	0.00e+00	0.00e+00	0.00e+00	0.00e+00	0.00e+00	0.00e+00	9.07e-01	4.50e-02	3.43e-02
 4.38268e+16	9.86e-01	1.37e-02	1.31e-07	0.00e+00	0.00e+00	0.00e+00	0.00e+00	0.00e+00	0.00e+00	9.07e-01	4.49e-02	3.42e-02
 4.38322e+16	9.87e-01	1.35e-02	1.28e-07	0.00e+00	0.00e+00	0.00e+00	0.00e+00	0.00e+00	0.00e+00	9.08e-01	4.48e-02	3.41e-02
 4.38377e+16	9.87e-01	1.33e-02	1.25e-07	0.00e+00	0.00e+00	0.00e+00	0.00e+00	0.00e+00	0.00e+00	9.08e-01	4.47e-02	3.40e-02
 4.38435e+16	9.87e-01	1.30e-02	1.22e-07	0.00e+00	0.00e+00	0.00e+00	0.00e+00	0.00e+00	0.00e+00	9.09e-01	4.45e-02	3.39e-02
 4.38497e+16	9.87e-01	1.28e-02	1.18e-07	0.00e+00	0.00e+00	0.00e+00	0.00e+00	0.00e+00	0.00e+00	9.09e-01	4.44e-02	3.38e-02
 4.38564e+16	9.88e-01	1.25e-02	1.15e-07	0.00e+00	0.00e+00	0.00e+00	0.00e+00	0.00e+00	0.00e+00	9.10e-01	4.42e-02	3.36e-02
 4.38633e+16	9.88e-01	1.22e-02	1.11e-07	0.00e+00	0.00e+00	0.00e+00	0.00e+00	0.00e+00	0.00e+00	9.10e-01	4.40e-02	3.34e-02
 4.38696e+16	9.88e-01	1.19e-02	1.08e-07	0.00e+00	0.00e+00	0.00e+00	0.00e+00	0.00e+00	0.00e+00	9.11e-01	4.39e-02	3.33e-02
 4.38752e+16	9.88e-01	1.17e-02	1.05e-07	0.00e+00	0.00e+00	0.00e+00	0.00e+00	0.00e+00	0.00e+00	9.12e-01	4.37e-02	3.31e-02
 4.38802e+16	9.89e-01	1.14e-02	1.03e-07	0.00e+00	0.00e+00	0.00e+00	0.00e+00	0.00e+00	0.00e+00	9.12e-01	4.35e-02	3.30e-02
 4.38848e+16	9.89e-01	1.12e-02	1.01e-07	0.00e+00	0.00e+00	0.00e+00	0.00e+00	0.00e+00	0.00e+00	9.13e-01	4.34e-02	3.29e-02
 4.38890e+16	9.89e-01	1.11e-02	9.86e-08	0.00e+00	0.00e+00	0.00e+00	0.00e+00	0.00e+00	0.00e+00	9.13e-01	4.33e-02	3.27e-02
 4.38929e+16	9.89e-01	1.09e-02	9.67e-08	0.00e+00	0.00e+00	0.00e+00	0.00e+00	0.00e+00	0.00e+00	9.13e-01	4.31e-02	3.26e-02
 4.38964e+16	9.89e-01	1.07e-02	9.51e-08	0.00e+00	0.00e+00	0.00e+00	0.00e+00	0.00e+00	0.00e+00	9.14e-01	4.30e-02	3.25e-02
 4.38995e+16	9.89e-01	1.06e-02	9.35e-08	0.00e+00	0.00e+00	0.00e+00	0.00e+00	0.00e+00	0.00e+00	9.14e-01	4.29e-02	3.24e-02
 4.39030e+16	9.90e-01	1.05e-02	9.18e-08	0.00e+00	0.00e+00	0.00e+00	0.00e+00	0.00e+00	0.00e+00	9.14e-01	4.28e-02	3.23e-02
 4.39067e+16	9.90e-01	1.03e-02	9.00e-08	0.00e+00	0.00e+00	0.00e+00	0.00e+00	0.00e+00	0.00e+00	9.15e-01	4.26e-02	3.22e-02
 4.39101e+16	9.90e-01	1.02e-02	8.83e-08	0.00e+00	0.00e+00	0.00e+00	0.00e+00	0.00e+00	0.00e+00	9.15e-01	4.25e-02	3.21e-02
 4.39132e+16	9.90e-01	1.00e-02	8.69e-08	0.00e+00	0.00e+00	0.00e+00	0.00e+00	0.00e+00	0.00e+00	9.16e-01	4.24e-02	3.20e-02
 4.39166e+16	9.90e-01	9.88e-03	8.52e-08	0.00e+00	0.00e+00	0.00e+00	0.00e+00	0.00e+00	0.00e+00	9.16e-01	4.22e-02	3.19e-02
 4.39203e+16	9.90e-01	9.72e-03	8.34e-08	0.00e+00	0.00e+00	0.00e+00	0.00e+00	0.00e+00	0.00e+00	9.16e-01	4.21e-02	3.17e-02
 4.39237e+16	9.90e-01	9.59e-03	8.19e-08	0.00e+00	0.00e+00	0.00e+00	0.00e+00	0.00e+00	0.00e+00	9.17e-01	4.19e-02	3.16e-02
 4.39273e+16	9.91e-01	9.44e-03	8.01e-08	0.00e+00	0.00e+00	0.00e+00	0.00e+00	0.00e+00	0.00e+00	9.17e-01	4.18e-02	3.15e-02
 4.39313e+16	9.91e-01	9.28e-03	7.83e-08	0.00e+00	0.00e+00	0.00e+00	0.00e+00	0.00e+00	0.00e+00	9.18e-01	4.16e-02	3.14e-02
 4.39349e+16	9.91e-01	9.14e-03	7.66e-08	0.00e+00	0.00e+00	0.00e+00	0.00e+00	0.00e+00	0.00e+00	9.18e-01	4.15e-02	3.12e-02
 4.39381e+16	9.91e-01	9.02e-03	7.52e-08	0.00e+00	0.00e+00	0.00e+00	0.00e+00	0.00e+00	0.00e+00	9.19e-01	4.13e-02	3.11e-02
 4.39417e+16	9.91e-01	8.91e-03	7.37e-08	0.00e+00	0.00e+00	0.00e+00	0.00e+00	0.00e+00	0.00e+00	9.19e-01	4.12e-02	3.10e-02
 4.39464e+16	9.91e-01	8.77e-03	7.17e-08	0.00e+00	0.00e+00	0.00e+00	0.00e+00	0.00e+00	0.00e+00	9.19e-01	4.11e-02	3.09e-02
 4.39514e+16	9.91e-01	8.61e-03	6.97e-08	0.00e+00	0.00e+00	0.00e+00	0.00e+00	0.00e+00	0.00e+00	9.20e-01	4.09e-02	3.08e-02
 4.39560e+16	9.92e-01	8.47e-03	6.79e-08	0.00e+00	0.00e+00	0.00e+00	0.00e+00	0.00e+00	0.00e+00	9.20e-01	4.08e-02	3.07e-02
 4.39602e+16	9.92e-01	8.35e-03	6.63e-08	0.00e+00	0.00e+00	0.00e+00	0.00e+00	0.00e+00	0.00e+00	9.20e-01	4.06e-02	3.05e-02
 4.39640e+16	9.92e-01	8.23e-03	6.48e-08	0.00e+00	0.00e+00	0.00e+00	0.00e+00	0.00e+00	0.00e+00	9.21e-01	4.05e-02	3.04e-02
 4.39681e+16	9.92e-01	8.11e-03	6.32e-08	0.00e+00	0.00e+00	0.00e+00	0.00e+00	0.00e+00	0.00e+00	9.21e-01	4.04e-02	3.03e-02
 4.39726e+16	9.92e-01	7.98e-03	6.15e-08	0.00e+00	0.00e+00	0.00e+00	0.00e+00	0.00e+00	0.00e+00	9.22e-01	4.02e-02	3.02e-02
 4.39767e+16	9.92e-01	7.86e-03	6.00e-08	0.00e+00	0.00e+00	0.00e+00	0.00e+00	0.00e+00	0.00e+00	9.22e-01	4.01e-02	3.01e-02
 4.39812e+16	9.92e-01	7.73e-03	5.84e-08	0.00e+00	0.00e+00	0.00e+00	0.00e+00	0.00e+00	0.00e+00	9.22e-01	3.99e-02	2.99e-02
 4.39860e+16	9.92e-01	7.59e-03	5.66e-08	0.00e+00	0.00e+00	0.00e+00	0.00e+00	0.00e+00	0.00e+00	9.23e-01	3.98e-02	2.98e-02
 4.39904e+16	9.93e-01	7.46e-03	5.51e-08	0.00e+00	0.00e+00	0.00e+00	0.00e+00	0.00e+00	0.00e+00	9.23e-01	3.96e-02	2.96e-02
 4.39944e+16	9.93e-01	7.35e-03	5.37e-08	0.00e+00	0.00e+00	0.00e+00	0.00e+00	0.00e+00	0.00e+00	9.24e-01	3.95e-02	2.95e-02
 4.39988e+16	9.93e-01	7.21e-03	5.20e-08	0.00e+00	0.00e+00	0.00e+00	0.00e+00	0.00e+00	0.00e+00	9.24e-01	3.93e-02	2.94e-02
