#depth	H	H+	H2
 9.88440e+11	1.22e-03	9.99e-01	4.17e-13
 5.93064e+12	1.22e-03	9.99e-01	4.17e-13
 2.56994e+13	1.22e-03	9.99e-01	4.19e-13
 1.04775e+14	1.22e-03	9.99e-01	4.26e-13
 2.50273e+14	1.20e-03	9.99e-01	4.33e-13
 4.39421e+14	1.20e-03	9.99e-01	4.44e-13
 6.85313e+14	1.19e-03	9.99e-01	4.63e-13
 1.00497e+15	1.20e-03	9.99e-01	4.90e-13
 1.42053e+15	1.22e-03	9.99e-01	5.30e-13
 1.96076e+15	1.25e-03	9.99e-01	5.88e-13
 2.55997e+15	1.28e-03	9.99e-01	6.55e-13
 3.12785e+15	1.32e-03	9.99e-01	7.27e-13
 3.62457e+15	1.36e-03	9.99e-01	7.99e-13
 4.13682e+15	1.42e-03	9.99e-01	8.87e-13
 4.80276e+15	1.50e-03	9.98e-01	1.02e-12
 5.66847e+15	1.63e-03	9.98e-01	1.20e-12
 6.79389e+15	1.81e-03	9.98e-01	1.49e-12
 7.99017e+15	2.01e-03	9.98e-01	1.83e-12
 9.07222e+15	2.22e-03	9.98e-01	2.19e-12
 1.02725e+16	2.49e-03	9.98e-01	2.65e-12
 1.14985e+16	2.79e-03	9.97e-01	3.21e-12
 1.26484e+16	3.11e-03	9.97e-01	3.78e-12
 1.39132e+16	3.50e-03	9.97e-01	4.49e-12
 1.48969e+16	3.82e-03	9.96e-01	5.19e-12
 1.54392e+16	4.02e-03	9.96e-01	5.60e-12
 1.59477e+16	4.22e-03	9.96e-01	5.94e-12
 1.66088e+16	4.49e-03	9.96e-01	6.43e-12
 1.73381e+16	4.81e-03	9.95e-01	7.02e-12
 1.80047e+16	5.12e-03	9.95e-01	7.60e-12
 1.86171e+16	5.42e-03	9.95e-01	8.16e-12
 1.93102e+16	5.79e-03	9.94e-01	8.75e-12
 2.00500e+16	6.22e-03	9.94e-01	9.50e-12
 2.06903e+16	6.61e-03	9.93e-01	1.02e-11
 2.12695e+16	7.00e-03	9.93e-01	1.08e-11
 2.19297e+16	7.46e-03	9.93e-01	1.15e-11
 2.26451e+16	8.01e-03	9.92e-01	1.23e-11
 2.32762e+16	8.54e-03	9.91e-01	1.32e-11
 2.38428e+16	9.06e-03	9.91e-01	1.40e-11
 2.44812e+16	9.68e-03	9.90e-01	1.46e-11
 2.51747e+16	1.04e-02	9.90e-01	1.56e-11
 2.57894e+16	1.12e-02	9.89e-01	1.66e-11
 2.63411e+16	1.19e-02	9.88e-01	1.74e-11
 2.69614e+16	1.27e-02	9.87e-01	1.82e-11
 2.76373e+16	1.38e-02	9.86e-01	1.93e-11
 2.82304e+16	1.49e-02	9.85e-01	2.04e-11
 2.87446e+16	1.59e-02	9.84e-01	2.14e-11
 2.93119e+16	1.71e-02	9.83e-01	2.21e-11
 2.99424e+16	1.86e-02	9.81e-01	2.33e-11
 3.05116e+16	2.02e-02	9.80e-01	2.47e-11
 3.10068e+16	2.18e-02	9.78e-01	2.59e-11
 3.15490e+16	2.37e-02	9.76e-01	2.68e-11
 3.21357e+16	2.61e-02	9.74e-01	2.84e-11
 3.26366e+16	2.85e-02	9.72e-01	3.01e-11
 3.30547e+16	3.07e-02	9.69e-01	3.15e-11
 3.35088e+16	3.35e-02	9.66e-01	3.28e-11
 3.40105e+16	3.71e-02	9.63e-01	3.48e-11
 3.44559e+16	4.10e-02	9.59e-01	3.72e-11
 3.48342e+16	4.49e-02	9.55e-01	3.97e-11
 3.52438e+16	4.95e-02	9.50e-01	4.18e-11
 3.56941e+16	5.59e-02	9.44e-01	4.55e-11
 3.60884e+16	6.29e-02	9.37e-01	4.99e-11
 3.64196e+16	6.96e-02	9.30e-01	5.40e-11
 3.67771e+16	7.83e-02	9.22e-01	5.89e-11
 3.71290e+16	8.89e-02	9.11e-01	6.60e-11
 3.73831e+16	9.80e-02	9.02e-01	7.24e-11
 3.75818e+16	1.06e-01	8.94e-01	7.80e-11
 3.77985e+16	1.16e-01	8.84e-01	8.45e-11
 3.80390e+16	1.29e-01	8.71e-01	9.38e-11
 3.82518e+16	1.42e-01	8.58e-01	1.04e-10
 3.84293e+16	1.55e-01	8.45e-01	1.14e-10
 3.85925e+16	1.68e-01	8.32e-01	1.24e-10
 3.87775e+16	1.83e-01	8.17e-01	1.36e-10
 3.89748e+16	2.03e-01	7.97e-01	1.53e-10
 3.91403e+16	2.22e-01	7.78e-01	1.70e-10
 3.92780e+16	2.38e-01	7.62e-01	1.86e-10
 3.94277e+16	2.59e-01	7.41e-01	2.06e-10
 3.95912e+16	2.83e-01	7.17e-01	2.31e-10
 3.97348e+16	3.06e-01	6.94e-01	2.57e-10
 3.98590e+16	3.27e-01	6.73e-01	2.81e-10
 3.99939e+16	3.52e-01	6.48e-01	3.11e-10
 4.01405e+16	3.82e-01	6.18e-01	3.49e-10
 4.02728e+16	4.10e-01	5.90e-01	3.89e-10
 4.03902e+16	4.35e-01	5.65e-01	4.27e-10
 4.05007e+16	4.61e-01	5.39e-01	4.68e-10
 4.06084e+16	4.86e-01	5.14e-01	5.11e-10
 4.07089e+16	5.11e-01	4.89e-01	5.57e-10
 4.07998e+16	5.32e-01	4.68e-01	5.99e-10
 4.08706e+16	5.49e-01	4.51e-01	6.35e-10
 4.09174e+16	5.60e-01	4.40e-01	6.59e-10
 4.09620e+16	5.70e-01	4.30e-01	6.83e-10
 4.10154e+16	5.83e-01	4.17e-01	7.15e-10
 4.10723e+16	5.97e-01	4.03e-01	7.48e-10
 4.11252e+16	6.10e-01	3.90e-01	7.83e-10
 4.11737e+16	6.21e-01	3.79e-01	8.12e-10
 4.12220e+16	6.33e-01	3.67e-01	8.47e-10
 4.12722e+16	6.46e-01	3.54e-01	8.83e-10
 4.13216e+16	6.58e-01	3.42e-01	9.20e-10
 4.13693e+16	6.69e-01	3.31e-01	9.55e-10
 4.14169e+16	6.80e-01	3.20e-01	9.96e-10
 4.14644e+16	6.91e-01	3.09e-01	1.03e-09
 4.15114e+16	7.03e-01	2.97e-01	1.08e-09
 4.15579e+16	7.13e-01	2.87e-01	1.12e-09
 4.16043e+16	7.24e-01	2.76e-01	1.16e-09
 4.16507e+16	7.34e-01	2.66e-01	1.21e-09
 4.16959e+16	7.44e-01	2.56e-01	1.25e-09
 4.17404e+16	7.53e-01	2.47e-01	1.30e-09
 4.17856e+16	7.63e-01	2.37e-01	1.35e-09
 4.18304e+16	7.72e-01	2.28e-01	1.40e-09
 4.18744e+16	7.81e-01	2.19e-01	1.45e-09
 4.19180e+16	7.90e-01	2.10e-01	1.50e-09
 4.19617e+16	7.98e-01	2.02e-01	1.56e-09
 4.20056e+16	8.07e-01	1.93e-01	1.62e-09
 4.20483e+16	8.15e-01	1.85e-01	1.68e-09
 4.20901e+16	8.22e-01	1.78e-01	1.74e-09
 4.21325e+16	8.30e-01	1.70e-01	1.81e-09
 4.21748e+16	8.37e-01	1.63e-01	1.87e-09
 4.22156e+16	8.44e-01	1.56e-01	1.94e-09
 4.22554e+16	8.50e-01	1.50e-01	2.00e-09
 4.22951e+16	8.56e-01	1.44e-01	2.08e-09
 4.23346e+16	8.62e-01	1.38e-01	2.15e-09
 4.23740e+16	8.68e-01	1.32e-01	2.23e-09
 4.24127e+16	8.73e-01	1.27e-01	2.31e-09
 4.24501e+16	8.78e-01	1.22e-01	2.38e-09
 4.24868e+16	8.83e-01	1.17e-01	2.47e-09
 4.25235e+16	8.88e-01	1.12e-01	2.56e-09
 4.25600e+16	8.93e-01	1.07e-01	2.65e-09
 4.25959e+16	8.97e-01	1.03e-01	2.74e-09
 4.26309e+16	9.01e-01	9.87e-02	2.85e-09
 4.26652e+16	9.05e-01	9.47e-02	2.95e-09
 4.26996e+16	9.09e-01	9.09e-02	3.06e-09
 4.27339e+16	9.13e-01	8.72e-02	3.18e-09
 4.27674e+16	9.16e-01	8.37e-02	3.30e-09
 4.28002e+16	9.20e-01	8.04e-02	3.43e-09
 4.28328e+16	9.23e-01	7.72e-02	3.56e-09
 4.28654e+16	9.26e-01	7.41e-02	3.70e-09
 4.28977e+16	9.29e-01	7.12e-02	3.86e-09
 4.29290e+16	9.32e-01	6.83e-02	4.02e-09
 4.29602e+16	9.34e-01	6.57e-02	4.20e-09
 4.29916e+16	9.37e-01	6.31e-02	4.38e-09
 4.30226e+16	9.39e-01	6.06e-02	4.58e-09
 4.30529e+16	9.42e-01	5.82e-02	4.79e-09
 4.30830e+16	9.44e-01	5.59e-02	5.03e-09
 4.31129e+16	9.46e-01	5.38e-02	5.30e-09
 4.31424e+16	9.48e-01	5.16e-02	5.58e-09
 4.31717e+16	9.50e-01	4.96e-02	5.89e-09
 4.32013e+16	9.52e-01	4.76e-02	6.26e-09
 4.32303e+16	9.54e-01	4.58e-02	6.63e-09
 4.32584e+16	9.56e-01	4.41e-02	7.01e-09
 4.32865e+16	9.58e-01	4.24e-02	7.50e-09
 4.33152e+16	9.59e-01	4.07e-02	8.05e-09
 4.33439e+16	9.61e-01	3.90e-02	8.69e-09
 4.33714e+16	9.62e-01	3.75e-02	9.39e-09
 4.33982e+16	9.64e-01	3.61e-02	1.02e-08
 4.34252e+16	9.65e-01	3.47e-02	1.12e-08
 4.34525e+16	9.67e-01	3.33e-02	1.23e-08
 4.34794e+16	9.68e-01	3.20e-02	1.37e-08
 4.35056e+16	9.69e-01	3.07e-02	1.53e-08
 4.35307e+16	9.70e-01	2.96e-02	1.72e-08
 4.35538e+16	9.71e-01	2.86e-02	1.94e-08
 4.35747e+16	9.72e-01	2.77e-02	2.17e-08
 4.35939e+16	9.73e-01	2.69e-02	2.43e-08
 4.36116e+16	9.74e-01	2.62e-02	2.74e-08
 4.36277e+16	9.74e-01	2.55e-02	3.06e-08
 4.36427e+16	9.75e-01	2.50e-02	3.43e-08
 4.36568e+16	9.76e-01	2.44e-02	3.85e-08
 4.36698e+16	9.76e-01	2.39e-02	4.31e-08
 4.36818e+16	9.77e-01	2.35e-02	4.82e-08
 4.36929e+16	9.77e-01	2.30e-02	5.38e-08
 4.37036e+16	9.77e-01	2.26e-02	6.03e-08
 4.37137e+16	9.78e-01	2.22e-02	6.75e-08
 4.37231e+16	9.78e-01	2.19e-02	7.55e-08
 4.37320e+16	9.78e-01	2.15e-02	8.44e-08
 4.37404e+16	9.79e-01	2.12e-02	9.45e-08
 4.37483e+16	9.79e-01	2.09e-02	1.06e-07
 4.37558e+16	9.79e-01	2.06e-02	1.18e-07
 4.37629e+16	9.80e-01	2.03e-02	1.32e-07
 4.37697e+16	9.80e-01	2.00e-02	1.47e-07
 4.37762e+16	9.80e-01	1.98e-02	1.64e-07
 4.37824e+16	9.80e-01	1.95e-02	1.83e-07
 4.37885e+16	9.81e-01	1.93e-02	2.04e-07
 4.37943e+16	9.81e-01	1.90e-02	2.28e-07
 4.37999e+16	9.81e-01	1.88e-02	2.53e-07
 4.38054e+16	9.81e-01	1.86e-02	2.82e-07
 4.38108e+16	9.82e-01	1.83e-02	3.14e-07
 4.38162e+16	9.82e-01	1.81e-02	3.48e-07
 4.38215e+16	9.82e-01	1.79e-02	3.88e-07
 4.38268e+16	9.82e-01	1.76e-02	4.30e-07
 4.38322e+16	9.83e-01	1.74e-02	4.75e-07
 4.38377e+16	9.83e-01	1.71e-02	5.24e-07
 4.38435e+16	9.83e-01	1.68e-02	5.79e-07
 4.38497e+16	9.83e-01	1.65e-02	6.37e-07
 4.38564e+16	9.84e-01	1.62e-02	6.97e-07
 4.38633e+16	9.84e-01	1.58e-02	7.53e-07
 4.38696e+16	9.85e-01	1.55e-02	7.95e-07
 4.38752e+16	9.85e-01	1.52e-02	8.29e-07
 4.38802e+16	9.85e-01	1.50e-02	8.55e-07
 4.38848e+16	9.85e-01	1.47e-02	8.75e-07
 4.38890e+16	9.85e-01	1.45e-02	8.91e-07
 4.38929e+16	9.86e-01	1.43e-02	9.05e-07
 4.38964e+16	9.86e-01	1.41e-02	9.16e-07
 4.38995e+16	9.86e-01	1.40e-02	9.26e-07
 4.39030e+16	9.86e-01	1.38e-02	9.37e-07
 4.39067e+16	9.86e-01	1.36e-02	9.48e-07
 4.39101e+16	9.87e-01	1.34e-02	9.58e-07
 4.39132e+16	9.87e-01	1.33e-02	9.67e-07
 4.39166e+16	9.87e-01	1.31e-02	9.77e-07
 4.39203e+16	9.87e-01	1.29e-02	9.89e-07
 4.39237e+16	9.87e-01	1.28e-02	9.99e-07
 4.39273e+16	9.87e-01	1.26e-02	1.01e-06
 4.39313e+16	9.88e-01	1.24e-02	1.02e-06
 4.39349e+16	9.88e-01	1.23e-02	1.04e-06
 4.39381e+16	9.88e-01	1.21e-02	1.05e-06
 4.39417e+16	9.88e-01	1.20e-02	1.06e-06
 4.39464e+16	9.88e-01	1.18e-02	1.07e-06
 4.39514e+16	9.88e-01	1.16e-02	1.09e-06
 4.39560e+16	9.89e-01	1.15e-02	1.10e-06
 4.39602e+16	9.89e-01	1.13e-02	1.11e-06
 4.39640e+16	9.89e-01	1.12e-02	1.13e-06
 4.39681e+16	9.89e-01	1.11e-02	1.14e-06
 4.39726e+16	9.89e-01	1.09e-02	1.16e-06
 4.39767e+16	9.89e-01	1.08e-02	1.17e-06
 4.39812e+16	9.89e-01	1.06e-02	1.19e-06
 4.39860e+16	9.90e-01	1.04e-02	1.21e-06
 4.39904e+16	9.90e-01	1.03e-02	1.22e-06
 4.39944e+16	9.90e-01	1.02e-02	1.24e-06
 4.39988e+16	9.90e-01	9.99e-03	1.26e-06
