#depth	He	He+	He+2
 9.88440e+11	2.35e-04	3.27e-01	6.72e-01
 5.93064e+12	2.35e-04	3.28e-01	6.72e-01
 2.56994e+13	2.37e-04	3.29e-01	6.71e-01
 1.04775e+14	2.42e-04	3.35e-01	6.65e-01
 2.50273e+14	2.47e-04	3.39e-01	6.61e-01
 4.39421e+14	2.58e-04	3.49e-01	6.51e-01
 6.85313e+14	2.74e-04	3.66e-01	6.34e-01
 1.00497e+15	3.01e-04	3.93e-01	6.07e-01
 1.42053e+15	3.42e-04	4.35e-01	5.64e-01
 1.96076e+15	4.07e-04	5.02e-01	4.98e-01
 2.55997e+15	4.91e-04	5.87e-01	4.12e-01
 3.12785e+15	5.81e-04	6.76e-01	3.23e-01
 3.62457e+15	6.65e-04	7.54e-01	2.46e-01
 4.13682e+15	7.49e-04	8.24e-01	1.75e-01
 4.80276e+15	8.46e-04	8.93e-01	1.06e-01
 5.66847e+15	9.49e-04	9.47e-01	5.16e-02
 6.79389e+15	1.06e-03	9.80e-01	1.93e-02
 7.99017e+15	1.16e-03	9.92e-01	6.87e-03
 9.07222e+15	1.25e-03	9.96e-01	2.85e-03
 1.02725e+16	1.37e-03	9.97e-01	1.15e-03
 1.14985e+16	1.48e-03	9.98e-01	4.85e-04
 1.26484e+16	1.61e-03	9.98e-01	2.28e-04
 1.39132e+16	1.76e-03	9.98e-01	1.04e-04
 1.48969e+16	1.87e-03	9.98e-01	6.13e-05
 1.54392e+16	1.94e-03	9.98e-01	4.60e-05
 1.59477e+16	2.02e-03	9.98e-01	3.47e-05
 1.66088e+16	2.11e-03	9.98e-01	2.44e-05
 1.73381e+16	2.22e-03	9.98e-01	1.70e-05
 1.80047e+16	2.33e-03	9.98e-01	1.24e-05
 1.86171e+16	2.43e-03	9.98e-01	9.37e-06
 1.93102e+16	2.56e-03	9.97e-01	6.83e-06
 2.00500e+16	2.70e-03	9.97e-01	5.02e-06
 2.06903e+16	2.83e-03	9.97e-01	3.90e-06
 2.12695e+16	2.95e-03	9.97e-01	3.12e-06
 2.19297e+16	3.10e-03	9.97e-01	2.42e-06
 2.26451e+16	3.27e-03	9.97e-01	1.88e-06
 2.32762e+16	3.43e-03	9.97e-01	1.52e-06
 2.38428e+16	3.59e-03	9.96e-01	1.27e-06
 2.44812e+16	3.78e-03	9.96e-01	1.03e-06
 2.51747e+16	3.99e-03	9.96e-01	8.40e-07
 2.57894e+16	4.20e-03	9.96e-01	7.07e-07
 2.63411e+16	4.41e-03	9.96e-01	6.08e-07
 2.69614e+16	4.65e-03	9.95e-01	5.13e-07
 2.76373e+16	4.94e-03	9.95e-01	4.33e-07
 2.82304e+16	5.23e-03	9.95e-01	3.76e-07
 2.87446e+16	5.50e-03	9.94e-01	3.34e-07
 2.93119e+16	5.82e-03	9.94e-01	2.92e-07
 2.99424e+16	6.22e-03	9.94e-01	2.55e-07
 3.05116e+16	6.63e-03	9.93e-01	2.26e-07
 3.10068e+16	7.03e-03	9.93e-01	2.05e-07
 3.15490e+16	7.50e-03	9.92e-01	1.83e-07
 3.21357e+16	8.10e-03	9.92e-01	1.64e-07
 3.26366e+16	8.69e-03	9.91e-01	1.49e-07
 3.30547e+16	9.24e-03	9.91e-01	1.39e-07
 3.35088e+16	9.92e-03	9.90e-01	1.27e-07
 3.40105e+16	1.08e-02	9.89e-01	1.17e-07
 3.44559e+16	1.17e-02	9.88e-01	1.08e-07
 3.48342e+16	1.26e-02	9.87e-01	1.02e-07
 3.52438e+16	1.37e-02	9.86e-01	9.48e-08
 3.56941e+16	1.51e-02	9.85e-01	8.80e-08
 3.60884e+16	1.67e-02	9.83e-01	8.26e-08
 3.64196e+16	1.82e-02	9.82e-01	7.86e-08
 3.67771e+16	2.02e-02	9.80e-01	7.40e-08
 3.71290e+16	2.25e-02	9.77e-01	7.03e-08
 3.73831e+16	2.45e-02	9.75e-01	6.77e-08
 3.75818e+16	2.64e-02	9.74e-01	6.57e-08
 3.77985e+16	2.87e-02	9.71e-01	6.34e-08
 3.80390e+16	3.16e-02	9.68e-01	6.11e-08
 3.82518e+16	3.46e-02	9.65e-01	5.94e-08
 3.84293e+16	3.76e-02	9.62e-01	5.78e-08
 3.85925e+16	4.07e-02	9.59e-01	5.65e-08
 3.87775e+16	4.47e-02	9.55e-01	5.51e-08
 3.89748e+16	4.95e-02	9.51e-01	5.38e-08
 3.91403e+16	5.42e-02	9.46e-01	5.28e-08
 3.92780e+16	5.88e-02	9.41e-01	5.20e-08
 3.94277e+16	6.45e-02	9.35e-01	5.11e-08
 3.95912e+16	7.16e-02	9.28e-01	5.03e-08
 3.97348e+16	7.86e-02	9.21e-01	4.98e-08
 3.98590e+16	8.53e-02	9.15e-01	4.95e-08
 3.99939e+16	9.39e-02	9.06e-01	4.90e-08
 4.01405e+16	1.04e-01	8.96e-01	4.88e-08
 4.02728e+16	1.15e-01	8.85e-01	4.87e-08
 4.03902e+16	1.26e-01	8.74e-01	4.87e-08
 4.05007e+16	1.37e-01	8.63e-01	4.86e-08
 4.06084e+16	1.49e-01	8.51e-01	4.88e-08
 4.07089e+16	1.62e-01	8.38e-01	4.89e-08
 4.07998e+16	1.74e-01	8.26e-01	4.92e-08
 4.08706e+16	1.84e-01	8.16e-01	4.95e-08
 4.09174e+16	1.91e-01	8.09e-01	4.96e-08
 4.09620e+16	1.98e-01	8.01e-01	4.96e-08
 4.10154e+16	2.08e-01	7.92e-01	4.96e-08
 4.10723e+16	2.17e-01	7.83e-01	4.99e-08
 4.11252e+16	2.27e-01	7.73e-01	5.01e-08
 4.11737e+16	2.36e-01	7.64e-01	5.04e-08
 4.12220e+16	2.46e-01	7.54e-01	5.05e-08
 4.12722e+16	2.56e-01	7.44e-01	5.07e-08
 4.13216e+16	2.67e-01	7.33e-01	5.09e-08
 4.13693e+16	2.77e-01	7.23e-01	5.12e-08
 4.14169e+16	2.89e-01	7.11e-01	5.14e-08
 4.14644e+16	3.00e-01	7.00e-01	5.17e-08
 4.15114e+16	3.12e-01	6.88e-01	5.19e-08
 4.15579e+16	3.23e-01	6.77e-01	5.22e-08
 4.16043e+16	3.36e-01	6.64e-01	5.24e-08
 4.16507e+16	3.48e-01	6.52e-01	5.26e-08
 4.16959e+16	3.61e-01	6.39e-01	5.29e-08
 4.17404e+16	3.73e-01	6.27e-01	5.32e-08
 4.17856e+16	3.87e-01	6.13e-01	5.33e-08
 4.18304e+16	4.00e-01	6.00e-01	5.36e-08
 4.18744e+16	4.14e-01	5.86e-01	5.37e-08
 4.19180e+16	4.28e-01	5.72e-01	5.40e-08
 4.19617e+16	4.42e-01	5.58e-01	5.41e-08
 4.20056e+16	4.56e-01	5.44e-01	5.42e-08
 4.20483e+16	4.70e-01	5.30e-01	5.44e-08
 4.20901e+16	4.84e-01	5.16e-01	5.45e-08
 4.21325e+16	4.99e-01	5.01e-01	5.45e-08
 4.21748e+16	5.13e-01	4.87e-01	5.47e-08
 4.22156e+16	5.28e-01	4.72e-01	5.46e-08
 4.22554e+16	5.41e-01	4.59e-01	5.47e-08
 4.22951e+16	5.55e-01	4.45e-01	5.47e-08
 4.23346e+16	5.69e-01	4.31e-01	5.46e-08
 4.23740e+16	5.83e-01	4.17e-01	5.45e-08
 4.24127e+16	5.97e-01	4.03e-01	5.45e-08
 4.24501e+16	6.10e-01	3.90e-01	5.44e-08
 4.24868e+16	6.23e-01	3.77e-01	5.42e-08
 4.25235e+16	6.36e-01	3.64e-01	5.40e-08
 4.25600e+16	6.48e-01	3.52e-01	5.39e-08
 4.25959e+16	6.60e-01	3.40e-01	5.37e-08
 4.26309e+16	6.72e-01	3.28e-01	5.35e-08
 4.26652e+16	6.84e-01	3.16e-01	5.32e-08
 4.26996e+16	6.95e-01	3.05e-01	5.29e-08
 4.27339e+16	7.06e-01	2.94e-01	5.26e-08
 4.27674e+16	7.17e-01	2.83e-01	5.23e-08
 4.28002e+16	7.27e-01	2.73e-01	5.20e-08
 4.28328e+16	7.38e-01	2.62e-01	5.16e-08
 4.28654e+16	7.48e-01	2.52e-01	5.13e-08
 4.28977e+16	7.57e-01	2.43e-01	5.10e-08
 4.29290e+16	7.66e-01	2.34e-01	5.05e-08
 4.29602e+16	7.75e-01	2.25e-01	5.01e-08
 4.29916e+16	7.84e-01	2.16e-01	4.97e-08
 4.30226e+16	7.92e-01	2.08e-01	4.92e-08
 4.30529e+16	8.01e-01	1.99e-01	4.88e-08
 4.30830e+16	8.08e-01	1.92e-01	4.83e-08
 4.31129e+16	8.16e-01	1.84e-01	4.79e-08
 4.31424e+16	8.23e-01	1.77e-01	4.73e-08
 4.31717e+16	8.30e-01	1.70e-01	4.68e-08
 4.32013e+16	8.37e-01	1.63e-01	4.63e-08
 4.32303e+16	8.44e-01	1.56e-01	4.58e-08
 4.32584e+16	8.50e-01	1.50e-01	4.53e-08
 4.32865e+16	8.56e-01	1.44e-01	4.46e-08
 4.33152e+16	8.62e-01	1.38e-01	4.40e-08
 4.33439e+16	8.67e-01	1.33e-01	4.35e-08
 4.33714e+16	8.73e-01	1.27e-01	4.29e-08
 4.33982e+16	8.78e-01	1.22e-01	4.23e-08
 4.34252e+16	8.83e-01	1.17e-01	4.17e-08
 4.34525e+16	8.88e-01	1.12e-01	4.10e-08
 4.34794e+16	8.92e-01	1.08e-01	4.04e-08
 4.35056e+16	8.97e-01	1.03e-01	3.98e-08
 4.35307e+16	9.01e-01	9.94e-02	3.91e-08
 4.35538e+16	9.04e-01	9.58e-02	3.85e-08
 4.35747e+16	9.07e-01	9.27e-02	3.79e-08
 4.35939e+16	9.10e-01	8.97e-02	3.73e-08
 4.36116e+16	9.13e-01	8.71e-02	3.67e-08
 4.36277e+16	9.15e-01	8.48e-02	3.62e-08
 4.36427e+16	9.17e-01	8.26e-02	3.57e-08
 4.36568e+16	9.19e-01	8.06e-02	3.52e-08
 4.36698e+16	9.21e-01	7.88e-02	3.47e-08
 4.36818e+16	9.23e-01	7.72e-02	3.43e-08
 4.36929e+16	9.24e-01	7.57e-02	3.39e-08
 4.37036e+16	9.26e-01	7.43e-02	3.35e-08
 4.37137e+16	9.27e-01	7.30e-02	3.31e-08
 4.37231e+16	9.28e-01	7.17e-02	3.27e-08
 4.37320e+16	9.29e-01	7.06e-02	3.24e-08
 4.37404e+16	9.30e-01	6.95e-02	3.21e-08
 4.37483e+16	9.31e-01	6.85e-02	3.17e-08
 4.37558e+16	9.32e-01	6.76e-02	3.14e-08
 4.37629e+16	9.33e-01	6.67e-02	3.11e-08
 4.37697e+16	9.34e-01	6.59e-02	3.08e-08
 4.37762e+16	9.35e-01	6.51e-02	3.05e-08
 4.37824e+16	9.36e-01	6.43e-02	3.03e-08
 4.37885e+16	9.36e-01	6.36e-02	3.00e-08
 4.37943e+16	9.37e-01	6.29e-02	2.97e-08
 4.37999e+16	9.38e-01	6.22e-02	2.94e-08
 4.38054e+16	9.38e-01	6.15e-02	2.92e-08
 4.38108e+16	9.39e-01	6.09e-02	2.89e-08
 4.38162e+16	9.40e-01	6.02e-02	2.87e-08
 4.38215e+16	9.40e-01	5.96e-02	2.84e-08
 4.38268e+16	9.41e-01	5.89e-02	2.81e-08
 4.38322e+16	9.42e-01	5.83e-02	2.78e-08
 4.38377e+16	9.42e-01	5.76e-02	2.75e-08
 4.38435e+16	9.43e-01	5.69e-02	2.71e-08
 4.38497e+16	9.44e-01	5.62e-02	2.68e-08
 4.38564e+16	9.45e-01	5.53e-02	2.64e-08
 4.38633e+16	9.45e-01	5.45e-02	2.59e-08
 4.38696e+16	9.46e-01	5.37e-02	2.55e-08
 4.38752e+16	9.47e-01	5.31e-02	2.52e-08
 4.38802e+16	9.48e-01	5.25e-02	2.49e-08
 4.38848e+16	9.48e-01	5.19e-02	2.46e-08
 4.38890e+16	9.49e-01	5.14e-02	2.43e-08
 4.38929e+16	9.49e-01	5.09e-02	2.40e-08
 4.38964e+16	9.50e-01	5.05e-02	2.38e-08
 4.38995e+16	9.50e-01	5.00e-02	2.35e-08
 4.39030e+16	9.50e-01	4.96e-02	2.33e-08
 4.39067e+16	9.51e-01	4.91e-02	2.30e-08
 4.39101e+16	9.51e-01	4.87e-02	2.28e-08
 4.39132e+16	9.52e-01	4.83e-02	2.25e-08
 4.39166e+16	9.52e-01	4.78e-02	2.23e-08
 4.39203e+16	9.53e-01	4.74e-02	2.20e-08
 4.39237e+16	9.53e-01	4.70e-02	2.18e-08
 4.39273e+16	9.54e-01	4.65e-02	2.15e-08
 4.39313e+16	9.54e-01	4.60e-02	2.13e-08
 4.39349e+16	9.54e-01	4.56e-02	2.10e-08
 4.39381e+16	9.55e-01	4.52e-02	2.08e-08
 4.39417e+16	9.55e-01	4.48e-02	2.06e-08
 4.39464e+16	9.56e-01	4.42e-02	2.04e-08
 4.39514e+16	9.56e-01	4.37e-02	2.01e-08
 4.39560e+16	9.57e-01	4.32e-02	1.99e-08
 4.39602e+16	9.57e-01	4.28e-02	1.97e-08
 4.39640e+16	9.58e-01	4.23e-02	1.95e-08
 4.39681e+16	9.58e-01	4.19e-02	1.92e-08
 4.39726e+16	9.59e-01	4.14e-02	1.90e-08
 4.39767e+16	9.59e-01	4.10e-02	1.88e-08
 4.39812e+16	9.59e-01	4.05e-02	1.86e-08
 4.39860e+16	9.60e-01	4.00e-02	1.84e-08
 4.39904e+16	9.60e-01	3.96e-02	1.82e-08
 4.39944e+16	9.61e-01	3.92e-02	1.80e-08
 4.39988e+16	9.61e-01	3.87e-02	1.78e-08
