#depth	O	O+	O+2	O+3	O+4	O+5	O+6	O+7	O+8	O[1]	O[2]	O[3]
 2.97616e+12	6.58e-07	1.13e-03	2.62e-01	7.07e-01	3.00e-02	2.57e-06	0.00e+00	0.00e+00	0.00e+00	4.99e-07	1.01e-07	5.87e-08
 1.78569e+13	6.56e-07	1.13e-03	2.62e-01	7.07e-01	3.00e-02	2.57e-06	0.00e+00	0.00e+00	0.00e+00	4.97e-07	1.00e-07	5.85e-08
 7.73801e+13	6.58e-07	1.14e-03	2.63e-01	7.06e-01	2.98e-02	2.54e-06	0.00e+00	0.00e+00	0.00e+00	4.98e-07	1.01e-07	5.86e-08
 3.15473e+14	6.68e-07	1.16e-03	2.69e-01	7.01e-01	2.89e-02	2.44e-06	0.00e+00	0.00e+00	0.00e+00	5.06e-07	1.02e-07	5.95e-08
 7.53563e+14	6.63e-07	1.18e-03	2.77e-01	6.94e-01	2.76e-02	2.30e-06	0.00e+00	0.00e+00	0.00e+00	5.03e-07	1.02e-07	5.92e-08
 1.32308e+15	6.75e-07	1.22e-03	2.88e-01	6.85e-01	2.59e-02	2.11e-06	0.00e+00	0.00e+00	0.00e+00	5.11e-07	1.03e-07	6.02e-08
 2.06345e+15	6.99e-07	1.28e-03	3.03e-01	6.71e-01	2.39e-02	1.89e-06	0.00e+00	0.00e+00	0.00e+00	5.29e-07	1.07e-07	6.24e-08
 3.02594e+15	7.43e-07	1.37e-03	3.25e-01	6.52e-01	2.13e-02	1.62e-06	0.00e+00	0.00e+00	0.00e+00	5.63e-07	1.14e-07	6.64e-08
 4.27717e+15	8.19e-07	1.52e-03	3.58e-01	6.23e-01	1.83e-02	1.31e-06	0.00e+00	0.00e+00	0.00e+00	6.21e-07	1.25e-07	7.32e-08
 5.90376e+15	9.53e-07	1.76e-03	4.06e-01	5.78e-01	1.46e-02	9.70e-07	0.00e+00	0.00e+00	0.00e+00	7.23e-07	1.45e-07	8.52e-08
 7.68092e+15	1.12e-06	2.06e-03	4.67e-01	5.20e-01	1.11e-02	6.76e-07	0.00e+00	0.00e+00	0.00e+00	8.54e-07	1.70e-07	1.00e-07
 9.24101e+15	1.33e-06	2.40e-03	5.30e-01	4.59e-01	8.27e-03	4.67e-07	0.00e+00	0.00e+00	0.00e+00	1.01e-06	2.00e-07	1.18e-07
 1.05269e+16	1.55e-06	2.74e-03	5.90e-01	4.01e-01	6.21e-03	3.27e-07	0.00e+00	0.00e+00	0.00e+00	1.18e-06	2.32e-07	1.38e-07
 1.16453e+16	1.79e-06	3.10e-03	6.47e-01	3.45e-01	4.62e-03	2.27e-07	0.00e+00	0.00e+00	0.00e+00	1.37e-06	2.68e-07	1.60e-07
 1.27047e+16	2.08e-06	3.49e-03	7.04e-01	2.89e-01	3.32e-03	1.52e-07	0.00e+00	0.00e+00	0.00e+00	1.58e-06	3.10e-07	1.85e-07
 1.37509e+16	2.41e-06	3.91e-03	7.60e-01	2.34e-01	2.26e-03	0.00e+00	0.00e+00	0.00e+00	0.00e+00	1.84e-06	3.59e-07	2.15e-07
 1.47913e+16	2.77e-06	4.34e-03	8.13e-01	1.81e-01	1.46e-03	0.00e+00	0.00e+00	0.00e+00	0.00e+00	2.11e-06	4.11e-07	2.47e-07
 1.57415e+16	3.13e-06	4.73e-03	8.56e-01	1.38e-01	9.25e-04	0.00e+00	0.00e+00	0.00e+00	0.00e+00	2.38e-06	4.63e-07	2.78e-07
 1.66004e+16	3.47e-06	5.07e-03	8.89e-01	1.05e-01	5.83e-04	0.00e+00	0.00e+00	0.00e+00	0.00e+00	2.65e-06	5.12e-07	3.08e-07
 1.75847e+16	3.88e-06	5.45e-03	9.20e-01	7.45e-02	3.27e-04	0.00e+00	0.00e+00	0.00e+00	0.00e+00	2.96e-06	5.72e-07	3.45e-07
 1.88642e+16	4.41e-06	5.88e-03	9.48e-01	4.63e-02	1.47e-04	0.00e+00	0.00e+00	0.00e+00	0.00e+00	3.37e-06	6.48e-07	3.92e-07
 2.05276e+16	5.06e-06	6.34e-03	9.69e-01	2.45e-02	5.02e-05	0.00e+00	0.00e+00	0.00e+00	0.00e+00	3.86e-06	7.42e-07	4.49e-07
 2.25411e+16	5.80e-06	6.78e-03	9.82e-01	1.15e-02	1.37e-05	0.00e+00	0.00e+00	0.00e+00	0.00e+00	4.43e-06	8.50e-07	5.15e-07
 2.47952e+16	6.66e-06	7.22e-03	9.88e-01	5.15e-03	3.37e-06	0.00e+00	0.00e+00	0.00e+00	0.00e+00	5.09e-06	9.75e-07	5.91e-07
 2.72747e+16	7.69e-06	7.69e-03	9.90e-01	2.27e-03	7.79e-07	0.00e+00	0.00e+00	0.00e+00	0.00e+00	5.88e-06	1.13e-06	6.83e-07
 3.00022e+16	9.01e-06	8.22e-03	9.91e-01	9.91e-04	1.71e-07	0.00e+00	0.00e+00	0.00e+00	0.00e+00	6.89e-06	1.32e-06	8.01e-07
 3.30024e+16	1.08e-05	8.85e-03	9.91e-01	4.36e-04	0.00e+00	0.00e+00	0.00e+00	0.00e+00	0.00e+00	8.22e-06	1.58e-06	9.56e-07
 3.63027e+16	1.32e-05	9.62e-03	9.90e-01	1.99e-04	0.00e+00	0.00e+00	0.00e+00	0.00e+00	0.00e+00	1.00e-05	1.94e-06	1.17e-06
 3.99330e+16	1.66e-05	1.06e-02	9.89e-01	9.91e-05	0.00e+00	0.00e+00	0.00e+00	0.00e+00	0.00e+00	1.26e-05	2.45e-06	1.47e-06
 4.39262e+16	2.16e-05	1.18e-02	9.88e-01	5.68e-05	0.00e+00	0.00e+00	0.00e+00	0.00e+00	0.00e+00	1.65e-05	3.20e-06	1.92e-06
 4.83189e+16	2.94e-05	1.35e-02	9.86e-01	3.80e-05	0.00e+00	0.00e+00	0.00e+00	0.00e+00	0.00e+00	2.24e-05	4.39e-06	2.62e-06
 5.28465e+16	4.16e-05	1.57e-02	9.84e-01	2.89e-05	0.00e+00	0.00e+00	0.00e+00	0.00e+00	0.00e+00	3.16e-05	6.23e-06	3.71e-06
 5.58807e+16	5.38e-05	1.77e-02	9.82e-01	2.50e-05	0.00e+00	0.00e+00	0.00e+00	0.00e+00	0.00e+00	4.09e-05	8.08e-06	4.80e-06
 5.71154e+16	5.98e-05	1.85e-02	9.81e-01	2.37e-05	0.00e+00	0.00e+00	0.00e+00	0.00e+00	0.00e+00	4.54e-05	9.00e-06	5.34e-06
 5.80980e+16	6.52e-05	1.93e-02	9.81e-01	2.27e-05	0.00e+00	0.00e+00	0.00e+00	0.00e+00	0.00e+00	4.95e-05	9.83e-06	5.82e-06
 5.93753e+16	7.29e-05	2.03e-02	9.80e-01	2.16e-05	0.00e+00	0.00e+00	0.00e+00	0.00e+00	0.00e+00	5.54e-05	1.10e-05	6.52e-06
 6.10359e+16	8.47e-05	2.18e-02	9.78e-01	2.02e-05	0.00e+00	0.00e+00	0.00e+00	0.00e+00	0.00e+00	6.43e-05	1.28e-05	7.57e-06
 6.28753e+16	1.01e-04	2.36e-02	9.76e-01	1.88e-05	0.00e+00	0.00e+00	0.00e+00	0.00e+00	0.00e+00	7.63e-05	1.53e-05	9.00e-06
 6.45266e+16	1.18e-04	2.55e-02	9.74e-01	1.76e-05	0.00e+00	0.00e+00	0.00e+00	0.00e+00	0.00e+00	8.96e-05	1.80e-05	1.06e-05
 6.59582e+16	1.36e-04	2.74e-02	9.72e-01	1.66e-05	0.00e+00	0.00e+00	0.00e+00	0.00e+00	0.00e+00	1.03e-04	2.07e-05	1.22e-05
 6.75245e+16	1.60e-04	2.96e-02	9.70e-01	1.55e-05	0.00e+00	0.00e+00	0.00e+00	0.00e+00	0.00e+00	1.21e-04	2.44e-05	1.43e-05
 6.92190e+16	1.92e-04	3.24e-02	9.67e-01	1.45e-05	0.00e+00	0.00e+00	0.00e+00	0.00e+00	0.00e+00	1.45e-04	2.92e-05	1.71e-05
 7.06892e+16	2.26e-04	3.52e-02	9.65e-01	1.35e-05	0.00e+00	0.00e+00	0.00e+00	0.00e+00	0.00e+00	1.71e-04	3.43e-05	2.01e-05
 7.19645e+16	2.61e-04	3.79e-02	9.62e-01	1.27e-05	0.00e+00	0.00e+00	0.00e+00	0.00e+00	0.00e+00	1.98e-04	3.97e-05	2.32e-05
 7.33778e+16	3.07e-04	4.12e-02	9.58e-01	1.19e-05	0.00e+00	0.00e+00	0.00e+00	0.00e+00	0.00e+00	2.33e-04	4.68e-05	2.74e-05
 7.49172e+16	3.70e-04	4.54e-02	9.54e-01	1.10e-05	0.00e+00	0.00e+00	0.00e+00	0.00e+00	0.00e+00	2.81e-04	5.64e-05	3.29e-05
 7.62702e+16	4.39e-04	4.96e-02	9.50e-01	1.02e-05	0.00e+00	0.00e+00	0.00e+00	0.00e+00	0.00e+00	3.33e-04	6.68e-05	3.90e-05
 7.74468e+16	5.12e-04	5.38e-02	9.46e-01	9.50e-06	0.00e+00	0.00e+00	0.00e+00	0.00e+00	0.00e+00	3.89e-04	7.80e-05	4.55e-05
 7.87449e+16	6.08e-04	5.89e-02	9.41e-01	8.78e-06	0.00e+00	0.00e+00	0.00e+00	0.00e+00	0.00e+00	4.61e-04	9.26e-05	5.40e-05
 8.01662e+16	7.42e-04	6.54e-02	9.34e-01	7.95e-06	0.00e+00	0.00e+00	0.00e+00	0.00e+00	0.00e+00	5.63e-04	1.13e-04	6.58e-05
 8.14166e+16	8.90e-04	7.21e-02	9.27e-01	7.29e-06	0.00e+00	0.00e+00	0.00e+00	0.00e+00	0.00e+00	6.76e-04	1.35e-04	7.89e-05
 8.24974e+16	1.05e-03	7.87e-02	9.20e-01	6.74e-06	0.00e+00	0.00e+00	0.00e+00	0.00e+00	0.00e+00	7.95e-04	1.59e-04	9.27e-05
 8.36886e+16	1.26e-03	8.69e-02	9.12e-01	6.13e-06	0.00e+00	0.00e+00	0.00e+00	0.00e+00	0.00e+00	9.56e-04	1.92e-04	1.12e-04
 8.49950e+16	1.55e-03	9.73e-02	9.01e-01	5.48e-06	0.00e+00	0.00e+00	0.00e+00	0.00e+00	0.00e+00	1.18e-03	2.36e-04	1.37e-04
 8.61587e+16	1.89e-03	1.08e-01	8.90e-01	4.91e-06	0.00e+00	0.00e+00	0.00e+00	0.00e+00	0.00e+00	1.44e-03	2.88e-04	1.67e-04
 8.71647e+16	2.26e-03	1.19e-01	8.79e-01	4.45e-06	0.00e+00	0.00e+00	0.00e+00	0.00e+00	0.00e+00	1.72e-03	3.44e-04	2.00e-04
 8.82582e+16	2.76e-03	1.33e-01	8.64e-01	3.94e-06	0.00e+00	0.00e+00	0.00e+00	0.00e+00	0.00e+00	2.09e-03	4.19e-04	2.43e-04
 8.94365e+16	3.46e-03	1.50e-01	8.47e-01	3.44e-06	0.00e+00	0.00e+00	0.00e+00	0.00e+00	0.00e+00	2.63e-03	5.25e-04	3.05e-04
 9.04381e+16	4.23e-03	1.67e-01	8.29e-01	3.02e-06	0.00e+00	0.00e+00	0.00e+00	0.00e+00	0.00e+00	3.21e-03	6.42e-04	3.73e-04
 9.12757e+16	5.03e-03	1.83e-01	8.12e-01	2.70e-06	0.00e+00	0.00e+00	0.00e+00	0.00e+00	0.00e+00	3.82e-03	7.62e-04	4.43e-04
 9.21871e+16	6.10e-03	2.03e-01	7.91e-01	2.35e-06	0.00e+00	0.00e+00	0.00e+00	0.00e+00	0.00e+00	4.64e-03	9.25e-04	5.37e-04
 9.31834e+16	7.63e-03	2.29e-01	7.64e-01	2.00e-06	0.00e+00	0.00e+00	0.00e+00	0.00e+00	0.00e+00	5.80e-03	1.15e-03	6.71e-04
 9.40492e+16	9.35e-03	2.54e-01	7.36e-01	1.70e-06	0.00e+00	0.00e+00	0.00e+00	0.00e+00	0.00e+00	7.11e-03	1.41e-03	8.22e-04
 9.47746e+16	1.11e-02	2.78e-01	7.11e-01	1.47e-06	0.00e+00	0.00e+00	0.00e+00	0.00e+00	0.00e+00	8.48e-03	1.68e-03	9.78e-04
 9.55585e+16	1.35e-02	3.07e-01	6.79e-01	1.24e-06	0.00e+00	0.00e+00	0.00e+00	0.00e+00	0.00e+00	1.03e-02	2.04e-03	1.19e-03
 9.64153e+16	1.69e-02	3.43e-01	6.40e-01	1.01e-06	0.00e+00	0.00e+00	0.00e+00	0.00e+00	0.00e+00	1.29e-02	2.55e-03	1.48e-03
 9.71605e+16	2.07e-02	3.78e-01	6.02e-01	8.27e-07	0.00e+00	0.00e+00	0.00e+00	0.00e+00	0.00e+00	1.58e-02	3.11e-03	1.81e-03
 9.77871e+16	2.46e-02	4.10e-01	5.66e-01	6.87e-07	0.00e+00	0.00e+00	0.00e+00	0.00e+00	0.00e+00	1.88e-02	3.70e-03	2.16e-03
 9.84660e+16	2.98e-02	4.47e-01	5.24e-01	5.49e-07	0.00e+00	0.00e+00	0.00e+00	0.00e+00	0.00e+00	2.28e-02	4.47e-03	2.61e-03
 9.92119e+16	3.71e-02	4.90e-01	4.73e-01	4.16e-07	0.00e+00	0.00e+00	0.00e+00	0.00e+00	0.00e+00	2.84e-02	5.54e-03	3.24e-03
 9.98701e+16	4.55e-02	5.31e-01	4.24e-01	3.15e-07	0.00e+00	0.00e+00	0.00e+00	0.00e+00	0.00e+00	3.47e-02	6.76e-03	3.96e-03
 1.00385e+17	5.34e-02	5.63e-01	3.83e-01	2.48e-07	0.00e+00	0.00e+00	0.00e+00	0.00e+00	0.00e+00	4.08e-02	7.91e-03	4.65e-03
 1.00804e+17	6.08e-02	5.89e-01	3.50e-01	2.00e-07	0.00e+00	0.00e+00	0.00e+00	0.00e+00	0.00e+00	4.65e-02	8.98e-03	5.29e-03
 1.01262e+17	7.01e-02	6.17e-01	3.13e-01	1.54e-07	0.00e+00	0.00e+00	0.00e+00	0.00e+00	0.00e+00	5.37e-02	1.03e-02	6.09e-03
 1.01767e+17	8.26e-02	6.45e-01	2.72e-01	0.00e+00	0.00e+00	0.00e+00	0.00e+00	0.00e+00	0.00e+00	6.33e-02	1.21e-02	7.16e-03
 1.02207e+17	9.56e-02	6.68e-01	2.36e-01	0.00e+00	0.00e+00	0.00e+00	0.00e+00	0.00e+00	0.00e+00	7.34e-02	1.39e-02	8.27e-03
 1.02562e+17	1.07e-01	6.85e-01	2.08e-01	0.00e+00	0.00e+00	0.00e+00	0.00e+00	0.00e+00	0.00e+00	8.24e-02	1.56e-02	9.25e-03
 1.02936e+17	1.21e-01	6.99e-01	1.80e-01	0.00e+00	0.00e+00	0.00e+00	0.00e+00	0.00e+00	0.00e+00	9.32e-02	1.75e-02	1.04e-02
 1.03344e+17	1.39e-01	7.10e-01	1.51e-01	0.00e+00	0.00e+00	0.00e+00	0.00e+00	0.00e+00	0.00e+00	1.07e-01	1.99e-02	1.19e-02
 1.03697e+17	1.57e-01	7.16e-01	1.27e-01	0.00e+00	0.00e+00	0.00e+00	0.00e+00	0.00e+00	0.00e+00	1.21e-01	2.23e-02	1.34e-02
 1.03992e+17	1.72e-01	7.18e-01	1.09e-01	0.00e+00	0.00e+00	0.00e+00	0.00e+00	0.00e+00	0.00e+00	1.33e-01	2.44e-02	1.47e-02
 1.04310e+17	1.92e-01	7.17e-01	9.11e-02	0.00e+00	0.00e+00	0.00e+00	0.00e+00	0.00e+00	0.00e+00	1.49e-01	2.68e-02	1.63e-02
 1.04656e+17	2.16e-01	7.11e-01	7.35e-02	0.00e+00	0.00e+00	0.00e+00	0.00e+00	0.00e+00	0.00e+00	1.67e-01	2.99e-02	1.82e-02
 1.04955e+17	2.39e-01	7.01e-01	5.99e-02	0.00e+00	0.00e+00	0.00e+00	0.00e+00	0.00e+00	0.00e+00	1.86e-01	3.27e-02	2.01e-02
 1.05206e+17	2.59e-01	6.91e-01	5.01e-02	0.00e+00	0.00e+00	0.00e+00	0.00e+00	0.00e+00	0.00e+00	2.02e-01	3.51e-02	2.17e-02
 1.05477e+17	2.84e-01	6.76e-01	4.06e-02	0.00e+00	0.00e+00	0.00e+00	0.00e+00	0.00e+00	0.00e+00	2.22e-01	3.80e-02	2.36e-02
 1.05775e+17	3.13e-01	6.55e-01	3.17e-02	0.00e+00	0.00e+00	0.00e+00	0.00e+00	0.00e+00	0.00e+00	2.46e-01	4.12e-02	2.59e-02
 1.06039e+17	3.42e-01	6.33e-01	2.50e-02	0.00e+00	0.00e+00	0.00e+00	0.00e+00	0.00e+00	0.00e+00	2.70e-01	4.42e-02	2.79e-02
 1.06268e+17	3.67e-01	6.13e-01	2.02e-02	0.00e+00	0.00e+00	0.00e+00	0.00e+00	0.00e+00	0.00e+00	2.90e-01	4.67e-02	2.98e-02
 1.06509e+17	3.96e-01	5.88e-01	1.59e-02	0.00e+00	0.00e+00	0.00e+00	0.00e+00	0.00e+00	0.00e+00	3.15e-01	4.95e-02	3.18e-02
 1.06771e+17	4.29e-01	5.59e-01	1.20e-02	0.00e+00	0.00e+00	0.00e+00	0.00e+00	0.00e+00	0.00e+00	3.43e-01	5.24e-02	3.40e-02
 1.07015e+17	4.63e-01	5.28e-01	9.09e-03	0.00e+00	0.00e+00	0.00e+00	0.00e+00	0.00e+00	0.00e+00	3.71e-01	5.50e-02	3.61e-02
 1.07225e+17	4.91e-01	5.01e-01	7.09e-03	0.00e+00	0.00e+00	0.00e+00	0.00e+00	0.00e+00	0.00e+00	3.96e-01	5.71e-02	3.79e-02
 1.07408e+17	5.17e-01	4.77e-01	5.66e-03	0.00e+00	0.00e+00	0.00e+00	0.00e+00	0.00e+00	0.00e+00	4.19e-01	5.87e-02	3.93e-02
 1.07579e+17	5.41e-01	4.54e-01	4.55e-03	0.00e+00	0.00e+00	0.00e+00	0.00e+00	0.00e+00	0.00e+00	4.40e-01	6.01e-02	4.06e-02
 1.07743e+17	5.65e-01	4.31e-01	3.65e-03	0.00e+00	0.00e+00	0.00e+00	0.00e+00	0.00e+00	0.00e+00	4.62e-01	6.13e-02	4.18e-02
 1.07900e+17	5.88e-01	4.09e-01	2.94e-03	0.00e+00	0.00e+00	0.00e+00	0.00e+00	0.00e+00	0.00e+00	4.83e-01	6.23e-02	4.29e-02
 1.08021e+17	6.05e-01	3.92e-01	2.49e-03	0.00e+00	0.00e+00	0.00e+00	0.00e+00	0.00e+00	0.00e+00	4.98e-01	6.29e-02	4.36e-02
 1.08098e+17	6.15e-01	3.83e-01	2.25e-03	0.00e+00	0.00e+00	0.00e+00	0.00e+00	0.00e+00	0.00e+00	5.08e-01	6.32e-02	4.40e-02
 1.08171e+17	6.25e-01	3.73e-01	2.02e-03	0.00e+00	0.00e+00	0.00e+00	0.00e+00	0.00e+00	0.00e+00	5.17e-01	6.34e-02	4.43e-02
 1.08264e+17	6.38e-01	3.60e-01	1.76e-03	0.00e+00	0.00e+00	0.00e+00	0.00e+00	0.00e+00	0.00e+00	5.29e-01	6.36e-02	4.48e-02
 1.08363e+17	6.53e-01	3.46e-01	1.51e-03	0.00e+00	0.00e+00	0.00e+00	0.00e+00	0.00e+00	0.00e+00	5.43e-01	6.38e-02	4.52e-02
 1.08449e+17	6.64e-01	3.34e-01	1.33e-03	0.00e+00	0.00e+00	0.00e+00	0.00e+00	0.00e+00	0.00e+00	5.55e-01	6.39e-02	4.55e-02
 1.08526e+17	6.75e-01	3.24e-01	1.18e-03	0.00e+00	0.00e+00	0.00e+00	0.00e+00	0.00e+00	0.00e+00	5.65e-01	6.39e-02	4.58e-02
 1.08605e+17	6.86e-01	3.13e-01	1.04e-03	0.00e+00	0.00e+00	0.00e+00	0.00e+00	0.00e+00	0.00e+00	5.76e-01	6.38e-02	4.60e-02
 1.08689e+17	6.97e-01	3.02e-01	9.08e-04	0.00e+00	0.00e+00	0.00e+00	0.00e+00	0.00e+00	0.00e+00	5.87e-01	6.37e-02	4.62e-02
 1.08773e+17	7.09e-01	2.90e-01	7.90e-04	0.00e+00	0.00e+00	0.00e+00	0.00e+00	0.00e+00	0.00e+00	5.99e-01	6.36e-02	4.64e-02
 1.08851e+17	7.20e-01	2.80e-01	6.95e-04	0.00e+00	0.00e+00	0.00e+00	0.00e+00	0.00e+00	0.00e+00	6.10e-01	6.34e-02	4.65e-02
 1.08926e+17	7.30e-01	2.70e-01	6.11e-04	0.00e+00	0.00e+00	0.00e+00	0.00e+00	0.00e+00	0.00e+00	6.20e-01	6.32e-02	4.66e-02
 1.09004e+17	7.40e-01	2.60e-01	5.36e-04	0.00e+00	0.00e+00	0.00e+00	0.00e+00	0.00e+00	0.00e+00	6.30e-01	6.29e-02	4.66e-02
 1.09082e+17	7.50e-01	2.49e-01	4.67e-04	0.00e+00	0.00e+00	0.00e+00	0.00e+00	0.00e+00	0.00e+00	6.41e-01	6.25e-02	4.66e-02
 1.09159e+17	7.60e-01	2.40e-01	4.08e-04	0.00e+00	0.00e+00	0.00e+00	0.00e+00	0.00e+00	0.00e+00	6.51e-01	6.22e-02	4.66e-02
 1.09233e+17	7.69e-01	2.31e-01	3.57e-04	0.00e+00	0.00e+00	0.00e+00	0.00e+00	0.00e+00	0.00e+00	6.61e-01	6.17e-02	4.65e-02
 1.09308e+17	7.78e-01	2.21e-01	3.11e-04	0.00e+00	0.00e+00	0.00e+00	0.00e+00	0.00e+00	0.00e+00	6.70e-01	6.13e-02	4.64e-02
 1.09382e+17	7.87e-01	2.13e-01	2.72e-04	0.00e+00	0.00e+00	0.00e+00	0.00e+00	0.00e+00	0.00e+00	6.80e-01	6.08e-02	4.63e-02
 1.09455e+17	7.95e-01	2.04e-01	2.38e-04	0.00e+00	0.00e+00	0.00e+00	0.00e+00	0.00e+00	0.00e+00	6.89e-01	6.03e-02	4.61e-02
 1.09528e+17	8.04e-01	1.96e-01	2.07e-04	0.00e+00	0.00e+00	0.00e+00	0.00e+00	0.00e+00	0.00e+00	6.98e-01	5.97e-02	4.59e-02
 1.09601e+17	8.12e-01	1.88e-01	1.80e-04	0.00e+00	0.00e+00	0.00e+00	0.00e+00	0.00e+00	0.00e+00	7.07e-01	5.92e-02	4.57e-02
 1.09672e+17	8.20e-01	1.80e-01	1.57e-04	0.00e+00	0.00e+00	0.00e+00	0.00e+00	0.00e+00	0.00e+00	7.16e-01	5.86e-02	4.54e-02
 1.09744e+17	8.27e-01	1.72e-01	1.36e-04	0.00e+00	0.00e+00	0.00e+00	0.00e+00	0.00e+00	0.00e+00	7.24e-01	5.79e-02	4.52e-02
 1.09814e+17	8.35e-01	1.65e-01	1.19e-04	0.00e+00	0.00e+00	0.00e+00	0.00e+00	0.00e+00	0.00e+00	7.32e-01	5.73e-02	4.49e-02
 1.09883e+17	8.42e-01	1.58e-01	1.04e-04	0.00e+00	0.00e+00	0.00e+00	0.00e+00	0.00e+00	0.00e+00	7.40e-01	5.67e-02	4.46e-02
 1.09953e+17	8.49e-01	1.51e-01	8.98e-05	0.00e+00	0.00e+00	0.00e+00	0.00e+00	0.00e+00	0.00e+00	7.48e-01	5.60e-02	4.42e-02
 1.10023e+17	8.55e-01	1.45e-01	7.80e-05	0.00e+00	0.00e+00	0.00e+00	0.00e+00	0.00e+00	0.00e+00	7.56e-01	5.54e-02	4.39e-02
 1.10090e+17	8.61e-01	1.39e-01	6.80e-05	0.00e+00	0.00e+00	0.00e+00	0.00e+00	0.00e+00	0.00e+00	7.63e-01	5.47e-02	4.35e-02
 1.10156e+17	8.67e-01	1.33e-01	5.92e-05	0.00e+00	0.00e+00	0.00e+00	0.00e+00	0.00e+00	0.00e+00	7.70e-01	5.41e-02	4.32e-02
 1.10224e+17	8.73e-01	1.27e-01	5.14e-05	0.00e+00	0.00e+00	0.00e+00	0.00e+00	0.00e+00	0.00e+00	7.77e-01	5.34e-02	4.28e-02
 1.10290e+17	8.79e-01	1.21e-01	4.46e-05	0.00e+00	0.00e+00	0.00e+00	0.00e+00	0.00e+00	0.00e+00	7.84e-01	5.27e-02	4.24e-02
 1.10355e+17	8.84e-01	1.16e-01	3.89e-05	0.00e+00	0.00e+00	0.00e+00	0.00e+00	0.00e+00	0.00e+00	7.90e-01	5.21e-02	4.20e-02
 1.10417e+17	8.89e-01	1.11e-01	3.41e-05	0.00e+00	0.00e+00	0.00e+00	0.00e+00	0.00e+00	0.00e+00	7.96e-01	5.15e-02	4.16e-02
 1.10479e+17	8.93e-01	1.07e-01	2.98e-05	0.00e+00	0.00e+00	0.00e+00	0.00e+00	0.00e+00	0.00e+00	8.01e-01	5.09e-02	4.13e-02
 1.10542e+17	8.98e-01	1.02e-01	2.60e-05	0.00e+00	0.00e+00	0.00e+00	0.00e+00	0.00e+00	0.00e+00	8.07e-01	5.02e-02	4.09e-02
 1.10604e+17	9.02e-01	9.76e-02	2.27e-05	0.00e+00	0.00e+00	0.00e+00	0.00e+00	0.00e+00	0.00e+00	8.12e-01	4.96e-02	4.05e-02
 1.10663e+17	9.07e-01	9.35e-02	1.99e-05	0.00e+00	0.00e+00	0.00e+00	0.00e+00	0.00e+00	0.00e+00	8.17e-01	4.90e-02	4.01e-02
 1.10721e+17	9.10e-01	8.96e-02	1.75e-05	0.00e+00	0.00e+00	0.00e+00	0.00e+00	0.00e+00	0.00e+00	8.22e-01	4.85e-02	3.97e-02
 1.10779e+17	9.14e-01	8.59e-02	1.54e-05	0.00e+00	0.00e+00	0.00e+00	0.00e+00	0.00e+00	0.00e+00	8.27e-01	4.79e-02	3.94e-02
 1.10838e+17	9.18e-01	8.22e-02	1.35e-05	0.00e+00	0.00e+00	0.00e+00	0.00e+00	0.00e+00	0.00e+00	8.31e-01	4.74e-02	3.90e-02
 1.10895e+17	9.21e-01	7.88e-02	1.18e-05	0.00e+00	0.00e+00	0.00e+00	0.00e+00	0.00e+00	0.00e+00	8.36e-01	4.68e-02	3.86e-02
 1.10950e+17	9.24e-01	7.56e-02	1.04e-05	0.00e+00	0.00e+00	0.00e+00	0.00e+00	0.00e+00	0.00e+00	8.40e-01	4.63e-02	3.83e-02
 1.11005e+17	9.27e-01	7.26e-02	9.21e-06	0.00e+00	0.00e+00	0.00e+00	0.00e+00	0.00e+00	0.00e+00	8.44e-01	4.58e-02	3.79e-02
 1.11060e+17	9.30e-01	6.96e-02	8.11e-06	0.00e+00	0.00e+00	0.00e+00	0.00e+00	0.00e+00	0.00e+00	8.47e-01	4.53e-02	3.76e-02
 1.11114e+17	9.33e-01	6.67e-02	7.15e-06	0.00e+00	0.00e+00	0.00e+00	0.00e+00	0.00e+00	0.00e+00	8.51e-01	4.49e-02	3.73e-02
 1.11168e+17	9.36e-01	6.40e-02	6.32e-06	0.00e+00	0.00e+00	0.00e+00	0.00e+00	0.00e+00	0.00e+00	8.55e-01	4.44e-02	3.69e-02
 1.11220e+17	9.39e-01	6.15e-02	5.60e-06	0.00e+00	0.00e+00	0.00e+00	0.00e+00	0.00e+00	0.00e+00	8.58e-01	4.39e-02	3.66e-02
 1.11271e+17	9.41e-01	5.90e-02	4.96e-06	0.00e+00	0.00e+00	0.00e+00	0.00e+00	0.00e+00	0.00e+00	8.61e-01	4.35e-02	3.63e-02
 1.11323e+17	9.43e-01	5.66e-02	4.39e-06	0.00e+00	0.00e+00	0.00e+00	0.00e+00	0.00e+00	0.00e+00	8.64e-01	4.31e-02	3.60e-02
 1.11375e+17	9.46e-01	5.43e-02	3.88e-06	0.00e+00	0.00e+00	0.00e+00	0.00e+00	0.00e+00	0.00e+00	8.67e-01	4.27e-02	3.57e-02
 1.11425e+17	9.48e-01	5.21e-02	3.45e-06	0.00e+00	0.00e+00	0.00e+00	0.00e+00	0.00e+00	0.00e+00	8.70e-01	4.23e-02	3.53e-02
 1.11475e+17	9.50e-01	5.01e-02	3.07e-06	0.00e+00	0.00e+00	0.00e+00	0.00e+00	0.00e+00	0.00e+00	8.73e-01	4.19e-02	3.50e-02
 1.11524e+17	9.52e-01	4.81e-02	2.73e-06	0.00e+00	0.00e+00	0.00e+00	0.00e+00	0.00e+00	0.00e+00	8.76e-01	4.15e-02	3.47e-02
 1.11574e+17	9.54e-01	4.61e-02	2.42e-06	0.00e+00	0.00e+00	0.00e+00	0.00e+00	0.00e+00	0.00e+00	8.78e-01	4.11e-02	3.44e-02
 1.11623e+17	9.56e-01	4.43e-02	2.16e-06	0.00e+00	0.00e+00	0.00e+00	0.00e+00	0.00e+00	0.00e+00	8.81e-01	4.07e-02	3.41e-02
 1.11670e+17	9.57e-01	4.25e-02	1.93e-06	0.00e+00	0.00e+00	0.00e+00	0.00e+00	0.00e+00	0.00e+00	8.83e-01	4.04e-02	3.38e-02
 1.11717e+17	9.59e-01	4.09e-02	1.72e-06	0.00e+00	0.00e+00	0.00e+00	0.00e+00	0.00e+00	0.00e+00	8.86e-01	4.00e-02	3.35e-02
 1.11765e+17	9.61e-01	3.92e-02	1.53e-06	0.00e+00	0.00e+00	0.00e+00	0.00e+00	0.00e+00	0.00e+00	8.88e-01	3.97e-02	3.32e-02
 1.11812e+17	9.62e-01	3.76e-02	1.36e-06	0.00e+00	0.00e+00	0.00e+00	0.00e+00	0.00e+00	0.00e+00	8.90e-01	3.93e-02	3.29e-02
 1.11857e+17	9.64e-01	3.62e-02	1.23e-06	0.00e+00	0.00e+00	0.00e+00	0.00e+00	0.00e+00	0.00e+00	8.92e-01	3.91e-02	3.26e-02
 1.11902e+17	9.65e-01	3.48e-02	1.10e-06	0.00e+00	0.00e+00	0.00e+00	0.00e+00	0.00e+00	0.00e+00	8.94e-01	3.87e-02	3.24e-02
 1.11948e+17	9.67e-01	3.34e-02	9.82e-07	0.00e+00	0.00e+00	0.00e+00	0.00e+00	0.00e+00	0.00e+00	8.96e-01	3.84e-02	3.21e-02
 1.11995e+17	9.68e-01	3.20e-02	8.76e-07	0.00e+00	0.00e+00	0.00e+00	0.00e+00	0.00e+00	0.00e+00	8.98e-01	3.81e-02	3.18e-02
 1.12039e+17	9.69e-01	3.07e-02	7.87e-07	0.00e+00	0.00e+00	0.00e+00	0.00e+00	0.00e+00	0.00e+00	9.00e-01	3.79e-02	3.16e-02
 1.12082e+17	9.71e-01	2.95e-02	7.09e-07	0.00e+00	0.00e+00	0.00e+00	0.00e+00	0.00e+00	0.00e+00	9.02e-01	3.76e-02	3.13e-02
 1.12125e+17	9.72e-01	2.83e-02	6.38e-07	0.00e+00	0.00e+00	0.00e+00	0.00e+00	0.00e+00	0.00e+00	9.03e-01	3.73e-02	3.11e-02
 1.12168e+17	9.73e-01	2.71e-02	5.74e-07	0.00e+00	0.00e+00	0.00e+00	0.00e+00	0.00e+00	0.00e+00	9.05e-01	3.71e-02	3.09e-02
 1.12211e+17	9.74e-01	2.60e-02	5.17e-07	0.00e+00	0.00e+00	0.00e+00	0.00e+00	0.00e+00	0.00e+00	9.07e-01	3.68e-02	3.06e-02
 1.12252e+17	9.75e-01	2.50e-02	4.67e-07	0.00e+00	0.00e+00	0.00e+00	0.00e+00	0.00e+00	0.00e+00	9.08e-01	3.66e-02	3.04e-02
 1.12290e+17	9.76e-01	2.41e-02	4.26e-07	0.00e+00	0.00e+00	0.00e+00	0.00e+00	0.00e+00	0.00e+00	9.09e-01	3.63e-02	3.02e-02
 1.12325e+17	9.77e-01	2.33e-02	3.92e-07	0.00e+00	0.00e+00	0.00e+00	0.00e+00	0.00e+00	0.00e+00	9.11e-01	3.61e-02	3.00e-02
 1.12357e+17	9.77e-01	2.26e-02	3.63e-07	0.00e+00	0.00e+00	0.00e+00	0.00e+00	0.00e+00	0.00e+00	9.12e-01	3.59e-02	2.99e-02
 1.12386e+17	9.78e-01	2.19e-02	3.39e-07	0.00e+00	0.00e+00	0.00e+00	0.00e+00	0.00e+00	0.00e+00	9.13e-01	3.58e-02	2.97e-02
 1.12414e+17	9.79e-01	2.13e-02	3.18e-07	0.00e+00	0.00e+00	0.00e+00	0.00e+00	0.00e+00	0.00e+00	9.13e-01	3.56e-02	2.96e-02
 1.12439e+17	9.79e-01	2.08e-02	2.99e-07	0.00e+00	0.00e+00	0.00e+00	0.00e+00	0.00e+00	0.00e+00	9.14e-01	3.55e-02	2.94e-02
 1.12463e+17	9.80e-01	2.03e-02	2.82e-07	0.00e+00	0.00e+00	0.00e+00	0.00e+00	0.00e+00	0.00e+00	9.15e-01	3.54e-02	2.93e-02
 1.12485e+17	9.80e-01	1.98e-02	2.68e-07	0.00e+00	0.00e+00	0.00e+00	0.00e+00	0.00e+00	0.00e+00	9.16e-01	3.52e-02	2.92e-02
 1.12505e+17	9.81e-01	1.94e-02	2.56e-07	0.00e+00	0.00e+00	0.00e+00	0.00e+00	0.00e+00	0.00e+00	9.16e-01	3.51e-02	2.91e-02
 1.12524e+17	9.81e-01	1.90e-02	2.44e-07	0.00e+00	0.00e+00	0.00e+00	0.00e+00	0.00e+00	0.00e+00	9.17e-01	3.50e-02	2.90e-02
 1.12542e+17	9.81e-01	1.86e-02	2.34e-07	0.00e+00	0.00e+00	0.00e+00	0.00e+00	0.00e+00	0.00e+00	9.18e-01	3.49e-02	2.89e-02
 1.12559e+17	9.82e-01	1.83e-02	2.25e-07	0.00e+00	0.00e+00	0.00e+00	0.00e+00	0.00e+00	0.00e+00	9.18e-01	3.48e-02	2.88e-02
 1.12575e+17	9.82e-01	1.79e-02	2.16e-07	0.00e+00	0.00e+00	0.00e+00	0.00e+00	0.00e+00	0.00e+00	9.19e-01	3.47e-02	2.87e-02
 1.12591e+17	9.82e-01	1.76e-02	2.08e-07	0.00e+00	0.00e+00	0.00e+00	0.00e+00	0.00e+00	0.00e+00	9.19e-01	3.46e-02	2.86e-02
 1.12605e+17	9.83e-01	1.73e-02	2.01e-07	0.00e+00	0.00e+00	0.00e+00	0.00e+00	0.00e+00	0.00e+00	9.20e-01	3.45e-02	2.85e-02
 1.12619e+17	9.83e-01	1.70e-02	1.95e-07	0.00e+00	0.00e+00	0.00e+00	0.00e+00	0.00e+00	0.00e+00	9.20e-01	3.44e-02	2.84e-02
 1.12632e+17	9.83e-01	1.67e-02	1.89e-07	0.00e+00	0.00e+00	0.00e+00	0.00e+00	0.00e+00	0.00e+00	9.21e-01	3.43e-02	2.83e-02
 1.12644e+17	9.84e-01	1.65e-02	1.83e-07	0.00e+00	0.00e+00	0.00e+00	0.00e+00	0.00e+00	0.00e+00	9.21e-01	3.42e-02	2.82e-02
 1.12656e+17	9.84e-01	1.62e-02	1.78e-07	0.00e+00	0.00e+00	0.00e+00	0.00e+00	0.00e+00	0.00e+00	9.22e-01	3.41e-02	2.82e-02
 1.12667e+17	9.84e-01	1.60e-02	1.73e-07	0.00e+00	0.00e+00	0.00e+00	0.00e+00	0.00e+00	0.00e+00	9.22e-01	3.40e-02	2.81e-02
 1.12678e+17	9.84e-01	1.57e-02	1.69e-07	0.00e+00	0.00e+00	0.00e+00	0.00e+00	0.00e+00	0.00e+00	9.22e-01	3.39e-02	2.80e-02
 1.12689e+17	9.85e-01	1.55e-02	1.64e-07	0.00e+00	0.00e+00	0.00e+00	0.00e+00	0.00e+00	0.00e+00	9.23e-01	3.38e-02	2.79e-02
 1.12699e+17	9.85e-01	1.53e-02	1.60e-07	0.00e+00	0.00e+00	0.00e+00	0.00e+00	0.00e+00	0.00e+00	9.23e-01	3.38e-02	2.78e-02
 1.12709e+17	9.85e-01	1.50e-02	1.56e-07	0.00e+00	0.00e+00	0.00e+00	0.00e+00	0.00e+00	0.00e+00	9.24e-01	3.37e-02	2.78e-02
 1.12719e+17	9.85e-01	1.48e-02	1.52e-07	0.00e+00	0.00e+00	0.00e+00	0.00e+00	0.00e+00	0.00e+00	9.24e-01	3.36e-02	2.77e-02
 1.12729e+17	9.85e-01	1.46e-02	1.49e-07	0.00e+00	0.00e+00	0.00e+00	0.00e+00	0.00e+00	0.00e+00	9.24e-01	3.35e-02	2.76e-02
 1.12738e+17	9.86e-01	1.43e-02	1.45e-07	0.00e+00	0.00e+00	0.00e+00	0.00e+00	0.00e+00	0.00e+00	9.25e-01	3.34e-02	2.75e-02
 1.12748e+17	9.86e-01	1.41e-02	1.41e-07	0.00e+00	0.00e+00	0.00e+00	0.00e+00	0.00e+00	0.00e+00	9.25e-01	3.33e-02	2.74e-02
 1.12758e+17	9.86e-01	1.38e-02	1.37e-07	0.00e+00	0.00e+00	0.00e+00	0.00e+00	0.00e+00	0.00e+00	9.26e-01	3.32e-02	2.73e-02
 1.12769e+17	9.86e-01	1.36e-02	1.34e-07	0.00e+00	0.00e+00	0.00e+00	0.00e+00	0.00e+00	0.00e+00	9.26e-01	3.31e-02	2.72e-02
 1.12780e+17	9.87e-01	1.33e-02	1.29e-07	0.00e+00	0.00e+00	0.00e+00	0.00e+00	0.00e+00	0.00e+00	9.27e-01	3.30e-02	2.71e-02
 1.12792e+17	9.87e-01	1.30e-02	1.25e-07	0.00e+00	0.00e+00	0.00e+00	0.00e+00	0.00e+00	0.00e+00	9.27e-01	3.28e-02	2.70e-02
 1.12804e+17	9.87e-01	1.26e-02	1.21e-07	0.00e+00	0.00e+00	0.00e+00	0.00e+00	0.00e+00	0.00e+00	9.28e-01	3.27e-02	2.68e-02
 1.12815e+17	9.88e-01	1.23e-02	1.17e-07	0.00e+00	0.00e+00	0.00e+00	0.00e+00	0.00e+00	0.00e+00	9.28e-01	3.26e-02	2.67e-02
 1.12825e+17	9.88e-01	1.20e-02	1.14e-07	0.00e+00	0.00e+00	0.00e+00	0.00e+00	0.00e+00	0.00e+00	9.29e-01	3.24e-02	2.66e-02
 1.12834e+17	9.88e-01	1.18e-02	1.11e-07	0.00e+00	0.00e+00	0.00e+00	0.00e+00	0.00e+00	0.00e+00	9.29e-01	3.23e-02	2.64e-02
 1.12843e+17	9.88e-01	1.15e-02	1.08e-07	0.00e+00	0.00e+00	0.00e+00	0.00e+00	0.00e+00	0.00e+00	9.30e-01	3.22e-02	2.63e-02
 1.12851e+17	9.89e-01	1.13e-02	1.05e-07	0.00e+00	0.00e+00	0.00e+00	0.00e+00	0.00e+00	0.00e+00	9.30e-01	3.21e-02	2.62e-02
 1.12859e+17	9.89e-01	1.11e-02	1.03e-07	0.00e+00	0.00e+00	0.00e+00	0.00e+00	0.00e+00	0.00e+00	9.31e-01	3.20e-02	2.61e-02
 1.12865e+17	9.89e-01	1.09e-02	1.01e-07	0.00e+00	0.00e+00	0.00e+00	0.00e+00	0.00e+00	0.00e+00	9.31e-01	3.19e-02	2.60e-02
 1.12871e+17	9.89e-01	1.08e-02	9.88e-08	0.00e+00	0.00e+00	0.00e+00	0.00e+00	0.00e+00	0.00e+00	9.32e-01	3.18e-02	2.59e-02
 1.12877e+17	9.89e-01	1.06e-02	9.71e-08	0.00e+00	0.00e+00	0.00e+00	0.00e+00	0.00e+00	0.00e+00	9.32e-01	3.17e-02	2.58e-02
 1.12883e+17	9.90e-01	1.05e-02	9.51e-08	0.00e+00	0.00e+00	0.00e+00	0.00e+00	0.00e+00	0.00e+00	9.32e-01	3.16e-02	2.57e-02
 1.12890e+17	9.90e-01	1.03e-02	9.30e-08	0.00e+00	0.00e+00	0.00e+00	0.00e+00	0.00e+00	0.00e+00	9.33e-01	3.15e-02	2.56e-02
 1.12896e+17	9.90e-01	1.01e-02	9.12e-08	0.00e+00	0.00e+00	0.00e+00	0.00e+00	0.00e+00	0.00e+00	9.33e-01	3.14e-02	2.55e-02
 1.12901e+17	9.90e-01	1.00e-02	8.96e-08	0.00e+00	0.00e+00	0.00e+00	0.00e+00	0.00e+00	0.00e+00	9.33e-01	3.13e-02	2.55e-02
 1.12907e+17	9.90e-01	9.86e-03	8.77e-08	0.00e+00	0.00e+00	0.00e+00	0.00e+00	0.00e+00	0.00e+00	9.34e-01	3.11e-02	2.54e-02
 1.12913e+17	9.90e-01	9.69e-03	8.57e-08	0.00e+00	0.00e+00	0.00e+00	0.00e+00	0.00e+00	0.00e+00	9.34e-01	3.10e-02	2.53e-02
 1.12919e+17	9.90e-01	9.55e-03	8.40e-08	0.00e+00	0.00e+00	0.00e+00	0.00e+00	0.00e+00	0.00e+00	9.34e-01	3.09e-02	2.52e-02
 1.12925e+17	9.91e-01	9.43e-03	8.24e-08	0.00e+00	0.00e+00	0.00e+00	0.00e+00	0.00e+00	0.00e+00	9.35e-01	3.08e-02	2.51e-02
 1.12930e+17	9.91e-01	9.28e-03	8.06e-08	0.00e+00	0.00e+00	0.00e+00	0.00e+00	0.00e+00	0.00e+00	9.35e-01	3.07e-02	2.50e-02
 1.12937e+17	9.91e-01	9.13e-03	7.87e-08	0.00e+00	0.00e+00	0.00e+00	0.00e+00	0.00e+00	0.00e+00	9.35e-01	3.06e-02	2.49e-02
 1.12943e+17	9.91e-01	9.00e-03	7.72e-08	0.00e+00	0.00e+00	0.00e+00	0.00e+00	0.00e+00	0.00e+00	9.36e-01	3.05e-02	2.48e-02
 1.12948e+17	9.91e-01	8.90e-03	7.58e-08	0.00e+00	0.00e+00	0.00e+00	0.00e+00	0.00e+00	0.00e+00	9.36e-01	3.04e-02	2.47e-02
 1.12953e+17	9.91e-01	8.80e-03	7.43e-08	0.00e+00	0.00e+00	0.00e+00	0.00e+00	0.00e+00	0.00e+00	9.36e-01	3.03e-02	2.46e-02
 1.12961e+17	9.91e-01	8.65e-03	7.23e-08	0.00e+00	0.00e+00	0.00e+00	0.00e+00	0.00e+00	0.00e+00	9.37e-01	3.02e-02	2.45e-02
 1.12969e+17	9.92e-01	8.50e-03	7.03e-08	0.00e+00	0.00e+00	0.00e+00	0.00e+00	0.00e+00	0.00e+00	9.37e-01	3.01e-02	2.44e-02
 1.12976e+17	9.92e-01	8.37e-03	6.85e-08	0.00e+00	0.00e+00	0.00e+00	0.00e+00	0.00e+00	0.00e+00	9.37e-01	3.00e-02	2.43e-02
 1.12983e+17	9.92e-01	8.25e-03	6.68e-08	0.00e+00	0.00e+00	0.00e+00	0.00e+00	0.00e+00	0.00e+00	9.38e-01	2.99e-02	2.42e-02
 1.12990e+17	9.92e-01	8.12e-03	6.50e-08	0.00e+00	0.00e+00	0.00e+00	0.00e+00	0.00e+00	0.00e+00	9.38e-01	2.98e-02	2.41e-02
 1.12998e+17	9.92e-01	7.97e-03	6.31e-08	0.00e+00	0.00e+00	0.00e+00	0.00e+00	0.00e+00	0.00e+00	9.38e-01	2.97e-02	2.40e-02
 1.13005e+17	9.92e-01	7.85e-03	6.15e-08	0.00e+00	0.00e+00	0.00e+00	0.00e+00	0.00e+00	0.00e+00	9.39e-01	2.96e-02	2.39e-02
 1.13013e+17	9.92e-01	7.71e-03	5.96e-08	0.00e+00	0.00e+00	0.00e+00	0.00e+00	0.00e+00	0.00e+00	9.39e-01	2.94e-02	2.38e-02
 1.13021e+17	9.92e-01	7.55e-03	5.77e-08	0.00e+00	0.00e+00	0.00e+00	0.00e+00	0.00e+00	0.00e+00	9.39e-01	2.93e-02	2.37e-02
 1.13029e+17	9.93e-01	7.42e-03	5.60e-08	0.00e+00	0.00e+00	0.00e+00	0.00e+00	0.00e+00	0.00e+00	9.40e-01	2.92e-02	2.36e-02
 1.13036e+17	9.93e-01	7.30e-03	5.45e-08	0.00e+00	0.00e+00	0.00e+00	0.00e+00	0.00e+00	0.00e+00	9.40e-01	2.91e-02	2.35e-02
 1.13044e+17	9.93e-01	7.16e-03	5.26e-08	0.00e+00	0.00e+00	0.00e+00	0.00e+00	0.00e+00	0.00e+00	9.41e-01	2.90e-02	2.34e-02
