#depth	H	H+	H2
 2.97616e+12	1.04e-03	9.99e-01	2.48e-14
 1.78569e+13	1.04e-03	9.99e-01	2.48e-14
 7.73801e+13	1.04e-03	9.99e-01	2.48e-14
 3.15473e+14	1.03e-03	9.99e-01	2.51e-14
 7.53563e+14	1.02e-03	9.99e-01	2.52e-14
 1.32308e+15	1.00e-03	9.99e-01	2.55e-14
 2.06345e+15	9.91e-04	9.99e-01	2.60e-14
 3.02594e+15	9.82e-04	9.99e-01	2.68e-14
 4.27717e+15	9.78e-04	9.99e-01	2.81e-14
 5.90376e+15	9.81e-04	9.99e-01	3.01e-14
 7.68092e+15	9.81e-04	9.99e-01	3.22e-14
 9.24101e+15	9.87e-04	9.99e-01	3.43e-14
 1.05269e+16	9.99e-04	9.99e-01	3.63e-14
 1.16453e+16	1.02e-03	9.99e-01	3.86e-14
 1.27047e+16	1.04e-03	9.99e-01	4.11e-14
 1.37509e+16	1.06e-03	9.99e-01	4.42e-14
 1.47913e+16	1.09e-03	9.99e-01	4.75e-14
 1.57415e+16	1.12e-03	9.99e-01	5.08e-14
 1.66004e+16	1.15e-03	9.99e-01	5.42e-14
 1.75847e+16	1.18e-03	9.99e-01	5.84e-14
 1.88642e+16	1.23e-03	9.99e-01	6.42e-14
 2.05276e+16	1.29e-03	9.99e-01	7.13e-14
 2.25411e+16	1.36e-03	9.99e-01	7.98e-14
 2.47952e+16	1.43e-03	9.99e-01	8.90e-14
 2.72747e+16	1.52e-03	9.98e-01	9.95e-14
 3.00022e+16	1.62e-03	9.98e-01	1.12e-13
 3.30024e+16	1.75e-03	9.98e-01	1.27e-13
 3.63027e+16	1.91e-03	9.98e-01	1.47e-13
 3.99330e+16	2.11e-03	9.98e-01	1.72e-13
 4.39262e+16	2.37e-03	9.98e-01	2.06e-13
 4.83189e+16	2.71e-03	9.97e-01	2.51e-13
 5.28465e+16	3.16e-03	9.97e-01	3.14e-13
 5.58807e+16	3.55e-03	9.96e-01	3.72e-13
 5.71154e+16	3.72e-03	9.96e-01	3.98e-13
 5.80980e+16	3.86e-03	9.96e-01	4.20e-13
 5.93753e+16	4.06e-03	9.96e-01	4.50e-13
 6.10359e+16	4.32e-03	9.96e-01	4.92e-13
 6.28753e+16	4.65e-03	9.95e-01	5.45e-13
 6.45266e+16	4.99e-03	9.95e-01	6.00e-13
 6.59582e+16	5.30e-03	9.95e-01	6.54e-13
 6.75245e+16	5.67e-03	9.94e-01	7.16e-13
 6.92190e+16	6.11e-03	9.94e-01	7.94e-13
 7.06892e+16	6.55e-03	9.93e-01	8.74e-13
 7.19645e+16	6.95e-03	9.93e-01	9.49e-13
 7.33778e+16	7.44e-03	9.93e-01	1.04e-12
 7.49172e+16	8.04e-03	9.92e-01	1.15e-12
 7.62702e+16	8.62e-03	9.91e-01	1.27e-12
 7.74468e+16	9.19e-03	9.91e-01	1.38e-12
 7.87449e+16	9.85e-03	9.90e-01	1.51e-12
 8.01662e+16	1.07e-02	9.89e-01	1.69e-12
 8.14166e+16	1.15e-02	9.88e-01	1.86e-12
 8.24974e+16	1.23e-02	9.88e-01	2.03e-12
 8.36886e+16	1.33e-02	9.87e-01	2.24e-12
 8.49950e+16	1.45e-02	9.86e-01	2.50e-12
 8.61587e+16	1.57e-02	9.84e-01	2.78e-12
 8.71647e+16	1.69e-02	9.83e-01	3.05e-12
 8.82582e+16	1.83e-02	9.82e-01	3.39e-12
 8.94365e+16	2.02e-02	9.80e-01	3.84e-12
 9.04381e+16	2.19e-02	9.78e-01	4.27e-12
 9.12757e+16	2.36e-02	9.76e-01	4.68e-12
 9.21871e+16	2.56e-02	9.74e-01	5.20e-12
 9.31834e+16	2.82e-02	9.72e-01	5.88e-12
 9.40492e+16	3.09e-02	9.69e-01	6.58e-12
 9.47746e+16	3.34e-02	9.67e-01	7.26e-12
 9.55585e+16	3.65e-02	9.64e-01	8.11e-12
 9.64153e+16	4.05e-02	9.60e-01	9.24e-12
 9.71605e+16	4.46e-02	9.55e-01	1.04e-11
 9.77871e+16	4.85e-02	9.51e-01	1.16e-11
 9.84660e+16	5.35e-02	9.47e-01	1.31e-11
 9.92119e+16	6.00e-02	9.40e-01	1.51e-11
 9.98701e+16	6.70e-02	9.33e-01	1.74e-11
 1.00385e+17	7.34e-02	9.27e-01	1.95e-11
 1.00804e+17	7.93e-02	9.21e-01	2.14e-11
 1.01262e+17	8.64e-02	9.14e-01	2.39e-11
 1.01767e+17	9.60e-02	9.04e-01	2.73e-11
 1.02207e+17	1.06e-01	8.94e-01	3.10e-11
 1.02562e+17	1.15e-01	8.85e-01	3.42e-11
 1.02936e+17	1.25e-01	8.75e-01	3.84e-11
 1.03344e+17	1.39e-01	8.61e-01	4.39e-11
 1.03697e+17	1.52e-01	8.48e-01	4.95e-11
 1.03992e+17	1.65e-01	8.35e-01	5.48e-11
 1.04310e+17	1.80e-01	8.20e-01	6.17e-11
 1.04656e+17	1.99e-01	8.01e-01	7.06e-11
 1.04955e+17	2.18e-01	7.82e-01	7.99e-11
 1.05206e+17	2.35e-01	7.65e-01	8.85e-11
 1.05477e+17	2.55e-01	7.45e-01	9.98e-11
 1.05775e+17	2.81e-01	7.19e-01	1.14e-10
 1.06039e+17	3.05e-01	6.95e-01	1.29e-10
 1.06268e+17	3.28e-01	6.72e-01	1.43e-10
 1.06509e+17	3.54e-01	6.46e-01	1.61e-10
 1.06771e+17	3.84e-01	6.16e-01	1.84e-10
 1.07015e+17	4.15e-01	5.85e-01	2.08e-10
 1.07225e+17	4.43e-01	5.57e-01	2.31e-10
 1.07408e+17	4.67e-01	5.33e-01	2.54e-10
 1.07579e+17	4.91e-01	5.09e-01	2.77e-10
 1.07743e+17	5.15e-01	4.85e-01	3.03e-10
 1.07900e+17	5.37e-01	4.63e-01	3.28e-10
 1.08021e+17	5.55e-01	4.45e-01	3.48e-10
 1.08098e+17	5.65e-01	4.35e-01	3.61e-10
 1.08171e+17	5.75e-01	4.25e-01	3.75e-10
 1.08264e+17	5.88e-01	4.12e-01	3.94e-10
 1.08363e+17	6.04e-01	3.96e-01	4.16e-10
 1.08449e+17	6.16e-01	3.84e-01	4.33e-10
 1.08526e+17	6.27e-01	3.73e-01	4.52e-10
 1.08605e+17	6.39e-01	3.61e-01	4.70e-10
 1.08689e+17	6.51e-01	3.49e-01	4.92e-10
 1.08773e+17	6.64e-01	3.36e-01	5.15e-10
 1.08851e+17	6.75e-01	3.25e-01	5.35e-10
 1.08926e+17	6.86e-01	3.14e-01	5.58e-10
 1.09004e+17	6.97e-01	3.03e-01	5.80e-10
 1.09082e+17	7.08e-01	2.92e-01	6.07e-10
 1.09159e+17	7.18e-01	2.82e-01	6.29e-10
 1.09233e+17	7.29e-01	2.71e-01	6.56e-10
 1.09308e+17	7.39e-01	2.61e-01	6.84e-10
 1.09382e+17	7.49e-01	2.51e-01	7.11e-10
 1.09455e+17	7.58e-01	2.42e-01	7.38e-10
 1.09528e+17	7.68e-01	2.32e-01	7.70e-10
 1.09601e+17	7.77e-01	2.23e-01	7.98e-10
 1.09672e+17	7.86e-01	2.14e-01	8.31e-10
 1.09744e+17	7.94e-01	2.06e-01	8.65e-10
 1.09814e+17	8.02e-01	1.98e-01	8.99e-10
 1.09883e+17	8.10e-01	1.90e-01	9.32e-10
 1.09953e+17	8.18e-01	1.82e-01	9.72e-10
 1.10023e+17	8.26e-01	1.74e-01	1.01e-09
 1.10090e+17	8.33e-01	1.67e-01	1.05e-09
 1.10156e+17	8.40e-01	1.60e-01	1.09e-09
 1.10224e+17	8.47e-01	1.53e-01	1.13e-09
 1.10290e+17	8.53e-01	1.47e-01	1.18e-09
 1.10355e+17	8.59e-01	1.41e-01	1.22e-09
 1.10417e+17	8.65e-01	1.35e-01	1.27e-09
 1.10479e+17	8.71e-01	1.29e-01	1.32e-09
 1.10542e+17	8.76e-01	1.24e-01	1.37e-09
 1.10604e+17	8.81e-01	1.19e-01	1.42e-09
 1.10663e+17	8.86e-01	1.14e-01	1.48e-09
 1.10721e+17	8.91e-01	1.09e-01	1.54e-09
 1.10779e+17	8.95e-01	1.05e-01	1.60e-09
 1.10838e+17	8.99e-01	1.01e-01	1.66e-09
 1.10895e+17	9.03e-01	9.65e-02	1.73e-09
 1.10950e+17	9.07e-01	9.27e-02	1.80e-09
 1.11005e+17	9.11e-01	8.91e-02	1.87e-09
 1.11060e+17	9.15e-01	8.55e-02	1.95e-09
 1.11114e+17	9.18e-01	8.20e-02	2.03e-09
 1.11168e+17	9.21e-01	7.88e-02	2.11e-09
 1.11220e+17	9.24e-01	7.57e-02	2.21e-09
 1.11271e+17	9.27e-01	7.27e-02	2.31e-09
 1.11323e+17	9.30e-01	6.98e-02	2.42e-09
 1.11375e+17	9.33e-01	6.70e-02	2.54e-09
 1.11425e+17	9.36e-01	6.44e-02	2.66e-09
 1.11475e+17	9.38e-01	6.19e-02	2.78e-09
 1.11524e+17	9.40e-01	5.95e-02	2.92e-09
 1.11574e+17	9.43e-01	5.71e-02	3.08e-09
 1.11623e+17	9.45e-01	5.49e-02	3.26e-09
 1.11670e+17	9.47e-01	5.28e-02	3.45e-09
 1.11717e+17	9.49e-01	5.08e-02	3.65e-09
 1.11765e+17	9.51e-01	4.87e-02	3.89e-09
 1.11812e+17	9.53e-01	4.68e-02	4.14e-09
 1.11857e+17	9.55e-01	4.51e-02	4.40e-09
 1.11902e+17	9.57e-01	4.33e-02	4.71e-09
 1.11948e+17	9.58e-01	4.16e-02	5.09e-09
 1.11995e+17	9.60e-01	3.99e-02	5.51e-09
 1.12039e+17	9.62e-01	3.83e-02	5.99e-09
 1.12082e+17	9.63e-01	3.69e-02	6.53e-09
 1.12125e+17	9.65e-01	3.54e-02	7.18e-09
 1.12168e+17	9.66e-01	3.40e-02	7.96e-09
 1.12211e+17	9.67e-01	3.26e-02	8.90e-09
 1.12252e+17	9.69e-01	3.14e-02	9.98e-09
 1.12290e+17	9.70e-01	3.02e-02	1.12e-08
 1.12325e+17	9.71e-01	2.93e-02	1.26e-08
 1.12357e+17	9.72e-01	2.84e-02	1.41e-08
 1.12386e+17	9.72e-01	2.76e-02	1.58e-08
 1.12414e+17	9.73e-01	2.69e-02	1.77e-08
 1.12439e+17	9.74e-01	2.62e-02	1.99e-08
 1.12463e+17	9.74e-01	2.56e-02	2.23e-08
 1.12485e+17	9.75e-01	2.51e-02	2.49e-08
 1.12505e+17	9.75e-01	2.45e-02	2.79e-08
 1.12524e+17	9.76e-01	2.41e-02	3.12e-08
 1.12542e+17	9.76e-01	2.36e-02	3.49e-08
 1.12559e+17	9.77e-01	2.32e-02	3.90e-08
 1.12575e+17	9.77e-01	2.28e-02	4.36e-08
 1.12591e+17	9.78e-01	2.24e-02	4.88e-08
 1.12605e+17	9.78e-01	2.20e-02	5.46e-08
 1.12619e+17	9.78e-01	2.16e-02	6.10e-08
 1.12632e+17	9.79e-01	2.13e-02	6.81e-08
 1.12644e+17	9.79e-01	2.10e-02	7.60e-08
 1.12656e+17	9.79e-01	2.07e-02	8.48e-08
 1.12667e+17	9.80e-01	2.04e-02	9.46e-08
 1.12678e+17	9.80e-01	2.01e-02	1.05e-07
 1.12689e+17	9.80e-01	1.98e-02	1.18e-07
 1.12699e+17	9.80e-01	1.95e-02	1.31e-07
 1.12709e+17	9.81e-01	1.92e-02	1.46e-07
 1.12719e+17	9.81e-01	1.90e-02	1.62e-07
 1.12729e+17	9.81e-01	1.87e-02	1.80e-07
 1.12738e+17	9.82e-01	1.84e-02	2.00e-07
 1.12748e+17	9.82e-01	1.81e-02	2.21e-07
 1.12758e+17	9.82e-01	1.78e-02	2.44e-07
 1.12769e+17	9.83e-01	1.75e-02	2.70e-07
 1.12780e+17	9.83e-01	1.71e-02	2.97e-07
 1.12792e+17	9.83e-01	1.67e-02	3.24e-07
 1.12804e+17	9.84e-01	1.64e-02	3.49e-07
 1.12815e+17	9.84e-01	1.60e-02	3.70e-07
 1.12825e+17	9.84e-01	1.57e-02	3.86e-07
 1.12834e+17	9.85e-01	1.53e-02	4.00e-07
 1.12843e+17	9.85e-01	1.51e-02	4.10e-07
 1.12851e+17	9.85e-01	1.48e-02	4.19e-07
 1.12859e+17	9.85e-01	1.46e-02	4.26e-07
 1.12865e+17	9.86e-01	1.44e-02	4.32e-07
 1.12871e+17	9.86e-01	1.42e-02	4.38e-07
 1.12877e+17	9.86e-01	1.40e-02	4.42e-07
 1.12883e+17	9.86e-01	1.38e-02	4.48e-07
 1.12890e+17	9.86e-01	1.36e-02	4.53e-07
 1.12896e+17	9.87e-01	1.34e-02	4.59e-07
 1.12901e+17	9.87e-01	1.33e-02	4.63e-07
 1.12907e+17	9.87e-01	1.31e-02	4.69e-07
 1.12913e+17	9.87e-01	1.29e-02	4.75e-07
 1.12919e+17	9.87e-01	1.27e-02	4.81e-07
 1.12925e+17	9.87e-01	1.26e-02	4.86e-07
 1.12930e+17	9.88e-01	1.24e-02	4.92e-07
 1.12937e+17	9.88e-01	1.22e-02	4.99e-07
 1.12943e+17	9.88e-01	1.21e-02	5.05e-07
 1.12948e+17	9.88e-01	1.20e-02	5.09e-07
 1.12953e+17	9.88e-01	1.19e-02	5.14e-07
 1.12961e+17	9.88e-01	1.17e-02	5.21e-07
 1.12969e+17	9.89e-01	1.15e-02	5.28e-07
 1.12976e+17	9.89e-01	1.13e-02	5.35e-07
 1.12983e+17	9.89e-01	1.12e-02	5.42e-07
 1.12990e+17	9.89e-01	1.10e-02	5.49e-07
 1.12998e+17	9.89e-01	1.09e-02	5.58e-07
 1.13005e+17	9.89e-01	1.07e-02	5.65e-07
 1.13013e+17	9.89e-01	1.06e-02	5.74e-07
 1.13021e+17	9.90e-01	1.04e-02	5.85e-07
 1.13029e+17	9.90e-01	1.02e-02	5.94e-07
 1.13036e+17	9.90e-01	1.01e-02	6.02e-07
 1.13044e+17	9.90e-01	9.91e-03	6.13e-07
