#depth	He	He+	He+2
 2.97616e+12	7.24e-05	1.34e-01	8.65e-01
 1.78569e+13	7.24e-05	1.34e-01	8.66e-01
 7.73801e+13	7.26e-05	1.35e-01	8.65e-01
 3.15473e+14	7.39e-05	1.37e-01	8.63e-01
 7.53563e+14	7.48e-05	1.37e-01	8.62e-01
 1.32308e+15	7.71e-05	1.40e-01	8.60e-01
 2.06345e+15	8.10e-05	1.45e-01	8.55e-01
 3.02594e+15	8.74e-05	1.54e-01	8.46e-01
 4.27717e+15	9.81e-05	1.69e-01	8.31e-01
 5.90376e+15	1.16e-04	1.94e-01	8.06e-01
 7.68092e+15	1.43e-04	2.31e-01	7.69e-01
 9.24101e+15	1.76e-04	2.77e-01	7.23e-01
 1.05269e+16	2.14e-04	3.28e-01	6.72e-01
 1.16453e+16	2.56e-04	3.84e-01	6.16e-01
 1.27047e+16	3.05e-04	4.48e-01	5.52e-01
 1.37509e+16	3.64e-04	5.22e-01	4.77e-01
 1.47913e+16	4.30e-04	6.04e-01	3.96e-01
 1.57415e+16	4.95e-04	6.81e-01	3.19e-01
 1.66004e+16	5.54e-04	7.47e-01	2.52e-01
 1.75847e+16	6.17e-04	8.14e-01	1.85e-01
 1.88642e+16	6.88e-04	8.81e-01	1.18e-01
 2.05276e+16	7.56e-04	9.36e-01	6.32e-02
 2.25411e+16	8.14e-04	9.70e-01	2.93e-02
 2.47952e+16	8.64e-04	9.86e-01	1.29e-02
 2.72747e+16	9.10e-04	9.93e-01	5.60e-03
 3.00022e+16	9.58e-04	9.97e-01	2.38e-03
 3.30024e+16	1.01e-03	9.98e-01	9.98e-04
 3.63027e+16	1.07e-03	9.99e-01	4.12e-04
 3.99330e+16	1.15e-03	9.99e-01	1.69e-04
 4.39262e+16	1.24e-03	9.99e-01	6.97e-05
 4.83189e+16	1.35e-03	9.99e-01	2.93e-05
 5.28465e+16	1.48e-03	9.99e-01	1.33e-05
 5.58807e+16	1.58e-03	9.98e-01	8.60e-06
 5.71154e+16	1.62e-03	9.98e-01	7.27e-06
 5.80980e+16	1.66e-03	9.98e-01	6.26e-06
 5.93753e+16	1.71e-03	9.98e-01	5.18e-06
 6.10359e+16	1.78e-03	9.98e-01	4.10e-06
 6.28753e+16	1.87e-03	9.98e-01	3.23e-06
 6.45266e+16	1.95e-03	9.98e-01	2.63e-06
 6.59582e+16	2.02e-03	9.98e-01	2.21e-06
 6.75245e+16	2.11e-03	9.98e-01	1.83e-06
 6.92190e+16	2.22e-03	9.98e-01	1.50e-06
 7.06892e+16	2.32e-03	9.98e-01	1.28e-06
 7.19645e+16	2.42e-03	9.98e-01	1.11e-06
 7.33778e+16	2.53e-03	9.97e-01	9.52e-07
 7.49172e+16	2.67e-03	9.97e-01	8.10e-07
 7.62702e+16	2.80e-03	9.97e-01	7.07e-07
 7.74468e+16	2.93e-03	9.97e-01	6.29e-07
 7.87449e+16	3.08e-03	9.97e-01	5.51e-07
 8.01662e+16	3.27e-03	9.97e-01	4.79e-07
 8.14166e+16	3.46e-03	9.97e-01	4.26e-07
 8.24974e+16	3.63e-03	9.96e-01	3.85e-07
 8.36886e+16	3.85e-03	9.96e-01	3.43e-07
 8.49950e+16	4.11e-03	9.96e-01	3.04e-07
 8.61587e+16	4.38e-03	9.96e-01	2.74e-07
 8.71647e+16	4.65e-03	9.95e-01	2.51e-07
 8.82582e+16	4.97e-03	9.95e-01	2.26e-07
 8.94365e+16	5.36e-03	9.95e-01	2.04e-07
 9.04381e+16	5.75e-03	9.94e-01	1.87e-07
 9.12757e+16	6.11e-03	9.94e-01	1.74e-07
 9.21871e+16	6.56e-03	9.93e-01	1.60e-07
 9.31834e+16	7.13e-03	9.93e-01	1.47e-07
 9.40492e+16	7.70e-03	9.92e-01	1.37e-07
 9.47746e+16	8.25e-03	9.92e-01	1.28e-07
 9.55585e+16	8.93e-03	9.91e-01	1.20e-07
 9.64153e+16	9.79e-03	9.90e-01	1.11e-07
 9.71605e+16	1.07e-02	9.89e-01	1.05e-07
 9.77871e+16	1.15e-02	9.88e-01	9.93e-08
 9.84660e+16	1.26e-02	9.87e-01	9.35e-08
 9.92119e+16	1.40e-02	9.86e-01	8.78e-08
 9.98701e+16	1.55e-02	9.84e-01	8.32e-08
 1.00385e+17	1.69e-02	9.83e-01	7.98e-08
 1.00804e+17	1.82e-02	9.82e-01	7.71e-08
 1.01262e+17	1.98e-02	9.80e-01	7.42e-08
 1.01767e+17	2.19e-02	9.78e-01	7.11e-08
 1.02207e+17	2.41e-02	9.76e-01	6.86e-08
 1.02562e+17	2.60e-02	9.74e-01	6.69e-08
 1.02936e+17	2.84e-02	9.72e-01	6.49e-08
 1.03344e+17	3.14e-02	9.69e-01	6.29e-08
 1.03697e+17	3.45e-02	9.65e-01	6.13e-08
 1.03992e+17	3.74e-02	9.63e-01	6.02e-08
 1.04310e+17	4.11e-02	9.59e-01	5.88e-08
 1.04656e+17	4.57e-02	9.54e-01	5.75e-08
 1.04955e+17	5.04e-02	9.50e-01	5.65e-08
 1.05206e+17	5.48e-02	9.45e-01	5.59e-08
 1.05477e+17	6.05e-02	9.40e-01	5.50e-08
 1.05775e+17	6.75e-02	9.32e-01	5.43e-08
 1.06039e+17	7.48e-02	9.25e-01	5.40e-08
 1.06268e+17	8.18e-02	9.18e-01	5.38e-08
 1.06509e+17	9.06e-02	9.09e-01	5.36e-08
 1.06771e+17	1.01e-01	8.99e-01	5.36e-08
 1.07015e+17	1.13e-01	8.87e-01	5.39e-08
 1.07225e+17	1.24e-01	8.76e-01	5.42e-08
 1.07408e+17	1.35e-01	8.65e-01	5.45e-08
 1.07579e+17	1.47e-01	8.53e-01	5.49e-08
 1.07743e+17	1.59e-01	8.41e-01	5.52e-08
 1.07900e+17	1.72e-01	8.28e-01	5.58e-08
 1.08021e+17	1.82e-01	8.18e-01	5.64e-08
 1.08098e+17	1.89e-01	8.11e-01	5.65e-08
 1.08171e+17	1.97e-01	8.03e-01	5.67e-08
 1.08264e+17	2.07e-01	7.93e-01	5.70e-08
 1.08363e+17	2.17e-01	7.83e-01	5.74e-08
 1.08449e+17	2.26e-01	7.74e-01	5.80e-08
 1.08526e+17	2.36e-01	7.64e-01	5.82e-08
 1.08605e+17	2.45e-01	7.55e-01	5.86e-08
 1.08689e+17	2.56e-01	7.44e-01	5.91e-08
 1.08773e+17	2.67e-01	7.33e-01	5.95e-08
 1.08851e+17	2.77e-01	7.23e-01	6.01e-08
 1.08926e+17	2.89e-01	7.11e-01	6.04e-08
 1.09004e+17	3.00e-01	7.00e-01	6.09e-08
 1.09082e+17	3.12e-01	6.88e-01	6.13e-08
 1.09159e+17	3.24e-01	6.76e-01	6.20e-08
 1.09233e+17	3.36e-01	6.64e-01	6.24e-08
 1.09308e+17	3.49e-01	6.51e-01	6.28e-08
 1.09382e+17	3.62e-01	6.38e-01	6.32e-08
 1.09455e+17	3.75e-01	6.25e-01	6.37e-08
 1.09528e+17	3.89e-01	6.11e-01	6.41e-08
 1.09601e+17	4.02e-01	5.98e-01	6.46e-08
 1.09672e+17	4.16e-01	5.84e-01	6.50e-08
 1.09744e+17	4.30e-01	5.70e-01	6.53e-08
 1.09814e+17	4.44e-01	5.56e-01	6.57e-08
 1.09883e+17	4.58e-01	5.42e-01	6.61e-08
 1.09953e+17	4.73e-01	5.27e-01	6.63e-08
 1.10023e+17	4.87e-01	5.13e-01	6.68e-08
 1.10090e+17	5.01e-01	4.99e-01	6.70e-08
 1.10156e+17	5.16e-01	4.84e-01	6.71e-08
 1.10224e+17	5.31e-01	4.69e-01	6.74e-08
 1.10290e+17	5.45e-01	4.55e-01	6.76e-08
 1.10355e+17	5.59e-01	4.41e-01	6.78e-08
 1.10417e+17	5.73e-01	4.27e-01	6.78e-08
 1.10479e+17	5.87e-01	4.13e-01	6.78e-08
 1.10542e+17	6.01e-01	3.99e-01	6.78e-08
 1.10604e+17	6.14e-01	3.86e-01	6.79e-08
 1.10663e+17	6.27e-01	3.73e-01	6.78e-08
 1.10721e+17	6.40e-01	3.60e-01	6.76e-08
 1.10779e+17	6.53e-01	3.47e-01	6.75e-08
 1.10838e+17	6.65e-01	3.35e-01	6.74e-08
 1.10895e+17	6.77e-01	3.23e-01	6.72e-08
 1.10950e+17	6.88e-01	3.12e-01	6.70e-08
 1.11005e+17	7.00e-01	3.00e-01	6.67e-08
 1.11060e+17	7.11e-01	2.89e-01	6.64e-08
 1.11114e+17	7.22e-01	2.78e-01	6.62e-08
 1.11168e+17	7.32e-01	2.68e-01	6.58e-08
 1.11220e+17	7.42e-01	2.58e-01	6.55e-08
 1.11271e+17	7.52e-01	2.48e-01	6.50e-08
 1.11323e+17	7.62e-01	2.38e-01	6.46e-08
 1.11375e+17	7.71e-01	2.29e-01	6.42e-08
 1.11425e+17	7.80e-01	2.20e-01	6.37e-08
 1.11475e+17	7.89e-01	2.11e-01	6.32e-08
 1.11524e+17	7.97e-01	2.03e-01	6.27e-08
 1.11574e+17	8.05e-01	1.95e-01	6.22e-08
 1.11623e+17	8.13e-01	1.87e-01	6.18e-08
 1.11670e+17	8.20e-01	1.80e-01	6.11e-08
 1.11717e+17	8.28e-01	1.72e-01	6.05e-08
 1.11765e+17	8.35e-01	1.65e-01	5.99e-08
 1.11812e+17	8.41e-01	1.59e-01	5.94e-08
 1.11857e+17	8.48e-01	1.52e-01	5.88e-08
 1.11902e+17	8.54e-01	1.46e-01	5.81e-08
 1.11948e+17	8.60e-01	1.40e-01	5.74e-08
 1.11995e+17	8.66e-01	1.34e-01	5.67e-08
 1.12039e+17	8.71e-01	1.29e-01	5.61e-08
 1.12082e+17	8.76e-01	1.24e-01	5.53e-08
 1.12125e+17	8.81e-01	1.19e-01	5.46e-08
 1.12168e+17	8.86e-01	1.14e-01	5.38e-08
 1.12211e+17	8.91e-01	1.09e-01	5.31e-08
 1.12252e+17	8.95e-01	1.05e-01	5.24e-08
 1.12290e+17	8.99e-01	1.01e-01	5.16e-08
 1.12325e+17	9.02e-01	9.76e-02	5.09e-08
 1.12357e+17	9.06e-01	9.45e-02	5.01e-08
 1.12386e+17	9.08e-01	9.16e-02	4.94e-08
 1.12414e+17	9.11e-01	8.91e-02	4.88e-08
 1.12439e+17	9.13e-01	8.67e-02	4.81e-08
 1.12463e+17	9.16e-01	8.45e-02	4.75e-08
 1.12485e+17	9.17e-01	8.25e-02	4.69e-08
 1.12505e+17	9.19e-01	8.07e-02	4.63e-08
 1.12524e+17	9.21e-01	7.90e-02	4.58e-08
 1.12542e+17	9.23e-01	7.75e-02	4.53e-08
 1.12559e+17	9.24e-01	7.60e-02	4.48e-08
 1.12575e+17	9.25e-01	7.47e-02	4.43e-08
 1.12591e+17	9.27e-01	7.34e-02	4.38e-08
 1.12605e+17	9.28e-01	7.22e-02	4.34e-08
 1.12619e+17	9.29e-01	7.11e-02	4.29e-08
 1.12632e+17	9.30e-01	7.01e-02	4.25e-08
 1.12644e+17	9.31e-01	6.91e-02	4.21e-08
 1.12656e+17	9.32e-01	6.81e-02	4.17e-08
 1.12667e+17	9.33e-01	6.72e-02	4.13e-08
 1.12678e+17	9.34e-01	6.64e-02	4.10e-08
 1.12689e+17	9.34e-01	6.55e-02	4.06e-08
 1.12699e+17	9.35e-01	6.47e-02	4.02e-08
 1.12709e+17	9.36e-01	6.39e-02	3.98e-08
 1.12719e+17	9.37e-01	6.32e-02	3.95e-08
 1.12729e+17	9.38e-01	6.24e-02	3.91e-08
 1.12738e+17	9.38e-01	6.17e-02	3.87e-08
 1.12748e+17	9.39e-01	6.09e-02	3.83e-08
 1.12758e+17	9.40e-01	6.01e-02	3.79e-08
 1.12769e+17	9.41e-01	5.93e-02	3.74e-08
 1.12780e+17	9.42e-01	5.84e-02	3.69e-08
 1.12792e+17	9.42e-01	5.75e-02	3.64e-08
 1.12804e+17	9.43e-01	5.66e-02	3.58e-08
 1.12815e+17	9.44e-01	5.58e-02	3.53e-08
 1.12825e+17	9.45e-01	5.50e-02	3.48e-08
 1.12834e+17	9.46e-01	5.43e-02	3.43e-08
 1.12843e+17	9.46e-01	5.36e-02	3.39e-08
 1.12851e+17	9.47e-01	5.29e-02	3.34e-08
 1.12859e+17	9.48e-01	5.24e-02	3.30e-08
 1.12865e+17	9.48e-01	5.18e-02	3.26e-08
 1.12871e+17	9.49e-01	5.13e-02	3.23e-08
 1.12877e+17	9.49e-01	5.09e-02	3.20e-08
 1.12883e+17	9.50e-01	5.04e-02	3.16e-08
 1.12890e+17	9.50e-01	4.99e-02	3.13e-08
 1.12896e+17	9.51e-01	4.94e-02	3.09e-08
 1.12901e+17	9.51e-01	4.90e-02	3.07e-08
 1.12907e+17	9.52e-01	4.85e-02	3.03e-08
 1.12913e+17	9.52e-01	4.80e-02	2.99e-08
 1.12919e+17	9.52e-01	4.75e-02	2.96e-08
 1.12925e+17	9.53e-01	4.71e-02	2.93e-08
 1.12930e+17	9.53e-01	4.66e-02	2.90e-08
 1.12937e+17	9.54e-01	4.61e-02	2.86e-08
 1.12943e+17	9.54e-01	4.57e-02	2.84e-08
 1.12948e+17	9.55e-01	4.54e-02	2.81e-08
 1.12953e+17	9.55e-01	4.49e-02	2.79e-08
 1.12961e+17	9.56e-01	4.44e-02	2.75e-08
 1.12969e+17	9.56e-01	4.39e-02	2.72e-08
 1.12976e+17	9.57e-01	4.34e-02	2.70e-08
 1.12983e+17	9.57e-01	4.30e-02	2.67e-08
 1.12990e+17	9.58e-01	4.25e-02	2.64e-08
 1.12998e+17	9.58e-01	4.20e-02	2.60e-08
 1.13005e+17	9.58e-01	4.15e-02	2.58e-08
 1.13013e+17	9.59e-01	4.10e-02	2.54e-08
 1.13021e+17	9.60e-01	4.04e-02	2.51e-08
 1.13029e+17	9.60e-01	4.00e-02	2.48e-08
 1.13036e+17	9.60e-01	3.96e-02	2.46e-08
 1.13044e+17	9.61e-01	3.91e-02	2.43e-08
