#depth	H	H+	H2
 2.22292e+12	1.18e-03	9.99e-01	3.92e-14
 1.33375e+13	1.18e-03	9.99e-01	3.92e-14
 5.77959e+13	1.18e-03	9.99e-01	3.93e-14
 2.35629e+14	1.18e-03	9.99e-01	3.97e-14
 5.62843e+14	1.16e-03	9.99e-01	4.02e-14
 9.88220e+14	1.15e-03	9.99e-01	4.09e-14
 1.54121e+15	1.14e-03	9.99e-01	4.19e-14
 2.26010e+15	1.13e-03	9.99e-01	4.33e-14
 3.19465e+15	1.12e-03	9.99e-01	4.52e-14
 4.40957e+15	1.12e-03	9.99e-01	4.80e-14
 5.74868e+15	1.11e-03	9.99e-01	5.06e-14
 7.04560e+15	1.11e-03	9.99e-01	5.31e-14
 8.25696e+15	1.12e-03	9.99e-01	5.56e-14
 9.31978e+15	1.13e-03	9.99e-01	5.80e-14
 1.02782e+16	1.14e-03	9.99e-01	6.08e-14
 1.11338e+16	1.15e-03	9.99e-01	6.35e-14
 1.19026e+16	1.17e-03	9.99e-01	6.66e-14
 1.27665e+16	1.20e-03	9.99e-01	7.06e-14
 1.38896e+16	1.24e-03	9.99e-01	7.64e-14
 1.50981e+16	1.28e-03	9.99e-01	8.28e-14
 1.64175e+16	1.32e-03	9.99e-01	9.05e-14
 1.80213e+16	1.38e-03	9.99e-01	9.96e-14
 1.98235e+16	1.44e-03	9.99e-01	1.09e-13
 2.18058e+16	1.50e-03	9.98e-01	1.19e-13
 2.39864e+16	1.58e-03	9.98e-01	1.30e-13
 2.63850e+16	1.66e-03	9.98e-01	1.43e-13
 2.90235e+16	1.77e-03	9.98e-01	1.58e-13
 3.19259e+16	1.90e-03	9.98e-01	1.77e-13
 3.51185e+16	2.07e-03	9.98e-01	2.00e-13
 3.86303e+16	2.28e-03	9.98e-01	2.30e-13
 4.24934e+16	2.55e-03	9.97e-01	2.70e-13
 4.67427e+16	2.90e-03	9.97e-01	3.25e-13
 5.10470e+16	3.35e-03	9.97e-01	3.97e-13
 5.38948e+16	3.75e-03	9.96e-01	4.65e-13
 5.50777e+16	3.93e-03	9.96e-01	4.98e-13
 5.60291e+16	4.07e-03	9.96e-01	5.23e-13
 5.72659e+16	4.26e-03	9.96e-01	5.55e-13
 5.88737e+16	4.53e-03	9.95e-01	6.02e-13
 6.06612e+16	4.86e-03	9.95e-01	6.61e-13
 6.22717e+16	5.21e-03	9.95e-01	7.27e-13
 6.36526e+16	5.52e-03	9.94e-01	7.87e-13
 6.51459e+16	5.89e-03	9.94e-01	8.54e-13
 6.67812e+16	6.34e-03	9.94e-01	9.41e-13
 6.82178e+16	6.78e-03	9.93e-01	1.03e-12
 6.94475e+16	7.20e-03	9.93e-01	1.11e-12
 7.07913e+16	7.67e-03	9.92e-01	1.21e-12
 7.22755e+16	8.27e-03	9.92e-01	1.33e-12
 7.35962e+16	8.87e-03	9.91e-01	1.45e-12
 7.47312e+16	9.43e-03	9.91e-01	1.57e-12
 7.59706e+16	1.01e-02	9.90e-01	1.71e-12
 7.73382e+16	1.09e-02	9.89e-01	1.88e-12
 7.85565e+16	1.18e-02	9.88e-01	2.06e-12
 7.96084e+16	1.26e-02	9.87e-01	2.24e-12
 8.07600e+16	1.35e-02	9.86e-01	2.44e-12
 8.20351e+16	1.47e-02	9.85e-01	2.70e-12
 8.31790e+16	1.60e-02	9.84e-01	3.00e-12
 8.41579e+16	1.72e-02	9.83e-01	3.27e-12
 8.52141e+16	1.86e-02	9.81e-01	3.61e-12
 8.63639e+16	2.04e-02	9.80e-01	4.04e-12
 8.73525e+16	2.23e-02	9.78e-01	4.47e-12
 8.81717e+16	2.39e-02	9.76e-01	4.89e-12
 8.90533e+16	2.60e-02	9.74e-01	5.39e-12
 9.00251e+16	2.86e-02	9.71e-01	6.06e-12
 9.08755e+16	3.13e-02	9.69e-01	6.77e-12
 9.15815e+16	3.39e-02	9.66e-01	7.44e-12
 9.23380e+16	3.70e-02	9.63e-01	8.27e-12
 9.31698e+16	4.10e-02	9.59e-01	9.39e-12
 9.38987e+16	4.52e-02	9.55e-01	1.06e-11
 9.45100e+16	4.93e-02	9.51e-01	1.18e-11
 9.51691e+16	5.43e-02	9.46e-01	1.32e-11
 9.58967e+16	6.11e-02	9.39e-01	1.53e-11
 9.65379e+16	6.82e-02	9.32e-01	1.75e-11
 9.70398e+16	7.50e-02	9.25e-01	1.97e-11
 9.74486e+16	8.13e-02	9.19e-01	2.18e-11
 9.78925e+16	8.89e-02	9.11e-01	2.44e-11
 9.83764e+16	9.90e-02	9.01e-01	2.78e-11
 9.87911e+16	1.09e-01	8.91e-01	3.14e-11
 9.91290e+16	1.18e-01	8.82e-01	3.48e-11
 9.94885e+16	1.29e-01	8.71e-01	3.88e-11
 9.98880e+16	1.43e-01	8.57e-01	4.45e-11
 1.00236e+17	1.58e-01	8.42e-01	5.06e-11
 1.00515e+17	1.71e-01	8.29e-01	5.60e-11
 1.00806e+17	1.86e-01	8.14e-01	6.27e-11
 1.01131e+17	2.05e-01	7.95e-01	7.16e-11
 1.01421e+17	2.25e-01	7.75e-01	8.13e-11
 1.01662e+17	2.43e-01	7.57e-01	9.02e-11
 1.01918e+17	2.64e-01	7.36e-01	1.01e-10
 1.02200e+17	2.90e-01	7.10e-01	1.16e-10
 1.02449e+17	3.15e-01	6.85e-01	1.31e-10
 1.02663e+17	3.38e-01	6.62e-01	1.45e-10
 1.02885e+17	3.63e-01	6.37e-01	1.63e-10
 1.03138e+17	3.95e-01	6.05e-01	1.86e-10
 1.03381e+17	4.29e-01	5.71e-01	2.12e-10
 1.03574e+17	4.56e-01	5.44e-01	2.35e-10
 1.03733e+17	4.79e-01	5.21e-01	2.55e-10
 1.03886e+17	5.01e-01	4.99e-01	2.78e-10
 1.04042e+17	5.25e-01	4.75e-01	3.03e-10
 1.04187e+17	5.47e-01	4.53e-01	3.27e-10
 1.04295e+17	5.64e-01	4.36e-01	3.47e-10
 1.04365e+17	5.74e-01	4.26e-01	3.60e-10
 1.04435e+17	5.84e-01	4.16e-01	3.73e-10
 1.04523e+17	5.97e-01	4.03e-01	3.92e-10
 1.04615e+17	6.12e-01	3.88e-01	4.13e-10
 1.04695e+17	6.24e-01	3.76e-01	4.31e-10
 1.04768e+17	6.36e-01	3.64e-01	4.49e-10
 1.04842e+17	6.47e-01	3.53e-01	4.67e-10
 1.04921e+17	6.59e-01	3.41e-01	4.89e-10
 1.04999e+17	6.71e-01	3.29e-01	5.10e-10
 1.05072e+17	6.83e-01	3.17e-01	5.33e-10
 1.05144e+17	6.93e-01	3.07e-01	5.53e-10
 1.05216e+17	7.04e-01	2.96e-01	5.77e-10
 1.05289e+17	7.15e-01	2.85e-01	6.00e-10
 1.05362e+17	7.26e-01	2.74e-01	6.26e-10
 1.05433e+17	7.36e-01	2.64e-01	6.52e-10
 1.05502e+17	7.46e-01	2.54e-01	6.78e-10
 1.05570e+17	7.55e-01	2.45e-01	7.04e-10
 1.05640e+17	7.65e-01	2.35e-01	7.35e-10
 1.05709e+17	7.74e-01	2.26e-01	7.61e-10
 1.05777e+17	7.83e-01	2.17e-01	7.94e-10
 1.05844e+17	7.92e-01	2.08e-01	8.26e-10
 1.05910e+17	8.00e-01	2.00e-01	8.58e-10
 1.05976e+17	8.08e-01	1.92e-01	8.90e-10
 1.06043e+17	8.16e-01	1.84e-01	9.28e-10
 1.06109e+17	8.24e-01	1.76e-01	9.66e-10
 1.06173e+17	8.31e-01	1.69e-01	1.00e-09
 1.06235e+17	8.38e-01	1.62e-01	1.04e-09
 1.06298e+17	8.45e-01	1.55e-01	1.08e-09
 1.06360e+17	8.51e-01	1.49e-01	1.13e-09
 1.06421e+17	8.57e-01	1.43e-01	1.17e-09
 1.06481e+17	8.63e-01	1.37e-01	1.22e-09
 1.06540e+17	8.69e-01	1.31e-01	1.27e-09
 1.06599e+17	8.74e-01	1.26e-01	1.31e-09
 1.06656e+17	8.79e-01	1.21e-01	1.37e-09
 1.06712e+17	8.84e-01	1.16e-01	1.42e-09
 1.06768e+17	8.89e-01	1.11e-01	1.48e-09
 1.06824e+17	8.94e-01	1.06e-01	1.53e-09
 1.06878e+17	8.98e-01	1.02e-01	1.60e-09
 1.06931e+17	9.02e-01	9.80e-02	1.66e-09
 1.06984e+17	9.06e-01	9.41e-02	1.73e-09
 1.07036e+17	9.10e-01	9.03e-02	1.81e-09
 1.07088e+17	9.13e-01	8.67e-02	1.87e-09
 1.07139e+17	9.17e-01	8.33e-02	1.95e-09
 1.07189e+17	9.20e-01	8.01e-02	2.04e-09
 1.07239e+17	9.23e-01	7.68e-02	2.13e-09
 1.07288e+17	9.26e-01	7.38e-02	2.23e-09
 1.07337e+17	9.29e-01	7.08e-02	2.34e-09
 1.07385e+17	9.32e-01	6.81e-02	2.44e-09
 1.07433e+17	9.35e-01	6.54e-02	2.57e-09
 1.07480e+17	9.37e-01	6.28e-02	2.70e-09
 1.07527e+17	9.40e-01	6.03e-02	2.84e-09
 1.07574e+17	9.42e-01	5.79e-02	3.00e-09
 1.07619e+17	9.44e-01	5.57e-02	3.16e-09
 1.07664e+17	9.46e-01	5.36e-02	3.34e-09
 1.07710e+17	9.48e-01	5.15e-02	3.53e-09
 1.07754e+17	9.51e-01	4.95e-02	3.75e-09
 1.07798e+17	9.52e-01	4.75e-02	4.00e-09
 1.07842e+17	9.54e-01	4.57e-02	4.27e-09
 1.07886e+17	9.56e-01	4.39e-02	4.58e-09
 1.07929e+17	9.58e-01	4.22e-02	4.94e-09
 1.07971e+17	9.59e-01	4.05e-02	5.34e-09
 1.08013e+17	9.61e-01	3.89e-02	5.81e-09
 1.08054e+17	9.63e-01	3.74e-02	6.35e-09
 1.08095e+17	9.64e-01	3.59e-02	6.97e-09
 1.08136e+17	9.65e-01	3.45e-02	7.72e-09
 1.08176e+17	9.67e-01	3.31e-02	8.61e-09
 1.08215e+17	9.68e-01	3.19e-02	9.66e-09
 1.08252e+17	9.69e-01	3.07e-02	1.09e-08
 1.08286e+17	9.70e-01	2.96e-02	1.22e-08
 1.08316e+17	9.71e-01	2.88e-02	1.36e-08
 1.08345e+17	9.72e-01	2.80e-02	1.53e-08
 1.08371e+17	9.73e-01	2.72e-02	1.71e-08
 1.08395e+17	9.73e-01	2.65e-02	1.92e-08
 1.08418e+17	9.74e-01	2.59e-02	2.16e-08
 1.08439e+17	9.75e-01	2.53e-02	2.41e-08
 1.08458e+17	9.75e-01	2.48e-02	2.70e-08
 1.08477e+17	9.76e-01	2.43e-02	3.02e-08
 1.08494e+17	9.76e-01	2.38e-02	3.37e-08
 1.08510e+17	9.77e-01	2.34e-02	3.77e-08
 1.08526e+17	9.77e-01	2.30e-02	4.22e-08
 1.08541e+17	9.77e-01	2.26e-02	4.72e-08
 1.08554e+17	9.78e-01	2.22e-02	5.28e-08
 1.08568e+17	9.78e-01	2.18e-02	5.89e-08
 1.08580e+17	9.79e-01	2.15e-02	6.58e-08
 1.08592e+17	9.79e-01	2.11e-02	7.35e-08
 1.08603e+17	9.79e-01	2.08e-02	8.20e-08
 1.08614e+17	9.79e-01	2.05e-02	9.14e-08
 1.08625e+17	9.80e-01	2.02e-02	1.02e-07
 1.08636e+17	9.80e-01	1.99e-02	1.13e-07
 1.08646e+17	9.80e-01	1.96e-02	1.26e-07
 1.08656e+17	9.81e-01	1.93e-02	1.41e-07
 1.08665e+17	9.81e-01	1.90e-02	1.56e-07
 1.08675e+17	9.81e-01	1.87e-02	1.73e-07
 1.08684e+17	9.82e-01	1.84e-02	1.92e-07
 1.08694e+17	9.82e-01	1.81e-02	2.12e-07
 1.08704e+17	9.82e-01	1.78e-02	2.35e-07
 1.08715e+17	9.83e-01	1.75e-02	2.59e-07
 1.08727e+17	9.83e-01	1.71e-02	2.85e-07
 1.08738e+17	9.83e-01	1.67e-02	3.09e-07
 1.08750e+17	9.84e-01	1.63e-02	3.30e-07
 1.08760e+17	9.84e-01	1.60e-02	3.47e-07
 1.08769e+17	9.84e-01	1.56e-02	3.60e-07
 1.08778e+17	9.85e-01	1.53e-02	3.71e-07
 1.08786e+17	9.85e-01	1.51e-02	3.80e-07
 1.08794e+17	9.85e-01	1.48e-02	3.87e-07
 1.08801e+17	9.85e-01	1.46e-02	3.93e-07
 1.08807e+17	9.86e-01	1.44e-02	3.98e-07
 1.08812e+17	9.86e-01	1.42e-02	4.03e-07
 1.08818e+17	9.86e-01	1.40e-02	4.08e-07
 1.08825e+17	9.86e-01	1.38e-02	4.14e-07
 1.08831e+17	9.86e-01	1.36e-02	4.18e-07
 1.08836e+17	9.87e-01	1.35e-02	4.22e-07
 1.08842e+17	9.87e-01	1.33e-02	4.28e-07
 1.08849e+17	9.87e-01	1.30e-02	4.34e-07
 1.08855e+17	9.87e-01	1.29e-02	4.39e-07
 1.08861e+17	9.87e-01	1.27e-02	4.45e-07
 1.08868e+17	9.88e-01	1.25e-02	4.52e-07
 1.08874e+17	9.88e-01	1.23e-02	4.59e-07
 1.08880e+17	9.88e-01	1.21e-02	4.64e-07
 1.08887e+17	9.88e-01	1.20e-02	4.70e-07
 1.08895e+17	9.88e-01	1.18e-02	4.77e-07
 1.08904e+17	9.88e-01	1.16e-02	4.85e-07
 1.08912e+17	9.89e-01	1.14e-02	4.92e-07
 1.08919e+17	9.89e-01	1.12e-02	4.99e-07
 1.08926e+17	9.89e-01	1.11e-02	5.05e-07
 1.08933e+17	9.89e-01	1.09e-02	5.12e-07
 1.08941e+17	9.89e-01	1.07e-02	5.21e-07
 1.08948e+17	9.89e-01	1.06e-02	5.28e-07
 1.08955e+17	9.90e-01	1.05e-02	5.35e-07
 1.08962e+17	9.90e-01	1.03e-02	5.44e-07
 1.08969e+17	9.90e-01	1.01e-02	5.53e-07
 1.08977e+17	9.90e-01	9.99e-03	5.61e-07
