#depth	O	O+	O+2	O+3	O+4	O+5	O+6	O+7	O+8	O[1]	O[2]	O[3]
 6.48686e+11	4.42e-06	7.80e-03	8.97e-01	9.51e-02	1.50e-05	0.00e+00	0.00e+00	0.00e+00	0.00e+00	3.18e-06	8.16e-07	4.24e-07
 3.89212e+12	4.42e-06	7.80e-03	8.97e-01	9.47e-02	1.49e-05	0.00e+00	0.00e+00	0.00e+00	0.00e+00	3.18e-06	8.15e-07	4.24e-07
 1.68658e+13	4.42e-06	7.81e-03	8.99e-01	9.35e-02	1.46e-05	0.00e+00	0.00e+00	0.00e+00	0.00e+00	3.18e-06	8.16e-07	4.24e-07
 6.87607e+13	4.46e-06	7.86e-03	9.03e-01	8.89e-02	1.35e-05	0.00e+00	0.00e+00	0.00e+00	0.00e+00	3.21e-06	8.23e-07	4.27e-07
 1.64247e+14	4.47e-06	7.92e-03	9.10e-01	8.24e-02	1.19e-05	0.00e+00	0.00e+00	0.00e+00	0.00e+00	3.22e-06	8.28e-07	4.29e-07
 2.88380e+14	4.51e-06	8.01e-03	9.17e-01	7.45e-02	1.01e-05	0.00e+00	0.00e+00	0.00e+00	0.00e+00	3.24e-06	8.34e-07	4.33e-07
 4.49752e+14	4.56e-06	8.11e-03	9.27e-01	6.50e-02	8.17e-06	0.00e+00	0.00e+00	0.00e+00	0.00e+00	3.28e-06	8.43e-07	4.37e-07
 6.59536e+14	4.63e-06	8.24e-03	9.38e-01	5.39e-02	6.11e-06	0.00e+00	0.00e+00	0.00e+00	0.00e+00	3.33e-06	8.56e-07	4.44e-07
 9.32255e+14	4.72e-06	8.40e-03	9.50e-01	4.19e-02	4.14e-06	0.00e+00	0.00e+00	0.00e+00	0.00e+00	3.39e-06	8.71e-07	4.52e-07
 1.28679e+15	4.83e-06	8.58e-03	9.62e-01	2.97e-02	2.45e-06	0.00e+00	0.00e+00	0.00e+00	0.00e+00	3.48e-06	8.92e-07	4.63e-07
 1.74769e+15	4.98e-06	8.78e-03	9.73e-01	1.87e-02	1.21e-06	0.00e+00	0.00e+00	0.00e+00	0.00e+00	3.59e-06	9.19e-07	4.76e-07
 2.34685e+15	5.18e-06	9.01e-03	9.81e-01	1.01e-02	4.76e-07	0.00e+00	0.00e+00	0.00e+00	0.00e+00	3.73e-06	9.54e-07	4.95e-07
 3.12576e+15	5.44e-06	9.27e-03	9.86e-01	4.53e-03	1.42e-07	0.00e+00	0.00e+00	0.00e+00	0.00e+00	3.92e-06	1.00e-06	5.19e-07
 4.13835e+15	5.80e-06	9.58e-03	9.89e-01	1.66e-03	0.00e+00	0.00e+00	0.00e+00	0.00e+00	0.00e+00	4.18e-06	1.06e-06	5.53e-07
 5.45471e+15	6.32e-06	9.98e-03	9.90e-01	4.93e-04	0.00e+00	0.00e+00	0.00e+00	0.00e+00	0.00e+00	4.56e-06	1.16e-06	6.01e-07
 7.16599e+15	7.11e-06	1.05e-02	9.89e-01	1.25e-04	0.00e+00	0.00e+00	0.00e+00	0.00e+00	0.00e+00	5.13e-06	1.30e-06	6.76e-07
 9.39064e+15	8.35e-06	1.13e-02	9.89e-01	3.23e-05	0.00e+00	0.00e+00	0.00e+00	0.00e+00	0.00e+00	6.02e-06	1.53e-06	7.95e-07
 1.21788e+16	1.03e-05	1.23e-02	9.88e-01	1.28e-05	0.00e+00	0.00e+00	0.00e+00	0.00e+00	0.00e+00	7.43e-06	1.89e-06	9.82e-07
 1.52404e+16	1.31e-05	1.36e-02	9.86e-01	8.30e-06	0.00e+00	0.00e+00	0.00e+00	0.00e+00	0.00e+00	9.43e-06	2.40e-06	1.25e-06
 1.82812e+16	1.69e-05	1.51e-02	9.85e-01	6.56e-06	0.00e+00	0.00e+00	0.00e+00	0.00e+00	0.00e+00	1.22e-05	3.11e-06	1.62e-06
 2.07809e+16	2.11e-05	1.65e-02	9.83e-01	5.65e-06	0.00e+00	0.00e+00	0.00e+00	0.00e+00	0.00e+00	1.52e-05	3.89e-06	2.03e-06
 2.28590e+16	2.59e-05	1.79e-02	9.82e-01	5.08e-06	0.00e+00	0.00e+00	0.00e+00	0.00e+00	0.00e+00	1.86e-05	4.80e-06	2.50e-06
 2.51449e+16	3.29e-05	1.97e-02	9.80e-01	4.57e-06	0.00e+00	0.00e+00	0.00e+00	0.00e+00	0.00e+00	2.36e-05	6.11e-06	3.18e-06
 2.76594e+16	4.35e-05	2.20e-02	9.78e-01	4.11e-06	0.00e+00	0.00e+00	0.00e+00	0.00e+00	0.00e+00	3.11e-05	8.10e-06	4.22e-06
 2.95837e+16	5.47e-05	2.42e-02	9.76e-01	3.76e-06	0.00e+00	0.00e+00	0.00e+00	0.00e+00	0.00e+00	3.92e-05	1.02e-05	5.31e-06
 3.05466e+16	6.19e-05	2.54e-02	9.74e-01	3.60e-06	0.00e+00	0.00e+00	0.00e+00	0.00e+00	0.00e+00	4.43e-05	1.16e-05	6.01e-06
 3.13644e+16	6.89e-05	2.66e-02	9.73e-01	3.50e-06	0.00e+00	0.00e+00	0.00e+00	0.00e+00	0.00e+00	4.93e-05	1.29e-05	6.69e-06
 3.24276e+16	7.94e-05	2.82e-02	9.72e-01	3.34e-06	0.00e+00	0.00e+00	0.00e+00	0.00e+00	0.00e+00	5.67e-05	1.49e-05	7.71e-06
 3.36225e+16	9.36e-05	3.03e-02	9.70e-01	3.18e-06	0.00e+00	0.00e+00	0.00e+00	0.00e+00	0.00e+00	6.68e-05	1.76e-05	9.09e-06
 3.47172e+16	1.10e-04	3.25e-02	9.67e-01	3.02e-06	0.00e+00	0.00e+00	0.00e+00	0.00e+00	0.00e+00	7.85e-05	2.08e-05	1.07e-05
 3.56575e+16	1.27e-04	3.46e-02	9.65e-01	2.90e-06	0.00e+00	0.00e+00	0.00e+00	0.00e+00	0.00e+00	9.05e-05	2.40e-05	1.23e-05
 3.66683e+16	1.48e-04	3.71e-02	9.63e-01	2.77e-06	0.00e+00	0.00e+00	0.00e+00	0.00e+00	0.00e+00	1.06e-04	2.82e-05	1.44e-05
 3.77539e+16	1.78e-04	4.03e-02	9.60e-01	2.63e-06	0.00e+00	0.00e+00	0.00e+00	0.00e+00	0.00e+00	1.26e-04	3.38e-05	1.73e-05
 3.86769e+16	2.09e-04	4.34e-02	9.56e-01	2.51e-06	0.00e+00	0.00e+00	0.00e+00	0.00e+00	0.00e+00	1.49e-04	3.98e-05	2.03e-05
 3.94562e+16	2.40e-04	4.63e-02	9.53e-01	2.40e-06	0.00e+00	0.00e+00	0.00e+00	0.00e+00	0.00e+00	1.71e-04	4.59e-05	2.33e-05
 4.03089e+16	2.81e-04	4.99e-02	9.50e-01	2.28e-06	0.00e+00	0.00e+00	0.00e+00	0.00e+00	0.00e+00	2.00e-04	5.38e-05	2.73e-05
 4.12433e+16	3.37e-04	5.44e-02	9.45e-01	2.15e-06	0.00e+00	0.00e+00	0.00e+00	0.00e+00	0.00e+00	2.40e-04	6.47e-05	3.28e-05
 4.20671e+16	3.99e-04	5.90e-02	9.41e-01	2.04e-06	0.00e+00	0.00e+00	0.00e+00	0.00e+00	0.00e+00	2.84e-04	7.68e-05	3.88e-05
 4.27745e+16	4.64e-04	6.35e-02	9.36e-01	1.93e-06	0.00e+00	0.00e+00	0.00e+00	0.00e+00	0.00e+00	3.29e-04	8.95e-05	4.51e-05
 4.35479e+16	5.49e-04	6.91e-02	9.30e-01	1.82e-06	0.00e+00	0.00e+00	0.00e+00	0.00e+00	0.00e+00	3.90e-04	1.06e-04	5.34e-05
 4.43894e+16	6.67e-04	7.61e-02	9.23e-01	1.69e-06	0.00e+00	0.00e+00	0.00e+00	0.00e+00	0.00e+00	4.73e-04	1.29e-04	6.48e-05
 4.51237e+16	7.98e-04	8.32e-02	9.16e-01	1.58e-06	0.00e+00	0.00e+00	0.00e+00	0.00e+00	0.00e+00	5.65e-04	1.55e-04	7.75e-05
 4.57555e+16	9.35e-04	9.02e-02	9.09e-01	1.48e-06	0.00e+00	0.00e+00	0.00e+00	0.00e+00	0.00e+00	6.63e-04	1.81e-04	9.07e-05
 4.64496e+16	1.12e-03	9.90e-02	9.00e-01	1.37e-06	0.00e+00	0.00e+00	0.00e+00	0.00e+00	0.00e+00	7.95e-04	2.17e-04	1.09e-04
 4.72073e+16	1.38e-03	1.10e-01	8.88e-01	1.25e-06	0.00e+00	0.00e+00	0.00e+00	0.00e+00	0.00e+00	9.79e-04	2.68e-04	1.34e-04
 4.78744e+16	1.68e-03	1.22e-01	8.77e-01	1.14e-06	0.00e+00	0.00e+00	0.00e+00	0.00e+00	0.00e+00	1.19e-03	3.25e-04	1.62e-04
 4.84551e+16	2.00e-03	1.33e-01	8.65e-01	1.05e-06	0.00e+00	0.00e+00	0.00e+00	0.00e+00	0.00e+00	1.42e-03	3.87e-04	1.93e-04
 4.90969e+16	2.44e-03	1.48e-01	8.50e-01	9.45e-07	0.00e+00	0.00e+00	0.00e+00	0.00e+00	0.00e+00	1.73e-03	4.74e-04	2.36e-04
 4.97848e+16	3.07e-03	1.67e-01	8.30e-01	8.36e-07	0.00e+00	0.00e+00	0.00e+00	0.00e+00	0.00e+00	2.18e-03	5.95e-04	2.96e-04
 5.03638e+16	3.76e-03	1.85e-01	8.11e-01	7.45e-07	0.00e+00	0.00e+00	0.00e+00	0.00e+00	0.00e+00	2.67e-03	7.28e-04	3.63e-04
 5.08430e+16	4.49e-03	2.02e-01	7.93e-01	6.69e-07	0.00e+00	0.00e+00	0.00e+00	0.00e+00	0.00e+00	3.19e-03	8.68e-04	4.32e-04
 5.13608e+16	5.46e-03	2.24e-01	7.71e-01	5.90e-07	0.00e+00	0.00e+00	0.00e+00	0.00e+00	0.00e+00	3.88e-03	1.06e-03	5.25e-04
 5.19240e+16	6.84e-03	2.51e-01	7.43e-01	5.05e-07	0.00e+00	0.00e+00	0.00e+00	0.00e+00	0.00e+00	4.86e-03	1.32e-03	6.58e-04
 5.24089e+16	8.39e-03	2.77e-01	7.14e-01	4.37e-07	0.00e+00	0.00e+00	0.00e+00	0.00e+00	0.00e+00	5.96e-03	1.62e-03	8.06e-04
 5.28122e+16	1.00e-02	3.02e-01	6.88e-01	3.82e-07	0.00e+00	0.00e+00	0.00e+00	0.00e+00	0.00e+00	7.11e-03	1.93e-03	9.60e-04
 5.32468e+16	1.22e-02	3.32e-01	6.55e-01	3.25e-07	0.00e+00	0.00e+00	0.00e+00	0.00e+00	0.00e+00	8.65e-03	2.34e-03	1.17e-03
 5.37191e+16	1.52e-02	3.69e-01	6.16e-01	2.66e-07	0.00e+00	0.00e+00	0.00e+00	0.00e+00	0.00e+00	1.08e-02	2.93e-03	1.46e-03
 5.41274e+16	1.86e-02	4.05e-01	5.77e-01	2.19e-07	0.00e+00	0.00e+00	0.00e+00	0.00e+00	0.00e+00	1.32e-02	3.57e-03	1.78e-03
 5.44719e+16	2.22e-02	4.37e-01	5.41e-01	1.83e-07	0.00e+00	0.00e+00	0.00e+00	0.00e+00	0.00e+00	1.58e-02	4.25e-03	2.12e-03
 5.48465e+16	2.69e-02	4.75e-01	4.98e-01	1.46e-07	0.00e+00	0.00e+00	0.00e+00	0.00e+00	0.00e+00	1.92e-02	5.16e-03	2.57e-03
 5.52558e+16	3.36e-02	5.19e-01	4.48e-01	0.00e+00	0.00e+00	0.00e+00	0.00e+00	0.00e+00	0.00e+00	2.39e-02	6.43e-03	3.21e-03
 5.56120e+16	4.11e-02	5.59e-01	4.00e-01	0.00e+00	0.00e+00	0.00e+00	0.00e+00	0.00e+00	0.00e+00	2.93e-02	7.84e-03	3.92e-03
 5.59130e+16	4.90e-02	5.93e-01	3.58e-01	0.00e+00	0.00e+00	0.00e+00	0.00e+00	0.00e+00	0.00e+00	3.49e-02	9.32e-03	4.67e-03
 5.62402e+16	5.94e-02	6.30e-01	3.11e-01	0.00e+00	0.00e+00	0.00e+00	0.00e+00	0.00e+00	0.00e+00	4.25e-02	1.13e-02	5.66e-03
 5.65980e+16	7.39e-02	6.67e-01	2.59e-01	0.00e+00	0.00e+00	0.00e+00	0.00e+00	0.00e+00	0.00e+00	5.29e-02	1.40e-02	7.03e-03
 5.68726e+16	8.81e-02	6.93e-01	2.19e-01	0.00e+00	0.00e+00	0.00e+00	0.00e+00	0.00e+00	0.00e+00	6.31e-02	1.66e-02	8.37e-03
 5.70455e+16	9.84e-02	7.07e-01	1.95e-01	0.00e+00	0.00e+00	0.00e+00	0.00e+00	0.00e+00	0.00e+00	7.06e-02	1.85e-02	9.34e-03
 5.72089e+16	1.09e-01	7.18e-01	1.72e-01	0.00e+00	0.00e+00	0.00e+00	0.00e+00	0.00e+00	0.00e+00	7.84e-02	2.04e-02	1.04e-02
 5.74214e+16	1.25e-01	7.30e-01	1.45e-01	0.00e+00	0.00e+00	0.00e+00	0.00e+00	0.00e+00	0.00e+00	8.99e-02	2.33e-02	1.18e-02
 5.76377e+16	1.45e-01	7.36e-01	1.19e-01	0.00e+00	0.00e+00	0.00e+00	0.00e+00	0.00e+00	0.00e+00	1.04e-01	2.67e-02	1.37e-02
 5.78024e+16	1.61e-01	7.38e-01	1.01e-01	0.00e+00	0.00e+00	0.00e+00	0.00e+00	0.00e+00	0.00e+00	1.16e-01	2.96e-02	1.52e-02
 5.79343e+16	1.76e-01	7.36e-01	8.79e-02	0.00e+00	0.00e+00	0.00e+00	0.00e+00	0.00e+00	0.00e+00	1.27e-01	3.22e-02	1.66e-02
 5.80800e+16	1.94e-01	7.32e-01	7.43e-02	0.00e+00	0.00e+00	0.00e+00	0.00e+00	0.00e+00	0.00e+00	1.40e-01	3.52e-02	1.82e-02
 5.82412e+16	2.16e-01	7.23e-01	6.08e-02	0.00e+00	0.00e+00	0.00e+00	0.00e+00	0.00e+00	0.00e+00	1.57e-01	3.89e-02	2.02e-02
 5.83854e+16	2.38e-01	7.12e-01	5.00e-02	0.00e+00	0.00e+00	0.00e+00	0.00e+00	0.00e+00	0.00e+00	1.73e-01	4.26e-02	2.23e-02
 5.85070e+16	2.58e-01	7.00e-01	4.20e-02	0.00e+00	0.00e+00	0.00e+00	0.00e+00	0.00e+00	0.00e+00	1.88e-01	4.57e-02	2.40e-02
 5.86365e+16	2.82e-01	6.84e-01	3.44e-02	0.00e+00	0.00e+00	0.00e+00	0.00e+00	0.00e+00	0.00e+00	2.06e-01	4.94e-02	2.61e-02
 5.87772e+16	3.10e-01	6.63e-01	2.73e-02	0.00e+00	0.00e+00	0.00e+00	0.00e+00	0.00e+00	0.00e+00	2.27e-01	5.37e-02	2.86e-02
 5.88991e+16	3.36e-01	6.42e-01	2.20e-02	0.00e+00	0.00e+00	0.00e+00	0.00e+00	0.00e+00	0.00e+00	2.48e-01	5.75e-02	3.09e-02
 5.90026e+16	3.59e-01	6.23e-01	1.82e-02	0.00e+00	0.00e+00	0.00e+00	0.00e+00	0.00e+00	0.00e+00	2.65e-01	6.08e-02	3.28e-02
 5.91157e+16	3.87e-01	5.99e-01	1.45e-02	0.00e+00	0.00e+00	0.00e+00	0.00e+00	0.00e+00	0.00e+00	2.87e-01	6.45e-02	3.52e-02
 5.92394e+16	4.18e-01	5.71e-01	1.13e-02	0.00e+00	0.00e+00	0.00e+00	0.00e+00	0.00e+00	0.00e+00	3.12e-01	6.85e-02	3.77e-02
 5.93508e+16	4.49e-01	5.43e-01	8.81e-03	0.00e+00	0.00e+00	0.00e+00	0.00e+00	0.00e+00	0.00e+00	3.36e-01	7.22e-02	4.01e-02
 5.94492e+16	4.75e-01	5.18e-01	7.05e-03	0.00e+00	0.00e+00	0.00e+00	0.00e+00	0.00e+00	0.00e+00	3.58e-01	7.52e-02	4.22e-02
 5.95398e+16	5.00e-01	4.94e-01	5.68e-03	0.00e+00	0.00e+00	0.00e+00	0.00e+00	0.00e+00	0.00e+00	3.78e-01	7.78e-02	4.40e-02
 5.96271e+16	5.26e-01	4.69e-01	4.56e-03	0.00e+00	0.00e+00	0.00e+00	0.00e+00	0.00e+00	0.00e+00	4.00e-01	8.03e-02	4.59e-02
 5.97139e+16	5.51e-01	4.45e-01	3.65e-03	0.00e+00	0.00e+00	0.00e+00	0.00e+00	0.00e+00	0.00e+00	4.21e-01	8.25e-02	4.76e-02
 5.97941e+16	5.75e-01	4.22e-01	2.95e-03	0.00e+00	0.00e+00	0.00e+00	0.00e+00	0.00e+00	0.00e+00	4.41e-01	8.44e-02	4.92e-02
 5.98658e+16	5.96e-01	4.02e-01	2.42e-03	0.00e+00	0.00e+00	0.00e+00	0.00e+00	0.00e+00	0.00e+00	4.59e-01	8.57e-02	5.04e-02
 5.99223e+16	6.12e-01	3.86e-01	2.08e-03	0.00e+00	0.00e+00	0.00e+00	0.00e+00	0.00e+00	0.00e+00	4.73e-01	8.67e-02	5.13e-02
 5.99611e+16	6.22e-01	3.76e-01	1.87e-03	0.00e+00	0.00e+00	0.00e+00	0.00e+00	0.00e+00	0.00e+00	4.83e-01	8.72e-02	5.19e-02
 5.99981e+16	6.32e-01	3.66e-01	1.68e-03	0.00e+00	0.00e+00	0.00e+00	0.00e+00	0.00e+00	0.00e+00	4.92e-01	8.76e-02	5.25e-02
 6.00417e+16	6.45e-01	3.54e-01	1.47e-03	0.00e+00	0.00e+00	0.00e+00	0.00e+00	0.00e+00	0.00e+00	5.04e-01	8.81e-02	5.31e-02
 6.00878e+16	6.58e-01	3.41e-01	1.28e-03	0.00e+00	0.00e+00	0.00e+00	0.00e+00	0.00e+00	0.00e+00	5.16e-01	8.86e-02	5.37e-02
 6.01304e+16	6.70e-01	3.29e-01	1.13e-03	0.00e+00	0.00e+00	0.00e+00	0.00e+00	0.00e+00	0.00e+00	5.27e-01	8.89e-02	5.43e-02
 6.01704e+16	6.81e-01	3.18e-01	9.97e-04	0.00e+00	0.00e+00	0.00e+00	0.00e+00	0.00e+00	0.00e+00	5.37e-01	8.91e-02	5.47e-02
 6.02101e+16	6.92e-01	3.07e-01	8.80e-04	0.00e+00	0.00e+00	0.00e+00	0.00e+00	0.00e+00	0.00e+00	5.47e-01	8.93e-02	5.51e-02
 6.02508e+16	7.03e-01	2.96e-01	7.72e-04	0.00e+00	0.00e+00	0.00e+00	0.00e+00	0.00e+00	0.00e+00	5.58e-01	8.94e-02	5.55e-02
 6.02915e+16	7.14e-01	2.85e-01	6.76e-04	0.00e+00	0.00e+00	0.00e+00	0.00e+00	0.00e+00	0.00e+00	5.69e-01	8.94e-02	5.59e-02
 6.03307e+16	7.25e-01	2.75e-01	5.95e-04	0.00e+00	0.00e+00	0.00e+00	0.00e+00	0.00e+00	0.00e+00	5.79e-01	8.93e-02	5.62e-02
 6.03693e+16	7.35e-01	2.65e-01	5.22e-04	0.00e+00	0.00e+00	0.00e+00	0.00e+00	0.00e+00	0.00e+00	5.89e-01	8.92e-02	5.65e-02
 6.04079e+16	7.45e-01	2.55e-01	4.59e-04	0.00e+00	0.00e+00	0.00e+00	0.00e+00	0.00e+00	0.00e+00	5.99e-01	8.90e-02	5.67e-02
 6.04466e+16	7.55e-01	2.45e-01	4.01e-04	0.00e+00	0.00e+00	0.00e+00	0.00e+00	0.00e+00	0.00e+00	6.09e-01	8.87e-02	5.68e-02
 6.04848e+16	7.64e-01	2.36e-01	3.52e-04	0.00e+00	0.00e+00	0.00e+00	0.00e+00	0.00e+00	0.00e+00	6.19e-01	8.85e-02	5.70e-02
 6.05226e+16	7.73e-01	2.26e-01	3.07e-04	0.00e+00	0.00e+00	0.00e+00	0.00e+00	0.00e+00	0.00e+00	6.28e-01	8.81e-02	5.71e-02
 6.05606e+16	7.83e-01	2.17e-01	2.68e-04	0.00e+00	0.00e+00	0.00e+00	0.00e+00	0.00e+00	0.00e+00	6.38e-01	8.76e-02	5.71e-02
 6.05976e+16	7.91e-01	2.08e-01	2.35e-04	0.00e+00	0.00e+00	0.00e+00	0.00e+00	0.00e+00	0.00e+00	6.47e-01	8.71e-02	5.71e-02
 6.06339e+16	7.99e-01	2.00e-01	2.06e-04	0.00e+00	0.00e+00	0.00e+00	0.00e+00	0.00e+00	0.00e+00	6.56e-01	8.66e-02	5.71e-02
 6.06710e+16	8.08e-01	1.92e-01	1.79e-04	0.00e+00	0.00e+00	0.00e+00	0.00e+00	0.00e+00	0.00e+00	6.65e-01	8.60e-02	5.70e-02
 6.07078e+16	8.16e-01	1.84e-01	1.56e-04	0.00e+00	0.00e+00	0.00e+00	0.00e+00	0.00e+00	0.00e+00	6.73e-01	8.54e-02	5.69e-02
 6.07441e+16	8.24e-01	1.76e-01	1.36e-04	0.00e+00	0.00e+00	0.00e+00	0.00e+00	0.00e+00	0.00e+00	6.82e-01	8.48e-02	5.68e-02
 6.07801e+16	8.31e-01	1.69e-01	1.18e-04	0.00e+00	0.00e+00	0.00e+00	0.00e+00	0.00e+00	0.00e+00	6.90e-01	8.41e-02	5.66e-02
 6.08156e+16	8.38e-01	1.62e-01	1.03e-04	0.00e+00	0.00e+00	0.00e+00	0.00e+00	0.00e+00	0.00e+00	6.98e-01	8.34e-02	5.64e-02
 6.08508e+16	8.45e-01	1.55e-01	9.01e-05	0.00e+00	0.00e+00	0.00e+00	0.00e+00	0.00e+00	0.00e+00	7.06e-01	8.27e-02	5.62e-02
 6.08864e+16	8.52e-01	1.48e-01	7.82e-05	0.00e+00	0.00e+00	0.00e+00	0.00e+00	0.00e+00	0.00e+00	7.14e-01	8.19e-02	5.60e-02
 6.09219e+16	8.58e-01	1.42e-01	6.78e-05	0.00e+00	0.00e+00	0.00e+00	0.00e+00	0.00e+00	0.00e+00	7.21e-01	8.11e-02	5.57e-02
 6.09564e+16	8.64e-01	1.36e-01	5.91e-05	0.00e+00	0.00e+00	0.00e+00	0.00e+00	0.00e+00	0.00e+00	7.29e-01	8.03e-02	5.54e-02
 6.09901e+16	8.70e-01	1.30e-01	5.16e-05	0.00e+00	0.00e+00	0.00e+00	0.00e+00	0.00e+00	0.00e+00	7.35e-01	7.96e-02	5.51e-02
 6.10235e+16	8.76e-01	1.24e-01	4.49e-05	0.00e+00	0.00e+00	0.00e+00	0.00e+00	0.00e+00	0.00e+00	7.42e-01	7.88e-02	5.48e-02
 6.10569e+16	8.81e-01	1.19e-01	3.92e-05	0.00e+00	0.00e+00	0.00e+00	0.00e+00	0.00e+00	0.00e+00	7.49e-01	7.80e-02	5.44e-02
 6.10899e+16	8.86e-01	1.14e-01	3.41e-05	0.00e+00	0.00e+00	0.00e+00	0.00e+00	0.00e+00	0.00e+00	7.55e-01	7.72e-02	5.41e-02
 6.11223e+16	8.91e-01	1.09e-01	2.98e-05	0.00e+00	0.00e+00	0.00e+00	0.00e+00	0.00e+00	0.00e+00	7.61e-01	7.65e-02	5.38e-02
 6.11538e+16	8.96e-01	1.04e-01	2.61e-05	0.00e+00	0.00e+00	0.00e+00	0.00e+00	0.00e+00	0.00e+00	7.67e-01	7.57e-02	5.34e-02
 6.11846e+16	9.00e-01	1.00e-01	2.29e-05	0.00e+00	0.00e+00	0.00e+00	0.00e+00	0.00e+00	0.00e+00	7.72e-01	7.50e-02	5.30e-02
 6.12155e+16	9.04e-01	9.58e-02	2.01e-05	0.00e+00	0.00e+00	0.00e+00	0.00e+00	0.00e+00	0.00e+00	7.77e-01	7.42e-02	5.27e-02
 6.12464e+16	9.08e-01	9.18e-02	1.76e-05	0.00e+00	0.00e+00	0.00e+00	0.00e+00	0.00e+00	0.00e+00	7.82e-01	7.35e-02	5.23e-02
 6.12765e+16	9.12e-01	8.79e-02	1.54e-05	0.00e+00	0.00e+00	0.00e+00	0.00e+00	0.00e+00	0.00e+00	7.87e-01	7.28e-02	5.20e-02
 6.13057e+16	9.16e-01	8.43e-02	1.36e-05	0.00e+00	0.00e+00	0.00e+00	0.00e+00	0.00e+00	0.00e+00	7.92e-01	7.21e-02	5.16e-02
 6.13349e+16	9.19e-01	8.10e-02	1.20e-05	0.00e+00	0.00e+00	0.00e+00	0.00e+00	0.00e+00	0.00e+00	7.96e-01	7.14e-02	5.13e-02
 6.13642e+16	9.22e-01	7.76e-02	1.05e-05	0.00e+00	0.00e+00	0.00e+00	0.00e+00	0.00e+00	0.00e+00	8.01e-01	7.07e-02	5.09e-02
 6.13929e+16	9.26e-01	7.44e-02	9.26e-06	0.00e+00	0.00e+00	0.00e+00	0.00e+00	0.00e+00	0.00e+00	8.05e-01	7.01e-02	5.05e-02
 6.14208e+16	9.29e-01	7.14e-02	8.17e-06	0.00e+00	0.00e+00	0.00e+00	0.00e+00	0.00e+00	0.00e+00	8.09e-01	6.94e-02	5.02e-02
 6.14488e+16	9.31e-01	6.85e-02	7.21e-06	0.00e+00	0.00e+00	0.00e+00	0.00e+00	0.00e+00	0.00e+00	8.13e-01	6.88e-02	4.98e-02
 6.14766e+16	9.34e-01	6.57e-02	6.37e-06	0.00e+00	0.00e+00	0.00e+00	0.00e+00	0.00e+00	0.00e+00	8.17e-01	6.82e-02	4.95e-02
 6.15038e+16	9.37e-01	6.31e-02	5.64e-06	0.00e+00	0.00e+00	0.00e+00	0.00e+00	0.00e+00	0.00e+00	8.20e-01	6.76e-02	4.92e-02
 6.15308e+16	9.39e-01	6.06e-02	4.99e-06	0.00e+00	0.00e+00	0.00e+00	0.00e+00	0.00e+00	0.00e+00	8.24e-01	6.70e-02	4.88e-02
 6.15577e+16	9.42e-01	5.81e-02	4.41e-06	0.00e+00	0.00e+00	0.00e+00	0.00e+00	0.00e+00	0.00e+00	8.27e-01	6.64e-02	4.84e-02
 6.15842e+16	9.44e-01	5.58e-02	3.91e-06	0.00e+00	0.00e+00	0.00e+00	0.00e+00	0.00e+00	0.00e+00	8.30e-01	6.59e-02	4.80e-02
 6.16106e+16	9.46e-01	5.36e-02	3.46e-06	0.00e+00	0.00e+00	0.00e+00	0.00e+00	0.00e+00	0.00e+00	8.33e-01	6.53e-02	4.77e-02
 6.16369e+16	9.49e-01	5.15e-02	3.07e-06	0.00e+00	0.00e+00	0.00e+00	0.00e+00	0.00e+00	0.00e+00	8.36e-01	6.48e-02	4.73e-02
 6.16625e+16	9.51e-01	4.94e-02	2.73e-06	0.00e+00	0.00e+00	0.00e+00	0.00e+00	0.00e+00	0.00e+00	8.39e-01	6.43e-02	4.70e-02
 6.16877e+16	9.53e-01	4.75e-02	2.43e-06	0.00e+00	0.00e+00	0.00e+00	0.00e+00	0.00e+00	0.00e+00	8.42e-01	6.38e-02	4.66e-02
 6.17133e+16	9.54e-01	4.56e-02	2.16e-06	0.00e+00	0.00e+00	0.00e+00	0.00e+00	0.00e+00	0.00e+00	8.45e-01	6.33e-02	4.63e-02
 6.17393e+16	9.56e-01	4.38e-02	1.91e-06	0.00e+00	0.00e+00	0.00e+00	0.00e+00	0.00e+00	0.00e+00	8.47e-01	6.28e-02	4.60e-02
 6.17641e+16	9.58e-01	4.20e-02	1.70e-06	0.00e+00	0.00e+00	0.00e+00	0.00e+00	0.00e+00	0.00e+00	8.50e-01	6.23e-02	4.56e-02
 6.17877e+16	9.60e-01	4.04e-02	1.53e-06	0.00e+00	0.00e+00	0.00e+00	0.00e+00	0.00e+00	0.00e+00	8.52e-01	6.19e-02	4.53e-02
 6.18123e+16	9.61e-01	3.88e-02	1.36e-06	0.00e+00	0.00e+00	0.00e+00	0.00e+00	0.00e+00	0.00e+00	8.55e-01	6.14e-02	4.50e-02
 6.18377e+16	9.63e-01	3.72e-02	1.20e-06	0.00e+00	0.00e+00	0.00e+00	0.00e+00	0.00e+00	0.00e+00	8.57e-01	6.10e-02	4.47e-02
 6.18622e+16	9.64e-01	3.57e-02	1.07e-06	0.00e+00	0.00e+00	0.00e+00	0.00e+00	0.00e+00	0.00e+00	8.59e-01	6.06e-02	4.44e-02
 6.18856e+16	9.66e-01	3.44e-02	9.63e-07	0.00e+00	0.00e+00	0.00e+00	0.00e+00	0.00e+00	0.00e+00	8.61e-01	6.02e-02	4.41e-02
 6.19087e+16	9.67e-01	3.31e-02	8.64e-07	0.00e+00	0.00e+00	0.00e+00	0.00e+00	0.00e+00	0.00e+00	8.63e-01	5.98e-02	4.39e-02
 6.19318e+16	9.68e-01	3.18e-02	7.74e-07	0.00e+00	0.00e+00	0.00e+00	0.00e+00	0.00e+00	0.00e+00	8.65e-01	5.95e-02	4.36e-02
 6.19552e+16	9.69e-01	3.05e-02	6.93e-07	0.00e+00	0.00e+00	0.00e+00	0.00e+00	0.00e+00	0.00e+00	8.67e-01	5.91e-02	4.33e-02
 6.19785e+16	9.71e-01	2.93e-02	6.20e-07	0.00e+00	0.00e+00	0.00e+00	0.00e+00	0.00e+00	0.00e+00	8.69e-01	5.87e-02	4.31e-02
 6.20014e+16	9.72e-01	2.81e-02	5.55e-07	0.00e+00	0.00e+00	0.00e+00	0.00e+00	0.00e+00	0.00e+00	8.71e-01	5.84e-02	4.28e-02
 6.20238e+16	9.73e-01	2.70e-02	4.99e-07	0.00e+00	0.00e+00	0.00e+00	0.00e+00	0.00e+00	0.00e+00	8.72e-01	5.80e-02	4.26e-02
 6.20459e+16	9.74e-01	2.60e-02	4.49e-07	0.00e+00	0.00e+00	0.00e+00	0.00e+00	0.00e+00	0.00e+00	8.74e-01	5.77e-02	4.23e-02
 6.20679e+16	9.75e-01	2.49e-02	4.04e-07	0.00e+00	0.00e+00	0.00e+00	0.00e+00	0.00e+00	0.00e+00	8.76e-01	5.74e-02	4.21e-02
 6.20898e+16	9.76e-01	2.39e-02	3.64e-07	0.00e+00	0.00e+00	0.00e+00	0.00e+00	0.00e+00	0.00e+00	8.77e-01	5.71e-02	4.18e-02
 6.21114e+16	9.77e-01	2.29e-02	3.28e-07	0.00e+00	0.00e+00	0.00e+00	0.00e+00	0.00e+00	0.00e+00	8.79e-01	5.68e-02	4.16e-02
 6.21325e+16	9.78e-01	2.20e-02	2.96e-07	0.00e+00	0.00e+00	0.00e+00	0.00e+00	0.00e+00	0.00e+00	8.80e-01	5.65e-02	4.14e-02
 6.21525e+16	9.79e-01	2.12e-02	2.69e-07	0.00e+00	0.00e+00	0.00e+00	0.00e+00	0.00e+00	0.00e+00	8.81e-01	5.62e-02	4.12e-02
 6.21710e+16	9.80e-01	2.04e-02	2.46e-07	0.00e+00	0.00e+00	0.00e+00	0.00e+00	0.00e+00	0.00e+00	8.83e-01	5.59e-02	4.10e-02
 6.21881e+16	9.80e-01	1.97e-02	2.27e-07	0.00e+00	0.00e+00	0.00e+00	0.00e+00	0.00e+00	0.00e+00	8.84e-01	5.57e-02	4.08e-02
 6.22036e+16	9.81e-01	1.91e-02	2.11e-07	0.00e+00	0.00e+00	0.00e+00	0.00e+00	0.00e+00	0.00e+00	8.85e-01	5.55e-02	4.06e-02
 6.22181e+16	9.81e-01	1.86e-02	1.97e-07	0.00e+00	0.00e+00	0.00e+00	0.00e+00	0.00e+00	0.00e+00	8.86e-01	5.53e-02	4.05e-02
 6.22320e+16	9.82e-01	1.81e-02	1.85e-07	0.00e+00	0.00e+00	0.00e+00	0.00e+00	0.00e+00	0.00e+00	8.86e-01	5.51e-02	4.03e-02
 6.22447e+16	9.82e-01	1.76e-02	1.74e-07	0.00e+00	0.00e+00	0.00e+00	0.00e+00	0.00e+00	0.00e+00	8.87e-01	5.49e-02	4.02e-02
 6.22566e+16	9.83e-01	1.72e-02	1.64e-07	0.00e+00	0.00e+00	0.00e+00	0.00e+00	0.00e+00	0.00e+00	8.88e-01	5.48e-02	4.00e-02
 6.22678e+16	9.83e-01	1.67e-02	1.56e-07	0.00e+00	0.00e+00	0.00e+00	0.00e+00	0.00e+00	0.00e+00	8.89e-01	5.46e-02	3.99e-02
 6.22787e+16	9.84e-01	1.63e-02	1.48e-07	0.00e+00	0.00e+00	0.00e+00	0.00e+00	0.00e+00	0.00e+00	8.89e-01	5.44e-02	3.98e-02
 6.22891e+16	9.84e-01	1.60e-02	1.41e-07	0.00e+00	0.00e+00	0.00e+00	0.00e+00	0.00e+00	0.00e+00	8.90e-01	5.43e-02	3.97e-02
 6.22989e+16	9.84e-01	1.56e-02	1.34e-07	0.00e+00	0.00e+00	0.00e+00	0.00e+00	0.00e+00	0.00e+00	8.91e-01	5.41e-02	3.95e-02
 6.23083e+16	9.85e-01	1.53e-02	1.28e-07	0.00e+00	0.00e+00	0.00e+00	0.00e+00	0.00e+00	0.00e+00	8.91e-01	5.39e-02	3.94e-02
 6.23173e+16	9.85e-01	1.49e-02	1.23e-07	0.00e+00	0.00e+00	0.00e+00	0.00e+00	0.00e+00	0.00e+00	8.92e-01	5.38e-02	3.93e-02
 6.23260e+16	9.85e-01	1.46e-02	1.18e-07	0.00e+00	0.00e+00	0.00e+00	0.00e+00	0.00e+00	0.00e+00	8.93e-01	5.36e-02	3.92e-02
 6.23344e+16	9.86e-01	1.43e-02	1.13e-07	0.00e+00	0.00e+00	0.00e+00	0.00e+00	0.00e+00	0.00e+00	8.93e-01	5.35e-02	3.90e-02
 6.23426e+16	9.86e-01	1.40e-02	1.09e-07	0.00e+00	0.00e+00	0.00e+00	0.00e+00	0.00e+00	0.00e+00	8.94e-01	5.33e-02	3.89e-02
 6.23507e+16	9.86e-01	1.37e-02	1.05e-07	0.00e+00	0.00e+00	0.00e+00	0.00e+00	0.00e+00	0.00e+00	8.94e-01	5.32e-02	3.88e-02
 6.23588e+16	9.87e-01	1.34e-02	1.00e-07	0.00e+00	0.00e+00	0.00e+00	0.00e+00	0.00e+00	0.00e+00	8.95e-01	5.30e-02	3.87e-02
 6.23669e+16	9.87e-01	1.31e-02	9.64e-08	0.00e+00	0.00e+00	0.00e+00	0.00e+00	0.00e+00	0.00e+00	8.96e-01	5.29e-02	3.85e-02
 6.23752e+16	9.87e-01	1.27e-02	9.25e-08	0.00e+00	0.00e+00	0.00e+00	0.00e+00	0.00e+00	0.00e+00	8.96e-01	5.27e-02	3.84e-02
 6.23837e+16	9.88e-01	1.24e-02	8.85e-08	0.00e+00	0.00e+00	0.00e+00	0.00e+00	0.00e+00	0.00e+00	8.97e-01	5.25e-02	3.82e-02
 6.23925e+16	9.88e-01	1.20e-02	8.45e-08	0.00e+00	0.00e+00	0.00e+00	0.00e+00	0.00e+00	0.00e+00	8.98e-01	5.23e-02	3.80e-02
 6.24011e+16	9.88e-01	1.17e-02	8.09e-08	0.00e+00	0.00e+00	0.00e+00	0.00e+00	0.00e+00	0.00e+00	8.98e-01	5.21e-02	3.79e-02
 6.24090e+16	9.89e-01	1.14e-02	7.76e-08	0.00e+00	0.00e+00	0.00e+00	0.00e+00	0.00e+00	0.00e+00	8.99e-01	5.19e-02	3.77e-02
 6.24161e+16	9.89e-01	1.11e-02	7.47e-08	0.00e+00	0.00e+00	0.00e+00	0.00e+00	0.00e+00	0.00e+00	9.00e-01	5.17e-02	3.75e-02
 6.24226e+16	9.89e-01	1.08e-02	7.22e-08	0.00e+00	0.00e+00	0.00e+00	0.00e+00	0.00e+00	0.00e+00	9.00e-01	5.15e-02	3.74e-02
 6.24289e+16	9.89e-01	1.05e-02	6.97e-08	0.00e+00	0.00e+00	0.00e+00	0.00e+00	0.00e+00	0.00e+00	9.01e-01	5.13e-02	3.72e-02
 6.24351e+16	9.90e-01	1.03e-02	6.74e-08	0.00e+00	0.00e+00	0.00e+00	0.00e+00	0.00e+00	0.00e+00	9.02e-01	5.11e-02	3.70e-02
 6.24411e+16	9.90e-01	1.00e-02	6.52e-08	0.00e+00	0.00e+00	0.00e+00	0.00e+00	0.00e+00	0.00e+00	9.02e-01	5.10e-02	3.69e-02
 6.24465e+16	9.90e-01	9.82e-03	6.32e-08	0.00e+00	0.00e+00	0.00e+00	0.00e+00	0.00e+00	0.00e+00	9.03e-01	5.08e-02	3.67e-02
 6.24514e+16	9.90e-01	9.62e-03	6.14e-08	0.00e+00	0.00e+00	0.00e+00	0.00e+00	0.00e+00	0.00e+00	9.03e-01	5.06e-02	3.66e-02
 6.24559e+16	9.91e-01	9.44e-03	5.98e-08	0.00e+00	0.00e+00	0.00e+00	0.00e+00	0.00e+00	0.00e+00	9.04e-01	5.05e-02	3.64e-02
 6.24600e+16	9.91e-01	9.27e-03	5.84e-08	0.00e+00	0.00e+00	0.00e+00	0.00e+00	0.00e+00	0.00e+00	9.04e-01	5.03e-02	3.63e-02
 6.24637e+16	9.91e-01	9.14e-03	5.72e-08	0.00e+00	0.00e+00	0.00e+00	0.00e+00	0.00e+00	0.00e+00	9.04e-01	5.02e-02	3.62e-02
 6.24678e+16	9.91e-01	8.96e-03	5.56e-08	0.00e+00	0.00e+00	0.00e+00	0.00e+00	0.00e+00	0.00e+00	9.05e-01	5.00e-02	3.61e-02
 6.24722e+16	9.91e-01	8.80e-03	5.42e-08	0.00e+00	0.00e+00	0.00e+00	0.00e+00	0.00e+00	0.00e+00	9.05e-01	4.99e-02	3.59e-02
 6.24762e+16	9.91e-01	8.65e-03	5.29e-08	0.00e+00	0.00e+00	0.00e+00	0.00e+00	0.00e+00	0.00e+00	9.06e-01	4.97e-02	3.58e-02
 6.24798e+16	9.91e-01	8.52e-03	5.17e-08	0.00e+00	0.00e+00	0.00e+00	0.00e+00	0.00e+00	0.00e+00	9.06e-01	4.95e-02	3.57e-02
 6.24831e+16	9.92e-01	8.40e-03	5.06e-08	0.00e+00	0.00e+00	0.00e+00	0.00e+00	0.00e+00	0.00e+00	9.07e-01	4.94e-02	3.56e-02
 6.24868e+16	9.92e-01	8.26e-03	4.94e-08	0.00e+00	0.00e+00	0.00e+00	0.00e+00	0.00e+00	0.00e+00	9.07e-01	4.92e-02	3.54e-02
 6.24907e+16	9.92e-01	8.11e-03	4.81e-08	0.00e+00	0.00e+00	0.00e+00	0.00e+00	0.00e+00	0.00e+00	9.08e-01	4.91e-02	3.53e-02
 6.24942e+16	9.92e-01	7.99e-03	4.71e-08	0.00e+00	0.00e+00	0.00e+00	0.00e+00	0.00e+00	0.00e+00	9.08e-01	4.89e-02	3.52e-02
 6.24975e+16	9.92e-01	7.87e-03	4.60e-08	0.00e+00	0.00e+00	0.00e+00	0.00e+00	0.00e+00	0.00e+00	9.08e-01	4.88e-02	3.51e-02
 6.25010e+16	9.92e-01	7.75e-03	4.49e-08	0.00e+00	0.00e+00	0.00e+00	0.00e+00	0.00e+00	0.00e+00	9.09e-01	4.86e-02	3.49e-02
 6.25049e+16	9.92e-01	7.62e-03	4.38e-08	0.00e+00	0.00e+00	0.00e+00	0.00e+00	0.00e+00	0.00e+00	9.09e-01	4.84e-02	3.48e-02
 6.25084e+16	9.92e-01	7.53e-03	4.28e-08	0.00e+00	0.00e+00	0.00e+00	0.00e+00	0.00e+00	0.00e+00	9.09e-01	4.83e-02	3.47e-02
 6.25122e+16	9.93e-01	7.41e-03	4.17e-08	0.00e+00	0.00e+00	0.00e+00	0.00e+00	0.00e+00	0.00e+00	9.10e-01	4.82e-02	3.46e-02
###########################
 6.48686e+11	4.38e-06	7.77e-03	8.97e-01	9.51e-02	1.50e-05	0.00e+00	0.00e+00	0.00e+00	0.00e+00	3.15e-06	8.10e-07	4.21e-07
 3.89212e+12	4.38e-06	7.77e-03	8.97e-01	9.48e-02	1.49e-05	0.00e+00	0.00e+00	0.00e+00	0.00e+00	3.15e-06	8.10e-07	4.21e-07
 1.68658e+13	4.39e-06	7.78e-03	8.99e-01	9.36e-02	1.46e-05	0.00e+00	0.00e+00	0.00e+00	0.00e+00	3.15e-06	8.11e-07	4.21e-07
 6.87607e+13	4.42e-06	7.83e-03	9.03e-01	8.90e-02	1.35e-05	0.00e+00	0.00e+00	0.00e+00	0.00e+00	3.18e-06	8.18e-07	4.25e-07
 1.64247e+14	4.43e-06	7.88e-03	9.10e-01	8.25e-02	1.20e-05	0.00e+00	0.00e+00	0.00e+00	0.00e+00	3.18e-06	8.20e-07	4.26e-07
 2.88380e+14	4.45e-06	7.95e-03	9.17e-01	7.46e-02	1.02e-05	0.00e+00	0.00e+00	0.00e+00	0.00e+00	3.20e-06	8.24e-07	4.28e-07
 4.49752e+14	4.49e-06	8.04e-03	9.27e-01	6.50e-02	8.19e-06	0.00e+00	0.00e+00	0.00e+00	0.00e+00	3.23e-06	8.31e-07	4.31e-07
 6.59536e+14	4.55e-06	8.16e-03	9.38e-01	5.40e-02	6.13e-06	0.00e+00	0.00e+00	0.00e+00	0.00e+00	3.27e-06	8.42e-07	4.37e-07
 9.32255e+14	4.64e-06	8.31e-03	9.50e-01	4.19e-02	4.15e-06	0.00e+00	0.00e+00	0.00e+00	0.00e+00	3.34e-06	8.57e-07	4.45e-07
 1.28679e+15	4.75e-06	8.49e-03	9.62e-01	2.97e-02	2.46e-06	0.00e+00	0.00e+00	0.00e+00	0.00e+00	3.42e-06	8.77e-07	4.56e-07
 1.74769e+15	4.91e-06	8.70e-03	9.73e-01	1.87e-02	1.21e-06	0.00e+00	0.00e+00	0.00e+00	0.00e+00	3.53e-06	9.05e-07	4.70e-07
 2.34685e+15	5.11e-06	8.94e-03	9.81e-01	1.01e-02	4.78e-07	0.00e+00	0.00e+00	0.00e+00	0.00e+00	3.68e-06	9.41e-07	4.89e-07
 3.12576e+15	5.38e-06	9.21e-03	9.86e-01	4.54e-03	1.42e-07	0.00e+00	0.00e+00	0.00e+00	0.00e+00	3.87e-06	9.89e-07	5.14e-07
 4.13835e+15	5.74e-06	9.54e-03	9.89e-01	1.66e-03	0.00e+00	0.00e+00	0.00e+00	0.00e+00	0.00e+00	4.14e-06	1.05e-06	5.48e-07
 5.45471e+15	6.26e-06	9.94e-03	9.90e-01	4.94e-04	0.00e+00	0.00e+00	0.00e+00	0.00e+00	0.00e+00	4.51e-06	1.15e-06	5.97e-07
 7.16599e+15	7.06e-06	1.05e-02	9.89e-01	1.25e-04	0.00e+00	0.00e+00	0.00e+00	0.00e+00	0.00e+00	5.09e-06	1.29e-06	6.73e-07
 9.39064e+15	8.30e-06	1.13e-02	9.89e-01	3.23e-05	0.00e+00	0.00e+00	0.00e+00	0.00e+00	0.00e+00	5.99e-06	1.52e-06	7.91e-07
 1.21788e+16	1.03e-05	1.23e-02	9.88e-01	1.28e-05	0.00e+00	0.00e+00	0.00e+00	0.00e+00	0.00e+00	7.40e-06	1.88e-06	9.78e-07
 1.52404e+16	1.30e-05	1.36e-02	9.86e-01	8.29e-06	0.00e+00	0.00e+00	0.00e+00	0.00e+00	0.00e+00	9.40e-06	2.39e-06	1.25e-06
 1.82768e+16	1.69e-05	1.51e-02	9.85e-01	6.54e-06	0.00e+00	0.00e+00	0.00e+00	0.00e+00	0.00e+00	1.22e-05	3.10e-06	1.62e-06
 2.07717e+16	2.11e-05	1.65e-02	9.83e-01	5.62e-06	0.00e+00	0.00e+00	0.00e+00	0.00e+00	0.00e+00	1.52e-05	3.88e-06	2.03e-06
 2.28488e+16	2.59e-05	1.79e-02	9.82e-01	5.05e-06	0.00e+00	0.00e+00	0.00e+00	0.00e+00	0.00e+00	1.86e-05	4.79e-06	2.50e-06
 2.51337e+16	3.28e-05	1.97e-02	9.80e-01	4.54e-06	0.00e+00	0.00e+00	0.00e+00	0.00e+00	0.00e+00	2.36e-05	6.09e-06	3.18e-06
 2.76471e+16	4.34e-05	2.20e-02	9.78e-01	4.08e-06	0.00e+00	0.00e+00	0.00e+00	0.00e+00	0.00e+00	3.11e-05	8.09e-06	4.21e-06
 2.95703e+16	5.47e-05	2.42e-02	9.76e-01	3.74e-06	0.00e+00	0.00e+00	0.00e+00	0.00e+00	0.00e+00	3.91e-05	1.02e-05	5.31e-06
 3.05321e+16	6.18e-05	2.54e-02	9.74e-01	3.58e-06	0.00e+00	0.00e+00	0.00e+00	0.00e+00	0.00e+00	4.42e-05	1.16e-05	6.00e-06
 3.13488e+16	6.88e-05	2.66e-02	9.73e-01	3.46e-06	0.00e+00	0.00e+00	0.00e+00	0.00e+00	0.00e+00	4.92e-05	1.29e-05	6.68e-06
 3.24105e+16	7.92e-05	2.82e-02	9.72e-01	3.32e-06	0.00e+00	0.00e+00	0.00e+00	0.00e+00	0.00e+00	5.66e-05	1.49e-05	7.69e-06
 3.36068e+16	9.35e-05	3.03e-02	9.70e-01	3.16e-06	0.00e+00	0.00e+00	0.00e+00	0.00e+00	0.00e+00	6.68e-05	1.76e-05	9.08e-06
 3.47022e+16	1.10e-04	3.25e-02	9.67e-01	3.01e-06	0.00e+00	0.00e+00	0.00e+00	0.00e+00	0.00e+00	7.84e-05	2.08e-05	1.07e-05
 3.56388e+16	1.27e-04	3.46e-02	9.65e-01	2.88e-06	0.00e+00	0.00e+00	0.00e+00	0.00e+00	0.00e+00	9.04e-05	2.40e-05	1.23e-05
 3.66447e+16	1.48e-04	3.71e-02	9.63e-01	2.76e-06	0.00e+00	0.00e+00	0.00e+00	0.00e+00	0.00e+00	1.06e-04	2.81e-05	1.44e-05
 3.77274e+16	1.77e-04	4.02e-02	9.60e-01	2.62e-06	0.00e+00	0.00e+00	0.00e+00	0.00e+00	0.00e+00	1.26e-04	3.37e-05	1.72e-05
 3.86505e+16	2.08e-04	4.33e-02	9.56e-01	2.50e-06	0.00e+00	0.00e+00	0.00e+00	0.00e+00	0.00e+00	1.48e-04	3.97e-05	2.02e-05
 3.94298e+16	2.40e-04	4.62e-02	9.54e-01	2.39e-06	0.00e+00	0.00e+00	0.00e+00	0.00e+00	0.00e+00	1.71e-04	4.58e-05	2.33e-05
 4.02812e+16	2.81e-04	4.98e-02	9.50e-01	2.27e-06	0.00e+00	0.00e+00	0.00e+00	0.00e+00	0.00e+00	2.00e-04	5.38e-05	2.73e-05
 4.12147e+16	3.36e-04	5.43e-02	9.45e-01	2.14e-06	0.00e+00	0.00e+00	0.00e+00	0.00e+00	0.00e+00	2.39e-04	6.46e-05	3.27e-05
 4.20377e+16	3.99e-04	5.89e-02	9.41e-01	2.03e-06	0.00e+00	0.00e+00	0.00e+00	0.00e+00	0.00e+00	2.83e-04	7.67e-05	3.87e-05
 4.27439e+16	4.63e-04	6.34e-02	9.36e-01	1.92e-06	0.00e+00	0.00e+00	0.00e+00	0.00e+00	0.00e+00	3.29e-04	8.94e-05	4.50e-05
 4.35152e+16	5.48e-04	6.90e-02	9.30e-01	1.81e-06	0.00e+00	0.00e+00	0.00e+00	0.00e+00	0.00e+00	3.89e-04	1.06e-04	5.33e-05
 4.43552e+16	6.66e-04	7.60e-02	9.23e-01	1.69e-06	0.00e+00	0.00e+00	0.00e+00	0.00e+00	0.00e+00	4.72e-04	1.29e-04	6.47e-05
 4.50886e+16	7.97e-04	8.31e-02	9.16e-01	1.57e-06	0.00e+00	0.00e+00	0.00e+00	0.00e+00	0.00e+00	5.64e-04	1.55e-04	7.74e-05
 4.57192e+16	9.34e-04	9.01e-02	9.09e-01	1.47e-06	0.00e+00	0.00e+00	0.00e+00	0.00e+00	0.00e+00	6.62e-04	1.81e-04	9.07e-05
 4.64118e+16	1.12e-03	9.89e-02	9.00e-01	1.37e-06	0.00e+00	0.00e+00	0.00e+00	0.00e+00	0.00e+00	7.93e-04	2.17e-04	1.09e-04
 4.71691e+16	1.38e-03	1.10e-01	8.89e-01	1.25e-06	0.00e+00	0.00e+00	0.00e+00	0.00e+00	0.00e+00	9.77e-04	2.68e-04	1.34e-04
 4.78366e+16	1.67e-03	1.22e-01	8.77e-01	1.14e-06	0.00e+00	0.00e+00	0.00e+00	0.00e+00	0.00e+00	1.19e-03	3.25e-04	1.62e-04
 4.84153e+16	2.00e-03	1.33e-01	8.65e-01	1.04e-06	0.00e+00	0.00e+00	0.00e+00	0.00e+00	0.00e+00	1.42e-03	3.88e-04	1.93e-04
 4.90524e+16	2.44e-03	1.48e-01	8.50e-01	9.48e-07	0.00e+00	0.00e+00	0.00e+00	0.00e+00	0.00e+00	1.73e-03	4.73e-04	2.36e-04
 4.97398e+16	3.07e-03	1.66e-01	8.31e-01	8.32e-07	0.00e+00	0.00e+00	0.00e+00	0.00e+00	0.00e+00	2.18e-03	5.95e-04	2.96e-04
 5.03201e+16	3.77e-03	1.85e-01	8.11e-01	7.42e-07	0.00e+00	0.00e+00	0.00e+00	0.00e+00	0.00e+00	2.67e-03	7.30e-04	3.63e-04
 5.07959e+16	4.48e-03	2.02e-01	7.94e-01	6.66e-07	0.00e+00	0.00e+00	0.00e+00	0.00e+00	0.00e+00	3.18e-03	8.68e-04	4.31e-04
 5.13084e+16	5.44e-03	2.23e-01	7.71e-01	5.89e-07	0.00e+00	0.00e+00	0.00e+00	0.00e+00	0.00e+00	3.86e-03	1.05e-03	5.23e-04
 5.18687e+16	6.80e-03	2.50e-01	7.44e-01	5.05e-07	0.00e+00	0.00e+00	0.00e+00	0.00e+00	0.00e+00	4.83e-03	1.32e-03	6.54e-04
 5.23554e+16	8.34e-03	2.76e-01	7.15e-01	4.37e-07	0.00e+00	0.00e+00	0.00e+00	0.00e+00	0.00e+00	5.92e-03	1.61e-03	8.01e-04
 5.27622e+16	9.95e-03	3.01e-01	6.89e-01	3.82e-07	0.00e+00	0.00e+00	0.00e+00	0.00e+00	0.00e+00	7.07e-03	1.92e-03	9.55e-04
 5.32010e+16	1.21e-02	3.32e-01	6.56e-01	3.24e-07	0.00e+00	0.00e+00	0.00e+00	0.00e+00	0.00e+00	8.61e-03	2.34e-03	1.16e-03
 5.36763e+16	1.52e-02	3.69e-01	6.16e-01	2.65e-07	0.00e+00	0.00e+00	0.00e+00	0.00e+00	0.00e+00	1.08e-02	2.93e-03	1.45e-03
 5.40840e+16	1.86e-02	4.04e-01	5.77e-01	2.18e-07	0.00e+00	0.00e+00	0.00e+00	0.00e+00	0.00e+00	1.32e-02	3.58e-03	1.78e-03
 5.44263e+16	2.21e-02	4.36e-01	5.42e-01	1.83e-07	0.00e+00	0.00e+00	0.00e+00	0.00e+00	0.00e+00	1.57e-02	4.25e-03	2.11e-03
 5.47983e+16	2.68e-02	4.74e-01	4.99e-01	1.47e-07	0.00e+00	0.00e+00	0.00e+00	0.00e+00	0.00e+00	1.91e-02	5.15e-03	2.57e-03
 5.52044e+16	3.35e-02	5.18e-01	4.49e-01	0.00e+00	0.00e+00	0.00e+00	0.00e+00	0.00e+00	0.00e+00	2.39e-02	6.43e-03	3.20e-03
 5.55573e+16	4.09e-02	5.57e-01	4.02e-01	0.00e+00	0.00e+00	0.00e+00	0.00e+00	0.00e+00	0.00e+00	2.91e-02	7.82e-03	3.90e-03
 5.58574e+16	4.87e-02	5.92e-01	3.60e-01	0.00e+00	0.00e+00	0.00e+00	0.00e+00	0.00e+00	0.00e+00	3.47e-02	9.29e-03	4.64e-03
 5.61864e+16	5.91e-02	6.28e-01	3.12e-01	0.00e+00	0.00e+00	0.00e+00	0.00e+00	0.00e+00	0.00e+00	4.22e-02	1.12e-02	5.63e-03
 5.65456e+16	7.35e-02	6.66e-01	2.60e-01	0.00e+00	0.00e+00	0.00e+00	0.00e+00	0.00e+00	0.00e+00	5.26e-02	1.39e-02	7.00e-03
 5.68208e+16	8.77e-02	6.92e-01	2.20e-01	0.00e+00	0.00e+00	0.00e+00	0.00e+00	0.00e+00	0.00e+00	6.28e-02	1.65e-02	8.33e-03
 5.69942e+16	9.79e-02	7.06e-01	1.96e-01	0.00e+00	0.00e+00	0.00e+00	0.00e+00	0.00e+00	0.00e+00	7.02e-02	1.84e-02	9.30e-03
 5.71583e+16	1.09e-01	7.18e-01	1.73e-01	0.00e+00	0.00e+00	0.00e+00	0.00e+00	0.00e+00	0.00e+00	7.80e-02	2.04e-02	1.03e-02
 5.73717e+16	1.25e-01	7.29e-01	1.46e-01	0.00e+00	0.00e+00	0.00e+00	0.00e+00	0.00e+00	0.00e+00	8.95e-02	2.32e-02	1.18e-02
 5.75884e+16	1.44e-01	7.36e-01	1.20e-01	0.00e+00	0.00e+00	0.00e+00	0.00e+00	0.00e+00	0.00e+00	1.03e-01	2.66e-02	1.36e-02
 5.77541e+16	1.61e-01	7.37e-01	1.02e-01	0.00e+00	0.00e+00	0.00e+00	0.00e+00	0.00e+00	0.00e+00	1.16e-01	2.97e-02	1.52e-02
 5.78849e+16	1.75e-01	7.36e-01	8.87e-02	0.00e+00	0.00e+00	0.00e+00	0.00e+00	0.00e+00	0.00e+00	1.26e-01	3.21e-02	1.65e-02
 5.80260e+16	1.93e-01	7.32e-01	7.52e-02	0.00e+00	0.00e+00	0.00e+00	0.00e+00	0.00e+00	0.00e+00	1.39e-01	3.51e-02	1.81e-02
 5.81821e+16	2.14e-01	7.24e-01	6.20e-02	0.00e+00	0.00e+00	0.00e+00	0.00e+00	0.00e+00	0.00e+00	1.55e-01	3.87e-02	2.00e-02
 5.83241e+16	2.35e-01	7.13e-01	5.13e-02	0.00e+00	0.00e+00	0.00e+00	0.00e+00	0.00e+00	0.00e+00	1.71e-01	4.22e-02	2.20e-02
 5.84486e+16	2.56e-01	7.01e-01	4.30e-02	0.00e+00	0.00e+00	0.00e+00	0.00e+00	0.00e+00	0.00e+00	1.86e-01	4.54e-02	2.38e-02
 5.85843e+16	2.80e-01	6.85e-01	3.50e-02	0.00e+00	0.00e+00	0.00e+00	0.00e+00	0.00e+00	0.00e+00	2.05e-01	4.93e-02	2.60e-02
 5.87281e+16	3.08e-01	6.64e-01	2.76e-02	0.00e+00	0.00e+00	0.00e+00	0.00e+00	0.00e+00	0.00e+00	2.26e-01	5.36e-02	2.85e-02
 5.88484e+16	3.34e-01	6.43e-01	2.24e-02	0.00e+00	0.00e+00	0.00e+00	0.00e+00	0.00e+00	0.00e+00	2.46e-01	5.74e-02	3.07e-02
 5.89504e+16	3.57e-01	6.25e-01	1.86e-02	0.00e+00	0.00e+00	0.00e+00	0.00e+00	0.00e+00	0.00e+00	2.64e-01	6.06e-02	3.26e-02
 5.90624e+16	3.84e-01	6.01e-01	1.49e-02	0.00e+00	0.00e+00	0.00e+00	0.00e+00	0.00e+00	0.00e+00	2.85e-01	6.43e-02	3.49e-02
 5.91857e+16	4.15e-01	5.73e-01	1.16e-02	0.00e+00	0.00e+00	0.00e+00	0.00e+00	0.00e+00	0.00e+00	3.09e-01	6.83e-02	3.75e-02
 5.92978e+16	4.45e-01	5.46e-01	9.05e-03	0.00e+00	0.00e+00	0.00e+00	0.00e+00	0.00e+00	0.00e+00	3.33e-01	7.20e-02	3.99e-02
 5.93977e+16	4.72e-01	5.21e-01	7.21e-03	0.00e+00	0.00e+00	0.00e+00	0.00e+00	0.00e+00	0.00e+00	3.55e-01	7.51e-02	4.19e-02
 5.94919e+16	4.99e-01	4.95e-01	5.75e-03	0.00e+00	0.00e+00	0.00e+00	0.00e+00	0.00e+00	0.00e+00	3.77e-01	7.79e-02	4.40e-02
 5.95851e+16	5.26e-01	4.70e-01	4.57e-03	0.00e+00	0.00e+00	0.00e+00	0.00e+00	0.00e+00	0.00e+00	3.99e-01	8.05e-02	4.59e-02
 5.96721e+16	5.51e-01	4.45e-01	3.65e-03	0.00e+00	0.00e+00	0.00e+00	0.00e+00	0.00e+00	0.00e+00	4.21e-01	8.27e-02	4.76e-02
 5.97482e+16	5.73e-01	4.24e-01	2.98e-03	0.00e+00	0.00e+00	0.00e+00	0.00e+00	0.00e+00	0.00e+00	4.40e-01	8.45e-02	4.91e-02
 5.98184e+16	5.94e-01	4.04e-01	2.46e-03	0.00e+00	0.00e+00	0.00e+00	0.00e+00	0.00e+00	0.00e+00	4.57e-01	8.58e-02	5.03e-02
 5.98745e+16	6.10e-01	3.88e-01	2.11e-03	0.00e+00	0.00e+00	0.00e+00	0.00e+00	0.00e+00	0.00e+00	4.72e-01	8.68e-02	5.12e-02
 5.99134e+16	6.20e-01	3.78e-01	1.90e-03	0.00e+00	0.00e+00	0.00e+00	0.00e+00	0.00e+00	0.00e+00	4.81e-01	8.73e-02	5.18e-02
 5.99506e+16	6.30e-01	3.68e-01	1.71e-03	0.00e+00	0.00e+00	0.00e+00	0.00e+00	0.00e+00	0.00e+00	4.90e-01	8.78e-02	5.24e-02
 5.99948e+16	6.43e-01	3.55e-01	1.50e-03	0.00e+00	0.00e+00	0.00e+00	0.00e+00	0.00e+00	0.00e+00	5.02e-01	8.83e-02	5.30e-02
 6.00416e+16	6.57e-01	3.42e-01	1.30e-03	0.00e+00	0.00e+00	0.00e+00	0.00e+00	0.00e+00	0.00e+00	5.14e-01	8.88e-02	5.37e-02
 6.00838e+16	6.68e-01	3.31e-01	1.15e-03	0.00e+00	0.00e+00	0.00e+00	0.00e+00	0.00e+00	0.00e+00	5.25e-01	8.91e-02	5.42e-02
 6.01230e+16	6.79e-01	3.20e-01	1.02e-03	0.00e+00	0.00e+00	0.00e+00	0.00e+00	0.00e+00	0.00e+00	5.35e-01	8.93e-02	5.47e-02
 6.01630e+16	6.90e-01	3.09e-01	8.96e-04	0.00e+00	0.00e+00	0.00e+00	0.00e+00	0.00e+00	0.00e+00	5.46e-01	8.95e-02	5.51e-02
 6.02042e+16	7.02e-01	2.98e-01	7.85e-04	0.00e+00	0.00e+00	0.00e+00	0.00e+00	0.00e+00	0.00e+00	5.57e-01	8.96e-02	5.55e-02
 6.02451e+16	7.13e-01	2.86e-01	6.87e-04	0.00e+00	0.00e+00	0.00e+00	0.00e+00	0.00e+00	0.00e+00	5.67e-01	8.96e-02	5.59e-02
 6.02841e+16	7.23e-01	2.76e-01	6.05e-04	0.00e+00	0.00e+00	0.00e+00	0.00e+00	0.00e+00	0.00e+00	5.77e-01	8.95e-02	5.62e-02
 6.03227e+16	7.34e-01	2.66e-01	5.32e-04	0.00e+00	0.00e+00	0.00e+00	0.00e+00	0.00e+00	0.00e+00	5.88e-01	8.94e-02	5.64e-02
 6.03615e+16	7.43e-01	2.56e-01	4.67e-04	0.00e+00	0.00e+00	0.00e+00	0.00e+00	0.00e+00	0.00e+00	5.97e-01	8.92e-02	5.66e-02
 6.04004e+16	7.54e-01	2.46e-01	4.08e-04	0.00e+00	0.00e+00	0.00e+00	0.00e+00	0.00e+00	0.00e+00	6.08e-01	8.90e-02	5.68e-02
 6.04387e+16	7.63e-01	2.37e-01	3.58e-04	0.00e+00	0.00e+00	0.00e+00	0.00e+00	0.00e+00	0.00e+00	6.17e-01	8.87e-02	5.70e-02
 6.04764e+16	7.72e-01	2.28e-01	3.13e-04	0.00e+00	0.00e+00	0.00e+00	0.00e+00	0.00e+00	0.00e+00	6.27e-01	8.83e-02	5.71e-02
 6.05144e+16	7.81e-01	2.18e-01	2.73e-04	0.00e+00	0.00e+00	0.00e+00	0.00e+00	0.00e+00	0.00e+00	6.36e-01	8.78e-02	5.71e-02
 6.05516e+16	7.90e-01	2.10e-01	2.39e-04	0.00e+00	0.00e+00	0.00e+00	0.00e+00	0.00e+00	0.00e+00	6.46e-01	8.74e-02	5.71e-02
 6.05883e+16	7.98e-01	2.01e-01	2.09e-04	0.00e+00	0.00e+00	0.00e+00	0.00e+00	0.00e+00	0.00e+00	6.54e-01	8.68e-02	5.71e-02
 6.06254e+16	8.07e-01	1.93e-01	1.82e-04	0.00e+00	0.00e+00	0.00e+00	0.00e+00	0.00e+00	0.00e+00	6.64e-01	8.62e-02	5.70e-02
 6.06621e+16	8.15e-01	1.85e-01	1.59e-04	0.00e+00	0.00e+00	0.00e+00	0.00e+00	0.00e+00	0.00e+00	6.72e-01	8.57e-02	5.69e-02
 6.06985e+16	8.22e-01	1.77e-01	1.38e-04	0.00e+00	0.00e+00	0.00e+00	0.00e+00	0.00e+00	0.00e+00	6.81e-01	8.50e-02	5.68e-02
 6.07349e+16	8.30e-01	1.70e-01	1.20e-04	0.00e+00	0.00e+00	0.00e+00	0.00e+00	0.00e+00	0.00e+00	6.89e-01	8.43e-02	5.66e-02
 6.07704e+16	8.37e-01	1.63e-01	1.05e-04	0.00e+00	0.00e+00	0.00e+00	0.00e+00	0.00e+00	0.00e+00	6.97e-01	8.36e-02	5.65e-02
 6.08056e+16	8.44e-01	1.56e-01	9.15e-05	0.00e+00	0.00e+00	0.00e+00	0.00e+00	0.00e+00	0.00e+00	7.05e-01	8.29e-02	5.62e-02
 6.08411e+16	8.51e-01	1.49e-01	7.96e-05	0.00e+00	0.00e+00	0.00e+00	0.00e+00	0.00e+00	0.00e+00	7.12e-01	8.21e-02	5.60e-02
 6.08760e+16	8.57e-01	1.43e-01	6.93e-05	0.00e+00	0.00e+00	0.00e+00	0.00e+00	0.00e+00	0.00e+00	7.20e-01	8.14e-02	5.57e-02
 6.09105e+16	8.63e-01	1.37e-01	6.03e-05	0.00e+00	0.00e+00	0.00e+00	0.00e+00	0.00e+00	0.00e+00	7.27e-01	8.06e-02	5.55e-02
 6.09448e+16	8.69e-01	1.31e-01	5.25e-05	0.00e+00	0.00e+00	0.00e+00	0.00e+00	0.00e+00	0.00e+00	7.34e-01	7.98e-02	5.52e-02
 6.09788e+16	8.75e-01	1.25e-01	4.57e-05	0.00e+00	0.00e+00	0.00e+00	0.00e+00	0.00e+00	0.00e+00	7.41e-01	7.90e-02	5.48e-02
 6.10121e+16	8.80e-01	1.20e-01	3.98e-05	0.00e+00	0.00e+00	0.00e+00	0.00e+00	0.00e+00	0.00e+00	7.48e-01	7.82e-02	5.45e-02
