#depth	He	He+	He+2
 6.48686e+11	6.41e-04	8.14e-01	1.85e-01
 3.89212e+12	6.42e-04	8.15e-01	1.85e-01
 1.68658e+13	6.43e-04	8.16e-01	1.84e-01
 6.87607e+13	6.48e-04	8.20e-01	1.79e-01
 1.64247e+14	6.52e-04	8.23e-01	1.76e-01
 2.88380e+14	6.61e-04	8.31e-01	1.68e-01
 4.49752e+14	6.74e-04	8.45e-01	1.55e-01
 6.59536e+14	6.93e-04	8.64e-01	1.35e-01
 9.32255e+14	7.18e-04	8.89e-01	1.10e-01
 1.28679e+15	7.48e-04	9.18e-01	8.16e-02
 1.74769e+15	7.80e-04	9.46e-01	5.27e-02
 2.34685e+15	8.12e-04	9.70e-01	2.87e-02
 3.12576e+15	8.43e-04	9.86e-01	1.27e-02
 4.13835e+15	8.73e-04	9.95e-01	4.49e-03
 5.45471e+15	9.08e-04	9.98e-01	1.24e-03
 7.16599e+15	9.52e-04	9.99e-01	2.69e-04
 9.39064e+15	1.01e-03	9.99e-01	4.71e-05
 1.21788e+16	1.09e-03	9.99e-01	7.27e-06
 1.52404e+16	1.18e-03	9.99e-01	1.28e-06
 1.82768e+16	1.28e-03	9.99e-01	3.06e-07
 2.07717e+16	1.37e-03	9.99e-01	1.12e-07
 2.28488e+16	1.45e-03	9.99e-01	5.25e-08
 2.51337e+16	1.56e-03	9.98e-01	2.46e-08
 2.76471e+16	1.68e-03	9.98e-01	1.15e-08
 2.95703e+16	1.79e-03	9.98e-01	6.91e-09
 3.05321e+16	1.85e-03	9.98e-01	5.43e-09
 3.13488e+16	1.91e-03	9.98e-01	4.36e-09
 3.24106e+16	1.98e-03	9.98e-01	3.31e-09
 3.36069e+16	2.07e-03	9.98e-01	2.48e-09
 3.47023e+16	2.16e-03	9.98e-01	1.93e-09
 3.56388e+16	2.25e-03	9.98e-01	1.57e-09
 3.66448e+16	2.34e-03	9.98e-01	1.26e-09
 3.77275e+16	2.46e-03	9.98e-01	1.00e-09
 3.86506e+16	2.57e-03	9.97e-01	8.37e-10
 3.94298e+16	2.66e-03	9.97e-01	7.21e-10
 4.02813e+16	2.78e-03	9.97e-01	6.11e-10
 4.12148e+16	2.92e-03	9.97e-01	5.17e-10
 4.20378e+16	3.05e-03	9.97e-01	4.50e-10
 4.27440e+16	3.18e-03	9.97e-01	4.00e-10
 4.35154e+16	3.33e-03	9.97e-01	3.52e-10
 4.43553e+16	3.51e-03	9.96e-01	3.10e-10
 4.50888e+16	3.69e-03	9.96e-01	2.79e-10
 4.57194e+16	3.86e-03	9.96e-01	2.56e-10
 4.64120e+16	4.07e-03	9.96e-01	2.32e-10
 4.71693e+16	4.32e-03	9.96e-01	2.11e-10
 4.78368e+16	4.57e-03	9.95e-01	1.95e-10
 4.84155e+16	4.82e-03	9.95e-01	1.83e-10
 4.90526e+16	5.13e-03	9.95e-01	1.71e-10
 4.97400e+16	5.51e-03	9.94e-01	1.59e-10
 5.03203e+16	5.88e-03	9.94e-01	1.51e-10
 5.07962e+16	6.23e-03	9.94e-01	1.46e-10
 5.13086e+16	6.65e-03	9.93e-01	1.40e-10
 5.18689e+16	7.18e-03	9.93e-01	1.35e-10
 5.23556e+16	7.72e-03	9.92e-01	1.31e-10
 5.27625e+16	8.24e-03	9.92e-01	1.29e-10
 5.32013e+16	8.89e-03	9.91e-01	1.27e-10
 5.36765e+16	9.71e-03	9.90e-01	1.25e-10
 5.40843e+16	1.05e-02	9.89e-01	1.25e-10
 5.44266e+16	1.14e-02	9.89e-01	1.26e-10
 5.47986e+16	1.24e-02	9.88e-01	1.27e-10
 5.52047e+16	1.38e-02	9.86e-01	1.28e-10
 5.55576e+16	1.52e-02	9.85e-01	1.33e-10
 5.58577e+16	1.66e-02	9.83e-01	1.38e-10
 5.61867e+16	1.85e-02	9.82e-01	1.45e-10
 5.65459e+16	2.10e-02	9.79e-01	1.56e-10
 5.68212e+16	2.34e-02	9.77e-01	1.66e-10
 5.69945e+16	2.53e-02	9.75e-01	1.75e-10
 5.71586e+16	2.72e-02	9.73e-01	1.84e-10
 5.73720e+16	3.01e-02	9.70e-01	2.01e-10
 5.75887e+16	3.35e-02	9.66e-01	2.22e-10
 5.77544e+16	3.67e-02	9.63e-01	2.38e-10
 5.78853e+16	3.95e-02	9.61e-01	2.62e-10
 5.80263e+16	4.31e-02	9.57e-01	2.80e-10
 5.81824e+16	4.74e-02	9.53e-01	3.14e-10
 5.83244e+16	5.20e-02	9.48e-01	3.50e-10
 5.84490e+16	5.66e-02	9.43e-01	3.91e-10
 5.85846e+16	6.24e-02	9.38e-01	4.38e-10
 5.87284e+16	6.94e-02	9.31e-01	5.01e-10
 5.88487e+16	7.64e-02	9.24e-01	5.60e-10
 5.89507e+16	8.28e-02	9.17e-01	6.26e-10
 5.90627e+16	9.13e-02	9.09e-01	7.01e-10
 5.91860e+16	1.01e-01	8.99e-01	8.14e-10
 5.92981e+16	1.12e-01	8.88e-01	9.27e-10
 5.93980e+16	1.22e-01	8.78e-01	1.05e-09
 5.94923e+16	1.34e-01	8.66e-01	1.17e-09
 5.95854e+16	1.46e-01	8.54e-01	1.32e-09
 5.96724e+16	1.59e-01	8.41e-01	1.48e-09
 5.97486e+16	1.71e-01	8.29e-01	1.63e-09
 5.98188e+16	1.83e-01	8.17e-01	1.78e-09
 5.98749e+16	1.93e-01	8.07e-01	1.91e-09
 5.99137e+16	2.01e-01	7.99e-01	2.00e-09
 5.99509e+16	2.08e-01	7.92e-01	2.09e-09
 5.99951e+16	2.18e-01	7.82e-01	2.21e-09
 6.00420e+16	2.29e-01	7.71e-01	2.34e-09
 6.00842e+16	2.38e-01	7.62e-01	2.48e-09
 6.01234e+16	2.48e-01	7.52e-01	2.60e-09
 6.01633e+16	2.58e-01	7.42e-01	2.73e-09
 6.02045e+16	2.69e-01	7.31e-01	2.88e-09
 6.02454e+16	2.80e-01	7.20e-01	3.02e-09
 6.02845e+16	2.91e-01	7.09e-01	3.18e-09
 6.03230e+16	3.02e-01	6.98e-01	3.32e-09
 6.03618e+16	3.14e-01	6.86e-01	3.49e-09
 6.04007e+16	3.26e-01	6.74e-01	3.64e-09
 6.04390e+16	3.38e-01	6.62e-01	3.82e-09
 6.04768e+16	3.51e-01	6.49e-01	3.99e-09
 6.05148e+16	3.64e-01	6.36e-01	4.16e-09
 6.05520e+16	3.77e-01	6.23e-01	4.34e-09
 6.05886e+16	3.90e-01	6.10e-01	4.52e-09
 6.06257e+16	4.04e-01	5.96e-01	4.70e-09
 6.06624e+16	4.18e-01	5.82e-01	4.90e-09
 6.06988e+16	4.32e-01	5.68e-01	5.08e-09
 6.07352e+16	4.46e-01	5.54e-01	5.26e-09
 6.07707e+16	4.60e-01	5.40e-01	5.46e-09
 6.08059e+16	4.75e-01	5.25e-01	5.64e-09
 6.08414e+16	4.89e-01	5.11e-01	5.84e-09
 6.08766e+16	5.04e-01	4.96e-01	6.03e-09
 6.09112e+16	5.18e-01	4.82e-01	6.20e-09
 6.09455e+16	5.33e-01	4.67e-01	6.39e-09
 6.09793e+16	5.47e-01	4.53e-01	6.57e-09
 6.10126e+16	5.61e-01	4.39e-01	6.75e-09
 6.10451e+16	5.75e-01	4.25e-01	6.90e-09
 6.10776e+16	5.89e-01	4.11e-01	7.07e-09
 6.11098e+16	6.03e-01	3.97e-01	7.23e-09
 6.11412e+16	6.16e-01	3.84e-01	7.39e-09
 6.11718e+16	6.29e-01	3.71e-01	7.53e-09
 6.12021e+16	6.42e-01	3.58e-01	7.66e-09
 6.12324e+16	6.55e-01	3.45e-01	7.80e-09
 6.12624e+16	6.67e-01	3.33e-01	7.93e-09
 6.12917e+16	6.79e-01	3.21e-01	8.06e-09
 6.13203e+16	6.91e-01	3.09e-01	8.15e-09
 6.13489e+16	7.03e-01	2.97e-01	8.26e-09
 6.13775e+16	7.14e-01	2.86e-01	8.38e-09
 6.14056e+16	7.25e-01	2.75e-01	8.47e-09
 6.14331e+16	7.35e-01	2.65e-01	8.56e-09
 6.14602e+16	7.45e-01	2.55e-01	8.62e-09
 6.14876e+16	7.55e-01	2.45e-01	8.72e-09
 6.15149e+16	7.65e-01	2.35e-01	8.77e-09
 6.15414e+16	7.74e-01	2.26e-01	8.85e-09
 6.15672e+16	7.83e-01	2.17e-01	8.90e-09
 6.15929e+16	7.92e-01	2.08e-01	8.95e-09
 6.16191e+16	8.00e-01	2.00e-01	9.00e-09
 6.16451e+16	8.08e-01	1.92e-01	9.04e-09
 6.16702e+16	8.16e-01	1.84e-01	9.07e-09
 6.16950e+16	8.24e-01	1.76e-01	9.09e-09
 6.17198e+16	8.31e-01	1.69e-01	9.13e-09
 6.17448e+16	8.38e-01	1.62e-01	9.15e-09
 6.17694e+16	8.45e-01	1.55e-01	9.16e-09
 6.17934e+16	8.51e-01	1.49e-01	9.16e-09
 6.18172e+16	8.57e-01	1.43e-01	9.13e-09
 6.18416e+16	8.63e-01	1.37e-01	9.13e-09
 6.18660e+16	8.69e-01	1.31e-01	9.13e-09
 6.18894e+16	8.74e-01	1.26e-01	9.16e-09
 6.19117e+16	8.79e-01	1.21e-01	9.15e-09
 6.19338e+16	8.84e-01	1.16e-01	9.11e-09
 6.19569e+16	8.89e-01	1.11e-01	9.08e-09
 6.19801e+16	8.94e-01	1.06e-01	9.06e-09
 6.20023e+16	8.98e-01	1.02e-01	9.04e-09
 6.20236e+16	9.02e-01	9.77e-02	9.00e-09
 6.20451e+16	9.06e-01	9.36e-02	8.95e-09
 6.20667e+16	9.10e-01	8.98e-02	8.91e-09
 6.20875e+16	9.14e-01	8.62e-02	8.86e-09
 6.21069e+16	9.17e-01	8.30e-02	8.82e-09
 6.21249e+16	9.20e-01	8.01e-02	8.76e-09
 6.21416e+16	9.23e-01	7.75e-02	8.70e-09
 6.21568e+16	9.25e-01	7.52e-02	8.66e-09
 6.21711e+16	9.27e-01	7.30e-02	8.59e-09
 6.21846e+16	9.29e-01	7.10e-02	8.53e-09
 6.21971e+16	9.31e-01	6.91e-02	8.46e-09
 6.22087e+16	9.33e-01	6.75e-02	8.40e-09
 6.22198e+16	9.34e-01	6.59e-02	8.34e-09
 6.22305e+16	9.36e-01	6.44e-02	8.28e-09
 6.22408e+16	9.37e-01	6.31e-02	8.22e-09
 6.22504e+16	9.38e-01	6.18e-02	8.16e-09
 6.22596e+16	9.39e-01	6.06e-02	8.10e-09
 6.22685e+16	9.41e-01	5.94e-02	8.05e-09
 6.22771e+16	9.42e-01	5.83e-02	7.99e-09
 6.22854e+16	9.43e-01	5.72e-02	7.93e-09
 6.22935e+16	9.44e-01	5.62e-02	7.87e-09
 6.23016e+16	9.45e-01	5.52e-02	7.81e-09
 6.23096e+16	9.46e-01	5.42e-02	7.74e-09
 6.23177e+16	9.47e-01	5.33e-02	7.67e-09
 6.23260e+16	9.48e-01	5.23e-02	7.60e-09
 6.23345e+16	9.49e-01	5.12e-02	7.52e-09
 6.23434e+16	9.50e-01	5.02e-02	7.44e-09
 6.23519e+16	9.51e-01	4.92e-02	7.35e-09
 6.23595e+16	9.52e-01	4.83e-02	7.27e-09
 6.23665e+16	9.52e-01	4.75e-02	7.19e-09
 6.23731e+16	9.53e-01	4.67e-02	7.11e-09
 6.23794e+16	9.54e-01	4.60e-02	7.03e-09
 6.23856e+16	9.55e-01	4.53e-02	6.95e-09
 6.23915e+16	9.55e-01	4.46e-02	6.87e-09
 6.23968e+16	9.56e-01	4.40e-02	6.79e-09
 6.24017e+16	9.57e-01	4.34e-02	6.72e-09
 6.24061e+16	9.57e-01	4.29e-02	6.64e-09
 6.24101e+16	9.58e-01	4.24e-02	6.58e-09
 6.24138e+16	9.58e-01	4.20e-02	6.54e-09
 6.24178e+16	9.59e-01	4.15e-02	6.46e-09
 6.24221e+16	9.59e-01	4.10e-02	6.41e-09
 6.24260e+16	9.59e-01	4.06e-02	6.34e-09
 6.24296e+16	9.60e-01	4.01e-02	6.28e-09
 6.24329e+16	9.60e-01	3.98e-02	6.24e-09
 6.24364e+16	9.61e-01	3.93e-02	6.18e-09
 6.24403e+16	9.61e-01	3.89e-02	6.11e-09
 6.24438e+16	9.61e-01	3.85e-02	6.07e-09
 6.24470e+16	9.62e-01	3.82e-02	6.02e-09
 6.24505e+16	9.62e-01	3.77e-02	5.96e-09
 6.24543e+16	9.63e-01	3.73e-02	5.90e-09
 6.24577e+16	9.63e-01	3.70e-02	5.85e-09
 6.24615e+16	9.63e-01	3.66e-02	5.81e-09
 6.24664e+16	9.64e-01	3.61e-02	5.76e-09
