#depth	H	H+	H2
 6.48686e+11	1.11e-03	9.99e-01	4.45e-14
 3.89212e+12	1.11e-03	9.99e-01	4.45e-14
 1.68658e+13	1.11e-03	9.99e-01	4.45e-14
 6.87607e+13	1.11e-03	9.99e-01	4.47e-14
 1.64247e+14	1.10e-03	9.99e-01	4.50e-14
 2.88380e+14	1.10e-03	9.99e-01	4.52e-14
 4.49752e+14	1.09e-03	9.99e-01	4.56e-14
 6.59536e+14	1.08e-03	9.99e-01	4.61e-14
 9.32255e+14	1.08e-03	9.99e-01	4.68e-14
 1.28679e+15	1.07e-03	9.99e-01	4.77e-14
 1.74769e+15	1.07e-03	9.99e-01	4.90e-14
 2.34685e+15	1.08e-03	9.99e-01	5.08e-14
 3.12576e+15	1.08e-03	9.99e-01	5.31e-14
 4.13835e+15	1.10e-03	9.99e-01	5.63e-14
 5.45471e+15	1.12e-03	9.99e-01	6.05e-14
 7.16599e+15	1.16e-03	9.99e-01	6.67e-14
 9.39064e+15	1.23e-03	9.99e-01	7.52e-14
 1.21788e+16	1.33e-03	9.99e-01	8.72e-14
 1.52404e+16	1.46e-03	9.99e-01	1.02e-13
 1.82768e+16	1.63e-03	9.98e-01	1.21e-13
 2.07717e+16	1.79e-03	9.98e-01	1.39e-13
 2.28488e+16	1.96e-03	9.98e-01	1.58e-13
 2.51337e+16	2.18e-03	9.98e-01	1.82e-13
 2.76471e+16	2.48e-03	9.98e-01	2.15e-13
 2.95703e+16	2.76e-03	9.97e-01	2.50e-13
 3.05321e+16	2.92e-03	9.97e-01	2.71e-13
 3.13488e+16	3.07e-03	9.97e-01	2.88e-13
 3.24106e+16	3.27e-03	9.97e-01	3.11e-13
 3.36069e+16	3.52e-03	9.96e-01	3.43e-13
 3.47023e+16	3.79e-03	9.96e-01	3.78e-13
 3.56388e+16	4.05e-03	9.96e-01	4.11e-13
 3.66448e+16	4.34e-03	9.96e-01	4.46e-13
 3.77275e+16	4.70e-03	9.95e-01	4.94e-13
 3.86506e+16	5.06e-03	9.95e-01	5.43e-13
 3.94298e+16	5.38e-03	9.95e-01	5.87e-13
 4.02813e+16	5.77e-03	9.94e-01	6.37e-13
 4.12148e+16	6.25e-03	9.94e-01	7.03e-13
 4.20378e+16	6.73e-03	9.93e-01	7.71e-13
 4.27440e+16	7.19e-03	9.93e-01	8.35e-13
 4.35154e+16	7.73e-03	9.92e-01	9.09e-13
 4.43553e+16	8.41e-03	9.92e-01	1.01e-12
 4.50888e+16	9.09e-03	9.91e-01	1.10e-12
 4.57194e+16	9.73e-03	9.90e-01	1.20e-12
 4.64120e+16	1.05e-02	9.89e-01	1.31e-12
 4.71693e+16	1.15e-02	9.88e-01	1.45e-12
 4.78368e+16	1.25e-02	9.87e-01	1.60e-12
 4.84155e+16	1.35e-02	9.86e-01	1.76e-12
 4.90526e+16	1.47e-02	9.85e-01	1.93e-12
 4.97400e+16	1.63e-02	9.84e-01	2.18e-12
 5.03203e+16	1.78e-02	9.82e-01	2.41e-12
 5.07962e+16	1.93e-02	9.81e-01	2.63e-12
 5.13086e+16	2.10e-02	9.79e-01	2.90e-12
 5.18689e+16	2.32e-02	9.77e-01	3.27e-12
 5.23556e+16	2.55e-02	9.74e-01	3.64e-12
 5.27625e+16	2.77e-02	9.72e-01	4.00e-12
 5.32013e+16	3.05e-02	9.70e-01	4.45e-12
 5.36765e+16	3.40e-02	9.66e-01	5.06e-12
 5.40843e+16	3.77e-02	9.62e-01	5.68e-12
 5.44266e+16	4.12e-02	9.59e-01	6.30e-12
 5.47986e+16	4.57e-02	9.54e-01	7.10e-12
 5.52047e+16	5.17e-02	9.48e-01	8.19e-12
 5.55576e+16	5.79e-02	9.42e-01	9.37e-12
 5.58577e+16	6.43e-02	9.36e-01	1.06e-11
 5.61867e+16	7.27e-02	9.27e-01	1.22e-11
 5.65459e+16	8.40e-02	9.16e-01	1.45e-11
 5.68212e+16	9.50e-02	9.05e-01	1.68e-11
 5.69945e+16	1.03e-01	8.97e-01	1.85e-11
 5.71586e+16	1.11e-01	8.89e-01	2.04e-11
 5.73720e+16	1.23e-01	8.77e-01	2.32e-11
 5.75887e+16	1.38e-01	8.62e-01	2.67e-11
 5.77544e+16	1.52e-01	8.48e-01	3.00e-11
 5.78853e+16	1.63e-01	8.37e-01	3.28e-11
 5.80263e+16	1.78e-01	8.22e-01	3.66e-11
 5.81824e+16	1.95e-01	8.05e-01	4.12e-11
 5.83244e+16	2.12e-01	7.88e-01	4.62e-11
 5.84490e+16	2.29e-01	7.71e-01	5.10e-11
 5.85846e+16	2.50e-01	7.50e-01	5.74e-11
 5.87284e+16	2.75e-01	7.25e-01	6.52e-11
 5.88487e+16	2.97e-01	7.03e-01	7.30e-11
 5.89507e+16	3.17e-01	6.83e-01	8.01e-11
 5.90627e+16	3.42e-01	6.58e-01	8.94e-11
 5.91860e+16	3.70e-01	6.30e-01	1.01e-10
 5.92981e+16	3.98e-01	6.02e-01	1.13e-10
 5.93980e+16	4.24e-01	5.76e-01	1.24e-10
 5.94923e+16	4.50e-01	5.50e-01	1.37e-10
 5.95854e+16	4.75e-01	5.25e-01	1.51e-10
 5.96724e+16	5.01e-01	4.99e-01	1.65e-10
 5.97486e+16	5.23e-01	4.77e-01	1.79e-10
 5.98188e+16	5.43e-01	4.57e-01	1.92e-10
 5.98749e+16	5.59e-01	4.41e-01	2.03e-10
 5.99137e+16	5.70e-01	4.30e-01	2.11e-10
 5.99509e+16	5.80e-01	4.20e-01	2.19e-10
 5.99951e+16	5.94e-01	4.06e-01	2.30e-10
 6.00420e+16	6.08e-01	3.92e-01	2.42e-10
 6.00842e+16	6.20e-01	3.80e-01	2.52e-10
 6.01234e+16	6.32e-01	3.68e-01	2.64e-10
 6.01633e+16	6.43e-01	3.57e-01	2.74e-10
 6.02045e+16	6.55e-01	3.45e-01	2.87e-10
 6.02454e+16	6.68e-01	3.32e-01	3.00e-10
 6.02845e+16	6.79e-01	3.21e-01	3.13e-10
 6.03230e+16	6.90e-01	3.10e-01	3.26e-10
 6.03618e+16	7.00e-01	3.00e-01	3.40e-10
 6.04007e+16	7.12e-01	2.88e-01	3.56e-10
 6.04390e+16	7.22e-01	2.78e-01	3.69e-10
 6.04768e+16	7.32e-01	2.68e-01	3.86e-10
 6.05148e+16	7.42e-01	2.58e-01	4.02e-10
 6.05520e+16	7.52e-01	2.48e-01	4.19e-10
 6.05886e+16	7.61e-01	2.39e-01	4.36e-10
 6.06257e+16	7.71e-01	2.29e-01	4.56e-10
 6.06624e+16	7.80e-01	2.20e-01	4.73e-10
 6.06988e+16	7.88e-01	2.12e-01	4.94e-10
 6.07352e+16	7.97e-01	2.03e-01	5.16e-10
 6.07707e+16	8.05e-01	1.95e-01	5.36e-10
 6.08059e+16	8.13e-01	1.87e-01	5.60e-10
 6.08414e+16	8.21e-01	1.79e-01	5.82e-10
 6.08766e+16	8.28e-01	1.72e-01	6.09e-10
 6.09112e+16	8.36e-01	1.64e-01	6.35e-10
 6.09455e+16	8.42e-01	1.58e-01	6.62e-10
 6.09793e+16	8.49e-01	1.51e-01	6.89e-10
 6.10126e+16	8.55e-01	1.45e-01	7.19e-10
 6.10451e+16	8.61e-01	1.39e-01	7.50e-10
 6.10776e+16	8.67e-01	1.33e-01	7.83e-10
 6.11098e+16	8.72e-01	1.28e-01	8.17e-10
 6.11412e+16	8.78e-01	1.22e-01	8.49e-10
 6.11718e+16	8.82e-01	1.18e-01	8.87e-10
 6.12021e+16	8.87e-01	1.13e-01	9.26e-10
 6.12324e+16	8.92e-01	1.08e-01	9.66e-10
 6.12624e+16	8.96e-01	1.04e-01	1.00e-09
 6.12917e+16	9.00e-01	9.96e-02	1.05e-09
 6.13203e+16	9.04e-01	9.57e-02	1.10e-09
 6.13489e+16	9.08e-01	9.19e-02	1.15e-09
 6.13775e+16	9.12e-01	8.83e-02	1.19e-09
 6.14056e+16	9.15e-01	8.47e-02	1.25e-09
 6.14331e+16	9.19e-01	8.14e-02	1.31e-09
 6.14602e+16	9.22e-01	7.82e-02	1.37e-09
 6.14876e+16	9.25e-01	7.52e-02	1.43e-09
 6.15149e+16	9.28e-01	7.21e-02	1.51e-09
 6.15414e+16	9.31e-01	6.93e-02	1.59e-09
 6.15672e+16	9.33e-01	6.67e-02	1.66e-09
 6.15929e+16	9.36e-01	6.42e-02	1.74e-09
 6.16191e+16	9.38e-01	6.17e-02	1.83e-09
 6.16451e+16	9.41e-01	5.92e-02	1.93e-09
 6.16702e+16	9.43e-01	5.69e-02	2.04e-09
 6.16950e+16	9.45e-01	5.47e-02	2.16e-09
 6.17198e+16	9.47e-01	5.27e-02	2.26e-09
 6.17448e+16	9.49e-01	5.06e-02	2.41e-09
 6.17694e+16	9.51e-01	4.86e-02	2.56e-09
 6.17934e+16	9.53e-01	4.67e-02	2.73e-09
 6.18172e+16	9.55e-01	4.49e-02	2.92e-09
 6.18416e+16	9.57e-01	4.31e-02	3.12e-09
 6.18660e+16	9.59e-01	4.13e-02	3.34e-09
 6.18894e+16	9.60e-01	3.98e-02	3.57e-09
 6.19117e+16	9.62e-01	3.84e-02	3.83e-09
 6.19338e+16	9.63e-01	3.69e-02	4.14e-09
 6.19569e+16	9.65e-01	3.54e-02	4.51e-09
 6.19801e+16	9.66e-01	3.40e-02	4.96e-09
 6.20023e+16	9.67e-01	3.26e-02	5.44e-09
 6.20236e+16	9.69e-01	3.14e-02	5.95e-09
 6.20451e+16	9.70e-01	3.02e-02	6.63e-09
 6.20667e+16	9.71e-01	2.90e-02	7.42e-09
 6.20875e+16	9.72e-01	2.78e-02	8.32e-09
 6.21069e+16	9.73e-01	2.68e-02	9.31e-09
 6.21249e+16	9.74e-01	2.59e-02	1.05e-08
 6.21416e+16	9.75e-01	2.51e-02	1.17e-08
 6.21568e+16	9.76e-01	2.44e-02	1.31e-08
 6.21711e+16	9.76e-01	2.37e-02	1.47e-08
 6.21846e+16	9.77e-01	2.31e-02	1.65e-08
 6.21971e+16	9.78e-01	2.25e-02	1.84e-08
 6.22087e+16	9.78e-01	2.20e-02	2.06e-08
 6.22198e+16	9.79e-01	2.14e-02	2.29e-08
 6.22305e+16	9.79e-01	2.10e-02	2.57e-08
 6.22408e+16	9.80e-01	2.05e-02	2.87e-08
 6.22504e+16	9.80e-01	2.00e-02	3.20e-08
 6.22596e+16	9.80e-01	1.96e-02	3.57e-08
 6.22685e+16	9.81e-01	1.92e-02	3.98e-08
 6.22771e+16	9.81e-01	1.88e-02	4.44e-08
 6.22854e+16	9.82e-01	1.84e-02	4.94e-08
 6.22935e+16	9.82e-01	1.81e-02	5.50e-08
 6.23016e+16	9.82e-01	1.77e-02	6.11e-08
 6.23096e+16	9.83e-01	1.73e-02	6.77e-08
 6.23177e+16	9.83e-01	1.69e-02	7.51e-08
 6.23260e+16	9.83e-01	1.65e-02	8.30e-08
 6.23345e+16	9.84e-01	1.61e-02	9.12e-08
 6.23434e+16	9.84e-01	1.57e-02	9.97e-08
 6.23519e+16	9.85e-01	1.52e-02	1.07e-07
 6.23595e+16	9.85e-01	1.48e-02	1.13e-07
 6.23665e+16	9.86e-01	1.45e-02	1.18e-07
 6.23731e+16	9.86e-01	1.42e-02	1.22e-07
 6.23794e+16	9.86e-01	1.39e-02	1.26e-07
 6.23856e+16	9.86e-01	1.36e-02	1.29e-07
 6.23915e+16	9.87e-01	1.33e-02	1.32e-07
 6.23968e+16	9.87e-01	1.30e-02	1.34e-07
 6.24017e+16	9.87e-01	1.28e-02	1.37e-07
 6.24061e+16	9.87e-01	1.25e-02	1.39e-07
 6.24101e+16	9.88e-01	1.23e-02	1.40e-07
 6.24138e+16	9.88e-01	1.22e-02	1.42e-07
 6.24178e+16	9.88e-01	1.20e-02	1.44e-07
 6.24221e+16	9.88e-01	1.18e-02	1.46e-07
 6.24260e+16	9.88e-01	1.16e-02	1.48e-07
 6.24296e+16	9.89e-01	1.14e-02	1.50e-07
 6.24329e+16	9.89e-01	1.13e-02	1.51e-07
 6.24364e+16	9.89e-01	1.12e-02	1.53e-07
 6.24403e+16	9.89e-01	1.10e-02	1.55e-07
 6.24438e+16	9.89e-01	1.08e-02	1.58e-07
 6.24470e+16	9.89e-01	1.07e-02	1.59e-07
 6.24505e+16	9.89e-01	1.05e-02	1.62e-07
 6.24543e+16	9.90e-01	1.04e-02	1.64e-07
 6.24577e+16	9.90e-01	1.03e-02	1.66e-07
 6.24615e+16	9.90e-01	1.01e-02	1.68e-07
 6.24664e+16	9.90e-01	9.94e-03	1.71e-07
