#depth	O	O+	O+2	O+3	O+4	O+5	O+6	O+7	O+8	O[1]	O[2]	O[3]
 4.37300e+11	3.69e-06	3.75e-03	3.59e-01	6.26e-01	1.08e-02	4.95e-07	0.00e+00	0.00e+00	0.00e+00	3.04e-06	4.21e-07	2.36e-07
 2.62380e+12	3.69e-06	3.75e-03	3.59e-01	6.26e-01	1.08e-02	4.94e-07	0.00e+00	0.00e+00	0.00e+00	3.04e-06	4.22e-07	2.36e-07
 1.13698e+13	3.70e-06	3.76e-03	3.60e-01	6.25e-01	1.07e-02	4.90e-07	0.00e+00	0.00e+00	0.00e+00	3.04e-06	4.22e-07	2.36e-07
 4.63538e+13	3.73e-06	3.79e-03	3.63e-01	6.22e-01	1.05e-02	4.78e-07	0.00e+00	0.00e+00	0.00e+00	3.07e-06	4.26e-07	2.38e-07
 1.10724e+14	3.77e-06	3.85e-03	3.68e-01	6.18e-01	1.02e-02	4.56e-07	0.00e+00	0.00e+00	0.00e+00	3.10e-06	4.30e-07	2.41e-07
 1.94406e+14	3.80e-06	3.91e-03	3.75e-01	6.12e-01	9.79e-03	4.32e-07	0.00e+00	0.00e+00	0.00e+00	3.12e-06	4.34e-07	2.44e-07
 3.03193e+14	3.86e-06	4.00e-03	3.83e-01	6.04e-01	9.31e-03	4.03e-07	0.00e+00	0.00e+00	0.00e+00	3.17e-06	4.41e-07	2.47e-07
 4.44615e+14	3.95e-06	4.12e-03	3.94e-01	5.93e-01	8.71e-03	3.68e-07	0.00e+00	0.00e+00	0.00e+00	3.24e-06	4.50e-07	2.53e-07
 6.28464e+14	4.05e-06	4.27e-03	4.09e-01	5.79e-01	8.00e-03	3.28e-07	0.00e+00	0.00e+00	0.00e+00	3.33e-06	4.62e-07	2.59e-07
 8.67467e+14	4.19e-06	4.46e-03	4.28e-01	5.60e-01	7.17e-03	2.84e-07	0.00e+00	0.00e+00	0.00e+00	3.44e-06	4.76e-07	2.67e-07
 1.17817e+15	4.38e-06	4.72e-03	4.55e-01	5.34e-01	6.20e-03	2.34e-07	0.00e+00	0.00e+00	0.00e+00	3.60e-06	4.98e-07	2.79e-07
 1.58209e+15	4.63e-06	5.07e-03	4.91e-01	4.98e-01	5.11e-03	1.82e-07	0.00e+00	0.00e+00	0.00e+00	3.81e-06	5.26e-07	2.94e-07
 2.10718e+15	4.99e-06	5.55e-03	5.41e-01	4.49e-01	3.92e-03	1.29e-07	0.00e+00	0.00e+00	0.00e+00	4.11e-06	5.67e-07	3.17e-07
 2.78980e+15	5.46e-06	6.18e-03	6.09e-01	3.82e-01	2.71e-03	0.00e+00	0.00e+00	0.00e+00	0.00e+00	4.49e-06	6.21e-07	3.49e-07
 3.51410e+15	5.82e-06	6.78e-03	6.80e-01	3.11e-01	1.77e-03	0.00e+00	0.00e+00	0.00e+00	0.00e+00	4.78e-06	6.66e-07	3.75e-07
 4.14807e+15	6.14e-06	7.30e-03	7.42e-01	2.49e-01	1.16e-03	0.00e+00	0.00e+00	0.00e+00	0.00e+00	5.03e-06	7.06e-07	3.99e-07
 4.82770e+15	6.60e-06	7.88e-03	8.05e-01	1.87e-01	6.86e-04	0.00e+00	0.00e+00	0.00e+00	0.00e+00	5.40e-06	7.65e-07	4.35e-07
 5.63058e+15	7.10e-06	8.49e-03	8.66e-01	1.25e-01	3.42e-04	0.00e+00	0.00e+00	0.00e+00	0.00e+00	5.80e-06	8.28e-07	4.72e-07
 6.54555e+15	7.72e-06	9.12e-03	9.17e-01	7.38e-02	1.39e-04	0.00e+00	0.00e+00	0.00e+00	0.00e+00	6.30e-06	9.03e-07	5.16e-07
 7.68689e+15	8.53e-06	9.81e-03	9.54e-01	3.58e-02	4.05e-05	0.00e+00	0.00e+00	0.00e+00	0.00e+00	6.96e-06	1.00e-06	5.72e-07
 8.74859e+15	9.09e-06	1.03e-02	9.72e-01	1.80e-02	1.28e-05	0.00e+00	0.00e+00	0.00e+00	0.00e+00	7.42e-06	1.06e-06	6.08e-07
 9.62345e+15	9.68e-06	1.07e-02	9.79e-01	1.02e-02	4.84e-06	0.00e+00	0.00e+00	0.00e+00	0.00e+00	7.90e-06	1.13e-06	6.46e-07
 1.05858e+16	1.03e-05	1.12e-02	9.83e-01	5.58e-03	1.71e-06	0.00e+00	0.00e+00	0.00e+00	0.00e+00	8.44e-06	1.21e-06	6.89e-07
 1.16444e+16	1.11e-05	1.16e-02	9.85e-01	2.95e-03	5.60e-07	0.00e+00	0.00e+00	0.00e+00	0.00e+00	9.03e-06	1.29e-06	7.36e-07
 1.28088e+16	1.19e-05	1.21e-02	9.86e-01	1.51e-03	1.72e-07	0.00e+00	0.00e+00	0.00e+00	0.00e+00	9.71e-06	1.39e-06	7.92e-07
 1.40897e+16	1.29e-05	1.27e-02	9.87e-01	7.51e-04	0.00e+00	0.00e+00	0.00e+00	0.00e+00	0.00e+00	1.05e-05	1.50e-06	8.58e-07
 1.54987e+16	1.40e-05	1.33e-02	9.86e-01	3.65e-04	0.00e+00	0.00e+00	0.00e+00	0.00e+00	0.00e+00	1.14e-05	1.63e-06	9.35e-07
 1.70485e+16	1.53e-05	1.39e-02	9.86e-01	1.74e-04	0.00e+00	0.00e+00	0.00e+00	0.00e+00	0.00e+00	1.25e-05	1.80e-06	1.03e-06
 1.87534e+16	1.69e-05	1.47e-02	9.85e-01	8.13e-05	0.00e+00	0.00e+00	0.00e+00	0.00e+00	0.00e+00	1.38e-05	1.99e-06	1.14e-06
 2.06287e+16	1.89e-05	1.55e-02	9.84e-01	3.76e-05	0.00e+00	0.00e+00	0.00e+00	0.00e+00	0.00e+00	1.54e-05	2.23e-06	1.29e-06
 2.26916e+16	2.13e-05	1.65e-02	9.83e-01	1.74e-05	0.00e+00	0.00e+00	0.00e+00	0.00e+00	0.00e+00	1.73e-05	2.53e-06	1.47e-06
 2.48842e+16	2.42e-05	1.75e-02	9.82e-01	8.28e-06	0.00e+00	0.00e+00	0.00e+00	0.00e+00	0.00e+00	1.96e-05	2.90e-06	1.69e-06
 2.69802e+16	2.74e-05	1.86e-02	9.81e-01	4.39e-06	0.00e+00	0.00e+00	0.00e+00	0.00e+00	0.00e+00	2.22e-05	3.31e-06	1.93e-06
 2.88519e+16	3.08e-05	1.96e-02	9.80e-01	2.63e-06	0.00e+00	0.00e+00	0.00e+00	0.00e+00	0.00e+00	2.48e-05	3.74e-06	2.19e-06
 3.05820e+16	3.43e-05	2.06e-02	9.79e-01	1.69e-06	0.00e+00	0.00e+00	0.00e+00	0.00e+00	0.00e+00	2.76e-05	4.20e-06	2.47e-06
 3.22443e+16	3.81e-05	2.16e-02	9.78e-01	1.14e-06	0.00e+00	0.00e+00	0.00e+00	0.00e+00	0.00e+00	3.07e-05	4.71e-06	2.77e-06
 3.38696e+16	4.25e-05	2.26e-02	9.77e-01	7.96e-07	0.00e+00	0.00e+00	0.00e+00	0.00e+00	0.00e+00	3.41e-05	5.29e-06	3.12e-06
 3.54717e+16	4.74e-05	2.37e-02	9.76e-01	5.71e-07	0.00e+00	0.00e+00	0.00e+00	0.00e+00	0.00e+00	3.80e-05	5.95e-06	3.52e-06
 3.70615e+16	5.31e-05	2.49e-02	9.75e-01	4.20e-07	0.00e+00	0.00e+00	0.00e+00	0.00e+00	0.00e+00	4.24e-05	6.71e-06	3.98e-06
 3.86462e+16	5.97e-05	2.62e-02	9.74e-01	3.15e-07	0.00e+00	0.00e+00	0.00e+00	0.00e+00	0.00e+00	4.76e-05	7.60e-06	4.52e-06
 4.02296e+16	6.74e-05	2.76e-02	9.72e-01	2.40e-07	0.00e+00	0.00e+00	0.00e+00	0.00e+00	0.00e+00	5.36e-05	8.65e-06	5.16e-06
 4.18138e+16	7.66e-05	2.91e-02	9.71e-01	1.87e-07	0.00e+00	0.00e+00	0.00e+00	0.00e+00	0.00e+00	6.08e-05	9.90e-06	5.91e-06
 4.33983e+16	8.75e-05	3.08e-02	9.69e-01	1.47e-07	0.00e+00	0.00e+00	0.00e+00	0.00e+00	0.00e+00	6.93e-05	1.14e-05	6.82e-06
 4.49473e+16	1.00e-04	3.27e-02	9.67e-01	0.00e+00	0.00e+00	0.00e+00	0.00e+00	0.00e+00	0.00e+00	7.92e-05	1.32e-05	7.89e-06
 4.64097e+16	1.15e-04	3.46e-02	9.65e-01	0.00e+00	0.00e+00	0.00e+00	0.00e+00	0.00e+00	0.00e+00	9.04e-05	1.51e-05	9.09e-06
 4.77951e+16	1.31e-04	3.66e-02	9.63e-01	0.00e+00	0.00e+00	0.00e+00	0.00e+00	0.00e+00	0.00e+00	1.03e-04	1.73e-05	1.04e-05
 4.91423e+16	1.49e-04	3.87e-02	9.61e-01	0.00e+00	0.00e+00	0.00e+00	0.00e+00	0.00e+00	0.00e+00	1.17e-04	1.99e-05	1.20e-05
 5.04586e+16	1.71e-04	4.11e-02	9.59e-01	0.00e+00	0.00e+00	0.00e+00	0.00e+00	0.00e+00	0.00e+00	1.34e-04	2.29e-05	1.39e-05
 5.17286e+16	1.97e-04	4.37e-02	9.56e-01	0.00e+00	0.00e+00	0.00e+00	0.00e+00	0.00e+00	0.00e+00	1.54e-04	2.65e-05	1.61e-05
 5.29417e+16	2.26e-04	4.65e-02	9.53e-01	0.00e+00	0.00e+00	0.00e+00	0.00e+00	0.00e+00	0.00e+00	1.77e-04	3.05e-05	1.86e-05
 5.41048e+16	2.59e-04	4.95e-02	9.50e-01	0.00e+00	0.00e+00	0.00e+00	0.00e+00	0.00e+00	0.00e+00	2.03e-04	3.52e-05	2.15e-05
 5.52320e+16	2.98e-04	5.27e-02	9.47e-01	0.00e+00	0.00e+00	0.00e+00	0.00e+00	0.00e+00	0.00e+00	2.33e-04	4.07e-05	2.49e-05
 5.63307e+16	3.44e-04	5.63e-02	9.43e-01	0.00e+00	0.00e+00	0.00e+00	0.00e+00	0.00e+00	0.00e+00	2.68e-04	4.72e-05	2.89e-05
 5.73983e+16	3.98e-04	6.02e-02	9.39e-01	0.00e+00	0.00e+00	0.00e+00	0.00e+00	0.00e+00	0.00e+00	3.10e-04	5.49e-05	3.36e-05
 5.84308e+16	4.61e-04	6.46e-02	9.35e-01	0.00e+00	0.00e+00	0.00e+00	0.00e+00	0.00e+00	0.00e+00	3.58e-04	6.39e-05	3.92e-05
 5.94297e+16	5.36e-04	6.93e-02	9.30e-01	0.00e+00	0.00e+00	0.00e+00	0.00e+00	0.00e+00	0.00e+00	4.15e-04	7.45e-05	4.58e-05
 6.04005e+16	6.23e-04	7.46e-02	9.25e-01	0.00e+00	0.00e+00	0.00e+00	0.00e+00	0.00e+00	0.00e+00	4.83e-04	8.71e-05	5.36e-05
 6.13483e+16	7.28e-04	8.04e-02	9.19e-01	0.00e+00	0.00e+00	0.00e+00	0.00e+00	0.00e+00	0.00e+00	5.63e-04	1.02e-04	6.29e-05
 6.22743e+16	8.53e-04	8.70e-02	9.12e-01	0.00e+00	0.00e+00	0.00e+00	0.00e+00	0.00e+00	0.00e+00	6.58e-04	1.20e-04	7.41e-05
 6.31779e+16	1.00e-03	9.43e-02	9.05e-01	0.00e+00	0.00e+00	0.00e+00	0.00e+00	0.00e+00	0.00e+00	7.73e-04	1.42e-04	8.75e-05
 6.40597e+16	1.18e-03	1.02e-01	8.96e-01	0.00e+00	0.00e+00	0.00e+00	0.00e+00	0.00e+00	0.00e+00	9.10e-04	1.68e-04	1.04e-04
 6.49222e+16	1.40e-03	1.12e-01	8.87e-01	0.00e+00	0.00e+00	0.00e+00	0.00e+00	0.00e+00	0.00e+00	1.08e-03	2.00e-04	1.23e-04
 6.57687e+16	1.67e-03	1.22e-01	8.77e-01	0.00e+00	0.00e+00	0.00e+00	0.00e+00	0.00e+00	0.00e+00	1.28e-03	2.39e-04	1.47e-04
 6.66012e+16	1.99e-03	1.33e-01	8.65e-01	0.00e+00	0.00e+00	0.00e+00	0.00e+00	0.00e+00	0.00e+00	1.53e-03	2.87e-04	1.76e-04
 6.74207e+16	2.39e-03	1.47e-01	8.51e-01	0.00e+00	0.00e+00	0.00e+00	0.00e+00	0.00e+00	0.00e+00	1.83e-03	3.46e-04	2.11e-04
 6.82282e+16	2.89e-03	1.62e-01	8.36e-01	0.00e+00	0.00e+00	0.00e+00	0.00e+00	0.00e+00	0.00e+00	2.21e-03	4.19e-04	2.55e-04
 6.90146e+16	3.50e-03	1.79e-01	8.18e-01	0.00e+00	0.00e+00	0.00e+00	0.00e+00	0.00e+00	0.00e+00	2.68e-03	5.11e-04	3.10e-04
 6.97615e+16	4.25e-03	1.97e-01	7.99e-01	0.00e+00	0.00e+00	0.00e+00	0.00e+00	0.00e+00	0.00e+00	3.25e-03	6.21e-04	3.76e-04
 7.04635e+16	5.13e-03	2.17e-01	7.78e-01	0.00e+00	0.00e+00	0.00e+00	0.00e+00	0.00e+00	0.00e+00	3.92e-03	7.53e-04	4.54e-04
 7.11325e+16	6.18e-03	2.39e-01	7.55e-01	0.00e+00	0.00e+00	0.00e+00	0.00e+00	0.00e+00	0.00e+00	4.72e-03	9.09e-04	5.47e-04
 7.17831e+16	7.45e-03	2.62e-01	7.30e-01	0.00e+00	0.00e+00	0.00e+00	0.00e+00	0.00e+00	0.00e+00	5.69e-03	1.10e-03	6.60e-04
 7.24187e+16	9.00e-03	2.88e-01	7.03e-01	0.00e+00	0.00e+00	0.00e+00	0.00e+00	0.00e+00	0.00e+00	6.87e-03	1.33e-03	7.97e-04
 7.30332e+16	1.09e-02	3.16e-01	6.73e-01	0.00e+00	0.00e+00	0.00e+00	0.00e+00	0.00e+00	0.00e+00	8.30e-03	1.62e-03	9.64e-04
 7.36222e+16	1.31e-02	3.46e-01	6.41e-01	0.00e+00	0.00e+00	0.00e+00	0.00e+00	0.00e+00	0.00e+00	1.00e-02	1.95e-03	1.16e-03
 7.41887e+16	1.58e-02	3.78e-01	6.06e-01	0.00e+00	0.00e+00	0.00e+00	0.00e+00	0.00e+00	0.00e+00	1.21e-02	2.36e-03	1.40e-03
 7.47394e+16	1.91e-02	4.12e-01	5.69e-01	0.00e+00	0.00e+00	0.00e+00	0.00e+00	0.00e+00	0.00e+00	1.45e-02	2.85e-03	1.69e-03
 7.52763e+16	2.30e-02	4.47e-01	5.30e-01	0.00e+00	0.00e+00	0.00e+00	0.00e+00	0.00e+00	0.00e+00	1.75e-02	3.43e-03	2.03e-03
 7.58007e+16	2.76e-02	4.83e-01	4.89e-01	0.00e+00	0.00e+00	0.00e+00	0.00e+00	0.00e+00	0.00e+00	2.11e-02	4.12e-03	2.44e-03
 7.63159e+16	3.34e-02	5.21e-01	4.45e-01	0.00e+00	0.00e+00	0.00e+00	0.00e+00	0.00e+00	0.00e+00	2.55e-02	4.97e-03	2.95e-03
 7.68148e+16	4.02e-02	5.59e-01	4.01e-01	0.00e+00	0.00e+00	0.00e+00	0.00e+00	0.00e+00	0.00e+00	3.07e-02	5.97e-03	3.54e-03
 7.72971e+16	4.85e-02	5.95e-01	3.56e-01	0.00e+00	0.00e+00	0.00e+00	0.00e+00	0.00e+00	0.00e+00	3.70e-02	7.17e-03	4.26e-03
 7.77695e+16	5.82e-02	6.30e-01	3.12e-01	0.00e+00	0.00e+00	0.00e+00	0.00e+00	0.00e+00	0.00e+00	4.45e-02	8.57e-03	5.10e-03
 7.81965e+16	6.90e-02	6.60e-01	2.71e-01	0.00e+00	0.00e+00	0.00e+00	0.00e+00	0.00e+00	0.00e+00	5.28e-02	1.01e-02	6.03e-03
 7.85537e+16	7.97e-02	6.83e-01	2.37e-01	0.00e+00	0.00e+00	0.00e+00	0.00e+00	0.00e+00	0.00e+00	6.11e-02	1.17e-02	6.96e-03
 7.88719e+16	9.06e-02	7.01e-01	2.09e-01	0.00e+00	0.00e+00	0.00e+00	0.00e+00	0.00e+00	0.00e+00	6.95e-02	1.32e-02	7.89e-03
 7.92270e+16	1.04e-01	7.17e-01	1.78e-01	0.00e+00	0.00e+00	0.00e+00	0.00e+00	0.00e+00	0.00e+00	8.01e-02	1.51e-02	9.06e-03
 7.96024e+16	1.22e-01	7.31e-01	1.48e-01	0.00e+00	0.00e+00	0.00e+00	0.00e+00	0.00e+00	0.00e+00	9.37e-02	1.75e-02	1.05e-02
 7.99065e+16	1.39e-01	7.37e-01	1.24e-01	0.00e+00	0.00e+00	0.00e+00	0.00e+00	0.00e+00	0.00e+00	1.07e-01	1.98e-02	1.20e-02
 8.01459e+16	1.54e-01	7.39e-01	1.07e-01	0.00e+00	0.00e+00	0.00e+00	0.00e+00	0.00e+00	0.00e+00	1.19e-01	2.18e-02	1.32e-02
 8.03987e+16	1.70e-01	7.39e-01	9.10e-02	0.00e+00	0.00e+00	0.00e+00	0.00e+00	0.00e+00	0.00e+00	1.32e-01	2.40e-02	1.46e-02
 8.06809e+16	1.91e-01	7.34e-01	7.47e-02	0.00e+00	0.00e+00	0.00e+00	0.00e+00	0.00e+00	0.00e+00	1.48e-01	2.67e-02	1.63e-02
 8.09351e+16	2.13e-01	7.26e-01	6.15e-02	0.00e+00	0.00e+00	0.00e+00	0.00e+00	0.00e+00	0.00e+00	1.65e-01	2.94e-02	1.81e-02
 8.11476e+16	2.32e-01	7.16e-01	5.16e-02	0.00e+00	0.00e+00	0.00e+00	0.00e+00	0.00e+00	0.00e+00	1.81e-01	3.18e-02	1.96e-02
 8.13432e+16	2.52e-01	7.05e-01	4.36e-02	0.00e+00	0.00e+00	0.00e+00	0.00e+00	0.00e+00	0.00e+00	1.96e-01	3.41e-02	2.12e-02
 8.15680e+16	2.76e-01	6.89e-01	3.56e-02	0.00e+00	0.00e+00	0.00e+00	0.00e+00	0.00e+00	0.00e+00	2.16e-01	3.69e-02	2.30e-02
 8.18098e+16	3.04e-01	6.68e-01	2.80e-02	0.00e+00	0.00e+00	0.00e+00	0.00e+00	0.00e+00	0.00e+00	2.39e-01	4.01e-02	2.52e-02
 8.20152e+16	3.31e-01	6.46e-01	2.25e-02	0.00e+00	0.00e+00	0.00e+00	0.00e+00	0.00e+00	0.00e+00	2.61e-01	4.30e-02	2.72e-02
 8.21853e+16	3.54e-01	6.27e-01	1.87e-02	0.00e+00	0.00e+00	0.00e+00	0.00e+00	0.00e+00	0.00e+00	2.80e-01	4.53e-02	2.89e-02
 8.23682e+16	3.80e-01	6.05e-01	1.51e-02	0.00e+00	0.00e+00	0.00e+00	0.00e+00	0.00e+00	0.00e+00	3.01e-01	4.78e-02	3.07e-02
 8.26035e+16	4.15e-01	5.74e-01	1.13e-02	0.00e+00	0.00e+00	0.00e+00	0.00e+00	0.00e+00	0.00e+00	3.31e-01	5.10e-02	3.31e-02
 8.28351e+16	4.54e-01	5.38e-01	8.30e-03	0.00e+00	0.00e+00	0.00e+00	0.00e+00	0.00e+00	0.00e+00	3.64e-01	5.42e-02	3.56e-02
 8.30045e+16	4.83e-01	5.10e-01	6.52e-03	0.00e+00	0.00e+00	0.00e+00	0.00e+00	0.00e+00	0.00e+00	3.89e-01	5.63e-02	3.74e-02
 8.31407e+16	5.05e-01	4.89e-01	5.37e-03	0.00e+00	0.00e+00	0.00e+00	0.00e+00	0.00e+00	0.00e+00	4.09e-01	5.78e-02	3.87e-02
 8.32774e+16	5.29e-01	4.67e-01	4.38e-03	0.00e+00	0.00e+00	0.00e+00	0.00e+00	0.00e+00	0.00e+00	4.29e-01	5.92e-02	4.00e-02
 8.34197e+16	5.54e-01	4.43e-01	3.50e-03	0.00e+00	0.00e+00	0.00e+00	0.00e+00	0.00e+00	0.00e+00	4.52e-01	6.05e-02	4.13e-02
 8.35591e+16	5.78e-01	4.19e-01	2.79e-03	0.00e+00	0.00e+00	0.00e+00	0.00e+00	0.00e+00	0.00e+00	4.74e-01	6.15e-02	4.24e-02
 8.36627e+16	5.97e-01	4.01e-01	2.35e-03	0.00e+00	0.00e+00	0.00e+00	0.00e+00	0.00e+00	0.00e+00	4.92e-01	6.22e-02	4.32e-02
 8.37237e+16	6.07e-01	3.91e-01	2.13e-03	0.00e+00	0.00e+00	0.00e+00	0.00e+00	0.00e+00	0.00e+00	5.01e-01	6.24e-02	4.36e-02
 8.37802e+16	6.16e-01	3.82e-01	1.94e-03	0.00e+00	0.00e+00	0.00e+00	0.00e+00	0.00e+00	0.00e+00	5.09e-01	6.27e-02	4.39e-02
 8.38533e+16	6.28e-01	3.70e-01	1.71e-03	0.00e+00	0.00e+00	0.00e+00	0.00e+00	0.00e+00	0.00e+00	5.21e-01	6.29e-02	4.44e-02
 8.39348e+16	6.43e-01	3.56e-01	1.48e-03	0.00e+00	0.00e+00	0.00e+00	0.00e+00	0.00e+00	0.00e+00	5.35e-01	6.32e-02	4.48e-02
 8.40088e+16	6.55e-01	3.43e-01	1.29e-03	0.00e+00	0.00e+00	0.00e+00	0.00e+00	0.00e+00	0.00e+00	5.47e-01	6.33e-02	4.52e-02
 8.40741e+16	6.66e-01	3.33e-01	1.15e-03	0.00e+00	0.00e+00	0.00e+00	0.00e+00	0.00e+00	0.00e+00	5.57e-01	6.34e-02	4.55e-02
 8.41396e+16	6.77e-01	3.22e-01	1.01e-03	0.00e+00	0.00e+00	0.00e+00	0.00e+00	0.00e+00	0.00e+00	5.68e-01	6.34e-02	4.57e-02
 8.42084e+16	6.89e-01	3.10e-01	8.91e-04	0.00e+00	0.00e+00	0.00e+00	0.00e+00	0.00e+00	0.00e+00	5.79e-01	6.33e-02	4.60e-02
 8.42774e+16	7.01e-01	2.99e-01	7.78e-04	0.00e+00	0.00e+00	0.00e+00	0.00e+00	0.00e+00	0.00e+00	5.91e-01	6.32e-02	4.62e-02
 8.43434e+16	7.11e-01	2.88e-01	6.84e-04	0.00e+00	0.00e+00	0.00e+00	0.00e+00	0.00e+00	0.00e+00	6.02e-01	6.31e-02	4.63e-02
 8.44071e+16	7.22e-01	2.78e-01	6.02e-04	0.00e+00	0.00e+00	0.00e+00	0.00e+00	0.00e+00	0.00e+00	6.12e-01	6.29e-02	4.64e-02
 8.44711e+16	7.32e-01	2.68e-01	5.29e-04	0.00e+00	0.00e+00	0.00e+00	0.00e+00	0.00e+00	0.00e+00	6.23e-01	6.26e-02	4.65e-02
 8.45362e+16	7.42e-01	2.57e-01	4.62e-04	0.00e+00	0.00e+00	0.00e+00	0.00e+00	0.00e+00	0.00e+00	6.34e-01	6.23e-02	4.65e-02
 8.46003e+16	7.52e-01	2.48e-01	4.05e-04	0.00e+00	0.00e+00	0.00e+00	0.00e+00	0.00e+00	0.00e+00	6.44e-01	6.20e-02	4.65e-02
 8.46631e+16	7.62e-01	2.38e-01	3.54e-04	0.00e+00	0.00e+00	0.00e+00	0.00e+00	0.00e+00	0.00e+00	6.54e-01	6.16e-02	4.64e-02
 8.47257e+16	7.71e-01	2.29e-01	3.10e-04	0.00e+00	0.00e+00	0.00e+00	0.00e+00	0.00e+00	0.00e+00	6.64e-01	6.12e-02	4.64e-02
 8.47871e+16	7.80e-01	2.20e-01	2.71e-04	0.00e+00	0.00e+00	0.00e+00	0.00e+00	0.00e+00	0.00e+00	6.73e-01	6.07e-02	4.62e-02
 8.48477e+16	7.89e-01	2.11e-01	2.37e-04	0.00e+00	0.00e+00	0.00e+00	0.00e+00	0.00e+00	0.00e+00	6.82e-01	6.03e-02	4.61e-02
 8.49090e+16	7.97e-01	2.02e-01	2.07e-04	0.00e+00	0.00e+00	0.00e+00	0.00e+00	0.00e+00	0.00e+00	6.92e-01	5.97e-02	4.59e-02
 8.49703e+16	8.06e-01	1.94e-01	1.80e-04	0.00e+00	0.00e+00	0.00e+00	0.00e+00	0.00e+00	0.00e+00	7.01e-01	5.92e-02	4.57e-02
 8.50296e+16	8.14e-01	1.86e-01	1.57e-04	0.00e+00	0.00e+00	0.00e+00	0.00e+00	0.00e+00	0.00e+00	7.10e-01	5.86e-02	4.55e-02
 8.50881e+16	8.22e-01	1.78e-01	1.37e-04	0.00e+00	0.00e+00	0.00e+00	0.00e+00	0.00e+00	0.00e+00	7.18e-01	5.80e-02	4.52e-02
 8.51469e+16	8.29e-01	1.71e-01	1.20e-04	0.00e+00	0.00e+00	0.00e+00	0.00e+00	0.00e+00	0.00e+00	7.26e-01	5.74e-02	4.50e-02
 8.52059e+16	8.36e-01	1.64e-01	1.04e-04	0.00e+00	0.00e+00	0.00e+00	0.00e+00	0.00e+00	0.00e+00	7.35e-01	5.68e-02	4.47e-02
 8.52647e+16	8.43e-01	1.56e-01	9.01e-05	0.00e+00	0.00e+00	0.00e+00	0.00e+00	0.00e+00	0.00e+00	7.43e-01	5.61e-02	4.43e-02
 8.53217e+16	8.50e-01	1.50e-01	7.85e-05	0.00e+00	0.00e+00	0.00e+00	0.00e+00	0.00e+00	0.00e+00	7.51e-01	5.55e-02	4.40e-02
 8.53777e+16	8.56e-01	1.44e-01	6.84e-05	0.00e+00	0.00e+00	0.00e+00	0.00e+00	0.00e+00	0.00e+00	7.58e-01	5.49e-02	4.37e-02
 8.54342e+16	8.63e-01	1.37e-01	5.95e-05	0.00e+00	0.00e+00	0.00e+00	0.00e+00	0.00e+00	0.00e+00	7.65e-01	5.42e-02	4.33e-02
 8.54905e+16	8.69e-01	1.31e-01	5.16e-05	0.00e+00	0.00e+00	0.00e+00	0.00e+00	0.00e+00	0.00e+00	7.72e-01	5.35e-02	4.29e-02
 8.55456e+16	8.74e-01	1.26e-01	4.49e-05	0.00e+00	0.00e+00	0.00e+00	0.00e+00	0.00e+00	0.00e+00	7.79e-01	5.29e-02	4.25e-02
 8.55992e+16	8.80e-01	1.20e-01	3.92e-05	0.00e+00	0.00e+00	0.00e+00	0.00e+00	0.00e+00	0.00e+00	7.85e-01	5.23e-02	4.22e-02
 8.56514e+16	8.85e-01	1.15e-01	3.43e-05	0.00e+00	0.00e+00	0.00e+00	0.00e+00	0.00e+00	0.00e+00	7.91e-01	5.17e-02	4.18e-02
 8.57030e+16	8.90e-01	1.10e-01	3.00e-05	0.00e+00	0.00e+00	0.00e+00	0.00e+00	0.00e+00	0.00e+00	7.97e-01	5.10e-02	4.14e-02
 8.57547e+16	8.94e-01	1.06e-01	2.62e-05	0.00e+00	0.00e+00	0.00e+00	0.00e+00	0.00e+00	0.00e+00	8.03e-01	5.04e-02	4.10e-02
 8.58058e+16	8.99e-01	1.01e-01	2.29e-05	0.00e+00	0.00e+00	0.00e+00	0.00e+00	0.00e+00	0.00e+00	8.08e-01	4.98e-02	4.06e-02
 8.58552e+16	9.03e-01	9.69e-02	2.01e-05	0.00e+00	0.00e+00	0.00e+00	0.00e+00	0.00e+00	0.00e+00	8.14e-01	4.92e-02	4.03e-02
 8.59033e+16	9.07e-01	9.29e-02	1.76e-05	0.00e+00	0.00e+00	0.00e+00	0.00e+00	0.00e+00	0.00e+00	8.19e-01	4.87e-02	3.99e-02
 8.59514e+16	9.11e-01	8.91e-02	1.55e-05	0.00e+00	0.00e+00	0.00e+00	0.00e+00	0.00e+00	0.00e+00	8.23e-01	4.81e-02	3.95e-02
 8.59997e+16	9.15e-01	8.54e-02	1.36e-05	0.00e+00	0.00e+00	0.00e+00	0.00e+00	0.00e+00	0.00e+00	8.28e-01	4.76e-02	3.92e-02
 8.60468e+16	9.18e-01	8.18e-02	1.19e-05	0.00e+00	0.00e+00	0.00e+00	0.00e+00	0.00e+00	0.00e+00	8.32e-01	4.71e-02	3.88e-02
 8.60926e+16	9.22e-01	7.85e-02	1.05e-05	0.00e+00	0.00e+00	0.00e+00	0.00e+00	0.00e+00	0.00e+00	8.37e-01	4.65e-02	3.84e-02
 8.61376e+16	9.25e-01	7.53e-02	9.30e-06	0.00e+00	0.00e+00	0.00e+00	0.00e+00	0.00e+00	0.00e+00	8.41e-01	4.60e-02	3.81e-02
 8.61829e+16	9.28e-01	7.23e-02	8.20e-06	0.00e+00	0.00e+00	0.00e+00	0.00e+00	0.00e+00	0.00e+00	8.44e-01	4.56e-02	3.78e-02
 8.62281e+16	9.31e-01	6.92e-02	7.22e-06	0.00e+00	0.00e+00	0.00e+00	0.00e+00	0.00e+00	0.00e+00	8.48e-01	4.51e-02	3.74e-02
 8.62717e+16	9.34e-01	6.64e-02	6.39e-06	0.00e+00	0.00e+00	0.00e+00	0.00e+00	0.00e+00	0.00e+00	8.52e-01	4.46e-02	3.71e-02
 8.63141e+16	9.36e-01	6.38e-02	5.66e-06	0.00e+00	0.00e+00	0.00e+00	0.00e+00	0.00e+00	0.00e+00	8.55e-01	4.42e-02	3.67e-02
 8.63572e+16	9.39e-01	6.13e-02	5.01e-06	0.00e+00	0.00e+00	0.00e+00	0.00e+00	0.00e+00	0.00e+00	8.59e-01	4.37e-02	3.64e-02
 8.64004e+16	9.41e-01	5.88e-02	4.43e-06	0.00e+00	0.00e+00	0.00e+00	0.00e+00	0.00e+00	0.00e+00	8.62e-01	4.33e-02	3.60e-02
 8.64426e+16	9.44e-01	5.64e-02	3.92e-06	0.00e+00	0.00e+00	0.00e+00	0.00e+00	0.00e+00	0.00e+00	8.65e-01	4.28e-02	3.57e-02
 8.64838e+16	9.46e-01	5.41e-02	3.48e-06	0.00e+00	0.00e+00	0.00e+00	0.00e+00	0.00e+00	0.00e+00	8.68e-01	4.24e-02	3.53e-02
 8.65245e+16	9.48e-01	5.20e-02	3.09e-06	0.00e+00	0.00e+00	0.00e+00	0.00e+00	0.00e+00	0.00e+00	8.71e-01	4.20e-02	3.50e-02
 8.65647e+16	9.50e-01	4.99e-02	2.75e-06	0.00e+00	0.00e+00	0.00e+00	0.00e+00	0.00e+00	0.00e+00	8.74e-01	4.16e-02	3.47e-02
 8.66044e+16	9.52e-01	4.79e-02	2.45e-06	0.00e+00	0.00e+00	0.00e+00	0.00e+00	0.00e+00	0.00e+00	8.77e-01	4.12e-02	3.43e-02
 8.66443e+16	9.54e-01	4.60e-02	2.18e-06	0.00e+00	0.00e+00	0.00e+00	0.00e+00	0.00e+00	0.00e+00	8.79e-01	4.09e-02	3.40e-02
 8.66842e+16	9.56e-01	4.41e-02	1.94e-06	0.00e+00	0.00e+00	0.00e+00	0.00e+00	0.00e+00	0.00e+00	8.82e-01	4.05e-02	3.37e-02
 8.67231e+16	9.58e-01	4.24e-02	1.73e-06	0.00e+00	0.00e+00	0.00e+00	0.00e+00	0.00e+00	0.00e+00	8.84e-01	4.02e-02	3.34e-02
 8.67613e+16	9.59e-01	4.07e-02	1.54e-06	0.00e+00	0.00e+00	0.00e+00	0.00e+00	0.00e+00	0.00e+00	8.86e-01	3.98e-02	3.31e-02
 8.67990e+16	9.61e-01	3.91e-02	1.38e-06	0.00e+00	0.00e+00	0.00e+00	0.00e+00	0.00e+00	0.00e+00	8.89e-01	3.95e-02	3.29e-02
 8.68364e+16	9.62e-01	3.76e-02	1.23e-06	0.00e+00	0.00e+00	0.00e+00	0.00e+00	0.00e+00	0.00e+00	8.91e-01	3.92e-02	3.26e-02
 8.68737e+16	9.64e-01	3.61e-02	1.10e-06	0.00e+00	0.00e+00	0.00e+00	0.00e+00	0.00e+00	0.00e+00	8.93e-01	3.89e-02	3.23e-02
 8.69106e+16	9.65e-01	3.46e-02	9.86e-07	0.00e+00	0.00e+00	0.00e+00	0.00e+00	0.00e+00	0.00e+00	8.95e-01	3.86e-02	3.21e-02
 8.69469e+16	9.67e-01	3.32e-02	8.84e-07	0.00e+00	0.00e+00	0.00e+00	0.00e+00	0.00e+00	0.00e+00	8.97e-01	3.83e-02	3.18e-02
 8.69826e+16	9.68e-01	3.19e-02	7.94e-07	0.00e+00	0.00e+00	0.00e+00	0.00e+00	0.00e+00	0.00e+00	8.99e-01	3.80e-02	3.16e-02
 8.70180e+16	9.69e-01	3.06e-02	7.13e-07	0.00e+00	0.00e+00	0.00e+00	0.00e+00	0.00e+00	0.00e+00	9.00e-01	3.78e-02	3.13e-02
 8.70531e+16	9.71e-01	2.94e-02	6.40e-07	0.00e+00	0.00e+00	0.00e+00	0.00e+00	0.00e+00	0.00e+00	9.02e-01	3.75e-02	3.11e-02
 8.70877e+16	9.72e-01	2.82e-02	5.76e-07	0.00e+00	0.00e+00	0.00e+00	0.00e+00	0.00e+00	0.00e+00	9.04e-01	3.72e-02	3.09e-02
 8.71219e+16	9.73e-01	2.71e-02	5.19e-07	0.00e+00	0.00e+00	0.00e+00	0.00e+00	0.00e+00	0.00e+00	9.05e-01	3.70e-02	3.06e-02
 8.71554e+16	9.74e-01	2.60e-02	4.69e-07	0.00e+00	0.00e+00	0.00e+00	0.00e+00	0.00e+00	0.00e+00	9.07e-01	3.67e-02	3.04e-02
 8.71865e+16	9.75e-01	2.50e-02	4.26e-07	0.00e+00	0.00e+00	0.00e+00	0.00e+00	0.00e+00	0.00e+00	9.08e-01	3.65e-02	3.02e-02
 8.72147e+16	9.76e-01	2.41e-02	3.92e-07	0.00e+00	0.00e+00	0.00e+00	0.00e+00	0.00e+00	0.00e+00	9.10e-01	3.63e-02	3.00e-02
 8.72405e+16	9.77e-01	2.34e-02	3.62e-07	0.00e+00	0.00e+00	0.00e+00	0.00e+00	0.00e+00	0.00e+00	9.11e-01	3.61e-02	2.99e-02
 8.72644e+16	9.77e-01	2.27e-02	3.37e-07	0.00e+00	0.00e+00	0.00e+00	0.00e+00	0.00e+00	0.00e+00	9.12e-01	3.60e-02	2.97e-02
 8.72872e+16	9.78e-01	2.21e-02	3.15e-07	0.00e+00	0.00e+00	0.00e+00	0.00e+00	0.00e+00	0.00e+00	9.13e-01	3.58e-02	2.96e-02
 8.73084e+16	9.79e-01	2.15e-02	2.95e-07	0.00e+00	0.00e+00	0.00e+00	0.00e+00	0.00e+00	0.00e+00	9.13e-01	3.57e-02	2.94e-02
 8.73277e+16	9.79e-01	2.09e-02	2.79e-07	0.00e+00	0.00e+00	0.00e+00	0.00e+00	0.00e+00	0.00e+00	9.14e-01	3.55e-02	2.93e-02
 8.73457e+16	9.80e-01	2.04e-02	2.64e-07	0.00e+00	0.00e+00	0.00e+00	0.00e+00	0.00e+00	0.00e+00	9.15e-01	3.54e-02	2.92e-02
 8.73627e+16	9.80e-01	2.00e-02	2.51e-07	0.00e+00	0.00e+00	0.00e+00	0.00e+00	0.00e+00	0.00e+00	9.16e-01	3.53e-02	2.91e-02
 8.73788e+16	9.80e-01	1.95e-02	2.39e-07	0.00e+00	0.00e+00	0.00e+00	0.00e+00	0.00e+00	0.00e+00	9.16e-01	3.51e-02	2.90e-02
 8.73941e+16	9.81e-01	1.91e-02	2.28e-07	0.00e+00	0.00e+00	0.00e+00	0.00e+00	0.00e+00	0.00e+00	9.17e-01	3.50e-02	2.88e-02
 8.74086e+16	9.81e-01	1.87e-02	2.18e-07	0.00e+00	0.00e+00	0.00e+00	0.00e+00	0.00e+00	0.00e+00	9.18e-01	3.49e-02	2.87e-02
 8.74222e+16	9.82e-01	1.83e-02	2.09e-07	0.00e+00	0.00e+00	0.00e+00	0.00e+00	0.00e+00	0.00e+00	9.18e-01	3.48e-02	2.86e-02
 8.74352e+16	9.82e-01	1.80e-02	2.01e-07	0.00e+00	0.00e+00	0.00e+00	0.00e+00	0.00e+00	0.00e+00	9.19e-01	3.47e-02	2.85e-02
 8.74475e+16	9.82e-01	1.76e-02	1.94e-07	0.00e+00	0.00e+00	0.00e+00	0.00e+00	0.00e+00	0.00e+00	9.19e-01	3.46e-02	2.85e-02
 8.74592e+16	9.83e-01	1.73e-02	1.87e-07	0.00e+00	0.00e+00	0.00e+00	0.00e+00	0.00e+00	0.00e+00	9.20e-01	3.45e-02	2.84e-02
 8.74705e+16	9.83e-01	1.70e-02	1.80e-07	0.00e+00	0.00e+00	0.00e+00	0.00e+00	0.00e+00	0.00e+00	9.20e-01	3.44e-02	2.83e-02
 8.74814e+16	9.83e-01	1.67e-02	1.74e-07	0.00e+00	0.00e+00	0.00e+00	0.00e+00	0.00e+00	0.00e+00	9.21e-01	3.43e-02	2.82e-02
 8.74919e+16	9.84e-01	1.64e-02	1.69e-07	0.00e+00	0.00e+00	0.00e+00	0.00e+00	0.00e+00	0.00e+00	9.21e-01	3.42e-02	2.81e-02
 8.75018e+16	9.84e-01	1.61e-02	1.64e-07	0.00e+00	0.00e+00	0.00e+00	0.00e+00	0.00e+00	0.00e+00	9.22e-01	3.41e-02	2.80e-02
 8.75115e+16	9.84e-01	1.58e-02	1.59e-07	0.00e+00	0.00e+00	0.00e+00	0.00e+00	0.00e+00	0.00e+00	9.22e-01	3.40e-02	2.79e-02
 8.75215e+16	9.84e-01	1.56e-02	1.54e-07	0.00e+00	0.00e+00	0.00e+00	0.00e+00	0.00e+00	0.00e+00	9.23e-01	3.39e-02	2.78e-02
 8.75315e+16	9.85e-01	1.53e-02	1.49e-07	0.00e+00	0.00e+00	0.00e+00	0.00e+00	0.00e+00	0.00e+00	9.23e-01	3.38e-02	2.77e-02
 8.75414e+16	9.85e-01	1.50e-02	1.44e-07	0.00e+00	0.00e+00	0.00e+00	0.00e+00	0.00e+00	0.00e+00	9.24e-01	3.37e-02	2.76e-02
 8.75511e+16	9.85e-01	1.47e-02	1.40e-07	0.00e+00	0.00e+00	0.00e+00	0.00e+00	0.00e+00	0.00e+00	9.24e-01	3.36e-02	2.75e-02
 8.75611e+16	9.86e-01	1.44e-02	1.35e-07	0.00e+00	0.00e+00	0.00e+00	0.00e+00	0.00e+00	0.00e+00	9.25e-01	3.35e-02	2.74e-02
 8.75718e+16	9.86e-01	1.40e-02	1.30e-07	0.00e+00	0.00e+00	0.00e+00	0.00e+00	0.00e+00	0.00e+00	9.25e-01	3.33e-02	2.73e-02
 8.75832e+16	9.86e-01	1.37e-02	1.25e-07	0.00e+00	0.00e+00	0.00e+00	0.00e+00	0.00e+00	0.00e+00	9.26e-01	3.32e-02	2.71e-02
 8.75947e+16	9.87e-01	1.33e-02	1.21e-07	0.00e+00	0.00e+00	0.00e+00	0.00e+00	0.00e+00	0.00e+00	9.27e-01	3.30e-02	2.70e-02
 8.76051e+16	9.87e-01	1.29e-02	1.16e-07	0.00e+00	0.00e+00	0.00e+00	0.00e+00	0.00e+00	0.00e+00	9.27e-01	3.29e-02	2.69e-02
 8.76144e+16	9.87e-01	1.26e-02	1.13e-07	0.00e+00	0.00e+00	0.00e+00	0.00e+00	0.00e+00	0.00e+00	9.28e-01	3.28e-02	2.67e-02
 8.76233e+16	9.88e-01	1.23e-02	1.09e-07	0.00e+00	0.00e+00	0.00e+00	0.00e+00	0.00e+00	0.00e+00	9.28e-01	3.26e-02	2.66e-02
 8.76320e+16	9.88e-01	1.21e-02	1.06e-07	0.00e+00	0.00e+00	0.00e+00	0.00e+00	0.00e+00	0.00e+00	9.29e-01	3.25e-02	2.65e-02
 8.76402e+16	9.88e-01	1.18e-02	1.02e-07	0.00e+00	0.00e+00	0.00e+00	0.00e+00	0.00e+00	0.00e+00	9.29e-01	3.24e-02	2.64e-02
 8.76476e+16	9.88e-01	1.16e-02	9.96e-08	0.00e+00	0.00e+00	0.00e+00	0.00e+00	0.00e+00	0.00e+00	9.30e-01	3.23e-02	2.62e-02
 8.76544e+16	9.89e-01	1.13e-02	9.70e-08	0.00e+00	0.00e+00	0.00e+00	0.00e+00	0.00e+00	0.00e+00	9.30e-01	3.22e-02	2.61e-02
 8.76606e+16	9.89e-01	1.11e-02	9.48e-08	0.00e+00	0.00e+00	0.00e+00	0.00e+00	0.00e+00	0.00e+00	9.31e-01	3.20e-02	2.60e-02
 8.76662e+16	9.89e-01	1.10e-02	9.27e-08	0.00e+00	0.00e+00	0.00e+00	0.00e+00	0.00e+00	0.00e+00	9.31e-01	3.20e-02	2.59e-02
 8.76713e+16	9.89e-01	1.08e-02	9.09e-08	0.00e+00	0.00e+00	0.00e+00	0.00e+00	0.00e+00	0.00e+00	9.31e-01	3.19e-02	2.58e-02
 8.76759e+16	9.89e-01	1.07e-02	8.92e-08	0.00e+00	0.00e+00	0.00e+00	0.00e+00	0.00e+00	0.00e+00	9.32e-01	3.18e-02	2.58e-02
 8.76810e+16	9.90e-01	1.05e-02	8.74e-08	0.00e+00	0.00e+00	0.00e+00	0.00e+00	0.00e+00	0.00e+00	9.32e-01	3.17e-02	2.57e-02
 8.76865e+16	9.90e-01	1.03e-02	8.54e-08	0.00e+00	0.00e+00	0.00e+00	0.00e+00	0.00e+00	0.00e+00	9.33e-01	3.16e-02	2.56e-02
 8.76915e+16	9.90e-01	1.02e-02	8.37e-08	0.00e+00	0.00e+00	0.00e+00	0.00e+00	0.00e+00	0.00e+00	9.33e-01	3.15e-02	2.55e-02
 8.76961e+16	9.90e-01	1.00e-02	8.21e-08	0.00e+00	0.00e+00	0.00e+00	0.00e+00	0.00e+00	0.00e+00	9.33e-01	3.14e-02	2.54e-02
 8.77010e+16	9.90e-01	9.90e-03	8.04e-08	0.00e+00	0.00e+00	0.00e+00	0.00e+00	0.00e+00	0.00e+00	9.34e-01	3.12e-02	2.53e-02
 8.77064e+16	9.90e-01	9.74e-03	7.85e-08	0.00e+00	0.00e+00	0.00e+00	0.00e+00	0.00e+00	0.00e+00	9.34e-01	3.11e-02	2.52e-02
 8.77113e+16	9.90e-01	9.60e-03	7.69e-08	0.00e+00	0.00e+00	0.00e+00	0.00e+00	0.00e+00	0.00e+00	9.34e-01	3.10e-02	2.51e-02
 8.77158e+16	9.91e-01	9.47e-03	7.54e-08	0.00e+00	0.00e+00	0.00e+00	0.00e+00	0.00e+00	0.00e+00	9.35e-01	3.09e-02	2.50e-02
 8.77207e+16	9.91e-01	9.33e-03	7.37e-08	0.00e+00	0.00e+00	0.00e+00	0.00e+00	0.00e+00	0.00e+00	9.35e-01	3.08e-02	2.50e-02
 8.77260e+16	9.91e-01	9.18e-03	7.20e-08	0.00e+00	0.00e+00	0.00e+00	0.00e+00	0.00e+00	0.00e+00	9.35e-01	3.07e-02	2.49e-02
 8.77308e+16	9.91e-01	9.07e-03	7.06e-08	0.00e+00	0.00e+00	0.00e+00	0.00e+00	0.00e+00	0.00e+00	9.36e-01	3.06e-02	2.48e-02
 8.77360e+16	9.91e-01	8.94e-03	6.89e-08	0.00e+00	0.00e+00	0.00e+00	0.00e+00	0.00e+00	0.00e+00	9.36e-01	3.05e-02	2.47e-02
 8.77429e+16	9.91e-01	8.78e-03	6.69e-08	0.00e+00	0.00e+00	0.00e+00	0.00e+00	0.00e+00	0.00e+00	9.36e-01	3.04e-02	2.46e-02
 8.77502e+16	9.91e-01	8.61e-03	6.47e-08	0.00e+00	0.00e+00	0.00e+00	0.00e+00	0.00e+00	0.00e+00	9.37e-01	3.03e-02	2.45e-02
 8.77570e+16	9.92e-01	8.47e-03	6.29e-08	0.00e+00	0.00e+00	0.00e+00	0.00e+00	0.00e+00	0.00e+00	9.37e-01	3.02e-02	2.44e-02
 8.77631e+16	9.92e-01	8.34e-03	6.13e-08	0.00e+00	0.00e+00	0.00e+00	0.00e+00	0.00e+00	0.00e+00	9.37e-01	3.01e-02	2.43e-02
 8.77698e+16	9.92e-01	8.18e-03	5.94e-08	0.00e+00	0.00e+00	0.00e+00	0.00e+00	0.00e+00	0.00e+00	9.38e-01	3.00e-02	2.42e-02
 8.77770e+16	9.92e-01	8.03e-03	5.75e-08	0.00e+00	0.00e+00	0.00e+00	0.00e+00	0.00e+00	0.00e+00	9.38e-01	2.98e-02	2.41e-02
 8.77836e+16	9.92e-01	7.90e-03	5.58e-08	0.00e+00	0.00e+00	0.00e+00	0.00e+00	0.00e+00	0.00e+00	9.38e-01	2.97e-02	2.39e-02
 8.77896e+16	9.92e-01	7.78e-03	5.43e-08	0.00e+00	0.00e+00	0.00e+00	0.00e+00	0.00e+00	0.00e+00	9.39e-01	2.96e-02	2.39e-02
 8.77961e+16	9.92e-01	7.64e-03	5.26e-08	0.00e+00	0.00e+00	0.00e+00	0.00e+00	0.00e+00	0.00e+00	9.39e-01	2.95e-02	2.37e-02
 8.78032e+16	9.93e-01	7.49e-03	5.09e-08	0.00e+00	0.00e+00	0.00e+00	0.00e+00	0.00e+00	0.00e+00	9.39e-01	2.94e-02	2.36e-02
 8.78097e+16	9.93e-01	7.38e-03	4.94e-08	0.00e+00	0.00e+00	0.00e+00	0.00e+00	0.00e+00	0.00e+00	9.40e-01	2.93e-02	2.35e-02
 8.78167e+16	9.93e-01	7.23e-03	4.77e-08	0.00e+00	0.00e+00	0.00e+00	0.00e+00	0.00e+00	0.00e+00	9.40e-01	2.92e-02	2.34e-02
###########################
 4.67763e+11	3.39e-06	3.53e-03	3.52e-01	6.33e-01	1.14e-02	5.44e-07	0.00e+00	0.00e+00	0.00e+00	2.77e-06	3.93e-07	2.22e-07
 2.80658e+12	3.38e-06	3.53e-03	3.52e-01	6.33e-01	1.14e-02	5.43e-07	0.00e+00	0.00e+00	0.00e+00	2.77e-06	3.92e-07	2.22e-07
 1.21618e+13	3.39e-06	3.54e-03	3.53e-01	6.32e-01	1.14e-02	5.38e-07	0.00e+00	0.00e+00	0.00e+00	2.77e-06	3.93e-07	2.22e-07
 4.95829e+13	3.42e-06	3.57e-03	3.57e-01	6.29e-01	1.11e-02	5.24e-07	0.00e+00	0.00e+00	0.00e+00	2.80e-06	3.96e-07	2.24e-07
 1.18438e+14	3.42e-06	3.61e-03	3.62e-01	6.24e-01	1.08e-02	5.00e-07	0.00e+00	0.00e+00	0.00e+00	2.80e-06	3.98e-07	2.25e-07
 2.07949e+14	3.45e-06	3.68e-03	3.68e-01	6.18e-01	1.03e-02	4.70e-07	0.00e+00	0.00e+00	0.00e+00	2.83e-06	4.01e-07	2.27e-07
 3.24313e+14	3.50e-06	3.76e-03	3.77e-01	6.09e-01	9.74e-03	4.36e-07	0.00e+00	0.00e+00	0.00e+00	2.86e-06	4.06e-07	2.30e-07
 4.75587e+14	3.56e-06	3.86e-03	3.89e-01	5.98e-01	9.07e-03	3.95e-07	0.00e+00	0.00e+00	0.00e+00	2.92e-06	4.12e-07	2.33e-07
 6.72244e+14	3.66e-06	4.01e-03	4.05e-01	5.83e-01	8.27e-03	3.49e-07	0.00e+00	0.00e+00	0.00e+00	3.00e-06	4.22e-07	2.38e-07
 9.27897e+14	3.78e-06	4.20e-03	4.26e-01	5.63e-01	7.33e-03	2.97e-07	0.00e+00	0.00e+00	0.00e+00	3.10e-06	4.35e-07	2.46e-07
 1.26025e+15	3.96e-06	4.46e-03	4.55e-01	5.35e-01	6.26e-03	2.40e-07	0.00e+00	0.00e+00	0.00e+00	3.25e-06	4.55e-07	2.56e-07
 1.69230e+15	4.21e-06	4.82e-03	4.94e-01	4.96e-01	5.07e-03	1.83e-07	0.00e+00	0.00e+00	0.00e+00	3.46e-06	4.82e-07	2.71e-07
 2.25397e+15	4.57e-06	5.32e-03	5.48e-01	4.43e-01	3.80e-03	0.00e+00	0.00e+00	0.00e+00	0.00e+00	3.76e-06	5.23e-07	2.94e-07
 2.98414e+15	5.06e-06	5.99e-03	6.21e-01	3.71e-01	2.54e-03	0.00e+00	0.00e+00	0.00e+00	0.00e+00	4.15e-06	5.80e-07	3.27e-07
 3.73412e+15	5.42e-06	6.60e-03	6.95e-01	2.97e-01	1.61e-03	0.00e+00	0.00e+00	0.00e+00	0.00e+00	4.44e-06	6.24e-07	3.53e-07
 4.35889e+15	5.73e-06	7.10e-03	7.56e-01	2.36e-01	1.05e-03	0.00e+00	0.00e+00	0.00e+00	0.00e+00	4.69e-06	6.64e-07	3.78e-07
 5.00467e+15	6.16e-06	7.65e-03	8.14e-01	1.78e-01	6.36e-04	0.00e+00	0.00e+00	0.00e+00	0.00e+00	5.03e-06	7.20e-07	4.11e-07
 5.74183e+15	6.62e-06	8.20e-03	8.69e-01	1.23e-01	3.35e-04	0.00e+00	0.00e+00	0.00e+00	0.00e+00	5.40e-06	7.77e-07	4.45e-07
 6.56444e+15	7.18e-06	8.78e-03	9.15e-01	7.65e-02	1.49e-04	0.00e+00	0.00e+00	0.00e+00	0.00e+00	5.84e-06	8.46e-07	4.86e-07
 7.58505e+15	7.91e-06	9.42e-03	9.50e-01	4.01e-02	4.99e-05	0.00e+00	0.00e+00	0.00e+00	0.00e+00	6.44e-06	9.34e-07	5.37e-07
 8.57001e+15	8.48e-06	9.92e-03	9.69e-01	2.13e-02	1.71e-05	0.00e+00	0.00e+00	0.00e+00	0.00e+00	6.91e-06	1.00e-06	5.75e-07
 9.42701e+15	9.06e-06	1.04e-02	9.77e-01	1.22e-02	6.60e-06	0.00e+00	0.00e+00	0.00e+00	0.00e+00	7.38e-06	1.07e-06	6.13e-07
 1.03697e+16	9.71e-06	1.08e-02	9.83e-01	6.68e-03	2.35e-06	0.00e+00	0.00e+00	0.00e+00	0.00e+00	7.91e-06	1.14e-06	6.55e-07
 1.14067e+16	1.04e-05	1.13e-02	9.85e-01	3.54e-03	7.80e-07	0.00e+00	0.00e+00	0.00e+00	0.00e+00	8.49e-06	1.22e-06	7.01e-07
 1.25474e+16	1.13e-05	1.18e-02	9.86e-01	1.82e-03	2.41e-07	0.00e+00	0.00e+00	0.00e+00	0.00e+00	9.18e-06	1.32e-06	7.56e-07
 1.38021e+16	1.22e-05	1.23e-02	9.87e-01	9.08e-04	0.00e+00	0.00e+00	0.00e+00	0.00e+00	0.00e+00	9.95e-06	1.43e-06	8.19e-07
 1.51823e+16	1.33e-05	1.30e-02	9.87e-01	4.42e-04	0.00e+00	0.00e+00	0.00e+00	0.00e+00	0.00e+00	1.09e-05	1.56e-06	8.95e-07
 1.67005e+16	1.47e-05	1.36e-02	9.86e-01	2.10e-04	0.00e+00	0.00e+00	0.00e+00	0.00e+00	0.00e+00	1.19e-05	1.72e-06	9.86e-07
 1.83706e+16	1.62e-05	1.44e-02	9.85e-01	9.82e-05	0.00e+00	0.00e+00	0.00e+00	0.00e+00	0.00e+00	1.32e-05	1.91e-06	1.10e-06
 2.02076e+16	1.82e-05	1.53e-02	9.85e-01	4.53e-05	0.00e+00	0.00e+00	0.00e+00	0.00e+00	0.00e+00	1.48e-05	2.15e-06	1.24e-06
 2.22284e+16	2.06e-05	1.62e-02	9.84e-01	2.08e-05	0.00e+00	0.00e+00	0.00e+00	0.00e+00	0.00e+00	1.67e-05	2.44e-06	1.41e-06
 2.44512e+16	2.35e-05	1.73e-02	9.83e-01	9.61e-06	0.00e+00	0.00e+00	0.00e+00	0.00e+00	0.00e+00	1.91e-05	2.81e-06	1.63e-06
 2.67702e+16	2.71e-05	1.85e-02	9.81e-01	4.67e-06	0.00e+00	0.00e+00	0.00e+00	0.00e+00	0.00e+00	2.20e-05	3.27e-06	1.90e-06
 2.89394e+16	3.11e-05	1.98e-02	9.80e-01	2.56e-06	0.00e+00	0.00e+00	0.00e+00	0.00e+00	0.00e+00	2.51e-05	3.78e-06	2.20e-06
 3.08708e+16	3.52e-05	2.09e-02	9.79e-01	1.57e-06	0.00e+00	0.00e+00	0.00e+00	0.00e+00	0.00e+00	2.84e-05	4.31e-06	2.52e-06
 3.26486e+16	3.96e-05	2.20e-02	9.78e-01	1.04e-06	0.00e+00	0.00e+00	0.00e+00	0.00e+00	0.00e+00	3.19e-05	4.89e-06	2.87e-06
 3.43389e+16	4.45e-05	2.32e-02	9.77e-01	7.19e-07	0.00e+00	0.00e+00	0.00e+00	0.00e+00	0.00e+00	3.57e-05	5.53e-06	3.26e-06
 3.59770e+16	4.99e-05	2.43e-02	9.76e-01	5.15e-07	0.00e+00	0.00e+00	0.00e+00	0.00e+00	0.00e+00	4.00e-05	6.25e-06	3.69e-06
 3.75826e+16	5.61e-05	2.56e-02	9.74e-01	3.79e-07	0.00e+00	0.00e+00	0.00e+00	0.00e+00	0.00e+00	4.48e-05	7.07e-06	4.19e-06
 3.91673e+16	6.32e-05	2.69e-02	9.73e-01	2.85e-07	0.00e+00	0.00e+00	0.00e+00	0.00e+00	0.00e+00	5.04e-05	8.03e-06	4.77e-06
 4.07377e+16	7.15e-05	2.84e-02	9.72e-01	2.19e-07	0.00e+00	0.00e+00	0.00e+00	0.00e+00	0.00e+00	5.69e-05	9.16e-06	5.45e-06
 4.22988e+16	8.12e-05	2.99e-02	9.70e-01	1.71e-07	0.00e+00	0.00e+00	0.00e+00	0.00e+00	0.00e+00	6.45e-05	1.05e-05	6.25e-06
 4.38527e+16	9.27e-05	3.17e-02	9.68e-01	1.36e-07	0.00e+00	0.00e+00	0.00e+00	0.00e+00	0.00e+00	7.35e-05	1.21e-05	7.20e-06
 4.53705e+16	1.06e-04	3.36e-02	9.66e-01	0.00e+00	0.00e+00	0.00e+00	0.00e+00	0.00e+00	0.00e+00	8.40e-05	1.39e-05	8.33e-06
 4.68085e+16	1.21e-04	3.55e-02	9.64e-01	0.00e+00	0.00e+00	0.00e+00	0.00e+00	0.00e+00	0.00e+00	9.57e-05	1.60e-05	9.59e-06
 4.81751e+16	1.38e-04	3.76e-02	9.62e-01	0.00e+00	0.00e+00	0.00e+00	0.00e+00	0.00e+00	0.00e+00	1.09e-04	1.83e-05	1.10e-05
 4.95036e+16	1.58e-04	3.98e-02	9.60e-01	0.00e+00	0.00e+00	0.00e+00	0.00e+00	0.00e+00	0.00e+00	1.24e-04	2.11e-05	1.27e-05
 5.07995e+16	1.81e-04	4.22e-02	9.58e-01	0.00e+00	0.00e+00	0.00e+00	0.00e+00	0.00e+00	0.00e+00	1.42e-04	2.43e-05	1.47e-05
 5.20490e+16	2.08e-04	4.48e-02	9.55e-01	0.00e+00	0.00e+00	0.00e+00	0.00e+00	0.00e+00	0.00e+00	1.63e-04	2.80e-05	1.70e-05
 5.32439e+16	2.39e-04	4.77e-02	9.52e-01	0.00e+00	0.00e+00	0.00e+00	0.00e+00	0.00e+00	0.00e+00	1.87e-04	3.23e-05	1.96e-05
 5.43913e+16	2.74e-04	5.08e-02	9.49e-01	0.00e+00	0.00e+00	0.00e+00	0.00e+00	0.00e+00	0.00e+00	2.14e-04	3.73e-05	2.27e-05
 5.55039e+16	3.16e-04	5.41e-02	9.46e-01	0.00e+00	0.00e+00	0.00e+00	0.00e+00	0.00e+00	0.00e+00	2.46e-04	4.31e-05	2.63e-05
 5.65879e+16	3.64e-04	5.78e-02	9.42e-01	0.00e+00	0.00e+00	0.00e+00	0.00e+00	0.00e+00	0.00e+00	2.84e-04	5.00e-05	3.05e-05
 5.76409e+16	4.21e-04	6.19e-02	9.38e-01	0.00e+00	0.00e+00	0.00e+00	0.00e+00	0.00e+00	0.00e+00	3.28e-04	5.81e-05	3.55e-05
 5.86598e+16	4.88e-04	6.63e-02	9.33e-01	0.00e+00	0.00e+00	0.00e+00	0.00e+00	0.00e+00	0.00e+00	3.79e-04	6.77e-05	4.14e-05
 5.96463e+16	5.67e-04	7.13e-02	9.28e-01	0.00e+00	0.00e+00	0.00e+00	0.00e+00	0.00e+00	0.00e+00	4.40e-04	7.90e-05	4.84e-05
 6.06057e+16	6.61e-04	7.67e-02	9.23e-01	0.00e+00	0.00e+00	0.00e+00	0.00e+00	0.00e+00	0.00e+00	5.11e-04	9.25e-05	5.67e-05
 6.15423e+16	7.72e-04	8.28e-02	9.16e-01	0.00e+00	0.00e+00	0.00e+00	0.00e+00	0.00e+00	0.00e+00	5.97e-04	1.09e-04	6.66e-05
 6.24575e+16	9.05e-04	8.95e-02	9.10e-01	0.00e+00	0.00e+00	0.00e+00	0.00e+00	0.00e+00	0.00e+00	6.98e-04	1.28e-04	7.86e-05
 6.33508e+16	1.06e-03	9.71e-02	9.02e-01	0.00e+00	0.00e+00	0.00e+00	0.00e+00	0.00e+00	0.00e+00	8.21e-04	1.51e-04	9.29e-05
 6.42230e+16	1.26e-03	1.06e-01	8.93e-01	0.00e+00	0.00e+00	0.00e+00	0.00e+00	0.00e+00	0.00e+00	9.68e-04	1.79e-04	1.10e-04
 6.50768e+16	1.49e-03	1.15e-01	8.84e-01	0.00e+00	0.00e+00	0.00e+00	0.00e+00	0.00e+00	0.00e+00	1.15e-03	2.14e-04	1.31e-04
 6.59151e+16	1.78e-03	1.26e-01	8.73e-01	0.00e+00	0.00e+00	0.00e+00	0.00e+00	0.00e+00	0.00e+00	1.36e-03	2.55e-04	1.56e-04
 6.67398e+16	2.12e-03	1.38e-01	8.60e-01	0.00e+00	0.00e+00	0.00e+00	0.00e+00	0.00e+00	0.00e+00	1.63e-03	3.07e-04	1.87e-04
 6.75521e+16	2.56e-03	1.52e-01	8.46e-01	0.00e+00	0.00e+00	0.00e+00	0.00e+00	0.00e+00	0.00e+00	1.96e-03	3.71e-04	2.26e-04
 6.83516e+16	3.09e-03	1.67e-01	8.30e-01	0.00e+00	0.00e+00	0.00e+00	0.00e+00	0.00e+00	0.00e+00	2.37e-03	4.51e-04	2.73e-04
 6.91256e+16	3.76e-03	1.85e-01	8.11e-01	0.00e+00	0.00e+00	0.00e+00	0.00e+00	0.00e+00	0.00e+00	2.87e-03	5.49e-04	3.32e-04
 6.98560e+16	4.55e-03	2.04e-01	7.92e-01	0.00e+00	0.00e+00	0.00e+00	0.00e+00	0.00e+00	0.00e+00	3.48e-03	6.67e-04	4.02e-04
 7.05428e+16	5.49e-03	2.24e-01	7.70e-01	0.00e+00	0.00e+00	0.00e+00	0.00e+00	0.00e+00	0.00e+00	4.19e-03	8.08e-04	4.85e-04
 7.12012e+16	6.60e-03	2.47e-01	7.47e-01	0.00e+00	0.00e+00	0.00e+00	0.00e+00	0.00e+00	0.00e+00	5.04e-03	9.75e-04	5.85e-04
 7.18441e+16	7.97e-03	2.71e-01	7.21e-01	0.00e+00	0.00e+00	0.00e+00	0.00e+00	0.00e+00	0.00e+00	6.08e-03	1.18e-03	7.05e-04
 7.24715e+16	9.63e-03	2.98e-01	6.93e-01	0.00e+00	0.00e+00	0.00e+00	0.00e+00	0.00e+00	0.00e+00	7.34e-03	1.43e-03	8.53e-04
 7.30760e+16	1.16e-02	3.27e-01	6.62e-01	0.00e+00	0.00e+00	0.00e+00	0.00e+00	0.00e+00	0.00e+00	8.87e-03	1.73e-03	1.03e-03
 7.36547e+16	1.40e-02	3.57e-01	6.29e-01	0.00e+00	0.00e+00	0.00e+00	0.00e+00	0.00e+00	0.00e+00	1.07e-02	2.10e-03	1.24e-03
 7.42128e+16	1.69e-02	3.90e-01	5.94e-01	0.00e+00	0.00e+00	0.00e+00	0.00e+00	0.00e+00	0.00e+00	1.29e-02	2.53e-03	1.50e-03
 7.47569e+16	2.04e-02	4.24e-01	5.56e-01	0.00e+00	0.00e+00	0.00e+00	0.00e+00	0.00e+00	0.00e+00	1.55e-02	3.05e-03	1.81e-03
 7.52879e+16	2.45e-02	4.60e-01	5.16e-01	0.00e+00	0.00e+00	0.00e+00	0.00e+00	0.00e+00	0.00e+00	1.87e-02	3.68e-03	2.17e-03
 7.58059e+16	2.95e-02	4.96e-01	4.74e-01	0.00e+00	0.00e+00	0.00e+00	0.00e+00	0.00e+00	0.00e+00	2.25e-02	4.42e-03	2.61e-03
 7.63142e+16	3.57e-02	5.34e-01	4.30e-01	0.00e+00	0.00e+00	0.00e+00	0.00e+00	0.00e+00	0.00e+00	2.72e-02	5.33e-03	3.15e-03
 7.68068e+16	4.30e-02	5.72e-01	3.85e-01	0.00e+00	0.00e+00	0.00e+00	0.00e+00	0.00e+00	0.00e+00	3.28e-02	6.39e-03	3.78e-03
 7.72847e+16	5.18e-02	6.08e-01	3.40e-01	0.00e+00	0.00e+00	0.00e+00	0.00e+00	0.00e+00	0.00e+00	3.95e-02	7.68e-03	4.55e-03
 7.77537e+16	6.22e-02	6.42e-01	2.96e-01	0.00e+00	0.00e+00	0.00e+00	0.00e+00	0.00e+00	0.00e+00	4.75e-02	9.18e-03	5.45e-03
 7.81733e+16	7.36e-02	6.70e-01	2.56e-01	0.00e+00	0.00e+00	0.00e+00	0.00e+00	0.00e+00	0.00e+00	5.63e-02	1.08e-02	6.43e-03
 7.85178e+16	8.47e-02	6.92e-01	2.24e-01	0.00e+00	0.00e+00	0.00e+00	0.00e+00	0.00e+00	0.00e+00	6.49e-02	1.24e-02	7.39e-03
 7.88235e+16	9.59e-02	7.08e-01	1.96e-01	0.00e+00	0.00e+00	0.00e+00	0.00e+00	0.00e+00	0.00e+00	7.35e-02	1.40e-02	8.34e-03
 7.91662e+16	1.10e-01	7.22e-01	1.68e-01	0.00e+00	0.00e+00	0.00e+00	0.00e+00	0.00e+00	0.00e+00	8.44e-02	1.59e-02	9.53e-03
 7.95304e+16	1.28e-01	7.34e-01	1.39e-01	0.00e+00	0.00e+00	0.00e+00	0.00e+00	0.00e+00	0.00e+00	9.83e-02	1.84e-02	1.10e-02
 7.98286e+16	1.45e-01	7.39e-01	1.16e-01	0.00e+00	0.00e+00	0.00e+00	0.00e+00	0.00e+00	0.00e+00	1.12e-01	2.07e-02	1.25e-02
 8.00647e+16	1.61e-01	7.39e-01	1.00e-01	0.00e+00	0.00e+00	0.00e+00	0.00e+00	0.00e+00	0.00e+00	1.24e-01	2.28e-02	1.38e-02
 8.03141e+16	1.77e-01	7.38e-01	8.50e-02	0.00e+00	0.00e+00	0.00e+00	0.00e+00	0.00e+00	0.00e+00	1.37e-01	2.50e-02	1.52e-02
