#depth	H	H+	H2
 4.67845e+11	2.37e-03	9.98e-01	6.06e-12
 2.80707e+12	2.37e-03	9.98e-01	6.09e-12
 1.21640e+13	2.37e-03	9.98e-01	6.12e-12
 4.95916e+13	2.37e-03	9.98e-01	6.17e-12
 1.18458e+14	2.35e-03	9.98e-01	6.31e-12
 2.07985e+14	2.34e-03	9.98e-01	6.43e-12
 3.24370e+14	2.32e-03	9.98e-01	6.56e-12
 4.75671e+14	2.31e-03	9.98e-01	6.69e-12
 6.72361e+14	2.28e-03	9.98e-01	6.81e-12
 9.28059e+14	2.26e-03	9.98e-01	6.91e-12
 1.26047e+15	2.23e-03	9.98e-01	6.97e-12
 1.69260e+15	2.19e-03	9.98e-01	6.94e-12
 2.25436e+15	2.14e-03	9.98e-01	6.83e-12
 2.98466e+15	2.08e-03	9.98e-01	6.51e-12
 3.73476e+15	2.00e-03	9.98e-01	6.01e-12
 4.35955e+15	1.94e-03	9.98e-01	5.50e-12
 5.00514e+15	1.90e-03	9.98e-01	5.06e-12
 5.74188e+15	1.87e-03	9.98e-01	4.69e-12
 6.56397e+15	1.87e-03	9.98e-01	4.46e-12
 7.58393e+15	1.88e-03	9.98e-01	4.44e-12
 8.56845e+15	1.89e-03	9.98e-01	4.66e-12
 9.42530e+15	1.92e-03	9.98e-01	4.87e-12
 1.03678e+16	1.95e-03	9.98e-01	5.12e-12
 1.14046e+16	1.98e-03	9.98e-01	5.36e-12
 1.25451e+16	2.01e-03	9.98e-01	5.61e-12
 1.37996e+16	2.05e-03	9.98e-01	5.82e-12
 1.51795e+16	2.08e-03	9.98e-01	6.00e-12
 1.66975e+16	2.13e-03	9.98e-01	6.12e-12
 1.83672e+16	2.18e-03	9.98e-01	6.16e-12
 2.02040e+16	2.23e-03	9.98e-01	6.07e-12
 2.22244e+16	2.30e-03	9.98e-01	5.80e-12
 2.44468e+16	2.37e-03	9.98e-01	5.29e-12
 2.67656e+16	2.46e-03	9.98e-01	4.61e-12
 2.89351e+16	2.55e-03	9.97e-01	3.94e-12
 3.08667e+16	2.64e-03	9.97e-01	3.34e-12
 3.26448e+16	2.73e-03	9.97e-01	2.81e-12
 3.43355e+16	2.83e-03	9.97e-01	2.38e-12
 3.59741e+16	2.94e-03	9.97e-01	2.04e-12
 3.75804e+16	3.06e-03	9.97e-01	1.77e-12
 3.91658e+16	3.19e-03	9.97e-01	1.56e-12
 4.07370e+16	3.33e-03	9.97e-01	1.42e-12
 4.22989e+16	3.49e-03	9.97e-01	1.31e-12
 4.38536e+16	3.67e-03	9.96e-01	1.24e-12
 4.53721e+16	3.86e-03	9.96e-01	1.21e-12
 4.68104e+16	4.08e-03	9.96e-01	1.20e-12
 4.81772e+16	4.30e-03	9.96e-01	1.21e-12
 4.95061e+16	4.54e-03	9.95e-01	1.24e-12
 5.08025e+16	4.81e-03	9.95e-01	1.28e-12
 5.20524e+16	5.10e-03	9.95e-01	1.33e-12
 5.32477e+16	5.40e-03	9.95e-01	1.40e-12
 5.43954e+16	5.73e-03	9.94e-01	1.47e-12
 5.55083e+16	6.09e-03	9.94e-01	1.56e-12
 5.65926e+16	6.48e-03	9.94e-01	1.65e-12
 5.76460e+16	6.89e-03	9.93e-01	1.76e-12
 5.86652e+16	7.35e-03	9.93e-01	1.88e-12
 5.96520e+16	7.84e-03	9.92e-01	2.01e-12
 6.06116e+16	8.37e-03	9.92e-01	2.16e-12
 6.15485e+16	8.95e-03	9.91e-01	2.31e-12
 6.24640e+16	9.59e-03	9.90e-01	2.49e-12
 6.33576e+16	1.03e-02	9.90e-01	2.67e-12
 6.42300e+16	1.10e-02	9.89e-01	2.88e-12
 6.50840e+16	1.19e-02	9.88e-01	3.11e-12
 6.59226e+16	1.28e-02	9.87e-01	3.35e-12
 6.67476e+16	1.39e-02	9.86e-01	3.62e-12
 6.75601e+16	1.50e-02	9.85e-01	3.92e-12
 6.83599e+16	1.63e-02	9.84e-01	4.26e-12
 6.91342e+16	1.78e-02	9.82e-01	4.62e-12
 6.98650e+16	1.93e-02	9.81e-01	5.02e-12
 7.05520e+16	2.10e-02	9.79e-01	5.44e-12
 7.12106e+16	2.28e-02	9.77e-01	5.89e-12
 7.18538e+16	2.49e-02	9.75e-01	6.39e-12
 7.24814e+16	2.71e-02	9.73e-01	6.95e-12
 7.30862e+16	2.97e-02	9.70e-01	7.56e-12
 7.36652e+16	3.25e-02	9.68e-01	8.24e-12
 7.42235e+16	3.56e-02	9.64e-01	8.99e-12
 7.47679e+16	3.91e-02	9.61e-01	9.87e-12
 7.52990e+16	4.31e-02	9.57e-01	1.08e-11
 7.58173e+16	4.76e-02	9.52e-01	1.19e-11
 7.63258e+16	5.30e-02	9.47e-01	1.33e-11
 7.68186e+16	5.91e-02	9.41e-01	1.48e-11
 7.72967e+16	6.62e-02	9.34e-01	1.66e-11
 7.77659e+16	7.44e-02	9.26e-01	1.88e-11
 7.81857e+16	8.33e-02	9.17e-01	2.12e-11
 7.85305e+16	9.19e-02	9.08e-01	2.36e-11
 7.88365e+16	1.01e-01	8.99e-01	2.61e-11
 7.91794e+16	1.11e-01	8.89e-01	2.92e-11
 7.95438e+16	1.25e-01	8.75e-01	3.34e-11
 7.98422e+16	1.39e-01	8.61e-01	3.76e-11
 8.00784e+16	1.51e-01	8.49e-01	4.17e-11
 8.03279e+16	1.64e-01	8.36e-01	4.62e-11
 8.06088e+16	1.82e-01	8.18e-01	5.24e-11
 8.08605e+16	2.01e-01	7.99e-01	5.91e-11
 8.10664e+16	2.17e-01	7.83e-01	6.53e-11
 8.12826e+16	2.36e-01	7.64e-01	7.27e-11
 8.15222e+16	2.59e-01	7.41e-01	8.23e-11
 8.17354e+16	2.82e-01	7.18e-01	9.25e-11
 8.19146e+16	3.03e-01	6.97e-01	1.02e-10
 8.21066e+16	3.26e-01	6.74e-01	1.14e-10
 8.23201e+16	3.55e-01	6.45e-01	1.29e-10
 8.25130e+16	3.83e-01	6.17e-01	1.45e-10
 8.26782e+16	4.08e-01	5.92e-01	1.60e-10
 8.28350e+16	4.33e-01	5.67e-01	1.76e-10
 8.29996e+16	4.60e-01	5.40e-01	1.94e-10
 8.31565e+16	4.88e-01	5.12e-01	2.15e-10
 8.32884e+16	5.11e-01	4.89e-01	2.33e-10
 8.34057e+16	5.31e-01	4.69e-01	2.51e-10
 8.34994e+16	5.48e-01	4.52e-01	2.66e-10
 8.35640e+16	5.58e-01	4.42e-01	2.77e-10
 8.36251e+16	5.69e-01	4.31e-01	2.88e-10
 8.36985e+16	5.82e-01	4.18e-01	3.02e-10
 8.37778e+16	5.96e-01	4.04e-01	3.18e-10
 8.38506e+16	6.09e-01	3.91e-01	3.32e-10
 8.39168e+16	6.21e-01	3.79e-01	3.47e-10
 8.39827e+16	6.32e-01	3.68e-01	3.63e-10
 8.40503e+16	6.44e-01	3.56e-01	3.78e-10
 8.41183e+16	6.57e-01	3.43e-01	3.96e-10
 8.41845e+16	6.68e-01	3.32e-01	4.13e-10
 8.42489e+16	6.80e-01	3.20e-01	4.32e-10
 8.43128e+16	6.90e-01	3.10e-01	4.49e-10
 8.43773e+16	7.01e-01	2.99e-01	4.70e-10
 8.44421e+16	7.13e-01	2.87e-01	4.92e-10
 8.45044e+16	7.23e-01	2.77e-01	5.13e-10
 8.45652e+16	7.33e-01	2.67e-01	5.33e-10
 8.46273e+16	7.43e-01	2.57e-01	5.58e-10
 8.46894e+16	7.53e-01	2.47e-01	5.80e-10
 8.47504e+16	7.62e-01	2.38e-01	6.07e-10
 8.48108e+16	7.72e-01	2.28e-01	6.34e-10
 8.48699e+16	7.81e-01	2.19e-01	6.61e-10
 8.49286e+16	7.89e-01	2.11e-01	6.88e-10
 8.49882e+16	7.98e-01	2.02e-01	7.20e-10
 8.50470e+16	8.06e-01	1.94e-01	7.49e-10
 8.51044e+16	8.14e-01	1.86e-01	7.83e-10
 8.51616e+16	8.22e-01	1.78e-01	8.18e-10
 8.52184e+16	8.29e-01	1.71e-01	8.53e-10
 8.52747e+16	8.36e-01	1.64e-01	8.91e-10
 8.53305e+16	8.43e-01	1.57e-01	9.31e-10
 8.53851e+16	8.49e-01	1.51e-01	9.71e-10
 8.54386e+16	8.56e-01	1.44e-01	1.01e-09
 8.54912e+16	8.62e-01	1.38e-01	1.06e-09
 8.55431e+16	8.67e-01	1.33e-01	1.10e-09
 8.55944e+16	8.73e-01	1.27e-01	1.15e-09
 8.56449e+16	8.78e-01	1.22e-01	1.20e-09
 8.56944e+16	8.83e-01	1.17e-01	1.26e-09
 8.57427e+16	8.88e-01	1.12e-01	1.31e-09
 8.57906e+16	8.92e-01	1.08e-01	1.37e-09
 8.58385e+16	8.96e-01	1.04e-01	1.44e-09
 8.58853e+16	9.01e-01	9.93e-02	1.50e-09
 8.59311e+16	9.04e-01	9.56e-02	1.56e-09
 8.59767e+16	9.08e-01	9.17e-02	1.63e-09
 8.60218e+16	9.12e-01	8.81e-02	1.71e-09
 8.60659e+16	9.15e-01	8.45e-02	1.80e-09
 8.61099e+16	9.19e-01	8.12e-02	1.89e-09
 8.61533e+16	9.22e-01	7.79e-02	1.99e-09
 8.61954e+16	9.25e-01	7.50e-02	2.08e-09
 8.62376e+16	9.28e-01	7.20e-02	2.20e-09
 8.62796e+16	9.31e-01	6.91e-02	2.32e-09
 8.63212e+16	9.34e-01	6.64e-02	2.45e-09
 8.63624e+16	9.36e-01	6.39e-02	2.56e-09
 8.64025e+16	9.39e-01	6.13e-02	2.72e-09
 8.64423e+16	9.41e-01	5.89e-02	2.89e-09
 8.64814e+16	9.43e-01	5.66e-02	3.07e-09
 8.65206e+16	9.46e-01	5.44e-02	3.26e-09
 8.65599e+16	9.48e-01	5.22e-02	3.47e-09
 8.65985e+16	9.50e-01	5.02e-02	3.72e-09
 8.66359e+16	9.52e-01	4.83e-02	3.98e-09
 8.66721e+16	9.54e-01	4.65e-02	4.27e-09
 8.67087e+16	9.55e-01	4.47e-02	4.57e-09
 8.67459e+16	9.57e-01	4.29e-02	4.97e-09
 8.67830e+16	9.59e-01	4.11e-02	5.41e-09
 8.68188e+16	9.60e-01	3.95e-02	5.91e-09
 8.68535e+16	9.62e-01	3.80e-02	6.52e-09
 8.68878e+16	9.63e-01	3.65e-02	7.16e-09
 8.69224e+16	9.65e-01	3.51e-02	8.01e-09
 8.69561e+16	9.66e-01	3.37e-02	8.93e-09
 8.69884e+16	9.68e-01	3.24e-02	1.01e-08
 8.70185e+16	9.69e-01	3.12e-02	1.13e-08
 8.70455e+16	9.70e-01	3.02e-02	1.27e-08
 8.70700e+16	9.71e-01	2.93e-02	1.42e-08
 8.70930e+16	9.71e-01	2.86e-02	1.58e-08
 8.71148e+16	9.72e-01	2.78e-02	1.78e-08
 8.71353e+16	9.73e-01	2.71e-02	2.00e-08
 8.71540e+16	9.74e-01	2.64e-02	2.24e-08
 8.71713e+16	9.74e-01	2.58e-02	2.50e-08
 8.71875e+16	9.75e-01	2.53e-02	2.79e-08
 8.72031e+16	9.75e-01	2.48e-02	3.12e-08
 8.72180e+16	9.76e-01	2.42e-02	3.49e-08
 8.72321e+16	9.76e-01	2.38e-02	3.90e-08
 8.72453e+16	9.77e-01	2.33e-02	4.36e-08
 8.72579e+16	9.77e-01	2.29e-02	4.87e-08
 8.72699e+16	9.78e-01	2.25e-02	5.44e-08
 8.72814e+16	9.78e-01	2.21e-02	6.07e-08
 8.72924e+16	9.78e-01	2.17e-02	6.77e-08
 8.73030e+16	9.79e-01	2.13e-02	7.59e-08
 8.73131e+16	9.79e-01	2.10e-02	8.42e-08
 8.73228e+16	9.79e-01	2.07e-02	9.33e-08
 8.73327e+16	9.80e-01	2.03e-02	1.04e-07
 8.73428e+16	9.80e-01	2.00e-02	1.16e-07
 8.73527e+16	9.80e-01	1.96e-02	1.29e-07
 8.73624e+16	9.81e-01	1.92e-02	1.42e-07
 8.73722e+16	9.81e-01	1.89e-02	1.57e-07
 8.73826e+16	9.82e-01	1.85e-02	1.73e-07
 8.73937e+16	9.82e-01	1.81e-02	1.91e-07
 8.74052e+16	9.82e-01	1.76e-02	2.08e-07
 8.74162e+16	9.83e-01	1.72e-02	2.22e-07
 8.74261e+16	9.83e-01	1.68e-02	2.34e-07
 8.74354e+16	9.84e-01	1.64e-02	2.43e-07
 8.74442e+16	9.84e-01	1.61e-02	2.51e-07
 8.74528e+16	9.84e-01	1.58e-02	2.57e-07
 8.74608e+16	9.85e-01	1.54e-02	2.62e-07
 8.74681e+16	9.85e-01	1.52e-02	2.67e-07
 8.74748e+16	9.85e-01	1.49e-02	2.70e-07
 8.74809e+16	9.85e-01	1.46e-02	2.74e-07
 8.74864e+16	9.86e-01	1.45e-02	2.76e-07
 8.74914e+16	9.86e-01	1.43e-02	2.79e-07
 8.74960e+16	9.86e-01	1.41e-02	2.81e-07
 8.75010e+16	9.86e-01	1.39e-02	2.84e-07
 8.75064e+16	9.86e-01	1.37e-02	2.87e-07
 8.75113e+16	9.86e-01	1.36e-02	2.90e-07
 8.75158e+16	9.87e-01	1.34e-02	2.93e-07
 8.75207e+16	9.87e-01	1.32e-02	2.96e-07
 8.75260e+16	9.87e-01	1.31e-02	2.99e-07
 8.75308e+16	9.87e-01	1.29e-02	3.02e-07
 8.75352e+16	9.87e-01	1.27e-02	3.05e-07
 8.75400e+16	9.87e-01	1.26e-02	3.09e-07
 8.75451e+16	9.88e-01	1.24e-02	3.13e-07
 8.75499e+16	9.88e-01	1.23e-02	3.15e-07
 8.75550e+16	9.88e-01	1.21e-02	3.19e-07
 8.75618e+16	9.88e-01	1.19e-02	3.23e-07
 8.75690e+16	9.88e-01	1.17e-02	3.28e-07
 8.75756e+16	9.88e-01	1.16e-02	3.32e-07
 8.75816e+16	9.89e-01	1.14e-02	3.36e-07
 8.75882e+16	9.89e-01	1.12e-02	3.41e-07
 8.75953e+16	9.89e-01	1.10e-02	3.46e-07
 8.76018e+16	9.89e-01	1.09e-02	3.51e-07
 8.76089e+16	9.89e-01	1.07e-02	3.57e-07
 8.76165e+16	9.89e-01	1.05e-02	3.63e-07
 8.76235e+16	9.90e-01	1.03e-02	3.70e-07
 8.76298e+16	9.90e-01	1.02e-02	3.75e-07
 8.76356e+16	9.90e-01	1.00e-02	3.81e-07
 8.76408e+16	9.90e-01	9.86e-03	3.87e-07
