#depth	O	O+	O+2	O+3	O+4	O+5	O+6	O+7	O+8	O[1]	O[2]	O[3]
 4.67845e+11	3.39e-06	3.53e-03	3.52e-01	6.33e-01	1.14e-02	5.44e-07	0.00e+00	0.00e+00	0.00e+00	2.77e-06	3.93e-07	2.22e-07
 2.80707e+12	3.38e-06	3.53e-03	3.52e-01	6.33e-01	1.14e-02	5.43e-07	0.00e+00	0.00e+00	0.00e+00	2.77e-06	3.92e-07	2.22e-07
 1.21640e+13	3.39e-06	3.54e-03	3.53e-01	6.32e-01	1.14e-02	5.39e-07	0.00e+00	0.00e+00	0.00e+00	2.77e-06	3.93e-07	2.22e-07
 4.95916e+13	3.42e-06	3.57e-03	3.57e-01	6.29e-01	1.11e-02	5.25e-07	0.00e+00	0.00e+00	0.00e+00	2.79e-06	3.96e-07	2.24e-07
 1.18458e+14	3.42e-06	3.61e-03	3.62e-01	6.24e-01	1.08e-02	5.00e-07	0.00e+00	0.00e+00	0.00e+00	2.80e-06	3.98e-07	2.25e-07
 2.07985e+14	3.45e-06	3.67e-03	3.68e-01	6.18e-01	1.03e-02	4.71e-07	0.00e+00	0.00e+00	0.00e+00	2.82e-06	4.01e-07	2.27e-07
 3.24370e+14	3.50e-06	3.76e-03	3.77e-01	6.09e-01	9.74e-03	4.36e-07	0.00e+00	0.00e+00	0.00e+00	2.86e-06	4.06e-07	2.30e-07
 4.75671e+14	3.56e-06	3.86e-03	3.89e-01	5.98e-01	9.07e-03	3.96e-07	0.00e+00	0.00e+00	0.00e+00	2.92e-06	4.12e-07	2.33e-07
 6.72361e+14	3.65e-06	4.01e-03	4.05e-01	5.83e-01	8.27e-03	3.49e-07	0.00e+00	0.00e+00	0.00e+00	3.00e-06	4.22e-07	2.38e-07
 9.28059e+14	3.78e-06	4.20e-03	4.26e-01	5.63e-01	7.33e-03	2.97e-07	0.00e+00	0.00e+00	0.00e+00	3.10e-06	4.35e-07	2.45e-07
 1.26047e+15	3.96e-06	4.46e-03	4.55e-01	5.35e-01	6.26e-03	2.40e-07	0.00e+00	0.00e+00	0.00e+00	3.25e-06	4.55e-07	2.56e-07
 1.69260e+15	4.21e-06	4.82e-03	4.94e-01	4.96e-01	5.07e-03	1.83e-07	0.00e+00	0.00e+00	0.00e+00	3.46e-06	4.82e-07	2.71e-07
 2.25436e+15	4.57e-06	5.32e-03	5.48e-01	4.43e-01	3.80e-03	0.00e+00	0.00e+00	0.00e+00	0.00e+00	3.76e-06	5.23e-07	2.94e-07
 2.98466e+15	5.06e-06	5.99e-03	6.21e-01	3.71e-01	2.54e-03	0.00e+00	0.00e+00	0.00e+00	0.00e+00	4.15e-06	5.80e-07	3.27e-07
 3.73476e+15	5.42e-06	6.60e-03	6.95e-01	2.97e-01	1.61e-03	0.00e+00	0.00e+00	0.00e+00	0.00e+00	4.44e-06	6.24e-07	3.53e-07
 4.35955e+15	5.73e-06	7.10e-03	7.56e-01	2.36e-01	1.05e-03	0.00e+00	0.00e+00	0.00e+00	0.00e+00	4.69e-06	6.64e-07	3.77e-07
 5.00514e+15	6.16e-06	7.65e-03	8.14e-01	1.78e-01	6.36e-04	0.00e+00	0.00e+00	0.00e+00	0.00e+00	5.03e-06	7.19e-07	4.11e-07
 5.74188e+15	6.62e-06	8.20e-03	8.69e-01	1.23e-01	3.35e-04	0.00e+00	0.00e+00	0.00e+00	0.00e+00	5.40e-06	7.77e-07	4.45e-07
 6.56397e+15	7.17e-06	8.77e-03	9.15e-01	7.65e-02	1.49e-04	0.00e+00	0.00e+00	0.00e+00	0.00e+00	5.84e-06	8.46e-07	4.86e-07
 7.58393e+15	7.90e-06	9.41e-03	9.50e-01	4.02e-02	5.00e-05	0.00e+00	0.00e+00	0.00e+00	0.00e+00	6.43e-06	9.34e-07	5.37e-07
 8.56845e+15	8.48e-06	9.92e-03	9.69e-01	2.13e-02	1.72e-05	0.00e+00	0.00e+00	0.00e+00	0.00e+00	6.90e-06	1.00e-06	5.74e-07
 9.42530e+15	9.06e-06	1.03e-02	9.77e-01	1.22e-02	6.61e-06	0.00e+00	0.00e+00	0.00e+00	0.00e+00	7.38e-06	1.07e-06	6.12e-07
 1.03678e+16	9.70e-06	1.08e-02	9.82e-01	6.69e-03	2.36e-06	0.00e+00	0.00e+00	0.00e+00	0.00e+00	7.91e-06	1.14e-06	6.54e-07
 1.14046e+16	1.04e-05	1.13e-02	9.85e-01	3.55e-03	7.83e-07	0.00e+00	0.00e+00	0.00e+00	0.00e+00	8.48e-06	1.22e-06	7.00e-07
 1.25451e+16	1.12e-05	1.18e-02	9.86e-01	1.82e-03	2.42e-07	0.00e+00	0.00e+00	0.00e+00	0.00e+00	9.17e-06	1.32e-06	7.56e-07
 1.37996e+16	1.22e-05	1.23e-02	9.87e-01	9.09e-04	0.00e+00	0.00e+00	0.00e+00	0.00e+00	0.00e+00	9.95e-06	1.43e-06	8.19e-07
 1.51795e+16	1.33e-05	1.29e-02	9.87e-01	4.42e-04	0.00e+00	0.00e+00	0.00e+00	0.00e+00	0.00e+00	1.09e-05	1.56e-06	8.95e-07
 1.66975e+16	1.46e-05	1.36e-02	9.86e-01	2.10e-04	0.00e+00	0.00e+00	0.00e+00	0.00e+00	0.00e+00	1.19e-05	1.72e-06	9.86e-07
 1.83672e+16	1.62e-05	1.44e-02	9.85e-01	9.84e-05	0.00e+00	0.00e+00	0.00e+00	0.00e+00	0.00e+00	1.32e-05	1.91e-06	1.10e-06
 2.02040e+16	1.82e-05	1.53e-02	9.85e-01	4.54e-05	0.00e+00	0.00e+00	0.00e+00	0.00e+00	0.00e+00	1.48e-05	2.15e-06	1.23e-06
 2.22244e+16	2.05e-05	1.62e-02	9.84e-01	2.09e-05	0.00e+00	0.00e+00	0.00e+00	0.00e+00	0.00e+00	1.67e-05	2.44e-06	1.41e-06
 2.44468e+16	2.35e-05	1.73e-02	9.83e-01	9.63e-06	0.00e+00	0.00e+00	0.00e+00	0.00e+00	0.00e+00	1.91e-05	2.81e-06	1.63e-06
 2.67656e+16	2.71e-05	1.85e-02	9.81e-01	4.68e-06	0.00e+00	0.00e+00	0.00e+00	0.00e+00	0.00e+00	2.19e-05	3.26e-06	1.90e-06
 2.89351e+16	3.11e-05	1.97e-02	9.80e-01	2.57e-06	0.00e+00	0.00e+00	0.00e+00	0.00e+00	0.00e+00	2.51e-05	3.77e-06	2.20e-06
 3.08667e+16	3.52e-05	2.09e-02	9.79e-01	1.58e-06	0.00e+00	0.00e+00	0.00e+00	0.00e+00	0.00e+00	2.84e-05	4.31e-06	2.52e-06
 3.26448e+16	3.96e-05	2.20e-02	9.78e-01	1.04e-06	0.00e+00	0.00e+00	0.00e+00	0.00e+00	0.00e+00	3.18e-05	4.88e-06	2.87e-06
 3.43355e+16	4.44e-05	2.32e-02	9.77e-01	7.20e-07	0.00e+00	0.00e+00	0.00e+00	0.00e+00	0.00e+00	3.57e-05	5.52e-06	3.25e-06
 3.59741e+16	4.99e-05	2.43e-02	9.76e-01	5.15e-07	0.00e+00	0.00e+00	0.00e+00	0.00e+00	0.00e+00	3.99e-05	6.24e-06	3.69e-06
 3.75804e+16	5.60e-05	2.56e-02	9.74e-01	3.79e-07	0.00e+00	0.00e+00	0.00e+00	0.00e+00	0.00e+00	4.48e-05	7.07e-06	4.19e-06
 3.91658e+16	6.32e-05	2.69e-02	9.73e-01	2.85e-07	0.00e+00	0.00e+00	0.00e+00	0.00e+00	0.00e+00	5.04e-05	8.03e-06	4.77e-06
 4.07370e+16	7.14e-05	2.84e-02	9.72e-01	2.19e-07	0.00e+00	0.00e+00	0.00e+00	0.00e+00	0.00e+00	5.68e-05	9.15e-06	5.44e-06
 4.22989e+16	8.11e-05	2.99e-02	9.70e-01	1.71e-07	0.00e+00	0.00e+00	0.00e+00	0.00e+00	0.00e+00	6.44e-05	1.05e-05	6.24e-06
 4.38536e+16	9.26e-05	3.17e-02	9.68e-01	1.36e-07	0.00e+00	0.00e+00	0.00e+00	0.00e+00	0.00e+00	7.34e-05	1.20e-05	7.20e-06
 4.53721e+16	1.06e-04	3.36e-02	9.66e-01	0.00e+00	0.00e+00	0.00e+00	0.00e+00	0.00e+00	0.00e+00	8.39e-05	1.39e-05	8.32e-06
 4.68104e+16	1.21e-04	3.55e-02	9.64e-01	0.00e+00	0.00e+00	0.00e+00	0.00e+00	0.00e+00	0.00e+00	9.56e-05	1.60e-05	9.58e-06
 4.81772e+16	1.38e-04	3.75e-02	9.62e-01	0.00e+00	0.00e+00	0.00e+00	0.00e+00	0.00e+00	0.00e+00	1.09e-04	1.83e-05	1.10e-05
 4.95061e+16	1.58e-04	3.97e-02	9.60e-01	0.00e+00	0.00e+00	0.00e+00	0.00e+00	0.00e+00	0.00e+00	1.24e-04	2.10e-05	1.27e-05
 5.08025e+16	1.81e-04	4.22e-02	9.58e-01	0.00e+00	0.00e+00	0.00e+00	0.00e+00	0.00e+00	0.00e+00	1.42e-04	2.42e-05	1.47e-05
 5.20524e+16	2.08e-04	4.48e-02	9.55e-01	0.00e+00	0.00e+00	0.00e+00	0.00e+00	0.00e+00	0.00e+00	1.63e-04	2.80e-05	1.69e-05
 5.32477e+16	2.39e-04	4.77e-02	9.52e-01	0.00e+00	0.00e+00	0.00e+00	0.00e+00	0.00e+00	0.00e+00	1.87e-04	3.23e-05	1.96e-05
 5.43954e+16	2.74e-04	5.07e-02	9.49e-01	0.00e+00	0.00e+00	0.00e+00	0.00e+00	0.00e+00	0.00e+00	2.14e-04	3.72e-05	2.27e-05
 5.55083e+16	3.15e-04	5.41e-02	9.46e-01	0.00e+00	0.00e+00	0.00e+00	0.00e+00	0.00e+00	0.00e+00	2.46e-04	4.31e-05	2.62e-05
 5.65926e+16	3.64e-04	5.78e-02	9.42e-01	0.00e+00	0.00e+00	0.00e+00	0.00e+00	0.00e+00	0.00e+00	2.83e-04	4.99e-05	3.05e-05
 5.76460e+16	4.21e-04	6.18e-02	9.38e-01	0.00e+00	0.00e+00	0.00e+00	0.00e+00	0.00e+00	0.00e+00	3.27e-04	5.81e-05	3.55e-05
 5.86652e+16	4.88e-04	6.63e-02	9.33e-01	0.00e+00	0.00e+00	0.00e+00	0.00e+00	0.00e+00	0.00e+00	3.79e-04	6.76e-05	4.14e-05
 5.96520e+16	5.67e-04	7.12e-02	9.28e-01	0.00e+00	0.00e+00	0.00e+00	0.00e+00	0.00e+00	0.00e+00	4.39e-04	7.90e-05	4.84e-05
 6.06116e+16	6.60e-04	7.67e-02	9.23e-01	0.00e+00	0.00e+00	0.00e+00	0.00e+00	0.00e+00	0.00e+00	5.11e-04	9.24e-05	5.66e-05
 6.15485e+16	7.71e-04	8.27e-02	9.17e-01	0.00e+00	0.00e+00	0.00e+00	0.00e+00	0.00e+00	0.00e+00	5.96e-04	1.08e-04	6.66e-05
 6.24640e+16	9.04e-04	8.95e-02	9.10e-01	0.00e+00	0.00e+00	0.00e+00	0.00e+00	0.00e+00	0.00e+00	6.98e-04	1.28e-04	7.85e-05
 6.33576e+16	1.06e-03	9.70e-02	9.02e-01	0.00e+00	0.00e+00	0.00e+00	0.00e+00	0.00e+00	0.00e+00	8.20e-04	1.51e-04	9.28e-05
 6.42300e+16	1.26e-03	1.05e-01	8.93e-01	0.00e+00	0.00e+00	0.00e+00	0.00e+00	0.00e+00	0.00e+00	9.66e-04	1.79e-04	1.10e-04
 6.50840e+16	1.49e-03	1.15e-01	8.84e-01	0.00e+00	0.00e+00	0.00e+00	0.00e+00	0.00e+00	0.00e+00	1.14e-03	2.13e-04	1.31e-04
 6.59226e+16	1.77e-03	1.26e-01	8.73e-01	0.00e+00	0.00e+00	0.00e+00	0.00e+00	0.00e+00	0.00e+00	1.36e-03	2.55e-04	1.56e-04
 6.67476e+16	2.12e-03	1.38e-01	8.60e-01	0.00e+00	0.00e+00	0.00e+00	0.00e+00	0.00e+00	0.00e+00	1.63e-03	3.07e-04	1.87e-04
 6.75601e+16	2.55e-03	1.51e-01	8.46e-01	0.00e+00	0.00e+00	0.00e+00	0.00e+00	0.00e+00	0.00e+00	1.96e-03	3.70e-04	2.25e-04
 6.83599e+16	3.09e-03	1.67e-01	8.30e-01	0.00e+00	0.00e+00	0.00e+00	0.00e+00	0.00e+00	0.00e+00	2.37e-03	4.50e-04	2.73e-04
 6.91342e+16	3.75e-03	1.85e-01	8.12e-01	0.00e+00	0.00e+00	0.00e+00	0.00e+00	0.00e+00	0.00e+00	2.87e-03	5.48e-04	3.32e-04
 6.98650e+16	4.54e-03	2.04e-01	7.92e-01	0.00e+00	0.00e+00	0.00e+00	0.00e+00	0.00e+00	0.00e+00	3.47e-03	6.67e-04	4.02e-04
 7.05520e+16	5.48e-03	2.24e-01	7.70e-01	0.00e+00	0.00e+00	0.00e+00	0.00e+00	0.00e+00	0.00e+00	4.19e-03	8.07e-04	4.85e-04
 7.12106e+16	6.60e-03	2.46e-01	7.47e-01	0.00e+00	0.00e+00	0.00e+00	0.00e+00	0.00e+00	0.00e+00	5.04e-03	9.74e-04	5.84e-04
 7.18538e+16	7.96e-03	2.71e-01	7.21e-01	0.00e+00	0.00e+00	0.00e+00	0.00e+00	0.00e+00	0.00e+00	6.07e-03	1.18e-03	7.04e-04
 7.24814e+16	9.62e-03	2.98e-01	6.93e-01	0.00e+00	0.00e+00	0.00e+00	0.00e+00	0.00e+00	0.00e+00	7.34e-03	1.43e-03	8.52e-04
 7.30862e+16	1.16e-02	3.26e-01	6.62e-01	0.00e+00	0.00e+00	0.00e+00	0.00e+00	0.00e+00	0.00e+00	8.86e-03	1.73e-03	1.03e-03
 7.36652e+16	1.40e-02	3.57e-01	6.29e-01	0.00e+00	0.00e+00	0.00e+00	0.00e+00	0.00e+00	0.00e+00	1.07e-02	2.09e-03	1.24e-03
 7.42235e+16	1.69e-02	3.89e-01	5.94e-01	0.00e+00	0.00e+00	0.00e+00	0.00e+00	0.00e+00	0.00e+00	1.29e-02	2.53e-03	1.50e-03
 7.47679e+16	2.04e-02	4.24e-01	5.56e-01	0.00e+00	0.00e+00	0.00e+00	0.00e+00	0.00e+00	0.00e+00	1.55e-02	3.05e-03	1.80e-03
 7.52990e+16	2.45e-02	4.59e-01	5.16e-01	0.00e+00	0.00e+00	0.00e+00	0.00e+00	0.00e+00	0.00e+00	1.87e-02	3.67e-03	2.17e-03
 7.58173e+16	2.95e-02	4.96e-01	4.74e-01	0.00e+00	0.00e+00	0.00e+00	0.00e+00	0.00e+00	0.00e+00	2.25e-02	4.41e-03	2.61e-03
 7.63258e+16	3.57e-02	5.34e-01	4.30e-01	0.00e+00	0.00e+00	0.00e+00	0.00e+00	0.00e+00	0.00e+00	2.72e-02	5.32e-03	3.15e-03
 7.68186e+16	4.29e-02	5.71e-01	3.86e-01	0.00e+00	0.00e+00	0.00e+00	0.00e+00	0.00e+00	0.00e+00	3.28e-02	6.38e-03	3.78e-03
 7.72967e+16	5.17e-02	6.08e-01	3.41e-01	0.00e+00	0.00e+00	0.00e+00	0.00e+00	0.00e+00	0.00e+00	3.95e-02	7.67e-03	4.54e-03
 7.77659e+16	6.21e-02	6.42e-01	2.96e-01	0.00e+00	0.00e+00	0.00e+00	0.00e+00	0.00e+00	0.00e+00	4.75e-02	9.17e-03	5.44e-03
 7.81857e+16	7.35e-02	6.70e-01	2.56e-01	0.00e+00	0.00e+00	0.00e+00	0.00e+00	0.00e+00	0.00e+00	5.63e-02	1.08e-02	6.42e-03
 7.85305e+16	8.46e-02	6.91e-01	2.24e-01	0.00e+00	0.00e+00	0.00e+00	0.00e+00	0.00e+00	0.00e+00	6.48e-02	1.24e-02	7.38e-03
 7.88365e+16	9.58e-02	7.08e-01	1.97e-01	0.00e+00	0.00e+00	0.00e+00	0.00e+00	0.00e+00	0.00e+00	7.35e-02	1.40e-02	8.33e-03
 7.91794e+16	1.10e-01	7.22e-01	1.68e-01	0.00e+00	0.00e+00	0.00e+00	0.00e+00	0.00e+00	0.00e+00	8.43e-02	1.59e-02	9.52e-03
 7.95438e+16	1.28e-01	7.33e-01	1.39e-01	0.00e+00	0.00e+00	0.00e+00	0.00e+00	0.00e+00	0.00e+00	9.82e-02	1.84e-02	1.10e-02
 7.98422e+16	1.45e-01	7.39e-01	1.17e-01	0.00e+00	0.00e+00	0.00e+00	0.00e+00	0.00e+00	0.00e+00	1.12e-01	2.07e-02	1.25e-02
 8.00784e+16	1.60e-01	7.39e-01	1.00e-01	0.00e+00	0.00e+00	0.00e+00	0.00e+00	0.00e+00	0.00e+00	1.24e-01	2.28e-02	1.38e-02
 8.03279e+16	1.77e-01	7.38e-01	8.51e-02	0.00e+00	0.00e+00	0.00e+00	0.00e+00	0.00e+00	0.00e+00	1.37e-01	2.50e-02	1.52e-02
 8.06088e+16	1.99e-01	7.31e-01	6.94e-02	0.00e+00	0.00e+00	0.00e+00	0.00e+00	0.00e+00	0.00e+00	1.54e-01	2.78e-02	1.70e-02
 8.08605e+16	2.22e-01	7.22e-01	5.68e-02	0.00e+00	0.00e+00	0.00e+00	0.00e+00	0.00e+00	0.00e+00	1.72e-01	3.06e-02	1.88e-02
 8.10664e+16	2.41e-01	7.11e-01	4.78e-02	0.00e+00	0.00e+00	0.00e+00	0.00e+00	0.00e+00	0.00e+00	1.88e-01	3.30e-02	2.04e-02
 8.12826e+16	2.63e-01	6.97e-01	3.95e-02	0.00e+00	0.00e+00	0.00e+00	0.00e+00	0.00e+00	0.00e+00	2.06e-01	3.56e-02	2.21e-02
 8.15222e+16	2.90e-01	6.78e-01	3.15e-02	0.00e+00	0.00e+00	0.00e+00	0.00e+00	0.00e+00	0.00e+00	2.27e-01	3.87e-02	2.42e-02
 8.17354e+16	3.17e-01	6.58e-01	2.53e-02	0.00e+00	0.00e+00	0.00e+00	0.00e+00	0.00e+00	0.00e+00	2.49e-01	4.16e-02	2.62e-02
 8.19146e+16	3.41e-01	6.38e-01	2.08e-02	0.00e+00	0.00e+00	0.00e+00	0.00e+00	0.00e+00	0.00e+00	2.69e-01	4.41e-02	2.79e-02
 8.21066e+16	3.67e-01	6.16e-01	1.68e-02	0.00e+00	0.00e+00	0.00e+00	0.00e+00	0.00e+00	0.00e+00	2.90e-01	4.67e-02	2.98e-02
 8.23201e+16	3.98e-01	5.89e-01	1.30e-02	0.00e+00	0.00e+00	0.00e+00	0.00e+00	0.00e+00	0.00e+00	3.17e-01	4.97e-02	3.20e-02
 8.25130e+16	4.29e-01	5.61e-01	1.01e-02	0.00e+00	0.00e+00	0.00e+00	0.00e+00	0.00e+00	0.00e+00	3.43e-01	5.24e-02	3.41e-02
 8.26782e+16	4.56e-01	5.36e-01	8.11e-03	0.00e+00	0.00e+00	0.00e+00	0.00e+00	0.00e+00	0.00e+00	3.66e-01	5.45e-02	3.58e-02
 8.28350e+16	4.83e-01	5.11e-01	6.51e-03	0.00e+00	0.00e+00	0.00e+00	0.00e+00	0.00e+00	0.00e+00	3.89e-01	5.65e-02	3.74e-02
 8.29996e+16	5.10e-01	4.85e-01	5.13e-03	0.00e+00	0.00e+00	0.00e+00	0.00e+00	0.00e+00	0.00e+00	4.13e-01	5.83e-02	3.90e-02
 8.31565e+16	5.38e-01	4.58e-01	4.03e-03	0.00e+00	0.00e+00	0.00e+00	0.00e+00	0.00e+00	0.00e+00	4.38e-01	5.99e-02	4.05e-02
 8.32884e+16	5.61e-01	4.35e-01	3.27e-03	0.00e+00	0.00e+00	0.00e+00	0.00e+00	0.00e+00	0.00e+00	4.59e-01	6.10e-02	4.17e-02
 8.34057e+16	5.82e-01	4.16e-01	2.70e-03	0.00e+00	0.00e+00	0.00e+00	0.00e+00	0.00e+00	0.00e+00	4.77e-01	6.18e-02	4.26e-02
 8.34994e+16	5.98e-01	3.99e-01	2.32e-03	0.00e+00	0.00e+00	0.00e+00	0.00e+00	0.00e+00	0.00e+00	4.93e-01	6.24e-02	4.33e-02
 8.35640e+16	6.09e-01	3.89e-01	2.08e-03	0.00e+00	0.00e+00	0.00e+00	0.00e+00	0.00e+00	0.00e+00	5.02e-01	6.27e-02	4.37e-02
 8.36251e+16	6.19e-01	3.79e-01	1.88e-03	0.00e+00	0.00e+00	0.00e+00	0.00e+00	0.00e+00	0.00e+00	5.12e-01	6.29e-02	4.41e-02
 8.36985e+16	6.32e-01	3.67e-01	1.65e-03	0.00e+00	0.00e+00	0.00e+00	0.00e+00	0.00e+00	0.00e+00	5.24e-01	6.31e-02	4.45e-02
 8.37778e+16	6.45e-01	3.53e-01	1.43e-03	0.00e+00	0.00e+00	0.00e+00	0.00e+00	0.00e+00	0.00e+00	5.37e-01	6.34e-02	4.49e-02
 8.38506e+16	6.58e-01	3.41e-01	1.26e-03	0.00e+00	0.00e+00	0.00e+00	0.00e+00	0.00e+00	0.00e+00	5.49e-01	6.35e-02	4.53e-02
 8.39168e+16	6.69e-01	3.30e-01	1.11e-03	0.00e+00	0.00e+00	0.00e+00	0.00e+00	0.00e+00	0.00e+00	5.60e-01	6.35e-02	4.56e-02
 8.39827e+16	6.80e-01	3.19e-01	9.83e-04	0.00e+00	0.00e+00	0.00e+00	0.00e+00	0.00e+00	0.00e+00	5.71e-01	6.35e-02	4.58e-02
 8.40503e+16	6.91e-01	3.08e-01	8.65e-04	0.00e+00	0.00e+00	0.00e+00	0.00e+00	0.00e+00	0.00e+00	5.82e-01	6.35e-02	4.60e-02
 8.41183e+16	7.03e-01	2.96e-01	7.57e-04	0.00e+00	0.00e+00	0.00e+00	0.00e+00	0.00e+00	0.00e+00	5.93e-01	6.33e-02	4.62e-02
 8.41845e+16	7.14e-01	2.86e-01	6.65e-04	0.00e+00	0.00e+00	0.00e+00	0.00e+00	0.00e+00	0.00e+00	6.04e-01	6.32e-02	4.63e-02
 8.42489e+16	7.24e-01	2.75e-01	5.84e-04	0.00e+00	0.00e+00	0.00e+00	0.00e+00	0.00e+00	0.00e+00	6.15e-01	6.29e-02	4.64e-02
 8.43128e+16	7.34e-01	2.65e-01	5.13e-04	0.00e+00	0.00e+00	0.00e+00	0.00e+00	0.00e+00	0.00e+00	6.25e-01	6.27e-02	4.65e-02
 8.43773e+16	7.44e-01	2.55e-01	4.49e-04	0.00e+00	0.00e+00	0.00e+00	0.00e+00	0.00e+00	0.00e+00	6.35e-01	6.24e-02	4.65e-02
 8.44421e+16	7.55e-01	2.45e-01	3.92e-04	0.00e+00	0.00e+00	0.00e+00	0.00e+00	0.00e+00	0.00e+00	6.46e-01	6.20e-02	4.65e-02
 8.45044e+16	7.64e-01	2.36e-01	3.43e-04	0.00e+00	0.00e+00	0.00e+00	0.00e+00	0.00e+00	0.00e+00	6.56e-01	6.16e-02	4.64e-02
 8.45652e+16	7.73e-01	2.27e-01	3.02e-04	0.00e+00	0.00e+00	0.00e+00	0.00e+00	0.00e+00	0.00e+00	6.65e-01	6.12e-02	4.64e-02
 8.46273e+16	7.82e-01	2.18e-01	2.63e-04	0.00e+00	0.00e+00	0.00e+00	0.00e+00	0.00e+00	0.00e+00	6.75e-01	6.07e-02	4.62e-02
 8.46894e+16	7.91e-01	2.09e-01	2.30e-04	0.00e+00	0.00e+00	0.00e+00	0.00e+00	0.00e+00	0.00e+00	6.84e-01	6.02e-02	4.61e-02
 8.47504e+16	7.99e-01	2.00e-01	2.00e-04	0.00e+00	0.00e+00	0.00e+00	0.00e+00	0.00e+00	0.00e+00	6.94e-01	5.97e-02	4.59e-02
 8.48108e+16	8.08e-01	1.92e-01	1.74e-04	0.00e+00	0.00e+00	0.00e+00	0.00e+00	0.00e+00	0.00e+00	7.03e-01	5.91e-02	4.57e-02
 8.48699e+16	8.15e-01	1.84e-01	1.52e-04	0.00e+00	0.00e+00	0.00e+00	0.00e+00	0.00e+00	0.00e+00	7.11e-01	5.85e-02	4.54e-02
 8.49286e+16	8.23e-01	1.77e-01	1.33e-04	0.00e+00	0.00e+00	0.00e+00	0.00e+00	0.00e+00	0.00e+00	7.20e-01	5.80e-02	4.52e-02
 8.49882e+16	8.31e-01	1.69e-01	1.15e-04	0.00e+00	0.00e+00	0.00e+00	0.00e+00	0.00e+00	0.00e+00	7.28e-01	5.73e-02	4.49e-02
 8.50470e+16	8.38e-01	1.62e-01	1.00e-04	0.00e+00	0.00e+00	0.00e+00	0.00e+00	0.00e+00	0.00e+00	7.36e-01	5.67e-02	4.46e-02
 8.51044e+16	8.45e-01	1.55e-01	8.75e-05	0.00e+00	0.00e+00	0.00e+00	0.00e+00	0.00e+00	0.00e+00	7.44e-01	5.61e-02	4.43e-02
 8.51616e+16	8.51e-01	1.49e-01	7.61e-05	0.00e+00	0.00e+00	0.00e+00	0.00e+00	0.00e+00	0.00e+00	7.52e-01	5.54e-02	4.39e-02
 8.52184e+16	8.58e-01	1.42e-01	6.62e-05	0.00e+00	0.00e+00	0.00e+00	0.00e+00	0.00e+00	0.00e+00	7.59e-01	5.48e-02	4.36e-02
 8.52747e+16	8.64e-01	1.36e-01	5.75e-05	0.00e+00	0.00e+00	0.00e+00	0.00e+00	0.00e+00	0.00e+00	7.67e-01	5.41e-02	4.32e-02
 8.53305e+16	8.70e-01	1.30e-01	5.00e-05	0.00e+00	0.00e+00	0.00e+00	0.00e+00	0.00e+00	0.00e+00	7.74e-01	5.34e-02	4.29e-02
 8.53851e+16	8.76e-01	1.24e-01	4.36e-05	0.00e+00	0.00e+00	0.00e+00	0.00e+00	0.00e+00	0.00e+00	7.80e-01	5.28e-02	4.25e-02
 8.54386e+16	8.81e-01	1.19e-01	3.80e-05	0.00e+00	0.00e+00	0.00e+00	0.00e+00	0.00e+00	0.00e+00	7.87e-01	5.22e-02	4.21e-02
 8.54912e+16	8.86e-01	1.14e-01	3.32e-05	0.00e+00	0.00e+00	0.00e+00	0.00e+00	0.00e+00	0.00e+00	7.93e-01	5.15e-02	4.17e-02
 8.55431e+16	8.91e-01	1.09e-01	2.90e-05	0.00e+00	0.00e+00	0.00e+00	0.00e+00	0.00e+00	0.00e+00	7.98e-01	5.09e-02	4.13e-02
 8.55944e+16	8.95e-01	1.05e-01	2.54e-05	0.00e+00	0.00e+00	0.00e+00	0.00e+00	0.00e+00	0.00e+00	8.04e-01	5.03e-02	4.10e-02
 8.56449e+16	9.00e-01	1.00e-01	2.22e-05	0.00e+00	0.00e+00	0.00e+00	0.00e+00	0.00e+00	0.00e+00	8.09e-01	4.97e-02	4.06e-02
 8.56944e+16	9.04e-01	9.61e-02	1.95e-05	0.00e+00	0.00e+00	0.00e+00	0.00e+00	0.00e+00	0.00e+00	8.15e-01	4.91e-02	4.02e-02
 8.57427e+16	9.08e-01	9.21e-02	1.71e-05	0.00e+00	0.00e+00	0.00e+00	0.00e+00	0.00e+00	0.00e+00	8.20e-01	4.85e-02	3.98e-02
 8.57906e+16	9.12e-01	8.84e-02	1.50e-05	0.00e+00	0.00e+00	0.00e+00	0.00e+00	0.00e+00	0.00e+00	8.24e-01	4.80e-02	3.95e-02
 8.58385e+16	9.15e-01	8.46e-02	1.32e-05	0.00e+00	0.00e+00	0.00e+00	0.00e+00	0.00e+00	0.00e+00	8.29e-01	4.74e-02	3.91e-02
 8.58853e+16	9.19e-01	8.11e-02	1.16e-05	0.00e+00	0.00e+00	0.00e+00	0.00e+00	0.00e+00	0.00e+00	8.33e-01	4.69e-02	3.87e-02
 8.59311e+16	9.22e-01	7.79e-02	1.02e-05	0.00e+00	0.00e+00	0.00e+00	0.00e+00	0.00e+00	0.00e+00	8.37e-01	4.64e-02	3.84e-02
 8.59767e+16	9.25e-01	7.47e-02	9.02e-06	0.00e+00	0.00e+00	0.00e+00	0.00e+00	0.00e+00	0.00e+00	8.41e-01	4.59e-02	3.80e-02
 8.60218e+16	9.28e-01	7.17e-02	7.96e-06	0.00e+00	0.00e+00	0.00e+00	0.00e+00	0.00e+00	0.00e+00	8.45e-01	4.54e-02	3.77e-02
 8.60659e+16	9.31e-01	6.87e-02	7.03e-06	0.00e+00	0.00e+00	0.00e+00	0.00e+00	0.00e+00	0.00e+00	8.49e-01	4.49e-02	3.74e-02
 8.61099e+16	9.34e-01	6.59e-02	6.21e-06	0.00e+00	0.00e+00	0.00e+00	0.00e+00	0.00e+00	0.00e+00	8.53e-01	4.45e-02	3.70e-02
 8.61533e+16	9.37e-01	6.32e-02	5.49e-06	0.00e+00	0.00e+00	0.00e+00	0.00e+00	0.00e+00	0.00e+00	8.56e-01	4.40e-02	3.67e-02
 8.61954e+16	9.39e-01	6.08e-02	4.87e-06	0.00e+00	0.00e+00	0.00e+00	0.00e+00	0.00e+00	0.00e+00	8.59e-01	4.36e-02	3.63e-02
 8.62376e+16	9.42e-01	5.83e-02	4.32e-06	0.00e+00	0.00e+00	0.00e+00	0.00e+00	0.00e+00	0.00e+00	8.63e-01	4.31e-02	3.59e-02
 8.62796e+16	9.44e-01	5.59e-02	3.82e-06	0.00e+00	0.00e+00	0.00e+00	0.00e+00	0.00e+00	0.00e+00	8.66e-01	4.27e-02	3.56e-02
 8.63212e+16	9.46e-01	5.37e-02	3.39e-06	0.00e+00	0.00e+00	0.00e+00	0.00e+00	0.00e+00	0.00e+00	8.69e-01	4.22e-02	3.52e-02
 8.63624e+16	9.48e-01	5.16e-02	3.01e-06	0.00e+00	0.00e+00	0.00e+00	0.00e+00	0.00e+00	0.00e+00	8.72e-01	4.19e-02	3.49e-02
 8.64025e+16	9.51e-01	4.95e-02	2.68e-06	0.00e+00	0.00e+00	0.00e+00	0.00e+00	0.00e+00	0.00e+00	8.75e-01	4.14e-02	3.46e-02
 8.64423e+16	9.52e-01	4.75e-02	2.38e-06	0.00e+00	0.00e+00	0.00e+00	0.00e+00	0.00e+00	0.00e+00	8.77e-01	4.11e-02	3.43e-02
 8.64814e+16	9.54e-01	4.56e-02	2.12e-06	0.00e+00	0.00e+00	0.00e+00	0.00e+00	0.00e+00	0.00e+00	8.80e-01	4.07e-02	3.39e-02
 8.65206e+16	9.56e-01	4.38e-02	1.89e-06	0.00e+00	0.00e+00	0.00e+00	0.00e+00	0.00e+00	0.00e+00	8.82e-01	4.03e-02	3.36e-02
 8.65599e+16	9.58e-01	4.20e-02	1.68e-06	0.00e+00	0.00e+00	0.00e+00	0.00e+00	0.00e+00	0.00e+00	8.85e-01	4.00e-02	3.33e-02
 8.65985e+16	9.60e-01	4.03e-02	1.50e-06	0.00e+00	0.00e+00	0.00e+00	0.00e+00	0.00e+00	0.00e+00	8.87e-01	3.96e-02	3.31e-02
 8.66359e+16	9.61e-01	3.88e-02	1.34e-06	0.00e+00	0.00e+00	0.00e+00	0.00e+00	0.00e+00	0.00e+00	8.89e-01	3.93e-02	3.28e-02
 8.66721e+16	9.63e-01	3.73e-02	1.21e-06	0.00e+00	0.00e+00	0.00e+00	0.00e+00	0.00e+00	0.00e+00	8.91e-01	3.90e-02	3.25e-02
 8.67087e+16	9.64e-01	3.59e-02	1.08e-06	0.00e+00	0.00e+00	0.00e+00	0.00e+00	0.00e+00	0.00e+00	8.93e-01	3.87e-02	3.23e-02
 8.67459e+16	9.66e-01	3.44e-02	9.66e-07	0.00e+00	0.00e+00	0.00e+00	0.00e+00	0.00e+00	0.00e+00	8.95e-01	3.84e-02	3.20e-02
 8.67830e+16	9.67e-01	3.29e-02	8.63e-07	0.00e+00	0.00e+00	0.00e+00	0.00e+00	0.00e+00	0.00e+00	8.97e-01	3.81e-02	3.17e-02
 8.68188e+16	9.68e-01	3.16e-02	7.75e-07	0.00e+00	0.00e+00	0.00e+00	0.00e+00	0.00e+00	0.00e+00	8.99e-01	3.78e-02	3.15e-02
 8.68535e+16	9.70e-01	3.03e-02	6.97e-07	0.00e+00	0.00e+00	0.00e+00	0.00e+00	0.00e+00	0.00e+00	9.01e-01	3.75e-02	3.13e-02
 8.68878e+16	9.71e-01	2.92e-02	6.28e-07	0.00e+00	0.00e+00	0.00e+00	0.00e+00	0.00e+00	0.00e+00	9.03e-01	3.73e-02	3.10e-02
 8.69224e+16	9.72e-01	2.80e-02	5.65e-07	0.00e+00	0.00e+00	0.00e+00	0.00e+00	0.00e+00	0.00e+00	9.04e-01	3.70e-02	3.08e-02
 8.69561e+16	9.73e-01	2.68e-02	5.10e-07	0.00e+00	0.00e+00	0.00e+00	0.00e+00	0.00e+00	0.00e+00	9.06e-01	3.68e-02	3.06e-02
 8.69884e+16	9.74e-01	2.58e-02	4.62e-07	0.00e+00	0.00e+00	0.00e+00	0.00e+00	0.00e+00	0.00e+00	9.07e-01	3.65e-02	3.04e-02
 8.70185e+16	9.75e-01	2.48e-02	4.22e-07	0.00e+00	0.00e+00	0.00e+00	0.00e+00	0.00e+00	0.00e+00	9.09e-01	3.63e-02	3.02e-02
 8.70455e+16	9.76e-01	2.40e-02	3.89e-07	0.00e+00	0.00e+00	0.00e+00	0.00e+00	0.00e+00	0.00e+00	9.10e-01	3.61e-02	3.00e-02
 8.70700e+16	9.77e-01	2.33e-02	3.61e-07	0.00e+00	0.00e+00	0.00e+00	0.00e+00	0.00e+00	0.00e+00	9.11e-01	3.59e-02	2.98e-02
 8.70930e+16	9.77e-01	2.26e-02	3.37e-07	0.00e+00	0.00e+00	0.00e+00	0.00e+00	0.00e+00	0.00e+00	9.12e-01	3.58e-02	2.97e-02
 8.71148e+16	9.78e-01	2.20e-02	3.16e-07	0.00e+00	0.00e+00	0.00e+00	0.00e+00	0.00e+00	0.00e+00	9.13e-01	3.56e-02	2.95e-02
 8.71353e+16	9.79e-01	2.14e-02	2.97e-07	0.00e+00	0.00e+00	0.00e+00	0.00e+00	0.00e+00	0.00e+00	9.14e-01	3.55e-02	2.94e-02
 8.71540e+16	9.79e-01	2.09e-02	2.81e-07	0.00e+00	0.00e+00	0.00e+00	0.00e+00	0.00e+00	0.00e+00	9.14e-01	3.53e-02	2.93e-02
 8.71713e+16	9.80e-01	2.04e-02	2.66e-07	0.00e+00	0.00e+00	0.00e+00	0.00e+00	0.00e+00	0.00e+00	9.15e-01	3.52e-02	2.92e-02
 8.71875e+16	9.80e-01	2.00e-02	2.54e-07	0.00e+00	0.00e+00	0.00e+00	0.00e+00	0.00e+00	0.00e+00	9.16e-01	3.51e-02	2.90e-02
 8.72031e+16	9.80e-01	1.95e-02	2.42e-07	0.00e+00	0.00e+00	0.00e+00	0.00e+00	0.00e+00	0.00e+00	9.17e-01	3.50e-02	2.89e-02
 8.72180e+16	9.81e-01	1.91e-02	2.31e-07	0.00e+00	0.00e+00	0.00e+00	0.00e+00	0.00e+00	0.00e+00	9.17e-01	3.48e-02	2.88e-02
 8.72321e+16	9.81e-01	1.87e-02	2.21e-07	0.00e+00	0.00e+00	0.00e+00	0.00e+00	0.00e+00	0.00e+00	9.18e-01	3.47e-02	2.87e-02
 8.72453e+16	9.82e-01	1.84e-02	2.13e-07	0.00e+00	0.00e+00	0.00e+00	0.00e+00	0.00e+00	0.00e+00	9.18e-01	3.46e-02	2.86e-02
 8.72579e+16	9.82e-01	1.80e-02	2.05e-07	0.00e+00	0.00e+00	0.00e+00	0.00e+00	0.00e+00	0.00e+00	9.19e-01	3.45e-02	2.85e-02
 8.72699e+16	9.82e-01	1.77e-02	1.97e-07	0.00e+00	0.00e+00	0.00e+00	0.00e+00	0.00e+00	0.00e+00	9.20e-01	3.44e-02	2.84e-02
 8.72814e+16	9.83e-01	1.74e-02	1.90e-07	0.00e+00	0.00e+00	0.00e+00	0.00e+00	0.00e+00	0.00e+00	9.20e-01	3.43e-02	2.83e-02
 8.72924e+16	9.83e-01	1.70e-02	1.84e-07	0.00e+00	0.00e+00	0.00e+00	0.00e+00	0.00e+00	0.00e+00	9.21e-01	3.42e-02	2.82e-02
 8.73030e+16	9.83e-01	1.67e-02	1.78e-07	0.00e+00	0.00e+00	0.00e+00	0.00e+00	0.00e+00	0.00e+00	9.21e-01	3.41e-02	2.81e-02
 8.73131e+16	9.84e-01	1.65e-02	1.73e-07	0.00e+00	0.00e+00	0.00e+00	0.00e+00	0.00e+00	0.00e+00	9.21e-01	3.40e-02	2.81e-02
 8.73228e+16	9.84e-01	1.62e-02	1.67e-07	0.00e+00	0.00e+00	0.00e+00	0.00e+00	0.00e+00	0.00e+00	9.22e-01	3.39e-02	2.80e-02
 8.73327e+16	9.84e-01	1.59e-02	1.62e-07	0.00e+00	0.00e+00	0.00e+00	0.00e+00	0.00e+00	0.00e+00	9.22e-01	3.38e-02	2.79e-02
 8.73428e+16	9.84e-01	1.56e-02	1.57e-07	0.00e+00	0.00e+00	0.00e+00	0.00e+00	0.00e+00	0.00e+00	9.23e-01	3.37e-02	2.78e-02
 8.73527e+16	9.85e-01	1.53e-02	1.52e-07	0.00e+00	0.00e+00	0.00e+00	0.00e+00	0.00e+00	0.00e+00	9.23e-01	3.36e-02	2.77e-02
 8.73624e+16	9.85e-01	1.50e-02	1.47e-07	0.00e+00	0.00e+00	0.00e+00	0.00e+00	0.00e+00	0.00e+00	9.24e-01	3.35e-02	2.76e-02
 8.73722e+16	9.85e-01	1.47e-02	1.43e-07	0.00e+00	0.00e+00	0.00e+00	0.00e+00	0.00e+00	0.00e+00	9.24e-01	3.34e-02	2.75e-02
 8.73826e+16	9.86e-01	1.44e-02	1.38e-07	0.00e+00	0.00e+00	0.00e+00	0.00e+00	0.00e+00	0.00e+00	9.25e-01	3.33e-02	2.74e-02
 8.73937e+16	9.86e-01	1.40e-02	1.33e-07	0.00e+00	0.00e+00	0.00e+00	0.00e+00	0.00e+00	0.00e+00	9.26e-01	3.31e-02	2.72e-02
 8.74052e+16	9.86e-01	1.36e-02	1.28e-07	0.00e+00	0.00e+00	0.00e+00	0.00e+00	0.00e+00	0.00e+00	9.26e-01	3.30e-02	2.71e-02
 8.74162e+16	9.87e-01	1.33e-02	1.23e-07	0.00e+00	0.00e+00	0.00e+00	0.00e+00	0.00e+00	0.00e+00	9.27e-01	3.28e-02	2.69e-02
 8.74261e+16	9.87e-01	1.30e-02	1.19e-07	0.00e+00	0.00e+00	0.00e+00	0.00e+00	0.00e+00	0.00e+00	9.28e-01	3.27e-02	2.68e-02
 8.74354e+16	9.87e-01	1.26e-02	1.15e-07	0.00e+00	0.00e+00	0.00e+00	0.00e+00	0.00e+00	0.00e+00	9.28e-01	3.26e-02	2.67e-02
 8.74442e+16	9.88e-01	1.24e-02	1.11e-07	0.00e+00	0.00e+00	0.00e+00	0.00e+00	0.00e+00	0.00e+00	9.29e-01	3.24e-02	2.65e-02
 8.74528e+16	9.88e-01	1.21e-02	1.08e-07	0.00e+00	0.00e+00	0.00e+00	0.00e+00	0.00e+00	0.00e+00	9.29e-01	3.23e-02	2.64e-02
 8.74608e+16	9.88e-01	1.18e-02	1.05e-07	0.00e+00	0.00e+00	0.00e+00	0.00e+00	0.00e+00	0.00e+00	9.30e-01	3.22e-02	2.63e-02
 8.74681e+16	9.88e-01	1.16e-02	1.02e-07	0.00e+00	0.00e+00	0.00e+00	0.00e+00	0.00e+00	0.00e+00	9.30e-01	3.20e-02	2.62e-02
 8.74748e+16	9.89e-01	1.13e-02	9.92e-08	0.00e+00	0.00e+00	0.00e+00	0.00e+00	0.00e+00	0.00e+00	9.31e-01	3.19e-02	2.61e-02
 8.74809e+16	9.89e-01	1.11e-02	9.69e-08	0.00e+00	0.00e+00	0.00e+00	0.00e+00	0.00e+00	0.00e+00	9.31e-01	3.18e-02	2.60e-02
 8.74864e+16	9.89e-01	1.10e-02	9.48e-08	0.00e+00	0.00e+00	0.00e+00	0.00e+00	0.00e+00	0.00e+00	9.31e-01	3.17e-02	2.59e-02
 8.74914e+16	9.89e-01	1.08e-02	9.29e-08	0.00e+00	0.00e+00	0.00e+00	0.00e+00	0.00e+00	0.00e+00	9.32e-01	3.16e-02	2.58e-02
 8.74960e+16	9.89e-01	1.07e-02	9.13e-08	0.00e+00	0.00e+00	0.00e+00	0.00e+00	0.00e+00	0.00e+00	9.32e-01	3.16e-02	2.57e-02
 8.75010e+16	9.89e-01	1.05e-02	8.94e-08	0.00e+00	0.00e+00	0.00e+00	0.00e+00	0.00e+00	0.00e+00	9.32e-01	3.14e-02	2.56e-02
 8.75064e+16	9.90e-01	1.04e-02	8.75e-08	0.00e+00	0.00e+00	0.00e+00	0.00e+00	0.00e+00	0.00e+00	9.33e-01	3.13e-02	2.55e-02
 8.75113e+16	9.90e-01	1.02e-02	8.57e-08	0.00e+00	0.00e+00	0.00e+00	0.00e+00	0.00e+00	0.00e+00	9.33e-01	3.12e-02	2.54e-02
 8.75158e+16	9.90e-01	1.01e-02	8.41e-08	0.00e+00	0.00e+00	0.00e+00	0.00e+00	0.00e+00	0.00e+00	9.33e-01	3.11e-02	2.54e-02
 8.75207e+16	9.90e-01	9.94e-03	8.23e-08	0.00e+00	0.00e+00	0.00e+00	0.00e+00	0.00e+00	0.00e+00	9.34e-01	3.10e-02	2.53e-02
 8.75260e+16	9.90e-01	9.79e-03	8.05e-08	0.00e+00	0.00e+00	0.00e+00	0.00e+00	0.00e+00	0.00e+00	9.34e-01	3.09e-02	2.52e-02
 8.75308e+16	9.90e-01	9.64e-03	7.88e-08	0.00e+00	0.00e+00	0.00e+00	0.00e+00	0.00e+00	0.00e+00	9.34e-01	3.08e-02	2.51e-02
 8.75352e+16	9.90e-01	9.52e-03	7.73e-08	0.00e+00	0.00e+00	0.00e+00	0.00e+00	0.00e+00	0.00e+00	9.35e-01	3.07e-02	2.50e-02
 8.75400e+16	9.91e-01	9.38e-03	7.56e-08	0.00e+00	0.00e+00	0.00e+00	0.00e+00	0.00e+00	0.00e+00	9.35e-01	3.06e-02	2.49e-02
 8.75451e+16	9.91e-01	9.22e-03	7.38e-08	0.00e+00	0.00e+00	0.00e+00	0.00e+00	0.00e+00	0.00e+00	9.35e-01	3.05e-02	2.48e-02
 8.75499e+16	9.91e-01	9.12e-03	7.24e-08	0.00e+00	0.00e+00	0.00e+00	0.00e+00	0.00e+00	0.00e+00	9.36e-01	3.04e-02	2.47e-02
 8.75550e+16	9.91e-01	8.99e-03	7.08e-08	0.00e+00	0.00e+00	0.00e+00	0.00e+00	0.00e+00	0.00e+00	9.36e-01	3.03e-02	2.47e-02
 8.75618e+16	9.91e-01	8.84e-03	6.87e-08	0.00e+00	0.00e+00	0.00e+00	0.00e+00	0.00e+00	0.00e+00	9.36e-01	3.02e-02	2.46e-02
 8.75690e+16	9.91e-01	8.67e-03	6.65e-08	0.00e+00	0.00e+00	0.00e+00	0.00e+00	0.00e+00	0.00e+00	9.37e-01	3.01e-02	2.44e-02
 8.75756e+16	9.91e-01	8.53e-03	6.47e-08	0.00e+00	0.00e+00	0.00e+00	0.00e+00	0.00e+00	0.00e+00	9.37e-01	3.00e-02	2.43e-02
 8.75816e+16	9.92e-01	8.39e-03	6.30e-08	0.00e+00	0.00e+00	0.00e+00	0.00e+00	0.00e+00	0.00e+00	9.37e-01	2.99e-02	2.42e-02
 8.75882e+16	9.92e-01	8.25e-03	6.11e-08	0.00e+00	0.00e+00	0.00e+00	0.00e+00	0.00e+00	0.00e+00	9.38e-01	2.98e-02	2.41e-02
 8.75953e+16	9.92e-01	8.09e-03	5.91e-08	0.00e+00	0.00e+00	0.00e+00	0.00e+00	0.00e+00	0.00e+00	9.38e-01	2.96e-02	2.40e-02
 8.76018e+16	9.92e-01	7.96e-03	5.75e-08	0.00e+00	0.00e+00	0.00e+00	0.00e+00	0.00e+00	0.00e+00	9.39e-01	2.95e-02	2.39e-02
 8.76089e+16	9.92e-01	7.80e-03	5.55e-08	0.00e+00	0.00e+00	0.00e+00	0.00e+00	0.00e+00	0.00e+00	9.39e-01	2.94e-02	2.38e-02
 8.76165e+16	9.92e-01	7.64e-03	5.36e-08	0.00e+00	0.00e+00	0.00e+00	0.00e+00	0.00e+00	0.00e+00	9.39e-01	2.93e-02	2.37e-02
 8.76235e+16	9.93e-01	7.50e-03	5.18e-08	0.00e+00	0.00e+00	0.00e+00	0.00e+00	0.00e+00	0.00e+00	9.40e-01	2.91e-02	2.36e-02
 8.76298e+16	9.93e-01	7.37e-03	5.02e-08	0.00e+00	0.00e+00	0.00e+00	0.00e+00	0.00e+00	0.00e+00	9.40e-01	2.90e-02	2.34e-02
 8.76356e+16	9.93e-01	7.24e-03	4.88e-08	0.00e+00	0.00e+00	0.00e+00	0.00e+00	0.00e+00	0.00e+00	9.40e-01	2.89e-02	2.33e-02
 8.76408e+16	9.93e-01	7.10e-03	4.72e-08	0.00e+00	0.00e+00	0.00e+00	0.00e+00	0.00e+00	0.00e+00	9.41e-01	2.88e-02	2.32e-02
