#depth	He	He+	He+2
 4.67845e+11	3.43e-04	2.68e-01	7.32e-01
 2.80707e+12	3.43e-04	2.68e-01	7.32e-01
 1.21640e+13	3.44e-04	2.69e-01	7.31e-01
 4.95916e+13	3.47e-04	2.71e-01	7.29e-01
 1.18458e+14	3.51e-04	2.73e-01	7.27e-01
 2.07985e+14	3.56e-04	2.76e-01	7.24e-01
 3.24370e+14	3.64e-04	2.81e-01	7.19e-01
 4.75671e+14	3.75e-04	2.88e-01	7.11e-01
 6.72361e+14	3.90e-04	2.98e-01	7.01e-01
 9.28059e+14	4.10e-04	3.13e-01	6.87e-01
 1.26047e+15	4.39e-04	3.34e-01	6.66e-01
 1.69260e+15	4.80e-04	3.64e-01	6.35e-01
 2.25436e+15	5.39e-04	4.10e-01	5.90e-01
 2.98466e+15	6.23e-04	4.78e-01	5.22e-01
 3.73476e+15	7.13e-04	5.57e-01	4.42e-01
 4.35955e+15	7.93e-04	6.30e-01	3.69e-01
 5.00514e+15	8.77e-04	7.06e-01	2.93e-01
 5.74188e+15	9.68e-04	7.88e-01	2.11e-01
 6.56397e+15	1.06e-03	8.62e-01	1.37e-01
 7.58393e+15	1.15e-03	9.26e-01	7.33e-02
 8.56845e+15	1.21e-03	9.61e-01	3.79e-02
 9.42530e+15	1.26e-03	9.77e-01	2.12e-02
 1.03678e+16	1.31e-03	9.87e-01	1.14e-02
 1.14046e+16	1.35e-03	9.93e-01	5.86e-03
 1.25451e+16	1.39e-03	9.96e-01	2.91e-03
 1.37996e+16	1.44e-03	9.97e-01	1.41e-03
 1.51795e+16	1.49e-03	9.98e-01	6.64e-04
 1.66975e+16	1.55e-03	9.98e-01	3.08e-04
 1.83672e+16	1.61e-03	9.98e-01	1.41e-04
 2.02040e+16	1.68e-03	9.98e-01	6.39e-05
 2.22244e+16	1.75e-03	9.98e-01	2.89e-05
 2.44468e+16	1.84e-03	9.98e-01	1.32e-05
 2.67656e+16	1.93e-03	9.98e-01	6.35e-06
 2.89351e+16	2.02e-03	9.98e-01	3.47e-06
 3.08667e+16	2.11e-03	9.98e-01	2.14e-06
 3.26448e+16	2.19e-03	9.98e-01	1.42e-06
 3.43355e+16	2.28e-03	9.98e-01	9.86e-07
 3.59741e+16	2.36e-03	9.98e-01	7.11e-07
 3.75804e+16	2.45e-03	9.98e-01	5.26e-07
 3.91658e+16	2.55e-03	9.97e-01	3.98e-07
 4.07370e+16	2.65e-03	9.97e-01	3.07e-07
 4.22989e+16	2.75e-03	9.97e-01	2.40e-07
 4.38536e+16	2.87e-03	9.97e-01	1.91e-07
 4.53721e+16	2.99e-03	9.97e-01	1.54e-07
 4.68104e+16	3.11e-03	9.97e-01	1.27e-07
 4.81772e+16	3.23e-03	9.97e-01	1.06e-07
 4.95061e+16	3.36e-03	9.97e-01	9.03e-08
 5.08025e+16	3.50e-03	9.97e-01	7.75e-08
 5.20524e+16	3.64e-03	9.96e-01	6.73e-08
 5.32477e+16	3.78e-03	9.96e-01	5.90e-08
 5.43954e+16	3.93e-03	9.96e-01	5.23e-08
 5.55083e+16	4.09e-03	9.96e-01	4.67e-08
 5.65926e+16	4.25e-03	9.96e-01	4.20e-08
 5.76460e+16	4.42e-03	9.96e-01	3.80e-08
 5.86652e+16	4.60e-03	9.95e-01	3.46e-08
 5.96520e+16	4.79e-03	9.95e-01	3.17e-08
 6.06116e+16	4.99e-03	9.95e-01	2.92e-08
 6.15485e+16	5.19e-03	9.95e-01	2.70e-08
 6.24640e+16	5.41e-03	9.95e-01	2.50e-08
 6.33576e+16	5.64e-03	9.94e-01	2.33e-08
 6.42300e+16	5.89e-03	9.94e-01	2.18e-08
 6.50840e+16	6.15e-03	9.94e-01	2.04e-08
 6.59226e+16	6.44e-03	9.94e-01	1.92e-08
 6.67476e+16	6.74e-03	9.93e-01	1.81e-08
 6.75601e+16	7.07e-03	9.93e-01	1.71e-08
 6.83599e+16	7.44e-03	9.93e-01	1.63e-08
 6.91342e+16	7.83e-03	9.92e-01	1.55e-08
 6.98650e+16	8.25e-03	9.92e-01	1.48e-08
 7.05520e+16	8.68e-03	9.91e-01	1.41e-08
 7.12106e+16	9.15e-03	9.91e-01	1.36e-08
 7.18538e+16	9.66e-03	9.90e-01	1.31e-08
 7.24814e+16	1.02e-02	9.90e-01	1.26e-08
 7.30862e+16	1.08e-02	9.89e-01	1.21e-08
 7.36652e+16	1.15e-02	9.88e-01	1.18e-08
 7.42235e+16	1.23e-02	9.88e-01	1.14e-08
 7.47679e+16	1.31e-02	9.87e-01	1.10e-08
 7.52990e+16	1.40e-02	9.86e-01	1.07e-08
 7.58173e+16	1.51e-02	9.85e-01	1.04e-08
 7.63258e+16	1.63e-02	9.84e-01	1.01e-08
 7.68186e+16	1.76e-02	9.82e-01	9.87e-09
 7.72967e+16	1.92e-02	9.81e-01	9.60e-09
 7.77659e+16	2.10e-02	9.79e-01	9.37e-09
 7.81857e+16	2.30e-02	9.77e-01	9.19e-09
 7.85305e+16	2.49e-02	9.75e-01	9.04e-09
 7.88365e+16	2.68e-02	9.73e-01	8.90e-09
 7.91794e+16	2.93e-02	9.71e-01	8.75e-09
 7.95438e+16	3.24e-02	9.68e-01	8.62e-09
 7.98422e+16	3.55e-02	9.65e-01	8.53e-09
 8.00784e+16	3.84e-02	9.62e-01	8.44e-09
 8.03279e+16	4.17e-02	9.58e-01	8.38e-09
 8.06088e+16	4.60e-02	9.54e-01	8.33e-09
 8.08605e+16	5.06e-02	9.49e-01	8.31e-09
 8.10664e+16	5.49e-02	9.45e-01	8.32e-09
 8.12826e+16	6.00e-02	9.40e-01	8.32e-09
 8.15222e+16	6.65e-02	9.34e-01	8.38e-09
 8.17354e+16	7.32e-02	9.27e-01	8.45e-09
 8.19146e+16	7.98e-02	9.20e-01	8.53e-09
 8.21066e+16	8.76e-02	9.12e-01	8.63e-09
 8.23201e+16	9.73e-02	9.03e-01	8.84e-09
 8.25130e+16	1.08e-01	8.92e-01	9.05e-09
 8.26782e+16	1.18e-01	8.82e-01	9.28e-09
 8.28350e+16	1.29e-01	8.71e-01	9.48e-09
 8.29996e+16	1.41e-01	8.59e-01	9.81e-09
 8.31565e+16	1.54e-01	8.46e-01	1.02e-08
 8.32884e+16	1.66e-01	8.34e-01	1.05e-08
 8.34057e+16	1.78e-01	8.22e-01	1.08e-08
 8.34994e+16	1.88e-01	8.12e-01	1.10e-08
 8.35640e+16	1.96e-01	8.04e-01	1.12e-08
 8.36251e+16	2.04e-01	7.96e-01	1.14e-08
 8.36985e+16	2.13e-01	7.87e-01	1.16e-08
 8.37778e+16	2.23e-01	7.77e-01	1.18e-08
 8.38506e+16	2.33e-01	7.67e-01	1.21e-08
 8.39168e+16	2.42e-01	7.58e-01	1.24e-08
 8.39827e+16	2.53e-01	7.47e-01	1.26e-08
 8.40503e+16	2.63e-01	7.37e-01	1.29e-08
 8.41183e+16	2.74e-01	7.26e-01	1.32e-08
 8.41845e+16	2.85e-01	7.15e-01	1.35e-08
 8.42489e+16	2.97e-01	7.03e-01	1.37e-08
 8.43128e+16	3.08e-01	6.92e-01	1.41e-08
 8.43773e+16	3.20e-01	6.80e-01	1.44e-08
 8.44421e+16	3.33e-01	6.67e-01	1.47e-08
 8.45044e+16	3.45e-01	6.55e-01	1.50e-08
 8.45652e+16	3.57e-01	6.43e-01	1.53e-08
 8.46273e+16	3.71e-01	6.29e-01	1.56e-08
 8.46894e+16	3.84e-01	6.16e-01	1.60e-08
 8.47504e+16	3.98e-01	6.02e-01	1.63e-08
 8.48108e+16	4.12e-01	5.88e-01	1.67e-08
 8.48699e+16	4.25e-01	5.75e-01	1.70e-08
 8.49286e+16	4.39e-01	5.61e-01	1.73e-08
 8.49882e+16	4.54e-01	5.46e-01	1.76e-08
 8.50470e+16	4.68e-01	5.32e-01	1.80e-08
 8.51044e+16	4.83e-01	5.17e-01	1.83e-08
 8.51616e+16	4.97e-01	5.03e-01	1.86e-08
 8.52184e+16	5.12e-01	4.88e-01	1.89e-08
 8.52747e+16	5.27e-01	4.73e-01	1.92e-08
 8.53305e+16	5.41e-01	4.59e-01	1.95e-08
 8.53851e+16	5.56e-01	4.44e-01	1.98e-08
 8.54386e+16	5.70e-01	4.30e-01	2.01e-08
 8.54912e+16	5.84e-01	4.16e-01	2.03e-08
 8.55431e+16	5.98e-01	4.02e-01	2.06e-08
 8.55944e+16	6.11e-01	3.89e-01	2.08e-08
 8.56449e+16	6.24e-01	3.76e-01	2.10e-08
 8.56944e+16	6.37e-01	3.63e-01	2.12e-08
 8.57427e+16	6.50e-01	3.50e-01	2.14e-08
 8.57906e+16	6.62e-01	3.38e-01	2.16e-08
 8.58385e+16	6.75e-01	3.25e-01	2.17e-08
 8.58853e+16	6.87e-01	3.13e-01	2.18e-08
 8.59311e+16	6.98e-01	3.02e-01	2.20e-08
 8.59767e+16	7.09e-01	2.91e-01	2.21e-08
 8.60218e+16	7.20e-01	2.80e-01	2.22e-08
 8.60659e+16	7.31e-01	2.69e-01	2.23e-08
 8.61099e+16	7.41e-01	2.59e-01	2.24e-08
 8.61533e+16	7.51e-01	2.49e-01	2.24e-08
 8.61954e+16	7.61e-01	2.39e-01	2.25e-08
 8.62376e+16	7.70e-01	2.30e-01	2.25e-08
 8.62796e+16	7.79e-01	2.21e-01	2.25e-08
 8.63212e+16	7.88e-01	2.12e-01	2.25e-08
 8.63624e+16	7.96e-01	2.04e-01	2.26e-08
 8.64025e+16	8.05e-01	1.95e-01	2.25e-08
 8.64423e+16	8.12e-01	1.88e-01	2.25e-08
 8.64814e+16	8.20e-01	1.80e-01	2.24e-08
 8.65206e+16	8.27e-01	1.73e-01	2.24e-08
 8.65599e+16	8.34e-01	1.66e-01	2.23e-08
 8.65985e+16	8.41e-01	1.59e-01	2.23e-08
 8.66359e+16	8.47e-01	1.53e-01	2.23e-08
 8.66721e+16	8.53e-01	1.47e-01	2.22e-08
 8.67087e+16	8.59e-01	1.41e-01	2.21e-08
 8.67459e+16	8.65e-01	1.35e-01	2.20e-08
 8.67830e+16	8.71e-01	1.29e-01	2.19e-08
 8.68188e+16	8.76e-01	1.24e-01	2.17e-08
 8.68535e+16	8.81e-01	1.19e-01	2.16e-08
 8.68878e+16	8.86e-01	1.14e-01	2.15e-08
 8.69224e+16	8.90e-01	1.10e-01	2.13e-08
 8.69561e+16	8.95e-01	1.05e-01	2.12e-08
 8.69884e+16	8.99e-01	1.01e-01	2.10e-08
 8.70185e+16	9.02e-01	9.76e-02	2.08e-08
 8.70455e+16	9.06e-01	9.44e-02	2.07e-08
 8.70700e+16	9.08e-01	9.15e-02	2.05e-08
 8.70930e+16	9.11e-01	8.89e-02	2.03e-08
 8.71148e+16	9.14e-01	8.64e-02	2.01e-08
 8.71353e+16	9.16e-01	8.41e-02	2.00e-08
 8.71540e+16	9.18e-01	8.20e-02	1.98e-08
 8.71713e+16	9.20e-01	8.02e-02	1.96e-08
 8.71875e+16	9.22e-01	7.84e-02	1.94e-08
 8.72031e+16	9.23e-01	7.68e-02	1.93e-08
 8.72180e+16	9.25e-01	7.52e-02	1.91e-08
 8.72321e+16	9.26e-01	7.38e-02	1.90e-08
 8.72453e+16	9.28e-01	7.25e-02	1.88e-08
 8.72579e+16	9.29e-01	7.12e-02	1.87e-08
 8.72699e+16	9.30e-01	7.00e-02	1.85e-08
 8.72814e+16	9.31e-01	6.89e-02	1.84e-08
 8.72924e+16	9.32e-01	6.78e-02	1.82e-08
 8.73030e+16	9.33e-01	6.68e-02	1.81e-08
 8.73131e+16	9.34e-01	6.58e-02	1.80e-08
 8.73228e+16	9.35e-01	6.49e-02	1.78e-08
 8.73327e+16	9.36e-01	6.40e-02	1.77e-08
 8.73428e+16	9.37e-01	6.30e-02	1.75e-08
 8.73527e+16	9.38e-01	6.21e-02	1.74e-08
 8.73624e+16	9.39e-01	6.12e-02	1.72e-08
 8.73722e+16	9.40e-01	6.03e-02	1.71e-08
 8.73826e+16	9.41e-01	5.93e-02	1.69e-08
 8.73937e+16	9.42e-01	5.82e-02	1.67e-08
 8.74052e+16	9.43e-01	5.72e-02	1.65e-08
 8.74162e+16	9.44e-01	5.62e-02	1.62e-08
 8.74261e+16	9.45e-01	5.53e-02	1.60e-08
 8.74354e+16	9.46e-01	5.44e-02	1.58e-08
 8.74442e+16	9.46e-01	5.36e-02	1.56e-08
 8.74528e+16	9.47e-01	5.28e-02	1.55e-08
 8.74608e+16	9.48e-01	5.21e-02	1.53e-08
 8.74681e+16	9.49e-01	5.14e-02	1.51e-08
 8.74748e+16	9.49e-01	5.08e-02	1.49e-08
 8.74809e+16	9.50e-01	5.02e-02	1.48e-08
 8.74864e+16	9.50e-01	4.97e-02	1.46e-08
 8.74914e+16	9.51e-01	4.92e-02	1.45e-08
 8.74960e+16	9.51e-01	4.88e-02	1.44e-08
 8.75010e+16	9.52e-01	4.83e-02	1.43e-08
 8.75064e+16	9.52e-01	4.79e-02	1.41e-08
 8.75113e+16	9.53e-01	4.74e-02	1.40e-08
 8.75158e+16	9.53e-01	4.70e-02	1.39e-08
 8.75207e+16	9.53e-01	4.65e-02	1.37e-08
 8.75260e+16	9.54e-01	4.61e-02	1.36e-08
 8.75308e+16	9.54e-01	4.56e-02	1.35e-08
 8.75352e+16	9.55e-01	4.52e-02	1.34e-08
 8.75400e+16	9.55e-01	4.47e-02	1.33e-08
 8.75451e+16	9.56e-01	4.43e-02	1.31e-08
 8.75499e+16	9.56e-01	4.39e-02	1.30e-08
 8.75550e+16	9.57e-01	4.34e-02	1.29e-08
 8.75618e+16	9.57e-01	4.29e-02	1.28e-08
 8.75690e+16	9.58e-01	4.23e-02	1.26e-08
 8.75756e+16	9.58e-01	4.18e-02	1.25e-08
 8.75816e+16	9.59e-01	4.13e-02	1.24e-08
 8.75882e+16	9.59e-01	4.08e-02	1.22e-08
 8.75953e+16	9.60e-01	4.02e-02	1.21e-08
 8.76018e+16	9.60e-01	3.98e-02	1.20e-08
 8.76089e+16	9.61e-01	3.92e-02	1.18e-08
 8.76165e+16	9.61e-01	3.87e-02	1.17e-08
 8.76235e+16	9.62e-01	3.82e-02	1.16e-08
 8.76298e+16	9.62e-01	3.77e-02	1.15e-08
 8.76356e+16	9.63e-01	3.73e-02	1.14e-08
 8.76408e+16	9.63e-01	3.69e-02	1.13e-08
