#depth	O	O+	O+2	O+3	O+4	O+5	O+6	O+7	O+8	O[1]	O[2]	O[3]
 1.75790e+11	1.03e-05	9.51e-03	6.23e-01	3.67e-01	6.08e-04	0.00e+00	0.00e+00	0.00e+00	0.00e+00	8.19e-06	1.41e-06	7.14e-07
 1.05474e+12	1.03e-05	9.51e-03	6.23e-01	3.67e-01	6.07e-04	0.00e+00	0.00e+00	0.00e+00	0.00e+00	8.17e-06	1.40e-06	7.12e-07
 4.57053e+12	1.03e-05	9.52e-03	6.24e-01	3.66e-01	6.03e-04	0.00e+00	0.00e+00	0.00e+00	0.00e+00	8.18e-06	1.40e-06	7.13e-07
 1.86337e+13	1.03e-05	9.57e-03	6.27e-01	3.63e-01	5.91e-04	0.00e+00	0.00e+00	0.00e+00	0.00e+00	8.21e-06	1.41e-06	7.17e-07
 4.45099e+13	1.03e-05	9.62e-03	6.33e-01	3.57e-01	5.70e-04	0.00e+00	0.00e+00	0.00e+00	0.00e+00	8.17e-06	1.41e-06	7.19e-07
 7.81490e+13	1.03e-05	9.66e-03	6.39e-01	3.51e-01	5.47e-04	0.00e+00	0.00e+00	0.00e+00	0.00e+00	8.14e-06	1.41e-06	7.19e-07
 1.21880e+14	1.03e-05	9.76e-03	6.48e-01	3.42e-01	5.16e-04	0.00e+00	0.00e+00	0.00e+00	0.00e+00	8.15e-06	1.41e-06	7.23e-07
 1.78730e+14	1.03e-05	9.87e-03	6.59e-01	3.31e-01	4.79e-04	0.00e+00	0.00e+00	0.00e+00	0.00e+00	8.16e-06	1.41e-06	7.25e-07
 2.52635e+14	1.03e-05	1.00e-02	6.73e-01	3.16e-01	4.36e-04	0.00e+00	0.00e+00	0.00e+00	0.00e+00	8.18e-06	1.42e-06	7.29e-07
 3.48712e+14	1.04e-05	1.02e-02	6.92e-01	2.97e-01	3.83e-04	0.00e+00	0.00e+00	0.00e+00	0.00e+00	8.22e-06	1.43e-06	7.34e-07
 4.73611e+14	1.05e-05	1.04e-02	7.16e-01	2.74e-01	3.24e-04	0.00e+00	0.00e+00	0.00e+00	0.00e+00	8.28e-06	1.44e-06	7.42e-07
 6.35981e+14	1.06e-05	1.08e-02	7.45e-01	2.44e-01	2.58e-04	0.00e+00	0.00e+00	0.00e+00	0.00e+00	8.38e-06	1.46e-06	7.53e-07
 8.47061e+14	1.08e-05	1.12e-02	7.82e-01	2.07e-01	1.90e-04	0.00e+00	0.00e+00	0.00e+00	0.00e+00	8.52e-06	1.49e-06	7.70e-07
 1.12147e+15	1.11e-05	1.17e-02	8.25e-01	1.63e-01	1.23e-04	0.00e+00	0.00e+00	0.00e+00	0.00e+00	8.74e-06	1.54e-06	7.95e-07
 1.47819e+15	1.15e-05	1.23e-02	8.72e-01	1.16e-01	6.73e-05	0.00e+00	0.00e+00	0.00e+00	0.00e+00	9.04e-06	1.60e-06	8.28e-07
 1.94193e+15	1.21e-05	1.30e-02	9.17e-01	6.95e-02	2.82e-05	0.00e+00	0.00e+00	0.00e+00	0.00e+00	9.49e-06	1.68e-06	8.75e-07
 2.54480e+15	1.29e-05	1.39e-02	9.53e-01	3.34e-02	8.24e-06	0.00e+00	0.00e+00	0.00e+00	0.00e+00	1.02e-05	1.80e-06	9.37e-07
 3.22328e+15	1.37e-05	1.48e-02	9.71e-01	1.40e-02	1.94e-06	0.00e+00	0.00e+00	0.00e+00	0.00e+00	1.08e-05	1.91e-06	9.95e-07
 3.87209e+15	1.45e-05	1.56e-02	9.78e-01	6.10e-03	4.84e-07	0.00e+00	0.00e+00	0.00e+00	0.00e+00	1.15e-05	2.02e-06	1.05e-06
 4.58756e+15	1.56e-05	1.64e-02	9.81e-01	2.47e-03	0.00e+00	0.00e+00	0.00e+00	0.00e+00	0.00e+00	1.24e-05	2.17e-06	1.12e-06
 5.24156e+15	1.64e-05	1.72e-02	9.82e-01	1.13e-03	0.00e+00	0.00e+00	0.00e+00	0.00e+00	0.00e+00	1.29e-05	2.26e-06	1.17e-06
 5.76571e+15	1.72e-05	1.79e-02	9.82e-01	6.08e-04	0.00e+00	0.00e+00	0.00e+00	0.00e+00	0.00e+00	1.36e-05	2.37e-06	1.23e-06
 6.34228e+15	1.81e-05	1.86e-02	9.81e-01	3.15e-04	0.00e+00	0.00e+00	0.00e+00	0.00e+00	0.00e+00	1.43e-05	2.49e-06	1.29e-06
 6.97651e+15	1.92e-05	1.94e-02	9.80e-01	1.57e-04	0.00e+00	0.00e+00	0.00e+00	0.00e+00	0.00e+00	1.52e-05	2.64e-06	1.37e-06
 7.67416e+15	2.04e-05	2.03e-02	9.80e-01	7.56e-05	0.00e+00	0.00e+00	0.00e+00	0.00e+00	0.00e+00	1.61e-05	2.81e-06	1.45e-06
 8.44158e+15	2.18e-05	2.13e-02	9.79e-01	3.54e-05	0.00e+00	0.00e+00	0.00e+00	0.00e+00	0.00e+00	1.72e-05	3.01e-06	1.56e-06
 9.28574e+15	2.34e-05	2.24e-02	9.78e-01	1.61e-05	0.00e+00	0.00e+00	0.00e+00	0.00e+00	0.00e+00	1.85e-05	3.24e-06	1.68e-06
 1.02143e+16	2.53e-05	2.36e-02	9.76e-01	7.22e-06	0.00e+00	0.00e+00	0.00e+00	0.00e+00	0.00e+00	2.00e-05	3.51e-06	1.82e-06
 1.12357e+16	2.75e-05	2.49e-02	9.75e-01	3.22e-06	0.00e+00	0.00e+00	0.00e+00	0.00e+00	0.00e+00	2.17e-05	3.83e-06	1.99e-06
 1.23593e+16	3.01e-05	2.64e-02	9.74e-01	1.44e-06	0.00e+00	0.00e+00	0.00e+00	0.00e+00	0.00e+00	2.37e-05	4.21e-06	2.20e-06
 1.35953e+16	3.32e-05	2.80e-02	9.72e-01	6.58e-07	0.00e+00	0.00e+00	0.00e+00	0.00e+00	0.00e+00	2.61e-05	4.67e-06	2.44e-06
 1.48132e+16	3.65e-05	2.96e-02	9.70e-01	3.36e-07	0.00e+00	0.00e+00	0.00e+00	0.00e+00	0.00e+00	2.86e-05	5.17e-06	2.71e-06
 1.58873e+16	3.97e-05	3.11e-02	9.69e-01	1.98e-07	0.00e+00	0.00e+00	0.00e+00	0.00e+00	0.00e+00	3.11e-05	5.66e-06	2.98e-06
 1.68359e+16	4.28e-05	3.24e-02	9.68e-01	1.31e-07	0.00e+00	0.00e+00	0.00e+00	0.00e+00	0.00e+00	3.34e-05	6.14e-06	3.24e-06
 1.76913e+16	4.57e-05	3.35e-02	9.66e-01	0.00e+00	0.00e+00	0.00e+00	0.00e+00	0.00e+00	0.00e+00	3.56e-05	6.60e-06	3.49e-06
 1.84859e+16	4.86e-05	3.46e-02	9.65e-01	0.00e+00	0.00e+00	0.00e+00	0.00e+00	0.00e+00	0.00e+00	3.78e-05	7.06e-06	3.75e-06
 1.92370e+16	5.15e-05	3.56e-02	9.64e-01	0.00e+00	0.00e+00	0.00e+00	0.00e+00	0.00e+00	0.00e+00	4.00e-05	7.53e-06	4.01e-06
 1.99572e+16	5.44e-05	3.65e-02	9.63e-01	0.00e+00	0.00e+00	0.00e+00	0.00e+00	0.00e+00	0.00e+00	4.22e-05	8.01e-06	4.27e-06
 2.06551e+16	5.75e-05	3.74e-02	9.63e-01	0.00e+00	0.00e+00	0.00e+00	0.00e+00	0.00e+00	0.00e+00	4.44e-05	8.51e-06	4.55e-06
 2.13375e+16	6.07e-05	3.83e-02	9.62e-01	0.00e+00	0.00e+00	0.00e+00	0.00e+00	0.00e+00	0.00e+00	4.68e-05	9.03e-06	4.84e-06
 2.20092e+16	6.40e-05	3.92e-02	9.61e-01	0.00e+00	0.00e+00	0.00e+00	0.00e+00	0.00e+00	0.00e+00	4.93e-05	9.59e-06	5.15e-06
 2.26737e+16	6.75e-05	4.01e-02	9.60e-01	0.00e+00	0.00e+00	0.00e+00	0.00e+00	0.00e+00	0.00e+00	5.19e-05	1.02e-05	5.48e-06
 2.33343e+16	7.13e-05	4.10e-02	9.59e-01	0.00e+00	0.00e+00	0.00e+00	0.00e+00	0.00e+00	0.00e+00	5.47e-05	1.08e-05	5.84e-06
 2.39936e+16	7.54e-05	4.19e-02	9.58e-01	0.00e+00	0.00e+00	0.00e+00	0.00e+00	0.00e+00	0.00e+00	5.77e-05	1.15e-05	6.22e-06
 2.46538e+16	7.98e-05	4.29e-02	9.57e-01	0.00e+00	0.00e+00	0.00e+00	0.00e+00	0.00e+00	0.00e+00	6.09e-05	1.23e-05	6.64e-06
 2.53151e+16	8.45e-05	4.39e-02	9.56e-01	0.00e+00	0.00e+00	0.00e+00	0.00e+00	0.00e+00	0.00e+00	6.44e-05	1.31e-05	7.09e-06
 2.59775e+16	8.97e-05	4.49e-02	9.55e-01	0.00e+00	0.00e+00	0.00e+00	0.00e+00	0.00e+00	0.00e+00	6.81e-05	1.40e-05	7.58e-06
 2.66409e+16	9.52e-05	4.59e-02	9.54e-01	0.00e+00	0.00e+00	0.00e+00	0.00e+00	0.00e+00	0.00e+00	7.22e-05	1.49e-05	8.11e-06
 2.73044e+16	1.01e-04	4.70e-02	9.53e-01	0.00e+00	0.00e+00	0.00e+00	0.00e+00	0.00e+00	0.00e+00	7.66e-05	1.60e-05	8.69e-06
 2.79673e+16	1.08e-04	4.81e-02	9.52e-01	0.00e+00	0.00e+00	0.00e+00	0.00e+00	0.00e+00	0.00e+00	8.13e-05	1.71e-05	9.32e-06
 2.86292e+16	1.15e-04	4.92e-02	9.51e-01	0.00e+00	0.00e+00	0.00e+00	0.00e+00	0.00e+00	0.00e+00	8.64e-05	1.83e-05	9.99e-06
 2.92905e+16	1.22e-04	5.04e-02	9.49e-01	0.00e+00	0.00e+00	0.00e+00	0.00e+00	0.00e+00	0.00e+00	9.18e-05	1.96e-05	1.07e-05
 2.99492e+16	1.30e-04	5.16e-02	9.48e-01	0.00e+00	0.00e+00	0.00e+00	0.00e+00	0.00e+00	0.00e+00	9.77e-05	2.10e-05	1.15e-05
 3.06017e+16	1.39e-04	5.28e-02	9.47e-01	0.00e+00	0.00e+00	0.00e+00	0.00e+00	0.00e+00	0.00e+00	1.04e-04	2.25e-05	1.24e-05
 3.12464e+16	1.48e-04	5.41e-02	9.46e-01	0.00e+00	0.00e+00	0.00e+00	0.00e+00	0.00e+00	0.00e+00	1.11e-04	2.42e-05	1.33e-05
 3.18822e+16	1.58e-04	5.54e-02	9.44e-01	0.00e+00	0.00e+00	0.00e+00	0.00e+00	0.00e+00	0.00e+00	1.18e-04	2.59e-05	1.43e-05
 3.25073e+16	1.69e-04	5.68e-02	9.43e-01	0.00e+00	0.00e+00	0.00e+00	0.00e+00	0.00e+00	0.00e+00	1.25e-04	2.78e-05	1.53e-05
 3.31199e+16	1.80e-04	5.82e-02	9.42e-01	0.00e+00	0.00e+00	0.00e+00	0.00e+00	0.00e+00	0.00e+00	1.33e-04	2.98e-05	1.64e-05
 3.37197e+16	1.91e-04	5.96e-02	9.40e-01	0.00e+00	0.00e+00	0.00e+00	0.00e+00	0.00e+00	0.00e+00	1.42e-04	3.20e-05	1.76e-05
 3.43065e+16	2.04e-04	6.11e-02	9.39e-01	0.00e+00	0.00e+00	0.00e+00	0.00e+00	0.00e+00	0.00e+00	1.51e-04	3.42e-05	1.89e-05
 3.48795e+16	2.17e-04	6.26e-02	9.37e-01	0.00e+00	0.00e+00	0.00e+00	0.00e+00	0.00e+00	0.00e+00	1.60e-04	3.66e-05	2.02e-05
 3.54389e+16	2.30e-04	6.41e-02	9.36e-01	0.00e+00	0.00e+00	0.00e+00	0.00e+00	0.00e+00	0.00e+00	1.69e-04	3.91e-05	2.16e-05
 3.59852e+16	2.44e-04	6.58e-02	9.34e-01	0.00e+00	0.00e+00	0.00e+00	0.00e+00	0.00e+00	0.00e+00	1.79e-04	4.18e-05	2.30e-05
 3.65195e+16	2.59e-04	6.74e-02	9.32e-01	0.00e+00	0.00e+00	0.00e+00	0.00e+00	0.00e+00	0.00e+00	1.90e-04	4.45e-05	2.44e-05
 3.70432e+16	2.75e-04	6.91e-02	9.31e-01	0.00e+00	0.00e+00	0.00e+00	0.00e+00	0.00e+00	0.00e+00	2.01e-04	4.74e-05	2.59e-05
 3.75586e+16	2.91e-04	7.09e-02	9.29e-01	0.00e+00	0.00e+00	0.00e+00	0.00e+00	0.00e+00	0.00e+00	2.13e-04	5.05e-05	2.75e-05
 3.80688e+16	3.09e-04	7.28e-02	9.27e-01	0.00e+00	0.00e+00	0.00e+00	0.00e+00	0.00e+00	0.00e+00	2.25e-04	5.39e-05	2.92e-05
 3.85655e+16	3.27e-04	7.48e-02	9.25e-01	0.00e+00	0.00e+00	0.00e+00	0.00e+00	0.00e+00	0.00e+00	2.39e-04	5.74e-05	3.10e-05
 3.90265e+16	3.47e-04	7.68e-02	9.23e-01	0.00e+00	0.00e+00	0.00e+00	0.00e+00	0.00e+00	0.00e+00	2.53e-04	6.12e-05	3.29e-05
 3.94607e+16	3.67e-04	7.88e-02	9.21e-01	0.00e+00	0.00e+00	0.00e+00	0.00e+00	0.00e+00	0.00e+00	2.67e-04	6.49e-05	3.48e-05
 3.98925e+16	3.88e-04	8.10e-02	9.19e-01	0.00e+00	0.00e+00	0.00e+00	0.00e+00	0.00e+00	0.00e+00	2.83e-04	6.90e-05	3.68e-05
 4.03242e+16	4.12e-04	8.33e-02	9.16e-01	0.00e+00	0.00e+00	0.00e+00	0.00e+00	0.00e+00	0.00e+00	2.99e-04	7.35e-05	3.90e-05
 4.07560e+16	4.39e-04	8.58e-02	9.14e-01	0.00e+00	0.00e+00	0.00e+00	0.00e+00	0.00e+00	0.00e+00	3.18e-04	7.85e-05	4.16e-05
 4.11877e+16	4.70e-04	8.86e-02	9.11e-01	0.00e+00	0.00e+00	0.00e+00	0.00e+00	0.00e+00	0.00e+00	3.41e-04	8.44e-05	4.46e-05
 4.16195e+16	5.06e-04	9.17e-02	9.08e-01	0.00e+00	0.00e+00	0.00e+00	0.00e+00	0.00e+00	0.00e+00	3.67e-04	9.08e-05	4.79e-05
 4.20512e+16	5.47e-04	9.51e-02	9.04e-01	0.00e+00	0.00e+00	0.00e+00	0.00e+00	0.00e+00	0.00e+00	3.97e-04	9.83e-05	5.18e-05
 4.24830e+16	5.96e-04	9.89e-02	9.01e-01	0.00e+00	0.00e+00	0.00e+00	0.00e+00	0.00e+00	0.00e+00	4.32e-04	1.07e-04	5.64e-05
 4.29148e+16	6.55e-04	1.03e-01	8.96e-01	0.00e+00	0.00e+00	0.00e+00	0.00e+00	0.00e+00	0.00e+00	4.75e-04	1.18e-04	6.20e-05
 4.31530e+16	7.06e-04	1.07e-01	8.93e-01	0.00e+00	0.00e+00	0.00e+00	0.00e+00	0.00e+00	0.00e+00	5.12e-04	1.27e-04	6.68e-05
