#depth	H	H+	H2
 5.74861e+11	1.47e-03	9.99e-01	1.05e-11
 3.44917e+12	1.47e-03	9.99e-01	1.06e-11
 1.49464e+13	1.48e-03	9.99e-01	1.09e-11
 6.09353e+13	1.52e-03	9.98e-01	1.24e-11
 1.39719e+14	1.52e-03	9.98e-01	1.43e-11
 2.18053e+14	1.53e-03	9.98e-01	1.66e-11
 2.89392e+14	1.56e-03	9.98e-01	1.93e-11
 3.62686e+14	1.61e-03	9.98e-01	2.28e-11
 4.43236e+14	1.66e-03	9.98e-01	2.74e-11
 5.31515e+14	1.74e-03	9.98e-01	3.36e-11
 6.26818e+14	1.82e-03	9.98e-01	4.05e-11
 7.40159e+14	1.94e-03	9.98e-01	5.05e-11
 8.55222e+14	2.05e-03	9.98e-01	5.90e-11
 9.51582e+14	2.15e-03	9.98e-01	6.66e-11
 1.05591e+15	2.29e-03	9.98e-01	7.61e-11
 1.16788e+15	2.44e-03	9.98e-01	8.54e-11
 1.27007e+15	2.58e-03	9.97e-01	9.48e-11
 1.38322e+15	2.78e-03	9.97e-01	1.08e-10
 1.50600e+15	2.98e-03	9.97e-01	1.24e-10
 1.62222e+15	3.19e-03	9.97e-01	1.43e-10
 1.75422e+15	3.47e-03	9.97e-01	1.71e-10
 1.90282e+15	3.77e-03	9.96e-01	2.12e-10
 2.07299e+15	4.16e-03	9.96e-01	2.78e-10
 2.22233e+15	4.48e-03	9.96e-01	3.50e-10
 2.31573e+15	4.68e-03	9.95e-01	4.07e-10
 2.40828e+15	4.91e-03	9.95e-01	4.78e-10
 2.52860e+15	5.21e-03	9.95e-01	5.88e-10
 2.66248e+15	5.54e-03	9.94e-01	7.38e-10
 2.78893e+15	5.86e-03	9.94e-01	9.11e-10
 2.92826e+15	6.22e-03	9.94e-01	1.15e-09
 3.07860e+15	6.62e-03	9.93e-01	1.46e-09
 3.21331e+15	6.97e-03	9.93e-01	1.80e-09
 3.35850e+15	7.39e-03	9.93e-01	2.25e-09
 3.51682e+15	7.83e-03	9.92e-01	2.82e-09
 3.65884e+15	8.23e-03	9.92e-01	3.38e-09
 3.78869e+15	8.62e-03	9.91e-01	3.98e-09
 3.93610e+15	9.07e-03	9.91e-01	4.74e-09
 4.09564e+15	9.58e-03	9.90e-01	5.66e-09
 4.21872e+15	9.98e-03	9.90e-01	6.48e-09
 4.30233e+15	1.03e-02	9.90e-01	7.09e-09
 4.38226e+15	1.05e-02	9.89e-01	7.63e-09
 4.48161e+15	1.09e-02	9.89e-01	8.29e-09
 4.60812e+15	1.14e-02	9.89e-01	9.08e-09
 4.75883e+15	1.19e-02	9.88e-01	1.02e-08
 4.90831e+15	1.25e-02	9.87e-01	1.12e-08
 5.03626e+15	1.31e-02	9.87e-01	1.24e-08
 5.15353e+15	1.36e-02	9.86e-01	1.31e-08
 5.28798e+15	1.43e-02	9.86e-01	1.37e-08
 5.43420e+15	1.50e-02	9.85e-01	1.45e-08
 5.56307e+15	1.57e-02	9.84e-01	1.51e-08
 5.67705e+15	1.64e-02	9.84e-01	1.55e-08
 5.80430e+15	1.72e-02	9.83e-01	1.54e-08
 5.94447e+15	1.82e-02	9.82e-01	1.53e-08
 6.07079e+15	1.92e-02	9.81e-01	1.51e-08
 6.18396e+15	2.02e-02	9.80e-01	1.48e-08
 6.31065e+15	2.14e-02	9.79e-01	1.37e-08
 6.45169e+15	2.29e-02	9.77e-01	1.27e-08
 6.58186e+15	2.45e-02	9.76e-01	1.19e-08
 6.70157e+15	2.62e-02	9.74e-01	1.09e-08
 6.82551e+15	2.81e-02	9.72e-01	1.00e-08
 6.96248e+15	3.06e-02	9.69e-01	9.14e-09
 7.10795e+15	3.37e-02	9.66e-01	8.46e-09
 7.27199e+15	3.79e-02	9.62e-01	7.79e-09
 7.44797e+15	4.36e-02	9.56e-01	7.59e-09
 7.60432e+15	5.01e-02	9.50e-01	7.79e-09
 7.73772e+15	5.68e-02	9.43e-01	8.13e-09
 7.88145e+15	6.48e-02	9.35e-01	8.36e-09
 8.03772e+15	7.64e-02	9.24e-01	9.06e-09
 8.17238e+15	8.98e-02	9.10e-01	1.01e-08
 8.28363e+15	1.03e-01	8.97e-01	1.12e-08
 8.38634e+15	1.18e-01	8.82e-01	1.23e-08
 8.49294e+15	1.36e-01	8.64e-01	1.37e-08
 8.60230e+15	1.60e-01	8.40e-01	1.56e-08
 8.70088e+15	1.87e-01	8.13e-01	1.79e-08
 8.77927e+15	2.14e-01	7.86e-01	2.05e-08
 8.84021e+15	2.38e-01	7.62e-01	2.28e-08
 8.89449e+15	2.61e-01	7.39e-01	2.49e-08
 8.95316e+15	2.87e-01	7.13e-01	2.73e-08
 9.02121e+15	3.20e-01	6.80e-01	3.04e-08
 9.08813e+15	3.59e-01	6.41e-01	3.46e-08
 9.14025e+15	3.93e-01	6.07e-01	3.86e-08
 9.17864e+15	4.18e-01	5.82e-01	4.18e-08
 9.21230e+15	4.40e-01	5.60e-01	4.46e-08
 9.24783e+15	4.63e-01	5.37e-01	4.75e-08
 9.28544e+15	4.88e-01	5.12e-01	5.10e-08
 9.32168e+15	5.13e-01	4.87e-01	5.44e-08
 9.35315e+15	5.35e-01	4.65e-01	5.79e-08
 9.37572e+15	5.51e-01	4.49e-01	6.05e-08
 9.39090e+15	5.61e-01	4.39e-01	6.26e-08
 9.40583e+15	5.71e-01	4.29e-01	6.41e-08
 9.42446e+15	5.83e-01	4.17e-01	6.60e-08
 9.44595e+15	5.97e-01	4.03e-01	6.84e-08
 9.46677e+15	6.11e-01	3.89e-01	7.12e-08
 9.48531e+15	6.22e-01	3.78e-01	7.31e-08
 9.50317e+15	6.34e-01	3.66e-01	7.55e-08
 9.52188e+15	6.45e-01	3.55e-01	7.73e-08
 9.54161e+15	6.57e-01	3.43e-01	7.98e-08
 9.56167e+15	6.69e-01	3.31e-01	8.25e-08
 9.58101e+15	6.80e-01	3.20e-01	8.49e-08
 9.59989e+15	6.91e-01	3.09e-01	8.73e-08
 9.61915e+15	7.01e-01	2.99e-01	8.96e-08
 9.63901e+15	7.12e-01	2.88e-01	9.21e-08
 9.65913e+15	7.22e-01	2.78e-01	9.46e-08
 9.67918e+15	7.32e-01	2.68e-01	9.72e-08
 9.69922e+15	7.42e-01	2.58e-01	1.00e-07
 9.71932e+15	7.52e-01	2.48e-01	1.02e-07
 9.73980e+15	7.61e-01	2.39e-01	1.05e-07
 9.76064e+15	7.70e-01	2.30e-01	1.08e-07
 9.78164e+15	7.79e-01	2.21e-01	1.11e-07
 9.80273e+15	7.88e-01	2.12e-01	1.13e-07
 9.82402e+15	7.96e-01	2.04e-01	1.16e-07
 9.84563e+15	8.04e-01	1.96e-01	1.19e-07
 9.86748e+15	8.12e-01	1.88e-01	1.22e-07
 9.88975e+15	8.20e-01	1.80e-01	1.25e-07
 9.91235e+15	8.27e-01	1.73e-01	1.28e-07
 9.93518e+15	8.34e-01	1.66e-01	1.32e-07
 9.95815e+15	8.41e-01	1.59e-01	1.35e-07
 9.98142e+15	8.48e-01	1.52e-01	1.38e-07
 1.00053e+16	8.54e-01	1.46e-01	1.42e-07
 1.00296e+16	8.60e-01	1.40e-01	1.45e-07
 1.00541e+16	8.66e-01	1.34e-01	1.49e-07
 1.00786e+16	8.72e-01	1.28e-01	1.53e-07
 1.01031e+16	8.77e-01	1.23e-01	1.57e-07
 1.01277e+16	8.82e-01	1.18e-01	1.61e-07
 1.01525e+16	8.87e-01	1.13e-01	1.66e-07
 1.01778e+16	8.92e-01	1.08e-01	1.70e-07
 1.02035e+16	8.97e-01	1.03e-01	1.75e-07
 1.02291e+16	9.01e-01	9.92e-02	1.80e-07
 1.02546e+16	9.05e-01	9.51e-02	1.85e-07
 1.02803e+16	9.09e-01	9.12e-02	1.92e-07
 1.03063e+16	9.12e-01	8.75e-02	1.96e-07
 1.03326e+16	9.16e-01	8.39e-02	2.03e-07
 1.03589e+16	9.20e-01	8.04e-02	2.10e-07
 1.03853e+16	9.23e-01	7.72e-02	2.17e-07
 1.04122e+16	9.26e-01	7.41e-02	2.24e-07
 1.04391e+16	9.29e-01	7.11e-02	2.32e-07
 1.04660e+16	9.32e-01	6.82e-02	2.40e-07
 1.04930e+16	9.34e-01	6.55e-02	2.49e-07
 1.05202e+16	9.37e-01	6.29e-02	2.60e-07
 1.05477e+16	9.40e-01	6.05e-02	2.68e-07
 1.05753e+16	9.42e-01	5.80e-02	2.81e-07
 1.06028e+16	9.44e-01	5.57e-02	2.93e-07
 1.06305e+16	9.46e-01	5.36e-02	3.06e-07
 1.06585e+16	9.49e-01	5.15e-02	3.20e-07
 1.06866e+16	9.51e-01	4.95e-02	3.35e-07
 1.07146e+16	9.52e-01	4.75e-02	3.52e-07
 1.07426e+16	9.54e-01	4.57e-02	3.72e-07
 1.07708e+16	9.56e-01	4.40e-02	3.92e-07
 1.07991e+16	9.58e-01	4.23e-02	4.14e-07
 1.08274e+16	9.59e-01	4.07e-02	4.41e-07
 1.08554e+16	9.61e-01	3.91e-02	4.73e-07
 1.08836e+16	9.62e-01	3.76e-02	5.06e-07
 1.09122e+16	9.64e-01	3.61e-02	5.50e-07
 1.09405e+16	9.65e-01	3.48e-02	5.97e-07
 1.09684e+16	9.67e-01	3.34e-02	6.54e-07
 1.09962e+16	9.68e-01	3.22e-02	7.23e-07
 1.10239e+16	9.69e-01	3.09e-02	8.08e-07
 1.10507e+16	9.70e-01	2.97e-02	9.18e-07
 1.10746e+16	9.71e-01	2.87e-02	1.05e-06
 1.10939e+16	9.72e-01	2.79e-02	1.20e-06
 1.11091e+16	9.73e-01	2.74e-02	1.33e-06
 1.11229e+16	9.73e-01	2.69e-02	1.47e-06
 1.11374e+16	9.74e-01	2.64e-02	1.63e-06
 1.11527e+16	9.74e-01	2.58e-02	1.83e-06
 1.11671e+16	9.75e-01	2.52e-02	2.09e-06
 1.11794e+16	9.75e-01	2.48e-02	2.38e-06
 1.11895e+16	9.76e-01	2.44e-02	2.67e-06
 1.11983e+16	9.76e-01	2.41e-02	2.94e-06
 1.12071e+16	9.76e-01	2.38e-02	3.24e-06
 1.12167e+16	9.77e-01	2.35e-02	3.67e-06
 1.12259e+16	9.77e-01	2.30e-02	4.11e-06
 1.12341e+16	9.77e-01	2.27e-02	4.60e-06
 1.12418e+16	9.78e-01	2.24e-02	5.12e-06
 1.12491e+16	9.78e-01	2.21e-02	5.69e-06
 1.12564e+16	9.78e-01	2.18e-02	6.37e-06
 1.12635e+16	9.78e-01	2.16e-02	7.08e-06
 1.12703e+16	9.79e-01	2.13e-02	7.82e-06
 1.12774e+16	9.79e-01	2.10e-02	8.60e-06
 1.12850e+16	9.79e-01	2.07e-02	9.59e-06
 1.12928e+16	9.80e-01	2.04e-02	1.05e-05
 1.13009e+16	9.80e-01	2.00e-02	1.16e-05
 1.13100e+16	9.80e-01	1.96e-02	1.27e-05
 1.13192e+16	9.81e-01	1.92e-02	1.37e-05
 1.13276e+16	9.81e-01	1.88e-02	1.44e-05
 1.13353e+16	9.82e-01	1.84e-02	1.49e-05
 1.13422e+16	9.82e-01	1.80e-02	1.52e-05
 1.13486e+16	9.82e-01	1.77e-02	1.54e-05
 1.13544e+16	9.83e-01	1.75e-02	1.56e-05
 1.13596e+16	9.83e-01	1.72e-02	1.57e-05
 1.13644e+16	9.83e-01	1.70e-02	1.57e-05
 1.13687e+16	9.83e-01	1.68e-02	1.58e-05
 1.13727e+16	9.83e-01	1.66e-02	1.59e-05
 1.13763e+16	9.84e-01	1.64e-02	1.59e-05
 1.13802e+16	9.84e-01	1.62e-02	1.60e-05
 1.13854e+16	9.84e-01	1.60e-02	1.60e-05
 1.13909e+16	9.84e-01	1.58e-02	1.61e-05
 1.13959e+16	9.84e-01	1.55e-02	1.62e-05
 1.14005e+16	9.85e-01	1.53e-02	1.62e-05
 1.14047e+16	9.85e-01	1.51e-02	1.63e-05
 1.14093e+16	9.85e-01	1.50e-02	1.63e-05
 1.14152e+16	9.85e-01	1.47e-02	1.64e-05
 1.14216e+16	9.85e-01	1.45e-02	1.65e-05
 1.14275e+16	9.86e-01	1.42e-02	1.66e-05
 1.14328e+16	9.86e-01	1.40e-02	1.67e-05
 1.14376e+16	9.86e-01	1.39e-02	1.68e-05
 1.14420e+16	9.86e-01	1.37e-02	1.70e-05
 1.14460e+16	9.86e-01	1.35e-02	1.71e-05
 1.14504e+16	9.87e-01	1.34e-02	1.72e-05
 1.14551e+16	9.87e-01	1.32e-02	1.73e-05
 1.14594e+16	9.87e-01	1.30e-02	1.75e-05
 1.14634e+16	9.87e-01	1.29e-02	1.76e-05
 1.14669e+16	9.87e-01	1.27e-02	1.77e-05
 1.14702e+16	9.87e-01	1.26e-02	1.79e-05
 1.14737e+16	9.88e-01	1.25e-02	1.80e-05
 1.14784e+16	9.88e-01	1.23e-02	1.83e-05
 1.14834e+16	9.88e-01	1.21e-02	1.86e-05
 1.14879e+16	9.88e-01	1.19e-02	1.88e-05
 1.14920e+16	9.88e-01	1.17e-02	1.91e-05
 1.14958e+16	9.88e-01	1.16e-02	1.93e-05
 1.14992e+16	9.89e-01	1.14e-02	1.95e-05
 1.15024e+16	9.89e-01	1.13e-02	1.97e-05
 1.15058e+16	9.89e-01	1.12e-02	1.99e-05
 1.15095e+16	9.89e-01	1.11e-02	2.02e-05
 1.15128e+16	9.89e-01	1.09e-02	2.04e-05
 1.15159e+16	9.89e-01	1.08e-02	2.06e-05
 1.15192e+16	9.89e-01	1.07e-02	2.09e-05
 1.15236e+16	9.89e-01	1.05e-02	2.12e-05
 1.15283e+16	9.90e-01	1.04e-02	2.15e-05
 1.15325e+16	9.90e-01	1.02e-02	2.19e-05
 1.15364e+16	9.90e-01	1.01e-02	2.21e-05
 1.15407e+16	9.90e-01	1.00e-02	2.23e-05
 1.15462e+16	9.90e-01	9.85e-03	2.26e-05
