#depth	O	O+	O+2	O+3	O+4	O+5	O+6	O+7	O+8	O[1]	O[2]	O[3]
 5.74861e+11	8.59e-06	2.76e-03	3.03e-01	6.76e-01	1.76e-02	3.64e-07	0.00e+00	0.00e+00	0.00e+00	6.57e-06	1.29e-06	7.42e-07
 3.44917e+12	8.67e-06	2.78e-03	3.05e-01	6.75e-01	1.74e-02	3.58e-07	0.00e+00	0.00e+00	0.00e+00	6.62e-06	1.30e-06	7.49e-07
 1.49464e+13	8.83e-06	2.84e-03	3.08e-01	6.72e-01	1.70e-02	3.44e-07	0.00e+00	0.00e+00	0.00e+00	6.75e-06	1.32e-06	7.63e-07
 6.09353e+13	9.48e-06	3.07e-03	3.23e-01	6.58e-01	1.53e-02	2.93e-07	0.00e+00	0.00e+00	0.00e+00	7.25e-06	1.41e-06	8.17e-07
 1.39719e+14	9.93e-06	3.34e-03	3.44e-01	6.39e-01	1.32e-02	2.34e-07	0.00e+00	0.00e+00	0.00e+00	7.60e-06	1.48e-06	8.54e-07
 2.18053e+14	1.04e-05	3.62e-03	3.66e-01	6.19e-01	1.13e-02	1.87e-07	0.00e+00	0.00e+00	0.00e+00	7.98e-06	1.54e-06	8.90e-07
 2.89392e+14	1.10e-05	3.93e-03	3.88e-01	5.99e-01	9.79e-03	1.51e-07	0.00e+00	0.00e+00	0.00e+00	8.47e-06	1.63e-06	9.37e-07
 3.62686e+14	1.19e-05	4.31e-03	4.13e-01	5.75e-01	8.36e-03	0.00e+00	0.00e+00	0.00e+00	0.00e+00	9.11e-06	1.74e-06	9.99e-07
 4.43236e+14	1.29e-05	4.77e-03	4.42e-01	5.46e-01	6.98e-03	0.00e+00	0.00e+00	0.00e+00	0.00e+00	9.93e-06	1.88e-06	1.08e-06
 5.31515e+14	1.42e-05	5.34e-03	4.76e-01	5.13e-01	5.68e-03	0.00e+00	0.00e+00	0.00e+00	0.00e+00	1.10e-05	2.06e-06	1.18e-06
 6.26818e+14	1.59e-05	6.02e-03	5.15e-01	4.74e-01	4.51e-03	0.00e+00	0.00e+00	0.00e+00	0.00e+00	1.23e-05	2.29e-06	1.31e-06
 7.40159e+14	1.84e-05	6.97e-03	5.65e-01	4.24e-01	3.35e-03	0.00e+00	0.00e+00	0.00e+00	0.00e+00	1.43e-05	2.63e-06	1.50e-06
 8.55222e+14	2.09e-05	7.90e-03	6.14e-01	3.76e-01	2.49e-03	0.00e+00	0.00e+00	0.00e+00	0.00e+00	1.62e-05	2.98e-06	1.70e-06
 9.51582e+14	2.35e-05	8.78e-03	6.55e-01	3.34e-01	1.90e-03	0.00e+00	0.00e+00	0.00e+00	0.00e+00	1.83e-05	3.34e-06	1.90e-06
 1.05591e+15	2.71e-05	9.89e-03	7.01e-01	2.88e-01	1.38e-03	0.00e+00	0.00e+00	0.00e+00	0.00e+00	2.10e-05	3.84e-06	2.18e-06
 1.16788e+15	3.10e-05	1.11e-02	7.45e-01	2.43e-01	9.75e-04	0.00e+00	0.00e+00	0.00e+00	0.00e+00	2.41e-05	4.39e-06	2.49e-06
 1.27007e+15	3.52e-05	1.22e-02	7.83e-01	2.04e-01	6.96e-04	0.00e+00	0.00e+00	0.00e+00	0.00e+00	2.74e-05	4.97e-06	2.82e-06
 1.38322e+15	4.10e-05	1.37e-02	8.22e-01	1.64e-01	4.61e-04	0.00e+00	0.00e+00	0.00e+00	0.00e+00	3.19e-05	5.78e-06	3.28e-06
 1.50600e+15	4.75e-05	1.52e-02	8.56e-01	1.29e-01	2.95e-04	0.00e+00	0.00e+00	0.00e+00	0.00e+00	3.70e-05	6.68e-06	3.78e-06
 1.62222e+15	5.50e-05	1.68e-02	8.83e-01	1.00e-01	1.88e-04	0.00e+00	0.00e+00	0.00e+00	0.00e+00	4.29e-05	7.71e-06	4.36e-06
 1.75422e+15	6.51e-05	1.88e-02	9.07e-01	7.39e-02	1.09e-04	0.00e+00	0.00e+00	0.00e+00	0.00e+00	5.08e-05	9.10e-06	5.13e-06
 1.90282e+15	7.78e-05	2.11e-02	9.27e-01	5.21e-02	5.91e-05	0.00e+00	0.00e+00	0.00e+00	0.00e+00	6.09e-05	1.08e-05	6.10e-06
 2.07299e+15	9.55e-05	2.41e-02	9.42e-01	3.41e-02	2.83e-05	0.00e+00	0.00e+00	0.00e+00	0.00e+00	7.49e-05	1.32e-05	7.42e-06
 2.22233e+15	1.12e-04	2.67e-02	9.49e-01	2.41e-02	1.55e-05	0.00e+00	0.00e+00	0.00e+00	0.00e+00	8.83e-05	1.55e-05	8.67e-06
 2.31573e+15	1.25e-04	2.85e-02	9.52e-01	1.92e-02	1.05e-05	0.00e+00	0.00e+00	0.00e+00	0.00e+00	9.81e-05	1.71e-05	9.57e-06
 2.40828e+15	1.39e-04	3.05e-02	9.54e-01	1.52e-02	7.00e-06	0.00e+00	0.00e+00	0.00e+00	0.00e+00	1.09e-04	1.90e-05	1.06e-05
 2.52860e+15	1.60e-04	3.32e-02	9.55e-01	1.12e-02	4.12e-06	0.00e+00	0.00e+00	0.00e+00	0.00e+00	1.26e-04	2.17e-05	1.21e-05
 2.66248e+15	1.85e-04	3.64e-02	9.55e-01	8.04e-03	2.34e-06	0.00e+00	0.00e+00	0.00e+00	0.00e+00	1.46e-04	2.50e-05	1.39e-05
 2.78893e+15	2.13e-04	3.97e-02	9.54e-01	5.92e-03	1.38e-06	0.00e+00	0.00e+00	0.00e+00	0.00e+00	1.68e-04	2.87e-05	1.59e-05
 2.92826e+15	2.49e-04	4.36e-02	9.52e-01	4.19e-03	7.62e-07	0.00e+00	0.00e+00	0.00e+00	0.00e+00	1.97e-04	3.33e-05	1.84e-05
 3.07860e+15	2.93e-04	4.82e-02	9.49e-01	2.94e-03	4.15e-07	0.00e+00	0.00e+00	0.00e+00	0.00e+00	2.33e-04	3.90e-05	2.15e-05
 3.21331e+15	3.40e-04	5.28e-02	9.45e-01	2.15e-03	2.43e-07	0.00e+00	0.00e+00	0.00e+00	0.00e+00	2.70e-04	4.50e-05	2.47e-05
 3.35850e+15	3.99e-04	5.82e-02	9.40e-01	1.53e-03	1.34e-07	0.00e+00	0.00e+00	0.00e+00	0.00e+00	3.17e-04	5.25e-05	2.88e-05
 3.51682e+15	4.73e-04	6.47e-02	9.34e-01	1.07e-03	0.00e+00	0.00e+00	0.00e+00	0.00e+00	0.00e+00	3.77e-04	6.20e-05	3.39e-05
 3.65884e+15	5.51e-04	7.10e-02	9.28e-01	7.85e-04	0.00e+00	0.00e+00	0.00e+00	0.00e+00	0.00e+00	4.40e-04	7.19e-05	3.92e-05
 3.78869e+15	6.34e-04	7.75e-02	9.21e-01	5.92e-04	0.00e+00	0.00e+00	0.00e+00	0.00e+00	0.00e+00	5.07e-04	8.24e-05	4.49e-05
 3.93610e+15	7.44e-04	8.55e-02	9.13e-01	4.28e-04	0.00e+00	0.00e+00	0.00e+00	0.00e+00	0.00e+00	5.95e-04	9.62e-05	5.23e-05
 4.09564e+15	8.84e-04	9.51e-02	9.04e-01	3.07e-04	0.00e+00	0.00e+00	0.00e+00	0.00e+00	0.00e+00	7.08e-04	1.14e-04	6.17e-05
 4.21872e+15	1.01e-03	1.03e-01	8.95e-01	2.42e-04	0.00e+00	0.00e+00	0.00e+00	0.00e+00	0.00e+00	8.11e-04	1.30e-04	7.02e-05
 4.30233e+15	1.11e-03	1.09e-01	8.89e-01	2.05e-04	0.00e+00	0.00e+00	0.00e+00	0.00e+00	0.00e+00	8.89e-04	1.42e-04	7.67e-05
 4.38226e+15	1.21e-03	1.16e-01	8.83e-01	1.74e-04	0.00e+00	0.00e+00	0.00e+00	0.00e+00	0.00e+00	9.71e-04	1.55e-04	8.35e-05
 4.48161e+15	1.35e-03	1.24e-01	8.75e-01	1.41e-04	0.00e+00	0.00e+00	0.00e+00	0.00e+00	0.00e+00	1.08e-03	1.72e-04	9.28e-05
 4.60812e+15	1.55e-03	1.35e-01	8.64e-01	1.10e-04	0.00e+00	0.00e+00	0.00e+00	0.00e+00	0.00e+00	1.25e-03	1.97e-04	1.06e-04
 4.75883e+15	1.83e-03	1.49e-01	8.49e-01	8.16e-05	0.00e+00	0.00e+00	0.00e+00	0.00e+00	0.00e+00	1.47e-03	2.32e-04	1.25e-04
 4.90831e+15	2.16e-03	1.66e-01	8.32e-01	6.16e-05	0.00e+00	0.00e+00	0.00e+00	0.00e+00	0.00e+00	1.74e-03	2.73e-04	1.47e-04
 5.03626e+15	2.50e-03	1.81e-01	8.16e-01	4.86e-05	0.00e+00	0.00e+00	0.00e+00	0.00e+00	0.00e+00	2.01e-03	3.15e-04	1.69e-04
 5.15353e+15	2.85e-03	1.96e-01	8.01e-01	3.91e-05	0.00e+00	0.00e+00	0.00e+00	0.00e+00	0.00e+00	2.29e-03	3.59e-04	1.93e-04
 5.28798e+15	3.31e-03	2.15e-01	7.81e-01	3.03e-05	0.00e+00	0.00e+00	0.00e+00	0.00e+00	0.00e+00	2.67e-03	4.18e-04	2.24e-04
 5.43420e+15	3.91e-03	2.38e-01	7.58e-01	2.32e-05	0.00e+00	0.00e+00	0.00e+00	0.00e+00	0.00e+00	3.15e-03	4.93e-04	2.64e-04
 5.56307e+15	4.54e-03	2.61e-01	7.34e-01	1.84e-05	0.00e+00	0.00e+00	0.00e+00	0.00e+00	0.00e+00	3.66e-03	5.73e-04	3.07e-04
 5.67705e+15	5.19e-03	2.83e-01	7.12e-01	1.49e-05	0.00e+00	0.00e+00	0.00e+00	0.00e+00	0.00e+00	4.18e-03	6.54e-04	3.51e-04
 5.80430e+15	6.00e-03	3.09e-01	6.85e-01	1.18e-05	0.00e+00	0.00e+00	0.00e+00	0.00e+00	0.00e+00	4.84e-03	7.58e-04	4.07e-04
 5.94447e+15	7.07e-03	3.40e-01	6.53e-01	9.07e-06	0.00e+00	0.00e+00	0.00e+00	0.00e+00	0.00e+00	5.70e-03	8.95e-04	4.81e-04
 6.07079e+15	8.23e-03	3.70e-01	6.21e-01	7.17e-06	0.00e+00	0.00e+00	0.00e+00	0.00e+00	0.00e+00	6.62e-03	1.04e-03	5.61e-04
 6.18396e+15	9.43e-03	4.00e-01	5.91e-01	5.76e-06	0.00e+00	0.00e+00	0.00e+00	0.00e+00	0.00e+00	7.59e-03	1.20e-03	6.44e-04
 6.31065e+15	1.09e-02	4.34e-01	5.55e-01	4.48e-06	0.00e+00	0.00e+00	0.00e+00	0.00e+00	0.00e+00	8.79e-03	1.39e-03	7.51e-04
 6.45169e+15	1.30e-02	4.75e-01	5.12e-01	3.37e-06	0.00e+00	0.00e+00	0.00e+00	0.00e+00	0.00e+00	1.04e-02	1.65e-03	8.95e-04
 6.58186e+15	1.52e-02	5.15e-01	4.70e-01	2.56e-06	0.00e+00	0.00e+00	0.00e+00	0.00e+00	0.00e+00	1.22e-02	1.95e-03	1.06e-03
 6.70157e+15	1.76e-02	5.52e-01	4.30e-01	1.97e-06	0.00e+00	0.00e+00	0.00e+00	0.00e+00	0.00e+00	1.41e-02	2.26e-03	1.23e-03
 6.82551e+15	2.04e-02	5.92e-01	3.88e-01	1.48e-06	0.00e+00	0.00e+00	0.00e+00	0.00e+00	0.00e+00	1.64e-02	2.63e-03	1.43e-03
 6.96248e+15	2.41e-02	6.35e-01	3.41e-01	1.06e-06	0.00e+00	0.00e+00	0.00e+00	0.00e+00	0.00e+00	1.93e-02	3.11e-03	1.70e-03
 7.10795e+15	2.87e-02	6.79e-01	2.92e-01	7.33e-07	0.00e+00	0.00e+00	0.00e+00	0.00e+00	0.00e+00	2.29e-02	3.73e-03	2.05e-03
 7.27199e+15	3.48e-02	7.25e-01	2.40e-01	4.70e-07	0.00e+00	0.00e+00	0.00e+00	0.00e+00	0.00e+00	2.78e-02	4.54e-03	2.50e-03
 7.44797e+15	4.30e-02	7.68e-01	1.89e-01	2.83e-07	0.00e+00	0.00e+00	0.00e+00	0.00e+00	0.00e+00	3.42e-02	5.62e-03	3.11e-03
 7.60432e+15	5.20e-02	8.00e-01	1.48e-01	1.74e-07	0.00e+00	0.00e+00	0.00e+00	0.00e+00	0.00e+00	4.14e-02	6.83e-03	3.79e-03
 7.73772e+15	6.13e-02	8.21e-01	1.18e-01	0.00e+00	0.00e+00	0.00e+00	0.00e+00	0.00e+00	0.00e+00	4.87e-02	8.06e-03	4.49e-03
 7.88145e+15	7.21e-02	8.36e-01	9.16e-02	0.00e+00	0.00e+00	0.00e+00	0.00e+00	0.00e+00	0.00e+00	5.72e-02	9.49e-03	5.32e-03
 8.03772e+15	8.73e-02	8.45e-01	6.74e-02	0.00e+00	0.00e+00	0.00e+00	0.00e+00	0.00e+00	0.00e+00	6.93e-02	1.15e-02	6.48e-03
 8.17238e+15	1.04e-01	8.45e-01	5.02e-02	0.00e+00	0.00e+00	0.00e+00	0.00e+00	0.00e+00	0.00e+00	8.28e-02	1.38e-02	7.79e-03
 8.28363e+15	1.21e-01	8.40e-01	3.86e-02	0.00e+00	0.00e+00	0.00e+00	0.00e+00	0.00e+00	0.00e+00	9.64e-02	1.60e-02	9.10e-03
 8.38634e+15	1.40e-01	8.30e-01	2.99e-02	0.00e+00	0.00e+00	0.00e+00	0.00e+00	0.00e+00	0.00e+00	1.11e-01	1.84e-02	1.05e-02
 8.49294e+15	1.62e-01	8.16e-01	2.27e-02	0.00e+00	0.00e+00	0.00e+00	0.00e+00	0.00e+00	0.00e+00	1.28e-01	2.12e-02	1.22e-02
 8.60230e+15	1.90e-01	7.93e-01	1.66e-02	0.00e+00	0.00e+00	0.00e+00	0.00e+00	0.00e+00	0.00e+00	1.51e-01	2.47e-02	1.43e-02
 8.70088e+15	2.22e-01	7.66e-01	1.22e-02	0.00e+00	0.00e+00	0.00e+00	0.00e+00	0.00e+00	0.00e+00	1.77e-01	2.87e-02	1.67e-02
 8.77927e+15	2.54e-01	7.37e-01	9.33e-03	0.00e+00	0.00e+00	0.00e+00	0.00e+00	0.00e+00	0.00e+00	2.02e-01	3.23e-02	1.90e-02
 8.84021e+15	2.81e-01	7.12e-01	7.49e-03	0.00e+00	0.00e+00	0.00e+00	0.00e+00	0.00e+00	0.00e+00	2.24e-01	3.55e-02	2.10e-02
 8.89449e+15	3.06e-01	6.87e-01	6.15e-03	0.00e+00	0.00e+00	0.00e+00	0.00e+00	0.00e+00	0.00e+00	2.45e-01	3.82e-02	2.28e-02
 8.95316e+15	3.35e-01	6.60e-01	4.96e-03	0.00e+00	0.00e+00	0.00e+00	0.00e+00	0.00e+00	0.00e+00	2.69e-01	4.13e-02	2.48e-02
 9.02121e+15	3.71e-01	6.25e-01	3.82e-03	0.00e+00	0.00e+00	0.00e+00	0.00e+00	0.00e+00	0.00e+00	2.99e-01	4.49e-02	2.72e-02
 9.08813e+15	4.13e-01	5.84e-01	2.89e-03	0.00e+00	0.00e+00	0.00e+00	0.00e+00	0.00e+00	0.00e+00	3.34e-01	4.87e-02	2.99e-02
 9.14025e+15	4.48e-01	5.49e-01	2.30e-03	0.00e+00	0.00e+00	0.00e+00	0.00e+00	0.00e+00	0.00e+00	3.65e-01	5.16e-02	3.20e-02
 9.17864e+15	4.75e-01	5.23e-01	1.93e-03	0.00e+00	0.00e+00	0.00e+00	0.00e+00	0.00e+00	0.00e+00	3.88e-01	5.36e-02	3.35e-02
 9.21230e+15	4.97e-01	5.01e-01	1.67e-03	0.00e+00	0.00e+00	0.00e+00	0.00e+00	0.00e+00	0.00e+00	4.07e-01	5.52e-02	3.47e-02
 9.24783e+15	5.20e-01	4.78e-01	1.42e-03	0.00e+00	0.00e+00	0.00e+00	0.00e+00	0.00e+00	0.00e+00	4.28e-01	5.67e-02	3.59e-02
 9.28544e+15	5.46e-01	4.53e-01	1.20e-03	0.00e+00	0.00e+00	0.00e+00	0.00e+00	0.00e+00	0.00e+00	4.51e-01	5.82e-02	3.72e-02
 9.32168e+15	5.70e-01	4.29e-01	1.02e-03	0.00e+00	0.00e+00	0.00e+00	0.00e+00	0.00e+00	0.00e+00	4.72e-01	5.95e-02	3.83e-02
 9.35315e+15	5.92e-01	4.07e-01	8.75e-04	0.00e+00	0.00e+00	0.00e+00	0.00e+00	0.00e+00	0.00e+00	4.92e-01	6.04e-02	3.92e-02
 9.37572e+15	6.07e-01	3.92e-01	7.86e-04	0.00e+00	0.00e+00	0.00e+00	0.00e+00	0.00e+00	0.00e+00	5.06e-01	6.10e-02	3.98e-02
 9.39090e+15	6.17e-01	3.82e-01	7.31e-04	0.00e+00	0.00e+00	0.00e+00	0.00e+00	0.00e+00	0.00e+00	5.16e-01	6.13e-02	4.02e-02
 9.40583e+15	6.27e-01	3.73e-01	6.82e-04	0.00e+00	0.00e+00	0.00e+00	0.00e+00	0.00e+00	0.00e+00	5.25e-01	6.16e-02	4.05e-02
 9.42446e+15	6.38e-01	3.61e-01	6.26e-04	0.00e+00	0.00e+00	0.00e+00	0.00e+00	0.00e+00	0.00e+00	5.35e-01	6.19e-02	4.09e-02
 9.44595e+15	6.51e-01	3.48e-01	5.65e-04	0.00e+00	0.00e+00	0.00e+00	0.00e+00	0.00e+00	0.00e+00	5.48e-01	6.22e-02	4.13e-02
 9.46677e+15	6.64e-01	3.35e-01	5.11e-04	0.00e+00	0.00e+00	0.00e+00	0.00e+00	0.00e+00	0.00e+00	5.60e-01	6.25e-02	4.16e-02
 9.48531e+15	6.75e-01	3.24e-01	4.68e-04	0.00e+00	0.00e+00	0.00e+00	0.00e+00	0.00e+00	0.00e+00	5.71e-01	6.26e-02	4.19e-02
 9.50317e+15	6.86e-01	3.14e-01	4.30e-04	0.00e+00	0.00e+00	0.00e+00	0.00e+00	0.00e+00	0.00e+00	5.81e-01	6.27e-02	4.22e-02
 9.52188e+15	6.96e-01	3.03e-01	3.93e-04	0.00e+00	0.00e+00	0.00e+00	0.00e+00	0.00e+00	0.00e+00	5.91e-01	6.28e-02	4.24e-02
 9.54161e+15	7.07e-01	2.92e-01	3.58e-04	0.00e+00	0.00e+00	0.00e+00	0.00e+00	0.00e+00	0.00e+00	6.02e-01	6.28e-02	4.26e-02
 9.56167e+15	7.18e-01	2.81e-01	3.25e-04	0.00e+00	0.00e+00	0.00e+00	0.00e+00	0.00e+00	0.00e+00	6.13e-01	6.28e-02	4.28e-02
 9.58101e+15	7.29e-01	2.71e-01	2.96e-04	0.00e+00	0.00e+00	0.00e+00	0.00e+00	0.00e+00	0.00e+00	6.23e-01	6.27e-02	4.29e-02
 9.59989e+15	7.38e-01	2.61e-01	2.71e-04	0.00e+00	0.00e+00	0.00e+00	0.00e+00	0.00e+00	0.00e+00	6.33e-01	6.26e-02	4.30e-02
 9.61915e+15	7.48e-01	2.52e-01	2.47e-04	0.00e+00	0.00e+00	0.00e+00	0.00e+00	0.00e+00	0.00e+00	6.42e-01	6.24e-02	4.31e-02
 9.63901e+15	7.57e-01	2.42e-01	2.24e-04	0.00e+00	0.00e+00	0.00e+00	0.00e+00	0.00e+00	0.00e+00	6.52e-01	6.22e-02	4.31e-02
 9.65913e+15	7.67e-01	2.33e-01	2.04e-04	0.00e+00	0.00e+00	0.00e+00	0.00e+00	0.00e+00	0.00e+00	6.62e-01	6.19e-02	4.31e-02
 9.67918e+15	7.76e-01	2.24e-01	1.85e-04	0.00e+00	0.00e+00	0.00e+00	0.00e+00	0.00e+00	0.00e+00	6.71e-01	6.16e-02	4.31e-02
 9.69922e+15	7.85e-01	2.15e-01	1.68e-04	0.00e+00	0.00e+00	0.00e+00	0.00e+00	0.00e+00	0.00e+00	6.80e-01	6.13e-02	4.31e-02
 9.71932e+15	7.93e-01	2.07e-01	1.53e-04	0.00e+00	0.00e+00	0.00e+00	0.00e+00	0.00e+00	0.00e+00	6.89e-01	6.10e-02	4.30e-02
 9.73980e+15	8.01e-01	1.99e-01	1.39e-04	0.00e+00	0.00e+00	0.00e+00	0.00e+00	0.00e+00	0.00e+00	6.98e-01	6.06e-02	4.29e-02
 9.76064e+15	8.09e-01	1.91e-01	1.26e-04	0.00e+00	0.00e+00	0.00e+00	0.00e+00	0.00e+00	0.00e+00	7.06e-01	6.02e-02	4.28e-02
 9.78164e+15	8.17e-01	1.83e-01	1.14e-04	0.00e+00	0.00e+00	0.00e+00	0.00e+00	0.00e+00	0.00e+00	7.15e-01	5.98e-02	4.26e-02
 9.80273e+15	8.24e-01	1.76e-01	1.03e-04	0.00e+00	0.00e+00	0.00e+00	0.00e+00	0.00e+00	0.00e+00	7.22e-01	5.94e-02	4.25e-02
 9.82402e+15	8.32e-01	1.68e-01	9.33e-05	0.00e+00	0.00e+00	0.00e+00	0.00e+00	0.00e+00	0.00e+00	7.30e-01	5.89e-02	4.23e-02
 9.84563e+15	8.39e-01	1.61e-01	8.44e-05	0.00e+00	0.00e+00	0.00e+00	0.00e+00	0.00e+00	0.00e+00	7.38e-01	5.84e-02	4.21e-02
 9.86748e+15	8.45e-01	1.55e-01	7.62e-05	0.00e+00	0.00e+00	0.00e+00	0.00e+00	0.00e+00	0.00e+00	7.45e-01	5.79e-02	4.19e-02
 9.88975e+15	8.52e-01	1.48e-01	6.88e-05	0.00e+00	0.00e+00	0.00e+00	0.00e+00	0.00e+00	0.00e+00	7.53e-01	5.74e-02	4.17e-02
 9.91235e+15	8.58e-01	1.42e-01	6.20e-05	0.00e+00	0.00e+00	0.00e+00	0.00e+00	0.00e+00	0.00e+00	7.60e-01	5.69e-02	4.15e-02
 9.93518e+15	8.64e-01	1.36e-01	5.58e-05	0.00e+00	0.00e+00	0.00e+00	0.00e+00	0.00e+00	0.00e+00	7.67e-01	5.64e-02	4.12e-02
 9.95815e+15	8.70e-01	1.30e-01	5.03e-05	0.00e+00	0.00e+00	0.00e+00	0.00e+00	0.00e+00	0.00e+00	7.73e-01	5.59e-02	4.10e-02
 9.98142e+15	8.76e-01	1.24e-01	4.52e-05	0.00e+00	0.00e+00	0.00e+00	0.00e+00	0.00e+00	0.00e+00	7.80e-01	5.53e-02	4.07e-02
 1.00053e+16	8.81e-01	1.19e-01	4.06e-05	0.00e+00	0.00e+00	0.00e+00	0.00e+00	0.00e+00	0.00e+00	7.86e-01	5.48e-02	4.05e-02
 1.00296e+16	8.86e-01	1.14e-01	3.64e-05	0.00e+00	0.00e+00	0.00e+00	0.00e+00	0.00e+00	0.00e+00	7.92e-01	5.43e-02	4.02e-02
 1.00541e+16	8.91e-01	1.09e-01	3.27e-05	0.00e+00	0.00e+00	0.00e+00	0.00e+00	0.00e+00	0.00e+00	7.98e-01	5.38e-02	3.99e-02
 1.00786e+16	8.96e-01	1.04e-01	2.93e-05	0.00e+00	0.00e+00	0.00e+00	0.00e+00	0.00e+00	0.00e+00	8.03e-01	5.32e-02	3.96e-02
 1.01031e+16	9.00e-01	9.95e-02	2.63e-05	0.00e+00	0.00e+00	0.00e+00	0.00e+00	0.00e+00	0.00e+00	8.08e-01	5.27e-02	3.93e-02
 1.01277e+16	9.05e-01	9.52e-02	2.36e-05	0.00e+00	0.00e+00	0.00e+00	0.00e+00	0.00e+00	0.00e+00	8.13e-01	5.22e-02	3.91e-02
 1.01525e+16	9.09e-01	9.11e-02	2.12e-05	0.00e+00	0.00e+00	0.00e+00	0.00e+00	0.00e+00	0.00e+00	8.18e-01	5.17e-02	3.88e-02
 1.01778e+16	9.13e-01	8.72e-02	1.90e-05	0.00e+00	0.00e+00	0.00e+00	0.00e+00	0.00e+00	0.00e+00	8.23e-01	5.12e-02	3.85e-02
 1.02035e+16	9.17e-01	8.35e-02	1.70e-05	0.00e+00	0.00e+00	0.00e+00	0.00e+00	0.00e+00	0.00e+00	8.28e-01	5.07e-02	3.82e-02
 1.02291e+16	9.20e-01	7.99e-02	1.52e-05	0.00e+00	0.00e+00	0.00e+00	0.00e+00	0.00e+00	0.00e+00	8.32e-01	5.03e-02	3.80e-02
 1.02546e+16	9.23e-01	7.65e-02	1.36e-05	0.00e+00	0.00e+00	0.00e+00	0.00e+00	0.00e+00	0.00e+00	8.36e-01	4.98e-02	3.77e-02
 1.02803e+16	9.27e-01	7.33e-02	1.22e-05	0.00e+00	0.00e+00	0.00e+00	0.00e+00	0.00e+00	0.00e+00	8.40e-01	4.94e-02	3.74e-02
 1.03063e+16	9.30e-01	7.03e-02	1.10e-05	0.00e+00	0.00e+00	0.00e+00	0.00e+00	0.00e+00	0.00e+00	8.44e-01	4.90e-02	3.72e-02
 1.03326e+16	9.33e-01	6.73e-02	9.82e-06	0.00e+00	0.00e+00	0.00e+00	0.00e+00	0.00e+00	0.00e+00	8.47e-01	4.85e-02	3.69e-02
 1.03589e+16	9.35e-01	6.45e-02	8.79e-06	0.00e+00	0.00e+00	0.00e+00	0.00e+00	0.00e+00	0.00e+00	8.51e-01	4.81e-02	3.67e-02
 1.03853e+16	9.38e-01	6.19e-02	7.88e-06	0.00e+00	0.00e+00	0.00e+00	0.00e+00	0.00e+00	0.00e+00	8.54e-01	4.77e-02	3.64e-02
 1.04122e+16	9.41e-01	5.93e-02	7.05e-06	0.00e+00	0.00e+00	0.00e+00	0.00e+00	0.00e+00	0.00e+00	8.57e-01	4.73e-02	3.62e-02
 1.04391e+16	9.43e-01	5.68e-02	6.31e-06	0.00e+00	0.00e+00	0.00e+00	0.00e+00	0.00e+00	0.00e+00	8.60e-01	4.70e-02	3.60e-02
 1.04660e+16	9.45e-01	5.45e-02	5.65e-06	0.00e+00	0.00e+00	0.00e+00	0.00e+00	0.00e+00	0.00e+00	8.63e-01	4.66e-02	3.57e-02
 1.04930e+16	9.48e-01	5.23e-02	5.06e-06	0.00e+00	0.00e+00	0.00e+00	0.00e+00	0.00e+00	0.00e+00	8.66e-01	4.63e-02	3.55e-02
 1.05202e+16	9.50e-01	5.02e-02	4.53e-06	0.00e+00	0.00e+00	0.00e+00	0.00e+00	0.00e+00	0.00e+00	8.69e-01	4.59e-02	3.53e-02
 1.05477e+16	9.52e-01	4.82e-02	4.05e-06	0.00e+00	0.00e+00	0.00e+00	0.00e+00	0.00e+00	0.00e+00	8.71e-01	4.56e-02	3.51e-02
 1.05753e+16	9.54e-01	4.62e-02	3.63e-06	0.00e+00	0.00e+00	0.00e+00	0.00e+00	0.00e+00	0.00e+00	8.74e-01	4.53e-02	3.49e-02
 1.06028e+16	9.56e-01	4.44e-02	3.25e-06	0.00e+00	0.00e+00	0.00e+00	0.00e+00	0.00e+00	0.00e+00	8.76e-01	4.50e-02	3.47e-02
 1.06305e+16	9.57e-01	4.26e-02	2.91e-06	0.00e+00	0.00e+00	0.00e+00	0.00e+00	0.00e+00	0.00e+00	8.78e-01	4.47e-02	3.45e-02
 1.06585e+16	9.59e-01	4.09e-02	2.60e-06	0.00e+00	0.00e+00	0.00e+00	0.00e+00	0.00e+00	0.00e+00	8.80e-01	4.44e-02	3.43e-02
 1.06866e+16	9.61e-01	3.93e-02	2.33e-06	0.00e+00	0.00e+00	0.00e+00	0.00e+00	0.00e+00	0.00e+00	8.82e-01	4.41e-02	3.41e-02
 1.07146e+16	9.62e-01	3.78e-02	2.08e-06	0.00e+00	0.00e+00	0.00e+00	0.00e+00	0.00e+00	0.00e+00	8.84e-01	4.38e-02	3.39e-02
 1.07426e+16	9.64e-01	3.63e-02	1.87e-06	0.00e+00	0.00e+00	0.00e+00	0.00e+00	0.00e+00	0.00e+00	8.86e-01	4.35e-02	3.38e-02
 1.07708e+16	9.65e-01	3.49e-02	1.67e-06	0.00e+00	0.00e+00	0.00e+00	0.00e+00	0.00e+00	0.00e+00	8.88e-01	4.33e-02	3.36e-02
 1.07991e+16	9.66e-01	3.35e-02	1.50e-06	0.00e+00	0.00e+00	0.00e+00	0.00e+00	0.00e+00	0.00e+00	8.90e-01	4.30e-02	3.34e-02
 1.08274e+16	9.68e-01	3.22e-02	1.34e-06	0.00e+00	0.00e+00	0.00e+00	0.00e+00	0.00e+00	0.00e+00	8.92e-01	4.28e-02	3.33e-02
 1.08554e+16	9.69e-01	3.09e-02	1.20e-06	0.00e+00	0.00e+00	0.00e+00	0.00e+00	0.00e+00	0.00e+00	8.93e-01	4.25e-02	3.31e-02
 1.08836e+16	9.70e-01	2.98e-02	1.08e-06	0.00e+00	0.00e+00	0.00e+00	0.00e+00	0.00e+00	0.00e+00	8.95e-01	4.23e-02	3.29e-02
 1.09122e+16	9.71e-01	2.86e-02	9.66e-07	0.00e+00	0.00e+00	0.00e+00	0.00e+00	0.00e+00	0.00e+00	8.97e-01	4.20e-02	3.28e-02
 1.09405e+16	9.73e-01	2.75e-02	8.66e-07	0.00e+00	0.00e+00	0.00e+00	0.00e+00	0.00e+00	0.00e+00	8.98e-01	4.18e-02	3.26e-02
 1.09684e+16	9.74e-01	2.64e-02	7.79e-07	0.00e+00	0.00e+00	0.00e+00	0.00e+00	0.00e+00	0.00e+00	9.00e-01	4.16e-02	3.24e-02
 1.09962e+16	9.75e-01	2.54e-02	7.01e-07	0.00e+00	0.00e+00	0.00e+00	0.00e+00	0.00e+00	0.00e+00	9.01e-01	4.14e-02	3.23e-02
 1.10239e+16	9.76e-01	2.44e-02	6.31e-07	0.00e+00	0.00e+00	0.00e+00	0.00e+00	0.00e+00	0.00e+00	9.02e-01	4.11e-02	3.21e-02
 1.10507e+16	9.77e-01	2.34e-02	5.70e-07	0.00e+00	0.00e+00	0.00e+00	0.00e+00	0.00e+00	0.00e+00	9.04e-01	4.09e-02	3.20e-02
 1.10746e+16	9.77e-01	2.26e-02	5.21e-07	0.00e+00	0.00e+00	0.00e+00	0.00e+00	0.00e+00	0.00e+00	9.05e-01	4.07e-02	3.18e-02
 1.10939e+16	9.78e-01	2.20e-02	4.86e-07	0.00e+00	0.00e+00	0.00e+00	0.00e+00	0.00e+00	0.00e+00	9.06e-01	4.05e-02	3.17e-02
 1.11091e+16	9.78e-01	2.15e-02	4.61e-07	0.00e+00	0.00e+00	0.00e+00	0.00e+00	0.00e+00	0.00e+00	9.06e-01	4.04e-02	3.16e-02
 1.11229e+16	9.79e-01	2.11e-02	4.39e-07	0.00e+00	0.00e+00	0.00e+00	0.00e+00	0.00e+00	0.00e+00	9.07e-01	4.03e-02	3.15e-02
 1.11374e+16	9.79e-01	2.07e-02	4.16e-07	0.00e+00	0.00e+00	0.00e+00	0.00e+00	0.00e+00	0.00e+00	9.08e-01	4.02e-02	3.14e-02
 1.11527e+16	9.80e-01	2.02e-02	3.94e-07	0.00e+00	0.00e+00	0.00e+00	0.00e+00	0.00e+00	0.00e+00	9.08e-01	4.01e-02	3.13e-02
 1.11671e+16	9.80e-01	1.98e-02	3.73e-07	0.00e+00	0.00e+00	0.00e+00	0.00e+00	0.00e+00	0.00e+00	9.09e-01	3.99e-02	3.12e-02
 1.11794e+16	9.81e-01	1.94e-02	3.57e-07	0.00e+00	0.00e+00	0.00e+00	0.00e+00	0.00e+00	0.00e+00	9.10e-01	3.98e-02	3.11e-02
 1.11895e+16	9.81e-01	1.91e-02	3.45e-07	0.00e+00	0.00e+00	0.00e+00	0.00e+00	0.00e+00	0.00e+00	9.10e-01	3.97e-02	3.10e-02
 1.11983e+16	9.81e-01	1.88e-02	3.34e-07	0.00e+00	0.00e+00	0.00e+00	0.00e+00	0.00e+00	0.00e+00	9.11e-01	3.96e-02	3.09e-02
 1.12071e+16	9.81e-01	1.86e-02	3.24e-07	0.00e+00	0.00e+00	0.00e+00	0.00e+00	0.00e+00	0.00e+00	9.11e-01	3.95e-02	3.08e-02
 1.12167e+16	9.82e-01	1.83e-02	3.14e-07	0.00e+00	0.00e+00	0.00e+00	0.00e+00	0.00e+00	0.00e+00	9.12e-01	3.94e-02	3.07e-02
 1.12259e+16	9.82e-01	1.80e-02	3.03e-07	0.00e+00	0.00e+00	0.00e+00	0.00e+00	0.00e+00	0.00e+00	9.12e-01	3.93e-02	3.07e-02
 1.12341e+16	9.82e-01	1.77e-02	2.94e-07	0.00e+00	0.00e+00	0.00e+00	0.00e+00	0.00e+00	0.00e+00	9.13e-01	3.92e-02	3.06e-02
 1.12418e+16	9.83e-01	1.74e-02	2.86e-07	0.00e+00	0.00e+00	0.00e+00	0.00e+00	0.00e+00	0.00e+00	9.13e-01	3.91e-02	3.05e-02
 1.12491e+16	9.83e-01	1.72e-02	2.78e-07	0.00e+00	0.00e+00	0.00e+00	0.00e+00	0.00e+00	0.00e+00	9.13e-01	3.90e-02	3.04e-02
 1.12564e+16	9.83e-01	1.70e-02	2.71e-07	0.00e+00	0.00e+00	0.00e+00	0.00e+00	0.00e+00	0.00e+00	9.14e-01	3.89e-02	3.03e-02
 1.12635e+16	9.83e-01	1.67e-02	2.64e-07	0.00e+00	0.00e+00	0.00e+00	0.00e+00	0.00e+00	0.00e+00	9.14e-01	3.88e-02	3.02e-02
 1.12703e+16	9.84e-01	1.65e-02	2.57e-07	0.00e+00	0.00e+00	0.00e+00	0.00e+00	0.00e+00	0.00e+00	9.15e-01	3.87e-02	3.01e-02
 1.12774e+16	9.84e-01	1.63e-02	2.51e-07	0.00e+00	0.00e+00	0.00e+00	0.00e+00	0.00e+00	0.00e+00	9.15e-01	3.86e-02	3.01e-02
 1.12850e+16	9.84e-01	1.60e-02	2.44e-07	0.00e+00	0.00e+00	0.00e+00	0.00e+00	0.00e+00	0.00e+00	9.16e-01	3.85e-02	2.99e-02
 1.12928e+16	9.84e-01	1.57e-02	2.37e-07	0.00e+00	0.00e+00	0.00e+00	0.00e+00	0.00e+00	0.00e+00	9.16e-01	3.84e-02	2.98e-02
 1.13009e+16	9.85e-01	1.54e-02	2.29e-07	0.00e+00	0.00e+00	0.00e+00	0.00e+00	0.00e+00	0.00e+00	9.17e-01	3.83e-02	2.97e-02
 1.13100e+16	9.85e-01	1.51e-02	2.21e-07	0.00e+00	0.00e+00	0.00e+00	0.00e+00	0.00e+00	0.00e+00	9.17e-01	3.81e-02	2.96e-02
 1.13192e+16	9.85e-01	1.47e-02	2.13e-07	0.00e+00	0.00e+00	0.00e+00	0.00e+00	0.00e+00	0.00e+00	9.18e-01	3.79e-02	2.94e-02
 1.13276e+16	9.86e-01	1.44e-02	2.06e-07	0.00e+00	0.00e+00	0.00e+00	0.00e+00	0.00e+00	0.00e+00	9.19e-01	3.77e-02	2.92e-02
 1.13353e+16	9.86e-01	1.40e-02	1.99e-07	0.00e+00	0.00e+00	0.00e+00	0.00e+00	0.00e+00	0.00e+00	9.19e-01	3.76e-02	2.91e-02
 1.13422e+16	9.86e-01	1.38e-02	1.93e-07	0.00e+00	0.00e+00	0.00e+00	0.00e+00	0.00e+00	0.00e+00	9.20e-01	3.74e-02	2.89e-02
 1.13486e+16	9.87e-01	1.35e-02	1.88e-07	0.00e+00	0.00e+00	0.00e+00	0.00e+00	0.00e+00	0.00e+00	9.20e-01	3.73e-02	2.88e-02
 1.13544e+16	9.87e-01	1.33e-02	1.83e-07	0.00e+00	0.00e+00	0.00e+00	0.00e+00	0.00e+00	0.00e+00	9.21e-01	3.71e-02	2.87e-02
 1.13596e+16	9.87e-01	1.30e-02	1.79e-07	0.00e+00	0.00e+00	0.00e+00	0.00e+00	0.00e+00	0.00e+00	9.21e-01	3.70e-02	2.86e-02
 1.13644e+16	9.87e-01	1.29e-02	1.75e-07	0.00e+00	0.00e+00	0.00e+00	0.00e+00	0.00e+00	0.00e+00	9.22e-01	3.68e-02	2.85e-02
 1.13687e+16	9.87e-01	1.27e-02	1.72e-07	0.00e+00	0.00e+00	0.00e+00	0.00e+00	0.00e+00	0.00e+00	9.22e-01	3.67e-02	2.84e-02
 1.13727e+16	9.87e-01	1.25e-02	1.68e-07	0.00e+00	0.00e+00	0.00e+00	0.00e+00	0.00e+00	0.00e+00	9.23e-01	3.66e-02	2.82e-02
 1.13763e+16	9.88e-01	1.24e-02	1.66e-07	0.00e+00	0.00e+00	0.00e+00	0.00e+00	0.00e+00	0.00e+00	9.23e-01	3.65e-02	2.82e-02
 1.13802e+16	9.88e-01	1.22e-02	1.62e-07	0.00e+00	0.00e+00	0.00e+00	0.00e+00	0.00e+00	0.00e+00	9.23e-01	3.63e-02	2.81e-02
 1.13854e+16	9.88e-01	1.20e-02	1.58e-07	0.00e+00	0.00e+00	0.00e+00	0.00e+00	0.00e+00	0.00e+00	9.24e-01	3.62e-02	2.79e-02
 1.13909e+16	9.88e-01	1.18e-02	1.54e-07	0.00e+00	0.00e+00	0.00e+00	0.00e+00	0.00e+00	0.00e+00	9.24e-01	3.60e-02	2.78e-02
 1.13959e+16	9.88e-01	1.16e-02	1.50e-07	0.00e+00	0.00e+00	0.00e+00	0.00e+00	0.00e+00	0.00e+00	9.25e-01	3.58e-02	2.77e-02
 1.14005e+16	9.89e-01	1.14e-02	1.47e-07	0.00e+00	0.00e+00	0.00e+00	0.00e+00	0.00e+00	0.00e+00	9.25e-01	3.57e-02	2.75e-02
 1.14047e+16	9.89e-01	1.13e-02	1.44e-07	0.00e+00	0.00e+00	0.00e+00	0.00e+00	0.00e+00	0.00e+00	9.26e-01	3.56e-02	2.75e-02
 1.14093e+16	9.89e-01	1.11e-02	1.40e-07	0.00e+00	0.00e+00	0.00e+00	0.00e+00	0.00e+00	0.00e+00	9.26e-01	3.55e-02	2.74e-02
 1.14152e+16	9.89e-01	1.09e-02	1.36e-07	0.00e+00	0.00e+00	0.00e+00	0.00e+00	0.00e+00	0.00e+00	9.27e-01	3.53e-02	2.72e-02
 1.14216e+16	9.89e-01	1.07e-02	1.32e-07	0.00e+00	0.00e+00	0.00e+00	0.00e+00	0.00e+00	0.00e+00	9.27e-01	3.51e-02	2.71e-02
 1.14275e+16	9.89e-01	1.05e-02	1.28e-07	0.00e+00	0.00e+00	0.00e+00	0.00e+00	0.00e+00	0.00e+00	9.28e-01	3.50e-02	2.69e-02
 1.14328e+16	9.90e-01	1.03e-02	1.24e-07	0.00e+00	0.00e+00	0.00e+00	0.00e+00	0.00e+00	0.00e+00	9.28e-01	3.48e-02	2.68e-02
 1.14376e+16	9.90e-01	1.02e-02	1.21e-07	0.00e+00	0.00e+00	0.00e+00	0.00e+00	0.00e+00	0.00e+00	9.28e-01	3.47e-02	2.67e-02
 1.14420e+16	9.90e-01	1.00e-02	1.18e-07	0.00e+00	0.00e+00	0.00e+00	0.00e+00	0.00e+00	0.00e+00	9.29e-01	3.45e-02	2.66e-02
 1.14460e+16	9.90e-01	9.87e-03	1.15e-07	0.00e+00	0.00e+00	0.00e+00	0.00e+00	0.00e+00	0.00e+00	9.29e-01	3.44e-02	2.65e-02
 1.14504e+16	9.90e-01	9.74e-03	1.12e-07	0.00e+00	0.00e+00	0.00e+00	0.00e+00	0.00e+00	0.00e+00	9.30e-01	3.43e-02	2.64e-02
 1.14551e+16	9.90e-01	9.58e-03	1.09e-07	0.00e+00	0.00e+00	0.00e+00	0.00e+00	0.00e+00	0.00e+00	9.30e-01	3.42e-02	2.62e-02
 1.14594e+16	9.91e-01	9.44e-03	1.07e-07	0.00e+00	0.00e+00	0.00e+00	0.00e+00	0.00e+00	0.00e+00	9.30e-01	3.40e-02	2.61e-02
 1.14634e+16	9.91e-01	9.30e-03	1.04e-07	0.00e+00	0.00e+00	0.00e+00	0.00e+00	0.00e+00	0.00e+00	9.31e-01	3.39e-02	2.60e-02
 1.14669e+16	9.91e-01	9.18e-03	1.02e-07	0.00e+00	0.00e+00	0.00e+00	0.00e+00	0.00e+00	0.00e+00	9.31e-01	3.38e-02	2.59e-02
 1.14702e+16	9.91e-01	9.06e-03	9.94e-08	0.00e+00	0.00e+00	0.00e+00	0.00e+00	0.00e+00	0.00e+00	9.32e-01	3.37e-02	2.58e-02
 1.14737e+16	9.91e-01	8.95e-03	9.70e-08	0.00e+00	0.00e+00	0.00e+00	0.00e+00	0.00e+00	0.00e+00	9.32e-01	3.35e-02	2.56e-02
 1.14784e+16	9.91e-01	8.78e-03	9.38e-08	0.00e+00	0.00e+00	0.00e+00	0.00e+00	0.00e+00	0.00e+00	9.32e-01	3.33e-02	2.55e-02
 1.14834e+16	9.91e-01	8.60e-03	9.06e-08	0.00e+00	0.00e+00	0.00e+00	0.00e+00	0.00e+00	0.00e+00	9.33e-01	3.32e-02	2.53e-02
 1.14879e+16	9.92e-01	8.45e-03	8.78e-08	0.00e+00	0.00e+00	0.00e+00	0.00e+00	0.00e+00	0.00e+00	9.33e-01	3.30e-02	2.51e-02
 1.14920e+16	9.92e-01	8.30e-03	8.53e-08	0.00e+00	0.00e+00	0.00e+00	0.00e+00	0.00e+00	0.00e+00	9.34e-01	3.28e-02	2.50e-02
 1.14958e+16	9.92e-01	8.17e-03	8.30e-08	0.00e+00	0.00e+00	0.00e+00	0.00e+00	0.00e+00	0.00e+00	9.34e-01	3.27e-02	2.48e-02
 1.14992e+16	9.92e-01	8.06e-03	8.10e-08	0.00e+00	0.00e+00	0.00e+00	0.00e+00	0.00e+00	0.00e+00	9.35e-01	3.25e-02	2.47e-02
 1.15024e+16	9.92e-01	7.96e-03	7.93e-08	0.00e+00	0.00e+00	0.00e+00	0.00e+00	0.00e+00	0.00e+00	9.35e-01	3.24e-02	2.46e-02
 1.15058e+16	9.92e-01	7.85e-03	7.74e-08	0.00e+00	0.00e+00	0.00e+00	0.00e+00	0.00e+00	0.00e+00	9.35e-01	3.22e-02	2.44e-02
 1.15095e+16	9.92e-01	7.72e-03	7.53e-08	0.00e+00	0.00e+00	0.00e+00	0.00e+00	0.00e+00	0.00e+00	9.36e-01	3.21e-02	2.43e-02
 1.15128e+16	9.92e-01	7.60e-03	7.34e-08	0.00e+00	0.00e+00	0.00e+00	0.00e+00	0.00e+00	0.00e+00	9.36e-01	3.19e-02	2.41e-02
 1.15159e+16	9.92e-01	7.51e-03	7.18e-08	0.00e+00	0.00e+00	0.00e+00	0.00e+00	0.00e+00	0.00e+00	9.37e-01	3.18e-02	2.40e-02
 1.15192e+16	9.93e-01	7.41e-03	7.02e-08	0.00e+00	0.00e+00	0.00e+00	0.00e+00	0.00e+00	0.00e+00	9.37e-01	3.17e-02	2.39e-02
 1.15236e+16	9.93e-01	7.28e-03	6.80e-08	0.00e+00	0.00e+00	0.00e+00	0.00e+00	0.00e+00	0.00e+00	9.38e-01	3.15e-02	2.37e-02
 1.15283e+16	9.93e-01	7.13e-03	6.57e-08	0.00e+00	0.00e+00	0.00e+00	0.00e+00	0.00e+00	0.00e+00	9.38e-01	3.13e-02	2.35e-02
 1.15325e+16	9.93e-01	7.00e-03	6.37e-08	0.00e+00	0.00e+00	0.00e+00	0.00e+00	0.00e+00	0.00e+00	9.39e-01	3.11e-02	2.33e-02
 1.15364e+16	9.93e-01	6.91e-03	6.22e-08	0.00e+00	0.00e+00	0.00e+00	0.00e+00	0.00e+00	0.00e+00	9.39e-01	3.08e-02	2.31e-02
 1.15407e+16	9.93e-01	6.81e-03	6.06e-08	0.00e+00	0.00e+00	0.00e+00	0.00e+00	0.00e+00	0.00e+00	9.40e-01	3.05e-02	2.29e-02
 1.15462e+16	9.93e-01	6.68e-03	5.85e-08	0.00e+00	0.00e+00	0.00e+00	0.00e+00	0.00e+00	0.00e+00	9.41e-01	3.01e-02	2.27e-02
