#depth	He	He+	He+2
 5.74861e+11	2.85e-04	2.05e-01	7.94e-01
 3.44917e+12	2.87e-04	2.06e-01	7.93e-01
 1.49464e+13	2.93e-04	2.09e-01	7.90e-01
 6.09353e+13	3.17e-04	2.21e-01	7.79e-01
 1.39719e+14	3.46e-04	2.37e-01	7.63e-01
 2.18053e+14	3.76e-04	2.54e-01	7.46e-01
 2.89392e+14	4.09e-04	2.72e-01	7.28e-01
 3.62686e+14	4.50e-04	2.93e-01	7.07e-01
 4.43236e+14	4.99e-04	3.17e-01	6.82e-01
 5.31515e+14	5.60e-04	3.47e-01	6.53e-01
 6.26818e+14	6.33e-04	3.81e-01	6.18e-01
 7.40159e+14	7.34e-04	4.26e-01	5.73e-01
 8.55222e+14	8.36e-04	4.72e-01	5.27e-01
 9.51582e+14	9.32e-04	5.13e-01	4.86e-01
 1.05591e+15	1.05e-03	5.61e-01	4.38e-01
 1.16788e+15	1.18e-03	6.11e-01	3.87e-01
 1.27007e+15	1.31e-03	6.57e-01	3.42e-01
 1.38322e+15	1.47e-03	7.08e-01	2.90e-01
 1.50600e+15	1.64e-03	7.57e-01	2.41e-01
 1.62222e+15	1.81e-03	8.00e-01	1.98e-01
 1.75422e+15	2.02e-03	8.44e-01	1.54e-01
 1.90282e+15	2.25e-03	8.83e-01	1.15e-01
 2.07299e+15	2.53e-03	9.17e-01	8.01e-02
 2.22233e+15	2.77e-03	9.39e-01	5.87e-02
 2.31573e+15	2.93e-03	9.49e-01	4.80e-02
 2.40828e+15	3.10e-03	9.58e-01	3.89e-02
 2.52860e+15	3.32e-03	9.67e-01	2.95e-02
 2.66248e+15	3.58e-03	9.74e-01	2.19e-02
 2.78893e+15	3.84e-03	9.80e-01	1.66e-02
 2.92826e+15	4.15e-03	9.84e-01	1.21e-02
 3.07860e+15	4.49e-03	9.87e-01	8.77e-03
 3.21331e+15	4.82e-03	9.89e-01	6.59e-03
 3.35850e+15	5.21e-03	9.90e-01	4.82e-03
 3.51682e+15	5.66e-03	9.91e-01	3.48e-03
 3.65884e+15	6.09e-03	9.91e-01	2.63e-03
 3.78869e+15	6.52e-03	9.91e-01	2.03e-03
 3.93610e+15	7.05e-03	9.91e-01	1.52e-03
 4.09564e+15	7.66e-03	9.91e-01	1.12e-03
 4.21872e+15	8.18e-03	9.91e-01	9.03e-04
 4.30233e+15	8.55e-03	9.91e-01	7.78e-04
 4.38226e+15	8.92e-03	9.90e-01	6.72e-04
 4.48161e+15	9.41e-03	9.90e-01	5.61e-04
 4.60812e+15	1.01e-02	9.89e-01	4.49e-04
 4.75883e+15	1.09e-02	9.89e-01	3.48e-04
 4.90831e+15	1.18e-02	9.88e-01	2.74e-04
 5.03626e+15	1.27e-02	9.87e-01	2.24e-04
 5.15353e+15	1.36e-02	9.86e-01	1.87e-04
 5.28798e+15	1.46e-02	9.85e-01	1.52e-04
 5.43420e+15	1.59e-02	9.84e-01	1.24e-04
 5.56307e+15	1.71e-02	9.83e-01	1.04e-04
 5.67705e+15	1.83e-02	9.82e-01	8.88e-05
 5.80430e+15	1.97e-02	9.80e-01	7.49e-05
 5.94447e+15	2.14e-02	9.79e-01	6.29e-05
 6.07079e+15	2.31e-02	9.77e-01	5.41e-05
 6.18396e+15	2.48e-02	9.75e-01	4.75e-05
 6.31065e+15	2.69e-02	9.73e-01	4.11e-05
 6.45169e+15	2.94e-02	9.71e-01	3.53e-05
 6.58186e+15	3.21e-02	9.68e-01	3.10e-05
 6.70157e+15	3.48e-02	9.65e-01	2.76e-05
 6.82551e+15	3.79e-02	9.62e-01	2.45e-05
 6.96248e+15	4.17e-02	9.58e-01	2.17e-05
 7.10795e+15	4.63e-02	9.54e-01	1.91e-05
 7.27199e+15	5.22e-02	9.48e-01	1.67e-05
 7.44797e+15	5.95e-02	9.41e-01	1.46e-05
 7.60432e+15	6.72e-02	9.33e-01	1.31e-05
 7.73772e+15	7.47e-02	9.25e-01	1.20e-05
 7.88145e+15	8.35e-02	9.17e-01	1.09e-05
 8.03772e+15	9.46e-02	9.05e-01	9.99e-06
 8.17238e+15	1.06e-01	8.94e-01	9.32e-06
 8.28363e+15	1.16e-01	8.84e-01	8.82e-06
 8.38634e+15	1.27e-01	8.73e-01	8.41e-06
 8.49294e+15	1.39e-01	8.61e-01	8.02e-06
 8.60230e+15	1.54e-01	8.46e-01	7.70e-06
 8.70088e+15	1.68e-01	8.32e-01	7.47e-06
 8.77927e+15	1.81e-01	8.19e-01	7.33e-06
 8.84021e+15	1.93e-01	8.07e-01	7.23e-06
 8.89449e+15	2.03e-01	7.97e-01	7.16e-06
 8.95316e+15	2.16e-01	7.84e-01	7.08e-06
 9.02121e+15	2.31e-01	7.69e-01	7.02e-06
 9.08813e+15	2.47e-01	7.53e-01	7.03e-06
 9.14025e+15	2.61e-01	7.39e-01	7.06e-06
 9.17864e+15	2.72e-01	7.28e-01	7.09e-06
 9.21230e+15	2.81e-01	7.19e-01	7.11e-06
 9.24783e+15	2.92e-01	7.08e-01	7.14e-06
 9.28544e+15	3.04e-01	6.96e-01	7.17e-06
 9.32168e+15	3.15e-01	6.85e-01	7.25e-06
 9.35315e+15	3.25e-01	6.75e-01	7.31e-06
 9.37572e+15	3.32e-01	6.68e-01	7.38e-06
 9.39090e+15	3.38e-01	6.62e-01	7.40e-06
 9.40583e+15	3.43e-01	6.57e-01	7.42e-06
 9.42446e+15	3.50e-01	6.50e-01	7.45e-06
 9.44595e+15	3.57e-01	6.43e-01	7.50e-06
 9.46677e+15	3.65e-01	6.35e-01	7.54e-06
 9.48531e+15	3.71e-01	6.29e-01	7.60e-06
 9.50317e+15	3.78e-01	6.22e-01	7.63e-06
 9.52188e+15	3.85e-01	6.15e-01	7.69e-06
 9.54161e+15	3.92e-01	6.08e-01	7.73e-06
 9.56167e+15	4.00e-01	6.00e-01	7.78e-06
 9.58101e+15	4.07e-01	5.92e-01	7.83e-06
 9.59989e+15	4.15e-01	5.85e-01	7.88e-06
 9.61915e+15	4.22e-01	5.78e-01	7.93e-06
 9.63901e+15	4.30e-01	5.70e-01	7.98e-06
 9.65913e+15	4.38e-01	5.62e-01	8.03e-06
 9.67918e+15	4.46e-01	5.54e-01	8.09e-06
 9.69922e+15	4.54e-01	5.46e-01	8.13e-06
 9.71932e+15	4.62e-01	5.38e-01	8.19e-06
 9.73980e+15	4.71e-01	5.29e-01	8.22e-06
 9.76064e+15	4.79e-01	5.21e-01	8.27e-06
 9.78164e+15	4.88e-01	5.12e-01	8.30e-06
 9.80273e+15	4.97e-01	5.03e-01	8.35e-06
 9.82402e+15	5.06e-01	4.94e-01	8.37e-06
 9.84563e+15	5.15e-01	4.85e-01	8.40e-06
 9.86748e+15	5.24e-01	4.76e-01	8.43e-06
 9.88975e+15	5.33e-01	4.67e-01	8.45e-06
 9.91235e+15	5.43e-01	4.57e-01	8.47e-06
 9.93518e+15	5.53e-01	4.47e-01	8.48e-06
 9.95815e+15	5.62e-01	4.38e-01	8.49e-06
 9.98142e+15	5.72e-01	4.28e-01	8.49e-06
 1.00053e+16	5.82e-01	4.18e-01	8.48e-06
 1.00296e+16	5.92e-01	4.08e-01	8.48e-06
 1.00541e+16	6.02e-01	3.98e-01	8.47e-06
 1.00786e+16	6.12e-01	3.88e-01	8.43e-06
 1.01031e+16	6.22e-01	3.78e-01	8.42e-06
 1.01277e+16	6.32e-01	3.68e-01	8.39e-06
 1.01525e+16	6.42e-01	3.58e-01	8.34e-06
 1.01778e+16	6.52e-01	3.48e-01	8.30e-06
 1.02035e+16	6.62e-01	3.38e-01	8.25e-06
 1.02291e+16	6.71e-01	3.29e-01	8.19e-06
 1.02546e+16	6.81e-01	3.19e-01	8.14e-06
 1.02803e+16	6.90e-01	3.10e-01	8.06e-06
 1.03063e+16	7.00e-01	3.00e-01	8.01e-06
 1.03326e+16	7.09e-01	2.91e-01	7.93e-06
 1.03589e+16	7.18e-01	2.82e-01	7.84e-06
 1.03853e+16	7.27e-01	2.73e-01	7.76e-06
 1.04122e+16	7.36e-01	2.64e-01	7.68e-06
 1.04391e+16	7.45e-01	2.55e-01	7.59e-06
 1.04660e+16	7.53e-01	2.47e-01	7.50e-06
 1.04930e+16	7.61e-01	2.39e-01	7.40e-06
 1.05202e+16	7.70e-01	2.30e-01	7.30e-06
 1.05477e+16	7.78e-01	2.22e-01	7.21e-06
 1.05753e+16	7.85e-01	2.15e-01	7.10e-06
 1.06028e+16	7.93e-01	2.07e-01	6.99e-06
 1.06305e+16	8.01e-01	1.99e-01	6.88e-06
 1.06585e+16	8.08e-01	1.92e-01	6.77e-06
 1.06866e+16	8.15e-01	1.85e-01	6.66e-06
 1.07146e+16	8.22e-01	1.78e-01	6.55e-06
 1.07426e+16	8.29e-01	1.71e-01	6.43e-06
 1.07708e+16	8.35e-01	1.65e-01	6.32e-06
 1.07991e+16	8.41e-01	1.59e-01	6.20e-06
 1.08274e+16	8.47e-01	1.53e-01	6.08e-06
 1.08554e+16	8.53e-01	1.47e-01	5.96e-06
 1.08836e+16	8.59e-01	1.41e-01	5.84e-06
 1.09122e+16	8.65e-01	1.35e-01	5.71e-06
 1.09405e+16	8.70e-01	1.30e-01	5.59e-06
 1.09684e+16	8.75e-01	1.25e-01	5.46e-06
 1.09962e+16	8.80e-01	1.20e-01	5.34e-06
 1.10239e+16	8.85e-01	1.15e-01	5.21e-06
 1.10507e+16	8.89e-01	1.11e-01	5.08e-06
 1.10746e+16	8.93e-01	1.07e-01	4.96e-06
 1.10939e+16	8.96e-01	1.04e-01	4.86e-06
 1.11091e+16	8.99e-01	1.01e-01	4.78e-06
 1.11229e+16	9.01e-01	9.89e-02	4.69e-06
 1.11374e+16	9.03e-01	9.66e-02	4.61e-06
 1.11527e+16	9.06e-01	9.41e-02	4.51e-06
 1.11671e+16	9.08e-01	9.19e-02	4.42e-06
 1.11794e+16	9.10e-01	9.01e-02	4.35e-06
 1.11895e+16	9.11e-01	8.86e-02	4.29e-06
 1.11983e+16	9.13e-01	8.73e-02	4.24e-06
 1.12071e+16	9.14e-01	8.60e-02	4.18e-06
 1.12167e+16	9.15e-01	8.47e-02	4.12e-06
 1.12259e+16	9.17e-01	8.32e-02	4.05e-06
 1.12341e+16	9.18e-01	8.20e-02	3.99e-06
 1.12418e+16	9.19e-01	8.09e-02	3.94e-06
 1.12491e+16	9.20e-01	7.98e-02	3.88e-06
 1.12564e+16	9.21e-01	7.87e-02	3.83e-06
 1.12635e+16	9.22e-01	7.77e-02	3.78e-06
 1.12703e+16	9.23e-01	7.67e-02	3.72e-06
 1.12774e+16	9.24e-01	7.58e-02	3.67e-06
 1.12850e+16	9.25e-01	7.46e-02	3.61e-06
 1.12928e+16	9.26e-01	7.36e-02	3.56e-06
 1.13009e+16	9.28e-01	7.24e-02	3.49e-06
 1.13100e+16	9.29e-01	7.11e-02	3.41e-06
 1.13192e+16	9.30e-01	6.98e-02	3.34e-06
 1.13276e+16	9.31e-01	6.86e-02	3.27e-06
 1.13353e+16	9.32e-01	6.75e-02	3.20e-06
 1.13422e+16	9.34e-01	6.65e-02	3.13e-06
 1.13486e+16	9.34e-01	6.55e-02	3.08e-06
 1.13544e+16	9.35e-01	6.47e-02	3.02e-06
 1.13596e+16	9.36e-01	6.39e-02	2.98e-06
 1.13644e+16	9.37e-01	6.32e-02	2.93e-06
 1.13687e+16	9.37e-01	6.26e-02	2.89e-06
 1.13727e+16	9.38e-01	6.19e-02	2.85e-06
 1.13763e+16	9.39e-01	6.14e-02	2.82e-06
 1.13802e+16	9.39e-01	6.08e-02	2.78e-06
 1.13854e+16	9.40e-01	6.01e-02	2.74e-06
 1.13909e+16	9.41e-01	5.93e-02	2.69e-06
 1.13959e+16	9.42e-01	5.85e-02	2.64e-06
 1.14005e+16	9.42e-01	5.79e-02	2.60e-06
 1.14047e+16	9.43e-01	5.73e-02	2.57e-06
 1.14093e+16	9.43e-01	5.66e-02	2.53e-06
 1.14152e+16	9.44e-01	5.59e-02	2.49e-06
 1.14216e+16	9.45e-01	5.50e-02	2.44e-06
 1.14275e+16	9.46e-01	5.43e-02	2.40e-06
 1.14328e+16	9.46e-01	5.36e-02	2.36e-06
 1.14376e+16	9.47e-01	5.30e-02	2.32e-06
 1.14420e+16	9.48e-01	5.24e-02	2.29e-06
 1.14460e+16	9.48e-01	5.19e-02	2.26e-06
 1.14504e+16	9.49e-01	5.13e-02	2.23e-06
 1.14551e+16	9.49e-01	5.07e-02	2.20e-06
 1.14594e+16	9.50e-01	5.01e-02	2.16e-06
 1.14634e+16	9.50e-01	4.96e-02	2.13e-06
 1.14669e+16	9.51e-01	4.92e-02	2.11e-06
 1.14702e+16	9.51e-01	4.87e-02	2.08e-06
 1.14737e+16	9.52e-01	4.82e-02	2.05e-06
 1.14784e+16	9.52e-01	4.76e-02	2.01e-06
 1.14834e+16	9.53e-01	4.69e-02	1.98e-06
 1.14879e+16	9.54e-01	4.64e-02	1.95e-06
 1.14920e+16	9.54e-01	4.58e-02	1.91e-06
 1.14958e+16	9.55e-01	4.53e-02	1.89e-06
 1.14992e+16	9.55e-01	4.49e-02	1.86e-06
 1.15024e+16	9.56e-01	4.45e-02	1.84e-06
 1.15058e+16	9.56e-01	4.40e-02	1.81e-06
 1.15095e+16	9.56e-01	4.36e-02	1.79e-06
 1.15128e+16	9.57e-01	4.31e-02	1.76e-06
 1.15159e+16	9.57e-01	4.27e-02	1.74e-06
 1.15192e+16	9.58e-01	4.23e-02	1.72e-06
 1.15236e+16	9.58e-01	4.18e-02	1.69e-06
 1.15283e+16	9.59e-01	4.12e-02	1.66e-06
 1.15325e+16	9.59e-01	4.07e-02	1.63e-06
 1.15364e+16	9.60e-01	4.03e-02	1.61e-06
 1.15407e+16	9.60e-01	3.99e-02	1.59e-06
 1.15462e+16	9.61e-01	3.94e-02	1.57e-06
