#depth	O	O+	O+2	O+3	O+4	O+5	O+6	O+7	O+8	O[1]	O[2]	O[3]
 2.22701e+12	6.91e-07	1.14e-03	2.29e-01	7.36e-01	3.44e-02	9.52e-07	0.00e+00	0.00e+00	0.00e+00	5.13e-07	1.14e-07	6.33e-08
 1.33621e+13	6.89e-07	1.14e-03	2.29e-01	7.36e-01	3.43e-02	9.51e-07	0.00e+00	0.00e+00	0.00e+00	5.12e-07	1.14e-07	6.31e-08
 5.79024e+13	6.90e-07	1.14e-03	2.30e-01	7.35e-01	3.41e-02	9.43e-07	0.00e+00	0.00e+00	0.00e+00	5.12e-07	1.14e-07	6.32e-08
 2.36063e+14	6.96e-07	1.16e-03	2.34e-01	7.32e-01	3.34e-02	9.15e-07	0.00e+00	0.00e+00	0.00e+00	5.17e-07	1.15e-07	6.38e-08
 5.63880e+14	6.81e-07	1.16e-03	2.39e-01	7.28e-01	3.22e-02	8.73e-07	0.00e+00	0.00e+00	0.00e+00	5.06e-07	1.12e-07	6.24e-08
 9.90041e+14	6.82e-07	1.18e-03	2.47e-01	7.22e-01	3.07e-02	8.19e-07	0.00e+00	0.00e+00	0.00e+00	5.06e-07	1.13e-07	6.25e-08
 1.54405e+15	6.93e-07	1.22e-03	2.57e-01	7.13e-01	2.89e-02	7.52e-07	0.00e+00	0.00e+00	0.00e+00	5.15e-07	1.14e-07	6.36e-08
 2.26426e+15	7.18e-07	1.28e-03	2.72e-01	7.00e-01	2.66e-02	6.70e-07	0.00e+00	0.00e+00	0.00e+00	5.33e-07	1.19e-07	6.59e-08
 3.20054e+15	7.63e-07	1.38e-03	2.93e-01	6.82e-01	2.37e-02	5.73e-07	0.00e+00	0.00e+00	0.00e+00	5.67e-07	1.26e-07	7.02e-08
 4.41770e+15	8.45e-07	1.53e-03	3.24e-01	6.54e-01	2.02e-02	4.61e-07	0.00e+00	0.00e+00	0.00e+00	6.28e-07	1.39e-07	7.78e-08
 6.00001e+15	9.94e-07	1.79e-03	3.72e-01	6.10e-01	1.61e-02	3.38e-07	0.00e+00	0.00e+00	0.00e+00	7.40e-07	1.63e-07	9.15e-08
 7.66420e+15	1.17e-06	2.11e-03	4.31e-01	5.55e-01	1.23e-02	2.37e-07	0.00e+00	0.00e+00	0.00e+00	8.75e-07	1.92e-07	1.08e-07
 9.04752e+15	1.39e-06	2.46e-03	4.91e-01	4.97e-01	9.36e-03	1.67e-07	0.00e+00	0.00e+00	0.00e+00	1.04e-06	2.26e-07	1.28e-07
 1.01696e+16	1.62e-06	2.82e-03	5.48e-01	4.42e-01	7.20e-03	0.00e+00	0.00e+00	0.00e+00	0.00e+00	1.21e-06	2.63e-07	1.49e-07
 1.11451e+16	1.89e-06	3.20e-03	6.03e-01	3.89e-01	5.50e-03	0.00e+00	0.00e+00	0.00e+00	0.00e+00	1.41e-06	3.06e-07	1.73e-07
 1.20650e+16	2.20e-06	3.61e-03	6.58e-01	3.34e-01	4.09e-03	0.00e+00	0.00e+00	0.00e+00	0.00e+00	1.64e-06	3.55e-07	2.02e-07
 1.29604e+16	2.56e-06	4.06e-03	7.14e-01	2.79e-01	2.91e-03	0.00e+00	0.00e+00	0.00e+00	0.00e+00	1.91e-06	4.11e-07	2.34e-07
 1.38364e+16	2.97e-06	4.55e-03	7.69e-01	2.25e-01	1.98e-03	0.00e+00	0.00e+00	0.00e+00	0.00e+00	2.22e-06	4.77e-07	2.72e-07
 1.47019e+16	3.43e-06	5.06e-03	8.19e-01	1.74e-01	1.27e-03	0.00e+00	0.00e+00	0.00e+00	0.00e+00	2.56e-06	5.49e-07	3.14e-07
 1.55023e+16	3.88e-06	5.52e-03	8.61e-01	1.33e-01	7.97e-04	0.00e+00	0.00e+00	0.00e+00	0.00e+00	2.90e-06	6.21e-07	3.56e-07
 1.63500e+16	4.41e-06	6.01e-03	8.98e-01	9.59e-02	4.57e-04	0.00e+00	0.00e+00	0.00e+00	0.00e+00	3.30e-06	7.04e-07	4.04e-07
 1.74521e+16	5.07e-06	6.55e-03	9.33e-01	6.05e-02	2.09e-04	0.00e+00	0.00e+00	0.00e+00	0.00e+00	3.80e-06	8.06e-07	4.64e-07
 1.88849e+16	5.93e-06	7.16e-03	9.61e-01	3.19e-02	7.03e-05	0.00e+00	0.00e+00	0.00e+00	0.00e+00	4.44e-06	9.41e-07	5.43e-07
 2.06794e+16	6.91e-06	7.75e-03	9.78e-01	1.42e-02	1.74e-05	0.00e+00	0.00e+00	0.00e+00	0.00e+00	5.19e-06	1.10e-06	6.33e-07
 2.27473e+16	8.03e-06	8.31e-03	9.86e-01	5.78e-03	3.58e-06	0.00e+00	0.00e+00	0.00e+00	0.00e+00	6.03e-06	1.27e-06	7.35e-07
 2.50221e+16	9.37e-06	8.88e-03	9.89e-01	2.30e-03	6.78e-07	0.00e+00	0.00e+00	0.00e+00	0.00e+00	7.03e-06	1.48e-06	8.58e-07
 2.75243e+16	1.11e-05	9.53e-03	9.90e-01	8.97e-04	0.00e+00	0.00e+00	0.00e+00	0.00e+00	0.00e+00	8.30e-06	1.76e-06	1.01e-06
 3.02767e+16	1.34e-05	1.03e-02	9.89e-01	3.52e-04	0.00e+00	0.00e+00	0.00e+00	0.00e+00	0.00e+00	1.00e-05	2.12e-06	1.22e-06
 3.33044e+16	1.65e-05	1.12e-02	9.89e-01	1.47e-04	0.00e+00	0.00e+00	0.00e+00	0.00e+00	0.00e+00	1.24e-05	2.63e-06	1.52e-06
 3.66348e+16	2.12e-05	1.25e-02	9.87e-01	7.10e-05	0.00e+00	0.00e+00	0.00e+00	0.00e+00	0.00e+00	1.59e-05	3.38e-06	1.94e-06
 4.02983e+16	2.82e-05	1.41e-02	9.86e-01	4.28e-05	0.00e+00	0.00e+00	0.00e+00	0.00e+00	0.00e+00	2.11e-05	4.53e-06	2.59e-06
 4.43281e+16	3.97e-05	1.63e-02	9.84e-01	3.11e-05	0.00e+00	0.00e+00	0.00e+00	0.00e+00	0.00e+00	2.96e-05	6.39e-06	3.64e-06
 4.83110e+16	5.74e-05	1.92e-02	9.81e-01	2.53e-05	0.00e+00	0.00e+00	0.00e+00	0.00e+00	0.00e+00	4.29e-05	9.30e-06	5.28e-06
 5.08105e+16	7.46e-05	2.15e-02	9.78e-01	2.26e-05	0.00e+00	0.00e+00	0.00e+00	0.00e+00	0.00e+00	5.56e-05	1.21e-05	6.86e-06
 5.17653e+16	8.26e-05	2.26e-02	9.77e-01	2.16e-05	0.00e+00	0.00e+00	0.00e+00	0.00e+00	0.00e+00	6.16e-05	1.34e-05	7.60e-06
 5.25181e+16	8.94e-05	2.34e-02	9.76e-01	2.09e-05	0.00e+00	0.00e+00	0.00e+00	0.00e+00	0.00e+00	6.66e-05	1.45e-05	8.22e-06
 5.34968e+16	9.94e-05	2.46e-02	9.75e-01	2.01e-05	0.00e+00	0.00e+00	0.00e+00	0.00e+00	0.00e+00	7.40e-05	1.62e-05	9.14e-06
 5.47690e+16	1.14e-04	2.63e-02	9.74e-01	1.90e-05	0.00e+00	0.00e+00	0.00e+00	0.00e+00	0.00e+00	8.51e-05	1.86e-05	1.05e-05
 5.64229e+16	1.38e-04	2.87e-02	9.71e-01	1.77e-05	0.00e+00	0.00e+00	0.00e+00	0.00e+00	0.00e+00	1.02e-04	2.25e-05	1.27e-05
 5.80719e+16	1.68e-04	3.16e-02	9.68e-01	1.64e-05	0.00e+00	0.00e+00	0.00e+00	0.00e+00	0.00e+00	1.25e-04	2.76e-05	1.55e-05
 5.93073e+16	1.96e-04	3.41e-02	9.66e-01	1.53e-05	0.00e+00	0.00e+00	0.00e+00	0.00e+00	0.00e+00	1.46e-04	3.22e-05	1.80e-05
 6.03334e+16	2.23e-04	3.64e-02	9.63e-01	1.46e-05	0.00e+00	0.00e+00	0.00e+00	0.00e+00	0.00e+00	1.66e-04	3.67e-05	2.05e-05
 6.14942e+16	2.60e-04	3.93e-02	9.60e-01	1.37e-05	0.00e+00	0.00e+00	0.00e+00	0.00e+00	0.00e+00	1.93e-04	4.27e-05	2.39e-05
 6.30032e+16	3.18e-04	4.35e-02	9.56e-01	1.26e-05	0.00e+00	0.00e+00	0.00e+00	0.00e+00	0.00e+00	2.37e-04	5.22e-05	2.92e-05
 6.44839e+16	3.95e-04	4.86e-02	9.51e-01	1.15e-05	0.00e+00	0.00e+00	0.00e+00	0.00e+00	0.00e+00	2.94e-04	6.48e-05	3.62e-05
 6.55563e+16	4.62e-04	5.27e-02	9.47e-01	1.08e-05	0.00e+00	0.00e+00	0.00e+00	0.00e+00	0.00e+00	3.44e-04	7.59e-05	4.24e-05
 6.65788e+16	5.40e-04	5.71e-02	9.42e-01	1.01e-05	0.00e+00	0.00e+00	0.00e+00	0.00e+00	0.00e+00	4.02e-04	8.86e-05	4.95e-05
 6.79082e+16	6.66e-04	6.38e-02	9.36e-01	9.14e-06	0.00e+00	0.00e+00	0.00e+00	0.00e+00	0.00e+00	4.96e-04	1.09e-04	6.09e-05
 6.92276e+16	8.32e-04	7.17e-02	9.27e-01	8.20e-06	0.00e+00	0.00e+00	0.00e+00	0.00e+00	0.00e+00	6.19e-04	1.37e-04	7.61e-05
 7.02108e+16	9.88e-04	7.85e-02	9.20e-01	7.57e-06	0.00e+00	0.00e+00	0.00e+00	0.00e+00	0.00e+00	7.35e-04	1.62e-04	9.02e-05
 7.10372e+16	1.15e-03	8.50e-02	9.14e-01	7.04e-06	0.00e+00	0.00e+00	0.00e+00	0.00e+00	0.00e+00	8.53e-04	1.88e-04	1.05e-04
 7.19834e+16	1.36e-03	9.33e-02	9.05e-01	6.42e-06	0.00e+00	0.00e+00	0.00e+00	0.00e+00	0.00e+00	1.02e-03	2.24e-04	1.25e-04
 7.32134e+16	1.72e-03	1.06e-01	8.92e-01	5.69e-06	0.00e+00	0.00e+00	0.00e+00	0.00e+00	0.00e+00	1.28e-03	2.83e-04	1.57e-04
 7.44251e+16	2.22e-03	1.21e-01	8.77e-01	4.93e-06	0.00e+00	0.00e+00	0.00e+00	0.00e+00	0.00e+00	1.65e-03	3.64e-04	2.02e-04
 7.52975e+16	2.68e-03	1.34e-01	8.63e-01	4.44e-06	0.00e+00	0.00e+00	0.00e+00	0.00e+00	0.00e+00	2.00e-03	4.39e-04	2.44e-04
 7.59961e+16	3.13e-03	1.46e-01	8.51e-01	4.05e-06	0.00e+00	0.00e+00	0.00e+00	0.00e+00	0.00e+00	2.33e-03	5.13e-04	2.85e-04
 7.67840e+16	3.75e-03	1.60e-01	8.36e-01	3.61e-06	0.00e+00	0.00e+00	0.00e+00	0.00e+00	0.00e+00	2.79e-03	6.14e-04	3.40e-04
 7.78084e+16	4.78e-03	1.83e-01	8.13e-01	3.08e-06	0.00e+00	0.00e+00	0.00e+00	0.00e+00	0.00e+00	3.56e-03	7.82e-04	4.34e-04
 7.88083e+16	6.16e-03	2.09e-01	7.85e-01	2.60e-06	0.00e+00	0.00e+00	0.00e+00	0.00e+00	0.00e+00	4.59e-03	1.01e-03	5.59e-04
 7.95200e+16	7.46e-03	2.31e-01	7.62e-01	2.26e-06	0.00e+00	0.00e+00	0.00e+00	0.00e+00	0.00e+00	5.56e-03	1.22e-03	6.76e-04
 8.00863e+16	8.71e-03	2.50e-01	7.41e-01	2.01e-06	0.00e+00	0.00e+00	0.00e+00	0.00e+00	0.00e+00	6.50e-03	1.42e-03	7.89e-04
 8.07199e+16	1.04e-02	2.74e-01	7.15e-01	1.74e-06	0.00e+00	0.00e+00	0.00e+00	0.00e+00	0.00e+00	7.76e-03	1.70e-03	9.41e-04
 8.15435e+16	1.32e-02	3.09e-01	6.78e-01	1.42e-06	0.00e+00	0.00e+00	0.00e+00	0.00e+00	0.00e+00	9.86e-03	2.15e-03	1.20e-03
 8.23527e+16	1.70e-02	3.50e-01	6.33e-01	1.13e-06	0.00e+00	0.00e+00	0.00e+00	0.00e+00	0.00e+00	1.27e-02	2.76e-03	1.54e-03
 8.29374e+16	2.05e-02	3.83e-01	5.97e-01	9.37e-07	0.00e+00	0.00e+00	0.00e+00	0.00e+00	0.00e+00	1.53e-02	3.33e-03	1.85e-03
 8.34087e+16	2.40e-02	4.12e-01	5.64e-01	7.92e-07	0.00e+00	0.00e+00	0.00e+00	0.00e+00	0.00e+00	1.79e-02	3.89e-03	2.17e-03
 8.39385e+16	2.87e-02	4.46e-01	5.26e-01	6.49e-07	0.00e+00	0.00e+00	0.00e+00	0.00e+00	0.00e+00	2.15e-02	4.64e-03	2.59e-03
 8.46273e+16	3.62e-02	4.92e-01	4.71e-01	4.83e-07	0.00e+00	0.00e+00	0.00e+00	0.00e+00	0.00e+00	2.71e-02	5.84e-03	3.26e-03
 8.53130e+16	4.66e-02	5.43e-01	4.10e-01	3.42e-07	0.00e+00	0.00e+00	0.00e+00	0.00e+00	0.00e+00	3.49e-02	7.49e-03	4.19e-03
 8.58161e+16	5.64e-02	5.81e-01	3.62e-01	2.55e-07	0.00e+00	0.00e+00	0.00e+00	0.00e+00	0.00e+00	4.23e-02	9.03e-03	5.07e-03
 8.61765e+16	6.47e-02	6.08e-01	3.28e-01	2.03e-07	0.00e+00	0.00e+00	0.00e+00	0.00e+00	0.00e+00	4.86e-02	1.03e-02	5.80e-03
 8.65296e+16	7.39e-02	6.32e-01	2.94e-01	1.59e-07	0.00e+00	0.00e+00	0.00e+00	0.00e+00	0.00e+00	5.55e-02	1.18e-02	6.62e-03
 8.69271e+16	8.61e-02	6.58e-01	2.56e-01	0.00e+00	0.00e+00	0.00e+00	0.00e+00	0.00e+00	0.00e+00	6.48e-02	1.36e-02	7.70e-03
 8.72891e+16	9.95e-02	6.79e-01	2.21e-01	0.00e+00	0.00e+00	0.00e+00	0.00e+00	0.00e+00	0.00e+00	7.50e-02	1.57e-02	8.88e-03
 8.75905e+16	1.12e-01	6.95e-01	1.93e-01	0.00e+00	0.00e+00	0.00e+00	0.00e+00	0.00e+00	0.00e+00	8.46e-02	1.76e-02	9.99e-03
 8.78623e+16	1.24e-01	7.06e-01	1.70e-01	0.00e+00	0.00e+00	0.00e+00	0.00e+00	0.00e+00	0.00e+00	9.39e-02	1.94e-02	1.11e-02
 8.81719e+16	1.41e-01	7.15e-01	1.44e-01	0.00e+00	0.00e+00	0.00e+00	0.00e+00	0.00e+00	0.00e+00	1.06e-01	2.18e-02	1.25e-02
 8.84989e+16	1.61e-01	7.21e-01	1.19e-01	0.00e+00	0.00e+00	0.00e+00	0.00e+00	0.00e+00	0.00e+00	1.22e-01	2.47e-02	1.42e-02
 8.87692e+16	1.80e-01	7.21e-01	9.95e-02	0.00e+00	0.00e+00	0.00e+00	0.00e+00	0.00e+00	0.00e+00	1.36e-01	2.74e-02	1.58e-02
 8.89935e+16	1.96e-01	7.19e-01	8.51e-02	0.00e+00	0.00e+00	0.00e+00	0.00e+00	0.00e+00	0.00e+00	1.49e-01	2.98e-02	1.72e-02
 8.92370e+16	2.16e-01	7.13e-01	7.10e-02	0.00e+00	0.00e+00	0.00e+00	0.00e+00	0.00e+00	0.00e+00	1.65e-01	3.25e-02	1.89e-02
 8.95073e+16	2.41e-01	7.02e-01	5.69e-02	0.00e+00	0.00e+00	0.00e+00	0.00e+00	0.00e+00	0.00e+00	1.84e-01	3.58e-02	2.10e-02
 8.97476e+16	2.66e-01	6.88e-01	4.59e-02	0.00e+00	0.00e+00	0.00e+00	0.00e+00	0.00e+00	0.00e+00	2.04e-01	3.91e-02	2.31e-02
 8.99490e+16	2.88e-01	6.74e-01	3.80e-02	0.00e+00	0.00e+00	0.00e+00	0.00e+00	0.00e+00	0.00e+00	2.21e-01	4.18e-02	2.48e-02
 9.01646e+16	3.14e-01	6.55e-01	3.06e-02	0.00e+00	0.00e+00	0.00e+00	0.00e+00	0.00e+00	0.00e+00	2.42e-01	4.49e-02	2.69e-02
 9.04019e+16	3.44e-01	6.32e-01	2.38e-02	0.00e+00	0.00e+00	0.00e+00	0.00e+00	0.00e+00	0.00e+00	2.66e-01	4.85e-02	2.92e-02
 9.06150e+16	3.74e-01	6.07e-01	1.86e-02	0.00e+00	0.00e+00	0.00e+00	0.00e+00	0.00e+00	0.00e+00	2.91e-01	5.17e-02	3.15e-02
 9.08009e+16	4.01e-01	5.84e-01	1.48e-02	0.00e+00	0.00e+00	0.00e+00	0.00e+00	0.00e+00	0.00e+00	3.13e-01	5.45e-02	3.35e-02
 9.09901e+16	4.30e-01	5.58e-01	1.16e-02	0.00e+00	0.00e+00	0.00e+00	0.00e+00	0.00e+00	0.00e+00	3.37e-01	5.73e-02	3.55e-02
 9.11952e+16	4.63e-01	5.28e-01	8.80e-03	0.00e+00	0.00e+00	0.00e+00	0.00e+00	0.00e+00	0.00e+00	3.65e-01	6.03e-02	3.78e-02
 9.13852e+16	4.96e-01	4.98e-01	6.70e-03	0.00e+00	0.00e+00	0.00e+00	0.00e+00	0.00e+00	0.00e+00	3.93e-01	6.29e-02	3.99e-02
 9.15402e+16	5.22e-01	4.73e-01	5.31e-03	0.00e+00	0.00e+00	0.00e+00	0.00e+00	0.00e+00	0.00e+00	4.16e-01	6.48e-02	4.15e-02
 9.16732e+16	5.44e-01	4.51e-01	4.33e-03	0.00e+00	0.00e+00	0.00e+00	0.00e+00	0.00e+00	0.00e+00	4.35e-01	6.62e-02	4.28e-02
 9.18026e+16	5.67e-01	4.30e-01	3.52e-03	0.00e+00	0.00e+00	0.00e+00	0.00e+00	0.00e+00	0.00e+00	4.55e-01	6.75e-02	4.40e-02
 9.19332e+16	5.90e-01	4.08e-01	2.84e-03	0.00e+00	0.00e+00	0.00e+00	0.00e+00	0.00e+00	0.00e+00	4.76e-01	6.86e-02	4.52e-02
 9.20355e+16	6.07e-01	3.90e-01	2.39e-03	0.00e+00	0.00e+00	0.00e+00	0.00e+00	0.00e+00	0.00e+00	4.92e-01	6.94e-02	4.60e-02
 9.20989e+16	6.17e-01	3.81e-01	2.16e-03	0.00e+00	0.00e+00	0.00e+00	0.00e+00	0.00e+00	0.00e+00	5.01e-01	6.97e-02	4.64e-02
 9.21585e+16	6.27e-01	3.71e-01	1.95e-03	0.00e+00	0.00e+00	0.00e+00	0.00e+00	0.00e+00	0.00e+00	5.10e-01	6.99e-02	4.68e-02
 9.22344e+16	6.40e-01	3.58e-01	1.70e-03	0.00e+00	0.00e+00	0.00e+00	0.00e+00	0.00e+00	0.00e+00	5.22e-01	7.02e-02	4.73e-02
 9.23164e+16	6.54e-01	3.44e-01	1.46e-03	0.00e+00	0.00e+00	0.00e+00	0.00e+00	0.00e+00	0.00e+00	5.36e-01	7.05e-02	4.78e-02
 9.23886e+16	6.66e-01	3.33e-01	1.28e-03	0.00e+00	0.00e+00	0.00e+00	0.00e+00	0.00e+00	0.00e+00	5.47e-01	7.06e-02	4.82e-02
 9.24533e+16	6.77e-01	3.22e-01	1.14e-03	0.00e+00	0.00e+00	0.00e+00	0.00e+00	0.00e+00	0.00e+00	5.58e-01	7.07e-02	4.85e-02
 9.25196e+16	6.88e-01	3.11e-01	1.00e-03	0.00e+00	0.00e+00	0.00e+00	0.00e+00	0.00e+00	0.00e+00	5.68e-01	7.07e-02	4.88e-02
 9.25886e+16	6.99e-01	3.00e-01	8.77e-04	0.00e+00	0.00e+00	0.00e+00	0.00e+00	0.00e+00	0.00e+00	5.79e-01	7.06e-02	4.90e-02
 9.26574e+16	7.11e-01	2.89e-01	7.66e-04	0.00e+00	0.00e+00	0.00e+00	0.00e+00	0.00e+00	0.00e+00	5.91e-01	7.05e-02	4.92e-02
 9.27238e+16	7.21e-01	2.78e-01	6.71e-04	0.00e+00	0.00e+00	0.00e+00	0.00e+00	0.00e+00	0.00e+00	6.01e-01	7.03e-02	4.94e-02
 9.27879e+16	7.32e-01	2.68e-01	5.89e-04	0.00e+00	0.00e+00	0.00e+00	0.00e+00	0.00e+00	0.00e+00	6.12e-01	7.01e-02	4.95e-02
 9.28515e+16	7.41e-01	2.58e-01	5.18e-04	0.00e+00	0.00e+00	0.00e+00	0.00e+00	0.00e+00	0.00e+00	6.22e-01	6.98e-02	4.96e-02
 9.29162e+16	7.51e-01	2.48e-01	4.53e-04	0.00e+00	0.00e+00	0.00e+00	0.00e+00	0.00e+00	0.00e+00	6.32e-01	6.95e-02	4.97e-02
 9.29813e+16	7.61e-01	2.38e-01	3.94e-04	0.00e+00	0.00e+00	0.00e+00	0.00e+00	0.00e+00	0.00e+00	6.42e-01	6.91e-02	4.97e-02
 9.30440e+16	7.70e-01	2.29e-01	3.45e-04	0.00e+00	0.00e+00	0.00e+00	0.00e+00	0.00e+00	0.00e+00	6.52e-01	6.87e-02	4.96e-02
 9.31054e+16	7.79e-01	2.20e-01	3.02e-04	0.00e+00	0.00e+00	0.00e+00	0.00e+00	0.00e+00	0.00e+00	6.62e-01	6.82e-02	4.96e-02
 9.31673e+16	7.88e-01	2.12e-01	2.64e-04	0.00e+00	0.00e+00	0.00e+00	0.00e+00	0.00e+00	0.00e+00	6.71e-01	6.77e-02	4.95e-02
 9.32297e+16	7.97e-01	2.03e-01	2.30e-04	0.00e+00	0.00e+00	0.00e+00	0.00e+00	0.00e+00	0.00e+00	6.80e-01	6.72e-02	4.93e-02
 9.32910e+16	8.05e-01	1.95e-01	2.00e-04	0.00e+00	0.00e+00	0.00e+00	0.00e+00	0.00e+00	0.00e+00	6.89e-01	6.66e-02	4.92e-02
 9.33512e+16	8.13e-01	1.87e-01	1.75e-04	0.00e+00	0.00e+00	0.00e+00	0.00e+00	0.00e+00	0.00e+00	6.98e-01	6.60e-02	4.90e-02
 9.34117e+16	8.21e-01	1.79e-01	1.52e-04	0.00e+00	0.00e+00	0.00e+00	0.00e+00	0.00e+00	0.00e+00	7.07e-01	6.54e-02	4.87e-02
 9.34714e+16	8.28e-01	1.71e-01	1.32e-04	0.00e+00	0.00e+00	0.00e+00	0.00e+00	0.00e+00	0.00e+00	7.15e-01	6.48e-02	4.85e-02
 9.35302e+16	8.36e-01	1.64e-01	1.15e-04	0.00e+00	0.00e+00	0.00e+00	0.00e+00	0.00e+00	0.00e+00	7.23e-01	6.41e-02	4.82e-02
 9.35895e+16	8.43e-01	1.57e-01	1.00e-04	0.00e+00	0.00e+00	0.00e+00	0.00e+00	0.00e+00	0.00e+00	7.31e-01	6.34e-02	4.79e-02
 9.36482e+16	8.49e-01	1.51e-01	8.72e-05	0.00e+00	0.00e+00	0.00e+00	0.00e+00	0.00e+00	0.00e+00	7.39e-01	6.28e-02	4.76e-02
 9.37055e+16	8.56e-01	1.44e-01	7.60e-05	0.00e+00	0.00e+00	0.00e+00	0.00e+00	0.00e+00	0.00e+00	7.46e-01	6.21e-02	4.73e-02
 9.37624e+16	8.62e-01	1.38e-01	6.61e-05	0.00e+00	0.00e+00	0.00e+00	0.00e+00	0.00e+00	0.00e+00	7.54e-01	6.14e-02	4.70e-02
 9.38194e+16	8.68e-01	1.32e-01	5.75e-05	0.00e+00	0.00e+00	0.00e+00	0.00e+00	0.00e+00	0.00e+00	7.61e-01	6.06e-02	4.66e-02
 9.38761e+16	8.74e-01	1.26e-01	4.99e-05	0.00e+00	0.00e+00	0.00e+00	0.00e+00	0.00e+00	0.00e+00	7.68e-01	6.00e-02	4.62e-02
 9.39314e+16	8.79e-01	1.21e-01	4.35e-05	0.00e+00	0.00e+00	0.00e+00	0.00e+00	0.00e+00	0.00e+00	7.74e-01	5.92e-02	4.59e-02
 9.39853e+16	8.84e-01	1.16e-01	3.80e-05	0.00e+00	0.00e+00	0.00e+00	0.00e+00	0.00e+00	0.00e+00	7.80e-01	5.86e-02	4.55e-02
 9.40390e+16	8.89e-01	1.11e-01	3.32e-05	0.00e+00	0.00e+00	0.00e+00	0.00e+00	0.00e+00	0.00e+00	7.86e-01	5.79e-02	4.51e-02
 9.40926e+16	8.94e-01	1.06e-01	2.89e-05	0.00e+00	0.00e+00	0.00e+00	0.00e+00	0.00e+00	0.00e+00	7.92e-01	5.72e-02	4.47e-02
 9.41449e+16	8.99e-01	1.01e-01	2.53e-05	0.00e+00	0.00e+00	0.00e+00	0.00e+00	0.00e+00	0.00e+00	7.98e-01	5.66e-02	4.43e-02
 9.41958e+16	9.03e-01	9.71e-02	2.22e-05	0.00e+00	0.00e+00	0.00e+00	0.00e+00	0.00e+00	0.00e+00	8.03e-01	5.59e-02	4.40e-02
 9.42463e+16	9.07e-01	9.31e-02	1.94e-05	0.00e+00	0.00e+00	0.00e+00	0.00e+00	0.00e+00	0.00e+00	8.08e-01	5.53e-02	4.36e-02
 9.42968e+16	9.11e-01	8.92e-02	1.70e-05	0.00e+00	0.00e+00	0.00e+00	0.00e+00	0.00e+00	0.00e+00	8.13e-01	5.47e-02	4.32e-02
 9.43465e+16	9.15e-01	8.54e-02	1.49e-05	0.00e+00	0.00e+00	0.00e+00	0.00e+00	0.00e+00	0.00e+00	8.18e-01	5.41e-02	4.28e-02
 9.43947e+16	9.18e-01	8.19e-02	1.31e-05	0.00e+00	0.00e+00	0.00e+00	0.00e+00	0.00e+00	0.00e+00	8.22e-01	5.35e-02	4.25e-02
 9.44425e+16	9.21e-01	7.85e-02	1.16e-05	0.00e+00	0.00e+00	0.00e+00	0.00e+00	0.00e+00	0.00e+00	8.26e-01	5.29e-02	4.21e-02
 9.44906e+16	9.25e-01	7.53e-02	1.02e-05	0.00e+00	0.00e+00	0.00e+00	0.00e+00	0.00e+00	0.00e+00	8.31e-01	5.24e-02	4.17e-02
 9.45379e+16	9.28e-01	7.22e-02	8.96e-06	0.00e+00	0.00e+00	0.00e+00	0.00e+00	0.00e+00	0.00e+00	8.35e-01	5.18e-02	4.14e-02
 9.45840e+16	9.31e-01	6.92e-02	7.92e-06	0.00e+00	0.00e+00	0.00e+00	0.00e+00	0.00e+00	0.00e+00	8.38e-01	5.13e-02	4.10e-02
 9.46295e+16	9.34e-01	6.65e-02	7.00e-06	0.00e+00	0.00e+00	0.00e+00	0.00e+00	0.00e+00	0.00e+00	8.42e-01	5.08e-02	4.07e-02
 9.46754e+16	9.36e-01	6.38e-02	6.18e-06	0.00e+00	0.00e+00	0.00e+00	0.00e+00	0.00e+00	0.00e+00	8.46e-01	5.03e-02	4.04e-02
 9.47207e+16	9.39e-01	6.12e-02	5.46e-06	0.00e+00	0.00e+00	0.00e+00	0.00e+00	0.00e+00	0.00e+00	8.49e-01	4.98e-02	4.00e-02
 9.47649e+16	9.41e-01	5.88e-02	4.84e-06	0.00e+00	0.00e+00	0.00e+00	0.00e+00	0.00e+00	0.00e+00	8.52e-01	4.93e-02	3.97e-02
 9.48084e+16	9.44e-01	5.64e-02	4.29e-06	0.00e+00	0.00e+00	0.00e+00	0.00e+00	0.00e+00	0.00e+00	8.55e-01	4.88e-02	3.94e-02
 9.48525e+16	9.46e-01	5.42e-02	3.80e-06	0.00e+00	0.00e+00	0.00e+00	0.00e+00	0.00e+00	0.00e+00	8.58e-01	4.84e-02	3.91e-02
 9.48962e+16	9.48e-01	5.19e-02	3.36e-06	0.00e+00	0.00e+00	0.00e+00	0.00e+00	0.00e+00	0.00e+00	8.61e-01	4.79e-02	3.87e-02
 9.49387e+16	9.50e-01	4.98e-02	2.99e-06	0.00e+00	0.00e+00	0.00e+00	0.00e+00	0.00e+00	0.00e+00	8.64e-01	4.75e-02	3.84e-02
 9.49805e+16	9.52e-01	4.79e-02	2.66e-06	0.00e+00	0.00e+00	0.00e+00	0.00e+00	0.00e+00	0.00e+00	8.67e-01	4.71e-02	3.80e-02
 9.50223e+16	9.54e-01	4.61e-02	2.37e-06	0.00e+00	0.00e+00	0.00e+00	0.00e+00	0.00e+00	0.00e+00	8.70e-01	4.67e-02	3.77e-02
 9.50645e+16	9.56e-01	4.42e-02	2.10e-06	0.00e+00	0.00e+00	0.00e+00	0.00e+00	0.00e+00	0.00e+00	8.72e-01	4.63e-02	3.74e-02
 9.51060e+16	9.58e-01	4.24e-02	1.87e-06	0.00e+00	0.00e+00	0.00e+00	0.00e+00	0.00e+00	0.00e+00	8.75e-01	4.59e-02	3.71e-02
 9.51467e+16	9.59e-01	4.07e-02	1.67e-06	0.00e+00	0.00e+00	0.00e+00	0.00e+00	0.00e+00	0.00e+00	8.77e-01	4.55e-02	3.68e-02
 9.51869e+16	9.61e-01	3.91e-02	1.49e-06	0.00e+00	0.00e+00	0.00e+00	0.00e+00	0.00e+00	0.00e+00	8.79e-01	4.51e-02	3.65e-02
 9.52270e+16	9.62e-01	3.76e-02	1.33e-06	0.00e+00	0.00e+00	0.00e+00	0.00e+00	0.00e+00	0.00e+00	8.81e-01	4.48e-02	3.62e-02
 9.52669e+16	9.64e-01	3.61e-02	1.19e-06	0.00e+00	0.00e+00	0.00e+00	0.00e+00	0.00e+00	0.00e+00	8.84e-01	4.44e-02	3.59e-02
 9.53063e+16	9.65e-01	3.46e-02	1.06e-06	0.00e+00	0.00e+00	0.00e+00	0.00e+00	0.00e+00	0.00e+00	8.86e-01	4.41e-02	3.56e-02
 9.53453e+16	9.67e-01	3.33e-02	9.52e-07	0.00e+00	0.00e+00	0.00e+00	0.00e+00	0.00e+00	0.00e+00	8.88e-01	4.38e-02	3.54e-02
 9.53838e+16	9.68e-01	3.19e-02	8.53e-07	0.00e+00	0.00e+00	0.00e+00	0.00e+00	0.00e+00	0.00e+00	8.90e-01	4.34e-02	3.51e-02
 9.54218e+16	9.69e-01	3.07e-02	7.66e-07	0.00e+00	0.00e+00	0.00e+00	0.00e+00	0.00e+00	0.00e+00	8.91e-01	4.31e-02	3.48e-02
 9.54595e+16	9.71e-01	2.94e-02	6.87e-07	0.00e+00	0.00e+00	0.00e+00	0.00e+00	0.00e+00	0.00e+00	8.93e-01	4.28e-02	3.46e-02
 9.54969e+16	9.72e-01	2.83e-02	6.18e-07	0.00e+00	0.00e+00	0.00e+00	0.00e+00	0.00e+00	0.00e+00	8.95e-01	4.25e-02	3.43e-02
 9.55340e+16	9.73e-01	2.71e-02	5.55e-07	0.00e+00	0.00e+00	0.00e+00	0.00e+00	0.00e+00	0.00e+00	8.97e-01	4.23e-02	3.41e-02
 9.55705e+16	9.74e-01	2.60e-02	5.00e-07	0.00e+00	0.00e+00	0.00e+00	0.00e+00	0.00e+00	0.00e+00	8.98e-01	4.20e-02	3.39e-02
 9.56065e+16	9.75e-01	2.50e-02	4.51e-07	0.00e+00	0.00e+00	0.00e+00	0.00e+00	0.00e+00	0.00e+00	9.00e-01	4.17e-02	3.36e-02
 9.56416e+16	9.76e-01	2.40e-02	4.08e-07	0.00e+00	0.00e+00	0.00e+00	0.00e+00	0.00e+00	0.00e+00	9.01e-01	4.15e-02	3.34e-02
 9.56752e+16	9.77e-01	2.31e-02	3.71e-07	0.00e+00	0.00e+00	0.00e+00	0.00e+00	0.00e+00	0.00e+00	9.03e-01	4.12e-02	3.32e-02
 9.57065e+16	9.78e-01	2.23e-02	3.39e-07	0.00e+00	0.00e+00	0.00e+00	0.00e+00	0.00e+00	0.00e+00	9.04e-01	4.10e-02	3.30e-02
 9.57344e+16	9.78e-01	2.15e-02	3.14e-07	0.00e+00	0.00e+00	0.00e+00	0.00e+00	0.00e+00	0.00e+00	9.05e-01	4.08e-02	3.28e-02
 9.57598e+16	9.79e-01	2.09e-02	2.93e-07	0.00e+00	0.00e+00	0.00e+00	0.00e+00	0.00e+00	0.00e+00	9.06e-01	4.06e-02	3.27e-02
 9.57835e+16	9.80e-01	2.04e-02	2.74e-07	0.00e+00	0.00e+00	0.00e+00	0.00e+00	0.00e+00	0.00e+00	9.07e-01	4.05e-02	3.25e-02
 9.58059e+16	9.80e-01	1.98e-02	2.58e-07	0.00e+00	0.00e+00	0.00e+00	0.00e+00	0.00e+00	0.00e+00	9.07e-01	4.03e-02	3.24e-02
 9.58270e+16	9.81e-01	1.93e-02	2.43e-07	0.00e+00	0.00e+00	0.00e+00	0.00e+00	0.00e+00	0.00e+00	9.08e-01	4.01e-02	3.23e-02
 9.58460e+16	9.81e-01	1.89e-02	2.30e-07	0.00e+00	0.00e+00	0.00e+00	0.00e+00	0.00e+00	0.00e+00	9.09e-01	4.00e-02	3.21e-02
 9.58636e+16	9.82e-01	1.85e-02	2.19e-07	0.00e+00	0.00e+00	0.00e+00	0.00e+00	0.00e+00	0.00e+00	9.10e-01	3.99e-02	3.20e-02
 9.58804e+16	9.82e-01	1.81e-02	2.09e-07	0.00e+00	0.00e+00	0.00e+00	0.00e+00	0.00e+00	0.00e+00	9.10e-01	3.98e-02	3.19e-02
 9.58963e+16	9.82e-01	1.77e-02	2.00e-07	0.00e+00	0.00e+00	0.00e+00	0.00e+00	0.00e+00	0.00e+00	9.11e-01	3.96e-02	3.18e-02
 9.59114e+16	9.83e-01	1.74e-02	1.92e-07	0.00e+00	0.00e+00	0.00e+00	0.00e+00	0.00e+00	0.00e+00	9.11e-01	3.95e-02	3.17e-02
 9.59257e+16	9.83e-01	1.70e-02	1.85e-07	0.00e+00	0.00e+00	0.00e+00	0.00e+00	0.00e+00	0.00e+00	9.12e-01	3.94e-02	3.16e-02
 9.59391e+16	9.83e-01	1.67e-02	1.78e-07	0.00e+00	0.00e+00	0.00e+00	0.00e+00	0.00e+00	0.00e+00	9.13e-01	3.93e-02	3.15e-02
 9.59519e+16	9.84e-01	1.64e-02	1.71e-07	0.00e+00	0.00e+00	0.00e+00	0.00e+00	0.00e+00	0.00e+00	9.13e-01	3.92e-02	3.14e-02
 9.59641e+16	9.84e-01	1.61e-02	1.66e-07	0.00e+00	0.00e+00	0.00e+00	0.00e+00	0.00e+00	0.00e+00	9.14e-01	3.91e-02	3.13e-02
 9.59758e+16	9.84e-01	1.58e-02	1.60e-07	0.00e+00	0.00e+00	0.00e+00	0.00e+00	0.00e+00	0.00e+00	9.14e-01	3.90e-02	3.12e-02
 9.59869e+16	9.84e-01	1.56e-02	1.55e-07	0.00e+00	0.00e+00	0.00e+00	0.00e+00	0.00e+00	0.00e+00	9.14e-01	3.89e-02	3.11e-02
 9.59977e+16	9.85e-01	1.53e-02	1.50e-07	0.00e+00	0.00e+00	0.00e+00	0.00e+00	0.00e+00	0.00e+00	9.15e-01	3.88e-02	3.10e-02
 9.60080e+16	9.85e-01	1.51e-02	1.46e-07	0.00e+00	0.00e+00	0.00e+00	0.00e+00	0.00e+00	0.00e+00	9.15e-01	3.87e-02	3.09e-02
 9.60181e+16	9.85e-01	1.48e-02	1.42e-07	0.00e+00	0.00e+00	0.00e+00	0.00e+00	0.00e+00	0.00e+00	9.16e-01	3.86e-02	3.09e-02
 9.60275e+16	9.85e-01	1.46e-02	1.38e-07	0.00e+00	0.00e+00	0.00e+00	0.00e+00	0.00e+00	0.00e+00	9.16e-01	3.85e-02	3.08e-02
 9.60368e+16	9.86e-01	1.43e-02	1.34e-07	0.00e+00	0.00e+00	0.00e+00	0.00e+00	0.00e+00	0.00e+00	9.17e-01	3.84e-02	3.07e-02
 9.60463e+16	9.86e-01	1.41e-02	1.31e-07	0.00e+00	0.00e+00	0.00e+00	0.00e+00	0.00e+00	0.00e+00	9.17e-01	3.83e-02	3.06e-02
 9.60561e+16	9.86e-01	1.39e-02	1.27e-07	0.00e+00	0.00e+00	0.00e+00	0.00e+00	0.00e+00	0.00e+00	9.17e-01	3.82e-02	3.05e-02
 9.60658e+16	9.86e-01	1.36e-02	1.23e-07	0.00e+00	0.00e+00	0.00e+00	0.00e+00	0.00e+00	0.00e+00	9.18e-01	3.81e-02	3.04e-02
 9.60755e+16	9.87e-01	1.33e-02	1.20e-07	0.00e+00	0.00e+00	0.00e+00	0.00e+00	0.00e+00	0.00e+00	9.18e-01	3.79e-02	3.03e-02
 9.60854e+16	9.87e-01	1.31e-02	1.16e-07	0.00e+00	0.00e+00	0.00e+00	0.00e+00	0.00e+00	0.00e+00	9.19e-01	3.78e-02	3.02e-02
 9.60961e+16	9.87e-01	1.28e-02	1.12e-07	0.00e+00	0.00e+00	0.00e+00	0.00e+00	0.00e+00	0.00e+00	9.20e-01	3.77e-02	3.00e-02
 9.61074e+16	9.88e-01	1.24e-02	1.08e-07	0.00e+00	0.00e+00	0.00e+00	0.00e+00	0.00e+00	0.00e+00	9.20e-01	3.75e-02	2.99e-02
 9.61185e+16	9.88e-01	1.21e-02	1.04e-07	0.00e+00	0.00e+00	0.00e+00	0.00e+00	0.00e+00	0.00e+00	9.21e-01	3.74e-02	2.97e-02
 9.61285e+16	9.88e-01	1.18e-02	1.01e-07	0.00e+00	0.00e+00	0.00e+00	0.00e+00	0.00e+00	0.00e+00	9.21e-01	3.72e-02	2.96e-02
 9.61377e+16	9.88e-01	1.15e-02	9.78e-08	0.00e+00	0.00e+00	0.00e+00	0.00e+00	0.00e+00	0.00e+00	9.22e-01	3.71e-02	2.95e-02
 9.61465e+16	9.89e-01	1.13e-02	9.50e-08	0.00e+00	0.00e+00	0.00e+00	0.00e+00	0.00e+00	0.00e+00	9.22e-01	3.69e-02	2.93e-02
 9.61548e+16	9.89e-01	1.10e-02	9.23e-08	0.00e+00	0.00e+00	0.00e+00	0.00e+00	0.00e+00	0.00e+00	9.23e-01	3.68e-02	2.92e-02
 9.61624e+16	9.89e-01	1.08e-02	8.99e-08	0.00e+00	0.00e+00	0.00e+00	0.00e+00	0.00e+00	0.00e+00	9.23e-01	3.66e-02	2.91e-02
 9.61693e+16	9.89e-01	1.06e-02	8.77e-08	0.00e+00	0.00e+00	0.00e+00	0.00e+00	0.00e+00	0.00e+00	9.24e-01	3.65e-02	2.90e-02
 9.61756e+16	9.90e-01	1.04e-02	8.57e-08	0.00e+00	0.00e+00	0.00e+00	0.00e+00	0.00e+00	0.00e+00	9.24e-01	3.64e-02	2.88e-02
 9.61813e+16	9.90e-01	1.03e-02	8.40e-08	0.00e+00	0.00e+00	0.00e+00	0.00e+00	0.00e+00	0.00e+00	9.25e-01	3.63e-02	2.87e-02
 9.61865e+16	9.90e-01	1.01e-02	8.25e-08	0.00e+00	0.00e+00	0.00e+00	0.00e+00	0.00e+00	0.00e+00	9.25e-01	3.62e-02	2.87e-02
 9.61922e+16	9.90e-01	9.96e-03	8.06e-08	0.00e+00	0.00e+00	0.00e+00	0.00e+00	0.00e+00	0.00e+00	9.25e-01	3.61e-02	2.85e-02
 9.61984e+16	9.90e-01	9.80e-03	7.88e-08	0.00e+00	0.00e+00	0.00e+00	0.00e+00	0.00e+00	0.00e+00	9.26e-01	3.60e-02	2.84e-02
 9.62040e+16	9.90e-01	9.64e-03	7.71e-08	0.00e+00	0.00e+00	0.00e+00	0.00e+00	0.00e+00	0.00e+00	9.26e-01	3.59e-02	2.83e-02
 9.62091e+16	9.90e-01	9.52e-03	7.57e-08	0.00e+00	0.00e+00	0.00e+00	0.00e+00	0.00e+00	0.00e+00	9.26e-01	3.57e-02	2.82e-02
 9.62147e+16	9.91e-01	9.35e-03	7.39e-08	0.00e+00	0.00e+00	0.00e+00	0.00e+00	0.00e+00	0.00e+00	9.27e-01	3.56e-02	2.81e-02
 9.62207e+16	9.91e-01	9.20e-03	7.22e-08	0.00e+00	0.00e+00	0.00e+00	0.00e+00	0.00e+00	0.00e+00	9.27e-01	3.55e-02	2.80e-02
 9.62262e+16	9.91e-01	9.05e-03	7.06e-08	0.00e+00	0.00e+00	0.00e+00	0.00e+00	0.00e+00	0.00e+00	9.28e-01	3.53e-02	2.79e-02
 9.62312e+16	9.91e-01	8.93e-03	6.92e-08	0.00e+00	0.00e+00	0.00e+00	0.00e+00	0.00e+00	0.00e+00	9.28e-01	3.52e-02	2.78e-02
 9.62367e+16	9.91e-01	8.78e-03	6.76e-08	0.00e+00	0.00e+00	0.00e+00	0.00e+00	0.00e+00	0.00e+00	9.28e-01	3.51e-02	2.77e-02
 9.62426e+16	9.91e-01	8.63e-03	6.59e-08	0.00e+00	0.00e+00	0.00e+00	0.00e+00	0.00e+00	0.00e+00	9.29e-01	3.50e-02	2.76e-02
 9.62480e+16	9.92e-01	8.49e-03	6.44e-08	0.00e+00	0.00e+00	0.00e+00	0.00e+00	0.00e+00	0.00e+00	9.29e-01	3.48e-02	2.75e-02
 9.62528e+16	9.92e-01	8.39e-03	6.32e-08	0.00e+00	0.00e+00	0.00e+00	0.00e+00	0.00e+00	0.00e+00	9.29e-01	3.47e-02	2.74e-02
 9.62582e+16	9.92e-01	8.28e-03	6.18e-08	0.00e+00	0.00e+00	0.00e+00	0.00e+00	0.00e+00	0.00e+00	9.30e-01	3.47e-02	2.73e-02
 9.62652e+16	9.92e-01	8.14e-03	6.01e-08	0.00e+00	0.00e+00	0.00e+00	0.00e+00	0.00e+00	0.00e+00	9.30e-01	3.45e-02	2.72e-02
 9.62727e+16	9.92e-01	7.99e-03	5.83e-08	0.00e+00	0.00e+00	0.00e+00	0.00e+00	0.00e+00	0.00e+00	9.31e-01	3.44e-02	2.71e-02
 9.62796e+16	9.92e-01	7.85e-03	5.66e-08	0.00e+00	0.00e+00	0.00e+00	0.00e+00	0.00e+00	0.00e+00	9.31e-01	3.43e-02	2.70e-02
 9.62858e+16	9.92e-01	7.73e-03	5.52e-08	0.00e+00	0.00e+00	0.00e+00	0.00e+00	0.00e+00	0.00e+00	9.31e-01	3.42e-02	2.69e-02
 9.62926e+16	9.92e-01	7.60e-03	5.36e-08	0.00e+00	0.00e+00	0.00e+00	0.00e+00	0.00e+00	0.00e+00	9.32e-01	3.40e-02	2.68e-02
 9.63000e+16	9.93e-01	7.45e-03	5.19e-08	0.00e+00	0.00e+00	0.00e+00	0.00e+00	0.00e+00	0.00e+00	9.32e-01	3.39e-02	2.66e-02
 9.63067e+16	9.93e-01	7.32e-03	5.04e-08	0.00e+00	0.00e+00	0.00e+00	0.00e+00	0.00e+00	0.00e+00	9.32e-01	3.38e-02	2.65e-02
 9.63128e+16	9.93e-01	7.19e-03	4.90e-08	0.00e+00	0.00e+00	0.00e+00	0.00e+00	0.00e+00	0.00e+00	9.33e-01	3.36e-02	2.64e-02
