#depth	He	He+	He+2
 2.22701e+12	6.58e-05	1.15e-01	8.85e-01
 1.33621e+13	6.57e-05	1.15e-01	8.85e-01
 5.79024e+13	6.59e-05	1.15e-01	8.85e-01
 2.36063e+14	6.68e-05	1.16e-01	8.84e-01
 5.63880e+14	6.71e-05	1.16e-01	8.83e-01
 9.90041e+14	6.85e-05	1.18e-01	8.82e-01
 1.54405e+15	7.08e-05	1.21e-01	8.79e-01
 2.26426e+15	7.48e-05	1.26e-01	8.74e-01
 3.20054e+15	8.11e-05	1.35e-01	8.65e-01
 4.41770e+15	9.16e-05	1.49e-01	8.51e-01
 6.00001e+15	1.10e-04	1.73e-01	8.27e-01
 7.66420e+15	1.36e-04	2.07e-01	7.93e-01
 9.04752e+15	1.67e-04	2.47e-01	7.53e-01
 1.01696e+16	2.01e-04	2.91e-01	7.09e-01
 1.11451e+16	2.40e-04	3.39e-01	6.60e-01
 1.20650e+16	2.86e-04	3.96e-01	6.04e-01
 1.29604e+16	3.41e-04	4.61e-01	5.38e-01
 1.38364e+16	4.05e-04	5.35e-01	4.64e-01
 1.47019e+16	4.76e-04	6.16e-01	3.84e-01
 1.55023e+16	5.46e-04	6.91e-01	3.08e-01
 1.63500e+16	6.20e-04	7.66e-01	2.33e-01
 1.74521e+16	7.02e-04	8.46e-01	1.54e-01
 1.88849e+16	7.91e-04	9.16e-01	8.29e-02
 2.06794e+16	8.65e-04	9.62e-01	3.69e-02
 2.27473e+16	9.25e-04	9.84e-01	1.49e-02
 2.50221e+16	9.79e-04	9.93e-01	5.82e-03
 2.75243e+16	1.03e-03	9.97e-01	2.22e-03
 3.02767e+16	1.09e-03	9.98e-01	8.20e-04
 3.33044e+16	1.17e-03	9.99e-01	2.93e-04
 3.66348e+16	1.25e-03	9.99e-01	1.02e-04
 4.02983e+16	1.35e-03	9.99e-01	3.50e-05
 4.43281e+16	1.49e-03	9.99e-01	1.21e-05
 4.83110e+16	1.64e-03	9.98e-01	4.83e-06
 5.08105e+16	1.75e-03	9.98e-01	3.00e-06
 5.17653e+16	1.80e-03	9.98e-01	2.53e-06
 5.25181e+16	1.84e-03	9.98e-01	2.18e-06
 5.34968e+16	1.90e-03	9.98e-01	1.80e-06
 5.47690e+16	1.97e-03	9.98e-01	1.43e-06
 5.64229e+16	2.07e-03	9.98e-01	1.07e-06
 5.80719e+16	2.18e-03	9.98e-01	8.25e-07
 5.93073e+16	2.28e-03	9.98e-01	6.85e-07
 6.03334e+16	2.36e-03	9.98e-01	5.87e-07
 6.14942e+16	2.46e-03	9.98e-01	4.93e-07
 6.30032e+16	2.61e-03	9.97e-01	3.95e-07
 6.44839e+16	2.77e-03	9.97e-01	3.25e-07
 6.55563e+16	2.90e-03	9.97e-01	2.84e-07
 6.65788e+16	3.03e-03	9.97e-01	2.47e-07
 6.79082e+16	3.23e-03	9.97e-01	2.07e-07
 6.92276e+16	3.45e-03	9.97e-01	1.77e-07
 7.02108e+16	3.63e-03	9.96e-01	1.58e-07
 7.10372e+16	3.80e-03	9.96e-01	1.43e-07
 7.19834e+16	4.02e-03	9.96e-01	1.27e-07
 7.32134e+16	4.32e-03	9.96e-01	1.10e-07
 7.44251e+16	4.69e-03	9.95e-01	9.59e-08
 7.52975e+16	4.99e-03	9.95e-01	8.75e-08
 7.59961e+16	5.25e-03	9.95e-01	8.09e-08
 7.67840e+16	5.59e-03	9.94e-01	7.38e-08
 7.78084e+16	6.09e-03	9.94e-01	6.57e-08
 7.88083e+16	6.66e-03	9.93e-01	5.92e-08
 7.95200e+16	7.14e-03	9.93e-01	5.51e-08
 8.00863e+16	7.58e-03	9.92e-01	5.18e-08
 8.07199e+16	8.12e-03	9.92e-01	4.83e-08
 8.15435e+16	8.93e-03	9.91e-01	4.41e-08
 8.23527e+16	9.89e-03	9.90e-01	4.06e-08
 8.29374e+16	1.07e-02	9.89e-01	3.83e-08
 8.34087e+16	1.15e-02	9.88e-01	3.65e-08
 8.39385e+16	1.25e-02	9.87e-01	3.44e-08
 8.46273e+16	1.40e-02	9.86e-01	3.19e-08
 8.53130e+16	1.59e-02	9.84e-01	2.98e-08
 8.58161e+16	1.76e-02	9.82e-01	2.84e-08
 8.61765e+16	1.90e-02	9.81e-01	2.74e-08
 8.65296e+16	2.06e-02	9.79e-01	2.64e-08
 8.69271e+16	2.27e-02	9.77e-01	2.54e-08
 8.72891e+16	2.49e-02	9.75e-01	2.45e-08
 8.75905e+16	2.71e-02	9.73e-01	2.38e-08
 8.78623e+16	2.92e-02	9.71e-01	2.33e-08
 8.81719e+16	3.21e-02	9.68e-01	2.26e-08
 8.84989e+16	3.56e-02	9.64e-01	2.20e-08
 8.87692e+16	3.91e-02	9.61e-01	2.15e-08
 8.89935e+16	4.23e-02	9.58e-01	2.11e-08
 8.92370e+16	4.63e-02	9.54e-01	2.07e-08
 8.95073e+16	5.15e-02	9.49e-01	2.04e-08
 8.97476e+16	5.69e-02	9.43e-01	2.01e-08
 8.99490e+16	6.20e-02	9.38e-01	1.99e-08
 9.01646e+16	6.84e-02	9.32e-01	1.97e-08
 9.04019e+16	7.62e-02	9.24e-01	1.96e-08
 9.06150e+16	8.46e-02	9.15e-01	1.96e-08
 9.08009e+16	9.29e-02	9.07e-01	1.96e-08
 9.09901e+16	1.03e-01	8.97e-01	1.97e-08
 9.11952e+16	1.14e-01	8.86e-01	1.99e-08
 9.13852e+16	1.27e-01	8.73e-01	2.01e-08
 9.15402e+16	1.39e-01	8.61e-01	2.03e-08
 9.16732e+16	1.50e-01	8.50e-01	2.06e-08
 9.18026e+16	1.62e-01	8.38e-01	2.08e-08
 9.19332e+16	1.74e-01	8.26e-01	2.11e-08
 9.20355e+16	1.85e-01	8.15e-01	2.15e-08
 9.20989e+16	1.92e-01	8.08e-01	2.16e-08
 9.21585e+16	2.00e-01	8.00e-01	2.17e-08
 9.22344e+16	2.09e-01	7.91e-01	2.19e-08
 9.23164e+16	2.20e-01	7.80e-01	2.22e-08
 9.23886e+16	2.29e-01	7.71e-01	2.25e-08
 9.24533e+16	2.38e-01	7.62e-01	2.27e-08
 9.25196e+16	2.49e-01	7.51e-01	2.29e-08
 9.25886e+16	2.59e-01	7.41e-01	2.32e-08
 9.26574e+16	2.70e-01	7.30e-01	2.35e-08
 9.27238e+16	2.81e-01	7.19e-01	2.38e-08
 9.27879e+16	2.92e-01	7.08e-01	2.40e-08
 9.28515e+16	3.03e-01	6.97e-01	2.44e-08
 9.29162e+16	3.15e-01	6.85e-01	2.47e-08
 9.29813e+16	3.28e-01	6.72e-01	2.50e-08
 9.30440e+16	3.40e-01	6.60e-01	2.53e-08
 9.31054e+16	3.52e-01	6.48e-01	2.56e-08
 9.31673e+16	3.65e-01	6.35e-01	2.59e-08
 9.32297e+16	3.79e-01	6.21e-01	2.62e-08
 9.32910e+16	3.92e-01	6.08e-01	2.65e-08
 9.33512e+16	4.05e-01	5.95e-01	2.68e-08
 9.34117e+16	4.20e-01	5.80e-01	2.71e-08
 9.34714e+16	4.33e-01	5.67e-01	2.74e-08
 9.35302e+16	4.47e-01	5.53e-01	2.77e-08
 9.35895e+16	4.62e-01	5.38e-01	2.79e-08
 9.36482e+16	4.76e-01	5.24e-01	2.83e-08
 9.37055e+16	4.90e-01	5.10e-01	2.85e-08
 9.37624e+16	5.05e-01	4.95e-01	2.87e-08
 9.38194e+16	5.20e-01	4.80e-01	2.90e-08
 9.38761e+16	5.34e-01	4.66e-01	2.92e-08
 9.39314e+16	5.48e-01	4.52e-01	2.95e-08
 9.39853e+16	5.62e-01	4.38e-01	2.96e-08
 9.40390e+16	5.76e-01	4.24e-01	2.98e-08
 9.40926e+16	5.90e-01	4.10e-01	3.00e-08
 9.41449e+16	6.04e-01	3.96e-01	3.01e-08
 9.41958e+16	6.17e-01	3.83e-01	3.02e-08
 9.42463e+16	6.30e-01	3.70e-01	3.03e-08
 9.42968e+16	6.43e-01	3.57e-01	3.04e-08
 9.43465e+16	6.55e-01	3.45e-01	3.05e-08
 9.43947e+16	6.68e-01	3.32e-01	3.05e-08
 9.44425e+16	6.80e-01	3.20e-01	3.05e-08
 9.44906e+16	6.91e-01	3.09e-01	3.06e-08
 9.45379e+16	7.03e-01	2.97e-01	3.06e-08
 9.45840e+16	7.14e-01	2.86e-01	3.06e-08
 9.46295e+16	7.24e-01	2.76e-01	3.05e-08
 9.46754e+16	7.35e-01	2.65e-01	3.05e-08
 9.47207e+16	7.45e-01	2.55e-01	3.05e-08
 9.47649e+16	7.55e-01	2.45e-01	3.04e-08
 9.48084e+16	7.64e-01	2.36e-01	3.03e-08
 9.48525e+16	7.73e-01	2.27e-01	3.02e-08
 9.48962e+16	7.82e-01	2.18e-01	3.01e-08
 9.49387e+16	7.91e-01	2.09e-01	3.00e-08
 9.49805e+16	7.99e-01	2.01e-01	2.98e-08
 9.50223e+16	8.07e-01	1.93e-01	2.97e-08
 9.50645e+16	8.15e-01	1.85e-01	2.95e-08
 9.51060e+16	8.23e-01	1.77e-01	2.94e-08
 9.51467e+16	8.30e-01	1.70e-01	2.92e-08
 9.51869e+16	8.37e-01	1.63e-01	2.90e-08
 9.52270e+16	8.43e-01	1.57e-01	2.88e-08
 9.52669e+16	8.50e-01	1.50e-01	2.86e-08
 9.53063e+16	8.56e-01	1.44e-01	2.83e-08
 9.53453e+16	8.62e-01	1.38e-01	2.81e-08
 9.53838e+16	8.67e-01	1.33e-01	2.79e-08
 9.54218e+16	8.73e-01	1.27e-01	2.76e-08
 9.54595e+16	8.78e-01	1.22e-01	2.74e-08
 9.54969e+16	8.83e-01	1.17e-01	2.71e-08
 9.55340e+16	8.88e-01	1.12e-01	2.68e-08
 9.55705e+16	8.92e-01	1.08e-01	2.65e-08
 9.56065e+16	8.96e-01	1.04e-01	2.62e-08
 9.56416e+16	9.01e-01	9.94e-02	2.59e-08
 9.56752e+16	9.04e-01	9.56e-02	2.56e-08
 9.57065e+16	9.08e-01	9.22e-02	2.53e-08
 9.57344e+16	9.11e-01	8.92e-02	2.50e-08
 9.57598e+16	9.14e-01	8.64e-02	2.47e-08
 9.57835e+16	9.16e-01	8.40e-02	2.45e-08
 9.58059e+16	9.18e-01	8.17e-02	2.42e-08
 9.58270e+16	9.20e-01	7.96e-02	2.39e-08
 9.58460e+16	9.22e-01	7.77e-02	2.36e-08
 9.58636e+16	9.24e-01	7.60e-02	2.34e-08
 9.58804e+16	9.26e-01	7.43e-02	2.31e-08
 9.58963e+16	9.27e-01	7.28e-02	2.29e-08
 9.59114e+16	9.29e-01	7.14e-02	2.27e-08
 9.59257e+16	9.30e-01	7.01e-02	2.24e-08
 9.59391e+16	9.31e-01	6.89e-02	2.22e-08
 9.59519e+16	9.32e-01	6.78e-02	2.20e-08
 9.59641e+16	9.33e-01	6.67e-02	2.18e-08
 9.59758e+16	9.34e-01	6.56e-02	2.16e-08
 9.59869e+16	9.35e-01	6.47e-02	2.14e-08
 9.59977e+16	9.36e-01	6.37e-02	2.13e-08
 9.60080e+16	9.37e-01	6.29e-02	2.11e-08
 9.60181e+16	9.38e-01	6.20e-02	2.09e-08
 9.60275e+16	9.39e-01	6.12e-02	2.07e-08
 9.60368e+16	9.40e-01	6.04e-02	2.05e-08
 9.60463e+16	9.40e-01	5.96e-02	2.03e-08
 9.60561e+16	9.41e-01	5.88e-02	2.02e-08
 9.60658e+16	9.42e-01	5.80e-02	2.00e-08
 9.60755e+16	9.43e-01	5.72e-02	1.98e-08
 9.60854e+16	9.44e-01	5.64e-02	1.95e-08
 9.60961e+16	9.45e-01	5.55e-02	1.93e-08
 9.61074e+16	9.45e-01	5.45e-02	1.90e-08
 9.61185e+16	9.46e-01	5.36e-02	1.88e-08
 9.61285e+16	9.47e-01	5.28e-02	1.85e-08
 9.61377e+16	9.48e-01	5.21e-02	1.83e-08
 9.61465e+16	9.49e-01	5.13e-02	1.80e-08
 9.61548e+16	9.49e-01	5.07e-02	1.78e-08
 9.61624e+16	9.50e-01	5.00e-02	1.76e-08
 9.61693e+16	9.51e-01	4.95e-02	1.74e-08
 9.61756e+16	9.51e-01	4.89e-02	1.72e-08
 9.61813e+16	9.52e-01	4.84e-02	1.70e-08
 9.61865e+16	9.52e-01	4.80e-02	1.69e-08
 9.61922e+16	9.53e-01	4.75e-02	1.67e-08
 9.61984e+16	9.53e-01	4.70e-02	1.65e-08
 9.62040e+16	9.53e-01	4.65e-02	1.63e-08
 9.62091e+16	9.54e-01	4.61e-02	1.62e-08
 9.62147e+16	9.54e-01	4.56e-02	1.60e-08
 9.62207e+16	9.55e-01	4.51e-02	1.58e-08
 9.62262e+16	9.55e-01	4.46e-02	1.56e-08
 9.62312e+16	9.56e-01	4.43e-02	1.55e-08
 9.62367e+16	9.56e-01	4.38e-02	1.53e-08
 9.62426e+16	9.57e-01	4.33e-02	1.52e-08
 9.62480e+16	9.57e-01	4.28e-02	1.50e-08
 9.62528e+16	9.57e-01	4.25e-02	1.49e-08
 9.62582e+16	9.58e-01	4.21e-02	1.47e-08
 9.62652e+16	9.58e-01	4.15e-02	1.46e-08
 9.62727e+16	9.59e-01	4.10e-02	1.44e-08
 9.62796e+16	9.59e-01	4.05e-02	1.42e-08
 9.62858e+16	9.60e-01	4.01e-02	1.41e-08
 9.62926e+16	9.60e-01	3.96e-02	1.40e-08
 9.63000e+16	9.61e-01	3.91e-02	1.38e-08
 9.63067e+16	9.61e-01	3.87e-02	1.37e-08
 9.63128e+16	9.62e-01	3.83e-02	1.36e-08
