#depth	H	H+	H2
 2.22701e+12	1.04e-03	9.99e-01	2.36e-14
 1.33621e+13	1.04e-03	9.99e-01	2.36e-14
 5.79024e+13	1.04e-03	9.99e-01	2.36e-14
 2.36063e+14	1.04e-03	9.99e-01	2.38e-14
 5.63880e+14	1.02e-03	9.99e-01	2.37e-14
 9.90041e+14	1.00e-03	9.99e-01	2.38e-14
 1.54405e+15	9.91e-04	9.99e-01	2.41e-14
 2.26426e+15	9.79e-04	9.99e-01	2.45e-14
 3.20054e+15	9.70e-04	9.99e-01	2.53e-14
 4.41770e+15	9.66e-04	9.99e-01	2.66e-14
 6.00001e+15	9.70e-04	9.99e-01	2.86e-14
 7.66420e+15	9.69e-04	9.99e-01	3.06e-14
 9.04752e+15	9.76e-04	9.99e-01	3.25e-14
 1.01696e+16	9.89e-04	9.99e-01	3.45e-14
 1.11451e+16	1.01e-03	9.99e-01	3.67e-14
 1.20650e+16	1.03e-03	9.99e-01	3.92e-14
 1.29604e+16	1.05e-03	9.99e-01	4.20e-14
 1.38364e+16	1.08e-03	9.99e-01	4.52e-14
 1.47019e+16	1.12e-03	9.99e-01	4.87e-14
 1.55023e+16	1.15e-03	9.99e-01	5.24e-14
 1.63500e+16	1.19e-03	9.99e-01	5.69e-14
 1.74521e+16	1.24e-03	9.99e-01	6.25e-14
 1.88849e+16	1.30e-03	9.99e-01	7.04e-14
 2.06794e+16	1.38e-03	9.99e-01	7.96e-14
 2.27473e+16	1.46e-03	9.99e-01	8.97e-14
 2.50221e+16	1.56e-03	9.98e-01	1.01e-13
 2.75243e+16	1.67e-03	9.98e-01	1.14e-13
 3.02767e+16	1.82e-03	9.98e-01	1.31e-13
 3.33044e+16	2.00e-03	9.98e-01	1.52e-13
 3.66348e+16	2.23e-03	9.98e-01	1.81e-13
 4.02983e+16	2.53e-03	9.97e-01	2.18e-13
 4.43281e+16	2.95e-03	9.97e-01	2.72e-13
 4.83110e+16	3.48e-03	9.97e-01	3.46e-13
 5.08105e+16	3.92e-03	9.96e-01	4.10e-13
 5.17653e+16	4.10e-03	9.96e-01	4.38e-13
 5.25181e+16	4.24e-03	9.96e-01	4.59e-13
 5.34968e+16	4.44e-03	9.96e-01	4.90e-13
 5.47690e+16	4.72e-03	9.95e-01	5.32e-13
 5.64229e+16	5.11e-03	9.95e-01	5.93e-13
 5.80719e+16	5.57e-03	9.94e-01	6.68e-13
 5.93073e+16	5.95e-03	9.94e-01	7.33e-13
 6.03334e+16	6.29e-03	9.94e-01	7.90e-13
 6.14942e+16	6.70e-03	9.93e-01	8.59e-13
 6.30032e+16	7.29e-03	9.93e-01	9.60e-13
 6.44839e+16	7.99e-03	9.92e-01	1.09e-12
 6.55563e+16	8.54e-03	9.91e-01	1.19e-12
 6.65788e+16	9.10e-03	9.91e-01	1.29e-12
 6.79082e+16	9.92e-03	9.90e-01	1.45e-12
 6.92276e+16	1.09e-02	9.89e-01	1.63e-12
 7.02108e+16	1.17e-02	9.88e-01	1.79e-12
 7.10372e+16	1.24e-02	9.88e-01	1.94e-12
 7.19834e+16	1.34e-02	9.87e-01	2.13e-12
 7.32134e+16	1.47e-02	9.85e-01	2.40e-12
 7.44251e+16	1.64e-02	9.84e-01	2.75e-12
 7.52975e+16	1.77e-02	9.82e-01	3.03e-12
 7.59961e+16	1.89e-02	9.81e-01	3.29e-12
 7.67840e+16	2.04e-02	9.80e-01	3.62e-12
 7.78084e+16	2.26e-02	9.77e-01	4.12e-12
 7.88083e+16	2.52e-02	9.75e-01	4.70e-12
 7.95200e+16	2.74e-02	9.73e-01	5.22e-12
 8.00863e+16	2.93e-02	9.71e-01	5.68e-12
 8.07199e+16	3.17e-02	9.68e-01	6.26e-12
 8.15435e+16	3.54e-02	9.65e-01	7.16e-12
 8.23527e+16	3.98e-02	9.60e-01	8.25e-12
 8.29374e+16	4.36e-02	9.56e-01	9.24e-12
 8.34087e+16	4.71e-02	9.53e-01	1.02e-11
 8.39385e+16	5.16e-02	9.48e-01	1.14e-11
 8.46273e+16	5.83e-02	9.42e-01	1.32e-11
 8.53130e+16	6.71e-02	9.33e-01	1.56e-11
 8.58161e+16	7.50e-02	9.25e-01	1.79e-11
 8.61765e+16	8.15e-02	9.18e-01	1.99e-11
 8.65296e+16	8.86e-02	9.11e-01	2.21e-11
 8.69271e+16	9.79e-02	9.02e-01	2.50e-11
 8.72891e+16	1.08e-01	8.92e-01	2.83e-11
 8.75905e+16	1.18e-01	8.82e-01	3.14e-11
 8.78623e+16	1.27e-01	8.73e-01	3.46e-11
 8.81719e+16	1.40e-01	8.60e-01	3.91e-11
 8.84989e+16	1.55e-01	8.45e-01	4.46e-11
 8.87692e+16	1.70e-01	8.30e-01	5.02e-11
 8.89935e+16	1.83e-01	8.17e-01	5.54e-11
 8.92370e+16	1.99e-01	8.01e-01	6.20e-11
 8.95073e+16	2.19e-01	7.81e-01	7.07e-11
 8.97476e+16	2.40e-01	7.60e-01	8.01e-11
 8.99490e+16	2.59e-01	7.41e-01	8.86e-11
 9.01646e+16	2.81e-01	7.19e-01	9.96e-11
 9.04019e+16	3.07e-01	6.93e-01	1.13e-10
 9.06150e+16	3.34e-01	6.66e-01	1.28e-10
 9.08009e+16	3.58e-01	6.42e-01	1.42e-10
 9.09901e+16	3.85e-01	6.15e-01	1.59e-10
 9.11952e+16	4.16e-01	5.84e-01	1.80e-10
 9.13852e+16	4.47e-01	5.53e-01	2.02e-10
 9.15402e+16	4.72e-01	5.28e-01	2.22e-10
 9.16732e+16	4.94e-01	5.06e-01	2.41e-10
 9.18026e+16	5.16e-01	4.84e-01	2.61e-10
 9.19332e+16	5.39e-01	4.61e-01	2.83e-10
 9.20355e+16	5.57e-01	4.43e-01	3.01e-10
 9.20989e+16	5.67e-01	4.33e-01	3.13e-10
 9.21585e+16	5.77e-01	4.23e-01	3.24e-10
 9.22344e+16	5.91e-01	4.09e-01	3.40e-10
 9.23164e+16	6.05e-01	3.95e-01	3.58e-10
 9.23886e+16	6.18e-01	3.82e-01	3.74e-10
 9.24533e+16	6.29e-01	3.71e-01	3.88e-10
 9.25196e+16	6.41e-01	3.59e-01	4.06e-10
 9.25886e+16	6.53e-01	3.47e-01	4.22e-10
 9.26574e+16	6.65e-01	3.35e-01	4.42e-10
 9.27238e+16	6.77e-01	3.23e-01	4.60e-10
 9.27879e+16	6.88e-01	3.12e-01	4.80e-10
 9.28515e+16	6.98e-01	3.02e-01	4.98e-10
 9.29162e+16	7.09e-01	2.91e-01	5.20e-10
 9.29813e+16	7.20e-01	2.80e-01	5.42e-10
 9.30440e+16	7.30e-01	2.70e-01	5.63e-10
 9.31054e+16	7.40e-01	2.60e-01	5.86e-10
 9.31673e+16	7.50e-01	2.50e-01	6.08e-10
 9.32297e+16	7.60e-01	2.40e-01	6.35e-10
 9.32910e+16	7.69e-01	2.31e-01	6.58e-10
 9.33512e+16	7.78e-01	2.22e-01	6.85e-10
 9.34117e+16	7.87e-01	2.13e-01	7.13e-10
 9.34714e+16	7.95e-01	2.05e-01	7.40e-10
 9.35302e+16	8.03e-01	1.97e-01	7.68e-10
 9.35895e+16	8.12e-01	1.88e-01	8.01e-10
 9.36482e+16	8.19e-01	1.81e-01	8.29e-10
 9.37055e+16	8.27e-01	1.73e-01	8.63e-10
 9.37624e+16	8.34e-01	1.66e-01	8.98e-10
 9.38194e+16	8.41e-01	1.59e-01	9.33e-10
 9.38761e+16	8.48e-01	1.52e-01	9.68e-10
 9.39314e+16	8.54e-01	1.46e-01	1.01e-09
 9.39853e+16	8.60e-01	1.40e-01	1.05e-09
 9.40390e+16	8.66e-01	1.34e-01	1.09e-09
 9.40926e+16	8.71e-01	1.29e-01	1.13e-09
 9.41449e+16	8.77e-01	1.23e-01	1.17e-09
 9.41958e+16	8.82e-01	1.18e-01	1.22e-09
 9.42463e+16	8.87e-01	1.13e-01	1.27e-09
 9.42968e+16	8.91e-01	1.09e-01	1.31e-09
 9.43465e+16	8.96e-01	1.04e-01	1.37e-09
 9.43947e+16	9.00e-01	1.00e-01	1.42e-09
 9.44425e+16	9.04e-01	9.62e-02	1.48e-09
 9.44906e+16	9.08e-01	9.24e-02	1.53e-09
 9.45379e+16	9.11e-01	8.86e-02	1.60e-09
 9.45840e+16	9.15e-01	8.50e-02	1.67e-09
 9.46295e+16	9.18e-01	8.17e-02	1.74e-09
 9.46754e+16	9.21e-01	7.85e-02	1.81e-09
 9.47207e+16	9.25e-01	7.54e-02	1.88e-09
 9.47649e+16	9.28e-01	7.25e-02	1.96e-09
 9.48084e+16	9.30e-01	6.96e-02	2.06e-09
 9.48525e+16	9.33e-01	6.69e-02	2.15e-09
 9.48962e+16	9.36e-01	6.42e-02	2.26e-09
 9.49387e+16	9.38e-01	6.17e-02	2.38e-09
 9.49805e+16	9.41e-01	5.92e-02	2.50e-09
 9.50223e+16	9.43e-01	5.71e-02	2.61e-09
 9.50645e+16	9.45e-01	5.48e-02	2.75e-09
 9.51060e+16	9.47e-01	5.26e-02	2.91e-09
 9.51467e+16	9.49e-01	5.06e-02	3.07e-09
 9.51869e+16	9.51e-01	4.86e-02	3.26e-09
 9.52270e+16	9.53e-01	4.67e-02	3.46e-09
 9.52669e+16	9.55e-01	4.49e-02	3.69e-09
 9.53063e+16	9.57e-01	4.31e-02	3.95e-09
 9.53453e+16	9.59e-01	4.15e-02	4.23e-09
 9.53838e+16	9.60e-01	3.98e-02	4.58e-09
 9.54218e+16	9.62e-01	3.83e-02	4.93e-09
 9.54595e+16	9.63e-01	3.68e-02	5.38e-09
 9.54969e+16	9.65e-01	3.54e-02	5.85e-09
 9.55340e+16	9.66e-01	3.40e-02	6.46e-09
 9.55705e+16	9.67e-01	3.26e-02	7.11e-09
 9.56065e+16	9.69e-01	3.13e-02	7.95e-09
 9.56416e+16	9.70e-01	3.01e-02	8.86e-09
 9.56752e+16	9.71e-01	2.90e-02	9.98e-09
 9.57065e+16	9.72e-01	2.80e-02	1.12e-08
 9.57344e+16	9.73e-01	2.71e-02	1.26e-08
 9.57598e+16	9.74e-01	2.64e-02	1.41e-08
 9.57835e+16	9.74e-01	2.57e-02	1.57e-08
 9.58059e+16	9.75e-01	2.50e-02	1.77e-08
 9.58270e+16	9.76e-01	2.44e-02	1.99e-08
 9.58460e+16	9.76e-01	2.39e-02	2.22e-08
 9.58636e+16	9.77e-01	2.34e-02	2.48e-08
 9.58804e+16	9.77e-01	2.29e-02	2.78e-08
 9.58963e+16	9.78e-01	2.24e-02	3.10e-08
 9.59114e+16	9.78e-01	2.20e-02	3.47e-08
 9.59257e+16	9.78e-01	2.16e-02	3.89e-08
 9.59391e+16	9.79e-01	2.12e-02	4.34e-08
 9.59519e+16	9.79e-01	2.09e-02	4.85e-08
 9.59641e+16	9.79e-01	2.05e-02	5.41e-08
 9.59758e+16	9.80e-01	2.02e-02	6.04e-08
 9.59869e+16	9.80e-01	1.99e-02	6.74e-08
 9.59977e+16	9.80e-01	1.95e-02	7.52e-08
 9.60080e+16	9.81e-01	1.92e-02	8.38e-08
 9.60181e+16	9.81e-01	1.89e-02	9.41e-08
 9.60275e+16	9.81e-01	1.86e-02	1.04e-07
 9.60368e+16	9.82e-01	1.84e-02	1.15e-07
 9.60463e+16	9.82e-01	1.81e-02	1.28e-07
 9.60561e+16	9.82e-01	1.78e-02	1.43e-07
 9.60658e+16	9.83e-01	1.75e-02	1.58e-07
 9.60755e+16	9.83e-01	1.71e-02	1.75e-07
 9.60854e+16	9.83e-01	1.68e-02	1.93e-07
 9.60961e+16	9.84e-01	1.64e-02	2.12e-07
 9.61074e+16	9.84e-01	1.61e-02	2.32e-07
 9.61185e+16	9.84e-01	1.57e-02	2.50e-07
 9.61285e+16	9.85e-01	1.53e-02	2.65e-07
 9.61377e+16	9.85e-01	1.50e-02	2.76e-07
 9.61465e+16	9.85e-01	1.47e-02	2.86e-07
 9.61548e+16	9.86e-01	1.44e-02	2.94e-07
 9.61624e+16	9.86e-01	1.41e-02	3.01e-07
 9.61693e+16	9.86e-01	1.39e-02	3.06e-07
 9.61756e+16	9.86e-01	1.37e-02	3.10e-07
 9.61813e+16	9.87e-01	1.35e-02	3.14e-07
 9.61865e+16	9.87e-01	1.33e-02	3.18e-07
 9.61922e+16	9.87e-01	1.31e-02	3.22e-07
 9.61984e+16	9.87e-01	1.29e-02	3.27e-07
 9.62040e+16	9.87e-01	1.27e-02	3.30e-07
 9.62091e+16	9.87e-01	1.26e-02	3.34e-07
 9.62147e+16	9.88e-01	1.24e-02	3.38e-07
 9.62207e+16	9.88e-01	1.22e-02	3.43e-07
 9.62262e+16	9.88e-01	1.21e-02	3.47e-07
 9.62312e+16	9.88e-01	1.19e-02	3.51e-07
 9.62367e+16	9.88e-01	1.17e-02	3.56e-07
 9.62426e+16	9.88e-01	1.16e-02	3.62e-07
 9.62480e+16	9.89e-01	1.14e-02	3.66e-07
 9.62528e+16	9.89e-01	1.13e-02	3.70e-07
 9.62582e+16	9.89e-01	1.12e-02	3.74e-07
 9.62652e+16	9.89e-01	1.10e-02	3.79e-07
 9.62727e+16	9.89e-01	1.08e-02	3.85e-07
 9.62796e+16	9.89e-01	1.06e-02	3.91e-07
 9.62858e+16	9.89e-01	1.05e-02	3.96e-07
 9.62926e+16	9.90e-01	1.03e-02	4.02e-07
 9.63000e+16	9.90e-01	1.02e-02	4.08e-07
 9.63067e+16	9.90e-01	1.00e-02	4.15e-07
 9.63128e+16	9.90e-01	9.86e-03	4.20e-07
