#depth	O	O+	O+2	O+3	O+4	O+5	O+6	O+7	O+8	O[1]	O[2]	O[3]
 2.42948e+11	5.19e-06	4.71e-03	3.44e-01	6.41e-01	1.03e-02	1.36e-07	0.00e+00	0.00e+00	0.00e+00	4.23e-06	6.33e-07	3.35e-07
 1.45769e+12	5.18e-06	4.71e-03	3.44e-01	6.41e-01	1.03e-02	1.36e-07	0.00e+00	0.00e+00	0.00e+00	4.22e-06	6.31e-07	3.35e-07
 6.31666e+12	5.19e-06	4.72e-03	3.45e-01	6.40e-01	1.02e-02	1.35e-07	0.00e+00	0.00e+00	0.00e+00	4.23e-06	6.33e-07	3.35e-07
 2.57525e+13	5.23e-06	4.76e-03	3.48e-01	6.37e-01	1.01e-02	1.32e-07	0.00e+00	0.00e+00	0.00e+00	4.25e-06	6.37e-07	3.38e-07
 6.15145e+13	5.21e-06	4.79e-03	3.52e-01	6.34e-01	9.79e-03	1.27e-07	0.00e+00	0.00e+00	0.00e+00	4.24e-06	6.36e-07	3.38e-07
 1.08005e+14	5.23e-06	4.84e-03	3.57e-01	6.29e-01	9.45e-03	0.00e+00	0.00e+00	0.00e+00	0.00e+00	4.26e-06	6.38e-07	3.40e-07
 1.68443e+14	5.27e-06	4.92e-03	3.64e-01	6.22e-01	9.03e-03	0.00e+00	0.00e+00	0.00e+00	0.00e+00	4.29e-06	6.42e-07	3.43e-07
 2.47012e+14	5.34e-06	5.03e-03	3.73e-01	6.14e-01	8.51e-03	0.00e+00	0.00e+00	0.00e+00	0.00e+00	4.35e-06	6.46e-07	3.46e-07
 3.49152e+14	5.43e-06	5.18e-03	3.85e-01	6.02e-01	7.89e-03	0.00e+00	0.00e+00	0.00e+00	0.00e+00	4.43e-06	6.53e-07	3.51e-07
 4.81933e+14	5.58e-06	5.38e-03	4.02e-01	5.86e-01	7.13e-03	0.00e+00	0.00e+00	0.00e+00	0.00e+00	4.56e-06	6.65e-07	3.59e-07
 6.54550e+14	5.78e-06	5.65e-03	4.24e-01	5.65e-01	6.26e-03	0.00e+00	0.00e+00	0.00e+00	0.00e+00	4.73e-06	6.82e-07	3.71e-07
 8.78951e+14	6.07e-06	6.03e-03	4.53e-01	5.35e-01	5.27e-03	0.00e+00	0.00e+00	0.00e+00	0.00e+00	4.97e-06	7.09e-07	3.87e-07
 1.17067e+15	6.48e-06	6.55e-03	4.94e-01	4.96e-01	4.19e-03	0.00e+00	0.00e+00	0.00e+00	0.00e+00	5.32e-06	7.50e-07	4.11e-07
 1.54991e+15	7.09e-06	7.29e-03	5.49e-01	4.40e-01	3.05e-03	0.00e+00	0.00e+00	0.00e+00	0.00e+00	5.82e-06	8.14e-07	4.48e-07
 2.04292e+15	7.93e-06	8.30e-03	6.24e-01	3.66e-01	1.97e-03	0.00e+00	0.00e+00	0.00e+00	0.00e+00	6.52e-06	9.10e-07	5.02e-07
 2.53603e+15	8.53e-06	9.20e-03	6.96e-01	2.93e-01	1.22e-03	0.00e+00	0.00e+00	0.00e+00	0.00e+00	7.01e-06	9.80e-07	5.41e-07
 2.93430e+15	9.10e-06	9.96e-03	7.53e-01	2.36e-01	7.98e-04	0.00e+00	0.00e+00	0.00e+00	0.00e+00	7.47e-06	1.05e-06	5.79e-07
 3.35708e+15	9.90e-06	1.08e-02	8.09e-01	1.80e-01	4.78e-04	0.00e+00	0.00e+00	0.00e+00	0.00e+00	8.11e-06	1.16e-06	6.34e-07
 3.90669e+15	1.09e-05	1.18e-02	8.68e-01	1.20e-01	2.29e-04	0.00e+00	0.00e+00	0.00e+00	0.00e+00	8.92e-06	1.29e-06	7.03e-07
 4.49992e+15	1.18e-05	1.28e-02	9.14e-01	7.29e-02	9.63e-05	0.00e+00	0.00e+00	0.00e+00	0.00e+00	9.64e-06	1.40e-06	7.64e-07
 5.02162e+15	1.26e-05	1.35e-02	9.41e-01	4.54e-02	4.25e-05	0.00e+00	0.00e+00	0.00e+00	0.00e+00	1.03e-05	1.49e-06	8.13e-07
 5.52378e+15	1.34e-05	1.42e-02	9.58e-01	2.82e-02	1.86e-05	0.00e+00	0.00e+00	0.00e+00	0.00e+00	1.10e-05	1.58e-06	8.64e-07
 6.07616e+15	1.43e-05	1.49e-02	9.69e-01	1.65e-02	7.43e-06	0.00e+00	0.00e+00	0.00e+00	0.00e+00	1.17e-05	1.68e-06	9.18e-07
 6.68378e+15	1.52e-05	1.56e-02	9.75e-01	9.25e-03	2.70e-06	0.00e+00	0.00e+00	0.00e+00	0.00e+00	1.25e-05	1.78e-06	9.76e-07
 7.35215e+15	1.62e-05	1.63e-02	9.79e-01	4.93e-03	9.03e-07	0.00e+00	0.00e+00	0.00e+00	0.00e+00	1.33e-05	1.89e-06	1.04e-06
 8.08737e+15	1.73e-05	1.71e-02	9.80e-01	2.52e-03	2.77e-07	0.00e+00	0.00e+00	0.00e+00	0.00e+00	1.42e-05	2.01e-06	1.11e-06
 8.89610e+15	1.86e-05	1.80e-02	9.81e-01	1.24e-03	0.00e+00	0.00e+00	0.00e+00	0.00e+00	0.00e+00	1.53e-05	2.16e-06	1.19e-06
 9.78572e+15	2.01e-05	1.90e-02	9.80e-01	5.86e-04	0.00e+00	0.00e+00	0.00e+00	0.00e+00	0.00e+00	1.65e-05	2.32e-06	1.28e-06
 1.07643e+16	2.18e-05	2.01e-02	9.80e-01	2.67e-04	0.00e+00	0.00e+00	0.00e+00	0.00e+00	0.00e+00	1.79e-05	2.52e-06	1.39e-06
 1.18407e+16	2.38e-05	2.13e-02	9.79e-01	1.17e-04	0.00e+00	0.00e+00	0.00e+00	0.00e+00	0.00e+00	1.95e-05	2.76e-06	1.52e-06
 1.30248e+16	2.62e-05	2.27e-02	9.77e-01	5.01e-05	0.00e+00	0.00e+00	0.00e+00	0.00e+00	0.00e+00	2.15e-05	3.06e-06	1.68e-06
 1.43273e+16	2.92e-05	2.43e-02	9.76e-01	2.07e-05	0.00e+00	0.00e+00	0.00e+00	0.00e+00	0.00e+00	2.39e-05	3.43e-06	1.87e-06
 1.57600e+16	3.28e-05	2.61e-02	9.74e-01	8.41e-06	0.00e+00	0.00e+00	0.00e+00	0.00e+00	0.00e+00	2.68e-05	3.90e-06	2.12e-06
 1.73360e+16	3.74e-05	2.83e-02	9.72e-01	3.39e-06	0.00e+00	0.00e+00	0.00e+00	0.00e+00	0.00e+00	3.04e-05	4.50e-06	2.43e-06
 1.90696e+16	4.31e-05	3.07e-02	9.69e-01	1.38e-06	0.00e+00	0.00e+00	0.00e+00	0.00e+00	0.00e+00	3.50e-05	5.28e-06	2.84e-06
 2.07988e+16	5.00e-05	3.35e-02	9.66e-01	6.23e-07	0.00e+00	0.00e+00	0.00e+00	0.00e+00	0.00e+00	4.05e-05	6.17e-06	3.33e-06
 2.23340e+16	5.73e-05	3.62e-02	9.64e-01	3.34e-07	0.00e+00	0.00e+00	0.00e+00	0.00e+00	0.00e+00	4.63e-05	7.13e-06	3.87e-06
 2.36822e+16	6.47e-05	3.87e-02	9.61e-01	2.04e-07	0.00e+00	0.00e+00	0.00e+00	0.00e+00	0.00e+00	5.22e-05	8.10e-06	4.41e-06
 2.48988e+16	7.24e-05	4.11e-02	9.59e-01	1.35e-07	0.00e+00	0.00e+00	0.00e+00	0.00e+00	0.00e+00	5.83e-05	9.13e-06	4.99e-06
 2.60285e+16	8.05e-05	4.35e-02	9.56e-01	0.00e+00	0.00e+00	0.00e+00	0.00e+00	0.00e+00	0.00e+00	6.47e-05	1.02e-05	5.61e-06
 2.70959e+16	8.91e-05	4.59e-02	9.54e-01	0.00e+00	0.00e+00	0.00e+00	0.00e+00	0.00e+00	0.00e+00	7.14e-05	1.14e-05	6.27e-06
 2.81157e+16	9.84e-05	4.83e-02	9.52e-01	0.00e+00	0.00e+00	0.00e+00	0.00e+00	0.00e+00	0.00e+00	7.87e-05	1.27e-05	7.00e-06
 2.90992e+16	1.08e-04	5.07e-02	9.49e-01	0.00e+00	0.00e+00	0.00e+00	0.00e+00	0.00e+00	0.00e+00	8.66e-05	1.40e-05	7.79e-06
 3.00556e+16	1.19e-04	5.33e-02	9.47e-01	0.00e+00	0.00e+00	0.00e+00	0.00e+00	0.00e+00	0.00e+00	9.52e-05	1.56e-05	8.67e-06
 3.09926e+16	1.32e-04	5.59e-02	9.44e-01	0.00e+00	0.00e+00	0.00e+00	0.00e+00	0.00e+00	0.00e+00	1.05e-04	1.73e-05	9.65e-06
 3.19164e+16	1.45e-04	5.87e-02	9.41e-01	0.00e+00	0.00e+00	0.00e+00	0.00e+00	0.00e+00	0.00e+00	1.15e-04	1.92e-05	1.08e-05
 3.28332e+16	1.61e-04	6.17e-02	9.38e-01	0.00e+00	0.00e+00	0.00e+00	0.00e+00	0.00e+00	0.00e+00	1.27e-04	2.14e-05	1.20e-05
 3.37471e+16	1.78e-04	6.49e-02	9.35e-01	0.00e+00	0.00e+00	0.00e+00	0.00e+00	0.00e+00	0.00e+00	1.41e-04	2.39e-05	1.34e-05
 3.46612e+16	1.98e-04	6.84e-02	9.31e-01	0.00e+00	0.00e+00	0.00e+00	0.00e+00	0.00e+00	0.00e+00	1.56e-04	2.67e-05	1.51e-05
 3.55784e+16	2.21e-04	7.22e-02	9.28e-01	0.00e+00	0.00e+00	0.00e+00	0.00e+00	0.00e+00	0.00e+00	1.74e-04	3.00e-05	1.70e-05
 3.65019e+16	2.48e-04	7.63e-02	9.23e-01	0.00e+00	0.00e+00	0.00e+00	0.00e+00	0.00e+00	0.00e+00	1.95e-04	3.39e-05	1.93e-05
 3.74339e+16	2.80e-04	8.09e-02	9.19e-01	0.00e+00	0.00e+00	0.00e+00	0.00e+00	0.00e+00	0.00e+00	2.19e-04	3.85e-05	2.19e-05
 3.83737e+16	3.17e-04	8.59e-02	9.14e-01	0.00e+00	0.00e+00	0.00e+00	0.00e+00	0.00e+00	0.00e+00	2.48e-04	4.40e-05	2.51e-05
 3.93197e+16	3.62e-04	9.16e-02	9.08e-01	0.00e+00	0.00e+00	0.00e+00	0.00e+00	0.00e+00	0.00e+00	2.82e-04	5.06e-05	2.89e-05
 4.02707e+16	4.15e-04	9.78e-02	9.02e-01	0.00e+00	0.00e+00	0.00e+00	0.00e+00	0.00e+00	0.00e+00	3.23e-04	5.85e-05	3.34e-05
 4.12096e+16	4.79e-04	1.05e-01	8.95e-01	0.00e+00	0.00e+00	0.00e+00	0.00e+00	0.00e+00	0.00e+00	3.72e-04	6.79e-05	3.89e-05
 4.21113e+16	5.53e-04	1.12e-01	8.87e-01	0.00e+00	0.00e+00	0.00e+00	0.00e+00	0.00e+00	0.00e+00	4.28e-04	7.90e-05	4.53e-05
 4.29719e+16	6.37e-04	1.20e-01	8.79e-01	0.00e+00	0.00e+00	0.00e+00	0.00e+00	0.00e+00	0.00e+00	4.93e-04	9.15e-05	5.26e-05
 4.38093e+16	7.35e-04	1.29e-01	8.71e-01	0.00e+00	0.00e+00	0.00e+00	0.00e+00	0.00e+00	0.00e+00	5.68e-04	1.06e-04	6.11e-05
 4.46381e+16	8.52e-04	1.38e-01	8.61e-01	0.00e+00	0.00e+00	0.00e+00	0.00e+00	0.00e+00	0.00e+00	6.57e-04	1.24e-04	7.14e-05
 4.54541e+16	9.93e-04	1.49e-01	8.50e-01	0.00e+00	0.00e+00	0.00e+00	0.00e+00	0.00e+00	0.00e+00	7.65e-04	1.45e-04	8.38e-05
 4.62457e+16	1.16e-03	1.60e-01	8.38e-01	0.00e+00	0.00e+00	0.00e+00	0.00e+00	0.00e+00	0.00e+00	8.93e-04	1.70e-04	9.86e-05
 4.70090e+16	1.36e-03	1.73e-01	8.26e-01	0.00e+00	0.00e+00	0.00e+00	0.00e+00	0.00e+00	0.00e+00	1.04e-03	2.00e-04	1.16e-04
 4.77502e+16	1.60e-03	1.87e-01	8.11e-01	0.00e+00	0.00e+00	0.00e+00	0.00e+00	0.00e+00	0.00e+00	1.22e-03	2.36e-04	1.37e-04
 4.84767e+16	1.88e-03	2.02e-01	7.96e-01	0.00e+00	0.00e+00	0.00e+00	0.00e+00	0.00e+00	0.00e+00	1.44e-03	2.80e-04	1.63e-04
 4.91905e+16	2.23e-03	2.20e-01	7.78e-01	0.00e+00	0.00e+00	0.00e+00	0.00e+00	0.00e+00	0.00e+00	1.70e-03	3.34e-04	1.95e-04
 4.98871e+16	2.66e-03	2.39e-01	7.58e-01	0.00e+00	0.00e+00	0.00e+00	0.00e+00	0.00e+00	0.00e+00	2.03e-03	4.00e-04	2.34e-04
 5.05631e+16	3.19e-03	2.60e-01	7.37e-01	0.00e+00	0.00e+00	0.00e+00	0.00e+00	0.00e+00	0.00e+00	2.42e-03	4.81e-04	2.81e-04
 5.12200e+16	3.83e-03	2.84e-01	7.12e-01	0.00e+00	0.00e+00	0.00e+00	0.00e+00	0.00e+00	0.00e+00	2.91e-03	5.81e-04	3.40e-04
 5.18618e+16	4.62e-03	3.10e-01	6.85e-01	0.00e+00	0.00e+00	0.00e+00	0.00e+00	0.00e+00	0.00e+00	3.50e-03	7.05e-04	4.13e-04
 5.24852e+16	5.61e-03	3.39e-01	6.55e-01	0.00e+00	0.00e+00	0.00e+00	0.00e+00	0.00e+00	0.00e+00	4.25e-03	8.61e-04	5.05e-04
 5.30762e+16	6.83e-03	3.70e-01	6.23e-01	0.00e+00	0.00e+00	0.00e+00	0.00e+00	0.00e+00	0.00e+00	5.16e-03	1.05e-03	6.17e-04
 5.36245e+16	8.28e-03	4.03e-01	5.89e-01	0.00e+00	0.00e+00	0.00e+00	0.00e+00	0.00e+00	0.00e+00	6.25e-03	1.28e-03	7.51e-04
 5.41360e+16	9.99e-03	4.37e-01	5.53e-01	0.00e+00	0.00e+00	0.00e+00	0.00e+00	0.00e+00	0.00e+00	7.53e-03	1.55e-03	9.06e-04
 5.46250e+16	1.20e-02	4.72e-01	5.16e-01	0.00e+00	0.00e+00	0.00e+00	0.00e+00	0.00e+00	0.00e+00	9.07e-03	1.87e-03	1.09e-03
 5.51003e+16	1.46e-02	5.09e-01	4.77e-01	0.00e+00	0.00e+00	0.00e+00	0.00e+00	0.00e+00	0.00e+00	1.10e-02	2.27e-03	1.32e-03
 5.55590e+16	1.77e-02	5.47e-01	4.35e-01	0.00e+00	0.00e+00	0.00e+00	0.00e+00	0.00e+00	0.00e+00	1.33e-02	2.77e-03	1.60e-03
 5.59935e+16	2.14e-02	5.86e-01	3.93e-01	0.00e+00	0.00e+00	0.00e+00	0.00e+00	0.00e+00	0.00e+00	1.61e-02	3.36e-03	1.95e-03
 5.64023e+16	2.59e-02	6.23e-01	3.51e-01	0.00e+00	0.00e+00	0.00e+00	0.00e+00	0.00e+00	0.00e+00	1.95e-02	4.08e-03	2.35e-03
 5.67901e+16	3.12e-02	6.59e-01	3.10e-01	0.00e+00	0.00e+00	0.00e+00	0.00e+00	0.00e+00	0.00e+00	2.35e-02	4.93e-03	2.84e-03
 5.71632e+16	3.77e-02	6.93e-01	2.70e-01	0.00e+00	0.00e+00	0.00e+00	0.00e+00	0.00e+00	0.00e+00	2.83e-02	5.96e-03	3.43e-03
 5.75238e+16	4.56e-02	7.24e-01	2.31e-01	0.00e+00	0.00e+00	0.00e+00	0.00e+00	0.00e+00	0.00e+00	3.43e-02	7.21e-03	4.14e-03
 5.78696e+16	5.53e-02	7.51e-01	1.94e-01	0.00e+00	0.00e+00	0.00e+00	0.00e+00	0.00e+00	0.00e+00	4.15e-02	8.74e-03	5.02e-03
 5.81815e+16	6.67e-02	7.73e-01	1.61e-01	0.00e+00	0.00e+00	0.00e+00	0.00e+00	0.00e+00	0.00e+00	5.01e-02	1.05e-02	6.04e-03
 5.84445e+16	7.89e-02	7.87e-01	1.34e-01	0.00e+00	0.00e+00	0.00e+00	0.00e+00	0.00e+00	0.00e+00	5.93e-02	1.24e-02	7.14e-03
 5.86709e+16	9.17e-02	7.96e-01	1.13e-01	0.00e+00	0.00e+00	0.00e+00	0.00e+00	0.00e+00	0.00e+00	6.90e-02	1.44e-02	8.27e-03
 5.88786e+16	1.05e-01	8.00e-01	9.48e-02	0.00e+00	0.00e+00	0.00e+00	0.00e+00	0.00e+00	0.00e+00	7.93e-02	1.65e-02	9.49e-03
 5.90808e+16	1.21e-01	8.00e-01	7.89e-02	0.00e+00	0.00e+00	0.00e+00	0.00e+00	0.00e+00	0.00e+00	9.11e-02	1.89e-02	1.09e-02
 5.92780e+16	1.39e-01	7.96e-01	6.46e-02	0.00e+00	0.00e+00	0.00e+00	0.00e+00	0.00e+00	0.00e+00	1.05e-01	2.16e-02	1.25e-02
 5.94593e+16	1.59e-01	7.88e-01	5.27e-02	0.00e+00	0.00e+00	0.00e+00	0.00e+00	0.00e+00	0.00e+00	1.21e-01	2.46e-02	1.42e-02
 5.96196e+16	1.80e-01	7.76e-01	4.33e-02	0.00e+00	0.00e+00	0.00e+00	0.00e+00	0.00e+00	0.00e+00	1.37e-01	2.76e-02	1.60e-02
 5.97646e+16	2.02e-01	7.62e-01	3.58e-02	0.00e+00	0.00e+00	0.00e+00	0.00e+00	0.00e+00	0.00e+00	1.53e-01	3.06e-02	1.79e-02
 5.99024e+16	2.25e-01	7.46e-01	2.96e-02	0.00e+00	0.00e+00	0.00e+00	0.00e+00	0.00e+00	0.00e+00	1.71e-01	3.37e-02	1.98e-02
 6.00372e+16	2.50e-01	7.26e-01	2.43e-02	0.00e+00	0.00e+00	0.00e+00	0.00e+00	0.00e+00	0.00e+00	1.91e-01	3.70e-02	2.19e-02
 6.01670e+16	2.76e-01	7.04e-01	1.98e-02	0.00e+00	0.00e+00	0.00e+00	0.00e+00	0.00e+00	0.00e+00	2.12e-01	4.04e-02	2.40e-02
 6.02896e+16	3.03e-01	6.80e-01	1.62e-02	0.00e+00	0.00e+00	0.00e+00	0.00e+00	0.00e+00	0.00e+00	2.33e-01	4.37e-02	2.62e-02
 6.04051e+16	3.31e-01	6.56e-01	1.33e-02	0.00e+00	0.00e+00	0.00e+00	0.00e+00	0.00e+00	0.00e+00	2.55e-01	4.69e-02	2.83e-02
 6.05165e+16	3.58e-01	6.31e-01	1.09e-02	0.00e+00	0.00e+00	0.00e+00	0.00e+00	0.00e+00	0.00e+00	2.78e-01	5.00e-02	3.04e-02
 6.06265e+16	3.87e-01	6.04e-01	8.85e-03	0.00e+00	0.00e+00	0.00e+00	0.00e+00	0.00e+00	0.00e+00	3.01e-01	5.30e-02	3.26e-02
 6.07345e+16	4.16e-01	5.77e-01	7.19e-03	0.00e+00	0.00e+00	0.00e+00	0.00e+00	0.00e+00	0.00e+00	3.26e-01	5.59e-02	3.47e-02
 6.08395e+16	4.46e-01	5.49e-01	5.82e-03	0.00e+00	0.00e+00	0.00e+00	0.00e+00	0.00e+00	0.00e+00	3.50e-01	5.86e-02	3.67e-02
 6.09415e+16	4.74e-01	5.21e-01	4.72e-03	0.00e+00	0.00e+00	0.00e+00	0.00e+00	0.00e+00	0.00e+00	3.75e-01	6.09e-02	3.86e-02
 6.10383e+16	5.01e-01	4.95e-01	3.85e-03	0.00e+00	0.00e+00	0.00e+00	0.00e+00	0.00e+00	0.00e+00	3.98e-01	6.30e-02	4.03e-02
 6.11277e+16	5.27e-01	4.70e-01	3.17e-03	0.00e+00	0.00e+00	0.00e+00	0.00e+00	0.00e+00	0.00e+00	4.20e-01	6.47e-02	4.17e-02
 6.12106e+16	5.49e-01	4.48e-01	2.64e-03	0.00e+00	0.00e+00	0.00e+00	0.00e+00	0.00e+00	0.00e+00	4.40e-01	6.60e-02	4.30e-02
 6.12895e+16	5.71e-01	4.27e-01	2.21e-03	0.00e+00	0.00e+00	0.00e+00	0.00e+00	0.00e+00	0.00e+00	4.60e-01	6.71e-02	4.41e-02
 6.13667e+16	5.92e-01	4.06e-01	1.85e-03	0.00e+00	0.00e+00	0.00e+00	0.00e+00	0.00e+00	0.00e+00	4.79e-01	6.80e-02	4.52e-02
 6.14286e+16	6.09e-01	3.90e-01	1.60e-03	0.00e+00	0.00e+00	0.00e+00	0.00e+00	0.00e+00	0.00e+00	4.94e-01	6.87e-02	4.59e-02
 6.14700e+16	6.19e-01	3.79e-01	1.46e-03	0.00e+00	0.00e+00	0.00e+00	0.00e+00	0.00e+00	0.00e+00	5.04e-01	6.90e-02	4.63e-02
 6.15084e+16	6.29e-01	3.70e-01	1.33e-03	0.00e+00	0.00e+00	0.00e+00	0.00e+00	0.00e+00	0.00e+00	5.13e-01	6.92e-02	4.67e-02
 6.15555e+16	6.41e-01	3.58e-01	1.19e-03	0.00e+00	0.00e+00	0.00e+00	0.00e+00	0.00e+00	0.00e+00	5.24e-01	6.95e-02	4.72e-02
 6.16086e+16	6.54e-01	3.45e-01	1.05e-03	0.00e+00	0.00e+00	0.00e+00	0.00e+00	0.00e+00	0.00e+00	5.36e-01	6.97e-02	4.76e-02
 6.16590e+16	6.66e-01	3.33e-01	9.24e-04	0.00e+00	0.00e+00	0.00e+00	0.00e+00	0.00e+00	0.00e+00	5.48e-01	6.99e-02	4.80e-02
 6.17047e+16	6.77e-01	3.22e-01	8.26e-04	0.00e+00	0.00e+00	0.00e+00	0.00e+00	0.00e+00	0.00e+00	5.59e-01	7.00e-02	4.83e-02
 6.17496e+16	6.88e-01	3.11e-01	7.37e-04	0.00e+00	0.00e+00	0.00e+00	0.00e+00	0.00e+00	0.00e+00	5.70e-01	7.00e-02	4.86e-02
 6.17961e+16	6.99e-01	3.00e-01	6.55e-04	0.00e+00	0.00e+00	0.00e+00	0.00e+00	0.00e+00	0.00e+00	5.80e-01	6.99e-02	4.88e-02
 6.18439e+16	7.10e-01	2.89e-01	5.78e-04	0.00e+00	0.00e+00	0.00e+00	0.00e+00	0.00e+00	0.00e+00	5.91e-01	6.98e-02	4.91e-02
 6.18909e+16	7.21e-01	2.79e-01	5.12e-04	0.00e+00	0.00e+00	0.00e+00	0.00e+00	0.00e+00	0.00e+00	6.02e-01	6.96e-02	4.92e-02
 6.19367e+16	7.31e-01	2.69e-01	4.53e-04	0.00e+00	0.00e+00	0.00e+00	0.00e+00	0.00e+00	0.00e+00	6.12e-01	6.94e-02	4.93e-02
 6.19827e+16	7.41e-01	2.58e-01	4.01e-04	0.00e+00	0.00e+00	0.00e+00	0.00e+00	0.00e+00	0.00e+00	6.23e-01	6.91e-02	4.94e-02
 6.20284e+16	7.51e-01	2.49e-01	3.54e-04	0.00e+00	0.00e+00	0.00e+00	0.00e+00	0.00e+00	0.00e+00	6.33e-01	6.88e-02	4.95e-02
 6.20739e+16	7.60e-01	2.39e-01	3.13e-04	0.00e+00	0.00e+00	0.00e+00	0.00e+00	0.00e+00	0.00e+00	6.42e-01	6.85e-02	4.95e-02
 6.21196e+16	7.70e-01	2.30e-01	2.76e-04	0.00e+00	0.00e+00	0.00e+00	0.00e+00	0.00e+00	0.00e+00	6.52e-01	6.81e-02	4.94e-02
 6.21653e+16	7.79e-01	2.21e-01	2.42e-04	0.00e+00	0.00e+00	0.00e+00	0.00e+00	0.00e+00	0.00e+00	6.62e-01	6.76e-02	4.94e-02
 6.22108e+16	7.88e-01	2.12e-01	2.13e-04	0.00e+00	0.00e+00	0.00e+00	0.00e+00	0.00e+00	0.00e+00	6.71e-01	6.71e-02	4.93e-02
 6.22562e+16	7.96e-01	2.04e-01	1.87e-04	0.00e+00	0.00e+00	0.00e+00	0.00e+00	0.00e+00	0.00e+00	6.80e-01	6.66e-02	4.91e-02
 6.23011e+16	8.04e-01	1.95e-01	1.64e-04	0.00e+00	0.00e+00	0.00e+00	0.00e+00	0.00e+00	0.00e+00	6.89e-01	6.61e-02	4.90e-02
 6.23456e+16	8.12e-01	1.87e-01	1.45e-04	0.00e+00	0.00e+00	0.00e+00	0.00e+00	0.00e+00	0.00e+00	6.98e-01	6.55e-02	4.88e-02
 6.23903e+16	8.20e-01	1.80e-01	1.27e-04	0.00e+00	0.00e+00	0.00e+00	0.00e+00	0.00e+00	0.00e+00	7.07e-01	6.49e-02	4.86e-02
 6.24353e+16	8.28e-01	1.72e-01	1.11e-04	0.00e+00	0.00e+00	0.00e+00	0.00e+00	0.00e+00	0.00e+00	7.15e-01	6.43e-02	4.83e-02
 6.24800e+16	8.35e-01	1.65e-01	9.70e-05	0.00e+00	0.00e+00	0.00e+00	0.00e+00	0.00e+00	0.00e+00	7.23e-01	6.36e-02	4.80e-02
 6.25244e+16	8.42e-01	1.58e-01	8.48e-05	0.00e+00	0.00e+00	0.00e+00	0.00e+00	0.00e+00	0.00e+00	7.31e-01	6.29e-02	4.78e-02
 6.25686e+16	8.49e-01	1.51e-01	7.41e-05	0.00e+00	0.00e+00	0.00e+00	0.00e+00	0.00e+00	0.00e+00	7.39e-01	6.23e-02	4.74e-02
 6.26127e+16	8.55e-01	1.45e-01	6.47e-05	0.00e+00	0.00e+00	0.00e+00	0.00e+00	0.00e+00	0.00e+00	7.47e-01	6.16e-02	4.71e-02
 6.26564e+16	8.62e-01	1.38e-01	5.65e-05	0.00e+00	0.00e+00	0.00e+00	0.00e+00	0.00e+00	0.00e+00	7.54e-01	6.09e-02	4.68e-02
 6.26998e+16	8.68e-01	1.32e-01	4.93e-05	0.00e+00	0.00e+00	0.00e+00	0.00e+00	0.00e+00	0.00e+00	7.61e-01	6.02e-02	4.64e-02
 6.27425e+16	8.73e-01	1.27e-01	4.31e-05	0.00e+00	0.00e+00	0.00e+00	0.00e+00	0.00e+00	0.00e+00	7.68e-01	5.95e-02	4.60e-02
 6.27844e+16	8.79e-01	1.21e-01	3.78e-05	0.00e+00	0.00e+00	0.00e+00	0.00e+00	0.00e+00	0.00e+00	7.74e-01	5.88e-02	4.57e-02
 6.28257e+16	8.84e-01	1.16e-01	3.31e-05	0.00e+00	0.00e+00	0.00e+00	0.00e+00	0.00e+00	0.00e+00	7.80e-01	5.82e-02	4.53e-02
 6.28669e+16	8.89e-01	1.11e-01	2.90e-05	0.00e+00	0.00e+00	0.00e+00	0.00e+00	0.00e+00	0.00e+00	7.86e-01	5.75e-02	4.49e-02
 6.29076e+16	8.93e-01	1.07e-01	2.54e-05	0.00e+00	0.00e+00	0.00e+00	0.00e+00	0.00e+00	0.00e+00	7.92e-01	5.68e-02	4.46e-02
 6.29477e+16	8.98e-01	1.02e-01	2.23e-05	0.00e+00	0.00e+00	0.00e+00	0.00e+00	0.00e+00	0.00e+00	7.97e-01	5.62e-02	4.42e-02
 6.29871e+16	9.02e-01	9.79e-02	1.96e-05	0.00e+00	0.00e+00	0.00e+00	0.00e+00	0.00e+00	0.00e+00	8.03e-01	5.56e-02	4.38e-02
 6.30261e+16	9.06e-01	9.38e-02	1.72e-05	0.00e+00	0.00e+00	0.00e+00	0.00e+00	0.00e+00	0.00e+00	8.08e-01	5.50e-02	4.34e-02
 6.30648e+16	9.10e-01	8.99e-02	1.52e-05	0.00e+00	0.00e+00	0.00e+00	0.00e+00	0.00e+00	0.00e+00	8.13e-01	5.43e-02	4.31e-02
 6.31031e+16	9.14e-01	8.62e-02	1.33e-05	0.00e+00	0.00e+00	0.00e+00	0.00e+00	0.00e+00	0.00e+00	8.17e-01	5.38e-02	4.27e-02
 6.31408e+16	9.17e-01	8.26e-02	1.18e-05	0.00e+00	0.00e+00	0.00e+00	0.00e+00	0.00e+00	0.00e+00	8.22e-01	5.32e-02	4.23e-02
 6.31775e+16	9.21e-01	7.93e-02	1.04e-05	0.00e+00	0.00e+00	0.00e+00	0.00e+00	0.00e+00	0.00e+00	8.26e-01	5.26e-02	4.20e-02
 6.32139e+16	9.24e-01	7.62e-02	9.20e-06	0.00e+00	0.00e+00	0.00e+00	0.00e+00	0.00e+00	0.00e+00	8.30e-01	5.21e-02	4.16e-02
 6.32507e+16	9.27e-01	7.30e-02	8.11e-06	0.00e+00	0.00e+00	0.00e+00	0.00e+00	0.00e+00	0.00e+00	8.34e-01	5.15e-02	4.13e-02
 6.32876e+16	9.30e-01	7.00e-02	7.15e-06	0.00e+00	0.00e+00	0.00e+00	0.00e+00	0.00e+00	0.00e+00	8.38e-01	5.10e-02	4.09e-02
 6.33234e+16	9.33e-01	6.71e-02	6.32e-06	0.00e+00	0.00e+00	0.00e+00	0.00e+00	0.00e+00	0.00e+00	8.42e-01	5.05e-02	4.05e-02
 6.33583e+16	9.36e-01	6.44e-02	5.61e-06	0.00e+00	0.00e+00	0.00e+00	0.00e+00	0.00e+00	0.00e+00	8.45e-01	5.00e-02	4.01e-02
 6.33925e+16	9.38e-01	6.19e-02	4.98e-06	0.00e+00	0.00e+00	0.00e+00	0.00e+00	0.00e+00	0.00e+00	8.49e-01	4.95e-02	3.98e-02
 6.34273e+16	9.41e-01	5.95e-02	4.41e-06	0.00e+00	0.00e+00	0.00e+00	0.00e+00	0.00e+00	0.00e+00	8.52e-01	4.90e-02	3.94e-02
 6.34622e+16	9.43e-01	5.70e-02	3.91e-06	0.00e+00	0.00e+00	0.00e+00	0.00e+00	0.00e+00	0.00e+00	8.56e-01	4.85e-02	3.90e-02
 6.34957e+16	9.45e-01	5.47e-02	3.47e-06	0.00e+00	0.00e+00	0.00e+00	0.00e+00	0.00e+00	0.00e+00	8.59e-01	4.80e-02	3.86e-02
 6.35289e+16	9.47e-01	5.26e-02	3.09e-06	0.00e+00	0.00e+00	0.00e+00	0.00e+00	0.00e+00	0.00e+00	8.61e-01	4.76e-02	3.83e-02
 6.35625e+16	9.50e-01	5.05e-02	2.75e-06	0.00e+00	0.00e+00	0.00e+00	0.00e+00	0.00e+00	0.00e+00	8.64e-01	4.72e-02	3.80e-02
 6.35955e+16	9.52e-01	4.84e-02	2.44e-06	0.00e+00	0.00e+00	0.00e+00	0.00e+00	0.00e+00	0.00e+00	8.67e-01	4.68e-02	3.77e-02
 6.36278e+16	9.54e-01	4.65e-02	2.18e-06	0.00e+00	0.00e+00	0.00e+00	0.00e+00	0.00e+00	0.00e+00	8.70e-01	4.63e-02	3.73e-02
 6.36603e+16	9.55e-01	4.46e-02	1.94e-06	0.00e+00	0.00e+00	0.00e+00	0.00e+00	0.00e+00	0.00e+00	8.72e-01	4.59e-02	3.70e-02
 6.36929e+16	9.57e-01	4.28e-02	1.72e-06	0.00e+00	0.00e+00	0.00e+00	0.00e+00	0.00e+00	0.00e+00	8.75e-01	4.56e-02	3.67e-02
 6.37246e+16	9.59e-01	4.11e-02	1.54e-06	0.00e+00	0.00e+00	0.00e+00	0.00e+00	0.00e+00	0.00e+00	8.77e-01	4.52e-02	3.64e-02
 6.37557e+16	9.60e-01	3.95e-02	1.38e-06	0.00e+00	0.00e+00	0.00e+00	0.00e+00	0.00e+00	0.00e+00	8.79e-01	4.48e-02	3.61e-02
 6.37868e+16	9.62e-01	3.80e-02	1.23e-06	0.00e+00	0.00e+00	0.00e+00	0.00e+00	0.00e+00	0.00e+00	8.82e-01	4.45e-02	3.59e-02
 6.38177e+16	9.64e-01	3.65e-02	1.10e-06	0.00e+00	0.00e+00	0.00e+00	0.00e+00	0.00e+00	0.00e+00	8.84e-01	4.42e-02	3.56e-02
 6.38477e+16	9.65e-01	3.51e-02	9.88e-07	0.00e+00	0.00e+00	0.00e+00	0.00e+00	0.00e+00	0.00e+00	8.86e-01	4.38e-02	3.53e-02
 6.38773e+16	9.66e-01	3.37e-02	8.87e-07	0.00e+00	0.00e+00	0.00e+00	0.00e+00	0.00e+00	0.00e+00	8.88e-01	4.35e-02	3.51e-02
 6.39075e+16	9.68e-01	3.23e-02	7.94e-07	0.00e+00	0.00e+00	0.00e+00	0.00e+00	0.00e+00	0.00e+00	8.90e-01	4.32e-02	3.48e-02
 6.39378e+16	9.69e-01	3.10e-02	7.10e-07	0.00e+00	0.00e+00	0.00e+00	0.00e+00	0.00e+00	0.00e+00	8.92e-01	4.29e-02	3.45e-02
 6.39670e+16	9.70e-01	2.97e-02	6.38e-07	0.00e+00	0.00e+00	0.00e+00	0.00e+00	0.00e+00	0.00e+00	8.93e-01	4.26e-02	3.43e-02
 6.39953e+16	9.71e-01	2.86e-02	5.75e-07	0.00e+00	0.00e+00	0.00e+00	0.00e+00	0.00e+00	0.00e+00	8.95e-01	4.23e-02	3.41e-02
 6.40234e+16	9.73e-01	2.74e-02	5.19e-07	0.00e+00	0.00e+00	0.00e+00	0.00e+00	0.00e+00	0.00e+00	8.97e-01	4.20e-02	3.38e-02
 6.40518e+16	9.74e-01	2.63e-02	4.67e-07	0.00e+00	0.00e+00	0.00e+00	0.00e+00	0.00e+00	0.00e+00	8.98e-01	4.18e-02	3.36e-02
 6.40795e+16	9.75e-01	2.52e-02	4.21e-07	0.00e+00	0.00e+00	0.00e+00	0.00e+00	0.00e+00	0.00e+00	9.00e-01	4.15e-02	3.34e-02
 6.41054e+16	9.76e-01	2.43e-02	3.83e-07	0.00e+00	0.00e+00	0.00e+00	0.00e+00	0.00e+00	0.00e+00	9.01e-01	4.12e-02	3.32e-02
 6.41291e+16	9.77e-01	2.34e-02	3.51e-07	0.00e+00	0.00e+00	0.00e+00	0.00e+00	0.00e+00	0.00e+00	9.03e-01	4.10e-02	3.30e-02
 6.41510e+16	9.77e-01	2.26e-02	3.24e-07	0.00e+00	0.00e+00	0.00e+00	0.00e+00	0.00e+00	0.00e+00	9.04e-01	4.08e-02	3.28e-02
 6.41709e+16	9.78e-01	2.20e-02	3.02e-07	0.00e+00	0.00e+00	0.00e+00	0.00e+00	0.00e+00	0.00e+00	9.05e-01	4.06e-02	3.27e-02
 6.41898e+16	9.79e-01	2.13e-02	2.82e-07	0.00e+00	0.00e+00	0.00e+00	0.00e+00	0.00e+00	0.00e+00	9.06e-01	4.05e-02	3.25e-02
 6.42077e+16	9.79e-01	2.07e-02	2.64e-07	0.00e+00	0.00e+00	0.00e+00	0.00e+00	0.00e+00	0.00e+00	9.07e-01	4.03e-02	3.24e-02
 6.42241e+16	9.80e-01	2.02e-02	2.48e-07	0.00e+00	0.00e+00	0.00e+00	0.00e+00	0.00e+00	0.00e+00	9.07e-01	4.01e-02	3.22e-02
 6.42394e+16	9.80e-01	1.97e-02	2.35e-07	0.00e+00	0.00e+00	0.00e+00	0.00e+00	0.00e+00	0.00e+00	9.08e-01	4.00e-02	3.21e-02
 6.42538e+16	9.81e-01	1.92e-02	2.23e-07	0.00e+00	0.00e+00	0.00e+00	0.00e+00	0.00e+00	0.00e+00	9.09e-01	3.98e-02	3.20e-02
 6.42677e+16	9.81e-01	1.88e-02	2.12e-07	0.00e+00	0.00e+00	0.00e+00	0.00e+00	0.00e+00	0.00e+00	9.10e-01	3.97e-02	3.18e-02
 6.42810e+16	9.82e-01	1.83e-02	2.02e-07	0.00e+00	0.00e+00	0.00e+00	0.00e+00	0.00e+00	0.00e+00	9.10e-01	3.96e-02	3.17e-02
 6.42936e+16	9.82e-01	1.79e-02	1.93e-07	0.00e+00	0.00e+00	0.00e+00	0.00e+00	0.00e+00	0.00e+00	9.11e-01	3.94e-02	3.16e-02
 6.43056e+16	9.82e-01	1.76e-02	1.84e-07	0.00e+00	0.00e+00	0.00e+00	0.00e+00	0.00e+00	0.00e+00	9.12e-01	3.93e-02	3.15e-02
 6.43171e+16	9.83e-01	1.72e-02	1.77e-07	0.00e+00	0.00e+00	0.00e+00	0.00e+00	0.00e+00	0.00e+00	9.12e-01	3.92e-02	3.14e-02
 6.43281e+16	9.83e-01	1.68e-02	1.69e-07	0.00e+00	0.00e+00	0.00e+00	0.00e+00	0.00e+00	0.00e+00	9.13e-01	3.90e-02	3.13e-02
 6.43385e+16	9.84e-01	1.65e-02	1.63e-07	0.00e+00	0.00e+00	0.00e+00	0.00e+00	0.00e+00	0.00e+00	9.13e-01	3.89e-02	3.12e-02
 6.43486e+16	9.84e-01	1.62e-02	1.57e-07	0.00e+00	0.00e+00	0.00e+00	0.00e+00	0.00e+00	0.00e+00	9.14e-01	3.88e-02	3.11e-02
 6.43590e+16	9.84e-01	1.58e-02	1.51e-07	0.00e+00	0.00e+00	0.00e+00	0.00e+00	0.00e+00	0.00e+00	9.15e-01	3.87e-02	3.10e-02
 6.43694e+16	9.85e-01	1.55e-02	1.45e-07	0.00e+00	0.00e+00	0.00e+00	0.00e+00	0.00e+00	0.00e+00	9.15e-01	3.86e-02	3.08e-02
 6.43795e+16	9.85e-01	1.51e-02	1.40e-07	0.00e+00	0.00e+00	0.00e+00	0.00e+00	0.00e+00	0.00e+00	9.16e-01	3.84e-02	3.07e-02
 6.43895e+16	9.85e-01	1.48e-02	1.34e-07	0.00e+00	0.00e+00	0.00e+00	0.00e+00	0.00e+00	0.00e+00	9.16e-01	3.83e-02	3.06e-02
 6.43996e+16	9.86e-01	1.44e-02	1.29e-07	0.00e+00	0.00e+00	0.00e+00	0.00e+00	0.00e+00	0.00e+00	9.17e-01	3.82e-02	3.05e-02
 6.44103e+16	9.86e-01	1.41e-02	1.24e-07	0.00e+00	0.00e+00	0.00e+00	0.00e+00	0.00e+00	0.00e+00	9.18e-01	3.80e-02	3.03e-02
 6.44215e+16	9.86e-01	1.37e-02	1.18e-07	0.00e+00	0.00e+00	0.00e+00	0.00e+00	0.00e+00	0.00e+00	9.18e-01	3.78e-02	3.02e-02
 6.44324e+16	9.87e-01	1.33e-02	1.13e-07	0.00e+00	0.00e+00	0.00e+00	0.00e+00	0.00e+00	0.00e+00	9.19e-01	3.77e-02	3.00e-02
 6.44424e+16	9.87e-01	1.29e-02	1.09e-07	0.00e+00	0.00e+00	0.00e+00	0.00e+00	0.00e+00	0.00e+00	9.20e-01	3.75e-02	2.99e-02
 6.44514e+16	9.87e-01	1.26e-02	1.05e-07	0.00e+00	0.00e+00	0.00e+00	0.00e+00	0.00e+00	0.00e+00	9.20e-01	3.73e-02	2.97e-02
 6.44598e+16	9.88e-01	1.23e-02	1.01e-07	0.00e+00	0.00e+00	0.00e+00	0.00e+00	0.00e+00	0.00e+00	9.21e-01	3.72e-02	2.96e-02
 6.44679e+16	9.88e-01	1.20e-02	9.77e-08	0.00e+00	0.00e+00	0.00e+00	0.00e+00	0.00e+00	0.00e+00	9.22e-01	3.70e-02	2.94e-02
 6.44759e+16	9.88e-01	1.17e-02	9.44e-08	0.00e+00	0.00e+00	0.00e+00	0.00e+00	0.00e+00	0.00e+00	9.22e-01	3.69e-02	2.93e-02
 6.44835e+16	9.89e-01	1.14e-02	9.13e-08	0.00e+00	0.00e+00	0.00e+00	0.00e+00	0.00e+00	0.00e+00	9.23e-01	3.67e-02	2.92e-02
 6.44905e+16	9.89e-01	1.12e-02	8.85e-08	0.00e+00	0.00e+00	0.00e+00	0.00e+00	0.00e+00	0.00e+00	9.23e-01	3.66e-02	2.90e-02
 6.44968e+16	9.89e-01	1.09e-02	8.60e-08	0.00e+00	0.00e+00	0.00e+00	0.00e+00	0.00e+00	0.00e+00	9.24e-01	3.65e-02	2.89e-02
 6.45025e+16	9.89e-01	1.07e-02	8.37e-08	0.00e+00	0.00e+00	0.00e+00	0.00e+00	0.00e+00	0.00e+00	9.24e-01	3.64e-02	2.88e-02
 6.45077e+16	9.89e-01	1.05e-02	8.18e-08	0.00e+00	0.00e+00	0.00e+00	0.00e+00	0.00e+00	0.00e+00	9.25e-01	3.62e-02	2.87e-02
 6.45125e+16	9.90e-01	1.04e-02	8.01e-08	0.00e+00	0.00e+00	0.00e+00	0.00e+00	0.00e+00	0.00e+00	9.25e-01	3.62e-02	2.86e-02
 6.45177e+16	9.90e-01	1.02e-02	7.80e-08	0.00e+00	0.00e+00	0.00e+00	0.00e+00	0.00e+00	0.00e+00	9.25e-01	3.60e-02	2.85e-02
 6.45233e+16	9.90e-01	1.00e-02	7.60e-08	0.00e+00	0.00e+00	0.00e+00	0.00e+00	0.00e+00	0.00e+00	9.26e-01	3.59e-02	2.84e-02
 6.45284e+16	9.90e-01	9.84e-03	7.41e-08	0.00e+00	0.00e+00	0.00e+00	0.00e+00	0.00e+00	0.00e+00	9.26e-01	3.57e-02	2.83e-02
 6.45330e+16	9.90e-01	9.71e-03	7.25e-08	0.00e+00	0.00e+00	0.00e+00	0.00e+00	0.00e+00	0.00e+00	9.27e-01	3.56e-02	2.82e-02
 6.45381e+16	9.90e-01	9.53e-03	7.06e-08	0.00e+00	0.00e+00	0.00e+00	0.00e+00	0.00e+00	0.00e+00	9.27e-01	3.55e-02	2.80e-02
 6.45436e+16	9.91e-01	9.36e-03	6.87e-08	0.00e+00	0.00e+00	0.00e+00	0.00e+00	0.00e+00	0.00e+00	9.27e-01	3.53e-02	2.79e-02
 6.45486e+16	9.91e-01	9.20e-03	6.69e-08	0.00e+00	0.00e+00	0.00e+00	0.00e+00	0.00e+00	0.00e+00	9.28e-01	3.52e-02	2.78e-02
 6.45532e+16	9.91e-01	9.06e-03	6.54e-08	0.00e+00	0.00e+00	0.00e+00	0.00e+00	0.00e+00	0.00e+00	9.28e-01	3.51e-02	2.77e-02
 6.45573e+16	9.91e-01	8.93e-03	6.40e-08	0.00e+00	0.00e+00	0.00e+00	0.00e+00	0.00e+00	0.00e+00	9.29e-01	3.50e-02	2.76e-02
 6.45619e+16	9.91e-01	8.79e-03	6.24e-08	0.00e+00	0.00e+00	0.00e+00	0.00e+00	0.00e+00	0.00e+00	9.29e-01	3.48e-02	2.75e-02
 6.45668e+16	9.91e-01	8.66e-03	6.09e-08	0.00e+00	0.00e+00	0.00e+00	0.00e+00	0.00e+00	0.00e+00	9.29e-01	3.47e-02	2.74e-02
 6.45722e+16	9.91e-01	8.52e-03	5.93e-08	0.00e+00	0.00e+00	0.00e+00	0.00e+00	0.00e+00	0.00e+00	9.30e-01	3.46e-02	2.73e-02
 6.45780e+16	9.92e-01	8.37e-03	5.75e-08	0.00e+00	0.00e+00	0.00e+00	0.00e+00	0.00e+00	0.00e+00	9.30e-01	3.45e-02	2.72e-02
 6.45833e+16	9.92e-01	8.25e-03	5.61e-08	0.00e+00	0.00e+00	0.00e+00	0.00e+00	0.00e+00	0.00e+00	9.30e-01	3.44e-02	2.71e-02
 6.45890e+16	9.92e-01	8.09e-03	5.43e-08	0.00e+00	0.00e+00	0.00e+00	0.00e+00	0.00e+00	0.00e+00	9.31e-01	3.42e-02	2.70e-02
 6.45953e+16	9.92e-01	7.93e-03	5.25e-08	0.00e+00	0.00e+00	0.00e+00	0.00e+00	0.00e+00	0.00e+00	9.31e-01	3.41e-02	2.69e-02
 6.46010e+16	9.92e-01	7.80e-03	5.10e-08	0.00e+00	0.00e+00	0.00e+00	0.00e+00	0.00e+00	0.00e+00	9.31e-01	3.40e-02	2.67e-02
 6.46061e+16	9.92e-01	7.69e-03	4.97e-08	0.00e+00	0.00e+00	0.00e+00	0.00e+00	0.00e+00	0.00e+00	9.32e-01	3.39e-02	2.67e-02
 6.46118e+16	9.92e-01	7.54e-03	4.81e-08	0.00e+00	0.00e+00	0.00e+00	0.00e+00	0.00e+00	0.00e+00	9.32e-01	3.38e-02	2.65e-02
 6.46179e+16	9.93e-01	7.39e-03	4.64e-08	0.00e+00	0.00e+00	0.00e+00	0.00e+00	0.00e+00	0.00e+00	9.33e-01	3.36e-02	2.64e-02
 6.46235e+16	9.93e-01	7.25e-03	4.49e-08	0.00e+00	0.00e+00	0.00e+00	0.00e+00	0.00e+00	0.00e+00	9.33e-01	3.35e-02	2.63e-02
