#depth	H	H+	H2
 2.42948e+11	2.71e-03	9.97e-01	1.02e-11
 1.45769e+12	2.71e-03	9.97e-01	1.02e-11
 6.31666e+12	2.71e-03	9.97e-01	1.02e-11
 2.57525e+13	2.71e-03	9.97e-01	1.02e-11
 6.15145e+13	2.69e-03	9.97e-01	1.03e-11
 1.08005e+14	2.67e-03	9.97e-01	1.03e-11
 1.68443e+14	2.66e-03	9.97e-01	1.03e-11
 2.47012e+14	2.64e-03	9.97e-01	1.03e-11
 3.49152e+14	2.62e-03	9.97e-01	1.04e-11
 4.81933e+14	2.59e-03	9.97e-01	1.04e-11
 6.54550e+14	2.56e-03	9.97e-01	1.04e-11
 8.78951e+14	2.53e-03	9.97e-01	1.04e-11
 1.17067e+15	2.49e-03	9.98e-01	1.04e-11
 1.54991e+15	2.44e-03	9.98e-01	1.02e-11
 2.04292e+15	2.38e-03	9.98e-01	9.95e-12
 2.53603e+15	2.30e-03	9.98e-01	9.46e-12
 2.93430e+15	2.25e-03	9.98e-01	9.03e-12
 3.35708e+15	2.23e-03	9.98e-01	8.76e-12
 3.90669e+15	2.21e-03	9.98e-01	8.61e-12
 4.49992e+15	2.19e-03	9.98e-01	8.50e-12
 5.02162e+15	2.19e-03	9.98e-01	8.58e-12
 5.52378e+15	2.20e-03	9.98e-01	8.73e-12
 6.07616e+15	2.21e-03	9.98e-01	8.93e-12
 6.68378e+15	2.23e-03	9.98e-01	9.16e-12
 7.35215e+15	2.24e-03	9.98e-01	9.38e-12
 8.08737e+15	2.26e-03	9.98e-01	9.59e-12
 8.89610e+15	2.27e-03	9.98e-01	9.81e-12
 9.78572e+15	2.29e-03	9.98e-01	9.97e-12
 1.07643e+16	2.30e-03	9.98e-01	1.02e-11
 1.18407e+16	2.32e-03	9.98e-01	1.03e-11
 1.30248e+16	2.35e-03	9.98e-01	1.05e-11
 1.43273e+16	2.37e-03	9.98e-01	1.07e-11
 1.57600e+16	2.41e-03	9.98e-01	1.09e-11
 1.73360e+16	2.45e-03	9.98e-01	1.11e-11
 1.90696e+16	2.50e-03	9.98e-01	1.12e-11
 2.07988e+16	2.56e-03	9.97e-01	1.14e-11
 2.23340e+16	2.62e-03	9.97e-01	1.16e-11
 2.36822e+16	2.67e-03	9.97e-01	1.16e-11
 2.48988e+16	2.73e-03	9.97e-01	1.14e-11
 2.60285e+16	2.79e-03	9.97e-01	1.11e-11
 2.70959e+16	2.85e-03	9.97e-01	1.06e-11
 2.81157e+16	2.92e-03	9.97e-01	9.88e-12
 2.90992e+16	2.98e-03	9.97e-01	8.98e-12
 3.00556e+16	3.05e-03	9.97e-01	7.97e-12
 3.09926e+16	3.13e-03	9.97e-01	6.91e-12
 3.19164e+16	3.21e-03	9.97e-01	5.89e-12
 3.28332e+16	3.31e-03	9.97e-01	4.97e-12
 3.37471e+16	3.41e-03	9.97e-01	4.18e-12
 3.46612e+16	3.52e-03	9.96e-01	3.53e-12
 3.55784e+16	3.64e-03	9.96e-01	3.01e-12
 3.65019e+16	3.78e-03	9.96e-01	2.60e-12
 3.74339e+16	3.94e-03	9.96e-01	2.29e-12
 3.83737e+16	4.11e-03	9.96e-01	2.06e-12
 3.93197e+16	4.31e-03	9.96e-01	1.90e-12
 4.02707e+16	4.54e-03	9.95e-01	1.79e-12
 4.12096e+16	4.79e-03	9.95e-01	1.74e-12
 4.21113e+16	5.07e-03	9.95e-01	1.72e-12
 4.29719e+16	5.37e-03	9.95e-01	1.72e-12
 4.38093e+16	5.69e-03	9.94e-01	1.75e-12
 4.46381e+16	6.05e-03	9.94e-01	1.80e-12
 4.54541e+16	6.46e-03	9.94e-01	1.87e-12
 4.62457e+16	6.91e-03	9.93e-01	1.96e-12
 4.70090e+16	7.40e-03	9.93e-01	2.07e-12
 4.77502e+16	7.94e-03	9.92e-01	2.20e-12
 4.84767e+16	8.54e-03	9.91e-01	2.34e-12
 4.91905e+16	9.23e-03	9.91e-01	2.51e-12
 4.98871e+16	1.00e-02	9.90e-01	2.70e-12
 5.05631e+16	1.09e-02	9.89e-01	2.92e-12
 5.12200e+16	1.19e-02	9.88e-01	3.16e-12
 5.18618e+16	1.30e-02	9.87e-01	3.44e-12
 5.24852e+16	1.43e-02	9.86e-01	3.76e-12
 5.30762e+16	1.58e-02	9.84e-01	4.13e-12
 5.36245e+16	1.74e-02	9.83e-01	4.54e-12
 5.41360e+16	1.92e-02	9.81e-01	4.98e-12
 5.46250e+16	2.13e-02	9.79e-01	5.48e-12
 5.51003e+16	2.37e-02	9.76e-01	6.05e-12
 5.55590e+16	2.65e-02	9.73e-01	6.73e-12
 5.59935e+16	2.98e-02	9.70e-01	7.50e-12
 5.64023e+16	3.36e-02	9.66e-01	8.40e-12
 5.67901e+16	3.80e-02	9.62e-01	9.44e-12
 5.71632e+16	4.33e-02	9.57e-01	1.07e-11
 5.75238e+16	4.96e-02	9.50e-01	1.21e-11
 5.78696e+16	5.73e-02	9.43e-01	1.40e-11
 5.81815e+16	6.64e-02	9.34e-01	1.61e-11
 5.84445e+16	7.61e-02	9.24e-01	1.85e-11
 5.86709e+16	8.64e-02	9.14e-01	2.09e-11
 5.88786e+16	9.73e-02	9.03e-01	2.36e-11
 5.90808e+16	1.10e-01	8.90e-01	2.68e-11
 5.92780e+16	1.25e-01	8.75e-01	3.06e-11
 5.94593e+16	1.42e-01	8.58e-01	3.49e-11
 5.96196e+16	1.59e-01	8.41e-01	3.98e-11
 5.97646e+16	1.77e-01	8.23e-01	4.49e-11
 5.99024e+16	1.97e-01	8.03e-01	5.06e-11
 6.00372e+16	2.18e-01	7.82e-01	5.71e-11
 6.01670e+16	2.42e-01	7.58e-01	6.44e-11
 6.02896e+16	2.66e-01	7.34e-01	7.25e-11
 6.04051e+16	2.90e-01	7.10e-01	8.11e-11
 6.05165e+16	3.15e-01	6.85e-01	9.05e-11
 6.06265e+16	3.42e-01	6.58e-01	1.01e-10
 6.07345e+16	3.69e-01	6.31e-01	1.13e-10
 6.08395e+16	3.97e-01	6.03e-01	1.25e-10
 6.09415e+16	4.24e-01	5.76e-01	1.39e-10
 6.10383e+16	4.50e-01	5.50e-01	1.53e-10
 6.11277e+16	4.75e-01	5.25e-01	1.67e-10
 6.12106e+16	4.98e-01	5.02e-01	1.81e-10
 6.12895e+16	5.19e-01	4.81e-01	1.95e-10
 6.13667e+16	5.41e-01	4.59e-01	2.10e-10
 6.14286e+16	5.57e-01	4.43e-01	2.23e-10
 6.14700e+16	5.68e-01	4.32e-01	2.32e-10
 6.15084e+16	5.78e-01	4.22e-01	2.40e-10
 6.15555e+16	5.90e-01	4.10e-01	2.52e-10
 6.16086e+16	6.04e-01	3.96e-01	2.65e-10
 6.16590e+16	6.18e-01	3.82e-01	2.78e-10
 6.17047e+16	6.29e-01	3.71e-01	2.89e-10
 6.17496e+16	6.41e-01	3.59e-01	3.03e-10
 6.17961e+16	6.52e-01	3.48e-01	3.16e-10
 6.18439e+16	6.64e-01	3.36e-01	3.31e-10
 6.18909e+16	6.76e-01	3.24e-01	3.45e-10
 6.19367e+16	6.87e-01	3.13e-01	3.61e-10
 6.19827e+16	6.98e-01	3.02e-01	3.78e-10
 6.20284e+16	7.08e-01	2.92e-01	3.94e-10
 6.20739e+16	7.19e-01	2.81e-01	4.12e-10
 6.21196e+16	7.29e-01	2.71e-01	4.31e-10
 6.21653e+16	7.39e-01	2.61e-01	4.50e-10
 6.22108e+16	7.49e-01	2.51e-01	4.70e-10
 6.22562e+16	7.59e-01	2.41e-01	4.91e-10
 6.23011e+16	7.68e-01	2.32e-01	5.14e-10
 6.23456e+16	7.77e-01	2.23e-01	5.37e-10
 6.23903e+16	7.86e-01	2.14e-01	5.61e-10
 6.24353e+16	7.94e-01	2.06e-01	5.87e-10
 6.24800e+16	8.03e-01	1.97e-01	6.14e-10
 6.25244e+16	8.11e-01	1.89e-01	6.41e-10
 6.25686e+16	8.18e-01	1.82e-01	6.71e-10
 6.26127e+16	8.26e-01	1.74e-01	7.03e-10
 6.26564e+16	8.33e-01	1.67e-01	7.36e-10
 6.26998e+16	8.40e-01	1.60e-01	7.71e-10
 6.27425e+16	8.47e-01	1.53e-01	8.07e-10
 6.27844e+16	8.53e-01	1.47e-01	8.45e-10
 6.28257e+16	8.59e-01	1.41e-01	8.84e-10
 6.28669e+16	8.65e-01	1.35e-01	9.25e-10
 6.29076e+16	8.70e-01	1.30e-01	9.68e-10
 6.29477e+16	8.76e-01	1.24e-01	1.01e-09
 6.29871e+16	8.81e-01	1.19e-01	1.06e-09
 6.30261e+16	8.85e-01	1.15e-01	1.11e-09
 6.30648e+16	8.90e-01	1.10e-01	1.16e-09
 6.31031e+16	8.95e-01	1.05e-01	1.22e-09
 6.31408e+16	8.99e-01	1.01e-01	1.28e-09
 6.31775e+16	9.03e-01	9.72e-02	1.34e-09
 6.32139e+16	9.06e-01	9.36e-02	1.40e-09
 6.32507e+16	9.10e-01	8.97e-02	1.47e-09
 6.32876e+16	9.14e-01	8.61e-02	1.54e-09
 6.33234e+16	9.17e-01	8.26e-02	1.62e-09
 6.33583e+16	9.21e-01	7.94e-02	1.71e-09
 6.33925e+16	9.24e-01	7.64e-02	1.79e-09
 6.34273e+16	9.27e-01	7.34e-02	1.89e-09
 6.34622e+16	9.30e-01	7.04e-02	2.00e-09
 6.34957e+16	9.32e-01	6.76e-02	2.12e-09
 6.35289e+16	9.35e-01	6.51e-02	2.22e-09
 6.35625e+16	9.37e-01	6.26e-02	2.35e-09
 6.35955e+16	9.40e-01	6.01e-02	2.50e-09
 6.36278e+16	9.42e-01	5.77e-02	2.66e-09
 6.36603e+16	9.45e-01	5.54e-02	2.83e-09
 6.36929e+16	9.47e-01	5.32e-02	3.01e-09
 6.37246e+16	9.49e-01	5.12e-02	3.21e-09
 6.37557e+16	9.51e-01	4.92e-02	3.42e-09
 6.37868e+16	9.53e-01	4.73e-02	3.66e-09
 6.38177e+16	9.54e-01	4.55e-02	3.94e-09
 6.38477e+16	9.56e-01	4.38e-02	4.23e-09
 6.38773e+16	9.58e-01	4.21e-02	4.57e-09
 6.39075e+16	9.60e-01	4.04e-02	4.98e-09
 6.39378e+16	9.61e-01	3.87e-02	5.47e-09
 6.39670e+16	9.63e-01	3.72e-02	5.97e-09
 6.39953e+16	9.64e-01	3.58e-02	6.60e-09
 6.40234e+16	9.66e-01	3.44e-02	7.31e-09
 6.40518e+16	9.67e-01	3.30e-02	8.16e-09
 6.40795e+16	9.68e-01	3.17e-02	9.17e-09
 6.41054e+16	9.69e-01	3.05e-02	1.03e-08
 6.41291e+16	9.71e-01	2.95e-02	1.15e-08
 6.41510e+16	9.71e-01	2.85e-02	1.30e-08
 6.41709e+16	9.72e-01	2.77e-02	1.44e-08
 6.41898e+16	9.73e-01	2.69e-02	1.62e-08
 6.42077e+16	9.74e-01	2.62e-02	1.82e-08
 6.42241e+16	9.74e-01	2.55e-02	2.04e-08
 6.42394e+16	9.75e-01	2.49e-02	2.27e-08
 6.42538e+16	9.76e-01	2.44e-02	2.53e-08
 6.42677e+16	9.76e-01	2.38e-02	2.83e-08
 6.42810e+16	9.77e-01	2.33e-02	3.17e-08
 6.42936e+16	9.77e-01	2.28e-02	3.54e-08
 6.43056e+16	9.78e-01	2.23e-02	3.95e-08
 6.43171e+16	9.78e-01	2.19e-02	4.41e-08
 6.43281e+16	9.79e-01	2.14e-02	4.95e-08
 6.43385e+16	9.79e-01	2.10e-02	5.48e-08
 6.43486e+16	9.79e-01	2.06e-02	6.06e-08
 6.43590e+16	9.80e-01	2.02e-02	6.76e-08
 6.43694e+16	9.80e-01	1.98e-02	7.55e-08
 6.43795e+16	9.81e-01	1.94e-02	8.38e-08
 6.43895e+16	9.81e-01	1.89e-02	9.27e-08
 6.43996e+16	9.81e-01	1.85e-02	1.02e-07
 6.44103e+16	9.82e-01	1.81e-02	1.13e-07
 6.44215e+16	9.82e-01	1.76e-02	1.23e-07
 6.44324e+16	9.83e-01	1.71e-02	1.32e-07
 6.44424e+16	9.83e-01	1.67e-02	1.40e-07
 6.44514e+16	9.84e-01	1.63e-02	1.46e-07
 6.44598e+16	9.84e-01	1.59e-02	1.50e-07
 6.44679e+16	9.84e-01	1.56e-02	1.54e-07
 6.44759e+16	9.85e-01	1.52e-02	1.58e-07
 6.44835e+16	9.85e-01	1.49e-02	1.60e-07
 6.44905e+16	9.85e-01	1.46e-02	1.63e-07
 6.44968e+16	9.86e-01	1.43e-02	1.65e-07
 6.45025e+16	9.86e-01	1.41e-02	1.67e-07
 6.45077e+16	9.86e-01	1.39e-02	1.69e-07
 6.45125e+16	9.86e-01	1.37e-02	1.70e-07
 6.45177e+16	9.87e-01	1.35e-02	1.72e-07
 6.45233e+16	9.87e-01	1.33e-02	1.74e-07
 6.45284e+16	9.87e-01	1.30e-02	1.76e-07
 6.45330e+16	9.87e-01	1.29e-02	1.77e-07
 6.45381e+16	9.87e-01	1.27e-02	1.80e-07
 6.45436e+16	9.88e-01	1.25e-02	1.82e-07
 6.45486e+16	9.88e-01	1.23e-02	1.84e-07
 6.45532e+16	9.88e-01	1.21e-02	1.86e-07
 6.45573e+16	9.88e-01	1.20e-02	1.88e-07
 6.45619e+16	9.88e-01	1.18e-02	1.91e-07
 6.45668e+16	9.88e-01	1.16e-02	1.93e-07
 6.45722e+16	9.89e-01	1.15e-02	1.95e-07
 6.45780e+16	9.89e-01	1.13e-02	1.97e-07
 6.45833e+16	9.89e-01	1.12e-02	2.00e-07
 6.45890e+16	9.89e-01	1.10e-02	2.02e-07
 6.45953e+16	9.89e-01	1.08e-02	2.06e-07
 6.46010e+16	9.89e-01	1.06e-02	2.08e-07
 6.46061e+16	9.90e-01	1.05e-02	2.11e-07
 6.46118e+16	9.90e-01	1.03e-02	2.14e-07
 6.46179e+16	9.90e-01	1.01e-02	2.18e-07
 6.46235e+16	9.90e-01	9.96e-03	2.21e-07
