#depth	He	He+	He+2
 2.42948e+11	4.22e-04	2.64e-01	7.36e-01
 1.45769e+12	4.22e-04	2.64e-01	7.36e-01
 6.31666e+12	4.23e-04	2.64e-01	7.35e-01
 2.57525e+13	4.26e-04	2.66e-01	7.34e-01
 6.15145e+13	4.29e-04	2.68e-01	7.32e-01
 1.08005e+14	4.35e-04	2.71e-01	7.29e-01
 1.68443e+14	4.42e-04	2.75e-01	7.25e-01
 2.47012e+14	4.53e-04	2.81e-01	7.19e-01
 3.49152e+14	4.67e-04	2.89e-01	7.11e-01
 4.81933e+14	4.88e-04	3.00e-01	6.99e-01
 6.54550e+14	5.16e-04	3.16e-01	6.84e-01
 8.78951e+14	5.55e-04	3.39e-01	6.61e-01
 1.17067e+15	6.10e-04	3.71e-01	6.28e-01
 1.54991e+15	6.89e-04	4.19e-01	5.80e-01
 2.04292e+15	8.04e-04	4.90e-01	5.09e-01
 2.53603e+15	9.22e-04	5.69e-01	4.30e-01
 2.93430e+15	1.02e-03	6.37e-01	3.62e-01
 3.35708e+15	1.13e-03	7.10e-01	2.89e-01
 3.90669e+15	1.27e-03	7.96e-01	2.03e-01
 4.49992e+15	1.39e-03	8.71e-01	1.28e-01
 5.02162e+15	1.48e-03	9.18e-01	8.06e-02
 5.52378e+15	1.55e-03	9.48e-01	5.02e-02
 6.07616e+15	1.61e-03	9.69e-01	2.94e-02
 6.68378e+15	1.67e-03	9.82e-01	1.62e-02
 7.35215e+15	1.73e-03	9.90e-01	8.49e-03
 8.08737e+15	1.79e-03	9.94e-01	4.23e-03
 8.89610e+15	1.85e-03	9.96e-01	2.01e-03
 9.78572e+15	1.91e-03	9.97e-01	9.23e-04
 1.07643e+16	1.98e-03	9.98e-01	4.07e-04
 1.18407e+16	2.06e-03	9.98e-01	1.73e-04
 1.30248e+16	2.14e-03	9.98e-01	7.17e-05
 1.43273e+16	2.24e-03	9.98e-01	2.89e-05
 1.57600e+16	2.35e-03	9.98e-01	1.14e-05
 1.73360e+16	2.48e-03	9.98e-01	4.50e-06
 1.90696e+16	2.63e-03	9.97e-01	1.78e-06
 2.07988e+16	2.80e-03	9.97e-01	7.91e-07
 2.23340e+16	2.95e-03	9.97e-01	4.19e-07
 2.36822e+16	3.10e-03	9.97e-01	2.53e-07
 2.48988e+16	3.24e-03	9.97e-01	1.68e-07
 2.60285e+16	3.38e-03	9.97e-01	1.18e-07
 2.70959e+16	3.52e-03	9.96e-01	8.64e-08
 2.81157e+16	3.65e-03	9.96e-01	6.56e-08
 2.90992e+16	3.79e-03	9.96e-01	5.12e-08
 3.00556e+16	3.93e-03	9.96e-01	4.08e-08
 3.09926e+16	4.08e-03	9.96e-01	3.30e-08
 3.19164e+16	4.23e-03	9.96e-01	2.71e-08
 3.28332e+16	4.40e-03	9.96e-01	2.25e-08
 3.37471e+16	4.57e-03	9.95e-01	1.89e-08
 3.46612e+16	4.75e-03	9.95e-01	1.59e-08
 3.55784e+16	4.95e-03	9.95e-01	1.36e-08
 3.65019e+16	5.16e-03	9.95e-01	1.16e-08
 3.74339e+16	5.39e-03	9.95e-01	1.00e-08
 3.83737e+16	5.64e-03	9.94e-01	8.67e-09
 3.93197e+16	5.91e-03	9.94e-01	7.55e-09
 4.02707e+16	6.21e-03	9.94e-01	6.61e-09
 4.12096e+16	6.53e-03	9.93e-01	5.83e-09
 4.21113e+16	6.87e-03	9.93e-01	5.20e-09
 4.29719e+16	7.22e-03	9.93e-01	4.68e-09
 4.38093e+16	7.58e-03	9.92e-01	4.24e-09
 4.46381e+16	7.98e-03	9.92e-01	3.87e-09
 4.54541e+16	8.41e-03	9.92e-01	3.54e-09
 4.62457e+16	8.86e-03	9.91e-01	3.26e-09
 4.70090e+16	9.34e-03	9.91e-01	3.02e-09
 4.77502e+16	9.84e-03	9.90e-01	2.81e-09
 4.84767e+16	1.04e-02	9.90e-01	2.63e-09
 4.91905e+16	1.10e-02	9.89e-01	2.47e-09
 4.98871e+16	1.16e-02	9.88e-01	2.33e-09
 5.05631e+16	1.23e-02	9.88e-01	2.20e-09
 5.12200e+16	1.31e-02	9.87e-01	2.09e-09
 5.18618e+16	1.39e-02	9.86e-01	1.99e-09
 5.24852e+16	1.48e-02	9.85e-01	1.90e-09
 5.30762e+16	1.57e-02	9.84e-01	1.83e-09
 5.36245e+16	1.67e-02	9.83e-01	1.76e-09
 5.41360e+16	1.78e-02	9.82e-01	1.71e-09
 5.46250e+16	1.90e-02	9.81e-01	1.66e-09
 5.51003e+16	2.03e-02	9.80e-01	1.61e-09
 5.55590e+16	2.17e-02	9.78e-01	1.57e-09
 5.59935e+16	2.32e-02	9.77e-01	1.53e-09
 5.64023e+16	2.49e-02	9.75e-01	1.50e-09
 5.67901e+16	2.68e-02	9.73e-01	1.48e-09
 5.71632e+16	2.89e-02	9.71e-01	1.46e-09
 5.75238e+16	3.13e-02	9.69e-01	1.44e-09
 5.78696e+16	3.41e-02	9.66e-01	1.43e-09
 5.81815e+16	3.71e-02	9.63e-01	1.42e-09
 5.84445e+16	4.01e-02	9.60e-01	1.42e-09
 5.86709e+16	4.32e-02	9.57e-01	1.42e-09
 5.88786e+16	4.63e-02	9.54e-01	1.43e-09
 5.90808e+16	4.99e-02	9.50e-01	1.45e-09
 5.92780e+16	5.39e-02	9.46e-01	1.47e-09
 5.94593e+16	5.83e-02	9.42e-01	1.50e-09
 5.96196e+16	6.28e-02	9.37e-01	1.54e-09
 5.97646e+16	6.74e-02	9.33e-01	1.58e-09
 5.99024e+16	7.24e-02	9.28e-01	1.63e-09
 6.00372e+16	7.79e-02	9.22e-01	1.70e-09
 6.01670e+16	8.40e-02	9.16e-01	1.78e-09
 6.02896e+16	9.05e-02	9.09e-01	1.87e-09
 6.04051e+16	9.73e-02	9.03e-01	1.97e-09
 6.05165e+16	1.05e-01	8.95e-01	2.09e-09
 6.06265e+16	1.13e-01	8.87e-01	2.22e-09
 6.07345e+16	1.22e-01	8.78e-01	2.38e-09
 6.08395e+16	1.32e-01	8.68e-01	2.54e-09
 6.09415e+16	1.42e-01	8.58e-01	2.74e-09
 6.10383e+16	1.53e-01	8.47e-01	2.95e-09
 6.11277e+16	1.64e-01	8.36e-01	3.17e-09
 6.12106e+16	1.75e-01	8.25e-01	3.39e-09
 6.12895e+16	1.87e-01	8.13e-01	3.61e-09
 6.13667e+16	1.99e-01	8.01e-01	3.85e-09
 6.14286e+16	2.09e-01	7.91e-01	4.07e-09
 6.14700e+16	2.16e-01	7.84e-01	4.21e-09
 6.15084e+16	2.23e-01	7.77e-01	4.33e-09
 6.15555e+16	2.32e-01	7.68e-01	4.48e-09
 6.16086e+16	2.43e-01	7.57e-01	4.68e-09
 6.16590e+16	2.53e-01	7.47e-01	4.89e-09
 6.17047e+16	2.62e-01	7.38e-01	5.09e-09
 6.17496e+16	2.72e-01	7.28e-01	5.26e-09
 6.17961e+16	2.82e-01	7.18e-01	5.48e-09
 6.18439e+16	2.93e-01	7.07e-01	5.68e-09
 6.18909e+16	3.04e-01	6.96e-01	5.93e-09
 6.19367e+16	3.16e-01	6.84e-01	6.15e-09
 6.19827e+16	3.27e-01	6.73e-01	6.37e-09
 6.20284e+16	3.39e-01	6.61e-01	6.61e-09
 6.20739e+16	3.51e-01	6.49e-01	6.85e-09
 6.21196e+16	3.64e-01	6.36e-01	7.10e-09
 6.21653e+16	3.76e-01	6.24e-01	7.35e-09
 6.22108e+16	3.89e-01	6.11e-01	7.62e-09
 6.22562e+16	4.03e-01	5.97e-01	7.87e-09
 6.23011e+16	4.16e-01	5.84e-01	8.14e-09
 6.23456e+16	4.30e-01	5.70e-01	8.40e-09
 6.23903e+16	4.43e-01	5.57e-01	8.67e-09
 6.24353e+16	4.57e-01	5.43e-01	8.94e-09
 6.24800e+16	4.71e-01	5.29e-01	9.21e-09
 6.25244e+16	4.86e-01	5.14e-01	9.48e-09
 6.25686e+16	5.00e-01	5.00e-01	9.74e-09
 6.26127e+16	5.14e-01	4.86e-01	1.00e-08
 6.26564e+16	5.29e-01	4.71e-01	1.03e-08
 6.26998e+16	5.43e-01	4.57e-01	1.05e-08
 6.27425e+16	5.57e-01	4.43e-01	1.08e-08
 6.27844e+16	5.71e-01	4.29e-01	1.10e-08
 6.28257e+16	5.85e-01	4.15e-01	1.13e-08
 6.28669e+16	5.98e-01	4.02e-01	1.15e-08
 6.29076e+16	6.12e-01	3.88e-01	1.17e-08
 6.29477e+16	6.25e-01	3.75e-01	1.19e-08
 6.29871e+16	6.38e-01	3.62e-01	1.21e-08
 6.30261e+16	6.50e-01	3.50e-01	1.23e-08
 6.30648e+16	6.63e-01	3.37e-01	1.25e-08
 6.31031e+16	6.75e-01	3.25e-01	1.27e-08
 6.31408e+16	6.86e-01	3.14e-01	1.28e-08
 6.31775e+16	6.98e-01	3.02e-01	1.30e-08
 6.32139e+16	7.09e-01	2.91e-01	1.31e-08
 6.32507e+16	7.20e-01	2.80e-01	1.32e-08
 6.32876e+16	7.31e-01	2.69e-01	1.34e-08
 6.33234e+16	7.41e-01	2.59e-01	1.35e-08
 6.33583e+16	7.51e-01	2.49e-01	1.36e-08
 6.33925e+16	7.60e-01	2.40e-01	1.37e-08
 6.34273e+16	7.70e-01	2.30e-01	1.38e-08
 6.34622e+16	7.79e-01	2.21e-01	1.39e-08
 6.34957e+16	7.87e-01	2.13e-01	1.39e-08
 6.35289e+16	7.96e-01	2.04e-01	1.40e-08
 6.35625e+16	8.04e-01	1.96e-01	1.41e-08
 6.35955e+16	8.12e-01	1.88e-01	1.41e-08
 6.36278e+16	8.19e-01	1.81e-01	1.41e-08
 6.36603e+16	8.27e-01	1.73e-01	1.41e-08
 6.36929e+16	8.34e-01	1.66e-01	1.42e-08
 6.37246e+16	8.40e-01	1.60e-01	1.42e-08
 6.37557e+16	8.47e-01	1.53e-01	1.42e-08
 6.37868e+16	8.53e-01	1.47e-01	1.42e-08
 6.38177e+16	8.59e-01	1.41e-01	1.42e-08
 6.38477e+16	8.65e-01	1.35e-01	1.42e-08
 6.38773e+16	8.70e-01	1.30e-01	1.42e-08
 6.39075e+16	8.75e-01	1.25e-01	1.41e-08
 6.39378e+16	8.81e-01	1.19e-01	1.41e-08
 6.39670e+16	8.85e-01	1.15e-01	1.41e-08
 6.39953e+16	8.90e-01	1.10e-01	1.40e-08
 6.40234e+16	8.94e-01	1.06e-01	1.39e-08
 6.40518e+16	8.99e-01	1.01e-01	1.39e-08
 6.40795e+16	9.03e-01	9.73e-02	1.38e-08
 6.41054e+16	9.06e-01	9.36e-02	1.37e-08
 6.41291e+16	9.10e-01	9.03e-02	1.37e-08
 6.41510e+16	9.13e-01	8.74e-02	1.36e-08
 6.41709e+16	9.15e-01	8.48e-02	1.35e-08
 6.41898e+16	9.18e-01	8.23e-02	1.34e-08
 6.42077e+16	9.20e-01	8.01e-02	1.33e-08
 6.42241e+16	9.22e-01	7.80e-02	1.32e-08
 6.42394e+16	9.24e-01	7.61e-02	1.31e-08
 6.42538e+16	9.26e-01	7.44e-02	1.30e-08
 6.42677e+16	9.27e-01	7.27e-02	1.29e-08
 6.42810e+16	9.29e-01	7.12e-02	1.28e-08
 6.42936e+16	9.30e-01	6.97e-02	1.27e-08
 6.43056e+16	9.32e-01	6.83e-02	1.27e-08
 6.43171e+16	9.33e-01	6.70e-02	1.26e-08
 6.43281e+16	9.34e-01	6.58e-02	1.25e-08
 6.43385e+16	9.35e-01	6.47e-02	1.24e-08
 6.43486e+16	9.36e-01	6.36e-02	1.23e-08
 6.43590e+16	9.38e-01	6.24e-02	1.22e-08
 6.43694e+16	9.39e-01	6.13e-02	1.21e-08
 6.43795e+16	9.40e-01	6.03e-02	1.20e-08
 6.43895e+16	9.41e-01	5.92e-02	1.19e-08
 6.43996e+16	9.42e-01	5.81e-02	1.18e-08
 6.44103e+16	9.43e-01	5.70e-02	1.16e-08
 6.44215e+16	9.44e-01	5.59e-02	1.15e-08
 6.44324e+16	9.45e-01	5.48e-02	1.14e-08
 6.44424e+16	9.46e-01	5.38e-02	1.12e-08
 6.44514e+16	9.47e-01	5.28e-02	1.11e-08
 6.44598e+16	9.48e-01	5.20e-02	1.10e-08
 6.44679e+16	9.49e-01	5.12e-02	1.09e-08
 6.44759e+16	9.50e-01	5.03e-02	1.07e-08
 6.44835e+16	9.50e-01	4.96e-02	1.06e-08
 6.44905e+16	9.51e-01	4.89e-02	1.05e-08
 6.44968e+16	9.52e-01	4.82e-02	1.04e-08
 6.45025e+16	9.52e-01	4.76e-02	1.02e-08
 6.45077e+16	9.53e-01	4.71e-02	1.02e-08
 6.45125e+16	9.53e-01	4.66e-02	1.01e-08
 6.45177e+16	9.54e-01	4.60e-02	9.96e-09
 6.45233e+16	9.55e-01	4.55e-02	9.87e-09
 6.45284e+16	9.55e-01	4.49e-02	9.76e-09
 6.45330e+16	9.55e-01	4.45e-02	9.70e-09
 6.45381e+16	9.56e-01	4.40e-02	9.58e-09
 6.45436e+16	9.57e-01	4.34e-02	9.49e-09
 6.45486e+16	9.57e-01	4.29e-02	9.39e-09
 6.45532e+16	9.58e-01	4.25e-02	9.31e-09
 6.45573e+16	9.58e-01	4.21e-02	9.22e-09
 6.45619e+16	9.58e-01	4.16e-02	9.13e-09
 6.45668e+16	9.59e-01	4.12e-02	9.06e-09
 6.45722e+16	9.59e-01	4.07e-02	8.97e-09
 6.45780e+16	9.60e-01	4.02e-02	8.88e-09
 6.45833e+16	9.60e-01	3.97e-02	8.82e-09
 6.45890e+16	9.61e-01	3.92e-02	8.72e-09
 6.45953e+16	9.61e-01	3.86e-02	8.61e-09
 6.46010e+16	9.62e-01	3.82e-02	8.55e-09
 6.46061e+16	9.62e-01	3.78e-02	8.48e-09
 6.46118e+16	9.63e-01	3.73e-02	8.38e-09
 6.46179e+16	9.63e-01	3.68e-02	8.29e-09
 6.46235e+16	9.64e-01	3.64e-02	8.24e-09
