#depth	He	He+	He+2
 2.22588e+12	9.30e-05	1.51e-01	8.49e-01
 1.33553e+13	9.32e-05	1.51e-01	8.49e-01
 5.78728e+13	9.38e-05	1.52e-01	8.48e-01
 2.35943e+14	9.61e-05	1.54e-01	8.46e-01
 5.63592e+14	9.98e-05	1.57e-01	8.43e-01
 9.89535e+14	1.05e-04	1.62e-01	8.38e-01
 1.54326e+15	1.13e-04	1.70e-01	8.29e-01
 2.26311e+15	1.26e-04	1.83e-01	8.17e-01
 3.19890e+15	1.46e-04	2.04e-01	7.96e-01
 4.22693e+15	1.73e-04	2.33e-01	7.67e-01
 5.18872e+15	2.06e-04	2.68e-01	7.32e-01
 6.07240e+15	2.46e-04	3.10e-01	6.90e-01
 6.87517e+15	2.93e-04	3.58e-01	6.41e-01
 7.62370e+15	3.52e-04	4.16e-01	5.84e-01
 8.30056e+15	4.14e-04	4.77e-01	5.23e-01
 8.87578e+15	4.75e-04	5.35e-01	4.64e-01
 9.48555e+15	5.50e-04	6.03e-01	3.96e-01
 1.01611e+16	6.38e-04	6.80e-01	3.19e-01
 1.08017e+16	7.25e-04	7.51e-01	2.48e-01
 1.15143e+16	8.18e-04	8.21e-01	1.78e-01
 1.24406e+16	9.23e-04	8.90e-01	1.09e-01
 1.36124e+16	1.02e-03	9.43e-01	5.56e-02
 1.49737e+16	1.10e-03	9.74e-01	2.51e-02
 1.64710e+16	1.17e-03	9.88e-01	1.09e-02
 1.81181e+16	1.22e-03	9.94e-01	4.66e-03
 1.99300e+16	1.28e-03	9.97e-01	1.97e-03
 2.19230e+16	1.34e-03	9.98e-01	8.19e-04
 2.41153e+16	1.45e-03	9.98e-01	3.30e-04
 2.65268e+16	1.54e-03	9.98e-01	1.31e-04
 2.91795e+16	1.64e-03	9.98e-01	5.35e-05
 3.20974e+16	1.76e-03	9.98e-01	2.25e-05
 3.43630e+16	1.88e-03	9.98e-01	1.27e-05
 3.55192e+16	1.94e-03	9.98e-01	9.80e-06
 3.64831e+16	1.99e-03	9.98e-01	7.76e-06
 3.77361e+16	2.06e-03	9.98e-01	5.84e-06
 3.93651e+16	2.16e-03	9.98e-01	4.13e-06
 4.10262e+16	2.28e-03	9.98e-01	3.02e-06
 4.23008e+16	2.38e-03	9.98e-01	2.42e-06
 4.33343e+16	2.46e-03	9.98e-01	2.03e-06
 4.44827e+16	2.56e-03	9.97e-01	1.66e-06
 4.59756e+16	2.69e-03	9.97e-01	1.30e-06
 4.74919e+16	2.84e-03	9.97e-01	1.05e-06
 4.86449e+16	2.98e-03	9.97e-01	8.92e-07
 4.95757e+16	3.10e-03	9.97e-01	7.84e-07
 5.06113e+16	3.22e-03	9.97e-01	6.80e-07
 5.19575e+16	3.41e-03	9.97e-01	5.68e-07
 5.33135e+16	3.62e-03	9.96e-01	4.84e-07
 5.43487e+16	3.82e-03	9.96e-01	4.29e-07
 5.52020e+16	3.98e-03	9.96e-01	3.89e-07
 5.61521e+16	4.18e-03	9.96e-01	3.48e-07
 5.73873e+16	4.45e-03	9.96e-01	3.03e-07
 5.86496e+16	4.79e-03	9.95e-01	2.65e-07
 5.96048e+16	5.09e-03	9.95e-01	2.42e-07
 6.03513e+16	5.34e-03	9.95e-01	2.25e-07
 6.11689e+16	5.64e-03	9.94e-01	2.07e-07
 6.22317e+16	6.07e-03	9.94e-01	1.86e-07
 6.33162e+16	6.59e-03	9.93e-01	1.68e-07
 6.41477e+16	7.06e-03	9.93e-01	1.56e-07
 6.48097e+16	7.49e-03	9.93e-01	1.47e-07
 6.55327e+16	7.99e-03	9.92e-01	1.38e-07
 6.64726e+16	8.75e-03	9.91e-01	1.26e-07
 6.73973e+16	9.65e-03	9.90e-01	1.17e-07
 6.80556e+16	1.04e-02	9.90e-01	1.11e-07
 6.85641e+16	1.11e-02	9.89e-01	1.06e-07
 6.91244e+16	1.20e-02	9.88e-01	1.01e-07
 6.98529e+16	1.33e-02	9.87e-01	9.42e-08
 7.05858e+16	1.49e-02	9.85e-01	8.86e-08
 7.11320e+16	1.63e-02	9.84e-01	8.47e-08
 7.15631e+16	1.77e-02	9.82e-01	8.15e-08
 7.19698e+16	1.92e-02	9.81e-01	7.86e-08
 7.23666e+16	2.09e-02	9.79e-01	7.58e-08
 7.27470e+16	2.28e-02	9.77e-01	7.33e-08
 7.30998e+16	2.49e-02	9.75e-01	7.09e-08
 7.34237e+16	2.72e-02	9.73e-01	6.88e-08
 7.37245e+16	2.97e-02	9.70e-01	6.67e-08
 7.40070e+16	3.24e-02	9.68e-01	6.49e-08
 7.42736e+16	3.54e-02	9.65e-01	6.31e-08
 7.45253e+16	3.87e-02	9.61e-01	6.14e-08
 7.47611e+16	4.25e-02	9.58e-01	5.97e-08
 7.49807e+16	4.66e-02	9.53e-01	5.82e-08
 7.51853e+16	5.11e-02	9.49e-01	5.68e-08
 7.53785e+16	5.61e-02	9.44e-01	5.54e-08
 7.55634e+16	6.18e-02	9.38e-01	5.41e-08
 7.57395e+16	6.82e-02	9.32e-01	5.29e-08
 7.59057e+16	7.53e-02	9.25e-01	5.18e-08
 7.60621e+16	8.32e-02	9.17e-01	5.07e-08
 7.62103e+16	9.21e-02	9.08e-01	4.97e-08
 7.63515e+16	1.02e-01	8.98e-01	4.87e-08
 7.64864e+16	1.13e-01	8.87e-01	4.79e-08
 7.66114e+16	1.26e-01	8.74e-01	4.70e-08
 7.67210e+16	1.38e-01	8.62e-01	4.64e-08
 7.68139e+16	1.51e-01	8.49e-01	4.58e-08
 7.68952e+16	1.63e-01	8.37e-01	4.53e-08
 7.69707e+16	1.76e-01	8.24e-01	4.48e-08
 7.70286e+16	1.86e-01	8.14e-01	4.45e-08
 7.70654e+16	1.94e-01	8.06e-01	4.43e-08
 7.70994e+16	2.01e-01	7.99e-01	4.39e-08
 7.71401e+16	2.10e-01	7.90e-01	4.36e-08
 7.71839e+16	2.21e-01	7.79e-01	4.33e-08
 7.72242e+16	2.31e-01	7.69e-01	4.31e-08
 7.72599e+16	2.40e-01	7.60e-01	4.29e-08
 7.72942e+16	2.50e-01	7.50e-01	4.26e-08
 7.73294e+16	2.61e-01	7.39e-01	4.24e-08
 7.73648e+16	2.72e-01	7.28e-01	4.22e-08
 7.73988e+16	2.83e-01	7.17e-01	4.19e-08
 7.74312e+16	2.94e-01	7.06e-01	4.17e-08
 7.74627e+16	3.06e-01	6.94e-01	4.15e-08
 7.74939e+16	3.18e-01	6.82e-01	4.13e-08
 7.75247e+16	3.30e-01	6.70e-01	4.10e-08
 7.75547e+16	3.42e-01	6.58e-01	4.08e-08
 7.75839e+16	3.55e-01	6.45e-01	4.06e-08
 7.76124e+16	3.68e-01	6.32e-01	4.03e-08
 7.76404e+16	3.81e-01	6.19e-01	4.01e-08
 7.76678e+16	3.95e-01	6.05e-01	3.98e-08
 7.76947e+16	4.09e-01	5.91e-01	3.95e-08
 7.77209e+16	4.22e-01	5.78e-01	3.93e-08
 7.77466e+16	4.36e-01	5.64e-01	3.90e-08
 7.77718e+16	4.51e-01	5.49e-01	3.87e-08
 7.77965e+16	4.65e-01	5.35e-01	3.83e-08
 7.78207e+16	4.79e-01	5.21e-01	3.80e-08
 7.78443e+16	4.94e-01	5.06e-01	3.77e-08
 7.78675e+16	5.08e-01	4.92e-01	3.73e-08
 7.78902e+16	5.23e-01	4.77e-01	3.70e-08
 7.79124e+16	5.37e-01	4.63e-01	3.66e-08
 7.79339e+16	5.52e-01	4.48e-01	3.62e-08
 7.79546e+16	5.66e-01	4.34e-01	3.58e-08
 7.79747e+16	5.80e-01	4.20e-01	3.54e-08
 7.79943e+16	5.93e-01	4.07e-01	3.50e-08
 7.80134e+16	6.07e-01	3.93e-01	3.45e-08
 7.80321e+16	6.20e-01	3.80e-01	3.41e-08
 7.80501e+16	6.33e-01	3.67e-01	3.37e-08
 7.80675e+16	6.45e-01	3.55e-01	3.32e-08
 7.80846e+16	6.58e-01	3.42e-01	3.27e-08
 7.81014e+16	6.70e-01	3.30e-01	3.23e-08
 7.81175e+16	6.81e-01	3.19e-01	3.18e-08
 7.81332e+16	6.93e-01	3.07e-01	3.13e-08
 7.81486e+16	7.04e-01	2.96e-01	3.08e-08
 7.81637e+16	7.15e-01	2.85e-01	3.03e-08
 7.81783e+16	7.25e-01	2.75e-01	2.99e-08
 7.81925e+16	7.36e-01	2.64e-01	2.94e-08
 7.82064e+16	7.46e-01	2.54e-01	2.89e-08
 7.82198e+16	7.55e-01	2.45e-01	2.83e-08
 7.82329e+16	7.64e-01	2.36e-01	2.78e-08
 7.82459e+16	7.74e-01	2.26e-01	2.73e-08
 7.82588e+16	7.82e-01	2.18e-01	2.68e-08
 7.82710e+16	7.91e-01	2.09e-01	2.63e-08
 7.82828e+16	7.99e-01	2.01e-01	2.58e-08
 7.82944e+16	8.07e-01	1.93e-01	2.52e-08
 7.83058e+16	8.15e-01	1.85e-01	2.47e-08
 7.83169e+16	8.22e-01	1.78e-01	2.42e-08
 7.83276e+16	8.29e-01	1.71e-01	2.36e-08
 7.83380e+16	8.36e-01	1.64e-01	2.31e-08
 7.83482e+16	8.43e-01	1.57e-01	2.25e-08
 7.83581e+16	8.49e-01	1.51e-01	2.20e-08
 7.83676e+16	8.55e-01	1.45e-01	2.14e-08
 7.83769e+16	8.61e-01	1.39e-01	2.09e-08
 7.83859e+16	8.67e-01	1.33e-01	2.03e-08
 7.83943e+16	8.72e-01	1.28e-01	1.98e-08
 7.84020e+16	8.77e-01	1.23e-01	1.92e-08
 7.84091e+16	8.81e-01	1.19e-01	1.87e-08
 7.84157e+16	8.85e-01	1.15e-01	1.82e-08
 7.84218e+16	8.89e-01	1.11e-01	1.78e-08
 7.84276e+16	8.93e-01	1.07e-01	1.73e-08
 7.84329e+16	8.96e-01	1.04e-01	1.69e-08
 7.84377e+16	8.99e-01	1.01e-01	1.65e-08
 7.84421e+16	9.02e-01	9.79e-02	1.61e-08
 7.84462e+16	9.05e-01	9.52e-02	1.57e-08
 7.84501e+16	9.07e-01	9.27e-02	1.53e-08
 7.84536e+16	9.10e-01	9.04e-02	1.49e-08
 7.84569e+16	9.12e-01	8.82e-02	1.46e-08
 7.84599e+16	9.14e-01	8.62e-02	1.43e-08
 7.84628e+16	9.16e-01	8.42e-02	1.40e-08
 7.84655e+16	9.18e-01	8.23e-02	1.36e-08
 7.84679e+16	9.19e-01	8.08e-02	1.34e-08
 7.84703e+16	9.21e-01	7.89e-02	1.30e-08
 7.84725e+16	9.23e-01	7.75e-02	1.28e-08
 7.84744e+16	9.24e-01	7.58e-02	1.25e-08
 7.84762e+16	9.25e-01	7.47e-02	1.23e-08
 7.84778e+16	9.27e-01	7.32e-02	1.20e-08
 7.84793e+16	9.28e-01	7.21e-02	1.18e-08
 7.84808e+16	9.29e-01	7.08e-02	1.15e-08
 7.84821e+16	9.30e-01	6.98e-02	1.13e-08
 7.84833e+16	9.31e-01	6.86e-02	1.10e-08
 7.84845e+16	9.32e-01	6.77e-02	1.09e-08
 7.84855e+16	9.33e-01	6.66e-02	1.06e-08
 7.84865e+16	9.34e-01	6.58e-02	1.05e-08
 7.84874e+16	9.35e-01	6.47e-02	1.02e-08
 7.84882e+16	9.36e-01	6.40e-02	1.01e-08
 7.84890e+16	9.37e-01	6.29e-02	9.80e-09
 7.84899e+16	9.38e-01	6.21e-02	9.64e-09
 7.84906e+16	9.39e-01	6.10e-02	9.36e-09
 7.84914e+16	9.40e-01	5.99e-02	9.10e-09
 7.84922e+16	9.41e-01	5.88e-02	8.82e-09
 7.84930e+16	9.42e-01	5.75e-02	8.51e-09
 7.84938e+16	9.44e-01	5.59e-02	8.08e-09
 7.84946e+16	9.46e-01	5.37e-02	7.51e-09
 7.84953e+16	9.80e-01	1.96e-02	9.79e-10
