#depth	H	H+	H2
 2.22588e+12	1.18e-03	9.99e-01	3.92e-14
 1.33553e+13	1.18e-03	9.99e-01	3.92e-14
 5.78728e+13	1.18e-03	9.99e-01	3.94e-14
 2.35943e+14	1.19e-03	9.99e-01	4.02e-14
 5.63592e+14	1.18e-03	9.99e-01	4.16e-14
 9.89535e+14	1.18e-03	9.99e-01	4.32e-14
 1.54326e+15	1.19e-03	9.99e-01	4.53e-14
 2.26311e+15	1.20e-03	9.99e-01	4.83e-14
 3.19890e+15	1.21e-03	9.99e-01	5.24e-14
 4.22693e+15	1.22e-03	9.99e-01	5.67e-14
 5.18872e+15	1.23e-03	9.99e-01	6.07e-14
 6.07240e+15	1.25e-03	9.99e-01	6.50e-14
 6.87517e+15	1.27e-03	9.99e-01	6.91e-14
 7.62370e+15	1.30e-03	9.99e-01	7.48e-14
 8.30056e+15	1.33e-03	9.99e-01	7.96e-14
 8.87578e+15	1.35e-03	9.99e-01	8.44e-14
 9.48555e+15	1.39e-03	9.99e-01	9.06e-14
 1.01611e+16	1.44e-03	9.99e-01	9.81e-14
 1.08017e+16	1.48e-03	9.99e-01	1.06e-13
 1.15143e+16	1.54e-03	9.98e-01	1.16e-13
 1.24406e+16	1.62e-03	9.98e-01	1.30e-13
 1.36124e+16	1.71e-03	9.98e-01	1.47e-13
 1.49737e+16	1.80e-03	9.98e-01	1.65e-13
 1.64710e+16	1.89e-03	9.98e-01	1.82e-13
 1.81181e+16	1.99e-03	9.98e-01	2.01e-13
 1.99300e+16	2.11e-03	9.98e-01	2.23e-13
 2.19230e+16	2.26e-03	9.98e-01	2.48e-13
 2.41153e+16	2.50e-03	9.97e-01	2.94e-13
 2.65268e+16	2.75e-03	9.97e-01	3.38e-13
 2.91795e+16	3.06e-03	9.97e-01	3.94e-13
 3.20974e+16	3.45e-03	9.97e-01	4.68e-13
 3.43630e+16	3.86e-03	9.96e-01	5.47e-13
 3.55192e+16	4.08e-03	9.96e-01	5.94e-13
 3.64831e+16	4.27e-03	9.96e-01	6.32e-13
 3.77361e+16	4.52e-03	9.95e-01	6.85e-13
 3.93651e+16	4.88e-03	9.95e-01	7.61e-13
 4.10262e+16	5.32e-03	9.95e-01	8.57e-13
 4.23008e+16	5.70e-03	9.94e-01	9.43e-13
 4.33343e+16	6.01e-03	9.94e-01	1.01e-12
 4.44827e+16	6.40e-03	9.94e-01	1.10e-12
 4.59756e+16	6.91e-03	9.93e-01	1.22e-12
 4.74919e+16	7.54e-03	9.92e-01	1.37e-12
 4.86449e+16	8.09e-03	9.92e-01	1.51e-12
 4.95757e+16	8.56e-03	9.91e-01	1.63e-12
 5.06113e+16	9.08e-03	9.91e-01	1.75e-12
 5.19575e+16	9.85e-03	9.90e-01	1.94e-12
 5.33135e+16	1.08e-02	9.89e-01	2.17e-12
 5.43487e+16	1.16e-02	9.88e-01	2.38e-12
 5.52020e+16	1.23e-02	9.88e-01	2.56e-12
 5.61521e+16	1.31e-02	9.87e-01	2.76e-12
 5.73873e+16	1.42e-02	9.86e-01	3.05e-12
 5.86496e+16	1.57e-02	9.84e-01	3.43e-12
 5.96048e+16	1.69e-02	9.83e-01	3.77e-12
 6.03513e+16	1.80e-02	9.82e-01	4.06e-12
 6.11689e+16	1.92e-02	9.81e-01	4.37e-12
 6.22317e+16	2.10e-02	9.79e-01	4.84e-12
 6.33162e+16	2.33e-02	9.77e-01	5.44e-12
 6.41477e+16	2.53e-02	9.75e-01	5.99e-12
 6.48097e+16	2.71e-02	9.73e-01	6.47e-12
 6.55327e+16	2.91e-02	9.71e-01	7.03e-12
 6.64726e+16	3.23e-02	9.68e-01	7.87e-12
 6.73973e+16	3.62e-02	9.64e-01	8.95e-12
 6.80556e+16	3.95e-02	9.60e-01	9.91e-12
 6.85641e+16	4.24e-02	9.58e-01	1.07e-11
 6.91244e+16	4.59e-02	9.54e-01	1.17e-11
 6.98529e+16	5.12e-02	9.49e-01	1.33e-11
 7.05858e+16	5.82e-02	9.42e-01	1.53e-11
 7.11320e+16	6.46e-02	9.35e-01	1.73e-11
 7.15631e+16	7.05e-02	9.30e-01	1.91e-11
 7.19698e+16	7.68e-02	9.23e-01	2.11e-11
 7.23666e+16	8.41e-02	9.16e-01	2.34e-11
 7.27470e+16	9.23e-02	9.08e-01	2.61e-11
 7.30998e+16	1.01e-01	8.99e-01	2.92e-11
 7.34237e+16	1.11e-01	8.89e-01	3.26e-11
 7.37245e+16	1.21e-01	8.79e-01	3.64e-11
 7.40070e+16	1.33e-01	8.67e-01	4.07e-11
 7.42736e+16	1.46e-01	8.54e-01	4.56e-11
 7.45253e+16	1.59e-01	8.41e-01	5.13e-11
 7.47611e+16	1.75e-01	8.25e-01	5.78e-11
 7.49807e+16	1.91e-01	8.09e-01	6.52e-11
 7.51853e+16	2.08e-01	7.92e-01	7.35e-11
 7.53785e+16	2.27e-01	7.73e-01	8.29e-11
 7.55634e+16	2.47e-01	7.53e-01	9.39e-11
 7.57395e+16	2.70e-01	7.30e-01	1.07e-10
 7.59057e+16	2.93e-01	7.07e-01	1.21e-10
 7.60621e+16	3.18e-01	6.82e-01	1.38e-10
 7.62103e+16	3.44e-01	6.56e-01	1.57e-10
 7.63515e+16	3.72e-01	6.28e-01	1.80e-10
 7.64864e+16	4.02e-01	5.98e-01	2.06e-10
 7.66114e+16	4.32e-01	5.68e-01	2.36e-10
 7.67210e+16	4.60e-01	5.40e-01	2.66e-10
 7.68139e+16	4.85e-01	5.15e-01	2.97e-10
 7.68952e+16	5.08e-01	4.92e-01	3.28e-10
 7.69707e+16	5.31e-01	4.69e-01	3.61e-10
 7.70286e+16	5.48e-01	4.52e-01	3.89e-10
 7.70654e+16	5.59e-01	4.41e-01	4.08e-10
 7.70994e+16	5.69e-01	4.31e-01	4.27e-10
 7.71401e+16	5.82e-01	4.18e-01	4.52e-10
 7.71839e+16	5.97e-01	4.03e-01	4.81e-10
 7.72242e+16	6.10e-01	3.90e-01	5.10e-10
 7.72599e+16	6.22e-01	3.78e-01	5.37e-10
 7.72942e+16	6.34e-01	3.66e-01	5.66e-10
 7.73294e+16	6.46e-01	3.54e-01	5.97e-10
 7.73648e+16	6.58e-01	3.42e-01	6.31e-10
 7.73988e+16	6.70e-01	3.30e-01	6.67e-10
 7.74312e+16	6.82e-01	3.18e-01	7.03e-10
 7.74627e+16	6.93e-01	3.07e-01	7.41e-10
 7.74939e+16	7.04e-01	2.96e-01	7.81e-10
 7.75247e+16	7.15e-01	2.85e-01	8.24e-10
 7.75547e+16	7.25e-01	2.75e-01	8.68e-10
 7.75839e+16	7.36e-01	2.64e-01	9.15e-10
 7.76124e+16	7.46e-01	2.54e-01	9.64e-10
 7.76404e+16	7.55e-01	2.45e-01	1.02e-09
 7.76678e+16	7.65e-01	2.35e-01	1.07e-09
 7.76947e+16	7.74e-01	2.26e-01	1.13e-09
 7.77209e+16	7.83e-01	2.17e-01	1.19e-09
 7.77466e+16	7.92e-01	2.08e-01	1.25e-09
 7.77718e+16	8.01e-01	1.99e-01	1.32e-09
 7.77965e+16	8.09e-01	1.91e-01	1.39e-09
 7.78207e+16	8.17e-01	1.83e-01	1.47e-09
 7.78443e+16	8.24e-01	1.76e-01	1.55e-09
 7.78675e+16	8.32e-01	1.68e-01	1.63e-09
 7.78902e+16	8.39e-01	1.61e-01	1.72e-09
 7.79124e+16	8.46e-01	1.54e-01	1.82e-09
 7.79339e+16	8.53e-01	1.47e-01	1.92e-09
 7.79546e+16	8.59e-01	1.41e-01	2.02e-09
 7.79747e+16	8.65e-01	1.35e-01	2.13e-09
 7.79943e+16	8.70e-01	1.30e-01	2.25e-09
 7.80134e+16	8.76e-01	1.24e-01	2.37e-09
 7.80321e+16	8.81e-01	1.19e-01	2.50e-09
 7.80501e+16	8.86e-01	1.14e-01	2.64e-09
 7.80675e+16	8.91e-01	1.09e-01	2.79e-09
 7.80846e+16	8.95e-01	1.05e-01	2.95e-09
 7.81014e+16	9.00e-01	1.00e-01	3.11e-09
 7.81175e+16	9.04e-01	9.62e-02	3.29e-09
 7.81332e+16	9.08e-01	9.23e-02	3.47e-09
 7.81486e+16	9.11e-01	8.85e-02	3.68e-09
 7.81637e+16	9.15e-01	8.49e-02	3.89e-09
 7.81783e+16	9.19e-01	8.14e-02	4.13e-09
 7.81925e+16	9.22e-01	7.81e-02	4.38e-09
 7.82064e+16	9.25e-01	7.49e-02	4.65e-09
 7.82198e+16	9.28e-01	7.19e-02	4.94e-09
 7.82329e+16	9.31e-01	6.90e-02	5.25e-09
 7.82459e+16	9.34e-01	6.62e-02	5.60e-09
 7.82588e+16	9.37e-01	6.35e-02	5.99e-09
 7.82710e+16	9.39e-01	6.09e-02	6.39e-09
 7.82828e+16	9.42e-01	5.85e-02	6.85e-09
 7.82944e+16	9.44e-01	5.62e-02	7.35e-09
 7.83058e+16	9.46e-01	5.39e-02	7.91e-09
 7.83169e+16	9.48e-01	5.17e-02	8.52e-09
 7.83276e+16	9.50e-01	4.96e-02	9.21e-09
 7.83380e+16	9.52e-01	4.76e-02	9.98e-09
 7.83482e+16	9.54e-01	4.57e-02	1.08e-08
 7.83581e+16	9.56e-01	4.39e-02	1.18e-08
 7.83676e+16	9.58e-01	4.21e-02	1.30e-08
 7.83769e+16	9.60e-01	4.04e-02	1.42e-08
 7.83859e+16	9.61e-01	3.87e-02	1.58e-08
 7.83943e+16	9.63e-01	3.72e-02	1.74e-08
 7.84020e+16	9.64e-01	3.59e-02	1.92e-08
 7.84091e+16	9.65e-01	3.46e-02	2.12e-08
 7.84157e+16	9.67e-01	3.35e-02	2.34e-08
 7.84218e+16	9.68e-01	3.24e-02	2.58e-08
 7.84276e+16	9.69e-01	3.14e-02	2.86e-08
 7.84329e+16	9.70e-01	3.05e-02	3.17e-08
 7.84377e+16	9.70e-01	2.96e-02	3.50e-08
 7.84421e+16	9.71e-01	2.88e-02	3.87e-08
 7.84462e+16	9.72e-01	2.81e-02	4.27e-08
 7.84501e+16	9.73e-01	2.74e-02	4.73e-08
 7.84536e+16	9.73e-01	2.67e-02	5.23e-08
 7.84569e+16	9.74e-01	2.61e-02	5.78e-08
 7.84599e+16	9.74e-01	2.55e-02	6.37e-08
 7.84628e+16	9.75e-01	2.50e-02	7.06e-08
 7.84655e+16	9.76e-01	2.44e-02	7.83e-08
 7.84679e+16	9.76e-01	2.40e-02	8.56e-08
 7.84703e+16	9.77e-01	2.34e-02	9.67e-08
 7.84725e+16	9.77e-01	2.30e-02	1.06e-07
 7.84744e+16	9.77e-01	2.25e-02	1.19e-07
 7.84762e+16	9.78e-01	2.22e-02	1.30e-07
 7.84778e+16	9.78e-01	2.17e-02	1.46e-07
 7.84793e+16	9.79e-01	2.14e-02	1.60e-07
 7.84808e+16	9.79e-01	2.10e-02	1.80e-07
 7.84821e+16	9.79e-01	2.07e-02	1.97e-07
 7.84833e+16	9.80e-01	2.03e-02	2.21e-07
 7.84845e+16	9.80e-01	2.01e-02	2.42e-07
 7.84855e+16	9.80e-01	1.97e-02	2.73e-07
 7.84865e+16	9.81e-01	1.94e-02	2.98e-07
 7.84874e+16	9.81e-01	1.91e-02	3.37e-07
 7.84882e+16	9.81e-01	1.89e-02	3.68e-07
 7.84890e+16	9.81e-01	1.85e-02	4.20e-07
 7.84899e+16	9.82e-01	1.83e-02	4.64e-07
 7.84906e+16	9.82e-01	1.79e-02	5.39e-07
 7.84914e+16	9.82e-01	1.75e-02	6.28e-07
 7.84922e+16	9.83e-01	1.72e-02	7.39e-07
 7.84930e+16	9.83e-01	1.67e-02	8.91e-07
 7.84938e+16	9.84e-01	1.62e-02	1.15e-06
 7.84946e+16	9.85e-01	1.54e-02	1.58e-06
 7.84953e+16	9.95e-01	4.59e-03	1.57e-05
