#depth	O	O+	O+2	O+3	O+4	O+5	O+6	O+7	O+8	O[1]	O[2]	O[3]
 3.61199e+11	1.01e-05	1.69e-02	9.80e-01	3.00e-03	0.00e+00	0.00e+00	0.00e+00	0.00e+00	0.00e+00	6.84e-06	2.23e-06	1.02e-06
 2.16720e+12	1.01e-05	1.69e-02	9.80e-01	3.00e-03	0.00e+00	0.00e+00	0.00e+00	0.00e+00	0.00e+00	6.84e-06	2.23e-06	1.02e-06
 9.39118e+12	1.01e-05	1.69e-02	9.80e-01	2.95e-03	0.00e+00	0.00e+00	0.00e+00	0.00e+00	0.00e+00	6.84e-06	2.23e-06	1.02e-06
 3.82871e+13	1.01e-05	1.69e-02	9.80e-01	2.79e-03	0.00e+00	0.00e+00	0.00e+00	0.00e+00	0.00e+00	6.85e-06	2.24e-06	1.03e-06
 9.14557e+13	1.01e-05	1.69e-02	9.81e-01	2.56e-03	0.00e+00	0.00e+00	0.00e+00	0.00e+00	0.00e+00	6.83e-06	2.23e-06	1.03e-06
 1.60575e+14	1.01e-05	1.70e-02	9.81e-01	2.29e-03	0.00e+00	0.00e+00	0.00e+00	0.00e+00	0.00e+00	6.83e-06	2.23e-06	1.03e-06
 2.50430e+14	1.01e-05	1.70e-02	9.81e-01	1.97e-03	0.00e+00	0.00e+00	0.00e+00	0.00e+00	0.00e+00	6.86e-06	2.24e-06	1.03e-06
 3.67241e+14	1.02e-05	1.71e-02	9.81e-01	1.62e-03	0.00e+00	0.00e+00	0.00e+00	0.00e+00	0.00e+00	6.88e-06	2.25e-06	1.03e-06
 5.19096e+14	1.02e-05	1.72e-02	9.82e-01	1.24e-03	0.00e+00	0.00e+00	0.00e+00	0.00e+00	0.00e+00	6.93e-06	2.27e-06	1.04e-06
 7.16507e+14	1.04e-05	1.74e-02	9.82e-01	8.82e-04	0.00e+00	0.00e+00	0.00e+00	0.00e+00	0.00e+00	7.01e-06	2.29e-06	1.05e-06
 9.73141e+14	1.05e-05	1.76e-02	9.82e-01	5.64e-04	0.00e+00	0.00e+00	0.00e+00	0.00e+00	0.00e+00	7.13e-06	2.33e-06	1.07e-06
 1.30677e+15	1.08e-05	1.78e-02	9.82e-01	3.17e-04	0.00e+00	0.00e+00	0.00e+00	0.00e+00	0.00e+00	7.30e-06	2.38e-06	1.10e-06
 1.74048e+15	1.11e-05	1.82e-02	9.82e-01	1.53e-04	0.00e+00	0.00e+00	0.00e+00	0.00e+00	0.00e+00	7.55e-06	2.46e-06	1.13e-06
 2.30430e+15	1.17e-05	1.86e-02	9.81e-01	6.19e-05	0.00e+00	0.00e+00	0.00e+00	0.00e+00	0.00e+00	7.91e-06	2.57e-06	1.19e-06
 3.03728e+15	1.24e-05	1.92e-02	9.81e-01	2.19e-05	0.00e+00	0.00e+00	0.00e+00	0.00e+00	0.00e+00	8.44e-06	2.74e-06	1.27e-06
 3.99014e+15	1.36e-05	2.00e-02	9.80e-01	8.14e-06	0.00e+00	0.00e+00	0.00e+00	0.00e+00	0.00e+00	9.23e-06	3.00e-06	1.38e-06
 5.22887e+15	1.54e-05	2.12e-02	9.79e-01	4.32e-06	0.00e+00	0.00e+00	0.00e+00	0.00e+00	0.00e+00	1.04e-05	3.39e-06	1.56e-06
 6.70869e+15	1.78e-05	2.26e-02	9.77e-01	3.26e-06	0.00e+00	0.00e+00	0.00e+00	0.00e+00	0.00e+00	1.21e-05	3.92e-06	1.81e-06
 8.26802e+15	2.09e-05	2.42e-02	9.76e-01	2.82e-06	0.00e+00	0.00e+00	0.00e+00	0.00e+00	0.00e+00	1.42e-05	4.61e-06	2.13e-06
 9.82736e+15	2.49e-05	2.59e-02	9.74e-01	2.51e-06	0.00e+00	0.00e+00	0.00e+00	0.00e+00	0.00e+00	1.69e-05	5.48e-06	2.53e-06
 1.11374e+16	2.88e-05	2.75e-02	9.72e-01	2.32e-06	0.00e+00	0.00e+00	0.00e+00	0.00e+00	0.00e+00	1.95e-05	6.35e-06	2.93e-06
 1.22511e+16	3.31e-05	2.90e-02	9.71e-01	2.17e-06	0.00e+00	0.00e+00	0.00e+00	0.00e+00	0.00e+00	2.24e-05	7.31e-06	3.37e-06
 1.34762e+16	3.89e-05	3.09e-02	9.69e-01	2.05e-06	0.00e+00	0.00e+00	0.00e+00	0.00e+00	0.00e+00	2.63e-05	8.60e-06	3.95e-06
 1.46914e+16	4.59e-05	3.29e-02	9.67e-01	1.94e-06	0.00e+00	0.00e+00	0.00e+00	0.00e+00	0.00e+00	3.10e-05	1.02e-05	4.66e-06
 1.57598e+16	5.35e-05	3.49e-02	9.65e-01	1.85e-06	0.00e+00	0.00e+00	0.00e+00	0.00e+00	0.00e+00	3.62e-05	1.19e-05	5.43e-06
 1.67157e+16	6.17e-05	3.69e-02	9.63e-01	1.78e-06	0.00e+00	0.00e+00	0.00e+00	0.00e+00	0.00e+00	4.17e-05	1.37e-05	6.27e-06
 1.76342e+16	7.14e-05	3.91e-02	9.61e-01	1.72e-06	0.00e+00	0.00e+00	0.00e+00	0.00e+00	0.00e+00	4.82e-05	1.59e-05	7.25e-06
 1.85371e+16	8.30e-05	4.15e-02	9.58e-01	1.66e-06	0.00e+00	0.00e+00	0.00e+00	0.00e+00	0.00e+00	5.60e-05	1.85e-05	8.42e-06
 1.94029e+16	9.66e-05	4.41e-02	9.56e-01	1.60e-06	0.00e+00	0.00e+00	0.00e+00	0.00e+00	0.00e+00	6.52e-05	2.16e-05	9.80e-06
 2.02175e+16	1.12e-04	4.68e-02	9.53e-01	1.55e-06	0.00e+00	0.00e+00	0.00e+00	0.00e+00	0.00e+00	7.57e-05	2.51e-05	1.14e-05
 2.09870e+16	1.30e-04	4.98e-02	9.50e-01	1.49e-06	0.00e+00	0.00e+00	0.00e+00	0.00e+00	0.00e+00	8.79e-05	2.92e-05	1.32e-05
 2.17240e+16	1.52e-04	5.30e-02	9.47e-01	1.44e-06	0.00e+00	0.00e+00	0.00e+00	0.00e+00	0.00e+00	1.02e-04	3.41e-05	1.54e-05
 2.24344e+16	1.77e-04	5.65e-02	9.43e-01	1.38e-06	0.00e+00	0.00e+00	0.00e+00	0.00e+00	0.00e+00	1.19e-04	3.98e-05	1.79e-05
 2.31171e+16	2.06e-04	6.04e-02	9.39e-01	1.32e-06	0.00e+00	0.00e+00	0.00e+00	0.00e+00	0.00e+00	1.39e-04	4.65e-05	2.09e-05
 2.37696e+16	2.41e-04	6.46e-02	9.35e-01	1.27e-06	0.00e+00	0.00e+00	0.00e+00	0.00e+00	0.00e+00	1.62e-04	5.45e-05	2.44e-05
 2.43894e+16	2.82e-04	6.92e-02	9.31e-01	1.21e-06	0.00e+00	0.00e+00	0.00e+00	0.00e+00	0.00e+00	1.90e-04	6.37e-05	2.85e-05
 2.49619e+16	3.28e-04	7.39e-02	9.26e-01	1.16e-06	0.00e+00	0.00e+00	0.00e+00	0.00e+00	0.00e+00	2.20e-04	7.42e-05	3.32e-05
 2.54772e+16	3.78e-04	7.88e-02	9.21e-01	1.09e-06	0.00e+00	0.00e+00	0.00e+00	0.00e+00	0.00e+00	2.54e-04	8.56e-05	3.82e-05
 2.59409e+16	4.33e-04	8.38e-02	9.16e-01	1.05e-06	0.00e+00	0.00e+00	0.00e+00	0.00e+00	0.00e+00	2.91e-04	9.79e-05	4.37e-05
 2.63583e+16	4.91e-04	8.87e-02	9.11e-01	9.99e-07	0.00e+00	0.00e+00	0.00e+00	0.00e+00	0.00e+00	3.30e-04	1.11e-04	4.95e-05
 2.67339e+16	5.52e-04	9.37e-02	9.06e-01	9.50e-07	0.00e+00	0.00e+00	0.00e+00	0.00e+00	0.00e+00	3.71e-04	1.25e-04	5.57e-05
 2.70720e+16	6.16e-04	9.85e-02	9.01e-01	9.09e-07	0.00e+00	0.00e+00	0.00e+00	0.00e+00	0.00e+00	4.15e-04	1.39e-04	6.21e-05
 2.73827e+16	6.84e-04	1.03e-01	8.96e-01	8.70e-07	0.00e+00	0.00e+00	0.00e+00	0.00e+00	0.00e+00	4.60e-04	1.55e-04	6.89e-05
 2.76839e+16	7.60e-04	1.09e-01	8.91e-01	8.35e-07	0.00e+00	0.00e+00	0.00e+00	0.00e+00	0.00e+00	5.11e-04	1.72e-04	7.65e-05
 2.79850e+16	8.46e-04	1.14e-01	8.85e-01	7.94e-07	0.00e+00	0.00e+00	0.00e+00	0.00e+00	0.00e+00	5.69e-04	1.91e-04	8.51e-05
 2.82862e+16	9.47e-04	1.20e-01	8.79e-01	7.55e-07	0.00e+00	0.00e+00	0.00e+00	0.00e+00	0.00e+00	6.37e-04	2.14e-04	9.51e-05
 2.85873e+16	1.06e-03	1.27e-01	8.72e-01	7.15e-07	0.00e+00	0.00e+00	0.00e+00	0.00e+00	0.00e+00	7.15e-04	2.40e-04	1.07e-04
 2.88885e+16	1.20e-03	1.35e-01	8.64e-01	6.75e-07	0.00e+00	0.00e+00	0.00e+00	0.00e+00	0.00e+00	8.06e-04	2.71e-04	1.20e-04
 2.91896e+16	1.36e-03	1.43e-01	8.56e-01	6.32e-07	0.00e+00	0.00e+00	0.00e+00	0.00e+00	0.00e+00	9.13e-04	3.06e-04	1.36e-04
 2.94907e+16	1.55e-03	1.52e-01	8.47e-01	5.92e-07	0.00e+00	0.00e+00	0.00e+00	0.00e+00	0.00e+00	1.04e-03	3.49e-04	1.55e-04
 2.97919e+16	1.77e-03	1.62e-01	8.36e-01	5.49e-07	0.00e+00	0.00e+00	0.00e+00	0.00e+00	0.00e+00	1.19e-03	4.00e-04	1.78e-04
 3.00286e+16	1.99e-03	1.71e-01	8.27e-01	5.18e-07	0.00e+00	0.00e+00	0.00e+00	0.00e+00	0.00e+00	1.34e-03	4.49e-04	1.99e-04
