#depth	O	O+	O+2	O+3	O+4	O+5	O+6	O+7	O+8	O[1]	O[2]	O[3]
 9.24807e+10	1.70e-05	1.18e-02	5.27e-01	4.58e-01	3.33e-03	0.00e+00	0.00e+00	0.00e+00	0.00e+00	1.50e-05	1.22e-06	7.58e-07
 5.54884e+11	1.71e-05	1.19e-02	5.28e-01	4.57e-01	3.31e-03	0.00e+00	0.00e+00	0.00e+00	0.00e+00	1.51e-05	1.23e-06	7.66e-07
 2.40450e+12	1.71e-05	1.19e-02	5.29e-01	4.56e-01	3.30e-03	0.00e+00	0.00e+00	0.00e+00	0.00e+00	1.51e-05	1.23e-06	7.66e-07
 9.80295e+12	1.73e-05	1.19e-02	5.31e-01	4.53e-01	3.24e-03	0.00e+00	0.00e+00	0.00e+00	0.00e+00	1.52e-05	1.24e-06	7.77e-07
 2.34161e+13	1.72e-05	1.20e-02	5.35e-01	4.49e-01	3.15e-03	0.00e+00	0.00e+00	0.00e+00	0.00e+00	1.52e-05	1.24e-06	7.78e-07
 4.11132e+13	1.73e-05	1.21e-02	5.41e-01	4.44e-01	3.04e-03	0.00e+00	0.00e+00	0.00e+00	0.00e+00	1.53e-05	1.25e-06	7.85e-07
 6.41194e+13	1.74e-05	1.23e-02	5.49e-01	4.36e-01	2.90e-03	0.00e+00	0.00e+00	0.00e+00	0.00e+00	1.54e-05	1.27e-06	7.92e-07
 9.40275e+13	1.76e-05	1.25e-02	5.58e-01	4.27e-01	2.73e-03	0.00e+00	0.00e+00	0.00e+00	0.00e+00	1.55e-05	1.28e-06	8.03e-07
 1.32908e+14	1.79e-05	1.27e-02	5.71e-01	4.14e-01	2.52e-03	0.00e+00	0.00e+00	0.00e+00	0.00e+00	1.58e-05	1.31e-06	8.19e-07
 1.83453e+14	1.82e-05	1.31e-02	5.87e-01	3.98e-01	2.27e-03	0.00e+00	0.00e+00	0.00e+00	0.00e+00	1.61e-05	1.34e-06	8.38e-07
 2.49161e+14	1.88e-05	1.36e-02	6.09e-01	3.76e-01	1.97e-03	0.00e+00	0.00e+00	0.00e+00	0.00e+00	1.65e-05	1.39e-06	8.68e-07
 3.34581e+14	1.93e-05	1.41e-02	6.36e-01	3.49e-01	1.64e-03	0.00e+00	0.00e+00	0.00e+00	0.00e+00	1.69e-05	1.43e-06	8.93e-07
 4.45628e+14	2.03e-05	1.50e-02	6.71e-01	3.13e-01	1.27e-03	0.00e+00	0.00e+00	0.00e+00	0.00e+00	1.78e-05	1.52e-06	9.50e-07
 5.89989e+14	2.16e-05	1.61e-02	7.16e-01	2.67e-01	8.97e-04	0.00e+00	0.00e+00	0.00e+00	0.00e+00	1.89e-05	1.63e-06	1.02e-06
 7.77658e+14	2.34e-05	1.75e-02	7.70e-01	2.11e-01	5.53e-04	0.00e+00	0.00e+00	0.00e+00	0.00e+00	2.05e-05	1.80e-06	1.12e-06
 9.87449e+14	2.54e-05	1.90e-02	8.24e-01	1.57e-01	3.09e-04	0.00e+00	0.00e+00	0.00e+00	0.00e+00	2.22e-05	1.99e-06	1.24e-06
 1.18914e+15	2.71e-05	2.04e-02	8.66e-01	1.14e-01	1.68e-04	0.00e+00	0.00e+00	0.00e+00	0.00e+00	2.36e-05	2.16e-06	1.34e-06
 1.41448e+15	3.00e-05	2.22e-02	9.02e-01	7.54e-02	7.94e-05	0.00e+00	0.00e+00	0.00e+00	0.00e+00	2.61e-05	2.43e-06	1.50e-06
 1.66167e+15	3.26e-05	2.40e-02	9.29e-01	4.65e-02	3.37e-05	0.00e+00	0.00e+00	0.00e+00	0.00e+00	2.83e-05	2.67e-06	1.64e-06
 1.89233e+15	3.51e-05	2.57e-02	9.45e-01	2.89e-02	1.46e-05	0.00e+00	0.00e+00	0.00e+00	0.00e+00	3.04e-05	2.90e-06	1.78e-06
 2.10332e+15	3.74e-05	2.72e-02	9.54e-01	1.85e-02	6.67e-06	0.00e+00	0.00e+00	0.00e+00	0.00e+00	3.23e-05	3.11e-06	1.91e-06
 2.31365e+15	3.99e-05	2.88e-02	9.59e-01	1.16e-02	2.99e-06	0.00e+00	0.00e+00	0.00e+00	0.00e+00	3.45e-05	3.34e-06	2.05e-06
 2.54502e+15	4.25e-05	3.06e-02	9.62e-01	6.99e-03	1.23e-06	0.00e+00	0.00e+00	0.00e+00	0.00e+00	3.68e-05	3.58e-06	2.20e-06
 2.79952e+15	4.56e-05	3.27e-02	9.63e-01	4.00e-03	4.65e-07	0.00e+00	0.00e+00	0.00e+00	0.00e+00	3.93e-05	3.86e-06	2.37e-06
 3.07947e+15	4.91e-05	3.51e-02	9.63e-01	2.17e-03	1.60e-07	0.00e+00	0.00e+00	0.00e+00	0.00e+00	4.24e-05	4.19e-06	2.57e-06
 3.36445e+15	5.26e-05	3.77e-02	9.61e-01	1.18e-03	0.00e+00	0.00e+00	0.00e+00	0.00e+00	0.00e+00	4.53e-05	4.53e-06	2.77e-06
 3.67792e+15	5.71e-05	4.07e-02	9.59e-01	6.07e-04	0.00e+00	0.00e+00	0.00e+00	0.00e+00	0.00e+00	4.92e-05	4.95e-06	3.03e-06
 4.04571e+15	6.27e-05	4.47e-02	9.55e-01	2.87e-04	0.00e+00	0.00e+00	0.00e+00	0.00e+00	0.00e+00	5.39e-05	5.47e-06	3.34e-06
 4.42801e+15	6.91e-05	4.93e-02	9.51e-01	1.36e-04	0.00e+00	0.00e+00	0.00e+00	0.00e+00	0.00e+00	5.93e-05	6.11e-06	3.72e-06
 4.84855e+15	7.78e-05	5.50e-02	9.45e-01	6.14e-05	0.00e+00	0.00e+00	0.00e+00	0.00e+00	0.00e+00	6.66e-05	6.95e-06	4.23e-06
 5.33340e+15	8.97e-05	6.28e-02	9.37e-01	2.60e-05	0.00e+00	0.00e+00	0.00e+00	0.00e+00	0.00e+00	7.66e-05	8.13e-06	4.93e-06
 5.82332e+15	1.35e-04	7.94e-02	9.20e-01	1.02e-05	0.00e+00	0.00e+00	0.00e+00	0.00e+00	0.00e+00	1.11e-04	1.49e-05	8.35e-06
 6.13973e+15	1.63e-04	9.51e-02	9.05e-01	5.32e-06	0.00e+00	0.00e+00	0.00e+00	0.00e+00	0.00e+00	1.34e-04	1.86e-05	1.03e-05
 6.27370e+15	1.75e-04	1.02e-01	8.98e-01	4.15e-06	0.00e+00	0.00e+00	0.00e+00	0.00e+00	0.00e+00	1.44e-04	2.02e-05	1.12e-05
 6.39679e+15	1.89e-04	1.09e-01	8.91e-01	3.27e-06	0.00e+00	0.00e+00	0.00e+00	0.00e+00	0.00e+00	1.55e-04	2.20e-05	1.22e-05
 6.55680e+15	2.09e-04	1.18e-01	8.81e-01	2.41e-06	0.00e+00	0.00e+00	0.00e+00	0.00e+00	0.00e+00	1.71e-04	2.44e-05	1.35e-05
 6.76482e+15	2.40e-04	1.33e-01	8.67e-01	1.64e-06	0.00e+00	0.00e+00	0.00e+00	0.00e+00	0.00e+00	1.96e-04	2.84e-05	1.56e-05
 7.03525e+15	2.91e-04	1.56e-01	8.44e-01	1.02e-06	0.00e+00	0.00e+00	0.00e+00	0.00e+00	0.00e+00	2.37e-04	3.49e-05	1.91e-05
 7.30410e+15	3.61e-04	1.88e-01	8.12e-01	6.45e-07	0.00e+00	0.00e+00	0.00e+00	0.00e+00	0.00e+00	2.93e-04	4.41e-05	2.39e-05
 7.49893e+15	4.27e-04	2.19e-01	7.81e-01	4.67e-07	0.00e+00	0.00e+00	0.00e+00	0.00e+00	0.00e+00	3.46e-04	5.29e-05	2.86e-05
 7.64801e+15	4.91e-04	2.47e-01	7.53e-01	3.62e-07	0.00e+00	0.00e+00	0.00e+00	0.00e+00	0.00e+00	3.97e-04	6.12e-05	3.30e-05
 7.80959e+15	5.75e-04	2.81e-01	7.18e-01	2.72e-07	0.00e+00	0.00e+00	0.00e+00	0.00e+00	0.00e+00	4.64e-04	7.23e-05	3.88e-05
 8.01963e+15	7.09e-04	3.35e-01	6.64e-01	1.87e-07	0.00e+00	0.00e+00	0.00e+00	0.00e+00	0.00e+00	5.71e-04	9.01e-05	4.82e-05
 8.22773e+15	8.82e-04	4.05e-01	5.94e-01	1.29e-07	0.00e+00	0.00e+00	0.00e+00	0.00e+00	0.00e+00	7.08e-04	1.13e-04	6.03e-05
 8.38087e+15	1.05e-03	4.69e-01	5.30e-01	0.00e+00	0.00e+00	0.00e+00	0.00e+00	0.00e+00	0.00e+00	8.40e-04	1.36e-04	7.21e-05
 8.50384e+15	1.20e-03	5.26e-01	4.73e-01	0.00e+00	0.00e+00	0.00e+00	0.00e+00	0.00e+00	0.00e+00	9.58e-04	1.56e-04	8.25e-05
 8.64001e+15	1.38e-03	5.91e-01	4.08e-01	0.00e+00	0.00e+00	0.00e+00	0.00e+00	0.00e+00	0.00e+00	1.10e-03	1.80e-04	9.51e-05
 8.81703e+15	1.63e-03	6.76e-01	3.22e-01	0.00e+00	0.00e+00	0.00e+00	0.00e+00	0.00e+00	0.00e+00	1.30e-03	2.15e-04	1.13e-04
 9.00548e+15	1.94e-03	7.69e-01	2.29e-01	0.00e+00	0.00e+00	0.00e+00	0.00e+00	0.00e+00	0.00e+00	1.55e-03	2.59e-04	1.35e-04
 9.16173e+15	2.24e-03	8.39e-01	1.59e-01	0.00e+00	0.00e+00	0.00e+00	0.00e+00	0.00e+00	0.00e+00	1.78e-03	2.99e-04	1.56e-04
 9.29015e+15	2.49e-03	8.85e-01	1.12e-01	0.00e+00	0.00e+00	0.00e+00	0.00e+00	0.00e+00	0.00e+00	1.98e-03	3.34e-04	1.73e-04
 9.40132e+15	2.74e-03	9.18e-01	7.95e-02	0.00e+00	0.00e+00	0.00e+00	0.00e+00	0.00e+00	0.00e+00	2.18e-03	3.70e-04	1.91e-04
 9.49528e+15	2.97e-03	9.39e-01	5.79e-02	0.00e+00	0.00e+00	0.00e+00	0.00e+00	0.00e+00	0.00e+00	2.37e-03	4.01e-04	2.07e-04
 9.57941e+15	3.21e-03	9.54e-01	4.27e-02	0.00e+00	0.00e+00	0.00e+00	0.00e+00	0.00e+00	0.00e+00	2.55e-03	4.35e-04	2.23e-04
 9.65994e+15	3.46e-03	9.65e-01	3.13e-02	0.00e+00	0.00e+00	0.00e+00	0.00e+00	0.00e+00	0.00e+00	2.75e-03	4.69e-04	2.40e-04
 9.73760e+15	3.72e-03	9.74e-01	2.28e-02	0.00e+00	0.00e+00	0.00e+00	0.00e+00	0.00e+00	0.00e+00	2.96e-03	5.06e-04	2.58e-04
 9.81011e+15	4.00e-03	9.79e-01	1.66e-02	0.00e+00	0.00e+00	0.00e+00	0.00e+00	0.00e+00	0.00e+00	3.18e-03	5.44e-04	2.77e-04
 9.87590e+15	4.27e-03	9.83e-01	1.23e-02	0.00e+00	0.00e+00	0.00e+00	0.00e+00	0.00e+00	0.00e+00	3.39e-03	5.82e-04	2.95e-04
 9.93612e+15	4.54e-03	9.86e-01	9.25e-03	0.00e+00	0.00e+00	0.00e+00	0.00e+00	0.00e+00	0.00e+00	3.60e-03	6.20e-04	3.13e-04
 9.99317e+15	4.81e-03	9.88e-01	6.97e-03	0.00e+00	0.00e+00	0.00e+00	0.00e+00	0.00e+00	0.00e+00	3.82e-03	6.57e-04	3.32e-04
 1.00486e+16	5.08e-03	9.90e-01	5.25e-03	0.00e+00	0.00e+00	0.00e+00	0.00e+00	0.00e+00	0.00e+00	4.04e-03	6.96e-04	3.50e-04
 1.01021e+16	5.37e-03	9.91e-01	3.94e-03	0.00e+00	0.00e+00	0.00e+00	0.00e+00	0.00e+00	0.00e+00	4.26e-03	7.36e-04	3.69e-04
 1.01531e+16	5.65e-03	9.91e-01	2.97e-03	0.00e+00	0.00e+00	0.00e+00	0.00e+00	0.00e+00	0.00e+00	4.48e-03	7.75e-04	3.88e-04
 1.02014e+16	5.92e-03	9.92e-01	2.24e-03	0.00e+00	0.00e+00	0.00e+00	0.00e+00	0.00e+00	0.00e+00	4.70e-03	8.15e-04	4.07e-04
 1.02478e+16	6.20e-03	9.92e-01	1.70e-03	0.00e+00	0.00e+00	0.00e+00	0.00e+00	0.00e+00	0.00e+00	4.92e-03	8.54e-04	4.25e-04
 1.02931e+16	6.48e-03	9.92e-01	1.28e-03	0.00e+00	0.00e+00	0.00e+00	0.00e+00	0.00e+00	0.00e+00	5.14e-03	8.94e-04	4.44e-04
 1.03379e+16	6.76e-03	9.92e-01	9.55e-04	0.00e+00	0.00e+00	0.00e+00	0.00e+00	0.00e+00	0.00e+00	5.36e-03	9.35e-04	4.63e-04
 1.03822e+16	7.05e-03	9.92e-01	7.06e-04	0.00e+00	0.00e+00	0.00e+00	0.00e+00	0.00e+00	0.00e+00	5.59e-03	9.76e-04	4.83e-04
 1.04329e+16	7.36e-03	9.92e-01	4.95e-04	0.00e+00	0.00e+00	0.00e+00	0.00e+00	0.00e+00	0.00e+00	5.83e-03	1.02e-03	5.04e-04
 1.04885e+16	7.74e-03	9.92e-01	3.25e-04	0.00e+00	0.00e+00	0.00e+00	0.00e+00	0.00e+00	0.00e+00	6.13e-03	1.08e-03	5.30e-04
 1.05384e+16	8.10e-03	9.92e-01	2.18e-04	0.00e+00	0.00e+00	0.00e+00	0.00e+00	0.00e+00	0.00e+00	6.41e-03	1.13e-03	5.54e-04
 1.05910e+16	8.42e-03	9.91e-01	1.42e-04	0.00e+00	0.00e+00	0.00e+00	0.00e+00	0.00e+00	0.00e+00	6.66e-03	1.18e-03	5.76e-04
 1.06595e+16	8.80e-03	9.91e-01	8.03e-05	0.00e+00	0.00e+00	0.00e+00	0.00e+00	0.00e+00	0.00e+00	6.96e-03	1.24e-03	6.02e-04
 1.07484e+16	9.22e-03	9.91e-01	3.78e-05	0.00e+00	0.00e+00	0.00e+00	0.00e+00	0.00e+00	0.00e+00	7.29e-03	1.30e-03	6.32e-04
 1.08641e+16	9.66e-03	9.90e-01	1.43e-05	0.00e+00	0.00e+00	0.00e+00	0.00e+00	0.00e+00	0.00e+00	7.63e-03	1.37e-03	6.62e-04
 1.10145e+16	1.01e-02	9.90e-01	4.19e-06	0.00e+00	0.00e+00	0.00e+00	0.00e+00	0.00e+00	0.00e+00	8.00e-03	1.44e-03	6.96e-04
 1.12100e+16	1.07e-02	9.89e-01	9.23e-07	0.00e+00	0.00e+00	0.00e+00	0.00e+00	0.00e+00	0.00e+00	8.45e-03	1.53e-03	7.38e-04
 1.14413e+16	1.15e-02	9.88e-01	1.70e-07	0.00e+00	0.00e+00	0.00e+00	0.00e+00	0.00e+00	0.00e+00	9.06e-03	1.65e-03	7.95e-04
 1.16691e+16	1.25e-02	9.88e-01	4.03e-08	0.00e+00	0.00e+00	0.00e+00	0.00e+00	0.00e+00	0.00e+00	9.80e-03	1.80e-03	8.65e-04
 1.18700e+16	1.34e-02	9.87e-01	1.67e-08	0.00e+00	0.00e+00	0.00e+00	0.00e+00	0.00e+00	0.00e+00	1.05e-02	1.95e-03	9.32e-04
 1.20527e+16	1.42e-02	9.86e-01	1.05e-08	0.00e+00	0.00e+00	0.00e+00	0.00e+00	0.00e+00	0.00e+00	1.11e-02	2.08e-03	9.94e-04
 1.22290e+16	1.50e-02	9.85e-01	8.15e-09	0.00e+00	0.00e+00	0.00e+00	0.00e+00	0.00e+00	0.00e+00	1.18e-02	2.21e-03	1.05e-03
 1.24019e+16	1.59e-02	9.84e-01	6.96e-09	0.00e+00	0.00e+00	0.00e+00	0.00e+00	0.00e+00	0.00e+00	1.24e-02	2.34e-03	1.11e-03
 1.25704e+16	1.67e-02	9.83e-01	6.22e-09	0.00e+00	0.00e+00	0.00e+00	0.00e+00	0.00e+00	0.00e+00	1.30e-02	2.47e-03	1.18e-03
 1.27334e+16	1.75e-02	9.82e-01	5.67e-09	0.00e+00	0.00e+00	0.00e+00	0.00e+00	0.00e+00	0.00e+00	1.37e-02	2.61e-03	1.24e-03
 1.28948e+16	1.83e-02	9.82e-01	5.23e-09	0.00e+00	0.00e+00	0.00e+00	0.00e+00	0.00e+00	0.00e+00	1.43e-02	2.74e-03	1.30e-03
 1.30550e+16	1.92e-02	9.81e-01	4.87e-09	0.00e+00	0.00e+00	0.00e+00	0.00e+00	0.00e+00	0.00e+00	1.49e-02	2.87e-03	1.36e-03
 1.32095e+16	2.00e-02	9.80e-01	4.57e-09	0.00e+00	0.00e+00	0.00e+00	0.00e+00	0.00e+00	0.00e+00	1.56e-02	3.00e-03	1.43e-03
 1.33589e+16	2.08e-02	9.79e-01	4.32e-09	0.00e+00	0.00e+00	0.00e+00	0.00e+00	0.00e+00	0.00e+00	1.62e-02	3.13e-03	1.49e-03
 1.35065e+16	2.15e-02	9.78e-01	4.09e-09	0.00e+00	0.00e+00	0.00e+00	0.00e+00	0.00e+00	0.00e+00	1.67e-02	3.25e-03	1.55e-03
 1.36538e+16	2.23e-02	9.78e-01	3.89e-09	0.00e+00	0.00e+00	0.00e+00	0.00e+00	0.00e+00	0.00e+00	1.73e-02	3.38e-03	1.60e-03
 1.38010e+16	2.31e-02	9.77e-01	3.71e-09	0.00e+00	0.00e+00	0.00e+00	0.00e+00	0.00e+00	0.00e+00	1.79e-02	3.50e-03	1.66e-03
 1.39480e+16	2.39e-02	9.76e-01	3.55e-09	0.00e+00	0.00e+00	0.00e+00	0.00e+00	0.00e+00	0.00e+00	1.85e-02	3.61e-03	1.73e-03
 1.40956e+16	2.47e-02	9.75e-01	3.40e-09	0.00e+00	0.00e+00	0.00e+00	0.00e+00	0.00e+00	0.00e+00	1.92e-02	3.71e-03	1.79e-03
 1.42443e+16	2.55e-02	9.75e-01	3.26e-09	0.00e+00	0.00e+00	0.00e+00	0.00e+00	0.00e+00	0.00e+00	1.98e-02	3.80e-03	1.85e-03
 1.43950e+16	2.63e-02	9.74e-01	3.12e-09	0.00e+00	0.00e+00	0.00e+00	0.00e+00	0.00e+00	0.00e+00	2.05e-02	3.90e-03	1.92e-03
 1.45480e+16	2.73e-02	9.73e-01	3.00e-09	0.00e+00	0.00e+00	0.00e+00	0.00e+00	0.00e+00	0.00e+00	2.13e-02	4.01e-03	1.99e-03
 1.47039e+16	2.82e-02	9.72e-01	2.88e-09	0.00e+00	0.00e+00	0.00e+00	0.00e+00	0.00e+00	0.00e+00	2.20e-02	4.12e-03	2.07e-03
 1.48635e+16	2.92e-02	9.71e-01	2.76e-09	0.00e+00	0.00e+00	0.00e+00	0.00e+00	0.00e+00	0.00e+00	2.29e-02	4.24e-03	2.15e-03
 1.50271e+16	3.03e-02	9.70e-01	2.65e-09	0.00e+00	0.00e+00	0.00e+00	0.00e+00	0.00e+00	0.00e+00	2.37e-02	4.36e-03	2.23e-03
 1.51950e+16	3.16e-02	9.68e-01	2.54e-09	0.00e+00	0.00e+00	0.00e+00	0.00e+00	0.00e+00	0.00e+00	2.47e-02	4.50e-03	2.33e-03
 1.53677e+16	3.29e-02	9.67e-01	2.43e-09	0.00e+00	0.00e+00	0.00e+00	0.00e+00	0.00e+00	0.00e+00	2.58e-02	4.65e-03	2.43e-03
 1.55452e+16	3.43e-02	9.66e-01	2.32e-09	0.00e+00	0.00e+00	0.00e+00	0.00e+00	0.00e+00	0.00e+00	2.70e-02	4.82e-03	2.55e-03
 1.57275e+16	3.60e-02	9.64e-01	2.22e-09	0.00e+00	0.00e+00	0.00e+00	0.00e+00	0.00e+00	0.00e+00	2.83e-02	5.01e-03	2.67e-03
 1.59151e+16	3.77e-02	9.62e-01	2.12e-09	0.00e+00	0.00e+00	0.00e+00	0.00e+00	0.00e+00	0.00e+00	2.97e-02	5.21e-03	2.81e-03
 1.61074e+16	3.97e-02	9.60e-01	2.01e-09	0.00e+00	0.00e+00	0.00e+00	0.00e+00	0.00e+00	0.00e+00	3.13e-02	5.44e-03	2.96e-03
 1.63043e+16	4.20e-02	9.58e-01	1.91e-09	0.00e+00	0.00e+00	0.00e+00	0.00e+00	0.00e+00	0.00e+00	3.31e-02	5.70e-03	3.13e-03
 1.65052e+16	4.44e-02	9.56e-01	1.82e-09	0.00e+00	0.00e+00	0.00e+00	0.00e+00	0.00e+00	0.00e+00	3.51e-02	5.98e-03	3.33e-03
 1.67098e+16	4.72e-02	9.53e-01	1.72e-09	0.00e+00	0.00e+00	0.00e+00	0.00e+00	0.00e+00	0.00e+00	3.73e-02	6.30e-03	3.54e-03
 1.69175e+16	5.02e-02	9.50e-01	1.62e-09	0.00e+00	0.00e+00	0.00e+00	0.00e+00	0.00e+00	0.00e+00	3.98e-02	6.66e-03	3.78e-03
 1.71278e+16	5.37e-02	9.46e-01	1.53e-09	0.00e+00	0.00e+00	0.00e+00	0.00e+00	0.00e+00	0.00e+00	4.26e-02	7.05e-03	4.04e-03
 1.73396e+16	5.75e-02	9.43e-01	1.44e-09	0.00e+00	0.00e+00	0.00e+00	0.00e+00	0.00e+00	0.00e+00	4.57e-02	7.49e-03	4.34e-03
 1.75521e+16	6.17e-02	9.38e-01	1.35e-09	0.00e+00	0.00e+00	0.00e+00	0.00e+00	0.00e+00	0.00e+00	4.91e-02	7.97e-03	4.66e-03
 1.77637e+16	6.65e-02	9.34e-01	1.26e-09	0.00e+00	0.00e+00	0.00e+00	0.00e+00	0.00e+00	0.00e+00	5.29e-02	8.50e-03	5.03e-03
 1.79743e+16	7.17e-02	9.28e-01	1.18e-09	0.00e+00	0.00e+00	0.00e+00	0.00e+00	0.00e+00	0.00e+00	5.72e-02	9.09e-03	5.43e-03
 1.81844e+16	7.75e-02	9.23e-01	1.10e-09	0.00e+00	0.00e+00	0.00e+00	0.00e+00	0.00e+00	0.00e+00	6.19e-02	9.72e-03	5.88e-03
 1.83926e+16	8.40e-02	9.16e-01	1.02e-09	0.00e+00	0.00e+00	0.00e+00	0.00e+00	0.00e+00	0.00e+00	6.72e-02	1.04e-02	6.38e-03
 1.85979e+16	9.12e-02	9.09e-01	9.45e-10	0.00e+00	0.00e+00	0.00e+00	0.00e+00	0.00e+00	0.00e+00	7.31e-02	1.12e-02	6.93e-03
 1.87999e+16	9.92e-02	9.01e-01	8.73e-10	0.00e+00	0.00e+00	0.00e+00	0.00e+00	0.00e+00	0.00e+00	7.97e-02	1.20e-02	7.54e-03
 1.89985e+16	1.08e-01	8.92e-01	8.03e-10	0.00e+00	0.00e+00	0.00e+00	0.00e+00	0.00e+00	0.00e+00	8.70e-02	1.29e-02	8.22e-03
 1.91934e+16	1.18e-01	8.82e-01	7.36e-10	0.00e+00	0.00e+00	0.00e+00	0.00e+00	0.00e+00	0.00e+00	9.51e-02	1.39e-02	8.97e-03
 1.93847e+16	1.29e-01	8.71e-01	6.72e-10	0.00e+00	0.00e+00	0.00e+00	0.00e+00	0.00e+00	0.00e+00	1.04e-01	1.51e-02	9.82e-03
 1.95724e+16	1.42e-01	8.58e-01	6.10e-10	0.00e+00	0.00e+00	0.00e+00	0.00e+00	0.00e+00	0.00e+00	1.15e-01	1.63e-02	1.08e-02
 1.97566e+16	1.56e-01	8.44e-01	5.50e-10	0.00e+00	0.00e+00	0.00e+00	0.00e+00	0.00e+00	0.00e+00	1.26e-01	1.77e-02	1.18e-02
 1.99377e+16	1.72e-01	8.28e-01	4.93e-10	0.00e+00	0.00e+00	0.00e+00	0.00e+00	0.00e+00	0.00e+00	1.40e-01	1.93e-02	1.30e-02
 2.01169e+16	1.90e-01	8.10e-01	4.38e-10	0.00e+00	0.00e+00	0.00e+00	0.00e+00	0.00e+00	0.00e+00	1.55e-01	2.10e-02	1.44e-02
 2.02954e+16	2.12e-01	7.88e-01	3.84e-10	0.00e+00	0.00e+00	0.00e+00	0.00e+00	0.00e+00	0.00e+00	1.73e-01	2.30e-02	1.60e-02
 2.04745e+16	2.38e-01	7.62e-01	3.31e-10	0.00e+00	0.00e+00	0.00e+00	0.00e+00	0.00e+00	0.00e+00	1.95e-01	2.54e-02	1.79e-02
 2.06568e+16	2.71e-01	7.29e-01	2.78e-10	0.00e+00	0.00e+00	0.00e+00	0.00e+00	0.00e+00	0.00e+00	2.22e-01	2.83e-02	2.02e-02
 2.08479e+16	3.13e-01	6.87e-01	2.25e-10	0.00e+00	0.00e+00	0.00e+00	0.00e+00	0.00e+00	0.00e+00	2.58e-01	3.19e-02	2.29e-02
 2.10236e+16	3.67e-01	6.33e-01	1.73e-10	0.00e+00	0.00e+00	0.00e+00	0.00e+00	0.00e+00	0.00e+00	3.04e-01	3.65e-02	2.64e-02
 2.11416e+16	4.18e-01	5.82e-01	1.36e-10	0.00e+00	0.00e+00	0.00e+00	0.00e+00	0.00e+00	0.00e+00	3.48e-01	4.08e-02	2.97e-02
 2.12040e+16	4.51e-01	5.49e-01	1.17e-10	0.00e+00	0.00e+00	0.00e+00	0.00e+00	0.00e+00	0.00e+00	3.76e-01	4.33e-02	3.16e-02
 2.12421e+16	4.71e-01	5.29e-01	1.07e-10	0.00e+00	0.00e+00	0.00e+00	0.00e+00	0.00e+00	0.00e+00	3.93e-01	4.48e-02	3.28e-02
 2.12793e+16	4.89e-01	5.11e-01	9.81e-11	0.00e+00	0.00e+00	0.00e+00	0.00e+00	0.00e+00	0.00e+00	4.09e-01	4.61e-02	3.38e-02
 2.13252e+16	5.14e-01	4.86e-01	8.74e-11	0.00e+00	0.00e+00	0.00e+00	0.00e+00	0.00e+00	0.00e+00	4.31e-01	4.78e-02	3.52e-02
 2.13733e+16	5.43e-01	4.57e-01	7.65e-11	0.00e+00	0.00e+00	0.00e+00	0.00e+00	0.00e+00	0.00e+00	4.56e-01	4.98e-02	3.68e-02
 2.14123e+16	5.68e-01	4.32e-01	6.78e-11	0.00e+00	0.00e+00	0.00e+00	0.00e+00	0.00e+00	0.00e+00	4.79e-01	5.14e-02	3.81e-02
 2.14408e+16	5.88e-01	4.12e-01	6.18e-11	0.00e+00	0.00e+00	0.00e+00	0.00e+00	0.00e+00	0.00e+00	4.96e-01	5.26e-02	3.91e-02
 2.14611e+16	6.02e-01	3.98e-01	5.76e-11	0.00e+00	0.00e+00	0.00e+00	0.00e+00	0.00e+00	0.00e+00	5.09e-01	5.34e-02	3.98e-02
 2.14761e+16	6.12e-01	3.88e-01	5.49e-11	0.00e+00	0.00e+00	0.00e+00	0.00e+00	0.00e+00	0.00e+00	5.18e-01	5.40e-02	4.02e-02
 2.14913e+16	6.23e-01	3.77e-01	5.22e-11	0.00e+00	0.00e+00	0.00e+00	0.00e+00	0.00e+00	0.00e+00	5.27e-01	5.45e-02	4.07e-02
 2.15093e+16	6.35e-01	3.65e-01	4.89e-11	0.00e+00	0.00e+00	0.00e+00	0.00e+00	0.00e+00	0.00e+00	5.39e-01	5.52e-02	4.13e-02
 2.15282e+16	6.49e-01	3.51e-01	4.57e-11	0.00e+00	0.00e+00	0.00e+00	0.00e+00	0.00e+00	0.00e+00	5.51e-01	5.59e-02	4.18e-02
 2.15454e+16	6.62e-01	3.38e-01	4.28e-11	0.00e+00	0.00e+00	0.00e+00	0.00e+00	0.00e+00	0.00e+00	5.63e-01	5.65e-02	4.23e-02
 2.15608e+16	6.73e-01	3.27e-01	4.03e-11	0.00e+00	0.00e+00	0.00e+00	0.00e+00	0.00e+00	0.00e+00	5.73e-01	5.71e-02	4.28e-02
 2.15757e+16	6.84e-01	3.16e-01	3.81e-11	0.00e+00	0.00e+00	0.00e+00	0.00e+00	0.00e+00	0.00e+00	5.83e-01	5.74e-02	4.31e-02
 2.15909e+16	6.95e-01	3.05e-01	3.58e-11	0.00e+00	0.00e+00	0.00e+00	0.00e+00	0.00e+00	0.00e+00	5.94e-01	5.79e-02	4.35e-02
 2.16062e+16	7.06e-01	2.94e-01	3.36e-11	0.00e+00	0.00e+00	0.00e+00	0.00e+00	0.00e+00	0.00e+00	6.04e-01	5.83e-02	4.38e-02
 2.16210e+16	7.17e-01	2.83e-01	3.16e-11	0.00e+00	0.00e+00	0.00e+00	0.00e+00	0.00e+00	0.00e+00	6.15e-01	5.87e-02	4.41e-02
 2.16350e+16	7.28e-01	2.72e-01	2.97e-11	0.00e+00	0.00e+00	0.00e+00	0.00e+00	0.00e+00	0.00e+00	6.25e-01	5.90e-02	4.44e-02
 2.16487e+16	7.38e-01	2.62e-01	2.80e-11	0.00e+00	0.00e+00	0.00e+00	0.00e+00	0.00e+00	0.00e+00	6.34e-01	5.93e-02	4.46e-02
 2.16622e+16	7.48e-01	2.52e-01	2.64e-11	0.00e+00	0.00e+00	0.00e+00	0.00e+00	0.00e+00	0.00e+00	6.44e-01	5.95e-02	4.48e-02
 2.16756e+16	7.58e-01	2.42e-01	2.48e-11	0.00e+00	0.00e+00	0.00e+00	0.00e+00	0.00e+00	0.00e+00	6.53e-01	5.97e-02	4.49e-02
 2.16887e+16	7.67e-01	2.33e-01	2.34e-11	0.00e+00	0.00e+00	0.00e+00	0.00e+00	0.00e+00	0.00e+00	6.62e-01	5.99e-02	4.51e-02
 2.17014e+16	7.77e-01	2.23e-01	2.20e-11	0.00e+00	0.00e+00	0.00e+00	0.00e+00	0.00e+00	0.00e+00	6.71e-01	6.01e-02	4.52e-02
 2.17138e+16	7.86e-01	2.14e-01	2.07e-11	0.00e+00	0.00e+00	0.00e+00	0.00e+00	0.00e+00	0.00e+00	6.80e-01	6.02e-02	4.53e-02
 2.17261e+16	7.94e-01	2.06e-01	1.95e-11	0.00e+00	0.00e+00	0.00e+00	0.00e+00	0.00e+00	0.00e+00	6.89e-01	6.03e-02	4.53e-02
 2.17380e+16	8.03e-01	1.97e-01	1.84e-11	0.00e+00	0.00e+00	0.00e+00	0.00e+00	0.00e+00	0.00e+00	6.97e-01	6.04e-02	4.54e-02
 2.17498e+16	8.11e-01	1.89e-01	1.73e-11	0.00e+00	0.00e+00	0.00e+00	0.00e+00	0.00e+00	0.00e+00	7.05e-01	6.04e-02	4.54e-02
 2.17613e+16	8.19e-01	1.81e-01	1.63e-11	0.00e+00	0.00e+00	0.00e+00	0.00e+00	0.00e+00	0.00e+00	7.13e-01	6.04e-02	4.54e-02
 2.17726e+16	8.27e-01	1.73e-01	1.54e-11	0.00e+00	0.00e+00	0.00e+00	0.00e+00	0.00e+00	0.00e+00	7.21e-01	6.05e-02	4.54e-02
 2.17834e+16	8.34e-01	1.66e-01	1.45e-11	0.00e+00	0.00e+00	0.00e+00	0.00e+00	0.00e+00	0.00e+00	7.28e-01	6.04e-02	4.53e-02
 2.17939e+16	8.41e-01	1.59e-01	1.37e-11	0.00e+00	0.00e+00	0.00e+00	0.00e+00	0.00e+00	0.00e+00	7.35e-01	6.04e-02	4.53e-02
 2.18042e+16	8.47e-01	1.53e-01	1.30e-11	0.00e+00	0.00e+00	0.00e+00	0.00e+00	0.00e+00	0.00e+00	7.42e-01	6.03e-02	4.52e-02
 2.18143e+16	8.54e-01	1.46e-01	1.23e-11	0.00e+00	0.00e+00	0.00e+00	0.00e+00	0.00e+00	0.00e+00	7.48e-01	6.03e-02	4.51e-02
 2.18241e+16	8.60e-01	1.40e-01	1.16e-11	0.00e+00	0.00e+00	0.00e+00	0.00e+00	0.00e+00	0.00e+00	7.54e-01	6.02e-02	4.50e-02
 2.18336e+16	8.65e-01	1.35e-01	1.10e-11	0.00e+00	0.00e+00	0.00e+00	0.00e+00	0.00e+00	0.00e+00	7.60e-01	6.01e-02	4.49e-02
 2.18429e+16	8.71e-01	1.29e-01	1.05e-11	0.00e+00	0.00e+00	0.00e+00	0.00e+00	0.00e+00	0.00e+00	7.66e-01	6.01e-02	4.48e-02
 2.18520e+16	8.76e-01	1.24e-01	9.92e-12	0.00e+00	0.00e+00	0.00e+00	0.00e+00	0.00e+00	0.00e+00	7.72e-01	6.00e-02	4.47e-02
 2.18609e+16	8.81e-01	1.19e-01	9.41e-12	0.00e+00	0.00e+00	0.00e+00	0.00e+00	0.00e+00	0.00e+00	7.77e-01	5.99e-02	4.46e-02
 2.18696e+16	8.86e-01	1.14e-01	8.93e-12	0.00e+00	0.00e+00	0.00e+00	0.00e+00	0.00e+00	0.00e+00	7.82e-01	5.98e-02	4.45e-02
 2.18781e+16	8.91e-01	1.09e-01	8.48e-12	0.00e+00	0.00e+00	0.00e+00	0.00e+00	0.00e+00	0.00e+00	7.87e-01	5.97e-02	4.43e-02
 2.18864e+16	8.95e-01	1.05e-01	8.05e-12	0.00e+00	0.00e+00	0.00e+00	0.00e+00	0.00e+00	0.00e+00	7.91e-01	5.97e-02	4.42e-02
 2.18945e+16	9.00e-01	1.00e-01	7.65e-12	0.00e+00	0.00e+00	0.00e+00	0.00e+00	0.00e+00	0.00e+00	7.96e-01	5.96e-02	4.41e-02
 2.19025e+16	9.04e-01	9.64e-02	7.27e-12	0.00e+00	0.00e+00	0.00e+00	0.00e+00	0.00e+00	0.00e+00	8.00e-01	5.95e-02	4.40e-02
 2.19103e+16	9.08e-01	9.25e-02	6.92e-12	0.00e+00	0.00e+00	0.00e+00	0.00e+00	0.00e+00	0.00e+00	8.04e-01	5.95e-02	4.39e-02
 2.19179e+16	9.11e-01	8.87e-02	6.58e-12	0.00e+00	0.00e+00	0.00e+00	0.00e+00	0.00e+00	0.00e+00	8.08e-01	5.94e-02	4.38e-02
 2.19253e+16	9.15e-01	8.51e-02	6.26e-12	0.00e+00	0.00e+00	0.00e+00	0.00e+00	0.00e+00	0.00e+00	8.12e-01	5.94e-02	4.37e-02
 2.19326e+16	9.18e-01	8.16e-02	5.95e-12	0.00e+00	0.00e+00	0.00e+00	0.00e+00	0.00e+00	0.00e+00	8.15e-01	5.94e-02	4.36e-02
 2.19397e+16	9.22e-01	7.83e-02	5.66e-12	0.00e+00	0.00e+00	0.00e+00	0.00e+00	0.00e+00	0.00e+00	8.19e-01	5.94e-02	4.35e-02
 2.19467e+16	9.25e-01	7.51e-02	5.39e-12	0.00e+00	0.00e+00	0.00e+00	0.00e+00	0.00e+00	0.00e+00	8.22e-01	5.94e-02	4.34e-02
 2.19535e+16	9.28e-01	7.21e-02	5.13e-12	0.00e+00	0.00e+00	0.00e+00	0.00e+00	0.00e+00	0.00e+00	8.25e-01	5.94e-02	4.34e-02
 2.19601e+16	9.31e-01	6.91e-02	4.88e-12	0.00e+00	0.00e+00	0.00e+00	0.00e+00	0.00e+00	0.00e+00	8.28e-01	5.94e-02	4.33e-02
 2.19665e+16	9.34e-01	6.63e-02	4.65e-12	0.00e+00	0.00e+00	0.00e+00	0.00e+00	0.00e+00	0.00e+00	8.31e-01	5.95e-02	4.32e-02
 2.19729e+16	9.36e-01	6.36e-02	4.42e-12	0.00e+00	0.00e+00	0.00e+00	0.00e+00	0.00e+00	0.00e+00	8.34e-01	5.96e-02	4.32e-02
 2.19791e+16	9.39e-01	6.10e-02	4.21e-12	0.00e+00	0.00e+00	0.00e+00	0.00e+00	0.00e+00	0.00e+00	8.36e-01	5.97e-02	4.32e-02
 2.19851e+16	9.42e-01	5.85e-02	4.01e-12	0.00e+00	0.00e+00	0.00e+00	0.00e+00	0.00e+00	0.00e+00	8.39e-01	5.98e-02	4.31e-02
 2.19909e+16	9.44e-01	5.61e-02	3.81e-12	0.00e+00	0.00e+00	0.00e+00	0.00e+00	0.00e+00	0.00e+00	8.41e-01	5.99e-02	4.31e-02
 2.19965e+16	9.46e-01	5.38e-02	3.63e-12	0.00e+00	0.00e+00	0.00e+00	0.00e+00	0.00e+00	0.00e+00	8.43e-01	6.01e-02	4.31e-02
 2.20018e+16	9.48e-01	5.17e-02	3.46e-12	0.00e+00	0.00e+00	0.00e+00	0.00e+00	0.00e+00	0.00e+00	8.45e-01	6.03e-02	4.31e-02
 2.20067e+16	9.50e-01	4.97e-02	3.30e-12	0.00e+00	0.00e+00	0.00e+00	0.00e+00	0.00e+00	0.00e+00	8.47e-01	6.05e-02	4.32e-02
 2.20112e+16	9.52e-01	4.79e-02	3.16e-12	0.00e+00	0.00e+00	0.00e+00	0.00e+00	0.00e+00	0.00e+00	8.48e-01	6.07e-02	4.32e-02
 2.20154e+16	9.54e-01	4.62e-02	3.03e-12	0.00e+00	0.00e+00	0.00e+00	0.00e+00	0.00e+00	0.00e+00	8.50e-01	6.09e-02	4.32e-02
 2.20194e+16	9.55e-01	4.47e-02	2.91e-12	0.00e+00	0.00e+00	0.00e+00	0.00e+00	0.00e+00	0.00e+00	8.51e-01	6.12e-02	4.33e-02
 2.20231e+16	9.57e-01	4.32e-02	2.80e-12	0.00e+00	0.00e+00	0.00e+00	0.00e+00	0.00e+00	0.00e+00	8.52e-01	6.15e-02	4.33e-02
 2.20266e+16	9.58e-01	4.18e-02	2.69e-12	0.00e+00	0.00e+00	0.00e+00	0.00e+00	0.00e+00	0.00e+00	8.53e-01	6.18e-02	4.34e-02
 2.20299e+16	9.59e-01	4.05e-02	2.59e-12	0.00e+00	0.00e+00	0.00e+00	0.00e+00	0.00e+00	0.00e+00	8.54e-01	6.20e-02	4.35e-02
 2.20330e+16	9.61e-01	3.93e-02	2.49e-12	0.00e+00	0.00e+00	0.00e+00	0.00e+00	0.00e+00	0.00e+00	8.55e-01	6.24e-02	4.36e-02
 2.20359e+16	9.62e-01	3.81e-02	2.40e-12	0.00e+00	0.00e+00	0.00e+00	0.00e+00	0.00e+00	0.00e+00	8.56e-01	6.27e-02	4.37e-02
 2.20387e+16	9.63e-01	3.70e-02	2.32e-12	0.00e+00	0.00e+00	0.00e+00	0.00e+00	0.00e+00	0.00e+00	8.56e-01	6.30e-02	4.38e-02
 2.20412e+16	9.64e-01	3.60e-02	2.24e-12	0.00e+00	0.00e+00	0.00e+00	0.00e+00	0.00e+00	0.00e+00	8.57e-01	6.34e-02	4.39e-02
 2.20436e+16	9.65e-01	3.50e-02	2.17e-12	0.00e+00	0.00e+00	0.00e+00	0.00e+00	0.00e+00	0.00e+00	8.57e-01	6.37e-02	4.40e-02
 2.20458e+16	9.66e-01	3.41e-02	2.09e-12	0.00e+00	0.00e+00	0.00e+00	0.00e+00	0.00e+00	0.00e+00	8.58e-01	6.41e-02	4.41e-02
 2.20479e+16	9.67e-01	3.32e-02	2.03e-12	0.00e+00	0.00e+00	0.00e+00	0.00e+00	0.00e+00	0.00e+00	8.58e-01	6.45e-02	4.42e-02
 2.20499e+16	9.68e-01	3.24e-02	1.96e-12	0.00e+00	0.00e+00	0.00e+00	0.00e+00	0.00e+00	0.00e+00	8.58e-01	6.49e-02	4.44e-02
 2.20517e+16	9.68e-01	3.16e-02	1.90e-12	0.00e+00	0.00e+00	0.00e+00	0.00e+00	0.00e+00	0.00e+00	8.59e-01	6.53e-02	4.45e-02
 2.20535e+16	9.69e-01	3.08e-02	1.84e-12	0.00e+00	0.00e+00	0.00e+00	0.00e+00	0.00e+00	0.00e+00	8.59e-01	6.57e-02	4.46e-02
 2.20551e+16	9.70e-01	3.01e-02	1.79e-12	0.00e+00	0.00e+00	0.00e+00	0.00e+00	0.00e+00	0.00e+00	8.59e-01	6.62e-02	4.48e-02
 2.20567e+16	9.71e-01	2.94e-02	1.73e-12	0.00e+00	0.00e+00	0.00e+00	0.00e+00	0.00e+00	0.00e+00	8.59e-01	6.66e-02	4.49e-02
 2.20582e+16	9.71e-01	2.88e-02	1.68e-12	0.00e+00	0.00e+00	0.00e+00	0.00e+00	0.00e+00	0.00e+00	8.59e-01	6.71e-02	4.51e-02
 2.20596e+16	9.72e-01	2.81e-02	1.63e-12	0.00e+00	0.00e+00	0.00e+00	0.00e+00	0.00e+00	0.00e+00	8.59e-01	6.76e-02	4.53e-02
 2.20609e+16	9.73e-01	2.74e-02	1.58e-12	0.00e+00	0.00e+00	0.00e+00	0.00e+00	0.00e+00	0.00e+00	8.59e-01	6.81e-02	4.55e-02
 2.20622e+16	9.73e-01	2.68e-02	1.54e-12	0.00e+00	0.00e+00	0.00e+00	0.00e+00	0.00e+00	0.00e+00	8.59e-01	6.86e-02	4.56e-02
 2.20634e+16	9.74e-01	2.62e-02	1.49e-12	0.00e+00	0.00e+00	0.00e+00	0.00e+00	0.00e+00	0.00e+00	8.59e-01	6.92e-02	4.58e-02
 2.20646e+16	9.74e-01	2.56e-02	1.44e-12	0.00e+00	0.00e+00	0.00e+00	0.00e+00	0.00e+00	0.00e+00	8.59e-01	6.98e-02	4.60e-02
 2.20657e+16	9.75e-01	2.50e-02	1.40e-12	0.00e+00	0.00e+00	0.00e+00	0.00e+00	0.00e+00	0.00e+00	8.58e-01	7.04e-02	4.62e-02
 2.20667e+16	9.76e-01	2.44e-02	1.35e-12	0.00e+00	0.00e+00	0.00e+00	0.00e+00	0.00e+00	0.00e+00	8.58e-01	7.10e-02	4.64e-02
 2.20677e+16	9.76e-01	2.38e-02	1.31e-12	0.00e+00	0.00e+00	0.00e+00	0.00e+00	0.00e+00	0.00e+00	8.58e-01	7.17e-02	4.67e-02
 2.20687e+16	9.77e-01	2.32e-02	1.26e-12	0.00e+00	0.00e+00	0.00e+00	0.00e+00	0.00e+00	0.00e+00	8.57e-01	7.25e-02	4.69e-02
 2.20697e+16	9.77e-01	2.26e-02	1.21e-12	0.00e+00	0.00e+00	0.00e+00	0.00e+00	0.00e+00	0.00e+00	8.57e-01	7.33e-02	4.72e-02
 2.20707e+16	9.78e-01	2.19e-02	1.16e-12	0.00e+00	0.00e+00	0.00e+00	0.00e+00	0.00e+00	0.00e+00	8.56e-01	7.42e-02	4.75e-02
 2.20716e+16	9.79e-01	2.13e-02	1.12e-12	0.00e+00	0.00e+00	0.00e+00	0.00e+00	0.00e+00	0.00e+00	8.56e-01	7.52e-02	4.78e-02
 2.20725e+16	9.79e-01	2.06e-02	1.07e-12	0.00e+00	0.00e+00	0.00e+00	0.00e+00	0.00e+00	0.00e+00	8.55e-01	7.63e-02	4.82e-02
 2.20734e+16	9.80e-01	1.99e-02	1.01e-12	0.00e+00	0.00e+00	0.00e+00	0.00e+00	0.00e+00	0.00e+00	8.54e-01	7.75e-02	4.85e-02
 2.20743e+16	9.81e-01	1.91e-02	9.49e-13	0.00e+00	0.00e+00	0.00e+00	0.00e+00	0.00e+00	0.00e+00	8.53e-01	7.92e-02	4.91e-02
 2.20752e+16	9.82e-01	1.83e-02	8.90e-13	0.00e+00	0.00e+00	0.00e+00	0.00e+00	0.00e+00	0.00e+00	8.51e-01	8.09e-02	4.96e-02
 2.20759e+16	9.82e-01	1.76e-02	8.36e-13	0.00e+00	0.00e+00	0.00e+00	0.00e+00	0.00e+00	0.00e+00	8.50e-01	8.25e-02	5.01e-02
 2.20765e+16	9.83e-01	1.69e-02	7.86e-13	0.00e+00	0.00e+00	0.00e+00	0.00e+00	0.00e+00	0.00e+00	8.48e-01	8.42e-02	5.06e-02
 2.20770e+16	9.84e-01	1.62e-02	7.40e-13	0.00e+00	0.00e+00	0.00e+00	0.00e+00	0.00e+00	0.00e+00	8.47e-01	8.58e-02	5.10e-02
 2.20775e+16	9.84e-01	1.56e-02	6.93e-13	0.00e+00	0.00e+00	0.00e+00	0.00e+00	0.00e+00	0.00e+00	8.45e-01	8.76e-02	5.16e-02
 2.20780e+16	9.85e-01	1.50e-02	6.49e-13	0.00e+00	0.00e+00	0.00e+00	0.00e+00	0.00e+00	0.00e+00	8.44e-01	8.95e-02	5.20e-02
 2.20784e+16	9.86e-01	1.44e-02	6.10e-13	0.00e+00	0.00e+00	0.00e+00	0.00e+00	0.00e+00	0.00e+00	8.42e-01	9.11e-02	5.25e-02
 2.20788e+16	9.86e-01	1.39e-02	5.80e-13	0.00e+00	0.00e+00	0.00e+00	0.00e+00	0.00e+00	0.00e+00	8.41e-01	9.24e-02	5.28e-02
 2.20792e+16	9.87e-01	1.34e-02	5.42e-13	0.00e+00	0.00e+00	0.00e+00	0.00e+00	0.00e+00	0.00e+00	8.39e-01	9.43e-02	5.33e-02
 2.20795e+16	9.87e-01	1.29e-02	5.10e-13	0.00e+00	0.00e+00	0.00e+00	0.00e+00	0.00e+00	0.00e+00	8.37e-01	9.59e-02	5.38e-02
 2.20798e+16	9.87e-01	1.26e-02	4.86e-13	0.00e+00	0.00e+00	0.00e+00	0.00e+00	0.00e+00	0.00e+00	8.36e-01	9.71e-02	5.40e-02
 2.20800e+16	9.88e-01	1.21e-02	4.57e-13	0.00e+00	0.00e+00	0.00e+00	0.00e+00	0.00e+00	0.00e+00	8.35e-01	9.89e-02	5.45e-02
 2.20802e+16	9.88e-01	1.18e-02	4.36e-13	0.00e+00	0.00e+00	0.00e+00	0.00e+00	0.00e+00	0.00e+00	8.33e-01	1.00e-01	5.47e-02
 2.20805e+16	9.89e-01	1.14e-02	4.15e-13	0.00e+00	0.00e+00	0.00e+00	0.00e+00	0.00e+00	0.00e+00	8.32e-01	1.01e-01	5.50e-02
 2.20807e+16	9.89e-01	1.12e-02	3.98e-13	0.00e+00	0.00e+00	0.00e+00	0.00e+00	0.00e+00	0.00e+00	8.31e-01	1.03e-01	5.53e-02
 2.20809e+16	9.89e-01	1.09e-02	3.81e-13	0.00e+00	0.00e+00	0.00e+00	0.00e+00	0.00e+00	0.00e+00	8.30e-01	1.04e-01	5.55e-02
 2.20811e+16	9.89e-01	1.06e-02	3.65e-13	0.00e+00	0.00e+00	0.00e+00	0.00e+00	0.00e+00	0.00e+00	8.29e-01	1.05e-01	5.58e-02
 2.20814e+16	9.90e-01	1.03e-02	3.49e-13	0.00e+00	0.00e+00	0.00e+00	0.00e+00	0.00e+00	0.00e+00	8.28e-01	1.06e-01	5.60e-02
 2.20816e+16	9.90e-01	1.01e-02	3.33e-13	0.00e+00	0.00e+00	0.00e+00	0.00e+00	0.00e+00	0.00e+00	8.26e-01	1.07e-01	5.63e-02
 2.20818e+16	9.90e-01	9.80e-03	3.17e-13	0.00e+00	0.00e+00	0.00e+00	0.00e+00	0.00e+00	0.00e+00	8.25e-01	1.08e-01	5.65e-02
 2.20820e+16	9.90e-01	9.52e-03	3.02e-13	0.00e+00	0.00e+00	0.00e+00	0.00e+00	0.00e+00	0.00e+00	8.24e-01	1.10e-01	5.67e-02
 2.20822e+16	9.91e-01	9.26e-03	2.87e-13	0.00e+00	0.00e+00	0.00e+00	0.00e+00	0.00e+00	0.00e+00	8.23e-01	1.11e-01	5.70e-02
 2.20825e+16	9.91e-01	8.99e-03	2.73e-13	0.00e+00	0.00e+00	0.00e+00	0.00e+00	0.00e+00	0.00e+00	8.21e-01	1.12e-01	5.72e-02
 2.20827e+16	9.91e-01	8.72e-03	2.59e-13	0.00e+00	0.00e+00	0.00e+00	0.00e+00	0.00e+00	0.00e+00	8.20e-01	1.14e-01	5.74e-02
 2.20829e+16	9.92e-01	8.46e-03	2.45e-13	0.00e+00	0.00e+00	0.00e+00	0.00e+00	0.00e+00	0.00e+00	8.19e-01	1.15e-01	5.76e-02
 2.20831e+16	9.92e-01	8.20e-03	2.31e-13	0.00e+00	0.00e+00	0.00e+00	0.00e+00	0.00e+00	0.00e+00	8.17e-01	1.17e-01	5.78e-02
 2.20833e+16	9.92e-01	7.87e-03	2.14e-13	0.00e+00	0.00e+00	0.00e+00	0.00e+00	0.00e+00	0.00e+00	8.15e-01	1.19e-01	5.81e-02
 2.20836e+16	9.92e-01	7.58e-03	1.99e-13	0.00e+00	0.00e+00	0.00e+00	0.00e+00	0.00e+00	0.00e+00	8.14e-01	1.20e-01	5.84e-02
 2.20838e+16	9.93e-01	7.29e-03	1.85e-13	0.00e+00	0.00e+00	0.00e+00	0.00e+00	0.00e+00	0.00e+00	8.12e-01	1.22e-01	5.86e-02
 2.20840e+16	9.93e-01	7.01e-03	1.72e-13	0.00e+00	0.00e+00	0.00e+00	0.00e+00	0.00e+00	0.00e+00	8.10e-01	1.24e-01	5.88e-02
