#depth	H	H+	H2
 9.24807e+10	3.98e-03	9.96e-01	3.29e-11
 5.54884e+11	3.99e-03	9.96e-01	3.31e-11
 2.40450e+12	3.99e-03	9.96e-01	3.31e-11
 9.80295e+12	3.99e-03	9.96e-01	3.31e-11
 2.34161e+13	3.96e-03	9.96e-01	3.28e-11
 4.11132e+13	3.94e-03	9.96e-01	3.25e-11
 6.41194e+13	3.92e-03	9.96e-01	3.23e-11
 9.40275e+13	3.90e-03	9.96e-01	3.20e-11
 1.32908e+14	3.87e-03	9.96e-01	3.16e-11
 1.83453e+14	3.84e-03	9.96e-01	3.12e-11
 2.49161e+14	3.80e-03	9.96e-01	3.08e-11
 3.34581e+14	3.76e-03	9.96e-01	3.01e-11
 4.45628e+14	3.72e-03	9.96e-01	2.95e-11
 5.89989e+14	3.68e-03	9.96e-01	2.89e-11
 7.77658e+14	3.64e-03	9.96e-01	2.82e-11
 9.87449e+14	3.59e-03	9.96e-01	2.75e-11
 1.18914e+15	3.56e-03	9.96e-01	2.67e-11
 1.41448e+15	3.57e-03	9.96e-01	2.67e-11
 1.66167e+15	3.55e-03	9.96e-01	2.66e-11
 1.89233e+15	3.54e-03	9.96e-01	2.63e-11
 2.10332e+15	3.51e-03	9.96e-01	2.61e-11
 2.31365e+15	3.50e-03	9.96e-01	2.59e-11
 2.54502e+15	3.48e-03	9.97e-01	2.56e-11
 2.79952e+15	3.45e-03	9.97e-01	2.53e-11
 3.07947e+15	3.41e-03	9.97e-01	2.49e-11
 3.36445e+15	3.36e-03	9.97e-01	2.43e-11
 3.67792e+15	3.32e-03	9.97e-01	2.37e-11
 4.04571e+15	3.27e-03	9.97e-01	2.32e-11
 4.42801e+15	3.21e-03	9.97e-01	2.24e-11
 4.84855e+15	3.17e-03	9.97e-01	2.18e-11
 5.33340e+15	3.12e-03	9.97e-01	2.12e-11
 5.82332e+15	3.29e-03	9.97e-01	2.34e-11
 6.13973e+15	3.23e-03	9.97e-01	2.23e-11
 6.27370e+15	3.21e-03	9.97e-01	2.13e-11
 6.39679e+15	3.21e-03	9.97e-01	2.13e-11
 6.55680e+15	3.21e-03	9.97e-01	2.13e-11
 6.76482e+15	3.23e-03	9.97e-01	2.16e-11
 7.03525e+15	3.24e-03	9.97e-01	2.19e-11
 7.30410e+15	3.25e-03	9.97e-01	2.22e-11
 7.49893e+15	3.25e-03	9.97e-01	2.21e-11
 7.64801e+15	3.25e-03	9.97e-01	2.22e-11
 7.80959e+15	3.28e-03	9.97e-01	2.25e-11
 8.01963e+15	3.31e-03	9.97e-01	2.29e-11
 8.22773e+15	3.32e-03	9.97e-01	2.32e-11
 8.38087e+15	3.34e-03	9.97e-01	2.36e-11
 8.50384e+15	3.35e-03	9.97e-01	2.37e-11
 8.64001e+15	3.37e-03	9.97e-01	2.40e-11
 8.81703e+15	3.40e-03	9.97e-01	2.44e-11
 9.00548e+15	3.48e-03	9.97e-01	2.55e-11
 9.16173e+15	3.58e-03	9.96e-01	2.73e-11
 9.29015e+15	3.69e-03	9.96e-01	2.95e-11
 9.40132e+15	3.85e-03	9.96e-01	3.23e-11
 9.49528e+15	4.00e-03	9.96e-01	3.54e-11
 9.57941e+15	4.18e-03	9.96e-01	3.91e-11
 9.65994e+15	4.37e-03	9.96e-01	4.32e-11
 9.73760e+15	4.58e-03	9.95e-01	4.81e-11
 9.81011e+15	4.81e-03	9.95e-01	5.36e-11
 9.87590e+15	5.04e-03	9.95e-01	5.96e-11
 9.93612e+15	5.26e-03	9.95e-01	6.58e-11
 9.99317e+15	5.49e-03	9.95e-01	7.24e-11
 1.00486e+16	5.72e-03	9.94e-01	7.94e-11
 1.01021e+16	5.96e-03	9.94e-01	8.70e-11
 1.01531e+16	6.20e-03	9.94e-01	9.49e-11
 1.02014e+16	6.43e-03	9.94e-01	1.03e-10
 1.02478e+16	6.66e-03	9.93e-01	1.11e-10
 1.02931e+16	6.89e-03	9.93e-01	1.20e-10
 1.03379e+16	7.12e-03	9.93e-01	1.29e-10
 1.03822e+16	7.36e-03	9.93e-01	1.39e-10
 1.04329e+16	7.61e-03	9.92e-01	1.50e-10
 1.04885e+16	7.92e-03	9.92e-01	1.64e-10
 1.05384e+16	8.22e-03	9.92e-01	1.78e-10
 1.05910e+16	8.47e-03	9.92e-01	1.91e-10
 1.06595e+16	8.77e-03	9.91e-01	2.05e-10
 1.07484e+16	9.11e-03	9.91e-01	2.22e-10
 1.08641e+16	9.46e-03	9.91e-01	2.36e-10
 1.10145e+16	9.83e-03	9.90e-01	2.51e-10
 1.12100e+16	1.03e-02	9.90e-01	2.66e-10
 1.14413e+16	1.09e-02	9.89e-01	2.87e-10
 1.16691e+16	1.16e-02	9.88e-01	3.14e-10
 1.18700e+16	1.24e-02	9.88e-01	3.39e-10
 1.20527e+16	1.30e-02	9.87e-01	3.61e-10
 1.22290e+16	1.36e-02	9.86e-01	3.81e-10
 1.24019e+16	1.43e-02	9.86e-01	4.01e-10
 1.25704e+16	1.49e-02	9.85e-01	4.20e-10
 1.27334e+16	1.56e-02	9.84e-01	4.40e-10
 1.28948e+16	1.62e-02	9.84e-01	4.57e-10
 1.30550e+16	1.68e-02	9.83e-01	4.74e-10
 1.32095e+16	1.75e-02	9.83e-01	4.89e-10
 1.33589e+16	1.81e-02	9.82e-01	5.01e-10
 1.35065e+16	1.87e-02	9.81e-01	5.10e-10
 1.36538e+16	1.92e-02	9.81e-01	5.17e-10
 1.38010e+16	1.98e-02	9.80e-01	5.20e-10
 1.39480e+16	2.04e-02	9.80e-01	5.18e-10
 1.40956e+16	2.11e-02	9.79e-01	5.10e-10
 1.42443e+16	2.17e-02	9.78e-01	4.94e-10
 1.43950e+16	2.24e-02	9.78e-01	4.70e-10
 1.45480e+16	2.31e-02	9.77e-01	4.37e-10
 1.47039e+16	2.38e-02	9.76e-01	3.96e-10
 1.48635e+16	2.46e-02	9.75e-01	3.51e-10
 1.50271e+16	2.55e-02	9.75e-01	3.03e-10
 1.51950e+16	2.64e-02	9.74e-01	2.57e-10
 1.53677e+16	2.75e-02	9.73e-01	2.16e-10
 1.55452e+16	2.87e-02	9.71e-01	1.79e-10
 1.57275e+16	2.99e-02	9.70e-01	1.49e-10
 1.59151e+16	3.14e-02	9.69e-01	1.24e-10
 1.61074e+16	3.29e-02	9.67e-01	1.04e-10
 1.63043e+16	3.47e-02	9.65e-01	8.83e-11
 1.65052e+16	3.67e-02	9.63e-01	7.58e-11
 1.67098e+16	3.89e-02	9.61e-01	6.61e-11
 1.69175e+16	4.13e-02	9.59e-01	5.86e-11
 1.71278e+16	4.41e-02	9.56e-01	5.28e-11
 1.73396e+16	4.72e-02	9.53e-01	4.83e-11
 1.75521e+16	5.06e-02	9.49e-01	4.47e-11
 1.77637e+16	5.45e-02	9.46e-01	4.21e-11
 1.79743e+16	5.87e-02	9.41e-01	4.02e-11
 1.81844e+16	6.35e-02	9.37e-01	3.87e-11
 1.83926e+16	6.88e-02	9.31e-01	3.76e-11
 1.85979e+16	7.48e-02	9.25e-01	3.70e-11
 1.87999e+16	8.14e-02	9.19e-01	3.66e-11
 1.89985e+16	8.88e-02	9.11e-01	3.66e-11
 1.91934e+16	9.71e-02	9.03e-01	3.67e-11
 1.93847e+16	1.06e-01	8.94e-01	3.72e-11
 1.95724e+16	1.17e-01	8.83e-01	3.79e-11
 1.97566e+16	1.29e-01	8.71e-01	3.89e-11
 1.99377e+16	1.43e-01	8.57e-01	4.03e-11
 2.01169e+16	1.59e-01	8.41e-01	4.21e-11
 2.02954e+16	1.78e-01	8.22e-01	4.46e-11
 2.04745e+16	2.01e-01	7.99e-01	4.82e-11
 2.06568e+16	2.29e-01	7.71e-01	5.34e-11
 2.08479e+16	2.67e-01	7.33e-01	6.15e-11
 2.10236e+16	3.17e-01	6.83e-01	7.69e-11
 2.11416e+16	3.66e-01	6.34e-01	9.73e-11
 2.12040e+16	3.97e-01	6.03e-01	1.13e-10
 2.12421e+16	4.16e-01	5.84e-01	1.24e-10
 2.12793e+16	4.34e-01	5.66e-01	1.34e-10
 2.13252e+16	4.58e-01	5.42e-01	1.49e-10
 2.13733e+16	4.87e-01	5.13e-01	1.71e-10
 2.14123e+16	5.13e-01	4.87e-01	1.94e-10
 2.14408e+16	5.33e-01	4.67e-01	2.14e-10
 2.14611e+16	5.48e-01	4.52e-01	2.30e-10
 2.14761e+16	5.58e-01	4.42e-01	2.43e-10
 2.14913e+16	5.69e-01	4.31e-01	2.56e-10
 2.15093e+16	5.82e-01	4.18e-01	2.74e-10
 2.15282e+16	5.96e-01	4.04e-01	2.95e-10
 2.15454e+16	6.10e-01	3.90e-01	3.16e-10
 2.15608e+16	6.22e-01	3.78e-01	3.38e-10
 2.15757e+16	6.33e-01	3.67e-01	3.60e-10
 2.15909e+16	6.45e-01	3.55e-01	3.85e-10
 2.16062e+16	6.58e-01	3.42e-01	4.13e-10
 2.16210e+16	6.70e-01	3.30e-01	4.43e-10
 2.16350e+16	6.81e-01	3.19e-01	4.74e-10
 2.16487e+16	6.92e-01	3.08e-01	5.08e-10
 2.16622e+16	7.03e-01	2.97e-01	5.44e-10
 2.16756e+16	7.14e-01	2.86e-01	5.83e-10
 2.16887e+16	7.25e-01	2.75e-01	6.25e-10
 2.17014e+16	7.35e-01	2.65e-01	6.71e-10
 2.17138e+16	7.45e-01	2.55e-01	7.19e-10
 2.17261e+16	7.55e-01	2.45e-01	7.72e-10
 2.17380e+16	7.64e-01	2.36e-01	8.29e-10
 2.17498e+16	7.74e-01	2.26e-01	8.91e-10
 2.17613e+16	7.83e-01	2.17e-01	9.57e-10
 2.17726e+16	7.91e-01	2.09e-01	1.03e-09
 2.17834e+16	8.00e-01	2.00e-01	1.10e-09
 2.17939e+16	8.08e-01	1.92e-01	1.18e-09
 2.18042e+16	8.15e-01	1.85e-01	1.27e-09
 2.18143e+16	8.23e-01	1.77e-01	1.36e-09
 2.18241e+16	8.30e-01	1.70e-01	1.46e-09
 2.18336e+16	8.36e-01	1.64e-01	1.57e-09
 2.18429e+16	8.43e-01	1.57e-01	1.68e-09
 2.18520e+16	8.49e-01	1.51e-01	1.80e-09
 2.18609e+16	8.55e-01	1.45e-01	1.93e-09
 2.18696e+16	8.61e-01	1.39e-01	2.07e-09
 2.18781e+16	8.66e-01	1.34e-01	2.22e-09
 2.18864e+16	8.72e-01	1.28e-01	2.38e-09
 2.18945e+16	8.77e-01	1.23e-01	2.56e-09
 2.19025e+16	8.81e-01	1.19e-01	2.75e-09
 2.19103e+16	8.86e-01	1.14e-01	2.96e-09
 2.19179e+16	8.91e-01	1.09e-01	3.19e-09
 2.19253e+16	8.95e-01	1.05e-01	3.43e-09
 2.19326e+16	8.99e-01	1.01e-01	3.70e-09
 2.19397e+16	9.03e-01	9.69e-02	4.00e-09
 2.19467e+16	9.07e-01	9.30e-02	4.33e-09
 2.19535e+16	9.11e-01	8.94e-02	4.69e-09
 2.19601e+16	9.14e-01	8.58e-02	5.10e-09
 2.19665e+16	9.18e-01	8.24e-02	5.56e-09
 2.19729e+16	9.21e-01	7.91e-02	6.08e-09
 2.19791e+16	9.24e-01	7.59e-02	6.65e-09
 2.19851e+16	9.27e-01	7.29e-02	7.30e-09
 2.19909e+16	9.30e-01	7.00e-02	8.04e-09
 2.19965e+16	9.33e-01	6.73e-02	8.88e-09
 2.20018e+16	9.35e-01	6.46e-02	9.82e-09
 2.20067e+16	9.38e-01	6.23e-02	1.09e-08
 2.20112e+16	9.40e-01	6.00e-02	1.20e-08
 2.20154e+16	9.42e-01	5.80e-02	1.32e-08
 2.20194e+16	9.44e-01	5.61e-02	1.46e-08
 2.20231e+16	9.46e-01	5.43e-02	1.61e-08
 2.20266e+16	9.47e-01	5.26e-02	1.78e-08
 2.20299e+16	9.49e-01	5.10e-02	1.97e-08
 2.20330e+16	9.50e-01	4.95e-02	2.17e-08
 2.20359e+16	9.52e-01	4.81e-02	2.40e-08
 2.20387e+16	9.53e-01	4.67e-02	2.65e-08
 2.20412e+16	9.55e-01	4.55e-02	2.93e-08
 2.20436e+16	9.56e-01	4.43e-02	3.23e-08
 2.20458e+16	9.57e-01	4.32e-02	3.57e-08
 2.20479e+16	9.58e-01	4.21e-02	3.94e-08
 2.20499e+16	9.59e-01	4.11e-02	4.35e-08
 2.20517e+16	9.60e-01	4.01e-02	4.80e-08
 2.20535e+16	9.61e-01	3.91e-02	5.30e-08
 2.20551e+16	9.62e-01	3.82e-02	5.85e-08
 2.20567e+16	9.63e-01	3.74e-02	6.45e-08
 2.20582e+16	9.63e-01	3.66e-02	7.08e-08
 2.20596e+16	9.64e-01	3.57e-02	7.83e-08
 2.20609e+16	9.65e-01	3.50e-02	8.63e-08
 2.20622e+16	9.66e-01	3.42e-02	9.48e-08
 2.20634e+16	9.67e-01	3.34e-02	1.04e-07
 2.20646e+16	9.67e-01	3.27e-02	1.15e-07
 2.20657e+16	9.68e-01	3.20e-02	1.26e-07
 2.20667e+16	9.69e-01	3.12e-02	1.38e-07
 2.20677e+16	9.69e-01	3.05e-02	1.51e-07
 2.20687e+16	9.70e-01	2.98e-02	1.65e-07
 2.20697e+16	9.71e-01	2.90e-02	1.80e-07
 2.20707e+16	9.72e-01	2.82e-02	1.97e-07
 2.20716e+16	9.73e-01	2.74e-02	2.14e-07
 2.20725e+16	9.73e-01	2.66e-02	2.32e-07
 2.20734e+16	9.74e-01	2.58e-02	2.51e-07
 2.20743e+16	9.75e-01	2.47e-02	2.73e-07
 2.20752e+16	9.76e-01	2.38e-02	2.94e-07
 2.20759e+16	9.77e-01	2.29e-02	3.12e-07
 2.20765e+16	9.78e-01	2.20e-02	3.29e-07
 2.20770e+16	9.79e-01	2.13e-02	3.46e-07
 2.20775e+16	9.80e-01	2.05e-02	3.64e-07
 2.20780e+16	9.80e-01	1.97e-02	3.82e-07
 2.20784e+16	9.81e-01	1.90e-02	3.99e-07
 2.20788e+16	9.82e-01	1.84e-02	4.14e-07
 2.20792e+16	9.82e-01	1.78e-02	4.35e-07
 2.20795e+16	9.83e-01	1.72e-02	4.54e-07
 2.20798e+16	9.83e-01	1.67e-02	4.69e-07
 2.20800e+16	9.84e-01	1.62e-02	4.91e-07
 2.20802e+16	9.84e-01	1.58e-02	5.08e-07
 2.20805e+16	9.85e-01	1.54e-02	5.27e-07
 2.20807e+16	9.85e-01	1.50e-02	5.43e-07
 2.20809e+16	9.85e-01	1.47e-02	5.60e-07
 2.20811e+16	9.86e-01	1.44e-02	5.78e-07
 2.20814e+16	9.86e-01	1.40e-02	5.97e-07
 2.20816e+16	9.86e-01	1.37e-02	6.18e-07
 2.20818e+16	9.87e-01	1.33e-02	6.40e-07
 2.20820e+16	9.87e-01	1.30e-02	6.63e-07
 2.20822e+16	9.87e-01	1.27e-02	6.88e-07
 2.20825e+16	9.88e-01	1.23e-02	7.15e-07
 2.20827e+16	9.88e-01	1.20e-02	7.44e-07
 2.20829e+16	9.88e-01	1.17e-02	7.75e-07
 2.20831e+16	9.89e-01	1.14e-02	8.09e-07
 2.20833e+16	9.89e-01	1.09e-02	8.57e-07
 2.20836e+16	9.89e-01	1.06e-02	9.03e-07
 2.20838e+16	9.90e-01	1.02e-02	9.53e-07
 2.20840e+16	9.90e-01	9.88e-03	1.01e-06
