#depth	O	O+	O+2	O+3	O+4	O+5	O+6	O+7	O+8	O[1]	O[2]	O[3]
 2.71080e+11	3.14e-05	4.25e-02	9.57e-01	2.04e-04	0.00e+00	0.00e+00	0.00e+00	0.00e+00	0.00e+00	2.07e-05	7.48e-06	3.23e-06
 1.62648e+12	3.14e-05	4.25e-02	9.57e-01	2.03e-04	0.00e+00	0.00e+00	0.00e+00	0.00e+00	0.00e+00	2.07e-05	7.48e-06	3.23e-06
 7.04809e+12	3.14e-05	4.25e-02	9.57e-01	2.00e-04	0.00e+00	0.00e+00	0.00e+00	0.00e+00	0.00e+00	2.07e-05	7.49e-06	3.24e-06
 2.87345e+13	3.16e-05	4.26e-02	9.57e-01	1.88e-04	0.00e+00	0.00e+00	0.00e+00	0.00e+00	0.00e+00	2.08e-05	7.53e-06	3.26e-06
 6.86375e+13	3.16e-05	4.28e-02	9.57e-01	1.72e-04	0.00e+00	0.00e+00	0.00e+00	0.00e+00	0.00e+00	2.08e-05	7.56e-06	3.27e-06
 1.20511e+14	3.18e-05	4.30e-02	9.57e-01	1.53e-04	0.00e+00	0.00e+00	0.00e+00	0.00e+00	0.00e+00	2.09e-05	7.60e-06	3.29e-06
 1.87948e+14	3.20e-05	4.33e-02	9.57e-01	1.30e-04	0.00e+00	0.00e+00	0.00e+00	0.00e+00	0.00e+00	2.10e-05	7.67e-06	3.31e-06
 2.75615e+14	3.24e-05	4.37e-02	9.56e-01	1.06e-04	0.00e+00	0.00e+00	0.00e+00	0.00e+00	0.00e+00	2.13e-05	7.75e-06	3.35e-06
 3.89582e+14	3.28e-05	4.41e-02	9.56e-01	8.05e-05	0.00e+00	0.00e+00	0.00e+00	0.00e+00	0.00e+00	2.16e-05	7.86e-06	3.40e-06
 5.37739e+14	3.35e-05	4.47e-02	9.55e-01	5.61e-05	0.00e+00	0.00e+00	0.00e+00	0.00e+00	0.00e+00	2.20e-05	8.02e-06	3.46e-06
 7.30343e+14	3.44e-05	4.54e-02	9.54e-01	3.51e-05	0.00e+00	0.00e+00	0.00e+00	0.00e+00	0.00e+00	2.26e-05	8.24e-06	3.56e-06
 9.80728e+14	3.56e-05	4.64e-02	9.54e-01	1.91e-05	0.00e+00	0.00e+00	0.00e+00	0.00e+00	0.00e+00	2.34e-05	8.54e-06	3.68e-06
 1.30623e+15	3.73e-05	4.77e-02	9.52e-01	8.73e-06	0.00e+00	0.00e+00	0.00e+00	0.00e+00	0.00e+00	2.45e-05	8.96e-06	3.86e-06
 1.72938e+15	3.98e-05	4.93e-02	9.51e-01	3.28e-06	0.00e+00	0.00e+00	0.00e+00	0.00e+00	0.00e+00	2.61e-05	9.56e-06	4.12e-06
 2.27948e+15	4.33e-05	5.15e-02	9.48e-01	1.01e-06	0.00e+00	0.00e+00	0.00e+00	0.00e+00	0.00e+00	2.84e-05	1.04e-05	4.48e-06
 2.99460e+15	4.85e-05	5.44e-02	9.46e-01	3.03e-07	0.00e+00	0.00e+00	0.00e+00	0.00e+00	0.00e+00	3.18e-05	1.17e-05	5.02e-06
 3.92427e+15	5.62e-05	5.83e-02	9.42e-01	1.31e-07	0.00e+00	0.00e+00	0.00e+00	0.00e+00	0.00e+00	3.69e-05	1.35e-05	5.82e-06
 5.07766e+15	6.80e-05	6.35e-02	9.36e-01	0.00e+00	0.00e+00	0.00e+00	0.00e+00	0.00e+00	0.00e+00	4.45e-05	1.64e-05	7.04e-06
 6.22202e+15	8.18e-05	6.89e-02	9.31e-01	0.00e+00	0.00e+00	0.00e+00	0.00e+00	0.00e+00	0.00e+00	5.36e-05	1.97e-05	8.47e-06
 7.16762e+15	9.64e-05	7.38e-02	9.26e-01	0.00e+00	0.00e+00	0.00e+00	0.00e+00	0.00e+00	0.00e+00	6.32e-05	2.32e-05	9.99e-06
 7.97663e+15	1.12e-04	7.83e-02	9.22e-01	0.00e+00	0.00e+00	0.00e+00	0.00e+00	0.00e+00	0.00e+00	7.31e-05	2.69e-05	1.16e-05
 8.77429e+15	1.30e-04	8.31e-02	9.17e-01	0.00e+00	0.00e+00	0.00e+00	0.00e+00	0.00e+00	0.00e+00	8.50e-05	3.12e-05	1.34e-05
 9.65172e+15	1.64e-04	9.16e-02	9.08e-01	0.00e+00	0.00e+00	0.00e+00	0.00e+00	0.00e+00	0.00e+00	1.07e-04	3.96e-05	1.70e-05
 1.03970e+16	1.93e-04	9.76e-02	9.02e-01	0.00e+00	0.00e+00	0.00e+00	0.00e+00	0.00e+00	0.00e+00	1.26e-04	4.66e-05	2.00e-05
 1.09538e+16	2.18e-04	1.02e-01	8.97e-01	0.00e+00	0.00e+00	0.00e+00	0.00e+00	0.00e+00	0.00e+00	1.43e-04	5.26e-05	2.26e-05
 1.15774e+16	2.49e-04	1.08e-01	8.92e-01	0.00e+00	0.00e+00	0.00e+00	0.00e+00	0.00e+00	0.00e+00	1.63e-04	5.99e-05	2.58e-05
 1.23881e+16	2.99e-04	1.16e-01	8.84e-01	0.00e+00	0.00e+00	0.00e+00	0.00e+00	0.00e+00	0.00e+00	1.96e-04	7.18e-05	3.09e-05
 1.32211e+16	3.66e-04	1.25e-01	8.75e-01	0.00e+00	0.00e+00	0.00e+00	0.00e+00	0.00e+00	0.00e+00	2.40e-04	8.76e-05	3.78e-05
 1.38759e+16	4.34e-04	1.34e-01	8.66e-01	0.00e+00	0.00e+00	0.00e+00	0.00e+00	0.00e+00	0.00e+00	2.85e-04	1.04e-04	4.47e-05
 1.44132e+16	5.01e-04	1.41e-01	8.58e-01	0.00e+00	0.00e+00	0.00e+00	0.00e+00	0.00e+00	0.00e+00	3.29e-04	1.19e-04	5.16e-05
 1.50051e+16	5.87e-04	1.51e-01	8.49e-01	0.00e+00	0.00e+00	0.00e+00	0.00e+00	0.00e+00	0.00e+00	3.87e-04	1.40e-04	6.05e-05
 1.56707e+16	7.11e-04	1.63e-01	8.37e-01	0.00e+00	0.00e+00	0.00e+00	0.00e+00	0.00e+00	0.00e+00	4.69e-04	1.69e-04	7.31e-05
 1.62780e+16	8.57e-04	1.76e-01	8.24e-01	0.00e+00	0.00e+00	0.00e+00	0.00e+00	0.00e+00	0.00e+00	5.66e-04	2.03e-04	8.80e-05
 1.67957e+16	1.01e-03	1.88e-01	8.11e-01	0.00e+00	0.00e+00	0.00e+00	0.00e+00	0.00e+00	0.00e+00	6.70e-04	2.39e-04	1.04e-04
 1.73509e+16	1.22e-03	2.03e-01	7.96e-01	0.00e+00	0.00e+00	0.00e+00	0.00e+00	0.00e+00	0.00e+00	8.06e-04	2.87e-04	1.25e-04
 1.79502e+16	1.51e-03	2.22e-01	7.76e-01	0.00e+00	0.00e+00	0.00e+00	0.00e+00	0.00e+00	0.00e+00	1.00e-03	3.54e-04	1.54e-04
 1.84631e+16	1.84e-03	2.42e-01	7.56e-01	0.00e+00	0.00e+00	0.00e+00	0.00e+00	0.00e+00	0.00e+00	1.22e-03	4.31e-04	1.88e-04
 1.88926e+16	2.19e-03	2.60e-01	7.38e-01	0.00e+00	0.00e+00	0.00e+00	0.00e+00	0.00e+00	0.00e+00	1.45e-03	5.11e-04	2.23e-04
 1.93579e+16	2.66e-03	2.83e-01	7.15e-01	0.00e+00	0.00e+00	0.00e+00	0.00e+00	0.00e+00	0.00e+00	1.77e-03	6.20e-04	2.70e-04
 1.98650e+16	3.34e-03	3.12e-01	6.85e-01	0.00e+00	0.00e+00	0.00e+00	0.00e+00	0.00e+00	0.00e+00	2.22e-03	7.77e-04	3.39e-04
 2.02994e+16	4.15e-03	3.42e-01	6.54e-01	0.00e+00	0.00e+00	0.00e+00	0.00e+00	0.00e+00	0.00e+00	2.76e-03	9.63e-04	4.21e-04
 2.06462e+16	4.97e-03	3.68e-01	6.27e-01	0.00e+00	0.00e+00	0.00e+00	0.00e+00	0.00e+00	0.00e+00	3.31e-03	1.15e-03	5.03e-04
 2.10067e+16	6.04e-03	3.99e-01	5.95e-01	0.00e+00	0.00e+00	0.00e+00	0.00e+00	0.00e+00	0.00e+00	4.03e-03	1.39e-03	6.11e-04
 2.13984e+16	7.58e-03	4.37e-01	5.55e-01	0.00e+00	0.00e+00	0.00e+00	0.00e+00	0.00e+00	0.00e+00	5.07e-03	1.74e-03	7.65e-04
 2.17344e+16	9.34e-03	4.74e-01	5.17e-01	0.00e+00	0.00e+00	0.00e+00	0.00e+00	0.00e+00	0.00e+00	6.25e-03	2.14e-03	9.42e-04
 2.20098e+16	1.12e-02	5.07e-01	4.81e-01	0.00e+00	0.00e+00	0.00e+00	0.00e+00	0.00e+00	0.00e+00	7.51e-03	2.57e-03	1.13e-03
 2.23027e+16	1.38e-02	5.46e-01	4.40e-01	0.00e+00	0.00e+00	0.00e+00	0.00e+00	0.00e+00	0.00e+00	9.22e-03	3.15e-03	1.38e-03
 2.26134e+16	1.74e-02	5.91e-01	3.92e-01	0.00e+00	0.00e+00	0.00e+00	0.00e+00	0.00e+00	0.00e+00	1.16e-02	3.96e-03	1.74e-03
 2.28698e+16	2.14e-02	6.30e-01	3.48e-01	0.00e+00	0.00e+00	0.00e+00	0.00e+00	0.00e+00	0.00e+00	1.43e-02	4.87e-03	2.14e-03
 2.30776e+16	2.56e-02	6.64e-01	3.11e-01	0.00e+00	0.00e+00	0.00e+00	0.00e+00	0.00e+00	0.00e+00	1.72e-02	5.82e-03	2.57e-03
 2.32995e+16	3.14e-02	7.00e-01	2.69e-01	0.00e+00	0.00e+00	0.00e+00	0.00e+00	0.00e+00	0.00e+00	2.11e-02	7.13e-03	3.15e-03
 2.35354e+16	3.96e-02	7.37e-01	2.23e-01	0.00e+00	0.00e+00	0.00e+00	0.00e+00	0.00e+00	0.00e+00	2.66e-02	8.99e-03	3.97e-03
 2.37300e+16	4.89e-02	7.66e-01	1.85e-01	0.00e+00	0.00e+00	0.00e+00	0.00e+00	0.00e+00	0.00e+00	3.29e-02	1.11e-02	4.90e-03
 2.38859e+16	5.88e-02	7.87e-01	1.54e-01	0.00e+00	0.00e+00	0.00e+00	0.00e+00	0.00e+00	0.00e+00	3.96e-02	1.33e-02	5.89e-03
 2.40284e+16	7.05e-02	8.03e-01	1.27e-01	0.00e+00	0.00e+00	0.00e+00	0.00e+00	0.00e+00	0.00e+00	4.75e-02	1.60e-02	7.06e-03
 2.41655e+16	8.53e-02	8.13e-01	1.01e-01	0.00e+00	0.00e+00	0.00e+00	0.00e+00	0.00e+00	0.00e+00	5.74e-02	1.93e-02	8.53e-03
 2.42757e+16	1.01e-01	8.17e-01	8.20e-02	0.00e+00	0.00e+00	0.00e+00	0.00e+00	0.00e+00	0.00e+00	6.78e-02	2.27e-02	1.01e-02
 2.43519e+16	1.14e-01	8.17e-01	6.93e-02	0.00e+00	0.00e+00	0.00e+00	0.00e+00	0.00e+00	0.00e+00	7.68e-02	2.57e-02	1.14e-02
 2.44159e+16	1.27e-01	8.14e-01	5.93e-02	0.00e+00	0.00e+00	0.00e+00	0.00e+00	0.00e+00	0.00e+00	8.57e-02	2.87e-02	1.27e-02
 2.44885e+16	1.45e-01	8.06e-01	4.85e-02	0.00e+00	0.00e+00	0.00e+00	0.00e+00	0.00e+00	0.00e+00	9.78e-02	3.27e-02	1.45e-02
 2.45636e+16	1.68e-01	7.94e-01	3.85e-02	0.00e+00	0.00e+00	0.00e+00	0.00e+00	0.00e+00	0.00e+00	1.13e-01	3.77e-02	1.67e-02
 2.46226e+16	1.89e-01	7.80e-01	3.12e-02	0.00e+00	0.00e+00	0.00e+00	0.00e+00	0.00e+00	0.00e+00	1.28e-01	4.25e-02	1.89e-02
 2.46688e+16	2.09e-01	7.65e-01	2.61e-02	0.00e+00	0.00e+00	0.00e+00	0.00e+00	0.00e+00	0.00e+00	1.41e-01	4.69e-02	2.09e-02
 2.47176e+16	2.33e-01	7.46e-01	2.11e-02	0.00e+00	0.00e+00	0.00e+00	0.00e+00	0.00e+00	0.00e+00	1.58e-01	5.23e-02	2.33e-02
 2.47687e+16	2.63e-01	7.21e-01	1.65e-02	0.00e+00	0.00e+00	0.00e+00	0.00e+00	0.00e+00	0.00e+00	1.78e-01	5.88e-02	2.62e-02
 2.48099e+16	2.91e-01	6.96e-01	1.33e-02	0.00e+00	0.00e+00	0.00e+00	0.00e+00	0.00e+00	0.00e+00	1.97e-01	6.48e-02	2.90e-02
 2.48429e+16	3.16e-01	6.73e-01	1.09e-02	0.00e+00	0.00e+00	0.00e+00	0.00e+00	0.00e+00	0.00e+00	2.14e-01	7.03e-02	3.14e-02
 2.48781e+16	3.46e-01	6.45e-01	8.72e-03	0.00e+00	0.00e+00	0.00e+00	0.00e+00	0.00e+00	0.00e+00	2.35e-01	7.67e-02	3.44e-02
 2.49152e+16	3.81e-01	6.13e-01	6.74e-03	0.00e+00	0.00e+00	0.00e+00	0.00e+00	0.00e+00	0.00e+00	2.59e-01	8.40e-02	3.77e-02
 2.49457e+16	4.12e-01	5.83e-01	5.34e-03	0.00e+00	0.00e+00	0.00e+00	0.00e+00	0.00e+00	0.00e+00	2.81e-01	9.06e-02	4.08e-02
 2.49707e+16	4.40e-01	5.56e-01	4.35e-03	0.00e+00	0.00e+00	0.00e+00	0.00e+00	0.00e+00	0.00e+00	3.00e-01	9.64e-02	4.35e-02
 2.49945e+16	4.68e-01	5.28e-01	3.53e-03	0.00e+00	0.00e+00	0.00e+00	0.00e+00	0.00e+00	0.00e+00	3.20e-01	1.02e-01	4.61e-02
 2.50180e+16	4.97e-01	5.00e-01	2.83e-03	0.00e+00	0.00e+00	0.00e+00	0.00e+00	0.00e+00	0.00e+00	3.40e-01	1.08e-01	4.89e-02
 2.50395e+16	5.25e-01	4.73e-01	2.29e-03	0.00e+00	0.00e+00	0.00e+00	0.00e+00	0.00e+00	0.00e+00	3.60e-01	1.13e-01	5.15e-02
 2.50581e+16	5.49e-01	4.49e-01	1.89e-03	0.00e+00	0.00e+00	0.00e+00	0.00e+00	0.00e+00	0.00e+00	3.78e-01	1.18e-01	5.37e-02
 2.50745e+16	5.72e-01	4.27e-01	1.57e-03	0.00e+00	0.00e+00	0.00e+00	0.00e+00	0.00e+00	0.00e+00	3.94e-01	1.22e-01	5.57e-02
 2.50899e+16	5.93e-01	4.06e-01	1.32e-03	0.00e+00	0.00e+00	0.00e+00	0.00e+00	0.00e+00	0.00e+00	4.09e-01	1.25e-01	5.76e-02
 2.51019e+16	6.09e-01	3.90e-01	1.15e-03	0.00e+00	0.00e+00	0.00e+00	0.00e+00	0.00e+00	0.00e+00	4.21e-01	1.28e-01	5.90e-02
 2.51100e+16	6.20e-01	3.79e-01	1.05e-03	0.00e+00	0.00e+00	0.00e+00	0.00e+00	0.00e+00	0.00e+00	4.29e-01	1.30e-01	5.99e-02
 2.51176e+16	6.30e-01	3.69e-01	9.49e-04	0.00e+00	0.00e+00	0.00e+00	0.00e+00	0.00e+00	0.00e+00	4.37e-01	1.32e-01	6.09e-02
 2.51262e+16	6.42e-01	3.57e-01	8.50e-04	0.00e+00	0.00e+00	0.00e+00	0.00e+00	0.00e+00	0.00e+00	4.46e-01	1.34e-01	6.19e-02
 2.51352e+16	6.55e-01	3.44e-01	7.55e-04	0.00e+00	0.00e+00	0.00e+00	0.00e+00	0.00e+00	0.00e+00	4.56e-01	1.36e-01	6.30e-02
 2.51440e+16	6.67e-01	3.32e-01	6.72e-04	0.00e+00	0.00e+00	0.00e+00	0.00e+00	0.00e+00	0.00e+00	4.65e-01	1.38e-01	6.40e-02
 2.51523e+16	6.79e-01	3.21e-01	5.99e-04	0.00e+00	0.00e+00	0.00e+00	0.00e+00	0.00e+00	0.00e+00	4.74e-01	1.40e-01	6.49e-02
 2.51604e+16	6.90e-01	3.10e-01	5.35e-04	0.00e+00	0.00e+00	0.00e+00	0.00e+00	0.00e+00	0.00e+00	4.82e-01	1.41e-01	6.58e-02
 2.51684e+16	7.01e-01	2.99e-01	4.77e-04	0.00e+00	0.00e+00	0.00e+00	0.00e+00	0.00e+00	0.00e+00	4.91e-01	1.43e-01	6.67e-02
 2.51765e+16	7.12e-01	2.88e-01	4.24e-04	0.00e+00	0.00e+00	0.00e+00	0.00e+00	0.00e+00	0.00e+00	4.99e-01	1.44e-01	6.76e-02
 2.51844e+16	7.22e-01	2.77e-01	3.76e-04	0.00e+00	0.00e+00	0.00e+00	0.00e+00	0.00e+00	0.00e+00	5.08e-01	1.46e-01	6.84e-02
 2.51921e+16	7.33e-01	2.67e-01	3.34e-04	0.00e+00	0.00e+00	0.00e+00	0.00e+00	0.00e+00	0.00e+00	5.16e-01	1.47e-01	6.92e-02
 2.51997e+16	7.43e-01	2.57e-01	2.97e-04	0.00e+00	0.00e+00	0.00e+00	0.00e+00	0.00e+00	0.00e+00	5.24e-01	1.49e-01	6.99e-02
 2.52072e+16	7.53e-01	2.47e-01	2.63e-04	0.00e+00	0.00e+00	0.00e+00	0.00e+00	0.00e+00	0.00e+00	5.32e-01	1.50e-01	7.06e-02
 2.52146e+16	7.62e-01	2.37e-01	2.33e-04	0.00e+00	0.00e+00	0.00e+00	0.00e+00	0.00e+00	0.00e+00	5.40e-01	1.51e-01	7.13e-02
 2.52219e+16	7.72e-01	2.28e-01	2.06e-04	0.00e+00	0.00e+00	0.00e+00	0.00e+00	0.00e+00	0.00e+00	5.47e-01	1.52e-01	7.19e-02
 2.52291e+16	7.81e-01	2.19e-01	1.82e-04	0.00e+00	0.00e+00	0.00e+00	0.00e+00	0.00e+00	0.00e+00	5.55e-01	1.53e-01	7.25e-02
 2.52362e+16	7.90e-01	2.10e-01	1.61e-04	0.00e+00	0.00e+00	0.00e+00	0.00e+00	0.00e+00	0.00e+00	5.62e-01	1.54e-01	7.31e-02
 2.52432e+16	7.98e-01	2.02e-01	1.42e-04	0.00e+00	0.00e+00	0.00e+00	0.00e+00	0.00e+00	0.00e+00	5.69e-01	1.55e-01	7.36e-02
 2.52501e+16	8.06e-01	1.93e-01	1.25e-04	0.00e+00	0.00e+00	0.00e+00	0.00e+00	0.00e+00	0.00e+00	5.76e-01	1.56e-01	7.41e-02
 2.52569e+16	8.14e-01	1.85e-01	1.10e-04	0.00e+00	0.00e+00	0.00e+00	0.00e+00	0.00e+00	0.00e+00	5.83e-01	1.57e-01	7.46e-02
 2.52637e+16	8.22e-01	1.78e-01	9.72e-05	0.00e+00	0.00e+00	0.00e+00	0.00e+00	0.00e+00	0.00e+00	5.90e-01	1.57e-01	7.50e-02
 2.52703e+16	8.30e-01	1.70e-01	8.55e-05	0.00e+00	0.00e+00	0.00e+00	0.00e+00	0.00e+00	0.00e+00	5.96e-01	1.58e-01	7.54e-02
 2.52769e+16	8.37e-01	1.63e-01	7.52e-05	0.00e+00	0.00e+00	0.00e+00	0.00e+00	0.00e+00	0.00e+00	6.03e-01	1.58e-01	7.58e-02
 2.52833e+16	8.44e-01	1.56e-01	6.61e-05	0.00e+00	0.00e+00	0.00e+00	0.00e+00	0.00e+00	0.00e+00	6.09e-01	1.59e-01	7.61e-02
 2.52897e+16	8.51e-01	1.49e-01	5.80e-05	0.00e+00	0.00e+00	0.00e+00	0.00e+00	0.00e+00	0.00e+00	6.15e-01	1.59e-01	7.65e-02
 2.52960e+16	8.57e-01	1.43e-01	5.09e-05	0.00e+00	0.00e+00	0.00e+00	0.00e+00	0.00e+00	0.00e+00	6.21e-01	1.60e-01	7.67e-02
 2.53023e+16	8.64e-01	1.36e-01	4.46e-05	0.00e+00	0.00e+00	0.00e+00	0.00e+00	0.00e+00	0.00e+00	6.26e-01	1.60e-01	7.70e-02
 2.53083e+16	8.69e-01	1.30e-01	3.91e-05	0.00e+00	0.00e+00	0.00e+00	0.00e+00	0.00e+00	0.00e+00	6.32e-01	1.61e-01	7.72e-02
 2.53143e+16	8.75e-01	1.25e-01	3.44e-05	0.00e+00	0.00e+00	0.00e+00	0.00e+00	0.00e+00	0.00e+00	6.37e-01	1.61e-01	7.74e-02
 2.53201e+16	8.81e-01	1.19e-01	3.02e-05	0.00e+00	0.00e+00	0.00e+00	0.00e+00	0.00e+00	0.00e+00	6.42e-01	1.61e-01	7.76e-02
 2.53257e+16	8.86e-01	1.14e-01	2.66e-05	0.00e+00	0.00e+00	0.00e+00	0.00e+00	0.00e+00	0.00e+00	6.46e-01	1.61e-01	7.78e-02
 2.53313e+16	8.91e-01	1.09e-01	2.34e-05	0.00e+00	0.00e+00	0.00e+00	0.00e+00	0.00e+00	0.00e+00	6.51e-01	1.62e-01	7.79e-02
 2.53367e+16	8.95e-01	1.05e-01	2.06e-05	0.00e+00	0.00e+00	0.00e+00	0.00e+00	0.00e+00	0.00e+00	6.55e-01	1.62e-01	7.80e-02
 2.53421e+16	9.00e-01	1.00e-01	1.82e-05	0.00e+00	0.00e+00	0.00e+00	0.00e+00	0.00e+00	0.00e+00	6.59e-01	1.62e-01	7.81e-02
 2.53473e+16	9.04e-01	9.61e-02	1.60e-05	0.00e+00	0.00e+00	0.00e+00	0.00e+00	0.00e+00	0.00e+00	6.63e-01	1.62e-01	7.82e-02
 2.53524e+16	9.08e-01	9.21e-02	1.42e-05	0.00e+00	0.00e+00	0.00e+00	0.00e+00	0.00e+00	0.00e+00	6.67e-01	1.62e-01	7.83e-02
 2.53575e+16	9.12e-01	8.82e-02	1.25e-05	0.00e+00	0.00e+00	0.00e+00	0.00e+00	0.00e+00	0.00e+00	6.71e-01	1.63e-01	7.83e-02
 2.53624e+16	9.15e-01	8.45e-02	1.11e-05	0.00e+00	0.00e+00	0.00e+00	0.00e+00	0.00e+00	0.00e+00	6.74e-01	1.63e-01	7.84e-02
 2.53673e+16	9.19e-01	8.10e-02	9.76e-06	0.00e+00	0.00e+00	0.00e+00	0.00e+00	0.00e+00	0.00e+00	6.78e-01	1.63e-01	7.84e-02
 2.53720e+16	9.22e-01	7.77e-02	8.64e-06	0.00e+00	0.00e+00	0.00e+00	0.00e+00	0.00e+00	0.00e+00	6.81e-01	1.63e-01	7.85e-02
 2.53766e+16	9.25e-01	7.46e-02	7.67e-06	0.00e+00	0.00e+00	0.00e+00	0.00e+00	0.00e+00	0.00e+00	6.84e-01	1.63e-01	7.85e-02
 2.53812e+16	9.28e-01	7.15e-02	6.79e-06	0.00e+00	0.00e+00	0.00e+00	0.00e+00	0.00e+00	0.00e+00	6.87e-01	1.63e-01	7.85e-02
 2.53858e+16	9.31e-01	6.86e-02	6.01e-06	0.00e+00	0.00e+00	0.00e+00	0.00e+00	0.00e+00	0.00e+00	6.89e-01	1.63e-01	7.85e-02
 2.53902e+16	9.34e-01	6.58e-02	5.33e-06	0.00e+00	0.00e+00	0.00e+00	0.00e+00	0.00e+00	0.00e+00	6.92e-01	1.64e-01	7.86e-02
 2.53946e+16	9.37e-01	6.32e-02	4.74e-06	0.00e+00	0.00e+00	0.00e+00	0.00e+00	0.00e+00	0.00e+00	6.95e-01	1.64e-01	7.85e-02
 2.53990e+16	9.39e-01	6.06e-02	4.19e-06	0.00e+00	0.00e+00	0.00e+00	0.00e+00	0.00e+00	0.00e+00	6.97e-01	1.64e-01	7.85e-02
 2.54033e+16	9.42e-01	5.82e-02	3.72e-06	0.00e+00	0.00e+00	0.00e+00	0.00e+00	0.00e+00	0.00e+00	6.99e-01	1.64e-01	7.85e-02
 2.54074e+16	9.44e-01	5.59e-02	3.31e-06	0.00e+00	0.00e+00	0.00e+00	0.00e+00	0.00e+00	0.00e+00	7.02e-01	1.64e-01	7.84e-02
 2.54115e+16	9.46e-01	5.37e-02	2.94e-06	0.00e+00	0.00e+00	0.00e+00	0.00e+00	0.00e+00	0.00e+00	7.04e-01	1.64e-01	7.84e-02
 2.54156e+16	9.48e-01	5.16e-02	2.62e-06	0.00e+00	0.00e+00	0.00e+00	0.00e+00	0.00e+00	0.00e+00	7.06e-01	1.64e-01	7.83e-02
 2.54197e+16	9.50e-01	4.95e-02	2.32e-06	0.00e+00	0.00e+00	0.00e+00	0.00e+00	0.00e+00	0.00e+00	7.08e-01	1.65e-01	7.83e-02
 2.54237e+16	9.52e-01	4.75e-02	2.06e-06	0.00e+00	0.00e+00	0.00e+00	0.00e+00	0.00e+00	0.00e+00	7.09e-01	1.65e-01	7.83e-02
 2.54276e+16	9.54e-01	4.57e-02	1.84e-06	0.00e+00	0.00e+00	0.00e+00	0.00e+00	0.00e+00	0.00e+00	7.11e-01	1.65e-01	7.83e-02
 2.54315e+16	9.56e-01	4.40e-02	1.64e-06	0.00e+00	0.00e+00	0.00e+00	0.00e+00	0.00e+00	0.00e+00	7.13e-01	1.65e-01	7.82e-02
 2.54353e+16	9.58e-01	4.23e-02	1.46e-06	0.00e+00	0.00e+00	0.00e+00	0.00e+00	0.00e+00	0.00e+00	7.14e-01	1.65e-01	7.82e-02
 2.54391e+16	9.59e-01	4.06e-02	1.29e-06	0.00e+00	0.00e+00	0.00e+00	0.00e+00	0.00e+00	0.00e+00	7.16e-01	1.66e-01	7.82e-02
 2.54429e+16	9.61e-01	3.90e-02	1.15e-06	0.00e+00	0.00e+00	0.00e+00	0.00e+00	0.00e+00	0.00e+00	7.17e-01	1.66e-01	7.82e-02
 2.54465e+16	9.62e-01	3.75e-02	1.03e-06	0.00e+00	0.00e+00	0.00e+00	0.00e+00	0.00e+00	0.00e+00	7.18e-01	1.66e-01	7.82e-02
 2.54502e+16	9.64e-01	3.61e-02	9.15e-07	0.00e+00	0.00e+00	0.00e+00	0.00e+00	0.00e+00	0.00e+00	7.20e-01	1.66e-01	7.82e-02
 2.54538e+16	9.65e-01	3.47e-02	8.13e-07	0.00e+00	0.00e+00	0.00e+00	0.00e+00	0.00e+00	0.00e+00	7.21e-01	1.67e-01	7.82e-02
 2.54574e+16	9.67e-01	3.33e-02	7.26e-07	0.00e+00	0.00e+00	0.00e+00	0.00e+00	0.00e+00	0.00e+00	7.22e-01	1.67e-01	7.82e-02
 2.54609e+16	9.68e-01	3.21e-02	6.47e-07	0.00e+00	0.00e+00	0.00e+00	0.00e+00	0.00e+00	0.00e+00	7.23e-01	1.67e-01	7.82e-02
 2.54644e+16	9.69e-01	3.09e-02	5.78e-07	0.00e+00	0.00e+00	0.00e+00	0.00e+00	0.00e+00	0.00e+00	7.24e-01	1.67e-01	7.82e-02
 2.54679e+16	9.70e-01	2.97e-02	5.13e-07	0.00e+00	0.00e+00	0.00e+00	0.00e+00	0.00e+00	0.00e+00	7.24e-01	1.68e-01	7.82e-02
 2.54713e+16	9.71e-01	2.85e-02	4.59e-07	0.00e+00	0.00e+00	0.00e+00	0.00e+00	0.00e+00	0.00e+00	7.25e-01	1.68e-01	7.82e-02
 2.54746e+16	9.73e-01	2.74e-02	4.09e-07	0.00e+00	0.00e+00	0.00e+00	0.00e+00	0.00e+00	0.00e+00	7.26e-01	1.68e-01	7.82e-02
 2.54779e+16	9.74e-01	2.64e-02	3.66e-07	0.00e+00	0.00e+00	0.00e+00	0.00e+00	0.00e+00	0.00e+00	7.27e-01	1.69e-01	7.82e-02
 2.54812e+16	9.75e-01	2.54e-02	3.25e-07	0.00e+00	0.00e+00	0.00e+00	0.00e+00	0.00e+00	0.00e+00	7.27e-01	1.69e-01	7.83e-02
 2.54844e+16	9.76e-01	2.44e-02	2.91e-07	0.00e+00	0.00e+00	0.00e+00	0.00e+00	0.00e+00	0.00e+00	7.28e-01	1.70e-01	7.83e-02
 2.54875e+16	9.77e-01	2.35e-02	2.60e-07	0.00e+00	0.00e+00	0.00e+00	0.00e+00	0.00e+00	0.00e+00	7.28e-01	1.70e-01	7.83e-02
 2.54907e+16	9.77e-01	2.26e-02	2.32e-07	0.00e+00	0.00e+00	0.00e+00	0.00e+00	0.00e+00	0.00e+00	7.29e-01	1.70e-01	7.84e-02
 2.54938e+16	9.78e-01	2.17e-02	2.07e-07	0.00e+00	0.00e+00	0.00e+00	0.00e+00	0.00e+00	0.00e+00	7.29e-01	1.71e-01	7.84e-02
 2.54968e+16	9.79e-01	2.09e-02	1.85e-07	0.00e+00	0.00e+00	0.00e+00	0.00e+00	0.00e+00	0.00e+00	7.29e-01	1.71e-01	7.85e-02
 2.54998e+16	9.80e-01	2.01e-02	1.65e-07	0.00e+00	0.00e+00	0.00e+00	0.00e+00	0.00e+00	0.00e+00	7.29e-01	1.72e-01	7.85e-02
 2.55027e+16	9.81e-01	1.93e-02	1.48e-07	0.00e+00	0.00e+00	0.00e+00	0.00e+00	0.00e+00	0.00e+00	7.30e-01	1.72e-01	7.86e-02
 2.55055e+16	9.81e-01	1.85e-02	1.32e-07	0.00e+00	0.00e+00	0.00e+00	0.00e+00	0.00e+00	0.00e+00	7.30e-01	1.73e-01	7.87e-02
 2.55083e+16	9.82e-01	1.78e-02	1.18e-07	0.00e+00	0.00e+00	0.00e+00	0.00e+00	0.00e+00	0.00e+00	7.30e-01	1.74e-01	7.87e-02
 2.55111e+16	9.83e-01	1.71e-02	1.06e-07	0.00e+00	0.00e+00	0.00e+00	0.00e+00	0.00e+00	0.00e+00	7.30e-01	1.74e-01	7.88e-02
 2.55137e+16	9.84e-01	1.65e-02	9.49e-08	0.00e+00	0.00e+00	0.00e+00	0.00e+00	0.00e+00	0.00e+00	7.30e-01	1.75e-01	7.89e-02
 2.55163e+16	9.84e-01	1.58e-02	8.51e-08	0.00e+00	0.00e+00	0.00e+00	0.00e+00	0.00e+00	0.00e+00	7.30e-01	1.76e-01	7.90e-02
 2.55189e+16	9.85e-01	1.52e-02	7.62e-08	0.00e+00	0.00e+00	0.00e+00	0.00e+00	0.00e+00	0.00e+00	7.29e-01	1.76e-01	7.91e-02
 2.55214e+16	9.85e-01	1.46e-02	6.83e-08	0.00e+00	0.00e+00	0.00e+00	0.00e+00	0.00e+00	0.00e+00	7.29e-01	1.77e-01	7.92e-02
 2.55238e+16	9.86e-01	1.40e-02	6.13e-08	0.00e+00	0.00e+00	0.00e+00	0.00e+00	0.00e+00	0.00e+00	7.29e-01	1.78e-01	7.93e-02
 2.55261e+16	9.87e-01	1.34e-02	5.50e-08	0.00e+00	0.00e+00	0.00e+00	0.00e+00	0.00e+00	0.00e+00	7.28e-01	1.79e-01	7.94e-02
 2.55283e+16	9.87e-01	1.29e-02	4.95e-08	0.00e+00	0.00e+00	0.00e+00	0.00e+00	0.00e+00	0.00e+00	7.28e-01	1.80e-01	7.96e-02
 2.55304e+16	9.88e-01	1.24e-02	4.47e-08	0.00e+00	0.00e+00	0.00e+00	0.00e+00	0.00e+00	0.00e+00	7.28e-01	1.80e-01	7.97e-02
 2.55324e+16	9.88e-01	1.19e-02	4.06e-08	0.00e+00	0.00e+00	0.00e+00	0.00e+00	0.00e+00	0.00e+00	7.27e-01	1.81e-01	7.98e-02
 2.55342e+16	9.89e-01	1.15e-02	3.69e-08	0.00e+00	0.00e+00	0.00e+00	0.00e+00	0.00e+00	0.00e+00	7.26e-01	1.82e-01	8.00e-02
 2.55360e+16	9.89e-01	1.10e-02	3.36e-08	0.00e+00	0.00e+00	0.00e+00	0.00e+00	0.00e+00	0.00e+00	7.26e-01	1.83e-01	8.01e-02
 2.55377e+16	9.89e-01	1.06e-02	3.06e-08	0.00e+00	0.00e+00	0.00e+00	0.00e+00	0.00e+00	0.00e+00	7.25e-01	1.84e-01	8.02e-02
 2.55393e+16	9.90e-01	1.02e-02	2.80e-08	0.00e+00	0.00e+00	0.00e+00	0.00e+00	0.00e+00	0.00e+00	7.24e-01	1.85e-01	8.04e-02
 2.55408e+16	9.90e-01	9.88e-03	2.57e-08	0.00e+00	0.00e+00	0.00e+00	0.00e+00	0.00e+00	0.00e+00	7.24e-01	1.86e-01	8.05e-02
 2.55422e+16	9.90e-01	9.53e-03	2.36e-08	0.00e+00	0.00e+00	0.00e+00	0.00e+00	0.00e+00	0.00e+00	7.23e-01	1.87e-01	8.07e-02
 2.55435e+16	9.91e-01	9.19e-03	2.16e-08	0.00e+00	0.00e+00	0.00e+00	0.00e+00	0.00e+00	0.00e+00	7.22e-01	1.88e-01	8.09e-02
 2.55448e+16	9.91e-01	8.86e-03	1.99e-08	0.00e+00	0.00e+00	0.00e+00	0.00e+00	0.00e+00	0.00e+00	7.21e-01	1.89e-01	8.10e-02
 2.55460e+16	9.91e-01	8.54e-03	1.83e-08	0.00e+00	0.00e+00	0.00e+00	0.00e+00	0.00e+00	0.00e+00	7.20e-01	1.90e-01	8.12e-02
 2.55472e+16	9.92e-01	8.24e-03	1.68e-08	0.00e+00	0.00e+00	0.00e+00	0.00e+00	0.00e+00	0.00e+00	7.19e-01	1.91e-01	8.13e-02
 2.55483e+16	9.92e-01	7.93e-03	1.55e-08	0.00e+00	0.00e+00	0.00e+00	0.00e+00	0.00e+00	0.00e+00	7.18e-01	1.93e-01	8.15e-02
 2.55494e+16	9.92e-01	7.62e-03	1.42e-08	0.00e+00	0.00e+00	0.00e+00	0.00e+00	0.00e+00	0.00e+00	7.17e-01	1.94e-01	8.17e-02
