#depth	H	H+	H2
 2.71080e+11	1.11e-03	9.99e-01	3.51e-14
 1.62648e+12	1.11e-03	9.99e-01	3.51e-14
 7.04809e+12	1.11e-03	9.99e-01	3.51e-14
 2.87345e+13	1.11e-03	9.99e-01	3.53e-14
 6.86375e+13	1.10e-03	9.99e-01	3.54e-14
 1.20511e+14	1.10e-03	9.99e-01	3.55e-14
 1.87948e+14	1.10e-03	9.99e-01	3.58e-14
 2.75615e+14	1.10e-03	9.99e-01	3.61e-14
 3.89582e+14	1.09e-03	9.99e-01	3.66e-14
 5.37739e+14	1.09e-03	9.99e-01	3.72e-14
 7.30343e+14	1.10e-03	9.99e-01	3.80e-14
 9.80728e+14	1.10e-03	9.99e-01	3.91e-14
 1.30623e+15	1.11e-03	9.99e-01	4.06e-14
 1.72938e+15	1.12e-03	9.99e-01	4.26e-14
 2.27948e+15	1.15e-03	9.99e-01	4.54e-14
 2.99460e+15	1.19e-03	9.99e-01	4.94e-14
 3.92427e+15	1.25e-03	9.99e-01	5.49e-14
 5.07766e+15	1.35e-03	9.99e-01	6.25e-14
 6.22202e+15	1.45e-03	9.99e-01	7.10e-14
 7.16762e+15	1.56e-03	9.98e-01	7.91e-14
 7.97663e+15	1.67e-03	9.98e-01	8.68e-14
 8.77429e+15	1.80e-03	9.98e-01	9.51e-14
 9.65172e+15	2.00e-03	9.98e-01	1.11e-13
 1.03970e+16	2.18e-03	9.98e-01	1.23e-13
 1.09538e+16	2.31e-03	9.98e-01	1.32e-13
 1.15774e+16	2.48e-03	9.98e-01	1.42e-13
 1.23881e+16	2.72e-03	9.97e-01	1.57e-13
 1.32211e+16	3.03e-03	9.97e-01	1.76e-13
 1.38759e+16	3.31e-03	9.97e-01	1.94e-13
 1.44132e+16	3.57e-03	9.96e-01	2.10e-13
 1.50051e+16	3.88e-03	9.96e-01	2.27e-13
 1.56707e+16	4.28e-03	9.96e-01	2.51e-13
 1.62780e+16	4.72e-03	9.95e-01	2.76e-13
 1.67957e+16	5.15e-03	9.95e-01	3.02e-13
 1.73509e+16	5.66e-03	9.94e-01	3.30e-13
 1.79502e+16	6.32e-03	9.94e-01	3.68e-13
 1.84631e+16	7.00e-03	9.93e-01	4.07e-13
 1.88926e+16	7.66e-03	9.92e-01	4.45e-13
 1.93579e+16	8.48e-03	9.92e-01	4.91e-13
 1.98650e+16	9.55e-03	9.90e-01	5.53e-13
 2.02994e+16	1.07e-02	9.89e-01	6.21e-13
 2.06462e+16	1.18e-02	9.88e-01	6.86e-13
 2.10067e+16	1.31e-02	9.87e-01	7.63e-13
 2.13984e+16	1.49e-02	9.85e-01	8.69e-13
 2.17344e+16	1.68e-02	9.83e-01	9.84e-13
 2.20098e+16	1.87e-02	9.81e-01	1.10e-12
 2.23027e+16	2.11e-02	9.79e-01	1.25e-12
 2.26134e+16	2.44e-02	9.76e-01	1.46e-12
 2.28698e+16	2.79e-02	9.72e-01	1.69e-12
 2.30776e+16	3.14e-02	9.69e-01	1.93e-12
 2.32995e+16	3.62e-02	9.64e-01	2.26e-12
 2.35354e+16	4.29e-02	9.57e-01	2.73e-12
 2.37300e+16	5.04e-02	9.50e-01	3.28e-12
 2.38859e+16	5.83e-02	9.42e-01	3.88e-12
 2.40284e+16	6.77e-02	9.32e-01	4.63e-12
 2.41655e+16	7.95e-02	9.20e-01	5.61e-12
 2.42757e+16	9.19e-02	9.08e-01	6.70e-12
 2.43519e+16	1.03e-01	8.97e-01	7.68e-12
 2.44159e+16	1.14e-01	8.86e-01	8.72e-12
 2.44885e+16	1.28e-01	8.72e-01	1.02e-11
 2.45636e+16	1.47e-01	8.53e-01	1.22e-11
 2.46226e+16	1.65e-01	8.35e-01	1.43e-11
 2.46688e+16	1.82e-01	8.18e-01	1.64e-11
 2.47176e+16	2.03e-01	7.97e-01	1.91e-11
 2.47687e+16	2.29e-01	7.71e-01	2.28e-11
 2.48099e+16	2.53e-01	7.47e-01	2.67e-11
 2.48429e+16	2.76e-01	7.24e-01	3.06e-11
 2.48781e+16	3.03e-01	6.97e-01	3.57e-11
 2.49152e+16	3.35e-01	6.65e-01	4.24e-11
 2.49457e+16	3.64e-01	6.36e-01	4.93e-11
 2.49707e+16	3.91e-01	6.09e-01	5.63e-11
 2.49945e+16	4.18e-01	5.82e-01	6.42e-11
 2.50180e+16	4.46e-01	5.54e-01	7.35e-11
 2.50395e+16	4.73e-01	5.27e-01	8.35e-11
 2.50581e+16	4.97e-01	5.03e-01	9.36e-11
 2.50745e+16	5.20e-01	4.80e-01	1.04e-10
 2.50899e+16	5.41e-01	4.59e-01	1.15e-10
 2.51019e+16	5.58e-01	4.42e-01	1.24e-10
 2.51100e+16	5.69e-01	4.31e-01	1.30e-10
 2.51176e+16	5.80e-01	4.20e-01	1.38e-10
 2.51262e+16	5.92e-01	4.08e-01	1.46e-10
 2.51352e+16	6.05e-01	3.95e-01	1.56e-10
 2.51440e+16	6.18e-01	3.82e-01	1.66e-10
 2.51523e+16	6.30e-01	3.70e-01	1.76e-10
 2.51604e+16	6.42e-01	3.58e-01	1.86e-10
 2.51684e+16	6.54e-01	3.46e-01	1.98e-10
 2.51765e+16	6.66e-01	3.34e-01	2.10e-10
 2.51844e+16	6.77e-01	3.23e-01	2.23e-10
 2.51921e+16	6.88e-01	3.12e-01	2.36e-10
 2.51997e+16	6.99e-01	3.01e-01	2.51e-10
 2.52072e+16	7.10e-01	2.90e-01	2.66e-10
 2.52146e+16	7.21e-01	2.79e-01	2.82e-10
 2.52219e+16	7.31e-01	2.69e-01	3.00e-10
 2.52291e+16	7.41e-01	2.59e-01	3.18e-10
 2.52362e+16	7.51e-01	2.49e-01	3.37e-10
 2.52432e+16	7.61e-01	2.39e-01	3.58e-10
 2.52501e+16	7.70e-01	2.30e-01	3.80e-10
 2.52569e+16	7.79e-01	2.21e-01	4.03e-10
 2.52637e+16	7.88e-01	2.12e-01	4.28e-10
 2.52703e+16	7.97e-01	2.03e-01	4.54e-10
 2.52769e+16	8.05e-01	1.95e-01	4.82e-10
 2.52833e+16	8.13e-01	1.87e-01	5.12e-10
 2.52897e+16	8.21e-01	1.79e-01	5.44e-10
 2.52960e+16	8.28e-01	1.72e-01	5.78e-10
 2.53023e+16	8.35e-01	1.65e-01	6.14e-10
 2.53083e+16	8.42e-01	1.58e-01	6.53e-10
 2.53143e+16	8.49e-01	1.51e-01	6.93e-10
 2.53201e+16	8.55e-01	1.45e-01	7.36e-10
 2.53257e+16	8.61e-01	1.39e-01	7.81e-10
 2.53313e+16	8.67e-01	1.33e-01	8.29e-10
 2.53367e+16	8.73e-01	1.27e-01	8.80e-10
 2.53421e+16	8.78e-01	1.22e-01	9.34e-10
 2.53473e+16	8.83e-01	1.17e-01	9.91e-10
 2.53524e+16	8.88e-01	1.12e-01	1.05e-09
 2.53575e+16	8.92e-01	1.08e-01	1.12e-09
 2.53624e+16	8.97e-01	1.03e-01	1.18e-09
 2.53673e+16	9.01e-01	9.93e-02	1.26e-09
 2.53720e+16	9.05e-01	9.53e-02	1.33e-09
 2.53766e+16	9.08e-01	9.15e-02	1.41e-09
 2.53812e+16	9.12e-01	8.79e-02	1.50e-09
 2.53858e+16	9.16e-01	8.44e-02	1.59e-09
 2.53902e+16	9.19e-01	8.11e-02	1.69e-09
 2.53946e+16	9.22e-01	7.79e-02	1.79e-09
 2.53990e+16	9.25e-01	7.48e-02	1.91e-09
 2.54033e+16	9.28e-01	7.18e-02	2.02e-09
 2.54074e+16	9.31e-01	6.91e-02	2.15e-09
 2.54115e+16	9.34e-01	6.64e-02	2.28e-09
 2.54156e+16	9.36e-01	6.38e-02	2.42e-09
 2.54197e+16	9.39e-01	6.13e-02	2.57e-09
 2.54237e+16	9.41e-01	5.89e-02	2.74e-09
 2.54276e+16	9.43e-01	5.67e-02	2.90e-09
 2.54315e+16	9.45e-01	5.46e-02	3.08e-09
 2.54353e+16	9.47e-01	5.25e-02	3.28e-09
 2.54391e+16	9.50e-01	5.04e-02	3.49e-09
 2.54429e+16	9.51e-01	4.85e-02	3.71e-09
 2.54465e+16	9.53e-01	4.67e-02	3.96e-09
 2.54502e+16	9.55e-01	4.49e-02	4.20e-09
 2.54538e+16	9.57e-01	4.32e-02	4.48e-09
 2.54574e+16	9.58e-01	4.16e-02	4.77e-09
 2.54609e+16	9.60e-01	4.00e-02	5.08e-09
 2.54644e+16	9.61e-01	3.85e-02	5.42e-09
 2.54679e+16	9.63e-01	3.71e-02	5.79e-09
 2.54713e+16	9.64e-01	3.57e-02	6.18e-09
 2.54746e+16	9.66e-01	3.43e-02	6.61e-09
 2.54779e+16	9.67e-01	3.31e-02	7.06e-09
 2.54812e+16	9.68e-01	3.18e-02	7.56e-09
 2.54844e+16	9.69e-01	3.06e-02	8.10e-09
 2.54875e+16	9.71e-01	2.94e-02	8.66e-09
 2.54907e+16	9.72e-01	2.83e-02	9.34e-09
 2.54938e+16	9.73e-01	2.72e-02	1.00e-08
 2.54968e+16	9.74e-01	2.62e-02	1.08e-08
 2.54998e+16	9.75e-01	2.52e-02	1.16e-08
 2.55027e+16	9.76e-01	2.43e-02	1.25e-08
 2.55055e+16	9.77e-01	2.33e-02	1.36e-08
 2.55083e+16	9.78e-01	2.24e-02	1.47e-08
 2.55111e+16	9.78e-01	2.16e-02	1.60e-08
 2.55137e+16	9.79e-01	2.07e-02	1.74e-08
 2.55163e+16	9.80e-01	1.99e-02	1.89e-08
 2.55189e+16	9.81e-01	1.92e-02	2.07e-08
 2.55214e+16	9.82e-01	1.84e-02	2.27e-08
 2.55238e+16	9.82e-01	1.77e-02	2.49e-08
 2.55261e+16	9.83e-01	1.70e-02	2.75e-08
 2.55283e+16	9.84e-01	1.63e-02	3.03e-08
 2.55304e+16	9.84e-01	1.57e-02	3.34e-08
 2.55324e+16	9.85e-01	1.51e-02	3.68e-08
 2.55342e+16	9.85e-01	1.45e-02	4.05e-08
 2.55360e+16	9.86e-01	1.40e-02	4.47e-08
 2.55377e+16	9.86e-01	1.35e-02	4.92e-08
 2.55393e+16	9.87e-01	1.30e-02	5.42e-08
 2.55408e+16	9.87e-01	1.26e-02	5.96e-08
 2.55422e+16	9.88e-01	1.21e-02	6.55e-08
 2.55435e+16	9.88e-01	1.17e-02	7.16e-08
 2.55448e+16	9.89e-01	1.13e-02	7.90e-08
 2.55460e+16	9.89e-01	1.09e-02	8.66e-08
 2.55472e+16	9.89e-01	1.05e-02	9.47e-08
 2.55483e+16	9.90e-01	1.01e-02	1.03e-07
 2.55494e+16	9.90e-01	9.76e-03	1.13e-07
