#depth	He	He+	He+2
 2.71080e+11	1.63e-03	9.98e-01	5.12e-04
 1.62648e+12	1.63e-03	9.98e-01	5.12e-04
 7.04809e+12	1.63e-03	9.98e-01	5.08e-04
 2.87345e+13	1.64e-03	9.98e-01	4.90e-04
 6.86375e+13	1.64e-03	9.98e-01	4.78e-04
 1.20511e+14	1.65e-03	9.98e-01	4.49e-04
 1.87948e+14	1.66e-03	9.98e-01	4.03e-04
 2.75615e+14	1.67e-03	9.98e-01	3.42e-04
 3.89582e+14	1.68e-03	9.98e-01	2.69e-04
 5.37739e+14	1.70e-03	9.98e-01	1.92e-04
 7.30343e+14	1.73e-03	9.98e-01	1.22e-04
 9.80728e+14	1.76e-03	9.98e-01	6.61e-05
 1.30623e+15	1.80e-03	9.98e-01	2.98e-05
 1.72938e+15	1.85e-03	9.98e-01	1.07e-05
 2.27948e+15	1.91e-03	9.98e-01	2.92e-06
 2.99460e+15	2.01e-03	9.98e-01	5.84e-07
 3.92427e+15	2.13e-03	9.98e-01	8.36e-08
 5.07766e+15	2.28e-03	9.98e-01	9.50e-09
 6.22202e+15	2.44e-03	9.98e-01	1.38e-09
 7.16762e+15	2.59e-03	9.97e-01	3.61e-10
 7.97663e+15	2.72e-03	9.97e-01	1.38e-10
 8.77429e+15	2.86e-03	9.97e-01	6.43e-11
 9.65172e+15	3.10e-03	9.97e-01	3.56e-11
 1.03970e+16	3.27e-03	9.97e-01	2.50e-11
 1.09538e+16	3.40e-03	9.97e-01	2.17e-11
 1.15774e+16	3.54e-03	9.96e-01	2.00e-11
 1.23881e+16	3.75e-03	9.96e-01	1.86e-11
 1.32211e+16	3.98e-03	9.96e-01	1.82e-11
 1.38759e+16	4.18e-03	9.96e-01	1.82e-11
 1.44132e+16	4.36e-03	9.96e-01	1.84e-11
 1.50051e+16	4.58e-03	9.95e-01	1.86e-11
 1.56707e+16	4.84e-03	9.95e-01	1.90e-11
 1.62780e+16	5.11e-03	9.95e-01	1.95e-11
 1.67957e+16	5.37e-03	9.95e-01	2.00e-11
 1.73509e+16	5.67e-03	9.94e-01	2.05e-11
 1.79502e+16	6.04e-03	9.94e-01	2.12e-11
 1.84631e+16	6.42e-03	9.94e-01	2.19e-11
 1.88926e+16	6.77e-03	9.93e-01	2.28e-11
 1.93579e+16	7.20e-03	9.93e-01	2.36e-11
 1.98650e+16	7.75e-03	9.92e-01	2.44e-11
 2.02994e+16	8.34e-03	9.92e-01	2.44e-11
 2.06462e+16	8.86e-03	9.91e-01	2.53e-11
 2.10067e+16	9.51e-03	9.90e-01	2.61e-11
 2.13984e+16	1.03e-02	9.90e-01	2.73e-11
 2.17344e+16	1.12e-02	9.89e-01	2.87e-11
 2.20098e+16	1.20e-02	9.88e-01	3.00e-11
 2.23027e+16	1.30e-02	9.87e-01	3.14e-11
 2.26134e+16	1.44e-02	9.86e-01	3.32e-11
 2.28698e+16	1.58e-02	9.84e-01	3.53e-11
 2.30776e+16	1.72e-02	9.83e-01	3.76e-11
 2.32995e+16	1.90e-02	9.81e-01	4.02e-11
 2.35354e+16	2.14e-02	9.79e-01	4.38e-11
 2.37300e+16	2.40e-02	9.76e-01	4.78e-11
 2.38859e+16	2.67e-02	9.73e-01	5.26e-11
 2.40284e+16	2.98e-02	9.70e-01	5.85e-11
 2.41655e+16	3.36e-02	9.66e-01	6.55e-11
 2.42757e+16	3.74e-02	9.63e-01	7.34e-11
 2.43519e+16	4.06e-02	9.59e-01	8.05e-11
 2.44159e+16	4.39e-02	9.56e-01	8.79e-11
 2.44885e+16	4.84e-02	9.52e-01	9.84e-11
 2.45636e+16	5.39e-02	9.46e-01	1.13e-10
 2.46226e+16	5.93e-02	9.41e-01	1.28e-10
 2.46688e+16	6.43e-02	9.36e-01	1.42e-10
 2.47176e+16	7.07e-02	9.29e-01	1.61e-10
 2.47687e+16	7.86e-02	9.21e-01	1.87e-10
 2.48099e+16	8.63e-02	9.14e-01	2.13e-10
 2.48429e+16	9.36e-02	9.06e-01	2.38e-10
 2.48781e+16	1.03e-01	8.97e-01	2.70e-10
 2.49152e+16	1.14e-01	8.86e-01	3.12e-10
 2.49457e+16	1.25e-01	8.75e-01	3.54e-10
 2.49707e+16	1.36e-01	8.64e-01	3.94e-10
 2.49945e+16	1.47e-01	8.53e-01	4.38e-10
 2.50180e+16	1.60e-01	8.40e-01	4.88e-10
 2.50395e+16	1.73e-01	8.27e-01	5.40e-10
 2.50581e+16	1.85e-01	8.15e-01	5.90e-10
 2.50745e+16	1.98e-01	8.02e-01	6.38e-10
 2.50899e+16	2.10e-01	7.90e-01	6.87e-10
 2.51019e+16	2.21e-01	7.79e-01	7.28e-10
 2.51100e+16	2.28e-01	7.72e-01	7.57e-10
 2.51176e+16	2.36e-01	7.64e-01	7.84e-10
 2.51262e+16	2.45e-01	7.55e-01	8.17e-10
 2.51352e+16	2.55e-01	7.45e-01	8.53e-10
 2.51440e+16	2.65e-01	7.35e-01	8.89e-10
 2.51523e+16	2.75e-01	7.25e-01	9.25e-10
 2.51604e+16	2.85e-01	7.15e-01	9.61e-10
 2.51684e+16	2.95e-01	7.05e-01	9.98e-10
 2.51765e+16	3.06e-01	6.94e-01	1.04e-09
 2.51844e+16	3.17e-01	6.83e-01	1.07e-09
 2.51921e+16	3.29e-01	6.71e-01	1.11e-09
 2.51997e+16	3.40e-01	6.60e-01	1.15e-09
 2.52072e+16	3.52e-01	6.48e-01	1.19e-09
 2.52146e+16	3.64e-01	6.36e-01	1.23e-09
 2.52219e+16	3.77e-01	6.23e-01	1.27e-09
 2.52291e+16	3.90e-01	6.10e-01	1.31e-09
 2.52362e+16	4.03e-01	5.97e-01	1.35e-09
 2.52432e+16	4.16e-01	5.84e-01	1.38e-09
 2.52501e+16	4.29e-01	5.71e-01	1.42e-09
 2.52569e+16	4.43e-01	5.57e-01	1.46e-09
 2.52637e+16	4.56e-01	5.44e-01	1.50e-09
 2.52703e+16	4.70e-01	5.30e-01	1.53e-09
 2.52769e+16	4.84e-01	5.16e-01	1.57e-09
 2.52833e+16	4.98e-01	5.02e-01	1.60e-09
 2.52897e+16	5.12e-01	4.88e-01	1.64e-09
 2.52960e+16	5.26e-01	4.74e-01	1.67e-09
 2.53023e+16	5.40e-01	4.60e-01	1.70e-09
 2.53083e+16	5.55e-01	4.45e-01	1.73e-09
 2.53143e+16	5.68e-01	4.32e-01	1.75e-09
 2.53201e+16	5.82e-01	4.18e-01	1.78e-09
 2.53257e+16	5.95e-01	4.05e-01	1.80e-09
 2.53313e+16	6.09e-01	3.91e-01	1.82e-09
 2.53367e+16	6.22e-01	3.78e-01	1.84e-09
 2.53421e+16	6.35e-01	3.65e-01	1.86e-09
 2.53473e+16	6.47e-01	3.53e-01	1.87e-09
 2.53524e+16	6.59e-01	3.41e-01	1.89e-09
 2.53575e+16	6.72e-01	3.28e-01	1.90e-09
 2.53624e+16	6.83e-01	3.17e-01	1.91e-09
 2.53673e+16	6.95e-01	3.05e-01	1.92e-09
 2.53720e+16	7.06e-01	2.94e-01	1.92e-09
 2.53766e+16	7.17e-01	2.83e-01	1.93e-09
 2.53812e+16	7.28e-01	2.72e-01	1.93e-09
 2.53858e+16	7.38e-01	2.62e-01	1.93e-09
 2.53902e+16	7.48e-01	2.52e-01	1.93e-09
 2.53946e+16	7.58e-01	2.42e-01	1.93e-09
 2.53990e+16	7.68e-01	2.32e-01	1.92e-09
 2.54033e+16	7.77e-01	2.23e-01	1.92e-09
 2.54074e+16	7.86e-01	2.14e-01	1.91e-09
 2.54115e+16	7.95e-01	2.05e-01	1.90e-09
 2.54156e+16	8.03e-01	1.97e-01	1.89e-09
 2.54197e+16	8.12e-01	1.88e-01	1.88e-09
 2.54237e+16	8.20e-01	1.80e-01	1.87e-09
 2.54276e+16	8.27e-01	1.73e-01	1.86e-09
 2.54315e+16	8.35e-01	1.65e-01	1.84e-09
 2.54353e+16	8.42e-01	1.58e-01	1.83e-09
 2.54391e+16	8.49e-01	1.51e-01	1.81e-09
 2.54429e+16	8.55e-01	1.45e-01	1.79e-09
 2.54465e+16	8.62e-01	1.38e-01	1.77e-09
 2.54502e+16	8.68e-01	1.32e-01	1.75e-09
 2.54538e+16	8.74e-01	1.26e-01	1.73e-09
 2.54574e+16	8.80e-01	1.20e-01	1.71e-09
 2.54609e+16	8.85e-01	1.15e-01	1.69e-09
 2.54644e+16	8.90e-01	1.10e-01	1.66e-09
 2.54679e+16	8.96e-01	1.04e-01	1.64e-09
 2.54713e+16	9.00e-01	9.97e-02	1.62e-09
 2.54746e+16	9.05e-01	9.50e-02	1.59e-09
 2.54779e+16	9.09e-01	9.06e-02	1.57e-09
 2.54812e+16	9.14e-01	8.62e-02	1.54e-09
 2.54844e+16	9.18e-01	8.22e-02	1.51e-09
 2.54875e+16	9.22e-01	7.82e-02	1.49e-09
 2.54907e+16	9.25e-01	7.45e-02	1.46e-09
 2.54938e+16	9.29e-01	7.09e-02	1.43e-09
 2.54968e+16	9.33e-01	6.75e-02	1.40e-09
 2.54998e+16	9.36e-01	6.42e-02	1.37e-09
 2.55027e+16	9.39e-01	6.12e-02	1.35e-09
 2.55055e+16	9.42e-01	5.82e-02	1.32e-09
 2.55083e+16	9.45e-01	5.53e-02	1.29e-09
 2.55111e+16	9.47e-01	5.27e-02	1.26e-09
 2.55137e+16	9.50e-01	5.01e-02	1.23e-09
 2.55163e+16	9.52e-01	4.77e-02	1.20e-09
 2.55189e+16	9.55e-01	4.54e-02	1.17e-09
 2.55214e+16	9.57e-01	4.33e-02	1.15e-09
 2.55238e+16	9.59e-01	4.12e-02	1.12e-09
 2.55261e+16	9.61e-01	3.93e-02	1.09e-09
 2.55283e+16	9.63e-01	3.75e-02	1.06e-09
 2.55304e+16	9.64e-01	3.58e-02	1.03e-09
 2.55324e+16	9.66e-01	3.43e-02	1.01e-09
 2.55342e+16	9.67e-01	3.28e-02	9.82e-10
 2.55360e+16	9.69e-01	3.15e-02	9.57e-10
 2.55377e+16	9.70e-01	3.02e-02	9.32e-10
 2.55393e+16	9.71e-01	2.91e-02	9.08e-10
 2.55408e+16	9.72e-01	2.80e-02	8.84e-10
 2.55422e+16	9.73e-01	2.69e-02	8.60e-10
 2.55435e+16	9.74e-01	2.59e-02	8.36e-10
 2.55448e+16	9.75e-01	2.50e-02	8.13e-10
 2.55460e+16	9.76e-01	2.41e-02	7.90e-10
 2.55472e+16	9.77e-01	2.32e-02	7.67e-10
 2.55483e+16	9.78e-01	2.24e-02	7.44e-10
 2.55494e+16	9.78e-01	2.16e-02	7.19e-10
