#depth	O	O+	O+2	O+3	O+4	O+5	O+6	O+7	O+8	O[1]	O[2]	O[3]
 4.83187e+11	5.02e-06	9.94e-03	9.64e-01	2.65e-02	1.05e-06	0.00e+00	0.00e+00	0.00e+00	0.00e+00	3.47e-06	1.05e-06	5.00e-07
 2.89912e+12	5.02e-06	9.93e-03	9.64e-01	2.64e-02	1.05e-06	0.00e+00	0.00e+00	0.00e+00	0.00e+00	3.47e-06	1.05e-06	4.99e-07
 1.25629e+13	5.02e-06	9.94e-03	9.64e-01	2.61e-02	1.03e-06	0.00e+00	0.00e+00	0.00e+00	0.00e+00	3.47e-06	1.05e-06	4.99e-07
 5.12178e+13	5.04e-06	9.96e-03	9.65e-01	2.47e-02	9.49e-07	0.00e+00	0.00e+00	0.00e+00	0.00e+00	3.48e-06	1.06e-06	5.01e-07
 1.22343e+14	5.03e-06	9.98e-03	9.67e-01	2.28e-02	8.41e-07	0.00e+00	0.00e+00	0.00e+00	0.00e+00	3.47e-06	1.05e-06	5.01e-07
 2.14806e+14	5.04e-06	1.00e-02	9.69e-01	2.06e-02	7.16e-07	0.00e+00	0.00e+00	0.00e+00	0.00e+00	3.48e-06	1.06e-06	5.02e-07
 3.35007e+14	5.07e-06	1.01e-02	9.72e-01	1.79e-02	5.79e-07	0.00e+00	0.00e+00	0.00e+00	0.00e+00	3.50e-06	1.06e-06	5.05e-07
 4.91269e+14	5.10e-06	1.02e-02	9.75e-01	1.48e-02	4.37e-07	0.00e+00	0.00e+00	0.00e+00	0.00e+00	3.52e-06	1.07e-06	5.08e-07
 6.94409e+14	5.16e-06	1.03e-02	9.78e-01	1.15e-02	3.01e-07	0.00e+00	0.00e+00	0.00e+00	0.00e+00	3.56e-06	1.08e-06	5.14e-07
 9.58492e+14	5.24e-06	1.04e-02	9.81e-01	8.27e-03	1.85e-07	0.00e+00	0.00e+00	0.00e+00	0.00e+00	3.62e-06	1.10e-06	5.22e-07
 1.30180e+15	5.35e-06	1.05e-02	9.84e-01	5.34e-03	0.00e+00	0.00e+00	0.00e+00	0.00e+00	0.00e+00	3.70e-06	1.12e-06	5.33e-07
 1.74810e+15	5.51e-06	1.07e-02	9.86e-01	3.03e-03	0.00e+00	0.00e+00	0.00e+00	0.00e+00	0.00e+00	3.81e-06	1.15e-06	5.49e-07
 2.32829e+15	5.73e-06	1.10e-02	9.88e-01	1.47e-03	0.00e+00	0.00e+00	0.00e+00	0.00e+00	0.00e+00	3.96e-06	1.20e-06	5.71e-07
 3.08253e+15	6.04e-06	1.13e-02	9.88e-01	6.05e-04	0.00e+00	0.00e+00	0.00e+00	0.00e+00	0.00e+00	4.18e-06	1.26e-06	6.02e-07
 4.06305e+15	6.50e-06	1.17e-02	9.88e-01	2.15e-04	0.00e+00	0.00e+00	0.00e+00	0.00e+00	0.00e+00	4.49e-06	1.35e-06	6.47e-07
 5.33773e+15	7.16e-06	1.22e-02	9.88e-01	7.43e-05	0.00e+00	0.00e+00	0.00e+00	0.00e+00	0.00e+00	4.96e-06	1.49e-06	7.14e-07
 6.99481e+15	8.20e-06	1.30e-02	9.87e-01	3.29e-05	0.00e+00	0.00e+00	0.00e+00	0.00e+00	0.00e+00	5.68e-06	1.71e-06	8.17e-07
 9.00519e+15	9.68e-06	1.40e-02	9.86e-01	2.17e-05	0.00e+00	0.00e+00	0.00e+00	0.00e+00	0.00e+00	6.70e-06	2.01e-06	9.65e-07
 1.11527e+16	1.16e-05	1.51e-02	9.85e-01	1.77e-05	0.00e+00	0.00e+00	0.00e+00	0.00e+00	0.00e+00	8.05e-06	2.42e-06	1.16e-06
 1.33003e+16	1.42e-05	1.63e-02	9.84e-01	1.55e-05	0.00e+00	0.00e+00	0.00e+00	0.00e+00	0.00e+00	9.79e-06	2.94e-06	1.41e-06
 1.50927e+16	1.67e-05	1.74e-02	9.83e-01	1.41e-05	0.00e+00	0.00e+00	0.00e+00	0.00e+00	0.00e+00	1.16e-05	3.47e-06	1.66e-06
 1.66020e+16	1.95e-05	1.86e-02	9.81e-01	1.32e-05	0.00e+00	0.00e+00	0.00e+00	0.00e+00	0.00e+00	1.35e-05	4.07e-06	1.95e-06
 1.82622e+16	2.34e-05	1.99e-02	9.80e-01	1.22e-05	0.00e+00	0.00e+00	0.00e+00	0.00e+00	0.00e+00	1.61e-05	4.87e-06	2.33e-06
 2.00884e+16	2.87e-05	2.16e-02	9.78e-01	1.13e-05	0.00e+00	0.00e+00	0.00e+00	0.00e+00	0.00e+00	1.98e-05	6.00e-06	2.86e-06
 2.20512e+16	3.64e-05	2.37e-02	9.76e-01	1.04e-05	0.00e+00	0.00e+00	0.00e+00	0.00e+00	0.00e+00	2.51e-05	7.62e-06	3.63e-06
 2.36412e+16	4.46e-05	2.57e-02	9.74e-01	9.75e-06	0.00e+00	0.00e+00	0.00e+00	0.00e+00	0.00e+00	3.08e-05	9.35e-06	4.44e-06
 2.46329e+16	5.10e-05	2.72e-02	9.73e-01	9.30e-06	0.00e+00	0.00e+00	0.00e+00	0.00e+00	0.00e+00	3.52e-05	1.07e-05	5.08e-06
 2.55714e+16	5.83e-05	2.87e-02	9.71e-01	8.91e-06	0.00e+00	0.00e+00	0.00e+00	0.00e+00	0.00e+00	4.02e-05	1.23e-05	5.81e-06
 2.67913e+16	7.00e-05	3.09e-02	9.69e-01	8.44e-06	0.00e+00	0.00e+00	0.00e+00	0.00e+00	0.00e+00	4.82e-05	1.47e-05	6.97e-06
 2.80186e+16	8.47e-05	3.35e-02	9.66e-01	7.93e-06	0.00e+00	0.00e+00	0.00e+00	0.00e+00	0.00e+00	5.84e-05	1.79e-05	8.43e-06
 2.89578e+16	9.88e-05	3.58e-02	9.64e-01	7.51e-06	0.00e+00	0.00e+00	0.00e+00	0.00e+00	0.00e+00	6.80e-05	2.09e-05	9.83e-06
 2.97416e+16	1.13e-04	3.79e-02	9.62e-01	7.16e-06	0.00e+00	0.00e+00	0.00e+00	0.00e+00	0.00e+00	7.79e-05	2.39e-05	1.13e-05
 3.06210e+16	1.33e-04	4.06e-02	9.59e-01	6.82e-06	0.00e+00	0.00e+00	0.00e+00	0.00e+00	0.00e+00	9.13e-05	2.80e-05	1.32e-05
 3.15782e+16	1.59e-04	4.40e-02	9.56e-01	6.38e-06	0.00e+00	0.00e+00	0.00e+00	0.00e+00	0.00e+00	1.09e-04	3.35e-05	1.58e-05
 3.24151e+16	1.87e-04	4.74e-02	9.52e-01	6.01e-06	0.00e+00	0.00e+00	0.00e+00	0.00e+00	0.00e+00	1.29e-04	3.96e-05	1.86e-05
 3.31325e+16	2.17e-04	5.07e-02	9.49e-01	5.69e-06	0.00e+00	0.00e+00	0.00e+00	0.00e+00	0.00e+00	1.50e-04	4.59e-05	2.15e-05
 3.38581e+16	2.54e-04	5.44e-02	9.45e-01	5.35e-06	0.00e+00	0.00e+00	0.00e+00	0.00e+00	0.00e+00	1.75e-04	5.37e-05	2.52e-05
 3.45892e+16	3.00e-04	5.88e-02	9.41e-01	5.00e-06	0.00e+00	0.00e+00	0.00e+00	0.00e+00	0.00e+00	2.07e-04	6.33e-05	2.97e-05
 3.52473e+16	3.50e-04	6.32e-02	9.36e-01	4.70e-06	0.00e+00	0.00e+00	0.00e+00	0.00e+00	0.00e+00	2.41e-04	7.39e-05	3.46e-05
 3.58395e+16	4.05e-04	6.76e-02	9.32e-01	4.43e-06	0.00e+00	0.00e+00	0.00e+00	0.00e+00	0.00e+00	2.79e-04	8.55e-05	4.00e-05
 3.63725e+16	4.64e-04	7.21e-02	9.27e-01	4.18e-06	0.00e+00	0.00e+00	0.00e+00	0.00e+00	0.00e+00	3.20e-04	9.79e-05	4.58e-05
 3.68522e+16	5.26e-04	7.66e-02	9.23e-01	3.95e-06	0.00e+00	0.00e+00	0.00e+00	0.00e+00	0.00e+00	3.63e-04	1.11e-04	5.20e-05
 3.72853e+16	5.92e-04	8.11e-02	9.18e-01	3.74e-06	0.00e+00	0.00e+00	0.00e+00	0.00e+00	0.00e+00	4.08e-04	1.25e-04	5.85e-05
 3.76970e+16	6.65e-04	8.58e-02	9.14e-01	3.55e-06	0.00e+00	0.00e+00	0.00e+00	0.00e+00	0.00e+00	4.58e-04	1.40e-04	6.56e-05
 3.81087e+16	7.49e-04	9.09e-02	9.08e-01	3.35e-06	0.00e+00	0.00e+00	0.00e+00	0.00e+00	0.00e+00	5.17e-04	1.58e-04	7.39e-05
 3.85204e+16	8.47e-04	9.65e-02	9.03e-01	3.15e-06	0.00e+00	0.00e+00	0.00e+00	0.00e+00	0.00e+00	5.84e-04	1.79e-04	8.35e-05
 3.89321e+16	9.62e-04	1.03e-01	8.96e-01	2.96e-06	0.00e+00	0.00e+00	0.00e+00	0.00e+00	0.00e+00	6.64e-04	2.03e-04	9.49e-05
 3.93438e+16	1.10e-03	1.10e-01	8.89e-01	2.77e-06	0.00e+00	0.00e+00	0.00e+00	0.00e+00	0.00e+00	7.58e-04	2.32e-04	1.08e-04
 3.97555e+16	1.26e-03	1.17e-01	8.81e-01	2.58e-06	0.00e+00	0.00e+00	0.00e+00	0.00e+00	0.00e+00	8.69e-04	2.66e-04	1.24e-04
 4.01672e+16	1.45e-03	1.26e-01	8.73e-01	2.39e-06	0.00e+00	0.00e+00	0.00e+00	0.00e+00	0.00e+00	1.00e-03	3.06e-04	1.43e-04
 4.05789e+16	1.69e-03	1.36e-01	8.63e-01	2.20e-06	0.00e+00	0.00e+00	0.00e+00	0.00e+00	0.00e+00	1.17e-03	3.56e-04	1.66e-04
 4.09772e+16	1.97e-03	1.46e-01	8.52e-01	2.02e-06	0.00e+00	0.00e+00	0.00e+00	0.00e+00	0.00e+00	1.36e-03	4.14e-04	1.93e-04
