#depth	He	He+	He+2
 2.61838e+12	5.70e-05	1.07e-01	8.93e-01
 1.57103e+13	5.70e-05	1.07e-01	8.93e-01
 6.80780e+13	5.71e-05	1.07e-01	8.93e-01
 2.77549e+14	5.79e-05	1.08e-01	8.91e-01
 6.62975e+14	5.81e-05	1.09e-01	8.91e-01
 1.16403e+15	5.92e-05	1.10e-01	8.90e-01
 1.81540e+15	6.13e-05	1.13e-01	8.87e-01
 2.66218e+15	6.48e-05	1.18e-01	8.82e-01
 3.76299e+15	7.06e-05	1.26e-01	8.74e-01
 5.19405e+15	8.03e-05	1.39e-01	8.60e-01
 7.05443e+15	9.75e-05	1.63e-01	8.37e-01
 8.93647e+15	1.21e-04	1.97e-01	8.03e-01
 1.04074e+16	1.49e-04	2.34e-01	7.66e-01
 1.15873e+16	1.79e-04	2.75e-01	7.25e-01
 1.26346e+16	2.13e-04	3.21e-01	6.79e-01
 1.36392e+16	2.56e-04	3.75e-01	6.25e-01
 1.46150e+16	3.07e-04	4.40e-01	5.60e-01
 1.55560e+16	3.66e-04	5.13e-01	4.87e-01
 1.64793e+16	4.34e-04	5.92e-01	4.07e-01
 1.73157e+16	5.01e-04	6.68e-01	3.31e-01
 1.80528e+16	5.60e-04	7.33e-01	2.67e-01
 1.88852e+16	6.24e-04	7.98e-01	2.01e-01
 1.99673e+16	6.97e-04	8.66e-01	1.33e-01
 2.13739e+16	7.71e-04	9.25e-01	7.47e-02
 2.32026e+16	8.36e-04	9.65e-01	3.44e-02
 2.54481e+16	8.96e-04	9.85e-01	1.37e-02
 2.79929e+16	9.52e-04	9.94e-01	5.12e-03
 3.07921e+16	1.01e-03	9.97e-01	1.86e-03
 3.38714e+16	1.07e-03	9.98e-01	6.57e-04
 3.72585e+16	1.15e-03	9.99e-01	2.24e-04
 4.09843e+16	1.25e-03	9.99e-01	7.50e-05
 4.47284e+16	1.35e-03	9.99e-01	2.74e-05
 4.81340e+16	1.46e-03	9.99e-01	1.20e-05
 5.04571e+16	1.55e-03	9.98e-01	7.39e-06
 5.16164e+16	1.60e-03	9.98e-01	5.86e-06
 5.26502e+16	1.64e-03	9.98e-01	4.71e-06
 5.39941e+16	1.70e-03	9.98e-01	3.58e-06
 5.57411e+16	1.79e-03	9.98e-01	2.56e-06
 5.75094e+16	1.88e-03	9.98e-01	1.89e-06
 5.88753e+16	1.96e-03	9.98e-01	1.51e-06
 6.00195e+16	2.04e-03	9.98e-01	1.25e-06
 6.13057e+16	2.13e-03	9.98e-01	1.01e-06
 6.27394e+16	2.24e-03	9.98e-01	8.15e-07
 6.40433e+16	2.34e-03	9.98e-01	6.75e-07
 6.51813e+16	2.45e-03	9.98e-01	5.74e-07
 6.63750e+16	2.57e-03	9.97e-01	4.83e-07
 6.76159e+16	2.71e-03	9.97e-01	4.08e-07
 6.87271e+16	2.84e-03	9.97e-01	3.53e-07
 6.97272e+16	2.97e-03	9.97e-01	3.10e-07
 7.06329e+16	3.11e-03	9.97e-01	2.76e-07
 7.14559e+16	3.24e-03	9.97e-01	2.49e-07
 7.22437e+16	3.37e-03	9.97e-01	2.26e-07
 7.30315e+16	3.52e-03	9.96e-01	2.04e-07
 7.38194e+16	3.68e-03	9.96e-01	1.86e-07
 7.46072e+16	3.85e-03	9.96e-01	1.69e-07
 7.53951e+16	4.04e-03	9.96e-01	1.53e-07
 7.61829e+16	4.25e-03	9.96e-01	1.40e-07
 7.69708e+16	4.49e-03	9.96e-01	1.27e-07
 7.77586e+16	4.74e-03	9.95e-01	1.16e-07
 7.84684e+16	5.00e-03	9.95e-01	1.07e-07
