#depth	O	O+	O+2	O+3	O+4	O+5	O+6	O+7	O+8	O[1]	O[2]	O[3]
 2.61838e+12	6.10e-07	1.03e-03	2.20e-01	7.42e-01	3.67e-02	1.04e-06	0.00e+00	0.00e+00	0.00e+00	4.54e-07	1.01e-07	5.54e-08
 1.57103e+13	6.09e-07	1.03e-03	2.20e-01	7.42e-01	3.67e-02	1.04e-06	0.00e+00	0.00e+00	0.00e+00	4.52e-07	1.01e-07	5.53e-08
 6.80780e+13	6.10e-07	1.03e-03	2.21e-01	7.41e-01	3.65e-02	1.03e-06	0.00e+00	0.00e+00	0.00e+00	4.53e-07	1.01e-07	5.54e-08
 2.77549e+14	6.15e-07	1.05e-03	2.25e-01	7.38e-01	3.57e-02	9.98e-07	0.00e+00	0.00e+00	0.00e+00	4.57e-07	1.02e-07	5.59e-08
 6.62975e+14	6.01e-07	1.05e-03	2.30e-01	7.34e-01	3.44e-02	9.53e-07	0.00e+00	0.00e+00	0.00e+00	4.46e-07	9.95e-08	5.46e-08
 1.16403e+15	6.02e-07	1.07e-03	2.38e-01	7.28e-01	3.28e-02	8.94e-07	0.00e+00	0.00e+00	0.00e+00	4.47e-07	9.97e-08	5.48e-08
 1.81540e+15	6.14e-07	1.11e-03	2.49e-01	7.19e-01	3.09e-02	8.20e-07	0.00e+00	0.00e+00	0.00e+00	4.56e-07	1.02e-07	5.59e-08
 2.66218e+15	6.38e-07	1.17e-03	2.64e-01	7.06e-01	2.84e-02	7.31e-07	0.00e+00	0.00e+00	0.00e+00	4.74e-07	1.06e-07	5.82e-08
 3.76299e+15	6.84e-07	1.27e-03	2.86e-01	6.87e-01	2.53e-02	6.25e-07	0.00e+00	0.00e+00	0.00e+00	5.08e-07	1.13e-07	6.24e-08
 5.19405e+15	7.65e-07	1.42e-03	3.18e-01	6.58e-01	2.16e-02	5.02e-07	0.00e+00	0.00e+00	0.00e+00	5.68e-07	1.27e-07	6.99e-08
 7.05443e+15	9.15e-07	1.68e-03	3.69e-01	6.13e-01	1.71e-02	3.66e-07	0.00e+00	0.00e+00	0.00e+00	6.80e-07	1.51e-07	8.37e-08
 8.93647e+15	1.09e-06	1.99e-03	4.29e-01	5.56e-01	1.31e-02	2.58e-07	0.00e+00	0.00e+00	0.00e+00	8.08e-07	1.80e-07	9.97e-08
 1.04074e+16	1.29e-06	2.33e-03	4.87e-01	5.00e-01	1.01e-02	1.86e-07	0.00e+00	0.00e+00	0.00e+00	9.56e-07	2.13e-07	1.18e-07
 1.15873e+16	1.51e-06	2.66e-03	5.42e-01	4.48e-01	7.93e-03	1.36e-07	0.00e+00	0.00e+00	0.00e+00	1.12e-06	2.49e-07	1.38e-07
 1.26346e+16	1.76e-06	3.03e-03	5.96e-01	3.95e-01	6.13e-03	0.00e+00	0.00e+00	0.00e+00	0.00e+00	1.31e-06	2.90e-07	1.62e-07
 1.36392e+16	2.06e-06	3.43e-03	6.51e-01	3.41e-01	4.59e-03	0.00e+00	0.00e+00	0.00e+00	0.00e+00	1.53e-06	3.40e-07	1.89e-07
 1.46150e+16	2.41e-06	3.88e-03	7.08e-01	2.85e-01	3.29e-03	0.00e+00	0.00e+00	0.00e+00	0.00e+00	1.79e-06	3.98e-07	2.22e-07
 1.55560e+16	2.81e-06	4.36e-03	7.63e-01	2.31e-01	2.26e-03	0.00e+00	0.00e+00	0.00e+00	0.00e+00	2.08e-06	4.63e-07	2.58e-07
 1.64793e+16	3.26e-06	4.86e-03	8.14e-01	1.80e-01	1.46e-03	0.00e+00	0.00e+00	0.00e+00	0.00e+00	2.42e-06	5.36e-07	3.00e-07
 1.73157e+16	3.70e-06	5.32e-03	8.55e-01	1.39e-01	9.34e-04	0.00e+00	0.00e+00	0.00e+00	0.00e+00	2.75e-06	6.08e-07	3.41e-07
 1.80528e+16	4.11e-06	5.71e-03	8.87e-01	1.07e-01	6.02e-04	0.00e+00	0.00e+00	0.00e+00	0.00e+00	3.06e-06	6.74e-07	3.79e-07
 1.88852e+16	4.62e-06	6.14e-03	9.16e-01	7.75e-02	3.49e-04	0.00e+00	0.00e+00	0.00e+00	0.00e+00	3.44e-06	7.55e-07	4.25e-07
 1.99673e+16	5.26e-06	6.64e-03	9.44e-01	4.97e-02	1.64e-04	0.00e+00	0.00e+00	0.00e+00	0.00e+00	3.92e-06	8.58e-07	4.84e-07
 2.13739e+16	6.05e-06	7.18e-03	9.66e-01	2.72e-02	5.86e-05	0.00e+00	0.00e+00	0.00e+00	0.00e+00	4.51e-06	9.85e-07	5.57e-07
 2.32026e+16	7.03e-06	7.73e-03	9.80e-01	1.25e-02	1.51e-05	0.00e+00	0.00e+00	0.00e+00	0.00e+00	5.24e-06	1.14e-06	6.46e-07
 2.54481e+16	8.25e-06	8.32e-03	9.87e-01	5.01e-03	2.98e-06	0.00e+00	0.00e+00	0.00e+00	0.00e+00	6.15e-06	1.34e-06	7.59e-07
 2.79929e+16	9.78e-06	8.96e-03	9.89e-01	1.92e-03	5.18e-07	0.00e+00	0.00e+00	0.00e+00	0.00e+00	7.29e-06	1.59e-06	9.00e-07
 3.07921e+16	1.18e-05	9.69e-03	9.90e-01	7.36e-04	0.00e+00	0.00e+00	0.00e+00	0.00e+00	0.00e+00	8.78e-06	1.92e-06	1.08e-06
 3.38714e+16	1.46e-05	1.06e-02	9.89e-01	2.98e-04	0.00e+00	0.00e+00	0.00e+00	0.00e+00	0.00e+00	1.08e-05	2.37e-06	1.34e-06
 3.72585e+16	1.85e-05	1.17e-02	9.88e-01	1.39e-04	0.00e+00	0.00e+00	0.00e+00	0.00e+00	0.00e+00	1.38e-05	3.04e-06	1.71e-06
 4.09843e+16	2.46e-05	1.32e-02	9.87e-01	8.16e-05	0.00e+00	0.00e+00	0.00e+00	0.00e+00	0.00e+00	1.83e-05	4.04e-06	2.26e-06
 4.47284e+16	3.33e-05	1.51e-02	9.85e-01	6.01e-05	0.00e+00	0.00e+00	0.00e+00	0.00e+00	0.00e+00	2.47e-05	5.48e-06	3.06e-06
 4.81340e+16	4.48e-05	1.72e-02	9.83e-01	5.01e-05	0.00e+00	0.00e+00	0.00e+00	0.00e+00	0.00e+00	3.33e-05	7.38e-06	4.12e-06
 5.04571e+16	5.60e-05	1.90e-02	9.81e-01	4.53e-05	0.00e+00	0.00e+00	0.00e+00	0.00e+00	0.00e+00	4.16e-05	9.21e-06	5.15e-06
 5.16164e+16	6.27e-05	2.00e-02	9.80e-01	4.30e-05	0.00e+00	0.00e+00	0.00e+00	0.00e+00	0.00e+00	4.66e-05	1.03e-05	5.76e-06
 5.26502e+16	6.94e-05	2.09e-02	9.79e-01	4.12e-05	0.00e+00	0.00e+00	0.00e+00	0.00e+00	0.00e+00	5.16e-05	1.14e-05	6.37e-06
 5.39941e+16	7.96e-05	2.23e-02	9.78e-01	3.89e-05	0.00e+00	0.00e+00	0.00e+00	0.00e+00	0.00e+00	5.92e-05	1.31e-05	7.30e-06
 5.57411e+16	9.54e-05	2.43e-02	9.76e-01	3.62e-05	0.00e+00	0.00e+00	0.00e+00	0.00e+00	0.00e+00	7.10e-05	1.57e-05	8.75e-06
 5.75094e+16	1.16e-04	2.66e-02	9.73e-01	3.35e-05	0.00e+00	0.00e+00	0.00e+00	0.00e+00	0.00e+00	8.61e-05	1.91e-05	1.06e-05
 5.88753e+16	1.35e-04	2.87e-02	9.71e-01	3.15e-05	0.00e+00	0.00e+00	0.00e+00	0.00e+00	0.00e+00	1.01e-04	2.23e-05	1.24e-05
 6.00195e+16	1.55e-04	3.07e-02	9.69e-01	2.98e-05	0.00e+00	0.00e+00	0.00e+00	0.00e+00	0.00e+00	1.15e-04	2.55e-05	1.42e-05
 6.13057e+16	1.81e-04	3.31e-02	9.67e-01	2.79e-05	0.00e+00	0.00e+00	0.00e+00	0.00e+00	0.00e+00	1.34e-04	2.97e-05	1.65e-05
 6.27394e+16	2.16e-04	3.62e-02	9.64e-01	2.59e-05	0.00e+00	0.00e+00	0.00e+00	0.00e+00	0.00e+00	1.61e-04	3.56e-05	1.97e-05
 6.40433e+16	2.56e-04	3.94e-02	9.60e-01	2.40e-05	0.00e+00	0.00e+00	0.00e+00	0.00e+00	0.00e+00	1.91e-04	4.21e-05	2.34e-05
 6.51813e+16	2.99e-04	4.25e-02	9.57e-01	2.25e-05	0.00e+00	0.00e+00	0.00e+00	0.00e+00	0.00e+00	2.22e-04	4.91e-05	2.73e-05
 6.63750e+16	3.52e-04	4.63e-02	9.53e-01	2.08e-05	0.00e+00	0.00e+00	0.00e+00	0.00e+00	0.00e+00	2.62e-04	5.79e-05	3.21e-05
 6.76159e+16	4.21e-04	5.07e-02	9.49e-01	1.91e-05	0.00e+00	0.00e+00	0.00e+00	0.00e+00	0.00e+00	3.13e-04	6.92e-05	3.84e-05
 6.87271e+16	4.96e-04	5.52e-02	9.44e-01	1.77e-05	0.00e+00	0.00e+00	0.00e+00	0.00e+00	0.00e+00	3.69e-04	8.16e-05	4.52e-05
 6.97272e+16	5.79e-04	5.98e-02	9.40e-01	1.64e-05	0.00e+00	0.00e+00	0.00e+00	0.00e+00	0.00e+00	4.31e-04	9.51e-05	5.27e-05
 7.06329e+16	6.68e-04	6.44e-02	9.35e-01	1.53e-05	0.00e+00	0.00e+00	0.00e+00	0.00e+00	0.00e+00	4.98e-04	1.10e-04	6.08e-05
 7.14559e+16	7.65e-04	6.91e-02	9.30e-01	1.42e-05	0.00e+00	0.00e+00	0.00e+00	0.00e+00	0.00e+00	5.69e-04	1.26e-04	6.96e-05
 7.22437e+16	8.73e-04	7.41e-02	9.25e-01	1.33e-05	0.00e+00	0.00e+00	0.00e+00	0.00e+00	0.00e+00	6.50e-04	1.43e-04	7.94e-05
 7.30315e+16	1.00e-03	7.96e-02	9.19e-01	1.24e-05	0.00e+00	0.00e+00	0.00e+00	0.00e+00	0.00e+00	7.45e-04	1.64e-04	9.09e-05
 7.38194e+16	1.15e-03	8.58e-02	9.13e-01	1.15e-05	0.00e+00	0.00e+00	0.00e+00	0.00e+00	0.00e+00	8.58e-04	1.89e-04	1.05e-04
 7.46072e+16	1.33e-03	9.26e-02	9.06e-01	1.06e-05	0.00e+00	0.00e+00	0.00e+00	0.00e+00	0.00e+00	9.91e-04	2.18e-04	1.21e-04
 7.53951e+16	1.55e-03	1.00e-01	8.98e-01	9.72e-06	0.00e+00	0.00e+00	0.00e+00	0.00e+00	0.00e+00	1.15e-03	2.54e-04	1.40e-04
 7.61829e+16	1.81e-03	1.09e-01	8.89e-01	8.88e-06	0.00e+00	0.00e+00	0.00e+00	0.00e+00	0.00e+00	1.35e-03	2.96e-04	1.64e-04
 7.69708e+16	2.12e-03	1.19e-01	8.79e-01	8.07e-06	0.00e+00	0.00e+00	0.00e+00	0.00e+00	0.00e+00	1.58e-03	3.48e-04	1.92e-04
 7.77586e+16	2.51e-03	1.30e-01	8.68e-01	7.29e-06	0.00e+00	0.00e+00	0.00e+00	0.00e+00	0.00e+00	1.87e-03	4.11e-04	2.28e-04
 7.84684e+16	2.95e-03	1.41e-01	8.56e-01	6.59e-06	0.00e+00	0.00e+00	0.00e+00	0.00e+00	0.00e+00	2.20e-03	4.83e-04	2.68e-04
