#depth	H	H+	H2
 2.61838e+12	9.72e-04	9.99e-01	1.84e-14
 1.57103e+13	9.71e-04	9.99e-01	1.84e-14
 6.80780e+13	9.69e-04	9.99e-01	1.85e-14
 2.77549e+14	9.67e-04	9.99e-01	1.86e-14
 6.62975e+14	9.46e-04	9.99e-01	1.85e-14
 1.16403e+15	9.31e-04	9.99e-01	1.85e-14
 1.81540e+15	9.17e-04	9.99e-01	1.87e-14
 2.66218e+15	9.06e-04	9.99e-01	1.90e-14
 3.76299e+15	8.98e-04	9.99e-01	1.96e-14
 5.19405e+15	8.94e-04	9.99e-01	2.06e-14
 7.05443e+15	9.00e-04	9.99e-01	2.22e-14
 8.93647e+15	8.99e-04	9.99e-01	2.37e-14
 1.04074e+16	9.08e-04	9.99e-01	2.52e-14
 1.15873e+16	9.22e-04	9.99e-01	2.68e-14
 1.26346e+16	9.41e-04	9.99e-01	2.85e-14
 1.36392e+16	9.64e-04	9.99e-01	3.06e-14
 1.46150e+16	9.90e-04	9.99e-01	3.29e-14
 1.55560e+16	1.02e-03	9.99e-01	3.55e-14
 1.64793e+16	1.05e-03	9.99e-01	3.85e-14
 1.73157e+16	1.09e-03	9.99e-01	4.15e-14
 1.80528e+16	1.11e-03	9.99e-01	4.44e-14
 1.88852e+16	1.15e-03	9.99e-01	4.80e-14
 1.99673e+16	1.20e-03	9.99e-01	5.27e-14
 2.13739e+16	1.26e-03	9.99e-01	5.87e-14
 2.32026e+16	1.34e-03	9.99e-01	6.62e-14
 2.54481e+16	1.43e-03	9.99e-01	7.51e-14
 2.79929e+16	1.53e-03	9.98e-01	8.56e-14
 3.07921e+16	1.66e-03	9.98e-01	9.83e-14
 3.38714e+16	1.82e-03	9.98e-01	1.14e-13
 3.72585e+16	2.03e-03	9.98e-01	1.36e-13
 4.09843e+16	2.30e-03	9.98e-01	1.64e-13
 4.47284e+16	2.64e-03	9.97e-01	2.02e-13
 4.81340e+16	3.03e-03	9.97e-01	2.45e-13
 5.04571e+16	3.35e-03	9.97e-01	2.85e-13
 5.16164e+16	3.53e-03	9.96e-01	3.07e-13
 5.26502e+16	3.69e-03	9.96e-01	3.26e-13
 5.39941e+16	3.92e-03	9.96e-01	3.57e-13
 5.57411e+16	4.24e-03	9.96e-01	3.99e-13
 5.75094e+16	4.62e-03	9.95e-01	4.50e-13
 5.88753e+16	4.95e-03	9.95e-01	4.97e-13
 6.00195e+16	5.24e-03	9.95e-01	5.38e-13
 6.13057e+16	5.61e-03	9.94e-01	5.93e-13
 6.27394e+16	6.06e-03	9.94e-01	6.60e-13
 6.40433e+16	6.52e-03	9.93e-01	7.33e-13
 6.51813e+16	6.96e-03	9.93e-01	8.05e-13
 6.63750e+16	7.47e-03	9.93e-01	8.88e-13
 6.76159e+16	8.06e-03	9.92e-01	9.88e-13
 6.87271e+16	8.64e-03	9.91e-01	1.09e-12
 6.97272e+16	9.22e-03	9.91e-01	1.19e-12
 7.06329e+16	9.80e-03	9.90e-01	1.30e-12
 7.14559e+16	1.04e-02	9.90e-01	1.41e-12
 7.22437e+16	1.10e-02	9.89e-01	1.52e-12
 7.30315e+16	1.16e-02	9.88e-01	1.65e-12
 7.38194e+16	1.23e-02	9.88e-01	1.79e-12
 7.46072e+16	1.31e-02	9.87e-01	1.94e-12
 7.53951e+16	1.40e-02	9.86e-01	2.12e-12
 7.61829e+16	1.49e-02	9.85e-01	2.32e-12
 7.69708e+16	1.60e-02	9.84e-01	2.55e-12
 7.77586e+16	1.72e-02	9.83e-01	2.81e-12
 7.84684e+16	1.84e-02	9.82e-01	3.09e-12
