#depth	H	H+	H2
 7.19985e+11	9.08e-04	9.99e-01	2.11e-14
 4.31991e+12	9.08e-04	9.99e-01	2.11e-14
 1.87196e+13	9.08e-04	9.99e-01	2.12e-14
 7.63184e+13	9.10e-04	9.99e-01	2.14e-14
 1.82300e+14	9.09e-04	9.99e-01	2.17e-14
 3.20077e+14	9.10e-04	9.99e-01	2.20e-14
 4.99186e+14	9.11e-04	9.99e-01	2.25e-14
 7.32028e+14	9.14e-04	9.99e-01	2.31e-14
 1.03472e+15	9.18e-04	9.99e-01	2.39e-14
 1.42823e+15	9.24e-04	9.99e-01	2.49e-14
 1.93978e+15	9.35e-04	9.99e-01	2.62e-14
 2.60480e+15	9.47e-04	9.99e-01	2.78e-14
 3.46933e+15	9.66e-04	9.99e-01	2.98e-14
 4.59321e+15	9.91e-04	9.99e-01	3.25e-14
 6.05426e+15	1.03e-03	9.99e-01	3.62e-14
 7.95363e+15	1.09e-03	9.99e-01	4.17e-14
 1.04228e+16	1.18e-03	9.99e-01	5.00e-14
 1.34250e+16	1.32e-03	9.99e-01	6.20e-14
 1.65058e+16	1.49e-03	9.99e-01	7.76e-14
 1.93782e+16	1.69e-03	9.98e-01	9.60e-14
 2.18153e+16	1.94e-03	9.98e-01	1.20e-13
 2.39968e+16	2.18e-03	9.98e-01	1.43e-13
 2.63965e+16	2.49e-03	9.98e-01	1.73e-13
 2.82715e+16	2.80e-03	9.97e-01	2.04e-13
 2.92541e+16	2.97e-03	9.97e-01	2.22e-13
 3.00929e+16	3.13e-03	9.97e-01	2.39e-13
 3.11832e+16	3.36e-03	9.97e-01	2.63e-13
 3.24154e+16	3.64e-03	9.96e-01	2.93e-13
 3.35595e+16	3.94e-03	9.96e-01	3.25e-13
 3.45648e+16	4.21e-03	9.96e-01	3.56e-13
 3.56621e+16	4.56e-03	9.95e-01	3.95e-13
 3.68173e+16	4.97e-03	9.95e-01	4.42e-13
 3.77871e+16	5.34e-03	9.95e-01	4.85e-13
 3.86499e+16	5.71e-03	9.94e-01	5.29e-13
 3.96344e+16	6.17e-03	9.94e-01	5.84e-13
 4.06886e+16	6.73e-03	9.93e-01	6.53e-13
 4.15868e+16	7.27e-03	9.93e-01	7.22e-13
 4.23542e+16	7.78e-03	9.92e-01	7.88e-13
 4.31982e+16	8.40e-03	9.92e-01	8.67e-13
 4.41243e+16	9.16e-03	9.91e-01	9.67e-13
 4.49468e+16	9.93e-03	9.90e-01	1.07e-12
 4.56617e+16	1.07e-02	9.89e-01	1.17e-12
 4.64472e+16	1.16e-02	9.88e-01	1.30e-12
 4.72994e+16	1.28e-02	9.87e-01	1.46e-12
 4.80379e+16	1.39e-02	9.86e-01	1.63e-12
 4.86706e+16	1.51e-02	9.85e-01	1.79e-12
 4.93659e+16	1.65e-02	9.84e-01	2.00e-12
 5.01032e+16	1.82e-02	9.82e-01	2.25e-12
 5.07164e+16	1.99e-02	9.80e-01	2.51e-12
 5.12285e+16	2.16e-02	9.78e-01	2.76e-12
 5.17873e+16	2.36e-02	9.76e-01	3.08e-12
 5.23866e+16	2.62e-02	9.74e-01	3.49e-12
 5.28943e+16	2.88e-02	9.71e-01	3.91e-12
 5.33196e+16	3.13e-02	9.69e-01	4.33e-12
 5.37822e+16	3.45e-02	9.66e-01	4.88e-12
 5.42746e+16	3.85e-02	9.62e-01	5.57e-12
 5.46909e+16	4.26e-02	9.57e-01	6.29e-12
 5.50434e+16	4.67e-02	9.53e-01	7.05e-12
 5.54278e+16	5.21e-02	9.48e-01	8.05e-12
 5.58406e+16	5.91e-02	9.41e-01	9.40e-12
 5.61917e+16	6.65e-02	9.33e-01	1.09e-11
 5.64867e+16	7.42e-02	9.26e-01	1.25e-11
 5.67362e+16	8.19e-02	9.18e-01	1.41e-11
 5.69424e+16	8.94e-02	9.11e-01	1.58e-11
 5.71347e+16	9.74e-02	9.03e-01	1.76e-11
 5.73263e+16	1.07e-01	8.93e-01	1.98e-11
 5.75115e+16	1.17e-01	8.83e-01	2.24e-11
 5.76814e+16	1.29e-01	8.71e-01	2.53e-11
 5.78344e+16	1.40e-01	8.60e-01	2.84e-11
 5.79768e+16	1.53e-01	8.47e-01	3.20e-11
 5.81130e+16	1.67e-01	8.33e-01	3.61e-11
 5.82418e+16	1.82e-01	8.18e-01	4.07e-11
 5.83627e+16	1.99e-01	8.01e-01	4.60e-11
 5.84763e+16	2.16e-01	7.84e-01	5.19e-11
 5.85835e+16	2.35e-01	7.65e-01	5.87e-11
 5.86852e+16	2.55e-01	7.45e-01	6.64e-11
 5.87819e+16	2.76e-01	7.24e-01	7.53e-11
 5.88738e+16	2.99e-01	7.01e-01	8.54e-11
 5.89610e+16	3.23e-01	6.77e-01	9.68e-11
 5.90440e+16	3.48e-01	6.52e-01	1.10e-10
 5.91233e+16	3.75e-01	6.25e-01	1.25e-10
 5.91993e+16	4.03e-01	5.97e-01	1.42e-10
 5.92720e+16	4.32e-01	5.68e-01	1.62e-10
 5.93381e+16	4.60e-01	5.40e-01	1.84e-10
 5.93951e+16	4.86e-01	5.14e-01	2.05e-10
 5.94449e+16	5.09e-01	4.91e-01	2.27e-10
 5.94903e+16	5.31e-01	4.69e-01	2.49e-10
 5.95252e+16	5.48e-01	4.52e-01	2.68e-10
 5.95478e+16	5.59e-01	4.41e-01	2.80e-10
 5.95692e+16	5.70e-01	4.30e-01	2.94e-10
 5.95940e+16	5.83e-01	4.17e-01	3.10e-10
 5.96199e+16	5.97e-01	4.03e-01	3.29e-10
 5.96441e+16	6.10e-01	3.90e-01	3.48e-10
 5.96663e+16	6.22e-01	3.78e-01	3.66e-10
 5.96880e+16	6.34e-01	3.66e-01	3.86e-10
 5.97099e+16	6.46e-01	3.54e-01	4.07e-10
 5.97315e+16	6.58e-01	3.42e-01	4.29e-10
 5.97524e+16	6.70e-01	3.30e-01	4.52e-10
 5.97728e+16	6.81e-01	3.19e-01	4.76e-10
 5.97927e+16	6.92e-01	3.08e-01	5.01e-10
 5.98123e+16	7.03e-01	2.97e-01	5.27e-10
 5.98316e+16	7.14e-01	2.86e-01	5.54e-10
 5.98504e+16	7.25e-01	2.75e-01	5.83e-10
 5.98689e+16	7.35e-01	2.65e-01	6.13e-10
 5.98870e+16	7.45e-01	2.55e-01	6.45e-10
 5.99048e+16	7.55e-01	2.45e-01	6.78e-10
 5.99223e+16	7.64e-01	2.36e-01	7.12e-10
 5.99394e+16	7.74e-01	2.26e-01	7.49e-10
 5.99563e+16	7.83e-01	2.17e-01	7.87e-10
 5.99728e+16	7.91e-01	2.09e-01	8.27e-10
 5.99890e+16	8.00e-01	2.00e-01	8.68e-10
 6.00050e+16	8.08e-01	1.92e-01	9.12e-10
 6.00206e+16	8.16e-01	1.84e-01	9.59e-10
 6.00360e+16	8.24e-01	1.76e-01	1.01e-09
 6.00511e+16	8.31e-01	1.69e-01	1.06e-09
 6.00660e+16	8.39e-01	1.61e-01	1.11e-09
 6.00805e+16	8.45e-01	1.55e-01	1.17e-09
 6.00946e+16	8.52e-01	1.48e-01	1.23e-09
 6.01083e+16	8.58e-01	1.42e-01	1.29e-09
 6.01218e+16	8.64e-01	1.36e-01	1.35e-09
 6.01349e+16	8.70e-01	1.30e-01	1.42e-09
 6.01476e+16	8.75e-01	1.25e-01	1.49e-09
 6.01599e+16	8.81e-01	1.19e-01	1.56e-09
 6.01720e+16	8.85e-01	1.15e-01	1.64e-09
 6.01838e+16	8.90e-01	1.10e-01	1.72e-09
 6.01953e+16	8.95e-01	1.05e-01	1.80e-09
 6.02065e+16	8.99e-01	1.01e-01	1.89e-09
 6.02175e+16	9.03e-01	9.68e-02	1.98e-09
 6.02283e+16	9.07e-01	9.29e-02	2.08e-09
 6.02388e+16	9.11e-01	8.91e-02	2.18e-09
 6.02491e+16	9.14e-01	8.55e-02	2.29e-09
 6.02592e+16	9.18e-01	8.21e-02	2.40e-09
 6.02690e+16	9.21e-01	7.88e-02	2.52e-09
 6.02786e+16	9.24e-01	7.56e-02	2.65e-09
 6.02880e+16	9.27e-01	7.26e-02	2.78e-09
 6.02973e+16	9.30e-01	6.97e-02	2.92e-09
 6.03065e+16	9.33e-01	6.70e-02	3.07e-09
 6.03154e+16	9.36e-01	6.43e-02	3.24e-09
 6.03242e+16	9.38e-01	6.17e-02	3.41e-09
 6.03328e+16	9.41e-01	5.93e-02	3.59e-09
 6.03411e+16	9.43e-01	5.70e-02	3.79e-09
 6.03493e+16	9.45e-01	5.47e-02	4.00e-09
 6.03574e+16	9.47e-01	5.26e-02	4.22e-09
 6.03654e+16	9.49e-01	5.05e-02	4.47e-09
 6.03732e+16	9.51e-01	4.85e-02	4.73e-09
 6.03808e+16	9.53e-01	4.67e-02	5.00e-09
 6.03883e+16	9.55e-01	4.48e-02	5.32e-09
 6.03957e+16	9.57e-01	4.31e-02	5.65e-09
 6.04029e+16	9.59e-01	4.14e-02	6.02e-09
 6.04099e+16	9.60e-01	3.98e-02	6.40e-09
 6.04168e+16	9.62e-01	3.82e-02	6.84e-09
 6.04236e+16	9.63e-01	3.67e-02	7.32e-09
 6.04301e+16	9.65e-01	3.53e-02	7.83e-09
 6.04366e+16	9.66e-01	3.39e-02	8.42e-09
 6.04430e+16	9.67e-01	3.26e-02	9.07e-09
 6.04491e+16	9.69e-01	3.13e-02	9.78e-09
 6.04550e+16	9.70e-01	3.01e-02	1.06e-08
 6.04609e+16	9.71e-01	2.89e-02	1.15e-08
 6.04666e+16	9.72e-01	2.78e-02	1.25e-08
 6.04722e+16	9.73e-01	2.67e-02	1.37e-08
 6.04776e+16	9.74e-01	2.56e-02	1.51e-08
 6.04829e+16	9.75e-01	2.46e-02	1.66e-08
 6.04880e+16	9.76e-01	2.36e-02	1.84e-08
 6.04928e+16	9.77e-01	2.27e-02	2.04e-08
 6.04970e+16	9.78e-01	2.19e-02	2.25e-08
 6.05009e+16	9.79e-01	2.12e-02	2.49e-08
 6.05046e+16	9.79e-01	2.05e-02	2.74e-08
 6.05079e+16	9.80e-01	1.99e-02	3.02e-08
 6.05111e+16	9.81e-01	1.93e-02	3.34e-08
 6.05140e+16	9.81e-01	1.87e-02	3.70e-08
 6.05168e+16	9.82e-01	1.82e-02	4.09e-08
 6.05193e+16	9.82e-01	1.77e-02	4.52e-08
 6.05217e+16	9.83e-01	1.73e-02	4.97e-08
 6.05239e+16	9.83e-01	1.69e-02	5.51e-08
 6.05260e+16	9.84e-01	1.64e-02	6.11e-08
 6.05279e+16	9.84e-01	1.61e-02	6.75e-08
 6.05297e+16	9.84e-01	1.57e-02	7.45e-08
 6.05313e+16	9.85e-01	1.53e-02	8.23e-08
 6.05329e+16	9.85e-01	1.50e-02	9.11e-08
 6.05343e+16	9.85e-01	1.47e-02	1.01e-07
 6.05356e+16	9.86e-01	1.44e-02	1.10e-07
 6.05370e+16	9.86e-01	1.41e-02	1.24e-07
 6.05382e+16	9.86e-01	1.38e-02	1.38e-07
 6.05393e+16	9.86e-01	1.36e-02	1.50e-07
 6.05403e+16	9.87e-01	1.33e-02	1.68e-07
 6.05413e+16	9.87e-01	1.31e-02	1.87e-07
 6.05422e+16	9.87e-01	1.29e-02	2.03e-07
 6.05430e+16	9.87e-01	1.26e-02	2.28e-07
 6.05438e+16	9.88e-01	1.24e-02	2.50e-07
 6.05446e+16	9.88e-01	1.22e-02	2.80e-07
 6.05453e+16	9.88e-01	1.20e-02	3.06e-07
 6.05459e+16	9.88e-01	1.17e-02	3.42e-07
 6.05466e+16	9.88e-01	1.15e-02	3.81e-07
 6.05472e+16	9.89e-01	1.13e-02	4.24e-07
 6.05478e+16	9.89e-01	1.11e-02	4.76e-07
 6.05484e+16	9.89e-01	1.09e-02	5.38e-07
 6.05490e+16	9.89e-01	1.06e-02	6.10e-07
 6.05496e+16	9.90e-01	1.03e-02	6.99e-07
 6.05502e+16	9.90e-01	1.00e-02	8.09e-07
 6.05508e+16	9.91e-01	9.49e-03	1.00e-06
