#depth	He	He+	He+2
 7.19985e+11	5.05e-04	7.83e-01	2.17e-01
 4.31991e+12	5.05e-04	7.83e-01	2.16e-01
 1.87196e+13	5.06e-04	7.84e-01	2.15e-01
 7.63184e+13	5.12e-04	7.89e-01	2.10e-01
 1.82300e+14	5.18e-04	7.92e-01	2.07e-01
 3.20077e+14	5.28e-04	8.01e-01	1.98e-01
 4.99186e+14	5.45e-04	8.17e-01	1.83e-01
 7.32028e+14	5.68e-04	8.40e-01	1.60e-01
 1.03472e+15	5.98e-04	8.70e-01	1.29e-01
 1.42823e+15	6.34e-04	9.05e-01	9.39e-02
 1.93978e+15	6.77e-04	9.41e-01	5.84e-02
 2.60480e+15	7.17e-04	9.69e-01	2.99e-02
 3.46933e+15	7.56e-04	9.87e-01	1.21e-02
 4.59321e+15	7.94e-04	9.95e-01	3.83e-03
 6.05426e+15	8.39e-04	9.98e-01	9.44e-04
 7.95363e+15	8.95e-04	9.99e-01	1.85e-04
 1.04228e+16	9.71e-04	9.99e-01	2.99e-05
 1.34250e+16	1.06e-03	9.99e-01	4.54e-06
 1.65058e+16	1.17e-03	9.99e-01	8.86e-07
 1.93782e+16	1.27e-03	9.99e-01	2.48e-07
 2.18153e+16	1.39e-03	9.99e-01	9.58e-08
 2.39968e+16	1.49e-03	9.99e-01	4.41e-08
 2.63965e+16	1.60e-03	9.98e-01	2.06e-08
 2.82715e+16	1.70e-03	9.98e-01	1.22e-08
 2.92541e+16	1.76e-03	9.98e-01	9.50e-09
 3.00929e+16	1.81e-03	9.98e-01	7.54e-09
 3.11832e+16	1.88e-03	9.98e-01	5.64e-09
 3.24154e+16	1.96e-03	9.98e-01	4.17e-09
 3.35595e+16	2.04e-03	9.98e-01	3.20e-09
 3.45648e+16	2.12e-03	9.98e-01	2.57e-09
 3.56621e+16	2.22e-03	9.98e-01	2.01e-09
 3.68173e+16	2.33e-03	9.98e-01	1.59e-09
 3.77871e+16	2.42e-03	9.98e-01	1.32e-09
 3.86499e+16	2.52e-03	9.97e-01	1.12e-09
 3.96344e+16	2.64e-03	9.97e-01	9.33e-10
 4.06886e+16	2.78e-03	9.97e-01	7.78e-10
 4.15868e+16	2.92e-03	9.97e-01	6.71e-10
 4.23542e+16	3.05e-03	9.97e-01	5.95e-10
 4.31982e+16	3.20e-03	9.97e-01	5.20e-10
 4.41243e+16	3.39e-03	9.97e-01	4.54e-10
 4.49468e+16	3.58e-03	9.96e-01	4.06e-10
 4.56617e+16	3.76e-03	9.96e-01	3.69e-10
 4.64472e+16	3.99e-03	9.96e-01	3.33e-10
 4.72994e+16	4.27e-03	9.96e-01	2.99e-10
 4.80379e+16	4.54e-03	9.95e-01	2.75e-10
 4.86706e+16	4.81e-03	9.95e-01	2.57e-10
 4.93659e+16	5.14e-03	9.95e-01	2.39e-10
 5.01032e+16	5.55e-03	9.94e-01	2.22e-10
 5.07164e+16	5.95e-03	9.94e-01	2.10e-10
 5.12285e+16	6.32e-03	9.94e-01	2.02e-10
 5.17873e+16	6.80e-03	9.93e-01	1.93e-10
 5.23866e+16	7.39e-03	9.93e-01	1.84e-10
 5.28943e+16	7.98e-03	9.92e-01	1.78e-10
 5.33196e+16	8.56e-03	9.91e-01	1.75e-10
 5.37822e+16	9.30e-03	9.91e-01	1.70e-10
 5.42746e+16	1.02e-02	9.90e-01	1.67e-10
 5.46909e+16	1.11e-02	9.89e-01	1.66e-10
 5.50434e+16	1.21e-02	9.88e-01	1.65e-10
 5.54278e+16	1.33e-02	9.87e-01	1.66e-10
 5.58406e+16	1.48e-02	9.85e-01	1.68e-10
 5.61917e+16	1.65e-02	9.84e-01	1.72e-10
 5.64867e+16	1.82e-02	9.82e-01	1.75e-10
 5.67362e+16	1.99e-02	9.80e-01	1.81e-10
 5.69424e+16	2.16e-02	9.78e-01	1.86e-10
 5.71347e+16	2.34e-02	9.77e-01	1.93e-10
 5.73263e+16	2.56e-02	9.74e-01	2.02e-10
 5.75115e+16	2.80e-02	9.72e-01	2.13e-10
 5.76814e+16	3.06e-02	9.69e-01	2.25e-10
 5.78344e+16	3.33e-02	9.67e-01	2.39e-10
 5.79768e+16	3.64e-02	9.64e-01	2.54e-10
 5.81130e+16	3.98e-02	9.60e-01	2.72e-10
 5.82418e+16	4.35e-02	9.56e-01	2.93e-10
 5.83627e+16	4.77e-02	9.52e-01	3.17e-10
 5.84763e+16	5.22e-02	9.48e-01	3.44e-10
 5.85835e+16	5.72e-02	9.43e-01	3.75e-10
 5.86852e+16	6.28e-02	9.37e-01	4.10e-10
 5.87819e+16	6.90e-02	9.31e-01	4.51e-10
 5.88738e+16	7.59e-02	9.24e-01	4.97e-10
 5.89610e+16	8.36e-02	9.16e-01	5.48e-10
 5.90440e+16	9.22e-02	9.08e-01	6.07e-10
 5.91233e+16	1.02e-01	8.98e-01	6.73e-10
 5.91993e+16	1.13e-01	8.87e-01	7.46e-10
 5.92720e+16	1.24e-01	8.76e-01	8.31e-10
 5.93381e+16	1.37e-01	8.63e-01	9.19e-10
 5.93951e+16	1.49e-01	8.51e-01	1.01e-09
 5.94449e+16	1.62e-01	8.38e-01	1.09e-09
 5.94903e+16	1.74e-01	8.26e-01	1.17e-09
 5.95252e+16	1.84e-01	8.16e-01	1.24e-09
 5.95478e+16	1.91e-01	8.09e-01	1.29e-09
 5.95692e+16	1.99e-01	8.01e-01	1.33e-09
 5.95940e+16	2.08e-01	7.92e-01	1.39e-09
 5.96199e+16	2.18e-01	7.82e-01	1.45e-09
 5.96441e+16	2.28e-01	7.72e-01	1.52e-09
 5.96663e+16	2.37e-01	7.63e-01	1.58e-09
 5.96880e+16	2.47e-01	7.53e-01	1.64e-09
 5.97099e+16	2.57e-01	7.43e-01	1.70e-09
 5.97315e+16	2.68e-01	7.32e-01	1.77e-09
 5.97524e+16	2.79e-01	7.21e-01	1.84e-09
 5.97728e+16	2.90e-01	7.10e-01	1.90e-09
 5.97927e+16	3.02e-01	6.98e-01	1.97e-09
 5.98123e+16	3.13e-01	6.87e-01	2.04e-09
 5.98316e+16	3.26e-01	6.74e-01	2.11e-09
 5.98504e+16	3.38e-01	6.62e-01	2.18e-09
 5.98689e+16	3.51e-01	6.49e-01	2.25e-09
 5.98870e+16	3.64e-01	6.36e-01	2.32e-09
 5.99048e+16	3.77e-01	6.23e-01	2.38e-09
 5.99223e+16	3.90e-01	6.10e-01	2.45e-09
 5.99394e+16	4.04e-01	5.96e-01	2.52e-09
 5.99563e+16	4.18e-01	5.82e-01	2.59e-09
 5.99728e+16	4.32e-01	5.68e-01	2.66e-09
 5.99890e+16	4.46e-01	5.54e-01	2.72e-09
 6.00050e+16	4.60e-01	5.40e-01	2.79e-09
 6.00206e+16	4.74e-01	5.26e-01	2.85e-09
 6.00360e+16	4.89e-01	5.11e-01	2.91e-09
 6.00511e+16	5.03e-01	4.97e-01	2.97e-09
 6.00660e+16	5.18e-01	4.82e-01	3.03e-09
 6.00805e+16	5.32e-01	4.68e-01	3.09e-09
 6.00946e+16	5.47e-01	4.53e-01	3.14e-09
 6.01083e+16	5.61e-01	4.39e-01	3.19e-09
 6.01218e+16	5.75e-01	4.25e-01	3.23e-09
 6.01349e+16	5.89e-01	4.11e-01	3.28e-09
 6.01476e+16	6.02e-01	3.98e-01	3.31e-09
 6.01599e+16	6.15e-01	3.85e-01	3.35e-09
 6.01720e+16	6.29e-01	3.71e-01	3.38e-09
 6.01838e+16	6.41e-01	3.59e-01	3.41e-09
 6.01953e+16	6.54e-01	3.46e-01	3.44e-09
 6.02065e+16	6.66e-01	3.34e-01	3.46e-09
 6.02175e+16	6.78e-01	3.22e-01	3.48e-09
 6.02283e+16	6.89e-01	3.11e-01	3.50e-09
 6.02388e+16	7.01e-01	2.99e-01	3.51e-09
 6.02491e+16	7.12e-01	2.88e-01	3.53e-09
 6.02592e+16	7.23e-01	2.77e-01	3.53e-09
 6.02690e+16	7.33e-01	2.67e-01	3.54e-09
 6.02786e+16	7.43e-01	2.57e-01	3.54e-09
 6.02880e+16	7.53e-01	2.47e-01	3.54e-09
 6.02973e+16	7.63e-01	2.37e-01	3.54e-09
 6.03065e+16	7.72e-01	2.28e-01	3.54e-09
 6.03154e+16	7.81e-01	2.19e-01	3.53e-09
 6.03242e+16	7.90e-01	2.10e-01	3.51e-09
 6.03328e+16	7.98e-01	2.02e-01	3.50e-09
 6.03411e+16	8.06e-01	1.94e-01	3.48e-09
 6.03493e+16	8.14e-01	1.86e-01	3.47e-09
 6.03574e+16	8.22e-01	1.78e-01	3.45e-09
 6.03654e+16	8.29e-01	1.71e-01	3.42e-09
 6.03732e+16	8.36e-01	1.64e-01	3.40e-09
 6.03808e+16	8.43e-01	1.57e-01	3.37e-09
 6.03883e+16	8.49e-01	1.51e-01	3.34e-09
 6.03957e+16	8.56e-01	1.44e-01	3.31e-09
 6.04029e+16	8.62e-01	1.38e-01	3.27e-09
 6.04099e+16	8.67e-01	1.33e-01	3.24e-09
 6.04168e+16	8.73e-01	1.27e-01	3.20e-09
 6.04236e+16	8.79e-01	1.21e-01	3.16e-09
 6.04301e+16	8.84e-01	1.16e-01	3.12e-09
 6.04366e+16	8.89e-01	1.11e-01	3.07e-09
 6.04430e+16	8.94e-01	1.06e-01	3.03e-09
 6.04491e+16	8.98e-01	1.02e-01	2.98e-09
 6.04550e+16	9.02e-01	9.76e-02	2.93e-09
 6.04609e+16	9.07e-01	9.33e-02	2.88e-09
 6.04666e+16	9.11e-01	8.93e-02	2.83e-09
 6.04722e+16	9.15e-01	8.54e-02	2.78e-09
 6.04776e+16	9.18e-01	8.18e-02	2.73e-09
 6.04829e+16	9.22e-01	7.82e-02	2.68e-09
 6.04880e+16	9.25e-01	7.48e-02	2.62e-09
 6.04928e+16	9.28e-01	7.17e-02	2.56e-09
 6.04970e+16	9.31e-01	6.89e-02	2.51e-09
 6.05009e+16	9.34e-01	6.63e-02	2.45e-09
 6.05046e+16	9.36e-01	6.39e-02	2.40e-09
 6.05079e+16	9.38e-01	6.17e-02	2.34e-09
 6.05111e+16	9.40e-01	5.97e-02	2.29e-09
 6.05140e+16	9.42e-01	5.78e-02	2.25e-09
 6.05168e+16	9.44e-01	5.60e-02	2.20e-09
 6.05193e+16	9.46e-01	5.44e-02	2.15e-09
 6.05217e+16	9.47e-01	5.29e-02	2.11e-09
 6.05239e+16	9.49e-01	5.14e-02	2.07e-09
 6.05260e+16	9.50e-01	5.01e-02	2.02e-09
 6.05279e+16	9.51e-01	4.88e-02	1.98e-09
 6.05297e+16	9.52e-01	4.76e-02	1.94e-09
 6.05313e+16	9.53e-01	4.65e-02	1.91e-09
 6.05329e+16	9.55e-01	4.55e-02	1.87e-09
 6.05343e+16	9.56e-01	4.45e-02	1.83e-09
 6.05356e+16	9.56e-01	4.36e-02	1.80e-09
 6.05370e+16	9.57e-01	4.26e-02	1.76e-09
 6.05382e+16	9.58e-01	4.17e-02	1.73e-09
 6.05393e+16	9.59e-01	4.11e-02	1.70e-09
 6.05403e+16	9.60e-01	4.02e-02	1.66e-09
 6.05413e+16	9.61e-01	3.94e-02	1.63e-09
 6.05422e+16	9.61e-01	3.89e-02	1.60e-09
 6.05430e+16	9.62e-01	3.81e-02	1.57e-09
 6.05438e+16	9.62e-01	3.75e-02	1.54e-09
 6.05446e+16	9.63e-01	3.68e-02	1.51e-09
 6.05453e+16	9.64e-01	3.63e-02	1.48e-09
 6.05459e+16	9.64e-01	3.56e-02	1.45e-09
 6.05466e+16	9.65e-01	3.50e-02	1.42e-09
 6.05472e+16	9.66e-01	3.45e-02	1.39e-09
 6.05478e+16	9.66e-01	3.38e-02	1.36e-09
 6.05484e+16	9.67e-01	3.32e-02	1.32e-09
 6.05490e+16	9.67e-01	3.25e-02	1.28e-09
 6.05496e+16	9.68e-01	3.18e-02	1.24e-09
 6.05502e+16	9.69e-01	3.11e-02	1.20e-09
 6.05508e+16	9.70e-01	3.00e-02	1.14e-09
