#depth	O	O+	O+2	O+3	O+4	O+5	O+6	O+7	O+8	O[1]	O[2]	O[3]
 7.19985e+11	3.18e-06	6.47e-03	8.91e-01	1.03e-01	1.88e-05	0.00e+00	0.00e+00	0.00e+00	0.00e+00	2.25e-06	6.15e-07	3.09e-07
 4.31991e+12	3.18e-06	6.47e-03	8.91e-01	1.02e-01	1.87e-05	0.00e+00	0.00e+00	0.00e+00	0.00e+00	2.25e-06	6.16e-07	3.09e-07
 1.87196e+13	3.19e-06	6.48e-03	8.92e-01	1.01e-01	1.83e-05	0.00e+00	0.00e+00	0.00e+00	0.00e+00	2.26e-06	6.18e-07	3.10e-07
 7.63184e+13	3.23e-06	6.54e-03	8.97e-01	9.60e-02	1.69e-05	0.00e+00	0.00e+00	0.00e+00	0.00e+00	2.29e-06	6.27e-07	3.14e-07
 1.82300e+14	3.28e-06	6.62e-03	9.04e-01	8.89e-02	1.49e-05	0.00e+00	0.00e+00	0.00e+00	0.00e+00	2.32e-06	6.38e-07	3.19e-07
 3.20077e+14	3.35e-06	6.73e-03	9.13e-01	8.01e-02	1.26e-05	0.00e+00	0.00e+00	0.00e+00	0.00e+00	2.37e-06	6.53e-07	3.26e-07
 4.99186e+14	3.44e-06	6.87e-03	9.24e-01	6.96e-02	1.01e-05	0.00e+00	0.00e+00	0.00e+00	0.00e+00	2.44e-06	6.72e-07	3.36e-07
 7.32028e+14	3.57e-06	7.05e-03	9.36e-01	5.73e-02	7.45e-06	0.00e+00	0.00e+00	0.00e+00	0.00e+00	2.52e-06	6.97e-07	3.48e-07
 1.03472e+15	3.72e-06	7.26e-03	9.49e-01	4.39e-02	4.94e-06	0.00e+00	0.00e+00	0.00e+00	0.00e+00	2.63e-06	7.30e-07	3.64e-07
 1.42823e+15	3.93e-06	7.52e-03	9.62e-01	3.03e-02	2.82e-06	0.00e+00	0.00e+00	0.00e+00	0.00e+00	2.77e-06	7.71e-07	3.84e-07
 1.93978e+15	4.21e-06	7.85e-03	9.74e-01	1.82e-02	1.31e-06	0.00e+00	0.00e+00	0.00e+00	0.00e+00	2.97e-06	8.29e-07	4.12e-07
 2.60480e+15	4.52e-06	8.19e-03	9.83e-01	9.26e-03	4.75e-07	0.00e+00	0.00e+00	0.00e+00	0.00e+00	3.18e-06	8.92e-07	4.43e-07
 3.46933e+15	4.92e-06	8.58e-03	9.88e-01	3.84e-03	1.26e-07	0.00e+00	0.00e+00	0.00e+00	0.00e+00	3.46e-06	9.74e-07	4.82e-07
 4.59321e+15	5.43e-06	9.01e-03	9.90e-01	1.30e-03	0.00e+00	0.00e+00	0.00e+00	0.00e+00	0.00e+00	3.82e-06	1.08e-06	5.33e-07
 6.05426e+15	6.17e-06	9.57e-03	9.90e-01	3.74e-04	0.00e+00	0.00e+00	0.00e+00	0.00e+00	0.00e+00	4.34e-06	1.23e-06	6.06e-07
 7.95363e+15	7.27e-06	1.03e-02	9.90e-01	1.12e-04	0.00e+00	0.00e+00	0.00e+00	0.00e+00	0.00e+00	5.11e-06	1.45e-06	7.15e-07
 1.04228e+16	9.04e-06	1.13e-02	9.89e-01	5.05e-05	0.00e+00	0.00e+00	0.00e+00	0.00e+00	0.00e+00	6.34e-06	1.80e-06	8.90e-07
 1.34250e+16	1.18e-05	1.27e-02	9.87e-01	3.49e-05	0.00e+00	0.00e+00	0.00e+00	0.00e+00	0.00e+00	8.26e-06	2.36e-06	1.16e-06
 1.65058e+16	1.56e-05	1.42e-02	9.86e-01	2.85e-05	0.00e+00	0.00e+00	0.00e+00	0.00e+00	0.00e+00	1.09e-05	3.12e-06	1.54e-06
 1.93782e+16	2.06e-05	1.59e-02	9.84e-01	2.46e-05	0.00e+00	0.00e+00	0.00e+00	0.00e+00	0.00e+00	1.44e-05	4.12e-06	2.03e-06
 2.18153e+16	2.78e-05	1.80e-02	9.82e-01	2.17e-05	0.00e+00	0.00e+00	0.00e+00	0.00e+00	0.00e+00	1.94e-05	5.61e-06	2.74e-06
 2.39968e+16	3.52e-05	1.97e-02	9.80e-01	1.95e-05	0.00e+00	0.00e+00	0.00e+00	0.00e+00	0.00e+00	2.47e-05	7.09e-06	3.47e-06
 2.63965e+16	4.62e-05	2.20e-02	9.78e-01	1.74e-05	0.00e+00	0.00e+00	0.00e+00	0.00e+00	0.00e+00	3.24e-05	9.28e-06	4.55e-06
 2.82715e+16	5.85e-05	2.42e-02	9.76e-01	1.59e-05	0.00e+00	0.00e+00	0.00e+00	0.00e+00	0.00e+00	4.10e-05	1.17e-05	5.76e-06
 2.92541e+16	6.63e-05	2.55e-02	9.74e-01	1.52e-05	0.00e+00	0.00e+00	0.00e+00	0.00e+00	0.00e+00	4.64e-05	1.33e-05	6.51e-06
 3.00929e+16	7.38e-05	2.66e-02	9.73e-01	1.45e-05	0.00e+00	0.00e+00	0.00e+00	0.00e+00	0.00e+00	5.18e-05	1.48e-05	7.25e-06
 3.11832e+16	8.54e-05	2.83e-02	9.72e-01	1.37e-05	0.00e+00	0.00e+00	0.00e+00	0.00e+00	0.00e+00	6.00e-05	1.71e-05	8.39e-06
 3.24154e+16	1.01e-04	3.05e-02	9.69e-01	1.28e-05	0.00e+00	0.00e+00	0.00e+00	0.00e+00	0.00e+00	7.10e-05	2.02e-05	9.92e-06
 3.35595e+16	1.19e-04	3.27e-02	9.67e-01	1.20e-05	0.00e+00	0.00e+00	0.00e+00	0.00e+00	0.00e+00	8.36e-05	2.37e-05	1.17e-05
 3.45648e+16	1.37e-04	3.48e-02	9.65e-01	1.13e-05	0.00e+00	0.00e+00	0.00e+00	0.00e+00	0.00e+00	9.65e-05	2.73e-05	1.34e-05
 3.56621e+16	1.63e-04	3.76e-02	9.62e-01	1.06e-05	0.00e+00	0.00e+00	0.00e+00	0.00e+00	0.00e+00	1.15e-04	3.23e-05	1.59e-05
 3.68173e+16	1.95e-04	4.08e-02	9.59e-01	9.82e-06	0.00e+00	0.00e+00	0.00e+00	0.00e+00	0.00e+00	1.38e-04	3.86e-05	1.91e-05
 3.77871e+16	2.28e-04	4.38e-02	9.56e-01	9.16e-06	0.00e+00	0.00e+00	0.00e+00	0.00e+00	0.00e+00	1.61e-04	4.49e-05	2.22e-05
 3.86499e+16	2.64e-04	4.69e-02	9.53e-01	8.60e-06	0.00e+00	0.00e+00	0.00e+00	0.00e+00	0.00e+00	1.86e-04	5.18e-05	2.57e-05
 3.96344e+16	3.13e-04	5.08e-02	9.49e-01	7.98e-06	0.00e+00	0.00e+00	0.00e+00	0.00e+00	0.00e+00	2.21e-04	6.13e-05	3.04e-05
 4.06886e+16	3.79e-04	5.57e-02	9.44e-01	7.33e-06	0.00e+00	0.00e+00	0.00e+00	0.00e+00	0.00e+00	2.69e-04	7.40e-05	3.68e-05
 4.15868e+16	4.51e-04	6.06e-02	9.39e-01	6.80e-06	0.00e+00	0.00e+00	0.00e+00	0.00e+00	0.00e+00	3.20e-04	8.78e-05	4.37e-05
 4.23542e+16	5.25e-04	6.53e-02	9.34e-01	6.34e-06	0.00e+00	0.00e+00	0.00e+00	0.00e+00	0.00e+00	3.72e-04	1.02e-04	5.08e-05
 4.31982e+16	6.24e-04	7.11e-02	9.28e-01	5.84e-06	0.00e+00	0.00e+00	0.00e+00	0.00e+00	0.00e+00	4.43e-04	1.21e-04	6.03e-05
 4.41243e+16	7.60e-04	7.84e-02	9.21e-01	5.30e-06	0.00e+00	0.00e+00	0.00e+00	0.00e+00	0.00e+00	5.40e-04	1.47e-04	7.33e-05
 4.49468e+16	9.14e-04	8.60e-02	9.13e-01	4.82e-06	0.00e+00	0.00e+00	0.00e+00	0.00e+00	0.00e+00	6.49e-04	1.76e-04	8.79e-05
 4.56617e+16	1.08e-03	9.37e-02	9.05e-01	4.42e-06	0.00e+00	0.00e+00	0.00e+00	0.00e+00	0.00e+00	7.69e-04	2.08e-04	1.04e-04
 4.64472e+16	1.31e-03	1.03e-01	8.95e-01	3.99e-06	0.00e+00	0.00e+00	0.00e+00	0.00e+00	0.00e+00	9.30e-04	2.51e-04	1.25e-04
 4.72994e+16	1.63e-03	1.15e-01	8.83e-01	3.55e-06	0.00e+00	0.00e+00	0.00e+00	0.00e+00	0.00e+00	1.16e-03	3.11e-04	1.56e-04
 4.80379e+16	1.98e-03	1.28e-01	8.70e-01	3.19e-06	0.00e+00	0.00e+00	0.00e+00	0.00e+00	0.00e+00	1.41e-03	3.78e-04	1.89e-04
 4.86706e+16	2.37e-03	1.40e-01	8.58e-01	2.86e-06	0.00e+00	0.00e+00	0.00e+00	0.00e+00	0.00e+00	1.69e-03	4.51e-04	2.26e-04
 4.93659e+16	2.91e-03	1.56e-01	8.41e-01	2.53e-06	0.00e+00	0.00e+00	0.00e+00	0.00e+00	0.00e+00	2.07e-03	5.53e-04	2.78e-04
 5.01032e+16	3.65e-03	1.75e-01	8.21e-01	2.19e-06	0.00e+00	0.00e+00	0.00e+00	0.00e+00	0.00e+00	2.61e-03	6.93e-04	3.48e-04
 5.07164e+16	4.46e-03	1.94e-01	8.02e-01	1.92e-06	0.00e+00	0.00e+00	0.00e+00	0.00e+00	0.00e+00	3.18e-03	8.45e-04	4.25e-04
 5.12285e+16	5.31e-03	2.12e-01	7.82e-01	1.70e-06	0.00e+00	0.00e+00	0.00e+00	0.00e+00	0.00e+00	3.80e-03	1.01e-03	5.07e-04
 5.17873e+16	6.50e-03	2.35e-01	7.58e-01	1.47e-06	0.00e+00	0.00e+00	0.00e+00	0.00e+00	0.00e+00	4.65e-03	1.23e-03	6.19e-04
 5.23866e+16	8.14e-03	2.63e-01	7.28e-01	1.24e-06	0.00e+00	0.00e+00	0.00e+00	0.00e+00	0.00e+00	5.82e-03	1.54e-03	7.75e-04
 5.28943e+16	9.96e-03	2.91e-01	6.99e-01	1.06e-06	0.00e+00	0.00e+00	0.00e+00	0.00e+00	0.00e+00	7.13e-03	1.88e-03	9.47e-04
 5.33196e+16	1.19e-02	3.17e-01	6.71e-01	9.10e-07	0.00e+00	0.00e+00	0.00e+00	0.00e+00	0.00e+00	8.51e-03	2.24e-03	1.13e-03
 5.37822e+16	1.46e-02	3.50e-01	6.36e-01	7.55e-07	0.00e+00	0.00e+00	0.00e+00	0.00e+00	0.00e+00	1.04e-02	2.75e-03	1.39e-03
 5.42746e+16	1.82e-02	3.88e-01	5.94e-01	6.10e-07	0.00e+00	0.00e+00	0.00e+00	0.00e+00	0.00e+00	1.30e-02	3.43e-03	1.73e-03
 5.46909e+16	2.23e-02	4.25e-01	5.53e-01	4.95e-07	0.00e+00	0.00e+00	0.00e+00	0.00e+00	0.00e+00	1.59e-02	4.19e-03	2.11e-03
 5.50434e+16	2.66e-02	4.58e-01	5.15e-01	4.06e-07	0.00e+00	0.00e+00	0.00e+00	0.00e+00	0.00e+00	1.90e-02	5.00e-03	2.52e-03
 5.54278e+16	3.25e-02	4.98e-01	4.70e-01	3.17e-07	0.00e+00	0.00e+00	0.00e+00	0.00e+00	0.00e+00	2.32e-02	6.11e-03	3.08e-03
 5.58406e+16	4.06e-02	5.43e-01	4.17e-01	2.35e-07	0.00e+00	0.00e+00	0.00e+00	0.00e+00	0.00e+00	2.91e-02	7.64e-03	3.86e-03
 5.61917e+16	4.97e-02	5.83e-01	3.68e-01	1.75e-07	0.00e+00	0.00e+00	0.00e+00	0.00e+00	0.00e+00	3.56e-02	9.35e-03	4.71e-03
 5.64867e+16	5.93e-02	6.17e-01	3.24e-01	1.32e-07	0.00e+00	0.00e+00	0.00e+00	0.00e+00	0.00e+00	4.25e-02	1.12e-02	5.63e-03
 5.67362e+16	6.91e-02	6.44e-01	2.87e-01	0.00e+00	0.00e+00	0.00e+00	0.00e+00	0.00e+00	0.00e+00	4.95e-02	1.30e-02	6.56e-03
 5.69424e+16	7.88e-02	6.66e-01	2.55e-01	0.00e+00	0.00e+00	0.00e+00	0.00e+00	0.00e+00	0.00e+00	5.64e-02	1.48e-02	7.47e-03
 5.71347e+16	8.92e-02	6.85e-01	2.26e-01	0.00e+00	0.00e+00	0.00e+00	0.00e+00	0.00e+00	0.00e+00	6.39e-02	1.68e-02	8.47e-03
 5.73263e+16	1.01e-01	7.02e-01	1.97e-01	0.00e+00	0.00e+00	0.00e+00	0.00e+00	0.00e+00	0.00e+00	7.27e-02	1.91e-02	9.62e-03
 5.75115e+16	1.15e-01	7.15e-01	1.70e-01	0.00e+00	0.00e+00	0.00e+00	0.00e+00	0.00e+00	0.00e+00	8.25e-02	2.16e-02	1.09e-02
 5.76814e+16	1.30e-01	7.25e-01	1.45e-01	0.00e+00	0.00e+00	0.00e+00	0.00e+00	0.00e+00	0.00e+00	9.31e-02	2.44e-02	1.23e-02
 5.78344e+16	1.45e-01	7.30e-01	1.25e-01	0.00e+00	0.00e+00	0.00e+00	0.00e+00	0.00e+00	0.00e+00	1.04e-01	2.72e-02	1.38e-02
 5.79768e+16	1.61e-01	7.33e-01	1.06e-01	0.00e+00	0.00e+00	0.00e+00	0.00e+00	0.00e+00	0.00e+00	1.16e-01	3.03e-02	1.53e-02
 5.81130e+16	1.79e-01	7.32e-01	8.94e-02	0.00e+00	0.00e+00	0.00e+00	0.00e+00	0.00e+00	0.00e+00	1.28e-01	3.36e-02	1.70e-02
 5.82418e+16	1.98e-01	7.27e-01	7.50e-02	0.00e+00	0.00e+00	0.00e+00	0.00e+00	0.00e+00	0.00e+00	1.42e-01	3.71e-02	1.87e-02
 5.83627e+16	2.18e-01	7.20e-01	6.25e-02	0.00e+00	0.00e+00	0.00e+00	0.00e+00	0.00e+00	0.00e+00	1.56e-01	4.08e-02	2.06e-02
 5.84763e+16	2.39e-01	7.09e-01	5.18e-02	0.00e+00	0.00e+00	0.00e+00	0.00e+00	0.00e+00	0.00e+00	1.72e-01	4.46e-02	2.26e-02
 5.85835e+16	2.61e-01	6.96e-01	4.27e-02	0.00e+00	0.00e+00	0.00e+00	0.00e+00	0.00e+00	0.00e+00	1.88e-01	4.87e-02	2.47e-02
 5.86852e+16	2.85e-01	6.80e-01	3.49e-02	0.00e+00	0.00e+00	0.00e+00	0.00e+00	0.00e+00	0.00e+00	2.05e-01	5.30e-02	2.69e-02
 5.87819e+16	3.10e-01	6.62e-01	2.83e-02	0.00e+00	0.00e+00	0.00e+00	0.00e+00	0.00e+00	0.00e+00	2.23e-01	5.74e-02	2.92e-02
 5.88738e+16	3.36e-01	6.41e-01	2.28e-02	0.00e+00	0.00e+00	0.00e+00	0.00e+00	0.00e+00	0.00e+00	2.42e-01	6.21e-02	3.16e-02
 5.89610e+16	3.63e-01	6.19e-01	1.83e-02	0.00e+00	0.00e+00	0.00e+00	0.00e+00	0.00e+00	0.00e+00	2.62e-01	6.68e-02	3.41e-02
 5.90440e+16	3.91e-01	5.95e-01	1.45e-02	0.00e+00	0.00e+00	0.00e+00	0.00e+00	0.00e+00	0.00e+00	2.82e-01	7.17e-02	3.67e-02
 5.91233e+16	4.20e-01	5.69e-01	1.14e-02	0.00e+00	0.00e+00	0.00e+00	0.00e+00	0.00e+00	0.00e+00	3.04e-01	7.66e-02	3.93e-02
 5.91993e+16	4.50e-01	5.41e-01	8.92e-03	0.00e+00	0.00e+00	0.00e+00	0.00e+00	0.00e+00	0.00e+00	3.26e-01	8.17e-02	4.20e-02
 5.92720e+16	4.80e-01	5.13e-01	6.90e-03	0.00e+00	0.00e+00	0.00e+00	0.00e+00	0.00e+00	0.00e+00	3.49e-01	8.67e-02	4.46e-02
 5.93381e+16	5.10e-01	4.85e-01	5.37e-03	0.00e+00	0.00e+00	0.00e+00	0.00e+00	0.00e+00	0.00e+00	3.71e-01	9.14e-02	4.72e-02
 5.93951e+16	5.36e-01	4.60e-01	4.26e-03	0.00e+00	0.00e+00	0.00e+00	0.00e+00	0.00e+00	0.00e+00	3.91e-01	9.54e-02	4.95e-02
 5.94449e+16	5.60e-01	4.37e-01	3.44e-03	0.00e+00	0.00e+00	0.00e+00	0.00e+00	0.00e+00	0.00e+00	4.09e-01	9.90e-02	5.14e-02
 5.94903e+16	5.82e-01	4.15e-01	2.80e-03	0.00e+00	0.00e+00	0.00e+00	0.00e+00	0.00e+00	0.00e+00	4.26e-01	1.02e-01	5.33e-02
 5.95252e+16	5.99e-01	3.99e-01	2.39e-03	0.00e+00	0.00e+00	0.00e+00	0.00e+00	0.00e+00	0.00e+00	4.39e-01	1.05e-01	5.46e-02
 5.95478e+16	6.09e-01	3.89e-01	2.16e-03	0.00e+00	0.00e+00	0.00e+00	0.00e+00	0.00e+00	0.00e+00	4.48e-01	1.06e-01	5.55e-02
 5.95692e+16	6.20e-01	3.78e-01	1.93e-03	0.00e+00	0.00e+00	0.00e+00	0.00e+00	0.00e+00	0.00e+00	4.56e-01	1.07e-01	5.63e-02
 5.95940e+16	6.33e-01	3.66e-01	1.70e-03	0.00e+00	0.00e+00	0.00e+00	0.00e+00	0.00e+00	0.00e+00	4.66e-01	1.09e-01	5.73e-02
 5.96199e+16	6.46e-01	3.53e-01	1.48e-03	0.00e+00	0.00e+00	0.00e+00	0.00e+00	0.00e+00	0.00e+00	4.77e-01	1.11e-01	5.83e-02
 5.96441e+16	6.58e-01	3.40e-01	1.30e-03	0.00e+00	0.00e+00	0.00e+00	0.00e+00	0.00e+00	0.00e+00	4.87e-01	1.12e-01	5.92e-02
 5.96663e+16	6.70e-01	3.29e-01	1.15e-03	0.00e+00	0.00e+00	0.00e+00	0.00e+00	0.00e+00	0.00e+00	4.96e-01	1.14e-01	6.00e-02
 5.96880e+16	6.81e-01	3.18e-01	1.01e-03	0.00e+00	0.00e+00	0.00e+00	0.00e+00	0.00e+00	0.00e+00	5.05e-01	1.15e-01	6.08e-02
 5.97099e+16	6.93e-01	3.06e-01	8.87e-04	0.00e+00	0.00e+00	0.00e+00	0.00e+00	0.00e+00	0.00e+00	5.15e-01	1.16e-01	6.16e-02
 5.97315e+16	7.04e-01	2.95e-01	7.78e-04	0.00e+00	0.00e+00	0.00e+00	0.00e+00	0.00e+00	0.00e+00	5.24e-01	1.17e-01	6.24e-02
 5.97524e+16	7.15e-01	2.84e-01	6.82e-04	0.00e+00	0.00e+00	0.00e+00	0.00e+00	0.00e+00	0.00e+00	5.33e-01	1.18e-01	6.31e-02
 5.97728e+16	7.25e-01	2.74e-01	5.98e-04	0.00e+00	0.00e+00	0.00e+00	0.00e+00	0.00e+00	0.00e+00	5.42e-01	1.19e-01	6.38e-02
 5.97927e+16	7.36e-01	2.64e-01	5.24e-04	0.00e+00	0.00e+00	0.00e+00	0.00e+00	0.00e+00	0.00e+00	5.51e-01	1.20e-01	6.44e-02
 5.98123e+16	7.46e-01	2.54e-01	4.59e-04	0.00e+00	0.00e+00	0.00e+00	0.00e+00	0.00e+00	0.00e+00	5.60e-01	1.21e-01	6.50e-02
 5.98316e+16	7.56e-01	2.44e-01	4.02e-04	0.00e+00	0.00e+00	0.00e+00	0.00e+00	0.00e+00	0.00e+00	5.68e-01	1.22e-01	6.56e-02
 5.98504e+16	7.65e-01	2.34e-01	3.51e-04	0.00e+00	0.00e+00	0.00e+00	0.00e+00	0.00e+00	0.00e+00	5.76e-01	1.23e-01	6.61e-02
 5.98689e+16	7.75e-01	2.25e-01	3.07e-04	0.00e+00	0.00e+00	0.00e+00	0.00e+00	0.00e+00	0.00e+00	5.85e-01	1.23e-01	6.66e-02
 5.98870e+16	7.84e-01	2.16e-01	2.68e-04	0.00e+00	0.00e+00	0.00e+00	0.00e+00	0.00e+00	0.00e+00	5.93e-01	1.24e-01	6.71e-02
 5.99048e+16	7.93e-01	2.07e-01	2.34e-04	0.00e+00	0.00e+00	0.00e+00	0.00e+00	0.00e+00	0.00e+00	6.00e-01	1.25e-01	6.75e-02
 5.99223e+16	8.01e-01	1.99e-01	2.04e-04	0.00e+00	0.00e+00	0.00e+00	0.00e+00	0.00e+00	0.00e+00	6.08e-01	1.25e-01	6.79e-02
 5.99394e+16	8.09e-01	1.90e-01	1.78e-04	0.00e+00	0.00e+00	0.00e+00	0.00e+00	0.00e+00	0.00e+00	6.15e-01	1.26e-01	6.83e-02
 5.99563e+16	8.17e-01	1.83e-01	1.55e-04	0.00e+00	0.00e+00	0.00e+00	0.00e+00	0.00e+00	0.00e+00	6.23e-01	1.26e-01	6.86e-02
 5.99728e+16	8.25e-01	1.75e-01	1.35e-04	0.00e+00	0.00e+00	0.00e+00	0.00e+00	0.00e+00	0.00e+00	6.30e-01	1.26e-01	6.89e-02
 5.99890e+16	8.32e-01	1.67e-01	1.17e-04	0.00e+00	0.00e+00	0.00e+00	0.00e+00	0.00e+00	0.00e+00	6.37e-01	1.26e-01	6.91e-02
 6.00050e+16	8.40e-01	1.60e-01	1.02e-04	0.00e+00	0.00e+00	0.00e+00	0.00e+00	0.00e+00	0.00e+00	6.44e-01	1.27e-01	6.94e-02
 6.00206e+16	8.47e-01	1.53e-01	8.88e-05	0.00e+00	0.00e+00	0.00e+00	0.00e+00	0.00e+00	0.00e+00	6.50e-01	1.27e-01	6.96e-02
 6.00360e+16	8.53e-01	1.47e-01	7.72e-05	0.00e+00	0.00e+00	0.00e+00	0.00e+00	0.00e+00	0.00e+00	6.57e-01	1.27e-01	6.97e-02
 6.00511e+16	8.60e-01	1.40e-01	6.71e-05	0.00e+00	0.00e+00	0.00e+00	0.00e+00	0.00e+00	0.00e+00	6.63e-01	1.27e-01	6.99e-02
 6.00660e+16	8.66e-01	1.34e-01	5.82e-05	0.00e+00	0.00e+00	0.00e+00	0.00e+00	0.00e+00	0.00e+00	6.69e-01	1.27e-01	7.00e-02
 6.00805e+16	8.72e-01	1.28e-01	5.06e-05	0.00e+00	0.00e+00	0.00e+00	0.00e+00	0.00e+00	0.00e+00	6.75e-01	1.27e-01	7.01e-02
 6.00946e+16	8.78e-01	1.22e-01	4.40e-05	0.00e+00	0.00e+00	0.00e+00	0.00e+00	0.00e+00	0.00e+00	6.80e-01	1.27e-01	7.02e-02
 6.01083e+16	8.83e-01	1.17e-01	3.85e-05	0.00e+00	0.00e+00	0.00e+00	0.00e+00	0.00e+00	0.00e+00	6.85e-01	1.27e-01	7.02e-02
 6.01218e+16	8.88e-01	1.12e-01	3.34e-05	0.00e+00	0.00e+00	0.00e+00	0.00e+00	0.00e+00	0.00e+00	6.90e-01	1.27e-01	7.03e-02
 6.01349e+16	8.93e-01	1.07e-01	2.92e-05	0.00e+00	0.00e+00	0.00e+00	0.00e+00	0.00e+00	0.00e+00	6.96e-01	1.27e-01	7.03e-02
 6.01476e+16	8.97e-01	1.02e-01	2.55e-05	0.00e+00	0.00e+00	0.00e+00	0.00e+00	0.00e+00	0.00e+00	7.00e-01	1.27e-01	7.03e-02
 6.01599e+16	9.02e-01	9.81e-02	2.24e-05	0.00e+00	0.00e+00	0.00e+00	0.00e+00	0.00e+00	0.00e+00	7.05e-01	1.27e-01	7.03e-02
 6.01720e+16	9.06e-01	9.40e-02	1.96e-05	0.00e+00	0.00e+00	0.00e+00	0.00e+00	0.00e+00	0.00e+00	7.09e-01	1.27e-01	7.03e-02
 6.01838e+16	9.10e-01	9.00e-02	1.72e-05	0.00e+00	0.00e+00	0.00e+00	0.00e+00	0.00e+00	0.00e+00	7.13e-01	1.27e-01	7.02e-02
 6.01953e+16	9.14e-01	8.62e-02	1.50e-05	0.00e+00	0.00e+00	0.00e+00	0.00e+00	0.00e+00	0.00e+00	7.17e-01	1.27e-01	7.02e-02
 6.02065e+16	9.17e-01	8.26e-02	1.32e-05	0.00e+00	0.00e+00	0.00e+00	0.00e+00	0.00e+00	0.00e+00	7.20e-01	1.27e-01	7.02e-02
 6.02175e+16	9.21e-01	7.91e-02	1.16e-05	0.00e+00	0.00e+00	0.00e+00	0.00e+00	0.00e+00	0.00e+00	7.24e-01	1.27e-01	7.02e-02
 6.02283e+16	9.24e-01	7.58e-02	1.02e-05	0.00e+00	0.00e+00	0.00e+00	0.00e+00	0.00e+00	0.00e+00	7.27e-01	1.27e-01	7.01e-02
 6.02388e+16	9.27e-01	7.26e-02	9.00e-06	0.00e+00	0.00e+00	0.00e+00	0.00e+00	0.00e+00	0.00e+00	7.31e-01	1.27e-01	7.01e-02
 6.02491e+16	9.30e-01	6.97e-02	7.95e-06	0.00e+00	0.00e+00	0.00e+00	0.00e+00	0.00e+00	0.00e+00	7.34e-01	1.27e-01	7.00e-02
 6.02592e+16	9.33e-01	6.68e-02	7.00e-06	0.00e+00	0.00e+00	0.00e+00	0.00e+00	0.00e+00	0.00e+00	7.37e-01	1.27e-01	7.00e-02
 6.02690e+16	9.36e-01	6.40e-02	6.19e-06	0.00e+00	0.00e+00	0.00e+00	0.00e+00	0.00e+00	0.00e+00	7.39e-01	1.27e-01	6.99e-02
 6.02786e+16	9.39e-01	6.14e-02	5.47e-06	0.00e+00	0.00e+00	0.00e+00	0.00e+00	0.00e+00	0.00e+00	7.42e-01	1.27e-01	6.98e-02
 6.02880e+16	9.41e-01	5.90e-02	4.84e-06	0.00e+00	0.00e+00	0.00e+00	0.00e+00	0.00e+00	0.00e+00	7.45e-01	1.27e-01	6.98e-02
 6.02973e+16	9.43e-01	5.65e-02	4.28e-06	0.00e+00	0.00e+00	0.00e+00	0.00e+00	0.00e+00	0.00e+00	7.47e-01	1.27e-01	6.97e-02
 6.03065e+16	9.46e-01	5.43e-02	3.79e-06	0.00e+00	0.00e+00	0.00e+00	0.00e+00	0.00e+00	0.00e+00	7.49e-01	1.27e-01	6.97e-02
 6.03154e+16	9.48e-01	5.21e-02	3.36e-06	0.00e+00	0.00e+00	0.00e+00	0.00e+00	0.00e+00	0.00e+00	7.52e-01	1.27e-01	6.96e-02
 6.03242e+16	9.50e-01	4.99e-02	2.97e-06	0.00e+00	0.00e+00	0.00e+00	0.00e+00	0.00e+00	0.00e+00	7.54e-01	1.27e-01	6.96e-02
 6.03328e+16	9.52e-01	4.79e-02	2.64e-06	0.00e+00	0.00e+00	0.00e+00	0.00e+00	0.00e+00	0.00e+00	7.56e-01	1.27e-01	6.95e-02
 6.03411e+16	9.54e-01	4.60e-02	2.34e-06	0.00e+00	0.00e+00	0.00e+00	0.00e+00	0.00e+00	0.00e+00	7.58e-01	1.27e-01	6.95e-02
 6.03493e+16	9.56e-01	4.42e-02	2.08e-06	0.00e+00	0.00e+00	0.00e+00	0.00e+00	0.00e+00	0.00e+00	7.59e-01	1.27e-01	6.94e-02
 6.03574e+16	9.58e-01	4.24e-02	1.85e-06	0.00e+00	0.00e+00	0.00e+00	0.00e+00	0.00e+00	0.00e+00	7.61e-01	1.27e-01	6.93e-02
 6.03654e+16	9.59e-01	4.07e-02	1.65e-06	0.00e+00	0.00e+00	0.00e+00	0.00e+00	0.00e+00	0.00e+00	7.63e-01	1.27e-01	6.93e-02
 6.03732e+16	9.61e-01	3.91e-02	1.46e-06	0.00e+00	0.00e+00	0.00e+00	0.00e+00	0.00e+00	0.00e+00	7.64e-01	1.27e-01	6.92e-02
 6.03808e+16	9.62e-01	3.76e-02	1.31e-06	0.00e+00	0.00e+00	0.00e+00	0.00e+00	0.00e+00	0.00e+00	7.66e-01	1.28e-01	6.91e-02
 6.03883e+16	9.64e-01	3.61e-02	1.16e-06	0.00e+00	0.00e+00	0.00e+00	0.00e+00	0.00e+00	0.00e+00	7.67e-01	1.28e-01	6.91e-02
 6.03957e+16	9.65e-01	3.46e-02	1.04e-06	0.00e+00	0.00e+00	0.00e+00	0.00e+00	0.00e+00	0.00e+00	7.68e-01	1.28e-01	6.91e-02
 6.04029e+16	9.67e-01	3.32e-02	9.22e-07	0.00e+00	0.00e+00	0.00e+00	0.00e+00	0.00e+00	0.00e+00	7.69e-01	1.28e-01	6.91e-02
 6.04099e+16	9.68e-01	3.20e-02	8.26e-07	0.00e+00	0.00e+00	0.00e+00	0.00e+00	0.00e+00	0.00e+00	7.70e-01	1.29e-01	6.90e-02
 6.04168e+16	9.69e-01	3.07e-02	7.35e-07	0.00e+00	0.00e+00	0.00e+00	0.00e+00	0.00e+00	0.00e+00	7.71e-01	1.29e-01	6.91e-02
 6.04236e+16	9.71e-01	2.94e-02	6.56e-07	0.00e+00	0.00e+00	0.00e+00	0.00e+00	0.00e+00	0.00e+00	7.72e-01	1.29e-01	6.91e-02
 6.04301e+16	9.72e-01	2.83e-02	5.89e-07	0.00e+00	0.00e+00	0.00e+00	0.00e+00	0.00e+00	0.00e+00	7.73e-01	1.30e-01	6.90e-02
 6.04366e+16	9.73e-01	2.72e-02	5.24e-07	0.00e+00	0.00e+00	0.00e+00	0.00e+00	0.00e+00	0.00e+00	7.74e-01	1.30e-01	6.91e-02
 6.04430e+16	9.74e-01	2.61e-02	4.69e-07	0.00e+00	0.00e+00	0.00e+00	0.00e+00	0.00e+00	0.00e+00	7.74e-01	1.31e-01	6.91e-02
 6.04491e+16	9.75e-01	2.50e-02	4.20e-07	0.00e+00	0.00e+00	0.00e+00	0.00e+00	0.00e+00	0.00e+00	7.75e-01	1.31e-01	6.92e-02
 6.04550e+16	9.76e-01	2.41e-02	3.76e-07	0.00e+00	0.00e+00	0.00e+00	0.00e+00	0.00e+00	0.00e+00	7.75e-01	1.32e-01	6.92e-02
 6.04609e+16	9.77e-01	2.31e-02	3.37e-07	0.00e+00	0.00e+00	0.00e+00	0.00e+00	0.00e+00	0.00e+00	7.75e-01	1.32e-01	6.93e-02
 6.04666e+16	9.78e-01	2.22e-02	3.02e-07	0.00e+00	0.00e+00	0.00e+00	0.00e+00	0.00e+00	0.00e+00	7.76e-01	1.33e-01	6.94e-02
 6.04722e+16	9.79e-01	2.13e-02	2.71e-07	0.00e+00	0.00e+00	0.00e+00	0.00e+00	0.00e+00	0.00e+00	7.76e-01	1.33e-01	6.94e-02
 6.04776e+16	9.80e-01	2.04e-02	2.43e-07	0.00e+00	0.00e+00	0.00e+00	0.00e+00	0.00e+00	0.00e+00	7.76e-01	1.34e-01	6.95e-02
 6.04829e+16	9.80e-01	1.96e-02	2.18e-07	0.00e+00	0.00e+00	0.00e+00	0.00e+00	0.00e+00	0.00e+00	7.76e-01	1.35e-01	6.96e-02
 6.04880e+16	9.81e-01	1.88e-02	1.96e-07	0.00e+00	0.00e+00	0.00e+00	0.00e+00	0.00e+00	0.00e+00	7.76e-01	1.36e-01	6.97e-02
 6.04928e+16	9.82e-01	1.81e-02	1.77e-07	0.00e+00	0.00e+00	0.00e+00	0.00e+00	0.00e+00	0.00e+00	7.76e-01	1.36e-01	6.99e-02
 6.04970e+16	9.83e-01	1.74e-02	1.61e-07	0.00e+00	0.00e+00	0.00e+00	0.00e+00	0.00e+00	0.00e+00	7.76e-01	1.37e-01	7.00e-02
 6.05009e+16	9.83e-01	1.68e-02	1.47e-07	0.00e+00	0.00e+00	0.00e+00	0.00e+00	0.00e+00	0.00e+00	7.75e-01	1.38e-01	7.01e-02
 6.05046e+16	9.84e-01	1.63e-02	1.36e-07	0.00e+00	0.00e+00	0.00e+00	0.00e+00	0.00e+00	0.00e+00	7.75e-01	1.39e-01	7.03e-02
 6.05079e+16	9.84e-01	1.58e-02	1.25e-07	0.00e+00	0.00e+00	0.00e+00	0.00e+00	0.00e+00	0.00e+00	7.74e-01	1.39e-01	7.04e-02
 6.05111e+16	9.85e-01	1.53e-02	1.16e-07	0.00e+00	0.00e+00	0.00e+00	0.00e+00	0.00e+00	0.00e+00	7.74e-01	1.40e-01	7.06e-02
 6.05140e+16	9.85e-01	1.48e-02	1.08e-07	0.00e+00	0.00e+00	0.00e+00	0.00e+00	0.00e+00	0.00e+00	7.73e-01	1.41e-01	7.07e-02
 6.05168e+16	9.86e-01	1.44e-02	1.00e-07	0.00e+00	0.00e+00	0.00e+00	0.00e+00	0.00e+00	0.00e+00	7.73e-01	1.42e-01	7.09e-02
 6.05193e+16	9.86e-01	1.40e-02	9.38e-08	0.00e+00	0.00e+00	0.00e+00	0.00e+00	0.00e+00	0.00e+00	7.72e-01	1.43e-01	7.10e-02
 6.05217e+16	9.86e-01	1.37e-02	8.79e-08	0.00e+00	0.00e+00	0.00e+00	0.00e+00	0.00e+00	0.00e+00	7.72e-01	1.43e-01	7.12e-02
 6.05239e+16	9.87e-01	1.33e-02	8.25e-08	0.00e+00	0.00e+00	0.00e+00	0.00e+00	0.00e+00	0.00e+00	7.71e-01	1.44e-01	7.13e-02
 6.05260e+16	9.87e-01	1.30e-02	7.76e-08	0.00e+00	0.00e+00	0.00e+00	0.00e+00	0.00e+00	0.00e+00	7.70e-01	1.45e-01	7.15e-02
 6.05279e+16	9.87e-01	1.27e-02	7.33e-08	0.00e+00	0.00e+00	0.00e+00	0.00e+00	0.00e+00	0.00e+00	7.70e-01	1.46e-01	7.16e-02
 6.05297e+16	9.88e-01	1.24e-02	6.95e-08	0.00e+00	0.00e+00	0.00e+00	0.00e+00	0.00e+00	0.00e+00	7.69e-01	1.47e-01	7.18e-02
 6.05313e+16	9.88e-01	1.21e-02	6.59e-08	0.00e+00	0.00e+00	0.00e+00	0.00e+00	0.00e+00	0.00e+00	7.68e-01	1.48e-01	7.19e-02
 6.05329e+16	9.88e-01	1.18e-02	6.26e-08	0.00e+00	0.00e+00	0.00e+00	0.00e+00	0.00e+00	0.00e+00	7.68e-01	1.48e-01	7.21e-02
 6.05343e+16	9.88e-01	1.16e-02	5.96e-08	0.00e+00	0.00e+00	0.00e+00	0.00e+00	0.00e+00	0.00e+00	7.67e-01	1.49e-01	7.22e-02
 6.05356e+16	9.89e-01	1.14e-02	5.71e-08	0.00e+00	0.00e+00	0.00e+00	0.00e+00	0.00e+00	0.00e+00	7.66e-01	1.50e-01	7.23e-02
 6.05370e+16	9.89e-01	1.11e-02	5.41e-08	0.00e+00	0.00e+00	0.00e+00	0.00e+00	0.00e+00	0.00e+00	7.65e-01	1.51e-01	7.25e-02
 6.05382e+16	9.89e-01	1.08e-02	5.16e-08	0.00e+00	0.00e+00	0.00e+00	0.00e+00	0.00e+00	0.00e+00	7.65e-01	1.52e-01	7.27e-02
 6.05393e+16	9.89e-01	1.07e-02	4.98e-08	0.00e+00	0.00e+00	0.00e+00	0.00e+00	0.00e+00	0.00e+00	7.64e-01	1.52e-01	7.28e-02
 6.05403e+16	9.90e-01	1.04e-02	4.75e-08	0.00e+00	0.00e+00	0.00e+00	0.00e+00	0.00e+00	0.00e+00	7.63e-01	1.53e-01	7.30e-02
 6.05413e+16	9.90e-01	1.02e-02	4.55e-08	0.00e+00	0.00e+00	0.00e+00	0.00e+00	0.00e+00	0.00e+00	7.62e-01	1.54e-01	7.32e-02
 6.05422e+16	9.90e-01	1.01e-02	4.40e-08	0.00e+00	0.00e+00	0.00e+00	0.00e+00	0.00e+00	0.00e+00	7.62e-01	1.55e-01	7.33e-02
 6.05430e+16	9.90e-01	9.87e-03	4.21e-08	0.00e+00	0.00e+00	0.00e+00	0.00e+00	0.00e+00	0.00e+00	7.61e-01	1.56e-01	7.35e-02
 6.05438e+16	9.90e-01	9.70e-03	4.06e-08	0.00e+00	0.00e+00	0.00e+00	0.00e+00	0.00e+00	0.00e+00	7.60e-01	1.57e-01	7.36e-02
 6.05446e+16	9.90e-01	9.50e-03	3.89e-08	0.00e+00	0.00e+00	0.00e+00	0.00e+00	0.00e+00	0.00e+00	7.59e-01	1.58e-01	7.38e-02
 6.05453e+16	9.91e-01	9.36e-03	3.77e-08	0.00e+00	0.00e+00	0.00e+00	0.00e+00	0.00e+00	0.00e+00	7.58e-01	1.58e-01	7.39e-02
 6.05459e+16	9.91e-01	9.17e-03	3.62e-08	0.00e+00	0.00e+00	0.00e+00	0.00e+00	0.00e+00	0.00e+00	7.57e-01	1.59e-01	7.41e-02
 6.05466e+16	9.91e-01	9.00e-03	3.48e-08	0.00e+00	0.00e+00	0.00e+00	0.00e+00	0.00e+00	0.00e+00	7.56e-01	1.60e-01	7.43e-02
 6.05472e+16	9.91e-01	8.83e-03	3.35e-08	0.00e+00	0.00e+00	0.00e+00	0.00e+00	0.00e+00	0.00e+00	7.55e-01	1.61e-01	7.44e-02
 6.05478e+16	9.91e-01	8.65e-03	3.22e-08	0.00e+00	0.00e+00	0.00e+00	0.00e+00	0.00e+00	0.00e+00	7.54e-01	1.62e-01	7.46e-02
 6.05484e+16	9.92e-01	8.46e-03	3.08e-08	0.00e+00	0.00e+00	0.00e+00	0.00e+00	0.00e+00	0.00e+00	7.53e-01	1.64e-01	7.48e-02
 6.05490e+16	9.92e-01	8.26e-03	2.94e-08	0.00e+00	0.00e+00	0.00e+00	0.00e+00	0.00e+00	0.00e+00	7.52e-01	1.65e-01	7.50e-02
 6.05496e+16	9.92e-01	8.03e-03	2.79e-08	0.00e+00	0.00e+00	0.00e+00	0.00e+00	0.00e+00	0.00e+00	7.50e-01	1.66e-01	7.53e-02
 6.05502e+16	9.92e-01	7.78e-03	2.63e-08	0.00e+00	0.00e+00	0.00e+00	0.00e+00	0.00e+00	0.00e+00	7.49e-01	1.68e-01	7.55e-02
 6.05508e+16	9.93e-01	7.34e-03	2.38e-08	0.00e+00	0.00e+00	0.00e+00	0.00e+00	0.00e+00	0.00e+00	7.46e-01	1.71e-01	7.60e-02
