#depth	O	O+	O+2	O+3	O+4	O+5	O+6	O+7	O+8	O[1]	O[2]	O[3]
 1.66332e+11	9.12e-05	7.63e-02	9.23e-01	1.45e-04	0.00e+00	0.00e+00	0.00e+00	0.00e+00	0.00e+00	6.32e-05	1.96e-05	8.37e-06
 9.97991e+11	9.11e-05	7.64e-02	9.23e-01	1.44e-04	0.00e+00	0.00e+00	0.00e+00	0.00e+00	0.00e+00	6.32e-05	1.96e-05	8.37e-06
 4.32463e+12	9.13e-05	7.65e-02	9.23e-01	1.42e-04	0.00e+00	0.00e+00	0.00e+00	0.00e+00	0.00e+00	6.33e-05	1.96e-05	8.40e-06
 1.76312e+13	9.20e-05	7.70e-02	9.23e-01	1.33e-04	0.00e+00	0.00e+00	0.00e+00	0.00e+00	0.00e+00	6.37e-05	1.98e-05	8.48e-06
 4.21152e+13	9.22e-05	7.77e-02	9.22e-01	1.20e-04	0.00e+00	0.00e+00	0.00e+00	0.00e+00	0.00e+00	6.37e-05	1.99e-05	8.55e-06
 7.39445e+13	9.27e-05	7.86e-02	9.21e-01	1.05e-04	0.00e+00	0.00e+00	0.00e+00	0.00e+00	0.00e+00	6.41e-05	2.00e-05	8.62e-06
 1.15323e+14	9.37e-05	7.98e-02	9.20e-01	8.88e-05	0.00e+00	0.00e+00	0.00e+00	0.00e+00	0.00e+00	6.47e-05	2.02e-05	8.72e-06
 1.69114e+14	9.52e-05	8.13e-02	9.19e-01	7.10e-05	0.00e+00	0.00e+00	0.00e+00	0.00e+00	0.00e+00	6.58e-05	2.05e-05	8.87e-06
 2.39043e+14	9.72e-05	8.34e-02	9.16e-01	5.31e-05	0.00e+00	0.00e+00	0.00e+00	0.00e+00	0.00e+00	6.72e-05	2.10e-05	9.06e-06
 3.29951e+14	1.00e-04	8.61e-02	9.14e-01	3.64e-05	0.00e+00	0.00e+00	0.00e+00	0.00e+00	0.00e+00	6.92e-05	2.16e-05	9.33e-06
 4.48130e+14	1.04e-04	8.99e-02	9.10e-01	2.23e-05	0.00e+00	0.00e+00	0.00e+00	0.00e+00	0.00e+00	7.21e-05	2.25e-05	9.72e-06
 6.01764e+14	1.10e-04	9.51e-02	9.05e-01	1.19e-05	0.00e+00	0.00e+00	0.00e+00	0.00e+00	0.00e+00	7.62e-05	2.37e-05	1.03e-05
 8.01488e+14	1.19e-04	1.02e-01	8.97e-01	5.29e-06	0.00e+00	0.00e+00	0.00e+00	0.00e+00	0.00e+00	8.22e-05	2.55e-05	1.11e-05
 1.06113e+15	1.32e-04	1.13e-01	8.87e-01	1.88e-06	0.00e+00	0.00e+00	0.00e+00	0.00e+00	0.00e+00	9.12e-05	2.83e-05	1.23e-05
 1.39866e+15	1.52e-04	1.29e-01	8.70e-01	5.04e-07	0.00e+00	0.00e+00	0.00e+00	0.00e+00	0.00e+00	1.06e-04	3.26e-05	1.42e-05
 1.83746e+15	1.86e-04	1.56e-01	8.44e-01	0.00e+00	0.00e+00	0.00e+00	0.00e+00	0.00e+00	0.00e+00	1.29e-04	3.97e-05	1.73e-05
 2.29773e+15	2.29e-04	1.92e-01	8.08e-01	0.00e+00	0.00e+00	0.00e+00	0.00e+00	0.00e+00	0.00e+00	1.59e-04	4.88e-05	2.13e-05
 2.68964e+15	2.78e-04	2.32e-01	7.68e-01	0.00e+00	0.00e+00	0.00e+00	0.00e+00	0.00e+00	0.00e+00	1.93e-04	5.93e-05	2.59e-05
 3.01563e+15	3.31e-04	2.75e-01	7.25e-01	0.00e+00	0.00e+00	0.00e+00	0.00e+00	0.00e+00	0.00e+00	2.29e-04	7.06e-05	3.09e-05
 3.35223e+15	4.05e-04	3.31e-01	6.68e-01	0.00e+00	0.00e+00	0.00e+00	0.00e+00	0.00e+00	0.00e+00	2.81e-04	8.67e-05	3.80e-05
 3.71961e+15	5.04e-04	4.07e-01	5.92e-01	0.00e+00	0.00e+00	0.00e+00	0.00e+00	0.00e+00	0.00e+00	3.49e-04	1.08e-04	4.74e-05
 4.05135e+15	6.16e-04	4.92e-01	5.07e-01	0.00e+00	0.00e+00	0.00e+00	0.00e+00	0.00e+00	0.00e+00	4.25e-04	1.32e-04	5.81e-05
 4.34555e+15	7.34e-04	5.79e-01	4.20e-01	0.00e+00	0.00e+00	0.00e+00	0.00e+00	0.00e+00	0.00e+00	5.07e-04	1.58e-04	6.95e-05
 4.66660e+15	8.81e-04	6.80e-01	3.19e-01	0.00e+00	0.00e+00	0.00e+00	0.00e+00	0.00e+00	0.00e+00	6.07e-04	1.90e-04	8.38e-05
 5.05348e+15	1.06e-03	7.93e-01	2.06e-01	0.00e+00	0.00e+00	0.00e+00	0.00e+00	0.00e+00	0.00e+00	7.26e-04	2.29e-04	1.01e-04
 5.44431e+15	1.21e-03	8.81e-01	1.18e-01	0.00e+00	0.00e+00	0.00e+00	0.00e+00	0.00e+00	0.00e+00	8.31e-04	2.63e-04	1.16e-04
 5.79789e+15	1.33e-03	9.33e-01	6.60e-02	0.00e+00	0.00e+00	0.00e+00	0.00e+00	0.00e+00	0.00e+00	9.12e-04	2.89e-04	1.28e-04
 6.13275e+15	1.42e-03	9.62e-01	3.66e-02	0.00e+00	0.00e+00	0.00e+00	0.00e+00	0.00e+00	0.00e+00	9.78e-04	3.10e-04	1.37e-04
 6.44494e+15	1.52e-03	9.78e-01	2.08e-02	0.00e+00	0.00e+00	0.00e+00	0.00e+00	0.00e+00	0.00e+00	1.04e-03	3.30e-04	1.46e-04
 6.71888e+15	1.59e-03	9.86e-01	1.25e-02	0.00e+00	0.00e+00	0.00e+00	0.00e+00	0.00e+00	0.00e+00	1.09e-03	3.47e-04	1.53e-04
 6.96003e+15	1.67e-03	9.90e-01	7.96e-03	0.00e+00	0.00e+00	0.00e+00	0.00e+00	0.00e+00	0.00e+00	1.14e-03	3.63e-04	1.60e-04
 7.17597e+15	1.74e-03	9.93e-01	5.26e-03	0.00e+00	0.00e+00	0.00e+00	0.00e+00	0.00e+00	0.00e+00	1.19e-03	3.79e-04	1.67e-04
 7.37611e+15	1.81e-03	9.95e-01	3.56e-03	0.00e+00	0.00e+00	0.00e+00	0.00e+00	0.00e+00	0.00e+00	1.25e-03	3.95e-04	1.74e-04
 7.56302e+15	1.89e-03	9.96e-01	2.45e-03	0.00e+00	0.00e+00	0.00e+00	0.00e+00	0.00e+00	0.00e+00	1.29e-03	4.10e-04	1.80e-04
 7.73324e+15	1.96e-03	9.96e-01	1.74e-03	0.00e+00	0.00e+00	0.00e+00	0.00e+00	0.00e+00	0.00e+00	1.35e-03	4.26e-04	1.87e-04
 7.88633e+15	2.04e-03	9.97e-01	1.26e-03	0.00e+00	0.00e+00	0.00e+00	0.00e+00	0.00e+00	0.00e+00	1.40e-03	4.43e-04	1.95e-04
 8.02855e+15	2.11e-03	9.97e-01	9.27e-04	0.00e+00	0.00e+00	0.00e+00	0.00e+00	0.00e+00	0.00e+00	1.45e-03	4.59e-04	2.02e-04
 8.16377e+15	2.18e-03	9.97e-01	6.87e-04	0.00e+00	0.00e+00	0.00e+00	0.00e+00	0.00e+00	0.00e+00	1.50e-03	4.74e-04	2.08e-04
 8.28656e+15	2.26e-03	9.97e-01	5.19e-04	0.00e+00	0.00e+00	0.00e+00	0.00e+00	0.00e+00	0.00e+00	1.56e-03	4.91e-04	2.15e-04
 8.39581e+15	2.33e-03	9.97e-01	3.99e-04	0.00e+00	0.00e+00	0.00e+00	0.00e+00	0.00e+00	0.00e+00	1.60e-03	5.06e-04	2.22e-04
 8.49674e+15	2.39e-03	9.97e-01	3.11e-04	0.00e+00	0.00e+00	0.00e+00	0.00e+00	0.00e+00	0.00e+00	1.65e-03	5.19e-04	2.28e-04
 8.58980e+15	2.46e-03	9.97e-01	2.44e-04	0.00e+00	0.00e+00	0.00e+00	0.00e+00	0.00e+00	0.00e+00	1.70e-03	5.34e-04	2.34e-04
 8.67591e+15	2.52e-03	9.97e-01	1.92e-04	0.00e+00	0.00e+00	0.00e+00	0.00e+00	0.00e+00	0.00e+00	1.74e-03	5.46e-04	2.39e-04
 8.75615e+15	2.59e-03	9.97e-01	1.52e-04	0.00e+00	0.00e+00	0.00e+00	0.00e+00	0.00e+00	0.00e+00	1.78e-03	5.60e-04	2.45e-04
 8.83178e+15	2.64e-03	9.97e-01	1.21e-04	0.00e+00	0.00e+00	0.00e+00	0.00e+00	0.00e+00	0.00e+00	1.82e-03	5.71e-04	2.50e-04
 8.90235e+15	2.70e-03	9.97e-01	9.57e-05	0.00e+00	0.00e+00	0.00e+00	0.00e+00	0.00e+00	0.00e+00	1.86e-03	5.84e-04	2.55e-04
 8.96666e+15	2.74e-03	9.97e-01	7.62e-05	0.00e+00	0.00e+00	0.00e+00	0.00e+00	0.00e+00	0.00e+00	1.89e-03	5.93e-04	2.59e-04
 9.02606e+15	2.79e-03	9.97e-01	6.08e-05	0.00e+00	0.00e+00	0.00e+00	0.00e+00	0.00e+00	0.00e+00	1.92e-03	6.04e-04	2.64e-04
 9.08234e+15	2.83e-03	9.97e-01	4.83e-05	0.00e+00	0.00e+00	0.00e+00	0.00e+00	0.00e+00	0.00e+00	1.95e-03	6.12e-04	2.67e-04
 9.14598e+15	2.87e-03	9.97e-01	3.61e-05	0.00e+00	0.00e+00	0.00e+00	0.00e+00	0.00e+00	0.00e+00	1.98e-03	6.21e-04	2.72e-04
 9.21100e+15	2.92e-03	9.97e-01	2.63e-05	0.00e+00	0.00e+00	0.00e+00	0.00e+00	0.00e+00	0.00e+00	2.01e-03	6.31e-04	2.76e-04
 9.26209e+15	2.96e-03	9.97e-01	1.99e-05	0.00e+00	0.00e+00	0.00e+00	0.00e+00	0.00e+00	0.00e+00	2.04e-03	6.39e-04	2.79e-04
 9.30549e+15	2.98e-03	9.97e-01	1.54e-05	0.00e+00	0.00e+00	0.00e+00	0.00e+00	0.00e+00	0.00e+00	2.06e-03	6.44e-04	2.81e-04
 9.35462e+15	3.01e-03	9.97e-01	1.13e-05	0.00e+00	0.00e+00	0.00e+00	0.00e+00	0.00e+00	0.00e+00	2.08e-03	6.50e-04	2.84e-04
 9.41848e+15	3.05e-03	9.97e-01	7.38e-06	0.00e+00	0.00e+00	0.00e+00	0.00e+00	0.00e+00	0.00e+00	2.10e-03	6.57e-04	2.87e-04
 9.50149e+15	3.08e-03	9.97e-01	4.16e-06	0.00e+00	0.00e+00	0.00e+00	0.00e+00	0.00e+00	0.00e+00	2.13e-03	6.65e-04	2.90e-04
 9.60942e+15	3.14e-03	9.97e-01	1.94e-06	0.00e+00	0.00e+00	0.00e+00	0.00e+00	0.00e+00	0.00e+00	2.16e-03	6.77e-04	2.95e-04
 9.74972e+15	3.21e-03	9.97e-01	7.28e-07	0.00e+00	0.00e+00	0.00e+00	0.00e+00	0.00e+00	0.00e+00	2.21e-03	6.95e-04	3.03e-04
 9.93210e+15	3.31e-03	9.97e-01	2.13e-07	0.00e+00	0.00e+00	0.00e+00	0.00e+00	0.00e+00	0.00e+00	2.28e-03	7.18e-04	3.13e-04
 1.01692e+16	3.46e-03	9.97e-01	4.65e-08	0.00e+00	0.00e+00	0.00e+00	0.00e+00	0.00e+00	0.00e+00	2.38e-03	7.53e-04	3.28e-04
 1.04663e+16	3.65e-03	9.96e-01	7.66e-09	0.00e+00	0.00e+00	0.00e+00	0.00e+00	0.00e+00	0.00e+00	2.51e-03	7.99e-04	3.48e-04
 1.07799e+16	3.90e-03	9.96e-01	1.22e-09	0.00e+00	0.00e+00	0.00e+00	0.00e+00	0.00e+00	0.00e+00	2.67e-03	8.58e-04	3.74e-04
 1.10768e+16	4.17e-03	9.96e-01	2.38e-10	0.00e+00	0.00e+00	0.00e+00	0.00e+00	0.00e+00	0.00e+00	2.85e-03	9.19e-04	4.01e-04
 1.13679e+16	4.45e-03	9.96e-01	5.59e-11	0.00e+00	0.00e+00	0.00e+00	0.00e+00	0.00e+00	0.00e+00	3.03e-03	9.85e-04	4.30e-04
 1.16565e+16	4.76e-03	9.95e-01	1.83e-11	0.00e+00	0.00e+00	0.00e+00	0.00e+00	0.00e+00	0.00e+00	3.24e-03	1.06e-03	4.62e-04
 1.19425e+16	5.11e-03	9.95e-01	9.89e-12	0.00e+00	0.00e+00	0.00e+00	0.00e+00	0.00e+00	0.00e+00	3.47e-03	1.14e-03	4.98e-04
 1.22237e+16	5.49e-03	9.95e-01	7.73e-12	0.00e+00	0.00e+00	0.00e+00	0.00e+00	0.00e+00	0.00e+00	3.72e-03	1.23e-03	5.37e-04
 1.24990e+16	5.91e-03	9.94e-01	7.00e-12	0.00e+00	0.00e+00	0.00e+00	0.00e+00	0.00e+00	0.00e+00	3.99e-03	1.33e-03	5.80e-04
 1.27686e+16	6.37e-03	9.94e-01	6.61e-12	0.00e+00	0.00e+00	0.00e+00	0.00e+00	0.00e+00	0.00e+00	4.30e-03	1.44e-03	6.29e-04
 1.30318e+16	6.88e-03	9.93e-01	6.31e-12	0.00e+00	0.00e+00	0.00e+00	0.00e+00	0.00e+00	0.00e+00	4.64e-03	1.56e-03	6.82e-04
 1.32877e+16	7.45e-03	9.93e-01	6.04e-12	0.00e+00	0.00e+00	0.00e+00	0.00e+00	0.00e+00	0.00e+00	5.01e-03	1.70e-03	7.41e-04
 1.35369e+16	8.07e-03	9.92e-01	5.78e-12	0.00e+00	0.00e+00	0.00e+00	0.00e+00	0.00e+00	0.00e+00	5.42e-03	1.84e-03	8.06e-04
 1.37798e+16	8.77e-03	9.91e-01	5.54e-12	0.00e+00	0.00e+00	0.00e+00	0.00e+00	0.00e+00	0.00e+00	5.88e-03	2.01e-03	8.79e-04
 1.40164e+16	9.55e-03	9.90e-01	5.30e-12	0.00e+00	0.00e+00	0.00e+00	0.00e+00	0.00e+00	0.00e+00	6.39e-03	2.20e-03	9.61e-04
 1.42467e+16	1.04e-02	9.90e-01	5.07e-12	0.00e+00	0.00e+00	0.00e+00	0.00e+00	0.00e+00	0.00e+00	6.97e-03	2.41e-03	1.05e-03
 1.44710e+16	1.14e-02	9.89e-01	4.84e-12	0.00e+00	0.00e+00	0.00e+00	0.00e+00	0.00e+00	0.00e+00	7.62e-03	2.65e-03	1.16e-03
 1.46899e+16	1.26e-02	9.87e-01	4.62e-12	0.00e+00	0.00e+00	0.00e+00	0.00e+00	0.00e+00	0.00e+00	8.36e-03	2.92e-03	1.28e-03
 1.49041e+16	1.39e-02	9.86e-01	4.40e-12	0.00e+00	0.00e+00	0.00e+00	0.00e+00	0.00e+00	0.00e+00	9.21e-03	3.23e-03	1.41e-03
 1.51138e+16	1.54e-02	9.85e-01	4.18e-12	0.00e+00	0.00e+00	0.00e+00	0.00e+00	0.00e+00	0.00e+00	1.02e-02	3.60e-03	1.57e-03
 1.53195e+16	1.72e-02	9.83e-01	3.96e-12	0.00e+00	0.00e+00	0.00e+00	0.00e+00	0.00e+00	0.00e+00	1.14e-02	4.04e-03	1.76e-03
 1.55220e+16	1.94e-02	9.81e-01	3.75e-12	0.00e+00	0.00e+00	0.00e+00	0.00e+00	0.00e+00	0.00e+00	1.28e-02	4.56e-03	1.99e-03
 1.57222e+16	2.20e-02	9.78e-01	3.53e-12	0.00e+00	0.00e+00	0.00e+00	0.00e+00	0.00e+00	0.00e+00	1.46e-02	5.20e-03	2.26e-03
 1.59211e+16	2.54e-02	9.75e-01	3.30e-12	0.00e+00	0.00e+00	0.00e+00	0.00e+00	0.00e+00	0.00e+00	1.68e-02	6.02e-03	2.61e-03
 1.61203e+16	2.98e-02	9.70e-01	3.07e-12	0.00e+00	0.00e+00	0.00e+00	0.00e+00	0.00e+00	0.00e+00	1.97e-02	7.08e-03	3.06e-03
 1.63087e+16	3.56e-02	9.64e-01	2.84e-12	0.00e+00	0.00e+00	0.00e+00	0.00e+00	0.00e+00	0.00e+00	2.35e-02	8.47e-03	3.65e-03
 1.64670e+16	4.24e-02	9.58e-01	2.64e-12	0.00e+00	0.00e+00	0.00e+00	0.00e+00	0.00e+00	0.00e+00	2.80e-02	1.01e-02	4.35e-03
 1.65921e+16	4.98e-02	9.50e-01	2.47e-12	0.00e+00	0.00e+00	0.00e+00	0.00e+00	0.00e+00	0.00e+00	3.28e-02	1.19e-02	5.10e-03
 1.66957e+16	5.77e-02	9.42e-01	2.33e-12	0.00e+00	0.00e+00	0.00e+00	0.00e+00	0.00e+00	0.00e+00	3.81e-02	1.37e-02	5.91e-03
 1.67897e+16	6.70e-02	9.33e-01	2.19e-12	0.00e+00	0.00e+00	0.00e+00	0.00e+00	0.00e+00	0.00e+00	4.41e-02	1.59e-02	6.85e-03
 1.68782e+16	7.84e-02	9.22e-01	2.04e-12	0.00e+00	0.00e+00	0.00e+00	0.00e+00	0.00e+00	0.00e+00	5.17e-02	1.86e-02	8.02e-03
 1.69586e+16	9.22e-02	9.08e-01	1.94e-12	0.00e+00	0.00e+00	0.00e+00	0.00e+00	0.00e+00	0.00e+00	6.09e-02	2.19e-02	9.42e-03
 1.70280e+16	1.08e-01	8.92e-01	1.84e-12	0.00e+00	0.00e+00	0.00e+00	0.00e+00	0.00e+00	0.00e+00	7.14e-02	2.55e-02	1.10e-02
 1.70874e+16	1.26e-01	8.74e-01	1.75e-12	0.00e+00	0.00e+00	0.00e+00	0.00e+00	0.00e+00	0.00e+00	8.33e-02	2.96e-02	1.28e-02
 1.71396e+16	1.46e-01	8.54e-01	1.68e-12	0.00e+00	0.00e+00	0.00e+00	0.00e+00	0.00e+00	0.00e+00	9.67e-02	3.42e-02	1.48e-02
 1.71872e+16	1.69e-01	8.31e-01	1.62e-12	0.00e+00	0.00e+00	0.00e+00	0.00e+00	0.00e+00	0.00e+00	1.12e-01	3.94e-02	1.72e-02
 1.72311e+16	1.96e-01	8.04e-01	1.57e-12	0.00e+00	0.00e+00	0.00e+00	0.00e+00	0.00e+00	0.00e+00	1.31e-01	4.54e-02	1.99e-02
 1.72712e+16	2.27e-01	7.73e-01	1.52e-12	0.00e+00	0.00e+00	0.00e+00	0.00e+00	0.00e+00	0.00e+00	1.52e-01	5.22e-02	2.30e-02
 1.73074e+16	2.62e-01	7.38e-01	1.48e-12	0.00e+00	0.00e+00	0.00e+00	0.00e+00	0.00e+00	0.00e+00	1.76e-01	5.96e-02	2.65e-02
 1.73405e+16	3.02e-01	6.98e-01	1.45e-12	0.00e+00	0.00e+00	0.00e+00	0.00e+00	0.00e+00	0.00e+00	2.04e-01	6.77e-02	3.03e-02
 1.73698e+16	3.44e-01	6.56e-01	1.43e-12	0.00e+00	0.00e+00	0.00e+00	0.00e+00	0.00e+00	0.00e+00	2.33e-01	7.59e-02	3.44e-02
 1.73931e+16	3.82e-01	6.18e-01	1.41e-12	0.00e+00	0.00e+00	0.00e+00	0.00e+00	0.00e+00	0.00e+00	2.61e-01	8.32e-02	3.80e-02
 1.74104e+16	4.14e-01	5.86e-01	1.39e-12	0.00e+00	0.00e+00	0.00e+00	0.00e+00	0.00e+00	0.00e+00	2.84e-01	8.89e-02	4.10e-02
 1.74242e+16	4.41e-01	5.59e-01	1.38e-12	0.00e+00	0.00e+00	0.00e+00	0.00e+00	0.00e+00	0.00e+00	3.04e-01	9.36e-02	4.35e-02
 1.74367e+16	4.67e-01	5.33e-01	1.36e-12	0.00e+00	0.00e+00	0.00e+00	0.00e+00	0.00e+00	0.00e+00	3.23e-01	9.79e-02	4.59e-02
 1.74487e+16	4.92e-01	5.08e-01	1.35e-12	0.00e+00	0.00e+00	0.00e+00	0.00e+00	0.00e+00	0.00e+00	3.42e-01	1.02e-01	4.81e-02
 1.74597e+16	5.17e-01	4.83e-01	1.33e-12	0.00e+00	0.00e+00	0.00e+00	0.00e+00	0.00e+00	0.00e+00	3.61e-01	1.06e-01	5.02e-02
 1.74694e+16	5.39e-01	4.61e-01	1.32e-12	0.00e+00	0.00e+00	0.00e+00	0.00e+00	0.00e+00	0.00e+00	3.78e-01	1.09e-01	5.21e-02
 1.74783e+16	5.60e-01	4.40e-01	1.30e-12	0.00e+00	0.00e+00	0.00e+00	0.00e+00	0.00e+00	0.00e+00	3.95e-01	1.11e-01	5.39e-02
 1.74867e+16	5.80e-01	4.20e-01	1.29e-12	0.00e+00	0.00e+00	0.00e+00	0.00e+00	0.00e+00	0.00e+00	4.10e-01	1.14e-01	5.54e-02
 1.74947e+16	5.99e-01	4.01e-01	1.27e-12	0.00e+00	0.00e+00	0.00e+00	0.00e+00	0.00e+00	0.00e+00	4.26e-01	1.16e-01	5.69e-02
 1.75010e+16	6.14e-01	3.86e-01	1.26e-12	0.00e+00	0.00e+00	0.00e+00	0.00e+00	0.00e+00	0.00e+00	4.38e-01	1.18e-01	5.80e-02
 1.75056e+16	6.25e-01	3.75e-01	1.25e-12	0.00e+00	0.00e+00	0.00e+00	0.00e+00	0.00e+00	0.00e+00	4.47e-01	1.19e-01	5.89e-02
 1.75100e+16	6.35e-01	3.65e-01	1.24e-12	0.00e+00	0.00e+00	0.00e+00	0.00e+00	0.00e+00	0.00e+00	4.56e-01	1.20e-01	5.96e-02
 1.75150e+16	6.47e-01	3.53e-01	1.23e-12	0.00e+00	0.00e+00	0.00e+00	0.00e+00	0.00e+00	0.00e+00	4.66e-01	1.21e-01	6.05e-02
 1.75202e+16	6.59e-01	3.41e-01	1.22e-12	0.00e+00	0.00e+00	0.00e+00	0.00e+00	0.00e+00	0.00e+00	4.76e-01	1.22e-01	6.13e-02
 1.75252e+16	6.71e-01	3.29e-01	1.20e-12	0.00e+00	0.00e+00	0.00e+00	0.00e+00	0.00e+00	0.00e+00	4.87e-01	1.23e-01	6.21e-02
 1.75301e+16	6.83e-01	3.17e-01	1.19e-12	0.00e+00	0.00e+00	0.00e+00	0.00e+00	0.00e+00	0.00e+00	4.97e-01	1.23e-01	6.28e-02
 1.75348e+16	6.94e-01	3.06e-01	1.17e-12	0.00e+00	0.00e+00	0.00e+00	0.00e+00	0.00e+00	0.00e+00	5.06e-01	1.24e-01	6.35e-02
 1.75395e+16	7.04e-01	2.96e-01	1.16e-12	0.00e+00	0.00e+00	0.00e+00	0.00e+00	0.00e+00	0.00e+00	5.16e-01	1.25e-01	6.41e-02
 1.75443e+16	7.15e-01	2.85e-01	1.14e-12	0.00e+00	0.00e+00	0.00e+00	0.00e+00	0.00e+00	0.00e+00	5.26e-01	1.25e-01	6.47e-02
 1.75491e+16	7.26e-01	2.74e-01	1.13e-12	0.00e+00	0.00e+00	0.00e+00	0.00e+00	0.00e+00	0.00e+00	5.35e-01	1.25e-01	6.52e-02
 1.75537e+16	7.36e-01	2.64e-01	1.11e-12	0.00e+00	0.00e+00	0.00e+00	0.00e+00	0.00e+00	0.00e+00	5.45e-01	1.26e-01	6.57e-02
 1.75582e+16	7.46e-01	2.54e-01	1.10e-12	0.00e+00	0.00e+00	0.00e+00	0.00e+00	0.00e+00	0.00e+00	5.54e-01	1.26e-01	6.62e-02
 1.75628e+16	7.56e-01	2.44e-01	1.08e-12	0.00e+00	0.00e+00	0.00e+00	0.00e+00	0.00e+00	0.00e+00	5.63e-01	1.26e-01	6.66e-02
 1.75674e+16	7.65e-01	2.35e-01	1.06e-12	0.00e+00	0.00e+00	0.00e+00	0.00e+00	0.00e+00	0.00e+00	5.73e-01	1.26e-01	6.69e-02
 1.75719e+16	7.75e-01	2.25e-01	1.04e-12	0.00e+00	0.00e+00	0.00e+00	0.00e+00	0.00e+00	0.00e+00	5.82e-01	1.26e-01	6.71e-02
 1.75763e+16	7.83e-01	2.17e-01	1.03e-12	0.00e+00	0.00e+00	0.00e+00	0.00e+00	0.00e+00	0.00e+00	5.90e-01	1.26e-01	6.73e-02
 1.75808e+16	7.92e-01	2.08e-01	1.01e-12	0.00e+00	0.00e+00	0.00e+00	0.00e+00	0.00e+00	0.00e+00	5.99e-01	1.25e-01	6.75e-02
 1.75853e+16	8.01e-01	1.99e-01	9.90e-13	0.00e+00	0.00e+00	0.00e+00	0.00e+00	0.00e+00	0.00e+00	6.08e-01	1.25e-01	6.76e-02
 1.75896e+16	8.09e-01	1.91e-01	9.73e-13	0.00e+00	0.00e+00	0.00e+00	0.00e+00	0.00e+00	0.00e+00	6.16e-01	1.25e-01	6.77e-02
 1.75939e+16	8.16e-01	1.84e-01	9.55e-13	0.00e+00	0.00e+00	0.00e+00	0.00e+00	0.00e+00	0.00e+00	6.24e-01	1.24e-01	6.77e-02
 1.75982e+16	8.24e-01	1.76e-01	9.36e-13	0.00e+00	0.00e+00	0.00e+00	0.00e+00	0.00e+00	0.00e+00	6.32e-01	1.24e-01	6.77e-02
 1.76025e+16	8.31e-01	1.69e-01	9.17e-13	0.00e+00	0.00e+00	0.00e+00	0.00e+00	0.00e+00	0.00e+00	6.40e-01	1.23e-01	6.77e-02
 1.76067e+16	8.38e-01	1.62e-01	8.99e-13	0.00e+00	0.00e+00	0.00e+00	0.00e+00	0.00e+00	0.00e+00	6.48e-01	1.23e-01	6.76e-02
 1.76108e+16	8.45e-01	1.55e-01	8.81e-13	0.00e+00	0.00e+00	0.00e+00	0.00e+00	0.00e+00	0.00e+00	6.55e-01	1.22e-01	6.75e-02
 1.76149e+16	8.51e-01	1.49e-01	8.63e-13	0.00e+00	0.00e+00	0.00e+00	0.00e+00	0.00e+00	0.00e+00	6.62e-01	1.21e-01	6.74e-02
 1.76189e+16	8.57e-01	1.43e-01	8.45e-13	0.00e+00	0.00e+00	0.00e+00	0.00e+00	0.00e+00	0.00e+00	6.69e-01	1.21e-01	6.73e-02
 1.76229e+16	8.63e-01	1.37e-01	8.28e-13	0.00e+00	0.00e+00	0.00e+00	0.00e+00	0.00e+00	0.00e+00	6.76e-01	1.20e-01	6.71e-02
 1.76269e+16	8.69e-01	1.31e-01	8.09e-13	0.00e+00	0.00e+00	0.00e+00	0.00e+00	0.00e+00	0.00e+00	6.82e-01	1.19e-01	6.69e-02
 1.76308e+16	8.74e-01	1.26e-01	7.92e-13	0.00e+00	0.00e+00	0.00e+00	0.00e+00	0.00e+00	0.00e+00	6.88e-01	1.19e-01	6.67e-02
 1.76347e+16	8.79e-01	1.21e-01	7.75e-13	0.00e+00	0.00e+00	0.00e+00	0.00e+00	0.00e+00	0.00e+00	6.95e-01	1.18e-01	6.64e-02
 1.76385e+16	8.84e-01	1.16e-01	7.57e-13	0.00e+00	0.00e+00	0.00e+00	0.00e+00	0.00e+00	0.00e+00	7.01e-01	1.17e-01	6.62e-02
 1.76423e+16	8.88e-01	1.12e-01	7.40e-13	0.00e+00	0.00e+00	0.00e+00	0.00e+00	0.00e+00	0.00e+00	7.06e-01	1.16e-01	6.60e-02
 1.76461e+16	8.93e-01	1.07e-01	7.24e-13	0.00e+00	0.00e+00	0.00e+00	0.00e+00	0.00e+00	0.00e+00	7.12e-01	1.16e-01	6.57e-02
 1.76499e+16	8.97e-01	1.03e-01	7.08e-13	0.00e+00	0.00e+00	0.00e+00	0.00e+00	0.00e+00	0.00e+00	7.17e-01	1.15e-01	6.54e-02
 1.76535e+16	9.01e-01	9.86e-02	6.92e-13	0.00e+00	0.00e+00	0.00e+00	0.00e+00	0.00e+00	0.00e+00	7.22e-01	1.14e-01	6.51e-02
 1.76572e+16	9.05e-01	9.46e-02	6.75e-13	0.00e+00	0.00e+00	0.00e+00	0.00e+00	0.00e+00	0.00e+00	7.27e-01	1.13e-01	6.49e-02
 1.76610e+16	9.09e-01	9.07e-02	6.59e-13	0.00e+00	0.00e+00	0.00e+00	0.00e+00	0.00e+00	0.00e+00	7.32e-01	1.12e-01	6.46e-02
 1.76647e+16	9.13e-01	8.71e-02	6.44e-13	0.00e+00	0.00e+00	0.00e+00	0.00e+00	0.00e+00	0.00e+00	7.37e-01	1.12e-01	6.42e-02
 1.76683e+16	9.16e-01	8.36e-02	6.29e-13	0.00e+00	0.00e+00	0.00e+00	0.00e+00	0.00e+00	0.00e+00	7.42e-01	1.11e-01	6.39e-02
 1.76718e+16	9.20e-01	8.04e-02	6.14e-13	0.00e+00	0.00e+00	0.00e+00	0.00e+00	0.00e+00	0.00e+00	7.46e-01	1.10e-01	6.37e-02
 1.76754e+16	9.23e-01	7.71e-02	6.00e-13	0.00e+00	0.00e+00	0.00e+00	0.00e+00	0.00e+00	0.00e+00	7.50e-01	1.10e-01	6.34e-02
 1.76790e+16	9.26e-01	7.40e-02	5.85e-13	0.00e+00	0.00e+00	0.00e+00	0.00e+00	0.00e+00	0.00e+00	7.54e-01	1.09e-01	6.31e-02
 1.76826e+16	9.29e-01	7.10e-02	5.70e-13	0.00e+00	0.00e+00	0.00e+00	0.00e+00	0.00e+00	0.00e+00	7.58e-01	1.08e-01	6.27e-02
 1.76861e+16	9.32e-01	6.82e-02	5.57e-13	0.00e+00	0.00e+00	0.00e+00	0.00e+00	0.00e+00	0.00e+00	7.62e-01	1.07e-01	6.25e-02
 1.76897e+16	9.35e-01	6.55e-02	5.43e-13	0.00e+00	0.00e+00	0.00e+00	0.00e+00	0.00e+00	0.00e+00	7.66e-01	1.07e-01	6.22e-02
 1.76932e+16	9.37e-01	6.28e-02	5.30e-13	0.00e+00	0.00e+00	0.00e+00	0.00e+00	0.00e+00	0.00e+00	7.69e-01	1.06e-01	6.19e-02
 1.76966e+16	9.40e-01	6.03e-02	5.16e-13	0.00e+00	0.00e+00	0.00e+00	0.00e+00	0.00e+00	0.00e+00	7.73e-01	1.05e-01	6.16e-02
 1.77002e+16	9.42e-01	5.80e-02	5.04e-13	0.00e+00	0.00e+00	0.00e+00	0.00e+00	0.00e+00	0.00e+00	7.76e-01	1.05e-01	6.13e-02
 1.77037e+16	9.44e-01	5.56e-02	4.91e-13	0.00e+00	0.00e+00	0.00e+00	0.00e+00	0.00e+00	0.00e+00	7.79e-01	1.04e-01	6.10e-02
 1.77072e+16	9.47e-01	5.33e-02	4.79e-13	0.00e+00	0.00e+00	0.00e+00	0.00e+00	0.00e+00	0.00e+00	7.83e-01	1.03e-01	6.07e-02
 1.77105e+16	9.49e-01	5.12e-02	4.67e-13	0.00e+00	0.00e+00	0.00e+00	0.00e+00	0.00e+00	0.00e+00	7.86e-01	1.03e-01	6.04e-02
 1.77140e+16	9.51e-01	4.91e-02	4.55e-13	0.00e+00	0.00e+00	0.00e+00	0.00e+00	0.00e+00	0.00e+00	7.89e-01	1.02e-01	6.01e-02
 1.77174e+16	9.53e-01	4.71e-02	4.43e-13	0.00e+00	0.00e+00	0.00e+00	0.00e+00	0.00e+00	0.00e+00	7.91e-01	1.02e-01	5.99e-02
 1.77209e+16	9.55e-01	4.52e-02	4.32e-13	0.00e+00	0.00e+00	0.00e+00	0.00e+00	0.00e+00	0.00e+00	7.94e-01	1.01e-01	5.96e-02
 1.77242e+16	9.57e-01	4.34e-02	4.21e-13	0.00e+00	0.00e+00	0.00e+00	0.00e+00	0.00e+00	0.00e+00	7.97e-01	1.01e-01	5.93e-02
 1.77276e+16	9.58e-01	4.17e-02	4.11e-13	0.00e+00	0.00e+00	0.00e+00	0.00e+00	0.00e+00	0.00e+00	7.99e-01	1.00e-01	5.91e-02
 1.77310e+16	9.60e-01	4.01e-02	4.01e-13	0.00e+00	0.00e+00	0.00e+00	0.00e+00	0.00e+00	0.00e+00	8.02e-01	9.94e-02	5.88e-02
 1.77342e+16	9.61e-01	3.85e-02	3.91e-13	0.00e+00	0.00e+00	0.00e+00	0.00e+00	0.00e+00	0.00e+00	8.04e-01	9.89e-02	5.86e-02
 1.77375e+16	9.63e-01	3.70e-02	3.82e-13	0.00e+00	0.00e+00	0.00e+00	0.00e+00	0.00e+00	0.00e+00	8.06e-01	9.84e-02	5.83e-02
 1.77408e+16	9.65e-01	3.55e-02	3.72e-13	0.00e+00	0.00e+00	0.00e+00	0.00e+00	0.00e+00	0.00e+00	8.09e-01	9.79e-02	5.80e-02
 1.77441e+16	9.66e-01	3.40e-02	3.63e-13	0.00e+00	0.00e+00	0.00e+00	0.00e+00	0.00e+00	0.00e+00	8.11e-01	9.74e-02	5.78e-02
 1.77474e+16	9.67e-01	3.27e-02	3.54e-13	0.00e+00	0.00e+00	0.00e+00	0.00e+00	0.00e+00	0.00e+00	8.13e-01	9.68e-02	5.75e-02
 1.77506e+16	9.69e-01	3.13e-02	3.45e-13	0.00e+00	0.00e+00	0.00e+00	0.00e+00	0.00e+00	0.00e+00	8.15e-01	9.63e-02	5.73e-02
 1.77538e+16	9.70e-01	3.01e-02	3.37e-13	0.00e+00	0.00e+00	0.00e+00	0.00e+00	0.00e+00	0.00e+00	8.17e-01	9.58e-02	5.70e-02
 1.77570e+16	9.71e-01	2.88e-02	3.29e-13	0.00e+00	0.00e+00	0.00e+00	0.00e+00	0.00e+00	0.00e+00	8.19e-01	9.54e-02	5.68e-02
 1.77602e+16	9.72e-01	2.77e-02	3.21e-13	0.00e+00	0.00e+00	0.00e+00	0.00e+00	0.00e+00	0.00e+00	8.21e-01	9.49e-02	5.65e-02
 1.77633e+16	9.73e-01	2.65e-02	3.13e-13	0.00e+00	0.00e+00	0.00e+00	0.00e+00	0.00e+00	0.00e+00	8.23e-01	9.44e-02	5.63e-02
 1.77664e+16	9.75e-01	2.54e-02	3.06e-13	0.00e+00	0.00e+00	0.00e+00	0.00e+00	0.00e+00	0.00e+00	8.25e-01	9.39e-02	5.60e-02
 1.77694e+16	9.76e-01	2.44e-02	2.99e-13	0.00e+00	0.00e+00	0.00e+00	0.00e+00	0.00e+00	0.00e+00	8.26e-01	9.35e-02	5.57e-02
 1.77724e+16	9.77e-01	2.34e-02	2.93e-13	0.00e+00	0.00e+00	0.00e+00	0.00e+00	0.00e+00	0.00e+00	8.28e-01	9.30e-02	5.55e-02
 1.77754e+16	9.78e-01	2.24e-02	2.86e-13	0.00e+00	0.00e+00	0.00e+00	0.00e+00	0.00e+00	0.00e+00	8.30e-01	9.25e-02	5.52e-02
 1.77784e+16	9.79e-01	2.14e-02	2.80e-13	0.00e+00	0.00e+00	0.00e+00	0.00e+00	0.00e+00	0.00e+00	8.32e-01	9.20e-02	5.49e-02
 1.77813e+16	9.79e-01	2.05e-02	2.73e-13	0.00e+00	0.00e+00	0.00e+00	0.00e+00	0.00e+00	0.00e+00	8.33e-01	9.16e-02	5.47e-02
 1.77841e+16	9.80e-01	1.97e-02	2.68e-13	0.00e+00	0.00e+00	0.00e+00	0.00e+00	0.00e+00	0.00e+00	8.35e-01	9.11e-02	5.44e-02
 1.77867e+16	9.81e-01	1.89e-02	2.63e-13	0.00e+00	0.00e+00	0.00e+00	0.00e+00	0.00e+00	0.00e+00	8.36e-01	9.06e-02	5.41e-02
 1.77891e+16	9.82e-01	1.82e-02	2.58e-13	0.00e+00	0.00e+00	0.00e+00	0.00e+00	0.00e+00	0.00e+00	8.38e-01	9.02e-02	5.38e-02
 1.77913e+16	9.82e-01	1.75e-02	2.54e-13	0.00e+00	0.00e+00	0.00e+00	0.00e+00	0.00e+00	0.00e+00	8.39e-01	8.98e-02	5.36e-02
 1.77933e+16	9.83e-01	1.70e-02	2.50e-13	0.00e+00	0.00e+00	0.00e+00	0.00e+00	0.00e+00	0.00e+00	8.40e-01	8.94e-02	5.33e-02
 1.77952e+16	9.84e-01	1.64e-02	2.46e-13	0.00e+00	0.00e+00	0.00e+00	0.00e+00	0.00e+00	0.00e+00	8.41e-01	8.90e-02	5.31e-02
 1.77969e+16	9.84e-01	1.59e-02	2.42e-13	0.00e+00	0.00e+00	0.00e+00	0.00e+00	0.00e+00	0.00e+00	8.43e-01	8.87e-02	5.28e-02
 1.77985e+16	9.85e-01	1.55e-02	2.39e-13	0.00e+00	0.00e+00	0.00e+00	0.00e+00	0.00e+00	0.00e+00	8.44e-01	8.83e-02	5.26e-02
 1.78000e+16	9.85e-01	1.50e-02	2.36e-13	0.00e+00	0.00e+00	0.00e+00	0.00e+00	0.00e+00	0.00e+00	8.45e-01	8.80e-02	5.24e-02
 1.78014e+16	9.85e-01	1.47e-02	2.33e-13	0.00e+00	0.00e+00	0.00e+00	0.00e+00	0.00e+00	0.00e+00	8.46e-01	8.77e-02	5.21e-02
 1.78026e+16	9.86e-01	1.43e-02	2.30e-13	0.00e+00	0.00e+00	0.00e+00	0.00e+00	0.00e+00	0.00e+00	8.46e-01	8.74e-02	5.19e-02
 1.78038e+16	9.86e-01	1.40e-02	2.28e-13	0.00e+00	0.00e+00	0.00e+00	0.00e+00	0.00e+00	0.00e+00	8.47e-01	8.71e-02	5.17e-02
 1.78048e+16	9.86e-01	1.37e-02	2.26e-13	0.00e+00	0.00e+00	0.00e+00	0.00e+00	0.00e+00	0.00e+00	8.48e-01	8.68e-02	5.16e-02
 1.78057e+16	9.87e-01	1.34e-02	2.23e-13	0.00e+00	0.00e+00	0.00e+00	0.00e+00	0.00e+00	0.00e+00	8.49e-01	8.66e-02	5.14e-02
 1.78066e+16	9.87e-01	1.32e-02	2.21e-13	0.00e+00	0.00e+00	0.00e+00	0.00e+00	0.00e+00	0.00e+00	8.49e-01	8.64e-02	5.12e-02
 1.78075e+16	9.87e-01	1.30e-02	2.19e-13	0.00e+00	0.00e+00	0.00e+00	0.00e+00	0.00e+00	0.00e+00	8.50e-01	8.60e-02	5.11e-02
 1.78085e+16	9.87e-01	1.27e-02	2.17e-13	0.00e+00	0.00e+00	0.00e+00	0.00e+00	0.00e+00	0.00e+00	8.51e-01	8.57e-02	5.09e-02
 1.78095e+16	9.88e-01	1.25e-02	2.14e-13	0.00e+00	0.00e+00	0.00e+00	0.00e+00	0.00e+00	0.00e+00	8.51e-01	8.55e-02	5.07e-02
 1.78105e+16	9.88e-01	1.22e-02	2.12e-13	0.00e+00	0.00e+00	0.00e+00	0.00e+00	0.00e+00	0.00e+00	8.52e-01	8.51e-02	5.05e-02
 1.78116e+16	9.88e-01	1.19e-02	2.09e-13	0.00e+00	0.00e+00	0.00e+00	0.00e+00	0.00e+00	0.00e+00	8.53e-01	8.47e-02	5.03e-02
 1.78126e+16	9.88e-01	1.17e-02	2.06e-13	0.00e+00	0.00e+00	0.00e+00	0.00e+00	0.00e+00	0.00e+00	8.54e-01	8.44e-02	5.00e-02
 1.78135e+16	9.89e-01	1.14e-02	2.04e-13	0.00e+00	0.00e+00	0.00e+00	0.00e+00	0.00e+00	0.00e+00	8.55e-01	8.41e-02	4.98e-02
 1.78143e+16	9.89e-01	1.13e-02	2.02e-13	0.00e+00	0.00e+00	0.00e+00	0.00e+00	0.00e+00	0.00e+00	8.55e-01	8.38e-02	4.97e-02
 1.78152e+16	9.89e-01	1.11e-02	1.99e-13	0.00e+00	0.00e+00	0.00e+00	0.00e+00	0.00e+00	0.00e+00	8.56e-01	8.36e-02	4.95e-02
 1.78164e+16	9.89e-01	1.08e-02	1.95e-13	0.00e+00	0.00e+00	0.00e+00	0.00e+00	0.00e+00	0.00e+00	8.57e-01	8.31e-02	4.92e-02
 1.78176e+16	9.90e-01	1.05e-02	1.92e-13	0.00e+00	0.00e+00	0.00e+00	0.00e+00	0.00e+00	0.00e+00	8.58e-01	8.28e-02	4.90e-02
 1.78188e+16	9.90e-01	1.03e-02	1.89e-13	0.00e+00	0.00e+00	0.00e+00	0.00e+00	0.00e+00	0.00e+00	8.59e-01	8.24e-02	4.88e-02
 1.78198e+16	9.90e-01	1.00e-02	1.86e-13	0.00e+00	0.00e+00	0.00e+00	0.00e+00	0.00e+00	0.00e+00	8.59e-01	8.21e-02	4.86e-02
 1.78208e+16	9.90e-01	9.86e-03	1.84e-13	0.00e+00	0.00e+00	0.00e+00	0.00e+00	0.00e+00	0.00e+00	8.60e-01	8.18e-02	4.84e-02
 1.78216e+16	9.90e-01	9.69e-03	1.81e-13	0.00e+00	0.00e+00	0.00e+00	0.00e+00	0.00e+00	0.00e+00	8.61e-01	8.16e-02	4.82e-02
 1.78226e+16	9.90e-01	9.53e-03	1.79e-13	0.00e+00	0.00e+00	0.00e+00	0.00e+00	0.00e+00	0.00e+00	8.61e-01	8.13e-02	4.80e-02
 1.78238e+16	9.91e-01	9.27e-03	1.75e-13	0.00e+00	0.00e+00	0.00e+00	0.00e+00	0.00e+00	0.00e+00	8.62e-01	8.09e-02	4.77e-02
 1.78252e+16	9.91e-01	9.02e-03	1.71e-13	0.00e+00	0.00e+00	0.00e+00	0.00e+00	0.00e+00	0.00e+00	8.63e-01	8.05e-02	4.74e-02
 1.78264e+16	9.91e-01	8.81e-03	1.68e-13	0.00e+00	0.00e+00	0.00e+00	0.00e+00	0.00e+00	0.00e+00	8.64e-01	8.01e-02	4.72e-02
 1.78275e+16	9.91e-01	8.61e-03	1.65e-13	0.00e+00	0.00e+00	0.00e+00	0.00e+00	0.00e+00	0.00e+00	8.65e-01	7.98e-02	4.69e-02
 1.78285e+16	9.92e-01	8.42e-03	1.62e-13	0.00e+00	0.00e+00	0.00e+00	0.00e+00	0.00e+00	0.00e+00	8.65e-01	7.95e-02	4.67e-02
 1.78294e+16	9.92e-01	8.26e-03	1.59e-13	0.00e+00	0.00e+00	0.00e+00	0.00e+00	0.00e+00	0.00e+00	8.66e-01	7.92e-02	4.64e-02
 1.78302e+16	9.92e-01	8.12e-03	1.56e-13	0.00e+00	0.00e+00	0.00e+00	0.00e+00	0.00e+00	0.00e+00	8.67e-01	7.89e-02	4.63e-02
 1.78311e+16	9.92e-01	7.99e-03	1.54e-13	0.00e+00	0.00e+00	0.00e+00	0.00e+00	0.00e+00	0.00e+00	8.67e-01	7.87e-02	4.61e-02
 1.78323e+16	9.92e-01	7.76e-03	1.50e-13	0.00e+00	0.00e+00	0.00e+00	0.00e+00	0.00e+00	0.00e+00	8.68e-01	7.82e-02	4.57e-02
 1.78336e+16	9.92e-01	7.54e-03	1.46e-13	0.00e+00	0.00e+00	0.00e+00	0.00e+00	0.00e+00	0.00e+00	8.69e-01	7.77e-02	4.54e-02
 1.78348e+16	9.93e-01	7.36e-03	1.42e-13	0.00e+00	0.00e+00	0.00e+00	0.00e+00	0.00e+00	0.00e+00	8.70e-01	7.73e-02	4.50e-02
 1.78358e+16	9.93e-01	7.20e-03	1.40e-13	0.00e+00	0.00e+00	0.00e+00	0.00e+00	0.00e+00	0.00e+00	8.71e-01	7.70e-02	4.48e-02
 1.78368e+16	9.93e-01	7.05e-03	1.37e-13	0.00e+00	0.00e+00	0.00e+00	0.00e+00	0.00e+00	0.00e+00	8.72e-01	7.66e-02	4.45e-02
 1.78377e+16	9.93e-01	6.92e-03	1.34e-13	0.00e+00	0.00e+00	0.00e+00	0.00e+00	0.00e+00	0.00e+00	8.72e-01	7.63e-02	4.43e-02
