#depth	H	H+	H2
 1.66332e+11	2.03e-03	9.98e-01	2.84e-12
 9.97991e+11	2.02e-03	9.98e-01	2.86e-12
 4.32463e+12	2.03e-03	9.98e-01	2.87e-12
 1.76312e+13	2.03e-03	9.98e-01	2.89e-12
 4.21152e+13	2.01e-03	9.98e-01	2.93e-12
 7.39445e+13	2.00e-03	9.98e-01	2.95e-12
 1.15323e+14	1.98e-03	9.98e-01	2.99e-12
 1.69114e+14	1.97e-03	9.98e-01	3.03e-12
 2.39043e+14	1.96e-03	9.98e-01	3.07e-12
 3.29951e+14	1.94e-03	9.98e-01	3.12e-12
 4.48130e+14	1.93e-03	9.98e-01	3.18e-12
 6.01764e+14	1.91e-03	9.98e-01	3.24e-12
 8.01488e+14	1.89e-03	9.98e-01	3.30e-12
 1.06113e+15	1.87e-03	9.98e-01	3.36e-12
 1.39866e+15	1.86e-03	9.98e-01	3.42e-12
 1.83746e+15	1.84e-03	9.98e-01	3.45e-12
 2.29773e+15	1.81e-03	9.98e-01	3.40e-12
 2.68964e+15	1.78e-03	9.98e-01	3.30e-12
 3.01563e+15	1.76e-03	9.98e-01	3.18e-12
 3.35223e+15	1.75e-03	9.98e-01	3.03e-12
 3.71961e+15	1.74e-03	9.98e-01	2.84e-12
 4.05135e+15	1.72e-03	9.98e-01	2.62e-12
 4.34555e+15	1.71e-03	9.98e-01	2.42e-12
 4.66660e+15	1.71e-03	9.98e-01	2.16e-12
 5.05348e+15	1.72e-03	9.98e-01	1.91e-12
 5.44431e+15	1.74e-03	9.98e-01	1.75e-12
 5.79789e+15	1.77e-03	9.98e-01	1.67e-12
 6.13275e+15	1.81e-03	9.98e-01	1.62e-12
 6.44494e+15	1.86e-03	9.98e-01	1.64e-12
 6.71888e+15	1.91e-03	9.98e-01	1.67e-12
 6.96003e+15	1.96e-03	9.98e-01	1.72e-12
 7.17597e+15	2.02e-03	9.98e-01	1.78e-12
 7.37611e+15	2.08e-03	9.98e-01	1.84e-12
 7.56302e+15	2.13e-03	9.98e-01	1.92e-12
 7.73324e+15	2.19e-03	9.98e-01	1.98e-12
 7.88633e+15	2.26e-03	9.98e-01	2.11e-12
 8.02855e+15	2.32e-03	9.98e-01	2.22e-12
 8.16377e+15	2.38e-03	9.98e-01	2.29e-12
 8.28656e+15	2.45e-03	9.98e-01	2.42e-12
 8.39581e+15	2.51e-03	9.97e-01	2.54e-12
 8.49674e+15	2.56e-03	9.97e-01	2.60e-12
 8.58980e+15	2.62e-03	9.97e-01	2.73e-12
 8.67591e+15	2.67e-03	9.97e-01	2.80e-12
 8.75615e+15	2.72e-03	9.97e-01	2.93e-12
 8.83178e+15	2.77e-03	9.97e-01	2.98e-12
 8.90235e+15	2.82e-03	9.97e-01	3.11e-12
 8.96666e+15	2.85e-03	9.97e-01	3.16e-12
 9.02606e+15	2.90e-03	9.97e-01	3.28e-12
 9.08234e+15	2.93e-03	9.97e-01	3.36e-12
 9.14598e+15	2.97e-03	9.97e-01	3.44e-12
 9.21100e+15	3.00e-03	9.97e-01	3.57e-12
 9.26209e+15	3.04e-03	9.97e-01	3.69e-12
 9.30549e+15	3.06e-03	9.97e-01	3.77e-12
 9.35462e+15	3.08e-03	9.97e-01	3.87e-12
 9.41848e+15	3.11e-03	9.97e-01	3.97e-12
 9.50149e+15	3.13e-03	9.97e-01	4.04e-12
 9.60942e+15	3.18e-03	9.97e-01	3.99e-12
 9.74972e+15	3.24e-03	9.97e-01	3.77e-12
 9.93210e+15	3.32e-03	9.97e-01	3.38e-12
 1.01692e+16	3.43e-03	9.97e-01	2.96e-12
 1.04663e+16	3.59e-03	9.96e-01	2.48e-12
 1.07799e+16	3.80e-03	9.96e-01	2.14e-12
 1.10768e+16	4.01e-03	9.96e-01	1.86e-12
 1.13679e+16	4.24e-03	9.96e-01	1.64e-12
 1.16565e+16	4.49e-03	9.96e-01	1.47e-12
 1.19425e+16	4.77e-03	9.95e-01	1.34e-12
 1.22237e+16	5.08e-03	9.95e-01	1.24e-12
 1.24990e+16	5.43e-03	9.95e-01	1.17e-12
 1.27686e+16	5.80e-03	9.94e-01	1.12e-12
 1.30318e+16	6.22e-03	9.94e-01	1.09e-12
 1.32877e+16	6.67e-03	9.93e-01	1.08e-12
 1.35369e+16	7.18e-03	9.93e-01	1.08e-12
 1.37798e+16	7.75e-03	9.92e-01	1.09e-12
 1.40164e+16	8.38e-03	9.92e-01	1.11e-12
 1.42467e+16	9.09e-03	9.91e-01	1.14e-12
 1.44710e+16	9.89e-03	9.90e-01	1.18e-12
 1.46899e+16	1.08e-02	9.89e-01	1.24e-12
 1.49041e+16	1.19e-02	9.88e-01	1.31e-12
 1.51138e+16	1.31e-02	9.87e-01	1.39e-12
 1.53195e+16	1.46e-02	9.85e-01	1.49e-12
 1.55220e+16	1.63e-02	9.84e-01	1.61e-12
 1.57222e+16	1.85e-02	9.82e-01	1.77e-12
 1.59211e+16	2.12e-02	9.79e-01	1.98e-12
 1.61203e+16	2.48e-02	9.75e-01	2.25e-12
 1.63087e+16	2.96e-02	9.70e-01	2.63e-12
 1.64670e+16	3.51e-02	9.65e-01	3.10e-12
 1.65921e+16	4.12e-02	9.59e-01	3.61e-12
 1.66957e+16	4.77e-02	9.52e-01	4.19e-12
 1.67897e+16	5.53e-02	9.45e-01	4.86e-12
 1.68782e+16	6.48e-02	9.35e-01	5.74e-12
 1.69586e+16	7.63e-02	9.24e-01	6.85e-12
 1.70280e+16	8.95e-02	9.10e-01	8.20e-12
 1.70874e+16	1.04e-01	8.96e-01	9.80e-12
 1.71396e+16	1.21e-01	8.79e-01	1.17e-11
 1.71872e+16	1.41e-01	8.59e-01	1.42e-11
 1.72311e+16	1.65e-01	8.35e-01	1.73e-11
 1.72712e+16	1.92e-01	8.08e-01	2.13e-11
 1.73074e+16	2.23e-01	7.77e-01	2.64e-11
 1.73405e+16	2.58e-01	7.42e-01	3.30e-11
 1.73698e+16	2.96e-01	7.04e-01	4.14e-11
 1.73931e+16	3.32e-01	6.68e-01	5.06e-11
 1.74104e+16	3.62e-01	6.38e-01	5.93e-11
 1.74242e+16	3.88e-01	6.12e-01	6.79e-11
 1.74367e+16	4.13e-01	5.87e-01	7.78e-11
 1.74487e+16	4.38e-01	5.62e-01	8.81e-11
 1.74597e+16	4.62e-01	5.38e-01	1.00e-10
 1.74694e+16	4.84e-01	5.16e-01	1.12e-10
 1.74783e+16	5.05e-01	4.95e-01	1.26e-10
 1.74867e+16	5.25e-01	4.75e-01	1.39e-10
 1.74947e+16	5.45e-01	4.55e-01	1.54e-10
 1.75010e+16	5.60e-01	4.40e-01	1.67e-10
 1.75056e+16	5.71e-01	4.29e-01	1.78e-10
 1.75100e+16	5.82e-01	4.18e-01	1.89e-10
 1.75150e+16	5.95e-01	4.05e-01	2.03e-10
 1.75202e+16	6.08e-01	3.92e-01	2.17e-10
 1.75252e+16	6.21e-01	3.79e-01	2.34e-10
 1.75301e+16	6.33e-01	3.67e-01	2.51e-10
 1.75348e+16	6.45e-01	3.55e-01	2.69e-10
 1.75395e+16	6.56e-01	3.44e-01	2.88e-10
 1.75443e+16	6.68e-01	3.32e-01	3.10e-10
 1.75491e+16	6.80e-01	3.20e-01	3.33e-10
 1.75537e+16	6.90e-01	3.10e-01	3.58e-10
 1.75582e+16	7.01e-01	2.99e-01	3.82e-10
 1.75628e+16	7.12e-01	2.88e-01	4.12e-10
 1.75674e+16	7.23e-01	2.77e-01	4.43e-10
 1.75719e+16	7.33e-01	2.67e-01	4.76e-10
 1.75763e+16	7.42e-01	2.58e-01	5.08e-10
 1.75808e+16	7.52e-01	2.48e-01	5.48e-10
 1.75853e+16	7.62e-01	2.38e-01	5.91e-10
 1.75896e+16	7.71e-01	2.29e-01	6.30e-10
 1.75939e+16	7.80e-01	2.20e-01	6.80e-10
 1.75982e+16	7.89e-01	2.11e-01	7.31e-10
 1.76025e+16	7.97e-01	2.03e-01	7.85e-10
 1.76067e+16	8.05e-01	1.95e-01	8.37e-10
 1.76108e+16	8.12e-01	1.88e-01	9.00e-10
 1.76149e+16	8.20e-01	1.80e-01	9.66e-10
 1.76189e+16	8.27e-01	1.73e-01	1.02e-09
 1.76229e+16	8.34e-01	1.66e-01	1.10e-09
 1.76269e+16	8.40e-01	1.60e-01	1.18e-09
 1.76308e+16	8.46e-01	1.54e-01	1.25e-09
 1.76347e+16	8.52e-01	1.48e-01	1.33e-09
 1.76385e+16	8.58e-01	1.42e-01	1.42e-09
 1.76423e+16	8.64e-01	1.36e-01	1.52e-09
 1.76461e+16	8.69e-01	1.31e-01	1.63e-09
 1.76499e+16	8.74e-01	1.26e-01	1.73e-09
 1.76535e+16	8.79e-01	1.21e-01	1.85e-09
 1.76572e+16	8.84e-01	1.16e-01	1.95e-09
 1.76610e+16	8.88e-01	1.12e-01	2.09e-09
 1.76647e+16	8.93e-01	1.07e-01	2.24e-09
 1.76683e+16	8.97e-01	1.03e-01	2.38e-09
 1.76718e+16	9.01e-01	9.93e-02	2.50e-09
 1.76754e+16	9.05e-01	9.54e-02	2.67e-09
 1.76790e+16	9.08e-01	9.16e-02	2.86e-09
 1.76826e+16	9.12e-01	8.80e-02	3.05e-09
 1.76861e+16	9.15e-01	8.47e-02	3.20e-09
 1.76897e+16	9.19e-01	8.14e-02	3.42e-09
 1.76932e+16	9.22e-01	7.82e-02	3.66e-09
 1.76966e+16	9.25e-01	7.51e-02	3.90e-09
 1.77002e+16	9.28e-01	7.22e-02	4.10e-09
 1.77037e+16	9.31e-01	6.93e-02	4.40e-09
 1.77072e+16	9.33e-01	6.66e-02	4.71e-09
 1.77105e+16	9.36e-01	6.39e-02	5.03e-09
 1.77140e+16	9.39e-01	6.14e-02	5.37e-09
 1.77174e+16	9.41e-01	5.90e-02	5.73e-09
 1.77209e+16	9.43e-01	5.67e-02	6.11e-09
 1.77242e+16	9.46e-01	5.45e-02	6.50e-09
 1.77276e+16	9.48e-01	5.24e-02	6.94e-09
 1.77310e+16	9.50e-01	5.04e-02	7.40e-09
 1.77342e+16	9.52e-01	4.85e-02	7.90e-09
 1.77375e+16	9.53e-01	4.66e-02	8.46e-09
 1.77408e+16	9.55e-01	4.47e-02	9.07e-09
 1.77441e+16	9.57e-01	4.29e-02	9.72e-09
 1.77474e+16	9.59e-01	4.12e-02	1.04e-08
 1.77506e+16	9.60e-01	3.96e-02	1.11e-08
 1.77538e+16	9.62e-01	3.80e-02	1.19e-08
 1.77570e+16	9.63e-01	3.65e-02	1.27e-08
 1.77602e+16	9.65e-01	3.51e-02	1.36e-08
 1.77633e+16	9.66e-01	3.37e-02	1.44e-08
 1.77664e+16	9.68e-01	3.23e-02	1.53e-08
 1.77694e+16	9.69e-01	3.11e-02	1.61e-08
 1.77724e+16	9.70e-01	2.98e-02	1.70e-08
 1.77754e+16	9.71e-01	2.86e-02	1.77e-08
 1.77784e+16	9.73e-01	2.74e-02	1.85e-08
 1.77813e+16	9.74e-01	2.63e-02	1.91e-08
 1.77841e+16	9.75e-01	2.53e-02	1.95e-08
 1.77867e+16	9.76e-01	2.43e-02	1.99e-08
 1.77891e+16	9.77e-01	2.34e-02	2.01e-08
 1.77913e+16	9.77e-01	2.26e-02	2.03e-08
 1.77933e+16	9.78e-01	2.19e-02	2.05e-08
 1.77952e+16	9.79e-01	2.13e-02	2.06e-08
 1.77969e+16	9.79e-01	2.07e-02	2.08e-08
 1.77985e+16	9.80e-01	2.01e-02	2.09e-08
 1.78000e+16	9.80e-01	1.96e-02	2.11e-08
 1.78014e+16	9.81e-01	1.92e-02	2.13e-08
 1.78026e+16	9.81e-01	1.87e-02	2.15e-08
 1.78038e+16	9.82e-01	1.84e-02	2.17e-08
 1.78048e+16	9.82e-01	1.80e-02	2.19e-08
 1.78057e+16	9.82e-01	1.77e-02	2.21e-08
 1.78066e+16	9.83e-01	1.74e-02	2.23e-08
 1.78075e+16	9.83e-01	1.71e-02	2.25e-08
 1.78085e+16	9.83e-01	1.68e-02	2.28e-08
 1.78095e+16	9.83e-01	1.66e-02	2.30e-08
 1.78105e+16	9.84e-01	1.62e-02	2.34e-08
 1.78116e+16	9.84e-01	1.59e-02	2.38e-08
 1.78126e+16	9.84e-01	1.56e-02	2.42e-08
 1.78135e+16	9.85e-01	1.53e-02	2.45e-08
 1.78143e+16	9.85e-01	1.51e-02	2.48e-08
 1.78152e+16	9.85e-01	1.49e-02	2.52e-08
 1.78164e+16	9.86e-01	1.45e-02	2.58e-08
 1.78176e+16	9.86e-01	1.42e-02	2.63e-08
 1.78188e+16	9.86e-01	1.39e-02	2.68e-08
 1.78198e+16	9.86e-01	1.36e-02	2.73e-08
 1.78208e+16	9.87e-01	1.34e-02	2.78e-08
 1.78216e+16	9.87e-01	1.32e-02	2.82e-08
 1.78226e+16	9.87e-01	1.30e-02	2.86e-08
 1.78238e+16	9.87e-01	1.27e-02	2.94e-08
 1.78252e+16	9.88e-01	1.24e-02	3.01e-08
 1.78264e+16	9.88e-01	1.21e-02	3.08e-08
 1.78275e+16	9.88e-01	1.19e-02	3.15e-08
 1.78285e+16	9.88e-01	1.17e-02	3.22e-08
 1.78294e+16	9.89e-01	1.15e-02	3.29e-08
 1.78302e+16	9.89e-01	1.13e-02	3.34e-08
 1.78311e+16	9.89e-01	1.12e-02	3.39e-08
 1.78323e+16	9.89e-01	1.09e-02	3.50e-08
 1.78336e+16	9.89e-01	1.06e-02	3.60e-08
 1.78348e+16	9.90e-01	1.04e-02	3.70e-08
 1.78358e+16	9.90e-01	1.02e-02	3.78e-08
 1.78368e+16	9.90e-01	1.00e-02	3.86e-08
 1.78377e+16	9.90e-01	9.88e-03	3.93e-08
