#depth	He	He+	He+2
 4.69136e+11	7.22e-04	9.39e-01	6.02e-02
 2.81481e+12	7.22e-04	9.39e-01	6.02e-02
 1.21975e+13	7.23e-04	9.39e-01	5.99e-02
 4.97284e+13	7.26e-04	9.41e-01	5.81e-02
 1.18785e+14	7.28e-04	9.42e-01	5.73e-02
 2.08559e+14	7.33e-04	9.45e-01	5.45e-02
 3.25265e+14	7.41e-04	9.49e-01	4.98e-02
 4.76983e+14	7.51e-04	9.56e-01	4.32e-02
 6.74216e+14	7.64e-04	9.64e-01	3.49e-02
 9.30619e+14	7.80e-04	9.74e-01	2.57e-02
 1.26394e+15	7.98e-04	9.82e-01	1.68e-02
 1.69726e+15	8.20e-04	9.90e-01	9.46e-03
 2.26058e+15	8.46e-04	9.95e-01	4.47e-03
 2.99289e+15	8.77e-04	9.97e-01	1.72e-03
 3.94490e+15	9.17e-04	9.99e-01	5.29e-04
 5.18251e+15	9.72e-04	9.99e-01	1.29e-04
 6.79140e+15	1.05e-03	9.99e-01	2.58e-05
 8.75981e+15	1.15e-03	9.99e-01	4.75e-06
 1.08194e+16	1.26e-03	9.99e-01	1.05e-06
 1.27929e+16	1.38e-03	9.99e-01	3.04e-07
 1.44542e+16	1.49e-03	9.99e-01	1.22e-07
 1.58996e+16	1.60e-03	9.98e-01	5.78e-08
 1.70991e+16	1.70e-03	9.98e-01	3.33e-08
 1.78638e+16	1.76e-03	9.98e-01	2.38e-08
 1.86054e+16	1.84e-03	9.98e-01	1.70e-08
 1.95694e+16	1.93e-03	9.98e-01	1.11e-08
 2.05426e+16	2.04e-03	9.98e-01	7.54e-09
 2.13038e+16	2.12e-03	9.98e-01	5.63e-09
 2.19642e+16	2.20e-03	9.98e-01	4.37e-09
 2.27174e+16	2.31e-03	9.98e-01	3.26e-09
 2.35296e+16	2.42e-03	9.98e-01	2.44e-09
 2.42372e+16	2.53e-03	9.97e-01	1.91e-09
 2.48619e+16	2.63e-03	9.97e-01	1.54e-09
 2.55605e+16	2.76e-03	9.97e-01	1.21e-09
 2.63027e+16	2.91e-03	9.97e-01	9.59e-10
 2.69343e+16	3.05e-03	9.97e-01	7.92e-10
 2.74882e+16	3.18e-03	9.97e-01	6.69e-10
 2.81086e+16	3.35e-03	9.97e-01	5.55e-10
 2.87752e+16	3.54e-03	9.96e-01	4.60e-10
 2.93523e+16	3.72e-03	9.96e-01	3.94e-10
 2.98584e+16	3.90e-03	9.96e-01	3.45e-10
 3.04213e+16	4.13e-03	9.96e-01	2.98e-10
 3.10300e+16	4.40e-03	9.96e-01	2.58e-10
 3.15596e+16	4.66e-03	9.95e-01	2.29e-10
 3.20217e+16	4.92e-03	9.95e-01	2.07e-10
 3.25348e+16	5.26e-03	9.95e-01	1.85e-10
 3.30757e+16	5.66e-03	9.94e-01	1.67e-10
 3.35227e+16	6.04e-03	9.94e-01	1.55e-10
 3.38992e+16	6.42e-03	9.94e-01	1.46e-10
 3.43140e+16	6.88e-03	9.93e-01	1.36e-10
 3.47580e+16	7.46e-03	9.93e-01	1.28e-10
 3.51336e+16	8.03e-03	9.92e-01	1.22e-10
 3.54499e+16	8.58e-03	9.91e-01	1.18e-10
 3.57957e+16	9.29e-03	9.91e-01	1.14e-10
 3.61667e+16	1.02e-02	9.90e-01	1.11e-10
 3.64829e+16	1.11e-02	9.89e-01	1.09e-10
 3.67502e+16	1.20e-02	9.88e-01	1.09e-10
 3.70420e+16	1.31e-02	9.87e-01	1.09e-10
 3.73565e+16	1.46e-02	9.85e-01	1.11e-10
 3.76277e+16	1.62e-02	9.84e-01	1.13e-10
 3.78601e+16	1.78e-02	9.82e-01	1.16e-10
 3.81149e+16	2.00e-02	9.80e-01	1.23e-10
 3.83908e+16	2.29e-02	9.77e-01	1.33e-10
 3.85955e+16	2.56e-02	9.74e-01	1.41e-10
 3.87184e+16	2.75e-02	9.72e-01	1.50e-10
 3.88337e+16	2.96e-02	9.70e-01	1.57e-10
 3.89836e+16	3.27e-02	9.67e-01	1.71e-10
 3.91361e+16	3.64e-02	9.64e-01	1.88e-10
 3.92545e+16	3.96e-02	9.60e-01	2.07e-10
 3.93530e+16	4.28e-02	9.57e-01	2.23e-10
 3.94630e+16	4.70e-02	9.53e-01	2.45e-10
 3.95805e+16	5.19e-02	9.48e-01	2.74e-10
 3.96802e+16	5.66e-02	9.43e-01	3.07e-10
 3.97669e+16	6.15e-02	9.38e-01	3.37e-10
 3.98638e+16	6.78e-02	9.32e-01	3.77e-10
 3.99662e+16	7.51e-02	9.25e-01	4.30e-10
 4.00524e+16	8.20e-02	9.18e-01	4.88e-10
 4.01286e+16	8.92e-02	9.11e-01	5.41e-10
 4.02152e+16	9.85e-02	9.01e-01	6.13e-10
 4.03076e+16	1.09e-01	8.91e-01	7.14e-10
 4.03881e+16	1.20e-01	8.80e-01	8.03e-10
 4.04595e+16	1.31e-01	8.69e-01	9.07e-10
 4.05265e+16	1.42e-01	8.58e-01	1.01e-09
 4.05913e+16	1.54e-01	8.46e-01	1.12e-09
 4.06551e+16	1.66e-01	8.34e-01	1.25e-09
 4.07140e+16	1.79e-01	8.21e-01	1.38e-09
 4.07568e+16	1.88e-01	8.12e-01	1.48e-09
 4.07851e+16	1.95e-01	8.05e-01	1.55e-09
 4.08145e+16	2.03e-01	7.97e-01	1.62e-09
 4.08496e+16	2.13e-01	7.87e-01	1.71e-09
 4.08852e+16	2.22e-01	7.78e-01	1.82e-09
 4.09182e+16	2.32e-01	7.68e-01	1.91e-09
 4.09494e+16	2.41e-01	7.59e-01	2.02e-09
 4.09809e+16	2.51e-01	7.49e-01	2.12e-09
 4.10132e+16	2.62e-01	7.38e-01	2.23e-09
 4.10447e+16	2.72e-01	7.28e-01	2.35e-09
 4.10753e+16	2.82e-01	7.18e-01	2.47e-09
 4.11062e+16	2.94e-01	7.06e-01	2.58e-09
 4.11371e+16	3.05e-01	6.95e-01	2.72e-09
 4.11676e+16	3.17e-01	6.83e-01	2.84e-09
 4.11977e+16	3.29e-01	6.71e-01	2.98e-09
 4.12278e+16	3.41e-01	6.59e-01	3.12e-09
 4.12581e+16	3.54e-01	6.46e-01	3.25e-09
 4.12876e+16	3.67e-01	6.33e-01	3.40e-09
 4.13167e+16	3.79e-01	6.21e-01	3.54e-09
 4.13461e+16	3.93e-01	6.07e-01	3.68e-09
 4.13755e+16	4.06e-01	5.94e-01	3.84e-09
 4.14045e+16	4.20e-01	5.80e-01	3.98e-09
 4.14332e+16	4.34e-01	5.66e-01	4.14e-09
 4.14619e+16	4.48e-01	5.52e-01	4.29e-09
 4.14909e+16	4.63e-01	5.37e-01	4.45e-09
 4.15191e+16	4.77e-01	5.23e-01	4.60e-09
 4.15469e+16	4.91e-01	5.09e-01	4.76e-09
 4.15750e+16	5.05e-01	4.95e-01	4.91e-09
 4.16031e+16	5.20e-01	4.80e-01	5.06e-09
 4.16307e+16	5.35e-01	4.65e-01	5.21e-09
 4.16576e+16	5.48e-01	4.52e-01	5.36e-09
 4.16840e+16	5.63e-01	4.37e-01	5.50e-09
 4.17103e+16	5.77e-01	4.23e-01	5.63e-09
 4.17365e+16	5.91e-01	4.09e-01	5.77e-09
 4.17624e+16	6.04e-01	3.96e-01	5.91e-09
 4.17875e+16	6.17e-01	3.83e-01	6.03e-09
 4.18121e+16	6.30e-01	3.70e-01	6.14e-09
 4.18367e+16	6.43e-01	3.57e-01	6.25e-09
 4.18614e+16	6.56e-01	3.44e-01	6.37e-09
 4.18855e+16	6.68e-01	3.32e-01	6.48e-09
 4.19089e+16	6.80e-01	3.20e-01	6.57e-09
 4.19323e+16	6.91e-01	3.09e-01	6.66e-09
 4.19557e+16	7.03e-01	2.97e-01	6.76e-09
 4.19789e+16	7.14e-01	2.86e-01	6.85e-09
 4.20016e+16	7.25e-01	2.75e-01	6.93e-09
 4.20239e+16	7.35e-01	2.65e-01	6.99e-09
 4.20463e+16	7.45e-01	2.55e-01	7.06e-09
 4.20686e+16	7.55e-01	2.45e-01	7.12e-09
 4.20902e+16	7.65e-01	2.35e-01	7.18e-09
 4.21118e+16	7.74e-01	2.26e-01	7.23e-09
 4.21334e+16	7.83e-01	2.17e-01	7.28e-09
 4.21547e+16	7.92e-01	2.08e-01	7.31e-09
 4.21760e+16	8.00e-01	2.00e-01	7.36e-09
 4.21972e+16	8.08e-01	1.92e-01	7.39e-09
 4.22178e+16	8.16e-01	1.84e-01	7.42e-09
 4.22380e+16	8.24e-01	1.76e-01	7.42e-09
 4.22586e+16	8.31e-01	1.69e-01	7.46e-09
 4.22794e+16	8.38e-01	1.62e-01	7.48e-09
 4.22993e+16	8.45e-01	1.55e-01	7.49e-09
 4.23188e+16	8.51e-01	1.49e-01	7.46e-09
 4.23389e+16	8.58e-01	1.42e-01	7.46e-09
 4.23593e+16	8.64e-01	1.36e-01	7.47e-09
 4.23789e+16	8.69e-01	1.31e-01	7.47e-09
 4.23980e+16	8.75e-01	1.25e-01	7.46e-09
 4.24167e+16	8.80e-01	1.20e-01	7.46e-09
 4.24353e+16	8.85e-01	1.15e-01	7.44e-09
 4.24541e+16	8.90e-01	1.10e-01	7.41e-09
 4.24731e+16	8.94e-01	1.06e-01	7.39e-09
 4.24919e+16	8.99e-01	1.01e-01	7.37e-09
 4.25099e+16	9.03e-01	9.72e-02	7.35e-09
 4.25277e+16	9.07e-01	9.32e-02	7.31e-09
 4.25455e+16	9.11e-01	8.93e-02	7.26e-09
 4.25634e+16	9.14e-01	8.56e-02	7.23e-09
 4.25809e+16	9.18e-01	8.21e-02	7.19e-09
 4.25971e+16	9.21e-01	7.90e-02	7.14e-09
 4.26122e+16	9.24e-01	7.61e-02	7.09e-09
 4.26260e+16	9.26e-01	7.36e-02	7.04e-09
 4.26386e+16	9.29e-01	7.14e-02	7.00e-09
 4.26505e+16	9.31e-01	6.93e-02	6.94e-09
 4.26618e+16	9.33e-01	6.73e-02	6.89e-09
 4.26722e+16	9.34e-01	6.56e-02	6.84e-09
 4.26819e+16	9.36e-01	6.40e-02	6.79e-09
 4.26911e+16	9.38e-01	6.25e-02	6.73e-09
 4.27000e+16	9.39e-01	6.10e-02	6.68e-09
 4.27085e+16	9.40e-01	5.97e-02	6.63e-09
 4.27166e+16	9.42e-01	5.85e-02	6.58e-09
 4.27242e+16	9.43e-01	5.73e-02	6.53e-09
 4.27315e+16	9.44e-01	5.62e-02	6.49e-09
 4.27387e+16	9.45e-01	5.52e-02	6.44e-09
 4.27455e+16	9.46e-01	5.42e-02	6.39e-09
 4.27523e+16	9.47e-01	5.32e-02	6.34e-09
 4.27589e+16	9.48e-01	5.23e-02	6.29e-09
 4.27655e+16	9.49e-01	5.13e-02	6.24e-09
 4.27722e+16	9.50e-01	5.04e-02	6.18e-09
 4.27790e+16	9.51e-01	4.95e-02	6.12e-09
 4.27861e+16	9.52e-01	4.85e-02	6.05e-09
 4.27932e+16	9.52e-01	4.75e-02	5.99e-09
 4.28002e+16	9.53e-01	4.66e-02	5.92e-09
 4.28065e+16	9.54e-01	4.58e-02	5.85e-09
 4.28122e+16	9.55e-01	4.50e-02	5.79e-09
 4.28176e+16	9.56e-01	4.43e-02	5.72e-09
 4.28229e+16	9.56e-01	4.36e-02	5.66e-09
 4.28279e+16	9.57e-01	4.29e-02	5.59e-09
 4.28327e+16	9.58e-01	4.23e-02	5.53e-09
 4.28370e+16	9.58e-01	4.17e-02	5.47e-09
 4.28410e+16	9.59e-01	4.12e-02	5.41e-09
 4.28446e+16	9.59e-01	4.07e-02	5.35e-09
 4.28478e+16	9.60e-01	4.03e-02	5.30e-09
 4.28508e+16	9.60e-01	3.99e-02	5.27e-09
 4.28541e+16	9.61e-01	3.94e-02	5.20e-09
 4.28576e+16	9.61e-01	3.90e-02	5.16e-09
 4.28608e+16	9.61e-01	3.85e-02	5.11e-09
 4.28637e+16	9.62e-01	3.81e-02	5.06e-09
 4.28664e+16	9.62e-01	3.78e-02	5.03e-09
 4.28693e+16	9.63e-01	3.74e-02	4.98e-09
 4.28724e+16	9.63e-01	3.70e-02	4.92e-09
 4.28753e+16	9.63e-01	3.66e-02	4.89e-09
 4.28779e+16	9.64e-01	3.63e-02	4.86e-09
 4.28807e+16	9.64e-01	3.59e-02	4.81e-09
