#depth	O	O+	O+2	O+3	O+4	O+5	O+6	O+7	O+8	O[1]	O[2]	O[3]
 4.69136e+11	5.34e-06	1.02e-02	9.64e-01	2.61e-02	1.02e-06	0.00e+00	0.00e+00	0.00e+00	0.00e+00	3.70e-06	1.11e-06	5.30e-07
 2.81481e+12	5.33e-06	1.02e-02	9.64e-01	2.60e-02	1.01e-06	0.00e+00	0.00e+00	0.00e+00	0.00e+00	3.69e-06	1.11e-06	5.30e-07
 1.21975e+13	5.33e-06	1.02e-02	9.64e-01	2.57e-02	9.93e-07	0.00e+00	0.00e+00	0.00e+00	0.00e+00	3.69e-06	1.11e-06	5.30e-07
 4.97284e+13	5.36e-06	1.02e-02	9.65e-01	2.43e-02	9.14e-07	0.00e+00	0.00e+00	0.00e+00	0.00e+00	3.71e-06	1.12e-06	5.33e-07
 1.18785e+14	5.36e-06	1.03e-02	9.67e-01	2.25e-02	8.09e-07	0.00e+00	0.00e+00	0.00e+00	0.00e+00	3.71e-06	1.12e-06	5.33e-07
 2.08559e+14	5.38e-06	1.03e-02	9.69e-01	2.02e-02	6.87e-07	0.00e+00	0.00e+00	0.00e+00	0.00e+00	3.72e-06	1.12e-06	5.36e-07
 3.25265e+14	5.43e-06	1.04e-02	9.72e-01	1.75e-02	5.53e-07	0.00e+00	0.00e+00	0.00e+00	0.00e+00	3.76e-06	1.13e-06	5.40e-07
 4.76983e+14	5.49e-06	1.05e-02	9.75e-01	1.45e-02	4.16e-07	0.00e+00	0.00e+00	0.00e+00	0.00e+00	3.80e-06	1.14e-06	5.46e-07
 6.74216e+14	5.59e-06	1.06e-02	9.78e-01	1.13e-02	2.85e-07	0.00e+00	0.00e+00	0.00e+00	0.00e+00	3.87e-06	1.16e-06	5.56e-07
 9.30619e+14	5.73e-06	1.08e-02	9.81e-01	8.06e-03	1.73e-07	0.00e+00	0.00e+00	0.00e+00	0.00e+00	3.96e-06	1.19e-06	5.70e-07
 1.26394e+15	5.93e-06	1.10e-02	9.84e-01	5.19e-03	0.00e+00	0.00e+00	0.00e+00	0.00e+00	0.00e+00	4.10e-06	1.23e-06	5.90e-07
 1.69726e+15	6.21e-06	1.13e-02	9.86e-01	2.93e-03	0.00e+00	0.00e+00	0.00e+00	0.00e+00	0.00e+00	4.30e-06	1.29e-06	6.18e-07
 2.26058e+15	6.62e-06	1.16e-02	9.87e-01	1.41e-03	0.00e+00	0.00e+00	0.00e+00	0.00e+00	0.00e+00	4.58e-06	1.37e-06	6.59e-07
 2.99289e+15	7.21e-06	1.21e-02	9.87e-01	5.72e-04	0.00e+00	0.00e+00	0.00e+00	0.00e+00	0.00e+00	5.00e-06	1.49e-06	7.18e-07
 3.94490e+15	8.10e-06	1.27e-02	9.87e-01	1.97e-04	0.00e+00	0.00e+00	0.00e+00	0.00e+00	0.00e+00	5.62e-06	1.68e-06	8.07e-07
 5.18251e+15	9.49e-06	1.36e-02	9.86e-01	6.38e-05	0.00e+00	0.00e+00	0.00e+00	0.00e+00	0.00e+00	6.58e-06	1.96e-06	9.46e-07
 6.79140e+15	1.18e-05	1.49e-02	9.85e-01	2.51e-05	0.00e+00	0.00e+00	0.00e+00	0.00e+00	0.00e+00	8.17e-06	2.43e-06	1.17e-06
 8.75981e+15	1.54e-05	1.66e-02	9.83e-01	1.45e-05	0.00e+00	0.00e+00	0.00e+00	0.00e+00	0.00e+00	1.07e-05	3.17e-06	1.53e-06
 1.08194e+16	2.04e-05	1.87e-02	9.81e-01	1.09e-05	0.00e+00	0.00e+00	0.00e+00	0.00e+00	0.00e+00	1.42e-05	4.21e-06	2.04e-06
 1.27929e+16	2.74e-05	2.10e-02	9.79e-01	9.03e-06	0.00e+00	0.00e+00	0.00e+00	0.00e+00	0.00e+00	1.90e-05	5.64e-06	2.73e-06
 1.44542e+16	3.51e-05	2.32e-02	9.77e-01	7.82e-06	0.00e+00	0.00e+00	0.00e+00	0.00e+00	0.00e+00	2.44e-05	7.24e-06	3.50e-06
 1.58996e+16	4.45e-05	2.55e-02	9.74e-01	6.98e-06	0.00e+00	0.00e+00	0.00e+00	0.00e+00	0.00e+00	3.09e-05	9.18e-06	4.43e-06
 1.70991e+16	5.41e-05	2.77e-02	9.72e-01	6.39e-06	0.00e+00	0.00e+00	0.00e+00	0.00e+00	0.00e+00	3.75e-05	1.12e-05	5.39e-06
 1.78638e+16	6.17e-05	2.92e-02	9.71e-01	6.02e-06	0.00e+00	0.00e+00	0.00e+00	0.00e+00	0.00e+00	4.28e-05	1.28e-05	6.15e-06
 1.86054e+16	7.08e-05	3.09e-02	9.69e-01	5.71e-06	0.00e+00	0.00e+00	0.00e+00	0.00e+00	0.00e+00	4.90e-05	1.46e-05	7.05e-06
 1.95694e+16	8.47e-05	3.34e-02	9.67e-01	5.33e-06	0.00e+00	0.00e+00	0.00e+00	0.00e+00	0.00e+00	5.87e-05	1.76e-05	8.44e-06
 2.05426e+16	1.02e-04	3.61e-02	9.64e-01	4.95e-06	0.00e+00	0.00e+00	0.00e+00	0.00e+00	0.00e+00	7.05e-05	2.11e-05	1.01e-05
 2.13038e+16	1.18e-04	3.85e-02	9.61e-01	4.67e-06	0.00e+00	0.00e+00	0.00e+00	0.00e+00	0.00e+00	8.18e-05	2.46e-05	1.18e-05
 2.19642e+16	1.35e-04	4.08e-02	9.59e-01	4.44e-06	0.00e+00	0.00e+00	0.00e+00	0.00e+00	0.00e+00	9.36e-05	2.81e-05	1.35e-05
 2.27174e+16	1.59e-04	4.38e-02	9.56e-01	4.20e-06	0.00e+00	0.00e+00	0.00e+00	0.00e+00	0.00e+00	1.10e-04	3.31e-05	1.58e-05
 2.35296e+16	1.89e-04	4.74e-02	9.52e-01	3.93e-06	0.00e+00	0.00e+00	0.00e+00	0.00e+00	0.00e+00	1.31e-04	3.95e-05	1.88e-05
 2.42372e+16	2.22e-04	5.09e-02	9.49e-01	3.70e-06	0.00e+00	0.00e+00	0.00e+00	0.00e+00	0.00e+00	1.53e-04	4.64e-05	2.21e-05
 2.48619e+16	2.57e-04	5.45e-02	9.45e-01	3.51e-06	0.00e+00	0.00e+00	0.00e+00	0.00e+00	0.00e+00	1.78e-04	5.38e-05	2.56e-05
 2.55605e+16	3.05e-04	5.90e-02	9.41e-01	3.30e-06	0.00e+00	0.00e+00	0.00e+00	0.00e+00	0.00e+00	2.11e-04	6.39e-05	3.03e-05
 2.63027e+16	3.67e-04	6.44e-02	9.35e-01	3.07e-06	0.00e+00	0.00e+00	0.00e+00	0.00e+00	0.00e+00	2.54e-04	7.71e-05	3.65e-05
 2.69343e+16	4.33e-04	6.96e-02	9.30e-01	2.88e-06	0.00e+00	0.00e+00	0.00e+00	0.00e+00	0.00e+00	2.99e-04	9.11e-05	4.31e-05
 2.74882e+16	5.04e-04	7.49e-02	9.25e-01	2.72e-06	0.00e+00	0.00e+00	0.00e+00	0.00e+00	0.00e+00	3.48e-04	1.06e-04	5.01e-05
 2.81086e+16	6.01e-04	8.16e-02	9.18e-01	2.53e-06	0.00e+00	0.00e+00	0.00e+00	0.00e+00	0.00e+00	4.14e-04	1.27e-04	5.97e-05
 2.87752e+16	7.31e-04	8.97e-02	9.10e-01	2.34e-06	0.00e+00	0.00e+00	0.00e+00	0.00e+00	0.00e+00	5.04e-04	1.54e-04	7.25e-05
 2.93523e+16	8.74e-04	9.79e-02	9.01e-01	2.15e-06	0.00e+00	0.00e+00	0.00e+00	0.00e+00	0.00e+00	6.03e-04	1.84e-04	8.67e-05
 2.98584e+16	1.03e-03	1.06e-01	8.93e-01	2.00e-06	0.00e+00	0.00e+00	0.00e+00	0.00e+00	0.00e+00	7.09e-04	2.17e-04	1.02e-04
 3.04213e+16	1.24e-03	1.17e-01	8.82e-01	1.84e-06	0.00e+00	0.00e+00	0.00e+00	0.00e+00	0.00e+00	8.55e-04	2.61e-04	1.23e-04
 3.10300e+16	1.54e-03	1.30e-01	8.69e-01	1.65e-06	0.00e+00	0.00e+00	0.00e+00	0.00e+00	0.00e+00	1.06e-03	3.23e-04	1.52e-04
 3.15596e+16	1.86e-03	1.43e-01	8.55e-01	1.50e-06	0.00e+00	0.00e+00	0.00e+00	0.00e+00	0.00e+00	1.29e-03	3.93e-04	1.84e-04
 3.20217e+16	2.22e-03	1.56e-01	8.42e-01	1.37e-06	0.00e+00	0.00e+00	0.00e+00	0.00e+00	0.00e+00	1.53e-03	4.69e-04	2.20e-04
 3.25348e+16	2.74e-03	1.73e-01	8.24e-01	1.22e-06	0.00e+00	0.00e+00	0.00e+00	0.00e+00	0.00e+00	1.89e-03	5.77e-04	2.70e-04
 3.30757e+16	3.44e-03	1.94e-01	8.02e-01	1.06e-06	0.00e+00	0.00e+00	0.00e+00	0.00e+00	0.00e+00	2.37e-03	7.24e-04	3.39e-04
 3.35227e+16	4.19e-03	2.15e-01	7.81e-01	9.45e-07	0.00e+00	0.00e+00	0.00e+00	0.00e+00	0.00e+00	2.89e-03	8.81e-04	4.13e-04
 3.38992e+16	4.99e-03	2.34e-01	7.61e-01	8.43e-07	0.00e+00	0.00e+00	0.00e+00	0.00e+00	0.00e+00	3.45e-03	1.05e-03	4.91e-04
 3.43140e+16	6.11e-03	2.58e-01	7.35e-01	7.30e-07	0.00e+00	0.00e+00	0.00e+00	0.00e+00	0.00e+00	4.22e-03	1.28e-03	6.01e-04
 3.47580e+16	7.65e-03	2.88e-01	7.04e-01	6.21e-07	0.00e+00	0.00e+00	0.00e+00	0.00e+00	0.00e+00	5.28e-03	1.61e-03	7.52e-04
 3.51336e+16	9.34e-03	3.17e-01	6.74e-01	5.32e-07	0.00e+00	0.00e+00	0.00e+00	0.00e+00	0.00e+00	6.45e-03	1.96e-03	9.17e-04
 3.54499e+16	1.11e-02	3.44e-01	6.45e-01	4.60e-07	0.00e+00	0.00e+00	0.00e+00	0.00e+00	0.00e+00	7.69e-03	2.33e-03	1.09e-03
 3.57957e+16	1.36e-02	3.77e-01	6.09e-01	3.82e-07	0.00e+00	0.00e+00	0.00e+00	0.00e+00	0.00e+00	9.41e-03	2.85e-03	1.33e-03
 3.61667e+16	1.70e-02	4.16e-01	5.67e-01	3.09e-07	0.00e+00	0.00e+00	0.00e+00	0.00e+00	0.00e+00	1.18e-02	3.56e-03	1.67e-03
 3.64829e+16	2.08e-02	4.53e-01	5.26e-01	2.52e-07	0.00e+00	0.00e+00	0.00e+00	0.00e+00	0.00e+00	1.44e-02	4.35e-03	2.04e-03
 3.67502e+16	2.47e-02	4.87e-01	4.88e-01	2.06e-07	0.00e+00	0.00e+00	0.00e+00	0.00e+00	0.00e+00	1.71e-02	5.17e-03	2.42e-03
 3.70420e+16	3.02e-02	5.26e-01	4.44e-01	1.62e-07	0.00e+00	0.00e+00	0.00e+00	0.00e+00	0.00e+00	2.09e-02	6.30e-03	2.95e-03
 3.73565e+16	3.76e-02	5.69e-01	3.93e-01	0.00e+00	0.00e+00	0.00e+00	0.00e+00	0.00e+00	0.00e+00	2.61e-02	7.83e-03	3.68e-03
 3.76277e+16	4.59e-02	6.07e-01	3.47e-01	0.00e+00	0.00e+00	0.00e+00	0.00e+00	0.00e+00	0.00e+00	3.18e-02	9.53e-03	4.48e-03
 3.78601e+16	5.47e-02	6.40e-01	3.05e-01	0.00e+00	0.00e+00	0.00e+00	0.00e+00	0.00e+00	0.00e+00	3.80e-02	1.13e-02	5.34e-03
 3.81149e+16	6.66e-02	6.74e-01	2.60e-01	0.00e+00	0.00e+00	0.00e+00	0.00e+00	0.00e+00	0.00e+00	4.63e-02	1.38e-02	6.50e-03
 3.83908e+16	8.31e-02	7.06e-01	2.11e-01	0.00e+00	0.00e+00	0.00e+00	0.00e+00	0.00e+00	0.00e+00	5.79e-02	1.71e-02	8.10e-03
 3.85955e+16	9.85e-02	7.25e-01	1.76e-01	0.00e+00	0.00e+00	0.00e+00	0.00e+00	0.00e+00	0.00e+00	6.87e-02	2.02e-02	9.59e-03
 3.87184e+16	1.09e-01	7.34e-01	1.57e-01	0.00e+00	0.00e+00	0.00e+00	0.00e+00	0.00e+00	0.00e+00	7.61e-02	2.23e-02	1.06e-02
 3.88337e+16	1.20e-01	7.41e-01	1.38e-01	0.00e+00	0.00e+00	0.00e+00	0.00e+00	0.00e+00	0.00e+00	8.42e-02	2.45e-02	1.17e-02
 3.89836e+16	1.37e-01	7.47e-01	1.16e-01	0.00e+00	0.00e+00	0.00e+00	0.00e+00	0.00e+00	0.00e+00	9.59e-02	2.78e-02	1.33e-02
 3.91361e+16	1.57e-01	7.48e-01	9.58e-02	0.00e+00	0.00e+00	0.00e+00	0.00e+00	0.00e+00	0.00e+00	1.10e-01	3.15e-02	1.52e-02
 3.92545e+16	1.73e-01	7.45e-01	8.14e-02	0.00e+00	0.00e+00	0.00e+00	0.00e+00	0.00e+00	0.00e+00	1.22e-01	3.47e-02	1.68e-02
 3.93530e+16	1.89e-01	7.41e-01	7.03e-02	0.00e+00	0.00e+00	0.00e+00	0.00e+00	0.00e+00	0.00e+00	1.33e-01	3.77e-02	1.83e-02
 3.94630e+16	2.09e-01	7.32e-01	5.87e-02	0.00e+00	0.00e+00	0.00e+00	0.00e+00	0.00e+00	0.00e+00	1.47e-01	4.14e-02	2.01e-02
 3.95805e+16	2.32e-01	7.20e-01	4.80e-02	0.00e+00	0.00e+00	0.00e+00	0.00e+00	0.00e+00	0.00e+00	1.64e-01	4.56e-02	2.23e-02
 3.96802e+16	2.53e-01	7.07e-01	4.00e-02	0.00e+00	0.00e+00	0.00e+00	0.00e+00	0.00e+00	0.00e+00	1.79e-01	4.94e-02	2.43e-02
 3.97669e+16	2.74e-01	6.92e-01	3.37e-02	0.00e+00	0.00e+00	0.00e+00	0.00e+00	0.00e+00	0.00e+00	1.94e-01	5.30e-02	2.62e-02
 3.98638e+16	2.99e-01	6.74e-01	2.74e-02	0.00e+00	0.00e+00	0.00e+00	0.00e+00	0.00e+00	0.00e+00	2.13e-01	5.73e-02	2.85e-02
 3.99662e+16	3.27e-01	6.51e-01	2.19e-02	0.00e+00	0.00e+00	0.00e+00	0.00e+00	0.00e+00	0.00e+00	2.34e-01	6.20e-02	3.11e-02
 4.00524e+16	3.52e-01	6.30e-01	1.79e-02	0.00e+00	0.00e+00	0.00e+00	0.00e+00	0.00e+00	0.00e+00	2.52e-01	6.60e-02	3.33e-02
 4.01286e+16	3.76e-01	6.09e-01	1.48e-02	0.00e+00	0.00e+00	0.00e+00	0.00e+00	0.00e+00	0.00e+00	2.71e-01	6.97e-02	3.54e-02
 4.02152e+16	4.04e-01	5.84e-01	1.18e-02	0.00e+00	0.00e+00	0.00e+00	0.00e+00	0.00e+00	0.00e+00	2.92e-01	7.40e-02	3.79e-02
 4.03076e+16	4.36e-01	5.55e-01	9.15e-03	0.00e+00	0.00e+00	0.00e+00	0.00e+00	0.00e+00	0.00e+00	3.17e-01	7.84e-02	4.06e-02
 4.03881e+16	4.65e-01	5.28e-01	7.24e-03	0.00e+00	0.00e+00	0.00e+00	0.00e+00	0.00e+00	0.00e+00	3.40e-01	8.23e-02	4.30e-02
 4.04595e+16	4.91e-01	5.03e-01	5.85e-03	0.00e+00	0.00e+00	0.00e+00	0.00e+00	0.00e+00	0.00e+00	3.60e-01	8.55e-02	4.51e-02
 4.05265e+16	5.16e-01	4.80e-01	4.74e-03	0.00e+00	0.00e+00	0.00e+00	0.00e+00	0.00e+00	0.00e+00	3.80e-01	8.84e-02	4.70e-02
 4.05913e+16	5.41e-01	4.56e-01	3.84e-03	0.00e+00	0.00e+00	0.00e+00	0.00e+00	0.00e+00	0.00e+00	4.00e-01	9.12e-02	4.89e-02
 4.06551e+16	5.64e-01	4.33e-01	3.10e-03	0.00e+00	0.00e+00	0.00e+00	0.00e+00	0.00e+00	0.00e+00	4.20e-01	9.35e-02	5.06e-02
 4.07140e+16	5.87e-01	4.10e-01	2.53e-03	0.00e+00	0.00e+00	0.00e+00	0.00e+00	0.00e+00	0.00e+00	4.39e-01	9.55e-02	5.22e-02
 4.07568e+16	6.02e-01	3.96e-01	2.19e-03	0.00e+00	0.00e+00	0.00e+00	0.00e+00	0.00e+00	0.00e+00	4.52e-01	9.67e-02	5.32e-02
 4.07851e+16	6.12e-01	3.86e-01	1.99e-03	0.00e+00	0.00e+00	0.00e+00	0.00e+00	0.00e+00	0.00e+00	4.61e-01	9.74e-02	5.39e-02
 4.08145e+16	6.23e-01	3.75e-01	1.79e-03	0.00e+00	0.00e+00	0.00e+00	0.00e+00	0.00e+00	0.00e+00	4.70e-01	9.81e-02	5.45e-02
 4.08496e+16	6.36e-01	3.62e-01	1.57e-03	0.00e+00	0.00e+00	0.00e+00	0.00e+00	0.00e+00	0.00e+00	4.82e-01	9.89e-02	5.53e-02
 4.08852e+16	6.49e-01	3.50e-01	1.37e-03	0.00e+00	0.00e+00	0.00e+00	0.00e+00	0.00e+00	0.00e+00	4.93e-01	9.95e-02	5.61e-02
 4.09182e+16	6.61e-01	3.38e-01	1.21e-03	0.00e+00	0.00e+00	0.00e+00	0.00e+00	0.00e+00	0.00e+00	5.04e-01	1.00e-01	5.67e-02
 4.09494e+16	6.72e-01	3.27e-01	1.08e-03	0.00e+00	0.00e+00	0.00e+00	0.00e+00	0.00e+00	0.00e+00	5.14e-01	1.01e-01	5.73e-02
 4.09809e+16	6.83e-01	3.16e-01	9.49e-04	0.00e+00	0.00e+00	0.00e+00	0.00e+00	0.00e+00	0.00e+00	5.24e-01	1.01e-01	5.79e-02
 4.10132e+16	6.95e-01	3.04e-01	8.34e-04	0.00e+00	0.00e+00	0.00e+00	0.00e+00	0.00e+00	0.00e+00	5.35e-01	1.01e-01	5.84e-02
 4.10447e+16	7.06e-01	2.93e-01	7.34e-04	0.00e+00	0.00e+00	0.00e+00	0.00e+00	0.00e+00	0.00e+00	5.46e-01	1.01e-01	5.89e-02
 4.10753e+16	7.16e-01	2.83e-01	6.48e-04	0.00e+00	0.00e+00	0.00e+00	0.00e+00	0.00e+00	0.00e+00	5.55e-01	1.02e-01	5.93e-02
 4.11062e+16	7.27e-01	2.72e-01	5.69e-04	0.00e+00	0.00e+00	0.00e+00	0.00e+00	0.00e+00	0.00e+00	5.66e-01	1.02e-01	5.97e-02
 4.11371e+16	7.37e-01	2.62e-01	5.01e-04	0.00e+00	0.00e+00	0.00e+00	0.00e+00	0.00e+00	0.00e+00	5.75e-01	1.02e-01	6.00e-02
 4.11676e+16	7.47e-01	2.52e-01	4.39e-04	0.00e+00	0.00e+00	0.00e+00	0.00e+00	0.00e+00	0.00e+00	5.85e-01	1.01e-01	6.03e-02
 4.11977e+16	7.57e-01	2.43e-01	3.86e-04	0.00e+00	0.00e+00	0.00e+00	0.00e+00	0.00e+00	0.00e+00	5.95e-01	1.01e-01	6.06e-02
 4.12278e+16	7.66e-01	2.33e-01	3.38e-04	0.00e+00	0.00e+00	0.00e+00	0.00e+00	0.00e+00	0.00e+00	6.04e-01	1.01e-01	6.08e-02
 4.12581e+16	7.76e-01	2.24e-01	2.96e-04	0.00e+00	0.00e+00	0.00e+00	0.00e+00	0.00e+00	0.00e+00	6.14e-01	1.01e-01	6.09e-02
 4.12876e+16	7.84e-01	2.15e-01	2.59e-04	0.00e+00	0.00e+00	0.00e+00	0.00e+00	0.00e+00	0.00e+00	6.23e-01	1.00e-01	6.11e-02
 4.13167e+16	7.93e-01	2.07e-01	2.27e-04	0.00e+00	0.00e+00	0.00e+00	0.00e+00	0.00e+00	0.00e+00	6.32e-01	9.98e-02	6.11e-02
 4.13461e+16	8.01e-01	1.98e-01	1.99e-04	0.00e+00	0.00e+00	0.00e+00	0.00e+00	0.00e+00	0.00e+00	6.41e-01	9.93e-02	6.12e-02
 4.13755e+16	8.09e-01	1.90e-01	1.73e-04	0.00e+00	0.00e+00	0.00e+00	0.00e+00	0.00e+00	0.00e+00	6.49e-01	9.88e-02	6.12e-02
 4.14045e+16	8.18e-01	1.82e-01	1.51e-04	0.00e+00	0.00e+00	0.00e+00	0.00e+00	0.00e+00	0.00e+00	6.58e-01	9.82e-02	6.12e-02
 4.14332e+16	8.25e-01	1.75e-01	1.32e-04	0.00e+00	0.00e+00	0.00e+00	0.00e+00	0.00e+00	0.00e+00	6.66e-01	9.76e-02	6.11e-02
 4.14619e+16	8.32e-01	1.68e-01	1.15e-04	0.00e+00	0.00e+00	0.00e+00	0.00e+00	0.00e+00	0.00e+00	6.74e-01	9.69e-02	6.10e-02
 4.14909e+16	8.40e-01	1.60e-01	1.00e-04	0.00e+00	0.00e+00	0.00e+00	0.00e+00	0.00e+00	0.00e+00	6.83e-01	9.61e-02	6.09e-02
 4.15191e+16	8.46e-01	1.53e-01	8.75e-05	0.00e+00	0.00e+00	0.00e+00	0.00e+00	0.00e+00	0.00e+00	6.90e-01	9.54e-02	6.07e-02
 4.15469e+16	8.53e-01	1.47e-01	7.64e-05	0.00e+00	0.00e+00	0.00e+00	0.00e+00	0.00e+00	0.00e+00	6.98e-01	9.47e-02	6.05e-02
 4.15750e+16	8.59e-01	1.41e-01	6.64e-05	0.00e+00	0.00e+00	0.00e+00	0.00e+00	0.00e+00	0.00e+00	7.05e-01	9.39e-02	6.03e-02
 4.16031e+16	8.66e-01	1.34e-01	5.77e-05	0.00e+00	0.00e+00	0.00e+00	0.00e+00	0.00e+00	0.00e+00	7.12e-01	9.30e-02	6.00e-02
 4.16307e+16	8.71e-01	1.29e-01	5.02e-05	0.00e+00	0.00e+00	0.00e+00	0.00e+00	0.00e+00	0.00e+00	7.19e-01	9.22e-02	5.98e-02
 4.16576e+16	8.77e-01	1.23e-01	4.39e-05	0.00e+00	0.00e+00	0.00e+00	0.00e+00	0.00e+00	0.00e+00	7.26e-01	9.14e-02	5.95e-02
 4.16840e+16	8.82e-01	1.18e-01	3.83e-05	0.00e+00	0.00e+00	0.00e+00	0.00e+00	0.00e+00	0.00e+00	7.32e-01	9.06e-02	5.92e-02
 4.17103e+16	8.87e-01	1.13e-01	3.35e-05	0.00e+00	0.00e+00	0.00e+00	0.00e+00	0.00e+00	0.00e+00	7.38e-01	8.98e-02	5.89e-02
 4.17365e+16	8.92e-01	1.08e-01	2.92e-05	0.00e+00	0.00e+00	0.00e+00	0.00e+00	0.00e+00	0.00e+00	7.44e-01	8.89e-02	5.86e-02
 4.17624e+16	8.97e-01	1.03e-01	2.56e-05	0.00e+00	0.00e+00	0.00e+00	0.00e+00	0.00e+00	0.00e+00	7.50e-01	8.81e-02	5.83e-02
 4.17875e+16	9.01e-01	9.90e-02	2.24e-05	0.00e+00	0.00e+00	0.00e+00	0.00e+00	0.00e+00	0.00e+00	7.56e-01	8.73e-02	5.80e-02
 4.18121e+16	9.05e-01	9.50e-02	1.97e-05	0.00e+00	0.00e+00	0.00e+00	0.00e+00	0.00e+00	0.00e+00	7.61e-01	8.65e-02	5.76e-02
 4.18367e+16	9.09e-01	9.10e-02	1.73e-05	0.00e+00	0.00e+00	0.00e+00	0.00e+00	0.00e+00	0.00e+00	7.66e-01	8.57e-02	5.73e-02
 4.18614e+16	9.13e-01	8.72e-02	1.52e-05	0.00e+00	0.00e+00	0.00e+00	0.00e+00	0.00e+00	0.00e+00	7.71e-01	8.50e-02	5.70e-02
 4.18855e+16	9.16e-01	8.36e-02	1.33e-05	0.00e+00	0.00e+00	0.00e+00	0.00e+00	0.00e+00	0.00e+00	7.76e-01	8.42e-02	5.66e-02
 4.19089e+16	9.20e-01	8.01e-02	1.17e-05	0.00e+00	0.00e+00	0.00e+00	0.00e+00	0.00e+00	0.00e+00	7.80e-01	8.35e-02	5.63e-02
 4.19323e+16	9.23e-01	7.69e-02	1.04e-05	0.00e+00	0.00e+00	0.00e+00	0.00e+00	0.00e+00	0.00e+00	7.84e-01	8.27e-02	5.59e-02
 4.19557e+16	9.26e-01	7.38e-02	9.11e-06	0.00e+00	0.00e+00	0.00e+00	0.00e+00	0.00e+00	0.00e+00	7.89e-01	8.21e-02	5.56e-02
 4.19789e+16	9.29e-01	7.08e-02	8.03e-06	0.00e+00	0.00e+00	0.00e+00	0.00e+00	0.00e+00	0.00e+00	7.93e-01	8.13e-02	5.53e-02
 4.20016e+16	9.32e-01	6.79e-02	7.10e-06	0.00e+00	0.00e+00	0.00e+00	0.00e+00	0.00e+00	0.00e+00	7.96e-01	8.07e-02	5.49e-02
 4.20239e+16	9.35e-01	6.52e-02	6.28e-06	0.00e+00	0.00e+00	0.00e+00	0.00e+00	0.00e+00	0.00e+00	8.00e-01	8.00e-02	5.46e-02
 4.20463e+16	9.37e-01	6.25e-02	5.54e-06	0.00e+00	0.00e+00	0.00e+00	0.00e+00	0.00e+00	0.00e+00	8.04e-01	7.93e-02	5.42e-02
 4.20686e+16	9.40e-01	5.99e-02	4.90e-06	0.00e+00	0.00e+00	0.00e+00	0.00e+00	0.00e+00	0.00e+00	8.07e-01	7.87e-02	5.39e-02
 4.20902e+16	9.42e-01	5.77e-02	4.35e-06	0.00e+00	0.00e+00	0.00e+00	0.00e+00	0.00e+00	0.00e+00	8.11e-01	7.81e-02	5.36e-02
 4.21118e+16	9.45e-01	5.53e-02	3.86e-06	0.00e+00	0.00e+00	0.00e+00	0.00e+00	0.00e+00	0.00e+00	8.14e-01	7.75e-02	5.32e-02
 4.21334e+16	9.47e-01	5.31e-02	3.42e-06	0.00e+00	0.00e+00	0.00e+00	0.00e+00	0.00e+00	0.00e+00	8.17e-01	7.68e-02	5.29e-02
 4.21547e+16	9.49e-01	5.10e-02	3.03e-06	0.00e+00	0.00e+00	0.00e+00	0.00e+00	0.00e+00	0.00e+00	8.20e-01	7.62e-02	5.25e-02
 4.21760e+16	9.51e-01	4.90e-02	2.69e-06	0.00e+00	0.00e+00	0.00e+00	0.00e+00	0.00e+00	0.00e+00	8.23e-01	7.57e-02	5.22e-02
 4.21972e+16	9.53e-01	4.70e-02	2.39e-06	0.00e+00	0.00e+00	0.00e+00	0.00e+00	0.00e+00	0.00e+00	8.26e-01	7.51e-02	5.18e-02
 4.22178e+16	9.55e-01	4.52e-02	2.13e-06	0.00e+00	0.00e+00	0.00e+00	0.00e+00	0.00e+00	0.00e+00	8.29e-01	7.46e-02	5.15e-02
 4.22380e+16	9.57e-01	4.34e-02	1.89e-06	0.00e+00	0.00e+00	0.00e+00	0.00e+00	0.00e+00	0.00e+00	8.31e-01	7.40e-02	5.11e-02
 4.22586e+16	9.58e-01	4.18e-02	1.69e-06	0.00e+00	0.00e+00	0.00e+00	0.00e+00	0.00e+00	0.00e+00	8.34e-01	7.35e-02	5.08e-02
 4.22794e+16	9.60e-01	4.01e-02	1.50e-06	0.00e+00	0.00e+00	0.00e+00	0.00e+00	0.00e+00	0.00e+00	8.36e-01	7.30e-02	5.05e-02
 4.22993e+16	9.62e-01	3.85e-02	1.34e-06	0.00e+00	0.00e+00	0.00e+00	0.00e+00	0.00e+00	0.00e+00	8.39e-01	7.25e-02	5.02e-02
 4.23188e+16	9.63e-01	3.70e-02	1.20e-06	0.00e+00	0.00e+00	0.00e+00	0.00e+00	0.00e+00	0.00e+00	8.41e-01	7.21e-02	4.99e-02
 4.23389e+16	9.64e-01	3.55e-02	1.07e-06	0.00e+00	0.00e+00	0.00e+00	0.00e+00	0.00e+00	0.00e+00	8.43e-01	7.16e-02	4.96e-02
 4.23593e+16	9.66e-01	3.40e-02	9.47e-07	0.00e+00	0.00e+00	0.00e+00	0.00e+00	0.00e+00	0.00e+00	8.46e-01	7.11e-02	4.93e-02
 4.23789e+16	9.67e-01	3.27e-02	8.46e-07	0.00e+00	0.00e+00	0.00e+00	0.00e+00	0.00e+00	0.00e+00	8.48e-01	7.07e-02	4.90e-02
 4.23980e+16	9.69e-01	3.14e-02	7.59e-07	0.00e+00	0.00e+00	0.00e+00	0.00e+00	0.00e+00	0.00e+00	8.50e-01	7.03e-02	4.87e-02
 4.24167e+16	9.70e-01	3.03e-02	6.82e-07	0.00e+00	0.00e+00	0.00e+00	0.00e+00	0.00e+00	0.00e+00	8.51e-01	6.99e-02	4.84e-02
 4.24353e+16	9.71e-01	2.91e-02	6.13e-07	0.00e+00	0.00e+00	0.00e+00	0.00e+00	0.00e+00	0.00e+00	8.53e-01	6.95e-02	4.82e-02
 4.24541e+16	9.72e-01	2.80e-02	5.49e-07	0.00e+00	0.00e+00	0.00e+00	0.00e+00	0.00e+00	0.00e+00	8.55e-01	6.91e-02	4.79e-02
 4.24731e+16	9.73e-01	2.68e-02	4.91e-07	0.00e+00	0.00e+00	0.00e+00	0.00e+00	0.00e+00	0.00e+00	8.57e-01	6.87e-02	4.77e-02
 4.24919e+16	9.74e-01	2.57e-02	4.41e-07	0.00e+00	0.00e+00	0.00e+00	0.00e+00	0.00e+00	0.00e+00	8.59e-01	6.83e-02	4.74e-02
 4.25099e+16	9.75e-01	2.47e-02	3.97e-07	0.00e+00	0.00e+00	0.00e+00	0.00e+00	0.00e+00	0.00e+00	8.60e-01	6.80e-02	4.72e-02
 4.25277e+16	9.76e-01	2.37e-02	3.58e-07	0.00e+00	0.00e+00	0.00e+00	0.00e+00	0.00e+00	0.00e+00	8.62e-01	6.76e-02	4.69e-02
 4.25455e+16	9.77e-01	2.28e-02	3.22e-07	0.00e+00	0.00e+00	0.00e+00	0.00e+00	0.00e+00	0.00e+00	8.63e-01	6.73e-02	4.67e-02
 4.25634e+16	9.78e-01	2.19e-02	2.90e-07	0.00e+00	0.00e+00	0.00e+00	0.00e+00	0.00e+00	0.00e+00	8.65e-01	6.69e-02	4.65e-02
 4.25809e+16	9.79e-01	2.10e-02	2.62e-07	0.00e+00	0.00e+00	0.00e+00	0.00e+00	0.00e+00	0.00e+00	8.66e-01	6.66e-02	4.62e-02
 4.25971e+16	9.80e-01	2.02e-02	2.39e-07	0.00e+00	0.00e+00	0.00e+00	0.00e+00	0.00e+00	0.00e+00	8.68e-01	6.63e-02	4.60e-02
 4.26122e+16	9.81e-01	1.95e-02	2.19e-07	0.00e+00	0.00e+00	0.00e+00	0.00e+00	0.00e+00	0.00e+00	8.69e-01	6.60e-02	4.58e-02
 4.26260e+16	9.81e-01	1.88e-02	2.02e-07	0.00e+00	0.00e+00	0.00e+00	0.00e+00	0.00e+00	0.00e+00	8.70e-01	6.58e-02	4.56e-02
 4.26386e+16	9.82e-01	1.83e-02	1.88e-07	0.00e+00	0.00e+00	0.00e+00	0.00e+00	0.00e+00	0.00e+00	8.71e-01	6.55e-02	4.55e-02
 4.26505e+16	9.82e-01	1.78e-02	1.76e-07	0.00e+00	0.00e+00	0.00e+00	0.00e+00	0.00e+00	0.00e+00	8.72e-01	6.53e-02	4.53e-02
 4.26618e+16	9.83e-01	1.73e-02	1.65e-07	0.00e+00	0.00e+00	0.00e+00	0.00e+00	0.00e+00	0.00e+00	8.73e-01	6.51e-02	4.51e-02
 4.26722e+16	9.83e-01	1.68e-02	1.55e-07	0.00e+00	0.00e+00	0.00e+00	0.00e+00	0.00e+00	0.00e+00	8.73e-01	6.49e-02	4.50e-02
 4.26819e+16	9.84e-01	1.64e-02	1.47e-07	0.00e+00	0.00e+00	0.00e+00	0.00e+00	0.00e+00	0.00e+00	8.74e-01	6.47e-02	4.49e-02
 4.26911e+16	9.84e-01	1.60e-02	1.39e-07	0.00e+00	0.00e+00	0.00e+00	0.00e+00	0.00e+00	0.00e+00	8.75e-01	6.45e-02	4.47e-02
 4.27000e+16	9.84e-01	1.56e-02	1.32e-07	0.00e+00	0.00e+00	0.00e+00	0.00e+00	0.00e+00	0.00e+00	8.75e-01	6.43e-02	4.46e-02
 4.27085e+16	9.85e-01	1.53e-02	1.26e-07	0.00e+00	0.00e+00	0.00e+00	0.00e+00	0.00e+00	0.00e+00	8.76e-01	6.41e-02	4.45e-02
 4.27166e+16	9.85e-01	1.49e-02	1.20e-07	0.00e+00	0.00e+00	0.00e+00	0.00e+00	0.00e+00	0.00e+00	8.77e-01	6.40e-02	4.43e-02
 4.27242e+16	9.85e-01	1.46e-02	1.15e-07	0.00e+00	0.00e+00	0.00e+00	0.00e+00	0.00e+00	0.00e+00	8.77e-01	6.38e-02	4.42e-02
 4.27315e+16	9.86e-01	1.43e-02	1.10e-07	0.00e+00	0.00e+00	0.00e+00	0.00e+00	0.00e+00	0.00e+00	8.78e-01	6.36e-02	4.41e-02
 4.27387e+16	9.86e-01	1.40e-02	1.06e-07	0.00e+00	0.00e+00	0.00e+00	0.00e+00	0.00e+00	0.00e+00	8.79e-01	6.35e-02	4.39e-02
 4.27455e+16	9.86e-01	1.37e-02	1.01e-07	0.00e+00	0.00e+00	0.00e+00	0.00e+00	0.00e+00	0.00e+00	8.79e-01	6.33e-02	4.38e-02
 4.27523e+16	9.87e-01	1.34e-02	9.75e-08	0.00e+00	0.00e+00	0.00e+00	0.00e+00	0.00e+00	0.00e+00	8.80e-01	6.31e-02	4.37e-02
 4.27589e+16	9.87e-01	1.31e-02	9.37e-08	0.00e+00	0.00e+00	0.00e+00	0.00e+00	0.00e+00	0.00e+00	8.80e-01	6.29e-02	4.36e-02
 4.27655e+16	9.87e-01	1.28e-02	9.00e-08	0.00e+00	0.00e+00	0.00e+00	0.00e+00	0.00e+00	0.00e+00	8.81e-01	6.28e-02	4.34e-02
 4.27722e+16	9.88e-01	1.25e-02	8.64e-08	0.00e+00	0.00e+00	0.00e+00	0.00e+00	0.00e+00	0.00e+00	8.82e-01	6.26e-02	4.33e-02
 4.27790e+16	9.88e-01	1.22e-02	8.29e-08	0.00e+00	0.00e+00	0.00e+00	0.00e+00	0.00e+00	0.00e+00	8.82e-01	6.24e-02	4.31e-02
 4.27861e+16	9.88e-01	1.18e-02	7.93e-08	0.00e+00	0.00e+00	0.00e+00	0.00e+00	0.00e+00	0.00e+00	8.83e-01	6.22e-02	4.29e-02
 4.27932e+16	9.88e-01	1.15e-02	7.58e-08	0.00e+00	0.00e+00	0.00e+00	0.00e+00	0.00e+00	0.00e+00	8.84e-01	6.19e-02	4.28e-02
 4.28002e+16	9.89e-01	1.12e-02	7.25e-08	0.00e+00	0.00e+00	0.00e+00	0.00e+00	0.00e+00	0.00e+00	8.85e-01	6.17e-02	4.26e-02
 4.28065e+16	9.89e-01	1.09e-02	6.97e-08	0.00e+00	0.00e+00	0.00e+00	0.00e+00	0.00e+00	0.00e+00	8.85e-01	6.15e-02	4.24e-02
 4.28122e+16	9.89e-01	1.06e-02	6.72e-08	0.00e+00	0.00e+00	0.00e+00	0.00e+00	0.00e+00	0.00e+00	8.86e-01	6.12e-02	4.22e-02
 4.28176e+16	9.90e-01	1.03e-02	6.48e-08	0.00e+00	0.00e+00	0.00e+00	0.00e+00	0.00e+00	0.00e+00	8.87e-01	6.10e-02	4.20e-02
 4.28229e+16	9.90e-01	1.01e-02	6.27e-08	0.00e+00	0.00e+00	0.00e+00	0.00e+00	0.00e+00	0.00e+00	8.87e-01	6.08e-02	4.19e-02
 4.28279e+16	9.90e-01	9.85e-03	6.05e-08	0.00e+00	0.00e+00	0.00e+00	0.00e+00	0.00e+00	0.00e+00	8.88e-01	6.06e-02	4.17e-02
 4.28327e+16	9.90e-01	9.61e-03	5.86e-08	0.00e+00	0.00e+00	0.00e+00	0.00e+00	0.00e+00	0.00e+00	8.88e-01	6.04e-02	4.15e-02
 4.28370e+16	9.91e-01	9.41e-03	5.69e-08	0.00e+00	0.00e+00	0.00e+00	0.00e+00	0.00e+00	0.00e+00	8.89e-01	6.02e-02	4.13e-02
 4.28410e+16	9.91e-01	9.22e-03	5.53e-08	0.00e+00	0.00e+00	0.00e+00	0.00e+00	0.00e+00	0.00e+00	8.90e-01	6.00e-02	4.12e-02
 4.28446e+16	9.91e-01	9.04e-03	5.39e-08	0.00e+00	0.00e+00	0.00e+00	0.00e+00	0.00e+00	0.00e+00	8.90e-01	5.98e-02	4.10e-02
 4.28478e+16	9.91e-01	8.89e-03	5.26e-08	0.00e+00	0.00e+00	0.00e+00	0.00e+00	0.00e+00	0.00e+00	8.91e-01	5.97e-02	4.09e-02
 4.28508e+16	9.91e-01	8.77e-03	5.16e-08	0.00e+00	0.00e+00	0.00e+00	0.00e+00	0.00e+00	0.00e+00	8.91e-01	5.95e-02	4.08e-02
 4.28541e+16	9.91e-01	8.60e-03	5.02e-08	0.00e+00	0.00e+00	0.00e+00	0.00e+00	0.00e+00	0.00e+00	8.91e-01	5.94e-02	4.06e-02
 4.28576e+16	9.92e-01	8.45e-03	4.89e-08	0.00e+00	0.00e+00	0.00e+00	0.00e+00	0.00e+00	0.00e+00	8.92e-01	5.91e-02	4.05e-02
 4.28608e+16	9.92e-01	8.30e-03	4.78e-08	0.00e+00	0.00e+00	0.00e+00	0.00e+00	0.00e+00	0.00e+00	8.92e-01	5.89e-02	4.03e-02
 4.28637e+16	9.92e-01	8.16e-03	4.67e-08	0.00e+00	0.00e+00	0.00e+00	0.00e+00	0.00e+00	0.00e+00	8.93e-01	5.88e-02	4.02e-02
 4.28664e+16	9.92e-01	8.07e-03	4.58e-08	0.00e+00	0.00e+00	0.00e+00	0.00e+00	0.00e+00	0.00e+00	8.93e-01	5.86e-02	4.01e-02
 4.28693e+16	9.92e-01	7.93e-03	4.47e-08	0.00e+00	0.00e+00	0.00e+00	0.00e+00	0.00e+00	0.00e+00	8.94e-01	5.84e-02	3.99e-02
 4.28724e+16	9.92e-01	7.78e-03	4.35e-08	0.00e+00	0.00e+00	0.00e+00	0.00e+00	0.00e+00	0.00e+00	8.94e-01	5.82e-02	3.98e-02
 4.28753e+16	9.92e-01	7.67e-03	4.26e-08	0.00e+00	0.00e+00	0.00e+00	0.00e+00	0.00e+00	0.00e+00	8.95e-01	5.80e-02	3.96e-02
 4.28779e+16	9.92e-01	7.56e-03	4.17e-08	0.00e+00	0.00e+00	0.00e+00	0.00e+00	0.00e+00	0.00e+00	8.95e-01	5.79e-02	3.95e-02
 4.28807e+16	9.93e-01	7.40e-03	4.05e-08	0.00e+00	0.00e+00	0.00e+00	0.00e+00	0.00e+00	0.00e+00	8.96e-01	5.77e-02	3.94e-02
