#depth	H	H+	H2
 4.69136e+11	9.29e-04	9.99e-01	6.98e-14
 2.81481e+12	9.28e-04	9.99e-01	6.97e-14
 1.21975e+13	9.28e-04	9.99e-01	6.98e-14
 4.97284e+13	9.28e-04	9.99e-01	7.02e-14
 1.18785e+14	9.23e-04	9.99e-01	7.03e-14
 2.08559e+14	9.19e-04	9.99e-01	7.07e-14
 3.25265e+14	9.16e-04	9.99e-01	7.14e-14
 4.76983e+14	9.13e-04	9.99e-01	7.22e-14
 6.74216e+14	9.12e-04	9.99e-01	7.35e-14
 9.30619e+14	9.12e-04	9.99e-01	7.53e-14
 1.26394e+15	9.16e-04	9.99e-01	7.78e-14
 1.69726e+15	9.23e-04	9.99e-01	8.13e-14
 2.26058e+15	9.38e-04	9.99e-01	8.63e-14
 2.99289e+15	9.62e-04	9.99e-01	9.33e-14
 3.94490e+15	1.00e-03	9.99e-01	1.03e-13
 5.18251e+15	1.06e-03	9.99e-01	1.18e-13
 6.79140e+15	1.16e-03	9.99e-01	1.41e-13
 8.75981e+15	1.30e-03	9.99e-01	1.73e-13
 1.08194e+16	1.48e-03	9.99e-01	2.12e-13
 1.27929e+16	1.69e-03	9.98e-01	2.59e-13
 1.44542e+16	1.90e-03	9.98e-01	3.06e-13
 1.58996e+16	2.13e-03	9.98e-01	3.51e-13
 1.70991e+16	2.34e-03	9.98e-01	4.00e-13
 1.78638e+16	2.49e-03	9.98e-01	4.32e-13
 1.86054e+16	2.66e-03	9.97e-01	4.64e-13
 1.95694e+16	2.90e-03	9.97e-01	5.06e-13
 2.05426e+16	3.16e-03	9.97e-01	5.59e-13
 2.13038e+16	3.39e-03	9.97e-01	6.05e-13
 2.19642e+16	3.61e-03	9.96e-01	6.46e-13
 2.27174e+16	3.89e-03	9.96e-01	6.93e-13
 2.35296e+16	4.23e-03	9.96e-01	7.54e-13
 2.42372e+16	4.55e-03	9.95e-01	8.13e-13
 2.48619e+16	4.86e-03	9.95e-01	8.70e-13
 2.55605e+16	5.25e-03	9.95e-01	9.33e-13
 2.63027e+16	5.72e-03	9.94e-01	1.01e-12
 2.69343e+16	6.16e-03	9.94e-01	1.09e-12
 2.74882e+16	6.60e-03	9.93e-01	1.17e-12
 2.81086e+16	7.14e-03	9.93e-01	1.26e-12
 2.87752e+16	7.79e-03	9.92e-01	1.37e-12
 2.93523e+16	8.44e-03	9.92e-01	1.49e-12
 2.98584e+16	9.07e-03	9.91e-01	1.59e-12
 3.04213e+16	9.85e-03	9.90e-01	1.72e-12
 3.10300e+16	1.08e-02	9.89e-01	1.89e-12
 3.15596e+16	1.18e-02	9.88e-01	2.07e-12
 3.20217e+16	1.28e-02	9.87e-01	2.23e-12
 3.25348e+16	1.40e-02	9.86e-01	2.45e-12
 3.30757e+16	1.56e-02	9.84e-01	2.72e-12
 3.35227e+16	1.70e-02	9.83e-01	2.98e-12
 3.38992e+16	1.85e-02	9.82e-01	3.25e-12
 3.43140e+16	2.03e-02	9.80e-01	3.57e-12
 3.47580e+16	2.26e-02	9.77e-01	4.00e-12
 3.51336e+16	2.49e-02	9.75e-01	4.43e-12
 3.54499e+16	2.71e-02	9.73e-01	4.86e-12
 3.57957e+16	3.00e-02	9.70e-01	5.40e-12
 3.61667e+16	3.37e-02	9.66e-01	6.12e-12
 3.64829e+16	3.75e-02	9.63e-01	6.88e-12
 3.67502e+16	4.12e-02	9.59e-01	7.64e-12
 3.70420e+16	4.61e-02	9.54e-01	8.64e-12
 3.73565e+16	5.25e-02	9.47e-01	9.98e-12
 3.76277e+16	5.94e-02	9.41e-01	1.15e-11
 3.78601e+16	6.65e-02	9.33e-01	1.30e-11
 3.81149e+16	7.60e-02	9.24e-01	1.52e-11
 3.83908e+16	8.89e-02	9.11e-01	1.82e-11
 3.85955e+16	1.01e-01	8.99e-01	2.12e-11
 3.87184e+16	1.09e-01	8.91e-01	2.32e-11
 3.88337e+16	1.18e-01	8.82e-01	2.55e-11
 3.89836e+16	1.31e-01	8.69e-01	2.90e-11
 3.91361e+16	1.47e-01	8.53e-01	3.32e-11
 3.92545e+16	1.60e-01	8.40e-01	3.69e-11
 3.93530e+16	1.73e-01	8.27e-01	4.07e-11
 3.94630e+16	1.89e-01	8.11e-01	4.56e-11
 3.95805e+16	2.09e-01	7.91e-01	5.17e-11
 3.96802e+16	2.26e-01	7.74e-01	5.74e-11
 3.97669e+16	2.44e-01	7.56e-01	6.35e-11
 3.98638e+16	2.65e-01	7.35e-01	7.11e-11
 3.99662e+16	2.90e-01	7.10e-01	8.04e-11
 4.00524e+16	3.12e-01	6.88e-01	8.90e-11
 4.01286e+16	3.34e-01	6.66e-01	9.80e-11
 4.02152e+16	3.60e-01	6.40e-01	1.09e-10
 4.03076e+16	3.89e-01	6.11e-01	1.23e-10
 4.03881e+16	4.17e-01	5.83e-01	1.37e-10
 4.04595e+16	4.41e-01	5.59e-01	1.50e-10
 4.05265e+16	4.65e-01	5.35e-01	1.64e-10
 4.05913e+16	4.90e-01	5.10e-01	1.79e-10
 4.06551e+16	5.13e-01	4.87e-01	1.94e-10
 4.07140e+16	5.36e-01	4.64e-01	2.11e-10
 4.07568e+16	5.52e-01	4.48e-01	2.22e-10
 4.07851e+16	5.62e-01	4.38e-01	2.30e-10
 4.08145e+16	5.73e-01	4.27e-01	2.40e-10
 4.08496e+16	5.86e-01	4.14e-01	2.52e-10
 4.08852e+16	6.00e-01	4.00e-01	2.63e-10
 4.09182e+16	6.12e-01	3.88e-01	2.75e-10
 4.09494e+16	6.24e-01	3.76e-01	2.86e-10
 4.09809e+16	6.36e-01	3.64e-01	2.99e-10
 4.10132e+16	6.48e-01	3.52e-01	3.13e-10
 4.10447e+16	6.60e-01	3.40e-01	3.26e-10
 4.10753e+16	6.71e-01	3.29e-01	3.39e-10
 4.11062e+16	6.83e-01	3.17e-01	3.54e-10
 4.11371e+16	6.94e-01	3.06e-01	3.69e-10
 4.11676e+16	7.05e-01	2.95e-01	3.85e-10
 4.11977e+16	7.15e-01	2.85e-01	4.00e-10
 4.12278e+16	7.25e-01	2.75e-01	4.17e-10
 4.12581e+16	7.36e-01	2.64e-01	4.35e-10
 4.12876e+16	7.46e-01	2.54e-01	4.53e-10
 4.13167e+16	7.55e-01	2.45e-01	4.71e-10
 4.13461e+16	7.65e-01	2.35e-01	4.92e-10
 4.13755e+16	7.74e-01	2.26e-01	5.11e-10
 4.14045e+16	7.83e-01	2.17e-01	5.33e-10
 4.14332e+16	7.91e-01	2.09e-01	5.53e-10
 4.14619e+16	8.00e-01	2.00e-01	5.77e-10
 4.14909e+16	8.08e-01	1.92e-01	6.02e-10
 4.15191e+16	8.16e-01	1.84e-01	6.26e-10
 4.15469e+16	8.23e-01	1.77e-01	6.51e-10
 4.15750e+16	8.31e-01	1.69e-01	6.79e-10
 4.16031e+16	8.38e-01	1.62e-01	7.08e-10
 4.16307e+16	8.45e-01	1.55e-01	7.38e-10
 4.16576e+16	8.51e-01	1.49e-01	7.66e-10
 4.16840e+16	8.57e-01	1.43e-01	7.99e-10
 4.17103e+16	8.63e-01	1.37e-01	8.33e-10
 4.17365e+16	8.69e-01	1.31e-01	8.68e-10
 4.17624e+16	8.74e-01	1.26e-01	9.01e-10
 4.17875e+16	8.79e-01	1.21e-01	9.41e-10
 4.18121e+16	8.84e-01	1.16e-01	9.80e-10
 4.18367e+16	8.89e-01	1.11e-01	1.02e-09
 4.18614e+16	8.93e-01	1.07e-01	1.06e-09
 4.18855e+16	8.98e-01	1.02e-01	1.11e-09
 4.19089e+16	9.02e-01	9.81e-02	1.16e-09
 4.19323e+16	9.06e-01	9.43e-02	1.21e-09
 4.19557e+16	9.09e-01	9.05e-02	1.25e-09
 4.19789e+16	9.13e-01	8.69e-02	1.31e-09
 4.20016e+16	9.16e-01	8.35e-02	1.36e-09
 4.20239e+16	9.20e-01	8.02e-02	1.42e-09
 4.20463e+16	9.23e-01	7.70e-02	1.50e-09
 4.20686e+16	9.26e-01	7.39e-02	1.57e-09
 4.20902e+16	9.29e-01	7.11e-02	1.63e-09
 4.21118e+16	9.32e-01	6.84e-02	1.72e-09
 4.21334e+16	9.34e-01	6.57e-02	1.80e-09
 4.21547e+16	9.37e-01	6.31e-02	1.89e-09
 4.21760e+16	9.39e-01	6.07e-02	1.96e-09
 4.21972e+16	9.42e-01	5.83e-02	2.08e-09
 4.22178e+16	9.44e-01	5.60e-02	2.19e-09
 4.22380e+16	9.46e-01	5.38e-02	2.31e-09
 4.22586e+16	9.48e-01	5.19e-02	2.42e-09
 4.22794e+16	9.50e-01	4.98e-02	2.57e-09
 4.22993e+16	9.52e-01	4.79e-02	2.73e-09
 4.23188e+16	9.54e-01	4.60e-02	2.90e-09
 4.23389e+16	9.56e-01	4.42e-02	3.08e-09
 4.23593e+16	9.58e-01	4.24e-02	3.28e-09
 4.23789e+16	9.59e-01	4.08e-02	3.49e-09
 4.23980e+16	9.61e-01	3.93e-02	3.76e-09
 4.24167e+16	9.62e-01	3.78e-02	4.03e-09
 4.24353e+16	9.64e-01	3.64e-02	4.30e-09
 4.24541e+16	9.65e-01	3.50e-02	4.65e-09
 4.24731e+16	9.66e-01	3.36e-02	5.05e-09
 4.24919e+16	9.68e-01	3.22e-02	5.54e-09
 4.25099e+16	9.69e-01	3.10e-02	6.03e-09
 4.25277e+16	9.70e-01	2.98e-02	6.66e-09
 4.25455e+16	9.71e-01	2.86e-02	7.38e-09
 4.25634e+16	9.73e-01	2.75e-02	8.24e-09
 4.25809e+16	9.74e-01	2.64e-02	9.26e-09
 4.25971e+16	9.75e-01	2.54e-02	1.04e-08
 4.26122e+16	9.75e-01	2.45e-02	1.17e-08
 4.26260e+16	9.76e-01	2.38e-02	1.31e-08
 4.26386e+16	9.77e-01	2.31e-02	1.46e-08
 4.26505e+16	9.78e-01	2.24e-02	1.63e-08
 4.26618e+16	9.78e-01	2.18e-02	1.83e-08
 4.26722e+16	9.79e-01	2.13e-02	2.05e-08
 4.26819e+16	9.79e-01	2.08e-02	2.29e-08
 4.26911e+16	9.80e-01	2.03e-02	2.56e-08
 4.27000e+16	9.80e-01	1.98e-02	2.86e-08
 4.27085e+16	9.81e-01	1.94e-02	3.20e-08
 4.27166e+16	9.81e-01	1.90e-02	3.57e-08
 4.27242e+16	9.81e-01	1.86e-02	3.98e-08
 4.27315e+16	9.82e-01	1.82e-02	4.44e-08
 4.27387e+16	9.82e-01	1.78e-02	4.95e-08
 4.27455e+16	9.83e-01	1.74e-02	5.51e-08
 4.27523e+16	9.83e-01	1.71e-02	6.12e-08
 4.27589e+16	9.83e-01	1.67e-02	6.80e-08
 4.27655e+16	9.84e-01	1.64e-02	7.55e-08
 4.27722e+16	9.84e-01	1.60e-02	8.37e-08
 4.27790e+16	9.84e-01	1.56e-02	9.25e-08
 4.27861e+16	9.85e-01	1.52e-02	1.02e-07
 4.27932e+16	9.85e-01	1.48e-02	1.11e-07
 4.28002e+16	9.86e-01	1.44e-02	1.19e-07
 4.28065e+16	9.86e-01	1.40e-02	1.26e-07
 4.28122e+16	9.86e-01	1.37e-02	1.32e-07
 4.28176e+16	9.87e-01	1.34e-02	1.36e-07
 4.28229e+16	9.87e-01	1.31e-02	1.40e-07
 4.28279e+16	9.87e-01	1.28e-02	1.44e-07
 4.28327e+16	9.87e-01	1.26e-02	1.47e-07
 4.28370e+16	9.88e-01	1.23e-02	1.49e-07
 4.28410e+16	9.88e-01	1.21e-02	1.51e-07
 4.28446e+16	9.88e-01	1.19e-02	1.54e-07
 4.28478e+16	9.88e-01	1.17e-02	1.55e-07
 4.28508e+16	9.88e-01	1.16e-02	1.57e-07
 4.28541e+16	9.89e-01	1.14e-02	1.59e-07
 4.28576e+16	9.89e-01	1.12e-02	1.61e-07
 4.28608e+16	9.89e-01	1.10e-02	1.63e-07
 4.28637e+16	9.89e-01	1.08e-02	1.65e-07
 4.28664e+16	9.89e-01	1.07e-02	1.67e-07
 4.28693e+16	9.89e-01	1.06e-02	1.69e-07
 4.28724e+16	9.90e-01	1.04e-02	1.71e-07
 4.28753e+16	9.90e-01	1.02e-02	1.74e-07
 4.28779e+16	9.90e-01	1.01e-02	1.76e-07
 4.28807e+16	9.90e-01	9.93e-03	1.79e-07
