#depth	He	He+	He+2
 4.44949e+12	5.05e-05	1.14e-01	8.86e-01
 2.66969e+13	5.06e-05	1.14e-01	8.86e-01
 1.15687e+14	5.09e-05	1.14e-01	8.86e-01
 4.71646e+14	5.22e-05	1.16e-01	8.84e-01
 1.12661e+15	5.37e-05	1.18e-01	8.82e-01
 1.97807e+15	5.66e-05	1.21e-01	8.79e-01
 3.08496e+15	6.17e-05	1.28e-01	8.72e-01
 4.52391e+15	7.00e-05	1.40e-01	8.60e-01
 6.39456e+15	8.46e-05	1.60e-01	8.40e-01
 8.27447e+15	1.05e-04	1.88e-01	8.11e-01
 9.72483e+15	1.27e-04	2.20e-01	7.80e-01
 1.08954e+16	1.53e-04	2.55e-01	7.45e-01
 1.19564e+16	1.83e-04	2.95e-01	7.05e-01
 1.29750e+16	2.24e-04	3.46e-01	6.54e-01
 1.39029e+16	2.71e-04	4.02e-01	5.97e-01
 1.46417e+16	3.16e-04	4.57e-01	5.43e-01
 1.52306e+16	3.58e-04	5.06e-01	4.94e-01
 1.58690e+16	4.12e-04	5.64e-01	4.36e-01
 1.66989e+16	4.88e-04	6.43e-01	3.56e-01
 1.75466e+16	5.72e-04	7.25e-01	2.75e-01
 1.82560e+16	6.43e-04	7.88e-01	2.11e-01
 1.90171e+16	7.15e-04	8.45e-01	1.54e-01
 2.00065e+16	7.95e-04	9.01e-01	9.83e-02
 2.12927e+16	8.77e-04	9.46e-01	5.33e-02
 2.29648e+16	9.54e-04	9.75e-01	2.42e-02
 2.51054e+16	1.03e-03	9.90e-01	9.33e-03
 2.76160e+16	1.11e-03	9.96e-01	3.33e-03
 3.03776e+16	1.19e-03	9.98e-01	1.18e-03
 3.34153e+16	1.28e-03	9.98e-01	4.20e-04
 3.67569e+16	1.41e-03	9.98e-01	1.49e-04
 3.91906e+16	1.50e-03	9.98e-01	7.77e-05
 4.02670e+16	1.54e-03	9.98e-01	5.98e-05
 4.11709e+16	1.58e-03	9.98e-01	4.72e-05
 4.23460e+16	1.64e-03	9.98e-01	3.51e-05
 4.38736e+16	1.71e-03	9.98e-01	2.44e-05
 4.54826e+16	1.80e-03	9.98e-01	1.73e-05
 4.68222e+16	1.87e-03	9.98e-01	1.32e-05
 4.79763e+16	1.95e-03	9.98e-01	1.05e-05
 4.92640e+16	2.04e-03	9.98e-01	8.16e-06
 5.06623e+16	2.14e-03	9.98e-01	6.32e-06
 5.18815e+16	2.24e-03	9.98e-01	5.13e-06
 5.29429e+16	2.34e-03	9.98e-01	4.29e-06
 5.41218e+16	2.45e-03	9.98e-01	3.50e-06
 5.53899e+16	2.59e-03	9.97e-01	2.86e-06
 5.64850e+16	2.73e-03	9.97e-01	2.42e-06
 5.74399e+16	2.85e-03	9.97e-01	2.10e-06
 5.85015e+16	3.01e-03	9.97e-01	1.78e-06
 5.96485e+16	3.20e-03	9.97e-01	1.51e-06
 6.06467e+16	3.39e-03	9.97e-01	1.31e-06
 6.15176e+16	3.57e-03	9.96e-01	1.16e-06
 6.24824e+16	3.79e-03	9.96e-01	1.01e-06
 6.35281e+16	4.06e-03	9.96e-01	8.76e-07
 6.44282e+16	4.33e-03	9.96e-01	7.78e-07
 6.51883e+16	4.59e-03	9.95e-01	7.04e-07
 6.60172e+16	4.91e-03	9.95e-01	6.28e-07
 6.69128e+16	5.29e-03	9.95e-01	5.59e-07
 6.76868e+16	5.68e-03	9.94e-01	5.06e-07
 6.83462e+16	6.06e-03	9.94e-01	4.65e-07
 6.90648e+16	6.54e-03	9.93e-01	4.22e-07
 6.98306e+16	7.11e-03	9.93e-01	3.82e-07
 7.04730e+16	7.69e-03	9.92e-01	3.52e-07
 7.10100e+16	8.24e-03	9.92e-01	3.28e-07
 7.15949e+16	8.94e-03	9.91e-01	3.03e-07
 7.22256e+16	9.82e-03	9.90e-01	2.79e-07
 7.27657e+16	1.07e-02	9.89e-01	2.60e-07
 7.32211e+16	1.16e-02	9.88e-01	2.44e-07
 7.37167e+16	1.27e-02	9.87e-01	2.28e-07
 7.42516e+16	1.42e-02	9.86e-01	2.11e-07
 7.47099e+16	1.57e-02	9.84e-01	1.98e-07
 7.50633e+16	1.71e-02	9.83e-01	1.89e-07
 7.53488e+16	1.85e-02	9.82e-01	1.81e-07
 7.56607e+16	2.02e-02	9.80e-01	1.72e-07
 7.59966e+16	2.23e-02	9.78e-01	1.64e-07
 7.62811e+16	2.45e-02	9.76e-01	1.57e-07
 7.65132e+16	2.66e-02	9.73e-01	1.51e-07
 7.67602e+16	2.93e-02	9.71e-01	1.44e-07
 7.70203e+16	3.25e-02	9.67e-01	1.38e-07
 7.72337e+16	3.58e-02	9.64e-01	1.33e-07
 7.74090e+16	3.89e-02	9.61e-01	1.29e-07
 7.75985e+16	4.29e-02	9.57e-01	1.24e-07
 7.78019e+16	4.80e-02	9.52e-01	1.19e-07
 7.79735e+16	5.32e-02	9.47e-01	1.15e-07
 7.81150e+16	5.83e-02	9.42e-01	1.12e-07
 7.82670e+16	6.48e-02	9.35e-01	1.08e-07
 7.84307e+16	7.30e-02	9.27e-01	1.05e-07
 7.85694e+16	8.16e-02	9.18e-01	1.02e-07
 7.86842e+16	9.01e-02	9.10e-01	9.90e-08
 7.87989e+16	1.00e-01	9.00e-01	9.64e-08
 7.89193e+16	1.12e-01	8.88e-01	9.38e-08
 7.90267e+16	1.25e-01	8.75e-01	9.18e-08
 7.91113e+16	1.37e-01	8.63e-01	9.00e-08
 7.91809e+16	1.49e-01	8.51e-01	8.85e-08
 7.92463e+16	1.61e-01	8.39e-01	8.72e-08
 7.93100e+16	1.74e-01	8.26e-01	8.60e-08
 7.93589e+16	1.84e-01	8.16e-01	8.51e-08
 7.93895e+16	1.91e-01	8.09e-01	8.46e-08
 7.94180e+16	1.99e-01	8.01e-01	8.38e-08
 7.94521e+16	2.08e-01	7.92e-01	8.30e-08
 7.94882e+16	2.18e-01	7.82e-01	8.24e-08
 7.95211e+16	2.28e-01	7.72e-01	8.18e-08
 7.95508e+16	2.38e-01	7.62e-01	8.11e-08
 7.95798e+16	2.48e-01	7.52e-01	8.06e-08
 7.96094e+16	2.58e-01	7.42e-01	7.99e-08
 7.96389e+16	2.69e-01	7.31e-01	7.94e-08
 7.96671e+16	2.80e-01	7.20e-01	7.88e-08
 7.96943e+16	2.91e-01	7.09e-01	7.83e-08
 7.97209e+16	3.03e-01	6.97e-01	7.77e-08
 7.97473e+16	3.15e-01	6.85e-01	7.71e-08
 7.97733e+16	3.27e-01	6.73e-01	7.66e-08
 7.97985e+16	3.40e-01	6.60e-01	7.60e-08
 7.98232e+16	3.53e-01	6.47e-01	7.55e-08
 7.98474e+16	3.66e-01	6.34e-01	7.49e-08
 7.98713e+16	3.79e-01	6.21e-01	7.43e-08
 7.98946e+16	3.92e-01	6.08e-01	7.37e-08
 7.99174e+16	4.06e-01	5.94e-01	7.31e-08
 7.99398e+16	4.20e-01	5.80e-01	7.25e-08
 7.99618e+16	4.34e-01	5.66e-01	7.18e-08
 7.99834e+16	4.48e-01	5.52e-01	7.12e-08
 8.00046e+16	4.63e-01	5.37e-01	7.05e-08
 8.00254e+16	4.77e-01	5.23e-01	6.98e-08
 8.00458e+16	4.92e-01	5.08e-01	6.92e-08
 8.00658e+16	5.06e-01	4.94e-01	6.84e-08
 8.00854e+16	5.21e-01	4.79e-01	6.77e-08
 8.01046e+16	5.35e-01	4.65e-01	6.70e-08
 8.01231e+16	5.49e-01	4.51e-01	6.63e-08
 8.01413e+16	5.64e-01	4.36e-01	6.54e-08
 8.01589e+16	5.77e-01	4.23e-01	6.47e-08
 8.01760e+16	5.91e-01	4.09e-01	6.38e-08
 8.01926e+16	6.04e-01	3.96e-01	6.31e-08
 8.02088e+16	6.18e-01	3.82e-01	6.22e-08
 8.02247e+16	6.30e-01	3.70e-01	6.15e-08
 8.02402e+16	6.43e-01	3.57e-01	6.06e-08
 8.02553e+16	6.56e-01	3.44e-01	5.98e-08
 8.02700e+16	6.68e-01	3.32e-01	5.89e-08
 8.02844e+16	6.79e-01	3.21e-01	5.81e-08
 8.02985e+16	6.91e-01	3.09e-01	5.71e-08
 8.03122e+16	7.02e-01	2.98e-01	5.63e-08
 8.03256e+16	7.13e-01	2.87e-01	5.54e-08
 8.03390e+16	7.24e-01	2.76e-01	5.45e-08
 8.03518e+16	7.34e-01	2.66e-01	5.36e-08
 8.03641e+16	7.44e-01	2.56e-01	5.27e-08
 8.03765e+16	7.54e-01	2.46e-01	5.18e-08
 8.03886e+16	7.63e-01	2.37e-01	5.09e-08
 8.04004e+16	7.72e-01	2.28e-01	5.00e-08
 8.04120e+16	7.81e-01	2.19e-01	4.91e-08
 8.04233e+16	7.90e-01	2.10e-01	4.82e-08
 8.04342e+16	7.98e-01	2.02e-01	4.72e-08
 8.04451e+16	8.06e-01	1.94e-01	4.63e-08
 8.04556e+16	8.14e-01	1.86e-01	4.54e-08
 8.04661e+16	8.22e-01	1.78e-01	4.44e-08
 8.04763e+16	8.29e-01	1.71e-01	4.35e-08
 8.04860e+16	8.36e-01	1.64e-01	4.26e-08
 8.04957e+16	8.42e-01	1.58e-01	4.16e-08
 8.05053e+16	8.49e-01	1.51e-01	4.07e-08
 8.05146e+16	8.55e-01	1.45e-01	3.97e-08
 8.05236e+16	8.61e-01	1.39e-01	3.88e-08
 8.05324e+16	8.67e-01	1.33e-01	3.79e-08
 8.05410e+16	8.72e-01	1.28e-01	3.69e-08
 8.05495e+16	8.78e-01	1.22e-01	3.60e-08
 8.05577e+16	8.83e-01	1.17e-01	3.50e-08
 8.05657e+16	8.88e-01	1.12e-01	3.41e-08
 8.05736e+16	8.92e-01	1.08e-01	3.31e-08
 8.05811e+16	8.97e-01	1.03e-01	3.22e-08
 8.05884e+16	9.01e-01	9.88e-02	3.13e-08
 8.05955e+16	9.05e-01	9.46e-02	3.03e-08
 8.06025e+16	9.09e-01	9.05e-02	2.94e-08
 8.06092e+16	9.13e-01	8.67e-02	2.85e-08
 8.06154e+16	9.17e-01	8.32e-02	2.76e-08
 8.06211e+16	9.20e-01	8.00e-02	2.67e-08
 8.06262e+16	9.23e-01	7.70e-02	2.59e-08
 8.06310e+16	9.26e-01	7.43e-02	2.51e-08
 8.06354e+16	9.28e-01	7.18e-02	2.44e-08
 8.06395e+16	9.31e-01	6.94e-02	2.37e-08
 8.06433e+16	9.33e-01	6.73e-02	2.30e-08
 8.06468e+16	9.35e-01	6.52e-02	2.24e-08
 8.06501e+16	9.37e-01	6.33e-02	2.17e-08
 8.06531e+16	9.38e-01	6.16e-02	2.12e-08
 8.06558e+16	9.40e-01	6.00e-02	2.06e-08
 8.06584e+16	9.42e-01	5.85e-02	2.01e-08
 8.06607e+16	9.43e-01	5.72e-02	1.97e-08
 8.06631e+16	9.44e-01	5.56e-02	1.90e-08
 8.06653e+16	9.46e-01	5.43e-02	1.86e-08
 8.06670e+16	9.47e-01	5.33e-02	1.82e-08
 8.06688e+16	9.48e-01	5.21e-02	1.77e-08
 8.06705e+16	9.49e-01	5.10e-02	1.73e-08
 8.06720e+16	9.50e-01	5.02e-02	1.70e-08
 8.06734e+16	9.51e-01	4.91e-02	1.65e-08
 8.06747e+16	9.52e-01	4.83e-02	1.62e-08
 8.06759e+16	9.53e-01	4.73e-02	1.58e-08
 8.06770e+16	9.53e-01	4.67e-02	1.55e-08
 8.06781e+16	9.54e-01	4.58e-02	1.51e-08
 8.06790e+16	9.55e-01	4.52e-02	1.49e-08
 8.06799e+16	9.56e-01	4.44e-02	1.45e-08
 8.06808e+16	9.56e-01	4.38e-02	1.42e-08
 8.06816e+16	9.57e-01	4.30e-02	1.39e-08
 8.06824e+16	9.58e-01	4.23e-02	1.35e-08
 8.06832e+16	9.58e-01	4.16e-02	1.32e-08
 8.06840e+16	9.59e-01	4.08e-02	1.28e-08
 8.06848e+16	9.60e-01	4.00e-02	1.24e-08
 8.06856e+16	9.61e-01	3.91e-02	1.20e-08
 8.06864e+16	9.62e-01	3.81e-02	1.15e-08
 8.06872e+16	9.63e-01	3.69e-02	1.08e-08
 8.06881e+16	9.65e-01	3.53e-02	9.94e-09
 8.06889e+16	9.68e-01	3.18e-02	7.95e-09
