#depth	H	H+	H2
 4.44949e+12	8.63e-04	9.99e-01	1.33e-14
 2.66969e+13	8.62e-04	9.99e-01	1.33e-14
 1.15687e+14	8.62e-04	9.99e-01	1.34e-14
 4.71646e+14	8.63e-04	9.99e-01	1.36e-14
 1.12661e+15	8.50e-04	9.99e-01	1.38e-14
 1.97807e+15	8.45e-04	9.99e-01	1.42e-14
 3.08496e+15	8.46e-04	9.99e-01	1.49e-14
 4.52391e+15	8.51e-04	9.99e-01	1.59e-14
 6.39456e+15	8.66e-04	9.99e-01	1.75e-14
 8.27447e+15	8.75e-04	9.99e-01	1.91e-14
 9.72483e+15	8.90e-04	9.99e-01	2.07e-14
 1.08954e+16	9.11e-04	9.99e-01	2.23e-14
 1.19564e+16	9.37e-04	9.99e-01	2.41e-14
 1.29750e+16	9.74e-04	9.99e-01	2.68e-14
 1.39029e+16	1.01e-03	9.99e-01	2.92e-14
 1.46417e+16	1.03e-03	9.99e-01	3.14e-14
 1.52306e+16	1.06e-03	9.99e-01	3.35e-14
 1.58690e+16	1.10e-03	9.99e-01	3.63e-14
 1.66989e+16	1.15e-03	9.99e-01	4.05e-14
 1.75466e+16	1.21e-03	9.99e-01	4.51e-14
 1.82560e+16	1.26e-03	9.99e-01	4.96e-14
 1.90171e+16	1.31e-03	9.99e-01	5.48e-14
 2.00065e+16	1.39e-03	9.99e-01	6.17e-14
 2.12927e+16	1.48e-03	9.99e-01	7.05e-14
 2.29648e+16	1.58e-03	9.98e-01	8.14e-14
 2.51054e+16	1.72e-03	9.98e-01	9.55e-14
 2.76160e+16	1.88e-03	9.98e-01	1.13e-13
 3.03776e+16	2.10e-03	9.98e-01	1.36e-13
 3.34153e+16	2.37e-03	9.98e-01	1.67e-13
 3.67569e+16	2.77e-03	9.97e-01	2.14e-13
 3.91906e+16	3.12e-03	9.97e-01	2.55e-13
 4.02670e+16	3.28e-03	9.97e-01	2.76e-13
 4.11709e+16	3.44e-03	9.97e-01	2.95e-13
 4.23460e+16	3.65e-03	9.96e-01	3.23e-13
 4.38736e+16	3.95e-03	9.96e-01	3.64e-13
 4.54826e+16	4.31e-03	9.96e-01	4.12e-13
 4.68222e+16	4.64e-03	9.95e-01	4.59e-13
 4.79763e+16	4.95e-03	9.95e-01	5.05e-13
 4.92640e+16	5.33e-03	9.95e-01	5.63e-13
 5.06623e+16	5.79e-03	9.94e-01	6.34e-13
 5.18815e+16	6.23e-03	9.94e-01	7.06e-13
 5.29429e+16	6.66e-03	9.93e-01	7.77e-13
 5.41218e+16	7.19e-03	9.93e-01	8.66e-13
 5.53899e+16	7.81e-03	9.92e-01	9.76e-13
 5.64850e+16	8.42e-03	9.92e-01	1.08e-12
 5.74399e+16	9.00e-03	9.91e-01	1.19e-12
 5.85015e+16	9.71e-03	9.90e-01	1.33e-12
 5.96485e+16	1.06e-02	9.89e-01	1.50e-12
 6.06467e+16	1.14e-02	9.89e-01	1.67e-12
 6.15176e+16	1.23e-02	9.88e-01	1.84e-12
 6.24824e+16	1.33e-02	9.87e-01	2.06e-12
 6.35281e+16	1.46e-02	9.85e-01	2.33e-12
 6.44282e+16	1.58e-02	9.84e-01	2.61e-12
 6.51883e+16	1.70e-02	9.83e-01	2.87e-12
 6.60172e+16	1.84e-02	9.82e-01	3.21e-12
 6.69128e+16	2.02e-02	9.80e-01	3.64e-12
 6.76868e+16	2.21e-02	9.78e-01	4.07e-12
 6.83462e+16	2.38e-02	9.76e-01	4.51e-12
 6.90648e+16	2.60e-02	9.74e-01	5.06e-12
 6.98306e+16	2.87e-02	9.71e-01	5.76e-12
 7.04730e+16	3.14e-02	9.69e-01	6.47e-12
 7.10100e+16	3.39e-02	9.66e-01	7.17e-12
 7.15949e+16	3.71e-02	9.63e-01	8.07e-12
 7.22256e+16	4.12e-02	9.59e-01	9.24e-12
 7.27657e+16	4.54e-02	9.55e-01	1.05e-11
 7.32211e+16	4.95e-02	9.51e-01	1.17e-11
 7.37167e+16	5.47e-02	9.45e-01	1.33e-11
 7.42516e+16	6.15e-02	9.38e-01	1.55e-11
 7.47099e+16	6.87e-02	9.31e-01	1.79e-11
 7.50633e+16	7.53e-02	9.25e-01	2.02e-11
 7.53488e+16	8.15e-02	9.19e-01	2.24e-11
 7.56607e+16	8.92e-02	9.11e-01	2.53e-11
 7.59966e+16	9.91e-02	9.01e-01	2.90e-11
 7.62811e+16	1.09e-01	8.91e-01	3.30e-11
 7.65132e+16	1.19e-01	8.81e-01	3.70e-11
 7.67602e+16	1.31e-01	8.69e-01	4.21e-11
 7.70203e+16	1.45e-01	8.55e-01	4.87e-11
 7.72337e+16	1.59e-01	8.41e-01	5.55e-11
 7.74090e+16	1.73e-01	8.27e-01	6.22e-11
 7.75985e+16	1.89e-01	8.11e-01	7.10e-11
 7.78019e+16	2.10e-01	7.90e-01	8.27e-11
 7.79735e+16	2.31e-01	7.69e-01	9.52e-11
 7.81150e+16	2.50e-01	7.50e-01	1.07e-10
 7.82670e+16	2.73e-01	7.27e-01	1.24e-10
 7.84307e+16	3.02e-01	6.98e-01	1.45e-10
 7.85694e+16	3.29e-01	6.71e-01	1.68e-10
 7.86842e+16	3.55e-01	6.45e-01	1.92e-10
 7.87989e+16	3.83e-01	6.17e-01	2.19e-10
 7.89193e+16	4.15e-01	5.85e-01	2.56e-10
 7.90267e+16	4.47e-01	5.53e-01	2.95e-10
 7.91113e+16	4.74e-01	5.26e-01	3.31e-10
 7.91809e+16	4.96e-01	5.04e-01	3.66e-10
 7.92463e+16	5.19e-01	4.81e-01	4.03e-10
 7.93100e+16	5.42e-01	4.58e-01	4.45e-10
 7.93589e+16	5.59e-01	4.41e-01	4.79e-10
 7.93895e+16	5.70e-01	4.30e-01	5.01e-10
 7.94180e+16	5.80e-01	4.20e-01	5.25e-10
 7.94521e+16	5.93e-01	4.07e-01	5.55e-10
 7.94882e+16	6.07e-01	3.93e-01	5.90e-10
 7.95211e+16	6.20e-01	3.80e-01	6.24e-10
 7.95508e+16	6.32e-01	3.68e-01	6.57e-10
 7.95798e+16	6.44e-01	3.56e-01	6.91e-10
 7.96094e+16	6.56e-01	3.44e-01	7.28e-10
 7.96389e+16	6.68e-01	3.32e-01	7.68e-10
 7.96671e+16	6.80e-01	3.20e-01	8.09e-10
 7.96943e+16	6.91e-01	3.09e-01	8.51e-10
 7.97209e+16	7.02e-01	2.98e-01	8.95e-10
 7.97473e+16	7.13e-01	2.87e-01	9.41e-10
 7.97733e+16	7.23e-01	2.77e-01	9.90e-10
 7.97985e+16	7.34e-01	2.66e-01	1.04e-09
 7.98232e+16	7.44e-01	2.56e-01	1.09e-09
 7.98474e+16	7.54e-01	2.46e-01	1.15e-09
 7.98713e+16	7.63e-01	2.37e-01	1.21e-09
 7.98946e+16	7.73e-01	2.27e-01	1.27e-09
 7.99174e+16	7.82e-01	2.18e-01	1.33e-09
 7.99398e+16	7.90e-01	2.10e-01	1.39e-09
 7.99618e+16	7.99e-01	2.01e-01	1.46e-09
 7.99834e+16	8.07e-01	1.93e-01	1.53e-09
 8.00046e+16	8.15e-01	1.85e-01	1.61e-09
 8.00254e+16	8.23e-01	1.77e-01	1.69e-09
 8.00458e+16	8.30e-01	1.70e-01	1.77e-09
 8.00658e+16	8.38e-01	1.62e-01	1.85e-09
 8.00854e+16	8.45e-01	1.55e-01	1.94e-09
 8.01046e+16	8.51e-01	1.49e-01	2.04e-09
 8.01231e+16	8.58e-01	1.42e-01	2.13e-09
 8.01413e+16	8.64e-01	1.36e-01	2.23e-09
 8.01589e+16	8.69e-01	1.31e-01	2.34e-09
 8.01760e+16	8.75e-01	1.25e-01	2.45e-09
 8.01926e+16	8.80e-01	1.20e-01	2.56e-09
 8.02088e+16	8.85e-01	1.15e-01	2.68e-09
 8.02247e+16	8.90e-01	1.10e-01	2.80e-09
 8.02402e+16	8.94e-01	1.06e-01	2.93e-09
 8.02553e+16	8.99e-01	1.01e-01	3.06e-09
 8.02700e+16	9.03e-01	9.70e-02	3.20e-09
 8.02844e+16	9.07e-01	9.31e-02	3.35e-09
 8.02985e+16	9.11e-01	8.93e-02	3.51e-09
 8.03122e+16	9.14e-01	8.56e-02	3.67e-09
 8.03256e+16	9.18e-01	8.22e-02	3.84e-09
 8.03390e+16	9.21e-01	7.87e-02	4.03e-09
 8.03518e+16	9.24e-01	7.56e-02	4.21e-09
 8.03641e+16	9.27e-01	7.26e-02	4.41e-09
 8.03765e+16	9.30e-01	6.97e-02	4.63e-09
 8.03886e+16	9.33e-01	6.69e-02	4.85e-09
 8.04004e+16	9.36e-01	6.42e-02	5.09e-09
 8.04120e+16	9.38e-01	6.16e-02	5.35e-09
 8.04233e+16	9.41e-01	5.92e-02	5.62e-09
 8.04342e+16	9.43e-01	5.68e-02	5.92e-09
 8.04451e+16	9.45e-01	5.46e-02	6.23e-09
 8.04556e+16	9.48e-01	5.24e-02	6.57e-09
 8.04661e+16	9.50e-01	5.03e-02	6.94e-09
 8.04763e+16	9.52e-01	4.83e-02	7.33e-09
 8.04860e+16	9.54e-01	4.64e-02	7.75e-09
 8.04957e+16	9.55e-01	4.46e-02	8.21e-09
 8.05053e+16	9.57e-01	4.29e-02	8.71e-09
 8.05146e+16	9.59e-01	4.11e-02	9.27e-09
 8.05236e+16	9.60e-01	3.95e-02	9.87e-09
 8.05324e+16	9.62e-01	3.80e-02	1.05e-08
 8.05410e+16	9.64e-01	3.65e-02	1.13e-08
 8.05495e+16	9.65e-01	3.50e-02	1.21e-08
 8.05577e+16	9.66e-01	3.36e-02	1.30e-08
 8.05657e+16	9.68e-01	3.23e-02	1.41e-08
 8.05736e+16	9.69e-01	3.10e-02	1.52e-08
 8.05811e+16	9.70e-01	2.98e-02	1.65e-08
 8.05884e+16	9.71e-01	2.86e-02	1.80e-08
 8.05955e+16	9.73e-01	2.75e-02	1.97e-08
 8.06025e+16	9.74e-01	2.64e-02	2.17e-08
 8.06092e+16	9.75e-01	2.53e-02	2.40e-08
 8.06154e+16	9.76e-01	2.43e-02	2.66e-08
 8.06211e+16	9.77e-01	2.35e-02	2.94e-08
 8.06262e+16	9.77e-01	2.27e-02	3.24e-08
 8.06310e+16	9.78e-01	2.20e-02	3.58e-08
 8.06354e+16	9.79e-01	2.13e-02	3.95e-08
 8.06395e+16	9.79e-01	2.07e-02	4.37e-08
 8.06433e+16	9.80e-01	2.01e-02	4.81e-08
 8.06468e+16	9.80e-01	1.95e-02	5.33e-08
 8.06501e+16	9.81e-01	1.90e-02	5.90e-08
 8.06531e+16	9.81e-01	1.85e-02	6.53e-08
 8.06558e+16	9.82e-01	1.81e-02	7.21e-08
 8.06584e+16	9.82e-01	1.77e-02	7.97e-08
 8.06607e+16	9.83e-01	1.73e-02	8.70e-08
 8.06631e+16	9.83e-01	1.69e-02	9.84e-08
 8.06653e+16	9.84e-01	1.65e-02	1.10e-07
 8.06670e+16	9.84e-01	1.62e-02	1.19e-07
 8.06688e+16	9.84e-01	1.59e-02	1.33e-07
 8.06705e+16	9.84e-01	1.55e-02	1.48e-07
 8.06720e+16	9.85e-01	1.53e-02	1.62e-07
 8.06734e+16	9.85e-01	1.50e-02	1.82e-07
 8.06747e+16	9.85e-01	1.47e-02	1.99e-07
 8.06759e+16	9.86e-01	1.44e-02	2.24e-07
 8.06770e+16	9.86e-01	1.42e-02	2.45e-07
 8.06781e+16	9.86e-01	1.40e-02	2.76e-07
 8.06790e+16	9.86e-01	1.38e-02	3.01e-07
 8.06799e+16	9.86e-01	1.35e-02	3.39e-07
 8.06808e+16	9.87e-01	1.33e-02	3.72e-07
 8.06816e+16	9.87e-01	1.31e-02	4.23e-07
 8.06824e+16	9.87e-01	1.29e-02	4.80e-07
 8.06832e+16	9.87e-01	1.26e-02	5.49e-07
 8.06840e+16	9.88e-01	1.24e-02	6.37e-07
 8.06848e+16	9.88e-01	1.21e-02	7.53e-07
 8.06856e+16	9.88e-01	1.18e-02	9.09e-07
 8.06864e+16	9.89e-01	1.15e-02	1.13e-06
 8.06872e+16	9.89e-01	1.10e-02	1.52e-06
 8.06881e+16	9.90e-01	1.04e-02	2.21e-06
 8.06889e+16	9.91e-01	9.09e-03	4.45e-06
