#depth	O	O+	O+2	O+3	O+4	O+5	O+6	O+7	O+8	O[1]	O[2]	O[3]
 4.44949e+12	4.86e-07	8.83e-04	2.37e-01	7.27e-01	3.56e-02	3.20e-06	0.00e+00	0.00e+00	0.00e+00	3.68e-07	7.49e-08	4.24e-08
 2.66969e+13	4.86e-07	8.84e-04	2.37e-01	7.26e-01	3.55e-02	3.19e-06	0.00e+00	0.00e+00	0.00e+00	3.68e-07	7.50e-08	4.24e-08
 1.15687e+14	4.89e-07	8.90e-04	2.39e-01	7.25e-01	3.52e-02	3.15e-06	0.00e+00	0.00e+00	0.00e+00	3.71e-07	7.55e-08	4.27e-08
 4.71646e+14	5.03e-07	9.16e-04	2.46e-01	7.19e-01	3.40e-02	3.00e-06	0.00e+00	0.00e+00	0.00e+00	3.81e-07	7.78e-08	4.40e-08
 1.12661e+15	5.14e-07	9.51e-04	2.56e-01	7.11e-01	3.20e-02	2.75e-06	0.00e+00	0.00e+00	0.00e+00	3.89e-07	7.97e-08	4.50e-08
 1.97807e+15	5.44e-07	1.01e-03	2.72e-01	6.98e-01	2.96e-02	2.45e-06	0.00e+00	0.00e+00	0.00e+00	4.11e-07	8.47e-08	4.77e-08
 3.08496e+15	5.98e-07	1.11e-03	2.93e-01	6.79e-01	2.65e-02	2.09e-06	0.00e+00	0.00e+00	0.00e+00	4.51e-07	9.38e-08	5.27e-08
 4.52391e+15	6.84e-07	1.26e-03	3.25e-01	6.51e-01	2.28e-02	1.69e-06	0.00e+00	0.00e+00	0.00e+00	5.16e-07	1.08e-07	6.06e-08
 6.39456e+15	8.38e-07	1.51e-03	3.73e-01	6.07e-01	1.84e-02	1.24e-06	0.00e+00	0.00e+00	0.00e+00	6.30e-07	1.33e-07	7.45e-08
 8.27447e+15	1.02e-06	1.80e-03	4.30e-01	5.54e-01	1.43e-02	8.85e-07	0.00e+00	0.00e+00	0.00e+00	7.65e-07	1.64e-07	9.13e-08
 9.72483e+15	1.22e-06	2.11e-03	4.83e-01	5.03e-01	1.13e-02	6.48e-07	0.00e+00	0.00e+00	0.00e+00	9.16e-07	1.99e-07	1.10e-07
 1.08954e+16	1.45e-06	2.43e-03	5.34e-01	4.54e-01	9.03e-03	4.83e-07	0.00e+00	0.00e+00	0.00e+00	1.08e-06	2.37e-07	1.31e-07
 1.19564e+16	1.73e-06	2.78e-03	5.86e-01	4.04e-01	7.09e-03	3.54e-07	0.00e+00	0.00e+00	0.00e+00	1.29e-06	2.84e-07	1.56e-07
 1.29750e+16	2.11e-06	3.23e-03	6.42e-01	3.49e-01	5.31e-03	2.44e-07	0.00e+00	0.00e+00	0.00e+00	1.57e-06	3.51e-07	1.92e-07
 1.39029e+16	2.51e-06	3.67e-03	6.96e-01	2.97e-01	3.92e-03	1.68e-07	0.00e+00	0.00e+00	0.00e+00	1.86e-06	4.19e-07	2.28e-07
 1.46417e+16	2.88e-06	4.07e-03	7.40e-01	2.53e-01	2.96e-03	0.00e+00	0.00e+00	0.00e+00	0.00e+00	2.13e-06	4.84e-07	2.63e-07
 1.52306e+16	3.22e-06	4.41e-03	7.74e-01	2.19e-01	2.30e-03	0.00e+00	0.00e+00	0.00e+00	0.00e+00	2.38e-06	5.44e-07	2.95e-07
 1.58690e+16	3.71e-06	4.85e-03	8.11e-01	1.82e-01	1.67e-03	0.00e+00	0.00e+00	0.00e+00	0.00e+00	2.74e-06	6.30e-07	3.41e-07
 1.66989e+16	4.42e-06	5.43e-03	8.55e-01	1.38e-01	1.05e-03	0.00e+00	0.00e+00	0.00e+00	0.00e+00	3.25e-06	7.55e-07	4.07e-07
 1.75466e+16	5.20e-06	6.03e-03	8.93e-01	1.00e-01	6.11e-04	0.00e+00	0.00e+00	0.00e+00	0.00e+00	3.82e-06	8.95e-07	4.81e-07
 1.82560e+16	5.93e-06	6.54e-03	9.19e-01	7.37e-02	3.68e-04	0.00e+00	0.00e+00	0.00e+00	0.00e+00	4.35e-06	1.03e-06	5.50e-07
 1.90171e+16	6.78e-06	7.07e-03	9.41e-01	5.18e-02	2.04e-04	0.00e+00	0.00e+00	0.00e+00	0.00e+00	4.97e-06	1.18e-06	6.31e-07
 2.00065e+16	7.90e-06	7.69e-03	9.60e-01	3.22e-02	9.20e-05	0.00e+00	0.00e+00	0.00e+00	0.00e+00	5.77e-06	1.38e-06	7.37e-07
 2.12927e+16	9.31e-06	8.38e-03	9.74e-01	1.72e-02	3.18e-05	0.00e+00	0.00e+00	0.00e+00	0.00e+00	6.79e-06	1.64e-06	8.72e-07
 2.29648e+16	1.11e-05	9.11e-03	9.83e-01	7.86e-03	8.17e-06	0.00e+00	0.00e+00	0.00e+00	0.00e+00	8.06e-06	1.96e-06	1.04e-06
 2.51054e+16	1.34e-05	9.96e-03	9.87e-01	3.10e-03	1.56e-06	0.00e+00	0.00e+00	0.00e+00	0.00e+00	9.76e-06	2.38e-06	1.26e-06
 2.76160e+16	1.65e-05	1.09e-02	9.88e-01	1.17e-03	2.59e-07	0.00e+00	0.00e+00	0.00e+00	0.00e+00	1.20e-05	2.94e-06	1.55e-06
 3.03776e+16	2.09e-05	1.21e-02	9.87e-01	4.75e-04	0.00e+00	0.00e+00	0.00e+00	0.00e+00	0.00e+00	1.52e-05	3.71e-06	1.96e-06
 3.34153e+16	2.72e-05	1.36e-02	9.86e-01	2.21e-04	0.00e+00	0.00e+00	0.00e+00	0.00e+00	0.00e+00	1.98e-05	4.82e-06	2.55e-06
 3.67569e+16	3.80e-05	1.57e-02	9.84e-01	1.24e-04	0.00e+00	0.00e+00	0.00e+00	0.00e+00	0.00e+00	2.76e-05	6.76e-06	3.57e-06
 3.91906e+16	4.85e-05	1.75e-02	9.82e-01	9.49e-05	0.00e+00	0.00e+00	0.00e+00	0.00e+00	0.00e+00	3.53e-05	8.63e-06	4.56e-06
 4.02670e+16	5.42e-05	1.84e-02	9.81e-01	8.60e-05	0.00e+00	0.00e+00	0.00e+00	0.00e+00	0.00e+00	3.95e-05	9.63e-06	5.09e-06
 4.11709e+16	5.97e-05	1.92e-02	9.81e-01	7.93e-05	0.00e+00	0.00e+00	0.00e+00	0.00e+00	0.00e+00	4.35e-05	1.06e-05	5.60e-06
 4.23460e+16	6.78e-05	2.04e-02	9.80e-01	7.22e-05	0.00e+00	0.00e+00	0.00e+00	0.00e+00	0.00e+00	4.94e-05	1.20e-05	6.36e-06
 4.38736e+16	8.05e-05	2.20e-02	9.78e-01	6.45e-05	0.00e+00	0.00e+00	0.00e+00	0.00e+00	0.00e+00	5.87e-05	1.42e-05	7.54e-06
 4.54826e+16	9.69e-05	2.40e-02	9.76e-01	5.79e-05	0.00e+00	0.00e+00	0.00e+00	0.00e+00	0.00e+00	7.07e-05	1.71e-05	9.06e-06
 4.68222e+16	1.14e-04	2.58e-02	9.74e-01	5.32e-05	0.00e+00	0.00e+00	0.00e+00	0.00e+00	0.00e+00	8.30e-05	2.00e-05	1.06e-05
 4.79763e+16	1.31e-04	2.76e-02	9.72e-01	4.92e-05	0.00e+00	0.00e+00	0.00e+00	0.00e+00	0.00e+00	9.58e-05	2.31e-05	1.23e-05
 4.92640e+16	1.55e-04	2.99e-02	9.70e-01	4.52e-05	0.00e+00	0.00e+00	0.00e+00	0.00e+00	0.00e+00	1.13e-04	2.72e-05	1.44e-05
 5.06623e+16	1.86e-04	3.27e-02	9.67e-01	4.11e-05	0.00e+00	0.00e+00	0.00e+00	0.00e+00	0.00e+00	1.36e-04	3.27e-05	1.74e-05
 5.18815e+16	2.20e-04	3.55e-02	9.64e-01	3.78e-05	0.00e+00	0.00e+00	0.00e+00	0.00e+00	0.00e+00	1.61e-04	3.85e-05	2.05e-05
 5.29429e+16	2.56e-04	3.82e-02	9.61e-01	3.51e-05	0.00e+00	0.00e+00	0.00e+00	0.00e+00	0.00e+00	1.87e-04	4.47e-05	2.38e-05
 5.41218e+16	3.04e-04	4.17e-02	9.58e-01	3.21e-05	0.00e+00	0.00e+00	0.00e+00	0.00e+00	0.00e+00	2.22e-04	5.31e-05	2.83e-05
 5.53899e+16	3.68e-04	4.59e-02	9.54e-01	2.91e-05	0.00e+00	0.00e+00	0.00e+00	0.00e+00	0.00e+00	2.70e-04	6.43e-05	3.42e-05
 5.64850e+16	4.37e-04	5.01e-02	9.49e-01	2.66e-05	0.00e+00	0.00e+00	0.00e+00	0.00e+00	0.00e+00	3.20e-04	7.63e-05	4.06e-05
 5.74399e+16	5.11e-04	5.43e-02	9.45e-01	2.46e-05	0.00e+00	0.00e+00	0.00e+00	0.00e+00	0.00e+00	3.74e-04	8.90e-05	4.74e-05
 5.85015e+16	6.11e-04	5.96e-02	9.40e-01	2.23e-05	0.00e+00	0.00e+00	0.00e+00	0.00e+00	0.00e+00	4.48e-04	1.06e-04	5.67e-05
 5.96485e+16	7.47e-04	6.62e-02	9.33e-01	2.00e-05	0.00e+00	0.00e+00	0.00e+00	0.00e+00	0.00e+00	5.48e-04	1.30e-04	6.92e-05
 6.06467e+16	8.97e-04	7.29e-02	9.26e-01	1.81e-05	0.00e+00	0.00e+00	0.00e+00	0.00e+00	0.00e+00	6.58e-04	1.56e-04	8.30e-05
 6.15176e+16	1.06e-03	7.95e-02	9.19e-01	1.65e-05	0.00e+00	0.00e+00	0.00e+00	0.00e+00	0.00e+00	7.76e-04	1.84e-04	9.80e-05
 6.24824e+16	1.28e-03	8.78e-02	9.11e-01	1.49e-05	0.00e+00	0.00e+00	0.00e+00	0.00e+00	0.00e+00	9.38e-04	2.22e-04	1.18e-04
 6.35281e+16	1.59e-03	9.86e-02	9.00e-01	1.31e-05	0.00e+00	0.00e+00	0.00e+00	0.00e+00	0.00e+00	1.17e-03	2.76e-04	1.47e-04
 6.44282e+16	1.93e-03	1.09e-01	8.89e-01	1.16e-05	0.00e+00	0.00e+00	0.00e+00	0.00e+00	0.00e+00	1.42e-03	3.35e-04	1.78e-04
 6.51883e+16	2.29e-03	1.20e-01	8.78e-01	1.05e-05	0.00e+00	0.00e+00	0.00e+00	0.00e+00	0.00e+00	1.68e-03	3.97e-04	2.12e-04
 6.60172e+16	2.79e-03	1.33e-01	8.64e-01	9.27e-06	0.00e+00	0.00e+00	0.00e+00	0.00e+00	0.00e+00	2.04e-03	4.83e-04	2.57e-04
 6.69128e+16	3.47e-03	1.50e-01	8.47e-01	8.05e-06	0.00e+00	0.00e+00	0.00e+00	0.00e+00	0.00e+00	2.55e-03	6.01e-04	3.20e-04
 6.76868e+16	4.24e-03	1.67e-01	8.29e-01	7.04e-06	0.00e+00	0.00e+00	0.00e+00	0.00e+00	0.00e+00	3.11e-03	7.35e-04	3.91e-04
 6.83462e+16	5.07e-03	1.83e-01	8.12e-01	6.21e-06	0.00e+00	0.00e+00	0.00e+00	0.00e+00	0.00e+00	3.72e-03	8.79e-04	4.68e-04
 6.90648e+16	6.22e-03	2.04e-01	7.90e-01	5.35e-06	0.00e+00	0.00e+00	0.00e+00	0.00e+00	0.00e+00	4.56e-03	1.08e-03	5.74e-04
 6.98306e+16	7.80e-03	2.30e-01	7.62e-01	4.51e-06	0.00e+00	0.00e+00	0.00e+00	0.00e+00	0.00e+00	5.73e-03	1.35e-03	7.20e-04
 7.04730e+16	9.53e-03	2.55e-01	7.35e-01	3.85e-06	0.00e+00	0.00e+00	0.00e+00	0.00e+00	0.00e+00	7.00e-03	1.65e-03	8.80e-04
 7.10100e+16	1.14e-02	2.79e-01	7.10e-01	3.33e-06	0.00e+00	0.00e+00	0.00e+00	0.00e+00	0.00e+00	8.33e-03	1.97e-03	1.05e-03
 7.15949e+16	1.39e-02	3.08e-01	6.78e-01	2.79e-06	0.00e+00	0.00e+00	0.00e+00	0.00e+00	0.00e+00	1.02e-02	2.40e-03	1.28e-03
 7.22256e+16	1.73e-02	3.44e-01	6.38e-01	2.26e-06	0.00e+00	0.00e+00	0.00e+00	0.00e+00	0.00e+00	1.27e-02	3.00e-03	1.60e-03
 7.27657e+16	2.12e-02	3.79e-01	6.00e-01	1.85e-06	0.00e+00	0.00e+00	0.00e+00	0.00e+00	0.00e+00	1.55e-02	3.67e-03	1.95e-03
 7.32211e+16	2.53e-02	4.11e-01	5.63e-01	1.53e-06	0.00e+00	0.00e+00	0.00e+00	0.00e+00	0.00e+00	1.85e-02	4.38e-03	2.33e-03
 7.37167e+16	3.08e-02	4.50e-01	5.19e-01	1.21e-06	0.00e+00	0.00e+00	0.00e+00	0.00e+00	0.00e+00	2.26e-02	5.35e-03	2.84e-03
 7.42516e+16	3.85e-02	4.94e-01	4.67e-01	9.12e-07	0.00e+00	0.00e+00	0.00e+00	0.00e+00	0.00e+00	2.83e-02	6.69e-03	3.56e-03
 7.47099e+16	4.71e-02	5.35e-01	4.18e-01	6.90e-07	0.00e+00	0.00e+00	0.00e+00	0.00e+00	0.00e+00	3.46e-02	8.19e-03	4.35e-03
 7.50633e+16	5.53e-02	5.67e-01	3.77e-01	5.41e-07	0.00e+00	0.00e+00	0.00e+00	0.00e+00	0.00e+00	4.05e-02	9.61e-03	5.11e-03
 7.53488e+16	6.31e-02	5.93e-01	3.44e-01	4.35e-07	0.00e+00	0.00e+00	0.00e+00	0.00e+00	0.00e+00	4.63e-02	1.10e-02	5.83e-03
 7.56607e+16	7.31e-02	6.21e-01	3.06e-01	3.34e-07	0.00e+00	0.00e+00	0.00e+00	0.00e+00	0.00e+00	5.36e-02	1.27e-02	6.76e-03
 7.59966e+16	8.61e-02	6.50e-01	2.64e-01	2.44e-07	0.00e+00	0.00e+00	0.00e+00	0.00e+00	0.00e+00	6.32e-02	1.50e-02	7.96e-03
 7.62811e+16	9.94e-02	6.72e-01	2.29e-01	1.80e-07	0.00e+00	0.00e+00	0.00e+00	0.00e+00	0.00e+00	7.29e-02	1.73e-02	9.19e-03
 7.65132e+16	1.12e-01	6.88e-01	2.01e-01	1.38e-07	0.00e+00	0.00e+00	0.00e+00	0.00e+00	0.00e+00	8.21e-02	1.95e-02	1.03e-02
 7.67602e+16	1.28e-01	7.02e-01	1.71e-01	0.00e+00	0.00e+00	0.00e+00	0.00e+00	0.00e+00	0.00e+00	9.36e-02	2.22e-02	1.18e-02
 7.70203e+16	1.47e-01	7.12e-01	1.41e-01	0.00e+00	0.00e+00	0.00e+00	0.00e+00	0.00e+00	0.00e+00	1.08e-01	2.55e-02	1.36e-02
 7.72337e+16	1.65e-01	7.17e-01	1.18e-01	0.00e+00	0.00e+00	0.00e+00	0.00e+00	0.00e+00	0.00e+00	1.21e-01	2.87e-02	1.53e-02
 7.74090e+16	1.82e-01	7.17e-01	1.01e-01	0.00e+00	0.00e+00	0.00e+00	0.00e+00	0.00e+00	0.00e+00	1.34e-01	3.17e-02	1.68e-02
 7.75985e+16	2.03e-01	7.14e-01	8.29e-02	0.00e+00	0.00e+00	0.00e+00	0.00e+00	0.00e+00	0.00e+00	1.49e-01	3.53e-02	1.88e-02
 7.78019e+16	2.29e-01	7.05e-01	6.59e-02	0.00e+00	0.00e+00	0.00e+00	0.00e+00	0.00e+00	0.00e+00	1.68e-01	3.96e-02	2.11e-02
 7.79735e+16	2.54e-01	6.93e-01	5.30e-02	0.00e+00	0.00e+00	0.00e+00	0.00e+00	0.00e+00	0.00e+00	1.87e-01	4.39e-02	2.34e-02
 7.81150e+16	2.77e-01	6.80e-01	4.35e-02	0.00e+00	0.00e+00	0.00e+00	0.00e+00	0.00e+00	0.00e+00	2.03e-01	4.77e-02	2.55e-02
 7.82670e+16	3.04e-01	6.62e-01	3.44e-02	0.00e+00	0.00e+00	0.00e+00	0.00e+00	0.00e+00	0.00e+00	2.24e-01	5.23e-02	2.79e-02
 7.84307e+16	3.37e-01	6.37e-01	2.61e-02	0.00e+00	0.00e+00	0.00e+00	0.00e+00	0.00e+00	0.00e+00	2.49e-01	5.77e-02	3.09e-02
 7.85694e+16	3.69e-01	6.11e-01	2.01e-02	0.00e+00	0.00e+00	0.00e+00	0.00e+00	0.00e+00	0.00e+00	2.72e-01	6.28e-02	3.37e-02
 7.86842e+16	3.97e-01	5.87e-01	1.58e-02	0.00e+00	0.00e+00	0.00e+00	0.00e+00	0.00e+00	0.00e+00	2.93e-01	6.73e-02	3.62e-02
 7.87989e+16	4.27e-01	5.60e-01	1.23e-02	0.00e+00	0.00e+00	0.00e+00	0.00e+00	0.00e+00	0.00e+00	3.16e-01	7.21e-02	3.89e-02
 7.89193e+16	4.62e-01	5.29e-01	9.12e-03	0.00e+00	0.00e+00	0.00e+00	0.00e+00	0.00e+00	0.00e+00	3.43e-01	7.74e-02	4.19e-02
 7.90267e+16	4.96e-01	4.97e-01	6.84e-03	0.00e+00	0.00e+00	0.00e+00	0.00e+00	0.00e+00	0.00e+00	3.69e-01	8.24e-02	4.47e-02
 7.91113e+16	5.23e-01	4.71e-01	5.37e-03	0.00e+00	0.00e+00	0.00e+00	0.00e+00	0.00e+00	0.00e+00	3.90e-01	8.63e-02	4.70e-02
 7.91809e+16	5.46e-01	4.49e-01	4.34e-03	0.00e+00	0.00e+00	0.00e+00	0.00e+00	0.00e+00	0.00e+00	4.08e-01	8.96e-02	4.89e-02
 7.92463e+16	5.69e-01	4.27e-01	3.52e-03	0.00e+00	0.00e+00	0.00e+00	0.00e+00	0.00e+00	0.00e+00	4.26e-01	9.26e-02	5.07e-02
 7.93100e+16	5.92e-01	4.05e-01	2.83e-03	0.00e+00	0.00e+00	0.00e+00	0.00e+00	0.00e+00	0.00e+00	4.44e-01	9.56e-02	5.25e-02
 7.93589e+16	6.09e-01	3.88e-01	2.39e-03	0.00e+00	0.00e+00	0.00e+00	0.00e+00	0.00e+00	0.00e+00	4.58e-01	9.78e-02	5.38e-02
 7.93895e+16	6.19e-01	3.78e-01	2.15e-03	0.00e+00	0.00e+00	0.00e+00	0.00e+00	0.00e+00	0.00e+00	4.66e-01	9.90e-02	5.46e-02
 7.94180e+16	6.30e-01	3.68e-01	1.93e-03	0.00e+00	0.00e+00	0.00e+00	0.00e+00	0.00e+00	0.00e+00	4.74e-01	1.00e-01	5.53e-02
 7.94521e+16	6.42e-01	3.56e-01	1.69e-03	0.00e+00	0.00e+00	0.00e+00	0.00e+00	0.00e+00	0.00e+00	4.84e-01	1.02e-01	5.62e-02
 7.94882e+16	6.56e-01	3.43e-01	1.46e-03	0.00e+00	0.00e+00	0.00e+00	0.00e+00	0.00e+00	0.00e+00	4.95e-01	1.03e-01	5.72e-02
 7.95211e+16	6.68e-01	3.30e-01	1.27e-03	0.00e+00	0.00e+00	0.00e+00	0.00e+00	0.00e+00	0.00e+00	5.06e-01	1.05e-01	5.80e-02
 7.95508e+16	6.80e-01	3.19e-01	1.12e-03	0.00e+00	0.00e+00	0.00e+00	0.00e+00	0.00e+00	0.00e+00	5.15e-01	1.06e-01	5.88e-02
 7.95798e+16	6.91e-01	3.08e-01	9.89e-04	0.00e+00	0.00e+00	0.00e+00	0.00e+00	0.00e+00	0.00e+00	5.24e-01	1.07e-01	5.95e-02
 7.96094e+16	7.02e-01	2.97e-01	8.66e-04	0.00e+00	0.00e+00	0.00e+00	0.00e+00	0.00e+00	0.00e+00	5.34e-01	1.08e-01	6.02e-02
 7.96389e+16	7.13e-01	2.86e-01	7.55e-04	0.00e+00	0.00e+00	0.00e+00	0.00e+00	0.00e+00	0.00e+00	5.43e-01	1.09e-01	6.09e-02
 7.96671e+16	7.24e-01	2.75e-01	6.60e-04	0.00e+00	0.00e+00	0.00e+00	0.00e+00	0.00e+00	0.00e+00	5.53e-01	1.10e-01	6.15e-02
 7.96943e+16	7.34e-01	2.65e-01	5.78e-04	0.00e+00	0.00e+00	0.00e+00	0.00e+00	0.00e+00	0.00e+00	5.62e-01	1.10e-01	6.21e-02
 7.97209e+16	7.44e-01	2.55e-01	5.06e-04	0.00e+00	0.00e+00	0.00e+00	0.00e+00	0.00e+00	0.00e+00	5.70e-01	1.11e-01	6.27e-02
 7.97473e+16	7.54e-01	2.45e-01	4.42e-04	0.00e+00	0.00e+00	0.00e+00	0.00e+00	0.00e+00	0.00e+00	5.79e-01	1.12e-01	6.32e-02
 7.97733e+16	7.64e-01	2.36e-01	3.85e-04	0.00e+00	0.00e+00	0.00e+00	0.00e+00	0.00e+00	0.00e+00	5.88e-01	1.12e-01	6.37e-02
 7.97985e+16	7.73e-01	2.26e-01	3.36e-04	0.00e+00	0.00e+00	0.00e+00	0.00e+00	0.00e+00	0.00e+00	5.96e-01	1.13e-01	6.41e-02
 7.98232e+16	7.82e-01	2.17e-01	2.93e-04	0.00e+00	0.00e+00	0.00e+00	0.00e+00	0.00e+00	0.00e+00	6.04e-01	1.13e-01	6.46e-02
 7.98474e+16	7.91e-01	2.08e-01	2.56e-04	0.00e+00	0.00e+00	0.00e+00	0.00e+00	0.00e+00	0.00e+00	6.12e-01	1.14e-01	6.49e-02
 7.98713e+16	8.00e-01	2.00e-01	2.23e-04	0.00e+00	0.00e+00	0.00e+00	0.00e+00	0.00e+00	0.00e+00	6.20e-01	1.14e-01	6.53e-02
 7.98946e+16	8.08e-01	1.92e-01	1.94e-04	0.00e+00	0.00e+00	0.00e+00	0.00e+00	0.00e+00	0.00e+00	6.28e-01	1.15e-01	6.56e-02
 7.99174e+16	8.16e-01	1.84e-01	1.69e-04	0.00e+00	0.00e+00	0.00e+00	0.00e+00	0.00e+00	0.00e+00	6.35e-01	1.15e-01	6.59e-02
 7.99398e+16	8.24e-01	1.76e-01	1.47e-04	0.00e+00	0.00e+00	0.00e+00	0.00e+00	0.00e+00	0.00e+00	6.43e-01	1.15e-01	6.61e-02
 7.99618e+16	8.31e-01	1.68e-01	1.28e-04	0.00e+00	0.00e+00	0.00e+00	0.00e+00	0.00e+00	0.00e+00	6.50e-01	1.15e-01	6.63e-02
 7.99834e+16	8.39e-01	1.61e-01	1.11e-04	0.00e+00	0.00e+00	0.00e+00	0.00e+00	0.00e+00	0.00e+00	6.57e-01	1.15e-01	6.65e-02
 8.00046e+16	8.46e-01	1.54e-01	9.63e-05	0.00e+00	0.00e+00	0.00e+00	0.00e+00	0.00e+00	0.00e+00	6.64e-01	1.15e-01	6.66e-02
 8.00254e+16	8.52e-01	1.48e-01	8.36e-05	0.00e+00	0.00e+00	0.00e+00	0.00e+00	0.00e+00	0.00e+00	6.70e-01	1.16e-01	6.68e-02
 8.00458e+16	8.59e-01	1.41e-01	7.26e-05	0.00e+00	0.00e+00	0.00e+00	0.00e+00	0.00e+00	0.00e+00	6.76e-01	1.16e-01	6.69e-02
 8.00658e+16	8.65e-01	1.35e-01	6.30e-05	0.00e+00	0.00e+00	0.00e+00	0.00e+00	0.00e+00	0.00e+00	6.83e-01	1.16e-01	6.70e-02
 8.00854e+16	8.71e-01	1.29e-01	5.46e-05	0.00e+00	0.00e+00	0.00e+00	0.00e+00	0.00e+00	0.00e+00	6.89e-01	1.15e-01	6.70e-02
 8.01046e+16	8.77e-01	1.23e-01	4.75e-05	0.00e+00	0.00e+00	0.00e+00	0.00e+00	0.00e+00	0.00e+00	6.94e-01	1.15e-01	6.70e-02
 8.01231e+16	8.82e-01	1.18e-01	4.14e-05	0.00e+00	0.00e+00	0.00e+00	0.00e+00	0.00e+00	0.00e+00	7.00e-01	1.15e-01	6.70e-02
 8.01413e+16	8.87e-01	1.13e-01	3.59e-05	0.00e+00	0.00e+00	0.00e+00	0.00e+00	0.00e+00	0.00e+00	7.05e-01	1.15e-01	6.71e-02
 8.01589e+16	8.92e-01	1.08e-01	3.14e-05	0.00e+00	0.00e+00	0.00e+00	0.00e+00	0.00e+00	0.00e+00	7.10e-01	1.15e-01	6.70e-02
 8.01760e+16	8.97e-01	1.03e-01	2.74e-05	0.00e+00	0.00e+00	0.00e+00	0.00e+00	0.00e+00	0.00e+00	7.15e-01	1.15e-01	6.70e-02
 8.01926e+16	9.01e-01	9.86e-02	2.40e-05	0.00e+00	0.00e+00	0.00e+00	0.00e+00	0.00e+00	0.00e+00	7.20e-01	1.15e-01	6.70e-02
 8.02088e+16	9.06e-01	9.43e-02	2.09e-05	0.00e+00	0.00e+00	0.00e+00	0.00e+00	0.00e+00	0.00e+00	7.24e-01	1.15e-01	6.69e-02
 8.02247e+16	9.10e-01	9.03e-02	1.84e-05	0.00e+00	0.00e+00	0.00e+00	0.00e+00	0.00e+00	0.00e+00	7.28e-01	1.15e-01	6.69e-02
 8.02402e+16	9.14e-01	8.65e-02	1.61e-05	0.00e+00	0.00e+00	0.00e+00	0.00e+00	0.00e+00	0.00e+00	7.32e-01	1.15e-01	6.68e-02
 8.02553e+16	9.17e-01	8.28e-02	1.41e-05	0.00e+00	0.00e+00	0.00e+00	0.00e+00	0.00e+00	0.00e+00	7.36e-01	1.14e-01	6.67e-02
 8.02700e+16	9.21e-01	7.93e-02	1.24e-05	0.00e+00	0.00e+00	0.00e+00	0.00e+00	0.00e+00	0.00e+00	7.40e-01	1.14e-01	6.67e-02
 8.02844e+16	9.24e-01	7.60e-02	1.09e-05	0.00e+00	0.00e+00	0.00e+00	0.00e+00	0.00e+00	0.00e+00	7.43e-01	1.14e-01	6.66e-02
 8.02985e+16	9.27e-01	7.28e-02	9.59e-06	0.00e+00	0.00e+00	0.00e+00	0.00e+00	0.00e+00	0.00e+00	7.47e-01	1.14e-01	6.65e-02
 8.03122e+16	9.30e-01	6.98e-02	8.47e-06	0.00e+00	0.00e+00	0.00e+00	0.00e+00	0.00e+00	0.00e+00	7.50e-01	1.14e-01	6.64e-02
 8.03256e+16	9.33e-01	6.69e-02	7.47e-06	0.00e+00	0.00e+00	0.00e+00	0.00e+00	0.00e+00	0.00e+00	7.53e-01	1.14e-01	6.63e-02
 8.03390e+16	9.36e-01	6.41e-02	6.56e-06	0.00e+00	0.00e+00	0.00e+00	0.00e+00	0.00e+00	0.00e+00	7.56e-01	1.14e-01	6.63e-02
 8.03518e+16	9.39e-01	6.14e-02	5.81e-06	0.00e+00	0.00e+00	0.00e+00	0.00e+00	0.00e+00	0.00e+00	7.59e-01	1.14e-01	6.62e-02
 8.03641e+16	9.41e-01	5.90e-02	5.15e-06	0.00e+00	0.00e+00	0.00e+00	0.00e+00	0.00e+00	0.00e+00	7.61e-01	1.14e-01	6.61e-02
 8.03765e+16	9.43e-01	5.66e-02	4.55e-06	0.00e+00	0.00e+00	0.00e+00	0.00e+00	0.00e+00	0.00e+00	7.64e-01	1.14e-01	6.61e-02
 8.03886e+16	9.46e-01	5.42e-02	4.03e-06	0.00e+00	0.00e+00	0.00e+00	0.00e+00	0.00e+00	0.00e+00	7.66e-01	1.14e-01	6.60e-02
 8.04004e+16	9.48e-01	5.20e-02	3.57e-06	0.00e+00	0.00e+00	0.00e+00	0.00e+00	0.00e+00	0.00e+00	7.68e-01	1.14e-01	6.59e-02
 8.04120e+16	9.50e-01	4.99e-02	3.16e-06	0.00e+00	0.00e+00	0.00e+00	0.00e+00	0.00e+00	0.00e+00	7.71e-01	1.14e-01	6.59e-02
 8.04233e+16	9.52e-01	4.79e-02	2.81e-06	0.00e+00	0.00e+00	0.00e+00	0.00e+00	0.00e+00	0.00e+00	7.73e-01	1.14e-01	6.58e-02
 8.04342e+16	9.54e-01	4.60e-02	2.49e-06	0.00e+00	0.00e+00	0.00e+00	0.00e+00	0.00e+00	0.00e+00	7.74e-01	1.14e-01	6.58e-02
 8.04451e+16	9.56e-01	4.41e-02	2.22e-06	0.00e+00	0.00e+00	0.00e+00	0.00e+00	0.00e+00	0.00e+00	7.76e-01	1.14e-01	6.57e-02
 8.04556e+16	9.58e-01	4.23e-02	1.97e-06	0.00e+00	0.00e+00	0.00e+00	0.00e+00	0.00e+00	0.00e+00	7.78e-01	1.14e-01	6.57e-02
 8.04661e+16	9.59e-01	4.06e-02	1.75e-06	0.00e+00	0.00e+00	0.00e+00	0.00e+00	0.00e+00	0.00e+00	7.80e-01	1.14e-01	6.56e-02
 8.04763e+16	9.61e-01	3.90e-02	1.56e-06	0.00e+00	0.00e+00	0.00e+00	0.00e+00	0.00e+00	0.00e+00	7.81e-01	1.14e-01	6.55e-02
 8.04860e+16	9.63e-01	3.74e-02	1.39e-06	0.00e+00	0.00e+00	0.00e+00	0.00e+00	0.00e+00	0.00e+00	7.83e-01	1.14e-01	6.55e-02
 8.04957e+16	9.64e-01	3.59e-02	1.24e-06	0.00e+00	0.00e+00	0.00e+00	0.00e+00	0.00e+00	0.00e+00	7.84e-01	1.15e-01	6.54e-02
 8.05053e+16	9.66e-01	3.45e-02	1.10e-06	0.00e+00	0.00e+00	0.00e+00	0.00e+00	0.00e+00	0.00e+00	7.85e-01	1.15e-01	6.54e-02
 8.05146e+16	9.67e-01	3.31e-02	9.84e-07	0.00e+00	0.00e+00	0.00e+00	0.00e+00	0.00e+00	0.00e+00	7.86e-01	1.15e-01	6.54e-02
 8.05236e+16	9.68e-01	3.18e-02	8.80e-07	0.00e+00	0.00e+00	0.00e+00	0.00e+00	0.00e+00	0.00e+00	7.87e-01	1.15e-01	6.54e-02
 8.05324e+16	9.69e-01	3.05e-02	7.87e-07	0.00e+00	0.00e+00	0.00e+00	0.00e+00	0.00e+00	0.00e+00	7.88e-01	1.16e-01	6.54e-02
 8.05410e+16	9.71e-01	2.93e-02	7.04e-07	0.00e+00	0.00e+00	0.00e+00	0.00e+00	0.00e+00	0.00e+00	7.89e-01	1.16e-01	6.54e-02
 8.05495e+16	9.72e-01	2.81e-02	6.29e-07	0.00e+00	0.00e+00	0.00e+00	0.00e+00	0.00e+00	0.00e+00	7.90e-01	1.16e-01	6.54e-02
 8.05577e+16	9.73e-01	2.70e-02	5.64e-07	0.00e+00	0.00e+00	0.00e+00	0.00e+00	0.00e+00	0.00e+00	7.91e-01	1.17e-01	6.54e-02
 8.05657e+16	9.74e-01	2.59e-02	5.04e-07	0.00e+00	0.00e+00	0.00e+00	0.00e+00	0.00e+00	0.00e+00	7.91e-01	1.17e-01	6.55e-02
 8.05736e+16	9.75e-01	2.48e-02	4.51e-07	0.00e+00	0.00e+00	0.00e+00	0.00e+00	0.00e+00	0.00e+00	7.92e-01	1.18e-01	6.55e-02
 8.05811e+16	9.76e-01	2.38e-02	4.05e-07	0.00e+00	0.00e+00	0.00e+00	0.00e+00	0.00e+00	0.00e+00	7.92e-01	1.18e-01	6.56e-02
 8.05884e+16	9.77e-01	2.29e-02	3.63e-07	0.00e+00	0.00e+00	0.00e+00	0.00e+00	0.00e+00	0.00e+00	7.92e-01	1.19e-01	6.57e-02
 8.05955e+16	9.78e-01	2.19e-02	3.26e-07	0.00e+00	0.00e+00	0.00e+00	0.00e+00	0.00e+00	0.00e+00	7.93e-01	1.20e-01	6.58e-02
 8.06025e+16	9.79e-01	2.10e-02	2.93e-07	0.00e+00	0.00e+00	0.00e+00	0.00e+00	0.00e+00	0.00e+00	7.93e-01	1.20e-01	6.59e-02
 8.06092e+16	9.80e-01	2.02e-02	2.63e-07	0.00e+00	0.00e+00	0.00e+00	0.00e+00	0.00e+00	0.00e+00	7.93e-01	1.21e-01	6.60e-02
 8.06154e+16	9.81e-01	1.94e-02	2.38e-07	0.00e+00	0.00e+00	0.00e+00	0.00e+00	0.00e+00	0.00e+00	7.93e-01	1.22e-01	6.61e-02
 8.06211e+16	9.81e-01	1.87e-02	2.16e-07	0.00e+00	0.00e+00	0.00e+00	0.00e+00	0.00e+00	0.00e+00	7.92e-01	1.23e-01	6.62e-02
 8.06262e+16	9.82e-01	1.81e-02	1.98e-07	0.00e+00	0.00e+00	0.00e+00	0.00e+00	0.00e+00	0.00e+00	7.92e-01	1.23e-01	6.64e-02
 8.06310e+16	9.83e-01	1.75e-02	1.82e-07	0.00e+00	0.00e+00	0.00e+00	0.00e+00	0.00e+00	0.00e+00	7.92e-01	1.24e-01	6.65e-02
 8.06354e+16	9.83e-01	1.69e-02	1.68e-07	0.00e+00	0.00e+00	0.00e+00	0.00e+00	0.00e+00	0.00e+00	7.91e-01	1.25e-01	6.67e-02
 8.06395e+16	9.84e-01	1.64e-02	1.56e-07	0.00e+00	0.00e+00	0.00e+00	0.00e+00	0.00e+00	0.00e+00	7.91e-01	1.26e-01	6.68e-02
 8.06433e+16	9.84e-01	1.59e-02	1.45e-07	0.00e+00	0.00e+00	0.00e+00	0.00e+00	0.00e+00	0.00e+00	7.90e-01	1.27e-01	6.70e-02
 8.06468e+16	9.85e-01	1.55e-02	1.35e-07	0.00e+00	0.00e+00	0.00e+00	0.00e+00	0.00e+00	0.00e+00	7.90e-01	1.27e-01	6.72e-02
 8.06501e+16	9.85e-01	1.51e-02	1.26e-07	0.00e+00	0.00e+00	0.00e+00	0.00e+00	0.00e+00	0.00e+00	7.89e-01	1.28e-01	6.73e-02
 8.06531e+16	9.85e-01	1.47e-02	1.19e-07	0.00e+00	0.00e+00	0.00e+00	0.00e+00	0.00e+00	0.00e+00	7.89e-01	1.29e-01	6.75e-02
 8.06558e+16	9.86e-01	1.43e-02	1.12e-07	0.00e+00	0.00e+00	0.00e+00	0.00e+00	0.00e+00	0.00e+00	7.88e-01	1.30e-01	6.77e-02
 8.06584e+16	9.86e-01	1.40e-02	1.05e-07	0.00e+00	0.00e+00	0.00e+00	0.00e+00	0.00e+00	0.00e+00	7.88e-01	1.31e-01	6.78e-02
 8.06607e+16	9.86e-01	1.37e-02	1.00e-07	0.00e+00	0.00e+00	0.00e+00	0.00e+00	0.00e+00	0.00e+00	7.87e-01	1.31e-01	6.79e-02
 8.06631e+16	9.87e-01	1.33e-02	9.43e-08	0.00e+00	0.00e+00	0.00e+00	0.00e+00	0.00e+00	0.00e+00	7.86e-01	1.32e-01	6.81e-02
 8.06653e+16	9.87e-01	1.30e-02	8.95e-08	0.00e+00	0.00e+00	0.00e+00	0.00e+00	0.00e+00	0.00e+00	7.85e-01	1.33e-01	6.83e-02
 8.06670e+16	9.87e-01	1.28e-02	8.59e-08	0.00e+00	0.00e+00	0.00e+00	0.00e+00	0.00e+00	0.00e+00	7.85e-01	1.34e-01	6.84e-02
 8.06688e+16	9.87e-01	1.25e-02	8.16e-08	0.00e+00	0.00e+00	0.00e+00	0.00e+00	0.00e+00	0.00e+00	7.84e-01	1.35e-01	6.86e-02
 8.06705e+16	9.88e-01	1.22e-02	7.78e-08	0.00e+00	0.00e+00	0.00e+00	0.00e+00	0.00e+00	0.00e+00	7.83e-01	1.36e-01	6.88e-02
 8.06720e+16	9.88e-01	1.20e-02	7.50e-08	0.00e+00	0.00e+00	0.00e+00	0.00e+00	0.00e+00	0.00e+00	7.83e-01	1.36e-01	6.89e-02
 8.06734e+16	9.88e-01	1.18e-02	7.15e-08	0.00e+00	0.00e+00	0.00e+00	0.00e+00	0.00e+00	0.00e+00	7.82e-01	1.37e-01	6.91e-02
 8.06747e+16	9.88e-01	1.16e-02	6.90e-08	0.00e+00	0.00e+00	0.00e+00	0.00e+00	0.00e+00	0.00e+00	7.81e-01	1.38e-01	6.92e-02
 8.06759e+16	9.89e-01	1.13e-02	6.60e-08	0.00e+00	0.00e+00	0.00e+00	0.00e+00	0.00e+00	0.00e+00	7.80e-01	1.39e-01	6.95e-02
 8.06770e+16	9.89e-01	1.12e-02	6.39e-08	0.00e+00	0.00e+00	0.00e+00	0.00e+00	0.00e+00	0.00e+00	7.80e-01	1.39e-01	6.96e-02
 8.06781e+16	9.89e-01	1.10e-02	6.13e-08	0.00e+00	0.00e+00	0.00e+00	0.00e+00	0.00e+00	0.00e+00	7.79e-01	1.40e-01	6.98e-02
 8.06790e+16	9.89e-01	1.08e-02	5.95e-08	0.00e+00	0.00e+00	0.00e+00	0.00e+00	0.00e+00	0.00e+00	7.78e-01	1.41e-01	6.99e-02
 8.06799e+16	9.89e-01	1.06e-02	5.72e-08	0.00e+00	0.00e+00	0.00e+00	0.00e+00	0.00e+00	0.00e+00	7.77e-01	1.42e-01	7.01e-02
 8.06808e+16	9.90e-01	1.05e-02	5.56e-08	0.00e+00	0.00e+00	0.00e+00	0.00e+00	0.00e+00	0.00e+00	7.77e-01	1.42e-01	7.02e-02
 8.06816e+16	9.90e-01	1.02e-02	5.34e-08	0.00e+00	0.00e+00	0.00e+00	0.00e+00	0.00e+00	0.00e+00	7.76e-01	1.44e-01	7.04e-02
 8.06824e+16	9.90e-01	1.01e-02	5.14e-08	0.00e+00	0.00e+00	0.00e+00	0.00e+00	0.00e+00	0.00e+00	7.75e-01	1.45e-01	7.06e-02
 8.06832e+16	9.90e-01	9.86e-03	4.94e-08	0.00e+00	0.00e+00	0.00e+00	0.00e+00	0.00e+00	0.00e+00	7.74e-01	1.46e-01	7.08e-02
 8.06840e+16	9.90e-01	9.65e-03	4.74e-08	0.00e+00	0.00e+00	0.00e+00	0.00e+00	0.00e+00	0.00e+00	7.73e-01	1.47e-01	7.10e-02
 8.06848e+16	9.91e-01	9.43e-03	4.53e-08	0.00e+00	0.00e+00	0.00e+00	0.00e+00	0.00e+00	0.00e+00	7.71e-01	1.48e-01	7.12e-02
 8.06856e+16	9.91e-01	9.18e-03	4.31e-08	0.00e+00	0.00e+00	0.00e+00	0.00e+00	0.00e+00	0.00e+00	7.70e-01	1.49e-01	7.15e-02
 8.06864e+16	9.91e-01	8.91e-03	4.07e-08	0.00e+00	0.00e+00	0.00e+00	0.00e+00	0.00e+00	0.00e+00	7.68e-01	1.51e-01	7.18e-02
 8.06872e+16	9.91e-01	8.55e-03	3.77e-08	0.00e+00	0.00e+00	0.00e+00	0.00e+00	0.00e+00	0.00e+00	7.65e-01	1.54e-01	7.23e-02
 8.06881e+16	9.92e-01	8.07e-03	3.41e-08	0.00e+00	0.00e+00	0.00e+00	0.00e+00	0.00e+00	0.00e+00	7.62e-01	1.57e-01	7.29e-02
 8.06889e+16	9.93e-01	6.97e-03	2.65e-08	0.00e+00	0.00e+00	0.00e+00	0.00e+00	0.00e+00	0.00e+00	7.52e-01	1.67e-01	7.45e-02
