#depth	He	He+	He+2
 3.46102e+11	1.15e-03	9.92e-01	6.42e-03
 2.07661e+12	1.15e-03	9.92e-01	6.41e-03
 8.99864e+12	1.15e-03	9.92e-01	6.37e-03
 3.66868e+13	1.15e-03	9.93e-01	6.14e-03
 8.76329e+13	1.16e-03	9.93e-01	5.99e-03
 1.53863e+14	1.16e-03	9.93e-01	5.62e-03
 2.39962e+14	1.17e-03	9.94e-01	5.05e-03
 3.51891e+14	1.18e-03	9.95e-01	4.28e-03
 4.97398e+14	1.19e-03	9.95e-01	3.37e-03
 6.86557e+14	1.20e-03	9.96e-01	2.42e-03
 9.32465e+14	1.22e-03	9.97e-01	1.54e-03
 1.25214e+15	1.25e-03	9.98e-01	8.40e-04
 1.66773e+15	1.28e-03	9.98e-01	3.81e-04
 2.20799e+15	1.31e-03	9.99e-01	1.38e-04
 2.91032e+15	1.36e-03	9.99e-01	3.84e-05
 3.82336e+15	1.43e-03	9.99e-01	7.83e-06
 5.01031e+15	1.51e-03	9.98e-01	1.15e-06
 6.55334e+15	1.63e-03	9.98e-01	1.26e-07
 8.37809e+15	1.77e-03	9.98e-01	1.28e-08
 1.02833e+16	1.93e-03	9.98e-01	1.75e-09
 1.17977e+16	2.13e-03	9.98e-01	4.61e-10
 1.26209e+16	2.22e-03	9.98e-01	2.55e-10
 1.32222e+16	2.29e-03	9.98e-01	1.72e-10
 1.40038e+16	2.38e-03	9.98e-01	1.10e-10
 1.50200e+16	2.50e-03	9.98e-01	6.98e-11
 1.60867e+16	2.63e-03	9.97e-01	4.93e-11
 1.69590e+16	2.76e-03	9.97e-01	3.99e-11
 1.76773e+16	2.86e-03	9.97e-01	3.53e-11
 1.84556e+16	2.97e-03	9.97e-01	3.21e-11
 1.94673e+16	3.13e-03	9.97e-01	2.98e-11
 2.04575e+16	3.30e-03	9.97e-01	2.81e-11
 2.11705e+16	3.44e-03	9.97e-01	2.79e-11
 2.17453e+16	3.56e-03	9.96e-01	2.78e-11
 2.23899e+16	3.69e-03	9.96e-01	2.77e-11
 2.32278e+16	3.87e-03	9.96e-01	2.78e-11
 2.40858e+16	4.08e-03	9.96e-01	2.83e-11
 2.47523e+16	4.27e-03	9.96e-01	2.90e-11
 2.52952e+16	4.43e-03	9.96e-01	2.96e-11
 2.58949e+16	4.61e-03	9.95e-01	3.02e-11
 2.66746e+16	4.87e-03	9.95e-01	3.11e-11
 2.74631e+16	5.17e-03	9.95e-01	3.30e-11
 2.80644e+16	5.45e-03	9.95e-01	3.42e-11
 2.85536e+16	5.69e-03	9.94e-01	3.46e-11
 2.90960e+16	5.98e-03	9.94e-01	3.57e-11
 2.98010e+16	6.41e-03	9.94e-01	3.72e-11
 3.04991e+16	6.92e-03	9.93e-01	3.93e-11
 3.09988e+16	7.39e-03	9.93e-01	4.01e-11
 3.13721e+16	7.77e-03	9.92e-01	4.15e-11
 3.17701e+16	8.22e-03	9.92e-01	4.29e-11
 3.22875e+16	8.88e-03	9.91e-01	4.62e-11
 3.28093e+16	9.73e-03	9.90e-01	4.82e-11
 3.31945e+16	1.05e-02	9.90e-01	5.09e-11
 3.34885e+16	1.12e-02	9.89e-01	5.34e-11
 3.38066e+16	1.20e-02	9.88e-01	5.60e-11
 3.42201e+16	1.33e-02	9.87e-01	6.03e-11
 3.46215e+16	1.50e-02	9.85e-01	6.66e-11
 3.49024e+16	1.65e-02	9.84e-01	7.15e-11
 3.51199e+16	1.78e-02	9.82e-01	7.64e-11
 3.53603e+16	1.97e-02	9.80e-01	8.24e-11
 3.56728e+16	2.26e-02	9.77e-01	9.49e-11
 3.59774e+16	2.66e-02	9.73e-01	1.10e-10
 3.61627e+16	2.98e-02	9.70e-01	1.24e-10
 3.62585e+16	3.19e-02	9.68e-01	1.32e-10
 3.63470e+16	3.41e-02	9.66e-01	1.41e-10
 3.64620e+16	3.73e-02	9.63e-01	1.55e-10
 3.65854e+16	4.14e-02	9.59e-01	1.75e-10
 3.66890e+16	4.55e-02	9.54e-01	1.95e-10
 3.67726e+16	4.95e-02	9.51e-01	2.14e-10
 3.68492e+16	5.37e-02	9.46e-01	2.36e-10
 3.69370e+16	5.95e-02	9.40e-01	2.65e-10
 3.70269e+16	6.65e-02	9.33e-01	3.03e-10
 3.70970e+16	7.31e-02	9.27e-01	3.39e-10
 3.71534e+16	7.93e-02	9.21e-01	3.73e-10
 3.72146e+16	8.72e-02	9.13e-01	4.17e-10
 3.72809e+16	9.71e-02	9.03e-01	4.73e-10
 3.73379e+16	1.07e-01	8.93e-01	5.32e-10
 3.73855e+16	1.17e-01	8.83e-01	5.88e-10
 3.74319e+16	1.28e-01	8.72e-01	6.50e-10
 3.74796e+16	1.41e-01	8.59e-01	7.27e-10
 3.75234e+16	1.55e-01	8.45e-01	8.06e-10
 3.75599e+16	1.68e-01	8.32e-01	8.80e-10
 3.75912e+16	1.80e-01	8.20e-01	9.50e-10
 3.76205e+16	1.93e-01	8.07e-01	1.02e-09
 3.76436e+16	2.04e-01	7.96e-01	1.08e-09
 3.76592e+16	2.11e-01	7.89e-01	1.12e-09
 3.76736e+16	2.19e-01	7.81e-01	1.16e-09
 3.76901e+16	2.29e-01	7.71e-01	1.21e-09
 3.77074e+16	2.39e-01	7.61e-01	1.27e-09
 3.77240e+16	2.49e-01	7.51e-01	1.32e-09
 3.77393e+16	2.60e-01	7.40e-01	1.37e-09
 3.77542e+16	2.70e-01	7.30e-01	1.42e-09
 3.77691e+16	2.81e-01	7.19e-01	1.48e-09
 3.77839e+16	2.92e-01	7.08e-01	1.53e-09
 3.77984e+16	3.04e-01	6.96e-01	1.59e-09
 3.78124e+16	3.15e-01	6.85e-01	1.65e-09
 3.78261e+16	3.27e-01	6.73e-01	1.70e-09
 3.78397e+16	3.40e-01	6.60e-01	1.76e-09
 3.78530e+16	3.52e-01	6.48e-01	1.82e-09
 3.78661e+16	3.65e-01	6.35e-01	1.87e-09
 3.78789e+16	3.78e-01	6.22e-01	1.93e-09
 3.78915e+16	3.91e-01	6.09e-01	1.99e-09
 3.79039e+16	4.05e-01	5.95e-01	2.04e-09
 3.79161e+16	4.18e-01	5.82e-01	2.10e-09
 3.79280e+16	4.32e-01	5.68e-01	2.15e-09
 3.79398e+16	4.46e-01	5.54e-01	2.21e-09
 3.79513e+16	4.61e-01	5.39e-01	2.26e-09
 3.79627e+16	4.75e-01	5.25e-01	2.31e-09
 3.79739e+16	4.89e-01	5.11e-01	2.36e-09
 3.79849e+16	5.04e-01	4.96e-01	2.41e-09
 3.79957e+16	5.18e-01	4.82e-01	2.46e-09
 3.80063e+16	5.33e-01	4.67e-01	2.50e-09
 3.80167e+16	5.47e-01	4.53e-01	2.54e-09
 3.80267e+16	5.62e-01	4.38e-01	2.58e-09
 3.80365e+16	5.76e-01	4.24e-01	2.62e-09
 3.80461e+16	5.89e-01	4.11e-01	2.65e-09
 3.80554e+16	6.03e-01	3.97e-01	2.68e-09
 3.80645e+16	6.16e-01	3.84e-01	2.71e-09
 3.80734e+16	6.29e-01	3.71e-01	2.73e-09
 3.80820e+16	6.42e-01	3.58e-01	2.75e-09
 3.80905e+16	6.55e-01	3.45e-01	2.77e-09
 3.80989e+16	6.67e-01	3.33e-01	2.79e-09
 3.81071e+16	6.79e-01	3.21e-01	2.80e-09
 3.81149e+16	6.91e-01	3.09e-01	2.81e-09
 3.81226e+16	7.02e-01	2.98e-01	2.82e-09
 3.81303e+16	7.14e-01	2.86e-01	2.83e-09
 3.81378e+16	7.24e-01	2.76e-01	2.83e-09
 3.81451e+16	7.35e-01	2.65e-01	2.83e-09
 3.81523e+16	7.45e-01	2.55e-01	2.83e-09
 3.81593e+16	7.55e-01	2.45e-01	2.83e-09
 3.81663e+16	7.65e-01	2.35e-01	2.82e-09
 3.81731e+16	7.74e-01	2.26e-01	2.82e-09
 3.81798e+16	7.83e-01	2.17e-01	2.81e-09
 3.81863e+16	7.92e-01	2.08e-01	2.79e-09
 3.81928e+16	8.01e-01	1.99e-01	2.78e-09
 3.81992e+16	8.09e-01	1.91e-01	2.77e-09
 3.82054e+16	8.17e-01	1.83e-01	2.75e-09
 3.82115e+16	8.25e-01	1.75e-01	2.73e-09
 3.82175e+16	8.32e-01	1.68e-01	2.71e-09
 3.82235e+16	8.39e-01	1.61e-01	2.68e-09
 3.82293e+16	8.46e-01	1.54e-01	2.66e-09
 3.82350e+16	8.53e-01	1.47e-01	2.63e-09
 3.82407e+16	8.59e-01	1.41e-01	2.61e-09
 3.82462e+16	8.65e-01	1.35e-01	2.58e-09
 3.82517e+16	8.71e-01	1.29e-01	2.55e-09
 3.82571e+16	8.77e-01	1.23e-01	2.52e-09
 3.82623e+16	8.82e-01	1.18e-01	2.49e-09
 3.82675e+16	8.88e-01	1.12e-01	2.46e-09
 3.82726e+16	8.93e-01	1.07e-01	2.42e-09
 3.82776e+16	8.97e-01	1.03e-01	2.39e-09
 3.82825e+16	9.02e-01	9.79e-02	2.35e-09
 3.82873e+16	9.06e-01	9.35e-02	2.32e-09
 3.82920e+16	9.11e-01	8.93e-02	2.28e-09
 3.82967e+16	9.15e-01	8.52e-02	2.24e-09
 3.83011e+16	9.19e-01	8.15e-02	2.20e-09
 3.83054e+16	9.22e-01	7.78e-02	2.16e-09
 3.83098e+16	9.26e-01	7.42e-02	2.12e-09
 3.83141e+16	9.29e-01	7.09e-02	2.08e-09
 3.83181e+16	9.32e-01	6.77e-02	2.04e-09
 3.83221e+16	9.35e-01	6.46e-02	2.00e-09
 3.83260e+16	9.38e-01	6.17e-02	1.96e-09
 3.83297e+16	9.41e-01	5.89e-02	1.92e-09
 3.83333e+16	9.44e-01	5.63e-02	1.87e-09
 3.83366e+16	9.46e-01	5.40e-02	1.83e-09
 3.83396e+16	9.48e-01	5.18e-02	1.79e-09
 3.83425e+16	9.50e-01	4.99e-02	1.75e-09
 3.83452e+16	9.52e-01	4.80e-02	1.72e-09
 3.83477e+16	9.54e-01	4.63e-02	1.68e-09
 3.83500e+16	9.55e-01	4.47e-02	1.64e-09
 3.83522e+16	9.57e-01	4.32e-02	1.61e-09
 3.83543e+16	9.58e-01	4.18e-02	1.57e-09
 3.83562e+16	9.59e-01	4.05e-02	1.54e-09
 3.83580e+16	9.61e-01	3.93e-02	1.51e-09
 3.83597e+16	9.62e-01	3.82e-02	1.48e-09
 3.83613e+16	9.63e-01	3.71e-02	1.44e-09
 3.83628e+16	9.64e-01	3.61e-02	1.41e-09
 3.83642e+16	9.65e-01	3.51e-02	1.38e-09
 3.83655e+16	9.66e-01	3.42e-02	1.35e-09
 3.83667e+16	9.67e-01	3.33e-02	1.32e-09
 3.83679e+16	9.68e-01	3.25e-02	1.29e-09
 3.83690e+16	9.68e-01	3.17e-02	1.27e-09
 3.83701e+16	9.69e-01	3.09e-02	1.24e-09
 3.83712e+16	9.70e-01	3.01e-02	1.21e-09
 3.83721e+16	9.71e-01	2.94e-02	1.18e-09
 3.83731e+16	9.71e-01	2.87e-02	1.15e-09
 3.83740e+16	9.72e-01	2.80e-02	1.12e-09
 3.83748e+16	9.73e-01	2.73e-02	1.09e-09
 3.83757e+16	9.73e-01	2.66e-02	1.06e-09
 3.83765e+16	9.74e-01	2.59e-02	1.03e-09
