#depth	O	O+	O+2	O+3	O+4	O+5	O+6	O+7	O+8	O[1]	O[2]	O[3]
 3.46102e+11	1.21e-05	1.86e-02	9.78e-01	2.87e-03	0.00e+00	0.00e+00	0.00e+00	0.00e+00	0.00e+00	8.29e-06	2.62e-06	1.21e-06
 2.07661e+12	1.21e-05	1.86e-02	9.79e-01	2.86e-03	0.00e+00	0.00e+00	0.00e+00	0.00e+00	0.00e+00	8.29e-06	2.62e-06	1.21e-06
 8.99864e+12	1.21e-05	1.86e-02	9.79e-01	2.82e-03	0.00e+00	0.00e+00	0.00e+00	0.00e+00	0.00e+00	8.29e-06	2.62e-06	1.21e-06
 3.66868e+13	1.22e-05	1.87e-02	9.79e-01	2.65e-03	0.00e+00	0.00e+00	0.00e+00	0.00e+00	0.00e+00	8.33e-06	2.64e-06	1.22e-06
 8.76329e+13	1.22e-05	1.87e-02	9.79e-01	2.43e-03	0.00e+00	0.00e+00	0.00e+00	0.00e+00	0.00e+00	8.33e-06	2.65e-06	1.22e-06
 1.53863e+14	1.23e-05	1.88e-02	9.79e-01	2.16e-03	0.00e+00	0.00e+00	0.00e+00	0.00e+00	0.00e+00	8.37e-06	2.67e-06	1.23e-06
 2.39962e+14	1.23e-05	1.89e-02	9.79e-01	1.85e-03	0.00e+00	0.00e+00	0.00e+00	0.00e+00	0.00e+00	8.41e-06	2.68e-06	1.24e-06
 3.51891e+14	1.25e-05	1.91e-02	9.79e-01	1.50e-03	0.00e+00	0.00e+00	0.00e+00	0.00e+00	0.00e+00	8.53e-06	2.72e-06	1.26e-06
 4.97398e+14	1.27e-05	1.93e-02	9.80e-01	1.14e-03	0.00e+00	0.00e+00	0.00e+00	0.00e+00	0.00e+00	8.66e-06	2.76e-06	1.27e-06
 6.86557e+14	1.30e-05	1.96e-02	9.80e-01	7.97e-04	0.00e+00	0.00e+00	0.00e+00	0.00e+00	0.00e+00	8.83e-06	2.82e-06	1.30e-06
 9.32465e+14	1.33e-05	1.99e-02	9.80e-01	5.00e-04	0.00e+00	0.00e+00	0.00e+00	0.00e+00	0.00e+00	9.07e-06	2.90e-06	1.34e-06
 1.25214e+15	1.38e-05	2.03e-02	9.79e-01	2.73e-04	0.00e+00	0.00e+00	0.00e+00	0.00e+00	0.00e+00	9.39e-06	3.01e-06	1.38e-06
 1.66773e+15	1.45e-05	2.08e-02	9.79e-01	1.26e-04	0.00e+00	0.00e+00	0.00e+00	0.00e+00	0.00e+00	9.85e-06	3.16e-06	1.45e-06
 2.20799e+15	1.54e-05	2.15e-02	9.78e-01	4.80e-05	0.00e+00	0.00e+00	0.00e+00	0.00e+00	0.00e+00	1.05e-05	3.37e-06	1.55e-06
 2.91032e+15	1.68e-05	2.25e-02	9.78e-01	1.52e-05	0.00e+00	0.00e+00	0.00e+00	0.00e+00	0.00e+00	1.14e-05	3.67e-06	1.68e-06
 3.82336e+15	1.87e-05	2.37e-02	9.76e-01	4.61e-06	0.00e+00	0.00e+00	0.00e+00	0.00e+00	0.00e+00	1.27e-05	4.11e-06	1.88e-06
 5.01031e+15	2.17e-05	2.54e-02	9.75e-01	1.95e-06	0.00e+00	0.00e+00	0.00e+00	0.00e+00	0.00e+00	1.48e-05	4.76e-06	2.18e-06
 6.55334e+15	2.64e-05	2.77e-02	9.72e-01	1.25e-06	0.00e+00	0.00e+00	0.00e+00	0.00e+00	0.00e+00	1.80e-05	5.80e-06	2.65e-06
 8.37809e+15	3.34e-05	3.06e-02	9.69e-01	9.50e-07	0.00e+00	0.00e+00	0.00e+00	0.00e+00	0.00e+00	2.27e-05	7.33e-06	3.35e-06
 1.02833e+16	4.30e-05	3.40e-02	9.66e-01	7.56e-07	0.00e+00	0.00e+00	0.00e+00	0.00e+00	0.00e+00	2.92e-05	9.45e-06	4.33e-06
 1.17977e+16	5.77e-05	3.86e-02	9.61e-01	6.38e-07	0.00e+00	0.00e+00	0.00e+00	0.00e+00	0.00e+00	3.90e-05	1.28e-05	5.83e-06
 1.26209e+16	6.59e-05	4.07e-02	9.59e-01	5.86e-07	0.00e+00	0.00e+00	0.00e+00	0.00e+00	0.00e+00	4.46e-05	1.46e-05	6.66e-06
 1.32222e+16	7.27e-05	4.23e-02	9.58e-01	5.49e-07	0.00e+00	0.00e+00	0.00e+00	0.00e+00	0.00e+00	4.92e-05	1.61e-05	7.35e-06
 1.40038e+16	8.25e-05	4.44e-02	9.56e-01	5.08e-07	0.00e+00	0.00e+00	0.00e+00	0.00e+00	0.00e+00	5.59e-05	1.83e-05	8.34e-06
 1.50200e+16	9.72e-05	4.73e-02	9.53e-01	4.62e-07	0.00e+00	0.00e+00	0.00e+00	0.00e+00	0.00e+00	6.58e-05	2.15e-05	9.83e-06
 1.60867e+16	1.17e-04	5.07e-02	9.49e-01	4.21e-07	0.00e+00	0.00e+00	0.00e+00	0.00e+00	0.00e+00	7.90e-05	2.58e-05	1.18e-05
 1.69590e+16	1.37e-04	5.40e-02	9.46e-01	3.92e-07	0.00e+00	0.00e+00	0.00e+00	0.00e+00	0.00e+00	9.29e-05	3.02e-05	1.39e-05
 1.76773e+16	1.57e-04	5.69e-02	9.43e-01	3.69e-07	0.00e+00	0.00e+00	0.00e+00	0.00e+00	0.00e+00	1.06e-04	3.45e-05	1.59e-05
 1.84556e+16	1.80e-04	6.01e-02	9.40e-01	3.48e-07	0.00e+00	0.00e+00	0.00e+00	0.00e+00	0.00e+00	1.22e-04	3.95e-05	1.83e-05
 1.94673e+16	2.18e-04	6.47e-02	9.35e-01	3.22e-07	0.00e+00	0.00e+00	0.00e+00	0.00e+00	0.00e+00	1.48e-04	4.76e-05	2.21e-05
 2.04575e+16	2.67e-04	7.02e-02	9.29e-01	2.99e-07	0.00e+00	0.00e+00	0.00e+00	0.00e+00	0.00e+00	1.81e-04	5.81e-05	2.70e-05
 2.11705e+16	3.12e-04	7.49e-02	9.25e-01	2.83e-07	0.00e+00	0.00e+00	0.00e+00	0.00e+00	0.00e+00	2.12e-04	6.78e-05	3.15e-05
 2.17453e+16	3.53e-04	7.89e-02	9.21e-01	2.70e-07	0.00e+00	0.00e+00	0.00e+00	0.00e+00	0.00e+00	2.41e-04	7.67e-05	3.57e-05
 2.23899e+16	4.05e-04	8.35e-02	9.16e-01	2.58e-07	0.00e+00	0.00e+00	0.00e+00	0.00e+00	0.00e+00	2.77e-04	8.77e-05	4.09e-05
 2.32278e+16	4.86e-04	9.03e-02	9.09e-01	2.42e-07	0.00e+00	0.00e+00	0.00e+00	0.00e+00	0.00e+00	3.33e-04	1.05e-04	4.90e-05
 2.40858e+16	5.98e-04	9.87e-02	9.01e-01	2.25e-07	0.00e+00	0.00e+00	0.00e+00	0.00e+00	0.00e+00	4.09e-04	1.28e-04	6.01e-05
 2.47523e+16	7.10e-04	1.06e-01	8.93e-01	2.11e-07	0.00e+00	0.00e+00	0.00e+00	0.00e+00	0.00e+00	4.86e-04	1.52e-04	7.12e-05
 2.52952e+16	8.17e-04	1.13e-01	8.86e-01	2.01e-07	0.00e+00	0.00e+00	0.00e+00	0.00e+00	0.00e+00	5.60e-04	1.75e-04	8.19e-05
 2.58949e+16	9.52e-04	1.21e-01	8.78e-01	1.90e-07	0.00e+00	0.00e+00	0.00e+00	0.00e+00	0.00e+00	6.54e-04	2.03e-04	9.52e-05
 2.66746e+16	1.17e-03	1.33e-01	8.65e-01	1.75e-07	0.00e+00	0.00e+00	0.00e+00	0.00e+00	0.00e+00	8.04e-04	2.48e-04	1.17e-04
 2.74631e+16	1.47e-03	1.48e-01	8.50e-01	1.59e-07	0.00e+00	0.00e+00	0.00e+00	0.00e+00	0.00e+00	1.01e-03	3.10e-04	1.46e-04
 2.80644e+16	1.78e-03	1.62e-01	8.36e-01	1.46e-07	0.00e+00	0.00e+00	0.00e+00	0.00e+00	0.00e+00	1.22e-03	3.74e-04	1.77e-04
 2.85536e+16	2.08e-03	1.75e-01	8.23e-01	1.36e-07	0.00e+00	0.00e+00	0.00e+00	0.00e+00	0.00e+00	1.44e-03	4.37e-04	2.07e-04
 2.90960e+16	2.48e-03	1.90e-01	8.08e-01	0.00e+00	0.00e+00	0.00e+00	0.00e+00	0.00e+00	0.00e+00	1.71e-03	5.18e-04	2.45e-04
 2.98010e+16	3.14e-03	2.12e-01	7.85e-01	0.00e+00	0.00e+00	0.00e+00	0.00e+00	0.00e+00	0.00e+00	2.17e-03	6.53e-04	3.10e-04
 3.04991e+16	4.07e-03	2.40e-01	7.56e-01	0.00e+00	0.00e+00	0.00e+00	0.00e+00	0.00e+00	0.00e+00	2.83e-03	8.43e-04	4.01e-04
 3.09988e+16	5.02e-03	2.65e-01	7.30e-01	0.00e+00	0.00e+00	0.00e+00	0.00e+00	0.00e+00	0.00e+00	3.49e-03	1.03e-03	4.93e-04
 3.13721e+16	5.87e-03	2.85e-01	7.09e-01	0.00e+00	0.00e+00	0.00e+00	0.00e+00	0.00e+00	0.00e+00	4.08e-03	1.21e-03	5.76e-04
 3.17701e+16	6.96e-03	3.08e-01	6.85e-01	0.00e+00	0.00e+00	0.00e+00	0.00e+00	0.00e+00	0.00e+00	4.85e-03	1.42e-03	6.82e-04
 3.22875e+16	8.73e-03	3.42e-01	6.49e-01	0.00e+00	0.00e+00	0.00e+00	0.00e+00	0.00e+00	0.00e+00	6.09e-03	1.78e-03	8.54e-04
 3.28093e+16	1.13e-02	3.83e-01	6.05e-01	0.00e+00	0.00e+00	0.00e+00	0.00e+00	0.00e+00	0.00e+00	7.90e-03	2.30e-03	1.10e-03
 3.31945e+16	1.38e-02	4.18e-01	5.68e-01	0.00e+00	0.00e+00	0.00e+00	0.00e+00	0.00e+00	0.00e+00	9.69e-03	2.81e-03	1.35e-03
 3.34885e+16	1.63e-02	4.48e-01	5.36e-01	0.00e+00	0.00e+00	0.00e+00	0.00e+00	0.00e+00	0.00e+00	1.14e-02	3.29e-03	1.58e-03
 3.38066e+16	1.95e-02	4.82e-01	4.99e-01	0.00e+00	0.00e+00	0.00e+00	0.00e+00	0.00e+00	0.00e+00	1.37e-02	3.93e-03	1.90e-03
 3.42201e+16	2.49e-02	5.29e-01	4.46e-01	0.00e+00	0.00e+00	0.00e+00	0.00e+00	0.00e+00	0.00e+00	1.75e-02	5.02e-03	2.42e-03
 3.46215e+16	3.23e-02	5.80e-01	3.88e-01	0.00e+00	0.00e+00	0.00e+00	0.00e+00	0.00e+00	0.00e+00	2.27e-02	6.49e-03	3.14e-03
 3.49024e+16	3.93e-02	6.17e-01	3.43e-01	0.00e+00	0.00e+00	0.00e+00	0.00e+00	0.00e+00	0.00e+00	2.76e-02	7.88e-03	3.81e-03
 3.51199e+16	4.61e-02	6.47e-01	3.07e-01	0.00e+00	0.00e+00	0.00e+00	0.00e+00	0.00e+00	0.00e+00	3.24e-02	9.23e-03	4.47e-03
 3.53603e+16	5.52e-02	6.78e-01	2.67e-01	0.00e+00	0.00e+00	0.00e+00	0.00e+00	0.00e+00	0.00e+00	3.88e-02	1.10e-02	5.34e-03
 3.56728e+16	7.04e-02	7.15e-01	2.15e-01	0.00e+00	0.00e+00	0.00e+00	0.00e+00	0.00e+00	0.00e+00	4.95e-02	1.40e-02	6.81e-03
 3.59774e+16	9.17e-02	7.45e-01	1.63e-01	0.00e+00	0.00e+00	0.00e+00	0.00e+00	0.00e+00	0.00e+00	6.45e-02	1.83e-02	8.87e-03
 3.61627e+16	1.09e-01	7.58e-01	1.33e-01	0.00e+00	0.00e+00	0.00e+00	0.00e+00	0.00e+00	0.00e+00	7.68e-02	2.17e-02	1.05e-02
 3.62585e+16	1.20e-01	7.63e-01	1.18e-01	0.00e+00	0.00e+00	0.00e+00	0.00e+00	0.00e+00	0.00e+00	8.42e-02	2.38e-02	1.16e-02
 3.63470e+16	1.30e-01	7.65e-01	1.04e-01	0.00e+00	0.00e+00	0.00e+00	0.00e+00	0.00e+00	0.00e+00	9.19e-02	2.60e-02	1.26e-02
 3.64620e+16	1.47e-01	7.65e-01	8.79e-02	0.00e+00	0.00e+00	0.00e+00	0.00e+00	0.00e+00	0.00e+00	1.03e-01	2.91e-02	1.42e-02
 3.65854e+16	1.67e-01	7.61e-01	7.18e-02	0.00e+00	0.00e+00	0.00e+00	0.00e+00	0.00e+00	0.00e+00	1.17e-01	3.31e-02	1.61e-02
 3.66890e+16	1.87e-01	7.54e-01	5.93e-02	0.00e+00	0.00e+00	0.00e+00	0.00e+00	0.00e+00	0.00e+00	1.32e-01	3.70e-02	1.80e-02
 3.67726e+16	2.05e-01	7.45e-01	5.00e-02	0.00e+00	0.00e+00	0.00e+00	0.00e+00	0.00e+00	0.00e+00	1.45e-01	4.06e-02	1.98e-02
 3.68492e+16	2.24e-01	7.34e-01	4.22e-02	0.00e+00	0.00e+00	0.00e+00	0.00e+00	0.00e+00	0.00e+00	1.58e-01	4.43e-02	2.16e-02
 3.69370e+16	2.49e-01	7.17e-01	3.40e-02	0.00e+00	0.00e+00	0.00e+00	0.00e+00	0.00e+00	0.00e+00	1.75e-01	4.91e-02	2.39e-02
 3.70269e+16	2.77e-01	6.96e-01	2.67e-02	0.00e+00	0.00e+00	0.00e+00	0.00e+00	0.00e+00	0.00e+00	1.96e-01	5.46e-02	2.67e-02
 3.70970e+16	3.03e-01	6.75e-01	2.17e-02	0.00e+00	0.00e+00	0.00e+00	0.00e+00	0.00e+00	0.00e+00	2.14e-01	5.94e-02	2.91e-02
 3.71534e+16	3.25e-01	6.57e-01	1.81e-02	0.00e+00	0.00e+00	0.00e+00	0.00e+00	0.00e+00	0.00e+00	2.30e-01	6.37e-02	3.12e-02
 3.72146e+16	3.52e-01	6.33e-01	1.46e-02	0.00e+00	0.00e+00	0.00e+00	0.00e+00	0.00e+00	0.00e+00	2.49e-01	6.87e-02	3.37e-02
 3.72809e+16	3.84e-01	6.05e-01	1.14e-02	0.00e+00	0.00e+00	0.00e+00	0.00e+00	0.00e+00	0.00e+00	2.72e-01	7.45e-02	3.67e-02
 3.73379e+16	4.13e-01	5.78e-01	8.97e-03	0.00e+00	0.00e+00	0.00e+00	0.00e+00	0.00e+00	0.00e+00	2.94e-01	7.99e-02	3.94e-02
 3.73855e+16	4.40e-01	5.53e-01	7.25e-03	0.00e+00	0.00e+00	0.00e+00	0.00e+00	0.00e+00	0.00e+00	3.13e-01	8.47e-02	4.19e-02
 3.74319e+16	4.68e-01	5.26e-01	5.81e-03	0.00e+00	0.00e+00	0.00e+00	0.00e+00	0.00e+00	0.00e+00	3.34e-01	8.96e-02	4.44e-02
 3.74796e+16	4.98e-01	4.98e-01	4.54e-03	0.00e+00	0.00e+00	0.00e+00	0.00e+00	0.00e+00	0.00e+00	3.56e-01	9.47e-02	4.71e-02
 3.75234e+16	5.27e-01	4.70e-01	3.57e-03	0.00e+00	0.00e+00	0.00e+00	0.00e+00	0.00e+00	0.00e+00	3.77e-01	9.96e-02	4.97e-02
 3.75599e+16	5.52e-01	4.45e-01	2.88e-03	0.00e+00	0.00e+00	0.00e+00	0.00e+00	0.00e+00	0.00e+00	3.96e-01	1.04e-01	5.18e-02
 3.75912e+16	5.74e-01	4.24e-01	2.37e-03	0.00e+00	0.00e+00	0.00e+00	0.00e+00	0.00e+00	0.00e+00	4.13e-01	1.07e-01	5.37e-02
 3.76205e+16	5.95e-01	4.03e-01	1.96e-03	0.00e+00	0.00e+00	0.00e+00	0.00e+00	0.00e+00	0.00e+00	4.29e-01	1.10e-01	5.54e-02
 3.76436e+16	6.11e-01	3.87e-01	1.68e-03	0.00e+00	0.00e+00	0.00e+00	0.00e+00	0.00e+00	0.00e+00	4.42e-01	1.13e-01	5.68e-02
 3.76592e+16	6.22e-01	3.77e-01	1.52e-03	0.00e+00	0.00e+00	0.00e+00	0.00e+00	0.00e+00	0.00e+00	4.50e-01	1.14e-01	5.76e-02
 3.76736e+16	6.32e-01	3.66e-01	1.37e-03	0.00e+00	0.00e+00	0.00e+00	0.00e+00	0.00e+00	0.00e+00	4.58e-01	1.16e-01	5.85e-02
 3.76901e+16	6.45e-01	3.54e-01	1.21e-03	0.00e+00	0.00e+00	0.00e+00	0.00e+00	0.00e+00	0.00e+00	4.68e-01	1.17e-01	5.94e-02
 3.77074e+16	6.57e-01	3.42e-01	1.06e-03	0.00e+00	0.00e+00	0.00e+00	0.00e+00	0.00e+00	0.00e+00	4.78e-01	1.19e-01	6.04e-02
 3.77240e+16	6.70e-01	3.29e-01	9.35e-04	0.00e+00	0.00e+00	0.00e+00	0.00e+00	0.00e+00	0.00e+00	4.88e-01	1.20e-01	6.13e-02
 3.77393e+16	6.81e-01	3.18e-01	8.28e-04	0.00e+00	0.00e+00	0.00e+00	0.00e+00	0.00e+00	0.00e+00	4.97e-01	1.22e-01	6.22e-02
 3.77542e+16	6.92e-01	3.07e-01	7.32e-04	0.00e+00	0.00e+00	0.00e+00	0.00e+00	0.00e+00	0.00e+00	5.06e-01	1.23e-01	6.30e-02
 3.77691e+16	7.03e-01	2.96e-01	6.46e-04	0.00e+00	0.00e+00	0.00e+00	0.00e+00	0.00e+00	0.00e+00	5.15e-01	1.24e-01	6.38e-02
 3.77839e+16	7.14e-01	2.85e-01	5.68e-04	0.00e+00	0.00e+00	0.00e+00	0.00e+00	0.00e+00	0.00e+00	5.24e-01	1.26e-01	6.46e-02
 3.77984e+16	7.25e-01	2.74e-01	5.00e-04	0.00e+00	0.00e+00	0.00e+00	0.00e+00	0.00e+00	0.00e+00	5.33e-01	1.27e-01	6.53e-02
 3.78124e+16	7.35e-01	2.64e-01	4.40e-04	0.00e+00	0.00e+00	0.00e+00	0.00e+00	0.00e+00	0.00e+00	5.41e-01	1.28e-01	6.60e-02
 3.78261e+16	7.45e-01	2.54e-01	3.87e-04	0.00e+00	0.00e+00	0.00e+00	0.00e+00	0.00e+00	0.00e+00	5.50e-01	1.29e-01	6.66e-02
 3.78397e+16	7.55e-01	2.44e-01	3.40e-04	0.00e+00	0.00e+00	0.00e+00	0.00e+00	0.00e+00	0.00e+00	5.58e-01	1.30e-01	6.72e-02
 3.78530e+16	7.65e-01	2.35e-01	2.98e-04	0.00e+00	0.00e+00	0.00e+00	0.00e+00	0.00e+00	0.00e+00	5.66e-01	1.31e-01	6.78e-02
 3.78661e+16	7.74e-01	2.26e-01	2.62e-04	0.00e+00	0.00e+00	0.00e+00	0.00e+00	0.00e+00	0.00e+00	5.74e-01	1.32e-01	6.83e-02
 3.78789e+16	7.83e-01	2.17e-01	2.30e-04	0.00e+00	0.00e+00	0.00e+00	0.00e+00	0.00e+00	0.00e+00	5.82e-01	1.32e-01	6.88e-02
 3.78915e+16	7.92e-01	2.08e-01	2.01e-04	0.00e+00	0.00e+00	0.00e+00	0.00e+00	0.00e+00	0.00e+00	5.90e-01	1.33e-01	6.93e-02
 3.79039e+16	8.01e-01	1.99e-01	1.76e-04	0.00e+00	0.00e+00	0.00e+00	0.00e+00	0.00e+00	0.00e+00	5.97e-01	1.33e-01	6.97e-02
 3.79161e+16	8.09e-01	1.91e-01	1.54e-04	0.00e+00	0.00e+00	0.00e+00	0.00e+00	0.00e+00	0.00e+00	6.05e-01	1.34e-01	7.01e-02
 3.79280e+16	8.17e-01	1.83e-01	1.35e-04	0.00e+00	0.00e+00	0.00e+00	0.00e+00	0.00e+00	0.00e+00	6.12e-01	1.35e-01	7.05e-02
 3.79398e+16	8.25e-01	1.75e-01	1.18e-04	0.00e+00	0.00e+00	0.00e+00	0.00e+00	0.00e+00	0.00e+00	6.19e-01	1.35e-01	7.08e-02
 3.79513e+16	8.32e-01	1.68e-01	1.03e-04	0.00e+00	0.00e+00	0.00e+00	0.00e+00	0.00e+00	0.00e+00	6.25e-01	1.35e-01	7.11e-02
 3.79627e+16	8.39e-01	1.61e-01	8.96e-05	0.00e+00	0.00e+00	0.00e+00	0.00e+00	0.00e+00	0.00e+00	6.32e-01	1.36e-01	7.14e-02
 3.79739e+16	8.46e-01	1.54e-01	7.81e-05	0.00e+00	0.00e+00	0.00e+00	0.00e+00	0.00e+00	0.00e+00	6.38e-01	1.36e-01	7.16e-02
 3.79849e+16	8.53e-01	1.47e-01	6.81e-05	0.00e+00	0.00e+00	0.00e+00	0.00e+00	0.00e+00	0.00e+00	6.45e-01	1.36e-01	7.19e-02
 3.79957e+16	8.59e-01	1.41e-01	5.93e-05	0.00e+00	0.00e+00	0.00e+00	0.00e+00	0.00e+00	0.00e+00	6.51e-01	1.36e-01	7.20e-02
 3.80063e+16	8.66e-01	1.34e-01	5.16e-05	0.00e+00	0.00e+00	0.00e+00	0.00e+00	0.00e+00	0.00e+00	6.57e-01	1.37e-01	7.22e-02
 3.80167e+16	8.71e-01	1.29e-01	4.50e-05	0.00e+00	0.00e+00	0.00e+00	0.00e+00	0.00e+00	0.00e+00	6.62e-01	1.37e-01	7.23e-02
 3.80267e+16	8.77e-01	1.23e-01	3.93e-05	0.00e+00	0.00e+00	0.00e+00	0.00e+00	0.00e+00	0.00e+00	6.68e-01	1.37e-01	7.25e-02
 3.80365e+16	8.82e-01	1.18e-01	3.43e-05	0.00e+00	0.00e+00	0.00e+00	0.00e+00	0.00e+00	0.00e+00	6.73e-01	1.37e-01	7.26e-02
 3.80461e+16	8.87e-01	1.13e-01	3.00e-05	0.00e+00	0.00e+00	0.00e+00	0.00e+00	0.00e+00	0.00e+00	6.78e-01	1.37e-01	7.26e-02
 3.80554e+16	8.92e-01	1.08e-01	2.63e-05	0.00e+00	0.00e+00	0.00e+00	0.00e+00	0.00e+00	0.00e+00	6.82e-01	1.37e-01	7.27e-02
 3.80645e+16	8.97e-01	1.03e-01	2.30e-05	0.00e+00	0.00e+00	0.00e+00	0.00e+00	0.00e+00	0.00e+00	6.87e-01	1.37e-01	7.27e-02
 3.80734e+16	9.01e-01	9.88e-02	2.02e-05	0.00e+00	0.00e+00	0.00e+00	0.00e+00	0.00e+00	0.00e+00	6.91e-01	1.37e-01	7.28e-02
 3.80820e+16	9.05e-01	9.46e-02	1.77e-05	0.00e+00	0.00e+00	0.00e+00	0.00e+00	0.00e+00	0.00e+00	6.95e-01	1.37e-01	7.28e-02
 3.80905e+16	9.09e-01	9.07e-02	1.56e-05	0.00e+00	0.00e+00	0.00e+00	0.00e+00	0.00e+00	0.00e+00	6.99e-01	1.37e-01	7.28e-02
 3.80989e+16	9.13e-01	8.68e-02	1.37e-05	0.00e+00	0.00e+00	0.00e+00	0.00e+00	0.00e+00	0.00e+00	7.03e-01	1.37e-01	7.28e-02
 3.81071e+16	9.17e-01	8.31e-02	1.20e-05	0.00e+00	0.00e+00	0.00e+00	0.00e+00	0.00e+00	0.00e+00	7.07e-01	1.37e-01	7.28e-02
 3.81149e+16	9.20e-01	7.98e-02	1.06e-05	0.00e+00	0.00e+00	0.00e+00	0.00e+00	0.00e+00	0.00e+00	7.10e-01	1.37e-01	7.28e-02
 3.81226e+16	9.23e-01	7.65e-02	9.38e-06	0.00e+00	0.00e+00	0.00e+00	0.00e+00	0.00e+00	0.00e+00	7.13e-01	1.37e-01	7.28e-02
 3.81303e+16	9.27e-01	7.33e-02	8.26e-06	0.00e+00	0.00e+00	0.00e+00	0.00e+00	0.00e+00	0.00e+00	7.16e-01	1.37e-01	7.28e-02
 3.81378e+16	9.30e-01	7.03e-02	7.28e-06	0.00e+00	0.00e+00	0.00e+00	0.00e+00	0.00e+00	0.00e+00	7.19e-01	1.37e-01	7.27e-02
 3.81451e+16	9.33e-01	6.75e-02	6.43e-06	0.00e+00	0.00e+00	0.00e+00	0.00e+00	0.00e+00	0.00e+00	7.22e-01	1.38e-01	7.27e-02
 3.81523e+16	9.35e-01	6.47e-02	5.68e-06	0.00e+00	0.00e+00	0.00e+00	0.00e+00	0.00e+00	0.00e+00	7.25e-01	1.38e-01	7.27e-02
 3.81593e+16	9.38e-01	6.21e-02	5.03e-06	0.00e+00	0.00e+00	0.00e+00	0.00e+00	0.00e+00	0.00e+00	7.28e-01	1.38e-01	7.27e-02
 3.81663e+16	9.40e-01	5.96e-02	4.45e-06	0.00e+00	0.00e+00	0.00e+00	0.00e+00	0.00e+00	0.00e+00	7.30e-01	1.38e-01	7.26e-02
 3.81731e+16	9.43e-01	5.72e-02	3.93e-06	0.00e+00	0.00e+00	0.00e+00	0.00e+00	0.00e+00	0.00e+00	7.32e-01	1.38e-01	7.25e-02
 3.81798e+16	9.45e-01	5.49e-02	3.49e-06	0.00e+00	0.00e+00	0.00e+00	0.00e+00	0.00e+00	0.00e+00	7.35e-01	1.38e-01	7.25e-02
 3.81863e+16	9.47e-01	5.27e-02	3.10e-06	0.00e+00	0.00e+00	0.00e+00	0.00e+00	0.00e+00	0.00e+00	7.37e-01	1.38e-01	7.24e-02
 3.81928e+16	9.49e-01	5.06e-02	2.74e-06	0.00e+00	0.00e+00	0.00e+00	0.00e+00	0.00e+00	0.00e+00	7.39e-01	1.38e-01	7.23e-02
 3.81992e+16	9.51e-01	4.86e-02	2.43e-06	0.00e+00	0.00e+00	0.00e+00	0.00e+00	0.00e+00	0.00e+00	7.41e-01	1.38e-01	7.23e-02
 3.82054e+16	9.53e-01	4.67e-02	2.16e-06	0.00e+00	0.00e+00	0.00e+00	0.00e+00	0.00e+00	0.00e+00	7.43e-01	1.38e-01	7.22e-02
 3.82115e+16	9.55e-01	4.49e-02	1.92e-06	0.00e+00	0.00e+00	0.00e+00	0.00e+00	0.00e+00	0.00e+00	7.45e-01	1.38e-01	7.22e-02
 3.82175e+16	9.57e-01	4.31e-02	1.70e-06	0.00e+00	0.00e+00	0.00e+00	0.00e+00	0.00e+00	0.00e+00	7.46e-01	1.39e-01	7.21e-02
 3.82235e+16	9.59e-01	4.14e-02	1.51e-06	0.00e+00	0.00e+00	0.00e+00	0.00e+00	0.00e+00	0.00e+00	7.48e-01	1.39e-01	7.21e-02
 3.82293e+16	9.60e-01	3.98e-02	1.34e-06	0.00e+00	0.00e+00	0.00e+00	0.00e+00	0.00e+00	0.00e+00	7.49e-01	1.39e-01	7.20e-02
 3.82350e+16	9.62e-01	3.82e-02	1.20e-06	0.00e+00	0.00e+00	0.00e+00	0.00e+00	0.00e+00	0.00e+00	7.51e-01	1.39e-01	7.20e-02
 3.82407e+16	9.63e-01	3.67e-02	1.06e-06	0.00e+00	0.00e+00	0.00e+00	0.00e+00	0.00e+00	0.00e+00	7.52e-01	1.39e-01	7.20e-02
 3.82462e+16	9.65e-01	3.53e-02	9.49e-07	0.00e+00	0.00e+00	0.00e+00	0.00e+00	0.00e+00	0.00e+00	7.53e-01	1.40e-01	7.19e-02
 3.82517e+16	9.66e-01	3.39e-02	8.43e-07	0.00e+00	0.00e+00	0.00e+00	0.00e+00	0.00e+00	0.00e+00	7.54e-01	1.40e-01	7.19e-02
 3.82571e+16	9.67e-01	3.26e-02	7.52e-07	0.00e+00	0.00e+00	0.00e+00	0.00e+00	0.00e+00	0.00e+00	7.55e-01	1.40e-01	7.19e-02
 3.82623e+16	9.69e-01	3.13e-02	6.70e-07	0.00e+00	0.00e+00	0.00e+00	0.00e+00	0.00e+00	0.00e+00	7.56e-01	1.41e-01	7.19e-02
 3.82675e+16	9.70e-01	3.01e-02	5.98e-07	0.00e+00	0.00e+00	0.00e+00	0.00e+00	0.00e+00	0.00e+00	7.57e-01	1.41e-01	7.19e-02
 3.82726e+16	9.71e-01	2.89e-02	5.32e-07	0.00e+00	0.00e+00	0.00e+00	0.00e+00	0.00e+00	0.00e+00	7.58e-01	1.41e-01	7.19e-02
 3.82776e+16	9.72e-01	2.78e-02	4.76e-07	0.00e+00	0.00e+00	0.00e+00	0.00e+00	0.00e+00	0.00e+00	7.59e-01	1.41e-01	7.19e-02
 3.82825e+16	9.73e-01	2.67e-02	4.24e-07	0.00e+00	0.00e+00	0.00e+00	0.00e+00	0.00e+00	0.00e+00	7.59e-01	1.42e-01	7.20e-02
 3.82873e+16	9.74e-01	2.57e-02	3.79e-07	0.00e+00	0.00e+00	0.00e+00	0.00e+00	0.00e+00	0.00e+00	7.60e-01	1.42e-01	7.20e-02
 3.82920e+16	9.75e-01	2.47e-02	3.38e-07	0.00e+00	0.00e+00	0.00e+00	0.00e+00	0.00e+00	0.00e+00	7.60e-01	1.43e-01	7.20e-02
 3.82967e+16	9.76e-01	2.37e-02	3.02e-07	0.00e+00	0.00e+00	0.00e+00	0.00e+00	0.00e+00	0.00e+00	7.61e-01	1.43e-01	7.21e-02
 3.83011e+16	9.77e-01	2.28e-02	2.71e-07	0.00e+00	0.00e+00	0.00e+00	0.00e+00	0.00e+00	0.00e+00	7.61e-01	1.44e-01	7.21e-02
 3.83054e+16	9.78e-01	2.19e-02	2.43e-07	0.00e+00	0.00e+00	0.00e+00	0.00e+00	0.00e+00	0.00e+00	7.62e-01	1.44e-01	7.22e-02
 3.83098e+16	9.79e-01	2.10e-02	2.17e-07	0.00e+00	0.00e+00	0.00e+00	0.00e+00	0.00e+00	0.00e+00	7.62e-01	1.45e-01	7.23e-02
 3.83141e+16	9.80e-01	2.02e-02	1.94e-07	0.00e+00	0.00e+00	0.00e+00	0.00e+00	0.00e+00	0.00e+00	7.62e-01	1.45e-01	7.23e-02
 3.83181e+16	9.81e-01	1.94e-02	1.74e-07	0.00e+00	0.00e+00	0.00e+00	0.00e+00	0.00e+00	0.00e+00	7.62e-01	1.46e-01	7.24e-02
 3.83221e+16	9.81e-01	1.86e-02	1.56e-07	0.00e+00	0.00e+00	0.00e+00	0.00e+00	0.00e+00	0.00e+00	7.62e-01	1.47e-01	7.25e-02
 3.83260e+16	9.82e-01	1.79e-02	1.40e-07	0.00e+00	0.00e+00	0.00e+00	0.00e+00	0.00e+00	0.00e+00	7.62e-01	1.47e-01	7.26e-02
 3.83297e+16	9.83e-01	1.71e-02	1.26e-07	0.00e+00	0.00e+00	0.00e+00	0.00e+00	0.00e+00	0.00e+00	7.62e-01	1.48e-01	7.27e-02
 3.83333e+16	9.84e-01	1.65e-02	1.13e-07	0.00e+00	0.00e+00	0.00e+00	0.00e+00	0.00e+00	0.00e+00	7.62e-01	1.49e-01	7.28e-02
 3.83366e+16	9.84e-01	1.58e-02	1.03e-07	0.00e+00	0.00e+00	0.00e+00	0.00e+00	0.00e+00	0.00e+00	7.61e-01	1.50e-01	7.30e-02
 3.83396e+16	9.85e-01	1.53e-02	9.32e-08	0.00e+00	0.00e+00	0.00e+00	0.00e+00	0.00e+00	0.00e+00	7.61e-01	1.51e-01	7.31e-02
 3.83425e+16	9.85e-01	1.47e-02	8.53e-08	0.00e+00	0.00e+00	0.00e+00	0.00e+00	0.00e+00	0.00e+00	7.61e-01	1.51e-01	7.32e-02
 3.83452e+16	9.86e-01	1.42e-02	7.82e-08	0.00e+00	0.00e+00	0.00e+00	0.00e+00	0.00e+00	0.00e+00	7.60e-01	1.52e-01	7.33e-02
 3.83477e+16	9.86e-01	1.38e-02	7.19e-08	0.00e+00	0.00e+00	0.00e+00	0.00e+00	0.00e+00	0.00e+00	7.60e-01	1.53e-01	7.35e-02
 3.83500e+16	9.87e-01	1.33e-02	6.63e-08	0.00e+00	0.00e+00	0.00e+00	0.00e+00	0.00e+00	0.00e+00	7.59e-01	1.54e-01	7.36e-02
 3.83522e+16	9.87e-01	1.29e-02	6.14e-08	0.00e+00	0.00e+00	0.00e+00	0.00e+00	0.00e+00	0.00e+00	7.59e-01	1.55e-01	7.38e-02
 3.83543e+16	9.87e-01	1.25e-02	5.70e-08	0.00e+00	0.00e+00	0.00e+00	0.00e+00	0.00e+00	0.00e+00	7.58e-01	1.55e-01	7.39e-02
 3.83562e+16	9.88e-01	1.21e-02	5.30e-08	0.00e+00	0.00e+00	0.00e+00	0.00e+00	0.00e+00	0.00e+00	7.58e-01	1.56e-01	7.41e-02
 3.83580e+16	9.88e-01	1.18e-02	4.94e-08	0.00e+00	0.00e+00	0.00e+00	0.00e+00	0.00e+00	0.00e+00	7.57e-01	1.57e-01	7.42e-02
 3.83597e+16	9.89e-01	1.15e-02	4.61e-08	0.00e+00	0.00e+00	0.00e+00	0.00e+00	0.00e+00	0.00e+00	7.56e-01	1.58e-01	7.44e-02
 3.83613e+16	9.89e-01	1.11e-02	4.32e-08	0.00e+00	0.00e+00	0.00e+00	0.00e+00	0.00e+00	0.00e+00	7.56e-01	1.59e-01	7.45e-02
 3.83628e+16	9.89e-01	1.08e-02	4.05e-08	0.00e+00	0.00e+00	0.00e+00	0.00e+00	0.00e+00	0.00e+00	7.55e-01	1.60e-01	7.47e-02
 3.83642e+16	9.89e-01	1.05e-02	3.81e-08	0.00e+00	0.00e+00	0.00e+00	0.00e+00	0.00e+00	0.00e+00	7.54e-01	1.61e-01	7.48e-02
 3.83655e+16	9.90e-01	1.03e-02	3.58e-08	0.00e+00	0.00e+00	0.00e+00	0.00e+00	0.00e+00	0.00e+00	7.53e-01	1.62e-01	7.50e-02
 3.83667e+16	9.90e-01	1.00e-02	3.38e-08	0.00e+00	0.00e+00	0.00e+00	0.00e+00	0.00e+00	0.00e+00	7.52e-01	1.62e-01	7.52e-02
 3.83679e+16	9.90e-01	9.74e-03	3.18e-08	0.00e+00	0.00e+00	0.00e+00	0.00e+00	0.00e+00	0.00e+00	7.52e-01	1.63e-01	7.53e-02
 3.83690e+16	9.91e-01	9.49e-03	3.00e-08	0.00e+00	0.00e+00	0.00e+00	0.00e+00	0.00e+00	0.00e+00	7.51e-01	1.64e-01	7.55e-02
 3.83701e+16	9.91e-01	9.24e-03	2.84e-08	0.00e+00	0.00e+00	0.00e+00	0.00e+00	0.00e+00	0.00e+00	7.50e-01	1.65e-01	7.57e-02
 3.83712e+16	9.91e-01	8.99e-03	2.68e-08	0.00e+00	0.00e+00	0.00e+00	0.00e+00	0.00e+00	0.00e+00	7.49e-01	1.66e-01	7.58e-02
 3.83721e+16	9.91e-01	8.76e-03	2.53e-08	0.00e+00	0.00e+00	0.00e+00	0.00e+00	0.00e+00	0.00e+00	7.48e-01	1.68e-01	7.60e-02
 3.83731e+16	9.91e-01	8.53e-03	2.39e-08	0.00e+00	0.00e+00	0.00e+00	0.00e+00	0.00e+00	0.00e+00	7.47e-01	1.69e-01	7.62e-02
 3.83740e+16	9.92e-01	8.30e-03	2.26e-08	0.00e+00	0.00e+00	0.00e+00	0.00e+00	0.00e+00	0.00e+00	7.45e-01	1.70e-01	7.64e-02
 3.83748e+16	9.92e-01	8.07e-03	2.13e-08	0.00e+00	0.00e+00	0.00e+00	0.00e+00	0.00e+00	0.00e+00	7.44e-01	1.71e-01	7.66e-02
 3.83757e+16	9.92e-01	7.84e-03	2.00e-08	0.00e+00	0.00e+00	0.00e+00	0.00e+00	0.00e+00	0.00e+00	7.43e-01	1.72e-01	7.68e-02
 3.83765e+16	9.92e-01	7.58e-03	1.87e-08	0.00e+00	0.00e+00	0.00e+00	0.00e+00	0.00e+00	0.00e+00	7.42e-01	1.74e-01	7.71e-02
