#depth	H	H+	H2
 3.46102e+11	1.14e-03	9.99e-01	4.76e-14
 2.07661e+12	1.14e-03	9.99e-01	4.76e-14
 8.99864e+12	1.14e-03	9.99e-01	4.77e-14
 3.66868e+13	1.14e-03	9.99e-01	4.79e-14
 8.76329e+13	1.13e-03	9.99e-01	4.81e-14
 1.53863e+14	1.13e-03	9.99e-01	4.84e-14
 2.39962e+14	1.13e-03	9.99e-01	4.87e-14
 3.51891e+14	1.12e-03	9.99e-01	4.93e-14
 4.97398e+14	1.12e-03	9.99e-01	5.00e-14
 6.86557e+14	1.12e-03	9.99e-01	5.09e-14
 9.32465e+14	1.12e-03	9.99e-01	5.21e-14
 1.25214e+15	1.13e-03	9.99e-01	5.37e-14
 1.66773e+15	1.14e-03	9.99e-01	5.59e-14
 2.20799e+15	1.15e-03	9.99e-01	5.88e-14
 2.91032e+15	1.18e-03	9.99e-01	6.28e-14
 3.82336e+15	1.21e-03	9.99e-01	6.82e-14
 5.01031e+15	1.27e-03	9.99e-01	7.56e-14
 6.55334e+15	1.37e-03	9.99e-01	8.61e-14
 8.37809e+15	1.50e-03	9.99e-01	9.98e-14
 1.02833e+16	1.67e-03	9.98e-01	1.16e-13
 1.17977e+16	1.89e-03	9.98e-01	1.41e-13
 1.26209e+16	2.01e-03	9.98e-01	1.53e-13
 1.32222e+16	2.11e-03	9.98e-01	1.62e-13
 1.40038e+16	2.24e-03	9.98e-01	1.74e-13
 1.50200e+16	2.43e-03	9.98e-01	1.90e-13
 1.60867e+16	2.66e-03	9.97e-01	2.12e-13
 1.69590e+16	2.88e-03	9.97e-01	2.32e-13
 1.76773e+16	3.08e-03	9.97e-01	2.51e-13
 1.84556e+16	3.30e-03	9.97e-01	2.69e-13
 1.94673e+16	3.62e-03	9.96e-01	2.97e-13
 2.04575e+16	4.01e-03	9.96e-01	3.31e-13
 2.11705e+16	4.33e-03	9.96e-01	3.61e-13
 2.17453e+16	4.61e-03	9.95e-01	3.85e-13
 2.23899e+16	4.93e-03	9.95e-01	4.10e-13
 2.32278e+16	5.39e-03	9.95e-01	4.45e-13
 2.40858e+16	5.96e-03	9.94e-01	4.92e-13
 2.47523e+16	6.47e-03	9.94e-01	5.36e-13
 2.52952e+16	6.93e-03	9.93e-01	5.72e-13
 2.58949e+16	7.45e-03	9.93e-01	6.10e-13
 2.66746e+16	8.21e-03	9.92e-01	6.63e-13
 2.74631e+16	9.16e-03	9.91e-01	7.36e-13
 2.80644e+16	1.00e-02	9.90e-01	8.03e-13
 2.85536e+16	1.08e-02	9.89e-01	8.61e-13
 2.90960e+16	1.17e-02	9.88e-01	9.26e-13
 2.98010e+16	1.31e-02	9.87e-01	1.02e-12
 3.04991e+16	1.49e-02	9.85e-01	1.15e-12
 3.09988e+16	1.65e-02	9.84e-01	1.28e-12
 3.13721e+16	1.78e-02	9.82e-01	1.38e-12
 3.17701e+16	1.93e-02	9.81e-01	1.49e-12
 3.22875e+16	2.17e-02	9.78e-01	1.66e-12
 3.28093e+16	2.48e-02	9.75e-01	1.91e-12
 3.31945e+16	2.76e-02	9.72e-01	2.13e-12
 3.34885e+16	3.01e-02	9.70e-01	2.34e-12
 3.38066e+16	3.32e-02	9.67e-01	2.60e-12
 3.42201e+16	3.83e-02	9.62e-01	3.03e-12
 3.46215e+16	4.48e-02	9.55e-01	3.60e-12
 3.49024e+16	5.06e-02	9.49e-01	4.14e-12
 3.51199e+16	5.62e-02	9.44e-01	4.66e-12
 3.53603e+16	6.34e-02	9.37e-01	5.36e-12
 3.56728e+16	7.55e-02	9.25e-01	6.58e-12
 3.59774e+16	9.22e-02	9.08e-01	8.39e-12
 3.61627e+16	1.06e-01	8.94e-01	9.96e-12
 3.62585e+16	1.14e-01	8.86e-01	1.10e-11
 3.63470e+16	1.23e-01	8.77e-01	1.20e-11
 3.64620e+16	1.36e-01	8.64e-01	1.37e-11
 3.65854e+16	1.52e-01	8.48e-01	1.59e-11
 3.66890e+16	1.69e-01	8.31e-01	1.83e-11
 3.67726e+16	1.84e-01	8.16e-01	2.07e-11
 3.68492e+16	2.00e-01	8.00e-01	2.32e-11
 3.69370e+16	2.20e-01	7.80e-01	2.68e-11
 3.70269e+16	2.45e-01	7.55e-01	3.15e-11
 3.70970e+16	2.67e-01	7.33e-01	3.60e-11
 3.71534e+16	2.87e-01	7.13e-01	4.03e-11
 3.72146e+16	3.11e-01	6.89e-01	4.60e-11
 3.72809e+16	3.40e-01	6.60e-01	5.34e-11
 3.73379e+16	3.67e-01	6.33e-01	6.13e-11
 3.73855e+16	3.92e-01	6.08e-01	6.92e-11
 3.74319e+16	4.19e-01	5.81e-01	7.84e-11
 3.74796e+16	4.47e-01	5.53e-01	8.96e-11
 3.75234e+16	4.76e-01	5.24e-01	1.02e-10
 3.75599e+16	5.00e-01	5.00e-01	1.14e-10
 3.75912e+16	5.22e-01	4.78e-01	1.26e-10
 3.76205e+16	5.44e-01	4.56e-01	1.38e-10
 3.76436e+16	5.60e-01	4.40e-01	1.49e-10
 3.76592e+16	5.71e-01	4.29e-01	1.56e-10
 3.76736e+16	5.82e-01	4.18e-01	1.64e-10
 3.76901e+16	5.95e-01	4.05e-01	1.74e-10
 3.77074e+16	6.08e-01	3.92e-01	1.85e-10
 3.77240e+16	6.21e-01	3.79e-01	1.96e-10
 3.77393e+16	6.33e-01	3.67e-01	2.08e-10
 3.77542e+16	6.45e-01	3.55e-01	2.20e-10
 3.77691e+16	6.57e-01	3.43e-01	2.32e-10
 3.77839e+16	6.69e-01	3.31e-01	2.46e-10
 3.77984e+16	6.80e-01	3.20e-01	2.60e-10
 3.78124e+16	6.92e-01	3.08e-01	2.75e-10
 3.78261e+16	7.03e-01	2.97e-01	2.91e-10
 3.78397e+16	7.13e-01	2.87e-01	3.08e-10
 3.78530e+16	7.24e-01	2.76e-01	3.25e-10
 3.78661e+16	7.34e-01	2.66e-01	3.44e-10
 3.78789e+16	7.44e-01	2.56e-01	3.64e-10
 3.78915e+16	7.54e-01	2.46e-01	3.84e-10
 3.79039e+16	7.64e-01	2.36e-01	4.06e-10
 3.79161e+16	7.73e-01	2.27e-01	4.29e-10
 3.79280e+16	7.82e-01	2.18e-01	4.54e-10
 3.79398e+16	7.91e-01	2.09e-01	4.80e-10
 3.79513e+16	7.99e-01	2.01e-01	5.07e-10
 3.79627e+16	8.08e-01	1.92e-01	5.37e-10
 3.79739e+16	8.15e-01	1.85e-01	5.68e-10
 3.79849e+16	8.23e-01	1.77e-01	6.00e-10
 3.79957e+16	8.31e-01	1.69e-01	6.35e-10
 3.80063e+16	8.38e-01	1.62e-01	6.72e-10
 3.80167e+16	8.45e-01	1.55e-01	7.11e-10
 3.80267e+16	8.51e-01	1.49e-01	7.52e-10
 3.80365e+16	8.57e-01	1.43e-01	7.95e-10
 3.80461e+16	8.63e-01	1.37e-01	8.40e-10
 3.80554e+16	8.69e-01	1.31e-01	8.88e-10
 3.80645e+16	8.74e-01	1.26e-01	9.38e-10
 3.80734e+16	8.80e-01	1.20e-01	9.91e-10
 3.80820e+16	8.85e-01	1.15e-01	1.05e-09
 3.80905e+16	8.89e-01	1.11e-01	1.11e-09
 3.80989e+16	8.94e-01	1.06e-01	1.17e-09
 3.81071e+16	8.98e-01	1.02e-01	1.24e-09
 3.81149e+16	9.02e-01	9.77e-02	1.31e-09
 3.81226e+16	9.06e-01	9.39e-02	1.38e-09
 3.81303e+16	9.10e-01	9.01e-02	1.46e-09
 3.81378e+16	9.14e-01	8.64e-02	1.54e-09
 3.81451e+16	9.17e-01	8.30e-02	1.63e-09
 3.81523e+16	9.20e-01	7.97e-02	1.72e-09
 3.81593e+16	9.23e-01	7.66e-02	1.82e-09
 3.81663e+16	9.26e-01	7.35e-02	1.93e-09
 3.81731e+16	9.29e-01	7.06e-02	2.05e-09
 3.81798e+16	9.32e-01	6.78e-02	2.16e-09
 3.81863e+16	9.35e-01	6.52e-02	2.29e-09
 3.81928e+16	9.37e-01	6.26e-02	2.43e-09
 3.81992e+16	9.40e-01	6.02e-02	2.58e-09
 3.82054e+16	9.42e-01	5.79e-02	2.73e-09
 3.82115e+16	9.44e-01	5.57e-02	2.89e-09
 3.82175e+16	9.47e-01	5.35e-02	3.07e-09
 3.82235e+16	9.49e-01	5.14e-02	3.26e-09
 3.82293e+16	9.51e-01	4.94e-02	3.47e-09
 3.82350e+16	9.52e-01	4.75e-02	3.69e-09
 3.82407e+16	9.54e-01	4.57e-02	3.93e-09
 3.82462e+16	9.56e-01	4.40e-02	4.18e-09
 3.82517e+16	9.58e-01	4.23e-02	4.46e-09
 3.82571e+16	9.59e-01	4.06e-02	4.76e-09
 3.82623e+16	9.61e-01	3.91e-02	5.08e-09
 3.82675e+16	9.62e-01	3.76e-02	5.43e-09
 3.82726e+16	9.64e-01	3.61e-02	5.82e-09
 3.82776e+16	9.65e-01	3.48e-02	6.24e-09
 3.82825e+16	9.67e-01	3.34e-02	6.69e-09
 3.82873e+16	9.68e-01	3.21e-02	7.20e-09
 3.82920e+16	9.69e-01	3.09e-02	7.75e-09
 3.82967e+16	9.70e-01	2.97e-02	8.37e-09
 3.83011e+16	9.71e-01	2.86e-02	9.03e-09
 3.83054e+16	9.73e-01	2.75e-02	9.79e-09
 3.83098e+16	9.74e-01	2.64e-02	1.07e-08
 3.83141e+16	9.75e-01	2.53e-02	1.16e-08
 3.83181e+16	9.76e-01	2.44e-02	1.27e-08
 3.83221e+16	9.77e-01	2.34e-02	1.39e-08
 3.83260e+16	9.78e-01	2.25e-02	1.53e-08
 3.83297e+16	9.78e-01	2.16e-02	1.69e-08
 3.83333e+16	9.79e-01	2.08e-02	1.87e-08
 3.83366e+16	9.80e-01	2.00e-02	2.06e-08
 3.83396e+16	9.81e-01	1.93e-02	2.28e-08
 3.83425e+16	9.81e-01	1.86e-02	2.52e-08
 3.83452e+16	9.82e-01	1.80e-02	2.78e-08
 3.83477e+16	9.83e-01	1.74e-02	3.07e-08
 3.83500e+16	9.83e-01	1.69e-02	3.39e-08
 3.83522e+16	9.84e-01	1.64e-02	3.74e-08
 3.83543e+16	9.84e-01	1.59e-02	4.13e-08
 3.83562e+16	9.85e-01	1.54e-02	4.56e-08
 3.83580e+16	9.85e-01	1.50e-02	5.03e-08
 3.83597e+16	9.85e-01	1.46e-02	5.55e-08
 3.83613e+16	9.86e-01	1.42e-02	6.13e-08
 3.83628e+16	9.86e-01	1.38e-02	6.76e-08
 3.83642e+16	9.87e-01	1.34e-02	7.46e-08
 3.83655e+16	9.87e-01	1.31e-02	8.22e-08
 3.83667e+16	9.87e-01	1.27e-02	9.06e-08
 3.83679e+16	9.88e-01	1.24e-02	9.97e-08
 3.83690e+16	9.88e-01	1.21e-02	1.09e-07
 3.83701e+16	9.88e-01	1.18e-02	1.21e-07
 3.83712e+16	9.89e-01	1.15e-02	1.33e-07
 3.83721e+16	9.89e-01	1.12e-02	1.46e-07
 3.83731e+16	9.89e-01	1.09e-02	1.60e-07
 3.83740e+16	9.89e-01	1.06e-02	1.75e-07
 3.83748e+16	9.90e-01	1.04e-02	1.92e-07
 3.83757e+16	9.90e-01	1.01e-02	2.09e-07
 3.83765e+16	9.90e-01	9.75e-03	2.30e-07
