#depth	He	He+	He+2
 1.05475e+11	1.65e-03	9.94e-01	4.60e-03
 6.32851e+11	1.65e-03	9.94e-01	4.59e-03
 2.74235e+12	1.65e-03	9.94e-01	4.54e-03
 1.11804e+13	1.67e-03	9.94e-01	4.30e-03
 2.67063e+13	1.70e-03	9.94e-01	4.01e-03
 4.68900e+13	1.74e-03	9.95e-01	3.60e-03
 7.31289e+13	1.79e-03	9.95e-01	3.10e-03
 1.07239e+14	1.86e-03	9.96e-01	2.52e-03
 1.51583e+14	1.96e-03	9.96e-01	1.91e-03
 2.09230e+14	2.10e-03	9.97e-01	1.32e-03
 2.84170e+14	2.30e-03	9.97e-01	8.18e-04
 3.74754e+14	2.57e-03	9.97e-01	4.61e-04
 4.50199e+14	2.77e-03	9.97e-01	2.93e-04
 5.00568e+14	2.94e-03	9.97e-01	2.15e-04
 5.53812e+14	3.14e-03	9.97e-01	1.54e-04
 6.12381e+14	3.38e-03	9.97e-01	1.08e-04
 6.66186e+14	3.60e-03	9.96e-01	7.82e-05
 7.16616e+14	3.84e-03	9.96e-01	5.79e-05
 7.74345e+14	4.14e-03	9.96e-01	4.09e-05
 8.35384e+14	4.46e-03	9.96e-01	2.88e-05
 8.89224e+14	4.76e-03	9.95e-01	2.12e-05
 9.47714e+14	5.14e-03	9.95e-01	1.51e-05
 1.00999e+15	5.56e-03	9.94e-01	1.07e-05
 1.06465e+15	5.96e-03	9.94e-01	7.91e-06
 1.11548e+15	6.36e-03	9.94e-01	5.99e-06
 1.17388e+15	6.88e-03	9.93e-01	4.34e-06
 1.23566e+15	7.45e-03	9.93e-01	3.13e-06
 1.28914e+15	8.00e-03	9.92e-01	2.37e-06
 1.33856e+15	8.56e-03	9.91e-01	1.83e-06
 1.39537e+15	9.26e-03	9.91e-01	1.35e-06
 1.45601e+15	1.01e-02	9.90e-01	9.95e-07
 1.50894e+15	1.08e-02	9.89e-01	7.63e-07
 1.55756e+15	1.16e-02	9.88e-01	5.97e-07
 1.61328e+15	1.26e-02	9.87e-01	4.50e-07
 1.67307e+15	1.38e-02	9.86e-01	3.35e-07
 1.72560e+15	1.50e-02	9.85e-01	2.60e-07
 1.77383e+15	1.61e-02	9.84e-01	2.06e-07
 1.82904e+15	1.76e-02	9.82e-01	1.57e-07
 1.88891e+15	1.95e-02	9.81e-01	1.19e-07
 1.94252e+15	2.13e-02	9.79e-01	9.25e-08
 1.99235e+15	2.32e-02	9.77e-01	7.35e-08
 2.04963e+15	2.57e-02	9.74e-01	5.64e-08
 2.11300e+15	2.88e-02	9.71e-01	4.26e-08
 2.17198e+15	3.21e-02	9.68e-01	3.30e-08
 2.23633e+15	3.60e-02	9.64e-01	2.51e-08
 2.30836e+15	4.12e-02	9.59e-01	1.87e-08
 2.37767e+15	4.68e-02	9.53e-01	1.43e-08
 2.45505e+15	5.40e-02	9.46e-01	1.07e-08
 2.54134e+15	6.31e-02	9.37e-01	7.91e-09
 2.61721e+15	7.25e-02	9.27e-01	6.20e-09
 2.67932e+15	8.12e-02	9.19e-01	5.14e-09
 2.74555e+15	9.13e-02	9.09e-01	4.22e-09
 2.81985e+15	1.04e-01	8.96e-01	3.46e-09
 2.88857e+15	1.18e-01	8.82e-01	2.91e-09
 2.94975e+15	1.32e-01	8.68e-01	2.52e-09
 3.01637e+15	1.49e-01	8.51e-01	2.16e-09
 3.08736e+15	1.69e-01	8.31e-01	1.87e-09
 3.14876e+15	1.91e-01	8.09e-01	1.66e-09
 3.20139e+15	2.12e-01	7.88e-01	1.51e-09
 3.25100e+15	2.34e-01	7.66e-01	1.38e-09
 3.30037e+15	2.60e-01	7.40e-01	1.26e-09
 3.34814e+15	2.89e-01	7.11e-01	1.17e-09
 3.39211e+15	3.20e-01	6.80e-01	1.09e-09
 3.43182e+15	3.51e-01	6.49e-01	1.03e-09
 3.46824e+15	3.83e-01	6.17e-01	9.74e-10
 3.50243e+15	4.16e-01	5.84e-01	9.32e-10
 3.53479e+15	4.49e-01	5.51e-01	9.00e-10
 3.56383e+15	4.82e-01	5.18e-01	8.78e-10
 3.58755e+15	5.10e-01	4.90e-01	8.63e-10
 3.60698e+15	5.33e-01	4.67e-01	8.63e-10
 3.62361e+15	5.54e-01	4.46e-01	8.62e-10
 3.63849e+15	5.72e-01	4.28e-01	8.65e-10
 3.65291e+15	5.90e-01	4.10e-01	8.70e-10
 3.66682e+15	6.07e-01	3.93e-01	8.79e-10
 3.67972e+15	6.23e-01	3.77e-01	8.92e-10
 3.69146e+15	6.38e-01	3.62e-01	9.06e-10
 3.70230e+15	6.51e-01	3.49e-01	9.21e-10
 3.71102e+15	6.61e-01	3.39e-01	9.39e-10
 3.71735e+15	6.69e-01	3.31e-01	9.49e-10
 3.72330e+15	6.75e-01	3.25e-01	9.65e-10
 3.73013e+15	6.83e-01	3.17e-01	9.76e-10
 3.73754e+15	6.92e-01	3.08e-01	9.96e-10
 3.74460e+15	7.00e-01	3.00e-01	1.02e-09
 3.75131e+15	7.07e-01	2.93e-01	1.04e-09
 3.75789e+15	7.14e-01	2.86e-01	1.05e-09
 3.76442e+15	7.21e-01	2.79e-01	1.08e-09
 3.77101e+15	7.28e-01	2.72e-01	1.10e-09
 3.77760e+15	7.35e-01	2.65e-01	1.13e-09
 3.78411e+15	7.42e-01	2.58e-01	1.15e-09
 3.79054e+15	7.48e-01	2.52e-01	1.18e-09
 3.79688e+15	7.54e-01	2.46e-01	1.21e-09
 3.80325e+15	7.60e-01	2.40e-01	1.24e-09
 3.80962e+15	7.66e-01	2.34e-01	1.27e-09
 3.81594e+15	7.72e-01	2.28e-01	1.31e-09
 3.82221e+15	7.77e-01	2.23e-01	1.34e-09
 3.82844e+15	7.83e-01	2.17e-01	1.38e-09
 3.83467e+15	7.88e-01	2.12e-01	1.42e-09
 3.84089e+15	7.93e-01	2.07e-01	1.46e-09
 3.84709e+15	7.98e-01	2.02e-01	1.50e-09
 3.85326e+15	8.03e-01	1.97e-01	1.54e-09
 3.85942e+15	8.08e-01	1.92e-01	1.59e-09
 3.86556e+15	8.13e-01	1.87e-01	1.63e-09
 3.87165e+15	8.17e-01	1.83e-01	1.68e-09
 3.87767e+15	8.22e-01	1.78e-01	1.73e-09
 3.88362e+15	8.26e-01	1.74e-01	1.77e-09
 3.88953e+15	8.30e-01	1.70e-01	1.82e-09
 3.89540e+15	8.34e-01	1.66e-01	1.87e-09
 3.90125e+15	8.38e-01	1.62e-01	1.93e-09
 3.90705e+15	8.42e-01	1.58e-01	1.98e-09
 3.91282e+15	8.46e-01	1.54e-01	2.03e-09
 3.91856e+15	8.49e-01	1.51e-01	2.08e-09
 3.92427e+15	8.53e-01	1.47e-01	2.14e-09
 3.92995e+15	8.56e-01	1.44e-01	2.19e-09
 3.93562e+15	8.60e-01	1.40e-01	2.25e-09
 3.94129e+15	8.63e-01	1.37e-01	2.30e-09
 3.94695e+15	8.66e-01	1.34e-01	2.36e-09
 3.95259e+15	8.69e-01	1.31e-01	2.42e-09
 3.95822e+15	8.72e-01	1.28e-01	2.48e-09
 3.96385e+15	8.75e-01	1.25e-01	2.54e-09
 3.96943e+15	8.78e-01	1.22e-01	2.59e-09
 3.97504e+15	8.81e-01	1.19e-01	2.65e-09
 3.98071e+15	8.84e-01	1.16e-01	2.71e-09
 3.98635e+15	8.87e-01	1.13e-01	2.77e-09
 3.99196e+15	8.90e-01	1.10e-01	2.83e-09
 3.99758e+15	8.92e-01	1.08e-01	2.88e-09
 4.00323e+15	8.95e-01	1.05e-01	2.94e-09
 4.00889e+15	8.97e-01	1.03e-01	2.99e-09
 4.01455e+15	9.00e-01	1.00e-01	3.06e-09
 4.02021e+15	9.02e-01	9.76e-02	3.11e-09
 4.02585e+15	9.05e-01	9.51e-02	3.16e-09
 4.03153e+15	9.07e-01	9.27e-02	3.22e-09
 4.03727e+15	9.10e-01	9.04e-02	3.28e-09
 4.04297e+15	9.12e-01	8.81e-02	3.33e-09
 4.04867e+15	9.14e-01	8.58e-02	3.38e-09
 4.05440e+15	9.16e-01	8.36e-02	3.43e-09
 4.06016e+15	9.19e-01	8.14e-02	3.48e-09
 4.06593e+15	9.21e-01	7.92e-02	3.52e-09
 4.07169e+15	9.23e-01	7.71e-02	3.57e-09
 4.07748e+15	9.25e-01	7.51e-02	3.61e-09
 4.08323e+15	9.27e-01	7.31e-02	3.65e-09
 4.08895e+15	9.29e-01	7.11e-02	3.69e-09
 4.09468e+15	9.31e-01	6.92e-02	3.72e-09
 4.10026e+15	9.33e-01	6.73e-02	3.75e-09
 4.10538e+15	9.34e-01	6.57e-02	3.78e-09
 4.10992e+15	9.36e-01	6.43e-02	3.79e-09
 4.11399e+15	9.37e-01	6.30e-02	3.81e-09
 4.11780e+15	9.38e-01	6.18e-02	3.82e-09
 4.12149e+15	9.39e-01	6.06e-02	3.82e-09
 4.12505e+15	9.40e-01	5.95e-02	3.83e-09
 4.12839e+15	9.41e-01	5.85e-02	3.83e-09
 4.13149e+15	9.42e-01	5.76e-02	3.83e-09
 4.13439e+15	9.43e-01	5.67e-02	3.83e-09
 4.13715e+15	9.44e-01	5.59e-02	3.83e-09
 4.13980e+15	9.45e-01	5.51e-02	3.82e-09
 4.14235e+15	9.46e-01	5.44e-02	3.82e-09
 4.14481e+15	9.46e-01	5.37e-02	3.81e-09
 4.14719e+15	9.47e-01	5.30e-02	3.80e-09
 4.14951e+15	9.48e-01	5.23e-02	3.79e-09
 4.15179e+15	9.48e-01	5.16e-02	3.78e-09
 4.15409e+15	9.49e-01	5.10e-02	3.77e-09
 4.15639e+15	9.50e-01	5.03e-02	3.75e-09
 4.15869e+15	9.50e-01	4.97e-02	3.74e-09
 4.16101e+15	9.51e-01	4.90e-02	3.72e-09
 4.16347e+15	9.52e-01	4.83e-02	3.69e-09
 4.16618e+15	9.53e-01	4.75e-02	3.67e-09
 4.16905e+15	9.53e-01	4.66e-02	3.63e-09
 4.17173e+15	9.54e-01	4.59e-02	3.60e-09
 4.17411e+15	9.55e-01	4.52e-02	3.57e-09
 4.17627e+15	9.55e-01	4.45e-02	3.53e-09
 4.17824e+15	9.56e-01	4.39e-02	3.50e-09
 4.18003e+15	9.57e-01	4.34e-02	3.47e-09
 4.18166e+15	9.57e-01	4.29e-02	3.44e-09
 4.18315e+15	9.58e-01	4.24e-02	3.41e-09
 4.18450e+15	9.58e-01	4.20e-02	3.38e-09
 4.18572e+15	9.58e-01	4.16e-02	3.36e-09
 4.18684e+15	9.59e-01	4.13e-02	3.34e-09
 4.18807e+15	9.59e-01	4.09e-02	3.31e-09
 4.18939e+15	9.60e-01	4.05e-02	3.28e-09
 4.19059e+15	9.60e-01	4.01e-02	3.26e-09
 4.19169e+15	9.60e-01	3.98e-02	3.24e-09
 4.19268e+15	9.61e-01	3.94e-02	3.21e-09
 4.19377e+15	9.61e-01	3.91e-02	3.19e-09
 4.19495e+15	9.61e-01	3.88e-02	3.17e-09
 4.19602e+15	9.62e-01	3.84e-02	3.15e-09
 4.19720e+15	9.62e-01	3.81e-02	3.13e-09
 4.19873e+15	9.62e-01	3.76e-02	3.10e-09
 4.20038e+15	9.63e-01	3.72e-02	3.07e-09
 4.20188e+15	9.63e-01	3.68e-02	3.04e-09
 4.20324e+15	9.64e-01	3.64e-02	3.02e-09
 4.20449e+15	9.64e-01	3.61e-02	3.00e-09
 4.20562e+15	9.64e-01	3.57e-02	2.98e-09
 4.20686e+15	9.65e-01	3.54e-02	2.95e-09
 4.20820e+15	9.65e-01	3.50e-02	2.93e-09
 4.20941e+15	9.65e-01	3.47e-02	2.91e-09
 4.21052e+15	9.66e-01	3.44e-02	2.89e-09
 4.21174e+15	9.66e-01	3.41e-02	2.87e-09
 4.21305e+15	9.66e-01	3.37e-02	2.84e-09
 4.21424e+15	9.67e-01	3.34e-02	2.82e-09
 4.21533e+15	9.67e-01	3.31e-02	2.80e-09
 4.21631e+15	9.67e-01	3.28e-02	2.78e-09
 4.21740e+15	9.68e-01	3.25e-02	2.75e-09
 4.21856e+15	9.68e-01	3.22e-02	2.73e-09
 4.21963e+15	9.68e-01	3.19e-02	2.71e-09
 4.22079e+15	9.68e-01	3.15e-02	2.68e-09
 4.22205e+15	9.69e-01	3.12e-02	2.66e-09
 4.22320e+15	9.69e-01	3.09e-02	2.64e-09
 4.22424e+15	9.69e-01	3.06e-02	2.62e-09
 4.22538e+15	9.70e-01	3.03e-02	2.59e-09
 4.22661e+15	9.70e-01	3.00e-02	2.58e-09
 4.22773e+15	9.70e-01	2.97e-02	2.55e-09
 4.22875e+15	9.71e-01	2.95e-02	2.54e-09
 4.22968e+15	9.71e-01	2.93e-02	2.54e-09
