#depth	O	O+	O+2	O+3	O+4	O+5	O+6	O+7	O+8	O[1]	O[2]	O[3]
 1.05475e+11	2.68e-05	2.56e-02	9.72e-01	2.20e-03	0.00e+00	0.00e+00	0.00e+00	0.00e+00	0.00e+00	1.84e-05	5.70e-06	2.63e-06
 6.32851e+11	2.67e-05	2.56e-02	9.72e-01	2.19e-03	0.00e+00	0.00e+00	0.00e+00	0.00e+00	0.00e+00	1.84e-05	5.69e-06	2.62e-06
 2.74235e+12	2.69e-05	2.57e-02	9.72e-01	2.16e-03	0.00e+00	0.00e+00	0.00e+00	0.00e+00	0.00e+00	1.85e-05	5.73e-06	2.64e-06
 1.11804e+13	2.78e-05	2.61e-02	9.72e-01	2.02e-03	0.00e+00	0.00e+00	0.00e+00	0.00e+00	0.00e+00	1.91e-05	5.92e-06	2.73e-06
 2.67063e+13	2.86e-05	2.64e-02	9.72e-01	1.82e-03	0.00e+00	0.00e+00	0.00e+00	0.00e+00	0.00e+00	1.97e-05	6.10e-06	2.82e-06
 4.68900e+13	3.00e-05	2.70e-02	9.71e-01	1.59e-03	0.00e+00	0.00e+00	0.00e+00	0.00e+00	0.00e+00	2.06e-05	6.41e-06	2.97e-06
 7.31289e+13	3.22e-05	2.79e-02	9.71e-01	1.33e-03	0.00e+00	0.00e+00	0.00e+00	0.00e+00	0.00e+00	2.22e-05	6.88e-06	3.19e-06
 1.07239e+14	3.56e-05	2.91e-02	9.70e-01	1.05e-03	0.00e+00	0.00e+00	0.00e+00	0.00e+00	0.00e+00	2.45e-05	7.57e-06	3.51e-06
 1.51583e+14	4.06e-05	3.07e-02	9.68e-01	7.73e-04	0.00e+00	0.00e+00	0.00e+00	0.00e+00	0.00e+00	2.80e-05	8.63e-06	4.00e-06
 2.09230e+14	4.86e-05	3.32e-02	9.66e-01	5.16e-04	0.00e+00	0.00e+00	0.00e+00	0.00e+00	0.00e+00	3.35e-05	1.03e-05	4.77e-06
 2.84170e+14	6.14e-05	3.68e-02	9.63e-01	3.05e-04	0.00e+00	0.00e+00	0.00e+00	0.00e+00	0.00e+00	4.25e-05	1.30e-05	6.00e-06
 3.74754e+14	8.08e-05	4.18e-02	9.58e-01	1.63e-04	0.00e+00	0.00e+00	0.00e+00	0.00e+00	0.00e+00	5.60e-05	1.70e-05	7.84e-06
 4.50199e+14	9.76e-05	4.59e-02	9.54e-01	1.00e-04	0.00e+00	0.00e+00	0.00e+00	0.00e+00	0.00e+00	6.77e-05	2.04e-05	9.43e-06
 5.00568e+14	1.13e-04	4.92e-02	9.51e-01	7.12e-05	0.00e+00	0.00e+00	0.00e+00	0.00e+00	0.00e+00	7.84e-05	2.35e-05	1.09e-05
 5.53812e+14	1.33e-04	5.35e-02	9.46e-01	4.88e-05	0.00e+00	0.00e+00	0.00e+00	0.00e+00	0.00e+00	9.28e-05	2.77e-05	1.28e-05
 6.12381e+14	1.59e-04	5.87e-02	9.41e-01	3.28e-05	0.00e+00	0.00e+00	0.00e+00	0.00e+00	0.00e+00	1.11e-04	3.29e-05	1.52e-05
 6.66186e+14	1.87e-04	6.40e-02	9.36e-01	2.28e-05	0.00e+00	0.00e+00	0.00e+00	0.00e+00	0.00e+00	1.31e-04	3.85e-05	1.78e-05
 7.16616e+14	2.18e-04	6.95e-02	9.30e-01	1.62e-05	0.00e+00	0.00e+00	0.00e+00	0.00e+00	0.00e+00	1.53e-04	4.48e-05	2.07e-05
 7.74345e+14	2.62e-04	7.68e-02	9.23e-01	1.08e-05	0.00e+00	0.00e+00	0.00e+00	0.00e+00	0.00e+00	1.83e-04	5.35e-05	2.47e-05
 8.35384e+14	3.13e-04	8.50e-02	9.15e-01	7.25e-06	0.00e+00	0.00e+00	0.00e+00	0.00e+00	0.00e+00	2.20e-04	6.38e-05	2.94e-05
 8.89224e+14	3.67e-04	9.31e-02	9.07e-01	5.08e-06	0.00e+00	0.00e+00	0.00e+00	0.00e+00	0.00e+00	2.58e-04	7.45e-05	3.44e-05
 9.47714e+14	4.40e-04	1.03e-01	8.96e-01	3.41e-06	0.00e+00	0.00e+00	0.00e+00	0.00e+00	0.00e+00	3.10e-04	8.90e-05	4.10e-05
 1.00999e+15	5.28e-04	1.15e-01	8.85e-01	2.28e-06	0.00e+00	0.00e+00	0.00e+00	0.00e+00	0.00e+00	3.73e-04	1.06e-04	4.91e-05
 1.06465e+15	6.21e-04	1.26e-01	8.73e-01	1.60e-06	0.00e+00	0.00e+00	0.00e+00	0.00e+00	0.00e+00	4.38e-04	1.25e-04	5.74e-05
 1.11548e+15	7.23e-04	1.38e-01	8.61e-01	1.15e-06	0.00e+00	0.00e+00	0.00e+00	0.00e+00	0.00e+00	5.11e-04	1.45e-04	6.67e-05
 1.17388e+15	8.66e-04	1.54e-01	8.45e-01	7.79e-07	0.00e+00	0.00e+00	0.00e+00	0.00e+00	0.00e+00	6.13e-04	1.73e-04	7.95e-05
 1.23566e+15	1.04e-03	1.72e-01	8.27e-01	5.27e-07	0.00e+00	0.00e+00	0.00e+00	0.00e+00	0.00e+00	7.37e-04	2.07e-04	9.51e-05
 1.28914e+15	1.22e-03	1.89e-01	8.09e-01	3.76e-07	0.00e+00	0.00e+00	0.00e+00	0.00e+00	0.00e+00	8.65e-04	2.42e-04	1.11e-04
 1.33856e+15	1.42e-03	2.08e-01	7.91e-01	2.74e-07	0.00e+00	0.00e+00	0.00e+00	0.00e+00	0.00e+00	1.01e-03	2.80e-04	1.29e-04
 1.39537e+15	1.68e-03	2.31e-01	7.67e-01	1.89e-07	0.00e+00	0.00e+00	0.00e+00	0.00e+00	0.00e+00	1.20e-03	3.33e-04	1.53e-04
 1.45601e+15	2.02e-03	2.58e-01	7.40e-01	1.29e-07	0.00e+00	0.00e+00	0.00e+00	0.00e+00	0.00e+00	1.44e-03	3.98e-04	1.82e-04
 1.50894e+15	2.36e-03	2.85e-01	7.13e-01	0.00e+00	0.00e+00	0.00e+00	0.00e+00	0.00e+00	0.00e+00	1.68e-03	4.65e-04	2.13e-04
 1.55756e+15	2.74e-03	3.12e-01	6.86e-01	0.00e+00	0.00e+00	0.00e+00	0.00e+00	0.00e+00	0.00e+00	1.95e-03	5.38e-04	2.46e-04
 1.61328e+15	3.24e-03	3.45e-01	6.51e-01	0.00e+00	0.00e+00	0.00e+00	0.00e+00	0.00e+00	0.00e+00	2.32e-03	6.36e-04	2.91e-04
 1.67307e+15	3.88e-03	3.85e-01	6.12e-01	0.00e+00	0.00e+00	0.00e+00	0.00e+00	0.00e+00	0.00e+00	2.77e-03	7.58e-04	3.47e-04
 1.72560e+15	4.52e-03	4.22e-01	5.74e-01	0.00e+00	0.00e+00	0.00e+00	0.00e+00	0.00e+00	0.00e+00	3.23e-03	8.84e-04	4.04e-04
 1.77383e+15	5.21e-03	4.58e-01	5.36e-01	0.00e+00	0.00e+00	0.00e+00	0.00e+00	0.00e+00	0.00e+00	3.73e-03	1.02e-03	4.65e-04
 1.82904e+15	6.12e-03	5.03e-01	4.91e-01	0.00e+00	0.00e+00	0.00e+00	0.00e+00	0.00e+00	0.00e+00	4.38e-03	1.19e-03	5.46e-04
 1.88891e+15	7.26e-03	5.52e-01	4.41e-01	0.00e+00	0.00e+00	0.00e+00	0.00e+00	0.00e+00	0.00e+00	5.20e-03	1.41e-03	6.46e-04
 1.94252e+15	8.41e-03	5.97e-01	3.95e-01	0.00e+00	0.00e+00	0.00e+00	0.00e+00	0.00e+00	0.00e+00	6.03e-03	1.64e-03	7.48e-04
 1.99235e+15	9.63e-03	6.39e-01	3.52e-01	0.00e+00	0.00e+00	0.00e+00	0.00e+00	0.00e+00	0.00e+00	6.90e-03	1.87e-03	8.54e-04
 2.04963e+15	1.12e-02	6.85e-01	3.03e-01	0.00e+00	0.00e+00	0.00e+00	0.00e+00	0.00e+00	0.00e+00	8.01e-03	2.17e-03	9.91e-04
 2.11300e+15	1.31e-02	7.33e-01	2.54e-01	0.00e+00	0.00e+00	0.00e+00	0.00e+00	0.00e+00	0.00e+00	9.39e-03	2.54e-03	1.16e-03
 2.17198e+15	1.51e-02	7.74e-01	2.11e-01	0.00e+00	0.00e+00	0.00e+00	0.00e+00	0.00e+00	0.00e+00	1.08e-02	2.93e-03	1.34e-03
 2.23633e+15	1.74e-02	8.13e-01	1.70e-01	0.00e+00	0.00e+00	0.00e+00	0.00e+00	0.00e+00	0.00e+00	1.25e-02	3.38e-03	1.54e-03
 2.30836e+15	2.04e-02	8.48e-01	1.31e-01	0.00e+00	0.00e+00	0.00e+00	0.00e+00	0.00e+00	0.00e+00	1.46e-02	3.95e-03	1.80e-03
 2.37767e+15	2.35e-02	8.75e-01	1.01e-01	0.00e+00	0.00e+00	0.00e+00	0.00e+00	0.00e+00	0.00e+00	1.69e-02	4.56e-03	2.08e-03
 2.45505e+15	2.73e-02	8.98e-01	7.44e-02	0.00e+00	0.00e+00	0.00e+00	0.00e+00	0.00e+00	0.00e+00	1.96e-02	5.29e-03	2.42e-03
 2.54134e+15	3.21e-02	9.15e-01	5.27e-02	0.00e+00	0.00e+00	0.00e+00	0.00e+00	0.00e+00	0.00e+00	2.31e-02	6.23e-03	2.85e-03
 2.61721e+15	3.72e-02	9.24e-01	3.86e-02	0.00e+00	0.00e+00	0.00e+00	0.00e+00	0.00e+00	0.00e+00	2.67e-02	7.21e-03	3.30e-03
 2.67932e+15	4.19e-02	9.28e-01	2.97e-02	0.00e+00	0.00e+00	0.00e+00	0.00e+00	0.00e+00	0.00e+00	3.00e-02	8.12e-03	3.72e-03
 2.74555e+15	4.70e-02	9.31e-01	2.24e-02	0.00e+00	0.00e+00	0.00e+00	0.00e+00	0.00e+00	0.00e+00	3.37e-02	9.14e-03	4.19e-03
 2.81985e+15	5.39e-02	9.30e-01	1.64e-02	0.00e+00	0.00e+00	0.00e+00	0.00e+00	0.00e+00	0.00e+00	3.86e-02	1.05e-02	4.83e-03
 2.88857e+15	6.16e-02	9.26e-01	1.21e-02	0.00e+00	0.00e+00	0.00e+00	0.00e+00	0.00e+00	0.00e+00	4.41e-02	1.20e-02	5.54e-03
 2.94975e+15	6.97e-02	9.21e-01	9.23e-03	0.00e+00	0.00e+00	0.00e+00	0.00e+00	0.00e+00	0.00e+00	4.97e-02	1.36e-02	6.29e-03
 3.01637e+15	7.90e-02	9.14e-01	6.83e-03	0.00e+00	0.00e+00	0.00e+00	0.00e+00	0.00e+00	0.00e+00	5.64e-02	1.55e-02	7.18e-03
 3.08736e+15	9.21e-02	9.03e-01	4.89e-03	0.00e+00	0.00e+00	0.00e+00	0.00e+00	0.00e+00	0.00e+00	6.56e-02	1.81e-02	8.41e-03
 3.14876e+15	1.07e-01	8.90e-01	3.59e-03	0.00e+00	0.00e+00	0.00e+00	0.00e+00	0.00e+00	0.00e+00	7.58e-02	2.10e-02	9.78e-03
 3.20139e+15	1.21e-01	8.76e-01	2.72e-03	0.00e+00	0.00e+00	0.00e+00	0.00e+00	0.00e+00	0.00e+00	8.63e-02	2.40e-02	1.12e-02
 3.25100e+15	1.38e-01	8.60e-01	2.06e-03	0.00e+00	0.00e+00	0.00e+00	0.00e+00	0.00e+00	0.00e+00	9.79e-02	2.72e-02	1.27e-02
 3.30037e+15	1.58e-01	8.41e-01	1.54e-03	0.00e+00	0.00e+00	0.00e+00	0.00e+00	0.00e+00	0.00e+00	1.12e-01	3.11e-02	1.46e-02
 3.34814e+15	1.81e-01	8.18e-01	1.14e-03	0.00e+00	0.00e+00	0.00e+00	0.00e+00	0.00e+00	0.00e+00	1.28e-01	3.56e-02	1.68e-02
 3.39211e+15	2.07e-01	7.92e-01	8.42e-04	0.00e+00	0.00e+00	0.00e+00	0.00e+00	0.00e+00	0.00e+00	1.47e-01	4.06e-02	1.93e-02
 3.43182e+15	2.36e-01	7.64e-01	6.29e-04	0.00e+00	0.00e+00	0.00e+00	0.00e+00	0.00e+00	0.00e+00	1.68e-01	4.59e-02	2.19e-02
 3.46824e+15	2.66e-01	7.33e-01	4.73e-04	0.00e+00	0.00e+00	0.00e+00	0.00e+00	0.00e+00	0.00e+00	1.90e-01	5.14e-02	2.48e-02
 3.50243e+15	2.99e-01	7.00e-01	3.55e-04	0.00e+00	0.00e+00	0.00e+00	0.00e+00	0.00e+00	0.00e+00	2.14e-01	5.72e-02	2.78e-02
 3.53479e+15	3.35e-01	6.65e-01	2.66e-04	0.00e+00	0.00e+00	0.00e+00	0.00e+00	0.00e+00	0.00e+00	2.41e-01	6.34e-02	3.10e-02
 3.56383e+15	3.72e-01	6.28e-01	2.02e-04	0.00e+00	0.00e+00	0.00e+00	0.00e+00	0.00e+00	0.00e+00	2.68e-01	6.93e-02	3.43e-02
 3.58755e+15	4.05e-01	5.94e-01	1.58e-04	0.00e+00	0.00e+00	0.00e+00	0.00e+00	0.00e+00	0.00e+00	2.94e-01	7.46e-02	3.72e-02
 3.60698e+15	4.34e-01	5.66e-01	1.29e-04	0.00e+00	0.00e+00	0.00e+00	0.00e+00	0.00e+00	0.00e+00	3.15e-01	7.88e-02	3.95e-02
 3.62361e+15	4.59e-01	5.40e-01	1.08e-04	0.00e+00	0.00e+00	0.00e+00	0.00e+00	0.00e+00	0.00e+00	3.35e-01	8.24e-02	4.17e-02
 3.63849e+15	4.83e-01	5.17e-01	9.17e-05	0.00e+00	0.00e+00	0.00e+00	0.00e+00	0.00e+00	0.00e+00	3.54e-01	8.56e-02	4.36e-02
 3.65291e+15	5.07e-01	4.93e-01	7.77e-05	0.00e+00	0.00e+00	0.00e+00	0.00e+00	0.00e+00	0.00e+00	3.73e-01	8.86e-02	4.54e-02
 3.66682e+15	5.30e-01	4.70e-01	6.60e-05	0.00e+00	0.00e+00	0.00e+00	0.00e+00	0.00e+00	0.00e+00	3.92e-01	9.14e-02	4.72e-02
 3.67972e+15	5.53e-01	4.47e-01	5.66e-05	0.00e+00	0.00e+00	0.00e+00	0.00e+00	0.00e+00	0.00e+00	4.10e-01	9.39e-02	4.88e-02
 3.69146e+15	5.73e-01	4.27e-01	4.90e-05	0.00e+00	0.00e+00	0.00e+00	0.00e+00	0.00e+00	0.00e+00	4.27e-01	9.60e-02	5.03e-02
 3.70230e+15	5.92e-01	4.08e-01	4.28e-05	0.00e+00	0.00e+00	0.00e+00	0.00e+00	0.00e+00	0.00e+00	4.43e-01	9.79e-02	5.16e-02
 3.71102e+15	6.07e-01	3.93e-01	3.85e-05	0.00e+00	0.00e+00	0.00e+00	0.00e+00	0.00e+00	0.00e+00	4.55e-01	9.92e-02	5.26e-02
 3.71735e+15	6.18e-01	3.82e-01	3.55e-05	0.00e+00	0.00e+00	0.00e+00	0.00e+00	0.00e+00	0.00e+00	4.65e-01	1.00e-01	5.33e-02
 3.72330e+15	6.28e-01	3.72e-01	3.29e-05	0.00e+00	0.00e+00	0.00e+00	0.00e+00	0.00e+00	0.00e+00	4.73e-01	1.01e-01	5.39e-02
 3.73013e+15	6.40e-01	3.59e-01	3.00e-05	0.00e+00	0.00e+00	0.00e+00	0.00e+00	0.00e+00	0.00e+00	4.84e-01	1.02e-01	5.46e-02
 3.73754e+15	6.53e-01	3.47e-01	2.73e-05	0.00e+00	0.00e+00	0.00e+00	0.00e+00	0.00e+00	0.00e+00	4.95e-01	1.03e-01	5.54e-02
 3.74460e+15	6.65e-01	3.35e-01	2.48e-05	0.00e+00	0.00e+00	0.00e+00	0.00e+00	0.00e+00	0.00e+00	5.06e-01	1.03e-01	5.60e-02
 3.75131e+15	6.76e-01	3.24e-01	2.27e-05	0.00e+00	0.00e+00	0.00e+00	0.00e+00	0.00e+00	0.00e+00	5.16e-01	1.04e-01	5.66e-02
 3.75789e+15	6.88e-01	3.12e-01	2.08e-05	0.00e+00	0.00e+00	0.00e+00	0.00e+00	0.00e+00	0.00e+00	5.26e-01	1.05e-01	5.72e-02
 3.76442e+15	6.98e-01	3.02e-01	1.90e-05	0.00e+00	0.00e+00	0.00e+00	0.00e+00	0.00e+00	0.00e+00	5.36e-01	1.05e-01	5.77e-02
 3.77101e+15	7.09e-01	2.91e-01	1.74e-05	0.00e+00	0.00e+00	0.00e+00	0.00e+00	0.00e+00	0.00e+00	5.46e-01	1.05e-01	5.82e-02
 3.77760e+15	7.20e-01	2.80e-01	1.59e-05	0.00e+00	0.00e+00	0.00e+00	0.00e+00	0.00e+00	0.00e+00	5.55e-01	1.06e-01	5.86e-02
 3.78411e+15	7.30e-01	2.70e-01	1.45e-05	0.00e+00	0.00e+00	0.00e+00	0.00e+00	0.00e+00	0.00e+00	5.65e-01	1.06e-01	5.90e-02
 3.79054e+15	7.40e-01	2.60e-01	1.33e-05	0.00e+00	0.00e+00	0.00e+00	0.00e+00	0.00e+00	0.00e+00	5.75e-01	1.06e-01	5.93e-02
 3.79688e+15	7.50e-01	2.50e-01	1.21e-05	0.00e+00	0.00e+00	0.00e+00	0.00e+00	0.00e+00	0.00e+00	5.84e-01	1.06e-01	5.97e-02
 3.80325e+15	7.60e-01	2.40e-01	1.11e-05	0.00e+00	0.00e+00	0.00e+00	0.00e+00	0.00e+00	0.00e+00	5.94e-01	1.06e-01	5.99e-02
 3.80962e+15	7.69e-01	2.31e-01	1.01e-05	0.00e+00	0.00e+00	0.00e+00	0.00e+00	0.00e+00	0.00e+00	6.03e-01	1.06e-01	6.02e-02
 3.81594e+15	7.78e-01	2.22e-01	9.27e-06	0.00e+00	0.00e+00	0.00e+00	0.00e+00	0.00e+00	0.00e+00	6.12e-01	1.06e-01	6.04e-02
 3.82221e+15	7.87e-01	2.13e-01	8.48e-06	0.00e+00	0.00e+00	0.00e+00	0.00e+00	0.00e+00	0.00e+00	6.21e-01	1.06e-01	6.05e-02
 3.82844e+15	7.95e-01	2.05e-01	7.76e-06	0.00e+00	0.00e+00	0.00e+00	0.00e+00	0.00e+00	0.00e+00	6.29e-01	1.05e-01	6.06e-02
 3.83467e+15	8.03e-01	1.97e-01	7.10e-06	0.00e+00	0.00e+00	0.00e+00	0.00e+00	0.00e+00	0.00e+00	6.38e-01	1.05e-01	6.07e-02
 3.84089e+15	8.11e-01	1.88e-01	6.49e-06	0.00e+00	0.00e+00	0.00e+00	0.00e+00	0.00e+00	0.00e+00	6.46e-01	1.05e-01	6.07e-02
 3.84709e+15	8.19e-01	1.81e-01	5.94e-06	0.00e+00	0.00e+00	0.00e+00	0.00e+00	0.00e+00	0.00e+00	6.54e-01	1.04e-01	6.07e-02
 3.85326e+15	8.27e-01	1.73e-01	5.43e-06	0.00e+00	0.00e+00	0.00e+00	0.00e+00	0.00e+00	0.00e+00	6.62e-01	1.04e-01	6.07e-02
 3.85942e+15	8.34e-01	1.66e-01	4.97e-06	0.00e+00	0.00e+00	0.00e+00	0.00e+00	0.00e+00	0.00e+00	6.70e-01	1.03e-01	6.07e-02
 3.86556e+15	8.41e-01	1.59e-01	4.54e-06	0.00e+00	0.00e+00	0.00e+00	0.00e+00	0.00e+00	0.00e+00	6.78e-01	1.03e-01	6.06e-02
 3.87165e+15	8.48e-01	1.52e-01	4.16e-06	0.00e+00	0.00e+00	0.00e+00	0.00e+00	0.00e+00	0.00e+00	6.85e-01	1.02e-01	6.05e-02
 3.87767e+15	8.54e-01	1.46e-01	3.81e-06	0.00e+00	0.00e+00	0.00e+00	0.00e+00	0.00e+00	0.00e+00	6.92e-01	1.01e-01	6.03e-02
 3.88362e+15	8.60e-01	1.40e-01	3.50e-06	0.00e+00	0.00e+00	0.00e+00	0.00e+00	0.00e+00	0.00e+00	6.99e-01	1.01e-01	6.02e-02
 3.88953e+15	8.66e-01	1.34e-01	3.21e-06	0.00e+00	0.00e+00	0.00e+00	0.00e+00	0.00e+00	0.00e+00	7.06e-01	1.00e-01	6.00e-02
 3.89540e+15	8.72e-01	1.28e-01	2.95e-06	0.00e+00	0.00e+00	0.00e+00	0.00e+00	0.00e+00	0.00e+00	7.12e-01	9.96e-02	5.98e-02
 3.90125e+15	8.77e-01	1.23e-01	2.71e-06	0.00e+00	0.00e+00	0.00e+00	0.00e+00	0.00e+00	0.00e+00	7.19e-01	9.89e-02	5.96e-02
 3.90705e+15	8.82e-01	1.18e-01	2.49e-06	0.00e+00	0.00e+00	0.00e+00	0.00e+00	0.00e+00	0.00e+00	7.25e-01	9.82e-02	5.94e-02
 3.91282e+15	8.87e-01	1.13e-01	2.29e-06	0.00e+00	0.00e+00	0.00e+00	0.00e+00	0.00e+00	0.00e+00	7.30e-01	9.75e-02	5.92e-02
 3.91856e+15	8.92e-01	1.08e-01	2.11e-06	0.00e+00	0.00e+00	0.00e+00	0.00e+00	0.00e+00	0.00e+00	7.36e-01	9.68e-02	5.89e-02
 3.92427e+15	8.96e-01	1.04e-01	1.94e-06	0.00e+00	0.00e+00	0.00e+00	0.00e+00	0.00e+00	0.00e+00	7.42e-01	9.61e-02	5.87e-02
 3.92995e+15	9.01e-01	9.93e-02	1.79e-06	0.00e+00	0.00e+00	0.00e+00	0.00e+00	0.00e+00	0.00e+00	7.47e-01	9.55e-02	5.84e-02
 3.93562e+15	9.05e-01	9.52e-02	1.65e-06	0.00e+00	0.00e+00	0.00e+00	0.00e+00	0.00e+00	0.00e+00	7.52e-01	9.48e-02	5.81e-02
 3.94129e+15	9.09e-01	9.12e-02	1.52e-06	0.00e+00	0.00e+00	0.00e+00	0.00e+00	0.00e+00	0.00e+00	7.57e-01	9.41e-02	5.79e-02
 3.94695e+15	9.13e-01	8.74e-02	1.40e-06	0.00e+00	0.00e+00	0.00e+00	0.00e+00	0.00e+00	0.00e+00	7.62e-01	9.34e-02	5.76e-02
 3.95259e+15	9.16e-01	8.37e-02	1.29e-06	0.00e+00	0.00e+00	0.00e+00	0.00e+00	0.00e+00	0.00e+00	7.66e-01	9.27e-02	5.73e-02
 3.95822e+15	9.20e-01	8.03e-02	1.19e-06	0.00e+00	0.00e+00	0.00e+00	0.00e+00	0.00e+00	0.00e+00	7.71e-01	9.21e-02	5.70e-02
 3.96385e+15	9.23e-01	7.69e-02	1.10e-06	0.00e+00	0.00e+00	0.00e+00	0.00e+00	0.00e+00	0.00e+00	7.75e-01	9.14e-02	5.67e-02
 3.96943e+15	9.26e-01	7.37e-02	1.01e-06	0.00e+00	0.00e+00	0.00e+00	0.00e+00	0.00e+00	0.00e+00	7.79e-01	9.07e-02	5.64e-02
 3.97504e+15	9.29e-01	7.06e-02	9.36e-07	0.00e+00	0.00e+00	0.00e+00	0.00e+00	0.00e+00	0.00e+00	7.83e-01	9.01e-02	5.62e-02
 3.98071e+15	9.32e-01	6.77e-02	8.64e-07	0.00e+00	0.00e+00	0.00e+00	0.00e+00	0.00e+00	0.00e+00	7.87e-01	8.95e-02	5.59e-02
 3.98635e+15	9.35e-01	6.49e-02	7.98e-07	0.00e+00	0.00e+00	0.00e+00	0.00e+00	0.00e+00	0.00e+00	7.91e-01	8.88e-02	5.56e-02
 3.99196e+15	9.38e-01	6.22e-02	7.37e-07	0.00e+00	0.00e+00	0.00e+00	0.00e+00	0.00e+00	0.00e+00	7.94e-01	8.82e-02	5.53e-02
 3.99758e+15	9.40e-01	5.96e-02	6.81e-07	0.00e+00	0.00e+00	0.00e+00	0.00e+00	0.00e+00	0.00e+00	7.98e-01	8.76e-02	5.50e-02
 4.00323e+15	9.43e-01	5.71e-02	6.30e-07	0.00e+00	0.00e+00	0.00e+00	0.00e+00	0.00e+00	0.00e+00	8.01e-01	8.71e-02	5.48e-02
 4.00889e+15	9.45e-01	5.47e-02	5.82e-07	0.00e+00	0.00e+00	0.00e+00	0.00e+00	0.00e+00	0.00e+00	8.04e-01	8.65e-02	5.45e-02
 4.01455e+15	9.48e-01	5.25e-02	5.38e-07	0.00e+00	0.00e+00	0.00e+00	0.00e+00	0.00e+00	0.00e+00	8.07e-01	8.59e-02	5.42e-02
 4.02021e+15	9.50e-01	5.03e-02	4.98e-07	0.00e+00	0.00e+00	0.00e+00	0.00e+00	0.00e+00	0.00e+00	8.10e-01	8.54e-02	5.40e-02
 4.02585e+15	9.52e-01	4.82e-02	4.60e-07	0.00e+00	0.00e+00	0.00e+00	0.00e+00	0.00e+00	0.00e+00	8.13e-01	8.48e-02	5.37e-02
 4.03153e+15	9.54e-01	4.62e-02	4.26e-07	0.00e+00	0.00e+00	0.00e+00	0.00e+00	0.00e+00	0.00e+00	8.16e-01	8.43e-02	5.34e-02
 4.03727e+15	9.56e-01	4.42e-02	3.94e-07	0.00e+00	0.00e+00	0.00e+00	0.00e+00	0.00e+00	0.00e+00	8.19e-01	8.38e-02	5.32e-02
 4.04297e+15	9.58e-01	4.24e-02	3.65e-07	0.00e+00	0.00e+00	0.00e+00	0.00e+00	0.00e+00	0.00e+00	8.21e-01	8.33e-02	5.29e-02
 4.04867e+15	9.59e-01	4.06e-02	3.38e-07	0.00e+00	0.00e+00	0.00e+00	0.00e+00	0.00e+00	0.00e+00	8.24e-01	8.28e-02	5.26e-02
 4.05440e+15	9.61e-01	3.89e-02	3.13e-07	0.00e+00	0.00e+00	0.00e+00	0.00e+00	0.00e+00	0.00e+00	8.26e-01	8.23e-02	5.24e-02
 4.06016e+15	9.63e-01	3.73e-02	2.89e-07	0.00e+00	0.00e+00	0.00e+00	0.00e+00	0.00e+00	0.00e+00	8.29e-01	8.18e-02	5.22e-02
 4.06593e+15	9.64e-01	3.57e-02	2.68e-07	0.00e+00	0.00e+00	0.00e+00	0.00e+00	0.00e+00	0.00e+00	8.31e-01	8.14e-02	5.19e-02
 4.07169e+15	9.66e-01	3.42e-02	2.48e-07	0.00e+00	0.00e+00	0.00e+00	0.00e+00	0.00e+00	0.00e+00	8.33e-01	8.09e-02	5.17e-02
 4.07748e+15	9.67e-01	3.28e-02	2.30e-07	0.00e+00	0.00e+00	0.00e+00	0.00e+00	0.00e+00	0.00e+00	8.35e-01	8.04e-02	5.14e-02
 4.08323e+15	9.69e-01	3.15e-02	2.13e-07	0.00e+00	0.00e+00	0.00e+00	0.00e+00	0.00e+00	0.00e+00	8.37e-01	8.00e-02	5.12e-02
 4.08895e+15	9.70e-01	3.02e-02	1.98e-07	0.00e+00	0.00e+00	0.00e+00	0.00e+00	0.00e+00	0.00e+00	8.39e-01	7.96e-02	5.10e-02
 4.09468e+15	9.71e-01	2.89e-02	1.84e-07	0.00e+00	0.00e+00	0.00e+00	0.00e+00	0.00e+00	0.00e+00	8.41e-01	7.91e-02	5.07e-02
 4.10026e+15	9.72e-01	2.77e-02	1.71e-07	0.00e+00	0.00e+00	0.00e+00	0.00e+00	0.00e+00	0.00e+00	8.43e-01	7.87e-02	5.05e-02
 4.10538e+15	9.73e-01	2.67e-02	1.60e-07	0.00e+00	0.00e+00	0.00e+00	0.00e+00	0.00e+00	0.00e+00	8.45e-01	7.83e-02	5.03e-02
 4.10992e+15	9.74e-01	2.58e-02	1.52e-07	0.00e+00	0.00e+00	0.00e+00	0.00e+00	0.00e+00	0.00e+00	8.46e-01	7.80e-02	5.01e-02
 4.11399e+15	9.75e-01	2.50e-02	1.44e-07	0.00e+00	0.00e+00	0.00e+00	0.00e+00	0.00e+00	0.00e+00	8.47e-01	7.77e-02	4.99e-02
 4.11780e+15	9.76e-01	2.43e-02	1.37e-07	0.00e+00	0.00e+00	0.00e+00	0.00e+00	0.00e+00	0.00e+00	8.49e-01	7.74e-02	4.97e-02
 4.12149e+15	9.76e-01	2.36e-02	1.31e-07	0.00e+00	0.00e+00	0.00e+00	0.00e+00	0.00e+00	0.00e+00	8.50e-01	7.72e-02	4.96e-02
 4.12505e+15	9.77e-01	2.30e-02	1.25e-07	0.00e+00	0.00e+00	0.00e+00	0.00e+00	0.00e+00	0.00e+00	8.51e-01	7.69e-02	4.94e-02
 4.12839e+15	9.78e-01	2.24e-02	1.20e-07	0.00e+00	0.00e+00	0.00e+00	0.00e+00	0.00e+00	0.00e+00	8.52e-01	7.67e-02	4.93e-02
 4.13149e+15	9.78e-01	2.19e-02	1.16e-07	0.00e+00	0.00e+00	0.00e+00	0.00e+00	0.00e+00	0.00e+00	8.53e-01	7.64e-02	4.91e-02
 4.13439e+15	9.79e-01	2.14e-02	1.12e-07	0.00e+00	0.00e+00	0.00e+00	0.00e+00	0.00e+00	0.00e+00	8.53e-01	7.62e-02	4.90e-02
 4.13715e+15	9.79e-01	2.09e-02	1.08e-07	0.00e+00	0.00e+00	0.00e+00	0.00e+00	0.00e+00	0.00e+00	8.54e-01	7.60e-02	4.89e-02
 4.13980e+15	9.80e-01	2.05e-02	1.04e-07	0.00e+00	0.00e+00	0.00e+00	0.00e+00	0.00e+00	0.00e+00	8.55e-01	7.58e-02	4.87e-02
 4.14235e+15	9.80e-01	2.00e-02	1.01e-07	0.00e+00	0.00e+00	0.00e+00	0.00e+00	0.00e+00	0.00e+00	8.56e-01	7.56e-02	4.86e-02
 4.14481e+15	9.80e-01	1.96e-02	9.82e-08	0.00e+00	0.00e+00	0.00e+00	0.00e+00	0.00e+00	0.00e+00	8.57e-01	7.54e-02	4.85e-02
 4.14719e+15	9.81e-01	1.92e-02	9.53e-08	0.00e+00	0.00e+00	0.00e+00	0.00e+00	0.00e+00	0.00e+00	8.57e-01	7.52e-02	4.83e-02
 4.14951e+15	9.81e-01	1.89e-02	9.27e-08	0.00e+00	0.00e+00	0.00e+00	0.00e+00	0.00e+00	0.00e+00	8.58e-01	7.50e-02	4.82e-02
 4.15179e+15	9.82e-01	1.85e-02	9.01e-08	0.00e+00	0.00e+00	0.00e+00	0.00e+00	0.00e+00	0.00e+00	8.59e-01	7.48e-02	4.81e-02
 4.15409e+15	9.82e-01	1.81e-02	8.75e-08	0.00e+00	0.00e+00	0.00e+00	0.00e+00	0.00e+00	0.00e+00	8.59e-01	7.46e-02	4.79e-02
 4.15639e+15	9.82e-01	1.77e-02	8.50e-08	0.00e+00	0.00e+00	0.00e+00	0.00e+00	0.00e+00	0.00e+00	8.60e-01	7.44e-02	4.78e-02
 4.15869e+15	9.83e-01	1.74e-02	8.26e-08	0.00e+00	0.00e+00	0.00e+00	0.00e+00	0.00e+00	0.00e+00	8.61e-01	7.42e-02	4.76e-02
 4.16101e+15	9.83e-01	1.70e-02	8.02e-08	0.00e+00	0.00e+00	0.00e+00	0.00e+00	0.00e+00	0.00e+00	8.62e-01	7.39e-02	4.75e-02
 4.16347e+15	9.83e-01	1.66e-02	7.77e-08	0.00e+00	0.00e+00	0.00e+00	0.00e+00	0.00e+00	0.00e+00	8.62e-01	7.37e-02	4.73e-02
 4.16618e+15	9.84e-01	1.61e-02	7.50e-08	0.00e+00	0.00e+00	0.00e+00	0.00e+00	0.00e+00	0.00e+00	8.63e-01	7.34e-02	4.71e-02
 4.16905e+15	9.84e-01	1.56e-02	7.23e-08	0.00e+00	0.00e+00	0.00e+00	0.00e+00	0.00e+00	0.00e+00	8.64e-01	7.31e-02	4.68e-02
 4.17173e+15	9.85e-01	1.52e-02	6.97e-08	0.00e+00	0.00e+00	0.00e+00	0.00e+00	0.00e+00	0.00e+00	8.65e-01	7.27e-02	4.66e-02
 4.17411e+15	9.85e-01	1.48e-02	6.75e-08	0.00e+00	0.00e+00	0.00e+00	0.00e+00	0.00e+00	0.00e+00	8.66e-01	7.24e-02	4.64e-02
 4.17627e+15	9.86e-01	1.44e-02	6.55e-08	0.00e+00	0.00e+00	0.00e+00	0.00e+00	0.00e+00	0.00e+00	8.67e-01	7.21e-02	4.61e-02
 4.17824e+15	9.86e-01	1.40e-02	6.37e-08	0.00e+00	0.00e+00	0.00e+00	0.00e+00	0.00e+00	0.00e+00	8.68e-01	7.19e-02	4.59e-02
 4.18003e+15	9.86e-01	1.37e-02	6.20e-08	0.00e+00	0.00e+00	0.00e+00	0.00e+00	0.00e+00	0.00e+00	8.69e-01	7.16e-02	4.57e-02
 4.18166e+15	9.87e-01	1.34e-02	6.05e-08	0.00e+00	0.00e+00	0.00e+00	0.00e+00	0.00e+00	0.00e+00	8.70e-01	7.13e-02	4.55e-02
 4.18315e+15	9.87e-01	1.32e-02	5.92e-08	0.00e+00	0.00e+00	0.00e+00	0.00e+00	0.00e+00	0.00e+00	8.70e-01	7.11e-02	4.54e-02
 4.18450e+15	9.87e-01	1.29e-02	5.80e-08	0.00e+00	0.00e+00	0.00e+00	0.00e+00	0.00e+00	0.00e+00	8.71e-01	7.08e-02	4.52e-02
 4.18572e+15	9.87e-01	1.27e-02	5.68e-08	0.00e+00	0.00e+00	0.00e+00	0.00e+00	0.00e+00	0.00e+00	8.72e-01	7.06e-02	4.50e-02
 4.18684e+15	9.87e-01	1.26e-02	5.59e-08	0.00e+00	0.00e+00	0.00e+00	0.00e+00	0.00e+00	0.00e+00	8.72e-01	7.04e-02	4.49e-02
 4.18807e+15	9.88e-01	1.23e-02	5.48e-08	0.00e+00	0.00e+00	0.00e+00	0.00e+00	0.00e+00	0.00e+00	8.73e-01	7.01e-02	4.48e-02
 4.18939e+15	9.88e-01	1.21e-02	5.36e-08	0.00e+00	0.00e+00	0.00e+00	0.00e+00	0.00e+00	0.00e+00	8.73e-01	6.98e-02	4.46e-02
 4.19059e+15	9.88e-01	1.19e-02	5.25e-08	0.00e+00	0.00e+00	0.00e+00	0.00e+00	0.00e+00	0.00e+00	8.74e-01	6.96e-02	4.44e-02
 4.19169e+15	9.88e-01	1.18e-02	5.16e-08	0.00e+00	0.00e+00	0.00e+00	0.00e+00	0.00e+00	0.00e+00	8.75e-01	6.94e-02	4.43e-02
 4.19268e+15	9.88e-01	1.16e-02	5.07e-08	0.00e+00	0.00e+00	0.00e+00	0.00e+00	0.00e+00	0.00e+00	8.75e-01	6.92e-02	4.41e-02
 4.19377e+15	9.89e-01	1.14e-02	4.97e-08	0.00e+00	0.00e+00	0.00e+00	0.00e+00	0.00e+00	0.00e+00	8.76e-01	6.89e-02	4.40e-02
 4.19495e+15	9.89e-01	1.12e-02	4.87e-08	0.00e+00	0.00e+00	0.00e+00	0.00e+00	0.00e+00	0.00e+00	8.76e-01	6.87e-02	4.38e-02
 4.19602e+15	9.89e-01	1.11e-02	4.78e-08	0.00e+00	0.00e+00	0.00e+00	0.00e+00	0.00e+00	0.00e+00	8.77e-01	6.85e-02	4.37e-02
 4.19720e+15	9.89e-01	1.09e-02	4.69e-08	0.00e+00	0.00e+00	0.00e+00	0.00e+00	0.00e+00	0.00e+00	8.77e-01	6.83e-02	4.35e-02
 4.19873e+15	9.89e-01	1.07e-02	4.56e-08	0.00e+00	0.00e+00	0.00e+00	0.00e+00	0.00e+00	0.00e+00	8.78e-01	6.80e-02	4.33e-02
 4.20038e+15	9.90e-01	1.05e-02	4.43e-08	0.00e+00	0.00e+00	0.00e+00	0.00e+00	0.00e+00	0.00e+00	8.79e-01	6.77e-02	4.31e-02
 4.20188e+15	9.90e-01	1.03e-02	4.32e-08	0.00e+00	0.00e+00	0.00e+00	0.00e+00	0.00e+00	0.00e+00	8.79e-01	6.75e-02	4.29e-02
 4.20324e+15	9.90e-01	1.01e-02	4.21e-08	0.00e+00	0.00e+00	0.00e+00	0.00e+00	0.00e+00	0.00e+00	8.80e-01	6.72e-02	4.28e-02
 4.20449e+15	9.90e-01	9.94e-03	4.12e-08	0.00e+00	0.00e+00	0.00e+00	0.00e+00	0.00e+00	0.00e+00	8.80e-01	6.70e-02	4.26e-02
 4.20562e+15	9.90e-01	9.79e-03	4.03e-08	0.00e+00	0.00e+00	0.00e+00	0.00e+00	0.00e+00	0.00e+00	8.81e-01	6.68e-02	4.25e-02
 4.20686e+15	9.90e-01	9.63e-03	3.94e-08	0.00e+00	0.00e+00	0.00e+00	0.00e+00	0.00e+00	0.00e+00	8.81e-01	6.66e-02	4.23e-02
 4.20820e+15	9.91e-01	9.47e-03	3.84e-08	0.00e+00	0.00e+00	0.00e+00	0.00e+00	0.00e+00	0.00e+00	8.82e-01	6.63e-02	4.21e-02
 4.20941e+15	9.91e-01	9.32e-03	3.76e-08	0.00e+00	0.00e+00	0.00e+00	0.00e+00	0.00e+00	0.00e+00	8.83e-01	6.61e-02	4.19e-02
 4.21052e+15	9.91e-01	9.18e-03	3.68e-08	0.00e+00	0.00e+00	0.00e+00	0.00e+00	0.00e+00	0.00e+00	8.83e-01	6.59e-02	4.18e-02
 4.21174e+15	9.91e-01	9.04e-03	3.59e-08	0.00e+00	0.00e+00	0.00e+00	0.00e+00	0.00e+00	0.00e+00	8.84e-01	6.57e-02	4.16e-02
 4.21305e+15	9.91e-01	8.88e-03	3.50e-08	0.00e+00	0.00e+00	0.00e+00	0.00e+00	0.00e+00	0.00e+00	8.84e-01	6.54e-02	4.14e-02
 4.21424e+15	9.91e-01	8.72e-03	3.41e-08	0.00e+00	0.00e+00	0.00e+00	0.00e+00	0.00e+00	0.00e+00	8.85e-01	6.52e-02	4.12e-02
 4.21533e+15	9.91e-01	8.59e-03	3.33e-08	0.00e+00	0.00e+00	0.00e+00	0.00e+00	0.00e+00	0.00e+00	8.85e-01	6.50e-02	4.10e-02
 4.21631e+15	9.92e-01	8.46e-03	3.25e-08	0.00e+00	0.00e+00	0.00e+00	0.00e+00	0.00e+00	0.00e+00	8.86e-01	6.48e-02	4.09e-02
 4.21740e+15	9.92e-01	8.33e-03	3.17e-08	0.00e+00	0.00e+00	0.00e+00	0.00e+00	0.00e+00	0.00e+00	8.86e-01	6.45e-02	4.07e-02
 4.21856e+15	9.92e-01	8.19e-03	3.09e-08	0.00e+00	0.00e+00	0.00e+00	0.00e+00	0.00e+00	0.00e+00	8.87e-01	6.43e-02	4.05e-02
 4.21963e+15	9.92e-01	8.07e-03	3.02e-08	0.00e+00	0.00e+00	0.00e+00	0.00e+00	0.00e+00	0.00e+00	8.88e-01	6.40e-02	4.03e-02
 4.22079e+15	9.92e-01	7.93e-03	2.94e-08	0.00e+00	0.00e+00	0.00e+00	0.00e+00	0.00e+00	0.00e+00	8.88e-01	6.38e-02	4.01e-02
 4.22205e+15	9.92e-01	7.78e-03	2.86e-08	0.00e+00	0.00e+00	0.00e+00	0.00e+00	0.00e+00	0.00e+00	8.89e-01	6.35e-02	3.99e-02
 4.22320e+15	9.92e-01	7.65e-03	2.79e-08	0.00e+00	0.00e+00	0.00e+00	0.00e+00	0.00e+00	0.00e+00	8.89e-01	6.32e-02	3.97e-02
 4.22424e+15	9.92e-01	7.54e-03	2.72e-08	0.00e+00	0.00e+00	0.00e+00	0.00e+00	0.00e+00	0.00e+00	8.90e-01	6.30e-02	3.95e-02
 4.22538e+15	9.93e-01	7.41e-03	2.65e-08	0.00e+00	0.00e+00	0.00e+00	0.00e+00	0.00e+00	0.00e+00	8.91e-01	6.27e-02	3.92e-02
 4.22661e+15	9.93e-01	7.28e-03	2.58e-08	0.00e+00	0.00e+00	0.00e+00	0.00e+00	0.00e+00	0.00e+00	8.91e-01	6.24e-02	3.90e-02
 4.22773e+15	9.93e-01	7.15e-03	2.51e-08	0.00e+00	0.00e+00	0.00e+00	0.00e+00	0.00e+00	0.00e+00	8.92e-01	6.22e-02	3.88e-02
 4.22875e+15	9.93e-01	7.02e-03	2.45e-08	0.00e+00	0.00e+00	0.00e+00	0.00e+00	0.00e+00	0.00e+00	8.92e-01	6.19e-02	3.86e-02
 4.22968e+15	9.93e-01	6.84e-03	2.37e-08	0.00e+00	0.00e+00	0.00e+00	0.00e+00	0.00e+00	0.00e+00	8.93e-01	6.16e-02	3.83e-02
