#depth	H	H+	H2
 1.05475e+11	1.55e-03	9.98e-01	8.70e-12
 6.32851e+11	1.55e-03	9.98e-01	8.71e-12
 2.74235e+12	1.55e-03	9.98e-01	8.76e-12
 1.11804e+13	1.57e-03	9.98e-01	9.03e-12
 2.67063e+13	1.56e-03	9.98e-01	9.33e-12
 4.68900e+13	1.58e-03	9.98e-01	9.85e-12
 7.31289e+13	1.61e-03	9.98e-01	1.06e-11
 1.07239e+14	1.66e-03	9.98e-01	1.19e-11
 1.51583e+14	1.75e-03	9.98e-01	1.37e-11
 2.09230e+14	1.88e-03	9.98e-01	1.68e-11
 2.84170e+14	2.08e-03	9.98e-01	2.19e-11
 3.74754e+14	2.35e-03	9.98e-01	3.01e-11
 4.50199e+14	2.54e-03	9.97e-01	3.81e-11
 5.00568e+14	2.70e-03	9.97e-01	4.51e-11
 5.53812e+14	2.92e-03	9.97e-01	5.46e-11
 6.12381e+14	3.15e-03	9.97e-01	6.67e-11
 6.66186e+14	3.36e-03	9.97e-01	7.99e-11
 7.16616e+14	3.58e-03	9.96e-01	9.48e-11
 7.74345e+14	3.86e-03	9.96e-01	1.16e-10
 8.35384e+14	4.15e-03	9.96e-01	1.41e-10
 8.89224e+14	4.41e-03	9.96e-01	1.68e-10
 9.47714e+14	4.72e-03	9.95e-01	2.03e-10
 1.00999e+15	5.04e-03	9.95e-01	2.46e-10
 1.06465e+15	5.34e-03	9.95e-01	2.90e-10
 1.11548e+15	5.63e-03	9.94e-01	3.38e-10
 1.17388e+15	5.99e-03	9.94e-01	4.02e-10
 1.23566e+15	6.36e-03	9.94e-01	4.79e-10
 1.28914e+15	6.70e-03	9.93e-01	5.56e-10
 1.33856e+15	7.03e-03	9.93e-01	6.36e-10
 1.39537e+15	7.43e-03	9.93e-01	7.35e-10
 1.45601e+15	7.86e-03	9.92e-01	8.54e-10
 1.50894e+15	8.25e-03	9.92e-01	9.58e-10
 1.55756e+15	8.65e-03	9.91e-01	1.08e-09
 1.61328e+15	9.12e-03	9.91e-01	1.20e-09
 1.67307e+15	9.66e-03	9.90e-01	1.35e-09
 1.72560e+15	1.02e-02	9.90e-01	1.49e-09
 1.77383e+15	1.07e-02	9.89e-01	1.61e-09
 1.82904e+15	1.13e-02	9.89e-01	1.73e-09
 1.88891e+15	1.20e-02	9.88e-01	1.88e-09
 1.94252e+15	1.27e-02	9.87e-01	2.02e-09
 1.99235e+15	1.35e-02	9.87e-01	2.15e-09
 2.04963e+15	1.44e-02	9.86e-01	2.27e-09
 2.11300e+15	1.56e-02	9.84e-01	2.44e-09
 2.17198e+15	1.68e-02	9.83e-01	2.65e-09
 2.23633e+15	1.83e-02	9.82e-01	2.79e-09
 2.30836e+15	2.02e-02	9.80e-01	3.01e-09
 2.37767e+15	2.23e-02	9.78e-01	3.27e-09
 2.45505e+15	2.49e-02	9.75e-01	3.35e-09
 2.54134e+15	2.84e-02	9.72e-01	3.51e-09
 2.61721e+15	3.22e-02	9.68e-01	3.69e-09
 2.67932e+15	3.57e-02	9.64e-01	3.82e-09
 2.74555e+15	3.97e-02	9.60e-01	3.70e-09
 2.81985e+15	4.50e-02	9.55e-01	3.69e-09
 2.88857e+15	5.11e-02	9.49e-01	3.76e-09
 2.94975e+15	5.75e-02	9.42e-01	3.82e-09
 3.01637e+15	6.50e-02	9.35e-01	3.78e-09
 3.08736e+15	7.56e-02	9.24e-01	3.92e-09
 3.14876e+15	8.75e-02	9.12e-01	4.14e-09
 3.20139e+15	9.98e-02	9.00e-01	4.35e-09
 3.25100e+15	1.13e-01	8.87e-01	4.54e-09
 3.30037e+15	1.30e-01	8.70e-01	4.76e-09
 3.34814e+15	1.50e-01	8.50e-01	5.05e-09
 3.39211e+15	1.72e-01	8.28e-01	5.38e-09
 3.43182e+15	1.97e-01	8.03e-01	5.73e-09
 3.46824e+15	2.24e-01	7.76e-01	6.10e-09
 3.50243e+15	2.54e-01	7.46e-01	6.47e-09
 3.53479e+15	2.86e-01	7.14e-01	6.88e-09
 3.56383e+15	3.20e-01	6.80e-01	7.35e-09
 3.58755e+15	3.52e-01	6.48e-01	7.82e-09
 3.60698e+15	3.78e-01	6.22e-01	8.18e-09
 3.62361e+15	4.03e-01	5.97e-01	8.52e-09
 3.63849e+15	4.26e-01	5.74e-01	8.81e-09
 3.65291e+15	4.50e-01	5.50e-01	9.10e-09
 3.66682e+15	4.73e-01	5.27e-01	9.40e-09
 3.67972e+15	4.95e-01	5.05e-01	9.69e-09
 3.69146e+15	5.16e-01	4.84e-01	9.97e-09
 3.70230e+15	5.35e-01	4.65e-01	1.02e-08
 3.71102e+15	5.51e-01	4.49e-01	1.05e-08
 3.71735e+15	5.63e-01	4.37e-01	1.07e-08
 3.72330e+15	5.73e-01	4.27e-01	1.08e-08
 3.73013e+15	5.86e-01	4.14e-01	1.10e-08
 3.73754e+15	5.99e-01	4.01e-01	1.11e-08
 3.74460e+15	6.12e-01	3.88e-01	1.13e-08
 3.75131e+15	6.24e-01	3.76e-01	1.15e-08
 3.75789e+15	6.36e-01	3.64e-01	1.17e-08
 3.76442e+15	6.47e-01	3.53e-01	1.18e-08
 3.77101e+15	6.59e-01	3.41e-01	1.21e-08
 3.77760e+15	6.71e-01	3.29e-01	1.22e-08
 3.78411e+15	6.82e-01	3.18e-01	1.24e-08
 3.79054e+15	6.93e-01	3.07e-01	1.26e-08
 3.79688e+15	7.04e-01	2.96e-01	1.28e-08
 3.80325e+15	7.15e-01	2.85e-01	1.30e-08
 3.80962e+15	7.25e-01	2.75e-01	1.32e-08
 3.81594e+15	7.35e-01	2.65e-01	1.34e-08
 3.82221e+15	7.45e-01	2.55e-01	1.37e-08
 3.82844e+15	7.55e-01	2.45e-01	1.39e-08
 3.83467e+15	7.64e-01	2.36e-01	1.41e-08
 3.84089e+15	7.73e-01	2.27e-01	1.44e-08
 3.84709e+15	7.82e-01	2.18e-01	1.46e-08
 3.85326e+15	7.91e-01	2.09e-01	1.49e-08
 3.85942e+15	7.99e-01	2.01e-01	1.52e-08
 3.86556e+15	8.07e-01	1.93e-01	1.55e-08
 3.87165e+15	8.15e-01	1.85e-01	1.59e-08
 3.87767e+15	8.23e-01	1.77e-01	1.62e-08
 3.88362e+15	8.30e-01	1.70e-01	1.65e-08
 3.88953e+15	8.37e-01	1.63e-01	1.69e-08
 3.89540e+15	8.43e-01	1.57e-01	1.73e-08
 3.90125e+15	8.50e-01	1.50e-01	1.77e-08
 3.90705e+15	8.56e-01	1.44e-01	1.81e-08
 3.91282e+15	8.62e-01	1.38e-01	1.86e-08
 3.91856e+15	8.67e-01	1.33e-01	1.91e-08
 3.92427e+15	8.73e-01	1.27e-01	1.96e-08
 3.92995e+15	8.78e-01	1.22e-01	2.02e-08
 3.93562e+15	8.83e-01	1.17e-01	2.08e-08
 3.94129e+15	8.87e-01	1.13e-01	2.14e-08
 3.94695e+15	8.92e-01	1.08e-01	2.20e-08
 3.95259e+15	8.96e-01	1.04e-01	2.28e-08
 3.95822e+15	9.01e-01	9.94e-02	2.35e-08
 3.96385e+15	9.05e-01	9.54e-02	2.44e-08
 3.96943e+15	9.09e-01	9.15e-02	2.53e-08
 3.97504e+15	9.12e-01	8.78e-02	2.62e-08
 3.98071e+15	9.16e-01	8.42e-02	2.72e-08
 3.98635e+15	9.19e-01	8.08e-02	2.83e-08
 3.99196e+15	9.23e-01	7.75e-02	2.95e-08
 3.99758e+15	9.26e-01	7.43e-02	3.09e-08
 4.00323e+15	9.29e-01	7.13e-02	3.22e-08
 4.00889e+15	9.32e-01	6.83e-02	3.40e-08
 4.01455e+15	9.34e-01	6.56e-02	3.54e-08
 4.02021e+15	9.37e-01	6.29e-02	3.74e-08
 4.02585e+15	9.40e-01	6.03e-02	3.97e-08
 4.03153e+15	9.42e-01	5.79e-02	4.20e-08
 4.03727e+15	9.44e-01	5.55e-02	4.46e-08
 4.04297e+15	9.47e-01	5.32e-02	4.74e-08
 4.04867e+15	9.49e-01	5.11e-02	5.08e-08
 4.05440e+15	9.51e-01	4.90e-02	5.46e-08
 4.06016e+15	9.53e-01	4.70e-02	5.88e-08
 4.06593e+15	9.55e-01	4.50e-02	6.36e-08
 4.07169e+15	9.57e-01	4.32e-02	6.93e-08
 4.07748e+15	9.59e-01	4.15e-02	7.53e-08
 4.08323e+15	9.60e-01	3.98e-02	8.32e-08
 4.08895e+15	9.62e-01	3.81e-02	9.24e-08
 4.09468e+15	9.63e-01	3.66e-02	1.03e-07
 4.10026e+15	9.65e-01	3.51e-02	1.16e-07
 4.10538e+15	9.66e-01	3.38e-02	1.31e-07
 4.10992e+15	9.67e-01	3.27e-02	1.48e-07
 4.11399e+15	9.68e-01	3.18e-02	1.65e-07
 4.11780e+15	9.69e-01	3.09e-02	1.83e-07
 4.12149e+15	9.70e-01	3.01e-02	2.05e-07
 4.12505e+15	9.71e-01	2.93e-02	2.30e-07
 4.12839e+15	9.71e-01	2.86e-02	2.57e-07
 4.13149e+15	9.72e-01	2.79e-02	2.88e-07
 4.13439e+15	9.73e-01	2.73e-02	3.22e-07
 4.13715e+15	9.73e-01	2.67e-02	3.59e-07
 4.13980e+15	9.74e-01	2.62e-02	4.00e-07
 4.14235e+15	9.74e-01	2.56e-02	4.47e-07
 4.14481e+15	9.75e-01	2.51e-02	4.98e-07
 4.14719e+15	9.75e-01	2.47e-02	5.55e-07
 4.14951e+15	9.76e-01	2.42e-02	6.16e-07
 4.15179e+15	9.76e-01	2.37e-02	6.85e-07
 4.15409e+15	9.77e-01	2.33e-02	7.60e-07
 4.15639e+15	9.77e-01	2.28e-02	8.46e-07
 4.15869e+15	9.78e-01	2.24e-02	9.36e-07
 4.16101e+15	9.78e-01	2.19e-02	1.03e-06
 4.16347e+15	9.79e-01	2.14e-02	1.13e-06
 4.16618e+15	9.79e-01	2.09e-02	1.24e-06
 4.16905e+15	9.80e-01	2.03e-02	1.35e-06
 4.17173e+15	9.80e-01	1.97e-02	1.44e-06
 4.17411e+15	9.81e-01	1.92e-02	1.49e-06
 4.17627e+15	9.81e-01	1.88e-02	1.53e-06
 4.17824e+15	9.82e-01	1.84e-02	1.56e-06
 4.18003e+15	9.82e-01	1.80e-02	1.58e-06
 4.18166e+15	9.82e-01	1.77e-02	1.59e-06
 4.18315e+15	9.83e-01	1.74e-02	1.60e-06
 4.18450e+15	9.83e-01	1.71e-02	1.61e-06
 4.18572e+15	9.83e-01	1.68e-02	1.61e-06
 4.18684e+15	9.83e-01	1.66e-02	1.62e-06
 4.18807e+15	9.84e-01	1.64e-02	1.62e-06
 4.18939e+15	9.84e-01	1.61e-02	1.63e-06
 4.19059e+15	9.84e-01	1.59e-02	1.64e-06
 4.19169e+15	9.84e-01	1.57e-02	1.64e-06
 4.19268e+15	9.85e-01	1.55e-02	1.65e-06
 4.19377e+15	9.85e-01	1.53e-02	1.66e-06
 4.19495e+15	9.85e-01	1.51e-02	1.67e-06
 4.19602e+15	9.85e-01	1.49e-02	1.68e-06
 4.19720e+15	9.85e-01	1.47e-02	1.68e-06
 4.19873e+15	9.86e-01	1.44e-02	1.69e-06
 4.20038e+15	9.86e-01	1.42e-02	1.71e-06
 4.20188e+15	9.86e-01	1.39e-02	1.72e-06
 4.20324e+15	9.86e-01	1.37e-02	1.73e-06
 4.20449e+15	9.86e-01	1.35e-02	1.75e-06
 4.20562e+15	9.87e-01	1.34e-02	1.76e-06
 4.20686e+15	9.87e-01	1.32e-02	1.77e-06
 4.20820e+15	9.87e-01	1.30e-02	1.79e-06
 4.20941e+15	9.87e-01	1.28e-02	1.80e-06
 4.21052e+15	9.87e-01	1.26e-02	1.82e-06
 4.21174e+15	9.88e-01	1.25e-02	1.84e-06
 4.21305e+15	9.88e-01	1.23e-02	1.86e-06
 4.21424e+15	9.88e-01	1.21e-02	1.88e-06
 4.21533e+15	9.88e-01	1.19e-02	1.90e-06
 4.21631e+15	9.88e-01	1.18e-02	1.91e-06
 4.21740e+15	9.88e-01	1.16e-02	1.94e-06
 4.21856e+15	9.89e-01	1.15e-02	1.96e-06
 4.21963e+15	9.89e-01	1.13e-02	1.98e-06
 4.22079e+15	9.89e-01	1.12e-02	2.01e-06
 4.22205e+15	9.89e-01	1.10e-02	2.03e-06
 4.22320e+15	9.89e-01	1.08e-02	2.06e-06
 4.22424e+15	9.89e-01	1.07e-02	2.08e-06
 4.22538e+15	9.89e-01	1.06e-02	2.11e-06
 4.22661e+15	9.90e-01	1.04e-02	2.14e-06
 4.22773e+15	9.90e-01	1.02e-02	2.17e-06
 4.22875e+15	9.90e-01	1.01e-02	2.19e-06
 4.22968e+15	9.90e-01	9.86e-03	2.23e-06
