#depth	H	H+	H2
 8.14773e+10	3.38e-03	9.97e-01	1.36e-11
 4.88864e+11	3.38e-03	9.97e-01	1.37e-11
 2.11841e+12	3.38e-03	9.97e-01	1.37e-11
 8.63659e+12	3.38e-03	9.97e-01	1.38e-11
 2.06300e+13	3.35e-03	9.97e-01	1.37e-11
 3.62215e+13	3.32e-03	9.97e-01	1.36e-11
 5.64905e+13	3.29e-03	9.97e-01	1.34e-11
 8.28401e+13	3.25e-03	9.97e-01	1.33e-11
 1.17095e+14	3.22e-03	9.97e-01	1.32e-11
 1.61625e+14	3.17e-03	9.97e-01	1.29e-11
 2.19516e+14	3.11e-03	9.97e-01	1.27e-11
 2.94773e+14	3.04e-03	9.97e-01	1.24e-11
 3.92607e+14	2.96e-03	9.97e-01	1.20e-11
 4.97257e+14	2.85e-03	9.97e-01	1.13e-11
 5.88955e+14	2.75e-03	9.97e-01	1.07e-11
 6.70153e+14	2.67e-03	9.97e-01	1.01e-11
 7.47848e+14	2.60e-03	9.97e-01	9.64e-12
 8.37190e+14	2.54e-03	9.97e-01	9.23e-12
 9.32368e+14	2.46e-03	9.98e-01	8.79e-12
 1.02148e+15	2.42e-03	9.98e-01	8.53e-12
 1.11920e+15	2.40e-03	9.98e-01	8.47e-12
 1.22375e+15	2.39e-03	9.98e-01	8.57e-12
 1.32487e+15	2.41e-03	9.98e-01	8.84e-12
 1.42015e+15	2.44e-03	9.98e-01	9.26e-12
 1.50684e+15	2.49e-03	9.98e-01	9.84e-12
 1.58574e+15	2.56e-03	9.97e-01	1.06e-11
 1.65753e+15	2.63e-03	9.97e-01	1.15e-11
 1.72286e+15	2.72e-03	9.97e-01	1.25e-11
 1.78232e+15	2.82e-03	9.97e-01	1.37e-11
 1.83642e+15	2.91e-03	9.97e-01	1.49e-11
 1.88565e+15	3.01e-03	9.97e-01	1.62e-11
 1.93045e+15	3.10e-03	9.97e-01	1.75e-11
 1.97122e+15	3.18e-03	9.97e-01	1.88e-11
 2.00832e+15	3.25e-03	9.97e-01	2.00e-11
 2.04208e+15	3.32e-03	9.97e-01	2.11e-11
 2.06976e+15	3.37e-03	9.97e-01	2.20e-11
 2.09151e+15	3.41e-03	9.97e-01	2.27e-11
 2.11484e+15	3.45e-03	9.97e-01	2.35e-11
 2.14518e+15	3.50e-03	9.97e-01	2.44e-11
 2.17674e+15	3.55e-03	9.96e-01	2.54e-11
 2.20333e+15	3.58e-03	9.96e-01	2.62e-11
 2.23131e+15	3.62e-03	9.96e-01	2.70e-11
 2.26769e+15	3.66e-03	9.96e-01	2.80e-11
 2.31498e+15	3.71e-03	9.96e-01	2.90e-11
 2.37647e+15	3.76e-03	9.96e-01	3.00e-11
 2.45639e+15	3.82e-03	9.96e-01	3.08e-11
 2.56030e+15	3.90e-03	9.96e-01	3.19e-11
 2.69537e+15	4.00e-03	9.96e-01	3.31e-11
 2.87097e+15	4.13e-03	9.96e-01	3.46e-11
 3.09924e+15	4.31e-03	9.96e-01	3.68e-11
 3.38968e+15	4.56e-03	9.95e-01	3.95e-11
 3.69854e+15	4.89e-03	9.95e-01	4.31e-11
 3.97135e+15	5.21e-03	9.95e-01	4.65e-11
 4.20318e+15	5.52e-03	9.94e-01	4.96e-11
 4.40247e+15	5.81e-03	9.94e-01	5.22e-11
 4.57818e+15	6.07e-03	9.94e-01	5.45e-11
 4.73632e+15	6.33e-03	9.94e-01	5.64e-11
 4.88138e+15	6.56e-03	9.93e-01	5.81e-11
 5.01610e+15	6.80e-03	9.93e-01	5.95e-11
 5.14139e+15	7.02e-03	9.93e-01	6.07e-11
 5.25762e+15	7.22e-03	9.93e-01	6.16e-11
 5.36554e+15	7.42e-03	9.93e-01	6.23e-11
 5.46706e+15	7.61e-03	9.92e-01	6.28e-11
 5.56351e+15	7.79e-03	9.92e-01	6.32e-11
 5.65525e+15	7.96e-03	9.92e-01	6.33e-11
 5.74271e+15	8.13e-03	9.92e-01	6.34e-11
 5.82644e+15	8.29e-03	9.92e-01	6.33e-11
 5.90690e+15	8.44e-03	9.92e-01	6.32e-11
 5.98577e+15	8.60e-03	9.91e-01	6.30e-11
 6.06343e+15	8.74e-03	9.91e-01	6.26e-11
 6.13780e+15	8.89e-03	9.91e-01	6.22e-11
 6.20904e+15	9.03e-03	9.91e-01	6.17e-11
 6.27881e+15	9.16e-03	9.91e-01	6.11e-11
 6.34770e+15	9.30e-03	9.91e-01	6.04e-11
 6.41593e+15	9.44e-03	9.91e-01	5.96e-11
 6.48378e+15	9.59e-03	9.90e-01	5.88e-11
 6.55161e+15	9.74e-03	9.90e-01	5.77e-11
 6.61974e+15	9.89e-03	9.90e-01	5.65e-11
 6.68850e+15	1.01e-02	9.90e-01	5.50e-11
 6.75824e+15	1.02e-02	9.90e-01	5.30e-11
 6.82926e+15	1.04e-02	9.90e-01	5.06e-11
 6.90127e+15	1.07e-02	9.89e-01	4.78e-11
 6.97528e+15	1.09e-02	9.89e-01	4.44e-11
 7.05208e+15	1.12e-02	9.89e-01	4.06e-11
 7.13093e+15	1.15e-02	9.89e-01	3.64e-11
 7.21189e+15	1.18e-02	9.88e-01	3.21e-11
 7.29514e+15	1.22e-02	9.88e-01	2.79e-11
 7.38073e+15	1.26e-02	9.87e-01	2.39e-11
 7.46857e+15	1.30e-02	9.87e-01	2.04e-11
 7.55852e+15	1.35e-02	9.86e-01	1.73e-11
 7.65037e+15	1.41e-02	9.86e-01	1.46e-11
 7.74390e+15	1.47e-02	9.85e-01	1.25e-11
 7.83888e+15	1.55e-02	9.85e-01	1.07e-11
 7.93497e+15	1.63e-02	9.84e-01	9.35e-12
 8.03170e+15	1.72e-02	9.83e-01	8.24e-12
 8.12862e+15	1.82e-02	9.82e-01	7.38e-12
 8.22535e+15	1.93e-02	9.81e-01	6.72e-12
 8.32152e+15	2.05e-02	9.79e-01	6.21e-12
 8.41678e+15	2.19e-02	9.78e-01	5.83e-12
 8.51084e+15	2.35e-02	9.77e-01	5.56e-12
 8.60346e+15	2.53e-02	9.75e-01	5.37e-12
 8.69445e+15	2.72e-02	9.73e-01	5.26e-12
 8.78362e+15	2.95e-02	9.71e-01	5.22e-12
 8.87091e+15	3.20e-02	9.68e-01	5.24e-12
 8.95627e+15	3.49e-02	9.65e-01	5.32e-12
 9.03969e+15	3.83e-02	9.62e-01	5.46e-12
 9.12119e+15	4.21e-02	9.58e-01	5.66e-12
 9.20092e+15	4.67e-02	9.53e-01	5.94e-12
 9.27905e+15	5.21e-02	9.48e-01	6.30e-12
 9.35573e+15	5.87e-02	9.41e-01	6.78e-12
 9.43125e+15	6.68e-02	9.33e-01	7.42e-12
 9.50607e+15	7.71e-02	9.23e-01	8.27e-12
 9.57970e+15	9.04e-02	9.10e-01	9.46e-12
 9.64762e+15	1.07e-01	8.93e-01	1.11e-11
 9.70473e+15	1.26e-01	8.74e-01	1.32e-11
 9.75157e+15	1.47e-01	8.53e-01	1.57e-11
 9.79247e+15	1.70e-01	8.30e-01	1.87e-11
 9.83070e+15	1.97e-01	8.03e-01	2.25e-11
 9.86732e+15	2.29e-01	7.71e-01	2.78e-11
 9.90172e+15	2.67e-01	7.33e-01	3.52e-11
 9.93074e+15	3.07e-01	6.93e-01	4.46e-11
 9.95205e+15	3.42e-01	6.58e-01	5.43e-11
 9.96737e+15	3.70e-01	6.30e-01	6.33e-11
 9.98003e+15	3.94e-01	6.06e-01	7.24e-11
 9.99231e+15	4.20e-01	5.80e-01	8.29e-11
 1.00043e+16	4.45e-01	5.55e-01	9.51e-11
 1.00150e+16	4.70e-01	5.30e-01	1.08e-10
 1.00243e+16	4.91e-01	5.09e-01	1.21e-10
 1.00327e+16	5.11e-01	4.89e-01	1.36e-10
 1.00407e+16	5.30e-01	4.70e-01	1.50e-10
 1.00474e+16	5.47e-01	4.53e-01	1.65e-10
 1.00522e+16	5.59e-01	4.41e-01	1.76e-10
 1.00565e+16	5.70e-01	4.30e-01	1.87e-10
 1.00613e+16	5.82e-01	4.18e-01	2.01e-10
 1.00665e+16	5.95e-01	4.05e-01	2.17e-10
 1.00715e+16	6.08e-01	3.92e-01	2.33e-10
 1.00764e+16	6.20e-01	3.80e-01	2.51e-10
 1.00811e+16	6.32e-01	3.68e-01	2.69e-10
 1.00858e+16	6.44e-01	3.56e-01	2.89e-10
 1.00905e+16	6.56e-01	3.44e-01	3.11e-10
 1.00952e+16	6.68e-01	3.32e-01	3.35e-10
 1.00998e+16	6.79e-01	3.21e-01	3.61e-10
 1.01044e+16	6.90e-01	3.10e-01	3.88e-10
 1.01089e+16	7.01e-01	2.99e-01	4.17e-10
 1.01134e+16	7.12e-01	2.88e-01	4.49e-10
 1.01179e+16	7.22e-01	2.78e-01	4.82e-10
 1.01224e+16	7.33e-01	2.67e-01	5.18e-10
 1.01268e+16	7.43e-01	2.57e-01	5.58e-10
 1.01312e+16	7.52e-01	2.48e-01	6.01e-10
 1.01356e+16	7.62e-01	2.38e-01	6.49e-10
 1.01399e+16	7.71e-01	2.29e-01	6.93e-10
 1.01442e+16	7.80e-01	2.20e-01	7.51e-10
 1.01484e+16	7.88e-01	2.12e-01	7.96e-10
 1.01525e+16	7.96e-01	2.04e-01	8.56e-10
 1.01566e+16	8.04e-01	1.96e-01	9.23e-10
 1.01607e+16	8.12e-01	1.88e-01	9.92e-10
 1.01648e+16	8.19e-01	1.81e-01	1.05e-09
 1.01688e+16	8.26e-01	1.74e-01	1.13e-09
 1.01727e+16	8.33e-01	1.67e-01	1.21e-09
 1.01766e+16	8.40e-01	1.60e-01	1.30e-09
 1.01804e+16	8.46e-01	1.54e-01	1.37e-09
 1.01843e+16	8.52e-01	1.48e-01	1.48e-09
 1.01881e+16	8.58e-01	1.42e-01	1.58e-09
 1.01918e+16	8.63e-01	1.37e-01	1.66e-09
 1.01956e+16	8.69e-01	1.31e-01	1.77e-09
 1.01993e+16	8.74e-01	1.26e-01	1.89e-09
 1.02030e+16	8.79e-01	1.21e-01	2.02e-09
 1.02066e+16	8.83e-01	1.17e-01	2.13e-09
 1.02102e+16	8.88e-01	1.12e-01	2.29e-09
 1.02139e+16	8.92e-01	1.08e-01	2.41e-09
 1.02175e+16	8.97e-01	1.03e-01	2.56e-09
 1.02211e+16	9.01e-01	9.94e-02	2.73e-09
 1.02245e+16	9.05e-01	9.55e-02	2.90e-09
 1.02281e+16	9.08e-01	9.19e-02	3.04e-09
 1.02316e+16	9.12e-01	8.83e-02	3.24e-09
 1.02351e+16	9.15e-01	8.48e-02	3.44e-09
 1.02386e+16	9.19e-01	8.14e-02	3.66e-09
 1.02421e+16	9.22e-01	7.84e-02	3.83e-09
 1.02456e+16	9.25e-01	7.53e-02	4.07e-09
 1.02490e+16	9.28e-01	7.23e-02	4.33e-09
 1.02524e+16	9.31e-01	6.94e-02	4.60e-09
 1.02558e+16	9.33e-01	6.68e-02	4.80e-09
 1.02593e+16	9.36e-01	6.42e-02	5.11e-09
 1.02626e+16	9.38e-01	6.16e-02	5.44e-09
 1.02659e+16	9.41e-01	5.91e-02	5.77e-09
 1.02693e+16	9.43e-01	5.68e-02	6.13e-09
 1.02727e+16	9.46e-01	5.45e-02	6.49e-09
 1.02760e+16	9.48e-01	5.24e-02	6.86e-09
 1.02793e+16	9.50e-01	5.03e-02	7.24e-09
 1.02826e+16	9.52e-01	4.84e-02	7.65e-09
 1.02858e+16	9.53e-01	4.66e-02	8.07e-09
 1.02889e+16	9.55e-01	4.48e-02	8.53e-09
 1.02920e+16	9.57e-01	4.30e-02	9.01e-09
 1.02952e+16	9.59e-01	4.13e-02	9.54e-09
 1.02983e+16	9.60e-01	3.96e-02	1.01e-08
 1.03014e+16	9.62e-01	3.81e-02	1.07e-08
 1.03045e+16	9.63e-01	3.66e-02	1.12e-08
 1.03075e+16	9.65e-01	3.51e-02	1.18e-08
 1.03104e+16	9.66e-01	3.37e-02	1.24e-08
 1.03133e+16	9.68e-01	3.23e-02	1.30e-08
 1.03162e+16	9.69e-01	3.11e-02	1.36e-08
 1.03190e+16	9.70e-01	2.98e-02	1.41e-08
 1.03217e+16	9.71e-01	2.86e-02	1.46e-08
 1.03245e+16	9.73e-01	2.74e-02	1.50e-08
 1.03271e+16	9.74e-01	2.63e-02	1.54e-08
 1.03297e+16	9.75e-01	2.53e-02	1.56e-08
 1.03322e+16	9.76e-01	2.43e-02	1.58e-08
 1.03344e+16	9.77e-01	2.34e-02	1.59e-08
 1.03365e+16	9.77e-01	2.26e-02	1.60e-08
 1.03383e+16	9.78e-01	2.19e-02	1.60e-08
 1.03401e+16	9.79e-01	2.12e-02	1.61e-08
 1.03417e+16	9.79e-01	2.06e-02	1.62e-08
 1.03432e+16	9.80e-01	2.01e-02	1.63e-08
 1.03446e+16	9.80e-01	1.96e-02	1.64e-08
 1.03459e+16	9.81e-01	1.91e-02	1.65e-08
 1.03471e+16	9.81e-01	1.87e-02	1.66e-08
 1.03481e+16	9.82e-01	1.83e-02	1.67e-08
 1.03491e+16	9.82e-01	1.80e-02	1.68e-08
 1.03500e+16	9.82e-01	1.77e-02	1.70e-08
 1.03508e+16	9.83e-01	1.74e-02	1.71e-08
 1.03517e+16	9.83e-01	1.71e-02	1.73e-08
 1.03526e+16	9.83e-01	1.68e-02	1.74e-08
 1.03535e+16	9.84e-01	1.65e-02	1.76e-08
 1.03543e+16	9.84e-01	1.62e-02	1.78e-08
 1.03551e+16	9.84e-01	1.59e-02	1.80e-08
 1.03561e+16	9.84e-01	1.57e-02	1.82e-08
 1.03569e+16	9.85e-01	1.54e-02	1.85e-08
 1.03577e+16	9.85e-01	1.51e-02	1.87e-08
 1.03584e+16	9.85e-01	1.49e-02	1.89e-08
 1.03591e+16	9.85e-01	1.47e-02	1.92e-08
 1.03600e+16	9.86e-01	1.45e-02	1.94e-08
 1.03609e+16	9.86e-01	1.42e-02	1.98e-08
 1.03619e+16	9.86e-01	1.40e-02	2.00e-08
 1.03629e+16	9.86e-01	1.36e-02	2.05e-08
 1.03641e+16	9.87e-01	1.33e-02	2.09e-08
 1.03652e+16	9.87e-01	1.31e-02	2.13e-08
 1.03661e+16	9.87e-01	1.29e-02	2.17e-08
 1.03670e+16	9.87e-01	1.27e-02	2.20e-08
 1.03680e+16	9.88e-01	1.24e-02	2.25e-08
 1.03690e+16	9.88e-01	1.22e-02	2.29e-08
 1.03699e+16	9.88e-01	1.20e-02	2.33e-08
 1.03710e+16	9.88e-01	1.17e-02	2.39e-08
 1.03721e+16	9.89e-01	1.15e-02	2.45e-08
 1.03731e+16	9.89e-01	1.12e-02	2.51e-08
 1.03740e+16	9.89e-01	1.10e-02	2.56e-08
 1.03749e+16	9.89e-01	1.09e-02	2.60e-08
 1.03758e+16	9.89e-01	1.07e-02	2.65e-08
 1.03768e+16	9.90e-01	1.05e-02	2.73e-08
 1.03777e+16	9.90e-01	1.03e-02	2.78e-08
 1.03785e+16	9.90e-01	1.01e-02	2.83e-08
 1.03792e+16	9.90e-01	9.99e-03	2.88e-08
