#depth	O	O+	O+2	O+3	O+4	O+5	O+6	O+7	O+8	O[1]	O[2]	O[3]
 8.14773e+10	2.47e-04	1.33e-01	8.67e-01	7.78e-05	0.00e+00	0.00e+00	0.00e+00	0.00e+00	0.00e+00	1.81e-04	4.54e-05	1.99e-05
 4.88864e+11	2.47e-04	1.33e-01	8.67e-01	7.73e-05	0.00e+00	0.00e+00	0.00e+00	0.00e+00	0.00e+00	1.81e-04	4.53e-05	1.99e-05
 2.11841e+12	2.48e-04	1.34e-01	8.66e-01	7.58e-05	0.00e+00	0.00e+00	0.00e+00	0.00e+00	0.00e+00	1.82e-04	4.56e-05	2.00e-05
 8.63659e+12	2.51e-04	1.35e-01	8.64e-01	7.07e-05	0.00e+00	0.00e+00	0.00e+00	0.00e+00	0.00e+00	1.85e-04	4.61e-05	2.02e-05
 2.06300e+13	2.54e-04	1.38e-01	8.62e-01	6.34e-05	0.00e+00	0.00e+00	0.00e+00	0.00e+00	0.00e+00	1.87e-04	4.65e-05	2.05e-05
 3.62215e+13	2.58e-04	1.41e-01	8.58e-01	5.50e-05	0.00e+00	0.00e+00	0.00e+00	0.00e+00	0.00e+00	1.90e-04	4.73e-05	2.10e-05
 5.64905e+13	2.64e-04	1.46e-01	8.54e-01	4.58e-05	0.00e+00	0.00e+00	0.00e+00	0.00e+00	0.00e+00	1.94e-04	4.83e-05	2.15e-05
 8.28401e+13	2.72e-04	1.52e-01	8.48e-01	3.61e-05	0.00e+00	0.00e+00	0.00e+00	0.00e+00	0.00e+00	2.00e-04	4.98e-05	2.23e-05
 1.17095e+14	2.85e-04	1.60e-01	8.40e-01	2.65e-05	0.00e+00	0.00e+00	0.00e+00	0.00e+00	0.00e+00	2.09e-04	5.19e-05	2.34e-05
 1.61625e+14	3.02e-04	1.72e-01	8.28e-01	1.77e-05	0.00e+00	0.00e+00	0.00e+00	0.00e+00	0.00e+00	2.22e-04	5.48e-05	2.48e-05
 2.19516e+14	3.29e-04	1.89e-01	8.10e-01	1.04e-05	0.00e+00	0.00e+00	0.00e+00	0.00e+00	0.00e+00	2.42e-04	5.93e-05	2.70e-05
 2.94773e+14	3.69e-04	2.16e-01	7.84e-01	5.25e-06	0.00e+00	0.00e+00	0.00e+00	0.00e+00	0.00e+00	2.73e-04	6.63e-05	3.03e-05
 3.92607e+14	4.34e-04	2.59e-01	7.41e-01	2.14e-06	0.00e+00	0.00e+00	0.00e+00	0.00e+00	0.00e+00	3.21e-04	7.77e-05	3.57e-05
 4.97257e+14	5.15e-04	3.17e-01	6.83e-01	8.07e-07	0.00e+00	0.00e+00	0.00e+00	0.00e+00	0.00e+00	3.81e-04	9.19e-05	4.26e-05
 5.88955e+14	6.05e-04	3.83e-01	6.17e-01	3.34e-07	0.00e+00	0.00e+00	0.00e+00	0.00e+00	0.00e+00	4.47e-04	1.08e-04	5.02e-05
 6.70153e+14	7.04e-04	4.55e-01	5.45e-01	1.47e-07	0.00e+00	0.00e+00	0.00e+00	0.00e+00	0.00e+00	5.20e-04	1.26e-04	5.86e-05
 7.47848e+14	8.17e-04	5.36e-01	4.63e-01	0.00e+00	0.00e+00	0.00e+00	0.00e+00	0.00e+00	0.00e+00	6.03e-04	1.46e-04	6.82e-05
 8.37190e+14	9.67e-04	6.41e-01	3.58e-01	0.00e+00	0.00e+00	0.00e+00	0.00e+00	0.00e+00	0.00e+00	7.13e-04	1.73e-04	8.12e-05
 9.32368e+14	1.12e-03	7.53e-01	2.46e-01	0.00e+00	0.00e+00	0.00e+00	0.00e+00	0.00e+00	0.00e+00	8.23e-04	2.00e-04	9.42e-05
 1.02148e+15	1.24e-03	8.45e-01	1.54e-01	0.00e+00	0.00e+00	0.00e+00	0.00e+00	0.00e+00	0.00e+00	9.16e-04	2.23e-04	1.05e-04
 1.11920e+15	1.36e-03	9.16e-01	8.24e-02	0.00e+00	0.00e+00	0.00e+00	0.00e+00	0.00e+00	0.00e+00	9.99e-04	2.42e-04	1.14e-04
 1.22375e+15	1.43e-03	9.60e-01	3.84e-02	0.00e+00	0.00e+00	0.00e+00	0.00e+00	0.00e+00	0.00e+00	1.06e-03	2.54e-04	1.21e-04
 1.32487e+15	1.49e-03	9.81e-01	1.72e-02	0.00e+00	0.00e+00	0.00e+00	0.00e+00	0.00e+00	0.00e+00	1.10e-03	2.62e-04	1.25e-04
 1.42015e+15	1.54e-03	9.91e-01	7.78e-03	0.00e+00	0.00e+00	0.00e+00	0.00e+00	0.00e+00	0.00e+00	1.15e-03	2.68e-04	1.29e-04
 1.50684e+15	1.60e-03	9.95e-01	3.66e-03	0.00e+00	0.00e+00	0.00e+00	0.00e+00	0.00e+00	0.00e+00	1.19e-03	2.74e-04	1.33e-04
 1.58574e+15	1.67e-03	9.97e-01	1.79e-03	0.00e+00	0.00e+00	0.00e+00	0.00e+00	0.00e+00	0.00e+00	1.25e-03	2.81e-04	1.37e-04
 1.65753e+15	1.74e-03	9.97e-01	9.11e-04	0.00e+00	0.00e+00	0.00e+00	0.00e+00	0.00e+00	0.00e+00	1.31e-03	2.89e-04	1.41e-04
 1.72286e+15	1.82e-03	9.98e-01	4.80e-04	0.00e+00	0.00e+00	0.00e+00	0.00e+00	0.00e+00	0.00e+00	1.38e-03	2.98e-04	1.46e-04
 1.78232e+15	1.91e-03	9.98e-01	2.62e-04	0.00e+00	0.00e+00	0.00e+00	0.00e+00	0.00e+00	0.00e+00	1.45e-03	3.07e-04	1.52e-04
 1.83642e+15	1.99e-03	9.98e-01	1.47e-04	0.00e+00	0.00e+00	0.00e+00	0.00e+00	0.00e+00	0.00e+00	1.52e-03	3.16e-04	1.57e-04
 1.88565e+15	2.08e-03	9.98e-01	8.58e-05	0.00e+00	0.00e+00	0.00e+00	0.00e+00	0.00e+00	0.00e+00	1.59e-03	3.25e-04	1.62e-04
 1.93045e+15	2.16e-03	9.98e-01	5.16e-05	0.00e+00	0.00e+00	0.00e+00	0.00e+00	0.00e+00	0.00e+00	1.66e-03	3.33e-04	1.67e-04
 1.97122e+15	2.24e-03	9.98e-01	3.20e-05	0.00e+00	0.00e+00	0.00e+00	0.00e+00	0.00e+00	0.00e+00	1.73e-03	3.41e-04	1.71e-04
 2.00832e+15	2.31e-03	9.98e-01	2.05e-05	0.00e+00	0.00e+00	0.00e+00	0.00e+00	0.00e+00	0.00e+00	1.79e-03	3.47e-04	1.75e-04
 2.04208e+15	2.37e-03	9.98e-01	1.35e-05	0.00e+00	0.00e+00	0.00e+00	0.00e+00	0.00e+00	0.00e+00	1.84e-03	3.53e-04	1.78e-04
 2.06976e+15	2.42e-03	9.98e-01	9.53e-06	0.00e+00	0.00e+00	0.00e+00	0.00e+00	0.00e+00	0.00e+00	1.88e-03	3.57e-04	1.81e-04
 2.09151e+15	2.45e-03	9.98e-01	7.20e-06	0.00e+00	0.00e+00	0.00e+00	0.00e+00	0.00e+00	0.00e+00	1.91e-03	3.60e-04	1.83e-04
 2.11484e+15	2.49e-03	9.97e-01	5.21e-06	0.00e+00	0.00e+00	0.00e+00	0.00e+00	0.00e+00	0.00e+00	1.95e-03	3.63e-04	1.85e-04
 2.14518e+15	2.54e-03	9.97e-01	3.41e-06	0.00e+00	0.00e+00	0.00e+00	0.00e+00	0.00e+00	0.00e+00	1.99e-03	3.67e-04	1.87e-04
 2.17674e+15	2.59e-03	9.97e-01	2.19e-06	0.00e+00	0.00e+00	0.00e+00	0.00e+00	0.00e+00	0.00e+00	2.03e-03	3.70e-04	1.89e-04
 2.20333e+15	2.62e-03	9.97e-01	1.49e-06	0.00e+00	0.00e+00	0.00e+00	0.00e+00	0.00e+00	0.00e+00	2.06e-03	3.73e-04	1.91e-04
 2.23131e+15	2.66e-03	9.97e-01	9.72e-07	0.00e+00	0.00e+00	0.00e+00	0.00e+00	0.00e+00	0.00e+00	2.09e-03	3.75e-04	1.92e-04
 2.26769e+15	2.70e-03	9.97e-01	5.51e-07	0.00e+00	0.00e+00	0.00e+00	0.00e+00	0.00e+00	0.00e+00	2.13e-03	3.78e-04	1.94e-04
 2.31498e+15	2.75e-03	9.97e-01	2.61e-07	0.00e+00	0.00e+00	0.00e+00	0.00e+00	0.00e+00	0.00e+00	2.17e-03	3.81e-04	1.96e-04
 2.37647e+15	2.80e-03	9.97e-01	9.77e-08	0.00e+00	0.00e+00	0.00e+00	0.00e+00	0.00e+00	0.00e+00	2.21e-03	3.86e-04	1.99e-04
 2.45639e+15	2.86e-03	9.97e-01	2.77e-08	0.00e+00	0.00e+00	0.00e+00	0.00e+00	0.00e+00	0.00e+00	2.26e-03	3.95e-04	2.02e-04
 2.56030e+15	2.94e-03	9.97e-01	5.60e-09	0.00e+00	0.00e+00	0.00e+00	0.00e+00	0.00e+00	0.00e+00	2.33e-03	4.06e-04	2.08e-04
 2.69537e+15	3.05e-03	9.97e-01	7.75e-10	0.00e+00	0.00e+00	0.00e+00	0.00e+00	0.00e+00	0.00e+00	2.41e-03	4.23e-04	2.16e-04
 2.87097e+15	3.20e-03	9.97e-01	8.29e-11	0.00e+00	0.00e+00	0.00e+00	0.00e+00	0.00e+00	0.00e+00	2.53e-03	4.47e-04	2.26e-04
 3.09924e+15	3.41e-03	9.97e-01	2.20e-11	0.00e+00	0.00e+00	0.00e+00	0.00e+00	0.00e+00	0.00e+00	2.69e-03	4.80e-04	2.40e-04
 3.38968e+15	3.69e-03	9.96e-01	1.86e-11	0.00e+00	0.00e+00	0.00e+00	0.00e+00	0.00e+00	0.00e+00	2.90e-03	5.28e-04	2.61e-04
 3.69854e+15	4.06e-03	9.96e-01	1.82e-11	0.00e+00	0.00e+00	0.00e+00	0.00e+00	0.00e+00	0.00e+00	3.18e-03	5.90e-04	2.88e-04
 3.97135e+15	4.44e-03	9.96e-01	1.79e-11	0.00e+00	0.00e+00	0.00e+00	0.00e+00	0.00e+00	0.00e+00	3.47e-03	6.55e-04	3.17e-04
 4.20318e+15	4.80e-03	9.95e-01	1.77e-11	0.00e+00	0.00e+00	0.00e+00	0.00e+00	0.00e+00	0.00e+00	3.74e-03	7.21e-04	3.45e-04
 4.40247e+15	5.14e-03	9.95e-01	1.74e-11	0.00e+00	0.00e+00	0.00e+00	0.00e+00	0.00e+00	0.00e+00	3.99e-03	7.84e-04	3.72e-04
 4.57818e+15	5.47e-03	9.95e-01	1.72e-11	0.00e+00	0.00e+00	0.00e+00	0.00e+00	0.00e+00	0.00e+00	4.22e-03	8.47e-04	3.98e-04
 4.73632e+15	5.78e-03	9.94e-01	1.70e-11	0.00e+00	0.00e+00	0.00e+00	0.00e+00	0.00e+00	0.00e+00	4.45e-03	9.09e-04	4.24e-04
 4.88138e+15	6.08e-03	9.94e-01	1.68e-11	0.00e+00	0.00e+00	0.00e+00	0.00e+00	0.00e+00	0.00e+00	4.66e-03	9.72e-04	4.50e-04
 5.01610e+15	6.38e-03	9.94e-01	1.66e-11	0.00e+00	0.00e+00	0.00e+00	0.00e+00	0.00e+00	0.00e+00	4.87e-03	1.04e-03	4.76e-04
 5.14139e+15	6.66e-03	9.93e-01	1.64e-11	0.00e+00	0.00e+00	0.00e+00	0.00e+00	0.00e+00	0.00e+00	5.06e-03	1.10e-03	5.01e-04
 5.25762e+15	6.94e-03	9.93e-01	1.62e-11	0.00e+00	0.00e+00	0.00e+00	0.00e+00	0.00e+00	0.00e+00	5.25e-03	1.16e-03	5.26e-04
 5.36554e+15	7.20e-03	9.93e-01	1.60e-11	0.00e+00	0.00e+00	0.00e+00	0.00e+00	0.00e+00	0.00e+00	5.43e-03	1.22e-03	5.51e-04
 5.46706e+15	7.46e-03	9.93e-01	1.58e-11	0.00e+00	0.00e+00	0.00e+00	0.00e+00	0.00e+00	0.00e+00	5.59e-03	1.29e-03	5.75e-04
 5.56351e+15	7.70e-03	9.92e-01	1.56e-11	0.00e+00	0.00e+00	0.00e+00	0.00e+00	0.00e+00	0.00e+00	5.75e-03	1.35e-03	5.99e-04
 5.65525e+15	7.94e-03	9.92e-01	1.54e-11	0.00e+00	0.00e+00	0.00e+00	0.00e+00	0.00e+00	0.00e+00	5.91e-03	1.41e-03	6.23e-04
 5.74271e+15	8.17e-03	9.92e-01	1.53e-11	0.00e+00	0.00e+00	0.00e+00	0.00e+00	0.00e+00	0.00e+00	6.05e-03	1.47e-03	6.46e-04
 5.82644e+15	8.39e-03	9.92e-01	1.51e-11	0.00e+00	0.00e+00	0.00e+00	0.00e+00	0.00e+00	0.00e+00	6.19e-03	1.53e-03	6.69e-04
 5.90690e+15	8.62e-03	9.91e-01	1.49e-11	0.00e+00	0.00e+00	0.00e+00	0.00e+00	0.00e+00	0.00e+00	6.33e-03	1.59e-03	6.93e-04
 5.98577e+15	8.83e-03	9.91e-01	1.46e-11	0.00e+00	0.00e+00	0.00e+00	0.00e+00	0.00e+00	0.00e+00	6.46e-03	1.65e-03	7.16e-04
 6.06343e+15	9.05e-03	9.91e-01	1.44e-11	0.00e+00	0.00e+00	0.00e+00	0.00e+00	0.00e+00	0.00e+00	6.59e-03	1.72e-03	7.39e-04
 6.13780e+15	9.26e-03	9.91e-01	1.42e-11	0.00e+00	0.00e+00	0.00e+00	0.00e+00	0.00e+00	0.00e+00	6.71e-03	1.78e-03	7.62e-04
 6.20904e+15	9.46e-03	9.91e-01	1.40e-11	0.00e+00	0.00e+00	0.00e+00	0.00e+00	0.00e+00	0.00e+00	6.83e-03	1.84e-03	7.84e-04
 6.27881e+15	9.66e-03	9.90e-01	1.38e-11	0.00e+00	0.00e+00	0.00e+00	0.00e+00	0.00e+00	0.00e+00	6.94e-03	1.90e-03	8.07e-04
 6.34770e+15	9.86e-03	9.90e-01	1.35e-11	0.00e+00	0.00e+00	0.00e+00	0.00e+00	0.00e+00	0.00e+00	7.06e-03	1.97e-03	8.29e-04
 6.41593e+15	1.01e-02	9.90e-01	1.33e-11	0.00e+00	0.00e+00	0.00e+00	0.00e+00	0.00e+00	0.00e+00	7.17e-03	2.03e-03	8.52e-04
 6.48378e+15	1.03e-02	9.90e-01	1.31e-11	0.00e+00	0.00e+00	0.00e+00	0.00e+00	0.00e+00	0.00e+00	7.30e-03	2.09e-03	8.76e-04
 6.55161e+15	1.05e-02	9.90e-01	1.28e-11	0.00e+00	0.00e+00	0.00e+00	0.00e+00	0.00e+00	0.00e+00	7.44e-03	2.14e-03	9.01e-04
 6.61974e+15	1.07e-02	9.89e-01	1.25e-11	0.00e+00	0.00e+00	0.00e+00	0.00e+00	0.00e+00	0.00e+00	7.58e-03	2.20e-03	9.26e-04
 6.68850e+15	1.09e-02	9.89e-01	1.23e-11	0.00e+00	0.00e+00	0.00e+00	0.00e+00	0.00e+00	0.00e+00	7.73e-03	2.26e-03	9.54e-04
 6.75824e+15	1.12e-02	9.89e-01	1.20e-11	0.00e+00	0.00e+00	0.00e+00	0.00e+00	0.00e+00	0.00e+00	7.89e-03	2.32e-03	9.82e-04
 6.82926e+15	1.15e-02	9.89e-01	1.17e-11	0.00e+00	0.00e+00	0.00e+00	0.00e+00	0.00e+00	0.00e+00	8.06e-03	2.39e-03	1.01e-03
 6.90127e+15	1.18e-02	9.88e-01	1.14e-11	0.00e+00	0.00e+00	0.00e+00	0.00e+00	0.00e+00	0.00e+00	8.25e-03	2.46e-03	1.05e-03
 6.97528e+15	1.21e-02	9.88e-01	1.11e-11	0.00e+00	0.00e+00	0.00e+00	0.00e+00	0.00e+00	0.00e+00	8.46e-03	2.54e-03	1.08e-03
 7.05208e+15	1.24e-02	9.88e-01	1.07e-11	0.00e+00	0.00e+00	0.00e+00	0.00e+00	0.00e+00	0.00e+00	8.69e-03	2.62e-03	1.12e-03
 7.13093e+15	1.28e-02	9.87e-01	1.04e-11	0.00e+00	0.00e+00	0.00e+00	0.00e+00	0.00e+00	0.00e+00	8.94e-03	2.72e-03	1.16e-03
 7.21189e+15	1.33e-02	9.87e-01	1.00e-11	0.00e+00	0.00e+00	0.00e+00	0.00e+00	0.00e+00	0.00e+00	9.22e-03	2.82e-03	1.21e-03
 7.29514e+15	1.37e-02	9.86e-01	9.66e-12	0.00e+00	0.00e+00	0.00e+00	0.00e+00	0.00e+00	0.00e+00	9.54e-03	2.94e-03	1.26e-03
 7.38073e+15	1.43e-02	9.86e-01	9.29e-12	0.00e+00	0.00e+00	0.00e+00	0.00e+00	0.00e+00	0.00e+00	9.88e-03	3.06e-03	1.31e-03
 7.46857e+15	1.49e-02	9.85e-01	8.92e-12	0.00e+00	0.00e+00	0.00e+00	0.00e+00	0.00e+00	0.00e+00	1.03e-02	3.20e-03	1.38e-03
 7.55852e+15	1.55e-02	9.84e-01	8.54e-12	0.00e+00	0.00e+00	0.00e+00	0.00e+00	0.00e+00	0.00e+00	1.07e-02	3.36e-03	1.45e-03
 7.65037e+15	1.62e-02	9.84e-01	8.16e-12	0.00e+00	0.00e+00	0.00e+00	0.00e+00	0.00e+00	0.00e+00	1.12e-02	3.53e-03	1.52e-03
 7.74390e+15	1.71e-02	9.83e-01	7.78e-12	0.00e+00	0.00e+00	0.00e+00	0.00e+00	0.00e+00	0.00e+00	1.17e-02	3.73e-03	1.61e-03
 7.83888e+15	1.80e-02	9.82e-01	7.40e-12	0.00e+00	0.00e+00	0.00e+00	0.00e+00	0.00e+00	0.00e+00	1.23e-02	3.94e-03	1.70e-03
 7.93497e+15	1.90e-02	9.81e-01	7.03e-12	0.00e+00	0.00e+00	0.00e+00	0.00e+00	0.00e+00	0.00e+00	1.30e-02	4.18e-03	1.81e-03
 8.03170e+15	2.01e-02	9.80e-01	6.67e-12	0.00e+00	0.00e+00	0.00e+00	0.00e+00	0.00e+00	0.00e+00	1.37e-02	4.45e-03	1.93e-03
 8.12862e+15	2.14e-02	9.79e-01	6.31e-12	0.00e+00	0.00e+00	0.00e+00	0.00e+00	0.00e+00	0.00e+00	1.46e-02	4.75e-03	2.06e-03
 8.22535e+15	2.28e-02	9.77e-01	5.97e-12	0.00e+00	0.00e+00	0.00e+00	0.00e+00	0.00e+00	0.00e+00	1.55e-02	5.09e-03	2.20e-03
 8.32152e+15	2.44e-02	9.76e-01	5.63e-12	0.00e+00	0.00e+00	0.00e+00	0.00e+00	0.00e+00	0.00e+00	1.65e-02	5.46e-03	2.37e-03
 8.41678e+15	2.61e-02	9.74e-01	5.31e-12	0.00e+00	0.00e+00	0.00e+00	0.00e+00	0.00e+00	0.00e+00	1.77e-02	5.87e-03	2.55e-03
 8.51084e+15	2.81e-02	9.72e-01	5.01e-12	0.00e+00	0.00e+00	0.00e+00	0.00e+00	0.00e+00	0.00e+00	1.90e-02	6.33e-03	2.75e-03
 8.60346e+15	3.03e-02	9.70e-01	4.71e-12	0.00e+00	0.00e+00	0.00e+00	0.00e+00	0.00e+00	0.00e+00	2.04e-02	6.85e-03	2.98e-03
 8.69445e+15	3.27e-02	9.67e-01	4.43e-12	0.00e+00	0.00e+00	0.00e+00	0.00e+00	0.00e+00	0.00e+00	2.20e-02	7.43e-03	3.23e-03
 8.78362e+15	3.55e-02	9.65e-01	4.16e-12	0.00e+00	0.00e+00	0.00e+00	0.00e+00	0.00e+00	0.00e+00	2.39e-02	8.09e-03	3.52e-03
 8.87091e+15	3.86e-02	9.61e-01	3.90e-12	0.00e+00	0.00e+00	0.00e+00	0.00e+00	0.00e+00	0.00e+00	2.59e-02	8.83e-03	3.85e-03
 8.95627e+15	4.22e-02	9.58e-01	3.66e-12	0.00e+00	0.00e+00	0.00e+00	0.00e+00	0.00e+00	0.00e+00	2.83e-02	9.68e-03	4.22e-03
 9.03969e+15	4.63e-02	9.54e-01	3.43e-12	0.00e+00	0.00e+00	0.00e+00	0.00e+00	0.00e+00	0.00e+00	3.10e-02	1.07e-02	4.65e-03
 9.12119e+15	5.11e-02	9.49e-01	3.20e-12	0.00e+00	0.00e+00	0.00e+00	0.00e+00	0.00e+00	0.00e+00	3.42e-02	1.18e-02	5.15e-03
 9.20092e+15	5.67e-02	9.43e-01	3.00e-12	0.00e+00	0.00e+00	0.00e+00	0.00e+00	0.00e+00	0.00e+00	3.78e-02	1.31e-02	5.73e-03
 9.27905e+15	6.33e-02	9.37e-01	2.79e-12	0.00e+00	0.00e+00	0.00e+00	0.00e+00	0.00e+00	0.00e+00	4.22e-02	1.47e-02	6.42e-03
 9.35573e+15	7.13e-02	9.29e-01	2.60e-12	0.00e+00	0.00e+00	0.00e+00	0.00e+00	0.00e+00	0.00e+00	4.75e-02	1.66e-02	7.25e-03
 9.43125e+15	8.11e-02	9.19e-01	2.41e-12	0.00e+00	0.00e+00	0.00e+00	0.00e+00	0.00e+00	0.00e+00	5.40e-02	1.89e-02	8.27e-03
 9.50607e+15	9.35e-02	9.06e-01	2.24e-12	0.00e+00	0.00e+00	0.00e+00	0.00e+00	0.00e+00	0.00e+00	6.22e-02	2.18e-02	9.55e-03
 9.57970e+15	1.09e-01	8.91e-01	2.08e-12	0.00e+00	0.00e+00	0.00e+00	0.00e+00	0.00e+00	0.00e+00	7.28e-02	2.55e-02	1.12e-02
 9.64762e+15	1.29e-01	8.71e-01	1.93e-12	0.00e+00	0.00e+00	0.00e+00	0.00e+00	0.00e+00	0.00e+00	8.61e-02	3.01e-02	1.32e-02
 9.70473e+15	1.52e-01	8.48e-01	1.82e-12	0.00e+00	0.00e+00	0.00e+00	0.00e+00	0.00e+00	0.00e+00	1.01e-01	3.52e-02	1.55e-02
 9.75157e+15	1.76e-01	8.24e-01	1.73e-12	0.00e+00	0.00e+00	0.00e+00	0.00e+00	0.00e+00	0.00e+00	1.18e-01	4.07e-02	1.79e-02
 9.79247e+15	2.03e-01	7.97e-01	1.64e-12	0.00e+00	0.00e+00	0.00e+00	0.00e+00	0.00e+00	0.00e+00	1.36e-01	4.66e-02	2.06e-02
 9.83070e+15	2.33e-01	7.67e-01	1.60e-12	0.00e+00	0.00e+00	0.00e+00	0.00e+00	0.00e+00	0.00e+00	1.57e-01	5.31e-02	2.36e-02
 9.86732e+15	2.70e-01	7.30e-01	1.55e-12	0.00e+00	0.00e+00	0.00e+00	0.00e+00	0.00e+00	0.00e+00	1.82e-01	6.08e-02	2.72e-02
 9.90172e+15	3.12e-01	6.88e-01	1.50e-12	0.00e+00	0.00e+00	0.00e+00	0.00e+00	0.00e+00	0.00e+00	2.11e-01	6.95e-02	3.13e-02
 9.93074e+15	3.56e-01	6.44e-01	1.47e-12	0.00e+00	0.00e+00	0.00e+00	0.00e+00	0.00e+00	0.00e+00	2.42e-01	7.80e-02	3.55e-02
 9.95205e+15	3.93e-01	6.07e-01	1.45e-12	0.00e+00	0.00e+00	0.00e+00	0.00e+00	0.00e+00	0.00e+00	2.69e-01	8.50e-02	3.90e-02
 9.96737e+15	4.22e-01	5.78e-01	1.43e-12	0.00e+00	0.00e+00	0.00e+00	0.00e+00	0.00e+00	0.00e+00	2.90e-01	9.02e-02	4.17e-02
 9.98003e+15	4.48e-01	5.52e-01	1.41e-12	0.00e+00	0.00e+00	0.00e+00	0.00e+00	0.00e+00	0.00e+00	3.09e-01	9.46e-02	4.41e-02
 9.99231e+15	4.74e-01	5.26e-01	1.39e-12	0.00e+00	0.00e+00	0.00e+00	0.00e+00	0.00e+00	0.00e+00	3.29e-01	9.89e-02	4.64e-02
 1.00043e+16	5.00e-01	5.00e-01	1.37e-12	0.00e+00	0.00e+00	0.00e+00	0.00e+00	0.00e+00	0.00e+00	3.48e-01	1.03e-01	4.87e-02
 1.00150e+16	5.25e-01	4.75e-01	1.35e-12	0.00e+00	0.00e+00	0.00e+00	0.00e+00	0.00e+00	0.00e+00	3.67e-01	1.07e-01	5.08e-02
 1.00243e+16	5.46e-01	4.54e-01	1.34e-12	0.00e+00	0.00e+00	0.00e+00	0.00e+00	0.00e+00	0.00e+00	3.84e-01	1.10e-01	5.26e-02
 1.00327e+16	5.66e-01	4.34e-01	1.32e-12	0.00e+00	0.00e+00	0.00e+00	0.00e+00	0.00e+00	0.00e+00	4.00e-01	1.12e-01	5.43e-02
 1.00407e+16	5.85e-01	4.15e-01	1.31e-12	0.00e+00	0.00e+00	0.00e+00	0.00e+00	0.00e+00	0.00e+00	4.15e-01	1.14e-01	5.58e-02
 1.00474e+16	6.01e-01	3.99e-01	1.30e-12	0.00e+00	0.00e+00	0.00e+00	0.00e+00	0.00e+00	0.00e+00	4.28e-01	1.16e-01	5.70e-02
 1.00522e+16	6.13e-01	3.87e-01	1.29e-12	0.00e+00	0.00e+00	0.00e+00	0.00e+00	0.00e+00	0.00e+00	4.37e-01	1.18e-01	5.79e-02
 1.00565e+16	6.23e-01	3.77e-01	1.28e-12	0.00e+00	0.00e+00	0.00e+00	0.00e+00	0.00e+00	0.00e+00	4.46e-01	1.19e-01	5.87e-02
 1.00613e+16	6.35e-01	3.65e-01	1.26e-12	0.00e+00	0.00e+00	0.00e+00	0.00e+00	0.00e+00	0.00e+00	4.56e-01	1.20e-01	5.95e-02
 1.00665e+16	6.48e-01	3.52e-01	1.25e-12	0.00e+00	0.00e+00	0.00e+00	0.00e+00	0.00e+00	0.00e+00	4.66e-01	1.21e-01	6.04e-02
 1.00715e+16	6.60e-01	3.40e-01	1.23e-12	0.00e+00	0.00e+00	0.00e+00	0.00e+00	0.00e+00	0.00e+00	4.77e-01	1.22e-01	6.12e-02
 1.00764e+16	6.71e-01	3.29e-01	1.22e-12	0.00e+00	0.00e+00	0.00e+00	0.00e+00	0.00e+00	0.00e+00	4.87e-01	1.23e-01	6.20e-02
 1.00811e+16	6.83e-01	3.17e-01	1.21e-12	0.00e+00	0.00e+00	0.00e+00	0.00e+00	0.00e+00	0.00e+00	4.96e-01	1.24e-01	6.27e-02
 1.00858e+16	6.94e-01	3.06e-01	1.19e-12	0.00e+00	0.00e+00	0.00e+00	0.00e+00	0.00e+00	0.00e+00	5.06e-01	1.24e-01	6.34e-02
 1.00905e+16	7.05e-01	2.95e-01	1.18e-12	0.00e+00	0.00e+00	0.00e+00	0.00e+00	0.00e+00	0.00e+00	5.16e-01	1.25e-01	6.40e-02
 1.00952e+16	7.16e-01	2.84e-01	1.16e-12	0.00e+00	0.00e+00	0.00e+00	0.00e+00	0.00e+00	0.00e+00	5.26e-01	1.25e-01	6.46e-02
 1.00998e+16	7.26e-01	2.74e-01	1.14e-12	0.00e+00	0.00e+00	0.00e+00	0.00e+00	0.00e+00	0.00e+00	5.35e-01	1.26e-01	6.51e-02
 1.01044e+16	7.36e-01	2.64e-01	1.13e-12	0.00e+00	0.00e+00	0.00e+00	0.00e+00	0.00e+00	0.00e+00	5.45e-01	1.26e-01	6.55e-02
 1.01089e+16	7.46e-01	2.54e-01	1.11e-12	0.00e+00	0.00e+00	0.00e+00	0.00e+00	0.00e+00	0.00e+00	5.54e-01	1.26e-01	6.59e-02
 1.01134e+16	7.56e-01	2.44e-01	1.09e-12	0.00e+00	0.00e+00	0.00e+00	0.00e+00	0.00e+00	0.00e+00	5.63e-01	1.26e-01	6.62e-02
 1.01179e+16	7.65e-01	2.35e-01	1.08e-12	0.00e+00	0.00e+00	0.00e+00	0.00e+00	0.00e+00	0.00e+00	5.72e-01	1.26e-01	6.65e-02
 1.01224e+16	7.74e-01	2.26e-01	1.06e-12	0.00e+00	0.00e+00	0.00e+00	0.00e+00	0.00e+00	0.00e+00	5.81e-01	1.26e-01	6.68e-02
 1.01268e+16	7.83e-01	2.17e-01	1.04e-12	0.00e+00	0.00e+00	0.00e+00	0.00e+00	0.00e+00	0.00e+00	5.90e-01	1.26e-01	6.70e-02
 1.01312e+16	7.92e-01	2.08e-01	1.02e-12	0.00e+00	0.00e+00	0.00e+00	0.00e+00	0.00e+00	0.00e+00	5.99e-01	1.26e-01	6.72e-02
 1.01356e+16	8.01e-01	1.99e-01	1.00e-12	0.00e+00	0.00e+00	0.00e+00	0.00e+00	0.00e+00	0.00e+00	6.08e-01	1.25e-01	6.73e-02
 1.01399e+16	8.09e-01	1.91e-01	9.85e-13	0.00e+00	0.00e+00	0.00e+00	0.00e+00	0.00e+00	0.00e+00	6.16e-01	1.25e-01	6.74e-02
 1.01442e+16	8.17e-01	1.83e-01	9.65e-13	0.00e+00	0.00e+00	0.00e+00	0.00e+00	0.00e+00	0.00e+00	6.24e-01	1.25e-01	6.74e-02
 1.01484e+16	8.24e-01	1.76e-01	9.47e-13	0.00e+00	0.00e+00	0.00e+00	0.00e+00	0.00e+00	0.00e+00	6.32e-01	1.24e-01	6.74e-02
 1.01525e+16	8.31e-01	1.69e-01	9.29e-13	0.00e+00	0.00e+00	0.00e+00	0.00e+00	0.00e+00	0.00e+00	6.40e-01	1.24e-01	6.74e-02
 1.01566e+16	8.38e-01	1.62e-01	9.10e-13	0.00e+00	0.00e+00	0.00e+00	0.00e+00	0.00e+00	0.00e+00	6.47e-01	1.23e-01	6.73e-02
 1.01607e+16	8.45e-01	1.55e-01	8.90e-13	0.00e+00	0.00e+00	0.00e+00	0.00e+00	0.00e+00	0.00e+00	6.55e-01	1.22e-01	6.72e-02
 1.01648e+16	8.51e-01	1.49e-01	8.73e-13	0.00e+00	0.00e+00	0.00e+00	0.00e+00	0.00e+00	0.00e+00	6.62e-01	1.22e-01	6.71e-02
 1.01688e+16	8.57e-01	1.43e-01	8.54e-13	0.00e+00	0.00e+00	0.00e+00	0.00e+00	0.00e+00	0.00e+00	6.69e-01	1.21e-01	6.70e-02
 1.01727e+16	8.63e-01	1.37e-01	8.36e-13	0.00e+00	0.00e+00	0.00e+00	0.00e+00	0.00e+00	0.00e+00	6.75e-01	1.21e-01	6.68e-02
 1.01766e+16	8.68e-01	1.32e-01	8.18e-13	0.00e+00	0.00e+00	0.00e+00	0.00e+00	0.00e+00	0.00e+00	6.82e-01	1.20e-01	6.66e-02
 1.01804e+16	8.74e-01	1.26e-01	8.00e-13	0.00e+00	0.00e+00	0.00e+00	0.00e+00	0.00e+00	0.00e+00	6.88e-01	1.19e-01	6.65e-02
 1.01843e+16	8.79e-01	1.21e-01	7.83e-13	0.00e+00	0.00e+00	0.00e+00	0.00e+00	0.00e+00	0.00e+00	6.94e-01	1.18e-01	6.62e-02
 1.01881e+16	8.84e-01	1.16e-01	7.65e-13	0.00e+00	0.00e+00	0.00e+00	0.00e+00	0.00e+00	0.00e+00	7.00e-01	1.18e-01	6.60e-02
 1.01918e+16	8.88e-01	1.12e-01	7.48e-13	0.00e+00	0.00e+00	0.00e+00	0.00e+00	0.00e+00	0.00e+00	7.06e-01	1.17e-01	6.58e-02
 1.01956e+16	8.93e-01	1.07e-01	7.30e-13	0.00e+00	0.00e+00	0.00e+00	0.00e+00	0.00e+00	0.00e+00	7.11e-01	1.16e-01	6.55e-02
 1.01993e+16	8.97e-01	1.03e-01	7.14e-13	0.00e+00	0.00e+00	0.00e+00	0.00e+00	0.00e+00	0.00e+00	7.17e-01	1.15e-01	6.52e-02
 1.02030e+16	9.01e-01	9.87e-02	6.98e-13	0.00e+00	0.00e+00	0.00e+00	0.00e+00	0.00e+00	0.00e+00	7.22e-01	1.15e-01	6.50e-02
 1.02066e+16	9.05e-01	9.48e-02	6.81e-13	0.00e+00	0.00e+00	0.00e+00	0.00e+00	0.00e+00	0.00e+00	7.27e-01	1.14e-01	6.47e-02
 1.02102e+16	9.09e-01	9.09e-02	6.66e-13	0.00e+00	0.00e+00	0.00e+00	0.00e+00	0.00e+00	0.00e+00	7.32e-01	1.13e-01	6.44e-02
 1.02139e+16	9.13e-01	8.72e-02	6.49e-13	0.00e+00	0.00e+00	0.00e+00	0.00e+00	0.00e+00	0.00e+00	7.36e-01	1.12e-01	6.41e-02
 1.02175e+16	9.16e-01	8.38e-02	6.34e-13	0.00e+00	0.00e+00	0.00e+00	0.00e+00	0.00e+00	0.00e+00	7.41e-01	1.12e-01	6.38e-02
 1.02211e+16	9.20e-01	8.04e-02	6.19e-13	0.00e+00	0.00e+00	0.00e+00	0.00e+00	0.00e+00	0.00e+00	7.45e-01	1.11e-01	6.35e-02
 1.02245e+16	9.23e-01	7.71e-02	6.03e-13	0.00e+00	0.00e+00	0.00e+00	0.00e+00	0.00e+00	0.00e+00	7.49e-01	1.10e-01	6.32e-02
 1.02281e+16	9.26e-01	7.42e-02	5.89e-13	0.00e+00	0.00e+00	0.00e+00	0.00e+00	0.00e+00	0.00e+00	7.53e-01	1.10e-01	6.30e-02
 1.02316e+16	9.29e-01	7.12e-02	5.75e-13	0.00e+00	0.00e+00	0.00e+00	0.00e+00	0.00e+00	0.00e+00	7.57e-01	1.09e-01	6.27e-02
 1.02351e+16	9.32e-01	6.83e-02	5.61e-13	0.00e+00	0.00e+00	0.00e+00	0.00e+00	0.00e+00	0.00e+00	7.61e-01	1.08e-01	6.24e-02
 1.02386e+16	9.35e-01	6.55e-02	5.46e-13	0.00e+00	0.00e+00	0.00e+00	0.00e+00	0.00e+00	0.00e+00	7.65e-01	1.07e-01	6.21e-02
 1.02421e+16	9.37e-01	6.30e-02	5.33e-13	0.00e+00	0.00e+00	0.00e+00	0.00e+00	0.00e+00	0.00e+00	7.68e-01	1.07e-01	6.18e-02
 1.02456e+16	9.40e-01	6.04e-02	5.20e-13	0.00e+00	0.00e+00	0.00e+00	0.00e+00	0.00e+00	0.00e+00	7.72e-01	1.06e-01	6.15e-02
 1.02490e+16	9.42e-01	5.80e-02	5.07e-13	0.00e+00	0.00e+00	0.00e+00	0.00e+00	0.00e+00	0.00e+00	7.75e-01	1.05e-01	6.12e-02
 1.02524e+16	9.44e-01	5.56e-02	4.93e-13	0.00e+00	0.00e+00	0.00e+00	0.00e+00	0.00e+00	0.00e+00	7.79e-01	1.05e-01	6.10e-02
 1.02558e+16	9.46e-01	5.35e-02	4.81e-13	0.00e+00	0.00e+00	0.00e+00	0.00e+00	0.00e+00	0.00e+00	7.82e-01	1.04e-01	6.07e-02
 1.02593e+16	9.49e-01	5.13e-02	4.69e-13	0.00e+00	0.00e+00	0.00e+00	0.00e+00	0.00e+00	0.00e+00	7.85e-01	1.04e-01	6.04e-02
 1.02626e+16	9.51e-01	4.93e-02	4.57e-13	0.00e+00	0.00e+00	0.00e+00	0.00e+00	0.00e+00	0.00e+00	7.88e-01	1.03e-01	6.01e-02
 1.02659e+16	9.53e-01	4.72e-02	4.45e-13	0.00e+00	0.00e+00	0.00e+00	0.00e+00	0.00e+00	0.00e+00	7.90e-01	1.02e-01	5.99e-02
 1.02693e+16	9.55e-01	4.53e-02	4.34e-13	0.00e+00	0.00e+00	0.00e+00	0.00e+00	0.00e+00	0.00e+00	7.93e-01	1.02e-01	5.96e-02
 1.02727e+16	9.57e-01	4.34e-02	4.22e-13	0.00e+00	0.00e+00	0.00e+00	0.00e+00	0.00e+00	0.00e+00	7.96e-01	1.01e-01	5.93e-02
 1.02760e+16	9.58e-01	4.17e-02	4.12e-13	0.00e+00	0.00e+00	0.00e+00	0.00e+00	0.00e+00	0.00e+00	7.98e-01	1.01e-01	5.91e-02
 1.02793e+16	9.60e-01	4.01e-02	4.01e-13	0.00e+00	0.00e+00	0.00e+00	0.00e+00	0.00e+00	0.00e+00	8.01e-01	1.00e-01	5.88e-02
 1.02826e+16	9.62e-01	3.85e-02	3.92e-13	0.00e+00	0.00e+00	0.00e+00	0.00e+00	0.00e+00	0.00e+00	8.03e-01	9.97e-02	5.86e-02
 1.02858e+16	9.63e-01	3.70e-02	3.82e-13	0.00e+00	0.00e+00	0.00e+00	0.00e+00	0.00e+00	0.00e+00	8.05e-01	9.92e-02	5.83e-02
 1.02889e+16	9.64e-01	3.55e-02	3.73e-13	0.00e+00	0.00e+00	0.00e+00	0.00e+00	0.00e+00	0.00e+00	8.08e-01	9.87e-02	5.81e-02
 1.02920e+16	9.66e-01	3.41e-02	3.63e-13	0.00e+00	0.00e+00	0.00e+00	0.00e+00	0.00e+00	0.00e+00	8.10e-01	9.82e-02	5.79e-02
 1.02952e+16	9.67e-01	3.27e-02	3.54e-13	0.00e+00	0.00e+00	0.00e+00	0.00e+00	0.00e+00	0.00e+00	8.12e-01	9.77e-02	5.76e-02
 1.02983e+16	9.69e-01	3.14e-02	3.45e-13	0.00e+00	0.00e+00	0.00e+00	0.00e+00	0.00e+00	0.00e+00	8.14e-01	9.72e-02	5.73e-02
 1.03014e+16	9.70e-01	3.01e-02	3.37e-13	0.00e+00	0.00e+00	0.00e+00	0.00e+00	0.00e+00	0.00e+00	8.16e-01	9.67e-02	5.71e-02
 1.03045e+16	9.71e-01	2.89e-02	3.29e-13	0.00e+00	0.00e+00	0.00e+00	0.00e+00	0.00e+00	0.00e+00	8.18e-01	9.62e-02	5.68e-02
 1.03075e+16	9.72e-01	2.77e-02	3.21e-13	0.00e+00	0.00e+00	0.00e+00	0.00e+00	0.00e+00	0.00e+00	8.20e-01	9.57e-02	5.66e-02
 1.03104e+16	9.73e-01	2.65e-02	3.13e-13	0.00e+00	0.00e+00	0.00e+00	0.00e+00	0.00e+00	0.00e+00	8.22e-01	9.52e-02	5.63e-02
 1.03133e+16	9.75e-01	2.55e-02	3.06e-13	0.00e+00	0.00e+00	0.00e+00	0.00e+00	0.00e+00	0.00e+00	8.24e-01	9.48e-02	5.61e-02
 1.03162e+16	9.76e-01	2.44e-02	2.99e-13	0.00e+00	0.00e+00	0.00e+00	0.00e+00	0.00e+00	0.00e+00	8.25e-01	9.43e-02	5.58e-02
 1.03190e+16	9.77e-01	2.34e-02	2.92e-13	0.00e+00	0.00e+00	0.00e+00	0.00e+00	0.00e+00	0.00e+00	8.27e-01	9.38e-02	5.56e-02
 1.03217e+16	9.78e-01	2.24e-02	2.85e-13	0.00e+00	0.00e+00	0.00e+00	0.00e+00	0.00e+00	0.00e+00	8.29e-01	9.34e-02	5.53e-02
 1.03245e+16	9.79e-01	2.15e-02	2.79e-13	0.00e+00	0.00e+00	0.00e+00	0.00e+00	0.00e+00	0.00e+00	8.31e-01	9.29e-02	5.50e-02
 1.03271e+16	9.79e-01	2.06e-02	2.73e-13	0.00e+00	0.00e+00	0.00e+00	0.00e+00	0.00e+00	0.00e+00	8.32e-01	9.24e-02	5.48e-02
 1.03297e+16	9.80e-01	1.97e-02	2.67e-13	0.00e+00	0.00e+00	0.00e+00	0.00e+00	0.00e+00	0.00e+00	8.34e-01	9.19e-02	5.45e-02
 1.03322e+16	9.81e-01	1.89e-02	2.62e-13	0.00e+00	0.00e+00	0.00e+00	0.00e+00	0.00e+00	0.00e+00	8.35e-01	9.15e-02	5.42e-02
 1.03344e+16	9.82e-01	1.82e-02	2.57e-13	0.00e+00	0.00e+00	0.00e+00	0.00e+00	0.00e+00	0.00e+00	8.37e-01	9.10e-02	5.39e-02
 1.03365e+16	9.82e-01	1.75e-02	2.53e-13	0.00e+00	0.00e+00	0.00e+00	0.00e+00	0.00e+00	0.00e+00	8.38e-01	9.06e-02	5.37e-02
 1.03383e+16	9.83e-01	1.69e-02	2.49e-13	0.00e+00	0.00e+00	0.00e+00	0.00e+00	0.00e+00	0.00e+00	8.39e-01	9.02e-02	5.34e-02
 1.03401e+16	9.84e-01	1.64e-02	2.45e-13	0.00e+00	0.00e+00	0.00e+00	0.00e+00	0.00e+00	0.00e+00	8.41e-01	8.99e-02	5.32e-02
 1.03417e+16	9.84e-01	1.59e-02	2.42e-13	0.00e+00	0.00e+00	0.00e+00	0.00e+00	0.00e+00	0.00e+00	8.42e-01	8.95e-02	5.29e-02
 1.03432e+16	9.85e-01	1.54e-02	2.38e-13	0.00e+00	0.00e+00	0.00e+00	0.00e+00	0.00e+00	0.00e+00	8.43e-01	8.91e-02	5.27e-02
 1.03446e+16	9.85e-01	1.50e-02	2.35e-13	0.00e+00	0.00e+00	0.00e+00	0.00e+00	0.00e+00	0.00e+00	8.44e-01	8.88e-02	5.25e-02
 1.03459e+16	9.85e-01	1.46e-02	2.32e-13	0.00e+00	0.00e+00	0.00e+00	0.00e+00	0.00e+00	0.00e+00	8.45e-01	8.85e-02	5.22e-02
 1.03471e+16	9.86e-01	1.43e-02	2.30e-13	0.00e+00	0.00e+00	0.00e+00	0.00e+00	0.00e+00	0.00e+00	8.46e-01	8.82e-02	5.20e-02
 1.03481e+16	9.86e-01	1.40e-02	2.27e-13	0.00e+00	0.00e+00	0.00e+00	0.00e+00	0.00e+00	0.00e+00	8.46e-01	8.79e-02	5.18e-02
 1.03491e+16	9.86e-01	1.37e-02	2.25e-13	0.00e+00	0.00e+00	0.00e+00	0.00e+00	0.00e+00	0.00e+00	8.47e-01	8.76e-02	5.17e-02
 1.03500e+16	9.87e-01	1.34e-02	2.23e-13	0.00e+00	0.00e+00	0.00e+00	0.00e+00	0.00e+00	0.00e+00	8.48e-01	8.74e-02	5.15e-02
 1.03508e+16	9.87e-01	1.32e-02	2.21e-13	0.00e+00	0.00e+00	0.00e+00	0.00e+00	0.00e+00	0.00e+00	8.48e-01	8.72e-02	5.14e-02
 1.03517e+16	9.87e-01	1.29e-02	2.18e-13	0.00e+00	0.00e+00	0.00e+00	0.00e+00	0.00e+00	0.00e+00	8.49e-01	8.68e-02	5.12e-02
 1.03526e+16	9.87e-01	1.27e-02	2.16e-13	0.00e+00	0.00e+00	0.00e+00	0.00e+00	0.00e+00	0.00e+00	8.50e-01	8.66e-02	5.10e-02
 1.03535e+16	9.88e-01	1.24e-02	2.14e-13	0.00e+00	0.00e+00	0.00e+00	0.00e+00	0.00e+00	0.00e+00	8.50e-01	8.63e-02	5.08e-02
 1.03543e+16	9.88e-01	1.22e-02	2.11e-13	0.00e+00	0.00e+00	0.00e+00	0.00e+00	0.00e+00	0.00e+00	8.51e-01	8.60e-02	5.07e-02
 1.03551e+16	9.88e-01	1.20e-02	2.09e-13	0.00e+00	0.00e+00	0.00e+00	0.00e+00	0.00e+00	0.00e+00	8.52e-01	8.57e-02	5.05e-02
 1.03561e+16	9.88e-01	1.17e-02	2.07e-13	0.00e+00	0.00e+00	0.00e+00	0.00e+00	0.00e+00	0.00e+00	8.53e-01	8.54e-02	5.03e-02
 1.03569e+16	9.88e-01	1.15e-02	2.04e-13	0.00e+00	0.00e+00	0.00e+00	0.00e+00	0.00e+00	0.00e+00	8.53e-01	8.50e-02	5.01e-02
 1.03577e+16	9.89e-01	1.13e-02	2.02e-13	0.00e+00	0.00e+00	0.00e+00	0.00e+00	0.00e+00	0.00e+00	8.54e-01	8.48e-02	4.99e-02
 1.03584e+16	9.89e-01	1.12e-02	2.00e-13	0.00e+00	0.00e+00	0.00e+00	0.00e+00	0.00e+00	0.00e+00	8.54e-01	8.46e-02	4.98e-02
 1.03591e+16	9.89e-01	1.09e-02	1.97e-13	0.00e+00	0.00e+00	0.00e+00	0.00e+00	0.00e+00	0.00e+00	8.55e-01	8.43e-02	4.96e-02
 1.03600e+16	9.89e-01	1.08e-02	1.95e-13	0.00e+00	0.00e+00	0.00e+00	0.00e+00	0.00e+00	0.00e+00	8.56e-01	8.40e-02	4.94e-02
 1.03609e+16	9.89e-01	1.05e-02	1.92e-13	0.00e+00	0.00e+00	0.00e+00	0.00e+00	0.00e+00	0.00e+00	8.57e-01	8.37e-02	4.92e-02
 1.03619e+16	9.90e-01	1.03e-02	1.90e-13	0.00e+00	0.00e+00	0.00e+00	0.00e+00	0.00e+00	0.00e+00	8.57e-01	8.35e-02	4.91e-02
 1.03629e+16	9.90e-01	1.01e-02	1.86e-13	0.00e+00	0.00e+00	0.00e+00	0.00e+00	0.00e+00	0.00e+00	8.58e-01	8.30e-02	4.88e-02
 1.03641e+16	9.90e-01	9.83e-03	1.83e-13	0.00e+00	0.00e+00	0.00e+00	0.00e+00	0.00e+00	0.00e+00	8.59e-01	8.27e-02	4.85e-02
 1.03652e+16	9.90e-01	9.62e-03	1.80e-13	0.00e+00	0.00e+00	0.00e+00	0.00e+00	0.00e+00	0.00e+00	8.60e-01	8.24e-02	4.83e-02
 1.03661e+16	9.91e-01	9.42e-03	1.77e-13	0.00e+00	0.00e+00	0.00e+00	0.00e+00	0.00e+00	0.00e+00	8.60e-01	8.20e-02	4.81e-02
 1.03670e+16	9.91e-01	9.25e-03	1.75e-13	0.00e+00	0.00e+00	0.00e+00	0.00e+00	0.00e+00	0.00e+00	8.61e-01	8.18e-02	4.79e-02
 1.03680e+16	9.91e-01	9.04e-03	1.72e-13	0.00e+00	0.00e+00	0.00e+00	0.00e+00	0.00e+00	0.00e+00	8.62e-01	8.14e-02	4.77e-02
 1.03690e+16	9.91e-01	8.85e-03	1.69e-13	0.00e+00	0.00e+00	0.00e+00	0.00e+00	0.00e+00	0.00e+00	8.63e-01	8.11e-02	4.74e-02
 1.03699e+16	9.91e-01	8.69e-03	1.66e-13	0.00e+00	0.00e+00	0.00e+00	0.00e+00	0.00e+00	0.00e+00	8.63e-01	8.09e-02	4.73e-02
 1.03710e+16	9.92e-01	8.47e-03	1.63e-13	0.00e+00	0.00e+00	0.00e+00	0.00e+00	0.00e+00	0.00e+00	8.64e-01	8.05e-02	4.70e-02
 1.03721e+16	9.92e-01	8.26e-03	1.59e-13	0.00e+00	0.00e+00	0.00e+00	0.00e+00	0.00e+00	0.00e+00	8.65e-01	8.01e-02	4.67e-02
 1.03731e+16	9.92e-01	8.07e-03	1.55e-13	0.00e+00	0.00e+00	0.00e+00	0.00e+00	0.00e+00	0.00e+00	8.66e-01	7.97e-02	4.64e-02
 1.03740e+16	9.92e-01	7.90e-03	1.53e-13	0.00e+00	0.00e+00	0.00e+00	0.00e+00	0.00e+00	0.00e+00	8.67e-01	7.94e-02	4.62e-02
 1.03749e+16	9.92e-01	7.76e-03	1.50e-13	0.00e+00	0.00e+00	0.00e+00	0.00e+00	0.00e+00	0.00e+00	8.67e-01	7.91e-02	4.60e-02
 1.03758e+16	9.92e-01	7.61e-03	1.47e-13	0.00e+00	0.00e+00	0.00e+00	0.00e+00	0.00e+00	0.00e+00	8.68e-01	7.88e-02	4.57e-02
 1.03768e+16	9.93e-01	7.42e-03	1.44e-13	0.00e+00	0.00e+00	0.00e+00	0.00e+00	0.00e+00	0.00e+00	8.69e-01	7.84e-02	4.54e-02
 1.03777e+16	9.93e-01	7.27e-03	1.41e-13	0.00e+00	0.00e+00	0.00e+00	0.00e+00	0.00e+00	0.00e+00	8.70e-01	7.80e-02	4.51e-02
 1.03785e+16	9.93e-01	7.14e-03	1.39e-13	0.00e+00	0.00e+00	0.00e+00	0.00e+00	0.00e+00	0.00e+00	8.70e-01	7.77e-02	4.49e-02
 1.03792e+16	9.93e-01	7.02e-03	1.37e-13	0.00e+00	0.00e+00	0.00e+00	0.00e+00	0.00e+00	0.00e+00	8.71e-01	7.75e-02	4.47e-02
