#depth	H	H+	H2
 4.74669e+11	2.36e-03	9.98e-01	6.31e-12
 2.84802e+12	2.36e-03	9.98e-01	6.32e-12
 1.23414e+13	2.36e-03	9.98e-01	6.36e-12
 5.03150e+13	2.36e-03	9.98e-01	6.35e-12
 1.20186e+14	2.35e-03	9.98e-01	6.44e-12
 2.11019e+14	2.34e-03	9.98e-01	6.51e-12
 3.29102e+14	2.33e-03	9.98e-01	6.59e-12
 4.82609e+14	2.31e-03	9.98e-01	6.68e-12
 6.82168e+14	2.30e-03	9.98e-01	6.77e-12
 9.41596e+14	2.27e-03	9.98e-01	6.84e-12
 1.27885e+15	2.24e-03	9.98e-01	6.88e-12
 1.71728e+15	2.20e-03	9.98e-01	6.83e-12
 2.28725e+15	2.15e-03	9.98e-01	6.67e-12
 3.02820e+15	2.09e-03	9.98e-01	6.27e-12
 3.77354e+15	2.00e-03	9.98e-01	5.69e-12
 4.37298e+15	1.94e-03	9.98e-01	5.25e-12
 5.00065e+15	1.91e-03	9.98e-01	4.86e-12
 5.81662e+15	1.88e-03	9.98e-01	4.51e-12
 6.87738e+15	1.89e-03	9.98e-01	4.42e-12
 8.25636e+15	1.93e-03	9.98e-01	4.60e-12
 9.48757e+15	1.96e-03	9.98e-01	4.97e-12
 1.04363e+16	2.00e-03	9.98e-01	5.18e-12
 1.14800e+16	2.05e-03	9.98e-01	5.43e-12
 1.26280e+16	2.09e-03	9.98e-01	5.72e-12
 1.38908e+16	2.14e-03	9.98e-01	5.91e-12
 1.52798e+16	2.27e-03	9.98e-01	5.76e-12
 1.66500e+16	2.32e-03	9.98e-01	5.89e-12
 1.81278e+16	2.39e-03	9.98e-01	5.88e-12
 1.99113e+16	2.47e-03	9.98e-01	5.80e-12
 2.19024e+16	2.56e-03	9.97e-01	5.61e-12
 2.40926e+16	2.67e-03	9.97e-01	5.26e-12
 2.65019e+16	2.80e-03	9.97e-01	4.76e-12
 2.91521e+16	2.96e-03	9.97e-01	4.14e-12
 3.18436e+16	3.16e-03	9.97e-01	3.53e-12
 3.39100e+16	3.36e-03	9.97e-01	3.23e-12
 3.52302e+16	3.50e-03	9.96e-01	3.04e-12
 3.65115e+16	3.62e-03	9.96e-01	2.82e-12
 3.81773e+16	3.79e-03	9.96e-01	2.57e-12
 4.00272e+16	4.03e-03	9.96e-01	2.39e-12
 4.16493e+16	4.27e-03	9.96e-01	2.30e-12
 4.29589e+16	4.49e-03	9.96e-01	2.25e-12
 4.43294e+16	4.70e-03	9.95e-01	2.17e-12
 4.61110e+16	5.00e-03	9.95e-01	2.10e-12
 4.79061e+16	5.42e-03	9.95e-01	2.14e-12
 4.92185e+16	5.79e-03	9.94e-01	2.22e-12
 5.02112e+16	6.07e-03	9.94e-01	2.27e-12
 5.12883e+16	6.35e-03	9.94e-01	2.31e-12
 5.26885e+16	6.75e-03	9.93e-01	2.37e-12
 5.42155e+16	7.30e-03	9.93e-01	2.50e-12
 5.55128e+16	7.87e-03	9.92e-01	2.66e-12
 5.65536e+16	8.37e-03	9.92e-01	2.80e-12
 5.76555e+16	8.85e-03	9.91e-01	2.91e-12
 5.90879e+16	9.54e-03	9.90e-01	3.07e-12
 6.05778e+16	1.05e-02	9.89e-01	3.34e-12
 6.17420e+16	1.14e-02	9.89e-01	3.61e-12
 6.26580e+16	1.22e-02	9.88e-01	3.82e-12
 6.36514e+16	1.30e-02	9.87e-01	4.00e-12
 6.49428e+16	1.41e-02	9.86e-01	4.25e-12
 6.63332e+16	1.56e-02	9.84e-01	4.62e-12
 6.74921e+16	1.72e-02	9.83e-01	5.02e-12
 6.84176e+16	1.86e-02	9.81e-01	5.35e-12
 6.93998e+16	2.00e-02	9.80e-01	5.61e-12
 7.06763e+16	2.20e-02	9.78e-01	5.97e-12
 7.20152e+16	2.49e-02	9.75e-01	6.53e-12
 7.30597e+16	2.77e-02	9.72e-01	7.10e-12
 7.38404e+16	3.00e-02	9.70e-01	7.55e-12
 7.46543e+16	3.22e-02	9.68e-01	7.89e-12
 7.57124e+16	3.55e-02	9.65e-01	8.36e-12
 7.68752e+16	4.01e-02	9.60e-01	9.09e-12
 7.78719e+16	4.52e-02	9.55e-01	9.94e-12
 7.86648e+16	4.98e-02	9.50e-01	1.07e-11
 7.94953e+16	5.47e-02	9.45e-01	1.14e-11
 8.05748e+16	6.21e-02	9.38e-01	1.24e-11
 8.17075e+16	7.30e-02	9.27e-01	1.42e-11
 8.25510e+16	8.39e-02	9.16e-01	1.61e-11
 8.30981e+16	9.22e-02	9.08e-01	1.76e-11
 8.36179e+16	1.00e-01	9.00e-01	1.90e-11
 8.42936e+16	1.12e-01	8.88e-01	2.12e-11
 8.49838e+16	1.28e-01	8.72e-01	2.45e-11
 8.54983e+16	1.43e-01	8.57e-01	2.77e-11
 8.58709e+16	1.55e-01	8.45e-01	3.05e-11
 8.62538e+16	1.68e-01	8.32e-01	3.36e-11
 8.67515e+16	1.88e-01	8.12e-01	3.85e-11
 8.72438e+16	2.14e-01	7.86e-01	4.56e-11
 8.75875e+16	2.35e-01	7.65e-01	5.18e-11
 8.78332e+16	2.51e-01	7.49e-01	5.68e-11
 8.80930e+16	2.68e-01	7.32e-01	6.28e-11
 8.84307e+16	2.94e-01	7.06e-01	7.23e-11
 8.87761e+16	3.27e-01	6.73e-01	8.52e-11
 8.90379e+16	3.55e-01	6.45e-01	9.75e-11
 8.92383e+16	3.77e-01	6.23e-01	1.08e-10
 8.94472e+16	4.01e-01	5.99e-01	1.21e-10
 8.96899e+16	4.32e-01	5.68e-01	1.39e-10
 8.99191e+16	4.65e-01	5.35e-01	1.61e-10
 9.00948e+16	4.92e-01	5.08e-01	1.81e-10
 9.02305e+16	5.13e-01	4.87e-01	1.98e-10
 9.03584e+16	5.32e-01	4.68e-01	2.16e-10
 9.04667e+16	5.50e-01	4.50e-01	2.33e-10
 9.05403e+16	5.62e-01	4.38e-01	2.45e-10
 9.06045e+16	5.72e-01	4.28e-01	2.56e-10
 9.06802e+16	5.84e-01	4.16e-01	2.71e-10
 9.07645e+16	5.99e-01	4.01e-01	2.89e-10
 9.08420e+16	6.13e-01	3.87e-01	3.07e-10
 9.09095e+16	6.25e-01	3.75e-01	3.24e-10
 9.09741e+16	6.36e-01	3.64e-01	3.41e-10
 9.10412e+16	6.48e-01	3.52e-01	3.60e-10
 9.11095e+16	6.60e-01	3.40e-01	3.81e-10
 9.11750e+16	6.72e-01	3.28e-01	4.03e-10
 9.12367e+16	6.84e-01	3.16e-01	4.25e-10
 9.12968e+16	6.95e-01	3.05e-01	4.48e-10
 9.13569e+16	7.06e-01	2.94e-01	4.73e-10
 9.14166e+16	7.16e-01	2.84e-01	4.99e-10
 9.14746e+16	7.27e-01	2.73e-01	5.27e-10
 9.15307e+16	7.37e-01	2.63e-01	5.56e-10
 9.15858e+16	7.47e-01	2.53e-01	5.86e-10
 9.16401e+16	7.57e-01	2.43e-01	6.18e-10
 9.16936e+16	7.67e-01	2.33e-01	6.52e-10
 9.17458e+16	7.76e-01	2.24e-01	6.88e-10
 9.17970e+16	7.85e-01	2.15e-01	7.26e-10
 9.18471e+16	7.93e-01	2.07e-01	7.65e-10
 9.18962e+16	8.02e-01	1.98e-01	8.08e-10
 9.19445e+16	8.10e-01	1.90e-01	8.52e-10
 9.19920e+16	8.18e-01	1.82e-01	8.99e-10
 9.20385e+16	8.26e-01	1.74e-01	9.49e-10
 9.20841e+16	8.33e-01	1.67e-01	1.00e-09
 9.21286e+16	8.40e-01	1.60e-01	1.06e-09
 9.21717e+16	8.47e-01	1.53e-01	1.12e-09
 9.22134e+16	8.53e-01	1.47e-01	1.18e-09
 9.22540e+16	8.59e-01	1.41e-01	1.24e-09
 9.22936e+16	8.65e-01	1.35e-01	1.31e-09
 9.23321e+16	8.71e-01	1.29e-01	1.38e-09
 9.23696e+16	8.76e-01	1.24e-01	1.46e-09
 9.24059e+16	8.81e-01	1.19e-01	1.54e-09
 9.24414e+16	8.86e-01	1.14e-01	1.62e-09
 9.24760e+16	8.91e-01	1.09e-01	1.71e-09
 9.25096e+16	8.95e-01	1.05e-01	1.81e-09
 9.25423e+16	8.99e-01	1.01e-01	1.90e-09
 9.25743e+16	9.04e-01	9.65e-02	2.01e-09
 9.26057e+16	9.07e-01	9.25e-02	2.12e-09
 9.26363e+16	9.11e-01	8.88e-02	2.25e-09
 9.26661e+16	9.15e-01	8.52e-02	2.38e-09
 9.26952e+16	9.18e-01	8.18e-02	2.51e-09
 9.27235e+16	9.21e-01	7.85e-02	2.66e-09
 9.27511e+16	9.25e-01	7.55e-02	2.82e-09
 9.27786e+16	9.28e-01	7.24e-02	2.99e-09
 9.28051e+16	9.31e-01	6.94e-02	3.18e-09
 9.28305e+16	9.33e-01	6.67e-02	3.37e-09
 9.28555e+16	9.36e-01	6.41e-02	3.59e-09
 9.28803e+16	9.38e-01	6.15e-02	3.82e-09
 9.29044e+16	9.41e-01	5.91e-02	4.08e-09
 9.29278e+16	9.43e-01	5.67e-02	4.36e-09
 9.29505e+16	9.45e-01	5.45e-02	4.67e-09
 9.29726e+16	9.48e-01	5.24e-02	5.00e-09
 9.29942e+16	9.50e-01	5.03e-02	5.38e-09
 9.30153e+16	9.52e-01	4.83e-02	5.79e-09
 9.30359e+16	9.54e-01	4.64e-02	6.26e-09
 9.30559e+16	9.55e-01	4.45e-02	6.78e-09
 9.30752e+16	9.57e-01	4.28e-02	7.36e-09
 9.30940e+16	9.59e-01	4.11e-02	8.01e-09
 9.31122e+16	9.61e-01	3.95e-02	8.77e-09
 9.31299e+16	9.62e-01	3.79e-02	9.63e-09
 9.31469e+16	9.64e-01	3.64e-02	1.06e-08
 9.31631e+16	9.65e-01	3.49e-02	1.17e-08
 9.31780e+16	9.66e-01	3.37e-02	1.29e-08
 9.31919e+16	9.68e-01	3.24e-02	1.43e-08
 9.32047e+16	9.69e-01	3.13e-02	1.59e-08
 9.32163e+16	9.70e-01	3.03e-02	1.75e-08
 9.32269e+16	9.71e-01	2.94e-02	1.93e-08
 9.32368e+16	9.71e-01	2.85e-02	2.14e-08
 9.32460e+16	9.72e-01	2.77e-02	2.37e-08
 9.32544e+16	9.73e-01	2.70e-02	2.62e-08
 9.32621e+16	9.74e-01	2.63e-02	2.89e-08
 9.32693e+16	9.74e-01	2.56e-02	3.20e-08
 9.32759e+16	9.75e-01	2.50e-02	3.54e-08
 9.32821e+16	9.76e-01	2.44e-02	3.91e-08
 9.32877e+16	9.76e-01	2.39e-02	4.33e-08
 9.32929e+16	9.77e-01	2.33e-02	4.79e-08
 9.32978e+16	9.77e-01	2.29e-02	5.23e-08
 9.33026e+16	9.78e-01	2.23e-02	5.89e-08
 9.33070e+16	9.78e-01	2.19e-02	6.57e-08
 9.33107e+16	9.79e-01	2.15e-02	7.16e-08
 9.33143e+16	9.79e-01	2.10e-02	8.02e-08
 9.33177e+16	9.79e-01	2.07e-02	8.80e-08
 9.33208e+16	9.80e-01	2.02e-02	9.91e-08
 9.33236e+16	9.80e-01	1.99e-02	1.08e-07
 9.33261e+16	9.80e-01	1.95e-02	1.22e-07
 9.33285e+16	9.81e-01	1.93e-02	1.33e-07
 9.33307e+16	9.81e-01	1.89e-02	1.50e-07
 9.33328e+16	9.81e-01	1.86e-02	1.64e-07
 9.33346e+16	9.82e-01	1.83e-02	1.85e-07
 9.33364e+16	9.82e-01	1.80e-02	2.01e-07
 9.33379e+16	9.82e-01	1.77e-02	2.28e-07
 9.33394e+16	9.83e-01	1.75e-02	2.48e-07
 9.33407e+16	9.83e-01	1.72e-02	2.81e-07
 9.33420e+16	9.83e-01	1.70e-02	3.06e-07
 9.33431e+16	9.83e-01	1.66e-02	3.48e-07
 9.33442e+16	9.84e-01	1.64e-02	3.83e-07
 9.33451e+16	9.84e-01	1.61e-02	4.32e-07
 9.33460e+16	9.84e-01	1.58e-02	4.90e-07
 9.33470e+16	9.85e-01	1.55e-02	5.64e-07
 9.33479e+16	9.85e-01	1.50e-02	6.80e-07
 9.33488e+16	9.86e-01	1.43e-02	8.59e-07
 9.33498e+16	9.97e-01	2.73e-03	1.62e-05
