#depth	He	He+	He+2
 4.74669e+11	3.38e-04	2.66e-01	7.34e-01
 2.84802e+12	3.39e-04	2.67e-01	7.33e-01
 1.23414e+13	3.40e-04	2.67e-01	7.32e-01
 5.03150e+13	3.43e-04	2.69e-01	7.30e-01
 1.20186e+14	3.49e-04	2.72e-01	7.28e-01
 2.11019e+14	3.55e-04	2.76e-01	7.24e-01
 3.29102e+14	3.65e-04	2.81e-01	7.18e-01
 4.82609e+14	3.77e-04	2.89e-01	7.11e-01
 6.82168e+14	3.95e-04	3.00e-01	6.99e-01
 9.41596e+14	4.18e-04	3.16e-01	6.84e-01
 1.27885e+15	4.51e-04	3.39e-01	6.61e-01
 1.71728e+15	4.97e-04	3.72e-01	6.27e-01
 2.28725e+15	5.60e-04	4.21e-01	5.78e-01
 3.02820e+15	6.52e-04	4.94e-01	5.05e-01
 3.77354e+15	7.50e-04	5.79e-01	4.20e-01
 4.37298e+15	8.29e-04	6.53e-01	3.47e-01
 5.00065e+15	9.14e-04	7.28e-01	2.71e-01
 5.81662e+15	1.01e-03	8.15e-01	1.84e-01
 6.87738e+15	1.12e-03	8.99e-01	1.00e-01
 8.25636e+15	1.23e-03	9.58e-01	4.08e-02
 9.48757e+15	1.31e-03	9.82e-01	1.68e-02
 1.04363e+16	1.36e-03	9.90e-01	8.71e-03
 1.14800e+16	1.42e-03	9.94e-01	4.33e-03
 1.26280e+16	1.47e-03	9.96e-01	2.07e-03
 1.38908e+16	1.53e-03	9.98e-01	9.59e-04
 1.52798e+16	1.67e-03	9.98e-01	4.17e-04
 1.66500e+16	1.74e-03	9.98e-01	1.88e-04
 1.81278e+16	1.83e-03	9.98e-01	8.55e-05
 1.99113e+16	1.93e-03	9.98e-01	3.59e-05
 2.19024e+16	2.05e-03	9.98e-01	1.50e-05
 2.40926e+16	2.19e-03	9.98e-01	6.35e-06
 2.65019e+16	2.34e-03	9.98e-01	2.79e-06
 2.91521e+16	2.52e-03	9.97e-01	1.28e-06
 3.18436e+16	2.73e-03	9.97e-01	6.46e-07
 3.39100e+16	2.92e-03	9.97e-01	4.14e-07
 3.52302e+16	3.05e-03	9.97e-01	3.16e-07
 3.65115e+16	3.17e-03	9.97e-01	2.43e-07
 3.81773e+16	3.33e-03	9.97e-01	1.77e-07
 4.00272e+16	3.53e-03	9.96e-01	1.30e-07
 4.16493e+16	3.73e-03	9.96e-01	1.01e-07
 4.29589e+16	3.90e-03	9.96e-01	8.36e-08
 4.43294e+16	4.07e-03	9.96e-01	6.86e-08
 4.61110e+16	4.30e-03	9.96e-01	5.41e-08
 4.79061e+16	4.59e-03	9.95e-01	4.39e-08
 4.92185e+16	4.82e-03	9.95e-01	3.82e-08
 5.02112e+16	5.00e-03	9.95e-01	3.44e-08
 5.12883e+16	5.18e-03	9.95e-01	3.07e-08
 5.26885e+16	5.43e-03	9.95e-01	2.68e-08
 5.42155e+16	5.74e-03	9.94e-01	2.34e-08
 5.55128e+16	6.03e-03	9.94e-01	2.12e-08
 5.65536e+16	6.29e-03	9.94e-01	1.95e-08
 5.76555e+16	6.54e-03	9.93e-01	1.80e-08
 5.90879e+16	6.88e-03	9.93e-01	1.63e-08
 6.05778e+16	7.30e-03	9.93e-01	1.49e-08
 6.17420e+16	7.67e-03	9.92e-01	1.40e-08
 6.26580e+16	7.98e-03	9.92e-01	1.33e-08
 6.36514e+16	8.29e-03	9.92e-01	1.26e-08
 6.49428e+16	8.72e-03	9.91e-01	1.19e-08
 6.63332e+16	9.25e-03	9.91e-01	1.13e-08
 6.74921e+16	9.77e-03	9.90e-01	1.08e-08
 6.84176e+16	1.02e-02	9.90e-01	1.05e-08
 6.93998e+16	1.07e-02	9.89e-01	1.02e-08
 7.06763e+16	1.13e-02	9.89e-01	9.86e-09
 7.20152e+16	1.20e-02	9.88e-01	9.59e-09
 7.30597e+16	1.28e-02	9.87e-01	9.41e-09
 7.38404e+16	1.34e-02	9.87e-01	9.29e-09
 7.46543e+16	1.39e-02	9.86e-01	9.19e-09
 7.57124e+16	1.47e-02	9.85e-01	9.08e-09
 7.68752e+16	1.58e-02	9.84e-01	8.99e-09
 7.78719e+16	1.70e-02	9.83e-01	8.93e-09
 7.86648e+16	1.80e-02	9.82e-01	8.89e-09
 7.94953e+16	1.91e-02	9.81e-01	8.86e-09
 8.05748e+16	2.07e-02	9.79e-01	8.84e-09
 8.17075e+16	2.30e-02	9.77e-01	8.80e-09
 8.25510e+16	2.53e-02	9.75e-01	8.76e-09
 8.30981e+16	2.71e-02	9.73e-01	8.72e-09
 8.36179e+16	2.89e-02	9.71e-01	8.69e-09
 8.42936e+16	3.16e-02	9.68e-01	8.64e-09
 8.49838e+16	3.51e-02	9.65e-01	8.59e-09
 8.54983e+16	3.85e-02	9.61e-01	8.55e-09
 8.58709e+16	4.14e-02	9.59e-01	8.52e-09
 8.62538e+16	4.47e-02	9.55e-01	8.48e-09
 8.67515e+16	4.96e-02	9.50e-01	8.45e-09
 8.72438e+16	5.61e-02	9.44e-01	8.41e-09
 8.75875e+16	6.16e-02	9.38e-01	8.42e-09
 8.78332e+16	6.62e-02	9.34e-01	8.43e-09
 8.80930e+16	7.16e-02	9.28e-01	8.43e-09
 8.84307e+16	7.97e-02	9.20e-01	8.47e-09
 8.87761e+16	8.98e-02	9.10e-01	8.59e-09
 8.90379e+16	9.94e-02	9.01e-01	8.71e-09
 8.92383e+16	1.08e-01	8.92e-01	8.81e-09
 8.94472e+16	1.18e-01	8.82e-01	8.93e-09
 8.96899e+16	1.31e-01	8.69e-01	9.13e-09
 8.99191e+16	1.46e-01	8.54e-01	9.42e-09
 9.00948e+16	1.59e-01	8.41e-01	9.65e-09
 9.02305e+16	1.71e-01	8.29e-01	9.83e-09
 9.03584e+16	1.83e-01	8.17e-01	1.00e-08
 9.04667e+16	1.94e-01	8.06e-01	1.02e-08
 9.05403e+16	2.02e-01	7.98e-01	1.03e-08
 9.06045e+16	2.09e-01	7.91e-01	1.05e-08
 9.06802e+16	2.19e-01	7.81e-01	1.06e-08
 9.07645e+16	2.30e-01	7.70e-01	1.08e-08
 9.08420e+16	2.40e-01	7.60e-01	1.10e-08
 9.09095e+16	2.50e-01	7.50e-01	1.11e-08
 9.09741e+16	2.60e-01	7.40e-01	1.13e-08
 9.10412e+16	2.71e-01	7.29e-01	1.14e-08
 9.11095e+16	2.82e-01	7.18e-01	1.16e-08
 9.11750e+16	2.94e-01	7.06e-01	1.18e-08
 9.12367e+16	3.06e-01	6.94e-01	1.20e-08
 9.12968e+16	3.17e-01	6.83e-01	1.22e-08
 9.13569e+16	3.30e-01	6.70e-01	1.24e-08
 9.14166e+16	3.42e-01	6.58e-01	1.26e-08
 9.14746e+16	3.55e-01	6.45e-01	1.27e-08
 9.15307e+16	3.68e-01	6.32e-01	1.29e-08
 9.15858e+16	3.82e-01	6.18e-01	1.31e-08
 9.16401e+16	3.95e-01	6.05e-01	1.33e-08
 9.16936e+16	4.09e-01	5.91e-01	1.35e-08
 9.17458e+16	4.23e-01	5.77e-01	1.36e-08
 9.17970e+16	4.37e-01	5.63e-01	1.38e-08
 9.18471e+16	4.52e-01	5.48e-01	1.39e-08
 9.18962e+16	4.66e-01	5.34e-01	1.41e-08
 9.19445e+16	4.81e-01	5.19e-01	1.42e-08
 9.19920e+16	4.95e-01	5.05e-01	1.44e-08
 9.20385e+16	5.10e-01	4.90e-01	1.45e-08
 9.20841e+16	5.25e-01	4.75e-01	1.46e-08
 9.21286e+16	5.40e-01	4.60e-01	1.47e-08
 9.21717e+16	5.54e-01	4.46e-01	1.48e-08
 9.22134e+16	5.68e-01	4.32e-01	1.49e-08
 9.22540e+16	5.82e-01	4.18e-01	1.50e-08
 9.22936e+16	5.96e-01	4.04e-01	1.50e-08
 9.23321e+16	6.10e-01	3.90e-01	1.51e-08
 9.23696e+16	6.23e-01	3.77e-01	1.51e-08
 9.24059e+16	6.36e-01	3.64e-01	1.51e-08
 9.24414e+16	6.49e-01	3.51e-01	1.52e-08
 9.24760e+16	6.61e-01	3.39e-01	1.51e-08
 9.25096e+16	6.74e-01	3.26e-01	1.51e-08
 9.25423e+16	6.85e-01	3.15e-01	1.51e-08
 9.25743e+16	6.97e-01	3.03e-01	1.51e-08
 9.26057e+16	7.08e-01	2.92e-01	1.50e-08
 9.26363e+16	7.19e-01	2.81e-01	1.50e-08
 9.26661e+16	7.30e-01	2.70e-01	1.49e-08
 9.26952e+16	7.40e-01	2.60e-01	1.48e-08
 9.27235e+16	7.50e-01	2.50e-01	1.48e-08
 9.27511e+16	7.60e-01	2.40e-01	1.47e-08
 9.27786e+16	7.70e-01	2.30e-01	1.46e-08
 9.28051e+16	7.79e-01	2.21e-01	1.45e-08
 9.28305e+16	7.87e-01	2.13e-01	1.43e-08
 9.28555e+16	7.96e-01	2.04e-01	1.42e-08
 9.28803e+16	8.04e-01	1.96e-01	1.41e-08
 9.29044e+16	8.12e-01	1.88e-01	1.39e-08
 9.29278e+16	8.20e-01	1.80e-01	1.38e-08
 9.29505e+16	8.27e-01	1.73e-01	1.36e-08
 9.29726e+16	8.34e-01	1.66e-01	1.35e-08
 9.29942e+16	8.41e-01	1.59e-01	1.33e-08
 9.30153e+16	8.47e-01	1.53e-01	1.31e-08
 9.30359e+16	8.54e-01	1.46e-01	1.29e-08
 9.30559e+16	8.60e-01	1.40e-01	1.27e-08
 9.30752e+16	8.66e-01	1.34e-01	1.25e-08
 9.30940e+16	8.71e-01	1.29e-01	1.23e-08
 9.31122e+16	8.77e-01	1.23e-01	1.21e-08
 9.31299e+16	8.82e-01	1.18e-01	1.18e-08
 9.31469e+16	8.87e-01	1.13e-01	1.16e-08
 9.31631e+16	8.91e-01	1.09e-01	1.14e-08
 9.31780e+16	8.95e-01	1.05e-01	1.12e-08
 9.31919e+16	8.99e-01	1.01e-01	1.09e-08
 9.32047e+16	9.03e-01	9.69e-02	1.07e-08
 9.32163e+16	9.06e-01	9.35e-02	1.05e-08
 9.32269e+16	9.10e-01	9.04e-02	1.02e-08
 9.32368e+16	9.12e-01	8.76e-02	1.00e-08
 9.32460e+16	9.15e-01	8.49e-02	9.82e-09
 9.32544e+16	9.18e-01	8.24e-02	9.62e-09
 9.32621e+16	9.20e-01	8.01e-02	9.43e-09
 9.32693e+16	9.22e-01	7.80e-02	9.23e-09
 9.32759e+16	9.24e-01	7.60e-02	9.05e-09
 9.32821e+16	9.26e-01	7.41e-02	8.87e-09
 9.32877e+16	9.28e-01	7.24e-02	8.69e-09
 9.32929e+16	9.29e-01	7.07e-02	8.52e-09
 9.32978e+16	9.31e-01	6.94e-02	8.39e-09
 9.33026e+16	9.32e-01	6.76e-02	8.19e-09
 9.33070e+16	9.34e-01	6.62e-02	8.02e-09
 9.33107e+16	9.35e-01	6.51e-02	7.91e-09
 9.33143e+16	9.36e-01	6.37e-02	7.73e-09
 9.33177e+16	9.37e-01	6.26e-02	7.61e-09
 9.33208e+16	9.39e-01	6.14e-02	7.43e-09
 9.33236e+16	9.40e-01	6.05e-02	7.32e-09
 9.33261e+16	9.41e-01	5.93e-02	7.16e-09
 9.33285e+16	9.41e-01	5.85e-02	7.06e-09
 9.33307e+16	9.43e-01	5.74e-02	6.89e-09
 9.33328e+16	9.43e-01	5.67e-02	6.80e-09
 9.33346e+16	9.44e-01	5.57e-02	6.64e-09
 9.33364e+16	9.45e-01	5.51e-02	6.55e-09
 9.33379e+16	9.46e-01	5.41e-02	6.40e-09
 9.33394e+16	9.46e-01	5.35e-02	6.31e-09
 9.33407e+16	9.47e-01	5.26e-02	6.16e-09
 9.33420e+16	9.48e-01	5.21e-02	6.07e-09
 9.33431e+16	9.49e-01	5.12e-02	5.92e-09
 9.33442e+16	9.49e-01	5.06e-02	5.82e-09
 9.33451e+16	9.50e-01	4.98e-02	5.68e-09
 9.33460e+16	9.51e-01	4.90e-02	5.53e-09
 9.33470e+16	9.52e-01	4.81e-02	5.37e-09
 9.33479e+16	9.53e-01	4.69e-02	5.14e-09
 9.33488e+16	9.55e-01	4.53e-02	4.83e-09
 9.33498e+16	9.89e-01	1.11e-02	3.19e-10
