#depth	O	O+	O+2	O+3	O+4	O+5	O+6	O+7	O+8	O[1]	O[2]	O[3]
 4.74669e+11	3.23e-06	3.46e-03	3.48e-01	6.37e-01	1.16e-02	5.58e-07	0.00e+00	0.00e+00	0.00e+00	2.66e-06	3.67e-07	2.08e-07
 2.84802e+12	3.26e-06	3.47e-03	3.49e-01	6.36e-01	1.15e-02	5.53e-07	0.00e+00	0.00e+00	0.00e+00	2.68e-06	3.71e-07	2.10e-07
 1.23414e+13	3.26e-06	3.48e-03	3.50e-01	6.35e-01	1.14e-02	5.49e-07	0.00e+00	0.00e+00	0.00e+00	2.68e-06	3.71e-07	2.10e-07
 5.03150e+13	3.31e-06	3.52e-03	3.54e-01	6.32e-01	1.12e-02	5.34e-07	0.00e+00	0.00e+00	0.00e+00	2.71e-06	3.78e-07	2.15e-07
 1.20186e+14	3.36e-06	3.58e-03	3.60e-01	6.26e-01	1.08e-02	5.05e-07	0.00e+00	0.00e+00	0.00e+00	2.75e-06	3.87e-07	2.19e-07
 2.11019e+14	3.41e-06	3.65e-03	3.67e-01	6.19e-01	1.03e-02	4.73e-07	0.00e+00	0.00e+00	0.00e+00	2.79e-06	3.94e-07	2.23e-07
 3.29102e+14	3.51e-06	3.76e-03	3.78e-01	6.09e-01	9.72e-03	4.34e-07	0.00e+00	0.00e+00	0.00e+00	2.87e-06	4.08e-07	2.31e-07
 4.82609e+14	3.61e-06	3.89e-03	3.91e-01	5.97e-01	9.02e-03	3.91e-07	0.00e+00	0.00e+00	0.00e+00	2.96e-06	4.20e-07	2.38e-07
 6.82168e+14	3.77e-06	4.07e-03	4.08e-01	5.80e-01	8.17e-03	3.40e-07	0.00e+00	0.00e+00	0.00e+00	3.08e-06	4.40e-07	2.48e-07
 9.41596e+14	3.95e-06	4.29e-03	4.31e-01	5.57e-01	7.19e-03	2.86e-07	0.00e+00	0.00e+00	0.00e+00	3.23e-06	4.62e-07	2.60e-07
 1.27885e+15	4.21e-06	4.60e-03	4.63e-01	5.26e-01	6.06e-03	2.27e-07	0.00e+00	0.00e+00	0.00e+00	3.44e-06	4.94e-07	2.77e-07
 1.71728e+15	4.52e-06	5.01e-03	5.05e-01	4.85e-01	4.84e-03	1.69e-07	0.00e+00	0.00e+00	0.00e+00	3.69e-06	5.31e-07	2.98e-07
 2.28725e+15	4.90e-06	5.53e-03	5.62e-01	4.29e-01	3.56e-03	0.00e+00	0.00e+00	0.00e+00	0.00e+00	4.00e-06	5.76e-07	3.23e-07
 3.02820e+15	5.44e-06	6.25e-03	6.39e-01	3.52e-01	2.31e-03	0.00e+00	0.00e+00	0.00e+00	0.00e+00	4.44e-06	6.42e-07	3.61e-07
 3.77354e+15	5.85e-06	6.90e-03	7.16e-01	2.76e-01	1.42e-03	0.00e+00	0.00e+00	0.00e+00	0.00e+00	4.76e-06	6.96e-07	3.93e-07
 4.37298e+15	6.13e-06	7.39e-03	7.75e-01	2.17e-01	9.14e-04	0.00e+00	0.00e+00	0.00e+00	0.00e+00	4.99e-06	7.30e-07	4.14e-07
 5.00065e+15	6.56e-06	7.92e-03	8.30e-01	1.61e-01	5.40e-04	0.00e+00	0.00e+00	0.00e+00	0.00e+00	5.33e-06	7.83e-07	4.45e-07
 5.81662e+15	7.01e-06	8.50e-03	8.87e-01	1.04e-01	2.54e-04	0.00e+00	0.00e+00	0.00e+00	0.00e+00	5.69e-06	8.34e-07	4.77e-07
 6.87738e+15	7.71e-06	9.20e-03	9.36e-01	5.49e-02	8.50e-05	0.00e+00	0.00e+00	0.00e+00	0.00e+00	6.27e-06	9.17e-07	5.26e-07
 8.25636e+15	8.87e-06	1.01e-02	9.68e-01	2.21e-02	1.81e-05	0.00e+00	0.00e+00	0.00e+00	0.00e+00	7.20e-06	1.06e-06	6.08e-07
 9.48757e+15	9.88e-06	1.08e-02	9.80e-01	9.65e-03	4.46e-06	0.00e+00	0.00e+00	0.00e+00	0.00e+00	8.01e-06	1.19e-06	6.79e-07
 1.04363e+16	1.08e-05	1.13e-02	9.84e-01	5.12e-03	1.49e-06	0.00e+00	0.00e+00	0.00e+00	0.00e+00	8.72e-06	1.30e-06	7.40e-07
 1.14800e+16	1.18e-05	1.19e-02	9.85e-01	2.62e-03	4.64e-07	0.00e+00	0.00e+00	0.00e+00	0.00e+00	9.57e-06	1.44e-06	8.15e-07
 1.26280e+16	1.30e-05	1.26e-02	9.86e-01	1.29e-03	1.33e-07	0.00e+00	0.00e+00	0.00e+00	0.00e+00	1.05e-05	1.59e-06	9.00e-07
 1.38908e+16	1.44e-05	1.33e-02	9.86e-01	6.18e-04	0.00e+00	0.00e+00	0.00e+00	0.00e+00	0.00e+00	1.16e-05	1.76e-06	9.95e-07
 1.52798e+16	1.79e-05	1.48e-02	9.85e-01	2.70e-04	0.00e+00	0.00e+00	0.00e+00	0.00e+00	0.00e+00	1.43e-05	2.30e-06	1.28e-06
 1.66500e+16	2.01e-05	1.58e-02	9.84e-01	1.25e-04	0.00e+00	0.00e+00	0.00e+00	0.00e+00	0.00e+00	1.60e-05	2.58e-06	1.44e-06
 1.81278e+16	2.27e-05	1.68e-02	9.83e-01	5.77e-05	0.00e+00	0.00e+00	0.00e+00	0.00e+00	0.00e+00	1.81e-05	2.95e-06	1.64e-06
 1.99113e+16	2.60e-05	1.81e-02	9.82e-01	2.47e-05	0.00e+00	0.00e+00	0.00e+00	0.00e+00	0.00e+00	2.08e-05	3.39e-06	1.89e-06
 2.19024e+16	3.03e-05	1.97e-02	9.80e-01	1.05e-05	0.00e+00	0.00e+00	0.00e+00	0.00e+00	0.00e+00	2.42e-05	3.96e-06	2.22e-06
 2.40926e+16	3.58e-05	2.14e-02	9.79e-01	4.52e-06	0.00e+00	0.00e+00	0.00e+00	0.00e+00	0.00e+00	2.85e-05	4.68e-06	2.63e-06
 2.65019e+16	4.28e-05	2.35e-02	9.76e-01	2.01e-06	0.00e+00	0.00e+00	0.00e+00	0.00e+00	0.00e+00	3.40e-05	5.60e-06	3.16e-06
 2.91521e+16	5.23e-05	2.60e-02	9.74e-01	9.24e-07	0.00e+00	0.00e+00	0.00e+00	0.00e+00	0.00e+00	4.15e-05	6.86e-06	3.89e-06
 3.18436e+16	6.51e-05	2.89e-02	9.71e-01	4.64e-07	0.00e+00	0.00e+00	0.00e+00	0.00e+00	0.00e+00	5.17e-05	8.57e-06	4.88e-06
 3.39100e+16	7.83e-05	3.16e-02	9.68e-01	2.93e-07	0.00e+00	0.00e+00	0.00e+00	0.00e+00	0.00e+00	6.21e-05	1.03e-05	5.90e-06
 3.52302e+16	8.86e-05	3.36e-02	9.66e-01	2.22e-07	0.00e+00	0.00e+00	0.00e+00	0.00e+00	0.00e+00	7.03e-05	1.17e-05	6.70e-06
 3.65115e+16	9.84e-05	3.52e-02	9.65e-01	1.70e-07	0.00e+00	0.00e+00	0.00e+00	0.00e+00	0.00e+00	7.80e-05	1.30e-05	7.46e-06
 3.81773e+16	1.13e-04	3.75e-02	9.62e-01	0.00e+00	0.00e+00	0.00e+00	0.00e+00	0.00e+00	0.00e+00	8.93e-05	1.48e-05	8.57e-06
 4.00272e+16	1.33e-04	4.05e-02	9.59e-01	0.00e+00	0.00e+00	0.00e+00	0.00e+00	0.00e+00	0.00e+00	1.05e-04	1.74e-05	1.02e-05
 4.16493e+16	1.56e-04	4.36e-02	9.56e-01	0.00e+00	0.00e+00	0.00e+00	0.00e+00	0.00e+00	0.00e+00	1.24e-04	2.04e-05	1.19e-05
 4.29589e+16	1.78e-04	4.64e-02	9.53e-01	0.00e+00	0.00e+00	0.00e+00	0.00e+00	0.00e+00	0.00e+00	1.41e-04	2.32e-05	1.36e-05
 4.43294e+16	2.01e-04	4.91e-02	9.51e-01	0.00e+00	0.00e+00	0.00e+00	0.00e+00	0.00e+00	0.00e+00	1.59e-04	2.62e-05	1.55e-05
 4.61110e+16	2.37e-04	5.29e-02	9.47e-01	0.00e+00	0.00e+00	0.00e+00	0.00e+00	0.00e+00	0.00e+00	1.88e-04	3.08e-05	1.83e-05
 4.79061e+16	2.88e-04	5.79e-02	9.42e-01	0.00e+00	0.00e+00	0.00e+00	0.00e+00	0.00e+00	0.00e+00	2.28e-04	3.74e-05	2.24e-05
 4.92185e+16	3.36e-04	6.22e-02	9.37e-01	0.00e+00	0.00e+00	0.00e+00	0.00e+00	0.00e+00	0.00e+00	2.67e-04	4.35e-05	2.61e-05
 5.02112e+16	3.76e-04	6.54e-02	9.34e-01	0.00e+00	0.00e+00	0.00e+00	0.00e+00	0.00e+00	0.00e+00	2.98e-04	4.84e-05	2.92e-05
 5.12883e+16	4.20e-04	6.89e-02	9.31e-01	0.00e+00	0.00e+00	0.00e+00	0.00e+00	0.00e+00	0.00e+00	3.34e-04	5.40e-05	3.28e-05
 5.26885e+16	4.87e-04	7.38e-02	9.26e-01	0.00e+00	0.00e+00	0.00e+00	0.00e+00	0.00e+00	0.00e+00	3.87e-04	6.22e-05	3.80e-05
 5.42155e+16	5.84e-04	8.03e-02	9.19e-01	0.00e+00	0.00e+00	0.00e+00	0.00e+00	0.00e+00	0.00e+00	4.64e-04	7.41e-05	4.57e-05
 5.55128e+16	6.92e-04	8.68e-02	9.12e-01	0.00e+00	0.00e+00	0.00e+00	0.00e+00	0.00e+00	0.00e+00	5.50e-04	8.73e-05	5.43e-05
 5.65536e+16	7.95e-04	9.27e-02	9.07e-01	0.00e+00	0.00e+00	0.00e+00	0.00e+00	0.00e+00	0.00e+00	6.32e-04	9.99e-05	6.24e-05
 5.76555e+16	9.07e-04	9.87e-02	9.00e-01	0.00e+00	0.00e+00	0.00e+00	0.00e+00	0.00e+00	0.00e+00	7.22e-04	1.13e-04	7.13e-05
 5.90879e+16	1.08e-03	1.07e-01	8.91e-01	0.00e+00	0.00e+00	0.00e+00	0.00e+00	0.00e+00	0.00e+00	8.61e-04	1.34e-04	8.52e-05
 6.05778e+16	1.34e-03	1.19e-01	8.80e-01	0.00e+00	0.00e+00	0.00e+00	0.00e+00	0.00e+00	0.00e+00	1.07e-03	1.65e-04	1.06e-04
 6.17420e+16	1.61e-03	1.30e-01	8.68e-01	0.00e+00	0.00e+00	0.00e+00	0.00e+00	0.00e+00	0.00e+00	1.29e-03	1.97e-04	1.27e-04
 6.26580e+16	1.86e-03	1.39e-01	8.59e-01	0.00e+00	0.00e+00	0.00e+00	0.00e+00	0.00e+00	0.00e+00	1.48e-03	2.27e-04	1.47e-04
 6.36514e+16	2.14e-03	1.49e-01	8.49e-01	0.00e+00	0.00e+00	0.00e+00	0.00e+00	0.00e+00	0.00e+00	1.71e-03	2.59e-04	1.69e-04
 6.49428e+16	2.57e-03	1.64e-01	8.34e-01	0.00e+00	0.00e+00	0.00e+00	0.00e+00	0.00e+00	0.00e+00	2.06e-03	3.10e-04	2.04e-04
 6.63332e+16	3.24e-03	1.83e-01	8.14e-01	0.00e+00	0.00e+00	0.00e+00	0.00e+00	0.00e+00	0.00e+00	2.59e-03	3.86e-04	2.57e-04
 6.74921e+16	3.99e-03	2.03e-01	7.93e-01	0.00e+00	0.00e+00	0.00e+00	0.00e+00	0.00e+00	0.00e+00	3.20e-03	4.73e-04	3.18e-04
 6.84176e+16	4.71e-03	2.20e-01	7.75e-01	0.00e+00	0.00e+00	0.00e+00	0.00e+00	0.00e+00	0.00e+00	3.78e-03	5.55e-04	3.75e-04
 6.93998e+16	5.53e-03	2.38e-01	7.56e-01	0.00e+00	0.00e+00	0.00e+00	0.00e+00	0.00e+00	0.00e+00	4.44e-03	6.46e-04	4.41e-04
 7.06763e+16	6.82e-03	2.64e-01	7.29e-01	0.00e+00	0.00e+00	0.00e+00	0.00e+00	0.00e+00	0.00e+00	5.48e-03	7.90e-04	5.44e-04
 7.20152e+16	8.79e-03	2.98e-01	6.93e-01	0.00e+00	0.00e+00	0.00e+00	0.00e+00	0.00e+00	0.00e+00	7.09e-03	1.01e-03	6.96e-04
 7.30597e+16	1.09e-02	3.29e-01	6.60e-01	0.00e+00	0.00e+00	0.00e+00	0.00e+00	0.00e+00	0.00e+00	8.81e-03	1.24e-03	8.60e-04
 7.38404e+16	1.28e-02	3.55e-01	6.32e-01	0.00e+00	0.00e+00	0.00e+00	0.00e+00	0.00e+00	0.00e+00	1.04e-02	1.44e-03	1.01e-03
 7.46543e+16	1.48e-02	3.80e-01	6.06e-01	0.00e+00	0.00e+00	0.00e+00	0.00e+00	0.00e+00	0.00e+00	1.20e-02	1.66e-03	1.16e-03
 7.57124e+16	1.80e-02	4.14e-01	5.68e-01	0.00e+00	0.00e+00	0.00e+00	0.00e+00	0.00e+00	0.00e+00	1.46e-02	1.99e-03	1.39e-03
 7.68752e+16	2.26e-02	4.57e-01	5.20e-01	0.00e+00	0.00e+00	0.00e+00	0.00e+00	0.00e+00	0.00e+00	1.84e-02	2.48e-03	1.74e-03
 7.78719e+16	2.81e-02	4.98e-01	4.74e-01	0.00e+00	0.00e+00	0.00e+00	0.00e+00	0.00e+00	0.00e+00	2.29e-02	3.04e-03	2.15e-03
 7.86648e+16	3.33e-02	5.32e-01	4.35e-01	0.00e+00	0.00e+00	0.00e+00	0.00e+00	0.00e+00	0.00e+00	2.72e-02	3.58e-03	2.53e-03
 7.94953e+16	3.91e-02	5.65e-01	3.96e-01	0.00e+00	0.00e+00	0.00e+00	0.00e+00	0.00e+00	0.00e+00	3.20e-02	4.17e-03	2.96e-03
 8.05748e+16	4.82e-02	6.06e-01	3.45e-01	0.00e+00	0.00e+00	0.00e+00	0.00e+00	0.00e+00	0.00e+00	3.95e-02	5.08e-03	3.62e-03
 8.17075e+16	6.18e-02	6.51e-01	2.87e-01	0.00e+00	0.00e+00	0.00e+00	0.00e+00	0.00e+00	0.00e+00	5.08e-02	6.44e-03	4.61e-03
 8.25510e+16	7.57e-02	6.84e-01	2.40e-01	0.00e+00	0.00e+00	0.00e+00	0.00e+00	0.00e+00	0.00e+00	6.23e-02	7.82e-03	5.61e-03
 8.30981e+16	8.63e-02	7.02e-01	2.11e-01	0.00e+00	0.00e+00	0.00e+00	0.00e+00	0.00e+00	0.00e+00	7.11e-02	8.84e-03	6.36e-03
 8.36179e+16	9.66e-02	7.17e-01	1.87e-01	0.00e+00	0.00e+00	0.00e+00	0.00e+00	0.00e+00	0.00e+00	7.97e-02	9.82e-03	7.08e-03
 8.42936e+16	1.12e-01	7.31e-01	1.56e-01	0.00e+00	0.00e+00	0.00e+00	0.00e+00	0.00e+00	0.00e+00	9.27e-02	1.13e-02	8.17e-03
 8.49838e+16	1.33e-01	7.42e-01	1.26e-01	0.00e+00	0.00e+00	0.00e+00	0.00e+00	0.00e+00	0.00e+00	1.10e-01	1.32e-02	9.61e-03
 8.54983e+16	1.52e-01	7.45e-01	1.04e-01	0.00e+00	0.00e+00	0.00e+00	0.00e+00	0.00e+00	0.00e+00	1.26e-01	1.50e-02	1.09e-02
 8.58709e+16	1.67e-01	7.44e-01	8.93e-02	0.00e+00	0.00e+00	0.00e+00	0.00e+00	0.00e+00	0.00e+00	1.38e-01	1.64e-02	1.20e-02
 8.62538e+16	1.83e-01	7.41e-01	7.61e-02	0.00e+00	0.00e+00	0.00e+00	0.00e+00	0.00e+00	0.00e+00	1.52e-01	1.79e-02	1.31e-02
 8.67515e+16	2.07e-01	7.32e-01	6.07e-02	0.00e+00	0.00e+00	0.00e+00	0.00e+00	0.00e+00	0.00e+00	1.73e-01	2.01e-02	1.47e-02
 8.72438e+16	2.38e-01	7.15e-01	4.62e-02	0.00e+00	0.00e+00	0.00e+00	0.00e+00	0.00e+00	0.00e+00	1.99e-01	2.30e-02	1.69e-02
 8.75875e+16	2.63e-01	6.99e-01	3.74e-02	0.00e+00	0.00e+00	0.00e+00	0.00e+00	0.00e+00	0.00e+00	2.19e-01	2.52e-02	1.85e-02
 8.78332e+16	2.82e-01	6.86e-01	3.20e-02	0.00e+00	0.00e+00	0.00e+00	0.00e+00	0.00e+00	0.00e+00	2.35e-01	2.68e-02	1.98e-02
 8.80930e+16	3.02e-01	6.71e-01	2.68e-02	0.00e+00	0.00e+00	0.00e+00	0.00e+00	0.00e+00	0.00e+00	2.53e-01	2.86e-02	2.11e-02
 8.84307e+16	3.32e-01	6.47e-01	2.09e-02	0.00e+00	0.00e+00	0.00e+00	0.00e+00	0.00e+00	0.00e+00	2.78e-01	3.12e-02	2.31e-02
 8.87761e+16	3.68e-01	6.16e-01	1.56e-02	0.00e+00	0.00e+00	0.00e+00	0.00e+00	0.00e+00	0.00e+00	3.09e-01	3.43e-02	2.54e-02
 8.90379e+16	3.99e-01	5.89e-01	1.22e-02	0.00e+00	0.00e+00	0.00e+00	0.00e+00	0.00e+00	0.00e+00	3.35e-01	3.68e-02	2.73e-02
 8.92383e+16	4.23e-01	5.67e-01	1.00e-02	0.00e+00	0.00e+00	0.00e+00	0.00e+00	0.00e+00	0.00e+00	3.55e-01	3.87e-02	2.88e-02
 8.94472e+16	4.48e-01	5.43e-01	8.10e-03	0.00e+00	0.00e+00	0.00e+00	0.00e+00	0.00e+00	0.00e+00	3.77e-01	4.07e-02	3.04e-02
 8.96899e+16	4.81e-01	5.12e-01	6.16e-03	0.00e+00	0.00e+00	0.00e+00	0.00e+00	0.00e+00	0.00e+00	4.06e-01	4.32e-02	3.23e-02
 8.99191e+16	5.16e-01	4.80e-01	4.63e-03	0.00e+00	0.00e+00	0.00e+00	0.00e+00	0.00e+00	0.00e+00	4.36e-01	4.55e-02	3.42e-02
 9.00948e+16	5.43e-01	4.54e-01	3.66e-03	0.00e+00	0.00e+00	0.00e+00	0.00e+00	0.00e+00	0.00e+00	4.60e-01	4.73e-02	3.56e-02
 9.02305e+16	5.64e-01	4.33e-01	3.03e-03	0.00e+00	0.00e+00	0.00e+00	0.00e+00	0.00e+00	0.00e+00	4.78e-01	4.86e-02	3.67e-02
 9.03584e+16	5.83e-01	4.14e-01	2.52e-03	0.00e+00	0.00e+00	0.00e+00	0.00e+00	0.00e+00	0.00e+00	4.96e-01	4.97e-02	3.77e-02
 9.04667e+16	6.01e-01	3.97e-01	2.13e-03	0.00e+00	0.00e+00	0.00e+00	0.00e+00	0.00e+00	0.00e+00	5.12e-01	5.07e-02	3.85e-02
 9.05403e+16	6.12e-01	3.86e-01	1.90e-03	0.00e+00	0.00e+00	0.00e+00	0.00e+00	0.00e+00	0.00e+00	5.22e-01	5.13e-02	3.90e-02
 9.06045e+16	6.22e-01	3.76e-01	1.73e-03	0.00e+00	0.00e+00	0.00e+00	0.00e+00	0.00e+00	0.00e+00	5.31e-01	5.17e-02	3.94e-02
 9.06802e+16	6.34e-01	3.64e-01	1.52e-03	0.00e+00	0.00e+00	0.00e+00	0.00e+00	0.00e+00	0.00e+00	5.42e-01	5.24e-02	4.00e-02
 9.07645e+16	6.48e-01	3.50e-01	1.32e-03	0.00e+00	0.00e+00	0.00e+00	0.00e+00	0.00e+00	0.00e+00	5.55e-01	5.30e-02	4.05e-02
 9.08420e+16	6.62e-01	3.37e-01	1.15e-03	0.00e+00	0.00e+00	0.00e+00	0.00e+00	0.00e+00	0.00e+00	5.67e-01	5.36e-02	4.11e-02
 9.09095e+16	6.73e-01	3.26e-01	1.01e-03	0.00e+00	0.00e+00	0.00e+00	0.00e+00	0.00e+00	0.00e+00	5.77e-01	5.40e-02	4.15e-02
 9.09741e+16	6.84e-01	3.16e-01	8.99e-04	0.00e+00	0.00e+00	0.00e+00	0.00e+00	0.00e+00	0.00e+00	5.87e-01	5.44e-02	4.19e-02
 9.10412e+16	6.95e-01	3.04e-01	7.90e-04	0.00e+00	0.00e+00	0.00e+00	0.00e+00	0.00e+00	0.00e+00	5.98e-01	5.49e-02	4.22e-02
 9.11095e+16	7.06e-01	2.93e-01	6.90e-04	0.00e+00	0.00e+00	0.00e+00	0.00e+00	0.00e+00	0.00e+00	6.09e-01	5.52e-02	4.26e-02
 9.11750e+16	7.18e-01	2.82e-01	6.03e-04	0.00e+00	0.00e+00	0.00e+00	0.00e+00	0.00e+00	0.00e+00	6.19e-01	5.55e-02	4.29e-02
 9.12367e+16	7.28e-01	2.71e-01	5.30e-04	0.00e+00	0.00e+00	0.00e+00	0.00e+00	0.00e+00	0.00e+00	6.29e-01	5.58e-02	4.32e-02
 9.12968e+16	7.38e-01	2.61e-01	4.66e-04	0.00e+00	0.00e+00	0.00e+00	0.00e+00	0.00e+00	0.00e+00	6.39e-01	5.60e-02	4.35e-02
 9.13569e+16	7.48e-01	2.51e-01	4.08e-04	0.00e+00	0.00e+00	0.00e+00	0.00e+00	0.00e+00	0.00e+00	6.48e-01	5.62e-02	4.37e-02
 9.14166e+16	7.58e-01	2.41e-01	3.56e-04	0.00e+00	0.00e+00	0.00e+00	0.00e+00	0.00e+00	0.00e+00	6.58e-01	5.64e-02	4.39e-02
 9.14746e+16	7.68e-01	2.32e-01	3.11e-04	0.00e+00	0.00e+00	0.00e+00	0.00e+00	0.00e+00	0.00e+00	6.67e-01	5.66e-02	4.41e-02
 9.15307e+16	7.77e-01	2.23e-01	2.72e-04	0.00e+00	0.00e+00	0.00e+00	0.00e+00	0.00e+00	0.00e+00	6.76e-01	5.67e-02	4.42e-02
 9.15858e+16	7.86e-01	2.14e-01	2.38e-04	0.00e+00	0.00e+00	0.00e+00	0.00e+00	0.00e+00	0.00e+00	6.85e-01	5.67e-02	4.43e-02
 9.16401e+16	7.95e-01	2.05e-01	2.08e-04	0.00e+00	0.00e+00	0.00e+00	0.00e+00	0.00e+00	0.00e+00	6.93e-01	5.68e-02	4.44e-02
 9.16936e+16	8.03e-01	1.97e-01	1.81e-04	0.00e+00	0.00e+00	0.00e+00	0.00e+00	0.00e+00	0.00e+00	7.02e-01	5.68e-02	4.45e-02
 9.17458e+16	8.11e-01	1.89e-01	1.57e-04	0.00e+00	0.00e+00	0.00e+00	0.00e+00	0.00e+00	0.00e+00	7.10e-01	5.69e-02	4.46e-02
 9.17970e+16	8.19e-01	1.81e-01	1.37e-04	0.00e+00	0.00e+00	0.00e+00	0.00e+00	0.00e+00	0.00e+00	7.18e-01	5.68e-02	4.46e-02
 9.18471e+16	8.27e-01	1.73e-01	1.20e-04	0.00e+00	0.00e+00	0.00e+00	0.00e+00	0.00e+00	0.00e+00	7.26e-01	5.67e-02	4.46e-02
 9.18962e+16	8.34e-01	1.66e-01	1.04e-04	0.00e+00	0.00e+00	0.00e+00	0.00e+00	0.00e+00	0.00e+00	7.33e-01	5.67e-02	4.46e-02
 9.19445e+16	8.41e-01	1.58e-01	9.04e-05	0.00e+00	0.00e+00	0.00e+00	0.00e+00	0.00e+00	0.00e+00	7.40e-01	5.66e-02	4.46e-02
 9.19920e+16	8.48e-01	1.52e-01	7.86e-05	0.00e+00	0.00e+00	0.00e+00	0.00e+00	0.00e+00	0.00e+00	7.47e-01	5.65e-02	4.45e-02
 9.20385e+16	8.55e-01	1.45e-01	6.82e-05	0.00e+00	0.00e+00	0.00e+00	0.00e+00	0.00e+00	0.00e+00	7.54e-01	5.64e-02	4.45e-02
 9.20841e+16	8.61e-01	1.39e-01	5.93e-05	0.00e+00	0.00e+00	0.00e+00	0.00e+00	0.00e+00	0.00e+00	7.61e-01	5.63e-02	4.44e-02
 9.21286e+16	8.67e-01	1.32e-01	5.15e-05	0.00e+00	0.00e+00	0.00e+00	0.00e+00	0.00e+00	0.00e+00	7.67e-01	5.61e-02	4.43e-02
 9.21717e+16	8.73e-01	1.27e-01	4.48e-05	0.00e+00	0.00e+00	0.00e+00	0.00e+00	0.00e+00	0.00e+00	7.73e-01	5.60e-02	4.43e-02
 9.22134e+16	8.79e-01	1.21e-01	3.90e-05	0.00e+00	0.00e+00	0.00e+00	0.00e+00	0.00e+00	0.00e+00	7.79e-01	5.59e-02	4.42e-02
 9.22540e+16	8.84e-01	1.16e-01	3.41e-05	0.00e+00	0.00e+00	0.00e+00	0.00e+00	0.00e+00	0.00e+00	7.84e-01	5.57e-02	4.41e-02
 9.22936e+16	8.89e-01	1.11e-01	2.97e-05	0.00e+00	0.00e+00	0.00e+00	0.00e+00	0.00e+00	0.00e+00	7.89e-01	5.56e-02	4.40e-02
 9.23321e+16	8.94e-01	1.06e-01	2.60e-05	0.00e+00	0.00e+00	0.00e+00	0.00e+00	0.00e+00	0.00e+00	7.94e-01	5.55e-02	4.38e-02
 9.23696e+16	8.98e-01	1.02e-01	2.27e-05	0.00e+00	0.00e+00	0.00e+00	0.00e+00	0.00e+00	0.00e+00	7.99e-01	5.53e-02	4.37e-02
 9.24059e+16	9.03e-01	9.74e-02	1.99e-05	0.00e+00	0.00e+00	0.00e+00	0.00e+00	0.00e+00	0.00e+00	8.04e-01	5.52e-02	4.36e-02
 9.24414e+16	9.07e-01	9.33e-02	1.75e-05	0.00e+00	0.00e+00	0.00e+00	0.00e+00	0.00e+00	0.00e+00	8.08e-01	5.51e-02	4.35e-02
 9.24760e+16	9.11e-01	8.94e-02	1.53e-05	0.00e+00	0.00e+00	0.00e+00	0.00e+00	0.00e+00	0.00e+00	8.12e-01	5.50e-02	4.34e-02
 9.25096e+16	9.14e-01	8.56e-02	1.35e-05	0.00e+00	0.00e+00	0.00e+00	0.00e+00	0.00e+00	0.00e+00	8.16e-01	5.49e-02	4.33e-02
 9.25423e+16	9.18e-01	8.21e-02	1.18e-05	0.00e+00	0.00e+00	0.00e+00	0.00e+00	0.00e+00	0.00e+00	8.20e-01	5.48e-02	4.32e-02
 9.25743e+16	9.21e-01	7.87e-02	1.04e-05	0.00e+00	0.00e+00	0.00e+00	0.00e+00	0.00e+00	0.00e+00	8.24e-01	5.47e-02	4.31e-02
 9.26057e+16	9.25e-01	7.54e-02	9.18e-06	0.00e+00	0.00e+00	0.00e+00	0.00e+00	0.00e+00	0.00e+00	8.27e-01	5.46e-02	4.30e-02
 9.26363e+16	9.28e-01	7.23e-02	8.09e-06	0.00e+00	0.00e+00	0.00e+00	0.00e+00	0.00e+00	0.00e+00	8.30e-01	5.45e-02	4.29e-02
 9.26661e+16	9.31e-01	6.93e-02	7.14e-06	0.00e+00	0.00e+00	0.00e+00	0.00e+00	0.00e+00	0.00e+00	8.33e-01	5.45e-02	4.28e-02
 9.26952e+16	9.34e-01	6.65e-02	6.30e-06	0.00e+00	0.00e+00	0.00e+00	0.00e+00	0.00e+00	0.00e+00	8.36e-01	5.44e-02	4.27e-02
 9.27235e+16	9.36e-01	6.37e-02	5.57e-06	0.00e+00	0.00e+00	0.00e+00	0.00e+00	0.00e+00	0.00e+00	8.39e-01	5.44e-02	4.26e-02
 9.27511e+16	9.39e-01	6.12e-02	4.94e-06	0.00e+00	0.00e+00	0.00e+00	0.00e+00	0.00e+00	0.00e+00	8.42e-01	5.43e-02	4.25e-02
 9.27786e+16	9.41e-01	5.86e-02	4.35e-06	0.00e+00	0.00e+00	0.00e+00	0.00e+00	0.00e+00	0.00e+00	8.45e-01	5.43e-02	4.24e-02
 9.28051e+16	9.44e-01	5.62e-02	3.85e-06	0.00e+00	0.00e+00	0.00e+00	0.00e+00	0.00e+00	0.00e+00	8.47e-01	5.43e-02	4.23e-02
 9.28305e+16	9.46e-01	5.40e-02	3.42e-06	0.00e+00	0.00e+00	0.00e+00	0.00e+00	0.00e+00	0.00e+00	8.50e-01	5.43e-02	4.22e-02
 9.28555e+16	9.48e-01	5.18e-02	3.04e-06	0.00e+00	0.00e+00	0.00e+00	0.00e+00	0.00e+00	0.00e+00	8.52e-01	5.43e-02	4.21e-02
 9.28803e+16	9.50e-01	4.97e-02	2.69e-06	0.00e+00	0.00e+00	0.00e+00	0.00e+00	0.00e+00	0.00e+00	8.54e-01	5.43e-02	4.20e-02
 9.29044e+16	9.52e-01	4.77e-02	2.39e-06	0.00e+00	0.00e+00	0.00e+00	0.00e+00	0.00e+00	0.00e+00	8.56e-01	5.44e-02	4.19e-02
 9.29278e+16	9.54e-01	4.57e-02	2.12e-06	0.00e+00	0.00e+00	0.00e+00	0.00e+00	0.00e+00	0.00e+00	8.58e-01	5.44e-02	4.19e-02
 9.29505e+16	9.56e-01	4.39e-02	1.89e-06	0.00e+00	0.00e+00	0.00e+00	0.00e+00	0.00e+00	0.00e+00	8.60e-01	5.45e-02	4.18e-02
 9.29726e+16	9.58e-01	4.22e-02	1.68e-06	0.00e+00	0.00e+00	0.00e+00	0.00e+00	0.00e+00	0.00e+00	8.61e-01	5.47e-02	4.18e-02
 9.29942e+16	9.60e-01	4.05e-02	1.50e-06	0.00e+00	0.00e+00	0.00e+00	0.00e+00	0.00e+00	0.00e+00	8.63e-01	5.48e-02	4.18e-02
 9.30153e+16	9.61e-01	3.88e-02	1.34e-06	0.00e+00	0.00e+00	0.00e+00	0.00e+00	0.00e+00	0.00e+00	8.64e-01	5.49e-02	4.18e-02
 9.30359e+16	9.63e-01	3.72e-02	1.19e-06	0.00e+00	0.00e+00	0.00e+00	0.00e+00	0.00e+00	0.00e+00	8.66e-01	5.51e-02	4.18e-02
 9.30559e+16	9.64e-01	3.57e-02	1.06e-06	0.00e+00	0.00e+00	0.00e+00	0.00e+00	0.00e+00	0.00e+00	8.67e-01	5.53e-02	4.18e-02
 9.30752e+16	9.66e-01	3.43e-02	9.50e-07	0.00e+00	0.00e+00	0.00e+00	0.00e+00	0.00e+00	0.00e+00	8.68e-01	5.55e-02	4.18e-02
 9.30940e+16	9.67e-01	3.29e-02	8.49e-07	0.00e+00	0.00e+00	0.00e+00	0.00e+00	0.00e+00	0.00e+00	8.69e-01	5.58e-02	4.18e-02
 9.31122e+16	9.68e-01	3.16e-02	7.59e-07	0.00e+00	0.00e+00	0.00e+00	0.00e+00	0.00e+00	0.00e+00	8.70e-01	5.60e-02	4.19e-02
 9.31299e+16	9.70e-01	3.03e-02	6.79e-07	0.00e+00	0.00e+00	0.00e+00	0.00e+00	0.00e+00	0.00e+00	8.71e-01	5.63e-02	4.20e-02
 9.31469e+16	9.71e-01	2.91e-02	6.08e-07	0.00e+00	0.00e+00	0.00e+00	0.00e+00	0.00e+00	0.00e+00	8.72e-01	5.67e-02	4.20e-02
 9.31631e+16	9.72e-01	2.79e-02	5.46e-07	0.00e+00	0.00e+00	0.00e+00	0.00e+00	0.00e+00	0.00e+00	8.73e-01	5.70e-02	4.21e-02
 9.31780e+16	9.73e-01	2.69e-02	4.95e-07	0.00e+00	0.00e+00	0.00e+00	0.00e+00	0.00e+00	0.00e+00	8.74e-01	5.73e-02	4.22e-02
 9.31919e+16	9.74e-01	2.59e-02	4.49e-07	0.00e+00	0.00e+00	0.00e+00	0.00e+00	0.00e+00	0.00e+00	8.74e-01	5.77e-02	4.24e-02
 9.32047e+16	9.75e-01	2.50e-02	4.10e-07	0.00e+00	0.00e+00	0.00e+00	0.00e+00	0.00e+00	0.00e+00	8.74e-01	5.82e-02	4.25e-02
 9.32163e+16	9.76e-01	2.41e-02	3.76e-07	0.00e+00	0.00e+00	0.00e+00	0.00e+00	0.00e+00	0.00e+00	8.75e-01	5.86e-02	4.26e-02
 9.32269e+16	9.77e-01	2.34e-02	3.47e-07	0.00e+00	0.00e+00	0.00e+00	0.00e+00	0.00e+00	0.00e+00	8.75e-01	5.90e-02	4.28e-02
 9.32368e+16	9.77e-01	2.27e-02	3.21e-07	0.00e+00	0.00e+00	0.00e+00	0.00e+00	0.00e+00	0.00e+00	8.75e-01	5.94e-02	4.29e-02
 9.32460e+16	9.78e-01	2.20e-02	2.98e-07	0.00e+00	0.00e+00	0.00e+00	0.00e+00	0.00e+00	0.00e+00	8.75e-01	5.99e-02	4.31e-02
 9.32544e+16	9.79e-01	2.14e-02	2.78e-07	0.00e+00	0.00e+00	0.00e+00	0.00e+00	0.00e+00	0.00e+00	8.75e-01	6.03e-02	4.32e-02
 9.32621e+16	9.79e-01	2.08e-02	2.60e-07	0.00e+00	0.00e+00	0.00e+00	0.00e+00	0.00e+00	0.00e+00	8.75e-01	6.08e-02	4.34e-02
 9.32693e+16	9.80e-01	2.03e-02	2.44e-07	0.00e+00	0.00e+00	0.00e+00	0.00e+00	0.00e+00	0.00e+00	8.75e-01	6.13e-02	4.36e-02
 9.32759e+16	9.80e-01	1.98e-02	2.30e-07	0.00e+00	0.00e+00	0.00e+00	0.00e+00	0.00e+00	0.00e+00	8.75e-01	6.17e-02	4.37e-02
 9.32821e+16	9.81e-01	1.93e-02	2.17e-07	0.00e+00	0.00e+00	0.00e+00	0.00e+00	0.00e+00	0.00e+00	8.75e-01	6.22e-02	4.39e-02
 9.32877e+16	9.81e-01	1.89e-02	2.05e-07	0.00e+00	0.00e+00	0.00e+00	0.00e+00	0.00e+00	0.00e+00	8.74e-01	6.27e-02	4.41e-02
 9.32929e+16	9.82e-01	1.84e-02	1.94e-07	0.00e+00	0.00e+00	0.00e+00	0.00e+00	0.00e+00	0.00e+00	8.74e-01	6.32e-02	4.43e-02
 9.32978e+16	9.82e-01	1.81e-02	1.86e-07	0.00e+00	0.00e+00	0.00e+00	0.00e+00	0.00e+00	0.00e+00	8.74e-01	6.35e-02	4.44e-02
 9.33026e+16	9.82e-01	1.76e-02	1.75e-07	0.00e+00	0.00e+00	0.00e+00	0.00e+00	0.00e+00	0.00e+00	8.74e-01	6.42e-02	4.46e-02
 9.33070e+16	9.83e-01	1.72e-02	1.67e-07	0.00e+00	0.00e+00	0.00e+00	0.00e+00	0.00e+00	0.00e+00	8.73e-01	6.47e-02	4.48e-02
 9.33107e+16	9.83e-01	1.69e-02	1.60e-07	0.00e+00	0.00e+00	0.00e+00	0.00e+00	0.00e+00	0.00e+00	8.73e-01	6.50e-02	4.49e-02
 9.33143e+16	9.83e-01	1.66e-02	1.53e-07	0.00e+00	0.00e+00	0.00e+00	0.00e+00	0.00e+00	0.00e+00	8.73e-01	6.57e-02	4.52e-02
 9.33177e+16	9.84e-01	1.63e-02	1.47e-07	0.00e+00	0.00e+00	0.00e+00	0.00e+00	0.00e+00	0.00e+00	8.72e-01	6.60e-02	4.53e-02
 9.33208e+16	9.84e-01	1.59e-02	1.40e-07	0.00e+00	0.00e+00	0.00e+00	0.00e+00	0.00e+00	0.00e+00	8.72e-01	6.67e-02	4.56e-02
 9.33236e+16	9.84e-01	1.57e-02	1.36e-07	0.00e+00	0.00e+00	0.00e+00	0.00e+00	0.00e+00	0.00e+00	8.72e-01	6.71e-02	4.57e-02
 9.33261e+16	9.85e-01	1.54e-02	1.30e-07	0.00e+00	0.00e+00	0.00e+00	0.00e+00	0.00e+00	0.00e+00	8.71e-01	6.78e-02	4.60e-02
 9.33285e+16	9.85e-01	1.51e-02	1.26e-07	0.00e+00	0.00e+00	0.00e+00	0.00e+00	0.00e+00	0.00e+00	8.71e-01	6.81e-02	4.61e-02
 9.33307e+16	9.85e-01	1.48e-02	1.21e-07	0.00e+00	0.00e+00	0.00e+00	0.00e+00	0.00e+00	0.00e+00	8.70e-01	6.88e-02	4.63e-02
 9.33328e+16	9.85e-01	1.46e-02	1.17e-07	0.00e+00	0.00e+00	0.00e+00	0.00e+00	0.00e+00	0.00e+00	8.70e-01	6.92e-02	4.65e-02
 9.33346e+16	9.86e-01	1.43e-02	1.13e-07	0.00e+00	0.00e+00	0.00e+00	0.00e+00	0.00e+00	0.00e+00	8.69e-01	6.99e-02	4.67e-02
 9.33364e+16	9.86e-01	1.41e-02	1.10e-07	0.00e+00	0.00e+00	0.00e+00	0.00e+00	0.00e+00	0.00e+00	8.69e-01	7.03e-02	4.69e-02
 9.33379e+16	9.86e-01	1.39e-02	1.05e-07	0.00e+00	0.00e+00	0.00e+00	0.00e+00	0.00e+00	0.00e+00	8.68e-01	7.11e-02	4.71e-02
 9.33394e+16	9.86e-01	1.37e-02	1.03e-07	0.00e+00	0.00e+00	0.00e+00	0.00e+00	0.00e+00	0.00e+00	8.68e-01	7.15e-02	4.73e-02
 9.33407e+16	9.87e-01	1.34e-02	9.89e-08	0.00e+00	0.00e+00	0.00e+00	0.00e+00	0.00e+00	0.00e+00	8.67e-01	7.23e-02	4.75e-02
 9.33420e+16	9.87e-01	1.32e-02	9.65e-08	0.00e+00	0.00e+00	0.00e+00	0.00e+00	0.00e+00	0.00e+00	8.66e-01	7.27e-02	4.77e-02
 9.33431e+16	9.87e-01	1.30e-02	9.28e-08	0.00e+00	0.00e+00	0.00e+00	0.00e+00	0.00e+00	0.00e+00	8.66e-01	7.35e-02	4.80e-02
 9.33442e+16	9.87e-01	1.28e-02	9.06e-08	0.00e+00	0.00e+00	0.00e+00	0.00e+00	0.00e+00	0.00e+00	8.65e-01	7.39e-02	4.81e-02
 9.33451e+16	9.87e-01	1.26e-02	8.72e-08	0.00e+00	0.00e+00	0.00e+00	0.00e+00	0.00e+00	0.00e+00	8.64e-01	7.48e-02	4.84e-02
 9.33460e+16	9.88e-01	1.23e-02	8.40e-08	0.00e+00	0.00e+00	0.00e+00	0.00e+00	0.00e+00	0.00e+00	8.63e-01	7.57e-02	4.87e-02
 9.33470e+16	9.88e-01	1.20e-02	8.07e-08	0.00e+00	0.00e+00	0.00e+00	0.00e+00	0.00e+00	0.00e+00	8.62e-01	7.66e-02	4.90e-02
 9.33479e+16	9.88e-01	1.16e-02	7.62e-08	0.00e+00	0.00e+00	0.00e+00	0.00e+00	0.00e+00	0.00e+00	8.61e-01	7.81e-02	4.95e-02
 9.33488e+16	9.89e-01	1.11e-02	7.03e-08	0.00e+00	0.00e+00	0.00e+00	0.00e+00	0.00e+00	0.00e+00	8.58e-01	8.03e-02	5.02e-02
 9.33498e+16	9.98e-01	1.66e-03	1.87e-09	0.00e+00	0.00e+00	0.00e+00	0.00e+00	0.00e+00	0.00e+00	7.94e-01	1.50e-01	5.41e-02
