#depth	O	O+	O+2	O+3	O+4	O+5	O+6	O+7	O+8	O[1]	O[2]	O[3]
 2.77401e+11	2.75e-05	3.97e-02	9.60e-01	2.11e-04	0.00e+00	0.00e+00	0.00e+00	0.00e+00	0.00e+00	1.80e-05	6.64e-06	2.85e-06
 1.66441e+12	2.75e-05	3.97e-02	9.60e-01	2.10e-04	0.00e+00	0.00e+00	0.00e+00	0.00e+00	0.00e+00	1.80e-05	6.64e-06	2.85e-06
 7.21243e+12	2.75e-05	3.97e-02	9.60e-01	2.07e-04	0.00e+00	0.00e+00	0.00e+00	0.00e+00	0.00e+00	1.80e-05	6.65e-06	2.85e-06
 2.94045e+13	2.76e-05	3.98e-02	9.60e-01	1.95e-04	0.00e+00	0.00e+00	0.00e+00	0.00e+00	0.00e+00	1.80e-05	6.67e-06	2.86e-06
 7.02379e+13	2.75e-05	3.99e-02	9.60e-01	1.79e-04	0.00e+00	0.00e+00	0.00e+00	0.00e+00	0.00e+00	1.80e-05	6.66e-06	2.86e-06
 1.23321e+14	2.76e-05	4.00e-02	9.60e-01	1.60e-04	0.00e+00	0.00e+00	0.00e+00	0.00e+00	0.00e+00	1.80e-05	6.67e-06	2.86e-06
 1.92330e+14	2.76e-05	4.01e-02	9.60e-01	1.38e-04	0.00e+00	0.00e+00	0.00e+00	0.00e+00	0.00e+00	1.80e-05	6.68e-06	2.86e-06
 2.82041e+14	2.77e-05	4.03e-02	9.60e-01	1.13e-04	0.00e+00	0.00e+00	0.00e+00	0.00e+00	0.00e+00	1.81e-05	6.71e-06	2.88e-06
 3.98665e+14	2.79e-05	4.06e-02	9.59e-01	8.63e-05	0.00e+00	0.00e+00	0.00e+00	0.00e+00	0.00e+00	1.82e-05	6.75e-06	2.90e-06
 5.50277e+14	2.82e-05	4.09e-02	9.59e-01	6.09e-05	0.00e+00	0.00e+00	0.00e+00	0.00e+00	0.00e+00	1.84e-05	6.82e-06	2.93e-06
 7.47372e+14	2.87e-05	4.14e-02	9.59e-01	3.87e-05	0.00e+00	0.00e+00	0.00e+00	0.00e+00	0.00e+00	1.87e-05	6.93e-06	2.98e-06
 1.00360e+15	2.93e-05	4.21e-02	9.58e-01	2.15e-05	0.00e+00	0.00e+00	0.00e+00	0.00e+00	0.00e+00	1.92e-05	7.09e-06	3.05e-06
 1.33669e+15	3.03e-05	4.29e-02	9.57e-01	1.02e-05	0.00e+00	0.00e+00	0.00e+00	0.00e+00	0.00e+00	1.98e-05	7.32e-06	3.15e-06
 1.76970e+15	3.18e-05	4.40e-02	9.56e-01	4.00e-06	0.00e+00	0.00e+00	0.00e+00	0.00e+00	0.00e+00	2.08e-05	7.67e-06	3.30e-06
 2.33263e+15	3.39e-05	4.55e-02	9.54e-01	1.34e-06	0.00e+00	0.00e+00	0.00e+00	0.00e+00	0.00e+00	2.22e-05	8.19e-06	3.53e-06
 3.06443e+15	3.72e-05	4.76e-02	9.52e-01	4.57e-07	0.00e+00	0.00e+00	0.00e+00	0.00e+00	0.00e+00	2.44e-05	8.96e-06	3.86e-06
 4.00275e+15	4.20e-05	5.03e-02	9.50e-01	2.28e-07	0.00e+00	0.00e+00	0.00e+00	0.00e+00	0.00e+00	2.75e-05	1.01e-05	4.37e-06
 5.05215e+15	4.82e-05	5.35e-02	9.46e-01	1.73e-07	0.00e+00	0.00e+00	0.00e+00	0.00e+00	0.00e+00	3.16e-05	1.16e-05	5.00e-06
 6.10155e+15	5.58e-05	5.70e-02	9.43e-01	1.52e-07	0.00e+00	0.00e+00	0.00e+00	0.00e+00	0.00e+00	3.65e-05	1.34e-05	5.79e-06
 7.15095e+15	6.53e-05	6.09e-02	9.39e-01	1.38e-07	0.00e+00	0.00e+00	0.00e+00	0.00e+00	0.00e+00	4.28e-05	1.57e-05	6.77e-06
 8.05943e+15	7.50e-05	6.44e-02	9.35e-01	0.00e+00	0.00e+00	0.00e+00	0.00e+00	0.00e+00	0.00e+00	4.91e-05	1.81e-05	7.78e-06
 8.86537e+15	8.61e-05	6.81e-02	9.32e-01	0.00e+00	0.00e+00	0.00e+00	0.00e+00	0.00e+00	0.00e+00	5.64e-05	2.07e-05	8.93e-06
 9.75191e+15	1.01e-04	7.25e-02	9.27e-01	0.00e+00	0.00e+00	0.00e+00	0.00e+00	0.00e+00	0.00e+00	6.61e-05	2.43e-05	1.05e-05
 1.06546e+16	1.20e-04	7.75e-02	9.22e-01	0.00e+00	0.00e+00	0.00e+00	0.00e+00	0.00e+00	0.00e+00	7.83e-05	2.89e-05	1.24e-05
 1.14784e+16	1.41e-04	8.27e-02	9.17e-01	0.00e+00	0.00e+00	0.00e+00	0.00e+00	0.00e+00	0.00e+00	9.24e-05	3.41e-05	1.46e-05
 1.22143e+16	1.65e-04	8.80e-02	9.12e-01	0.00e+00	0.00e+00	0.00e+00	0.00e+00	0.00e+00	0.00e+00	1.08e-04	4.00e-05	1.71e-05
 1.29013e+16	1.93e-04	9.36e-02	9.06e-01	0.00e+00	0.00e+00	0.00e+00	0.00e+00	0.00e+00	0.00e+00	1.27e-04	4.68e-05	2.00e-05
 1.35637e+16	2.27e-04	9.98e-02	9.00e-01	0.00e+00	0.00e+00	0.00e+00	0.00e+00	0.00e+00	0.00e+00	1.49e-04	5.51e-05	2.35e-05
 1.41998e+16	2.68e-04	1.07e-01	8.93e-01	0.00e+00	0.00e+00	0.00e+00	0.00e+00	0.00e+00	0.00e+00	1.75e-04	6.50e-05	2.77e-05
 1.48006e+16	3.16e-04	1.14e-01	8.86e-01	0.00e+00	0.00e+00	0.00e+00	0.00e+00	0.00e+00	0.00e+00	2.06e-04	7.67e-05	3.26e-05
 1.53654e+16	3.73e-04	1.22e-01	8.78e-01	0.00e+00	0.00e+00	0.00e+00	0.00e+00	0.00e+00	0.00e+00	2.44e-04	9.06e-05	3.85e-05
 1.59002e+16	4.41e-04	1.31e-01	8.69e-01	0.00e+00	0.00e+00	0.00e+00	0.00e+00	0.00e+00	0.00e+00	2.88e-04	1.07e-04	4.54e-05
 1.63956e+16	5.19e-04	1.40e-01	8.60e-01	0.00e+00	0.00e+00	0.00e+00	0.00e+00	0.00e+00	0.00e+00	3.39e-04	1.26e-04	5.35e-05
 1.68414e+16	6.08e-04	1.49e-01	8.50e-01	0.00e+00	0.00e+00	0.00e+00	0.00e+00	0.00e+00	0.00e+00	3.97e-04	1.48e-04	6.26e-05
 1.72427e+16	7.06e-04	1.59e-01	8.40e-01	0.00e+00	0.00e+00	0.00e+00	0.00e+00	0.00e+00	0.00e+00	4.61e-04	1.72e-04	7.26e-05
 1.76038e+16	8.13e-04	1.69e-01	8.30e-01	0.00e+00	0.00e+00	0.00e+00	0.00e+00	0.00e+00	0.00e+00	5.30e-04	1.98e-04	8.36e-05
 1.79289e+16	9.29e-04	1.79e-01	8.20e-01	0.00e+00	0.00e+00	0.00e+00	0.00e+00	0.00e+00	0.00e+00	6.06e-04	2.27e-04	9.55e-05
 1.82214e+16	1.05e-03	1.89e-01	8.10e-01	0.00e+00	0.00e+00	0.00e+00	0.00e+00	0.00e+00	0.00e+00	6.87e-04	2.57e-04	1.08e-04
 1.84846e+16	1.19e-03	1.98e-01	8.00e-01	0.00e+00	0.00e+00	0.00e+00	0.00e+00	0.00e+00	0.00e+00	7.73e-04	2.89e-04	1.22e-04
 1.87216e+16	1.32e-03	2.08e-01	7.91e-01	0.00e+00	0.00e+00	0.00e+00	0.00e+00	0.00e+00	0.00e+00	8.64e-04	3.23e-04	1.36e-04
 1.89381e+16	1.47e-03	2.18e-01	7.81e-01	0.00e+00	0.00e+00	0.00e+00	0.00e+00	0.00e+00	0.00e+00	9.59e-04	3.59e-04	1.51e-04
 1.91466e+16	1.63e-03	2.28e-01	7.71e-01	0.00e+00	0.00e+00	0.00e+00	0.00e+00	0.00e+00	0.00e+00	1.06e-03	3.98e-04	1.67e-04
 1.93552e+16	1.82e-03	2.39e-01	7.60e-01	0.00e+00	0.00e+00	0.00e+00	0.00e+00	0.00e+00	0.00e+00	1.19e-03	4.43e-04	1.86e-04
 1.95637e+16	2.03e-03	2.50e-01	7.48e-01	0.00e+00	0.00e+00	0.00e+00	0.00e+00	0.00e+00	0.00e+00	1.33e-03	4.95e-04	2.08e-04
 1.97723e+16	2.28e-03	2.63e-01	7.34e-01	0.00e+00	0.00e+00	0.00e+00	0.00e+00	0.00e+00	0.00e+00	1.49e-03	5.57e-04	2.34e-04
 1.99808e+16	2.57e-03	2.77e-01	7.20e-01	0.00e+00	0.00e+00	0.00e+00	0.00e+00	0.00e+00	0.00e+00	1.68e-03	6.28e-04	2.63e-04
 2.01893e+16	2.92e-03	2.93e-01	7.04e-01	0.00e+00	0.00e+00	0.00e+00	0.00e+00	0.00e+00	0.00e+00	1.91e-03	7.12e-04	2.98e-04
 2.03979e+16	3.33e-03	3.10e-01	6.87e-01	0.00e+00	0.00e+00	0.00e+00	0.00e+00	0.00e+00	0.00e+00	2.18e-03	8.11e-04	3.40e-04
 2.06064e+16	3.82e-03	3.28e-01	6.68e-01	0.00e+00	0.00e+00	0.00e+00	0.00e+00	0.00e+00	0.00e+00	2.50e-03	9.31e-04	3.90e-04
 2.07824e+16	4.33e-03	3.46e-01	6.50e-01	0.00e+00	0.00e+00	0.00e+00	0.00e+00	0.00e+00	0.00e+00	2.83e-03	1.05e-03	4.41e-04
