#depth	O	O+	O+2	O+3	O+4	O+5	O+6	O+7	O+8	O[1]	O[2]	O[3]
 1.70098e+11	1.42e-05	1.57e-02	9.15e-01	6.90e-02	5.24e-06	0.00e+00	0.00e+00	0.00e+00	0.00e+00	1.09e-05	2.21e-06	1.09e-06
 1.02059e+12	1.41e-05	1.57e-02	9.15e-01	6.89e-02	5.22e-06	0.00e+00	0.00e+00	0.00e+00	0.00e+00	1.08e-05	2.20e-06	1.09e-06
 4.42255e+12	1.41e-05	1.57e-02	9.16e-01	6.84e-02	5.16e-06	0.00e+00	0.00e+00	0.00e+00	0.00e+00	1.08e-05	2.20e-06	1.09e-06
 1.80304e+13	1.42e-05	1.57e-02	9.17e-01	6.67e-02	4.95e-06	0.00e+00	0.00e+00	0.00e+00	0.00e+00	1.09e-05	2.21e-06	1.10e-06
 4.30688e+13	1.41e-05	1.58e-02	9.20e-01	6.42e-02	4.64e-06	0.00e+00	0.00e+00	0.00e+00	0.00e+00	1.08e-05	2.21e-06	1.10e-06
 7.56188e+13	1.41e-05	1.58e-02	9.23e-01	6.11e-02	4.27e-06	0.00e+00	0.00e+00	0.00e+00	0.00e+00	1.08e-05	2.21e-06	1.10e-06
 1.17934e+14	1.41e-05	1.59e-02	9.27e-01	5.72e-02	3.82e-06	0.00e+00	0.00e+00	0.00e+00	0.00e+00	1.07e-05	2.21e-06	1.11e-06
 1.72943e+14	1.40e-05	1.59e-02	9.32e-01	5.25e-02	3.31e-06	0.00e+00	0.00e+00	0.00e+00	0.00e+00	1.07e-05	2.21e-06	1.11e-06
 2.44455e+14	1.41e-05	1.60e-02	9.37e-01	4.68e-02	2.73e-06	0.00e+00	0.00e+00	0.00e+00	0.00e+00	1.07e-05	2.21e-06	1.11e-06
 3.37421e+14	1.41e-05	1.62e-02	9.44e-01	4.03e-02	2.14e-06	0.00e+00	0.00e+00	0.00e+00	0.00e+00	1.08e-05	2.21e-06	1.11e-06
 4.58277e+14	1.42e-05	1.63e-02	9.51e-01	3.30e-02	1.54e-06	0.00e+00	0.00e+00	0.00e+00	0.00e+00	1.08e-05	2.23e-06	1.12e-06
 6.15389e+14	1.43e-05	1.66e-02	9.58e-01	2.54e-02	1.00e-06	0.00e+00	0.00e+00	0.00e+00	0.00e+00	1.09e-05	2.24e-06	1.13e-06
 8.19635e+14	1.45e-05	1.69e-02	9.65e-01	1.79e-02	5.70e-07	0.00e+00	0.00e+00	0.00e+00	0.00e+00	1.11e-05	2.28e-06	1.14e-06
 1.08516e+15	1.49e-05	1.73e-02	9.71e-01	1.13e-02	2.71e-07	0.00e+00	0.00e+00	0.00e+00	0.00e+00	1.14e-05	2.33e-06	1.17e-06
 1.43033e+15	1.54e-05	1.78e-02	9.76e-01	6.18e-03	0.00e+00	0.00e+00	0.00e+00	0.00e+00	0.00e+00	1.18e-05	2.40e-06	1.21e-06
 1.87906e+15	1.61e-05	1.86e-02	9.79e-01	2.84e-03	0.00e+00	0.00e+00	0.00e+00	0.00e+00	0.00e+00	1.24e-05	2.52e-06	1.26e-06
 2.46241e+15	1.72e-05	1.96e-02	9.79e-01	1.06e-03	0.00e+00	0.00e+00	0.00e+00	0.00e+00	0.00e+00	1.32e-05	2.67e-06	1.34e-06
 3.09403e+15	1.82e-05	2.06e-02	9.79e-01	3.74e-04	0.00e+00	0.00e+00	0.00e+00	0.00e+00	0.00e+00	1.40e-05	2.82e-06	1.41e-06
 3.67350e+15	1.92e-05	2.17e-02	9.78e-01	1.49e-04	0.00e+00	0.00e+00	0.00e+00	0.00e+00	0.00e+00	1.48e-05	2.97e-06	1.48e-06
 4.31187e+15	2.07e-05	2.30e-02	9.77e-01	5.56e-05	0.00e+00	0.00e+00	0.00e+00	0.00e+00	0.00e+00	1.59e-05	3.19e-06	1.59e-06
 4.90632e+15	2.17e-05	2.41e-02	9.76e-01	2.36e-05	0.00e+00	0.00e+00	0.00e+00	0.00e+00	0.00e+00	1.67e-05	3.35e-06	1.67e-06
 5.39696e+15	2.29e-05	2.52e-02	9.75e-01	1.18e-05	0.00e+00	0.00e+00	0.00e+00	0.00e+00	0.00e+00	1.77e-05	3.53e-06	1.77e-06
 5.93665e+15	2.43e-05	2.63e-02	9.74e-01	5.70e-06	0.00e+00	0.00e+00	0.00e+00	0.00e+00	0.00e+00	1.87e-05	3.74e-06	1.87e-06
 6.53032e+15	2.59e-05	2.76e-02	9.72e-01	2.67e-06	0.00e+00	0.00e+00	0.00e+00	0.00e+00	0.00e+00	1.99e-05	3.99e-06	2.00e-06
 7.18335e+15	2.78e-05	2.91e-02	9.71e-01	1.22e-06	0.00e+00	0.00e+00	0.00e+00	0.00e+00	0.00e+00	2.13e-05	4.28e-06	2.14e-06
 7.90168e+15	2.99e-05	3.08e-02	9.69e-01	5.50e-07	0.00e+00	0.00e+00	0.00e+00	0.00e+00	0.00e+00	2.30e-05	4.63e-06	2.32e-06
 8.69185e+15	3.25e-05	3.26e-02	9.67e-01	2.46e-07	0.00e+00	0.00e+00	0.00e+00	0.00e+00	0.00e+00	2.49e-05	5.03e-06	2.53e-06
 9.56104e+15	3.55e-05	3.47e-02	9.65e-01	0.00e+00	0.00e+00	0.00e+00	0.00e+00	0.00e+00	0.00e+00	2.72e-05	5.52e-06	2.78e-06
 1.05171e+16	3.91e-05	3.71e-02	9.63e-01	0.00e+00	0.00e+00	0.00e+00	0.00e+00	0.00e+00	0.00e+00	2.99e-05	6.11e-06	3.08e-06
 1.15533e+16	4.34e-05	3.97e-02	9.60e-01	0.00e+00	0.00e+00	0.00e+00	0.00e+00	0.00e+00	0.00e+00	3.31e-05	6.82e-06	3.44e-06
 1.25545e+16	4.79e-05	4.23e-02	9.58e-01	0.00e+00	0.00e+00	0.00e+00	0.00e+00	0.00e+00	0.00e+00	3.65e-05	7.58e-06	3.83e-06
 1.34403e+16	5.23e-05	4.47e-02	9.55e-01	0.00e+00	0.00e+00	0.00e+00	0.00e+00	0.00e+00	0.00e+00	3.98e-05	8.32e-06	4.22e-06
 1.42379e+16	5.67e-05	4.70e-02	9.53e-01	0.00e+00	0.00e+00	0.00e+00	0.00e+00	0.00e+00	0.00e+00	4.30e-05	9.06e-06	4.61e-06
 1.49698e+16	6.10e-05	4.90e-02	9.51e-01	0.00e+00	0.00e+00	0.00e+00	0.00e+00	0.00e+00	0.00e+00	4.62e-05	9.81e-06	5.00e-06
 1.56606e+16	6.54e-05	5.10e-02	9.49e-01	0.00e+00	0.00e+00	0.00e+00	0.00e+00	0.00e+00	0.00e+00	4.94e-05	1.06e-05	5.40e-06
 1.63209e+16	7.00e-05	5.29e-02	9.47e-01	0.00e+00	0.00e+00	0.00e+00	0.00e+00	0.00e+00	0.00e+00	5.28e-05	1.14e-05	5.82e-06
 1.69602e+16	7.47e-05	5.48e-02	9.45e-01	0.00e+00	0.00e+00	0.00e+00	0.00e+00	0.00e+00	0.00e+00	5.62e-05	1.22e-05	6.25e-06
 1.75854e+16	7.97e-05	5.66e-02	9.43e-01	0.00e+00	0.00e+00	0.00e+00	0.00e+00	0.00e+00	0.00e+00	5.98e-05	1.31e-05	6.72e-06
 1.82000e+16	8.49e-05	5.85e-02	9.41e-01	0.00e+00	0.00e+00	0.00e+00	0.00e+00	0.00e+00	0.00e+00	6.37e-05	1.40e-05	7.21e-06
 1.88078e+16	9.06e-05	6.04e-02	9.40e-01	0.00e+00	0.00e+00	0.00e+00	0.00e+00	0.00e+00	0.00e+00	6.77e-05	1.51e-05	7.75e-06
 1.94110e+16	9.66e-05	6.23e-02	9.38e-01	0.00e+00	0.00e+00	0.00e+00	0.00e+00	0.00e+00	0.00e+00	7.21e-05	1.62e-05	8.32e-06
 2.00121e+16	1.03e-04	6.42e-02	9.36e-01	0.00e+00	0.00e+00	0.00e+00	0.00e+00	0.00e+00	0.00e+00	7.68e-05	1.73e-05	8.94e-06
 2.06123e+16	1.10e-04	6.62e-02	9.34e-01	0.00e+00	0.00e+00	0.00e+00	0.00e+00	0.00e+00	0.00e+00	8.18e-05	1.86e-05	9.61e-06
 2.12105e+16	1.18e-04	6.82e-02	9.32e-01	0.00e+00	0.00e+00	0.00e+00	0.00e+00	0.00e+00	0.00e+00	8.73e-05	2.00e-05	1.03e-05
 2.18070e+16	1.26e-04	7.02e-02	9.30e-01	0.00e+00	0.00e+00	0.00e+00	0.00e+00	0.00e+00	0.00e+00	9.31e-05	2.15e-05	1.11e-05
 2.24007e+16	1.34e-04	7.23e-02	9.28e-01	0.00e+00	0.00e+00	0.00e+00	0.00e+00	0.00e+00	0.00e+00	9.93e-05	2.32e-05	1.20e-05
 2.29910e+16	1.44e-04	7.44e-02	9.25e-01	0.00e+00	0.00e+00	0.00e+00	0.00e+00	0.00e+00	0.00e+00	1.06e-04	2.49e-05	1.29e-05
 2.35769e+16	1.53e-04	7.64e-02	9.23e-01	0.00e+00	0.00e+00	0.00e+00	0.00e+00	0.00e+00	0.00e+00	1.13e-04	2.67e-05	1.38e-05
 2.41589e+16	1.64e-04	7.84e-02	9.21e-01	0.00e+00	0.00e+00	0.00e+00	0.00e+00	0.00e+00	0.00e+00	1.20e-04	2.87e-05	1.49e-05
 2.47363e+16	1.75e-04	8.05e-02	9.19e-01	0.00e+00	0.00e+00	0.00e+00	0.00e+00	0.00e+00	0.00e+00	1.28e-04	3.08e-05	1.60e-05
 2.53061e+16	1.87e-04	8.25e-02	9.17e-01	0.00e+00	0.00e+00	0.00e+00	0.00e+00	0.00e+00	0.00e+00	1.36e-04	3.30e-05	1.72e-05
 2.58661e+16	1.99e-04	8.46e-02	9.15e-01	0.00e+00	0.00e+00	0.00e+00	0.00e+00	0.00e+00	0.00e+00	1.45e-04	3.54e-05	1.84e-05
 2.64161e+16	2.12e-04	8.67e-02	9.13e-01	0.00e+00	0.00e+00	0.00e+00	0.00e+00	0.00e+00	0.00e+00	1.54e-04	3.79e-05	1.97e-05
 2.69550e+16	2.26e-04	8.88e-02	9.11e-01	0.00e+00	0.00e+00	0.00e+00	0.00e+00	0.00e+00	0.00e+00	1.64e-04	4.05e-05	2.11e-05
 2.74812e+16	2.40e-04	9.10e-02	9.09e-01	0.00e+00	0.00e+00	0.00e+00	0.00e+00	0.00e+00	0.00e+00	1.74e-04	4.32e-05	2.26e-05
 2.79943e+16	2.54e-04	9.31e-02	9.07e-01	0.00e+00	0.00e+00	0.00e+00	0.00e+00	0.00e+00	0.00e+00	1.84e-04	4.61e-05	2.41e-05
 2.84948e+16	2.69e-04	9.52e-02	9.05e-01	0.00e+00	0.00e+00	0.00e+00	0.00e+00	0.00e+00	0.00e+00	1.95e-04	4.91e-05	2.56e-05
 2.89827e+16	2.85e-04	9.74e-02	9.02e-01	0.00e+00	0.00e+00	0.00e+00	0.00e+00	0.00e+00	0.00e+00	2.05e-04	5.22e-05	2.73e-05
 2.94580e+16	3.01e-04	9.95e-02	9.00e-01	0.00e+00	0.00e+00	0.00e+00	0.00e+00	0.00e+00	0.00e+00	2.16e-04	5.55e-05	2.90e-05
 2.99217e+16	3.17e-04	1.02e-01	8.98e-01	0.00e+00	0.00e+00	0.00e+00	0.00e+00	0.00e+00	0.00e+00	2.28e-04	5.88e-05	3.07e-05
 3.03752e+16	3.35e-04	1.04e-01	8.96e-01	0.00e+00	0.00e+00	0.00e+00	0.00e+00	0.00e+00	0.00e+00	2.40e-04	6.23e-05	3.24e-05
 3.08202e+16	3.52e-04	1.06e-01	8.93e-01	0.00e+00	0.00e+00	0.00e+00	0.00e+00	0.00e+00	0.00e+00	2.52e-04	6.59e-05	3.41e-05
 3.12588e+16	3.71e-04	1.09e-01	8.91e-01	0.00e+00	0.00e+00	0.00e+00	0.00e+00	0.00e+00	0.00e+00	2.65e-04	6.97e-05	3.60e-05
 3.16729e+16	3.90e-04	1.11e-01	8.89e-01	0.00e+00	0.00e+00	0.00e+00	0.00e+00	0.00e+00	0.00e+00	2.78e-04	7.37e-05	3.78e-05
 3.20460e+16	4.09e-04	1.13e-01	8.86e-01	0.00e+00	0.00e+00	0.00e+00	0.00e+00	0.00e+00	0.00e+00	2.92e-04	7.76e-05	3.97e-05
 3.24000e+16	4.29e-04	1.16e-01	8.84e-01	0.00e+00	0.00e+00	0.00e+00	0.00e+00	0.00e+00	0.00e+00	3.06e-04	8.16e-05	4.16e-05
 3.27540e+16	4.49e-04	1.18e-01	8.81e-01	0.00e+00	0.00e+00	0.00e+00	0.00e+00	0.00e+00	0.00e+00	3.20e-04	8.57e-05	4.36e-05
 3.31080e+16	4.72e-04	1.21e-01	8.79e-01	0.00e+00	0.00e+00	0.00e+00	0.00e+00	0.00e+00	0.00e+00	3.36e-04	9.04e-05	4.58e-05
 3.34620e+16	4.97e-04	1.24e-01	8.76e-01	0.00e+00	0.00e+00	0.00e+00	0.00e+00	0.00e+00	0.00e+00	3.53e-04	9.55e-05	4.83e-05
 3.38160e+16	5.27e-04	1.27e-01	8.73e-01	0.00e+00	0.00e+00	0.00e+00	0.00e+00	0.00e+00	0.00e+00	3.74e-04	1.01e-04	5.11e-05
 3.41700e+16	5.60e-04	1.30e-01	8.69e-01	0.00e+00	0.00e+00	0.00e+00	0.00e+00	0.00e+00	0.00e+00	3.97e-04	1.08e-04	5.43e-05
 3.45240e+16	5.98e-04	1.34e-01	8.65e-01	0.00e+00	0.00e+00	0.00e+00	0.00e+00	0.00e+00	0.00e+00	4.24e-04	1.16e-04	5.81e-05
 3.48780e+16	6.43e-04	1.38e-01	8.61e-01	0.00e+00	0.00e+00	0.00e+00	0.00e+00	0.00e+00	0.00e+00	4.56e-04	1.25e-04	6.24e-05
 3.52275e+16	6.97e-04	1.43e-01	8.56e-01	0.00e+00	0.00e+00	0.00e+00	0.00e+00	0.00e+00	0.00e+00	4.94e-04	1.35e-04	6.77e-05
