#depth	He	He+	He+2
 9.61608e+11	1.36e-04	1.61e-01	8.39e-01
 5.76965e+12	1.36e-04	1.61e-01	8.39e-01
 2.50018e+13	1.36e-04	1.61e-01	8.39e-01
 1.01930e+14	1.38e-04	1.63e-01	8.37e-01
 2.43479e+14	1.40e-04	1.64e-01	8.36e-01
 4.27493e+14	1.43e-04	1.67e-01	8.33e-01
 6.66710e+14	1.48e-04	1.71e-01	8.29e-01
 9.77692e+14	1.54e-04	1.77e-01	8.23e-01
 1.38197e+15	1.64e-04	1.87e-01	8.13e-01
 1.90753e+15	1.79e-04	2.01e-01	7.99e-01
 2.58996e+15	2.01e-04	2.23e-01	7.77e-01
 3.45290e+15	2.36e-04	2.57e-01	7.42e-01
 4.36267e+15	2.79e-04	3.02e-01	6.97e-01
 5.17706e+15	3.28e-04	3.54e-01	6.46e-01
 5.91233e+15	3.82e-04	4.10e-01	5.89e-01
 6.60134e+15	4.42e-04	4.73e-01	5.26e-01
 7.26698e+15	5.09e-04	5.43e-01	4.57e-01
 7.92459e+15	5.82e-04	6.17e-01	3.82e-01
 8.67879e+15	6.72e-04	7.04e-01	2.95e-01
 9.51083e+15	7.65e-04	7.92e-01	2.07e-01
 1.04124e+16	8.54e-04	8.69e-01	1.31e-01
 1.14536e+16	9.33e-04	9.27e-01	7.20e-02
 1.25990e+16	9.94e-04	9.63e-01	3.63e-02
 1.38589e+16	1.04e-03	9.82e-01	1.72e-02
 1.52448e+16	1.08e-03	9.91e-01	7.82e-03
 1.67693e+16	1.12e-03	9.95e-01	3.45e-03
 1.84462e+16	1.17e-03	9.97e-01	1.48e-03
 2.02908e+16	1.21e-03	9.98e-01	6.15e-04
 2.23199e+16	1.27e-03	9.98e-01	2.49e-04
 2.45519e+16	1.33e-03	9.99e-01	9.76e-05
 2.70071e+16	1.40e-03	9.99e-01	3.74e-05
 2.97078e+16	1.49e-03	9.98e-01	1.42e-05
 3.26786e+16	1.59e-03	9.98e-01	5.45e-06
 3.58190e+16	1.71e-03	9.98e-01	2.24e-06
 3.88259e+16	1.84e-03	9.98e-01	1.07e-06
 4.15246e+16	1.97e-03	9.98e-01	6.01e-07
 4.34516e+16	2.09e-03	9.98e-01	4.22e-07
 4.45405e+16	2.15e-03	9.98e-01	3.48e-07
 4.55474e+16	2.22e-03	9.98e-01	2.89e-07
 4.68565e+16	2.30e-03	9.98e-01	2.30e-07
 4.85582e+16	2.42e-03	9.98e-01	1.73e-07
 5.02158e+16	2.56e-03	9.97e-01	1.36e-07
 5.13775e+16	2.66e-03	9.97e-01	1.16e-07
 5.22823e+16	2.75e-03	9.97e-01	1.02e-07
 5.32915e+16	2.84e-03	9.97e-01	8.83e-08
 5.46035e+16	2.98e-03	9.97e-01	7.39e-08
 5.59483e+16	3.14e-03	9.97e-01	6.25e-08
 5.69889e+16	3.28e-03	9.97e-01	5.53e-08
 5.78261e+16	3.40e-03	9.97e-01	5.01e-08
 5.87463e+16	3.53e-03	9.96e-01	4.48e-08
 5.99426e+16	3.72e-03	9.96e-01	3.89e-08
 6.11478e+16	3.94e-03	9.96e-01	3.42e-08
 6.20521e+16	4.13e-03	9.96e-01	3.11e-08
 6.27778e+16	4.30e-03	9.96e-01	2.88e-08
 6.35838e+16	4.48e-03	9.96e-01	2.65e-08
 6.46316e+16	4.75e-03	9.95e-01	2.37e-08
 6.57049e+16	5.08e-03	9.95e-01	2.13e-08
 6.65388e+16	5.38e-03	9.95e-01	1.97e-08
 6.72147e+16	5.64e-03	9.94e-01	1.85e-08
 6.79575e+16	5.95e-03	9.94e-01	1.72e-08
 6.89232e+16	6.40e-03	9.94e-01	1.57e-08
 6.98777e+16	6.96e-03	9.93e-01	1.44e-08
 7.05567e+16	7.44e-03	9.93e-01	1.36e-08
 7.10704e+16	7.83e-03	9.92e-01	1.30e-08
 7.16303e+16	8.29e-03	9.92e-01	1.23e-08
 7.23581e+16	8.96e-03	9.91e-01	1.15e-08
 7.31111e+16	9.82e-03	9.90e-01	1.08e-08
 7.36941e+16	1.06e-02	9.89e-01	1.03e-08
 7.41508e+16	1.13e-02	9.89e-01	9.87e-09
 7.46459e+16	1.22e-02	9.88e-01	9.43e-09
 7.52896e+16	1.35e-02	9.87e-01	8.89e-09
 7.59340e+16	1.51e-02	9.85e-01	8.44e-09
 7.64115e+16	1.67e-02	9.83e-01	8.12e-09
 7.67924e+16	1.81e-02	9.82e-01	7.86e-09
 7.71546e+16	1.96e-02	9.80e-01	7.63e-09
 7.75054e+16	2.14e-02	9.79e-01	7.41e-09
 7.78388e+16	2.33e-02	9.77e-01	7.22e-09
 7.81483e+16	2.54e-02	9.75e-01	7.04e-09
 7.84350e+16	2.77e-02	9.72e-01	6.89e-09
 7.87053e+16	3.01e-02	9.70e-01	6.76e-09
 7.89666e+16	3.28e-02	9.67e-01	6.64e-09
 7.92189e+16	3.57e-02	9.64e-01	6.56e-09
 7.94617e+16	3.90e-02	9.61e-01	6.47e-09
 7.96934e+16	4.27e-02	9.57e-01	6.40e-09
 7.99112e+16	4.66e-02	9.53e-01	6.36e-09
 8.01181e+16	5.10e-02	9.49e-01	6.32e-09
 8.03185e+16	5.57e-02	9.44e-01	6.30e-09
 8.05138e+16	6.11e-02	9.39e-01	6.31e-09
 8.07032e+16	6.70e-02	9.33e-01	6.33e-09
 8.08859e+16	7.35e-02	9.26e-01	6.37e-09
 8.10628e+16	8.08e-02	9.19e-01	6.44e-09
 8.12356e+16	8.88e-02	9.11e-01	6.53e-09
 8.14051e+16	9.78e-02	9.02e-01	6.65e-09
 8.15710e+16	1.08e-01	8.92e-01	6.80e-09
 8.17334e+16	1.19e-01	8.81e-01	7.02e-09
 8.18847e+16	1.31e-01	8.69e-01	7.21e-09
 8.20231e+16	1.42e-01	8.58e-01	7.47e-09
 8.21496e+16	1.55e-01	8.45e-01	7.70e-09
 8.22653e+16	1.67e-01	8.33e-01	7.97e-09
 8.23746e+16	1.80e-01	8.20e-01	8.20e-09
 8.24578e+16	1.90e-01	8.10e-01	8.44e-09
 8.25121e+16	1.97e-01	8.03e-01	8.59e-09
 8.25660e+16	2.05e-01	7.95e-01	8.71e-09
 8.26332e+16	2.15e-01	7.85e-01	8.90e-09
 8.27053e+16	2.26e-01	7.74e-01	9.12e-09
 8.27689e+16	2.35e-01	7.65e-01	9.37e-09
 8.28252e+16	2.45e-01	7.55e-01	9.54e-09
 8.28823e+16	2.54e-01	7.46e-01	9.76e-09
 8.29433e+16	2.65e-01	7.35e-01	9.99e-09
 8.30051e+16	2.77e-01	7.23e-01	1.02e-08
 8.30625e+16	2.88e-01	7.12e-01	1.05e-08
 8.31176e+16	2.99e-01	7.01e-01	1.07e-08
 8.31737e+16	3.11e-01	6.89e-01	1.10e-08
 8.32310e+16	3.23e-01	6.77e-01	1.12e-08
 8.32873e+16	3.35e-01	6.65e-01	1.15e-08
 8.33418e+16	3.48e-01	6.52e-01	1.17e-08
 8.33957e+16	3.61e-01	6.39e-01	1.21e-08
 8.34501e+16	3.74e-01	6.26e-01	1.23e-08
 8.35052e+16	3.88e-01	6.12e-01	1.26e-08
 8.35579e+16	4.01e-01	5.99e-01	1.29e-08
 8.36096e+16	4.15e-01	5.85e-01	1.31e-08
 8.36618e+16	4.29e-01	5.71e-01	1.34e-08
 8.37145e+16	4.43e-01	5.57e-01	1.37e-08
 8.37668e+16	4.58e-01	5.42e-01	1.40e-08
 8.38173e+16	4.72e-01	5.28e-01	1.43e-08
 8.38669e+16	4.86e-01	5.14e-01	1.45e-08
 8.39176e+16	5.01e-01	4.99e-01	1.48e-08
 8.39686e+16	5.16e-01	4.84e-01	1.51e-08
 8.40180e+16	5.31e-01	4.69e-01	1.53e-08
 8.40654e+16	5.44e-01	4.56e-01	1.56e-08
 8.41122e+16	5.59e-01	4.41e-01	1.58e-08
 8.41592e+16	5.73e-01	4.27e-01	1.60e-08
 8.42061e+16	5.87e-01	4.13e-01	1.63e-08
 8.42519e+16	6.01e-01	3.99e-01	1.65e-08
 8.42961e+16	6.14e-01	3.86e-01	1.67e-08
 8.43394e+16	6.27e-01	3.73e-01	1.68e-08
 8.43831e+16	6.40e-01	3.60e-01	1.70e-08
 8.44266e+16	6.53e-01	3.47e-01	1.72e-08
 8.44688e+16	6.65e-01	3.35e-01	1.74e-08
 8.45097e+16	6.77e-01	3.23e-01	1.75e-08
 8.45504e+16	6.89e-01	3.11e-01	1.76e-08
 8.45915e+16	7.01e-01	2.99e-01	1.77e-08
 8.46320e+16	7.12e-01	2.88e-01	1.78e-08
 8.46712e+16	7.22e-01	2.78e-01	1.79e-08
 8.47097e+16	7.33e-01	2.67e-01	1.80e-08
 8.47487e+16	7.43e-01	2.57e-01	1.81e-08
 8.47873e+16	7.53e-01	2.47e-01	1.81e-08
 8.48248e+16	7.63e-01	2.37e-01	1.82e-08
 8.48619e+16	7.72e-01	2.28e-01	1.82e-08
 8.48985e+16	7.81e-01	2.19e-01	1.82e-08
 8.49352e+16	7.90e-01	2.10e-01	1.82e-08
 8.49721e+16	7.98e-01	2.02e-01	1.83e-08
 8.50079e+16	8.06e-01	1.94e-01	1.83e-08
 8.50429e+16	8.14e-01	1.86e-01	1.83e-08
 8.50777e+16	8.22e-01	1.78e-01	1.82e-08
 8.51129e+16	8.29e-01	1.71e-01	1.82e-08
 8.51477e+16	8.36e-01	1.64e-01	1.82e-08
 8.51816e+16	8.42e-01	1.58e-01	1.82e-08
 8.52145e+16	8.49e-01	1.51e-01	1.81e-08
 8.52474e+16	8.55e-01	1.45e-01	1.81e-08
 8.52809e+16	8.61e-01	1.39e-01	1.80e-08
 8.53143e+16	8.67e-01	1.33e-01	1.79e-08
 8.53469e+16	8.72e-01	1.28e-01	1.78e-08
 8.53784e+16	8.77e-01	1.23e-01	1.77e-08
 8.54098e+16	8.82e-01	1.18e-01	1.76e-08
 8.54413e+16	8.87e-01	1.13e-01	1.75e-08
 8.54725e+16	8.91e-01	1.09e-01	1.74e-08
 8.55028e+16	8.96e-01	1.04e-01	1.73e-08
 8.55327e+16	9.00e-01	9.99e-02	1.72e-08
 8.55617e+16	9.04e-01	9.61e-02	1.70e-08
 8.55880e+16	9.07e-01	9.26e-02	1.69e-08
 8.56117e+16	9.10e-01	8.96e-02	1.68e-08
 8.56336e+16	9.13e-01	8.68e-02	1.66e-08
 8.56541e+16	9.16e-01	8.43e-02	1.65e-08
 8.56735e+16	9.18e-01	8.19e-02	1.63e-08
 8.56917e+16	9.20e-01	7.98e-02	1.62e-08
 8.57084e+16	9.22e-01	7.79e-02	1.61e-08
 8.57237e+16	9.24e-01	7.61e-02	1.59e-08
 8.57382e+16	9.26e-01	7.44e-02	1.58e-08
 8.57522e+16	9.27e-01	7.29e-02	1.57e-08
 8.57656e+16	9.29e-01	7.14e-02	1.55e-08
 8.57782e+16	9.30e-01	7.00e-02	1.54e-08
 8.57900e+16	9.31e-01	6.88e-02	1.53e-08
 8.58013e+16	9.32e-01	6.76e-02	1.52e-08
 8.58120e+16	9.34e-01	6.65e-02	1.51e-08
 8.58224e+16	9.35e-01	6.54e-02	1.49e-08
 8.58324e+16	9.36e-01	6.44e-02	1.48e-08
 8.58420e+16	9.37e-01	6.34e-02	1.47e-08
 8.58511e+16	9.38e-01	6.25e-02	1.46e-08
 8.58599e+16	9.38e-01	6.16e-02	1.45e-08
 8.58690e+16	9.39e-01	6.07e-02	1.44e-08
 8.58783e+16	9.40e-01	5.97e-02	1.43e-08
 8.58874e+16	9.41e-01	5.89e-02	1.41e-08
 8.58963e+16	9.42e-01	5.80e-02	1.40e-08
 8.59055e+16	9.43e-01	5.71e-02	1.39e-08
 8.59153e+16	9.44e-01	5.61e-02	1.37e-08
 8.59258e+16	9.45e-01	5.51e-02	1.35e-08
 8.59364e+16	9.46e-01	5.41e-02	1.34e-08
 8.59460e+16	9.47e-01	5.32e-02	1.32e-08
 8.59546e+16	9.48e-01	5.24e-02	1.30e-08
 8.59628e+16	9.48e-01	5.16e-02	1.29e-08
 8.59708e+16	9.49e-01	5.08e-02	1.27e-08
 8.59784e+16	9.50e-01	5.01e-02	1.26e-08
 8.59852e+16	9.51e-01	4.94e-02	1.24e-08
 8.59915e+16	9.51e-01	4.88e-02	1.23e-08
 8.59971e+16	9.52e-01	4.82e-02	1.22e-08
 8.60023e+16	9.52e-01	4.78e-02	1.21e-08
 8.60070e+16	9.53e-01	4.73e-02	1.19e-08
 8.60113e+16	9.53e-01	4.69e-02	1.19e-08
 8.60160e+16	9.54e-01	4.64e-02	1.17e-08
 8.60210e+16	9.54e-01	4.59e-02	1.16e-08
 8.60256e+16	9.55e-01	4.55e-02	1.15e-08
 8.60298e+16	9.55e-01	4.51e-02	1.14e-08
 8.60344e+16	9.55e-01	4.46e-02	1.13e-08
 8.60394e+16	9.56e-01	4.42e-02	1.12e-08
 8.60439e+16	9.56e-01	4.37e-02	1.11e-08
 8.60480e+16	9.57e-01	4.34e-02	1.10e-08
 8.60525e+16	9.57e-01	4.29e-02	1.09e-08
 8.60573e+16	9.58e-01	4.25e-02	1.08e-08
 8.60618e+16	9.58e-01	4.21e-02	1.07e-08
 8.60666e+16	9.58e-01	4.16e-02	1.06e-08
 8.60729e+16	9.59e-01	4.11e-02	1.05e-08
 8.60797e+16	9.59e-01	4.05e-02	1.04e-08
 8.60859e+16	9.60e-01	4.00e-02	1.03e-08
 8.60915e+16	9.60e-01	3.96e-02	1.02e-08
 8.60977e+16	9.61e-01	3.90e-02	1.01e-08
 8.61043e+16	9.61e-01	3.85e-02	9.99e-09
 8.61104e+16	9.62e-01	3.81e-02	9.89e-09
 8.61159e+16	9.62e-01	3.77e-02	9.81e-09
 8.61220e+16	9.63e-01	3.71e-02	9.69e-09
