#depth	H	H+	H2
 9.61608e+11	1.51e-03	9.98e-01	1.00e-13
 5.76965e+12	1.51e-03	9.98e-01	1.01e-13
 2.50018e+13	1.51e-03	9.98e-01	1.01e-13
 1.01930e+14	1.51e-03	9.98e-01	1.02e-13
 2.43479e+14	1.49e-03	9.99e-01	1.05e-13
 4.27493e+14	1.48e-03	9.99e-01	1.08e-13
 6.66710e+14	1.47e-03	9.99e-01	1.13e-13
 9.77692e+14	1.46e-03	9.99e-01	1.19e-13
 1.38197e+15	1.44e-03	9.99e-01	1.26e-13
 1.90753e+15	1.43e-03	9.99e-01	1.36e-13
 2.58996e+15	1.42e-03	9.99e-01	1.49e-13
 3.45290e+15	1.41e-03	9.99e-01	1.62e-13
 4.36267e+15	1.38e-03	9.99e-01	1.72e-13
 5.17706e+15	1.36e-03	9.99e-01	1.75e-13
 5.91233e+15	1.35e-03	9.99e-01	1.75e-13
 6.60134e+15	1.35e-03	9.99e-01	1.73e-13
 7.26698e+15	1.35e-03	9.99e-01	1.72e-13
 7.92459e+15	1.36e-03	9.99e-01	1.72e-13
 8.67879e+15	1.38e-03	9.99e-01	1.76e-13
 9.51083e+15	1.40e-03	9.99e-01	1.82e-13
 1.04124e+16	1.44e-03	9.99e-01	1.94e-13
 1.14536e+16	1.48e-03	9.99e-01	2.09e-13
 1.25990e+16	1.52e-03	9.98e-01	2.25e-13
 1.38589e+16	1.56e-03	9.98e-01	2.40e-13
 1.52448e+16	1.61e-03	9.98e-01	2.53e-13
 1.67693e+16	1.67e-03	9.98e-01	2.66e-13
 1.84462e+16	1.73e-03	9.98e-01	2.78e-13
 2.02908e+16	1.81e-03	9.98e-01	2.90e-13
 2.23199e+16	1.90e-03	9.98e-01	3.02e-13
 2.45519e+16	2.00e-03	9.98e-01	3.15e-13
 2.70071e+16	2.14e-03	9.98e-01	3.31e-13
 2.97078e+16	2.31e-03	9.98e-01	3.51e-13
 3.26786e+16	2.52e-03	9.97e-01	3.80e-13
 3.58190e+16	2.80e-03	9.97e-01	4.20e-13
 3.88259e+16	3.12e-03	9.97e-01	4.73e-13
 4.15246e+16	3.46e-03	9.97e-01	5.33e-13
 4.34516e+16	3.78e-03	9.96e-01	5.95e-13
 4.45405e+16	3.98e-03	9.96e-01	6.37e-13
 4.55474e+16	4.15e-03	9.96e-01	6.71e-13
 4.68565e+16	4.40e-03	9.96e-01	7.17e-13
 4.85582e+16	4.75e-03	9.95e-01	7.84e-13
 5.02158e+16	5.19e-03	9.95e-01	8.76e-13
 5.13775e+16	5.54e-03	9.94e-01	9.53e-13
 5.22823e+16	5.82e-03	9.94e-01	1.02e-12
 5.32915e+16	6.14e-03	9.94e-01	1.08e-12
 5.46035e+16	6.60e-03	9.93e-01	1.17e-12
 5.59483e+16	7.18e-03	9.93e-01	1.30e-12
 5.69889e+16	7.69e-03	9.92e-01	1.42e-12
 5.78261e+16	8.13e-03	9.92e-01	1.52e-12
 5.87463e+16	8.62e-03	9.91e-01	1.62e-12
 5.99426e+16	9.33e-03	9.91e-01	1.77e-12
 6.11478e+16	1.02e-02	9.90e-01	1.97e-12
 6.20521e+16	1.10e-02	9.89e-01	2.15e-12
 6.27778e+16	1.16e-02	9.88e-01	2.29e-12
 6.35838e+16	1.24e-02	9.88e-01	2.45e-12
 6.46316e+16	1.35e-02	9.87e-01	2.68e-12
 6.57049e+16	1.49e-02	9.85e-01	2.99e-12
 6.65388e+16	1.61e-02	9.84e-01	3.28e-12
 6.72147e+16	1.73e-02	9.83e-01	3.53e-12
 6.79575e+16	1.85e-02	9.81e-01	3.81e-12
 6.89232e+16	2.05e-02	9.80e-01	4.21e-12
 6.98777e+16	2.29e-02	9.77e-01	4.76e-12
 7.05567e+16	2.50e-02	9.75e-01	5.25e-12
 7.10704e+16	2.66e-02	9.73e-01	5.63e-12
 7.16303e+16	2.86e-02	9.71e-01	6.07e-12
 7.23581e+16	3.15e-02	9.69e-01	6.69e-12
 7.31111e+16	3.53e-02	9.65e-01	7.59e-12
 7.36941e+16	3.88e-02	9.61e-01	8.41e-12
 7.41508e+16	4.19e-02	9.58e-01	9.15e-12
 7.46459e+16	4.56e-02	9.54e-01	1.00e-11
 7.52896e+16	5.14e-02	9.49e-01	1.14e-11
 7.59340e+16	5.88e-02	9.41e-01	1.33e-11
 7.64115e+16	6.57e-02	9.34e-01	1.51e-11
 7.67924e+16	7.19e-02	9.28e-01	1.67e-11
 7.71546e+16	7.87e-02	9.21e-01	1.86e-11
 7.75054e+16	8.64e-02	9.14e-01	2.07e-11
 7.78388e+16	9.49e-02	9.05e-01	2.31e-11
 7.81483e+16	1.04e-01	8.96e-01	2.58e-11
 7.84350e+16	1.14e-01	8.86e-01	2.87e-11
 7.87053e+16	1.24e-01	8.76e-01	3.19e-11
 7.89666e+16	1.36e-01	8.64e-01	3.55e-11
 7.92189e+16	1.48e-01	8.52e-01	3.96e-11
 7.94617e+16	1.62e-01	8.38e-01	4.42e-11
 7.96934e+16	1.77e-01	8.23e-01	4.94e-11
 7.99112e+16	1.92e-01	8.08e-01	5.50e-11
 8.01181e+16	2.09e-01	7.91e-01	6.13e-11
 8.03185e+16	2.27e-01	7.73e-01	6.82e-11
 8.05138e+16	2.46e-01	7.54e-01	7.61e-11
 8.07032e+16	2.66e-01	7.34e-01	8.49e-11
 8.08859e+16	2.88e-01	7.12e-01	9.47e-11
 8.10628e+16	3.11e-01	6.89e-01	1.06e-10
 8.12356e+16	3.35e-01	6.65e-01	1.18e-10
 8.14051e+16	3.61e-01	6.39e-01	1.31e-10
 8.15710e+16	3.88e-01	6.12e-01	1.47e-10
 8.17334e+16	4.15e-01	5.85e-01	1.63e-10
 8.18847e+16	4.43e-01	5.57e-01	1.81e-10
 8.20231e+16	4.68e-01	5.32e-01	1.99e-10
 8.21496e+16	4.93e-01	5.07e-01	2.18e-10
 8.22653e+16	5.15e-01	4.85e-01	2.35e-10
 8.23746e+16	5.37e-01	4.63e-01	2.55e-10
 8.24578e+16	5.54e-01	4.46e-01	2.70e-10
 8.25121e+16	5.64e-01	4.36e-01	2.80e-10
 8.25660e+16	5.74e-01	4.26e-01	2.91e-10
 8.26332e+16	5.87e-01	4.13e-01	3.05e-10
 8.27053e+16	6.02e-01	3.98e-01	3.21e-10
 8.27689e+16	6.15e-01	3.85e-01	3.35e-10
 8.28252e+16	6.26e-01	3.74e-01	3.50e-10
 8.28823e+16	6.37e-01	3.63e-01	3.63e-10
 8.29433e+16	6.50e-01	3.50e-01	3.81e-10
 8.30051e+16	6.62e-01	3.38e-01	3.99e-10
 8.30625e+16	6.74e-01	3.26e-01	4.15e-10
 8.31176e+16	6.84e-01	3.16e-01	4.33e-10
 8.31737e+16	6.95e-01	3.05e-01	4.50e-10
 8.32310e+16	7.07e-01	2.93e-01	4.71e-10
 8.32873e+16	7.17e-01	2.83e-01	4.89e-10
 8.33418e+16	7.28e-01	2.72e-01	5.12e-10
 8.33957e+16	7.37e-01	2.63e-01	5.30e-10
 8.34501e+16	7.47e-01	2.53e-01	5.53e-10
 8.35052e+16	7.58e-01	2.42e-01	5.78e-10
 8.35579e+16	7.67e-01	2.33e-01	6.00e-10
 8.36096e+16	7.76e-01	2.24e-01	6.27e-10
 8.36618e+16	7.84e-01	2.16e-01	6.50e-10
 8.37145e+16	7.93e-01	2.07e-01	6.79e-10
 8.37668e+16	8.02e-01	1.98e-01	7.08e-10
 8.38173e+16	8.10e-01	1.90e-01	7.37e-10
 8.38669e+16	8.17e-01	1.83e-01	7.65e-10
 8.39176e+16	8.25e-01	1.75e-01	7.99e-10
 8.39686e+16	8.33e-01	1.67e-01	8.34e-10
 8.40180e+16	8.40e-01	1.60e-01	8.69e-10
 8.40654e+16	8.46e-01	1.54e-01	9.02e-10
 8.41122e+16	8.52e-01	1.48e-01	9.41e-10
 8.41592e+16	8.58e-01	1.42e-01	9.81e-10
 8.42061e+16	8.64e-01	1.36e-01	1.02e-09
 8.42519e+16	8.70e-01	1.30e-01	1.06e-09
 8.42961e+16	8.75e-01	1.25e-01	1.11e-09
 8.43394e+16	8.80e-01	1.20e-01	1.16e-09
 8.43831e+16	8.85e-01	1.15e-01	1.20e-09
 8.44266e+16	8.90e-01	1.10e-01	1.25e-09
 8.44688e+16	8.94e-01	1.06e-01	1.31e-09
 8.45097e+16	8.99e-01	1.01e-01	1.37e-09
 8.45504e+16	9.03e-01	9.75e-02	1.42e-09
 8.45915e+16	9.06e-01	9.36e-02	1.48e-09
 8.46320e+16	9.10e-01	8.98e-02	1.55e-09
 8.46712e+16	9.14e-01	8.63e-02	1.61e-09
 8.47097e+16	9.17e-01	8.29e-02	1.69e-09
 8.47487e+16	9.20e-01	7.96e-02	1.77e-09
 8.47873e+16	9.24e-01	7.63e-02	1.86e-09
 8.48248e+16	9.27e-01	7.34e-02	1.94e-09
 8.48619e+16	9.29e-01	7.05e-02	2.04e-09
 8.48985e+16	9.32e-01	6.77e-02	2.15e-09
 8.49352e+16	9.35e-01	6.51e-02	2.26e-09
 8.49721e+16	9.38e-01	6.25e-02	2.39e-09
 8.50079e+16	9.40e-01	6.00e-02	2.52e-09
 8.50429e+16	9.42e-01	5.77e-02	2.65e-09
 8.50777e+16	9.44e-01	5.55e-02	2.80e-09
 8.51129e+16	9.47e-01	5.33e-02	2.96e-09
 8.51477e+16	9.49e-01	5.13e-02	3.15e-09
 8.51816e+16	9.51e-01	4.93e-02	3.35e-09
 8.52145e+16	9.53e-01	4.74e-02	3.57e-09
 8.52474e+16	9.54e-01	4.56e-02	3.81e-09
 8.52809e+16	9.56e-01	4.38e-02	4.10e-09
 8.53143e+16	9.58e-01	4.20e-02	4.43e-09
 8.53469e+16	9.60e-01	4.04e-02	4.79e-09
 8.53784e+16	9.61e-01	3.88e-02	5.20e-09
 8.54098e+16	9.63e-01	3.73e-02	5.68e-09
 8.54413e+16	9.64e-01	3.58e-02	6.27e-09
 8.54725e+16	9.66e-01	3.44e-02	6.93e-09
 8.55028e+16	9.67e-01	3.31e-02	7.67e-09
 8.55327e+16	9.68e-01	3.18e-02	8.60e-09
 8.55617e+16	9.69e-01	3.05e-02	9.69e-09
 8.55880e+16	9.71e-01	2.95e-02	1.09e-08
 8.56117e+16	9.71e-01	2.85e-02	1.22e-08
 8.56336e+16	9.72e-01	2.77e-02	1.36e-08
 8.56541e+16	9.73e-01	2.70e-02	1.52e-08
 8.56735e+16	9.74e-01	2.62e-02	1.71e-08
 8.56917e+16	9.74e-01	2.56e-02	1.92e-08
 8.57084e+16	9.75e-01	2.50e-02	2.15e-08
 8.57237e+16	9.76e-01	2.44e-02	2.40e-08
 8.57382e+16	9.76e-01	2.39e-02	2.68e-08
 8.57522e+16	9.77e-01	2.34e-02	2.99e-08
 8.57656e+16	9.77e-01	2.29e-02	3.35e-08
 8.57782e+16	9.78e-01	2.25e-02	3.75e-08
 8.57900e+16	9.78e-01	2.20e-02	4.19e-08
 8.58013e+16	9.78e-01	2.16e-02	4.67e-08
 8.58120e+16	9.79e-01	2.13e-02	5.21e-08
 8.58224e+16	9.79e-01	2.09e-02	5.82e-08
 8.58324e+16	9.79e-01	2.05e-02	6.49e-08
 8.58420e+16	9.80e-01	2.02e-02	7.28e-08
 8.58511e+16	9.80e-01	1.98e-02	8.06e-08
 8.58599e+16	9.80e-01	1.95e-02	8.92e-08
 8.58690e+16	9.81e-01	1.92e-02	9.92e-08
 8.58783e+16	9.81e-01	1.88e-02	1.11e-07
 8.58874e+16	9.82e-01	1.85e-02	1.23e-07
 8.58963e+16	9.82e-01	1.81e-02	1.36e-07
 8.59055e+16	9.82e-01	1.78e-02	1.50e-07
 8.59153e+16	9.83e-01	1.74e-02	1.65e-07
 8.59258e+16	9.83e-01	1.69e-02	1.81e-07
 8.59364e+16	9.83e-01	1.65e-02	1.97e-07
 8.59460e+16	9.84e-01	1.61e-02	2.09e-07
 8.59546e+16	9.84e-01	1.58e-02	2.18e-07
 8.59628e+16	9.85e-01	1.54e-02	2.27e-07
 8.59708e+16	9.85e-01	1.51e-02	2.33e-07
 8.59784e+16	9.85e-01	1.48e-02	2.39e-07
 8.59852e+16	9.85e-01	1.45e-02	2.44e-07
 8.59915e+16	9.86e-01	1.42e-02	2.48e-07
 8.59971e+16	9.86e-01	1.40e-02	2.51e-07
 8.60023e+16	9.86e-01	1.38e-02	2.54e-07
 8.60070e+16	9.86e-01	1.36e-02	2.57e-07
 8.60113e+16	9.87e-01	1.35e-02	2.60e-07
 8.60160e+16	9.87e-01	1.33e-02	2.63e-07
 8.60210e+16	9.87e-01	1.31e-02	2.66e-07
 8.60256e+16	9.87e-01	1.29e-02	2.69e-07
 8.60298e+16	9.87e-01	1.28e-02	2.71e-07
 8.60344e+16	9.87e-01	1.26e-02	2.75e-07
 8.60394e+16	9.88e-01	1.24e-02	2.78e-07
 8.60439e+16	9.88e-01	1.23e-02	2.81e-07
 8.60480e+16	9.88e-01	1.21e-02	2.84e-07
 8.60525e+16	9.88e-01	1.20e-02	2.88e-07
 8.60573e+16	9.88e-01	1.18e-02	2.92e-07
 8.60618e+16	9.88e-01	1.17e-02	2.96e-07
 8.60666e+16	9.88e-01	1.15e-02	2.99e-07
 8.60729e+16	9.89e-01	1.13e-02	3.03e-07
 8.60797e+16	9.89e-01	1.12e-02	3.08e-07
 8.60859e+16	9.89e-01	1.10e-02	3.12e-07
 8.60915e+16	9.89e-01	1.08e-02	3.16e-07
 8.60977e+16	9.89e-01	1.06e-02	3.21e-07
 8.61043e+16	9.90e-01	1.05e-02	3.27e-07
 8.61104e+16	9.90e-01	1.03e-02	3.32e-07
 8.61159e+16	9.90e-01	1.02e-02	3.36e-07
 8.61220e+16	9.90e-01	9.98e-03	3.42e-07
