#depth	O	O+	O+2	O+3	O+4	O+5	O+6	O+7	O+8	O[1]	O[2]	O[3]
 9.35046e+11	1.40e-06	1.88e-03	2.64e-01	7.10e-01	2.43e-02	5.68e-07	0.00e+00	0.00e+00	0.00e+00	1.07e-06	2.09e-07	1.21e-07
 5.61027e+12	1.40e-06	1.88e-03	2.64e-01	7.10e-01	2.43e-02	5.66e-07	0.00e+00	0.00e+00	0.00e+00	1.07e-06	2.09e-07	1.21e-07
 2.43112e+13	1.41e-06	1.89e-03	2.65e-01	7.09e-01	2.41e-02	5.61e-07	0.00e+00	0.00e+00	0.00e+00	1.08e-06	2.09e-07	1.22e-07
 9.91148e+13	1.42e-06	1.91e-03	2.68e-01	7.07e-01	2.37e-02	5.45e-07	0.00e+00	0.00e+00	0.00e+00	1.09e-06	2.12e-07	1.23e-07
 2.36754e+14	1.43e-06	1.94e-03	2.72e-01	7.03e-01	2.28e-02	5.19e-07	0.00e+00	0.00e+00	0.00e+00	1.09e-06	2.13e-07	1.23e-07
 4.15684e+14	1.45e-06	1.98e-03	2.79e-01	6.97e-01	2.18e-02	4.86e-07	0.00e+00	0.00e+00	0.00e+00	1.11e-06	2.15e-07	1.24e-07
 6.48293e+14	1.48e-06	2.04e-03	2.87e-01	6.90e-01	2.06e-02	4.48e-07	0.00e+00	0.00e+00	0.00e+00	1.13e-06	2.19e-07	1.27e-07
 9.50686e+14	1.53e-06	2.12e-03	2.99e-01	6.80e-01	1.91e-02	4.02e-07	0.00e+00	0.00e+00	0.00e+00	1.17e-06	2.26e-07	1.30e-07
 1.34380e+15	1.60e-06	2.24e-03	3.15e-01	6.65e-01	1.72e-02	3.49e-07	0.00e+00	0.00e+00	0.00e+00	1.23e-06	2.35e-07	1.36e-07
 1.85484e+15	1.71e-06	2.41e-03	3.39e-01	6.44e-01	1.50e-02	2.88e-07	0.00e+00	0.00e+00	0.00e+00	1.31e-06	2.50e-07	1.44e-07
 2.51919e+15	1.87e-06	2.66e-03	3.72e-01	6.12e-01	1.25e-02	2.23e-07	0.00e+00	0.00e+00	0.00e+00	1.44e-06	2.74e-07	1.57e-07
 3.38286e+15	2.14e-06	3.04e-03	4.23e-01	5.65e-01	9.62e-03	1.57e-07	0.00e+00	0.00e+00	0.00e+00	1.65e-06	3.11e-07	1.78e-07
 4.31611e+15	2.41e-06	3.48e-03	4.84e-01	5.06e-01	7.09e-03	0.00e+00	0.00e+00	0.00e+00	0.00e+00	1.86e-06	3.51e-07	2.01e-07
 5.14478e+15	2.71e-06	3.93e-03	5.46e-01	4.45e-01	5.20e-03	0.00e+00	0.00e+00	0.00e+00	0.00e+00	2.09e-06	3.93e-07	2.25e-07
 5.88240e+15	3.03e-06	4.39e-03	6.07e-01	3.84e-01	3.78e-03	0.00e+00	0.00e+00	0.00e+00	0.00e+00	2.34e-06	4.39e-07	2.52e-07
 6.57943e+15	3.38e-06	4.87e-03	6.69e-01	3.24e-01	2.67e-03	0.00e+00	0.00e+00	0.00e+00	0.00e+00	2.60e-06	4.91e-07	2.82e-07
 7.26359e+15	3.76e-06	5.38e-03	7.29e-01	2.64e-01	1.81e-03	0.00e+00	0.00e+00	0.00e+00	0.00e+00	2.90e-06	5.47e-07	3.14e-07
 7.94111e+15	4.18e-06	5.89e-03	7.86e-01	2.07e-01	1.16e-03	0.00e+00	0.00e+00	0.00e+00	0.00e+00	3.22e-06	6.08e-07	3.49e-07
 8.71471e+15	4.71e-06	6.48e-03	8.45e-01	1.48e-01	6.42e-04	0.00e+00	0.00e+00	0.00e+00	0.00e+00	3.63e-06	6.86e-07	3.95e-07
 9.58348e+15	5.27e-06	7.06e-03	8.96e-01	9.66e-02	3.07e-04	0.00e+00	0.00e+00	0.00e+00	0.00e+00	4.07e-06	7.67e-07	4.42e-07
 1.05158e+16	5.87e-06	7.60e-03	9.35e-01	5.77e-02	1.27e-04	0.00e+00	0.00e+00	0.00e+00	0.00e+00	4.53e-06	8.53e-07	4.91e-07
 1.15673e+16	6.50e-06	8.09e-03	9.61e-01	3.12e-02	4.48e-05	0.00e+00	0.00e+00	0.00e+00	0.00e+00	5.02e-06	9.43e-07	5.43e-07
 1.27241e+16	7.12e-06	8.52e-03	9.76e-01	1.58e-02	1.40e-05	0.00e+00	0.00e+00	0.00e+00	0.00e+00	5.49e-06	1.03e-06	5.93e-07
 1.39965e+16	7.79e-06	8.92e-03	9.83e-01	7.62e-03	3.93e-06	0.00e+00	0.00e+00	0.00e+00	0.00e+00	6.01e-06	1.13e-06	6.48e-07
 1.53961e+16	8.52e-06	9.31e-03	9.87e-01	3.53e-03	1.02e-06	0.00e+00	0.00e+00	0.00e+00	0.00e+00	6.57e-06	1.23e-06	7.10e-07
 1.69357e+16	9.39e-06	9.74e-03	9.89e-01	1.58e-03	2.42e-07	0.00e+00	0.00e+00	0.00e+00	0.00e+00	7.25e-06	1.36e-06	7.82e-07
 1.86293e+16	1.04e-05	1.02e-02	9.89e-01	6.87e-04	0.00e+00	0.00e+00	0.00e+00	0.00e+00	0.00e+00	8.05e-06	1.51e-06	8.71e-07
 2.04922e+16	1.17e-05	1.07e-02	9.89e-01	2.88e-04	0.00e+00	0.00e+00	0.00e+00	0.00e+00	0.00e+00	9.05e-06	1.70e-06	9.82e-07
 2.25414e+16	1.34e-05	1.14e-02	9.88e-01	1.18e-04	0.00e+00	0.00e+00	0.00e+00	0.00e+00	0.00e+00	1.03e-05	1.95e-06	1.12e-06
 2.47956e+16	1.56e-05	1.21e-02	9.88e-01	4.73e-05	0.00e+00	0.00e+00	0.00e+00	0.00e+00	0.00e+00	1.20e-05	2.27e-06	1.31e-06
 2.72752e+16	1.85e-05	1.30e-02	9.87e-01	1.93e-05	0.00e+00	0.00e+00	0.00e+00	0.00e+00	0.00e+00	1.42e-05	2.70e-06	1.57e-06
 3.00027e+16	2.25e-05	1.41e-02	9.86e-01	8.37e-06	0.00e+00	0.00e+00	0.00e+00	0.00e+00	0.00e+00	1.72e-05	3.30e-06	1.92e-06
 3.30029e+16	2.81e-05	1.55e-02	9.84e-01	4.15e-06	0.00e+00	0.00e+00	0.00e+00	0.00e+00	0.00e+00	2.16e-05	4.16e-06	2.42e-06
 3.61128e+16	3.61e-05	1.72e-02	9.83e-01	2.52e-06	0.00e+00	0.00e+00	0.00e+00	0.00e+00	0.00e+00	2.76e-05	5.37e-06	3.13e-06
 3.90346e+16	4.64e-05	1.91e-02	9.81e-01	1.84e-06	0.00e+00	0.00e+00	0.00e+00	0.00e+00	0.00e+00	3.54e-05	6.95e-06	4.06e-06
 4.11125e+16	5.68e-05	2.08e-02	9.79e-01	1.55e-06	0.00e+00	0.00e+00	0.00e+00	0.00e+00	0.00e+00	4.33e-05	8.54e-06	4.99e-06
 4.22682e+16	6.38e-05	2.18e-02	9.78e-01	1.43e-06	0.00e+00	0.00e+00	0.00e+00	0.00e+00	0.00e+00	4.85e-05	9.61e-06	5.62e-06
 4.33295e+16	7.06e-05	2.28e-02	9.77e-01	1.34e-06	0.00e+00	0.00e+00	0.00e+00	0.00e+00	0.00e+00	5.37e-05	1.07e-05	6.24e-06
 4.47091e+16	8.08e-05	2.42e-02	9.76e-01	1.24e-06	0.00e+00	0.00e+00	0.00e+00	0.00e+00	0.00e+00	6.14e-05	1.23e-05	7.18e-06
 4.65026e+16	9.69e-05	2.62e-02	9.74e-01	1.13e-06	0.00e+00	0.00e+00	0.00e+00	0.00e+00	0.00e+00	7.35e-05	1.48e-05	8.66e-06
 4.82492e+16	1.18e-04	2.86e-02	9.71e-01	1.04e-06	0.00e+00	0.00e+00	0.00e+00	0.00e+00	0.00e+00	8.96e-05	1.81e-05	1.06e-05
 4.94742e+16	1.37e-04	3.06e-02	9.69e-01	9.79e-07	0.00e+00	0.00e+00	0.00e+00	0.00e+00	0.00e+00	1.04e-04	2.11e-05	1.24e-05
 5.04293e+16	1.54e-04	3.23e-02	9.68e-01	9.42e-07	0.00e+00	0.00e+00	0.00e+00	0.00e+00	0.00e+00	1.17e-04	2.38e-05	1.40e-05
 5.14947e+16	1.75e-04	3.42e-02	9.66e-01	8.97e-07	0.00e+00	0.00e+00	0.00e+00	0.00e+00	0.00e+00	1.32e-04	2.71e-05	1.59e-05
 5.28796e+16	2.08e-04	3.71e-02	9.63e-01	8.49e-07	0.00e+00	0.00e+00	0.00e+00	0.00e+00	0.00e+00	1.57e-04	3.23e-05	1.89e-05
 5.42932e+16	2.53e-04	4.07e-02	9.59e-01	7.96e-07	0.00e+00	0.00e+00	0.00e+00	0.00e+00	0.00e+00	1.90e-04	3.94e-05	2.31e-05
 5.53781e+16	2.97e-04	4.40e-02	9.56e-01	7.54e-07	0.00e+00	0.00e+00	0.00e+00	0.00e+00	0.00e+00	2.23e-04	4.64e-05	2.71e-05
 5.62477e+16	3.38e-04	4.69e-02	9.53e-01	7.27e-07	0.00e+00	0.00e+00	0.00e+00	0.00e+00	0.00e+00	2.54e-04	5.29e-05	3.08e-05
 5.72039e+16	3.88e-04	5.02e-02	9.49e-01	6.94e-07	0.00e+00	0.00e+00	0.00e+00	0.00e+00	0.00e+00	2.92e-04	6.10e-05	3.54e-05
 5.84468e+16	4.68e-04	5.52e-02	9.44e-01	6.56e-07	0.00e+00	0.00e+00	0.00e+00	0.00e+00	0.00e+00	3.52e-04	7.39e-05	4.28e-05
 5.96988e+16	5.80e-04	6.15e-02	9.38e-01	6.11e-07	0.00e+00	0.00e+00	0.00e+00	0.00e+00	0.00e+00	4.35e-04	9.18e-05	5.30e-05
 6.06369e+16	6.88e-04	6.71e-02	9.32e-01	5.78e-07	0.00e+00	0.00e+00	0.00e+00	0.00e+00	0.00e+00	5.16e-04	1.09e-04	6.29e-05
 6.13875e+16	7.88e-04	7.20e-02	9.27e-01	5.52e-07	0.00e+00	0.00e+00	0.00e+00	0.00e+00	0.00e+00	5.90e-04	1.25e-04	7.21e-05
 6.22201e+16	9.14e-04	7.78e-02	9.21e-01	5.22e-07	0.00e+00	0.00e+00	0.00e+00	0.00e+00	0.00e+00	6.85e-04	1.46e-04	8.36e-05
 6.33024e+16	1.12e-03	8.65e-02	9.12e-01	4.88e-07	0.00e+00	0.00e+00	0.00e+00	0.00e+00	0.00e+00	8.36e-04	1.79e-04	1.02e-04
 6.44091e+16	1.41e-03	9.77e-02	9.01e-01	4.46e-07	0.00e+00	0.00e+00	0.00e+00	0.00e+00	0.00e+00	1.05e-03	2.26e-04	1.29e-04
 6.52650e+16	1.70e-03	1.08e-01	8.90e-01	4.14e-07	0.00e+00	0.00e+00	0.00e+00	0.00e+00	0.00e+00	1.27e-03	2.74e-04	1.56e-04
 6.59622e+16	1.99e-03	1.17e-01	8.81e-01	3.88e-07	0.00e+00	0.00e+00	0.00e+00	0.00e+00	0.00e+00	1.48e-03	3.20e-04	1.82e-04
 6.67358e+16	2.35e-03	1.29e-01	8.69e-01	3.59e-07	0.00e+00	0.00e+00	0.00e+00	0.00e+00	0.00e+00	1.76e-03	3.81e-04	2.16e-04
 6.77414e+16	2.96e-03	1.46e-01	8.51e-01	3.24e-07	0.00e+00	0.00e+00	0.00e+00	0.00e+00	0.00e+00	2.21e-03	4.81e-04	2.72e-04
 6.87485e+16	3.84e-03	1.67e-01	8.29e-01	2.85e-07	0.00e+00	0.00e+00	0.00e+00	0.00e+00	0.00e+00	2.86e-03	6.26e-04	3.52e-04
 6.94832e+16	4.70e-03	1.86e-01	8.09e-01	2.55e-07	0.00e+00	0.00e+00	0.00e+00	0.00e+00	0.00e+00	3.51e-03	7.65e-04	4.30e-04
 7.00440e+16	5.49e-03	2.03e-01	7.92e-01	2.32e-07	0.00e+00	0.00e+00	0.00e+00	0.00e+00	0.00e+00	4.10e-03	8.94e-04	5.03e-04
 7.06529e+16	6.48e-03	2.21e-01	7.72e-01	2.12e-07	0.00e+00	0.00e+00	0.00e+00	0.00e+00	0.00e+00	4.83e-03	1.05e-03	5.92e-04
 7.14445e+16	8.10e-03	2.49e-01	7.43e-01	1.85e-07	0.00e+00	0.00e+00	0.00e+00	0.00e+00	0.00e+00	6.04e-03	1.32e-03	7.39e-04
 7.22490e+16	1.04e-02	2.83e-01	7.07e-01	1.53e-07	0.00e+00	0.00e+00	0.00e+00	0.00e+00	0.00e+00	7.77e-03	1.69e-03	9.48e-04
 7.28568e+16	1.27e-02	3.13e-01	6.74e-01	1.32e-07	0.00e+00	0.00e+00	0.00e+00	0.00e+00	0.00e+00	9.50e-03	2.06e-03	1.16e-03
 7.33327e+16	1.49e-02	3.39e-01	6.46e-01	0.00e+00	0.00e+00	0.00e+00	0.00e+00	0.00e+00	0.00e+00	1.11e-02	2.41e-03	1.36e-03
 7.38507e+16	1.77e-02	3.68e-01	6.14e-01	0.00e+00	0.00e+00	0.00e+00	0.00e+00	0.00e+00	0.00e+00	1.32e-02	2.86e-03	1.61e-03
 7.45242e+16	2.22e-02	4.10e-01	5.68e-01	0.00e+00	0.00e+00	0.00e+00	0.00e+00	0.00e+00	0.00e+00	1.66e-02	3.58e-03	2.01e-03
 7.52033e+16	2.87e-02	4.59e-01	5.12e-01	0.00e+00	0.00e+00	0.00e+00	0.00e+00	0.00e+00	0.00e+00	2.14e-02	4.61e-03	2.60e-03
 7.57064e+16	3.48e-02	4.99e-01	4.67e-01	0.00e+00	0.00e+00	0.00e+00	0.00e+00	0.00e+00	0.00e+00	2.60e-02	5.59e-03	3.15e-03
 7.61019e+16	4.05e-02	5.30e-01	4.29e-01	0.00e+00	0.00e+00	0.00e+00	0.00e+00	0.00e+00	0.00e+00	3.04e-02	6.50e-03	3.66e-03
 7.65411e+16	4.80e-02	5.65e-01	3.87e-01	0.00e+00	0.00e+00	0.00e+00	0.00e+00	0.00e+00	0.00e+00	3.60e-02	7.67e-03	4.33e-03
 7.71120e+16	6.02e-02	6.09e-01	3.31e-01	0.00e+00	0.00e+00	0.00e+00	0.00e+00	0.00e+00	0.00e+00	4.51e-02	9.57e-03	5.42e-03
 7.76349e+16	7.52e-02	6.50e-01	2.75e-01	0.00e+00	0.00e+00	0.00e+00	0.00e+00	0.00e+00	0.00e+00	5.65e-02	1.19e-02	6.75e-03
 7.79548e+16	8.65e-02	6.73e-01	2.41e-01	0.00e+00	0.00e+00	0.00e+00	0.00e+00	0.00e+00	0.00e+00	6.51e-02	1.36e-02	7.76e-03
 7.81843e+16	9.54e-02	6.87e-01	2.17e-01	0.00e+00	0.00e+00	0.00e+00	0.00e+00	0.00e+00	0.00e+00	7.19e-02	1.50e-02	8.54e-03
 7.84367e+16	1.06e-01	7.01e-01	1.93e-01	0.00e+00	0.00e+00	0.00e+00	0.00e+00	0.00e+00	0.00e+00	7.99e-02	1.66e-02	9.48e-03
 7.87649e+16	1.22e-01	7.15e-01	1.63e-01	0.00e+00	0.00e+00	0.00e+00	0.00e+00	0.00e+00	0.00e+00	9.18e-02	1.89e-02	1.08e-02
 7.91033e+16	1.41e-01	7.25e-01	1.33e-01	0.00e+00	0.00e+00	0.00e+00	0.00e+00	0.00e+00	0.00e+00	1.07e-01	2.18e-02	1.26e-02
 7.93663e+16	1.59e-01	7.29e-01	1.12e-01	0.00e+00	0.00e+00	0.00e+00	0.00e+00	0.00e+00	0.00e+00	1.20e-01	2.44e-02	1.41e-02
 7.95725e+16	1.74e-01	7.29e-01	9.64e-02	0.00e+00	0.00e+00	0.00e+00	0.00e+00	0.00e+00	0.00e+00	1.32e-01	2.66e-02	1.54e-02
 7.97934e+16	1.92e-01	7.27e-01	8.18e-02	0.00e+00	0.00e+00	0.00e+00	0.00e+00	0.00e+00	0.00e+00	1.46e-01	2.90e-02	1.69e-02
 8.00805e+16	2.17e-01	7.18e-01	6.49e-02	0.00e+00	0.00e+00	0.00e+00	0.00e+00	0.00e+00	0.00e+00	1.65e-01	3.24e-02	1.90e-02
 8.03625e+16	2.47e-01	7.03e-01	4.98e-02	0.00e+00	0.00e+00	0.00e+00	0.00e+00	0.00e+00	0.00e+00	1.89e-01	3.64e-02	2.15e-02
 8.05617e+16	2.71e-01	6.89e-01	4.05e-02	0.00e+00	0.00e+00	0.00e+00	0.00e+00	0.00e+00	0.00e+00	2.08e-01	3.95e-02	2.35e-02
 8.07126e+16	2.89e-01	6.77e-01	3.46e-02	0.00e+00	0.00e+00	0.00e+00	0.00e+00	0.00e+00	0.00e+00	2.22e-01	4.18e-02	2.49e-02
 8.08770e+16	3.10e-01	6.61e-01	2.89e-02	0.00e+00	0.00e+00	0.00e+00	0.00e+00	0.00e+00	0.00e+00	2.39e-01	4.43e-02	2.66e-02
 8.10907e+16	3.39e-01	6.38e-01	2.26e-02	0.00e+00	0.00e+00	0.00e+00	0.00e+00	0.00e+00	0.00e+00	2.63e-01	4.77e-02	2.89e-02
 8.13128e+16	3.74e-01	6.09e-01	1.69e-02	0.00e+00	0.00e+00	0.00e+00	0.00e+00	0.00e+00	0.00e+00	2.91e-01	5.16e-02	3.16e-02
 8.14887e+16	4.05e-01	5.82e-01	1.32e-02	0.00e+00	0.00e+00	0.00e+00	0.00e+00	0.00e+00	0.00e+00	3.16e-01	5.47e-02	3.38e-02
 8.16297e+16	4.28e-01	5.61e-01	1.08e-02	0.00e+00	0.00e+00	0.00e+00	0.00e+00	0.00e+00	0.00e+00	3.36e-01	5.70e-02	3.54e-02
 8.17722e+16	4.53e-01	5.38e-01	8.75e-03	0.00e+00	0.00e+00	0.00e+00	0.00e+00	0.00e+00	0.00e+00	3.57e-01	5.92e-02	3.72e-02
 8.19345e+16	4.83e-01	5.10e-01	6.78e-03	0.00e+00	0.00e+00	0.00e+00	0.00e+00	0.00e+00	0.00e+00	3.82e-01	6.17e-02	3.91e-02
 8.20960e+16	5.15e-01	4.80e-01	5.17e-03	0.00e+00	0.00e+00	0.00e+00	0.00e+00	0.00e+00	0.00e+00	4.10e-01	6.41e-02	4.11e-02
 8.22296e+16	5.42e-01	4.54e-01	4.08e-03	0.00e+00	0.00e+00	0.00e+00	0.00e+00	0.00e+00	0.00e+00	4.33e-01	6.59e-02	4.27e-02
 8.23412e+16	5.63e-01	4.33e-01	3.35e-03	0.00e+00	0.00e+00	0.00e+00	0.00e+00	0.00e+00	0.00e+00	4.52e-01	6.71e-02	4.38e-02
 8.24458e+16	5.84e-01	4.13e-01	2.76e-03	0.00e+00	0.00e+00	0.00e+00	0.00e+00	0.00e+00	0.00e+00	4.71e-01	6.80e-02	4.49e-02
 8.25300e+16	6.01e-01	3.97e-01	2.35e-03	0.00e+00	0.00e+00	0.00e+00	0.00e+00	0.00e+00	0.00e+00	4.86e-01	6.87e-02	4.56e-02
 8.25874e+16	6.11e-01	3.87e-01	2.11e-03	0.00e+00	0.00e+00	0.00e+00	0.00e+00	0.00e+00	0.00e+00	4.96e-01	6.90e-02	4.61e-02
 8.26410e+16	6.21e-01	3.77e-01	1.90e-03	0.00e+00	0.00e+00	0.00e+00	0.00e+00	0.00e+00	0.00e+00	5.05e-01	6.93e-02	4.65e-02
 8.27057e+16	6.34e-01	3.65e-01	1.67e-03	0.00e+00	0.00e+00	0.00e+00	0.00e+00	0.00e+00	0.00e+00	5.17e-01	6.96e-02	4.70e-02
 8.27763e+16	6.48e-01	3.51e-01	1.45e-03	0.00e+00	0.00e+00	0.00e+00	0.00e+00	0.00e+00	0.00e+00	5.30e-01	6.99e-02	4.75e-02
 8.28408e+16	6.60e-01	3.39e-01	1.27e-03	0.00e+00	0.00e+00	0.00e+00	0.00e+00	0.00e+00	0.00e+00	5.42e-01	7.01e-02	4.79e-02
 8.28989e+16	6.71e-01	3.28e-01	1.12e-03	0.00e+00	0.00e+00	0.00e+00	0.00e+00	0.00e+00	0.00e+00	5.53e-01	7.02e-02	4.83e-02
 8.29562e+16	6.82e-01	3.17e-01	9.91e-04	0.00e+00	0.00e+00	0.00e+00	0.00e+00	0.00e+00	0.00e+00	5.63e-01	7.02e-02	4.85e-02
 8.30160e+16	6.94e-01	3.06e-01	8.68e-04	0.00e+00	0.00e+00	0.00e+00	0.00e+00	0.00e+00	0.00e+00	5.74e-01	7.02e-02	4.88e-02
 8.30765e+16	7.05e-01	2.94e-01	7.59e-04	0.00e+00	0.00e+00	0.00e+00	0.00e+00	0.00e+00	0.00e+00	5.86e-01	7.01e-02	4.91e-02
 8.31350e+16	7.16e-01	2.83e-01	6.65e-04	0.00e+00	0.00e+00	0.00e+00	0.00e+00	0.00e+00	0.00e+00	5.97e-01	7.00e-02	4.92e-02
 8.31911e+16	7.26e-01	2.73e-01	5.85e-04	0.00e+00	0.00e+00	0.00e+00	0.00e+00	0.00e+00	0.00e+00	6.07e-01	6.98e-02	4.94e-02
 8.32467e+16	7.36e-01	2.63e-01	5.14e-04	0.00e+00	0.00e+00	0.00e+00	0.00e+00	0.00e+00	0.00e+00	6.17e-01	6.95e-02	4.95e-02
 8.33032e+16	7.46e-01	2.53e-01	4.50e-04	0.00e+00	0.00e+00	0.00e+00	0.00e+00	0.00e+00	0.00e+00	6.27e-01	6.92e-02	4.95e-02
 8.33599e+16	7.56e-01	2.43e-01	3.92e-04	0.00e+00	0.00e+00	0.00e+00	0.00e+00	0.00e+00	0.00e+00	6.38e-01	6.89e-02	4.96e-02
 8.34157e+16	7.66e-01	2.34e-01	3.42e-04	0.00e+00	0.00e+00	0.00e+00	0.00e+00	0.00e+00	0.00e+00	6.48e-01	6.85e-02	4.95e-02
 8.34695e+16	7.75e-01	2.25e-01	3.00e-04	0.00e+00	0.00e+00	0.00e+00	0.00e+00	0.00e+00	0.00e+00	6.57e-01	6.81e-02	4.95e-02
 8.35229e+16	7.84e-01	2.16e-01	2.62e-04	0.00e+00	0.00e+00	0.00e+00	0.00e+00	0.00e+00	0.00e+00	6.67e-01	6.76e-02	4.94e-02
 8.35767e+16	7.92e-01	2.07e-01	2.29e-04	0.00e+00	0.00e+00	0.00e+00	0.00e+00	0.00e+00	0.00e+00	6.76e-01	6.71e-02	4.93e-02
 8.36305e+16	8.01e-01	1.99e-01	1.99e-04	0.00e+00	0.00e+00	0.00e+00	0.00e+00	0.00e+00	0.00e+00	6.85e-01	6.65e-02	4.91e-02
 8.36832e+16	8.09e-01	1.91e-01	1.74e-04	0.00e+00	0.00e+00	0.00e+00	0.00e+00	0.00e+00	0.00e+00	6.94e-01	6.60e-02	4.90e-02
 8.37353e+16	8.17e-01	1.83e-01	1.52e-04	0.00e+00	0.00e+00	0.00e+00	0.00e+00	0.00e+00	0.00e+00	7.03e-01	6.53e-02	4.87e-02
 8.37877e+16	8.25e-01	1.75e-01	1.32e-04	0.00e+00	0.00e+00	0.00e+00	0.00e+00	0.00e+00	0.00e+00	7.12e-01	6.47e-02	4.85e-02
 8.38391e+16	8.32e-01	1.68e-01	1.15e-04	0.00e+00	0.00e+00	0.00e+00	0.00e+00	0.00e+00	0.00e+00	7.20e-01	6.41e-02	4.82e-02
 8.38895e+16	8.39e-01	1.61e-01	1.00e-04	0.00e+00	0.00e+00	0.00e+00	0.00e+00	0.00e+00	0.00e+00	7.28e-01	6.34e-02	4.80e-02
 8.39405e+16	8.46e-01	1.54e-01	8.71e-05	0.00e+00	0.00e+00	0.00e+00	0.00e+00	0.00e+00	0.00e+00	7.36e-01	6.27e-02	4.77e-02
 8.39918e+16	8.53e-01	1.47e-01	7.54e-05	0.00e+00	0.00e+00	0.00e+00	0.00e+00	0.00e+00	0.00e+00	7.44e-01	6.20e-02	4.73e-02
 8.40414e+16	8.59e-01	1.41e-01	6.57e-05	0.00e+00	0.00e+00	0.00e+00	0.00e+00	0.00e+00	0.00e+00	7.51e-01	6.14e-02	4.70e-02
 8.40894e+16	8.65e-01	1.35e-01	5.73e-05	0.00e+00	0.00e+00	0.00e+00	0.00e+00	0.00e+00	0.00e+00	7.58e-01	6.07e-02	4.66e-02
 8.41372e+16	8.71e-01	1.29e-01	5.00e-05	0.00e+00	0.00e+00	0.00e+00	0.00e+00	0.00e+00	0.00e+00	7.64e-01	6.00e-02	4.63e-02
 8.41850e+16	8.76e-01	1.24e-01	4.35e-05	0.00e+00	0.00e+00	0.00e+00	0.00e+00	0.00e+00	0.00e+00	7.71e-01	5.93e-02	4.59e-02
 8.42319e+16	8.82e-01	1.18e-01	3.80e-05	0.00e+00	0.00e+00	0.00e+00	0.00e+00	0.00e+00	0.00e+00	7.78e-01	5.86e-02	4.55e-02
 8.42782e+16	8.87e-01	1.13e-01	3.31e-05	0.00e+00	0.00e+00	0.00e+00	0.00e+00	0.00e+00	0.00e+00	7.84e-01	5.80e-02	4.52e-02
 8.43239e+16	8.92e-01	1.08e-01	2.89e-05	0.00e+00	0.00e+00	0.00e+00	0.00e+00	0.00e+00	0.00e+00	7.89e-01	5.73e-02	4.48e-02
 8.43686e+16	8.96e-01	1.04e-01	2.53e-05	0.00e+00	0.00e+00	0.00e+00	0.00e+00	0.00e+00	0.00e+00	7.95e-01	5.66e-02	4.44e-02
 8.44123e+16	9.01e-01	9.94e-02	2.22e-05	0.00e+00	0.00e+00	0.00e+00	0.00e+00	0.00e+00	0.00e+00	8.01e-01	5.60e-02	4.40e-02
 8.44558e+16	9.05e-01	9.53e-02	1.95e-05	0.00e+00	0.00e+00	0.00e+00	0.00e+00	0.00e+00	0.00e+00	8.06e-01	5.54e-02	4.36e-02
 8.44991e+16	9.09e-01	9.13e-02	1.71e-05	0.00e+00	0.00e+00	0.00e+00	0.00e+00	0.00e+00	0.00e+00	8.11e-01	5.48e-02	4.33e-02
 8.45415e+16	9.12e-01	8.75e-02	1.50e-05	0.00e+00	0.00e+00	0.00e+00	0.00e+00	0.00e+00	0.00e+00	8.15e-01	5.42e-02	4.29e-02
 8.45829e+16	9.16e-01	8.39e-02	1.32e-05	0.00e+00	0.00e+00	0.00e+00	0.00e+00	0.00e+00	0.00e+00	8.20e-01	5.36e-02	4.25e-02
 8.46236e+16	9.20e-01	8.04e-02	1.16e-05	0.00e+00	0.00e+00	0.00e+00	0.00e+00	0.00e+00	0.00e+00	8.24e-01	5.30e-02	4.22e-02
 8.46644e+16	9.23e-01	7.72e-02	1.02e-05	0.00e+00	0.00e+00	0.00e+00	0.00e+00	0.00e+00	0.00e+00	8.28e-01	5.25e-02	4.18e-02
 8.47051e+16	9.26e-01	7.40e-02	8.99e-06	0.00e+00	0.00e+00	0.00e+00	0.00e+00	0.00e+00	0.00e+00	8.33e-01	5.19e-02	4.14e-02
 8.47445e+16	9.29e-01	7.09e-02	7.94e-06	0.00e+00	0.00e+00	0.00e+00	0.00e+00	0.00e+00	0.00e+00	8.37e-01	5.14e-02	4.11e-02
 8.47830e+16	9.32e-01	6.81e-02	7.03e-06	0.00e+00	0.00e+00	0.00e+00	0.00e+00	0.00e+00	0.00e+00	8.40e-01	5.09e-02	4.08e-02
 8.48219e+16	9.35e-01	6.54e-02	6.21e-06	0.00e+00	0.00e+00	0.00e+00	0.00e+00	0.00e+00	0.00e+00	8.44e-01	5.04e-02	4.04e-02
 8.48609e+16	9.37e-01	6.27e-02	5.48e-06	0.00e+00	0.00e+00	0.00e+00	0.00e+00	0.00e+00	0.00e+00	8.47e-01	4.99e-02	4.01e-02
 8.48990e+16	9.40e-01	6.02e-02	4.84e-06	0.00e+00	0.00e+00	0.00e+00	0.00e+00	0.00e+00	0.00e+00	8.51e-01	4.94e-02	3.97e-02
 8.49362e+16	9.42e-01	5.78e-02	4.29e-06	0.00e+00	0.00e+00	0.00e+00	0.00e+00	0.00e+00	0.00e+00	8.54e-01	4.89e-02	3.94e-02
 8.49730e+16	9.45e-01	5.55e-02	3.81e-06	0.00e+00	0.00e+00	0.00e+00	0.00e+00	0.00e+00	0.00e+00	8.57e-01	4.85e-02	3.90e-02
 8.50095e+16	9.47e-01	5.32e-02	3.38e-06	0.00e+00	0.00e+00	0.00e+00	0.00e+00	0.00e+00	0.00e+00	8.60e-01	4.80e-02	3.86e-02
 8.50459e+16	9.49e-01	5.12e-02	3.00e-06	0.00e+00	0.00e+00	0.00e+00	0.00e+00	0.00e+00	0.00e+00	8.63e-01	4.76e-02	3.83e-02
 8.50822e+16	9.51e-01	4.91e-02	2.67e-06	0.00e+00	0.00e+00	0.00e+00	0.00e+00	0.00e+00	0.00e+00	8.66e-01	4.72e-02	3.79e-02
 8.51177e+16	9.53e-01	4.71e-02	2.37e-06	0.00e+00	0.00e+00	0.00e+00	0.00e+00	0.00e+00	0.00e+00	8.69e-01	4.67e-02	3.76e-02
 8.51524e+16	9.55e-01	4.52e-02	2.11e-06	0.00e+00	0.00e+00	0.00e+00	0.00e+00	0.00e+00	0.00e+00	8.71e-01	4.63e-02	3.73e-02
 8.51871e+16	9.57e-01	4.35e-02	1.88e-06	0.00e+00	0.00e+00	0.00e+00	0.00e+00	0.00e+00	0.00e+00	8.74e-01	4.60e-02	3.70e-02
 8.52224e+16	9.58e-01	4.17e-02	1.68e-06	0.00e+00	0.00e+00	0.00e+00	0.00e+00	0.00e+00	0.00e+00	8.76e-01	4.56e-02	3.67e-02
 8.52570e+16	9.60e-01	4.00e-02	1.49e-06	0.00e+00	0.00e+00	0.00e+00	0.00e+00	0.00e+00	0.00e+00	8.78e-01	4.52e-02	3.64e-02
 8.52907e+16	9.62e-01	3.85e-02	1.33e-06	0.00e+00	0.00e+00	0.00e+00	0.00e+00	0.00e+00	0.00e+00	8.81e-01	4.49e-02	3.61e-02
 8.53238e+16	9.63e-01	3.70e-02	1.19e-06	0.00e+00	0.00e+00	0.00e+00	0.00e+00	0.00e+00	0.00e+00	8.83e-01	4.45e-02	3.58e-02
 8.53566e+16	9.64e-01	3.56e-02	1.07e-06	0.00e+00	0.00e+00	0.00e+00	0.00e+00	0.00e+00	0.00e+00	8.85e-01	4.42e-02	3.56e-02
 8.53893e+16	9.66e-01	3.42e-02	9.58e-07	0.00e+00	0.00e+00	0.00e+00	0.00e+00	0.00e+00	0.00e+00	8.87e-01	4.39e-02	3.53e-02
 8.54224e+16	9.67e-01	3.28e-02	8.56e-07	0.00e+00	0.00e+00	0.00e+00	0.00e+00	0.00e+00	0.00e+00	8.89e-01	4.36e-02	3.50e-02
 8.54552e+16	9.69e-01	3.14e-02	7.66e-07	0.00e+00	0.00e+00	0.00e+00	0.00e+00	0.00e+00	0.00e+00	8.91e-01	4.33e-02	3.48e-02
 8.54870e+16	9.70e-01	3.02e-02	6.88e-07	0.00e+00	0.00e+00	0.00e+00	0.00e+00	0.00e+00	0.00e+00	8.92e-01	4.30e-02	3.45e-02
 8.55182e+16	9.71e-01	2.90e-02	6.19e-07	0.00e+00	0.00e+00	0.00e+00	0.00e+00	0.00e+00	0.00e+00	8.94e-01	4.27e-02	3.43e-02
 8.55492e+16	9.72e-01	2.78e-02	5.57e-07	0.00e+00	0.00e+00	0.00e+00	0.00e+00	0.00e+00	0.00e+00	8.96e-01	4.24e-02	3.40e-02
 8.55802e+16	9.73e-01	2.67e-02	5.01e-07	0.00e+00	0.00e+00	0.00e+00	0.00e+00	0.00e+00	0.00e+00	8.97e-01	4.21e-02	3.38e-02
 8.56106e+16	9.74e-01	2.56e-02	4.51e-07	0.00e+00	0.00e+00	0.00e+00	0.00e+00	0.00e+00	0.00e+00	8.99e-01	4.19e-02	3.36e-02
 8.56407e+16	9.75e-01	2.46e-02	4.07e-07	0.00e+00	0.00e+00	0.00e+00	0.00e+00	0.00e+00	0.00e+00	9.00e-01	4.16e-02	3.34e-02
 8.56693e+16	9.76e-01	2.36e-02	3.69e-07	0.00e+00	0.00e+00	0.00e+00	0.00e+00	0.00e+00	0.00e+00	9.02e-01	4.14e-02	3.32e-02
 8.56949e+16	9.77e-01	2.28e-02	3.39e-07	0.00e+00	0.00e+00	0.00e+00	0.00e+00	0.00e+00	0.00e+00	9.03e-01	4.11e-02	3.30e-02
 8.57179e+16	9.78e-01	2.21e-02	3.14e-07	0.00e+00	0.00e+00	0.00e+00	0.00e+00	0.00e+00	0.00e+00	9.04e-01	4.09e-02	3.28e-02
 8.57392e+16	9.79e-01	2.15e-02	2.92e-07	0.00e+00	0.00e+00	0.00e+00	0.00e+00	0.00e+00	0.00e+00	9.05e-01	4.08e-02	3.27e-02
 8.57596e+16	9.79e-01	2.08e-02	2.73e-07	0.00e+00	0.00e+00	0.00e+00	0.00e+00	0.00e+00	0.00e+00	9.06e-01	4.06e-02	3.25e-02
 8.57788e+16	9.80e-01	2.03e-02	2.56e-07	0.00e+00	0.00e+00	0.00e+00	0.00e+00	0.00e+00	0.00e+00	9.07e-01	4.04e-02	3.24e-02
 8.57963e+16	9.80e-01	1.98e-02	2.41e-07	0.00e+00	0.00e+00	0.00e+00	0.00e+00	0.00e+00	0.00e+00	9.08e-01	4.03e-02	3.22e-02
 8.58123e+16	9.81e-01	1.93e-02	2.29e-07	0.00e+00	0.00e+00	0.00e+00	0.00e+00	0.00e+00	0.00e+00	9.08e-01	4.02e-02	3.21e-02
 8.58273e+16	9.81e-01	1.89e-02	2.17e-07	0.00e+00	0.00e+00	0.00e+00	0.00e+00	0.00e+00	0.00e+00	9.09e-01	4.00e-02	3.20e-02
 8.58418e+16	9.82e-01	1.84e-02	2.07e-07	0.00e+00	0.00e+00	0.00e+00	0.00e+00	0.00e+00	0.00e+00	9.10e-01	3.99e-02	3.19e-02
 8.58557e+16	9.82e-01	1.80e-02	1.98e-07	0.00e+00	0.00e+00	0.00e+00	0.00e+00	0.00e+00	0.00e+00	9.10e-01	3.98e-02	3.18e-02
 8.58688e+16	9.82e-01	1.77e-02	1.89e-07	0.00e+00	0.00e+00	0.00e+00	0.00e+00	0.00e+00	0.00e+00	9.11e-01	3.96e-02	3.17e-02
 8.58812e+16	9.83e-01	1.73e-02	1.81e-07	0.00e+00	0.00e+00	0.00e+00	0.00e+00	0.00e+00	0.00e+00	9.12e-01	3.95e-02	3.15e-02
 8.58928e+16	9.83e-01	1.70e-02	1.74e-07	0.00e+00	0.00e+00	0.00e+00	0.00e+00	0.00e+00	0.00e+00	9.12e-01	3.94e-02	3.14e-02
 8.59039e+16	9.83e-01	1.67e-02	1.68e-07	0.00e+00	0.00e+00	0.00e+00	0.00e+00	0.00e+00	0.00e+00	9.13e-01	3.93e-02	3.13e-02
 8.59146e+16	9.84e-01	1.63e-02	1.62e-07	0.00e+00	0.00e+00	0.00e+00	0.00e+00	0.00e+00	0.00e+00	9.13e-01	3.92e-02	3.13e-02
 8.59249e+16	9.84e-01	1.60e-02	1.56e-07	0.00e+00	0.00e+00	0.00e+00	0.00e+00	0.00e+00	0.00e+00	9.14e-01	3.91e-02	3.12e-02
 8.59348e+16	9.84e-01	1.57e-02	1.51e-07	0.00e+00	0.00e+00	0.00e+00	0.00e+00	0.00e+00	0.00e+00	9.14e-01	3.90e-02	3.11e-02
 8.59441e+16	9.85e-01	1.55e-02	1.46e-07	0.00e+00	0.00e+00	0.00e+00	0.00e+00	0.00e+00	0.00e+00	9.15e-01	3.89e-02	3.10e-02
 8.59532e+16	9.85e-01	1.52e-02	1.42e-07	0.00e+00	0.00e+00	0.00e+00	0.00e+00	0.00e+00	0.00e+00	9.15e-01	3.88e-02	3.09e-02
 8.59623e+16	9.85e-01	1.49e-02	1.37e-07	0.00e+00	0.00e+00	0.00e+00	0.00e+00	0.00e+00	0.00e+00	9.16e-01	3.87e-02	3.08e-02
 8.59714e+16	9.85e-01	1.47e-02	1.33e-07	0.00e+00	0.00e+00	0.00e+00	0.00e+00	0.00e+00	0.00e+00	9.16e-01	3.86e-02	3.07e-02
 8.59806e+16	9.86e-01	1.44e-02	1.28e-07	0.00e+00	0.00e+00	0.00e+00	0.00e+00	0.00e+00	0.00e+00	9.17e-01	3.84e-02	3.06e-02
 8.59897e+16	9.86e-01	1.41e-02	1.24e-07	0.00e+00	0.00e+00	0.00e+00	0.00e+00	0.00e+00	0.00e+00	9.17e-01	3.83e-02	3.05e-02
 8.59988e+16	9.86e-01	1.38e-02	1.20e-07	0.00e+00	0.00e+00	0.00e+00	0.00e+00	0.00e+00	0.00e+00	9.18e-01	3.82e-02	3.04e-02
 8.60082e+16	9.87e-01	1.35e-02	1.16e-07	0.00e+00	0.00e+00	0.00e+00	0.00e+00	0.00e+00	0.00e+00	9.18e-01	3.81e-02	3.02e-02
 8.60182e+16	9.87e-01	1.32e-02	1.12e-07	0.00e+00	0.00e+00	0.00e+00	0.00e+00	0.00e+00	0.00e+00	9.19e-01	3.79e-02	3.01e-02
 8.60289e+16	9.87e-01	1.28e-02	1.08e-07	0.00e+00	0.00e+00	0.00e+00	0.00e+00	0.00e+00	0.00e+00	9.19e-01	3.78e-02	2.99e-02
 8.60391e+16	9.88e-01	1.25e-02	1.03e-07	0.00e+00	0.00e+00	0.00e+00	0.00e+00	0.00e+00	0.00e+00	9.20e-01	3.76e-02	2.98e-02
 8.60482e+16	9.88e-01	1.21e-02	9.99e-08	0.00e+00	0.00e+00	0.00e+00	0.00e+00	0.00e+00	0.00e+00	9.21e-01	3.75e-02	2.96e-02
 8.60566e+16	9.88e-01	1.19e-02	9.66e-08	0.00e+00	0.00e+00	0.00e+00	0.00e+00	0.00e+00	0.00e+00	9.21e-01	3.73e-02	2.95e-02
 8.60646e+16	9.88e-01	1.16e-02	9.35e-08	0.00e+00	0.00e+00	0.00e+00	0.00e+00	0.00e+00	0.00e+00	9.22e-01	3.72e-02	2.94e-02
 8.60725e+16	9.89e-01	1.13e-02	9.06e-08	0.00e+00	0.00e+00	0.00e+00	0.00e+00	0.00e+00	0.00e+00	9.22e-01	3.70e-02	2.92e-02
 8.60799e+16	9.89e-01	1.11e-02	8.79e-08	0.00e+00	0.00e+00	0.00e+00	0.00e+00	0.00e+00	0.00e+00	9.23e-01	3.69e-02	2.91e-02
 8.60866e+16	9.89e-01	1.08e-02	8.55e-08	0.00e+00	0.00e+00	0.00e+00	0.00e+00	0.00e+00	0.00e+00	9.23e-01	3.68e-02	2.90e-02
 8.60927e+16	9.89e-01	1.06e-02	8.33e-08	0.00e+00	0.00e+00	0.00e+00	0.00e+00	0.00e+00	0.00e+00	9.24e-01	3.66e-02	2.89e-02
 8.60983e+16	9.90e-01	1.04e-02	8.13e-08	0.00e+00	0.00e+00	0.00e+00	0.00e+00	0.00e+00	0.00e+00	9.24e-01	3.65e-02	2.88e-02
 8.61033e+16	9.90e-01	1.03e-02	7.95e-08	0.00e+00	0.00e+00	0.00e+00	0.00e+00	0.00e+00	0.00e+00	9.25e-01	3.64e-02	2.87e-02
 8.61079e+16	9.90e-01	1.01e-02	7.80e-08	0.00e+00	0.00e+00	0.00e+00	0.00e+00	0.00e+00	0.00e+00	9.25e-01	3.63e-02	2.86e-02
 8.61130e+16	9.90e-01	9.97e-03	7.62e-08	0.00e+00	0.00e+00	0.00e+00	0.00e+00	0.00e+00	0.00e+00	9.25e-01	3.62e-02	2.85e-02
 8.61184e+16	9.90e-01	9.79e-03	7.44e-08	0.00e+00	0.00e+00	0.00e+00	0.00e+00	0.00e+00	0.00e+00	9.26e-01	3.61e-02	2.83e-02
 8.61234e+16	9.90e-01	9.64e-03	7.27e-08	0.00e+00	0.00e+00	0.00e+00	0.00e+00	0.00e+00	0.00e+00	9.26e-01	3.59e-02	2.82e-02
 8.61279e+16	9.90e-01	9.52e-03	7.13e-08	0.00e+00	0.00e+00	0.00e+00	0.00e+00	0.00e+00	0.00e+00	9.27e-01	3.58e-02	2.82e-02
 8.61328e+16	9.91e-01	9.36e-03	6.96e-08	0.00e+00	0.00e+00	0.00e+00	0.00e+00	0.00e+00	0.00e+00	9.27e-01	3.57e-02	2.80e-02
 8.61381e+16	9.91e-01	9.19e-03	6.78e-08	0.00e+00	0.00e+00	0.00e+00	0.00e+00	0.00e+00	0.00e+00	9.27e-01	3.55e-02	2.79e-02
 8.61430e+16	9.91e-01	9.04e-03	6.63e-08	0.00e+00	0.00e+00	0.00e+00	0.00e+00	0.00e+00	0.00e+00	9.28e-01	3.54e-02	2.78e-02
 8.61474e+16	9.91e-01	8.93e-03	6.50e-08	0.00e+00	0.00e+00	0.00e+00	0.00e+00	0.00e+00	0.00e+00	9.28e-01	3.53e-02	2.77e-02
 8.61522e+16	9.91e-01	8.78e-03	6.34e-08	0.00e+00	0.00e+00	0.00e+00	0.00e+00	0.00e+00	0.00e+00	9.28e-01	3.52e-02	2.76e-02
 8.61575e+16	9.91e-01	8.62e-03	6.17e-08	0.00e+00	0.00e+00	0.00e+00	0.00e+00	0.00e+00	0.00e+00	9.29e-01	3.50e-02	2.75e-02
 8.61622e+16	9.91e-01	8.51e-03	6.04e-08	0.00e+00	0.00e+00	0.00e+00	0.00e+00	0.00e+00	0.00e+00	9.29e-01	3.50e-02	2.74e-02
 8.61674e+16	9.92e-01	8.38e-03	5.89e-08	0.00e+00	0.00e+00	0.00e+00	0.00e+00	0.00e+00	0.00e+00	9.29e-01	3.48e-02	2.73e-02
 8.61742e+16	9.92e-01	8.23e-03	5.70e-08	0.00e+00	0.00e+00	0.00e+00	0.00e+00	0.00e+00	0.00e+00	9.30e-01	3.47e-02	2.72e-02
 8.61815e+16	9.92e-01	8.05e-03	5.50e-08	0.00e+00	0.00e+00	0.00e+00	0.00e+00	0.00e+00	0.00e+00	9.30e-01	3.46e-02	2.71e-02
 8.61882e+16	9.92e-01	7.90e-03	5.33e-08	0.00e+00	0.00e+00	0.00e+00	0.00e+00	0.00e+00	0.00e+00	9.31e-01	3.44e-02	2.69e-02
 8.61942e+16	9.92e-01	7.76e-03	5.17e-08	0.00e+00	0.00e+00	0.00e+00	0.00e+00	0.00e+00	0.00e+00	9.31e-01	3.43e-02	2.68e-02
 8.61997e+16	9.92e-01	7.65e-03	5.04e-08	0.00e+00	0.00e+00	0.00e+00	0.00e+00	0.00e+00	0.00e+00	9.31e-01	3.42e-02	2.67e-02
 8.62058e+16	9.92e-01	7.51e-03	4.89e-08	0.00e+00	0.00e+00	0.00e+00	0.00e+00	0.00e+00	0.00e+00	9.32e-01	3.41e-02	2.66e-02
 8.62123e+16	9.93e-01	7.37e-03	4.73e-08	0.00e+00	0.00e+00	0.00e+00	0.00e+00	0.00e+00	0.00e+00	9.32e-01	3.39e-02	2.65e-02
 8.62182e+16	9.93e-01	7.25e-03	4.59e-08	0.00e+00	0.00e+00	0.00e+00	0.00e+00	0.00e+00	0.00e+00	9.33e-01	3.38e-02	2.64e-02
###########################
 9.61732e+11	1.36e-06	1.84e-03	2.63e-01	7.11e-01	2.46e-02	5.80e-07	0.00e+00	0.00e+00	0.00e+00	1.04e-06	2.04e-07	1.18e-07
 5.77039e+12	1.36e-06	1.84e-03	2.63e-01	7.11e-01	2.46e-02	5.79e-07	0.00e+00	0.00e+00	0.00e+00	1.04e-06	2.03e-07	1.18e-07
 2.50050e+13	1.36e-06	1.85e-03	2.64e-01	7.10e-01	2.45e-02	5.75e-07	0.00e+00	0.00e+00	0.00e+00	1.04e-06	2.03e-07	1.18e-07
 1.01944e+14	1.37e-06	1.86e-03	2.67e-01	7.07e-01	2.40e-02	5.58e-07	0.00e+00	0.00e+00	0.00e+00	1.05e-06	2.05e-07	1.19e-07
 2.43511e+14	1.36e-06	1.87e-03	2.71e-01	7.04e-01	2.31e-02	5.32e-07	0.00e+00	0.00e+00	0.00e+00	1.04e-06	2.03e-07	1.18e-07
 4.27548e+14	1.36e-06	1.91e-03	2.78e-01	6.98e-01	2.21e-02	4.99e-07	0.00e+00	0.00e+00	0.00e+00	1.04e-06	2.04e-07	1.18e-07
 6.66796e+14	1.38e-06	1.96e-03	2.86e-01	6.91e-01	2.08e-02	4.58e-07	0.00e+00	0.00e+00	0.00e+00	1.06e-06	2.06e-07	1.19e-07
 9.77819e+14	1.42e-06	2.03e-03	2.98e-01	6.81e-01	1.92e-02	4.10e-07	0.00e+00	0.00e+00	0.00e+00	1.09e-06	2.10e-07	1.22e-07
 1.38215e+15	1.47e-06	2.13e-03	3.15e-01	6.66e-01	1.73e-02	3.54e-07	0.00e+00	0.00e+00	0.00e+00	1.13e-06	2.18e-07	1.26e-07
 1.90778e+15	1.56e-06	2.28e-03	3.39e-01	6.44e-01	1.51e-02	2.91e-07	0.00e+00	0.00e+00	0.00e+00	1.20e-06	2.30e-07	1.33e-07
 2.59026e+15	1.71e-06	2.52e-03	3.73e-01	6.12e-01	1.25e-02	2.24e-07	0.00e+00	0.00e+00	0.00e+00	1.32e-06	2.51e-07	1.44e-07
 3.45324e+15	1.93e-06	2.87e-03	4.23e-01	5.64e-01	9.59e-03	1.57e-07	0.00e+00	0.00e+00	0.00e+00	1.49e-06	2.82e-07	1.62e-07
 4.36302e+15	2.18e-06	3.27e-03	4.83e-01	5.07e-01	7.10e-03	0.00e+00	0.00e+00	0.00e+00	0.00e+00	1.68e-06	3.17e-07	1.82e-07
 5.17738e+15	2.45e-06	3.70e-03	5.44e-01	4.47e-01	5.23e-03	0.00e+00	0.00e+00	0.00e+00	0.00e+00	1.89e-06	3.56e-07	2.04e-07
 5.91262e+15	2.76e-06	4.16e-03	6.06e-01	3.86e-01	3.81e-03	0.00e+00	0.00e+00	0.00e+00	0.00e+00	2.13e-06	4.01e-07	2.30e-07
 6.60161e+15	3.10e-06	4.63e-03	6.66e-01	3.27e-01	2.71e-03	0.00e+00	0.00e+00	0.00e+00	0.00e+00	2.39e-06	4.50e-07	2.59e-07
 7.26723e+15	3.47e-06	5.13e-03	7.25e-01	2.68e-01	1.85e-03	0.00e+00	0.00e+00	0.00e+00	0.00e+00	2.67e-06	5.05e-07	2.90e-07
 7.92485e+15	3.88e-06	5.64e-03	7.81e-01	2.12e-01	1.21e-03	0.00e+00	0.00e+00	0.00e+00	0.00e+00	2.99e-06	5.65e-07	3.25e-07
 8.67907e+15	4.42e-06	6.25e-03	8.39e-01	1.54e-01	6.84e-04	0.00e+00	0.00e+00	0.00e+00	0.00e+00	3.41e-06	6.44e-07	3.71e-07
 9.51114e+15	4.98e-06	6.84e-03	8.90e-01	1.03e-01	3.42e-04	0.00e+00	0.00e+00	0.00e+00	0.00e+00	3.84e-06	7.25e-07	4.18e-07
 1.04127e+16	5.61e-06	7.42e-03	9.30e-01	6.28e-02	1.47e-04	0.00e+00	0.00e+00	0.00e+00	0.00e+00	4.33e-06	8.16e-07	4.70e-07
 1.14540e+16	6.27e-06	7.96e-03	9.58e-01	3.43e-02	5.25e-05	0.00e+00	0.00e+00	0.00e+00	0.00e+00	4.84e-06	9.11e-07	5.25e-07
 1.25994e+16	6.93e-06	8.43e-03	9.74e-01	1.74e-02	1.65e-05	0.00e+00	0.00e+00	0.00e+00	0.00e+00	5.35e-06	1.01e-06	5.79e-07
 1.38594e+16	7.61e-06	8.85e-03	9.83e-01	8.43e-03	4.70e-06	0.00e+00	0.00e+00	0.00e+00	0.00e+00	5.87e-06	1.10e-06	6.35e-07
 1.52453e+16	8.35e-06	9.26e-03	9.87e-01	3.92e-03	1.22e-06	0.00e+00	0.00e+00	0.00e+00	0.00e+00	6.44e-06	1.21e-06	6.97e-07
 1.67698e+16	9.20e-06	9.69e-03	9.89e-01	1.76e-03	2.93e-07	0.00e+00	0.00e+00	0.00e+00	0.00e+00	7.10e-06	1.33e-06	7.68e-07
 1.84468e+16	1.03e-05	1.02e-02	9.89e-01	7.65e-04	0.00e+00	0.00e+00	0.00e+00	0.00e+00	0.00e+00	7.91e-06	1.49e-06	8.56e-07
 2.02915e+16	1.15e-05	1.07e-02	9.89e-01	3.22e-04	0.00e+00	0.00e+00	0.00e+00	0.00e+00	0.00e+00	8.89e-06	1.67e-06	9.65e-07
 2.23206e+16	1.32e-05	1.13e-02	9.89e-01	1.31e-04	0.00e+00	0.00e+00	0.00e+00	0.00e+00	0.00e+00	1.01e-05	1.91e-06	1.11e-06
 2.45527e+16	1.53e-05	1.21e-02	9.88e-01	5.27e-05	0.00e+00	0.00e+00	0.00e+00	0.00e+00	0.00e+00	1.18e-05	2.23e-06	1.29e-06
 2.70080e+16	1.81e-05	1.30e-02	9.87e-01	2.13e-05	0.00e+00	0.00e+00	0.00e+00	0.00e+00	0.00e+00	1.39e-05	2.65e-06	1.53e-06
 2.97088e+16	2.20e-05	1.41e-02	9.86e-01	9.13e-06	0.00e+00	0.00e+00	0.00e+00	0.00e+00	0.00e+00	1.69e-05	3.23e-06	1.87e-06
 3.26797e+16	2.75e-05	1.54e-02	9.85e-01	4.42e-06	0.00e+00	0.00e+00	0.00e+00	0.00e+00	0.00e+00	2.11e-05	4.06e-06	2.36e-06
 3.58200e+16	3.53e-05	1.71e-02	9.83e-01	2.59e-06	0.00e+00	0.00e+00	0.00e+00	0.00e+00	0.00e+00	2.70e-05	5.24e-06	3.05e-06
 3.88268e+16	4.57e-05	1.90e-02	9.81e-01	1.84e-06	0.00e+00	0.00e+00	0.00e+00	0.00e+00	0.00e+00	3.49e-05	6.83e-06	3.99e-06
 4.15254e+16	5.85e-05	2.11e-02	9.79e-01	1.48e-06	0.00e+00	0.00e+00	0.00e+00	0.00e+00	0.00e+00	4.46e-05	8.81e-06	5.15e-06
 4.34524e+16	7.14e-05	2.30e-02	9.77e-01	1.30e-06	0.00e+00	0.00e+00	0.00e+00	0.00e+00	0.00e+00	5.43e-05	1.08e-05	6.31e-06
 4.45412e+16	8.02e-05	2.42e-02	9.76e-01	1.22e-06	0.00e+00	0.00e+00	0.00e+00	0.00e+00	0.00e+00	6.10e-05	1.22e-05	7.11e-06
 4.55482e+16	8.90e-05	2.53e-02	9.75e-01	1.16e-06	0.00e+00	0.00e+00	0.00e+00	0.00e+00	0.00e+00	6.75e-05	1.35e-05	7.91e-06
 4.68573e+16	1.02e-04	2.68e-02	9.73e-01	1.08e-06	0.00e+00	0.00e+00	0.00e+00	0.00e+00	0.00e+00	7.73e-05	1.55e-05	9.10e-06
 4.85591e+16	1.22e-04	2.91e-02	9.71e-01	1.01e-06	0.00e+00	0.00e+00	0.00e+00	0.00e+00	0.00e+00	9.26e-05	1.88e-05	1.10e-05
 5.02167e+16	1.50e-04	3.19e-02	9.68e-01	9.32e-07	0.00e+00	0.00e+00	0.00e+00	0.00e+00	0.00e+00	1.13e-04	2.31e-05	1.35e-05
 5.13783e+16	1.74e-04	3.42e-02	9.66e-01	8.82e-07	0.00e+00	0.00e+00	0.00e+00	0.00e+00	0.00e+00	1.32e-04	2.69e-05	1.58e-05
 5.22830e+16	1.96e-04	3.61e-02	9.64e-01	8.51e-07	0.00e+00	0.00e+00	0.00e+00	0.00e+00	0.00e+00	1.48e-04	3.03e-05	1.78e-05
 5.32921e+16	2.23e-04	3.84e-02	9.61e-01	8.13e-07	0.00e+00	0.00e+00	0.00e+00	0.00e+00	0.00e+00	1.68e-04	3.46e-05	2.03e-05
 5.46040e+16	2.65e-04	4.17e-02	9.58e-01	7.72e-07	0.00e+00	0.00e+00	0.00e+00	0.00e+00	0.00e+00	1.99e-04	4.13e-05	2.41e-05
 5.59488e+16	3.22e-04	4.59e-02	9.54e-01	7.24e-07	0.00e+00	0.00e+00	0.00e+00	0.00e+00	0.00e+00	2.42e-04	5.05e-05	2.94e-05
 5.69893e+16	3.79e-04	4.97e-02	9.50e-01	6.87e-07	0.00e+00	0.00e+00	0.00e+00	0.00e+00	0.00e+00	2.85e-04	5.96e-05	3.46e-05
 5.78266e+16	4.33e-04	5.31e-02	9.46e-01	6.61e-07	0.00e+00	0.00e+00	0.00e+00	0.00e+00	0.00e+00	3.25e-04	6.82e-05	3.96e-05
 5.87468e+16	5.00e-04	5.71e-02	9.42e-01	6.30e-07	0.00e+00	0.00e+00	0.00e+00	0.00e+00	0.00e+00	3.75e-04	7.89e-05	4.56e-05
 5.99430e+16	6.06e-04	6.30e-02	9.36e-01	5.94e-07	0.00e+00	0.00e+00	0.00e+00	0.00e+00	0.00e+00	4.54e-04	9.61e-05	5.54e-05
 6.11482e+16	7.54e-04	7.05e-02	9.29e-01	5.51e-07	0.00e+00	0.00e+00	0.00e+00	0.00e+00	0.00e+00	5.65e-04	1.20e-04	6.89e-05
 6.20524e+16	8.98e-04	7.72e-02	9.22e-01	5.20e-07	0.00e+00	0.00e+00	0.00e+00	0.00e+00	0.00e+00	6.72e-04	1.43e-04	8.21e-05
 6.27781e+16	1.03e-03	8.31e-02	9.16e-01	4.94e-07	0.00e+00	0.00e+00	0.00e+00	0.00e+00	0.00e+00	7.73e-04	1.65e-04	9.45e-05
 6.35841e+16	1.20e-03	9.01e-02	9.09e-01	4.66e-07	0.00e+00	0.00e+00	0.00e+00	0.00e+00	0.00e+00	9.01e-04	1.93e-04	1.10e-04
 6.46319e+16	1.48e-03	1.01e-01	8.98e-01	4.32e-07	0.00e+00	0.00e+00	0.00e+00	0.00e+00	0.00e+00	1.11e-03	2.39e-04	1.36e-04
 6.57051e+16	1.88e-03	1.14e-01	8.84e-01	3.92e-07	0.00e+00	0.00e+00	0.00e+00	0.00e+00	0.00e+00	1.40e-03	3.04e-04	1.72e-04
 6.65389e+16	2.29e-03	1.27e-01	8.71e-01	3.60e-07	0.00e+00	0.00e+00	0.00e+00	0.00e+00	0.00e+00	1.71e-03	3.71e-04	2.10e-04
 6.72148e+16	2.69e-03	1.38e-01	8.59e-01	3.35e-07	0.00e+00	0.00e+00	0.00e+00	0.00e+00	0.00e+00	2.01e-03	4.37e-04	2.46e-04
 6.79576e+16	3.20e-03	1.52e-01	8.45e-01	3.09e-07	0.00e+00	0.00e+00	0.00e+00	0.00e+00	0.00e+00	2.39e-03	5.21e-04	2.93e-04
 6.89232e+16	4.06e-03	1.73e-01	8.23e-01	2.74e-07	0.00e+00	0.00e+00	0.00e+00	0.00e+00	0.00e+00	3.02e-03	6.62e-04	3.72e-04
 6.98777e+16	5.29e-03	1.99e-01	7.96e-01	2.38e-07	0.00e+00	0.00e+00	0.00e+00	0.00e+00	0.00e+00	3.94e-03	8.62e-04	4.83e-04
 7.05567e+16	6.46e-03	2.21e-01	7.73e-01	2.09e-07	0.00e+00	0.00e+00	0.00e+00	0.00e+00	0.00e+00	4.81e-03	1.05e-03	5.90e-04
 7.10703e+16	7.51e-03	2.39e-01	7.53e-01	1.91e-07	0.00e+00	0.00e+00	0.00e+00	0.00e+00	0.00e+00	5.60e-03	1.22e-03	6.86e-04
 7.16302e+16	8.84e-03	2.60e-01	7.31e-01	1.71e-07	0.00e+00	0.00e+00	0.00e+00	0.00e+00	0.00e+00	6.59e-03	1.44e-03	8.06e-04
 7.23580e+16	1.10e-02	2.91e-01	6.98e-01	1.48e-07	0.00e+00	0.00e+00	0.00e+00	0.00e+00	0.00e+00	8.18e-03	1.78e-03	9.99e-04
 7.31110e+16	1.41e-02	3.30e-01	6.56e-01	0.00e+00	0.00e+00	0.00e+00	0.00e+00	0.00e+00	0.00e+00	1.05e-02	2.29e-03	1.28e-03
 7.36939e+16	1.72e-02	3.64e-01	6.19e-01	0.00e+00	0.00e+00	0.00e+00	0.00e+00	0.00e+00	0.00e+00	1.29e-02	2.80e-03	1.57e-03
 7.41506e+16	2.02e-02	3.93e-01	5.87e-01	0.00e+00	0.00e+00	0.00e+00	0.00e+00	0.00e+00	0.00e+00	1.51e-02	3.28e-03	1.84e-03
 7.46457e+16	2.40e-02	4.25e-01	5.51e-01	0.00e+00	0.00e+00	0.00e+00	0.00e+00	0.00e+00	0.00e+00	1.79e-02	3.88e-03	2.18e-03
 7.52893e+16	3.02e-02	4.71e-01	4.99e-01	0.00e+00	0.00e+00	0.00e+00	0.00e+00	0.00e+00	0.00e+00	2.26e-02	4.88e-03	2.74e-03
 7.59337e+16	3.88e-02	5.22e-01	4.40e-01	0.00e+00	0.00e+00	0.00e+00	0.00e+00	0.00e+00	0.00e+00	2.91e-02	6.25e-03	3.51e-03
 7.64112e+16	4.72e-02	5.61e-01	3.92e-01	0.00e+00	0.00e+00	0.00e+00	0.00e+00	0.00e+00	0.00e+00	3.53e-02	7.57e-03	4.26e-03
 7.67921e+16	5.50e-02	5.92e-01	3.53e-01	0.00e+00	0.00e+00	0.00e+00	0.00e+00	0.00e+00	0.00e+00	4.12e-02	8.80e-03	4.95e-03
 7.71543e+16	6.37e-02	6.21e-01	3.16e-01	0.00e+00	0.00e+00	0.00e+00	0.00e+00	0.00e+00	0.00e+00	4.78e-02	1.02e-02	5.73e-03
 7.75051e+16	7.37e-02	6.47e-01	2.79e-01	0.00e+00	0.00e+00	0.00e+00	0.00e+00	0.00e+00	0.00e+00	5.54e-02	1.17e-02	6.62e-03
 7.78383e+16	8.48e-02	6.70e-01	2.45e-01	0.00e+00	0.00e+00	0.00e+00	0.00e+00	0.00e+00	0.00e+00	6.38e-02	1.34e-02	7.61e-03
 7.81478e+16	9.70e-02	6.90e-01	2.13e-01	0.00e+00	0.00e+00	0.00e+00	0.00e+00	0.00e+00	0.00e+00	7.30e-02	1.53e-02	8.68e-03
 7.84345e+16	1.10e-01	7.05e-01	1.85e-01	0.00e+00	0.00e+00	0.00e+00	0.00e+00	0.00e+00	0.00e+00	8.28e-02	1.72e-02	9.81e-03
 7.87048e+16	1.24e-01	7.16e-01	1.60e-01	0.00e+00	0.00e+00	0.00e+00	0.00e+00	0.00e+00	0.00e+00	9.32e-02	1.93e-02	1.10e-02
 7.89661e+16	1.38e-01	7.24e-01	1.37e-01	0.00e+00	0.00e+00	0.00e+00	0.00e+00	0.00e+00	0.00e+00	1.05e-01	2.15e-02	1.23e-02
 7.92184e+16	1.54e-01	7.29e-01	1.17e-01	0.00e+00	0.00e+00	0.00e+00	0.00e+00	0.00e+00	0.00e+00	1.17e-01	2.38e-02	1.37e-02
 7.94612e+16	1.72e-01	7.30e-01	9.86e-02	0.00e+00	0.00e+00	0.00e+00	0.00e+00	0.00e+00	0.00e+00	1.30e-01	2.63e-02	1.52e-02
 7.96928e+16	1.90e-01	7.27e-01	8.27e-02	0.00e+00	0.00e+00	0.00e+00	0.00e+00	0.00e+00	0.00e+00	1.45e-01	2.89e-02	1.68e-02
 7.99106e+16	2.10e-01	7.21e-01	6.91e-02	0.00e+00	0.00e+00	0.00e+00	0.00e+00	0.00e+00	0.00e+00	1.60e-01	3.16e-02	1.84e-02
 8.01176e+16	2.30e-01	7.12e-01	5.76e-02	0.00e+00	0.00e+00	0.00e+00	0.00e+00	0.00e+00	0.00e+00	1.76e-01	3.44e-02	2.01e-02
 8.03179e+16	2.52e-01	7.01e-01	4.76e-02	0.00e+00	0.00e+00	0.00e+00	0.00e+00	0.00e+00	0.00e+00	1.92e-01	3.72e-02	2.19e-02
 8.05132e+16	2.75e-01	6.86e-01	3.91e-02	0.00e+00	0.00e+00	0.00e+00	0.00e+00	0.00e+00	0.00e+00	2.11e-01	4.01e-02	2.38e-02
 8.07026e+16	2.99e-01	6.70e-01	3.18e-02	0.00e+00	0.00e+00	0.00e+00	0.00e+00	0.00e+00	0.00e+00	2.30e-01	4.31e-02	2.57e-02
 8.08852e+16	3.24e-01	6.51e-01	2.58e-02	0.00e+00	0.00e+00	0.00e+00	0.00e+00	0.00e+00	0.00e+00	2.50e-01	4.61e-02	2.77e-02
 8.10622e+16	3.50e-01	6.30e-01	2.08e-02	0.00e+00	0.00e+00	0.00e+00	0.00e+00	0.00e+00	0.00e+00	2.71e-01	4.90e-02	2.97e-02
 8.12350e+16	3.77e-01	6.07e-01	1.66e-02	0.00e+00	0.00e+00	0.00e+00	0.00e+00	0.00e+00	0.00e+00	2.93e-01	5.20e-02	3.17e-02
 8.14044e+16	4.05e-01	5.82e-01	1.32e-02	0.00e+00	0.00e+00	0.00e+00	0.00e+00	0.00e+00	0.00e+00	3.16e-01	5.49e-02	3.38e-02
 8.15703e+16	4.34e-01	5.56e-01	1.04e-02	0.00e+00	0.00e+00	0.00e+00	0.00e+00	0.00e+00	0.00e+00	3.40e-01	5.76e-02	3.58e-02
 8.17328e+16	4.63e-01	5.29e-01	8.09e-03	0.00e+00	0.00e+00	0.00e+00	0.00e+00	0.00e+00	0.00e+00	3.65e-01	6.02e-02	3.78e-02
 8.18841e+16	4.92e-01	5.02e-01	6.33e-03	0.00e+00	0.00e+00	0.00e+00	0.00e+00	0.00e+00	0.00e+00	3.90e-01	6.26e-02	3.97e-02
 8.20224e+16	5.18e-01	4.77e-01	5.03e-03	0.00e+00	0.00e+00	0.00e+00	0.00e+00	0.00e+00	0.00e+00	4.12e-01	6.45e-02	4.13e-02
 8.21489e+16	5.43e-01	4.53e-01	4.02e-03	0.00e+00	0.00e+00	0.00e+00	0.00e+00	0.00e+00	0.00e+00	4.34e-01	6.61e-02	4.28e-02
 8.22646e+16	5.65e-01	4.31e-01	3.27e-03	0.00e+00	0.00e+00	0.00e+00	0.00e+00	0.00e+00	0.00e+00	4.54e-01	6.74e-02	4.40e-02
 8.23739e+16	5.88e-01	4.10e-01	2.66e-03	0.00e+00	0.00e+00	0.00e+00	0.00e+00	0.00e+00	0.00e+00	4.74e-01	6.84e-02	4.51e-02
 8.24571e+16	6.04e-01	3.94e-01	2.27e-03	0.00e+00	0.00e+00	0.00e+00	0.00e+00	0.00e+00	0.00e+00	4.89e-01	6.90e-02	4.58e-02
