#depth	O	O+	O+2	O+3	O+4	O+5	O+6	O+7	O+8	O[1]	O[2]	O[3]
 9.61608e+11	1.36e-06	1.84e-03	2.63e-01	7.11e-01	2.46e-02	5.80e-07	0.00e+00	0.00e+00	0.00e+00	1.04e-06	2.03e-07	1.18e-07
 5.76965e+12	1.36e-06	1.84e-03	2.63e-01	7.11e-01	2.46e-02	5.79e-07	0.00e+00	0.00e+00	0.00e+00	1.04e-06	2.03e-07	1.18e-07
 2.50018e+13	1.36e-06	1.84e-03	2.64e-01	7.10e-01	2.45e-02	5.75e-07	0.00e+00	0.00e+00	0.00e+00	1.04e-06	2.03e-07	1.18e-07
 1.01930e+14	1.37e-06	1.86e-03	2.67e-01	7.07e-01	2.40e-02	5.58e-07	0.00e+00	0.00e+00	0.00e+00	1.05e-06	2.05e-07	1.19e-07
 2.43479e+14	1.36e-06	1.87e-03	2.71e-01	7.04e-01	2.31e-02	5.32e-07	0.00e+00	0.00e+00	0.00e+00	1.04e-06	2.03e-07	1.18e-07
 4.27493e+14	1.36e-06	1.91e-03	2.78e-01	6.98e-01	2.21e-02	4.99e-07	0.00e+00	0.00e+00	0.00e+00	1.04e-06	2.04e-07	1.18e-07
 6.66710e+14	1.38e-06	1.96e-03	2.86e-01	6.91e-01	2.08e-02	4.58e-07	0.00e+00	0.00e+00	0.00e+00	1.06e-06	2.06e-07	1.19e-07
 9.77692e+14	1.42e-06	2.03e-03	2.98e-01	6.81e-01	1.92e-02	4.10e-07	0.00e+00	0.00e+00	0.00e+00	1.09e-06	2.10e-07	1.22e-07
 1.38197e+15	1.47e-06	2.13e-03	3.15e-01	6.66e-01	1.73e-02	3.54e-07	0.00e+00	0.00e+00	0.00e+00	1.13e-06	2.18e-07	1.26e-07
 1.90753e+15	1.56e-06	2.28e-03	3.39e-01	6.44e-01	1.51e-02	2.92e-07	0.00e+00	0.00e+00	0.00e+00	1.20e-06	2.30e-07	1.33e-07
 2.58996e+15	1.71e-06	2.52e-03	3.73e-01	6.12e-01	1.25e-02	2.24e-07	0.00e+00	0.00e+00	0.00e+00	1.32e-06	2.50e-07	1.44e-07
 3.45290e+15	1.93e-06	2.87e-03	4.23e-01	5.64e-01	9.59e-03	1.57e-07	0.00e+00	0.00e+00	0.00e+00	1.49e-06	2.82e-07	1.62e-07
 4.36267e+15	2.18e-06	3.27e-03	4.83e-01	5.07e-01	7.10e-03	0.00e+00	0.00e+00	0.00e+00	0.00e+00	1.68e-06	3.17e-07	1.82e-07
 5.17706e+15	2.45e-06	3.70e-03	5.44e-01	4.47e-01	5.23e-03	0.00e+00	0.00e+00	0.00e+00	0.00e+00	1.89e-06	3.56e-07	2.04e-07
 5.91233e+15	2.76e-06	4.16e-03	6.06e-01	3.86e-01	3.81e-03	0.00e+00	0.00e+00	0.00e+00	0.00e+00	2.13e-06	4.01e-07	2.30e-07
 6.60134e+15	3.10e-06	4.63e-03	6.66e-01	3.27e-01	2.71e-03	0.00e+00	0.00e+00	0.00e+00	0.00e+00	2.39e-06	4.50e-07	2.59e-07
 7.26698e+15	3.47e-06	5.13e-03	7.25e-01	2.68e-01	1.85e-03	0.00e+00	0.00e+00	0.00e+00	0.00e+00	2.67e-06	5.05e-07	2.90e-07
 7.92459e+15	3.88e-06	5.64e-03	7.81e-01	2.12e-01	1.21e-03	0.00e+00	0.00e+00	0.00e+00	0.00e+00	2.99e-06	5.65e-07	3.25e-07
 8.67879e+15	4.42e-06	6.25e-03	8.39e-01	1.54e-01	6.85e-04	0.00e+00	0.00e+00	0.00e+00	0.00e+00	3.41e-06	6.44e-07	3.71e-07
 9.51083e+15	4.98e-06	6.84e-03	8.90e-01	1.03e-01	3.42e-04	0.00e+00	0.00e+00	0.00e+00	0.00e+00	3.84e-06	7.25e-07	4.18e-07
 1.04124e+16	5.61e-06	7.42e-03	9.30e-01	6.28e-02	1.47e-04	0.00e+00	0.00e+00	0.00e+00	0.00e+00	4.33e-06	8.16e-07	4.70e-07
 1.14536e+16	6.27e-06	7.96e-03	9.58e-01	3.43e-02	5.26e-05	0.00e+00	0.00e+00	0.00e+00	0.00e+00	4.84e-06	9.11e-07	5.25e-07
 1.25990e+16	6.93e-06	8.43e-03	9.74e-01	1.75e-02	1.65e-05	0.00e+00	0.00e+00	0.00e+00	0.00e+00	5.35e-06	1.01e-06	5.79e-07
 1.38589e+16	7.61e-06	8.85e-03	9.83e-01	8.44e-03	4.70e-06	0.00e+00	0.00e+00	0.00e+00	0.00e+00	5.87e-06	1.10e-06	6.35e-07
 1.52448e+16	8.35e-06	9.26e-03	9.87e-01	3.92e-03	1.22e-06	0.00e+00	0.00e+00	0.00e+00	0.00e+00	6.44e-06	1.21e-06	6.97e-07
 1.67693e+16	9.20e-06	9.69e-03	9.89e-01	1.76e-03	2.93e-07	0.00e+00	0.00e+00	0.00e+00	0.00e+00	7.10e-06	1.33e-06	7.68e-07
 1.84462e+16	1.02e-05	1.02e-02	9.89e-01	7.65e-04	0.00e+00	0.00e+00	0.00e+00	0.00e+00	0.00e+00	7.91e-06	1.49e-06	8.56e-07
 2.02908e+16	1.15e-05	1.07e-02	9.89e-01	3.22e-04	0.00e+00	0.00e+00	0.00e+00	0.00e+00	0.00e+00	8.89e-06	1.67e-06	9.65e-07
 2.23199e+16	1.32e-05	1.13e-02	9.89e-01	1.31e-04	0.00e+00	0.00e+00	0.00e+00	0.00e+00	0.00e+00	1.01e-05	1.91e-06	1.11e-06
 2.45519e+16	1.53e-05	1.21e-02	9.88e-01	5.27e-05	0.00e+00	0.00e+00	0.00e+00	0.00e+00	0.00e+00	1.18e-05	2.23e-06	1.29e-06
 2.70071e+16	1.81e-05	1.30e-02	9.87e-01	2.13e-05	0.00e+00	0.00e+00	0.00e+00	0.00e+00	0.00e+00	1.39e-05	2.65e-06	1.53e-06
 2.97078e+16	2.20e-05	1.41e-02	9.86e-01	9.13e-06	0.00e+00	0.00e+00	0.00e+00	0.00e+00	0.00e+00	1.69e-05	3.23e-06	1.87e-06
 3.26786e+16	2.75e-05	1.54e-02	9.85e-01	4.42e-06	0.00e+00	0.00e+00	0.00e+00	0.00e+00	0.00e+00	2.11e-05	4.06e-06	2.36e-06
 3.58190e+16	3.53e-05	1.71e-02	9.83e-01	2.59e-06	0.00e+00	0.00e+00	0.00e+00	0.00e+00	0.00e+00	2.70e-05	5.24e-06	3.05e-06
 3.88259e+16	4.57e-05	1.90e-02	9.81e-01	1.84e-06	0.00e+00	0.00e+00	0.00e+00	0.00e+00	0.00e+00	3.49e-05	6.83e-06	3.99e-06
 4.15246e+16	5.85e-05	2.11e-02	9.79e-01	1.48e-06	0.00e+00	0.00e+00	0.00e+00	0.00e+00	0.00e+00	4.46e-05	8.81e-06	5.15e-06
 4.34516e+16	7.14e-05	2.30e-02	9.77e-01	1.30e-06	0.00e+00	0.00e+00	0.00e+00	0.00e+00	0.00e+00	5.43e-05	1.08e-05	6.31e-06
 4.45405e+16	8.02e-05	2.42e-02	9.76e-01	1.22e-06	0.00e+00	0.00e+00	0.00e+00	0.00e+00	0.00e+00	6.10e-05	1.22e-05	7.11e-06
 4.55474e+16	8.89e-05	2.53e-02	9.75e-01	1.16e-06	0.00e+00	0.00e+00	0.00e+00	0.00e+00	0.00e+00	6.75e-05	1.35e-05	7.91e-06
 4.68565e+16	1.02e-04	2.68e-02	9.73e-01	1.08e-06	0.00e+00	0.00e+00	0.00e+00	0.00e+00	0.00e+00	7.72e-05	1.55e-05	9.10e-06
 4.85582e+16	1.22e-04	2.91e-02	9.71e-01	1.01e-06	0.00e+00	0.00e+00	0.00e+00	0.00e+00	0.00e+00	9.26e-05	1.88e-05	1.10e-05
 5.02158e+16	1.50e-04	3.19e-02	9.68e-01	9.32e-07	0.00e+00	0.00e+00	0.00e+00	0.00e+00	0.00e+00	1.13e-04	2.31e-05	1.35e-05
 5.13775e+16	1.74e-04	3.42e-02	9.66e-01	8.82e-07	0.00e+00	0.00e+00	0.00e+00	0.00e+00	0.00e+00	1.31e-04	2.69e-05	1.58e-05
 5.22823e+16	1.96e-04	3.61e-02	9.64e-01	8.51e-07	0.00e+00	0.00e+00	0.00e+00	0.00e+00	0.00e+00	1.48e-04	3.03e-05	1.78e-05
 5.32915e+16	2.23e-04	3.84e-02	9.61e-01	8.13e-07	0.00e+00	0.00e+00	0.00e+00	0.00e+00	0.00e+00	1.68e-04	3.46e-05	2.03e-05
 5.46035e+16	2.64e-04	4.17e-02	9.58e-01	7.72e-07	0.00e+00	0.00e+00	0.00e+00	0.00e+00	0.00e+00	1.99e-04	4.13e-05	2.41e-05
 5.59483e+16	3.22e-04	4.59e-02	9.54e-01	7.24e-07	0.00e+00	0.00e+00	0.00e+00	0.00e+00	0.00e+00	2.42e-04	5.05e-05	2.94e-05
 5.69889e+16	3.79e-04	4.97e-02	9.50e-01	6.87e-07	0.00e+00	0.00e+00	0.00e+00	0.00e+00	0.00e+00	2.85e-04	5.96e-05	3.46e-05
 5.78261e+16	4.33e-04	5.31e-02	9.46e-01	6.61e-07	0.00e+00	0.00e+00	0.00e+00	0.00e+00	0.00e+00	3.25e-04	6.82e-05	3.95e-05
 5.87463e+16	5.00e-04	5.71e-02	9.42e-01	6.30e-07	0.00e+00	0.00e+00	0.00e+00	0.00e+00	0.00e+00	3.75e-04	7.89e-05	4.56e-05
 5.99426e+16	6.06e-04	6.30e-02	9.36e-01	5.94e-07	0.00e+00	0.00e+00	0.00e+00	0.00e+00	0.00e+00	4.54e-04	9.61e-05	5.54e-05
 6.11478e+16	7.54e-04	7.05e-02	9.29e-01	5.51e-07	0.00e+00	0.00e+00	0.00e+00	0.00e+00	0.00e+00	5.65e-04	1.20e-04	6.89e-05
 6.20521e+16	8.98e-04	7.72e-02	9.22e-01	5.20e-07	0.00e+00	0.00e+00	0.00e+00	0.00e+00	0.00e+00	6.72e-04	1.43e-04	8.21e-05
 6.27778e+16	1.03e-03	8.30e-02	9.16e-01	4.94e-07	0.00e+00	0.00e+00	0.00e+00	0.00e+00	0.00e+00	7.73e-04	1.65e-04	9.45e-05
 6.35838e+16	1.20e-03	9.01e-02	9.09e-01	4.66e-07	0.00e+00	0.00e+00	0.00e+00	0.00e+00	0.00e+00	9.01e-04	1.93e-04	1.10e-04
 6.46316e+16	1.48e-03	1.01e-01	8.98e-01	4.32e-07	0.00e+00	0.00e+00	0.00e+00	0.00e+00	0.00e+00	1.11e-03	2.39e-04	1.36e-04
 6.57049e+16	1.88e-03	1.14e-01	8.84e-01	3.92e-07	0.00e+00	0.00e+00	0.00e+00	0.00e+00	0.00e+00	1.40e-03	3.04e-04	1.72e-04
 6.65388e+16	2.29e-03	1.27e-01	8.71e-01	3.60e-07	0.00e+00	0.00e+00	0.00e+00	0.00e+00	0.00e+00	1.71e-03	3.71e-04	2.10e-04
 6.72147e+16	2.69e-03	1.38e-01	8.59e-01	3.35e-07	0.00e+00	0.00e+00	0.00e+00	0.00e+00	0.00e+00	2.00e-03	4.36e-04	2.46e-04
 6.79575e+16	3.20e-03	1.52e-01	8.45e-01	3.09e-07	0.00e+00	0.00e+00	0.00e+00	0.00e+00	0.00e+00	2.39e-03	5.21e-04	2.93e-04
 6.89232e+16	4.06e-03	1.73e-01	8.23e-01	2.74e-07	0.00e+00	0.00e+00	0.00e+00	0.00e+00	0.00e+00	3.02e-03	6.62e-04	3.72e-04
 6.98777e+16	5.28e-03	1.99e-01	7.96e-01	2.38e-07	0.00e+00	0.00e+00	0.00e+00	0.00e+00	0.00e+00	3.94e-03	8.62e-04	4.83e-04
 7.05567e+16	6.46e-03	2.21e-01	7.73e-01	2.09e-07	0.00e+00	0.00e+00	0.00e+00	0.00e+00	0.00e+00	4.81e-03	1.05e-03	5.90e-04
 7.10704e+16	7.51e-03	2.39e-01	7.53e-01	1.91e-07	0.00e+00	0.00e+00	0.00e+00	0.00e+00	0.00e+00	5.60e-03	1.22e-03	6.86e-04
 7.16303e+16	8.84e-03	2.60e-01	7.31e-01	1.71e-07	0.00e+00	0.00e+00	0.00e+00	0.00e+00	0.00e+00	6.59e-03	1.44e-03	8.06e-04
 7.23581e+16	1.10e-02	2.91e-01	6.98e-01	1.48e-07	0.00e+00	0.00e+00	0.00e+00	0.00e+00	0.00e+00	8.18e-03	1.78e-03	9.99e-04
 7.31111e+16	1.41e-02	3.30e-01	6.56e-01	0.00e+00	0.00e+00	0.00e+00	0.00e+00	0.00e+00	0.00e+00	1.05e-02	2.29e-03	1.28e-03
 7.36941e+16	1.72e-02	3.64e-01	6.19e-01	0.00e+00	0.00e+00	0.00e+00	0.00e+00	0.00e+00	0.00e+00	1.29e-02	2.79e-03	1.57e-03
 7.41508e+16	2.02e-02	3.93e-01	5.87e-01	0.00e+00	0.00e+00	0.00e+00	0.00e+00	0.00e+00	0.00e+00	1.51e-02	3.28e-03	1.83e-03
 7.46459e+16	2.40e-02	4.25e-01	5.51e-01	0.00e+00	0.00e+00	0.00e+00	0.00e+00	0.00e+00	0.00e+00	1.79e-02	3.88e-03	2.18e-03
 7.52896e+16	3.02e-02	4.71e-01	4.99e-01	0.00e+00	0.00e+00	0.00e+00	0.00e+00	0.00e+00	0.00e+00	2.26e-02	4.88e-03	2.74e-03
 7.59340e+16	3.88e-02	5.22e-01	4.40e-01	0.00e+00	0.00e+00	0.00e+00	0.00e+00	0.00e+00	0.00e+00	2.91e-02	6.25e-03	3.51e-03
 7.64115e+16	4.72e-02	5.61e-01	3.92e-01	0.00e+00	0.00e+00	0.00e+00	0.00e+00	0.00e+00	0.00e+00	3.53e-02	7.57e-03	4.26e-03
 7.67924e+16	5.50e-02	5.92e-01	3.53e-01	0.00e+00	0.00e+00	0.00e+00	0.00e+00	0.00e+00	0.00e+00	4.12e-02	8.79e-03	4.95e-03
 7.71546e+16	6.37e-02	6.20e-01	3.16e-01	0.00e+00	0.00e+00	0.00e+00	0.00e+00	0.00e+00	0.00e+00	4.78e-02	1.02e-02	5.73e-03
 7.75054e+16	7.37e-02	6.47e-01	2.79e-01	0.00e+00	0.00e+00	0.00e+00	0.00e+00	0.00e+00	0.00e+00	5.53e-02	1.17e-02	6.62e-03
 7.78388e+16	8.48e-02	6.70e-01	2.45e-01	0.00e+00	0.00e+00	0.00e+00	0.00e+00	0.00e+00	0.00e+00	6.38e-02	1.34e-02	7.61e-03
 7.81483e+16	9.70e-02	6.90e-01	2.13e-01	0.00e+00	0.00e+00	0.00e+00	0.00e+00	0.00e+00	0.00e+00	7.30e-02	1.53e-02	8.68e-03
 7.84350e+16	1.10e-01	7.05e-01	1.85e-01	0.00e+00	0.00e+00	0.00e+00	0.00e+00	0.00e+00	0.00e+00	8.28e-02	1.72e-02	9.81e-03
 7.87053e+16	1.23e-01	7.16e-01	1.60e-01	0.00e+00	0.00e+00	0.00e+00	0.00e+00	0.00e+00	0.00e+00	9.32e-02	1.93e-02	1.10e-02
 7.89666e+16	1.38e-01	7.24e-01	1.37e-01	0.00e+00	0.00e+00	0.00e+00	0.00e+00	0.00e+00	0.00e+00	1.05e-01	2.15e-02	1.23e-02
 7.92189e+16	1.54e-01	7.29e-01	1.17e-01	0.00e+00	0.00e+00	0.00e+00	0.00e+00	0.00e+00	0.00e+00	1.17e-01	2.38e-02	1.37e-02
 7.94617e+16	1.72e-01	7.30e-01	9.86e-02	0.00e+00	0.00e+00	0.00e+00	0.00e+00	0.00e+00	0.00e+00	1.30e-01	2.63e-02	1.52e-02
 7.96934e+16	1.90e-01	7.27e-01	8.27e-02	0.00e+00	0.00e+00	0.00e+00	0.00e+00	0.00e+00	0.00e+00	1.45e-01	2.89e-02	1.68e-02
 7.99112e+16	2.10e-01	7.21e-01	6.91e-02	0.00e+00	0.00e+00	0.00e+00	0.00e+00	0.00e+00	0.00e+00	1.60e-01	3.16e-02	1.84e-02
 8.01181e+16	2.30e-01	7.12e-01	5.76e-02	0.00e+00	0.00e+00	0.00e+00	0.00e+00	0.00e+00	0.00e+00	1.76e-01	3.44e-02	2.01e-02
 8.03185e+16	2.52e-01	7.01e-01	4.76e-02	0.00e+00	0.00e+00	0.00e+00	0.00e+00	0.00e+00	0.00e+00	1.92e-01	3.72e-02	2.19e-02
 8.05138e+16	2.74e-01	6.86e-01	3.91e-02	0.00e+00	0.00e+00	0.00e+00	0.00e+00	0.00e+00	0.00e+00	2.11e-01	4.01e-02	2.38e-02
 8.07032e+16	2.99e-01	6.70e-01	3.19e-02	0.00e+00	0.00e+00	0.00e+00	0.00e+00	0.00e+00	0.00e+00	2.30e-01	4.31e-02	2.57e-02
 8.08859e+16	3.24e-01	6.51e-01	2.58e-02	0.00e+00	0.00e+00	0.00e+00	0.00e+00	0.00e+00	0.00e+00	2.50e-01	4.61e-02	2.77e-02
 8.10628e+16	3.50e-01	6.30e-01	2.08e-02	0.00e+00	0.00e+00	0.00e+00	0.00e+00	0.00e+00	0.00e+00	2.71e-01	4.90e-02	2.97e-02
 8.12356e+16	3.77e-01	6.07e-01	1.66e-02	0.00e+00	0.00e+00	0.00e+00	0.00e+00	0.00e+00	0.00e+00	2.93e-01	5.20e-02	3.17e-02
 8.14051e+16	4.05e-01	5.82e-01	1.32e-02	0.00e+00	0.00e+00	0.00e+00	0.00e+00	0.00e+00	0.00e+00	3.16e-01	5.49e-02	3.38e-02
 8.15710e+16	4.34e-01	5.56e-01	1.04e-02	0.00e+00	0.00e+00	0.00e+00	0.00e+00	0.00e+00	0.00e+00	3.40e-01	5.76e-02	3.58e-02
 8.17334e+16	4.63e-01	5.29e-01	8.10e-03	0.00e+00	0.00e+00	0.00e+00	0.00e+00	0.00e+00	0.00e+00	3.65e-01	6.02e-02	3.78e-02
 8.18847e+16	4.92e-01	5.02e-01	6.33e-03	0.00e+00	0.00e+00	0.00e+00	0.00e+00	0.00e+00	0.00e+00	3.90e-01	6.26e-02	3.97e-02
 8.20231e+16	5.18e-01	4.77e-01	5.03e-03	0.00e+00	0.00e+00	0.00e+00	0.00e+00	0.00e+00	0.00e+00	4.12e-01	6.45e-02	4.13e-02
 8.21496e+16	5.43e-01	4.53e-01	4.03e-03	0.00e+00	0.00e+00	0.00e+00	0.00e+00	0.00e+00	0.00e+00	4.34e-01	6.61e-02	4.28e-02
 8.22653e+16	5.65e-01	4.31e-01	3.27e-03	0.00e+00	0.00e+00	0.00e+00	0.00e+00	0.00e+00	0.00e+00	4.54e-01	6.74e-02	4.40e-02
 8.23746e+16	5.88e-01	4.10e-01	2.66e-03	0.00e+00	0.00e+00	0.00e+00	0.00e+00	0.00e+00	0.00e+00	4.74e-01	6.84e-02	4.51e-02
 8.24578e+16	6.04e-01	3.94e-01	2.27e-03	0.00e+00	0.00e+00	0.00e+00	0.00e+00	0.00e+00	0.00e+00	4.89e-01	6.90e-02	4.58e-02
 8.25121e+16	6.14e-01	3.84e-01	2.05e-03	0.00e+00	0.00e+00	0.00e+00	0.00e+00	0.00e+00	0.00e+00	4.98e-01	6.93e-02	4.62e-02
 8.25660e+16	6.24e-01	3.74e-01	1.85e-03	0.00e+00	0.00e+00	0.00e+00	0.00e+00	0.00e+00	0.00e+00	5.07e-01	6.96e-02	4.66e-02
 8.26332e+16	6.37e-01	3.62e-01	1.62e-03	0.00e+00	0.00e+00	0.00e+00	0.00e+00	0.00e+00	0.00e+00	5.20e-01	6.99e-02	4.71e-02
 8.27053e+16	6.51e-01	3.47e-01	1.39e-03	0.00e+00	0.00e+00	0.00e+00	0.00e+00	0.00e+00	0.00e+00	5.33e-01	7.01e-02	4.76e-02
 8.27689e+16	6.63e-01	3.35e-01	1.22e-03	0.00e+00	0.00e+00	0.00e+00	0.00e+00	0.00e+00	0.00e+00	5.45e-01	7.03e-02	4.80e-02
 8.28252e+16	6.74e-01	3.25e-01	1.08e-03	0.00e+00	0.00e+00	0.00e+00	0.00e+00	0.00e+00	0.00e+00	5.55e-01	7.04e-02	4.84e-02
 8.28823e+16	6.85e-01	3.14e-01	9.60e-04	0.00e+00	0.00e+00	0.00e+00	0.00e+00	0.00e+00	0.00e+00	5.66e-01	7.04e-02	4.86e-02
 8.29433e+16	6.96e-01	3.03e-01	8.39e-04	0.00e+00	0.00e+00	0.00e+00	0.00e+00	0.00e+00	0.00e+00	5.77e-01	7.03e-02	4.89e-02
 8.30051e+16	7.08e-01	2.91e-01	7.30e-04	0.00e+00	0.00e+00	0.00e+00	0.00e+00	0.00e+00	0.00e+00	5.89e-01	7.02e-02	4.91e-02
 8.30625e+16	7.19e-01	2.81e-01	6.41e-04	0.00e+00	0.00e+00	0.00e+00	0.00e+00	0.00e+00	0.00e+00	5.99e-01	7.01e-02	4.93e-02
 8.31176e+16	7.29e-01	2.71e-01	5.65e-04	0.00e+00	0.00e+00	0.00e+00	0.00e+00	0.00e+00	0.00e+00	6.09e-01	6.99e-02	4.94e-02
 8.31737e+16	7.39e-01	2.61e-01	4.96e-04	0.00e+00	0.00e+00	0.00e+00	0.00e+00	0.00e+00	0.00e+00	6.19e-01	6.96e-02	4.95e-02
 8.32310e+16	7.49e-01	2.50e-01	4.32e-04	0.00e+00	0.00e+00	0.00e+00	0.00e+00	0.00e+00	0.00e+00	6.30e-01	6.93e-02	4.96e-02
 8.32873e+16	7.59e-01	2.41e-01	3.78e-04	0.00e+00	0.00e+00	0.00e+00	0.00e+00	0.00e+00	0.00e+00	6.40e-01	6.89e-02	4.96e-02
 8.33418e+16	7.68e-01	2.31e-01	3.31e-04	0.00e+00	0.00e+00	0.00e+00	0.00e+00	0.00e+00	0.00e+00	6.50e-01	6.85e-02	4.96e-02
 8.33957e+16	7.77e-01	2.23e-01	2.90e-04	0.00e+00	0.00e+00	0.00e+00	0.00e+00	0.00e+00	0.00e+00	6.59e-01	6.81e-02	4.95e-02
 8.34501e+16	7.86e-01	2.14e-01	2.53e-04	0.00e+00	0.00e+00	0.00e+00	0.00e+00	0.00e+00	0.00e+00	6.69e-01	6.76e-02	4.94e-02
 8.35052e+16	7.95e-01	2.05e-01	2.20e-04	0.00e+00	0.00e+00	0.00e+00	0.00e+00	0.00e+00	0.00e+00	6.79e-01	6.70e-02	4.93e-02
 8.35579e+16	8.03e-01	1.97e-01	1.92e-04	0.00e+00	0.00e+00	0.00e+00	0.00e+00	0.00e+00	0.00e+00	6.88e-01	6.65e-02	4.91e-02
 8.36096e+16	8.11e-01	1.89e-01	1.68e-04	0.00e+00	0.00e+00	0.00e+00	0.00e+00	0.00e+00	0.00e+00	6.96e-01	6.59e-02	4.89e-02
 8.36618e+16	8.19e-01	1.81e-01	1.46e-04	0.00e+00	0.00e+00	0.00e+00	0.00e+00	0.00e+00	0.00e+00	7.05e-01	6.53e-02	4.87e-02
 8.37145e+16	8.27e-01	1.73e-01	1.27e-04	0.00e+00	0.00e+00	0.00e+00	0.00e+00	0.00e+00	0.00e+00	7.14e-01	6.46e-02	4.85e-02
 8.37668e+16	8.34e-01	1.66e-01	1.10e-04	0.00e+00	0.00e+00	0.00e+00	0.00e+00	0.00e+00	0.00e+00	7.22e-01	6.39e-02	4.82e-02
 8.38173e+16	8.41e-01	1.59e-01	9.61e-05	0.00e+00	0.00e+00	0.00e+00	0.00e+00	0.00e+00	0.00e+00	7.30e-01	6.33e-02	4.79e-02
 8.38669e+16	8.48e-01	1.52e-01	8.39e-05	0.00e+00	0.00e+00	0.00e+00	0.00e+00	0.00e+00	0.00e+00	7.37e-01	6.26e-02	4.76e-02
 8.39176e+16	8.54e-01	1.46e-01	7.28e-05	0.00e+00	0.00e+00	0.00e+00	0.00e+00	0.00e+00	0.00e+00	7.45e-01	6.19e-02	4.73e-02
 8.39686e+16	8.61e-01	1.39e-01	6.30e-05	0.00e+00	0.00e+00	0.00e+00	0.00e+00	0.00e+00	0.00e+00	7.53e-01	6.12e-02	4.69e-02
 8.40180e+16	8.67e-01	1.33e-01	5.48e-05	0.00e+00	0.00e+00	0.00e+00	0.00e+00	0.00e+00	0.00e+00	7.60e-01	6.05e-02	4.65e-02
 8.40654e+16	8.73e-01	1.27e-01	4.78e-05	0.00e+00	0.00e+00	0.00e+00	0.00e+00	0.00e+00	0.00e+00	7.66e-01	5.98e-02	4.62e-02
 8.41122e+16	8.78e-01	1.22e-01	4.18e-05	0.00e+00	0.00e+00	0.00e+00	0.00e+00	0.00e+00	0.00e+00	7.73e-01	5.91e-02	4.58e-02
 8.41592e+16	8.83e-01	1.17e-01	3.64e-05	0.00e+00	0.00e+00	0.00e+00	0.00e+00	0.00e+00	0.00e+00	7.79e-01	5.85e-02	4.55e-02
 8.42061e+16	8.88e-01	1.12e-01	3.17e-05	0.00e+00	0.00e+00	0.00e+00	0.00e+00	0.00e+00	0.00e+00	7.85e-01	5.78e-02	4.51e-02
 8.42519e+16	8.93e-01	1.07e-01	2.77e-05	0.00e+00	0.00e+00	0.00e+00	0.00e+00	0.00e+00	0.00e+00	7.91e-01	5.71e-02	4.47e-02
 8.42961e+16	8.97e-01	1.02e-01	2.43e-05	0.00e+00	0.00e+00	0.00e+00	0.00e+00	0.00e+00	0.00e+00	7.97e-01	5.65e-02	4.43e-02
 8.43394e+16	9.02e-01	9.82e-02	2.13e-05	0.00e+00	0.00e+00	0.00e+00	0.00e+00	0.00e+00	0.00e+00	8.02e-01	5.58e-02	4.39e-02
 8.43831e+16	9.06e-01	9.41e-02	1.87e-05	0.00e+00	0.00e+00	0.00e+00	0.00e+00	0.00e+00	0.00e+00	8.07e-01	5.52e-02	4.36e-02
 8.44266e+16	9.10e-01	9.02e-02	1.63e-05	0.00e+00	0.00e+00	0.00e+00	0.00e+00	0.00e+00	0.00e+00	8.12e-01	5.46e-02	4.32e-02
 8.44688e+16	9.14e-01	8.64e-02	1.44e-05	0.00e+00	0.00e+00	0.00e+00	0.00e+00	0.00e+00	0.00e+00	8.17e-01	5.40e-02	4.28e-02
 8.45097e+16	9.17e-01	8.29e-02	1.27e-05	0.00e+00	0.00e+00	0.00e+00	0.00e+00	0.00e+00	0.00e+00	8.21e-01	5.34e-02	4.24e-02
 8.45504e+16	9.20e-01	7.95e-02	1.12e-05	0.00e+00	0.00e+00	0.00e+00	0.00e+00	0.00e+00	0.00e+00	8.26e-01	5.28e-02	4.21e-02
 8.45915e+16	9.24e-01	7.63e-02	9.80e-06	0.00e+00	0.00e+00	0.00e+00	0.00e+00	0.00e+00	0.00e+00	8.30e-01	5.23e-02	4.17e-02
 8.46320e+16	9.27e-01	7.31e-02	8.63e-06	0.00e+00	0.00e+00	0.00e+00	0.00e+00	0.00e+00	0.00e+00	8.34e-01	5.17e-02	4.14e-02
 8.46712e+16	9.30e-01	7.02e-02	7.63e-06	0.00e+00	0.00e+00	0.00e+00	0.00e+00	0.00e+00	0.00e+00	8.38e-01	5.12e-02	4.10e-02
 8.47097e+16	9.33e-01	6.74e-02	6.75e-06	0.00e+00	0.00e+00	0.00e+00	0.00e+00	0.00e+00	0.00e+00	8.41e-01	5.07e-02	4.07e-02
 8.47487e+16	9.35e-01	6.46e-02	5.96e-06	0.00e+00	0.00e+00	0.00e+00	0.00e+00	0.00e+00	0.00e+00	8.45e-01	5.02e-02	4.03e-02
 8.47873e+16	9.38e-01	6.19e-02	5.26e-06	0.00e+00	0.00e+00	0.00e+00	0.00e+00	0.00e+00	0.00e+00	8.48e-01	4.97e-02	4.00e-02
 8.48248e+16	9.40e-01	5.95e-02	4.67e-06	0.00e+00	0.00e+00	0.00e+00	0.00e+00	0.00e+00	0.00e+00	8.52e-01	4.92e-02	3.96e-02
 8.48619e+16	9.43e-01	5.71e-02	4.14e-06	0.00e+00	0.00e+00	0.00e+00	0.00e+00	0.00e+00	0.00e+00	8.55e-01	4.87e-02	3.92e-02
 8.48985e+16	9.45e-01	5.48e-02	3.67e-06	0.00e+00	0.00e+00	0.00e+00	0.00e+00	0.00e+00	0.00e+00	8.58e-01	4.82e-02	3.89e-02
 8.49352e+16	9.47e-01	5.26e-02	3.26e-06	0.00e+00	0.00e+00	0.00e+00	0.00e+00	0.00e+00	0.00e+00	8.61e-01	4.78e-02	3.85e-02
 8.49721e+16	9.50e-01	5.05e-02	2.89e-06	0.00e+00	0.00e+00	0.00e+00	0.00e+00	0.00e+00	0.00e+00	8.64e-01	4.73e-02	3.82e-02
 8.50079e+16	9.52e-01	4.84e-02	2.57e-06	0.00e+00	0.00e+00	0.00e+00	0.00e+00	0.00e+00	0.00e+00	8.67e-01	4.69e-02	3.78e-02
 8.50429e+16	9.53e-01	4.66e-02	2.29e-06	0.00e+00	0.00e+00	0.00e+00	0.00e+00	0.00e+00	0.00e+00	8.69e-01	4.65e-02	3.75e-02
 8.50777e+16	9.55e-01	4.47e-02	2.04e-06	0.00e+00	0.00e+00	0.00e+00	0.00e+00	0.00e+00	0.00e+00	8.72e-01	4.61e-02	3.72e-02
 8.51129e+16	9.57e-01	4.29e-02	1.81e-06	0.00e+00	0.00e+00	0.00e+00	0.00e+00	0.00e+00	0.00e+00	8.74e-01	4.57e-02	3.69e-02
 8.51477e+16	9.59e-01	4.12e-02	1.61e-06	0.00e+00	0.00e+00	0.00e+00	0.00e+00	0.00e+00	0.00e+00	8.77e-01	4.54e-02	3.66e-02
 8.51816e+16	9.60e-01	3.96e-02	1.44e-06	0.00e+00	0.00e+00	0.00e+00	0.00e+00	0.00e+00	0.00e+00	8.79e-01	4.50e-02	3.63e-02
 8.52145e+16	9.62e-01	3.81e-02	1.29e-06	0.00e+00	0.00e+00	0.00e+00	0.00e+00	0.00e+00	0.00e+00	8.81e-01	4.47e-02	3.60e-02
 8.52474e+16	9.63e-01	3.66e-02	1.16e-06	0.00e+00	0.00e+00	0.00e+00	0.00e+00	0.00e+00	0.00e+00	8.83e-01	4.43e-02	3.57e-02
 8.52809e+16	9.65e-01	3.51e-02	1.03e-06	0.00e+00	0.00e+00	0.00e+00	0.00e+00	0.00e+00	0.00e+00	8.85e-01	4.40e-02	3.55e-02
 8.53143e+16	9.66e-01	3.37e-02	9.23e-07	0.00e+00	0.00e+00	0.00e+00	0.00e+00	0.00e+00	0.00e+00	8.87e-01	4.36e-02	3.52e-02
 8.53469e+16	9.68e-01	3.23e-02	8.27e-07	0.00e+00	0.00e+00	0.00e+00	0.00e+00	0.00e+00	0.00e+00	8.89e-01	4.33e-02	3.49e-02
 8.53784e+16	9.69e-01	3.11e-02	7.43e-07	0.00e+00	0.00e+00	0.00e+00	0.00e+00	0.00e+00	0.00e+00	8.91e-01	4.30e-02	3.47e-02
 8.54098e+16	9.70e-01	2.98e-02	6.68e-07	0.00e+00	0.00e+00	0.00e+00	0.00e+00	0.00e+00	0.00e+00	8.93e-01	4.27e-02	3.44e-02
 8.54413e+16	9.71e-01	2.86e-02	6.00e-07	0.00e+00	0.00e+00	0.00e+00	0.00e+00	0.00e+00	0.00e+00	8.95e-01	4.24e-02	3.42e-02
 8.54725e+16	9.73e-01	2.74e-02	5.39e-07	0.00e+00	0.00e+00	0.00e+00	0.00e+00	0.00e+00	0.00e+00	8.96e-01	4.21e-02	3.39e-02
 8.55028e+16	9.74e-01	2.64e-02	4.86e-07	0.00e+00	0.00e+00	0.00e+00	0.00e+00	0.00e+00	0.00e+00	8.98e-01	4.19e-02	3.37e-02
 8.55327e+16	9.75e-01	2.53e-02	4.39e-07	0.00e+00	0.00e+00	0.00e+00	0.00e+00	0.00e+00	0.00e+00	9.00e-01	4.16e-02	3.35e-02
 8.55617e+16	9.76e-01	2.43e-02	3.98e-07	0.00e+00	0.00e+00	0.00e+00	0.00e+00	0.00e+00	0.00e+00	9.01e-01	4.13e-02	3.33e-02
 8.55880e+16	9.77e-01	2.34e-02	3.64e-07	0.00e+00	0.00e+00	0.00e+00	0.00e+00	0.00e+00	0.00e+00	9.02e-01	4.11e-02	3.31e-02
 8.56117e+16	9.77e-01	2.27e-02	3.36e-07	0.00e+00	0.00e+00	0.00e+00	0.00e+00	0.00e+00	0.00e+00	9.04e-01	4.09e-02	3.29e-02
 8.56336e+16	9.78e-01	2.20e-02	3.12e-07	0.00e+00	0.00e+00	0.00e+00	0.00e+00	0.00e+00	0.00e+00	9.05e-01	4.07e-02	3.27e-02
 8.56541e+16	9.79e-01	2.14e-02	2.92e-07	0.00e+00	0.00e+00	0.00e+00	0.00e+00	0.00e+00	0.00e+00	9.05e-01	4.06e-02	3.26e-02
 8.56735e+16	9.79e-01	2.08e-02	2.73e-07	0.00e+00	0.00e+00	0.00e+00	0.00e+00	0.00e+00	0.00e+00	9.06e-01	4.04e-02	3.24e-02
 8.56917e+16	9.80e-01	2.02e-02	2.57e-07	0.00e+00	0.00e+00	0.00e+00	0.00e+00	0.00e+00	0.00e+00	9.07e-01	4.02e-02	3.23e-02
 8.57084e+16	9.80e-01	1.97e-02	2.43e-07	0.00e+00	0.00e+00	0.00e+00	0.00e+00	0.00e+00	0.00e+00	9.08e-01	4.01e-02	3.22e-02
 8.57237e+16	9.81e-01	1.93e-02	2.31e-07	0.00e+00	0.00e+00	0.00e+00	0.00e+00	0.00e+00	0.00e+00	9.09e-01	3.99e-02	3.21e-02
 8.57382e+16	9.81e-01	1.89e-02	2.20e-07	0.00e+00	0.00e+00	0.00e+00	0.00e+00	0.00e+00	0.00e+00	9.09e-01	3.98e-02	3.19e-02
 8.57522e+16	9.82e-01	1.85e-02	2.10e-07	0.00e+00	0.00e+00	0.00e+00	0.00e+00	0.00e+00	0.00e+00	9.10e-01	3.97e-02	3.18e-02
 8.57656e+16	9.82e-01	1.81e-02	2.00e-07	0.00e+00	0.00e+00	0.00e+00	0.00e+00	0.00e+00	0.00e+00	9.11e-01	3.96e-02	3.17e-02
 8.57782e+16	9.82e-01	1.77e-02	1.92e-07	0.00e+00	0.00e+00	0.00e+00	0.00e+00	0.00e+00	0.00e+00	9.11e-01	3.94e-02	3.16e-02
 8.57900e+16	9.83e-01	1.73e-02	1.85e-07	0.00e+00	0.00e+00	0.00e+00	0.00e+00	0.00e+00	0.00e+00	9.12e-01	3.93e-02	3.15e-02
 8.58013e+16	9.83e-01	1.70e-02	1.78e-07	0.00e+00	0.00e+00	0.00e+00	0.00e+00	0.00e+00	0.00e+00	9.12e-01	3.92e-02	3.14e-02
 8.58120e+16	9.83e-01	1.67e-02	1.71e-07	0.00e+00	0.00e+00	0.00e+00	0.00e+00	0.00e+00	0.00e+00	9.13e-01	3.91e-02	3.13e-02
 8.58224e+16	9.84e-01	1.64e-02	1.65e-07	0.00e+00	0.00e+00	0.00e+00	0.00e+00	0.00e+00	0.00e+00	9.13e-01	3.90e-02	3.12e-02
 8.58324e+16	9.84e-01	1.61e-02	1.60e-07	0.00e+00	0.00e+00	0.00e+00	0.00e+00	0.00e+00	0.00e+00	9.14e-01	3.89e-02	3.11e-02
 8.58420e+16	9.84e-01	1.58e-02	1.54e-07	0.00e+00	0.00e+00	0.00e+00	0.00e+00	0.00e+00	0.00e+00	9.14e-01	3.88e-02	3.10e-02
 8.58511e+16	9.84e-01	1.55e-02	1.50e-07	0.00e+00	0.00e+00	0.00e+00	0.00e+00	0.00e+00	0.00e+00	9.15e-01	3.87e-02	3.09e-02
 8.58599e+16	9.85e-01	1.53e-02	1.45e-07	0.00e+00	0.00e+00	0.00e+00	0.00e+00	0.00e+00	0.00e+00	9.15e-01	3.86e-02	3.08e-02
 8.58690e+16	9.85e-01	1.50e-02	1.40e-07	0.00e+00	0.00e+00	0.00e+00	0.00e+00	0.00e+00	0.00e+00	9.16e-01	3.84e-02	3.07e-02
 8.58783e+16	9.85e-01	1.47e-02	1.36e-07	0.00e+00	0.00e+00	0.00e+00	0.00e+00	0.00e+00	0.00e+00	9.16e-01	3.83e-02	3.06e-02
 8.58874e+16	9.86e-01	1.44e-02	1.32e-07	0.00e+00	0.00e+00	0.00e+00	0.00e+00	0.00e+00	0.00e+00	9.17e-01	3.82e-02	3.05e-02
 8.58963e+16	9.86e-01	1.41e-02	1.27e-07	0.00e+00	0.00e+00	0.00e+00	0.00e+00	0.00e+00	0.00e+00	9.17e-01	3.81e-02	3.04e-02
 8.59055e+16	9.86e-01	1.38e-02	1.23e-07	0.00e+00	0.00e+00	0.00e+00	0.00e+00	0.00e+00	0.00e+00	9.18e-01	3.80e-02	3.03e-02
 8.59153e+16	9.86e-01	1.35e-02	1.19e-07	0.00e+00	0.00e+00	0.00e+00	0.00e+00	0.00e+00	0.00e+00	9.19e-01	3.78e-02	3.02e-02
 8.59258e+16	9.87e-01	1.31e-02	1.14e-07	0.00e+00	0.00e+00	0.00e+00	0.00e+00	0.00e+00	0.00e+00	9.19e-01	3.77e-02	3.00e-02
 8.59364e+16	9.87e-01	1.28e-02	1.10e-07	0.00e+00	0.00e+00	0.00e+00	0.00e+00	0.00e+00	0.00e+00	9.20e-01	3.75e-02	2.99e-02
 8.59460e+16	9.88e-01	1.24e-02	1.06e-07	0.00e+00	0.00e+00	0.00e+00	0.00e+00	0.00e+00	0.00e+00	9.20e-01	3.73e-02	2.97e-02
 8.59546e+16	9.88e-01	1.21e-02	1.02e-07	0.00e+00	0.00e+00	0.00e+00	0.00e+00	0.00e+00	0.00e+00	9.21e-01	3.72e-02	2.96e-02
 8.59628e+16	9.88e-01	1.19e-02	9.89e-08	0.00e+00	0.00e+00	0.00e+00	0.00e+00	0.00e+00	0.00e+00	9.22e-01	3.70e-02	2.94e-02
 8.59708e+16	9.88e-01	1.16e-02	9.58e-08	0.00e+00	0.00e+00	0.00e+00	0.00e+00	0.00e+00	0.00e+00	9.22e-01	3.69e-02	2.93e-02
 8.59784e+16	9.89e-01	1.13e-02	9.29e-08	0.00e+00	0.00e+00	0.00e+00	0.00e+00	0.00e+00	0.00e+00	9.23e-01	3.68e-02	2.92e-02
 8.59852e+16	9.89e-01	1.11e-02	9.03e-08	0.00e+00	0.00e+00	0.00e+00	0.00e+00	0.00e+00	0.00e+00	9.23e-01	3.66e-02	2.90e-02
 8.59915e+16	9.89e-01	1.09e-02	8.79e-08	0.00e+00	0.00e+00	0.00e+00	0.00e+00	0.00e+00	0.00e+00	9.24e-01	3.65e-02	2.89e-02
 8.59971e+16	9.89e-01	1.07e-02	8.58e-08	0.00e+00	0.00e+00	0.00e+00	0.00e+00	0.00e+00	0.00e+00	9.24e-01	3.64e-02	2.88e-02
 8.60023e+16	9.89e-01	1.05e-02	8.40e-08	0.00e+00	0.00e+00	0.00e+00	0.00e+00	0.00e+00	0.00e+00	9.24e-01	3.63e-02	2.87e-02
 8.60070e+16	9.90e-01	1.04e-02	8.22e-08	0.00e+00	0.00e+00	0.00e+00	0.00e+00	0.00e+00	0.00e+00	9.25e-01	3.62e-02	2.86e-02
 8.60113e+16	9.90e-01	1.02e-02	8.07e-08	0.00e+00	0.00e+00	0.00e+00	0.00e+00	0.00e+00	0.00e+00	9.25e-01	3.61e-02	2.85e-02
 8.60160e+16	9.90e-01	1.01e-02	7.90e-08	0.00e+00	0.00e+00	0.00e+00	0.00e+00	0.00e+00	0.00e+00	9.26e-01	3.60e-02	2.84e-02
 8.60210e+16	9.90e-01	9.91e-03	7.73e-08	0.00e+00	0.00e+00	0.00e+00	0.00e+00	0.00e+00	0.00e+00	9.26e-01	3.58e-02	2.83e-02
 8.60256e+16	9.90e-01	9.77e-03	7.57e-08	0.00e+00	0.00e+00	0.00e+00	0.00e+00	0.00e+00	0.00e+00	9.26e-01	3.57e-02	2.82e-02
 8.60298e+16	9.90e-01	9.64e-03	7.43e-08	0.00e+00	0.00e+00	0.00e+00	0.00e+00	0.00e+00	0.00e+00	9.27e-01	3.56e-02	2.82e-02
 8.60344e+16	9.91e-01	9.49e-03	7.26e-08	0.00e+00	0.00e+00	0.00e+00	0.00e+00	0.00e+00	0.00e+00	9.27e-01	3.55e-02	2.81e-02
 8.60394e+16	9.91e-01	9.34e-03	7.10e-08	0.00e+00	0.00e+00	0.00e+00	0.00e+00	0.00e+00	0.00e+00	9.27e-01	3.54e-02	2.79e-02
 8.60439e+16	9.91e-01	9.21e-03	6.95e-08	0.00e+00	0.00e+00	0.00e+00	0.00e+00	0.00e+00	0.00e+00	9.28e-01	3.53e-02	2.78e-02
 8.60480e+16	9.91e-01	9.08e-03	6.81e-08	0.00e+00	0.00e+00	0.00e+00	0.00e+00	0.00e+00	0.00e+00	9.28e-01	3.51e-02	2.78e-02
 8.60525e+16	9.91e-01	8.95e-03	6.66e-08	0.00e+00	0.00e+00	0.00e+00	0.00e+00	0.00e+00	0.00e+00	9.28e-01	3.50e-02	2.77e-02
 8.60573e+16	9.91e-01	8.80e-03	6.50e-08	0.00e+00	0.00e+00	0.00e+00	0.00e+00	0.00e+00	0.00e+00	9.29e-01	3.49e-02	2.75e-02
 8.60618e+16	9.91e-01	8.68e-03	6.36e-08	0.00e+00	0.00e+00	0.00e+00	0.00e+00	0.00e+00	0.00e+00	9.29e-01	3.48e-02	2.75e-02
 8.60666e+16	9.91e-01	8.57e-03	6.22e-08	0.00e+00	0.00e+00	0.00e+00	0.00e+00	0.00e+00	0.00e+00	9.29e-01	3.47e-02	2.74e-02
 8.60729e+16	9.92e-01	8.41e-03	6.03e-08	0.00e+00	0.00e+00	0.00e+00	0.00e+00	0.00e+00	0.00e+00	9.30e-01	3.46e-02	2.72e-02
 8.60797e+16	9.92e-01	8.25e-03	5.84e-08	0.00e+00	0.00e+00	0.00e+00	0.00e+00	0.00e+00	0.00e+00	9.30e-01	3.44e-02	2.71e-02
 8.60859e+16	9.92e-01	8.10e-03	5.67e-08	0.00e+00	0.00e+00	0.00e+00	0.00e+00	0.00e+00	0.00e+00	9.31e-01	3.43e-02	2.70e-02
 8.60915e+16	9.92e-01	7.98e-03	5.52e-08	0.00e+00	0.00e+00	0.00e+00	0.00e+00	0.00e+00	0.00e+00	9.31e-01	3.42e-02	2.69e-02
 8.60977e+16	9.92e-01	7.83e-03	5.34e-08	0.00e+00	0.00e+00	0.00e+00	0.00e+00	0.00e+00	0.00e+00	9.31e-01	3.41e-02	2.68e-02
 8.61043e+16	9.92e-01	7.68e-03	5.17e-08	0.00e+00	0.00e+00	0.00e+00	0.00e+00	0.00e+00	0.00e+00	9.32e-01	3.39e-02	2.67e-02
 8.61104e+16	9.92e-01	7.54e-03	5.01e-08	0.00e+00	0.00e+00	0.00e+00	0.00e+00	0.00e+00	0.00e+00	9.32e-01	3.38e-02	2.65e-02
 8.61159e+16	9.93e-01	7.42e-03	4.88e-08	0.00e+00	0.00e+00	0.00e+00	0.00e+00	0.00e+00	0.00e+00	9.32e-01	3.37e-02	2.64e-02
 8.61220e+16	9.93e-01	7.27e-03	4.71e-08	0.00e+00	0.00e+00	0.00e+00	0.00e+00	0.00e+00	0.00e+00	9.33e-01	3.35e-02	2.63e-02
