#depth	O	O+	O+2	O+3	O+4	O+5	O+6	O+7	O+8	O[1]	O[2]	O[3]
 1.13124e+11	8.45e-05	5.77e-02	9.41e-01	1.22e-03	0.00e+00	0.00e+00	0.00e+00	0.00e+00	0.00e+00	6.49e-05	1.33e-05	6.25e-06
 6.78746e+11	8.48e-05	5.78e-02	9.41e-01	1.21e-03	0.00e+00	0.00e+00	0.00e+00	0.00e+00	0.00e+00	6.51e-05	1.34e-05	6.29e-06
 2.94123e+12	8.52e-05	5.80e-02	9.41e-01	1.19e-03	0.00e+00	0.00e+00	0.00e+00	0.00e+00	0.00e+00	6.54e-05	1.34e-05	6.33e-06
 1.19912e+13	8.63e-05	5.85e-02	9.40e-01	1.11e-03	0.00e+00	0.00e+00	0.00e+00	0.00e+00	0.00e+00	6.62e-05	1.36e-05	6.42e-06
 2.86431e+13	8.72e-05	5.93e-02	9.40e-01	9.95e-04	0.00e+00	0.00e+00	0.00e+00	0.00e+00	0.00e+00	6.69e-05	1.38e-05	6.52e-06
 5.02905e+13	8.81e-05	6.02e-02	9.39e-01	8.67e-04	0.00e+00	0.00e+00	0.00e+00	0.00e+00	0.00e+00	6.75e-05	1.40e-05	6.62e-06
 7.84322e+13	8.97e-05	6.15e-02	9.38e-01	7.24e-04	0.00e+00	0.00e+00	0.00e+00	0.00e+00	0.00e+00	6.87e-05	1.43e-05	6.78e-06
 1.15016e+14	9.19e-05	6.31e-02	9.36e-01	5.74e-04	0.00e+00	0.00e+00	0.00e+00	0.00e+00	0.00e+00	7.02e-05	1.47e-05	6.98e-06
 1.62576e+14	9.48e-05	6.53e-02	9.34e-01	4.23e-04	0.00e+00	0.00e+00	0.00e+00	0.00e+00	0.00e+00	7.24e-05	1.52e-05	7.24e-06
 2.24403e+14	9.89e-05	6.84e-02	9.31e-01	2.85e-04	0.00e+00	0.00e+00	0.00e+00	0.00e+00	0.00e+00	7.55e-05	1.58e-05	7.59e-06
 3.04779e+14	1.05e-04	7.28e-02	9.27e-01	1.70e-04	0.00e+00	0.00e+00	0.00e+00	0.00e+00	0.00e+00	8.01e-05	1.68e-05	8.08e-06
 4.09267e+14	1.14e-04	7.93e-02	9.20e-01	8.72e-05	0.00e+00	0.00e+00	0.00e+00	0.00e+00	0.00e+00	8.68e-05	1.83e-05	8.79e-06
 5.45102e+14	1.27e-04	8.90e-02	9.11e-01	3.67e-05	0.00e+00	0.00e+00	0.00e+00	0.00e+00	0.00e+00	9.66e-05	2.03e-05	9.80e-06
 6.89417e+14	1.42e-04	1.01e-01	8.98e-01	1.47e-05	0.00e+00	0.00e+00	0.00e+00	0.00e+00	0.00e+00	1.08e-04	2.27e-05	1.10e-05
 8.21669e+14	1.59e-04	1.15e-01	8.84e-01	6.30e-06	0.00e+00	0.00e+00	0.00e+00	0.00e+00	0.00e+00	1.21e-04	2.54e-05	1.24e-05
 9.70509e+14	1.86e-04	1.35e-01	8.65e-01	2.40e-06	0.00e+00	0.00e+00	0.00e+00	0.00e+00	0.00e+00	1.41e-04	2.98e-05	1.45e-05
 1.13783e+15	2.23e-04	1.64e-01	8.36e-01	8.09e-07	0.00e+00	0.00e+00	0.00e+00	0.00e+00	0.00e+00	1.69e-04	3.58e-05	1.75e-05
 1.29135e+15	2.67e-04	1.99e-01	8.01e-01	2.95e-07	0.00e+00	0.00e+00	0.00e+00	0.00e+00	0.00e+00	2.03e-04	4.32e-05	2.11e-05
 1.41347e+15	3.12e-04	2.35e-01	7.65e-01	1.32e-07	0.00e+00	0.00e+00	0.00e+00	0.00e+00	0.00e+00	2.36e-04	5.05e-05	2.48e-05
 1.51272e+15	3.58e-04	2.72e-01	7.28e-01	0.00e+00	0.00e+00	0.00e+00	0.00e+00	0.00e+00	0.00e+00	2.71e-04	5.83e-05	2.86e-05
 1.62188e+15	4.24e-04	3.22e-01	6.78e-01	0.00e+00	0.00e+00	0.00e+00	0.00e+00	0.00e+00	0.00e+00	3.21e-04	6.93e-05	3.40e-05
 1.74486e+15	5.09e-04	3.90e-01	6.09e-01	0.00e+00	0.00e+00	0.00e+00	0.00e+00	0.00e+00	0.00e+00	3.84e-04	8.35e-05	4.10e-05
 1.86001e+15	6.04e-04	4.70e-01	5.30e-01	0.00e+00	0.00e+00	0.00e+00	0.00e+00	0.00e+00	0.00e+00	4.56e-04	9.95e-05	4.89e-05
 1.96315e+15	7.01e-04	5.53e-01	4.46e-01	0.00e+00	0.00e+00	0.00e+00	0.00e+00	0.00e+00	0.00e+00	5.28e-04	1.16e-04	5.70e-05
 2.07645e+15	8.19e-04	6.52e-01	3.47e-01	0.00e+00	0.00e+00	0.00e+00	0.00e+00	0.00e+00	0.00e+00	6.16e-04	1.36e-04	6.69e-05
 2.20412e+15	9.43e-04	7.61e-01	2.38e-01	0.00e+00	0.00e+00	0.00e+00	0.00e+00	0.00e+00	0.00e+00	7.08e-04	1.57e-04	7.73e-05
 2.35049e+15	1.07e-03	8.64e-01	1.35e-01	0.00e+00	0.00e+00	0.00e+00	0.00e+00	0.00e+00	0.00e+00	8.03e-04	1.80e-04	8.82e-05
 2.51522e+15	1.18e-03	9.37e-01	6.13e-02	0.00e+00	0.00e+00	0.00e+00	0.00e+00	0.00e+00	0.00e+00	8.83e-04	1.98e-04	9.73e-05
 2.66877e+15	1.26e-03	9.72e-01	2.64e-02	0.00e+00	0.00e+00	0.00e+00	0.00e+00	0.00e+00	0.00e+00	9.42e-04	2.12e-04	1.04e-04
 2.80233e+15	1.34e-03	9.87e-01	1.20e-02	0.00e+00	0.00e+00	0.00e+00	0.00e+00	0.00e+00	0.00e+00	1.00e-03	2.27e-04	1.11e-04
 2.91770e+15	1.43e-03	9.93e-01	5.80e-03	0.00e+00	0.00e+00	0.00e+00	0.00e+00	0.00e+00	0.00e+00	1.07e-03	2.42e-04	1.18e-04
 3.00539e+15	1.51e-03	9.95e-01	3.25e-03	0.00e+00	0.00e+00	0.00e+00	0.00e+00	0.00e+00	0.00e+00	1.13e-03	2.57e-04	1.24e-04
 3.06435e+15	1.58e-03	9.96e-01	2.15e-03	0.00e+00	0.00e+00	0.00e+00	0.00e+00	0.00e+00	0.00e+00	1.19e-03	2.69e-04	1.30e-04
 3.11269e+15	1.65e-03	9.97e-01	1.52e-03	0.00e+00	0.00e+00	0.00e+00	0.00e+00	0.00e+00	0.00e+00	1.24e-03	2.81e-04	1.35e-04
 3.16727e+15	1.75e-03	9.97e-01	9.97e-04	0.00e+00	0.00e+00	0.00e+00	0.00e+00	0.00e+00	0.00e+00	1.31e-03	2.97e-04	1.43e-04
 3.22601e+15	1.86e-03	9.98e-01	6.28e-04	0.00e+00	0.00e+00	0.00e+00	0.00e+00	0.00e+00	0.00e+00	1.39e-03	3.17e-04	1.52e-04
 3.27450e+15	2.16e-03	9.97e-01	3.93e-04	0.00e+00	0.00e+00	0.00e+00	0.00e+00	0.00e+00	0.00e+00	1.60e-03	3.82e-04	1.78e-04
 3.30709e+15	2.68e-03	9.97e-01	2.52e-04	0.00e+00	0.00e+00	0.00e+00	0.00e+00	0.00e+00	0.00e+00	1.95e-03	5.04e-04	2.25e-04
 3.32703e+15	2.81e-03	9.97e-01	1.95e-04	0.00e+00	0.00e+00	0.00e+00	0.00e+00	0.00e+00	0.00e+00	2.05e-03	5.30e-04	2.36e-04
 3.34535e+15	2.92e-03	9.97e-01	1.56e-04	0.00e+00	0.00e+00	0.00e+00	0.00e+00	0.00e+00	0.00e+00	2.12e-03	5.49e-04	2.44e-04
 3.36916e+15	3.06e-03	9.97e-01	1.15e-04	0.00e+00	0.00e+00	0.00e+00	0.00e+00	0.00e+00	0.00e+00	2.23e-03	5.77e-04	2.56e-04
 3.40012e+15	3.25e-03	9.97e-01	7.65e-05	0.00e+00	0.00e+00	0.00e+00	0.00e+00	0.00e+00	0.00e+00	2.37e-03	6.13e-04	2.71e-04
 3.43019e+15	3.47e-03	9.96e-01	5.09e-05	0.00e+00	0.00e+00	0.00e+00	0.00e+00	0.00e+00	0.00e+00	2.53e-03	6.54e-04	2.88e-04
 3.45115e+15	3.63e-03	9.96e-01	3.78e-05	0.00e+00	0.00e+00	0.00e+00	0.00e+00	0.00e+00	0.00e+00	2.65e-03	6.86e-04	3.01e-04
 3.46721e+15	3.76e-03	9.96e-01	2.97e-05	0.00e+00	0.00e+00	0.00e+00	0.00e+00	0.00e+00	0.00e+00	2.74e-03	7.10e-04	3.11e-04
 3.48488e+15	3.90e-03	9.96e-01	2.25e-05	0.00e+00	0.00e+00	0.00e+00	0.00e+00	0.00e+00	0.00e+00	2.84e-03	7.36e-04	3.22e-04
 3.50785e+15	4.07e-03	9.96e-01	1.55e-05	0.00e+00	0.00e+00	0.00e+00	0.00e+00	0.00e+00	0.00e+00	2.97e-03	7.70e-04	3.36e-04
 3.53156e+15	4.27e-03	9.96e-01	1.04e-05	0.00e+00	0.00e+00	0.00e+00	0.00e+00	0.00e+00	0.00e+00	3.11e-03	8.08e-04	3.51e-04
 3.55048e+15	4.45e-03	9.96e-01	7.45e-06	0.00e+00	0.00e+00	0.00e+00	0.00e+00	0.00e+00	0.00e+00	3.24e-03	8.44e-04	3.65e-04
 3.56660e+15	4.60e-03	9.95e-01	5.51e-06	0.00e+00	0.00e+00	0.00e+00	0.00e+00	0.00e+00	0.00e+00	3.35e-03	8.73e-04	3.77e-04
 3.58483e+15	4.77e-03	9.95e-01	3.84e-06	0.00e+00	0.00e+00	0.00e+00	0.00e+00	0.00e+00	0.00e+00	3.48e-03	9.05e-04	3.90e-04
 3.60852e+15	4.98e-03	9.95e-01	2.37e-06	0.00e+00	0.00e+00	0.00e+00	0.00e+00	0.00e+00	0.00e+00	3.63e-03	9.47e-04	4.07e-04
 3.63528e+15	5.23e-03	9.95e-01	1.34e-06	0.00e+00	0.00e+00	0.00e+00	0.00e+00	0.00e+00	0.00e+00	3.81e-03	9.96e-04	4.26e-04
 3.66602e+15	5.47e-03	9.95e-01	6.82e-07	0.00e+00	0.00e+00	0.00e+00	0.00e+00	0.00e+00	0.00e+00	3.98e-03	1.04e-03	4.44e-04
 3.70597e+15	5.71e-03	9.94e-01	2.81e-07	0.00e+00	0.00e+00	0.00e+00	0.00e+00	0.00e+00	0.00e+00	4.16e-03	1.09e-03	4.64e-04
 3.75792e+15	5.95e-03	9.94e-01	8.93e-08	0.00e+00	0.00e+00	0.00e+00	0.00e+00	0.00e+00	0.00e+00	4.33e-03	1.14e-03	4.82e-04
 3.82544e+15	6.23e-03	9.94e-01	2.10e-08	0.00e+00	0.00e+00	0.00e+00	0.00e+00	0.00e+00	0.00e+00	4.53e-03	1.19e-03	5.05e-04
 3.91323e+15	6.57e-03	9.93e-01	3.44e-09	0.00e+00	0.00e+00	0.00e+00	0.00e+00	0.00e+00	0.00e+00	4.77e-03	1.26e-03	5.33e-04
 4.02735e+15	7.02e-03	9.93e-01	3.82e-10	0.00e+00	0.00e+00	0.00e+00	0.00e+00	0.00e+00	0.00e+00	5.09e-03	1.36e-03	5.71e-04
 4.17569e+15	7.67e-03	9.92e-01	3.59e-11	0.00e+00	0.00e+00	0.00e+00	0.00e+00	0.00e+00	0.00e+00	5.55e-03	1.49e-03	6.25e-04
 4.34426e+15	8.59e-03	9.91e-01	1.23e-11	0.00e+00	0.00e+00	0.00e+00	0.00e+00	0.00e+00	0.00e+00	6.20e-03	1.69e-03	7.01e-04
 4.49884e+15	9.62e-03	9.90e-01	1.11e-11	0.00e+00	0.00e+00	0.00e+00	0.00e+00	0.00e+00	0.00e+00	6.93e-03	1.90e-03	7.88e-04
 4.62736e+15	1.06e-02	9.89e-01	1.10e-11	0.00e+00	0.00e+00	0.00e+00	0.00e+00	0.00e+00	0.00e+00	7.61e-03	2.11e-03	8.70e-04
 4.73942e+15	1.15e-02	9.89e-01	1.10e-11	0.00e+00	0.00e+00	0.00e+00	0.00e+00	0.00e+00	0.00e+00	8.23e-03	2.30e-03	9.47e-04
 4.84277e+15	1.23e-02	9.88e-01	1.10e-11	0.00e+00	0.00e+00	0.00e+00	0.00e+00	0.00e+00	0.00e+00	8.84e-03	2.49e-03	1.02e-03
 4.94131e+15	1.32e-02	9.87e-01	1.10e-11	0.00e+00	0.00e+00	0.00e+00	0.00e+00	0.00e+00	0.00e+00	9.43e-03	2.67e-03	1.10e-03
 5.03652e+15	1.41e-02	9.86e-01	1.10e-11	0.00e+00	0.00e+00	0.00e+00	0.00e+00	0.00e+00	0.00e+00	1.00e-02	2.86e-03	1.17e-03
 5.12743e+15	1.49e-02	9.85e-01	1.10e-11	0.00e+00	0.00e+00	0.00e+00	0.00e+00	0.00e+00	0.00e+00	1.06e-02	3.05e-03	1.25e-03
 5.21399e+15	1.58e-02	9.84e-01	1.10e-11	0.00e+00	0.00e+00	0.00e+00	0.00e+00	0.00e+00	0.00e+00	1.12e-02	3.23e-03	1.32e-03
 5.29725e+15	1.67e-02	9.83e-01	1.10e-11	0.00e+00	0.00e+00	0.00e+00	0.00e+00	0.00e+00	0.00e+00	1.18e-02	3.42e-03	1.40e-03
 5.37983e+15	1.75e-02	9.83e-01	1.10e-11	0.00e+00	0.00e+00	0.00e+00	0.00e+00	0.00e+00	0.00e+00	1.24e-02	3.60e-03	1.47e-03
 5.46072e+15	1.83e-02	9.82e-01	1.10e-11	0.00e+00	0.00e+00	0.00e+00	0.00e+00	0.00e+00	0.00e+00	1.30e-02	3.79e-03	1.55e-03
 5.53752e+15	1.91e-02	9.81e-01	1.10e-11	0.00e+00	0.00e+00	0.00e+00	0.00e+00	0.00e+00	0.00e+00	1.36e-02	3.97e-03	1.62e-03
 5.61194e+15	1.99e-02	9.80e-01	1.10e-11	0.00e+00	0.00e+00	0.00e+00	0.00e+00	0.00e+00	0.00e+00	1.41e-02	4.14e-03	1.70e-03
 5.68558e+15	2.07e-02	9.79e-01	1.10e-11	0.00e+00	0.00e+00	0.00e+00	0.00e+00	0.00e+00	0.00e+00	1.46e-02	4.31e-03	1.77e-03
 5.75885e+15	2.15e-02	9.79e-01	1.10e-11	0.00e+00	0.00e+00	0.00e+00	0.00e+00	0.00e+00	0.00e+00	1.52e-02	4.48e-03	1.84e-03
 5.83173e+15	2.22e-02	9.78e-01	1.10e-11	0.00e+00	0.00e+00	0.00e+00	0.00e+00	0.00e+00	0.00e+00	1.57e-02	4.65e-03	1.91e-03
 5.90444e+15	2.30e-02	9.77e-01	1.09e-11	0.00e+00	0.00e+00	0.00e+00	0.00e+00	0.00e+00	0.00e+00	1.63e-02	4.80e-03	1.98e-03
 5.97737e+15	2.38e-02	9.76e-01	1.09e-11	0.00e+00	0.00e+00	0.00e+00	0.00e+00	0.00e+00	0.00e+00	1.68e-02	4.94e-03	2.06e-03
 6.05089e+15	2.47e-02	9.75e-01	1.08e-11	0.00e+00	0.00e+00	0.00e+00	0.00e+00	0.00e+00	0.00e+00	1.74e-02	5.09e-03	2.13e-03
 6.12533e+15	2.55e-02	9.74e-01	1.07e-11	0.00e+00	0.00e+00	0.00e+00	0.00e+00	0.00e+00	0.00e+00	1.81e-02	5.25e-03	2.22e-03
 6.20100e+15	2.65e-02	9.74e-01	1.06e-11	0.00e+00	0.00e+00	0.00e+00	0.00e+00	0.00e+00	0.00e+00	1.87e-02	5.41e-03	2.30e-03
 6.27817e+15	2.74e-02	9.73e-01	1.05e-11	0.00e+00	0.00e+00	0.00e+00	0.00e+00	0.00e+00	0.00e+00	1.95e-02	5.59e-03	2.39e-03
 6.35708e+15	2.85e-02	9.71e-01	1.04e-11	0.00e+00	0.00e+00	0.00e+00	0.00e+00	0.00e+00	0.00e+00	2.02e-02	5.77e-03	2.49e-03
 6.43798e+15	2.96e-02	9.70e-01	1.02e-11	0.00e+00	0.00e+00	0.00e+00	0.00e+00	0.00e+00	0.00e+00	2.11e-02	5.98e-03	2.60e-03
 6.52106e+15	3.09e-02	9.69e-01	1.00e-11	0.00e+00	0.00e+00	0.00e+00	0.00e+00	0.00e+00	0.00e+00	2.20e-02	6.20e-03	2.72e-03
 6.60641e+15	3.23e-02	9.68e-01	9.85e-12	0.00e+00	0.00e+00	0.00e+00	0.00e+00	0.00e+00	0.00e+00	2.30e-02	6.44e-03	2.84e-03
 6.69417e+15	3.38e-02	9.66e-01	9.63e-12	0.00e+00	0.00e+00	0.00e+00	0.00e+00	0.00e+00	0.00e+00	2.41e-02	6.71e-03	2.99e-03
 6.78443e+15	3.55e-02	9.65e-01	9.39e-12	0.00e+00	0.00e+00	0.00e+00	0.00e+00	0.00e+00	0.00e+00	2.53e-02	7.01e-03	3.14e-03
 6.87706e+15	3.74e-02	9.63e-01	9.13e-12	0.00e+00	0.00e+00	0.00e+00	0.00e+00	0.00e+00	0.00e+00	2.67e-02	7.34e-03	3.32e-03
 6.97188e+15	3.94e-02	9.61e-01	8.85e-12	0.00e+00	0.00e+00	0.00e+00	0.00e+00	0.00e+00	0.00e+00	2.82e-02	7.71e-03	3.51e-03
 7.06876e+15	4.18e-02	9.58e-01	8.57e-12	0.00e+00	0.00e+00	0.00e+00	0.00e+00	0.00e+00	0.00e+00	2.99e-02	8.11e-03	3.72e-03
 7.16750e+15	4.43e-02	9.56e-01	8.27e-12	0.00e+00	0.00e+00	0.00e+00	0.00e+00	0.00e+00	0.00e+00	3.18e-02	8.57e-03	3.96e-03
 7.26780e+15	4.72e-02	9.53e-01	7.97e-12	0.00e+00	0.00e+00	0.00e+00	0.00e+00	0.00e+00	0.00e+00	3.39e-02	9.07e-03	4.23e-03
 7.36941e+15	5.04e-02	9.50e-01	7.66e-12	0.00e+00	0.00e+00	0.00e+00	0.00e+00	0.00e+00	0.00e+00	3.62e-02	9.63e-03	4.53e-03
 7.47192e+15	5.40e-02	9.46e-01	7.36e-12	0.00e+00	0.00e+00	0.00e+00	0.00e+00	0.00e+00	0.00e+00	3.89e-02	1.02e-02	4.86e-03
 7.57482e+15	5.79e-02	9.42e-01	7.06e-12	0.00e+00	0.00e+00	0.00e+00	0.00e+00	0.00e+00	0.00e+00	4.17e-02	1.09e-02	5.22e-03
 7.67771e+15	6.23e-02	9.38e-01	6.75e-12	0.00e+00	0.00e+00	0.00e+00	0.00e+00	0.00e+00	0.00e+00	4.50e-02	1.17e-02	5.63e-03
 7.77986e+15	6.71e-02	9.33e-01	6.47e-12	0.00e+00	0.00e+00	0.00e+00	0.00e+00	0.00e+00	0.00e+00	4.85e-02	1.25e-02	6.08e-03
 7.88126e+15	7.24e-02	9.28e-01	6.20e-12	0.00e+00	0.00e+00	0.00e+00	0.00e+00	0.00e+00	0.00e+00	5.24e-02	1.34e-02	6.57e-03
 7.98203e+15	7.83e-02	9.22e-01	5.94e-12	0.00e+00	0.00e+00	0.00e+00	0.00e+00	0.00e+00	0.00e+00	5.68e-02	1.44e-02	7.12e-03
 8.08151e+15	8.48e-02	9.15e-01	5.70e-12	0.00e+00	0.00e+00	0.00e+00	0.00e+00	0.00e+00	0.00e+00	6.16e-02	1.55e-02	7.72e-03
 8.17941e+15	9.20e-02	9.08e-01	5.48e-12	0.00e+00	0.00e+00	0.00e+00	0.00e+00	0.00e+00	0.00e+00	6.70e-02	1.66e-02	8.39e-03
 8.27563e+15	9.99e-02	9.00e-01	5.27e-12	0.00e+00	0.00e+00	0.00e+00	0.00e+00	0.00e+00	0.00e+00	7.29e-02	1.79e-02	9.12e-03
 8.37004e+15	1.09e-01	8.91e-01	5.07e-12	0.00e+00	0.00e+00	0.00e+00	0.00e+00	0.00e+00	0.00e+00	7.94e-02	1.93e-02	9.94e-03
 8.46259e+15	1.18e-01	8.82e-01	4.89e-12	0.00e+00	0.00e+00	0.00e+00	0.00e+00	0.00e+00	0.00e+00	8.67e-02	2.08e-02	1.08e-02
 8.55327e+15	1.29e-01	8.71e-01	4.73e-12	0.00e+00	0.00e+00	0.00e+00	0.00e+00	0.00e+00	0.00e+00	9.48e-02	2.25e-02	1.18e-02
 8.64212e+15	1.41e-01	8.59e-01	4.58e-12	0.00e+00	0.00e+00	0.00e+00	0.00e+00	0.00e+00	0.00e+00	1.04e-01	2.44e-02	1.29e-02
 8.72930e+15	1.55e-01	8.45e-01	4.44e-12	0.00e+00	0.00e+00	0.00e+00	0.00e+00	0.00e+00	0.00e+00	1.14e-01	2.64e-02	1.42e-02
 8.81486e+15	1.70e-01	8.30e-01	4.30e-12	0.00e+00	0.00e+00	0.00e+00	0.00e+00	0.00e+00	0.00e+00	1.25e-01	2.87e-02	1.56e-02
 8.89942e+15	1.87e-01	8.13e-01	4.18e-12	0.00e+00	0.00e+00	0.00e+00	0.00e+00	0.00e+00	0.00e+00	1.39e-01	3.13e-02	1.72e-02
 8.98346e+15	2.07e-01	7.93e-01	4.06e-12	0.00e+00	0.00e+00	0.00e+00	0.00e+00	0.00e+00	0.00e+00	1.54e-01	3.43e-02	1.90e-02
 9.06740e+15	2.31e-01	7.69e-01	3.94e-12	0.00e+00	0.00e+00	0.00e+00	0.00e+00	0.00e+00	0.00e+00	1.72e-01	3.77e-02	2.11e-02
 9.15244e+15	2.60e-01	7.40e-01	3.82e-12	0.00e+00	0.00e+00	0.00e+00	0.00e+00	0.00e+00	0.00e+00	1.95e-01	4.19e-02	2.37e-02
 9.24061e+15	2.97e-01	7.03e-01	3.67e-12	0.00e+00	0.00e+00	0.00e+00	0.00e+00	0.00e+00	0.00e+00	2.24e-01	4.71e-02	2.68e-02
 9.32692e+15	3.45e-01	6.55e-01	3.52e-12	0.00e+00	0.00e+00	0.00e+00	0.00e+00	0.00e+00	0.00e+00	2.61e-01	5.36e-02	3.08e-02
 9.39351e+15	3.96e-01	6.04e-01	3.34e-12	0.00e+00	0.00e+00	0.00e+00	0.00e+00	0.00e+00	0.00e+00	3.00e-01	6.05e-02	3.50e-02
 9.43311e+15	4.33e-01	5.67e-01	3.20e-12	0.00e+00	0.00e+00	0.00e+00	0.00e+00	0.00e+00	0.00e+00	3.29e-01	6.54e-02	3.80e-02
 9.45715e+15	4.58e-01	5.42e-01	3.11e-12	0.00e+00	0.00e+00	0.00e+00	0.00e+00	0.00e+00	0.00e+00	3.49e-01	6.86e-02	4.00e-02
 9.47704e+15	4.79e-01	5.21e-01	3.03e-12	0.00e+00	0.00e+00	0.00e+00	0.00e+00	0.00e+00	0.00e+00	3.66e-01	7.12e-02	4.16e-02
 9.49827e+15	5.02e-01	4.98e-01	2.94e-12	0.00e+00	0.00e+00	0.00e+00	0.00e+00	0.00e+00	0.00e+00	3.85e-01	7.41e-02	4.34e-02
 9.52023e+15	5.29e-01	4.71e-01	2.84e-12	0.00e+00	0.00e+00	0.00e+00	0.00e+00	0.00e+00	0.00e+00	4.06e-01	7.72e-02	4.54e-02
 9.53953e+15	5.54e-01	4.46e-01	2.74e-12	0.00e+00	0.00e+00	0.00e+00	0.00e+00	0.00e+00	0.00e+00	4.26e-01	8.00e-02	4.73e-02
 9.55507e+15	5.75e-01	4.25e-01	2.65e-12	0.00e+00	0.00e+00	0.00e+00	0.00e+00	0.00e+00	0.00e+00	4.44e-01	8.23e-02	4.88e-02
 9.56824e+15	5.93e-01	4.07e-01	2.57e-12	0.00e+00	0.00e+00	0.00e+00	0.00e+00	0.00e+00	0.00e+00	4.59e-01	8.43e-02	5.01e-02
 9.57877e+15	6.08e-01	3.92e-01	2.50e-12	0.00e+00	0.00e+00	0.00e+00	0.00e+00	0.00e+00	0.00e+00	4.71e-01	8.59e-02	5.11e-02
 9.58657e+15	6.20e-01	3.80e-01	2.46e-12	0.00e+00	0.00e+00	0.00e+00	0.00e+00	0.00e+00	0.00e+00	4.81e-01	8.70e-02	5.18e-02
 9.59390e+15	6.31e-01	3.69e-01	2.40e-12	0.00e+00	0.00e+00	0.00e+00	0.00e+00	0.00e+00	0.00e+00	4.90e-01	8.81e-02	5.26e-02
 9.60184e+15	6.43e-01	3.57e-01	2.35e-12	0.00e+00	0.00e+00	0.00e+00	0.00e+00	0.00e+00	0.00e+00	5.00e-01	8.93e-02	5.34e-02
 9.61008e+15	6.55e-01	3.45e-01	2.29e-12	0.00e+00	0.00e+00	0.00e+00	0.00e+00	0.00e+00	0.00e+00	5.11e-01	9.04e-02	5.41e-02
 9.61804e+15	6.67e-01	3.33e-01	2.23e-12	0.00e+00	0.00e+00	0.00e+00	0.00e+00	0.00e+00	0.00e+00	5.21e-01	9.15e-02	5.49e-02
 9.62552e+15	6.79e-01	3.21e-01	2.17e-12	0.00e+00	0.00e+00	0.00e+00	0.00e+00	0.00e+00	0.00e+00	5.31e-01	9.26e-02	5.56e-02
 9.63268e+15	6.90e-01	3.10e-01	2.12e-12	0.00e+00	0.00e+00	0.00e+00	0.00e+00	0.00e+00	0.00e+00	5.41e-01	9.35e-02	5.62e-02
 9.63972e+15	7.01e-01	2.99e-01	2.06e-12	0.00e+00	0.00e+00	0.00e+00	0.00e+00	0.00e+00	0.00e+00	5.50e-01	9.44e-02	5.69e-02
 9.64667e+15	7.12e-01	2.88e-01	2.01e-12	0.00e+00	0.00e+00	0.00e+00	0.00e+00	0.00e+00	0.00e+00	5.60e-01	9.52e-02	5.75e-02
 9.65346e+15	7.23e-01	2.77e-01	1.95e-12	0.00e+00	0.00e+00	0.00e+00	0.00e+00	0.00e+00	0.00e+00	5.69e-01	9.60e-02	5.80e-02
 9.66006e+15	7.34e-01	2.66e-01	1.89e-12	0.00e+00	0.00e+00	0.00e+00	0.00e+00	0.00e+00	0.00e+00	5.78e-01	9.67e-02	5.84e-02
 9.66648e+15	7.44e-01	2.56e-01	1.84e-12	0.00e+00	0.00e+00	0.00e+00	0.00e+00	0.00e+00	0.00e+00	5.87e-01	9.74e-02	5.89e-02
 9.67275e+15	7.54e-01	2.46e-01	1.78e-12	0.00e+00	0.00e+00	0.00e+00	0.00e+00	0.00e+00	0.00e+00	5.96e-01	9.80e-02	5.93e-02
 9.67889e+15	7.63e-01	2.37e-01	1.73e-12	0.00e+00	0.00e+00	0.00e+00	0.00e+00	0.00e+00	0.00e+00	6.05e-01	9.86e-02	5.96e-02
 9.68492e+15	7.73e-01	2.27e-01	1.68e-12	0.00e+00	0.00e+00	0.00e+00	0.00e+00	0.00e+00	0.00e+00	6.14e-01	9.91e-02	5.99e-02
 9.69082e+15	7.82e-01	2.18e-01	1.62e-12	0.00e+00	0.00e+00	0.00e+00	0.00e+00	0.00e+00	0.00e+00	6.22e-01	9.95e-02	6.02e-02
 9.69659e+15	7.91e-01	2.09e-01	1.57e-12	0.00e+00	0.00e+00	0.00e+00	0.00e+00	0.00e+00	0.00e+00	6.30e-01	1.00e-01	6.05e-02
 9.70224e+15	7.99e-01	2.01e-01	1.52e-12	0.00e+00	0.00e+00	0.00e+00	0.00e+00	0.00e+00	0.00e+00	6.38e-01	1.00e-01	6.07e-02
 9.70778e+15	8.08e-01	1.92e-01	1.47e-12	0.00e+00	0.00e+00	0.00e+00	0.00e+00	0.00e+00	0.00e+00	6.46e-01	1.01e-01	6.09e-02
 9.71323e+15	8.16e-01	1.84e-01	1.42e-12	0.00e+00	0.00e+00	0.00e+00	0.00e+00	0.00e+00	0.00e+00	6.54e-01	1.01e-01	6.11e-02
 9.71854e+15	8.23e-01	1.77e-01	1.37e-12	0.00e+00	0.00e+00	0.00e+00	0.00e+00	0.00e+00	0.00e+00	6.61e-01	1.01e-01	6.12e-02
 9.72366e+15	8.31e-01	1.69e-01	1.32e-12	0.00e+00	0.00e+00	0.00e+00	0.00e+00	0.00e+00	0.00e+00	6.68e-01	1.01e-01	6.13e-02
 9.72862e+15	8.38e-01	1.62e-01	1.28e-12	0.00e+00	0.00e+00	0.00e+00	0.00e+00	0.00e+00	0.00e+00	6.75e-01	1.02e-01	6.14e-02
 9.73349e+15	8.44e-01	1.56e-01	1.24e-12	0.00e+00	0.00e+00	0.00e+00	0.00e+00	0.00e+00	0.00e+00	6.81e-01	1.02e-01	6.14e-02
 9.73826e+15	8.51e-01	1.49e-01	1.19e-12	0.00e+00	0.00e+00	0.00e+00	0.00e+00	0.00e+00	0.00e+00	6.88e-01	1.02e-01	6.15e-02
 9.74291e+15	8.57e-01	1.43e-01	1.15e-12	0.00e+00	0.00e+00	0.00e+00	0.00e+00	0.00e+00	0.00e+00	6.94e-01	1.02e-01	6.15e-02
 9.74745e+15	8.63e-01	1.37e-01	1.11e-12	0.00e+00	0.00e+00	0.00e+00	0.00e+00	0.00e+00	0.00e+00	6.99e-01	1.02e-01	6.15e-02
 9.75186e+15	8.69e-01	1.31e-01	1.08e-12	0.00e+00	0.00e+00	0.00e+00	0.00e+00	0.00e+00	0.00e+00	7.05e-01	1.02e-01	6.15e-02
 9.75617e+15	8.74e-01	1.26e-01	1.04e-12	0.00e+00	0.00e+00	0.00e+00	0.00e+00	0.00e+00	0.00e+00	7.10e-01	1.02e-01	6.14e-02
 9.76043e+15	8.79e-01	1.21e-01	1.00e-12	0.00e+00	0.00e+00	0.00e+00	0.00e+00	0.00e+00	0.00e+00	7.16e-01	1.02e-01	6.14e-02
 9.76460e+15	8.84e-01	1.16e-01	9.68e-13	0.00e+00	0.00e+00	0.00e+00	0.00e+00	0.00e+00	0.00e+00	7.21e-01	1.02e-01	6.14e-02
 9.76867e+15	8.89e-01	1.11e-01	9.35e-13	0.00e+00	0.00e+00	0.00e+00	0.00e+00	0.00e+00	0.00e+00	7.25e-01	1.02e-01	6.13e-02
 9.77267e+15	8.93e-01	1.07e-01	9.02e-13	0.00e+00	0.00e+00	0.00e+00	0.00e+00	0.00e+00	0.00e+00	7.30e-01	1.02e-01	6.13e-02
 9.77658e+15	8.98e-01	1.02e-01	8.71e-13	0.00e+00	0.00e+00	0.00e+00	0.00e+00	0.00e+00	0.00e+00	7.34e-01	1.02e-01	6.12e-02
 9.78041e+15	9.02e-01	9.83e-02	8.41e-13	0.00e+00	0.00e+00	0.00e+00	0.00e+00	0.00e+00	0.00e+00	7.38e-01	1.02e-01	6.11e-02
 9.78419e+15	9.06e-01	9.43e-02	8.13e-13	0.00e+00	0.00e+00	0.00e+00	0.00e+00	0.00e+00	0.00e+00	7.43e-01	1.02e-01	6.10e-02
 9.78797e+15	9.10e-01	9.04e-02	7.83e-13	0.00e+00	0.00e+00	0.00e+00	0.00e+00	0.00e+00	0.00e+00	7.46e-01	1.02e-01	6.10e-02
 9.79167e+15	9.13e-01	8.68e-02	7.57e-13	0.00e+00	0.00e+00	0.00e+00	0.00e+00	0.00e+00	0.00e+00	7.50e-01	1.02e-01	6.09e-02
 9.79526e+15	9.17e-01	8.32e-02	7.29e-13	0.00e+00	0.00e+00	0.00e+00	0.00e+00	0.00e+00	0.00e+00	7.54e-01	1.02e-01	6.08e-02
 9.79879e+15	9.20e-01	7.99e-02	7.05e-13	0.00e+00	0.00e+00	0.00e+00	0.00e+00	0.00e+00	0.00e+00	7.57e-01	1.02e-01	6.07e-02
 9.80228e+15	9.23e-01	7.67e-02	6.79e-13	0.00e+00	0.00e+00	0.00e+00	0.00e+00	0.00e+00	0.00e+00	7.61e-01	1.02e-01	6.07e-02
 9.80572e+15	9.26e-01	7.35e-02	6.55e-13	0.00e+00	0.00e+00	0.00e+00	0.00e+00	0.00e+00	0.00e+00	7.64e-01	1.02e-01	6.06e-02
 9.80908e+15	9.29e-01	7.06e-02	6.32e-13	0.00e+00	0.00e+00	0.00e+00	0.00e+00	0.00e+00	0.00e+00	7.67e-01	1.02e-01	6.05e-02
 9.81241e+15	9.32e-01	6.77e-02	6.09e-13	0.00e+00	0.00e+00	0.00e+00	0.00e+00	0.00e+00	0.00e+00	7.70e-01	1.02e-01	6.05e-02
 9.81567e+15	9.35e-01	6.50e-02	5.89e-13	0.00e+00	0.00e+00	0.00e+00	0.00e+00	0.00e+00	0.00e+00	7.73e-01	1.02e-01	6.04e-02
 9.81891e+15	9.38e-01	6.24e-02	5.67e-13	0.00e+00	0.00e+00	0.00e+00	0.00e+00	0.00e+00	0.00e+00	7.75e-01	1.02e-01	6.03e-02
 9.82212e+15	9.40e-01	5.98e-02	5.47e-13	0.00e+00	0.00e+00	0.00e+00	0.00e+00	0.00e+00	0.00e+00	7.78e-01	1.02e-01	6.03e-02
 9.82523e+15	9.43e-01	5.74e-02	5.26e-13	0.00e+00	0.00e+00	0.00e+00	0.00e+00	0.00e+00	0.00e+00	7.80e-01	1.02e-01	6.02e-02
 9.82824e+15	9.45e-01	5.51e-02	5.09e-13	0.00e+00	0.00e+00	0.00e+00	0.00e+00	0.00e+00	0.00e+00	7.82e-01	1.02e-01	6.01e-02
 9.83126e+15	9.47e-01	5.29e-02	4.89e-13	0.00e+00	0.00e+00	0.00e+00	0.00e+00	0.00e+00	0.00e+00	7.84e-01	1.03e-01	6.01e-02
 9.83427e+15	9.49e-01	5.07e-02	4.71e-13	0.00e+00	0.00e+00	0.00e+00	0.00e+00	0.00e+00	0.00e+00	7.87e-01	1.03e-01	6.01e-02
 9.83716e+15	9.51e-01	4.87e-02	4.54e-13	0.00e+00	0.00e+00	0.00e+00	0.00e+00	0.00e+00	0.00e+00	7.88e-01	1.03e-01	6.01e-02
 9.83998e+15	9.53e-01	4.67e-02	4.37e-13	0.00e+00	0.00e+00	0.00e+00	0.00e+00	0.00e+00	0.00e+00	7.90e-01	1.03e-01	6.00e-02
 9.84275e+15	9.55e-01	4.48e-02	4.21e-13	0.00e+00	0.00e+00	0.00e+00	0.00e+00	0.00e+00	0.00e+00	7.92e-01	1.03e-01	6.00e-02
 9.84548e+15	9.57e-01	4.30e-02	4.05e-13	0.00e+00	0.00e+00	0.00e+00	0.00e+00	0.00e+00	0.00e+00	7.94e-01	1.03e-01	6.00e-02
 9.84815e+15	9.59e-01	4.12e-02	3.90e-13	0.00e+00	0.00e+00	0.00e+00	0.00e+00	0.00e+00	0.00e+00	7.95e-01	1.04e-01	6.00e-02
 9.85076e+15	9.60e-01	3.95e-02	3.75e-13	0.00e+00	0.00e+00	0.00e+00	0.00e+00	0.00e+00	0.00e+00	7.96e-01	1.04e-01	6.00e-02
 9.85330e+15	9.62e-01	3.79e-02	3.61e-13	0.00e+00	0.00e+00	0.00e+00	0.00e+00	0.00e+00	0.00e+00	7.98e-01	1.04e-01	6.01e-02
 9.85578e+15	9.64e-01	3.64e-02	3.47e-13	0.00e+00	0.00e+00	0.00e+00	0.00e+00	0.00e+00	0.00e+00	7.99e-01	1.05e-01	6.01e-02
 9.85820e+15	9.65e-01	3.49e-02	3.33e-13	0.00e+00	0.00e+00	0.00e+00	0.00e+00	0.00e+00	0.00e+00	8.00e-01	1.05e-01	6.02e-02
 9.86054e+15	9.67e-01	3.34e-02	3.20e-13	0.00e+00	0.00e+00	0.00e+00	0.00e+00	0.00e+00	0.00e+00	8.01e-01	1.05e-01	6.02e-02
 9.86281e+15	9.68e-01	3.21e-02	3.07e-13	0.00e+00	0.00e+00	0.00e+00	0.00e+00	0.00e+00	0.00e+00	8.02e-01	1.06e-01	6.03e-02
 9.86502e+15	9.69e-01	3.07e-02	2.95e-13	0.00e+00	0.00e+00	0.00e+00	0.00e+00	0.00e+00	0.00e+00	8.02e-01	1.06e-01	6.04e-02
 9.86715e+15	9.71e-01	2.94e-02	2.83e-13	0.00e+00	0.00e+00	0.00e+00	0.00e+00	0.00e+00	0.00e+00	8.03e-01	1.07e-01	6.05e-02
 9.86920e+15	9.72e-01	2.82e-02	2.71e-13	0.00e+00	0.00e+00	0.00e+00	0.00e+00	0.00e+00	0.00e+00	8.04e-01	1.08e-01	6.06e-02
 9.87116e+15	9.73e-01	2.70e-02	2.60e-13	0.00e+00	0.00e+00	0.00e+00	0.00e+00	0.00e+00	0.00e+00	8.04e-01	1.08e-01	6.07e-02
 9.87305e+15	9.74e-01	2.59e-02	2.48e-13	0.00e+00	0.00e+00	0.00e+00	0.00e+00	0.00e+00	0.00e+00	8.04e-01	1.09e-01	6.09e-02
 9.87487e+15	9.75e-01	2.48e-02	2.38e-13	0.00e+00	0.00e+00	0.00e+00	0.00e+00	0.00e+00	0.00e+00	8.04e-01	1.10e-01	6.10e-02
 9.87657e+15	9.76e-01	2.37e-02	2.27e-13	0.00e+00	0.00e+00	0.00e+00	0.00e+00	0.00e+00	0.00e+00	8.04e-01	1.11e-01	6.12e-02
 9.87820e+15	9.77e-01	2.27e-02	2.17e-13	0.00e+00	0.00e+00	0.00e+00	0.00e+00	0.00e+00	0.00e+00	8.04e-01	1.12e-01	6.14e-02
 9.87975e+15	9.78e-01	2.18e-02	2.07e-13	0.00e+00	0.00e+00	0.00e+00	0.00e+00	0.00e+00	0.00e+00	8.04e-01	1.13e-01	6.16e-02
 9.88125e+15	9.79e-01	2.08e-02	1.97e-13	0.00e+00	0.00e+00	0.00e+00	0.00e+00	0.00e+00	0.00e+00	8.04e-01	1.14e-01	6.19e-02
 9.88266e+15	9.80e-01	1.99e-02	1.88e-13	0.00e+00	0.00e+00	0.00e+00	0.00e+00	0.00e+00	0.00e+00	8.03e-01	1.15e-01	6.21e-02
 9.88395e+15	9.81e-01	1.90e-02	1.79e-13	0.00e+00	0.00e+00	0.00e+00	0.00e+00	0.00e+00	0.00e+00	8.02e-01	1.16e-01	6.24e-02
 9.88516e+15	9.82e-01	1.82e-02	1.70e-13	0.00e+00	0.00e+00	0.00e+00	0.00e+00	0.00e+00	0.00e+00	8.01e-01	1.18e-01	6.27e-02
 9.88630e+15	9.83e-01	1.74e-02	1.61e-13	0.00e+00	0.00e+00	0.00e+00	0.00e+00	0.00e+00	0.00e+00	8.00e-01	1.19e-01	6.30e-02
 9.88737e+15	9.83e-01	1.66e-02	1.53e-13	0.00e+00	0.00e+00	0.00e+00	0.00e+00	0.00e+00	0.00e+00	7.99e-01	1.21e-01	6.34e-02
 9.88837e+15	9.84e-01	1.59e-02	1.45e-13	0.00e+00	0.00e+00	0.00e+00	0.00e+00	0.00e+00	0.00e+00	7.98e-01	1.22e-01	6.38e-02
 9.88928e+15	9.85e-01	1.52e-02	1.37e-13	0.00e+00	0.00e+00	0.00e+00	0.00e+00	0.00e+00	0.00e+00	7.97e-01	1.24e-01	6.41e-02
 9.89012e+15	9.86e-01	1.45e-02	1.29e-13	0.00e+00	0.00e+00	0.00e+00	0.00e+00	0.00e+00	0.00e+00	7.95e-01	1.26e-01	6.45e-02
 9.89092e+15	9.86e-01	1.38e-02	1.22e-13	0.00e+00	0.00e+00	0.00e+00	0.00e+00	0.00e+00	0.00e+00	7.93e-01	1.28e-01	6.49e-02
 9.89165e+15	9.87e-01	1.32e-02	1.15e-13	0.00e+00	0.00e+00	0.00e+00	0.00e+00	0.00e+00	0.00e+00	7.92e-01	1.30e-01	6.53e-02
 9.89233e+15	9.87e-01	1.26e-02	1.08e-13	0.00e+00	0.00e+00	0.00e+00	0.00e+00	0.00e+00	0.00e+00	7.90e-01	1.32e-01	6.57e-02
 9.89294e+15	9.88e-01	1.21e-02	1.02e-13	0.00e+00	0.00e+00	0.00e+00	0.00e+00	0.00e+00	0.00e+00	7.88e-01	1.34e-01	6.61e-02
 9.89350e+15	9.88e-01	1.16e-02	9.64e-14	0.00e+00	0.00e+00	0.00e+00	0.00e+00	0.00e+00	0.00e+00	7.86e-01	1.36e-01	6.65e-02
 9.89401e+15	9.89e-01	1.11e-02	9.10e-14	0.00e+00	0.00e+00	0.00e+00	0.00e+00	0.00e+00	0.00e+00	7.84e-01	1.38e-01	6.68e-02
 9.89448e+15	9.89e-01	1.06e-02	8.61e-14	0.00e+00	0.00e+00	0.00e+00	0.00e+00	0.00e+00	0.00e+00	7.82e-01	1.40e-01	6.72e-02
 9.89490e+15	9.90e-01	1.02e-02	8.16e-14	0.00e+00	0.00e+00	0.00e+00	0.00e+00	0.00e+00	0.00e+00	7.81e-01	1.42e-01	6.75e-02
 9.89528e+15	9.90e-01	9.86e-03	7.75e-14	0.00e+00	0.00e+00	0.00e+00	0.00e+00	0.00e+00	0.00e+00	7.79e-01	1.43e-01	6.78e-02
 9.89563e+15	9.90e-01	9.54e-03	7.40e-14	0.00e+00	0.00e+00	0.00e+00	0.00e+00	0.00e+00	0.00e+00	7.78e-01	1.45e-01	6.81e-02
 9.89595e+15	9.91e-01	9.23e-03	7.06e-14	0.00e+00	0.00e+00	0.00e+00	0.00e+00	0.00e+00	0.00e+00	7.76e-01	1.46e-01	6.83e-02
 9.89624e+15	9.91e-01	8.96e-03	6.76e-14	0.00e+00	0.00e+00	0.00e+00	0.00e+00	0.00e+00	0.00e+00	7.75e-01	1.48e-01	6.86e-02
 9.89650e+15	9.91e-01	8.71e-03	6.49e-14	0.00e+00	0.00e+00	0.00e+00	0.00e+00	0.00e+00	0.00e+00	7.73e-01	1.49e-01	6.88e-02
 9.89674e+15	9.92e-01	8.49e-03	6.26e-14	0.00e+00	0.00e+00	0.00e+00	0.00e+00	0.00e+00	0.00e+00	7.72e-01	1.50e-01	6.89e-02
 9.89700e+15	9.92e-01	8.24e-03	6.00e-14	0.00e+00	0.00e+00	0.00e+00	0.00e+00	0.00e+00	0.00e+00	7.71e-01	1.51e-01	6.91e-02
 9.89729e+15	9.92e-01	7.98e-03	5.72e-14	0.00e+00	0.00e+00	0.00e+00	0.00e+00	0.00e+00	0.00e+00	7.70e-01	1.53e-01	6.94e-02
 9.89754e+15	9.92e-01	7.74e-03	5.48e-14	0.00e+00	0.00e+00	0.00e+00	0.00e+00	0.00e+00	0.00e+00	7.68e-01	1.54e-01	6.95e-02
 9.89778e+15	9.92e-01	7.53e-03	5.25e-14	0.00e+00	0.00e+00	0.00e+00	0.00e+00	0.00e+00	0.00e+00	7.67e-01	1.56e-01	6.97e-02
 9.89799e+15	9.93e-01	7.34e-03	5.05e-14	0.00e+00	0.00e+00	0.00e+00	0.00e+00	0.00e+00	0.00e+00	7.66e-01	1.57e-01	6.99e-02
