#depth	H	H+	H2
 1.13124e+11	3.20e-03	9.97e-01	1.37e-11
 6.78746e+11	3.20e-03	9.97e-01	1.38e-11
 2.94123e+12	3.20e-03	9.97e-01	1.38e-11
 1.19912e+13	3.20e-03	9.97e-01	1.38e-11
 2.86431e+13	3.19e-03	9.97e-01	1.39e-11
 5.02905e+13	3.17e-03	9.97e-01	1.38e-11
 7.84322e+13	3.15e-03	9.97e-01	1.38e-11
 1.15016e+14	3.13e-03	9.97e-01	1.37e-11
 1.62576e+14	3.10e-03	9.97e-01	1.36e-11
 2.24403e+14	3.07e-03	9.97e-01	1.35e-11
 3.04779e+14	3.03e-03	9.97e-01	1.34e-11
 4.09267e+14	2.99e-03	9.97e-01	1.33e-11
 5.45102e+14	2.93e-03	9.97e-01	1.30e-11
 6.89417e+14	2.84e-03	9.97e-01	1.26e-11
 8.21669e+14	2.77e-03	9.97e-01	1.21e-11
 9.70509e+14	2.72e-03	9.97e-01	1.17e-11
 1.13783e+15	2.66e-03	9.97e-01	1.14e-11
 1.29135e+15	2.58e-03	9.97e-01	1.09e-11
 1.41347e+15	2.52e-03	9.97e-01	1.05e-11
 1.51272e+15	2.48e-03	9.98e-01	1.01e-11
 1.62188e+15	2.44e-03	9.98e-01	9.84e-12
 1.74486e+15	2.38e-03	9.98e-01	9.42e-12
 1.86001e+15	2.32e-03	9.98e-01	8.95e-12
 1.96315e+15	2.26e-03	9.98e-01	8.50e-12
 2.07645e+15	2.21e-03	9.98e-01	8.08e-12
 2.20412e+15	2.15e-03	9.98e-01	7.66e-12
 2.35049e+15	2.11e-03	9.98e-01	7.39e-12
 2.51522e+15	2.10e-03	9.98e-01	7.39e-12
 2.66877e+15	2.11e-03	9.98e-01	7.61e-12
 2.80233e+15	2.17e-03	9.98e-01	8.13e-12
 2.91770e+15	2.25e-03	9.98e-01	8.85e-12
 3.00539e+15	2.33e-03	9.98e-01	9.68e-12
 3.06435e+15	2.41e-03	9.98e-01	1.04e-11
 3.11269e+15	2.48e-03	9.98e-01	1.12e-11
 3.16727e+15	2.57e-03	9.97e-01	1.22e-11
 3.22601e+15	2.69e-03	9.97e-01	1.35e-11
 3.27450e+15	3.00e-03	9.97e-01	1.68e-11
 3.30709e+15	3.48e-03	9.97e-01	2.27e-11
 3.32703e+15	3.61e-03	9.96e-01	2.48e-11
 3.34535e+15	3.71e-03	9.96e-01	2.64e-11
 3.36916e+15	3.85e-03	9.96e-01	2.86e-11
 3.40012e+15	4.03e-03	9.96e-01	3.17e-11
 3.43019e+15	4.23e-03	9.96e-01	3.54e-11
 3.45115e+15	4.38e-03	9.96e-01	3.85e-11
 3.46721e+15	4.49e-03	9.96e-01	4.09e-11
 3.48488e+15	4.62e-03	9.95e-01	4.35e-11
 3.50785e+15	4.78e-03	9.95e-01	4.70e-11
 3.53156e+15	4.96e-03	9.95e-01	5.12e-11
 3.55048e+15	5.12e-03	9.95e-01	5.51e-11
 3.56660e+15	5.25e-03	9.95e-01	5.86e-11
 3.58483e+15	5.40e-03	9.95e-01	6.25e-11
 3.60852e+15	5.58e-03	9.94e-01	6.75e-11
 3.63528e+15	5.80e-03	9.94e-01	7.36e-11
 3.66602e+15	6.00e-03	9.94e-01	7.93e-11
 3.70597e+15	6.20e-03	9.94e-01	8.50e-11
 3.75792e+15	6.40e-03	9.94e-01	9.00e-11
 3.82544e+15	6.63e-03	9.93e-01	9.50e-11
 3.91323e+15	6.91e-03	9.93e-01	1.01e-10
 4.02735e+15	7.27e-03	9.93e-01	1.08e-10
 4.17569e+15	7.79e-03	9.92e-01	1.18e-10
 4.34426e+15	8.52e-03	9.91e-01	1.31e-10
 4.49884e+15	9.35e-03	9.91e-01	1.47e-10
 4.62736e+15	1.01e-02	9.90e-01	1.61e-10
 4.73942e+15	1.08e-02	9.89e-01	1.73e-10
 4.84277e+15	1.15e-02	9.88e-01	1.83e-10
 4.94131e+15	1.22e-02	9.88e-01	1.93e-10
 5.03652e+15	1.29e-02	9.87e-01	2.02e-10
 5.12743e+15	1.35e-02	9.86e-01	2.09e-10
 5.21399e+15	1.42e-02	9.86e-01	2.16e-10
 5.29725e+15	1.49e-02	9.85e-01	2.23e-10
 5.37983e+15	1.55e-02	9.84e-01	2.28e-10
 5.46072e+15	1.62e-02	9.84e-01	2.32e-10
 5.53752e+15	1.68e-02	9.83e-01	2.35e-10
 5.61194e+15	1.74e-02	9.83e-01	2.37e-10
 5.68558e+15	1.80e-02	9.82e-01	2.38e-10
 5.75885e+15	1.86e-02	9.81e-01	2.38e-10
 5.83173e+15	1.92e-02	9.81e-01	2.36e-10
 5.90444e+15	1.98e-02	9.80e-01	2.33e-10
 5.97737e+15	2.05e-02	9.80e-01	2.29e-10
 6.05089e+15	2.11e-02	9.79e-01	2.22e-10
 6.12533e+15	2.18e-02	9.78e-01	2.13e-10
 6.20100e+15	2.25e-02	9.77e-01	2.02e-10
 6.27817e+15	2.33e-02	9.77e-01	1.88e-10
 6.35708e+15	2.41e-02	9.76e-01	1.72e-10
 6.43798e+15	2.50e-02	9.75e-01	1.55e-10
 6.52106e+15	2.60e-02	9.74e-01	1.37e-10
 6.60641e+15	2.71e-02	9.73e-01	1.20e-10
 6.69417e+15	2.83e-02	9.72e-01	1.03e-10
 6.78443e+15	2.96e-02	9.70e-01	8.86e-11
 6.87706e+15	3.11e-02	9.69e-01	7.56e-11
 6.97188e+15	3.28e-02	9.67e-01	6.46e-11
 7.06876e+15	3.46e-02	9.65e-01	5.53e-11
 7.16750e+15	3.67e-02	9.63e-01	4.76e-11
 7.26780e+15	3.90e-02	9.61e-01	4.14e-11
 7.36941e+15	4.16e-02	9.58e-01	3.64e-11
 7.47192e+15	4.44e-02	9.56e-01	3.24e-11
 7.57482e+15	4.76e-02	9.52e-01	2.92e-11
 7.67771e+15	5.12e-02	9.49e-01	2.66e-11
 7.77986e+15	5.51e-02	9.45e-01	2.46e-11
 7.88126e+15	5.94e-02	9.41e-01	2.30e-11
 7.98203e+15	6.42e-02	9.36e-01	2.17e-11
 8.08151e+15	6.96e-02	9.30e-01	2.07e-11
 8.17941e+15	7.55e-02	9.24e-01	2.00e-11
 8.27563e+15	8.21e-02	9.18e-01	1.94e-11
 8.37004e+15	8.94e-02	9.11e-01	1.91e-11
 8.46259e+15	9.75e-02	9.03e-01	1.89e-11
 8.55327e+15	1.07e-01	8.93e-01	1.88e-11
 8.64212e+15	1.17e-01	8.83e-01	1.89e-11
 8.72930e+15	1.28e-01	8.72e-01	1.92e-11
 8.81486e+15	1.41e-01	8.59e-01	1.97e-11
 8.89942e+15	1.56e-01	8.44e-01	2.04e-11
 8.98346e+15	1.73e-01	8.27e-01	2.14e-11
 9.06740e+15	1.94e-01	8.06e-01	2.29e-11
 9.15244e+15	2.20e-01	7.80e-01	2.52e-11
 9.24061e+15	2.54e-01	7.46e-01	2.88e-11
 9.32692e+15	2.97e-01	7.03e-01	3.54e-11
 9.39351e+15	3.44e-01	6.56e-01	4.57e-11
 9.43311e+15	3.80e-01	6.20e-01	5.54e-11
 9.45715e+15	4.03e-01	5.97e-01	6.29e-11
 9.47704e+15	4.24e-01	5.76e-01	7.00e-11
 9.49827e+15	4.47e-01	5.53e-01	7.89e-11
 9.52023e+15	4.73e-01	5.27e-01	9.07e-11
 9.53953e+15	4.98e-01	5.02e-01	1.04e-10
 9.55507e+15	5.20e-01	4.80e-01	1.17e-10
 9.56824e+15	5.39e-01	4.61e-01	1.30e-10
 9.57877e+15	5.54e-01	4.46e-01	1.42e-10
 9.58657e+15	5.66e-01	4.34e-01	1.52e-10
 9.59390e+15	5.77e-01	4.23e-01	1.62e-10
 9.60184e+15	5.90e-01	4.10e-01	1.75e-10
 9.61008e+15	6.03e-01	3.97e-01	1.89e-10
 9.61804e+15	6.16e-01	3.84e-01	2.04e-10
 9.62552e+15	6.29e-01	3.71e-01	2.20e-10
 9.63268e+15	6.41e-01	3.59e-01	2.38e-10
 9.63972e+15	6.52e-01	3.48e-01	2.56e-10
 9.64667e+15	6.64e-01	3.36e-01	2.77e-10
 9.65346e+15	6.76e-01	3.24e-01	2.99e-10
 9.66006e+15	6.87e-01	3.13e-01	3.24e-10
 9.66648e+15	6.99e-01	3.01e-01	3.50e-10
 9.67275e+15	7.10e-01	2.90e-01	3.78e-10
 9.67889e+15	7.20e-01	2.80e-01	4.09e-10
 9.68492e+15	7.31e-01	2.69e-01	4.42e-10
 9.69082e+15	7.41e-01	2.59e-01	4.79e-10
 9.69659e+15	7.51e-01	2.49e-01	5.18e-10
 9.70224e+15	7.60e-01	2.40e-01	5.60e-10
 9.70778e+15	7.70e-01	2.30e-01	6.07e-10
 9.71323e+15	7.79e-01	2.21e-01	6.56e-10
 9.71854e+15	7.88e-01	2.12e-01	7.10e-10
 9.72366e+15	7.96e-01	2.04e-01	7.68e-10
 9.72862e+15	8.04e-01	1.96e-01	8.29e-10
 9.73349e+15	8.12e-01	1.88e-01	8.95e-10
 9.73826e+15	8.19e-01	1.81e-01	9.65e-10
 9.74291e+15	8.27e-01	1.73e-01	1.04e-09
 9.74745e+15	8.33e-01	1.67e-01	1.12e-09
 9.75186e+15	8.40e-01	1.60e-01	1.21e-09
 9.75617e+15	8.46e-01	1.54e-01	1.30e-09
 9.76043e+15	8.52e-01	1.48e-01	1.40e-09
 9.76460e+15	8.58e-01	1.42e-01	1.50e-09
 9.76867e+15	8.64e-01	1.36e-01	1.61e-09
 9.77267e+15	8.69e-01	1.31e-01	1.72e-09
 9.77658e+15	8.74e-01	1.26e-01	1.85e-09
 9.78041e+15	8.79e-01	1.21e-01	1.98e-09
 9.78419e+15	8.84e-01	1.16e-01	2.12e-09
 9.78797e+15	8.89e-01	1.11e-01	2.28e-09
 9.79167e+15	8.93e-01	1.07e-01	2.44e-09
 9.79526e+15	8.97e-01	1.03e-01	2.61e-09
 9.79879e+15	9.01e-01	9.88e-02	2.80e-09
 9.80228e+15	9.05e-01	9.49e-02	3.00e-09
 9.80572e+15	9.09e-01	9.11e-02	3.21e-09
 9.80908e+15	9.12e-01	8.76e-02	3.44e-09
 9.81241e+15	9.16e-01	8.41e-02	3.68e-09
 9.81567e+15	9.19e-01	8.08e-02	3.94e-09
 9.81891e+15	9.22e-01	7.76e-02	4.22e-09
 9.82212e+15	9.26e-01	7.45e-02	4.53e-09
 9.82523e+15	9.28e-01	7.16e-02	4.85e-09
 9.82824e+15	9.31e-01	6.88e-02	5.21e-09
 9.83126e+15	9.34e-01	6.60e-02	5.59e-09
 9.83427e+15	9.37e-01	6.34e-02	6.01e-09
 9.83716e+15	9.39e-01	6.09e-02	6.46e-09
 9.83998e+15	9.42e-01	5.85e-02	6.95e-09
 9.84275e+15	9.44e-01	5.62e-02	7.49e-09
 9.84548e+15	9.46e-01	5.39e-02	8.08e-09
 9.84815e+15	9.48e-01	5.18e-02	8.73e-09
 9.85076e+15	9.50e-01	4.97e-02	9.45e-09
 9.85330e+15	9.52e-01	4.77e-02	1.02e-08
 9.85578e+15	9.54e-01	4.58e-02	1.11e-08
 9.85820e+15	9.56e-01	4.39e-02	1.21e-08
 9.86054e+15	9.58e-01	4.22e-02	1.31e-08
 9.86281e+15	9.60e-01	4.05e-02	1.43e-08
 9.86502e+15	9.61e-01	3.88e-02	1.55e-08
 9.86715e+15	9.63e-01	3.72e-02	1.70e-08
 9.86920e+15	9.64e-01	3.57e-02	1.85e-08
 9.87116e+15	9.66e-01	3.42e-02	2.03e-08
 9.87305e+15	9.67e-01	3.28e-02	2.21e-08
 9.87487e+15	9.69e-01	3.15e-02	2.43e-08
 9.87657e+15	9.70e-01	3.02e-02	2.65e-08
 9.87820e+15	9.71e-01	2.89e-02	2.90e-08
 9.87975e+15	9.72e-01	2.77e-02	3.16e-08
 9.88125e+15	9.73e-01	2.65e-02	3.44e-08
 9.88266e+15	9.75e-01	2.54e-02	3.73e-08
 9.88395e+15	9.76e-01	2.44e-02	4.02e-08
 9.88516e+15	9.77e-01	2.33e-02	4.32e-08
 9.88630e+15	9.78e-01	2.23e-02	4.61e-08
 9.88737e+15	9.79e-01	2.14e-02	4.90e-08
 9.88837e+15	9.80e-01	2.04e-02	5.17e-08
 9.88928e+15	9.80e-01	1.96e-02	5.44e-08
 9.89012e+15	9.81e-01	1.87e-02	5.70e-08
 9.89092e+15	9.82e-01	1.79e-02	5.97e-08
 9.89165e+15	9.83e-01	1.71e-02	6.23e-08
 9.89233e+15	9.84e-01	1.64e-02	6.50e-08
 9.89294e+15	9.84e-01	1.57e-02	6.77e-08
 9.89350e+15	9.85e-01	1.51e-02	7.05e-08
 9.89401e+15	9.85e-01	1.45e-02	7.33e-08
 9.89448e+15	9.86e-01	1.40e-02	7.61e-08
 9.89490e+15	9.87e-01	1.35e-02	7.90e-08
 9.89528e+15	9.87e-01	1.30e-02	8.19e-08
 9.89563e+15	9.87e-01	1.26e-02	8.45e-08
 9.89595e+15	9.88e-01	1.22e-02	8.74e-08
 9.89624e+15	9.88e-01	1.19e-02	9.01e-08
 9.89650e+15	9.88e-01	1.16e-02	9.28e-08
 9.89674e+15	9.89e-01	1.13e-02	9.52e-08
 9.89700e+15	9.89e-01	1.10e-02	9.82e-08
 9.89729e+15	9.89e-01	1.07e-02	1.02e-07
 9.89754e+15	9.90e-01	1.04e-02	1.05e-07
 9.89778e+15	9.90e-01	1.01e-02	1.08e-07
 9.89799e+15	9.90e-01	9.85e-03	1.11e-07
