#depth	H	H+	H2
 5.71769e+11	1.09e-03	9.99e-01	3.96e-13
 3.43062e+12	1.09e-03	9.99e-01	3.96e-13
 1.48660e+13	1.09e-03	9.99e-01	3.98e-13
 6.06075e+13	1.09e-03	9.99e-01	4.01e-13
 1.44772e+14	1.08e-03	9.99e-01	4.05e-13
 2.54186e+14	1.08e-03	9.99e-01	4.12e-13
 3.96424e+14	1.08e-03	9.99e-01	4.21e-13
 5.81333e+14	1.08e-03	9.99e-01	4.36e-13
 8.21715e+14	1.09e-03	9.99e-01	4.57e-13
 1.13421e+15	1.10e-03	9.99e-01	4.87e-13
 1.54046e+15	1.13e-03	9.99e-01	5.32e-13
 2.06858e+15	1.18e-03	9.99e-01	5.96e-13
 2.75513e+15	1.25e-03	9.99e-01	6.98e-13
 3.64765e+15	1.37e-03	9.99e-01	8.54e-13
 4.64231e+15	1.51e-03	9.98e-01	1.06e-12
 5.59511e+15	1.66e-03	9.98e-01	1.29e-12
 6.65911e+15	1.88e-03	9.98e-01	1.61e-12
 7.78126e+15	2.13e-03	9.98e-01	2.02e-12
 8.77602e+15	2.38e-03	9.98e-01	2.44e-12
 9.86623e+15	2.71e-03	9.97e-01	2.95e-12
 1.10066e+16	3.08e-03	9.97e-01	3.60e-12
 1.17739e+16	3.35e-03	9.97e-01	4.14e-12
 1.22035e+16	3.52e-03	9.96e-01	4.44e-12
 1.26320e+16	3.71e-03	9.96e-01	4.74e-12
 1.31891e+16	3.96e-03	9.96e-01	5.14e-12
 1.38033e+16	4.25e-03	9.96e-01	5.63e-12
 1.43643e+16	4.54e-03	9.95e-01	6.12e-12
 1.48779e+16	4.82e-03	9.95e-01	6.57e-12
 1.54572e+16	5.17e-03	9.95e-01	7.06e-12
 1.60738e+16	5.56e-03	9.94e-01	7.69e-12
 1.66080e+16	5.93e-03	9.94e-01	8.26e-12
 1.70938e+16	6.29e-03	9.94e-01	8.80e-12
 1.76476e+16	6.73e-03	9.93e-01	9.33e-12
 1.82441e+16	7.24e-03	9.93e-01	1.00e-11
 1.87695e+16	7.74e-03	9.92e-01	1.08e-11
 1.92454e+16	8.23e-03	9.92e-01	1.14e-11
 1.97840e+16	8.83e-03	9.91e-01	1.19e-11
 2.03661e+16	9.54e-03	9.90e-01	1.28e-11
 2.08776e+16	1.02e-02	9.90e-01	1.36e-11
 2.13360e+16	1.09e-02	9.89e-01	1.43e-11
 2.18522e+16	1.18e-02	9.88e-01	1.49e-11
 2.24122e+16	1.28e-02	9.87e-01	1.58e-11
 2.29018e+16	1.38e-02	9.86e-01	1.68e-11
 2.33286e+16	1.48e-02	9.85e-01	1.76e-11
 2.38011e+16	1.60e-02	9.84e-01	1.83e-11
 2.43222e+16	1.75e-02	9.82e-01	1.93e-11
 2.47892e+16	1.91e-02	9.81e-01	2.05e-11
 2.51942e+16	2.07e-02	9.79e-01	2.15e-11
 2.56356e+16	2.25e-02	9.77e-01	2.23e-11
 2.61109e+16	2.49e-02	9.75e-01	2.37e-11
 2.65150e+16	2.74e-02	9.73e-01	2.53e-11
 2.68529e+16	2.97e-02	9.70e-01	2.66e-11
 2.72198e+16	3.25e-02	9.67e-01	2.77e-11
 2.76245e+16	3.63e-02	9.64e-01	2.97e-11
 2.79816e+16	4.02e-02	9.60e-01	3.18e-11
 2.82844e+16	4.42e-02	9.56e-01	3.40e-11
 2.86133e+16	4.93e-02	9.51e-01	3.62e-11
 2.89712e+16	5.61e-02	9.44e-01	3.97e-11
 2.92819e+16	6.35e-02	9.37e-01	4.39e-11
 2.95452e+16	7.07e-02	9.29e-01	4.79e-11
 2.98314e+16	8.04e-02	9.20e-01	5.28e-11
 3.01078e+16	9.21e-02	9.08e-01	5.98e-11
 3.02989e+16	1.02e-01	8.98e-01	6.59e-11
 3.04453e+16	1.10e-01	8.90e-01	7.11e-11
 3.06056e+16	1.21e-01	8.79e-01	7.73e-11
 3.07845e+16	1.34e-01	8.66e-01	8.58e-11
 3.09452e+16	1.48e-01	8.52e-01	9.51e-11
 3.10800e+16	1.61e-01	8.39e-01	1.04e-10
 3.12034e+16	1.75e-01	8.25e-01	1.14e-10
 3.13435e+16	1.92e-01	8.08e-01	1.26e-10
 3.14898e+16	2.13e-01	7.87e-01	1.42e-10
 3.16087e+16	2.31e-01	7.69e-01	1.57e-10
 3.17090e+16	2.48e-01	7.52e-01	1.71e-10
 3.18204e+16	2.69e-01	7.31e-01	1.88e-10
 3.19428e+16	2.94e-01	7.06e-01	2.10e-10
 3.20508e+16	3.18e-01	6.82e-01	2.33e-10
 3.21432e+16	3.40e-01	6.60e-01	2.55e-10
 3.22442e+16	3.65e-01	6.35e-01	2.82e-10
 3.23542e+16	3.94e-01	6.06e-01	3.14e-10
 3.24522e+16	4.22e-01	5.78e-01	3.48e-10
 3.25390e+16	4.47e-01	5.53e-01	3.80e-10
 3.26205e+16	4.72e-01	5.28e-01	4.14e-10
 3.27000e+16	4.96e-01	5.04e-01	4.49e-10
 3.27749e+16	5.20e-01	4.80e-01	4.87e-10
 3.28432e+16	5.42e-01	4.58e-01	5.21e-10
 3.28969e+16	5.58e-01	4.42e-01	5.51e-10
 3.29331e+16	5.69e-01	4.31e-01	5.70e-10
 3.29676e+16	5.79e-01	4.21e-01	5.91e-10
 3.30084e+16	5.92e-01	4.08e-01	6.17e-10
 3.30518e+16	6.06e-01	3.94e-01	6.45e-10
 3.30922e+16	6.18e-01	3.82e-01	6.71e-10
 3.31300e+16	6.30e-01	3.70e-01	6.98e-10
 3.31677e+16	6.42e-01	3.58e-01	7.24e-10
 3.32062e+16	6.54e-01	3.46e-01	7.55e-10
 3.32445e+16	6.66e-01	3.34e-01	7.83e-10
 3.32820e+16	6.77e-01	3.23e-01	8.16e-10
 3.33189e+16	6.88e-01	3.12e-01	8.45e-10
 3.33556e+16	6.99e-01	3.01e-01	8.79e-10
 3.33924e+16	7.10e-01	2.90e-01	9.10e-10
 3.34293e+16	7.20e-01	2.80e-01	9.46e-10
 3.34659e+16	7.31e-01	2.69e-01	9.83e-10
 3.35014e+16	7.41e-01	2.59e-01	1.02e-09
 3.35366e+16	7.50e-01	2.50e-01	1.05e-09
 3.35724e+16	7.60e-01	2.40e-01	1.10e-09
 3.36079e+16	7.69e-01	2.31e-01	1.13e-09
 3.36430e+16	7.78e-01	2.22e-01	1.18e-09
 3.36780e+16	7.87e-01	2.13e-01	1.22e-09
 3.37123e+16	7.96e-01	2.04e-01	1.26e-09
 3.37463e+16	8.04e-01	1.96e-01	1.30e-09
 3.37809e+16	8.12e-01	1.88e-01	1.35e-09
 3.38153e+16	8.20e-01	1.80e-01	1.41e-09
 3.38488e+16	8.27e-01	1.73e-01	1.45e-09
 3.38816e+16	8.34e-01	1.66e-01	1.51e-09
 3.39144e+16	8.41e-01	1.59e-01	1.56e-09
 3.39469e+16	8.48e-01	1.52e-01	1.61e-09
 3.39789e+16	8.54e-01	1.46e-01	1.67e-09
 3.40107e+16	8.60e-01	1.40e-01	1.73e-09
 3.40424e+16	8.66e-01	1.34e-01	1.79e-09
 3.40731e+16	8.72e-01	1.28e-01	1.86e-09
 3.41030e+16	8.77e-01	1.23e-01	1.92e-09
 3.41329e+16	8.82e-01	1.18e-01	1.99e-09
 3.41627e+16	8.87e-01	1.13e-01	2.06e-09
 3.41920e+16	8.91e-01	1.09e-01	2.13e-09
 3.42204e+16	8.96e-01	1.04e-01	2.21e-09
 3.42487e+16	9.00e-01	1.00e-01	2.29e-09
 3.42770e+16	9.04e-01	9.60e-02	2.37e-09
 3.43048e+16	9.08e-01	9.21e-02	2.46e-09
 3.43319e+16	9.12e-01	8.84e-02	2.56e-09
 3.43588e+16	9.15e-01	8.49e-02	2.65e-09
 3.43858e+16	9.18e-01	8.15e-02	2.75e-09
 3.44123e+16	9.22e-01	7.82e-02	2.86e-09
 3.44383e+16	9.25e-01	7.51e-02	2.98e-09
 3.44642e+16	9.28e-01	7.22e-02	3.10e-09
 3.44902e+16	9.31e-01	6.93e-02	3.23e-09
 3.45156e+16	9.33e-01	6.65e-02	3.37e-09
 3.45406e+16	9.36e-01	6.40e-02	3.51e-09
 3.45654e+16	9.39e-01	6.15e-02	3.67e-09
 3.45903e+16	9.41e-01	5.90e-02	3.84e-09
 3.46149e+16	9.43e-01	5.67e-02	4.03e-09
 3.46388e+16	9.45e-01	5.45e-02	4.24e-09
 3.46627e+16	9.48e-01	5.24e-02	4.46e-09
 3.46870e+16	9.50e-01	5.03e-02	4.70e-09
 3.47109e+16	9.52e-01	4.84e-02	4.96e-09
 3.47342e+16	9.53e-01	4.65e-02	5.25e-09
 3.47571e+16	9.55e-01	4.47e-02	5.58e-09
 3.47804e+16	9.57e-01	4.30e-02	5.91e-09
 3.48036e+16	9.59e-01	4.13e-02	6.33e-09
 3.48262e+16	9.60e-01	3.97e-02	6.78e-09
 3.48486e+16	9.62e-01	3.81e-02	7.30e-09
 3.48710e+16	9.63e-01	3.67e-02	7.89e-09
 3.48933e+16	9.65e-01	3.52e-02	8.59e-09
 3.49153e+16	9.66e-01	3.38e-02	9.40e-09
 3.49369e+16	9.67e-01	3.25e-02	1.03e-08
 3.49582e+16	9.69e-01	3.13e-02	1.14e-08
 3.49796e+16	9.70e-01	3.00e-02	1.28e-08
 3.50004e+16	9.71e-01	2.89e-02	1.44e-08
 3.50197e+16	9.72e-01	2.78e-02	1.62e-08
 3.50370e+16	9.73e-01	2.69e-02	1.82e-08
 3.50528e+16	9.74e-01	2.61e-02	2.03e-08
 3.50673e+16	9.75e-01	2.55e-02	2.27e-08
 3.50811e+16	9.75e-01	2.48e-02	2.55e-08
 3.50940e+16	9.76e-01	2.42e-02	2.88e-08
 3.51055e+16	9.76e-01	2.36e-02	3.21e-08
 3.51161e+16	9.77e-01	2.31e-02	3.59e-08
 3.51262e+16	9.77e-01	2.27e-02	4.01e-08
 3.51358e+16	9.78e-01	2.22e-02	4.49e-08
 3.51449e+16	9.78e-01	2.18e-02	5.03e-08
 3.51534e+16	9.79e-01	2.14e-02	5.63e-08
 3.51613e+16	9.79e-01	2.11e-02	6.29e-08
 3.51689e+16	9.79e-01	2.07e-02	7.03e-08
 3.51760e+16	9.80e-01	2.04e-02	7.86e-08
 3.51828e+16	9.80e-01	2.01e-02	8.78e-08
 3.51892e+16	9.80e-01	1.98e-02	9.81e-08
 3.51953e+16	9.81e-01	1.95e-02	1.09e-07
 3.52012e+16	9.81e-01	1.92e-02	1.22e-07
 3.52069e+16	9.81e-01	1.89e-02	1.36e-07
 3.52123e+16	9.81e-01	1.87e-02	1.52e-07
 3.52176e+16	9.82e-01	1.84e-02	1.69e-07
 3.52228e+16	9.82e-01	1.81e-02	1.88e-07
 3.52278e+16	9.82e-01	1.79e-02	2.10e-07
 3.52328e+16	9.82e-01	1.76e-02	2.34e-07
 3.52376e+16	9.83e-01	1.74e-02	2.59e-07
 3.52425e+16	9.83e-01	1.71e-02	2.86e-07
 3.52476e+16	9.83e-01	1.69e-02	3.17e-07
 3.52528e+16	9.83e-01	1.66e-02	3.50e-07
 3.52582e+16	9.84e-01	1.63e-02	3.87e-07
 3.52640e+16	9.84e-01	1.59e-02	4.24e-07
 3.52700e+16	9.84e-01	1.56e-02	4.63e-07
 3.52760e+16	9.85e-01	1.52e-02	4.96e-07
 3.52813e+16	9.85e-01	1.49e-02	5.22e-07
 3.52863e+16	9.85e-01	1.46e-02	5.42e-07
 3.52909e+16	9.86e-01	1.43e-02	5.59e-07
 3.52950e+16	9.86e-01	1.41e-02	5.71e-07
 3.52989e+16	9.86e-01	1.39e-02	5.82e-07
 3.53023e+16	9.86e-01	1.37e-02	5.90e-07
 3.53055e+16	9.87e-01	1.35e-02	5.98e-07
 3.53083e+16	9.87e-01	1.33e-02	6.04e-07
 3.53109e+16	9.87e-01	1.32e-02	6.10e-07
 3.53138e+16	9.87e-01	1.30e-02	6.17e-07
 3.53169e+16	9.87e-01	1.28e-02	6.23e-07
 3.53197e+16	9.87e-01	1.27e-02	6.29e-07
 3.53223e+16	9.87e-01	1.25e-02	6.35e-07
 3.53251e+16	9.88e-01	1.24e-02	6.42e-07
 3.53281e+16	9.88e-01	1.22e-02	6.49e-07
 3.53308e+16	9.88e-01	1.21e-02	6.56e-07
 3.53333e+16	9.88e-01	1.19e-02	6.62e-07
 3.53361e+16	9.88e-01	1.18e-02	6.70e-07
 3.53390e+16	9.88e-01	1.16e-02	6.78e-07
 3.53417e+16	9.88e-01	1.15e-02	6.85e-07
 3.53447e+16	9.89e-01	1.14e-02	6.92e-07
 3.53485e+16	9.89e-01	1.12e-02	7.01e-07
 3.53527e+16	9.89e-01	1.10e-02	7.10e-07
 3.53565e+16	9.89e-01	1.09e-02	7.19e-07
 3.53599e+16	9.89e-01	1.07e-02	7.28e-07
 3.53637e+16	9.89e-01	1.06e-02	7.38e-07
 3.53677e+16	9.90e-01	1.04e-02	7.49e-07
 3.53714e+16	9.90e-01	1.03e-02	7.59e-07
 3.53748e+16	9.90e-01	1.01e-02	7.69e-07
 3.53785e+16	9.90e-01	9.95e-03	7.81e-07
