#depth	He	He+	He+2
 5.71769e+11	6.36e-04	8.13e-01	1.87e-01
 3.43062e+12	6.37e-04	8.13e-01	1.86e-01
 1.48660e+13	6.39e-04	8.14e-01	1.85e-01
 6.06075e+13	6.45e-04	8.19e-01	1.80e-01
 1.44772e+14	6.51e-04	8.23e-01	1.77e-01
 2.54186e+14	6.63e-04	8.32e-01	1.68e-01
 3.96424e+14	6.80e-04	8.46e-01	1.53e-01
 5.81333e+14	7.05e-04	8.66e-01	1.33e-01
 8.21715e+14	7.37e-04	8.91e-01	1.08e-01
 1.13421e+15	7.77e-04	9.20e-01	7.92e-02
 1.54046e+15	8.25e-04	9.48e-01	5.07e-02
 2.06858e+15	8.79e-04	9.72e-01	2.73e-02
 2.75513e+15	9.43e-04	9.87e-01	1.19e-02
 3.64765e+15	1.02e-03	9.95e-01	4.08e-03
 4.64231e+15	1.11e-03	9.98e-01	1.26e-03
 5.59511e+15	1.20e-03	9.98e-01	4.35e-04
 6.65911e+15	1.31e-03	9.99e-01	1.45e-04
 7.78126e+15	1.43e-03	9.99e-01	4.94e-05
 8.77602e+15	1.55e-03	9.98e-01	2.06e-05
 9.86623e+15	1.70e-03	9.98e-01	8.47e-06
 1.10066e+16	1.87e-03	9.98e-01	3.65e-06
 1.17739e+16	1.98e-03	9.98e-01	2.23e-06
 1.22035e+16	2.05e-03	9.98e-01	1.69e-06
 1.26320e+16	2.13e-03	9.98e-01	1.28e-06
 1.31891e+16	2.24e-03	9.98e-01	9.00e-07
 1.38033e+16	2.36e-03	9.98e-01	6.30e-07
 1.43643e+16	2.47e-03	9.98e-01	4.63e-07
 1.48779e+16	2.58e-03	9.97e-01	3.52e-07
 1.54572e+16	2.71e-03	9.97e-01	2.59e-07
 1.60738e+16	2.86e-03	9.97e-01	1.92e-07
 1.66080e+16	2.99e-03	9.97e-01	1.51e-07
 1.70938e+16	3.12e-03	9.97e-01	1.21e-07
 1.76476e+16	3.28e-03	9.97e-01	9.41e-08
 1.82441e+16	3.46e-03	9.97e-01	7.36e-08
 1.87695e+16	3.63e-03	9.96e-01	5.97e-08
 1.92454e+16	3.79e-03	9.96e-01	4.96e-08
 1.97840e+16	3.99e-03	9.96e-01	4.02e-08
 2.03661e+16	4.22e-03	9.96e-01	3.26e-08
 2.08776e+16	4.45e-03	9.96e-01	2.74e-08
 2.13360e+16	4.66e-03	9.95e-01	2.34e-08
 2.18522e+16	4.92e-03	9.95e-01	1.96e-08
 2.24122e+16	5.23e-03	9.95e-01	1.65e-08
 2.29018e+16	5.53e-03	9.94e-01	1.42e-08
 2.33286e+16	5.81e-03	9.94e-01	1.25e-08
 2.38011e+16	6.16e-03	9.94e-01	1.08e-08
 2.43222e+16	6.58e-03	9.93e-01	9.34e-09
 2.47892e+16	7.01e-03	9.93e-01	8.23e-09
 2.51942e+16	7.43e-03	9.93e-01	7.38e-09
 2.56356e+16	7.94e-03	9.92e-01	6.54e-09
 2.61109e+16	8.57e-03	9.91e-01	5.80e-09
 2.65150e+16	9.19e-03	9.91e-01	5.25e-09
 2.68529e+16	9.78e-03	9.90e-01	4.84e-09
 2.72198e+16	1.05e-02	9.89e-01	4.41e-09
 2.76245e+16	1.14e-02	9.89e-01	4.01e-09
 2.79816e+16	1.24e-02	9.88e-01	3.70e-09
 2.82844e+16	1.34e-02	9.87e-01	3.46e-09
 2.86133e+16	1.46e-02	9.85e-01	3.20e-09
 2.89712e+16	1.62e-02	9.84e-01	2.96e-09
 2.92819e+16	1.79e-02	9.82e-01	2.77e-09
 2.95452e+16	1.96e-02	9.80e-01	2.63e-09
 2.98314e+16	2.18e-02	9.78e-01	2.48e-09
 3.01078e+16	2.44e-02	9.76e-01	2.36e-09
 3.02989e+16	2.66e-02	9.73e-01	2.28e-09
 3.04453e+16	2.86e-02	9.71e-01	2.22e-09
 3.06056e+16	3.10e-02	9.69e-01	2.16e-09
 3.07845e+16	3.41e-02	9.66e-01	2.10e-09
 3.09452e+16	3.74e-02	9.63e-01	2.06e-09
 3.10800e+16	4.07e-02	9.59e-01	2.03e-09
 3.12034e+16	4.40e-02	9.56e-01	2.01e-09
 3.13435e+16	4.85e-02	9.52e-01	1.98e-09
 3.14898e+16	5.37e-02	9.46e-01	1.98e-09
 3.16087e+16	5.87e-02	9.41e-01	1.99e-09
 3.17090e+16	6.34e-02	9.37e-01	2.00e-09
 3.18204e+16	6.93e-02	9.31e-01	2.02e-09
 3.19428e+16	7.68e-02	9.23e-01	2.06e-09
 3.20508e+16	8.43e-02	9.16e-01	2.11e-09
 3.21432e+16	9.17e-02	9.08e-01	2.16e-09
 3.22442e+16	1.01e-01	8.99e-01	2.23e-09
 3.23542e+16	1.12e-01	8.88e-01	2.35e-09
 3.24522e+16	1.23e-01	8.77e-01	2.46e-09
 3.25390e+16	1.34e-01	8.66e-01	2.58e-09
 3.26205e+16	1.45e-01	8.55e-01	2.70e-09
 3.27000e+16	1.57e-01	8.43e-01	2.85e-09
 3.27749e+16	1.70e-01	8.30e-01	2.99e-09
 3.28432e+16	1.82e-01	8.18e-01	3.16e-09
 3.28969e+16	1.92e-01	8.08e-01	3.29e-09
 3.29331e+16	2.00e-01	8.00e-01	3.38e-09
 3.29676e+16	2.08e-01	7.92e-01	3.46e-09
 3.30084e+16	2.17e-01	7.83e-01	3.57e-09
 3.30518e+16	2.27e-01	7.73e-01	3.70e-09
 3.30922e+16	2.36e-01	7.64e-01	3.84e-09
 3.31300e+16	2.46e-01	7.54e-01	3.95e-09
 3.31677e+16	2.56e-01	7.44e-01	4.09e-09
 3.32062e+16	2.67e-01	7.33e-01	4.22e-09
 3.32445e+16	2.77e-01	7.23e-01	4.38e-09
 3.32820e+16	2.89e-01	7.11e-01	4.52e-09
 3.33189e+16	2.99e-01	7.01e-01	4.68e-09
 3.33556e+16	3.11e-01	6.89e-01	4.83e-09
 3.33924e+16	3.23e-01	6.77e-01	5.00e-09
 3.34293e+16	3.35e-01	6.65e-01	5.17e-09
 3.34659e+16	3.48e-01	6.52e-01	5.33e-09
 3.35014e+16	3.60e-01	6.40e-01	5.51e-09
 3.35366e+16	3.73e-01	6.27e-01	5.69e-09
 3.35724e+16	3.86e-01	6.14e-01	5.85e-09
 3.36079e+16	3.99e-01	6.01e-01	6.06e-09
 3.36430e+16	4.13e-01	5.87e-01	6.24e-09
 3.36780e+16	4.27e-01	5.73e-01	6.42e-09
 3.37123e+16	4.41e-01	5.59e-01	6.60e-09
 3.37463e+16	4.54e-01	5.46e-01	6.80e-09
 3.37809e+16	4.69e-01	5.31e-01	6.99e-09
 3.38153e+16	4.83e-01	5.17e-01	7.17e-09
 3.38488e+16	4.97e-01	5.03e-01	7.37e-09
 3.38816e+16	5.12e-01	4.88e-01	7.53e-09
 3.39144e+16	5.26e-01	4.74e-01	7.73e-09
 3.39469e+16	5.40e-01	4.60e-01	7.91e-09
 3.39789e+16	5.54e-01	4.46e-01	8.07e-09
 3.40107e+16	5.68e-01	4.32e-01	8.24e-09
 3.40424e+16	5.82e-01	4.18e-01	8.42e-09
 3.40731e+16	5.95e-01	4.05e-01	8.58e-09
 3.41030e+16	6.08e-01	3.92e-01	8.72e-09
 3.41329e+16	6.21e-01	3.79e-01	8.87e-09
 3.41627e+16	6.34e-01	3.66e-01	9.02e-09
 3.41920e+16	6.47e-01	3.53e-01	9.16e-09
 3.42204e+16	6.59e-01	3.41e-01	9.27e-09
 3.42487e+16	6.71e-01	3.29e-01	9.39e-09
 3.42770e+16	6.83e-01	3.17e-01	9.52e-09
 3.43048e+16	6.94e-01	3.06e-01	9.63e-09
 3.43319e+16	7.05e-01	2.95e-01	9.72e-09
 3.43588e+16	7.16e-01	2.84e-01	9.82e-09
 3.43858e+16	7.26e-01	2.74e-01	9.92e-09
 3.44123e+16	7.37e-01	2.63e-01	1.00e-08
 3.44383e+16	7.47e-01	2.53e-01	1.01e-08
 3.44642e+16	7.56e-01	2.44e-01	1.01e-08
 3.44902e+16	7.66e-01	2.34e-01	1.02e-08
 3.45156e+16	7.75e-01	2.25e-01	1.03e-08
 3.45406e+16	7.83e-01	2.17e-01	1.03e-08
 3.45654e+16	7.92e-01	2.08e-01	1.04e-08
 3.45903e+16	8.00e-01	2.00e-01	1.04e-08
 3.46149e+16	8.08e-01	1.92e-01	1.04e-08
 3.46388e+16	8.16e-01	1.84e-01	1.04e-08
 3.46627e+16	8.23e-01	1.77e-01	1.05e-08
 3.46870e+16	8.30e-01	1.70e-01	1.05e-08
 3.47109e+16	8.37e-01	1.63e-01	1.05e-08
 3.47342e+16	8.43e-01	1.57e-01	1.05e-08
 3.47571e+16	8.50e-01	1.50e-01	1.05e-08
 3.47804e+16	8.56e-01	1.44e-01	1.05e-08
 3.48036e+16	8.62e-01	1.38e-01	1.04e-08
 3.48262e+16	8.67e-01	1.33e-01	1.04e-08
 3.48486e+16	8.73e-01	1.27e-01	1.04e-08
 3.48710e+16	8.78e-01	1.22e-01	1.03e-08
 3.48933e+16	8.83e-01	1.17e-01	1.03e-08
 3.49153e+16	8.88e-01	1.12e-01	1.03e-08
 3.49369e+16	8.92e-01	1.08e-01	1.02e-08
 3.49582e+16	8.97e-01	1.03e-01	1.01e-08
 3.49796e+16	9.01e-01	9.90e-02	1.01e-08
 3.50004e+16	9.05e-01	9.50e-02	1.00e-08
 3.50197e+16	9.09e-01	9.14e-02	9.92e-09
 3.50370e+16	9.12e-01	8.83e-02	9.84e-09
 3.50528e+16	9.15e-01	8.55e-02	9.75e-09
 3.50673e+16	9.17e-01	8.29e-02	9.68e-09
 3.50811e+16	9.19e-01	8.06e-02	9.59e-09
 3.50940e+16	9.22e-01	7.84e-02	9.50e-09
 3.51055e+16	9.23e-01	7.65e-02	9.42e-09
 3.51161e+16	9.25e-01	7.48e-02	9.33e-09
 3.51262e+16	9.27e-01	7.32e-02	9.25e-09
 3.51358e+16	9.28e-01	7.16e-02	9.18e-09
 3.51449e+16	9.30e-01	7.02e-02	9.10e-09
 3.51534e+16	9.31e-01	6.89e-02	9.03e-09
 3.51613e+16	9.32e-01	6.77e-02	8.96e-09
 3.51689e+16	9.33e-01	6.66e-02	8.89e-09
 3.51760e+16	9.34e-01	6.55e-02	8.83e-09
 3.51828e+16	9.35e-01	6.45e-02	8.76e-09
 3.51892e+16	9.36e-01	6.36e-02	8.70e-09
 3.51953e+16	9.37e-01	6.27e-02	8.64e-09
 3.52012e+16	9.38e-01	6.19e-02	8.58e-09
 3.52069e+16	9.39e-01	6.11e-02	8.52e-09
 3.52123e+16	9.40e-01	6.03e-02	8.46e-09
 3.52176e+16	9.40e-01	5.96e-02	8.40e-09
 3.52228e+16	9.41e-01	5.88e-02	8.34e-09
 3.52278e+16	9.42e-01	5.81e-02	8.28e-09
 3.52328e+16	9.43e-01	5.74e-02	8.21e-09
 3.52376e+16	9.43e-01	5.68e-02	8.15e-09
 3.52425e+16	9.44e-01	5.61e-02	8.09e-09
 3.52476e+16	9.45e-01	5.54e-02	8.01e-09
 3.52528e+16	9.45e-01	5.47e-02	7.94e-09
 3.52582e+16	9.46e-01	5.40e-02	7.87e-09
 3.52640e+16	9.47e-01	5.31e-02	7.78e-09
 3.52700e+16	9.48e-01	5.23e-02	7.68e-09
 3.52760e+16	9.49e-01	5.15e-02	7.58e-09
 3.52813e+16	9.49e-01	5.08e-02	7.49e-09
 3.52863e+16	9.50e-01	5.01e-02	7.41e-09
 3.52909e+16	9.51e-01	4.94e-02	7.32e-09
 3.52950e+16	9.51e-01	4.88e-02	7.24e-09
 3.52989e+16	9.52e-01	4.83e-02	7.17e-09
 3.53023e+16	9.52e-01	4.78e-02	7.10e-09
 3.53055e+16	9.53e-01	4.74e-02	7.04e-09
 3.53083e+16	9.53e-01	4.69e-02	6.97e-09
 3.53109e+16	9.53e-01	4.66e-02	6.92e-09
 3.53138e+16	9.54e-01	4.62e-02	6.86e-09
 3.53169e+16	9.54e-01	4.57e-02	6.80e-09
 3.53197e+16	9.55e-01	4.53e-02	6.74e-09
 3.53223e+16	9.55e-01	4.50e-02	6.69e-09
 3.53251e+16	9.55e-01	4.45e-02	6.62e-09
 3.53281e+16	9.56e-01	4.41e-02	6.57e-09
 3.53308e+16	9.56e-01	4.37e-02	6.51e-09
 3.53333e+16	9.57e-01	4.34e-02	6.46e-09
 3.53361e+16	9.57e-01	4.30e-02	6.40e-09
 3.53390e+16	9.57e-01	4.26e-02	6.34e-09
 3.53417e+16	9.58e-01	4.22e-02	6.29e-09
 3.53447e+16	9.58e-01	4.18e-02	6.24e-09
 3.53485e+16	9.59e-01	4.13e-02	6.17e-09
 3.53527e+16	9.59e-01	4.08e-02	6.11e-09
 3.53565e+16	9.60e-01	4.04e-02	6.05e-09
 3.53599e+16	9.60e-01	3.99e-02	6.00e-09
 3.53637e+16	9.61e-01	3.95e-02	5.94e-09
 3.53677e+16	9.61e-01	3.90e-02	5.88e-09
 3.53714e+16	9.61e-01	3.86e-02	5.83e-09
 3.53748e+16	9.62e-01	3.82e-02	5.77e-09
 3.53785e+16	9.62e-01	3.77e-02	5.72e-09
