#depth	O	O+	O+2	O+3	O+4	O+5	O+6	O+7	O+8	O[1]	O[2]	O[3]
 3.76389e+11	7.14e-06	1.41e-02	9.83e-01	3.36e-03	0.00e+00	0.00e+00	0.00e+00	0.00e+00	0.00e+00	4.80e-06	1.62e-06	7.20e-07
 2.25833e+12	7.14e-06	1.41e-02	9.83e-01	3.35e-03	0.00e+00	0.00e+00	0.00e+00	0.00e+00	0.00e+00	4.79e-06	1.62e-06	7.19e-07
 9.78610e+12	7.14e-06	1.41e-02	9.83e-01	3.30e-03	0.00e+00	0.00e+00	0.00e+00	0.00e+00	0.00e+00	4.79e-06	1.62e-06	7.19e-07
 3.98972e+13	7.16e-06	1.41e-02	9.83e-01	3.12e-03	0.00e+00	0.00e+00	0.00e+00	0.00e+00	0.00e+00	4.80e-06	1.63e-06	7.21e-07
 9.53016e+13	7.15e-06	1.41e-02	9.83e-01	2.88e-03	0.00e+00	0.00e+00	0.00e+00	0.00e+00	0.00e+00	4.79e-06	1.63e-06	7.20e-07
 1.67327e+14	7.15e-06	1.41e-02	9.83e-01	2.58e-03	0.00e+00	0.00e+00	0.00e+00	0.00e+00	0.00e+00	4.80e-06	1.63e-06	7.21e-07
 2.60961e+14	7.17e-06	1.42e-02	9.84e-01	2.24e-03	0.00e+00	0.00e+00	0.00e+00	0.00e+00	0.00e+00	4.81e-06	1.63e-06	7.23e-07
 3.82684e+14	7.20e-06	1.43e-02	9.84e-01	1.85e-03	0.00e+00	0.00e+00	0.00e+00	0.00e+00	0.00e+00	4.83e-06	1.64e-06	7.26e-07
 5.40925e+14	7.25e-06	1.43e-02	9.84e-01	1.43e-03	0.00e+00	0.00e+00	0.00e+00	0.00e+00	0.00e+00	4.87e-06	1.65e-06	7.32e-07
 7.46637e+14	7.34e-06	1.45e-02	9.85e-01	1.03e-03	0.00e+00	0.00e+00	0.00e+00	0.00e+00	0.00e+00	4.92e-06	1.67e-06	7.40e-07
 1.01406e+15	7.46e-06	1.46e-02	9.85e-01	6.63e-04	0.00e+00	0.00e+00	0.00e+00	0.00e+00	0.00e+00	5.00e-06	1.70e-06	7.52e-07
 1.36172e+15	7.63e-06	1.48e-02	9.85e-01	3.79e-04	0.00e+00	0.00e+00	0.00e+00	0.00e+00	0.00e+00	5.12e-06	1.74e-06	7.70e-07
 1.81367e+15	7.89e-06	1.51e-02	9.85e-01	1.89e-04	0.00e+00	0.00e+00	0.00e+00	0.00e+00	0.00e+00	5.29e-06	1.80e-06	7.97e-07
 2.40120e+15	8.26e-06	1.55e-02	9.84e-01	8.24e-05	0.00e+00	0.00e+00	0.00e+00	0.00e+00	0.00e+00	5.54e-06	1.88e-06	8.35e-07
 3.16500e+15	8.81e-06	1.60e-02	9.84e-01	3.48e-05	0.00e+00	0.00e+00	0.00e+00	0.00e+00	0.00e+00	5.91e-06	2.01e-06	8.90e-07
 4.15794e+15	9.63e-06	1.67e-02	9.83e-01	1.79e-05	0.00e+00	0.00e+00	0.00e+00	0.00e+00	0.00e+00	6.46e-06	2.19e-06	9.74e-07
 5.44875e+15	1.09e-05	1.77e-02	9.82e-01	1.27e-05	0.00e+00	0.00e+00	0.00e+00	0.00e+00	0.00e+00	7.31e-06	2.48e-06	1.10e-06
 7.12681e+15	1.29e-05	1.91e-02	9.81e-01	1.05e-05	0.00e+00	0.00e+00	0.00e+00	0.00e+00	0.00e+00	8.67e-06	2.94e-06	1.31e-06
 9.29320e+15	1.64e-05	2.11e-02	9.79e-01	8.93e-06	0.00e+00	0.00e+00	0.00e+00	0.00e+00	0.00e+00	1.10e-05	3.72e-06	1.65e-06
 1.16073e+16	2.12e-05	2.35e-02	9.76e-01	7.64e-06	0.00e+00	0.00e+00	0.00e+00	0.00e+00	0.00e+00	1.42e-05	4.80e-06	2.14e-06
 1.33386e+16	2.58e-05	2.55e-02	9.74e-01	6.82e-06	0.00e+00	0.00e+00	0.00e+00	0.00e+00	0.00e+00	1.73e-05	5.86e-06	2.62e-06
 1.46724e+16	3.09e-05	2.73e-02	9.73e-01	6.24e-06	0.00e+00	0.00e+00	0.00e+00	0.00e+00	0.00e+00	2.07e-05	7.00e-06	3.12e-06
 1.61396e+16	3.80e-05	2.97e-02	9.70e-01	5.64e-06	0.00e+00	0.00e+00	0.00e+00	0.00e+00	0.00e+00	2.55e-05	8.61e-06	3.84e-06
 1.74563e+16	4.60e-05	3.21e-02	9.68e-01	5.16e-06	0.00e+00	0.00e+00	0.00e+00	0.00e+00	0.00e+00	3.09e-05	1.04e-05	4.66e-06
 1.84277e+16	5.36e-05	3.40e-02	9.66e-01	4.84e-06	0.00e+00	0.00e+00	0.00e+00	0.00e+00	0.00e+00	3.60e-05	1.21e-05	5.42e-06
 1.94015e+16	6.31e-05	3.64e-02	9.64e-01	4.47e-06	0.00e+00	0.00e+00	0.00e+00	0.00e+00	0.00e+00	4.24e-05	1.43e-05	6.39e-06
 2.04520e+16	7.58e-05	3.92e-02	9.61e-01	4.15e-06	0.00e+00	0.00e+00	0.00e+00	0.00e+00	0.00e+00	5.09e-05	1.72e-05	7.68e-06
 2.13565e+16	8.95e-05	4.19e-02	9.58e-01	3.86e-06	0.00e+00	0.00e+00	0.00e+00	0.00e+00	0.00e+00	6.01e-05	2.03e-05	9.05e-06
 2.21275e+16	1.04e-04	4.45e-02	9.55e-01	3.63e-06	0.00e+00	0.00e+00	0.00e+00	0.00e+00	0.00e+00	6.99e-05	2.36e-05	1.05e-05
 2.29704e+16	1.24e-04	4.78e-02	9.52e-01	3.37e-06	0.00e+00	0.00e+00	0.00e+00	0.00e+00	0.00e+00	8.30e-05	2.80e-05	1.25e-05
 2.38570e+16	1.50e-04	5.18e-02	9.48e-01	3.11e-06	0.00e+00	0.00e+00	0.00e+00	0.00e+00	0.00e+00	1.01e-04	3.40e-05	1.51e-05
 2.45869e+16	1.77e-04	5.56e-02	9.44e-01	2.91e-06	0.00e+00	0.00e+00	0.00e+00	0.00e+00	0.00e+00	1.19e-04	4.00e-05	1.78e-05
 2.52020e+16	2.05e-04	5.92e-02	9.41e-01	2.72e-06	0.00e+00	0.00e+00	0.00e+00	0.00e+00	0.00e+00	1.38e-04	4.64e-05	2.07e-05
 2.58440e+16	2.41e-04	6.36e-02	9.36e-01	2.54e-06	0.00e+00	0.00e+00	0.00e+00	0.00e+00	0.00e+00	1.62e-04	5.46e-05	2.43e-05
 2.65030e+16	2.86e-04	6.85e-02	9.31e-01	2.36e-06	0.00e+00	0.00e+00	0.00e+00	0.00e+00	0.00e+00	1.92e-04	6.48e-05	2.89e-05
 2.70961e+16	3.38e-04	7.38e-02	9.26e-01	2.19e-06	0.00e+00	0.00e+00	0.00e+00	0.00e+00	0.00e+00	2.27e-04	7.65e-05	3.41e-05
 2.76298e+16	3.94e-04	7.90e-02	9.21e-01	2.05e-06	0.00e+00	0.00e+00	0.00e+00	0.00e+00	0.00e+00	2.65e-04	8.92e-05	3.97e-05
 2.81102e+16	4.56e-04	8.44e-02	9.15e-01	1.91e-06	0.00e+00	0.00e+00	0.00e+00	0.00e+00	0.00e+00	3.07e-04	1.03e-04	4.59e-05
 2.85426e+16	5.23e-04	8.98e-02	9.10e-01	1.80e-06	0.00e+00	0.00e+00	0.00e+00	0.00e+00	0.00e+00	3.52e-04	1.18e-04	5.26e-05
 2.89317e+16	5.94e-04	9.53e-02	9.04e-01	1.69e-06	0.00e+00	0.00e+00	0.00e+00	0.00e+00	0.00e+00	4.00e-04	1.34e-04	5.98e-05
 2.92819e+16	6.69e-04	1.01e-01	8.99e-01	1.60e-06	0.00e+00	0.00e+00	0.00e+00	0.00e+00	0.00e+00	4.50e-04	1.51e-04	6.72e-05
 2.96099e+16	7.51e-04	1.06e-01	8.93e-01	1.52e-06	0.00e+00	0.00e+00	0.00e+00	0.00e+00	0.00e+00	5.05e-04	1.70e-04	7.55e-05
 2.99343e+16	8.44e-04	1.12e-01	8.87e-01	1.43e-06	0.00e+00	0.00e+00	0.00e+00	0.00e+00	0.00e+00	5.68e-04	1.91e-04	8.49e-05
 3.02586e+16	9.54e-04	1.19e-01	8.80e-01	1.34e-06	0.00e+00	0.00e+00	0.00e+00	0.00e+00	0.00e+00	6.42e-04	2.16e-04	9.59e-05
 3.05829e+16	1.08e-03	1.26e-01	8.73e-01	1.26e-06	0.00e+00	0.00e+00	0.00e+00	0.00e+00	0.00e+00	7.28e-04	2.45e-04	1.09e-04
 3.09073e+16	1.23e-03	1.34e-01	8.65e-01	1.17e-06	0.00e+00	0.00e+00	0.00e+00	0.00e+00	0.00e+00	8.31e-04	2.79e-04	1.24e-04
 3.12316e+16	1.41e-03	1.43e-01	8.56e-01	1.09e-06	0.00e+00	0.00e+00	0.00e+00	0.00e+00	0.00e+00	9.51e-04	3.19e-04	1.42e-04
 3.15560e+16	1.63e-03	1.53e-01	8.45e-01	1.01e-06	0.00e+00	0.00e+00	0.00e+00	0.00e+00	0.00e+00	1.10e-03	3.68e-04	1.63e-04
 3.18803e+16	1.89e-03	1.64e-01	8.34e-01	9.27e-07	0.00e+00	0.00e+00	0.00e+00	0.00e+00	0.00e+00	1.27e-03	4.27e-04	1.89e-04
 3.22046e+16	2.21e-03	1.77e-01	8.21e-01	8.48e-07	0.00e+00	0.00e+00	0.00e+00	0.00e+00	0.00e+00	1.49e-03	4.99e-04	2.21e-04
 3.24002e+16	2.45e-03	1.86e-01	8.12e-01	8.03e-07	0.00e+00	0.00e+00	0.00e+00	0.00e+00	0.00e+00	1.65e-03	5.53e-04	2.45e-04
