#depth	He	He+	He+2
 4.64473e+11	7.08e-04	8.26e-01	1.74e-01
 2.78684e+12	7.07e-04	8.26e-01	1.74e-01
 1.20763e+13	7.09e-04	8.27e-01	1.73e-01
 4.92342e+13	7.18e-04	8.32e-01	1.67e-01
 1.17605e+14	7.26e-04	8.37e-01	1.63e-01
 2.06486e+14	7.42e-04	8.46e-01	1.53e-01
 3.22032e+14	7.64e-04	8.61e-01	1.39e-01
 4.72242e+14	7.95e-04	8.80e-01	1.19e-01
 6.67515e+14	8.36e-04	9.04e-01	9.52e-02
 9.21370e+14	8.89e-04	9.30e-01	6.89e-02
 1.25138e+15	9.53e-04	9.55e-01	4.36e-02
 1.68040e+15	1.03e-03	9.76e-01	2.33e-02
 2.23811e+15	1.14e-03	9.89e-01	1.01e-02
 2.82926e+15	1.24e-03	9.95e-01	4.07e-03
 3.36098e+15	1.34e-03	9.97e-01	1.84e-03
 3.94934e+15	1.47e-03	9.98e-01	7.82e-04
 4.57758e+15	1.61e-03	9.98e-01	3.23e-04
 5.15048e+15	1.76e-03	9.98e-01	1.49e-04
 5.78809e+15	1.94e-03	9.98e-01	6.55e-05
 6.32258e+15	2.08e-03	9.98e-01	3.47e-05
 6.61740e+15	2.17e-03	9.98e-01	2.48e-05
 6.89504e+15	2.27e-03	9.98e-01	1.79e-05
 7.25596e+15	2.40e-03	9.98e-01	1.19e-05
 7.64809e+15	2.54e-03	9.97e-01	7.86e-06
 8.00335e+15	2.67e-03	9.97e-01	5.49e-06
 8.33580e+15	2.81e-03	9.97e-01	3.96e-06
 8.71604e+15	2.97e-03	9.97e-01	2.73e-06
 9.12156e+15	3.15e-03	9.97e-01	1.90e-06
 9.47696e+15	3.32e-03	9.97e-01	1.41e-06
 9.85599e+15	3.51e-03	9.96e-01	1.02e-06
 1.02643e+16	3.72e-03	9.96e-01	7.40e-07
 1.06264e+16	3.92e-03	9.96e-01	5.66e-07
 1.09624e+16	4.12e-03	9.96e-01	4.44e-07
 1.13488e+16	4.36e-03	9.96e-01	3.37e-07
 1.17644e+16	4.64e-03	9.95e-01	2.57e-07
 1.21285e+16	4.89e-03	9.95e-01	2.05e-07
 1.24566e+16	5.14e-03	9.95e-01	1.69e-07
 1.28271e+16	5.44e-03	9.95e-01	1.35e-07
 1.32269e+16	5.78e-03	9.94e-01	1.09e-07
 1.35766e+16	6.10e-03	9.94e-01	9.06e-08
 1.38881e+16	6.41e-03	9.94e-01	7.74e-08
 1.42377e+16	6.77e-03	9.93e-01	6.49e-08
 1.46191e+16	7.21e-03	9.93e-01	5.44e-08
 1.49569e+16	7.63e-03	9.92e-01	4.69e-08
 1.52559e+16	8.04e-03	9.92e-01	4.13e-08
 1.55893e+16	8.53e-03	9.91e-01	3.58e-08
 1.59570e+16	9.12e-03	9.91e-01	3.09e-08
 1.62885e+16	9.72e-03	9.90e-01	2.73e-08
 1.65837e+16	1.03e-02	9.90e-01	2.45e-08
 1.69129e+16	1.10e-02	9.89e-01	2.17e-08
 1.72697e+16	1.19e-02	9.88e-01	1.93e-08
 1.75765e+16	1.28e-02	9.87e-01	1.75e-08
 1.78341e+16	1.36e-02	9.86e-01	1.61e-08
 1.81138e+16	1.46e-02	9.85e-01	1.48e-08
 1.84251e+16	1.59e-02	9.84e-01	1.35e-08
 1.87045e+16	1.73e-02	9.83e-01	1.25e-08
 1.89425e+16	1.87e-02	9.81e-01	1.17e-08
 1.91998e+16	2.04e-02	9.80e-01	1.09e-08
 1.94849e+16	2.26e-02	9.77e-01	1.01e-08
 1.97395e+16	2.50e-02	9.75e-01	9.54e-09
 1.99571e+16	2.76e-02	9.72e-01	9.08e-09
 2.01413e+16	3.02e-02	9.70e-01	8.70e-09
 2.02927e+16	3.27e-02	9.67e-01	8.41e-09
 2.04307e+16	3.54e-02	9.65e-01	8.16e-09
 2.05875e+16	3.88e-02	9.61e-01	7.91e-09
 2.07518e+16	4.31e-02	9.57e-01	7.65e-09
 2.08823e+16	4.70e-02	9.53e-01	7.50e-09
 2.09857e+16	5.08e-02	9.49e-01	7.37e-09
 2.10976e+16	5.53e-02	9.45e-01	7.24e-09
 2.12195e+16	6.09e-02	9.39e-01	7.13e-09
 2.13253e+16	6.67e-02	9.33e-01	7.04e-09
 2.14142e+16	7.22e-02	9.28e-01	6.98e-09
 2.15099e+16	7.90e-02	9.21e-01	6.93e-09
 2.16132e+16	8.72e-02	9.13e-01	6.91e-09
 2.17023e+16	9.51e-02	9.05e-01	6.92e-09
 2.17798e+16	1.03e-01	8.97e-01	6.93e-09
 2.18643e+16	1.13e-01	8.87e-01	6.96e-09
 2.19553e+16	1.24e-01	8.76e-01	7.04e-09
 2.20368e+16	1.36e-01	8.64e-01	7.11e-09
 2.21091e+16	1.47e-01	8.53e-01	7.24e-09
 2.21751e+16	1.59e-01	8.41e-01	7.33e-09
 2.22383e+16	1.70e-01	8.30e-01	7.47e-09
 2.23002e+16	1.83e-01	8.17e-01	7.61e-09
 2.23475e+16	1.93e-01	8.07e-01	7.73e-09
 2.23782e+16	2.00e-01	8.00e-01	7.81e-09
 2.24079e+16	2.07e-01	7.93e-01	7.87e-09
 2.24441e+16	2.16e-01	7.84e-01	7.95e-09
 2.24831e+16	2.26e-01	7.74e-01	8.09e-09
 2.25199e+16	2.36e-01	7.64e-01	8.18e-09
 2.25537e+16	2.45e-01	7.55e-01	8.31e-09
 2.25868e+16	2.55e-01	7.45e-01	8.42e-09
 2.26213e+16	2.64e-01	7.36e-01	8.56e-09
 2.26566e+16	2.75e-01	7.25e-01	8.69e-09
 2.26912e+16	2.86e-01	7.14e-01	8.82e-09
 2.27242e+16	2.97e-01	7.03e-01	8.97e-09
 2.27572e+16	3.08e-01	6.92e-01	9.10e-09
 2.27907e+16	3.20e-01	6.80e-01	9.26e-09
 2.28243e+16	3.32e-01	6.68e-01	9.40e-09
 2.28573e+16	3.44e-01	6.56e-01	9.58e-09
 2.28901e+16	3.56e-01	6.44e-01	9.73e-09
 2.29232e+16	3.69e-01	6.31e-01	9.88e-09
 2.29556e+16	3.82e-01	6.18e-01	1.00e-08
 2.29877e+16	3.94e-01	6.06e-01	1.02e-08
 2.30201e+16	4.08e-01	5.92e-01	1.04e-08
 2.30525e+16	4.21e-01	5.79e-01	1.05e-08
 2.30845e+16	4.35e-01	5.65e-01	1.07e-08
 2.31162e+16	4.49e-01	5.51e-01	1.09e-08
 2.31479e+16	4.63e-01	5.37e-01	1.10e-08
 2.31800e+16	4.77e-01	5.23e-01	1.12e-08
 2.32113e+16	4.91e-01	5.09e-01	1.14e-08
 2.32421e+16	5.05e-01	4.95e-01	1.15e-08
 2.32730e+16	5.19e-01	4.81e-01	1.17e-08
 2.33038e+16	5.33e-01	4.67e-01	1.18e-08
 2.33338e+16	5.47e-01	4.53e-01	1.19e-08
 2.33632e+16	5.61e-01	4.39e-01	1.21e-08
 2.33925e+16	5.74e-01	4.26e-01	1.22e-08
 2.34215e+16	5.88e-01	4.12e-01	1.23e-08
 2.34503e+16	6.01e-01	3.99e-01	1.25e-08
 2.34788e+16	6.14e-01	3.86e-01	1.26e-08
 2.35067e+16	6.27e-01	3.73e-01	1.27e-08
 2.35341e+16	6.40e-01	3.60e-01	1.28e-08
 2.35613e+16	6.52e-01	3.48e-01	1.29e-08
 2.35883e+16	6.64e-01	3.36e-01	1.30e-08
 2.36150e+16	6.76e-01	3.24e-01	1.30e-08
 2.36412e+16	6.87e-01	3.13e-01	1.31e-08
 2.36670e+16	6.98e-01	3.02e-01	1.32e-08
 2.36926e+16	7.09e-01	2.91e-01	1.32e-08
 2.37178e+16	7.20e-01	2.80e-01	1.33e-08
 2.37429e+16	7.30e-01	2.70e-01	1.33e-08
 2.37680e+16	7.40e-01	2.60e-01	1.34e-08
 2.37927e+16	7.50e-01	2.50e-01	1.34e-08
 2.38170e+16	7.59e-01	2.41e-01	1.34e-08
 2.38410e+16	7.68e-01	2.32e-01	1.34e-08
 2.38648e+16	7.77e-01	2.23e-01	1.34e-08
 2.38884e+16	7.86e-01	2.14e-01	1.34e-08
 2.39118e+16	7.94e-01	2.06e-01	1.34e-08
 2.39348e+16	8.02e-01	1.98e-01	1.34e-08
 2.39578e+16	8.10e-01	1.90e-01	1.34e-08
 2.39809e+16	8.17e-01	1.83e-01	1.34e-08
 2.40036e+16	8.25e-01	1.75e-01	1.33e-08
 2.40259e+16	8.32e-01	1.68e-01	1.33e-08
 2.40480e+16	8.38e-01	1.62e-01	1.32e-08
 2.40700e+16	8.45e-01	1.55e-01	1.32e-08
 2.40917e+16	8.51e-01	1.49e-01	1.32e-08
 2.41132e+16	8.57e-01	1.43e-01	1.31e-08
 2.41349e+16	8.63e-01	1.37e-01	1.30e-08
 2.41566e+16	8.68e-01	1.32e-01	1.29e-08
 2.41777e+16	8.74e-01	1.26e-01	1.28e-08
 2.41983e+16	8.79e-01	1.21e-01	1.27e-08
 2.42190e+16	8.83e-01	1.17e-01	1.26e-08
 2.42397e+16	8.88e-01	1.12e-01	1.25e-08
 2.42601e+16	8.93e-01	1.07e-01	1.24e-08
 2.42802e+16	8.97e-01	1.03e-01	1.23e-08
 2.42996e+16	9.01e-01	9.88e-02	1.22e-08
 2.43177e+16	9.05e-01	9.52e-02	1.21e-08
 2.43338e+16	9.08e-01	9.20e-02	1.20e-08
 2.43486e+16	9.11e-01	8.91e-02	1.18e-08
 2.43623e+16	9.14e-01	8.65e-02	1.17e-08
 2.43747e+16	9.16e-01	8.42e-02	1.16e-08
 2.43862e+16	9.18e-01	8.20e-02	1.14e-08
 2.43970e+16	9.20e-01	8.01e-02	1.13e-08
 2.44069e+16	9.22e-01	7.83e-02	1.12e-08
 2.44161e+16	9.23e-01	7.67e-02	1.11e-08
 2.44247e+16	9.25e-01	7.51e-02	1.10e-08
 2.44329e+16	9.26e-01	7.37e-02	1.09e-08
 2.44406e+16	9.28e-01	7.24e-02	1.08e-08
 2.44478e+16	9.29e-01	7.12e-02	1.07e-08
 2.44545e+16	9.30e-01	7.01e-02	1.06e-08
 2.44609e+16	9.31e-01	6.90e-02	1.05e-08
 2.44669e+16	9.32e-01	6.81e-02	1.04e-08
 2.44726e+16	9.33e-01	6.71e-02	1.04e-08
 2.44779e+16	9.34e-01	6.63e-02	1.03e-08
 2.44831e+16	9.35e-01	6.54e-02	1.02e-08
 2.44880e+16	9.35e-01	6.46e-02	1.01e-08
 2.44927e+16	9.36e-01	6.39e-02	1.01e-08
 2.44972e+16	9.37e-01	6.32e-02	9.98e-09
 2.45016e+16	9.38e-01	6.25e-02	9.90e-09
 2.45058e+16	9.38e-01	6.18e-02	9.83e-09
 2.45099e+16	9.39e-01	6.12e-02	9.76e-09
 2.45140e+16	9.39e-01	6.05e-02	9.69e-09
 2.45179e+16	9.40e-01	5.99e-02	9.61e-09
 2.45219e+16	9.41e-01	5.93e-02	9.53e-09
 2.45257e+16	9.41e-01	5.87e-02	9.46e-09
 2.45296e+16	9.42e-01	5.81e-02	9.37e-09
 2.45336e+16	9.43e-01	5.75e-02	9.29e-09
 2.45378e+16	9.43e-01	5.68e-02	9.20e-09
 2.45421e+16	9.44e-01	5.61e-02	9.10e-09
 2.45469e+16	9.45e-01	5.54e-02	8.99e-09
 2.45519e+16	9.45e-01	5.45e-02	8.87e-09
 2.45568e+16	9.46e-01	5.38e-02	8.74e-09
 2.45613e+16	9.47e-01	5.31e-02	8.64e-09
 2.45653e+16	9.48e-01	5.24e-02	8.53e-09
 2.45690e+16	9.48e-01	5.18e-02	8.43e-09
 2.45723e+16	9.49e-01	5.13e-02	8.33e-09
 2.45754e+16	9.49e-01	5.08e-02	8.25e-09
 2.45781e+16	9.50e-01	5.03e-02	8.17e-09
 2.45806e+16	9.50e-01	4.99e-02	8.10e-09
 2.45829e+16	9.51e-01	4.95e-02	8.02e-09
 2.45854e+16	9.51e-01	4.91e-02	7.95e-09
 2.45881e+16	9.51e-01	4.86e-02	7.87e-09
 2.45905e+16	9.52e-01	4.82e-02	7.80e-09
 2.45928e+16	9.52e-01	4.78e-02	7.73e-09
 2.45952e+16	9.53e-01	4.74e-02	7.67e-09
 2.45979e+16	9.53e-01	4.70e-02	7.59e-09
 2.46003e+16	9.53e-01	4.66e-02	7.51e-09
 2.46025e+16	9.54e-01	4.62e-02	7.45e-09
 2.46049e+16	9.54e-01	4.58e-02	7.38e-09
 2.46074e+16	9.55e-01	4.54e-02	7.31e-09
 2.46098e+16	9.55e-01	4.50e-02	7.25e-09
 2.46124e+16	9.55e-01	4.46e-02	7.19e-09
 2.46157e+16	9.56e-01	4.41e-02	7.11e-09
 2.46194e+16	9.56e-01	4.36e-02	7.03e-09
 2.46227e+16	9.57e-01	4.31e-02	6.96e-09
 2.46257e+16	9.57e-01	4.27e-02	6.89e-09
 2.46290e+16	9.58e-01	4.22e-02	6.82e-09
 2.46325e+16	9.58e-01	4.17e-02	6.75e-09
 2.46357e+16	9.59e-01	4.13e-02	6.68e-09
 2.46387e+16	9.59e-01	4.09e-02	6.61e-09
 2.46419e+16	9.60e-01	4.04e-02	6.55e-09
 2.46454e+16	9.60e-01	3.99e-02	6.48e-09
 2.46485e+16	9.60e-01	3.95e-02	6.42e-09
 2.46514e+16	9.61e-01	3.91e-02	6.35e-09
 2.46546e+16	9.61e-01	3.86e-02	6.27e-09
 2.46580e+16	9.62e-01	3.82e-02	6.21e-09
