#depth	O	O+	O+2	O+3	O+4	O+5	O+6	O+7	O+8	O[1]	O[2]	O[3]
 4.64473e+11	5.52e-06	8.39e-03	9.01e-01	9.08e-02	1.34e-05	0.00e+00	0.00e+00	0.00e+00	0.00e+00	3.98e-06	1.01e-06	5.27e-07
 2.78684e+12	5.50e-06	8.38e-03	9.01e-01	9.05e-02	1.33e-05	0.00e+00	0.00e+00	0.00e+00	0.00e+00	3.97e-06	1.01e-06	5.25e-07
 1.20763e+13	5.52e-06	8.40e-03	9.02e-01	8.93e-02	1.30e-05	0.00e+00	0.00e+00	0.00e+00	0.00e+00	3.98e-06	1.01e-06	5.27e-07
 4.92342e+13	5.63e-06	8.49e-03	9.07e-01	8.46e-02	1.19e-05	0.00e+00	0.00e+00	0.00e+00	0.00e+00	4.06e-06	1.04e-06	5.39e-07
 1.17605e+14	5.69e-06	8.59e-03	9.13e-01	7.80e-02	1.04e-05	0.00e+00	0.00e+00	0.00e+00	0.00e+00	4.10e-06	1.05e-06	5.46e-07
 2.06486e+14	5.85e-06	8.75e-03	9.21e-01	6.98e-02	8.57e-06	0.00e+00	0.00e+00	0.00e+00	0.00e+00	4.21e-06	1.08e-06	5.61e-07
 3.22032e+14	6.07e-06	8.95e-03	9.31e-01	6.02e-02	6.69e-06	0.00e+00	0.00e+00	0.00e+00	0.00e+00	4.37e-06	1.12e-06	5.82e-07
 4.72242e+14	6.42e-06	9.24e-03	9.42e-01	4.92e-02	4.79e-06	0.00e+00	0.00e+00	0.00e+00	0.00e+00	4.62e-06	1.18e-06	6.15e-07
 6.67515e+14	6.93e-06	9.61e-03	9.53e-01	3.75e-02	3.07e-06	0.00e+00	0.00e+00	0.00e+00	0.00e+00	4.99e-06	1.27e-06	6.62e-07
 9.21370e+14	7.67e-06	1.01e-02	9.64e-01	2.59e-02	1.70e-06	0.00e+00	0.00e+00	0.00e+00	0.00e+00	5.53e-06	1.40e-06	7.32e-07
 1.25138e+15	8.81e-06	1.07e-02	9.73e-01	1.58e-02	7.69e-07	0.00e+00	0.00e+00	0.00e+00	0.00e+00	6.36e-06	1.61e-06	8.39e-07
 1.68040e+15	1.06e-05	1.16e-02	9.80e-01	8.17e-03	2.71e-07	0.00e+00	0.00e+00	0.00e+00	0.00e+00	7.65e-06	1.92e-06	1.00e-06
 2.23811e+15	1.35e-05	1.29e-02	9.84e-01	3.46e-03	0.00e+00	0.00e+00	0.00e+00	0.00e+00	0.00e+00	9.76e-06	2.44e-06	1.27e-06
 2.82926e+15	1.70e-05	1.42e-02	9.84e-01	1.41e-03	0.00e+00	0.00e+00	0.00e+00	0.00e+00	0.00e+00	1.23e-05	3.07e-06	1.60e-06
 3.36098e+15	2.12e-05	1.56e-02	9.84e-01	6.43e-04	0.00e+00	0.00e+00	0.00e+00	0.00e+00	0.00e+00	1.54e-05	3.80e-06	1.98e-06
 3.94934e+15	2.76e-05	1.75e-02	9.82e-01	2.73e-04	0.00e+00	0.00e+00	0.00e+00	0.00e+00	0.00e+00	2.01e-05	4.93e-06	2.57e-06
 4.57758e+15	3.57e-05	1.97e-02	9.80e-01	1.15e-04	0.00e+00	0.00e+00	0.00e+00	0.00e+00	0.00e+00	2.60e-05	6.37e-06	3.32e-06
 5.15048e+15	4.55e-05	2.20e-02	9.78e-01	5.37e-05	0.00e+00	0.00e+00	0.00e+00	0.00e+00	0.00e+00	3.32e-05	8.10e-06	4.21e-06
 5.78809e+15	6.04e-05	2.50e-02	9.75e-01	2.38e-05	0.00e+00	0.00e+00	0.00e+00	0.00e+00	0.00e+00	4.41e-05	1.07e-05	5.57e-06
 6.32258e+15	7.42e-05	2.75e-02	9.72e-01	1.31e-05	0.00e+00	0.00e+00	0.00e+00	0.00e+00	0.00e+00	5.42e-05	1.31e-05	6.82e-06
 6.61740e+15	8.36e-05	2.91e-02	9.71e-01	9.51e-06	0.00e+00	0.00e+00	0.00e+00	0.00e+00	0.00e+00	6.11e-05	1.48e-05	7.68e-06
 6.89504e+15	9.44e-05	3.09e-02	9.69e-01	6.95e-06	0.00e+00	0.00e+00	0.00e+00	0.00e+00	0.00e+00	6.90e-05	1.67e-05	8.67e-06
 7.25596e+15	1.10e-04	3.33e-02	9.67e-01	4.71e-06	0.00e+00	0.00e+00	0.00e+00	0.00e+00	0.00e+00	8.07e-05	1.95e-05	1.01e-05
 7.64809e+15	1.30e-04	3.60e-02	9.64e-01	3.21e-06	0.00e+00	0.00e+00	0.00e+00	0.00e+00	0.00e+00	9.49e-05	2.29e-05	1.19e-05
 8.00335e+15	1.50e-04	3.86e-02	9.61e-01	2.31e-06	0.00e+00	0.00e+00	0.00e+00	0.00e+00	0.00e+00	1.10e-04	2.65e-05	1.38e-05
 8.33580e+15	1.73e-04	4.14e-02	9.58e-01	1.73e-06	0.00e+00	0.00e+00	0.00e+00	0.00e+00	0.00e+00	1.26e-04	3.05e-05	1.58e-05
 8.71604e+15	2.03e-04	4.48e-02	9.55e-01	1.25e-06	0.00e+00	0.00e+00	0.00e+00	0.00e+00	0.00e+00	1.49e-04	3.59e-05	1.86e-05
 9.12156e+15	2.40e-04	4.87e-02	9.51e-01	9.24e-07	0.00e+00	0.00e+00	0.00e+00	0.00e+00	0.00e+00	1.76e-04	4.24e-05	2.20e-05
 9.47696e+15	2.78e-04	5.24e-02	9.47e-01	7.22e-07	0.00e+00	0.00e+00	0.00e+00	0.00e+00	0.00e+00	2.04e-04	4.91e-05	2.55e-05
 9.85599e+15	3.27e-04	5.68e-02	9.43e-01	5.61e-07	0.00e+00	0.00e+00	0.00e+00	0.00e+00	0.00e+00	2.39e-04	5.77e-05	3.00e-05
 1.02643e+16	3.87e-04	6.19e-02	9.38e-01	4.40e-07	0.00e+00	0.00e+00	0.00e+00	0.00e+00	0.00e+00	2.83e-04	6.84e-05	3.55e-05
 1.06264e+16	4.50e-04	6.69e-02	9.33e-01	3.60e-07	0.00e+00	0.00e+00	0.00e+00	0.00e+00	0.00e+00	3.29e-04	7.96e-05	4.13e-05
 1.09624e+16	5.19e-04	7.20e-02	9.28e-01	3.04e-07	0.00e+00	0.00e+00	0.00e+00	0.00e+00	0.00e+00	3.79e-04	9.18e-05	4.77e-05
 1.13488e+16	6.13e-04	7.84e-02	9.21e-01	2.54e-07	0.00e+00	0.00e+00	0.00e+00	0.00e+00	0.00e+00	4.48e-04	1.09e-04	5.64e-05
 1.17644e+16	7.32e-04	8.60e-02	9.13e-01	2.12e-07	0.00e+00	0.00e+00	0.00e+00	0.00e+00	0.00e+00	5.34e-04	1.30e-04	6.75e-05
 1.21285e+16	8.57e-04	9.34e-02	9.06e-01	1.83e-07	0.00e+00	0.00e+00	0.00e+00	0.00e+00	0.00e+00	6.26e-04	1.52e-04	7.92e-05
 1.24566e+16	9.91e-04	1.01e-01	8.98e-01	1.62e-07	0.00e+00	0.00e+00	0.00e+00	0.00e+00	0.00e+00	7.23e-04	1.76e-04	9.17e-05
 1.28271e+16	1.17e-03	1.10e-01	8.89e-01	1.43e-07	0.00e+00	0.00e+00	0.00e+00	0.00e+00	0.00e+00	8.53e-04	2.09e-04	1.09e-04
 1.32269e+16	1.40e-03	1.21e-01	8.78e-01	0.00e+00	0.00e+00	0.00e+00	0.00e+00	0.00e+00	0.00e+00	1.02e-03	2.51e-04	1.31e-04
 1.35766e+16	1.65e-03	1.32e-01	8.66e-01	0.00e+00	0.00e+00	0.00e+00	0.00e+00	0.00e+00	0.00e+00	1.20e-03	2.96e-04	1.54e-04
 1.38881e+16	1.92e-03	1.43e-01	8.55e-01	0.00e+00	0.00e+00	0.00e+00	0.00e+00	0.00e+00	0.00e+00	1.39e-03	3.43e-04	1.79e-04
 1.42377e+16	2.27e-03	1.56e-01	8.42e-01	0.00e+00	0.00e+00	0.00e+00	0.00e+00	0.00e+00	0.00e+00	1.65e-03	4.07e-04	2.12e-04
 1.46191e+16	2.74e-03	1.72e-01	8.25e-01	0.00e+00	0.00e+00	0.00e+00	0.00e+00	0.00e+00	0.00e+00	1.99e-03	4.93e-04	2.57e-04
 1.49569e+16	3.26e-03	1.89e-01	8.08e-01	0.00e+00	0.00e+00	0.00e+00	0.00e+00	0.00e+00	0.00e+00	2.36e-03	5.88e-04	3.07e-04
 1.52559e+16	3.81e-03	2.05e-01	7.91e-01	0.00e+00	0.00e+00	0.00e+00	0.00e+00	0.00e+00	0.00e+00	2.76e-03	6.90e-04	3.60e-04
 1.55893e+16	4.56e-03	2.25e-01	7.70e-01	0.00e+00	0.00e+00	0.00e+00	0.00e+00	0.00e+00	0.00e+00	3.30e-03	8.26e-04	4.31e-04
 1.59570e+16	5.58e-03	2.50e-01	7.44e-01	0.00e+00	0.00e+00	0.00e+00	0.00e+00	0.00e+00	0.00e+00	4.04e-03	1.02e-03	5.31e-04
 1.62885e+16	6.76e-03	2.76e-01	7.17e-01	0.00e+00	0.00e+00	0.00e+00	0.00e+00	0.00e+00	0.00e+00	4.88e-03	1.23e-03	6.45e-04
 1.65837e+16	8.05e-03	3.02e-01	6.90e-01	0.00e+00	0.00e+00	0.00e+00	0.00e+00	0.00e+00	0.00e+00	5.81e-03	1.47e-03	7.70e-04
 1.69129e+16	9.81e-03	3.33e-01	6.57e-01	0.00e+00	0.00e+00	0.00e+00	0.00e+00	0.00e+00	0.00e+00	7.07e-03	1.80e-03	9.41e-04
 1.72697e+16	1.23e-02	3.71e-01	6.16e-01	0.00e+00	0.00e+00	0.00e+00	0.00e+00	0.00e+00	0.00e+00	8.83e-03	2.26e-03	1.18e-03
 1.75765e+16	1.50e-02	4.08e-01	5.77e-01	0.00e+00	0.00e+00	0.00e+00	0.00e+00	0.00e+00	0.00e+00	1.08e-02	2.77e-03	1.45e-03
 1.78341e+16	1.79e-02	4.41e-01	5.41e-01	0.00e+00	0.00e+00	0.00e+00	0.00e+00	0.00e+00	0.00e+00	1.28e-02	3.30e-03	1.72e-03
 1.81138e+16	2.15e-02	4.79e-01	4.99e-01	0.00e+00	0.00e+00	0.00e+00	0.00e+00	0.00e+00	0.00e+00	1.55e-02	3.99e-03	2.07e-03
 1.84251e+16	2.68e-02	5.24e-01	4.49e-01	0.00e+00	0.00e+00	0.00e+00	0.00e+00	0.00e+00	0.00e+00	1.92e-02	4.97e-03	2.58e-03
 1.87045e+16	3.28e-02	5.67e-01	4.01e-01	0.00e+00	0.00e+00	0.00e+00	0.00e+00	0.00e+00	0.00e+00	2.35e-02	6.10e-03	3.16e-03
 1.89425e+16	3.92e-02	6.03e-01	3.58e-01	0.00e+00	0.00e+00	0.00e+00	0.00e+00	0.00e+00	0.00e+00	2.81e-02	7.29e-03	3.77e-03
 1.91998e+16	4.73e-02	6.41e-01	3.12e-01	0.00e+00	0.00e+00	0.00e+00	0.00e+00	0.00e+00	0.00e+00	3.39e-02	8.82e-03	4.55e-03
 1.94849e+16	5.88e-02	6.81e-01	2.60e-01	0.00e+00	0.00e+00	0.00e+00	0.00e+00	0.00e+00	0.00e+00	4.22e-02	1.10e-02	5.65e-03
 1.97395e+16	7.20e-02	7.13e-01	2.15e-01	0.00e+00	0.00e+00	0.00e+00	0.00e+00	0.00e+00	0.00e+00	5.16e-02	1.34e-02	6.91e-03
 1.99571e+16	8.57e-02	7.36e-01	1.79e-01	0.00e+00	0.00e+00	0.00e+00	0.00e+00	0.00e+00	0.00e+00	6.15e-02	1.60e-02	8.21e-03
 2.01413e+16	9.99e-02	7.50e-01	1.50e-01	0.00e+00	0.00e+00	0.00e+00	0.00e+00	0.00e+00	0.00e+00	7.17e-02	1.86e-02	9.56e-03
 2.02927e+16	1.13e-01	7.59e-01	1.27e-01	0.00e+00	0.00e+00	0.00e+00	0.00e+00	0.00e+00	0.00e+00	8.15e-02	2.10e-02	1.08e-02
 2.04307e+16	1.27e-01	7.64e-01	1.09e-01	0.00e+00	0.00e+00	0.00e+00	0.00e+00	0.00e+00	0.00e+00	9.16e-02	2.36e-02	1.21e-02
 2.05875e+16	1.45e-01	7.65e-01	8.97e-02	0.00e+00	0.00e+00	0.00e+00	0.00e+00	0.00e+00	0.00e+00	1.04e-01	2.67e-02	1.38e-02
 2.07518e+16	1.67e-01	7.61e-01	7.17e-02	0.00e+00	0.00e+00	0.00e+00	0.00e+00	0.00e+00	0.00e+00	1.21e-01	3.06e-02	1.59e-02
 2.08823e+16	1.87e-01	7.54e-01	5.92e-02	0.00e+00	0.00e+00	0.00e+00	0.00e+00	0.00e+00	0.00e+00	1.35e-01	3.40e-02	1.77e-02
 2.09857e+16	2.05e-01	7.45e-01	5.02e-02	0.00e+00	0.00e+00	0.00e+00	0.00e+00	0.00e+00	0.00e+00	1.48e-01	3.70e-02	1.93e-02
 2.10976e+16	2.25e-01	7.33e-01	4.17e-02	0.00e+00	0.00e+00	0.00e+00	0.00e+00	0.00e+00	0.00e+00	1.64e-01	4.05e-02	2.12e-02
 2.12195e+16	2.51e-01	7.16e-01	3.35e-02	0.00e+00	0.00e+00	0.00e+00	0.00e+00	0.00e+00	0.00e+00	1.82e-01	4.46e-02	2.35e-02
 2.13253e+16	2.75e-01	6.97e-01	2.74e-02	0.00e+00	0.00e+00	0.00e+00	0.00e+00	0.00e+00	0.00e+00	2.01e-01	4.85e-02	2.57e-02
 2.14142e+16	2.97e-01	6.80e-01	2.29e-02	0.00e+00	0.00e+00	0.00e+00	0.00e+00	0.00e+00	0.00e+00	2.18e-01	5.19e-02	2.76e-02
 2.15099e+16	3.23e-01	6.59e-01	1.87e-02	0.00e+00	0.00e+00	0.00e+00	0.00e+00	0.00e+00	0.00e+00	2.37e-01	5.57e-02	2.98e-02
 2.16132e+16	3.52e-01	6.33e-01	1.49e-02	0.00e+00	0.00e+00	0.00e+00	0.00e+00	0.00e+00	0.00e+00	2.60e-01	5.99e-02	3.24e-02
 2.17023e+16	3.79e-01	6.09e-01	1.21e-02	0.00e+00	0.00e+00	0.00e+00	0.00e+00	0.00e+00	0.00e+00	2.81e-01	6.36e-02	3.46e-02
 2.17798e+16	4.04e-01	5.86e-01	9.98e-03	0.00e+00	0.00e+00	0.00e+00	0.00e+00	0.00e+00	0.00e+00	3.00e-01	6.68e-02	3.66e-02
 2.18643e+16	4.32e-01	5.60e-01	8.04e-03	0.00e+00	0.00e+00	0.00e+00	0.00e+00	0.00e+00	0.00e+00	3.22e-01	7.02e-02	3.89e-02
 2.19553e+16	4.63e-01	5.31e-01	6.31e-03	0.00e+00	0.00e+00	0.00e+00	0.00e+00	0.00e+00	0.00e+00	3.48e-01	7.38e-02	4.13e-02
 2.20368e+16	4.92e-01	5.03e-01	5.02e-03	0.00e+00	0.00e+00	0.00e+00	0.00e+00	0.00e+00	0.00e+00	3.72e-01	7.69e-02	4.35e-02
 2.21091e+16	5.17e-01	4.79e-01	4.09e-03	0.00e+00	0.00e+00	0.00e+00	0.00e+00	0.00e+00	0.00e+00	3.92e-01	7.93e-02	4.53e-02
 2.21751e+16	5.41e-01	4.56e-01	3.36e-03	0.00e+00	0.00e+00	0.00e+00	0.00e+00	0.00e+00	0.00e+00	4.13e-01	8.14e-02	4.69e-02
 2.22383e+16	5.63e-01	4.34e-01	2.77e-03	0.00e+00	0.00e+00	0.00e+00	0.00e+00	0.00e+00	0.00e+00	4.31e-01	8.32e-02	4.84e-02
 2.23002e+16	5.85e-01	4.12e-01	2.29e-03	0.00e+00	0.00e+00	0.00e+00	0.00e+00	0.00e+00	0.00e+00	4.51e-01	8.47e-02	4.97e-02
 2.23475e+16	6.02e-01	3.96e-01	1.97e-03	0.00e+00	0.00e+00	0.00e+00	0.00e+00	0.00e+00	0.00e+00	4.65e-01	8.58e-02	5.07e-02
 2.23782e+16	6.12e-01	3.86e-01	1.79e-03	0.00e+00	0.00e+00	0.00e+00	0.00e+00	0.00e+00	0.00e+00	4.74e-01	8.63e-02	5.13e-02
 2.24079e+16	6.22e-01	3.76e-01	1.63e-03	0.00e+00	0.00e+00	0.00e+00	0.00e+00	0.00e+00	0.00e+00	4.83e-01	8.69e-02	5.18e-02
 2.24441e+16	6.34e-01	3.64e-01	1.44e-03	0.00e+00	0.00e+00	0.00e+00	0.00e+00	0.00e+00	0.00e+00	4.94e-01	8.74e-02	5.25e-02
 2.24831e+16	6.47e-01	3.51e-01	1.27e-03	0.00e+00	0.00e+00	0.00e+00	0.00e+00	0.00e+00	0.00e+00	5.06e-01	8.80e-02	5.31e-02
 2.25199e+16	6.60e-01	3.39e-01	1.12e-03	0.00e+00	0.00e+00	0.00e+00	0.00e+00	0.00e+00	0.00e+00	5.18e-01	8.84e-02	5.37e-02
 2.25537e+16	6.71e-01	3.28e-01	9.95e-04	0.00e+00	0.00e+00	0.00e+00	0.00e+00	0.00e+00	0.00e+00	5.28e-01	8.87e-02	5.42e-02
 2.25868e+16	6.82e-01	3.17e-01	8.85e-04	0.00e+00	0.00e+00	0.00e+00	0.00e+00	0.00e+00	0.00e+00	5.38e-01	8.89e-02	5.47e-02
 2.26213e+16	6.93e-01	3.06e-01	7.84e-04	0.00e+00	0.00e+00	0.00e+00	0.00e+00	0.00e+00	0.00e+00	5.49e-01	8.91e-02	5.51e-02
 2.26566e+16	7.05e-01	2.95e-01	6.90e-04	0.00e+00	0.00e+00	0.00e+00	0.00e+00	0.00e+00	0.00e+00	5.60e-01	8.92e-02	5.55e-02
 2.26912e+16	7.16e-01	2.84e-01	6.08e-04	0.00e+00	0.00e+00	0.00e+00	0.00e+00	0.00e+00	0.00e+00	5.71e-01	8.92e-02	5.59e-02
 2.27242e+16	7.26e-01	2.74e-01	5.38e-04	0.00e+00	0.00e+00	0.00e+00	0.00e+00	0.00e+00	0.00e+00	5.80e-01	8.92e-02	5.61e-02
 2.27572e+16	7.36e-01	2.64e-01	4.75e-04	0.00e+00	0.00e+00	0.00e+00	0.00e+00	0.00e+00	0.00e+00	5.90e-01	8.91e-02	5.64e-02
 2.27907e+16	7.46e-01	2.54e-01	4.19e-04	0.00e+00	0.00e+00	0.00e+00	0.00e+00	0.00e+00	0.00e+00	6.00e-01	8.89e-02	5.66e-02
 2.28243e+16	7.56e-01	2.44e-01	3.68e-04	0.00e+00	0.00e+00	0.00e+00	0.00e+00	0.00e+00	0.00e+00	6.10e-01	8.86e-02	5.68e-02
 2.28573e+16	7.65e-01	2.35e-01	3.24e-04	0.00e+00	0.00e+00	0.00e+00	0.00e+00	0.00e+00	0.00e+00	6.20e-01	8.83e-02	5.69e-02
 2.28901e+16	7.74e-01	2.25e-01	2.85e-04	0.00e+00	0.00e+00	0.00e+00	0.00e+00	0.00e+00	0.00e+00	6.29e-01	8.80e-02	5.70e-02
 2.29232e+16	7.83e-01	2.16e-01	2.50e-04	0.00e+00	0.00e+00	0.00e+00	0.00e+00	0.00e+00	0.00e+00	6.39e-01	8.75e-02	5.70e-02
 2.29556e+16	7.92e-01	2.08e-01	2.20e-04	0.00e+00	0.00e+00	0.00e+00	0.00e+00	0.00e+00	0.00e+00	6.48e-01	8.71e-02	5.71e-02
 2.29877e+16	8.00e-01	2.00e-01	1.93e-04	0.00e+00	0.00e+00	0.00e+00	0.00e+00	0.00e+00	0.00e+00	6.57e-01	8.66e-02	5.70e-02
 2.30201e+16	8.09e-01	1.91e-01	1.69e-04	0.00e+00	0.00e+00	0.00e+00	0.00e+00	0.00e+00	0.00e+00	6.66e-01	8.60e-02	5.70e-02
 2.30525e+16	8.16e-01	1.84e-01	1.48e-04	0.00e+00	0.00e+00	0.00e+00	0.00e+00	0.00e+00	0.00e+00	6.74e-01	8.54e-02	5.69e-02
 2.30845e+16	8.24e-01	1.76e-01	1.29e-04	0.00e+00	0.00e+00	0.00e+00	0.00e+00	0.00e+00	0.00e+00	6.83e-01	8.47e-02	5.67e-02
 2.31162e+16	8.31e-01	1.69e-01	1.13e-04	0.00e+00	0.00e+00	0.00e+00	0.00e+00	0.00e+00	0.00e+00	6.91e-01	8.41e-02	5.66e-02
 2.31479e+16	8.38e-01	1.61e-01	9.90e-05	0.00e+00	0.00e+00	0.00e+00	0.00e+00	0.00e+00	0.00e+00	6.99e-01	8.34e-02	5.64e-02
 2.31800e+16	8.46e-01	1.54e-01	8.62e-05	0.00e+00	0.00e+00	0.00e+00	0.00e+00	0.00e+00	0.00e+00	7.07e-01	8.27e-02	5.62e-02
 2.32113e+16	8.52e-01	1.48e-01	7.53e-05	0.00e+00	0.00e+00	0.00e+00	0.00e+00	0.00e+00	0.00e+00	7.14e-01	8.19e-02	5.59e-02
 2.32421e+16	8.58e-01	1.42e-01	6.59e-05	0.00e+00	0.00e+00	0.00e+00	0.00e+00	0.00e+00	0.00e+00	7.21e-01	8.12e-02	5.57e-02
 2.32730e+16	8.65e-01	1.35e-01	5.74e-05	0.00e+00	0.00e+00	0.00e+00	0.00e+00	0.00e+00	0.00e+00	7.29e-01	8.04e-02	5.54e-02
 2.33038e+16	8.70e-01	1.30e-01	5.01e-05	0.00e+00	0.00e+00	0.00e+00	0.00e+00	0.00e+00	0.00e+00	7.36e-01	7.97e-02	5.51e-02
 2.33338e+16	8.76e-01	1.24e-01	4.39e-05	0.00e+00	0.00e+00	0.00e+00	0.00e+00	0.00e+00	0.00e+00	7.42e-01	7.89e-02	5.48e-02
 2.33632e+16	8.81e-01	1.19e-01	3.84e-05	0.00e+00	0.00e+00	0.00e+00	0.00e+00	0.00e+00	0.00e+00	7.49e-01	7.81e-02	5.45e-02
 2.33925e+16	8.86e-01	1.14e-01	3.37e-05	0.00e+00	0.00e+00	0.00e+00	0.00e+00	0.00e+00	0.00e+00	7.55e-01	7.74e-02	5.41e-02
 2.34215e+16	8.91e-01	1.09e-01	2.95e-05	0.00e+00	0.00e+00	0.00e+00	0.00e+00	0.00e+00	0.00e+00	7.61e-01	7.66e-02	5.38e-02
 2.34503e+16	8.96e-01	1.04e-01	2.58e-05	0.00e+00	0.00e+00	0.00e+00	0.00e+00	0.00e+00	0.00e+00	7.67e-01	7.58e-02	5.34e-02
 2.34788e+16	9.00e-01	9.97e-02	2.27e-05	0.00e+00	0.00e+00	0.00e+00	0.00e+00	0.00e+00	0.00e+00	7.72e-01	7.51e-02	5.31e-02
 2.35067e+16	9.04e-01	9.55e-02	1.99e-05	0.00e+00	0.00e+00	0.00e+00	0.00e+00	0.00e+00	0.00e+00	7.77e-01	7.43e-02	5.27e-02
 2.35341e+16	9.08e-01	9.15e-02	1.75e-05	0.00e+00	0.00e+00	0.00e+00	0.00e+00	0.00e+00	0.00e+00	7.82e-01	7.36e-02	5.24e-02
 2.35613e+16	9.12e-01	8.77e-02	1.54e-05	0.00e+00	0.00e+00	0.00e+00	0.00e+00	0.00e+00	0.00e+00	7.87e-01	7.29e-02	5.20e-02
 2.35883e+16	9.16e-01	8.41e-02	1.36e-05	0.00e+00	0.00e+00	0.00e+00	0.00e+00	0.00e+00	0.00e+00	7.92e-01	7.22e-02	5.16e-02
 2.36150e+16	9.19e-01	8.05e-02	1.19e-05	0.00e+00	0.00e+00	0.00e+00	0.00e+00	0.00e+00	0.00e+00	7.97e-01	7.15e-02	5.13e-02
 2.36412e+16	9.23e-01	7.71e-02	1.05e-05	0.00e+00	0.00e+00	0.00e+00	0.00e+00	0.00e+00	0.00e+00	8.01e-01	7.08e-02	5.09e-02
 2.36670e+16	9.26e-01	7.41e-02	9.31e-06	0.00e+00	0.00e+00	0.00e+00	0.00e+00	0.00e+00	0.00e+00	8.05e-01	7.02e-02	5.06e-02
 2.36926e+16	9.29e-01	7.10e-02	8.23e-06	0.00e+00	0.00e+00	0.00e+00	0.00e+00	0.00e+00	0.00e+00	8.09e-01	6.95e-02	5.02e-02
 2.37178e+16	9.32e-01	6.81e-02	7.28e-06	0.00e+00	0.00e+00	0.00e+00	0.00e+00	0.00e+00	0.00e+00	8.13e-01	6.89e-02	4.99e-02
 2.37429e+16	9.35e-01	6.53e-02	6.45e-06	0.00e+00	0.00e+00	0.00e+00	0.00e+00	0.00e+00	0.00e+00	8.17e-01	6.82e-02	4.95e-02
 2.37680e+16	9.37e-01	6.26e-02	5.70e-06	0.00e+00	0.00e+00	0.00e+00	0.00e+00	0.00e+00	0.00e+00	8.21e-01	6.76e-02	4.92e-02
 2.37927e+16	9.40e-01	6.01e-02	5.05e-06	0.00e+00	0.00e+00	0.00e+00	0.00e+00	0.00e+00	0.00e+00	8.24e-01	6.70e-02	4.88e-02
 2.38170e+16	9.42e-01	5.77e-02	4.48e-06	0.00e+00	0.00e+00	0.00e+00	0.00e+00	0.00e+00	0.00e+00	8.27e-01	6.65e-02	4.85e-02
 2.38410e+16	9.45e-01	5.53e-02	3.98e-06	0.00e+00	0.00e+00	0.00e+00	0.00e+00	0.00e+00	0.00e+00	8.31e-01	6.59e-02	4.82e-02
 2.38648e+16	9.47e-01	5.31e-02	3.54e-06	0.00e+00	0.00e+00	0.00e+00	0.00e+00	0.00e+00	0.00e+00	8.34e-01	6.53e-02	4.78e-02
 2.38884e+16	9.49e-01	5.10e-02	3.15e-06	0.00e+00	0.00e+00	0.00e+00	0.00e+00	0.00e+00	0.00e+00	8.37e-01	6.48e-02	4.74e-02
 2.39118e+16	9.51e-01	4.89e-02	2.80e-06	0.00e+00	0.00e+00	0.00e+00	0.00e+00	0.00e+00	0.00e+00	8.40e-01	6.43e-02	4.70e-02
 2.39348e+16	9.53e-01	4.70e-02	2.50e-06	0.00e+00	0.00e+00	0.00e+00	0.00e+00	0.00e+00	0.00e+00	8.43e-01	6.37e-02	4.67e-02
 2.39578e+16	9.55e-01	4.51e-02	2.23e-06	0.00e+00	0.00e+00	0.00e+00	0.00e+00	0.00e+00	0.00e+00	8.45e-01	6.32e-02	4.63e-02
 2.39809e+16	9.57e-01	4.33e-02	1.98e-06	0.00e+00	0.00e+00	0.00e+00	0.00e+00	0.00e+00	0.00e+00	8.48e-01	6.27e-02	4.60e-02
 2.40036e+16	9.58e-01	4.15e-02	1.77e-06	0.00e+00	0.00e+00	0.00e+00	0.00e+00	0.00e+00	0.00e+00	8.51e-01	6.23e-02	4.57e-02
 2.40259e+16	9.60e-01	3.99e-02	1.58e-06	0.00e+00	0.00e+00	0.00e+00	0.00e+00	0.00e+00	0.00e+00	8.53e-01	6.18e-02	4.53e-02
 2.40480e+16	9.62e-01	3.83e-02	1.42e-06	0.00e+00	0.00e+00	0.00e+00	0.00e+00	0.00e+00	0.00e+00	8.55e-01	6.13e-02	4.50e-02
 2.40700e+16	9.63e-01	3.68e-02	1.27e-06	0.00e+00	0.00e+00	0.00e+00	0.00e+00	0.00e+00	0.00e+00	8.58e-01	6.09e-02	4.47e-02
 2.40917e+16	9.65e-01	3.54e-02	1.14e-06	0.00e+00	0.00e+00	0.00e+00	0.00e+00	0.00e+00	0.00e+00	8.60e-01	6.05e-02	4.44e-02
 2.41132e+16	9.66e-01	3.39e-02	1.02e-06	0.00e+00	0.00e+00	0.00e+00	0.00e+00	0.00e+00	0.00e+00	8.62e-01	6.01e-02	4.41e-02
 2.41349e+16	9.67e-01	3.26e-02	9.12e-07	0.00e+00	0.00e+00	0.00e+00	0.00e+00	0.00e+00	0.00e+00	8.64e-01	5.97e-02	4.38e-02
 2.41566e+16	9.69e-01	3.12e-02	8.17e-07	0.00e+00	0.00e+00	0.00e+00	0.00e+00	0.00e+00	0.00e+00	8.66e-01	5.93e-02	4.35e-02
 2.41777e+16	9.70e-01	3.00e-02	7.34e-07	0.00e+00	0.00e+00	0.00e+00	0.00e+00	0.00e+00	0.00e+00	8.68e-01	5.89e-02	4.32e-02
 2.41983e+16	9.71e-01	2.88e-02	6.61e-07	0.00e+00	0.00e+00	0.00e+00	0.00e+00	0.00e+00	0.00e+00	8.70e-01	5.85e-02	4.30e-02
 2.42190e+16	9.72e-01	2.77e-02	5.95e-07	0.00e+00	0.00e+00	0.00e+00	0.00e+00	0.00e+00	0.00e+00	8.71e-01	5.81e-02	4.27e-02
 2.42397e+16	9.73e-01	2.66e-02	5.36e-07	0.00e+00	0.00e+00	0.00e+00	0.00e+00	0.00e+00	0.00e+00	8.73e-01	5.78e-02	4.24e-02
 2.42601e+16	9.75e-01	2.55e-02	4.83e-07	0.00e+00	0.00e+00	0.00e+00	0.00e+00	0.00e+00	0.00e+00	8.75e-01	5.74e-02	4.22e-02
 2.42802e+16	9.76e-01	2.45e-02	4.36e-07	0.00e+00	0.00e+00	0.00e+00	0.00e+00	0.00e+00	0.00e+00	8.77e-01	5.71e-02	4.19e-02
 2.42996e+16	9.76e-01	2.35e-02	3.95e-07	0.00e+00	0.00e+00	0.00e+00	0.00e+00	0.00e+00	0.00e+00	8.78e-01	5.68e-02	4.17e-02
 2.43177e+16	9.77e-01	2.27e-02	3.61e-07	0.00e+00	0.00e+00	0.00e+00	0.00e+00	0.00e+00	0.00e+00	8.79e-01	5.65e-02	4.14e-02
 2.43338e+16	9.78e-01	2.19e-02	3.34e-07	0.00e+00	0.00e+00	0.00e+00	0.00e+00	0.00e+00	0.00e+00	8.81e-01	5.62e-02	4.12e-02
 2.43486e+16	9.79e-01	2.13e-02	3.10e-07	0.00e+00	0.00e+00	0.00e+00	0.00e+00	0.00e+00	0.00e+00	8.82e-01	5.60e-02	4.10e-02
 2.43623e+16	9.79e-01	2.07e-02	2.90e-07	0.00e+00	0.00e+00	0.00e+00	0.00e+00	0.00e+00	0.00e+00	8.83e-01	5.58e-02	4.09e-02
 2.43747e+16	9.80e-01	2.02e-02	2.73e-07	0.00e+00	0.00e+00	0.00e+00	0.00e+00	0.00e+00	0.00e+00	8.84e-01	5.56e-02	4.07e-02
 2.43862e+16	9.80e-01	1.97e-02	2.58e-07	0.00e+00	0.00e+00	0.00e+00	0.00e+00	0.00e+00	0.00e+00	8.84e-01	5.54e-02	4.06e-02
 2.43970e+16	9.81e-01	1.92e-02	2.45e-07	0.00e+00	0.00e+00	0.00e+00	0.00e+00	0.00e+00	0.00e+00	8.85e-01	5.52e-02	4.04e-02
 2.44069e+16	9.81e-01	1.88e-02	2.34e-07	0.00e+00	0.00e+00	0.00e+00	0.00e+00	0.00e+00	0.00e+00	8.86e-01	5.50e-02	4.03e-02
 2.44161e+16	9.82e-01	1.84e-02	2.23e-07	0.00e+00	0.00e+00	0.00e+00	0.00e+00	0.00e+00	0.00e+00	8.87e-01	5.49e-02	4.02e-02
 2.44247e+16	9.82e-01	1.81e-02	2.14e-07	0.00e+00	0.00e+00	0.00e+00	0.00e+00	0.00e+00	0.00e+00	8.87e-01	5.47e-02	4.00e-02
 2.44329e+16	9.82e-01	1.78e-02	2.06e-07	0.00e+00	0.00e+00	0.00e+00	0.00e+00	0.00e+00	0.00e+00	8.88e-01	5.46e-02	3.99e-02
 2.44406e+16	9.83e-01	1.74e-02	1.98e-07	0.00e+00	0.00e+00	0.00e+00	0.00e+00	0.00e+00	0.00e+00	8.88e-01	5.44e-02	3.98e-02
 2.44478e+16	9.83e-01	1.71e-02	1.91e-07	0.00e+00	0.00e+00	0.00e+00	0.00e+00	0.00e+00	0.00e+00	8.89e-01	5.43e-02	3.97e-02
 2.44545e+16	9.83e-01	1.69e-02	1.85e-07	0.00e+00	0.00e+00	0.00e+00	0.00e+00	0.00e+00	0.00e+00	8.89e-01	5.41e-02	3.96e-02
 2.44609e+16	9.83e-01	1.66e-02	1.79e-07	0.00e+00	0.00e+00	0.00e+00	0.00e+00	0.00e+00	0.00e+00	8.90e-01	5.40e-02	3.95e-02
 2.44669e+16	9.84e-01	1.64e-02	1.74e-07	0.00e+00	0.00e+00	0.00e+00	0.00e+00	0.00e+00	0.00e+00	8.90e-01	5.39e-02	3.94e-02
 2.44726e+16	9.84e-01	1.61e-02	1.69e-07	0.00e+00	0.00e+00	0.00e+00	0.00e+00	0.00e+00	0.00e+00	8.91e-01	5.38e-02	3.93e-02
 2.44779e+16	9.84e-01	1.59e-02	1.65e-07	0.00e+00	0.00e+00	0.00e+00	0.00e+00	0.00e+00	0.00e+00	8.91e-01	5.37e-02	3.92e-02
 2.44831e+16	9.84e-01	1.57e-02	1.61e-07	0.00e+00	0.00e+00	0.00e+00	0.00e+00	0.00e+00	0.00e+00	8.92e-01	5.35e-02	3.91e-02
 2.44880e+16	9.85e-01	1.55e-02	1.57e-07	0.00e+00	0.00e+00	0.00e+00	0.00e+00	0.00e+00	0.00e+00	8.92e-01	5.34e-02	3.90e-02
 2.44927e+16	9.85e-01	1.52e-02	1.53e-07	0.00e+00	0.00e+00	0.00e+00	0.00e+00	0.00e+00	0.00e+00	8.93e-01	5.33e-02	3.89e-02
 2.44972e+16	9.85e-01	1.51e-02	1.50e-07	0.00e+00	0.00e+00	0.00e+00	0.00e+00	0.00e+00	0.00e+00	8.93e-01	5.32e-02	3.88e-02
 2.45016e+16	9.85e-01	1.49e-02	1.46e-07	0.00e+00	0.00e+00	0.00e+00	0.00e+00	0.00e+00	0.00e+00	8.93e-01	5.31e-02	3.87e-02
 2.45058e+16	9.85e-01	1.47e-02	1.43e-07	0.00e+00	0.00e+00	0.00e+00	0.00e+00	0.00e+00	0.00e+00	8.94e-01	5.30e-02	3.86e-02
 2.45099e+16	9.86e-01	1.45e-02	1.40e-07	0.00e+00	0.00e+00	0.00e+00	0.00e+00	0.00e+00	0.00e+00	8.94e-01	5.29e-02	3.86e-02
 2.45140e+16	9.86e-01	1.43e-02	1.37e-07	0.00e+00	0.00e+00	0.00e+00	0.00e+00	0.00e+00	0.00e+00	8.94e-01	5.28e-02	3.85e-02
 2.45179e+16	9.86e-01	1.41e-02	1.35e-07	0.00e+00	0.00e+00	0.00e+00	0.00e+00	0.00e+00	0.00e+00	8.95e-01	5.27e-02	3.84e-02
 2.45219e+16	9.86e-01	1.39e-02	1.32e-07	0.00e+00	0.00e+00	0.00e+00	0.00e+00	0.00e+00	0.00e+00	8.95e-01	5.26e-02	3.83e-02
 2.45257e+16	9.86e-01	1.37e-02	1.29e-07	0.00e+00	0.00e+00	0.00e+00	0.00e+00	0.00e+00	0.00e+00	8.96e-01	5.24e-02	3.82e-02
 2.45296e+16	9.86e-01	1.35e-02	1.27e-07	0.00e+00	0.00e+00	0.00e+00	0.00e+00	0.00e+00	0.00e+00	8.96e-01	5.23e-02	3.81e-02
 2.45336e+16	9.87e-01	1.33e-02	1.24e-07	0.00e+00	0.00e+00	0.00e+00	0.00e+00	0.00e+00	0.00e+00	8.97e-01	5.22e-02	3.80e-02
 2.45378e+16	9.87e-01	1.31e-02	1.21e-07	0.00e+00	0.00e+00	0.00e+00	0.00e+00	0.00e+00	0.00e+00	8.97e-01	5.20e-02	3.78e-02
 2.45421e+16	9.87e-01	1.29e-02	1.18e-07	0.00e+00	0.00e+00	0.00e+00	0.00e+00	0.00e+00	0.00e+00	8.98e-01	5.19e-02	3.77e-02
 2.45469e+16	9.87e-01	1.26e-02	1.15e-07	0.00e+00	0.00e+00	0.00e+00	0.00e+00	0.00e+00	0.00e+00	8.98e-01	5.17e-02	3.75e-02
 2.45519e+16	9.88e-01	1.23e-02	1.12e-07	0.00e+00	0.00e+00	0.00e+00	0.00e+00	0.00e+00	0.00e+00	8.99e-01	5.15e-02	3.74e-02
 2.45568e+16	9.88e-01	1.21e-02	1.08e-07	0.00e+00	0.00e+00	0.00e+00	0.00e+00	0.00e+00	0.00e+00	8.99e-01	5.13e-02	3.72e-02
 2.45613e+16	9.88e-01	1.18e-02	1.06e-07	0.00e+00	0.00e+00	0.00e+00	0.00e+00	0.00e+00	0.00e+00	9.00e-01	5.11e-02	3.70e-02
 2.45653e+16	9.88e-01	1.16e-02	1.03e-07	0.00e+00	0.00e+00	0.00e+00	0.00e+00	0.00e+00	0.00e+00	9.01e-01	5.09e-02	3.69e-02
 2.45690e+16	9.89e-01	1.14e-02	1.01e-07	0.00e+00	0.00e+00	0.00e+00	0.00e+00	0.00e+00	0.00e+00	9.01e-01	5.08e-02	3.67e-02
 2.45723e+16	9.89e-01	1.12e-02	9.85e-08	0.00e+00	0.00e+00	0.00e+00	0.00e+00	0.00e+00	0.00e+00	9.02e-01	5.06e-02	3.66e-02
 2.45754e+16	9.89e-01	1.10e-02	9.66e-08	0.00e+00	0.00e+00	0.00e+00	0.00e+00	0.00e+00	0.00e+00	9.02e-01	5.05e-02	3.64e-02
 2.45781e+16	9.89e-01	1.08e-02	9.48e-08	0.00e+00	0.00e+00	0.00e+00	0.00e+00	0.00e+00	0.00e+00	9.03e-01	5.03e-02	3.63e-02
 2.45806e+16	9.89e-01	1.07e-02	9.33e-08	0.00e+00	0.00e+00	0.00e+00	0.00e+00	0.00e+00	0.00e+00	9.03e-01	5.02e-02	3.62e-02
 2.45829e+16	9.89e-01	1.05e-02	9.18e-08	0.00e+00	0.00e+00	0.00e+00	0.00e+00	0.00e+00	0.00e+00	9.03e-01	5.00e-02	3.61e-02
 2.45854e+16	9.90e-01	1.04e-02	9.02e-08	0.00e+00	0.00e+00	0.00e+00	0.00e+00	0.00e+00	0.00e+00	9.04e-01	4.99e-02	3.60e-02
 2.45881e+16	9.90e-01	1.03e-02	8.85e-08	0.00e+00	0.00e+00	0.00e+00	0.00e+00	0.00e+00	0.00e+00	9.04e-01	4.97e-02	3.59e-02
 2.45905e+16	9.90e-01	1.01e-02	8.70e-08	0.00e+00	0.00e+00	0.00e+00	0.00e+00	0.00e+00	0.00e+00	9.05e-01	4.96e-02	3.57e-02
 2.45928e+16	9.90e-01	1.00e-02	8.56e-08	0.00e+00	0.00e+00	0.00e+00	0.00e+00	0.00e+00	0.00e+00	9.05e-01	4.94e-02	3.56e-02
 2.45952e+16	9.90e-01	9.87e-03	8.40e-08	0.00e+00	0.00e+00	0.00e+00	0.00e+00	0.00e+00	0.00e+00	9.05e-01	4.93e-02	3.55e-02
 2.45979e+16	9.90e-01	9.72e-03	8.24e-08	0.00e+00	0.00e+00	0.00e+00	0.00e+00	0.00e+00	0.00e+00	9.06e-01	4.91e-02	3.54e-02
 2.46003e+16	9.90e-01	9.59e-03	8.09e-08	0.00e+00	0.00e+00	0.00e+00	0.00e+00	0.00e+00	0.00e+00	9.06e-01	4.89e-02	3.53e-02
 2.46025e+16	9.91e-01	9.47e-03	7.96e-08	0.00e+00	0.00e+00	0.00e+00	0.00e+00	0.00e+00	0.00e+00	9.07e-01	4.88e-02	3.51e-02
 2.46049e+16	9.91e-01	9.34e-03	7.80e-08	0.00e+00	0.00e+00	0.00e+00	0.00e+00	0.00e+00	0.00e+00	9.07e-01	4.86e-02	3.50e-02
 2.46074e+16	9.91e-01	9.21e-03	7.65e-08	0.00e+00	0.00e+00	0.00e+00	0.00e+00	0.00e+00	0.00e+00	9.07e-01	4.85e-02	3.49e-02
 2.46098e+16	9.91e-01	9.10e-03	7.52e-08	0.00e+00	0.00e+00	0.00e+00	0.00e+00	0.00e+00	0.00e+00	9.08e-01	4.83e-02	3.48e-02
 2.46124e+16	9.91e-01	9.00e-03	7.37e-08	0.00e+00	0.00e+00	0.00e+00	0.00e+00	0.00e+00	0.00e+00	9.08e-01	4.82e-02	3.47e-02
 2.46157e+16	9.91e-01	8.85e-03	7.19e-08	0.00e+00	0.00e+00	0.00e+00	0.00e+00	0.00e+00	0.00e+00	9.09e-01	4.80e-02	3.45e-02
 2.46194e+16	9.91e-01	8.70e-03	6.99e-08	0.00e+00	0.00e+00	0.00e+00	0.00e+00	0.00e+00	0.00e+00	9.09e-01	4.78e-02	3.44e-02
 2.46227e+16	9.91e-01	8.56e-03	6.82e-08	0.00e+00	0.00e+00	0.00e+00	0.00e+00	0.00e+00	0.00e+00	9.10e-01	4.77e-02	3.42e-02
 2.46257e+16	9.92e-01	8.44e-03	6.67e-08	0.00e+00	0.00e+00	0.00e+00	0.00e+00	0.00e+00	0.00e+00	9.10e-01	4.75e-02	3.41e-02
 2.46290e+16	9.92e-01	8.31e-03	6.49e-08	0.00e+00	0.00e+00	0.00e+00	0.00e+00	0.00e+00	0.00e+00	9.10e-01	4.74e-02	3.40e-02
 2.46325e+16	9.92e-01	8.17e-03	6.32e-08	0.00e+00	0.00e+00	0.00e+00	0.00e+00	0.00e+00	0.00e+00	9.11e-01	4.72e-02	3.38e-02
 2.46357e+16	9.92e-01	8.04e-03	6.15e-08	0.00e+00	0.00e+00	0.00e+00	0.00e+00	0.00e+00	0.00e+00	9.11e-01	4.70e-02	3.37e-02
 2.46387e+16	9.92e-01	7.92e-03	6.01e-08	0.00e+00	0.00e+00	0.00e+00	0.00e+00	0.00e+00	0.00e+00	9.12e-01	4.69e-02	3.35e-02
 2.46419e+16	9.92e-01	7.80e-03	5.85e-08	0.00e+00	0.00e+00	0.00e+00	0.00e+00	0.00e+00	0.00e+00	9.12e-01	4.67e-02	3.34e-02
 2.46454e+16	9.92e-01	7.67e-03	5.68e-08	0.00e+00	0.00e+00	0.00e+00	0.00e+00	0.00e+00	0.00e+00	9.13e-01	4.65e-02	3.32e-02
 2.46485e+16	9.92e-01	7.54e-03	5.53e-08	0.00e+00	0.00e+00	0.00e+00	0.00e+00	0.00e+00	0.00e+00	9.13e-01	4.63e-02	3.31e-02
 2.46514e+16	9.93e-01	7.43e-03	5.40e-08	0.00e+00	0.00e+00	0.00e+00	0.00e+00	0.00e+00	0.00e+00	9.13e-01	4.62e-02	3.30e-02
 2.46546e+16	9.93e-01	7.28e-03	5.22e-08	0.00e+00	0.00e+00	0.00e+00	0.00e+00	0.00e+00	0.00e+00	9.14e-01	4.60e-02	3.28e-02
 2.46580e+16	9.93e-01	7.12e-03	5.04e-08	0.00e+00	0.00e+00	0.00e+00	0.00e+00	0.00e+00	0.00e+00	9.15e-01	4.57e-02	3.26e-02
