#depth	H	H+	H2
 4.64473e+11	1.17e-03	9.99e-01	1.02e-12
 2.78684e+12	1.17e-03	9.99e-01	1.02e-12
 1.20763e+13	1.17e-03	9.99e-01	1.02e-12
 4.92342e+13	1.18e-03	9.99e-01	1.03e-12
 1.17605e+14	1.17e-03	9.99e-01	1.04e-12
 2.06486e+14	1.16e-03	9.99e-01	1.08e-12
 3.22032e+14	1.17e-03	9.99e-01	1.11e-12
 4.72242e+14	1.18e-03	9.99e-01	1.18e-12
 6.67515e+14	1.20e-03	9.99e-01	1.27e-12
 9.21370e+14	1.24e-03	9.99e-01	1.40e-12
 1.25138e+15	1.30e-03	9.99e-01	1.60e-12
 1.68040e+15	1.39e-03	9.99e-01	1.92e-12
 2.23811e+15	1.54e-03	9.98e-01	2.45e-12
 2.82926e+15	1.70e-03	9.98e-01	3.11e-12
 3.36098e+15	1.88e-03	9.98e-01	3.86e-12
 3.94934e+15	2.12e-03	9.98e-01	4.90e-12
 4.57758e+15	2.39e-03	9.98e-01	6.20e-12
 5.15048e+15	2.67e-03	9.97e-01	7.66e-12
 5.78809e+15	3.03e-03	9.97e-01	9.52e-12
 6.32258e+15	3.31e-03	9.97e-01	1.14e-11
 6.61740e+15	3.49e-03	9.97e-01	1.25e-11
 6.89504e+15	3.68e-03	9.96e-01	1.35e-11
 7.25596e+15	3.94e-03	9.96e-01	1.50e-11
 7.64809e+15	4.22e-03	9.96e-01	1.67e-11
 8.00335e+15	4.49e-03	9.96e-01	1.84e-11
 8.33580e+15	4.76e-03	9.95e-01	2.01e-11
 8.71604e+15	5.09e-03	9.95e-01	2.19e-11
 9.12156e+15	5.45e-03	9.95e-01	2.41e-11
 9.47696e+15	5.79e-03	9.94e-01	2.62e-11
 9.85599e+15	6.17e-03	9.94e-01	2.83e-11
 1.02643e+16	6.61e-03	9.93e-01	3.08e-11
 1.06264e+16	7.02e-03	9.93e-01	3.32e-11
 1.09624e+16	7.43e-03	9.93e-01	3.54e-11
 1.13488e+16	7.93e-03	9.92e-01	3.77e-11
 1.17644e+16	8.51e-03	9.91e-01	4.08e-11
 1.21285e+16	9.06e-03	9.91e-01	4.37e-11
 1.24566e+16	9.60e-03	9.90e-01	4.62e-11
 1.28271e+16	1.02e-02	9.90e-01	4.86e-11
 1.32269e+16	1.10e-02	9.89e-01	5.20e-11
 1.35766e+16	1.18e-02	9.88e-01	5.54e-11
 1.38881e+16	1.25e-02	9.88e-01	5.83e-11
 1.42377e+16	1.33e-02	9.87e-01	6.07e-11
 1.46191e+16	1.44e-02	9.86e-01	6.44e-11
 1.49569e+16	1.55e-02	9.85e-01	6.83e-11
 1.52559e+16	1.65e-02	9.83e-01	7.16e-11
 1.55893e+16	1.78e-02	9.82e-01	7.42e-11
 1.59570e+16	1.94e-02	9.81e-01	7.83e-11
 1.62885e+16	2.11e-02	9.79e-01	8.28e-11
 1.65837e+16	2.28e-02	9.77e-01	8.68e-11
 1.69129e+16	2.49e-02	9.75e-01	8.96e-11
 1.72697e+16	2.77e-02	9.72e-01	9.47e-11
 1.75765e+16	3.06e-02	9.69e-01	1.01e-10
 1.78341e+16	3.33e-02	9.67e-01	1.05e-10
 1.81138e+16	3.67e-02	9.63e-01	1.08e-10
 1.84251e+16	4.13e-02	9.59e-01	1.14e-10
 1.87045e+16	4.63e-02	9.54e-01	1.21e-10
 1.89425e+16	5.15e-02	9.49e-01	1.28e-10
 1.91998e+16	5.79e-02	9.42e-01	1.33e-10
 1.94849e+16	6.68e-02	9.33e-01	1.42e-10
 1.97395e+16	7.70e-02	9.23e-01	1.54e-10
 1.99571e+16	8.76e-02	9.12e-01	1.65e-10
 2.01413e+16	9.87e-02	9.01e-01	1.79e-10
 2.02927e+16	1.09e-01	8.91e-01	1.91e-10
 2.04307e+16	1.20e-01	8.80e-01	2.04e-10
 2.05875e+16	1.34e-01	8.66e-01	2.17e-10
 2.07518e+16	1.52e-01	8.48e-01	2.38e-10
 2.08823e+16	1.68e-01	8.32e-01	2.59e-10
 2.09857e+16	1.83e-01	8.17e-01	2.77e-10
 2.10976e+16	2.00e-01	8.00e-01	2.97e-10
 2.12195e+16	2.22e-01	7.78e-01	3.25e-10
 2.13253e+16	2.43e-01	7.57e-01	3.55e-10
 2.14142e+16	2.62e-01	7.38e-01	3.83e-10
 2.15099e+16	2.85e-01	7.15e-01	4.15e-10
 2.16132e+16	3.11e-01	6.89e-01	4.57e-10
 2.17023e+16	3.36e-01	6.64e-01	4.96e-10
 2.17798e+16	3.58e-01	6.42e-01	5.36e-10
 2.18643e+16	3.84e-01	6.16e-01	5.82e-10
 2.19553e+16	4.14e-01	5.86e-01	6.39e-10
 2.20368e+16	4.42e-01	5.58e-01	6.98e-10
 2.21091e+16	4.66e-01	5.34e-01	7.50e-10
 2.21751e+16	4.90e-01	5.10e-01	8.07e-10
 2.22383e+16	5.12e-01	4.88e-01	8.58e-10
 2.23002e+16	5.34e-01	4.66e-01	9.18e-10
 2.23475e+16	5.51e-01	4.49e-01	9.66e-10
 2.23782e+16	5.61e-01	4.39e-01	9.97e-10
 2.24079e+16	5.71e-01	4.29e-01	1.03e-09
 2.24441e+16	5.84e-01	4.16e-01	1.07e-09
 2.24831e+16	5.98e-01	4.02e-01	1.11e-09
 2.25199e+16	6.11e-01	3.89e-01	1.15e-09
 2.25537e+16	6.23e-01	3.77e-01	1.19e-09
 2.25868e+16	6.34e-01	3.66e-01	1.24e-09
 2.26213e+16	6.46e-01	3.54e-01	1.28e-09
 2.26566e+16	6.58e-01	3.42e-01	1.33e-09
 2.26912e+16	6.70e-01	3.30e-01	1.38e-09
 2.27242e+16	6.81e-01	3.19e-01	1.42e-09
 2.27572e+16	6.92e-01	3.08e-01	1.47e-09
 2.27907e+16	7.03e-01	2.97e-01	1.52e-09
 2.28243e+16	7.14e-01	2.86e-01	1.58e-09
 2.28573e+16	7.24e-01	2.76e-01	1.63e-09
 2.28901e+16	7.34e-01	2.66e-01	1.68e-09
 2.29232e+16	7.44e-01	2.56e-01	1.74e-09
 2.29556e+16	7.54e-01	2.46e-01	1.80e-09
 2.29877e+16	7.63e-01	2.37e-01	1.86e-09
 2.30201e+16	7.73e-01	2.27e-01	1.92e-09
 2.30525e+16	7.81e-01	2.19e-01	1.98e-09
 2.30845e+16	7.90e-01	2.10e-01	2.06e-09
 2.31162e+16	7.98e-01	2.02e-01	2.12e-09
 2.31479e+16	8.07e-01	1.93e-01	2.19e-09
 2.31800e+16	8.15e-01	1.85e-01	2.27e-09
 2.32113e+16	8.22e-01	1.78e-01	2.34e-09
 2.32421e+16	8.30e-01	1.70e-01	2.42e-09
 2.32730e+16	8.37e-01	1.63e-01	2.50e-09
 2.33038e+16	8.44e-01	1.56e-01	2.58e-09
 2.33338e+16	8.50e-01	1.50e-01	2.67e-09
 2.33632e+16	8.56e-01	1.44e-01	2.75e-09
 2.33925e+16	8.62e-01	1.38e-01	2.85e-09
 2.34215e+16	8.68e-01	1.32e-01	2.94e-09
 2.34503e+16	8.73e-01	1.27e-01	3.04e-09
 2.34788e+16	8.79e-01	1.21e-01	3.14e-09
 2.35067e+16	8.84e-01	1.16e-01	3.25e-09
 2.35341e+16	8.88e-01	1.12e-01	3.36e-09
 2.35613e+16	8.93e-01	1.07e-01	3.47e-09
 2.35883e+16	8.97e-01	1.03e-01	3.58e-09
 2.36150e+16	9.01e-01	9.86e-02	3.71e-09
 2.36412e+16	9.05e-01	9.46e-02	3.85e-09
 2.36670e+16	9.09e-01	9.09e-02	3.97e-09
 2.36926e+16	9.13e-01	8.72e-02	4.12e-09
 2.37178e+16	9.16e-01	8.37e-02	4.28e-09
 2.37429e+16	9.20e-01	8.04e-02	4.44e-09
 2.37680e+16	9.23e-01	7.71e-02	4.61e-09
 2.37927e+16	9.26e-01	7.41e-02	4.79e-09
 2.38170e+16	9.29e-01	7.11e-02	4.97e-09
 2.38410e+16	9.32e-01	6.83e-02	5.18e-09
 2.38648e+16	9.34e-01	6.56e-02	5.42e-09
 2.38884e+16	9.37e-01	6.31e-02	5.63e-09
 2.39118e+16	9.39e-01	6.06e-02	5.89e-09
 2.39348e+16	9.42e-01	5.82e-02	6.17e-09
 2.39578e+16	9.44e-01	5.59e-02	6.47e-09
 2.39809e+16	9.46e-01	5.37e-02	6.79e-09
 2.40036e+16	9.48e-01	5.16e-02	7.15e-09
 2.40259e+16	9.50e-01	4.96e-02	7.53e-09
 2.40480e+16	9.52e-01	4.76e-02	8.00e-09
 2.40700e+16	9.54e-01	4.58e-02	8.46e-09
 2.40917e+16	9.56e-01	4.41e-02	8.96e-09
 2.41132e+16	9.58e-01	4.23e-02	9.57e-09
 2.41349e+16	9.59e-01	4.06e-02	1.03e-08
 2.41566e+16	9.61e-01	3.90e-02	1.11e-08
 2.41777e+16	9.63e-01	3.75e-02	1.20e-08
 2.41983e+16	9.64e-01	3.61e-02	1.30e-08
 2.42190e+16	9.65e-01	3.47e-02	1.42e-08
 2.42397e+16	9.67e-01	3.33e-02	1.56e-08
 2.42601e+16	9.68e-01	3.20e-02	1.73e-08
 2.42802e+16	9.69e-01	3.07e-02	1.93e-08
 2.42996e+16	9.70e-01	2.95e-02	2.18e-08
 2.43177e+16	9.72e-01	2.85e-02	2.45e-08
 2.43338e+16	9.72e-01	2.76e-02	2.74e-08
 2.43486e+16	9.73e-01	2.68e-02	3.08e-08
 2.43623e+16	9.74e-01	2.61e-02	3.46e-08
 2.43747e+16	9.75e-01	2.55e-02	3.87e-08
 2.43862e+16	9.75e-01	2.49e-02	4.34e-08
 2.43970e+16	9.76e-01	2.43e-02	4.87e-08
 2.44069e+16	9.76e-01	2.38e-02	5.46e-08
 2.44161e+16	9.77e-01	2.34e-02	6.10e-08
 2.44247e+16	9.77e-01	2.29e-02	6.82e-08
 2.44329e+16	9.77e-01	2.25e-02	7.64e-08
 2.44406e+16	9.78e-01	2.21e-02	8.56e-08
 2.44478e+16	9.78e-01	2.18e-02	9.57e-08
 2.44545e+16	9.79e-01	2.15e-02	1.07e-07
 2.44609e+16	9.79e-01	2.11e-02	1.20e-07
 2.44669e+16	9.79e-01	2.08e-02	1.34e-07
 2.44726e+16	9.79e-01	2.05e-02	1.50e-07
 2.44779e+16	9.80e-01	2.03e-02	1.67e-07
 2.44831e+16	9.80e-01	2.00e-02	1.87e-07
 2.44880e+16	9.80e-01	1.97e-02	2.08e-07
 2.44927e+16	9.81e-01	1.95e-02	2.32e-07
 2.44972e+16	9.81e-01	1.93e-02	2.59e-07
 2.45016e+16	9.81e-01	1.90e-02	2.89e-07
 2.45058e+16	9.81e-01	1.88e-02	3.22e-07
 2.45099e+16	9.81e-01	1.86e-02	3.59e-07
 2.45140e+16	9.82e-01	1.83e-02	3.99e-07
 2.45179e+16	9.82e-01	1.81e-02	4.43e-07
 2.45219e+16	9.82e-01	1.79e-02	4.94e-07
 2.45257e+16	9.82e-01	1.77e-02	5.48e-07
 2.45296e+16	9.83e-01	1.74e-02	6.06e-07
 2.45336e+16	9.83e-01	1.72e-02	6.70e-07
 2.45378e+16	9.83e-01	1.69e-02	7.40e-07
 2.45421e+16	9.83e-01	1.67e-02	8.15e-07
 2.45469e+16	9.84e-01	1.64e-02	8.95e-07
 2.45519e+16	9.84e-01	1.60e-02	9.75e-07
 2.45568e+16	9.84e-01	1.57e-02	1.04e-06
 2.45613e+16	9.85e-01	1.54e-02	1.10e-06
 2.45653e+16	9.85e-01	1.51e-02	1.14e-06
 2.45690e+16	9.85e-01	1.49e-02	1.17e-06
 2.45723e+16	9.85e-01	1.46e-02	1.19e-06
 2.45754e+16	9.86e-01	1.44e-02	1.21e-06
 2.45781e+16	9.86e-01	1.42e-02	1.22e-06
 2.45806e+16	9.86e-01	1.41e-02	1.24e-06
 2.45829e+16	9.86e-01	1.39e-02	1.25e-06
 2.45854e+16	9.86e-01	1.38e-02	1.26e-06
 2.45881e+16	9.86e-01	1.36e-02	1.27e-06
 2.45905e+16	9.87e-01	1.34e-02	1.29e-06
 2.45928e+16	9.87e-01	1.33e-02	1.30e-06
 2.45952e+16	9.87e-01	1.31e-02	1.31e-06
 2.45979e+16	9.87e-01	1.30e-02	1.32e-06
 2.46003e+16	9.87e-01	1.28e-02	1.33e-06
 2.46025e+16	9.87e-01	1.27e-02	1.35e-06
 2.46049e+16	9.87e-01	1.25e-02	1.36e-06
 2.46074e+16	9.88e-01	1.24e-02	1.38e-06
 2.46098e+16	9.88e-01	1.22e-02	1.39e-06
 2.46124e+16	9.88e-01	1.21e-02	1.40e-06
 2.46157e+16	9.88e-01	1.19e-02	1.41e-06
 2.46194e+16	9.88e-01	1.18e-02	1.43e-06
 2.46227e+16	9.88e-01	1.16e-02	1.45e-06
 2.46257e+16	9.89e-01	1.15e-02	1.47e-06
 2.46290e+16	9.89e-01	1.13e-02	1.48e-06
 2.46325e+16	9.89e-01	1.11e-02	1.50e-06
 2.46357e+16	9.89e-01	1.10e-02	1.52e-06
 2.46387e+16	9.89e-01	1.09e-02	1.54e-06
 2.46419e+16	9.89e-01	1.07e-02	1.56e-06
 2.46454e+16	9.89e-01	1.06e-02	1.59e-06
 2.46485e+16	9.90e-01	1.04e-02	1.61e-06
 2.46514e+16	9.90e-01	1.03e-02	1.63e-06
 2.46546e+16	9.90e-01	1.01e-02	1.66e-06
 2.46580e+16	9.90e-01	9.91e-03	1.69e-06
