#depth	O	O+	O+2	O+3	O+4	O+5	O+6	O+7	O+8	O[1]	O[2]	O[3]
 2.22686e+12	6.91e-07	1.14e-03	2.29e-01	7.36e-01	3.44e-02	9.52e-07	0.00e+00	0.00e+00	0.00e+00	5.13e-07	1.14e-07	6.33e-08
 1.33612e+13	6.89e-07	1.14e-03	2.29e-01	7.36e-01	3.43e-02	9.51e-07	0.00e+00	0.00e+00	0.00e+00	5.12e-07	1.14e-07	6.31e-08
 5.78984e+13	6.90e-07	1.14e-03	2.30e-01	7.35e-01	3.41e-02	9.43e-07	0.00e+00	0.00e+00	0.00e+00	5.12e-07	1.14e-07	6.32e-08
 2.36047e+14	6.97e-07	1.16e-03	2.34e-01	7.32e-01	3.34e-02	9.15e-07	0.00e+00	0.00e+00	0.00e+00	5.17e-07	1.15e-07	6.38e-08
 5.63841e+14	6.81e-07	1.16e-03	2.39e-01	7.28e-01	3.22e-02	8.73e-07	0.00e+00	0.00e+00	0.00e+00	5.06e-07	1.13e-07	6.25e-08
 9.89974e+14	6.83e-07	1.18e-03	2.47e-01	7.22e-01	3.07e-02	8.19e-07	0.00e+00	0.00e+00	0.00e+00	5.07e-07	1.13e-07	6.27e-08
 1.54395e+15	6.95e-07	1.22e-03	2.57e-01	7.13e-01	2.89e-02	7.52e-07	0.00e+00	0.00e+00	0.00e+00	5.16e-07	1.15e-07	6.38e-08
 2.26411e+15	7.20e-07	1.28e-03	2.72e-01	7.00e-01	2.66e-02	6.70e-07	0.00e+00	0.00e+00	0.00e+00	5.34e-07	1.19e-07	6.61e-08
 3.20032e+15	7.65e-07	1.38e-03	2.93e-01	6.82e-01	2.37e-02	5.73e-07	0.00e+00	0.00e+00	0.00e+00	5.68e-07	1.26e-07	7.04e-08
 4.41740e+15	8.47e-07	1.53e-03	3.24e-01	6.54e-01	2.03e-02	4.61e-07	0.00e+00	0.00e+00	0.00e+00	6.29e-07	1.40e-07	7.80e-08
 5.99960e+15	9.95e-07	1.79e-03	3.72e-01	6.10e-01	1.61e-02	3.39e-07	0.00e+00	0.00e+00	0.00e+00	7.40e-07	1.64e-07	9.16e-08
 7.66605e+15	1.17e-06	2.10e-03	4.31e-01	5.55e-01	1.23e-02	2.37e-07	0.00e+00	0.00e+00	0.00e+00	8.74e-07	1.92e-07	1.08e-07
 9.05387e+15	1.39e-06	2.45e-03	4.91e-01	4.98e-01	9.39e-03	1.68e-07	0.00e+00	0.00e+00	0.00e+00	1.03e-06	2.26e-07	1.28e-07
 1.01800e+16	1.62e-06	2.81e-03	5.47e-01	4.43e-01	7.23e-03	0.00e+00	0.00e+00	0.00e+00	0.00e+00	1.21e-06	2.63e-07	1.49e-07
 1.11590e+16	1.88e-06	3.19e-03	6.02e-01	3.89e-01	5.53e-03	0.00e+00	0.00e+00	0.00e+00	0.00e+00	1.41e-06	3.05e-07	1.73e-07
 1.20823e+16	2.19e-06	3.60e-03	6.58e-01	3.34e-01	4.11e-03	0.00e+00	0.00e+00	0.00e+00	0.00e+00	1.64e-06	3.55e-07	2.01e-07
 1.29797e+16	2.56e-06	4.06e-03	7.14e-01	2.79e-01	2.92e-03	0.00e+00	0.00e+00	0.00e+00	0.00e+00	1.91e-06	4.13e-07	2.35e-07
 1.38509e+16	2.96e-06	4.54e-03	7.68e-01	2.26e-01	1.99e-03	0.00e+00	0.00e+00	0.00e+00	0.00e+00	2.21e-06	4.76e-07	2.72e-07
 1.46274e+16	3.35e-06	4.98e-03	8.13e-01	1.80e-01	1.35e-03	0.00e+00	0.00e+00	0.00e+00	0.00e+00	2.50e-06	5.38e-07	3.07e-07
 1.53108e+16	3.71e-06	5.36e-03	8.49e-01	1.44e-01	9.22e-04	0.00e+00	0.00e+00	0.00e+00	0.00e+00	2.78e-06	5.95e-07	3.41e-07
 1.60825e+16	4.19e-06	5.81e-03	8.85e-01	1.08e-01	5.65e-04	0.00e+00	0.00e+00	0.00e+00	0.00e+00	3.13e-06	6.70e-07	3.84e-07
 1.70857e+16	4.80e-06	6.34e-03	9.21e-01	7.22e-02	2.84e-04	0.00e+00	0.00e+00	0.00e+00	0.00e+00	3.59e-06	7.67e-07	4.40e-07
 1.83898e+16	5.58e-06	6.93e-03	9.52e-01	4.08e-02	1.08e-04	0.00e+00	0.00e+00	0.00e+00	0.00e+00	4.18e-06	8.90e-07	5.12e-07
 2.00833e+16	6.50e-06	7.51e-03	9.73e-01	1.91e-02	2.91e-05	0.00e+00	0.00e+00	0.00e+00	0.00e+00	4.87e-06	1.03e-06	5.96e-07
 2.20916e+16	7.55e-06	8.07e-03	9.84e-01	7.89e-03	6.26e-06	0.00e+00	0.00e+00	0.00e+00	0.00e+00	5.66e-06	1.20e-06	6.92e-07
 2.43008e+16	8.75e-06	8.61e-03	9.88e-01	3.17e-03	1.23e-06	0.00e+00	0.00e+00	0.00e+00	0.00e+00	6.56e-06	1.39e-06	8.02e-07
 2.67309e+16	1.02e-05	9.20e-03	9.90e-01	1.25e-03	2.25e-07	0.00e+00	0.00e+00	0.00e+00	0.00e+00	7.67e-06	1.63e-06	9.40e-07
 2.94039e+16	1.22e-05	9.89e-03	9.90e-01	4.96e-04	0.00e+00	0.00e+00	0.00e+00	0.00e+00	0.00e+00	9.14e-06	1.95e-06	1.12e-06
 3.23443e+16	1.49e-05	1.07e-02	9.89e-01	2.05e-04	0.00e+00	0.00e+00	0.00e+00	0.00e+00	0.00e+00	1.11e-05	2.38e-06	1.37e-06
 3.55788e+16	1.87e-05	1.18e-02	9.88e-01	9.70e-05	0.00e+00	0.00e+00	0.00e+00	0.00e+00	0.00e+00	1.40e-05	3.01e-06	1.72e-06
 3.91367e+16	2.44e-05	1.32e-02	9.87e-01	5.72e-05	0.00e+00	0.00e+00	0.00e+00	0.00e+00	0.00e+00	1.82e-05	3.94e-06	2.24e-06
 4.27963e+16	3.26e-05	1.49e-02	9.85e-01	4.22e-05	0.00e+00	0.00e+00	0.00e+00	0.00e+00	0.00e+00	2.43e-05	5.30e-06	3.00e-06
 4.62088e+16	4.37e-05	1.70e-02	9.83e-01	3.56e-05	0.00e+00	0.00e+00	0.00e+00	0.00e+00	0.00e+00	3.25e-05	7.14e-06	4.02e-06
 4.85373e+16	5.43e-05	1.87e-02	9.81e-01	3.23e-05	0.00e+00	0.00e+00	0.00e+00	0.00e+00	0.00e+00	4.04e-05	8.91e-06	5.01e-06
 4.96993e+16	6.09e-05	1.97e-02	9.80e-01	3.09e-05	0.00e+00	0.00e+00	0.00e+00	0.00e+00	0.00e+00	4.53e-05	1.00e-05	5.61e-06
 5.07339e+16	6.73e-05	2.06e-02	9.79e-01	2.98e-05	0.00e+00	0.00e+00	0.00e+00	0.00e+00	0.00e+00	5.00e-05	1.11e-05	6.20e-06
 5.20790e+16	7.68e-05	2.19e-02	9.78e-01	2.86e-05	0.00e+00	0.00e+00	0.00e+00	0.00e+00	0.00e+00	5.71e-05	1.26e-05	7.07e-06
 5.38277e+16	9.16e-05	2.38e-02	9.76e-01	2.69e-05	0.00e+00	0.00e+00	0.00e+00	0.00e+00	0.00e+00	6.81e-05	1.51e-05	8.42e-06
 5.56074e+16	1.11e-04	2.60e-02	9.74e-01	2.53e-05	0.00e+00	0.00e+00	0.00e+00	0.00e+00	0.00e+00	8.25e-05	1.82e-05	1.02e-05
 5.69865e+16	1.30e-04	2.81e-02	9.72e-01	2.38e-05	0.00e+00	0.00e+00	0.00e+00	0.00e+00	0.00e+00	9.64e-05	2.13e-05	1.19e-05
 5.81326e+16	1.48e-04	2.99e-02	9.70e-01	2.27e-05	0.00e+00	0.00e+00	0.00e+00	0.00e+00	0.00e+00	1.10e-04	2.43e-05	1.36e-05
 5.94168e+16	1.72e-04	3.22e-02	9.68e-01	2.15e-05	0.00e+00	0.00e+00	0.00e+00	0.00e+00	0.00e+00	1.28e-04	2.82e-05	1.57e-05
 6.08599e+16	2.05e-04	3.51e-02	9.65e-01	2.02e-05	0.00e+00	0.00e+00	0.00e+00	0.00e+00	0.00e+00	1.52e-04	3.36e-05	1.87e-05
 6.21861e+16	2.43e-04	3.83e-02	9.61e-01	1.88e-05	0.00e+00	0.00e+00	0.00e+00	0.00e+00	0.00e+00	1.80e-04	3.99e-05	2.22e-05
 6.33372e+16	2.83e-04	4.13e-02	9.58e-01	1.78e-05	0.00e+00	0.00e+00	0.00e+00	0.00e+00	0.00e+00	2.10e-04	4.64e-05	2.58e-05
 6.45314e+16	3.32e-04	4.49e-02	9.55e-01	1.66e-05	0.00e+00	0.00e+00	0.00e+00	0.00e+00	0.00e+00	2.47e-04	5.46e-05	3.03e-05
 6.57703e+16	3.95e-04	4.91e-02	9.51e-01	1.54e-05	0.00e+00	0.00e+00	0.00e+00	0.00e+00	0.00e+00	2.94e-04	6.50e-05	3.61e-05
 6.68842e+16	4.65e-04	5.34e-02	9.46e-01	1.44e-05	0.00e+00	0.00e+00	0.00e+00	0.00e+00	0.00e+00	3.46e-04	7.64e-05	4.24e-05
 6.78867e+16	5.41e-04	5.78e-02	9.42e-01	1.34e-05	0.00e+00	0.00e+00	0.00e+00	0.00e+00	0.00e+00	4.03e-04	8.90e-05	4.93e-05
 6.87901e+16	6.24e-04	6.22e-02	9.37e-01	1.25e-05	0.00e+00	0.00e+00	0.00e+00	0.00e+00	0.00e+00	4.64e-04	1.02e-04	5.68e-05
 6.96032e+16	7.11e-04	6.66e-02	9.33e-01	1.17e-05	0.00e+00	0.00e+00	0.00e+00	0.00e+00	0.00e+00	5.29e-04	1.17e-04	6.47e-05
 7.03729e+16	8.07e-04	7.12e-02	9.28e-01	1.10e-05	0.00e+00	0.00e+00	0.00e+00	0.00e+00	0.00e+00	6.01e-04	1.33e-04	7.34e-05
 7.11421e+16	9.20e-04	7.63e-02	9.23e-01	1.03e-05	0.00e+00	0.00e+00	0.00e+00	0.00e+00	0.00e+00	6.85e-04	1.51e-04	8.37e-05
 7.19114e+16	1.05e-03	8.20e-02	9.17e-01	9.60e-06	0.00e+00	0.00e+00	0.00e+00	0.00e+00	0.00e+00	7.84e-04	1.73e-04	9.57e-05
 7.26806e+16	1.21e-03	8.82e-02	9.11e-01	8.92e-06	0.00e+00	0.00e+00	0.00e+00	0.00e+00	0.00e+00	9.00e-04	1.98e-04	1.10e-04
 7.34498e+16	1.40e-03	9.52e-02	9.03e-01	8.25e-06	0.00e+00	0.00e+00	0.00e+00	0.00e+00	0.00e+00	1.04e-03	2.29e-04	1.27e-04
 7.42190e+16	1.62e-03	1.03e-01	8.95e-01	7.58e-06	0.00e+00	0.00e+00	0.00e+00	0.00e+00	0.00e+00	1.21e-03	2.65e-04	1.47e-04
 7.49882e+16	1.89e-03	1.12e-01	8.86e-01	6.94e-06	0.00e+00	0.00e+00	0.00e+00	0.00e+00	0.00e+00	1.41e-03	3.09e-04	1.71e-04
 7.57574e+16	2.22e-03	1.22e-01	8.76e-01	6.31e-06	0.00e+00	0.00e+00	0.00e+00	0.00e+00	0.00e+00	1.65e-03	3.63e-04	2.01e-04
 7.65266e+16	2.63e-03	1.33e-01	8.64e-01	5.69e-06	0.00e+00	0.00e+00	0.00e+00	0.00e+00	0.00e+00	1.96e-03	4.30e-04	2.38e-04
 7.69161e+16	2.92e-03	1.41e-01	8.57e-01	5.37e-06	0.00e+00	0.00e+00	0.00e+00	0.00e+00	0.00e+00	2.17e-03	4.77e-04	2.64e-04
