#depth	H	H+	H2
 2.22686e+12	1.04e-03	9.99e-01	2.36e-14
 1.33612e+13	1.04e-03	9.99e-01	2.36e-14
 5.78984e+13	1.04e-03	9.99e-01	2.36e-14
 2.36047e+14	1.04e-03	9.99e-01	2.38e-14
 5.63841e+14	1.02e-03	9.99e-01	2.38e-14
 9.89974e+14	1.00e-03	9.99e-01	2.38e-14
 1.54395e+15	9.91e-04	9.99e-01	2.41e-14
 2.26411e+15	9.79e-04	9.99e-01	2.46e-14
 3.20032e+15	9.70e-04	9.99e-01	2.53e-14
 4.41740e+15	9.65e-04	9.99e-01	2.66e-14
 5.99960e+15	9.69e-04	9.99e-01	2.85e-14
 7.66605e+15	9.67e-04	9.99e-01	3.05e-14
 9.05387e+15	9.74e-04	9.99e-01	3.24e-14
 1.01800e+16	9.87e-04	9.99e-01	3.43e-14
 1.11590e+16	1.00e-03	9.99e-01	3.64e-14
 1.20823e+16	1.03e-03	9.99e-01	3.88e-14
 1.29797e+16	1.05e-03	9.99e-01	4.16e-14
 1.38509e+16	1.08e-03	9.99e-01	4.46e-14
 1.46274e+16	1.11e-03	9.99e-01	4.76e-14
 1.53108e+16	1.13e-03	9.99e-01	5.05e-14
 1.60825e+16	1.17e-03	9.99e-01	5.42e-14
 1.70857e+16	1.21e-03	9.99e-01	5.94e-14
 1.83898e+16	1.27e-03	9.99e-01	6.61e-14
 2.00833e+16	1.34e-03	9.99e-01	7.43e-14
 2.20916e+16	1.42e-03	9.99e-01	8.34e-14
 2.43008e+16	1.51e-03	9.98e-01	9.31e-14
 2.67309e+16	1.61e-03	9.98e-01	1.04e-13
 2.94039e+16	1.73e-03	9.98e-01	1.18e-13
 3.23443e+16	1.89e-03	9.98e-01	1.34e-13
 3.55788e+16	2.09e-03	9.98e-01	1.56e-13
 3.91367e+16	2.35e-03	9.98e-01	1.84e-13
 4.27963e+16	2.67e-03	9.97e-01	2.21e-13
 4.62088e+16	3.04e-03	9.97e-01	2.65e-13
 4.85373e+16	3.35e-03	9.97e-01	3.04e-13
 4.96993e+16	3.53e-03	9.96e-01	3.27e-13
 5.07339e+16	3.69e-03	9.96e-01	3.47e-13
 5.20790e+16	3.90e-03	9.96e-01	3.74e-13
 5.38277e+16	4.21e-03	9.96e-01	4.13e-13
 5.56074e+16	4.58e-03	9.95e-01	4.63e-13
 5.69865e+16	4.89e-03	9.95e-01	5.07e-13
 5.81326e+16	5.18e-03	9.95e-01	5.47e-13
 5.94168e+16	5.52e-03	9.94e-01	5.95e-13
 6.08599e+16	5.94e-03	9.94e-01	6.56e-13
 6.21861e+16	6.39e-03	9.94e-01	7.26e-13
 6.33372e+16	6.82e-03	9.93e-01	7.93e-13
 6.45314e+16	7.30e-03	9.93e-01	8.69e-13
 6.57703e+16	7.86e-03	9.92e-01	9.60e-13
 6.68842e+16	8.41e-03	9.92e-01	1.05e-12
 6.78867e+16	8.96e-03	9.91e-01	1.15e-12
 6.87901e+16	9.51e-03	9.90e-01	1.24e-12
 6.96032e+16	1.00e-02	9.90e-01	1.34e-12
 7.03729e+16	1.06e-02	9.89e-01	1.44e-12
 7.11421e+16	1.12e-02	9.89e-01	1.55e-12
 7.19114e+16	1.18e-02	9.88e-01	1.68e-12
 7.26806e+16	1.26e-02	9.87e-01	1.82e-12
 7.34498e+16	1.33e-02	9.87e-01	1.97e-12
 7.42190e+16	1.42e-02	9.86e-01	2.15e-12
 7.49882e+16	1.52e-02	9.85e-01	2.35e-12
 7.57574e+16	1.62e-02	9.84e-01	2.58e-12
 7.65266e+16	1.75e-02	9.83e-01	2.84e-12
 7.69161e+16	1.83e-02	9.82e-01	3.01e-12
