#depth	He	He+	He+2
 2.22686e+12	6.58e-05	1.15e-01	8.85e-01
 1.33612e+13	6.57e-05	1.15e-01	8.85e-01
 5.78984e+13	6.59e-05	1.15e-01	8.85e-01
 2.36047e+14	6.68e-05	1.16e-01	8.84e-01
 5.63841e+14	6.71e-05	1.16e-01	8.83e-01
 9.89974e+14	6.85e-05	1.18e-01	8.82e-01
 1.54395e+15	7.09e-05	1.21e-01	8.79e-01
 2.26411e+15	7.48e-05	1.26e-01	8.74e-01
 3.20032e+15	8.11e-05	1.35e-01	8.65e-01
 4.41740e+15	9.15e-05	1.48e-01	8.51e-01
 5.99960e+15	1.10e-04	1.72e-01	8.28e-01
 7.66605e+15	1.35e-04	2.06e-01	7.94e-01
 9.05387e+15	1.66e-04	2.46e-01	7.54e-01
 1.01800e+16	2.00e-04	2.90e-01	7.10e-01
 1.11590e+16	2.39e-04	3.38e-01	6.61e-01
 1.20823e+16	2.85e-04	3.95e-01	6.05e-01
 1.29797e+16	3.40e-04	4.60e-01	5.39e-01
 1.38509e+16	4.03e-04	5.34e-01	4.66e-01
 1.46274e+16	4.65e-04	6.05e-01	3.94e-01
 1.53108e+16	5.21e-04	6.69e-01	3.30e-01
 1.60825e+16	5.89e-04	7.39e-01	2.60e-01
 1.70857e+16	6.70e-04	8.18e-01	1.81e-01
 1.83898e+16	7.57e-04	8.93e-01	1.06e-01
 2.00833e+16	8.35e-04	9.49e-01	5.00e-02
 2.20916e+16	8.98e-04	9.79e-01	2.06e-02
 2.43008e+16	9.50e-04	9.91e-01	8.16e-03
 2.67309e+16	1.00e-03	9.96e-01	3.16e-03
 2.94039e+16	1.05e-03	9.98e-01	1.19e-03
 3.23443e+16	1.12e-03	9.98e-01	4.35e-04
 3.55788e+16	1.19e-03	9.99e-01	1.55e-04
 3.91367e+16	1.28e-03	9.99e-01	5.40e-05
 4.27963e+16	1.38e-03	9.99e-01	2.02e-05
 4.62088e+16	1.49e-03	9.99e-01	8.89e-06
 4.85373e+16	1.57e-03	9.98e-01	5.50e-06
 4.96993e+16	1.62e-03	9.98e-01	4.38e-06
 5.07339e+16	1.66e-03	9.98e-01	3.53e-06
 5.20790e+16	1.72e-03	9.98e-01	2.70e-06
 5.38277e+16	1.80e-03	9.98e-01	1.95e-06
 5.56074e+16	1.89e-03	9.98e-01	1.44e-06
 5.69865e+16	1.96e-03	9.98e-01	1.16e-06
 5.81326e+16	2.03e-03	9.98e-01	9.68e-07
 5.94168e+16	2.12e-03	9.98e-01	7.90e-07
 6.08599e+16	2.22e-03	9.98e-01	6.39e-07
 6.21861e+16	2.33e-03	9.98e-01	5.30e-07
 6.33372e+16	2.43e-03	9.98e-01	4.52e-07
 6.45314e+16	2.54e-03	9.97e-01	3.83e-07
 6.57703e+16	2.67e-03	9.97e-01	3.26e-07
 6.68842e+16	2.79e-03	9.97e-01	2.83e-07
 6.78867e+16	2.92e-03	9.97e-01	2.49e-07
 6.87901e+16	3.05e-03	9.97e-01	2.23e-07
 6.96032e+16	3.17e-03	9.97e-01	2.02e-07
 7.03729e+16	3.29e-03	9.97e-01	1.84e-07
 7.11421e+16	3.43e-03	9.97e-01	1.67e-07
 7.19114e+16	3.58e-03	9.96e-01	1.52e-07
 7.26806e+16	3.74e-03	9.96e-01	1.39e-07
 7.34498e+16	3.91e-03	9.96e-01	1.27e-07
 7.42190e+16	4.10e-03	9.96e-01	1.16e-07
 7.49882e+16	4.31e-03	9.96e-01	1.06e-07
 7.57574e+16	4.54e-03	9.95e-01	9.73e-08
 7.65266e+16	4.80e-03	9.95e-01	8.91e-08
 7.69161e+16	4.93e-03	9.95e-01	8.65e-08
