#depth	O	O+	O+2	O+3	O+4	O+5	O+6	O+7	O+8	O[1]	O[2]	O[3]
 2.88645e+11	6.36e-06	6.86e-03	5.78e-01	4.14e-01	9.39e-04	0.00e+00	0.00e+00	0.00e+00	0.00e+00	4.94e-06	9.29e-07	4.90e-07
 1.73187e+12	6.34e-06	6.86e-03	5.78e-01	4.14e-01	9.38e-04	0.00e+00	0.00e+00	0.00e+00	0.00e+00	4.93e-06	9.27e-07	4.89e-07
 7.50478e+12	6.35e-06	6.87e-03	5.79e-01	4.13e-01	9.31e-04	0.00e+00	0.00e+00	0.00e+00	0.00e+00	4.93e-06	9.28e-07	4.90e-07
 3.05964e+13	6.38e-06	6.91e-03	5.83e-01	4.09e-01	9.09e-04	0.00e+00	0.00e+00	0.00e+00	0.00e+00	4.96e-06	9.35e-07	4.94e-07
 7.30850e+13	6.37e-06	6.96e-03	5.90e-01	4.02e-01	8.72e-04	0.00e+00	0.00e+00	0.00e+00	0.00e+00	4.94e-06	9.35e-07	4.95e-07
 1.28320e+14	6.38e-06	7.03e-03	5.99e-01	3.94e-01	8.28e-04	0.00e+00	0.00e+00	0.00e+00	0.00e+00	4.95e-06	9.38e-07	4.97e-07
 2.00126e+14	6.41e-06	7.12e-03	6.10e-01	3.82e-01	7.74e-04	0.00e+00	0.00e+00	0.00e+00	0.00e+00	4.97e-06	9.42e-07	5.00e-07
 2.93473e+14	6.45e-06	7.25e-03	6.24e-01	3.68e-01	7.09e-04	0.00e+00	0.00e+00	0.00e+00	0.00e+00	5.00e-06	9.48e-07	5.03e-07
 4.14825e+14	6.51e-06	7.41e-03	6.43e-01	3.49e-01	6.31e-04	0.00e+00	0.00e+00	0.00e+00	0.00e+00	5.05e-06	9.57e-07	5.09e-07
 5.72582e+14	6.60e-06	7.61e-03	6.68e-01	3.24e-01	5.42e-04	0.00e+00	0.00e+00	0.00e+00	0.00e+00	5.11e-06	9.71e-07	5.16e-07
 7.77666e+14	6.73e-06	7.88e-03	7.00e-01	2.92e-01	4.40e-04	0.00e+00	0.00e+00	0.00e+00	0.00e+00	5.21e-06	9.91e-07	5.27e-07
 1.04428e+15	6.90e-06	8.22e-03	7.40e-01	2.52e-01	3.32e-04	0.00e+00	0.00e+00	0.00e+00	0.00e+00	5.34e-06	1.02e-06	5.42e-07
 1.39087e+15	7.14e-06	8.67e-03	7.88e-01	2.03e-01	2.24e-04	0.00e+00	0.00e+00	0.00e+00	0.00e+00	5.52e-06	1.06e-06	5.63e-07
 1.84144e+15	7.48e-06	9.22e-03	8.45e-01	1.46e-01	1.26e-04	0.00e+00	0.00e+00	0.00e+00	0.00e+00	5.77e-06	1.11e-06	5.94e-07
 2.42718e+15	7.97e-06	9.88e-03	9.01e-01	8.90e-02	5.44e-05	0.00e+00	0.00e+00	0.00e+00	0.00e+00	6.14e-06	1.19e-06	6.36e-07
 3.18864e+15	8.62e-06	1.06e-02	9.47e-01	4.26e-02	1.60e-05	0.00e+00	0.00e+00	0.00e+00	0.00e+00	6.64e-06	1.29e-06	6.90e-07
 4.17855e+15	9.47e-06	1.14e-02	9.73e-01	1.52e-02	2.90e-06	0.00e+00	0.00e+00	0.00e+00	0.00e+00	7.30e-06	1.41e-06	7.56e-07
 5.23968e+15	1.02e-05	1.21e-02	9.83e-01	4.96e-03	4.60e-07	0.00e+00	0.00e+00	0.00e+00	0.00e+00	7.89e-06	1.52e-06	8.12e-07
 6.19926e+15	1.09e-05	1.27e-02	9.85e-01	1.89e-03	0.00e+00	0.00e+00	0.00e+00	0.00e+00	0.00e+00	8.44e-06	1.62e-06	8.65e-07
 7.25256e+15	1.19e-05	1.33e-02	9.86e-01	6.87e-04	0.00e+00	0.00e+00	0.00e+00	0.00e+00	0.00e+00	9.18e-06	1.76e-06	9.40e-07
 8.24030e+15	1.26e-05	1.39e-02	9.86e-01	2.86e-04	0.00e+00	0.00e+00	0.00e+00	0.00e+00	0.00e+00	9.76e-06	1.87e-06	9.97e-07
 9.06433e+15	1.34e-05	1.45e-02	9.85e-01	1.41e-04	0.00e+00	0.00e+00	0.00e+00	0.00e+00	0.00e+00	1.04e-05	1.98e-06	1.06e-06
 9.97076e+15	1.43e-05	1.50e-02	9.85e-01	6.77e-05	0.00e+00	0.00e+00	0.00e+00	0.00e+00	0.00e+00	1.11e-05	2.12e-06	1.13e-06
 1.09678e+16	1.54e-05	1.57e-02	9.84e-01	3.16e-05	0.00e+00	0.00e+00	0.00e+00	0.00e+00	0.00e+00	1.19e-05	2.29e-06	1.22e-06
 1.20646e+16	1.67e-05	1.64e-02	9.84e-01	1.45e-05	0.00e+00	0.00e+00	0.00e+00	0.00e+00	0.00e+00	1.29e-05	2.48e-06	1.33e-06
 1.32711e+16	1.82e-05	1.71e-02	9.83e-01	6.57e-06	0.00e+00	0.00e+00	0.00e+00	0.00e+00	0.00e+00	1.40e-05	2.71e-06	1.45e-06
 1.45982e+16	1.99e-05	1.80e-02	9.82e-01	3.00e-06	0.00e+00	0.00e+00	0.00e+00	0.00e+00	0.00e+00	1.53e-05	2.99e-06	1.60e-06
 1.60580e+16	2.21e-05	1.89e-02	9.81e-01	1.40e-06	0.00e+00	0.00e+00	0.00e+00	0.00e+00	0.00e+00	1.70e-05	3.33e-06	1.79e-06
 1.75622e+16	2.45e-05	1.99e-02	9.80e-01	7.15e-07	0.00e+00	0.00e+00	0.00e+00	0.00e+00	0.00e+00	1.88e-05	3.73e-06	2.01e-06
 1.89715e+16	2.72e-05	2.09e-02	9.79e-01	4.22e-07	0.00e+00	0.00e+00	0.00e+00	0.00e+00	0.00e+00	2.08e-05	4.15e-06	2.24e-06
 2.02611e+16	2.99e-05	2.17e-02	9.78e-01	2.83e-07	0.00e+00	0.00e+00	0.00e+00	0.00e+00	0.00e+00	2.28e-05	4.60e-06	2.49e-06
 2.14660e+16	3.28e-05	2.26e-02	9.77e-01	2.08e-07	0.00e+00	0.00e+00	0.00e+00	0.00e+00	0.00e+00	2.50e-05	5.07e-06	2.75e-06
 2.26149e+16	3.58e-05	2.35e-02	9.77e-01	1.64e-07	0.00e+00	0.00e+00	0.00e+00	0.00e+00	0.00e+00	2.72e-05	5.58e-06	3.03e-06
 2.37266e+16	3.92e-05	2.43e-02	9.76e-01	1.37e-07	0.00e+00	0.00e+00	0.00e+00	0.00e+00	0.00e+00	2.97e-05	6.14e-06	3.34e-06
 2.48092e+16	4.28e-05	2.52e-02	9.75e-01	0.00e+00	0.00e+00	0.00e+00	0.00e+00	0.00e+00	0.00e+00	3.24e-05	6.76e-06	3.68e-06
 2.58686e+16	4.68e-05	2.61e-02	9.74e-01	0.00e+00	0.00e+00	0.00e+00	0.00e+00	0.00e+00	0.00e+00	3.53e-05	7.45e-06	4.05e-06
 2.69085e+16	5.11e-05	2.69e-02	9.73e-01	0.00e+00	0.00e+00	0.00e+00	0.00e+00	0.00e+00	0.00e+00	3.85e-05	8.17e-06	4.46e-06
 2.79331e+16	5.59e-05	2.78e-02	9.72e-01	0.00e+00	0.00e+00	0.00e+00	0.00e+00	0.00e+00	0.00e+00	4.20e-05	8.98e-06	4.91e-06
 2.89435e+16	6.12e-05	2.88e-02	9.71e-01	0.00e+00	0.00e+00	0.00e+00	0.00e+00	0.00e+00	0.00e+00	4.59e-05	9.88e-06	5.41e-06
 2.99368e+16	6.71e-05	2.98e-02	9.70e-01	0.00e+00	0.00e+00	0.00e+00	0.00e+00	0.00e+00	0.00e+00	5.03e-05	1.09e-05	5.97e-06
 3.09109e+16	7.37e-05	3.08e-02	9.69e-01	0.00e+00	0.00e+00	0.00e+00	0.00e+00	0.00e+00	0.00e+00	5.51e-05	1.20e-05	6.60e-06
 3.18661e+16	8.09e-05	3.19e-02	9.68e-01	0.00e+00	0.00e+00	0.00e+00	0.00e+00	0.00e+00	0.00e+00	6.04e-05	1.33e-05	7.30e-06
 3.28013e+16	8.90e-05	3.31e-02	9.67e-01	0.00e+00	0.00e+00	0.00e+00	0.00e+00	0.00e+00	0.00e+00	6.62e-05	1.47e-05	8.08e-06
 3.37136e+16	9.79e-05	3.43e-02	9.66e-01	0.00e+00	0.00e+00	0.00e+00	0.00e+00	0.00e+00	0.00e+00	7.27e-05	1.62e-05	8.95e-06
 3.46027e+16	1.08e-04	3.56e-02	9.64e-01	0.00e+00	0.00e+00	0.00e+00	0.00e+00	0.00e+00	0.00e+00	7.98e-05	1.80e-05	9.91e-06
 3.54689e+16	1.18e-04	3.70e-02	9.63e-01	0.00e+00	0.00e+00	0.00e+00	0.00e+00	0.00e+00	0.00e+00	8.76e-05	1.99e-05	1.10e-05
 3.63116e+16	1.30e-04	3.85e-02	9.61e-01	0.00e+00	0.00e+00	0.00e+00	0.00e+00	0.00e+00	0.00e+00	9.62e-05	2.20e-05	1.21e-05
 3.71302e+16	1.43e-04	4.00e-02	9.60e-01	0.00e+00	0.00e+00	0.00e+00	0.00e+00	0.00e+00	0.00e+00	1.06e-04	2.43e-05	1.34e-05
 3.79253e+16	1.57e-04	4.16e-02	9.58e-01	0.00e+00	0.00e+00	0.00e+00	0.00e+00	0.00e+00	0.00e+00	1.16e-04	2.69e-05	1.48e-05
 3.86983e+16	1.73e-04	4.33e-02	9.57e-01	0.00e+00	0.00e+00	0.00e+00	0.00e+00	0.00e+00	0.00e+00	1.27e-04	2.97e-05	1.63e-05
 3.94503e+16	1.90e-04	4.51e-02	9.55e-01	0.00e+00	0.00e+00	0.00e+00	0.00e+00	0.00e+00	0.00e+00	1.39e-04	3.28e-05	1.80e-05
 4.01832e+16	2.09e-04	4.70e-02	9.53e-01	0.00e+00	0.00e+00	0.00e+00	0.00e+00	0.00e+00	0.00e+00	1.53e-04	3.62e-05	1.97e-05
 4.08999e+16	2.29e-04	4.91e-02	9.51e-01	0.00e+00	0.00e+00	0.00e+00	0.00e+00	0.00e+00	0.00e+00	1.67e-04	4.00e-05	2.17e-05
 4.16038e+16	2.52e-04	5.13e-02	9.48e-01	0.00e+00	0.00e+00	0.00e+00	0.00e+00	0.00e+00	0.00e+00	1.84e-04	4.41e-05	2.38e-05
 4.22987e+16	2.77e-04	5.36e-02	9.46e-01	0.00e+00	0.00e+00	0.00e+00	0.00e+00	0.00e+00	0.00e+00	2.02e-04	4.88e-05	2.62e-05
 4.29891e+16	3.06e-04	5.62e-02	9.44e-01	0.00e+00	0.00e+00	0.00e+00	0.00e+00	0.00e+00	0.00e+00	2.22e-04	5.41e-05	2.90e-05
 4.36444e+16	3.37e-04	5.89e-02	9.41e-01	0.00e+00	0.00e+00	0.00e+00	0.00e+00	0.00e+00	0.00e+00	2.45e-04	6.00e-05	3.20e-05
 4.42345e+16	3.70e-04	6.16e-02	9.38e-01	0.00e+00	0.00e+00	0.00e+00	0.00e+00	0.00e+00	0.00e+00	2.69e-04	6.61e-05	3.51e-05
 4.47657e+16	4.03e-04	6.43e-02	9.35e-01	0.00e+00	0.00e+00	0.00e+00	0.00e+00	0.00e+00	0.00e+00	2.92e-04	7.23e-05	3.82e-05
 4.52650e+16	4.37e-04	6.69e-02	9.33e-01	0.00e+00	0.00e+00	0.00e+00	0.00e+00	0.00e+00	0.00e+00	3.17e-04	7.85e-05	4.14e-05
 4.57605e+16	4.75e-04	6.97e-02	9.30e-01	0.00e+00	0.00e+00	0.00e+00	0.00e+00	0.00e+00	0.00e+00	3.45e-04	8.53e-05	4.49e-05
 4.62559e+16	5.19e-04	7.29e-02	9.27e-01	0.00e+00	0.00e+00	0.00e+00	0.00e+00	0.00e+00	0.00e+00	3.77e-04	9.32e-05	4.91e-05
 4.67514e+16	5.69e-04	7.62e-02	9.23e-01	0.00e+00	0.00e+00	0.00e+00	0.00e+00	0.00e+00	0.00e+00	4.13e-04	1.02e-04	5.37e-05
 4.72469e+16	6.26e-04	8.00e-02	9.19e-01	0.00e+00	0.00e+00	0.00e+00	0.00e+00	0.00e+00	0.00e+00	4.54e-04	1.12e-04	5.90e-05
 4.77423e+16	6.91e-04	8.40e-02	9.15e-01	0.00e+00	0.00e+00	0.00e+00	0.00e+00	0.00e+00	0.00e+00	5.02e-04	1.24e-04	6.52e-05
 4.82378e+16	7.68e-04	8.85e-02	9.11e-01	0.00e+00	0.00e+00	0.00e+00	0.00e+00	0.00e+00	0.00e+00	5.58e-04	1.38e-04	7.24e-05
 4.87332e+16	8.58e-04	9.35e-02	9.06e-01	0.00e+00	0.00e+00	0.00e+00	0.00e+00	0.00e+00	0.00e+00	6.23e-04	1.54e-04	8.08e-05
 4.92287e+16	9.68e-04	9.91e-02	9.00e-01	0.00e+00	0.00e+00	0.00e+00	0.00e+00	0.00e+00	0.00e+00	7.03e-04	1.74e-04	9.11e-05
 4.95113e+16	1.06e-03	1.03e-01	8.96e-01	0.00e+00	0.00e+00	0.00e+00	0.00e+00	0.00e+00	0.00e+00	7.70e-04	1.90e-04	9.98e-05
