#depth	H	H+	H2
 2.62900e+11	1.64e-03	9.98e-01	7.35e-13
 1.57740e+12	1.64e-03	9.98e-01	7.44e-13
 6.83540e+12	1.64e-03	9.98e-01	7.51e-13
 2.78674e+13	1.64e-03	9.98e-01	7.57e-13
 6.65662e+13	1.63e-03	9.98e-01	7.70e-13
 1.16875e+14	1.62e-03	9.98e-01	7.87e-13
 1.82276e+14	1.61e-03	9.98e-01	8.07e-13
 2.67297e+14	1.60e-03	9.98e-01	8.34e-13
 3.77825e+14	1.59e-03	9.98e-01	8.63e-13
 5.21511e+14	1.58e-03	9.98e-01	8.97e-13
 7.08303e+14	1.58e-03	9.98e-01	9.42e-13
 9.51133e+14	1.57e-03	9.98e-01	9.96e-13
 1.26681e+15	1.56e-03	9.98e-01	1.06e-12
 1.67719e+15	1.56e-03	9.98e-01	1.14e-12
 2.21069e+15	1.56e-03	9.98e-01	1.21e-12
 2.90424e+15	1.57e-03	9.98e-01	1.29e-12
 3.80584e+15	1.59e-03	9.98e-01	1.34e-12
 4.78336e+15	1.60e-03	9.98e-01	1.38e-12
 5.85955e+15	1.63e-03	9.98e-01	1.32e-12
 7.20558e+15	1.69e-03	9.98e-01	1.20e-12
 8.34050e+15	1.73e-03	9.98e-01	1.15e-12
 9.06885e+15	1.77e-03	9.98e-01	1.07e-12
 9.83058e+15	1.83e-03	9.98e-01	9.65e-13
 1.06885e+16	1.90e-03	9.98e-01	8.68e-13
 1.14884e+16	1.98e-03	9.98e-01	7.90e-13
 1.22001e+16	2.06e-03	9.98e-01	7.25e-13
 1.28735e+16	2.14e-03	9.98e-01	6.68e-13
 1.36421e+16	2.25e-03	9.98e-01	6.00e-13
 1.44357e+16	2.39e-03	9.98e-01	5.63e-13
 1.50817e+16	2.51e-03	9.97e-01	5.41e-13
 1.56450e+16	2.63e-03	9.97e-01	5.23e-13
 1.62809e+16	2.78e-03	9.97e-01	5.01e-13
 1.69814e+16	2.97e-03	9.97e-01	4.94e-13
 1.76105e+16	3.17e-03	9.97e-01	4.98e-13
 1.81592e+16	3.37e-03	9.97e-01	5.05e-13
 1.87344e+16	3.60e-03	9.96e-01	5.10e-13
 1.93470e+16	3.88e-03	9.96e-01	5.28e-13
 1.99001e+16	4.19e-03	9.96e-01	5.54e-13
 2.03893e+16	4.49e-03	9.96e-01	5.80e-13
 2.08884e+16	4.83e-03	9.95e-01	6.07e-13
 2.14185e+16	5.26e-03	9.95e-01	6.45e-13
 2.19308e+16	5.76e-03	9.94e-01	6.93e-13
 2.24060e+16	6.30e-03	9.94e-01	7.45e-13
 2.28521e+16	6.91e-03	9.93e-01	8.07e-13
 2.32832e+16	7.61e-03	9.92e-01	8.76e-13
 2.37025e+16	8.41e-03	9.92e-01	9.54e-13
 2.41046e+16	9.37e-03	9.91e-01	1.05e-12
 2.44832e+16	1.05e-02	9.90e-01	1.17e-12
 2.48376e+16	1.18e-02	9.88e-01	1.30e-12
 2.51728e+16	1.33e-02	9.87e-01	1.46e-12
 2.54940e+16	1.51e-02	9.85e-01	1.66e-12
 2.58030e+16	1.73e-02	9.83e-01	1.90e-12
 2.60986e+16	2.02e-02	9.80e-01	2.22e-12
 2.63773e+16	2.37e-02	9.76e-01	2.61e-12
 2.66388e+16	2.81e-02	9.72e-01	3.12e-12
 2.68817e+16	3.39e-02	9.66e-01	3.79e-12
 2.70990e+16	4.12e-02	9.59e-01	4.65e-12
 2.72588e+16	4.90e-02	9.51e-01	5.60e-12
 2.73577e+16	5.52e-02	9.45e-01	6.38e-12
 2.74511e+16	6.19e-02	9.38e-01	7.22e-12
 2.75724e+16	7.30e-02	9.27e-01	8.64e-12
 2.76873e+16	8.79e-02	9.12e-01	1.06e-11
 2.77626e+16	1.01e-01	8.99e-01	1.24e-11
 2.78165e+16	1.12e-01	8.88e-01	1.40e-11
 2.78744e+16	1.26e-01	8.74e-01	1.61e-11
 2.79384e+16	1.46e-01	8.54e-01	1.91e-11
 2.79949e+16	1.68e-01	8.32e-01	2.27e-11
 2.80402e+16	1.89e-01	8.11e-01	2.65e-11
 2.80792e+16	2.12e-01	7.88e-01	3.06e-11
 2.81224e+16	2.39e-01	7.61e-01	3.60e-11
 2.81681e+16	2.75e-01	7.25e-01	4.37e-11
 2.82053e+16	3.10e-01	6.90e-01	5.21e-11
 2.82342e+16	3.41e-01	6.59e-01	6.04e-11
 2.82598e+16	3.70e-01	6.30e-01	6.88e-11
 2.82830e+16	3.99e-01	6.01e-01	7.84e-11
 2.83036e+16	4.26e-01	5.74e-01	8.75e-11
 2.83220e+16	4.51e-01	5.49e-01	9.78e-11
 2.83386e+16	4.74e-01	5.26e-01	1.07e-10
 2.83543e+16	4.97e-01	5.03e-01	1.18e-10
 2.83689e+16	5.18e-01	4.82e-01	1.29e-10
 2.83830e+16	5.39e-01	4.61e-01	1.41e-10
 2.83941e+16	5.55e-01	4.45e-01	1.50e-10
 2.84017e+16	5.66e-01	4.34e-01	1.57e-10
 2.84089e+16	5.77e-01	4.23e-01	1.63e-10
 2.84173e+16	5.89e-01	4.11e-01	1.73e-10
 2.84265e+16	6.03e-01	3.97e-01	1.83e-10
 2.84352e+16	6.15e-01	3.85e-01	1.92e-10
 2.84434e+16	6.27e-01	3.73e-01	2.03e-10
 2.84518e+16	6.39e-01	3.61e-01	2.13e-10
 2.84602e+16	6.51e-01	3.49e-01	2.24e-10
 2.84688e+16	6.63e-01	3.37e-01	2.36e-10
 2.84772e+16	6.74e-01	3.26e-01	2.48e-10
 2.84856e+16	6.85e-01	3.15e-01	2.62e-10
 2.84941e+16	6.96e-01	3.04e-01	2.74e-10
 2.85026e+16	7.06e-01	2.94e-01	2.89e-10
 2.85113e+16	7.17e-01	2.83e-01	3.04e-10
 2.85198e+16	7.27e-01	2.73e-01	3.19e-10
 2.85283e+16	7.37e-01	2.63e-01	3.35e-10
 2.85370e+16	7.47e-01	2.53e-01	3.53e-10
 2.85458e+16	7.56e-01	2.44e-01	3.69e-10
 2.85546e+16	7.66e-01	2.34e-01	3.89e-10
 2.85636e+16	7.75e-01	2.25e-01	4.09e-10
 2.85725e+16	7.83e-01	2.17e-01	4.29e-10
 2.85814e+16	7.92e-01	2.08e-01	4.50e-10
 2.85906e+16	8.00e-01	2.00e-01	4.75e-10
 2.85998e+16	8.08e-01	1.92e-01	4.95e-10
 2.86092e+16	8.16e-01	1.84e-01	5.21e-10
 2.86187e+16	8.24e-01	1.76e-01	5.50e-10
 2.86282e+16	8.31e-01	1.69e-01	5.75e-10
 2.86376e+16	8.38e-01	1.62e-01	6.07e-10
 2.86472e+16	8.44e-01	1.56e-01	6.32e-10
 2.86570e+16	8.50e-01	1.50e-01	6.66e-10
 2.86669e+16	8.57e-01	1.43e-01	7.02e-10
 2.86768e+16	8.63e-01	1.37e-01	7.40e-10
 2.86869e+16	8.68e-01	1.32e-01	7.71e-10
 2.86970e+16	8.74e-01	1.26e-01	8.12e-10
 2.87070e+16	8.79e-01	1.21e-01	8.57e-10
 2.87170e+16	8.84e-01	1.16e-01	9.02e-10
 2.87273e+16	8.89e-01	1.11e-01	9.43e-10
 2.87376e+16	8.93e-01	1.07e-01	9.96e-10
 2.87479e+16	8.98e-01	1.02e-01	1.05e-09
 2.87581e+16	9.02e-01	9.83e-02	1.10e-09
 2.87686e+16	9.06e-01	9.44e-02	1.15e-09
 2.87791e+16	9.09e-01	9.06e-02	1.21e-09
 2.87897e+16	9.13e-01	8.69e-02	1.28e-09
 2.88003e+16	9.17e-01	8.35e-02	1.35e-09
 2.88108e+16	9.20e-01	8.01e-02	1.42e-09
 2.88213e+16	9.23e-01	7.70e-02	1.50e-09
 2.88320e+16	9.26e-01	7.41e-02	1.57e-09
 2.88429e+16	9.29e-01	7.11e-02	1.66e-09
 2.88538e+16	9.32e-01	6.82e-02	1.76e-09
 2.88645e+16	9.34e-01	6.55e-02	1.87e-09
 2.88754e+16	9.37e-01	6.31e-02	1.95e-09
 2.88865e+16	9.39e-01	6.06e-02	2.07e-09
 2.88974e+16	9.42e-01	5.82e-02	2.20e-09
 2.89082e+16	9.44e-01	5.59e-02	2.34e-09
 2.89194e+16	9.46e-01	5.38e-02	2.46e-09
 2.89308e+16	9.48e-01	5.17e-02	2.62e-09
 2.89418e+16	9.50e-01	4.97e-02	2.80e-09
 2.89525e+16	9.52e-01	4.78e-02	2.98e-09
 2.89637e+16	9.54e-01	4.61e-02	3.13e-09
 2.89752e+16	9.56e-01	4.42e-02	3.36e-09
 2.89864e+16	9.57e-01	4.25e-02	3.60e-09
 2.89973e+16	9.59e-01	4.09e-02	3.85e-09
 2.90082e+16	9.61e-01	3.94e-02	4.15e-09
 2.90195e+16	9.62e-01	3.78e-02	4.47e-09
 2.90311e+16	9.64e-01	3.62e-02	4.83e-09
 2.90428e+16	9.65e-01	3.49e-02	5.20e-09
 2.90536e+16	9.66e-01	3.36e-02	5.60e-09
 2.90639e+16	9.68e-01	3.24e-02	6.06e-09
 2.90749e+16	9.69e-01	3.11e-02	6.60e-09
 2.90863e+16	9.70e-01	2.98e-02	7.28e-09
 2.90975e+16	9.71e-01	2.86e-02	8.00e-09
 2.91081e+16	9.72e-01	2.76e-02	8.76e-09
 2.91186e+16	9.73e-01	2.65e-02	9.66e-09
 2.91293e+16	9.75e-01	2.55e-02	1.07e-08
 2.91399e+16	9.76e-01	2.45e-02	1.20e-08
 2.91503e+16	9.77e-01	2.35e-02	1.34e-08
 2.91604e+16	9.77e-01	2.26e-02	1.49e-08
 2.91700e+16	9.78e-01	2.17e-02	1.66e-08
 2.91795e+16	9.79e-01	2.09e-02	1.85e-08
 2.91888e+16	9.80e-01	2.01e-02	2.06e-08
 2.91978e+16	9.81e-01	1.93e-02	2.28e-08
 2.92068e+16	9.81e-01	1.86e-02	2.53e-08
 2.92158e+16	9.82e-01	1.78e-02	2.78e-08
 2.92244e+16	9.83e-01	1.71e-02	3.03e-08
 2.92320e+16	9.84e-01	1.65e-02	3.23e-08
 2.92387e+16	9.84e-01	1.60e-02	3.39e-08
 2.92447e+16	9.85e-01	1.55e-02	3.52e-08
 2.92504e+16	9.85e-01	1.50e-02	3.63e-08
 2.92557e+16	9.85e-01	1.46e-02	3.72e-08
 2.92607e+16	9.86e-01	1.43e-02	3.79e-08
 2.92653e+16	9.86e-01	1.39e-02	3.86e-08
 2.92697e+16	9.86e-01	1.36e-02	3.91e-08
 2.92739e+16	9.87e-01	1.32e-02	3.97e-08
 2.92777e+16	9.87e-01	1.29e-02	4.03e-08
 2.92812e+16	9.87e-01	1.27e-02	4.08e-08
 2.92844e+16	9.88e-01	1.24e-02	4.12e-08
 2.92873e+16	9.88e-01	1.22e-02	4.17e-08
 2.92899e+16	9.88e-01	1.20e-02	4.21e-08
 2.92923e+16	9.88e-01	1.18e-02	4.26e-08
 2.92945e+16	9.88e-01	1.17e-02	4.30e-08
 2.92969e+16	9.88e-01	1.15e-02	4.34e-08
 2.93000e+16	9.89e-01	1.13e-02	4.42e-08
 2.93034e+16	9.89e-01	1.10e-02	4.49e-08
 2.93064e+16	9.89e-01	1.08e-02	4.56e-08
 2.93092e+16	9.89e-01	1.06e-02	4.64e-08
 2.93117e+16	9.90e-01	1.04e-02	4.71e-08
 2.93140e+16	9.90e-01	1.03e-02	4.78e-08
 2.93161e+16	9.90e-01	1.01e-02	4.84e-08
 2.93184e+16	9.90e-01	9.96e-03	4.90e-08
