#depth	O	O+	O+2	O+3	O+4	O+5	O+6	O+7	O+8	O[1]	O[2]	O[3]
 2.62900e+11	2.38e-05	2.73e-02	9.70e-01	2.41e-03	0.00e+00	0.00e+00	0.00e+00	0.00e+00	0.00e+00	1.69e-05	4.75e-06	2.17e-06
 1.57740e+12	2.38e-05	2.74e-02	9.70e-01	2.40e-03	0.00e+00	0.00e+00	0.00e+00	0.00e+00	0.00e+00	1.69e-05	4.75e-06	2.16e-06
 6.83540e+12	2.38e-05	2.74e-02	9.70e-01	2.37e-03	0.00e+00	0.00e+00	0.00e+00	0.00e+00	0.00e+00	1.69e-05	4.75e-06	2.17e-06
 2.78674e+13	2.39e-05	2.75e-02	9.70e-01	2.22e-03	0.00e+00	0.00e+00	0.00e+00	0.00e+00	0.00e+00	1.70e-05	4.78e-06	2.18e-06
 6.65662e+13	2.39e-05	2.76e-02	9.70e-01	2.02e-03	0.00e+00	0.00e+00	0.00e+00	0.00e+00	0.00e+00	1.69e-05	4.79e-06	2.19e-06
 1.16875e+14	2.39e-05	2.77e-02	9.70e-01	1.79e-03	0.00e+00	0.00e+00	0.00e+00	0.00e+00	0.00e+00	1.69e-05	4.80e-06	2.21e-06
 1.82276e+14	2.40e-05	2.79e-02	9.71e-01	1.52e-03	0.00e+00	0.00e+00	0.00e+00	0.00e+00	0.00e+00	1.70e-05	4.82e-06	2.22e-06
 2.67297e+14	2.42e-05	2.82e-02	9.71e-01	1.22e-03	0.00e+00	0.00e+00	0.00e+00	0.00e+00	0.00e+00	1.71e-05	4.86e-06	2.24e-06
 3.77825e+14	2.45e-05	2.85e-02	9.71e-01	9.25e-04	0.00e+00	0.00e+00	0.00e+00	0.00e+00	0.00e+00	1.73e-05	4.91e-06	2.26e-06
 5.21511e+14	2.48e-05	2.89e-02	9.70e-01	6.43e-04	0.00e+00	0.00e+00	0.00e+00	0.00e+00	0.00e+00	1.75e-05	4.97e-06	2.29e-06
 7.08303e+14	2.53e-05	2.95e-02	9.70e-01	4.01e-04	0.00e+00	0.00e+00	0.00e+00	0.00e+00	0.00e+00	1.79e-05	5.07e-06	2.33e-06
 9.51133e+14	2.60e-05	3.03e-02	9.70e-01	2.19e-04	0.00e+00	0.00e+00	0.00e+00	0.00e+00	0.00e+00	1.84e-05	5.21e-06	2.40e-06
 1.26681e+15	2.71e-05	3.13e-02	9.69e-01	1.00e-04	0.00e+00	0.00e+00	0.00e+00	0.00e+00	0.00e+00	1.92e-05	5.42e-06	2.50e-06
 1.67719e+15	2.87e-05	3.27e-02	9.67e-01	3.71e-05	0.00e+00	0.00e+00	0.00e+00	0.00e+00	0.00e+00	2.03e-05	5.72e-06	2.64e-06
 2.21069e+15	3.10e-05	3.48e-02	9.65e-01	1.06e-05	0.00e+00	0.00e+00	0.00e+00	0.00e+00	0.00e+00	2.19e-05	6.17e-06	2.85e-06
 2.90424e+15	3.43e-05	3.76e-02	9.62e-01	2.25e-06	0.00e+00	0.00e+00	0.00e+00	0.00e+00	0.00e+00	2.43e-05	6.84e-06	3.16e-06
 3.80584e+15	3.95e-05	4.17e-02	9.58e-01	3.49e-07	0.00e+00	0.00e+00	0.00e+00	0.00e+00	0.00e+00	2.80e-05	7.88e-06	3.64e-06
 4.78912e+15	4.57e-05	4.66e-02	9.53e-01	0.00e+00	0.00e+00	0.00e+00	0.00e+00	0.00e+00	0.00e+00	3.24e-05	9.10e-06	4.20e-06
 5.87857e+15	5.49e-05	5.29e-02	9.47e-01	0.00e+00	0.00e+00	0.00e+00	0.00e+00	0.00e+00	0.00e+00	3.89e-05	1.10e-05	5.07e-06
 7.23210e+15	6.95e-05	6.20e-02	9.38e-01	0.00e+00	0.00e+00	0.00e+00	0.00e+00	0.00e+00	0.00e+00	4.91e-05	1.39e-05	6.44e-06
 8.36834e+15	8.40e-05	7.10e-02	9.29e-01	0.00e+00	0.00e+00	0.00e+00	0.00e+00	0.00e+00	0.00e+00	5.93e-05	1.68e-05	7.80e-06
 9.10418e+15	9.65e-05	7.79e-02	9.22e-01	0.00e+00	0.00e+00	0.00e+00	0.00e+00	0.00e+00	0.00e+00	6.82e-05	1.94e-05	8.99e-06
 9.88006e+15	1.13e-04	8.62e-02	9.14e-01	0.00e+00	0.00e+00	0.00e+00	0.00e+00	0.00e+00	0.00e+00	8.00e-05	2.28e-05	1.06e-05
 1.07448e+16	1.36e-04	9.66e-02	9.03e-01	0.00e+00	0.00e+00	0.00e+00	0.00e+00	0.00e+00	0.00e+00	9.56e-05	2.74e-05	1.27e-05
 1.15412e+16	1.61e-04	1.07e-01	8.92e-01	0.00e+00	0.00e+00	0.00e+00	0.00e+00	0.00e+00	0.00e+00	1.13e-04	3.27e-05	1.52e-05
 1.22506e+16	1.90e-04	1.19e-01	8.81e-01	0.00e+00	0.00e+00	0.00e+00	0.00e+00	0.00e+00	0.00e+00	1.33e-04	3.85e-05	1.79e-05
 1.29249e+16	2.23e-04	1.31e-01	8.69e-01	0.00e+00	0.00e+00	0.00e+00	0.00e+00	0.00e+00	0.00e+00	1.56e-04	4.54e-05	2.11e-05
 1.36958e+16	2.69e-04	1.46e-01	8.53e-01	0.00e+00	0.00e+00	0.00e+00	0.00e+00	0.00e+00	0.00e+00	1.89e-04	5.51e-05	2.56e-05
 1.44905e+16	3.30e-04	1.64e-01	8.35e-01	0.00e+00	0.00e+00	0.00e+00	0.00e+00	0.00e+00	0.00e+00	2.30e-04	6.77e-05	3.14e-05
 1.51357e+16	3.91e-04	1.81e-01	8.18e-01	0.00e+00	0.00e+00	0.00e+00	0.00e+00	0.00e+00	0.00e+00	2.73e-04	8.07e-05	3.74e-05
 1.56982e+16	4.57e-04	1.98e-01	8.02e-01	0.00e+00	0.00e+00	0.00e+00	0.00e+00	0.00e+00	0.00e+00	3.19e-04	9.44e-05	4.38e-05
 1.63337e+16	5.43e-04	2.18e-01	7.82e-01	0.00e+00	0.00e+00	0.00e+00	0.00e+00	0.00e+00	0.00e+00	3.78e-04	1.13e-04	5.23e-05
 1.70339e+16	6.61e-04	2.42e-01	7.57e-01	0.00e+00	0.00e+00	0.00e+00	0.00e+00	0.00e+00	0.00e+00	4.59e-04	1.38e-04	6.39e-05
 1.76624e+16	7.94e-04	2.66e-01	7.33e-01	0.00e+00	0.00e+00	0.00e+00	0.00e+00	0.00e+00	0.00e+00	5.51e-04	1.66e-04	7.71e-05
 1.82098e+16	9.37e-04	2.90e-01	7.09e-01	0.00e+00	0.00e+00	0.00e+00	0.00e+00	0.00e+00	0.00e+00	6.50e-04	1.96e-04	9.13e-05
 1.87880e+16	1.12e-03	3.18e-01	6.81e-01	0.00e+00	0.00e+00	0.00e+00	0.00e+00	0.00e+00	0.00e+00	7.73e-04	2.35e-04	1.09e-04
 1.94060e+16	1.36e-03	3.50e-01	6.49e-01	0.00e+00	0.00e+00	0.00e+00	0.00e+00	0.00e+00	0.00e+00	9.37e-04	2.86e-04	1.33e-04
 1.99599e+16	1.63e-03	3.82e-01	6.17e-01	0.00e+00	0.00e+00	0.00e+00	0.00e+00	0.00e+00	0.00e+00	1.12e-03	3.44e-04	1.60e-04
 2.04464e+16	1.91e-03	4.12e-01	5.86e-01	0.00e+00	0.00e+00	0.00e+00	0.00e+00	0.00e+00	0.00e+00	1.32e-03	4.06e-04	1.89e-04
 2.09459e+16	2.26e-03	4.45e-01	5.52e-01	0.00e+00	0.00e+00	0.00e+00	0.00e+00	0.00e+00	0.00e+00	1.55e-03	4.81e-04	2.24e-04
 2.14806e+16	2.72e-03	4.83e-01	5.14e-01	0.00e+00	0.00e+00	0.00e+00	0.00e+00	0.00e+00	0.00e+00	1.86e-03	5.81e-04	2.71e-04
 2.19964e+16	3.27e-03	5.23e-01	4.74e-01	0.00e+00	0.00e+00	0.00e+00	0.00e+00	0.00e+00	0.00e+00	2.24e-03	7.02e-04	3.27e-04
 2.24712e+16	3.89e-03	5.61e-01	4.36e-01	0.00e+00	0.00e+00	0.00e+00	0.00e+00	0.00e+00	0.00e+00	2.66e-03	8.40e-04	3.91e-04
 2.29143e+16	4.61e-03	5.98e-01	3.98e-01	0.00e+00	0.00e+00	0.00e+00	0.00e+00	0.00e+00	0.00e+00	3.15e-03	9.98e-04	4.64e-04
 2.33436e+16	5.45e-03	6.35e-01	3.60e-01	0.00e+00	0.00e+00	0.00e+00	0.00e+00	0.00e+00	0.00e+00	3.72e-03	1.19e-03	5.51e-04
 2.37637e+16	6.47e-03	6.72e-01	3.22e-01	0.00e+00	0.00e+00	0.00e+00	0.00e+00	0.00e+00	0.00e+00	4.40e-03	1.41e-03	6.53e-04
 2.41660e+16	7.69e-03	7.08e-01	2.84e-01	0.00e+00	0.00e+00	0.00e+00	0.00e+00	0.00e+00	0.00e+00	5.23e-03	1.68e-03	7.76e-04
 2.45426e+16	9.11e-03	7.42e-01	2.49e-01	0.00e+00	0.00e+00	0.00e+00	0.00e+00	0.00e+00	0.00e+00	6.19e-03	2.00e-03	9.19e-04
 2.48944e+16	1.08e-02	7.73e-01	2.16e-01	0.00e+00	0.00e+00	0.00e+00	0.00e+00	0.00e+00	0.00e+00	7.31e-03	2.37e-03	1.09e-03
 2.52280e+16	1.27e-02	8.02e-01	1.85e-01	0.00e+00	0.00e+00	0.00e+00	0.00e+00	0.00e+00	0.00e+00	8.64e-03	2.80e-03	1.28e-03
 2.55489e+16	1.51e-02	8.29e-01	1.56e-01	0.00e+00	0.00e+00	0.00e+00	0.00e+00	0.00e+00	0.00e+00	1.03e-02	3.34e-03	1.52e-03
 2.58572e+16	1.81e-02	8.52e-01	1.30e-01	0.00e+00	0.00e+00	0.00e+00	0.00e+00	0.00e+00	0.00e+00	1.22e-02	3.99e-03	1.82e-03
 2.61509e+16	2.17e-02	8.73e-01	1.05e-01	0.00e+00	0.00e+00	0.00e+00	0.00e+00	0.00e+00	0.00e+00	1.47e-02	4.80e-03	2.19e-03
 2.64284e+16	2.63e-02	8.90e-01	8.41e-02	0.00e+00	0.00e+00	0.00e+00	0.00e+00	0.00e+00	0.00e+00	1.78e-02	5.82e-03	2.64e-03
 2.66908e+16	3.21e-02	9.03e-01	6.54e-02	0.00e+00	0.00e+00	0.00e+00	0.00e+00	0.00e+00	0.00e+00	2.17e-02	7.11e-03	3.23e-03
 2.69336e+16	3.95e-02	9.11e-01	4.97e-02	0.00e+00	0.00e+00	0.00e+00	0.00e+00	0.00e+00	0.00e+00	2.68e-02	8.76e-03	3.98e-03
 2.71480e+16	4.89e-02	9.14e-01	3.72e-02	0.00e+00	0.00e+00	0.00e+00	0.00e+00	0.00e+00	0.00e+00	3.31e-02	1.08e-02	4.92e-03
 2.73039e+16	5.86e-02	9.12e-01	2.89e-02	0.00e+00	0.00e+00	0.00e+00	0.00e+00	0.00e+00	0.00e+00	3.98e-02	1.30e-02	5.89e-03
 2.74000e+16	6.64e-02	9.09e-01	2.42e-02	0.00e+00	0.00e+00	0.00e+00	0.00e+00	0.00e+00	0.00e+00	4.51e-02	1.47e-02	6.67e-03
 2.74912e+16	7.47e-02	9.05e-01	2.02e-02	0.00e+00	0.00e+00	0.00e+00	0.00e+00	0.00e+00	0.00e+00	5.07e-02	1.65e-02	7.50e-03
 2.76097e+16	8.84e-02	8.96e-01	1.56e-02	0.00e+00	0.00e+00	0.00e+00	0.00e+00	0.00e+00	0.00e+00	6.01e-02	1.94e-02	8.86e-03
 2.77222e+16	1.07e-01	8.82e-01	1.17e-02	0.00e+00	0.00e+00	0.00e+00	0.00e+00	0.00e+00	0.00e+00	7.26e-02	2.33e-02	1.07e-02
 2.77962e+16	1.22e-01	8.68e-01	9.37e-03	0.00e+00	0.00e+00	0.00e+00	0.00e+00	0.00e+00	0.00e+00	8.34e-02	2.67e-02	1.22e-02
 2.78495e+16	1.36e-01	8.56e-01	7.87e-03	0.00e+00	0.00e+00	0.00e+00	0.00e+00	0.00e+00	0.00e+00	9.29e-02	2.96e-02	1.36e-02
 2.79066e+16	1.53e-01	8.40e-01	6.43e-03	0.00e+00	0.00e+00	0.00e+00	0.00e+00	0.00e+00	0.00e+00	1.05e-01	3.31e-02	1.53e-02
 2.79697e+16	1.76e-01	8.19e-01	5.04e-03	0.00e+00	0.00e+00	0.00e+00	0.00e+00	0.00e+00	0.00e+00	1.21e-01	3.78e-02	1.75e-02
 2.80253e+16	2.02e-01	7.94e-01	3.95e-03	0.00e+00	0.00e+00	0.00e+00	0.00e+00	0.00e+00	0.00e+00	1.39e-01	4.31e-02	2.00e-02
 2.80701e+16	2.27e-01	7.69e-01	3.17e-03	0.00e+00	0.00e+00	0.00e+00	0.00e+00	0.00e+00	0.00e+00	1.57e-01	4.81e-02	2.25e-02
 2.81085e+16	2.53e-01	7.45e-01	2.58e-03	0.00e+00	0.00e+00	0.00e+00	0.00e+00	0.00e+00	0.00e+00	1.75e-01	5.30e-02	2.49e-02
 2.81509e+16	2.84e-01	7.14e-01	2.03e-03	0.00e+00	0.00e+00	0.00e+00	0.00e+00	0.00e+00	0.00e+00	1.97e-01	5.88e-02	2.79e-02
 2.81960e+16	3.24e-01	6.75e-01	1.53e-03	0.00e+00	0.00e+00	0.00e+00	0.00e+00	0.00e+00	0.00e+00	2.26e-01	6.60e-02	3.16e-02
 2.82328e+16	3.62e-01	6.37e-01	1.19e-03	0.00e+00	0.00e+00	0.00e+00	0.00e+00	0.00e+00	0.00e+00	2.54e-01	7.26e-02	3.52e-02
 2.82612e+16	3.96e-01	6.03e-01	9.59e-04	0.00e+00	0.00e+00	0.00e+00	0.00e+00	0.00e+00	0.00e+00	2.79e-01	7.81e-02	3.82e-02
 2.82858e+16	4.25e-01	5.74e-01	7.93e-04	0.00e+00	0.00e+00	0.00e+00	0.00e+00	0.00e+00	0.00e+00	3.02e-01	8.28e-02	4.09e-02
 2.83082e+16	4.55e-01	5.44e-01	6.59e-04	0.00e+00	0.00e+00	0.00e+00	0.00e+00	0.00e+00	0.00e+00	3.25e-01	8.72e-02	4.35e-02
 2.83284e+16	4.82e-01	5.17e-01	5.56e-04	0.00e+00	0.00e+00	0.00e+00	0.00e+00	0.00e+00	0.00e+00	3.45e-01	9.10e-02	4.57e-02
 2.83466e+16	5.08e-01	4.92e-01	4.74e-04	0.00e+00	0.00e+00	0.00e+00	0.00e+00	0.00e+00	0.00e+00	3.66e-01	9.43e-02	4.79e-02
 2.83629e+16	5.31e-01	4.69e-01	4.09e-04	0.00e+00	0.00e+00	0.00e+00	0.00e+00	0.00e+00	0.00e+00	3.84e-01	9.72e-02	4.97e-02
 2.83782e+16	5.53e-01	4.46e-01	3.55e-04	0.00e+00	0.00e+00	0.00e+00	0.00e+00	0.00e+00	0.00e+00	4.02e-01	9.97e-02	5.15e-02
 2.83928e+16	5.75e-01	4.25e-01	3.09e-04	0.00e+00	0.00e+00	0.00e+00	0.00e+00	0.00e+00	0.00e+00	4.20e-01	1.02e-01	5.31e-02
 2.84068e+16	5.95e-01	4.04e-01	2.69e-04	0.00e+00	0.00e+00	0.00e+00	0.00e+00	0.00e+00	0.00e+00	4.37e-01	1.04e-01	5.46e-02
 2.84178e+16	6.11e-01	3.89e-01	2.43e-04	0.00e+00	0.00e+00	0.00e+00	0.00e+00	0.00e+00	0.00e+00	4.50e-01	1.05e-01	5.57e-02
 2.84253e+16	6.22e-01	3.78e-01	2.26e-04	0.00e+00	0.00e+00	0.00e+00	0.00e+00	0.00e+00	0.00e+00	4.59e-01	1.06e-01	5.64e-02
 2.84325e+16	6.32e-01	3.68e-01	2.10e-04	0.00e+00	0.00e+00	0.00e+00	0.00e+00	0.00e+00	0.00e+00	4.68e-01	1.07e-01	5.70e-02
 2.84408e+16	6.44e-01	3.56e-01	1.93e-04	0.00e+00	0.00e+00	0.00e+00	0.00e+00	0.00e+00	0.00e+00	4.78e-01	1.08e-01	5.78e-02
 2.84497e+16	6.56e-01	3.44e-01	1.76e-04	0.00e+00	0.00e+00	0.00e+00	0.00e+00	0.00e+00	0.00e+00	4.89e-01	1.09e-01	5.86e-02
 2.84584e+16	6.68e-01	3.32e-01	1.61e-04	0.00e+00	0.00e+00	0.00e+00	0.00e+00	0.00e+00	0.00e+00	4.99e-01	1.09e-01	5.93e-02
 2.84667e+16	6.79e-01	3.21e-01	1.48e-04	0.00e+00	0.00e+00	0.00e+00	0.00e+00	0.00e+00	0.00e+00	5.09e-01	1.10e-01	5.99e-02
 2.84751e+16	6.90e-01	3.09e-01	1.36e-04	0.00e+00	0.00e+00	0.00e+00	0.00e+00	0.00e+00	0.00e+00	5.20e-01	1.10e-01	6.05e-02
 2.84834e+16	7.01e-01	2.99e-01	1.25e-04	0.00e+00	0.00e+00	0.00e+00	0.00e+00	0.00e+00	0.00e+00	5.29e-01	1.11e-01	6.10e-02
 2.84918e+16	7.12e-01	2.88e-01	1.14e-04	0.00e+00	0.00e+00	0.00e+00	0.00e+00	0.00e+00	0.00e+00	5.39e-01	1.11e-01	6.16e-02
 2.85002e+16	7.22e-01	2.78e-01	1.05e-04	0.00e+00	0.00e+00	0.00e+00	0.00e+00	0.00e+00	0.00e+00	5.49e-01	1.11e-01	6.20e-02
 2.85086e+16	7.32e-01	2.68e-01	9.58e-05	0.00e+00	0.00e+00	0.00e+00	0.00e+00	0.00e+00	0.00e+00	5.59e-01	1.11e-01	6.25e-02
 2.85171e+16	7.43e-01	2.57e-01	8.76e-05	0.00e+00	0.00e+00	0.00e+00	0.00e+00	0.00e+00	0.00e+00	5.68e-01	1.11e-01	6.28e-02
 2.85255e+16	7.52e-01	2.48e-01	8.02e-05	0.00e+00	0.00e+00	0.00e+00	0.00e+00	0.00e+00	0.00e+00	5.78e-01	1.11e-01	6.32e-02
 2.85339e+16	7.61e-01	2.39e-01	7.34e-05	0.00e+00	0.00e+00	0.00e+00	0.00e+00	0.00e+00	0.00e+00	5.86e-01	1.11e-01	6.35e-02
 2.85424e+16	7.71e-01	2.29e-01	6.70e-05	0.00e+00	0.00e+00	0.00e+00	0.00e+00	0.00e+00	0.00e+00	5.96e-01	1.11e-01	6.37e-02
 2.85511e+16	7.80e-01	2.20e-01	6.11e-05	0.00e+00	0.00e+00	0.00e+00	0.00e+00	0.00e+00	0.00e+00	6.05e-01	1.11e-01	6.39e-02
 2.85597e+16	7.88e-01	2.12e-01	5.59e-05	0.00e+00	0.00e+00	0.00e+00	0.00e+00	0.00e+00	0.00e+00	6.13e-01	1.11e-01	6.41e-02
 2.85683e+16	7.97e-01	2.03e-01	5.09e-05	0.00e+00	0.00e+00	0.00e+00	0.00e+00	0.00e+00	0.00e+00	6.22e-01	1.10e-01	6.42e-02
 2.85770e+16	8.05e-01	1.95e-01	4.65e-05	0.00e+00	0.00e+00	0.00e+00	0.00e+00	0.00e+00	0.00e+00	6.30e-01	1.10e-01	6.43e-02
 2.85859e+16	8.13e-01	1.87e-01	4.23e-05	0.00e+00	0.00e+00	0.00e+00	0.00e+00	0.00e+00	0.00e+00	6.39e-01	1.09e-01	6.44e-02
 2.85949e+16	8.21e-01	1.79e-01	3.84e-05	0.00e+00	0.00e+00	0.00e+00	0.00e+00	0.00e+00	0.00e+00	6.47e-01	1.09e-01	6.44e-02
 2.86038e+16	8.28e-01	1.72e-01	3.50e-05	0.00e+00	0.00e+00	0.00e+00	0.00e+00	0.00e+00	0.00e+00	6.55e-01	1.08e-01	6.44e-02
 2.86127e+16	8.35e-01	1.65e-01	3.18e-05	0.00e+00	0.00e+00	0.00e+00	0.00e+00	0.00e+00	0.00e+00	6.63e-01	1.08e-01	6.44e-02
 2.86218e+16	8.42e-01	1.58e-01	2.90e-05	0.00e+00	0.00e+00	0.00e+00	0.00e+00	0.00e+00	0.00e+00	6.70e-01	1.07e-01	6.43e-02
 2.86312e+16	8.48e-01	1.52e-01	2.62e-05	0.00e+00	0.00e+00	0.00e+00	0.00e+00	0.00e+00	0.00e+00	6.78e-01	1.06e-01	6.42e-02
 2.86407e+16	8.55e-01	1.45e-01	2.37e-05	0.00e+00	0.00e+00	0.00e+00	0.00e+00	0.00e+00	0.00e+00	6.85e-01	1.06e-01	6.40e-02
 2.86500e+16	8.61e-01	1.39e-01	2.16e-05	0.00e+00	0.00e+00	0.00e+00	0.00e+00	0.00e+00	0.00e+00	6.92e-01	1.05e-01	6.39e-02
 2.86593e+16	8.67e-01	1.33e-01	1.96e-05	0.00e+00	0.00e+00	0.00e+00	0.00e+00	0.00e+00	0.00e+00	6.99e-01	1.04e-01	6.37e-02
 2.86688e+16	8.72e-01	1.28e-01	1.77e-05	0.00e+00	0.00e+00	0.00e+00	0.00e+00	0.00e+00	0.00e+00	7.06e-01	1.03e-01	6.35e-02
 2.86785e+16	8.78e-01	1.22e-01	1.60e-05	0.00e+00	0.00e+00	0.00e+00	0.00e+00	0.00e+00	0.00e+00	7.12e-01	1.03e-01	6.33e-02
 2.86884e+16	8.83e-01	1.17e-01	1.45e-05	0.00e+00	0.00e+00	0.00e+00	0.00e+00	0.00e+00	0.00e+00	7.18e-01	1.02e-01	6.30e-02
 2.86981e+16	8.88e-01	1.12e-01	1.31e-05	0.00e+00	0.00e+00	0.00e+00	0.00e+00	0.00e+00	0.00e+00	7.24e-01	1.01e-01	6.28e-02
 2.87081e+16	8.93e-01	1.07e-01	1.19e-05	0.00e+00	0.00e+00	0.00e+00	0.00e+00	0.00e+00	0.00e+00	7.30e-01	1.00e-01	6.25e-02
 2.87180e+16	8.97e-01	1.03e-01	1.07e-05	0.00e+00	0.00e+00	0.00e+00	0.00e+00	0.00e+00	0.00e+00	7.36e-01	9.94e-02	6.22e-02
 2.87280e+16	9.02e-01	9.81e-02	9.69e-06	0.00e+00	0.00e+00	0.00e+00	0.00e+00	0.00e+00	0.00e+00	7.41e-01	9.86e-02	6.19e-02
 2.87380e+16	9.06e-01	9.40e-02	8.76e-06	0.00e+00	0.00e+00	0.00e+00	0.00e+00	0.00e+00	0.00e+00	7.47e-01	9.78e-02	6.15e-02
 2.87482e+16	9.10e-01	9.01e-02	7.91e-06	0.00e+00	0.00e+00	0.00e+00	0.00e+00	0.00e+00	0.00e+00	7.52e-01	9.70e-02	6.12e-02
 2.87584e+16	9.14e-01	8.63e-02	7.15e-06	0.00e+00	0.00e+00	0.00e+00	0.00e+00	0.00e+00	0.00e+00	7.57e-01	9.62e-02	6.08e-02
 2.87685e+16	9.17e-01	8.27e-02	6.46e-06	0.00e+00	0.00e+00	0.00e+00	0.00e+00	0.00e+00	0.00e+00	7.61e-01	9.54e-02	6.04e-02
 2.87788e+16	9.21e-01	7.93e-02	5.83e-06	0.00e+00	0.00e+00	0.00e+00	0.00e+00	0.00e+00	0.00e+00	7.66e-01	9.47e-02	6.01e-02
 2.87892e+16	9.24e-01	7.61e-02	5.27e-06	0.00e+00	0.00e+00	0.00e+00	0.00e+00	0.00e+00	0.00e+00	7.70e-01	9.39e-02	5.97e-02
 2.87997e+16	9.27e-01	7.29e-02	4.75e-06	0.00e+00	0.00e+00	0.00e+00	0.00e+00	0.00e+00	0.00e+00	7.75e-01	9.32e-02	5.94e-02
 2.88102e+16	9.30e-01	6.99e-02	4.29e-06	0.00e+00	0.00e+00	0.00e+00	0.00e+00	0.00e+00	0.00e+00	7.79e-01	9.25e-02	5.90e-02
 2.88207e+16	9.33e-01	6.71e-02	3.87e-06	0.00e+00	0.00e+00	0.00e+00	0.00e+00	0.00e+00	0.00e+00	7.83e-01	9.18e-02	5.86e-02
 2.88312e+16	9.36e-01	6.43e-02	3.49e-06	0.00e+00	0.00e+00	0.00e+00	0.00e+00	0.00e+00	0.00e+00	7.86e-01	9.10e-02	5.83e-02
 2.88416e+16	9.38e-01	6.18e-02	3.16e-06	0.00e+00	0.00e+00	0.00e+00	0.00e+00	0.00e+00	0.00e+00	7.90e-01	9.04e-02	5.79e-02
 2.88522e+16	9.41e-01	5.94e-02	2.85e-06	0.00e+00	0.00e+00	0.00e+00	0.00e+00	0.00e+00	0.00e+00	7.93e-01	8.98e-02	5.76e-02
 2.88631e+16	9.43e-01	5.69e-02	2.57e-06	0.00e+00	0.00e+00	0.00e+00	0.00e+00	0.00e+00	0.00e+00	7.97e-01	8.91e-02	5.73e-02
 2.88740e+16	9.45e-01	5.46e-02	2.31e-06	0.00e+00	0.00e+00	0.00e+00	0.00e+00	0.00e+00	0.00e+00	8.00e-01	8.85e-02	5.69e-02
 2.88847e+16	9.48e-01	5.24e-02	2.09e-06	0.00e+00	0.00e+00	0.00e+00	0.00e+00	0.00e+00	0.00e+00	8.03e-01	8.78e-02	5.66e-02
 2.88955e+16	9.50e-01	5.04e-02	1.88e-06	0.00e+00	0.00e+00	0.00e+00	0.00e+00	0.00e+00	0.00e+00	8.06e-01	8.72e-02	5.62e-02
 2.89063e+16	9.52e-01	4.84e-02	1.70e-06	0.00e+00	0.00e+00	0.00e+00	0.00e+00	0.00e+00	0.00e+00	8.09e-01	8.67e-02	5.60e-02
 2.89175e+16	9.54e-01	4.65e-02	1.53e-06	0.00e+00	0.00e+00	0.00e+00	0.00e+00	0.00e+00	0.00e+00	8.12e-01	8.61e-02	5.56e-02
 2.89286e+16	9.55e-01	4.46e-02	1.38e-06	0.00e+00	0.00e+00	0.00e+00	0.00e+00	0.00e+00	0.00e+00	8.15e-01	8.55e-02	5.53e-02
 2.89394e+16	9.57e-01	4.28e-02	1.24e-06	0.00e+00	0.00e+00	0.00e+00	0.00e+00	0.00e+00	0.00e+00	8.17e-01	8.50e-02	5.50e-02
 2.89504e+16	9.59e-01	4.12e-02	1.12e-06	0.00e+00	0.00e+00	0.00e+00	0.00e+00	0.00e+00	0.00e+00	8.19e-01	8.45e-02	5.47e-02
 2.89617e+16	9.60e-01	3.96e-02	1.01e-06	0.00e+00	0.00e+00	0.00e+00	0.00e+00	0.00e+00	0.00e+00	8.22e-01	8.40e-02	5.45e-02
 2.89727e+16	9.62e-01	3.80e-02	9.10e-07	0.00e+00	0.00e+00	0.00e+00	0.00e+00	0.00e+00	0.00e+00	8.24e-01	8.35e-02	5.42e-02
 2.89836e+16	9.64e-01	3.65e-02	8.21e-07	0.00e+00	0.00e+00	0.00e+00	0.00e+00	0.00e+00	0.00e+00	8.27e-01	8.30e-02	5.39e-02
 2.89949e+16	9.65e-01	3.51e-02	7.40e-07	0.00e+00	0.00e+00	0.00e+00	0.00e+00	0.00e+00	0.00e+00	8.29e-01	8.26e-02	5.36e-02
 2.90065e+16	9.66e-01	3.37e-02	6.64e-07	0.00e+00	0.00e+00	0.00e+00	0.00e+00	0.00e+00	0.00e+00	8.31e-01	8.21e-02	5.34e-02
 2.90176e+16	9.68e-01	3.24e-02	5.99e-07	0.00e+00	0.00e+00	0.00e+00	0.00e+00	0.00e+00	0.00e+00	8.33e-01	8.17e-02	5.31e-02
 2.90282e+16	9.69e-01	3.11e-02	5.43e-07	0.00e+00	0.00e+00	0.00e+00	0.00e+00	0.00e+00	0.00e+00	8.35e-01	8.12e-02	5.28e-02
 2.90395e+16	9.70e-01	2.99e-02	4.89e-07	0.00e+00	0.00e+00	0.00e+00	0.00e+00	0.00e+00	0.00e+00	8.37e-01	8.08e-02	5.26e-02
 2.90514e+16	9.71e-01	2.87e-02	4.38e-07	0.00e+00	0.00e+00	0.00e+00	0.00e+00	0.00e+00	0.00e+00	8.39e-01	8.04e-02	5.24e-02
 2.90627e+16	9.72e-01	2.76e-02	3.95e-07	0.00e+00	0.00e+00	0.00e+00	0.00e+00	0.00e+00	0.00e+00	8.40e-01	8.00e-02	5.21e-02
 2.90731e+16	9.73e-01	2.66e-02	3.59e-07	0.00e+00	0.00e+00	0.00e+00	0.00e+00	0.00e+00	0.00e+00	8.42e-01	7.97e-02	5.19e-02
 2.90838e+16	9.74e-01	2.56e-02	3.25e-07	0.00e+00	0.00e+00	0.00e+00	0.00e+00	0.00e+00	0.00e+00	8.43e-01	7.93e-02	5.17e-02
 2.90951e+16	9.75e-01	2.46e-02	2.93e-07	0.00e+00	0.00e+00	0.00e+00	0.00e+00	0.00e+00	0.00e+00	8.45e-01	7.89e-02	5.15e-02
 2.91065e+16	9.76e-01	2.35e-02	2.64e-07	0.00e+00	0.00e+00	0.00e+00	0.00e+00	0.00e+00	0.00e+00	8.47e-01	7.86e-02	5.12e-02
 2.91176e+16	9.77e-01	2.26e-02	2.38e-07	0.00e+00	0.00e+00	0.00e+00	0.00e+00	0.00e+00	0.00e+00	8.48e-01	7.82e-02	5.10e-02
 2.91282e+16	9.78e-01	2.17e-02	2.16e-07	0.00e+00	0.00e+00	0.00e+00	0.00e+00	0.00e+00	0.00e+00	8.50e-01	7.79e-02	5.08e-02
 2.91388e+16	9.79e-01	2.09e-02	1.96e-07	0.00e+00	0.00e+00	0.00e+00	0.00e+00	0.00e+00	0.00e+00	8.51e-01	7.75e-02	5.06e-02
 2.91495e+16	9.80e-01	2.00e-02	1.78e-07	0.00e+00	0.00e+00	0.00e+00	0.00e+00	0.00e+00	0.00e+00	8.52e-01	7.72e-02	5.04e-02
 2.91602e+16	9.81e-01	1.92e-02	1.61e-07	0.00e+00	0.00e+00	0.00e+00	0.00e+00	0.00e+00	0.00e+00	8.54e-01	7.69e-02	5.02e-02
 2.91706e+16	9.82e-01	1.84e-02	1.46e-07	0.00e+00	0.00e+00	0.00e+00	0.00e+00	0.00e+00	0.00e+00	8.55e-01	7.65e-02	4.99e-02
 2.91807e+16	9.82e-01	1.77e-02	1.33e-07	0.00e+00	0.00e+00	0.00e+00	0.00e+00	0.00e+00	0.00e+00	8.56e-01	7.62e-02	4.97e-02
 2.91905e+16	9.83e-01	1.70e-02	1.22e-07	0.00e+00	0.00e+00	0.00e+00	0.00e+00	0.00e+00	0.00e+00	8.58e-01	7.59e-02	4.95e-02
 2.92000e+16	9.84e-01	1.63e-02	1.12e-07	0.00e+00	0.00e+00	0.00e+00	0.00e+00	0.00e+00	0.00e+00	8.59e-01	7.56e-02	4.93e-02
 2.92093e+16	9.84e-01	1.57e-02	1.03e-07	0.00e+00	0.00e+00	0.00e+00	0.00e+00	0.00e+00	0.00e+00	8.60e-01	7.52e-02	4.91e-02
 2.92183e+16	9.85e-01	1.51e-02	9.43e-08	0.00e+00	0.00e+00	0.00e+00	0.00e+00	0.00e+00	0.00e+00	8.61e-01	7.49e-02	4.89e-02
 2.92273e+16	9.86e-01	1.45e-02	8.68e-08	0.00e+00	0.00e+00	0.00e+00	0.00e+00	0.00e+00	0.00e+00	8.62e-01	7.46e-02	4.87e-02
 2.92364e+16	9.86e-01	1.38e-02	7.97e-08	0.00e+00	0.00e+00	0.00e+00	0.00e+00	0.00e+00	0.00e+00	8.64e-01	7.42e-02	4.84e-02
 2.92452e+16	9.87e-01	1.33e-02	7.35e-08	0.00e+00	0.00e+00	0.00e+00	0.00e+00	0.00e+00	0.00e+00	8.65e-01	7.39e-02	4.82e-02
 2.92528e+16	9.87e-01	1.28e-02	6.85e-08	0.00e+00	0.00e+00	0.00e+00	0.00e+00	0.00e+00	0.00e+00	8.66e-01	7.36e-02	4.79e-02
 2.92595e+16	9.88e-01	1.23e-02	6.45e-08	0.00e+00	0.00e+00	0.00e+00	0.00e+00	0.00e+00	0.00e+00	8.67e-01	7.33e-02	4.77e-02
 2.92656e+16	9.88e-01	1.19e-02	6.09e-08	0.00e+00	0.00e+00	0.00e+00	0.00e+00	0.00e+00	0.00e+00	8.67e-01	7.30e-02	4.75e-02
 2.92714e+16	9.88e-01	1.16e-02	5.78e-08	0.00e+00	0.00e+00	0.00e+00	0.00e+00	0.00e+00	0.00e+00	8.68e-01	7.28e-02	4.73e-02
 2.92768e+16	9.89e-01	1.12e-02	5.49e-08	0.00e+00	0.00e+00	0.00e+00	0.00e+00	0.00e+00	0.00e+00	8.69e-01	7.25e-02	4.71e-02
 2.92819e+16	9.89e-01	1.09e-02	5.24e-08	0.00e+00	0.00e+00	0.00e+00	0.00e+00	0.00e+00	0.00e+00	8.70e-01	7.23e-02	4.69e-02
 2.92866e+16	9.89e-01	1.06e-02	5.01e-08	0.00e+00	0.00e+00	0.00e+00	0.00e+00	0.00e+00	0.00e+00	8.71e-01	7.20e-02	4.67e-02
 2.92910e+16	9.90e-01	1.04e-02	4.81e-08	0.00e+00	0.00e+00	0.00e+00	0.00e+00	0.00e+00	0.00e+00	8.71e-01	7.18e-02	4.66e-02
 2.92952e+16	9.90e-01	1.01e-02	4.61e-08	0.00e+00	0.00e+00	0.00e+00	0.00e+00	0.00e+00	0.00e+00	8.72e-01	7.15e-02	4.64e-02
 2.92992e+16	9.90e-01	9.84e-03	4.44e-08	0.00e+00	0.00e+00	0.00e+00	0.00e+00	0.00e+00	0.00e+00	8.73e-01	7.13e-02	4.62e-02
 2.93029e+16	9.90e-01	9.60e-03	4.27e-08	0.00e+00	0.00e+00	0.00e+00	0.00e+00	0.00e+00	0.00e+00	8.73e-01	7.10e-02	4.60e-02
 2.93063e+16	9.91e-01	9.39e-03	4.13e-08	0.00e+00	0.00e+00	0.00e+00	0.00e+00	0.00e+00	0.00e+00	8.74e-01	7.08e-02	4.58e-02
 2.93094e+16	9.91e-01	9.21e-03	4.00e-08	0.00e+00	0.00e+00	0.00e+00	0.00e+00	0.00e+00	0.00e+00	8.75e-01	7.06e-02	4.56e-02
 2.93123e+16	9.91e-01	9.04e-03	3.89e-08	0.00e+00	0.00e+00	0.00e+00	0.00e+00	0.00e+00	0.00e+00	8.75e-01	7.04e-02	4.55e-02
 2.93148e+16	9.91e-01	8.89e-03	3.79e-08	0.00e+00	0.00e+00	0.00e+00	0.00e+00	0.00e+00	0.00e+00	8.75e-01	7.03e-02	4.54e-02
 2.93172e+16	9.91e-01	8.75e-03	3.70e-08	0.00e+00	0.00e+00	0.00e+00	0.00e+00	0.00e+00	0.00e+00	8.76e-01	7.01e-02	4.52e-02
 2.93193e+16	9.91e-01	8.63e-03	3.62e-08	0.00e+00	0.00e+00	0.00e+00	0.00e+00	0.00e+00	0.00e+00	8.76e-01	6.99e-02	4.51e-02
 2.93216e+16	9.91e-01	8.50e-03	3.53e-08	0.00e+00	0.00e+00	0.00e+00	0.00e+00	0.00e+00	0.00e+00	8.77e-01	6.98e-02	4.50e-02
 2.93247e+16	9.92e-01	8.31e-03	3.40e-08	0.00e+00	0.00e+00	0.00e+00	0.00e+00	0.00e+00	0.00e+00	8.77e-01	6.95e-02	4.48e-02
 2.93280e+16	9.92e-01	8.12e-03	3.28e-08	0.00e+00	0.00e+00	0.00e+00	0.00e+00	0.00e+00	0.00e+00	8.78e-01	6.92e-02	4.46e-02
 2.93309e+16	9.92e-01	7.96e-03	3.18e-08	0.00e+00	0.00e+00	0.00e+00	0.00e+00	0.00e+00	0.00e+00	8.79e-01	6.89e-02	4.44e-02
 2.93337e+16	9.92e-01	7.81e-03	3.08e-08	0.00e+00	0.00e+00	0.00e+00	0.00e+00	0.00e+00	0.00e+00	8.79e-01	6.87e-02	4.42e-02
 2.93361e+16	9.92e-01	7.67e-03	3.00e-08	0.00e+00	0.00e+00	0.00e+00	0.00e+00	0.00e+00	0.00e+00	8.80e-01	6.85e-02	4.41e-02
 2.93384e+16	9.92e-01	7.56e-03	2.92e-08	0.00e+00	0.00e+00	0.00e+00	0.00e+00	0.00e+00	0.00e+00	8.80e-01	6.83e-02	4.39e-02
 2.93408e+16	9.93e-01	7.44e-03	2.84e-08	0.00e+00	0.00e+00	0.00e+00	0.00e+00	0.00e+00	0.00e+00	8.81e-01	6.81e-02	4.38e-02
###########################
 2.62900e+11	2.32e-05	2.70e-02	9.71e-01	2.43e-03	0.00e+00	0.00e+00	0.00e+00	0.00e+00	0.00e+00	1.64e-05	4.65e-06	2.13e-06
 1.57740e+12	2.32e-05	2.70e-02	9.71e-01	2.42e-03	0.00e+00	0.00e+00	0.00e+00	0.00e+00	0.00e+00	1.64e-05	4.64e-06	2.13e-06
 6.83540e+12	2.32e-05	2.70e-02	9.71e-01	2.38e-03	0.00e+00	0.00e+00	0.00e+00	0.00e+00	0.00e+00	1.64e-05	4.65e-06	2.13e-06
 2.78674e+13	2.33e-05	2.71e-02	9.71e-01	2.24e-03	0.00e+00	0.00e+00	0.00e+00	0.00e+00	0.00e+00	1.65e-05	4.68e-06	2.15e-06
 6.65662e+13	2.32e-05	2.71e-02	9.71e-01	2.04e-03	0.00e+00	0.00e+00	0.00e+00	0.00e+00	0.00e+00	1.64e-05	4.68e-06	2.15e-06
 1.16875e+14	2.32e-05	2.73e-02	9.71e-01	1.80e-03	0.00e+00	0.00e+00	0.00e+00	0.00e+00	0.00e+00	1.64e-05	4.68e-06	2.16e-06
 1.82276e+14	2.33e-05	2.74e-02	9.71e-01	1.53e-03	0.00e+00	0.00e+00	0.00e+00	0.00e+00	0.00e+00	1.64e-05	4.69e-06	2.17e-06
 2.67297e+14	2.35e-05	2.77e-02	9.71e-01	1.23e-03	0.00e+00	0.00e+00	0.00e+00	0.00e+00	0.00e+00	1.65e-05	4.73e-06	2.18e-06
 3.77825e+14	2.37e-05	2.80e-02	9.71e-01	9.34e-04	0.00e+00	0.00e+00	0.00e+00	0.00e+00	0.00e+00	1.67e-05	4.77e-06	2.20e-06
 5.21511e+14	2.40e-05	2.84e-02	9.71e-01	6.49e-04	0.00e+00	0.00e+00	0.00e+00	0.00e+00	0.00e+00	1.69e-05	4.83e-06	2.23e-06
 7.08303e+14	2.45e-05	2.90e-02	9.71e-01	4.05e-04	0.00e+00	0.00e+00	0.00e+00	0.00e+00	0.00e+00	1.73e-05	4.92e-06	2.27e-06
 9.51133e+14	2.52e-05	2.98e-02	9.70e-01	2.21e-04	0.00e+00	0.00e+00	0.00e+00	0.00e+00	0.00e+00	1.78e-05	5.06e-06	2.34e-06
 1.26681e+15	2.63e-05	3.08e-02	9.69e-01	1.01e-04	0.00e+00	0.00e+00	0.00e+00	0.00e+00	0.00e+00	1.86e-05	5.27e-06	2.44e-06
 1.67719e+15	2.78e-05	3.22e-02	9.68e-01	3.75e-05	0.00e+00	0.00e+00	0.00e+00	0.00e+00	0.00e+00	1.97e-05	5.57e-06	2.57e-06
 2.21069e+15	3.00e-05	3.42e-02	9.66e-01	1.07e-05	0.00e+00	0.00e+00	0.00e+00	0.00e+00	0.00e+00	2.13e-05	6.01e-06	2.78e-06
 2.90424e+15	3.35e-05	3.71e-02	9.63e-01	2.27e-06	0.00e+00	0.00e+00	0.00e+00	0.00e+00	0.00e+00	2.37e-05	6.69e-06	3.09e-06
 3.80584e+15	3.87e-05	4.11e-02	9.59e-01	3.53e-07	0.00e+00	0.00e+00	0.00e+00	0.00e+00	0.00e+00	2.74e-05	7.72e-06	3.57e-06
 4.78336e+15	4.48e-05	4.60e-02	9.54e-01	0.00e+00	0.00e+00	0.00e+00	0.00e+00	0.00e+00	0.00e+00	3.17e-05	8.93e-06	4.14e-06
 5.85955e+15	5.39e-05	5.23e-02	9.48e-01	0.00e+00	0.00e+00	0.00e+00	0.00e+00	0.00e+00	0.00e+00	3.82e-05	1.08e-05	4.99e-06
 7.20559e+15	6.84e-05	6.14e-02	9.39e-01	0.00e+00	0.00e+00	0.00e+00	0.00e+00	0.00e+00	0.00e+00	4.84e-05	1.37e-05	6.35e-06
 8.34051e+15	8.29e-05	7.04e-02	9.30e-01	0.00e+00	0.00e+00	0.00e+00	0.00e+00	0.00e+00	0.00e+00	5.86e-05	1.66e-05	7.72e-06
 9.06885e+15	9.54e-05	7.73e-02	9.23e-01	0.00e+00	0.00e+00	0.00e+00	0.00e+00	0.00e+00	0.00e+00	6.73e-05	1.91e-05	8.89e-06
 9.83057e+15	1.12e-04	8.53e-02	9.15e-01	0.00e+00	0.00e+00	0.00e+00	0.00e+00	0.00e+00	0.00e+00	7.88e-05	2.25e-05	1.04e-05
 1.06884e+16	1.34e-04	9.55e-02	9.04e-01	0.00e+00	0.00e+00	0.00e+00	0.00e+00	0.00e+00	0.00e+00	9.42e-05	2.70e-05	1.25e-05
 1.14884e+16	1.59e-04	1.06e-01	8.93e-01	0.00e+00	0.00e+00	0.00e+00	0.00e+00	0.00e+00	0.00e+00	1.12e-04	3.22e-05	1.50e-05
 1.22001e+16	1.87e-04	1.18e-01	8.82e-01	0.00e+00	0.00e+00	0.00e+00	0.00e+00	0.00e+00	0.00e+00	1.32e-04	3.80e-05	1.76e-05
 1.28734e+16	2.20e-04	1.29e-01	8.70e-01	0.00e+00	0.00e+00	0.00e+00	0.00e+00	0.00e+00	0.00e+00	1.54e-04	4.47e-05	2.08e-05
 1.36420e+16	2.66e-04	1.45e-01	8.55e-01	0.00e+00	0.00e+00	0.00e+00	0.00e+00	0.00e+00	0.00e+00	1.86e-04	5.43e-05	2.52e-05
 1.44356e+16	3.25e-04	1.63e-01	8.37e-01	0.00e+00	0.00e+00	0.00e+00	0.00e+00	0.00e+00	0.00e+00	2.27e-04	6.66e-05	3.09e-05
 1.50817e+16	3.85e-04	1.79e-01	8.20e-01	0.00e+00	0.00e+00	0.00e+00	0.00e+00	0.00e+00	0.00e+00	2.69e-04	7.93e-05	3.68e-05
 1.56450e+16	4.50e-04	1.96e-01	8.04e-01	0.00e+00	0.00e+00	0.00e+00	0.00e+00	0.00e+00	0.00e+00	3.14e-04	9.29e-05	4.31e-05
 1.62808e+16	5.35e-04	2.15e-01	7.84e-01	0.00e+00	0.00e+00	0.00e+00	0.00e+00	0.00e+00	0.00e+00	3.72e-04	1.11e-04	5.15e-05
 1.69813e+16	6.50e-04	2.39e-01	7.60e-01	0.00e+00	0.00e+00	0.00e+00	0.00e+00	0.00e+00	0.00e+00	4.52e-04	1.35e-04	6.28e-05
 1.76104e+16	7.81e-04	2.63e-01	7.36e-01	0.00e+00	0.00e+00	0.00e+00	0.00e+00	0.00e+00	0.00e+00	5.42e-04	1.63e-04	7.57e-05
 1.81591e+16	9.21e-04	2.87e-01	7.13e-01	0.00e+00	0.00e+00	0.00e+00	0.00e+00	0.00e+00	0.00e+00	6.38e-04	1.93e-04	8.96e-05
 1.87343e+16	1.10e-03	3.14e-01	6.85e-01	0.00e+00	0.00e+00	0.00e+00	0.00e+00	0.00e+00	0.00e+00	7.59e-04	2.30e-04	1.07e-04
 1.93469e+16	1.33e-03	3.45e-01	6.54e-01	0.00e+00	0.00e+00	0.00e+00	0.00e+00	0.00e+00	0.00e+00	9.17e-04	2.80e-04	1.30e-04
 1.98999e+16	1.59e-03	3.76e-01	6.22e-01	0.00e+00	0.00e+00	0.00e+00	0.00e+00	0.00e+00	0.00e+00	1.10e-03	3.36e-04	1.57e-04
 2.03891e+16	1.87e-03	4.07e-01	5.92e-01	0.00e+00	0.00e+00	0.00e+00	0.00e+00	0.00e+00	0.00e+00	1.29e-03	3.97e-04	1.85e-04
 2.08882e+16	2.21e-03	4.40e-01	5.58e-01	0.00e+00	0.00e+00	0.00e+00	0.00e+00	0.00e+00	0.00e+00	1.52e-03	4.71e-04	2.19e-04
 2.14184e+16	2.65e-03	4.77e-01	5.21e-01	0.00e+00	0.00e+00	0.00e+00	0.00e+00	0.00e+00	0.00e+00	1.82e-03	5.68e-04	2.64e-04
 2.19306e+16	3.19e-03	5.15e-01	4.81e-01	0.00e+00	0.00e+00	0.00e+00	0.00e+00	0.00e+00	0.00e+00	2.18e-03	6.85e-04	3.19e-04
 2.24057e+16	3.80e-03	5.53e-01	4.43e-01	0.00e+00	0.00e+00	0.00e+00	0.00e+00	0.00e+00	0.00e+00	2.60e-03	8.20e-04	3.81e-04
 2.28518e+16	4.51e-03	5.90e-01	4.05e-01	0.00e+00	0.00e+00	0.00e+00	0.00e+00	0.00e+00	0.00e+00	3.08e-03	9.76e-04	4.53e-04
 2.32829e+16	5.34e-03	6.28e-01	3.67e-01	0.00e+00	0.00e+00	0.00e+00	0.00e+00	0.00e+00	0.00e+00	3.64e-03	1.16e-03	5.39e-04
 2.37022e+16	6.32e-03	6.65e-01	3.29e-01	0.00e+00	0.00e+00	0.00e+00	0.00e+00	0.00e+00	0.00e+00	4.30e-03	1.38e-03	6.38e-04
 2.41042e+16	7.51e-03	7.01e-01	2.91e-01	0.00e+00	0.00e+00	0.00e+00	0.00e+00	0.00e+00	0.00e+00	5.11e-03	1.64e-03	7.58e-04
 2.44828e+16	8.90e-03	7.35e-01	2.56e-01	0.00e+00	0.00e+00	0.00e+00	0.00e+00	0.00e+00	0.00e+00	6.05e-03	1.95e-03	8.99e-04
 2.48372e+16	1.05e-02	7.67e-01	2.22e-01	0.00e+00	0.00e+00	0.00e+00	0.00e+00	0.00e+00	0.00e+00	7.15e-03	2.32e-03	1.06e-03
 2.51723e+16	1.25e-02	7.97e-01	1.91e-01	0.00e+00	0.00e+00	0.00e+00	0.00e+00	0.00e+00	0.00e+00	8.45e-03	2.75e-03	1.26e-03
 2.54935e+16	1.48e-02	8.23e-01	1.62e-01	0.00e+00	0.00e+00	0.00e+00	0.00e+00	0.00e+00	0.00e+00	1.00e-02	3.26e-03	1.49e-03
 2.58025e+16	1.76e-02	8.48e-01	1.35e-01	0.00e+00	0.00e+00	0.00e+00	0.00e+00	0.00e+00	0.00e+00	1.19e-02	3.90e-03	1.78e-03
 2.60981e+16	2.12e-02	8.69e-01	1.10e-01	0.00e+00	0.00e+00	0.00e+00	0.00e+00	0.00e+00	0.00e+00	1.44e-02	4.70e-03	2.14e-03
 2.63767e+16	2.57e-02	8.87e-01	8.77e-02	0.00e+00	0.00e+00	0.00e+00	0.00e+00	0.00e+00	0.00e+00	1.74e-02	5.69e-03	2.58e-03
 2.66382e+16	3.13e-02	9.00e-01	6.86e-02	0.00e+00	0.00e+00	0.00e+00	0.00e+00	0.00e+00	0.00e+00	2.12e-02	6.94e-03	3.15e-03
 2.68811e+16	3.84e-02	9.09e-01	5.25e-02	0.00e+00	0.00e+00	0.00e+00	0.00e+00	0.00e+00	0.00e+00	2.60e-02	8.53e-03	3.87e-03
 2.70983e+16	4.75e-02	9.13e-01	3.94e-02	0.00e+00	0.00e+00	0.00e+00	0.00e+00	0.00e+00	0.00e+00	3.22e-02	1.05e-02	4.78e-03
 2.72581e+16	5.71e-02	9.12e-01	3.06e-02	0.00e+00	0.00e+00	0.00e+00	0.00e+00	0.00e+00	0.00e+00	3.87e-02	1.26e-02	5.74e-03
 2.73570e+16	6.48e-02	9.10e-01	2.55e-02	0.00e+00	0.00e+00	0.00e+00	0.00e+00	0.00e+00	0.00e+00	4.39e-02	1.43e-02	6.50e-03
 2.74504e+16	7.30e-02	9.06e-01	2.14e-02	0.00e+00	0.00e+00	0.00e+00	0.00e+00	0.00e+00	0.00e+00	4.95e-02	1.61e-02	7.32e-03
 2.75717e+16	8.64e-02	8.97e-01	1.65e-02	0.00e+00	0.00e+00	0.00e+00	0.00e+00	0.00e+00	0.00e+00	5.87e-02	1.90e-02	8.66e-03
 2.76866e+16	1.04e-01	8.83e-01	1.23e-02	0.00e+00	0.00e+00	0.00e+00	0.00e+00	0.00e+00	0.00e+00	7.10e-02	2.29e-02	1.05e-02
 2.77619e+16	1.20e-01	8.70e-01	9.88e-03	0.00e+00	0.00e+00	0.00e+00	0.00e+00	0.00e+00	0.00e+00	8.17e-02	2.62e-02	1.20e-02
 2.78158e+16	1.33e-01	8.58e-01	8.31e-03	0.00e+00	0.00e+00	0.00e+00	0.00e+00	0.00e+00	0.00e+00	9.10e-02	2.91e-02	1.33e-02
 2.78737e+16	1.50e-01	8.43e-01	6.80e-03	0.00e+00	0.00e+00	0.00e+00	0.00e+00	0.00e+00	0.00e+00	1.03e-01	3.26e-02	1.50e-02
 2.79377e+16	1.73e-01	8.22e-01	5.33e-03	0.00e+00	0.00e+00	0.00e+00	0.00e+00	0.00e+00	0.00e+00	1.18e-01	3.72e-02	1.72e-02
 2.79941e+16	1.98e-01	7.98e-01	4.18e-03	0.00e+00	0.00e+00	0.00e+00	0.00e+00	0.00e+00	0.00e+00	1.36e-01	4.24e-02	1.97e-02
 2.80394e+16	2.23e-01	7.73e-01	3.36e-03	0.00e+00	0.00e+00	0.00e+00	0.00e+00	0.00e+00	0.00e+00	1.54e-01	4.73e-02	2.21e-02
 2.80785e+16	2.48e-01	7.49e-01	2.74e-03	0.00e+00	0.00e+00	0.00e+00	0.00e+00	0.00e+00	0.00e+00	1.72e-01	5.22e-02	2.45e-02
 2.81217e+16	2.79e-01	7.19e-01	2.15e-03	0.00e+00	0.00e+00	0.00e+00	0.00e+00	0.00e+00	0.00e+00	1.94e-01	5.80e-02	2.75e-02
 2.81674e+16	3.19e-01	6.80e-01	1.62e-03	0.00e+00	0.00e+00	0.00e+00	0.00e+00	0.00e+00	0.00e+00	2.22e-01	6.52e-02	3.12e-02
 2.82045e+16	3.57e-01	6.42e-01	1.26e-03	0.00e+00	0.00e+00	0.00e+00	0.00e+00	0.00e+00	0.00e+00	2.50e-01	7.18e-02	3.47e-02
 2.82335e+16	3.90e-01	6.09e-01	1.02e-03	0.00e+00	0.00e+00	0.00e+00	0.00e+00	0.00e+00	0.00e+00	2.75e-01	7.74e-02	3.77e-02
 2.82591e+16	4.21e-01	5.78e-01	8.36e-04	0.00e+00	0.00e+00	0.00e+00	0.00e+00	0.00e+00	0.00e+00	2.98e-01	8.22e-02	4.05e-02
 2.82823e+16	4.52e-01	5.48e-01	6.91e-04	0.00e+00	0.00e+00	0.00e+00	0.00e+00	0.00e+00	0.00e+00	3.22e-01	8.68e-02	4.31e-02
 2.83029e+16	4.79e-01	5.21e-01	5.82e-04	0.00e+00	0.00e+00	0.00e+00	0.00e+00	0.00e+00	0.00e+00	3.43e-01	9.06e-02	4.55e-02
 2.83212e+16	5.05e-01	4.95e-01	4.95e-04	0.00e+00	0.00e+00	0.00e+00	0.00e+00	0.00e+00	0.00e+00	3.63e-01	9.41e-02	4.76e-02
 2.83379e+16	5.28e-01	4.72e-01	4.27e-04	0.00e+00	0.00e+00	0.00e+00	0.00e+00	0.00e+00	0.00e+00	3.81e-01	9.70e-02	4.95e-02
 2.83535e+16	5.51e-01	4.49e-01	3.70e-04	0.00e+00	0.00e+00	0.00e+00	0.00e+00	0.00e+00	0.00e+00	4.00e-01	9.96e-02	5.13e-02
 2.83682e+16	5.72e-01	4.28e-01	3.22e-04	0.00e+00	0.00e+00	0.00e+00	0.00e+00	0.00e+00	0.00e+00	4.17e-01	1.02e-01	5.29e-02
 2.83822e+16	5.93e-01	4.07e-01	2.81e-04	0.00e+00	0.00e+00	0.00e+00	0.00e+00	0.00e+00	0.00e+00	4.34e-01	1.04e-01	5.44e-02
 2.83933e+16	6.08e-01	3.91e-01	2.53e-04	0.00e+00	0.00e+00	0.00e+00	0.00e+00	0.00e+00	0.00e+00	4.47e-01	1.05e-01	5.55e-02
 2.84009e+16	6.19e-01	3.81e-01	2.36e-04	0.00e+00	0.00e+00	0.00e+00	0.00e+00	0.00e+00	0.00e+00	4.57e-01	1.06e-01	5.62e-02
 2.84082e+16	6.29e-01	3.71e-01	2.19e-04	0.00e+00	0.00e+00	0.00e+00	0.00e+00	0.00e+00	0.00e+00	4.65e-01	1.07e-01	5.69e-02
 2.84166e+16	6.41e-01	3.59e-01	2.01e-04	0.00e+00	0.00e+00	0.00e+00	0.00e+00	0.00e+00	0.00e+00	4.76e-01	1.08e-01	5.76e-02
 2.84258e+16	6.54e-01	3.46e-01	1.83e-04	0.00e+00	0.00e+00	0.00e+00	0.00e+00	0.00e+00	0.00e+00	4.87e-01	1.09e-01	5.84e-02
 2.84345e+16	6.66e-01	3.34e-01	1.68e-04	0.00e+00	0.00e+00	0.00e+00	0.00e+00	0.00e+00	0.00e+00	4.97e-01	1.09e-01	5.91e-02
 2.84427e+16	6.77e-01	3.23e-01	1.55e-04	0.00e+00	0.00e+00	0.00e+00	0.00e+00	0.00e+00	0.00e+00	5.07e-01	1.10e-01	5.98e-02
 2.84510e+16	6.88e-01	3.12e-01	1.42e-04	0.00e+00	0.00e+00	0.00e+00	0.00e+00	0.00e+00	0.00e+00	5.17e-01	1.10e-01	6.04e-02
 2.84595e+16	6.99e-01	3.01e-01	1.30e-04	0.00e+00	0.00e+00	0.00e+00	0.00e+00	0.00e+00	0.00e+00	5.27e-01	1.11e-01	6.09e-02
 2.84681e+16	7.10e-01	2.90e-01	1.19e-04	0.00e+00	0.00e+00	0.00e+00	0.00e+00	0.00e+00	0.00e+00	5.37e-01	1.11e-01	6.15e-02
 2.84765e+16	7.20e-01	2.80e-01	1.09e-04	0.00e+00	0.00e+00	0.00e+00	0.00e+00	0.00e+00	0.00e+00	5.47e-01	1.11e-01	6.19e-02
 2.84849e+16	7.30e-01	2.70e-01	9.99e-05	0.00e+00	0.00e+00	0.00e+00	0.00e+00	0.00e+00	0.00e+00	5.56e-01	1.11e-01	6.24e-02
 2.84934e+16	7.40e-01	2.60e-01	9.16e-05	0.00e+00	0.00e+00	0.00e+00	0.00e+00	0.00e+00	0.00e+00	5.66e-01	1.12e-01	6.28e-02
 2.85019e+16	7.50e-01	2.50e-01	8.37e-05	0.00e+00	0.00e+00	0.00e+00	0.00e+00	0.00e+00	0.00e+00	5.75e-01	1.12e-01	6.31e-02
 2.85106e+16	7.60e-01	2.40e-01	7.64e-05	0.00e+00	0.00e+00	0.00e+00	0.00e+00	0.00e+00	0.00e+00	5.85e-01	1.11e-01	6.34e-02
 2.85191e+16	7.69e-01	2.31e-01	6.98e-05	0.00e+00	0.00e+00	0.00e+00	0.00e+00	0.00e+00	0.00e+00	5.94e-01	1.11e-01	6.37e-02
 2.85276e+16	7.78e-01	2.22e-01	6.39e-05	0.00e+00	0.00e+00	0.00e+00	0.00e+00	0.00e+00	0.00e+00	6.02e-01	1.11e-01	6.39e-02
 2.85363e+16	7.86e-01	2.13e-01	5.82e-05	0.00e+00	0.00e+00	0.00e+00	0.00e+00	0.00e+00	0.00e+00	6.12e-01	1.11e-01	6.41e-02
 2.85451e+16	7.95e-01	2.05e-01	5.31e-05	0.00e+00	0.00e+00	0.00e+00	0.00e+00	0.00e+00	0.00e+00	6.20e-01	1.10e-01	6.42e-02
 2.85539e+16	8.03e-01	1.97e-01	4.84e-05	0.00e+00	0.00e+00	0.00e+00	0.00e+00	0.00e+00	0.00e+00	6.29e-01	1.10e-01	6.43e-02
 2.85629e+16	8.11e-01	1.89e-01	4.40e-05	0.00e+00	0.00e+00	0.00e+00	0.00e+00	0.00e+00	0.00e+00	6.37e-01	1.10e-01	6.44e-02
 2.85718e+16	8.19e-01	1.81e-01	4.01e-05	0.00e+00	0.00e+00	0.00e+00	0.00e+00	0.00e+00	0.00e+00	6.45e-01	1.09e-01	6.44e-02
 2.85807e+16	8.26e-01	1.74e-01	3.65e-05	0.00e+00	0.00e+00	0.00e+00	0.00e+00	0.00e+00	0.00e+00	6.53e-01	1.09e-01	6.44e-02
 2.85899e+16	8.33e-01	1.67e-01	3.32e-05	0.00e+00	0.00e+00	0.00e+00	0.00e+00	0.00e+00	0.00e+00	6.61e-01	1.08e-01	6.44e-02
 2.85992e+16	8.40e-01	1.60e-01	3.01e-05	0.00e+00	0.00e+00	0.00e+00	0.00e+00	0.00e+00	0.00e+00	6.69e-01	1.07e-01	6.43e-02
 2.86085e+16	8.47e-01	1.53e-01	2.73e-05	0.00e+00	0.00e+00	0.00e+00	0.00e+00	0.00e+00	0.00e+00	6.76e-01	1.07e-01	6.42e-02
 2.86179e+16	8.53e-01	1.47e-01	2.48e-05	0.00e+00	0.00e+00	0.00e+00	0.00e+00	0.00e+00	0.00e+00	6.83e-01	1.06e-01	6.41e-02
 2.86275e+16	8.60e-01	1.40e-01	2.24e-05	0.00e+00	0.00e+00	0.00e+00	0.00e+00	0.00e+00	0.00e+00	6.91e-01	1.05e-01	6.39e-02
 2.86373e+16	8.66e-01	1.34e-01	2.03e-05	0.00e+00	0.00e+00	0.00e+00	0.00e+00	0.00e+00	0.00e+00	6.98e-01	1.04e-01	6.37e-02
 2.86470e+16	8.72e-01	1.28e-01	1.83e-05	0.00e+00	0.00e+00	0.00e+00	0.00e+00	0.00e+00	0.00e+00	7.04e-01	1.04e-01	6.35e-02
 2.86567e+16	8.77e-01	1.23e-01	1.66e-05	0.00e+00	0.00e+00	0.00e+00	0.00e+00	0.00e+00	0.00e+00	7.11e-01	1.03e-01	6.33e-02
 2.86665e+16	8.82e-01	1.18e-01	1.50e-05	0.00e+00	0.00e+00	0.00e+00	0.00e+00	0.00e+00	0.00e+00	7.17e-01	1.02e-01	6.31e-02
 2.86765e+16	8.87e-01	1.13e-01	1.36e-05	0.00e+00	0.00e+00	0.00e+00	0.00e+00	0.00e+00	0.00e+00	7.23e-01	1.01e-01	6.28e-02
 2.86866e+16	8.92e-01	1.08e-01	1.23e-05	0.00e+00	0.00e+00	0.00e+00	0.00e+00	0.00e+00	0.00e+00	7.29e-01	1.00e-01	6.25e-02
 2.86966e+16	8.97e-01	1.03e-01	1.11e-05	0.00e+00	0.00e+00	0.00e+00	0.00e+00	0.00e+00	0.00e+00	7.35e-01	9.97e-02	6.23e-02
 2.87067e+16	9.01e-01	9.89e-02	1.00e-05	0.00e+00	0.00e+00	0.00e+00	0.00e+00	0.00e+00	0.00e+00	7.40e-01	9.88e-02	6.19e-02
 2.87168e+16	9.05e-01	9.47e-02	9.04e-06	0.00e+00	0.00e+00	0.00e+00	0.00e+00	0.00e+00	0.00e+00	7.46e-01	9.80e-02	6.16e-02
 2.87269e+16	9.09e-01	9.08e-02	8.17e-06	0.00e+00	0.00e+00	0.00e+00	0.00e+00	0.00e+00	0.00e+00	7.51e-01	9.72e-02	6.12e-02
 2.87373e+16	9.13e-01	8.70e-02	7.38e-06	0.00e+00	0.00e+00	0.00e+00	0.00e+00	0.00e+00	0.00e+00	7.56e-01	9.64e-02	6.09e-02
 2.87476e+16	9.17e-01	8.34e-02	6.66e-06	0.00e+00	0.00e+00	0.00e+00	0.00e+00	0.00e+00	0.00e+00	7.60e-01	9.57e-02	6.05e-02
 2.87579e+16	9.20e-01	7.99e-02	6.01e-06	0.00e+00	0.00e+00	0.00e+00	0.00e+00	0.00e+00	0.00e+00	7.65e-01	9.49e-02	6.01e-02
 2.87684e+16	9.23e-01	7.66e-02	5.43e-06	0.00e+00	0.00e+00	0.00e+00	0.00e+00	0.00e+00	0.00e+00	7.69e-01	9.41e-02	5.98e-02
 2.87789e+16	9.27e-01	7.34e-02	4.89e-06	0.00e+00	0.00e+00	0.00e+00	0.00e+00	0.00e+00	0.00e+00	7.74e-01	9.33e-02	5.94e-02
 2.87894e+16	9.30e-01	7.04e-02	4.42e-06	0.00e+00	0.00e+00	0.00e+00	0.00e+00	0.00e+00	0.00e+00	7.78e-01	9.26e-02	5.90e-02
 2.87997e+16	9.32e-01	6.77e-02	4.00e-06	0.00e+00	0.00e+00	0.00e+00	0.00e+00	0.00e+00	0.00e+00	7.82e-01	9.19e-02	5.87e-02
 2.88104e+16	9.35e-01	6.49e-02	3.61e-06	0.00e+00	0.00e+00	0.00e+00	0.00e+00	0.00e+00	0.00e+00	7.86e-01	9.12e-02	5.83e-02
 2.88211e+16	9.38e-01	6.21e-02	3.25e-06	0.00e+00	0.00e+00	0.00e+00	0.00e+00	0.00e+00	0.00e+00	7.89e-01	9.05e-02	5.80e-02
 2.88319e+16	9.40e-01	5.96e-02	2.93e-06	0.00e+00	0.00e+00	0.00e+00	0.00e+00	0.00e+00	0.00e+00	7.93e-01	8.98e-02	5.76e-02
 2.88428e+16	9.43e-01	5.73e-02	2.64e-06	0.00e+00	0.00e+00	0.00e+00	0.00e+00	0.00e+00	0.00e+00	7.96e-01	8.92e-02	5.73e-02
 2.88535e+16	9.45e-01	5.50e-02	2.38e-06	0.00e+00	0.00e+00	0.00e+00	0.00e+00	0.00e+00	0.00e+00	7.99e-01	8.86e-02	5.70e-02
 2.88643e+16	9.47e-01	5.28e-02	2.15e-06	0.00e+00	0.00e+00	0.00e+00	0.00e+00	0.00e+00	0.00e+00	8.03e-01	8.80e-02	5.66e-02
 2.88751e+16	9.49e-01	5.07e-02	1.94e-06	0.00e+00	0.00e+00	0.00e+00	0.00e+00	0.00e+00	0.00e+00	8.06e-01	8.73e-02	5.63e-02
 2.88860e+16	9.51e-01	4.87e-02	1.75e-06	0.00e+00	0.00e+00	0.00e+00	0.00e+00	0.00e+00	0.00e+00	8.09e-01	8.67e-02	5.60e-02
 2.88970e+16	9.53e-01	4.69e-02	1.58e-06	0.00e+00	0.00e+00	0.00e+00	0.00e+00	0.00e+00	0.00e+00	8.11e-01	8.62e-02	5.57e-02
 2.89081e+16	9.55e-01	4.50e-02	1.42e-06	0.00e+00	0.00e+00	0.00e+00	0.00e+00	0.00e+00	0.00e+00	8.14e-01	8.56e-02	5.54e-02
 2.89192e+16	9.57e-01	4.32e-02	1.28e-06	0.00e+00	0.00e+00	0.00e+00	0.00e+00	0.00e+00	0.00e+00	8.17e-01	8.51e-02	5.51e-02
 2.89302e+16	9.59e-01	4.15e-02	1.15e-06	0.00e+00	0.00e+00	0.00e+00	0.00e+00	0.00e+00	0.00e+00	8.19e-01	8.46e-02	5.48e-02
