#depth	O	O+	O+2	O+3	O+4	O+5	O+6	O+7	O+8	O[1]	O[2]	O[3]
 2.62900e+11	2.32e-05	2.69e-02	9.71e-01	2.43e-03	0.00e+00	0.00e+00	0.00e+00	0.00e+00	0.00e+00	1.64e-05	4.65e-06	2.13e-06
 1.57740e+12	2.31e-05	2.69e-02	9.71e-01	2.42e-03	0.00e+00	0.00e+00	0.00e+00	0.00e+00	0.00e+00	1.64e-05	4.64e-06	2.13e-06
 6.83540e+12	2.32e-05	2.70e-02	9.71e-01	2.38e-03	0.00e+00	0.00e+00	0.00e+00	0.00e+00	0.00e+00	1.64e-05	4.65e-06	2.13e-06
 2.78674e+13	2.33e-05	2.71e-02	9.71e-01	2.24e-03	0.00e+00	0.00e+00	0.00e+00	0.00e+00	0.00e+00	1.65e-05	4.68e-06	2.15e-06
 6.65662e+13	2.32e-05	2.71e-02	9.71e-01	2.04e-03	0.00e+00	0.00e+00	0.00e+00	0.00e+00	0.00e+00	1.64e-05	4.68e-06	2.15e-06
 1.16875e+14	2.32e-05	2.73e-02	9.71e-01	1.80e-03	0.00e+00	0.00e+00	0.00e+00	0.00e+00	0.00e+00	1.64e-05	4.68e-06	2.16e-06
 1.82276e+14	2.33e-05	2.74e-02	9.71e-01	1.53e-03	0.00e+00	0.00e+00	0.00e+00	0.00e+00	0.00e+00	1.64e-05	4.69e-06	2.17e-06
 2.67297e+14	2.35e-05	2.77e-02	9.71e-01	1.23e-03	0.00e+00	0.00e+00	0.00e+00	0.00e+00	0.00e+00	1.65e-05	4.73e-06	2.18e-06
 3.77825e+14	2.37e-05	2.80e-02	9.71e-01	9.34e-04	0.00e+00	0.00e+00	0.00e+00	0.00e+00	0.00e+00	1.67e-05	4.77e-06	2.20e-06
 5.21511e+14	2.40e-05	2.84e-02	9.71e-01	6.49e-04	0.00e+00	0.00e+00	0.00e+00	0.00e+00	0.00e+00	1.69e-05	4.83e-06	2.23e-06
 7.08303e+14	2.45e-05	2.90e-02	9.71e-01	4.05e-04	0.00e+00	0.00e+00	0.00e+00	0.00e+00	0.00e+00	1.73e-05	4.92e-06	2.27e-06
 9.51133e+14	2.52e-05	2.98e-02	9.70e-01	2.21e-04	0.00e+00	0.00e+00	0.00e+00	0.00e+00	0.00e+00	1.78e-05	5.06e-06	2.34e-06
 1.26681e+15	2.63e-05	3.08e-02	9.69e-01	1.01e-04	0.00e+00	0.00e+00	0.00e+00	0.00e+00	0.00e+00	1.86e-05	5.27e-06	2.44e-06
 1.67719e+15	2.78e-05	3.22e-02	9.68e-01	3.75e-05	0.00e+00	0.00e+00	0.00e+00	0.00e+00	0.00e+00	1.97e-05	5.57e-06	2.57e-06
 2.21069e+15	3.00e-05	3.42e-02	9.66e-01	1.07e-05	0.00e+00	0.00e+00	0.00e+00	0.00e+00	0.00e+00	2.13e-05	6.01e-06	2.78e-06
 2.90424e+15	3.35e-05	3.71e-02	9.63e-01	2.27e-06	0.00e+00	0.00e+00	0.00e+00	0.00e+00	0.00e+00	2.37e-05	6.69e-06	3.09e-06
 3.80584e+15	3.87e-05	4.11e-02	9.59e-01	3.53e-07	0.00e+00	0.00e+00	0.00e+00	0.00e+00	0.00e+00	2.74e-05	7.72e-06	3.57e-06
 4.78336e+15	4.48e-05	4.60e-02	9.54e-01	0.00e+00	0.00e+00	0.00e+00	0.00e+00	0.00e+00	0.00e+00	3.17e-05	8.93e-06	4.14e-06
 5.85955e+15	5.39e-05	5.23e-02	9.48e-01	0.00e+00	0.00e+00	0.00e+00	0.00e+00	0.00e+00	0.00e+00	3.82e-05	1.08e-05	4.99e-06
 7.20558e+15	6.84e-05	6.14e-02	9.39e-01	0.00e+00	0.00e+00	0.00e+00	0.00e+00	0.00e+00	0.00e+00	4.84e-05	1.37e-05	6.35e-06
 8.34050e+15	8.29e-05	7.04e-02	9.30e-01	0.00e+00	0.00e+00	0.00e+00	0.00e+00	0.00e+00	0.00e+00	5.86e-05	1.66e-05	7.72e-06
 9.06885e+15	9.54e-05	7.73e-02	9.23e-01	0.00e+00	0.00e+00	0.00e+00	0.00e+00	0.00e+00	0.00e+00	6.73e-05	1.91e-05	8.89e-06
 9.83058e+15	1.12e-04	8.53e-02	9.15e-01	0.00e+00	0.00e+00	0.00e+00	0.00e+00	0.00e+00	0.00e+00	7.88e-05	2.25e-05	1.04e-05
 1.06885e+16	1.34e-04	9.55e-02	9.04e-01	0.00e+00	0.00e+00	0.00e+00	0.00e+00	0.00e+00	0.00e+00	9.42e-05	2.70e-05	1.25e-05
 1.14884e+16	1.59e-04	1.06e-01	8.93e-01	0.00e+00	0.00e+00	0.00e+00	0.00e+00	0.00e+00	0.00e+00	1.12e-04	3.22e-05	1.50e-05
 1.22001e+16	1.87e-04	1.18e-01	8.82e-01	0.00e+00	0.00e+00	0.00e+00	0.00e+00	0.00e+00	0.00e+00	1.32e-04	3.80e-05	1.76e-05
 1.28735e+16	2.20e-04	1.29e-01	8.70e-01	0.00e+00	0.00e+00	0.00e+00	0.00e+00	0.00e+00	0.00e+00	1.54e-04	4.47e-05	2.08e-05
 1.36421e+16	2.65e-04	1.45e-01	8.55e-01	0.00e+00	0.00e+00	0.00e+00	0.00e+00	0.00e+00	0.00e+00	1.86e-04	5.43e-05	2.52e-05
 1.44357e+16	3.25e-04	1.63e-01	8.37e-01	0.00e+00	0.00e+00	0.00e+00	0.00e+00	0.00e+00	0.00e+00	2.27e-04	6.66e-05	3.09e-05
 1.50817e+16	3.85e-04	1.79e-01	8.20e-01	0.00e+00	0.00e+00	0.00e+00	0.00e+00	0.00e+00	0.00e+00	2.69e-04	7.93e-05	3.68e-05
 1.56450e+16	4.50e-04	1.96e-01	8.04e-01	0.00e+00	0.00e+00	0.00e+00	0.00e+00	0.00e+00	0.00e+00	3.14e-04	9.29e-05	4.31e-05
 1.62809e+16	5.35e-04	2.15e-01	7.84e-01	0.00e+00	0.00e+00	0.00e+00	0.00e+00	0.00e+00	0.00e+00	3.72e-04	1.11e-04	5.15e-05
 1.69814e+16	6.50e-04	2.39e-01	7.60e-01	0.00e+00	0.00e+00	0.00e+00	0.00e+00	0.00e+00	0.00e+00	4.52e-04	1.35e-04	6.28e-05
 1.76105e+16	7.81e-04	2.63e-01	7.36e-01	0.00e+00	0.00e+00	0.00e+00	0.00e+00	0.00e+00	0.00e+00	5.42e-04	1.63e-04	7.57e-05
 1.81592e+16	9.21e-04	2.87e-01	7.13e-01	0.00e+00	0.00e+00	0.00e+00	0.00e+00	0.00e+00	0.00e+00	6.38e-04	1.93e-04	8.96e-05
 1.87344e+16	1.10e-03	3.14e-01	6.85e-01	0.00e+00	0.00e+00	0.00e+00	0.00e+00	0.00e+00	0.00e+00	7.58e-04	2.30e-04	1.07e-04
 1.93470e+16	1.33e-03	3.45e-01	6.54e-01	0.00e+00	0.00e+00	0.00e+00	0.00e+00	0.00e+00	0.00e+00	9.17e-04	2.80e-04	1.30e-04
 1.99001e+16	1.59e-03	3.76e-01	6.22e-01	0.00e+00	0.00e+00	0.00e+00	0.00e+00	0.00e+00	0.00e+00	1.10e-03	3.36e-04	1.57e-04
 2.03893e+16	1.87e-03	4.07e-01	5.92e-01	0.00e+00	0.00e+00	0.00e+00	0.00e+00	0.00e+00	0.00e+00	1.29e-03	3.97e-04	1.85e-04
 2.08884e+16	2.21e-03	4.39e-01	5.58e-01	0.00e+00	0.00e+00	0.00e+00	0.00e+00	0.00e+00	0.00e+00	1.52e-03	4.71e-04	2.19e-04
 2.14185e+16	2.65e-03	4.77e-01	5.21e-01	0.00e+00	0.00e+00	0.00e+00	0.00e+00	0.00e+00	0.00e+00	1.82e-03	5.68e-04	2.64e-04
 2.19308e+16	3.19e-03	5.15e-01	4.82e-01	0.00e+00	0.00e+00	0.00e+00	0.00e+00	0.00e+00	0.00e+00	2.18e-03	6.85e-04	3.19e-04
 2.24060e+16	3.80e-03	5.53e-01	4.43e-01	0.00e+00	0.00e+00	0.00e+00	0.00e+00	0.00e+00	0.00e+00	2.60e-03	8.20e-04	3.81e-04
 2.28521e+16	4.51e-03	5.90e-01	4.05e-01	0.00e+00	0.00e+00	0.00e+00	0.00e+00	0.00e+00	0.00e+00	3.08e-03	9.76e-04	4.53e-04
 2.32832e+16	5.34e-03	6.28e-01	3.67e-01	0.00e+00	0.00e+00	0.00e+00	0.00e+00	0.00e+00	0.00e+00	3.64e-03	1.16e-03	5.39e-04
 2.37025e+16	6.32e-03	6.65e-01	3.29e-01	0.00e+00	0.00e+00	0.00e+00	0.00e+00	0.00e+00	0.00e+00	4.30e-03	1.38e-03	6.38e-04
 2.41046e+16	7.51e-03	7.01e-01	2.91e-01	0.00e+00	0.00e+00	0.00e+00	0.00e+00	0.00e+00	0.00e+00	5.11e-03	1.64e-03	7.58e-04
 2.44832e+16	8.90e-03	7.35e-01	2.56e-01	0.00e+00	0.00e+00	0.00e+00	0.00e+00	0.00e+00	0.00e+00	6.05e-03	1.95e-03	8.99e-04
 2.48376e+16	1.05e-02	7.67e-01	2.22e-01	0.00e+00	0.00e+00	0.00e+00	0.00e+00	0.00e+00	0.00e+00	7.15e-03	2.32e-03	1.06e-03
 2.51728e+16	1.25e-02	7.97e-01	1.91e-01	0.00e+00	0.00e+00	0.00e+00	0.00e+00	0.00e+00	0.00e+00	8.45e-03	2.75e-03	1.26e-03
 2.54940e+16	1.48e-02	8.23e-01	1.62e-01	0.00e+00	0.00e+00	0.00e+00	0.00e+00	0.00e+00	0.00e+00	1.00e-02	3.26e-03	1.49e-03
 2.58030e+16	1.76e-02	8.48e-01	1.35e-01	0.00e+00	0.00e+00	0.00e+00	0.00e+00	0.00e+00	0.00e+00	1.19e-02	3.90e-03	1.78e-03
 2.60986e+16	2.12e-02	8.69e-01	1.10e-01	0.00e+00	0.00e+00	0.00e+00	0.00e+00	0.00e+00	0.00e+00	1.44e-02	4.70e-03	2.14e-03
 2.63773e+16	2.57e-02	8.87e-01	8.77e-02	0.00e+00	0.00e+00	0.00e+00	0.00e+00	0.00e+00	0.00e+00	1.74e-02	5.69e-03	2.58e-03
 2.66388e+16	3.13e-02	9.00e-01	6.86e-02	0.00e+00	0.00e+00	0.00e+00	0.00e+00	0.00e+00	0.00e+00	2.12e-02	6.94e-03	3.15e-03
 2.68817e+16	3.84e-02	9.09e-01	5.25e-02	0.00e+00	0.00e+00	0.00e+00	0.00e+00	0.00e+00	0.00e+00	2.60e-02	8.53e-03	3.87e-03
 2.70990e+16	4.75e-02	9.13e-01	3.94e-02	0.00e+00	0.00e+00	0.00e+00	0.00e+00	0.00e+00	0.00e+00	3.22e-02	1.05e-02	4.78e-03
 2.72588e+16	5.71e-02	9.12e-01	3.06e-02	0.00e+00	0.00e+00	0.00e+00	0.00e+00	0.00e+00	0.00e+00	3.87e-02	1.26e-02	5.74e-03
 2.73577e+16	6.48e-02	9.10e-01	2.55e-02	0.00e+00	0.00e+00	0.00e+00	0.00e+00	0.00e+00	0.00e+00	4.39e-02	1.43e-02	6.50e-03
 2.74511e+16	7.29e-02	9.06e-01	2.14e-02	0.00e+00	0.00e+00	0.00e+00	0.00e+00	0.00e+00	0.00e+00	4.95e-02	1.61e-02	7.32e-03
 2.75724e+16	8.64e-02	8.97e-01	1.65e-02	0.00e+00	0.00e+00	0.00e+00	0.00e+00	0.00e+00	0.00e+00	5.87e-02	1.90e-02	8.66e-03
 2.76873e+16	1.04e-01	8.83e-01	1.23e-02	0.00e+00	0.00e+00	0.00e+00	0.00e+00	0.00e+00	0.00e+00	7.10e-02	2.29e-02	1.04e-02
 2.77626e+16	1.20e-01	8.70e-01	9.88e-03	0.00e+00	0.00e+00	0.00e+00	0.00e+00	0.00e+00	0.00e+00	8.17e-02	2.62e-02	1.20e-02
 2.78165e+16	1.33e-01	8.58e-01	8.31e-03	0.00e+00	0.00e+00	0.00e+00	0.00e+00	0.00e+00	0.00e+00	9.10e-02	2.91e-02	1.33e-02
 2.78744e+16	1.50e-01	8.43e-01	6.80e-03	0.00e+00	0.00e+00	0.00e+00	0.00e+00	0.00e+00	0.00e+00	1.03e-01	3.25e-02	1.50e-02
 2.79384e+16	1.73e-01	8.22e-01	5.33e-03	0.00e+00	0.00e+00	0.00e+00	0.00e+00	0.00e+00	0.00e+00	1.18e-01	3.72e-02	1.72e-02
 2.79949e+16	1.98e-01	7.98e-01	4.18e-03	0.00e+00	0.00e+00	0.00e+00	0.00e+00	0.00e+00	0.00e+00	1.36e-01	4.24e-02	1.97e-02
 2.80402e+16	2.23e-01	7.73e-01	3.36e-03	0.00e+00	0.00e+00	0.00e+00	0.00e+00	0.00e+00	0.00e+00	1.54e-01	4.73e-02	2.21e-02
 2.80792e+16	2.48e-01	7.49e-01	2.74e-03	0.00e+00	0.00e+00	0.00e+00	0.00e+00	0.00e+00	0.00e+00	1.72e-01	5.22e-02	2.45e-02
 2.81224e+16	2.79e-01	7.19e-01	2.15e-03	0.00e+00	0.00e+00	0.00e+00	0.00e+00	0.00e+00	0.00e+00	1.94e-01	5.80e-02	2.75e-02
 2.81681e+16	3.19e-01	6.80e-01	1.62e-03	0.00e+00	0.00e+00	0.00e+00	0.00e+00	0.00e+00	0.00e+00	2.22e-01	6.52e-02	3.12e-02
 2.82053e+16	3.57e-01	6.42e-01	1.26e-03	0.00e+00	0.00e+00	0.00e+00	0.00e+00	0.00e+00	0.00e+00	2.50e-01	7.18e-02	3.47e-02
 2.82342e+16	3.90e-01	6.09e-01	1.02e-03	0.00e+00	0.00e+00	0.00e+00	0.00e+00	0.00e+00	0.00e+00	2.75e-01	7.74e-02	3.77e-02
 2.82598e+16	4.21e-01	5.78e-01	8.36e-04	0.00e+00	0.00e+00	0.00e+00	0.00e+00	0.00e+00	0.00e+00	2.98e-01	8.22e-02	4.05e-02
 2.82830e+16	4.51e-01	5.48e-01	6.91e-04	0.00e+00	0.00e+00	0.00e+00	0.00e+00	0.00e+00	0.00e+00	3.21e-01	8.68e-02	4.31e-02
 2.83036e+16	4.79e-01	5.21e-01	5.82e-04	0.00e+00	0.00e+00	0.00e+00	0.00e+00	0.00e+00	0.00e+00	3.43e-01	9.06e-02	4.55e-02
 2.83220e+16	5.05e-01	4.95e-01	4.95e-04	0.00e+00	0.00e+00	0.00e+00	0.00e+00	0.00e+00	0.00e+00	3.63e-01	9.41e-02	4.76e-02
 2.83386e+16	5.28e-01	4.72e-01	4.27e-04	0.00e+00	0.00e+00	0.00e+00	0.00e+00	0.00e+00	0.00e+00	3.81e-01	9.69e-02	4.95e-02
 2.83543e+16	5.51e-01	4.49e-01	3.70e-04	0.00e+00	0.00e+00	0.00e+00	0.00e+00	0.00e+00	0.00e+00	4.00e-01	9.96e-02	5.13e-02
 2.83689e+16	5.72e-01	4.28e-01	3.22e-04	0.00e+00	0.00e+00	0.00e+00	0.00e+00	0.00e+00	0.00e+00	4.17e-01	1.02e-01	5.29e-02
 2.83830e+16	5.93e-01	4.07e-01	2.81e-04	0.00e+00	0.00e+00	0.00e+00	0.00e+00	0.00e+00	0.00e+00	4.34e-01	1.04e-01	5.44e-02
 2.83941e+16	6.08e-01	3.92e-01	2.53e-04	0.00e+00	0.00e+00	0.00e+00	0.00e+00	0.00e+00	0.00e+00	4.47e-01	1.05e-01	5.55e-02
 2.84017e+16	6.19e-01	3.81e-01	2.36e-04	0.00e+00	0.00e+00	0.00e+00	0.00e+00	0.00e+00	0.00e+00	4.56e-01	1.06e-01	5.62e-02
 2.84089e+16	6.29e-01	3.71e-01	2.19e-04	0.00e+00	0.00e+00	0.00e+00	0.00e+00	0.00e+00	0.00e+00	4.65e-01	1.07e-01	5.69e-02
 2.84173e+16	6.41e-01	3.59e-01	2.01e-04	0.00e+00	0.00e+00	0.00e+00	0.00e+00	0.00e+00	0.00e+00	4.76e-01	1.08e-01	5.76e-02
 2.84265e+16	6.54e-01	3.46e-01	1.83e-04	0.00e+00	0.00e+00	0.00e+00	0.00e+00	0.00e+00	0.00e+00	4.87e-01	1.09e-01	5.84e-02
 2.84352e+16	6.66e-01	3.34e-01	1.68e-04	0.00e+00	0.00e+00	0.00e+00	0.00e+00	0.00e+00	0.00e+00	4.97e-01	1.09e-01	5.91e-02
 2.84434e+16	6.77e-01	3.23e-01	1.55e-04	0.00e+00	0.00e+00	0.00e+00	0.00e+00	0.00e+00	0.00e+00	5.07e-01	1.10e-01	5.98e-02
 2.84518e+16	6.88e-01	3.12e-01	1.42e-04	0.00e+00	0.00e+00	0.00e+00	0.00e+00	0.00e+00	0.00e+00	5.17e-01	1.10e-01	6.04e-02
 2.84602e+16	6.99e-01	3.01e-01	1.30e-04	0.00e+00	0.00e+00	0.00e+00	0.00e+00	0.00e+00	0.00e+00	5.27e-01	1.11e-01	6.09e-02
 2.84688e+16	7.10e-01	2.90e-01	1.19e-04	0.00e+00	0.00e+00	0.00e+00	0.00e+00	0.00e+00	0.00e+00	5.37e-01	1.11e-01	6.15e-02
 2.84772e+16	7.20e-01	2.80e-01	1.09e-04	0.00e+00	0.00e+00	0.00e+00	0.00e+00	0.00e+00	0.00e+00	5.47e-01	1.11e-01	6.19e-02
 2.84856e+16	7.30e-01	2.70e-01	9.99e-05	0.00e+00	0.00e+00	0.00e+00	0.00e+00	0.00e+00	0.00e+00	5.56e-01	1.11e-01	6.24e-02
 2.84941e+16	7.40e-01	2.60e-01	9.16e-05	0.00e+00	0.00e+00	0.00e+00	0.00e+00	0.00e+00	0.00e+00	5.66e-01	1.12e-01	6.28e-02
 2.85026e+16	7.50e-01	2.50e-01	8.37e-05	0.00e+00	0.00e+00	0.00e+00	0.00e+00	0.00e+00	0.00e+00	5.75e-01	1.12e-01	6.31e-02
 2.85113e+16	7.60e-01	2.40e-01	7.64e-05	0.00e+00	0.00e+00	0.00e+00	0.00e+00	0.00e+00	0.00e+00	5.85e-01	1.11e-01	6.34e-02
 2.85198e+16	7.69e-01	2.31e-01	6.98e-05	0.00e+00	0.00e+00	0.00e+00	0.00e+00	0.00e+00	0.00e+00	5.94e-01	1.11e-01	6.37e-02
 2.85283e+16	7.77e-01	2.22e-01	6.39e-05	0.00e+00	0.00e+00	0.00e+00	0.00e+00	0.00e+00	0.00e+00	6.02e-01	1.11e-01	6.39e-02
 2.85370e+16	7.86e-01	2.13e-01	5.82e-05	0.00e+00	0.00e+00	0.00e+00	0.00e+00	0.00e+00	0.00e+00	6.12e-01	1.11e-01	6.41e-02
 2.85458e+16	7.95e-01	2.05e-01	5.31e-05	0.00e+00	0.00e+00	0.00e+00	0.00e+00	0.00e+00	0.00e+00	6.20e-01	1.10e-01	6.42e-02
 2.85546e+16	8.03e-01	1.97e-01	4.84e-05	0.00e+00	0.00e+00	0.00e+00	0.00e+00	0.00e+00	0.00e+00	6.29e-01	1.10e-01	6.43e-02
 2.85636e+16	8.11e-01	1.89e-01	4.40e-05	0.00e+00	0.00e+00	0.00e+00	0.00e+00	0.00e+00	0.00e+00	6.37e-01	1.10e-01	6.44e-02
 2.85725e+16	8.19e-01	1.81e-01	4.01e-05	0.00e+00	0.00e+00	0.00e+00	0.00e+00	0.00e+00	0.00e+00	6.45e-01	1.09e-01	6.44e-02
 2.85814e+16	8.26e-01	1.74e-01	3.65e-05	0.00e+00	0.00e+00	0.00e+00	0.00e+00	0.00e+00	0.00e+00	6.53e-01	1.09e-01	6.44e-02
 2.85906e+16	8.33e-01	1.67e-01	3.32e-05	0.00e+00	0.00e+00	0.00e+00	0.00e+00	0.00e+00	0.00e+00	6.61e-01	1.08e-01	6.44e-02
 2.85998e+16	8.40e-01	1.60e-01	3.01e-05	0.00e+00	0.00e+00	0.00e+00	0.00e+00	0.00e+00	0.00e+00	6.68e-01	1.07e-01	6.43e-02
 2.86092e+16	8.47e-01	1.53e-01	2.73e-05	0.00e+00	0.00e+00	0.00e+00	0.00e+00	0.00e+00	0.00e+00	6.76e-01	1.07e-01	6.42e-02
 2.86187e+16	8.54e-01	1.46e-01	2.47e-05	0.00e+00	0.00e+00	0.00e+00	0.00e+00	0.00e+00	0.00e+00	6.84e-01	1.06e-01	6.41e-02
 2.86282e+16	8.60e-01	1.40e-01	2.24e-05	0.00e+00	0.00e+00	0.00e+00	0.00e+00	0.00e+00	0.00e+00	6.90e-01	1.05e-01	6.39e-02
 2.86376e+16	8.66e-01	1.34e-01	2.03e-05	0.00e+00	0.00e+00	0.00e+00	0.00e+00	0.00e+00	0.00e+00	6.97e-01	1.04e-01	6.37e-02
 2.86472e+16	8.71e-01	1.29e-01	1.84e-05	0.00e+00	0.00e+00	0.00e+00	0.00e+00	0.00e+00	0.00e+00	7.04e-01	1.04e-01	6.36e-02
 2.86570e+16	8.77e-01	1.23e-01	1.67e-05	0.00e+00	0.00e+00	0.00e+00	0.00e+00	0.00e+00	0.00e+00	7.10e-01	1.03e-01	6.33e-02
 2.86669e+16	8.82e-01	1.18e-01	1.51e-05	0.00e+00	0.00e+00	0.00e+00	0.00e+00	0.00e+00	0.00e+00	7.17e-01	1.02e-01	6.31e-02
 2.86768e+16	8.87e-01	1.13e-01	1.36e-05	0.00e+00	0.00e+00	0.00e+00	0.00e+00	0.00e+00	0.00e+00	7.23e-01	1.01e-01	6.28e-02
 2.86869e+16	8.92e-01	1.08e-01	1.23e-05	0.00e+00	0.00e+00	0.00e+00	0.00e+00	0.00e+00	0.00e+00	7.29e-01	1.01e-01	6.26e-02
 2.86970e+16	8.97e-01	1.03e-01	1.11e-05	0.00e+00	0.00e+00	0.00e+00	0.00e+00	0.00e+00	0.00e+00	7.35e-01	9.97e-02	6.23e-02
 2.87070e+16	9.01e-01	9.91e-02	1.00e-05	0.00e+00	0.00e+00	0.00e+00	0.00e+00	0.00e+00	0.00e+00	7.40e-01	9.89e-02	6.19e-02
 2.87170e+16	9.05e-01	9.49e-02	9.08e-06	0.00e+00	0.00e+00	0.00e+00	0.00e+00	0.00e+00	0.00e+00	7.45e-01	9.80e-02	6.16e-02
 2.87273e+16	9.09e-01	9.10e-02	8.21e-06	0.00e+00	0.00e+00	0.00e+00	0.00e+00	0.00e+00	0.00e+00	7.50e-01	9.73e-02	6.13e-02
 2.87376e+16	9.13e-01	8.71e-02	7.40e-06	0.00e+00	0.00e+00	0.00e+00	0.00e+00	0.00e+00	0.00e+00	7.56e-01	9.64e-02	6.09e-02
 2.87479e+16	9.17e-01	8.34e-02	6.69e-06	0.00e+00	0.00e+00	0.00e+00	0.00e+00	0.00e+00	0.00e+00	7.60e-01	9.56e-02	6.05e-02
 2.87581e+16	9.20e-01	8.00e-02	6.04e-06	0.00e+00	0.00e+00	0.00e+00	0.00e+00	0.00e+00	0.00e+00	7.65e-01	9.49e-02	6.01e-02
 2.87686e+16	9.23e-01	7.68e-02	5.45e-06	0.00e+00	0.00e+00	0.00e+00	0.00e+00	0.00e+00	0.00e+00	7.69e-01	9.42e-02	5.98e-02
 2.87791e+16	9.26e-01	7.36e-02	4.92e-06	0.00e+00	0.00e+00	0.00e+00	0.00e+00	0.00e+00	0.00e+00	7.74e-01	9.34e-02	5.94e-02
 2.87897e+16	9.29e-01	7.06e-02	4.44e-06	0.00e+00	0.00e+00	0.00e+00	0.00e+00	0.00e+00	0.00e+00	7.78e-01	9.27e-02	5.91e-02
 2.88003e+16	9.32e-01	6.77e-02	4.00e-06	0.00e+00	0.00e+00	0.00e+00	0.00e+00	0.00e+00	0.00e+00	7.82e-01	9.19e-02	5.87e-02
 2.88108e+16	9.35e-01	6.49e-02	3.61e-06	0.00e+00	0.00e+00	0.00e+00	0.00e+00	0.00e+00	0.00e+00	7.86e-01	9.12e-02	5.83e-02
 2.88213e+16	9.38e-01	6.23e-02	3.27e-06	0.00e+00	0.00e+00	0.00e+00	0.00e+00	0.00e+00	0.00e+00	7.89e-01	9.05e-02	5.80e-02
 2.88320e+16	9.40e-01	5.99e-02	2.95e-06	0.00e+00	0.00e+00	0.00e+00	0.00e+00	0.00e+00	0.00e+00	7.93e-01	8.99e-02	5.77e-02
 2.88429e+16	9.43e-01	5.74e-02	2.66e-06	0.00e+00	0.00e+00	0.00e+00	0.00e+00	0.00e+00	0.00e+00	7.96e-01	8.92e-02	5.73e-02
 2.88538e+16	9.45e-01	5.51e-02	2.39e-06	0.00e+00	0.00e+00	0.00e+00	0.00e+00	0.00e+00	0.00e+00	7.99e-01	8.86e-02	5.70e-02
 2.88645e+16	9.47e-01	5.28e-02	2.16e-06	0.00e+00	0.00e+00	0.00e+00	0.00e+00	0.00e+00	0.00e+00	8.03e-01	8.79e-02	5.66e-02
 2.88754e+16	9.49e-01	5.08e-02	1.95e-06	0.00e+00	0.00e+00	0.00e+00	0.00e+00	0.00e+00	0.00e+00	8.05e-01	8.74e-02	5.63e-02
 2.88865e+16	9.51e-01	4.88e-02	1.75e-06	0.00e+00	0.00e+00	0.00e+00	0.00e+00	0.00e+00	0.00e+00	8.08e-01	8.68e-02	5.60e-02
 2.88974e+16	9.53e-01	4.68e-02	1.58e-06	0.00e+00	0.00e+00	0.00e+00	0.00e+00	0.00e+00	0.00e+00	8.11e-01	8.62e-02	5.57e-02
 2.89082e+16	9.55e-01	4.50e-02	1.43e-06	0.00e+00	0.00e+00	0.00e+00	0.00e+00	0.00e+00	0.00e+00	8.14e-01	8.56e-02	5.54e-02
 2.89194e+16	9.57e-01	4.33e-02	1.28e-06	0.00e+00	0.00e+00	0.00e+00	0.00e+00	0.00e+00	0.00e+00	8.17e-01	8.51e-02	5.51e-02
 2.89308e+16	9.58e-01	4.15e-02	1.15e-06	0.00e+00	0.00e+00	0.00e+00	0.00e+00	0.00e+00	0.00e+00	8.19e-01	8.46e-02	5.48e-02
 2.89418e+16	9.60e-01	3.98e-02	1.04e-06	0.00e+00	0.00e+00	0.00e+00	0.00e+00	0.00e+00	0.00e+00	8.22e-01	8.40e-02	5.45e-02
 2.89525e+16	9.62e-01	3.83e-02	9.42e-07	0.00e+00	0.00e+00	0.00e+00	0.00e+00	0.00e+00	0.00e+00	8.24e-01	8.35e-02	5.42e-02
 2.89637e+16	9.63e-01	3.69e-02	8.50e-07	0.00e+00	0.00e+00	0.00e+00	0.00e+00	0.00e+00	0.00e+00	8.26e-01	8.31e-02	5.40e-02
 2.89752e+16	9.65e-01	3.54e-02	7.63e-07	0.00e+00	0.00e+00	0.00e+00	0.00e+00	0.00e+00	0.00e+00	8.28e-01	8.26e-02	5.37e-02
 2.89864e+16	9.66e-01	3.40e-02	6.87e-07	0.00e+00	0.00e+00	0.00e+00	0.00e+00	0.00e+00	0.00e+00	8.30e-01	8.21e-02	5.34e-02
 2.89973e+16	9.67e-01	3.27e-02	6.22e-07	0.00e+00	0.00e+00	0.00e+00	0.00e+00	0.00e+00	0.00e+00	8.32e-01	8.17e-02	5.31e-02
 2.90082e+16	9.69e-01	3.14e-02	5.61e-07	0.00e+00	0.00e+00	0.00e+00	0.00e+00	0.00e+00	0.00e+00	8.34e-01	8.13e-02	5.29e-02
 2.90195e+16	9.70e-01	3.01e-02	5.05e-07	0.00e+00	0.00e+00	0.00e+00	0.00e+00	0.00e+00	0.00e+00	8.36e-01	8.08e-02	5.26e-02
 2.90311e+16	9.71e-01	2.89e-02	4.53e-07	0.00e+00	0.00e+00	0.00e+00	0.00e+00	0.00e+00	0.00e+00	8.38e-01	8.04e-02	5.24e-02
 2.90428e+16	9.72e-01	2.78e-02	4.08e-07	0.00e+00	0.00e+00	0.00e+00	0.00e+00	0.00e+00	0.00e+00	8.40e-01	8.00e-02	5.21e-02
 2.90536e+16	9.73e-01	2.67e-02	3.69e-07	0.00e+00	0.00e+00	0.00e+00	0.00e+00	0.00e+00	0.00e+00	8.42e-01	7.96e-02	5.19e-02
 2.90639e+16	9.74e-01	2.58e-02	3.36e-07	0.00e+00	0.00e+00	0.00e+00	0.00e+00	0.00e+00	0.00e+00	8.43e-01	7.93e-02	5.17e-02
 2.90749e+16	9.75e-01	2.48e-02	3.04e-07	0.00e+00	0.00e+00	0.00e+00	0.00e+00	0.00e+00	0.00e+00	8.45e-01	7.89e-02	5.15e-02
 2.90863e+16	9.76e-01	2.37e-02	2.73e-07	0.00e+00	0.00e+00	0.00e+00	0.00e+00	0.00e+00	0.00e+00	8.47e-01	7.85e-02	5.12e-02
 2.90975e+16	9.77e-01	2.27e-02	2.46e-07	0.00e+00	0.00e+00	0.00e+00	0.00e+00	0.00e+00	0.00e+00	8.48e-01	7.81e-02	5.10e-02
 2.91081e+16	9.78e-01	2.19e-02	2.24e-07	0.00e+00	0.00e+00	0.00e+00	0.00e+00	0.00e+00	0.00e+00	8.50e-01	7.78e-02	5.08e-02
 2.91186e+16	9.79e-01	2.10e-02	2.03e-07	0.00e+00	0.00e+00	0.00e+00	0.00e+00	0.00e+00	0.00e+00	8.51e-01	7.75e-02	5.06e-02
 2.91293e+16	9.80e-01	2.02e-02	1.84e-07	0.00e+00	0.00e+00	0.00e+00	0.00e+00	0.00e+00	0.00e+00	8.52e-01	7.71e-02	5.04e-02
 2.91399e+16	9.81e-01	1.93e-02	1.67e-07	0.00e+00	0.00e+00	0.00e+00	0.00e+00	0.00e+00	0.00e+00	8.54e-01	7.68e-02	5.01e-02
 2.91503e+16	9.81e-01	1.85e-02	1.52e-07	0.00e+00	0.00e+00	0.00e+00	0.00e+00	0.00e+00	0.00e+00	8.55e-01	7.64e-02	4.99e-02
 2.91604e+16	9.82e-01	1.78e-02	1.38e-07	0.00e+00	0.00e+00	0.00e+00	0.00e+00	0.00e+00	0.00e+00	8.56e-01	7.61e-02	4.97e-02
 2.91700e+16	9.83e-01	1.71e-02	1.26e-07	0.00e+00	0.00e+00	0.00e+00	0.00e+00	0.00e+00	0.00e+00	8.58e-01	7.58e-02	4.95e-02
 2.91795e+16	9.84e-01	1.64e-02	1.16e-07	0.00e+00	0.00e+00	0.00e+00	0.00e+00	0.00e+00	0.00e+00	8.59e-01	7.54e-02	4.93e-02
 2.91888e+16	9.84e-01	1.58e-02	1.06e-07	0.00e+00	0.00e+00	0.00e+00	0.00e+00	0.00e+00	0.00e+00	8.60e-01	7.51e-02	4.91e-02
 2.91978e+16	9.85e-01	1.52e-02	9.78e-08	0.00e+00	0.00e+00	0.00e+00	0.00e+00	0.00e+00	0.00e+00	8.61e-01	7.48e-02	4.89e-02
 2.92068e+16	9.85e-01	1.46e-02	9.00e-08	0.00e+00	0.00e+00	0.00e+00	0.00e+00	0.00e+00	0.00e+00	8.62e-01	7.44e-02	4.86e-02
 2.92158e+16	9.86e-01	1.39e-02	8.27e-08	0.00e+00	0.00e+00	0.00e+00	0.00e+00	0.00e+00	0.00e+00	8.64e-01	7.41e-02	4.84e-02
 2.92244e+16	9.87e-01	1.34e-02	7.64e-08	0.00e+00	0.00e+00	0.00e+00	0.00e+00	0.00e+00	0.00e+00	8.65e-01	7.37e-02	4.81e-02
 2.92320e+16	9.87e-01	1.28e-02	7.12e-08	0.00e+00	0.00e+00	0.00e+00	0.00e+00	0.00e+00	0.00e+00	8.66e-01	7.34e-02	4.79e-02
 2.92387e+16	9.88e-01	1.24e-02	6.70e-08	0.00e+00	0.00e+00	0.00e+00	0.00e+00	0.00e+00	0.00e+00	8.67e-01	7.31e-02	4.77e-02
 2.92447e+16	9.88e-01	1.20e-02	6.33e-08	0.00e+00	0.00e+00	0.00e+00	0.00e+00	0.00e+00	0.00e+00	8.68e-01	7.29e-02	4.75e-02
 2.92504e+16	9.88e-01	1.17e-02	6.01e-08	0.00e+00	0.00e+00	0.00e+00	0.00e+00	0.00e+00	0.00e+00	8.68e-01	7.26e-02	4.73e-02
 2.92557e+16	9.89e-01	1.13e-02	5.72e-08	0.00e+00	0.00e+00	0.00e+00	0.00e+00	0.00e+00	0.00e+00	8.69e-01	7.23e-02	4.71e-02
 2.92607e+16	9.89e-01	1.10e-02	5.46e-08	0.00e+00	0.00e+00	0.00e+00	0.00e+00	0.00e+00	0.00e+00	8.70e-01	7.21e-02	4.69e-02
 2.92653e+16	9.89e-01	1.07e-02	5.22e-08	0.00e+00	0.00e+00	0.00e+00	0.00e+00	0.00e+00	0.00e+00	8.71e-01	7.18e-02	4.67e-02
 2.92697e+16	9.90e-01	1.04e-02	5.00e-08	0.00e+00	0.00e+00	0.00e+00	0.00e+00	0.00e+00	0.00e+00	8.71e-01	7.16e-02	4.65e-02
 2.92739e+16	9.90e-01	1.01e-02	4.80e-08	0.00e+00	0.00e+00	0.00e+00	0.00e+00	0.00e+00	0.00e+00	8.72e-01	7.13e-02	4.63e-02
 2.92777e+16	9.90e-01	9.90e-03	4.62e-08	0.00e+00	0.00e+00	0.00e+00	0.00e+00	0.00e+00	0.00e+00	8.73e-01	7.11e-02	4.61e-02
 2.92812e+16	9.90e-01	9.68e-03	4.46e-08	0.00e+00	0.00e+00	0.00e+00	0.00e+00	0.00e+00	0.00e+00	8.74e-01	7.09e-02	4.60e-02
 2.92844e+16	9.91e-01	9.49e-03	4.32e-08	0.00e+00	0.00e+00	0.00e+00	0.00e+00	0.00e+00	0.00e+00	8.74e-01	7.07e-02	4.58e-02
 2.92873e+16	9.91e-01	9.30e-03	4.20e-08	0.00e+00	0.00e+00	0.00e+00	0.00e+00	0.00e+00	0.00e+00	8.75e-01	7.05e-02	4.56e-02
 2.92899e+16	9.91e-01	9.14e-03	4.08e-08	0.00e+00	0.00e+00	0.00e+00	0.00e+00	0.00e+00	0.00e+00	8.75e-01	7.03e-02	4.55e-02
 2.92923e+16	9.91e-01	8.99e-03	3.98e-08	0.00e+00	0.00e+00	0.00e+00	0.00e+00	0.00e+00	0.00e+00	8.76e-01	7.01e-02	4.54e-02
 2.92945e+16	9.91e-01	8.86e-03	3.89e-08	0.00e+00	0.00e+00	0.00e+00	0.00e+00	0.00e+00	0.00e+00	8.76e-01	7.00e-02	4.52e-02
 2.92969e+16	9.91e-01	8.72e-03	3.79e-08	0.00e+00	0.00e+00	0.00e+00	0.00e+00	0.00e+00	0.00e+00	8.76e-01	6.98e-02	4.51e-02
 2.93000e+16	9.91e-01	8.51e-03	3.66e-08	0.00e+00	0.00e+00	0.00e+00	0.00e+00	0.00e+00	0.00e+00	8.77e-01	6.95e-02	4.49e-02
 2.93034e+16	9.92e-01	8.31e-03	3.52e-08	0.00e+00	0.00e+00	0.00e+00	0.00e+00	0.00e+00	0.00e+00	8.78e-01	6.92e-02	4.47e-02
 2.93064e+16	9.92e-01	8.13e-03	3.41e-08	0.00e+00	0.00e+00	0.00e+00	0.00e+00	0.00e+00	0.00e+00	8.78e-01	6.89e-02	4.45e-02
 2.93092e+16	9.92e-01	7.96e-03	3.30e-08	0.00e+00	0.00e+00	0.00e+00	0.00e+00	0.00e+00	0.00e+00	8.79e-01	6.86e-02	4.43e-02
 2.93117e+16	9.92e-01	7.81e-03	3.20e-08	0.00e+00	0.00e+00	0.00e+00	0.00e+00	0.00e+00	0.00e+00	8.80e-01	6.84e-02	4.41e-02
 2.93140e+16	9.92e-01	7.68e-03	3.11e-08	0.00e+00	0.00e+00	0.00e+00	0.00e+00	0.00e+00	0.00e+00	8.80e-01	6.82e-02	4.40e-02
 2.93161e+16	9.92e-01	7.56e-03	3.04e-08	0.00e+00	0.00e+00	0.00e+00	0.00e+00	0.00e+00	0.00e+00	8.81e-01	6.80e-02	4.39e-02
 2.93184e+16	9.93e-01	7.42e-03	2.95e-08	0.00e+00	0.00e+00	0.00e+00	0.00e+00	0.00e+00	0.00e+00	8.81e-01	6.78e-02	4.37e-02
