#depth	He	He+	He+2
 2.62900e+11	1.66e-03	9.94e-01	4.46e-03
 1.57740e+12	1.66e-03	9.94e-01	4.45e-03
 6.83540e+12	1.66e-03	9.94e-01	4.40e-03
 2.78674e+13	1.67e-03	9.94e-01	4.23e-03
 6.65662e+13	1.67e-03	9.94e-01	4.05e-03
 1.16875e+14	1.68e-03	9.95e-01	3.74e-03
 1.82276e+14	1.69e-03	9.95e-01	3.31e-03
 2.67297e+14	1.70e-03	9.96e-01	2.78e-03
 3.77825e+14	1.71e-03	9.96e-01	2.17e-03
 5.21511e+14	1.73e-03	9.97e-01	1.55e-03
 7.08303e+14	1.75e-03	9.97e-01	9.89e-04
 9.51133e+14	1.78e-03	9.98e-01	5.47e-04
 1.26681e+15	1.82e-03	9.98e-01	2.53e-04
 1.67719e+15	1.87e-03	9.98e-01	9.48e-05
 2.21069e+15	1.94e-03	9.98e-01	2.73e-05
 2.90424e+15	2.04e-03	9.98e-01	5.67e-06
 3.80584e+15	2.17e-03	9.98e-01	8.14e-07
 4.78336e+15	2.30e-03	9.98e-01	9.80e-08
 5.85955e+15	2.48e-03	9.98e-01	1.32e-08
 7.20558e+15	2.72e-03	9.97e-01	1.45e-09
 8.34050e+15	2.93e-03	9.97e-01	2.90e-10
 9.06885e+15	3.09e-03	9.97e-01	1.34e-10
 9.83058e+15	3.28e-03	9.97e-01	7.15e-11
 1.06885e+16	3.51e-03	9.96e-01	4.39e-11
 1.14884e+16	3.75e-03	9.96e-01	3.32e-11
 1.22001e+16	3.98e-03	9.96e-01	2.84e-11
 1.28735e+16	4.23e-03	9.96e-01	2.58e-11
 1.36421e+16	4.54e-03	9.95e-01	2.40e-11
 1.44357e+16	4.90e-03	9.95e-01	2.30e-11
 1.50817e+16	5.24e-03	9.95e-01	2.25e-11
 1.56450e+16	5.55e-03	9.94e-01	2.21e-11
 1.62809e+16	5.94e-03	9.94e-01	2.17e-11
 1.69814e+16	6.42e-03	9.94e-01	2.15e-11
 1.76105e+16	6.91e-03	9.93e-01	2.14e-11
 1.81592e+16	7.39e-03	9.93e-01	2.13e-11
 1.87344e+16	7.94e-03	9.92e-01	2.12e-11
 1.93470e+16	8.59e-03	9.91e-01	2.12e-11
 1.99001e+16	9.28e-03	9.91e-01	2.13e-11
 2.03893e+16	9.95e-03	9.90e-01	2.14e-11
 2.08884e+16	1.07e-02	9.89e-01	2.15e-11
 2.14185e+16	1.16e-02	9.88e-01	2.17e-11
 2.19308e+16	1.27e-02	9.87e-01	2.20e-11
 2.24060e+16	1.37e-02	9.86e-01	2.23e-11
 2.28521e+16	1.50e-02	9.85e-01	2.27e-11
 2.32832e+16	1.63e-02	9.84e-01	2.31e-11
 2.37025e+16	1.78e-02	9.82e-01	2.36e-11
 2.41046e+16	1.96e-02	9.80e-01	2.41e-11
 2.44832e+16	2.15e-02	9.78e-01	2.48e-11
 2.48376e+16	2.38e-02	9.76e-01	2.55e-11
 2.51728e+16	2.64e-02	9.74e-01	2.63e-11
 2.54940e+16	2.94e-02	9.71e-01	2.73e-11
 2.58030e+16	3.30e-02	9.67e-01	2.84e-11
 2.60986e+16	3.73e-02	9.63e-01	2.97e-11
 2.63773e+16	4.26e-02	9.57e-01	3.14e-11
 2.66388e+16	4.90e-02	9.51e-01	3.34e-11
 2.68817e+16	5.69e-02	9.43e-01	3.65e-11
 2.70990e+16	6.65e-02	9.34e-01	3.91e-11
 2.72588e+16	7.59e-02	9.24e-01	4.46e-11
 2.73577e+16	8.31e-02	9.17e-01	4.81e-11
 2.74511e+16	9.10e-02	9.09e-01	5.18e-11
 2.75724e+16	1.04e-01	8.96e-01	5.60e-11
 2.76873e+16	1.19e-01	8.81e-01	6.53e-11
 2.77626e+16	1.31e-01	8.69e-01	7.58e-11
 2.78165e+16	1.42e-01	8.58e-01	8.34e-11
 2.78744e+16	1.55e-01	8.45e-01	9.23e-11
 2.79384e+16	1.71e-01	8.29e-01	1.08e-10
 2.79949e+16	1.88e-01	8.12e-01	1.25e-10
 2.80402e+16	2.05e-01	7.95e-01	1.44e-10
 2.80792e+16	2.21e-01	7.79e-01	1.63e-10
 2.81224e+16	2.40e-01	7.60e-01	1.94e-10
 2.81681e+16	2.63e-01	7.37e-01	2.36e-10
 2.82053e+16	2.84e-01	7.16e-01	2.82e-10
 2.82342e+16	3.02e-01	6.98e-01	3.25e-10
 2.82598e+16	3.18e-01	6.82e-01	3.76e-10
 2.82830e+16	3.34e-01	6.66e-01	4.26e-10
 2.83036e+16	3.48e-01	6.52e-01	4.85e-10
 2.83220e+16	3.62e-01	6.38e-01	5.39e-10
 2.83386e+16	3.74e-01	6.26e-01	6.02e-10
 2.83543e+16	3.86e-01	6.14e-01	6.63e-10
 2.83689e+16	3.97e-01	6.03e-01	7.28e-10
 2.83830e+16	4.08e-01	5.92e-01	7.93e-10
 2.83941e+16	4.17e-01	5.83e-01	8.54e-10
 2.84017e+16	4.23e-01	5.77e-01	8.98e-10
 2.84089e+16	4.28e-01	5.72e-01	9.41e-10
 2.84173e+16	4.36e-01	5.64e-01	9.92e-10
 2.84265e+16	4.43e-01	5.57e-01	1.05e-09
 2.84352e+16	4.50e-01	5.50e-01	1.11e-09
 2.84434e+16	4.57e-01	5.43e-01	1.17e-09
 2.84518e+16	4.64e-01	5.36e-01	1.23e-09
 2.84602e+16	4.71e-01	5.29e-01	1.30e-09
 2.84688e+16	4.79e-01	5.21e-01	1.37e-09
 2.84772e+16	4.86e-01	5.14e-01	1.44e-09
 2.84856e+16	4.93e-01	5.07e-01	1.51e-09
 2.84941e+16	5.00e-01	5.00e-01	1.59e-09
 2.85026e+16	5.08e-01	4.92e-01	1.67e-09
 2.85113e+16	5.15e-01	4.85e-01	1.75e-09
 2.85198e+16	5.23e-01	4.77e-01	1.84e-09
 2.85283e+16	5.30e-01	4.70e-01	1.93e-09
 2.85370e+16	5.38e-01	4.62e-01	2.02e-09
 2.85458e+16	5.46e-01	4.54e-01	2.12e-09
 2.85546e+16	5.54e-01	4.46e-01	2.21e-09
 2.85636e+16	5.62e-01	4.38e-01	2.31e-09
 2.85725e+16	5.70e-01	4.30e-01	2.41e-09
 2.85814e+16	5.78e-01	4.22e-01	2.51e-09
 2.85906e+16	5.86e-01	4.14e-01	2.61e-09
 2.85998e+16	5.94e-01	4.06e-01	2.72e-09
 2.86092e+16	6.03e-01	3.97e-01	2.83e-09
 2.86187e+16	6.12e-01	3.88e-01	2.93e-09
 2.86282e+16	6.21e-01	3.79e-01	3.05e-09
 2.86376e+16	6.30e-01	3.70e-01	3.15e-09
 2.86472e+16	6.38e-01	3.62e-01	3.27e-09
 2.86570e+16	6.47e-01	3.53e-01	3.37e-09
 2.86669e+16	6.56e-01	3.44e-01	3.48e-09
 2.86768e+16	6.65e-01	3.35e-01	3.58e-09
 2.86869e+16	6.74e-01	3.26e-01	3.69e-09
 2.86970e+16	6.83e-01	3.17e-01	3.80e-09
 2.87070e+16	6.92e-01	3.08e-01	3.89e-09
 2.87170e+16	7.01e-01	2.99e-01	3.98e-09
 2.87273e+16	7.10e-01	2.90e-01	4.08e-09
 2.87376e+16	7.18e-01	2.82e-01	4.17e-09
 2.87479e+16	7.27e-01	2.73e-01	4.25e-09
 2.87581e+16	7.36e-01	2.64e-01	4.34e-09
 2.87686e+16	7.44e-01	2.56e-01	4.42e-09
 2.87791e+16	7.53e-01	2.47e-01	4.49e-09
 2.87897e+16	7.61e-01	2.39e-01	4.57e-09
 2.88003e+16	7.69e-01	2.31e-01	4.64e-09
 2.88108e+16	7.77e-01	2.23e-01	4.70e-09
 2.88213e+16	7.85e-01	2.15e-01	4.75e-09
 2.88320e+16	7.92e-01	2.08e-01	4.81e-09
 2.88429e+16	8.00e-01	2.00e-01	4.86e-09
 2.88538e+16	8.08e-01	1.92e-01	4.91e-09
 2.88645e+16	8.15e-01	1.85e-01	4.94e-09
 2.88754e+16	8.22e-01	1.78e-01	4.99e-09
 2.88865e+16	8.29e-01	1.71e-01	5.03e-09
 2.88974e+16	8.35e-01	1.65e-01	5.05e-09
 2.89082e+16	8.42e-01	1.58e-01	5.06e-09
 2.89194e+16	8.48e-01	1.52e-01	5.09e-09
 2.89308e+16	8.54e-01	1.46e-01	5.12e-09
 2.89418e+16	8.60e-01	1.40e-01	5.14e-09
 2.89525e+16	8.66e-01	1.34e-01	5.13e-09
 2.89637e+16	8.71e-01	1.29e-01	5.15e-09
 2.89752e+16	8.77e-01	1.23e-01	5.16e-09
 2.89864e+16	8.82e-01	1.18e-01	5.16e-09
 2.89973e+16	8.86e-01	1.14e-01	5.16e-09
 2.90082e+16	8.91e-01	1.09e-01	5.14e-09
 2.90195e+16	8.96e-01	1.04e-01	5.11e-09
 2.90311e+16	9.01e-01	9.93e-02	5.09e-09
 2.90428e+16	9.05e-01	9.52e-02	5.11e-09
 2.90536e+16	9.09e-01	9.13e-02	5.10e-09
 2.90639e+16	9.12e-01	8.76e-02	5.07e-09
 2.90749e+16	9.16e-01	8.38e-02	5.04e-09
 2.90863e+16	9.20e-01	8.01e-02	5.01e-09
 2.90975e+16	9.23e-01	7.67e-02	4.98e-09
 2.91081e+16	9.26e-01	7.35e-02	4.96e-09
 2.91186e+16	9.29e-01	7.05e-02	4.93e-09
 2.91293e+16	9.32e-01	6.76e-02	4.89e-09
 2.91399e+16	9.35e-01	6.47e-02	4.86e-09
 2.91503e+16	9.38e-01	6.21e-02	4.82e-09
 2.91604e+16	9.40e-01	5.97e-02	4.78e-09
 2.91700e+16	9.43e-01	5.74e-02	4.75e-09
 2.91795e+16	9.45e-01	5.53e-02	4.71e-09
 2.91888e+16	9.47e-01	5.32e-02	4.66e-09
 2.91978e+16	9.49e-01	5.13e-02	4.61e-09
 2.92068e+16	9.51e-01	4.94e-02	4.56e-09
 2.92158e+16	9.52e-01	4.75e-02	4.50e-09
 2.92244e+16	9.54e-01	4.59e-02	4.44e-09
 2.92320e+16	9.56e-01	4.44e-02	4.38e-09
 2.92387e+16	9.57e-01	4.32e-02	4.33e-09
 2.92447e+16	9.58e-01	4.21e-02	4.27e-09
 2.92504e+16	9.59e-01	4.10e-02	4.21e-09
 2.92557e+16	9.60e-01	4.01e-02	4.16e-09
 2.92607e+16	9.61e-01	3.92e-02	4.11e-09
 2.92653e+16	9.62e-01	3.84e-02	4.05e-09
 2.92697e+16	9.62e-01	3.76e-02	4.00e-09
 2.92739e+16	9.63e-01	3.69e-02	3.94e-09
 2.92777e+16	9.64e-01	3.62e-02	3.89e-09
 2.92812e+16	9.64e-01	3.56e-02	3.85e-09
 2.92844e+16	9.65e-01	3.51e-02	3.81e-09
 2.92873e+16	9.65e-01	3.46e-02	3.77e-09
 2.92899e+16	9.66e-01	3.41e-02	3.73e-09
 2.92923e+16	9.66e-01	3.37e-02	3.70e-09
 2.92945e+16	9.67e-01	3.33e-02	3.66e-09
 2.92969e+16	9.67e-01	3.29e-02	3.63e-09
 2.93000e+16	9.68e-01	3.23e-02	3.57e-09
 2.93034e+16	9.68e-01	3.18e-02	3.53e-09
 2.93064e+16	9.69e-01	3.13e-02	3.49e-09
 2.93092e+16	9.69e-01	3.09e-02	3.45e-09
 2.93117e+16	9.70e-01	3.05e-02	3.42e-09
 2.93140e+16	9.70e-01	3.01e-02	3.38e-09
 2.93161e+16	9.70e-01	2.98e-02	3.36e-09
 2.93184e+16	9.71e-01	2.94e-02	3.33e-09
