#depth	H	H+	H2
 6.26183e+11	1.53e-03	9.98e-01	1.24e-13
 3.75710e+12	1.52e-03	9.98e-01	1.24e-13
 1.62808e+13	1.52e-03	9.98e-01	1.24e-13
 6.63754e+13	1.52e-03	9.98e-01	1.25e-13
 1.58550e+14	1.52e-03	9.98e-01	1.27e-13
 2.78376e+14	1.51e-03	9.98e-01	1.29e-13
 4.34150e+14	1.50e-03	9.98e-01	1.31e-13
 6.36657e+14	1.49e-03	9.99e-01	1.34e-13
 8.99915e+14	1.48e-03	9.99e-01	1.37e-13
 1.24215e+15	1.47e-03	9.99e-01	1.39e-13
 1.68706e+15	1.45e-03	9.99e-01	1.40e-13
 2.26544e+15	1.45e-03	9.99e-01	1.43e-13
 2.88150e+15	1.44e-03	9.99e-01	1.47e-13
 3.42158e+15	1.44e-03	9.99e-01	1.51e-13
 3.99872e+15	1.46e-03	9.99e-01	1.59e-13
 4.74900e+15	1.50e-03	9.99e-01	1.70e-13
 5.72436e+15	1.54e-03	9.98e-01	1.86e-13
 6.99232e+15	1.59e-03	9.98e-01	2.04e-13
 8.64068e+15	1.67e-03	9.98e-01	2.25e-13
 1.04626e+16	1.74e-03	9.98e-01	2.47e-13
 1.19205e+16	1.80e-03	9.98e-01	2.63e-13
 1.31126e+16	1.87e-03	9.98e-01	2.76e-13
 1.44238e+16	1.94e-03	9.98e-01	2.90e-13
 1.58662e+16	2.11e-03	9.98e-01	3.19e-13
 1.74528e+16	2.24e-03	9.98e-01	3.41e-13
 1.91981e+16	2.39e-03	9.98e-01	3.66e-13
 2.11179e+16	2.58e-03	9.97e-01	3.97e-13
 2.32297e+16	2.82e-03	9.97e-01	4.37e-13
 2.55527e+16	3.13e-03	9.97e-01	4.87e-13
 2.74074e+16	3.46e-03	9.97e-01	5.50e-13
 2.84231e+16	3.66e-03	9.96e-01	5.90e-13
 2.92920e+16	3.83e-03	9.96e-01	6.19e-13
 3.04215e+16	4.05e-03	9.96e-01	6.58e-13
 3.18898e+16	4.37e-03	9.96e-01	7.15e-13
 3.33625e+16	4.77e-03	9.95e-01	7.94e-13
 3.44407e+16	5.13e-03	9.95e-01	8.67e-13
 3.52680e+16	5.40e-03	9.95e-01	9.22e-13
 3.61692e+16	5.68e-03	9.94e-01	9.75e-13
 3.73407e+16	6.09e-03	9.94e-01	1.05e-12
 3.85892e+16	6.62e-03	9.93e-01	1.15e-12
 3.96193e+16	7.12e-03	9.93e-01	1.25e-12
 4.04553e+16	7.56e-03	9.92e-01	1.34e-12
 4.13571e+16	8.02e-03	9.92e-01	1.42e-12
 4.25294e+16	8.67e-03	9.91e-01	1.53e-12
 4.37324e+16	9.50e-03	9.91e-01	1.69e-12
 4.46691e+16	1.02e-02	9.90e-01	1.83e-12
 4.54267e+16	1.09e-02	9.89e-01	1.94e-12
 4.62574e+16	1.16e-02	9.88e-01	2.05e-12
 4.73374e+16	1.25e-02	9.87e-01	2.20e-12
 4.84832e+16	1.38e-02	9.86e-01	2.40e-12
 4.94241e+16	1.50e-02	9.85e-01	2.60e-12
 5.01978e+16	1.60e-02	9.84e-01	2.76e-12
 5.10448e+16	1.72e-02	9.83e-01	2.92e-12
 5.21459e+16	1.89e-02	9.81e-01	3.13e-12
 5.32752e+16	2.11e-02	9.79e-01	3.44e-12
 5.41323e+16	2.31e-02	9.77e-01	3.74e-12
 5.47837e+16	2.47e-02	9.75e-01	3.98e-12
 5.54769e+16	2.65e-02	9.74e-01	4.20e-12
 5.63780e+16	2.91e-02	9.71e-01	4.52e-12
 5.73187e+16	3.26e-02	9.67e-01	5.00e-12
 5.80574e+16	3.60e-02	9.64e-01	5.51e-12
 5.86220e+16	3.89e-02	9.61e-01	5.93e-12
 5.92138e+16	4.21e-02	9.58e-01	6.38e-12
 5.99831e+16	4.71e-02	9.53e-01	7.09e-12
 6.07642e+16	5.38e-02	9.46e-01	8.12e-12
 6.13532e+16	6.01e-02	9.40e-01	9.15e-12
 6.18135e+16	6.58e-02	9.34e-01	1.01e-11
 6.23143e+16	7.30e-02	9.27e-01	1.13e-11
 6.28332e+16	8.24e-02	9.18e-01	1.30e-11
 6.32370e+16	9.15e-02	9.09e-01	1.47e-11
 6.35452e+16	9.95e-02	9.01e-01	1.62e-11
 6.38680e+16	1.09e-01	8.91e-01	1.81e-11
 6.42235e+16	1.22e-01	8.78e-01	2.07e-11
 6.45302e+16	1.35e-01	8.65e-01	2.36e-11
 6.47732e+16	1.47e-01	8.53e-01	2.64e-11
 6.49890e+16	1.59e-01	8.41e-01	2.94e-11
 6.52338e+16	1.75e-01	8.25e-01	3.34e-11
 6.54913e+16	1.95e-01	8.05e-01	3.88e-11
 6.56986e+16	2.15e-01	7.85e-01	4.44e-11
 6.58619e+16	2.32e-01	7.68e-01	4.96e-11
 6.60347e+16	2.52e-01	7.48e-01	5.60e-11
 6.62257e+16	2.77e-01	7.23e-01	6.50e-11
 6.63926e+16	3.03e-01	6.97e-01	7.49e-11
 6.65278e+16	3.27e-01	6.73e-01	8.46e-11
 6.66507e+16	3.50e-01	6.50e-01	9.49e-11
 6.67881e+16	3.78e-01	6.22e-01	1.09e-10
 6.69330e+16	4.13e-01	5.87e-01	1.27e-10
 6.70549e+16	4.44e-01	5.56e-01	1.46e-10
 6.71488e+16	4.70e-01	5.30e-01	1.64e-10
 6.72277e+16	4.92e-01	5.08e-01	1.81e-10
 6.73036e+16	5.15e-01	4.85e-01	1.99e-10
 6.73781e+16	5.38e-01	4.62e-01	2.20e-10
 6.74347e+16	5.57e-01	4.43e-01	2.38e-10
 6.74693e+16	5.67e-01	4.33e-01	2.48e-10
 6.75007e+16	5.77e-01	4.23e-01	2.60e-10
 6.75392e+16	5.90e-01	4.10e-01	2.75e-10
 6.75812e+16	6.04e-01	3.96e-01	2.92e-10
 6.76199e+16	6.18e-01	3.82e-01	3.10e-10
 6.76542e+16	6.30e-01	3.70e-01	3.26e-10
 6.76869e+16	6.41e-01	3.59e-01	3.43e-10
 6.77205e+16	6.53e-01	3.47e-01	3.62e-10
 6.77544e+16	6.65e-01	3.35e-01	3.83e-10
 6.77871e+16	6.77e-01	3.23e-01	4.04e-10
 6.78182e+16	6.88e-01	3.12e-01	4.25e-10
 6.78485e+16	6.99e-01	3.01e-01	4.48e-10
 6.78785e+16	7.10e-01	2.90e-01	4.72e-10
 6.79082e+16	7.21e-01	2.79e-01	4.97e-10
 6.79370e+16	7.31e-01	2.69e-01	5.24e-10
 6.79651e+16	7.41e-01	2.59e-01	5.52e-10
 6.79927e+16	7.51e-01	2.49e-01	5.81e-10
 6.80197e+16	7.61e-01	2.39e-01	6.11e-10
 6.80463e+16	7.70e-01	2.30e-01	6.44e-10
 6.80723e+16	7.80e-01	2.20e-01	6.78e-10
 6.80978e+16	7.88e-01	2.12e-01	7.13e-10
 6.81227e+16	7.97e-01	2.03e-01	7.51e-10
 6.81472e+16	8.05e-01	1.95e-01	7.90e-10
 6.81712e+16	8.13e-01	1.87e-01	8.32e-10
 6.81948e+16	8.21e-01	1.79e-01	8.76e-10
 6.82179e+16	8.29e-01	1.71e-01	9.22e-10
 6.82406e+16	8.36e-01	1.64e-01	9.71e-10
 6.82627e+16	8.43e-01	1.57e-01	1.02e-09
 6.82840e+16	8.50e-01	1.50e-01	1.08e-09
 6.83047e+16	8.56e-01	1.44e-01	1.13e-09
 6.83249e+16	8.62e-01	1.38e-01	1.19e-09
 6.83445e+16	8.68e-01	1.32e-01	1.25e-09
 6.83637e+16	8.73e-01	1.27e-01	1.32e-09
 6.83823e+16	8.78e-01	1.22e-01	1.39e-09
 6.84004e+16	8.83e-01	1.17e-01	1.46e-09
 6.84183e+16	8.88e-01	1.12e-01	1.53e-09
 6.84357e+16	8.93e-01	1.07e-01	1.61e-09
 6.84522e+16	8.97e-01	1.03e-01	1.69e-09
 6.84686e+16	9.01e-01	9.86e-02	1.78e-09
 6.84848e+16	9.05e-01	9.45e-02	1.88e-09
 6.85003e+16	9.09e-01	9.08e-02	1.98e-09
 6.85155e+16	9.13e-01	8.72e-02	2.08e-09
 6.85307e+16	9.16e-01	8.36e-02	2.19e-09
 6.85455e+16	9.20e-01	8.02e-02	2.31e-09
 6.85595e+16	9.23e-01	7.70e-02	2.44e-09
 6.85732e+16	9.26e-01	7.40e-02	2.57e-09
 6.85869e+16	9.29e-01	7.11e-02	2.71e-09
 6.86005e+16	9.32e-01	6.82e-02	2.87e-09
 6.86135e+16	9.34e-01	6.55e-02	3.03e-09
 6.86262e+16	9.37e-01	6.30e-02	3.20e-09
 6.86387e+16	9.40e-01	6.05e-02	3.39e-09
 6.86511e+16	9.42e-01	5.81e-02	3.60e-09
 6.86630e+16	9.44e-01	5.58e-02	3.82e-09
 6.86749e+16	9.46e-01	5.36e-02	4.06e-09
 6.86864e+16	9.49e-01	5.14e-02	4.32e-09
 6.86975e+16	9.51e-01	4.95e-02	4.60e-09
 6.87083e+16	9.52e-01	4.76e-02	4.90e-09
 6.87191e+16	9.54e-01	4.58e-02	5.21e-09
 6.87298e+16	9.56e-01	4.38e-02	5.62e-09
 6.87401e+16	9.58e-01	4.21e-02	6.04e-09
 6.87498e+16	9.60e-01	4.05e-02	6.49e-09
 6.87594e+16	9.61e-01	3.89e-02	6.98e-09
 6.87690e+16	9.63e-01	3.74e-02	7.56e-09
 6.87783e+16	9.64e-01	3.59e-02	8.20e-09
 6.87873e+16	9.66e-01	3.45e-02	8.91e-09
 6.87959e+16	9.67e-01	3.31e-02	9.73e-09
 6.88044e+16	9.68e-01	3.18e-02	1.07e-08
 6.88127e+16	9.69e-01	3.05e-02	1.17e-08
 6.88206e+16	9.71e-01	2.93e-02	1.30e-08
 6.88281e+16	9.72e-01	2.82e-02	1.44e-08
 6.88349e+16	9.73e-01	2.72e-02	1.58e-08
 6.88411e+16	9.74e-01	2.63e-02	1.75e-08
 6.88470e+16	9.75e-01	2.54e-02	1.93e-08
 6.88524e+16	9.75e-01	2.46e-02	2.13e-08
 6.88575e+16	9.76e-01	2.38e-02	2.37e-08
 6.88622e+16	9.77e-01	2.31e-02	2.63e-08
 6.88663e+16	9.78e-01	2.25e-02	2.90e-08
 6.88701e+16	9.78e-01	2.19e-02	3.20e-08
 6.88737e+16	9.79e-01	2.13e-02	3.53e-08
 6.88771e+16	9.79e-01	2.08e-02	3.91e-08
 6.88802e+16	9.80e-01	2.03e-02	4.32e-08
 6.88831e+16	9.80e-01	1.98e-02	4.79e-08
 6.88858e+16	9.81e-01	1.94e-02	5.29e-08
 6.88883e+16	9.81e-01	1.89e-02	5.84e-08
 6.88906e+16	9.81e-01	1.85e-02	6.46e-08
 6.88928e+16	9.82e-01	1.82e-02	7.15e-08
 6.88948e+16	9.82e-01	1.78e-02	7.81e-08
 6.88968e+16	9.83e-01	1.74e-02	8.82e-08
 6.88987e+16	9.83e-01	1.71e-02	9.83e-08
 6.89002e+16	9.83e-01	1.68e-02	1.07e-07
 6.89017e+16	9.84e-01	1.64e-02	1.19e-07
 6.89031e+16	9.84e-01	1.61e-02	1.33e-07
 6.89044e+16	9.84e-01	1.59e-02	1.45e-07
 6.89056e+16	9.84e-01	1.56e-02	1.63e-07
 6.89068e+16	9.85e-01	1.53e-02	1.78e-07
 6.89078e+16	9.85e-01	1.50e-02	2.01e-07
 6.89088e+16	9.85e-01	1.48e-02	2.19e-07
 6.89097e+16	9.85e-01	1.45e-02	2.46e-07
 6.89106e+16	9.86e-01	1.43e-02	2.74e-07
 6.89113e+16	9.86e-01	1.41e-02	2.95e-07
 6.89121e+16	9.86e-01	1.38e-02	3.34e-07
 6.89128e+16	9.86e-01	1.36e-02	3.77e-07
 6.89135e+16	9.87e-01	1.34e-02	4.13e-07
 6.89142e+16	9.87e-01	1.31e-02	4.68e-07
 6.89149e+16	9.87e-01	1.28e-02	5.33e-07
 6.89156e+16	9.88e-01	1.24e-02	6.14e-07
 6.89163e+16	9.88e-01	1.20e-02	7.30e-07
 6.89170e+16	9.88e-01	1.15e-02	8.64e-07
 6.89177e+16	9.89e-01	1.07e-02	1.09e-06
 6.89184e+16	9.95e-01	5.18e-03	3.49e-06
