#depth	O	O+	O+2	O+3	O+4	O+5	O+6	O+7	O+8	O[1]	O[2]	O[3]
 6.26183e+11	3.14e-06	4.35e-03	5.35e-01	4.59e-01	1.58e-03	0.00e+00	0.00e+00	0.00e+00	0.00e+00	2.35e-06	5.10e-07	2.79e-07
 3.75710e+12	3.14e-06	4.35e-03	5.36e-01	4.59e-01	1.58e-03	0.00e+00	0.00e+00	0.00e+00	0.00e+00	2.35e-06	5.11e-07	2.79e-07
 1.62808e+13	3.15e-06	4.36e-03	5.37e-01	4.57e-01	1.56e-03	0.00e+00	0.00e+00	0.00e+00	0.00e+00	2.36e-06	5.13e-07	2.81e-07
 6.63754e+13	3.20e-06	4.42e-03	5.44e-01	4.50e-01	1.51e-03	0.00e+00	0.00e+00	0.00e+00	0.00e+00	2.39e-06	5.22e-07	2.85e-07
 1.58550e+14	3.26e-06	4.51e-03	5.55e-01	4.39e-01	1.42e-03	0.00e+00	0.00e+00	0.00e+00	0.00e+00	2.43e-06	5.34e-07	2.91e-07
 2.78376e+14	3.33e-06	4.61e-03	5.69e-01	4.25e-01	1.31e-03	0.00e+00	0.00e+00	0.00e+00	0.00e+00	2.48e-06	5.46e-07	2.97e-07
 4.34150e+14	3.43e-06	4.77e-03	5.88e-01	4.07e-01	1.19e-03	0.00e+00	0.00e+00	0.00e+00	0.00e+00	2.56e-06	5.64e-07	3.06e-07
 6.36657e+14	3.56e-06	4.95e-03	6.11e-01	3.83e-01	1.04e-03	0.00e+00	0.00e+00	0.00e+00	0.00e+00	2.65e-06	5.86e-07	3.18e-07
 8.99915e+14	3.72e-06	5.20e-03	6.43e-01	3.51e-01	8.65e-04	0.00e+00	0.00e+00	0.00e+00	0.00e+00	2.78e-06	6.15e-07	3.33e-07
 1.24215e+15	3.96e-06	5.54e-03	6.84e-01	3.10e-01	6.73e-04	0.00e+00	0.00e+00	0.00e+00	0.00e+00	2.95e-06	6.55e-07	3.54e-07
 1.68706e+15	4.29e-06	6.00e-03	7.37e-01	2.57e-01	4.70e-04	0.00e+00	0.00e+00	0.00e+00	0.00e+00	3.19e-06	7.11e-07	3.83e-07
 2.26544e+15	4.78e-06	6.62e-03	8.02e-01	1.91e-01	2.76e-04	0.00e+00	0.00e+00	0.00e+00	0.00e+00	3.55e-06	7.94e-07	4.28e-07
 2.88150e+15	5.33e-06	7.28e-03	8.62e-01	1.30e-01	1.43e-04	0.00e+00	0.00e+00	0.00e+00	0.00e+00	3.96e-06	8.91e-07	4.78e-07
 3.42158e+15	5.79e-06	7.81e-03	9.05e-01	8.70e-02	7.36e-05	0.00e+00	0.00e+00	0.00e+00	0.00e+00	4.30e-06	9.72e-07	5.20e-07
 3.99872e+15	6.39e-06	8.37e-03	9.38e-01	5.35e-02	3.32e-05	0.00e+00	0.00e+00	0.00e+00	0.00e+00	4.74e-06	1.08e-06	5.75e-07
 4.74900e+15	7.14e-06	8.99e-03	9.64e-01	2.71e-02	1.10e-05	0.00e+00	0.00e+00	0.00e+00	0.00e+00	5.29e-06	1.21e-06	6.43e-07
 5.72436e+15	8.07e-06	9.63e-03	9.79e-01	1.09e-02	2.48e-06	0.00e+00	0.00e+00	0.00e+00	0.00e+00	5.97e-06	1.37e-06	7.27e-07
 6.99232e+15	9.14e-06	1.03e-02	9.86e-01	3.40e-03	3.68e-07	0.00e+00	0.00e+00	0.00e+00	0.00e+00	6.76e-06	1.56e-06	8.23e-07
 8.64068e+15	1.06e-05	1.11e-02	9.88e-01	8.38e-04	0.00e+00	0.00e+00	0.00e+00	0.00e+00	0.00e+00	7.82e-06	1.81e-06	9.54e-07
 1.04626e+16	1.23e-05	1.19e-02	9.88e-01	2.01e-04	0.00e+00	0.00e+00	0.00e+00	0.00e+00	0.00e+00	9.07e-06	2.11e-06	1.11e-06
 1.19205e+16	1.37e-05	1.26e-02	9.87e-01	7.25e-05	0.00e+00	0.00e+00	0.00e+00	0.00e+00	0.00e+00	1.01e-05	2.36e-06	1.24e-06
 1.31126e+16	1.53e-05	1.32e-02	9.87e-01	3.37e-05	0.00e+00	0.00e+00	0.00e+00	0.00e+00	0.00e+00	1.13e-05	2.63e-06	1.38e-06
 1.44238e+16	1.71e-05	1.39e-02	9.86e-01	1.59e-05	0.00e+00	0.00e+00	0.00e+00	0.00e+00	0.00e+00	1.26e-05	2.95e-06	1.55e-06
 1.58662e+16	2.14e-05	1.54e-02	9.85e-01	7.64e-06	0.00e+00	0.00e+00	0.00e+00	0.00e+00	0.00e+00	1.57e-05	3.76e-06	1.96e-06
 1.74528e+16	2.50e-05	1.65e-02	9.83e-01	4.01e-06	0.00e+00	0.00e+00	0.00e+00	0.00e+00	0.00e+00	1.84e-05	4.40e-06	2.29e-06
 1.91981e+16	2.97e-05	1.78e-02	9.82e-01	2.41e-06	0.00e+00	0.00e+00	0.00e+00	0.00e+00	0.00e+00	2.18e-05	5.22e-06	2.72e-06
 2.11179e+16	3.60e-05	1.93e-02	9.81e-01	1.61e-06	0.00e+00	0.00e+00	0.00e+00	0.00e+00	0.00e+00	2.63e-05	6.32e-06	3.30e-06
 2.32297e+16	4.46e-05	2.11e-02	9.79e-01	1.16e-06	0.00e+00	0.00e+00	0.00e+00	0.00e+00	0.00e+00	3.27e-05	7.83e-06	4.11e-06
 2.55527e+16	5.70e-05	2.34e-02	9.77e-01	8.76e-07	0.00e+00	0.00e+00	0.00e+00	0.00e+00	0.00e+00	4.18e-05	9.99e-06	5.26e-06
 2.74074e+16	7.15e-05	2.58e-02	9.74e-01	7.27e-07	0.00e+00	0.00e+00	0.00e+00	0.00e+00	0.00e+00	5.24e-05	1.25e-05	6.61e-06
 2.84231e+16	8.13e-05	2.72e-02	9.73e-01	6.60e-07	0.00e+00	0.00e+00	0.00e+00	0.00e+00	0.00e+00	5.96e-05	1.42e-05	7.53e-06
 2.92920e+16	9.00e-05	2.84e-02	9.72e-01	6.10e-07	0.00e+00	0.00e+00	0.00e+00	0.00e+00	0.00e+00	6.59e-05	1.57e-05	8.34e-06
 3.04215e+16	1.02e-04	2.99e-02	9.70e-01	5.52e-07	0.00e+00	0.00e+00	0.00e+00	0.00e+00	0.00e+00	7.49e-05	1.78e-05	9.48e-06
 3.18898e+16	1.22e-04	3.22e-02	9.68e-01	4.90e-07	0.00e+00	0.00e+00	0.00e+00	0.00e+00	0.00e+00	8.91e-05	2.11e-05	1.13e-05
 3.33625e+16	1.48e-04	3.51e-02	9.65e-01	4.36e-07	0.00e+00	0.00e+00	0.00e+00	0.00e+00	0.00e+00	1.09e-04	2.57e-05	1.38e-05
 3.44407e+16	1.74e-04	3.76e-02	9.62e-01	4.04e-07	0.00e+00	0.00e+00	0.00e+00	0.00e+00	0.00e+00	1.27e-04	3.00e-05	1.62e-05
 3.52680e+16	1.95e-04	3.96e-02	9.60e-01	3.79e-07	0.00e+00	0.00e+00	0.00e+00	0.00e+00	0.00e+00	1.43e-04	3.37e-05	1.82e-05
 3.61692e+16	2.19e-04	4.16e-02	9.58e-01	3.55e-07	0.00e+00	0.00e+00	0.00e+00	0.00e+00	0.00e+00	1.61e-04	3.77e-05	2.04e-05
 3.73407e+16	2.56e-04	4.47e-02	9.55e-01	3.28e-07	0.00e+00	0.00e+00	0.00e+00	0.00e+00	0.00e+00	1.88e-04	4.39e-05	2.39e-05
 3.85892e+16	3.09e-04	4.86e-02	9.51e-01	3.01e-07	0.00e+00	0.00e+00	0.00e+00	0.00e+00	0.00e+00	2.27e-04	5.28e-05	2.89e-05
 3.96193e+16	3.64e-04	5.25e-02	9.47e-01	2.80e-07	0.00e+00	0.00e+00	0.00e+00	0.00e+00	0.00e+00	2.68e-04	6.21e-05	3.41e-05
 4.04553e+16	4.16e-04	5.59e-02	9.44e-01	2.64e-07	0.00e+00	0.00e+00	0.00e+00	0.00e+00	0.00e+00	3.07e-04	7.08e-05	3.90e-05
 4.13571e+16	4.77e-04	5.96e-02	9.40e-01	2.49e-07	0.00e+00	0.00e+00	0.00e+00	0.00e+00	0.00e+00	3.51e-04	8.08e-05	4.47e-05
 4.25294e+16	5.71e-04	6.50e-02	9.34e-01	2.31e-07	0.00e+00	0.00e+00	0.00e+00	0.00e+00	0.00e+00	4.21e-04	9.64e-05	5.35e-05
 4.37324e+16	7.03e-04	7.18e-02	9.27e-01	2.13e-07	0.00e+00	0.00e+00	0.00e+00	0.00e+00	0.00e+00	5.19e-04	1.18e-04	6.57e-05
 4.46691e+16	8.37e-04	7.82e-02	9.21e-01	1.99e-07	0.00e+00	0.00e+00	0.00e+00	0.00e+00	0.00e+00	6.19e-04	1.40e-04	7.81e-05
 4.54267e+16	9.62e-04	8.39e-02	9.15e-01	1.87e-07	0.00e+00	0.00e+00	0.00e+00	0.00e+00	0.00e+00	7.12e-04	1.60e-04	8.96e-05
 4.62574e+16	1.11e-03	9.01e-02	9.09e-01	1.77e-07	0.00e+00	0.00e+00	0.00e+00	0.00e+00	0.00e+00	8.22e-04	1.84e-04	1.03e-04
 4.73374e+16	1.34e-03	9.91e-02	9.00e-01	1.65e-07	0.00e+00	0.00e+00	0.00e+00	0.00e+00	0.00e+00	9.93e-04	2.21e-04	1.24e-04
 4.84832e+16	1.67e-03	1.11e-01	8.87e-01	1.50e-07	0.00e+00	0.00e+00	0.00e+00	0.00e+00	0.00e+00	1.24e-03	2.74e-04	1.55e-04
 4.94241e+16	2.03e-03	1.23e-01	8.75e-01	1.38e-07	0.00e+00	0.00e+00	0.00e+00	0.00e+00	0.00e+00	1.51e-03	3.32e-04	1.88e-04
 5.01978e+16	2.39e-03	1.33e-01	8.64e-01	0.00e+00	0.00e+00	0.00e+00	0.00e+00	0.00e+00	0.00e+00	1.78e-03	3.88e-04	2.20e-04
 5.10448e+16	2.82e-03	1.46e-01	8.52e-01	0.00e+00	0.00e+00	0.00e+00	0.00e+00	0.00e+00	0.00e+00	2.10e-03	4.56e-04	2.59e-04
 5.21459e+16	3.51e-03	1.63e-01	8.33e-01	0.00e+00	0.00e+00	0.00e+00	0.00e+00	0.00e+00	0.00e+00	2.63e-03	5.64e-04	3.21e-04
 5.32752e+16	4.53e-03	1.87e-01	8.09e-01	0.00e+00	0.00e+00	0.00e+00	0.00e+00	0.00e+00	0.00e+00	3.39e-03	7.22e-04	4.12e-04
 5.41323e+16	5.58e-03	2.08e-01	7.86e-01	0.00e+00	0.00e+00	0.00e+00	0.00e+00	0.00e+00	0.00e+00	4.18e-03	8.87e-04	5.07e-04
 5.47837e+16	6.54e-03	2.26e-01	7.67e-01	0.00e+00	0.00e+00	0.00e+00	0.00e+00	0.00e+00	0.00e+00	4.91e-03	1.04e-03	5.93e-04
 5.54769e+16	7.67e-03	2.46e-01	7.47e-01	0.00e+00	0.00e+00	0.00e+00	0.00e+00	0.00e+00	0.00e+00	5.76e-03	1.21e-03	6.93e-04
 5.63780e+16	9.48e-03	2.74e-01	7.17e-01	0.00e+00	0.00e+00	0.00e+00	0.00e+00	0.00e+00	0.00e+00	7.14e-03	1.48e-03	8.53e-04
 5.73187e+16	1.21e-02	3.10e-01	6.78e-01	0.00e+00	0.00e+00	0.00e+00	0.00e+00	0.00e+00	0.00e+00	9.17e-03	1.88e-03	1.09e-03
 5.80574e+16	1.50e-02	3.45e-01	6.40e-01	0.00e+00	0.00e+00	0.00e+00	0.00e+00	0.00e+00	0.00e+00	1.14e-02	2.32e-03	1.34e-03
 5.86220e+16	1.77e-02	3.73e-01	6.10e-01	0.00e+00	0.00e+00	0.00e+00	0.00e+00	0.00e+00	0.00e+00	1.34e-02	2.71e-03	1.58e-03
 5.92138e+16	2.09e-02	4.04e-01	5.76e-01	0.00e+00	0.00e+00	0.00e+00	0.00e+00	0.00e+00	0.00e+00	1.58e-02	3.19e-03	1.86e-03
 5.99831e+16	2.61e-02	4.47e-01	5.27e-01	0.00e+00	0.00e+00	0.00e+00	0.00e+00	0.00e+00	0.00e+00	1.98e-02	3.96e-03	2.31e-03
 6.07642e+16	3.36e-02	4.97e-01	4.69e-01	0.00e+00	0.00e+00	0.00e+00	0.00e+00	0.00e+00	0.00e+00	2.56e-02	5.06e-03	2.97e-03
 6.13532e+16	4.11e-02	5.38e-01	4.21e-01	0.00e+00	0.00e+00	0.00e+00	0.00e+00	0.00e+00	0.00e+00	3.13e-02	6.16e-03	3.62e-03
 6.18135e+16	4.81e-02	5.71e-01	3.81e-01	0.00e+00	0.00e+00	0.00e+00	0.00e+00	0.00e+00	0.00e+00	3.67e-02	7.19e-03	4.23e-03
 6.23143e+16	5.72e-02	6.06e-01	3.37e-01	0.00e+00	0.00e+00	0.00e+00	0.00e+00	0.00e+00	0.00e+00	4.37e-02	8.53e-03	5.02e-03
 6.28332e+16	6.94e-02	6.42e-01	2.89e-01	0.00e+00	0.00e+00	0.00e+00	0.00e+00	0.00e+00	0.00e+00	5.30e-02	1.03e-02	6.08e-03
 6.32370e+16	8.12e-02	6.69e-01	2.50e-01	0.00e+00	0.00e+00	0.00e+00	0.00e+00	0.00e+00	0.00e+00	6.20e-02	1.20e-02	7.10e-03
 6.35452e+16	9.17e-02	6.87e-01	2.21e-01	0.00e+00	0.00e+00	0.00e+00	0.00e+00	0.00e+00	0.00e+00	7.01e-02	1.36e-02	8.02e-03
 6.38680e+16	1.04e-01	7.04e-01	1.92e-01	0.00e+00	0.00e+00	0.00e+00	0.00e+00	0.00e+00	0.00e+00	7.96e-02	1.54e-02	9.09e-03
 6.42235e+16	1.21e-01	7.19e-01	1.60e-01	0.00e+00	0.00e+00	0.00e+00	0.00e+00	0.00e+00	0.00e+00	9.24e-02	1.78e-02	1.05e-02
 6.45302e+16	1.38e-01	7.28e-01	1.34e-01	0.00e+00	0.00e+00	0.00e+00	0.00e+00	0.00e+00	0.00e+00	1.06e-01	2.03e-02	1.20e-02
 6.47732e+16	1.54e-01	7.33e-01	1.14e-01	0.00e+00	0.00e+00	0.00e+00	0.00e+00	0.00e+00	0.00e+00	1.18e-01	2.26e-02	1.34e-02
 6.49890e+16	1.69e-01	7.33e-01	9.74e-02	0.00e+00	0.00e+00	0.00e+00	0.00e+00	0.00e+00	0.00e+00	1.30e-01	2.48e-02	1.47e-02
 6.52338e+16	1.89e-01	7.30e-01	8.02e-02	0.00e+00	0.00e+00	0.00e+00	0.00e+00	0.00e+00	0.00e+00	1.45e-01	2.77e-02	1.64e-02
 6.54913e+16	2.14e-01	7.22e-01	6.35e-02	0.00e+00	0.00e+00	0.00e+00	0.00e+00	0.00e+00	0.00e+00	1.65e-01	3.13e-02	1.86e-02
 6.56986e+16	2.38e-01	7.11e-01	5.14e-02	0.00e+00	0.00e+00	0.00e+00	0.00e+00	0.00e+00	0.00e+00	1.83e-01	3.46e-02	2.06e-02
 6.58619e+16	2.58e-01	6.99e-01	4.29e-02	0.00e+00	0.00e+00	0.00e+00	0.00e+00	0.00e+00	0.00e+00	1.98e-01	3.75e-02	2.23e-02
 6.60347e+16	2.82e-01	6.83e-01	3.49e-02	0.00e+00	0.00e+00	0.00e+00	0.00e+00	0.00e+00	0.00e+00	2.17e-01	4.08e-02	2.43e-02
 6.62257e+16	3.12e-01	6.61e-01	2.71e-02	0.00e+00	0.00e+00	0.00e+00	0.00e+00	0.00e+00	0.00e+00	2.40e-01	4.49e-02	2.68e-02
 6.63926e+16	3.41e-01	6.37e-01	2.12e-02	0.00e+00	0.00e+00	0.00e+00	0.00e+00	0.00e+00	0.00e+00	2.63e-01	4.89e-02	2.93e-02
 6.65278e+16	3.68e-01	6.15e-01	1.70e-02	0.00e+00	0.00e+00	0.00e+00	0.00e+00	0.00e+00	0.00e+00	2.84e-01	5.24e-02	3.14e-02
 6.66507e+16	3.93e-01	5.93e-01	1.37e-02	0.00e+00	0.00e+00	0.00e+00	0.00e+00	0.00e+00	0.00e+00	3.04e-01	5.58e-02	3.35e-02
 6.67881e+16	4.24e-01	5.65e-01	1.06e-02	0.00e+00	0.00e+00	0.00e+00	0.00e+00	0.00e+00	0.00e+00	3.28e-01	5.97e-02	3.60e-02
 6.69330e+16	4.61e-01	5.32e-01	7.84e-03	0.00e+00	0.00e+00	0.00e+00	0.00e+00	0.00e+00	0.00e+00	3.57e-01	6.43e-02	3.88e-02
 6.70549e+16	4.94e-01	5.00e-01	5.92e-03	0.00e+00	0.00e+00	0.00e+00	0.00e+00	0.00e+00	0.00e+00	3.84e-01	6.83e-02	4.14e-02
 6.71488e+16	5.20e-01	4.75e-01	4.70e-03	0.00e+00	0.00e+00	0.00e+00	0.00e+00	0.00e+00	0.00e+00	4.05e-01	7.14e-02	4.34e-02
 6.72277e+16	5.43e-01	4.53e-01	3.83e-03	0.00e+00	0.00e+00	0.00e+00	0.00e+00	0.00e+00	0.00e+00	4.24e-01	7.39e-02	4.51e-02
 6.73036e+16	5.66e-01	4.31e-01	3.10e-03	0.00e+00	0.00e+00	0.00e+00	0.00e+00	0.00e+00	0.00e+00	4.43e-01	7.63e-02	4.67e-02
 6.73781e+16	5.89e-01	4.08e-01	2.50e-03	0.00e+00	0.00e+00	0.00e+00	0.00e+00	0.00e+00	0.00e+00	4.62e-01	7.87e-02	4.83e-02
 6.74347e+16	6.07e-01	3.91e-01	2.10e-03	0.00e+00	0.00e+00	0.00e+00	0.00e+00	0.00e+00	0.00e+00	4.77e-01	8.04e-02	4.95e-02
 6.74693e+16	6.17e-01	3.81e-01	1.89e-03	0.00e+00	0.00e+00	0.00e+00	0.00e+00	0.00e+00	0.00e+00	4.86e-01	8.13e-02	5.01e-02
 6.75007e+16	6.27e-01	3.71e-01	1.71e-03	0.00e+00	0.00e+00	0.00e+00	0.00e+00	0.00e+00	0.00e+00	4.94e-01	8.22e-02	5.08e-02
 6.75392e+16	6.39e-01	3.59e-01	1.50e-03	0.00e+00	0.00e+00	0.00e+00	0.00e+00	0.00e+00	0.00e+00	5.05e-01	8.33e-02	5.15e-02
 6.75812e+16	6.53e-01	3.45e-01	1.30e-03	0.00e+00	0.00e+00	0.00e+00	0.00e+00	0.00e+00	0.00e+00	5.16e-01	8.44e-02	5.24e-02
 6.76199e+16	6.66e-01	3.33e-01	1.13e-03	0.00e+00	0.00e+00	0.00e+00	0.00e+00	0.00e+00	0.00e+00	5.28e-01	8.54e-02	5.31e-02
 6.76542e+16	6.77e-01	3.22e-01	1.00e-03	0.00e+00	0.00e+00	0.00e+00	0.00e+00	0.00e+00	0.00e+00	5.37e-01	8.63e-02	5.38e-02
 6.76869e+16	6.88e-01	3.11e-01	8.84e-04	0.00e+00	0.00e+00	0.00e+00	0.00e+00	0.00e+00	0.00e+00	5.47e-01	8.71e-02	5.44e-02
 6.77205e+16	6.99e-01	3.00e-01	7.76e-04	0.00e+00	0.00e+00	0.00e+00	0.00e+00	0.00e+00	0.00e+00	5.57e-01	8.79e-02	5.50e-02
 6.77544e+16	7.11e-01	2.88e-01	6.77e-04	0.00e+00	0.00e+00	0.00e+00	0.00e+00	0.00e+00	0.00e+00	5.67e-01	8.86e-02	5.55e-02
 6.77871e+16	7.22e-01	2.78e-01	5.92e-04	0.00e+00	0.00e+00	0.00e+00	0.00e+00	0.00e+00	0.00e+00	5.76e-01	8.93e-02	5.61e-02
 6.78182e+16	7.32e-01	2.67e-01	5.19e-04	0.00e+00	0.00e+00	0.00e+00	0.00e+00	0.00e+00	0.00e+00	5.86e-01	8.99e-02	5.66e-02
 6.78485e+16	7.42e-01	2.57e-01	4.55e-04	0.00e+00	0.00e+00	0.00e+00	0.00e+00	0.00e+00	0.00e+00	5.95e-01	9.04e-02	5.70e-02
 6.78785e+16	7.52e-01	2.47e-01	3.98e-04	0.00e+00	0.00e+00	0.00e+00	0.00e+00	0.00e+00	0.00e+00	6.04e-01	9.09e-02	5.74e-02
 6.79082e+16	7.62e-01	2.38e-01	3.48e-04	0.00e+00	0.00e+00	0.00e+00	0.00e+00	0.00e+00	0.00e+00	6.13e-01	9.13e-02	5.78e-02
 6.79370e+16	7.72e-01	2.28e-01	3.03e-04	0.00e+00	0.00e+00	0.00e+00	0.00e+00	0.00e+00	0.00e+00	6.22e-01	9.17e-02	5.82e-02
 6.79651e+16	7.81e-01	2.19e-01	2.65e-04	0.00e+00	0.00e+00	0.00e+00	0.00e+00	0.00e+00	0.00e+00	6.30e-01	9.20e-02	5.85e-02
 6.79927e+16	7.90e-01	2.10e-01	2.31e-04	0.00e+00	0.00e+00	0.00e+00	0.00e+00	0.00e+00	0.00e+00	6.38e-01	9.23e-02	5.88e-02
 6.80197e+16	7.98e-01	2.02e-01	2.02e-04	0.00e+00	0.00e+00	0.00e+00	0.00e+00	0.00e+00	0.00e+00	6.47e-01	9.25e-02	5.90e-02
 6.80463e+16	8.07e-01	1.93e-01	1.76e-04	0.00e+00	0.00e+00	0.00e+00	0.00e+00	0.00e+00	0.00e+00	6.54e-01	9.27e-02	5.93e-02
 6.80723e+16	8.15e-01	1.85e-01	1.53e-04	0.00e+00	0.00e+00	0.00e+00	0.00e+00	0.00e+00	0.00e+00	6.62e-01	9.29e-02	5.95e-02
 6.80978e+16	8.22e-01	1.77e-01	1.33e-04	0.00e+00	0.00e+00	0.00e+00	0.00e+00	0.00e+00	0.00e+00	6.70e-01	9.30e-02	5.96e-02
 6.81227e+16	8.30e-01	1.70e-01	1.16e-04	0.00e+00	0.00e+00	0.00e+00	0.00e+00	0.00e+00	0.00e+00	6.77e-01	9.31e-02	5.98e-02
 6.81472e+16	8.37e-01	1.63e-01	1.01e-04	0.00e+00	0.00e+00	0.00e+00	0.00e+00	0.00e+00	0.00e+00	6.84e-01	9.31e-02	5.99e-02
 6.81712e+16	8.44e-01	1.56e-01	8.76e-05	0.00e+00	0.00e+00	0.00e+00	0.00e+00	0.00e+00	0.00e+00	6.91e-01	9.32e-02	6.00e-02
 6.81948e+16	8.51e-01	1.49e-01	7.60e-05	0.00e+00	0.00e+00	0.00e+00	0.00e+00	0.00e+00	0.00e+00	6.98e-01	9.31e-02	6.00e-02
 6.82179e+16	8.58e-01	1.42e-01	6.60e-05	0.00e+00	0.00e+00	0.00e+00	0.00e+00	0.00e+00	0.00e+00	7.04e-01	9.31e-02	6.01e-02
 6.82406e+16	8.64e-01	1.36e-01	5.73e-05	0.00e+00	0.00e+00	0.00e+00	0.00e+00	0.00e+00	0.00e+00	7.11e-01	9.31e-02	6.01e-02
 6.82627e+16	8.70e-01	1.30e-01	4.98e-05	0.00e+00	0.00e+00	0.00e+00	0.00e+00	0.00e+00	0.00e+00	7.17e-01	9.30e-02	6.01e-02
 6.82840e+16	8.76e-01	1.24e-01	4.33e-05	0.00e+00	0.00e+00	0.00e+00	0.00e+00	0.00e+00	0.00e+00	7.23e-01	9.29e-02	6.01e-02
 6.83047e+16	8.81e-01	1.19e-01	3.78e-05	0.00e+00	0.00e+00	0.00e+00	0.00e+00	0.00e+00	0.00e+00	7.28e-01	9.28e-02	6.01e-02
 6.83249e+16	8.86e-01	1.14e-01	3.30e-05	0.00e+00	0.00e+00	0.00e+00	0.00e+00	0.00e+00	0.00e+00	7.33e-01	9.27e-02	6.00e-02
 6.83445e+16	8.91e-01	1.09e-01	2.88e-05	0.00e+00	0.00e+00	0.00e+00	0.00e+00	0.00e+00	0.00e+00	7.38e-01	9.26e-02	6.00e-02
 6.83637e+16	8.96e-01	1.04e-01	2.51e-05	0.00e+00	0.00e+00	0.00e+00	0.00e+00	0.00e+00	0.00e+00	7.43e-01	9.25e-02	5.99e-02
 6.83823e+16	9.00e-01	9.98e-02	2.20e-05	0.00e+00	0.00e+00	0.00e+00	0.00e+00	0.00e+00	0.00e+00	7.48e-01	9.24e-02	5.98e-02
 6.84004e+16	9.04e-01	9.56e-02	1.93e-05	0.00e+00	0.00e+00	0.00e+00	0.00e+00	0.00e+00	0.00e+00	7.52e-01	9.22e-02	5.97e-02
 6.84183e+16	9.08e-01	9.15e-02	1.69e-05	0.00e+00	0.00e+00	0.00e+00	0.00e+00	0.00e+00	0.00e+00	7.57e-01	9.22e-02	5.97e-02
 6.84357e+16	9.12e-01	8.76e-02	1.48e-05	0.00e+00	0.00e+00	0.00e+00	0.00e+00	0.00e+00	0.00e+00	7.61e-01	9.21e-02	5.96e-02
 6.84522e+16	9.16e-01	8.40e-02	1.31e-05	0.00e+00	0.00e+00	0.00e+00	0.00e+00	0.00e+00	0.00e+00	7.65e-01	9.19e-02	5.95e-02
 6.84686e+16	9.19e-01	8.05e-02	1.14e-05	0.00e+00	0.00e+00	0.00e+00	0.00e+00	0.00e+00	0.00e+00	7.68e-01	9.19e-02	5.95e-02
 6.84848e+16	9.23e-01	7.71e-02	1.01e-05	0.00e+00	0.00e+00	0.00e+00	0.00e+00	0.00e+00	0.00e+00	7.72e-01	9.18e-02	5.94e-02
 6.85003e+16	9.26e-01	7.39e-02	8.87e-06	0.00e+00	0.00e+00	0.00e+00	0.00e+00	0.00e+00	0.00e+00	7.75e-01	9.18e-02	5.93e-02
 6.85155e+16	9.29e-01	7.10e-02	7.85e-06	0.00e+00	0.00e+00	0.00e+00	0.00e+00	0.00e+00	0.00e+00	7.78e-01	9.16e-02	5.92e-02
 6.85307e+16	9.32e-01	6.80e-02	6.89e-06	0.00e+00	0.00e+00	0.00e+00	0.00e+00	0.00e+00	0.00e+00	7.81e-01	9.17e-02	5.91e-02
 6.85455e+16	9.35e-01	6.51e-02	6.07e-06	0.00e+00	0.00e+00	0.00e+00	0.00e+00	0.00e+00	0.00e+00	7.84e-01	9.16e-02	5.90e-02
 6.85595e+16	9.37e-01	6.25e-02	5.38e-06	0.00e+00	0.00e+00	0.00e+00	0.00e+00	0.00e+00	0.00e+00	7.87e-01	9.16e-02	5.90e-02
 6.85732e+16	9.40e-01	6.00e-02	4.77e-06	0.00e+00	0.00e+00	0.00e+00	0.00e+00	0.00e+00	0.00e+00	7.89e-01	9.16e-02	5.89e-02
 6.85869e+16	9.42e-01	5.76e-02	4.21e-06	0.00e+00	0.00e+00	0.00e+00	0.00e+00	0.00e+00	0.00e+00	7.92e-01	9.16e-02	5.88e-02
 6.86005e+16	9.45e-01	5.52e-02	3.73e-06	0.00e+00	0.00e+00	0.00e+00	0.00e+00	0.00e+00	0.00e+00	7.94e-01	9.16e-02	5.87e-02
 6.86135e+16	9.47e-01	5.30e-02	3.30e-06	0.00e+00	0.00e+00	0.00e+00	0.00e+00	0.00e+00	0.00e+00	7.97e-01	9.16e-02	5.86e-02
 6.86262e+16	9.49e-01	5.09e-02	2.93e-06	0.00e+00	0.00e+00	0.00e+00	0.00e+00	0.00e+00	0.00e+00	7.99e-01	9.16e-02	5.84e-02
 6.86387e+16	9.51e-01	4.88e-02	2.60e-06	0.00e+00	0.00e+00	0.00e+00	0.00e+00	0.00e+00	0.00e+00	8.01e-01	9.17e-02	5.84e-02
 6.86511e+16	9.53e-01	4.69e-02	2.31e-06	0.00e+00	0.00e+00	0.00e+00	0.00e+00	0.00e+00	0.00e+00	8.03e-01	9.18e-02	5.83e-02
 6.86630e+16	9.55e-01	4.50e-02	2.05e-06	0.00e+00	0.00e+00	0.00e+00	0.00e+00	0.00e+00	0.00e+00	8.05e-01	9.18e-02	5.82e-02
 6.86749e+16	9.57e-01	4.32e-02	1.82e-06	0.00e+00	0.00e+00	0.00e+00	0.00e+00	0.00e+00	0.00e+00	8.07e-01	9.20e-02	5.81e-02
 6.86864e+16	9.59e-01	4.14e-02	1.62e-06	0.00e+00	0.00e+00	0.00e+00	0.00e+00	0.00e+00	0.00e+00	8.08e-01	9.22e-02	5.81e-02
 6.86975e+16	9.60e-01	3.98e-02	1.44e-06	0.00e+00	0.00e+00	0.00e+00	0.00e+00	0.00e+00	0.00e+00	8.10e-01	9.23e-02	5.80e-02
 6.87083e+16	9.62e-01	3.82e-02	1.29e-06	0.00e+00	0.00e+00	0.00e+00	0.00e+00	0.00e+00	0.00e+00	8.11e-01	9.25e-02	5.80e-02
 6.87191e+16	9.63e-01	3.68e-02	1.15e-06	0.00e+00	0.00e+00	0.00e+00	0.00e+00	0.00e+00	0.00e+00	8.13e-01	9.26e-02	5.79e-02
 6.87298e+16	9.65e-01	3.52e-02	1.02e-06	0.00e+00	0.00e+00	0.00e+00	0.00e+00	0.00e+00	0.00e+00	8.14e-01	9.30e-02	5.80e-02
 6.87401e+16	9.66e-01	3.38e-02	9.07e-07	0.00e+00	0.00e+00	0.00e+00	0.00e+00	0.00e+00	0.00e+00	8.15e-01	9.32e-02	5.79e-02
 6.87498e+16	9.68e-01	3.25e-02	8.12e-07	0.00e+00	0.00e+00	0.00e+00	0.00e+00	0.00e+00	0.00e+00	8.16e-01	9.35e-02	5.79e-02
 6.87594e+16	9.69e-01	3.12e-02	7.26e-07	0.00e+00	0.00e+00	0.00e+00	0.00e+00	0.00e+00	0.00e+00	8.17e-01	9.39e-02	5.80e-02
 6.87690e+16	9.70e-01	2.99e-02	6.48e-07	0.00e+00	0.00e+00	0.00e+00	0.00e+00	0.00e+00	0.00e+00	8.18e-01	9.42e-02	5.80e-02
 6.87783e+16	9.71e-01	2.87e-02	5.79e-07	0.00e+00	0.00e+00	0.00e+00	0.00e+00	0.00e+00	0.00e+00	8.19e-01	9.46e-02	5.80e-02
 6.87873e+16	9.72e-01	2.76e-02	5.18e-07	0.00e+00	0.00e+00	0.00e+00	0.00e+00	0.00e+00	0.00e+00	8.19e-01	9.50e-02	5.81e-02
 6.87959e+16	9.74e-01	2.65e-02	4.64e-07	0.00e+00	0.00e+00	0.00e+00	0.00e+00	0.00e+00	0.00e+00	8.20e-01	9.55e-02	5.81e-02
 6.88044e+16	9.75e-01	2.54e-02	4.16e-07	0.00e+00	0.00e+00	0.00e+00	0.00e+00	0.00e+00	0.00e+00	8.20e-01	9.60e-02	5.82e-02
 6.88127e+16	9.76e-01	2.43e-02	3.72e-07	0.00e+00	0.00e+00	0.00e+00	0.00e+00	0.00e+00	0.00e+00	8.21e-01	9.65e-02	5.83e-02
 6.88206e+16	9.77e-01	2.34e-02	3.34e-07	0.00e+00	0.00e+00	0.00e+00	0.00e+00	0.00e+00	0.00e+00	8.21e-01	9.71e-02	5.84e-02
 6.88281e+16	9.78e-01	2.24e-02	3.01e-07	0.00e+00	0.00e+00	0.00e+00	0.00e+00	0.00e+00	0.00e+00	8.21e-01	9.77e-02	5.85e-02
 6.88349e+16	9.78e-01	2.16e-02	2.73e-07	0.00e+00	0.00e+00	0.00e+00	0.00e+00	0.00e+00	0.00e+00	8.21e-01	9.83e-02	5.87e-02
 6.88411e+16	9.79e-01	2.09e-02	2.49e-07	0.00e+00	0.00e+00	0.00e+00	0.00e+00	0.00e+00	0.00e+00	8.21e-01	9.89e-02	5.88e-02
 6.88470e+16	9.80e-01	2.02e-02	2.28e-07	0.00e+00	0.00e+00	0.00e+00	0.00e+00	0.00e+00	0.00e+00	8.21e-01	9.95e-02	5.89e-02
 6.88524e+16	9.80e-01	1.95e-02	2.10e-07	0.00e+00	0.00e+00	0.00e+00	0.00e+00	0.00e+00	0.00e+00	8.21e-01	1.00e-01	5.91e-02
 6.88575e+16	9.81e-01	1.89e-02	1.93e-07	0.00e+00	0.00e+00	0.00e+00	0.00e+00	0.00e+00	0.00e+00	8.21e-01	1.01e-01	5.92e-02
 6.88622e+16	9.82e-01	1.83e-02	1.79e-07	0.00e+00	0.00e+00	0.00e+00	0.00e+00	0.00e+00	0.00e+00	8.21e-01	1.02e-01	5.94e-02
 6.88663e+16	9.82e-01	1.78e-02	1.67e-07	0.00e+00	0.00e+00	0.00e+00	0.00e+00	0.00e+00	0.00e+00	8.20e-01	1.02e-01	5.95e-02
 6.88701e+16	9.83e-01	1.73e-02	1.56e-07	0.00e+00	0.00e+00	0.00e+00	0.00e+00	0.00e+00	0.00e+00	8.20e-01	1.03e-01	5.97e-02
 6.88737e+16	9.83e-01	1.69e-02	1.46e-07	0.00e+00	0.00e+00	0.00e+00	0.00e+00	0.00e+00	0.00e+00	8.20e-01	1.04e-01	5.99e-02
 6.88771e+16	9.84e-01	1.64e-02	1.37e-07	0.00e+00	0.00e+00	0.00e+00	0.00e+00	0.00e+00	0.00e+00	8.19e-01	1.04e-01	6.00e-02
 6.88802e+16	9.84e-01	1.60e-02	1.29e-07	0.00e+00	0.00e+00	0.00e+00	0.00e+00	0.00e+00	0.00e+00	8.19e-01	1.05e-01	6.02e-02
 6.88831e+16	9.84e-01	1.56e-02	1.22e-07	0.00e+00	0.00e+00	0.00e+00	0.00e+00	0.00e+00	0.00e+00	8.18e-01	1.06e-01	6.04e-02
 6.88858e+16	9.85e-01	1.53e-02	1.16e-07	0.00e+00	0.00e+00	0.00e+00	0.00e+00	0.00e+00	0.00e+00	8.18e-01	1.06e-01	6.05e-02
 6.88883e+16	9.85e-01	1.49e-02	1.10e-07	0.00e+00	0.00e+00	0.00e+00	0.00e+00	0.00e+00	0.00e+00	8.17e-01	1.07e-01	6.07e-02
 6.88906e+16	9.85e-01	1.46e-02	1.04e-07	0.00e+00	0.00e+00	0.00e+00	0.00e+00	0.00e+00	0.00e+00	8.17e-01	1.08e-01	6.09e-02
 6.88928e+16	9.86e-01	1.43e-02	9.92e-08	0.00e+00	0.00e+00	0.00e+00	0.00e+00	0.00e+00	0.00e+00	8.16e-01	1.08e-01	6.10e-02
 6.88948e+16	9.86e-01	1.40e-02	9.50e-08	0.00e+00	0.00e+00	0.00e+00	0.00e+00	0.00e+00	0.00e+00	8.16e-01	1.09e-01	6.11e-02
 6.88968e+16	9.86e-01	1.37e-02	9.00e-08	0.00e+00	0.00e+00	0.00e+00	0.00e+00	0.00e+00	0.00e+00	8.15e-01	1.10e-01	6.14e-02
 6.88987e+16	9.87e-01	1.34e-02	8.59e-08	0.00e+00	0.00e+00	0.00e+00	0.00e+00	0.00e+00	0.00e+00	8.14e-01	1.11e-01	6.16e-02
 6.89002e+16	9.87e-01	1.32e-02	8.29e-08	0.00e+00	0.00e+00	0.00e+00	0.00e+00	0.00e+00	0.00e+00	8.14e-01	1.11e-01	6.17e-02
 6.89017e+16	9.87e-01	1.29e-02	7.91e-08	0.00e+00	0.00e+00	0.00e+00	0.00e+00	0.00e+00	0.00e+00	8.13e-01	1.12e-01	6.19e-02
 6.89031e+16	9.87e-01	1.27e-02	7.58e-08	0.00e+00	0.00e+00	0.00e+00	0.00e+00	0.00e+00	0.00e+00	8.12e-01	1.13e-01	6.21e-02
 6.89044e+16	9.88e-01	1.25e-02	7.34e-08	0.00e+00	0.00e+00	0.00e+00	0.00e+00	0.00e+00	0.00e+00	8.12e-01	1.13e-01	6.22e-02
 6.89056e+16	9.88e-01	1.22e-02	7.03e-08	0.00e+00	0.00e+00	0.00e+00	0.00e+00	0.00e+00	0.00e+00	8.11e-01	1.14e-01	6.24e-02
 6.89068e+16	9.88e-01	1.20e-02	6.80e-08	0.00e+00	0.00e+00	0.00e+00	0.00e+00	0.00e+00	0.00e+00	8.11e-01	1.15e-01	6.26e-02
 6.89078e+16	9.88e-01	1.18e-02	6.52e-08	0.00e+00	0.00e+00	0.00e+00	0.00e+00	0.00e+00	0.00e+00	8.09e-01	1.16e-01	6.28e-02
 6.89088e+16	9.88e-01	1.16e-02	6.32e-08	0.00e+00	0.00e+00	0.00e+00	0.00e+00	0.00e+00	0.00e+00	8.09e-01	1.16e-01	6.29e-02
 6.89097e+16	9.89e-01	1.14e-02	6.07e-08	0.00e+00	0.00e+00	0.00e+00	0.00e+00	0.00e+00	0.00e+00	8.08e-01	1.18e-01	6.32e-02
 6.89106e+16	9.89e-01	1.12e-02	5.86e-08	0.00e+00	0.00e+00	0.00e+00	0.00e+00	0.00e+00	0.00e+00	8.07e-01	1.18e-01	6.34e-02
 6.89113e+16	9.89e-01	1.10e-02	5.71e-08	0.00e+00	0.00e+00	0.00e+00	0.00e+00	0.00e+00	0.00e+00	8.07e-01	1.19e-01	6.35e-02
 6.89121e+16	9.89e-01	1.08e-02	5.48e-08	0.00e+00	0.00e+00	0.00e+00	0.00e+00	0.00e+00	0.00e+00	8.05e-01	1.20e-01	6.37e-02
 6.89128e+16	9.89e-01	1.06e-02	5.26e-08	0.00e+00	0.00e+00	0.00e+00	0.00e+00	0.00e+00	0.00e+00	8.04e-01	1.21e-01	6.40e-02
 6.89135e+16	9.90e-01	1.04e-02	5.12e-08	0.00e+00	0.00e+00	0.00e+00	0.00e+00	0.00e+00	0.00e+00	8.04e-01	1.22e-01	6.41e-02
 6.89142e+16	9.90e-01	1.02e-02	4.89e-08	0.00e+00	0.00e+00	0.00e+00	0.00e+00	0.00e+00	0.00e+00	8.02e-01	1.23e-01	6.44e-02
 6.89149e+16	9.90e-01	9.92e-03	4.67e-08	0.00e+00	0.00e+00	0.00e+00	0.00e+00	0.00e+00	0.00e+00	8.01e-01	1.24e-01	6.47e-02
 6.89156e+16	9.90e-01	9.65e-03	4.44e-08	0.00e+00	0.00e+00	0.00e+00	0.00e+00	0.00e+00	0.00e+00	8.00e-01	1.26e-01	6.50e-02
 6.89163e+16	9.91e-01	9.29e-03	4.15e-08	0.00e+00	0.00e+00	0.00e+00	0.00e+00	0.00e+00	0.00e+00	7.97e-01	1.28e-01	6.55e-02
 6.89170e+16	9.91e-01	8.90e-03	3.84e-08	0.00e+00	0.00e+00	0.00e+00	0.00e+00	0.00e+00	0.00e+00	7.95e-01	1.30e-01	6.60e-02
 6.89177e+16	9.92e-01	8.26e-03	3.37e-08	0.00e+00	0.00e+00	0.00e+00	0.00e+00	0.00e+00	0.00e+00	7.90e-01	1.35e-01	6.69e-02
 6.89184e+16	9.96e-01	3.71e-03	7.74e-09	0.00e+00	0.00e+00	0.00e+00	0.00e+00	0.00e+00	0.00e+00	7.42e-01	1.82e-01	7.28e-02
