#depth	He	He+	He+2
 6.26183e+11	3.33e-04	3.78e-01	6.22e-01
 3.75710e+12	3.33e-04	3.78e-01	6.22e-01
 1.62808e+13	3.34e-04	3.79e-01	6.21e-01
 6.63754e+13	3.38e-04	3.83e-01	6.17e-01
 1.58550e+14	3.44e-04	3.86e-01	6.14e-01
 2.78376e+14	3.52e-04	3.93e-01	6.07e-01
 4.34150e+14	3.64e-04	4.04e-01	5.96e-01
 6.36657e+14	3.82e-04	4.21e-01	5.79e-01
 8.99915e+14	4.08e-04	4.46e-01	5.54e-01
 1.24215e+15	4.46e-04	4.84e-01	5.16e-01
 1.68706e+15	5.03e-04	5.41e-01	4.58e-01
 2.26544e+15	5.88e-04	6.26e-01	3.74e-01
 2.88150e+15	6.90e-04	7.23e-01	2.77e-01
 3.42158e+15	7.76e-04	8.04e-01	1.95e-01
 3.99872e+15	8.60e-04	8.74e-01	1.25e-01
 4.74900e+15	9.47e-04	9.34e-01	6.52e-02
 5.72436e+15	1.02e-03	9.73e-01	2.61e-02
 6.99232e+15	1.09e-03	9.91e-01	7.88e-03
 8.64068e+15	1.16e-03	9.97e-01	1.83e-03
 1.04626e+16	1.23e-03	9.98e-01	4.08e-04
 1.19205e+16	1.28e-03	9.99e-01	1.38e-04
 1.31126e+16	1.33e-03	9.99e-01	6.05e-05
 1.44238e+16	1.38e-03	9.99e-01	2.61e-05
 1.58662e+16	1.50e-03	9.98e-01	1.07e-05
 1.74528e+16	1.58e-03	9.98e-01	4.33e-06
 1.91981e+16	1.67e-03	9.98e-01	1.81e-06
 2.11179e+16	1.78e-03	9.98e-01	7.86e-07
 2.32297e+16	1.90e-03	9.98e-01	3.56e-07
 2.55527e+16	2.05e-03	9.98e-01	1.69e-07
 2.74074e+16	2.19e-03	9.98e-01	1.03e-07
 2.84231e+16	2.27e-03	9.98e-01	8.00e-08
 2.92920e+16	2.34e-03	9.98e-01	6.41e-08
 3.04215e+16	2.43e-03	9.98e-01	4.89e-08
 3.18898e+16	2.55e-03	9.97e-01	3.52e-08
 3.33625e+16	2.70e-03	9.97e-01	2.64e-08
 3.44407e+16	2.82e-03	9.97e-01	2.17e-08
 3.52680e+16	2.92e-03	9.97e-01	1.87e-08
 3.61692e+16	3.01e-03	9.97e-01	1.59e-08
 3.73407e+16	3.14e-03	9.97e-01	1.31e-08
 3.85892e+16	3.31e-03	9.97e-01	1.08e-08
 3.96193e+16	3.46e-03	9.97e-01	9.36e-09
 4.04553e+16	3.58e-03	9.96e-01	8.35e-09
 4.13571e+16	3.71e-03	9.96e-01	7.38e-09
 4.25294e+16	3.89e-03	9.96e-01	6.35e-09
 4.37324e+16	4.11e-03	9.96e-01	5.54e-09
 4.46691e+16	4.30e-03	9.96e-01	5.01e-09
 4.54267e+16	4.47e-03	9.96e-01	4.63e-09
 4.62574e+16	4.64e-03	9.95e-01	4.25e-09
 4.73374e+16	4.87e-03	9.95e-01	3.83e-09
 4.84832e+16	5.17e-03	9.95e-01	3.46e-09
 4.94241e+16	5.45e-03	9.95e-01	3.21e-09
 5.01978e+16	5.70e-03	9.94e-01	3.02e-09
 5.10448e+16	5.97e-03	9.94e-01	2.83e-09
 5.21459e+16	6.35e-03	9.94e-01	2.62e-09
 5.32752e+16	6.83e-03	9.93e-01	2.44e-09
 5.41323e+16	7.28e-03	9.93e-01	2.31e-09
 5.47837e+16	7.65e-03	9.92e-01	2.22e-09
 5.54769e+16	8.06e-03	9.92e-01	2.13e-09
 5.63780e+16	8.64e-03	9.91e-01	2.03e-09
 5.73187e+16	9.40e-03	9.91e-01	1.93e-09
 5.80574e+16	1.02e-02	9.90e-01	1.85e-09
 5.86220e+16	1.08e-02	9.89e-01	1.80e-09
 5.92138e+16	1.16e-02	9.88e-01	1.75e-09
 5.99831e+16	1.27e-02	9.87e-01	1.68e-09
 6.07642e+16	1.42e-02	9.86e-01	1.62e-09
 6.13532e+16	1.56e-02	9.84e-01	1.58e-09
 6.18135e+16	1.69e-02	9.83e-01	1.54e-09
 6.23143e+16	1.85e-02	9.81e-01	1.50e-09
 6.28332e+16	2.06e-02	9.79e-01	1.47e-09
 6.32370e+16	2.26e-02	9.77e-01	1.45e-09
 6.35452e+16	2.45e-02	9.76e-01	1.44e-09
 6.38680e+16	2.67e-02	9.73e-01	1.42e-09
 6.42235e+16	2.96e-02	9.70e-01	1.41e-09
 6.45302e+16	3.27e-02	9.67e-01	1.40e-09
 6.47732e+16	3.57e-02	9.64e-01	1.40e-09
 6.49890e+16	3.87e-02	9.61e-01	1.41e-09
 6.52338e+16	4.27e-02	9.57e-01	1.42e-09
 6.54913e+16	4.79e-02	9.52e-01	1.44e-09
 6.56986e+16	5.29e-02	9.47e-01	1.47e-09
 6.58619e+16	5.77e-02	9.42e-01	1.50e-09
 6.60347e+16	6.34e-02	9.37e-01	1.54e-09
 6.62257e+16	7.10e-02	9.29e-01	1.60e-09
 6.63926e+16	7.91e-02	9.21e-01	1.67e-09
 6.65278e+16	8.69e-02	9.13e-01	1.74e-09
 6.66507e+16	9.51e-02	9.05e-01	1.81e-09
 6.67881e+16	1.06e-01	8.94e-01	1.92e-09
 6.69330e+16	1.19e-01	8.81e-01	2.06e-09
 6.70549e+16	1.33e-01	8.67e-01	2.21e-09
 6.71488e+16	1.45e-01	8.55e-01	2.33e-09
 6.72277e+16	1.57e-01	8.43e-01	2.45e-09
 6.73036e+16	1.69e-01	8.31e-01	2.58e-09
 6.73781e+16	1.83e-01	8.17e-01	2.72e-09
 6.74347e+16	1.94e-01	8.06e-01	2.85e-09
 6.74693e+16	2.02e-01	7.98e-01	2.92e-09
 6.75007e+16	2.09e-01	7.91e-01	2.98e-09
 6.75392e+16	2.19e-01	7.81e-01	3.07e-09
 6.75812e+16	2.30e-01	7.70e-01	3.18e-09
 6.76199e+16	2.40e-01	7.60e-01	3.28e-09
 6.76542e+16	2.50e-01	7.50e-01	3.37e-09
 6.76869e+16	2.60e-01	7.40e-01	3.47e-09
 6.77205e+16	2.71e-01	7.29e-01	3.57e-09
 6.77544e+16	2.83e-01	7.17e-01	3.68e-09
 6.77871e+16	2.94e-01	7.06e-01	3.78e-09
 6.78182e+16	3.06e-01	6.94e-01	3.89e-09
 6.78485e+16	3.18e-01	6.82e-01	3.99e-09
 6.78785e+16	3.30e-01	6.70e-01	4.10e-09
 6.79082e+16	3.43e-01	6.57e-01	4.21e-09
 6.79370e+16	3.56e-01	6.44e-01	4.32e-09
 6.79651e+16	3.69e-01	6.31e-01	4.42e-09
 6.79927e+16	3.82e-01	6.18e-01	4.53e-09
 6.80197e+16	3.96e-01	6.04e-01	4.63e-09
 6.80463e+16	4.10e-01	5.90e-01	4.74e-09
 6.80723e+16	4.24e-01	5.76e-01	4.84e-09
 6.80978e+16	4.38e-01	5.62e-01	4.94e-09
 6.81227e+16	4.52e-01	5.48e-01	5.04e-09
 6.81472e+16	4.67e-01	5.33e-01	5.13e-09
 6.81712e+16	4.81e-01	5.19e-01	5.23e-09
 6.81948e+16	4.96e-01	5.04e-01	5.32e-09
 6.82179e+16	5.11e-01	4.89e-01	5.40e-09
 6.82406e+16	5.25e-01	4.75e-01	5.48e-09
 6.82627e+16	5.40e-01	4.60e-01	5.56e-09
 6.82840e+16	5.54e-01	4.46e-01	5.63e-09
 6.83047e+16	5.68e-01	4.32e-01	5.70e-09
 6.83249e+16	5.82e-01	4.18e-01	5.75e-09
 6.83445e+16	5.96e-01	4.04e-01	5.81e-09
 6.83637e+16	6.10e-01	3.90e-01	5.86e-09
 6.83823e+16	6.23e-01	3.77e-01	5.90e-09
 6.84004e+16	6.36e-01	3.64e-01	5.94e-09
 6.84183e+16	6.49e-01	3.51e-01	5.97e-09
 6.84357e+16	6.62e-01	3.38e-01	6.00e-09
 6.84522e+16	6.73e-01	3.27e-01	6.02e-09
 6.84686e+16	6.85e-01	3.15e-01	6.03e-09
 6.84848e+16	6.97e-01	3.03e-01	6.05e-09
 6.85003e+16	7.08e-01	2.92e-01	6.05e-09
 6.85155e+16	7.19e-01	2.81e-01	6.06e-09
 6.85307e+16	7.30e-01	2.70e-01	6.05e-09
 6.85455e+16	7.40e-01	2.60e-01	6.04e-09
 6.85595e+16	7.50e-01	2.50e-01	6.03e-09
 6.85732e+16	7.60e-01	2.40e-01	6.01e-09
 6.85869e+16	7.69e-01	2.31e-01	5.99e-09
 6.86005e+16	7.79e-01	2.21e-01	5.97e-09
 6.86135e+16	7.87e-01	2.13e-01	5.94e-09
 6.86262e+16	7.96e-01	2.04e-01	5.91e-09
 6.86387e+16	8.04e-01	1.96e-01	5.86e-09
 6.86511e+16	8.12e-01	1.88e-01	5.82e-09
 6.86630e+16	8.20e-01	1.80e-01	5.78e-09
 6.86749e+16	8.27e-01	1.73e-01	5.73e-09
 6.86864e+16	8.34e-01	1.66e-01	5.68e-09
 6.86975e+16	8.41e-01	1.59e-01	5.62e-09
 6.87083e+16	8.48e-01	1.52e-01	5.56e-09
 6.87191e+16	8.54e-01	1.46e-01	5.51e-09
 6.87298e+16	8.60e-01	1.40e-01	5.43e-09
 6.87401e+16	8.66e-01	1.34e-01	5.37e-09
 6.87498e+16	8.72e-01	1.28e-01	5.29e-09
 6.87594e+16	8.77e-01	1.23e-01	5.22e-09
 6.87690e+16	8.82e-01	1.18e-01	5.14e-09
 6.87783e+16	8.88e-01	1.12e-01	5.06e-09
 6.87873e+16	8.92e-01	1.08e-01	4.98e-09
 6.87959e+16	8.97e-01	1.03e-01	4.89e-09
 6.88044e+16	9.01e-01	9.87e-02	4.80e-09
 6.88127e+16	9.06e-01	9.45e-02	4.71e-09
 6.88206e+16	9.10e-01	9.04e-02	4.62e-09
 6.88281e+16	9.13e-01	8.67e-02	4.52e-09
 6.88349e+16	9.17e-01	8.33e-02	4.43e-09
 6.88411e+16	9.20e-01	8.02e-02	4.35e-09
 6.88470e+16	9.23e-01	7.73e-02	4.25e-09
 6.88524e+16	9.25e-01	7.46e-02	4.17e-09
 6.88575e+16	9.28e-01	7.21e-02	4.08e-09
 6.88622e+16	9.30e-01	6.97e-02	3.99e-09
 6.88663e+16	9.32e-01	6.77e-02	3.91e-09
 6.88701e+16	9.34e-01	6.57e-02	3.83e-09
 6.88737e+16	9.36e-01	6.39e-02	3.76e-09
 6.88771e+16	9.38e-01	6.22e-02	3.68e-09
 6.88802e+16	9.39e-01	6.06e-02	3.61e-09
 6.88831e+16	9.41e-01	5.91e-02	3.54e-09
 6.88858e+16	9.42e-01	5.77e-02	3.47e-09
 6.88883e+16	9.44e-01	5.64e-02	3.40e-09
 6.88906e+16	9.45e-01	5.51e-02	3.34e-09
 6.88928e+16	9.46e-01	5.40e-02	3.27e-09
 6.88948e+16	9.47e-01	5.30e-02	3.23e-09
 6.88968e+16	9.48e-01	5.17e-02	3.15e-09
 6.88987e+16	9.49e-01	5.07e-02	3.09e-09
 6.89002e+16	9.50e-01	4.99e-02	3.04e-09
 6.89017e+16	9.51e-01	4.89e-02	2.98e-09
 6.89031e+16	9.52e-01	4.80e-02	2.92e-09
 6.89044e+16	9.53e-01	4.73e-02	2.88e-09
 6.89056e+16	9.54e-01	4.64e-02	2.81e-09
 6.89068e+16	9.54e-01	4.57e-02	2.77e-09
 6.89078e+16	9.55e-01	4.49e-02	2.71e-09
 6.89088e+16	9.56e-01	4.43e-02	2.67e-09
 6.89097e+16	9.57e-01	4.35e-02	2.61e-09
 6.89106e+16	9.57e-01	4.28e-02	2.55e-09
 6.89113e+16	9.58e-01	4.23e-02	2.52e-09
 6.89121e+16	9.58e-01	4.16e-02	2.46e-09
 6.89128e+16	9.59e-01	4.09e-02	2.40e-09
 6.89135e+16	9.60e-01	4.04e-02	2.36e-09
 6.89142e+16	9.60e-01	3.96e-02	2.29e-09
 6.89149e+16	9.61e-01	3.88e-02	2.22e-09
 6.89156e+16	9.62e-01	3.79e-02	2.15e-09
 6.89163e+16	9.63e-01	3.68e-02	2.05e-09
 6.89170e+16	9.64e-01	3.57e-02	1.94e-09
 6.89177e+16	9.66e-01	3.37e-02	1.75e-09
 6.89184e+16	9.81e-01	1.90e-02	5.72e-10
