#depth	O	O+	O+2	O+3	O+4	O+5	O+6	O+7	O+8	O[1]	O[2]	O[3]
 1.17628e+12	1.98e-06	1.62e-03	2.57e-01	7.14e-01	2.69e-02	6.74e-07	0.00e+00	0.00e+00	0.00e+00	1.49e-06	3.12e-07	1.81e-07
 7.05768e+12	1.97e-06	1.62e-03	2.57e-01	7.14e-01	2.69e-02	6.73e-07	0.00e+00	0.00e+00	0.00e+00	1.48e-06	3.10e-07	1.80e-07
 3.05833e+13	1.99e-06	1.63e-03	2.59e-01	7.13e-01	2.66e-02	6.62e-07	0.00e+00	0.00e+00	0.00e+00	1.49e-06	3.13e-07	1.82e-07
 1.24686e+14	2.06e-06	1.68e-03	2.65e-01	7.08e-01	2.55e-02	6.20e-07	0.00e+00	0.00e+00	0.00e+00	1.54e-06	3.24e-07	1.88e-07
 2.97834e+14	2.08e-06	1.74e-03	2.74e-01	7.00e-01	2.38e-02	5.61e-07	0.00e+00	0.00e+00	0.00e+00	1.56e-06	3.27e-07	1.91e-07
 5.22927e+14	2.19e-06	1.85e-03	2.88e-01	6.89e-01	2.16e-02	4.89e-07	0.00e+00	0.00e+00	0.00e+00	1.65e-06	3.43e-07	2.00e-07
 8.15548e+14	2.38e-06	2.03e-03	3.07e-01	6.72e-01	1.91e-02	4.06e-07	0.00e+00	0.00e+00	0.00e+00	1.79e-06	3.70e-07	2.16e-07
 1.17785e+15	2.66e-06	2.27e-03	3.33e-01	6.48e-01	1.63e-02	3.20e-07	0.00e+00	0.00e+00	0.00e+00	2.01e-06	4.11e-07	2.40e-07
 1.57720e+15	3.00e-06	2.56e-03	3.65e-01	6.19e-01	1.35e-02	2.44e-07	0.00e+00	0.00e+00	0.00e+00	2.27e-06	4.62e-07	2.70e-07
 1.98632e+15	3.45e-06	2.92e-03	4.01e-01	5.85e-01	1.11e-02	1.82e-07	0.00e+00	0.00e+00	0.00e+00	2.61e-06	5.28e-07	3.08e-07
 2.39734e+15	3.99e-06	3.33e-03	4.41e-01	5.47e-01	8.91e-03	1.34e-07	0.00e+00	0.00e+00	0.00e+00	3.03e-06	6.07e-07	3.54e-07
 2.79756e+15	4.62e-06	3.80e-03	4.84e-01	5.05e-01	7.11e-03	0.00e+00	0.00e+00	0.00e+00	0.00e+00	3.51e-06	6.99e-07	4.08e-07
 3.18052e+15	5.35e-06	4.30e-03	5.28e-01	4.62e-01	5.62e-03	0.00e+00	0.00e+00	0.00e+00	0.00e+00	4.07e-06	8.08e-07	4.72e-07
 3.54834e+15	6.21e-06	4.85e-03	5.74e-01	4.17e-01	4.40e-03	0.00e+00	0.00e+00	0.00e+00	0.00e+00	4.73e-06	9.34e-07	5.45e-07
 3.90641e+15	7.18e-06	5.45e-03	6.20e-01	3.71e-01	3.39e-03	0.00e+00	0.00e+00	0.00e+00	0.00e+00	5.47e-06	1.08e-06	6.29e-07
 4.25997e+15	8.28e-06	6.09e-03	6.66e-01	3.25e-01	2.57e-03	0.00e+00	0.00e+00	0.00e+00	0.00e+00	6.32e-06	1.24e-06	7.24e-07
 4.66527e+15	9.86e-06	6.92e-03	7.19e-01	2.72e-01	1.80e-03	0.00e+00	0.00e+00	0.00e+00	0.00e+00	7.52e-06	1.47e-06	8.59e-07
 5.08726e+15	1.16e-05	7.78e-03	7.70e-01	2.21e-01	1.21e-03	0.00e+00	0.00e+00	0.00e+00	0.00e+00	8.85e-06	1.73e-06	1.01e-06
 5.45302e+15	1.33e-05	8.56e-03	8.11e-01	1.80e-01	8.33e-04	0.00e+00	0.00e+00	0.00e+00	0.00e+00	1.02e-05	1.99e-06	1.16e-06
 5.85056e+15	1.57e-05	9.51e-03	8.51e-01	1.39e-01	5.27e-04	0.00e+00	0.00e+00	0.00e+00	0.00e+00	1.20e-05	2.33e-06	1.36e-06
 6.29864e+15	1.85e-05	1.05e-02	8.87e-01	1.02e-01	3.08e-04	0.00e+00	0.00e+00	0.00e+00	0.00e+00	1.42e-05	2.74e-06	1.60e-06
 6.81243e+15	2.23e-05	1.17e-02	9.20e-01	6.85e-02	1.57e-04	0.00e+00	0.00e+00	0.00e+00	0.00e+00	1.71e-05	3.30e-06	1.92e-06
 7.38068e+15	2.70e-05	1.31e-02	9.44e-01	4.33e-02	7.28e-05	0.00e+00	0.00e+00	0.00e+00	0.00e+00	2.07e-05	3.99e-06	2.32e-06
 8.01972e+15	3.34e-05	1.46e-02	9.60e-01	2.52e-02	2.92e-05	0.00e+00	0.00e+00	0.00e+00	0.00e+00	2.56e-05	4.92e-06	2.86e-06
 8.79996e+15	4.27e-05	1.65e-02	9.70e-01	1.29e-02	9.61e-06	0.00e+00	0.00e+00	0.00e+00	0.00e+00	3.28e-05	6.27e-06	3.64e-06
 9.62999e+15	5.46e-05	1.87e-02	9.75e-01	6.48e-03	3.02e-06	0.00e+00	0.00e+00	0.00e+00	0.00e+00	4.19e-05	7.99e-06	4.63e-06
 1.05430e+16	7.13e-05	2.13e-02	9.76e-01	3.08e-03	8.58e-07	0.00e+00	0.00e+00	0.00e+00	0.00e+00	5.48e-05	1.04e-05	6.04e-06
 1.12841e+16	8.73e-05	2.36e-02	9.75e-01	1.79e-03	3.44e-07	0.00e+00	0.00e+00	0.00e+00	0.00e+00	6.71e-05	1.27e-05	7.38e-06
 1.16834e+16	9.76e-05	2.50e-02	9.74e-01	1.34e-03	2.11e-07	0.00e+00	0.00e+00	0.00e+00	0.00e+00	7.51e-05	1.42e-05	8.24e-06
 1.20520e+16	1.08e-04	2.63e-02	9.73e-01	1.01e-03	1.30e-07	0.00e+00	0.00e+00	0.00e+00	0.00e+00	8.35e-05	1.58e-05	9.16e-06
 1.25311e+16	1.24e-04	2.82e-02	9.71e-01	7.09e-04	0.00e+00	0.00e+00	0.00e+00	0.00e+00	0.00e+00	9.56e-05	1.81e-05	1.05e-05
 1.31540e+16	1.48e-04	3.08e-02	9.69e-01	4.52e-04	0.00e+00	0.00e+00	0.00e+00	0.00e+00	0.00e+00	1.14e-04	2.17e-05	1.25e-05
 1.37790e+16	1.76e-04	3.37e-02	9.66e-01	2.98e-04	0.00e+00	0.00e+00	0.00e+00	0.00e+00	0.00e+00	1.36e-04	2.57e-05	1.49e-05
 1.42724e+16	2.02e-04	3.61e-02	9.63e-01	2.16e-04	0.00e+00	0.00e+00	0.00e+00	0.00e+00	0.00e+00	1.56e-04	2.96e-05	1.71e-05
 1.47796e+16	2.34e-04	3.89e-02	9.61e-01	1.53e-04	0.00e+00	0.00e+00	0.00e+00	0.00e+00	0.00e+00	1.80e-04	3.41e-05	1.98e-05
 1.53511e+16	2.74e-04	4.23e-02	9.57e-01	1.07e-04	0.00e+00	0.00e+00	0.00e+00	0.00e+00	0.00e+00	2.11e-04	4.01e-05	2.32e-05
 1.58885e+16	3.19e-04	4.57e-02	9.54e-01	7.66e-05	0.00e+00	0.00e+00	0.00e+00	0.00e+00	0.00e+00	2.45e-04	4.67e-05	2.70e-05
 1.63817e+16	3.66e-04	4.92e-02	9.50e-01	5.69e-05	0.00e+00	0.00e+00	0.00e+00	0.00e+00	0.00e+00	2.81e-04	5.36e-05	3.11e-05
 1.69353e+16	4.29e-04	5.35e-02	9.46e-01	4.05e-05	0.00e+00	0.00e+00	0.00e+00	0.00e+00	0.00e+00	3.29e-04	6.29e-05	3.65e-05
 1.75347e+16	5.08e-04	5.85e-02	9.41e-01	2.87e-05	0.00e+00	0.00e+00	0.00e+00	0.00e+00	0.00e+00	3.90e-04	7.47e-05	4.34e-05
 1.80659e+16	5.94e-04	6.36e-02	9.36e-01	2.13e-05	0.00e+00	0.00e+00	0.00e+00	0.00e+00	0.00e+00	4.56e-04	8.75e-05	5.08e-05
 1.85466e+16	6.83e-04	6.86e-02	9.31e-01	1.63e-05	0.00e+00	0.00e+00	0.00e+00	0.00e+00	0.00e+00	5.24e-04	1.01e-04	5.85e-05
 1.90894e+16	8.03e-04	7.48e-02	9.24e-01	1.20e-05	0.00e+00	0.00e+00	0.00e+00	0.00e+00	0.00e+00	6.15e-04	1.19e-04	6.89e-05
 1.96803e+16	9.60e-04	8.23e-02	9.17e-01	8.79e-06	0.00e+00	0.00e+00	0.00e+00	0.00e+00	0.00e+00	7.35e-04	1.42e-04	8.26e-05
 2.02016e+16	1.13e-03	8.99e-02	9.09e-01	6.72e-06	0.00e+00	0.00e+00	0.00e+00	0.00e+00	0.00e+00	8.63e-04	1.67e-04	9.73e-05
 2.06627e+16	1.30e-03	9.72e-02	9.01e-01	5.31e-06	0.00e+00	0.00e+00	0.00e+00	0.00e+00	0.00e+00	9.97e-04	1.94e-04	1.13e-04
 2.11775e+16	1.53e-03	1.06e-01	8.92e-01	4.07e-06	0.00e+00	0.00e+00	0.00e+00	0.00e+00	0.00e+00	1.17e-03	2.28e-04	1.33e-04
 2.17425e+16	1.84e-03	1.17e-01	8.81e-01	3.08e-06	0.00e+00	0.00e+00	0.00e+00	0.00e+00	0.00e+00	1.41e-03	2.75e-04	1.61e-04
 2.22445e+16	2.18e-03	1.29e-01	8.69e-01	2.42e-06	0.00e+00	0.00e+00	0.00e+00	0.00e+00	0.00e+00	1.67e-03	3.27e-04	1.91e-04
 2.26828e+16	2.54e-03	1.40e-01	8.57e-01	1.96e-06	0.00e+00	0.00e+00	0.00e+00	0.00e+00	0.00e+00	1.94e-03	3.82e-04	2.23e-04
 2.31669e+16	3.00e-03	1.53e-01	8.44e-01	1.55e-06	0.00e+00	0.00e+00	0.00e+00	0.00e+00	0.00e+00	2.29e-03	4.52e-04	2.65e-04
 2.37047e+16	3.65e-03	1.71e-01	8.26e-01	1.20e-06	0.00e+00	0.00e+00	0.00e+00	0.00e+00	0.00e+00	2.77e-03	5.51e-04	3.23e-04
 2.41905e+16	4.38e-03	1.88e-01	8.07e-01	9.62e-07	0.00e+00	0.00e+00	0.00e+00	0.00e+00	0.00e+00	3.33e-03	6.64e-04	3.89e-04
 2.46159e+16	5.17e-03	2.06e-01	7.89e-01	7.90e-07	0.00e+00	0.00e+00	0.00e+00	0.00e+00	0.00e+00	3.92e-03	7.85e-04	4.60e-04
 2.50843e+16	6.19e-03	2.27e-01	7.67e-01	6.33e-07	0.00e+00	0.00e+00	0.00e+00	0.00e+00	0.00e+00	4.70e-03	9.44e-04	5.54e-04
 2.56091e+16	7.67e-03	2.54e-01	7.38e-01	4.96e-07	0.00e+00	0.00e+00	0.00e+00	0.00e+00	0.00e+00	5.81e-03	1.17e-03	6.89e-04
 2.60876e+16	9.41e-03	2.83e-01	7.08e-01	3.95e-07	0.00e+00	0.00e+00	0.00e+00	0.00e+00	0.00e+00	7.12e-03	1.44e-03	8.48e-04
 2.64981e+16	1.13e-02	3.10e-01	6.78e-01	3.23e-07	0.00e+00	0.00e+00	0.00e+00	0.00e+00	0.00e+00	8.52e-03	1.73e-03	1.02e-03
 2.69397e+16	1.37e-02	3.42e-01	6.44e-01	2.60e-07	0.00e+00	0.00e+00	0.00e+00	0.00e+00	0.00e+00	1.03e-02	2.11e-03	1.24e-03
 2.74246e+16	1.71e-02	3.82e-01	6.01e-01	2.02e-07	0.00e+00	0.00e+00	0.00e+00	0.00e+00	0.00e+00	1.29e-02	2.64e-03	1.55e-03
 2.78478e+16	2.10e-02	4.20e-01	5.59e-01	1.59e-07	0.00e+00	0.00e+00	0.00e+00	0.00e+00	0.00e+00	1.58e-02	3.25e-03	1.90e-03
 2.82009e+16	2.49e-02	4.54e-01	5.21e-01	1.29e-07	0.00e+00	0.00e+00	0.00e+00	0.00e+00	0.00e+00	1.88e-02	3.87e-03	2.26e-03
 2.85809e+16	2.99e-02	4.92e-01	4.78e-01	0.00e+00	0.00e+00	0.00e+00	0.00e+00	0.00e+00	0.00e+00	2.26e-02	4.66e-03	2.71e-03
 2.90096e+16	3.71e-02	5.37e-01	4.26e-01	0.00e+00	0.00e+00	0.00e+00	0.00e+00	0.00e+00	0.00e+00	2.80e-02	5.78e-03	3.36e-03
 2.94017e+16	4.56e-02	5.79e-01	3.75e-01	0.00e+00	0.00e+00	0.00e+00	0.00e+00	0.00e+00	0.00e+00	3.44e-02	7.11e-03	4.12e-03
 2.97358e+16	5.44e-02	6.15e-01	3.31e-01	0.00e+00	0.00e+00	0.00e+00	0.00e+00	0.00e+00	0.00e+00	4.10e-02	8.48e-03	4.91e-03
 3.00948e+16	6.54e-02	6.50e-01	2.85e-01	0.00e+00	0.00e+00	0.00e+00	0.00e+00	0.00e+00	0.00e+00	4.93e-02	1.02e-02	5.90e-03
 3.04708e+16	8.01e-02	6.84e-01	2.36e-01	0.00e+00	0.00e+00	0.00e+00	0.00e+00	0.00e+00	0.00e+00	6.04e-02	1.25e-02	7.21e-03
 3.07691e+16	9.45e-02	7.07e-01	1.99e-01	0.00e+00	0.00e+00	0.00e+00	0.00e+00	0.00e+00	0.00e+00	7.13e-02	1.47e-02	8.50e-03
 3.09973e+16	1.07e-01	7.21e-01	1.72e-01	0.00e+00	0.00e+00	0.00e+00	0.00e+00	0.00e+00	0.00e+00	8.09e-02	1.66e-02	9.62e-03
 3.12343e+16	1.21e-01	7.32e-01	1.47e-01	0.00e+00	0.00e+00	0.00e+00	0.00e+00	0.00e+00	0.00e+00	9.16e-02	1.87e-02	1.09e-02
 3.14992e+16	1.40e-01	7.40e-01	1.20e-01	0.00e+00	0.00e+00	0.00e+00	0.00e+00	0.00e+00	0.00e+00	1.06e-01	2.15e-02	1.25e-02
 3.17353e+16	1.59e-01	7.42e-01	9.90e-02	0.00e+00	0.00e+00	0.00e+00	0.00e+00	0.00e+00	0.00e+00	1.21e-01	2.44e-02	1.42e-02
 3.19273e+16	1.77e-01	7.40e-01	8.35e-02	0.00e+00	0.00e+00	0.00e+00	0.00e+00	0.00e+00	0.00e+00	1.34e-01	2.69e-02	1.57e-02
 3.21000e+16	1.94e-01	7.35e-01	7.10e-02	0.00e+00	0.00e+00	0.00e+00	0.00e+00	0.00e+00	0.00e+00	1.47e-01	2.93e-02	1.71e-02
 3.22971e+16	2.15e-01	7.26e-01	5.83e-02	0.00e+00	0.00e+00	0.00e+00	0.00e+00	0.00e+00	0.00e+00	1.64e-01	3.23e-02	1.90e-02
 3.25056e+16	2.41e-01	7.12e-01	4.65e-02	0.00e+00	0.00e+00	0.00e+00	0.00e+00	0.00e+00	0.00e+00	1.84e-01	3.58e-02	2.11e-02
 3.26774e+16	2.64e-01	6.98e-01	3.82e-02	0.00e+00	0.00e+00	0.00e+00	0.00e+00	0.00e+00	0.00e+00	2.02e-01	3.88e-02	2.30e-02
 3.28220e+16	2.85e-01	6.83e-01	3.20e-02	0.00e+00	0.00e+00	0.00e+00	0.00e+00	0.00e+00	0.00e+00	2.19e-01	4.14e-02	2.47e-02
 3.29825e+16	3.09e-01	6.65e-01	2.62e-02	0.00e+00	0.00e+00	0.00e+00	0.00e+00	0.00e+00	0.00e+00	2.38e-01	4.44e-02	2.66e-02
 3.31586e+16	3.39e-01	6.41e-01	2.07e-02	0.00e+00	0.00e+00	0.00e+00	0.00e+00	0.00e+00	0.00e+00	2.62e-01	4.78e-02	2.89e-02
 3.33140e+16	3.67e-01	6.17e-01	1.65e-02	0.00e+00	0.00e+00	0.00e+00	0.00e+00	0.00e+00	0.00e+00	2.85e-01	5.09e-02	3.10e-02
 3.34465e+16	3.91e-01	5.95e-01	1.36e-02	0.00e+00	0.00e+00	0.00e+00	0.00e+00	0.00e+00	0.00e+00	3.05e-01	5.34e-02	3.28e-02
 3.35897e+16	4.18e-01	5.71e-01	1.09e-02	0.00e+00	0.00e+00	0.00e+00	0.00e+00	0.00e+00	0.00e+00	3.27e-01	5.61e-02	3.48e-02
 3.37480e+16	4.51e-01	5.41e-01	8.40e-03	0.00e+00	0.00e+00	0.00e+00	0.00e+00	0.00e+00	0.00e+00	3.54e-01	5.90e-02	3.70e-02
 3.38916e+16	4.81e-01	5.13e-01	6.57e-03	0.00e+00	0.00e+00	0.00e+00	0.00e+00	0.00e+00	0.00e+00	3.80e-01	6.15e-02	3.90e-02
 3.40146e+16	5.07e-01	4.88e-01	5.28e-03	0.00e+00	0.00e+00	0.00e+00	0.00e+00	0.00e+00	0.00e+00	4.03e-01	6.35e-02	4.06e-02
 3.41272e+16	5.31e-01	4.65e-01	4.29e-03	0.00e+00	0.00e+00	0.00e+00	0.00e+00	0.00e+00	0.00e+00	4.24e-01	6.51e-02	4.20e-02
 3.42390e+16	5.55e-01	4.41e-01	3.48e-03	0.00e+00	0.00e+00	0.00e+00	0.00e+00	0.00e+00	0.00e+00	4.45e-01	6.65e-02	4.33e-02
 3.43479e+16	5.79e-01	4.18e-01	2.81e-03	0.00e+00	0.00e+00	0.00e+00	0.00e+00	0.00e+00	0.00e+00	4.67e-01	6.76e-02	4.45e-02
 3.44294e+16	5.96e-01	4.01e-01	2.39e-03	0.00e+00	0.00e+00	0.00e+00	0.00e+00	0.00e+00	0.00e+00	4.82e-01	6.84e-02	4.54e-02
 3.44798e+16	6.06e-01	3.92e-01	2.17e-03	0.00e+00	0.00e+00	0.00e+00	0.00e+00	0.00e+00	0.00e+00	4.91e-01	6.87e-02	4.58e-02
 3.45284e+16	6.16e-01	3.82e-01	1.97e-03	0.00e+00	0.00e+00	0.00e+00	0.00e+00	0.00e+00	0.00e+00	5.00e-01	6.91e-02	4.62e-02
 3.45898e+16	6.28e-01	3.70e-01	1.74e-03	0.00e+00	0.00e+00	0.00e+00	0.00e+00	0.00e+00	0.00e+00	5.12e-01	6.94e-02	4.67e-02
 3.46570e+16	6.43e-01	3.56e-01	1.50e-03	0.00e+00	0.00e+00	0.00e+00	0.00e+00	0.00e+00	0.00e+00	5.26e-01	6.97e-02	4.73e-02
 3.47175e+16	6.55e-01	3.43e-01	1.32e-03	0.00e+00	0.00e+00	0.00e+00	0.00e+00	0.00e+00	0.00e+00	5.38e-01	7.00e-02	4.77e-02
 3.47714e+16	6.66e-01	3.33e-01	1.18e-03	0.00e+00	0.00e+00	0.00e+00	0.00e+00	0.00e+00	0.00e+00	5.48e-01	7.01e-02	4.80e-02
 3.48260e+16	6.77e-01	3.22e-01	1.04e-03	0.00e+00	0.00e+00	0.00e+00	0.00e+00	0.00e+00	0.00e+00	5.59e-01	7.02e-02	4.84e-02
 3.48832e+16	6.89e-01	3.10e-01	9.17e-04	0.00e+00	0.00e+00	0.00e+00	0.00e+00	0.00e+00	0.00e+00	5.70e-01	7.02e-02	4.87e-02
 3.49403e+16	7.00e-01	2.99e-01	8.05e-04	0.00e+00	0.00e+00	0.00e+00	0.00e+00	0.00e+00	0.00e+00	5.81e-01	7.02e-02	4.89e-02
 3.49956e+16	7.11e-01	2.88e-01	7.09e-04	0.00e+00	0.00e+00	0.00e+00	0.00e+00	0.00e+00	0.00e+00	5.92e-01	7.01e-02	4.91e-02
 3.50500e+16	7.22e-01	2.78e-01	6.23e-04	0.00e+00	0.00e+00	0.00e+00	0.00e+00	0.00e+00	0.00e+00	6.02e-01	6.99e-02	4.93e-02
 3.51041e+16	7.32e-01	2.68e-01	5.49e-04	0.00e+00	0.00e+00	0.00e+00	0.00e+00	0.00e+00	0.00e+00	6.12e-01	6.97e-02	4.94e-02
 3.51581e+16	7.42e-01	2.58e-01	4.82e-04	0.00e+00	0.00e+00	0.00e+00	0.00e+00	0.00e+00	0.00e+00	6.23e-01	6.94e-02	4.95e-02
 3.52120e+16	7.52e-01	2.48e-01	4.23e-04	0.00e+00	0.00e+00	0.00e+00	0.00e+00	0.00e+00	0.00e+00	6.33e-01	6.91e-02	4.95e-02
 3.52654e+16	7.61e-01	2.38e-01	3.70e-04	0.00e+00	0.00e+00	0.00e+00	0.00e+00	0.00e+00	0.00e+00	6.43e-01	6.88e-02	4.95e-02
 3.53187e+16	7.71e-01	2.29e-01	3.24e-04	0.00e+00	0.00e+00	0.00e+00	0.00e+00	0.00e+00	0.00e+00	6.53e-01	6.83e-02	4.95e-02
 3.53708e+16	7.80e-01	2.20e-01	2.84e-04	0.00e+00	0.00e+00	0.00e+00	0.00e+00	0.00e+00	0.00e+00	6.62e-01	6.79e-02	4.94e-02
 3.54223e+16	7.88e-01	2.11e-01	2.49e-04	0.00e+00	0.00e+00	0.00e+00	0.00e+00	0.00e+00	0.00e+00	6.71e-01	6.74e-02	4.93e-02
 3.54744e+16	7.97e-01	2.03e-01	2.18e-04	0.00e+00	0.00e+00	0.00e+00	0.00e+00	0.00e+00	0.00e+00	6.81e-01	6.69e-02	4.92e-02
 3.55263e+16	8.05e-01	1.95e-01	1.90e-04	0.00e+00	0.00e+00	0.00e+00	0.00e+00	0.00e+00	0.00e+00	6.90e-01	6.64e-02	4.90e-02
 3.55774e+16	8.13e-01	1.86e-01	1.66e-04	0.00e+00	0.00e+00	0.00e+00	0.00e+00	0.00e+00	0.00e+00	6.99e-01	6.58e-02	4.88e-02
 3.56279e+16	8.21e-01	1.79e-01	1.45e-04	0.00e+00	0.00e+00	0.00e+00	0.00e+00	0.00e+00	0.00e+00	7.07e-01	6.52e-02	4.86e-02
 3.56784e+16	8.28e-01	1.71e-01	1.27e-04	0.00e+00	0.00e+00	0.00e+00	0.00e+00	0.00e+00	0.00e+00	7.15e-01	6.46e-02	4.84e-02
 3.57292e+16	8.36e-01	1.64e-01	1.10e-04	0.00e+00	0.00e+00	0.00e+00	0.00e+00	0.00e+00	0.00e+00	7.24e-01	6.39e-02	4.81e-02
 3.57790e+16	8.43e-01	1.57e-01	9.61e-05	0.00e+00	0.00e+00	0.00e+00	0.00e+00	0.00e+00	0.00e+00	7.32e-01	6.33e-02	4.78e-02
 3.58277e+16	8.49e-01	1.50e-01	8.39e-05	0.00e+00	0.00e+00	0.00e+00	0.00e+00	0.00e+00	0.00e+00	7.39e-01	6.26e-02	4.75e-02
 3.58770e+16	8.56e-01	1.44e-01	7.30e-05	0.00e+00	0.00e+00	0.00e+00	0.00e+00	0.00e+00	0.00e+00	7.47e-01	6.19e-02	4.72e-02
 3.59261e+16	8.62e-01	1.38e-01	6.36e-05	0.00e+00	0.00e+00	0.00e+00	0.00e+00	0.00e+00	0.00e+00	7.54e-01	6.12e-02	4.69e-02
 3.59737e+16	8.68e-01	1.32e-01	5.54e-05	0.00e+00	0.00e+00	0.00e+00	0.00e+00	0.00e+00	0.00e+00	7.61e-01	6.05e-02	4.65e-02
 3.60201e+16	8.74e-01	1.26e-01	4.85e-05	0.00e+00	0.00e+00	0.00e+00	0.00e+00	0.00e+00	0.00e+00	7.68e-01	5.99e-02	4.62e-02
 3.60663e+16	8.79e-01	1.21e-01	4.25e-05	0.00e+00	0.00e+00	0.00e+00	0.00e+00	0.00e+00	0.00e+00	7.74e-01	5.92e-02	4.58e-02
 3.61125e+16	8.84e-01	1.16e-01	3.71e-05	0.00e+00	0.00e+00	0.00e+00	0.00e+00	0.00e+00	0.00e+00	7.80e-01	5.85e-02	4.54e-02
 3.61586e+16	8.89e-01	1.11e-01	3.23e-05	0.00e+00	0.00e+00	0.00e+00	0.00e+00	0.00e+00	0.00e+00	7.87e-01	5.78e-02	4.50e-02
 3.62038e+16	8.94e-01	1.06e-01	2.83e-05	0.00e+00	0.00e+00	0.00e+00	0.00e+00	0.00e+00	0.00e+00	7.92e-01	5.71e-02	4.47e-02
 3.62475e+16	8.99e-01	1.01e-01	2.48e-05	0.00e+00	0.00e+00	0.00e+00	0.00e+00	0.00e+00	0.00e+00	7.98e-01	5.65e-02	4.43e-02
 3.62905e+16	9.03e-01	9.71e-02	2.18e-05	0.00e+00	0.00e+00	0.00e+00	0.00e+00	0.00e+00	0.00e+00	8.03e-01	5.59e-02	4.39e-02
 3.63334e+16	9.07e-01	9.30e-02	1.91e-05	0.00e+00	0.00e+00	0.00e+00	0.00e+00	0.00e+00	0.00e+00	8.08e-01	5.53e-02	4.35e-02
 3.63761e+16	9.11e-01	8.90e-02	1.68e-05	0.00e+00	0.00e+00	0.00e+00	0.00e+00	0.00e+00	0.00e+00	8.13e-01	5.46e-02	4.31e-02
 3.64182e+16	9.15e-01	8.53e-02	1.48e-05	0.00e+00	0.00e+00	0.00e+00	0.00e+00	0.00e+00	0.00e+00	8.18e-01	5.40e-02	4.28e-02
 3.64590e+16	9.18e-01	8.17e-02	1.30e-05	0.00e+00	0.00e+00	0.00e+00	0.00e+00	0.00e+00	0.00e+00	8.22e-01	5.34e-02	4.24e-02
 3.64993e+16	9.22e-01	7.84e-02	1.15e-05	0.00e+00	0.00e+00	0.00e+00	0.00e+00	0.00e+00	0.00e+00	8.27e-01	5.29e-02	4.20e-02
 3.65395e+16	9.25e-01	7.52e-02	1.01e-05	0.00e+00	0.00e+00	0.00e+00	0.00e+00	0.00e+00	0.00e+00	8.31e-01	5.23e-02	4.17e-02
 3.65795e+16	9.28e-01	7.20e-02	8.92e-06	0.00e+00	0.00e+00	0.00e+00	0.00e+00	0.00e+00	0.00e+00	8.35e-01	5.18e-02	4.13e-02
 3.66188e+16	9.31e-01	6.90e-02	7.88e-06	0.00e+00	0.00e+00	0.00e+00	0.00e+00	0.00e+00	0.00e+00	8.39e-01	5.12e-02	4.10e-02
 3.66573e+16	9.34e-01	6.62e-02	6.98e-06	0.00e+00	0.00e+00	0.00e+00	0.00e+00	0.00e+00	0.00e+00	8.42e-01	5.07e-02	4.06e-02
 3.66954e+16	9.36e-01	6.35e-02	6.19e-06	0.00e+00	0.00e+00	0.00e+00	0.00e+00	0.00e+00	0.00e+00	8.46e-01	5.02e-02	4.03e-02
 3.67329e+16	9.39e-01	6.09e-02	5.48e-06	0.00e+00	0.00e+00	0.00e+00	0.00e+00	0.00e+00	0.00e+00	8.49e-01	4.97e-02	4.00e-02
 3.67706e+16	9.42e-01	5.84e-02	4.86e-06	0.00e+00	0.00e+00	0.00e+00	0.00e+00	0.00e+00	0.00e+00	8.53e-01	4.93e-02	3.96e-02
 3.68081e+16	9.44e-01	5.60e-02	4.31e-06	0.00e+00	0.00e+00	0.00e+00	0.00e+00	0.00e+00	0.00e+00	8.56e-01	4.88e-02	3.93e-02
 3.68448e+16	9.46e-01	5.38e-02	3.83e-06	0.00e+00	0.00e+00	0.00e+00	0.00e+00	0.00e+00	0.00e+00	8.59e-01	4.83e-02	3.90e-02
 3.68807e+16	9.48e-01	5.16e-02	3.41e-06	0.00e+00	0.00e+00	0.00e+00	0.00e+00	0.00e+00	0.00e+00	8.62e-01	4.79e-02	3.86e-02
 3.69164e+16	9.50e-01	4.96e-02	3.04e-06	0.00e+00	0.00e+00	0.00e+00	0.00e+00	0.00e+00	0.00e+00	8.65e-01	4.74e-02	3.83e-02
 3.69522e+16	9.52e-01	4.75e-02	2.70e-06	0.00e+00	0.00e+00	0.00e+00	0.00e+00	0.00e+00	0.00e+00	8.68e-01	4.70e-02	3.79e-02
 3.69877e+16	9.54e-01	4.56e-02	2.41e-06	0.00e+00	0.00e+00	0.00e+00	0.00e+00	0.00e+00	0.00e+00	8.70e-01	4.66e-02	3.76e-02
 3.70225e+16	9.56e-01	4.38e-02	2.15e-06	0.00e+00	0.00e+00	0.00e+00	0.00e+00	0.00e+00	0.00e+00	8.73e-01	4.62e-02	3.72e-02
 3.70568e+16	9.58e-01	4.20e-02	1.92e-06	0.00e+00	0.00e+00	0.00e+00	0.00e+00	0.00e+00	0.00e+00	8.75e-01	4.58e-02	3.69e-02
 3.70909e+16	9.60e-01	4.03e-02	1.72e-06	0.00e+00	0.00e+00	0.00e+00	0.00e+00	0.00e+00	0.00e+00	8.78e-01	4.54e-02	3.66e-02
 3.71250e+16	9.61e-01	3.88e-02	1.53e-06	0.00e+00	0.00e+00	0.00e+00	0.00e+00	0.00e+00	0.00e+00	8.80e-01	4.50e-02	3.63e-02
 3.71586e+16	9.63e-01	3.72e-02	1.37e-06	0.00e+00	0.00e+00	0.00e+00	0.00e+00	0.00e+00	0.00e+00	8.82e-01	4.47e-02	3.60e-02
 3.71917e+16	9.64e-01	3.57e-02	1.23e-06	0.00e+00	0.00e+00	0.00e+00	0.00e+00	0.00e+00	0.00e+00	8.84e-01	4.43e-02	3.57e-02
 3.72246e+16	9.66e-01	3.43e-02	1.11e-06	0.00e+00	0.00e+00	0.00e+00	0.00e+00	0.00e+00	0.00e+00	8.86e-01	4.40e-02	3.55e-02
 3.72573e+16	9.67e-01	3.29e-02	9.93e-07	0.00e+00	0.00e+00	0.00e+00	0.00e+00	0.00e+00	0.00e+00	8.88e-01	4.36e-02	3.52e-02
 3.72900e+16	9.68e-01	3.16e-02	8.91e-07	0.00e+00	0.00e+00	0.00e+00	0.00e+00	0.00e+00	0.00e+00	8.90e-01	4.33e-02	3.49e-02
 3.73222e+16	9.70e-01	3.03e-02	8.01e-07	0.00e+00	0.00e+00	0.00e+00	0.00e+00	0.00e+00	0.00e+00	8.92e-01	4.30e-02	3.46e-02
 3.73538e+16	9.71e-01	2.91e-02	7.22e-07	0.00e+00	0.00e+00	0.00e+00	0.00e+00	0.00e+00	0.00e+00	8.94e-01	4.27e-02	3.44e-02
 3.73852e+16	9.72e-01	2.79e-02	6.51e-07	0.00e+00	0.00e+00	0.00e+00	0.00e+00	0.00e+00	0.00e+00	8.96e-01	4.24e-02	3.41e-02
 3.74163e+16	9.73e-01	2.68e-02	5.87e-07	0.00e+00	0.00e+00	0.00e+00	0.00e+00	0.00e+00	0.00e+00	8.97e-01	4.21e-02	3.39e-02
 3.74469e+16	9.74e-01	2.57e-02	5.31e-07	0.00e+00	0.00e+00	0.00e+00	0.00e+00	0.00e+00	0.00e+00	8.99e-01	4.18e-02	3.36e-02
 3.74756e+16	9.75e-01	2.47e-02	4.84e-07	0.00e+00	0.00e+00	0.00e+00	0.00e+00	0.00e+00	0.00e+00	9.00e-01	4.16e-02	3.34e-02
 3.75013e+16	9.76e-01	2.39e-02	4.46e-07	0.00e+00	0.00e+00	0.00e+00	0.00e+00	0.00e+00	0.00e+00	9.02e-01	4.13e-02	3.32e-02
 3.75242e+16	9.77e-01	2.32e-02	4.14e-07	0.00e+00	0.00e+00	0.00e+00	0.00e+00	0.00e+00	0.00e+00	9.03e-01	4.11e-02	3.30e-02
 3.75453e+16	9.77e-01	2.26e-02	3.87e-07	0.00e+00	0.00e+00	0.00e+00	0.00e+00	0.00e+00	0.00e+00	9.04e-01	4.10e-02	3.29e-02
 3.75649e+16	9.78e-01	2.20e-02	3.64e-07	0.00e+00	0.00e+00	0.00e+00	0.00e+00	0.00e+00	0.00e+00	9.05e-01	4.08e-02	3.27e-02
 3.75833e+16	9.79e-01	2.14e-02	3.44e-07	0.00e+00	0.00e+00	0.00e+00	0.00e+00	0.00e+00	0.00e+00	9.05e-01	4.06e-02	3.26e-02
 3.76001e+16	9.79e-01	2.10e-02	3.26e-07	0.00e+00	0.00e+00	0.00e+00	0.00e+00	0.00e+00	0.00e+00	9.06e-01	4.05e-02	3.24e-02
 3.76155e+16	9.79e-01	2.05e-02	3.11e-07	0.00e+00	0.00e+00	0.00e+00	0.00e+00	0.00e+00	0.00e+00	9.07e-01	4.03e-02	3.23e-02
 3.76299e+16	9.80e-01	2.01e-02	2.97e-07	0.00e+00	0.00e+00	0.00e+00	0.00e+00	0.00e+00	0.00e+00	9.08e-01	4.02e-02	3.22e-02
 3.76432e+16	9.80e-01	1.97e-02	2.85e-07	0.00e+00	0.00e+00	0.00e+00	0.00e+00	0.00e+00	0.00e+00	9.08e-01	4.01e-02	3.21e-02
 3.76557e+16	9.81e-01	1.94e-02	2.74e-07	0.00e+00	0.00e+00	0.00e+00	0.00e+00	0.00e+00	0.00e+00	9.09e-01	3.99e-02	3.20e-02
 3.76674e+16	9.81e-01	1.90e-02	2.64e-07	0.00e+00	0.00e+00	0.00e+00	0.00e+00	0.00e+00	0.00e+00	9.09e-01	3.98e-02	3.18e-02
 3.76782e+16	9.81e-01	1.87e-02	2.55e-07	0.00e+00	0.00e+00	0.00e+00	0.00e+00	0.00e+00	0.00e+00	9.10e-01	3.97e-02	3.17e-02
 3.76883e+16	9.82e-01	1.84e-02	2.47e-07	0.00e+00	0.00e+00	0.00e+00	0.00e+00	0.00e+00	0.00e+00	9.10e-01	3.96e-02	3.17e-02
 3.76979e+16	9.82e-01	1.81e-02	2.40e-07	0.00e+00	0.00e+00	0.00e+00	0.00e+00	0.00e+00	0.00e+00	9.11e-01	3.95e-02	3.16e-02
 3.77071e+16	9.82e-01	1.79e-02	2.33e-07	0.00e+00	0.00e+00	0.00e+00	0.00e+00	0.00e+00	0.00e+00	9.11e-01	3.94e-02	3.15e-02
 3.77157e+16	9.82e-01	1.76e-02	2.27e-07	0.00e+00	0.00e+00	0.00e+00	0.00e+00	0.00e+00	0.00e+00	9.12e-01	3.93e-02	3.14e-02
 3.77237e+16	9.83e-01	1.74e-02	2.21e-07	0.00e+00	0.00e+00	0.00e+00	0.00e+00	0.00e+00	0.00e+00	9.12e-01	3.92e-02	3.13e-02
 3.77313e+16	9.83e-01	1.71e-02	2.16e-07	0.00e+00	0.00e+00	0.00e+00	0.00e+00	0.00e+00	0.00e+00	9.13e-01	3.91e-02	3.12e-02
 3.77385e+16	9.83e-01	1.69e-02	2.11e-07	0.00e+00	0.00e+00	0.00e+00	0.00e+00	0.00e+00	0.00e+00	9.13e-01	3.90e-02	3.11e-02
 3.77454e+16	9.83e-01	1.67e-02	2.06e-07	0.00e+00	0.00e+00	0.00e+00	0.00e+00	0.00e+00	0.00e+00	9.13e-01	3.90e-02	3.11e-02
 3.77520e+16	9.83e-01	1.65e-02	2.02e-07	0.00e+00	0.00e+00	0.00e+00	0.00e+00	0.00e+00	0.00e+00	9.14e-01	3.89e-02	3.10e-02
 3.77583e+16	9.84e-01	1.63e-02	1.98e-07	0.00e+00	0.00e+00	0.00e+00	0.00e+00	0.00e+00	0.00e+00	9.14e-01	3.88e-02	3.09e-02
 3.77642e+16	9.84e-01	1.61e-02	1.94e-07	0.00e+00	0.00e+00	0.00e+00	0.00e+00	0.00e+00	0.00e+00	9.14e-01	3.87e-02	3.08e-02
 3.77700e+16	9.84e-01	1.59e-02	1.90e-07	0.00e+00	0.00e+00	0.00e+00	0.00e+00	0.00e+00	0.00e+00	9.15e-01	3.86e-02	3.08e-02
 3.77756e+16	9.84e-01	1.58e-02	1.87e-07	0.00e+00	0.00e+00	0.00e+00	0.00e+00	0.00e+00	0.00e+00	9.15e-01	3.86e-02	3.07e-02
 3.77809e+16	9.84e-01	1.56e-02	1.84e-07	0.00e+00	0.00e+00	0.00e+00	0.00e+00	0.00e+00	0.00e+00	9.15e-01	3.85e-02	3.06e-02
 3.77861e+16	9.85e-01	1.54e-02	1.81e-07	0.00e+00	0.00e+00	0.00e+00	0.00e+00	0.00e+00	0.00e+00	9.16e-01	3.84e-02	3.05e-02
 3.77911e+16	9.85e-01	1.52e-02	1.78e-07	0.00e+00	0.00e+00	0.00e+00	0.00e+00	0.00e+00	0.00e+00	9.16e-01	3.83e-02	3.05e-02
 3.77961e+16	9.85e-01	1.51e-02	1.75e-07	0.00e+00	0.00e+00	0.00e+00	0.00e+00	0.00e+00	0.00e+00	9.16e-01	3.82e-02	3.04e-02
 3.78011e+16	9.85e-01	1.49e-02	1.72e-07	0.00e+00	0.00e+00	0.00e+00	0.00e+00	0.00e+00	0.00e+00	9.17e-01	3.82e-02	3.03e-02
 3.78061e+16	9.85e-01	1.47e-02	1.69e-07	0.00e+00	0.00e+00	0.00e+00	0.00e+00	0.00e+00	0.00e+00	9.17e-01	3.81e-02	3.02e-02
 3.78110e+16	9.85e-01	1.45e-02	1.66e-07	0.00e+00	0.00e+00	0.00e+00	0.00e+00	0.00e+00	0.00e+00	9.17e-01	3.80e-02	3.02e-02
 3.78159e+16	9.86e-01	1.44e-02	1.63e-07	0.00e+00	0.00e+00	0.00e+00	0.00e+00	0.00e+00	0.00e+00	9.18e-01	3.79e-02	3.01e-02
 3.78209e+16	9.86e-01	1.42e-02	1.61e-07	0.00e+00	0.00e+00	0.00e+00	0.00e+00	0.00e+00	0.00e+00	9.18e-01	3.78e-02	3.00e-02
 3.78261e+16	9.86e-01	1.40e-02	1.57e-07	0.00e+00	0.00e+00	0.00e+00	0.00e+00	0.00e+00	0.00e+00	9.18e-01	3.77e-02	2.99e-02
 3.78317e+16	9.86e-01	1.38e-02	1.54e-07	0.00e+00	0.00e+00	0.00e+00	0.00e+00	0.00e+00	0.00e+00	9.19e-01	3.76e-02	2.98e-02
 3.78376e+16	9.86e-01	1.35e-02	1.51e-07	0.00e+00	0.00e+00	0.00e+00	0.00e+00	0.00e+00	0.00e+00	9.19e-01	3.75e-02	2.97e-02
 3.78442e+16	9.87e-01	1.32e-02	1.47e-07	0.00e+00	0.00e+00	0.00e+00	0.00e+00	0.00e+00	0.00e+00	9.20e-01	3.73e-02	2.95e-02
 3.78509e+16	9.87e-01	1.30e-02	1.43e-07	0.00e+00	0.00e+00	0.00e+00	0.00e+00	0.00e+00	0.00e+00	9.21e-01	3.71e-02	2.94e-02
 3.78572e+16	9.87e-01	1.27e-02	1.40e-07	0.00e+00	0.00e+00	0.00e+00	0.00e+00	0.00e+00	0.00e+00	9.21e-01	3.70e-02	2.92e-02
 3.78628e+16	9.88e-01	1.24e-02	1.37e-07	0.00e+00	0.00e+00	0.00e+00	0.00e+00	0.00e+00	0.00e+00	9.22e-01	3.68e-02	2.91e-02
 3.78680e+16	9.88e-01	1.22e-02	1.34e-07	0.00e+00	0.00e+00	0.00e+00	0.00e+00	0.00e+00	0.00e+00	9.22e-01	3.67e-02	2.89e-02
 3.78727e+16	9.88e-01	1.20e-02	1.31e-07	0.00e+00	0.00e+00	0.00e+00	0.00e+00	0.00e+00	0.00e+00	9.23e-01	3.66e-02	2.88e-02
 3.78770e+16	9.88e-01	1.18e-02	1.29e-07	0.00e+00	0.00e+00	0.00e+00	0.00e+00	0.00e+00	0.00e+00	9.23e-01	3.65e-02	2.87e-02
 3.78809e+16	9.88e-01	1.17e-02	1.26e-07	0.00e+00	0.00e+00	0.00e+00	0.00e+00	0.00e+00	0.00e+00	9.23e-01	3.64e-02	2.86e-02
 3.78844e+16	9.88e-01	1.15e-02	1.24e-07	0.00e+00	0.00e+00	0.00e+00	0.00e+00	0.00e+00	0.00e+00	9.24e-01	3.62e-02	2.85e-02
 3.78876e+16	9.89e-01	1.14e-02	1.23e-07	0.00e+00	0.00e+00	0.00e+00	0.00e+00	0.00e+00	0.00e+00	9.24e-01	3.61e-02	2.84e-02
 3.78912e+16	9.89e-01	1.12e-02	1.21e-07	0.00e+00	0.00e+00	0.00e+00	0.00e+00	0.00e+00	0.00e+00	9.24e-01	3.60e-02	2.83e-02
 3.78950e+16	9.89e-01	1.11e-02	1.18e-07	0.00e+00	0.00e+00	0.00e+00	0.00e+00	0.00e+00	0.00e+00	9.25e-01	3.59e-02	2.82e-02
 3.78985e+16	9.89e-01	1.09e-02	1.17e-07	0.00e+00	0.00e+00	0.00e+00	0.00e+00	0.00e+00	0.00e+00	9.25e-01	3.57e-02	2.81e-02
 3.79016e+16	9.89e-01	1.08e-02	1.15e-07	0.00e+00	0.00e+00	0.00e+00	0.00e+00	0.00e+00	0.00e+00	9.26e-01	3.56e-02	2.80e-02
 3.79051e+16	9.89e-01	1.07e-02	1.13e-07	0.00e+00	0.00e+00	0.00e+00	0.00e+00	0.00e+00	0.00e+00	9.26e-01	3.55e-02	2.79e-02
 3.79088e+16	9.89e-01	1.05e-02	1.11e-07	0.00e+00	0.00e+00	0.00e+00	0.00e+00	0.00e+00	0.00e+00	9.26e-01	3.54e-02	2.78e-02
 3.79122e+16	9.90e-01	1.04e-02	1.09e-07	0.00e+00	0.00e+00	0.00e+00	0.00e+00	0.00e+00	0.00e+00	9.27e-01	3.53e-02	2.77e-02
 3.79153e+16	9.90e-01	1.03e-02	1.07e-07	0.00e+00	0.00e+00	0.00e+00	0.00e+00	0.00e+00	0.00e+00	9.27e-01	3.52e-02	2.76e-02
 3.79187e+16	9.90e-01	1.01e-02	1.05e-07	0.00e+00	0.00e+00	0.00e+00	0.00e+00	0.00e+00	0.00e+00	9.27e-01	3.50e-02	2.75e-02
 3.79224e+16	9.90e-01	1.00e-02	1.03e-07	0.00e+00	0.00e+00	0.00e+00	0.00e+00	0.00e+00	0.00e+00	9.28e-01	3.49e-02	2.74e-02
 3.79264e+16	9.90e-01	9.89e-03	1.01e-07	0.00e+00	0.00e+00	0.00e+00	0.00e+00	0.00e+00	0.00e+00	9.28e-01	3.48e-02	2.73e-02
 3.79316e+16	9.90e-01	9.73e-03	9.88e-08	0.00e+00	0.00e+00	0.00e+00	0.00e+00	0.00e+00	0.00e+00	9.28e-01	3.47e-02	2.72e-02
 3.79372e+16	9.90e-01	9.56e-03	9.61e-08	0.00e+00	0.00e+00	0.00e+00	0.00e+00	0.00e+00	0.00e+00	9.29e-01	3.45e-02	2.71e-02
 3.79424e+16	9.91e-01	9.41e-03	9.37e-08	0.00e+00	0.00e+00	0.00e+00	0.00e+00	0.00e+00	0.00e+00	9.29e-01	3.44e-02	2.70e-02
 3.79470e+16	9.91e-01	9.27e-03	9.15e-08	0.00e+00	0.00e+00	0.00e+00	0.00e+00	0.00e+00	0.00e+00	9.30e-01	3.43e-02	2.69e-02
 3.79513e+16	9.91e-01	9.14e-03	8.95e-08	0.00e+00	0.00e+00	0.00e+00	0.00e+00	0.00e+00	0.00e+00	9.30e-01	3.42e-02	2.68e-02
 3.79559e+16	9.91e-01	9.01e-03	8.74e-08	0.00e+00	0.00e+00	0.00e+00	0.00e+00	0.00e+00	0.00e+00	9.30e-01	3.40e-02	2.66e-02
 3.79609e+16	9.91e-01	8.86e-03	8.51e-08	0.00e+00	0.00e+00	0.00e+00	0.00e+00	0.00e+00	0.00e+00	9.31e-01	3.39e-02	2.65e-02
 3.79655e+16	9.91e-01	8.73e-03	8.31e-08	0.00e+00	0.00e+00	0.00e+00	0.00e+00	0.00e+00	0.00e+00	9.31e-01	3.38e-02	2.64e-02
 3.79697e+16	9.91e-01	8.61e-03	8.12e-08	0.00e+00	0.00e+00	0.00e+00	0.00e+00	0.00e+00	0.00e+00	9.31e-01	3.37e-02	2.63e-02
 3.79742e+16	9.92e-01	8.48e-03	7.92e-08	0.00e+00	0.00e+00	0.00e+00	0.00e+00	0.00e+00	0.00e+00	9.32e-01	3.35e-02	2.62e-02
 3.79791e+16	9.92e-01	8.35e-03	7.71e-08	0.00e+00	0.00e+00	0.00e+00	0.00e+00	0.00e+00	0.00e+00	9.32e-01	3.34e-02	2.61e-02
 3.79836e+16	9.92e-01	8.23e-03	7.52e-08	0.00e+00	0.00e+00	0.00e+00	0.00e+00	0.00e+00	0.00e+00	9.33e-01	3.33e-02	2.59e-02
 3.79877e+16	9.92e-01	8.10e-03	7.33e-08	0.00e+00	0.00e+00	0.00e+00	0.00e+00	0.00e+00	0.00e+00	9.33e-01	3.31e-02	2.58e-02
 3.79914e+16	9.92e-01	7.99e-03	7.16e-08	0.00e+00	0.00e+00	0.00e+00	0.00e+00	0.00e+00	0.00e+00	9.33e-01	3.30e-02	2.57e-02
 3.79954e+16	9.92e-01	7.87e-03	6.97e-08	0.00e+00	0.00e+00	0.00e+00	0.00e+00	0.00e+00	0.00e+00	9.34e-01	3.29e-02	2.56e-02
 3.79998e+16	9.92e-01	7.74e-03	6.78e-08	0.00e+00	0.00e+00	0.00e+00	0.00e+00	0.00e+00	0.00e+00	9.34e-01	3.27e-02	2.54e-02
 3.80038e+16	9.92e-01	7.62e-03	6.60e-08	0.00e+00	0.00e+00	0.00e+00	0.00e+00	0.00e+00	0.00e+00	9.34e-01	3.26e-02	2.53e-02
 3.80075e+16	9.92e-01	7.52e-03	6.45e-08	0.00e+00	0.00e+00	0.00e+00	0.00e+00	0.00e+00	0.00e+00	9.35e-01	3.25e-02	2.52e-02
 3.80114e+16	9.93e-01	7.41e-03	6.29e-08	0.00e+00	0.00e+00	0.00e+00	0.00e+00	0.00e+00	0.00e+00	9.35e-01	3.23e-02	2.50e-02
 3.80157e+16	9.93e-01	7.29e-03	6.11e-08	0.00e+00	0.00e+00	0.00e+00	0.00e+00	0.00e+00	0.00e+00	9.36e-01	3.22e-02	2.49e-02
 3.80196e+16	9.93e-01	7.17e-03	5.96e-08	0.00e+00	0.00e+00	0.00e+00	0.00e+00	0.00e+00	0.00e+00	9.36e-01	3.20e-02	2.48e-02
 3.80232e+16	9.93e-01	7.07e-03	5.82e-08	0.00e+00	0.00e+00	0.00e+00	0.00e+00	0.00e+00	0.00e+00	9.36e-01	3.19e-02	2.46e-02
 3.80271e+16	9.93e-01	6.95e-03	5.66e-08	0.00e+00	0.00e+00	0.00e+00	0.00e+00	0.00e+00	0.00e+00	9.37e-01	3.18e-02	2.45e-02
