#depth	H	H+	H2
 1.17628e+12	1.28e-03	9.99e-01	1.01e-12
 7.05768e+12	1.28e-03	9.99e-01	1.01e-12
 3.05833e+13	1.28e-03	9.99e-01	1.01e-12
 1.24686e+14	1.28e-03	9.99e-01	1.05e-12
 2.97834e+14	1.27e-03	9.99e-01	1.08e-12
 5.22927e+14	1.26e-03	9.99e-01	1.15e-12
 8.15548e+14	1.28e-03	9.99e-01	1.26e-12
 1.17785e+15	1.30e-03	9.99e-01	1.42e-12
 1.57720e+15	1.33e-03	9.99e-01	1.61e-12
 1.98632e+15	1.37e-03	9.99e-01	1.84e-12
 2.39734e+15	1.42e-03	9.99e-01	2.09e-12
 2.79756e+15	1.48e-03	9.99e-01	2.36e-12
 3.18052e+15	1.53e-03	9.98e-01	2.65e-12
 3.54834e+15	1.60e-03	9.98e-01	2.94e-12
 3.90641e+15	1.66e-03	9.98e-01	3.24e-12
 4.25997e+15	1.73e-03	9.98e-01	3.57e-12
 4.66527e+15	1.83e-03	9.98e-01	4.00e-12
 5.08726e+15	1.92e-03	9.98e-01	4.45e-12
 5.45302e+15	2.02e-03	9.98e-01	4.90e-12
 5.85056e+15	2.14e-03	9.98e-01	5.47e-12
 6.29864e+15	2.27e-03	9.98e-01	6.18e-12
 6.81243e+15	2.45e-03	9.98e-01	7.11e-12
 7.38068e+15	2.65e-03	9.97e-01	8.28e-12
 8.01972e+15	2.91e-03	9.97e-01	9.78e-12
 8.79996e+15	3.23e-03	9.97e-01	1.19e-11
 9.62999e+15	3.60e-03	9.96e-01	1.43e-11
 1.05430e+16	4.03e-03	9.96e-01	1.73e-11
 1.12841e+16	4.40e-03	9.96e-01	2.02e-11
 1.16834e+16	4.60e-03	9.95e-01	2.19e-11
 1.20520e+16	4.81e-03	9.95e-01	2.33e-11
 1.25311e+16	5.09e-03	9.95e-01	2.52e-11
 1.31540e+16	5.47e-03	9.95e-01	2.78e-11
 1.37790e+16	5.86e-03	9.94e-01	3.08e-11
 1.42724e+16	6.19e-03	9.94e-01	3.33e-11
 1.47796e+16	6.55e-03	9.93e-01	3.57e-11
 1.53511e+16	6.97e-03	9.93e-01	3.87e-11
 1.58885e+16	7.39e-03	9.93e-01	4.17e-11
 1.63817e+16	7.79e-03	9.92e-01	4.44e-11
 1.69353e+16	8.28e-03	9.92e-01	4.74e-11
 1.75347e+16	8.84e-03	9.91e-01	5.10e-11
 1.80659e+16	9.39e-03	9.91e-01	5.49e-11
 1.85466e+16	9.89e-03	9.90e-01	5.79e-11
 1.90894e+16	1.05e-02	9.89e-01	6.12e-11
 1.96803e+16	1.13e-02	9.89e-01	6.56e-11
 2.02016e+16	1.20e-02	9.88e-01	6.99e-11
 2.06627e+16	1.27e-02	9.87e-01	7.38e-11
 2.11775e+16	1.35e-02	9.87e-01	7.71e-11
 2.17425e+16	1.45e-02	9.86e-01	8.20e-11
 2.22445e+16	1.55e-02	9.85e-01	8.73e-11
 2.26828e+16	1.64e-02	9.84e-01	9.18e-11
 2.31669e+16	1.75e-02	9.82e-01	9.53e-11
 2.37047e+16	1.89e-02	9.81e-01	1.01e-10
 2.41905e+16	2.04e-02	9.80e-01	1.07e-10
 2.46159e+16	2.18e-02	9.78e-01	1.12e-10
 2.50843e+16	2.35e-02	9.77e-01	1.16e-10
 2.56091e+16	2.57e-02	9.74e-01	1.22e-10
 2.60876e+16	2.81e-02	9.72e-01	1.30e-10
 2.64981e+16	3.04e-02	9.70e-01	1.37e-10
 2.69397e+16	3.31e-02	9.67e-01	1.41e-10
 2.74246e+16	3.68e-02	9.63e-01	1.49e-10
 2.78478e+16	4.06e-02	9.59e-01	1.58e-10
 2.82009e+16	4.43e-02	9.56e-01	1.66e-10
 2.85809e+16	4.87e-02	9.51e-01	1.71e-10
 2.90096e+16	5.47e-02	9.45e-01	1.80e-10
 2.94017e+16	6.16e-02	9.38e-01	1.92e-10
 2.97358e+16	6.85e-02	9.31e-01	2.03e-10
 3.00948e+16	7.69e-02	9.23e-01	2.12e-10
 3.04708e+16	8.82e-02	9.12e-01	2.28e-10
 3.07691e+16	9.92e-02	9.01e-01	2.47e-10
 3.09973e+16	1.09e-01	8.91e-01	2.62e-10
 3.12343e+16	1.20e-01	8.80e-01	2.75e-10
 3.14992e+16	1.34e-01	8.66e-01	2.95e-10
 3.17353e+16	1.49e-01	8.51e-01	3.19e-10
 3.19273e+16	1.63e-01	8.37e-01	3.42e-10
 3.21000e+16	1.77e-01	8.23e-01	3.64e-10
 3.22971e+16	1.95e-01	8.05e-01	3.90e-10
 3.25056e+16	2.16e-01	7.84e-01	4.28e-10
 3.26774e+16	2.36e-01	7.64e-01	4.64e-10
 3.28220e+16	2.53e-01	7.47e-01	4.98e-10
 3.29825e+16	2.74e-01	7.26e-01	5.36e-10
 3.31586e+16	3.00e-01	7.00e-01	5.89e-10
 3.33140e+16	3.25e-01	6.75e-01	6.47e-10
 3.34465e+16	3.48e-01	6.52e-01	7.00e-10
 3.35897e+16	3.73e-01	6.27e-01	7.59e-10
 3.37480e+16	4.03e-01	5.97e-01	8.39e-10
 3.38916e+16	4.32e-01	5.68e-01	9.23e-10
 3.40146e+16	4.57e-01	5.43e-01	1.00e-09
 3.41272e+16	4.80e-01	5.20e-01	1.08e-09
 3.42390e+16	5.04e-01	4.96e-01	1.17e-09
 3.43479e+16	5.28e-01	4.72e-01	1.26e-09
 3.44294e+16	5.45e-01	4.55e-01	1.33e-09
 3.44798e+16	5.55e-01	4.45e-01	1.38e-09
 3.45284e+16	5.65e-01	4.35e-01	1.42e-09
 3.45898e+16	5.78e-01	4.22e-01	1.49e-09
 3.46570e+16	5.93e-01	4.07e-01	1.56e-09
 3.47175e+16	6.06e-01	3.94e-01	1.63e-09
 3.47714e+16	6.18e-01	3.82e-01	1.69e-09
 3.48260e+16	6.29e-01	3.71e-01	1.76e-09
 3.48832e+16	6.41e-01	3.59e-01	1.83e-09
 3.49403e+16	6.54e-01	3.46e-01	1.90e-09
 3.49956e+16	6.65e-01	3.35e-01	1.97e-09
 3.50500e+16	6.77e-01	3.23e-01	2.06e-09
 3.51041e+16	6.88e-01	3.12e-01	2.13e-09
 3.51581e+16	6.99e-01	3.01e-01	2.22e-09
 3.52120e+16	7.09e-01	2.91e-01	2.30e-09
 3.52654e+16	7.20e-01	2.80e-01	2.40e-09
 3.53187e+16	7.30e-01	2.70e-01	2.49e-09
 3.53708e+16	7.40e-01	2.60e-01	2.58e-09
 3.54223e+16	7.50e-01	2.50e-01	2.68e-09
 3.54744e+16	7.60e-01	2.40e-01	2.79e-09
 3.55263e+16	7.69e-01	2.31e-01	2.89e-09
 3.55774e+16	7.78e-01	2.22e-01	3.00e-09
 3.56279e+16	7.87e-01	2.13e-01	3.11e-09
 3.56784e+16	7.95e-01	2.05e-01	3.23e-09
 3.57292e+16	8.04e-01	1.96e-01	3.35e-09
 3.57790e+16	8.12e-01	1.88e-01	3.48e-09
 3.58277e+16	8.19e-01	1.81e-01	3.60e-09
 3.58770e+16	8.27e-01	1.73e-01	3.75e-09
 3.59261e+16	8.34e-01	1.66e-01	3.88e-09
 3.59737e+16	8.41e-01	1.59e-01	4.04e-09
 3.60201e+16	8.47e-01	1.53e-01	4.16e-09
 3.60663e+16	8.54e-01	1.46e-01	4.33e-09
 3.61125e+16	8.60e-01	1.40e-01	4.49e-09
 3.61586e+16	8.66e-01	1.34e-01	4.66e-09
 3.62038e+16	8.71e-01	1.29e-01	4.83e-09
 3.62475e+16	8.77e-01	1.23e-01	5.00e-09
 3.62905e+16	8.82e-01	1.18e-01	5.19e-09
 3.63334e+16	8.87e-01	1.13e-01	5.39e-09
 3.63761e+16	8.91e-01	1.09e-01	5.59e-09
 3.64182e+16	8.96e-01	1.04e-01	5.80e-09
 3.64590e+16	9.00e-01	1.00e-01	6.02e-09
 3.64993e+16	9.04e-01	9.60e-02	6.24e-09
 3.65395e+16	9.08e-01	9.22e-02	6.48e-09
 3.65795e+16	9.12e-01	8.84e-02	6.74e-09
 3.66188e+16	9.15e-01	8.48e-02	7.03e-09
 3.66573e+16	9.19e-01	8.15e-02	7.28e-09
 3.66954e+16	9.22e-01	7.82e-02	7.60e-09
 3.67329e+16	9.25e-01	7.51e-02	7.92e-09
 3.67706e+16	9.28e-01	7.21e-02	8.26e-09
 3.68081e+16	9.31e-01	6.92e-02	8.63e-09
 3.68448e+16	9.34e-01	6.64e-02	9.03e-09
 3.68807e+16	9.36e-01	6.38e-02	9.45e-09
 3.69164e+16	9.39e-01	6.13e-02	9.90e-09
 3.69522e+16	9.41e-01	5.89e-02	1.04e-08
 3.69877e+16	9.43e-01	5.65e-02	1.10e-08
 3.70225e+16	9.46e-01	5.43e-02	1.16e-08
 3.70568e+16	9.48e-01	5.22e-02	1.22e-08
 3.70909e+16	9.50e-01	5.01e-02	1.29e-08
 3.71250e+16	9.52e-01	4.82e-02	1.37e-08
 3.71586e+16	9.54e-01	4.63e-02	1.47e-08
 3.71917e+16	9.55e-01	4.45e-02	1.56e-08
 3.72246e+16	9.57e-01	4.27e-02	1.68e-08
 3.72573e+16	9.59e-01	4.10e-02	1.82e-08
 3.72900e+16	9.61e-01	3.94e-02	1.97e-08
 3.73222e+16	9.62e-01	3.79e-02	2.15e-08
 3.73538e+16	9.64e-01	3.64e-02	2.36e-08
 3.73852e+16	9.65e-01	3.49e-02	2.61e-08
 3.74163e+16	9.66e-01	3.36e-02	2.91e-08
 3.74469e+16	9.68e-01	3.23e-02	3.27e-08
 3.74756e+16	9.69e-01	3.11e-02	3.69e-08
 3.75013e+16	9.70e-01	3.01e-02	4.15e-08
 3.75242e+16	9.71e-01	2.92e-02	4.65e-08
 3.75453e+16	9.72e-01	2.84e-02	5.21e-08
 3.75649e+16	9.72e-01	2.77e-02	5.82e-08
 3.75833e+16	9.73e-01	2.70e-02	6.57e-08
 3.76001e+16	9.74e-01	2.65e-02	7.34e-08
 3.76155e+16	9.74e-01	2.59e-02	8.23e-08
 3.76299e+16	9.75e-01	2.54e-02	9.23e-08
 3.76432e+16	9.75e-01	2.50e-02	1.03e-07
 3.76557e+16	9.75e-01	2.45e-02	1.16e-07
 3.76674e+16	9.76e-01	2.41e-02	1.30e-07
 3.76782e+16	9.76e-01	2.37e-02	1.45e-07
 3.76883e+16	9.77e-01	2.34e-02	1.61e-07
 3.76979e+16	9.77e-01	2.30e-02	1.82e-07
 3.77071e+16	9.77e-01	2.27e-02	2.02e-07
 3.77157e+16	9.78e-01	2.24e-02	2.28e-07
 3.77237e+16	9.78e-01	2.21e-02	2.53e-07
 3.77313e+16	9.78e-01	2.18e-02	2.84e-07
 3.77385e+16	9.78e-01	2.16e-02	3.17e-07
 3.77454e+16	9.79e-01	2.14e-02	3.53e-07
 3.77520e+16	9.79e-01	2.11e-02	3.97e-07
 3.77583e+16	9.79e-01	2.09e-02	4.42e-07
 3.77642e+16	9.79e-01	2.07e-02	4.92e-07
 3.77700e+16	9.80e-01	2.04e-02	5.52e-07
 3.77756e+16	9.80e-01	2.02e-02	6.13e-07
 3.77809e+16	9.80e-01	2.00e-02	6.85e-07
 3.77861e+16	9.80e-01	1.98e-02	7.62e-07
 3.77911e+16	9.80e-01	1.96e-02	8.46e-07
 3.77961e+16	9.81e-01	1.94e-02	9.42e-07
 3.78011e+16	9.81e-01	1.91e-02	1.04e-06
 3.78061e+16	9.81e-01	1.89e-02	1.17e-06
 3.78110e+16	9.81e-01	1.88e-02	1.29e-06
 3.78159e+16	9.81e-01	1.85e-02	1.43e-06
 3.78209e+16	9.82e-01	1.83e-02	1.58e-06
 3.78261e+16	9.82e-01	1.81e-02	1.75e-06
 3.78317e+16	9.82e-01	1.78e-02	1.92e-06
 3.78376e+16	9.82e-01	1.75e-02	2.11e-06
 3.78442e+16	9.83e-01	1.72e-02	2.31e-06
 3.78509e+16	9.83e-01	1.69e-02	2.48e-06
 3.78572e+16	9.83e-01	1.66e-02	2.62e-06
 3.78628e+16	9.84e-01	1.63e-02	2.72e-06
 3.78680e+16	9.84e-01	1.60e-02	2.79e-06
 3.78727e+16	9.84e-01	1.58e-02	2.85e-06
 3.78770e+16	9.84e-01	1.56e-02	2.90e-06
 3.78809e+16	9.85e-01	1.54e-02	2.94e-06
 3.78844e+16	9.85e-01	1.52e-02	2.97e-06
 3.78876e+16	9.85e-01	1.50e-02	2.99e-06
 3.78912e+16	9.85e-01	1.49e-02	3.02e-06
 3.78950e+16	9.85e-01	1.47e-02	3.05e-06
 3.78985e+16	9.85e-01	1.45e-02	3.08e-06
 3.79016e+16	9.86e-01	1.44e-02	3.10e-06
 3.79051e+16	9.86e-01	1.42e-02	3.13e-06
 3.79088e+16	9.86e-01	1.41e-02	3.16e-06
 3.79122e+16	9.86e-01	1.39e-02	3.19e-06
 3.79153e+16	9.86e-01	1.38e-02	3.22e-06
 3.79187e+16	9.86e-01	1.36e-02	3.25e-06
 3.79224e+16	9.87e-01	1.35e-02	3.28e-06
 3.79264e+16	9.87e-01	1.33e-02	3.31e-06
 3.79316e+16	9.87e-01	1.31e-02	3.35e-06
 3.79372e+16	9.87e-01	1.29e-02	3.39e-06
 3.79424e+16	9.87e-01	1.28e-02	3.43e-06
 3.79470e+16	9.87e-01	1.26e-02	3.47e-06
 3.79513e+16	9.88e-01	1.24e-02	3.50e-06
 3.79559e+16	9.88e-01	1.23e-02	3.55e-06
 3.79609e+16	9.88e-01	1.21e-02	3.59e-06
 3.79655e+16	9.88e-01	1.20e-02	3.64e-06
 3.79697e+16	9.88e-01	1.18e-02	3.68e-06
 3.79742e+16	9.88e-01	1.17e-02	3.73e-06
 3.79791e+16	9.88e-01	1.15e-02	3.78e-06
 3.79836e+16	9.89e-01	1.14e-02	3.83e-06
 3.79877e+16	9.89e-01	1.12e-02	3.89e-06
 3.79914e+16	9.89e-01	1.11e-02	3.94e-06
 3.79954e+16	9.89e-01	1.10e-02	4.00e-06
 3.79998e+16	9.89e-01	1.08e-02	4.06e-06
 3.80038e+16	9.89e-01	1.07e-02	4.12e-06
 3.80075e+16	9.89e-01	1.06e-02	4.18e-06
 3.80114e+16	9.90e-01	1.04e-02	4.24e-06
 3.80157e+16	9.90e-01	1.03e-02	4.31e-06
 3.80196e+16	9.90e-01	1.02e-02	4.37e-06
 3.80232e+16	9.90e-01	1.01e-02	4.43e-06
 3.80271e+16	9.90e-01	9.91e-03	4.50e-06
