#depth	He	He+	He+2
 1.17628e+12	1.20e-04	1.46e-01	8.54e-01
 7.05768e+12	1.20e-04	1.46e-01	8.54e-01
 3.05833e+13	1.21e-04	1.47e-01	8.53e-01
 1.24686e+14	1.25e-04	1.50e-01	8.50e-01
 2.97834e+14	1.29e-04	1.54e-01	8.46e-01
 5.22927e+14	1.38e-04	1.61e-01	8.39e-01
 8.15548e+14	1.51e-04	1.71e-01	8.29e-01
 1.17785e+15	1.69e-04	1.86e-01	8.14e-01
 1.57720e+15	1.93e-04	2.04e-01	7.95e-01
 1.98632e+15	2.22e-04	2.27e-01	7.72e-01
 2.39734e+15	2.57e-04	2.55e-01	7.45e-01
 2.79756e+15	2.97e-04	2.86e-01	7.14e-01
 3.18052e+15	3.42e-04	3.20e-01	6.79e-01
 3.54834e+15	3.94e-04	3.59e-01	6.41e-01
 3.90641e+15	4.52e-04	4.01e-01	5.98e-01
 4.25997e+15	5.16e-04	4.47e-01	5.53e-01
 4.66527e+15	6.02e-04	5.06e-01	4.94e-01
 5.08726e+15	6.98e-04	5.70e-01	4.29e-01
 5.45302e+15	7.90e-04	6.29e-01	3.70e-01
 5.85056e+15	9.02e-04	6.94e-01	3.05e-01
 6.29864e+15	1.02e-03	7.60e-01	2.38e-01
 6.81243e+15	1.17e-03	8.27e-01	1.72e-01
 7.38068e+15	1.31e-03	8.84e-01	1.14e-01
 8.01972e+15	1.47e-03	9.29e-01	6.96e-02
 8.79996e+15	1.64e-03	9.61e-01	3.72e-02
 9.62999e+15	1.82e-03	9.79e-01	1.91e-02
 1.05430e+16	2.01e-03	9.89e-01	9.35e-03
 1.12841e+16	2.17e-03	9.92e-01	5.50e-03
 1.16834e+16	2.26e-03	9.94e-01	4.17e-03
 1.20520e+16	2.35e-03	9.94e-01	3.20e-03
 1.25311e+16	2.47e-03	9.95e-01	2.28e-03
 1.31540e+16	2.63e-03	9.96e-01	1.50e-03
 1.37790e+16	2.79e-03	9.96e-01	1.02e-03
 1.42724e+16	2.93e-03	9.96e-01	7.57e-04
 1.47796e+16	3.09e-03	9.96e-01	5.55e-04
 1.53511e+16	3.27e-03	9.96e-01	4.00e-04
 1.58885e+16	3.44e-03	9.96e-01	2.98e-04
 1.63817e+16	3.61e-03	9.96e-01	2.29e-04
 1.69353e+16	3.82e-03	9.96e-01	1.70e-04
 1.75347e+16	4.05e-03	9.96e-01	1.26e-04
 1.80659e+16	4.27e-03	9.96e-01	9.76e-05
 1.85466e+16	4.48e-03	9.95e-01	7.79e-05
 1.90894e+16	4.73e-03	9.95e-01	6.01e-05
 1.96803e+16	5.03e-03	9.95e-01	4.64e-05
 2.02016e+16	5.31e-03	9.95e-01	3.73e-05
 2.06627e+16	5.57e-03	9.94e-01	3.08e-05
 2.11775e+16	5.88e-03	9.94e-01	2.49e-05
 2.17425e+16	6.25e-03	9.94e-01	2.00e-05
 2.22445e+16	6.61e-03	9.93e-01	1.66e-05
 2.26828e+16	6.95e-03	9.93e-01	1.42e-05
 2.31669e+16	7.34e-03	9.93e-01	1.19e-05
 2.37047e+16	7.82e-03	9.92e-01	9.92e-06
 2.41905e+16	8.30e-03	9.92e-01	8.48e-06
 2.46159e+16	8.76e-03	9.91e-01	7.42e-06
 2.50843e+16	9.31e-03	9.91e-01	6.39e-06
 2.56091e+16	9.99e-03	9.90e-01	5.46e-06
 2.60876e+16	1.07e-02	9.89e-01	4.78e-06
 2.64981e+16	1.14e-02	9.89e-01	4.27e-06
 2.69397e+16	1.22e-02	9.88e-01	3.78e-06
 2.74246e+16	1.32e-02	9.87e-01	3.34e-06
 2.78478e+16	1.42e-02	9.86e-01	3.01e-06
 2.82009e+16	1.52e-02	9.85e-01	2.77e-06
 2.85809e+16	1.63e-02	9.84e-01	2.53e-06
 2.90096e+16	1.78e-02	9.82e-01	2.29e-06
 2.94017e+16	1.95e-02	9.81e-01	2.11e-06
 2.97358e+16	2.11e-02	9.79e-01	1.97e-06
 3.00948e+16	2.31e-02	9.77e-01	1.82e-06
 3.04708e+16	2.57e-02	9.74e-01	1.70e-06
 3.07691e+16	2.82e-02	9.72e-01	1.60e-06
 3.09973e+16	3.04e-02	9.70e-01	1.54e-06
 3.12343e+16	3.29e-02	9.67e-01	1.47e-06
 3.14992e+16	3.62e-02	9.64e-01	1.40e-06
 3.17353e+16	3.97e-02	9.60e-01	1.35e-06
 3.19273e+16	4.30e-02	9.57e-01	1.31e-06
 3.21000e+16	4.64e-02	9.54e-01	1.27e-06
 3.22971e+16	5.08e-02	9.49e-01	1.22e-06
 3.25056e+16	5.62e-02	9.44e-01	1.18e-06
 3.26774e+16	6.13e-02	9.39e-01	1.16e-06
 3.28220e+16	6.62e-02	9.34e-01	1.13e-06
 3.29825e+16	7.23e-02	9.28e-01	1.11e-06
 3.31586e+16	7.99e-02	9.20e-01	1.08e-06
 3.33140e+16	8.77e-02	9.12e-01	1.06e-06
 3.34465e+16	9.51e-02	9.05e-01	1.05e-06
 3.35897e+16	1.04e-01	8.96e-01	1.03e-06
 3.37480e+16	1.15e-01	8.85e-01	1.01e-06
 3.38916e+16	1.27e-01	8.73e-01	1.00e-06
 3.40146e+16	1.38e-01	8.62e-01	9.92e-07
 3.41272e+16	1.49e-01	8.51e-01	9.83e-07
 3.42390e+16	1.61e-01	8.39e-01	9.75e-07
 3.43479e+16	1.74e-01	8.26e-01	9.69e-07
 3.44294e+16	1.84e-01	8.16e-01	9.69e-07
 3.44798e+16	1.91e-01	8.09e-01	9.67e-07
 3.45284e+16	1.98e-01	8.02e-01	9.61e-07
 3.45898e+16	2.07e-01	7.93e-01	9.55e-07
 3.46570e+16	2.17e-01	7.83e-01	9.50e-07
 3.47175e+16	2.27e-01	7.73e-01	9.50e-07
 3.47714e+16	2.36e-01	7.64e-01	9.47e-07
 3.48260e+16	2.45e-01	7.55e-01	9.43e-07
 3.48832e+16	2.55e-01	7.45e-01	9.40e-07
 3.49403e+16	2.66e-01	7.34e-01	9.38e-07
 3.49956e+16	2.76e-01	7.24e-01	9.37e-07
 3.50500e+16	2.87e-01	7.13e-01	9.33e-07
 3.51041e+16	2.98e-01	7.02e-01	9.32e-07
 3.51581e+16	3.10e-01	6.90e-01	9.28e-07
 3.52120e+16	3.22e-01	6.78e-01	9.27e-07
 3.52654e+16	3.34e-01	6.66e-01	9.24e-07
 3.53187e+16	3.46e-01	6.54e-01	9.20e-07
 3.53708e+16	3.59e-01	6.41e-01	9.18e-07
 3.54223e+16	3.71e-01	6.29e-01	9.15e-07
 3.54744e+16	3.85e-01	6.15e-01	9.10e-07
 3.55263e+16	3.98e-01	6.02e-01	9.08e-07
 3.55774e+16	4.11e-01	5.89e-01	9.03e-07
 3.56279e+16	4.25e-01	5.75e-01	9.00e-07
 3.56784e+16	4.39e-01	5.61e-01	8.95e-07
 3.57292e+16	4.53e-01	5.47e-01	8.90e-07
 3.57790e+16	4.67e-01	5.33e-01	8.86e-07
 3.58277e+16	4.81e-01	5.19e-01	8.81e-07
 3.58770e+16	4.95e-01	5.05e-01	8.74e-07
 3.59261e+16	5.09e-01	4.91e-01	8.70e-07
 3.59737e+16	5.24e-01	4.76e-01	8.62e-07
 3.60201e+16	5.37e-01	4.63e-01	8.57e-07
 3.60663e+16	5.51e-01	4.49e-01	8.50e-07
 3.61125e+16	5.65e-01	4.35e-01	8.42e-07
 3.61586e+16	5.79e-01	4.21e-01	8.35e-07
 3.62038e+16	5.92e-01	4.08e-01	8.27e-07
 3.62475e+16	6.05e-01	3.95e-01	8.20e-07
 3.62905e+16	6.18e-01	3.82e-01	8.12e-07
 3.63334e+16	6.31e-01	3.69e-01	8.03e-07
 3.63761e+16	6.44e-01	3.56e-01	7.94e-07
 3.64182e+16	6.56e-01	3.44e-01	7.86e-07
 3.64590e+16	6.68e-01	3.32e-01	7.77e-07
 3.64993e+16	6.79e-01	3.21e-01	7.68e-07
 3.65395e+16	6.91e-01	3.09e-01	7.59e-07
 3.65795e+16	7.02e-01	2.98e-01	7.50e-07
 3.66188e+16	7.13e-01	2.87e-01	7.39e-07
 3.66573e+16	7.23e-01	2.77e-01	7.31e-07
 3.66954e+16	7.33e-01	2.67e-01	7.21e-07
 3.67329e+16	7.43e-01	2.57e-01	7.11e-07
 3.67706e+16	7.53e-01	2.47e-01	7.01e-07
 3.68081e+16	7.62e-01	2.38e-01	6.91e-07
 3.68448e+16	7.71e-01	2.29e-01	6.81e-07
 3.68807e+16	7.80e-01	2.20e-01	6.71e-07
 3.69164e+16	7.88e-01	2.12e-01	6.61e-07
 3.69522e+16	7.96e-01	2.04e-01	6.50e-07
 3.69877e+16	8.04e-01	1.96e-01	6.40e-07
 3.70225e+16	8.12e-01	1.88e-01	6.30e-07
 3.70568e+16	8.19e-01	1.81e-01	6.20e-07
 3.70909e+16	8.26e-01	1.74e-01	6.09e-07
 3.71250e+16	8.33e-01	1.67e-01	5.99e-07
 3.71586e+16	8.39e-01	1.61e-01	5.88e-07
 3.71917e+16	8.46e-01	1.54e-01	5.79e-07
 3.72246e+16	8.52e-01	1.48e-01	5.67e-07
 3.72573e+16	8.58e-01	1.42e-01	5.56e-07
 3.72900e+16	8.63e-01	1.37e-01	5.46e-07
 3.73222e+16	8.69e-01	1.31e-01	5.35e-07
 3.73538e+16	8.74e-01	1.26e-01	5.24e-07
 3.73852e+16	8.79e-01	1.21e-01	5.13e-07
 3.74163e+16	8.84e-01	1.16e-01	5.03e-07
 3.74469e+16	8.88e-01	1.12e-01	4.92e-07
 3.74756e+16	8.93e-01	1.07e-01	4.81e-07
 3.75013e+16	8.96e-01	1.04e-01	4.71e-07
 3.75242e+16	9.00e-01	1.00e-01	4.62e-07
 3.75453e+16	9.02e-01	9.75e-02	4.53e-07
 3.75649e+16	9.05e-01	9.49e-02	4.45e-07
 3.75833e+16	9.08e-01	9.24e-02	4.37e-07
 3.76001e+16	9.10e-01	9.02e-02	4.30e-07
 3.76155e+16	9.12e-01	8.82e-02	4.23e-07
 3.76299e+16	9.14e-01	8.63e-02	4.16e-07
 3.76432e+16	9.15e-01	8.47e-02	4.10e-07
 3.76557e+16	9.17e-01	8.31e-02	4.04e-07
 3.76674e+16	9.18e-01	8.16e-02	3.99e-07
 3.76782e+16	9.20e-01	8.03e-02	3.93e-07
 3.76883e+16	9.21e-01	7.91e-02	3.89e-07
 3.76979e+16	9.22e-01	7.79e-02	3.83e-07
 3.77071e+16	9.23e-01	7.68e-02	3.79e-07
 3.77157e+16	9.24e-01	7.57e-02	3.74e-07
 3.77237e+16	9.25e-01	7.48e-02	3.71e-07
 3.77313e+16	9.26e-01	7.39e-02	3.66e-07
 3.77385e+16	9.27e-01	7.31e-02	3.63e-07
 3.77454e+16	9.28e-01	7.23e-02	3.59e-07
 3.77520e+16	9.29e-01	7.14e-02	3.55e-07
 3.77583e+16	9.29e-01	7.07e-02	3.52e-07
 3.77642e+16	9.30e-01	7.01e-02	3.48e-07
 3.77700e+16	9.31e-01	6.93e-02	3.44e-07
 3.77756e+16	9.31e-01	6.87e-02	3.42e-07
 3.77809e+16	9.32e-01	6.81e-02	3.38e-07
 3.77861e+16	9.33e-01	6.75e-02	3.35e-07
 3.77911e+16	9.33e-01	6.69e-02	3.32e-07
 3.77961e+16	9.34e-01	6.63e-02	3.28e-07
 3.78011e+16	9.34e-01	6.57e-02	3.25e-07
 3.78061e+16	9.35e-01	6.51e-02	3.22e-07
 3.78110e+16	9.35e-01	6.46e-02	3.19e-07
 3.78159e+16	9.36e-01	6.40e-02	3.15e-07
 3.78209e+16	9.37e-01	6.34e-02	3.12e-07
 3.78261e+16	9.37e-01	6.28e-02	3.08e-07
 3.78317e+16	9.38e-01	6.21e-02	3.04e-07
 3.78376e+16	9.39e-01	6.14e-02	3.00e-07
 3.78442e+16	9.39e-01	6.06e-02	2.94e-07
 3.78509e+16	9.40e-01	5.98e-02	2.89e-07
 3.78572e+16	9.41e-01	5.90e-02	2.84e-07
 3.78628e+16	9.42e-01	5.83e-02	2.79e-07
 3.78680e+16	9.42e-01	5.76e-02	2.75e-07
 3.78727e+16	9.43e-01	5.71e-02	2.71e-07
 3.78770e+16	9.44e-01	5.65e-02	2.68e-07
 3.78809e+16	9.44e-01	5.60e-02	2.64e-07
 3.78844e+16	9.44e-01	5.55e-02	2.61e-07
 3.78876e+16	9.45e-01	5.51e-02	2.59e-07
 3.78912e+16	9.45e-01	5.47e-02	2.56e-07
 3.78950e+16	9.46e-01	5.42e-02	2.52e-07
 3.78985e+16	9.46e-01	5.37e-02	2.50e-07
 3.79016e+16	9.47e-01	5.33e-02	2.47e-07
 3.79051e+16	9.47e-01	5.29e-02	2.44e-07
 3.79088e+16	9.48e-01	5.24e-02	2.41e-07
 3.79122e+16	9.48e-01	5.20e-02	2.38e-07
 3.79153e+16	9.48e-01	5.16e-02	2.36e-07
 3.79187e+16	9.49e-01	5.11e-02	2.33e-07
 3.79224e+16	9.49e-01	5.07e-02	2.31e-07
 3.79264e+16	9.50e-01	5.02e-02	2.28e-07
 3.79316e+16	9.50e-01	4.97e-02	2.25e-07
 3.79372e+16	9.51e-01	4.90e-02	2.21e-07
 3.79424e+16	9.51e-01	4.85e-02	2.18e-07
 3.79470e+16	9.52e-01	4.80e-02	2.16e-07
 3.79513e+16	9.52e-01	4.75e-02	2.13e-07
 3.79559e+16	9.53e-01	4.70e-02	2.10e-07
 3.79609e+16	9.53e-01	4.65e-02	2.07e-07
 3.79655e+16	9.54e-01	4.60e-02	2.05e-07
 3.79697e+16	9.54e-01	4.56e-02	2.02e-07
 3.79742e+16	9.55e-01	4.51e-02	2.00e-07
 3.79791e+16	9.55e-01	4.46e-02	1.97e-07
 3.79836e+16	9.56e-01	4.42e-02	1.95e-07
 3.79877e+16	9.56e-01	4.37e-02	1.92e-07
 3.79914e+16	9.57e-01	4.33e-02	1.90e-07
 3.79954e+16	9.57e-01	4.28e-02	1.87e-07
 3.79998e+16	9.58e-01	4.24e-02	1.85e-07
 3.80038e+16	9.58e-01	4.20e-02	1.82e-07
 3.80075e+16	9.58e-01	4.16e-02	1.80e-07
 3.80114e+16	9.59e-01	4.12e-02	1.78e-07
 3.80157e+16	9.59e-01	4.07e-02	1.76e-07
 3.80196e+16	9.60e-01	4.03e-02	1.74e-07
 3.80232e+16	9.60e-01	4.00e-02	1.72e-07
 3.80271e+16	9.60e-01	3.96e-02	1.70e-07
