#depth	H	H+	H2
 2.46175e+11	2.69e-03	9.97e-01	1.03e-11
 1.47705e+12	2.70e-03	9.97e-01	1.03e-11
 6.40054e+12	2.70e-03	9.97e-01	1.03e-11
 2.60945e+13	2.70e-03	9.97e-01	1.04e-11
 6.23314e+13	2.68e-03	9.97e-01	1.04e-11
 1.09439e+14	2.67e-03	9.97e-01	1.04e-11
 1.70680e+14	2.66e-03	9.97e-01	1.04e-11
 2.50292e+14	2.65e-03	9.97e-01	1.04e-11
 3.53789e+14	2.63e-03	9.97e-01	1.05e-11
 4.88334e+14	2.61e-03	9.97e-01	1.05e-11
 6.63242e+14	2.59e-03	9.97e-01	1.06e-11
 8.90624e+14	2.55e-03	9.97e-01	1.05e-11
 1.18622e+15	2.52e-03	9.97e-01	1.05e-11
 1.57049e+15	2.48e-03	9.98e-01	1.03e-11
 1.98221e+15	2.41e-03	9.98e-01	1.00e-11
 2.35220e+15	2.36e-03	9.98e-01	9.61e-12
 2.69297e+15	2.32e-03	9.98e-01	9.27e-12
 3.07316e+15	2.30e-03	9.98e-01	9.06e-12
 3.56741e+15	2.28e-03	9.98e-01	8.90e-12
 4.10596e+15	2.26e-03	9.98e-01	8.85e-12
 4.58342e+15	2.26e-03	9.98e-01	8.90e-12
 5.04176e+15	2.27e-03	9.98e-01	9.08e-12
 5.54593e+15	2.30e-03	9.98e-01	9.35e-12
 6.10053e+15	2.32e-03	9.98e-01	9.64e-12
 6.71058e+15	2.34e-03	9.98e-01	9.91e-12
 7.38164e+15	2.36e-03	9.98e-01	1.02e-11
 8.11980e+15	2.39e-03	9.98e-01	1.05e-11
 8.93178e+15	2.40e-03	9.98e-01	1.06e-11
 9.82496e+15	2.52e-03	9.97e-01	1.13e-11
 1.05373e+16	2.53e-03	9.97e-01	1.14e-11
 1.10995e+16	2.55e-03	9.97e-01	1.14e-11
 1.18304e+16	2.57e-03	9.97e-01	1.15e-11
 1.27806e+16	2.60e-03	9.97e-01	1.17e-11
 1.39836e+16	2.64e-03	9.97e-01	1.19e-11
 1.53819e+16	2.70e-03	9.97e-01	1.21e-11
 1.68229e+16	2.77e-03	9.97e-01	1.22e-11
 1.80963e+16	2.84e-03	9.97e-01	1.23e-11
 1.91394e+16	2.92e-03	9.97e-01	1.24e-11
 2.02391e+16	2.99e-03	9.97e-01	1.20e-11
 2.16223e+16	3.10e-03	9.97e-01	1.15e-11
 2.29303e+16	3.24e-03	9.97e-01	1.11e-11
 2.38592e+16	3.36e-03	9.97e-01	1.07e-11
 2.45951e+16	3.45e-03	9.97e-01	1.02e-11
 2.54077e+16	3.55e-03	9.96e-01	9.47e-12
 2.64642e+16	3.69e-03	9.96e-01	8.25e-12
 2.75757e+16	3.88e-03	9.96e-01	7.48e-12
 2.84759e+16	4.07e-03	9.96e-01	6.85e-12
 2.91992e+16	4.23e-03	9.96e-01	6.33e-12
 2.99754e+16	4.38e-03	9.96e-01	5.67e-12
 3.09844e+16	4.59e-03	9.95e-01	4.88e-12
 3.20189e+16	4.90e-03	9.95e-01	4.43e-12
 3.28085e+16	5.18e-03	9.95e-01	4.23e-12
 3.34204e+16	5.41e-03	9.95e-01	4.04e-12
 3.40793e+16	5.61e-03	9.94e-01	3.79e-12
 3.49357e+16	5.90e-03	9.94e-01	3.50e-12
 3.58553e+16	6.32e-03	9.94e-01	3.38e-12
 3.66198e+16	6.76e-03	9.93e-01	3.36e-12
 3.72333e+16	7.12e-03	9.93e-01	3.36e-12
 3.78878e+16	7.46e-03	9.93e-01	3.30e-12
 3.87386e+16	7.94e-03	9.92e-01	3.24e-12
 3.96611e+16	8.65e-03	9.91e-01	3.31e-12
 4.04436e+16	9.42e-03	9.91e-01	3.47e-12
 4.10818e+16	1.01e-02	9.90e-01	3.60e-12
 4.17654e+16	1.07e-02	9.89e-01	3.67e-12
 4.26266e+16	1.17e-02	9.88e-01	3.79e-12
 4.35657e+16	1.31e-02	9.87e-01	4.05e-12
 4.44301e+16	1.47e-02	9.85e-01	4.40e-12
 4.51834e+16	1.64e-02	9.84e-01	4.77e-12
 4.59482e+16	1.82e-02	9.82e-01	5.09e-12
 4.67886e+16	2.07e-02	9.79e-01	5.56e-12
 4.76277e+16	2.40e-02	9.76e-01	6.20e-12
 4.84113e+16	2.81e-02	9.72e-01	6.99e-12
 4.90509e+16	3.28e-02	9.67e-01	7.98e-12
 4.95159e+16	3.72e-02	9.63e-01	8.89e-12
 4.99059e+16	4.13e-02	9.59e-01	9.67e-12
 5.03453e+16	4.61e-02	9.54e-01	1.05e-11
 5.09164e+16	5.38e-02	9.46e-01	1.19e-11
 5.14648e+16	6.64e-02	9.34e-01	1.44e-11
 5.18138e+16	7.86e-02	9.21e-01	1.71e-11
 5.20254e+16	8.76e-02	9.12e-01	1.90e-11
 5.22281e+16	9.63e-02	9.04e-01	2.09e-11
 5.24915e+16	1.10e-01	8.90e-01	2.38e-11
 5.27692e+16	1.30e-01	8.70e-01	2.87e-11
 5.29846e+16	1.53e-01	8.47e-01	3.47e-11
 5.31338e+16	1.74e-01	8.26e-01	4.03e-11
 5.32561e+16	1.93e-01	8.07e-01	4.60e-11
 5.33936e+16	2.18e-01	7.82e-01	5.38e-11
 5.35439e+16	2.53e-01	7.47e-01	6.64e-11
 5.36692e+16	2.93e-01	7.07e-01	8.26e-11
 5.37598e+16	3.29e-01	6.71e-01	9.93e-11
 5.38263e+16	3.59e-01	6.41e-01	1.15e-10
 5.38801e+16	3.86e-01	6.14e-01	1.31e-10
 5.39286e+16	4.12e-01	5.88e-01	1.48e-10
 5.39741e+16	4.39e-01	5.61e-01	1.67e-10
 5.40152e+16	4.65e-01	5.35e-01	1.88e-10
 5.40509e+16	4.89e-01	5.11e-01	2.10e-10
 5.40822e+16	5.10e-01	4.90e-01	2.31e-10
 5.41108e+16	5.31e-01	4.69e-01	2.54e-10
 5.41335e+16	5.48e-01	4.52e-01	2.75e-10
 5.41489e+16	5.60e-01	4.40e-01	2.89e-10
 5.41626e+16	5.70e-01	4.30e-01	3.03e-10
 5.41787e+16	5.82e-01	4.18e-01	3.21e-10
 5.41966e+16	5.96e-01	4.04e-01	3.42e-10
 5.42139e+16	6.09e-01	3.91e-01	3.64e-10
 5.42297e+16	6.22e-01	3.78e-01	3.86e-10
 5.42447e+16	6.33e-01	3.67e-01	4.08e-10
 5.42599e+16	6.45e-01	3.55e-01	4.32e-10
 5.42753e+16	6.57e-01	3.43e-01	4.58e-10
 5.42905e+16	6.69e-01	3.31e-01	4.85e-10
 5.43053e+16	6.80e-01	3.20e-01	5.14e-10
 5.43199e+16	6.91e-01	3.09e-01	5.43e-10
 5.43343e+16	7.02e-01	2.98e-01	5.76e-10
 5.43487e+16	7.13e-01	2.87e-01	6.09e-10
 5.43630e+16	7.23e-01	2.77e-01	6.45e-10
 5.43771e+16	7.34e-01	2.66e-01	6.81e-10
 5.43911e+16	7.44e-01	2.56e-01	7.21e-10
 5.44050e+16	7.53e-01	2.47e-01	7.61e-10
 5.44188e+16	7.63e-01	2.37e-01	8.05e-10
 5.44326e+16	7.72e-01	2.28e-01	8.50e-10
 5.44463e+16	7.81e-01	2.19e-01	8.96e-10
 5.44600e+16	7.89e-01	2.11e-01	9.47e-10
 5.44738e+16	7.98e-01	2.02e-01	9.99e-10
 5.44875e+16	8.06e-01	1.94e-01	1.06e-09
 5.45012e+16	8.14e-01	1.86e-01	1.11e-09
 5.45149e+16	8.21e-01	1.79e-01	1.17e-09
 5.45287e+16	8.29e-01	1.71e-01	1.24e-09
 5.45425e+16	8.36e-01	1.64e-01	1.30e-09
 5.45564e+16	8.43e-01	1.57e-01	1.38e-09
 5.45702e+16	8.50e-01	1.50e-01	1.45e-09
 5.45840e+16	8.56e-01	1.44e-01	1.53e-09
 5.45980e+16	8.62e-01	1.38e-01	1.62e-09
 5.46120e+16	8.68e-01	1.32e-01	1.71e-09
 5.46259e+16	8.73e-01	1.27e-01	1.80e-09
 5.46398e+16	8.79e-01	1.21e-01	1.89e-09
 5.46536e+16	8.84e-01	1.16e-01	2.00e-09
 5.46676e+16	8.89e-01	1.11e-01	2.11e-09
 5.46817e+16	8.94e-01	1.06e-01	2.23e-09
 5.46958e+16	8.98e-01	1.02e-01	2.35e-09
 5.47098e+16	9.02e-01	9.76e-02	2.48e-09
 5.47237e+16	9.06e-01	9.35e-02	2.62e-09
 5.47376e+16	9.10e-01	8.96e-02	2.77e-09
 5.47519e+16	9.14e-01	8.58e-02	2.93e-09
 5.47662e+16	9.18e-01	8.21e-02	3.11e-09
 5.47801e+16	9.21e-01	7.87e-02	3.30e-09
 5.47938e+16	9.24e-01	7.56e-02	3.50e-09
 5.48078e+16	9.28e-01	7.24e-02	3.71e-09
 5.48219e+16	9.31e-01	6.94e-02	3.96e-09
 5.48359e+16	9.34e-01	6.65e-02	4.22e-09
 5.48496e+16	9.36e-01	6.38e-02	4.50e-09
 5.48632e+16	9.39e-01	6.11e-02	4.83e-09
 5.48770e+16	9.41e-01	5.86e-02	5.17e-09
 5.48905e+16	9.44e-01	5.62e-02	5.55e-09
 5.49036e+16	9.46e-01	5.39e-02	5.98e-09
 5.49167e+16	9.48e-01	5.17e-02	6.45e-09
 5.49298e+16	9.50e-01	4.96e-02	6.97e-09
 5.49427e+16	9.52e-01	4.76e-02	7.60e-09
 5.49553e+16	9.54e-01	4.56e-02	8.27e-09
 5.49677e+16	9.56e-01	4.38e-02	9.05e-09
 5.49798e+16	9.58e-01	4.20e-02	9.94e-09
 5.49916e+16	9.60e-01	4.03e-02	1.10e-08
 5.50028e+16	9.61e-01	3.87e-02	1.21e-08
 5.50132e+16	9.63e-01	3.72e-02	1.34e-08
 5.50229e+16	9.64e-01	3.59e-02	1.48e-08
 5.50317e+16	9.65e-01	3.47e-02	1.63e-08
 5.50402e+16	9.66e-01	3.35e-02	1.80e-08
 5.50483e+16	9.68e-01	3.24e-02	2.01e-08
 5.50556e+16	9.69e-01	3.14e-02	2.23e-08
 5.50620e+16	9.69e-01	3.05e-02	2.45e-08
 5.50680e+16	9.70e-01	2.97e-02	2.71e-08
 5.50737e+16	9.71e-01	2.89e-02	2.99e-08
 5.50791e+16	9.72e-01	2.82e-02	3.31e-08
 5.50840e+16	9.73e-01	2.75e-02	3.66e-08
 5.50887e+16	9.73e-01	2.68e-02	4.05e-08
 5.50930e+16	9.74e-01	2.62e-02	4.47e-08
 5.50970e+16	9.74e-01	2.56e-02	4.95e-08
 5.51007e+16	9.75e-01	2.50e-02	5.47e-08
 5.51041e+16	9.75e-01	2.45e-02	5.98e-08
 5.51075e+16	9.76e-01	2.39e-02	6.72e-08
 5.51107e+16	9.77e-01	2.34e-02	7.51e-08
 5.51133e+16	9.77e-01	2.30e-02	8.16e-08
 5.51159e+16	9.77e-01	2.25e-02	9.11e-08
 5.51184e+16	9.78e-01	2.21e-02	1.01e-07
 5.51206e+16	9.78e-01	2.17e-02	1.10e-07
 5.51227e+16	9.79e-01	2.13e-02	1.24e-07
 5.51247e+16	9.79e-01	2.08e-02	1.38e-07
 5.51264e+16	9.80e-01	2.05e-02	1.52e-07
 5.51280e+16	9.80e-01	2.02e-02	1.64e-07
 5.51297e+16	9.80e-01	1.97e-02	1.85e-07
 5.51313e+16	9.81e-01	1.94e-02	2.02e-07
 5.51327e+16	9.81e-01	1.90e-02	2.28e-07
 5.51341e+16	9.81e-01	1.86e-02	2.54e-07
 5.51351e+16	9.82e-01	1.84e-02	2.72e-07
 5.51363e+16	9.82e-01	1.80e-02	3.04e-07
 5.51374e+16	9.82e-01	1.76e-02	3.38e-07
 5.51384e+16	9.83e-01	1.72e-02	3.73e-07
 5.51392e+16	9.83e-01	1.68e-02	4.05e-07
 5.51400e+16	9.84e-01	1.65e-02	4.41e-07
 5.51408e+16	9.84e-01	1.60e-02	4.91e-07
 5.51415e+16	9.85e-01	1.55e-02	5.39e-07
 5.51421e+16	9.85e-01	1.50e-02	5.86e-07
 5.51427e+16	9.86e-01	1.43e-02	6.49e-07
 5.51432e+16	9.94e-01	5.80e-03	2.58e-06
