#depth	He	He+	He+2
 2.46175e+11	4.15e-04	2.62e-01	7.38e-01
 1.47705e+12	4.17e-04	2.63e-01	7.37e-01
 6.40054e+12	4.17e-04	2.63e-01	7.37e-01
 2.60945e+13	4.21e-04	2.65e-01	7.35e-01
 6.23314e+13	4.26e-04	2.67e-01	7.33e-01
 1.09439e+14	4.33e-04	2.70e-01	7.29e-01
 1.70680e+14	4.42e-04	2.75e-01	7.25e-01
 2.50292e+14	4.55e-04	2.81e-01	7.19e-01
 3.53789e+14	4.72e-04	2.90e-01	7.10e-01
 4.88334e+14	4.95e-04	3.02e-01	6.97e-01
 6.63242e+14	5.28e-04	3.20e-01	6.80e-01
 8.90624e+14	5.71e-04	3.44e-01	6.55e-01
 1.18622e+15	6.36e-04	3.80e-01	6.19e-01
 1.57049e+15	7.30e-04	4.34e-01	5.65e-01
 1.98221e+15	8.37e-04	4.98e-01	5.01e-01
 2.35220e+15	9.47e-04	5.64e-01	4.35e-01
 2.69297e+15	1.05e-03	6.28e-01	3.71e-01
 3.07316e+15	1.16e-03	6.99e-01	2.99e-01
 3.56741e+15	1.30e-03	7.84e-01	2.14e-01
 4.10596e+15	1.43e-03	8.61e-01	1.38e-01
 4.58342e+15	1.53e-03	9.11e-01	8.75e-02
 5.04176e+15	1.62e-03	9.44e-01	5.49e-02
 5.54593e+15	1.70e-03	9.66e-01	3.20e-02
 6.10053e+15	1.77e-03	9.81e-01	1.75e-02
 6.71058e+15	1.84e-03	9.89e-01	8.99e-03
 7.38164e+15	1.91e-03	9.94e-01	4.38e-03
 8.11980e+15	1.99e-03	9.96e-01	2.02e-03
 8.93178e+15	2.07e-03	9.97e-01	8.93e-04
 9.82496e+15	2.27e-03	9.97e-01	3.60e-04
 1.05373e+16	2.37e-03	9.97e-01	1.71e-04
 1.10995e+16	2.45e-03	9.97e-01	9.81e-05
 1.18304e+16	2.54e-03	9.97e-01	4.92e-05
 1.27806e+16	2.67e-03	9.97e-01	2.11e-05
 1.39836e+16	2.85e-03	9.97e-01	7.78e-06
 1.53819e+16	3.08e-03	9.97e-01	2.71e-06
 1.68229e+16	3.34e-03	9.97e-01	1.03e-06
 1.80963e+16	3.60e-03	9.96e-01	4.85e-07
 1.91394e+16	3.85e-03	9.96e-01	2.79e-07
 2.02391e+16	4.11e-03	9.96e-01	1.62e-07
 2.16223e+16	4.48e-03	9.96e-01	8.94e-08
 2.29303e+16	4.91e-03	9.95e-01	5.54e-08
 2.38592e+16	5.27e-03	9.95e-01	4.07e-08
 2.45951e+16	5.56e-03	9.94e-01	3.22e-08
 2.54077e+16	5.89e-03	9.94e-01	2.51e-08
 2.64642e+16	6.34e-03	9.94e-01	1.86e-08
 2.75757e+16	6.92e-03	9.93e-01	1.41e-08
 2.84759e+16	7.48e-03	9.93e-01	1.16e-08
 2.91992e+16	7.96e-03	9.92e-01	9.88e-09
 2.99754e+16	8.46e-03	9.92e-01	8.39e-09
 3.09844e+16	9.17e-03	9.91e-01	6.89e-09
 3.20189e+16	1.01e-02	9.90e-01	5.78e-09
 3.28085e+16	1.09e-02	9.89e-01	5.12e-09
 3.34204e+16	1.16e-02	9.88e-01	4.67e-09
 3.40793e+16	1.23e-02	9.88e-01	4.23e-09
 3.49357e+16	1.33e-02	9.87e-01	3.77e-09
 3.58553e+16	1.46e-02	9.85e-01	3.37e-09
 3.66198e+16	1.59e-02	9.84e-01	3.10e-09
 3.72333e+16	1.70e-02	9.83e-01	2.91e-09
 3.78878e+16	1.81e-02	9.82e-01	2.73e-09
 3.87386e+16	1.98e-02	9.80e-01	2.52e-09
 3.96611e+16	2.20e-02	9.78e-01	2.35e-09
 4.04436e+16	2.42e-02	9.76e-01	2.22e-09
 4.10818e+16	2.62e-02	9.74e-01	2.12e-09
 4.17654e+16	2.84e-02	9.72e-01	2.04e-09
 4.26266e+16	3.14e-02	9.69e-01	1.94e-09
 4.35657e+16	3.55e-02	9.65e-01	1.86e-09
 4.44301e+16	4.01e-02	9.60e-01	1.79e-09
 4.51834e+16	4.48e-02	9.55e-01	1.75e-09
 4.59482e+16	5.00e-02	9.50e-01	1.70e-09
 4.67886e+16	5.69e-02	9.43e-01	1.67e-09
 4.76277e+16	6.54e-02	9.35e-01	1.64e-09
 4.84113e+16	7.54e-02	9.25e-01	1.61e-09
 4.90509e+16	8.62e-02	9.14e-01	1.59e-09
 4.95159e+16	9.57e-02	9.04e-01	1.58e-09
 4.99059e+16	1.05e-01	8.95e-01	1.57e-09
 5.03453e+16	1.15e-01	8.85e-01	1.57e-09
 5.09164e+16	1.32e-01	8.68e-01	1.56e-09
 5.14648e+16	1.55e-01	8.45e-01	1.54e-09
 5.18138e+16	1.75e-01	8.25e-01	1.53e-09
 5.20254e+16	1.90e-01	8.10e-01	1.52e-09
 5.22281e+16	2.04e-01	7.96e-01	1.52e-09
 5.24915e+16	2.24e-01	7.76e-01	1.51e-09
 5.27692e+16	2.52e-01	7.48e-01	1.51e-09
 5.29846e+16	2.79e-01	7.21e-01	1.52e-09
 5.31338e+16	3.01e-01	6.99e-01	1.53e-09
 5.32561e+16	3.21e-01	6.79e-01	1.54e-09
 5.33936e+16	3.45e-01	6.55e-01	1.56e-09
 5.35439e+16	3.76e-01	6.24e-01	1.60e-09
 5.36692e+16	4.06e-01	5.94e-01	1.67e-09
 5.37598e+16	4.31e-01	5.69e-01	1.74e-09
 5.38263e+16	4.50e-01	5.50e-01	1.81e-09
 5.38801e+16	4.67e-01	5.33e-01	1.88e-09
 5.39286e+16	4.82e-01	5.18e-01	1.96e-09
 5.39741e+16	4.97e-01	5.03e-01	2.05e-09
 5.40152e+16	5.10e-01	4.90e-01	2.14e-09
 5.40509e+16	5.23e-01	4.77e-01	2.24e-09
 5.40822e+16	5.34e-01	4.66e-01	2.34e-09
 5.41108e+16	5.44e-01	4.56e-01	2.44e-09
 5.41335e+16	5.52e-01	4.48e-01	2.53e-09
 5.41489e+16	5.57e-01	4.43e-01	2.60e-09
 5.41626e+16	5.62e-01	4.38e-01	2.66e-09
 5.41787e+16	5.68e-01	4.32e-01	2.72e-09
 5.41966e+16	5.75e-01	4.25e-01	2.81e-09
 5.42139e+16	5.81e-01	4.19e-01	2.90e-09
 5.42297e+16	5.87e-01	4.13e-01	2.99e-09
 5.42447e+16	5.92e-01	4.08e-01	3.08e-09
 5.42599e+16	5.98e-01	4.02e-01	3.17e-09
 5.42753e+16	6.04e-01	3.96e-01	3.27e-09
 5.42905e+16	6.09e-01	3.91e-01	3.38e-09
 5.43053e+16	6.15e-01	3.85e-01	3.48e-09
 5.43199e+16	6.20e-01	3.80e-01	3.59e-09
 5.43343e+16	6.26e-01	3.74e-01	3.70e-09
 5.43487e+16	6.31e-01	3.69e-01	3.82e-09
 5.43630e+16	6.36e-01	3.64e-01	3.94e-09
 5.43771e+16	6.41e-01	3.59e-01	4.07e-09
 5.43911e+16	6.47e-01	3.53e-01	4.19e-09
 5.44050e+16	6.52e-01	3.48e-01	4.33e-09
 5.44188e+16	6.57e-01	3.43e-01	4.46e-09
 5.44326e+16	6.62e-01	3.38e-01	4.60e-09
 5.44463e+16	6.67e-01	3.33e-01	4.74e-09
 5.44600e+16	6.72e-01	3.28e-01	4.89e-09
 5.44738e+16	6.77e-01	3.23e-01	5.04e-09
 5.44875e+16	6.83e-01	3.17e-01	5.19e-09
 5.45012e+16	6.88e-01	3.12e-01	5.34e-09
 5.45149e+16	6.93e-01	3.07e-01	5.50e-09
 5.45287e+16	6.98e-01	3.02e-01	5.66e-09
 5.45425e+16	7.03e-01	2.97e-01	5.81e-09
 5.45564e+16	7.09e-01	2.91e-01	5.97e-09
 5.45702e+16	7.14e-01	2.86e-01	6.13e-09
 5.45840e+16	7.19e-01	2.81e-01	6.28e-09
 5.45980e+16	7.25e-01	2.75e-01	6.44e-09
 5.46120e+16	7.30e-01	2.70e-01	6.60e-09
 5.46259e+16	7.36e-01	2.64e-01	6.75e-09
 5.46398e+16	7.41e-01	2.59e-01	6.90e-09
 5.46536e+16	7.47e-01	2.53e-01	7.04e-09
 5.46676e+16	7.52e-01	2.48e-01	7.18e-09
 5.46817e+16	7.58e-01	2.42e-01	7.31e-09
 5.46958e+16	7.64e-01	2.36e-01	7.43e-09
 5.47098e+16	7.70e-01	2.30e-01	7.55e-09
 5.47237e+16	7.75e-01	2.25e-01	7.66e-09
 5.47376e+16	7.81e-01	2.19e-01	7.76e-09
 5.47519e+16	7.87e-01	2.13e-01	7.86e-09
 5.47662e+16	7.93e-01	2.07e-01	7.94e-09
 5.47801e+16	7.98e-01	2.02e-01	8.02e-09
 5.47938e+16	8.04e-01	1.96e-01	8.08e-09
 5.48078e+16	8.10e-01	1.90e-01	8.13e-09
 5.48219e+16	8.16e-01	1.84e-01	8.18e-09
 5.48359e+16	8.21e-01	1.79e-01	8.21e-09
 5.48496e+16	8.27e-01	1.73e-01	8.25e-09
 5.48632e+16	8.32e-01	1.68e-01	8.24e-09
 5.48770e+16	8.38e-01	1.62e-01	8.25e-09
 5.48905e+16	8.43e-01	1.57e-01	8.24e-09
 5.49036e+16	8.49e-01	1.51e-01	8.22e-09
 5.49167e+16	8.54e-01	1.46e-01	8.19e-09
 5.49298e+16	8.59e-01	1.41e-01	8.15e-09
 5.49427e+16	8.64e-01	1.36e-01	8.09e-09
 5.49553e+16	8.69e-01	1.31e-01	8.03e-09
 5.49677e+16	8.74e-01	1.26e-01	7.96e-09
 5.49798e+16	8.78e-01	1.22e-01	7.87e-09
 5.49916e+16	8.83e-01	1.17e-01	7.78e-09
 5.50028e+16	8.87e-01	1.13e-01	7.68e-09
 5.50132e+16	8.91e-01	1.09e-01	7.58e-09
 5.50229e+16	8.95e-01	1.05e-01	7.47e-09
 5.50317e+16	8.98e-01	1.02e-01	7.37e-09
 5.50402e+16	9.02e-01	9.85e-02	7.26e-09
 5.50483e+16	9.05e-01	9.53e-02	7.13e-09
 5.50556e+16	9.07e-01	9.25e-02	7.02e-09
 5.50620e+16	9.10e-01	9.00e-02	6.90e-09
 5.50680e+16	9.12e-01	8.76e-02	6.79e-09
 5.50737e+16	9.15e-01	8.54e-02	6.68e-09
 5.50791e+16	9.17e-01	8.32e-02	6.57e-09
 5.50840e+16	9.19e-01	8.12e-02	6.45e-09
 5.50887e+16	9.21e-01	7.93e-02	6.34e-09
 5.50930e+16	9.23e-01	7.75e-02	6.24e-09
 5.50970e+16	9.24e-01	7.58e-02	6.13e-09
 5.51007e+16	9.26e-01	7.42e-02	6.02e-09
 5.51041e+16	9.27e-01	7.28e-02	5.94e-09
 5.51075e+16	9.29e-01	7.11e-02	5.81e-09
 5.51107e+16	9.30e-01	6.97e-02	5.70e-09
 5.51133e+16	9.31e-01	6.86e-02	5.63e-09
 5.51159e+16	9.33e-01	6.72e-02	5.51e-09
 5.51184e+16	9.34e-01	6.60e-02	5.40e-09
 5.51206e+16	9.35e-01	6.50e-02	5.33e-09
 5.51227e+16	9.36e-01	6.37e-02	5.21e-09
 5.51247e+16	9.37e-01	6.26e-02	5.11e-09
 5.51264e+16	9.38e-01	6.16e-02	5.01e-09
 5.51280e+16	9.39e-01	6.09e-02	4.95e-09
 5.51297e+16	9.40e-01	5.96e-02	4.82e-09
 5.51313e+16	9.41e-01	5.88e-02	4.75e-09
 5.51327e+16	9.42e-01	5.77e-02	4.63e-09
 5.51341e+16	9.43e-01	5.67e-02	4.52e-09
 5.51351e+16	9.44e-01	5.60e-02	4.46e-09
 5.51363e+16	9.45e-01	5.49e-02	4.33e-09
 5.51374e+16	9.46e-01	5.39e-02	4.21e-09
 5.51384e+16	9.47e-01	5.29e-02	4.10e-09
 5.51392e+16	9.48e-01	5.20e-02	3.99e-09
 5.51400e+16	9.49e-01	5.11e-02	3.88e-09
 5.51408e+16	9.50e-01	4.98e-02	3.72e-09
 5.51415e+16	9.51e-01	4.86e-02	3.57e-09
 5.51421e+16	9.53e-01	4.74e-02	3.42e-09
 5.51427e+16	9.54e-01	4.57e-02	3.20e-09
 5.51432e+16	9.78e-01	2.17e-02	7.77e-10
