#depth	He	He+	He+2
 6.21970e+11	3.35e-04	3.79e-01	6.21e-01
 3.73182e+12	3.35e-04	3.79e-01	6.21e-01
 1.61712e+13	3.36e-04	3.79e-01	6.20e-01
 6.59288e+13	3.39e-04	3.83e-01	6.17e-01
 1.57483e+14	3.42e-04	3.85e-01	6.14e-01
 2.76503e+14	3.48e-04	3.91e-01	6.09e-01
 4.31229e+14	3.58e-04	4.01e-01	5.99e-01
 6.32374e+14	3.72e-04	4.16e-01	5.84e-01
 8.93861e+14	3.94e-04	4.39e-01	5.61e-01
 1.23379e+15	4.26e-04	4.74e-01	5.26e-01
 1.67571e+15	4.74e-04	5.25e-01	4.74e-01
 2.25020e+15	5.44e-04	6.02e-01	3.97e-01
 2.99703e+15	6.45e-04	7.09e-01	2.90e-01
 3.83339e+15	7.54e-04	8.22e-01	1.78e-01
 4.61342e+15	8.34e-04	8.99e-01	9.98e-02
 5.45474e+15	8.97e-04	9.49e-01	5.02e-02
 6.54845e+15	9.49e-04	9.79e-01	2.00e-02
 7.97028e+15	9.96e-04	9.93e-01	6.19e-03
 9.81865e+15	1.04e-03	9.97e-01	1.52e-03
 1.22215e+16	1.10e-03	9.99e-01	2.99e-04
 1.42587e+16	1.15e-03	9.99e-01	8.55e-05
 1.56845e+16	1.19e-03	9.99e-01	3.89e-05
 1.72530e+16	1.23e-03	9.99e-01	1.75e-05
 1.89783e+16	1.28e-03	9.99e-01	7.80e-06
 2.08761e+16	1.33e-03	9.99e-01	3.52e-06
 2.29637e+16	1.39e-03	9.99e-01	1.62e-06
 2.51858e+16	1.46e-03	9.99e-01	7.90e-07
 2.73274e+16	1.54e-03	9.98e-01	4.33e-07
 2.92525e+16	1.61e-03	9.98e-01	2.68e-07
 3.10097e+16	1.68e-03	9.98e-01	1.80e-07
 3.25346e+16	1.74e-03	9.98e-01	1.31e-07
 3.38214e+16	1.80e-03	9.98e-01	1.02e-07
 3.51512e+16	1.85e-03	9.98e-01	7.92e-08
 3.65817e+16	1.92e-03	9.98e-01	6.16e-08
 3.79018e+16	1.99e-03	9.98e-01	4.96e-08
 3.90657e+16	2.05e-03	9.98e-01	4.13e-08
 4.02304e+16	2.11e-03	9.98e-01	3.45e-08
 4.14509e+16	2.19e-03	9.98e-01	2.88e-08
 4.26105e+16	2.26e-03	9.98e-01	2.45e-08
 4.36728e+16	2.33e-03	9.98e-01	2.13e-08
 4.46882e+16	2.40e-03	9.98e-01	1.86e-08
 4.57573e+16	2.48e-03	9.98e-01	1.62e-08
 4.68335e+16	2.57e-03	9.97e-01	1.42e-08
 4.78070e+16	2.66e-03	9.97e-01	1.26e-08
 4.86832e+16	2.75e-03	9.97e-01	1.14e-08
 4.94718e+16	2.84e-03	9.97e-01	1.04e-08
 5.01815e+16	2.93e-03	9.97e-01	9.54e-09
 5.08203e+16	3.01e-03	9.97e-01	8.86e-09
 5.14057e+16	3.09e-03	9.97e-01	8.28e-09
 5.19714e+16	3.18e-03	9.97e-01	7.76e-09
 5.25371e+16	3.27e-03	9.97e-01	7.26e-09
 5.31028e+16	3.37e-03	9.97e-01	6.80e-09
 5.36685e+16	3.48e-03	9.97e-01	6.37e-09
 5.42341e+16	3.60e-03	9.96e-01	5.96e-09
 5.47998e+16	3.73e-03	9.96e-01	5.59e-09
 5.53655e+16	3.88e-03	9.96e-01	5.23e-09
 5.59312e+16	4.04e-03	9.96e-01	4.89e-09
 5.63915e+16	4.18e-03	9.96e-01	4.65e-09
