#depth	O	O+	O+2	O+3	O+4	O+5	O+6	O+7	O+8	O[1]	O[2]	O[3]
 6.21970e+11	3.19e-06	4.38e-03	5.37e-01	4.58e-01	1.57e-03	0.00e+00	0.00e+00	0.00e+00	0.00e+00	2.39e-06	5.20e-07	2.84e-07
 3.73182e+12	3.18e-06	4.38e-03	5.37e-01	4.57e-01	1.57e-03	0.00e+00	0.00e+00	0.00e+00	0.00e+00	2.38e-06	5.19e-07	2.83e-07
 1.61712e+13	3.18e-06	4.39e-03	5.38e-01	4.56e-01	1.56e-03	0.00e+00	0.00e+00	0.00e+00	0.00e+00	2.38e-06	5.20e-07	2.84e-07
 6.59288e+13	3.21e-06	4.43e-03	5.44e-01	4.50e-01	1.51e-03	0.00e+00	0.00e+00	0.00e+00	0.00e+00	2.40e-06	5.25e-07	2.87e-07
 1.57483e+14	3.22e-06	4.48e-03	5.54e-01	4.40e-01	1.43e-03	0.00e+00	0.00e+00	0.00e+00	0.00e+00	2.40e-06	5.26e-07	2.87e-07
 2.76503e+14	3.24e-06	4.56e-03	5.66e-01	4.28e-01	1.33e-03	0.00e+00	0.00e+00	0.00e+00	0.00e+00	2.42e-06	5.30e-07	2.89e-07
 4.31229e+14	3.29e-06	4.66e-03	5.83e-01	4.12e-01	1.22e-03	0.00e+00	0.00e+00	0.00e+00	0.00e+00	2.46e-06	5.37e-07	2.93e-07
 6.32374e+14	3.36e-06	4.81e-03	6.04e-01	3.90e-01	1.08e-03	0.00e+00	0.00e+00	0.00e+00	0.00e+00	2.51e-06	5.48e-07	2.99e-07
 8.93861e+14	3.47e-06	5.01e-03	6.33e-01	3.61e-01	9.13e-04	0.00e+00	0.00e+00	0.00e+00	0.00e+00	2.59e-06	5.65e-07	3.08e-07
 1.23379e+15	3.63e-06	5.29e-03	6.72e-01	3.22e-01	7.26e-04	0.00e+00	0.00e+00	0.00e+00	0.00e+00	2.71e-06	5.90e-07	3.22e-07
 1.67571e+15	3.85e-06	5.66e-03	7.21e-01	2.73e-01	5.27e-04	0.00e+00	0.00e+00	0.00e+00	0.00e+00	2.88e-06	6.26e-07	3.41e-07
 2.25020e+15	4.18e-06	6.17e-03	7.83e-01	2.10e-01	3.28e-04	0.00e+00	0.00e+00	0.00e+00	0.00e+00	3.13e-06	6.80e-07	3.71e-07
 2.99703e+15	4.65e-06	6.82e-03	8.54e-01	1.39e-01	1.61e-04	0.00e+00	0.00e+00	0.00e+00	0.00e+00	3.48e-06	7.55e-07	4.12e-07
 3.83339e+15	5.13e-06	7.46e-03	9.13e-01	7.91e-02	6.32e-05	0.00e+00	0.00e+00	0.00e+00	0.00e+00	3.84e-06	8.33e-07	4.54e-07
 4.61342e+15	5.51e-06	7.92e-03	9.49e-01	4.31e-02	2.37e-05	0.00e+00	0.00e+00	0.00e+00	0.00e+00	4.13e-06	8.93e-07	4.87e-07
 5.45474e+15	5.97e-06	8.35e-03	9.70e-01	2.14e-02	7.64e-06	0.00e+00	0.00e+00	0.00e+00	0.00e+00	4.47e-06	9.67e-07	5.27e-07
 6.54845e+15	6.50e-06	8.78e-03	9.83e-01	8.66e-03	1.74e-06	0.00e+00	0.00e+00	0.00e+00	0.00e+00	4.87e-06	1.05e-06	5.73e-07
 7.97028e+15	7.18e-06	9.24e-03	9.88e-01	2.80e-03	2.70e-07	0.00e+00	0.00e+00	0.00e+00	0.00e+00	5.38e-06	1.16e-06	6.33e-07
 9.81865e+15	8.11e-06	9.79e-03	9.89e-01	7.25e-04	0.00e+00	0.00e+00	0.00e+00	0.00e+00	0.00e+00	6.08e-06	1.31e-06	7.15e-07
 1.22215e+16	9.49e-06	1.05e-02	9.89e-01	1.53e-04	0.00e+00	0.00e+00	0.00e+00	0.00e+00	0.00e+00	7.12e-06	1.54e-06	8.39e-07
 1.42587e+16	1.06e-05	1.11e-02	9.89e-01	4.79e-05	0.00e+00	0.00e+00	0.00e+00	0.00e+00	0.00e+00	7.96e-06	1.72e-06	9.39e-07
 1.56845e+16	1.17e-05	1.16e-02	9.88e-01	2.35e-05	0.00e+00	0.00e+00	0.00e+00	0.00e+00	0.00e+00	8.78e-06	1.90e-06	1.04e-06
 1.72530e+16	1.31e-05	1.21e-02	9.88e-01	1.21e-05	0.00e+00	0.00e+00	0.00e+00	0.00e+00	0.00e+00	9.80e-06	2.13e-06	1.16e-06
 1.89783e+16	1.48e-05	1.28e-02	9.87e-01	6.72e-06	0.00e+00	0.00e+00	0.00e+00	0.00e+00	0.00e+00	1.11e-05	2.42e-06	1.32e-06
 2.08761e+16	1.71e-05	1.35e-02	9.86e-01	4.23e-06	0.00e+00	0.00e+00	0.00e+00	0.00e+00	0.00e+00	1.28e-05	2.80e-06	1.53e-06
 2.29637e+16	2.01e-05	1.44e-02	9.86e-01	3.03e-06	0.00e+00	0.00e+00	0.00e+00	0.00e+00	0.00e+00	1.50e-05	3.30e-06	1.81e-06
 2.51858e+16	2.40e-05	1.55e-02	9.84e-01	2.44e-06	0.00e+00	0.00e+00	0.00e+00	0.00e+00	0.00e+00	1.78e-05	3.96e-06	2.18e-06
 2.73274e+16	2.87e-05	1.66e-02	9.83e-01	2.14e-06	0.00e+00	0.00e+00	0.00e+00	0.00e+00	0.00e+00	2.13e-05	4.77e-06	2.63e-06
 2.92525e+16	3.40e-05	1.78e-02	9.82e-01	1.98e-06	0.00e+00	0.00e+00	0.00e+00	0.00e+00	0.00e+00	2.52e-05	5.69e-06	3.13e-06
 3.10097e+16	4.00e-05	1.90e-02	9.81e-01	1.88e-06	0.00e+00	0.00e+00	0.00e+00	0.00e+00	0.00e+00	2.96e-05	6.72e-06	3.71e-06
 3.25346e+16	4.64e-05	2.01e-02	9.80e-01	1.82e-06	0.00e+00	0.00e+00	0.00e+00	0.00e+00	0.00e+00	3.42e-05	7.84e-06	4.33e-06
 3.38214e+16	5.28e-05	2.12e-02	9.79e-01	1.78e-06	0.00e+00	0.00e+00	0.00e+00	0.00e+00	0.00e+00	3.89e-05	8.96e-06	4.95e-06
 3.51512e+16	6.03e-05	2.24e-02	9.78e-01	1.77e-06	0.00e+00	0.00e+00	0.00e+00	0.00e+00	0.00e+00	4.43e-05	1.03e-05	5.68e-06
 3.65817e+16	7.02e-05	2.39e-02	9.76e-01	1.76e-06	0.00e+00	0.00e+00	0.00e+00	0.00e+00	0.00e+00	5.15e-05	1.20e-05	6.63e-06
 3.79018e+16	8.13e-05	2.54e-02	9.74e-01	1.74e-06	0.00e+00	0.00e+00	0.00e+00	0.00e+00	0.00e+00	5.96e-05	1.40e-05	7.69e-06
 3.90657e+16	9.30e-05	2.69e-02	9.73e-01	1.73e-06	0.00e+00	0.00e+00	0.00e+00	0.00e+00	0.00e+00	6.81e-05	1.61e-05	8.80e-06
 4.02304e+16	1.06e-04	2.86e-02	9.71e-01	1.74e-06	0.00e+00	0.00e+00	0.00e+00	0.00e+00	0.00e+00	7.78e-05	1.85e-05	1.01e-05
 4.14509e+16	1.23e-04	3.06e-02	9.69e-01	1.73e-06	0.00e+00	0.00e+00	0.00e+00	0.00e+00	0.00e+00	9.01e-05	2.16e-05	1.17e-05
 4.26105e+16	1.43e-04	3.27e-02	9.67e-01	1.73e-06	0.00e+00	0.00e+00	0.00e+00	0.00e+00	0.00e+00	1.04e-04	2.52e-05	1.36e-05
 4.36728e+16	1.65e-04	3.50e-02	9.65e-01	1.74e-06	0.00e+00	0.00e+00	0.00e+00	0.00e+00	0.00e+00	1.20e-04	2.91e-05	1.56e-05
 4.46882e+16	1.89e-04	3.73e-02	9.62e-01	1.72e-06	0.00e+00	0.00e+00	0.00e+00	0.00e+00	0.00e+00	1.38e-04	3.36e-05	1.79e-05
 4.57573e+16	2.19e-04	4.01e-02	9.60e-01	1.72e-06	0.00e+00	0.00e+00	0.00e+00	0.00e+00	0.00e+00	1.59e-04	3.91e-05	2.08e-05
 4.68335e+16	2.57e-04	4.34e-02	9.56e-01	1.67e-06	0.00e+00	0.00e+00	0.00e+00	0.00e+00	0.00e+00	1.86e-04	4.61e-05	2.44e-05
 4.78070e+16	2.98e-04	4.67e-02	9.53e-01	1.65e-06	0.00e+00	0.00e+00	0.00e+00	0.00e+00	0.00e+00	2.16e-04	5.36e-05	2.83e-05
 4.86832e+16	3.43e-04	5.02e-02	9.50e-01	1.60e-06	0.00e+00	0.00e+00	0.00e+00	0.00e+00	0.00e+00	2.49e-04	6.17e-05	3.25e-05
 4.94718e+16	3.92e-04	5.36e-02	9.46e-01	1.55e-06	0.00e+00	0.00e+00	0.00e+00	0.00e+00	0.00e+00	2.84e-04	7.04e-05	3.70e-05
 5.01815e+16	4.42e-04	5.70e-02	9.43e-01	1.51e-06	0.00e+00	0.00e+00	0.00e+00	0.00e+00	0.00e+00	3.21e-04	7.95e-05	4.18e-05
 5.08203e+16	4.95e-04	6.05e-02	9.39e-01	1.47e-06	0.00e+00	0.00e+00	0.00e+00	0.00e+00	0.00e+00	3.59e-04	8.91e-05	4.68e-05
 5.14057e+16	5.51e-04	6.39e-02	9.36e-01	1.42e-06	0.00e+00	0.00e+00	0.00e+00	0.00e+00	0.00e+00	4.00e-04	9.91e-05	5.20e-05
 5.19714e+16	6.12e-04	6.75e-02	9.32e-01	1.37e-06	0.00e+00	0.00e+00	0.00e+00	0.00e+00	0.00e+00	4.44e-04	1.10e-04	5.77e-05
 5.25371e+16	6.83e-04	7.14e-02	9.28e-01	1.32e-06	0.00e+00	0.00e+00	0.00e+00	0.00e+00	0.00e+00	4.96e-04	1.23e-04	6.43e-05
 5.31028e+16	7.64e-04	7.57e-02	9.24e-01	1.27e-06	0.00e+00	0.00e+00	0.00e+00	0.00e+00	0.00e+00	5.55e-04	1.37e-04	7.19e-05
 5.36685e+16	8.58e-04	8.04e-02	9.19e-01	1.21e-06	0.00e+00	0.00e+00	0.00e+00	0.00e+00	0.00e+00	6.23e-04	1.54e-04	8.06e-05
 5.42341e+16	9.67e-04	8.56e-02	9.13e-01	1.15e-06	0.00e+00	0.00e+00	0.00e+00	0.00e+00	0.00e+00	7.02e-04	1.74e-04	9.09e-05
 5.47998e+16	1.09e-03	9.13e-02	9.08e-01	1.08e-06	0.00e+00	0.00e+00	0.00e+00	0.00e+00	0.00e+00	7.95e-04	1.97e-04	1.03e-04
 5.53655e+16	1.25e-03	9.77e-02	9.01e-01	1.01e-06	0.00e+00	0.00e+00	0.00e+00	0.00e+00	0.00e+00	9.05e-04	2.24e-04	1.17e-04
 5.59312e+16	1.43e-03	1.05e-01	8.94e-01	9.44e-07	0.00e+00	0.00e+00	0.00e+00	0.00e+00	0.00e+00	1.04e-03	2.57e-04	1.34e-04
 5.63915e+16	1.62e-03	1.12e-01	8.87e-01	8.86e-07	0.00e+00	0.00e+00	0.00e+00	0.00e+00	0.00e+00	1.17e-03	2.90e-04	1.52e-04
