#depth	H	H+	H2
 6.21970e+11	1.53e-03	9.98e-01	1.24e-13
 3.73182e+12	1.53e-03	9.98e-01	1.24e-13
 1.61712e+13	1.53e-03	9.98e-01	1.25e-13
 6.59288e+13	1.53e-03	9.98e-01	1.26e-13
 1.57483e+14	1.51e-03	9.98e-01	1.28e-13
 2.76503e+14	1.50e-03	9.98e-01	1.30e-13
 4.31229e+14	1.49e-03	9.99e-01	1.32e-13
 6.32374e+14	1.47e-03	9.99e-01	1.34e-13
 8.93861e+14	1.46e-03	9.99e-01	1.36e-13
 1.23379e+15	1.44e-03	9.99e-01	1.38e-13
 1.67571e+15	1.42e-03	9.99e-01	1.39e-13
 2.25020e+15	1.40e-03	9.99e-01	1.39e-13
 2.99703e+15	1.38e-03	9.99e-01	1.41e-13
 3.83339e+15	1.38e-03	9.99e-01	1.45e-13
 4.61342e+15	1.38e-03	9.99e-01	1.51e-13
 5.45474e+15	1.39e-03	9.99e-01	1.60e-13
 6.54845e+15	1.42e-03	9.99e-01	1.69e-13
 7.97028e+15	1.46e-03	9.99e-01	1.81e-13
 9.81865e+15	1.51e-03	9.98e-01	1.93e-13
 1.22215e+16	1.59e-03	9.98e-01	2.04e-13
 1.42587e+16	1.64e-03	9.98e-01	2.14e-13
 1.56845e+16	1.69e-03	9.98e-01	2.18e-13
 1.72530e+16	1.76e-03	9.98e-01	2.22e-13
 1.89783e+16	1.84e-03	9.98e-01	2.27e-13
 2.08761e+16	1.94e-03	9.98e-01	2.34e-13
 2.29637e+16	2.06e-03	9.98e-01	2.42e-13
 2.51858e+16	2.21e-03	9.98e-01	2.54e-13
 2.73274e+16	2.38e-03	9.98e-01	2.71e-13
 2.92525e+16	2.56e-03	9.97e-01	2.89e-13
 3.10097e+16	2.74e-03	9.97e-01	3.08e-13
 3.25346e+16	2.92e-03	9.97e-01	3.29e-13
 3.38214e+16	3.09e-03	9.97e-01	3.49e-13
 3.51512e+16	3.27e-03	9.97e-01	3.68e-13
 3.65817e+16	3.49e-03	9.97e-01	3.92e-13
 3.79018e+16	3.72e-03	9.96e-01	4.19e-13
 3.90657e+16	3.94e-03	9.96e-01	4.45e-13
 4.02304e+16	4.16e-03	9.96e-01	4.70e-13
 4.14509e+16	4.43e-03	9.96e-01	4.99e-13
 4.26105e+16	4.72e-03	9.95e-01	5.31e-13
 4.36728e+16	5.01e-03	9.95e-01	5.63e-13
 4.46882e+16	5.30e-03	9.95e-01	5.95e-13
 4.57573e+16	5.63e-03	9.94e-01	6.30e-13
 4.68335e+16	6.02e-03	9.94e-01	6.73e-13
 4.78070e+16	6.41e-03	9.94e-01	7.16e-13
 4.86832e+16	6.79e-03	9.93e-01	7.60e-13
 4.94718e+16	7.17e-03	9.93e-01	8.05e-13
 5.01815e+16	7.54e-03	9.92e-01	8.49e-13
 5.08203e+16	7.91e-03	9.92e-01	8.94e-13
 5.14057e+16	8.27e-03	9.92e-01	9.39e-13
 5.19714e+16	8.64e-03	9.91e-01	9.85e-13
 5.25371e+16	9.05e-03	9.91e-01	1.04e-12
 5.31028e+16	9.48e-03	9.91e-01	1.10e-12
 5.36685e+16	9.96e-03	9.90e-01	1.16e-12
 5.42341e+16	1.05e-02	9.90e-01	1.24e-12
 5.47998e+16	1.11e-02	9.89e-01	1.32e-12
 5.53655e+16	1.17e-02	9.88e-01	1.42e-12
 5.59312e+16	1.24e-02	9.88e-01	1.54e-12
 5.63915e+16	1.31e-02	9.87e-01	1.65e-12
