#depth	He	He+	He+2
 3.13067e+11	1.35e-03	9.93e-01	5.48e-03
 1.87840e+12	1.35e-03	9.93e-01	5.48e-03
 8.13974e+12	1.35e-03	9.93e-01	5.43e-03
 3.31851e+13	1.35e-03	9.93e-01	5.23e-03
 7.92685e+13	1.35e-03	9.94e-01	5.07e-03
 1.39177e+14	1.36e-03	9.94e-01	4.74e-03
 2.17058e+14	1.36e-03	9.94e-01	4.24e-03
 3.18303e+14	1.37e-03	9.95e-01	3.59e-03
 4.49922e+14	1.38e-03	9.96e-01	2.83e-03
 6.21027e+14	1.39e-03	9.97e-01	2.04e-03
 8.43463e+14	1.41e-03	9.97e-01	1.31e-03
 1.13263e+15	1.43e-03	9.98e-01	7.27e-04
 1.50855e+15	1.45e-03	9.98e-01	3.38e-04
 1.99724e+15	1.48e-03	9.98e-01	1.27e-04
 2.63254e+15	1.53e-03	9.98e-01	3.68e-05
 3.45843e+15	1.59e-03	9.98e-01	7.82e-06
 4.53208e+15	1.67e-03	9.98e-01	1.19e-06
 5.92784e+15	1.78e-03	9.98e-01	1.28e-07
 7.46573e+15	1.91e-03	9.98e-01	1.36e-08
 9.05594e+15	2.06e-03	9.98e-01	2.02e-09
 1.03920e+16	2.19e-03	9.98e-01	5.17e-10
 1.13199e+16	2.29e-03	9.98e-01	2.39e-10
 1.23160e+16	2.41e-03	9.98e-01	1.19e-10
 1.34001e+16	2.56e-03	9.97e-01	6.61e-11
 1.43504e+16	2.69e-03	9.97e-01	4.57e-11
 1.51633e+16	2.82e-03	9.97e-01	3.65e-11
 1.59303e+16	2.95e-03	9.97e-01	3.12e-11
 1.66970e+16	3.10e-03	9.97e-01	2.79e-11
 1.74442e+16	3.25e-03	9.97e-01	2.59e-11
 1.81464e+16	3.40e-03	9.97e-01	2.47e-11
 1.88047e+16	3.56e-03	9.96e-01	2.39e-11
 1.94339e+16	3.73e-03	9.96e-01	2.34e-11
 2.00434e+16	3.90e-03	9.96e-01	2.31e-11
 2.06326e+16	4.08e-03	9.96e-01	2.30e-11
 2.11978e+16	4.28e-03	9.96e-01	2.29e-11
 2.17390e+16	4.48e-03	9.96e-01	2.29e-11
 2.22598e+16	4.69e-03	9.95e-01	2.30e-11
 2.27633e+16	4.91e-03	9.95e-01	2.31e-11
 2.32505e+16	5.15e-03	9.95e-01	2.33e-11
 2.37212e+16	5.40e-03	9.95e-01	2.35e-11
 2.41752e+16	5.67e-03	9.94e-01	2.38e-11
 2.46143e+16	5.95e-03	9.94e-01	2.42e-11
 2.50410e+16	6.26e-03	9.94e-01	2.46e-11
 2.54548e+16	6.60e-03	9.93e-01	2.50e-11
 2.58547e+16	6.96e-03	9.93e-01	2.55e-11
 2.62414e+16	7.36e-03	9.93e-01	2.59e-11
 2.66158e+16	7.79e-03	9.92e-01	2.65e-11
 2.69757e+16	8.26e-03	9.92e-01	2.72e-11
 2.73165e+16	8.78e-03	9.91e-01	2.80e-11
 2.76359e+16	9.32e-03	9.91e-01	2.88e-11
 2.79367e+16	9.92e-03	9.90e-01	2.96e-11
 2.82234e+16	1.06e-02	9.89e-01	3.06e-11
 2.84978e+16	1.13e-02	9.89e-01	3.16e-11
 2.87591e+16	1.21e-02	9.88e-01	3.29e-11
 2.90068e+16	1.29e-02	9.87e-01	3.43e-11
 2.92427e+16	1.39e-02	9.86e-01	3.62e-11
 2.94691e+16	1.50e-02	9.85e-01	3.78e-11
 2.96846e+16	1.63e-02	9.84e-01	3.94e-11
 2.98877e+16	1.77e-02	9.82e-01	4.17e-11
 3.00810e+16	1.93e-02	9.81e-01	4.46e-11
 3.02673e+16	2.11e-02	9.79e-01	4.92e-11
 3.04466e+16	2.33e-02	9.77e-01	5.32e-11
 3.06170e+16	2.58e-02	9.74e-01	6.10e-11
 3.07792e+16	2.88e-02	9.71e-01	6.88e-11
 3.09139e+16	3.18e-02	9.68e-01	7.75e-11
 3.10108e+16	3.45e-02	9.66e-01	8.55e-11
 3.10936e+16	3.71e-02	9.63e-01	9.20e-11
 3.11882e+16	4.06e-02	9.59e-01	1.04e-10
 3.12889e+16	4.49e-02	9.55e-01	1.19e-10
 3.13718e+16	4.91e-02	9.51e-01	1.36e-10
 3.14385e+16	5.30e-02	9.47e-01	1.53e-10
 3.15096e+16	5.78e-02	9.42e-01	1.73e-10
 3.15860e+16	6.37e-02	9.36e-01	2.02e-10
 3.16511e+16	6.97e-02	9.30e-01	2.30e-10
 3.17055e+16	7.52e-02	9.25e-01	2.62e-10
 3.17638e+16	8.21e-02	9.18e-01	2.99e-10
 3.18269e+16	9.05e-02	9.09e-01	3.48e-10
 3.18817e+16	9.90e-02	9.01e-01	3.96e-10
 3.19284e+16	1.07e-01	8.93e-01	4.50e-10
 3.19763e+16	1.16e-01	8.84e-01	5.06e-10
 3.20275e+16	1.27e-01	8.73e-01	5.84e-10
 3.20761e+16	1.38e-01	8.62e-01	6.64e-10
 3.21208e+16	1.50e-01	8.50e-01	7.46e-10
 3.21631e+16	1.62e-01	8.38e-01	8.42e-10
 3.22019e+16	1.75e-01	8.25e-01	9.30e-10
 3.22380e+16	1.87e-01	8.13e-01	1.03e-09
 3.22668e+16	1.97e-01	8.03e-01	1.11e-09
 3.22859e+16	2.05e-01	7.95e-01	1.17e-09
 3.23033e+16	2.12e-01	7.88e-01	1.22e-09
 3.23240e+16	2.21e-01	7.79e-01	1.28e-09
 3.23469e+16	2.30e-01	7.70e-01	1.36e-09
 3.23688e+16	2.40e-01	7.60e-01	1.44e-09
 3.23892e+16	2.49e-01	7.51e-01	1.52e-09
 3.24093e+16	2.59e-01	7.41e-01	1.59e-09
 3.24298e+16	2.69e-01	7.31e-01	1.68e-09
 3.24505e+16	2.80e-01	7.20e-01	1.77e-09
 3.24708e+16	2.91e-01	7.09e-01	1.86e-09
 3.24909e+16	3.02e-01	6.98e-01	1.95e-09
 3.25112e+16	3.13e-01	6.87e-01	2.05e-09
 3.25311e+16	3.25e-01	6.75e-01	2.15e-09
 3.25508e+16	3.37e-01	6.63e-01	2.25e-09
 3.25707e+16	3.49e-01	6.51e-01	2.35e-09
 3.25905e+16	3.61e-01	6.38e-01	2.46e-09
 3.26101e+16	3.75e-01	6.25e-01	2.56e-09
 3.26297e+16	3.87e-01	6.13e-01	2.68e-09
 3.26493e+16	4.00e-01	6.00e-01	2.79e-09
 3.26690e+16	4.14e-01	5.86e-01	2.90e-09
 3.26883e+16	4.28e-01	5.72e-01	3.01e-09
 3.27074e+16	4.41e-01	5.59e-01	3.13e-09
 3.27268e+16	4.55e-01	5.45e-01	3.25e-09
 3.27463e+16	4.70e-01	5.30e-01	3.36e-09
 3.27653e+16	4.84e-01	5.16e-01	3.48e-09
 3.27841e+16	4.98e-01	5.02e-01	3.60e-09
 3.28032e+16	5.12e-01	4.88e-01	3.71e-09
 3.28224e+16	5.27e-01	4.73e-01	3.83e-09
 3.28412e+16	5.41e-01	4.59e-01	3.94e-09
 3.28595e+16	5.55e-01	4.45e-01	4.05e-09
 3.28776e+16	5.69e-01	4.31e-01	4.16e-09
 3.28956e+16	5.83e-01	4.17e-01	4.25e-09
 3.29135e+16	5.97e-01	4.03e-01	4.36e-09
 3.29313e+16	6.10e-01	3.90e-01	4.46e-09
 3.29486e+16	6.23e-01	3.77e-01	4.55e-09
 3.29656e+16	6.36e-01	3.64e-01	4.63e-09
 3.29825e+16	6.49e-01	3.51e-01	4.72e-09
 3.29995e+16	6.61e-01	3.39e-01	4.80e-09
 3.30163e+16	6.74e-01	3.26e-01	4.88e-09
 3.30326e+16	6.86e-01	3.14e-01	4.95e-09
 3.30488e+16	6.97e-01	3.03e-01	5.01e-09
 3.30651e+16	7.08e-01	2.92e-01	5.08e-09
 3.30812e+16	7.19e-01	2.81e-01	5.15e-09
 3.30970e+16	7.30e-01	2.70e-01	5.20e-09
 3.31127e+16	7.41e-01	2.59e-01	5.25e-09
 3.31284e+16	7.51e-01	2.49e-01	5.30e-09
 3.31437e+16	7.61e-01	2.39e-01	5.33e-09
 3.31590e+16	7.70e-01	2.30e-01	5.38e-09
 3.31743e+16	7.79e-01	2.21e-01	5.41e-09
 3.31892e+16	7.88e-01	2.12e-01	5.44e-09
 3.32041e+16	7.97e-01	2.03e-01	5.47e-09
 3.32191e+16	8.05e-01	1.95e-01	5.49e-09
 3.32341e+16	8.13e-01	1.87e-01	5.51e-09
 3.32487e+16	8.21e-01	1.79e-01	5.52e-09
 3.32630e+16	8.29e-01	1.71e-01	5.53e-09
 3.32776e+16	8.36e-01	1.64e-01	5.54e-09
 3.32922e+16	8.43e-01	1.57e-01	5.55e-09
 3.33063e+16	8.50e-01	1.50e-01	5.55e-09
 3.33202e+16	8.56e-01	1.44e-01	5.55e-09
 3.33344e+16	8.62e-01	1.38e-01	5.54e-09
 3.33485e+16	8.68e-01	1.32e-01	5.53e-09
 3.33624e+16	8.74e-01	1.26e-01	5.52e-09
 3.33760e+16	8.79e-01	1.21e-01	5.48e-09
 3.33901e+16	8.85e-01	1.15e-01	5.46e-09
 3.34043e+16	8.90e-01	1.10e-01	5.45e-09
 3.34180e+16	8.95e-01	1.05e-01	5.46e-09
 3.34308e+16	8.99e-01	1.01e-01	5.44e-09
 3.34434e+16	9.03e-01	9.67e-02	5.41e-09
 3.34565e+16	9.07e-01	9.25e-02	5.40e-09
 3.34696e+16	9.12e-01	8.84e-02	5.35e-09
 3.34825e+16	9.15e-01	8.46e-02	5.32e-09
 3.34955e+16	9.19e-01	8.08e-02	5.28e-09
 3.35082e+16	9.23e-01	7.74e-02	5.25e-09
 3.35205e+16	9.26e-01	7.41e-02	5.22e-09
 3.35327e+16	9.29e-01	7.10e-02	5.19e-09
 3.35447e+16	9.32e-01	6.81e-02	5.15e-09
 3.35563e+16	9.35e-01	6.53e-02	5.11e-09
 3.35671e+16	9.37e-01	6.29e-02	5.07e-09
 3.35772e+16	9.39e-01	6.07e-02	5.04e-09
 3.35870e+16	9.41e-01	5.86e-02	5.00e-09
 3.35966e+16	9.43e-01	5.66e-02	4.96e-09
 3.36058e+16	9.45e-01	5.47e-02	4.91e-09
 3.36145e+16	9.47e-01	5.30e-02	4.87e-09
 3.36231e+16	9.49e-01	5.13e-02	4.82e-09
 3.36316e+16	9.50e-01	4.97e-02	4.77e-09
 3.36401e+16	9.52e-01	4.81e-02	4.72e-09
 3.36488e+16	9.53e-01	4.66e-02	4.66e-09
 3.36570e+16	9.55e-01	4.51e-02	4.60e-09
 3.36643e+16	9.56e-01	4.39e-02	4.54e-09
 3.36707e+16	9.57e-01	4.28e-02	4.49e-09
 3.36766e+16	9.58e-01	4.18e-02	4.43e-09
 3.36822e+16	9.59e-01	4.09e-02	4.37e-09
 3.36874e+16	9.60e-01	4.00e-02	4.32e-09
 3.36924e+16	9.61e-01	3.92e-02	4.27e-09
 3.36970e+16	9.62e-01	3.84e-02	4.21e-09
 3.37013e+16	9.62e-01	3.77e-02	4.16e-09
 3.37054e+16	9.63e-01	3.71e-02	4.11e-09
 3.37092e+16	9.64e-01	3.64e-02	4.05e-09
 3.37127e+16	9.64e-01	3.59e-02	4.01e-09
 3.37159e+16	9.65e-01	3.54e-02	3.97e-09
 3.37188e+16	9.65e-01	3.49e-02	3.93e-09
 3.37215e+16	9.66e-01	3.45e-02	3.89e-09
 3.37239e+16	9.66e-01	3.41e-02	3.85e-09
 3.37260e+16	9.66e-01	3.37e-02	3.82e-09
 3.37284e+16	9.67e-01	3.33e-02	3.78e-09
 3.37310e+16	9.67e-01	3.30e-02	3.75e-09
 3.37334e+16	9.67e-01	3.26e-02	3.72e-09
 3.37355e+16	9.68e-01	3.23e-02	3.69e-09
 3.37379e+16	9.68e-01	3.19e-02	3.65e-09
 3.37409e+16	9.69e-01	3.14e-02	3.60e-09
 3.37442e+16	9.69e-01	3.09e-02	3.56e-09
