#depth	H	H+	H2
 3.13067e+11	1.33e-03	9.99e-01	1.17e-13
 1.87840e+12	1.33e-03	9.99e-01	1.18e-13
 8.13974e+12	1.33e-03	9.99e-01	1.18e-13
 3.31851e+13	1.33e-03	9.99e-01	1.19e-13
 7.92685e+13	1.32e-03	9.99e-01	1.19e-13
 1.39177e+14	1.32e-03	9.99e-01	1.20e-13
 2.17058e+14	1.31e-03	9.99e-01	1.21e-13
 3.18303e+14	1.30e-03	9.99e-01	1.22e-13
 4.49922e+14	1.30e-03	9.99e-01	1.24e-13
 6.21027e+14	1.29e-03	9.99e-01	1.27e-13
 8.43463e+14	1.29e-03	9.99e-01	1.30e-13
 1.13263e+15	1.28e-03	9.99e-01	1.34e-13
 1.50855e+15	1.28e-03	9.99e-01	1.39e-13
 1.99724e+15	1.29e-03	9.99e-01	1.45e-13
 2.63254e+15	1.30e-03	9.99e-01	1.53e-13
 3.45843e+15	1.32e-03	9.99e-01	1.62e-13
 4.53208e+15	1.36e-03	9.99e-01	1.72e-13
 5.92784e+15	1.42e-03	9.99e-01	1.82e-13
 7.46573e+15	1.50e-03	9.99e-01	1.91e-13
 9.05594e+15	1.61e-03	9.98e-01	1.97e-13
 1.03920e+16	1.71e-03	9.98e-01	2.07e-13
 1.13199e+16	1.80e-03	9.98e-01	2.12e-13
 1.23160e+16	1.91e-03	9.98e-01	2.17e-13
 1.34001e+16	2.05e-03	9.98e-01	2.26e-13
 1.43504e+16	2.19e-03	9.98e-01	2.37e-13
 1.51633e+16	2.33e-03	9.98e-01	2.47e-13
 1.59303e+16	2.48e-03	9.98e-01	2.59e-13
 1.66970e+16	2.65e-03	9.97e-01	2.74e-13
 1.74442e+16	2.83e-03	9.97e-01	2.91e-13
 1.81464e+16	3.03e-03	9.97e-01	3.09e-13
 1.88047e+16	3.24e-03	9.97e-01	3.29e-13
 1.94339e+16	3.47e-03	9.97e-01	3.51e-13
 2.00434e+16	3.71e-03	9.96e-01	3.76e-13
 2.06326e+16	3.98e-03	9.96e-01	4.03e-13
 2.11978e+16	4.28e-03	9.96e-01	4.32e-13
 2.17390e+16	4.59e-03	9.95e-01	4.64e-13
 2.22598e+16	4.94e-03	9.95e-01	4.99e-13
 2.27633e+16	5.31e-03	9.95e-01	5.38e-13
 2.32505e+16	5.73e-03	9.94e-01	5.80e-13
 2.37212e+16	6.19e-03	9.94e-01	6.27e-13
 2.41752e+16	6.68e-03	9.93e-01	6.76e-13
 2.46143e+16	7.23e-03	9.93e-01	7.31e-13
 2.50410e+16	7.85e-03	9.92e-01	7.93e-13
 2.54548e+16	8.53e-03	9.91e-01	8.61e-13
 2.58547e+16	9.30e-03	9.91e-01	9.37e-13
 2.62414e+16	1.02e-02	9.90e-01	1.03e-12
 2.66158e+16	1.11e-02	9.89e-01	1.12e-12
 2.69757e+16	1.22e-02	9.88e-01	1.23e-12
 2.73165e+16	1.34e-02	9.87e-01	1.35e-12
 2.76359e+16	1.48e-02	9.85e-01	1.48e-12
 2.79367e+16	1.63e-02	9.84e-01	1.63e-12
 2.82234e+16	1.80e-02	9.82e-01	1.80e-12
 2.84978e+16	1.99e-02	9.80e-01	1.99e-12
 2.87591e+16	2.21e-02	9.78e-01	2.20e-12
 2.90068e+16	2.45e-02	9.75e-01	2.45e-12
 2.92427e+16	2.73e-02	9.73e-01	2.73e-12
 2.94691e+16	3.07e-02	9.69e-01	3.08e-12
 2.96846e+16	3.46e-02	9.65e-01	3.49e-12
 2.98877e+16	3.91e-02	9.61e-01	3.95e-12
 3.00810e+16	4.43e-02	9.56e-01	4.51e-12
 3.02673e+16	5.06e-02	9.49e-01	5.20e-12
 3.04466e+16	5.82e-02	9.42e-01	6.04e-12
 3.06170e+16	6.72e-02	9.33e-01	7.06e-12
 3.07792e+16	7.82e-02	9.22e-01	8.34e-12
 3.09139e+16	9.00e-02	9.10e-01	9.76e-12
 3.10108e+16	1.00e-01	9.00e-01	1.10e-11
 3.10936e+16	1.10e-01	8.90e-01	1.23e-11
 3.11882e+16	1.24e-01	8.76e-01	1.41e-11
 3.12889e+16	1.41e-01	8.59e-01	1.64e-11
 3.13718e+16	1.57e-01	8.43e-01	1.87e-11
 3.14385e+16	1.72e-01	8.28e-01	2.09e-11
 3.15096e+16	1.90e-01	8.10e-01	2.37e-11
 3.15860e+16	2.12e-01	7.88e-01	2.73e-11
 3.16511e+16	2.34e-01	7.66e-01	3.10e-11
 3.17055e+16	2.53e-01	7.47e-01	3.43e-11
 3.17638e+16	2.76e-01	7.24e-01	3.87e-11
 3.18269e+16	3.03e-01	6.97e-01	4.42e-11
 3.18817e+16	3.29e-01	6.71e-01	4.98e-11
 3.19284e+16	3.51e-01	6.49e-01	5.49e-11
 3.19763e+16	3.76e-01	6.24e-01	6.12e-11
 3.20275e+16	4.03e-01	5.97e-01	6.84e-11
 3.20761e+16	4.31e-01	5.69e-01	7.65e-11
 3.21208e+16	4.57e-01	5.43e-01	8.48e-11
 3.21631e+16	4.81e-01	5.19e-01	9.32e-11
 3.22019e+16	5.05e-01	4.95e-01	1.02e-10
 3.22380e+16	5.26e-01	4.74e-01	1.11e-10
 3.22668e+16	5.44e-01	4.56e-01	1.18e-10
 3.22859e+16	5.55e-01	4.45e-01	1.24e-10
 3.23033e+16	5.65e-01	4.35e-01	1.29e-10
 3.23240e+16	5.78e-01	4.22e-01	1.35e-10
 3.23469e+16	5.91e-01	4.09e-01	1.43e-10
 3.23688e+16	6.04e-01	3.96e-01	1.50e-10
 3.23892e+16	6.16e-01	3.84e-01	1.57e-10
 3.24093e+16	6.28e-01	3.72e-01	1.65e-10
 3.24298e+16	6.40e-01	3.60e-01	1.73e-10
 3.24505e+16	6.52e-01	3.48e-01	1.82e-10
 3.24708e+16	6.63e-01	3.37e-01	1.90e-10
 3.24909e+16	6.75e-01	3.25e-01	2.00e-10
 3.25112e+16	6.86e-01	3.14e-01	2.10e-10
 3.25311e+16	6.97e-01	3.03e-01	2.20e-10
 3.25508e+16	7.08e-01	2.92e-01	2.30e-10
 3.25707e+16	7.18e-01	2.82e-01	2.42e-10
 3.25905e+16	7.29e-01	2.71e-01	2.53e-10
 3.26101e+16	7.39e-01	2.61e-01	2.66e-10
 3.26297e+16	7.48e-01	2.52e-01	2.78e-10
 3.26493e+16	7.58e-01	2.42e-01	2.93e-10
 3.26690e+16	7.68e-01	2.32e-01	3.07e-10
 3.26883e+16	7.77e-01	2.23e-01	3.22e-10
 3.27074e+16	7.85e-01	2.15e-01	3.37e-10
 3.27268e+16	7.94e-01	2.06e-01	3.54e-10
 3.27463e+16	8.02e-01	1.98e-01	3.73e-10
 3.27653e+16	8.10e-01	1.90e-01	3.91e-10
 3.27841e+16	8.18e-01	1.82e-01	4.09e-10
 3.28032e+16	8.25e-01	1.75e-01	4.31e-10
 3.28224e+16	8.33e-01	1.67e-01	4.53e-10
 3.28412e+16	8.40e-01	1.60e-01	4.76e-10
 3.28595e+16	8.46e-01	1.54e-01	4.98e-10
 3.28776e+16	8.53e-01	1.47e-01	5.25e-10
 3.28956e+16	8.59e-01	1.41e-01	5.52e-10
 3.29135e+16	8.65e-01	1.35e-01	5.80e-10
 3.29313e+16	8.70e-01	1.30e-01	6.07e-10
 3.29486e+16	8.75e-01	1.25e-01	6.40e-10
 3.29656e+16	8.80e-01	1.20e-01	6.73e-10
 3.29825e+16	8.85e-01	1.15e-01	7.07e-10
 3.29995e+16	8.90e-01	1.10e-01	7.41e-10
 3.30163e+16	8.94e-01	1.06e-01	7.82e-10
 3.30326e+16	8.98e-01	1.02e-01	8.24e-10
 3.30488e+16	9.02e-01	9.75e-02	8.67e-10
 3.30651e+16	9.06e-01	9.37e-02	9.06e-10
 3.30812e+16	9.10e-01	9.00e-02	9.54e-10
 3.30970e+16	9.14e-01	8.64e-02	1.01e-09
 3.31127e+16	9.17e-01	8.31e-02	1.06e-09
 3.31284e+16	9.20e-01	7.97e-02	1.13e-09
 3.31437e+16	9.23e-01	7.66e-02	1.18e-09
 3.31590e+16	9.26e-01	7.37e-02	1.25e-09
 3.31743e+16	9.29e-01	7.08e-02	1.32e-09
 3.31892e+16	9.32e-01	6.81e-02	1.40e-09
 3.32041e+16	9.34e-01	6.56e-02	1.46e-09
 3.32191e+16	9.37e-01	6.30e-02	1.55e-09
 3.32341e+16	9.39e-01	6.05e-02	1.65e-09
 3.32487e+16	9.42e-01	5.82e-02	1.76e-09
 3.32630e+16	9.44e-01	5.60e-02	1.85e-09
 3.32776e+16	9.46e-01	5.39e-02	1.97e-09
 3.32922e+16	9.48e-01	5.17e-02	2.10e-09
 3.33063e+16	9.50e-01	4.98e-02	2.24e-09
 3.33202e+16	9.52e-01	4.80e-02	2.36e-09
 3.33344e+16	9.54e-01	4.61e-02	2.53e-09
 3.33485e+16	9.56e-01	4.43e-02	2.71e-09
 3.33624e+16	9.57e-01	4.26e-02	2.91e-09
 3.33760e+16	9.59e-01	4.09e-02	3.13e-09
 3.33901e+16	9.61e-01	3.93e-02	3.36e-09
 3.34043e+16	9.62e-01	3.77e-02	3.62e-09
 3.34180e+16	9.64e-01	3.64e-02	3.90e-09
 3.34308e+16	9.65e-01	3.50e-02	4.20e-09
 3.34434e+16	9.66e-01	3.38e-02	4.51e-09
 3.34565e+16	9.68e-01	3.25e-02	4.95e-09
 3.34696e+16	9.69e-01	3.12e-02	5.38e-09
 3.34825e+16	9.70e-01	3.00e-02	5.89e-09
 3.34955e+16	9.71e-01	2.88e-02	6.50e-09
 3.35082e+16	9.72e-01	2.76e-02	7.16e-09
 3.35205e+16	9.73e-01	2.66e-02	7.94e-09
 3.35327e+16	9.74e-01	2.56e-02	8.80e-09
 3.35447e+16	9.75e-01	2.45e-02	9.84e-09
 3.35563e+16	9.76e-01	2.36e-02	1.10e-08
 3.35671e+16	9.77e-01	2.27e-02	1.24e-08
 3.35772e+16	9.78e-01	2.20e-02	1.37e-08
 3.35870e+16	9.79e-01	2.12e-02	1.53e-08
 3.35966e+16	9.80e-01	2.05e-02	1.71e-08
 3.36058e+16	9.80e-01	1.98e-02	1.91e-08
 3.36145e+16	9.81e-01	1.91e-02	2.13e-08
 3.36231e+16	9.82e-01	1.85e-02	2.36e-08
 3.36316e+16	9.82e-01	1.79e-02	2.62e-08
 3.36401e+16	9.83e-01	1.72e-02	2.90e-08
 3.36488e+16	9.83e-01	1.66e-02	3.20e-08
 3.36570e+16	9.84e-01	1.60e-02	3.47e-08
 3.36643e+16	9.85e-01	1.54e-02	3.71e-08
 3.36707e+16	9.85e-01	1.50e-02	3.89e-08
 3.36766e+16	9.85e-01	1.45e-02	4.04e-08
 3.36822e+16	9.86e-01	1.42e-02	4.17e-08
 3.36874e+16	9.86e-01	1.38e-02	4.28e-08
 3.36924e+16	9.87e-01	1.34e-02	4.38e-08
 3.36970e+16	9.87e-01	1.31e-02	4.46e-08
 3.37013e+16	9.87e-01	1.28e-02	4.54e-08
 3.37054e+16	9.87e-01	1.25e-02	4.61e-08
 3.37092e+16	9.88e-01	1.22e-02	4.68e-08
 3.37127e+16	9.88e-01	1.20e-02	4.75e-08
 3.37159e+16	9.88e-01	1.18e-02	4.81e-08
 3.37188e+16	9.88e-01	1.16e-02	4.87e-08
 3.37215e+16	9.89e-01	1.14e-02	4.93e-08
 3.37239e+16	9.89e-01	1.13e-02	4.98e-08
 3.37260e+16	9.89e-01	1.11e-02	5.03e-08
 3.37284e+16	9.89e-01	1.10e-02	5.09e-08
 3.37310e+16	9.89e-01	1.08e-02	5.16e-08
 3.37334e+16	9.89e-01	1.06e-02	5.22e-08
 3.37355e+16	9.90e-01	1.05e-02	5.28e-08
 3.37379e+16	9.90e-01	1.03e-02	5.35e-08
 3.37409e+16	9.90e-01	1.01e-02	5.46e-08
 3.37442e+16	9.90e-01	9.89e-03	5.57e-08
