#depth	O	O+	O+2	O+3	O+4	O+5	O+6	O+7	O+8	O[1]	O[2]	O[3]
 3.13067e+11	1.61e-05	2.19e-02	9.75e-01	2.70e-03	0.00e+00	0.00e+00	0.00e+00	0.00e+00	0.00e+00	1.12e-05	3.37e-06	1.55e-06
 1.87840e+12	1.61e-05	2.18e-02	9.75e-01	2.69e-03	0.00e+00	0.00e+00	0.00e+00	0.00e+00	0.00e+00	1.12e-05	3.36e-06	1.55e-06
 8.13974e+12	1.61e-05	2.18e-02	9.75e-01	2.65e-03	0.00e+00	0.00e+00	0.00e+00	0.00e+00	0.00e+00	1.12e-05	3.36e-06	1.55e-06
 3.31851e+13	1.61e-05	2.19e-02	9.76e-01	2.49e-03	0.00e+00	0.00e+00	0.00e+00	0.00e+00	0.00e+00	1.12e-05	3.38e-06	1.56e-06
 7.92685e+13	1.61e-05	2.19e-02	9.76e-01	2.28e-03	0.00e+00	0.00e+00	0.00e+00	0.00e+00	0.00e+00	1.12e-05	3.38e-06	1.56e-06
 1.39177e+14	1.61e-05	2.20e-02	9.76e-01	2.02e-03	0.00e+00	0.00e+00	0.00e+00	0.00e+00	0.00e+00	1.11e-05	3.38e-06	1.56e-06
 2.17058e+14	1.62e-05	2.21e-02	9.76e-01	1.73e-03	0.00e+00	0.00e+00	0.00e+00	0.00e+00	0.00e+00	1.12e-05	3.40e-06	1.57e-06
 3.18303e+14	1.62e-05	2.22e-02	9.76e-01	1.40e-03	0.00e+00	0.00e+00	0.00e+00	0.00e+00	0.00e+00	1.12e-05	3.41e-06	1.58e-06
 4.49922e+14	1.63e-05	2.24e-02	9.77e-01	1.07e-03	0.00e+00	0.00e+00	0.00e+00	0.00e+00	0.00e+00	1.13e-05	3.43e-06	1.59e-06
 6.21027e+14	1.65e-05	2.26e-02	9.77e-01	7.51e-04	0.00e+00	0.00e+00	0.00e+00	0.00e+00	0.00e+00	1.14e-05	3.47e-06	1.60e-06
 8.43463e+14	1.67e-05	2.29e-02	9.77e-01	4.74e-04	0.00e+00	0.00e+00	0.00e+00	0.00e+00	0.00e+00	1.16e-05	3.52e-06	1.63e-06
 1.13263e+15	1.71e-05	2.32e-02	9.76e-01	2.62e-04	0.00e+00	0.00e+00	0.00e+00	0.00e+00	0.00e+00	1.19e-05	3.59e-06	1.66e-06
 1.50855e+15	1.77e-05	2.37e-02	9.76e-01	1.22e-04	0.00e+00	0.00e+00	0.00e+00	0.00e+00	0.00e+00	1.22e-05	3.71e-06	1.72e-06
 1.99724e+15	1.85e-05	2.44e-02	9.76e-01	4.68e-05	0.00e+00	0.00e+00	0.00e+00	0.00e+00	0.00e+00	1.28e-05	3.87e-06	1.79e-06
 2.63254e+15	1.97e-05	2.53e-02	9.75e-01	1.42e-05	0.00e+00	0.00e+00	0.00e+00	0.00e+00	0.00e+00	1.36e-05	4.12e-06	1.91e-06
 3.45843e+15	2.15e-05	2.66e-02	9.73e-01	3.45e-06	0.00e+00	0.00e+00	0.00e+00	0.00e+00	0.00e+00	1.49e-05	4.49e-06	2.08e-06
 4.53208e+15	2.42e-05	2.83e-02	9.72e-01	8.16e-07	0.00e+00	0.00e+00	0.00e+00	0.00e+00	0.00e+00	1.68e-05	5.06e-06	2.34e-06
 5.92784e+15	2.85e-05	3.08e-02	9.69e-01	2.99e-07	0.00e+00	0.00e+00	0.00e+00	0.00e+00	0.00e+00	1.98e-05	5.97e-06	2.77e-06
 7.46871e+15	3.41e-05	3.36e-02	9.66e-01	1.85e-07	0.00e+00	0.00e+00	0.00e+00	0.00e+00	0.00e+00	2.36e-05	7.14e-06	3.31e-06
 9.06190e+15	4.19e-05	3.70e-02	9.63e-01	0.00e+00	0.00e+00	0.00e+00	0.00e+00	0.00e+00	0.00e+00	2.90e-05	8.78e-06	4.07e-06
 1.03983e+16	4.96e-05	4.01e-02	9.60e-01	0.00e+00	0.00e+00	0.00e+00	0.00e+00	0.00e+00	0.00e+00	3.44e-05	1.04e-05	4.84e-06
 1.13282e+16	5.67e-05	4.26e-02	9.57e-01	0.00e+00	0.00e+00	0.00e+00	0.00e+00	0.00e+00	0.00e+00	3.92e-05	1.19e-05	5.53e-06
 1.23280e+16	6.61e-05	4.55e-02	9.54e-01	0.00e+00	0.00e+00	0.00e+00	0.00e+00	0.00e+00	0.00e+00	4.57e-05	1.39e-05	6.47e-06
 1.34147e+16	7.85e-05	4.90e-02	9.51e-01	0.00e+00	0.00e+00	0.00e+00	0.00e+00	0.00e+00	0.00e+00	5.42e-05	1.66e-05	7.70e-06
 1.43651e+16	9.20e-05	5.24e-02	9.48e-01	0.00e+00	0.00e+00	0.00e+00	0.00e+00	0.00e+00	0.00e+00	6.35e-05	1.95e-05	9.05e-06
 1.51775e+16	1.06e-04	5.56e-02	9.44e-01	0.00e+00	0.00e+00	0.00e+00	0.00e+00	0.00e+00	0.00e+00	7.32e-05	2.25e-05	1.05e-05
 1.59423e+16	1.22e-04	5.90e-02	9.41e-01	0.00e+00	0.00e+00	0.00e+00	0.00e+00	0.00e+00	0.00e+00	8.43e-05	2.60e-05	1.21e-05
 1.68193e+16	1.45e-04	6.33e-02	9.37e-01	0.00e+00	0.00e+00	0.00e+00	0.00e+00	0.00e+00	0.00e+00	9.96e-05	3.08e-05	1.43e-05
 1.77181e+16	1.74e-04	6.83e-02	9.32e-01	0.00e+00	0.00e+00	0.00e+00	0.00e+00	0.00e+00	0.00e+00	1.19e-04	3.71e-05	1.73e-05
 1.84261e+16	2.03e-04	7.29e-02	9.27e-01	0.00e+00	0.00e+00	0.00e+00	0.00e+00	0.00e+00	0.00e+00	1.39e-04	4.34e-05	2.02e-05
 1.90108e+16	2.32e-04	7.71e-02	9.23e-01	0.00e+00	0.00e+00	0.00e+00	0.00e+00	0.00e+00	0.00e+00	1.59e-04	4.98e-05	2.32e-05
 1.96547e+16	2.69e-04	8.22e-02	9.18e-01	0.00e+00	0.00e+00	0.00e+00	0.00e+00	0.00e+00	0.00e+00	1.85e-04	5.79e-05	2.69e-05
 2.03614e+16	3.21e-04	8.86e-02	9.11e-01	0.00e+00	0.00e+00	0.00e+00	0.00e+00	0.00e+00	0.00e+00	2.20e-04	6.93e-05	3.22e-05
 2.09808e+16	3.80e-04	9.51e-02	9.04e-01	0.00e+00	0.00e+00	0.00e+00	0.00e+00	0.00e+00	0.00e+00	2.59e-04	8.20e-05	3.81e-05
 2.15006e+16	4.39e-04	1.01e-01	8.98e-01	0.00e+00	0.00e+00	0.00e+00	0.00e+00	0.00e+00	0.00e+00	3.00e-04	9.50e-05	4.42e-05
 2.20599e+16	5.15e-04	1.09e-01	8.91e-01	0.00e+00	0.00e+00	0.00e+00	0.00e+00	0.00e+00	0.00e+00	3.51e-04	1.12e-04	5.19e-05
 2.26678e+16	6.21e-04	1.18e-01	8.81e-01	0.00e+00	0.00e+00	0.00e+00	0.00e+00	0.00e+00	0.00e+00	4.23e-04	1.35e-04	6.28e-05
 2.31929e+16	7.39e-04	1.28e-01	8.71e-01	0.00e+00	0.00e+00	0.00e+00	0.00e+00	0.00e+00	0.00e+00	5.03e-04	1.61e-04	7.47e-05
 2.36337e+16	8.63e-04	1.37e-01	8.62e-01	0.00e+00	0.00e+00	0.00e+00	0.00e+00	0.00e+00	0.00e+00	5.87e-04	1.89e-04	8.72e-05
 2.41110e+16	1.02e-03	1.48e-01	8.51e-01	0.00e+00	0.00e+00	0.00e+00	0.00e+00	0.00e+00	0.00e+00	6.94e-04	2.24e-04	1.03e-04
 2.46345e+16	1.25e-03	1.63e-01	8.36e-01	0.00e+00	0.00e+00	0.00e+00	0.00e+00	0.00e+00	0.00e+00	8.47e-04	2.74e-04	1.26e-04
 2.50931e+16	1.51e-03	1.78e-01	8.21e-01	0.00e+00	0.00e+00	0.00e+00	0.00e+00	0.00e+00	0.00e+00	1.02e-03	3.32e-04	1.52e-04
 2.54793e+16	1.79e-03	1.92e-01	8.06e-01	0.00e+00	0.00e+00	0.00e+00	0.00e+00	0.00e+00	0.00e+00	1.21e-03	3.94e-04	1.81e-04
 2.58963e+16	2.15e-03	2.10e-01	7.88e-01	0.00e+00	0.00e+00	0.00e+00	0.00e+00	0.00e+00	0.00e+00	1.46e-03	4.76e-04	2.17e-04
 2.63533e+16	2.68e-03	2.32e-01	7.65e-01	0.00e+00	0.00e+00	0.00e+00	0.00e+00	0.00e+00	0.00e+00	1.82e-03	5.94e-04	2.71e-04
 2.67541e+16	3.31e-03	2.56e-01	7.40e-01	0.00e+00	0.00e+00	0.00e+00	0.00e+00	0.00e+00	0.00e+00	2.24e-03	7.35e-04	3.34e-04
 2.70871e+16	3.97e-03	2.79e-01	7.17e-01	0.00e+00	0.00e+00	0.00e+00	0.00e+00	0.00e+00	0.00e+00	2.69e-03	8.85e-04	4.01e-04
 2.73931e+16	4.73e-03	3.02e-01	6.93e-01	0.00e+00	0.00e+00	0.00e+00	0.00e+00	0.00e+00	0.00e+00	3.20e-03	1.06e-03	4.77e-04
 2.77435e+16	5.82e-03	3.32e-01	6.62e-01	0.00e+00	0.00e+00	0.00e+00	0.00e+00	0.00e+00	0.00e+00	3.93e-03	1.30e-03	5.86e-04
 2.81148e+16	7.38e-03	3.69e-01	6.23e-01	0.00e+00	0.00e+00	0.00e+00	0.00e+00	0.00e+00	0.00e+00	4.98e-03	1.65e-03	7.43e-04
 2.84172e+16	9.10e-03	4.04e-01	5.86e-01	0.00e+00	0.00e+00	0.00e+00	0.00e+00	0.00e+00	0.00e+00	6.14e-03	2.04e-03	9.17e-04
 2.86568e+16	1.08e-02	4.35e-01	5.54e-01	0.00e+00	0.00e+00	0.00e+00	0.00e+00	0.00e+00	0.00e+00	7.29e-03	2.43e-03	1.09e-03
 2.89107e+16	1.30e-02	4.70e-01	5.17e-01	0.00e+00	0.00e+00	0.00e+00	0.00e+00	0.00e+00	0.00e+00	8.79e-03	2.92e-03	1.31e-03
 2.91934e+16	1.62e-02	5.12e-01	4.72e-01	0.00e+00	0.00e+00	0.00e+00	0.00e+00	0.00e+00	0.00e+00	1.10e-02	3.64e-03	1.63e-03
 2.94455e+16	2.01e-02	5.53e-01	4.27e-01	0.00e+00	0.00e+00	0.00e+00	0.00e+00	0.00e+00	0.00e+00	1.36e-02	4.50e-03	2.02e-03
 2.96538e+16	2.42e-02	5.89e-01	3.87e-01	0.00e+00	0.00e+00	0.00e+00	0.00e+00	0.00e+00	0.00e+00	1.63e-02	5.41e-03	2.42e-03
 2.98431e+16	2.87e-02	6.23e-01	3.49e-01	0.00e+00	0.00e+00	0.00e+00	0.00e+00	0.00e+00	0.00e+00	1.94e-02	6.42e-03	2.88e-03
 3.00593e+16	3.52e-02	6.61e-01	3.04e-01	0.00e+00	0.00e+00	0.00e+00	0.00e+00	0.00e+00	0.00e+00	2.38e-02	7.87e-03	3.53e-03
 3.02893e+16	4.44e-02	7.00e-01	2.55e-01	0.00e+00	0.00e+00	0.00e+00	0.00e+00	0.00e+00	0.00e+00	3.01e-02	9.90e-03	4.44e-03
 3.04797e+16	5.45e-02	7.31e-01	2.14e-01	0.00e+00	0.00e+00	0.00e+00	0.00e+00	0.00e+00	0.00e+00	3.69e-02	1.21e-02	5.44e-03
 3.06354e+16	6.49e-02	7.54e-01	1.81e-01	0.00e+00	0.00e+00	0.00e+00	0.00e+00	0.00e+00	0.00e+00	4.40e-02	1.44e-02	6.47e-03
 3.08035e+16	7.88e-02	7.73e-01	1.48e-01	0.00e+00	0.00e+00	0.00e+00	0.00e+00	0.00e+00	0.00e+00	5.35e-02	1.74e-02	7.86e-03
 3.09623e+16	9.62e-02	7.86e-01	1.18e-01	0.00e+00	0.00e+00	0.00e+00	0.00e+00	0.00e+00	0.00e+00	6.54e-02	2.12e-02	9.57e-03
 3.10664e+16	1.10e-01	7.91e-01	9.89e-02	0.00e+00	0.00e+00	0.00e+00	0.00e+00	0.00e+00	0.00e+00	7.51e-02	2.42e-02	1.10e-02
 3.11425e+16	1.23e-01	7.91e-01	8.61e-02	0.00e+00	0.00e+00	0.00e+00	0.00e+00	0.00e+00	0.00e+00	8.35e-02	2.68e-02	1.22e-02
 3.12248e+16	1.37e-01	7.90e-01	7.35e-02	0.00e+00	0.00e+00	0.00e+00	0.00e+00	0.00e+00	0.00e+00	9.34e-02	2.98e-02	1.36e-02
 3.13319e+16	1.59e-01	7.83e-01	5.89e-02	0.00e+00	0.00e+00	0.00e+00	0.00e+00	0.00e+00	0.00e+00	1.08e-01	3.44e-02	1.57e-02
 3.14357e+16	1.84e-01	7.70e-01	4.62e-02	0.00e+00	0.00e+00	0.00e+00	0.00e+00	0.00e+00	0.00e+00	1.26e-01	3.96e-02	1.82e-02
 3.15077e+16	2.05e-01	7.56e-01	3.82e-02	0.00e+00	0.00e+00	0.00e+00	0.00e+00	0.00e+00	0.00e+00	1.41e-01	4.39e-02	2.03e-02
 3.15626e+16	2.23e-01	7.44e-01	3.28e-02	0.00e+00	0.00e+00	0.00e+00	0.00e+00	0.00e+00	0.00e+00	1.54e-01	4.75e-02	2.20e-02
 3.16225e+16	2.44e-01	7.29e-01	2.77e-02	0.00e+00	0.00e+00	0.00e+00	0.00e+00	0.00e+00	0.00e+00	1.68e-01	5.15e-02	2.39e-02
 3.17004e+16	2.73e-01	7.05e-01	2.18e-02	0.00e+00	0.00e+00	0.00e+00	0.00e+00	0.00e+00	0.00e+00	1.89e-01	5.71e-02	2.67e-02
 3.17769e+16	3.06e-01	6.77e-01	1.69e-02	0.00e+00	0.00e+00	0.00e+00	0.00e+00	0.00e+00	0.00e+00	2.12e-01	6.33e-02	2.99e-02
 3.18320e+16	3.32e-01	6.54e-01	1.39e-02	0.00e+00	0.00e+00	0.00e+00	0.00e+00	0.00e+00	0.00e+00	2.32e-01	6.80e-02	3.23e-02
 3.18758e+16	3.53e-01	6.35e-01	1.18e-02	0.00e+00	0.00e+00	0.00e+00	0.00e+00	0.00e+00	0.00e+00	2.47e-01	7.17e-02	3.43e-02
 3.19241e+16	3.78e-01	6.12e-01	9.80e-03	0.00e+00	0.00e+00	0.00e+00	0.00e+00	0.00e+00	0.00e+00	2.65e-01	7.61e-02	3.66e-02
 3.19869e+16	4.11e-01	5.81e-01	7.62e-03	0.00e+00	0.00e+00	0.00e+00	0.00e+00	0.00e+00	0.00e+00	2.90e-01	8.15e-02	3.96e-02
 3.20500e+16	4.48e-01	5.46e-01	5.82e-03	0.00e+00	0.00e+00	0.00e+00	0.00e+00	0.00e+00	0.00e+00	3.18e-01	8.72e-02	4.28e-02
 3.20977e+16	4.76e-01	5.19e-01	4.69e-03	0.00e+00	0.00e+00	0.00e+00	0.00e+00	0.00e+00	0.00e+00	3.39e-01	9.14e-02	4.53e-02
 3.21371e+16	4.99e-01	4.97e-01	3.92e-03	0.00e+00	0.00e+00	0.00e+00	0.00e+00	0.00e+00	0.00e+00	3.57e-01	9.46e-02	4.72e-02
 3.21760e+16	5.22e-01	4.75e-01	3.26e-03	0.00e+00	0.00e+00	0.00e+00	0.00e+00	0.00e+00	0.00e+00	3.75e-01	9.75e-02	4.91e-02
 3.22165e+16	5.47e-01	4.51e-01	2.67e-03	0.00e+00	0.00e+00	0.00e+00	0.00e+00	0.00e+00	0.00e+00	3.95e-01	1.00e-01	5.10e-02
 3.22565e+16	5.71e-01	4.27e-01	2.18e-03	0.00e+00	0.00e+00	0.00e+00	0.00e+00	0.00e+00	0.00e+00	4.15e-01	1.03e-01	5.29e-02
 3.22933e+16	5.93e-01	4.05e-01	1.80e-03	0.00e+00	0.00e+00	0.00e+00	0.00e+00	0.00e+00	0.00e+00	4.33e-01	1.05e-01	5.45e-02
 3.23214e+16	6.09e-01	3.89e-01	1.56e-03	0.00e+00	0.00e+00	0.00e+00	0.00e+00	0.00e+00	0.00e+00	4.47e-01	1.07e-01	5.57e-02
 3.23397e+16	6.20e-01	3.79e-01	1.42e-03	0.00e+00	0.00e+00	0.00e+00	0.00e+00	0.00e+00	0.00e+00	4.56e-01	1.08e-01	5.64e-02
 3.23572e+16	6.30e-01	3.69e-01	1.29e-03	0.00e+00	0.00e+00	0.00e+00	0.00e+00	0.00e+00	0.00e+00	4.64e-01	1.08e-01	5.71e-02
 3.23782e+16	6.42e-01	3.57e-01	1.15e-03	0.00e+00	0.00e+00	0.00e+00	0.00e+00	0.00e+00	0.00e+00	4.75e-01	1.09e-01	5.79e-02
 3.24009e+16	6.55e-01	3.44e-01	1.01e-03	0.00e+00	0.00e+00	0.00e+00	0.00e+00	0.00e+00	0.00e+00	4.86e-01	1.10e-01	5.87e-02
 3.24225e+16	6.67e-01	3.32e-01	8.94e-04	0.00e+00	0.00e+00	0.00e+00	0.00e+00	0.00e+00	0.00e+00	4.97e-01	1.11e-01	5.94e-02
 3.24427e+16	6.78e-01	3.21e-01	7.97e-04	0.00e+00	0.00e+00	0.00e+00	0.00e+00	0.00e+00	0.00e+00	5.06e-01	1.11e-01	6.00e-02
 3.24629e+16	6.89e-01	3.10e-01	7.08e-04	0.00e+00	0.00e+00	0.00e+00	0.00e+00	0.00e+00	0.00e+00	5.17e-01	1.12e-01	6.07e-02
 3.24833e+16	7.00e-01	2.99e-01	6.28e-04	0.00e+00	0.00e+00	0.00e+00	0.00e+00	0.00e+00	0.00e+00	5.26e-01	1.12e-01	6.12e-02
 3.25037e+16	7.11e-01	2.88e-01	5.56e-04	0.00e+00	0.00e+00	0.00e+00	0.00e+00	0.00e+00	0.00e+00	5.37e-01	1.13e-01	6.18e-02
 3.25239e+16	7.21e-01	2.78e-01	4.93e-04	0.00e+00	0.00e+00	0.00e+00	0.00e+00	0.00e+00	0.00e+00	5.46e-01	1.13e-01	6.23e-02
 3.25440e+16	7.32e-01	2.68e-01	4.35e-04	0.00e+00	0.00e+00	0.00e+00	0.00e+00	0.00e+00	0.00e+00	5.56e-01	1.13e-01	6.27e-02
 3.25642e+16	7.42e-01	2.57e-01	3.84e-04	0.00e+00	0.00e+00	0.00e+00	0.00e+00	0.00e+00	0.00e+00	5.66e-01	1.13e-01	6.31e-02
 3.25839e+16	7.52e-01	2.48e-01	3.39e-04	0.00e+00	0.00e+00	0.00e+00	0.00e+00	0.00e+00	0.00e+00	5.75e-01	1.13e-01	6.35e-02
 3.26035e+16	7.61e-01	2.39e-01	3.00e-04	0.00e+00	0.00e+00	0.00e+00	0.00e+00	0.00e+00	0.00e+00	5.84e-01	1.13e-01	6.38e-02
 3.26233e+16	7.71e-01	2.29e-01	2.64e-04	0.00e+00	0.00e+00	0.00e+00	0.00e+00	0.00e+00	0.00e+00	5.94e-01	1.13e-01	6.40e-02
 3.26431e+16	7.80e-01	2.20e-01	2.33e-04	0.00e+00	0.00e+00	0.00e+00	0.00e+00	0.00e+00	0.00e+00	6.03e-01	1.12e-01	6.43e-02
 3.26627e+16	7.89e-01	2.11e-01	2.04e-04	0.00e+00	0.00e+00	0.00e+00	0.00e+00	0.00e+00	0.00e+00	6.12e-01	1.12e-01	6.44e-02
 3.26821e+16	7.97e-01	2.03e-01	1.80e-04	0.00e+00	0.00e+00	0.00e+00	0.00e+00	0.00e+00	0.00e+00	6.20e-01	1.12e-01	6.46e-02
 3.27015e+16	8.05e-01	1.95e-01	1.58e-04	0.00e+00	0.00e+00	0.00e+00	0.00e+00	0.00e+00	0.00e+00	6.29e-01	1.11e-01	6.47e-02
 3.27212e+16	8.13e-01	1.87e-01	1.38e-04	0.00e+00	0.00e+00	0.00e+00	0.00e+00	0.00e+00	0.00e+00	6.38e-01	1.11e-01	6.47e-02
 3.27404e+16	8.21e-01	1.79e-01	1.21e-04	0.00e+00	0.00e+00	0.00e+00	0.00e+00	0.00e+00	0.00e+00	6.46e-01	1.10e-01	6.48e-02
 3.27593e+16	8.28e-01	1.72e-01	1.07e-04	0.00e+00	0.00e+00	0.00e+00	0.00e+00	0.00e+00	0.00e+00	6.54e-01	1.10e-01	6.48e-02
 3.27786e+16	8.36e-01	1.64e-01	9.32e-05	0.00e+00	0.00e+00	0.00e+00	0.00e+00	0.00e+00	0.00e+00	6.62e-01	1.09e-01	6.47e-02
 3.27979e+16	8.43e-01	1.57e-01	8.16e-05	0.00e+00	0.00e+00	0.00e+00	0.00e+00	0.00e+00	0.00e+00	6.70e-01	1.08e-01	6.46e-02
 3.28167e+16	8.49e-01	1.51e-01	7.14e-05	0.00e+00	0.00e+00	0.00e+00	0.00e+00	0.00e+00	0.00e+00	6.77e-01	1.08e-01	6.45e-02
 3.28356e+16	8.56e-01	1.44e-01	6.25e-05	0.00e+00	0.00e+00	0.00e+00	0.00e+00	0.00e+00	0.00e+00	6.85e-01	1.07e-01	6.44e-02
 3.28544e+16	8.62e-01	1.38e-01	5.46e-05	0.00e+00	0.00e+00	0.00e+00	0.00e+00	0.00e+00	0.00e+00	6.92e-01	1.06e-01	6.42e-02
 3.28732e+16	8.68e-01	1.32e-01	4.77e-05	0.00e+00	0.00e+00	0.00e+00	0.00e+00	0.00e+00	0.00e+00	6.99e-01	1.05e-01	6.40e-02
 3.28917e+16	8.74e-01	1.26e-01	4.17e-05	0.00e+00	0.00e+00	0.00e+00	0.00e+00	0.00e+00	0.00e+00	7.05e-01	1.04e-01	6.38e-02
 3.29099e+16	8.79e-01	1.21e-01	3.65e-05	0.00e+00	0.00e+00	0.00e+00	0.00e+00	0.00e+00	0.00e+00	7.12e-01	1.04e-01	6.36e-02
 3.29278e+16	8.84e-01	1.16e-01	3.20e-05	0.00e+00	0.00e+00	0.00e+00	0.00e+00	0.00e+00	0.00e+00	7.18e-01	1.03e-01	6.33e-02
 3.29456e+16	8.89e-01	1.11e-01	2.81e-05	0.00e+00	0.00e+00	0.00e+00	0.00e+00	0.00e+00	0.00e+00	7.24e-01	1.02e-01	6.31e-02
 3.29632e+16	8.94e-01	1.06e-01	2.46e-05	0.00e+00	0.00e+00	0.00e+00	0.00e+00	0.00e+00	0.00e+00	7.30e-01	1.01e-01	6.28e-02
 3.29806e+16	8.98e-01	1.02e-01	2.17e-05	0.00e+00	0.00e+00	0.00e+00	0.00e+00	0.00e+00	0.00e+00	7.35e-01	1.00e-01	6.25e-02
 3.29977e+16	9.02e-01	9.76e-02	1.90e-05	0.00e+00	0.00e+00	0.00e+00	0.00e+00	0.00e+00	0.00e+00	7.41e-01	9.94e-02	6.22e-02
 3.30147e+16	9.06e-01	9.35e-02	1.68e-05	0.00e+00	0.00e+00	0.00e+00	0.00e+00	0.00e+00	0.00e+00	7.46e-01	9.86e-02	6.19e-02
 3.30315e+16	9.10e-01	8.96e-02	1.48e-05	0.00e+00	0.00e+00	0.00e+00	0.00e+00	0.00e+00	0.00e+00	7.51e-01	9.78e-02	6.16e-02
 3.30480e+16	9.14e-01	8.60e-02	1.30e-05	0.00e+00	0.00e+00	0.00e+00	0.00e+00	0.00e+00	0.00e+00	7.56e-01	9.70e-02	6.13e-02
 3.30644e+16	9.18e-01	8.24e-02	1.15e-05	0.00e+00	0.00e+00	0.00e+00	0.00e+00	0.00e+00	0.00e+00	7.60e-01	9.63e-02	6.10e-02
 3.30807e+16	9.21e-01	7.91e-02	1.01e-05	0.00e+00	0.00e+00	0.00e+00	0.00e+00	0.00e+00	0.00e+00	7.65e-01	9.55e-02	6.06e-02
 3.30968e+16	9.24e-01	7.59e-02	8.94e-06	0.00e+00	0.00e+00	0.00e+00	0.00e+00	0.00e+00	0.00e+00	7.69e-01	9.48e-02	6.03e-02
 3.31129e+16	9.27e-01	7.28e-02	7.90e-06	0.00e+00	0.00e+00	0.00e+00	0.00e+00	0.00e+00	0.00e+00	7.73e-01	9.40e-02	6.00e-02
 3.31287e+16	9.30e-01	6.98e-02	6.99e-06	0.00e+00	0.00e+00	0.00e+00	0.00e+00	0.00e+00	0.00e+00	7.77e-01	9.33e-02	5.97e-02
 3.31443e+16	9.33e-01	6.72e-02	6.19e-06	0.00e+00	0.00e+00	0.00e+00	0.00e+00	0.00e+00	0.00e+00	7.81e-01	9.26e-02	5.93e-02
 3.31600e+16	9.36e-01	6.44e-02	5.46e-06	0.00e+00	0.00e+00	0.00e+00	0.00e+00	0.00e+00	0.00e+00	7.85e-01	9.18e-02	5.89e-02
 3.31756e+16	9.38e-01	6.18e-02	4.84e-06	0.00e+00	0.00e+00	0.00e+00	0.00e+00	0.00e+00	0.00e+00	7.89e-01	9.11e-02	5.85e-02
 3.31908e+16	9.41e-01	5.93e-02	4.29e-06	0.00e+00	0.00e+00	0.00e+00	0.00e+00	0.00e+00	0.00e+00	7.92e-01	9.05e-02	5.82e-02
 3.32059e+16	9.43e-01	5.71e-02	3.81e-06	0.00e+00	0.00e+00	0.00e+00	0.00e+00	0.00e+00	0.00e+00	7.95e-01	8.99e-02	5.79e-02
 3.32211e+16	9.45e-01	5.48e-02	3.38e-06	0.00e+00	0.00e+00	0.00e+00	0.00e+00	0.00e+00	0.00e+00	7.99e-01	8.92e-02	5.75e-02
 3.32362e+16	9.47e-01	5.26e-02	3.00e-06	0.00e+00	0.00e+00	0.00e+00	0.00e+00	0.00e+00	0.00e+00	8.02e-01	8.85e-02	5.71e-02
 3.32509e+16	9.49e-01	5.06e-02	2.67e-06	0.00e+00	0.00e+00	0.00e+00	0.00e+00	0.00e+00	0.00e+00	8.05e-01	8.79e-02	5.68e-02
 3.32655e+16	9.51e-01	4.86e-02	2.37e-06	0.00e+00	0.00e+00	0.00e+00	0.00e+00	0.00e+00	0.00e+00	8.08e-01	8.74e-02	5.65e-02
 3.32805e+16	9.53e-01	4.67e-02	2.10e-06	0.00e+00	0.00e+00	0.00e+00	0.00e+00	0.00e+00	0.00e+00	8.10e-01	8.68e-02	5.61e-02
 3.32953e+16	9.55e-01	4.48e-02	1.87e-06	0.00e+00	0.00e+00	0.00e+00	0.00e+00	0.00e+00	0.00e+00	8.13e-01	8.62e-02	5.58e-02
 3.33095e+16	9.57e-01	4.31e-02	1.67e-06	0.00e+00	0.00e+00	0.00e+00	0.00e+00	0.00e+00	0.00e+00	8.16e-01	8.57e-02	5.55e-02
 3.33238e+16	9.59e-01	4.15e-02	1.49e-06	0.00e+00	0.00e+00	0.00e+00	0.00e+00	0.00e+00	0.00e+00	8.18e-01	8.51e-02	5.52e-02
 3.33383e+16	9.60e-01	3.98e-02	1.32e-06	0.00e+00	0.00e+00	0.00e+00	0.00e+00	0.00e+00	0.00e+00	8.21e-01	8.46e-02	5.49e-02
 3.33524e+16	9.62e-01	3.82e-02	1.18e-06	0.00e+00	0.00e+00	0.00e+00	0.00e+00	0.00e+00	0.00e+00	8.23e-01	8.40e-02	5.46e-02
 3.33667e+16	9.63e-01	3.68e-02	1.05e-06	0.00e+00	0.00e+00	0.00e+00	0.00e+00	0.00e+00	0.00e+00	8.25e-01	8.36e-02	5.43e-02
 3.33809e+16	9.65e-01	3.54e-02	9.36e-07	0.00e+00	0.00e+00	0.00e+00	0.00e+00	0.00e+00	0.00e+00	8.28e-01	8.31e-02	5.40e-02
 3.33945e+16	9.66e-01	3.40e-02	8.38e-07	0.00e+00	0.00e+00	0.00e+00	0.00e+00	0.00e+00	0.00e+00	8.30e-01	8.26e-02	5.37e-02
 3.34080e+16	9.67e-01	3.27e-02	7.50e-07	0.00e+00	0.00e+00	0.00e+00	0.00e+00	0.00e+00	0.00e+00	8.32e-01	8.22e-02	5.35e-02
 3.34222e+16	9.69e-01	3.13e-02	6.66e-07	0.00e+00	0.00e+00	0.00e+00	0.00e+00	0.00e+00	0.00e+00	8.34e-01	8.17e-02	5.32e-02
 3.34366e+16	9.70e-01	3.00e-02	5.92e-07	0.00e+00	0.00e+00	0.00e+00	0.00e+00	0.00e+00	0.00e+00	8.36e-01	8.13e-02	5.29e-02
 3.34503e+16	9.71e-01	2.88e-02	5.29e-07	0.00e+00	0.00e+00	0.00e+00	0.00e+00	0.00e+00	0.00e+00	8.38e-01	8.09e-02	5.27e-02
 3.34634e+16	9.72e-01	2.78e-02	4.76e-07	0.00e+00	0.00e+00	0.00e+00	0.00e+00	0.00e+00	0.00e+00	8.39e-01	8.05e-02	5.24e-02
 3.34762e+16	9.73e-01	2.68e-02	4.29e-07	0.00e+00	0.00e+00	0.00e+00	0.00e+00	0.00e+00	0.00e+00	8.41e-01	8.01e-02	5.22e-02
 3.34889e+16	9.74e-01	2.58e-02	3.86e-07	0.00e+00	0.00e+00	0.00e+00	0.00e+00	0.00e+00	0.00e+00	8.42e-01	7.98e-02	5.20e-02
 3.35022e+16	9.75e-01	2.47e-02	3.46e-07	0.00e+00	0.00e+00	0.00e+00	0.00e+00	0.00e+00	0.00e+00	8.44e-01	7.94e-02	5.17e-02
 3.35155e+16	9.76e-01	2.37e-02	3.09e-07	0.00e+00	0.00e+00	0.00e+00	0.00e+00	0.00e+00	0.00e+00	8.46e-01	7.90e-02	5.15e-02
 3.35283e+16	9.77e-01	2.28e-02	2.78e-07	0.00e+00	0.00e+00	0.00e+00	0.00e+00	0.00e+00	0.00e+00	8.47e-01	7.86e-02	5.13e-02
 3.35406e+16	9.78e-01	2.19e-02	2.51e-07	0.00e+00	0.00e+00	0.00e+00	0.00e+00	0.00e+00	0.00e+00	8.49e-01	7.83e-02	5.11e-02
 3.35530e+16	9.79e-01	2.10e-02	2.26e-07	0.00e+00	0.00e+00	0.00e+00	0.00e+00	0.00e+00	0.00e+00	8.50e-01	7.80e-02	5.09e-02
 3.35654e+16	9.80e-01	2.02e-02	2.04e-07	0.00e+00	0.00e+00	0.00e+00	0.00e+00	0.00e+00	0.00e+00	8.52e-01	7.76e-02	5.06e-02
 3.35776e+16	9.81e-01	1.94e-02	1.84e-07	0.00e+00	0.00e+00	0.00e+00	0.00e+00	0.00e+00	0.00e+00	8.53e-01	7.73e-02	5.04e-02
 3.35893e+16	9.81e-01	1.86e-02	1.67e-07	0.00e+00	0.00e+00	0.00e+00	0.00e+00	0.00e+00	0.00e+00	8.54e-01	7.70e-02	5.02e-02
 3.36002e+16	9.82e-01	1.79e-02	1.52e-07	0.00e+00	0.00e+00	0.00e+00	0.00e+00	0.00e+00	0.00e+00	8.55e-01	7.67e-02	5.00e-02
 3.36105e+16	9.83e-01	1.73e-02	1.40e-07	0.00e+00	0.00e+00	0.00e+00	0.00e+00	0.00e+00	0.00e+00	8.57e-01	7.64e-02	4.98e-02
 3.36204e+16	9.83e-01	1.66e-02	1.28e-07	0.00e+00	0.00e+00	0.00e+00	0.00e+00	0.00e+00	0.00e+00	8.58e-01	7.61e-02	4.96e-02
 3.36301e+16	9.84e-01	1.61e-02	1.18e-07	0.00e+00	0.00e+00	0.00e+00	0.00e+00	0.00e+00	0.00e+00	8.59e-01	7.58e-02	4.94e-02
 3.36393e+16	9.85e-01	1.55e-02	1.09e-07	0.00e+00	0.00e+00	0.00e+00	0.00e+00	0.00e+00	0.00e+00	8.60e-01	7.55e-02	4.92e-02
 3.36482e+16	9.85e-01	1.50e-02	1.02e-07	0.00e+00	0.00e+00	0.00e+00	0.00e+00	0.00e+00	0.00e+00	8.61e-01	7.52e-02	4.91e-02
 3.36568e+16	9.86e-01	1.44e-02	9.43e-08	0.00e+00	0.00e+00	0.00e+00	0.00e+00	0.00e+00	0.00e+00	8.62e-01	7.50e-02	4.89e-02
 3.36654e+16	9.86e-01	1.39e-02	8.76e-08	0.00e+00	0.00e+00	0.00e+00	0.00e+00	0.00e+00	0.00e+00	8.63e-01	7.47e-02	4.87e-02
 3.36739e+16	9.87e-01	1.34e-02	8.14e-08	0.00e+00	0.00e+00	0.00e+00	0.00e+00	0.00e+00	0.00e+00	8.64e-01	7.44e-02	4.85e-02
 3.36827e+16	9.87e-01	1.29e-02	7.54e-08	0.00e+00	0.00e+00	0.00e+00	0.00e+00	0.00e+00	0.00e+00	8.65e-01	7.41e-02	4.82e-02
 3.36911e+16	9.88e-01	1.24e-02	7.01e-08	0.00e+00	0.00e+00	0.00e+00	0.00e+00	0.00e+00	0.00e+00	8.66e-01	7.37e-02	4.80e-02
 3.36985e+16	9.88e-01	1.20e-02	6.58e-08	0.00e+00	0.00e+00	0.00e+00	0.00e+00	0.00e+00	0.00e+00	8.67e-01	7.34e-02	4.78e-02
 3.37050e+16	9.88e-01	1.16e-02	6.22e-08	0.00e+00	0.00e+00	0.00e+00	0.00e+00	0.00e+00	0.00e+00	8.68e-01	7.32e-02	4.76e-02
 3.37110e+16	9.89e-01	1.12e-02	5.90e-08	0.00e+00	0.00e+00	0.00e+00	0.00e+00	0.00e+00	0.00e+00	8.68e-01	7.29e-02	4.74e-02
 3.37166e+16	9.89e-01	1.09e-02	5.62e-08	0.00e+00	0.00e+00	0.00e+00	0.00e+00	0.00e+00	0.00e+00	8.69e-01	7.27e-02	4.72e-02
 3.37220e+16	9.89e-01	1.06e-02	5.36e-08	0.00e+00	0.00e+00	0.00e+00	0.00e+00	0.00e+00	0.00e+00	8.70e-01	7.24e-02	4.70e-02
 3.37270e+16	9.90e-01	1.03e-02	5.13e-08	0.00e+00	0.00e+00	0.00e+00	0.00e+00	0.00e+00	0.00e+00	8.71e-01	7.22e-02	4.68e-02
 3.37317e+16	9.90e-01	1.00e-02	4.92e-08	0.00e+00	0.00e+00	0.00e+00	0.00e+00	0.00e+00	0.00e+00	8.71e-01	7.19e-02	4.66e-02
 3.37361e+16	9.90e-01	9.79e-03	4.72e-08	0.00e+00	0.00e+00	0.00e+00	0.00e+00	0.00e+00	0.00e+00	8.72e-01	7.17e-02	4.64e-02
 3.37403e+16	9.90e-01	9.55e-03	4.54e-08	0.00e+00	0.00e+00	0.00e+00	0.00e+00	0.00e+00	0.00e+00	8.73e-01	7.14e-02	4.63e-02
 3.37442e+16	9.91e-01	9.32e-03	4.38e-08	0.00e+00	0.00e+00	0.00e+00	0.00e+00	0.00e+00	0.00e+00	8.73e-01	7.12e-02	4.61e-02
 3.37477e+16	9.91e-01	9.12e-03	4.24e-08	0.00e+00	0.00e+00	0.00e+00	0.00e+00	0.00e+00	0.00e+00	8.74e-01	7.10e-02	4.59e-02
 3.37510e+16	9.91e-01	8.95e-03	4.11e-08	0.00e+00	0.00e+00	0.00e+00	0.00e+00	0.00e+00	0.00e+00	8.75e-01	7.08e-02	4.57e-02
 3.37539e+16	9.91e-01	8.78e-03	4.00e-08	0.00e+00	0.00e+00	0.00e+00	0.00e+00	0.00e+00	0.00e+00	8.75e-01	7.06e-02	4.56e-02
 3.37566e+16	9.91e-01	8.64e-03	3.90e-08	0.00e+00	0.00e+00	0.00e+00	0.00e+00	0.00e+00	0.00e+00	8.75e-01	7.04e-02	4.54e-02
 3.37590e+16	9.91e-01	8.50e-03	3.80e-08	0.00e+00	0.00e+00	0.00e+00	0.00e+00	0.00e+00	0.00e+00	8.76e-01	7.03e-02	4.53e-02
 3.37617e+16	9.92e-01	8.36e-03	3.70e-08	0.00e+00	0.00e+00	0.00e+00	0.00e+00	0.00e+00	0.00e+00	8.76e-01	7.01e-02	4.52e-02
 3.37646e+16	9.92e-01	8.20e-03	3.60e-08	0.00e+00	0.00e+00	0.00e+00	0.00e+00	0.00e+00	0.00e+00	8.77e-01	6.99e-02	4.50e-02
 3.37672e+16	9.92e-01	8.06e-03	3.50e-08	0.00e+00	0.00e+00	0.00e+00	0.00e+00	0.00e+00	0.00e+00	8.77e-01	6.97e-02	4.49e-02
 3.37696e+16	9.92e-01	7.93e-03	3.42e-08	0.00e+00	0.00e+00	0.00e+00	0.00e+00	0.00e+00	0.00e+00	8.78e-01	6.95e-02	4.47e-02
 3.37717e+16	9.92e-01	7.83e-03	3.34e-08	0.00e+00	0.00e+00	0.00e+00	0.00e+00	0.00e+00	0.00e+00	8.78e-01	6.93e-02	4.46e-02
 3.37741e+16	9.92e-01	7.71e-03	3.26e-08	0.00e+00	0.00e+00	0.00e+00	0.00e+00	0.00e+00	0.00e+00	8.79e-01	6.91e-02	4.45e-02
 3.37772e+16	9.92e-01	7.53e-03	3.14e-08	0.00e+00	0.00e+00	0.00e+00	0.00e+00	0.00e+00	0.00e+00	8.79e-01	6.88e-02	4.43e-02
 3.37805e+16	9.93e-01	7.37e-03	3.03e-08	0.00e+00	0.00e+00	0.00e+00	0.00e+00	0.00e+00	0.00e+00	8.80e-01	6.85e-02	4.41e-02
###########################
 3.13067e+11	1.59e-05	2.17e-02	9.76e-01	2.70e-03	0.00e+00	0.00e+00	0.00e+00	0.00e+00	0.00e+00	1.11e-05	3.34e-06	1.54e-06
 1.87840e+12	1.59e-05	2.17e-02	9.76e-01	2.69e-03	0.00e+00	0.00e+00	0.00e+00	0.00e+00	0.00e+00	1.10e-05	3.33e-06	1.54e-06
 8.13974e+12	1.59e-05	2.17e-02	9.76e-01	2.65e-03	0.00e+00	0.00e+00	0.00e+00	0.00e+00	0.00e+00	1.10e-05	3.34e-06	1.54e-06
 3.31851e+13	1.60e-05	2.18e-02	9.76e-01	2.50e-03	0.00e+00	0.00e+00	0.00e+00	0.00e+00	0.00e+00	1.11e-05	3.35e-06	1.55e-06
 7.92685e+13	1.59e-05	2.18e-02	9.76e-01	2.28e-03	0.00e+00	0.00e+00	0.00e+00	0.00e+00	0.00e+00	1.10e-05	3.35e-06	1.55e-06
 1.39177e+14	1.59e-05	2.19e-02	9.76e-01	2.02e-03	0.00e+00	0.00e+00	0.00e+00	0.00e+00	0.00e+00	1.10e-05	3.35e-06	1.55e-06
 2.17058e+14	1.59e-05	2.20e-02	9.76e-01	1.73e-03	0.00e+00	0.00e+00	0.00e+00	0.00e+00	0.00e+00	1.10e-05	3.35e-06	1.55e-06
 3.18303e+14	1.60e-05	2.21e-02	9.77e-01	1.41e-03	0.00e+00	0.00e+00	0.00e+00	0.00e+00	0.00e+00	1.11e-05	3.36e-06	1.56e-06
 4.49922e+14	1.61e-05	2.22e-02	9.77e-01	1.07e-03	0.00e+00	0.00e+00	0.00e+00	0.00e+00	0.00e+00	1.11e-05	3.38e-06	1.57e-06
 6.21027e+14	1.62e-05	2.24e-02	9.77e-01	7.53e-04	0.00e+00	0.00e+00	0.00e+00	0.00e+00	0.00e+00	1.12e-05	3.42e-06	1.58e-06
 8.43463e+14	1.65e-05	2.27e-02	9.77e-01	4.75e-04	0.00e+00	0.00e+00	0.00e+00	0.00e+00	0.00e+00	1.14e-05	3.47e-06	1.61e-06
 1.13263e+15	1.69e-05	2.31e-02	9.77e-01	2.63e-04	0.00e+00	0.00e+00	0.00e+00	0.00e+00	0.00e+00	1.17e-05	3.54e-06	1.64e-06
 1.50855e+15	1.74e-05	2.36e-02	9.76e-01	1.23e-04	0.00e+00	0.00e+00	0.00e+00	0.00e+00	0.00e+00	1.21e-05	3.66e-06	1.70e-06
 1.99724e+15	1.82e-05	2.43e-02	9.76e-01	4.69e-05	0.00e+00	0.00e+00	0.00e+00	0.00e+00	0.00e+00	1.26e-05	3.83e-06	1.77e-06
 2.63254e+15	1.94e-05	2.52e-02	9.75e-01	1.42e-05	0.00e+00	0.00e+00	0.00e+00	0.00e+00	0.00e+00	1.35e-05	4.07e-06	1.89e-06
 3.45843e+15	2.13e-05	2.64e-02	9.74e-01	3.46e-06	0.00e+00	0.00e+00	0.00e+00	0.00e+00	0.00e+00	1.47e-05	4.45e-06	2.06e-06
 4.53208e+15	2.40e-05	2.82e-02	9.72e-01	8.23e-07	0.00e+00	0.00e+00	0.00e+00	0.00e+00	0.00e+00	1.66e-05	5.02e-06	2.33e-06
 5.92784e+15	2.83e-05	3.07e-02	9.69e-01	3.02e-07	0.00e+00	0.00e+00	0.00e+00	0.00e+00	0.00e+00	1.97e-05	5.93e-06	2.75e-06
 7.46573e+15	3.39e-05	3.36e-02	9.66e-01	1.86e-07	0.00e+00	0.00e+00	0.00e+00	0.00e+00	0.00e+00	2.35e-05	7.10e-06	3.29e-06
 9.05594e+15	4.17e-05	3.70e-02	9.63e-01	0.00e+00	0.00e+00	0.00e+00	0.00e+00	0.00e+00	0.00e+00	2.89e-05	8.74e-06	4.06e-06
 1.03920e+16	4.94e-05	4.01e-02	9.60e-01	0.00e+00	0.00e+00	0.00e+00	0.00e+00	0.00e+00	0.00e+00	3.42e-05	1.04e-05	4.82e-06
 1.13199e+16	5.65e-05	4.25e-02	9.57e-01	0.00e+00	0.00e+00	0.00e+00	0.00e+00	0.00e+00	0.00e+00	3.91e-05	1.19e-05	5.52e-06
 1.23160e+16	6.59e-05	4.54e-02	9.54e-01	0.00e+00	0.00e+00	0.00e+00	0.00e+00	0.00e+00	0.00e+00	4.56e-05	1.39e-05	6.45e-06
 1.34000e+16	7.82e-05	4.89e-02	9.51e-01	0.00e+00	0.00e+00	0.00e+00	0.00e+00	0.00e+00	0.00e+00	5.41e-05	1.65e-05	7.68e-06
 1.43504e+16	9.17e-05	5.23e-02	9.48e-01	0.00e+00	0.00e+00	0.00e+00	0.00e+00	0.00e+00	0.00e+00	6.33e-05	1.94e-05	9.02e-06
 1.51632e+16	1.06e-04	5.55e-02	9.44e-01	0.00e+00	0.00e+00	0.00e+00	0.00e+00	0.00e+00	0.00e+00	7.29e-05	2.24e-05	1.04e-05
 1.59302e+16	1.22e-04	5.89e-02	9.41e-01	0.00e+00	0.00e+00	0.00e+00	0.00e+00	0.00e+00	0.00e+00	8.39e-05	2.58e-05	1.20e-05
 1.66970e+16	1.41e-04	6.27e-02	9.37e-01	0.00e+00	0.00e+00	0.00e+00	0.00e+00	0.00e+00	0.00e+00	9.72e-05	3.00e-05	1.40e-05
 1.74441e+16	1.64e-04	6.67e-02	9.33e-01	0.00e+00	0.00e+00	0.00e+00	0.00e+00	0.00e+00	0.00e+00	1.13e-04	3.50e-05	1.63e-05
 1.81463e+16	1.91e-04	7.10e-02	9.29e-01	0.00e+00	0.00e+00	0.00e+00	0.00e+00	0.00e+00	0.00e+00	1.31e-04	4.08e-05	1.90e-05
 1.88046e+16	2.21e-04	7.55e-02	9.24e-01	0.00e+00	0.00e+00	0.00e+00	0.00e+00	0.00e+00	0.00e+00	1.52e-04	4.73e-05	2.20e-05
 1.94338e+16	2.56e-04	8.04e-02	9.19e-01	0.00e+00	0.00e+00	0.00e+00	0.00e+00	0.00e+00	0.00e+00	1.76e-04	5.50e-05	2.56e-05
 2.00433e+16	2.97e-04	8.57e-02	9.14e-01	0.00e+00	0.00e+00	0.00e+00	0.00e+00	0.00e+00	0.00e+00	2.04e-04	6.40e-05	2.98e-05
 2.06325e+16	3.46e-04	9.14e-02	9.08e-01	0.00e+00	0.00e+00	0.00e+00	0.00e+00	0.00e+00	0.00e+00	2.37e-04	7.47e-05	3.47e-05
 2.11977e+16	4.03e-04	9.77e-02	9.02e-01	0.00e+00	0.00e+00	0.00e+00	0.00e+00	0.00e+00	0.00e+00	2.75e-04	8.72e-05	4.05e-05
 2.17389e+16	4.70e-04	1.04e-01	8.95e-01	0.00e+00	0.00e+00	0.00e+00	0.00e+00	0.00e+00	0.00e+00	3.21e-04	1.02e-04	4.74e-05
 2.22596e+16	5.50e-04	1.12e-01	8.88e-01	0.00e+00	0.00e+00	0.00e+00	0.00e+00	0.00e+00	0.00e+00	3.75e-04	1.19e-04	5.55e-05
 2.27631e+16	6.44e-04	1.20e-01	8.79e-01	0.00e+00	0.00e+00	0.00e+00	0.00e+00	0.00e+00	0.00e+00	4.38e-04	1.40e-04	6.51e-05
 2.32503e+16	7.57e-04	1.29e-01	8.70e-01	0.00e+00	0.00e+00	0.00e+00	0.00e+00	0.00e+00	0.00e+00	5.15e-04	1.65e-04	7.65e-05
 2.37211e+16	8.92e-04	1.39e-01	8.60e-01	0.00e+00	0.00e+00	0.00e+00	0.00e+00	0.00e+00	0.00e+00	6.07e-04	1.95e-04	9.02e-05
 2.41751e+16	1.05e-03	1.50e-01	8.49e-01	0.00e+00	0.00e+00	0.00e+00	0.00e+00	0.00e+00	0.00e+00	7.16e-04	2.31e-04	1.06e-04
 2.46141e+16	1.25e-03	1.62e-01	8.36e-01	0.00e+00	0.00e+00	0.00e+00	0.00e+00	0.00e+00	0.00e+00	8.47e-04	2.74e-04	1.26e-04
 2.50408e+16	1.48e-03	1.76e-01	8.22e-01	0.00e+00	0.00e+00	0.00e+00	0.00e+00	0.00e+00	0.00e+00	1.01e-03	3.27e-04	1.50e-04
 2.54546e+16	1.77e-03	1.91e-01	8.07e-01	0.00e+00	0.00e+00	0.00e+00	0.00e+00	0.00e+00	0.00e+00	1.20e-03	3.92e-04	1.79e-04
 2.58545e+16	2.13e-03	2.08e-01	7.89e-01	0.00e+00	0.00e+00	0.00e+00	0.00e+00	0.00e+00	0.00e+00	1.44e-03	4.71e-04	2.15e-04
 2.62412e+16	2.57e-03	2.27e-01	7.70e-01	0.00e+00	0.00e+00	0.00e+00	0.00e+00	0.00e+00	0.00e+00	1.74e-03	5.69e-04	2.59e-04
 2.66155e+16	3.10e-03	2.49e-01	7.48e-01	0.00e+00	0.00e+00	0.00e+00	0.00e+00	0.00e+00	0.00e+00	2.10e-03	6.90e-04	3.13e-04
 2.69754e+16	3.77e-03	2.72e-01	7.24e-01	0.00e+00	0.00e+00	0.00e+00	0.00e+00	0.00e+00	0.00e+00	2.55e-03	8.39e-04	3.80e-04
 2.73162e+16	4.57e-03	2.97e-01	6.98e-01	0.00e+00	0.00e+00	0.00e+00	0.00e+00	0.00e+00	0.00e+00	3.09e-03	1.02e-03	4.61e-04
 2.76356e+16	5.54e-03	3.25e-01	6.70e-01	0.00e+00	0.00e+00	0.00e+00	0.00e+00	0.00e+00	0.00e+00	3.74e-03	1.24e-03	5.58e-04
 2.79364e+16	6.69e-03	3.53e-01	6.40e-01	0.00e+00	0.00e+00	0.00e+00	0.00e+00	0.00e+00	0.00e+00	4.52e-03	1.50e-03	6.74e-04
 2.82231e+16	8.09e-03	3.84e-01	6.08e-01	0.00e+00	0.00e+00	0.00e+00	0.00e+00	0.00e+00	0.00e+00	5.46e-03	1.81e-03	8.15e-04
 2.84975e+16	9.80e-03	4.17e-01	5.73e-01	0.00e+00	0.00e+00	0.00e+00	0.00e+00	0.00e+00	0.00e+00	6.61e-03	2.20e-03	9.86e-04
 2.87588e+16	1.19e-02	4.52e-01	5.37e-01	0.00e+00	0.00e+00	0.00e+00	0.00e+00	0.00e+00	0.00e+00	8.00e-03	2.67e-03	1.19e-03
 2.90064e+16	1.43e-02	4.87e-01	4.98e-01	0.00e+00	0.00e+00	0.00e+00	0.00e+00	0.00e+00	0.00e+00	9.67e-03	3.22e-03	1.44e-03
 2.92423e+16	1.73e-02	5.24e-01	4.59e-01	0.00e+00	0.00e+00	0.00e+00	0.00e+00	0.00e+00	0.00e+00	1.17e-02	3.89e-03	1.74e-03
 2.94687e+16	2.10e-02	5.61e-01	4.18e-01	0.00e+00	0.00e+00	0.00e+00	0.00e+00	0.00e+00	0.00e+00	1.42e-02	4.71e-03	2.11e-03
 2.96842e+16	2.55e-02	5.99e-01	3.76e-01	0.00e+00	0.00e+00	0.00e+00	0.00e+00	0.00e+00	0.00e+00	1.72e-02	5.71e-03	2.55e-03
 2.98873e+16	3.08e-02	6.35e-01	3.34e-01	0.00e+00	0.00e+00	0.00e+00	0.00e+00	0.00e+00	0.00e+00	2.08e-02	6.89e-03	3.08e-03
 3.00806e+16	3.71e-02	6.69e-01	2.93e-01	0.00e+00	0.00e+00	0.00e+00	0.00e+00	0.00e+00	0.00e+00	2.51e-02	8.30e-03	3.72e-03
 3.02669e+16	4.48e-02	7.01e-01	2.54e-01	0.00e+00	0.00e+00	0.00e+00	0.00e+00	0.00e+00	0.00e+00	3.03e-02	1.00e-02	4.48e-03
 3.04471e+16	5.42e-02	7.30e-01	2.15e-01	0.00e+00	0.00e+00	0.00e+00	0.00e+00	0.00e+00	0.00e+00	3.67e-02	1.21e-02	5.42e-03
 3.06198e+16	6.59e-02	7.55e-01	1.79e-01	0.00e+00	0.00e+00	0.00e+00	0.00e+00	0.00e+00	0.00e+00	4.46e-02	1.46e-02	6.57e-03
 3.07822e+16	7.98e-02	7.74e-01	1.46e-01	0.00e+00	0.00e+00	0.00e+00	0.00e+00	0.00e+00	0.00e+00	5.41e-02	1.77e-02	7.95e-03
 3.09147e+16	9.43e-02	7.85e-01	1.21e-01	0.00e+00	0.00e+00	0.00e+00	0.00e+00	0.00e+00	0.00e+00	6.41e-02	2.08e-02	9.39e-03
 3.10104e+16	1.07e-01	7.90e-01	1.03e-01	0.00e+00	0.00e+00	0.00e+00	0.00e+00	0.00e+00	0.00e+00	7.26e-02	2.35e-02	1.06e-02
 3.10936e+16	1.20e-01	7.91e-01	8.93e-02	0.00e+00	0.00e+00	0.00e+00	0.00e+00	0.00e+00	0.00e+00	8.14e-02	2.62e-02	1.19e-02
 3.11891e+16	1.36e-01	7.90e-01	7.45e-02	0.00e+00	0.00e+00	0.00e+00	0.00e+00	0.00e+00	0.00e+00	9.27e-02	2.97e-02	1.35e-02
 3.12902e+16	1.57e-01	7.83e-01	6.03e-02	0.00e+00	0.00e+00	0.00e+00	0.00e+00	0.00e+00	0.00e+00	1.07e-01	3.40e-02	1.55e-02
 3.13728e+16	1.77e-01	7.74e-01	4.98e-02	0.00e+00	0.00e+00	0.00e+00	0.00e+00	0.00e+00	0.00e+00	1.21e-01	3.81e-02	1.75e-02
 3.14392e+16	1.94e-01	7.63e-01	4.22e-02	0.00e+00	0.00e+00	0.00e+00	0.00e+00	0.00e+00	0.00e+00	1.33e-01	4.18e-02	1.92e-02
 3.15101e+16	2.16e-01	7.49e-01	3.50e-02	0.00e+00	0.00e+00	0.00e+00	0.00e+00	0.00e+00	0.00e+00	1.48e-01	4.61e-02	2.13e-02
 3.15863e+16	2.41e-01	7.30e-01	2.82e-02	0.00e+00	0.00e+00	0.00e+00	0.00e+00	0.00e+00	0.00e+00	1.66e-01	5.11e-02	2.37e-02
 3.16515e+16	2.66e-01	7.11e-01	2.31e-02	0.00e+00	0.00e+00	0.00e+00	0.00e+00	0.00e+00	0.00e+00	1.84e-01	5.60e-02	2.61e-02
 3.17059e+16	2.88e-01	6.92e-01	1.94e-02	0.00e+00	0.00e+00	0.00e+00	0.00e+00	0.00e+00	0.00e+00	2.00e-01	6.01e-02	2.82e-02
 3.17642e+16	3.14e-01	6.70e-01	1.59e-02	0.00e+00	0.00e+00	0.00e+00	0.00e+00	0.00e+00	0.00e+00	2.18e-01	6.49e-02	3.06e-02
 3.18274e+16	3.44e-01	6.43e-01	1.27e-02	0.00e+00	0.00e+00	0.00e+00	0.00e+00	0.00e+00	0.00e+00	2.40e-01	7.03e-02	3.34e-02
 3.18822e+16	3.72e-01	6.17e-01	1.03e-02	0.00e+00	0.00e+00	0.00e+00	0.00e+00	0.00e+00	0.00e+00	2.61e-01	7.52e-02	3.60e-02
 3.19288e+16	3.97e-01	5.95e-01	8.54e-03	0.00e+00	0.00e+00	0.00e+00	0.00e+00	0.00e+00	0.00e+00	2.79e-01	7.93e-02	3.83e-02
 3.19767e+16	4.23e-01	5.70e-01	7.00e-03	0.00e+00	0.00e+00	0.00e+00	0.00e+00	0.00e+00	0.00e+00	2.99e-01	8.36e-02	4.07e-02
 3.20280e+16	4.52e-01	5.42e-01	5.62e-03	0.00e+00	0.00e+00	0.00e+00	0.00e+00	0.00e+00	0.00e+00	3.21e-01	8.80e-02	4.32e-02
 3.20766e+16	4.81e-01	5.14e-01	4.51e-03	0.00e+00	0.00e+00	0.00e+00	0.00e+00	0.00e+00	0.00e+00	3.43e-01	9.22e-02	4.57e-02
 3.21212e+16	5.08e-01	4.88e-01	3.66e-03	0.00e+00	0.00e+00	0.00e+00	0.00e+00	0.00e+00	0.00e+00	3.64e-01	9.59e-02	4.79e-02
 3.21635e+16	5.33e-01	4.64e-01	2.99e-03	0.00e+00	0.00e+00	0.00e+00	0.00e+00	0.00e+00	0.00e+00	3.84e-01	9.90e-02	4.99e-02
 3.22023e+16	5.57e-01	4.41e-01	2.47e-03	0.00e+00	0.00e+00	0.00e+00	0.00e+00	0.00e+00	0.00e+00	4.03e-01	1.02e-01	5.18e-02
 3.22384e+16	5.78e-01	4.20e-01	2.05e-03	0.00e+00	0.00e+00	0.00e+00	0.00e+00	0.00e+00	0.00e+00	4.20e-01	1.04e-01	5.34e-02
 3.22672e+16	5.95e-01	4.03e-01	1.77e-03	0.00e+00	0.00e+00	0.00e+00	0.00e+00	0.00e+00	0.00e+00	4.35e-01	1.06e-01	5.47e-02
 3.22862e+16	6.06e-01	3.93e-01	1.61e-03	0.00e+00	0.00e+00	0.00e+00	0.00e+00	0.00e+00	0.00e+00	4.44e-01	1.07e-01	5.54e-02
 3.23037e+16	6.16e-01	3.83e-01	1.46e-03	0.00e+00	0.00e+00	0.00e+00	0.00e+00	0.00e+00	0.00e+00	4.52e-01	1.07e-01	5.61e-02
 3.23244e+16	6.28e-01	3.71e-01	1.31e-03	0.00e+00	0.00e+00	0.00e+00	0.00e+00	0.00e+00	0.00e+00	4.62e-01	1.08e-01	5.69e-02
 3.23473e+16	6.41e-01	3.58e-01	1.15e-03	0.00e+00	0.00e+00	0.00e+00	0.00e+00	0.00e+00	0.00e+00	4.74e-01	1.09e-01	5.78e-02
 3.23692e+16	6.54e-01	3.45e-01	1.02e-03	0.00e+00	0.00e+00	0.00e+00	0.00e+00	0.00e+00	0.00e+00	4.85e-01	1.10e-01	5.86e-02
 3.23896e+16	6.65e-01	3.34e-01	9.12e-04	0.00e+00	0.00e+00	0.00e+00	0.00e+00	0.00e+00	0.00e+00	4.95e-01	1.11e-01	5.93e-02
 3.24097e+16	6.76e-01	3.23e-01	8.11e-04	0.00e+00	0.00e+00	0.00e+00	0.00e+00	0.00e+00	0.00e+00	5.05e-01	1.11e-01	5.99e-02
 3.24302e+16	6.87e-01	3.12e-01	7.21e-04	0.00e+00	0.00e+00	0.00e+00	0.00e+00	0.00e+00	0.00e+00	5.15e-01	1.12e-01	6.06e-02
 3.24509e+16	6.99e-01	3.00e-01	6.38e-04	0.00e+00	0.00e+00	0.00e+00	0.00e+00	0.00e+00	0.00e+00	5.25e-01	1.12e-01	6.12e-02
 3.24712e+16	7.09e-01	2.90e-01	5.66e-04	0.00e+00	0.00e+00	0.00e+00	0.00e+00	0.00e+00	0.00e+00	5.35e-01	1.13e-01	6.17e-02
 3.24913e+16	7.20e-01	2.79e-01	5.01e-04	0.00e+00	0.00e+00	0.00e+00	0.00e+00	0.00e+00	0.00e+00	5.45e-01	1.13e-01	6.22e-02
 3.25116e+16	7.31e-01	2.69e-01	4.42e-04	0.00e+00	0.00e+00	0.00e+00	0.00e+00	0.00e+00	0.00e+00	5.55e-01	1.13e-01	6.27e-02
 3.25315e+16	7.41e-01	2.59e-01	3.91e-04	0.00e+00	0.00e+00	0.00e+00	0.00e+00	0.00e+00	0.00e+00	5.64e-01	1.13e-01	6.31e-02
 3.25512e+16	7.50e-01	2.49e-01	3.46e-04	0.00e+00	0.00e+00	0.00e+00	0.00e+00	0.00e+00	0.00e+00	5.74e-01	1.13e-01	6.34e-02
 3.25711e+16	7.60e-01	2.40e-01	3.05e-04	0.00e+00	0.00e+00	0.00e+00	0.00e+00	0.00e+00	0.00e+00	5.83e-01	1.13e-01	6.37e-02
 3.25909e+16	7.69e-01	2.30e-01	2.69e-04	0.00e+00	0.00e+00	0.00e+00	0.00e+00	0.00e+00	0.00e+00	5.92e-01	1.13e-01	6.40e-02
 3.26105e+16	7.78e-01	2.21e-01	2.37e-04	0.00e+00	0.00e+00	0.00e+00	0.00e+00	0.00e+00	0.00e+00	6.02e-01	1.13e-01	6.42e-02
 3.26301e+16	7.87e-01	2.13e-01	2.08e-04	0.00e+00	0.00e+00	0.00e+00	0.00e+00	0.00e+00	0.00e+00	6.10e-01	1.12e-01	6.44e-02
 3.26497e+16	7.96e-01	2.04e-01	1.83e-04	0.00e+00	0.00e+00	0.00e+00	0.00e+00	0.00e+00	0.00e+00	6.19e-01	1.12e-01	6.46e-02
 3.26694e+16	8.04e-01	1.96e-01	1.60e-04	0.00e+00	0.00e+00	0.00e+00	0.00e+00	0.00e+00	0.00e+00	6.28e-01	1.11e-01	6.47e-02
 3.26887e+16	8.12e-01	1.88e-01	1.41e-04	0.00e+00	0.00e+00	0.00e+00	0.00e+00	0.00e+00	0.00e+00	6.36e-01	1.11e-01	6.48e-02
 3.27078e+16	8.20e-01	1.80e-01	1.24e-04	0.00e+00	0.00e+00	0.00e+00	0.00e+00	0.00e+00	0.00e+00	6.44e-01	1.10e-01	6.48e-02
 3.27272e+16	8.27e-01	1.73e-01	1.08e-04	0.00e+00	0.00e+00	0.00e+00	0.00e+00	0.00e+00	0.00e+00	6.53e-01	1.10e-01	6.48e-02
 3.27467e+16	8.35e-01	1.65e-01	9.47e-05	0.00e+00	0.00e+00	0.00e+00	0.00e+00	0.00e+00	0.00e+00	6.61e-01	1.09e-01	6.47e-02
 3.27657e+16	8.42e-01	1.58e-01	8.30e-05	0.00e+00	0.00e+00	0.00e+00	0.00e+00	0.00e+00	0.00e+00	6.69e-01	1.08e-01	6.47e-02
 3.27845e+16	8.48e-01	1.52e-01	7.28e-05	0.00e+00	0.00e+00	0.00e+00	0.00e+00	0.00e+00	0.00e+00	6.76e-01	1.08e-01	6.45e-02
 3.28036e+16	8.55e-01	1.45e-01	6.35e-05	0.00e+00	0.00e+00	0.00e+00	0.00e+00	0.00e+00	0.00e+00	6.83e-01	1.07e-01	6.44e-02
 3.28228e+16	8.61e-01	1.39e-01	5.54e-05	0.00e+00	0.00e+00	0.00e+00	0.00e+00	0.00e+00	0.00e+00	6.91e-01	1.06e-01	6.42e-02
 3.28416e+16	8.67e-01	1.33e-01	4.84e-05	0.00e+00	0.00e+00	0.00e+00	0.00e+00	0.00e+00	0.00e+00	6.98e-01	1.05e-01	6.40e-02
 3.28599e+16	8.73e-01	1.27e-01	4.24e-05	0.00e+00	0.00e+00	0.00e+00	0.00e+00	0.00e+00	0.00e+00	7.04e-01	1.05e-01	6.38e-02
 3.28780e+16	8.78e-01	1.22e-01	3.72e-05	0.00e+00	0.00e+00	0.00e+00	0.00e+00	0.00e+00	0.00e+00	7.11e-01	1.04e-01	6.36e-02
 3.28959e+16	8.84e-01	1.16e-01	3.26e-05	0.00e+00	0.00e+00	0.00e+00	0.00e+00	0.00e+00	0.00e+00	7.17e-01	1.03e-01	6.34e-02
 3.29139e+16	8.88e-01	1.11e-01	2.85e-05	0.00e+00	0.00e+00	0.00e+00	0.00e+00	0.00e+00	0.00e+00	7.23e-01	1.02e-01	6.31e-02
 3.29317e+16	8.93e-01	1.07e-01	2.50e-05	0.00e+00	0.00e+00	0.00e+00	0.00e+00	0.00e+00	0.00e+00	7.29e-01	1.01e-01	6.28e-02
 3.29490e+16	8.98e-01	1.02e-01	2.20e-05	0.00e+00	0.00e+00	0.00e+00	0.00e+00	0.00e+00	0.00e+00	7.35e-01	1.00e-01	6.25e-02
 3.29660e+16	9.02e-01	9.81e-02	1.94e-05	0.00e+00	0.00e+00	0.00e+00	0.00e+00	0.00e+00	0.00e+00	7.40e-01	9.96e-02	6.22e-02
 3.29829e+16	9.06e-01	9.40e-02	1.70e-05	0.00e+00	0.00e+00	0.00e+00	0.00e+00	0.00e+00	0.00e+00	7.45e-01	9.88e-02	6.19e-02
 3.29999e+16	9.10e-01	9.02e-02	1.50e-05	0.00e+00	0.00e+00	0.00e+00	0.00e+00	0.00e+00	0.00e+00	7.50e-01	9.80e-02	6.16e-02
 3.30166e+16	9.14e-01	8.64e-02	1.32e-05	0.00e+00	0.00e+00	0.00e+00	0.00e+00	0.00e+00	0.00e+00	7.55e-01	9.72e-02	6.13e-02
 3.30330e+16	9.17e-01	8.28e-02	1.16e-05	0.00e+00	0.00e+00	0.00e+00	0.00e+00	0.00e+00	0.00e+00	7.60e-01	9.64e-02	6.10e-02
 3.30492e+16	9.20e-01	7.95e-02	1.03e-05	0.00e+00	0.00e+00	0.00e+00	0.00e+00	0.00e+00	0.00e+00	7.64e-01	9.56e-02	6.07e-02
 3.30654e+16	9.24e-01	7.63e-02	9.07e-06	0.00e+00	0.00e+00	0.00e+00	0.00e+00	0.00e+00	0.00e+00	7.68e-01	9.49e-02	6.04e-02
 3.30815e+16	9.27e-01	7.32e-02	8.01e-06	0.00e+00	0.00e+00	0.00e+00	0.00e+00	0.00e+00	0.00e+00	7.73e-01	9.41e-02	6.01e-02
 3.30973e+16	9.30e-01	7.02e-02	7.08e-06	0.00e+00	0.00e+00	0.00e+00	0.00e+00	0.00e+00	0.00e+00	7.77e-01	9.34e-02	5.97e-02
 3.31130e+16	9.33e-01	6.74e-02	6.27e-06	0.00e+00	0.00e+00	0.00e+00	0.00e+00	0.00e+00	0.00e+00	7.81e-01	9.27e-02	5.93e-02
 3.31288e+16	9.35e-01	6.47e-02	5.54e-06	0.00e+00	0.00e+00	0.00e+00	0.00e+00	0.00e+00	0.00e+00	7.84e-01	9.19e-02	5.89e-02
 3.31441e+16	9.38e-01	6.21e-02	4.91e-06	0.00e+00	0.00e+00	0.00e+00	0.00e+00	0.00e+00	0.00e+00	7.88e-01	9.12e-02	5.86e-02
