#depth	O	O+	O+2	O+3	O+4	O+5	O+6	O+7	O+8	O[1]	O[2]	O[3]
 3.13067e+11	1.59e-05	2.17e-02	9.76e-01	2.70e-03	0.00e+00	0.00e+00	0.00e+00	0.00e+00	0.00e+00	1.11e-05	3.34e-06	1.54e-06
 1.87840e+12	1.59e-05	2.17e-02	9.76e-01	2.69e-03	0.00e+00	0.00e+00	0.00e+00	0.00e+00	0.00e+00	1.10e-05	3.33e-06	1.54e-06
 8.13974e+12	1.59e-05	2.17e-02	9.76e-01	2.65e-03	0.00e+00	0.00e+00	0.00e+00	0.00e+00	0.00e+00	1.10e-05	3.34e-06	1.54e-06
 3.31851e+13	1.60e-05	2.18e-02	9.76e-01	2.50e-03	0.00e+00	0.00e+00	0.00e+00	0.00e+00	0.00e+00	1.11e-05	3.35e-06	1.55e-06
 7.92685e+13	1.59e-05	2.18e-02	9.76e-01	2.28e-03	0.00e+00	0.00e+00	0.00e+00	0.00e+00	0.00e+00	1.10e-05	3.35e-06	1.55e-06
 1.39177e+14	1.59e-05	2.19e-02	9.76e-01	2.02e-03	0.00e+00	0.00e+00	0.00e+00	0.00e+00	0.00e+00	1.10e-05	3.35e-06	1.55e-06
 2.17058e+14	1.59e-05	2.20e-02	9.76e-01	1.73e-03	0.00e+00	0.00e+00	0.00e+00	0.00e+00	0.00e+00	1.10e-05	3.35e-06	1.55e-06
 3.18303e+14	1.60e-05	2.21e-02	9.77e-01	1.41e-03	0.00e+00	0.00e+00	0.00e+00	0.00e+00	0.00e+00	1.11e-05	3.36e-06	1.56e-06
 4.49922e+14	1.61e-05	2.22e-02	9.77e-01	1.07e-03	0.00e+00	0.00e+00	0.00e+00	0.00e+00	0.00e+00	1.11e-05	3.38e-06	1.57e-06
 6.21027e+14	1.62e-05	2.24e-02	9.77e-01	7.53e-04	0.00e+00	0.00e+00	0.00e+00	0.00e+00	0.00e+00	1.12e-05	3.42e-06	1.58e-06
 8.43463e+14	1.65e-05	2.27e-02	9.77e-01	4.75e-04	0.00e+00	0.00e+00	0.00e+00	0.00e+00	0.00e+00	1.14e-05	3.47e-06	1.61e-06
 1.13263e+15	1.69e-05	2.31e-02	9.77e-01	2.63e-04	0.00e+00	0.00e+00	0.00e+00	0.00e+00	0.00e+00	1.17e-05	3.54e-06	1.64e-06
 1.50855e+15	1.74e-05	2.36e-02	9.76e-01	1.23e-04	0.00e+00	0.00e+00	0.00e+00	0.00e+00	0.00e+00	1.21e-05	3.66e-06	1.70e-06
 1.99724e+15	1.82e-05	2.43e-02	9.76e-01	4.69e-05	0.00e+00	0.00e+00	0.00e+00	0.00e+00	0.00e+00	1.26e-05	3.83e-06	1.77e-06
 2.63254e+15	1.94e-05	2.52e-02	9.75e-01	1.42e-05	0.00e+00	0.00e+00	0.00e+00	0.00e+00	0.00e+00	1.35e-05	4.07e-06	1.89e-06
 3.45843e+15	2.13e-05	2.64e-02	9.74e-01	3.46e-06	0.00e+00	0.00e+00	0.00e+00	0.00e+00	0.00e+00	1.47e-05	4.45e-06	2.06e-06
 4.53208e+15	2.40e-05	2.82e-02	9.72e-01	8.23e-07	0.00e+00	0.00e+00	0.00e+00	0.00e+00	0.00e+00	1.66e-05	5.02e-06	2.33e-06
 5.92784e+15	2.83e-05	3.07e-02	9.69e-01	3.02e-07	0.00e+00	0.00e+00	0.00e+00	0.00e+00	0.00e+00	1.97e-05	5.93e-06	2.75e-06
 7.46573e+15	3.39e-05	3.36e-02	9.66e-01	1.86e-07	0.00e+00	0.00e+00	0.00e+00	0.00e+00	0.00e+00	2.35e-05	7.10e-06	3.29e-06
 9.05594e+15	4.17e-05	3.70e-02	9.63e-01	0.00e+00	0.00e+00	0.00e+00	0.00e+00	0.00e+00	0.00e+00	2.89e-05	8.74e-06	4.06e-06
 1.03920e+16	4.94e-05	4.01e-02	9.60e-01	0.00e+00	0.00e+00	0.00e+00	0.00e+00	0.00e+00	0.00e+00	3.42e-05	1.04e-05	4.82e-06
 1.13199e+16	5.65e-05	4.25e-02	9.57e-01	0.00e+00	0.00e+00	0.00e+00	0.00e+00	0.00e+00	0.00e+00	3.91e-05	1.19e-05	5.52e-06
 1.23160e+16	6.59e-05	4.54e-02	9.54e-01	0.00e+00	0.00e+00	0.00e+00	0.00e+00	0.00e+00	0.00e+00	4.56e-05	1.39e-05	6.45e-06
 1.34001e+16	7.82e-05	4.89e-02	9.51e-01	0.00e+00	0.00e+00	0.00e+00	0.00e+00	0.00e+00	0.00e+00	5.41e-05	1.65e-05	7.68e-06
 1.43504e+16	9.17e-05	5.23e-02	9.48e-01	0.00e+00	0.00e+00	0.00e+00	0.00e+00	0.00e+00	0.00e+00	6.33e-05	1.94e-05	9.02e-06
 1.51633e+16	1.06e-04	5.55e-02	9.44e-01	0.00e+00	0.00e+00	0.00e+00	0.00e+00	0.00e+00	0.00e+00	7.29e-05	2.24e-05	1.04e-05
 1.59303e+16	1.22e-04	5.89e-02	9.41e-01	0.00e+00	0.00e+00	0.00e+00	0.00e+00	0.00e+00	0.00e+00	8.39e-05	2.58e-05	1.20e-05
 1.66970e+16	1.41e-04	6.27e-02	9.37e-01	0.00e+00	0.00e+00	0.00e+00	0.00e+00	0.00e+00	0.00e+00	9.72e-05	3.00e-05	1.40e-05
 1.74442e+16	1.64e-04	6.67e-02	9.33e-01	0.00e+00	0.00e+00	0.00e+00	0.00e+00	0.00e+00	0.00e+00	1.13e-04	3.50e-05	1.63e-05
 1.81464e+16	1.91e-04	7.10e-02	9.29e-01	0.00e+00	0.00e+00	0.00e+00	0.00e+00	0.00e+00	0.00e+00	1.31e-04	4.08e-05	1.90e-05
 1.88047e+16	2.21e-04	7.55e-02	9.24e-01	0.00e+00	0.00e+00	0.00e+00	0.00e+00	0.00e+00	0.00e+00	1.52e-04	4.73e-05	2.20e-05
 1.94339e+16	2.56e-04	8.04e-02	9.19e-01	0.00e+00	0.00e+00	0.00e+00	0.00e+00	0.00e+00	0.00e+00	1.76e-04	5.50e-05	2.56e-05
 2.00434e+16	2.97e-04	8.57e-02	9.14e-01	0.00e+00	0.00e+00	0.00e+00	0.00e+00	0.00e+00	0.00e+00	2.04e-04	6.40e-05	2.98e-05
 2.06326e+16	3.46e-04	9.14e-02	9.08e-01	0.00e+00	0.00e+00	0.00e+00	0.00e+00	0.00e+00	0.00e+00	2.37e-04	7.47e-05	3.47e-05
 2.11978e+16	4.03e-04	9.77e-02	9.02e-01	0.00e+00	0.00e+00	0.00e+00	0.00e+00	0.00e+00	0.00e+00	2.75e-04	8.72e-05	4.05e-05
 2.17390e+16	4.70e-04	1.04e-01	8.95e-01	0.00e+00	0.00e+00	0.00e+00	0.00e+00	0.00e+00	0.00e+00	3.21e-04	1.02e-04	4.74e-05
 2.22598e+16	5.50e-04	1.12e-01	8.88e-01	0.00e+00	0.00e+00	0.00e+00	0.00e+00	0.00e+00	0.00e+00	3.75e-04	1.19e-04	5.55e-05
 2.27633e+16	6.44e-04	1.20e-01	8.79e-01	0.00e+00	0.00e+00	0.00e+00	0.00e+00	0.00e+00	0.00e+00	4.38e-04	1.40e-04	6.51e-05
 2.32505e+16	7.57e-04	1.29e-01	8.70e-01	0.00e+00	0.00e+00	0.00e+00	0.00e+00	0.00e+00	0.00e+00	5.15e-04	1.65e-04	7.65e-05
 2.37212e+16	8.92e-04	1.39e-01	8.60e-01	0.00e+00	0.00e+00	0.00e+00	0.00e+00	0.00e+00	0.00e+00	6.07e-04	1.95e-04	9.02e-05
 2.41752e+16	1.05e-03	1.50e-01	8.49e-01	0.00e+00	0.00e+00	0.00e+00	0.00e+00	0.00e+00	0.00e+00	7.16e-04	2.31e-04	1.06e-04
 2.46143e+16	1.25e-03	1.62e-01	8.36e-01	0.00e+00	0.00e+00	0.00e+00	0.00e+00	0.00e+00	0.00e+00	8.47e-04	2.74e-04	1.26e-04
 2.50410e+16	1.48e-03	1.76e-01	8.22e-01	0.00e+00	0.00e+00	0.00e+00	0.00e+00	0.00e+00	0.00e+00	1.01e-03	3.27e-04	1.50e-04
 2.54548e+16	1.77e-03	1.91e-01	8.07e-01	0.00e+00	0.00e+00	0.00e+00	0.00e+00	0.00e+00	0.00e+00	1.20e-03	3.92e-04	1.79e-04
 2.58547e+16	2.13e-03	2.08e-01	7.89e-01	0.00e+00	0.00e+00	0.00e+00	0.00e+00	0.00e+00	0.00e+00	1.44e-03	4.71e-04	2.15e-04
 2.62414e+16	2.57e-03	2.27e-01	7.70e-01	0.00e+00	0.00e+00	0.00e+00	0.00e+00	0.00e+00	0.00e+00	1.74e-03	5.69e-04	2.59e-04
 2.66158e+16	3.10e-03	2.49e-01	7.48e-01	0.00e+00	0.00e+00	0.00e+00	0.00e+00	0.00e+00	0.00e+00	2.10e-03	6.90e-04	3.13e-04
 2.69757e+16	3.77e-03	2.72e-01	7.24e-01	0.00e+00	0.00e+00	0.00e+00	0.00e+00	0.00e+00	0.00e+00	2.55e-03	8.39e-04	3.80e-04
 2.73165e+16	4.57e-03	2.97e-01	6.98e-01	0.00e+00	0.00e+00	0.00e+00	0.00e+00	0.00e+00	0.00e+00	3.09e-03	1.02e-03	4.61e-04
 2.76359e+16	5.54e-03	3.25e-01	6.70e-01	0.00e+00	0.00e+00	0.00e+00	0.00e+00	0.00e+00	0.00e+00	3.74e-03	1.24e-03	5.58e-04
 2.79367e+16	6.69e-03	3.53e-01	6.40e-01	0.00e+00	0.00e+00	0.00e+00	0.00e+00	0.00e+00	0.00e+00	4.52e-03	1.50e-03	6.74e-04
 2.82234e+16	8.09e-03	3.84e-01	6.08e-01	0.00e+00	0.00e+00	0.00e+00	0.00e+00	0.00e+00	0.00e+00	5.46e-03	1.81e-03	8.15e-04
 2.84978e+16	9.80e-03	4.17e-01	5.73e-01	0.00e+00	0.00e+00	0.00e+00	0.00e+00	0.00e+00	0.00e+00	6.61e-03	2.20e-03	9.86e-04
 2.87591e+16	1.19e-02	4.52e-01	5.37e-01	0.00e+00	0.00e+00	0.00e+00	0.00e+00	0.00e+00	0.00e+00	8.00e-03	2.67e-03	1.19e-03
 2.90068e+16	1.43e-02	4.87e-01	4.98e-01	0.00e+00	0.00e+00	0.00e+00	0.00e+00	0.00e+00	0.00e+00	9.67e-03	3.22e-03	1.44e-03
 2.92427e+16	1.73e-02	5.24e-01	4.59e-01	0.00e+00	0.00e+00	0.00e+00	0.00e+00	0.00e+00	0.00e+00	1.17e-02	3.89e-03	1.74e-03
 2.94691e+16	2.10e-02	5.61e-01	4.18e-01	0.00e+00	0.00e+00	0.00e+00	0.00e+00	0.00e+00	0.00e+00	1.42e-02	4.71e-03	2.11e-03
 2.96846e+16	2.55e-02	5.99e-01	3.76e-01	0.00e+00	0.00e+00	0.00e+00	0.00e+00	0.00e+00	0.00e+00	1.72e-02	5.71e-03	2.55e-03
 2.98877e+16	3.08e-02	6.35e-01	3.34e-01	0.00e+00	0.00e+00	0.00e+00	0.00e+00	0.00e+00	0.00e+00	2.08e-02	6.89e-03	3.08e-03
 3.00810e+16	3.71e-02	6.69e-01	2.93e-01	0.00e+00	0.00e+00	0.00e+00	0.00e+00	0.00e+00	0.00e+00	2.51e-02	8.30e-03	3.72e-03
 3.02673e+16	4.49e-02	7.01e-01	2.54e-01	0.00e+00	0.00e+00	0.00e+00	0.00e+00	0.00e+00	0.00e+00	3.03e-02	1.00e-02	4.49e-03
 3.04466e+16	5.44e-02	7.31e-01	2.15e-01	0.00e+00	0.00e+00	0.00e+00	0.00e+00	0.00e+00	0.00e+00	3.68e-02	1.21e-02	5.43e-03
 3.06170e+16	6.57e-02	7.55e-01	1.80e-01	0.00e+00	0.00e+00	0.00e+00	0.00e+00	0.00e+00	0.00e+00	4.45e-02	1.46e-02	6.55e-03
 3.07792e+16	7.95e-02	7.74e-01	1.47e-01	0.00e+00	0.00e+00	0.00e+00	0.00e+00	0.00e+00	0.00e+00	5.40e-02	1.76e-02	7.93e-03
 3.09139e+16	9.42e-02	7.85e-01	1.21e-01	0.00e+00	0.00e+00	0.00e+00	0.00e+00	0.00e+00	0.00e+00	6.40e-02	2.08e-02	9.38e-03
 3.10108e+16	1.07e-01	7.90e-01	1.03e-01	0.00e+00	0.00e+00	0.00e+00	0.00e+00	0.00e+00	0.00e+00	7.27e-02	2.35e-02	1.06e-02
 3.10936e+16	1.20e-01	7.91e-01	8.92e-02	0.00e+00	0.00e+00	0.00e+00	0.00e+00	0.00e+00	0.00e+00	8.14e-02	2.62e-02	1.19e-02
 3.11882e+16	1.36e-01	7.90e-01	7.46e-02	0.00e+00	0.00e+00	0.00e+00	0.00e+00	0.00e+00	0.00e+00	9.26e-02	2.97e-02	1.35e-02
 3.12889e+16	1.56e-01	7.83e-01	6.04e-02	0.00e+00	0.00e+00	0.00e+00	0.00e+00	0.00e+00	0.00e+00	1.07e-01	3.40e-02	1.55e-02
 3.13718e+16	1.76e-01	7.74e-01	4.99e-02	0.00e+00	0.00e+00	0.00e+00	0.00e+00	0.00e+00	0.00e+00	1.21e-01	3.81e-02	1.74e-02
 3.14385e+16	1.94e-01	7.63e-01	4.23e-02	0.00e+00	0.00e+00	0.00e+00	0.00e+00	0.00e+00	0.00e+00	1.33e-01	4.17e-02	1.92e-02
 3.15096e+16	2.16e-01	7.49e-01	3.50e-02	0.00e+00	0.00e+00	0.00e+00	0.00e+00	0.00e+00	0.00e+00	1.48e-01	4.61e-02	2.13e-02
 3.15860e+16	2.41e-01	7.30e-01	2.82e-02	0.00e+00	0.00e+00	0.00e+00	0.00e+00	0.00e+00	0.00e+00	1.66e-01	5.11e-02	2.37e-02
 3.16511e+16	2.66e-01	7.11e-01	2.31e-02	0.00e+00	0.00e+00	0.00e+00	0.00e+00	0.00e+00	0.00e+00	1.84e-01	5.60e-02	2.61e-02
 3.17055e+16	2.88e-01	6.92e-01	1.94e-02	0.00e+00	0.00e+00	0.00e+00	0.00e+00	0.00e+00	0.00e+00	2.00e-01	6.01e-02	2.82e-02
 3.17638e+16	3.14e-01	6.70e-01	1.59e-02	0.00e+00	0.00e+00	0.00e+00	0.00e+00	0.00e+00	0.00e+00	2.18e-01	6.49e-02	3.06e-02
 3.18269e+16	3.44e-01	6.43e-01	1.27e-02	0.00e+00	0.00e+00	0.00e+00	0.00e+00	0.00e+00	0.00e+00	2.40e-01	7.03e-02	3.34e-02
 3.18817e+16	3.72e-01	6.17e-01	1.03e-02	0.00e+00	0.00e+00	0.00e+00	0.00e+00	0.00e+00	0.00e+00	2.61e-01	7.52e-02	3.60e-02
 3.19284e+16	3.97e-01	5.95e-01	8.55e-03	0.00e+00	0.00e+00	0.00e+00	0.00e+00	0.00e+00	0.00e+00	2.79e-01	7.93e-02	3.82e-02
 3.19763e+16	4.23e-01	5.70e-01	7.00e-03	0.00e+00	0.00e+00	0.00e+00	0.00e+00	0.00e+00	0.00e+00	2.99e-01	8.36e-02	4.06e-02
 3.20275e+16	4.52e-01	5.42e-01	5.62e-03	0.00e+00	0.00e+00	0.00e+00	0.00e+00	0.00e+00	0.00e+00	3.21e-01	8.80e-02	4.32e-02
 3.20761e+16	4.81e-01	5.15e-01	4.52e-03	0.00e+00	0.00e+00	0.00e+00	0.00e+00	0.00e+00	0.00e+00	3.43e-01	9.22e-02	4.57e-02
 3.21208e+16	5.08e-01	4.88e-01	3.66e-03	0.00e+00	0.00e+00	0.00e+00	0.00e+00	0.00e+00	0.00e+00	3.64e-01	9.59e-02	4.79e-02
 3.21631e+16	5.33e-01	4.64e-01	2.99e-03	0.00e+00	0.00e+00	0.00e+00	0.00e+00	0.00e+00	0.00e+00	3.84e-01	9.90e-02	4.99e-02
 3.22019e+16	5.57e-01	4.41e-01	2.47e-03	0.00e+00	0.00e+00	0.00e+00	0.00e+00	0.00e+00	0.00e+00	4.03e-01	1.02e-01	5.18e-02
 3.22380e+16	5.78e-01	4.20e-01	2.05e-03	0.00e+00	0.00e+00	0.00e+00	0.00e+00	0.00e+00	0.00e+00	4.20e-01	1.04e-01	5.34e-02
 3.22668e+16	5.95e-01	4.03e-01	1.77e-03	0.00e+00	0.00e+00	0.00e+00	0.00e+00	0.00e+00	0.00e+00	4.34e-01	1.06e-01	5.46e-02
 3.22859e+16	6.06e-01	3.93e-01	1.61e-03	0.00e+00	0.00e+00	0.00e+00	0.00e+00	0.00e+00	0.00e+00	4.44e-01	1.07e-01	5.54e-02
 3.23033e+16	6.16e-01	3.83e-01	1.47e-03	0.00e+00	0.00e+00	0.00e+00	0.00e+00	0.00e+00	0.00e+00	4.52e-01	1.07e-01	5.61e-02
 3.23240e+16	6.28e-01	3.71e-01	1.31e-03	0.00e+00	0.00e+00	0.00e+00	0.00e+00	0.00e+00	0.00e+00	4.62e-01	1.08e-01	5.69e-02
 3.23469e+16	6.41e-01	3.58e-01	1.15e-03	0.00e+00	0.00e+00	0.00e+00	0.00e+00	0.00e+00	0.00e+00	4.74e-01	1.09e-01	5.78e-02
 3.23688e+16	6.54e-01	3.45e-01	1.02e-03	0.00e+00	0.00e+00	0.00e+00	0.00e+00	0.00e+00	0.00e+00	4.85e-01	1.10e-01	5.86e-02
 3.23892e+16	6.65e-01	3.34e-01	9.12e-04	0.00e+00	0.00e+00	0.00e+00	0.00e+00	0.00e+00	0.00e+00	4.95e-01	1.11e-01	5.93e-02
 3.24093e+16	6.76e-01	3.23e-01	8.12e-04	0.00e+00	0.00e+00	0.00e+00	0.00e+00	0.00e+00	0.00e+00	5.05e-01	1.11e-01	5.99e-02
 3.24298e+16	6.87e-01	3.12e-01	7.21e-04	0.00e+00	0.00e+00	0.00e+00	0.00e+00	0.00e+00	0.00e+00	5.15e-01	1.12e-01	6.06e-02
 3.24505e+16	6.99e-01	3.01e-01	6.38e-04	0.00e+00	0.00e+00	0.00e+00	0.00e+00	0.00e+00	0.00e+00	5.25e-01	1.12e-01	6.12e-02
 3.24708e+16	7.09e-01	2.90e-01	5.66e-04	0.00e+00	0.00e+00	0.00e+00	0.00e+00	0.00e+00	0.00e+00	5.35e-01	1.13e-01	6.17e-02
 3.24909e+16	7.20e-01	2.79e-01	5.01e-04	0.00e+00	0.00e+00	0.00e+00	0.00e+00	0.00e+00	0.00e+00	5.45e-01	1.13e-01	6.22e-02
 3.25112e+16	7.31e-01	2.69e-01	4.43e-04	0.00e+00	0.00e+00	0.00e+00	0.00e+00	0.00e+00	0.00e+00	5.55e-01	1.13e-01	6.27e-02
 3.25311e+16	7.41e-01	2.59e-01	3.91e-04	0.00e+00	0.00e+00	0.00e+00	0.00e+00	0.00e+00	0.00e+00	5.64e-01	1.13e-01	6.31e-02
 3.25508e+16	7.50e-01	2.50e-01	3.46e-04	0.00e+00	0.00e+00	0.00e+00	0.00e+00	0.00e+00	0.00e+00	5.73e-01	1.13e-01	6.34e-02
 3.25707e+16	7.60e-01	2.40e-01	3.05e-04	0.00e+00	0.00e+00	0.00e+00	0.00e+00	0.00e+00	0.00e+00	5.83e-01	1.13e-01	6.37e-02
 3.25905e+16	7.69e-01	2.31e-01	2.69e-04	0.00e+00	0.00e+00	0.00e+00	0.00e+00	0.00e+00	0.00e+00	5.92e-01	1.13e-01	6.40e-02
 3.26101e+16	7.78e-01	2.21e-01	2.37e-04	0.00e+00	0.00e+00	0.00e+00	0.00e+00	0.00e+00	0.00e+00	6.01e-01	1.13e-01	6.42e-02
 3.26297e+16	7.87e-01	2.13e-01	2.09e-04	0.00e+00	0.00e+00	0.00e+00	0.00e+00	0.00e+00	0.00e+00	6.10e-01	1.12e-01	6.44e-02
 3.26493e+16	7.96e-01	2.04e-01	1.83e-04	0.00e+00	0.00e+00	0.00e+00	0.00e+00	0.00e+00	0.00e+00	6.19e-01	1.12e-01	6.46e-02
 3.26690e+16	8.04e-01	1.96e-01	1.61e-04	0.00e+00	0.00e+00	0.00e+00	0.00e+00	0.00e+00	0.00e+00	6.28e-01	1.11e-01	6.47e-02
 3.26883e+16	8.12e-01	1.88e-01	1.41e-04	0.00e+00	0.00e+00	0.00e+00	0.00e+00	0.00e+00	0.00e+00	6.36e-01	1.11e-01	6.48e-02
 3.27074e+16	8.20e-01	1.80e-01	1.24e-04	0.00e+00	0.00e+00	0.00e+00	0.00e+00	0.00e+00	0.00e+00	6.44e-01	1.10e-01	6.48e-02
 3.27268e+16	8.27e-01	1.73e-01	1.09e-04	0.00e+00	0.00e+00	0.00e+00	0.00e+00	0.00e+00	0.00e+00	6.53e-01	1.10e-01	6.48e-02
 3.27463e+16	8.35e-01	1.65e-01	9.48e-05	0.00e+00	0.00e+00	0.00e+00	0.00e+00	0.00e+00	0.00e+00	6.61e-01	1.09e-01	6.47e-02
 3.27653e+16	8.42e-01	1.58e-01	8.31e-05	0.00e+00	0.00e+00	0.00e+00	0.00e+00	0.00e+00	0.00e+00	6.68e-01	1.08e-01	6.47e-02
 3.27841e+16	8.48e-01	1.52e-01	7.28e-05	0.00e+00	0.00e+00	0.00e+00	0.00e+00	0.00e+00	0.00e+00	6.76e-01	1.08e-01	6.46e-02
 3.28032e+16	8.55e-01	1.45e-01	6.36e-05	0.00e+00	0.00e+00	0.00e+00	0.00e+00	0.00e+00	0.00e+00	6.83e-01	1.07e-01	6.44e-02
 3.28224e+16	8.61e-01	1.39e-01	5.54e-05	0.00e+00	0.00e+00	0.00e+00	0.00e+00	0.00e+00	0.00e+00	6.91e-01	1.06e-01	6.42e-02
 3.28412e+16	8.67e-01	1.33e-01	4.84e-05	0.00e+00	0.00e+00	0.00e+00	0.00e+00	0.00e+00	0.00e+00	6.98e-01	1.05e-01	6.40e-02
 3.28595e+16	8.73e-01	1.27e-01	4.24e-05	0.00e+00	0.00e+00	0.00e+00	0.00e+00	0.00e+00	0.00e+00	7.04e-01	1.05e-01	6.38e-02
 3.28776e+16	8.78e-01	1.22e-01	3.72e-05	0.00e+00	0.00e+00	0.00e+00	0.00e+00	0.00e+00	0.00e+00	7.11e-01	1.04e-01	6.36e-02
 3.28956e+16	8.83e-01	1.16e-01	3.26e-05	0.00e+00	0.00e+00	0.00e+00	0.00e+00	0.00e+00	0.00e+00	7.17e-01	1.03e-01	6.34e-02
 3.29135e+16	8.88e-01	1.12e-01	2.85e-05	0.00e+00	0.00e+00	0.00e+00	0.00e+00	0.00e+00	0.00e+00	7.23e-01	1.02e-01	6.31e-02
 3.29313e+16	8.93e-01	1.07e-01	2.50e-05	0.00e+00	0.00e+00	0.00e+00	0.00e+00	0.00e+00	0.00e+00	7.29e-01	1.01e-01	6.28e-02
 3.29486e+16	8.98e-01	1.02e-01	2.20e-05	0.00e+00	0.00e+00	0.00e+00	0.00e+00	0.00e+00	0.00e+00	7.35e-01	1.00e-01	6.25e-02
 3.29656e+16	9.02e-01	9.81e-02	1.94e-05	0.00e+00	0.00e+00	0.00e+00	0.00e+00	0.00e+00	0.00e+00	7.40e-01	9.96e-02	6.23e-02
 3.29825e+16	9.06e-01	9.41e-02	1.71e-05	0.00e+00	0.00e+00	0.00e+00	0.00e+00	0.00e+00	0.00e+00	7.45e-01	9.88e-02	6.20e-02
 3.29995e+16	9.10e-01	9.02e-02	1.50e-05	0.00e+00	0.00e+00	0.00e+00	0.00e+00	0.00e+00	0.00e+00	7.50e-01	9.80e-02	6.16e-02
 3.30163e+16	9.14e-01	8.64e-02	1.32e-05	0.00e+00	0.00e+00	0.00e+00	0.00e+00	0.00e+00	0.00e+00	7.55e-01	9.72e-02	6.13e-02
 3.30326e+16	9.17e-01	8.29e-02	1.17e-05	0.00e+00	0.00e+00	0.00e+00	0.00e+00	0.00e+00	0.00e+00	7.60e-01	9.64e-02	6.10e-02
 3.30488e+16	9.20e-01	7.95e-02	1.03e-05	0.00e+00	0.00e+00	0.00e+00	0.00e+00	0.00e+00	0.00e+00	7.64e-01	9.56e-02	6.07e-02
 3.30651e+16	9.24e-01	7.63e-02	9.08e-06	0.00e+00	0.00e+00	0.00e+00	0.00e+00	0.00e+00	0.00e+00	7.68e-01	9.49e-02	6.04e-02
 3.30812e+16	9.27e-01	7.33e-02	8.02e-06	0.00e+00	0.00e+00	0.00e+00	0.00e+00	0.00e+00	0.00e+00	7.73e-01	9.42e-02	6.01e-02
 3.30970e+16	9.30e-01	7.03e-02	7.09e-06	0.00e+00	0.00e+00	0.00e+00	0.00e+00	0.00e+00	0.00e+00	7.77e-01	9.34e-02	5.97e-02
 3.31127e+16	9.33e-01	6.75e-02	6.27e-06	0.00e+00	0.00e+00	0.00e+00	0.00e+00	0.00e+00	0.00e+00	7.80e-01	9.27e-02	5.94e-02
 3.31284e+16	9.35e-01	6.47e-02	5.55e-06	0.00e+00	0.00e+00	0.00e+00	0.00e+00	0.00e+00	0.00e+00	7.84e-01	9.19e-02	5.90e-02
 3.31437e+16	9.38e-01	6.21e-02	4.92e-06	0.00e+00	0.00e+00	0.00e+00	0.00e+00	0.00e+00	0.00e+00	7.88e-01	9.12e-02	5.86e-02
 3.31590e+16	9.40e-01	5.97e-02	4.36e-06	0.00e+00	0.00e+00	0.00e+00	0.00e+00	0.00e+00	0.00e+00	7.92e-01	9.05e-02	5.82e-02
 3.31743e+16	9.43e-01	5.73e-02	3.86e-06	0.00e+00	0.00e+00	0.00e+00	0.00e+00	0.00e+00	0.00e+00	7.95e-01	8.98e-02	5.78e-02
 3.31892e+16	9.45e-01	5.50e-02	3.43e-06	0.00e+00	0.00e+00	0.00e+00	0.00e+00	0.00e+00	0.00e+00	7.98e-01	8.92e-02	5.75e-02
 3.32041e+16	9.47e-01	5.30e-02	3.05e-06	0.00e+00	0.00e+00	0.00e+00	0.00e+00	0.00e+00	0.00e+00	8.01e-01	8.86e-02	5.72e-02
 3.32191e+16	9.49e-01	5.09e-02	2.71e-06	0.00e+00	0.00e+00	0.00e+00	0.00e+00	0.00e+00	0.00e+00	8.04e-01	8.80e-02	5.68e-02
 3.32341e+16	9.51e-01	4.88e-02	2.40e-06	0.00e+00	0.00e+00	0.00e+00	0.00e+00	0.00e+00	0.00e+00	8.07e-01	8.73e-02	5.65e-02
 3.32487e+16	9.53e-01	4.69e-02	2.14e-06	0.00e+00	0.00e+00	0.00e+00	0.00e+00	0.00e+00	0.00e+00	8.10e-01	8.67e-02	5.61e-02
 3.32630e+16	9.55e-01	4.51e-02	1.91e-06	0.00e+00	0.00e+00	0.00e+00	0.00e+00	0.00e+00	0.00e+00	8.13e-01	8.62e-02	5.58e-02
 3.32776e+16	9.57e-01	4.34e-02	1.69e-06	0.00e+00	0.00e+00	0.00e+00	0.00e+00	0.00e+00	0.00e+00	8.16e-01	8.56e-02	5.55e-02
 3.32922e+16	9.58e-01	4.16e-02	1.51e-06	0.00e+00	0.00e+00	0.00e+00	0.00e+00	0.00e+00	0.00e+00	8.18e-01	8.51e-02	5.52e-02
 3.33063e+16	9.60e-01	4.00e-02	1.34e-06	0.00e+00	0.00e+00	0.00e+00	0.00e+00	0.00e+00	0.00e+00	8.21e-01	8.45e-02	5.49e-02
 3.33202e+16	9.61e-01	3.85e-02	1.20e-06	0.00e+00	0.00e+00	0.00e+00	0.00e+00	0.00e+00	0.00e+00	8.23e-01	8.41e-02	5.46e-02
 3.33344e+16	9.63e-01	3.70e-02	1.07e-06	0.00e+00	0.00e+00	0.00e+00	0.00e+00	0.00e+00	0.00e+00	8.25e-01	8.35e-02	5.43e-02
 3.33485e+16	9.64e-01	3.55e-02	9.54e-07	0.00e+00	0.00e+00	0.00e+00	0.00e+00	0.00e+00	0.00e+00	8.27e-01	8.30e-02	5.40e-02
 3.33624e+16	9.66e-01	3.41e-02	8.52e-07	0.00e+00	0.00e+00	0.00e+00	0.00e+00	0.00e+00	0.00e+00	8.30e-01	8.26e-02	5.37e-02
 3.33760e+16	9.67e-01	3.28e-02	7.62e-07	0.00e+00	0.00e+00	0.00e+00	0.00e+00	0.00e+00	0.00e+00	8.32e-01	8.21e-02	5.35e-02
 3.33901e+16	9.69e-01	3.15e-02	6.78e-07	0.00e+00	0.00e+00	0.00e+00	0.00e+00	0.00e+00	0.00e+00	8.34e-01	8.16e-02	5.32e-02
 3.34043e+16	9.70e-01	3.02e-02	6.03e-07	0.00e+00	0.00e+00	0.00e+00	0.00e+00	0.00e+00	0.00e+00	8.36e-01	8.12e-02	5.29e-02
 3.34180e+16	9.71e-01	2.90e-02	5.40e-07	0.00e+00	0.00e+00	0.00e+00	0.00e+00	0.00e+00	0.00e+00	8.38e-01	8.08e-02	5.27e-02
 3.34308e+16	9.72e-01	2.79e-02	4.87e-07	0.00e+00	0.00e+00	0.00e+00	0.00e+00	0.00e+00	0.00e+00	8.39e-01	8.04e-02	5.24e-02
 3.34434e+16	9.73e-01	2.70e-02	4.39e-07	0.00e+00	0.00e+00	0.00e+00	0.00e+00	0.00e+00	0.00e+00	8.41e-01	8.00e-02	5.22e-02
 3.34565e+16	9.74e-01	2.59e-02	3.93e-07	0.00e+00	0.00e+00	0.00e+00	0.00e+00	0.00e+00	0.00e+00	8.43e-01	7.96e-02	5.20e-02
 3.34696e+16	9.75e-01	2.48e-02	3.53e-07	0.00e+00	0.00e+00	0.00e+00	0.00e+00	0.00e+00	0.00e+00	8.44e-01	7.92e-02	5.17e-02
 3.34825e+16	9.76e-01	2.39e-02	3.17e-07	0.00e+00	0.00e+00	0.00e+00	0.00e+00	0.00e+00	0.00e+00	8.46e-01	7.89e-02	5.15e-02
 3.34955e+16	9.77e-01	2.29e-02	2.84e-07	0.00e+00	0.00e+00	0.00e+00	0.00e+00	0.00e+00	0.00e+00	8.47e-01	7.85e-02	5.13e-02
 3.35082e+16	9.78e-01	2.20e-02	2.56e-07	0.00e+00	0.00e+00	0.00e+00	0.00e+00	0.00e+00	0.00e+00	8.49e-01	7.81e-02	5.10e-02
 3.35205e+16	9.79e-01	2.11e-02	2.31e-07	0.00e+00	0.00e+00	0.00e+00	0.00e+00	0.00e+00	0.00e+00	8.50e-01	7.78e-02	5.08e-02
 3.35327e+16	9.80e-01	2.03e-02	2.08e-07	0.00e+00	0.00e+00	0.00e+00	0.00e+00	0.00e+00	0.00e+00	8.52e-01	7.74e-02	5.06e-02
 3.35447e+16	9.81e-01	1.94e-02	1.88e-07	0.00e+00	0.00e+00	0.00e+00	0.00e+00	0.00e+00	0.00e+00	8.53e-01	7.71e-02	5.04e-02
 3.35563e+16	9.81e-01	1.87e-02	1.71e-07	0.00e+00	0.00e+00	0.00e+00	0.00e+00	0.00e+00	0.00e+00	8.54e-01	7.68e-02	5.02e-02
 3.35671e+16	9.82e-01	1.80e-02	1.56e-07	0.00e+00	0.00e+00	0.00e+00	0.00e+00	0.00e+00	0.00e+00	8.56e-01	7.65e-02	5.00e-02
 3.35772e+16	9.83e-01	1.73e-02	1.43e-07	0.00e+00	0.00e+00	0.00e+00	0.00e+00	0.00e+00	0.00e+00	8.57e-01	7.62e-02	4.98e-02
 3.35870e+16	9.83e-01	1.67e-02	1.32e-07	0.00e+00	0.00e+00	0.00e+00	0.00e+00	0.00e+00	0.00e+00	8.58e-01	7.59e-02	4.96e-02
 3.35966e+16	9.84e-01	1.61e-02	1.22e-07	0.00e+00	0.00e+00	0.00e+00	0.00e+00	0.00e+00	0.00e+00	8.59e-01	7.56e-02	4.94e-02
 3.36058e+16	9.84e-01	1.56e-02	1.13e-07	0.00e+00	0.00e+00	0.00e+00	0.00e+00	0.00e+00	0.00e+00	8.60e-01	7.53e-02	4.92e-02
 3.36145e+16	9.85e-01	1.50e-02	1.04e-07	0.00e+00	0.00e+00	0.00e+00	0.00e+00	0.00e+00	0.00e+00	8.61e-01	7.50e-02	4.90e-02
 3.36231e+16	9.85e-01	1.45e-02	9.71e-08	0.00e+00	0.00e+00	0.00e+00	0.00e+00	0.00e+00	0.00e+00	8.62e-01	7.47e-02	4.88e-02
 3.36316e+16	9.86e-01	1.40e-02	9.02e-08	0.00e+00	0.00e+00	0.00e+00	0.00e+00	0.00e+00	0.00e+00	8.63e-01	7.44e-02	4.86e-02
 3.36401e+16	9.87e-01	1.35e-02	8.38e-08	0.00e+00	0.00e+00	0.00e+00	0.00e+00	0.00e+00	0.00e+00	8.64e-01	7.41e-02	4.84e-02
 3.36488e+16	9.87e-01	1.29e-02	7.77e-08	0.00e+00	0.00e+00	0.00e+00	0.00e+00	0.00e+00	0.00e+00	8.65e-01	7.38e-02	4.82e-02
 3.36570e+16	9.88e-01	1.24e-02	7.23e-08	0.00e+00	0.00e+00	0.00e+00	0.00e+00	0.00e+00	0.00e+00	8.66e-01	7.35e-02	4.80e-02
 3.36643e+16	9.88e-01	1.20e-02	6.79e-08	0.00e+00	0.00e+00	0.00e+00	0.00e+00	0.00e+00	0.00e+00	8.67e-01	7.32e-02	4.77e-02
 3.36707e+16	9.88e-01	1.16e-02	6.42e-08	0.00e+00	0.00e+00	0.00e+00	0.00e+00	0.00e+00	0.00e+00	8.68e-01	7.29e-02	4.75e-02
 3.36766e+16	9.89e-01	1.13e-02	6.10e-08	0.00e+00	0.00e+00	0.00e+00	0.00e+00	0.00e+00	0.00e+00	8.69e-01	7.26e-02	4.73e-02
 3.36822e+16	9.89e-01	1.10e-02	5.81e-08	0.00e+00	0.00e+00	0.00e+00	0.00e+00	0.00e+00	0.00e+00	8.70e-01	7.24e-02	4.72e-02
 3.36874e+16	9.89e-01	1.07e-02	5.55e-08	0.00e+00	0.00e+00	0.00e+00	0.00e+00	0.00e+00	0.00e+00	8.70e-01	7.21e-02	4.70e-02
 3.36924e+16	9.90e-01	1.04e-02	5.31e-08	0.00e+00	0.00e+00	0.00e+00	0.00e+00	0.00e+00	0.00e+00	8.71e-01	7.19e-02	4.68e-02
 3.36970e+16	9.90e-01	1.01e-02	5.09e-08	0.00e+00	0.00e+00	0.00e+00	0.00e+00	0.00e+00	0.00e+00	8.72e-01	7.16e-02	4.66e-02
 3.37013e+16	9.90e-01	9.84e-03	4.89e-08	0.00e+00	0.00e+00	0.00e+00	0.00e+00	0.00e+00	0.00e+00	8.72e-01	7.14e-02	4.64e-02
 3.37054e+16	9.90e-01	9.60e-03	4.71e-08	0.00e+00	0.00e+00	0.00e+00	0.00e+00	0.00e+00	0.00e+00	8.73e-01	7.12e-02	4.62e-02
 3.37092e+16	9.91e-01	9.37e-03	4.54e-08	0.00e+00	0.00e+00	0.00e+00	0.00e+00	0.00e+00	0.00e+00	8.74e-01	7.09e-02	4.60e-02
 3.37127e+16	9.91e-01	9.17e-03	4.39e-08	0.00e+00	0.00e+00	0.00e+00	0.00e+00	0.00e+00	0.00e+00	8.74e-01	7.07e-02	4.58e-02
 3.37159e+16	9.91e-01	8.99e-03	4.26e-08	0.00e+00	0.00e+00	0.00e+00	0.00e+00	0.00e+00	0.00e+00	8.75e-01	7.05e-02	4.57e-02
 3.37188e+16	9.91e-01	8.82e-03	4.14e-08	0.00e+00	0.00e+00	0.00e+00	0.00e+00	0.00e+00	0.00e+00	8.75e-01	7.03e-02	4.55e-02
 3.37215e+16	9.91e-01	8.67e-03	4.04e-08	0.00e+00	0.00e+00	0.00e+00	0.00e+00	0.00e+00	0.00e+00	8.76e-01	7.01e-02	4.54e-02
 3.37239e+16	9.91e-01	8.54e-03	3.94e-08	0.00e+00	0.00e+00	0.00e+00	0.00e+00	0.00e+00	0.00e+00	8.76e-01	7.00e-02	4.53e-02
 3.37260e+16	9.92e-01	8.42e-03	3.86e-08	0.00e+00	0.00e+00	0.00e+00	0.00e+00	0.00e+00	0.00e+00	8.77e-01	6.98e-02	4.52e-02
 3.37284e+16	9.92e-01	8.29e-03	3.76e-08	0.00e+00	0.00e+00	0.00e+00	0.00e+00	0.00e+00	0.00e+00	8.77e-01	6.96e-02	4.50e-02
 3.37310e+16	9.92e-01	8.14e-03	3.66e-08	0.00e+00	0.00e+00	0.00e+00	0.00e+00	0.00e+00	0.00e+00	8.78e-01	6.94e-02	4.49e-02
 3.37334e+16	9.92e-01	8.01e-03	3.57e-08	0.00e+00	0.00e+00	0.00e+00	0.00e+00	0.00e+00	0.00e+00	8.78e-01	6.92e-02	4.47e-02
 3.37355e+16	9.92e-01	7.90e-03	3.49e-08	0.00e+00	0.00e+00	0.00e+00	0.00e+00	0.00e+00	0.00e+00	8.78e-01	6.90e-02	4.46e-02
 3.37379e+16	9.92e-01	7.77e-03	3.40e-08	0.00e+00	0.00e+00	0.00e+00	0.00e+00	0.00e+00	0.00e+00	8.79e-01	6.89e-02	4.45e-02
 3.37409e+16	9.92e-01	7.59e-03	3.28e-08	0.00e+00	0.00e+00	0.00e+00	0.00e+00	0.00e+00	0.00e+00	8.80e-01	6.85e-02	4.42e-02
 3.37442e+16	9.93e-01	7.40e-03	3.16e-08	0.00e+00	0.00e+00	0.00e+00	0.00e+00	0.00e+00	0.00e+00	8.80e-01	6.82e-02	4.40e-02
