#depth	O	O+	O+2	O+3	O+4	O+5	O+6	O+7	O+8	O[1]	O[2]	O[3]
 2.21164e+12	6.98e-07	1.15e-03	2.29e-01	7.35e-01	3.42e-02	9.45e-07	0.00e+00	0.00e+00	0.00e+00	5.19e-07	1.16e-07	6.40e-08
 1.32698e+13	6.98e-07	1.15e-03	2.30e-01	7.35e-01	3.42e-02	9.42e-07	0.00e+00	0.00e+00	0.00e+00	5.18e-07	1.15e-07	6.40e-08
 5.75026e+13	7.02e-07	1.15e-03	2.31e-01	7.34e-01	3.39e-02	9.32e-07	0.00e+00	0.00e+00	0.00e+00	5.21e-07	1.16e-07	6.44e-08
 2.34434e+14	7.15e-07	1.17e-03	2.35e-01	7.30e-01	3.31e-02	8.99e-07	0.00e+00	0.00e+00	0.00e+00	5.31e-07	1.19e-07	6.56e-08
 5.59987e+14	7.17e-07	1.19e-03	2.42e-01	7.25e-01	3.16e-02	8.42e-07	0.00e+00	0.00e+00	0.00e+00	5.32e-07	1.19e-07	6.59e-08
 9.83206e+14	7.42e-07	1.24e-03	2.52e-01	7.17e-01	2.98e-02	7.71e-07	0.00e+00	0.00e+00	0.00e+00	5.50e-07	1.24e-07	6.84e-08
 1.53339e+15	7.94e-07	1.32e-03	2.67e-01	7.04e-01	2.74e-02	6.80e-07	0.00e+00	0.00e+00	0.00e+00	5.87e-07	1.34e-07	7.33e-08
 2.24863e+15	8.67e-07	1.44e-03	2.87e-01	6.87e-01	2.46e-02	5.79e-07	0.00e+00	0.00e+00	0.00e+00	6.39e-07	1.47e-07	8.03e-08
 3.17844e+15	9.83e-07	1.61e-03	3.15e-01	6.62e-01	2.12e-02	4.66e-07	0.00e+00	0.00e+00	0.00e+00	7.23e-07	1.68e-07	9.14e-08
 4.38720e+15	1.19e-06	1.89e-03	3.59e-01	6.22e-01	1.71e-02	3.43e-07	0.00e+00	0.00e+00	0.00e+00	8.71e-07	2.04e-07	1.11e-07
 5.63922e+15	1.44e-06	2.23e-03	4.12e-01	5.72e-01	1.33e-02	2.41e-07	0.00e+00	0.00e+00	0.00e+00	1.05e-06	2.49e-07	1.35e-07
 6.65487e+15	1.72e-06	2.61e-03	4.65e-01	5.22e-01	1.04e-02	1.73e-07	0.00e+00	0.00e+00	0.00e+00	1.26e-06	3.01e-07	1.62e-07
 7.47797e+15	2.05e-06	3.00e-03	5.15e-01	4.74e-01	8.23e-03	1.27e-07	0.00e+00	0.00e+00	0.00e+00	1.50e-06	3.60e-07	1.93e-07
 8.20275e+15	2.41e-06	3.41e-03	5.64e-01	4.26e-01	6.50e-03	0.00e+00	0.00e+00	0.00e+00	0.00e+00	1.76e-06	4.26e-07	2.28e-07
 8.89135e+15	2.96e-06	3.96e-03	6.18e-01	3.73e-01	4.91e-03	0.00e+00	0.00e+00	0.00e+00	0.00e+00	2.15e-06	5.27e-07	2.81e-07
 9.51393e+15	3.48e-06	4.47e-03	6.69e-01	3.23e-01	3.71e-03	0.00e+00	0.00e+00	0.00e+00	0.00e+00	2.53e-06	6.23e-07	3.31e-07
 1.00766e+16	4.08e-06	5.02e-03	7.16e-01	2.76e-01	2.75e-03	0.00e+00	0.00e+00	0.00e+00	0.00e+00	2.95e-06	7.33e-07	3.88e-07
 1.05964e+16	4.71e-06	5.57e-03	7.60e-01	2.32e-01	2.02e-03	0.00e+00	0.00e+00	0.00e+00	0.00e+00	3.41e-06	8.51e-07	4.50e-07
 1.10576e+16	5.38e-06	6.10e-03	7.98e-01	1.94e-01	1.47e-03	0.00e+00	0.00e+00	0.00e+00	0.00e+00	3.89e-06	9.75e-07	5.14e-07
 1.15668e+16	6.27e-06	6.75e-03	8.38e-01	1.55e-01	9.91e-04	0.00e+00	0.00e+00	0.00e+00	0.00e+00	4.52e-06	1.14e-06	6.00e-07
 1.21348e+16	7.33e-06	7.48e-03	8.76e-01	1.16e-01	6.08e-04	0.00e+00	0.00e+00	0.00e+00	0.00e+00	5.28e-06	1.34e-06	7.04e-07
 1.26828e+16	8.45e-06	8.17e-03	9.06e-01	8.50e-02	3.60e-04	0.00e+00	0.00e+00	0.00e+00	0.00e+00	6.08e-06	1.55e-06	8.13e-07
 1.32986e+16	9.81e-06	8.93e-03	9.33e-01	5.78e-02	1.88e-04	0.00e+00	0.00e+00	0.00e+00	0.00e+00	7.06e-06	1.81e-06	9.46e-07
 1.40992e+16	1.16e-05	9.79e-03	9.56e-01	3.41e-02	7.75e-05	0.00e+00	0.00e+00	0.00e+00	0.00e+00	8.29e-06	2.14e-06	1.12e-06
 1.51399e+16	1.37e-05	1.07e-02	9.72e-01	1.70e-02	2.36e-05	0.00e+00	0.00e+00	0.00e+00	0.00e+00	9.80e-06	2.54e-06	1.32e-06
 1.64929e+16	1.60e-05	1.15e-02	9.81e-01	7.06e-03	5.15e-06	0.00e+00	0.00e+00	0.00e+00	0.00e+00	1.15e-05	2.99e-06	1.55e-06
 1.81205e+16	1.89e-05	1.24e-02	9.85e-01	2.63e-03	8.94e-07	0.00e+00	0.00e+00	0.00e+00	0.00e+00	1.36e-05	3.53e-06	1.83e-06
 1.99326e+16	2.24e-05	1.34e-02	9.86e-01	9.64e-04	1.43e-07	0.00e+00	0.00e+00	0.00e+00	0.00e+00	1.61e-05	4.18e-06	2.17e-06
 2.19258e+16	2.69e-05	1.44e-02	9.85e-01	3.60e-04	0.00e+00	0.00e+00	0.00e+00	0.00e+00	0.00e+00	1.93e-05	5.02e-06	2.61e-06
 2.41184e+16	3.48e-05	1.61e-02	9.84e-01	1.42e-04	0.00e+00	0.00e+00	0.00e+00	0.00e+00	0.00e+00	2.49e-05	6.52e-06	3.37e-06
 2.65302e+16	4.44e-05	1.77e-02	9.82e-01	6.70e-05	0.00e+00	0.00e+00	0.00e+00	0.00e+00	0.00e+00	3.18e-05	8.29e-06	4.29e-06
 2.84909e+16	5.49e-05	1.94e-02	9.81e-01	4.53e-05	0.00e+00	0.00e+00	0.00e+00	0.00e+00	0.00e+00	3.93e-05	1.02e-05	5.30e-06
 2.96404e+16	6.28e-05	2.05e-02	9.79e-01	3.84e-05	0.00e+00	0.00e+00	0.00e+00	0.00e+00	0.00e+00	4.50e-05	1.17e-05	6.07e-06
 3.06805e+16	7.06e-05	2.16e-02	9.78e-01	3.39e-05	0.00e+00	0.00e+00	0.00e+00	0.00e+00	0.00e+00	5.07e-05	1.31e-05	6.81e-06
 3.20327e+16	8.20e-05	2.30e-02	9.77e-01	2.97e-05	0.00e+00	0.00e+00	0.00e+00	0.00e+00	0.00e+00	5.89e-05	1.52e-05	7.90e-06
 3.35273e+16	9.79e-05	2.49e-02	9.75e-01	2.64e-05	0.00e+00	0.00e+00	0.00e+00	0.00e+00	0.00e+00	7.03e-05	1.81e-05	9.41e-06
 3.48437e+16	1.16e-04	2.68e-02	9.73e-01	2.41e-05	0.00e+00	0.00e+00	0.00e+00	0.00e+00	0.00e+00	8.33e-05	2.14e-05	1.11e-05
 3.59320e+16	1.34e-04	2.86e-02	9.71e-01	2.25e-05	0.00e+00	0.00e+00	0.00e+00	0.00e+00	0.00e+00	9.61e-05	2.46e-05	1.28e-05
 3.70876e+16	1.54e-04	3.05e-02	9.69e-01	2.09e-05	0.00e+00	0.00e+00	0.00e+00	0.00e+00	0.00e+00	1.11e-04	2.83e-05	1.48e-05
 3.85898e+16	1.87e-04	3.35e-02	9.66e-01	1.90e-05	0.00e+00	0.00e+00	0.00e+00	0.00e+00	0.00e+00	1.35e-04	3.43e-05	1.79e-05
 4.00620e+16	2.31e-04	3.70e-02	9.63e-01	1.73e-05	0.00e+00	0.00e+00	0.00e+00	0.00e+00	0.00e+00	1.67e-04	4.22e-05	2.21e-05
 4.11190e+16	2.71e-04	3.99e-02	9.60e-01	1.62e-05	0.00e+00	0.00e+00	0.00e+00	0.00e+00	0.00e+00	1.95e-04	4.94e-05	2.58e-05
 4.19697e+16	3.08e-04	4.25e-02	9.57e-01	1.53e-05	0.00e+00	0.00e+00	0.00e+00	0.00e+00	0.00e+00	2.22e-04	5.61e-05	2.93e-05
 4.29281e+16	3.54e-04	4.56e-02	9.54e-01	1.43e-05	0.00e+00	0.00e+00	0.00e+00	0.00e+00	0.00e+00	2.56e-04	6.42e-05	3.37e-05
 4.41740e+16	4.25e-04	4.99e-02	9.50e-01	1.32e-05	0.00e+00	0.00e+00	0.00e+00	0.00e+00	0.00e+00	3.08e-04	7.67e-05	4.03e-05
 4.54672e+16	5.28e-04	5.57e-02	9.44e-01	1.20e-05	0.00e+00	0.00e+00	0.00e+00	0.00e+00	0.00e+00	3.83e-04	9.48e-05	4.99e-05
 4.64789e+16	6.28e-04	6.10e-02	9.38e-01	1.10e-05	0.00e+00	0.00e+00	0.00e+00	0.00e+00	0.00e+00	4.56e-04	1.12e-04	5.93e-05
 4.72943e+16	7.23e-04	6.56e-02	9.34e-01	1.03e-05	0.00e+00	0.00e+00	0.00e+00	0.00e+00	0.00e+00	5.26e-04	1.29e-04	6.82e-05
 4.81974e+16	8.43e-04	7.10e-02	9.28e-01	9.52e-06	0.00e+00	0.00e+00	0.00e+00	0.00e+00	0.00e+00	6.13e-04	1.50e-04	7.94e-05
 4.93714e+16	1.04e-03	7.93e-02	9.20e-01	8.58e-06	0.00e+00	0.00e+00	0.00e+00	0.00e+00	0.00e+00	7.57e-04	1.84e-04	9.76e-05
 5.05589e+16	1.31e-03	8.97e-02	9.09e-01	7.62e-06	0.00e+00	0.00e+00	0.00e+00	0.00e+00	0.00e+00	9.57e-04	2.31e-04	1.23e-04
 5.14651e+16	1.59e-03	9.93e-02	8.99e-01	6.90e-06	0.00e+00	0.00e+00	0.00e+00	0.00e+00	0.00e+00	1.16e-03	2.79e-04	1.49e-04
 5.22013e+16	1.86e-03	1.08e-01	8.90e-01	6.34e-06	0.00e+00	0.00e+00	0.00e+00	0.00e+00	0.00e+00	1.36e-03	3.25e-04	1.73e-04
 5.30157e+16	2.21e-03	1.18e-01	8.79e-01	5.75e-06	0.00e+00	0.00e+00	0.00e+00	0.00e+00	0.00e+00	1.61e-03	3.86e-04	2.06e-04
 5.40744e+16	2.80e-03	1.35e-01	8.63e-01	5.01e-06	0.00e+00	0.00e+00	0.00e+00	0.00e+00	0.00e+00	2.05e-03	4.87e-04	2.60e-04
 5.51198e+16	3.61e-03	1.54e-01	8.42e-01	4.29e-06	0.00e+00	0.00e+00	0.00e+00	0.00e+00	0.00e+00	2.65e-03	6.27e-04	3.35e-04
 5.58737e+16	4.39e-03	1.71e-01	8.24e-01	3.79e-06	0.00e+00	0.00e+00	0.00e+00	0.00e+00	0.00e+00	3.22e-03	7.61e-04	4.07e-04
 5.64649e+16	5.14e-03	1.87e-01	8.08e-01	3.41e-06	0.00e+00	0.00e+00	0.00e+00	0.00e+00	0.00e+00	3.77e-03	8.90e-04	4.76e-04
 5.71185e+16	6.14e-03	2.05e-01	7.89e-01	3.02e-06	0.00e+00	0.00e+00	0.00e+00	0.00e+00	0.00e+00	4.51e-03	1.06e-03	5.68e-04
 5.79683e+16	7.80e-03	2.33e-01	7.59e-01	2.53e-06	0.00e+00	0.00e+00	0.00e+00	0.00e+00	0.00e+00	5.74e-03	1.34e-03	7.22e-04
 5.88027e+16	1.01e-02	2.66e-01	7.24e-01	2.07e-06	0.00e+00	0.00e+00	0.00e+00	0.00e+00	0.00e+00	7.42e-03	1.74e-03	9.32e-04
 5.93982e+16	1.23e-02	2.94e-01	6.93e-01	1.77e-06	0.00e+00	0.00e+00	0.00e+00	0.00e+00	0.00e+00	9.04e-03	2.11e-03	1.13e-03
 5.98619e+16	1.44e-02	3.19e-01	6.67e-01	1.54e-06	0.00e+00	0.00e+00	0.00e+00	0.00e+00	0.00e+00	1.06e-02	2.47e-03	1.33e-03
 6.03730e+16	1.72e-02	3.48e-01	6.35e-01	1.31e-06	0.00e+00	0.00e+00	0.00e+00	0.00e+00	0.00e+00	1.26e-02	2.94e-03	1.58e-03
 6.10374e+16	2.18e-02	3.90e-01	5.88e-01	1.03e-06	0.00e+00	0.00e+00	0.00e+00	0.00e+00	0.00e+00	1.60e-02	3.73e-03	2.01e-03
 6.16911e+16	2.81e-02	4.38e-01	5.34e-01	7.78e-07	0.00e+00	0.00e+00	0.00e+00	0.00e+00	0.00e+00	2.07e-02	4.81e-03	2.59e-03
 6.21613e+16	3.41e-02	4.77e-01	4.89e-01	6.15e-07	0.00e+00	0.00e+00	0.00e+00	0.00e+00	0.00e+00	2.51e-02	5.84e-03	3.14e-03
 6.25320e+16	3.99e-02	5.09e-01	4.51e-01	5.02e-07	0.00e+00	0.00e+00	0.00e+00	0.00e+00	0.00e+00	2.94e-02	6.83e-03	3.68e-03
 6.29427e+16	4.76e-02	5.45e-01	4.07e-01	3.91e-07	0.00e+00	0.00e+00	0.00e+00	0.00e+00	0.00e+00	3.51e-02	8.14e-03	4.38e-03
 6.33722e+16	5.78e-02	5.84e-01	3.58e-01	2.90e-07	0.00e+00	0.00e+00	0.00e+00	0.00e+00	0.00e+00	4.26e-02	9.88e-03	5.32e-03
 6.37150e+16	6.80e-02	6.15e-01	3.17e-01	2.21e-07	0.00e+00	0.00e+00	0.00e+00	0.00e+00	0.00e+00	5.01e-02	1.16e-02	6.25e-03
 6.39845e+16	7.74e-02	6.39e-01	2.84e-01	1.74e-07	0.00e+00	0.00e+00	0.00e+00	0.00e+00	0.00e+00	5.70e-02	1.32e-02	7.12e-03
 6.42696e+16	8.88e-02	6.62e-01	2.49e-01	1.32e-07	0.00e+00	0.00e+00	0.00e+00	0.00e+00	0.00e+00	6.55e-02	1.52e-02	8.17e-03
 6.45793e+16	1.04e-01	6.85e-01	2.11e-01	0.00e+00	0.00e+00	0.00e+00	0.00e+00	0.00e+00	0.00e+00	7.65e-02	1.77e-02	9.55e-03
 6.48430e+16	1.20e-01	7.02e-01	1.79e-01	0.00e+00	0.00e+00	0.00e+00	0.00e+00	0.00e+00	0.00e+00	8.81e-02	2.04e-02	1.10e-02
 6.50536e+16	1.34e-01	7.12e-01	1.55e-01	0.00e+00	0.00e+00	0.00e+00	0.00e+00	0.00e+00	0.00e+00	9.85e-02	2.28e-02	1.23e-02
 6.52728e+16	1.51e-01	7.19e-01	1.31e-01	0.00e+00	0.00e+00	0.00e+00	0.00e+00	0.00e+00	0.00e+00	1.11e-01	2.57e-02	1.38e-02
 6.55079e+16	1.72e-01	7.22e-01	1.06e-01	0.00e+00	0.00e+00	0.00e+00	0.00e+00	0.00e+00	0.00e+00	1.27e-01	2.93e-02	1.58e-02
 6.57052e+16	1.93e-01	7.20e-01	8.73e-02	0.00e+00	0.00e+00	0.00e+00	0.00e+00	0.00e+00	0.00e+00	1.42e-01	3.28e-02	1.77e-02
 6.58649e+16	2.12e-01	7.15e-01	7.33e-02	0.00e+00	0.00e+00	0.00e+00	0.00e+00	0.00e+00	0.00e+00	1.56e-01	3.60e-02	1.94e-02
 6.60346e+16	2.34e-01	7.06e-01	5.99e-02	0.00e+00	0.00e+00	0.00e+00	0.00e+00	0.00e+00	0.00e+00	1.73e-01	3.97e-02	2.15e-02
 6.62180e+16	2.62e-01	6.91e-01	4.68e-02	0.00e+00	0.00e+00	0.00e+00	0.00e+00	0.00e+00	0.00e+00	1.94e-01	4.43e-02	2.40e-02
 6.63736e+16	2.90e-01	6.73e-01	3.70e-02	0.00e+00	0.00e+00	0.00e+00	0.00e+00	0.00e+00	0.00e+00	2.14e-01	4.88e-02	2.65e-02
 6.64997e+16	3.14e-01	6.56e-01	3.01e-02	0.00e+00	0.00e+00	0.00e+00	0.00e+00	0.00e+00	0.00e+00	2.32e-01	5.28e-02	2.86e-02
 6.66335e+16	3.42e-01	6.34e-01	2.37e-02	0.00e+00	0.00e+00	0.00e+00	0.00e+00	0.00e+00	0.00e+00	2.54e-01	5.73e-02	3.11e-02
 6.67792e+16	3.77e-01	6.05e-01	1.77e-02	0.00e+00	0.00e+00	0.00e+00	0.00e+00	0.00e+00	0.00e+00	2.80e-01	6.27e-02	3.42e-02
 6.69043e+16	4.10e-01	5.76e-01	1.35e-02	0.00e+00	0.00e+00	0.00e+00	0.00e+00	0.00e+00	0.00e+00	3.05e-01	6.79e-02	3.71e-02
 6.70063e+16	4.39e-01	5.50e-01	1.05e-02	0.00e+00	0.00e+00	0.00e+00	0.00e+00	0.00e+00	0.00e+00	3.27e-01	7.23e-02	3.96e-02
 6.71007e+16	4.68e-01	5.24e-01	8.24e-03	0.00e+00	0.00e+00	0.00e+00	0.00e+00	0.00e+00	0.00e+00	3.49e-01	7.65e-02	4.20e-02
 6.71936e+16	4.98e-01	4.96e-01	6.36e-03	0.00e+00	0.00e+00	0.00e+00	0.00e+00	0.00e+00	0.00e+00	3.72e-01	8.09e-02	4.45e-02
 6.72780e+16	5.27e-01	4.68e-01	4.92e-03	0.00e+00	0.00e+00	0.00e+00	0.00e+00	0.00e+00	0.00e+00	3.95e-01	8.49e-02	4.69e-02
 6.73491e+16	5.52e-01	4.44e-01	3.92e-03	0.00e+00	0.00e+00	0.00e+00	0.00e+00	0.00e+00	0.00e+00	4.15e-01	8.83e-02	4.89e-02
 6.74103e+16	5.74e-01	4.22e-01	3.18e-03	0.00e+00	0.00e+00	0.00e+00	0.00e+00	0.00e+00	0.00e+00	4.32e-01	9.12e-02	5.07e-02
 6.74669e+16	5.96e-01	4.02e-01	2.60e-03	0.00e+00	0.00e+00	0.00e+00	0.00e+00	0.00e+00	0.00e+00	4.49e-01	9.39e-02	5.23e-02
 6.75116e+16	6.12e-01	3.85e-01	2.20e-03	0.00e+00	0.00e+00	0.00e+00	0.00e+00	0.00e+00	0.00e+00	4.63e-01	9.59e-02	5.36e-02
 6.75411e+16	6.23e-01	3.75e-01	1.98e-03	0.00e+00	0.00e+00	0.00e+00	0.00e+00	0.00e+00	0.00e+00	4.71e-01	9.70e-02	5.43e-02
 6.75685e+16	6.33e-01	3.65e-01	1.77e-03	0.00e+00	0.00e+00	0.00e+00	0.00e+00	0.00e+00	0.00e+00	4.80e-01	9.82e-02	5.51e-02
 6.76005e+16	6.46e-01	3.53e-01	1.55e-03	0.00e+00	0.00e+00	0.00e+00	0.00e+00	0.00e+00	0.00e+00	4.90e-01	9.96e-02	5.59e-02
 6.76346e+16	6.59e-01	3.40e-01	1.35e-03	0.00e+00	0.00e+00	0.00e+00	0.00e+00	0.00e+00	0.00e+00	5.01e-01	1.01e-01	5.68e-02
 6.76661e+16	6.72e-01	3.27e-01	1.17e-03	0.00e+00	0.00e+00	0.00e+00	0.00e+00	0.00e+00	0.00e+00	5.12e-01	1.02e-01	5.77e-02
 6.76945e+16	6.83e-01	3.16e-01	1.04e-03	0.00e+00	0.00e+00	0.00e+00	0.00e+00	0.00e+00	0.00e+00	5.21e-01	1.03e-01	5.84e-02
 6.77220e+16	6.94e-01	3.05e-01	9.13e-04	0.00e+00	0.00e+00	0.00e+00	0.00e+00	0.00e+00	0.00e+00	5.30e-01	1.04e-01	5.91e-02
 6.77500e+16	7.05e-01	2.94e-01	8.00e-04	0.00e+00	0.00e+00	0.00e+00	0.00e+00	0.00e+00	0.00e+00	5.40e-01	1.05e-01	5.98e-02
 6.77780e+16	7.16e-01	2.83e-01	6.98e-04	0.00e+00	0.00e+00	0.00e+00	0.00e+00	0.00e+00	0.00e+00	5.49e-01	1.06e-01	6.04e-02
 6.78050e+16	7.27e-01	2.73e-01	6.10e-04	0.00e+00	0.00e+00	0.00e+00	0.00e+00	0.00e+00	0.00e+00	5.59e-01	1.07e-01	6.10e-02
 6.78310e+16	7.37e-01	2.62e-01	5.34e-04	0.00e+00	0.00e+00	0.00e+00	0.00e+00	0.00e+00	0.00e+00	5.68e-01	1.08e-01	6.16e-02
 6.78563e+16	7.47e-01	2.53e-01	4.68e-04	0.00e+00	0.00e+00	0.00e+00	0.00e+00	0.00e+00	0.00e+00	5.76e-01	1.08e-01	6.21e-02
 6.78814e+16	7.57e-01	2.43e-01	4.09e-04	0.00e+00	0.00e+00	0.00e+00	0.00e+00	0.00e+00	0.00e+00	5.85e-01	1.09e-01	6.26e-02
 6.79061e+16	7.66e-01	2.33e-01	3.57e-04	0.00e+00	0.00e+00	0.00e+00	0.00e+00	0.00e+00	0.00e+00	5.94e-01	1.10e-01	6.31e-02
 6.79302e+16	7.76e-01	2.24e-01	3.11e-04	0.00e+00	0.00e+00	0.00e+00	0.00e+00	0.00e+00	0.00e+00	6.02e-01	1.10e-01	6.35e-02
 6.79537e+16	7.85e-01	2.15e-01	2.72e-04	0.00e+00	0.00e+00	0.00e+00	0.00e+00	0.00e+00	0.00e+00	6.10e-01	1.11e-01	6.39e-02
 6.79768e+16	7.94e-01	2.06e-01	2.37e-04	0.00e+00	0.00e+00	0.00e+00	0.00e+00	0.00e+00	0.00e+00	6.18e-01	1.11e-01	6.43e-02
 6.79995e+16	8.02e-01	1.98e-01	2.06e-04	0.00e+00	0.00e+00	0.00e+00	0.00e+00	0.00e+00	0.00e+00	6.26e-01	1.11e-01	6.46e-02
 6.80217e+16	8.10e-01	1.90e-01	1.80e-04	0.00e+00	0.00e+00	0.00e+00	0.00e+00	0.00e+00	0.00e+00	6.34e-01	1.12e-01	6.49e-02
 6.80435e+16	8.18e-01	1.82e-01	1.56e-04	0.00e+00	0.00e+00	0.00e+00	0.00e+00	0.00e+00	0.00e+00	6.41e-01	1.12e-01	6.51e-02
 6.80649e+16	8.26e-01	1.74e-01	1.36e-04	0.00e+00	0.00e+00	0.00e+00	0.00e+00	0.00e+00	0.00e+00	6.48e-01	1.12e-01	6.54e-02
 6.80859e+16	8.33e-01	1.67e-01	1.18e-04	0.00e+00	0.00e+00	0.00e+00	0.00e+00	0.00e+00	0.00e+00	6.55e-01	1.12e-01	6.56e-02
 6.81065e+16	8.41e-01	1.59e-01	1.03e-04	0.00e+00	0.00e+00	0.00e+00	0.00e+00	0.00e+00	0.00e+00	6.62e-01	1.12e-01	6.57e-02
 6.81268e+16	8.47e-01	1.52e-01	8.94e-05	0.00e+00	0.00e+00	0.00e+00	0.00e+00	0.00e+00	0.00e+00	6.69e-01	1.12e-01	6.59e-02
 6.81467e+16	8.54e-01	1.46e-01	7.76e-05	0.00e+00	0.00e+00	0.00e+00	0.00e+00	0.00e+00	0.00e+00	6.76e-01	1.12e-01	6.60e-02
 6.81662e+16	8.61e-01	1.39e-01	6.74e-05	0.00e+00	0.00e+00	0.00e+00	0.00e+00	0.00e+00	0.00e+00	6.82e-01	1.12e-01	6.61e-02
 6.81854e+16	8.67e-01	1.33e-01	5.85e-05	0.00e+00	0.00e+00	0.00e+00	0.00e+00	0.00e+00	0.00e+00	6.88e-01	1.12e-01	6.61e-02
 6.82041e+16	8.73e-01	1.27e-01	5.08e-05	0.00e+00	0.00e+00	0.00e+00	0.00e+00	0.00e+00	0.00e+00	6.94e-01	1.12e-01	6.62e-02
 6.82223e+16	8.78e-01	1.22e-01	4.42e-05	0.00e+00	0.00e+00	0.00e+00	0.00e+00	0.00e+00	0.00e+00	7.00e-01	1.12e-01	6.62e-02
 6.82399e+16	8.84e-01	1.16e-01	3.86e-05	0.00e+00	0.00e+00	0.00e+00	0.00e+00	0.00e+00	0.00e+00	7.05e-01	1.12e-01	6.62e-02
 6.82573e+16	8.89e-01	1.11e-01	3.35e-05	0.00e+00	0.00e+00	0.00e+00	0.00e+00	0.00e+00	0.00e+00	7.10e-01	1.12e-01	6.62e-02
 6.82742e+16	8.94e-01	1.06e-01	2.93e-05	0.00e+00	0.00e+00	0.00e+00	0.00e+00	0.00e+00	0.00e+00	7.15e-01	1.12e-01	6.62e-02
 6.82905e+16	8.98e-01	1.02e-01	2.56e-05	0.00e+00	0.00e+00	0.00e+00	0.00e+00	0.00e+00	0.00e+00	7.20e-01	1.12e-01	6.62e-02
 6.83064e+16	9.02e-01	9.76e-02	2.24e-05	0.00e+00	0.00e+00	0.00e+00	0.00e+00	0.00e+00	0.00e+00	7.24e-01	1.12e-01	6.61e-02
 6.83219e+16	9.07e-01	9.34e-02	1.96e-05	0.00e+00	0.00e+00	0.00e+00	0.00e+00	0.00e+00	0.00e+00	7.29e-01	1.12e-01	6.61e-02
 6.83371e+16	9.11e-01	8.94e-02	1.72e-05	0.00e+00	0.00e+00	0.00e+00	0.00e+00	0.00e+00	0.00e+00	7.33e-01	1.12e-01	6.60e-02
 6.83520e+16	9.14e-01	8.56e-02	1.51e-05	0.00e+00	0.00e+00	0.00e+00	0.00e+00	0.00e+00	0.00e+00	7.37e-01	1.12e-01	6.59e-02
 6.83665e+16	9.18e-01	8.20e-02	1.33e-05	0.00e+00	0.00e+00	0.00e+00	0.00e+00	0.00e+00	0.00e+00	7.41e-01	1.11e-01	6.58e-02
 6.83805e+16	9.21e-01	7.86e-02	1.16e-05	0.00e+00	0.00e+00	0.00e+00	0.00e+00	0.00e+00	0.00e+00	7.44e-01	1.11e-01	6.58e-02
 6.83943e+16	9.25e-01	7.53e-02	1.03e-05	0.00e+00	0.00e+00	0.00e+00	0.00e+00	0.00e+00	0.00e+00	7.48e-01	1.11e-01	6.57e-02
 6.84079e+16	9.28e-01	7.22e-02	9.02e-06	0.00e+00	0.00e+00	0.00e+00	0.00e+00	0.00e+00	0.00e+00	7.51e-01	1.11e-01	6.57e-02
 6.84212e+16	9.31e-01	6.92e-02	7.97e-06	0.00e+00	0.00e+00	0.00e+00	0.00e+00	0.00e+00	0.00e+00	7.54e-01	1.11e-01	6.56e-02
 6.84341e+16	9.34e-01	6.63e-02	7.02e-06	0.00e+00	0.00e+00	0.00e+00	0.00e+00	0.00e+00	0.00e+00	7.57e-01	1.11e-01	6.55e-02
 6.84467e+16	9.36e-01	6.36e-02	6.21e-06	0.00e+00	0.00e+00	0.00e+00	0.00e+00	0.00e+00	0.00e+00	7.60e-01	1.11e-01	6.54e-02
 6.84591e+16	9.39e-01	6.10e-02	5.48e-06	0.00e+00	0.00e+00	0.00e+00	0.00e+00	0.00e+00	0.00e+00	7.63e-01	1.11e-01	6.54e-02
 6.84713e+16	9.42e-01	5.85e-02	4.85e-06	0.00e+00	0.00e+00	0.00e+00	0.00e+00	0.00e+00	0.00e+00	7.65e-01	1.11e-01	6.53e-02
 6.84831e+16	9.44e-01	5.61e-02	4.30e-06	0.00e+00	0.00e+00	0.00e+00	0.00e+00	0.00e+00	0.00e+00	7.68e-01	1.11e-01	6.52e-02
 6.84948e+16	9.46e-01	5.38e-02	3.80e-06	0.00e+00	0.00e+00	0.00e+00	0.00e+00	0.00e+00	0.00e+00	7.70e-01	1.11e-01	6.52e-02
 6.85063e+16	9.48e-01	5.16e-02	3.36e-06	0.00e+00	0.00e+00	0.00e+00	0.00e+00	0.00e+00	0.00e+00	7.72e-01	1.11e-01	6.51e-02
 6.85174e+16	9.50e-01	4.96e-02	2.98e-06	0.00e+00	0.00e+00	0.00e+00	0.00e+00	0.00e+00	0.00e+00	7.74e-01	1.11e-01	6.51e-02
 6.85282e+16	9.52e-01	4.76e-02	2.66e-06	0.00e+00	0.00e+00	0.00e+00	0.00e+00	0.00e+00	0.00e+00	7.76e-01	1.11e-01	6.50e-02
 6.85389e+16	9.54e-01	4.57e-02	2.36e-06	0.00e+00	0.00e+00	0.00e+00	0.00e+00	0.00e+00	0.00e+00	7.78e-01	1.11e-01	6.49e-02
 6.85495e+16	9.56e-01	4.38e-02	2.09e-06	0.00e+00	0.00e+00	0.00e+00	0.00e+00	0.00e+00	0.00e+00	7.80e-01	1.11e-01	6.48e-02
 6.85599e+16	9.58e-01	4.20e-02	1.86e-06	0.00e+00	0.00e+00	0.00e+00	0.00e+00	0.00e+00	0.00e+00	7.82e-01	1.11e-01	6.48e-02
 6.85699e+16	9.60e-01	4.04e-02	1.66e-06	0.00e+00	0.00e+00	0.00e+00	0.00e+00	0.00e+00	0.00e+00	7.83e-01	1.12e-01	6.47e-02
 6.85797e+16	9.61e-01	3.88e-02	1.48e-06	0.00e+00	0.00e+00	0.00e+00	0.00e+00	0.00e+00	0.00e+00	7.85e-01	1.12e-01	6.46e-02
 6.85894e+16	9.63e-01	3.72e-02	1.31e-06	0.00e+00	0.00e+00	0.00e+00	0.00e+00	0.00e+00	0.00e+00	7.86e-01	1.12e-01	6.46e-02
 6.85989e+16	9.64e-01	3.57e-02	1.17e-06	0.00e+00	0.00e+00	0.00e+00	0.00e+00	0.00e+00	0.00e+00	7.88e-01	1.12e-01	6.46e-02
 6.86082e+16	9.66e-01	3.43e-02	1.04e-06	0.00e+00	0.00e+00	0.00e+00	0.00e+00	0.00e+00	0.00e+00	7.89e-01	1.12e-01	6.45e-02
 6.86172e+16	9.67e-01	3.29e-02	9.32e-07	0.00e+00	0.00e+00	0.00e+00	0.00e+00	0.00e+00	0.00e+00	7.90e-01	1.13e-01	6.45e-02
 6.86261e+16	9.68e-01	3.16e-02	8.33e-07	0.00e+00	0.00e+00	0.00e+00	0.00e+00	0.00e+00	0.00e+00	7.91e-01	1.13e-01	6.45e-02
 6.86347e+16	9.70e-01	3.03e-02	7.44e-07	0.00e+00	0.00e+00	0.00e+00	0.00e+00	0.00e+00	0.00e+00	7.92e-01	1.13e-01	6.45e-02
 6.86432e+16	9.71e-01	2.91e-02	6.65e-07	0.00e+00	0.00e+00	0.00e+00	0.00e+00	0.00e+00	0.00e+00	7.93e-01	1.14e-01	6.45e-02
 6.86514e+16	9.72e-01	2.80e-02	5.95e-07	0.00e+00	0.00e+00	0.00e+00	0.00e+00	0.00e+00	0.00e+00	7.93e-01	1.14e-01	6.45e-02
 6.86595e+16	9.73e-01	2.68e-02	5.32e-07	0.00e+00	0.00e+00	0.00e+00	0.00e+00	0.00e+00	0.00e+00	7.94e-01	1.15e-01	6.46e-02
 6.86673e+16	9.74e-01	2.58e-02	4.77e-07	0.00e+00	0.00e+00	0.00e+00	0.00e+00	0.00e+00	0.00e+00	7.95e-01	1.15e-01	6.46e-02
 6.86750e+16	9.75e-01	2.47e-02	4.27e-07	0.00e+00	0.00e+00	0.00e+00	0.00e+00	0.00e+00	0.00e+00	7.95e-01	1.15e-01	6.47e-02
 6.86825e+16	9.76e-01	2.37e-02	3.83e-07	0.00e+00	0.00e+00	0.00e+00	0.00e+00	0.00e+00	0.00e+00	7.96e-01	1.16e-01	6.47e-02
 6.86898e+16	9.77e-01	2.28e-02	3.43e-07	0.00e+00	0.00e+00	0.00e+00	0.00e+00	0.00e+00	0.00e+00	7.96e-01	1.17e-01	6.48e-02
 6.86968e+16	9.78e-01	2.18e-02	3.08e-07	0.00e+00	0.00e+00	0.00e+00	0.00e+00	0.00e+00	0.00e+00	7.96e-01	1.17e-01	6.49e-02
 6.87036e+16	9.79e-01	2.09e-02	2.76e-07	0.00e+00	0.00e+00	0.00e+00	0.00e+00	0.00e+00	0.00e+00	7.96e-01	1.18e-01	6.50e-02
 6.87100e+16	9.80e-01	2.01e-02	2.49e-07	0.00e+00	0.00e+00	0.00e+00	0.00e+00	0.00e+00	0.00e+00	7.96e-01	1.19e-01	6.52e-02
 6.87159e+16	9.81e-01	1.94e-02	2.26e-07	0.00e+00	0.00e+00	0.00e+00	0.00e+00	0.00e+00	0.00e+00	7.96e-01	1.19e-01	6.53e-02
 6.87213e+16	9.81e-01	1.87e-02	2.06e-07	0.00e+00	0.00e+00	0.00e+00	0.00e+00	0.00e+00	0.00e+00	7.96e-01	1.20e-01	6.54e-02
 6.87262e+16	9.82e-01	1.81e-02	1.89e-07	0.00e+00	0.00e+00	0.00e+00	0.00e+00	0.00e+00	0.00e+00	7.95e-01	1.21e-01	6.56e-02
 6.87307e+16	9.82e-01	1.75e-02	1.75e-07	0.00e+00	0.00e+00	0.00e+00	0.00e+00	0.00e+00	0.00e+00	7.95e-01	1.22e-01	6.57e-02
 6.87349e+16	9.83e-01	1.70e-02	1.62e-07	0.00e+00	0.00e+00	0.00e+00	0.00e+00	0.00e+00	0.00e+00	7.95e-01	1.23e-01	6.59e-02
 6.87389e+16	9.84e-01	1.65e-02	1.50e-07	0.00e+00	0.00e+00	0.00e+00	0.00e+00	0.00e+00	0.00e+00	7.94e-01	1.23e-01	6.60e-02
 6.87426e+16	9.84e-01	1.60e-02	1.39e-07	0.00e+00	0.00e+00	0.00e+00	0.00e+00	0.00e+00	0.00e+00	7.94e-01	1.24e-01	6.62e-02
 6.87460e+16	9.84e-01	1.56e-02	1.30e-07	0.00e+00	0.00e+00	0.00e+00	0.00e+00	0.00e+00	0.00e+00	7.93e-01	1.25e-01	6.64e-02
 6.87491e+16	9.85e-01	1.52e-02	1.22e-07	0.00e+00	0.00e+00	0.00e+00	0.00e+00	0.00e+00	0.00e+00	7.93e-01	1.26e-01	6.65e-02
 6.87519e+16	9.85e-01	1.48e-02	1.15e-07	0.00e+00	0.00e+00	0.00e+00	0.00e+00	0.00e+00	0.00e+00	7.92e-01	1.26e-01	6.67e-02
 6.87546e+16	9.86e-01	1.44e-02	1.08e-07	0.00e+00	0.00e+00	0.00e+00	0.00e+00	0.00e+00	0.00e+00	7.92e-01	1.27e-01	6.68e-02
 6.87570e+16	9.86e-01	1.41e-02	1.03e-07	0.00e+00	0.00e+00	0.00e+00	0.00e+00	0.00e+00	0.00e+00	7.91e-01	1.28e-01	6.70e-02
 6.87593e+16	9.86e-01	1.38e-02	9.71e-08	0.00e+00	0.00e+00	0.00e+00	0.00e+00	0.00e+00	0.00e+00	7.90e-01	1.29e-01	6.72e-02
 6.87615e+16	9.87e-01	1.35e-02	9.23e-08	0.00e+00	0.00e+00	0.00e+00	0.00e+00	0.00e+00	0.00e+00	7.90e-01	1.30e-01	6.73e-02
 6.87634e+16	9.87e-01	1.32e-02	8.82e-08	0.00e+00	0.00e+00	0.00e+00	0.00e+00	0.00e+00	0.00e+00	7.89e-01	1.30e-01	6.74e-02
 6.87654e+16	9.87e-01	1.29e-02	8.34e-08	0.00e+00	0.00e+00	0.00e+00	0.00e+00	0.00e+00	0.00e+00	7.88e-01	1.31e-01	6.77e-02
 6.87672e+16	9.87e-01	1.26e-02	7.94e-08	0.00e+00	0.00e+00	0.00e+00	0.00e+00	0.00e+00	0.00e+00	7.88e-01	1.32e-01	6.78e-02
 6.87687e+16	9.88e-01	1.24e-02	7.65e-08	0.00e+00	0.00e+00	0.00e+00	0.00e+00	0.00e+00	0.00e+00	7.87e-01	1.33e-01	6.79e-02
 6.87702e+16	9.88e-01	1.21e-02	7.29e-08	0.00e+00	0.00e+00	0.00e+00	0.00e+00	0.00e+00	0.00e+00	7.86e-01	1.34e-01	6.81e-02
 6.87716e+16	9.88e-01	1.19e-02	7.02e-08	0.00e+00	0.00e+00	0.00e+00	0.00e+00	0.00e+00	0.00e+00	7.86e-01	1.34e-01	6.83e-02
 6.87729e+16	9.88e-01	1.17e-02	6.70e-08	0.00e+00	0.00e+00	0.00e+00	0.00e+00	0.00e+00	0.00e+00	7.85e-01	1.35e-01	6.85e-02
 6.87741e+16	9.89e-01	1.15e-02	6.48e-08	0.00e+00	0.00e+00	0.00e+00	0.00e+00	0.00e+00	0.00e+00	7.84e-01	1.36e-01	6.86e-02
 6.87752e+16	9.89e-01	1.13e-02	6.21e-08	0.00e+00	0.00e+00	0.00e+00	0.00e+00	0.00e+00	0.00e+00	7.83e-01	1.37e-01	6.88e-02
 6.87762e+16	9.89e-01	1.11e-02	6.03e-08	0.00e+00	0.00e+00	0.00e+00	0.00e+00	0.00e+00	0.00e+00	7.83e-01	1.37e-01	6.89e-02
 6.87771e+16	9.89e-01	1.09e-02	5.79e-08	0.00e+00	0.00e+00	0.00e+00	0.00e+00	0.00e+00	0.00e+00	7.82e-01	1.38e-01	6.91e-02
 6.87780e+16	9.89e-01	1.07e-02	5.62e-08	0.00e+00	0.00e+00	0.00e+00	0.00e+00	0.00e+00	0.00e+00	7.81e-01	1.39e-01	6.92e-02
 6.87788e+16	9.89e-01	1.05e-02	5.41e-08	0.00e+00	0.00e+00	0.00e+00	0.00e+00	0.00e+00	0.00e+00	7.80e-01	1.40e-01	6.94e-02
 6.87796e+16	9.90e-01	1.04e-02	5.26e-08	0.00e+00	0.00e+00	0.00e+00	0.00e+00	0.00e+00	0.00e+00	7.80e-01	1.40e-01	6.95e-02
 6.87803e+16	9.90e-01	1.02e-02	5.06e-08	0.00e+00	0.00e+00	0.00e+00	0.00e+00	0.00e+00	0.00e+00	7.79e-01	1.42e-01	6.97e-02
 6.87810e+16	9.90e-01	1.00e-02	4.92e-08	0.00e+00	0.00e+00	0.00e+00	0.00e+00	0.00e+00	0.00e+00	7.78e-01	1.42e-01	6.98e-02
 6.87817e+16	9.90e-01	9.83e-03	4.72e-08	0.00e+00	0.00e+00	0.00e+00	0.00e+00	0.00e+00	0.00e+00	7.77e-01	1.43e-01	7.01e-02
 6.87824e+16	9.90e-01	9.64e-03	4.54e-08	0.00e+00	0.00e+00	0.00e+00	0.00e+00	0.00e+00	0.00e+00	7.76e-01	1.44e-01	7.03e-02
 6.87831e+16	9.91e-01	9.43e-03	4.36e-08	0.00e+00	0.00e+00	0.00e+00	0.00e+00	0.00e+00	0.00e+00	7.74e-01	1.46e-01	7.05e-02
 6.87838e+16	9.91e-01	9.21e-03	4.17e-08	0.00e+00	0.00e+00	0.00e+00	0.00e+00	0.00e+00	0.00e+00	7.73e-01	1.47e-01	7.08e-02
 6.87845e+16	9.91e-01	8.97e-03	3.97e-08	0.00e+00	0.00e+00	0.00e+00	0.00e+00	0.00e+00	0.00e+00	7.72e-01	1.48e-01	7.10e-02
 6.87852e+16	9.91e-01	8.65e-03	3.71e-08	0.00e+00	0.00e+00	0.00e+00	0.00e+00	0.00e+00	0.00e+00	7.69e-01	1.51e-01	7.15e-02
 6.87859e+16	9.92e-01	8.31e-03	3.45e-08	0.00e+00	0.00e+00	0.00e+00	0.00e+00	0.00e+00	0.00e+00	7.67e-01	1.53e-01	7.19e-02
 6.87865e+16	9.92e-01	7.81e-03	3.09e-08	0.00e+00	0.00e+00	0.00e+00	0.00e+00	0.00e+00	0.00e+00	7.63e-01	1.57e-01	7.26e-02
 6.87872e+16	9.96e-01	3.98e-03	9.24e-09	0.00e+00	0.00e+00	0.00e+00	0.00e+00	0.00e+00	0.00e+00	7.22e-01	1.97e-01	7.73e-02
