#depth	He	He+	He+2
 2.21164e+12	6.61e-05	1.15e-01	8.85e-01
 1.32698e+13	6.62e-05	1.15e-01	8.85e-01
 5.75026e+13	6.65e-05	1.15e-01	8.85e-01
 2.34434e+14	6.77e-05	1.17e-01	8.83e-01
 5.59987e+14	6.90e-05	1.18e-01	8.82e-01
 9.83206e+14	7.16e-05	1.21e-01	8.79e-01
 1.53339e+15	7.63e-05	1.25e-01	8.74e-01
 2.24863e+15	8.30e-05	1.33e-01	8.67e-01
 3.17844e+15	9.37e-05	1.45e-01	8.55e-01
 4.38720e+15	1.12e-04	1.65e-01	8.34e-01
 5.63922e+15	1.37e-04	1.93e-01	8.07e-01
 6.65487e+15	1.67e-04	2.25e-01	7.75e-01
 7.47797e+15	2.00e-04	2.60e-01	7.40e-01
 8.20275e+15	2.37e-04	2.98e-01	7.02e-01
 8.89135e+15	2.87e-04	3.46e-01	6.54e-01
 9.51393e+15	3.41e-04	3.97e-01	6.02e-01
 1.00766e+16	4.00e-04	4.53e-01	5.47e-01
 1.05964e+16	4.65e-04	5.11e-01	4.88e-01
 1.10576e+16	5.32e-04	5.68e-01	4.31e-01
 1.15668e+16	6.14e-04	6.35e-01	3.64e-01
 1.21348e+16	7.10e-04	7.10e-01	2.90e-01
 1.26828e+16	8.04e-04	7.77e-01	2.22e-01
 1.32986e+16	9.03e-04	8.42e-01	1.57e-01
 1.40992e+16	1.01e-03	9.03e-01	9.59e-02
 1.51399e+16	1.12e-03	9.50e-01	4.84e-02
 1.64929e+16	1.20e-03	9.79e-01	2.01e-02
 1.81205e+16	1.28e-03	9.91e-01	7.38e-03
 1.99326e+16	1.35e-03	9.96e-01	2.64e-03
 2.19258e+16	1.42e-03	9.98e-01	9.31e-04
 2.41184e+16	1.53e-03	9.98e-01	3.17e-04
 2.65302e+16	1.63e-03	9.98e-01	1.05e-04
 2.84909e+16	1.71e-03	9.98e-01	4.76e-05
 2.96404e+16	1.77e-03	9.98e-01	3.10e-05
 3.06805e+16	1.82e-03	9.98e-01	2.09e-05
 3.20327e+16	1.89e-03	9.98e-01	1.29e-05
 3.35273e+16	1.97e-03	9.98e-01	8.00e-06
 3.48437e+16	2.06e-03	9.98e-01	5.44e-06
 3.59320e+16	2.13e-03	9.98e-01	4.02e-06
 3.70876e+16	2.21e-03	9.98e-01	2.95e-06
 3.85898e+16	2.32e-03	9.98e-01	2.02e-06
 4.00620e+16	2.44e-03	9.98e-01	1.47e-06
 4.11190e+16	2.55e-03	9.97e-01	1.18e-06
 4.19697e+16	2.64e-03	9.97e-01	9.96e-07
 4.29281e+16	2.74e-03	9.97e-01	8.23e-07
 4.41740e+16	2.88e-03	9.97e-01	6.51e-07
 4.54672e+16	3.06e-03	9.97e-01	5.21e-07
 4.64789e+16	3.21e-03	9.97e-01	4.44e-07
 4.72943e+16	3.34e-03	9.97e-01	3.90e-07
 4.81974e+16	3.49e-03	9.97e-01	3.38e-07
 4.93714e+16	3.72e-03	9.96e-01	2.82e-07
 5.05589e+16	3.99e-03	9.96e-01	2.39e-07
 5.14651e+16	4.23e-03	9.96e-01	2.12e-07
 5.22013e+16	4.44e-03	9.96e-01	1.91e-07
 5.30157e+16	4.70e-03	9.95e-01	1.71e-07
 5.40744e+16	5.08e-03	9.95e-01	1.48e-07
 5.51198e+16	5.52e-03	9.94e-01	1.30e-07
 5.58737e+16	5.91e-03	9.94e-01	1.19e-07
 5.64649e+16	6.25e-03	9.94e-01	1.10e-07
 5.71185e+16	6.66e-03	9.93e-01	1.01e-07
 5.79683e+16	7.28e-03	9.93e-01	9.07e-08
 5.88027e+16	8.02e-03	9.92e-01	8.22e-08
 5.93982e+16	8.67e-03	9.91e-01	7.66e-08
 5.98619e+16	9.24e-03	9.91e-01	7.22e-08
 6.03730e+16	9.96e-03	9.90e-01	6.75e-08
 6.10374e+16	1.10e-02	9.89e-01	6.18e-08
 6.16911e+16	1.24e-02	9.88e-01	5.71e-08
 6.21613e+16	1.36e-02	9.86e-01	5.38e-08
 6.25320e+16	1.47e-02	9.85e-01	5.12e-08
 6.29427e+16	1.61e-02	9.84e-01	4.83e-08
 6.33722e+16	1.79e-02	9.82e-01	4.55e-08
 6.37150e+16	1.96e-02	9.80e-01	4.34e-08
 6.39845e+16	2.12e-02	9.79e-01	4.18e-08
 6.42696e+16	2.32e-02	9.77e-01	4.00e-08
 6.45793e+16	2.57e-02	9.74e-01	3.81e-08
 6.48430e+16	2.84e-02	9.72e-01	3.66e-08
 6.50536e+16	3.08e-02	9.69e-01	3.54e-08
 6.52728e+16	3.39e-02	9.66e-01	3.40e-08
 6.55079e+16	3.78e-02	9.62e-01	3.27e-08
 6.57052e+16	4.17e-02	9.58e-01	3.16e-08
 6.58649e+16	4.55e-02	9.54e-01	3.07e-08
 6.60346e+16	5.03e-02	9.50e-01	2.97e-08
 6.62180e+16	5.64e-02	9.44e-01	2.87e-08
 6.63736e+16	6.27e-02	9.37e-01	2.79e-08
 6.64997e+16	6.88e-02	9.31e-01	2.72e-08
 6.66335e+16	7.64e-02	9.24e-01	2.64e-08
 6.67792e+16	8.62e-02	9.14e-01	2.57e-08
 6.69043e+16	9.65e-02	9.03e-01	2.51e-08
 6.70063e+16	1.07e-01	8.93e-01	2.46e-08
 6.71007e+16	1.18e-01	8.82e-01	2.41e-08
 6.71936e+16	1.30e-01	8.70e-01	2.38e-08
 6.72780e+16	1.43e-01	8.57e-01	2.34e-08
 6.73491e+16	1.55e-01	8.45e-01	2.31e-08
 6.74103e+16	1.68e-01	8.32e-01	2.29e-08
 6.74669e+16	1.80e-01	8.20e-01	2.27e-08
 6.75116e+16	1.91e-01	8.09e-01	2.25e-08
 6.75411e+16	1.98e-01	8.02e-01	2.25e-08
 6.75685e+16	2.06e-01	7.94e-01	2.23e-08
 6.76005e+16	2.16e-01	7.84e-01	2.22e-08
 6.76346e+16	2.26e-01	7.74e-01	2.21e-08
 6.76661e+16	2.36e-01	7.64e-01	2.20e-08
 6.76945e+16	2.46e-01	7.54e-01	2.19e-08
 6.77220e+16	2.56e-01	7.44e-01	2.18e-08
 6.77500e+16	2.67e-01	7.33e-01	2.17e-08
 6.77780e+16	2.78e-01	7.22e-01	2.16e-08
 6.78050e+16	2.89e-01	7.11e-01	2.15e-08
 6.78310e+16	3.01e-01	6.99e-01	2.15e-08
 6.78563e+16	3.12e-01	6.88e-01	2.14e-08
 6.78814e+16	3.25e-01	6.75e-01	2.13e-08
 6.79061e+16	3.37e-01	6.63e-01	2.12e-08
 6.79302e+16	3.50e-01	6.50e-01	2.11e-08
 6.79537e+16	3.63e-01	6.37e-01	2.11e-08
 6.79768e+16	3.76e-01	6.24e-01	2.10e-08
 6.79995e+16	3.89e-01	6.11e-01	2.09e-08
 6.80217e+16	4.03e-01	5.97e-01	2.08e-08
 6.80435e+16	4.17e-01	5.83e-01	2.07e-08
 6.80649e+16	4.31e-01	5.69e-01	2.06e-08
 6.80859e+16	4.45e-01	5.55e-01	2.05e-08
 6.81065e+16	4.59e-01	5.41e-01	2.04e-08
 6.81268e+16	4.74e-01	5.26e-01	2.03e-08
 6.81467e+16	4.88e-01	5.12e-01	2.02e-08
 6.81662e+16	5.03e-01	4.97e-01	2.00e-08
 6.81854e+16	5.17e-01	4.83e-01	1.99e-08
 6.82041e+16	5.32e-01	4.68e-01	1.98e-08
 6.82223e+16	5.46e-01	4.54e-01	1.96e-08
 6.82399e+16	5.60e-01	4.40e-01	1.95e-08
 6.82573e+16	5.74e-01	4.26e-01	1.93e-08
 6.82742e+16	5.88e-01	4.12e-01	1.91e-08
 6.82905e+16	6.02e-01	3.98e-01	1.90e-08
 6.83064e+16	6.15e-01	3.85e-01	1.88e-08
 6.83219e+16	6.28e-01	3.72e-01	1.86e-08
 6.83371e+16	6.40e-01	3.60e-01	1.84e-08
 6.83520e+16	6.53e-01	3.47e-01	1.82e-08
 6.83665e+16	6.65e-01	3.35e-01	1.80e-08
 6.83805e+16	6.77e-01	3.23e-01	1.78e-08
 6.83943e+16	6.89e-01	3.11e-01	1.76e-08
 6.84079e+16	7.00e-01	3.00e-01	1.74e-08
 6.84212e+16	7.11e-01	2.89e-01	1.72e-08
 6.84341e+16	7.22e-01	2.78e-01	1.70e-08
 6.84467e+16	7.32e-01	2.68e-01	1.68e-08
 6.84591e+16	7.42e-01	2.58e-01	1.65e-08
 6.84713e+16	7.52e-01	2.48e-01	1.63e-08
 6.84831e+16	7.62e-01	2.38e-01	1.61e-08
 6.84948e+16	7.71e-01	2.29e-01	1.58e-08
 6.85063e+16	7.80e-01	2.20e-01	1.56e-08
 6.85174e+16	7.89e-01	2.11e-01	1.53e-08
 6.85282e+16	7.97e-01	2.03e-01	1.51e-08
 6.85389e+16	8.05e-01	1.95e-01	1.48e-08
 6.85495e+16	8.13e-01	1.87e-01	1.46e-08
 6.85599e+16	8.20e-01	1.80e-01	1.43e-08
 6.85699e+16	8.28e-01	1.72e-01	1.41e-08
 6.85797e+16	8.35e-01	1.65e-01	1.38e-08
 6.85894e+16	8.41e-01	1.59e-01	1.36e-08
 6.85989e+16	8.48e-01	1.52e-01	1.33e-08
 6.86082e+16	8.54e-01	1.46e-01	1.30e-08
 6.86172e+16	8.60e-01	1.40e-01	1.28e-08
 6.86261e+16	8.66e-01	1.34e-01	1.25e-08
 6.86347e+16	8.72e-01	1.28e-01	1.22e-08
 6.86432e+16	8.77e-01	1.23e-01	1.19e-08
 6.86514e+16	8.82e-01	1.18e-01	1.17e-08
 6.86595e+16	8.87e-01	1.13e-01	1.14e-08
 6.86673e+16	8.92e-01	1.08e-01	1.11e-08
 6.86750e+16	8.97e-01	1.03e-01	1.08e-08
 6.86825e+16	9.01e-01	9.91e-02	1.06e-08
 6.86898e+16	9.05e-01	9.48e-02	1.03e-08
 6.86968e+16	9.09e-01	9.08e-02	9.99e-09
 6.87036e+16	9.13e-01	8.69e-02	9.71e-09
 6.87100e+16	9.17e-01	8.33e-02	9.44e-09
 6.87159e+16	9.20e-01	8.00e-02	9.17e-09
 6.87213e+16	9.23e-01	7.69e-02	8.90e-09
 6.87262e+16	9.26e-01	7.42e-02	8.65e-09
 6.87307e+16	9.28e-01	7.16e-02	8.42e-09
 6.87349e+16	9.31e-01	6.93e-02	8.20e-09
 6.87389e+16	9.33e-01	6.70e-02	7.98e-09
 6.87426e+16	9.35e-01	6.50e-02	7.77e-09
 6.87460e+16	9.37e-01	6.31e-02	7.57e-09
 6.87491e+16	9.39e-01	6.13e-02	7.39e-09
 6.87519e+16	9.40e-01	5.97e-02	7.21e-09
 6.87546e+16	9.42e-01	5.81e-02	7.03e-09
 6.87570e+16	9.43e-01	5.67e-02	6.87e-09
 6.87593e+16	9.45e-01	5.54e-02	6.71e-09
 6.87615e+16	9.46e-01	5.41e-02	6.55e-09
 6.87634e+16	9.47e-01	5.31e-02	6.43e-09
 6.87654e+16	9.48e-01	5.17e-02	6.25e-09
 6.87672e+16	9.49e-01	5.06e-02	6.11e-09
 6.87687e+16	9.50e-01	4.98e-02	6.00e-09
 6.87702e+16	9.51e-01	4.87e-02	5.85e-09
 6.87716e+16	9.52e-01	4.79e-02	5.75e-09
 6.87729e+16	9.53e-01	4.69e-02	5.60e-09
 6.87741e+16	9.54e-01	4.62e-02	5.51e-09
 6.87752e+16	9.55e-01	4.54e-02	5.37e-09
 6.87762e+16	9.55e-01	4.47e-02	5.29e-09
 6.87771e+16	9.56e-01	4.39e-02	5.16e-09
 6.87780e+16	9.57e-01	4.34e-02	5.08e-09
 6.87788e+16	9.57e-01	4.26e-02	4.95e-09
 6.87796e+16	9.58e-01	4.21e-02	4.88e-09
 6.87803e+16	9.59e-01	4.14e-02	4.76e-09
 6.87810e+16	9.59e-01	4.09e-02	4.68e-09
 6.87817e+16	9.60e-01	4.01e-02	4.55e-09
 6.87824e+16	9.61e-01	3.94e-02	4.43e-09
 6.87831e+16	9.61e-01	3.87e-02	4.31e-09
 6.87838e+16	9.62e-01	3.80e-02	4.18e-09
 6.87845e+16	9.63e-01	3.72e-02	4.03e-09
 6.87852e+16	9.64e-01	3.61e-02	3.84e-09
 6.87859e+16	9.65e-01	3.50e-02	3.63e-09
 6.87865e+16	9.67e-01	3.34e-02	3.32e-09
 6.87872e+16	9.79e-01	2.07e-02	1.23e-09
