#depth	H	H+	H2
 2.21164e+12	1.05e-03	9.99e-01	2.38e-14
 1.32698e+13	1.05e-03	9.99e-01	2.38e-14
 5.75026e+13	1.05e-03	9.99e-01	2.39e-14
 2.34434e+14	1.05e-03	9.99e-01	2.42e-14
 5.59987e+14	1.03e-03	9.99e-01	2.45e-14
 9.83206e+14	1.03e-03	9.99e-01	2.50e-14
 1.53339e+15	1.03e-03	9.99e-01	2.60e-14
 2.24863e+15	1.03e-03	9.99e-01	2.73e-14
 3.17844e+15	1.04e-03	9.99e-01	2.92e-14
 4.38720e+15	1.05e-03	9.99e-01	3.21e-14
 5.63922e+15	1.07e-03	9.99e-01	3.53e-14
 6.65487e+15	1.09e-03	9.99e-01	3.83e-14
 7.47797e+15	1.11e-03	9.99e-01	4.14e-14
 8.20275e+15	1.14e-03	9.99e-01	4.46e-14
 8.89135e+15	1.18e-03	9.99e-01	4.94e-14
 9.51393e+15	1.22e-03	9.99e-01	5.36e-14
 1.00766e+16	1.26e-03	9.99e-01	5.81e-14
 1.05964e+16	1.30e-03	9.99e-01	6.28e-14
 1.10576e+16	1.34e-03	9.99e-01	6.76e-14
 1.15668e+16	1.39e-03	9.99e-01	7.40e-14
 1.21348e+16	1.45e-03	9.99e-01	8.16e-14
 1.26828e+16	1.51e-03	9.98e-01	8.97e-14
 1.32986e+16	1.58e-03	9.98e-01	9.96e-14
 1.40992e+16	1.67e-03	9.98e-01	1.12e-13
 1.51399e+16	1.78e-03	9.98e-01	1.27e-13
 1.64929e+16	1.89e-03	9.98e-01	1.45e-13
 1.81205e+16	2.03e-03	9.98e-01	1.64e-13
 1.99326e+16	2.19e-03	9.98e-01	1.86e-13
 2.19258e+16	2.38e-03	9.98e-01	2.13e-13
 2.41184e+16	2.67e-03	9.97e-01	2.54e-13
 2.65302e+16	2.99e-03	9.97e-01	2.99e-13
 2.84909e+16	3.32e-03	9.97e-01	3.45e-13
 2.96404e+16	3.54e-03	9.96e-01	3.77e-13
 3.06805e+16	3.74e-03	9.96e-01	4.06e-13
 3.20327e+16	4.01e-03	9.96e-01	4.45e-13
 3.35273e+16	4.35e-03	9.96e-01	4.96e-13
 3.48437e+16	4.70e-03	9.95e-01	5.50e-13
 3.59320e+16	5.02e-03	9.95e-01	6.00e-13
 3.70876e+16	5.35e-03	9.95e-01	6.51e-13
 3.85898e+16	5.84e-03	9.94e-01	7.27e-13
 4.00620e+16	6.41e-03	9.94e-01	8.20e-13
 4.11190e+16	6.87e-03	9.93e-01	8.98e-13
 4.19697e+16	7.26e-03	9.93e-01	9.64e-13
 4.29281e+16	7.71e-03	9.92e-01	1.04e-12
 4.41740e+16	8.35e-03	9.92e-01	1.14e-12
 4.54672e+16	9.15e-03	9.91e-01	1.28e-12
 4.64789e+16	9.85e-03	9.90e-01	1.40e-12
 4.72943e+16	1.05e-02	9.90e-01	1.51e-12
 4.81974e+16	1.11e-02	9.89e-01	1.63e-12
 4.93714e+16	1.22e-02	9.88e-01	1.81e-12
 5.05589e+16	1.34e-02	9.87e-01	2.03e-12
 5.14651e+16	1.45e-02	9.85e-01	2.24e-12
 5.22013e+16	1.55e-02	9.85e-01	2.42e-12
 5.30157e+16	1.66e-02	9.83e-01	2.63e-12
 5.40744e+16	1.83e-02	9.82e-01	2.95e-12
 5.51198e+16	2.04e-02	9.80e-01	3.36e-12
 5.58737e+16	2.22e-02	9.78e-01	3.71e-12
 5.64649e+16	2.37e-02	9.76e-01	4.01e-12
 5.71185e+16	2.56e-02	9.74e-01	4.39e-12
 5.79683e+16	2.84e-02	9.72e-01	4.96e-12
 5.88027e+16	3.18e-02	9.68e-01	5.68e-12
 5.93982e+16	3.47e-02	9.65e-01	6.33e-12
 5.98619e+16	3.73e-02	9.63e-01	6.91e-12
 6.03730e+16	4.04e-02	9.60e-01	7.62e-12
 6.10374e+16	4.53e-02	9.55e-01	8.75e-12
 6.16911e+16	5.14e-02	9.49e-01	1.02e-11
 6.21613e+16	5.69e-02	9.43e-01	1.16e-11
 6.25320e+16	6.18e-02	9.38e-01	1.28e-11
 6.29427e+16	6.82e-02	9.32e-01	1.45e-11
 6.33722e+16	7.63e-02	9.24e-01	1.67e-11
 6.37150e+16	8.42e-02	9.16e-01	1.89e-11
 6.39845e+16	9.14e-02	9.09e-01	2.10e-11
 6.42696e+16	1.00e-01	9.00e-01	2.36e-11
 6.45793e+16	1.11e-01	8.89e-01	2.72e-11
 6.48430e+16	1.23e-01	8.77e-01	3.10e-11
 6.50536e+16	1.34e-01	8.66e-01	3.47e-11
 6.52728e+16	1.47e-01	8.53e-01	3.93e-11
 6.55079e+16	1.64e-01	8.36e-01	4.55e-11
 6.57052e+16	1.80e-01	8.20e-01	5.20e-11
 6.58649e+16	1.95e-01	8.05e-01	5.83e-11
 6.60346e+16	2.13e-01	7.87e-01	6.64e-11
 6.62180e+16	2.37e-01	7.63e-01	7.74e-11
 6.63736e+16	2.60e-01	7.40e-01	8.92e-11
 6.64997e+16	2.81e-01	7.19e-01	1.01e-10
 6.66335e+16	3.05e-01	6.95e-01	1.15e-10
 6.67792e+16	3.36e-01	6.64e-01	1.35e-10
 6.69043e+16	3.66e-01	6.34e-01	1.57e-10
 6.70063e+16	3.93e-01	6.07e-01	1.78e-10
 6.71007e+16	4.20e-01	5.80e-01	2.01e-10
 6.71936e+16	4.49e-01	5.51e-01	2.29e-10
 6.72780e+16	4.77e-01	5.23e-01	2.58e-10
 6.73491e+16	5.02e-01	4.98e-01	2.87e-10
 6.74103e+16	5.24e-01	4.76e-01	3.16e-10
 6.74669e+16	5.45e-01	4.55e-01	3.45e-10
 6.75116e+16	5.62e-01	4.38e-01	3.71e-10
 6.75411e+16	5.73e-01	4.27e-01	3.88e-10
 6.75685e+16	5.84e-01	4.16e-01	4.07e-10
 6.76005e+16	5.97e-01	4.03e-01	4.30e-10
 6.76346e+16	6.10e-01	3.90e-01	4.56e-10
 6.76661e+16	6.24e-01	3.76e-01	4.82e-10
 6.76945e+16	6.35e-01	3.65e-01	5.07e-10
 6.77220e+16	6.47e-01	3.53e-01	5.33e-10
 6.77500e+16	6.59e-01	3.41e-01	5.61e-10
 6.77780e+16	6.71e-01	3.29e-01	5.92e-10
 6.78050e+16	6.82e-01	3.18e-01	6.23e-10
 6.78310e+16	6.94e-01	3.06e-01	6.55e-10
 6.78563e+16	7.05e-01	2.95e-01	6.89e-10
 6.78814e+16	7.15e-01	2.85e-01	7.24e-10
 6.79061e+16	7.26e-01	2.74e-01	7.61e-10
 6.79302e+16	7.36e-01	2.64e-01	8.00e-10
 6.79537e+16	7.46e-01	2.54e-01	8.40e-10
 6.79768e+16	7.56e-01	2.44e-01	8.82e-10
 6.79995e+16	7.66e-01	2.34e-01	9.27e-10
 6.80217e+16	7.75e-01	2.25e-01	9.73e-10
 6.80435e+16	7.84e-01	2.16e-01	1.02e-09
 6.80649e+16	7.93e-01	2.07e-01	1.07e-09
 6.80859e+16	8.01e-01	1.99e-01	1.12e-09
 6.81065e+16	8.09e-01	1.91e-01	1.18e-09
 6.81268e+16	8.17e-01	1.83e-01	1.24e-09
 6.81467e+16	8.25e-01	1.75e-01	1.30e-09
 6.81662e+16	8.32e-01	1.68e-01	1.36e-09
 6.81854e+16	8.39e-01	1.61e-01	1.43e-09
 6.82041e+16	8.46e-01	1.54e-01	1.50e-09
 6.82223e+16	8.53e-01	1.47e-01	1.57e-09
 6.82399e+16	8.59e-01	1.41e-01	1.64e-09
 6.82573e+16	8.65e-01	1.35e-01	1.72e-09
 6.82742e+16	8.71e-01	1.29e-01	1.81e-09
 6.82905e+16	8.76e-01	1.24e-01	1.89e-09
 6.83064e+16	8.81e-01	1.19e-01	1.98e-09
 6.83219e+16	8.86e-01	1.14e-01	2.07e-09
 6.83371e+16	8.91e-01	1.09e-01	2.17e-09
 6.83520e+16	8.95e-01	1.05e-01	2.27e-09
 6.83665e+16	9.00e-01	1.00e-01	2.38e-09
 6.83805e+16	9.04e-01	9.62e-02	2.49e-09
 6.83943e+16	9.08e-01	9.23e-02	2.60e-09
 6.84079e+16	9.11e-01	8.86e-02	2.73e-09
 6.84212e+16	9.15e-01	8.50e-02	2.86e-09
 6.84341e+16	9.18e-01	8.15e-02	3.00e-09
 6.84467e+16	9.22e-01	7.83e-02	3.14e-09
 6.84591e+16	9.25e-01	7.51e-02	3.29e-09
 6.84713e+16	9.28e-01	7.21e-02	3.46e-09
 6.84831e+16	9.31e-01	6.92e-02	3.63e-09
 6.84948e+16	9.34e-01	6.64e-02	3.81e-09
 6.85063e+16	9.36e-01	6.38e-02	4.01e-09
 6.85174e+16	9.39e-01	6.13e-02	4.22e-09
 6.85282e+16	9.41e-01	5.89e-02	4.44e-09
 6.85389e+16	9.43e-01	5.65e-02	4.68e-09
 6.85495e+16	9.46e-01	5.43e-02	4.94e-09
 6.85599e+16	9.48e-01	5.21e-02	5.21e-09
 6.85699e+16	9.50e-01	5.01e-02	5.51e-09
 6.85797e+16	9.52e-01	4.81e-02	5.83e-09
 6.85894e+16	9.54e-01	4.62e-02	6.18e-09
 6.85989e+16	9.56e-01	4.44e-02	6.56e-09
 6.86082e+16	9.57e-01	4.27e-02	6.98e-09
 6.86172e+16	9.59e-01	4.10e-02	7.44e-09
 6.86261e+16	9.61e-01	3.94e-02	7.94e-09
 6.86347e+16	9.62e-01	3.78e-02	8.50e-09
 6.86432e+16	9.64e-01	3.63e-02	9.12e-09
 6.86514e+16	9.65e-01	3.49e-02	9.80e-09
 6.86595e+16	9.66e-01	3.35e-02	1.06e-08
 6.86673e+16	9.68e-01	3.22e-02	1.14e-08
 6.86750e+16	9.69e-01	3.09e-02	1.24e-08
 6.86825e+16	9.70e-01	2.97e-02	1.35e-08
 6.86898e+16	9.71e-01	2.85e-02	1.48e-08
 6.86968e+16	9.73e-01	2.74e-02	1.63e-08
 6.87036e+16	9.74e-01	2.63e-02	1.80e-08
 6.87100e+16	9.75e-01	2.53e-02	1.99e-08
 6.87159e+16	9.76e-01	2.43e-02	2.19e-08
 6.87213e+16	9.77e-01	2.35e-02	2.43e-08
 6.87262e+16	9.77e-01	2.27e-02	2.68e-08
 6.87307e+16	9.78e-01	2.20e-02	2.96e-08
 6.87349e+16	9.79e-01	2.14e-02	3.26e-08
 6.87389e+16	9.79e-01	2.08e-02	3.61e-08
 6.87426e+16	9.80e-01	2.02e-02	4.00e-08
 6.87460e+16	9.80e-01	1.96e-02	4.42e-08
 6.87491e+16	9.81e-01	1.91e-02	4.88e-08
 6.87519e+16	9.81e-01	1.87e-02	5.40e-08
 6.87546e+16	9.82e-01	1.82e-02	5.97e-08
 6.87570e+16	9.82e-01	1.78e-02	6.60e-08
 6.87593e+16	9.83e-01	1.74e-02	7.31e-08
 6.87615e+16	9.83e-01	1.71e-02	8.08e-08
 6.87634e+16	9.83e-01	1.67e-02	8.81e-08
 6.87654e+16	9.84e-01	1.63e-02	9.95e-08
 6.87672e+16	9.84e-01	1.60e-02	1.11e-07
 6.87687e+16	9.84e-01	1.57e-02	1.21e-07
 6.87702e+16	9.85e-01	1.54e-02	1.35e-07
 6.87716e+16	9.85e-01	1.52e-02	1.48e-07
 6.87729e+16	9.85e-01	1.48e-02	1.67e-07
 6.87741e+16	9.85e-01	1.46e-02	1.82e-07
 6.87752e+16	9.86e-01	1.43e-02	2.05e-07
 6.87762e+16	9.86e-01	1.41e-02	2.24e-07
 6.87771e+16	9.86e-01	1.39e-02	2.51e-07
 6.87780e+16	9.86e-01	1.37e-02	2.75e-07
 6.87788e+16	9.87e-01	1.34e-02	3.09e-07
 6.87796e+16	9.87e-01	1.33e-02	3.38e-07
 6.87803e+16	9.87e-01	1.30e-02	3.81e-07
 6.87810e+16	9.87e-01	1.29e-02	4.19e-07
 6.87817e+16	9.87e-01	1.26e-02	4.80e-07
 6.87824e+16	9.88e-01	1.24e-02	5.49e-07
 6.87831e+16	9.88e-01	1.21e-02	6.33e-07
 6.87838e+16	9.88e-01	1.18e-02	7.40e-07
 6.87845e+16	9.88e-01	1.15e-02	8.80e-07
 6.87852e+16	9.89e-01	1.12e-02	1.10e-06
 6.87859e+16	9.89e-01	1.07e-02	1.39e-06
 6.87865e+16	9.90e-01	1.01e-02	1.88e-06
 6.87872e+16	9.95e-01	5.45e-03	5.94e-06
