#depth	O	O+	O+2	O+3	O+4	O+5	O+6	O+7	O+8	O[1]	O[2]	O[3]
 9.12697e+10	1.76e-05	1.19e-02	5.29e-01	4.56e-01	3.30e-03	0.00e+00	0.00e+00	0.00e+00	0.00e+00	1.55e-05	1.32e-06	8.12e-07
 5.47618e+11	1.76e-05	1.19e-02	5.29e-01	4.56e-01	3.29e-03	0.00e+00	0.00e+00	0.00e+00	0.00e+00	1.54e-05	1.31e-06	8.10e-07
 2.37301e+12	1.76e-05	1.19e-02	5.30e-01	4.55e-01	3.28e-03	0.00e+00	0.00e+00	0.00e+00	0.00e+00	1.55e-05	1.32e-06	8.12e-07
 9.67459e+12	1.77e-05	1.20e-02	5.33e-01	4.52e-01	3.22e-03	0.00e+00	0.00e+00	0.00e+00	0.00e+00	1.56e-05	1.33e-06	8.19e-07
 2.31095e+13	1.76e-05	1.21e-02	5.37e-01	4.48e-01	3.14e-03	0.00e+00	0.00e+00	0.00e+00	0.00e+00	1.55e-05	1.32e-06	8.18e-07
 4.05748e+13	1.76e-05	1.21e-02	5.42e-01	4.43e-01	3.04e-03	0.00e+00	0.00e+00	0.00e+00	0.00e+00	1.54e-05	1.31e-06	8.15e-07
 6.32798e+13	1.76e-05	1.22e-02	5.49e-01	4.36e-01	2.90e-03	0.00e+00	0.00e+00	0.00e+00	0.00e+00	1.55e-05	1.31e-06	8.16e-07
 9.27963e+13	1.77e-05	1.24e-02	5.58e-01	4.27e-01	2.74e-03	0.00e+00	0.00e+00	0.00e+00	0.00e+00	1.55e-05	1.32e-06	8.19e-07
 1.31168e+14	1.77e-05	1.26e-02	5.70e-01	4.15e-01	2.54e-03	0.00e+00	0.00e+00	0.00e+00	0.00e+00	1.56e-05	1.32e-06	8.22e-07
 1.81051e+14	1.79e-05	1.29e-02	5.85e-01	4.00e-01	2.30e-03	0.00e+00	0.00e+00	0.00e+00	0.00e+00	1.58e-05	1.32e-06	8.29e-07
 2.45898e+14	1.82e-05	1.33e-02	6.05e-01	3.79e-01	2.01e-03	0.00e+00	0.00e+00	0.00e+00	0.00e+00	1.60e-05	1.34e-06	8.41e-07
 3.30200e+14	1.85e-05	1.38e-02	6.31e-01	3.53e-01	1.69e-03	0.00e+00	0.00e+00	0.00e+00	0.00e+00	1.63e-05	1.36e-06	8.56e-07
 4.39793e+14	1.91e-05	1.45e-02	6.64e-01	3.20e-01	1.33e-03	0.00e+00	0.00e+00	0.00e+00	0.00e+00	1.68e-05	1.40e-06	8.84e-07
 5.82263e+14	2.00e-05	1.54e-02	7.07e-01	2.77e-01	9.67e-04	0.00e+00	0.00e+00	0.00e+00	0.00e+00	1.76e-05	1.46e-06	9.24e-07
 7.67475e+14	2.11e-05	1.66e-02	7.58e-01	2.25e-01	6.24e-04	0.00e+00	0.00e+00	0.00e+00	0.00e+00	1.85e-05	1.54e-06	9.75e-07
 1.00825e+15	2.25e-05	1.81e-02	8.16e-01	1.65e-01	3.38e-04	0.00e+00	0.00e+00	0.00e+00	0.00e+00	1.98e-05	1.65e-06	1.05e-06
 1.26682e+15	2.37e-05	1.94e-02	8.66e-01	1.14e-01	1.69e-04	0.00e+00	0.00e+00	0.00e+00	0.00e+00	2.08e-05	1.73e-06	1.10e-06
 1.50197e+15	2.48e-05	2.07e-02	9.01e-01	7.87e-02	8.56e-05	0.00e+00	0.00e+00	0.00e+00	0.00e+00	2.18e-05	1.81e-06	1.16e-06
 1.76110e+15	2.65e-05	2.21e-02	9.28e-01	5.02e-02	3.83e-05	0.00e+00	0.00e+00	0.00e+00	0.00e+00	2.34e-05	1.93e-06	1.24e-06
 2.09797e+15	2.87e-05	2.39e-02	9.49e-01	2.72e-02	1.30e-05	0.00e+00	0.00e+00	0.00e+00	0.00e+00	2.53e-05	2.07e-06	1.33e-06
 2.40279e+15	2.97e-05	2.53e-02	9.59e-01	1.58e-02	5.05e-06	0.00e+00	0.00e+00	0.00e+00	0.00e+00	2.62e-05	2.12e-06	1.38e-06
 2.64307e+15	3.10e-05	2.65e-02	9.63e-01	1.01e-02	2.31e-06	0.00e+00	0.00e+00	0.00e+00	0.00e+00	2.73e-05	2.20e-06	1.43e-06
 2.90737e+15	3.24e-05	2.78e-02	9.66e-01	6.14e-03	9.78e-07	0.00e+00	0.00e+00	0.00e+00	0.00e+00	2.87e-05	2.30e-06	1.50e-06
 3.19811e+15	3.40e-05	2.94e-02	9.67e-01	3.59e-03	3.84e-07	0.00e+00	0.00e+00	0.00e+00	0.00e+00	3.01e-05	2.39e-06	1.57e-06
 3.51792e+15	3.58e-05	3.11e-02	9.67e-01	2.01e-03	1.39e-07	0.00e+00	0.00e+00	0.00e+00	0.00e+00	3.17e-05	2.51e-06	1.65e-06
 3.86971e+15	3.79e-05	3.31e-02	9.66e-01	1.08e-03	0.00e+00	0.00e+00	0.00e+00	0.00e+00	0.00e+00	3.35e-05	2.64e-06	1.74e-06
 4.25669e+15	4.03e-05	3.55e-02	9.64e-01	5.52e-04	0.00e+00	0.00e+00	0.00e+00	0.00e+00	0.00e+00	3.56e-05	2.79e-06	1.85e-06
 4.68235e+15	4.31e-05	3.82e-02	9.61e-01	2.71e-04	0.00e+00	0.00e+00	0.00e+00	0.00e+00	0.00e+00	3.82e-05	2.98e-06	1.98e-06
 5.15059e+15	4.66e-05	4.16e-02	9.58e-01	1.28e-04	0.00e+00	0.00e+00	0.00e+00	0.00e+00	0.00e+00	4.13e-05	3.20e-06	2.14e-06
 5.66565e+15	5.10e-05	4.57e-02	9.54e-01	5.85e-05	0.00e+00	0.00e+00	0.00e+00	0.00e+00	0.00e+00	4.52e-05	3.49e-06	2.34e-06
 6.23221e+15	5.66e-05	5.09e-02	9.49e-01	2.60e-05	0.00e+00	0.00e+00	0.00e+00	0.00e+00	0.00e+00	5.02e-05	3.87e-06	2.60e-06
 6.85544e+15	6.41e-05	5.76e-02	9.42e-01	1.13e-05	0.00e+00	0.00e+00	0.00e+00	0.00e+00	0.00e+00	5.68e-05	4.36e-06	2.95e-06
 7.54098e+15	7.44e-05	6.65e-02	9.33e-01	4.86e-06	0.00e+00	0.00e+00	0.00e+00	0.00e+00	0.00e+00	6.59e-05	5.05e-06	3.42e-06
 8.22813e+15	8.75e-05	7.80e-02	9.22e-01	2.25e-06	0.00e+00	0.00e+00	0.00e+00	0.00e+00	0.00e+00	7.76e-05	5.91e-06	4.02e-06
 8.83417e+15	1.03e-04	9.09e-02	9.09e-01	1.21e-06	0.00e+00	0.00e+00	0.00e+00	0.00e+00	0.00e+00	9.09e-05	6.91e-06	4.72e-06
 9.36524e+15	1.20e-04	1.05e-01	8.95e-01	7.25e-07	0.00e+00	0.00e+00	0.00e+00	0.00e+00	0.00e+00	1.06e-04	8.05e-06	5.51e-06
 9.86484e+15	1.41e-04	1.22e-01	8.78e-01	4.59e-07	0.00e+00	0.00e+00	0.00e+00	0.00e+00	0.00e+00	1.25e-04	9.43e-06	6.47e-06
 1.03520e+16	1.67e-04	1.42e-01	8.58e-01	3.00e-07	0.00e+00	0.00e+00	0.00e+00	0.00e+00	0.00e+00	1.48e-04	1.12e-05	7.67e-06
 1.08198e+16	2.00e-04	1.66e-01	8.33e-01	2.03e-07	0.00e+00	0.00e+00	0.00e+00	0.00e+00	0.00e+00	1.77e-04	1.33e-05	9.17e-06
 1.12397e+16	2.38e-04	1.94e-01	8.05e-01	1.44e-07	0.00e+00	0.00e+00	0.00e+00	0.00e+00	0.00e+00	2.11e-04	1.58e-05	1.09e-05
 1.16057e+16	2.79e-04	2.25e-01	7.75e-01	0.00e+00	0.00e+00	0.00e+00	0.00e+00	0.00e+00	0.00e+00	2.48e-04	1.86e-05	1.28e-05
 1.19515e+16	3.29e-04	2.60e-01	7.40e-01	0.00e+00	0.00e+00	0.00e+00	0.00e+00	0.00e+00	0.00e+00	2.92e-04	2.19e-05	1.51e-05
 1.23483e+16	3.98e-04	3.08e-01	6.92e-01	0.00e+00	0.00e+00	0.00e+00	0.00e+00	0.00e+00	0.00e+00	3.53e-04	2.66e-05	1.83e-05
 1.27667e+16	4.92e-04	3.73e-01	6.27e-01	0.00e+00	0.00e+00	0.00e+00	0.00e+00	0.00e+00	0.00e+00	4.36e-04	3.31e-05	2.27e-05
 1.31219e+16	5.91e-04	4.42e-01	5.58e-01	0.00e+00	0.00e+00	0.00e+00	0.00e+00	0.00e+00	0.00e+00	5.24e-04	4.02e-05	2.75e-05
 1.34334e+16	6.93e-04	5.12e-01	4.88e-01	0.00e+00	0.00e+00	0.00e+00	0.00e+00	0.00e+00	0.00e+00	6.13e-04	4.77e-05	3.25e-05
 1.37795e+16	8.17e-04	5.95e-01	4.04e-01	0.00e+00	0.00e+00	0.00e+00	0.00e+00	0.00e+00	0.00e+00	7.21e-04	5.70e-05	3.86e-05
 1.41568e+16	9.61e-04	6.92e-01	3.07e-01	0.00e+00	0.00e+00	0.00e+00	0.00e+00	0.00e+00	0.00e+00	8.47e-04	6.83e-05	4.60e-05
 1.45061e+16	1.10e-03	7.79e-01	2.20e-01	0.00e+00	0.00e+00	0.00e+00	0.00e+00	0.00e+00	0.00e+00	9.63e-04	7.93e-05	5.29e-05
 1.48586e+16	1.22e-03	8.53e-01	1.46e-01	0.00e+00	0.00e+00	0.00e+00	0.00e+00	0.00e+00	0.00e+00	1.07e-03	8.97e-05	5.95e-05
 1.52789e+16	1.35e-03	9.15e-01	8.38e-02	0.00e+00	0.00e+00	0.00e+00	0.00e+00	0.00e+00	0.00e+00	1.19e-03	1.01e-04	6.63e-05
 1.57227e+16	1.48e-03	9.57e-01	4.15e-02	0.00e+00	0.00e+00	0.00e+00	0.00e+00	0.00e+00	0.00e+00	1.30e-03	1.11e-04	7.27e-05
 1.61255e+16	1.61e-03	9.78e-01	2.08e-02	0.00e+00	0.00e+00	0.00e+00	0.00e+00	0.00e+00	0.00e+00	1.41e-03	1.19e-04	7.83e-05
 1.64547e+16	1.72e-03	9.87e-01	1.12e-02	0.00e+00	0.00e+00	0.00e+00	0.00e+00	0.00e+00	0.00e+00	1.51e-03	1.27e-04	8.31e-05
 1.66860e+16	1.81e-03	9.91e-01	7.20e-03	0.00e+00	0.00e+00	0.00e+00	0.00e+00	0.00e+00	0.00e+00	1.59e-03	1.32e-04	8.67e-05
 1.68731e+16	1.88e-03	9.93e-01	5.04e-03	0.00e+00	0.00e+00	0.00e+00	0.00e+00	0.00e+00	0.00e+00	1.65e-03	1.37e-04	8.99e-05
 1.70814e+16	1.98e-03	9.95e-01	3.39e-03	0.00e+00	0.00e+00	0.00e+00	0.00e+00	0.00e+00	0.00e+00	1.74e-03	1.43e-04	9.37e-05
 1.73521e+16	2.11e-03	9.96e-01	2.02e-03	0.00e+00	0.00e+00	0.00e+00	0.00e+00	0.00e+00	0.00e+00	1.86e-03	1.51e-04	9.89e-05
 1.76148e+16	2.26e-03	9.97e-01	1.16e-03	0.00e+00	0.00e+00	0.00e+00	0.00e+00	0.00e+00	0.00e+00	2.00e-03	1.60e-04	1.05e-04
 1.77890e+16	2.38e-03	9.97e-01	7.86e-04	0.00e+00	0.00e+00	0.00e+00	0.00e+00	0.00e+00	0.00e+00	2.11e-03	1.67e-04	1.09e-04
 1.79052e+16	2.46e-03	9.97e-01	6.08e-04	0.00e+00	0.00e+00	0.00e+00	0.00e+00	0.00e+00	0.00e+00	2.18e-03	1.71e-04	1.12e-04
 1.80238e+16	2.54e-03	9.97e-01	4.70e-04	0.00e+00	0.00e+00	0.00e+00	0.00e+00	0.00e+00	0.00e+00	2.25e-03	1.76e-04	1.15e-04
 1.81778e+16	2.64e-03	9.97e-01	3.35e-04	0.00e+00	0.00e+00	0.00e+00	0.00e+00	0.00e+00	0.00e+00	2.34e-03	1.82e-04	1.19e-04
 1.83444e+16	2.77e-03	9.97e-01	2.28e-04	0.00e+00	0.00e+00	0.00e+00	0.00e+00	0.00e+00	0.00e+00	2.45e-03	1.89e-04	1.23e-04
 1.84838e+16	2.88e-03	9.97e-01	1.63e-04	0.00e+00	0.00e+00	0.00e+00	0.00e+00	0.00e+00	0.00e+00	2.55e-03	1.95e-04	1.27e-04
 1.85928e+16	2.96e-03	9.97e-01	1.24e-04	0.00e+00	0.00e+00	0.00e+00	0.00e+00	0.00e+00	0.00e+00	2.63e-03	1.99e-04	1.30e-04
 1.87061e+16	3.04e-03	9.97e-01	9.43e-05	0.00e+00	0.00e+00	0.00e+00	0.00e+00	0.00e+00	0.00e+00	2.70e-03	2.03e-04	1.33e-04
 1.88532e+16	3.14e-03	9.97e-01	6.54e-05	0.00e+00	0.00e+00	0.00e+00	0.00e+00	0.00e+00	0.00e+00	2.79e-03	2.08e-04	1.37e-04
 1.90034e+16	3.25e-03	9.97e-01	4.39e-05	0.00e+00	0.00e+00	0.00e+00	0.00e+00	0.00e+00	0.00e+00	2.89e-03	2.14e-04	1.40e-04
 1.91159e+16	3.32e-03	9.97e-01	3.20e-05	0.00e+00	0.00e+00	0.00e+00	0.00e+00	0.00e+00	0.00e+00	2.96e-03	2.18e-04	1.43e-04
 1.92043e+16	3.38e-03	9.97e-01	2.49e-05	0.00e+00	0.00e+00	0.00e+00	0.00e+00	0.00e+00	0.00e+00	3.02e-03	2.21e-04	1.45e-04
 1.93027e+16	3.44e-03	9.97e-01	1.88e-05	0.00e+00	0.00e+00	0.00e+00	0.00e+00	0.00e+00	0.00e+00	3.07e-03	2.23e-04	1.46e-04
 1.94305e+16	3.50e-03	9.96e-01	1.30e-05	0.00e+00	0.00e+00	0.00e+00	0.00e+00	0.00e+00	0.00e+00	3.13e-03	2.26e-04	1.48e-04
 1.95967e+16	3.57e-03	9.96e-01	7.89e-06	0.00e+00	0.00e+00	0.00e+00	0.00e+00	0.00e+00	0.00e+00	3.19e-03	2.30e-04	1.51e-04
 1.97725e+16	3.66e-03	9.96e-01	4.47e-06	0.00e+00	0.00e+00	0.00e+00	0.00e+00	0.00e+00	0.00e+00	3.27e-03	2.34e-04	1.53e-04
 1.99325e+16	3.72e-03	9.96e-01	2.62e-06	0.00e+00	0.00e+00	0.00e+00	0.00e+00	0.00e+00	0.00e+00	3.33e-03	2.38e-04	1.56e-04
 2.01121e+16	3.78e-03	9.96e-01	1.45e-06	0.00e+00	0.00e+00	0.00e+00	0.00e+00	0.00e+00	0.00e+00	3.38e-03	2.42e-04	1.58e-04
 2.03457e+16	3.86e-03	9.96e-01	6.76e-07	0.00e+00	0.00e+00	0.00e+00	0.00e+00	0.00e+00	0.00e+00	3.45e-03	2.48e-04	1.62e-04
 2.06494e+16	3.96e-03	9.96e-01	2.54e-07	0.00e+00	0.00e+00	0.00e+00	0.00e+00	0.00e+00	0.00e+00	3.54e-03	2.57e-04	1.67e-04
 2.10442e+16	4.10e-03	9.96e-01	7.55e-08	0.00e+00	0.00e+00	0.00e+00	0.00e+00	0.00e+00	0.00e+00	3.65e-03	2.69e-04	1.74e-04
 2.15574e+16	4.27e-03	9.96e-01	1.84e-08	0.00e+00	0.00e+00	0.00e+00	0.00e+00	0.00e+00	0.00e+00	3.80e-03	2.87e-04	1.83e-04
 2.21305e+16	4.51e-03	9.95e-01	5.55e-09	0.00e+00	0.00e+00	0.00e+00	0.00e+00	0.00e+00	0.00e+00	4.00e-03	3.10e-04	1.96e-04
 2.26686e+16	4.76e-03	9.95e-01	3.12e-09	0.00e+00	0.00e+00	0.00e+00	0.00e+00	0.00e+00	0.00e+00	4.22e-03	3.35e-04	2.10e-04
 2.31599e+16	5.00e-03	9.95e-01	2.43e-09	0.00e+00	0.00e+00	0.00e+00	0.00e+00	0.00e+00	0.00e+00	4.42e-03	3.59e-04	2.24e-04
 2.36202e+16	5.23e-03	9.95e-01	2.09e-09	0.00e+00	0.00e+00	0.00e+00	0.00e+00	0.00e+00	0.00e+00	4.61e-03	3.85e-04	2.37e-04
 2.40598e+16	5.46e-03	9.95e-01	1.87e-09	0.00e+00	0.00e+00	0.00e+00	0.00e+00	0.00e+00	0.00e+00	4.80e-03	4.11e-04	2.51e-04
 2.44807e+16	5.69e-03	9.94e-01	1.69e-09	0.00e+00	0.00e+00	0.00e+00	0.00e+00	0.00e+00	0.00e+00	4.99e-03	4.38e-04	2.66e-04
 2.48810e+16	5.92e-03	9.94e-01	1.55e-09	0.00e+00	0.00e+00	0.00e+00	0.00e+00	0.00e+00	0.00e+00	5.17e-03	4.66e-04	2.80e-04
 2.52595e+16	6.14e-03	9.94e-01	1.43e-09	0.00e+00	0.00e+00	0.00e+00	0.00e+00	0.00e+00	0.00e+00	5.35e-03	4.94e-04	2.95e-04
 2.56175e+16	6.35e-03	9.94e-01	1.33e-09	0.00e+00	0.00e+00	0.00e+00	0.00e+00	0.00e+00	0.00e+00	5.52e-03	5.22e-04	3.10e-04
 2.59606e+16	6.56e-03	9.93e-01	1.24e-09	0.00e+00	0.00e+00	0.00e+00	0.00e+00	0.00e+00	0.00e+00	5.68e-03	5.52e-04	3.25e-04
 2.62911e+16	6.76e-03	9.93e-01	1.16e-09	0.00e+00	0.00e+00	0.00e+00	0.00e+00	0.00e+00	0.00e+00	5.84e-03	5.81e-04	3.40e-04
 2.66091e+16	6.96e-03	9.93e-01	1.09e-09	0.00e+00	0.00e+00	0.00e+00	0.00e+00	0.00e+00	0.00e+00	5.99e-03	6.12e-04	3.55e-04
 2.69156e+16	7.15e-03	9.93e-01	1.03e-09	0.00e+00	0.00e+00	0.00e+00	0.00e+00	0.00e+00	0.00e+00	6.14e-03	6.43e-04	3.70e-04
 2.72117e+16	7.34e-03	9.93e-01	9.77e-10	0.00e+00	0.00e+00	0.00e+00	0.00e+00	0.00e+00	0.00e+00	6.28e-03	6.74e-04	3.86e-04
 2.74987e+16	7.53e-03	9.92e-01	9.27e-10	0.00e+00	0.00e+00	0.00e+00	0.00e+00	0.00e+00	0.00e+00	6.42e-03	7.06e-04	4.01e-04
 2.77829e+16	7.71e-03	9.92e-01	8.81e-10	0.00e+00	0.00e+00	0.00e+00	0.00e+00	0.00e+00	0.00e+00	6.55e-03	7.38e-04	4.17e-04
 2.80634e+16	7.89e-03	9.92e-01	8.38e-10	0.00e+00	0.00e+00	0.00e+00	0.00e+00	0.00e+00	0.00e+00	6.68e-03	7.73e-04	4.33e-04
 2.83323e+16	8.07e-03	9.92e-01	8.00e-10	0.00e+00	0.00e+00	0.00e+00	0.00e+00	0.00e+00	0.00e+00	6.81e-03	8.07e-04	4.49e-04
 2.85923e+16	8.24e-03	9.92e-01	7.65e-10	0.00e+00	0.00e+00	0.00e+00	0.00e+00	0.00e+00	0.00e+00	6.94e-03	8.41e-04	4.65e-04
 2.88484e+16	8.41e-03	9.92e-01	7.32e-10	0.00e+00	0.00e+00	0.00e+00	0.00e+00	0.00e+00	0.00e+00	7.06e-03	8.76e-04	4.82e-04
 2.91021e+16	8.58e-03	9.91e-01	7.01e-10	0.00e+00	0.00e+00	0.00e+00	0.00e+00	0.00e+00	0.00e+00	7.17e-03	9.12e-04	4.98e-04
 2.93540e+16	8.76e-03	9.91e-01	6.71e-10	0.00e+00	0.00e+00	0.00e+00	0.00e+00	0.00e+00	0.00e+00	7.29e-03	9.49e-04	5.15e-04
 2.96052e+16	8.93e-03	9.91e-01	6.43e-10	0.00e+00	0.00e+00	0.00e+00	0.00e+00	0.00e+00	0.00e+00	7.42e-03	9.82e-04	5.33e-04
 2.98570e+16	9.12e-03	9.91e-01	6.16e-10	0.00e+00	0.00e+00	0.00e+00	0.00e+00	0.00e+00	0.00e+00	7.56e-03	1.01e-03	5.51e-04
 3.01106e+16	9.31e-03	9.91e-01	5.90e-10	0.00e+00	0.00e+00	0.00e+00	0.00e+00	0.00e+00	0.00e+00	7.70e-03	1.04e-03	5.69e-04
 3.03673e+16	9.51e-03	9.90e-01	5.65e-10	0.00e+00	0.00e+00	0.00e+00	0.00e+00	0.00e+00	0.00e+00	7.85e-03	1.07e-03	5.89e-04
 3.06280e+16	9.72e-03	9.90e-01	5.41e-10	0.00e+00	0.00e+00	0.00e+00	0.00e+00	0.00e+00	0.00e+00	8.01e-03	1.10e-03	6.10e-04
 3.08939e+16	9.95e-03	9.90e-01	5.17e-10	0.00e+00	0.00e+00	0.00e+00	0.00e+00	0.00e+00	0.00e+00	8.18e-03	1.14e-03	6.32e-04
 3.11660e+16	1.02e-02	9.90e-01	4.93e-10	0.00e+00	0.00e+00	0.00e+00	0.00e+00	0.00e+00	0.00e+00	8.36e-03	1.17e-03	6.56e-04
 3.14394e+16	1.05e-02	9.90e-01	4.71e-10	0.00e+00	0.00e+00	0.00e+00	0.00e+00	0.00e+00	0.00e+00	8.57e-03	1.21e-03	6.81e-04
 3.17231e+16	1.07e-02	9.89e-01	4.49e-10	0.00e+00	0.00e+00	0.00e+00	0.00e+00	0.00e+00	0.00e+00	8.78e-03	1.25e-03	7.08e-04
 3.20242e+16	1.11e-02	9.89e-01	4.26e-10	0.00e+00	0.00e+00	0.00e+00	0.00e+00	0.00e+00	0.00e+00	9.02e-03	1.30e-03	7.38e-04
 3.23335e+16	1.14e-02	9.89e-01	4.05e-10	0.00e+00	0.00e+00	0.00e+00	0.00e+00	0.00e+00	0.00e+00	9.30e-03	1.35e-03	7.71e-04
 3.26498e+16	1.18e-02	9.88e-01	3.83e-10	0.00e+00	0.00e+00	0.00e+00	0.00e+00	0.00e+00	0.00e+00	9.60e-03	1.41e-03	8.07e-04
 3.29751e+16	1.23e-02	9.88e-01	3.63e-10	0.00e+00	0.00e+00	0.00e+00	0.00e+00	0.00e+00	0.00e+00	9.94e-03	1.47e-03	8.46e-04
 3.33102e+16	1.27e-02	9.87e-01	3.43e-10	0.00e+00	0.00e+00	0.00e+00	0.00e+00	0.00e+00	0.00e+00	1.03e-02	1.54e-03	8.90e-04
 3.36546e+16	1.33e-02	9.87e-01	3.24e-10	0.00e+00	0.00e+00	0.00e+00	0.00e+00	0.00e+00	0.00e+00	1.07e-02	1.62e-03	9.38e-04
 3.40076e+16	1.39e-02	9.86e-01	3.05e-10	0.00e+00	0.00e+00	0.00e+00	0.00e+00	0.00e+00	0.00e+00	1.12e-02	1.71e-03	9.92e-04
 3.43685e+16	1.46e-02	9.85e-01	2.87e-10	0.00e+00	0.00e+00	0.00e+00	0.00e+00	0.00e+00	0.00e+00	1.17e-02	1.80e-03	1.05e-03
 3.47364e+16	1.53e-02	9.85e-01	2.69e-10	0.00e+00	0.00e+00	0.00e+00	0.00e+00	0.00e+00	0.00e+00	1.23e-02	1.91e-03	1.12e-03
 3.51101e+16	1.61e-02	9.84e-01	2.52e-10	0.00e+00	0.00e+00	0.00e+00	0.00e+00	0.00e+00	0.00e+00	1.29e-02	2.03e-03	1.19e-03
 3.54879e+16	1.71e-02	9.83e-01	2.36e-10	0.00e+00	0.00e+00	0.00e+00	0.00e+00	0.00e+00	0.00e+00	1.36e-02	2.16e-03	1.27e-03
 3.58680e+16	1.81e-02	9.82e-01	2.21e-10	0.00e+00	0.00e+00	0.00e+00	0.00e+00	0.00e+00	0.00e+00	1.44e-02	2.31e-03	1.37e-03
 3.62491e+16	1.93e-02	9.81e-01	2.06e-10	0.00e+00	0.00e+00	0.00e+00	0.00e+00	0.00e+00	0.00e+00	1.53e-02	2.48e-03	1.47e-03
 3.66294e+16	2.06e-02	9.79e-01	1.92e-10	0.00e+00	0.00e+00	0.00e+00	0.00e+00	0.00e+00	0.00e+00	1.63e-02	2.67e-03	1.58e-03
 3.70076e+16	2.20e-02	9.78e-01	1.79e-10	0.00e+00	0.00e+00	0.00e+00	0.00e+00	0.00e+00	0.00e+00	1.74e-02	2.88e-03	1.71e-03
 3.73822e+16	2.36e-02	9.76e-01	1.66e-10	0.00e+00	0.00e+00	0.00e+00	0.00e+00	0.00e+00	0.00e+00	1.87e-02	3.11e-03	1.86e-03
 3.77524e+16	2.54e-02	9.75e-01	1.54e-10	0.00e+00	0.00e+00	0.00e+00	0.00e+00	0.00e+00	0.00e+00	2.00e-02	3.37e-03	2.02e-03
 3.81170e+16	2.75e-02	9.73e-01	1.42e-10	0.00e+00	0.00e+00	0.00e+00	0.00e+00	0.00e+00	0.00e+00	2.16e-02	3.66e-03	2.20e-03
 3.84752e+16	2.98e-02	9.70e-01	1.31e-10	0.00e+00	0.00e+00	0.00e+00	0.00e+00	0.00e+00	0.00e+00	2.34e-02	3.99e-03	2.41e-03
 3.88264e+16	3.24e-02	9.68e-01	1.21e-10	0.00e+00	0.00e+00	0.00e+00	0.00e+00	0.00e+00	0.00e+00	2.54e-02	4.37e-03	2.65e-03
 3.91705e+16	3.54e-02	9.65e-01	1.11e-10	0.00e+00	0.00e+00	0.00e+00	0.00e+00	0.00e+00	0.00e+00	2.77e-02	4.80e-03	2.92e-03
 3.95072e+16	3.88e-02	9.61e-01	1.01e-10	0.00e+00	0.00e+00	0.00e+00	0.00e+00	0.00e+00	0.00e+00	3.03e-02	5.29e-03	3.23e-03
 3.98364e+16	4.28e-02	9.57e-01	9.22e-11	0.00e+00	0.00e+00	0.00e+00	0.00e+00	0.00e+00	0.00e+00	3.34e-02	5.87e-03	3.59e-03
 4.01587e+16	4.75e-02	9.52e-01	8.35e-11	0.00e+00	0.00e+00	0.00e+00	0.00e+00	0.00e+00	0.00e+00	3.69e-02	6.55e-03	4.01e-03
 4.04748e+16	5.31e-02	9.47e-01	7.51e-11	0.00e+00	0.00e+00	0.00e+00	0.00e+00	0.00e+00	0.00e+00	4.12e-02	7.36e-03	4.52e-03
 4.07854e+16	5.98e-02	9.40e-01	6.70e-11	0.00e+00	0.00e+00	0.00e+00	0.00e+00	0.00e+00	0.00e+00	4.64e-02	8.33e-03	5.13e-03
 4.10916e+16	6.82e-02	9.32e-01	5.91e-11	0.00e+00	0.00e+00	0.00e+00	0.00e+00	0.00e+00	0.00e+00	5.27e-02	9.53e-03	5.89e-03
 4.13953e+16	7.87e-02	9.21e-01	5.15e-11	0.00e+00	0.00e+00	0.00e+00	0.00e+00	0.00e+00	0.00e+00	6.08e-02	1.10e-02	6.82e-03
 4.16937e+16	9.24e-02	9.08e-01	4.42e-11	0.00e+00	0.00e+00	0.00e+00	0.00e+00	0.00e+00	0.00e+00	7.15e-02	1.30e-02	8.01e-03
 4.19657e+16	1.10e-01	8.90e-01	3.74e-11	0.00e+00	0.00e+00	0.00e+00	0.00e+00	0.00e+00	0.00e+00	8.52e-02	1.54e-02	9.52e-03
 4.21879e+16	1.30e-01	8.70e-01	3.20e-11	0.00e+00	0.00e+00	0.00e+00	0.00e+00	0.00e+00	0.00e+00	1.01e-01	1.81e-02	1.12e-02
 4.23632e+16	1.51e-01	8.49e-01	2.78e-11	0.00e+00	0.00e+00	0.00e+00	0.00e+00	0.00e+00	0.00e+00	1.17e-01	2.09e-02	1.30e-02
 4.25134e+16	1.73e-01	8.27e-01	2.43e-11	0.00e+00	0.00e+00	0.00e+00	0.00e+00	0.00e+00	0.00e+00	1.34e-01	2.37e-02	1.48e-02
 4.26789e+16	2.01e-01	7.99e-01	2.09e-11	0.00e+00	0.00e+00	0.00e+00	0.00e+00	0.00e+00	0.00e+00	1.57e-01	2.72e-02	1.71e-02
 4.28559e+16	2.42e-01	7.58e-01	1.75e-11	0.00e+00	0.00e+00	0.00e+00	0.00e+00	0.00e+00	0.00e+00	1.90e-01	3.22e-02	2.04e-02
 4.30069e+16	2.91e-01	7.09e-01	1.47e-11	0.00e+00	0.00e+00	0.00e+00	0.00e+00	0.00e+00	0.00e+00	2.29e-01	3.77e-02	2.41e-02
 4.31211e+16	3.39e-01	6.61e-01	1.27e-11	0.00e+00	0.00e+00	0.00e+00	0.00e+00	0.00e+00	0.00e+00	2.69e-01	4.26e-02	2.76e-02
 4.31980e+16	3.78e-01	6.22e-01	1.14e-11	0.00e+00	0.00e+00	0.00e+00	0.00e+00	0.00e+00	0.00e+00	3.02e-01	4.63e-02	3.03e-02
 4.32505e+16	4.07e-01	5.93e-01	1.06e-11	0.00e+00	0.00e+00	0.00e+00	0.00e+00	0.00e+00	0.00e+00	3.26e-01	4.88e-02	3.23e-02
 4.32942e+16	4.32e-01	5.68e-01	1.00e-11	0.00e+00	0.00e+00	0.00e+00	0.00e+00	0.00e+00	0.00e+00	3.48e-01	5.08e-02	3.39e-02
 4.33388e+16	4.58e-01	5.42e-01	9.44e-12	0.00e+00	0.00e+00	0.00e+00	0.00e+00	0.00e+00	0.00e+00	3.70e-01	5.27e-02	3.55e-02
 4.33845e+16	4.86e-01	5.14e-01	8.90e-12	0.00e+00	0.00e+00	0.00e+00	0.00e+00	0.00e+00	0.00e+00	3.95e-01	5.46e-02	3.71e-02
 4.34250e+16	5.13e-01	4.87e-01	8.43e-12	0.00e+00	0.00e+00	0.00e+00	0.00e+00	0.00e+00	0.00e+00	4.18e-01	5.62e-02	3.85e-02
 4.34576e+16	5.36e-01	4.64e-01	8.04e-12	0.00e+00	0.00e+00	0.00e+00	0.00e+00	0.00e+00	0.00e+00	4.39e-01	5.74e-02	3.97e-02
 4.34863e+16	5.55e-01	4.45e-01	7.75e-12	0.00e+00	0.00e+00	0.00e+00	0.00e+00	0.00e+00	0.00e+00	4.56e-01	5.83e-02	4.06e-02
 4.35142e+16	5.75e-01	4.25e-01	7.44e-12	0.00e+00	0.00e+00	0.00e+00	0.00e+00	0.00e+00	0.00e+00	4.75e-01	5.90e-02	4.15e-02
 4.35420e+16	5.94e-01	4.06e-01	7.18e-12	0.00e+00	0.00e+00	0.00e+00	0.00e+00	0.00e+00	0.00e+00	4.92e-01	5.97e-02	4.22e-02
 4.35654e+16	6.11e-01	3.89e-01	6.95e-12	0.00e+00	0.00e+00	0.00e+00	0.00e+00	0.00e+00	0.00e+00	5.08e-01	6.01e-02	4.29e-02
 4.35816e+16	6.23e-01	3.77e-01	6.78e-12	0.00e+00	0.00e+00	0.00e+00	0.00e+00	0.00e+00	0.00e+00	5.19e-01	6.04e-02	4.33e-02
 4.35954e+16	6.32e-01	3.68e-01	6.66e-12	0.00e+00	0.00e+00	0.00e+00	0.00e+00	0.00e+00	0.00e+00	5.28e-01	6.06e-02	4.36e-02
 4.36113e+16	6.44e-01	3.56e-01	6.50e-12	0.00e+00	0.00e+00	0.00e+00	0.00e+00	0.00e+00	0.00e+00	5.39e-01	6.07e-02	4.39e-02
 4.36295e+16	6.56e-01	3.44e-01	6.34e-12	0.00e+00	0.00e+00	0.00e+00	0.00e+00	0.00e+00	0.00e+00	5.51e-01	6.08e-02	4.42e-02
 4.36474e+16	6.69e-01	3.31e-01	6.18e-12	0.00e+00	0.00e+00	0.00e+00	0.00e+00	0.00e+00	0.00e+00	5.63e-01	6.09e-02	4.45e-02
 4.36641e+16	6.80e-01	3.20e-01	6.03e-12	0.00e+00	0.00e+00	0.00e+00	0.00e+00	0.00e+00	0.00e+00	5.75e-01	6.09e-02	4.47e-02
 4.36800e+16	6.91e-01	3.09e-01	5.90e-12	0.00e+00	0.00e+00	0.00e+00	0.00e+00	0.00e+00	0.00e+00	5.85e-01	6.08e-02	4.49e-02
 4.36961e+16	7.02e-01	2.98e-01	5.76e-12	0.00e+00	0.00e+00	0.00e+00	0.00e+00	0.00e+00	0.00e+00	5.96e-01	6.07e-02	4.51e-02
 4.37125e+16	7.13e-01	2.87e-01	5.61e-12	0.00e+00	0.00e+00	0.00e+00	0.00e+00	0.00e+00	0.00e+00	6.07e-01	6.06e-02	4.52e-02
 4.37286e+16	7.24e-01	2.76e-01	5.48e-12	0.00e+00	0.00e+00	0.00e+00	0.00e+00	0.00e+00	0.00e+00	6.18e-01	6.03e-02	4.52e-02
 4.37442e+16	7.33e-01	2.67e-01	5.36e-12	0.00e+00	0.00e+00	0.00e+00	0.00e+00	0.00e+00	0.00e+00	6.28e-01	6.01e-02	4.52e-02
 4.37599e+16	7.44e-01	2.56e-01	5.23e-12	0.00e+00	0.00e+00	0.00e+00	0.00e+00	0.00e+00	0.00e+00	6.39e-01	5.98e-02	4.51e-02
 4.37758e+16	7.54e-01	2.46e-01	5.09e-12	0.00e+00	0.00e+00	0.00e+00	0.00e+00	0.00e+00	0.00e+00	6.49e-01	5.94e-02	4.50e-02
 4.37913e+16	7.63e-01	2.37e-01	4.97e-12	0.00e+00	0.00e+00	0.00e+00	0.00e+00	0.00e+00	0.00e+00	6.59e-01	5.90e-02	4.48e-02
 4.38064e+16	7.72e-01	2.28e-01	4.85e-12	0.00e+00	0.00e+00	0.00e+00	0.00e+00	0.00e+00	0.00e+00	6.69e-01	5.86e-02	4.47e-02
 4.38217e+16	7.81e-01	2.19e-01	4.74e-12	0.00e+00	0.00e+00	0.00e+00	0.00e+00	0.00e+00	0.00e+00	6.78e-01	5.81e-02	4.45e-02
 4.38372e+16	7.90e-01	2.10e-01	4.61e-12	0.00e+00	0.00e+00	0.00e+00	0.00e+00	0.00e+00	0.00e+00	6.88e-01	5.76e-02	4.42e-02
 4.38523e+16	7.99e-01	2.01e-01	4.49e-12	0.00e+00	0.00e+00	0.00e+00	0.00e+00	0.00e+00	0.00e+00	6.98e-01	5.71e-02	4.40e-02
 4.38670e+16	8.06e-01	1.94e-01	4.39e-12	0.00e+00	0.00e+00	0.00e+00	0.00e+00	0.00e+00	0.00e+00	7.06e-01	5.66e-02	4.37e-02
 4.38818e+16	8.14e-01	1.86e-01	4.28e-12	0.00e+00	0.00e+00	0.00e+00	0.00e+00	0.00e+00	0.00e+00	7.15e-01	5.60e-02	4.34e-02
 4.38968e+16	8.22e-01	1.78e-01	4.16e-12	0.00e+00	0.00e+00	0.00e+00	0.00e+00	0.00e+00	0.00e+00	7.24e-01	5.55e-02	4.31e-02
 4.39114e+16	8.30e-01	1.70e-01	4.05e-12	0.00e+00	0.00e+00	0.00e+00	0.00e+00	0.00e+00	0.00e+00	7.32e-01	5.49e-02	4.27e-02
 4.39257e+16	8.37e-01	1.63e-01	3.95e-12	0.00e+00	0.00e+00	0.00e+00	0.00e+00	0.00e+00	0.00e+00	7.40e-01	5.43e-02	4.23e-02
 4.39395e+16	8.43e-01	1.57e-01	3.85e-12	0.00e+00	0.00e+00	0.00e+00	0.00e+00	0.00e+00	0.00e+00	7.47e-01	5.37e-02	4.20e-02
 4.39533e+16	8.49e-01	1.51e-01	3.76e-12	0.00e+00	0.00e+00	0.00e+00	0.00e+00	0.00e+00	0.00e+00	7.55e-01	5.31e-02	4.16e-02
 4.39671e+16	8.56e-01	1.44e-01	3.66e-12	0.00e+00	0.00e+00	0.00e+00	0.00e+00	0.00e+00	0.00e+00	7.62e-01	5.25e-02	4.12e-02
 4.39805e+16	8.61e-01	1.39e-01	3.56e-12	0.00e+00	0.00e+00	0.00e+00	0.00e+00	0.00e+00	0.00e+00	7.69e-01	5.19e-02	4.08e-02
 4.39940e+16	8.67e-01	1.33e-01	3.47e-12	0.00e+00	0.00e+00	0.00e+00	0.00e+00	0.00e+00	0.00e+00	7.75e-01	5.13e-02	4.04e-02
 4.40072e+16	8.73e-01	1.27e-01	3.38e-12	0.00e+00	0.00e+00	0.00e+00	0.00e+00	0.00e+00	0.00e+00	7.82e-01	5.07e-02	4.00e-02
 4.40202e+16	8.78e-01	1.22e-01	3.30e-12	0.00e+00	0.00e+00	0.00e+00	0.00e+00	0.00e+00	0.00e+00	7.88e-01	5.02e-02	3.97e-02
 4.40332e+16	8.83e-01	1.17e-01	3.21e-12	0.00e+00	0.00e+00	0.00e+00	0.00e+00	0.00e+00	0.00e+00	7.94e-01	4.96e-02	3.92e-02
 4.40461e+16	8.87e-01	1.13e-01	3.13e-12	0.00e+00	0.00e+00	0.00e+00	0.00e+00	0.00e+00	0.00e+00	8.00e-01	4.90e-02	3.88e-02
 4.40587e+16	8.92e-01	1.08e-01	3.05e-12	0.00e+00	0.00e+00	0.00e+00	0.00e+00	0.00e+00	0.00e+00	8.05e-01	4.84e-02	3.84e-02
 4.40711e+16	8.96e-01	1.04e-01	2.97e-12	0.00e+00	0.00e+00	0.00e+00	0.00e+00	0.00e+00	0.00e+00	8.10e-01	4.79e-02	3.81e-02
 4.40836e+16	9.01e-01	9.95e-02	2.90e-12	0.00e+00	0.00e+00	0.00e+00	0.00e+00	0.00e+00	0.00e+00	8.15e-01	4.74e-02	3.77e-02
 4.40960e+16	9.05e-01	9.54e-02	2.82e-12	0.00e+00	0.00e+00	0.00e+00	0.00e+00	0.00e+00	0.00e+00	8.20e-01	4.68e-02	3.73e-02
 4.41082e+16	9.09e-01	9.15e-02	2.75e-12	0.00e+00	0.00e+00	0.00e+00	0.00e+00	0.00e+00	0.00e+00	8.25e-01	4.63e-02	3.69e-02
 4.41201e+16	9.12e-01	8.80e-02	2.68e-12	0.00e+00	0.00e+00	0.00e+00	0.00e+00	0.00e+00	0.00e+00	8.30e-01	4.58e-02	3.66e-02
 4.41321e+16	9.16e-01	8.43e-02	2.61e-12	0.00e+00	0.00e+00	0.00e+00	0.00e+00	0.00e+00	0.00e+00	8.34e-01	4.53e-02	3.62e-02
 4.41442e+16	9.19e-01	8.09e-02	2.55e-12	0.00e+00	0.00e+00	0.00e+00	0.00e+00	0.00e+00	0.00e+00	8.38e-01	4.48e-02	3.58e-02
 4.41558e+16	9.22e-01	7.76e-02	2.48e-12	0.00e+00	0.00e+00	0.00e+00	0.00e+00	0.00e+00	0.00e+00	8.43e-01	4.43e-02	3.54e-02
 4.41674e+16	9.25e-01	7.45e-02	2.42e-12	0.00e+00	0.00e+00	0.00e+00	0.00e+00	0.00e+00	0.00e+00	8.47e-01	4.39e-02	3.51e-02
 4.41790e+16	9.28e-01	7.15e-02	2.35e-12	0.00e+00	0.00e+00	0.00e+00	0.00e+00	0.00e+00	0.00e+00	8.50e-01	4.34e-02	3.48e-02
 4.41906e+16	9.31e-01	6.86e-02	2.29e-12	0.00e+00	0.00e+00	0.00e+00	0.00e+00	0.00e+00	0.00e+00	8.54e-01	4.30e-02	3.44e-02
 4.42019e+16	9.34e-01	6.59e-02	2.24e-12	0.00e+00	0.00e+00	0.00e+00	0.00e+00	0.00e+00	0.00e+00	8.57e-01	4.25e-02	3.41e-02
 4.42131e+16	9.37e-01	6.33e-02	2.18e-12	0.00e+00	0.00e+00	0.00e+00	0.00e+00	0.00e+00	0.00e+00	8.61e-01	4.21e-02	3.38e-02
 4.42242e+16	9.39e-01	6.07e-02	2.13e-12	0.00e+00	0.00e+00	0.00e+00	0.00e+00	0.00e+00	0.00e+00	8.64e-01	4.17e-02	3.34e-02
 4.42353e+16	9.42e-01	5.82e-02	2.07e-12	0.00e+00	0.00e+00	0.00e+00	0.00e+00	0.00e+00	0.00e+00	8.67e-01	4.13e-02	3.31e-02
 4.42462e+16	9.44e-01	5.59e-02	2.02e-12	0.00e+00	0.00e+00	0.00e+00	0.00e+00	0.00e+00	0.00e+00	8.70e-01	4.09e-02	3.28e-02
 4.42570e+16	9.46e-01	5.36e-02	1.97e-12	0.00e+00	0.00e+00	0.00e+00	0.00e+00	0.00e+00	0.00e+00	8.73e-01	4.05e-02	3.25e-02
 4.42675e+16	9.49e-01	5.15e-02	1.93e-12	0.00e+00	0.00e+00	0.00e+00	0.00e+00	0.00e+00	0.00e+00	8.76e-01	4.01e-02	3.22e-02
 4.42775e+16	9.50e-01	4.95e-02	1.88e-12	0.00e+00	0.00e+00	0.00e+00	0.00e+00	0.00e+00	0.00e+00	8.79e-01	3.98e-02	3.19e-02
 4.42870e+16	9.52e-01	4.77e-02	1.84e-12	0.00e+00	0.00e+00	0.00e+00	0.00e+00	0.00e+00	0.00e+00	8.81e-01	3.94e-02	3.17e-02
 4.42959e+16	9.54e-01	4.60e-02	1.80e-12	0.00e+00	0.00e+00	0.00e+00	0.00e+00	0.00e+00	0.00e+00	8.84e-01	3.91e-02	3.14e-02
 4.43040e+16	9.56e-01	4.45e-02	1.77e-12	0.00e+00	0.00e+00	0.00e+00	0.00e+00	0.00e+00	0.00e+00	8.86e-01	3.88e-02	3.12e-02
 4.43118e+16	9.57e-01	4.30e-02	1.74e-12	0.00e+00	0.00e+00	0.00e+00	0.00e+00	0.00e+00	0.00e+00	8.87e-01	3.85e-02	3.09e-02
 4.43192e+16	9.58e-01	4.17e-02	1.71e-12	0.00e+00	0.00e+00	0.00e+00	0.00e+00	0.00e+00	0.00e+00	8.89e-01	3.83e-02	3.07e-02
 4.43262e+16	9.60e-01	4.05e-02	1.68e-12	0.00e+00	0.00e+00	0.00e+00	0.00e+00	0.00e+00	0.00e+00	8.91e-01	3.80e-02	3.05e-02
 4.43329e+16	9.61e-01	3.93e-02	1.65e-12	0.00e+00	0.00e+00	0.00e+00	0.00e+00	0.00e+00	0.00e+00	8.93e-01	3.78e-02	3.03e-02
 4.43393e+16	9.62e-01	3.82e-02	1.63e-12	0.00e+00	0.00e+00	0.00e+00	0.00e+00	0.00e+00	0.00e+00	8.94e-01	3.75e-02	3.01e-02
 4.43454e+16	9.63e-01	3.72e-02	1.61e-12	0.00e+00	0.00e+00	0.00e+00	0.00e+00	0.00e+00	0.00e+00	8.96e-01	3.73e-02	3.00e-02
 4.43512e+16	9.64e-01	3.62e-02	1.58e-12	0.00e+00	0.00e+00	0.00e+00	0.00e+00	0.00e+00	0.00e+00	8.97e-01	3.71e-02	2.98e-02
 4.43569e+16	9.65e-01	3.52e-02	1.56e-12	0.00e+00	0.00e+00	0.00e+00	0.00e+00	0.00e+00	0.00e+00	8.98e-01	3.69e-02	2.96e-02
 4.43622e+16	9.66e-01	3.44e-02	1.54e-12	0.00e+00	0.00e+00	0.00e+00	0.00e+00	0.00e+00	0.00e+00	8.99e-01	3.67e-02	2.95e-02
 4.43675e+16	9.66e-01	3.35e-02	1.52e-12	0.00e+00	0.00e+00	0.00e+00	0.00e+00	0.00e+00	0.00e+00	9.01e-01	3.65e-02	2.93e-02
 4.43729e+16	9.67e-01	3.26e-02	1.50e-12	0.00e+00	0.00e+00	0.00e+00	0.00e+00	0.00e+00	0.00e+00	9.02e-01	3.63e-02	2.91e-02
 4.43783e+16	9.68e-01	3.17e-02	1.49e-12	0.00e+00	0.00e+00	0.00e+00	0.00e+00	0.00e+00	0.00e+00	9.03e-01	3.61e-02	2.89e-02
 4.43835e+16	9.69e-01	3.09e-02	1.47e-12	0.00e+00	0.00e+00	0.00e+00	0.00e+00	0.00e+00	0.00e+00	9.04e-01	3.59e-02	2.88e-02
 4.43888e+16	9.70e-01	3.00e-02	1.45e-12	0.00e+00	0.00e+00	0.00e+00	0.00e+00	0.00e+00	0.00e+00	9.06e-01	3.56e-02	2.86e-02
 4.43945e+16	9.71e-01	2.91e-02	1.43e-12	0.00e+00	0.00e+00	0.00e+00	0.00e+00	0.00e+00	0.00e+00	9.07e-01	3.54e-02	2.84e-02
 4.44005e+16	9.72e-01	2.81e-02	1.41e-12	0.00e+00	0.00e+00	0.00e+00	0.00e+00	0.00e+00	0.00e+00	9.09e-01	3.52e-02	2.82e-02
 4.44066e+16	9.73e-01	2.72e-02	1.39e-12	0.00e+00	0.00e+00	0.00e+00	0.00e+00	0.00e+00	0.00e+00	9.10e-01	3.49e-02	2.79e-02
 4.44119e+16	9.74e-01	2.63e-02	1.37e-12	0.00e+00	0.00e+00	0.00e+00	0.00e+00	0.00e+00	0.00e+00	9.11e-01	3.47e-02	2.77e-02
 4.44166e+16	9.74e-01	2.56e-02	1.35e-12	0.00e+00	0.00e+00	0.00e+00	0.00e+00	0.00e+00	0.00e+00	9.12e-01	3.45e-02	2.76e-02
 4.44210e+16	9.75e-01	2.49e-02	1.33e-12	0.00e+00	0.00e+00	0.00e+00	0.00e+00	0.00e+00	0.00e+00	9.14e-01	3.43e-02	2.74e-02
 4.44252e+16	9.76e-01	2.42e-02	1.32e-12	0.00e+00	0.00e+00	0.00e+00	0.00e+00	0.00e+00	0.00e+00	9.15e-01	3.41e-02	2.72e-02
 4.44292e+16	9.76e-01	2.35e-02	1.30e-12	0.00e+00	0.00e+00	0.00e+00	0.00e+00	0.00e+00	0.00e+00	9.16e-01	3.39e-02	2.70e-02
 4.44329e+16	9.77e-01	2.29e-02	1.29e-12	0.00e+00	0.00e+00	0.00e+00	0.00e+00	0.00e+00	0.00e+00	9.17e-01	3.37e-02	2.69e-02
 4.44363e+16	9.78e-01	2.24e-02	1.27e-12	0.00e+00	0.00e+00	0.00e+00	0.00e+00	0.00e+00	0.00e+00	9.17e-01	3.35e-02	2.67e-02
 4.44393e+16	9.78e-01	2.19e-02	1.26e-12	0.00e+00	0.00e+00	0.00e+00	0.00e+00	0.00e+00	0.00e+00	9.18e-01	3.33e-02	2.66e-02
 4.44421e+16	9.79e-01	2.14e-02	1.25e-12	0.00e+00	0.00e+00	0.00e+00	0.00e+00	0.00e+00	0.00e+00	9.19e-01	3.32e-02	2.64e-02
 4.44447e+16	9.79e-01	2.10e-02	1.24e-12	0.00e+00	0.00e+00	0.00e+00	0.00e+00	0.00e+00	0.00e+00	9.20e-01	3.30e-02	2.63e-02
 4.44470e+16	9.79e-01	2.07e-02	1.22e-12	0.00e+00	0.00e+00	0.00e+00	0.00e+00	0.00e+00	0.00e+00	9.20e-01	3.29e-02	2.62e-02
 4.44491e+16	9.80e-01	2.04e-02	1.22e-12	0.00e+00	0.00e+00	0.00e+00	0.00e+00	0.00e+00	0.00e+00	9.21e-01	3.28e-02	2.61e-02
 4.44514e+16	9.80e-01	2.00e-02	1.20e-12	0.00e+00	0.00e+00	0.00e+00	0.00e+00	0.00e+00	0.00e+00	9.21e-01	3.26e-02	2.60e-02
 4.44539e+16	9.80e-01	1.96e-02	1.19e-12	0.00e+00	0.00e+00	0.00e+00	0.00e+00	0.00e+00	0.00e+00	9.22e-01	3.24e-02	2.58e-02
 4.44562e+16	9.81e-01	1.93e-02	1.18e-12	0.00e+00	0.00e+00	0.00e+00	0.00e+00	0.00e+00	0.00e+00	9.23e-01	3.23e-02	2.57e-02
 4.44582e+16	9.81e-01	1.90e-02	1.17e-12	0.00e+00	0.00e+00	0.00e+00	0.00e+00	0.00e+00	0.00e+00	9.23e-01	3.21e-02	2.56e-02
 4.44605e+16	9.81e-01	1.87e-02	1.16e-12	0.00e+00	0.00e+00	0.00e+00	0.00e+00	0.00e+00	0.00e+00	9.24e-01	3.20e-02	2.55e-02
 4.44629e+16	9.82e-01	1.83e-02	1.14e-12	0.00e+00	0.00e+00	0.00e+00	0.00e+00	0.00e+00	0.00e+00	9.24e-01	3.18e-02	2.54e-02
 4.44652e+16	9.82e-01	1.80e-02	1.13e-12	0.00e+00	0.00e+00	0.00e+00	0.00e+00	0.00e+00	0.00e+00	9.25e-01	3.17e-02	2.53e-02
 4.44672e+16	9.82e-01	1.77e-02	1.12e-12	0.00e+00	0.00e+00	0.00e+00	0.00e+00	0.00e+00	0.00e+00	9.26e-01	3.15e-02	2.52e-02
 4.44694e+16	9.83e-01	1.74e-02	1.11e-12	0.00e+00	0.00e+00	0.00e+00	0.00e+00	0.00e+00	0.00e+00	9.26e-01	3.14e-02	2.51e-02
 4.44718e+16	9.83e-01	1.71e-02	1.09e-12	0.00e+00	0.00e+00	0.00e+00	0.00e+00	0.00e+00	0.00e+00	9.27e-01	3.12e-02	2.50e-02
 4.44740e+16	9.83e-01	1.68e-02	1.08e-12	0.00e+00	0.00e+00	0.00e+00	0.00e+00	0.00e+00	0.00e+00	9.27e-01	3.11e-02	2.49e-02
 4.44764e+16	9.83e-01	1.65e-02	1.07e-12	0.00e+00	0.00e+00	0.00e+00	0.00e+00	0.00e+00	0.00e+00	9.28e-01	3.10e-02	2.48e-02
 4.44789e+16	9.84e-01	1.62e-02	1.06e-12	0.00e+00	0.00e+00	0.00e+00	0.00e+00	0.00e+00	0.00e+00	9.28e-01	3.08e-02	2.46e-02
 4.44813e+16	9.84e-01	1.60e-02	1.04e-12	0.00e+00	0.00e+00	0.00e+00	0.00e+00	0.00e+00	0.00e+00	9.29e-01	3.07e-02	2.45e-02
 4.44839e+16	9.84e-01	1.57e-02	1.03e-12	0.00e+00	0.00e+00	0.00e+00	0.00e+00	0.00e+00	0.00e+00	9.29e-01	3.06e-02	2.44e-02
 4.44866e+16	9.85e-01	1.53e-02	1.01e-12	0.00e+00	0.00e+00	0.00e+00	0.00e+00	0.00e+00	0.00e+00	9.30e-01	3.04e-02	2.43e-02
 4.44892e+16	9.85e-01	1.50e-02	9.99e-13	0.00e+00	0.00e+00	0.00e+00	0.00e+00	0.00e+00	0.00e+00	9.31e-01	3.03e-02	2.42e-02
 4.44914e+16	9.85e-01	1.48e-02	9.86e-13	0.00e+00	0.00e+00	0.00e+00	0.00e+00	0.00e+00	0.00e+00	9.31e-01	3.02e-02	2.41e-02
 4.44940e+16	9.85e-01	1.45e-02	9.72e-13	0.00e+00	0.00e+00	0.00e+00	0.00e+00	0.00e+00	0.00e+00	9.32e-01	3.00e-02	2.40e-02
 4.44967e+16	9.86e-01	1.42e-02	9.56e-13	0.00e+00	0.00e+00	0.00e+00	0.00e+00	0.00e+00	0.00e+00	9.32e-01	2.99e-02	2.38e-02
 4.44992e+16	9.86e-01	1.40e-02	9.41e-13	0.00e+00	0.00e+00	0.00e+00	0.00e+00	0.00e+00	0.00e+00	9.33e-01	2.97e-02	2.37e-02
 4.45014e+16	9.86e-01	1.37e-02	9.29e-13	0.00e+00	0.00e+00	0.00e+00	0.00e+00	0.00e+00	0.00e+00	9.33e-01	2.96e-02	2.36e-02
 4.45039e+16	9.87e-01	1.35e-02	9.14e-13	0.00e+00	0.00e+00	0.00e+00	0.00e+00	0.00e+00	0.00e+00	9.34e-01	2.95e-02	2.35e-02
 4.45065e+16	9.87e-01	1.32e-02	8.97e-13	0.00e+00	0.00e+00	0.00e+00	0.00e+00	0.00e+00	0.00e+00	9.34e-01	2.93e-02	2.33e-02
 4.45090e+16	9.87e-01	1.29e-02	8.81e-13	0.00e+00	0.00e+00	0.00e+00	0.00e+00	0.00e+00	0.00e+00	9.35e-01	2.92e-02	2.32e-02
 4.45112e+16	9.87e-01	1.27e-02	8.67e-13	0.00e+00	0.00e+00	0.00e+00	0.00e+00	0.00e+00	0.00e+00	9.35e-01	2.90e-02	2.31e-02
 4.45132e+16	9.87e-01	1.25e-02	8.53e-13	0.00e+00	0.00e+00	0.00e+00	0.00e+00	0.00e+00	0.00e+00	9.36e-01	2.89e-02	2.30e-02
 4.45154e+16	9.88e-01	1.23e-02	8.40e-13	0.00e+00	0.00e+00	0.00e+00	0.00e+00	0.00e+00	0.00e+00	9.36e-01	2.88e-02	2.29e-02
 4.45182e+16	9.88e-01	1.20e-02	8.20e-13	0.00e+00	0.00e+00	0.00e+00	0.00e+00	0.00e+00	0.00e+00	9.37e-01	2.86e-02	2.27e-02
 4.45213e+16	9.88e-01	1.17e-02	8.01e-13	0.00e+00	0.00e+00	0.00e+00	0.00e+00	0.00e+00	0.00e+00	9.37e-01	2.84e-02	2.25e-02
 4.45241e+16	9.89e-01	1.14e-02	7.84e-13	0.00e+00	0.00e+00	0.00e+00	0.00e+00	0.00e+00	0.00e+00	9.38e-01	2.83e-02	2.24e-02
 4.45267e+16	9.89e-01	1.12e-02	7.69e-13	0.00e+00	0.00e+00	0.00e+00	0.00e+00	0.00e+00	0.00e+00	9.38e-01	2.81e-02	2.22e-02
 4.45290e+16	9.89e-01	1.10e-02	7.56e-13	0.00e+00	0.00e+00	0.00e+00	0.00e+00	0.00e+00	0.00e+00	9.39e-01	2.80e-02	2.21e-02
 4.45311e+16	9.89e-01	1.08e-02	7.44e-13	0.00e+00	0.00e+00	0.00e+00	0.00e+00	0.00e+00	0.00e+00	9.39e-01	2.79e-02	2.20e-02
 4.45334e+16	9.89e-01	1.06e-02	7.31e-13	0.00e+00	0.00e+00	0.00e+00	0.00e+00	0.00e+00	0.00e+00	9.40e-01	2.77e-02	2.18e-02
 4.45359e+16	9.90e-01	1.04e-02	7.17e-13	0.00e+00	0.00e+00	0.00e+00	0.00e+00	0.00e+00	0.00e+00	9.40e-01	2.76e-02	2.17e-02
 4.45382e+16	9.90e-01	1.02e-02	7.04e-13	0.00e+00	0.00e+00	0.00e+00	0.00e+00	0.00e+00	0.00e+00	9.41e-01	2.74e-02	2.15e-02
 4.45403e+16	9.90e-01	1.00e-02	6.94e-13	0.00e+00	0.00e+00	0.00e+00	0.00e+00	0.00e+00	0.00e+00	9.41e-01	2.73e-02	2.14e-02
 4.45425e+16	9.90e-01	9.85e-03	6.82e-13	0.00e+00	0.00e+00	0.00e+00	0.00e+00	0.00e+00	0.00e+00	9.42e-01	2.72e-02	2.13e-02
 4.45450e+16	9.90e-01	9.65e-03	6.69e-13	0.00e+00	0.00e+00	0.00e+00	0.00e+00	0.00e+00	0.00e+00	9.42e-01	2.70e-02	2.11e-02
 4.45472e+16	9.91e-01	9.48e-03	6.58e-13	0.00e+00	0.00e+00	0.00e+00	0.00e+00	0.00e+00	0.00e+00	9.43e-01	2.69e-02	2.10e-02
 4.45497e+16	9.91e-01	9.32e-03	6.48e-13	0.00e+00	0.00e+00	0.00e+00	0.00e+00	0.00e+00	0.00e+00	9.43e-01	2.66e-02	2.08e-02
 4.45529e+16	9.91e-01	9.12e-03	6.35e-13	0.00e+00	0.00e+00	0.00e+00	0.00e+00	0.00e+00	0.00e+00	9.44e-01	2.63e-02	2.06e-02
 4.45570e+16	9.91e-01	8.87e-03	6.19e-13	0.00e+00	0.00e+00	0.00e+00	0.00e+00	0.00e+00	0.00e+00	9.45e-01	2.59e-02	2.03e-02
 4.45614e+16	9.91e-01	8.62e-03	6.02e-13	0.00e+00	0.00e+00	0.00e+00	0.00e+00	0.00e+00	0.00e+00	9.46e-01	2.55e-02	2.00e-02
 4.45655e+16	9.92e-01	8.38e-03	5.87e-13	0.00e+00	0.00e+00	0.00e+00	0.00e+00	0.00e+00	0.00e+00	9.47e-01	2.51e-02	1.98e-02
 4.45692e+16	9.92e-01	8.19e-03	5.74e-13	0.00e+00	0.00e+00	0.00e+00	0.00e+00	0.00e+00	0.00e+00	9.47e-01	2.48e-02	1.95e-02
 4.45726e+16	9.92e-01	8.02e-03	5.63e-13	0.00e+00	0.00e+00	0.00e+00	0.00e+00	0.00e+00	0.00e+00	9.48e-01	2.46e-02	1.93e-02
 4.45762e+16	9.92e-01	7.80e-03	5.49e-13	0.00e+00	0.00e+00	0.00e+00	0.00e+00	0.00e+00	0.00e+00	9.49e-01	2.42e-02	1.91e-02
 4.45802e+16	9.92e-01	7.60e-03	5.36e-13	0.00e+00	0.00e+00	0.00e+00	0.00e+00	0.00e+00	0.00e+00	9.50e-01	2.39e-02	1.88e-02
 4.45838e+16	9.93e-01	7.44e-03	5.25e-13	0.00e+00	0.00e+00	0.00e+00	0.00e+00	0.00e+00	0.00e+00	9.50e-01	2.36e-02	1.86e-02
 4.45878e+16	9.93e-01	7.23e-03	5.12e-13	0.00e+00	0.00e+00	0.00e+00	0.00e+00	0.00e+00	0.00e+00	9.51e-01	2.33e-02	1.83e-02
 4.45921e+16	9.93e-01	7.02e-03	4.98e-13	0.00e+00	0.00e+00	0.00e+00	0.00e+00	0.00e+00	0.00e+00	9.52e-01	2.29e-02	1.80e-02
 4.45960e+16	9.93e-01	6.86e-03	4.87e-13	0.00e+00	0.00e+00	0.00e+00	0.00e+00	0.00e+00	0.00e+00	9.53e-01	2.26e-02	1.78e-02
 4.45995e+16	9.93e-01	6.71e-03	4.77e-13	0.00e+00	0.00e+00	0.00e+00	0.00e+00	0.00e+00	0.00e+00	9.53e-01	2.24e-02	1.75e-02
 4.46034e+16	9.93e-01	6.53e-03	4.65e-13	0.00e+00	0.00e+00	0.00e+00	0.00e+00	0.00e+00	0.00e+00	9.54e-01	2.20e-02	1.72e-02
 4.46076e+16	9.94e-01	6.34e-03	4.53e-13	0.00e+00	0.00e+00	0.00e+00	0.00e+00	0.00e+00	0.00e+00	9.55e-01	2.17e-02	1.70e-02
