#depth	H	H+	H2
 9.12697e+10	4.00e-03	9.96e-01	3.28e-11
 5.47618e+11	3.99e-03	9.96e-01	3.28e-11
 2.37301e+12	3.99e-03	9.96e-01	3.28e-11
 9.67459e+12	3.99e-03	9.96e-01	3.29e-11
 2.31095e+13	3.96e-03	9.96e-01	3.27e-11
 4.05748e+13	3.93e-03	9.96e-01	3.22e-11
 6.32798e+13	3.91e-03	9.96e-01	3.19e-11
 9.27963e+13	3.88e-03	9.96e-01	3.16e-11
 1.31168e+14	3.85e-03	9.96e-01	3.11e-11
 1.81051e+14	3.81e-03	9.96e-01	3.06e-11
 2.45898e+14	3.77e-03	9.96e-01	3.01e-11
 3.30200e+14	3.71e-03	9.96e-01	2.93e-11
 4.39793e+14	3.66e-03	9.96e-01	2.86e-11
 5.82263e+14	3.61e-03	9.96e-01	2.77e-11
 7.67475e+14	3.54e-03	9.96e-01	2.68e-11
 1.00825e+15	3.49e-03	9.97e-01	2.59e-11
 1.26682e+15	3.41e-03	9.97e-01	2.48e-11
 1.50197e+15	3.37e-03	9.97e-01	2.41e-11
 1.76110e+15	3.35e-03	9.97e-01	2.38e-11
 2.09797e+15	3.34e-03	9.97e-01	2.37e-11
 2.40279e+15	3.26e-03	9.97e-01	2.30e-11
 2.64307e+15	3.23e-03	9.97e-01	2.24e-11
 2.90737e+15	3.20e-03	9.97e-01	2.21e-11
 3.19811e+15	3.17e-03	9.97e-01	2.17e-11
 3.51792e+15	3.13e-03	9.97e-01	2.13e-11
 3.86971e+15	3.08e-03	9.97e-01	2.08e-11
 4.25669e+15	3.03e-03	9.97e-01	2.01e-11
 4.68235e+15	2.98e-03	9.97e-01	1.96e-11
 5.15059e+15	2.93e-03	9.97e-01	1.89e-11
 5.66565e+15	2.88e-03	9.97e-01	1.84e-11
 6.23221e+15	2.83e-03	9.97e-01	1.78e-11
 6.85544e+15	2.79e-03	9.97e-01	1.73e-11
 7.54098e+15	2.75e-03	9.97e-01	1.69e-11
 8.22813e+15	2.71e-03	9.97e-01	1.65e-11
 8.83417e+15	2.69e-03	9.97e-01	1.62e-11
 9.36524e+15	2.67e-03	9.97e-01	1.61e-11
 9.86484e+15	2.67e-03	9.97e-01	1.61e-11
 1.03520e+16	2.67e-03	9.97e-01	1.61e-11
 1.08198e+16	2.68e-03	9.97e-01	1.63e-11
 1.12397e+16	2.68e-03	9.97e-01	1.64e-11
 1.16057e+16	2.69e-03	9.97e-01	1.65e-11
 1.19515e+16	2.69e-03	9.97e-01	1.66e-11
 1.23483e+16	2.70e-03	9.97e-01	1.67e-11
 1.27667e+16	2.70e-03	9.97e-01	1.67e-11
 1.31219e+16	2.68e-03	9.97e-01	1.65e-11
 1.34334e+16	2.67e-03	9.97e-01	1.63e-11
 1.37795e+16	2.65e-03	9.97e-01	1.60e-11
 1.41568e+16	2.62e-03	9.97e-01	1.56e-11
 1.45061e+16	2.59e-03	9.97e-01	1.52e-11
 1.48586e+16	2.59e-03	9.97e-01	1.51e-11
 1.52789e+16	2.61e-03	9.97e-01	1.53e-11
 1.57227e+16	2.66e-03	9.97e-01	1.60e-11
 1.61255e+16	2.75e-03	9.97e-01	1.72e-11
 1.64547e+16	2.86e-03	9.97e-01	1.87e-11
 1.66860e+16	2.95e-03	9.97e-01	2.03e-11
 1.68731e+16	3.02e-03	9.97e-01	2.16e-11
 1.70814e+16	3.12e-03	9.97e-01	2.33e-11
 1.73521e+16	3.26e-03	9.97e-01	2.55e-11
 1.76148e+16	3.43e-03	9.97e-01	2.85e-11
 1.77890e+16	3.56e-03	9.96e-01	3.14e-11
 1.79052e+16	3.64e-03	9.96e-01	3.35e-11
 1.80238e+16	3.72e-03	9.96e-01	3.53e-11
 1.81778e+16	3.83e-03	9.96e-01	3.76e-11
 1.83444e+16	3.96e-03	9.96e-01	4.05e-11
 1.84838e+16	4.07e-03	9.96e-01	4.34e-11
 1.85928e+16	4.15e-03	9.96e-01	4.58e-11
 1.87061e+16	4.24e-03	9.96e-01	4.81e-11
 1.88532e+16	4.34e-03	9.96e-01	5.07e-11
 1.90034e+16	4.45e-03	9.96e-01	5.38e-11
 1.91159e+16	4.52e-03	9.95e-01	5.65e-11
 1.92043e+16	4.58e-03	9.95e-01	5.86e-11
 1.93027e+16	4.64e-03	9.95e-01	6.04e-11
 1.94305e+16	4.70e-03	9.95e-01	6.25e-11
 1.95967e+16	4.77e-03	9.95e-01	6.49e-11
 1.97725e+16	4.85e-03	9.95e-01	6.79e-11
 1.99325e+16	4.91e-03	9.95e-01	7.02e-11
 2.01121e+16	4.96e-03	9.95e-01	7.18e-11
 2.03457e+16	5.03e-03	9.95e-01	7.38e-11
 2.06494e+16	5.11e-03	9.95e-01	7.59e-11
 2.10442e+16	5.22e-03	9.95e-01	7.82e-11
 2.15574e+16	5.36e-03	9.95e-01	8.08e-11
 2.21305e+16	5.56e-03	9.94e-01	8.49e-11
 2.26686e+16	5.77e-03	9.94e-01	8.91e-11
 2.31599e+16	5.96e-03	9.94e-01	9.28e-11
 2.36202e+16	6.14e-03	9.94e-01	9.63e-11
 2.40598e+16	6.31e-03	9.94e-01	9.95e-11
 2.44807e+16	6.49e-03	9.94e-01	1.02e-10
 2.48810e+16	6.65e-03	9.93e-01	1.05e-10
 2.52595e+16	6.81e-03	9.93e-01	1.08e-10
 2.56175e+16	6.97e-03	9.93e-01	1.10e-10
 2.59606e+16	7.11e-03	9.93e-01	1.12e-10
 2.62911e+16	7.25e-03	9.93e-01	1.13e-10
 2.66091e+16	7.39e-03	9.93e-01	1.15e-10
 2.69156e+16	7.52e-03	9.92e-01	1.16e-10
 2.72117e+16	7.64e-03	9.92e-01	1.17e-10
 2.74987e+16	7.77e-03	9.92e-01	1.18e-10
 2.77829e+16	7.89e-03	9.92e-01	1.18e-10
 2.80634e+16	8.00e-03	9.92e-01	1.19e-10
 2.83323e+16	8.12e-03	9.92e-01	1.19e-10
 2.85923e+16	8.23e-03	9.92e-01	1.19e-10
 2.88484e+16	8.34e-03	9.92e-01	1.19e-10
 2.91021e+16	8.45e-03	9.92e-01	1.19e-10
 2.93540e+16	8.56e-03	9.91e-01	1.18e-10
 2.96052e+16	8.67e-03	9.91e-01	1.16e-10
 2.98570e+16	8.79e-03	9.91e-01	1.14e-10
 3.01106e+16	8.92e-03	9.91e-01	1.11e-10
 3.03673e+16	9.05e-03	9.91e-01	1.07e-10
 3.06280e+16	9.20e-03	9.91e-01	1.01e-10
 3.08939e+16	9.36e-03	9.91e-01	9.39e-11
 3.11660e+16	9.52e-03	9.90e-01	8.47e-11
 3.14394e+16	9.72e-03	9.90e-01	7.58e-11
 3.17231e+16	9.92e-03	9.90e-01	6.58e-11
 3.20242e+16	1.02e-02	9.90e-01	5.59e-11
 3.23335e+16	1.04e-02	9.90e-01	4.68e-11
 3.26498e+16	1.07e-02	9.89e-01	3.89e-11
 3.29751e+16	1.10e-02	9.89e-01	3.22e-11
 3.33102e+16	1.14e-02	9.89e-01	2.67e-11
 3.36546e+16	1.18e-02	9.88e-01	2.23e-11
 3.40076e+16	1.23e-02	9.88e-01	1.89e-11
 3.43685e+16	1.28e-02	9.87e-01	1.63e-11
 3.47364e+16	1.34e-02	9.87e-01	1.43e-11
 3.51101e+16	1.40e-02	9.86e-01	1.28e-11
 3.54879e+16	1.48e-02	9.85e-01	1.16e-11
 3.58680e+16	1.56e-02	9.84e-01	1.08e-11
 3.62491e+16	1.65e-02	9.84e-01	1.03e-11
 3.66294e+16	1.75e-02	9.82e-01	9.94e-12
 3.70076e+16	1.87e-02	9.81e-01	9.75e-12
 3.73822e+16	2.00e-02	9.80e-01	9.69e-12
 3.77524e+16	2.14e-02	9.79e-01	9.76e-12
 3.81170e+16	2.30e-02	9.77e-01	9.93e-12
 3.84752e+16	2.49e-02	9.75e-01	1.02e-11
 3.88264e+16	2.70e-02	9.73e-01	1.06e-11
 3.91705e+16	2.94e-02	9.71e-01	1.11e-11
 3.95072e+16	3.22e-02	9.68e-01	1.16e-11
 3.98364e+16	3.54e-02	9.65e-01	1.23e-11
 4.01587e+16	3.92e-02	9.61e-01	1.32e-11
 4.04748e+16	4.38e-02	9.56e-01	1.42e-11
 4.07854e+16	4.93e-02	9.51e-01	1.55e-11
 4.10916e+16	5.61e-02	9.44e-01	1.72e-11
 4.13953e+16	6.48e-02	9.35e-01	1.93e-11
 4.16937e+16	7.62e-02	9.24e-01	2.21e-11
 4.19657e+16	9.10e-02	9.09e-01	2.60e-11
 4.21879e+16	1.08e-01	8.92e-01	3.08e-11
 4.23632e+16	1.26e-01	8.74e-01	3.59e-11
 4.25134e+16	1.44e-01	8.56e-01	4.15e-11
 4.26789e+16	1.69e-01	8.31e-01	4.91e-11
 4.28559e+16	2.05e-01	7.95e-01	6.17e-11
 4.30069e+16	2.48e-01	7.52e-01	7.87e-11
 4.31211e+16	2.92e-01	7.08e-01	9.84e-11
 4.31980e+16	3.28e-01	6.72e-01	1.17e-10
 4.32505e+16	3.56e-01	6.44e-01	1.32e-10
 4.32942e+16	3.79e-01	6.21e-01	1.47e-10
 4.33388e+16	4.04e-01	5.96e-01	1.64e-10
 4.33845e+16	4.32e-01	5.68e-01	1.85e-10
 4.34250e+16	4.58e-01	5.42e-01	2.07e-10
 4.34576e+16	4.81e-01	5.19e-01	2.29e-10
 4.34863e+16	5.00e-01	5.00e-01	2.49e-10
 4.35142e+16	5.20e-01	4.80e-01	2.72e-10
 4.35420e+16	5.39e-01	4.61e-01	2.95e-10
 4.35654e+16	5.57e-01	4.43e-01	3.20e-10
 4.35816e+16	5.69e-01	4.31e-01	3.38e-10
 4.35954e+16	5.79e-01	4.21e-01	3.53e-10
 4.36113e+16	5.91e-01	4.09e-01	3.75e-10
 4.36295e+16	6.04e-01	3.96e-01	3.99e-10
 4.36474e+16	6.18e-01	3.82e-01	4.25e-10
 4.36641e+16	6.30e-01	3.70e-01	4.51e-10
 4.36800e+16	6.41e-01	3.59e-01	4.76e-10
 4.36961e+16	6.53e-01	3.47e-01	5.06e-10
 4.37125e+16	6.65e-01	3.35e-01	5.39e-10
 4.37286e+16	6.76e-01	3.24e-01	5.73e-10
 4.37442e+16	6.87e-01	3.13e-01	6.05e-10
 4.37599e+16	6.98e-01	3.02e-01	6.46e-10
 4.37758e+16	7.10e-01	2.90e-01	6.89e-10
 4.37913e+16	7.20e-01	2.80e-01	7.33e-10
 4.38064e+16	7.30e-01	2.70e-01	7.74e-10
 4.38217e+16	7.40e-01	2.60e-01	8.27e-10
 4.38372e+16	7.50e-01	2.50e-01	8.84e-10
 4.38523e+16	7.60e-01	2.40e-01	9.41e-10
 4.38670e+16	7.69e-01	2.31e-01	9.94e-10
 4.38818e+16	7.77e-01	2.23e-01	1.06e-09
 4.38968e+16	7.86e-01	2.14e-01	1.13e-09
 4.39114e+16	7.95e-01	2.05e-01	1.20e-09
 4.39257e+16	8.03e-01	1.97e-01	1.29e-09
 4.39395e+16	8.11e-01	1.89e-01	1.36e-09
 4.39533e+16	8.18e-01	1.82e-01	1.46e-09
 4.39671e+16	8.25e-01	1.75e-01	1.56e-09
 4.39805e+16	8.32e-01	1.68e-01	1.64e-09
 4.39940e+16	8.38e-01	1.62e-01	1.76e-09
 4.40072e+16	8.45e-01	1.55e-01	1.88e-09
 4.40202e+16	8.51e-01	1.49e-01	1.98e-09
 4.40332e+16	8.57e-01	1.43e-01	2.12e-09
 4.40461e+16	8.62e-01	1.38e-01	2.28e-09
 4.40587e+16	8.68e-01	1.32e-01	2.44e-09
 4.40711e+16	8.73e-01	1.27e-01	2.57e-09
 4.40836e+16	8.78e-01	1.22e-01	2.76e-09
 4.40960e+16	8.83e-01	1.17e-01	2.97e-09
 4.41082e+16	8.87e-01	1.13e-01	3.19e-09
 4.41201e+16	8.91e-01	1.09e-01	3.36e-09
 4.41321e+16	8.96e-01	1.04e-01	3.66e-09
 4.41442e+16	9.00e-01	1.00e-01	3.95e-09
 4.41558e+16	9.04e-01	9.61e-02	4.27e-09
 4.41674e+16	9.08e-01	9.24e-02	4.61e-09
 4.41790e+16	9.11e-01	8.88e-02	4.98e-09
 4.41906e+16	9.15e-01	8.53e-02	5.41e-09
 4.42019e+16	9.18e-01	8.20e-02	5.87e-09
 4.42131e+16	9.21e-01	7.88e-02	6.42e-09
 4.42242e+16	9.24e-01	7.57e-02	7.05e-09
 4.42353e+16	9.27e-01	7.27e-02	7.78e-09
 4.42462e+16	9.30e-01	6.98e-02	8.63e-09
 4.42570e+16	9.33e-01	6.71e-02	9.62e-09
 4.42675e+16	9.36e-01	6.45e-02	1.08e-08
 4.42775e+16	9.38e-01	6.21e-02	1.20e-08
 4.42870e+16	9.40e-01	5.98e-02	1.35e-08
 4.42959e+16	9.42e-01	5.78e-02	1.51e-08
 4.43040e+16	9.44e-01	5.59e-02	1.69e-08
 4.43118e+16	9.46e-01	5.42e-02	1.89e-08
 4.43192e+16	9.47e-01	5.26e-02	2.11e-08
 4.43262e+16	9.49e-01	5.11e-02	2.36e-08
 4.43329e+16	9.50e-01	4.97e-02	2.63e-08
 4.43393e+16	9.52e-01	4.83e-02	2.94e-08
 4.43454e+16	9.53e-01	4.71e-02	3.28e-08
 4.43512e+16	9.54e-01	4.59e-02	3.66e-08
 4.43569e+16	9.55e-01	4.47e-02	4.11e-08
 4.43622e+16	9.56e-01	4.36e-02	4.53e-08
 4.43675e+16	9.57e-01	4.26e-02	5.03e-08
 4.43729e+16	9.58e-01	4.15e-02	5.61e-08
 4.43783e+16	9.60e-01	4.05e-02	6.25e-08
 4.43835e+16	9.61e-01	3.94e-02	6.92e-08
 4.43888e+16	9.62e-01	3.84e-02	7.62e-08
 4.43945e+16	9.63e-01	3.73e-02	8.36e-08
 4.44005e+16	9.64e-01	3.61e-02	9.15e-08
 4.44066e+16	9.65e-01	3.49e-02	9.86e-08
 4.44119e+16	9.66e-01	3.39e-02	1.04e-07
 4.44166e+16	9.67e-01	3.30e-02	1.08e-07
 4.44210e+16	9.68e-01	3.22e-02	1.11e-07
 4.44252e+16	9.69e-01	3.14e-02	1.13e-07
 4.44292e+16	9.69e-01	3.06e-02	1.15e-07
 4.44329e+16	9.70e-01	2.99e-02	1.17e-07
 4.44363e+16	9.71e-01	2.92e-02	1.18e-07
 4.44393e+16	9.71e-01	2.86e-02	1.19e-07
 4.44421e+16	9.72e-01	2.81e-02	1.20e-07
 4.44447e+16	9.72e-01	2.76e-02	1.20e-07
 4.44470e+16	9.73e-01	2.72e-02	1.21e-07
 4.44491e+16	9.73e-01	2.68e-02	1.22e-07
 4.44514e+16	9.74e-01	2.64e-02	1.23e-07
 4.44539e+16	9.74e-01	2.59e-02	1.24e-07
 4.44562e+16	9.74e-01	2.55e-02	1.25e-07
 4.44582e+16	9.75e-01	2.52e-02	1.26e-07
 4.44605e+16	9.75e-01	2.48e-02	1.27e-07
 4.44629e+16	9.76e-01	2.44e-02	1.28e-07
 4.44652e+16	9.76e-01	2.40e-02	1.30e-07
 4.44672e+16	9.76e-01	2.37e-02	1.31e-07
 4.44694e+16	9.77e-01	2.33e-02	1.32e-07
 4.44718e+16	9.77e-01	2.29e-02	1.34e-07
 4.44740e+16	9.77e-01	2.26e-02	1.35e-07
 4.44764e+16	9.78e-01	2.23e-02	1.37e-07
 4.44789e+16	9.78e-01	2.19e-02	1.38e-07
 4.44813e+16	9.78e-01	2.16e-02	1.40e-07
 4.44839e+16	9.79e-01	2.12e-02	1.42e-07
 4.44866e+16	9.79e-01	2.08e-02	1.44e-07
 4.44892e+16	9.80e-01	2.05e-02	1.46e-07
 4.44914e+16	9.80e-01	2.02e-02	1.48e-07
 4.44940e+16	9.80e-01	1.98e-02	1.50e-07
 4.44967e+16	9.81e-01	1.95e-02	1.53e-07
 4.44992e+16	9.81e-01	1.92e-02	1.56e-07
 4.45014e+16	9.81e-01	1.89e-02	1.58e-07
 4.45039e+16	9.81e-01	1.86e-02	1.60e-07
 4.45065e+16	9.82e-01	1.83e-02	1.63e-07
 4.45090e+16	9.82e-01	1.80e-02	1.66e-07
 4.45112e+16	9.82e-01	1.77e-02	1.69e-07
 4.45132e+16	9.83e-01	1.74e-02	1.72e-07
 4.45154e+16	9.83e-01	1.72e-02	1.74e-07
 4.45182e+16	9.83e-01	1.68e-02	1.79e-07
 4.45213e+16	9.84e-01	1.65e-02	1.83e-07
 4.45241e+16	9.84e-01	1.62e-02	1.87e-07
 4.45267e+16	9.84e-01	1.59e-02	1.91e-07
 4.45290e+16	9.84e-01	1.56e-02	1.95e-07
 4.45311e+16	9.85e-01	1.54e-02	1.97e-07
 4.45334e+16	9.85e-01	1.52e-02	2.01e-07
 4.45359e+16	9.85e-01	1.49e-02	2.05e-07
 4.45382e+16	9.85e-01	1.47e-02	2.09e-07
 4.45403e+16	9.86e-01	1.45e-02	2.12e-07
 4.45425e+16	9.86e-01	1.43e-02	2.15e-07
 4.45450e+16	9.86e-01	1.40e-02	2.20e-07
 4.45472e+16	9.86e-01	1.38e-02	2.23e-07
 4.45497e+16	9.86e-01	1.36e-02	2.26e-07
 4.45529e+16	9.87e-01	1.34e-02	2.30e-07
 4.45570e+16	9.87e-01	1.31e-02	2.35e-07
 4.45614e+16	9.87e-01	1.28e-02	2.40e-07
 4.45655e+16	9.88e-01	1.25e-02	2.45e-07
 4.45692e+16	9.88e-01	1.22e-02	2.49e-07
 4.45726e+16	9.88e-01	1.20e-02	2.53e-07
 4.45762e+16	9.88e-01	1.17e-02	2.58e-07
 4.45802e+16	9.89e-01	1.15e-02	2.62e-07
 4.45838e+16	9.89e-01	1.13e-02	2.66e-07
 4.45878e+16	9.89e-01	1.10e-02	2.72e-07
 4.45921e+16	9.89e-01	1.08e-02	2.77e-07
 4.45960e+16	9.89e-01	1.05e-02	2.81e-07
 4.45995e+16	9.90e-01	1.03e-02	2.85e-07
 4.46034e+16	9.90e-01	1.01e-02	2.90e-07
 4.46076e+16	9.90e-01	9.88e-03	2.95e-07
