#depth	He	He+	He+2
 9.67316e+11	1.35e-04	1.60e-01	8.40e-01
 5.80390e+12	1.35e-04	1.60e-01	8.39e-01
 2.51502e+13	1.36e-04	1.61e-01	8.39e-01
 1.02535e+14	1.38e-04	1.63e-01	8.37e-01
 2.44924e+14	1.42e-04	1.65e-01	8.35e-01
 4.30030e+14	1.46e-04	1.69e-01	8.31e-01
 6.70667e+14	1.53e-04	1.74e-01	8.26e-01
 9.83496e+14	1.63e-04	1.82e-01	8.18e-01
 1.39017e+15	1.77e-04	1.94e-01	8.06e-01
 1.91885e+15	1.99e-04	2.13e-01	7.87e-01
 2.60614e+15	2.32e-04	2.41e-01	7.59e-01
 3.36039e+15	2.75e-04	2.80e-01	7.20e-01
 4.04212e+15	3.24e-04	3.25e-01	6.75e-01
 4.64385e+15	3.79e-04	3.74e-01	6.26e-01
 5.20059e+15	4.44e-04	4.30e-01	5.69e-01
 5.71468e+15	5.09e-04	4.90e-01	5.10e-01
 6.27387e+15	5.93e-04	5.62e-01	4.37e-01
 6.88638e+15	6.92e-04	6.47e-01	3.53e-01
 7.45782e+15	7.94e-04	7.27e-01	2.72e-01
 8.09034e+15	9.04e-04	8.08e-01	1.91e-01
 8.87025e+15	1.02e-03	8.84e-01	1.15e-01
 9.75727e+15	1.13e-03	9.39e-01	5.98e-02
 1.07330e+16	1.21e-03	9.70e-01	2.83e-02
 1.18063e+16	1.27e-03	9.86e-01	1.26e-02
 1.29869e+16	1.33e-03	9.93e-01	5.44e-03
 1.42856e+16	1.38e-03	9.96e-01	2.27e-03
 1.57142e+16	1.44e-03	9.98e-01	9.26e-04
 1.72856e+16	1.55e-03	9.98e-01	3.54e-04
 1.90142e+16	1.63e-03	9.98e-01	1.30e-04
 2.09156e+16	1.72e-03	9.98e-01	4.72e-05
 2.30071e+16	1.82e-03	9.98e-01	1.71e-05
 2.53079e+16	1.94e-03	9.98e-01	6.30e-06
 2.78386e+16	2.08e-03	9.98e-01	2.42e-06
 2.98629e+16	2.23e-03	9.98e-01	1.28e-06
 3.09664e+16	2.31e-03	9.98e-01	9.39e-07
 3.18975e+16	2.38e-03	9.98e-01	7.18e-07
 3.31081e+16	2.46e-03	9.98e-01	5.22e-07
 3.46817e+16	2.57e-03	9.97e-01	3.57e-07
 3.62866e+16	2.71e-03	9.97e-01	2.56e-07
 3.74985e+16	2.84e-03	9.97e-01	2.03e-07
 3.84241e+16	2.93e-03	9.97e-01	1.71e-07
 3.94106e+16	3.01e-03	9.97e-01	1.44e-07
 4.06930e+16	3.14e-03	9.97e-01	1.15e-07
 4.20797e+16	3.29e-03	9.97e-01	9.37e-08
 4.32487e+16	3.44e-03	9.97e-01	7.98e-08
 4.41962e+16	3.56e-03	9.96e-01	7.04e-08
 4.52088e+16	3.69e-03	9.96e-01	6.16e-08
 4.65253e+16	3.85e-03	9.96e-01	5.24e-08
 4.79043e+16	4.05e-03	9.96e-01	4.52e-08
 4.90074e+16	4.25e-03	9.96e-01	4.04e-08
 4.98812e+16	4.40e-03	9.96e-01	3.71e-08
 5.08144e+16	4.56e-03	9.95e-01	3.39e-08
 5.20275e+16	4.76e-03	9.95e-01	3.04e-08
 5.33516e+16	5.03e-03	9.95e-01	2.73e-08
 5.44894e+16	5.31e-03	9.95e-01	2.51e-08
 5.54329e+16	5.55e-03	9.94e-01	2.35e-08
 5.64542e+16	5.79e-03	9.94e-01	2.19e-08
 5.77819e+16	6.14e-03	9.94e-01	2.00e-08
 5.91448e+16	6.61e-03	9.93e-01	1.84e-08
 6.01711e+16	7.05e-03	9.93e-01	1.74e-08
 6.09389e+16	7.40e-03	9.93e-01	1.66e-08
 6.17526e+16	7.77e-03	9.92e-01	1.59e-08
 6.28105e+16	8.30e-03	9.92e-01	1.50e-08
 6.39329e+16	9.03e-03	9.91e-01	1.41e-08
 6.48363e+16	9.79e-03	9.90e-01	1.34e-08
 6.55227e+16	1.04e-02	9.90e-01	1.29e-08
 6.62301e+16	1.12e-02	9.89e-01	1.23e-08
 6.71496e+16	1.23e-02	9.88e-01	1.17e-08
 6.80793e+16	1.37e-02	9.86e-01	1.10e-08
 6.87699e+16	1.51e-02	9.85e-01	1.06e-08
 6.92973e+16	1.64e-02	9.84e-01	1.02e-08
 6.98652e+16	1.80e-02	9.82e-01	9.80e-09
 7.04672e+16	2.00e-02	9.80e-01	9.39e-09
 7.09524e+16	2.20e-02	9.78e-01	9.07e-09
 7.13220e+16	2.39e-02	9.76e-01	8.80e-09
 7.16527e+16	2.59e-02	9.74e-01	8.57e-09
 7.20329e+16	2.84e-02	9.72e-01	8.30e-09
 7.24400e+16	3.18e-02	9.68e-01	8.02e-09
 7.27717e+16	3.52e-02	9.65e-01	7.81e-09
 7.30251e+16	3.83e-02	9.62e-01	7.65e-09
 7.32868e+16	4.19e-02	9.58e-01	7.47e-09
 7.35773e+16	4.68e-02	9.53e-01	7.30e-09
 7.38321e+16	5.20e-02	9.48e-01	7.16e-09
 7.40363e+16	5.71e-02	9.43e-01	7.05e-09
 7.42182e+16	6.23e-02	9.38e-01	6.96e-09
 7.44248e+16	6.92e-02	9.31e-01	6.87e-09
 7.46469e+16	7.81e-02	9.22e-01	6.81e-09
 7.48306e+16	8.73e-02	9.13e-01	6.78e-09
 7.49748e+16	9.59e-02	9.04e-01	6.77e-09
 7.51179e+16	1.06e-01	8.94e-01	6.77e-09
 7.52783e+16	1.19e-01	8.81e-01	6.81e-09
 7.54284e+16	1.33e-01	8.67e-01	6.90e-09
 7.55438e+16	1.47e-01	8.53e-01	6.98e-09
 7.56319e+16	1.58e-01	8.42e-01	7.05e-09
 7.57124e+16	1.70e-01	8.30e-01	7.12e-09
 7.57948e+16	1.84e-01	8.16e-01	7.22e-09
 7.58609e+16	1.96e-01	8.04e-01	7.32e-09
 7.59016e+16	2.03e-01	7.97e-01	7.38e-09
 7.59368e+16	2.11e-01	7.89e-01	7.41e-09
 7.59796e+16	2.20e-01	7.80e-01	7.47e-09
 7.60277e+16	2.31e-01	7.69e-01	7.56e-09
 7.60728e+16	2.42e-01	7.58e-01	7.65e-09
 7.61120e+16	2.52e-01	7.48e-01	7.73e-09
 7.61486e+16	2.62e-01	7.38e-01	7.80e-09
 7.61863e+16	2.73e-01	7.27e-01	7.88e-09
 7.62251e+16	2.85e-01	7.15e-01	7.97e-09
 7.62625e+16	2.97e-01	7.03e-01	8.06e-09
 7.62978e+16	3.09e-01	6.91e-01	8.15e-09
 7.63318e+16	3.20e-01	6.80e-01	8.24e-09
 7.63656e+16	3.33e-01	6.67e-01	8.33e-09
 7.63993e+16	3.46e-01	6.54e-01	8.42e-09
 7.64322e+16	3.59e-01	6.41e-01	8.51e-09
 7.64639e+16	3.72e-01	6.28e-01	8.60e-09
 7.64949e+16	3.85e-01	6.15e-01	8.68e-09
 7.65254e+16	3.99e-01	6.01e-01	8.77e-09
 7.65555e+16	4.13e-01	5.87e-01	8.85e-09
 7.65849e+16	4.27e-01	5.73e-01	8.93e-09
 7.66136e+16	4.41e-01	5.59e-01	9.01e-09
 7.66417e+16	4.56e-01	5.44e-01	9.08e-09
 7.66693e+16	4.70e-01	5.30e-01	9.15e-09
 7.66964e+16	4.85e-01	5.15e-01	9.22e-09
 7.67230e+16	5.00e-01	5.00e-01	9.28e-09
 7.67490e+16	5.14e-01	4.86e-01	9.33e-09
 7.67745e+16	5.29e-01	4.71e-01	9.39e-09
 7.67993e+16	5.43e-01	4.57e-01	9.43e-09
 7.68232e+16	5.58e-01	4.42e-01	9.47e-09
 7.68465e+16	5.72e-01	4.28e-01	9.50e-09
 7.68691e+16	5.86e-01	4.14e-01	9.52e-09
 7.68911e+16	6.00e-01	4.00e-01	9.54e-09
 7.69126e+16	6.13e-01	3.87e-01	9.55e-09
 7.69335e+16	6.26e-01	3.74e-01	9.55e-09
 7.69539e+16	6.39e-01	3.61e-01	9.55e-09
 7.69739e+16	6.52e-01	3.48e-01	9.54e-09
 7.69934e+16	6.64e-01	3.36e-01	9.53e-09
 7.70122e+16	6.76e-01	3.24e-01	9.50e-09
 7.70305e+16	6.88e-01	3.12e-01	9.48e-09
 7.70485e+16	7.00e-01	3.00e-01	9.44e-09
 7.70661e+16	7.11e-01	2.89e-01	9.40e-09
 7.70831e+16	7.22e-01	2.78e-01	9.36e-09
 7.70997e+16	7.32e-01	2.68e-01	9.31e-09
 7.71161e+16	7.42e-01	2.58e-01	9.26e-09
 7.71322e+16	7.52e-01	2.48e-01	9.19e-09
 7.71479e+16	7.62e-01	2.38e-01	9.13e-09
 7.71631e+16	7.71e-01	2.29e-01	9.05e-09
 7.71780e+16	7.80e-01	2.20e-01	8.98e-09
 7.71926e+16	7.89e-01	2.11e-01	8.90e-09
 7.72070e+16	7.97e-01	2.03e-01	8.81e-09
 7.72210e+16	8.06e-01	1.94e-01	8.73e-09
 7.72347e+16	8.14e-01	1.86e-01	8.63e-09
 7.72481e+16	8.21e-01	1.79e-01	8.53e-09
 7.72611e+16	8.28e-01	1.72e-01	8.45e-09
 7.72741e+16	8.36e-01	1.64e-01	8.32e-09
 7.72867e+16	8.42e-01	1.58e-01	8.22e-09
 7.72987e+16	8.49e-01	1.51e-01	8.10e-09
 7.73105e+16	8.55e-01	1.45e-01	7.98e-09
 7.73222e+16	8.61e-01	1.39e-01	7.86e-09
 7.73336e+16	8.67e-01	1.33e-01	7.74e-09
 7.73447e+16	8.73e-01	1.27e-01	7.61e-09
 7.73554e+16	8.78e-01	1.22e-01	7.48e-09
 7.73659e+16	8.83e-01	1.17e-01	7.34e-09
 7.73761e+16	8.88e-01	1.12e-01	7.20e-09
 7.73860e+16	8.93e-01	1.07e-01	7.06e-09
 7.73956e+16	8.97e-01	1.03e-01	6.92e-09
 7.74049e+16	9.02e-01	9.84e-02	6.77e-09
 7.74138e+16	9.06e-01	9.42e-02	6.62e-09
 7.74222e+16	9.10e-01	9.04e-02	6.47e-09
 7.74300e+16	9.13e-01	8.69e-02	6.34e-09
 7.74372e+16	9.16e-01	8.36e-02	6.19e-09
 7.74439e+16	9.20e-01	8.05e-02	6.04e-09
 7.74498e+16	9.22e-01	7.78e-02	5.91e-09
 7.74552e+16	9.25e-01	7.53e-02	5.78e-09
 7.74603e+16	9.27e-01	7.29e-02	5.65e-09
 7.74651e+16	9.29e-01	7.08e-02	5.53e-09
 7.74694e+16	9.31e-01	6.87e-02	5.41e-09
 7.74735e+16	9.33e-01	6.68e-02	5.29e-09
 7.74772e+16	9.35e-01	6.51e-02	5.18e-09
 7.74806e+16	9.37e-01	6.35e-02	5.07e-09
 7.74838e+16	9.38e-01	6.19e-02	4.97e-09
 7.74868e+16	9.40e-01	6.05e-02	4.87e-09
 7.74895e+16	9.41e-01	5.93e-02	4.79e-09
 7.74923e+16	9.42e-01	5.78e-02	4.67e-09
 7.74948e+16	9.44e-01	5.65e-02	4.57e-09
 7.74969e+16	9.44e-01	5.55e-02	4.50e-09
 7.74989e+16	9.46e-01	5.43e-02	4.40e-09
 7.75008e+16	9.47e-01	5.34e-02	4.33e-09
 7.75026e+16	9.48e-01	5.23e-02	4.23e-09
 7.75042e+16	9.49e-01	5.15e-02	4.16e-09
 7.75057e+16	9.49e-01	5.05e-02	4.07e-09
 7.75071e+16	9.50e-01	4.98e-02	4.01e-09
 7.75084e+16	9.51e-01	4.89e-02	3.92e-09
 7.75096e+16	9.52e-01	4.83e-02	3.86e-09
 7.75107e+16	9.53e-01	4.74e-02	3.77e-09
 7.75117e+16	9.53e-01	4.68e-02	3.72e-09
 7.75127e+16	9.54e-01	4.60e-02	3.63e-09
 7.75135e+16	9.55e-01	4.55e-02	3.58e-09
 7.75144e+16	9.55e-01	4.47e-02	3.50e-09
 7.75152e+16	9.56e-01	4.42e-02	3.45e-09
 7.75160e+16	9.57e-01	4.34e-02	3.35e-09
 7.75167e+16	9.57e-01	4.27e-02	3.27e-09
 7.75175e+16	9.58e-01	4.19e-02	3.18e-09
 7.75183e+16	9.59e-01	4.10e-02	3.08e-09
 7.75191e+16	9.60e-01	3.98e-02	2.93e-09
 7.75198e+16	9.61e-01	3.86e-02	2.77e-09
 7.75206e+16	9.64e-01	3.60e-02	2.43e-09
 7.75214e+16	9.87e-01	1.33e-02	3.49e-10
