#depth	O	O+	O+2	O+3	O+4	O+5	O+6	O+7	O+8	O[1]	O[2]	O[3]
 9.67316e+11	1.33e-06	1.82e-03	2.61e-01	7.12e-01	2.48e-02	5.88e-07	0.00e+00	0.00e+00	0.00e+00	1.02e-06	1.98e-07	1.16e-07
 5.80390e+12	1.34e-06	1.83e-03	2.62e-01	7.12e-01	2.47e-02	5.85e-07	0.00e+00	0.00e+00	0.00e+00	1.02e-06	2.00e-07	1.16e-07
 2.51502e+13	1.34e-06	1.83e-03	2.63e-01	7.11e-01	2.46e-02	5.80e-07	0.00e+00	0.00e+00	0.00e+00	1.02e-06	2.00e-07	1.16e-07
 1.02535e+14	1.37e-06	1.86e-03	2.67e-01	7.08e-01	2.40e-02	5.58e-07	0.00e+00	0.00e+00	0.00e+00	1.05e-06	2.05e-07	1.19e-07
 2.44924e+14	1.39e-06	1.90e-03	2.73e-01	7.02e-01	2.29e-02	5.22e-07	0.00e+00	0.00e+00	0.00e+00	1.06e-06	2.08e-07	1.21e-07
 4.30030e+14	1.43e-06	1.96e-03	2.81e-01	6.95e-01	2.17e-02	4.80e-07	0.00e+00	0.00e+00	0.00e+00	1.09e-06	2.16e-07	1.24e-07
 6.70667e+14	1.50e-06	2.05e-03	2.93e-01	6.85e-01	2.02e-02	4.31e-07	0.00e+00	0.00e+00	0.00e+00	1.14e-06	2.26e-07	1.30e-07
 9.83496e+14	1.60e-06	2.17e-03	3.09e-01	6.70e-01	1.83e-02	3.73e-07	0.00e+00	0.00e+00	0.00e+00	1.22e-06	2.42e-07	1.39e-07
 1.39017e+15	1.73e-06	2.34e-03	3.31e-01	6.51e-01	1.61e-02	3.09e-07	0.00e+00	0.00e+00	0.00e+00	1.32e-06	2.64e-07	1.50e-07
 1.91885e+15	1.93e-06	2.59e-03	3.62e-01	6.21e-01	1.35e-02	2.41e-07	0.00e+00	0.00e+00	0.00e+00	1.47e-06	2.97e-07	1.68e-07
 2.60614e+15	2.22e-06	2.95e-03	4.08e-01	5.79e-01	1.07e-02	1.72e-07	0.00e+00	0.00e+00	0.00e+00	1.69e-06	3.43e-07	1.93e-07
 3.36039e+15	2.56e-06	3.39e-03	4.63e-01	5.25e-01	8.03e-03	0.00e+00	0.00e+00	0.00e+00	0.00e+00	1.94e-06	3.98e-07	2.23e-07
 4.04212e+15	2.93e-06	3.86e-03	5.21e-01	4.69e-01	6.00e-03	0.00e+00	0.00e+00	0.00e+00	0.00e+00	2.22e-06	4.58e-07	2.55e-07
 4.64385e+15	3.34e-06	4.35e-03	5.78e-01	4.13e-01	4.47e-03	0.00e+00	0.00e+00	0.00e+00	0.00e+00	2.53e-06	5.25e-07	2.91e-07
 5.20059e+15	3.87e-06	4.93e-03	6.37e-01	3.55e-01	3.24e-03	0.00e+00	0.00e+00	0.00e+00	0.00e+00	2.92e-06	6.13e-07	3.39e-07
 5.71468e+15	4.33e-06	5.44e-03	6.91e-01	3.01e-01	2.35e-03	0.00e+00	0.00e+00	0.00e+00	0.00e+00	3.26e-06	6.87e-07	3.80e-07
 6.27387e+15	4.97e-06	6.09e-03	7.49e-01	2.43e-01	1.56e-03	0.00e+00	0.00e+00	0.00e+00	0.00e+00	3.74e-06	7.89e-07	4.36e-07
 6.88638e+15	5.69e-06	6.79e-03	8.09e-01	1.84e-01	9.40e-04	0.00e+00	0.00e+00	0.00e+00	0.00e+00	4.28e-06	9.07e-07	5.00e-07
 7.45782e+15	6.52e-06	7.50e-03	8.58e-01	1.34e-01	5.41e-04	0.00e+00	0.00e+00	0.00e+00	0.00e+00	4.90e-06	1.05e-06	5.75e-07
 8.09034e+15	7.52e-06	8.26e-03	9.02e-01	8.95e-02	2.70e-04	0.00e+00	0.00e+00	0.00e+00	0.00e+00	5.65e-06	1.21e-06	6.64e-07
 8.87025e+15	8.76e-06	9.10e-03	9.39e-01	5.19e-02	1.07e-04	0.00e+00	0.00e+00	0.00e+00	0.00e+00	6.57e-06	1.42e-06	7.73e-07
 9.75727e+15	1.01e-05	9.89e-03	9.63e-01	2.67e-02	3.46e-05	0.00e+00	0.00e+00	0.00e+00	0.00e+00	7.55e-06	1.64e-06	8.91e-07
 1.07330e+16	1.14e-05	1.06e-02	9.77e-01	1.28e-02	9.83e-06	0.00e+00	0.00e+00	0.00e+00	0.00e+00	8.53e-06	1.86e-06	1.01e-06
 1.18063e+16	1.27e-05	1.12e-02	9.83e-01	5.84e-03	2.52e-06	0.00e+00	0.00e+00	0.00e+00	0.00e+00	9.52e-06	2.08e-06	1.13e-06
 1.29869e+16	1.41e-05	1.18e-02	9.86e-01	2.56e-03	5.91e-07	0.00e+00	0.00e+00	0.00e+00	0.00e+00	1.06e-05	2.31e-06	1.25e-06
 1.42856e+16	1.57e-05	1.24e-02	9.87e-01	1.09e-03	1.28e-07	0.00e+00	0.00e+00	0.00e+00	0.00e+00	1.18e-05	2.58e-06	1.39e-06
 1.57142e+16	1.77e-05	1.31e-02	9.86e-01	4.50e-04	0.00e+00	0.00e+00	0.00e+00	0.00e+00	0.00e+00	1.32e-05	2.90e-06	1.57e-06
 1.72856e+16	2.20e-05	1.45e-02	9.85e-01	1.72e-04	0.00e+00	0.00e+00	0.00e+00	0.00e+00	0.00e+00	1.64e-05	3.68e-06	1.97e-06
 1.90142e+16	2.57e-05	1.55e-02	9.84e-01	6.42e-05	0.00e+00	0.00e+00	0.00e+00	0.00e+00	0.00e+00	1.91e-05	4.30e-06	2.30e-06
 2.09156e+16	3.04e-05	1.67e-02	9.83e-01	2.46e-05	0.00e+00	0.00e+00	0.00e+00	0.00e+00	0.00e+00	2.26e-05	5.08e-06	2.73e-06
 2.30071e+16	3.67e-05	1.80e-02	9.82e-01	9.94e-06	0.00e+00	0.00e+00	0.00e+00	0.00e+00	0.00e+00	2.73e-05	6.13e-06	3.30e-06
 2.53079e+16	4.54e-05	1.97e-02	9.80e-01	4.52e-06	0.00e+00	0.00e+00	0.00e+00	0.00e+00	0.00e+00	3.37e-05	7.58e-06	4.10e-06
 2.78386e+16	5.79e-05	2.19e-02	9.78e-01	2.45e-06	0.00e+00	0.00e+00	0.00e+00	0.00e+00	0.00e+00	4.30e-05	9.64e-06	5.24e-06
 2.98629e+16	7.28e-05	2.41e-02	9.76e-01	1.74e-06	0.00e+00	0.00e+00	0.00e+00	0.00e+00	0.00e+00	5.41e-05	1.21e-05	6.61e-06
 3.09664e+16	8.29e-05	2.55e-02	9.74e-01	1.50e-06	0.00e+00	0.00e+00	0.00e+00	0.00e+00	0.00e+00	6.16e-05	1.38e-05	7.53e-06
 3.18975e+16	9.14e-05	2.66e-02	9.73e-01	1.33e-06	0.00e+00	0.00e+00	0.00e+00	0.00e+00	0.00e+00	6.79e-05	1.52e-05	8.32e-06
 3.31081e+16	1.03e-04	2.80e-02	9.72e-01	1.16e-06	0.00e+00	0.00e+00	0.00e+00	0.00e+00	0.00e+00	7.68e-05	1.71e-05	9.41e-06
 3.46817e+16	1.22e-04	3.00e-02	9.70e-01	1.00e-06	0.00e+00	0.00e+00	0.00e+00	0.00e+00	0.00e+00	9.08e-05	2.01e-05	1.11e-05
 3.62866e+16	1.48e-04	3.27e-02	9.67e-01	8.74e-07	0.00e+00	0.00e+00	0.00e+00	0.00e+00	0.00e+00	1.10e-04	2.44e-05	1.35e-05
 3.74985e+16	1.74e-04	3.51e-02	9.65e-01	7.96e-07	0.00e+00	0.00e+00	0.00e+00	0.00e+00	0.00e+00	1.30e-04	2.86e-05	1.60e-05
 3.84241e+16	1.96e-04	3.71e-02	9.63e-01	7.42e-07	0.00e+00	0.00e+00	0.00e+00	0.00e+00	0.00e+00	1.46e-04	3.22e-05	1.80e-05
 3.94106e+16	2.20e-04	3.89e-02	9.61e-01	6.93e-07	0.00e+00	0.00e+00	0.00e+00	0.00e+00	0.00e+00	1.64e-04	3.58e-05	2.01e-05
 4.06930e+16	2.56e-04	4.17e-02	9.58e-01	6.39e-07	0.00e+00	0.00e+00	0.00e+00	0.00e+00	0.00e+00	1.91e-04	4.16e-05	2.35e-05
 4.20797e+16	3.08e-04	4.54e-02	9.54e-01	5.86e-07	0.00e+00	0.00e+00	0.00e+00	0.00e+00	0.00e+00	2.30e-04	4.98e-05	2.83e-05
 4.32487e+16	3.64e-04	4.92e-02	9.50e-01	5.43e-07	0.00e+00	0.00e+00	0.00e+00	0.00e+00	0.00e+00	2.72e-04	5.87e-05	3.35e-05
 4.41962e+16	4.17e-04	5.24e-02	9.47e-01	5.12e-07	0.00e+00	0.00e+00	0.00e+00	0.00e+00	0.00e+00	3.11e-04	6.71e-05	3.84e-05
 4.52088e+16	4.77e-04	5.59e-02	9.44e-01	4.83e-07	0.00e+00	0.00e+00	0.00e+00	0.00e+00	0.00e+00	3.56e-04	7.64e-05	4.39e-05
 4.65253e+16	5.67e-04	6.08e-02	9.39e-01	4.52e-07	0.00e+00	0.00e+00	0.00e+00	0.00e+00	0.00e+00	4.25e-04	9.04e-05	5.21e-05
 4.79043e+16	6.97e-04	6.73e-02	9.32e-01	4.17e-07	0.00e+00	0.00e+00	0.00e+00	0.00e+00	0.00e+00	5.23e-04	1.10e-04	6.38e-05
 4.90074e+16	8.37e-04	7.38e-02	9.25e-01	3.88e-07	0.00e+00	0.00e+00	0.00e+00	0.00e+00	0.00e+00	6.29e-04	1.32e-04	7.64e-05
 4.98812e+16	9.62e-04	7.91e-02	9.20e-01	3.67e-07	0.00e+00	0.00e+00	0.00e+00	0.00e+00	0.00e+00	7.23e-04	1.51e-04	8.76e-05
 5.08144e+16	1.10e-03	8.49e-02	9.14e-01	3.49e-07	0.00e+00	0.00e+00	0.00e+00	0.00e+00	0.00e+00	8.30e-04	1.72e-04	1.00e-04
 5.20275e+16	1.32e-03	9.30e-02	9.06e-01	3.28e-07	0.00e+00	0.00e+00	0.00e+00	0.00e+00	0.00e+00	9.93e-04	2.04e-04	1.19e-04
 5.33516e+16	1.64e-03	1.04e-01	8.94e-01	3.01e-07	0.00e+00	0.00e+00	0.00e+00	0.00e+00	0.00e+00	1.24e-03	2.52e-04	1.48e-04
 5.44894e+16	2.00e-03	1.15e-01	8.83e-01	2.78e-07	0.00e+00	0.00e+00	0.00e+00	0.00e+00	0.00e+00	1.51e-03	3.06e-04	1.80e-04
 5.54329e+16	2.36e-03	1.26e-01	8.72e-01	2.59e-07	0.00e+00	0.00e+00	0.00e+00	0.00e+00	0.00e+00	1.79e-03	3.60e-04	2.11e-04
 5.64542e+16	2.77e-03	1.37e-01	8.60e-01	2.42e-07	0.00e+00	0.00e+00	0.00e+00	0.00e+00	0.00e+00	2.10e-03	4.19e-04	2.47e-04
 5.77819e+16	3.45e-03	1.54e-01	8.42e-01	2.20e-07	0.00e+00	0.00e+00	0.00e+00	0.00e+00	0.00e+00	2.62e-03	5.18e-04	3.07e-04
 5.91448e+16	4.46e-03	1.77e-01	8.18e-01	1.94e-07	0.00e+00	0.00e+00	0.00e+00	0.00e+00	0.00e+00	3.40e-03	6.67e-04	3.96e-04
 6.01711e+16	5.51e-03	1.98e-01	7.96e-01	1.73e-07	0.00e+00	0.00e+00	0.00e+00	0.00e+00	0.00e+00	4.20e-03	8.18e-04	4.86e-04
 6.09389e+16	6.43e-03	2.15e-01	7.78e-01	1.59e-07	0.00e+00	0.00e+00	0.00e+00	0.00e+00	0.00e+00	4.92e-03	9.48e-04	5.66e-04
 6.17526e+16	7.49e-03	2.33e-01	7.59e-01	1.45e-07	0.00e+00	0.00e+00	0.00e+00	0.00e+00	0.00e+00	5.74e-03	1.10e-03	6.56e-04
 6.28105e+16	9.20e-03	2.60e-01	7.31e-01	0.00e+00	0.00e+00	0.00e+00	0.00e+00	0.00e+00	0.00e+00	7.06e-03	1.33e-03	8.02e-04
 6.39329e+16	1.17e-02	2.95e-01	6.93e-01	0.00e+00	0.00e+00	0.00e+00	0.00e+00	0.00e+00	0.00e+00	9.04e-03	1.68e-03	1.02e-03
 6.48363e+16	1.46e-02	3.30e-01	6.56e-01	0.00e+00	0.00e+00	0.00e+00	0.00e+00	0.00e+00	0.00e+00	1.13e-02	2.09e-03	1.26e-03
 6.55227e+16	1.73e-02	3.58e-01	6.25e-01	0.00e+00	0.00e+00	0.00e+00	0.00e+00	0.00e+00	0.00e+00	1.34e-02	2.46e-03	1.49e-03
 6.62301e+16	2.04e-02	3.88e-01	5.92e-01	0.00e+00	0.00e+00	0.00e+00	0.00e+00	0.00e+00	0.00e+00	1.58e-02	2.88e-03	1.75e-03
 6.71496e+16	2.56e-02	4.31e-01	5.43e-01	0.00e+00	0.00e+00	0.00e+00	0.00e+00	0.00e+00	0.00e+00	1.98e-02	3.59e-03	2.19e-03
 6.80793e+16	3.31e-02	4.82e-01	4.85e-01	0.00e+00	0.00e+00	0.00e+00	0.00e+00	0.00e+00	0.00e+00	2.56e-02	4.62e-03	2.82e-03
 6.87699e+16	4.06e-02	5.24e-01	4.35e-01	0.00e+00	0.00e+00	0.00e+00	0.00e+00	0.00e+00	0.00e+00	3.15e-02	5.65e-03	3.46e-03
 6.92973e+16	4.75e-02	5.57e-01	3.96e-01	0.00e+00	0.00e+00	0.00e+00	0.00e+00	0.00e+00	0.00e+00	3.69e-02	6.60e-03	4.04e-03
 6.98652e+16	5.62e-02	5.91e-01	3.53e-01	0.00e+00	0.00e+00	0.00e+00	0.00e+00	0.00e+00	0.00e+00	4.36e-02	7.79e-03	4.77e-03
 7.04672e+16	6.80e-02	6.28e-01	3.04e-01	0.00e+00	0.00e+00	0.00e+00	0.00e+00	0.00e+00	0.00e+00	5.28e-02	9.40e-03	5.77e-03
 7.09524e+16	8.01e-02	6.57e-01	2.63e-01	0.00e+00	0.00e+00	0.00e+00	0.00e+00	0.00e+00	0.00e+00	6.22e-02	1.11e-02	6.79e-03
 7.13220e+16	9.11e-02	6.77e-01	2.32e-01	0.00e+00	0.00e+00	0.00e+00	0.00e+00	0.00e+00	0.00e+00	7.07e-02	1.26e-02	7.72e-03
 7.16527e+16	1.02e-01	6.93e-01	2.05e-01	0.00e+00	0.00e+00	0.00e+00	0.00e+00	0.00e+00	0.00e+00	7.93e-02	1.41e-02	8.64e-03
 7.20329e+16	1.16e-01	7.09e-01	1.75e-01	0.00e+00	0.00e+00	0.00e+00	0.00e+00	0.00e+00	0.00e+00	9.04e-02	1.60e-02	9.85e-03
 7.24400e+16	1.35e-01	7.21e-01	1.43e-01	0.00e+00	0.00e+00	0.00e+00	0.00e+00	0.00e+00	0.00e+00	1.05e-01	1.86e-02	1.15e-02
 7.27717e+16	1.54e-01	7.27e-01	1.18e-01	0.00e+00	0.00e+00	0.00e+00	0.00e+00	0.00e+00	0.00e+00	1.20e-01	2.12e-02	1.30e-02
 7.30251e+16	1.70e-01	7.29e-01	1.01e-01	0.00e+00	0.00e+00	0.00e+00	0.00e+00	0.00e+00	0.00e+00	1.32e-01	2.33e-02	1.44e-02
 7.32868e+16	1.88e-01	7.27e-01	8.47e-02	0.00e+00	0.00e+00	0.00e+00	0.00e+00	0.00e+00	0.00e+00	1.47e-01	2.58e-02	1.59e-02
 7.35773e+16	2.12e-01	7.20e-01	6.78e-02	0.00e+00	0.00e+00	0.00e+00	0.00e+00	0.00e+00	0.00e+00	1.65e-01	2.90e-02	1.79e-02
 7.38321e+16	2.37e-01	7.09e-01	5.43e-02	0.00e+00	0.00e+00	0.00e+00	0.00e+00	0.00e+00	0.00e+00	1.85e-01	3.23e-02	1.99e-02
 7.40363e+16	2.59e-01	6.96e-01	4.46e-02	0.00e+00	0.00e+00	0.00e+00	0.00e+00	0.00e+00	0.00e+00	2.02e-01	3.52e-02	2.18e-02
 7.42182e+16	2.81e-01	6.82e-01	3.69e-02	0.00e+00	0.00e+00	0.00e+00	0.00e+00	0.00e+00	0.00e+00	2.19e-01	3.81e-02	2.35e-02
 7.44248e+16	3.07e-01	6.63e-01	2.93e-02	0.00e+00	0.00e+00	0.00e+00	0.00e+00	0.00e+00	0.00e+00	2.40e-01	4.15e-02	2.57e-02
 7.46469e+16	3.41e-01	6.37e-01	2.21e-02	0.00e+00	0.00e+00	0.00e+00	0.00e+00	0.00e+00	0.00e+00	2.67e-01	4.58e-02	2.84e-02
 7.48306e+16	3.72e-01	6.11e-01	1.70e-02	0.00e+00	0.00e+00	0.00e+00	0.00e+00	0.00e+00	0.00e+00	2.92e-01	4.97e-02	3.09e-02
 7.49748e+16	3.99e-01	5.87e-01	1.36e-02	0.00e+00	0.00e+00	0.00e+00	0.00e+00	0.00e+00	0.00e+00	3.13e-01	5.30e-02	3.30e-02
 7.51179e+16	4.27e-01	5.62e-01	1.07e-02	0.00e+00	0.00e+00	0.00e+00	0.00e+00	0.00e+00	0.00e+00	3.35e-01	5.64e-02	3.52e-02
 7.52783e+16	4.61e-01	5.31e-01	8.03e-03	0.00e+00	0.00e+00	0.00e+00	0.00e+00	0.00e+00	0.00e+00	3.63e-01	6.04e-02	3.78e-02
 7.54284e+16	4.97e-01	4.97e-01	5.92e-03	0.00e+00	0.00e+00	0.00e+00	0.00e+00	0.00e+00	0.00e+00	3.92e-01	6.44e-02	4.04e-02
 7.55438e+16	5.26e-01	4.69e-01	4.58e-03	0.00e+00	0.00e+00	0.00e+00	0.00e+00	0.00e+00	0.00e+00	4.16e-01	6.75e-02	4.25e-02
 7.56319e+16	5.49e-01	4.48e-01	3.74e-03	0.00e+00	0.00e+00	0.00e+00	0.00e+00	0.00e+00	0.00e+00	4.35e-01	6.98e-02	4.41e-02
 7.57124e+16	5.69e-01	4.27e-01	3.07e-03	0.00e+00	0.00e+00	0.00e+00	0.00e+00	0.00e+00	0.00e+00	4.52e-01	7.19e-02	4.56e-02
 7.57948e+16	5.92e-01	4.06e-01	2.49e-03	0.00e+00	0.00e+00	0.00e+00	0.00e+00	0.00e+00	0.00e+00	4.71e-01	7.40e-02	4.70e-02
 7.58609e+16	6.10e-01	3.87e-01	2.07e-03	0.00e+00	0.00e+00	0.00e+00	0.00e+00	0.00e+00	0.00e+00	4.87e-01	7.56e-02	4.82e-02
 7.59016e+16	6.21e-01	3.77e-01	1.86e-03	0.00e+00	0.00e+00	0.00e+00	0.00e+00	0.00e+00	0.00e+00	4.96e-01	7.64e-02	4.88e-02
 7.59368e+16	6.31e-01	3.68e-01	1.68e-03	0.00e+00	0.00e+00	0.00e+00	0.00e+00	0.00e+00	0.00e+00	5.04e-01	7.73e-02	4.94e-02
 7.59796e+16	6.43e-01	3.56e-01	1.48e-03	0.00e+00	0.00e+00	0.00e+00	0.00e+00	0.00e+00	0.00e+00	5.14e-01	7.82e-02	5.01e-02
 7.60277e+16	6.56e-01	3.42e-01	1.28e-03	0.00e+00	0.00e+00	0.00e+00	0.00e+00	0.00e+00	0.00e+00	5.26e-01	7.93e-02	5.09e-02
 7.60728e+16	6.70e-01	3.29e-01	1.11e-03	0.00e+00	0.00e+00	0.00e+00	0.00e+00	0.00e+00	0.00e+00	5.38e-01	8.02e-02	5.16e-02
 7.61120e+16	6.81e-01	3.18e-01	9.76e-04	0.00e+00	0.00e+00	0.00e+00	0.00e+00	0.00e+00	0.00e+00	5.48e-01	8.10e-02	5.22e-02
 7.61486e+16	6.91e-01	3.08e-01	8.64e-04	0.00e+00	0.00e+00	0.00e+00	0.00e+00	0.00e+00	0.00e+00	5.57e-01	8.17e-02	5.28e-02
 7.61863e+16	7.02e-01	2.97e-01	7.59e-04	0.00e+00	0.00e+00	0.00e+00	0.00e+00	0.00e+00	0.00e+00	5.67e-01	8.23e-02	5.33e-02
 7.62251e+16	7.14e-01	2.85e-01	6.61e-04	0.00e+00	0.00e+00	0.00e+00	0.00e+00	0.00e+00	0.00e+00	5.77e-01	8.30e-02	5.39e-02
 7.62625e+16	7.25e-01	2.74e-01	5.76e-04	0.00e+00	0.00e+00	0.00e+00	0.00e+00	0.00e+00	0.00e+00	5.87e-01	8.36e-02	5.44e-02
 7.62978e+16	7.35e-01	2.64e-01	5.05e-04	0.00e+00	0.00e+00	0.00e+00	0.00e+00	0.00e+00	0.00e+00	5.96e-01	8.41e-02	5.48e-02
 7.63318e+16	7.45e-01	2.54e-01	4.42e-04	0.00e+00	0.00e+00	0.00e+00	0.00e+00	0.00e+00	0.00e+00	6.05e-01	8.45e-02	5.52e-02
 7.63656e+16	7.55e-01	2.45e-01	3.87e-04	0.00e+00	0.00e+00	0.00e+00	0.00e+00	0.00e+00	0.00e+00	6.14e-01	8.49e-02	5.56e-02
 7.63993e+16	7.65e-01	2.35e-01	3.37e-04	0.00e+00	0.00e+00	0.00e+00	0.00e+00	0.00e+00	0.00e+00	6.23e-01	8.53e-02	5.59e-02
 7.64322e+16	7.74e-01	2.25e-01	2.94e-04	0.00e+00	0.00e+00	0.00e+00	0.00e+00	0.00e+00	0.00e+00	6.32e-01	8.56e-02	5.62e-02
 7.64639e+16	7.83e-01	2.16e-01	2.57e-04	0.00e+00	0.00e+00	0.00e+00	0.00e+00	0.00e+00	0.00e+00	6.41e-01	8.59e-02	5.65e-02
 7.64949e+16	7.92e-01	2.08e-01	2.24e-04	0.00e+00	0.00e+00	0.00e+00	0.00e+00	0.00e+00	0.00e+00	6.49e-01	8.61e-02	5.68e-02
 7.65254e+16	8.01e-01	1.99e-01	1.95e-04	0.00e+00	0.00e+00	0.00e+00	0.00e+00	0.00e+00	0.00e+00	6.57e-01	8.63e-02	5.70e-02
 7.65555e+16	8.09e-01	1.91e-01	1.70e-04	0.00e+00	0.00e+00	0.00e+00	0.00e+00	0.00e+00	0.00e+00	6.65e-01	8.64e-02	5.72e-02
 7.65849e+16	8.17e-01	1.83e-01	1.48e-04	0.00e+00	0.00e+00	0.00e+00	0.00e+00	0.00e+00	0.00e+00	6.73e-01	8.65e-02	5.73e-02
 7.66136e+16	8.25e-01	1.75e-01	1.29e-04	0.00e+00	0.00e+00	0.00e+00	0.00e+00	0.00e+00	0.00e+00	6.81e-01	8.66e-02	5.74e-02
 7.66417e+16	8.32e-01	1.68e-01	1.12e-04	0.00e+00	0.00e+00	0.00e+00	0.00e+00	0.00e+00	0.00e+00	6.88e-01	8.66e-02	5.76e-02
 7.66693e+16	8.39e-01	1.61e-01	9.72e-05	0.00e+00	0.00e+00	0.00e+00	0.00e+00	0.00e+00	0.00e+00	6.95e-01	8.66e-02	5.76e-02
 7.66964e+16	8.46e-01	1.54e-01	8.44e-05	0.00e+00	0.00e+00	0.00e+00	0.00e+00	0.00e+00	0.00e+00	7.02e-01	8.66e-02	5.77e-02
 7.67230e+16	8.53e-01	1.47e-01	7.32e-05	0.00e+00	0.00e+00	0.00e+00	0.00e+00	0.00e+00	0.00e+00	7.09e-01	8.66e-02	5.77e-02
 7.67490e+16	8.60e-01	1.40e-01	6.36e-05	0.00e+00	0.00e+00	0.00e+00	0.00e+00	0.00e+00	0.00e+00	7.15e-01	8.65e-02	5.77e-02
 7.67745e+16	8.66e-01	1.34e-01	5.52e-05	0.00e+00	0.00e+00	0.00e+00	0.00e+00	0.00e+00	0.00e+00	7.22e-01	8.64e-02	5.77e-02
 7.67993e+16	8.72e-01	1.28e-01	4.79e-05	0.00e+00	0.00e+00	0.00e+00	0.00e+00	0.00e+00	0.00e+00	7.28e-01	8.63e-02	5.77e-02
 7.68232e+16	8.77e-01	1.23e-01	4.17e-05	0.00e+00	0.00e+00	0.00e+00	0.00e+00	0.00e+00	0.00e+00	7.33e-01	8.62e-02	5.77e-02
 7.68465e+16	8.83e-01	1.17e-01	3.64e-05	0.00e+00	0.00e+00	0.00e+00	0.00e+00	0.00e+00	0.00e+00	7.39e-01	8.61e-02	5.76e-02
 7.68691e+16	8.88e-01	1.12e-01	3.17e-05	0.00e+00	0.00e+00	0.00e+00	0.00e+00	0.00e+00	0.00e+00	7.44e-01	8.60e-02	5.76e-02
 7.68911e+16	8.92e-01	1.08e-01	2.77e-05	0.00e+00	0.00e+00	0.00e+00	0.00e+00	0.00e+00	0.00e+00	7.49e-01	8.58e-02	5.75e-02
 7.69126e+16	8.97e-01	1.03e-01	2.42e-05	0.00e+00	0.00e+00	0.00e+00	0.00e+00	0.00e+00	0.00e+00	7.54e-01	8.57e-02	5.74e-02
 7.69335e+16	9.01e-01	9.85e-02	2.12e-05	0.00e+00	0.00e+00	0.00e+00	0.00e+00	0.00e+00	0.00e+00	7.59e-01	8.56e-02	5.73e-02
 7.69539e+16	9.06e-01	9.44e-02	1.86e-05	0.00e+00	0.00e+00	0.00e+00	0.00e+00	0.00e+00	0.00e+00	7.63e-01	8.54e-02	5.72e-02
 7.69739e+16	9.10e-01	9.03e-02	1.63e-05	0.00e+00	0.00e+00	0.00e+00	0.00e+00	0.00e+00	0.00e+00	7.67e-01	8.53e-02	5.72e-02
 7.69934e+16	9.13e-01	8.65e-02	1.43e-05	0.00e+00	0.00e+00	0.00e+00	0.00e+00	0.00e+00	0.00e+00	7.71e-01	8.51e-02	5.70e-02
 7.70122e+16	9.17e-01	8.29e-02	1.25e-05	0.00e+00	0.00e+00	0.00e+00	0.00e+00	0.00e+00	0.00e+00	7.75e-01	8.51e-02	5.70e-02
 7.70305e+16	9.21e-01	7.95e-02	1.11e-05	0.00e+00	0.00e+00	0.00e+00	0.00e+00	0.00e+00	0.00e+00	7.79e-01	8.49e-02	5.68e-02
 7.70485e+16	9.24e-01	7.62e-02	9.71e-06	0.00e+00	0.00e+00	0.00e+00	0.00e+00	0.00e+00	0.00e+00	7.82e-01	8.49e-02	5.68e-02
 7.70661e+16	9.27e-01	7.30e-02	8.55e-06	0.00e+00	0.00e+00	0.00e+00	0.00e+00	0.00e+00	0.00e+00	7.85e-01	8.49e-02	5.67e-02
 7.70831e+16	9.30e-01	7.00e-02	7.55e-06	0.00e+00	0.00e+00	0.00e+00	0.00e+00	0.00e+00	0.00e+00	7.89e-01	8.48e-02	5.66e-02
 7.70997e+16	9.33e-01	6.72e-02	6.67e-06	0.00e+00	0.00e+00	0.00e+00	0.00e+00	0.00e+00	0.00e+00	7.92e-01	8.48e-02	5.65e-02
 7.71161e+16	9.36e-01	6.44e-02	5.89e-06	0.00e+00	0.00e+00	0.00e+00	0.00e+00	0.00e+00	0.00e+00	7.95e-01	8.46e-02	5.64e-02
 7.71322e+16	9.38e-01	6.18e-02	5.20e-06	0.00e+00	0.00e+00	0.00e+00	0.00e+00	0.00e+00	0.00e+00	7.97e-01	8.47e-02	5.64e-02
 7.71479e+16	9.41e-01	5.92e-02	4.60e-06	0.00e+00	0.00e+00	0.00e+00	0.00e+00	0.00e+00	0.00e+00	8.00e-01	8.46e-02	5.63e-02
 7.71631e+16	9.43e-01	5.68e-02	4.07e-06	0.00e+00	0.00e+00	0.00e+00	0.00e+00	0.00e+00	0.00e+00	8.02e-01	8.47e-02	5.62e-02
 7.71780e+16	9.45e-01	5.45e-02	3.61e-06	0.00e+00	0.00e+00	0.00e+00	0.00e+00	0.00e+00	0.00e+00	8.05e-01	8.46e-02	5.61e-02
 7.71926e+16	9.48e-01	5.23e-02	3.20e-06	0.00e+00	0.00e+00	0.00e+00	0.00e+00	0.00e+00	0.00e+00	8.07e-01	8.47e-02	5.60e-02
 7.72070e+16	9.50e-01	5.02e-02	2.84e-06	0.00e+00	0.00e+00	0.00e+00	0.00e+00	0.00e+00	0.00e+00	8.09e-01	8.47e-02	5.59e-02
 7.72210e+16	9.52e-01	4.82e-02	2.52e-06	0.00e+00	0.00e+00	0.00e+00	0.00e+00	0.00e+00	0.00e+00	8.11e-01	8.47e-02	5.58e-02
 7.72347e+16	9.54e-01	4.62e-02	2.23e-06	0.00e+00	0.00e+00	0.00e+00	0.00e+00	0.00e+00	0.00e+00	8.13e-01	8.48e-02	5.57e-02
 7.72481e+16	9.56e-01	4.44e-02	1.99e-06	0.00e+00	0.00e+00	0.00e+00	0.00e+00	0.00e+00	0.00e+00	8.15e-01	8.49e-02	5.56e-02
 7.72611e+16	9.57e-01	4.27e-02	1.77e-06	0.00e+00	0.00e+00	0.00e+00	0.00e+00	0.00e+00	0.00e+00	8.17e-01	8.49e-02	5.55e-02
 7.72741e+16	9.59e-01	4.09e-02	1.57e-06	0.00e+00	0.00e+00	0.00e+00	0.00e+00	0.00e+00	0.00e+00	8.18e-01	8.52e-02	5.55e-02
 7.72867e+16	9.61e-01	3.92e-02	1.40e-06	0.00e+00	0.00e+00	0.00e+00	0.00e+00	0.00e+00	0.00e+00	8.20e-01	8.53e-02	5.55e-02
 7.72987e+16	9.62e-01	3.77e-02	1.25e-06	0.00e+00	0.00e+00	0.00e+00	0.00e+00	0.00e+00	0.00e+00	8.21e-01	8.55e-02	5.54e-02
 7.73105e+16	9.64e-01	3.62e-02	1.11e-06	0.00e+00	0.00e+00	0.00e+00	0.00e+00	0.00e+00	0.00e+00	8.23e-01	8.58e-02	5.54e-02
 7.73222e+16	9.65e-01	3.47e-02	9.93e-07	0.00e+00	0.00e+00	0.00e+00	0.00e+00	0.00e+00	0.00e+00	8.24e-01	8.60e-02	5.54e-02
 7.73336e+16	9.67e-01	3.33e-02	8.86e-07	0.00e+00	0.00e+00	0.00e+00	0.00e+00	0.00e+00	0.00e+00	8.25e-01	8.63e-02	5.54e-02
 7.73447e+16	9.68e-01	3.20e-02	7.90e-07	0.00e+00	0.00e+00	0.00e+00	0.00e+00	0.00e+00	0.00e+00	8.26e-01	8.66e-02	5.54e-02
 7.73554e+16	9.69e-01	3.07e-02	7.07e-07	0.00e+00	0.00e+00	0.00e+00	0.00e+00	0.00e+00	0.00e+00	8.27e-01	8.69e-02	5.54e-02
 7.73659e+16	9.71e-01	2.95e-02	6.32e-07	0.00e+00	0.00e+00	0.00e+00	0.00e+00	0.00e+00	0.00e+00	8.28e-01	8.73e-02	5.55e-02
 7.73761e+16	9.72e-01	2.83e-02	5.66e-07	0.00e+00	0.00e+00	0.00e+00	0.00e+00	0.00e+00	0.00e+00	8.28e-01	8.77e-02	5.55e-02
 7.73860e+16	9.73e-01	2.72e-02	5.06e-07	0.00e+00	0.00e+00	0.00e+00	0.00e+00	0.00e+00	0.00e+00	8.29e-01	8.81e-02	5.56e-02
 7.73956e+16	9.74e-01	2.61e-02	4.53e-07	0.00e+00	0.00e+00	0.00e+00	0.00e+00	0.00e+00	0.00e+00	8.30e-01	8.86e-02	5.57e-02
 7.74049e+16	9.75e-01	2.50e-02	4.07e-07	0.00e+00	0.00e+00	0.00e+00	0.00e+00	0.00e+00	0.00e+00	8.30e-01	8.91e-02	5.58e-02
 7.74138e+16	9.76e-01	2.40e-02	3.65e-07	0.00e+00	0.00e+00	0.00e+00	0.00e+00	0.00e+00	0.00e+00	8.30e-01	8.97e-02	5.59e-02
 7.74222e+16	9.77e-01	2.31e-02	3.30e-07	0.00e+00	0.00e+00	0.00e+00	0.00e+00	0.00e+00	0.00e+00	8.31e-01	9.02e-02	5.60e-02
 7.74300e+16	9.78e-01	2.22e-02	2.99e-07	0.00e+00	0.00e+00	0.00e+00	0.00e+00	0.00e+00	0.00e+00	8.31e-01	9.07e-02	5.61e-02
 7.74372e+16	9.79e-01	2.14e-02	2.72e-07	0.00e+00	0.00e+00	0.00e+00	0.00e+00	0.00e+00	0.00e+00	8.31e-01	9.13e-02	5.62e-02
 7.74439e+16	9.79e-01	2.07e-02	2.49e-07	0.00e+00	0.00e+00	0.00e+00	0.00e+00	0.00e+00	0.00e+00	8.31e-01	9.20e-02	5.64e-02
 7.74498e+16	9.80e-01	2.00e-02	2.30e-07	0.00e+00	0.00e+00	0.00e+00	0.00e+00	0.00e+00	0.00e+00	8.31e-01	9.26e-02	5.65e-02
 7.74552e+16	9.81e-01	1.94e-02	2.13e-07	0.00e+00	0.00e+00	0.00e+00	0.00e+00	0.00e+00	0.00e+00	8.31e-01	9.32e-02	5.67e-02
 7.74603e+16	9.81e-01	1.89e-02	1.98e-07	0.00e+00	0.00e+00	0.00e+00	0.00e+00	0.00e+00	0.00e+00	8.30e-01	9.39e-02	5.68e-02
 7.74651e+16	9.82e-01	1.83e-02	1.84e-07	0.00e+00	0.00e+00	0.00e+00	0.00e+00	0.00e+00	0.00e+00	8.30e-01	9.45e-02	5.70e-02
 7.74694e+16	9.82e-01	1.78e-02	1.72e-07	0.00e+00	0.00e+00	0.00e+00	0.00e+00	0.00e+00	0.00e+00	8.30e-01	9.52e-02	5.72e-02
 7.74735e+16	9.83e-01	1.74e-02	1.61e-07	0.00e+00	0.00e+00	0.00e+00	0.00e+00	0.00e+00	0.00e+00	8.29e-01	9.59e-02	5.73e-02
 7.74772e+16	9.83e-01	1.69e-02	1.52e-07	0.00e+00	0.00e+00	0.00e+00	0.00e+00	0.00e+00	0.00e+00	8.29e-01	9.65e-02	5.75e-02
 7.74806e+16	9.83e-01	1.65e-02	1.43e-07	0.00e+00	0.00e+00	0.00e+00	0.00e+00	0.00e+00	0.00e+00	8.29e-01	9.72e-02	5.77e-02
 7.74838e+16	9.84e-01	1.61e-02	1.35e-07	0.00e+00	0.00e+00	0.00e+00	0.00e+00	0.00e+00	0.00e+00	8.28e-01	9.79e-02	5.78e-02
 7.74868e+16	9.84e-01	1.58e-02	1.28e-07	0.00e+00	0.00e+00	0.00e+00	0.00e+00	0.00e+00	0.00e+00	8.28e-01	9.85e-02	5.80e-02
 7.74895e+16	9.85e-01	1.55e-02	1.22e-07	0.00e+00	0.00e+00	0.00e+00	0.00e+00	0.00e+00	0.00e+00	8.27e-01	9.90e-02	5.81e-02
 7.74923e+16	9.85e-01	1.51e-02	1.15e-07	0.00e+00	0.00e+00	0.00e+00	0.00e+00	0.00e+00	0.00e+00	8.27e-01	9.99e-02	5.84e-02
 7.74948e+16	9.85e-01	1.47e-02	1.10e-07	0.00e+00	0.00e+00	0.00e+00	0.00e+00	0.00e+00	0.00e+00	8.26e-01	1.01e-01	5.86e-02
 7.74969e+16	9.86e-01	1.45e-02	1.05e-07	0.00e+00	0.00e+00	0.00e+00	0.00e+00	0.00e+00	0.00e+00	8.26e-01	1.01e-01	5.87e-02
 7.74989e+16	9.86e-01	1.42e-02	1.00e-07	0.00e+00	0.00e+00	0.00e+00	0.00e+00	0.00e+00	0.00e+00	8.25e-01	1.02e-01	5.89e-02
 7.75008e+16	9.86e-01	1.39e-02	9.66e-08	0.00e+00	0.00e+00	0.00e+00	0.00e+00	0.00e+00	0.00e+00	8.25e-01	1.02e-01	5.90e-02
 7.75026e+16	9.86e-01	1.36e-02	9.21e-08	0.00e+00	0.00e+00	0.00e+00	0.00e+00	0.00e+00	0.00e+00	8.24e-01	1.03e-01	5.93e-02
 7.75042e+16	9.87e-01	1.34e-02	8.90e-08	0.00e+00	0.00e+00	0.00e+00	0.00e+00	0.00e+00	0.00e+00	8.23e-01	1.04e-01	5.94e-02
 7.75057e+16	9.87e-01	1.31e-02	8.52e-08	0.00e+00	0.00e+00	0.00e+00	0.00e+00	0.00e+00	0.00e+00	8.22e-01	1.05e-01	5.96e-02
 7.75071e+16	9.87e-01	1.29e-02	8.25e-08	0.00e+00	0.00e+00	0.00e+00	0.00e+00	0.00e+00	0.00e+00	8.22e-01	1.05e-01	5.97e-02
 7.75084e+16	9.87e-01	1.27e-02	7.91e-08	0.00e+00	0.00e+00	0.00e+00	0.00e+00	0.00e+00	0.00e+00	8.21e-01	1.06e-01	6.00e-02
 7.75096e+16	9.88e-01	1.25e-02	7.68e-08	0.00e+00	0.00e+00	0.00e+00	0.00e+00	0.00e+00	0.00e+00	8.21e-01	1.07e-01	6.01e-02
 7.75107e+16	9.88e-01	1.22e-02	7.38e-08	0.00e+00	0.00e+00	0.00e+00	0.00e+00	0.00e+00	0.00e+00	8.20e-01	1.08e-01	6.03e-02
 7.75117e+16	9.88e-01	1.21e-02	7.18e-08	0.00e+00	0.00e+00	0.00e+00	0.00e+00	0.00e+00	0.00e+00	8.19e-01	1.08e-01	6.05e-02
 7.75127e+16	9.88e-01	1.18e-02	6.90e-08	0.00e+00	0.00e+00	0.00e+00	0.00e+00	0.00e+00	0.00e+00	8.18e-01	1.09e-01	6.07e-02
 7.75135e+16	9.88e-01	1.17e-02	6.72e-08	0.00e+00	0.00e+00	0.00e+00	0.00e+00	0.00e+00	0.00e+00	8.18e-01	1.10e-01	6.08e-02
 7.75144e+16	9.89e-01	1.15e-02	6.47e-08	0.00e+00	0.00e+00	0.00e+00	0.00e+00	0.00e+00	0.00e+00	8.17e-01	1.11e-01	6.11e-02
 7.75152e+16	9.89e-01	1.13e-02	6.30e-08	0.00e+00	0.00e+00	0.00e+00	0.00e+00	0.00e+00	0.00e+00	8.16e-01	1.11e-01	6.12e-02
 7.75160e+16	9.89e-01	1.11e-02	6.04e-08	0.00e+00	0.00e+00	0.00e+00	0.00e+00	0.00e+00	0.00e+00	8.15e-01	1.12e-01	6.15e-02
 7.75167e+16	9.89e-01	1.08e-02	5.81e-08	0.00e+00	0.00e+00	0.00e+00	0.00e+00	0.00e+00	0.00e+00	8.14e-01	1.13e-01	6.17e-02
 7.75175e+16	9.89e-01	1.06e-02	5.57e-08	0.00e+00	0.00e+00	0.00e+00	0.00e+00	0.00e+00	0.00e+00	8.13e-01	1.15e-01	6.20e-02
 7.75183e+16	9.90e-01	1.03e-02	5.31e-08	0.00e+00	0.00e+00	0.00e+00	0.00e+00	0.00e+00	0.00e+00	8.11e-01	1.16e-01	6.23e-02
 7.75191e+16	9.90e-01	9.95e-03	4.96e-08	0.00e+00	0.00e+00	0.00e+00	0.00e+00	0.00e+00	0.00e+00	8.09e-01	1.18e-01	6.28e-02
 7.75198e+16	9.90e-01	9.54e-03	4.62e-08	0.00e+00	0.00e+00	0.00e+00	0.00e+00	0.00e+00	0.00e+00	8.07e-01	1.20e-01	6.33e-02
 7.75206e+16	9.91e-01	8.67e-03	3.91e-08	0.00e+00	0.00e+00	0.00e+00	0.00e+00	0.00e+00	0.00e+00	8.01e-01	1.26e-01	6.46e-02
 7.75214e+16	9.98e-01	2.25e-03	2.99e-09	0.00e+00	0.00e+00	0.00e+00	0.00e+00	0.00e+00	0.00e+00	7.38e-01	1.90e-01	6.89e-02
