#depth	H	H+	H2
 9.67316e+11	1.51e-03	9.98e-01	1.01e-13
 5.80390e+12	1.51e-03	9.98e-01	1.02e-13
 2.51502e+13	1.51e-03	9.98e-01	1.02e-13
 1.02535e+14	1.51e-03	9.98e-01	1.03e-13
 2.44924e+14	1.50e-03	9.98e-01	1.07e-13
 4.30030e+14	1.50e-03	9.99e-01	1.10e-13
 6.70667e+14	1.49e-03	9.99e-01	1.14e-13
 9.83496e+14	1.49e-03	9.99e-01	1.20e-13
 1.39017e+15	1.49e-03	9.99e-01	1.26e-13
 1.91885e+15	1.49e-03	9.99e-01	1.36e-13
 2.60614e+15	1.49e-03	9.99e-01	1.46e-13
 3.36039e+15	1.48e-03	9.99e-01	1.55e-13
 4.04212e+15	1.47e-03	9.99e-01	1.61e-13
 4.64385e+15	1.47e-03	9.99e-01	1.65e-13
 5.20059e+15	1.48e-03	9.99e-01	1.68e-13
 5.71468e+15	1.49e-03	9.99e-01	1.71e-13
 6.27387e+15	1.51e-03	9.98e-01	1.77e-13
 6.88638e+15	1.53e-03	9.98e-01	1.83e-13
 7.45782e+15	1.56e-03	9.98e-01	1.92e-13
 8.09034e+15	1.61e-03	9.98e-01	2.06e-13
 8.87025e+15	1.67e-03	9.98e-01	2.25e-13
 9.75727e+15	1.74e-03	9.98e-01	2.48e-13
 1.07330e+16	1.80e-03	9.98e-01	2.70e-13
 1.18063e+16	1.87e-03	9.98e-01	2.92e-13
 1.29869e+16	1.93e-03	9.98e-01	3.10e-13
 1.42856e+16	2.01e-03	9.98e-01	3.29e-13
 1.57142e+16	2.09e-03	9.98e-01	3.47e-13
 1.72856e+16	2.27e-03	9.98e-01	3.82e-13
 1.90142e+16	2.40e-03	9.98e-01	4.09e-13
 2.09156e+16	2.57e-03	9.97e-01	4.38e-13
 2.30071e+16	2.77e-03	9.97e-01	4.76e-13
 2.53079e+16	3.03e-03	9.97e-01	5.20e-13
 2.78386e+16	3.36e-03	9.97e-01	5.82e-13
 2.98629e+16	3.72e-03	9.96e-01	6.60e-13
 3.09664e+16	3.93e-03	9.96e-01	7.08e-13
 3.18975e+16	4.11e-03	9.96e-01	7.43e-13
 3.31081e+16	4.33e-03	9.96e-01	7.88e-13
 3.46817e+16	4.66e-03	9.95e-01	8.54e-13
 3.62866e+16	5.08e-03	9.95e-01	9.46e-13
 3.74985e+16	5.46e-03	9.95e-01	1.04e-12
 3.84241e+16	5.76e-03	9.94e-01	1.10e-12
 3.94106e+16	6.05e-03	9.94e-01	1.16e-12
 4.06930e+16	6.47e-03	9.94e-01	1.25e-12
 4.20797e+16	7.02e-03	9.93e-01	1.37e-12
 4.32487e+16	7.56e-03	9.92e-01	1.49e-12
 4.41962e+16	8.02e-03	9.92e-01	1.59e-12
 4.52088e+16	8.49e-03	9.92e-01	1.69e-12
 4.65253e+16	9.15e-03	9.91e-01	1.81e-12
 4.79043e+16	1.00e-02	9.90e-01	1.98e-12
 4.90074e+16	1.08e-02	9.89e-01	2.16e-12
 4.98812e+16	1.15e-02	9.89e-01	2.29e-12
 5.08144e+16	1.22e-02	9.88e-01	2.40e-12
 5.20275e+16	1.31e-02	9.87e-01	2.55e-12
 5.33516e+16	1.44e-02	9.86e-01	2.76e-12
 5.44894e+16	1.56e-02	9.84e-01	2.98e-12
 5.54329e+16	1.67e-02	9.83e-01	3.17e-12
 5.64542e+16	1.79e-02	9.82e-01	3.32e-12
 5.77819e+16	1.96e-02	9.80e-01	3.54e-12
 5.91448e+16	2.18e-02	9.78e-01	3.87e-12
 6.01711e+16	2.39e-02	9.76e-01	4.20e-12
 6.09389e+16	2.55e-02	9.74e-01	4.45e-12
 6.17526e+16	2.72e-02	9.73e-01	4.67e-12
 6.28105e+16	2.97e-02	9.70e-01	5.00e-12
 6.39329e+16	3.32e-02	9.67e-01	5.51e-12
 6.48363e+16	3.67e-02	9.63e-01	6.09e-12
 6.55227e+16	3.96e-02	9.60e-01	6.58e-12
 6.62301e+16	4.28e-02	9.57e-01	7.08e-12
 6.71496e+16	4.79e-02	9.52e-01	7.92e-12
 6.80793e+16	5.46e-02	9.45e-01	9.14e-12
 6.87699e+16	6.10e-02	9.39e-01	1.04e-11
 6.92973e+16	6.67e-02	9.33e-01	1.15e-11
 6.98652e+16	7.35e-02	9.27e-01	1.28e-11
 7.04672e+16	8.26e-02	9.17e-01	1.48e-11
 7.09524e+16	9.19e-02	9.08e-01	1.68e-11
 7.13220e+16	1.00e-01	9.00e-01	1.88e-11
 7.16527e+16	1.08e-01	8.92e-01	2.07e-11
 7.20329e+16	1.19e-01	8.81e-01	2.34e-11
 7.24400e+16	1.34e-01	8.66e-01	2.72e-11
 7.27717e+16	1.48e-01	8.52e-01	3.12e-11
 7.30251e+16	1.61e-01	8.39e-01	3.49e-11
 7.32868e+16	1.75e-01	8.25e-01	3.93e-11
 7.35773e+16	1.94e-01	8.06e-01	4.54e-11
 7.38321e+16	2.15e-01	7.85e-01	5.24e-11
 7.40363e+16	2.33e-01	7.67e-01	5.91e-11
 7.42182e+16	2.51e-01	7.49e-01	6.62e-11
 7.44248e+16	2.74e-01	7.26e-01	7.58e-11
 7.46469e+16	3.03e-01	6.97e-01	8.91e-11
 7.48306e+16	3.32e-01	6.68e-01	1.03e-10
 7.49748e+16	3.56e-01	6.44e-01	1.16e-10
 7.51179e+16	3.81e-01	6.19e-01	1.32e-10
 7.52783e+16	4.13e-01	5.87e-01	1.53e-10
 7.54284e+16	4.48e-01	5.52e-01	1.78e-10
 7.55438e+16	4.76e-01	5.24e-01	2.01e-10
 7.56319e+16	4.98e-01	5.02e-01	2.21e-10
 7.57124e+16	5.19e-01	4.81e-01	2.42e-10
 7.57948e+16	5.41e-01	4.59e-01	2.66e-10
 7.58609e+16	5.60e-01	4.40e-01	2.89e-10
 7.59016e+16	5.71e-01	4.29e-01	3.02e-10
 7.59368e+16	5.81e-01	4.19e-01	3.16e-10
 7.59796e+16	5.93e-01	4.07e-01	3.33e-10
 7.60277e+16	6.07e-01	3.93e-01	3.55e-10
 7.60728e+16	6.21e-01	3.79e-01	3.76e-10
 7.61120e+16	6.33e-01	3.67e-01	3.97e-10
 7.61486e+16	6.44e-01	3.56e-01	4.17e-10
 7.61863e+16	6.56e-01	3.44e-01	4.39e-10
 7.62251e+16	6.68e-01	3.32e-01	4.64e-10
 7.62625e+16	6.80e-01	3.20e-01	4.90e-10
 7.62978e+16	6.92e-01	3.08e-01	5.16e-10
 7.63318e+16	7.02e-01	2.98e-01	5.43e-10
 7.63656e+16	7.13e-01	2.87e-01	5.71e-10
 7.63993e+16	7.24e-01	2.76e-01	6.02e-10
 7.64322e+16	7.34e-01	2.66e-01	6.34e-10
 7.64639e+16	7.44e-01	2.56e-01	6.67e-10
 7.64949e+16	7.54e-01	2.46e-01	7.01e-10
 7.65254e+16	7.64e-01	2.36e-01	7.38e-10
 7.65555e+16	7.73e-01	2.27e-01	7.76e-10
 7.65849e+16	7.82e-01	2.18e-01	8.17e-10
 7.66136e+16	7.91e-01	2.09e-01	8.59e-10
 7.66417e+16	7.99e-01	2.01e-01	9.03e-10
 7.66693e+16	8.08e-01	1.92e-01	9.50e-10
 7.66964e+16	8.16e-01	1.84e-01	9.99e-10
 7.67230e+16	8.23e-01	1.77e-01	1.05e-09
 7.67490e+16	8.31e-01	1.69e-01	1.11e-09
 7.67745e+16	8.38e-01	1.62e-01	1.16e-09
 7.67993e+16	8.45e-01	1.55e-01	1.22e-09
 7.68232e+16	8.52e-01	1.48e-01	1.29e-09
 7.68465e+16	8.58e-01	1.42e-01	1.35e-09
 7.68691e+16	8.64e-01	1.36e-01	1.42e-09
 7.68911e+16	8.69e-01	1.31e-01	1.49e-09
 7.69126e+16	8.75e-01	1.25e-01	1.57e-09
 7.69335e+16	8.80e-01	1.20e-01	1.65e-09
 7.69539e+16	8.85e-01	1.15e-01	1.73e-09
 7.69739e+16	8.90e-01	1.10e-01	1.82e-09
 7.69934e+16	8.94e-01	1.06e-01	1.91e-09
 7.70122e+16	8.99e-01	1.01e-01	2.00e-09
 7.70305e+16	9.03e-01	9.73e-02	2.10e-09
 7.70485e+16	9.07e-01	9.34e-02	2.21e-09
 7.70661e+16	9.10e-01	8.96e-02	2.33e-09
 7.70831e+16	9.14e-01	8.60e-02	2.45e-09
 7.70997e+16	9.17e-01	8.26e-02	2.57e-09
 7.71161e+16	9.21e-01	7.93e-02	2.71e-09
 7.71322e+16	9.24e-01	7.61e-02	2.86e-09
 7.71479e+16	9.27e-01	7.30e-02	3.01e-09
 7.71631e+16	9.30e-01	7.02e-02	3.18e-09
 7.71780e+16	9.33e-01	6.74e-02	3.35e-09
 7.71926e+16	9.35e-01	6.47e-02	3.54e-09
 7.72070e+16	9.38e-01	6.21e-02	3.75e-09
 7.72210e+16	9.40e-01	5.97e-02	3.97e-09
 7.72347e+16	9.43e-01	5.73e-02	4.21e-09
 7.72481e+16	9.45e-01	5.50e-02	4.46e-09
 7.72611e+16	9.47e-01	5.30e-02	4.73e-09
 7.72741e+16	9.49e-01	5.08e-02	5.05e-09
 7.72867e+16	9.51e-01	4.88e-02	5.38e-09
 7.72987e+16	9.53e-01	4.69e-02	5.74e-09
 7.73105e+16	9.55e-01	4.51e-02	6.14e-09
 7.73222e+16	9.57e-01	4.33e-02	6.58e-09
 7.73336e+16	9.58e-01	4.16e-02	7.08e-09
 7.73447e+16	9.60e-01	3.99e-02	7.62e-09
 7.73554e+16	9.62e-01	3.84e-02	8.24e-09
 7.73659e+16	9.63e-01	3.68e-02	8.93e-09
 7.73761e+16	9.65e-01	3.54e-02	9.70e-09
 7.73860e+16	9.66e-01	3.40e-02	1.06e-08
 7.73956e+16	9.67e-01	3.26e-02	1.16e-08
 7.74049e+16	9.69e-01	3.13e-02	1.28e-08
 7.74138e+16	9.70e-01	3.01e-02	1.41e-08
 7.74222e+16	9.71e-01	2.89e-02	1.56e-08
 7.74300e+16	9.72e-01	2.79e-02	1.71e-08
 7.74372e+16	9.73e-01	2.69e-02	1.90e-08
 7.74439e+16	9.74e-01	2.60e-02	2.11e-08
 7.74498e+16	9.75e-01	2.52e-02	2.33e-08
 7.74552e+16	9.76e-01	2.45e-02	2.57e-08
 7.74603e+16	9.76e-01	2.38e-02	2.84e-08
 7.74651e+16	9.77e-01	2.31e-02	3.14e-08
 7.74694e+16	9.77e-01	2.25e-02	3.48e-08
 7.74735e+16	9.78e-01	2.19e-02	3.84e-08
 7.74772e+16	9.79e-01	2.14e-02	4.25e-08
 7.74806e+16	9.79e-01	2.09e-02	4.70e-08
 7.74838e+16	9.80e-01	2.04e-02	5.20e-08
 7.74868e+16	9.80e-01	2.00e-02	5.76e-08
 7.74895e+16	9.80e-01	1.96e-02	6.28e-08
 7.74923e+16	9.81e-01	1.91e-02	7.07e-08
 7.74948e+16	9.81e-01	1.87e-02	7.89e-08
 7.74969e+16	9.82e-01	1.84e-02	8.60e-08
 7.74989e+16	9.82e-01	1.80e-02	9.62e-08
 7.75008e+16	9.82e-01	1.77e-02	1.06e-07
 7.75026e+16	9.83e-01	1.73e-02	1.19e-07
 7.75042e+16	9.83e-01	1.70e-02	1.30e-07
 7.75057e+16	9.83e-01	1.67e-02	1.46e-07
 7.75071e+16	9.84e-01	1.65e-02	1.59e-07
 7.75084e+16	9.84e-01	1.62e-02	1.79e-07
 7.75096e+16	9.84e-01	1.59e-02	1.96e-07
 7.75107e+16	9.84e-01	1.56e-02	2.21e-07
 7.75117e+16	9.85e-01	1.54e-02	2.41e-07
 7.75127e+16	9.85e-01	1.51e-02	2.71e-07
 7.75135e+16	9.85e-01	1.49e-02	2.96e-07
 7.75144e+16	9.85e-01	1.47e-02	3.34e-07
 7.75152e+16	9.86e-01	1.45e-02	3.66e-07
 7.75160e+16	9.86e-01	1.42e-02	4.21e-07
 7.75167e+16	9.86e-01	1.39e-02	4.82e-07
 7.75175e+16	9.86e-01	1.36e-02	5.57e-07
 7.75183e+16	9.87e-01	1.33e-02	6.51e-07
 7.75191e+16	9.87e-01	1.28e-02	8.08e-07
 7.75198e+16	9.88e-01	1.23e-02	1.01e-06
 7.75206e+16	9.89e-01	1.13e-02	1.49e-06
 7.75214e+16	9.97e-01	3.38e-03	1.12e-05
