#depth	O	O+	O+2	O+3	O+4	O+5	O+6	O+7	O+8	O[1]	O[2]	O[3]
 2.80812e+11	5.86e-06	5.25e-03	4.04e-01	5.83e-01	7.64e-03	2.85e-07	0.00e+00	0.00e+00	0.00e+00	4.93e-06	6.02e-07	3.35e-07
 1.68487e+12	5.85e-06	5.25e-03	4.05e-01	5.83e-01	7.62e-03	2.84e-07	0.00e+00	0.00e+00	0.00e+00	4.92e-06	6.00e-07	3.35e-07
 7.30111e+12	5.87e-06	5.27e-03	4.05e-01	5.82e-01	7.59e-03	2.82e-07	0.00e+00	0.00e+00	0.00e+00	4.93e-06	6.01e-07	3.35e-07
 2.97660e+13	5.90e-06	5.30e-03	4.08e-01	5.79e-01	7.46e-03	2.76e-07	0.00e+00	0.00e+00	0.00e+00	4.96e-06	6.05e-07	3.38e-07
 7.11015e+13	5.89e-06	5.34e-03	4.13e-01	5.75e-01	7.25e-03	2.65e-07	0.00e+00	0.00e+00	0.00e+00	4.95e-06	6.03e-07	3.39e-07
 1.24838e+14	5.91e-06	5.41e-03	4.19e-01	5.69e-01	6.98e-03	2.53e-07	0.00e+00	0.00e+00	0.00e+00	4.97e-06	6.04e-07	3.41e-07
 1.94695e+14	5.95e-06	5.49e-03	4.27e-01	5.61e-01	6.66e-03	2.37e-07	0.00e+00	0.00e+00	0.00e+00	5.00e-06	6.07e-07	3.43e-07
 2.85509e+14	6.02e-06	5.60e-03	4.37e-01	5.51e-01	6.26e-03	2.18e-07	0.00e+00	0.00e+00	0.00e+00	5.06e-06	6.11e-07	3.47e-07
 4.03567e+14	6.10e-06	5.75e-03	4.50e-01	5.38e-01	5.79e-03	1.96e-07	0.00e+00	0.00e+00	0.00e+00	5.14e-06	6.17e-07	3.52e-07
 5.57043e+14	6.23e-06	5.95e-03	4.68e-01	5.21e-01	5.22e-03	1.71e-07	0.00e+00	0.00e+00	0.00e+00	5.25e-06	6.26e-07	3.58e-07
 7.56561e+14	6.41e-06	6.22e-03	4.92e-01	4.97e-01	4.56e-03	1.43e-07	0.00e+00	0.00e+00	0.00e+00	5.41e-06	6.41e-07	3.68e-07
 1.01594e+15	6.66e-06	6.58e-03	5.24e-01	4.66e-01	3.81e-03	0.00e+00	0.00e+00	0.00e+00	0.00e+00	5.62e-06	6.62e-07	3.82e-07
 1.35312e+15	7.03e-06	7.08e-03	5.66e-01	4.24e-01	2.99e-03	0.00e+00	0.00e+00	0.00e+00	0.00e+00	5.93e-06	6.96e-07	4.02e-07
 1.79146e+15	7.51e-06	7.73e-03	6.22e-01	3.68e-01	2.15e-03	0.00e+00	0.00e+00	0.00e+00	0.00e+00	6.34e-06	7.45e-07	4.31e-07
 2.36131e+15	8.18e-06	8.58e-03	6.95e-01	2.95e-01	1.35e-03	0.00e+00	0.00e+00	0.00e+00	0.00e+00	6.89e-06	8.17e-07	4.72e-07
 2.95561e+15	8.64e-06	9.33e-03	7.64e-01	2.25e-01	7.93e-04	0.00e+00	0.00e+00	0.00e+00	0.00e+00	7.27e-06	8.72e-07	5.02e-07
 3.47469e+15	9.11e-06	9.98e-03	8.20e-01	1.70e-01	4.72e-04	0.00e+00	0.00e+00	0.00e+00	0.00e+00	7.64e-06	9.30e-07	5.34e-07
 4.04250e+15	9.78e-06	1.07e-02	8.71e-01	1.18e-01	2.48e-04	0.00e+00	0.00e+00	0.00e+00	0.00e+00	8.19e-06	1.01e-06	5.78e-07
 4.78065e+15	1.07e-05	1.15e-02	9.18e-01	6.99e-02	9.93e-05	0.00e+00	0.00e+00	0.00e+00	0.00e+00	8.90e-06	1.11e-06	6.33e-07
 5.74024e+15	1.18e-05	1.25e-02	9.55e-01	3.29e-02	2.73e-05	0.00e+00	0.00e+00	0.00e+00	0.00e+00	9.86e-06	1.24e-06	7.02e-07
 6.59675e+15	1.25e-05	1.32e-02	9.70e-01	1.66e-02	8.56e-06	0.00e+00	0.00e+00	0.00e+00	0.00e+00	1.05e-05	1.30e-06	7.41e-07
 7.25643e+15	1.33e-05	1.38e-02	9.77e-01	9.71e-03	3.41e-06	0.00e+00	0.00e+00	0.00e+00	0.00e+00	1.11e-05	1.37e-06	7.83e-07
 7.98207e+15	1.41e-05	1.44e-02	9.80e-01	5.46e-03	1.26e-06	0.00e+00	0.00e+00	0.00e+00	0.00e+00	1.18e-05	1.45e-06	8.30e-07
 8.78028e+15	1.50e-05	1.51e-02	9.82e-01	2.95e-03	4.33e-07	0.00e+00	0.00e+00	0.00e+00	0.00e+00	1.26e-05	1.54e-06	8.83e-07
 9.65830e+15	1.61e-05	1.58e-02	9.83e-01	1.54e-03	1.39e-07	0.00e+00	0.00e+00	0.00e+00	0.00e+00	1.35e-05	1.64e-06	9.43e-07
 1.06241e+16	1.73e-05	1.66e-02	9.83e-01	7.81e-04	0.00e+00	0.00e+00	0.00e+00	0.00e+00	0.00e+00	1.45e-05	1.76e-06	1.01e-06
 1.16865e+16	1.88e-05	1.75e-02	9.82e-01	3.84e-04	0.00e+00	0.00e+00	0.00e+00	0.00e+00	0.00e+00	1.58e-05	1.91e-06	1.10e-06
 1.28552e+16	2.04e-05	1.85e-02	9.81e-01	1.84e-04	0.00e+00	0.00e+00	0.00e+00	0.00e+00	0.00e+00	1.72e-05	2.08e-06	1.20e-06
 1.41407e+16	2.25e-05	1.97e-02	9.80e-01	8.68e-05	0.00e+00	0.00e+00	0.00e+00	0.00e+00	0.00e+00	1.89e-05	2.30e-06	1.32e-06
 1.55548e+16	2.49e-05	2.10e-02	9.79e-01	4.03e-05	0.00e+00	0.00e+00	0.00e+00	0.00e+00	0.00e+00	2.09e-05	2.56e-06	1.46e-06
 1.71103e+16	2.79e-05	2.25e-02	9.77e-01	1.86e-05	0.00e+00	0.00e+00	0.00e+00	0.00e+00	0.00e+00	2.33e-05	2.89e-06	1.65e-06
 1.88213e+16	3.15e-05	2.42e-02	9.76e-01	8.57e-06	0.00e+00	0.00e+00	0.00e+00	0.00e+00	0.00e+00	2.64e-05	3.31e-06	1.88e-06
 2.07034e+16	3.62e-05	2.62e-02	9.74e-01	4.00e-06	0.00e+00	0.00e+00	0.00e+00	0.00e+00	0.00e+00	3.01e-05	3.86e-06	2.17e-06
 2.27591e+16	4.20e-05	2.85e-02	9.71e-01	1.91e-06	0.00e+00	0.00e+00	0.00e+00	0.00e+00	0.00e+00	3.49e-05	4.59e-06	2.56e-06
 2.47337e+16	4.88e-05	3.10e-02	9.69e-01	1.03e-06	0.00e+00	0.00e+00	0.00e+00	0.00e+00	0.00e+00	4.04e-05	5.43e-06	3.01e-06
 2.64201e+16	5.57e-05	3.33e-02	9.67e-01	6.35e-07	0.00e+00	0.00e+00	0.00e+00	0.00e+00	0.00e+00	4.60e-05	6.23e-06	3.47e-06
 2.78995e+16	6.25e-05	3.54e-02	9.65e-01	4.29e-07	0.00e+00	0.00e+00	0.00e+00	0.00e+00	0.00e+00	5.15e-05	7.06e-06	3.95e-06
 2.92436e+16	6.96e-05	3.74e-02	9.63e-01	3.07e-07	0.00e+00	0.00e+00	0.00e+00	0.00e+00	0.00e+00	5.72e-05	7.92e-06	4.45e-06
 3.04964e+16	7.70e-05	3.93e-02	9.61e-01	2.29e-07	0.00e+00	0.00e+00	0.00e+00	0.00e+00	0.00e+00	6.32e-05	8.83e-06	4.98e-06
 3.16771e+16	8.49e-05	4.13e-02	9.59e-01	1.76e-07	0.00e+00	0.00e+00	0.00e+00	0.00e+00	0.00e+00	6.95e-05	9.80e-06	5.56e-06
 3.28014e+16	9.32e-05	4.32e-02	9.57e-01	1.38e-07	0.00e+00	0.00e+00	0.00e+00	0.00e+00	0.00e+00	7.62e-05	1.08e-05	6.17e-06
 3.38823e+16	1.02e-04	4.52e-02	9.55e-01	0.00e+00	0.00e+00	0.00e+00	0.00e+00	0.00e+00	0.00e+00	8.33e-05	1.20e-05	6.84e-06
 3.49298e+16	1.12e-04	4.72e-02	9.53e-01	0.00e+00	0.00e+00	0.00e+00	0.00e+00	0.00e+00	0.00e+00	9.10e-05	1.32e-05	7.57e-06
 3.59520e+16	1.22e-04	4.93e-02	9.51e-01	0.00e+00	0.00e+00	0.00e+00	0.00e+00	0.00e+00	0.00e+00	9.94e-05	1.45e-05	8.38e-06
 3.69558e+16	1.34e-04	5.15e-02	9.48e-01	0.00e+00	0.00e+00	0.00e+00	0.00e+00	0.00e+00	0.00e+00	1.09e-04	1.60e-05	9.27e-06
 3.79474e+16	1.47e-04	5.38e-02	9.46e-01	0.00e+00	0.00e+00	0.00e+00	0.00e+00	0.00e+00	0.00e+00	1.19e-04	1.77e-05	1.03e-05
 3.89329e+16	1.61e-04	5.62e-02	9.44e-01	0.00e+00	0.00e+00	0.00e+00	0.00e+00	0.00e+00	0.00e+00	1.30e-04	1.96e-05	1.14e-05
 3.99169e+16	1.77e-04	5.88e-02	9.41e-01	0.00e+00	0.00e+00	0.00e+00	0.00e+00	0.00e+00	0.00e+00	1.43e-04	2.17e-05	1.27e-05
 4.09027e+16	1.96e-04	6.16e-02	9.38e-01	0.00e+00	0.00e+00	0.00e+00	0.00e+00	0.00e+00	0.00e+00	1.57e-04	2.41e-05	1.41e-05
 4.18935e+16	2.17e-04	6.47e-02	9.35e-01	0.00e+00	0.00e+00	0.00e+00	0.00e+00	0.00e+00	0.00e+00	1.74e-04	2.69e-05	1.58e-05
 4.28926e+16	2.42e-04	6.80e-02	9.32e-01	0.00e+00	0.00e+00	0.00e+00	0.00e+00	0.00e+00	0.00e+00	1.94e-04	3.02e-05	1.78e-05
 4.39029e+16	2.70e-04	7.17e-02	9.28e-01	0.00e+00	0.00e+00	0.00e+00	0.00e+00	0.00e+00	0.00e+00	2.16e-04	3.41e-05	2.02e-05
 4.49244e+16	3.04e-04	7.58e-02	9.24e-01	0.00e+00	0.00e+00	0.00e+00	0.00e+00	0.00e+00	0.00e+00	2.43e-04	3.87e-05	2.29e-05
 4.59558e+16	3.45e-04	8.04e-02	9.19e-01	0.00e+00	0.00e+00	0.00e+00	0.00e+00	0.00e+00	0.00e+00	2.74e-04	4.41e-05	2.62e-05
 4.69960e+16	3.93e-04	8.56e-02	9.14e-01	0.00e+00	0.00e+00	0.00e+00	0.00e+00	0.00e+00	0.00e+00	3.12e-04	5.07e-05	3.02e-05
 4.80432e+16	4.51e-04	9.13e-02	9.08e-01	0.00e+00	0.00e+00	0.00e+00	0.00e+00	0.00e+00	0.00e+00	3.57e-04	5.86e-05	3.50e-05
 4.90737e+16	5.20e-04	9.78e-02	9.02e-01	0.00e+00	0.00e+00	0.00e+00	0.00e+00	0.00e+00	0.00e+00	4.11e-04	6.82e-05	4.07e-05
 5.00556e+16	6.00e-04	1.05e-01	8.95e-01	0.00e+00	0.00e+00	0.00e+00	0.00e+00	0.00e+00	0.00e+00	4.73e-04	7.90e-05	4.74e-05
 5.09925e+16	6.91e-04	1.12e-01	8.87e-01	0.00e+00	0.00e+00	0.00e+00	0.00e+00	0.00e+00	0.00e+00	5.45e-04	9.16e-05	5.50e-05
 5.19079e+16	7.98e-04	1.20e-01	8.79e-01	0.00e+00	0.00e+00	0.00e+00	0.00e+00	0.00e+00	0.00e+00	6.28e-04	1.06e-04	6.41e-05
 5.28131e+16	9.27e-04	1.29e-01	8.70e-01	0.00e+00	0.00e+00	0.00e+00	0.00e+00	0.00e+00	0.00e+00	7.28e-04	1.24e-04	7.50e-05
 5.37008e+16	1.08e-03	1.39e-01	8.60e-01	0.00e+00	0.00e+00	0.00e+00	0.00e+00	0.00e+00	0.00e+00	8.48e-04	1.46e-04	8.82e-05
 5.45601e+16	1.27e-03	1.50e-01	8.49e-01	0.00e+00	0.00e+00	0.00e+00	0.00e+00	0.00e+00	0.00e+00	9.91e-04	1.71e-04	1.04e-04
 5.53895e+16	1.48e-03	1.62e-01	8.37e-01	0.00e+00	0.00e+00	0.00e+00	0.00e+00	0.00e+00	0.00e+00	1.16e-03	2.02e-04	1.23e-04
 5.61970e+16	1.75e-03	1.75e-01	8.23e-01	0.00e+00	0.00e+00	0.00e+00	0.00e+00	0.00e+00	0.00e+00	1.36e-03	2.39e-04	1.46e-04
 5.69899e+16	2.07e-03	1.90e-01	8.08e-01	0.00e+00	0.00e+00	0.00e+00	0.00e+00	0.00e+00	0.00e+00	1.61e-03	2.84e-04	1.73e-04
 5.77682e+16	2.46e-03	2.06e-01	7.91e-01	0.00e+00	0.00e+00	0.00e+00	0.00e+00	0.00e+00	0.00e+00	1.91e-03	3.40e-04	2.08e-04
 5.85273e+16	2.94e-03	2.25e-01	7.72e-01	0.00e+00	0.00e+00	0.00e+00	0.00e+00	0.00e+00	0.00e+00	2.28e-03	4.09e-04	2.50e-04
 5.92659e+16	3.54e-03	2.46e-01	7.51e-01	0.00e+00	0.00e+00	0.00e+00	0.00e+00	0.00e+00	0.00e+00	2.74e-03	4.94e-04	3.03e-04
 5.99869e+16	4.28e-03	2.69e-01	7.26e-01	0.00e+00	0.00e+00	0.00e+00	0.00e+00	0.00e+00	0.00e+00	3.31e-03	6.01e-04	3.69e-04
 6.06854e+16	5.19e-03	2.95e-01	7.00e-01	0.00e+00	0.00e+00	0.00e+00	0.00e+00	0.00e+00	0.00e+00	4.01e-03	7.33e-04	4.50e-04
 6.13458e+16	6.32e-03	3.23e-01	6.70e-01	0.00e+00	0.00e+00	0.00e+00	0.00e+00	0.00e+00	0.00e+00	4.87e-03	8.96e-04	5.51e-04
 6.19593e+16	7.65e-03	3.53e-01	6.39e-01	0.00e+00	0.00e+00	0.00e+00	0.00e+00	0.00e+00	0.00e+00	5.89e-03	1.09e-03	6.71e-04
 6.25340e+16	9.22e-03	3.84e-01	6.07e-01	0.00e+00	0.00e+00	0.00e+00	0.00e+00	0.00e+00	0.00e+00	7.09e-03	1.32e-03	8.09e-04
 6.30862e+16	1.11e-02	4.17e-01	5.72e-01	0.00e+00	0.00e+00	0.00e+00	0.00e+00	0.00e+00	0.00e+00	8.55e-03	1.60e-03	9.78e-04
 6.36215e+16	1.35e-02	4.52e-01	5.35e-01	0.00e+00	0.00e+00	0.00e+00	0.00e+00	0.00e+00	0.00e+00	1.03e-02	1.94e-03	1.18e-03
 6.41345e+16	1.63e-02	4.88e-01	4.95e-01	0.00e+00	0.00e+00	0.00e+00	0.00e+00	0.00e+00	0.00e+00	1.25e-02	2.36e-03	1.44e-03
 6.46212e+16	1.97e-02	5.26e-01	4.55e-01	0.00e+00	0.00e+00	0.00e+00	0.00e+00	0.00e+00	0.00e+00	1.51e-02	2.86e-03	1.74e-03
 6.50834e+16	2.38e-02	5.63e-01	4.13e-01	0.00e+00	0.00e+00	0.00e+00	0.00e+00	0.00e+00	0.00e+00	1.83e-02	3.46e-03	2.10e-03
 6.55276e+16	2.87e-02	6.00e-01	3.71e-01	0.00e+00	0.00e+00	0.00e+00	0.00e+00	0.00e+00	0.00e+00	2.20e-02	4.18e-03	2.53e-03
 6.59583e+16	3.47e-02	6.36e-01	3.29e-01	0.00e+00	0.00e+00	0.00e+00	0.00e+00	0.00e+00	0.00e+00	2.66e-02	5.05e-03	3.05e-03
 6.63750e+16	4.18e-02	6.71e-01	2.88e-01	0.00e+00	0.00e+00	0.00e+00	0.00e+00	0.00e+00	0.00e+00	3.21e-02	6.11e-03	3.68e-03
 6.67775e+16	5.07e-02	7.02e-01	2.47e-01	0.00e+00	0.00e+00	0.00e+00	0.00e+00	0.00e+00	0.00e+00	3.88e-02	7.40e-03	4.46e-03
 6.71624e+16	6.12e-02	7.30e-01	2.09e-01	0.00e+00	0.00e+00	0.00e+00	0.00e+00	0.00e+00	0.00e+00	4.69e-02	8.93e-03	5.38e-03
 6.75106e+16	7.36e-02	7.52e-01	1.74e-01	0.00e+00	0.00e+00	0.00e+00	0.00e+00	0.00e+00	0.00e+00	5.64e-02	1.07e-02	6.45e-03
 6.78062e+16	8.65e-02	7.67e-01	1.47e-01	0.00e+00	0.00e+00	0.00e+00	0.00e+00	0.00e+00	0.00e+00	6.63e-02	1.26e-02	7.57e-03
 6.80637e+16	9.98e-02	7.76e-01	1.24e-01	0.00e+00	0.00e+00	0.00e+00	0.00e+00	0.00e+00	0.00e+00	7.66e-02	1.45e-02	8.72e-03
 6.83054e+16	1.14e-01	7.81e-01	1.05e-01	0.00e+00	0.00e+00	0.00e+00	0.00e+00	0.00e+00	0.00e+00	8.77e-02	1.65e-02	9.94e-03
 6.85428e+16	1.31e-01	7.82e-01	8.75e-02	0.00e+00	0.00e+00	0.00e+00	0.00e+00	0.00e+00	0.00e+00	1.00e-01	1.88e-02	1.13e-02
 6.87732e+16	1.49e-01	7.79e-01	7.21e-02	0.00e+00	0.00e+00	0.00e+00	0.00e+00	0.00e+00	0.00e+00	1.15e-01	2.13e-02	1.29e-02
 6.89855e+16	1.70e-01	7.71e-01	5.94e-02	0.00e+00	0.00e+00	0.00e+00	0.00e+00	0.00e+00	0.00e+00	1.31e-01	2.40e-02	1.46e-02
 6.91759e+16	1.90e-01	7.61e-01	4.92e-02	0.00e+00	0.00e+00	0.00e+00	0.00e+00	0.00e+00	0.00e+00	1.47e-01	2.67e-02	1.63e-02
 6.93513e+16	2.11e-01	7.48e-01	4.09e-02	0.00e+00	0.00e+00	0.00e+00	0.00e+00	0.00e+00	0.00e+00	1.64e-01	2.94e-02	1.80e-02
 6.95203e+16	2.34e-01	7.32e-01	3.40e-02	0.00e+00	0.00e+00	0.00e+00	0.00e+00	0.00e+00	0.00e+00	1.82e-01	3.21e-02	1.98e-02
 6.96860e+16	2.58e-01	7.14e-01	2.80e-02	0.00e+00	0.00e+00	0.00e+00	0.00e+00	0.00e+00	0.00e+00	2.01e-01	3.50e-02	2.17e-02
 6.98461e+16	2.83e-01	6.94e-01	2.30e-02	0.00e+00	0.00e+00	0.00e+00	0.00e+00	0.00e+00	0.00e+00	2.22e-01	3.79e-02	2.37e-02
 6.99981e+16	3.09e-01	6.72e-01	1.89e-02	0.00e+00	0.00e+00	0.00e+00	0.00e+00	0.00e+00	0.00e+00	2.43e-01	4.08e-02	2.57e-02
 7.01425e+16	3.35e-01	6.49e-01	1.55e-02	0.00e+00	0.00e+00	0.00e+00	0.00e+00	0.00e+00	0.00e+00	2.64e-01	4.35e-02	2.76e-02
 7.02830e+16	3.61e-01	6.26e-01	1.28e-02	0.00e+00	0.00e+00	0.00e+00	0.00e+00	0.00e+00	0.00e+00	2.86e-01	4.62e-02	2.95e-02
 7.04226e+16	3.89e-01	6.01e-01	1.04e-02	0.00e+00	0.00e+00	0.00e+00	0.00e+00	0.00e+00	0.00e+00	3.09e-01	4.88e-02	3.14e-02
 7.05599e+16	4.17e-01	5.75e-01	8.46e-03	0.00e+00	0.00e+00	0.00e+00	0.00e+00	0.00e+00	0.00e+00	3.32e-01	5.13e-02	3.33e-02
 7.06938e+16	4.45e-01	5.48e-01	6.85e-03	0.00e+00	0.00e+00	0.00e+00	0.00e+00	0.00e+00	0.00e+00	3.56e-01	5.35e-02	3.51e-02
 7.08242e+16	4.73e-01	5.22e-01	5.55e-03	0.00e+00	0.00e+00	0.00e+00	0.00e+00	0.00e+00	0.00e+00	3.80e-01	5.56e-02	3.68e-02
 7.09506e+16	5.00e-01	4.96e-01	4.49e-03	0.00e+00	0.00e+00	0.00e+00	0.00e+00	0.00e+00	0.00e+00	4.04e-01	5.74e-02	3.84e-02
 7.10706e+16	5.26e-01	4.71e-01	3.66e-03	0.00e+00	0.00e+00	0.00e+00	0.00e+00	0.00e+00	0.00e+00	4.27e-01	5.89e-02	3.98e-02
 7.11816e+16	5.49e-01	4.48e-01	3.01e-03	0.00e+00	0.00e+00	0.00e+00	0.00e+00	0.00e+00	0.00e+00	4.48e-01	6.01e-02	4.10e-02
 7.12847e+16	5.71e-01	4.26e-01	2.50e-03	0.00e+00	0.00e+00	0.00e+00	0.00e+00	0.00e+00	0.00e+00	4.68e-01	6.11e-02	4.20e-02
 7.13829e+16	5.92e-01	4.06e-01	2.08e-03	0.00e+00	0.00e+00	0.00e+00	0.00e+00	0.00e+00	0.00e+00	4.87e-01	6.18e-02	4.29e-02
 7.14614e+16	6.08e-01	3.90e-01	1.80e-03	0.00e+00	0.00e+00	0.00e+00	0.00e+00	0.00e+00	0.00e+00	5.02e-01	6.23e-02	4.36e-02
 7.15149e+16	6.19e-01	3.80e-01	1.63e-03	0.00e+00	0.00e+00	0.00e+00	0.00e+00	0.00e+00	0.00e+00	5.12e-01	6.26e-02	4.40e-02
 7.15655e+16	6.28e-01	3.70e-01	1.48e-03	0.00e+00	0.00e+00	0.00e+00	0.00e+00	0.00e+00	0.00e+00	5.21e-01	6.28e-02	4.43e-02
 7.16272e+16	6.40e-01	3.58e-01	1.31e-03	0.00e+00	0.00e+00	0.00e+00	0.00e+00	0.00e+00	0.00e+00	5.33e-01	6.30e-02	4.47e-02
 7.16956e+16	6.54e-01	3.45e-01	1.15e-03	0.00e+00	0.00e+00	0.00e+00	0.00e+00	0.00e+00	0.00e+00	5.46e-01	6.31e-02	4.51e-02
 7.17585e+16	6.66e-01	3.33e-01	1.01e-03	0.00e+00	0.00e+00	0.00e+00	0.00e+00	0.00e+00	0.00e+00	5.58e-01	6.32e-02	4.54e-02
 7.18153e+16	6.78e-01	3.22e-01	9.01e-04	0.00e+00	0.00e+00	0.00e+00	0.00e+00	0.00e+00	0.00e+00	5.69e-01	6.32e-02	4.57e-02
 7.18715e+16	6.88e-01	3.11e-01	8.03e-04	0.00e+00	0.00e+00	0.00e+00	0.00e+00	0.00e+00	0.00e+00	5.79e-01	6.32e-02	4.59e-02
 7.19308e+16	6.99e-01	3.00e-01	7.10e-04	0.00e+00	0.00e+00	0.00e+00	0.00e+00	0.00e+00	0.00e+00	5.90e-01	6.31e-02	4.61e-02
 7.19921e+16	7.11e-01	2.89e-01	6.23e-04	0.00e+00	0.00e+00	0.00e+00	0.00e+00	0.00e+00	0.00e+00	6.02e-01	6.29e-02	4.62e-02
 7.20505e+16	7.21e-01	2.78e-01	5.49e-04	0.00e+00	0.00e+00	0.00e+00	0.00e+00	0.00e+00	0.00e+00	6.12e-01	6.27e-02	4.63e-02
 7.21063e+16	7.31e-01	2.68e-01	4.87e-04	0.00e+00	0.00e+00	0.00e+00	0.00e+00	0.00e+00	0.00e+00	6.22e-01	6.25e-02	4.64e-02
 7.21632e+16	7.41e-01	2.58e-01	4.29e-04	0.00e+00	0.00e+00	0.00e+00	0.00e+00	0.00e+00	0.00e+00	6.33e-01	6.22e-02	4.64e-02
 7.22212e+16	7.51e-01	2.49e-01	3.78e-04	0.00e+00	0.00e+00	0.00e+00	0.00e+00	0.00e+00	0.00e+00	6.43e-01	6.19e-02	4.64e-02
 7.22787e+16	7.61e-01	2.39e-01	3.31e-04	0.00e+00	0.00e+00	0.00e+00	0.00e+00	0.00e+00	0.00e+00	6.53e-01	6.15e-02	4.64e-02
 7.23351e+16	7.70e-01	2.30e-01	2.92e-04	0.00e+00	0.00e+00	0.00e+00	0.00e+00	0.00e+00	0.00e+00	6.63e-01	6.11e-02	4.63e-02
 7.23911e+16	7.79e-01	2.21e-01	2.56e-04	0.00e+00	0.00e+00	0.00e+00	0.00e+00	0.00e+00	0.00e+00	6.72e-01	6.06e-02	4.62e-02
 7.24478e+16	7.88e-01	2.12e-01	2.24e-04	0.00e+00	0.00e+00	0.00e+00	0.00e+00	0.00e+00	0.00e+00	6.82e-01	6.01e-02	4.60e-02
 7.25035e+16	7.97e-01	2.03e-01	1.97e-04	0.00e+00	0.00e+00	0.00e+00	0.00e+00	0.00e+00	0.00e+00	6.91e-01	5.96e-02	4.59e-02
 7.25582e+16	8.05e-01	1.95e-01	1.73e-04	0.00e+00	0.00e+00	0.00e+00	0.00e+00	0.00e+00	0.00e+00	7.00e-01	5.91e-02	4.57e-02
 7.26137e+16	8.13e-01	1.87e-01	1.51e-04	0.00e+00	0.00e+00	0.00e+00	0.00e+00	0.00e+00	0.00e+00	7.09e-01	5.85e-02	4.54e-02
 7.26690e+16	8.20e-01	1.79e-01	1.32e-04	0.00e+00	0.00e+00	0.00e+00	0.00e+00	0.00e+00	0.00e+00	7.17e-01	5.80e-02	4.52e-02
 7.27238e+16	8.28e-01	1.72e-01	1.15e-04	0.00e+00	0.00e+00	0.00e+00	0.00e+00	0.00e+00	0.00e+00	7.26e-01	5.74e-02	4.49e-02
 7.27787e+16	8.35e-01	1.64e-01	1.01e-04	0.00e+00	0.00e+00	0.00e+00	0.00e+00	0.00e+00	0.00e+00	7.34e-01	5.67e-02	4.46e-02
 7.28326e+16	8.42e-01	1.58e-01	8.78e-05	0.00e+00	0.00e+00	0.00e+00	0.00e+00	0.00e+00	0.00e+00	7.42e-01	5.61e-02	4.43e-02
 7.28860e+16	8.49e-01	1.51e-01	7.67e-05	0.00e+00	0.00e+00	0.00e+00	0.00e+00	0.00e+00	0.00e+00	7.50e-01	5.55e-02	4.40e-02
 7.29398e+16	8.56e-01	1.44e-01	6.69e-05	0.00e+00	0.00e+00	0.00e+00	0.00e+00	0.00e+00	0.00e+00	7.57e-01	5.48e-02	4.36e-02
 7.29937e+16	8.62e-01	1.38e-01	5.81e-05	0.00e+00	0.00e+00	0.00e+00	0.00e+00	0.00e+00	0.00e+00	7.64e-01	5.42e-02	4.33e-02
 7.30469e+16	8.68e-01	1.32e-01	5.06e-05	0.00e+00	0.00e+00	0.00e+00	0.00e+00	0.00e+00	0.00e+00	7.72e-01	5.35e-02	4.29e-02
 7.30986e+16	8.74e-01	1.26e-01	4.42e-05	0.00e+00	0.00e+00	0.00e+00	0.00e+00	0.00e+00	0.00e+00	7.78e-01	5.29e-02	4.25e-02
 7.31492e+16	8.79e-01	1.21e-01	3.87e-05	0.00e+00	0.00e+00	0.00e+00	0.00e+00	0.00e+00	0.00e+00	7.85e-01	5.22e-02	4.22e-02
 7.31989e+16	8.84e-01	1.16e-01	3.39e-05	0.00e+00	0.00e+00	0.00e+00	0.00e+00	0.00e+00	0.00e+00	7.91e-01	5.16e-02	4.18e-02
 7.32488e+16	8.89e-01	1.11e-01	2.96e-05	0.00e+00	0.00e+00	0.00e+00	0.00e+00	0.00e+00	0.00e+00	7.97e-01	5.10e-02	4.14e-02
 7.32984e+16	8.94e-01	1.06e-01	2.59e-05	0.00e+00	0.00e+00	0.00e+00	0.00e+00	0.00e+00	0.00e+00	8.02e-01	5.04e-02	4.10e-02
 7.33467e+16	8.98e-01	1.02e-01	2.27e-05	0.00e+00	0.00e+00	0.00e+00	0.00e+00	0.00e+00	0.00e+00	8.08e-01	4.98e-02	4.06e-02
 7.33938e+16	9.02e-01	9.75e-02	2.00e-05	0.00e+00	0.00e+00	0.00e+00	0.00e+00	0.00e+00	0.00e+00	8.13e-01	4.92e-02	4.03e-02
 7.34405e+16	9.06e-01	9.35e-02	1.75e-05	0.00e+00	0.00e+00	0.00e+00	0.00e+00	0.00e+00	0.00e+00	8.18e-01	4.86e-02	3.99e-02
 7.34873e+16	9.10e-01	8.97e-02	1.54e-05	0.00e+00	0.00e+00	0.00e+00	0.00e+00	0.00e+00	0.00e+00	8.23e-01	4.81e-02	3.95e-02
 7.35335e+16	9.14e-01	8.59e-02	1.35e-05	0.00e+00	0.00e+00	0.00e+00	0.00e+00	0.00e+00	0.00e+00	8.27e-01	4.75e-02	3.92e-02
 7.35784e+16	9.18e-01	8.24e-02	1.19e-05	0.00e+00	0.00e+00	0.00e+00	0.00e+00	0.00e+00	0.00e+00	8.32e-01	4.70e-02	3.88e-02
 7.36225e+16	9.21e-01	7.91e-02	1.05e-05	0.00e+00	0.00e+00	0.00e+00	0.00e+00	0.00e+00	0.00e+00	8.36e-01	4.65e-02	3.85e-02
 7.36666e+16	9.24e-01	7.59e-02	9.30e-06	0.00e+00	0.00e+00	0.00e+00	0.00e+00	0.00e+00	0.00e+00	8.40e-01	4.60e-02	3.81e-02
 7.37105e+16	9.27e-01	7.27e-02	8.19e-06	0.00e+00	0.00e+00	0.00e+00	0.00e+00	0.00e+00	0.00e+00	8.44e-01	4.55e-02	3.78e-02
 7.37540e+16	9.30e-01	6.97e-02	7.23e-06	0.00e+00	0.00e+00	0.00e+00	0.00e+00	0.00e+00	0.00e+00	8.48e-01	4.50e-02	3.74e-02
 7.37963e+16	9.33e-01	6.69e-02	6.39e-06	0.00e+00	0.00e+00	0.00e+00	0.00e+00	0.00e+00	0.00e+00	8.51e-01	4.45e-02	3.71e-02
 7.38382e+16	9.36e-01	6.42e-02	5.67e-06	0.00e+00	0.00e+00	0.00e+00	0.00e+00	0.00e+00	0.00e+00	8.55e-01	4.41e-02	3.67e-02
 7.38797e+16	9.38e-01	6.16e-02	5.02e-06	0.00e+00	0.00e+00	0.00e+00	0.00e+00	0.00e+00	0.00e+00	8.58e-01	4.36e-02	3.63e-02
 7.39211e+16	9.41e-01	5.91e-02	4.44e-06	0.00e+00	0.00e+00	0.00e+00	0.00e+00	0.00e+00	0.00e+00	8.62e-01	4.32e-02	3.60e-02
 7.39624e+16	9.43e-01	5.67e-02	3.94e-06	0.00e+00	0.00e+00	0.00e+00	0.00e+00	0.00e+00	0.00e+00	8.65e-01	4.27e-02	3.56e-02
 7.40021e+16	9.46e-01	5.44e-02	3.50e-06	0.00e+00	0.00e+00	0.00e+00	0.00e+00	0.00e+00	0.00e+00	8.68e-01	4.23e-02	3.52e-02
 7.40413e+16	9.48e-01	5.24e-02	3.12e-06	0.00e+00	0.00e+00	0.00e+00	0.00e+00	0.00e+00	0.00e+00	8.71e-01	4.19e-02	3.50e-02
 7.40812e+16	9.50e-01	5.03e-02	2.77e-06	0.00e+00	0.00e+00	0.00e+00	0.00e+00	0.00e+00	0.00e+00	8.74e-01	4.15e-02	3.46e-02
 7.41207e+16	9.52e-01	4.82e-02	2.46e-06	0.00e+00	0.00e+00	0.00e+00	0.00e+00	0.00e+00	0.00e+00	8.76e-01	4.11e-02	3.43e-02
 7.41588e+16	9.54e-01	4.63e-02	2.19e-06	0.00e+00	0.00e+00	0.00e+00	0.00e+00	0.00e+00	0.00e+00	8.79e-01	4.08e-02	3.40e-02
 7.41967e+16	9.56e-01	4.45e-02	1.95e-06	0.00e+00	0.00e+00	0.00e+00	0.00e+00	0.00e+00	0.00e+00	8.81e-01	4.04e-02	3.37e-02
 7.42352e+16	9.57e-01	4.27e-02	1.74e-06	0.00e+00	0.00e+00	0.00e+00	0.00e+00	0.00e+00	0.00e+00	8.84e-01	4.01e-02	3.34e-02
 7.42732e+16	9.59e-01	4.09e-02	1.55e-06	0.00e+00	0.00e+00	0.00e+00	0.00e+00	0.00e+00	0.00e+00	8.86e-01	3.97e-02	3.31e-02
 7.43102e+16	9.61e-01	3.93e-02	1.39e-06	0.00e+00	0.00e+00	0.00e+00	0.00e+00	0.00e+00	0.00e+00	8.88e-01	3.94e-02	3.28e-02
 7.43464e+16	9.62e-01	3.78e-02	1.24e-06	0.00e+00	0.00e+00	0.00e+00	0.00e+00	0.00e+00	0.00e+00	8.91e-01	3.91e-02	3.26e-02
 7.43819e+16	9.64e-01	3.63e-02	1.11e-06	0.00e+00	0.00e+00	0.00e+00	0.00e+00	0.00e+00	0.00e+00	8.93e-01	3.88e-02	3.23e-02
 7.44174e+16	9.65e-01	3.49e-02	9.99e-07	0.00e+00	0.00e+00	0.00e+00	0.00e+00	0.00e+00	0.00e+00	8.95e-01	3.85e-02	3.20e-02
 7.44536e+16	9.67e-01	3.35e-02	8.93e-07	0.00e+00	0.00e+00	0.00e+00	0.00e+00	0.00e+00	0.00e+00	8.97e-01	3.82e-02	3.18e-02
 7.44895e+16	9.68e-01	3.21e-02	7.99e-07	0.00e+00	0.00e+00	0.00e+00	0.00e+00	0.00e+00	0.00e+00	8.99e-01	3.79e-02	3.15e-02
 7.45241e+16	9.69e-01	3.08e-02	7.18e-07	0.00e+00	0.00e+00	0.00e+00	0.00e+00	0.00e+00	0.00e+00	9.00e-01	3.76e-02	3.13e-02
 7.45577e+16	9.70e-01	2.96e-02	6.47e-07	0.00e+00	0.00e+00	0.00e+00	0.00e+00	0.00e+00	0.00e+00	9.02e-01	3.73e-02	3.11e-02
 7.45912e+16	9.72e-01	2.84e-02	5.83e-07	0.00e+00	0.00e+00	0.00e+00	0.00e+00	0.00e+00	0.00e+00	9.04e-01	3.71e-02	3.08e-02
 7.46246e+16	9.73e-01	2.72e-02	5.25e-07	0.00e+00	0.00e+00	0.00e+00	0.00e+00	0.00e+00	0.00e+00	9.05e-01	3.68e-02	3.06e-02
 7.46575e+16	9.74e-01	2.61e-02	4.74e-07	0.00e+00	0.00e+00	0.00e+00	0.00e+00	0.00e+00	0.00e+00	9.07e-01	3.66e-02	3.04e-02
 7.46884e+16	9.75e-01	2.51e-02	4.31e-07	0.00e+00	0.00e+00	0.00e+00	0.00e+00	0.00e+00	0.00e+00	9.08e-01	3.64e-02	3.02e-02
 7.47158e+16	9.76e-01	2.43e-02	3.96e-07	0.00e+00	0.00e+00	0.00e+00	0.00e+00	0.00e+00	0.00e+00	9.10e-01	3.61e-02	3.00e-02
 7.47407e+16	9.76e-01	2.35e-02	3.67e-07	0.00e+00	0.00e+00	0.00e+00	0.00e+00	0.00e+00	0.00e+00	9.11e-01	3.60e-02	2.98e-02
 7.47639e+16	9.77e-01	2.28e-02	3.42e-07	0.00e+00	0.00e+00	0.00e+00	0.00e+00	0.00e+00	0.00e+00	9.12e-01	3.58e-02	2.97e-02
 7.47862e+16	9.78e-01	2.22e-02	3.19e-07	0.00e+00	0.00e+00	0.00e+00	0.00e+00	0.00e+00	0.00e+00	9.13e-01	3.56e-02	2.95e-02
 7.48072e+16	9.78e-01	2.16e-02	2.99e-07	0.00e+00	0.00e+00	0.00e+00	0.00e+00	0.00e+00	0.00e+00	9.14e-01	3.55e-02	2.94e-02
 7.48263e+16	9.79e-01	2.10e-02	2.82e-07	0.00e+00	0.00e+00	0.00e+00	0.00e+00	0.00e+00	0.00e+00	9.14e-01	3.53e-02	2.93e-02
 7.48439e+16	9.79e-01	2.05e-02	2.67e-07	0.00e+00	0.00e+00	0.00e+00	0.00e+00	0.00e+00	0.00e+00	9.15e-01	3.52e-02	2.92e-02
 7.48605e+16	9.80e-01	2.00e-02	2.54e-07	0.00e+00	0.00e+00	0.00e+00	0.00e+00	0.00e+00	0.00e+00	9.16e-01	3.51e-02	2.90e-02
 7.48765e+16	9.80e-01	1.96e-02	2.41e-07	0.00e+00	0.00e+00	0.00e+00	0.00e+00	0.00e+00	0.00e+00	9.17e-01	3.50e-02	2.89e-02
 7.48919e+16	9.81e-01	1.92e-02	2.30e-07	0.00e+00	0.00e+00	0.00e+00	0.00e+00	0.00e+00	0.00e+00	9.17e-01	3.48e-02	2.88e-02
 7.49064e+16	9.81e-01	1.87e-02	2.20e-07	0.00e+00	0.00e+00	0.00e+00	0.00e+00	0.00e+00	0.00e+00	9.18e-01	3.47e-02	2.87e-02
 7.49201e+16	9.82e-01	1.84e-02	2.11e-07	0.00e+00	0.00e+00	0.00e+00	0.00e+00	0.00e+00	0.00e+00	9.18e-01	3.46e-02	2.86e-02
 7.49331e+16	9.82e-01	1.80e-02	2.02e-07	0.00e+00	0.00e+00	0.00e+00	0.00e+00	0.00e+00	0.00e+00	9.19e-01	3.45e-02	2.85e-02
 7.49456e+16	9.82e-01	1.76e-02	1.95e-07	0.00e+00	0.00e+00	0.00e+00	0.00e+00	0.00e+00	0.00e+00	9.20e-01	3.44e-02	2.84e-02
 7.49576e+16	9.83e-01	1.73e-02	1.87e-07	0.00e+00	0.00e+00	0.00e+00	0.00e+00	0.00e+00	0.00e+00	9.20e-01	3.43e-02	2.83e-02
 7.49688e+16	9.83e-01	1.70e-02	1.81e-07	0.00e+00	0.00e+00	0.00e+00	0.00e+00	0.00e+00	0.00e+00	9.21e-01	3.42e-02	2.82e-02
 7.49799e+16	9.83e-01	1.67e-02	1.75e-07	0.00e+00	0.00e+00	0.00e+00	0.00e+00	0.00e+00	0.00e+00	9.21e-01	3.41e-02	2.81e-02
 7.49913e+16	9.84e-01	1.63e-02	1.68e-07	0.00e+00	0.00e+00	0.00e+00	0.00e+00	0.00e+00	0.00e+00	9.22e-01	3.40e-02	2.80e-02
 7.50021e+16	9.84e-01	1.60e-02	1.63e-07	0.00e+00	0.00e+00	0.00e+00	0.00e+00	0.00e+00	0.00e+00	9.22e-01	3.39e-02	2.79e-02
 7.50126e+16	9.84e-01	1.57e-02	1.57e-07	0.00e+00	0.00e+00	0.00e+00	0.00e+00	0.00e+00	0.00e+00	9.23e-01	3.37e-02	2.78e-02
 7.50231e+16	9.85e-01	1.54e-02	1.52e-07	0.00e+00	0.00e+00	0.00e+00	0.00e+00	0.00e+00	0.00e+00	9.23e-01	3.36e-02	2.77e-02
 7.50338e+16	9.85e-01	1.51e-02	1.47e-07	0.00e+00	0.00e+00	0.00e+00	0.00e+00	0.00e+00	0.00e+00	9.24e-01	3.35e-02	2.76e-02
 7.50448e+16	9.85e-01	1.47e-02	1.41e-07	0.00e+00	0.00e+00	0.00e+00	0.00e+00	0.00e+00	0.00e+00	9.24e-01	3.34e-02	2.75e-02
 7.50563e+16	9.86e-01	1.44e-02	1.36e-07	0.00e+00	0.00e+00	0.00e+00	0.00e+00	0.00e+00	0.00e+00	9.25e-01	3.33e-02	2.74e-02
 7.50686e+16	9.86e-01	1.40e-02	1.30e-07	0.00e+00	0.00e+00	0.00e+00	0.00e+00	0.00e+00	0.00e+00	9.26e-01	3.31e-02	2.72e-02
 7.50808e+16	9.86e-01	1.36e-02	1.25e-07	0.00e+00	0.00e+00	0.00e+00	0.00e+00	0.00e+00	0.00e+00	9.26e-01	3.30e-02	2.71e-02
 7.50918e+16	9.87e-01	1.32e-02	1.20e-07	0.00e+00	0.00e+00	0.00e+00	0.00e+00	0.00e+00	0.00e+00	9.27e-01	3.28e-02	2.69e-02
 7.51017e+16	9.87e-01	1.29e-02	1.16e-07	0.00e+00	0.00e+00	0.00e+00	0.00e+00	0.00e+00	0.00e+00	9.28e-01	3.27e-02	2.68e-02
 7.51110e+16	9.87e-01	1.26e-02	1.12e-07	0.00e+00	0.00e+00	0.00e+00	0.00e+00	0.00e+00	0.00e+00	9.28e-01	3.25e-02	2.67e-02
 7.51201e+16	9.88e-01	1.23e-02	1.09e-07	0.00e+00	0.00e+00	0.00e+00	0.00e+00	0.00e+00	0.00e+00	9.29e-01	3.24e-02	2.65e-02
 7.51290e+16	9.88e-01	1.20e-02	1.05e-07	0.00e+00	0.00e+00	0.00e+00	0.00e+00	0.00e+00	0.00e+00	9.29e-01	3.23e-02	2.64e-02
 7.51375e+16	9.88e-01	1.17e-02	1.02e-07	0.00e+00	0.00e+00	0.00e+00	0.00e+00	0.00e+00	0.00e+00	9.30e-01	3.21e-02	2.63e-02
 7.51452e+16	9.89e-01	1.15e-02	9.89e-08	0.00e+00	0.00e+00	0.00e+00	0.00e+00	0.00e+00	0.00e+00	9.30e-01	3.20e-02	2.62e-02
 7.51522e+16	9.89e-01	1.13e-02	9.62e-08	0.00e+00	0.00e+00	0.00e+00	0.00e+00	0.00e+00	0.00e+00	9.31e-01	3.19e-02	2.61e-02
 7.51585e+16	9.89e-01	1.10e-02	9.38e-08	0.00e+00	0.00e+00	0.00e+00	0.00e+00	0.00e+00	0.00e+00	9.31e-01	3.18e-02	2.59e-02
 7.51643e+16	9.89e-01	1.09e-02	9.17e-08	0.00e+00	0.00e+00	0.00e+00	0.00e+00	0.00e+00	0.00e+00	9.32e-01	3.17e-02	2.58e-02
 7.51696e+16	9.89e-01	1.07e-02	8.98e-08	0.00e+00	0.00e+00	0.00e+00	0.00e+00	0.00e+00	0.00e+00	9.32e-01	3.16e-02	2.58e-02
 7.51754e+16	9.89e-01	1.05e-02	8.76e-08	0.00e+00	0.00e+00	0.00e+00	0.00e+00	0.00e+00	0.00e+00	9.32e-01	3.15e-02	2.57e-02
 7.51816e+16	9.90e-01	1.03e-02	8.54e-08	0.00e+00	0.00e+00	0.00e+00	0.00e+00	0.00e+00	0.00e+00	9.33e-01	3.14e-02	2.56e-02
 7.51873e+16	9.90e-01	1.02e-02	8.34e-08	0.00e+00	0.00e+00	0.00e+00	0.00e+00	0.00e+00	0.00e+00	9.33e-01	3.12e-02	2.55e-02
 7.51925e+16	9.90e-01	1.00e-02	8.16e-08	0.00e+00	0.00e+00	0.00e+00	0.00e+00	0.00e+00	0.00e+00	9.33e-01	3.11e-02	2.54e-02
 7.51982e+16	9.90e-01	9.84e-03	7.96e-08	0.00e+00	0.00e+00	0.00e+00	0.00e+00	0.00e+00	0.00e+00	9.34e-01	3.10e-02	2.53e-02
 7.52043e+16	9.90e-01	9.66e-03	7.75e-08	0.00e+00	0.00e+00	0.00e+00	0.00e+00	0.00e+00	0.00e+00	9.34e-01	3.09e-02	2.52e-02
 7.52098e+16	9.90e-01	9.53e-03	7.57e-08	0.00e+00	0.00e+00	0.00e+00	0.00e+00	0.00e+00	0.00e+00	9.35e-01	3.08e-02	2.51e-02
 7.52149e+16	9.91e-01	9.37e-03	7.40e-08	0.00e+00	0.00e+00	0.00e+00	0.00e+00	0.00e+00	0.00e+00	9.35e-01	3.07e-02	2.50e-02
 7.52195e+16	9.91e-01	9.25e-03	7.25e-08	0.00e+00	0.00e+00	0.00e+00	0.00e+00	0.00e+00	0.00e+00	9.35e-01	3.06e-02	2.49e-02
 7.52246e+16	9.91e-01	9.12e-03	7.09e-08	0.00e+00	0.00e+00	0.00e+00	0.00e+00	0.00e+00	0.00e+00	9.36e-01	3.05e-02	2.48e-02
 7.52311e+16	9.91e-01	8.96e-03	6.88e-08	0.00e+00	0.00e+00	0.00e+00	0.00e+00	0.00e+00	0.00e+00	9.36e-01	3.03e-02	2.47e-02
 7.52382e+16	9.91e-01	8.79e-03	6.67e-08	0.00e+00	0.00e+00	0.00e+00	0.00e+00	0.00e+00	0.00e+00	9.36e-01	3.02e-02	2.46e-02
 7.52447e+16	9.91e-01	8.65e-03	6.49e-08	0.00e+00	0.00e+00	0.00e+00	0.00e+00	0.00e+00	0.00e+00	9.37e-01	3.01e-02	2.45e-02
 7.52505e+16	9.91e-01	8.52e-03	6.33e-08	0.00e+00	0.00e+00	0.00e+00	0.00e+00	0.00e+00	0.00e+00	9.37e-01	3.00e-02	2.44e-02
 7.52570e+16	9.92e-01	8.38e-03	6.14e-08	0.00e+00	0.00e+00	0.00e+00	0.00e+00	0.00e+00	0.00e+00	9.37e-01	2.99e-02	2.43e-02
 7.52639e+16	9.92e-01	8.24e-03	5.96e-08	0.00e+00	0.00e+00	0.00e+00	0.00e+00	0.00e+00	0.00e+00	9.38e-01	2.98e-02	2.42e-02
 7.52702e+16	9.92e-01	8.09e-03	5.79e-08	0.00e+00	0.00e+00	0.00e+00	0.00e+00	0.00e+00	0.00e+00	9.38e-01	2.97e-02	2.41e-02
 7.52760e+16	9.92e-01	7.97e-03	5.64e-08	0.00e+00	0.00e+00	0.00e+00	0.00e+00	0.00e+00	0.00e+00	9.38e-01	2.96e-02	2.40e-02
 7.52823e+16	9.92e-01	7.84e-03	5.47e-08	0.00e+00	0.00e+00	0.00e+00	0.00e+00	0.00e+00	0.00e+00	9.39e-01	2.95e-02	2.39e-02
 7.52891e+16	9.92e-01	7.69e-03	5.30e-08	0.00e+00	0.00e+00	0.00e+00	0.00e+00	0.00e+00	0.00e+00	9.39e-01	2.94e-02	2.38e-02
 7.52953e+16	9.92e-01	7.58e-03	5.15e-08	0.00e+00	0.00e+00	0.00e+00	0.00e+00	0.00e+00	0.00e+00	9.39e-01	2.93e-02	2.37e-02
 7.53021e+16	9.93e-01	7.42e-03	4.97e-08	0.00e+00	0.00e+00	0.00e+00	0.00e+00	0.00e+00	0.00e+00	9.40e-01	2.91e-02	2.36e-02
 7.53094e+16	9.93e-01	7.27e-03	4.80e-08	0.00e+00	0.00e+00	0.00e+00	0.00e+00	0.00e+00	0.00e+00	9.40e-01	2.90e-02	2.34e-02
 7.53161e+16	9.93e-01	7.07e-03	4.59e-08	0.00e+00	0.00e+00	0.00e+00	0.00e+00	0.00e+00	0.00e+00	9.41e-01	2.89e-02	2.33e-02
