#depth	H	H+	H2
 2.80812e+11	2.92e-03	9.97e-01	1.34e-11
 1.68487e+12	2.92e-03	9.97e-01	1.34e-11
 7.30111e+12	2.92e-03	9.97e-01	1.34e-11
 2.97660e+13	2.92e-03	9.97e-01	1.35e-11
 7.11015e+13	2.90e-03	9.97e-01	1.34e-11
 1.24838e+14	2.88e-03	9.97e-01	1.34e-11
 1.94695e+14	2.86e-03	9.97e-01	1.34e-11
 2.85509e+14	2.83e-03	9.97e-01	1.33e-11
 4.03567e+14	2.80e-03	9.97e-01	1.32e-11
 5.57043e+14	2.77e-03	9.97e-01	1.32e-11
 7.56561e+14	2.73e-03	9.97e-01	1.30e-11
 1.01594e+15	2.68e-03	9.97e-01	1.28e-11
 1.35312e+15	2.63e-03	9.97e-01	1.25e-11
 1.79146e+15	2.56e-03	9.97e-01	1.21e-11
 2.36131e+15	2.48e-03	9.98e-01	1.15e-11
 2.95561e+15	2.39e-03	9.98e-01	1.08e-11
 3.47469e+15	2.33e-03	9.98e-01	1.02e-11
 4.04250e+15	2.30e-03	9.98e-01	9.85e-12
 4.78065e+15	2.29e-03	9.98e-01	9.72e-12
 5.74024e+15	2.30e-03	9.98e-01	9.89e-12
 6.59675e+15	2.28e-03	9.98e-01	1.01e-11
 7.25643e+15	2.30e-03	9.98e-01	1.02e-11
 7.98207e+15	2.32e-03	9.98e-01	1.05e-11
 8.78028e+15	2.34e-03	9.98e-01	1.07e-11
 9.65830e+15	2.35e-03	9.98e-01	1.10e-11
 1.06241e+16	2.37e-03	9.98e-01	1.12e-11
 1.16865e+16	2.39e-03	9.98e-01	1.15e-11
 1.28552e+16	2.41e-03	9.98e-01	1.17e-11
 1.41407e+16	2.44e-03	9.98e-01	1.19e-11
 1.55548e+16	2.47e-03	9.98e-01	1.22e-11
 1.71103e+16	2.51e-03	9.97e-01	1.25e-11
 1.88213e+16	2.55e-03	9.97e-01	1.28e-11
 2.07034e+16	2.61e-03	9.97e-01	1.31e-11
 2.27591e+16	2.67e-03	9.97e-01	1.34e-11
 2.47337e+16	2.74e-03	9.97e-01	1.38e-11
 2.64201e+16	2.81e-03	9.97e-01	1.40e-11
 2.78995e+16	2.87e-03	9.97e-01	1.42e-11
 2.92436e+16	2.93e-03	9.97e-01	1.42e-11
 3.04964e+16	3.00e-03	9.97e-01	1.40e-11
 3.16771e+16	3.06e-03	9.97e-01	1.37e-11
 3.28014e+16	3.13e-03	9.97e-01	1.30e-11
 3.38823e+16	3.20e-03	9.97e-01	1.21e-11
 3.49298e+16	3.27e-03	9.97e-01	1.10e-11
 3.59520e+16	3.35e-03	9.97e-01	9.69e-12
 3.69558e+16	3.43e-03	9.97e-01	8.38e-12
 3.79474e+16	3.52e-03	9.96e-01	7.12e-12
 3.89329e+16	3.62e-03	9.96e-01	5.99e-12
 3.99169e+16	3.72e-03	9.96e-01	5.03e-12
 4.09027e+16	3.84e-03	9.96e-01	4.23e-12
 4.18935e+16	3.97e-03	9.96e-01	3.60e-12
 4.28926e+16	4.12e-03	9.96e-01	3.12e-12
 4.39029e+16	4.28e-03	9.96e-01	2.75e-12
 4.49244e+16	4.47e-03	9.96e-01	2.47e-12
 4.59558e+16	4.68e-03	9.95e-01	2.28e-12
 4.69960e+16	4.91e-03	9.95e-01	2.15e-12
 4.80432e+16	5.18e-03	9.95e-01	2.08e-12
 4.90737e+16	5.48e-03	9.95e-01	2.05e-12
 5.00556e+16	5.81e-03	9.94e-01	2.07e-12
 5.09925e+16	6.16e-03	9.94e-01	2.11e-12
 5.19079e+16	6.54e-03	9.93e-01	2.17e-12
 5.28131e+16	6.97e-03	9.93e-01	2.26e-12
 5.37008e+16	7.44e-03	9.93e-01	2.37e-12
 5.45601e+16	7.97e-03	9.92e-01	2.51e-12
 5.53895e+16	8.55e-03	9.91e-01	2.66e-12
 5.61970e+16	9.18e-03	9.91e-01	2.84e-12
 5.69899e+16	9.90e-03	9.90e-01	3.04e-12
 5.77682e+16	1.07e-02	9.89e-01	3.28e-12
 5.85273e+16	1.16e-02	9.88e-01	3.54e-12
 5.92659e+16	1.27e-02	9.87e-01	3.85e-12
 5.99869e+16	1.38e-02	9.86e-01	4.19e-12
 6.06854e+16	1.52e-02	9.85e-01	4.58e-12
 6.13458e+16	1.67e-02	9.83e-01	5.02e-12
 6.19593e+16	1.84e-02	9.82e-01	5.50e-12
 6.25340e+16	2.02e-02	9.80e-01	6.01e-12
 6.30862e+16	2.23e-02	9.78e-01	6.61e-12
 6.36215e+16	2.47e-02	9.75e-01	7.28e-12
 6.41345e+16	2.75e-02	9.73e-01	8.04e-12
 6.46212e+16	3.07e-02	9.69e-01	8.91e-12
 6.50834e+16	3.43e-02	9.66e-01	9.89e-12
 6.55276e+16	3.85e-02	9.62e-01	1.10e-11
 6.59583e+16	4.34e-02	9.57e-01	1.23e-11
 6.63750e+16	4.93e-02	9.51e-01	1.39e-11
 6.67775e+16	5.64e-02	9.44e-01	1.58e-11
 6.71624e+16	6.47e-02	9.35e-01	1.80e-11
 6.75106e+16	7.46e-02	9.25e-01	2.07e-11
 6.78062e+16	8.48e-02	9.15e-01	2.35e-11
 6.80637e+16	9.55e-02	9.05e-01	2.64e-11
 6.83054e+16	1.07e-01	8.93e-01	2.96e-11
 6.85428e+16	1.20e-01	8.80e-01	3.33e-11
 6.87732e+16	1.35e-01	8.65e-01	3.78e-11
 6.89855e+16	1.52e-01	8.48e-01	4.28e-11
 6.91759e+16	1.69e-01	8.31e-01	4.81e-11
 6.93513e+16	1.87e-01	8.13e-01	5.39e-11
 6.95203e+16	2.06e-01	7.94e-01	6.02e-11
 6.96860e+16	2.27e-01	7.73e-01	6.74e-11
 6.98461e+16	2.49e-01	7.51e-01	7.55e-11
 6.99981e+16	2.72e-01	7.28e-01	8.43e-11
 7.01425e+16	2.95e-01	7.05e-01	9.36e-11
 7.02830e+16	3.19e-01	6.81e-01	1.04e-10
 7.04226e+16	3.44e-01	6.56e-01	1.15e-10
 7.05599e+16	3.70e-01	6.30e-01	1.28e-10
 7.06938e+16	3.97e-01	6.03e-01	1.42e-10
 7.08242e+16	4.23e-01	5.77e-01	1.56e-10
 7.09506e+16	4.49e-01	5.51e-01	1.72e-10
 7.10706e+16	4.74e-01	5.26e-01	1.88e-10
 7.11816e+16	4.98e-01	5.02e-01	2.05e-10
 7.12847e+16	5.20e-01	4.80e-01	2.21e-10
 7.13829e+16	5.41e-01	4.59e-01	2.38e-10
 7.14614e+16	5.57e-01	4.43e-01	2.52e-10
 7.15149e+16	5.68e-01	4.32e-01	2.62e-10
 7.15655e+16	5.78e-01	4.22e-01	2.72e-10
 7.16272e+16	5.90e-01	4.10e-01	2.85e-10
 7.16956e+16	6.05e-01	3.95e-01	3.00e-10
 7.17585e+16	6.18e-01	3.82e-01	3.13e-10
 7.18153e+16	6.29e-01	3.71e-01	3.28e-10
 7.18715e+16	6.40e-01	3.60e-01	3.41e-10
 7.19308e+16	6.52e-01	3.48e-01	3.57e-10
 7.19921e+16	6.65e-01	3.35e-01	3.74e-10
 7.20505e+16	6.76e-01	3.24e-01	3.91e-10
 7.21063e+16	6.87e-01	3.13e-01	4.07e-10
 7.21632e+16	6.98e-01	3.02e-01	4.26e-10
 7.22212e+16	7.09e-01	2.91e-01	4.45e-10
 7.22787e+16	7.20e-01	2.80e-01	4.66e-10
 7.23351e+16	7.29e-01	2.71e-01	4.84e-10
 7.23911e+16	7.40e-01	2.60e-01	5.07e-10
 7.24478e+16	7.50e-01	2.50e-01	5.30e-10
 7.25035e+16	7.59e-01	2.41e-01	5.54e-10
 7.25582e+16	7.68e-01	2.32e-01	5.77e-10
 7.26137e+16	7.77e-01	2.23e-01	6.05e-10
 7.26690e+16	7.86e-01	2.14e-01	6.30e-10
 7.27238e+16	7.95e-01	2.05e-01	6.59e-10
 7.27787e+16	8.03e-01	1.97e-01	6.90e-10
 7.28326e+16	8.11e-01	1.89e-01	7.21e-10
 7.28860e+16	8.19e-01	1.81e-01	7.54e-10
 7.29398e+16	8.26e-01	1.74e-01	7.88e-10
 7.29937e+16	8.34e-01	1.66e-01	8.24e-10
 7.30469e+16	8.41e-01	1.59e-01	8.62e-10
 7.30986e+16	8.47e-01	1.53e-01	9.01e-10
 7.31492e+16	8.53e-01	1.47e-01	9.43e-10
 7.31989e+16	8.59e-01	1.41e-01	9.87e-10
 7.32488e+16	8.65e-01	1.35e-01	1.03e-09
 7.32984e+16	8.71e-01	1.29e-01	1.08e-09
 7.33467e+16	8.76e-01	1.24e-01	1.13e-09
 7.33938e+16	8.81e-01	1.19e-01	1.18e-09
 7.34405e+16	8.86e-01	1.14e-01	1.24e-09
 7.34873e+16	8.90e-01	1.10e-01	1.29e-09
 7.35335e+16	8.95e-01	1.05e-01	1.35e-09
 7.35784e+16	8.99e-01	1.01e-01	1.41e-09
 7.36225e+16	9.03e-01	9.70e-02	1.48e-09
 7.36666e+16	9.07e-01	9.32e-02	1.55e-09
 7.37105e+16	9.11e-01	8.94e-02	1.63e-09
 7.37540e+16	9.14e-01	8.57e-02	1.72e-09
 7.37963e+16	9.18e-01	8.24e-02	1.80e-09
 7.38382e+16	9.21e-01	7.92e-02	1.90e-09
 7.38797e+16	9.24e-01	7.60e-02	1.99e-09
 7.39211e+16	9.27e-01	7.30e-02	2.10e-09
 7.39624e+16	9.30e-01	7.01e-02	2.22e-09
 7.40021e+16	9.33e-01	6.73e-02	2.35e-09
 7.40413e+16	9.35e-01	6.49e-02	2.45e-09
 7.40812e+16	9.38e-01	6.23e-02	2.61e-09
 7.41207e+16	9.40e-01	5.98e-02	2.78e-09
 7.41588e+16	9.43e-01	5.74e-02	2.96e-09
 7.41967e+16	9.45e-01	5.52e-02	3.15e-09
 7.42352e+16	9.47e-01	5.30e-02	3.35e-09
 7.42732e+16	9.49e-01	5.09e-02	3.57e-09
 7.43102e+16	9.51e-01	4.90e-02	3.83e-09
 7.43464e+16	9.53e-01	4.71e-02	4.10e-09
 7.43819e+16	9.55e-01	4.53e-02	4.41e-09
 7.44174e+16	9.56e-01	4.36e-02	4.77e-09
 7.44536e+16	9.58e-01	4.18e-02	5.19e-09
 7.44895e+16	9.60e-01	4.01e-02	5.68e-09
 7.45241e+16	9.61e-01	3.85e-02	6.25e-09
 7.45577e+16	9.63e-01	3.70e-02	6.85e-09
 7.45912e+16	9.64e-01	3.56e-02	7.63e-09
 7.46246e+16	9.66e-01	3.42e-02	8.49e-09
 7.46575e+16	9.67e-01	3.28e-02	9.56e-09
 7.46884e+16	9.68e-01	3.16e-02	1.08e-08
 7.47158e+16	9.69e-01	3.05e-02	1.21e-08
 7.47407e+16	9.70e-01	2.96e-02	1.35e-08
 7.47639e+16	9.71e-01	2.88e-02	1.51e-08
 7.47862e+16	9.72e-01	2.80e-02	1.69e-08
 7.48072e+16	9.73e-01	2.72e-02	1.90e-08
 7.48263e+16	9.73e-01	2.66e-02	2.13e-08
 7.48439e+16	9.74e-01	2.59e-02	2.38e-08
 7.48605e+16	9.75e-01	2.54e-02	2.65e-08
 7.48765e+16	9.75e-01	2.48e-02	2.96e-08
 7.48919e+16	9.76e-01	2.43e-02	3.32e-08
 7.49064e+16	9.76e-01	2.38e-02	3.71e-08
 7.49201e+16	9.77e-01	2.33e-02	4.14e-08
 7.49331e+16	9.77e-01	2.29e-02	4.62e-08
 7.49456e+16	9.78e-01	2.24e-02	5.16e-08
 7.49576e+16	9.78e-01	2.20e-02	5.79e-08
 7.49688e+16	9.78e-01	2.16e-02	6.38e-08
 7.49799e+16	9.79e-01	2.12e-02	7.13e-08
 7.49913e+16	9.79e-01	2.08e-02	7.97e-08
 7.50021e+16	9.80e-01	2.05e-02	8.86e-08
 7.50126e+16	9.80e-01	2.01e-02	9.83e-08
 7.50231e+16	9.80e-01	1.97e-02	1.09e-07
 7.50338e+16	9.81e-01	1.93e-02	1.21e-07
 7.50448e+16	9.81e-01	1.89e-02	1.33e-07
 7.50563e+16	9.82e-01	1.85e-02	1.46e-07
 7.50686e+16	9.82e-01	1.80e-02	1.61e-07
 7.50808e+16	9.82e-01	1.75e-02	1.73e-07
 7.50918e+16	9.83e-01	1.71e-02	1.83e-07
 7.51017e+16	9.83e-01	1.67e-02	1.91e-07
 7.51110e+16	9.84e-01	1.63e-02	1.98e-07
 7.51201e+16	9.84e-01	1.60e-02	2.03e-07
 7.51290e+16	9.84e-01	1.57e-02	2.07e-07
 7.51375e+16	9.85e-01	1.53e-02	2.11e-07
 7.51452e+16	9.85e-01	1.50e-02	2.14e-07
 7.51522e+16	9.85e-01	1.48e-02	2.17e-07
 7.51585e+16	9.85e-01	1.45e-02	2.19e-07
 7.51643e+16	9.86e-01	1.43e-02	2.21e-07
 7.51696e+16	9.86e-01	1.41e-02	2.23e-07
 7.51754e+16	9.86e-01	1.39e-02	2.26e-07
 7.51816e+16	9.86e-01	1.37e-02	2.28e-07
 7.51873e+16	9.87e-01	1.35e-02	2.31e-07
 7.51925e+16	9.87e-01	1.33e-02	2.33e-07
 7.51982e+16	9.87e-01	1.31e-02	2.35e-07
 7.52043e+16	9.87e-01	1.29e-02	2.38e-07
 7.52098e+16	9.87e-01	1.27e-02	2.41e-07
 7.52149e+16	9.87e-01	1.26e-02	2.44e-07
 7.52195e+16	9.88e-01	1.24e-02	2.46e-07
 7.52246e+16	9.88e-01	1.23e-02	2.49e-07
 7.52311e+16	9.88e-01	1.21e-02	2.52e-07
 7.52382e+16	9.88e-01	1.19e-02	2.55e-07
 7.52447e+16	9.88e-01	1.17e-02	2.58e-07
 7.52505e+16	9.88e-01	1.15e-02	2.61e-07
 7.52570e+16	9.89e-01	1.14e-02	2.65e-07
 7.52639e+16	9.89e-01	1.12e-02	2.68e-07
 7.52702e+16	9.89e-01	1.10e-02	2.72e-07
 7.52760e+16	9.89e-01	1.09e-02	2.75e-07
 7.52823e+16	9.89e-01	1.07e-02	2.79e-07
 7.52891e+16	9.89e-01	1.06e-02	2.83e-07
 7.52953e+16	9.90e-01	1.04e-02	2.87e-07
 7.53021e+16	9.90e-01	1.02e-02	2.92e-07
 7.53094e+16	9.90e-01	1.01e-02	2.97e-07
 7.53161e+16	9.90e-01	9.81e-03	3.04e-07
