#depth	He	He+	He+2
 2.80812e+11	5.10e-04	3.15e-01	6.84e-01
 1.68487e+12	5.10e-04	3.15e-01	6.84e-01
 7.30111e+12	5.11e-04	3.16e-01	6.84e-01
 2.97660e+13	5.14e-04	3.18e-01	6.82e-01
 7.11015e+13	5.18e-04	3.20e-01	6.80e-01
 1.24838e+14	5.23e-04	3.23e-01	6.77e-01
 1.94695e+14	5.32e-04	3.27e-01	6.72e-01
 2.85509e+14	5.43e-04	3.34e-01	6.66e-01
 4.03567e+14	5.58e-04	3.43e-01	6.57e-01
 5.57043e+14	5.79e-04	3.56e-01	6.44e-01
 7.56561e+14	6.09e-04	3.73e-01	6.26e-01
 1.01594e+15	6.50e-04	3.99e-01	6.00e-01
 1.35312e+15	7.07e-04	4.36e-01	5.64e-01
 1.79146e+15	7.87e-04	4.88e-01	5.11e-01
 2.36131e+15	8.99e-04	5.64e-01	4.35e-01
 2.95561e+15	1.01e-03	6.48e-01	3.51e-01
 3.47469e+15	1.11e-03	7.22e-01	2.77e-01
 4.04250e+15	1.22e-03	7.97e-01	2.02e-01
 4.78065e+15	1.34e-03	8.74e-01	1.25e-01
 5.74024e+15	1.46e-03	9.38e-01	6.05e-02
 6.59675e+15	1.54e-03	9.69e-01	2.95e-02
 7.25643e+15	1.59e-03	9.81e-01	1.70e-02
 7.98207e+15	1.64e-03	9.89e-01	9.37e-03
 8.78028e+15	1.69e-03	9.93e-01	4.93e-03
 9.65830e+15	1.75e-03	9.96e-01	2.49e-03
 1.06241e+16	1.80e-03	9.97e-01	1.22e-03
 1.16865e+16	1.87e-03	9.98e-01	5.76e-04
 1.28552e+16	1.94e-03	9.98e-01	2.66e-04
 1.41407e+16	2.02e-03	9.98e-01	1.21e-04
 1.55548e+16	2.11e-03	9.98e-01	5.40e-05
 1.71103e+16	2.21e-03	9.98e-01	2.41e-05
 1.88213e+16	2.32e-03	9.98e-01	1.08e-05
 2.07034e+16	2.46e-03	9.98e-01	4.91e-06
 2.27591e+16	2.61e-03	9.97e-01	2.30e-06
 2.47337e+16	2.77e-03	9.97e-01	1.22e-06
 2.64201e+16	2.92e-03	9.97e-01	7.51e-07
 2.78995e+16	3.05e-03	9.97e-01	5.09e-07
 2.92436e+16	3.18e-03	9.97e-01	3.67e-07
 3.04964e+16	3.31e-03	9.97e-01	2.75e-07
 3.16771e+16	3.43e-03	9.97e-01	2.14e-07
 3.28014e+16	3.56e-03	9.96e-01	1.70e-07
 3.38823e+16	3.68e-03	9.96e-01	1.37e-07
 3.49298e+16	3.81e-03	9.96e-01	1.13e-07
 3.59520e+16	3.93e-03	9.96e-01	9.47e-08
 3.69558e+16	4.07e-03	9.96e-01	8.00e-08
 3.79474e+16	4.20e-03	9.96e-01	6.83e-08
 3.89329e+16	4.35e-03	9.96e-01	5.86e-08
 3.99169e+16	4.50e-03	9.96e-01	5.07e-08
 4.09027e+16	4.66e-03	9.95e-01	4.41e-08
 4.18935e+16	4.83e-03	9.95e-01	3.84e-08
 4.28926e+16	5.02e-03	9.95e-01	3.37e-08
 4.39029e+16	5.22e-03	9.95e-01	2.97e-08
 4.49244e+16	5.44e-03	9.95e-01	2.62e-08
 4.59558e+16	5.68e-03	9.94e-01	2.32e-08
 4.69960e+16	5.94e-03	9.94e-01	2.07e-08
 4.80432e+16	6.23e-03	9.94e-01	1.85e-08
 4.90737e+16	6.53e-03	9.93e-01	1.66e-08
 5.00556e+16	6.85e-03	9.93e-01	1.51e-08
 5.09925e+16	7.18e-03	9.93e-01	1.38e-08
 5.19079e+16	7.53e-03	9.92e-01	1.27e-08
 5.28131e+16	7.90e-03	9.92e-01	1.17e-08
 5.37008e+16	8.30e-03	9.92e-01	1.09e-08
 5.45601e+16	8.73e-03	9.91e-01	1.01e-08
 5.53895e+16	9.17e-03	9.91e-01	9.49e-09
 5.61970e+16	9.65e-03	9.90e-01	8.92e-09
 5.69899e+16	1.02e-02	9.90e-01	8.42e-09
 5.77682e+16	1.07e-02	9.89e-01	7.97e-09
 5.85273e+16	1.13e-02	9.89e-01	7.57e-09
 5.92659e+16	1.20e-02	9.88e-01	7.21e-09
 5.99869e+16	1.27e-02	9.87e-01	6.88e-09
 6.06854e+16	1.34e-02	9.87e-01	6.60e-09
 6.13458e+16	1.43e-02	9.86e-01	6.35e-09
 6.19593e+16	1.51e-02	9.85e-01	6.14e-09
 6.25340e+16	1.60e-02	9.84e-01	5.95e-09
 6.30862e+16	1.70e-02	9.83e-01	5.78e-09
 6.36215e+16	1.81e-02	9.82e-01	5.62e-09
 6.41345e+16	1.92e-02	9.81e-01	5.49e-09
 6.46212e+16	2.05e-02	9.80e-01	5.37e-09
 6.50834e+16	2.19e-02	9.78e-01	5.26e-09
 6.55276e+16	2.34e-02	9.77e-01	5.16e-09
 6.59583e+16	2.51e-02	9.75e-01	5.08e-09
 6.63750e+16	2.70e-02	9.73e-01	5.01e-09
 6.67775e+16	2.92e-02	9.71e-01	4.93e-09
 6.71624e+16	3.16e-02	9.68e-01	4.89e-09
 6.75106e+16	3.43e-02	9.66e-01	4.84e-09
 6.78062e+16	3.70e-02	9.63e-01	4.82e-09
 6.80637e+16	3.98e-02	9.60e-01	4.80e-09
 6.83054e+16	4.26e-02	9.57e-01	4.80e-09
 6.85428e+16	4.59e-02	9.54e-01	4.81e-09
 6.87732e+16	4.96e-02	9.50e-01	4.83e-09
 6.89855e+16	5.36e-02	9.46e-01	4.86e-09
 6.91759e+16	5.77e-02	9.42e-01	4.90e-09
 6.93513e+16	6.20e-02	9.38e-01	4.95e-09
 6.95203e+16	6.67e-02	9.33e-01	5.02e-09
 6.96860e+16	7.19e-02	9.28e-01	5.10e-09
 6.98461e+16	7.77e-02	9.22e-01	5.21e-09
 6.99981e+16	8.39e-02	9.16e-01	5.32e-09
 7.01425e+16	9.05e-02	9.10e-01	5.45e-09
 7.02830e+16	9.77e-02	9.02e-01	5.61e-09
 7.04226e+16	1.06e-01	8.94e-01	5.78e-09
 7.05599e+16	1.15e-01	8.85e-01	5.98e-09
 7.06938e+16	1.24e-01	8.76e-01	6.19e-09
 7.08242e+16	1.35e-01	8.65e-01	6.44e-09
 7.09506e+16	1.46e-01	8.54e-01	6.72e-09
 7.10706e+16	1.57e-01	8.43e-01	7.01e-09
 7.11816e+16	1.69e-01	8.31e-01	7.31e-09
 7.12847e+16	1.81e-01	8.19e-01	7.62e-09
 7.13829e+16	1.93e-01	8.07e-01	7.93e-09
 7.14614e+16	2.03e-01	7.97e-01	8.22e-09
 7.15149e+16	2.11e-01	7.89e-01	8.40e-09
 7.15655e+16	2.18e-01	7.82e-01	8.56e-09
 7.16272e+16	2.27e-01	7.73e-01	8.76e-09
 7.16956e+16	2.38e-01	7.62e-01	9.01e-09
 7.17585e+16	2.48e-01	7.52e-01	9.30e-09
 7.18153e+16	2.58e-01	7.42e-01	9.51e-09
 7.18715e+16	2.67e-01	7.33e-01	9.77e-09
 7.19308e+16	2.78e-01	7.22e-01	1.00e-08
 7.19921e+16	2.90e-01	7.10e-01	1.03e-08
 7.20505e+16	3.01e-01	6.99e-01	1.06e-08
 7.21063e+16	3.11e-01	6.89e-01	1.09e-08
 7.21632e+16	3.23e-01	6.77e-01	1.11e-08
 7.22212e+16	3.35e-01	6.65e-01	1.15e-08
 7.22787e+16	3.48e-01	6.52e-01	1.18e-08
 7.23351e+16	3.60e-01	6.40e-01	1.21e-08
 7.23911e+16	3.73e-01	6.27e-01	1.24e-08
 7.24478e+16	3.86e-01	6.14e-01	1.27e-08
 7.25035e+16	4.00e-01	6.00e-01	1.30e-08
 7.25582e+16	4.13e-01	5.87e-01	1.34e-08
 7.26137e+16	4.27e-01	5.73e-01	1.37e-08
 7.26690e+16	4.40e-01	5.60e-01	1.40e-08
 7.27238e+16	4.55e-01	5.45e-01	1.44e-08
 7.27787e+16	4.69e-01	5.31e-01	1.47e-08
 7.28326e+16	4.83e-01	5.17e-01	1.50e-08
 7.28860e+16	4.98e-01	5.02e-01	1.53e-08
 7.29398e+16	5.12e-01	4.88e-01	1.56e-08
 7.29937e+16	5.27e-01	4.73e-01	1.59e-08
 7.30469e+16	5.41e-01	4.59e-01	1.62e-08
 7.30986e+16	5.55e-01	4.45e-01	1.65e-08
 7.31492e+16	5.69e-01	4.31e-01	1.68e-08
 7.31989e+16	5.83e-01	4.17e-01	1.71e-08
 7.32488e+16	5.97e-01	4.03e-01	1.73e-08
 7.32984e+16	6.10e-01	3.90e-01	1.76e-08
 7.33467e+16	6.23e-01	3.77e-01	1.78e-08
 7.33938e+16	6.36e-01	3.64e-01	1.80e-08
 7.34405e+16	6.49e-01	3.51e-01	1.82e-08
 7.34873e+16	6.61e-01	3.39e-01	1.84e-08
 7.35335e+16	6.73e-01	3.27e-01	1.86e-08
 7.35784e+16	6.85e-01	3.15e-01	1.88e-08
 7.36225e+16	6.97e-01	3.03e-01	1.89e-08
 7.36666e+16	7.08e-01	2.92e-01	1.91e-08
 7.37105e+16	7.19e-01	2.81e-01	1.92e-08
 7.37540e+16	7.30e-01	2.70e-01	1.93e-08
 7.37963e+16	7.40e-01	2.60e-01	1.94e-08
 7.38382e+16	7.50e-01	2.50e-01	1.95e-08
 7.38797e+16	7.59e-01	2.41e-01	1.96e-08
 7.39211e+16	7.69e-01	2.31e-01	1.96e-08
 7.39624e+16	7.78e-01	2.22e-01	1.97e-08
 7.40021e+16	7.87e-01	2.13e-01	1.97e-08
 7.40413e+16	7.95e-01	2.05e-01	1.98e-08
 7.40812e+16	8.03e-01	1.97e-01	1.98e-08
 7.41207e+16	8.11e-01	1.89e-01	1.99e-08
 7.41588e+16	8.19e-01	1.81e-01	1.98e-08
 7.41967e+16	8.26e-01	1.74e-01	1.98e-08
 7.42352e+16	8.33e-01	1.67e-01	1.98e-08
 7.42732e+16	8.40e-01	1.60e-01	1.98e-08
 7.43102e+16	8.46e-01	1.54e-01	1.98e-08
 7.43464e+16	8.52e-01	1.48e-01	1.98e-08
 7.43819e+16	8.58e-01	1.42e-01	1.97e-08
 7.44174e+16	8.64e-01	1.36e-01	1.96e-08
 7.44536e+16	8.69e-01	1.31e-01	1.95e-08
 7.44895e+16	8.75e-01	1.25e-01	1.95e-08
 7.45241e+16	8.80e-01	1.20e-01	1.94e-08
 7.45577e+16	8.85e-01	1.15e-01	1.93e-08
 7.45912e+16	8.89e-01	1.11e-01	1.92e-08
 7.46246e+16	8.94e-01	1.06e-01	1.91e-08
 7.46575e+16	8.98e-01	1.02e-01	1.89e-08
 7.46884e+16	9.02e-01	9.82e-02	1.88e-08
 7.47158e+16	9.05e-01	9.49e-02	1.87e-08
 7.47407e+16	9.08e-01	9.19e-02	1.85e-08
 7.47639e+16	9.11e-01	8.92e-02	1.84e-08
 7.47862e+16	9.13e-01	8.66e-02	1.83e-08
 7.48072e+16	9.16e-01	8.42e-02	1.81e-08
 7.48263e+16	9.18e-01	8.21e-02	1.80e-08
 7.48439e+16	9.20e-01	8.02e-02	1.78e-08
 7.48605e+16	9.22e-01	7.84e-02	1.77e-08
 7.48765e+16	9.23e-01	7.67e-02	1.75e-08
 7.48919e+16	9.25e-01	7.51e-02	1.74e-08
 7.49064e+16	9.26e-01	7.36e-02	1.73e-08
 7.49201e+16	9.28e-01	7.22e-02	1.71e-08
 7.49331e+16	9.29e-01	7.09e-02	1.70e-08
 7.49456e+16	9.30e-01	6.96e-02	1.69e-08
 7.49576e+16	9.32e-01	6.84e-02	1.67e-08
 7.49688e+16	9.33e-01	6.74e-02	1.66e-08
 7.49799e+16	9.34e-01	6.62e-02	1.65e-08
 7.49913e+16	9.35e-01	6.52e-02	1.64e-08
 7.50021e+16	9.36e-01	6.41e-02	1.62e-08
 7.50126e+16	9.37e-01	6.31e-02	1.61e-08
 7.50231e+16	9.38e-01	6.21e-02	1.60e-08
 7.50338e+16	9.39e-01	6.11e-02	1.58e-08
 7.50448e+16	9.40e-01	6.01e-02	1.56e-08
 7.50563e+16	9.41e-01	5.90e-02	1.55e-08
 7.50686e+16	9.42e-01	5.79e-02	1.53e-08
 7.50808e+16	9.43e-01	5.68e-02	1.51e-08
 7.50918e+16	9.44e-01	5.58e-02	1.49e-08
 7.51017e+16	9.45e-01	5.49e-02	1.47e-08
 7.51110e+16	9.46e-01	5.40e-02	1.45e-08
 7.51201e+16	9.47e-01	5.32e-02	1.44e-08
 7.51290e+16	9.48e-01	5.24e-02	1.42e-08
 7.51375e+16	9.48e-01	5.16e-02	1.40e-08
 7.51452e+16	9.49e-01	5.09e-02	1.39e-08
 7.51522e+16	9.50e-01	5.02e-02	1.37e-08
 7.51585e+16	9.50e-01	4.96e-02	1.35e-08
 7.51643e+16	9.51e-01	4.91e-02	1.34e-08
 7.51696e+16	9.51e-01	4.86e-02	1.33e-08
 7.51754e+16	9.52e-01	4.80e-02	1.32e-08
 7.51816e+16	9.53e-01	4.75e-02	1.30e-08
 7.51873e+16	9.53e-01	4.69e-02	1.29e-08
 7.51925e+16	9.53e-01	4.65e-02	1.28e-08
 7.51982e+16	9.54e-01	4.59e-02	1.26e-08
 7.52043e+16	9.55e-01	4.54e-02	1.25e-08
 7.52098e+16	9.55e-01	4.49e-02	1.24e-08
 7.52149e+16	9.56e-01	4.45e-02	1.23e-08
 7.52195e+16	9.56e-01	4.41e-02	1.22e-08
 7.52246e+16	9.56e-01	4.36e-02	1.21e-08
 7.52311e+16	9.57e-01	4.30e-02	1.19e-08
 7.52382e+16	9.58e-01	4.25e-02	1.18e-08
 7.52447e+16	9.58e-01	4.20e-02	1.17e-08
 7.52505e+16	9.58e-01	4.15e-02	1.16e-08
 7.52570e+16	9.59e-01	4.10e-02	1.15e-08
 7.52639e+16	9.60e-01	4.05e-02	1.14e-08
 7.52702e+16	9.60e-01	4.00e-02	1.13e-08
 7.52760e+16	9.60e-01	3.96e-02	1.12e-08
 7.52823e+16	9.61e-01	3.91e-02	1.10e-08
 7.52891e+16	9.61e-01	3.85e-02	1.09e-08
 7.52953e+16	9.62e-01	3.81e-02	1.08e-08
 7.53021e+16	9.62e-01	3.76e-02	1.07e-08
 7.53094e+16	9.63e-01	3.71e-02	1.06e-08
 7.53161e+16	9.63e-01	3.67e-02	1.05e-08
