#depth	He	He+	He+2
 1.13134e+11	3.42e-03	9.94e-01	2.18e-03
 6.78805e+11	3.43e-03	9.94e-01	2.17e-03
 2.94149e+12	3.43e-03	9.94e-01	2.14e-03
 1.19922e+13	3.45e-03	9.95e-01	2.03e-03
 2.86456e+13	3.47e-03	9.95e-01	1.88e-03
 5.02949e+13	3.49e-03	9.95e-01	1.68e-03
 7.84391e+13	3.51e-03	9.95e-01	1.45e-03
 1.15026e+14	3.55e-03	9.95e-01	1.18e-03
 1.62590e+14	3.59e-03	9.96e-01	9.00e-04
 2.24423e+14	3.65e-03	9.96e-01	6.30e-04
 3.04805e+14	3.73e-03	9.96e-01	3.95e-04
 4.09303e+14	3.84e-03	9.96e-01	2.17e-04
 5.45149e+14	3.99e-03	9.96e-01	1.01e-04
 6.92220e+14	4.14e-03	9.96e-01	4.43e-05
 8.53885e+14	4.36e-03	9.96e-01	1.84e-05
 1.06405e+15	4.68e-03	9.95e-01	6.07e-06
 1.27676e+15	5.01e-03	9.95e-01	1.91e-06
 1.44490e+15	5.32e-03	9.95e-01	7.66e-07
 1.57534e+15	5.61e-03	9.94e-01	3.76e-07
 1.68703e+15	5.90e-03	9.94e-01	2.04e-07
 1.81455e+15	6.31e-03	9.94e-01	1.02e-07
 1.95577e+15	6.82e-03	9.93e-01	4.59e-08
 2.08209e+15	7.36e-03	9.93e-01	2.20e-08
 2.19115e+15	7.93e-03	9.92e-01	1.15e-08
 2.31046e+15	8.69e-03	9.91e-01	5.70e-09
 2.46557e+15	9.86e-03	9.90e-01	2.30e-09
 2.64016e+15	1.16e-02	9.88e-01	8.27e-10
 2.80962e+15	1.38e-02	9.86e-01	3.38e-10
 2.96967e+15	1.66e-02	9.83e-01	1.70e-10
 3.12042e+15	2.02e-02	9.80e-01	1.04e-10
 3.24401e+15	2.44e-02	9.76e-01	7.90e-11
 3.33062e+15	2.83e-02	9.72e-01	6.84e-11
 3.40112e+15	3.21e-02	9.68e-01	6.21e-11
 3.47985e+15	3.74e-02	9.63e-01	5.68e-11
 3.56498e+15	4.48e-02	9.55e-01	5.28e-11
 3.64258e+15	5.38e-02	9.46e-01	5.00e-11
 3.71321e+15	6.44e-02	9.36e-01	4.79e-11
 3.77747e+15	7.69e-02	9.23e-01	4.62e-11
 3.83596e+15	9.14e-02	9.09e-01	4.48e-11
 3.88608e+15	1.07e-01	8.93e-01	4.36e-11
 3.92784e+15	1.23e-01	8.77e-01	4.26e-11
 3.97270e+15	1.43e-01	8.57e-01	4.14e-11
 4.02161e+15	1.69e-01	8.31e-01	4.01e-11
 4.06423e+15	1.98e-01	8.02e-01	3.88e-11
 4.10017e+15	2.26e-01	7.74e-01	3.75e-11
 4.13900e+15	2.62e-01	7.38e-01	3.59e-11
 4.18202e+15	3.07e-01	6.93e-01	3.39e-11
 4.22107e+15	3.58e-01	6.42e-01	3.17e-11
 4.25543e+15	4.08e-01	5.92e-01	2.95e-11
 4.29307e+15	4.69e-01	5.31e-01	2.67e-11
 4.34202e+15	5.52e-01	4.48e-01	2.31e-11
 4.39306e+15	6.50e-01	3.50e-01	1.84e-11
 4.43623e+15	7.30e-01	2.70e-01	1.45e-11
 4.48173e+15	8.03e-01	1.97e-01	1.07e-11
 4.54088e+15	8.77e-01	1.23e-01	6.79e-12
 4.61778e+15	9.39e-01	6.12e-02	3.43e-12
 4.71774e+15	9.77e-01	2.32e-02	1.30e-12
 4.84770e+15	9.94e-01	6.35e-03	3.56e-13
 5.01664e+15	9.99e-01	1.22e-03	6.78e-14
 5.23626e+15	1.00e+00	1.68e-04	9.26e-15
 5.49123e+15	1.00e+00	3.03e-05	1.65e-15
 5.74109e+15	1.00e+00	1.64e-05	8.80e-16
 5.96762e+15	1.00e+00	1.36e-05	7.24e-16
 6.17295e+15	1.00e+00	1.22e-05	6.45e-16
 6.36099e+15	1.00e+00	1.12e-05	5.91e-16
 6.53537e+15	1.00e+00	1.05e-05	5.50e-16
 6.69786e+15	1.00e+00	9.97e-06	5.18e-16
 6.85009e+15	1.00e+00	9.50e-06	4.93e-16
 6.99069e+15	1.00e+00	9.12e-06	4.71e-16
 7.12108e+15	1.00e+00	8.81e-06	4.55e-16
 7.24537e+15	1.00e+00	8.54e-06	4.40e-16
 7.36353e+15	1.00e+00	8.30e-06	4.27e-16
 7.47598e+15	1.00e+00	8.09e-06	4.16e-16
 7.58339e+15	1.00e+00	7.90e-06	4.06e-16
 7.68636e+15	1.00e+00	7.72e-06	3.98e-16
 7.78546e+15	1.00e+00	7.56e-06	3.89e-16
 7.88464e+15	1.00e+00	7.40e-06	3.81e-16
 7.98070e+15	1.00e+00	7.23e-06	3.73e-16
 8.07065e+15	1.00e+00	7.10e-06	3.67e-16
 8.15875e+15	1.00e+00	6.96e-06	3.60e-16
 8.24540e+15	1.00e+00	6.82e-06	3.54e-16
 8.33089e+15	1.00e+00	6.68e-06	3.47e-16
 8.41565e+15	1.00e+00	6.55e-06	3.41e-16
 8.50012e+15	1.00e+00	6.41e-06	3.34e-16
 8.58469e+15	1.00e+00	6.27e-06	3.27e-16
 8.66979e+15	1.00e+00	6.14e-06	3.20e-16
 8.75582e+15	1.00e+00	6.00e-06	3.13e-16
 8.84315e+15	1.00e+00	5.86e-06	3.05e-16
 8.93214e+15	1.00e+00	5.71e-06	2.98e-16
 9.02311e+15	1.00e+00	5.57e-06	2.90e-16
 9.11631e+15	1.00e+00	5.43e-06	2.82e-16
 9.21198e+15	1.00e+00	5.28e-06	2.73e-16
 9.31023e+15	1.00e+00	5.14e-06	2.65e-16
 9.41114e+15	1.00e+00	5.00e-06	2.57e-16
 9.51473e+15	1.00e+00	4.86e-06	2.48e-16
 9.62092e+15	1.00e+00	4.72e-06	2.40e-16
 9.72800e+15	1.00e+00	4.58e-06	2.32e-16
 9.83628e+15	1.00e+00	4.45e-06	2.24e-16
 9.94835e+15	1.00e+00	4.31e-06	2.16e-16
 1.00647e+16	1.00e+00	4.18e-06	2.08e-16
 1.01821e+16	1.00e+00	4.05e-06	2.01e-16
 1.02986e+16	1.00e+00	3.93e-06	1.94e-16
 1.04152e+16	1.00e+00	3.82e-06	1.87e-16
 1.05314e+16	1.00e+00	3.71e-06	1.81e-16
 1.06468e+16	1.00e+00	3.60e-06	1.75e-16
 1.07610e+16	1.00e+00	3.51e-06	1.70e-16
 1.08736e+16	1.00e+00	3.41e-06	1.65e-16
 1.09844e+16	1.00e+00	3.33e-06	1.61e-16
 1.10930e+16	1.00e+00	3.25e-06	1.58e-16
 1.11994e+16	1.00e+00	3.17e-06	1.54e-16
 1.13035e+16	1.00e+00	3.10e-06	1.51e-16
 1.14052e+16	1.00e+00	3.03e-06	1.49e-16
 1.15046e+16	1.00e+00	2.97e-06	1.47e-16
 1.16018e+16	1.00e+00	2.92e-06	1.45e-16
 1.16970e+16	1.00e+00	2.87e-06	1.44e-16
 1.17906e+16	1.00e+00	2.83e-06	1.43e-16
 1.18829e+16	1.00e+00	2.79e-06	1.43e-16
 1.19743e+16	1.00e+00	2.76e-06	1.43e-16
 1.20654e+16	1.00e+00	2.74e-06	1.43e-16
 1.21571e+16	1.00e+00	2.72e-06	1.44e-16
 1.22505e+16	1.00e+00	2.71e-06	1.45e-16
 1.23477e+16	1.00e+00	2.70e-06	1.46e-16
 1.24518e+16	1.00e+00	2.69e-06	1.48e-16
 1.25691e+16	1.00e+00	2.68e-06	1.49e-16
 1.26960e+16	1.00e+00	2.63e-06	1.47e-16
 1.27676e+16	1.00e+00	2.56e-06	1.43e-16
