#depth	H	H+	H2
 2.88069e+11	1.93e-03	9.98e-01	3.64e-12
 1.72841e+12	1.93e-03	9.98e-01	3.66e-12
 7.48979e+12	1.93e-03	9.98e-01	3.67e-12
 3.05353e+13	1.93e-03	9.98e-01	3.68e-12
 7.29391e+13	1.92e-03	9.98e-01	3.72e-12
 1.28064e+14	1.91e-03	9.98e-01	3.74e-12
 1.99726e+14	1.91e-03	9.98e-01	3.77e-12
 2.92887e+14	1.90e-03	9.98e-01	3.81e-12
 4.13997e+14	1.90e-03	9.98e-01	3.89e-12
 5.71439e+14	1.89e-03	9.98e-01	3.95e-12
 7.76114e+14	1.89e-03	9.98e-01	4.06e-12
 1.04219e+15	1.89e-03	9.98e-01	4.19e-12
 1.38809e+15	1.89e-03	9.98e-01	4.35e-12
 1.83776e+15	1.89e-03	9.98e-01	4.53e-12
 2.33318e+15	1.88e-03	9.98e-01	4.67e-12
 2.80365e+15	1.87e-03	9.98e-01	4.75e-12
 3.33086e+15	1.87e-03	9.98e-01	4.84e-12
 4.01624e+15	1.88e-03	9.98e-01	4.96e-12
 4.78250e+15	1.87e-03	9.98e-01	5.04e-12
 5.65393e+15	1.88e-03	9.98e-01	5.05e-12
 6.45379e+15	1.87e-03	9.98e-01	5.06e-12
 7.06683e+15	1.88e-03	9.98e-01	5.02e-12
 7.74117e+15	1.99e-03	9.98e-01	5.03e-12
 8.29179e+15	2.01e-03	9.98e-01	5.06e-12
 8.71038e+15	2.03e-03	9.98e-01	4.98e-12
 9.25454e+15	2.06e-03	9.98e-01	4.96e-12
 9.96195e+15	2.10e-03	9.98e-01	4.82e-12
 1.06788e+16	2.15e-03	9.98e-01	4.71e-12
 1.12259e+16	2.20e-03	9.98e-01	4.61e-12
 1.16687e+16	2.23e-03	9.98e-01	4.47e-12
 1.21575e+16	2.27e-03	9.98e-01	4.25e-12
 1.27929e+16	2.33e-03	9.98e-01	3.85e-12
 1.34207e+16	2.39e-03	9.98e-01	3.54e-12
 1.38869e+16	2.45e-03	9.98e-01	3.31e-12
 1.42773e+16	2.49e-03	9.98e-01	3.04e-12
 1.47210e+16	2.53e-03	9.97e-01	2.66e-12
 1.52977e+16	2.57e-03	9.97e-01	2.23e-12
 1.59064e+16	2.64e-03	9.97e-01	1.89e-12
 1.64171e+16	2.72e-03	9.97e-01	1.66e-12
 1.68642e+16	2.78e-03	9.97e-01	1.48e-12
 1.73680e+16	2.84e-03	9.97e-01	1.30e-12
 1.80020e+16	2.95e-03	9.97e-01	1.15e-12
 1.86540e+16	3.13e-03	9.97e-01	1.10e-12
 1.91894e+16	3.33e-03	9.97e-01	1.12e-12
 1.96194e+16	3.52e-03	9.96e-01	1.15e-12
 1.99832e+16	3.71e-03	9.96e-01	1.20e-12
 2.03002e+16	3.90e-03	9.96e-01	1.25e-12
 2.05941e+16	4.09e-03	9.96e-01	1.31e-12
 2.08761e+16	4.29e-03	9.96e-01	1.37e-12
 2.11409e+16	4.50e-03	9.95e-01	1.44e-12
 2.13780e+16	4.72e-03	9.95e-01	1.52e-12
 2.15882e+16	4.92e-03	9.95e-01	1.59e-12
 2.17794e+16	5.12e-03	9.95e-01	1.66e-12
 2.19562e+16	5.31e-03	9.95e-01	1.73e-12
 2.21205e+16	5.51e-03	9.94e-01	1.80e-12
 2.22723e+16	5.69e-03	9.94e-01	1.87e-12
 2.24104e+16	5.88e-03	9.94e-01	1.93e-12
 2.25361e+16	6.04e-03	9.94e-01	1.99e-12
 2.26521e+16	6.20e-03	9.94e-01	2.05e-12
 2.27605e+16	6.36e-03	9.94e-01	2.11e-12
 2.28624e+16	6.51e-03	9.93e-01	2.17e-12
 2.29593e+16	6.66e-03	9.93e-01	2.22e-12
 2.30527e+16	6.80e-03	9.93e-01	2.28e-12
 2.31585e+16	6.95e-03	9.93e-01	2.34e-12
 2.32740e+16	7.13e-03	9.93e-01	2.41e-12
 2.33801e+16	7.31e-03	9.93e-01	2.48e-12
 2.34961e+16	7.47e-03	9.93e-01	2.53e-12
 2.36469e+16	7.67e-03	9.92e-01	2.56e-12
 2.38430e+16	7.91e-03	9.92e-01	2.56e-12
 2.40979e+16	8.21e-03	9.92e-01	2.52e-12
 2.44292e+16	8.62e-03	9.91e-01	2.48e-12
 2.48600e+16	9.18e-03	9.91e-01	2.42e-12
 2.53492e+16	1.00e-02	9.90e-01	2.43e-12
 2.58220e+16	1.09e-02	9.89e-01	2.48e-12
 2.62666e+16	1.19e-02	9.88e-01	2.53e-12
 2.66990e+16	1.30e-02	9.87e-01	2.59e-12
 2.71266e+16	1.42e-02	9.86e-01	2.66e-12
 2.75478e+16	1.55e-02	9.84e-01	2.74e-12
 2.79618e+16	1.70e-02	9.83e-01	2.84e-12
 2.83692e+16	1.88e-02	9.81e-01	2.95e-12
 2.87710e+16	2.07e-02	9.79e-01	3.08e-12
 2.91687e+16	2.30e-02	9.77e-01	3.24e-12
 2.95638e+16	2.57e-02	9.74e-01	3.43e-12
 2.99584e+16	2.90e-02	9.71e-01	3.67e-12
 3.03557e+16	3.30e-02	9.67e-01	3.98e-12
 3.07601e+16	3.84e-02	9.62e-01	4.42e-12
 3.11542e+16	4.56e-02	9.54e-01	5.07e-12
 3.14944e+16	5.47e-02	9.45e-01	5.96e-12
 3.17584e+16	6.48e-02	9.35e-01	7.03e-12
 3.19640e+16	7.52e-02	9.25e-01	8.17e-12
 3.21427e+16	8.68e-02	9.13e-01	9.53e-12
 3.23129e+16	1.01e-01	8.99e-01	1.13e-11
 3.24719e+16	1.20e-01	8.80e-01	1.38e-11
 3.26092e+16	1.42e-01	8.58e-01	1.71e-11
 3.27211e+16	1.67e-01	8.33e-01	2.11e-11
 3.28140e+16	1.94e-01	8.06e-01	2.61e-11
 3.28968e+16	2.25e-01	7.75e-01	3.25e-11
 3.29737e+16	2.63e-01	7.37e-01	4.16e-11
 3.30399e+16	3.05e-01	6.95e-01	5.36e-11
 3.30882e+16	3.44e-01	6.56e-01	6.71e-11
 3.31203e+16	3.75e-01	6.25e-01	7.94e-11
 3.31438e+16	4.00e-01	6.00e-01	9.07e-11
 3.31647e+16	4.23e-01	5.77e-01	1.03e-10
 3.31850e+16	4.48e-01	5.52e-01	1.17e-10
 3.32039e+16	4.73e-01	5.27e-01	1.34e-10
 3.32203e+16	4.96e-01	5.04e-01	1.52e-10
 3.32345e+16	5.17e-01	4.83e-01	1.70e-10
 3.32472e+16	5.37e-01	4.63e-01	1.88e-10
 3.32573e+16	5.53e-01	4.47e-01	2.05e-10
 3.32645e+16	5.65e-01	4.35e-01	2.19e-10
 3.32711e+16	5.76e-01	4.24e-01	2.33e-10
 3.32785e+16	5.88e-01	4.12e-01	2.50e-10
 3.32864e+16	6.02e-01	3.98e-01	2.70e-10
 3.32938e+16	6.15e-01	3.85e-01	2.91e-10
 3.33007e+16	6.27e-01	3.73e-01	3.12e-10
 3.33073e+16	6.39e-01	3.61e-01	3.35e-10
 3.33139e+16	6.51e-01	3.49e-01	3.60e-10
 3.33205e+16	6.63e-01	3.37e-01	3.88e-10
 3.33269e+16	6.75e-01	3.25e-01	4.18e-10
 3.33330e+16	6.86e-01	3.14e-01	4.49e-10
 3.33391e+16	6.97e-01	3.03e-01	4.84e-10
 3.33450e+16	7.08e-01	2.92e-01	5.20e-10
 3.33508e+16	7.19e-01	2.81e-01	5.60e-10
 3.33565e+16	7.29e-01	2.71e-01	6.03e-10
 3.33621e+16	7.39e-01	2.61e-01	6.50e-10
 3.33675e+16	7.49e-01	2.51e-01	7.00e-10
 3.33729e+16	7.59e-01	2.41e-01	7.54e-10
 3.33782e+16	7.69e-01	2.31e-01	8.13e-10
 3.33833e+16	7.78e-01	2.22e-01	8.76e-10
 3.33884e+16	7.87e-01	2.13e-01	9.43e-10
 3.33933e+16	7.95e-01	2.05e-01	1.02e-09
 3.33981e+16	8.03e-01	1.97e-01	1.09e-09
 3.34028e+16	8.11e-01	1.89e-01	1.17e-09
 3.34073e+16	8.18e-01	1.82e-01	1.26e-09
 3.34117e+16	8.26e-01	1.74e-01	1.35e-09
 3.34161e+16	8.33e-01	1.67e-01	1.45e-09
 3.34203e+16	8.39e-01	1.61e-01	1.56e-09
 3.34245e+16	8.45e-01	1.55e-01	1.67e-09
 3.34285e+16	8.52e-01	1.48e-01	1.79e-09
 3.34325e+16	8.57e-01	1.43e-01	1.91e-09
 3.34364e+16	8.63e-01	1.37e-01	2.05e-09
 3.34402e+16	8.68e-01	1.32e-01	2.19e-09
 3.34441e+16	8.74e-01	1.26e-01	2.35e-09
 3.34478e+16	8.79e-01	1.21e-01	2.51e-09
 3.34514e+16	8.83e-01	1.17e-01	2.69e-09
 3.34549e+16	8.88e-01	1.12e-01	2.87e-09
 3.34585e+16	8.92e-01	1.08e-01	3.08e-09
 3.34619e+16	8.97e-01	1.03e-01	3.29e-09
 3.34653e+16	9.01e-01	9.93e-02	3.52e-09
 3.34687e+16	9.05e-01	9.54e-02	3.77e-09
 3.34720e+16	9.08e-01	9.17e-02	4.03e-09
 3.34752e+16	9.12e-01	8.80e-02	4.32e-09
 3.34784e+16	9.15e-01	8.46e-02	4.62e-09
 3.34815e+16	9.19e-01	8.12e-02	4.97e-09
 3.34846e+16	9.22e-01	7.80e-02	5.33e-09
 3.34877e+16	9.25e-01	7.49e-02	5.73e-09
 3.34906e+16	9.28e-01	7.20e-02	6.16e-09
 3.34936e+16	9.31e-01	6.91e-02	6.63e-09
 3.34965e+16	9.34e-01	6.64e-02	7.15e-09
 3.34993e+16	9.36e-01	6.37e-02	7.73e-09
 3.35021e+16	9.39e-01	6.12e-02	8.36e-09
 3.35048e+16	9.41e-01	5.87e-02	9.05e-09
 3.35074e+16	9.44e-01	5.64e-02	9.81e-09
 3.35100e+16	9.46e-01	5.42e-02	1.07e-08
 3.35125e+16	9.48e-01	5.20e-02	1.16e-08
 3.35150e+16	9.50e-01	4.99e-02	1.27e-08
 3.35174e+16	9.52e-01	4.79e-02	1.39e-08
 3.35198e+16	9.54e-01	4.60e-02	1.53e-08
 3.35221e+16	9.56e-01	4.42e-02	1.69e-08
 3.35243e+16	9.58e-01	4.24e-02	1.87e-08
 3.35263e+16	9.59e-01	4.08e-02	2.06e-08
 3.35282e+16	9.61e-01	3.93e-02	2.28e-08
 3.35300e+16	9.62e-01	3.79e-02	2.51e-08
 3.35317e+16	9.63e-01	3.66e-02	2.78e-08
 3.35333e+16	9.65e-01	3.53e-02	3.06e-08
 3.35348e+16	9.66e-01	3.42e-02	3.38e-08
 3.35362e+16	9.67e-01	3.31e-02	3.73e-08
 3.35375e+16	9.68e-01	3.20e-02	4.12e-08
 3.35387e+16	9.69e-01	3.11e-02	4.54e-08
 3.35399e+16	9.70e-01	3.01e-02	5.01e-08
 3.35410e+16	9.71e-01	2.92e-02	5.52e-08
 3.35420e+16	9.72e-01	2.84e-02	6.08e-08
 3.35430e+16	9.72e-01	2.76e-02	6.69e-08
 3.35439e+16	9.73e-01	2.68e-02	7.35e-08
 3.35448e+16	9.74e-01	2.60e-02	8.10e-08
 3.35457e+16	9.75e-01	2.53e-02	8.89e-08
 3.35465e+16	9.75e-01	2.46e-02	9.76e-08
 3.35473e+16	9.76e-01	2.39e-02	1.07e-07
 3.35480e+16	9.77e-01	2.32e-02	1.17e-07
 3.35487e+16	9.78e-01	2.25e-02	1.28e-07
 3.35494e+16	9.78e-01	2.18e-02	1.39e-07
 3.35501e+16	9.79e-01	2.11e-02	1.51e-07
 3.35508e+16	9.80e-01	2.04e-02	1.64e-07
 3.35515e+16	9.80e-01	1.96e-02	1.78e-07
 3.35522e+16	9.81e-01	1.88e-02	1.92e-07
 3.35528e+16	9.82e-01	1.80e-02	2.06e-07
 3.35534e+16	9.83e-01	1.72e-02	2.20e-07
 3.35540e+16	9.84e-01	1.65e-02	2.33e-07
 3.35544e+16	9.84e-01	1.58e-02	2.44e-07
 3.35548e+16	9.85e-01	1.52e-02	2.55e-07
 3.35551e+16	9.85e-01	1.47e-02	2.66e-07
 3.35555e+16	9.86e-01	1.41e-02	2.77e-07
 3.35558e+16	9.86e-01	1.36e-02	2.90e-07
 3.35561e+16	9.87e-01	1.30e-02	3.05e-07
 3.35565e+16	9.88e-01	1.24e-02	3.21e-07
 3.35568e+16	9.88e-01	1.18e-02	3.39e-07
 3.35572e+16	9.89e-01	1.12e-02	3.61e-07
 3.35575e+16	9.89e-01	1.06e-02	3.85e-07
 3.35578e+16	9.90e-01	1.00e-02	4.12e-07
 3.35582e+16	9.90e-01	9.54e-03	4.37e-07
