#depth	O	O+	O+2	O+3	O+4	O+5	O+6	O+7	O+8	O[1]	O[2]	O[3]
 2.88069e+11	1.87e-05	2.14e-02	9.60e-01	1.85e-02	3.36e-07	0.00e+00	0.00e+00	0.00e+00	0.00e+00	1.39e-05	3.23e-06	1.53e-06
 1.72841e+12	1.87e-05	2.14e-02	9.60e-01	1.84e-02	3.32e-07	0.00e+00	0.00e+00	0.00e+00	0.00e+00	1.39e-05	3.24e-06	1.54e-06
 7.48979e+12	1.88e-05	2.15e-02	9.60e-01	1.81e-02	3.24e-07	0.00e+00	0.00e+00	0.00e+00	0.00e+00	1.40e-05	3.25e-06	1.55e-06
 3.05353e+13	1.89e-05	2.16e-02	9.61e-01	1.70e-02	2.94e-07	0.00e+00	0.00e+00	0.00e+00	0.00e+00	1.40e-05	3.28e-06	1.56e-06
 7.29391e+13	1.91e-05	2.18e-02	9.63e-01	1.54e-02	2.50e-07	0.00e+00	0.00e+00	0.00e+00	0.00e+00	1.41e-05	3.33e-06	1.59e-06
 1.28064e+14	1.91e-05	2.19e-02	9.64e-01	1.36e-02	2.05e-07	0.00e+00	0.00e+00	0.00e+00	0.00e+00	1.42e-05	3.35e-06	1.60e-06
 1.99726e+14	1.94e-05	2.22e-02	9.66e-01	1.16e-02	1.57e-07	0.00e+00	0.00e+00	0.00e+00	0.00e+00	1.43e-05	3.40e-06	1.63e-06
 2.92887e+14	1.96e-05	2.24e-02	9.68e-01	9.34e-03	0.00e+00	0.00e+00	0.00e+00	0.00e+00	0.00e+00	1.45e-05	3.45e-06	1.65e-06
 4.13997e+14	2.01e-05	2.28e-02	9.70e-01	7.03e-03	0.00e+00	0.00e+00	0.00e+00	0.00e+00	0.00e+00	1.49e-05	3.54e-06	1.69e-06
 5.71439e+14	2.06e-05	2.33e-02	9.72e-01	4.87e-03	0.00e+00	0.00e+00	0.00e+00	0.00e+00	0.00e+00	1.52e-05	3.63e-06	1.73e-06
 7.76114e+14	2.14e-05	2.40e-02	9.73e-01	3.01e-03	0.00e+00	0.00e+00	0.00e+00	0.00e+00	0.00e+00	1.58e-05	3.79e-06	1.81e-06
 1.04219e+15	2.25e-05	2.49e-02	9.73e-01	1.61e-03	0.00e+00	0.00e+00	0.00e+00	0.00e+00	0.00e+00	1.66e-05	3.98e-06	1.89e-06
 1.38809e+15	2.40e-05	2.62e-02	9.73e-01	7.18e-04	0.00e+00	0.00e+00	0.00e+00	0.00e+00	0.00e+00	1.77e-05	4.26e-06	2.02e-06
 1.83776e+15	2.60e-05	2.79e-02	9.72e-01	2.56e-04	0.00e+00	0.00e+00	0.00e+00	0.00e+00	0.00e+00	1.92e-05	4.64e-06	2.20e-06
 2.33318e+15	2.81e-05	2.98e-02	9.70e-01	8.45e-05	0.00e+00	0.00e+00	0.00e+00	0.00e+00	0.00e+00	2.07e-05	5.01e-06	2.37e-06
 2.80365e+15	3.04e-05	3.19e-02	9.68e-01	3.04e-05	0.00e+00	0.00e+00	0.00e+00	0.00e+00	0.00e+00	2.24e-05	5.44e-06	2.57e-06
 3.33086e+15	3.36e-05	3.44e-02	9.66e-01	1.00e-05	0.00e+00	0.00e+00	0.00e+00	0.00e+00	0.00e+00	2.48e-05	6.03e-06	2.84e-06
 4.01624e+15	3.81e-05	3.79e-02	9.62e-01	2.59e-06	0.00e+00	0.00e+00	0.00e+00	0.00e+00	0.00e+00	2.80e-05	6.84e-06	3.22e-06
 4.78250e+15	4.37e-05	4.24e-02	9.58e-01	6.35e-07	0.00e+00	0.00e+00	0.00e+00	0.00e+00	0.00e+00	3.22e-05	7.88e-06	3.71e-06
 5.65393e+15	5.13e-05	4.81e-02	9.52e-01	1.53e-07	0.00e+00	0.00e+00	0.00e+00	0.00e+00	0.00e+00	3.77e-05	9.25e-06	4.36e-06
 6.45379e+15	5.91e-05	5.43e-02	9.46e-01	0.00e+00	0.00e+00	0.00e+00	0.00e+00	0.00e+00	0.00e+00	4.34e-05	1.07e-05	5.04e-06
 7.06683e+15	6.71e-05	5.99e-02	9.40e-01	0.00e+00	0.00e+00	0.00e+00	0.00e+00	0.00e+00	0.00e+00	4.92e-05	1.22e-05	5.74e-06
 7.74117e+15	8.93e-05	7.06e-02	9.29e-01	0.00e+00	0.00e+00	0.00e+00	0.00e+00	0.00e+00	0.00e+00	6.45e-05	1.69e-05	7.84e-06
 8.29179e+15	1.03e-04	7.95e-02	9.20e-01	0.00e+00	0.00e+00	0.00e+00	0.00e+00	0.00e+00	0.00e+00	7.46e-05	1.97e-05	9.10e-06
 8.71038e+15	1.17e-04	8.68e-02	9.13e-01	0.00e+00	0.00e+00	0.00e+00	0.00e+00	0.00e+00	0.00e+00	8.40e-05	2.22e-05	1.03e-05
 9.25454e+15	1.36e-04	9.74e-02	9.03e-01	0.00e+00	0.00e+00	0.00e+00	0.00e+00	0.00e+00	0.00e+00	9.77e-05	2.59e-05	1.20e-05
 9.96195e+15	1.66e-04	1.14e-01	8.86e-01	0.00e+00	0.00e+00	0.00e+00	0.00e+00	0.00e+00	0.00e+00	1.20e-04	3.18e-05	1.47e-05
 1.06788e+16	2.07e-04	1.35e-01	8.65e-01	0.00e+00	0.00e+00	0.00e+00	0.00e+00	0.00e+00	0.00e+00	1.49e-04	3.98e-05	1.85e-05
 1.12259e+16	2.49e-04	1.55e-01	8.45e-01	0.00e+00	0.00e+00	0.00e+00	0.00e+00	0.00e+00	0.00e+00	1.79e-04	4.79e-05	2.22e-05
 1.16687e+16	2.91e-04	1.74e-01	8.25e-01	0.00e+00	0.00e+00	0.00e+00	0.00e+00	0.00e+00	0.00e+00	2.09e-04	5.59e-05	2.60e-05
 1.21575e+16	3.45e-04	1.99e-01	8.00e-01	0.00e+00	0.00e+00	0.00e+00	0.00e+00	0.00e+00	0.00e+00	2.48e-04	6.64e-05	3.09e-05
 1.27929e+16	4.33e-04	2.38e-01	7.62e-01	0.00e+00	0.00e+00	0.00e+00	0.00e+00	0.00e+00	0.00e+00	3.11e-04	8.34e-05	3.89e-05
 1.34207e+16	5.49e-04	2.86e-01	7.14e-01	0.00e+00	0.00e+00	0.00e+00	0.00e+00	0.00e+00	0.00e+00	3.94e-04	1.06e-04	4.95e-05
 1.38869e+16	6.61e-04	3.30e-01	6.69e-01	0.00e+00	0.00e+00	0.00e+00	0.00e+00	0.00e+00	0.00e+00	4.74e-04	1.27e-04	5.96e-05
 1.42773e+16	7.69e-04	3.72e-01	6.27e-01	0.00e+00	0.00e+00	0.00e+00	0.00e+00	0.00e+00	0.00e+00	5.52e-04	1.48e-04	6.95e-05
 1.47210e+16	9.09e-04	4.25e-01	5.74e-01	0.00e+00	0.00e+00	0.00e+00	0.00e+00	0.00e+00	0.00e+00	6.52e-04	1.74e-04	8.23e-05
 1.52977e+16	1.11e-03	5.00e-01	4.99e-01	0.00e+00	0.00e+00	0.00e+00	0.00e+00	0.00e+00	0.00e+00	8.00e-04	2.13e-04	1.01e-04
 1.59064e+16	1.37e-03	5.87e-01	4.12e-01	0.00e+00	0.00e+00	0.00e+00	0.00e+00	0.00e+00	0.00e+00	9.85e-04	2.61e-04	1.25e-04
 1.64171e+16	1.62e-03	6.62e-01	3.36e-01	0.00e+00	0.00e+00	0.00e+00	0.00e+00	0.00e+00	0.00e+00	1.16e-03	3.08e-04	1.48e-04
 1.68642e+16	1.84e-03	7.25e-01	2.73e-01	0.00e+00	0.00e+00	0.00e+00	0.00e+00	0.00e+00	0.00e+00	1.32e-03	3.50e-04	1.68e-04
 1.73680e+16	2.08e-03	7.88e-01	2.10e-01	0.00e+00	0.00e+00	0.00e+00	0.00e+00	0.00e+00	0.00e+00	1.50e-03	3.94e-04	1.90e-04
 1.80020e+16	2.38e-03	8.52e-01	1.45e-01	0.00e+00	0.00e+00	0.00e+00	0.00e+00	0.00e+00	0.00e+00	1.72e-03	4.49e-04	2.18e-04
 1.86540e+16	2.73e-03	9.02e-01	9.52e-02	0.00e+00	0.00e+00	0.00e+00	0.00e+00	0.00e+00	0.00e+00	1.97e-03	5.13e-04	2.50e-04
 1.91894e+16	3.05e-03	9.32e-01	6.51e-02	0.00e+00	0.00e+00	0.00e+00	0.00e+00	0.00e+00	0.00e+00	2.20e-03	5.74e-04	2.80e-04
 1.96194e+16	3.34e-03	9.50e-01	4.71e-02	0.00e+00	0.00e+00	0.00e+00	0.00e+00	0.00e+00	0.00e+00	2.40e-03	6.27e-04	3.06e-04
 1.99832e+16	3.60e-03	9.61e-01	3.53e-02	0.00e+00	0.00e+00	0.00e+00	0.00e+00	0.00e+00	0.00e+00	2.59e-03	6.77e-04	3.31e-04
 2.03002e+16	3.86e-03	9.69e-01	2.71e-02	0.00e+00	0.00e+00	0.00e+00	0.00e+00	0.00e+00	0.00e+00	2.78e-03	7.25e-04	3.54e-04
 2.05941e+16	4.10e-03	9.75e-01	2.11e-02	0.00e+00	0.00e+00	0.00e+00	0.00e+00	0.00e+00	0.00e+00	2.95e-03	7.71e-04	3.77e-04
 2.08761e+16	4.36e-03	9.79e-01	1.63e-02	0.00e+00	0.00e+00	0.00e+00	0.00e+00	0.00e+00	0.00e+00	3.14e-03	8.20e-04	4.01e-04
 2.11409e+16	4.64e-03	9.83e-01	1.27e-02	0.00e+00	0.00e+00	0.00e+00	0.00e+00	0.00e+00	0.00e+00	3.34e-03	8.72e-04	4.26e-04
 2.13780e+16	4.91e-03	9.85e-01	1.00e-02	0.00e+00	0.00e+00	0.00e+00	0.00e+00	0.00e+00	0.00e+00	3.53e-03	9.23e-04	4.51e-04
 2.15882e+16	5.16e-03	9.87e-01	8.03e-03	0.00e+00	0.00e+00	0.00e+00	0.00e+00	0.00e+00	0.00e+00	3.72e-03	9.72e-04	4.74e-04
 2.17794e+16	5.41e-03	9.88e-01	6.48e-03	0.00e+00	0.00e+00	0.00e+00	0.00e+00	0.00e+00	0.00e+00	3.90e-03	1.02e-03	4.97e-04
 2.19562e+16	5.66e-03	9.89e-01	5.24e-03	0.00e+00	0.00e+00	0.00e+00	0.00e+00	0.00e+00	0.00e+00	4.07e-03	1.06e-03	5.20e-04
 2.21205e+16	5.90e-03	9.90e-01	4.23e-03	0.00e+00	0.00e+00	0.00e+00	0.00e+00	0.00e+00	0.00e+00	4.25e-03	1.11e-03	5.42e-04
 2.22723e+16	6.13e-03	9.90e-01	3.42e-03	0.00e+00	0.00e+00	0.00e+00	0.00e+00	0.00e+00	0.00e+00	4.41e-03	1.15e-03	5.63e-04
 2.24104e+16	6.35e-03	9.91e-01	2.77e-03	0.00e+00	0.00e+00	0.00e+00	0.00e+00	0.00e+00	0.00e+00	4.57e-03	1.20e-03	5.84e-04
 2.25361e+16	6.56e-03	9.91e-01	2.25e-03	0.00e+00	0.00e+00	0.00e+00	0.00e+00	0.00e+00	0.00e+00	4.72e-03	1.24e-03	6.03e-04
 2.26521e+16	6.76e-03	9.91e-01	1.82e-03	0.00e+00	0.00e+00	0.00e+00	0.00e+00	0.00e+00	0.00e+00	4.86e-03	1.28e-03	6.22e-04
 2.27605e+16	6.95e-03	9.92e-01	1.46e-03	0.00e+00	0.00e+00	0.00e+00	0.00e+00	0.00e+00	0.00e+00	5.00e-03	1.31e-03	6.40e-04
 2.28624e+16	7.15e-03	9.92e-01	1.16e-03	0.00e+00	0.00e+00	0.00e+00	0.00e+00	0.00e+00	0.00e+00	5.14e-03	1.35e-03	6.58e-04
 2.29593e+16	7.32e-03	9.92e-01	9.13e-04	0.00e+00	0.00e+00	0.00e+00	0.00e+00	0.00e+00	0.00e+00	5.26e-03	1.38e-03	6.74e-04
 2.30527e+16	7.50e-03	9.92e-01	7.08e-04	0.00e+00	0.00e+00	0.00e+00	0.00e+00	0.00e+00	0.00e+00	5.39e-03	1.42e-03	6.91e-04
 2.31585e+16	7.69e-03	9.92e-01	5.15e-04	0.00e+00	0.00e+00	0.00e+00	0.00e+00	0.00e+00	0.00e+00	5.52e-03	1.46e-03	7.09e-04
 2.32740e+16	7.92e-03	9.92e-01	3.54e-04	0.00e+00	0.00e+00	0.00e+00	0.00e+00	0.00e+00	0.00e+00	5.69e-03	1.50e-03	7.31e-04
 2.33801e+16	8.14e-03	9.92e-01	2.43e-04	0.00e+00	0.00e+00	0.00e+00	0.00e+00	0.00e+00	0.00e+00	5.84e-03	1.55e-03	7.52e-04
 2.34961e+16	8.34e-03	9.91e-01	1.59e-04	0.00e+00	0.00e+00	0.00e+00	0.00e+00	0.00e+00	0.00e+00	5.98e-03	1.59e-03	7.71e-04
 2.36469e+16	8.60e-03	9.91e-01	9.06e-05	0.00e+00	0.00e+00	0.00e+00	0.00e+00	0.00e+00	0.00e+00	6.17e-03	1.64e-03	7.95e-04
 2.38430e+16	8.90e-03	9.91e-01	4.41e-05	0.00e+00	0.00e+00	0.00e+00	0.00e+00	0.00e+00	0.00e+00	6.38e-03	1.69e-03	8.23e-04
 2.40979e+16	9.27e-03	9.91e-01	1.78e-05	0.00e+00	0.00e+00	0.00e+00	0.00e+00	0.00e+00	0.00e+00	6.65e-03	1.76e-03	8.59e-04
 2.44292e+16	9.77e-03	9.90e-01	5.85e-06	0.00e+00	0.00e+00	0.00e+00	0.00e+00	0.00e+00	0.00e+00	7.03e-03	1.84e-03	9.07e-04
 2.48600e+16	1.05e-02	9.90e-01	1.51e-06	0.00e+00	0.00e+00	0.00e+00	0.00e+00	0.00e+00	0.00e+00	7.54e-03	1.96e-03	9.73e-04
 2.53492e+16	1.15e-02	9.89e-01	3.54e-07	0.00e+00	0.00e+00	0.00e+00	0.00e+00	0.00e+00	0.00e+00	8.27e-03	2.13e-03	1.07e-03
 2.58220e+16	1.26e-02	9.87e-01	9.53e-08	0.00e+00	0.00e+00	0.00e+00	0.00e+00	0.00e+00	0.00e+00	9.13e-03	2.33e-03	1.18e-03
 2.62666e+16	1.39e-02	9.86e-01	2.97e-08	0.00e+00	0.00e+00	0.00e+00	0.00e+00	0.00e+00	0.00e+00	1.00e-02	2.54e-03	1.29e-03
 2.66990e+16	1.52e-02	9.85e-01	1.01e-08	0.00e+00	0.00e+00	0.00e+00	0.00e+00	0.00e+00	0.00e+00	1.10e-02	2.76e-03	1.42e-03
 2.71266e+16	1.66e-02	9.83e-01	3.65e-09	0.00e+00	0.00e+00	0.00e+00	0.00e+00	0.00e+00	0.00e+00	1.21e-02	3.00e-03	1.56e-03
 2.75478e+16	1.83e-02	9.82e-01	1.39e-09	0.00e+00	0.00e+00	0.00e+00	0.00e+00	0.00e+00	0.00e+00	1.33e-02	3.28e-03	1.72e-03
 2.79618e+16	2.02e-02	9.80e-01	5.63e-10	0.00e+00	0.00e+00	0.00e+00	0.00e+00	0.00e+00	0.00e+00	1.47e-02	3.58e-03	1.90e-03
 2.83692e+16	2.23e-02	9.78e-01	2.41e-10	0.00e+00	0.00e+00	0.00e+00	0.00e+00	0.00e+00	0.00e+00	1.62e-02	3.93e-03	2.10e-03
 2.87710e+16	2.47e-02	9.75e-01	1.09e-10	0.00e+00	0.00e+00	0.00e+00	0.00e+00	0.00e+00	0.00e+00	1.80e-02	4.32e-03	2.33e-03
 2.91687e+16	2.75e-02	9.73e-01	5.33e-11	0.00e+00	0.00e+00	0.00e+00	0.00e+00	0.00e+00	0.00e+00	2.01e-02	4.78e-03	2.60e-03
 2.95638e+16	3.08e-02	9.69e-01	2.86e-11	0.00e+00	0.00e+00	0.00e+00	0.00e+00	0.00e+00	0.00e+00	2.26e-02	5.31e-03	2.90e-03
 2.99584e+16	3.48e-02	9.65e-01	1.72e-11	0.00e+00	0.00e+00	0.00e+00	0.00e+00	0.00e+00	0.00e+00	2.56e-02	5.95e-03	3.27e-03
 3.03557e+16	3.98e-02	9.60e-01	1.17e-11	0.00e+00	0.00e+00	0.00e+00	0.00e+00	0.00e+00	0.00e+00	2.93e-02	6.75e-03	3.73e-03
 3.07601e+16	4.64e-02	9.54e-01	8.90e-12	0.00e+00	0.00e+00	0.00e+00	0.00e+00	0.00e+00	0.00e+00	3.42e-02	7.79e-03	4.32e-03
 3.11542e+16	5.52e-02	9.45e-01	7.39e-12	0.00e+00	0.00e+00	0.00e+00	0.00e+00	0.00e+00	0.00e+00	4.08e-02	9.20e-03	5.13e-03
 3.14944e+16	6.62e-02	9.34e-01	6.49e-12	0.00e+00	0.00e+00	0.00e+00	0.00e+00	0.00e+00	0.00e+00	4.91e-02	1.10e-02	6.13e-03
 3.17584e+16	7.84e-02	9.22e-01	5.90e-12	0.00e+00	0.00e+00	0.00e+00	0.00e+00	0.00e+00	0.00e+00	5.82e-02	1.29e-02	7.24e-03
 3.19640e+16	9.09e-02	9.09e-01	5.54e-12	0.00e+00	0.00e+00	0.00e+00	0.00e+00	0.00e+00	0.00e+00	6.76e-02	1.49e-02	8.38e-03
 3.21427e+16	1.05e-01	8.95e-01	5.21e-12	0.00e+00	0.00e+00	0.00e+00	0.00e+00	0.00e+00	0.00e+00	7.81e-02	1.71e-02	9.64e-03
 3.23129e+16	1.22e-01	8.78e-01	4.92e-12	0.00e+00	0.00e+00	0.00e+00	0.00e+00	0.00e+00	0.00e+00	9.10e-02	1.98e-02	1.12e-02
 3.24719e+16	1.44e-01	8.56e-01	4.64e-12	0.00e+00	0.00e+00	0.00e+00	0.00e+00	0.00e+00	0.00e+00	1.07e-01	2.33e-02	1.32e-02
 3.26092e+16	1.70e-01	8.30e-01	4.35e-12	0.00e+00	0.00e+00	0.00e+00	0.00e+00	0.00e+00	0.00e+00	1.27e-01	2.74e-02	1.55e-02
 3.27211e+16	1.99e-01	8.01e-01	4.12e-12	0.00e+00	0.00e+00	0.00e+00	0.00e+00	0.00e+00	0.00e+00	1.49e-01	3.18e-02	1.81e-02
 3.28140e+16	2.30e-01	7.70e-01	3.92e-12	0.00e+00	0.00e+00	0.00e+00	0.00e+00	0.00e+00	0.00e+00	1.72e-01	3.66e-02	2.08e-02
 3.28968e+16	2.65e-01	7.35e-01	3.73e-12	0.00e+00	0.00e+00	0.00e+00	0.00e+00	0.00e+00	0.00e+00	1.99e-01	4.19e-02	2.39e-02
 3.29737e+16	3.07e-01	6.93e-01	3.55e-12	0.00e+00	0.00e+00	0.00e+00	0.00e+00	0.00e+00	0.00e+00	2.31e-01	4.81e-02	2.76e-02
 3.30399e+16	3.53e-01	6.47e-01	3.36e-12	0.00e+00	0.00e+00	0.00e+00	0.00e+00	0.00e+00	0.00e+00	2.66e-01	5.49e-02	3.16e-02
 3.30882e+16	3.95e-01	6.05e-01	3.20e-12	0.00e+00	0.00e+00	0.00e+00	0.00e+00	0.00e+00	0.00e+00	2.99e-01	6.08e-02	3.51e-02
 3.31203e+16	4.27e-01	5.73e-01	3.07e-12	0.00e+00	0.00e+00	0.00e+00	0.00e+00	0.00e+00	0.00e+00	3.24e-01	6.53e-02	3.78e-02
 3.31438e+16	4.53e-01	5.47e-01	2.98e-12	0.00e+00	0.00e+00	0.00e+00	0.00e+00	0.00e+00	0.00e+00	3.44e-01	6.87e-02	3.99e-02
 3.31647e+16	4.77e-01	5.23e-01	2.88e-12	0.00e+00	0.00e+00	0.00e+00	0.00e+00	0.00e+00	0.00e+00	3.64e-01	7.20e-02	4.19e-02
 3.31850e+16	5.03e-01	4.97e-01	2.79e-12	0.00e+00	0.00e+00	0.00e+00	0.00e+00	0.00e+00	0.00e+00	3.84e-01	7.52e-02	4.39e-02
 3.32039e+16	5.28e-01	4.72e-01	2.69e-12	0.00e+00	0.00e+00	0.00e+00	0.00e+00	0.00e+00	0.00e+00	4.04e-01	7.83e-02	4.58e-02
 3.32203e+16	5.51e-01	4.49e-01	2.60e-12	0.00e+00	0.00e+00	0.00e+00	0.00e+00	0.00e+00	0.00e+00	4.22e-01	8.11e-02	4.76e-02
 3.32345e+16	5.72e-01	4.28e-01	2.51e-12	0.00e+00	0.00e+00	0.00e+00	0.00e+00	0.00e+00	0.00e+00	4.39e-01	8.35e-02	4.91e-02
 3.32472e+16	5.91e-01	4.09e-01	2.43e-12	0.00e+00	0.00e+00	0.00e+00	0.00e+00	0.00e+00	0.00e+00	4.55e-01	8.57e-02	5.05e-02
 3.32573e+16	6.07e-01	3.93e-01	2.37e-12	0.00e+00	0.00e+00	0.00e+00	0.00e+00	0.00e+00	0.00e+00	4.68e-01	8.74e-02	5.16e-02
 3.32645e+16	6.18e-01	3.82e-01	2.32e-12	0.00e+00	0.00e+00	0.00e+00	0.00e+00	0.00e+00	0.00e+00	4.77e-01	8.86e-02	5.24e-02
 3.32711e+16	6.29e-01	3.71e-01	2.28e-12	0.00e+00	0.00e+00	0.00e+00	0.00e+00	0.00e+00	0.00e+00	4.86e-01	8.96e-02	5.31e-02
 3.32785e+16	6.41e-01	3.59e-01	2.22e-12	0.00e+00	0.00e+00	0.00e+00	0.00e+00	0.00e+00	0.00e+00	4.96e-01	9.10e-02	5.40e-02
 3.32864e+16	6.54e-01	3.46e-01	2.16e-12	0.00e+00	0.00e+00	0.00e+00	0.00e+00	0.00e+00	0.00e+00	5.07e-01	9.22e-02	5.48e-02
 3.32938e+16	6.66e-01	3.34e-01	2.11e-12	0.00e+00	0.00e+00	0.00e+00	0.00e+00	0.00e+00	0.00e+00	5.17e-01	9.34e-02	5.56e-02
 3.33007e+16	6.78e-01	3.22e-01	2.05e-12	0.00e+00	0.00e+00	0.00e+00	0.00e+00	0.00e+00	0.00e+00	5.27e-01	9.45e-02	5.63e-02
 3.33073e+16	6.89e-01	3.11e-01	2.00e-12	0.00e+00	0.00e+00	0.00e+00	0.00e+00	0.00e+00	0.00e+00	5.36e-01	9.55e-02	5.70e-02
 3.33139e+16	7.00e-01	3.00e-01	1.95e-12	0.00e+00	0.00e+00	0.00e+00	0.00e+00	0.00e+00	0.00e+00	5.46e-01	9.64e-02	5.76e-02
 3.33205e+16	7.11e-01	2.89e-01	1.89e-12	0.00e+00	0.00e+00	0.00e+00	0.00e+00	0.00e+00	0.00e+00	5.55e-01	9.73e-02	5.82e-02
 3.33269e+16	7.22e-01	2.78e-01	1.84e-12	0.00e+00	0.00e+00	0.00e+00	0.00e+00	0.00e+00	0.00e+00	5.65e-01	9.82e-02	5.88e-02
 3.33330e+16	7.32e-01	2.68e-01	1.79e-12	0.00e+00	0.00e+00	0.00e+00	0.00e+00	0.00e+00	0.00e+00	5.74e-01	9.90e-02	5.94e-02
 3.33391e+16	7.42e-01	2.58e-01	1.73e-12	0.00e+00	0.00e+00	0.00e+00	0.00e+00	0.00e+00	0.00e+00	5.83e-01	9.97e-02	5.99e-02
 3.33450e+16	7.52e-01	2.48e-01	1.68e-12	0.00e+00	0.00e+00	0.00e+00	0.00e+00	0.00e+00	0.00e+00	5.91e-01	1.00e-01	6.04e-02
 3.33508e+16	7.62e-01	2.38e-01	1.63e-12	0.00e+00	0.00e+00	0.00e+00	0.00e+00	0.00e+00	0.00e+00	6.00e-01	1.01e-01	6.07e-02
 3.33565e+16	7.71e-01	2.29e-01	1.58e-12	0.00e+00	0.00e+00	0.00e+00	0.00e+00	0.00e+00	0.00e+00	6.09e-01	1.02e-01	6.11e-02
 3.33621e+16	7.80e-01	2.20e-01	1.53e-12	0.00e+00	0.00e+00	0.00e+00	0.00e+00	0.00e+00	0.00e+00	6.17e-01	1.02e-01	6.14e-02
 3.33675e+16	7.89e-01	2.11e-01	1.48e-12	0.00e+00	0.00e+00	0.00e+00	0.00e+00	0.00e+00	0.00e+00	6.25e-01	1.02e-01	6.17e-02
 3.33729e+16	7.98e-01	2.02e-01	1.43e-12	0.00e+00	0.00e+00	0.00e+00	0.00e+00	0.00e+00	0.00e+00	6.33e-01	1.03e-01	6.19e-02
 3.33782e+16	8.06e-01	1.94e-01	1.39e-12	0.00e+00	0.00e+00	0.00e+00	0.00e+00	0.00e+00	0.00e+00	6.41e-01	1.03e-01	6.21e-02
 3.33833e+16	8.14e-01	1.86e-01	1.34e-12	0.00e+00	0.00e+00	0.00e+00	0.00e+00	0.00e+00	0.00e+00	6.49e-01	1.03e-01	6.23e-02
 3.33884e+16	8.22e-01	1.78e-01	1.29e-12	0.00e+00	0.00e+00	0.00e+00	0.00e+00	0.00e+00	0.00e+00	6.56e-01	1.04e-01	6.24e-02
 3.33933e+16	8.30e-01	1.70e-01	1.25e-12	0.00e+00	0.00e+00	0.00e+00	0.00e+00	0.00e+00	0.00e+00	6.63e-01	1.04e-01	6.26e-02
 3.33981e+16	8.37e-01	1.63e-01	1.21e-12	0.00e+00	0.00e+00	0.00e+00	0.00e+00	0.00e+00	0.00e+00	6.70e-01	1.04e-01	6.27e-02
 3.34028e+16	8.43e-01	1.57e-01	1.17e-12	0.00e+00	0.00e+00	0.00e+00	0.00e+00	0.00e+00	0.00e+00	6.76e-01	1.04e-01	6.27e-02
 3.34073e+16	8.50e-01	1.50e-01	1.13e-12	0.00e+00	0.00e+00	0.00e+00	0.00e+00	0.00e+00	0.00e+00	6.83e-01	1.04e-01	6.28e-02
 3.34117e+16	8.56e-01	1.44e-01	1.09e-12	0.00e+00	0.00e+00	0.00e+00	0.00e+00	0.00e+00	0.00e+00	6.89e-01	1.05e-01	6.28e-02
 3.34161e+16	8.62e-01	1.38e-01	1.05e-12	0.00e+00	0.00e+00	0.00e+00	0.00e+00	0.00e+00	0.00e+00	6.95e-01	1.05e-01	6.28e-02
 3.34203e+16	8.68e-01	1.32e-01	1.02e-12	0.00e+00	0.00e+00	0.00e+00	0.00e+00	0.00e+00	0.00e+00	7.00e-01	1.05e-01	6.28e-02
 3.34245e+16	8.73e-01	1.27e-01	9.82e-13	0.00e+00	0.00e+00	0.00e+00	0.00e+00	0.00e+00	0.00e+00	7.06e-01	1.05e-01	6.28e-02
 3.34285e+16	8.78e-01	1.22e-01	9.48e-13	0.00e+00	0.00e+00	0.00e+00	0.00e+00	0.00e+00	0.00e+00	7.11e-01	1.05e-01	6.27e-02
 3.34325e+16	8.83e-01	1.17e-01	9.15e-13	0.00e+00	0.00e+00	0.00e+00	0.00e+00	0.00e+00	0.00e+00	7.16e-01	1.05e-01	6.27e-02
 3.34364e+16	8.88e-01	1.12e-01	8.84e-13	0.00e+00	0.00e+00	0.00e+00	0.00e+00	0.00e+00	0.00e+00	7.21e-01	1.05e-01	6.27e-02
 3.34402e+16	8.92e-01	1.08e-01	8.55e-13	0.00e+00	0.00e+00	0.00e+00	0.00e+00	0.00e+00	0.00e+00	7.25e-01	1.05e-01	6.26e-02
 3.34441e+16	8.97e-01	1.03e-01	8.24e-13	0.00e+00	0.00e+00	0.00e+00	0.00e+00	0.00e+00	0.00e+00	7.30e-01	1.05e-01	6.25e-02
 3.34478e+16	9.01e-01	9.88e-02	7.95e-13	0.00e+00	0.00e+00	0.00e+00	0.00e+00	0.00e+00	0.00e+00	7.34e-01	1.05e-01	6.25e-02
 3.34514e+16	9.05e-01	9.49e-02	7.69e-13	0.00e+00	0.00e+00	0.00e+00	0.00e+00	0.00e+00	0.00e+00	7.38e-01	1.05e-01	6.23e-02
 3.34549e+16	9.09e-01	9.11e-02	7.41e-13	0.00e+00	0.00e+00	0.00e+00	0.00e+00	0.00e+00	0.00e+00	7.42e-01	1.05e-01	6.23e-02
 3.34585e+16	9.13e-01	8.73e-02	7.15e-13	0.00e+00	0.00e+00	0.00e+00	0.00e+00	0.00e+00	0.00e+00	7.46e-01	1.05e-01	6.22e-02
 3.34619e+16	9.16e-01	8.38e-02	6.92e-13	0.00e+00	0.00e+00	0.00e+00	0.00e+00	0.00e+00	0.00e+00	7.50e-01	1.04e-01	6.21e-02
 3.34653e+16	9.20e-01	8.04e-02	6.66e-13	0.00e+00	0.00e+00	0.00e+00	0.00e+00	0.00e+00	0.00e+00	7.53e-01	1.05e-01	6.21e-02
 3.34687e+16	9.23e-01	7.72e-02	6.44e-13	0.00e+00	0.00e+00	0.00e+00	0.00e+00	0.00e+00	0.00e+00	7.56e-01	1.04e-01	6.19e-02
 3.34720e+16	9.26e-01	7.40e-02	6.20e-13	0.00e+00	0.00e+00	0.00e+00	0.00e+00	0.00e+00	0.00e+00	7.60e-01	1.05e-01	6.19e-02
 3.34752e+16	9.29e-01	7.11e-02	5.99e-13	0.00e+00	0.00e+00	0.00e+00	0.00e+00	0.00e+00	0.00e+00	7.63e-01	1.04e-01	6.18e-02
 3.34784e+16	9.32e-01	6.82e-02	5.77e-13	0.00e+00	0.00e+00	0.00e+00	0.00e+00	0.00e+00	0.00e+00	7.66e-01	1.05e-01	6.17e-02
 3.34815e+16	9.35e-01	6.54e-02	5.58e-13	0.00e+00	0.00e+00	0.00e+00	0.00e+00	0.00e+00	0.00e+00	7.68e-01	1.04e-01	6.16e-02
 3.34846e+16	9.37e-01	6.28e-02	5.37e-13	0.00e+00	0.00e+00	0.00e+00	0.00e+00	0.00e+00	0.00e+00	7.71e-01	1.05e-01	6.16e-02
 3.34877e+16	9.40e-01	6.02e-02	5.18e-13	0.00e+00	0.00e+00	0.00e+00	0.00e+00	0.00e+00	0.00e+00	7.74e-01	1.05e-01	6.15e-02
 3.34906e+16	9.42e-01	5.78e-02	5.00e-13	0.00e+00	0.00e+00	0.00e+00	0.00e+00	0.00e+00	0.00e+00	7.76e-01	1.05e-01	6.14e-02
 3.34936e+16	9.45e-01	5.55e-02	4.81e-13	0.00e+00	0.00e+00	0.00e+00	0.00e+00	0.00e+00	0.00e+00	7.78e-01	1.05e-01	6.14e-02
 3.34965e+16	9.47e-01	5.32e-02	4.64e-13	0.00e+00	0.00e+00	0.00e+00	0.00e+00	0.00e+00	0.00e+00	7.81e-01	1.05e-01	6.14e-02
 3.34993e+16	9.49e-01	5.11e-02	4.47e-13	0.00e+00	0.00e+00	0.00e+00	0.00e+00	0.00e+00	0.00e+00	7.83e-01	1.05e-01	6.13e-02
 3.35021e+16	9.51e-01	4.90e-02	4.30e-13	0.00e+00	0.00e+00	0.00e+00	0.00e+00	0.00e+00	0.00e+00	7.85e-01	1.05e-01	6.13e-02
 3.35048e+16	9.53e-01	4.70e-02	4.14e-13	0.00e+00	0.00e+00	0.00e+00	0.00e+00	0.00e+00	0.00e+00	7.86e-01	1.05e-01	6.13e-02
 3.35074e+16	9.55e-01	4.51e-02	3.99e-13	0.00e+00	0.00e+00	0.00e+00	0.00e+00	0.00e+00	0.00e+00	7.88e-01	1.06e-01	6.12e-02
 3.35100e+16	9.57e-01	4.33e-02	3.84e-13	0.00e+00	0.00e+00	0.00e+00	0.00e+00	0.00e+00	0.00e+00	7.90e-01	1.06e-01	6.12e-02
 3.35125e+16	9.59e-01	4.15e-02	3.70e-13	0.00e+00	0.00e+00	0.00e+00	0.00e+00	0.00e+00	0.00e+00	7.91e-01	1.06e-01	6.12e-02
 3.35150e+16	9.60e-01	3.98e-02	3.55e-13	0.00e+00	0.00e+00	0.00e+00	0.00e+00	0.00e+00	0.00e+00	7.93e-01	1.06e-01	6.12e-02
 3.35174e+16	9.62e-01	3.82e-02	3.42e-13	0.00e+00	0.00e+00	0.00e+00	0.00e+00	0.00e+00	0.00e+00	7.94e-01	1.07e-01	6.13e-02
 3.35198e+16	9.63e-01	3.66e-02	3.29e-13	0.00e+00	0.00e+00	0.00e+00	0.00e+00	0.00e+00	0.00e+00	7.95e-01	1.07e-01	6.13e-02
 3.35221e+16	9.65e-01	3.51e-02	3.16e-13	0.00e+00	0.00e+00	0.00e+00	0.00e+00	0.00e+00	0.00e+00	7.96e-01	1.08e-01	6.13e-02
 3.35243e+16	9.66e-01	3.37e-02	3.04e-13	0.00e+00	0.00e+00	0.00e+00	0.00e+00	0.00e+00	0.00e+00	7.97e-01	1.08e-01	6.14e-02
 3.35263e+16	9.68e-01	3.24e-02	2.92e-13	0.00e+00	0.00e+00	0.00e+00	0.00e+00	0.00e+00	0.00e+00	7.98e-01	1.08e-01	6.15e-02
 3.35282e+16	9.69e-01	3.12e-02	2.82e-13	0.00e+00	0.00e+00	0.00e+00	0.00e+00	0.00e+00	0.00e+00	7.98e-01	1.09e-01	6.15e-02
 3.35300e+16	9.70e-01	3.00e-02	2.71e-13	0.00e+00	0.00e+00	0.00e+00	0.00e+00	0.00e+00	0.00e+00	7.99e-01	1.09e-01	6.16e-02
 3.35317e+16	9.71e-01	2.90e-02	2.62e-13	0.00e+00	0.00e+00	0.00e+00	0.00e+00	0.00e+00	0.00e+00	7.99e-01	1.10e-01	6.17e-02
 3.35333e+16	9.72e-01	2.79e-02	2.53e-13	0.00e+00	0.00e+00	0.00e+00	0.00e+00	0.00e+00	0.00e+00	8.00e-01	1.10e-01	6.18e-02
 3.35348e+16	9.73e-01	2.70e-02	2.44e-13	0.00e+00	0.00e+00	0.00e+00	0.00e+00	0.00e+00	0.00e+00	8.00e-01	1.11e-01	6.19e-02
 3.35362e+16	9.74e-01	2.61e-02	2.36e-13	0.00e+00	0.00e+00	0.00e+00	0.00e+00	0.00e+00	0.00e+00	8.00e-01	1.12e-01	6.20e-02
 3.35375e+16	9.75e-01	2.53e-02	2.28e-13	0.00e+00	0.00e+00	0.00e+00	0.00e+00	0.00e+00	0.00e+00	8.00e-01	1.12e-01	6.22e-02
 3.35387e+16	9.76e-01	2.45e-02	2.21e-13	0.00e+00	0.00e+00	0.00e+00	0.00e+00	0.00e+00	0.00e+00	8.00e-01	1.13e-01	6.23e-02
 3.35399e+16	9.76e-01	2.37e-02	2.14e-13	0.00e+00	0.00e+00	0.00e+00	0.00e+00	0.00e+00	0.00e+00	8.00e-01	1.14e-01	6.24e-02
 3.35410e+16	9.77e-01	2.30e-02	2.07e-13	0.00e+00	0.00e+00	0.00e+00	0.00e+00	0.00e+00	0.00e+00	8.00e-01	1.14e-01	6.26e-02
 3.35420e+16	9.78e-01	2.23e-02	2.00e-13	0.00e+00	0.00e+00	0.00e+00	0.00e+00	0.00e+00	0.00e+00	8.00e-01	1.15e-01	6.27e-02
 3.35430e+16	9.78e-01	2.17e-02	1.94e-13	0.00e+00	0.00e+00	0.00e+00	0.00e+00	0.00e+00	0.00e+00	8.00e-01	1.16e-01	6.29e-02
 3.35439e+16	9.79e-01	2.10e-02	1.88e-13	0.00e+00	0.00e+00	0.00e+00	0.00e+00	0.00e+00	0.00e+00	7.99e-01	1.17e-01	6.30e-02
 3.35448e+16	9.80e-01	2.04e-02	1.82e-13	0.00e+00	0.00e+00	0.00e+00	0.00e+00	0.00e+00	0.00e+00	7.99e-01	1.17e-01	6.32e-02
 3.35457e+16	9.80e-01	1.98e-02	1.76e-13	0.00e+00	0.00e+00	0.00e+00	0.00e+00	0.00e+00	0.00e+00	7.99e-01	1.18e-01	6.34e-02
 3.35465e+16	9.81e-01	1.92e-02	1.70e-13	0.00e+00	0.00e+00	0.00e+00	0.00e+00	0.00e+00	0.00e+00	7.98e-01	1.19e-01	6.36e-02
 3.35473e+16	9.81e-01	1.87e-02	1.64e-13	0.00e+00	0.00e+00	0.00e+00	0.00e+00	0.00e+00	0.00e+00	7.97e-01	1.20e-01	6.38e-02
 3.35480e+16	9.82e-01	1.81e-02	1.58e-13	0.00e+00	0.00e+00	0.00e+00	0.00e+00	0.00e+00	0.00e+00	7.97e-01	1.21e-01	6.40e-02
 3.35487e+16	9.82e-01	1.75e-02	1.53e-13	0.00e+00	0.00e+00	0.00e+00	0.00e+00	0.00e+00	0.00e+00	7.96e-01	1.22e-01	6.42e-02
 3.35494e+16	9.83e-01	1.70e-02	1.47e-13	0.00e+00	0.00e+00	0.00e+00	0.00e+00	0.00e+00	0.00e+00	7.95e-01	1.23e-01	6.45e-02
 3.35501e+16	9.84e-01	1.64e-02	1.41e-13	0.00e+00	0.00e+00	0.00e+00	0.00e+00	0.00e+00	0.00e+00	7.94e-01	1.25e-01	6.48e-02
 3.35508e+16	9.84e-01	1.58e-02	1.35e-13	0.00e+00	0.00e+00	0.00e+00	0.00e+00	0.00e+00	0.00e+00	7.93e-01	1.26e-01	6.51e-02
 3.35515e+16	9.85e-01	1.52e-02	1.28e-13	0.00e+00	0.00e+00	0.00e+00	0.00e+00	0.00e+00	0.00e+00	7.92e-01	1.28e-01	6.54e-02
 3.35522e+16	9.85e-01	1.45e-02	1.21e-13	0.00e+00	0.00e+00	0.00e+00	0.00e+00	0.00e+00	0.00e+00	7.90e-01	1.30e-01	6.58e-02
 3.35528e+16	9.86e-01	1.39e-02	1.14e-13	0.00e+00	0.00e+00	0.00e+00	0.00e+00	0.00e+00	0.00e+00	7.88e-01	1.32e-01	6.62e-02
 3.35534e+16	9.87e-01	1.32e-02	1.07e-13	0.00e+00	0.00e+00	0.00e+00	0.00e+00	0.00e+00	0.00e+00	7.86e-01	1.34e-01	6.66e-02
 3.35540e+16	9.87e-01	1.27e-02	1.01e-13	0.00e+00	0.00e+00	0.00e+00	0.00e+00	0.00e+00	0.00e+00	7.84e-01	1.36e-01	6.70e-02
 3.35544e+16	9.88e-01	1.21e-02	9.56e-14	0.00e+00	0.00e+00	0.00e+00	0.00e+00	0.00e+00	0.00e+00	7.82e-01	1.38e-01	6.74e-02
 3.35548e+16	9.88e-01	1.17e-02	9.04e-14	0.00e+00	0.00e+00	0.00e+00	0.00e+00	0.00e+00	0.00e+00	7.80e-01	1.40e-01	6.78e-02
 3.35551e+16	9.89e-01	1.12e-02	8.56e-14	0.00e+00	0.00e+00	0.00e+00	0.00e+00	0.00e+00	0.00e+00	7.79e-01	1.42e-01	6.81e-02
 3.35555e+16	9.89e-01	1.08e-02	8.07e-14	0.00e+00	0.00e+00	0.00e+00	0.00e+00	0.00e+00	0.00e+00	7.76e-01	1.44e-01	6.85e-02
 3.35558e+16	9.90e-01	1.03e-02	7.57e-14	0.00e+00	0.00e+00	0.00e+00	0.00e+00	0.00e+00	0.00e+00	7.74e-01	1.47e-01	6.89e-02
 3.35561e+16	9.90e-01	9.80e-03	7.05e-14	0.00e+00	0.00e+00	0.00e+00	0.00e+00	0.00e+00	0.00e+00	7.72e-01	1.49e-01	6.93e-02
 3.35565e+16	9.91e-01	9.34e-03	6.56e-14	0.00e+00	0.00e+00	0.00e+00	0.00e+00	0.00e+00	0.00e+00	7.69e-01	1.52e-01	6.97e-02
 3.35568e+16	9.91e-01	8.87e-03	6.08e-14	0.00e+00	0.00e+00	0.00e+00	0.00e+00	0.00e+00	0.00e+00	7.67e-01	1.54e-01	7.01e-02
 3.35572e+16	9.92e-01	8.37e-03	5.58e-14	0.00e+00	0.00e+00	0.00e+00	0.00e+00	0.00e+00	0.00e+00	7.64e-01	1.57e-01	7.05e-02
 3.35575e+16	9.92e-01	7.90e-03	5.10e-14	0.00e+00	0.00e+00	0.00e+00	0.00e+00	0.00e+00	0.00e+00	7.62e-01	1.60e-01	7.08e-02
 3.35578e+16	9.93e-01	7.44e-03	4.65e-14	0.00e+00	0.00e+00	0.00e+00	0.00e+00	0.00e+00	0.00e+00	7.59e-01	1.63e-01	7.12e-02
 3.35582e+16	9.93e-01	7.05e-03	4.29e-14	0.00e+00	0.00e+00	0.00e+00	0.00e+00	0.00e+00	0.00e+00	7.56e-01	1.65e-01	7.15e-02
