#depth	O	O+	O+2	O+3	O+4	O+5	O+6	O+7	O+8	O[1]	O[2]	O[3]
 3.69394e+11	8.84e-06	1.57e-02	9.81e-01	3.12e-03	0.00e+00	0.00e+00	0.00e+00	0.00e+00	0.00e+00	5.96e-06	1.98e-06	8.95e-07
 2.21636e+12	8.83e-06	1.57e-02	9.81e-01	3.11e-03	0.00e+00	0.00e+00	0.00e+00	0.00e+00	0.00e+00	5.96e-06	1.98e-06	8.95e-07
 9.60424e+12	8.83e-06	1.57e-02	9.81e-01	3.07e-03	0.00e+00	0.00e+00	0.00e+00	0.00e+00	0.00e+00	5.95e-06	1.98e-06	8.95e-07
 3.91557e+13	8.85e-06	1.57e-02	9.81e-01	2.89e-03	0.00e+00	0.00e+00	0.00e+00	0.00e+00	0.00e+00	5.97e-06	1.98e-06	8.98e-07
 9.35305e+13	8.83e-06	1.57e-02	9.82e-01	2.67e-03	0.00e+00	0.00e+00	0.00e+00	0.00e+00	0.00e+00	5.95e-06	1.98e-06	8.96e-07
 1.64218e+14	8.84e-06	1.58e-02	9.82e-01	2.39e-03	0.00e+00	0.00e+00	0.00e+00	0.00e+00	0.00e+00	5.96e-06	1.98e-06	8.97e-07
 2.56111e+14	8.86e-06	1.58e-02	9.82e-01	2.06e-03	0.00e+00	0.00e+00	0.00e+00	0.00e+00	0.00e+00	5.97e-06	1.99e-06	9.00e-07
 3.75572e+14	8.90e-06	1.59e-02	9.82e-01	1.69e-03	0.00e+00	0.00e+00	0.00e+00	0.00e+00	0.00e+00	6.00e-06	2.00e-06	9.03e-07
 5.30872e+14	8.97e-06	1.60e-02	9.83e-01	1.31e-03	0.00e+00	0.00e+00	0.00e+00	0.00e+00	0.00e+00	6.05e-06	2.01e-06	9.10e-07
 7.32762e+14	9.07e-06	1.62e-02	9.83e-01	9.29e-04	0.00e+00	0.00e+00	0.00e+00	0.00e+00	0.00e+00	6.12e-06	2.03e-06	9.21e-07
 9.95218e+14	9.22e-06	1.64e-02	9.83e-01	5.96e-04	0.00e+00	0.00e+00	0.00e+00	0.00e+00	0.00e+00	6.22e-06	2.06e-06	9.36e-07
 1.33641e+15	9.44e-06	1.66e-02	9.83e-01	3.37e-04	0.00e+00	0.00e+00	0.00e+00	0.00e+00	0.00e+00	6.37e-06	2.11e-06	9.59e-07
 1.77996e+15	9.77e-06	1.69e-02	9.83e-01	1.64e-04	0.00e+00	0.00e+00	0.00e+00	0.00e+00	0.00e+00	6.59e-06	2.18e-06	9.91e-07
 2.35658e+15	1.02e-05	1.73e-02	9.83e-01	6.81e-05	0.00e+00	0.00e+00	0.00e+00	0.00e+00	0.00e+00	6.90e-06	2.29e-06	1.04e-06
 3.10618e+15	1.09e-05	1.79e-02	9.82e-01	2.57e-05	0.00e+00	0.00e+00	0.00e+00	0.00e+00	0.00e+00	7.37e-06	2.44e-06	1.11e-06
 4.08067e+15	1.19e-05	1.87e-02	9.81e-01	1.10e-05	0.00e+00	0.00e+00	0.00e+00	0.00e+00	0.00e+00	8.05e-06	2.66e-06	1.21e-06
 5.34749e+15	1.35e-05	1.97e-02	9.80e-01	6.73e-06	0.00e+00	0.00e+00	0.00e+00	0.00e+00	0.00e+00	9.12e-06	3.01e-06	1.37e-06
 6.87994e+15	1.57e-05	2.11e-02	9.79e-01	5.40e-06	0.00e+00	0.00e+00	0.00e+00	0.00e+00	0.00e+00	1.06e-05	3.50e-06	1.60e-06
 8.51277e+15	1.86e-05	2.26e-02	9.77e-01	4.72e-06	0.00e+00	0.00e+00	0.00e+00	0.00e+00	0.00e+00	1.25e-05	4.14e-06	1.89e-06
 1.01456e+16	2.22e-05	2.43e-02	9.76e-01	4.25e-06	0.00e+00	0.00e+00	0.00e+00	0.00e+00	0.00e+00	1.50e-05	4.96e-06	2.26e-06
 1.15101e+16	2.59e-05	2.59e-02	9.74e-01	3.89e-06	0.00e+00	0.00e+00	0.00e+00	0.00e+00	0.00e+00	1.75e-05	5.77e-06	2.63e-06
 1.26611e+16	2.99e-05	2.74e-02	9.73e-01	3.65e-06	0.00e+00	0.00e+00	0.00e+00	0.00e+00	0.00e+00	2.02e-05	6.67e-06	3.03e-06
 1.39272e+16	3.53e-05	2.92e-02	9.71e-01	3.41e-06	0.00e+00	0.00e+00	0.00e+00	0.00e+00	0.00e+00	2.38e-05	7.88e-06	3.58e-06
 1.51749e+16	4.18e-05	3.12e-02	9.69e-01	3.20e-06	0.00e+00	0.00e+00	0.00e+00	0.00e+00	0.00e+00	2.82e-05	9.34e-06	4.24e-06
 1.62611e+16	4.89e-05	3.32e-02	9.67e-01	3.02e-06	0.00e+00	0.00e+00	0.00e+00	0.00e+00	0.00e+00	3.29e-05	1.09e-05	4.96e-06
 1.72319e+16	5.66e-05	3.52e-02	9.65e-01	2.87e-06	0.00e+00	0.00e+00	0.00e+00	0.00e+00	0.00e+00	3.82e-05	1.27e-05	5.75e-06
 1.81650e+16	6.58e-05	3.73e-02	9.63e-01	2.74e-06	0.00e+00	0.00e+00	0.00e+00	0.00e+00	0.00e+00	4.43e-05	1.48e-05	6.67e-06
 1.90811e+16	7.67e-05	3.97e-02	9.60e-01	2.61e-06	0.00e+00	0.00e+00	0.00e+00	0.00e+00	0.00e+00	5.17e-05	1.72e-05	7.78e-06
 1.99594e+16	8.97e-05	4.22e-02	9.58e-01	2.48e-06	0.00e+00	0.00e+00	0.00e+00	0.00e+00	0.00e+00	6.04e-05	2.02e-05	9.09e-06
 2.07850e+16	1.05e-04	4.49e-02	9.55e-01	2.36e-06	0.00e+00	0.00e+00	0.00e+00	0.00e+00	0.00e+00	7.04e-05	2.35e-05	1.06e-05
 2.15641e+16	1.22e-04	4.78e-02	9.52e-01	2.25e-06	0.00e+00	0.00e+00	0.00e+00	0.00e+00	0.00e+00	8.20e-05	2.75e-05	1.23e-05
 2.23095e+16	1.42e-04	5.10e-02	9.49e-01	2.14e-06	0.00e+00	0.00e+00	0.00e+00	0.00e+00	0.00e+00	9.56e-05	3.21e-05	1.44e-05
 2.30268e+16	1.66e-04	5.44e-02	9.45e-01	2.02e-06	0.00e+00	0.00e+00	0.00e+00	0.00e+00	0.00e+00	1.12e-04	3.75e-05	1.68e-05
 2.37159e+16	1.94e-04	5.82e-02	9.42e-01	1.92e-06	0.00e+00	0.00e+00	0.00e+00	0.00e+00	0.00e+00	1.31e-04	4.39e-05	1.97e-05
 2.43753e+16	2.28e-04	6.23e-02	9.37e-01	1.82e-06	0.00e+00	0.00e+00	0.00e+00	0.00e+00	0.00e+00	1.53e-04	5.16e-05	2.30e-05
 2.50048e+16	2.67e-04	6.68e-02	9.33e-01	1.71e-06	0.00e+00	0.00e+00	0.00e+00	0.00e+00	0.00e+00	1.79e-04	6.04e-05	2.70e-05
 2.56097e+16	3.13e-04	7.17e-02	9.28e-01	1.61e-06	0.00e+00	0.00e+00	0.00e+00	0.00e+00	0.00e+00	2.11e-04	7.09e-05	3.17e-05
 2.61751e+16	3.67e-04	7.70e-02	9.23e-01	1.52e-06	0.00e+00	0.00e+00	0.00e+00	0.00e+00	0.00e+00	2.47e-04	8.31e-05	3.70e-05
 2.66845e+16	4.26e-04	8.23e-02	9.17e-01	1.43e-06	0.00e+00	0.00e+00	0.00e+00	0.00e+00	0.00e+00	2.86e-04	9.64e-05	4.30e-05
 2.71429e+16	4.90e-04	8.77e-02	9.12e-01	1.35e-06	0.00e+00	0.00e+00	0.00e+00	0.00e+00	0.00e+00	3.29e-04	1.11e-04	4.93e-05
 2.75555e+16	5.58e-04	9.32e-02	9.06e-01	1.27e-06	0.00e+00	0.00e+00	0.00e+00	0.00e+00	0.00e+00	3.75e-04	1.26e-04	5.62e-05
 2.79269e+16	6.31e-04	9.86e-02	9.01e-01	1.21e-06	0.00e+00	0.00e+00	0.00e+00	0.00e+00	0.00e+00	4.24e-04	1.43e-04	6.35e-05
 2.82611e+16	7.07e-04	1.04e-01	8.95e-01	1.15e-06	0.00e+00	0.00e+00	0.00e+00	0.00e+00	0.00e+00	4.76e-04	1.60e-04	7.12e-05
 2.85757e+16	7.91e-04	1.09e-01	8.90e-01	1.09e-06	0.00e+00	0.00e+00	0.00e+00	0.00e+00	0.00e+00	5.32e-04	1.79e-04	7.95e-05
 2.88884e+16	8.86e-04	1.16e-01	8.84e-01	1.03e-06	0.00e+00	0.00e+00	0.00e+00	0.00e+00	0.00e+00	5.96e-04	2.00e-04	8.91e-05
 2.92011e+16	9.98e-04	1.22e-01	8.77e-01	9.76e-07	0.00e+00	0.00e+00	0.00e+00	0.00e+00	0.00e+00	6.71e-04	2.26e-04	1.00e-04
 2.95138e+16	1.13e-03	1.29e-01	8.69e-01	9.18e-07	0.00e+00	0.00e+00	0.00e+00	0.00e+00	0.00e+00	7.58e-04	2.55e-04	1.13e-04
 2.98265e+16	1.28e-03	1.37e-01	8.61e-01	8.62e-07	0.00e+00	0.00e+00	0.00e+00	0.00e+00	0.00e+00	8.62e-04	2.89e-04	1.29e-04
 3.01391e+16	1.46e-03	1.46e-01	8.52e-01	8.02e-07	0.00e+00	0.00e+00	0.00e+00	0.00e+00	0.00e+00	9.83e-04	3.30e-04	1.47e-04
 3.04518e+16	1.68e-03	1.56e-01	8.42e-01	7.46e-07	0.00e+00	0.00e+00	0.00e+00	0.00e+00	0.00e+00	1.13e-03	3.79e-04	1.68e-04
 3.07645e+16	1.93e-03	1.67e-01	8.31e-01	6.89e-07	0.00e+00	0.00e+00	0.00e+00	0.00e+00	0.00e+00	1.30e-03	4.37e-04	1.94e-04
 3.10772e+16	2.26e-03	1.80e-01	8.18e-01	6.30e-07	0.00e+00	0.00e+00	0.00e+00	0.00e+00	0.00e+00	1.52e-03	5.09e-04	2.26e-04
 3.12512e+16	2.48e-03	1.88e-01	8.10e-01	6.01e-07	0.00e+00	0.00e+00	0.00e+00	0.00e+00	0.00e+00	1.67e-03	5.60e-04	2.48e-04
