#depth	H	H+	H2
 1.74754e+11	2.07e-03	9.98e-01	5.02e-12
 1.04853e+12	2.07e-03	9.98e-01	5.02e-12
 4.54361e+12	2.07e-03	9.98e-01	5.03e-12
 1.85240e+13	2.07e-03	9.98e-01	5.03e-12
 4.42478e+13	2.06e-03	9.98e-01	5.02e-12
 7.76888e+13	2.05e-03	9.98e-01	4.99e-12
 1.21162e+14	2.04e-03	9.98e-01	4.97e-12
 1.77677e+14	2.03e-03	9.98e-01	4.94e-12
 2.51147e+14	2.01e-03	9.98e-01	4.92e-12
 3.46658e+14	2.00e-03	9.98e-01	4.90e-12
 4.70822e+14	1.99e-03	9.98e-01	4.89e-12
 6.32236e+14	1.97e-03	9.98e-01	4.89e-12
 8.42073e+14	1.97e-03	9.98e-01	4.94e-12
 1.11486e+15	1.96e-03	9.98e-01	5.02e-12
 1.46949e+15	1.96e-03	9.98e-01	5.18e-12
 1.93050e+15	1.96e-03	9.98e-01	5.37e-12
 2.52982e+15	1.98e-03	9.98e-01	5.64e-12
 3.15209e+15	1.97e-03	9.98e-01	5.83e-12
 3.68151e+15	1.97e-03	9.98e-01	5.92e-12
 4.24704e+15	1.98e-03	9.98e-01	6.04e-12
 4.79502e+15	1.97e-03	9.98e-01	6.11e-12
 5.27453e+15	1.97e-03	9.98e-01	6.15e-12
 5.80198e+15	1.97e-03	9.98e-01	6.21e-12
 6.38218e+15	1.98e-03	9.98e-01	6.27e-12
 7.02039e+15	1.99e-03	9.98e-01	6.33e-12
 7.72243e+15	2.00e-03	9.98e-01	6.39e-12
 8.49468e+15	2.10e-03	9.98e-01	6.61e-12
 9.11072e+15	2.10e-03	9.98e-01	6.61e-12
 9.59727e+15	2.12e-03	9.98e-01	6.60e-12
 1.02298e+16	2.14e-03	9.98e-01	6.62e-12
 1.10520e+16	2.18e-03	9.98e-01	6.59e-12
 1.20926e+16	2.23e-03	9.98e-01	6.57e-12
 1.31155e+16	2.28e-03	9.98e-01	6.48e-12
 1.38882e+16	2.33e-03	9.98e-01	6.43e-12
 1.45215e+16	2.38e-03	9.98e-01	6.32e-12
 1.52291e+16	2.43e-03	9.98e-01	6.05e-12
 1.61490e+16	2.51e-03	9.97e-01	5.63e-12
 1.70525e+16	2.62e-03	9.97e-01	5.34e-12
 1.76932e+16	2.71e-03	9.97e-01	5.17e-12
 1.81878e+16	2.77e-03	9.97e-01	4.87e-12
 1.87344e+16	2.84e-03	9.97e-01	4.48e-12
 1.94450e+16	2.93e-03	9.97e-01	3.98e-12
 2.01806e+16	3.05e-03	9.97e-01	3.63e-12
 2.07716e+16	3.17e-03	9.97e-01	3.34e-12
 2.12660e+16	3.26e-03	9.97e-01	3.08e-12
 2.18118e+16	3.35e-03	9.97e-01	2.73e-12
 2.25213e+16	3.47e-03	9.97e-01	2.36e-12
 2.32546e+16	3.64e-03	9.96e-01	2.11e-12
 2.38359e+16	3.81e-03	9.96e-01	1.96e-12
 2.43166e+16	3.94e-03	9.96e-01	1.84e-12
 2.48488e+16	4.05e-03	9.96e-01	1.68e-12
 2.55391e+16	4.22e-03	9.96e-01	1.53e-12
 2.63002e+16	4.47e-03	9.96e-01	1.45e-12
 2.69791e+16	4.77e-03	9.95e-01	1.44e-12
 2.75624e+16	5.05e-03	9.95e-01	1.45e-12
 2.81974e+16	5.33e-03	9.95e-01	1.43e-12
 2.88962e+16	5.77e-03	9.94e-01	1.49e-12
 2.95417e+16	6.26e-03	9.94e-01	1.58e-12
 3.01359e+16	6.78e-03	9.93e-01	1.68e-12
 3.06254e+16	7.38e-03	9.93e-01	1.83e-12
 3.09691e+16	7.84e-03	9.92e-01	1.95e-12
 3.12452e+16	8.21e-03	9.92e-01	2.03e-12
 3.15512e+16	8.57e-03	9.91e-01	2.09e-12
 3.19491e+16	9.04e-03	9.91e-01	2.16e-12
 3.23333e+16	9.76e-03	9.90e-01	2.33e-12
 3.25841e+16	1.03e-02	9.90e-01	2.47e-12
 3.27453e+16	1.07e-02	9.89e-01	2.55e-12
 3.29056e+16	1.09e-02	9.89e-01	2.60e-12
 3.31141e+16	1.13e-02	9.89e-01	2.66e-12
 3.33334e+16	1.18e-02	9.88e-01	2.77e-12
 3.35090e+16	1.23e-02	9.88e-01	2.88e-12
 3.36464e+16	1.26e-02	9.87e-01	2.96e-12
 3.37922e+16	1.29e-02	9.87e-01	3.02e-12
 3.39816e+16	1.34e-02	9.87e-01	3.10e-12
 3.41950e+16	1.39e-02	9.86e-01	3.21e-12
 3.44396e+16	1.45e-02	9.85e-01	3.30e-12
 3.47575e+16	1.53e-02	9.85e-01	3.37e-12
 3.51707e+16	1.63e-02	9.84e-01	3.45e-12
 3.56845e+16	1.78e-02	9.82e-01	3.55e-12
 3.62273e+16	1.99e-02	9.80e-01	3.75e-12
 3.67322e+16	2.23e-02	9.78e-01	3.99e-12
 3.72135e+16	2.49e-02	9.75e-01	4.24e-12
 3.76949e+16	2.80e-02	9.72e-01	4.54e-12
 3.81827e+16	3.20e-02	9.68e-01	4.93e-12
 3.86776e+16	3.71e-02	9.63e-01	5.47e-12
 3.91601e+16	4.40e-02	9.56e-01	6.25e-12
 3.95813e+16	5.27e-02	9.47e-01	7.33e-12
 3.99123e+16	6.25e-02	9.37e-01	8.62e-12
 4.01701e+16	7.26e-02	9.27e-01	1.00e-11
 4.03926e+16	8.36e-02	9.16e-01	1.16e-11
 4.06061e+16	9.74e-02	9.03e-01	1.37e-11
 4.08087e+16	1.15e-01	8.85e-01	1.65e-11
 4.09847e+16	1.37e-01	8.63e-01	2.04e-11
 4.11277e+16	1.61e-01	8.39e-01	2.51e-11
 4.12451e+16	1.87e-01	8.13e-01	3.07e-11
 4.13489e+16	2.17e-01	7.83e-01	3.79e-11
 4.14459e+16	2.53e-01	7.47e-01	4.78e-11
 4.15323e+16	2.94e-01	7.06e-01	6.14e-11
 4.15980e+16	3.36e-01	6.64e-01	7.74e-11
 4.16417e+16	3.69e-01	6.31e-01	9.24e-11
 4.16721e+16	3.94e-01	6.06e-01	1.06e-10
 4.16980e+16	4.17e-01	5.83e-01	1.19e-10
 4.17232e+16	4.42e-01	5.58e-01	1.35e-10
 4.17474e+16	4.67e-01	5.33e-01	1.54e-10
 4.17686e+16	4.91e-01	5.09e-01	1.74e-10
 4.17867e+16	5.12e-01	4.88e-01	1.95e-10
 4.18027e+16	5.32e-01	4.68e-01	2.16e-10
 4.18153e+16	5.48e-01	4.52e-01	2.35e-10
 4.18243e+16	5.60e-01	4.40e-01	2.50e-10
 4.18325e+16	5.71e-01	4.29e-01	2.64e-10
 4.18418e+16	5.84e-01	4.16e-01	2.84e-10
 4.18517e+16	5.97e-01	4.03e-01	3.06e-10
 4.18611e+16	6.10e-01	3.90e-01	3.29e-10
 4.18697e+16	6.23e-01	3.77e-01	3.52e-10
 4.18780e+16	6.35e-01	3.65e-01	3.77e-10
 4.18863e+16	6.47e-01	3.53e-01	4.05e-10
 4.18945e+16	6.59e-01	3.41e-01	4.35e-10
 4.19025e+16	6.70e-01	3.30e-01	4.67e-10
 4.19103e+16	6.82e-01	3.18e-01	5.02e-10
 4.19179e+16	6.93e-01	3.07e-01	5.39e-10
 4.19253e+16	7.04e-01	2.96e-01	5.79e-10
 4.19326e+16	7.15e-01	2.85e-01	6.22e-10
 4.19398e+16	7.25e-01	2.75e-01	6.68e-10
 4.19468e+16	7.36e-01	2.64e-01	7.18e-10
 4.19536e+16	7.46e-01	2.54e-01	7.72e-10
 4.19604e+16	7.56e-01	2.44e-01	8.31e-10
 4.19670e+16	7.65e-01	2.35e-01	8.94e-10
 4.19735e+16	7.74e-01	2.26e-01	9.61e-10
 4.19798e+16	7.83e-01	2.17e-01	1.03e-09
 4.19861e+16	7.92e-01	2.08e-01	1.11e-09
 4.19921e+16	8.00e-01	2.00e-01	1.19e-09
 4.19980e+16	8.08e-01	1.92e-01	1.28e-09
 4.20036e+16	8.16e-01	1.84e-01	1.38e-09
 4.20092e+16	8.23e-01	1.77e-01	1.48e-09
 4.20147e+16	8.30e-01	1.70e-01	1.58e-09
 4.20200e+16	8.37e-01	1.63e-01	1.69e-09
 4.20252e+16	8.43e-01	1.57e-01	1.82e-09
 4.20303e+16	8.49e-01	1.51e-01	1.94e-09
 4.20352e+16	8.55e-01	1.45e-01	2.08e-09
 4.20401e+16	8.61e-01	1.39e-01	2.23e-09
 4.20449e+16	8.66e-01	1.34e-01	2.39e-09
 4.20497e+16	8.72e-01	1.28e-01	2.56e-09
 4.20543e+16	8.77e-01	1.23e-01	2.74e-09
 4.20589e+16	8.82e-01	1.18e-01	2.93e-09
 4.20633e+16	8.86e-01	1.14e-01	3.14e-09
 4.20677e+16	8.91e-01	1.09e-01	3.36e-09
 4.20720e+16	8.95e-01	1.05e-01	3.61e-09
 4.20762e+16	8.99e-01	1.01e-01	3.87e-09
 4.20803e+16	9.03e-01	9.68e-02	4.15e-09
 4.20845e+16	9.07e-01	9.29e-02	4.46e-09
 4.20884e+16	9.11e-01	8.93e-02	4.79e-09
 4.20924e+16	9.14e-01	8.57e-02	5.15e-09
 4.20962e+16	9.18e-01	8.23e-02	5.55e-09
 4.21000e+16	9.21e-01	7.92e-02	5.97e-09
 4.21037e+16	9.24e-01	7.60e-02	6.45e-09
 4.21074e+16	9.27e-01	7.30e-02	6.93e-09
 4.21109e+16	9.30e-01	7.00e-02	7.56e-09
 4.21144e+16	9.33e-01	6.73e-02	8.19e-09
 4.21178e+16	9.35e-01	6.46e-02	8.90e-09
 4.21211e+16	9.38e-01	6.20e-02	9.72e-09
 4.21244e+16	9.40e-01	5.96e-02	1.06e-08
 4.21276e+16	9.43e-01	5.72e-02	1.16e-08
 4.21307e+16	9.45e-01	5.49e-02	1.28e-08
 4.21337e+16	9.47e-01	5.27e-02	1.41e-08
 4.21366e+16	9.49e-01	5.06e-02	1.55e-08
 4.21393e+16	9.51e-01	4.87e-02	1.72e-08
 4.21419e+16	9.53e-01	4.69e-02	1.90e-08
 4.21442e+16	9.55e-01	4.52e-02	2.10e-08
 4.21464e+16	9.56e-01	4.37e-02	2.31e-08
 4.21485e+16	9.58e-01	4.22e-02	2.55e-08
 4.21505e+16	9.59e-01	4.08e-02	2.82e-08
 4.21524e+16	9.60e-01	3.96e-02	3.12e-08
 4.21541e+16	9.62e-01	3.83e-02	3.44e-08
 4.21557e+16	9.63e-01	3.72e-02	3.80e-08
 4.21572e+16	9.64e-01	3.61e-02	4.20e-08
 4.21587e+16	9.65e-01	3.51e-02	4.64e-08
 4.21600e+16	9.66e-01	3.41e-02	5.12e-08
 4.21612e+16	9.67e-01	3.32e-02	5.65e-08
 4.21624e+16	9.68e-01	3.24e-02	6.24e-08
 4.21635e+16	9.68e-01	3.15e-02	6.88e-08
 4.21646e+16	9.69e-01	3.08e-02	7.59e-08
 4.21656e+16	9.70e-01	3.00e-02	8.37e-08
 4.21665e+16	9.71e-01	2.93e-02	9.20e-08
 4.21674e+16	9.71e-01	2.85e-02	1.01e-07
 4.21682e+16	9.72e-01	2.78e-02	1.12e-07
 4.21690e+16	9.73e-01	2.72e-02	1.23e-07
 4.21698e+16	9.73e-01	2.65e-02	1.35e-07
 4.21705e+16	9.74e-01	2.59e-02	1.49e-07
 4.21712e+16	9.75e-01	2.52e-02	1.63e-07
 4.21719e+16	9.75e-01	2.46e-02	1.78e-07
 4.21725e+16	9.76e-01	2.40e-02	1.94e-07
 4.21732e+16	9.77e-01	2.33e-02	2.12e-07
 4.21738e+16	9.77e-01	2.26e-02	2.31e-07
 4.21744e+16	9.78e-01	2.19e-02	2.51e-07
 4.21750e+16	9.79e-01	2.12e-02	2.72e-07
 4.21756e+16	9.80e-01	2.04e-02	2.93e-07
 4.21762e+16	9.80e-01	1.96e-02	3.19e-07
 4.21767e+16	9.81e-01	1.88e-02	3.41e-07
 4.21772e+16	9.82e-01	1.80e-02	3.62e-07
 4.21776e+16	9.83e-01	1.72e-02	3.83e-07
 4.21780e+16	9.84e-01	1.64e-02	4.07e-07
 4.21784e+16	9.85e-01	1.55e-02	4.36e-07
 4.21789e+16	9.86e-01	1.45e-02	4.73e-07
 4.21793e+16	9.87e-01	1.34e-02	5.17e-07
 4.21797e+16	9.88e-01	1.24e-02	5.76e-07
 4.21801e+16	9.89e-01	1.14e-02	6.39e-07
 4.21805e+16	9.89e-01	1.05e-02	7.12e-07
 4.21810e+16	9.90e-01	9.66e-03	8.03e-07
