#depth	O	O+	O+2	O+3	O+4	O+5	O+6	O+7	O+8	O[1]	O[2]	O[3]
 1.74754e+11	1.35e-05	1.54e-02	9.14e-01	7.05e-02	5.41e-06	0.00e+00	0.00e+00	0.00e+00	0.00e+00	1.04e-05	2.07e-06	1.03e-06
 1.04853e+12	1.35e-05	1.54e-02	9.14e-01	7.02e-02	5.38e-06	0.00e+00	0.00e+00	0.00e+00	0.00e+00	1.04e-05	2.08e-06	1.03e-06
 4.54361e+12	1.35e-05	1.55e-02	9.15e-01	6.98e-02	5.31e-06	0.00e+00	0.00e+00	0.00e+00	0.00e+00	1.04e-05	2.08e-06	1.03e-06
 1.85240e+13	1.36e-05	1.55e-02	9.16e-01	6.80e-02	5.10e-06	0.00e+00	0.00e+00	0.00e+00	0.00e+00	1.05e-05	2.09e-06	1.04e-06
 4.42478e+13	1.36e-05	1.55e-02	9.19e-01	6.54e-02	4.77e-06	0.00e+00	0.00e+00	0.00e+00	0.00e+00	1.04e-05	2.09e-06	1.04e-06
 7.76888e+13	1.35e-05	1.56e-02	9.22e-01	6.22e-02	4.38e-06	0.00e+00	0.00e+00	0.00e+00	0.00e+00	1.04e-05	2.09e-06	1.05e-06
 1.21162e+14	1.35e-05	1.56e-02	9.26e-01	5.81e-02	3.91e-06	0.00e+00	0.00e+00	0.00e+00	0.00e+00	1.04e-05	2.10e-06	1.05e-06
 1.77677e+14	1.36e-05	1.57e-02	9.31e-01	5.33e-02	3.38e-06	0.00e+00	0.00e+00	0.00e+00	0.00e+00	1.04e-05	2.10e-06	1.05e-06
 2.51147e+14	1.36e-05	1.58e-02	9.37e-01	4.74e-02	2.79e-06	0.00e+00	0.00e+00	0.00e+00	0.00e+00	1.04e-05	2.11e-06	1.06e-06
 3.46658e+14	1.37e-05	1.60e-02	9.43e-01	4.07e-02	2.17e-06	0.00e+00	0.00e+00	0.00e+00	0.00e+00	1.05e-05	2.12e-06	1.07e-06
 4.70822e+14	1.38e-05	1.62e-02	9.51e-01	3.32e-02	1.56e-06	0.00e+00	0.00e+00	0.00e+00	0.00e+00	1.06e-05	2.15e-06	1.08e-06
 6.32236e+14	1.40e-05	1.64e-02	9.58e-01	2.53e-02	1.00e-06	0.00e+00	0.00e+00	0.00e+00	0.00e+00	1.07e-05	2.18e-06	1.09e-06
 8.42073e+14	1.44e-05	1.68e-02	9.66e-01	1.76e-02	5.59e-07	0.00e+00	0.00e+00	0.00e+00	0.00e+00	1.10e-05	2.25e-06	1.13e-06
 1.11486e+15	1.49e-05	1.73e-02	9.72e-01	1.09e-02	2.58e-07	0.00e+00	0.00e+00	0.00e+00	0.00e+00	1.14e-05	2.34e-06	1.17e-06
 1.46949e+15	1.57e-05	1.80e-02	9.76e-01	5.83e-03	0.00e+00	0.00e+00	0.00e+00	0.00e+00	0.00e+00	1.20e-05	2.47e-06	1.23e-06
 1.93050e+15	1.67e-05	1.89e-02	9.79e-01	2.58e-03	0.00e+00	0.00e+00	0.00e+00	0.00e+00	0.00e+00	1.28e-05	2.63e-06	1.31e-06
 2.52982e+15	1.84e-05	2.01e-02	9.79e-01	9.02e-04	0.00e+00	0.00e+00	0.00e+00	0.00e+00	0.00e+00	1.41e-05	2.91e-06	1.44e-06
 3.15209e+15	1.98e-05	2.14e-02	9.78e-01	3.08e-04	0.00e+00	0.00e+00	0.00e+00	0.00e+00	0.00e+00	1.51e-05	3.13e-06	1.55e-06
 3.68151e+15	2.13e-05	2.27e-02	9.77e-01	1.26e-04	0.00e+00	0.00e+00	0.00e+00	0.00e+00	0.00e+00	1.63e-05	3.39e-06	1.67e-06
 4.24704e+15	2.32e-05	2.41e-02	9.76e-01	4.95e-05	0.00e+00	0.00e+00	0.00e+00	0.00e+00	0.00e+00	1.77e-05	3.69e-06	1.82e-06
 4.79502e+15	2.49e-05	2.56e-02	9.74e-01	2.10e-05	0.00e+00	0.00e+00	0.00e+00	0.00e+00	0.00e+00	1.89e-05	3.98e-06	1.96e-06
 5.27453e+15	2.67e-05	2.70e-02	9.73e-01	1.00e-05	0.00e+00	0.00e+00	0.00e+00	0.00e+00	0.00e+00	2.03e-05	4.28e-06	2.10e-06
 5.80198e+15	2.87e-05	2.85e-02	9.71e-01	4.59e-06	0.00e+00	0.00e+00	0.00e+00	0.00e+00	0.00e+00	2.18e-05	4.60e-06	2.26e-06
 6.38218e+15	3.11e-05	3.03e-02	9.70e-01	2.03e-06	0.00e+00	0.00e+00	0.00e+00	0.00e+00	0.00e+00	2.37e-05	5.02e-06	2.46e-06
 7.02039e+15	3.41e-05	3.24e-02	9.68e-01	8.74e-07	0.00e+00	0.00e+00	0.00e+00	0.00e+00	0.00e+00	2.59e-05	5.51e-06	2.70e-06
 7.72243e+15	3.76e-05	3.48e-02	9.65e-01	3.69e-07	0.00e+00	0.00e+00	0.00e+00	0.00e+00	0.00e+00	2.85e-05	6.09e-06	2.99e-06
 8.49468e+15	4.84e-05	3.99e-02	9.60e-01	1.44e-07	0.00e+00	0.00e+00	0.00e+00	0.00e+00	0.00e+00	3.62e-05	8.26e-06	3.98e-06
 9.11072e+15	5.38e-05	4.34e-02	9.57e-01	0.00e+00	0.00e+00	0.00e+00	0.00e+00	0.00e+00	0.00e+00	4.01e-05	9.20e-06	4.44e-06
 9.59727e+15	5.90e-05	4.62e-02	9.54e-01	0.00e+00	0.00e+00	0.00e+00	0.00e+00	0.00e+00	0.00e+00	4.40e-05	1.02e-05	4.89e-06
 1.02298e+16	6.59e-05	5.00e-02	9.50e-01	0.00e+00	0.00e+00	0.00e+00	0.00e+00	0.00e+00	0.00e+00	4.91e-05	1.13e-05	5.46e-06
 1.10520e+16	7.63e-05	5.55e-02	9.44e-01	0.00e+00	0.00e+00	0.00e+00	0.00e+00	0.00e+00	0.00e+00	5.68e-05	1.32e-05	6.36e-06
 1.20926e+16	9.26e-05	6.36e-02	9.36e-01	0.00e+00	0.00e+00	0.00e+00	0.00e+00	0.00e+00	0.00e+00	6.89e-05	1.60e-05	7.75e-06
 1.31155e+16	1.14e-04	7.35e-02	9.26e-01	0.00e+00	0.00e+00	0.00e+00	0.00e+00	0.00e+00	0.00e+00	8.44e-05	1.98e-05	9.59e-06
 1.38882e+16	1.34e-04	8.28e-02	9.17e-01	0.00e+00	0.00e+00	0.00e+00	0.00e+00	0.00e+00	0.00e+00	9.96e-05	2.35e-05	1.13e-05
 1.45215e+16	1.55e-04	9.14e-02	9.08e-01	0.00e+00	0.00e+00	0.00e+00	0.00e+00	0.00e+00	0.00e+00	1.15e-04	2.71e-05	1.31e-05
 1.52291e+16	1.81e-04	1.02e-01	8.98e-01	0.00e+00	0.00e+00	0.00e+00	0.00e+00	0.00e+00	0.00e+00	1.34e-04	3.16e-05	1.54e-05
 1.61490e+16	2.23e-04	1.18e-01	8.82e-01	0.00e+00	0.00e+00	0.00e+00	0.00e+00	0.00e+00	0.00e+00	1.65e-04	3.90e-05	1.90e-05
 1.70525e+16	2.82e-04	1.38e-01	8.61e-01	0.00e+00	0.00e+00	0.00e+00	0.00e+00	0.00e+00	0.00e+00	2.08e-04	4.94e-05	2.41e-05
 1.76932e+16	3.36e-04	1.56e-01	8.44e-01	0.00e+00	0.00e+00	0.00e+00	0.00e+00	0.00e+00	0.00e+00	2.48e-04	5.90e-05	2.88e-05
 1.81878e+16	3.85e-04	1.71e-01	8.28e-01	0.00e+00	0.00e+00	0.00e+00	0.00e+00	0.00e+00	0.00e+00	2.84e-04	6.75e-05	3.31e-05
 1.87344e+16	4.46e-04	1.90e-01	8.09e-01	0.00e+00	0.00e+00	0.00e+00	0.00e+00	0.00e+00	0.00e+00	3.29e-04	7.82e-05	3.84e-05
 1.94450e+16	5.40e-04	2.18e-01	7.82e-01	0.00e+00	0.00e+00	0.00e+00	0.00e+00	0.00e+00	0.00e+00	3.99e-04	9.46e-05	4.66e-05
 2.01806e+16	6.67e-04	2.52e-01	7.47e-01	0.00e+00	0.00e+00	0.00e+00	0.00e+00	0.00e+00	0.00e+00	4.93e-04	1.16e-04	5.76e-05
 2.07716e+16	7.97e-04	2.85e-01	7.15e-01	0.00e+00	0.00e+00	0.00e+00	0.00e+00	0.00e+00	0.00e+00	5.89e-04	1.39e-04	6.90e-05
 2.12660e+16	9.23e-04	3.15e-01	6.84e-01	0.00e+00	0.00e+00	0.00e+00	0.00e+00	0.00e+00	0.00e+00	6.82e-04	1.61e-04	8.01e-05
 2.18118e+16	1.08e-03	3.52e-01	6.47e-01	0.00e+00	0.00e+00	0.00e+00	0.00e+00	0.00e+00	0.00e+00	7.96e-04	1.87e-04	9.36e-05
 2.25213e+16	1.30e-03	4.03e-01	5.96e-01	0.00e+00	0.00e+00	0.00e+00	0.00e+00	0.00e+00	0.00e+00	9.65e-04	2.26e-04	1.14e-04
 2.32546e+16	1.61e-03	4.63e-01	5.35e-01	0.00e+00	0.00e+00	0.00e+00	0.00e+00	0.00e+00	0.00e+00	1.19e-03	2.77e-04	1.40e-04
 2.38359e+16	1.90e-03	5.16e-01	4.82e-01	0.00e+00	0.00e+00	0.00e+00	0.00e+00	0.00e+00	0.00e+00	1.41e-03	3.28e-04	1.67e-04
 2.43166e+16	2.17e-03	5.60e-01	4.38e-01	0.00e+00	0.00e+00	0.00e+00	0.00e+00	0.00e+00	0.00e+00	1.60e-03	3.72e-04	1.90e-04
 2.48488e+16	2.45e-03	6.08e-01	3.89e-01	0.00e+00	0.00e+00	0.00e+00	0.00e+00	0.00e+00	0.00e+00	1.82e-03	4.19e-04	2.15e-04
 2.55391e+16	2.85e-03	6.68e-01	3.29e-01	0.00e+00	0.00e+00	0.00e+00	0.00e+00	0.00e+00	0.00e+00	2.11e-03	4.85e-04	2.51e-04
 2.63002e+16	3.36e-03	7.31e-01	2.65e-01	0.00e+00	0.00e+00	0.00e+00	0.00e+00	0.00e+00	0.00e+00	2.50e-03	5.69e-04	2.96e-04
 2.69791e+16	3.90e-03	7.83e-01	2.13e-01	0.00e+00	0.00e+00	0.00e+00	0.00e+00	0.00e+00	0.00e+00	2.90e-03	6.58e-04	3.44e-04
 2.75624e+16	4.39e-03	8.22e-01	1.74e-01	0.00e+00	0.00e+00	0.00e+00	0.00e+00	0.00e+00	0.00e+00	3.26e-03	7.38e-04	3.88e-04
 2.81974e+16	4.89e-03	8.58e-01	1.37e-01	0.00e+00	0.00e+00	0.00e+00	0.00e+00	0.00e+00	0.00e+00	3.64e-03	8.19e-04	4.33e-04
 2.88962e+16	5.57e-03	8.90e-01	1.04e-01	0.00e+00	0.00e+00	0.00e+00	0.00e+00	0.00e+00	0.00e+00	4.15e-03	9.28e-04	4.94e-04
 2.95417e+16	6.29e-03	9.15e-01	7.86e-02	0.00e+00	0.00e+00	0.00e+00	0.00e+00	0.00e+00	0.00e+00	4.69e-03	1.04e-03	5.58e-04
 3.01359e+16	7.03e-03	9.34e-01	5.94e-02	0.00e+00	0.00e+00	0.00e+00	0.00e+00	0.00e+00	0.00e+00	5.24e-03	1.16e-03	6.24e-04
 3.06254e+16	7.83e-03	9.46e-01	4.59e-02	0.00e+00	0.00e+00	0.00e+00	0.00e+00	0.00e+00	0.00e+00	5.84e-03	1.29e-03	6.96e-04
 3.09691e+16	8.44e-03	9.54e-01	3.77e-02	0.00e+00	0.00e+00	0.00e+00	0.00e+00	0.00e+00	0.00e+00	6.30e-03	1.39e-03	7.51e-04
 3.12452e+16	8.93e-03	9.59e-01	3.20e-02	0.00e+00	0.00e+00	0.00e+00	0.00e+00	0.00e+00	0.00e+00	6.67e-03	1.47e-03	7.95e-04
 3.15512e+16	9.41e-03	9.64e-01	2.65e-02	0.00e+00	0.00e+00	0.00e+00	0.00e+00	0.00e+00	0.00e+00	7.03e-03	1.55e-03	8.38e-04
 3.19491e+16	1.01e-02	9.70e-01	2.04e-02	0.00e+00	0.00e+00	0.00e+00	0.00e+00	0.00e+00	0.00e+00	7.51e-03	1.65e-03	8.96e-04
 3.23333e+16	1.10e-02	9.74e-01	1.52e-02	0.00e+00	0.00e+00	0.00e+00	0.00e+00	0.00e+00	0.00e+00	8.20e-03	1.80e-03	9.80e-04
 3.25841e+16	1.17e-02	9.76e-01	1.21e-02	0.00e+00	0.00e+00	0.00e+00	0.00e+00	0.00e+00	0.00e+00	8.74e-03	1.91e-03	1.04e-03
 3.27453e+16	1.21e-02	9.78e-01	1.03e-02	0.00e+00	0.00e+00	0.00e+00	0.00e+00	0.00e+00	0.00e+00	9.07e-03	1.99e-03	1.09e-03
 3.29056e+16	1.25e-02	9.79e-01	8.68e-03	0.00e+00	0.00e+00	0.00e+00	0.00e+00	0.00e+00	0.00e+00	9.35e-03	2.04e-03	1.12e-03
 3.31141e+16	1.30e-02	9.80e-01	6.86e-03	0.00e+00	0.00e+00	0.00e+00	0.00e+00	0.00e+00	0.00e+00	9.71e-03	2.12e-03	1.16e-03
 3.33334e+16	1.36e-02	9.81e-01	5.16e-03	0.00e+00	0.00e+00	0.00e+00	0.00e+00	0.00e+00	0.00e+00	1.02e-02	2.22e-03	1.22e-03
 3.35090e+16	1.42e-02	9.82e-01	3.96e-03	0.00e+00	0.00e+00	0.00e+00	0.00e+00	0.00e+00	0.00e+00	1.06e-02	2.32e-03	1.27e-03
 3.36464e+16	1.47e-02	9.82e-01	3.14e-03	0.00e+00	0.00e+00	0.00e+00	0.00e+00	0.00e+00	0.00e+00	1.10e-02	2.39e-03	1.31e-03
 3.37922e+16	1.51e-02	9.83e-01	2.42e-03	0.00e+00	0.00e+00	0.00e+00	0.00e+00	0.00e+00	0.00e+00	1.13e-02	2.46e-03	1.35e-03
 3.39816e+16	1.56e-02	9.83e-01	1.69e-03	0.00e+00	0.00e+00	0.00e+00	0.00e+00	0.00e+00	0.00e+00	1.17e-02	2.54e-03	1.40e-03
 3.41950e+16	1.63e-02	9.83e-01	1.09e-03	0.00e+00	0.00e+00	0.00e+00	0.00e+00	0.00e+00	0.00e+00	1.22e-02	2.66e-03	1.47e-03
 3.44396e+16	1.70e-02	9.82e-01	6.45e-04	0.00e+00	0.00e+00	0.00e+00	0.00e+00	0.00e+00	0.00e+00	1.27e-02	2.77e-03	1.54e-03
 3.47575e+16	1.80e-02	9.82e-01	3.25e-04	0.00e+00	0.00e+00	0.00e+00	0.00e+00	0.00e+00	0.00e+00	1.35e-02	2.92e-03	1.62e-03
 3.51707e+16	1.93e-02	9.81e-01	1.36e-04	0.00e+00	0.00e+00	0.00e+00	0.00e+00	0.00e+00	0.00e+00	1.44e-02	3.11e-03	1.74e-03
 3.56845e+16	2.11e-02	9.79e-01	4.87e-05	0.00e+00	0.00e+00	0.00e+00	0.00e+00	0.00e+00	0.00e+00	1.59e-02	3.38e-03	1.91e-03
 3.62273e+16	2.37e-02	9.76e-01	1.73e-05	0.00e+00	0.00e+00	0.00e+00	0.00e+00	0.00e+00	0.00e+00	1.78e-02	3.76e-03	2.15e-03
 3.67322e+16	2.66e-02	9.73e-01	6.97e-06	0.00e+00	0.00e+00	0.00e+00	0.00e+00	0.00e+00	0.00e+00	2.00e-02	4.18e-03	2.42e-03
 3.72135e+16	2.99e-02	9.70e-01	3.02e-06	0.00e+00	0.00e+00	0.00e+00	0.00e+00	0.00e+00	0.00e+00	2.25e-02	4.65e-03	2.71e-03
 3.76949e+16	3.37e-02	9.66e-01	1.34e-06	0.00e+00	0.00e+00	0.00e+00	0.00e+00	0.00e+00	0.00e+00	2.55e-02	5.20e-03	3.06e-03
 3.81827e+16	3.86e-02	9.61e-01	6.02e-07	0.00e+00	0.00e+00	0.00e+00	0.00e+00	0.00e+00	0.00e+00	2.92e-02	5.89e-03	3.48e-03
 3.86776e+16	4.48e-02	9.55e-01	2.70e-07	0.00e+00	0.00e+00	0.00e+00	0.00e+00	0.00e+00	0.00e+00	3.40e-02	6.79e-03	4.03e-03
 3.91601e+16	5.32e-02	9.47e-01	1.24e-07	0.00e+00	0.00e+00	0.00e+00	0.00e+00	0.00e+00	0.00e+00	4.05e-02	7.99e-03	4.76e-03
 3.95813e+16	6.38e-02	9.36e-01	6.18e-08	0.00e+00	0.00e+00	0.00e+00	0.00e+00	0.00e+00	0.00e+00	4.86e-02	9.50e-03	5.68e-03
 3.99123e+16	7.57e-02	9.24e-01	3.51e-08	0.00e+00	0.00e+00	0.00e+00	0.00e+00	0.00e+00	0.00e+00	5.78e-02	1.12e-02	6.72e-03
 4.01701e+16	8.78e-02	9.12e-01	2.21e-08	0.00e+00	0.00e+00	0.00e+00	0.00e+00	0.00e+00	0.00e+00	6.71e-02	1.29e-02	7.77e-03
 4.03926e+16	1.01e-01	8.99e-01	1.45e-08	0.00e+00	0.00e+00	0.00e+00	0.00e+00	0.00e+00	0.00e+00	7.73e-02	1.48e-02	8.91e-03
 4.06061e+16	1.17e-01	8.83e-01	9.41e-09	0.00e+00	0.00e+00	0.00e+00	0.00e+00	0.00e+00	0.00e+00	9.00e-02	1.71e-02	1.03e-02
 4.08087e+16	1.38e-01	8.62e-01	6.05e-09	0.00e+00	0.00e+00	0.00e+00	0.00e+00	0.00e+00	0.00e+00	1.06e-01	2.01e-02	1.21e-02
 4.09847e+16	1.64e-01	8.36e-01	3.96e-09	0.00e+00	0.00e+00	0.00e+00	0.00e+00	0.00e+00	0.00e+00	1.26e-01	2.36e-02	1.43e-02
 4.11277e+16	1.92e-01	8.08e-01	2.69e-09	0.00e+00	0.00e+00	0.00e+00	0.00e+00	0.00e+00	0.00e+00	1.48e-01	2.75e-02	1.67e-02
 4.12451e+16	2.22e-01	7.78e-01	1.88e-09	0.00e+00	0.00e+00	0.00e+00	0.00e+00	0.00e+00	0.00e+00	1.71e-01	3.16e-02	1.93e-02
 4.13489e+16	2.55e-01	7.45e-01	1.33e-09	0.00e+00	0.00e+00	0.00e+00	0.00e+00	0.00e+00	0.00e+00	1.97e-01	3.61e-02	2.21e-02
 4.14459e+16	2.95e-01	7.05e-01	9.16e-10	0.00e+00	0.00e+00	0.00e+00	0.00e+00	0.00e+00	0.00e+00	2.29e-01	4.14e-02	2.54e-02
 4.15323e+16	3.41e-01	6.59e-01	6.28e-10	0.00e+00	0.00e+00	0.00e+00	0.00e+00	0.00e+00	0.00e+00	2.65e-01	4.74e-02	2.92e-02
 4.15980e+16	3.86e-01	6.14e-01	4.52e-10	0.00e+00	0.00e+00	0.00e+00	0.00e+00	0.00e+00	0.00e+00	3.00e-01	5.29e-02	3.27e-02
 4.16417e+16	4.21e-01	5.79e-01	3.53e-10	0.00e+00	0.00e+00	0.00e+00	0.00e+00	0.00e+00	0.00e+00	3.28e-01	5.72e-02	3.55e-02
 4.16721e+16	4.48e-01	5.52e-01	2.93e-10	0.00e+00	0.00e+00	0.00e+00	0.00e+00	0.00e+00	0.00e+00	3.50e-01	6.03e-02	3.75e-02
 4.16980e+16	4.71e-01	5.29e-01	2.48e-10	0.00e+00	0.00e+00	0.00e+00	0.00e+00	0.00e+00	0.00e+00	3.69e-01	6.31e-02	3.93e-02
 4.17232e+16	4.97e-01	5.03e-01	2.09e-10	0.00e+00	0.00e+00	0.00e+00	0.00e+00	0.00e+00	0.00e+00	3.89e-01	6.59e-02	4.12e-02
 4.17474e+16	5.22e-01	4.78e-01	1.75e-10	0.00e+00	0.00e+00	0.00e+00	0.00e+00	0.00e+00	0.00e+00	4.10e-01	6.87e-02	4.31e-02
 4.17686e+16	5.46e-01	4.54e-01	1.49e-10	0.00e+00	0.00e+00	0.00e+00	0.00e+00	0.00e+00	0.00e+00	4.30e-01	7.12e-02	4.48e-02
 4.17867e+16	5.67e-01	4.33e-01	1.29e-10	0.00e+00	0.00e+00	0.00e+00	0.00e+00	0.00e+00	0.00e+00	4.48e-01	7.33e-02	4.62e-02
 4.18027e+16	5.87e-01	4.13e-01	1.13e-10	0.00e+00	0.00e+00	0.00e+00	0.00e+00	0.00e+00	0.00e+00	4.64e-01	7.52e-02	4.75e-02
 4.18153e+16	6.02e-01	3.98e-01	1.01e-10	0.00e+00	0.00e+00	0.00e+00	0.00e+00	0.00e+00	0.00e+00	4.77e-01	7.67e-02	4.85e-02
 4.18243e+16	6.14e-01	3.86e-01	9.35e-11	0.00e+00	0.00e+00	0.00e+00	0.00e+00	0.00e+00	0.00e+00	4.87e-01	7.78e-02	4.93e-02
 4.18325e+16	6.24e-01	3.76e-01	8.70e-11	0.00e+00	0.00e+00	0.00e+00	0.00e+00	0.00e+00	0.00e+00	4.96e-01	7.86e-02	4.99e-02
 4.18418e+16	6.36e-01	3.64e-01	7.95e-11	0.00e+00	0.00e+00	0.00e+00	0.00e+00	0.00e+00	0.00e+00	5.06e-01	7.98e-02	5.07e-02
 4.18517e+16	6.49e-01	3.51e-01	7.23e-11	0.00e+00	0.00e+00	0.00e+00	0.00e+00	0.00e+00	0.00e+00	5.17e-01	8.08e-02	5.15e-02
 4.18611e+16	6.62e-01	3.38e-01	6.59e-11	0.00e+00	0.00e+00	0.00e+00	0.00e+00	0.00e+00	0.00e+00	5.28e-01	8.19e-02	5.22e-02
 4.18697e+16	6.73e-01	3.27e-01	6.04e-11	0.00e+00	0.00e+00	0.00e+00	0.00e+00	0.00e+00	0.00e+00	5.38e-01	8.28e-02	5.28e-02
 4.18780e+16	6.85e-01	3.15e-01	5.55e-11	0.00e+00	0.00e+00	0.00e+00	0.00e+00	0.00e+00	0.00e+00	5.48e-01	8.36e-02	5.34e-02
 4.18863e+16	6.96e-01	3.04e-01	5.09e-11	0.00e+00	0.00e+00	0.00e+00	0.00e+00	0.00e+00	0.00e+00	5.57e-01	8.44e-02	5.40e-02
 4.18945e+16	7.07e-01	2.93e-01	4.66e-11	0.00e+00	0.00e+00	0.00e+00	0.00e+00	0.00e+00	0.00e+00	5.67e-01	8.52e-02	5.46e-02
 4.19025e+16	7.18e-01	2.82e-01	4.27e-11	0.00e+00	0.00e+00	0.00e+00	0.00e+00	0.00e+00	0.00e+00	5.77e-01	8.59e-02	5.51e-02
 4.19103e+16	7.28e-01	2.72e-01	3.91e-11	0.00e+00	0.00e+00	0.00e+00	0.00e+00	0.00e+00	0.00e+00	5.86e-01	8.65e-02	5.56e-02
 4.19179e+16	7.39e-01	2.61e-01	3.59e-11	0.00e+00	0.00e+00	0.00e+00	0.00e+00	0.00e+00	0.00e+00	5.95e-01	8.71e-02	5.61e-02
 4.19253e+16	7.49e-01	2.51e-01	3.29e-11	0.00e+00	0.00e+00	0.00e+00	0.00e+00	0.00e+00	0.00e+00	6.04e-01	8.77e-02	5.65e-02
 4.19326e+16	7.58e-01	2.42e-01	3.02e-11	0.00e+00	0.00e+00	0.00e+00	0.00e+00	0.00e+00	0.00e+00	6.13e-01	8.82e-02	5.68e-02
 4.19398e+16	7.68e-01	2.32e-01	2.77e-11	0.00e+00	0.00e+00	0.00e+00	0.00e+00	0.00e+00	0.00e+00	6.22e-01	8.86e-02	5.71e-02
 4.19468e+16	7.77e-01	2.23e-01	2.55e-11	0.00e+00	0.00e+00	0.00e+00	0.00e+00	0.00e+00	0.00e+00	6.31e-01	8.90e-02	5.73e-02
 4.19536e+16	7.86e-01	2.14e-01	2.34e-11	0.00e+00	0.00e+00	0.00e+00	0.00e+00	0.00e+00	0.00e+00	6.39e-01	8.93e-02	5.76e-02
 4.19604e+16	7.95e-01	2.05e-01	2.15e-11	0.00e+00	0.00e+00	0.00e+00	0.00e+00	0.00e+00	0.00e+00	6.47e-01	8.97e-02	5.78e-02
 4.19670e+16	8.03e-01	1.97e-01	1.98e-11	0.00e+00	0.00e+00	0.00e+00	0.00e+00	0.00e+00	0.00e+00	6.55e-01	8.99e-02	5.79e-02
 4.19735e+16	8.11e-01	1.89e-01	1.82e-11	0.00e+00	0.00e+00	0.00e+00	0.00e+00	0.00e+00	0.00e+00	6.63e-01	9.01e-02	5.80e-02
 4.19798e+16	8.19e-01	1.81e-01	1.67e-11	0.00e+00	0.00e+00	0.00e+00	0.00e+00	0.00e+00	0.00e+00	6.71e-01	9.03e-02	5.81e-02
 4.19861e+16	8.27e-01	1.73e-01	1.54e-11	0.00e+00	0.00e+00	0.00e+00	0.00e+00	0.00e+00	0.00e+00	6.78e-01	9.04e-02	5.82e-02
 4.19921e+16	8.34e-01	1.66e-01	1.42e-11	0.00e+00	0.00e+00	0.00e+00	0.00e+00	0.00e+00	0.00e+00	6.85e-01	9.06e-02	5.83e-02
 4.19980e+16	8.41e-01	1.59e-01	1.31e-11	0.00e+00	0.00e+00	0.00e+00	0.00e+00	0.00e+00	0.00e+00	6.92e-01	9.06e-02	5.83e-02
 4.20036e+16	8.48e-01	1.52e-01	1.21e-11	0.00e+00	0.00e+00	0.00e+00	0.00e+00	0.00e+00	0.00e+00	6.99e-01	9.07e-02	5.83e-02
 4.20092e+16	8.54e-01	1.46e-01	1.12e-11	0.00e+00	0.00e+00	0.00e+00	0.00e+00	0.00e+00	0.00e+00	7.05e-01	9.07e-02	5.83e-02
 4.20147e+16	8.60e-01	1.40e-01	1.04e-11	0.00e+00	0.00e+00	0.00e+00	0.00e+00	0.00e+00	0.00e+00	7.11e-01	9.07e-02	5.83e-02
 4.20200e+16	8.66e-01	1.34e-01	9.64e-12	0.00e+00	0.00e+00	0.00e+00	0.00e+00	0.00e+00	0.00e+00	7.17e-01	9.08e-02	5.82e-02
 4.20252e+16	8.71e-01	1.29e-01	8.95e-12	0.00e+00	0.00e+00	0.00e+00	0.00e+00	0.00e+00	0.00e+00	7.22e-01	9.07e-02	5.82e-02
 4.20303e+16	8.76e-01	1.24e-01	8.32e-12	0.00e+00	0.00e+00	0.00e+00	0.00e+00	0.00e+00	0.00e+00	7.27e-01	9.07e-02	5.81e-02
 4.20352e+16	8.81e-01	1.19e-01	7.73e-12	0.00e+00	0.00e+00	0.00e+00	0.00e+00	0.00e+00	0.00e+00	7.33e-01	9.07e-02	5.81e-02
 4.20401e+16	8.86e-01	1.14e-01	7.19e-12	0.00e+00	0.00e+00	0.00e+00	0.00e+00	0.00e+00	0.00e+00	7.38e-01	9.06e-02	5.80e-02
 4.20449e+16	8.91e-01	1.09e-01	6.70e-12	0.00e+00	0.00e+00	0.00e+00	0.00e+00	0.00e+00	0.00e+00	7.42e-01	9.06e-02	5.79e-02
 4.20497e+16	8.95e-01	1.05e-01	6.26e-12	0.00e+00	0.00e+00	0.00e+00	0.00e+00	0.00e+00	0.00e+00	7.47e-01	9.04e-02	5.78e-02
 4.20543e+16	9.00e-01	1.00e-01	5.81e-12	0.00e+00	0.00e+00	0.00e+00	0.00e+00	0.00e+00	0.00e+00	7.51e-01	9.05e-02	5.77e-02
 4.20589e+16	9.04e-01	9.62e-02	5.42e-12	0.00e+00	0.00e+00	0.00e+00	0.00e+00	0.00e+00	0.00e+00	7.56e-01	9.05e-02	5.76e-02
 4.20633e+16	9.08e-01	9.24e-02	5.08e-12	0.00e+00	0.00e+00	0.00e+00	0.00e+00	0.00e+00	0.00e+00	7.60e-01	9.03e-02	5.75e-02
 4.20677e+16	9.11e-01	8.87e-02	4.74e-12	0.00e+00	0.00e+00	0.00e+00	0.00e+00	0.00e+00	0.00e+00	7.64e-01	9.04e-02	5.74e-02
 4.20720e+16	9.15e-01	8.50e-02	4.42e-12	0.00e+00	0.00e+00	0.00e+00	0.00e+00	0.00e+00	0.00e+00	7.67e-01	9.04e-02	5.73e-02
 4.20762e+16	9.18e-01	8.16e-02	4.15e-12	0.00e+00	0.00e+00	0.00e+00	0.00e+00	0.00e+00	0.00e+00	7.71e-01	9.02e-02	5.72e-02
 4.20803e+16	9.22e-01	7.83e-02	3.87e-12	0.00e+00	0.00e+00	0.00e+00	0.00e+00	0.00e+00	0.00e+00	7.74e-01	9.03e-02	5.72e-02
 4.20845e+16	9.25e-01	7.51e-02	3.62e-12	0.00e+00	0.00e+00	0.00e+00	0.00e+00	0.00e+00	0.00e+00	7.78e-01	9.03e-02	5.71e-02
 4.20884e+16	9.28e-01	7.21e-02	3.40e-12	0.00e+00	0.00e+00	0.00e+00	0.00e+00	0.00e+00	0.00e+00	7.81e-01	9.02e-02	5.69e-02
 4.20924e+16	9.31e-01	6.91e-02	3.18e-12	0.00e+00	0.00e+00	0.00e+00	0.00e+00	0.00e+00	0.00e+00	7.84e-01	9.03e-02	5.69e-02
 4.20962e+16	9.34e-01	6.63e-02	2.98e-12	0.00e+00	0.00e+00	0.00e+00	0.00e+00	0.00e+00	0.00e+00	7.87e-01	9.03e-02	5.68e-02
 4.21000e+16	9.36e-01	6.37e-02	2.81e-12	0.00e+00	0.00e+00	0.00e+00	0.00e+00	0.00e+00	0.00e+00	7.89e-01	9.03e-02	5.67e-02
 4.21037e+16	9.39e-01	6.11e-02	2.62e-12	0.00e+00	0.00e+00	0.00e+00	0.00e+00	0.00e+00	0.00e+00	7.92e-01	9.04e-02	5.67e-02
 4.21074e+16	9.41e-01	5.87e-02	2.47e-12	0.00e+00	0.00e+00	0.00e+00	0.00e+00	0.00e+00	0.00e+00	7.94e-01	9.04e-02	5.66e-02
 4.21109e+16	9.44e-01	5.62e-02	2.31e-12	0.00e+00	0.00e+00	0.00e+00	0.00e+00	0.00e+00	0.00e+00	7.97e-01	9.06e-02	5.66e-02
 4.21144e+16	9.46e-01	5.39e-02	2.17e-12	0.00e+00	0.00e+00	0.00e+00	0.00e+00	0.00e+00	0.00e+00	7.99e-01	9.07e-02	5.65e-02
 4.21178e+16	9.48e-01	5.17e-02	2.04e-12	0.00e+00	0.00e+00	0.00e+00	0.00e+00	0.00e+00	0.00e+00	8.01e-01	9.09e-02	5.65e-02
 4.21211e+16	9.50e-01	4.96e-02	1.92e-12	0.00e+00	0.00e+00	0.00e+00	0.00e+00	0.00e+00	0.00e+00	8.03e-01	9.10e-02	5.64e-02
 4.21244e+16	9.52e-01	4.76e-02	1.80e-12	0.00e+00	0.00e+00	0.00e+00	0.00e+00	0.00e+00	0.00e+00	8.05e-01	9.13e-02	5.64e-02
 4.21276e+16	9.54e-01	4.57e-02	1.69e-12	0.00e+00	0.00e+00	0.00e+00	0.00e+00	0.00e+00	0.00e+00	8.06e-01	9.15e-02	5.64e-02
 4.21307e+16	9.56e-01	4.38e-02	1.59e-12	0.00e+00	0.00e+00	0.00e+00	0.00e+00	0.00e+00	0.00e+00	8.08e-01	9.18e-02	5.64e-02
 4.21337e+16	9.58e-01	4.20e-02	1.50e-12	0.00e+00	0.00e+00	0.00e+00	0.00e+00	0.00e+00	0.00e+00	8.09e-01	9.21e-02	5.65e-02
 4.21366e+16	9.60e-01	4.03e-02	1.41e-12	0.00e+00	0.00e+00	0.00e+00	0.00e+00	0.00e+00	0.00e+00	8.11e-01	9.24e-02	5.65e-02
 4.21393e+16	9.61e-01	3.87e-02	1.33e-12	0.00e+00	0.00e+00	0.00e+00	0.00e+00	0.00e+00	0.00e+00	8.12e-01	9.28e-02	5.65e-02
 4.21419e+16	9.63e-01	3.73e-02	1.26e-12	0.00e+00	0.00e+00	0.00e+00	0.00e+00	0.00e+00	0.00e+00	8.13e-01	9.31e-02	5.66e-02
 4.21442e+16	9.64e-01	3.59e-02	1.20e-12	0.00e+00	0.00e+00	0.00e+00	0.00e+00	0.00e+00	0.00e+00	8.14e-01	9.35e-02	5.66e-02
 4.21464e+16	9.65e-01	3.47e-02	1.14e-12	0.00e+00	0.00e+00	0.00e+00	0.00e+00	0.00e+00	0.00e+00	8.15e-01	9.39e-02	5.67e-02
 4.21485e+16	9.67e-01	3.35e-02	1.08e-12	0.00e+00	0.00e+00	0.00e+00	0.00e+00	0.00e+00	0.00e+00	8.15e-01	9.43e-02	5.68e-02
 4.21505e+16	9.68e-01	3.24e-02	1.03e-12	0.00e+00	0.00e+00	0.00e+00	0.00e+00	0.00e+00	0.00e+00	8.16e-01	9.48e-02	5.69e-02
 4.21524e+16	9.69e-01	3.13e-02	9.81e-13	0.00e+00	0.00e+00	0.00e+00	0.00e+00	0.00e+00	0.00e+00	8.16e-01	9.53e-02	5.70e-02
 4.21541e+16	9.70e-01	3.03e-02	9.37e-13	0.00e+00	0.00e+00	0.00e+00	0.00e+00	0.00e+00	0.00e+00	8.17e-01	9.57e-02	5.71e-02
 4.21557e+16	9.71e-01	2.94e-02	8.97e-13	0.00e+00	0.00e+00	0.00e+00	0.00e+00	0.00e+00	0.00e+00	8.17e-01	9.62e-02	5.72e-02
 4.21572e+16	9.71e-01	2.85e-02	8.59e-13	0.00e+00	0.00e+00	0.00e+00	0.00e+00	0.00e+00	0.00e+00	8.17e-01	9.68e-02	5.73e-02
 4.21587e+16	9.72e-01	2.77e-02	8.24e-13	0.00e+00	0.00e+00	0.00e+00	0.00e+00	0.00e+00	0.00e+00	8.18e-01	9.73e-02	5.74e-02
 4.21600e+16	9.73e-01	2.69e-02	7.91e-13	0.00e+00	0.00e+00	0.00e+00	0.00e+00	0.00e+00	0.00e+00	8.18e-01	9.79e-02	5.75e-02
 4.21612e+16	9.74e-01	2.62e-02	7.60e-13	0.00e+00	0.00e+00	0.00e+00	0.00e+00	0.00e+00	0.00e+00	8.18e-01	9.84e-02	5.77e-02
 4.21624e+16	9.75e-01	2.55e-02	7.31e-13	0.00e+00	0.00e+00	0.00e+00	0.00e+00	0.00e+00	0.00e+00	8.18e-01	9.90e-02	5.78e-02
 4.21635e+16	9.75e-01	2.48e-02	7.04e-13	0.00e+00	0.00e+00	0.00e+00	0.00e+00	0.00e+00	0.00e+00	8.18e-01	9.96e-02	5.79e-02
 4.21646e+16	9.76e-01	2.42e-02	6.78e-13	0.00e+00	0.00e+00	0.00e+00	0.00e+00	0.00e+00	0.00e+00	8.17e-01	1.00e-01	5.81e-02
 4.21656e+16	9.76e-01	2.36e-02	6.53e-13	0.00e+00	0.00e+00	0.00e+00	0.00e+00	0.00e+00	0.00e+00	8.17e-01	1.01e-01	5.82e-02
 4.21665e+16	9.77e-01	2.30e-02	6.30e-13	0.00e+00	0.00e+00	0.00e+00	0.00e+00	0.00e+00	0.00e+00	8.17e-01	1.02e-01	5.84e-02
 4.21674e+16	9.78e-01	2.24e-02	6.07e-13	0.00e+00	0.00e+00	0.00e+00	0.00e+00	0.00e+00	0.00e+00	8.17e-01	1.02e-01	5.86e-02
 4.21682e+16	9.78e-01	2.18e-02	5.85e-13	0.00e+00	0.00e+00	0.00e+00	0.00e+00	0.00e+00	0.00e+00	8.16e-01	1.03e-01	5.88e-02
 4.21690e+16	9.79e-01	2.13e-02	5.64e-13	0.00e+00	0.00e+00	0.00e+00	0.00e+00	0.00e+00	0.00e+00	8.16e-01	1.04e-01	5.89e-02
 4.21698e+16	9.79e-01	2.08e-02	5.44e-13	0.00e+00	0.00e+00	0.00e+00	0.00e+00	0.00e+00	0.00e+00	8.16e-01	1.05e-01	5.91e-02
 4.21705e+16	9.80e-01	2.02e-02	5.23e-13	0.00e+00	0.00e+00	0.00e+00	0.00e+00	0.00e+00	0.00e+00	8.15e-01	1.05e-01	5.93e-02
 4.21712e+16	9.80e-01	1.97e-02	5.04e-13	0.00e+00	0.00e+00	0.00e+00	0.00e+00	0.00e+00	0.00e+00	8.14e-01	1.06e-01	5.95e-02
 4.21719e+16	9.81e-01	1.92e-02	4.85e-13	0.00e+00	0.00e+00	0.00e+00	0.00e+00	0.00e+00	0.00e+00	8.14e-01	1.07e-01	5.98e-02
 4.21725e+16	9.81e-01	1.87e-02	4.65e-13	0.00e+00	0.00e+00	0.00e+00	0.00e+00	0.00e+00	0.00e+00	8.13e-01	1.08e-01	6.00e-02
 4.21732e+16	9.82e-01	1.81e-02	4.45e-13	0.00e+00	0.00e+00	0.00e+00	0.00e+00	0.00e+00	0.00e+00	8.12e-01	1.09e-01	6.03e-02
 4.21738e+16	9.82e-01	1.76e-02	4.25e-13	0.00e+00	0.00e+00	0.00e+00	0.00e+00	0.00e+00	0.00e+00	8.11e-01	1.11e-01	6.06e-02
 4.21744e+16	9.83e-01	1.70e-02	4.05e-13	0.00e+00	0.00e+00	0.00e+00	0.00e+00	0.00e+00	0.00e+00	8.10e-01	1.12e-01	6.09e-02
 4.21750e+16	9.84e-01	1.64e-02	3.84e-13	0.00e+00	0.00e+00	0.00e+00	0.00e+00	0.00e+00	0.00e+00	8.09e-01	1.14e-01	6.12e-02
 4.21756e+16	9.84e-01	1.58e-02	3.63e-13	0.00e+00	0.00e+00	0.00e+00	0.00e+00	0.00e+00	0.00e+00	8.07e-01	1.15e-01	6.16e-02
 4.21762e+16	9.85e-01	1.51e-02	3.37e-13	0.00e+00	0.00e+00	0.00e+00	0.00e+00	0.00e+00	0.00e+00	8.05e-01	1.18e-01	6.21e-02
 4.21767e+16	9.86e-01	1.44e-02	3.14e-13	0.00e+00	0.00e+00	0.00e+00	0.00e+00	0.00e+00	0.00e+00	8.03e-01	1.20e-01	6.26e-02
 4.21772e+16	9.86e-01	1.38e-02	2.93e-13	0.00e+00	0.00e+00	0.00e+00	0.00e+00	0.00e+00	0.00e+00	8.01e-01	1.22e-01	6.30e-02
 4.21776e+16	9.87e-01	1.32e-02	2.73e-13	0.00e+00	0.00e+00	0.00e+00	0.00e+00	0.00e+00	0.00e+00	7.99e-01	1.24e-01	6.35e-02
 4.21780e+16	9.88e-01	1.25e-02	2.50e-13	0.00e+00	0.00e+00	0.00e+00	0.00e+00	0.00e+00	0.00e+00	7.96e-01	1.27e-01	6.40e-02
 4.21784e+16	9.88e-01	1.17e-02	2.26e-13	0.00e+00	0.00e+00	0.00e+00	0.00e+00	0.00e+00	0.00e+00	7.93e-01	1.30e-01	6.47e-02
 4.21789e+16	9.89e-01	1.09e-02	2.01e-13	0.00e+00	0.00e+00	0.00e+00	0.00e+00	0.00e+00	0.00e+00	7.89e-01	1.34e-01	6.54e-02
 4.21793e+16	9.90e-01	1.01e-02	1.76e-13	0.00e+00	0.00e+00	0.00e+00	0.00e+00	0.00e+00	0.00e+00	7.85e-01	1.38e-01	6.61e-02
 4.21797e+16	9.91e-01	9.21e-03	1.50e-13	0.00e+00	0.00e+00	0.00e+00	0.00e+00	0.00e+00	0.00e+00	7.81e-01	1.43e-01	6.68e-02
 4.21801e+16	9.92e-01	8.45e-03	1.29e-13	0.00e+00	0.00e+00	0.00e+00	0.00e+00	0.00e+00	0.00e+00	7.76e-01	1.48e-01	6.75e-02
 4.21805e+16	9.92e-01	7.74e-03	1.11e-13	0.00e+00	0.00e+00	0.00e+00	0.00e+00	0.00e+00	0.00e+00	7.72e-01	1.52e-01	6.80e-02
 4.21810e+16	9.93e-01	7.03e-03	9.34e-14	0.00e+00	0.00e+00	0.00e+00	0.00e+00	0.00e+00	0.00e+00	7.68e-01	1.57e-01	6.85e-02
