#depth	H	H+	H2
 3.59165e+11	9.66e-04	9.99e-01	7.37e-14
 2.15499e+12	9.65e-04	9.99e-01	7.37e-14
 9.33828e+12	9.65e-04	9.99e-01	7.37e-14
 3.80715e+13	9.66e-04	9.99e-01	7.41e-14
 9.09405e+13	9.60e-04	9.99e-01	7.42e-14
 1.59670e+14	9.56e-04	9.99e-01	7.45e-14
 2.49019e+14	9.53e-04	9.99e-01	7.51e-14
 3.65172e+14	9.50e-04	9.99e-01	7.58e-14
 5.16172e+14	9.48e-04	9.99e-01	7.70e-14
 7.12471e+14	9.48e-04	9.99e-01	7.86e-14
 9.67659e+14	9.51e-04	9.99e-01	8.09e-14
 1.29940e+15	9.59e-04	9.99e-01	8.41e-14
 1.73067e+15	9.72e-04	9.99e-01	8.87e-14
 2.29132e+15	9.95e-04	9.99e-01	9.52e-14
 3.02017e+15	1.03e-03	9.99e-01	1.05e-13
 3.96767e+15	1.09e-03	9.99e-01	1.18e-13
 5.19941e+15	1.18e-03	9.99e-01	1.38e-13
 6.68978e+15	1.32e-03	9.99e-01	1.66e-13
 8.27811e+15	1.49e-03	9.99e-01	2.00e-13
 9.86644e+15	1.70e-03	9.98e-01	2.41e-13
 1.10434e+16	1.88e-03	9.98e-01	2.80e-13
 1.16937e+16	2.00e-03	9.98e-01	3.04e-13
 1.23091e+16	2.13e-03	9.98e-01	3.25e-13
 1.31092e+16	2.32e-03	9.98e-01	3.55e-13
 1.39436e+16	2.53e-03	9.97e-01	3.91e-13
 1.46348e+16	2.73e-03	9.97e-01	4.25e-13
 1.52404e+16	2.92e-03	9.97e-01	4.56e-13
 1.59224e+16	3.16e-03	9.97e-01	4.90e-13
 1.66444e+16	3.45e-03	9.97e-01	5.34e-13
 1.72554e+16	3.72e-03	9.96e-01	5.77e-13
 1.77887e+16	3.99e-03	9.96e-01	6.14e-13
 1.83841e+16	4.32e-03	9.96e-01	6.56e-13
 1.90195e+16	4.72e-03	9.95e-01	7.14e-13
 1.95619e+16	5.11e-03	9.95e-01	7.70e-13
 2.00342e+16	5.48e-03	9.95e-01	8.20e-13
 2.05601e+16	5.95e-03	9.94e-01	8.79e-13
 2.11241e+16	6.52e-03	9.93e-01	9.55e-13
 2.16097e+16	7.08e-03	9.93e-01	1.03e-12
 2.20337e+16	7.65e-03	9.92e-01	1.11e-12
 2.25054e+16	8.34e-03	9.92e-01	1.19e-12
 2.30120e+16	9.19e-03	9.91e-01	1.30e-12
 2.34490e+16	1.01e-02	9.90e-01	1.43e-12
 2.38282e+16	1.09e-02	9.89e-01	1.55e-12
 2.42471e+16	1.20e-02	9.88e-01	1.68e-12
 2.46927e+16	1.34e-02	9.87e-01	1.87e-12
 2.50633e+16	1.48e-02	9.85e-01	2.06e-12
 2.53697e+16	1.61e-02	9.84e-01	2.23e-12
 2.57028e+16	1.77e-02	9.82e-01	2.45e-12
 2.60612e+16	1.98e-02	9.80e-01	2.74e-12
 2.63660e+16	2.19e-02	9.78e-01	3.05e-12
 2.66214e+16	2.40e-02	9.76e-01	3.34e-12
 2.68989e+16	2.67e-02	9.73e-01	3.73e-12
 2.71948e+16	3.02e-02	9.70e-01	4.24e-12
 2.74444e+16	3.37e-02	9.66e-01	4.77e-12
 2.76550e+16	3.73e-02	9.63e-01	5.31e-12
 2.78849e+16	4.20e-02	9.58e-01	6.03e-12
 2.81323e+16	4.83e-02	9.52e-01	7.02e-12
 2.83435e+16	5.51e-02	9.45e-01	8.10e-12
 2.85216e+16	6.20e-02	9.38e-01	9.23e-12
 2.87153e+16	7.12e-02	9.29e-01	1.08e-11
 2.89254e+16	8.39e-02	9.16e-01	1.30e-11
 2.90827e+16	9.60e-02	9.04e-01	1.51e-11
 2.91787e+16	1.05e-01	8.95e-01	1.68e-11
 2.92695e+16	1.14e-01	8.86e-01	1.86e-11
 2.93876e+16	1.28e-01	8.72e-01	2.13e-11
 2.95057e+16	1.45e-01	8.55e-01	2.46e-11
 2.95939e+16	1.60e-01	8.40e-01	2.77e-11
 2.96635e+16	1.72e-01	8.28e-01	3.04e-11
 2.97391e+16	1.87e-01	8.13e-01	3.38e-11
 2.98225e+16	2.06e-01	7.94e-01	3.82e-11
 2.98971e+16	2.25e-01	7.75e-01	4.28e-11
 2.99620e+16	2.43e-01	7.57e-01	4.72e-11
 3.00331e+16	2.65e-01	7.35e-01	5.30e-11
 3.01081e+16	2.90e-01	7.10e-01	5.99e-11
 3.01710e+16	3.13e-01	6.87e-01	6.67e-11
 3.02257e+16	3.33e-01	6.67e-01	7.30e-11
 3.02865e+16	3.58e-01	6.42e-01	8.13e-11
 3.03526e+16	3.87e-01	6.13e-01	9.14e-11
 3.04112e+16	4.14e-01	5.86e-01	1.02e-10
 3.04632e+16	4.38e-01	5.62e-01	1.11e-10
 3.05125e+16	4.62e-01	5.38e-01	1.22e-10
 3.05610e+16	4.86e-01	5.14e-01	1.33e-10
 3.06091e+16	5.10e-01	4.90e-01	1.45e-10
 3.06535e+16	5.33e-01	4.67e-01	1.58e-10
 3.06855e+16	5.49e-01	4.51e-01	1.67e-10
 3.07067e+16	5.59e-01	4.41e-01	1.73e-10
 3.07284e+16	5.70e-01	4.30e-01	1.80e-10
 3.07544e+16	5.83e-01	4.17e-01	1.90e-10
 3.07809e+16	5.96e-01	4.04e-01	1.99e-10
 3.08058e+16	6.09e-01	3.91e-01	2.08e-10
 3.08295e+16	6.21e-01	3.79e-01	2.17e-10
 3.08532e+16	6.33e-01	3.67e-01	2.27e-10
 3.08774e+16	6.45e-01	3.55e-01	2.38e-10
 3.09011e+16	6.57e-01	3.43e-01	2.49e-10
 3.09243e+16	6.68e-01	3.32e-01	2.60e-10
 3.09477e+16	6.80e-01	3.20e-01	2.72e-10
 3.09710e+16	6.91e-01	3.09e-01	2.84e-10
 3.09940e+16	7.02e-01	2.98e-01	2.97e-10
 3.10169e+16	7.12e-01	2.88e-01	3.09e-10
 3.10398e+16	7.23e-01	2.77e-01	3.24e-10
 3.10627e+16	7.33e-01	2.67e-01	3.39e-10
 3.10851e+16	7.43e-01	2.57e-01	3.54e-10
 3.11073e+16	7.52e-01	2.48e-01	3.68e-10
 3.11297e+16	7.62e-01	2.38e-01	3.86e-10
 3.11521e+16	7.71e-01	2.29e-01	4.02e-10
 3.11742e+16	7.80e-01	2.20e-01	4.21e-10
 3.11963e+16	7.89e-01	2.11e-01	4.40e-10
 3.12180e+16	7.98e-01	2.02e-01	4.60e-10
 3.12395e+16	8.06e-01	1.94e-01	4.80e-10
 3.12614e+16	8.14e-01	1.86e-01	5.03e-10
 3.12830e+16	8.21e-01	1.79e-01	5.24e-10
 3.13041e+16	8.29e-01	1.71e-01	5.49e-10
 3.13251e+16	8.36e-01	1.64e-01	5.74e-10
 3.13463e+16	8.43e-01	1.57e-01	6.00e-10
 3.13673e+16	8.49e-01	1.51e-01	6.28e-10
 3.13878e+16	8.56e-01	1.44e-01	6.57e-10
 3.14078e+16	8.61e-01	1.39e-01	6.87e-10
 3.14276e+16	8.67e-01	1.33e-01	7.18e-10
 3.14474e+16	8.73e-01	1.27e-01	7.51e-10
 3.14669e+16	8.78e-01	1.22e-01	7.85e-10
 3.14860e+16	8.83e-01	1.17e-01	8.21e-10
 3.15049e+16	8.87e-01	1.13e-01	8.58e-10
 3.15235e+16	8.92e-01	1.08e-01	8.97e-10
 3.15421e+16	8.96e-01	1.04e-01	9.38e-10
 3.15604e+16	9.01e-01	9.95e-02	9.85e-10
 3.15783e+16	9.04e-01	9.55e-02	1.03e-09
 3.15961e+16	9.08e-01	9.19e-02	1.07e-09
 3.16139e+16	9.12e-01	8.82e-02	1.13e-09
 3.16316e+16	9.15e-01	8.46e-02	1.18e-09
 3.16490e+16	9.19e-01	8.13e-02	1.24e-09
 3.16662e+16	9.22e-01	7.81e-02	1.31e-09
 3.16831e+16	9.25e-01	7.51e-02	1.36e-09
 3.16999e+16	9.28e-01	7.22e-02	1.44e-09
 3.17168e+16	9.31e-01	6.93e-02	1.51e-09
 3.17332e+16	9.33e-01	6.66e-02	1.59e-09
 3.17495e+16	9.36e-01	6.42e-02	1.66e-09
 3.17661e+16	9.38e-01	6.16e-02	1.76e-09
 3.17826e+16	9.41e-01	5.92e-02	1.86e-09
 3.17986e+16	9.43e-01	5.69e-02	1.96e-09
 3.18142e+16	9.45e-01	5.48e-02	2.06e-09
 3.18301e+16	9.47e-01	5.27e-02	2.18e-09
 3.18461e+16	9.49e-01	5.06e-02	2.32e-09
 3.18615e+16	9.51e-01	4.87e-02	2.46e-09
 3.18768e+16	9.53e-01	4.69e-02	2.58e-09
 3.18922e+16	9.55e-01	4.51e-02	2.76e-09
 3.19076e+16	9.57e-01	4.33e-02	2.94e-09
 3.19227e+16	9.58e-01	4.17e-02	3.15e-09
 3.19376e+16	9.60e-01	4.00e-02	3.37e-09
 3.19528e+16	9.62e-01	3.84e-02	3.61e-09
 3.19682e+16	9.63e-01	3.69e-02	3.87e-09
 3.19829e+16	9.65e-01	3.54e-02	4.17e-09
 3.19973e+16	9.66e-01	3.42e-02	4.48e-09
 3.20112e+16	9.67e-01	3.29e-02	4.84e-09
 3.20250e+16	9.68e-01	3.17e-02	5.25e-09
 3.20393e+16	9.70e-01	3.04e-02	5.77e-09
 3.20535e+16	9.71e-01	2.92e-02	6.34e-09
 3.20673e+16	9.72e-01	2.80e-02	6.97e-09
 3.20806e+16	9.73e-01	2.70e-02	7.70e-09
 3.20940e+16	9.74e-01	2.59e-02	8.58e-09
 3.21073e+16	9.75e-01	2.49e-02	9.59e-09
 3.21201e+16	9.76e-01	2.39e-02	1.08e-08
 3.21320e+16	9.77e-01	2.30e-02	1.21e-08
 3.21426e+16	9.78e-01	2.23e-02	1.36e-08
 3.21525e+16	9.78e-01	2.16e-02	1.51e-08
 3.21620e+16	9.79e-01	2.10e-02	1.70e-08
 3.21711e+16	9.80e-01	2.04e-02	1.89e-08
 3.21795e+16	9.80e-01	1.98e-02	2.11e-08
 3.21877e+16	9.81e-01	1.92e-02	2.36e-08
 3.21954e+16	9.81e-01	1.87e-02	2.63e-08
 3.22028e+16	9.82e-01	1.82e-02	2.94e-08
 3.22100e+16	9.82e-01	1.78e-02	3.27e-08
 3.22170e+16	9.83e-01	1.73e-02	3.64e-08
 3.22239e+16	9.83e-01	1.69e-02	4.05e-08
 3.22308e+16	9.84e-01	1.64e-02	4.50e-08
 3.22376e+16	9.84e-01	1.59e-02	4.98e-08
 3.22445e+16	9.85e-01	1.55e-02	5.51e-08
 3.22516e+16	9.85e-01	1.50e-02	6.06e-08
 3.22586e+16	9.85e-01	1.45e-02	6.58e-08
 3.22648e+16	9.86e-01	1.41e-02	7.00e-08
 3.22704e+16	9.86e-01	1.37e-02	7.34e-08
 3.22755e+16	9.87e-01	1.34e-02	7.62e-08
 3.22803e+16	9.87e-01	1.31e-02	7.85e-08
 3.22851e+16	9.87e-01	1.27e-02	8.06e-08
 3.22895e+16	9.88e-01	1.24e-02	8.24e-08
 3.22937e+16	9.88e-01	1.22e-02	8.40e-08
 3.22975e+16	9.88e-01	1.19e-02	8.53e-08
 3.23010e+16	9.88e-01	1.17e-02	8.66e-08
 3.23042e+16	9.89e-01	1.15e-02	8.77e-08
 3.23071e+16	9.89e-01	1.13e-02	8.87e-08
 3.23097e+16	9.89e-01	1.11e-02	8.97e-08
 3.23121e+16	9.89e-01	1.10e-02	9.06e-08
 3.23147e+16	9.89e-01	1.08e-02	9.17e-08
 3.23175e+16	9.89e-01	1.06e-02	9.29e-08
 3.23201e+16	9.90e-01	1.04e-02	9.41e-08
 3.23224e+16	9.90e-01	1.03e-02	9.51e-08
 3.23250e+16	9.90e-01	1.01e-02	9.64e-08
 3.23278e+16	9.90e-01	9.97e-03	9.78e-08
