#depth	O	O+	O+2	O+3	O+4	O+5	O+6	O+7	O+8	O[1]	O[2]	O[3]
 3.59165e+11	9.35e-06	1.61e-02	9.81e-01	3.08e-03	0.00e+00	0.00e+00	0.00e+00	0.00e+00	0.00e+00	6.32e-06	2.08e-06	9.45e-07
 2.15499e+12	9.34e-06	1.61e-02	9.81e-01	3.07e-03	0.00e+00	0.00e+00	0.00e+00	0.00e+00	0.00e+00	6.31e-06	2.08e-06	9.44e-07
 9.33828e+12	9.34e-06	1.61e-02	9.81e-01	3.02e-03	0.00e+00	0.00e+00	0.00e+00	0.00e+00	0.00e+00	6.31e-06	2.08e-06	9.45e-07
 3.80715e+13	9.38e-06	1.61e-02	9.81e-01	2.85e-03	0.00e+00	0.00e+00	0.00e+00	0.00e+00	0.00e+00	6.34e-06	2.09e-06	9.50e-07
 9.09405e+13	9.37e-06	1.62e-02	9.81e-01	2.62e-03	0.00e+00	0.00e+00	0.00e+00	0.00e+00	0.00e+00	6.33e-06	2.09e-06	9.50e-07
 1.59670e+14	9.40e-06	1.62e-02	9.81e-01	2.34e-03	0.00e+00	0.00e+00	0.00e+00	0.00e+00	0.00e+00	6.35e-06	2.10e-06	9.53e-07
 2.49019e+14	9.45e-06	1.63e-02	9.82e-01	2.02e-03	0.00e+00	0.00e+00	0.00e+00	0.00e+00	0.00e+00	6.39e-06	2.11e-06	9.59e-07
 3.65172e+14	9.54e-06	1.64e-02	9.82e-01	1.66e-03	0.00e+00	0.00e+00	0.00e+00	0.00e+00	0.00e+00	6.44e-06	2.13e-06	9.67e-07
 5.16172e+14	9.68e-06	1.66e-02	9.82e-01	1.28e-03	0.00e+00	0.00e+00	0.00e+00	0.00e+00	0.00e+00	6.54e-06	2.16e-06	9.81e-07
 7.12471e+14	9.88e-06	1.68e-02	9.82e-01	9.05e-04	0.00e+00	0.00e+00	0.00e+00	0.00e+00	0.00e+00	6.67e-06	2.20e-06	1.00e-06
 9.67659e+14	1.02e-05	1.71e-02	9.82e-01	5.78e-04	0.00e+00	0.00e+00	0.00e+00	0.00e+00	0.00e+00	6.87e-06	2.26e-06	1.03e-06
 1.29940e+15	1.06e-05	1.74e-02	9.82e-01	3.25e-04	0.00e+00	0.00e+00	0.00e+00	0.00e+00	0.00e+00	7.16e-06	2.36e-06	1.08e-06
 1.73067e+15	1.12e-05	1.79e-02	9.82e-01	1.56e-04	0.00e+00	0.00e+00	0.00e+00	0.00e+00	0.00e+00	7.59e-06	2.49e-06	1.14e-06
 2.29132e+15	1.21e-05	1.86e-02	9.81e-01	6.38e-05	0.00e+00	0.00e+00	0.00e+00	0.00e+00	0.00e+00	8.21e-06	2.70e-06	1.23e-06
 3.02017e+15	1.35e-05	1.95e-02	9.80e-01	2.30e-05	0.00e+00	0.00e+00	0.00e+00	0.00e+00	0.00e+00	9.15e-06	3.00e-06	1.37e-06
 3.96767e+15	1.57e-05	2.08e-02	9.79e-01	8.89e-06	0.00e+00	0.00e+00	0.00e+00	0.00e+00	0.00e+00	1.06e-05	3.47e-06	1.59e-06
 5.19941e+15	1.92e-05	2.26e-02	9.77e-01	4.84e-06	0.00e+00	0.00e+00	0.00e+00	0.00e+00	0.00e+00	1.30e-05	4.24e-06	1.95e-06
 6.68978e+15	2.45e-05	2.50e-02	9.75e-01	3.54e-06	0.00e+00	0.00e+00	0.00e+00	0.00e+00	0.00e+00	1.66e-05	5.42e-06	2.49e-06
 8.27811e+15	3.21e-05	2.79e-02	9.72e-01	2.88e-06	0.00e+00	0.00e+00	0.00e+00	0.00e+00	0.00e+00	2.18e-05	7.10e-06	3.26e-06
 9.86644e+15	4.29e-05	3.13e-02	9.69e-01	2.42e-06	0.00e+00	0.00e+00	0.00e+00	0.00e+00	0.00e+00	2.90e-05	9.47e-06	4.35e-06
 1.10434e+16	5.27e-05	3.40e-02	9.66e-01	2.16e-06	0.00e+00	0.00e+00	0.00e+00	0.00e+00	0.00e+00	3.57e-05	1.17e-05	5.35e-06
 1.16937e+16	5.99e-05	3.58e-02	9.64e-01	2.02e-06	0.00e+00	0.00e+00	0.00e+00	0.00e+00	0.00e+00	4.05e-05	1.32e-05	6.07e-06
 1.23091e+16	6.81e-05	3.77e-02	9.62e-01	1.92e-06	0.00e+00	0.00e+00	0.00e+00	0.00e+00	0.00e+00	4.61e-05	1.51e-05	6.91e-06
 1.31092e+16	8.08e-05	4.04e-02	9.60e-01	1.78e-06	0.00e+00	0.00e+00	0.00e+00	0.00e+00	0.00e+00	5.47e-05	1.79e-05	8.20e-06
 1.39436e+16	9.66e-05	4.34e-02	9.56e-01	1.66e-06	0.00e+00	0.00e+00	0.00e+00	0.00e+00	0.00e+00	6.54e-05	2.14e-05	9.80e-06
 1.46348e+16	1.13e-04	4.62e-02	9.54e-01	1.55e-06	0.00e+00	0.00e+00	0.00e+00	0.00e+00	0.00e+00	7.62e-05	2.50e-05	1.14e-05
 1.52404e+16	1.30e-04	4.90e-02	9.51e-01	1.47e-06	0.00e+00	0.00e+00	0.00e+00	0.00e+00	0.00e+00	8.77e-05	2.88e-05	1.31e-05
 1.59224e+16	1.53e-04	5.26e-02	9.47e-01	1.38e-06	0.00e+00	0.00e+00	0.00e+00	0.00e+00	0.00e+00	1.04e-04	3.41e-05	1.55e-05
 1.66444e+16	1.83e-04	5.67e-02	9.43e-01	1.30e-06	0.00e+00	0.00e+00	0.00e+00	0.00e+00	0.00e+00	1.24e-04	4.08e-05	1.86e-05
 1.72554e+16	2.15e-04	6.07e-02	9.39e-01	1.22e-06	0.00e+00	0.00e+00	0.00e+00	0.00e+00	0.00e+00	1.45e-04	4.78e-05	2.17e-05
 1.77887e+16	2.48e-04	6.46e-02	9.35e-01	1.16e-06	0.00e+00	0.00e+00	0.00e+00	0.00e+00	0.00e+00	1.67e-04	5.53e-05	2.51e-05
 1.83841e+16	2.93e-04	6.96e-02	9.30e-01	1.10e-06	0.00e+00	0.00e+00	0.00e+00	0.00e+00	0.00e+00	1.98e-04	6.55e-05	2.97e-05
 1.90195e+16	3.53e-04	7.56e-02	9.24e-01	1.03e-06	0.00e+00	0.00e+00	0.00e+00	0.00e+00	0.00e+00	2.38e-04	7.90e-05	3.57e-05
 1.95619e+16	4.17e-04	8.15e-02	9.18e-01	9.65e-07	0.00e+00	0.00e+00	0.00e+00	0.00e+00	0.00e+00	2.81e-04	9.34e-05	4.22e-05
 2.00342e+16	4.84e-04	8.72e-02	9.12e-01	9.12e-07	0.00e+00	0.00e+00	0.00e+00	0.00e+00	0.00e+00	3.26e-04	1.09e-04	4.90e-05
 2.05601e+16	5.78e-04	9.47e-02	9.05e-01	8.53e-07	0.00e+00	0.00e+00	0.00e+00	0.00e+00	0.00e+00	3.89e-04	1.30e-04	5.84e-05
 2.11241e+16	7.03e-04	1.04e-01	8.96e-01	7.89e-07	0.00e+00	0.00e+00	0.00e+00	0.00e+00	0.00e+00	4.73e-04	1.58e-04	7.10e-05
 2.16097e+16	8.38e-04	1.13e-01	8.87e-01	7.35e-07	0.00e+00	0.00e+00	0.00e+00	0.00e+00	0.00e+00	5.64e-04	1.89e-04	8.47e-05
 2.20337e+16	9.89e-04	1.22e-01	8.77e-01	6.85e-07	0.00e+00	0.00e+00	0.00e+00	0.00e+00	0.00e+00	6.65e-04	2.23e-04	9.98e-05
 2.25054e+16	1.19e-03	1.33e-01	8.66e-01	6.31e-07	0.00e+00	0.00e+00	0.00e+00	0.00e+00	0.00e+00	8.03e-04	2.70e-04	1.20e-04
 2.30120e+16	1.47e-03	1.47e-01	8.51e-01	5.72e-07	0.00e+00	0.00e+00	0.00e+00	0.00e+00	0.00e+00	9.92e-04	3.33e-04	1.49e-04
 2.34490e+16	1.79e-03	1.62e-01	8.36e-01	5.17e-07	0.00e+00	0.00e+00	0.00e+00	0.00e+00	0.00e+00	1.21e-03	4.05e-04	1.81e-04
 2.38282e+16	2.14e-03	1.76e-01	8.21e-01	4.74e-07	0.00e+00	0.00e+00	0.00e+00	0.00e+00	0.00e+00	1.44e-03	4.83e-04	2.15e-04
 2.42471e+16	2.62e-03	1.95e-01	8.03e-01	4.24e-07	0.00e+00	0.00e+00	0.00e+00	0.00e+00	0.00e+00	1.77e-03	5.92e-04	2.64e-04
 2.46927e+16	3.30e-03	2.18e-01	7.79e-01	3.71e-07	0.00e+00	0.00e+00	0.00e+00	0.00e+00	0.00e+00	2.22e-03	7.45e-04	3.32e-04
 2.50633e+16	4.04e-03	2.40e-01	7.56e-01	3.30e-07	0.00e+00	0.00e+00	0.00e+00	0.00e+00	0.00e+00	2.72e-03	9.11e-04	4.06e-04
 2.53697e+16	4.80e-03	2.60e-01	7.35e-01	2.94e-07	0.00e+00	0.00e+00	0.00e+00	0.00e+00	0.00e+00	3.24e-03	1.08e-03	4.82e-04
 2.57028e+16	5.87e-03	2.86e-01	7.08e-01	2.57e-07	0.00e+00	0.00e+00	0.00e+00	0.00e+00	0.00e+00	3.95e-03	1.32e-03	5.88e-04
 2.60612e+16	7.35e-03	3.17e-01	6.75e-01	2.17e-07	0.00e+00	0.00e+00	0.00e+00	0.00e+00	0.00e+00	4.95e-03	1.66e-03	7.36e-04
 2.63660e+16	8.99e-03	3.48e-01	6.43e-01	1.86e-07	0.00e+00	0.00e+00	0.00e+00	0.00e+00	0.00e+00	6.06e-03	2.02e-03	9.00e-04
 2.66214e+16	1.07e-02	3.76e-01	6.13e-01	1.60e-07	0.00e+00	0.00e+00	0.00e+00	0.00e+00	0.00e+00	7.24e-03	2.41e-03	1.07e-03
 2.68989e+16	1.32e-02	4.11e-01	5.76e-01	1.33e-07	0.00e+00	0.00e+00	0.00e+00	0.00e+00	0.00e+00	8.87e-03	2.96e-03	1.31e-03
 2.71948e+16	1.65e-02	4.51e-01	5.32e-01	0.00e+00	0.00e+00	0.00e+00	0.00e+00	0.00e+00	0.00e+00	1.11e-02	3.70e-03	1.64e-03
 2.74444e+16	2.01e-02	4.89e-01	4.91e-01	0.00e+00	0.00e+00	0.00e+00	0.00e+00	0.00e+00	0.00e+00	1.36e-02	4.51e-03	2.01e-03
 2.76550e+16	2.40e-02	5.23e-01	4.53e-01	0.00e+00	0.00e+00	0.00e+00	0.00e+00	0.00e+00	0.00e+00	1.62e-02	5.37e-03	2.39e-03
 2.78849e+16	2.93e-02	5.62e-01	4.09e-01	0.00e+00	0.00e+00	0.00e+00	0.00e+00	0.00e+00	0.00e+00	1.98e-02	6.55e-03	2.92e-03
 2.81323e+16	3.66e-02	6.04e-01	3.59e-01	0.00e+00	0.00e+00	0.00e+00	0.00e+00	0.00e+00	0.00e+00	2.47e-02	8.18e-03	3.64e-03
 2.83435e+16	4.47e-02	6.41e-01	3.14e-01	0.00e+00	0.00e+00	0.00e+00	0.00e+00	0.00e+00	0.00e+00	3.03e-02	9.98e-03	4.45e-03
 2.85216e+16	5.33e-02	6.72e-01	2.75e-01	0.00e+00	0.00e+00	0.00e+00	0.00e+00	0.00e+00	0.00e+00	3.61e-02	1.19e-02	5.30e-03
 2.87153e+16	6.48e-02	7.02e-01	2.33e-01	0.00e+00	0.00e+00	0.00e+00	0.00e+00	0.00e+00	0.00e+00	4.40e-02	1.44e-02	6.45e-03
 2.89254e+16	8.09e-02	7.31e-01	1.88e-01	0.00e+00	0.00e+00	0.00e+00	0.00e+00	0.00e+00	0.00e+00	5.49e-02	1.79e-02	8.04e-03
 2.90827e+16	9.62e-02	7.48e-01	1.56e-01	0.00e+00	0.00e+00	0.00e+00	0.00e+00	0.00e+00	0.00e+00	6.54e-02	2.12e-02	9.55e-03
 2.91787e+16	1.07e-01	7.55e-01	1.37e-01	0.00e+00	0.00e+00	0.00e+00	0.00e+00	0.00e+00	0.00e+00	7.30e-02	2.36e-02	1.06e-02
 2.92695e+16	1.19e-01	7.61e-01	1.20e-01	0.00e+00	0.00e+00	0.00e+00	0.00e+00	0.00e+00	0.00e+00	8.13e-02	2.62e-02	1.18e-02
 2.93876e+16	1.37e-01	7.64e-01	9.97e-02	0.00e+00	0.00e+00	0.00e+00	0.00e+00	0.00e+00	0.00e+00	9.33e-02	2.98e-02	1.35e-02
 2.95057e+16	1.57e-01	7.61e-01	8.13e-02	0.00e+00	0.00e+00	0.00e+00	0.00e+00	0.00e+00	0.00e+00	1.08e-01	3.41e-02	1.55e-02
 2.95939e+16	1.75e-01	7.56e-01	6.85e-02	0.00e+00	0.00e+00	0.00e+00	0.00e+00	0.00e+00	0.00e+00	1.20e-01	3.79e-02	1.73e-02
 2.96635e+16	1.90e-01	7.50e-01	5.96e-02	0.00e+00	0.00e+00	0.00e+00	0.00e+00	0.00e+00	0.00e+00	1.30e-01	4.09e-02	1.88e-02
 2.97391e+16	2.09e-01	7.41e-01	5.04e-02	0.00e+00	0.00e+00	0.00e+00	0.00e+00	0.00e+00	0.00e+00	1.44e-01	4.47e-02	2.06e-02
 2.98225e+16	2.32e-01	7.27e-01	4.15e-02	0.00e+00	0.00e+00	0.00e+00	0.00e+00	0.00e+00	0.00e+00	1.60e-01	4.92e-02	2.27e-02
 2.98971e+16	2.54e-01	7.12e-01	3.45e-02	0.00e+00	0.00e+00	0.00e+00	0.00e+00	0.00e+00	0.00e+00	1.75e-01	5.35e-02	2.49e-02
 2.99620e+16	2.74e-01	6.97e-01	2.91e-02	0.00e+00	0.00e+00	0.00e+00	0.00e+00	0.00e+00	0.00e+00	1.90e-01	5.74e-02	2.68e-02
 3.00331e+16	2.99e-01	6.77e-01	2.38e-02	0.00e+00	0.00e+00	0.00e+00	0.00e+00	0.00e+00	0.00e+00	2.08e-01	6.22e-02	2.92e-02
 3.01081e+16	3.28e-01	6.53e-01	1.91e-02	0.00e+00	0.00e+00	0.00e+00	0.00e+00	0.00e+00	0.00e+00	2.28e-01	6.73e-02	3.19e-02
 3.01710e+16	3.53e-01	6.31e-01	1.56e-02	0.00e+00	0.00e+00	0.00e+00	0.00e+00	0.00e+00	0.00e+00	2.47e-01	7.19e-02	3.42e-02
 3.02257e+16	3.76e-01	6.11e-01	1.31e-02	0.00e+00	0.00e+00	0.00e+00	0.00e+00	0.00e+00	0.00e+00	2.63e-01	7.58e-02	3.63e-02
 3.02865e+16	4.03e-01	5.86e-01	1.06e-02	0.00e+00	0.00e+00	0.00e+00	0.00e+00	0.00e+00	0.00e+00	2.84e-01	8.03e-02	3.88e-02
 3.03526e+16	4.34e-01	5.58e-01	8.32e-03	0.00e+00	0.00e+00	0.00e+00	0.00e+00	0.00e+00	0.00e+00	3.07e-01	8.52e-02	4.15e-02
 3.04112e+16	4.63e-01	5.31e-01	6.65e-03	0.00e+00	0.00e+00	0.00e+00	0.00e+00	0.00e+00	0.00e+00	3.29e-01	8.96e-02	4.40e-02
 3.04632e+16	4.88e-01	5.07e-01	5.43e-03	0.00e+00	0.00e+00	0.00e+00	0.00e+00	0.00e+00	0.00e+00	3.48e-01	9.32e-02	4.62e-02
 3.05125e+16	5.12e-01	4.84e-01	4.43e-03	0.00e+00	0.00e+00	0.00e+00	0.00e+00	0.00e+00	0.00e+00	3.67e-01	9.65e-02	4.82e-02
 3.05610e+16	5.37e-01	4.59e-01	3.60e-03	0.00e+00	0.00e+00	0.00e+00	0.00e+00	0.00e+00	0.00e+00	3.87e-01	9.97e-02	5.03e-02
 3.06091e+16	5.61e-01	4.36e-01	2.92e-03	0.00e+00	0.00e+00	0.00e+00	0.00e+00	0.00e+00	0.00e+00	4.06e-01	1.03e-01	5.22e-02
 3.06535e+16	5.84e-01	4.13e-01	2.39e-03	0.00e+00	0.00e+00	0.00e+00	0.00e+00	0.00e+00	0.00e+00	4.25e-01	1.05e-01	5.39e-02
 3.06855e+16	5.99e-01	3.99e-01	2.08e-03	0.00e+00	0.00e+00	0.00e+00	0.00e+00	0.00e+00	0.00e+00	4.38e-01	1.06e-01	5.50e-02
 3.07067e+16	6.09e-01	3.89e-01	1.89e-03	0.00e+00	0.00e+00	0.00e+00	0.00e+00	0.00e+00	0.00e+00	4.46e-01	1.07e-01	5.57e-02
 3.07284e+16	6.20e-01	3.78e-01	1.70e-03	0.00e+00	0.00e+00	0.00e+00	0.00e+00	0.00e+00	0.00e+00	4.55e-01	1.08e-01	5.64e-02
 3.07544e+16	6.33e-01	3.65e-01	1.50e-03	0.00e+00	0.00e+00	0.00e+00	0.00e+00	0.00e+00	0.00e+00	4.67e-01	1.09e-01	5.73e-02
 3.07809e+16	6.46e-01	3.53e-01	1.32e-03	0.00e+00	0.00e+00	0.00e+00	0.00e+00	0.00e+00	0.00e+00	4.78e-01	1.10e-01	5.81e-02
 3.08058e+16	6.58e-01	3.41e-01	1.17e-03	0.00e+00	0.00e+00	0.00e+00	0.00e+00	0.00e+00	0.00e+00	4.88e-01	1.11e-01	5.89e-02
 3.08295e+16	6.69e-01	3.30e-01	1.04e-03	0.00e+00	0.00e+00	0.00e+00	0.00e+00	0.00e+00	0.00e+00	4.98e-01	1.11e-01	5.96e-02
 3.08532e+16	6.81e-01	3.19e-01	9.17e-04	0.00e+00	0.00e+00	0.00e+00	0.00e+00	0.00e+00	0.00e+00	5.08e-01	1.12e-01	6.02e-02
 3.08774e+16	6.92e-01	3.07e-01	8.08e-04	0.00e+00	0.00e+00	0.00e+00	0.00e+00	0.00e+00	0.00e+00	5.19e-01	1.12e-01	6.09e-02
 3.09011e+16	7.03e-01	2.96e-01	7.13e-04	0.00e+00	0.00e+00	0.00e+00	0.00e+00	0.00e+00	0.00e+00	5.29e-01	1.13e-01	6.14e-02
 3.09243e+16	7.14e-01	2.86e-01	6.30e-04	0.00e+00	0.00e+00	0.00e+00	0.00e+00	0.00e+00	0.00e+00	5.38e-01	1.13e-01	6.19e-02
 3.09477e+16	7.24e-01	2.75e-01	5.55e-04	0.00e+00	0.00e+00	0.00e+00	0.00e+00	0.00e+00	0.00e+00	5.48e-01	1.13e-01	6.24e-02
 3.09710e+16	7.34e-01	2.65e-01	4.89e-04	0.00e+00	0.00e+00	0.00e+00	0.00e+00	0.00e+00	0.00e+00	5.58e-01	1.13e-01	6.29e-02
 3.09940e+16	7.45e-01	2.55e-01	4.30e-04	0.00e+00	0.00e+00	0.00e+00	0.00e+00	0.00e+00	0.00e+00	5.68e-01	1.13e-01	6.33e-02
 3.10169e+16	7.54e-01	2.46e-01	3.78e-04	0.00e+00	0.00e+00	0.00e+00	0.00e+00	0.00e+00	0.00e+00	5.77e-01	1.13e-01	6.36e-02
 3.10398e+16	7.64e-01	2.36e-01	3.32e-04	0.00e+00	0.00e+00	0.00e+00	0.00e+00	0.00e+00	0.00e+00	5.86e-01	1.13e-01	6.39e-02
 3.10627e+16	7.73e-01	2.27e-01	2.91e-04	0.00e+00	0.00e+00	0.00e+00	0.00e+00	0.00e+00	0.00e+00	5.96e-01	1.13e-01	6.42e-02
 3.10851e+16	7.82e-01	2.18e-01	2.55e-04	0.00e+00	0.00e+00	0.00e+00	0.00e+00	0.00e+00	0.00e+00	6.05e-01	1.13e-01	6.44e-02
 3.11073e+16	7.91e-01	2.09e-01	2.24e-04	0.00e+00	0.00e+00	0.00e+00	0.00e+00	0.00e+00	0.00e+00	6.13e-01	1.13e-01	6.46e-02
 3.11297e+16	7.99e-01	2.00e-01	1.96e-04	0.00e+00	0.00e+00	0.00e+00	0.00e+00	0.00e+00	0.00e+00	6.22e-01	1.12e-01	6.47e-02
 3.11521e+16	8.07e-01	1.93e-01	1.72e-04	0.00e+00	0.00e+00	0.00e+00	0.00e+00	0.00e+00	0.00e+00	6.31e-01	1.12e-01	6.48e-02
 3.11742e+16	8.15e-01	1.85e-01	1.50e-04	0.00e+00	0.00e+00	0.00e+00	0.00e+00	0.00e+00	0.00e+00	6.39e-01	1.11e-01	6.48e-02
 3.11963e+16	8.23e-01	1.77e-01	1.31e-04	0.00e+00	0.00e+00	0.00e+00	0.00e+00	0.00e+00	0.00e+00	6.48e-01	1.10e-01	6.49e-02
 3.12180e+16	8.30e-01	1.69e-01	1.14e-04	0.00e+00	0.00e+00	0.00e+00	0.00e+00	0.00e+00	0.00e+00	6.56e-01	1.10e-01	6.48e-02
 3.12395e+16	8.37e-01	1.62e-01	1.00e-04	0.00e+00	0.00e+00	0.00e+00	0.00e+00	0.00e+00	0.00e+00	6.63e-01	1.09e-01	6.48e-02
 3.12614e+16	8.45e-01	1.55e-01	8.71e-05	0.00e+00	0.00e+00	0.00e+00	0.00e+00	0.00e+00	0.00e+00	6.71e-01	1.08e-01	6.47e-02
 3.12830e+16	8.51e-01	1.49e-01	7.59e-05	0.00e+00	0.00e+00	0.00e+00	0.00e+00	0.00e+00	0.00e+00	6.79e-01	1.08e-01	6.46e-02
 3.13041e+16	8.58e-01	1.42e-01	6.63e-05	0.00e+00	0.00e+00	0.00e+00	0.00e+00	0.00e+00	0.00e+00	6.86e-01	1.07e-01	6.44e-02
 3.13251e+16	8.64e-01	1.36e-01	5.79e-05	0.00e+00	0.00e+00	0.00e+00	0.00e+00	0.00e+00	0.00e+00	6.93e-01	1.06e-01	6.43e-02
 3.13463e+16	8.70e-01	1.30e-01	5.04e-05	0.00e+00	0.00e+00	0.00e+00	0.00e+00	0.00e+00	0.00e+00	7.00e-01	1.05e-01	6.41e-02
 3.13673e+16	8.75e-01	1.25e-01	4.39e-05	0.00e+00	0.00e+00	0.00e+00	0.00e+00	0.00e+00	0.00e+00	7.07e-01	1.05e-01	6.38e-02
 3.13878e+16	8.81e-01	1.19e-01	3.83e-05	0.00e+00	0.00e+00	0.00e+00	0.00e+00	0.00e+00	0.00e+00	7.13e-01	1.04e-01	6.36e-02
 3.14078e+16	8.86e-01	1.14e-01	3.35e-05	0.00e+00	0.00e+00	0.00e+00	0.00e+00	0.00e+00	0.00e+00	7.19e-01	1.03e-01	6.34e-02
 3.14276e+16	8.91e-01	1.09e-01	2.94e-05	0.00e+00	0.00e+00	0.00e+00	0.00e+00	0.00e+00	0.00e+00	7.25e-01	1.02e-01	6.31e-02
 3.14474e+16	8.95e-01	1.05e-01	2.57e-05	0.00e+00	0.00e+00	0.00e+00	0.00e+00	0.00e+00	0.00e+00	7.31e-01	1.01e-01	6.28e-02
 3.14669e+16	9.00e-01	1.00e-01	2.25e-05	0.00e+00	0.00e+00	0.00e+00	0.00e+00	0.00e+00	0.00e+00	7.37e-01	1.00e-01	6.25e-02
 3.14860e+16	9.04e-01	9.62e-02	1.97e-05	0.00e+00	0.00e+00	0.00e+00	0.00e+00	0.00e+00	0.00e+00	7.42e-01	9.96e-02	6.22e-02
 3.15049e+16	9.08e-01	9.22e-02	1.74e-05	0.00e+00	0.00e+00	0.00e+00	0.00e+00	0.00e+00	0.00e+00	7.47e-01	9.87e-02	6.19e-02
 3.15235e+16	9.12e-01	8.84e-02	1.53e-05	0.00e+00	0.00e+00	0.00e+00	0.00e+00	0.00e+00	0.00e+00	7.52e-01	9.79e-02	6.16e-02
 3.15421e+16	9.15e-01	8.47e-02	1.34e-05	0.00e+00	0.00e+00	0.00e+00	0.00e+00	0.00e+00	0.00e+00	7.57e-01	9.71e-02	6.13e-02
 3.15604e+16	9.19e-01	8.12e-02	1.18e-05	0.00e+00	0.00e+00	0.00e+00	0.00e+00	0.00e+00	0.00e+00	7.61e-01	9.64e-02	6.10e-02
 3.15783e+16	9.22e-01	7.79e-02	1.04e-05	0.00e+00	0.00e+00	0.00e+00	0.00e+00	0.00e+00	0.00e+00	7.66e-01	9.56e-02	6.07e-02
 3.15961e+16	9.25e-01	7.49e-02	9.19e-06	0.00e+00	0.00e+00	0.00e+00	0.00e+00	0.00e+00	0.00e+00	7.70e-01	9.49e-02	6.04e-02
 3.16139e+16	9.28e-01	7.18e-02	8.10e-06	0.00e+00	0.00e+00	0.00e+00	0.00e+00	0.00e+00	0.00e+00	7.74e-01	9.41e-02	6.00e-02
 3.16316e+16	9.31e-01	6.88e-02	7.14e-06	0.00e+00	0.00e+00	0.00e+00	0.00e+00	0.00e+00	0.00e+00	7.78e-01	9.34e-02	5.97e-02
 3.16490e+16	9.34e-01	6.61e-02	6.31e-06	0.00e+00	0.00e+00	0.00e+00	0.00e+00	0.00e+00	0.00e+00	7.82e-01	9.27e-02	5.94e-02
 3.16662e+16	9.37e-01	6.34e-02	5.57e-06	0.00e+00	0.00e+00	0.00e+00	0.00e+00	0.00e+00	0.00e+00	7.86e-01	9.19e-02	5.91e-02
 3.16831e+16	9.39e-01	6.09e-02	4.94e-06	0.00e+00	0.00e+00	0.00e+00	0.00e+00	0.00e+00	0.00e+00	7.89e-01	9.13e-02	5.88e-02
 3.16999e+16	9.42e-01	5.85e-02	4.37e-06	0.00e+00	0.00e+00	0.00e+00	0.00e+00	0.00e+00	0.00e+00	7.93e-01	9.06e-02	5.84e-02
 3.17168e+16	9.44e-01	5.61e-02	3.87e-06	0.00e+00	0.00e+00	0.00e+00	0.00e+00	0.00e+00	0.00e+00	7.96e-01	8.99e-02	5.80e-02
 3.17332e+16	9.46e-01	5.39e-02	3.44e-06	0.00e+00	0.00e+00	0.00e+00	0.00e+00	0.00e+00	0.00e+00	7.99e-01	8.92e-02	5.77e-02
 3.17495e+16	9.48e-01	5.19e-02	3.05e-06	0.00e+00	0.00e+00	0.00e+00	0.00e+00	0.00e+00	0.00e+00	8.02e-01	8.87e-02	5.74e-02
 3.17661e+16	9.50e-01	4.98e-02	2.71e-06	0.00e+00	0.00e+00	0.00e+00	0.00e+00	0.00e+00	0.00e+00	8.05e-01	8.80e-02	5.70e-02
 3.17826e+16	9.52e-01	4.78e-02	2.40e-06	0.00e+00	0.00e+00	0.00e+00	0.00e+00	0.00e+00	0.00e+00	8.08e-01	8.74e-02	5.66e-02
 3.17986e+16	9.54e-01	4.59e-02	2.13e-06	0.00e+00	0.00e+00	0.00e+00	0.00e+00	0.00e+00	0.00e+00	8.11e-01	8.68e-02	5.63e-02
 3.18142e+16	9.56e-01	4.42e-02	1.90e-06	0.00e+00	0.00e+00	0.00e+00	0.00e+00	0.00e+00	0.00e+00	8.14e-01	8.63e-02	5.60e-02
 3.18301e+16	9.58e-01	4.24e-02	1.69e-06	0.00e+00	0.00e+00	0.00e+00	0.00e+00	0.00e+00	0.00e+00	8.16e-01	8.57e-02	5.57e-02
 3.18461e+16	9.59e-01	4.07e-02	1.50e-06	0.00e+00	0.00e+00	0.00e+00	0.00e+00	0.00e+00	0.00e+00	8.19e-01	8.51e-02	5.53e-02
 3.18615e+16	9.61e-01	3.91e-02	1.34e-06	0.00e+00	0.00e+00	0.00e+00	0.00e+00	0.00e+00	0.00e+00	8.21e-01	8.46e-02	5.50e-02
 3.18768e+16	9.62e-01	3.77e-02	1.20e-06	0.00e+00	0.00e+00	0.00e+00	0.00e+00	0.00e+00	0.00e+00	8.23e-01	8.41e-02	5.48e-02
 3.18922e+16	9.64e-01	3.62e-02	1.07e-06	0.00e+00	0.00e+00	0.00e+00	0.00e+00	0.00e+00	0.00e+00	8.26e-01	8.36e-02	5.45e-02
 3.19076e+16	9.65e-01	3.48e-02	9.51e-07	0.00e+00	0.00e+00	0.00e+00	0.00e+00	0.00e+00	0.00e+00	8.28e-01	8.31e-02	5.42e-02
 3.19227e+16	9.67e-01	3.34e-02	8.50e-07	0.00e+00	0.00e+00	0.00e+00	0.00e+00	0.00e+00	0.00e+00	8.30e-01	8.26e-02	5.39e-02
 3.19376e+16	9.68e-01	3.20e-02	7.59e-07	0.00e+00	0.00e+00	0.00e+00	0.00e+00	0.00e+00	0.00e+00	8.32e-01	8.22e-02	5.36e-02
 3.19528e+16	9.69e-01	3.08e-02	6.77e-07	0.00e+00	0.00e+00	0.00e+00	0.00e+00	0.00e+00	0.00e+00	8.34e-01	8.17e-02	5.33e-02
 3.19682e+16	9.71e-01	2.95e-02	6.03e-07	0.00e+00	0.00e+00	0.00e+00	0.00e+00	0.00e+00	0.00e+00	8.36e-01	8.13e-02	5.31e-02
 3.19829e+16	9.72e-01	2.83e-02	5.39e-07	0.00e+00	0.00e+00	0.00e+00	0.00e+00	0.00e+00	0.00e+00	8.38e-01	8.08e-02	5.28e-02
 3.19973e+16	9.73e-01	2.73e-02	4.85e-07	0.00e+00	0.00e+00	0.00e+00	0.00e+00	0.00e+00	0.00e+00	8.40e-01	8.05e-02	5.26e-02
 3.20112e+16	9.74e-01	2.63e-02	4.37e-07	0.00e+00	0.00e+00	0.00e+00	0.00e+00	0.00e+00	0.00e+00	8.41e-01	8.01e-02	5.23e-02
 3.20250e+16	9.75e-01	2.53e-02	3.94e-07	0.00e+00	0.00e+00	0.00e+00	0.00e+00	0.00e+00	0.00e+00	8.43e-01	7.97e-02	5.21e-02
 3.20393e+16	9.76e-01	2.42e-02	3.53e-07	0.00e+00	0.00e+00	0.00e+00	0.00e+00	0.00e+00	0.00e+00	8.45e-01	7.93e-02	5.19e-02
 3.20535e+16	9.77e-01	2.32e-02	3.16e-07	0.00e+00	0.00e+00	0.00e+00	0.00e+00	0.00e+00	0.00e+00	8.46e-01	7.89e-02	5.16e-02
 3.20673e+16	9.78e-01	2.23e-02	2.85e-07	0.00e+00	0.00e+00	0.00e+00	0.00e+00	0.00e+00	0.00e+00	8.48e-01	7.85e-02	5.14e-02
 3.20806e+16	9.79e-01	2.14e-02	2.57e-07	0.00e+00	0.00e+00	0.00e+00	0.00e+00	0.00e+00	0.00e+00	8.49e-01	7.82e-02	5.12e-02
 3.20940e+16	9.79e-01	2.06e-02	2.32e-07	0.00e+00	0.00e+00	0.00e+00	0.00e+00	0.00e+00	0.00e+00	8.51e-01	7.78e-02	5.09e-02
 3.21073e+16	9.80e-01	1.98e-02	2.10e-07	0.00e+00	0.00e+00	0.00e+00	0.00e+00	0.00e+00	0.00e+00	8.52e-01	7.75e-02	5.07e-02
 3.21201e+16	9.81e-01	1.90e-02	1.90e-07	0.00e+00	0.00e+00	0.00e+00	0.00e+00	0.00e+00	0.00e+00	8.53e-01	7.72e-02	5.05e-02
 3.21320e+16	9.82e-01	1.83e-02	1.74e-07	0.00e+00	0.00e+00	0.00e+00	0.00e+00	0.00e+00	0.00e+00	8.55e-01	7.68e-02	5.03e-02
 3.21426e+16	9.82e-01	1.76e-02	1.60e-07	0.00e+00	0.00e+00	0.00e+00	0.00e+00	0.00e+00	0.00e+00	8.56e-01	7.66e-02	5.01e-02
 3.21525e+16	9.83e-01	1.71e-02	1.49e-07	0.00e+00	0.00e+00	0.00e+00	0.00e+00	0.00e+00	0.00e+00	8.57e-01	7.63e-02	5.00e-02
 3.21620e+16	9.83e-01	1.66e-02	1.38e-07	0.00e+00	0.00e+00	0.00e+00	0.00e+00	0.00e+00	0.00e+00	8.58e-01	7.61e-02	4.98e-02
 3.21711e+16	9.84e-01	1.61e-02	1.29e-07	0.00e+00	0.00e+00	0.00e+00	0.00e+00	0.00e+00	0.00e+00	8.58e-01	7.58e-02	4.96e-02
 3.21795e+16	9.84e-01	1.56e-02	1.21e-07	0.00e+00	0.00e+00	0.00e+00	0.00e+00	0.00e+00	0.00e+00	8.59e-01	7.56e-02	4.95e-02
 3.21877e+16	9.85e-01	1.52e-02	1.14e-07	0.00e+00	0.00e+00	0.00e+00	0.00e+00	0.00e+00	0.00e+00	8.60e-01	7.53e-02	4.93e-02
 3.21954e+16	9.85e-01	1.47e-02	1.07e-07	0.00e+00	0.00e+00	0.00e+00	0.00e+00	0.00e+00	0.00e+00	8.61e-01	7.51e-02	4.92e-02
 3.22028e+16	9.86e-01	1.43e-02	1.01e-07	0.00e+00	0.00e+00	0.00e+00	0.00e+00	0.00e+00	0.00e+00	8.62e-01	7.49e-02	4.90e-02
 3.22100e+16	9.86e-01	1.40e-02	9.59e-08	0.00e+00	0.00e+00	0.00e+00	0.00e+00	0.00e+00	0.00e+00	8.63e-01	7.47e-02	4.88e-02
 3.22170e+16	9.86e-01	1.36e-02	9.08e-08	0.00e+00	0.00e+00	0.00e+00	0.00e+00	0.00e+00	0.00e+00	8.63e-01	7.45e-02	4.87e-02
 3.22239e+16	9.87e-01	1.32e-02	8.60e-08	0.00e+00	0.00e+00	0.00e+00	0.00e+00	0.00e+00	0.00e+00	8.64e-01	7.42e-02	4.85e-02
 3.22308e+16	9.87e-01	1.28e-02	8.15e-08	0.00e+00	0.00e+00	0.00e+00	0.00e+00	0.00e+00	0.00e+00	8.65e-01	7.40e-02	4.84e-02
 3.22376e+16	9.88e-01	1.25e-02	7.72e-08	0.00e+00	0.00e+00	0.00e+00	0.00e+00	0.00e+00	0.00e+00	8.66e-01	7.37e-02	4.82e-02
 3.22445e+16	9.88e-01	1.21e-02	7.31e-08	0.00e+00	0.00e+00	0.00e+00	0.00e+00	0.00e+00	0.00e+00	8.66e-01	7.35e-02	4.80e-02
 3.22516e+16	9.88e-01	1.17e-02	6.90e-08	0.00e+00	0.00e+00	0.00e+00	0.00e+00	0.00e+00	0.00e+00	8.67e-01	7.32e-02	4.78e-02
 3.22586e+16	9.89e-01	1.13e-02	6.52e-08	0.00e+00	0.00e+00	0.00e+00	0.00e+00	0.00e+00	0.00e+00	8.68e-01	7.29e-02	4.76e-02
 3.22648e+16	9.89e-01	1.09e-02	6.20e-08	0.00e+00	0.00e+00	0.00e+00	0.00e+00	0.00e+00	0.00e+00	8.69e-01	7.27e-02	4.74e-02
 3.22704e+16	9.89e-01	1.06e-02	5.93e-08	0.00e+00	0.00e+00	0.00e+00	0.00e+00	0.00e+00	0.00e+00	8.70e-01	7.24e-02	4.72e-02
 3.22755e+16	9.90e-01	1.03e-02	5.68e-08	0.00e+00	0.00e+00	0.00e+00	0.00e+00	0.00e+00	0.00e+00	8.70e-01	7.22e-02	4.70e-02
 3.22803e+16	9.90e-01	1.01e-02	5.46e-08	0.00e+00	0.00e+00	0.00e+00	0.00e+00	0.00e+00	0.00e+00	8.71e-01	7.19e-02	4.68e-02
 3.22851e+16	9.90e-01	9.81e-03	5.25e-08	0.00e+00	0.00e+00	0.00e+00	0.00e+00	0.00e+00	0.00e+00	8.72e-01	7.17e-02	4.66e-02
 3.22895e+16	9.90e-01	9.56e-03	5.05e-08	0.00e+00	0.00e+00	0.00e+00	0.00e+00	0.00e+00	0.00e+00	8.73e-01	7.14e-02	4.64e-02
 3.22937e+16	9.91e-01	9.33e-03	4.88e-08	0.00e+00	0.00e+00	0.00e+00	0.00e+00	0.00e+00	0.00e+00	8.73e-01	7.12e-02	4.63e-02
 3.22975e+16	9.91e-01	9.12e-03	4.72e-08	0.00e+00	0.00e+00	0.00e+00	0.00e+00	0.00e+00	0.00e+00	8.74e-01	7.10e-02	4.61e-02
 3.23010e+16	9.91e-01	8.92e-03	4.57e-08	0.00e+00	0.00e+00	0.00e+00	0.00e+00	0.00e+00	0.00e+00	8.74e-01	7.08e-02	4.59e-02
 3.23042e+16	9.91e-01	8.75e-03	4.44e-08	0.00e+00	0.00e+00	0.00e+00	0.00e+00	0.00e+00	0.00e+00	8.75e-01	7.06e-02	4.57e-02
 3.23071e+16	9.91e-01	8.59e-03	4.33e-08	0.00e+00	0.00e+00	0.00e+00	0.00e+00	0.00e+00	0.00e+00	8.75e-01	7.04e-02	4.56e-02
 3.23097e+16	9.92e-01	8.45e-03	4.23e-08	0.00e+00	0.00e+00	0.00e+00	0.00e+00	0.00e+00	0.00e+00	8.76e-01	7.02e-02	4.55e-02
 3.23121e+16	9.92e-01	8.32e-03	4.14e-08	0.00e+00	0.00e+00	0.00e+00	0.00e+00	0.00e+00	0.00e+00	8.76e-01	7.01e-02	4.53e-02
 3.23147e+16	9.92e-01	8.18e-03	4.03e-08	0.00e+00	0.00e+00	0.00e+00	0.00e+00	0.00e+00	0.00e+00	8.77e-01	6.99e-02	4.52e-02
 3.23175e+16	9.92e-01	8.03e-03	3.92e-08	0.00e+00	0.00e+00	0.00e+00	0.00e+00	0.00e+00	0.00e+00	8.77e-01	6.97e-02	4.50e-02
 3.23201e+16	9.92e-01	7.89e-03	3.83e-08	0.00e+00	0.00e+00	0.00e+00	0.00e+00	0.00e+00	0.00e+00	8.78e-01	6.94e-02	4.49e-02
 3.23224e+16	9.92e-01	7.77e-03	3.74e-08	0.00e+00	0.00e+00	0.00e+00	0.00e+00	0.00e+00	0.00e+00	8.78e-01	6.93e-02	4.47e-02
 3.23250e+16	9.92e-01	7.63e-03	3.64e-08	0.00e+00	0.00e+00	0.00e+00	0.00e+00	0.00e+00	0.00e+00	8.79e-01	6.90e-02	4.46e-02
 3.23278e+16	9.93e-01	7.49e-03	3.54e-08	0.00e+00	0.00e+00	0.00e+00	0.00e+00	0.00e+00	0.00e+00	8.79e-01	6.88e-02	4.44e-02
