#depth	He	He+	He+2
 3.59165e+11	9.76e-04	9.91e-01	7.53e-03
 2.15499e+12	9.75e-04	9.92e-01	7.52e-03
 9.33828e+12	9.76e-04	9.92e-01	7.48e-03
 3.80715e+13	9.78e-04	9.92e-01	7.23e-03
 9.09405e+13	9.81e-04	9.92e-01	7.10e-03
 1.59670e+14	9.84e-04	9.92e-01	6.71e-03
 2.49019e+14	9.90e-04	9.93e-01	6.07e-03
 3.65172e+14	9.96e-04	9.94e-01	5.20e-03
 5.16172e+14	1.01e-03	9.95e-01	4.15e-03
 7.12471e+14	1.02e-03	9.96e-01	3.01e-03
 9.67659e+14	1.03e-03	9.97e-01	1.95e-03
 1.29940e+15	1.05e-03	9.98e-01	1.09e-03
 1.73067e+15	1.08e-03	9.98e-01	5.09e-04
 2.29132e+15	1.11e-03	9.99e-01	1.92e-04
 3.02017e+15	1.16e-03	9.99e-01	5.66e-05
 3.96767e+15	1.22e-03	9.99e-01	1.25e-05
 5.19941e+15	1.31e-03	9.99e-01	2.05e-06
 6.68978e+15	1.43e-03	9.99e-01	2.83e-07
 8.27811e+15	1.56e-03	9.98e-01	4.41e-08
 9.86644e+15	1.72e-03	9.98e-01	8.86e-09
 1.10434e+16	1.83e-03	9.98e-01	3.15e-09
 1.16937e+16	1.90e-03	9.98e-01	1.89e-09
 1.23091e+16	1.98e-03	9.98e-01	1.17e-09
 1.31092e+16	2.08e-03	9.98e-01	6.63e-10
 1.39436e+16	2.19e-03	9.98e-01	3.93e-10
 1.46348e+16	2.29e-03	9.98e-01	2.67e-10
 1.52404e+16	2.39e-03	9.98e-01	1.96e-10
 1.59224e+16	2.51e-03	9.97e-01	1.42e-10
 1.66444e+16	2.64e-03	9.97e-01	1.07e-10
 1.72554e+16	2.76e-03	9.97e-01	8.68e-11
 1.77887e+16	2.87e-03	9.97e-01	7.40e-11
 1.83841e+16	3.01e-03	9.97e-01	6.34e-11
 1.90195e+16	3.18e-03	9.97e-01	5.52e-11
 1.95619e+16	3.33e-03	9.97e-01	5.02e-11
 2.00342e+16	3.47e-03	9.97e-01	4.69e-11
 2.05601e+16	3.65e-03	9.96e-01	4.39e-11
 2.11241e+16	3.85e-03	9.96e-01	4.14e-11
 2.16097e+16	4.05e-03	9.96e-01	3.99e-11
 2.20337e+16	4.25e-03	9.96e-01	3.88e-11
 2.25054e+16	4.49e-03	9.96e-01	3.80e-11
 2.30120e+16	4.77e-03	9.95e-01	3.73e-11
 2.34490e+16	5.06e-03	9.95e-01	3.69e-11
 2.38282e+16	5.34e-03	9.95e-01	3.67e-11
 2.42471e+16	5.69e-03	9.94e-01	3.68e-11
 2.46927e+16	6.11e-03	9.94e-01	3.68e-11
 2.50633e+16	6.52e-03	9.93e-01	3.70e-11
 2.53697e+16	6.90e-03	9.93e-01	3.77e-11
 2.57028e+16	7.39e-03	9.93e-01	3.83e-11
 2.60612e+16	7.99e-03	9.92e-01	3.90e-11
 2.63660e+16	8.59e-03	9.91e-01	3.99e-11
 2.66214e+16	9.17e-03	9.91e-01	4.09e-11
 2.68989e+16	9.92e-03	9.90e-01	4.20e-11
 2.71948e+16	1.08e-02	9.89e-01	4.35e-11
 2.74444e+16	1.18e-02	9.88e-01	4.49e-11
 2.76550e+16	1.27e-02	9.87e-01	4.67e-11
 2.78849e+16	1.39e-02	9.86e-01	4.97e-11
 2.81323e+16	1.55e-02	9.84e-01	5.33e-11
 2.83435e+16	1.72e-02	9.83e-01	5.66e-11
 2.85216e+16	1.88e-02	9.81e-01	6.18e-11
 2.87153e+16	2.11e-02	9.79e-01	6.88e-11
 2.89254e+16	2.41e-02	9.76e-01	7.80e-11
 2.90827e+16	2.69e-02	9.73e-01	8.73e-11
 2.91787e+16	2.89e-02	9.71e-01	9.33e-11
 2.92695e+16	3.12e-02	9.69e-01	1.01e-10
 2.93876e+16	3.46e-02	9.65e-01	1.15e-10
 2.95057e+16	3.85e-02	9.61e-01	1.30e-10
 2.95939e+16	4.21e-02	9.58e-01	1.42e-10
 2.96635e+16	4.51e-02	9.55e-01	1.60e-10
 2.97391e+16	4.92e-02	9.51e-01	1.77e-10
 2.98225e+16	5.41e-02	9.46e-01	1.99e-10
 2.98971e+16	5.91e-02	9.41e-01	2.25e-10
 2.99620e+16	6.40e-02	9.36e-01	2.54e-10
 3.00331e+16	7.04e-02	9.30e-01	2.89e-10
 3.01081e+16	7.78e-02	9.22e-01	3.32e-10
 3.01710e+16	8.51e-02	9.15e-01	3.74e-10
 3.02257e+16	9.19e-02	9.08e-01	4.21e-10
 3.02865e+16	1.01e-01	8.99e-01	4.77e-10
 3.03526e+16	1.11e-01	8.89e-01	5.51e-10
 3.04112e+16	1.22e-01	8.78e-01	6.22e-10
 3.04632e+16	1.32e-01	8.68e-01	7.03e-10
 3.05125e+16	1.43e-01	8.57e-01	7.86e-10
 3.05610e+16	1.56e-01	8.44e-01	8.72e-10
 3.06091e+16	1.68e-01	8.32e-01	9.79e-10
 3.06535e+16	1.81e-01	8.19e-01	1.08e-09
 3.06855e+16	1.90e-01	8.10e-01	1.16e-09
 3.07067e+16	1.97e-01	8.03e-01	1.21e-09
 3.07284e+16	2.05e-01	7.95e-01	1.27e-09
 3.07544e+16	2.14e-01	7.86e-01	1.34e-09
 3.07809e+16	2.24e-01	7.76e-01	1.43e-09
 3.08058e+16	2.33e-01	7.67e-01	1.50e-09
 3.08295e+16	2.42e-01	7.58e-01	1.59e-09
 3.08532e+16	2.52e-01	7.48e-01	1.67e-09
 3.08774e+16	2.63e-01	7.37e-01	1.75e-09
 3.09011e+16	2.73e-01	7.27e-01	1.85e-09
 3.09243e+16	2.84e-01	7.16e-01	1.94e-09
 3.09477e+16	2.95e-01	7.05e-01	2.03e-09
 3.09710e+16	3.07e-01	6.93e-01	2.14e-09
 3.09940e+16	3.19e-01	6.81e-01	2.24e-09
 3.10169e+16	3.30e-01	6.70e-01	2.35e-09
 3.10398e+16	3.43e-01	6.57e-01	2.46e-09
 3.10627e+16	3.55e-01	6.45e-01	2.56e-09
 3.10851e+16	3.68e-01	6.32e-01	2.68e-09
 3.11073e+16	3.81e-01	6.19e-01	2.79e-09
 3.11297e+16	3.94e-01	6.06e-01	2.90e-09
 3.11521e+16	4.07e-01	5.93e-01	3.03e-09
 3.11742e+16	4.21e-01	5.79e-01	3.15e-09
 3.11963e+16	4.35e-01	5.65e-01	3.27e-09
 3.12180e+16	4.49e-01	5.51e-01	3.39e-09
 3.12395e+16	4.63e-01	5.37e-01	3.51e-09
 3.12614e+16	4.78e-01	5.22e-01	3.63e-09
 3.12830e+16	4.92e-01	5.08e-01	3.76e-09
 3.13041e+16	5.06e-01	4.94e-01	3.88e-09
 3.13251e+16	5.21e-01	4.79e-01	3.99e-09
 3.13463e+16	5.35e-01	4.65e-01	4.11e-09
 3.13673e+16	5.50e-01	4.50e-01	4.23e-09
 3.13878e+16	5.64e-01	4.36e-01	4.34e-09
 3.14078e+16	5.78e-01	4.22e-01	4.45e-09
 3.14276e+16	5.91e-01	4.09e-01	4.55e-09
 3.14474e+16	6.05e-01	3.95e-01	4.65e-09
 3.14669e+16	6.18e-01	3.82e-01	4.75e-09
 3.14860e+16	6.31e-01	3.69e-01	4.85e-09
 3.15049e+16	6.44e-01	3.56e-01	4.94e-09
 3.15235e+16	6.57e-01	3.43e-01	5.02e-09
 3.15421e+16	6.69e-01	3.31e-01	5.11e-09
 3.15604e+16	6.81e-01	3.19e-01	5.19e-09
 3.15783e+16	6.93e-01	3.07e-01	5.25e-09
 3.15961e+16	7.04e-01	2.96e-01	5.33e-09
 3.16139e+16	7.15e-01	2.85e-01	5.39e-09
 3.16316e+16	7.26e-01	2.74e-01	5.45e-09
 3.16490e+16	7.37e-01	2.63e-01	5.50e-09
 3.16662e+16	7.47e-01	2.53e-01	5.56e-09
 3.16831e+16	7.57e-01	2.43e-01	5.60e-09
 3.16999e+16	7.66e-01	2.34e-01	5.65e-09
 3.17168e+16	7.76e-01	2.24e-01	5.69e-09
 3.17332e+16	7.85e-01	2.15e-01	5.72e-09
 3.17495e+16	7.93e-01	2.07e-01	5.75e-09
 3.17661e+16	8.02e-01	1.98e-01	5.77e-09
 3.17826e+16	8.10e-01	1.90e-01	5.80e-09
 3.17986e+16	8.18e-01	1.82e-01	5.82e-09
 3.18142e+16	8.25e-01	1.75e-01	5.83e-09
 3.18301e+16	8.33e-01	1.67e-01	5.85e-09
 3.18461e+16	8.40e-01	1.60e-01	5.85e-09
 3.18615e+16	8.47e-01	1.53e-01	5.86e-09
 3.18768e+16	8.53e-01	1.47e-01	5.87e-09
 3.18922e+16	8.59e-01	1.41e-01	5.86e-09
 3.19076e+16	8.65e-01	1.35e-01	5.86e-09
 3.19227e+16	8.71e-01	1.29e-01	5.85e-09
 3.19376e+16	8.77e-01	1.23e-01	5.82e-09
 3.19528e+16	8.82e-01	1.18e-01	5.80e-09
 3.19682e+16	8.87e-01	1.13e-01	5.79e-09
 3.19829e+16	8.92e-01	1.08e-01	5.77e-09
 3.19973e+16	8.96e-01	1.04e-01	5.78e-09
 3.20112e+16	9.01e-01	9.93e-02	5.76e-09
 3.20250e+16	9.05e-01	9.52e-02	5.73e-09
 3.20393e+16	9.09e-01	9.10e-02	5.70e-09
 3.20535e+16	9.13e-01	8.71e-02	5.68e-09
 3.20673e+16	9.16e-01	8.35e-02	5.65e-09
 3.20806e+16	9.20e-01	8.01e-02	5.62e-09
 3.20940e+16	9.23e-01	7.67e-02	5.58e-09
 3.21073e+16	9.26e-01	7.36e-02	5.55e-09
 3.21201e+16	9.29e-01	7.07e-02	5.52e-09
 3.21320e+16	9.32e-01	6.81e-02	5.48e-09
 3.21426e+16	9.34e-01	6.58e-02	5.44e-09
 3.21525e+16	9.36e-01	6.37e-02	5.41e-09
 3.21620e+16	9.38e-01	6.18e-02	5.37e-09
 3.21711e+16	9.40e-01	6.00e-02	5.32e-09
 3.21795e+16	9.42e-01	5.83e-02	5.28e-09
 3.21877e+16	9.43e-01	5.67e-02	5.24e-09
 3.21954e+16	9.45e-01	5.53e-02	5.20e-09
 3.22028e+16	9.46e-01	5.39e-02	5.16e-09
 3.22100e+16	9.47e-01	5.26e-02	5.12e-09
 3.22170e+16	9.49e-01	5.14e-02	5.08e-09
 3.22239e+16	9.50e-01	5.02e-02	5.04e-09
 3.22308e+16	9.51e-01	4.90e-02	4.99e-09
 3.22376e+16	9.52e-01	4.79e-02	4.94e-09
 3.22445e+16	9.53e-01	4.67e-02	4.89e-09
 3.22516e+16	9.54e-01	4.56e-02	4.83e-09
 3.22586e+16	9.56e-01	4.45e-02	4.78e-09
 3.22648e+16	9.56e-01	4.35e-02	4.72e-09
 3.22704e+16	9.57e-01	4.27e-02	4.67e-09
 3.22755e+16	9.58e-01	4.19e-02	4.62e-09
 3.22803e+16	9.59e-01	4.11e-02	4.57e-09
 3.22851e+16	9.60e-01	4.04e-02	4.51e-09
 3.22895e+16	9.60e-01	3.97e-02	4.46e-09
 3.22937e+16	9.61e-01	3.90e-02	4.41e-09
 3.22975e+16	9.62e-01	3.85e-02	4.36e-09
 3.23010e+16	9.62e-01	3.79e-02	4.31e-09
 3.23042e+16	9.63e-01	3.74e-02	4.27e-09
 3.23071e+16	9.63e-01	3.70e-02	4.23e-09
 3.23097e+16	9.63e-01	3.66e-02	4.19e-09
 3.23121e+16	9.64e-01	3.62e-02	4.15e-09
 3.23147e+16	9.64e-01	3.58e-02	4.11e-09
 3.23175e+16	9.65e-01	3.54e-02	4.07e-09
 3.23201e+16	9.65e-01	3.50e-02	4.03e-09
 3.23224e+16	9.65e-01	3.46e-02	4.00e-09
 3.23250e+16	9.66e-01	3.42e-02	3.96e-09
 3.23278e+16	9.66e-01	3.38e-02	3.93e-09
