#depth	O	O+	O+2	O+3	O+4	O+5	O+6	O+7	O+8	O[1]	O[2]	O[3]
 4.83188e+11	5.04e-06	9.95e-03	9.64e-01	2.65e-02	1.05e-06	0.00e+00	0.00e+00	0.00e+00	0.00e+00	3.48e-06	1.05e-06	5.00e-07
 2.89913e+12	5.03e-06	9.95e-03	9.64e-01	2.64e-02	1.05e-06	0.00e+00	0.00e+00	0.00e+00	0.00e+00	3.48e-06	1.05e-06	5.00e-07
 1.25629e+13	5.04e-06	9.96e-03	9.64e-01	2.60e-02	1.02e-06	0.00e+00	0.00e+00	0.00e+00	0.00e+00	3.48e-06	1.05e-06	5.01e-07
 5.12179e+13	5.07e-06	1.00e-02	9.65e-01	2.46e-02	9.43e-07	0.00e+00	0.00e+00	0.00e+00	0.00e+00	3.50e-06	1.06e-06	5.04e-07
 1.22343e+14	5.10e-06	1.00e-02	9.67e-01	2.27e-02	8.31e-07	0.00e+00	0.00e+00	0.00e+00	0.00e+00	3.52e-06	1.07e-06	5.07e-07
 2.14806e+14	5.15e-06	1.01e-02	9.70e-01	2.03e-02	7.03e-07	0.00e+00	0.00e+00	0.00e+00	0.00e+00	3.56e-06	1.08e-06	5.13e-07
 3.35008e+14	5.22e-06	1.02e-02	9.72e-01	1.76e-02	5.63e-07	0.00e+00	0.00e+00	0.00e+00	0.00e+00	3.60e-06	1.10e-06	5.20e-07
 4.91270e+14	5.31e-06	1.03e-02	9.75e-01	1.45e-02	4.20e-07	0.00e+00	0.00e+00	0.00e+00	0.00e+00	3.66e-06	1.12e-06	5.29e-07
 6.94411e+14	5.43e-06	1.05e-02	9.78e-01	1.12e-02	2.85e-07	0.00e+00	0.00e+00	0.00e+00	0.00e+00	3.74e-06	1.14e-06	5.41e-07
 9.58494e+14	5.58e-06	1.07e-02	9.81e-01	7.89e-03	1.70e-07	0.00e+00	0.00e+00	0.00e+00	0.00e+00	3.85e-06	1.18e-06	5.57e-07
 1.30180e+15	5.79e-06	1.09e-02	9.84e-01	5.00e-03	0.00e+00	0.00e+00	0.00e+00	0.00e+00	0.00e+00	3.99e-06	1.22e-06	5.78e-07
 1.74810e+15	6.07e-06	1.12e-02	9.86e-01	2.76e-03	0.00e+00	0.00e+00	0.00e+00	0.00e+00	0.00e+00	4.18e-06	1.28e-06	6.06e-07
 2.32829e+15	6.42e-06	1.16e-02	9.87e-01	1.30e-03	0.00e+00	0.00e+00	0.00e+00	0.00e+00	0.00e+00	4.42e-06	1.36e-06	6.41e-07
 3.08254e+15	6.91e-06	1.20e-02	9.87e-01	5.10e-04	0.00e+00	0.00e+00	0.00e+00	0.00e+00	0.00e+00	4.76e-06	1.47e-06	6.91e-07
 4.06306e+15	7.61e-06	1.26e-02	9.87e-01	1.74e-04	0.00e+00	0.00e+00	0.00e+00	0.00e+00	0.00e+00	5.23e-06	1.62e-06	7.62e-07
 5.33774e+15	8.64e-06	1.33e-02	9.87e-01	6.00e-05	0.00e+00	0.00e+00	0.00e+00	0.00e+00	0.00e+00	5.94e-06	1.84e-06	8.65e-07
 6.99482e+15	1.02e-05	1.44e-02	9.86e-01	2.80e-05	0.00e+00	0.00e+00	0.00e+00	0.00e+00	0.00e+00	7.02e-06	2.18e-06	1.02e-06
 9.14903e+15	1.28e-05	1.58e-02	9.84e-01	1.89e-05	0.00e+00	0.00e+00	0.00e+00	0.00e+00	0.00e+00	8.77e-06	2.73e-06	1.28e-06
 1.17091e+16	1.67e-05	1.77e-02	9.82e-01	1.51e-05	0.00e+00	0.00e+00	0.00e+00	0.00e+00	0.00e+00	1.15e-05	3.57e-06	1.68e-06
 1.43921e+16	2.25e-05	1.99e-02	9.80e-01	1.26e-05	0.00e+00	0.00e+00	0.00e+00	0.00e+00	0.00e+00	1.54e-05	4.81e-06	2.26e-06
 1.65193e+16	2.87e-05	2.19e-02	9.78e-01	1.11e-05	0.00e+00	0.00e+00	0.00e+00	0.00e+00	0.00e+00	1.97e-05	6.14e-06	2.88e-06
 1.81713e+16	3.71e-05	2.44e-02	9.76e-01	9.96e-06	0.00e+00	0.00e+00	0.00e+00	0.00e+00	0.00e+00	2.54e-05	8.00e-06	3.73e-06
 1.99884e+16	4.72e-05	2.68e-02	9.73e-01	8.93e-06	0.00e+00	0.00e+00	0.00e+00	0.00e+00	0.00e+00	3.23e-05	1.01e-05	4.74e-06
 2.14910e+16	5.81e-05	2.91e-02	9.71e-01	8.23e-06	0.00e+00	0.00e+00	0.00e+00	0.00e+00	0.00e+00	3.98e-05	1.25e-05	5.83e-06
 2.24160e+16	6.63e-05	3.06e-02	9.69e-01	7.74e-06	0.00e+00	0.00e+00	0.00e+00	0.00e+00	0.00e+00	4.54e-05	1.42e-05	6.65e-06
 2.32768e+16	7.54e-05	3.22e-02	9.68e-01	7.34e-06	0.00e+00	0.00e+00	0.00e+00	0.00e+00	0.00e+00	5.16e-05	1.62e-05	7.55e-06
 2.43958e+16	8.98e-05	3.46e-02	9.65e-01	6.89e-06	0.00e+00	0.00e+00	0.00e+00	0.00e+00	0.00e+00	6.16e-05	1.92e-05	8.99e-06
 2.55493e+16	1.08e-04	3.72e-02	9.63e-01	6.37e-06	0.00e+00	0.00e+00	0.00e+00	0.00e+00	0.00e+00	7.39e-05	2.30e-05	1.08e-05
 2.64813e+16	1.26e-04	3.97e-02	9.60e-01	6.01e-06	0.00e+00	0.00e+00	0.00e+00	0.00e+00	0.00e+00	8.66e-05	2.69e-05	1.26e-05
 2.72764e+16	1.44e-04	4.20e-02	9.58e-01	5.66e-06	0.00e+00	0.00e+00	0.00e+00	0.00e+00	0.00e+00	9.91e-05	3.08e-05	1.44e-05
 2.81596e+16	1.70e-04	4.51e-02	9.55e-01	5.33e-06	0.00e+00	0.00e+00	0.00e+00	0.00e+00	0.00e+00	1.17e-04	3.61e-05	1.69e-05
 2.91183e+16	2.03e-04	4.87e-02	9.51e-01	4.96e-06	0.00e+00	0.00e+00	0.00e+00	0.00e+00	0.00e+00	1.39e-04	4.31e-05	2.02e-05
 2.99600e+16	2.38e-04	5.22e-02	9.48e-01	4.62e-06	0.00e+00	0.00e+00	0.00e+00	0.00e+00	0.00e+00	1.64e-04	5.05e-05	2.37e-05
 3.07050e+16	2.76e-04	5.58e-02	9.44e-01	4.34e-06	0.00e+00	0.00e+00	0.00e+00	0.00e+00	0.00e+00	1.90e-04	5.86e-05	2.75e-05
 3.15390e+16	3.29e-04	6.04e-02	9.39e-01	4.03e-06	0.00e+00	0.00e+00	0.00e+00	0.00e+00	0.00e+00	2.27e-04	6.95e-05	3.27e-05
 3.24262e+16	3.99e-04	6.60e-02	9.34e-01	3.70e-06	0.00e+00	0.00e+00	0.00e+00	0.00e+00	0.00e+00	2.75e-04	8.40e-05	3.96e-05
 3.31744e+16	4.74e-04	7.15e-02	9.28e-01	3.43e-06	0.00e+00	0.00e+00	0.00e+00	0.00e+00	0.00e+00	3.27e-04	9.95e-05	4.69e-05
 3.38148e+16	5.53e-04	7.69e-02	9.23e-01	3.21e-06	0.00e+00	0.00e+00	0.00e+00	0.00e+00	0.00e+00	3.82e-04	1.16e-04	5.47e-05
 3.45233e+16	6.57e-04	8.35e-02	9.16e-01	2.95e-06	0.00e+00	0.00e+00	0.00e+00	0.00e+00	0.00e+00	4.55e-04	1.37e-04	6.50e-05
 3.52994e+16	8.05e-04	9.20e-02	9.07e-01	2.69e-06	0.00e+00	0.00e+00	0.00e+00	0.00e+00	0.00e+00	5.58e-04	1.68e-04	7.94e-05
 3.59810e+16	9.69e-04	1.01e-01	8.98e-01	2.45e-06	0.00e+00	0.00e+00	0.00e+00	0.00e+00	0.00e+00	6.72e-04	2.01e-04	9.55e-05
 3.65667e+16	1.14e-03	1.09e-01	8.90e-01	2.24e-06	0.00e+00	0.00e+00	0.00e+00	0.00e+00	0.00e+00	7.93e-04	2.37e-04	1.13e-04
 3.72104e+16	1.39e-03	1.20e-01	8.78e-01	2.03e-06	0.00e+00	0.00e+00	0.00e+00	0.00e+00	0.00e+00	9.64e-04	2.87e-04	1.36e-04
 3.79051e+16	1.72e-03	1.34e-01	8.64e-01	1.81e-06	0.00e+00	0.00e+00	0.00e+00	0.00e+00	0.00e+00	1.20e-03	3.56e-04	1.69e-04
 3.85090e+16	2.10e-03	1.48e-01	8.50e-01	1.62e-06	0.00e+00	0.00e+00	0.00e+00	0.00e+00	0.00e+00	1.46e-03	4.33e-04	2.06e-04
 3.90310e+16	2.51e-03	1.61e-01	8.36e-01	1.45e-06	0.00e+00	0.00e+00	0.00e+00	0.00e+00	0.00e+00	1.75e-03	5.17e-04	2.46e-04
 3.96030e+16	3.10e-03	1.79e-01	8.18e-01	1.28e-06	0.00e+00	0.00e+00	0.00e+00	0.00e+00	0.00e+00	2.16e-03	6.36e-04	3.03e-04
 4.02042e+16	3.89e-03	2.01e-01	7.95e-01	1.11e-06	0.00e+00	0.00e+00	0.00e+00	0.00e+00	0.00e+00	2.71e-03	7.97e-04	3.80e-04
 4.06995e+16	4.76e-03	2.22e-01	7.73e-01	9.68e-07	0.00e+00	0.00e+00	0.00e+00	0.00e+00	0.00e+00	3.32e-03	9.73e-04	4.65e-04
 4.11117e+16	5.66e-03	2.42e-01	7.53e-01	8.61e-07	0.00e+00	0.00e+00	0.00e+00	0.00e+00	0.00e+00	3.95e-03	1.15e-03	5.52e-04
 4.15600e+16	6.91e-03	2.67e-01	7.26e-01	7.40e-07	0.00e+00	0.00e+00	0.00e+00	0.00e+00	0.00e+00	4.82e-03	1.41e-03	6.74e-04
 4.20418e+16	8.65e-03	2.97e-01	6.94e-01	6.22e-07	0.00e+00	0.00e+00	0.00e+00	0.00e+00	0.00e+00	6.04e-03	1.76e-03	8.43e-04
 4.24514e+16	1.06e-02	3.27e-01	6.62e-01	5.26e-07	0.00e+00	0.00e+00	0.00e+00	0.00e+00	0.00e+00	7.40e-03	2.15e-03	1.03e-03
 4.27946e+16	1.26e-02	3.55e-01	6.32e-01	4.52e-07	0.00e+00	0.00e+00	0.00e+00	0.00e+00	0.00e+00	8.83e-03	2.56e-03	1.23e-03
 4.31670e+16	1.55e-02	3.89e-01	5.95e-01	3.72e-07	0.00e+00	0.00e+00	0.00e+00	0.00e+00	0.00e+00	1.08e-02	3.14e-03	1.50e-03
 4.35643e+16	1.94e-02	4.30e-01	5.51e-01	2.97e-07	0.00e+00	0.00e+00	0.00e+00	0.00e+00	0.00e+00	1.36e-02	3.93e-03	1.88e-03
 4.38994e+16	2.37e-02	4.68e-01	5.08e-01	2.38e-07	0.00e+00	0.00e+00	0.00e+00	0.00e+00	0.00e+00	1.66e-02	4.80e-03	2.30e-03
 4.41803e+16	2.83e-02	5.03e-01	4.69e-01	1.93e-07	0.00e+00	0.00e+00	0.00e+00	0.00e+00	0.00e+00	1.98e-02	5.73e-03	2.75e-03
 4.44853e+16	3.46e-02	5.42e-01	4.23e-01	1.49e-07	0.00e+00	0.00e+00	0.00e+00	0.00e+00	0.00e+00	2.42e-02	6.99e-03	3.35e-03
 4.48130e+16	4.32e-02	5.86e-01	3.71e-01	0.00e+00	0.00e+00	0.00e+00	0.00e+00	0.00e+00	0.00e+00	3.03e-02	8.74e-03	4.19e-03
 4.50923e+16	5.29e-02	6.25e-01	3.22e-01	0.00e+00	0.00e+00	0.00e+00	0.00e+00	0.00e+00	0.00e+00	3.71e-02	1.07e-02	5.13e-03
 4.53269e+16	6.33e-02	6.57e-01	2.80e-01	0.00e+00	0.00e+00	0.00e+00	0.00e+00	0.00e+00	0.00e+00	4.43e-02	1.28e-02	6.13e-03
 4.55808e+16	7.73e-02	6.89e-01	2.34e-01	0.00e+00	0.00e+00	0.00e+00	0.00e+00	0.00e+00	0.00e+00	5.42e-02	1.56e-02	7.50e-03
 4.58141e+16	9.39e-02	7.15e-01	1.92e-01	0.00e+00	0.00e+00	0.00e+00	0.00e+00	0.00e+00	0.00e+00	6.58e-02	1.89e-02	9.10e-03
 4.59592e+16	1.06e-01	7.27e-01	1.66e-01	0.00e+00	0.00e+00	0.00e+00	0.00e+00	0.00e+00	0.00e+00	7.45e-02	2.14e-02	1.03e-02
 4.60668e+16	1.17e-01	7.35e-01	1.48e-01	0.00e+00	0.00e+00	0.00e+00	0.00e+00	0.00e+00	0.00e+00	8.19e-02	2.35e-02	1.13e-02
 4.61872e+16	1.30e-01	7.42e-01	1.28e-01	0.00e+00	0.00e+00	0.00e+00	0.00e+00	0.00e+00	0.00e+00	9.14e-02	2.63e-02	1.26e-02
 4.63225e+16	1.48e-01	7.45e-01	1.07e-01	0.00e+00	0.00e+00	0.00e+00	0.00e+00	0.00e+00	0.00e+00	1.04e-01	2.98e-02	1.43e-02
 4.64442e+16	1.66e-01	7.45e-01	8.88e-02	0.00e+00	0.00e+00	0.00e+00	0.00e+00	0.00e+00	0.00e+00	1.17e-01	3.35e-02	1.61e-02
 4.65443e+16	1.84e-01	7.41e-01	7.51e-02	0.00e+00	0.00e+00	0.00e+00	0.00e+00	0.00e+00	0.00e+00	1.29e-01	3.70e-02	1.78e-02
 4.66342e+16	2.01e-01	7.35e-01	6.37e-02	0.00e+00	0.00e+00	0.00e+00	0.00e+00	0.00e+00	0.00e+00	1.41e-01	4.05e-02	1.95e-02
 4.67356e+16	2.24e-01	7.24e-01	5.19e-02	0.00e+00	0.00e+00	0.00e+00	0.00e+00	0.00e+00	0.00e+00	1.57e-01	4.50e-02	2.17e-02
 4.68397e+16	2.51e-01	7.08e-01	4.11e-02	0.00e+00	0.00e+00	0.00e+00	0.00e+00	0.00e+00	0.00e+00	1.76e-01	5.02e-02	2.42e-02
 4.69216e+16	2.74e-01	6.92e-01	3.36e-02	0.00e+00	0.00e+00	0.00e+00	0.00e+00	0.00e+00	0.00e+00	1.93e-01	5.48e-02	2.65e-02
 4.69884e+16	2.96e-01	6.76e-01	2.81e-02	0.00e+00	0.00e+00	0.00e+00	0.00e+00	0.00e+00	0.00e+00	2.08e-01	5.89e-02	2.85e-02
 4.70612e+16	3.22e-01	6.56e-01	2.27e-02	0.00e+00	0.00e+00	0.00e+00	0.00e+00	0.00e+00	0.00e+00	2.27e-01	6.39e-02	3.10e-02
 4.71393e+16	3.52e-01	6.30e-01	1.77e-02	0.00e+00	0.00e+00	0.00e+00	0.00e+00	0.00e+00	0.00e+00	2.48e-01	6.98e-02	3.39e-02
 4.72059e+16	3.81e-01	6.05e-01	1.40e-02	0.00e+00	0.00e+00	0.00e+00	0.00e+00	0.00e+00	0.00e+00	2.69e-01	7.52e-02	3.66e-02
 4.72617e+16	4.07e-01	5.82e-01	1.13e-02	0.00e+00	0.00e+00	0.00e+00	0.00e+00	0.00e+00	0.00e+00	2.88e-01	8.00e-02	3.90e-02
 4.73192e+16	4.36e-01	5.55e-01	8.93e-03	0.00e+00	0.00e+00	0.00e+00	0.00e+00	0.00e+00	0.00e+00	3.09e-01	8.53e-02	4.17e-02
 4.73795e+16	4.69e-01	5.24e-01	6.83e-03	0.00e+00	0.00e+00	0.00e+00	0.00e+00	0.00e+00	0.00e+00	3.33e-01	9.12e-02	4.47e-02
 4.74332e+16	5.00e-01	4.95e-01	5.28e-03	0.00e+00	0.00e+00	0.00e+00	0.00e+00	0.00e+00	0.00e+00	3.55e-01	9.66e-02	4.75e-02
 4.74777e+16	5.26e-01	4.69e-01	4.21e-03	0.00e+00	0.00e+00	0.00e+00	0.00e+00	0.00e+00	0.00e+00	3.75e-01	1.01e-01	4.99e-02
 4.75158e+16	5.50e-01	4.47e-01	3.42e-03	0.00e+00	0.00e+00	0.00e+00	0.00e+00	0.00e+00	0.00e+00	3.93e-01	1.05e-01	5.19e-02
 4.75513e+16	5.73e-01	4.25e-01	2.79e-03	0.00e+00	0.00e+00	0.00e+00	0.00e+00	0.00e+00	0.00e+00	4.10e-01	1.09e-01	5.39e-02
 4.75849e+16	5.95e-01	4.03e-01	2.27e-03	0.00e+00	0.00e+00	0.00e+00	0.00e+00	0.00e+00	0.00e+00	4.27e-01	1.12e-01	5.57e-02
 4.76108e+16	6.11e-01	3.87e-01	1.94e-03	0.00e+00	0.00e+00	0.00e+00	0.00e+00	0.00e+00	0.00e+00	4.39e-01	1.15e-01	5.71e-02
 4.76276e+16	6.22e-01	3.77e-01	1.75e-03	0.00e+00	0.00e+00	0.00e+00	0.00e+00	0.00e+00	0.00e+00	4.48e-01	1.16e-01	5.80e-02
 4.76433e+16	6.32e-01	3.66e-01	1.57e-03	0.00e+00	0.00e+00	0.00e+00	0.00e+00	0.00e+00	0.00e+00	4.56e-01	1.18e-01	5.88e-02
 4.76615e+16	6.45e-01	3.54e-01	1.39e-03	0.00e+00	0.00e+00	0.00e+00	0.00e+00	0.00e+00	0.00e+00	4.65e-01	1.19e-01	5.98e-02
 4.76806e+16	6.58e-01	3.41e-01	1.21e-03	0.00e+00	0.00e+00	0.00e+00	0.00e+00	0.00e+00	0.00e+00	4.76e-01	1.21e-01	6.08e-02
 4.76986e+16	6.70e-01	3.29e-01	1.06e-03	0.00e+00	0.00e+00	0.00e+00	0.00e+00	0.00e+00	0.00e+00	4.85e-01	1.23e-01	6.18e-02
 4.77153e+16	6.81e-01	3.18e-01	9.39e-04	0.00e+00	0.00e+00	0.00e+00	0.00e+00	0.00e+00	0.00e+00	4.94e-01	1.24e-01	6.26e-02
 4.77315e+16	6.92e-01	3.07e-01	8.29e-04	0.00e+00	0.00e+00	0.00e+00	0.00e+00	0.00e+00	0.00e+00	5.03e-01	1.26e-01	6.34e-02
 4.77478e+16	7.04e-01	2.96e-01	7.29e-04	0.00e+00	0.00e+00	0.00e+00	0.00e+00	0.00e+00	0.00e+00	5.12e-01	1.27e-01	6.42e-02
 4.77639e+16	7.15e-01	2.85e-01	6.40e-04	0.00e+00	0.00e+00	0.00e+00	0.00e+00	0.00e+00	0.00e+00	5.21e-01	1.28e-01	6.50e-02
 4.77796e+16	7.25e-01	2.74e-01	5.62e-04	0.00e+00	0.00e+00	0.00e+00	0.00e+00	0.00e+00	0.00e+00	5.30e-01	1.29e-01	6.57e-02
 4.77948e+16	7.36e-01	2.64e-01	4.93e-04	0.00e+00	0.00e+00	0.00e+00	0.00e+00	0.00e+00	0.00e+00	5.39e-01	1.30e-01	6.64e-02
 4.78097e+16	7.46e-01	2.54e-01	4.33e-04	0.00e+00	0.00e+00	0.00e+00	0.00e+00	0.00e+00	0.00e+00	5.47e-01	1.31e-01	6.71e-02
 4.78245e+16	7.56e-01	2.44e-01	3.79e-04	0.00e+00	0.00e+00	0.00e+00	0.00e+00	0.00e+00	0.00e+00	5.55e-01	1.32e-01	6.77e-02
 4.78390e+16	7.65e-01	2.35e-01	3.32e-04	0.00e+00	0.00e+00	0.00e+00	0.00e+00	0.00e+00	0.00e+00	5.63e-01	1.33e-01	6.83e-02
 4.78532e+16	7.74e-01	2.25e-01	2.91e-04	0.00e+00	0.00e+00	0.00e+00	0.00e+00	0.00e+00	0.00e+00	5.71e-01	1.34e-01	6.88e-02
 4.78671e+16	7.84e-01	2.16e-01	2.55e-04	0.00e+00	0.00e+00	0.00e+00	0.00e+00	0.00e+00	0.00e+00	5.79e-01	1.35e-01	6.94e-02
 4.78807e+16	7.92e-01	2.07e-01	2.22e-04	0.00e+00	0.00e+00	0.00e+00	0.00e+00	0.00e+00	0.00e+00	5.87e-01	1.36e-01	6.98e-02
 4.78942e+16	8.01e-01	1.99e-01	1.94e-04	0.00e+00	0.00e+00	0.00e+00	0.00e+00	0.00e+00	0.00e+00	5.94e-01	1.36e-01	7.03e-02
 4.79074e+16	8.09e-01	1.91e-01	1.70e-04	0.00e+00	0.00e+00	0.00e+00	0.00e+00	0.00e+00	0.00e+00	6.02e-01	1.37e-01	7.07e-02
 4.79204e+16	8.17e-01	1.83e-01	1.48e-04	0.00e+00	0.00e+00	0.00e+00	0.00e+00	0.00e+00	0.00e+00	6.09e-01	1.37e-01	7.10e-02
 4.79331e+16	8.25e-01	1.75e-01	1.29e-04	0.00e+00	0.00e+00	0.00e+00	0.00e+00	0.00e+00	0.00e+00	6.16e-01	1.38e-01	7.14e-02
 4.79456e+16	8.32e-01	1.68e-01	1.13e-04	0.00e+00	0.00e+00	0.00e+00	0.00e+00	0.00e+00	0.00e+00	6.22e-01	1.38e-01	7.17e-02
 4.79579e+16	8.39e-01	1.60e-01	9.81e-05	0.00e+00	0.00e+00	0.00e+00	0.00e+00	0.00e+00	0.00e+00	6.29e-01	1.38e-01	7.20e-02
 4.79700e+16	8.46e-01	1.54e-01	8.54e-05	0.00e+00	0.00e+00	0.00e+00	0.00e+00	0.00e+00	0.00e+00	6.35e-01	1.39e-01	7.22e-02
 4.79820e+16	8.53e-01	1.47e-01	7.43e-05	0.00e+00	0.00e+00	0.00e+00	0.00e+00	0.00e+00	0.00e+00	6.42e-01	1.39e-01	7.24e-02
 4.79937e+16	8.60e-01	1.40e-01	6.46e-05	0.00e+00	0.00e+00	0.00e+00	0.00e+00	0.00e+00	0.00e+00	6.48e-01	1.39e-01	7.26e-02
 4.80052e+16	8.66e-01	1.34e-01	5.62e-05	0.00e+00	0.00e+00	0.00e+00	0.00e+00	0.00e+00	0.00e+00	6.54e-01	1.39e-01	7.28e-02
 4.80165e+16	8.72e-01	1.28e-01	4.89e-05	0.00e+00	0.00e+00	0.00e+00	0.00e+00	0.00e+00	0.00e+00	6.59e-01	1.39e-01	7.29e-02
 4.80274e+16	8.77e-01	1.23e-01	4.26e-05	0.00e+00	0.00e+00	0.00e+00	0.00e+00	0.00e+00	0.00e+00	6.65e-01	1.39e-01	7.31e-02
 4.80380e+16	8.83e-01	1.17e-01	3.72e-05	0.00e+00	0.00e+00	0.00e+00	0.00e+00	0.00e+00	0.00e+00	6.70e-01	1.40e-01	7.32e-02
 4.80484e+16	8.88e-01	1.12e-01	3.26e-05	0.00e+00	0.00e+00	0.00e+00	0.00e+00	0.00e+00	0.00e+00	6.75e-01	1.39e-01	7.32e-02
 4.80587e+16	8.93e-01	1.07e-01	2.83e-05	0.00e+00	0.00e+00	0.00e+00	0.00e+00	0.00e+00	0.00e+00	6.80e-01	1.40e-01	7.33e-02
 4.80686e+16	8.97e-01	1.03e-01	2.48e-05	0.00e+00	0.00e+00	0.00e+00	0.00e+00	0.00e+00	0.00e+00	6.84e-01	1.40e-01	7.33e-02
 4.80782e+16	9.02e-01	9.84e-02	2.17e-05	0.00e+00	0.00e+00	0.00e+00	0.00e+00	0.00e+00	0.00e+00	6.88e-01	1.40e-01	7.34e-02
 4.80875e+16	9.06e-01	9.43e-02	1.91e-05	0.00e+00	0.00e+00	0.00e+00	0.00e+00	0.00e+00	0.00e+00	6.93e-01	1.40e-01	7.34e-02
 4.80968e+16	9.10e-01	9.02e-02	1.67e-05	0.00e+00	0.00e+00	0.00e+00	0.00e+00	0.00e+00	0.00e+00	6.97e-01	1.40e-01	7.34e-02
 4.81058e+16	9.14e-01	8.64e-02	1.47e-05	0.00e+00	0.00e+00	0.00e+00	0.00e+00	0.00e+00	0.00e+00	7.01e-01	1.40e-01	7.34e-02
 4.81146e+16	9.17e-01	8.28e-02	1.29e-05	0.00e+00	0.00e+00	0.00e+00	0.00e+00	0.00e+00	0.00e+00	7.04e-01	1.40e-01	7.34e-02
 4.81232e+16	9.21e-01	7.94e-02	1.14e-05	0.00e+00	0.00e+00	0.00e+00	0.00e+00	0.00e+00	0.00e+00	7.08e-01	1.40e-01	7.34e-02
 4.81316e+16	9.24e-01	7.61e-02	1.00e-05	0.00e+00	0.00e+00	0.00e+00	0.00e+00	0.00e+00	0.00e+00	7.11e-01	1.40e-01	7.34e-02
 4.81399e+16	9.27e-01	7.29e-02	8.82e-06	0.00e+00	0.00e+00	0.00e+00	0.00e+00	0.00e+00	0.00e+00	7.14e-01	1.40e-01	7.33e-02
 4.81479e+16	9.30e-01	6.99e-02	7.78e-06	0.00e+00	0.00e+00	0.00e+00	0.00e+00	0.00e+00	0.00e+00	7.17e-01	1.40e-01	7.33e-02
 4.81558e+16	9.33e-01	6.71e-02	6.87e-06	0.00e+00	0.00e+00	0.00e+00	0.00e+00	0.00e+00	0.00e+00	7.20e-01	1.40e-01	7.33e-02
 4.81636e+16	9.36e-01	6.43e-02	6.08e-06	0.00e+00	0.00e+00	0.00e+00	0.00e+00	0.00e+00	0.00e+00	7.23e-01	1.40e-01	7.32e-02
 4.81713e+16	9.38e-01	6.17e-02	5.35e-06	0.00e+00	0.00e+00	0.00e+00	0.00e+00	0.00e+00	0.00e+00	7.25e-01	1.40e-01	7.32e-02
 4.81788e+16	9.41e-01	5.91e-02	4.73e-06	0.00e+00	0.00e+00	0.00e+00	0.00e+00	0.00e+00	0.00e+00	7.28e-01	1.40e-01	7.32e-02
 4.81860e+16	9.43e-01	5.68e-02	4.20e-06	0.00e+00	0.00e+00	0.00e+00	0.00e+00	0.00e+00	0.00e+00	7.30e-01	1.40e-01	7.31e-02
 4.81932e+16	9.46e-01	5.45e-02	3.71e-06	0.00e+00	0.00e+00	0.00e+00	0.00e+00	0.00e+00	0.00e+00	7.32e-01	1.40e-01	7.31e-02
 4.82004e+16	9.48e-01	5.23e-02	3.29e-06	0.00e+00	0.00e+00	0.00e+00	0.00e+00	0.00e+00	0.00e+00	7.35e-01	1.40e-01	7.31e-02
 4.82073e+16	9.50e-01	5.02e-02	2.92e-06	0.00e+00	0.00e+00	0.00e+00	0.00e+00	0.00e+00	0.00e+00	7.37e-01	1.40e-01	7.30e-02
 4.82140e+16	9.52e-01	4.82e-02	2.60e-06	0.00e+00	0.00e+00	0.00e+00	0.00e+00	0.00e+00	0.00e+00	7.39e-01	1.40e-01	7.29e-02
 4.82208e+16	9.54e-01	4.63e-02	2.29e-06	0.00e+00	0.00e+00	0.00e+00	0.00e+00	0.00e+00	0.00e+00	7.40e-01	1.40e-01	7.29e-02
 4.82274e+16	9.56e-01	4.44e-02	2.04e-06	0.00e+00	0.00e+00	0.00e+00	0.00e+00	0.00e+00	0.00e+00	7.42e-01	1.40e-01	7.28e-02
 4.82337e+16	9.57e-01	4.27e-02	1.81e-06	0.00e+00	0.00e+00	0.00e+00	0.00e+00	0.00e+00	0.00e+00	7.44e-01	1.41e-01	7.28e-02
 4.82400e+16	9.59e-01	4.10e-02	1.62e-06	0.00e+00	0.00e+00	0.00e+00	0.00e+00	0.00e+00	0.00e+00	7.46e-01	1.41e-01	7.27e-02
 4.82463e+16	9.61e-01	3.94e-02	1.44e-06	0.00e+00	0.00e+00	0.00e+00	0.00e+00	0.00e+00	0.00e+00	7.47e-01	1.41e-01	7.27e-02
 4.82526e+16	9.62e-01	3.78e-02	1.27e-06	0.00e+00	0.00e+00	0.00e+00	0.00e+00	0.00e+00	0.00e+00	7.48e-01	1.41e-01	7.26e-02
 4.82586e+16	9.64e-01	3.63e-02	1.14e-06	0.00e+00	0.00e+00	0.00e+00	0.00e+00	0.00e+00	0.00e+00	7.50e-01	1.41e-01	7.26e-02
 4.82644e+16	9.65e-01	3.49e-02	1.01e-06	0.00e+00	0.00e+00	0.00e+00	0.00e+00	0.00e+00	0.00e+00	7.51e-01	1.42e-01	7.26e-02
 4.82702e+16	9.66e-01	3.35e-02	9.04e-07	0.00e+00	0.00e+00	0.00e+00	0.00e+00	0.00e+00	0.00e+00	7.52e-01	1.42e-01	7.25e-02
 4.82759e+16	9.68e-01	3.22e-02	8.04e-07	0.00e+00	0.00e+00	0.00e+00	0.00e+00	0.00e+00	0.00e+00	7.53e-01	1.42e-01	7.26e-02
 4.82814e+16	9.69e-01	3.09e-02	7.19e-07	0.00e+00	0.00e+00	0.00e+00	0.00e+00	0.00e+00	0.00e+00	7.54e-01	1.42e-01	7.25e-02
 4.82870e+16	9.70e-01	2.97e-02	6.40e-07	0.00e+00	0.00e+00	0.00e+00	0.00e+00	0.00e+00	0.00e+00	7.55e-01	1.43e-01	7.25e-02
 4.82924e+16	9.71e-01	2.85e-02	5.72e-07	0.00e+00	0.00e+00	0.00e+00	0.00e+00	0.00e+00	0.00e+00	7.56e-01	1.43e-01	7.25e-02
 4.82976e+16	9.73e-01	2.74e-02	5.11e-07	0.00e+00	0.00e+00	0.00e+00	0.00e+00	0.00e+00	0.00e+00	7.56e-01	1.44e-01	7.26e-02
 4.83027e+16	9.74e-01	2.63e-02	4.57e-07	0.00e+00	0.00e+00	0.00e+00	0.00e+00	0.00e+00	0.00e+00	7.57e-01	1.44e-01	7.26e-02
 4.83077e+16	9.75e-01	2.53e-02	4.09e-07	0.00e+00	0.00e+00	0.00e+00	0.00e+00	0.00e+00	0.00e+00	7.58e-01	1.45e-01	7.26e-02
 4.83127e+16	9.76e-01	2.43e-02	3.65e-07	0.00e+00	0.00e+00	0.00e+00	0.00e+00	0.00e+00	0.00e+00	7.58e-01	1.45e-01	7.27e-02
 4.83175e+16	9.77e-01	2.33e-02	3.27e-07	0.00e+00	0.00e+00	0.00e+00	0.00e+00	0.00e+00	0.00e+00	7.58e-01	1.46e-01	7.27e-02
 4.83223e+16	9.78e-01	2.24e-02	2.93e-07	0.00e+00	0.00e+00	0.00e+00	0.00e+00	0.00e+00	0.00e+00	7.59e-01	1.46e-01	7.28e-02
 4.83269e+16	9.78e-01	2.15e-02	2.62e-07	0.00e+00	0.00e+00	0.00e+00	0.00e+00	0.00e+00	0.00e+00	7.59e-01	1.47e-01	7.29e-02
 4.83313e+16	9.79e-01	2.06e-02	2.35e-07	0.00e+00	0.00e+00	0.00e+00	0.00e+00	0.00e+00	0.00e+00	7.59e-01	1.47e-01	7.29e-02
 4.83357e+16	9.80e-01	1.98e-02	2.11e-07	0.00e+00	0.00e+00	0.00e+00	0.00e+00	0.00e+00	0.00e+00	7.59e-01	1.48e-01	7.30e-02
 4.83400e+16	9.81e-01	1.90e-02	1.89e-07	0.00e+00	0.00e+00	0.00e+00	0.00e+00	0.00e+00	0.00e+00	7.59e-01	1.49e-01	7.31e-02
 4.83441e+16	9.82e-01	1.83e-02	1.70e-07	0.00e+00	0.00e+00	0.00e+00	0.00e+00	0.00e+00	0.00e+00	7.59e-01	1.49e-01	7.32e-02
 4.83481e+16	9.82e-01	1.75e-02	1.53e-07	0.00e+00	0.00e+00	0.00e+00	0.00e+00	0.00e+00	0.00e+00	7.59e-01	1.50e-01	7.33e-02
 4.83518e+16	9.83e-01	1.69e-02	1.39e-07	0.00e+00	0.00e+00	0.00e+00	0.00e+00	0.00e+00	0.00e+00	7.59e-01	1.51e-01	7.34e-02
 4.83552e+16	9.84e-01	1.63e-02	1.26e-07	0.00e+00	0.00e+00	0.00e+00	0.00e+00	0.00e+00	0.00e+00	7.59e-01	1.52e-01	7.36e-02
 4.83584e+16	9.84e-01	1.57e-02	1.15e-07	0.00e+00	0.00e+00	0.00e+00	0.00e+00	0.00e+00	0.00e+00	7.58e-01	1.52e-01	7.37e-02
 4.83613e+16	9.85e-01	1.52e-02	1.06e-07	0.00e+00	0.00e+00	0.00e+00	0.00e+00	0.00e+00	0.00e+00	7.58e-01	1.53e-01	7.38e-02
 4.83641e+16	9.85e-01	1.47e-02	9.72e-08	0.00e+00	0.00e+00	0.00e+00	0.00e+00	0.00e+00	0.00e+00	7.57e-01	1.54e-01	7.40e-02
 4.83666e+16	9.86e-01	1.42e-02	8.99e-08	0.00e+00	0.00e+00	0.00e+00	0.00e+00	0.00e+00	0.00e+00	7.57e-01	1.55e-01	7.41e-02
 4.83690e+16	9.86e-01	1.38e-02	8.33e-08	0.00e+00	0.00e+00	0.00e+00	0.00e+00	0.00e+00	0.00e+00	7.56e-01	1.56e-01	7.42e-02
 4.83712e+16	9.87e-01	1.34e-02	7.75e-08	0.00e+00	0.00e+00	0.00e+00	0.00e+00	0.00e+00	0.00e+00	7.56e-01	1.57e-01	7.44e-02
 4.83733e+16	9.87e-01	1.30e-02	7.23e-08	0.00e+00	0.00e+00	0.00e+00	0.00e+00	0.00e+00	0.00e+00	7.55e-01	1.57e-01	7.45e-02
 4.83753e+16	9.87e-01	1.27e-02	6.76e-08	0.00e+00	0.00e+00	0.00e+00	0.00e+00	0.00e+00	0.00e+00	7.55e-01	1.58e-01	7.46e-02
 4.83771e+16	9.88e-01	1.23e-02	6.34e-08	0.00e+00	0.00e+00	0.00e+00	0.00e+00	0.00e+00	0.00e+00	7.54e-01	1.59e-01	7.48e-02
 4.83787e+16	9.88e-01	1.20e-02	5.96e-08	0.00e+00	0.00e+00	0.00e+00	0.00e+00	0.00e+00	0.00e+00	7.53e-01	1.60e-01	7.49e-02
 4.83803e+16	9.88e-01	1.17e-02	5.62e-08	0.00e+00	0.00e+00	0.00e+00	0.00e+00	0.00e+00	0.00e+00	7.53e-01	1.61e-01	7.51e-02
 4.83819e+16	9.89e-01	1.14e-02	5.30e-08	0.00e+00	0.00e+00	0.00e+00	0.00e+00	0.00e+00	0.00e+00	7.52e-01	1.61e-01	7.52e-02
 4.83833e+16	9.89e-01	1.12e-02	5.01e-08	0.00e+00	0.00e+00	0.00e+00	0.00e+00	0.00e+00	0.00e+00	7.51e-01	1.62e-01	7.54e-02
 4.83846e+16	9.89e-01	1.09e-02	4.74e-08	0.00e+00	0.00e+00	0.00e+00	0.00e+00	0.00e+00	0.00e+00	7.50e-01	1.63e-01	7.55e-02
 4.83858e+16	9.89e-01	1.07e-02	4.50e-08	0.00e+00	0.00e+00	0.00e+00	0.00e+00	0.00e+00	0.00e+00	7.50e-01	1.64e-01	7.56e-02
 4.83869e+16	9.90e-01	1.04e-02	4.28e-08	0.00e+00	0.00e+00	0.00e+00	0.00e+00	0.00e+00	0.00e+00	7.49e-01	1.65e-01	7.58e-02
 4.83880e+16	9.90e-01	1.02e-02	4.07e-08	0.00e+00	0.00e+00	0.00e+00	0.00e+00	0.00e+00	0.00e+00	7.48e-01	1.66e-01	7.59e-02
 4.83891e+16	9.90e-01	9.96e-03	3.87e-08	0.00e+00	0.00e+00	0.00e+00	0.00e+00	0.00e+00	0.00e+00	7.47e-01	1.67e-01	7.61e-02
 4.83900e+16	9.90e-01	9.75e-03	3.69e-08	0.00e+00	0.00e+00	0.00e+00	0.00e+00	0.00e+00	0.00e+00	7.47e-01	1.67e-01	7.62e-02
 4.83910e+16	9.90e-01	9.54e-03	3.52e-08	0.00e+00	0.00e+00	0.00e+00	0.00e+00	0.00e+00	0.00e+00	7.46e-01	1.68e-01	7.64e-02
 4.83918e+16	9.91e-01	9.34e-03	3.37e-08	0.00e+00	0.00e+00	0.00e+00	0.00e+00	0.00e+00	0.00e+00	7.45e-01	1.69e-01	7.65e-02
 4.83926e+16	9.91e-01	9.15e-03	3.22e-08	0.00e+00	0.00e+00	0.00e+00	0.00e+00	0.00e+00	0.00e+00	7.44e-01	1.70e-01	7.67e-02
 4.83934e+16	9.91e-01	8.97e-03	3.08e-08	0.00e+00	0.00e+00	0.00e+00	0.00e+00	0.00e+00	0.00e+00	7.43e-01	1.71e-01	7.68e-02
 4.83941e+16	9.91e-01	8.81e-03	2.97e-08	0.00e+00	0.00e+00	0.00e+00	0.00e+00	0.00e+00	0.00e+00	7.43e-01	1.72e-01	7.69e-02
 4.83948e+16	9.91e-01	8.60e-03	2.82e-08	0.00e+00	0.00e+00	0.00e+00	0.00e+00	0.00e+00	0.00e+00	7.41e-01	1.73e-01	7.71e-02
 4.83955e+16	9.92e-01	8.39e-03	2.69e-08	0.00e+00	0.00e+00	0.00e+00	0.00e+00	0.00e+00	0.00e+00	7.40e-01	1.74e-01	7.73e-02
 4.83961e+16	9.92e-01	8.26e-03	2.60e-08	0.00e+00	0.00e+00	0.00e+00	0.00e+00	0.00e+00	0.00e+00	7.40e-01	1.75e-01	7.74e-02
 4.83967e+16	9.92e-01	8.06e-03	2.48e-08	0.00e+00	0.00e+00	0.00e+00	0.00e+00	0.00e+00	0.00e+00	7.38e-01	1.76e-01	7.76e-02
 4.83973e+16	9.92e-01	7.86e-03	2.36e-08	0.00e+00	0.00e+00	0.00e+00	0.00e+00	0.00e+00	0.00e+00	7.37e-01	1.77e-01	7.78e-02
 4.83978e+16	9.92e-01	7.66e-03	2.25e-08	0.00e+00	0.00e+00	0.00e+00	0.00e+00	0.00e+00	0.00e+00	7.36e-01	1.78e-01	7.80e-02
