#depth	H	H+	H2
 4.83188e+11	9.02e-04	9.99e-01	2.13e-14
 2.89913e+12	9.02e-04	9.99e-01	2.13e-14
 1.25629e+13	9.02e-04	9.99e-01	2.13e-14
 5.12179e+13	9.03e-04	9.99e-01	2.14e-14
 1.22343e+14	9.01e-04	9.99e-01	2.16e-14
 2.14806e+14	8.99e-04	9.99e-01	2.18e-14
 3.35008e+14	8.99e-04	9.99e-01	2.20e-14
 4.91270e+14	8.99e-04	9.99e-01	2.23e-14
 6.94411e+14	8.99e-04	9.99e-01	2.28e-14
 9.58494e+14	9.01e-04	9.99e-01	2.33e-14
 1.30180e+15	9.05e-04	9.99e-01	2.41e-14
 1.74810e+15	9.12e-04	9.99e-01	2.50e-14
 2.32829e+15	9.22e-04	9.99e-01	2.63e-14
 3.08254e+15	9.39e-04	9.99e-01	2.80e-14
 4.06306e+15	9.64e-04	9.99e-01	3.05e-14
 5.33774e+15	1.00e-03	9.99e-01	3.40e-14
 6.99482e+15	1.07e-03	9.99e-01	3.91e-14
 9.14903e+15	1.16e-03	9.99e-01	4.70e-14
 1.17091e+16	1.30e-03	9.99e-01	5.84e-14
 1.43921e+16	1.48e-03	9.99e-01	7.37e-14
 1.65193e+16	1.66e-03	9.98e-01	8.90e-14
 1.81713e+16	1.87e-03	9.98e-01	1.08e-13
 1.99884e+16	2.11e-03	9.98e-01	1.28e-13
 2.14910e+16	2.35e-03	9.98e-01	1.49e-13
 2.24160e+16	2.51e-03	9.97e-01	1.63e-13
 2.32768e+16	2.67e-03	9.97e-01	1.78e-13
 2.43958e+16	2.91e-03	9.97e-01	2.00e-13
 2.55493e+16	3.19e-03	9.97e-01	2.26e-13
 2.64813e+16	3.45e-03	9.97e-01	2.51e-13
 2.72764e+16	3.68e-03	9.96e-01	2.74e-13
 2.81596e+16	3.98e-03	9.96e-01	3.03e-13
 2.91183e+16	4.34e-03	9.96e-01	3.39e-13
 2.99600e+16	4.69e-03	9.95e-01	3.73e-13
 3.07050e+16	5.04e-03	9.95e-01	4.09e-13
 3.15390e+16	5.47e-03	9.95e-01	4.53e-13
 3.24262e+16	5.99e-03	9.94e-01	5.07e-13
 3.31744e+16	6.49e-03	9.94e-01	5.61e-13
 3.38148e+16	6.97e-03	9.93e-01	6.13e-13
 3.45233e+16	7.55e-03	9.92e-01	6.75e-13
 3.52994e+16	8.28e-03	9.92e-01	7.56e-13
 3.59810e+16	9.01e-03	9.91e-01	8.39e-13
 3.65667e+16	9.71e-03	9.90e-01	9.18e-13
 3.72104e+16	1.06e-02	9.89e-01	1.02e-12
 3.79051e+16	1.17e-02	9.88e-01	1.15e-12
 3.85090e+16	1.28e-02	9.87e-01	1.28e-12
 3.90310e+16	1.39e-02	9.86e-01	1.40e-12
 3.96030e+16	1.53e-02	9.85e-01	1.57e-12
 4.02042e+16	1.69e-02	9.83e-01	1.77e-12
 4.06995e+16	1.86e-02	9.81e-01	1.98e-12
 4.11117e+16	2.02e-02	9.80e-01	2.17e-12
 4.15600e+16	2.21e-02	9.78e-01	2.42e-12
 4.20418e+16	2.47e-02	9.75e-01	2.75e-12
 4.24514e+16	2.72e-02	9.73e-01	3.08e-12
 4.27946e+16	2.97e-02	9.70e-01	3.41e-12
 4.31670e+16	3.29e-02	9.67e-01	3.84e-12
 4.35643e+16	3.69e-02	9.63e-01	4.41e-12
 4.38994e+16	4.12e-02	9.59e-01	5.00e-12
 4.41803e+16	4.54e-02	9.55e-01	5.61e-12
 4.44853e+16	5.09e-02	9.49e-01	6.44e-12
 4.48130e+16	5.82e-02	9.42e-01	7.54e-12
 4.50923e+16	6.60e-02	9.34e-01	8.80e-12
 4.53269e+16	7.42e-02	9.26e-01	1.01e-11
 4.55808e+16	8.52e-02	9.15e-01	1.20e-11
 4.58141e+16	9.80e-02	9.02e-01	1.43e-11
 4.59592e+16	1.08e-01	8.92e-01	1.61e-11
 4.60668e+16	1.16e-01	8.84e-01	1.77e-11
 4.61872e+16	1.26e-01	8.74e-01	1.99e-11
 4.63225e+16	1.40e-01	8.60e-01	2.28e-11
 4.64442e+16	1.55e-01	8.45e-01	2.61e-11
 4.65443e+16	1.69e-01	8.31e-01	2.93e-11
 4.66342e+16	1.83e-01	8.17e-01	3.28e-11
 4.67356e+16	2.02e-01	7.98e-01	3.77e-11
 4.68397e+16	2.24e-01	7.76e-01	4.38e-11
 4.69216e+16	2.44e-01	7.56e-01	4.98e-11
 4.69884e+16	2.63e-01	7.37e-01	5.56e-11
 4.70612e+16	2.85e-01	7.15e-01	6.33e-11
 4.71393e+16	3.13e-01	6.87e-01	7.33e-11
 4.72059e+16	3.39e-01	6.61e-01	8.36e-11
 4.72617e+16	3.62e-01	6.38e-01	9.41e-11
 4.73192e+16	3.89e-01	6.11e-01	1.07e-10
 4.73795e+16	4.20e-01	5.80e-01	1.23e-10
 4.74332e+16	4.50e-01	5.50e-01	1.40e-10
 4.74777e+16	4.76e-01	5.24e-01	1.57e-10
 4.75158e+16	4.99e-01	5.01e-01	1.74e-10
 4.75513e+16	5.22e-01	4.78e-01	1.92e-10
 4.75849e+16	5.44e-01	4.56e-01	2.11e-10
 4.76108e+16	5.61e-01	4.39e-01	2.27e-10
 4.76276e+16	5.72e-01	4.28e-01	2.37e-10
 4.76433e+16	5.83e-01	4.17e-01	2.49e-10
 4.76615e+16	5.95e-01	4.05e-01	2.63e-10
 4.76806e+16	6.09e-01	3.91e-01	2.79e-10
 4.76986e+16	6.22e-01	3.78e-01	2.95e-10
 4.77153e+16	6.34e-01	3.66e-01	3.11e-10
 4.77315e+16	6.45e-01	3.55e-01	3.28e-10
 4.77478e+16	6.57e-01	3.43e-01	3.46e-10
 4.77639e+16	6.69e-01	3.31e-01	3.65e-10
 4.77796e+16	6.81e-01	3.19e-01	3.85e-10
 4.77948e+16	6.92e-01	3.08e-01	4.06e-10
 4.78097e+16	7.03e-01	2.97e-01	4.27e-10
 4.78245e+16	7.14e-01	2.86e-01	4.50e-10
 4.78390e+16	7.24e-01	2.76e-01	4.74e-10
 4.78532e+16	7.35e-01	2.65e-01	5.00e-10
 4.78671e+16	7.45e-01	2.55e-01	5.26e-10
 4.78807e+16	7.54e-01	2.46e-01	5.54e-10
 4.78942e+16	7.64e-01	2.36e-01	5.83e-10
 4.79074e+16	7.73e-01	2.27e-01	6.14e-10
 4.79204e+16	7.82e-01	2.18e-01	6.46e-10
 4.79331e+16	7.91e-01	2.09e-01	6.80e-10
 4.79456e+16	8.00e-01	2.00e-01	7.16e-10
 4.79579e+16	8.08e-01	1.92e-01	7.54e-10
 4.79700e+16	8.16e-01	1.84e-01	7.94e-10
 4.79820e+16	8.24e-01	1.76e-01	8.36e-10
 4.79937e+16	8.31e-01	1.69e-01	8.80e-10
 4.80052e+16	8.38e-01	1.62e-01	9.27e-10
 4.80165e+16	8.45e-01	1.55e-01	9.76e-10
 4.80274e+16	8.52e-01	1.48e-01	1.03e-09
 4.80380e+16	8.58e-01	1.42e-01	1.08e-09
 4.80484e+16	8.64e-01	1.36e-01	1.14e-09
 4.80587e+16	8.70e-01	1.30e-01	1.20e-09
 4.80686e+16	8.75e-01	1.25e-01	1.26e-09
 4.80782e+16	8.80e-01	1.20e-01	1.32e-09
 4.80875e+16	8.85e-01	1.15e-01	1.39e-09
 4.80968e+16	8.90e-01	1.10e-01	1.46e-09
 4.81058e+16	8.94e-01	1.06e-01	1.54e-09
 4.81146e+16	8.99e-01	1.01e-01	1.62e-09
 4.81232e+16	9.03e-01	9.72e-02	1.70e-09
 4.81316e+16	9.07e-01	9.32e-02	1.79e-09
 4.81399e+16	9.11e-01	8.95e-02	1.88e-09
 4.81479e+16	9.14e-01	8.59e-02	1.98e-09
 4.81558e+16	9.18e-01	8.25e-02	2.08e-09
 4.81636e+16	9.21e-01	7.92e-02	2.19e-09
 4.81713e+16	9.24e-01	7.59e-02	2.31e-09
 4.81788e+16	9.27e-01	7.29e-02	2.43e-09
 4.81860e+16	9.30e-01	7.01e-02	2.56e-09
 4.81932e+16	9.33e-01	6.73e-02	2.70e-09
 4.82004e+16	9.35e-01	6.46e-02	2.85e-09
 4.82073e+16	9.38e-01	6.21e-02	3.01e-09
 4.82140e+16	9.40e-01	5.97e-02	3.17e-09
 4.82208e+16	9.43e-01	5.73e-02	3.35e-09
 4.82274e+16	9.45e-01	5.50e-02	3.54e-09
 4.82337e+16	9.47e-01	5.29e-02	3.75e-09
 4.82400e+16	9.49e-01	5.09e-02	3.97e-09
 4.82463e+16	9.51e-01	4.89e-02	4.21e-09
 4.82526e+16	9.53e-01	4.69e-02	4.47e-09
 4.82586e+16	9.55e-01	4.51e-02	4.74e-09
 4.82644e+16	9.57e-01	4.34e-02	5.03e-09
 4.82702e+16	9.58e-01	4.17e-02	5.36e-09
 4.82759e+16	9.60e-01	4.01e-02	5.71e-09
 4.82814e+16	9.61e-01	3.85e-02	6.09e-09
 4.82870e+16	9.63e-01	3.70e-02	6.52e-09
 4.82924e+16	9.64e-01	3.56e-02	6.98e-09
 4.82976e+16	9.66e-01	3.42e-02	7.48e-09
 4.83027e+16	9.67e-01	3.29e-02	8.03e-09
 4.83077e+16	9.68e-01	3.16e-02	8.63e-09
 4.83127e+16	9.70e-01	3.04e-02	9.32e-09
 4.83175e+16	9.71e-01	2.92e-02	1.01e-08
 4.83223e+16	9.72e-01	2.81e-02	1.09e-08
 4.83269e+16	9.73e-01	2.70e-02	1.19e-08
 4.83313e+16	9.74e-01	2.59e-02	1.30e-08
 4.83357e+16	9.75e-01	2.49e-02	1.42e-08
 4.83400e+16	9.76e-01	2.39e-02	1.56e-08
 4.83441e+16	9.77e-01	2.30e-02	1.72e-08
 4.83481e+16	9.78e-01	2.21e-02	1.90e-08
 4.83518e+16	9.79e-01	2.13e-02	2.10e-08
 4.83552e+16	9.80e-01	2.05e-02	2.32e-08
 4.83584e+16	9.80e-01	1.98e-02	2.56e-08
 4.83613e+16	9.81e-01	1.92e-02	2.83e-08
 4.83641e+16	9.81e-01	1.86e-02	3.13e-08
 4.83666e+16	9.82e-01	1.80e-02	3.45e-08
 4.83690e+16	9.83e-01	1.75e-02	3.82e-08
 4.83712e+16	9.83e-01	1.70e-02	4.22e-08
 4.83733e+16	9.84e-01	1.65e-02	4.66e-08
 4.83753e+16	9.84e-01	1.61e-02	5.15e-08
 4.83771e+16	9.84e-01	1.56e-02	5.69e-08
 4.83787e+16	9.85e-01	1.53e-02	6.28e-08
 4.83803e+16	9.85e-01	1.49e-02	6.94e-08
 4.83819e+16	9.85e-01	1.45e-02	7.67e-08
 4.83833e+16	9.86e-01	1.42e-02	8.48e-08
 4.83846e+16	9.86e-01	1.39e-02	9.36e-08
 4.83858e+16	9.86e-01	1.36e-02	1.03e-07
 4.83869e+16	9.87e-01	1.33e-02	1.14e-07
 4.83880e+16	9.87e-01	1.30e-02	1.26e-07
 4.83891e+16	9.87e-01	1.27e-02	1.39e-07
 4.83900e+16	9.88e-01	1.24e-02	1.54e-07
 4.83910e+16	9.88e-01	1.22e-02	1.70e-07
 4.83918e+16	9.88e-01	1.19e-02	1.87e-07
 4.83926e+16	9.88e-01	1.17e-02	2.07e-07
 4.83934e+16	9.89e-01	1.15e-02	2.28e-07
 4.83941e+16	9.89e-01	1.13e-02	2.47e-07
 4.83948e+16	9.89e-01	1.10e-02	2.78e-07
 4.83955e+16	9.89e-01	1.08e-02	3.11e-07
 4.83961e+16	9.89e-01	1.06e-02	3.33e-07
 4.83967e+16	9.90e-01	1.04e-02	3.72e-07
 4.83973e+16	9.90e-01	1.01e-02	4.13e-07
 4.83978e+16	9.90e-01	9.86e-03	4.55e-07
