#depth	He	He+	He+2
 4.83188e+11	7.01e-04	9.38e-01	6.17e-02
 2.89913e+12	7.01e-04	9.38e-01	6.17e-02
 1.25629e+13	7.02e-04	9.38e-01	6.14e-02
 5.12179e+13	7.05e-04	9.40e-01	5.95e-02
 1.22343e+14	7.09e-04	9.41e-01	5.87e-02
 2.14806e+14	7.16e-04	9.44e-01	5.58e-02
 3.35008e+14	7.25e-04	9.48e-01	5.08e-02
 4.91270e+14	7.36e-04	9.55e-01	4.39e-02
 6.94411e+14	7.51e-04	9.64e-01	3.52e-02
 9.58494e+14	7.69e-04	9.74e-01	2.56e-02
 1.30180e+15	7.90e-04	9.83e-01	1.65e-02
 1.74810e+15	8.13e-04	9.90e-01	9.07e-03
 2.32829e+15	8.38e-04	9.95e-01	4.14e-03
 3.08254e+15	8.68e-04	9.98e-01	1.53e-03
 4.06306e+15	9.06e-04	9.99e-01	4.46e-04
 5.33774e+15	9.54e-04	9.99e-01	1.03e-04
 6.99482e+15	1.02e-03	9.99e-01	1.95e-05
 9.14903e+15	1.11e-03	9.99e-01	3.17e-06
 1.17091e+16	1.21e-03	9.99e-01	5.14e-07
 1.43921e+16	1.34e-03	9.99e-01	1.03e-07
 1.65193e+16	1.44e-03	9.99e-01	3.42e-08
 1.81713e+16	1.56e-03	9.98e-01	1.54e-08
 1.99884e+16	1.68e-03	9.98e-01	6.83e-09
 2.14910e+16	1.77e-03	9.98e-01	3.79e-09
 2.24160e+16	1.84e-03	9.98e-01	2.70e-09
 2.32768e+16	1.90e-03	9.98e-01	1.94e-09
 2.43958e+16	2.00e-03	9.98e-01	1.30e-09
 2.55493e+16	2.09e-03	9.98e-01	8.94e-10
 2.64813e+16	2.18e-03	9.98e-01	6.73e-10
 2.72764e+16	2.26e-03	9.98e-01	5.35e-10
 2.81596e+16	2.36e-03	9.98e-01	4.14e-10
 2.91183e+16	2.48e-03	9.98e-01	3.23e-10
 2.99600e+16	2.58e-03	9.97e-01	2.66e-10
 3.07050e+16	2.69e-03	9.97e-01	2.26e-10
 3.15390e+16	2.82e-03	9.97e-01	1.89e-10
 3.24262e+16	2.97e-03	9.97e-01	1.60e-10
 3.31744e+16	3.11e-03	9.97e-01	1.42e-10
 3.38148e+16	3.25e-03	9.97e-01	1.28e-10
 3.45233e+16	3.41e-03	9.97e-01	1.16e-10
 3.52994e+16	3.61e-03	9.96e-01	1.04e-10
 3.59810e+16	3.81e-03	9.96e-01	9.71e-11
 3.65667e+16	4.00e-03	9.96e-01	9.25e-11
 3.72104e+16	4.24e-03	9.96e-01	8.65e-11
 3.79051e+16	4.53e-03	9.95e-01	8.20e-11
 3.85090e+16	4.82e-03	9.95e-01	7.91e-11
 3.90310e+16	5.09e-03	9.95e-01	7.76e-11
 3.96030e+16	5.45e-03	9.95e-01	7.50e-11
 4.02042e+16	5.88e-03	9.94e-01	7.40e-11
 4.06995e+16	6.29e-03	9.94e-01	7.28e-11
 4.11117e+16	6.68e-03	9.93e-01	7.23e-11
 4.15600e+16	7.18e-03	9.93e-01	7.27e-11
 4.20418e+16	7.79e-03	9.92e-01	7.26e-11
 4.24514e+16	8.41e-03	9.92e-01	7.35e-11
 4.27946e+16	9.01e-03	9.91e-01	7.41e-11
 4.31670e+16	9.79e-03	9.90e-01	7.59e-11
 4.35643e+16	1.08e-02	9.89e-01	7.77e-11
 4.38994e+16	1.18e-02	9.88e-01	8.02e-11
 4.41803e+16	1.27e-02	9.87e-01	8.27e-11
 4.44853e+16	1.40e-02	9.86e-01	8.66e-11
 4.48130e+16	1.57e-02	9.84e-01	9.13e-11
 4.50923e+16	1.75e-02	9.82e-01	9.75e-11
 4.53269e+16	1.94e-02	9.81e-01	1.04e-10
 4.55808e+16	2.20e-02	9.78e-01	1.13e-10
 4.58141e+16	2.49e-02	9.75e-01	1.24e-10
 4.59592e+16	2.71e-02	9.73e-01	1.33e-10
 4.60668e+16	2.90e-02	9.71e-01	1.41e-10
 4.61872e+16	3.16e-02	9.68e-01	1.52e-10
 4.63225e+16	3.49e-02	9.65e-01	1.66e-10
 4.64442e+16	3.84e-02	9.62e-01	1.83e-10
 4.65443e+16	4.19e-02	9.58e-01	1.99e-10
 4.66342e+16	4.56e-02	9.54e-01	2.16e-10
 4.67356e+16	5.05e-02	9.49e-01	2.41e-10
 4.68397e+16	5.64e-02	9.44e-01	2.72e-10
 4.69216e+16	6.21e-02	9.38e-01	3.01e-10
 4.69884e+16	6.74e-02	9.33e-01	3.29e-10
 4.70612e+16	7.44e-02	9.26e-01	3.66e-10
 4.71393e+16	8.30e-02	9.17e-01	4.14e-10
 4.72059e+16	9.17e-02	9.08e-01	4.63e-10
 4.72617e+16	1.00e-01	9.00e-01	5.11e-10
 4.73192e+16	1.11e-01	8.89e-01	5.70e-10
 4.73795e+16	1.23e-01	8.77e-01	6.41e-10
 4.74332e+16	1.36e-01	8.64e-01	7.18e-10
 4.74777e+16	1.49e-01	8.51e-01	7.88e-10
 4.75158e+16	1.61e-01	8.39e-01	8.56e-10
 4.75513e+16	1.73e-01	8.27e-01	9.26e-10
 4.75849e+16	1.86e-01	8.14e-01	9.99e-10
 4.76108e+16	1.97e-01	8.03e-01	1.06e-09
 4.76276e+16	2.04e-01	7.96e-01	1.10e-09
 4.76433e+16	2.12e-01	7.88e-01	1.14e-09
 4.76615e+16	2.22e-01	7.78e-01	1.18e-09
 4.76806e+16	2.32e-01	7.68e-01	1.24e-09
 4.76986e+16	2.42e-01	7.58e-01	1.29e-09
 4.77153e+16	2.52e-01	7.48e-01	1.34e-09
 4.77315e+16	2.62e-01	7.38e-01	1.39e-09
 4.77478e+16	2.73e-01	7.27e-01	1.45e-09
 4.77639e+16	2.84e-01	7.16e-01	1.50e-09
 4.77796e+16	2.95e-01	7.05e-01	1.56e-09
 4.77948e+16	3.07e-01	6.93e-01	1.61e-09
 4.78097e+16	3.19e-01	6.81e-01	1.67e-09
 4.78245e+16	3.31e-01	6.69e-01	1.73e-09
 4.78390e+16	3.43e-01	6.57e-01	1.78e-09
 4.78532e+16	3.56e-01	6.44e-01	1.84e-09
 4.78671e+16	3.69e-01	6.31e-01	1.90e-09
 4.78807e+16	3.82e-01	6.18e-01	1.96e-09
 4.78942e+16	3.95e-01	6.05e-01	2.01e-09
 4.79074e+16	4.09e-01	5.91e-01	2.07e-09
 4.79204e+16	4.23e-01	5.77e-01	2.12e-09
 4.79331e+16	4.37e-01	5.63e-01	2.18e-09
 4.79456e+16	4.51e-01	5.49e-01	2.23e-09
 4.79579e+16	4.65e-01	5.35e-01	2.28e-09
 4.79700e+16	4.79e-01	5.21e-01	2.34e-09
 4.79820e+16	4.94e-01	5.06e-01	2.39e-09
 4.79937e+16	5.08e-01	4.92e-01	2.43e-09
 4.80052e+16	5.23e-01	4.77e-01	2.48e-09
 4.80165e+16	5.37e-01	4.63e-01	2.53e-09
 4.80274e+16	5.52e-01	4.48e-01	2.57e-09
 4.80380e+16	5.66e-01	4.34e-01	2.61e-09
 4.80484e+16	5.79e-01	4.21e-01	2.64e-09
 4.80587e+16	5.93e-01	4.07e-01	2.68e-09
 4.80686e+16	6.07e-01	3.93e-01	2.71e-09
 4.80782e+16	6.20e-01	3.80e-01	2.74e-09
 4.80875e+16	6.33e-01	3.67e-01	2.76e-09
 4.80968e+16	6.45e-01	3.55e-01	2.78e-09
 4.81058e+16	6.58e-01	3.42e-01	2.81e-09
 4.81146e+16	6.70e-01	3.30e-01	2.82e-09
 4.81232e+16	6.82e-01	3.18e-01	2.84e-09
 4.81316e+16	6.93e-01	3.07e-01	2.85e-09
 4.81399e+16	7.05e-01	2.95e-01	2.86e-09
 4.81479e+16	7.16e-01	2.84e-01	2.87e-09
 4.81558e+16	7.26e-01	2.74e-01	2.88e-09
 4.81636e+16	7.36e-01	2.64e-01	2.88e-09
 4.81713e+16	7.47e-01	2.53e-01	2.88e-09
 4.81788e+16	7.57e-01	2.43e-01	2.88e-09
 4.81860e+16	7.66e-01	2.34e-01	2.88e-09
 4.81932e+16	7.75e-01	2.25e-01	2.87e-09
 4.82004e+16	7.84e-01	2.16e-01	2.86e-09
 4.82073e+16	7.93e-01	2.07e-01	2.85e-09
 4.82140e+16	8.01e-01	1.99e-01	2.84e-09
 4.82208e+16	8.09e-01	1.91e-01	2.83e-09
 4.82274e+16	8.17e-01	1.83e-01	2.81e-09
 4.82337e+16	8.25e-01	1.75e-01	2.79e-09
 4.82400e+16	8.32e-01	1.68e-01	2.77e-09
 4.82463e+16	8.39e-01	1.61e-01	2.75e-09
 4.82526e+16	8.46e-01	1.54e-01	2.73e-09
 4.82586e+16	8.52e-01	1.48e-01	2.71e-09
 4.82644e+16	8.59e-01	1.41e-01	2.68e-09
 4.82702e+16	8.64e-01	1.36e-01	2.65e-09
 4.82759e+16	8.70e-01	1.30e-01	2.62e-09
 4.82814e+16	8.76e-01	1.24e-01	2.59e-09
 4.82870e+16	8.81e-01	1.19e-01	2.56e-09
 4.82924e+16	8.86e-01	1.14e-01	2.53e-09
 4.82976e+16	8.91e-01	1.09e-01	2.49e-09
 4.83027e+16	8.96e-01	1.04e-01	2.46e-09
 4.83077e+16	9.01e-01	9.94e-02	2.42e-09
 4.83127e+16	9.05e-01	9.50e-02	2.38e-09
 4.83175e+16	9.09e-01	9.08e-02	2.34e-09
 4.83223e+16	9.13e-01	8.69e-02	2.30e-09
 4.83269e+16	9.17e-01	8.31e-02	2.26e-09
 4.83313e+16	9.21e-01	7.94e-02	2.22e-09
 4.83357e+16	9.24e-01	7.59e-02	2.18e-09
 4.83400e+16	9.27e-01	7.26e-02	2.14e-09
 4.83441e+16	9.31e-01	6.93e-02	2.09e-09
 4.83481e+16	9.34e-01	6.64e-02	2.05e-09
 4.83518e+16	9.36e-01	6.36e-02	2.00e-09
 4.83552e+16	9.39e-01	6.11e-02	1.96e-09
 4.83584e+16	9.41e-01	5.87e-02	1.92e-09
 4.83613e+16	9.43e-01	5.66e-02	1.88e-09
 4.83641e+16	9.45e-01	5.46e-02	1.84e-09
 4.83666e+16	9.47e-01	5.27e-02	1.80e-09
 4.83690e+16	9.49e-01	5.10e-02	1.76e-09
 4.83712e+16	9.51e-01	4.94e-02	1.72e-09
 4.83733e+16	9.52e-01	4.79e-02	1.69e-09
 4.83753e+16	9.53e-01	4.65e-02	1.65e-09
 4.83771e+16	9.55e-01	4.52e-02	1.62e-09
 4.83787e+16	9.56e-01	4.40e-02	1.58e-09
 4.83803e+16	9.57e-01	4.29e-02	1.55e-09
 4.83819e+16	9.58e-01	4.18e-02	1.52e-09
 4.83833e+16	9.59e-01	4.08e-02	1.49e-09
 4.83846e+16	9.60e-01	3.98e-02	1.46e-09
 4.83858e+16	9.61e-01	3.89e-02	1.43e-09
 4.83869e+16	9.62e-01	3.80e-02	1.40e-09
 4.83880e+16	9.63e-01	3.72e-02	1.38e-09
 4.83891e+16	9.64e-01	3.64e-02	1.35e-09
 4.83900e+16	9.64e-01	3.56e-02	1.32e-09
 4.83910e+16	9.65e-01	3.49e-02	1.29e-09
 4.83918e+16	9.66e-01	3.42e-02	1.27e-09
 4.83926e+16	9.66e-01	3.36e-02	1.24e-09
 4.83934e+16	9.67e-01	3.29e-02	1.22e-09
 4.83941e+16	9.68e-01	3.24e-02	1.20e-09
 4.83948e+16	9.68e-01	3.17e-02	1.17e-09
 4.83955e+16	9.69e-01	3.10e-02	1.14e-09
 4.83961e+16	9.69e-01	3.06e-02	1.12e-09
 4.83967e+16	9.70e-01	2.99e-02	1.09e-09
 4.83973e+16	9.71e-01	2.93e-02	1.06e-09
 4.83978e+16	9.71e-01	2.88e-02	1.04e-09
