#depth	He	He+	He+2
 4.45742e+11	7.77e-04	9.43e-01	5.65e-02
 2.67445e+12	7.77e-04	9.43e-01	5.65e-02
 1.15893e+13	7.78e-04	9.43e-01	5.62e-02
 4.72487e+13	7.81e-04	9.45e-01	5.44e-02
 1.12862e+14	7.84e-04	9.46e-01	5.35e-02
 1.98159e+14	7.90e-04	9.48e-01	5.07e-02
 3.09046e+14	7.99e-04	9.53e-01	4.62e-02
 4.53198e+14	8.10e-04	9.59e-01	3.98e-02
 6.40596e+14	8.25e-04	9.67e-01	3.21e-02
 8.84214e+14	8.44e-04	9.76e-01	2.35e-02
 1.20092e+15	8.67e-04	9.84e-01	1.53e-02
 1.61263e+15	8.94e-04	9.91e-01	8.60e-03
 2.14786e+15	9.28e-04	9.95e-01	4.05e-03
 2.84365e+15	9.70e-04	9.97e-01	1.55e-03
 3.74819e+15	1.03e-03	9.99e-01	4.70e-04
 4.92408e+15	1.11e-03	9.99e-01	1.12e-04
 6.45275e+15	1.22e-03	9.99e-01	2.14e-05
 8.04508e+15	1.34e-03	9.99e-01	4.63e-06
 9.42798e+15	1.46e-03	9.99e-01	1.49e-06
 1.09336e+16	1.61e-03	9.98e-01	4.99e-07
 1.23738e+16	1.76e-03	9.98e-01	1.98e-07
 1.32411e+16	1.86e-03	9.98e-01	1.22e-07
 1.37478e+16	1.92e-03	9.98e-01	9.18e-08
 1.42734e+16	1.99e-03	9.98e-01	6.79e-08
 1.49568e+16	2.08e-03	9.98e-01	4.66e-08
 1.56950e+16	2.19e-03	9.98e-01	3.20e-08
 1.63456e+16	2.29e-03	9.98e-01	2.34e-08
 1.69306e+16	2.38e-03	9.98e-01	1.77e-08
 1.75896e+16	2.50e-03	9.97e-01	1.29e-08
 1.82874e+16	2.63e-03	9.97e-01	9.52e-09
 1.88818e+16	2.75e-03	9.97e-01	7.40e-09
 1.94102e+16	2.86e-03	9.97e-01	5.93e-09
 2.00071e+16	3.00e-03	9.97e-01	4.60e-09
 2.06480e+16	3.16e-03	9.97e-01	3.58e-09
 2.12044e+16	3.31e-03	9.97e-01	2.90e-09
 2.16978e+16	3.46e-03	9.97e-01	2.41e-09
 2.22511e+16	3.63e-03	9.96e-01	1.95e-09
 2.28476e+16	3.84e-03	9.96e-01	1.58e-09
 2.33672e+16	4.04e-03	9.96e-01	1.32e-09
 2.38258e+16	4.23e-03	9.96e-01	1.13e-09
 2.43383e+16	4.47e-03	9.96e-01	9.49e-10
 2.48935e+16	4.75e-03	9.95e-01	7.95e-10
 2.53797e+16	5.04e-03	9.95e-01	6.85e-10
 2.58073e+16	5.31e-03	9.95e-01	6.02e-10
 2.62830e+16	5.66e-03	9.94e-01	5.21e-10
 2.67905e+16	6.09e-03	9.94e-01	4.51e-10
 2.72164e+16	6.50e-03	9.94e-01	4.03e-10
 2.75719e+16	6.89e-03	9.93e-01	3.66e-10
 2.79589e+16	7.36e-03	9.93e-01	3.31e-10
 2.83797e+16	7.98e-03	9.92e-01	2.98e-10
 2.87409e+16	8.59e-03	9.91e-01	2.74e-10
 2.90419e+16	9.17e-03	9.91e-01	2.57e-10
 2.93676e+16	9.91e-03	9.90e-01	2.39e-10
 2.97193e+16	1.08e-02	9.89e-01	2.23e-10
 3.00226e+16	1.18e-02	9.88e-01	2.12e-10
 3.02811e+16	1.27e-02	9.87e-01	2.04e-10
 3.05636e+16	1.40e-02	9.86e-01	1.96e-10
 3.08675e+16	1.56e-02	9.84e-01	1.89e-10
 3.11263e+16	1.73e-02	9.83e-01	1.88e-10
 3.13470e+16	1.91e-02	9.81e-01	1.88e-10
 3.15912e+16	2.15e-02	9.79e-01	1.89e-10
 3.18555e+16	2.46e-02	9.75e-01	1.95e-10
 3.20501e+16	2.76e-02	9.72e-01	2.04e-10
 3.21652e+16	2.96e-02	9.70e-01	2.10e-10
 3.22727e+16	3.19e-02	9.68e-01	2.16e-10
 3.24124e+16	3.53e-02	9.65e-01	2.29e-10
 3.25548e+16	3.92e-02	9.61e-01	2.45e-10
 3.26655e+16	4.28e-02	9.57e-01	2.64e-10
 3.27567e+16	4.63e-02	9.54e-01	2.80e-10
 3.28579e+16	5.05e-02	9.49e-01	3.06e-10
 3.29683e+16	5.59e-02	9.44e-01	3.38e-10
 3.30645e+16	6.13e-02	9.39e-01	3.69e-10
 3.31454e+16	6.64e-02	9.34e-01	4.06e-10
 3.32326e+16	7.29e-02	9.27e-01	4.50e-10
 3.33271e+16	8.07e-02	9.19e-01	5.06e-10
 3.34094e+16	8.85e-02	9.11e-01	5.62e-10
 3.34806e+16	9.59e-02	9.04e-01	6.26e-10
 3.35567e+16	1.05e-01	8.95e-01	6.95e-10
 3.36383e+16	1.16e-01	8.84e-01	7.96e-10
 3.37130e+16	1.27e-01	8.73e-01	8.90e-10
 3.37811e+16	1.39e-01	8.61e-01	1.00e-09
 3.38437e+16	1.50e-01	8.50e-01	1.11e-09
 3.39030e+16	1.62e-01	8.38e-01	1.23e-09
 3.39600e+16	1.75e-01	8.25e-01	1.35e-09
 3.40129e+16	1.87e-01	8.13e-01	1.48e-09
 3.40540e+16	1.97e-01	8.03e-01	1.58e-09
 3.40822e+16	2.05e-01	7.95e-01	1.66e-09
 3.41094e+16	2.12e-01	7.88e-01	1.73e-09
 3.41413e+16	2.22e-01	7.78e-01	1.82e-09
 3.41751e+16	2.32e-01	7.68e-01	1.92e-09
 3.42068e+16	2.42e-01	7.58e-01	2.04e-09
 3.42367e+16	2.52e-01	7.48e-01	2.13e-09
 3.42665e+16	2.62e-01	7.38e-01	2.25e-09
 3.42967e+16	2.72e-01	7.28e-01	2.35e-09
 3.43267e+16	2.83e-01	7.17e-01	2.48e-09
 3.43563e+16	2.94e-01	7.06e-01	2.59e-09
 3.43855e+16	3.05e-01	6.95e-01	2.73e-09
 3.44148e+16	3.17e-01	6.83e-01	2.85e-09
 3.44443e+16	3.30e-01	6.70e-01	2.98e-09
 3.44729e+16	3.41e-01	6.59e-01	3.12e-09
 3.45011e+16	3.54e-01	6.46e-01	3.25e-09
 3.45296e+16	3.67e-01	6.33e-01	3.40e-09
 3.45582e+16	3.80e-01	6.20e-01	3.54e-09
 3.45866e+16	3.93e-01	6.07e-01	3.68e-09
 3.46143e+16	4.06e-01	5.94e-01	3.83e-09
 3.46417e+16	4.20e-01	5.80e-01	3.98e-09
 3.46697e+16	4.34e-01	5.66e-01	4.13e-09
 3.46974e+16	4.48e-01	5.52e-01	4.29e-09
 3.47248e+16	4.62e-01	5.38e-01	4.44e-09
 3.47522e+16	4.77e-01	5.23e-01	4.59e-09
 3.47790e+16	4.91e-01	5.09e-01	4.75e-09
 3.48056e+16	5.05e-01	4.95e-01	4.90e-09
 3.48325e+16	5.19e-01	4.81e-01	5.05e-09
 3.48592e+16	5.34e-01	4.66e-01	5.20e-09
 3.48854e+16	5.48e-01	4.52e-01	5.35e-09
 3.49109e+16	5.62e-01	4.38e-01	5.50e-09
 3.49360e+16	5.76e-01	4.24e-01	5.63e-09
 3.49609e+16	5.90e-01	4.10e-01	5.75e-09
 3.49857e+16	6.03e-01	3.97e-01	5.89e-09
 3.50103e+16	6.16e-01	3.84e-01	6.02e-09
 3.50342e+16	6.29e-01	3.71e-01	6.14e-09
 3.50576e+16	6.42e-01	3.58e-01	6.25e-09
 3.50810e+16	6.54e-01	3.46e-01	6.36e-09
 3.51044e+16	6.67e-01	3.33e-01	6.47e-09
 3.51274e+16	6.79e-01	3.21e-01	6.58e-09
 3.51497e+16	6.90e-01	3.10e-01	6.66e-09
 3.51719e+16	7.02e-01	2.98e-01	6.75e-09
 3.51943e+16	7.13e-01	2.87e-01	6.85e-09
 3.52163e+16	7.23e-01	2.77e-01	6.93e-09
 3.52378e+16	7.34e-01	2.66e-01	7.00e-09
 3.52590e+16	7.44e-01	2.56e-01	7.06e-09
 3.52806e+16	7.54e-01	2.46e-01	7.12e-09
 3.53020e+16	7.64e-01	2.36e-01	7.19e-09
 3.53228e+16	7.73e-01	2.27e-01	7.25e-09
 3.53432e+16	7.82e-01	2.18e-01	7.29e-09
 3.53637e+16	7.90e-01	2.10e-01	7.33e-09
 3.53843e+16	7.99e-01	2.01e-01	7.38e-09
 3.54047e+16	8.07e-01	1.93e-01	7.41e-09
 3.54247e+16	8.15e-01	1.85e-01	7.45e-09
 3.54444e+16	8.22e-01	1.78e-01	7.48e-09
 3.54637e+16	8.29e-01	1.71e-01	7.48e-09
 3.54833e+16	8.36e-01	1.64e-01	7.52e-09
 3.55031e+16	8.43e-01	1.57e-01	7.53e-09
 3.55224e+16	8.50e-01	1.50e-01	7.54e-09
 3.55410e+16	8.56e-01	1.44e-01	7.52e-09
 3.55600e+16	8.62e-01	1.38e-01	7.51e-09
 3.55795e+16	8.68e-01	1.32e-01	7.52e-09
 3.55982e+16	8.73e-01	1.27e-01	7.53e-09
 3.56160e+16	8.78e-01	1.22e-01	7.51e-09
 3.56339e+16	8.83e-01	1.17e-01	7.49e-09
 3.56525e+16	8.88e-01	1.12e-01	7.46e-09
 3.56711e+16	8.93e-01	1.07e-01	7.45e-09
 3.56890e+16	8.97e-01	1.03e-01	7.42e-09
 3.57063e+16	9.02e-01	9.84e-02	7.38e-09
 3.57236e+16	9.06e-01	9.43e-02	7.35e-09
 3.57410e+16	9.10e-01	9.04e-02	7.31e-09
 3.57581e+16	9.13e-01	8.66e-02	7.27e-09
 3.57746e+16	9.17e-01	8.32e-02	7.22e-09
 3.57900e+16	9.20e-01	8.01e-02	7.18e-09
 3.58041e+16	9.23e-01	7.73e-02	7.13e-09
 3.58168e+16	9.25e-01	7.48e-02	7.07e-09
 3.58286e+16	9.27e-01	7.26e-02	7.02e-09
 3.58398e+16	9.29e-01	7.05e-02	6.97e-09
 3.58504e+16	9.31e-01	6.86e-02	6.91e-09
 3.58601e+16	9.33e-01	6.69e-02	6.86e-09
 3.58691e+16	9.35e-01	6.53e-02	6.81e-09
 3.58777e+16	9.36e-01	6.38e-02	6.75e-09
 3.58860e+16	9.38e-01	6.24e-02	6.70e-09
 3.58939e+16	9.39e-01	6.11e-02	6.65e-09
 3.59013e+16	9.40e-01	5.99e-02	6.60e-09
 3.59083e+16	9.41e-01	5.88e-02	6.55e-09
 3.59150e+16	9.42e-01	5.77e-02	6.51e-09
 3.59215e+16	9.43e-01	5.67e-02	6.46e-09
 3.59277e+16	9.44e-01	5.57e-02	6.41e-09
 3.59338e+16	9.45e-01	5.48e-02	6.36e-09
 3.59396e+16	9.46e-01	5.39e-02	6.31e-09
 3.59455e+16	9.47e-01	5.30e-02	6.27e-09
 3.59513e+16	9.48e-01	5.22e-02	6.21e-09
 3.59571e+16	9.49e-01	5.13e-02	6.16e-09
 3.59630e+16	9.50e-01	5.04e-02	6.11e-09
 3.59691e+16	9.50e-01	4.96e-02	6.04e-09
 3.59756e+16	9.51e-01	4.86e-02	5.98e-09
 3.59821e+16	9.52e-01	4.77e-02	5.91e-09
 3.59882e+16	9.53e-01	4.68e-02	5.84e-09
 3.59937e+16	9.54e-01	4.61e-02	5.77e-09
 3.59987e+16	9.55e-01	4.54e-02	5.71e-09
 3.60036e+16	9.55e-01	4.47e-02	5.64e-09
 3.60083e+16	9.56e-01	4.40e-02	5.59e-09
 3.60127e+16	9.57e-01	4.34e-02	5.52e-09
 3.60167e+16	9.57e-01	4.28e-02	5.46e-09
 3.60203e+16	9.58e-01	4.23e-02	5.41e-09
 3.60237e+16	9.58e-01	4.18e-02	5.35e-09
 3.60267e+16	9.59e-01	4.14e-02	5.30e-09
 3.60294e+16	9.59e-01	4.10e-02	5.27e-09
 3.60324e+16	9.59e-01	4.05e-02	5.20e-09
 3.60357e+16	9.60e-01	4.01e-02	5.16e-09
 3.60386e+16	9.60e-01	3.96e-02	5.10e-09
 3.60413e+16	9.61e-01	3.93e-02	5.07e-09
 3.60443e+16	9.61e-01	3.88e-02	5.01e-09
 3.60475e+16	9.62e-01	3.84e-02	4.97e-09
 3.60504e+16	9.62e-01	3.80e-02	4.91e-09
 3.60530e+16	9.62e-01	3.76e-02	4.88e-09
 3.60559e+16	9.63e-01	3.72e-02	4.82e-09
 3.60590e+16	9.63e-01	3.67e-02	4.77e-09
 3.60618e+16	9.64e-01	3.64e-02	4.75e-09
 3.60650e+16	9.64e-01	3.60e-02	4.71e-09
