#depth	O	O+	O+2	O+3	O+4	O+5	O+6	O+7	O+8	O[1]	O[2]	O[3]
 4.45742e+11	6.01e-06	1.08e-02	9.64e-01	2.53e-02	9.38e-07	0.00e+00	0.00e+00	0.00e+00	0.00e+00	4.18e-06	1.23e-06	5.97e-07
 2.67445e+12	6.00e-06	1.08e-02	9.64e-01	2.52e-02	9.33e-07	0.00e+00	0.00e+00	0.00e+00	0.00e+00	4.17e-06	1.23e-06	5.96e-07
 1.15893e+13	6.01e-06	1.08e-02	9.64e-01	2.49e-02	9.14e-07	0.00e+00	0.00e+00	0.00e+00	0.00e+00	4.18e-06	1.23e-06	5.97e-07
 4.72487e+13	6.05e-06	1.09e-02	9.66e-01	2.35e-02	8.40e-07	0.00e+00	0.00e+00	0.00e+00	0.00e+00	4.21e-06	1.24e-06	6.02e-07
 1.12862e+14	6.06e-06	1.09e-02	9.67e-01	2.17e-02	7.40e-07	0.00e+00	0.00e+00	0.00e+00	0.00e+00	4.20e-06	1.25e-06	6.03e-07
 1.98159e+14	6.09e-06	1.10e-02	9.70e-01	1.95e-02	6.26e-07	0.00e+00	0.00e+00	0.00e+00	0.00e+00	4.23e-06	1.25e-06	6.07e-07
 3.09046e+14	6.16e-06	1.11e-02	9.72e-01	1.69e-02	5.01e-07	0.00e+00	0.00e+00	0.00e+00	0.00e+00	4.27e-06	1.27e-06	6.13e-07
 4.53198e+14	6.26e-06	1.12e-02	9.75e-01	1.39e-02	3.74e-07	0.00e+00	0.00e+00	0.00e+00	0.00e+00	4.35e-06	1.29e-06	6.24e-07
 6.40596e+14	6.41e-06	1.14e-02	9.78e-01	1.08e-02	2.54e-07	0.00e+00	0.00e+00	0.00e+00	0.00e+00	4.45e-06	1.32e-06	6.39e-07
 8.84214e+14	6.63e-06	1.16e-02	9.81e-01	7.67e-03	1.53e-07	0.00e+00	0.00e+00	0.00e+00	0.00e+00	4.60e-06	1.36e-06	6.60e-07
 1.20092e+15	6.94e-06	1.19e-02	9.83e-01	4.91e-03	0.00e+00	0.00e+00	0.00e+00	0.00e+00	0.00e+00	4.82e-06	1.42e-06	6.92e-07
 1.61263e+15	7.39e-06	1.22e-02	9.85e-01	2.75e-03	0.00e+00	0.00e+00	0.00e+00	0.00e+00	0.00e+00	5.14e-06	1.52e-06	7.37e-07
 2.14786e+15	8.06e-06	1.27e-02	9.86e-01	1.31e-03	0.00e+00	0.00e+00	0.00e+00	0.00e+00	0.00e+00	5.60e-06	1.65e-06	8.03e-07
 2.84365e+15	9.05e-06	1.34e-02	9.86e-01	5.23e-04	0.00e+00	0.00e+00	0.00e+00	0.00e+00	0.00e+00	6.29e-06	1.85e-06	9.02e-07
 3.74819e+15	1.06e-05	1.43e-02	9.86e-01	1.72e-04	0.00e+00	0.00e+00	0.00e+00	0.00e+00	0.00e+00	7.37e-06	2.16e-06	1.06e-06
 4.92408e+15	1.31e-05	1.56e-02	9.84e-01	5.04e-05	0.00e+00	0.00e+00	0.00e+00	0.00e+00	0.00e+00	9.12e-06	2.67e-06	1.30e-06
 6.45275e+15	1.74e-05	1.75e-02	9.82e-01	1.62e-05	0.00e+00	0.00e+00	0.00e+00	0.00e+00	0.00e+00	1.22e-05	3.55e-06	1.74e-06
 8.04508e+15	2.32e-05	1.97e-02	9.80e-01	8.23e-06	0.00e+00	0.00e+00	0.00e+00	0.00e+00	0.00e+00	1.62e-05	4.71e-06	2.31e-06
 9.42798e+15	3.01e-05	2.19e-02	9.78e-01	5.88e-06	0.00e+00	0.00e+00	0.00e+00	0.00e+00	0.00e+00	2.10e-05	6.12e-06	3.00e-06
 1.09336e+16	4.11e-05	2.49e-02	9.75e-01	4.51e-06	0.00e+00	0.00e+00	0.00e+00	0.00e+00	0.00e+00	2.87e-05	8.35e-06	4.09e-06
 1.23738e+16	5.47e-05	2.80e-02	9.72e-01	3.71e-06	0.00e+00	0.00e+00	0.00e+00	0.00e+00	0.00e+00	3.82e-05	1.11e-05	5.45e-06
 1.32411e+16	6.54e-05	3.02e-02	9.70e-01	3.33e-06	0.00e+00	0.00e+00	0.00e+00	0.00e+00	0.00e+00	4.56e-05	1.33e-05	6.50e-06
 1.37478e+16	7.30e-05	3.16e-02	9.68e-01	3.13e-06	0.00e+00	0.00e+00	0.00e+00	0.00e+00	0.00e+00	5.09e-05	1.48e-05	7.26e-06
 1.42734e+16	8.22e-05	3.32e-02	9.67e-01	2.93e-06	0.00e+00	0.00e+00	0.00e+00	0.00e+00	0.00e+00	5.73e-05	1.67e-05	8.17e-06
 1.49568e+16	9.62e-05	3.56e-02	9.64e-01	2.73e-06	0.00e+00	0.00e+00	0.00e+00	0.00e+00	0.00e+00	6.70e-05	1.96e-05	9.57e-06
 1.56950e+16	1.14e-04	3.83e-02	9.62e-01	2.51e-06	0.00e+00	0.00e+00	0.00e+00	0.00e+00	0.00e+00	7.94e-05	2.32e-05	1.13e-05
 1.63456e+16	1.33e-04	4.09e-02	9.59e-01	2.33e-06	0.00e+00	0.00e+00	0.00e+00	0.00e+00	0.00e+00	9.23e-05	2.71e-05	1.32e-05
 1.69306e+16	1.53e-04	4.35e-02	9.56e-01	2.19e-06	0.00e+00	0.00e+00	0.00e+00	0.00e+00	0.00e+00	1.06e-04	3.12e-05	1.52e-05
 1.75896e+16	1.80e-04	4.68e-02	9.53e-01	2.05e-06	0.00e+00	0.00e+00	0.00e+00	0.00e+00	0.00e+00	1.25e-04	3.69e-05	1.79e-05
 1.82874e+16	2.15e-04	5.07e-02	9.49e-01	1.90e-06	0.00e+00	0.00e+00	0.00e+00	0.00e+00	0.00e+00	1.49e-04	4.40e-05	2.14e-05
 1.88818e+16	2.51e-04	5.44e-02	9.45e-01	1.79e-06	0.00e+00	0.00e+00	0.00e+00	0.00e+00	0.00e+00	1.74e-04	5.15e-05	2.49e-05
 1.94102e+16	2.89e-04	5.81e-02	9.42e-01	1.69e-06	0.00e+00	0.00e+00	0.00e+00	0.00e+00	0.00e+00	2.01e-04	5.94e-05	2.88e-05
 2.00071e+16	3.42e-04	6.28e-02	9.37e-01	1.59e-06	0.00e+00	0.00e+00	0.00e+00	0.00e+00	0.00e+00	2.37e-04	7.03e-05	3.40e-05
 2.06480e+16	4.10e-04	6.84e-02	9.31e-01	1.48e-06	0.00e+00	0.00e+00	0.00e+00	0.00e+00	0.00e+00	2.84e-04	8.44e-05	4.07e-05
 2.12044e+16	4.82e-04	7.40e-02	9.26e-01	1.39e-06	0.00e+00	0.00e+00	0.00e+00	0.00e+00	0.00e+00	3.35e-04	9.96e-05	4.79e-05
 2.16978e+16	5.60e-04	7.95e-02	9.20e-01	1.31e-06	0.00e+00	0.00e+00	0.00e+00	0.00e+00	0.00e+00	3.89e-04	1.16e-04	5.57e-05
 2.22511e+16	6.67e-04	8.65e-02	9.13e-01	1.22e-06	0.00e+00	0.00e+00	0.00e+00	0.00e+00	0.00e+00	4.62e-04	1.38e-04	6.63e-05
 2.28476e+16	8.09e-04	9.51e-02	9.04e-01	1.14e-06	0.00e+00	0.00e+00	0.00e+00	0.00e+00	0.00e+00	5.61e-04	1.68e-04	8.04e-05
 2.33672e+16	9.64e-04	1.04e-01	8.95e-01	1.06e-06	0.00e+00	0.00e+00	0.00e+00	0.00e+00	0.00e+00	6.68e-04	2.00e-04	9.58e-05
 2.38258e+16	1.13e-03	1.12e-01	8.86e-01	9.89e-07	0.00e+00	0.00e+00	0.00e+00	0.00e+00	0.00e+00	7.84e-04	2.36e-04	1.12e-04
 2.43383e+16	1.36e-03	1.23e-01	8.75e-01	9.12e-07	0.00e+00	0.00e+00	0.00e+00	0.00e+00	0.00e+00	9.43e-04	2.84e-04	1.35e-04
 2.48935e+16	1.68e-03	1.37e-01	8.61e-01	8.34e-07	0.00e+00	0.00e+00	0.00e+00	0.00e+00	0.00e+00	1.16e-03	3.51e-04	1.67e-04
 2.53797e+16	2.04e-03	1.51e-01	8.47e-01	7.62e-07	0.00e+00	0.00e+00	0.00e+00	0.00e+00	0.00e+00	1.41e-03	4.27e-04	2.02e-04
 2.58073e+16	2.43e-03	1.65e-01	8.32e-01	6.98e-07	0.00e+00	0.00e+00	0.00e+00	0.00e+00	0.00e+00	1.68e-03	5.09e-04	2.41e-04
 2.62830e+16	2.98e-03	1.83e-01	8.14e-01	6.29e-07	0.00e+00	0.00e+00	0.00e+00	0.00e+00	0.00e+00	2.06e-03	6.25e-04	2.95e-04
 2.67905e+16	3.74e-03	2.05e-01	7.91e-01	5.57e-07	0.00e+00	0.00e+00	0.00e+00	0.00e+00	0.00e+00	2.58e-03	7.85e-04	3.70e-04
 2.72164e+16	4.57e-03	2.27e-01	7.68e-01	4.92e-07	0.00e+00	0.00e+00	0.00e+00	0.00e+00	0.00e+00	3.15e-03	9.60e-04	4.52e-04
 2.75719e+16	5.45e-03	2.48e-01	7.47e-01	4.43e-07	0.00e+00	0.00e+00	0.00e+00	0.00e+00	0.00e+00	3.76e-03	1.14e-03	5.39e-04
 2.79589e+16	6.63e-03	2.73e-01	7.20e-01	3.91e-07	0.00e+00	0.00e+00	0.00e+00	0.00e+00	0.00e+00	4.58e-03	1.39e-03	6.55e-04
 2.83797e+16	8.31e-03	3.05e-01	6.87e-01	3.32e-07	0.00e+00	0.00e+00	0.00e+00	0.00e+00	0.00e+00	5.74e-03	1.74e-03	8.20e-04
 2.87409e+16	1.02e-02	3.35e-01	6.54e-01	2.86e-07	0.00e+00	0.00e+00	0.00e+00	0.00e+00	0.00e+00	7.03e-03	2.13e-03	1.00e-03
 2.90419e+16	1.21e-02	3.64e-01	6.24e-01	2.49e-07	0.00e+00	0.00e+00	0.00e+00	0.00e+00	0.00e+00	8.37e-03	2.54e-03	1.19e-03
 2.93676e+16	1.48e-02	3.98e-01	5.87e-01	2.09e-07	0.00e+00	0.00e+00	0.00e+00	0.00e+00	0.00e+00	1.02e-02	3.09e-03	1.45e-03
 2.97193e+16	1.84e-02	4.39e-01	5.43e-01	1.68e-07	0.00e+00	0.00e+00	0.00e+00	0.00e+00	0.00e+00	1.27e-02	3.85e-03	1.81e-03
 3.00226e+16	2.25e-02	4.77e-01	5.00e-01	1.37e-07	0.00e+00	0.00e+00	0.00e+00	0.00e+00	0.00e+00	1.56e-02	4.70e-03	2.21e-03
 3.02811e+16	2.68e-02	5.12e-01	4.61e-01	0.00e+00	0.00e+00	0.00e+00	0.00e+00	0.00e+00	0.00e+00	1.86e-02	5.60e-03	2.63e-03
 3.05636e+16	3.27e-02	5.52e-01	4.16e-01	0.00e+00	0.00e+00	0.00e+00	0.00e+00	0.00e+00	0.00e+00	2.27e-02	6.82e-03	3.21e-03
 3.08675e+16	4.10e-02	5.96e-01	3.63e-01	0.00e+00	0.00e+00	0.00e+00	0.00e+00	0.00e+00	0.00e+00	2.84e-02	8.53e-03	4.02e-03
 3.11263e+16	4.98e-02	6.33e-01	3.17e-01	0.00e+00	0.00e+00	0.00e+00	0.00e+00	0.00e+00	0.00e+00	3.46e-02	1.03e-02	4.88e-03
 3.13470e+16	5.93e-02	6.64e-01	2.77e-01	0.00e+00	0.00e+00	0.00e+00	0.00e+00	0.00e+00	0.00e+00	4.12e-02	1.23e-02	5.80e-03
 3.15912e+16	7.23e-02	6.95e-01	2.32e-01	0.00e+00	0.00e+00	0.00e+00	0.00e+00	0.00e+00	0.00e+00	5.03e-02	1.49e-02	7.06e-03
 3.18555e+16	9.01e-02	7.24e-01	1.86e-01	0.00e+00	0.00e+00	0.00e+00	0.00e+00	0.00e+00	0.00e+00	6.28e-02	1.85e-02	8.79e-03
 3.20501e+16	1.07e-01	7.40e-01	1.53e-01	0.00e+00	0.00e+00	0.00e+00	0.00e+00	0.00e+00	0.00e+00	7.44e-02	2.18e-02	1.04e-02
 3.21652e+16	1.18e-01	7.47e-01	1.35e-01	0.00e+00	0.00e+00	0.00e+00	0.00e+00	0.00e+00	0.00e+00	8.24e-02	2.40e-02	1.15e-02
 3.22727e+16	1.30e-01	7.51e-01	1.19e-01	0.00e+00	0.00e+00	0.00e+00	0.00e+00	0.00e+00	0.00e+00	9.09e-02	2.64e-02	1.26e-02
 3.24124e+16	1.47e-01	7.53e-01	9.93e-02	0.00e+00	0.00e+00	0.00e+00	0.00e+00	0.00e+00	0.00e+00	1.03e-01	2.98e-02	1.43e-02
 3.25548e+16	1.68e-01	7.51e-01	8.13e-02	0.00e+00	0.00e+00	0.00e+00	0.00e+00	0.00e+00	0.00e+00	1.18e-01	3.37e-02	1.63e-02
 3.26655e+16	1.86e-01	7.45e-01	6.86e-02	0.00e+00	0.00e+00	0.00e+00	0.00e+00	0.00e+00	0.00e+00	1.31e-01	3.71e-02	1.80e-02
 3.27567e+16	2.02e-01	7.39e-01	5.90e-02	0.00e+00	0.00e+00	0.00e+00	0.00e+00	0.00e+00	0.00e+00	1.43e-01	4.02e-02	1.95e-02
 3.28579e+16	2.22e-01	7.28e-01	4.94e-02	0.00e+00	0.00e+00	0.00e+00	0.00e+00	0.00e+00	0.00e+00	1.57e-01	4.38e-02	2.14e-02
 3.29683e+16	2.46e-01	7.14e-01	4.01e-02	0.00e+00	0.00e+00	0.00e+00	0.00e+00	0.00e+00	0.00e+00	1.74e-01	4.82e-02	2.37e-02
 3.30645e+16	2.70e-01	6.97e-01	3.30e-02	0.00e+00	0.00e+00	0.00e+00	0.00e+00	0.00e+00	0.00e+00	1.92e-01	5.23e-02	2.58e-02
 3.31454e+16	2.90e-01	6.82e-01	2.78e-02	0.00e+00	0.00e+00	0.00e+00	0.00e+00	0.00e+00	0.00e+00	2.07e-01	5.59e-02	2.77e-02
 3.32326e+16	3.15e-01	6.62e-01	2.28e-02	0.00e+00	0.00e+00	0.00e+00	0.00e+00	0.00e+00	0.00e+00	2.25e-01	6.00e-02	3.00e-02
 3.33271e+16	3.44e-01	6.38e-01	1.82e-02	0.00e+00	0.00e+00	0.00e+00	0.00e+00	0.00e+00	0.00e+00	2.46e-01	6.47e-02	3.26e-02
 3.34094e+16	3.70e-01	6.15e-01	1.47e-02	0.00e+00	0.00e+00	0.00e+00	0.00e+00	0.00e+00	0.00e+00	2.66e-01	6.89e-02	3.49e-02
 3.34806e+16	3.94e-01	5.94e-01	1.22e-02	0.00e+00	0.00e+00	0.00e+00	0.00e+00	0.00e+00	0.00e+00	2.84e-01	7.24e-02	3.70e-02
 3.35567e+16	4.21e-01	5.69e-01	9.81e-03	0.00e+00	0.00e+00	0.00e+00	0.00e+00	0.00e+00	0.00e+00	3.05e-01	7.64e-02	3.94e-02
 3.36383e+16	4.51e-01	5.41e-01	7.73e-03	0.00e+00	0.00e+00	0.00e+00	0.00e+00	0.00e+00	0.00e+00	3.29e-01	8.05e-02	4.18e-02
 3.37130e+16	4.80e-01	5.14e-01	6.13e-03	0.00e+00	0.00e+00	0.00e+00	0.00e+00	0.00e+00	0.00e+00	3.51e-01	8.42e-02	4.42e-02
 3.37811e+16	5.06e-01	4.89e-01	4.94e-03	0.00e+00	0.00e+00	0.00e+00	0.00e+00	0.00e+00	0.00e+00	3.72e-01	8.73e-02	4.63e-02
 3.38437e+16	5.31e-01	4.65e-01	4.01e-03	0.00e+00	0.00e+00	0.00e+00	0.00e+00	0.00e+00	0.00e+00	3.92e-01	9.01e-02	4.82e-02
 3.39030e+16	5.54e-01	4.43e-01	3.27e-03	0.00e+00	0.00e+00	0.00e+00	0.00e+00	0.00e+00	0.00e+00	4.11e-01	9.25e-02	4.99e-02
 3.39600e+16	5.77e-01	4.21e-01	2.68e-03	0.00e+00	0.00e+00	0.00e+00	0.00e+00	0.00e+00	0.00e+00	4.31e-01	9.45e-02	5.15e-02
 3.40129e+16	5.98e-01	4.00e-01	2.21e-03	0.00e+00	0.00e+00	0.00e+00	0.00e+00	0.00e+00	0.00e+00	4.48e-01	9.62e-02	5.29e-02
 3.40540e+16	6.13e-01	3.85e-01	1.91e-03	0.00e+00	0.00e+00	0.00e+00	0.00e+00	0.00e+00	0.00e+00	4.62e-01	9.74e-02	5.39e-02
 3.40822e+16	6.24e-01	3.75e-01	1.72e-03	0.00e+00	0.00e+00	0.00e+00	0.00e+00	0.00e+00	0.00e+00	4.71e-01	9.80e-02	5.46e-02
 3.41094e+16	6.34e-01	3.64e-01	1.55e-03	0.00e+00	0.00e+00	0.00e+00	0.00e+00	0.00e+00	0.00e+00	4.80e-01	9.86e-02	5.52e-02
 3.41413e+16	6.46e-01	3.52e-01	1.37e-03	0.00e+00	0.00e+00	0.00e+00	0.00e+00	0.00e+00	0.00e+00	4.91e-01	9.93e-02	5.59e-02
 3.41751e+16	6.59e-01	3.39e-01	1.20e-03	0.00e+00	0.00e+00	0.00e+00	0.00e+00	0.00e+00	0.00e+00	5.03e-01	9.99e-02	5.66e-02
 3.42068e+16	6.71e-01	3.28e-01	1.06e-03	0.00e+00	0.00e+00	0.00e+00	0.00e+00	0.00e+00	0.00e+00	5.13e-01	1.00e-01	5.72e-02
 3.42367e+16	6.82e-01	3.17e-01	9.34e-04	0.00e+00	0.00e+00	0.00e+00	0.00e+00	0.00e+00	0.00e+00	5.24e-01	1.01e-01	5.78e-02
 3.42665e+16	6.93e-01	3.06e-01	8.27e-04	0.00e+00	0.00e+00	0.00e+00	0.00e+00	0.00e+00	0.00e+00	5.34e-01	1.01e-01	5.83e-02
 3.42967e+16	7.05e-01	2.95e-01	7.27e-04	0.00e+00	0.00e+00	0.00e+00	0.00e+00	0.00e+00	0.00e+00	5.44e-01	1.01e-01	5.88e-02
 3.43267e+16	7.15e-01	2.84e-01	6.41e-04	0.00e+00	0.00e+00	0.00e+00	0.00e+00	0.00e+00	0.00e+00	5.54e-01	1.01e-01	5.92e-02
 3.43563e+16	7.26e-01	2.74e-01	5.64e-04	0.00e+00	0.00e+00	0.00e+00	0.00e+00	0.00e+00	0.00e+00	5.65e-01	1.01e-01	5.96e-02
 3.43855e+16	7.36e-01	2.64e-01	4.97e-04	0.00e+00	0.00e+00	0.00e+00	0.00e+00	0.00e+00	0.00e+00	5.74e-01	1.01e-01	6.00e-02
 3.44148e+16	7.46e-01	2.54e-01	4.36e-04	0.00e+00	0.00e+00	0.00e+00	0.00e+00	0.00e+00	0.00e+00	5.84e-01	1.01e-01	6.03e-02
 3.44443e+16	7.56e-01	2.44e-01	3.82e-04	0.00e+00	0.00e+00	0.00e+00	0.00e+00	0.00e+00	0.00e+00	5.94e-01	1.01e-01	6.05e-02
 3.44729e+16	7.65e-01	2.35e-01	3.36e-04	0.00e+00	0.00e+00	0.00e+00	0.00e+00	0.00e+00	0.00e+00	6.03e-01	1.01e-01	6.07e-02
 3.45011e+16	7.74e-01	2.25e-01	2.95e-04	0.00e+00	0.00e+00	0.00e+00	0.00e+00	0.00e+00	0.00e+00	6.13e-01	1.01e-01	6.09e-02
 3.45296e+16	7.83e-01	2.17e-01	2.59e-04	0.00e+00	0.00e+00	0.00e+00	0.00e+00	0.00e+00	0.00e+00	6.22e-01	1.00e-01	6.10e-02
 3.45582e+16	7.92e-01	2.08e-01	2.26e-04	0.00e+00	0.00e+00	0.00e+00	0.00e+00	0.00e+00	0.00e+00	6.31e-01	9.98e-02	6.11e-02
 3.45866e+16	8.01e-01	1.99e-01	1.98e-04	0.00e+00	0.00e+00	0.00e+00	0.00e+00	0.00e+00	0.00e+00	6.40e-01	9.93e-02	6.12e-02
 3.46143e+16	8.09e-01	1.91e-01	1.73e-04	0.00e+00	0.00e+00	0.00e+00	0.00e+00	0.00e+00	0.00e+00	6.49e-01	9.88e-02	6.12e-02
 3.46417e+16	8.16e-01	1.84e-01	1.52e-04	0.00e+00	0.00e+00	0.00e+00	0.00e+00	0.00e+00	0.00e+00	6.57e-01	9.82e-02	6.11e-02
 3.46697e+16	8.24e-01	1.76e-01	1.32e-04	0.00e+00	0.00e+00	0.00e+00	0.00e+00	0.00e+00	0.00e+00	6.66e-01	9.75e-02	6.11e-02
 3.46974e+16	8.31e-01	1.68e-01	1.15e-04	0.00e+00	0.00e+00	0.00e+00	0.00e+00	0.00e+00	0.00e+00	6.73e-01	9.69e-02	6.10e-02
 3.47248e+16	8.39e-01	1.61e-01	1.01e-04	0.00e+00	0.00e+00	0.00e+00	0.00e+00	0.00e+00	0.00e+00	6.82e-01	9.62e-02	6.09e-02
 3.47522e+16	8.46e-01	1.54e-01	8.76e-05	0.00e+00	0.00e+00	0.00e+00	0.00e+00	0.00e+00	0.00e+00	6.90e-01	9.54e-02	6.07e-02
 3.47790e+16	8.52e-01	1.48e-01	7.65e-05	0.00e+00	0.00e+00	0.00e+00	0.00e+00	0.00e+00	0.00e+00	6.97e-01	9.47e-02	6.05e-02
 3.48056e+16	8.58e-01	1.42e-01	6.68e-05	0.00e+00	0.00e+00	0.00e+00	0.00e+00	0.00e+00	0.00e+00	7.04e-01	9.39e-02	6.03e-02
 3.48325e+16	8.65e-01	1.35e-01	5.81e-05	0.00e+00	0.00e+00	0.00e+00	0.00e+00	0.00e+00	0.00e+00	7.11e-01	9.31e-02	6.01e-02
 3.48592e+16	8.71e-01	1.29e-01	5.05e-05	0.00e+00	0.00e+00	0.00e+00	0.00e+00	0.00e+00	0.00e+00	7.19e-01	9.22e-02	5.98e-02
 3.48854e+16	8.76e-01	1.24e-01	4.41e-05	0.00e+00	0.00e+00	0.00e+00	0.00e+00	0.00e+00	0.00e+00	7.25e-01	9.14e-02	5.95e-02
 3.49109e+16	8.81e-01	1.18e-01	3.85e-05	0.00e+00	0.00e+00	0.00e+00	0.00e+00	0.00e+00	0.00e+00	7.32e-01	9.06e-02	5.93e-02
 3.49360e+16	8.87e-01	1.13e-01	3.37e-05	0.00e+00	0.00e+00	0.00e+00	0.00e+00	0.00e+00	0.00e+00	7.38e-01	8.98e-02	5.89e-02
 3.49609e+16	8.91e-01	1.09e-01	2.95e-05	0.00e+00	0.00e+00	0.00e+00	0.00e+00	0.00e+00	0.00e+00	7.44e-01	8.90e-02	5.86e-02
 3.49857e+16	8.96e-01	1.04e-01	2.58e-05	0.00e+00	0.00e+00	0.00e+00	0.00e+00	0.00e+00	0.00e+00	7.50e-01	8.82e-02	5.83e-02
 3.50103e+16	9.00e-01	9.95e-02	2.26e-05	0.00e+00	0.00e+00	0.00e+00	0.00e+00	0.00e+00	0.00e+00	7.55e-01	8.74e-02	5.80e-02
 3.50342e+16	9.05e-01	9.54e-02	1.98e-05	0.00e+00	0.00e+00	0.00e+00	0.00e+00	0.00e+00	0.00e+00	7.60e-01	8.66e-02	5.77e-02
 3.50576e+16	9.09e-01	9.14e-02	1.75e-05	0.00e+00	0.00e+00	0.00e+00	0.00e+00	0.00e+00	0.00e+00	7.65e-01	8.58e-02	5.73e-02
 3.50810e+16	9.12e-01	8.76e-02	1.53e-05	0.00e+00	0.00e+00	0.00e+00	0.00e+00	0.00e+00	0.00e+00	7.70e-01	8.50e-02	5.70e-02
 3.51044e+16	9.16e-01	8.40e-02	1.35e-05	0.00e+00	0.00e+00	0.00e+00	0.00e+00	0.00e+00	0.00e+00	7.75e-01	8.43e-02	5.66e-02
 3.51274e+16	9.20e-01	8.05e-02	1.18e-05	0.00e+00	0.00e+00	0.00e+00	0.00e+00	0.00e+00	0.00e+00	7.80e-01	8.35e-02	5.63e-02
 3.51497e+16	9.23e-01	7.72e-02	1.05e-05	0.00e+00	0.00e+00	0.00e+00	0.00e+00	0.00e+00	0.00e+00	7.84e-01	8.28e-02	5.59e-02
 3.51719e+16	9.26e-01	7.41e-02	9.23e-06	0.00e+00	0.00e+00	0.00e+00	0.00e+00	0.00e+00	0.00e+00	7.88e-01	8.21e-02	5.56e-02
 3.51943e+16	9.29e-01	7.11e-02	8.13e-06	0.00e+00	0.00e+00	0.00e+00	0.00e+00	0.00e+00	0.00e+00	7.92e-01	8.14e-02	5.53e-02
 3.52163e+16	9.32e-01	6.81e-02	7.18e-06	0.00e+00	0.00e+00	0.00e+00	0.00e+00	0.00e+00	0.00e+00	7.96e-01	8.07e-02	5.49e-02
 3.52378e+16	9.35e-01	6.54e-02	6.35e-06	0.00e+00	0.00e+00	0.00e+00	0.00e+00	0.00e+00	0.00e+00	8.00e-01	8.00e-02	5.46e-02
 3.52590e+16	9.37e-01	6.28e-02	5.63e-06	0.00e+00	0.00e+00	0.00e+00	0.00e+00	0.00e+00	0.00e+00	8.04e-01	7.94e-02	5.43e-02
 3.52806e+16	9.40e-01	6.02e-02	4.97e-06	0.00e+00	0.00e+00	0.00e+00	0.00e+00	0.00e+00	0.00e+00	8.07e-01	7.87e-02	5.39e-02
 3.53020e+16	9.42e-01	5.77e-02	4.39e-06	0.00e+00	0.00e+00	0.00e+00	0.00e+00	0.00e+00	0.00e+00	8.11e-01	7.81e-02	5.36e-02
 3.53228e+16	9.45e-01	5.54e-02	3.90e-06	0.00e+00	0.00e+00	0.00e+00	0.00e+00	0.00e+00	0.00e+00	8.14e-01	7.75e-02	5.32e-02
 3.53432e+16	9.47e-01	5.33e-02	3.46e-06	0.00e+00	0.00e+00	0.00e+00	0.00e+00	0.00e+00	0.00e+00	8.17e-01	7.69e-02	5.29e-02
 3.53637e+16	9.49e-01	5.12e-02	3.08e-06	0.00e+00	0.00e+00	0.00e+00	0.00e+00	0.00e+00	0.00e+00	8.20e-01	7.63e-02	5.25e-02
 3.53843e+16	9.51e-01	4.91e-02	2.73e-06	0.00e+00	0.00e+00	0.00e+00	0.00e+00	0.00e+00	0.00e+00	8.23e-01	7.57e-02	5.21e-02
 3.54047e+16	9.53e-01	4.72e-02	2.42e-06	0.00e+00	0.00e+00	0.00e+00	0.00e+00	0.00e+00	0.00e+00	8.26e-01	7.51e-02	5.18e-02
 3.54247e+16	9.55e-01	4.53e-02	2.15e-06	0.00e+00	0.00e+00	0.00e+00	0.00e+00	0.00e+00	0.00e+00	8.29e-01	7.46e-02	5.15e-02
 3.54444e+16	9.56e-01	4.35e-02	1.92e-06	0.00e+00	0.00e+00	0.00e+00	0.00e+00	0.00e+00	0.00e+00	8.31e-01	7.41e-02	5.11e-02
 3.54637e+16	9.58e-01	4.18e-02	1.71e-06	0.00e+00	0.00e+00	0.00e+00	0.00e+00	0.00e+00	0.00e+00	8.34e-01	7.35e-02	5.08e-02
 3.54833e+16	9.60e-01	4.03e-02	1.53e-06	0.00e+00	0.00e+00	0.00e+00	0.00e+00	0.00e+00	0.00e+00	8.36e-01	7.31e-02	5.05e-02
 3.55031e+16	9.61e-01	3.86e-02	1.36e-06	0.00e+00	0.00e+00	0.00e+00	0.00e+00	0.00e+00	0.00e+00	8.39e-01	7.26e-02	5.02e-02
 3.55224e+16	9.63e-01	3.71e-02	1.21e-06	0.00e+00	0.00e+00	0.00e+00	0.00e+00	0.00e+00	0.00e+00	8.41e-01	7.21e-02	4.99e-02
 3.55410e+16	9.64e-01	3.56e-02	1.09e-06	0.00e+00	0.00e+00	0.00e+00	0.00e+00	0.00e+00	0.00e+00	8.43e-01	7.16e-02	4.96e-02
 3.55600e+16	9.66e-01	3.42e-02	9.70e-07	0.00e+00	0.00e+00	0.00e+00	0.00e+00	0.00e+00	0.00e+00	8.45e-01	7.12e-02	4.93e-02
 3.55795e+16	9.67e-01	3.28e-02	8.63e-07	0.00e+00	0.00e+00	0.00e+00	0.00e+00	0.00e+00	0.00e+00	8.48e-01	7.07e-02	4.90e-02
 3.55982e+16	9.68e-01	3.15e-02	7.73e-07	0.00e+00	0.00e+00	0.00e+00	0.00e+00	0.00e+00	0.00e+00	8.49e-01	7.03e-02	4.87e-02
 3.56160e+16	9.70e-01	3.03e-02	6.96e-07	0.00e+00	0.00e+00	0.00e+00	0.00e+00	0.00e+00	0.00e+00	8.51e-01	6.99e-02	4.84e-02
 3.56339e+16	9.71e-01	2.92e-02	6.25e-07	0.00e+00	0.00e+00	0.00e+00	0.00e+00	0.00e+00	0.00e+00	8.53e-01	6.95e-02	4.82e-02
 3.56525e+16	9.72e-01	2.80e-02	5.59e-07	0.00e+00	0.00e+00	0.00e+00	0.00e+00	0.00e+00	0.00e+00	8.55e-01	6.91e-02	4.79e-02
 3.56711e+16	9.73e-01	2.68e-02	5.00e-07	0.00e+00	0.00e+00	0.00e+00	0.00e+00	0.00e+00	0.00e+00	8.57e-01	6.87e-02	4.76e-02
 3.56890e+16	9.74e-01	2.58e-02	4.49e-07	0.00e+00	0.00e+00	0.00e+00	0.00e+00	0.00e+00	0.00e+00	8.59e-01	6.83e-02	4.74e-02
 3.57063e+16	9.75e-01	2.48e-02	4.05e-07	0.00e+00	0.00e+00	0.00e+00	0.00e+00	0.00e+00	0.00e+00	8.60e-01	6.80e-02	4.71e-02
 3.57236e+16	9.76e-01	2.38e-02	3.65e-07	0.00e+00	0.00e+00	0.00e+00	0.00e+00	0.00e+00	0.00e+00	8.62e-01	6.76e-02	4.69e-02
 3.57410e+16	9.77e-01	2.28e-02	3.29e-07	0.00e+00	0.00e+00	0.00e+00	0.00e+00	0.00e+00	0.00e+00	8.63e-01	6.73e-02	4.67e-02
 3.57581e+16	9.78e-01	2.19e-02	2.97e-07	0.00e+00	0.00e+00	0.00e+00	0.00e+00	0.00e+00	0.00e+00	8.65e-01	6.69e-02	4.64e-02
 3.57746e+16	9.79e-01	2.11e-02	2.69e-07	0.00e+00	0.00e+00	0.00e+00	0.00e+00	0.00e+00	0.00e+00	8.66e-01	6.66e-02	4.62e-02
 3.57900e+16	9.80e-01	2.03e-02	2.45e-07	0.00e+00	0.00e+00	0.00e+00	0.00e+00	0.00e+00	0.00e+00	8.67e-01	6.63e-02	4.60e-02
 3.58041e+16	9.80e-01	1.96e-02	2.26e-07	0.00e+00	0.00e+00	0.00e+00	0.00e+00	0.00e+00	0.00e+00	8.69e-01	6.60e-02	4.58e-02
 3.58168e+16	9.81e-01	1.90e-02	2.09e-07	0.00e+00	0.00e+00	0.00e+00	0.00e+00	0.00e+00	0.00e+00	8.70e-01	6.58e-02	4.56e-02
 3.58286e+16	9.82e-01	1.85e-02	1.95e-07	0.00e+00	0.00e+00	0.00e+00	0.00e+00	0.00e+00	0.00e+00	8.71e-01	6.56e-02	4.55e-02
 3.58398e+16	9.82e-01	1.79e-02	1.83e-07	0.00e+00	0.00e+00	0.00e+00	0.00e+00	0.00e+00	0.00e+00	8.71e-01	6.53e-02	4.53e-02
 3.58504e+16	9.83e-01	1.75e-02	1.72e-07	0.00e+00	0.00e+00	0.00e+00	0.00e+00	0.00e+00	0.00e+00	8.72e-01	6.51e-02	4.51e-02
 3.58601e+16	9.83e-01	1.70e-02	1.62e-07	0.00e+00	0.00e+00	0.00e+00	0.00e+00	0.00e+00	0.00e+00	8.73e-01	6.49e-02	4.50e-02
 3.58691e+16	9.83e-01	1.66e-02	1.54e-07	0.00e+00	0.00e+00	0.00e+00	0.00e+00	0.00e+00	0.00e+00	8.74e-01	6.47e-02	4.49e-02
 3.58777e+16	9.84e-01	1.62e-02	1.46e-07	0.00e+00	0.00e+00	0.00e+00	0.00e+00	0.00e+00	0.00e+00	8.74e-01	6.46e-02	4.47e-02
 3.58860e+16	9.84e-01	1.59e-02	1.39e-07	0.00e+00	0.00e+00	0.00e+00	0.00e+00	0.00e+00	0.00e+00	8.75e-01	6.44e-02	4.46e-02
 3.58939e+16	9.84e-01	1.55e-02	1.33e-07	0.00e+00	0.00e+00	0.00e+00	0.00e+00	0.00e+00	0.00e+00	8.76e-01	6.42e-02	4.45e-02
 3.59013e+16	9.85e-01	1.52e-02	1.27e-07	0.00e+00	0.00e+00	0.00e+00	0.00e+00	0.00e+00	0.00e+00	8.76e-01	6.40e-02	4.43e-02
 3.59083e+16	9.85e-01	1.49e-02	1.22e-07	0.00e+00	0.00e+00	0.00e+00	0.00e+00	0.00e+00	0.00e+00	8.77e-01	6.39e-02	4.42e-02
 3.59150e+16	9.85e-01	1.46e-02	1.17e-07	0.00e+00	0.00e+00	0.00e+00	0.00e+00	0.00e+00	0.00e+00	8.78e-01	6.37e-02	4.41e-02
 3.59215e+16	9.86e-01	1.43e-02	1.13e-07	0.00e+00	0.00e+00	0.00e+00	0.00e+00	0.00e+00	0.00e+00	8.78e-01	6.35e-02	4.40e-02
 3.59277e+16	9.86e-01	1.40e-02	1.09e-07	0.00e+00	0.00e+00	0.00e+00	0.00e+00	0.00e+00	0.00e+00	8.79e-01	6.34e-02	4.39e-02
 3.59338e+16	9.86e-01	1.37e-02	1.05e-07	0.00e+00	0.00e+00	0.00e+00	0.00e+00	0.00e+00	0.00e+00	8.79e-01	6.32e-02	4.37e-02
 3.59396e+16	9.87e-01	1.35e-02	1.01e-07	0.00e+00	0.00e+00	0.00e+00	0.00e+00	0.00e+00	0.00e+00	8.80e-01	6.31e-02	4.36e-02
 3.59455e+16	9.87e-01	1.32e-02	9.75e-08	0.00e+00	0.00e+00	0.00e+00	0.00e+00	0.00e+00	0.00e+00	8.80e-01	6.29e-02	4.35e-02
 3.59513e+16	9.87e-01	1.29e-02	9.40e-08	0.00e+00	0.00e+00	0.00e+00	0.00e+00	0.00e+00	0.00e+00	8.81e-01	6.27e-02	4.34e-02
 3.59571e+16	9.87e-01	1.27e-02	9.07e-08	0.00e+00	0.00e+00	0.00e+00	0.00e+00	0.00e+00	0.00e+00	8.82e-01	6.26e-02	4.32e-02
 3.59630e+16	9.88e-01	1.24e-02	8.74e-08	0.00e+00	0.00e+00	0.00e+00	0.00e+00	0.00e+00	0.00e+00	8.82e-01	6.24e-02	4.31e-02
 3.59691e+16	9.88e-01	1.21e-02	8.40e-08	0.00e+00	0.00e+00	0.00e+00	0.00e+00	0.00e+00	0.00e+00	8.83e-01	6.22e-02	4.29e-02
 3.59756e+16	9.88e-01	1.17e-02	8.06e-08	0.00e+00	0.00e+00	0.00e+00	0.00e+00	0.00e+00	0.00e+00	8.84e-01	6.20e-02	4.27e-02
 3.59821e+16	9.89e-01	1.14e-02	7.71e-08	0.00e+00	0.00e+00	0.00e+00	0.00e+00	0.00e+00	0.00e+00	8.84e-01	6.17e-02	4.26e-02
 3.59882e+16	9.89e-01	1.11e-02	7.41e-08	0.00e+00	0.00e+00	0.00e+00	0.00e+00	0.00e+00	0.00e+00	8.85e-01	6.15e-02	4.24e-02
 3.59937e+16	9.89e-01	1.08e-02	7.15e-08	0.00e+00	0.00e+00	0.00e+00	0.00e+00	0.00e+00	0.00e+00	8.86e-01	6.13e-02	4.22e-02
 3.59987e+16	9.89e-01	1.06e-02	6.91e-08	0.00e+00	0.00e+00	0.00e+00	0.00e+00	0.00e+00	0.00e+00	8.86e-01	6.11e-02	4.20e-02
 3.60036e+16	9.90e-01	1.03e-02	6.68e-08	0.00e+00	0.00e+00	0.00e+00	0.00e+00	0.00e+00	0.00e+00	8.87e-01	6.08e-02	4.18e-02
 3.60083e+16	9.90e-01	1.01e-02	6.46e-08	0.00e+00	0.00e+00	0.00e+00	0.00e+00	0.00e+00	0.00e+00	8.88e-01	6.06e-02	4.17e-02
 3.60127e+16	9.90e-01	9.84e-03	6.26e-08	0.00e+00	0.00e+00	0.00e+00	0.00e+00	0.00e+00	0.00e+00	8.88e-01	6.04e-02	4.15e-02
 3.60167e+16	9.90e-01	9.64e-03	6.09e-08	0.00e+00	0.00e+00	0.00e+00	0.00e+00	0.00e+00	0.00e+00	8.89e-01	6.02e-02	4.13e-02
 3.60203e+16	9.91e-01	9.45e-03	5.93e-08	0.00e+00	0.00e+00	0.00e+00	0.00e+00	0.00e+00	0.00e+00	8.89e-01	6.00e-02	4.12e-02
 3.60237e+16	9.91e-01	9.27e-03	5.78e-08	0.00e+00	0.00e+00	0.00e+00	0.00e+00	0.00e+00	0.00e+00	8.90e-01	5.99e-02	4.10e-02
 3.60267e+16	9.91e-01	9.12e-03	5.65e-08	0.00e+00	0.00e+00	0.00e+00	0.00e+00	0.00e+00	0.00e+00	8.90e-01	5.97e-02	4.09e-02
 3.60294e+16	9.91e-01	9.00e-03	5.54e-08	0.00e+00	0.00e+00	0.00e+00	0.00e+00	0.00e+00	0.00e+00	8.91e-01	5.96e-02	4.08e-02
 3.60324e+16	9.91e-01	8.83e-03	5.40e-08	0.00e+00	0.00e+00	0.00e+00	0.00e+00	0.00e+00	0.00e+00	8.91e-01	5.94e-02	4.06e-02
 3.60357e+16	9.91e-01	8.68e-03	5.27e-08	0.00e+00	0.00e+00	0.00e+00	0.00e+00	0.00e+00	0.00e+00	8.92e-01	5.92e-02	4.05e-02
 3.60386e+16	9.91e-01	8.53e-03	5.15e-08	0.00e+00	0.00e+00	0.00e+00	0.00e+00	0.00e+00	0.00e+00	8.92e-01	5.90e-02	4.03e-02
 3.60413e+16	9.92e-01	8.42e-03	5.04e-08	0.00e+00	0.00e+00	0.00e+00	0.00e+00	0.00e+00	0.00e+00	8.93e-01	5.88e-02	4.02e-02
 3.60443e+16	9.92e-01	8.26e-03	4.92e-08	0.00e+00	0.00e+00	0.00e+00	0.00e+00	0.00e+00	0.00e+00	8.93e-01	5.86e-02	4.01e-02
 3.60475e+16	9.92e-01	8.12e-03	4.79e-08	0.00e+00	0.00e+00	0.00e+00	0.00e+00	0.00e+00	0.00e+00	8.94e-01	5.84e-02	3.99e-02
 3.60504e+16	9.92e-01	7.97e-03	4.67e-08	0.00e+00	0.00e+00	0.00e+00	0.00e+00	0.00e+00	0.00e+00	8.94e-01	5.82e-02	3.97e-02
 3.60530e+16	9.92e-01	7.86e-03	4.57e-08	0.00e+00	0.00e+00	0.00e+00	0.00e+00	0.00e+00	0.00e+00	8.94e-01	5.80e-02	3.96e-02
 3.60559e+16	9.92e-01	7.72e-03	4.45e-08	0.00e+00	0.00e+00	0.00e+00	0.00e+00	0.00e+00	0.00e+00	8.95e-01	5.78e-02	3.95e-02
 3.60590e+16	9.92e-01	7.57e-03	4.33e-08	0.00e+00	0.00e+00	0.00e+00	0.00e+00	0.00e+00	0.00e+00	8.96e-01	5.76e-02	3.93e-02
 3.60618e+16	9.93e-01	7.46e-03	4.23e-08	0.00e+00	0.00e+00	0.00e+00	0.00e+00	0.00e+00	0.00e+00	8.96e-01	5.74e-02	3.92e-02
 3.60650e+16	9.93e-01	7.33e-03	4.11e-08	0.00e+00	0.00e+00	0.00e+00	0.00e+00	0.00e+00	0.00e+00	8.96e-01	5.73e-02	3.90e-02
