#depth	H	H+	H2
 4.45742e+11	9.95e-04	9.99e-01	1.47e-13
 2.67445e+12	9.94e-04	9.99e-01	1.47e-13
 1.15893e+13	9.94e-04	9.99e-01	1.47e-13
 4.72487e+13	9.95e-04	9.99e-01	1.48e-13
 1.12862e+14	9.88e-04	9.99e-01	1.49e-13
 1.98159e+14	9.84e-04	9.99e-01	1.50e-13
 3.09046e+14	9.81e-04	9.99e-01	1.52e-13
 4.53198e+14	9.79e-04	9.99e-01	1.55e-13
 6.40596e+14	9.80e-04	9.99e-01	1.58e-13
 8.84214e+14	9.84e-04	9.99e-01	1.64e-13
 1.20092e+15	9.92e-04	9.99e-01	1.71e-13
 1.61263e+15	1.01e-03	9.99e-01	1.82e-13
 2.14786e+15	1.04e-03	9.99e-01	1.98e-13
 2.84365e+15	1.08e-03	9.99e-01	2.20e-13
 3.74819e+15	1.14e-03	9.99e-01	2.53e-13
 4.92408e+15	1.25e-03	9.99e-01	3.03e-13
 6.45275e+15	1.42e-03	9.99e-01	3.82e-13
 8.04508e+15	1.61e-03	9.98e-01	4.80e-13
 9.42798e+15	1.81e-03	9.98e-01	5.81e-13
 1.09336e+16	2.10e-03	9.98e-01	7.08e-13
 1.23738e+16	2.40e-03	9.98e-01	8.60e-13
 1.32411e+16	2.61e-03	9.97e-01	9.78e-13
 1.37478e+16	2.75e-03	9.97e-01	1.05e-12
 1.42734e+16	2.90e-03	9.97e-01	1.11e-12
 1.49568e+16	3.13e-03	9.97e-01	1.20e-12
 1.56950e+16	3.38e-03	9.97e-01	1.32e-12
 1.63456e+16	3.63e-03	9.96e-01	1.43e-12
 1.69306e+16	3.87e-03	9.96e-01	1.53e-12
 1.75896e+16	4.18e-03	9.96e-01	1.64e-12
 1.82874e+16	4.53e-03	9.95e-01	1.78e-12
 1.88818e+16	4.86e-03	9.95e-01	1.92e-12
 1.94102e+16	5.18e-03	9.95e-01	2.04e-12
 2.00071e+16	5.58e-03	9.94e-01	2.17e-12
 2.06480e+16	6.05e-03	9.94e-01	2.33e-12
 2.12044e+16	6.51e-03	9.93e-01	2.50e-12
 2.16978e+16	6.95e-03	9.93e-01	2.65e-12
 2.22511e+16	7.50e-03	9.92e-01	2.80e-12
 2.28476e+16	8.17e-03	9.92e-01	3.01e-12
 2.33672e+16	8.83e-03	9.91e-01	3.23e-12
 2.38258e+16	9.47e-03	9.91e-01	3.42e-12
 2.43383e+16	1.03e-02	9.90e-01	3.62e-12
 2.48935e+16	1.13e-02	9.89e-01	3.90e-12
 2.53797e+16	1.23e-02	9.88e-01	4.19e-12
 2.58073e+16	1.32e-02	9.87e-01	4.47e-12
 2.62830e+16	1.45e-02	9.86e-01	4.75e-12
 2.67905e+16	1.60e-02	9.84e-01	5.17e-12
 2.72164e+16	1.76e-02	9.82e-01	5.60e-12
 2.75719e+16	1.90e-02	9.81e-01	6.00e-12
 2.79589e+16	2.08e-02	9.79e-01	6.41e-12
 2.83797e+16	2.32e-02	9.77e-01	7.05e-12
 2.87409e+16	2.56e-02	9.74e-01	7.70e-12
 2.90419e+16	2.79e-02	9.72e-01	8.30e-12
 2.93676e+16	3.08e-02	9.69e-01	9.04e-12
 2.97193e+16	3.45e-02	9.65e-01	1.00e-11
 3.00226e+16	3.84e-02	9.62e-01	1.11e-11
 3.02811e+16	4.24e-02	9.58e-01	1.22e-11
 3.05636e+16	4.76e-02	9.52e-01	1.36e-11
 3.08675e+16	5.45e-02	9.46e-01	1.55e-11
 3.11263e+16	6.17e-02	9.38e-01	1.76e-11
 3.13470e+16	6.92e-02	9.31e-01	1.99e-11
 3.15912e+16	7.94e-02	9.21e-01	2.29e-11
 3.18555e+16	9.33e-02	9.07e-01	2.73e-11
 3.20501e+16	1.06e-01	8.94e-01	3.16e-11
 3.21652e+16	1.15e-01	8.85e-01	3.46e-11
 3.22727e+16	1.25e-01	8.75e-01	3.79e-11
 3.24124e+16	1.39e-01	8.61e-01	4.27e-11
 3.25548e+16	1.55e-01	8.45e-01	4.87e-11
 3.26655e+16	1.70e-01	8.30e-01	5.42e-11
 3.27567e+16	1.83e-01	8.17e-01	5.95e-11
 3.28579e+16	2.00e-01	8.00e-01	6.60e-11
 3.29683e+16	2.20e-01	7.80e-01	7.44e-11
 3.30645e+16	2.40e-01	7.60e-01	8.32e-11
 3.31454e+16	2.57e-01	7.43e-01	9.10e-11
 3.32326e+16	2.79e-01	7.21e-01	1.01e-10
 3.33271e+16	3.04e-01	6.96e-01	1.14e-10
 3.34094e+16	3.29e-01	6.71e-01	1.26e-10
 3.34806e+16	3.50e-01	6.50e-01	1.38e-10
 3.35567e+16	3.75e-01	6.25e-01	1.53e-10
 3.36383e+16	4.03e-01	5.97e-01	1.70e-10
 3.37130e+16	4.31e-01	5.69e-01	1.88e-10
 3.37811e+16	4.56e-01	5.44e-01	2.06e-10
 3.38437e+16	4.80e-01	5.20e-01	2.24e-10
 3.39030e+16	5.03e-01	4.97e-01	2.42e-10
 3.39600e+16	5.26e-01	4.74e-01	2.62e-10
 3.40129e+16	5.47e-01	4.53e-01	2.81e-10
 3.40540e+16	5.63e-01	4.37e-01	2.96e-10
 3.40822e+16	5.74e-01	4.26e-01	3.07e-10
 3.41094e+16	5.84e-01	4.16e-01	3.19e-10
 3.41413e+16	5.97e-01	4.03e-01	3.33e-10
 3.41751e+16	6.11e-01	3.89e-01	3.48e-10
 3.42068e+16	6.23e-01	3.77e-01	3.63e-10
 3.42367e+16	6.35e-01	3.65e-01	3.78e-10
 3.42665e+16	6.46e-01	3.54e-01	3.93e-10
 3.42967e+16	6.58e-01	3.42e-01	4.10e-10
 3.43267e+16	6.70e-01	3.30e-01	4.26e-10
 3.43563e+16	6.81e-01	3.19e-01	4.45e-10
 3.43855e+16	6.92e-01	3.08e-01	4.60e-10
 3.44148e+16	7.03e-01	2.97e-01	4.80e-10
 3.44443e+16	7.14e-01	2.86e-01	5.00e-10
 3.44729e+16	7.24e-01	2.76e-01	5.19e-10
 3.45011e+16	7.34e-01	2.66e-01	5.40e-10
 3.45296e+16	7.44e-01	2.56e-01	5.60e-10
 3.45582e+16	7.54e-01	2.46e-01	5.83e-10
 3.45866e+16	7.64e-01	2.36e-01	6.07e-10
 3.46143e+16	7.73e-01	2.27e-01	6.30e-10
 3.46417e+16	7.81e-01	2.19e-01	6.53e-10
 3.46697e+16	7.90e-01	2.10e-01	6.81e-10
 3.46974e+16	7.99e-01	2.01e-01	7.05e-10
 3.47248e+16	8.07e-01	1.93e-01	7.33e-10
 3.47522e+16	8.15e-01	1.85e-01	7.64e-10
 3.47790e+16	8.23e-01	1.77e-01	7.94e-10
 3.48056e+16	8.30e-01	1.70e-01	8.22e-10
 3.48325e+16	8.37e-01	1.63e-01	8.57e-10
 3.48592e+16	8.44e-01	1.56e-01	8.92e-10
 3.48854e+16	8.50e-01	1.50e-01	9.27e-10
 3.49109e+16	8.57e-01	1.43e-01	9.60e-10
 3.49360e+16	8.62e-01	1.38e-01	1.00e-09
 3.49609e+16	8.68e-01	1.32e-01	1.04e-09
 3.49857e+16	8.74e-01	1.26e-01	1.08e-09
 3.50103e+16	8.79e-01	1.21e-01	1.12e-09
 3.50342e+16	8.84e-01	1.16e-01	1.17e-09
 3.50576e+16	8.88e-01	1.12e-01	1.21e-09
 3.50810e+16	8.93e-01	1.07e-01	1.26e-09
 3.51044e+16	8.97e-01	1.03e-01	1.31e-09
 3.51274e+16	9.01e-01	9.86e-02	1.37e-09
 3.51497e+16	9.05e-01	9.46e-02	1.42e-09
 3.51719e+16	9.09e-01	9.09e-02	1.48e-09
 3.51943e+16	9.13e-01	8.73e-02	1.54e-09
 3.52163e+16	9.16e-01	8.38e-02	1.61e-09
 3.52378e+16	9.20e-01	8.05e-02	1.67e-09
 3.52590e+16	9.23e-01	7.73e-02	1.75e-09
 3.52806e+16	9.26e-01	7.42e-02	1.83e-09
 3.53020e+16	9.29e-01	7.12e-02	1.91e-09
 3.53228e+16	9.32e-01	6.85e-02	2.00e-09
 3.53432e+16	9.34e-01	6.58e-02	2.09e-09
 3.53637e+16	9.37e-01	6.33e-02	2.18e-09
 3.53843e+16	9.39e-01	6.08e-02	2.29e-09
 3.54047e+16	9.42e-01	5.84e-02	2.40e-09
 3.54247e+16	9.44e-01	5.62e-02	2.52e-09
 3.54444e+16	9.46e-01	5.40e-02	2.66e-09
 3.54637e+16	9.48e-01	5.19e-02	2.81e-09
 3.54833e+16	9.50e-01	5.00e-02	2.93e-09
 3.55031e+16	9.52e-01	4.80e-02	3.12e-09
 3.55224e+16	9.54e-01	4.61e-02	3.32e-09
 3.55410e+16	9.56e-01	4.43e-02	3.52e-09
 3.55600e+16	9.57e-01	4.26e-02	3.74e-09
 3.55795e+16	9.59e-01	4.09e-02	4.01e-09
 3.55982e+16	9.61e-01	3.94e-02	4.29e-09
 3.56160e+16	9.62e-01	3.79e-02	4.59e-09
 3.56339e+16	9.63e-01	3.65e-02	4.90e-09
 3.56525e+16	9.65e-01	3.50e-02	5.32e-09
 3.56711e+16	9.66e-01	3.36e-02	5.79e-09
 3.56890e+16	9.68e-01	3.23e-02	6.32e-09
 3.57063e+16	9.69e-01	3.11e-02	6.95e-09
 3.57236e+16	9.70e-01	2.99e-02	7.66e-09
 3.57410e+16	9.71e-01	2.87e-02	8.52e-09
 3.57581e+16	9.72e-01	2.75e-02	9.53e-09
 3.57746e+16	9.74e-01	2.65e-02	1.07e-08
 3.57900e+16	9.74e-01	2.55e-02	1.20e-08
 3.58041e+16	9.75e-01	2.47e-02	1.35e-08
 3.58168e+16	9.76e-01	2.40e-02	1.51e-08
 3.58286e+16	9.77e-01	2.33e-02	1.68e-08
 3.58398e+16	9.77e-01	2.27e-02	1.89e-08
 3.58504e+16	9.78e-01	2.21e-02	2.12e-08
 3.58601e+16	9.78e-01	2.15e-02	2.37e-08
 3.58691e+16	9.79e-01	2.11e-02	2.65e-08
 3.58777e+16	9.79e-01	2.06e-02	2.96e-08
 3.58860e+16	9.80e-01	2.01e-02	3.31e-08
 3.58939e+16	9.80e-01	1.97e-02	3.70e-08
 3.59013e+16	9.81e-01	1.93e-02	4.13e-08
 3.59083e+16	9.81e-01	1.89e-02	4.61e-08
 3.59150e+16	9.81e-01	1.86e-02	5.15e-08
 3.59215e+16	9.82e-01	1.82e-02	5.74e-08
 3.59277e+16	9.82e-01	1.79e-02	6.41e-08
 3.59338e+16	9.82e-01	1.75e-02	7.13e-08
 3.59396e+16	9.83e-01	1.72e-02	7.92e-08
 3.59455e+16	9.83e-01	1.69e-02	8.81e-08
 3.59513e+16	9.83e-01	1.66e-02	9.78e-08
 3.59571e+16	9.84e-01	1.62e-02	1.08e-07
 3.59630e+16	9.84e-01	1.59e-02	1.20e-07
 3.59691e+16	9.84e-01	1.55e-02	1.32e-07
 3.59756e+16	9.85e-01	1.51e-02	1.46e-07
 3.59821e+16	9.85e-01	1.47e-02	1.58e-07
 3.59882e+16	9.86e-01	1.43e-02	1.69e-07
 3.59937e+16	9.86e-01	1.40e-02	1.77e-07
 3.59987e+16	9.86e-01	1.37e-02	1.84e-07
 3.60036e+16	9.87e-01	1.34e-02	1.90e-07
 3.60083e+16	9.87e-01	1.31e-02	1.95e-07
 3.60127e+16	9.87e-01	1.29e-02	1.99e-07
 3.60167e+16	9.87e-01	1.26e-02	2.03e-07
 3.60203e+16	9.88e-01	1.24e-02	2.06e-07
 3.60237e+16	9.88e-01	1.22e-02	2.09e-07
 3.60267e+16	9.88e-01	1.20e-02	2.11e-07
 3.60294e+16	9.88e-01	1.19e-02	2.13e-07
 3.60324e+16	9.88e-01	1.17e-02	2.16e-07
 3.60357e+16	9.89e-01	1.15e-02	2.19e-07
 3.60386e+16	9.89e-01	1.13e-02	2.22e-07
 3.60413e+16	9.89e-01	1.12e-02	2.24e-07
 3.60443e+16	9.89e-01	1.10e-02	2.27e-07
 3.60475e+16	9.89e-01	1.08e-02	2.30e-07
 3.60504e+16	9.89e-01	1.06e-02	2.33e-07
 3.60530e+16	9.89e-01	1.05e-02	2.36e-07
 3.60559e+16	9.90e-01	1.03e-02	2.40e-07
 3.60590e+16	9.90e-01	1.02e-02	2.43e-07
 3.60618e+16	9.90e-01	1.00e-02	2.46e-07
 3.60650e+16	9.90e-01	9.88e-03	2.50e-07
