#depth	O	O+	O+2	O+3	O+4	O+5	O+6	O+7	O+8	O[1]	O[2]	O[3]
 2.42297e+12	7.78e-07	1.08e-03	2.24e-01	7.39e-01	3.56e-02	9.95e-07	0.00e+00	0.00e+00	0.00e+00	5.78e-07	1.29e-07	7.09e-08
 1.45378e+13	7.77e-07	1.08e-03	2.24e-01	7.39e-01	3.55e-02	9.93e-07	0.00e+00	0.00e+00	0.00e+00	5.77e-07	1.28e-07	7.08e-08
 6.29971e+13	7.78e-07	1.09e-03	2.25e-01	7.38e-01	3.53e-02	9.84e-07	0.00e+00	0.00e+00	0.00e+00	5.78e-07	1.29e-07	7.10e-08
 2.56834e+14	7.87e-07	1.10e-03	2.30e-01	7.35e-01	3.45e-02	9.51e-07	0.00e+00	0.00e+00	0.00e+00	5.85e-07	1.30e-07	7.18e-08
 6.13495e+14	7.69e-07	1.11e-03	2.36e-01	7.30e-01	3.31e-02	9.03e-07	0.00e+00	0.00e+00	0.00e+00	5.71e-07	1.27e-07	7.02e-08
 1.07715e+15	7.75e-07	1.15e-03	2.44e-01	7.23e-01	3.14e-02	8.40e-07	0.00e+00	0.00e+00	0.00e+00	5.75e-07	1.28e-07	7.08e-08
 1.67991e+15	7.97e-07	1.20e-03	2.56e-01	7.14e-01	2.93e-02	7.61e-07	0.00e+00	0.00e+00	0.00e+00	5.92e-07	1.32e-07	7.29e-08
 2.46349e+15	8.43e-07	1.29e-03	2.73e-01	6.99e-01	2.67e-02	6.67e-07	0.00e+00	0.00e+00	0.00e+00	6.26e-07	1.39e-07	7.71e-08
 3.48215e+15	9.25e-07	1.42e-03	2.97e-01	6.78e-01	2.35e-02	5.56e-07	0.00e+00	0.00e+00	0.00e+00	6.87e-07	1.53e-07	8.47e-08
 4.80641e+15	1.07e-06	1.64e-03	3.34e-01	6.45e-01	1.96e-02	4.31e-07	0.00e+00	0.00e+00	0.00e+00	7.95e-07	1.77e-07	9.81e-08
 6.28387e+15	1.26e-06	1.92e-03	3.81e-01	6.02e-01	1.57e-02	3.19e-07	0.00e+00	0.00e+00	0.00e+00	9.36e-07	2.08e-07	1.16e-07
 7.62880e+15	1.49e-06	2.25e-03	4.31e-01	5.54e-01	1.25e-02	2.34e-07	0.00e+00	0.00e+00	0.00e+00	1.11e-06	2.46e-07	1.37e-07
 8.76828e+15	1.75e-06	2.59e-03	4.82e-01	5.06e-01	9.94e-03	1.74e-07	0.00e+00	0.00e+00	0.00e+00	1.30e-06	2.89e-07	1.61e-07
 9.76729e+15	2.05e-06	2.96e-03	5.32e-01	4.57e-01	7.89e-03	1.30e-07	0.00e+00	0.00e+00	0.00e+00	1.52e-06	3.37e-07	1.89e-07
 1.06982e+16	2.40e-06	3.37e-03	5.84e-01	4.07e-01	6.16e-03	0.00e+00	0.00e+00	0.00e+00	0.00e+00	1.78e-06	3.93e-07	2.20e-07
 1.15938e+16	2.80e-06	3.82e-03	6.37e-01	3.55e-01	4.67e-03	0.00e+00	0.00e+00	0.00e+00	0.00e+00	2.09e-06	4.59e-07	2.58e-07
 1.24587e+16	3.28e-06	4.31e-03	6.91e-01	3.01e-01	3.43e-03	0.00e+00	0.00e+00	0.00e+00	0.00e+00	2.44e-06	5.36e-07	3.02e-07
 1.32959e+16	3.82e-06	4.83e-03	7.44e-01	2.49e-01	2.42e-03	0.00e+00	0.00e+00	0.00e+00	0.00e+00	2.85e-06	6.23e-07	3.51e-07
 1.41196e+16	4.45e-06	5.39e-03	7.94e-01	1.99e-01	1.63e-03	0.00e+00	0.00e+00	0.00e+00	0.00e+00	3.31e-06	7.22e-07	4.09e-07
 1.48760e+16	5.08e-06	5.91e-03	8.36e-01	1.57e-01	1.08e-03	0.00e+00	0.00e+00	0.00e+00	0.00e+00	3.79e-06	8.23e-07	4.67e-07
 1.55568e+16	5.72e-06	6.39e-03	8.70e-01	1.23e-01	7.15e-04	0.00e+00	0.00e+00	0.00e+00	0.00e+00	4.27e-06	9.25e-07	5.25e-07
 1.63288e+16	6.52e-06	6.93e-03	9.02e-01	9.04e-02	4.25e-04	0.00e+00	0.00e+00	0.00e+00	0.00e+00	4.87e-06	1.05e-06	5.99e-07
 1.73323e+16	7.60e-06	7.58e-03	9.34e-01	5.87e-02	2.05e-04	0.00e+00	0.00e+00	0.00e+00	0.00e+00	5.68e-06	1.22e-06	6.98e-07
 1.86369e+16	9.04e-06	8.32e-03	9.59e-01	3.24e-02	7.50e-05	0.00e+00	0.00e+00	0.00e+00	0.00e+00	6.76e-06	1.45e-06	8.30e-07
 2.03328e+16	1.09e-05	9.14e-03	9.76e-01	1.48e-02	1.96e-05	0.00e+00	0.00e+00	0.00e+00	0.00e+00	8.19e-06	1.76e-06	1.00e-06
 2.23559e+16	1.34e-05	1.00e-02	9.84e-01	5.98e-03	4.05e-06	0.00e+00	0.00e+00	0.00e+00	0.00e+00	1.00e-05	2.15e-06	1.23e-06
 2.45915e+16	1.66e-05	1.10e-02	9.87e-01	2.34e-03	7.60e-07	0.00e+00	0.00e+00	0.00e+00	0.00e+00	1.24e-05	2.66e-06	1.53e-06
 2.70507e+16	2.11e-05	1.22e-02	9.87e-01	8.99e-04	1.32e-07	0.00e+00	0.00e+00	0.00e+00	0.00e+00	1.57e-05	3.38e-06	1.93e-06
 2.97557e+16	2.74e-05	1.37e-02	9.86e-01	3.46e-04	0.00e+00	0.00e+00	0.00e+00	0.00e+00	0.00e+00	2.05e-05	4.40e-06	2.52e-06
 3.27313e+16	3.70e-05	1.56e-02	9.84e-01	1.40e-04	0.00e+00	0.00e+00	0.00e+00	0.00e+00	0.00e+00	2.76e-05	5.96e-06	3.40e-06
 3.60045e+16	5.24e-05	1.82e-02	9.82e-01	6.47e-05	0.00e+00	0.00e+00	0.00e+00	0.00e+00	0.00e+00	3.91e-05	8.46e-06	4.81e-06
 3.83397e+16	6.82e-05	2.06e-02	9.79e-01	4.42e-05	0.00e+00	0.00e+00	0.00e+00	0.00e+00	0.00e+00	5.08e-05	1.10e-05	6.27e-06
 3.92798e+16	7.61e-05	2.16e-02	9.78e-01	3.89e-05	0.00e+00	0.00e+00	0.00e+00	0.00e+00	0.00e+00	5.67e-05	1.23e-05	6.99e-06
 4.00146e+16	8.30e-05	2.25e-02	9.77e-01	3.54e-05	0.00e+00	0.00e+00	0.00e+00	0.00e+00	0.00e+00	6.19e-05	1.35e-05	7.63e-06
 4.09697e+16	9.30e-05	2.38e-02	9.76e-01	3.16e-05	0.00e+00	0.00e+00	0.00e+00	0.00e+00	0.00e+00	6.93e-05	1.51e-05	8.55e-06
 4.22114e+16	1.08e-04	2.55e-02	9.74e-01	2.79e-05	0.00e+00	0.00e+00	0.00e+00	0.00e+00	0.00e+00	8.05e-05	1.76e-05	9.94e-06
 4.35863e+16	1.28e-04	2.77e-02	9.72e-01	2.47e-05	0.00e+00	0.00e+00	0.00e+00	0.00e+00	0.00e+00	9.56e-05	2.10e-05	1.18e-05
 4.48250e+16	1.51e-04	3.00e-02	9.70e-01	2.24e-05	0.00e+00	0.00e+00	0.00e+00	0.00e+00	0.00e+00	1.12e-04	2.46e-05	1.38e-05
 4.59156e+16	1.74e-04	3.22e-02	9.68e-01	2.07e-05	0.00e+00	0.00e+00	0.00e+00	0.00e+00	0.00e+00	1.29e-04	2.85e-05	1.60e-05
 4.71228e+16	2.04e-04	3.49e-02	9.65e-01	1.90e-05	0.00e+00	0.00e+00	0.00e+00	0.00e+00	0.00e+00	1.52e-04	3.35e-05	1.88e-05
 4.84252e+16	2.45e-04	3.82e-02	9.62e-01	1.74e-05	0.00e+00	0.00e+00	0.00e+00	0.00e+00	0.00e+00	1.82e-04	4.02e-05	2.25e-05
 4.95557e+16	2.88e-04	4.15e-02	9.58e-01	1.61e-05	0.00e+00	0.00e+00	0.00e+00	0.00e+00	0.00e+00	2.15e-04	4.73e-05	2.65e-05
 5.05428e+16	3.34e-04	4.47e-02	9.55e-01	1.50e-05	0.00e+00	0.00e+00	0.00e+00	0.00e+00	0.00e+00	2.48e-04	5.48e-05	3.06e-05
 5.16394e+16	3.93e-04	4.87e-02	9.51e-01	1.39e-05	0.00e+00	0.00e+00	0.00e+00	0.00e+00	0.00e+00	2.93e-04	6.46e-05	3.61e-05
 5.28411e+16	4.75e-04	5.36e-02	9.46e-01	1.27e-05	0.00e+00	0.00e+00	0.00e+00	0.00e+00	0.00e+00	3.53e-04	7.79e-05	4.35e-05
 5.39093e+16	5.64e-04	5.87e-02	9.41e-01	1.17e-05	0.00e+00	0.00e+00	0.00e+00	0.00e+00	0.00e+00	4.20e-04	9.25e-05	5.17e-05
 5.48442e+16	6.59e-04	6.37e-02	9.36e-01	1.09e-05	0.00e+00	0.00e+00	0.00e+00	0.00e+00	0.00e+00	4.90e-04	1.08e-04	6.03e-05
 5.58758e+16	7.87e-04	7.00e-02	9.29e-01	1.00e-05	0.00e+00	0.00e+00	0.00e+00	0.00e+00	0.00e+00	5.86e-04	1.29e-04	7.20e-05
 5.69990e+16	9.59e-04	7.77e-02	9.21e-01	9.09e-06	0.00e+00	0.00e+00	0.00e+00	0.00e+00	0.00e+00	7.14e-04	1.57e-04	8.76e-05
 5.79923e+16	1.15e-03	8.57e-02	9.13e-01	8.28e-06	0.00e+00	0.00e+00	0.00e+00	0.00e+00	0.00e+00	8.58e-04	1.89e-04	1.05e-04
 5.88680e+16	1.36e-03	9.38e-02	9.05e-01	7.61e-06	0.00e+00	0.00e+00	0.00e+00	0.00e+00	0.00e+00	1.01e-03	2.23e-04	1.24e-04
 5.98398e+16	1.65e-03	1.04e-01	8.94e-01	6.88e-06	0.00e+00	0.00e+00	0.00e+00	0.00e+00	0.00e+00	1.23e-03	2.71e-04	1.51e-04
 6.08892e+16	2.05e-03	1.17e-01	8.81e-01	6.11e-06	0.00e+00	0.00e+00	0.00e+00	0.00e+00	0.00e+00	1.52e-03	3.35e-04	1.86e-04
 6.18057e+16	2.49e-03	1.30e-01	8.68e-01	5.47e-06	0.00e+00	0.00e+00	0.00e+00	0.00e+00	0.00e+00	1.86e-03	4.08e-04	2.27e-04
 6.26040e+16	2.98e-03	1.43e-01	8.54e-01	4.92e-06	0.00e+00	0.00e+00	0.00e+00	0.00e+00	0.00e+00	2.22e-03	4.88e-04	2.71e-04
 6.34822e+16	3.65e-03	1.59e-01	8.37e-01	4.33e-06	0.00e+00	0.00e+00	0.00e+00	0.00e+00	0.00e+00	2.72e-03	5.98e-04	3.32e-04
 6.44189e+16	4.58e-03	1.80e-01	8.16e-01	3.75e-06	0.00e+00	0.00e+00	0.00e+00	0.00e+00	0.00e+00	3.42e-03	7.50e-04	4.17e-04
 6.52045e+16	5.60e-03	2.00e-01	7.94e-01	3.29e-06	0.00e+00	0.00e+00	0.00e+00	0.00e+00	0.00e+00	4.17e-03	9.16e-04	5.08e-04
 6.58617e+16	6.65e-03	2.19e-01	7.74e-01	2.92e-06	0.00e+00	0.00e+00	0.00e+00	0.00e+00	0.00e+00	4.96e-03	1.09e-03	6.03e-04
 6.65792e+16	8.08e-03	2.42e-01	7.50e-01	2.53e-06	0.00e+00	0.00e+00	0.00e+00	0.00e+00	0.00e+00	6.02e-03	1.32e-03	7.32e-04
 6.73627e+16	1.01e-02	2.72e-01	7.18e-01	2.12e-06	0.00e+00	0.00e+00	0.00e+00	0.00e+00	0.00e+00	7.52e-03	1.65e-03	9.14e-04
 6.80442e+16	1.23e-02	3.01e-01	6.87e-01	1.79e-06	0.00e+00	0.00e+00	0.00e+00	0.00e+00	0.00e+00	9.21e-03	2.01e-03	1.12e-03
 6.86194e+16	1.47e-02	3.28e-01	6.57e-01	1.54e-06	0.00e+00	0.00e+00	0.00e+00	0.00e+00	0.00e+00	1.10e-02	2.39e-03	1.33e-03
 6.92442e+16	1.79e-02	3.61e-01	6.21e-01	1.28e-06	0.00e+00	0.00e+00	0.00e+00	0.00e+00	0.00e+00	1.34e-02	2.91e-03	1.62e-03
 6.99242e+16	2.23e-02	4.00e-01	5.77e-01	1.02e-06	0.00e+00	0.00e+00	0.00e+00	0.00e+00	0.00e+00	1.67e-02	3.62e-03	2.02e-03
 7.05129e+16	2.73e-02	4.38e-01	5.35e-01	8.16e-07	0.00e+00	0.00e+00	0.00e+00	0.00e+00	0.00e+00	2.04e-02	4.42e-03	2.46e-03
 7.10102e+16	3.25e-02	4.72e-01	4.96e-01	6.62e-07	0.00e+00	0.00e+00	0.00e+00	0.00e+00	0.00e+00	2.43e-02	5.24e-03	2.93e-03
 7.15518e+16	3.93e-02	5.10e-01	4.50e-01	5.16e-07	0.00e+00	0.00e+00	0.00e+00	0.00e+00	0.00e+00	2.94e-02	6.32e-03	3.53e-03
 7.21508e+16	4.90e-02	5.55e-01	3.96e-01	3.78e-07	0.00e+00	0.00e+00	0.00e+00	0.00e+00	0.00e+00	3.67e-02	7.86e-03	4.40e-03
 7.26801e+16	5.99e-02	5.94e-01	3.46e-01	2.75e-07	0.00e+00	0.00e+00	0.00e+00	0.00e+00	0.00e+00	4.50e-02	9.58e-03	5.38e-03
 7.30786e+16	6.99e-02	6.23e-01	3.07e-01	2.10e-07	0.00e+00	0.00e+00	0.00e+00	0.00e+00	0.00e+00	5.24e-02	1.11e-02	6.26e-03
 7.33834e+16	7.83e-02	6.44e-01	2.78e-01	1.68e-07	0.00e+00	0.00e+00	0.00e+00	0.00e+00	0.00e+00	5.88e-02	1.24e-02	7.01e-03
 7.37116e+16	8.89e-02	6.64e-01	2.47e-01	1.30e-07	0.00e+00	0.00e+00	0.00e+00	0.00e+00	0.00e+00	6.69e-02	1.41e-02	7.95e-03
 7.40790e+16	1.03e-01	6.85e-01	2.12e-01	0.00e+00	0.00e+00	0.00e+00	0.00e+00	0.00e+00	0.00e+00	7.74e-02	1.62e-02	9.17e-03
 7.44100e+16	1.18e-01	7.00e-01	1.82e-01	0.00e+00	0.00e+00	0.00e+00	0.00e+00	0.00e+00	0.00e+00	8.87e-02	1.84e-02	1.05e-02
 7.46854e+16	1.31e-01	7.10e-01	1.59e-01	0.00e+00	0.00e+00	0.00e+00	0.00e+00	0.00e+00	0.00e+00	9.89e-02	2.04e-02	1.16e-02
 7.49758e+16	1.47e-01	7.18e-01	1.35e-01	0.00e+00	0.00e+00	0.00e+00	0.00e+00	0.00e+00	0.00e+00	1.11e-01	2.27e-02	1.30e-02
 7.52890e+16	1.67e-01	7.21e-01	1.12e-01	0.00e+00	0.00e+00	0.00e+00	0.00e+00	0.00e+00	0.00e+00	1.27e-01	2.56e-02	1.48e-02
 7.55559e+16	1.86e-01	7.20e-01	9.35e-02	0.00e+00	0.00e+00	0.00e+00	0.00e+00	0.00e+00	0.00e+00	1.41e-01	2.83e-02	1.64e-02
 7.57798e+16	2.03e-01	7.17e-01	7.98e-02	0.00e+00	0.00e+00	0.00e+00	0.00e+00	0.00e+00	0.00e+00	1.55e-01	3.07e-02	1.78e-02
 7.60237e+16	2.24e-01	7.10e-01	6.62e-02	0.00e+00	0.00e+00	0.00e+00	0.00e+00	0.00e+00	0.00e+00	1.71e-01	3.36e-02	1.96e-02
 7.62896e+16	2.50e-01	6.97e-01	5.30e-02	0.00e+00	0.00e+00	0.00e+00	0.00e+00	0.00e+00	0.00e+00	1.91e-01	3.69e-02	2.17e-02
 7.65216e+16	2.74e-01	6.83e-01	4.30e-02	0.00e+00	0.00e+00	0.00e+00	0.00e+00	0.00e+00	0.00e+00	2.11e-01	4.01e-02	2.37e-02
 7.67187e+16	2.96e-01	6.68e-01	3.57e-02	0.00e+00	0.00e+00	0.00e+00	0.00e+00	0.00e+00	0.00e+00	2.28e-01	4.28e-02	2.55e-02
 7.69330e+16	3.22e-01	6.49e-01	2.87e-02	0.00e+00	0.00e+00	0.00e+00	0.00e+00	0.00e+00	0.00e+00	2.49e-01	4.59e-02	2.75e-02
 7.71681e+16	3.53e-01	6.25e-01	2.23e-02	0.00e+00	0.00e+00	0.00e+00	0.00e+00	0.00e+00	0.00e+00	2.73e-01	4.94e-02	2.99e-02
 7.73792e+16	3.83e-01	6.00e-01	1.74e-02	0.00e+00	0.00e+00	0.00e+00	0.00e+00	0.00e+00	0.00e+00	2.98e-01	5.27e-02	3.21e-02
 7.75651e+16	4.10e-01	5.76e-01	1.39e-02	0.00e+00	0.00e+00	0.00e+00	0.00e+00	0.00e+00	0.00e+00	3.20e-01	5.54e-02	3.41e-02
 7.77523e+16	4.39e-01	5.50e-01	1.09e-02	0.00e+00	0.00e+00	0.00e+00	0.00e+00	0.00e+00	0.00e+00	3.44e-01	5.81e-02	3.61e-02
 7.79521e+16	4.71e-01	5.21e-01	8.33e-03	0.00e+00	0.00e+00	0.00e+00	0.00e+00	0.00e+00	0.00e+00	3.72e-01	6.09e-02	3.83e-02
 7.81382e+16	5.02e-01	4.91e-01	6.38e-03	0.00e+00	0.00e+00	0.00e+00	0.00e+00	0.00e+00	0.00e+00	3.98e-01	6.34e-02	4.03e-02
 7.82921e+16	5.28e-01	4.67e-01	5.08e-03	0.00e+00	0.00e+00	0.00e+00	0.00e+00	0.00e+00	0.00e+00	4.21e-01	6.52e-02	4.18e-02
 7.84260e+16	5.50e-01	4.45e-01	4.14e-03	0.00e+00	0.00e+00	0.00e+00	0.00e+00	0.00e+00	0.00e+00	4.41e-01	6.66e-02	4.31e-02
 7.85572e+16	5.73e-01	4.24e-01	3.37e-03	0.00e+00	0.00e+00	0.00e+00	0.00e+00	0.00e+00	0.00e+00	4.60e-01	6.78e-02	4.43e-02
 7.86868e+16	5.95e-01	4.02e-01	2.72e-03	0.00e+00	0.00e+00	0.00e+00	0.00e+00	0.00e+00	0.00e+00	4.81e-01	6.89e-02	4.55e-02
 7.87857e+16	6.12e-01	3.86e-01	2.32e-03	0.00e+00	0.00e+00	0.00e+00	0.00e+00	0.00e+00	0.00e+00	4.96e-01	6.96e-02	4.62e-02
 7.88490e+16	6.21e-01	3.77e-01	2.09e-03	0.00e+00	0.00e+00	0.00e+00	0.00e+00	0.00e+00	0.00e+00	5.05e-01	6.98e-02	4.66e-02
 7.89121e+16	6.31e-01	3.67e-01	1.88e-03	0.00e+00	0.00e+00	0.00e+00	0.00e+00	0.00e+00	0.00e+00	5.14e-01	7.01e-02	4.70e-02
 7.89907e+16	6.44e-01	3.54e-01	1.64e-03	0.00e+00	0.00e+00	0.00e+00	0.00e+00	0.00e+00	0.00e+00	5.27e-01	7.04e-02	4.75e-02
 7.90732e+16	6.59e-01	3.40e-01	1.41e-03	0.00e+00	0.00e+00	0.00e+00	0.00e+00	0.00e+00	0.00e+00	5.40e-01	7.06e-02	4.80e-02
 7.91453e+16	6.70e-01	3.28e-01	1.24e-03	0.00e+00	0.00e+00	0.00e+00	0.00e+00	0.00e+00	0.00e+00	5.51e-01	7.07e-02	4.83e-02
 7.92105e+16	6.81e-01	3.18e-01	1.10e-03	0.00e+00	0.00e+00	0.00e+00	0.00e+00	0.00e+00	0.00e+00	5.62e-01	7.07e-02	4.86e-02
 7.92777e+16	6.92e-01	3.07e-01	9.70e-04	0.00e+00	0.00e+00	0.00e+00	0.00e+00	0.00e+00	0.00e+00	5.72e-01	7.07e-02	4.89e-02
 7.93486e+16	7.03e-01	2.96e-01	8.46e-04	0.00e+00	0.00e+00	0.00e+00	0.00e+00	0.00e+00	0.00e+00	5.83e-01	7.06e-02	4.91e-02
 7.94193e+16	7.15e-01	2.84e-01	7.37e-04	0.00e+00	0.00e+00	0.00e+00	0.00e+00	0.00e+00	0.00e+00	5.95e-01	7.05e-02	4.93e-02
 7.94855e+16	7.25e-01	2.74e-01	6.49e-04	0.00e+00	0.00e+00	0.00e+00	0.00e+00	0.00e+00	0.00e+00	6.05e-01	7.03e-02	4.95e-02
 7.95499e+16	7.35e-01	2.64e-01	5.70e-04	0.00e+00	0.00e+00	0.00e+00	0.00e+00	0.00e+00	0.00e+00	6.15e-01	7.01e-02	4.96e-02
 7.96156e+16	7.45e-01	2.55e-01	5.00e-04	0.00e+00	0.00e+00	0.00e+00	0.00e+00	0.00e+00	0.00e+00	6.25e-01	6.98e-02	4.97e-02
 7.96821e+16	7.55e-01	2.44e-01	4.36e-04	0.00e+00	0.00e+00	0.00e+00	0.00e+00	0.00e+00	0.00e+00	6.36e-01	6.94e-02	4.97e-02
 7.97471e+16	7.64e-01	2.35e-01	3.81e-04	0.00e+00	0.00e+00	0.00e+00	0.00e+00	0.00e+00	0.00e+00	6.46e-01	6.90e-02	4.97e-02
 7.98108e+16	7.74e-01	2.26e-01	3.33e-04	0.00e+00	0.00e+00	0.00e+00	0.00e+00	0.00e+00	0.00e+00	6.55e-01	6.86e-02	4.96e-02
 7.98748e+16	7.83e-01	2.17e-01	2.91e-04	0.00e+00	0.00e+00	0.00e+00	0.00e+00	0.00e+00	0.00e+00	6.65e-01	6.81e-02	4.96e-02
 7.99376e+16	7.92e-01	2.08e-01	2.54e-04	0.00e+00	0.00e+00	0.00e+00	0.00e+00	0.00e+00	0.00e+00	6.74e-01	6.76e-02	4.94e-02
 7.99996e+16	8.00e-01	2.00e-01	2.22e-04	0.00e+00	0.00e+00	0.00e+00	0.00e+00	0.00e+00	0.00e+00	6.83e-01	6.71e-02	4.93e-02
 8.00621e+16	8.08e-01	1.92e-01	1.93e-04	0.00e+00	0.00e+00	0.00e+00	0.00e+00	0.00e+00	0.00e+00	6.93e-01	6.65e-02	4.91e-02
 8.01241e+16	8.16e-01	1.84e-01	1.69e-04	0.00e+00	0.00e+00	0.00e+00	0.00e+00	0.00e+00	0.00e+00	7.01e-01	6.59e-02	4.89e-02
 8.01853e+16	8.24e-01	1.76e-01	1.47e-04	0.00e+00	0.00e+00	0.00e+00	0.00e+00	0.00e+00	0.00e+00	7.10e-01	6.52e-02	4.87e-02
 8.02457e+16	8.31e-01	1.69e-01	1.28e-04	0.00e+00	0.00e+00	0.00e+00	0.00e+00	0.00e+00	0.00e+00	7.18e-01	6.46e-02	4.84e-02
 8.03061e+16	8.38e-01	1.62e-01	1.11e-04	0.00e+00	0.00e+00	0.00e+00	0.00e+00	0.00e+00	0.00e+00	7.26e-01	6.39e-02	4.82e-02
 8.03671e+16	8.45e-01	1.54e-01	9.66e-05	0.00e+00	0.00e+00	0.00e+00	0.00e+00	0.00e+00	0.00e+00	7.34e-01	6.32e-02	4.78e-02
 8.04262e+16	8.52e-01	1.48e-01	8.41e-05	0.00e+00	0.00e+00	0.00e+00	0.00e+00	0.00e+00	0.00e+00	7.42e-01	6.26e-02	4.75e-02
 8.04842e+16	8.58e-01	1.42e-01	7.33e-05	0.00e+00	0.00e+00	0.00e+00	0.00e+00	0.00e+00	0.00e+00	7.49e-01	6.19e-02	4.72e-02
 8.05427e+16	8.64e-01	1.36e-01	6.37e-05	0.00e+00	0.00e+00	0.00e+00	0.00e+00	0.00e+00	0.00e+00	7.56e-01	6.12e-02	4.69e-02
 8.06016e+16	8.71e-01	1.29e-01	5.52e-05	0.00e+00	0.00e+00	0.00e+00	0.00e+00	0.00e+00	0.00e+00	7.64e-01	6.04e-02	4.65e-02
 8.06591e+16	8.76e-01	1.24e-01	4.80e-05	0.00e+00	0.00e+00	0.00e+00	0.00e+00	0.00e+00	0.00e+00	7.70e-01	5.97e-02	4.61e-02
 8.07148e+16	8.81e-01	1.19e-01	4.19e-05	0.00e+00	0.00e+00	0.00e+00	0.00e+00	0.00e+00	0.00e+00	7.77e-01	5.91e-02	4.57e-02
 8.07692e+16	8.86e-01	1.14e-01	3.66e-05	0.00e+00	0.00e+00	0.00e+00	0.00e+00	0.00e+00	0.00e+00	7.83e-01	5.84e-02	4.54e-02
 8.08237e+16	8.91e-01	1.09e-01	3.20e-05	0.00e+00	0.00e+00	0.00e+00	0.00e+00	0.00e+00	0.00e+00	7.89e-01	5.77e-02	4.50e-02
 8.08782e+16	8.96e-01	1.04e-01	2.79e-05	0.00e+00	0.00e+00	0.00e+00	0.00e+00	0.00e+00	0.00e+00	7.94e-01	5.70e-02	4.46e-02
 8.09317e+16	9.00e-01	9.95e-02	2.44e-05	0.00e+00	0.00e+00	0.00e+00	0.00e+00	0.00e+00	0.00e+00	8.00e-01	5.64e-02	4.42e-02
 8.09833e+16	9.05e-01	9.53e-02	2.14e-05	0.00e+00	0.00e+00	0.00e+00	0.00e+00	0.00e+00	0.00e+00	8.05e-01	5.57e-02	4.38e-02
 8.10338e+16	9.09e-01	9.14e-02	1.88e-05	0.00e+00	0.00e+00	0.00e+00	0.00e+00	0.00e+00	0.00e+00	8.10e-01	5.51e-02	4.35e-02
 8.10846e+16	9.12e-01	8.76e-02	1.65e-05	0.00e+00	0.00e+00	0.00e+00	0.00e+00	0.00e+00	0.00e+00	8.15e-01	5.45e-02	4.31e-02
 8.11356e+16	9.16e-01	8.38e-02	1.44e-05	0.00e+00	0.00e+00	0.00e+00	0.00e+00	0.00e+00	0.00e+00	8.20e-01	5.39e-02	4.27e-02
 8.11850e+16	9.20e-01	8.03e-02	1.27e-05	0.00e+00	0.00e+00	0.00e+00	0.00e+00	0.00e+00	0.00e+00	8.24e-01	5.33e-02	4.23e-02
 8.12330e+16	9.23e-01	7.71e-02	1.12e-05	0.00e+00	0.00e+00	0.00e+00	0.00e+00	0.00e+00	0.00e+00	8.28e-01	5.28e-02	4.20e-02
 8.12809e+16	9.26e-01	7.40e-02	9.87e-06	0.00e+00	0.00e+00	0.00e+00	0.00e+00	0.00e+00	0.00e+00	8.32e-01	5.22e-02	4.16e-02
 8.13288e+16	9.29e-01	7.08e-02	8.69e-06	0.00e+00	0.00e+00	0.00e+00	0.00e+00	0.00e+00	0.00e+00	8.36e-01	5.16e-02	4.13e-02
 8.13761e+16	9.32e-01	6.79e-02	7.66e-06	0.00e+00	0.00e+00	0.00e+00	0.00e+00	0.00e+00	0.00e+00	8.40e-01	5.11e-02	4.09e-02
 8.14226e+16	9.35e-01	6.52e-02	6.77e-06	0.00e+00	0.00e+00	0.00e+00	0.00e+00	0.00e+00	0.00e+00	8.44e-01	5.06e-02	4.06e-02
 8.14682e+16	9.37e-01	6.26e-02	5.99e-06	0.00e+00	0.00e+00	0.00e+00	0.00e+00	0.00e+00	0.00e+00	8.47e-01	5.01e-02	4.02e-02
 8.15132e+16	9.40e-01	6.00e-02	5.31e-06	0.00e+00	0.00e+00	0.00e+00	0.00e+00	0.00e+00	0.00e+00	8.50e-01	4.96e-02	3.99e-02
 8.15587e+16	9.42e-01	5.76e-02	4.69e-06	0.00e+00	0.00e+00	0.00e+00	0.00e+00	0.00e+00	0.00e+00	8.54e-01	4.91e-02	3.96e-02
 8.16040e+16	9.45e-01	5.52e-02	4.15e-06	0.00e+00	0.00e+00	0.00e+00	0.00e+00	0.00e+00	0.00e+00	8.57e-01	4.87e-02	3.93e-02
 8.16479e+16	9.47e-01	5.30e-02	3.68e-06	0.00e+00	0.00e+00	0.00e+00	0.00e+00	0.00e+00	0.00e+00	8.60e-01	4.82e-02	3.90e-02
 8.16908e+16	9.49e-01	5.09e-02	3.28e-06	0.00e+00	0.00e+00	0.00e+00	0.00e+00	0.00e+00	0.00e+00	8.63e-01	4.78e-02	3.87e-02
 8.17340e+16	9.51e-01	4.89e-02	2.91e-06	0.00e+00	0.00e+00	0.00e+00	0.00e+00	0.00e+00	0.00e+00	8.65e-01	4.74e-02	3.83e-02
 8.17776e+16	9.53e-01	4.69e-02	2.58e-06	0.00e+00	0.00e+00	0.00e+00	0.00e+00	0.00e+00	0.00e+00	8.68e-01	4.70e-02	3.80e-02
 8.18202e+16	9.55e-01	4.50e-02	2.30e-06	0.00e+00	0.00e+00	0.00e+00	0.00e+00	0.00e+00	0.00e+00	8.71e-01	4.65e-02	3.76e-02
 8.18613e+16	9.57e-01	4.33e-02	2.05e-06	0.00e+00	0.00e+00	0.00e+00	0.00e+00	0.00e+00	0.00e+00	8.73e-01	4.61e-02	3.73e-02
 8.19026e+16	9.58e-01	4.16e-02	1.83e-06	0.00e+00	0.00e+00	0.00e+00	0.00e+00	0.00e+00	0.00e+00	8.76e-01	4.58e-02	3.70e-02
 8.19447e+16	9.60e-01	3.99e-02	1.63e-06	0.00e+00	0.00e+00	0.00e+00	0.00e+00	0.00e+00	0.00e+00	8.78e-01	4.54e-02	3.67e-02
 8.19864e+16	9.62e-01	3.83e-02	1.45e-06	0.00e+00	0.00e+00	0.00e+00	0.00e+00	0.00e+00	0.00e+00	8.80e-01	4.50e-02	3.64e-02
 8.20264e+16	9.63e-01	3.68e-02	1.30e-06	0.00e+00	0.00e+00	0.00e+00	0.00e+00	0.00e+00	0.00e+00	8.82e-01	4.47e-02	3.61e-02
 8.20654e+16	9.65e-01	3.54e-02	1.17e-06	0.00e+00	0.00e+00	0.00e+00	0.00e+00	0.00e+00	0.00e+00	8.84e-01	4.43e-02	3.58e-02
 8.21050e+16	9.66e-01	3.40e-02	1.05e-06	0.00e+00	0.00e+00	0.00e+00	0.00e+00	0.00e+00	0.00e+00	8.86e-01	4.40e-02	3.56e-02
 8.21454e+16	9.67e-01	3.26e-02	9.33e-07	0.00e+00	0.00e+00	0.00e+00	0.00e+00	0.00e+00	0.00e+00	8.88e-01	4.37e-02	3.53e-02
 8.21852e+16	9.69e-01	3.13e-02	8.34e-07	0.00e+00	0.00e+00	0.00e+00	0.00e+00	0.00e+00	0.00e+00	8.90e-01	4.33e-02	3.50e-02
 8.22241e+16	9.70e-01	3.00e-02	7.48e-07	0.00e+00	0.00e+00	0.00e+00	0.00e+00	0.00e+00	0.00e+00	8.92e-01	4.30e-02	3.48e-02
 8.22619e+16	9.71e-01	2.88e-02	6.73e-07	0.00e+00	0.00e+00	0.00e+00	0.00e+00	0.00e+00	0.00e+00	8.94e-01	4.27e-02	3.45e-02
 8.22992e+16	9.72e-01	2.77e-02	6.07e-07	0.00e+00	0.00e+00	0.00e+00	0.00e+00	0.00e+00	0.00e+00	8.96e-01	4.25e-02	3.43e-02
 8.23369e+16	9.73e-01	2.66e-02	5.46e-07	0.00e+00	0.00e+00	0.00e+00	0.00e+00	0.00e+00	0.00e+00	8.97e-01	4.22e-02	3.40e-02
 8.23746e+16	9.75e-01	2.55e-02	4.91e-07	0.00e+00	0.00e+00	0.00e+00	0.00e+00	0.00e+00	0.00e+00	8.99e-01	4.19e-02	3.38e-02
 8.24112e+16	9.76e-01	2.45e-02	4.43e-07	0.00e+00	0.00e+00	0.00e+00	0.00e+00	0.00e+00	0.00e+00	9.00e-01	4.16e-02	3.36e-02
 8.24460e+16	9.76e-01	2.35e-02	4.02e-07	0.00e+00	0.00e+00	0.00e+00	0.00e+00	0.00e+00	0.00e+00	9.02e-01	4.14e-02	3.33e-02
 8.24782e+16	9.77e-01	2.27e-02	3.68e-07	0.00e+00	0.00e+00	0.00e+00	0.00e+00	0.00e+00	0.00e+00	9.03e-01	4.11e-02	3.31e-02
 8.25075e+16	9.78e-01	2.20e-02	3.40e-07	0.00e+00	0.00e+00	0.00e+00	0.00e+00	0.00e+00	0.00e+00	9.04e-01	4.09e-02	3.30e-02
 8.25341e+16	9.79e-01	2.13e-02	3.16e-07	0.00e+00	0.00e+00	0.00e+00	0.00e+00	0.00e+00	0.00e+00	9.05e-01	4.07e-02	3.28e-02
 8.25587e+16	9.79e-01	2.07e-02	2.96e-07	0.00e+00	0.00e+00	0.00e+00	0.00e+00	0.00e+00	0.00e+00	9.06e-01	4.06e-02	3.26e-02
 8.25816e+16	9.80e-01	2.02e-02	2.78e-07	0.00e+00	0.00e+00	0.00e+00	0.00e+00	0.00e+00	0.00e+00	9.07e-01	4.04e-02	3.25e-02
 8.26032e+16	9.80e-01	1.97e-02	2.62e-07	0.00e+00	0.00e+00	0.00e+00	0.00e+00	0.00e+00	0.00e+00	9.08e-01	4.03e-02	3.24e-02
 8.26231e+16	9.81e-01	1.92e-02	2.48e-07	0.00e+00	0.00e+00	0.00e+00	0.00e+00	0.00e+00	0.00e+00	9.08e-01	4.01e-02	3.22e-02
 8.26413e+16	9.81e-01	1.88e-02	2.36e-07	0.00e+00	0.00e+00	0.00e+00	0.00e+00	0.00e+00	0.00e+00	9.09e-01	4.00e-02	3.21e-02
 8.26584e+16	9.82e-01	1.84e-02	2.26e-07	0.00e+00	0.00e+00	0.00e+00	0.00e+00	0.00e+00	0.00e+00	9.10e-01	3.99e-02	3.20e-02
 8.26744e+16	9.82e-01	1.81e-02	2.16e-07	0.00e+00	0.00e+00	0.00e+00	0.00e+00	0.00e+00	0.00e+00	9.10e-01	3.97e-02	3.19e-02
 8.26895e+16	9.82e-01	1.77e-02	2.08e-07	0.00e+00	0.00e+00	0.00e+00	0.00e+00	0.00e+00	0.00e+00	9.11e-01	3.96e-02	3.18e-02
 8.27038e+16	9.83e-01	1.74e-02	2.00e-07	0.00e+00	0.00e+00	0.00e+00	0.00e+00	0.00e+00	0.00e+00	9.11e-01	3.95e-02	3.17e-02
 8.27173e+16	9.83e-01	1.71e-02	1.92e-07	0.00e+00	0.00e+00	0.00e+00	0.00e+00	0.00e+00	0.00e+00	9.12e-01	3.94e-02	3.16e-02
 8.27300e+16	9.83e-01	1.68e-02	1.86e-07	0.00e+00	0.00e+00	0.00e+00	0.00e+00	0.00e+00	0.00e+00	9.12e-01	3.93e-02	3.15e-02
 8.27420e+16	9.83e-01	1.65e-02	1.80e-07	0.00e+00	0.00e+00	0.00e+00	0.00e+00	0.00e+00	0.00e+00	9.13e-01	3.92e-02	3.14e-02
 8.27534e+16	9.84e-01	1.63e-02	1.74e-07	0.00e+00	0.00e+00	0.00e+00	0.00e+00	0.00e+00	0.00e+00	9.13e-01	3.91e-02	3.13e-02
 8.27643e+16	9.84e-01	1.60e-02	1.69e-07	0.00e+00	0.00e+00	0.00e+00	0.00e+00	0.00e+00	0.00e+00	9.14e-01	3.90e-02	3.12e-02
 8.27746e+16	9.84e-01	1.58e-02	1.64e-07	0.00e+00	0.00e+00	0.00e+00	0.00e+00	0.00e+00	0.00e+00	9.14e-01	3.89e-02	3.11e-02
 8.27846e+16	9.84e-01	1.55e-02	1.60e-07	0.00e+00	0.00e+00	0.00e+00	0.00e+00	0.00e+00	0.00e+00	9.15e-01	3.88e-02	3.11e-02
 8.27941e+16	9.85e-01	1.53e-02	1.56e-07	0.00e+00	0.00e+00	0.00e+00	0.00e+00	0.00e+00	0.00e+00	9.15e-01	3.87e-02	3.10e-02
 8.28033e+16	9.85e-01	1.51e-02	1.52e-07	0.00e+00	0.00e+00	0.00e+00	0.00e+00	0.00e+00	0.00e+00	9.15e-01	3.86e-02	3.09e-02
 8.28122e+16	9.85e-01	1.48e-02	1.48e-07	0.00e+00	0.00e+00	0.00e+00	0.00e+00	0.00e+00	0.00e+00	9.16e-01	3.85e-02	3.08e-02
 8.28208e+16	9.85e-01	1.46e-02	1.44e-07	0.00e+00	0.00e+00	0.00e+00	0.00e+00	0.00e+00	0.00e+00	9.16e-01	3.84e-02	3.07e-02
 8.28292e+16	9.86e-01	1.44e-02	1.41e-07	0.00e+00	0.00e+00	0.00e+00	0.00e+00	0.00e+00	0.00e+00	9.17e-01	3.83e-02	3.06e-02
 8.28375e+16	9.86e-01	1.42e-02	1.38e-07	0.00e+00	0.00e+00	0.00e+00	0.00e+00	0.00e+00	0.00e+00	9.17e-01	3.83e-02	3.06e-02
 8.28456e+16	9.86e-01	1.40e-02	1.34e-07	0.00e+00	0.00e+00	0.00e+00	0.00e+00	0.00e+00	0.00e+00	9.17e-01	3.82e-02	3.05e-02
 8.28537e+16	9.86e-01	1.38e-02	1.31e-07	0.00e+00	0.00e+00	0.00e+00	0.00e+00	0.00e+00	0.00e+00	9.18e-01	3.81e-02	3.04e-02
 8.28618e+16	9.86e-01	1.36e-02	1.28e-07	0.00e+00	0.00e+00	0.00e+00	0.00e+00	0.00e+00	0.00e+00	9.18e-01	3.80e-02	3.03e-02
 8.28702e+16	9.87e-01	1.33e-02	1.25e-07	0.00e+00	0.00e+00	0.00e+00	0.00e+00	0.00e+00	0.00e+00	9.19e-01	3.79e-02	3.02e-02
 8.28790e+16	9.87e-01	1.31e-02	1.22e-07	0.00e+00	0.00e+00	0.00e+00	0.00e+00	0.00e+00	0.00e+00	9.19e-01	3.77e-02	3.01e-02
 8.28882e+16	9.87e-01	1.28e-02	1.18e-07	0.00e+00	0.00e+00	0.00e+00	0.00e+00	0.00e+00	0.00e+00	9.20e-01	3.76e-02	2.99e-02
 8.28981e+16	9.88e-01	1.25e-02	1.14e-07	0.00e+00	0.00e+00	0.00e+00	0.00e+00	0.00e+00	0.00e+00	9.20e-01	3.75e-02	2.98e-02
 8.29082e+16	9.88e-01	1.22e-02	1.11e-07	0.00e+00	0.00e+00	0.00e+00	0.00e+00	0.00e+00	0.00e+00	9.21e-01	3.73e-02	2.97e-02
 8.29175e+16	9.88e-01	1.19e-02	1.07e-07	0.00e+00	0.00e+00	0.00e+00	0.00e+00	0.00e+00	0.00e+00	9.21e-01	3.72e-02	2.95e-02
 8.29261e+16	9.88e-01	1.16e-02	1.04e-07	0.00e+00	0.00e+00	0.00e+00	0.00e+00	0.00e+00	0.00e+00	9.22e-01	3.70e-02	2.94e-02
 8.29342e+16	9.89e-01	1.14e-02	1.01e-07	0.00e+00	0.00e+00	0.00e+00	0.00e+00	0.00e+00	0.00e+00	9.23e-01	3.69e-02	2.92e-02
 8.29418e+16	9.89e-01	1.12e-02	9.88e-08	0.00e+00	0.00e+00	0.00e+00	0.00e+00	0.00e+00	0.00e+00	9.23e-01	3.67e-02	2.91e-02
 8.29488e+16	9.89e-01	1.09e-02	9.64e-08	0.00e+00	0.00e+00	0.00e+00	0.00e+00	0.00e+00	0.00e+00	9.23e-01	3.66e-02	2.90e-02
 8.29551e+16	9.89e-01	1.07e-02	9.42e-08	0.00e+00	0.00e+00	0.00e+00	0.00e+00	0.00e+00	0.00e+00	9.24e-01	3.65e-02	2.89e-02
 8.29608e+16	9.89e-01	1.06e-02	9.23e-08	0.00e+00	0.00e+00	0.00e+00	0.00e+00	0.00e+00	0.00e+00	9.24e-01	3.64e-02	2.88e-02
 8.29661e+16	9.90e-01	1.04e-02	9.05e-08	0.00e+00	0.00e+00	0.00e+00	0.00e+00	0.00e+00	0.00e+00	9.25e-01	3.63e-02	2.87e-02
 8.29708e+16	9.90e-01	1.03e-02	8.89e-08	0.00e+00	0.00e+00	0.00e+00	0.00e+00	0.00e+00	0.00e+00	9.25e-01	3.62e-02	2.86e-02
 8.29751e+16	9.90e-01	1.01e-02	8.75e-08	0.00e+00	0.00e+00	0.00e+00	0.00e+00	0.00e+00	0.00e+00	9.25e-01	3.61e-02	2.85e-02
 8.29799e+16	9.90e-01	1.00e-02	8.59e-08	0.00e+00	0.00e+00	0.00e+00	0.00e+00	0.00e+00	0.00e+00	9.26e-01	3.60e-02	2.84e-02
 8.29850e+16	9.90e-01	9.87e-03	8.43e-08	0.00e+00	0.00e+00	0.00e+00	0.00e+00	0.00e+00	0.00e+00	9.26e-01	3.58e-02	2.83e-02
 8.29896e+16	9.90e-01	9.73e-03	8.28e-08	0.00e+00	0.00e+00	0.00e+00	0.00e+00	0.00e+00	0.00e+00	9.26e-01	3.57e-02	2.82e-02
 8.29939e+16	9.90e-01	9.61e-03	8.14e-08	0.00e+00	0.00e+00	0.00e+00	0.00e+00	0.00e+00	0.00e+00	9.27e-01	3.56e-02	2.81e-02
 8.29985e+16	9.91e-01	9.48e-03	7.98e-08	0.00e+00	0.00e+00	0.00e+00	0.00e+00	0.00e+00	0.00e+00	9.27e-01	3.55e-02	2.80e-02
 8.30035e+16	9.91e-01	9.33e-03	7.82e-08	0.00e+00	0.00e+00	0.00e+00	0.00e+00	0.00e+00	0.00e+00	9.27e-01	3.54e-02	2.79e-02
 8.30081e+16	9.91e-01	9.21e-03	7.68e-08	0.00e+00	0.00e+00	0.00e+00	0.00e+00	0.00e+00	0.00e+00	9.28e-01	3.53e-02	2.78e-02
 8.30131e+16	9.91e-01	9.07e-03	7.52e-08	0.00e+00	0.00e+00	0.00e+00	0.00e+00	0.00e+00	0.00e+00	9.28e-01	3.51e-02	2.77e-02
 8.30185e+16	9.91e-01	8.93e-03	7.35e-08	0.00e+00	0.00e+00	0.00e+00	0.00e+00	0.00e+00	0.00e+00	9.28e-01	3.50e-02	2.76e-02
 8.30234e+16	9.91e-01	8.79e-03	7.19e-08	0.00e+00	0.00e+00	0.00e+00	0.00e+00	0.00e+00	0.00e+00	9.29e-01	3.49e-02	2.75e-02
 8.30279e+16	9.91e-01	8.69e-03	7.06e-08	0.00e+00	0.00e+00	0.00e+00	0.00e+00	0.00e+00	0.00e+00	9.29e-01	3.48e-02	2.74e-02
 8.30328e+16	9.91e-01	8.59e-03	6.93e-08	0.00e+00	0.00e+00	0.00e+00	0.00e+00	0.00e+00	0.00e+00	9.29e-01	3.47e-02	2.73e-02
 8.30392e+16	9.92e-01	8.45e-03	6.75e-08	0.00e+00	0.00e+00	0.00e+00	0.00e+00	0.00e+00	0.00e+00	9.30e-01	3.46e-02	2.72e-02
 8.30460e+16	9.92e-01	8.30e-03	6.56e-08	0.00e+00	0.00e+00	0.00e+00	0.00e+00	0.00e+00	0.00e+00	9.30e-01	3.45e-02	2.71e-02
 8.30523e+16	9.92e-01	8.17e-03	6.39e-08	0.00e+00	0.00e+00	0.00e+00	0.00e+00	0.00e+00	0.00e+00	9.30e-01	3.43e-02	2.70e-02
 8.30580e+16	9.92e-01	8.06e-03	6.24e-08	0.00e+00	0.00e+00	0.00e+00	0.00e+00	0.00e+00	0.00e+00	9.31e-01	3.42e-02	2.69e-02
 8.30642e+16	9.92e-01	7.92e-03	6.07e-08	0.00e+00	0.00e+00	0.00e+00	0.00e+00	0.00e+00	0.00e+00	9.31e-01	3.41e-02	2.68e-02
 8.30710e+16	9.92e-01	7.79e-03	5.91e-08	0.00e+00	0.00e+00	0.00e+00	0.00e+00	0.00e+00	0.00e+00	9.32e-01	3.40e-02	2.67e-02
 8.30771e+16	9.92e-01	7.67e-03	5.75e-08	0.00e+00	0.00e+00	0.00e+00	0.00e+00	0.00e+00	0.00e+00	9.32e-01	3.39e-02	2.66e-02
 8.30827e+16	9.92e-01	7.56e-03	5.61e-08	0.00e+00	0.00e+00	0.00e+00	0.00e+00	0.00e+00	0.00e+00	9.32e-01	3.37e-02	2.65e-02
 8.30888e+16	9.93e-01	7.44e-03	5.46e-08	0.00e+00	0.00e+00	0.00e+00	0.00e+00	0.00e+00	0.00e+00	9.33e-01	3.36e-02	2.64e-02
 8.30954e+16	9.93e-01	7.30e-03	5.29e-08	0.00e+00	0.00e+00	0.00e+00	0.00e+00	0.00e+00	0.00e+00	9.33e-01	3.35e-02	2.62e-02
 8.31014e+16	9.93e-01	7.16e-03	5.14e-08	0.00e+00	0.00e+00	0.00e+00	0.00e+00	0.00e+00	0.00e+00	9.33e-01	3.34e-02	2.61e-02
