#depth	He	He+	He+2
 2.42297e+12	6.23e-05	1.11e-01	8.89e-01
 1.45378e+13	6.23e-05	1.11e-01	8.89e-01
 6.29971e+13	6.26e-05	1.11e-01	8.89e-01
 2.56834e+14	6.36e-05	1.12e-01	8.88e-01
 6.13495e+14	6.40e-05	1.13e-01	8.87e-01
 1.07715e+15	6.57e-05	1.14e-01	8.86e-01
 1.67991e+15	6.86e-05	1.18e-01	8.82e-01
 2.46349e+15	7.34e-05	1.24e-01	8.76e-01
 3.48215e+15	8.12e-05	1.33e-01	8.67e-01
 4.80641e+15	9.43e-05	1.49e-01	8.51e-01
 6.28387e+15	1.13e-04	1.72e-01	8.28e-01
 7.62880e+15	1.36e-04	2.01e-01	7.99e-01
 8.76828e+15	1.63e-04	2.33e-01	7.67e-01
 9.76729e+15	1.93e-04	2.70e-01	7.30e-01
 1.06982e+16	2.30e-04	3.12e-01	6.88e-01
 1.15938e+16	2.73e-04	3.62e-01	6.38e-01
 1.24587e+16	3.25e-04	4.20e-01	5.80e-01
 1.32959e+16	3.85e-04	4.86e-01	5.13e-01
 1.41196e+16	4.54e-04	5.59e-01	4.40e-01
 1.48760e+16	5.24e-04	6.31e-01	3.68e-01
 1.55568e+16	5.92e-04	6.97e-01	3.03e-01
 1.63288e+16	6.68e-04	7.65e-01	2.34e-01
 1.73323e+16	7.58e-04	8.40e-01	1.59e-01
 1.86369e+16	8.54e-04	9.08e-01	9.10e-02
 2.03328e+16	9.47e-04	9.57e-01	4.23e-02
 2.23559e+16	1.03e-03	9.82e-01	1.72e-02
 2.45915e+16	1.11e-03	9.92e-01	6.72e-03
 2.70507e+16	1.20e-03	9.96e-01	2.57e-03
 2.97557e+16	1.29e-03	9.98e-01	9.52e-04
 3.27313e+16	1.41e-03	9.98e-01	3.42e-04
 3.60045e+16	1.56e-03	9.98e-01	1.20e-04
 3.83397e+16	1.67e-03	9.98e-01	6.17e-05
 3.92798e+16	1.73e-03	9.98e-01	4.80e-05
 4.00146e+16	1.77e-03	9.98e-01	3.88e-05
 4.09697e+16	1.83e-03	9.98e-01	2.95e-05
 4.22114e+16	1.90e-03	9.98e-01	2.10e-05
 4.35863e+16	2.00e-03	9.98e-01	1.48e-05
 4.48250e+16	2.09e-03	9.98e-01	1.09e-05
 4.59156e+16	2.17e-03	9.98e-01	8.47e-06
 4.71228e+16	2.27e-03	9.98e-01	6.38e-06
 4.84252e+16	2.39e-03	9.98e-01	4.80e-06
 4.95557e+16	2.51e-03	9.97e-01	3.81e-06
 5.05428e+16	2.61e-03	9.97e-01	3.12e-06
 5.16394e+16	2.74e-03	9.97e-01	2.50e-06
 5.28411e+16	2.89e-03	9.97e-01	2.00e-06
 5.39093e+16	3.04e-03	9.97e-01	1.65e-06
 5.48442e+16	3.19e-03	9.97e-01	1.41e-06
 5.58758e+16	3.36e-03	9.97e-01	1.17e-06
 5.69990e+16	3.57e-03	9.96e-01	9.76e-07
 5.79923e+16	3.78e-03	9.96e-01	8.35e-07
 5.88680e+16	3.98e-03	9.96e-01	7.29e-07
 5.98398e+16	4.24e-03	9.96e-01	6.25e-07
 6.08892e+16	4.53e-03	9.95e-01	5.36e-07
 6.18057e+16	4.84e-03	9.95e-01	4.71e-07
 6.26040e+16	5.14e-03	9.95e-01	4.21e-07
 6.34822e+16	5.51e-03	9.94e-01	3.70e-07
 6.44189e+16	5.96e-03	9.94e-01	3.26e-07
 6.52045e+16	6.39e-03	9.94e-01	2.94e-07
 6.58617e+16	6.81e-03	9.93e-01	2.70e-07
 6.65792e+16	7.32e-03	9.93e-01	2.45e-07
 6.73627e+16	7.97e-03	9.92e-01	2.21e-07
 6.80442e+16	8.63e-03	9.91e-01	2.03e-07
 6.86194e+16	9.26e-03	9.91e-01	1.89e-07
 6.92442e+16	1.01e-02	9.90e-01	1.74e-07
 6.99242e+16	1.11e-02	9.89e-01	1.59e-07
 7.05129e+16	1.21e-02	9.88e-01	1.48e-07
 7.10102e+16	1.32e-02	9.87e-01	1.40e-07
 7.15518e+16	1.45e-02	9.86e-01	1.30e-07
 7.21508e+16	1.62e-02	9.84e-01	1.21e-07
 7.26801e+16	1.81e-02	9.82e-01	1.14e-07
 7.30786e+16	1.98e-02	9.80e-01	1.09e-07
 7.33834e+16	2.12e-02	9.79e-01	1.05e-07
 7.37116e+16	2.30e-02	9.77e-01	1.01e-07
 7.40790e+16	2.53e-02	9.75e-01	9.64e-08
 7.44100e+16	2.78e-02	9.72e-01	9.27e-08
 7.46854e+16	3.01e-02	9.70e-01	9.01e-08
 7.49758e+16	3.29e-02	9.67e-01	8.71e-08
 7.52890e+16	3.65e-02	9.64e-01	8.42e-08
 7.55559e+16	4.00e-02	9.60e-01	8.20e-08
 7.57798e+16	4.33e-02	9.57e-01	8.03e-08
 7.60237e+16	4.76e-02	9.52e-01	7.83e-08
 7.62896e+16	5.28e-02	9.47e-01	7.64e-08
 7.65216e+16	5.82e-02	9.42e-01	7.50e-08
 7.67187e+16	6.33e-02	9.37e-01	7.40e-08
 7.69330e+16	7.00e-02	9.30e-01	7.26e-08
 7.71681e+16	7.78e-02	9.22e-01	7.19e-08
 7.73792e+16	8.63e-02	9.14e-01	7.12e-08
 7.75651e+16	9.47e-02	9.05e-01	7.07e-08
 7.77523e+16	1.04e-01	8.96e-01	7.03e-08
 7.79521e+16	1.16e-01	8.84e-01	7.02e-08
 7.81382e+16	1.28e-01	8.72e-01	7.03e-08
 7.82921e+16	1.40e-01	8.60e-01	7.04e-08
 7.84260e+16	1.51e-01	8.49e-01	7.05e-08
 7.85572e+16	1.63e-01	8.37e-01	7.07e-08
 7.86868e+16	1.76e-01	8.24e-01	7.10e-08
 7.87857e+16	1.86e-01	8.14e-01	7.15e-08
 7.88490e+16	1.93e-01	8.07e-01	7.16e-08
 7.89121e+16	2.01e-01	7.99e-01	7.16e-08
 7.89907e+16	2.11e-01	7.89e-01	7.18e-08
 7.90732e+16	2.21e-01	7.79e-01	7.20e-08
 7.91453e+16	2.30e-01	7.70e-01	7.26e-08
 7.92105e+16	2.40e-01	7.60e-01	7.27e-08
 7.92777e+16	2.49e-01	7.51e-01	7.30e-08
 7.93486e+16	2.60e-01	7.40e-01	7.34e-08
 7.94193e+16	2.71e-01	7.29e-01	7.37e-08
 7.94855e+16	2.82e-01	7.18e-01	7.42e-08
 7.95499e+16	2.93e-01	7.07e-01	7.43e-08
 7.96156e+16	3.04e-01	6.96e-01	7.48e-08
 7.96821e+16	3.17e-01	6.83e-01	7.50e-08
 7.97471e+16	3.29e-01	6.71e-01	7.56e-08
 7.98108e+16	3.41e-01	6.59e-01	7.58e-08
 7.98748e+16	3.54e-01	6.46e-01	7.61e-08
 7.99376e+16	3.67e-01	6.33e-01	7.65e-08
 7.99996e+16	3.80e-01	6.20e-01	7.68e-08
 8.00621e+16	3.93e-01	6.07e-01	7.70e-08
 8.01241e+16	4.07e-01	5.93e-01	7.74e-08
 8.01853e+16	4.21e-01	5.79e-01	7.75e-08
 8.02457e+16	4.34e-01	5.66e-01	7.79e-08
 8.03061e+16	4.49e-01	5.51e-01	7.81e-08
 8.03671e+16	4.63e-01	5.37e-01	7.82e-08
 8.04262e+16	4.78e-01	5.22e-01	7.84e-08
 8.04842e+16	4.92e-01	5.08e-01	7.85e-08
 8.05427e+16	5.06e-01	4.94e-01	7.86e-08
 8.06016e+16	5.21e-01	4.79e-01	7.86e-08
 8.06591e+16	5.35e-01	4.65e-01	7.86e-08
 8.07148e+16	5.49e-01	4.51e-01	7.87e-08
 8.07692e+16	5.63e-01	4.37e-01	7.85e-08
 8.08237e+16	5.77e-01	4.23e-01	7.83e-08
 8.08782e+16	5.91e-01	4.09e-01	7.82e-08
 8.09317e+16	6.05e-01	3.95e-01	7.81e-08
 8.09833e+16	6.18e-01	3.82e-01	7.79e-08
 8.10338e+16	6.31e-01	3.69e-01	7.75e-08
 8.10846e+16	6.43e-01	3.57e-01	7.72e-08
 8.11356e+16	6.56e-01	3.44e-01	7.69e-08
 8.11850e+16	6.68e-01	3.32e-01	7.66e-08
 8.12330e+16	6.80e-01	3.20e-01	7.62e-08
 8.12809e+16	6.91e-01	3.09e-01	7.57e-08
 8.13288e+16	7.03e-01	2.97e-01	7.52e-08
 8.13761e+16	7.14e-01	2.86e-01	7.48e-08
 8.14226e+16	7.24e-01	2.76e-01	7.44e-08
 8.14682e+16	7.35e-01	2.65e-01	7.38e-08
 8.15132e+16	7.45e-01	2.55e-01	7.31e-08
 8.15587e+16	7.55e-01	2.45e-01	7.25e-08
 8.16040e+16	7.64e-01	2.36e-01	7.20e-08
 8.16479e+16	7.73e-01	2.27e-01	7.14e-08
 8.16908e+16	7.82e-01	2.18e-01	7.07e-08
 8.17340e+16	7.91e-01	2.09e-01	7.00e-08
 8.17776e+16	7.99e-01	2.01e-01	6.93e-08
 8.18202e+16	8.07e-01	1.93e-01	6.87e-08
 8.18613e+16	8.14e-01	1.86e-01	6.79e-08
 8.19026e+16	8.22e-01	1.78e-01	6.71e-08
 8.19447e+16	8.29e-01	1.71e-01	6.63e-08
 8.19864e+16	8.36e-01	1.64e-01	6.56e-08
 8.20264e+16	8.43e-01	1.57e-01	6.49e-08
 8.20654e+16	8.49e-01	1.51e-01	6.40e-08
 8.21050e+16	8.55e-01	1.45e-01	6.32e-08
 8.21454e+16	8.61e-01	1.39e-01	6.23e-08
 8.21852e+16	8.67e-01	1.33e-01	6.14e-08
 8.22241e+16	8.72e-01	1.28e-01	6.06e-08
 8.22619e+16	8.77e-01	1.23e-01	5.97e-08
 8.22992e+16	8.82e-01	1.18e-01	5.88e-08
 8.23369e+16	8.87e-01	1.13e-01	5.79e-08
 8.23746e+16	8.92e-01	1.08e-01	5.70e-08
 8.24112e+16	8.96e-01	1.04e-01	5.61e-08
 8.24460e+16	9.00e-01	9.98e-02	5.52e-08
 8.24782e+16	9.04e-01	9.62e-02	5.43e-08
 8.25075e+16	9.07e-01	9.29e-02	5.34e-08
 8.25341e+16	9.10e-01	9.00e-02	5.25e-08
 8.25587e+16	9.13e-01	8.74e-02	5.17e-08
 8.25816e+16	9.15e-01	8.50e-02	5.10e-08
 8.26032e+16	9.17e-01	8.27e-02	5.02e-08
 8.26231e+16	9.19e-01	8.07e-02	4.95e-08
 8.26413e+16	9.21e-01	7.89e-02	4.89e-08
 8.26584e+16	9.23e-01	7.72e-02	4.82e-08
 8.26744e+16	9.24e-01	7.57e-02	4.76e-08
 8.26895e+16	9.26e-01	7.42e-02	4.70e-08
 8.27038e+16	9.27e-01	7.29e-02	4.65e-08
 8.27173e+16	9.28e-01	7.16e-02	4.60e-08
 8.27300e+16	9.30e-01	7.04e-02	4.55e-08
 8.27420e+16	9.31e-01	6.93e-02	4.50e-08
 8.27534e+16	9.32e-01	6.83e-02	4.45e-08
 8.27643e+16	9.33e-01	6.73e-02	4.41e-08
 8.27746e+16	9.34e-01	6.64e-02	4.36e-08
 8.27846e+16	9.34e-01	6.55e-02	4.32e-08
 8.27941e+16	9.35e-01	6.47e-02	4.28e-08
 8.28033e+16	9.36e-01	6.39e-02	4.24e-08
 8.28122e+16	9.37e-01	6.31e-02	4.20e-08
 8.28208e+16	9.38e-01	6.24e-02	4.16e-08
 8.28292e+16	9.38e-01	6.16e-02	4.12e-08
 8.28375e+16	9.39e-01	6.09e-02	4.08e-08
 8.28456e+16	9.40e-01	6.02e-02	4.04e-08
 8.28537e+16	9.40e-01	5.95e-02	4.00e-08
 8.28618e+16	9.41e-01	5.88e-02	3.95e-08
 8.28702e+16	9.42e-01	5.81e-02	3.91e-08
 8.28790e+16	9.43e-01	5.74e-02	3.86e-08
 8.28882e+16	9.43e-01	5.66e-02	3.81e-08
 8.28981e+16	9.44e-01	5.57e-02	3.75e-08
 8.29082e+16	9.45e-01	5.49e-02	3.69e-08
 8.29175e+16	9.46e-01	5.41e-02	3.64e-08
 8.29261e+16	9.47e-01	5.33e-02	3.59e-08
 8.29342e+16	9.47e-01	5.26e-02	3.53e-08
 8.29418e+16	9.48e-01	5.20e-02	3.48e-08
 8.29488e+16	9.49e-01	5.14e-02	3.44e-08
 8.29551e+16	9.49e-01	5.08e-02	3.39e-08
 8.29608e+16	9.50e-01	5.03e-02	3.36e-08
 8.29661e+16	9.50e-01	4.98e-02	3.32e-08
 8.29708e+16	9.51e-01	4.94e-02	3.28e-08
 8.29751e+16	9.51e-01	4.90e-02	3.25e-08
 8.29799e+16	9.51e-01	4.86e-02	3.22e-08
 8.29850e+16	9.52e-01	4.81e-02	3.19e-08
 8.29896e+16	9.52e-01	4.77e-02	3.16e-08
 8.29939e+16	9.53e-01	4.73e-02	3.13e-08
 8.29985e+16	9.53e-01	4.69e-02	3.09e-08
 8.30035e+16	9.54e-01	4.65e-02	3.06e-08
 8.30081e+16	9.54e-01	4.61e-02	3.03e-08
 8.30131e+16	9.54e-01	4.56e-02	2.99e-08
 8.30185e+16	9.55e-01	4.52e-02	2.96e-08
 8.30234e+16	9.55e-01	4.47e-02	2.92e-08
 8.30279e+16	9.56e-01	4.44e-02	2.90e-08
 8.30328e+16	9.56e-01	4.40e-02	2.87e-08
 8.30392e+16	9.57e-01	4.35e-02	2.84e-08
 8.30460e+16	9.57e-01	4.30e-02	2.80e-08
 8.30523e+16	9.58e-01	4.25e-02	2.77e-08
 8.30580e+16	9.58e-01	4.21e-02	2.74e-08
 8.30642e+16	9.58e-01	4.16e-02	2.71e-08
 8.30710e+16	9.59e-01	4.11e-02	2.68e-08
 8.30771e+16	9.59e-01	4.07e-02	2.65e-08
 8.30827e+16	9.60e-01	4.03e-02	2.62e-08
 8.30888e+16	9.60e-01	3.98e-02	2.59e-08
 8.30954e+16	9.61e-01	3.93e-02	2.56e-08
 8.31014e+16	9.61e-01	3.89e-02	2.54e-08
