#depth	H	H+	H2
 2.42297e+12	1.01e-03	9.99e-01	6.16e-14
 1.45378e+13	1.00e-03	9.99e-01	6.16e-14
 6.29971e+13	1.00e-03	9.99e-01	6.18e-14
 2.56834e+14	1.00e-03	9.99e-01	6.23e-14
 6.13495e+14	9.78e-04	9.99e-01	6.21e-14
 1.07715e+15	9.63e-04	9.99e-01	6.25e-14
 1.67991e+15	9.52e-04	9.99e-01	6.38e-14
 2.46349e+15	9.46e-04	9.99e-01	6.61e-14
 3.48215e+15	9.46e-04	9.99e-01	6.98e-14
 4.80641e+15	9.56e-04	9.99e-01	7.56e-14
 6.28387e+15	9.67e-04	9.99e-01	8.26e-14
 7.62880e+15	9.83e-04	9.99e-01	8.98e-14
 8.76828e+15	1.00e-03	9.99e-01	9.72e-14
 9.76729e+15	1.03e-03	9.99e-01	1.05e-13
 1.06982e+16	1.06e-03	9.99e-01	1.14e-13
 1.15938e+16	1.09e-03	9.99e-01	1.23e-13
 1.24587e+16	1.13e-03	9.99e-01	1.34e-13
 1.32959e+16	1.17e-03	9.99e-01	1.45e-13
 1.41196e+16	1.22e-03	9.99e-01	1.58e-13
 1.48760e+16	1.26e-03	9.99e-01	1.72e-13
 1.55568e+16	1.31e-03	9.99e-01	1.85e-13
 1.63288e+16	1.37e-03	9.99e-01	2.02e-13
 1.73323e+16	1.44e-03	9.99e-01	2.25e-13
 1.86369e+16	1.54e-03	9.98e-01	2.55e-13
 2.03328e+16	1.67e-03	9.98e-01	2.94e-13
 2.23559e+16	1.82e-03	9.98e-01	3.42e-13
 2.45915e+16	2.00e-03	9.98e-01	3.96e-13
 2.70507e+16	2.23e-03	9.98e-01	4.61e-13
 2.97557e+16	2.51e-03	9.97e-01	5.40e-13
 3.27313e+16	2.87e-03	9.97e-01	6.40e-13
 3.60045e+16	3.35e-03	9.97e-01	7.72e-13
 3.83397e+16	3.78e-03	9.96e-01	9.13e-13
 3.92798e+16	3.97e-03	9.96e-01	9.75e-13
 4.00146e+16	4.12e-03	9.96e-01	1.02e-12
 4.09697e+16	4.33e-03	9.96e-01	1.07e-12
 4.22114e+16	4.62e-03	9.95e-01	1.15e-12
 4.35863e+16	4.98e-03	9.95e-01	1.25e-12
 4.48250e+16	5.33e-03	9.95e-01	1.35e-12
 4.59156e+16	5.66e-03	9.94e-01	1.44e-12
 4.71228e+16	6.06e-03	9.94e-01	1.54e-12
 4.84252e+16	6.55e-03	9.93e-01	1.69e-12
 4.95557e+16	7.01e-03	9.93e-01	1.81e-12
 5.05428e+16	7.44e-03	9.93e-01	1.94e-12
 5.16394e+16	7.97e-03	9.92e-01	2.07e-12
 5.28411e+16	8.61e-03	9.91e-01	2.26e-12
 5.39093e+16	9.25e-03	9.91e-01	2.43e-12
 5.48442e+16	9.86e-03	9.90e-01	2.61e-12
 5.58758e+16	1.06e-02	9.89e-01	2.81e-12
 5.69990e+16	1.15e-02	9.89e-01	3.04e-12
 5.79923e+16	1.24e-02	9.88e-01	3.31e-12
 5.88680e+16	1.33e-02	9.87e-01	3.56e-12
 5.98398e+16	1.44e-02	9.86e-01	3.86e-12
 6.08892e+16	1.57e-02	9.84e-01	4.23e-12
 6.18057e+16	1.71e-02	9.83e-01	4.62e-12
 6.26040e+16	1.84e-02	9.82e-01	5.02e-12
 6.34822e+16	2.00e-02	9.80e-01	5.48e-12
 6.44189e+16	2.21e-02	9.78e-01	6.09e-12
 6.52045e+16	2.40e-02	9.76e-01	6.70e-12
 6.58617e+16	2.59e-02	9.74e-01	7.27e-12
 6.65792e+16	2.82e-02	9.72e-01	7.97e-12
 6.73627e+16	3.11e-02	9.69e-01	8.91e-12
 6.80442e+16	3.41e-02	9.66e-01	9.88e-12
 6.86194e+16	3.70e-02	9.63e-01	1.08e-11
 6.92442e+16	4.06e-02	9.59e-01	1.20e-11
 6.99242e+16	4.53e-02	9.55e-01	1.36e-11
 7.05129e+16	5.01e-02	9.50e-01	1.53e-11
 7.10102e+16	5.48e-02	9.45e-01	1.70e-11
 7.15518e+16	6.07e-02	9.39e-01	1.91e-11
 7.21508e+16	6.88e-02	9.31e-01	2.21e-11
 7.26801e+16	7.76e-02	9.22e-01	2.55e-11
 7.30786e+16	8.53e-02	9.15e-01	2.86e-11
 7.33834e+16	9.18e-02	9.08e-01	3.12e-11
 7.37116e+16	9.99e-02	9.00e-01	3.46e-11
 7.40790e+16	1.10e-01	8.90e-01	3.92e-11
 7.44100e+16	1.22e-01	8.78e-01	4.42e-11
 7.46854e+16	1.32e-01	8.68e-01	4.89e-11
 7.49758e+16	1.44e-01	8.56e-01	5.48e-11
 7.52890e+16	1.60e-01	8.40e-01	6.25e-11
 7.55559e+16	1.75e-01	8.25e-01	7.02e-11
 7.57798e+16	1.89e-01	8.11e-01	7.74e-11
 7.60237e+16	2.05e-01	7.95e-01	8.68e-11
 7.62896e+16	2.26e-01	7.74e-01	9.90e-11
 7.65216e+16	2.47e-01	7.53e-01	1.12e-10
 7.67187e+16	2.66e-01	7.34e-01	1.24e-10
 7.69330e+16	2.88e-01	7.12e-01	1.39e-10
 7.71681e+16	3.15e-01	6.85e-01	1.58e-10
 7.73792e+16	3.42e-01	6.58e-01	1.79e-10
 7.75651e+16	3.66e-01	6.34e-01	1.98e-10
 7.77523e+16	3.93e-01	6.07e-01	2.22e-10
 7.79521e+16	4.23e-01	5.77e-01	2.50e-10
 7.81382e+16	4.53e-01	5.47e-01	2.81e-10
 7.82921e+16	4.78e-01	5.22e-01	3.08e-10
 7.84260e+16	5.00e-01	5.00e-01	3.34e-10
 7.85572e+16	5.22e-01	4.78e-01	3.62e-10
 7.86868e+16	5.45e-01	4.55e-01	3.93e-10
 7.87857e+16	5.62e-01	4.38e-01	4.16e-10
 7.88490e+16	5.71e-01	4.29e-01	4.31e-10
 7.89121e+16	5.82e-01	4.18e-01	4.48e-10
 7.89907e+16	5.95e-01	4.05e-01	4.70e-10
 7.90732e+16	6.10e-01	3.90e-01	4.96e-10
 7.91453e+16	6.22e-01	3.78e-01	5.16e-10
 7.92105e+16	6.34e-01	3.66e-01	5.38e-10
 7.92777e+16	6.45e-01	3.55e-01	5.60e-10
 7.93486e+16	6.57e-01	3.43e-01	5.86e-10
 7.94193e+16	6.70e-01	3.30e-01	6.12e-10
 7.94855e+16	6.81e-01	3.19e-01	6.36e-10
 7.95499e+16	6.92e-01	3.08e-01	6.63e-10
 7.96156e+16	7.02e-01	2.98e-01	6.89e-10
 7.96821e+16	7.14e-01	2.86e-01	7.20e-10
 7.97471e+16	7.24e-01	2.76e-01	7.46e-10
 7.98108e+16	7.34e-01	2.66e-01	7.77e-10
 7.98748e+16	7.44e-01	2.56e-01	8.09e-10
 7.99376e+16	7.54e-01	2.46e-01	8.41e-10
 7.99996e+16	7.63e-01	2.37e-01	8.72e-10
 8.00621e+16	7.72e-01	2.28e-01	9.09e-10
 8.01241e+16	7.81e-01	2.19e-01	9.42e-10
 8.01853e+16	7.90e-01	2.10e-01	9.81e-10
 8.02457e+16	7.98e-01	2.02e-01	1.01e-09
 8.03061e+16	8.07e-01	1.93e-01	1.06e-09
 8.03671e+16	8.15e-01	1.85e-01	1.10e-09
 8.04262e+16	8.22e-01	1.78e-01	1.14e-09
 8.04842e+16	8.29e-01	1.71e-01	1.18e-09
 8.05427e+16	8.37e-01	1.63e-01	1.23e-09
 8.06016e+16	8.44e-01	1.56e-01	1.28e-09
 8.06591e+16	8.50e-01	1.50e-01	1.33e-09
 8.07148e+16	8.57e-01	1.43e-01	1.37e-09
 8.07692e+16	8.62e-01	1.38e-01	1.42e-09
 8.08237e+16	8.68e-01	1.32e-01	1.48e-09
 8.08782e+16	8.74e-01	1.26e-01	1.53e-09
 8.09317e+16	8.79e-01	1.21e-01	1.59e-09
 8.09833e+16	8.84e-01	1.16e-01	1.65e-09
 8.10338e+16	8.89e-01	1.11e-01	1.71e-09
 8.10846e+16	8.93e-01	1.07e-01	1.78e-09
 8.11356e+16	8.98e-01	1.02e-01	1.85e-09
 8.11850e+16	9.02e-01	9.83e-02	1.92e-09
 8.12330e+16	9.06e-01	9.45e-02	1.98e-09
 8.12809e+16	9.09e-01	9.07e-02	2.06e-09
 8.13288e+16	9.13e-01	8.69e-02	2.15e-09
 8.13761e+16	9.17e-01	8.34e-02	2.23e-09
 8.14226e+16	9.20e-01	8.02e-02	2.32e-09
 8.14682e+16	9.23e-01	7.70e-02	2.42e-09
 8.15132e+16	9.26e-01	7.39e-02	2.52e-09
 8.15587e+16	9.29e-01	7.10e-02	2.63e-09
 8.16040e+16	9.32e-01	6.81e-02	2.75e-09
 8.16479e+16	9.35e-01	6.55e-02	2.87e-09
 8.16908e+16	9.37e-01	6.30e-02	3.00e-09
 8.17340e+16	9.39e-01	6.05e-02	3.13e-09
 8.17776e+16	9.42e-01	5.81e-02	3.29e-09
 8.18202e+16	9.44e-01	5.58e-02	3.47e-09
 8.18613e+16	9.46e-01	5.36e-02	3.65e-09
 8.19026e+16	9.48e-01	5.16e-02	3.85e-09
 8.19447e+16	9.50e-01	4.95e-02	4.06e-09
 8.19864e+16	9.52e-01	4.76e-02	4.32e-09
 8.20264e+16	9.54e-01	4.58e-02	4.59e-09
 8.20654e+16	9.56e-01	4.41e-02	4.88e-09
 8.21050e+16	9.58e-01	4.24e-02	5.18e-09
 8.21454e+16	9.59e-01	4.06e-02	5.59e-09
 8.21852e+16	9.61e-01	3.90e-02	6.02e-09
 8.22241e+16	9.63e-01	3.75e-02	6.53e-09
 8.22619e+16	9.64e-01	3.60e-02	7.10e-09
 8.22992e+16	9.65e-01	3.47e-02	7.76e-09
 8.23369e+16	9.67e-01	3.33e-02	8.57e-09
 8.23746e+16	9.68e-01	3.19e-02	9.52e-09
 8.24112e+16	9.69e-01	3.07e-02	1.07e-08
 8.24460e+16	9.70e-01	2.95e-02	1.20e-08
 8.24782e+16	9.71e-01	2.85e-02	1.35e-08
 8.25075e+16	9.72e-01	2.76e-02	1.51e-08
 8.25341e+16	9.73e-01	2.68e-02	1.69e-08
 8.25587e+16	9.74e-01	2.61e-02	1.90e-08
 8.25816e+16	9.75e-01	2.55e-02	2.12e-08
 8.26032e+16	9.75e-01	2.49e-02	2.39e-08
 8.26231e+16	9.76e-01	2.43e-02	2.67e-08
 8.26413e+16	9.76e-01	2.38e-02	2.99e-08
 8.26584e+16	9.77e-01	2.33e-02	3.35e-08
 8.26744e+16	9.77e-01	2.29e-02	3.74e-08
 8.26895e+16	9.78e-01	2.25e-02	4.18e-08
 8.27038e+16	9.78e-01	2.21e-02	4.68e-08
 8.27173e+16	9.78e-01	2.17e-02	5.24e-08
 8.27300e+16	9.79e-01	2.13e-02	5.85e-08
 8.27420e+16	9.79e-01	2.10e-02	6.54e-08
 8.27534e+16	9.79e-01	2.07e-02	7.31e-08
 8.27643e+16	9.80e-01	2.04e-02	8.17e-08
 8.27746e+16	9.80e-01	2.01e-02	9.11e-08
 8.27846e+16	9.80e-01	1.98e-02	1.02e-07
 8.27941e+16	9.80e-01	1.95e-02	1.13e-07
 8.28033e+16	9.81e-01	1.92e-02	1.27e-07
 8.28122e+16	9.81e-01	1.90e-02	1.41e-07
 8.28208e+16	9.81e-01	1.87e-02	1.57e-07
 8.28292e+16	9.82e-01	1.85e-02	1.75e-07
 8.28375e+16	9.82e-01	1.82e-02	1.94e-07
 8.28456e+16	9.82e-01	1.79e-02	2.17e-07
 8.28537e+16	9.82e-01	1.77e-02	2.40e-07
 8.28618e+16	9.83e-01	1.74e-02	2.65e-07
 8.28702e+16	9.83e-01	1.71e-02	2.94e-07
 8.28790e+16	9.83e-01	1.68e-02	3.24e-07
 8.28882e+16	9.83e-01	1.65e-02	3.57e-07
 8.28981e+16	9.84e-01	1.62e-02	3.92e-07
 8.29082e+16	9.84e-01	1.58e-02	4.24e-07
 8.29175e+16	9.85e-01	1.55e-02	4.50e-07
 8.29261e+16	9.85e-01	1.51e-02	4.71e-07
 8.29342e+16	9.85e-01	1.48e-02	4.88e-07
 8.29418e+16	9.85e-01	1.46e-02	5.01e-07
 8.29488e+16	9.86e-01	1.43e-02	5.13e-07
 8.29551e+16	9.86e-01	1.41e-02	5.22e-07
 8.29608e+16	9.86e-01	1.39e-02	5.29e-07
 8.29661e+16	9.86e-01	1.37e-02	5.36e-07
 8.29708e+16	9.86e-01	1.35e-02	5.42e-07
 8.29751e+16	9.87e-01	1.34e-02	5.47e-07
 8.29799e+16	9.87e-01	1.32e-02	5.53e-07
 8.29850e+16	9.87e-01	1.31e-02	5.59e-07
 8.29896e+16	9.87e-01	1.29e-02	5.65e-07
 8.29939e+16	9.87e-01	1.28e-02	5.70e-07
 8.29985e+16	9.87e-01	1.26e-02	5.76e-07
 8.30035e+16	9.88e-01	1.24e-02	5.83e-07
 8.30081e+16	9.88e-01	1.23e-02	5.89e-07
 8.30131e+16	9.88e-01	1.21e-02	5.97e-07
 8.30185e+16	9.88e-01	1.20e-02	6.05e-07
 8.30234e+16	9.88e-01	1.18e-02	6.12e-07
 8.30279e+16	9.88e-01	1.17e-02	6.18e-07
 8.30328e+16	9.88e-01	1.16e-02	6.24e-07
 8.30392e+16	9.89e-01	1.14e-02	6.32e-07
 8.30460e+16	9.89e-01	1.12e-02	6.40e-07
 8.30523e+16	9.89e-01	1.11e-02	6.49e-07
 8.30580e+16	9.89e-01	1.09e-02	6.56e-07
 8.30642e+16	9.89e-01	1.08e-02	6.66e-07
 8.30710e+16	9.89e-01	1.06e-02	6.75e-07
 8.30771e+16	9.90e-01	1.05e-02	6.84e-07
 8.30827e+16	9.90e-01	1.03e-02	6.93e-07
 8.30888e+16	9.90e-01	1.02e-02	7.03e-07
 8.30954e+16	9.90e-01	1.00e-02	7.14e-07
 8.31014e+16	9.90e-01	9.87e-03	7.25e-07
