#depth	O	O+	O+2	O+3	O+4	O+5	O+6	O+7	O+8	O[1]	O[2]	O[3]
 6.91960e+11	3.65e-06	6.99e-03	8.94e-01	9.92e-02	1.71e-05	0.00e+00	0.00e+00	0.00e+00	0.00e+00	2.60e-06	6.91e-07	3.53e-07
 4.15176e+12	3.65e-06	6.99e-03	8.94e-01	9.89e-02	1.70e-05	0.00e+00	0.00e+00	0.00e+00	0.00e+00	2.60e-06	6.92e-07	3.54e-07
 1.79910e+13	3.65e-06	7.00e-03	8.95e-01	9.76e-02	1.67e-05	0.00e+00	0.00e+00	0.00e+00	0.00e+00	2.61e-06	6.93e-07	3.54e-07
 7.33478e+13	3.68e-06	7.05e-03	9.00e-01	9.29e-02	1.54e-05	0.00e+00	0.00e+00	0.00e+00	0.00e+00	2.63e-06	6.98e-07	3.57e-07
 1.75204e+14	3.70e-06	7.11e-03	9.07e-01	8.63e-02	1.37e-05	0.00e+00	0.00e+00	0.00e+00	0.00e+00	2.64e-06	7.03e-07	3.59e-07
 3.07618e+14	3.73e-06	7.19e-03	9.15e-01	7.82e-02	1.17e-05	0.00e+00	0.00e+00	0.00e+00	0.00e+00	2.66e-06	7.09e-07	3.62e-07
 4.79756e+14	3.78e-06	7.29e-03	9.24e-01	6.84e-02	9.48e-06	0.00e+00	0.00e+00	0.00e+00	0.00e+00	2.69e-06	7.17e-07	3.66e-07
 7.03534e+14	3.85e-06	7.41e-03	9.36e-01	5.70e-02	7.13e-06	0.00e+00	0.00e+00	0.00e+00	0.00e+00	2.74e-06	7.30e-07	3.73e-07
 9.94447e+14	3.93e-06	7.56e-03	9.48e-01	4.44e-02	4.87e-06	0.00e+00	0.00e+00	0.00e+00	0.00e+00	2.80e-06	7.45e-07	3.81e-07
 1.37263e+15	4.04e-06	7.74e-03	9.61e-01	3.15e-02	2.90e-06	0.00e+00	0.00e+00	0.00e+00	0.00e+00	2.88e-06	7.65e-07	3.92e-07
 1.86428e+15	4.18e-06	7.94e-03	9.72e-01	1.98e-02	1.44e-06	0.00e+00	0.00e+00	0.00e+00	0.00e+00	2.98e-06	7.90e-07	4.05e-07
 2.50341e+15	4.36e-06	8.17e-03	9.81e-01	1.06e-02	5.68e-07	0.00e+00	0.00e+00	0.00e+00	0.00e+00	3.11e-06	8.24e-07	4.23e-07
 3.33429e+15	4.60e-06	8.42e-03	9.87e-01	4.76e-03	1.69e-07	0.00e+00	0.00e+00	0.00e+00	0.00e+00	3.28e-06	8.68e-07	4.46e-07
 4.41442e+15	4.93e-06	8.73e-03	9.90e-01	1.74e-03	0.00e+00	0.00e+00	0.00e+00	0.00e+00	0.00e+00	3.52e-06	9.29e-07	4.78e-07
 5.81860e+15	5.40e-06	9.11e-03	9.90e-01	5.26e-04	0.00e+00	0.00e+00	0.00e+00	0.00e+00	0.00e+00	3.86e-06	1.02e-06	5.24e-07
 7.64404e+15	6.13e-06	9.64e-03	9.90e-01	1.44e-04	0.00e+00	0.00e+00	0.00e+00	0.00e+00	0.00e+00	4.38e-06	1.15e-06	5.94e-07
 1.00171e+16	7.27e-06	1.04e-02	9.90e-01	4.74e-05	0.00e+00	0.00e+00	0.00e+00	0.00e+00	0.00e+00	5.20e-06	1.37e-06	7.05e-07
 1.30138e+16	9.10e-06	1.14e-02	9.89e-01	2.52e-05	0.00e+00	0.00e+00	0.00e+00	0.00e+00	0.00e+00	6.51e-06	1.71e-06	8.84e-07
 1.63164e+16	1.18e-05	1.27e-02	9.87e-01	1.88e-05	0.00e+00	0.00e+00	0.00e+00	0.00e+00	0.00e+00	8.41e-06	2.21e-06	1.14e-06
 1.95238e+16	1.54e-05	1.41e-02	9.86e-01	1.57e-05	0.00e+00	0.00e+00	0.00e+00	0.00e+00	0.00e+00	1.10e-05	2.90e-06	1.50e-06
 2.21382e+16	1.94e-05	1.55e-02	9.85e-01	1.38e-05	0.00e+00	0.00e+00	0.00e+00	0.00e+00	0.00e+00	1.39e-05	3.66e-06	1.89e-06
 2.43521e+16	2.41e-05	1.69e-02	9.83e-01	1.25e-05	0.00e+00	0.00e+00	0.00e+00	0.00e+00	0.00e+00	1.72e-05	4.56e-06	2.35e-06
 2.67873e+16	3.11e-05	1.87e-02	9.81e-01	1.13e-05	0.00e+00	0.00e+00	0.00e+00	0.00e+00	0.00e+00	2.22e-05	5.90e-06	3.03e-06
 2.94660e+16	4.20e-05	2.11e-02	9.79e-01	1.01e-05	0.00e+00	0.00e+00	0.00e+00	0.00e+00	0.00e+00	2.99e-05	7.98e-06	4.08e-06
 3.14774e+16	5.35e-05	2.33e-02	9.77e-01	9.27e-06	0.00e+00	0.00e+00	0.00e+00	0.00e+00	0.00e+00	3.81e-05	1.02e-05	5.20e-06
 3.24286e+16	6.04e-05	2.45e-02	9.75e-01	8.85e-06	0.00e+00	0.00e+00	0.00e+00	0.00e+00	0.00e+00	4.30e-05	1.15e-05	5.87e-06
 3.32176e+16	6.70e-05	2.56e-02	9.74e-01	8.59e-06	0.00e+00	0.00e+00	0.00e+00	0.00e+00	0.00e+00	4.77e-05	1.28e-05	6.52e-06
 3.42433e+16	7.70e-05	2.72e-02	9.73e-01	8.18e-06	0.00e+00	0.00e+00	0.00e+00	0.00e+00	0.00e+00	5.48e-05	1.47e-05	7.49e-06
 3.55767e+16	9.29e-05	2.95e-02	9.70e-01	7.68e-06	0.00e+00	0.00e+00	0.00e+00	0.00e+00	0.00e+00	6.60e-05	1.78e-05	9.04e-06
 3.68935e+16	1.13e-04	3.22e-02	9.68e-01	7.21e-06	0.00e+00	0.00e+00	0.00e+00	0.00e+00	0.00e+00	8.02e-05	2.17e-05	1.10e-05
 3.78674e+16	1.31e-04	3.44e-02	9.65e-01	6.82e-06	0.00e+00	0.00e+00	0.00e+00	0.00e+00	0.00e+00	9.30e-05	2.52e-05	1.27e-05
 3.86792e+16	1.50e-04	3.65e-02	9.63e-01	6.49e-06	0.00e+00	0.00e+00	0.00e+00	0.00e+00	0.00e+00	1.06e-04	2.88e-05	1.45e-05
 3.96019e+16	1.74e-04	3.92e-02	9.61e-01	6.17e-06	0.00e+00	0.00e+00	0.00e+00	0.00e+00	0.00e+00	1.24e-04	3.37e-05	1.70e-05
 4.06241e+16	2.08e-04	4.25e-02	9.57e-01	5.80e-06	0.00e+00	0.00e+00	0.00e+00	0.00e+00	0.00e+00	1.47e-04	4.02e-05	2.02e-05
 4.15425e+16	2.45e-04	4.60e-02	9.54e-01	5.45e-06	0.00e+00	0.00e+00	0.00e+00	0.00e+00	0.00e+00	1.74e-04	4.76e-05	2.39e-05
 4.23388e+16	2.85e-04	4.94e-02	9.50e-01	5.13e-06	0.00e+00	0.00e+00	0.00e+00	0.00e+00	0.00e+00	2.02e-04	5.54e-05	2.77e-05
 4.32093e+16	3.38e-04	5.37e-02	9.46e-01	4.84e-06	0.00e+00	0.00e+00	0.00e+00	0.00e+00	0.00e+00	2.40e-04	6.57e-05	3.29e-05
 4.41425e+16	4.09e-04	5.89e-02	9.41e-01	4.49e-06	0.00e+00	0.00e+00	0.00e+00	0.00e+00	0.00e+00	2.90e-04	7.95e-05	3.97e-05
 4.49404e+16	4.85e-04	6.40e-02	9.35e-01	4.17e-06	0.00e+00	0.00e+00	0.00e+00	0.00e+00	0.00e+00	3.44e-04	9.43e-05	4.71e-05
 4.56297e+16	5.65e-04	6.91e-02	9.30e-01	3.91e-06	0.00e+00	0.00e+00	0.00e+00	0.00e+00	0.00e+00	4.01e-04	1.10e-04	5.48e-05
 4.63945e+16	6.75e-04	7.55e-02	9.24e-01	3.63e-06	0.00e+00	0.00e+00	0.00e+00	0.00e+00	0.00e+00	4.78e-04	1.31e-04	6.53e-05
 4.72218e+16	8.25e-04	8.35e-02	9.16e-01	3.30e-06	0.00e+00	0.00e+00	0.00e+00	0.00e+00	0.00e+00	5.84e-04	1.60e-04	7.98e-05
 4.79405e+16	9.88e-04	9.15e-02	9.07e-01	3.05e-06	0.00e+00	0.00e+00	0.00e+00	0.00e+00	0.00e+00	7.00e-04	1.92e-04	9.56e-05
 4.85678e+16	1.17e-03	9.96e-02	8.99e-01	2.82e-06	0.00e+00	0.00e+00	0.00e+00	0.00e+00	0.00e+00	8.26e-04	2.26e-04	1.13e-04
 4.92662e+16	1.41e-03	1.10e-01	8.89e-01	2.56e-06	0.00e+00	0.00e+00	0.00e+00	0.00e+00	0.00e+00	1.00e-03	2.74e-04	1.37e-04
 5.00190e+16	1.76e-03	1.23e-01	8.75e-01	2.28e-06	0.00e+00	0.00e+00	0.00e+00	0.00e+00	0.00e+00	1.25e-03	3.41e-04	1.70e-04
 5.06678e+16	2.14e-03	1.36e-01	8.62e-01	2.06e-06	0.00e+00	0.00e+00	0.00e+00	0.00e+00	0.00e+00	1.52e-03	4.14e-04	2.06e-04
 5.12275e+16	2.55e-03	1.49e-01	8.48e-01	1.87e-06	0.00e+00	0.00e+00	0.00e+00	0.00e+00	0.00e+00	1.81e-03	4.95e-04	2.46e-04
 5.18461e+16	3.13e-03	1.66e-01	8.31e-01	1.65e-06	0.00e+00	0.00e+00	0.00e+00	0.00e+00	0.00e+00	2.22e-03	6.07e-04	3.02e-04
 5.25033e+16	3.93e-03	1.86e-01	8.10e-01	1.44e-06	0.00e+00	0.00e+00	0.00e+00	0.00e+00	0.00e+00	2.79e-03	7.61e-04	3.78e-04
 5.30520e+16	4.81e-03	2.07e-01	7.89e-01	1.26e-06	0.00e+00	0.00e+00	0.00e+00	0.00e+00	0.00e+00	3.42e-03	9.31e-04	4.63e-04
 5.35089e+16	5.73e-03	2.26e-01	7.68e-01	1.12e-06	0.00e+00	0.00e+00	0.00e+00	0.00e+00	0.00e+00	4.07e-03	1.11e-03	5.50e-04
 5.40049e+16	6.97e-03	2.49e-01	7.44e-01	9.75e-07	0.00e+00	0.00e+00	0.00e+00	0.00e+00	0.00e+00	4.95e-03	1.35e-03	6.70e-04
 5.45429e+16	8.72e-03	2.79e-01	7.13e-01	8.23e-07	0.00e+00	0.00e+00	0.00e+00	0.00e+00	0.00e+00	6.20e-03	1.68e-03	8.37e-04
 5.50062e+16	1.07e-02	3.08e-01	6.82e-01	7.02e-07	0.00e+00	0.00e+00	0.00e+00	0.00e+00	0.00e+00	7.59e-03	2.06e-03	1.02e-03
 5.53952e+16	1.27e-02	3.35e-01	6.53e-01	6.05e-07	0.00e+00	0.00e+00	0.00e+00	0.00e+00	0.00e+00	9.05e-03	2.45e-03	1.22e-03
 5.58170e+16	1.55e-02	3.67e-01	6.17e-01	5.04e-07	0.00e+00	0.00e+00	0.00e+00	0.00e+00	0.00e+00	1.10e-02	2.99e-03	1.49e-03
 5.62731e+16	1.94e-02	4.06e-01	5.74e-01	4.05e-07	0.00e+00	0.00e+00	0.00e+00	0.00e+00	0.00e+00	1.38e-02	3.72e-03	1.86e-03
 5.66654e+16	2.37e-02	4.44e-01	5.33e-01	3.28e-07	0.00e+00	0.00e+00	0.00e+00	0.00e+00	0.00e+00	1.68e-02	4.54e-03	2.26e-03
 5.69982e+16	2.82e-02	4.77e-01	4.95e-01	2.68e-07	0.00e+00	0.00e+00	0.00e+00	0.00e+00	0.00e+00	2.01e-02	5.40e-03	2.69e-03
 5.73618e+16	3.43e-02	5.16e-01	4.49e-01	2.10e-07	0.00e+00	0.00e+00	0.00e+00	0.00e+00	0.00e+00	2.45e-02	6.56e-03	3.28e-03
 5.77561e+16	4.28e-02	5.60e-01	3.97e-01	1.55e-07	0.00e+00	0.00e+00	0.00e+00	0.00e+00	0.00e+00	3.05e-02	8.15e-03	4.08e-03
 5.80979e+16	5.21e-02	5.99e-01	3.49e-01	0.00e+00	0.00e+00	0.00e+00	0.00e+00	0.00e+00	0.00e+00	3.72e-02	9.91e-03	4.97e-03
 5.83907e+16	6.20e-02	6.31e-01	3.07e-01	0.00e+00	0.00e+00	0.00e+00	0.00e+00	0.00e+00	0.00e+00	4.43e-02	1.18e-02	5.91e-03
 5.86408e+16	7.21e-02	6.57e-01	2.71e-01	0.00e+00	0.00e+00	0.00e+00	0.00e+00	0.00e+00	0.00e+00	5.16e-02	1.36e-02	6.86e-03
 5.88482e+16	8.17e-02	6.77e-01	2.41e-01	0.00e+00	0.00e+00	0.00e+00	0.00e+00	0.00e+00	0.00e+00	5.85e-02	1.54e-02	7.77e-03
 5.90715e+16	9.40e-02	6.96e-01	2.10e-01	0.00e+00	0.00e+00	0.00e+00	0.00e+00	0.00e+00	0.00e+00	6.74e-02	1.76e-02	8.92e-03
 5.93062e+16	1.09e-01	7.13e-01	1.78e-01	0.00e+00	0.00e+00	0.00e+00	0.00e+00	0.00e+00	0.00e+00	7.81e-02	2.03e-02	1.03e-02
 5.94995e+16	1.23e-01	7.24e-01	1.53e-01	0.00e+00	0.00e+00	0.00e+00	0.00e+00	0.00e+00	0.00e+00	8.86e-02	2.29e-02	1.17e-02
 5.96591e+16	1.36e-01	7.30e-01	1.34e-01	0.00e+00	0.00e+00	0.00e+00	0.00e+00	0.00e+00	0.00e+00	9.80e-02	2.52e-02	1.29e-02
 5.98310e+16	1.52e-01	7.34e-01	1.14e-01	0.00e+00	0.00e+00	0.00e+00	0.00e+00	0.00e+00	0.00e+00	1.10e-01	2.80e-02	1.44e-02
 6.00163e+16	1.72e-01	7.34e-01	9.43e-02	0.00e+00	0.00e+00	0.00e+00	0.00e+00	0.00e+00	0.00e+00	1.24e-01	3.15e-02	1.62e-02
 6.01746e+16	1.91e-01	7.30e-01	7.92e-02	0.00e+00	0.00e+00	0.00e+00	0.00e+00	0.00e+00	0.00e+00	1.38e-01	3.47e-02	1.79e-02
 6.03082e+16	2.08e-01	7.25e-01	6.77e-02	0.00e+00	0.00e+00	0.00e+00	0.00e+00	0.00e+00	0.00e+00	1.51e-01	3.75e-02	1.95e-02
 6.04542e+16	2.29e-01	7.15e-01	5.62e-02	0.00e+00	0.00e+00	0.00e+00	0.00e+00	0.00e+00	0.00e+00	1.66e-01	4.10e-02	2.14e-02
 6.06111e+16	2.54e-01	7.01e-01	4.53e-02	0.00e+00	0.00e+00	0.00e+00	0.00e+00	0.00e+00	0.00e+00	1.85e-01	4.50e-02	2.36e-02
 6.07454e+16	2.77e-01	6.86e-01	3.72e-02	0.00e+00	0.00e+00	0.00e+00	0.00e+00	0.00e+00	0.00e+00	2.03e-01	4.87e-02	2.57e-02
 6.08598e+16	2.98e-01	6.71e-01	3.12e-02	0.00e+00	0.00e+00	0.00e+00	0.00e+00	0.00e+00	0.00e+00	2.18e-01	5.19e-02	2.76e-02
 6.09853e+16	3.24e-01	6.51e-01	2.53e-02	0.00e+00	0.00e+00	0.00e+00	0.00e+00	0.00e+00	0.00e+00	2.38e-01	5.57e-02	2.98e-02
 6.11211e+16	3.52e-01	6.28e-01	1.99e-02	0.00e+00	0.00e+00	0.00e+00	0.00e+00	0.00e+00	0.00e+00	2.60e-01	5.98e-02	3.23e-02
 6.12416e+16	3.81e-01	6.03e-01	1.59e-02	0.00e+00	0.00e+00	0.00e+00	0.00e+00	0.00e+00	0.00e+00	2.82e-01	6.37e-02	3.46e-02
 6.13479e+16	4.06e-01	5.81e-01	1.29e-02	0.00e+00	0.00e+00	0.00e+00	0.00e+00	0.00e+00	0.00e+00	3.02e-01	6.70e-02	3.67e-02
 6.14562e+16	4.34e-01	5.56e-01	1.03e-02	0.00e+00	0.00e+00	0.00e+00	0.00e+00	0.00e+00	0.00e+00	3.24e-01	7.04e-02	3.89e-02
 6.15712e+16	4.63e-01	5.29e-01	8.05e-03	0.00e+00	0.00e+00	0.00e+00	0.00e+00	0.00e+00	0.00e+00	3.48e-01	7.39e-02	4.13e-02
 6.16782e+16	4.92e-01	5.01e-01	6.31e-03	0.00e+00	0.00e+00	0.00e+00	0.00e+00	0.00e+00	0.00e+00	3.72e-01	7.70e-02	4.35e-02
 6.17727e+16	5.18e-01	4.77e-01	5.05e-03	0.00e+00	0.00e+00	0.00e+00	0.00e+00	0.00e+00	0.00e+00	3.93e-01	7.96e-02	4.53e-02
 6.18599e+16	5.43e-01	4.53e-01	4.08e-03	0.00e+00	0.00e+00	0.00e+00	0.00e+00	0.00e+00	0.00e+00	4.14e-01	8.18e-02	4.70e-02
 6.19435e+16	5.66e-01	4.31e-01	3.30e-03	0.00e+00	0.00e+00	0.00e+00	0.00e+00	0.00e+00	0.00e+00	4.33e-01	8.37e-02	4.86e-02
 6.20222e+16	5.88e-01	4.09e-01	2.69e-03	0.00e+00	0.00e+00	0.00e+00	0.00e+00	0.00e+00	0.00e+00	4.53e-01	8.53e-02	5.00e-02
 6.20811e+16	6.04e-01	3.94e-01	2.31e-03	0.00e+00	0.00e+00	0.00e+00	0.00e+00	0.00e+00	0.00e+00	4.67e-01	8.63e-02	5.09e-02
 6.21201e+16	6.14e-01	3.84e-01	2.09e-03	0.00e+00	0.00e+00	0.00e+00	0.00e+00	0.00e+00	0.00e+00	4.75e-01	8.68e-02	5.15e-02
 6.21596e+16	6.24e-01	3.74e-01	1.88e-03	0.00e+00	0.00e+00	0.00e+00	0.00e+00	0.00e+00	0.00e+00	4.85e-01	8.73e-02	5.21e-02
 6.22069e+16	6.38e-01	3.61e-01	1.64e-03	0.00e+00	0.00e+00	0.00e+00	0.00e+00	0.00e+00	0.00e+00	4.97e-01	8.79e-02	5.27e-02
 6.22553e+16	6.51e-01	3.48e-01	1.43e-03	0.00e+00	0.00e+00	0.00e+00	0.00e+00	0.00e+00	0.00e+00	5.09e-01	8.84e-02	5.34e-02
 6.22998e+16	6.63e-01	3.36e-01	1.26e-03	0.00e+00	0.00e+00	0.00e+00	0.00e+00	0.00e+00	0.00e+00	5.20e-01	8.88e-02	5.40e-02
 6.23414e+16	6.74e-01	3.25e-01	1.12e-03	0.00e+00	0.00e+00	0.00e+00	0.00e+00	0.00e+00	0.00e+00	5.30e-01	8.91e-02	5.44e-02
 6.23834e+16	6.85e-01	3.14e-01	9.83e-04	0.00e+00	0.00e+00	0.00e+00	0.00e+00	0.00e+00	0.00e+00	5.41e-01	8.93e-02	5.49e-02
 6.24268e+16	6.97e-01	3.02e-01	8.61e-04	0.00e+00	0.00e+00	0.00e+00	0.00e+00	0.00e+00	0.00e+00	5.52e-01	8.94e-02	5.53e-02
 6.24690e+16	7.08e-01	2.92e-01	7.56e-04	0.00e+00	0.00e+00	0.00e+00	0.00e+00	0.00e+00	0.00e+00	5.62e-01	8.95e-02	5.57e-02
 6.25098e+16	7.18e-01	2.81e-01	6.66e-04	0.00e+00	0.00e+00	0.00e+00	0.00e+00	0.00e+00	0.00e+00	5.72e-01	8.94e-02	5.60e-02
 6.25508e+16	7.29e-01	2.71e-01	5.84e-04	0.00e+00	0.00e+00	0.00e+00	0.00e+00	0.00e+00	0.00e+00	5.83e-01	8.94e-02	5.63e-02
 6.25918e+16	7.39e-01	2.61e-01	5.12e-04	0.00e+00	0.00e+00	0.00e+00	0.00e+00	0.00e+00	0.00e+00	5.93e-01	8.92e-02	5.66e-02
 6.26324e+16	7.49e-01	2.51e-01	4.48e-04	0.00e+00	0.00e+00	0.00e+00	0.00e+00	0.00e+00	0.00e+00	6.03e-01	8.90e-02	5.68e-02
 6.26724e+16	7.58e-01	2.41e-01	3.93e-04	0.00e+00	0.00e+00	0.00e+00	0.00e+00	0.00e+00	0.00e+00	6.13e-01	8.87e-02	5.69e-02
 6.27122e+16	7.68e-01	2.32e-01	3.44e-04	0.00e+00	0.00e+00	0.00e+00	0.00e+00	0.00e+00	0.00e+00	6.22e-01	8.84e-02	5.70e-02
 6.27522e+16	7.77e-01	2.23e-01	3.00e-04	0.00e+00	0.00e+00	0.00e+00	0.00e+00	0.00e+00	0.00e+00	6.32e-01	8.80e-02	5.71e-02
 6.27913e+16	7.86e-01	2.14e-01	2.63e-04	0.00e+00	0.00e+00	0.00e+00	0.00e+00	0.00e+00	0.00e+00	6.41e-01	8.75e-02	5.71e-02
 6.28297e+16	7.94e-01	2.05e-01	2.30e-04	0.00e+00	0.00e+00	0.00e+00	0.00e+00	0.00e+00	0.00e+00	6.50e-01	8.70e-02	5.71e-02
 6.28686e+16	8.03e-01	1.97e-01	2.01e-04	0.00e+00	0.00e+00	0.00e+00	0.00e+00	0.00e+00	0.00e+00	6.59e-01	8.65e-02	5.71e-02
 6.29073e+16	8.11e-01	1.89e-01	1.75e-04	0.00e+00	0.00e+00	0.00e+00	0.00e+00	0.00e+00	0.00e+00	6.68e-01	8.59e-02	5.70e-02
 6.29455e+16	8.19e-01	1.81e-01	1.52e-04	0.00e+00	0.00e+00	0.00e+00	0.00e+00	0.00e+00	0.00e+00	6.77e-01	8.53e-02	5.69e-02
 6.29838e+16	8.27e-01	1.73e-01	1.33e-04	0.00e+00	0.00e+00	0.00e+00	0.00e+00	0.00e+00	0.00e+00	6.85e-01	8.46e-02	5.67e-02
 6.30210e+16	8.34e-01	1.66e-01	1.16e-04	0.00e+00	0.00e+00	0.00e+00	0.00e+00	0.00e+00	0.00e+00	6.93e-01	8.39e-02	5.66e-02
 6.30580e+16	8.41e-01	1.59e-01	1.01e-04	0.00e+00	0.00e+00	0.00e+00	0.00e+00	0.00e+00	0.00e+00	7.01e-01	8.32e-02	5.64e-02
 6.30953e+16	8.47e-01	1.52e-01	8.78e-05	0.00e+00	0.00e+00	0.00e+00	0.00e+00	0.00e+00	0.00e+00	7.09e-01	8.25e-02	5.61e-02
 6.31322e+16	8.54e-01	1.46e-01	7.63e-05	0.00e+00	0.00e+00	0.00e+00	0.00e+00	0.00e+00	0.00e+00	7.17e-01	8.17e-02	5.59e-02
 6.31688e+16	8.61e-01	1.39e-01	6.64e-05	0.00e+00	0.00e+00	0.00e+00	0.00e+00	0.00e+00	0.00e+00	7.24e-01	8.09e-02	5.56e-02
 6.32048e+16	8.67e-01	1.33e-01	5.78e-05	0.00e+00	0.00e+00	0.00e+00	0.00e+00	0.00e+00	0.00e+00	7.31e-01	8.01e-02	5.53e-02
 6.32405e+16	8.72e-01	1.28e-01	5.03e-05	0.00e+00	0.00e+00	0.00e+00	0.00e+00	0.00e+00	0.00e+00	7.38e-01	7.94e-02	5.50e-02
 6.32758e+16	8.78e-01	1.22e-01	4.38e-05	0.00e+00	0.00e+00	0.00e+00	0.00e+00	0.00e+00	0.00e+00	7.44e-01	7.86e-02	5.47e-02
 6.33103e+16	8.83e-01	1.17e-01	3.82e-05	0.00e+00	0.00e+00	0.00e+00	0.00e+00	0.00e+00	0.00e+00	7.51e-01	7.78e-02	5.43e-02
 6.33446e+16	8.88e-01	1.12e-01	3.34e-05	0.00e+00	0.00e+00	0.00e+00	0.00e+00	0.00e+00	0.00e+00	7.57e-01	7.70e-02	5.40e-02
 6.33786e+16	8.93e-01	1.07e-01	2.91e-05	0.00e+00	0.00e+00	0.00e+00	0.00e+00	0.00e+00	0.00e+00	7.63e-01	7.63e-02	5.37e-02
 6.34117e+16	8.97e-01	1.03e-01	2.55e-05	0.00e+00	0.00e+00	0.00e+00	0.00e+00	0.00e+00	0.00e+00	7.69e-01	7.55e-02	5.33e-02
 6.34440e+16	9.02e-01	9.83e-02	2.24e-05	0.00e+00	0.00e+00	0.00e+00	0.00e+00	0.00e+00	0.00e+00	7.74e-01	7.47e-02	5.29e-02
 6.34763e+16	9.06e-01	9.42e-02	1.96e-05	0.00e+00	0.00e+00	0.00e+00	0.00e+00	0.00e+00	0.00e+00	7.79e-01	7.40e-02	5.26e-02
 6.35085e+16	9.10e-01	9.03e-02	1.72e-05	0.00e+00	0.00e+00	0.00e+00	0.00e+00	0.00e+00	0.00e+00	7.84e-01	7.33e-02	5.22e-02
 6.35401e+16	9.13e-01	8.65e-02	1.51e-05	0.00e+00	0.00e+00	0.00e+00	0.00e+00	0.00e+00	0.00e+00	7.89e-01	7.26e-02	5.19e-02
 6.35708e+16	9.17e-01	8.29e-02	1.33e-05	0.00e+00	0.00e+00	0.00e+00	0.00e+00	0.00e+00	0.00e+00	7.94e-01	7.19e-02	5.15e-02
 6.36013e+16	9.20e-01	7.97e-02	1.17e-05	0.00e+00	0.00e+00	0.00e+00	0.00e+00	0.00e+00	0.00e+00	7.98e-01	7.12e-02	5.12e-02
 6.36320e+16	9.24e-01	7.63e-02	1.03e-05	0.00e+00	0.00e+00	0.00e+00	0.00e+00	0.00e+00	0.00e+00	8.02e-01	7.06e-02	5.08e-02
 6.36621e+16	9.27e-01	7.32e-02	9.04e-06	0.00e+00	0.00e+00	0.00e+00	0.00e+00	0.00e+00	0.00e+00	8.06e-01	6.99e-02	5.04e-02
 6.36914e+16	9.30e-01	7.03e-02	7.99e-06	0.00e+00	0.00e+00	0.00e+00	0.00e+00	0.00e+00	0.00e+00	8.10e-01	6.93e-02	5.01e-02
 6.37205e+16	9.33e-01	6.75e-02	7.05e-06	0.00e+00	0.00e+00	0.00e+00	0.00e+00	0.00e+00	0.00e+00	8.14e-01	6.87e-02	4.97e-02
 6.37497e+16	9.35e-01	6.47e-02	6.23e-06	0.00e+00	0.00e+00	0.00e+00	0.00e+00	0.00e+00	0.00e+00	8.18e-01	6.80e-02	4.94e-02
 6.37785e+16	9.38e-01	6.19e-02	5.49e-06	0.00e+00	0.00e+00	0.00e+00	0.00e+00	0.00e+00	0.00e+00	8.22e-01	6.74e-02	4.90e-02
 6.38072e+16	9.40e-01	5.96e-02	4.86e-06	0.00e+00	0.00e+00	0.00e+00	0.00e+00	0.00e+00	0.00e+00	8.25e-01	6.69e-02	4.87e-02
 6.38355e+16	9.43e-01	5.71e-02	4.30e-06	0.00e+00	0.00e+00	0.00e+00	0.00e+00	0.00e+00	0.00e+00	8.28e-01	6.63e-02	4.84e-02
 6.38630e+16	9.45e-01	5.49e-02	3.82e-06	0.00e+00	0.00e+00	0.00e+00	0.00e+00	0.00e+00	0.00e+00	8.31e-01	6.57e-02	4.80e-02
 6.38903e+16	9.47e-01	5.27e-02	3.39e-06	0.00e+00	0.00e+00	0.00e+00	0.00e+00	0.00e+00	0.00e+00	8.35e-01	6.52e-02	4.76e-02
 6.39177e+16	9.49e-01	5.07e-02	3.01e-06	0.00e+00	0.00e+00	0.00e+00	0.00e+00	0.00e+00	0.00e+00	8.37e-01	6.47e-02	4.73e-02
 6.39453e+16	9.51e-01	4.86e-02	2.66e-06	0.00e+00	0.00e+00	0.00e+00	0.00e+00	0.00e+00	0.00e+00	8.40e-01	6.42e-02	4.69e-02
 6.39720e+16	9.53e-01	4.67e-02	2.37e-06	0.00e+00	0.00e+00	0.00e+00	0.00e+00	0.00e+00	0.00e+00	8.43e-01	6.36e-02	4.66e-02
 6.39981e+16	9.55e-01	4.48e-02	2.11e-06	0.00e+00	0.00e+00	0.00e+00	0.00e+00	0.00e+00	0.00e+00	8.46e-01	6.32e-02	4.62e-02
 6.40246e+16	9.57e-01	4.32e-02	1.88e-06	0.00e+00	0.00e+00	0.00e+00	0.00e+00	0.00e+00	0.00e+00	8.48e-01	6.27e-02	4.59e-02
 6.40514e+16	9.59e-01	4.14e-02	1.67e-06	0.00e+00	0.00e+00	0.00e+00	0.00e+00	0.00e+00	0.00e+00	8.51e-01	6.22e-02	4.56e-02
 6.40772e+16	9.60e-01	3.97e-02	1.49e-06	0.00e+00	0.00e+00	0.00e+00	0.00e+00	0.00e+00	0.00e+00	8.53e-01	6.18e-02	4.53e-02
 6.41023e+16	9.62e-01	3.82e-02	1.33e-06	0.00e+00	0.00e+00	0.00e+00	0.00e+00	0.00e+00	0.00e+00	8.56e-01	6.14e-02	4.50e-02
 6.41281e+16	9.63e-01	3.67e-02	1.18e-06	0.00e+00	0.00e+00	0.00e+00	0.00e+00	0.00e+00	0.00e+00	8.58e-01	6.09e-02	4.47e-02
 6.41543e+16	9.65e-01	3.52e-02	1.05e-06	0.00e+00	0.00e+00	0.00e+00	0.00e+00	0.00e+00	0.00e+00	8.60e-01	6.05e-02	4.44e-02
 6.41796e+16	9.66e-01	3.38e-02	9.39e-07	0.00e+00	0.00e+00	0.00e+00	0.00e+00	0.00e+00	0.00e+00	8.62e-01	6.01e-02	4.41e-02
 6.42041e+16	9.68e-01	3.25e-02	8.42e-07	0.00e+00	0.00e+00	0.00e+00	0.00e+00	0.00e+00	0.00e+00	8.64e-01	5.97e-02	4.38e-02
 6.42283e+16	9.69e-01	3.13e-02	7.56e-07	0.00e+00	0.00e+00	0.00e+00	0.00e+00	0.00e+00	0.00e+00	8.66e-01	5.94e-02	4.36e-02
 6.42522e+16	9.70e-01	3.01e-02	6.79e-07	0.00e+00	0.00e+00	0.00e+00	0.00e+00	0.00e+00	0.00e+00	8.68e-01	5.90e-02	4.33e-02
 6.42763e+16	9.71e-01	2.89e-02	6.08e-07	0.00e+00	0.00e+00	0.00e+00	0.00e+00	0.00e+00	0.00e+00	8.69e-01	5.87e-02	4.30e-02
 6.43007e+16	9.72e-01	2.77e-02	5.44e-07	0.00e+00	0.00e+00	0.00e+00	0.00e+00	0.00e+00	0.00e+00	8.71e-01	5.83e-02	4.28e-02
 6.43247e+16	9.73e-01	2.66e-02	4.88e-07	0.00e+00	0.00e+00	0.00e+00	0.00e+00	0.00e+00	0.00e+00	8.73e-01	5.80e-02	4.25e-02
 6.43479e+16	9.74e-01	2.55e-02	4.39e-07	0.00e+00	0.00e+00	0.00e+00	0.00e+00	0.00e+00	0.00e+00	8.75e-01	5.77e-02	4.23e-02
 6.43708e+16	9.75e-01	2.45e-02	3.96e-07	0.00e+00	0.00e+00	0.00e+00	0.00e+00	0.00e+00	0.00e+00	8.76e-01	5.73e-02	4.20e-02
 6.43937e+16	9.76e-01	2.35e-02	3.57e-07	0.00e+00	0.00e+00	0.00e+00	0.00e+00	0.00e+00	0.00e+00	8.78e-01	5.70e-02	4.18e-02
 6.44165e+16	9.77e-01	2.26e-02	3.21e-07	0.00e+00	0.00e+00	0.00e+00	0.00e+00	0.00e+00	0.00e+00	8.79e-01	5.67e-02	4.16e-02
 6.44386e+16	9.78e-01	2.17e-02	2.90e-07	0.00e+00	0.00e+00	0.00e+00	0.00e+00	0.00e+00	0.00e+00	8.81e-01	5.64e-02	4.14e-02
 6.44594e+16	9.79e-01	2.08e-02	2.64e-07	0.00e+00	0.00e+00	0.00e+00	0.00e+00	0.00e+00	0.00e+00	8.82e-01	5.62e-02	4.11e-02
 6.44787e+16	9.80e-01	2.01e-02	2.42e-07	0.00e+00	0.00e+00	0.00e+00	0.00e+00	0.00e+00	0.00e+00	8.83e-01	5.59e-02	4.10e-02
 6.44965e+16	9.81e-01	1.94e-02	2.24e-07	0.00e+00	0.00e+00	0.00e+00	0.00e+00	0.00e+00	0.00e+00	8.84e-01	5.57e-02	4.08e-02
 6.45127e+16	9.81e-01	1.89e-02	2.08e-07	0.00e+00	0.00e+00	0.00e+00	0.00e+00	0.00e+00	0.00e+00	8.85e-01	5.55e-02	4.06e-02
 6.45276e+16	9.82e-01	1.84e-02	1.95e-07	0.00e+00	0.00e+00	0.00e+00	0.00e+00	0.00e+00	0.00e+00	8.86e-01	5.53e-02	4.05e-02
 6.45419e+16	9.82e-01	1.78e-02	1.83e-07	0.00e+00	0.00e+00	0.00e+00	0.00e+00	0.00e+00	0.00e+00	8.87e-01	5.51e-02	4.03e-02
 6.45555e+16	9.83e-01	1.74e-02	1.72e-07	0.00e+00	0.00e+00	0.00e+00	0.00e+00	0.00e+00	0.00e+00	8.88e-01	5.49e-02	4.02e-02
 6.45680e+16	9.83e-01	1.69e-02	1.62e-07	0.00e+00	0.00e+00	0.00e+00	0.00e+00	0.00e+00	0.00e+00	8.88e-01	5.47e-02	4.00e-02
 6.45797e+16	9.83e-01	1.65e-02	1.54e-07	0.00e+00	0.00e+00	0.00e+00	0.00e+00	0.00e+00	0.00e+00	8.89e-01	5.46e-02	3.99e-02
 6.45909e+16	9.84e-01	1.62e-02	1.47e-07	0.00e+00	0.00e+00	0.00e+00	0.00e+00	0.00e+00	0.00e+00	8.90e-01	5.44e-02	3.98e-02
 6.46016e+16	9.84e-01	1.58e-02	1.40e-07	0.00e+00	0.00e+00	0.00e+00	0.00e+00	0.00e+00	0.00e+00	8.90e-01	5.43e-02	3.97e-02
 6.46119e+16	9.85e-01	1.54e-02	1.33e-07	0.00e+00	0.00e+00	0.00e+00	0.00e+00	0.00e+00	0.00e+00	8.91e-01	5.41e-02	3.95e-02
 6.46216e+16	9.85e-01	1.51e-02	1.28e-07	0.00e+00	0.00e+00	0.00e+00	0.00e+00	0.00e+00	0.00e+00	8.92e-01	5.40e-02	3.94e-02
 6.46309e+16	9.85e-01	1.48e-02	1.22e-07	0.00e+00	0.00e+00	0.00e+00	0.00e+00	0.00e+00	0.00e+00	8.92e-01	5.38e-02	3.93e-02
 6.46399e+16	9.86e-01	1.45e-02	1.17e-07	0.00e+00	0.00e+00	0.00e+00	0.00e+00	0.00e+00	0.00e+00	8.93e-01	5.37e-02	3.92e-02
 6.46485e+16	9.86e-01	1.42e-02	1.13e-07	0.00e+00	0.00e+00	0.00e+00	0.00e+00	0.00e+00	0.00e+00	8.93e-01	5.35e-02	3.91e-02
 6.46570e+16	9.86e-01	1.39e-02	1.08e-07	0.00e+00	0.00e+00	0.00e+00	0.00e+00	0.00e+00	0.00e+00	8.94e-01	5.34e-02	3.89e-02
 6.46653e+16	9.86e-01	1.36e-02	1.04e-07	0.00e+00	0.00e+00	0.00e+00	0.00e+00	0.00e+00	0.00e+00	8.94e-01	5.32e-02	3.88e-02
 6.46736e+16	9.87e-01	1.33e-02	1.00e-07	0.00e+00	0.00e+00	0.00e+00	0.00e+00	0.00e+00	0.00e+00	8.95e-01	5.31e-02	3.87e-02
 6.46818e+16	9.87e-01	1.30e-02	9.65e-08	0.00e+00	0.00e+00	0.00e+00	0.00e+00	0.00e+00	0.00e+00	8.96e-01	5.29e-02	3.86e-02
 6.46902e+16	9.87e-01	1.27e-02	9.27e-08	0.00e+00	0.00e+00	0.00e+00	0.00e+00	0.00e+00	0.00e+00	8.96e-01	5.28e-02	3.84e-02
 6.46988e+16	9.88e-01	1.24e-02	8.89e-08	0.00e+00	0.00e+00	0.00e+00	0.00e+00	0.00e+00	0.00e+00	8.97e-01	5.26e-02	3.83e-02
 6.47078e+16	9.88e-01	1.20e-02	8.51e-08	0.00e+00	0.00e+00	0.00e+00	0.00e+00	0.00e+00	0.00e+00	8.98e-01	5.24e-02	3.81e-02
 6.47168e+16	9.88e-01	1.17e-02	8.13e-08	0.00e+00	0.00e+00	0.00e+00	0.00e+00	0.00e+00	0.00e+00	8.98e-01	5.22e-02	3.79e-02
 6.47252e+16	9.89e-01	1.13e-02	7.80e-08	0.00e+00	0.00e+00	0.00e+00	0.00e+00	0.00e+00	0.00e+00	8.99e-01	5.20e-02	3.77e-02
 6.47327e+16	9.89e-01	1.10e-02	7.52e-08	0.00e+00	0.00e+00	0.00e+00	0.00e+00	0.00e+00	0.00e+00	9.00e-01	5.18e-02	3.76e-02
 6.47396e+16	9.89e-01	1.08e-02	7.26e-08	0.00e+00	0.00e+00	0.00e+00	0.00e+00	0.00e+00	0.00e+00	9.00e-01	5.16e-02	3.74e-02
 6.47463e+16	9.89e-01	1.05e-02	7.01e-08	0.00e+00	0.00e+00	0.00e+00	0.00e+00	0.00e+00	0.00e+00	9.01e-01	5.14e-02	3.73e-02
 6.47528e+16	9.90e-01	1.03e-02	6.77e-08	0.00e+00	0.00e+00	0.00e+00	0.00e+00	0.00e+00	0.00e+00	9.01e-01	5.12e-02	3.71e-02
 6.47591e+16	9.90e-01	1.00e-02	6.55e-08	0.00e+00	0.00e+00	0.00e+00	0.00e+00	0.00e+00	0.00e+00	9.02e-01	5.10e-02	3.69e-02
 6.47649e+16	9.90e-01	9.79e-03	6.35e-08	0.00e+00	0.00e+00	0.00e+00	0.00e+00	0.00e+00	0.00e+00	9.03e-01	5.09e-02	3.68e-02
 6.47702e+16	9.90e-01	9.58e-03	6.17e-08	0.00e+00	0.00e+00	0.00e+00	0.00e+00	0.00e+00	0.00e+00	9.03e-01	5.07e-02	3.66e-02
 6.47749e+16	9.91e-01	9.39e-03	6.00e-08	0.00e+00	0.00e+00	0.00e+00	0.00e+00	0.00e+00	0.00e+00	9.04e-01	5.05e-02	3.65e-02
 6.47793e+16	9.91e-01	9.23e-03	5.86e-08	0.00e+00	0.00e+00	0.00e+00	0.00e+00	0.00e+00	0.00e+00	9.04e-01	5.04e-02	3.64e-02
 6.47833e+16	9.91e-01	9.08e-03	5.73e-08	0.00e+00	0.00e+00	0.00e+00	0.00e+00	0.00e+00	0.00e+00	9.04e-01	5.03e-02	3.62e-02
 6.47869e+16	9.91e-01	8.96e-03	5.62e-08	0.00e+00	0.00e+00	0.00e+00	0.00e+00	0.00e+00	0.00e+00	9.05e-01	5.01e-02	3.61e-02
 6.47908e+16	9.91e-01	8.80e-03	5.48e-08	0.00e+00	0.00e+00	0.00e+00	0.00e+00	0.00e+00	0.00e+00	9.05e-01	5.00e-02	3.60e-02
 6.47951e+16	9.91e-01	8.66e-03	5.35e-08	0.00e+00	0.00e+00	0.00e+00	0.00e+00	0.00e+00	0.00e+00	9.06e-01	4.98e-02	3.59e-02
 6.47990e+16	9.91e-01	8.52e-03	5.23e-08	0.00e+00	0.00e+00	0.00e+00	0.00e+00	0.00e+00	0.00e+00	9.06e-01	4.96e-02	3.57e-02
 6.48025e+16	9.92e-01	8.40e-03	5.12e-08	0.00e+00	0.00e+00	0.00e+00	0.00e+00	0.00e+00	0.00e+00	9.06e-01	4.95e-02	3.56e-02
 6.48064e+16	9.92e-01	8.25e-03	4.99e-08	0.00e+00	0.00e+00	0.00e+00	0.00e+00	0.00e+00	0.00e+00	9.07e-01	4.93e-02	3.55e-02
 6.48106e+16	9.92e-01	8.11e-03	4.87e-08	0.00e+00	0.00e+00	0.00e+00	0.00e+00	0.00e+00	0.00e+00	9.07e-01	4.92e-02	3.54e-02
 6.48144e+16	9.92e-01	7.98e-03	4.76e-08	0.00e+00	0.00e+00	0.00e+00	0.00e+00	0.00e+00	0.00e+00	9.08e-01	4.90e-02	3.52e-02
 6.48178e+16	9.92e-01	7.87e-03	4.66e-08	0.00e+00	0.00e+00	0.00e+00	0.00e+00	0.00e+00	0.00e+00	9.08e-01	4.89e-02	3.51e-02
 6.48216e+16	9.92e-01	7.73e-03	4.54e-08	0.00e+00	0.00e+00	0.00e+00	0.00e+00	0.00e+00	0.00e+00	9.09e-01	4.87e-02	3.50e-02
 6.48257e+16	9.92e-01	7.60e-03	4.42e-08	0.00e+00	0.00e+00	0.00e+00	0.00e+00	0.00e+00	0.00e+00	9.09e-01	4.85e-02	3.48e-02
 6.48294e+16	9.93e-01	7.50e-03	4.32e-08	0.00e+00	0.00e+00	0.00e+00	0.00e+00	0.00e+00	0.00e+00	9.09e-01	4.84e-02	3.47e-02
 6.48335e+16	9.93e-01	7.38e-03	4.21e-08	0.00e+00	0.00e+00	0.00e+00	0.00e+00	0.00e+00	0.00e+00	9.10e-01	4.82e-02	3.46e-02
###########################
 6.91960e+11	3.62e-06	6.97e-03	8.94e-01	9.93e-02	1.71e-05	0.00e+00	0.00e+00	0.00e+00	0.00e+00	2.58e-06	6.88e-07	3.51e-07
 4.15176e+12	3.63e-06	6.97e-03	8.94e-01	9.89e-02	1.70e-05	0.00e+00	0.00e+00	0.00e+00	0.00e+00	2.59e-06	6.88e-07	3.52e-07
 1.79910e+13	3.63e-06	6.98e-03	8.95e-01	9.77e-02	1.67e-05	0.00e+00	0.00e+00	0.00e+00	0.00e+00	2.59e-06	6.89e-07	3.52e-07
 7.33478e+13	3.66e-06	7.02e-03	9.00e-01	9.29e-02	1.54e-05	0.00e+00	0.00e+00	0.00e+00	0.00e+00	2.61e-06	6.95e-07	3.55e-07
 1.75204e+14	3.67e-06	7.07e-03	9.07e-01	8.64e-02	1.37e-05	0.00e+00	0.00e+00	0.00e+00	0.00e+00	2.61e-06	6.97e-07	3.56e-07
 3.07618e+14	3.69e-06	7.14e-03	9.15e-01	7.83e-02	1.17e-05	0.00e+00	0.00e+00	0.00e+00	0.00e+00	2.63e-06	7.02e-07	3.59e-07
 4.79756e+14	3.73e-06	7.23e-03	9.24e-01	6.85e-02	9.49e-06	0.00e+00	0.00e+00	0.00e+00	0.00e+00	2.66e-06	7.09e-07	3.62e-07
 7.03534e+14	3.79e-06	7.35e-03	9.36e-01	5.70e-02	7.15e-06	0.00e+00	0.00e+00	0.00e+00	0.00e+00	2.71e-06	7.20e-07	3.68e-07
 9.94447e+14	3.87e-06	7.49e-03	9.48e-01	4.44e-02	4.88e-06	0.00e+00	0.00e+00	0.00e+00	0.00e+00	2.76e-06	7.34e-07	3.76e-07
 1.37263e+15	3.98e-06	7.67e-03	9.61e-01	3.16e-02	2.91e-06	0.00e+00	0.00e+00	0.00e+00	0.00e+00	2.84e-06	7.54e-07	3.87e-07
 1.86428e+15	4.12e-06	7.88e-03	9.72e-01	1.98e-02	1.44e-06	0.00e+00	0.00e+00	0.00e+00	0.00e+00	2.94e-06	7.80e-07	4.00e-07
 2.50341e+15	4.31e-06	8.11e-03	9.81e-01	1.07e-02	5.69e-07	0.00e+00	0.00e+00	0.00e+00	0.00e+00	3.08e-06	8.14e-07	4.18e-07
 3.33429e+15	4.55e-06	8.38e-03	9.87e-01	4.76e-03	1.69e-07	0.00e+00	0.00e+00	0.00e+00	0.00e+00	3.25e-06	8.59e-07	4.42e-07
 4.41442e+15	4.89e-06	8.69e-03	9.90e-01	1.74e-03	0.00e+00	0.00e+00	0.00e+00	0.00e+00	0.00e+00	3.49e-06	9.21e-07	4.74e-07
 5.81860e+15	5.36e-06	9.08e-03	9.90e-01	5.27e-04	0.00e+00	0.00e+00	0.00e+00	0.00e+00	0.00e+00	3.83e-06	1.01e-06	5.20e-07
 7.64404e+15	6.09e-06	9.62e-03	9.90e-01	1.45e-04	0.00e+00	0.00e+00	0.00e+00	0.00e+00	0.00e+00	4.35e-06	1.15e-06	5.91e-07
 1.00171e+16	7.23e-06	1.04e-02	9.90e-01	4.74e-05	0.00e+00	0.00e+00	0.00e+00	0.00e+00	0.00e+00	5.17e-06	1.36e-06	7.02e-07
 1.30138e+16	9.07e-06	1.14e-02	9.89e-01	2.51e-05	0.00e+00	0.00e+00	0.00e+00	0.00e+00	0.00e+00	6.48e-06	1.70e-06	8.81e-07
 1.63065e+16	1.17e-05	1.26e-02	9.87e-01	1.87e-05	0.00e+00	0.00e+00	0.00e+00	0.00e+00	0.00e+00	8.38e-06	2.20e-06	1.14e-06
 1.94909e+16	1.53e-05	1.41e-02	9.86e-01	1.56e-05	0.00e+00	0.00e+00	0.00e+00	0.00e+00	0.00e+00	1.10e-05	2.89e-06	1.49e-06
 2.20900e+16	1.93e-05	1.54e-02	9.85e-01	1.38e-05	0.00e+00	0.00e+00	0.00e+00	0.00e+00	0.00e+00	1.38e-05	3.64e-06	1.87e-06
 2.42990e+16	2.40e-05	1.68e-02	9.83e-01	1.25e-05	0.00e+00	0.00e+00	0.00e+00	0.00e+00	0.00e+00	1.71e-05	4.53e-06	2.33e-06
 2.67288e+16	3.09e-05	1.86e-02	9.81e-01	1.13e-05	0.00e+00	0.00e+00	0.00e+00	0.00e+00	0.00e+00	2.20e-05	5.86e-06	3.01e-06
 2.94017e+16	4.16e-05	2.10e-02	9.79e-01	1.01e-05	0.00e+00	0.00e+00	0.00e+00	0.00e+00	0.00e+00	2.97e-05	7.91e-06	4.05e-06
 3.14108e+16	5.31e-05	2.32e-02	9.77e-01	9.25e-06	0.00e+00	0.00e+00	0.00e+00	0.00e+00	0.00e+00	3.78e-05	1.01e-05	5.16e-06
 3.23640e+16	5.99e-05	2.44e-02	9.75e-01	8.83e-06	0.00e+00	0.00e+00	0.00e+00	0.00e+00	0.00e+00	4.27e-05	1.14e-05	5.83e-06
 3.31557e+16	6.65e-05	2.56e-02	9.74e-01	8.57e-06	0.00e+00	0.00e+00	0.00e+00	0.00e+00	0.00e+00	4.73e-05	1.27e-05	6.47e-06
 3.41850e+16	7.65e-05	2.71e-02	9.73e-01	8.16e-06	0.00e+00	0.00e+00	0.00e+00	0.00e+00	0.00e+00	5.44e-05	1.46e-05	7.44e-06
 3.55231e+16	9.23e-05	2.94e-02	9.70e-01	7.66e-06	0.00e+00	0.00e+00	0.00e+00	0.00e+00	0.00e+00	6.56e-05	1.77e-05	8.98e-06
 3.68423e+16	1.12e-04	3.21e-02	9.68e-01	7.19e-06	0.00e+00	0.00e+00	0.00e+00	0.00e+00	0.00e+00	7.97e-05	2.15e-05	1.09e-05
 3.78145e+16	1.30e-04	3.43e-02	9.66e-01	6.80e-06	0.00e+00	0.00e+00	0.00e+00	0.00e+00	0.00e+00	9.24e-05	2.51e-05	1.27e-05
 3.86243e+16	1.49e-04	3.64e-02	9.63e-01	6.47e-06	0.00e+00	0.00e+00	0.00e+00	0.00e+00	0.00e+00	1.05e-04	2.86e-05	1.44e-05
 3.95453e+16	1.73e-04	3.91e-02	9.61e-01	6.16e-06	0.00e+00	0.00e+00	0.00e+00	0.00e+00	0.00e+00	1.23e-04	3.34e-05	1.68e-05
 4.05666e+16	2.06e-04	4.24e-02	9.57e-01	5.78e-06	0.00e+00	0.00e+00	0.00e+00	0.00e+00	0.00e+00	1.46e-04	4.00e-05	2.01e-05
 4.14851e+16	2.44e-04	4.58e-02	9.54e-01	5.43e-06	0.00e+00	0.00e+00	0.00e+00	0.00e+00	0.00e+00	1.73e-04	4.73e-05	2.37e-05
 4.22808e+16	2.83e-04	4.92e-02	9.50e-01	5.14e-06	0.00e+00	0.00e+00	0.00e+00	0.00e+00	0.00e+00	2.01e-04	5.50e-05	2.75e-05
 4.31498e+16	3.36e-04	5.34e-02	9.46e-01	4.82e-06	0.00e+00	0.00e+00	0.00e+00	0.00e+00	0.00e+00	2.38e-04	6.53e-05	3.26e-05
 4.40796e+16	4.06e-04	5.86e-02	9.41e-01	4.48e-06	0.00e+00	0.00e+00	0.00e+00	0.00e+00	0.00e+00	2.87e-04	7.89e-05	3.94e-05
 4.48743e+16	4.81e-04	6.37e-02	9.36e-01	4.17e-06	0.00e+00	0.00e+00	0.00e+00	0.00e+00	0.00e+00	3.41e-04	9.35e-05	4.67e-05
 4.55635e+16	5.60e-04	6.87e-02	9.31e-01	3.91e-06	0.00e+00	0.00e+00	0.00e+00	0.00e+00	0.00e+00	3.97e-04	1.09e-04	5.43e-05
 4.63299e+16	6.69e-04	7.51e-02	9.24e-01	3.62e-06	0.00e+00	0.00e+00	0.00e+00	0.00e+00	0.00e+00	4.74e-04	1.30e-04	6.48e-05
 4.71570e+16	8.18e-04	8.31e-02	9.16e-01	3.30e-06	0.00e+00	0.00e+00	0.00e+00	0.00e+00	0.00e+00	5.79e-04	1.59e-04	7.92e-05
 4.78733e+16	9.80e-04	9.11e-02	9.08e-01	3.05e-06	0.00e+00	0.00e+00	0.00e+00	0.00e+00	0.00e+00	6.95e-04	1.90e-04	9.48e-05
 4.84966e+16	1.15e-03	9.90e-02	9.00e-01	2.83e-06	0.00e+00	0.00e+00	0.00e+00	0.00e+00	0.00e+00	8.17e-04	2.24e-04	1.11e-04
 4.91887e+16	1.40e-03	1.09e-01	8.89e-01	2.56e-06	0.00e+00	0.00e+00	0.00e+00	0.00e+00	0.00e+00	9.91e-04	2.72e-04	1.35e-04
 4.99351e+16	1.73e-03	1.22e-01	8.76e-01	2.30e-06	0.00e+00	0.00e+00	0.00e+00	0.00e+00	0.00e+00	1.23e-03	3.36e-04	1.67e-04
 5.05873e+16	2.11e-03	1.35e-01	8.63e-01	2.07e-06	0.00e+00	0.00e+00	0.00e+00	0.00e+00	0.00e+00	1.50e-03	4.10e-04	2.03e-04
 5.11555e+16	2.53e-03	1.48e-01	8.49e-01	1.87e-06	0.00e+00	0.00e+00	0.00e+00	0.00e+00	0.00e+00	1.79e-03	4.90e-04	2.43e-04
 5.17792e+16	3.11e-03	1.65e-01	8.32e-01	1.65e-06	0.00e+00	0.00e+00	0.00e+00	0.00e+00	0.00e+00	2.20e-03	6.03e-04	2.99e-04
 5.24379e+16	3.91e-03	1.86e-01	8.11e-01	1.44e-06	0.00e+00	0.00e+00	0.00e+00	0.00e+00	0.00e+00	2.77e-03	7.58e-04	3.76e-04
 5.29820e+16	4.77e-03	2.05e-01	7.90e-01	1.27e-06	0.00e+00	0.00e+00	0.00e+00	0.00e+00	0.00e+00	3.38e-03	9.24e-04	4.58e-04
 5.34359e+16	5.66e-03	2.24e-01	7.70e-01	1.13e-06	0.00e+00	0.00e+00	0.00e+00	0.00e+00	0.00e+00	4.02e-03	1.10e-03	5.44e-04
 5.39329e+16	6.89e-03	2.48e-01	7.45e-01	9.81e-07	0.00e+00	0.00e+00	0.00e+00	0.00e+00	0.00e+00	4.89e-03	1.33e-03	6.62e-04
 5.44721e+16	8.62e-03	2.77e-01	7.15e-01	8.28e-07	0.00e+00	0.00e+00	0.00e+00	0.00e+00	0.00e+00	6.12e-03	1.67e-03	8.27e-04
 5.49365e+16	1.06e-02	3.06e-01	6.84e-01	7.08e-07	0.00e+00	0.00e+00	0.00e+00	0.00e+00	0.00e+00	7.50e-03	2.04e-03	1.01e-03
 5.53262e+16	1.26e-02	3.33e-01	6.55e-01	6.09e-07	0.00e+00	0.00e+00	0.00e+00	0.00e+00	0.00e+00	8.94e-03	2.43e-03	1.21e-03
 5.57484e+16	1.53e-02	3.65e-01	6.19e-01	5.08e-07	0.00e+00	0.00e+00	0.00e+00	0.00e+00	0.00e+00	1.09e-02	2.96e-03	1.47e-03
 5.62050e+16	1.92e-02	4.04e-01	5.77e-01	4.09e-07	0.00e+00	0.00e+00	0.00e+00	0.00e+00	0.00e+00	1.36e-02	3.69e-03	1.83e-03
 5.65979e+16	2.34e-02	4.41e-01	5.36e-01	3.32e-07	0.00e+00	0.00e+00	0.00e+00	0.00e+00	0.00e+00	1.66e-02	4.50e-03	2.24e-03
 5.69315e+16	2.78e-02	4.75e-01	4.97e-01	2.72e-07	0.00e+00	0.00e+00	0.00e+00	0.00e+00	0.00e+00	1.98e-02	5.35e-03	2.66e-03
 5.72963e+16	3.39e-02	5.14e-01	4.53e-01	2.12e-07	0.00e+00	0.00e+00	0.00e+00	0.00e+00	0.00e+00	2.41e-02	6.50e-03	3.24e-03
 5.76929e+16	4.23e-02	5.58e-01	4.00e-01	1.57e-07	0.00e+00	0.00e+00	0.00e+00	0.00e+00	0.00e+00	3.02e-02	8.09e-03	4.04e-03
 5.80364e+16	5.15e-02	5.96e-01	3.52e-01	0.00e+00	0.00e+00	0.00e+00	0.00e+00	0.00e+00	0.00e+00	3.68e-02	9.83e-03	4.91e-03
 5.83298e+16	6.13e-02	6.29e-01	3.10e-01	0.00e+00	0.00e+00	0.00e+00	0.00e+00	0.00e+00	0.00e+00	4.38e-02	1.16e-02	5.84e-03
 5.85817e+16	7.14e-02	6.55e-01	2.73e-01	0.00e+00	0.00e+00	0.00e+00	0.00e+00	0.00e+00	0.00e+00	5.10e-02	1.35e-02	6.79e-03
 5.87902e+16	8.08e-02	6.75e-01	2.44e-01	0.00e+00	0.00e+00	0.00e+00	0.00e+00	0.00e+00	0.00e+00	5.78e-02	1.53e-02	7.68e-03
 5.90128e+16	9.29e-02	6.95e-01	2.12e-01	0.00e+00	0.00e+00	0.00e+00	0.00e+00	0.00e+00	0.00e+00	6.65e-02	1.75e-02	8.82e-03
 5.92474e+16	1.08e-01	7.12e-01	1.80e-01	0.00e+00	0.00e+00	0.00e+00	0.00e+00	0.00e+00	0.00e+00	7.72e-02	2.02e-02	1.02e-02
 5.94408e+16	1.22e-01	7.23e-01	1.55e-01	0.00e+00	0.00e+00	0.00e+00	0.00e+00	0.00e+00	0.00e+00	8.76e-02	2.28e-02	1.16e-02
 5.96002e+16	1.35e-01	7.30e-01	1.36e-01	0.00e+00	0.00e+00	0.00e+00	0.00e+00	0.00e+00	0.00e+00	9.69e-02	2.50e-02	1.27e-02
 5.97722e+16	1.51e-01	7.34e-01	1.16e-01	0.00e+00	0.00e+00	0.00e+00	0.00e+00	0.00e+00	0.00e+00	1.09e-01	2.79e-02	1.42e-02
 5.99579e+16	1.70e-01	7.34e-01	9.60e-02	0.00e+00	0.00e+00	0.00e+00	0.00e+00	0.00e+00	0.00e+00	1.23e-01	3.12e-02	1.60e-02
 6.01172e+16	1.89e-01	7.31e-01	8.07e-02	0.00e+00	0.00e+00	0.00e+00	0.00e+00	0.00e+00	0.00e+00	1.37e-01	3.44e-02	1.77e-02
 6.02519e+16	2.06e-01	7.25e-01	6.90e-02	0.00e+00	0.00e+00	0.00e+00	0.00e+00	0.00e+00	0.00e+00	1.49e-01	3.73e-02	1.93e-02
 6.03989e+16	2.27e-01	7.16e-01	5.72e-02	0.00e+00	0.00e+00	0.00e+00	0.00e+00	0.00e+00	0.00e+00	1.65e-01	4.08e-02	2.12e-02
 6.05565e+16	2.52e-01	7.02e-01	4.62e-02	0.00e+00	0.00e+00	0.00e+00	0.00e+00	0.00e+00	0.00e+00	1.83e-01	4.48e-02	2.34e-02
 6.06911e+16	2.75e-01	6.87e-01	3.79e-02	0.00e+00	0.00e+00	0.00e+00	0.00e+00	0.00e+00	0.00e+00	2.01e-01	4.85e-02	2.55e-02
 6.08058e+16	2.96e-01	6.73e-01	3.18e-02	0.00e+00	0.00e+00	0.00e+00	0.00e+00	0.00e+00	0.00e+00	2.17e-01	5.17e-02	2.74e-02
 6.09316e+16	3.21e-01	6.53e-01	2.58e-02	0.00e+00	0.00e+00	0.00e+00	0.00e+00	0.00e+00	0.00e+00	2.36e-01	5.55e-02	2.96e-02
 6.10678e+16	3.50e-01	6.30e-01	2.04e-02	0.00e+00	0.00e+00	0.00e+00	0.00e+00	0.00e+00	0.00e+00	2.58e-01	5.97e-02	3.20e-02
 6.11886e+16	3.78e-01	6.06e-01	1.63e-02	0.00e+00	0.00e+00	0.00e+00	0.00e+00	0.00e+00	0.00e+00	2.80e-01	6.35e-02	3.44e-02
 6.12951e+16	4.03e-01	5.84e-01	1.32e-02	0.00e+00	0.00e+00	0.00e+00	0.00e+00	0.00e+00	0.00e+00	3.00e-01	6.68e-02	3.65e-02
 6.14042e+16	4.31e-01	5.59e-01	1.06e-02	0.00e+00	0.00e+00	0.00e+00	0.00e+00	0.00e+00	0.00e+00	3.22e-01	7.03e-02	3.87e-02
 6.15201e+16	4.61e-01	5.31e-01	8.23e-03	0.00e+00	0.00e+00	0.00e+00	0.00e+00	0.00e+00	0.00e+00	3.46e-01	7.38e-02	4.11e-02
 6.16276e+16	4.90e-01	5.04e-01	6.45e-03	0.00e+00	0.00e+00	0.00e+00	0.00e+00	0.00e+00	0.00e+00	3.70e-01	7.70e-02	4.33e-02
 6.17228e+16	5.16e-01	4.79e-01	5.16e-03	0.00e+00	0.00e+00	0.00e+00	0.00e+00	0.00e+00	0.00e+00	3.91e-01	7.96e-02	4.52e-02
 6.18109e+16	5.41e-01	4.55e-01	4.16e-03	0.00e+00	0.00e+00	0.00e+00	0.00e+00	0.00e+00	0.00e+00	4.12e-01	8.18e-02	4.69e-02
 6.18953e+16	5.64e-01	4.33e-01	3.37e-03	0.00e+00	0.00e+00	0.00e+00	0.00e+00	0.00e+00	0.00e+00	4.32e-01	8.38e-02	4.85e-02
 6.19745e+16	5.86e-01	4.11e-01	2.74e-03	0.00e+00	0.00e+00	0.00e+00	0.00e+00	0.00e+00	0.00e+00	4.51e-01	8.54e-02	4.99e-02
 6.20335e+16	6.02e-01	3.96e-01	2.36e-03	0.00e+00	0.00e+00	0.00e+00	0.00e+00	0.00e+00	0.00e+00	4.65e-01	8.64e-02	5.08e-02
 6.20726e+16	6.12e-01	3.86e-01	2.13e-03	0.00e+00	0.00e+00	0.00e+00	0.00e+00	0.00e+00	0.00e+00	4.73e-01	8.69e-02	5.14e-02
 6.21121e+16	6.23e-01	3.76e-01	1.91e-03	0.00e+00	0.00e+00	0.00e+00	0.00e+00	0.00e+00	0.00e+00	4.83e-01	8.75e-02	5.20e-02
 6.21595e+16	6.36e-01	3.62e-01	1.67e-03	0.00e+00	0.00e+00	0.00e+00	0.00e+00	0.00e+00	0.00e+00	4.95e-01	8.81e-02	5.27e-02
 6.22080e+16	6.49e-01	3.50e-01	1.46e-03	0.00e+00	0.00e+00	0.00e+00	0.00e+00	0.00e+00	0.00e+00	5.07e-01	8.86e-02	5.33e-02
 6.22526e+16	6.61e-01	3.38e-01	1.28e-03	0.00e+00	0.00e+00	0.00e+00	0.00e+00	0.00e+00	0.00e+00	5.18e-01	8.89e-02	5.39e-02
 6.22943e+16	6.72e-01	3.27e-01	1.14e-03	0.00e+00	0.00e+00	0.00e+00	0.00e+00	0.00e+00	0.00e+00	5.28e-01	8.92e-02	5.44e-02
 6.23364e+16	6.83e-01	3.16e-01	1.00e-03	0.00e+00	0.00e+00	0.00e+00	0.00e+00	0.00e+00	0.00e+00	5.39e-01	8.94e-02	5.48e-02
 6.23799e+16	6.95e-01	3.04e-01	8.77e-04	0.00e+00	0.00e+00	0.00e+00	0.00e+00	0.00e+00	0.00e+00	5.50e-01	8.96e-02	5.53e-02
 6.24222e+16	7.06e-01	2.93e-01	7.70e-04	0.00e+00	0.00e+00	0.00e+00	0.00e+00	0.00e+00	0.00e+00	5.61e-01	8.97e-02	5.57e-02
 6.24630e+16	7.16e-01	2.83e-01	6.79e-04	0.00e+00	0.00e+00	0.00e+00	0.00e+00	0.00e+00	0.00e+00	5.71e-01	8.97e-02	5.60e-02
 6.25042e+16	7.27e-01	2.72e-01	5.95e-04	0.00e+00	0.00e+00	0.00e+00	0.00e+00	0.00e+00	0.00e+00	5.81e-01	8.96e-02	5.63e-02
 6.25454e+16	7.37e-01	2.62e-01	5.22e-04	0.00e+00	0.00e+00	0.00e+00	0.00e+00	0.00e+00	0.00e+00	5.91e-01	8.94e-02	5.65e-02
 6.25861e+16	7.47e-01	2.52e-01	4.57e-04	0.00e+00	0.00e+00	0.00e+00	0.00e+00	0.00e+00	0.00e+00	6.01e-01	8.92e-02	5.67e-02
 6.26261e+16	7.57e-01	2.43e-01	4.01e-04	0.00e+00	0.00e+00	0.00e+00	0.00e+00	0.00e+00	0.00e+00	6.11e-01	8.89e-02	5.69e-02
 6.26656e+16	7.66e-01	2.33e-01	3.51e-04	0.00e+00	0.00e+00	0.00e+00	0.00e+00	0.00e+00	0.00e+00	6.21e-01	8.86e-02	5.70e-02
 6.27053e+16	7.75e-01	2.24e-01	3.07e-04	0.00e+00	0.00e+00	0.00e+00	0.00e+00	0.00e+00	0.00e+00	6.30e-01	8.82e-02	5.71e-02
 6.27451e+16	7.84e-01	2.15e-01	2.68e-04	0.00e+00	0.00e+00	0.00e+00	0.00e+00	0.00e+00	0.00e+00	6.40e-01	8.77e-02	5.71e-02
 6.27847e+16	7.93e-01	2.06e-01	2.34e-04	0.00e+00	0.00e+00	0.00e+00	0.00e+00	0.00e+00	0.00e+00	6.49e-01	8.72e-02	5.71e-02
 6.28231e+16	8.02e-01	1.98e-01	2.04e-04	0.00e+00	0.00e+00	0.00e+00	0.00e+00	0.00e+00	0.00e+00	6.58e-01	8.67e-02	5.71e-02
 6.28610e+16	8.10e-01	1.90e-01	1.79e-04	0.00e+00	0.00e+00	0.00e+00	0.00e+00	0.00e+00	0.00e+00	6.66e-01	8.61e-02	5.70e-02
 6.28996e+16	8.18e-01	1.82e-01	1.55e-04	0.00e+00	0.00e+00	0.00e+00	0.00e+00	0.00e+00	0.00e+00	6.75e-01	8.55e-02	5.69e-02
 6.29379e+16	8.25e-01	1.75e-01	1.35e-04	0.00e+00	0.00e+00	0.00e+00	0.00e+00	0.00e+00	0.00e+00	6.84e-01	8.48e-02	5.68e-02
 6.29756e+16	8.33e-01	1.67e-01	1.18e-04	0.00e+00	0.00e+00	0.00e+00	0.00e+00	0.00e+00	0.00e+00	6.92e-01	8.41e-02	5.66e-02
 6.30132e+16	8.40e-01	1.60e-01	1.03e-04	0.00e+00	0.00e+00	0.00e+00	0.00e+00	0.00e+00	0.00e+00	7.00e-01	8.34e-02	5.64e-02
 6.30502e+16	8.47e-01	1.53e-01	8.93e-05	0.00e+00	0.00e+00	0.00e+00	0.00e+00	0.00e+00	0.00e+00	7.08e-01	8.27e-02	5.62e-02
 6.30870e+16	8.53e-01	1.47e-01	7.78e-05	0.00e+00	0.00e+00	0.00e+00	0.00e+00	0.00e+00	0.00e+00	7.15e-01	8.19e-02	5.59e-02
 6.31239e+16	8.60e-01	1.40e-01	6.76e-05	0.00e+00	0.00e+00	0.00e+00	0.00e+00	0.00e+00	0.00e+00	7.23e-01	8.11e-02	5.57e-02
 6.31607e+16	8.66e-01	1.34e-01	5.86e-05	0.00e+00	0.00e+00	0.00e+00	0.00e+00	0.00e+00	0.00e+00	7.30e-01	8.03e-02	5.54e-02
 6.31966e+16	8.72e-01	1.28e-01	5.10e-05	0.00e+00	0.00e+00	0.00e+00	0.00e+00	0.00e+00	0.00e+00	7.37e-01	7.95e-02	5.51e-02
