#depth	H	H+	H2
 6.91960e+11	9.87e-04	9.99e-01	2.84e-14
 4.15176e+12	9.88e-04	9.99e-01	2.85e-14
 1.79910e+13	9.87e-04	9.99e-01	2.85e-14
 7.33478e+13	9.88e-04	9.99e-01	2.86e-14
 1.75204e+14	9.82e-04	9.99e-01	2.88e-14
 3.07618e+14	9.77e-04	9.99e-01	2.90e-14
 4.79756e+14	9.73e-04	9.99e-01	2.92e-14
 7.03534e+14	9.69e-04	9.99e-01	2.96e-14
 9.94447e+14	9.65e-04	9.99e-01	3.01e-14
 1.37263e+15	9.63e-04	9.99e-01	3.07e-14
 1.86428e+15	9.63e-04	9.99e-01	3.16e-14
 2.50341e+15	9.66e-04	9.99e-01	3.28e-14
 3.33429e+15	9.73e-04	9.99e-01	3.44e-14
 4.41442e+15	9.88e-04	9.99e-01	3.66e-14
 5.81860e+15	1.01e-03	9.99e-01	3.97e-14
 7.64404e+15	1.06e-03	9.99e-01	4.42e-14
 1.00171e+16	1.12e-03	9.99e-01	5.09e-14
 1.30138e+16	1.23e-03	9.99e-01	6.08e-14
 1.63065e+16	1.36e-03	9.99e-01	7.40e-14
 1.94909e+16	1.53e-03	9.98e-01	9.02e-14
 2.20900e+16	1.70e-03	9.98e-01	1.06e-13
 2.42990e+16	1.88e-03	9.98e-01	1.24e-13
 2.67289e+16	2.11e-03	9.98e-01	1.47e-13
 2.94017e+16	2.42e-03	9.98e-01	1.79e-13
 3.14108e+16	2.72e-03	9.97e-01	2.12e-13
 3.23640e+16	2.88e-03	9.97e-01	2.31e-13
 3.31557e+16	3.02e-03	9.97e-01	2.47e-13
 3.41850e+16	3.22e-03	9.97e-01	2.69e-13
 3.55231e+16	3.51e-03	9.96e-01	3.02e-13
 3.68423e+16	3.84e-03	9.96e-01	3.42e-13
 3.78146e+16	4.11e-03	9.96e-01	3.74e-13
 3.86244e+16	4.37e-03	9.96e-01	4.07e-13
 3.95454e+16	4.68e-03	9.95e-01	4.45e-13
 4.05666e+16	5.06e-03	9.95e-01	4.94e-13
 4.14852e+16	5.45e-03	9.95e-01	5.45e-13
 4.22809e+16	5.83e-03	9.94e-01	5.96e-13
 4.31499e+16	6.28e-03	9.94e-01	6.55e-13
 4.40797e+16	6.83e-03	9.93e-01	7.30e-13
 4.48744e+16	7.36e-03	9.93e-01	8.05e-13
 4.55636e+16	7.87e-03	9.92e-01	8.76e-13
 4.63300e+16	8.50e-03	9.91e-01	9.64e-13
 4.71571e+16	9.28e-03	9.91e-01	1.08e-12
 4.78734e+16	1.00e-02	9.90e-01	1.19e-12
 4.85003e+16	1.08e-02	9.89e-01	1.30e-12
 4.92007e+16	1.17e-02	9.88e-01	1.44e-12
 4.99512e+16	1.29e-02	9.87e-01	1.61e-12
 5.06012e+16	1.40e-02	9.86e-01	1.79e-12
 5.11657e+16	1.52e-02	9.85e-01	1.97e-12
 5.17850e+16	1.66e-02	9.83e-01	2.20e-12
 5.24412e+16	1.84e-02	9.82e-01	2.49e-12
 5.29862e+16	2.01e-02	9.80e-01	2.76e-12
 5.34414e+16	2.17e-02	9.78e-01	3.04e-12
 5.39394e+16	2.38e-02	9.76e-01	3.38e-12
 5.44791e+16	2.64e-02	9.74e-01	3.82e-12
 5.49430e+16	2.90e-02	9.71e-01	4.27e-12
 5.53330e+16	3.15e-02	9.68e-01	4.72e-12
 5.57569e+16	3.47e-02	9.65e-01	5.29e-12
 5.62150e+16	3.89e-02	9.61e-01	6.03e-12
 5.66088e+16	4.31e-02	9.57e-01	6.82e-12
 5.69415e+16	4.74e-02	9.53e-01	7.61e-12
 5.73035e+16	5.28e-02	9.47e-01	8.66e-12
 5.76965e+16	5.99e-02	9.40e-01	1.00e-11
 5.80386e+16	6.74e-02	9.33e-01	1.15e-11
 5.83343e+16	7.52e-02	9.25e-01	1.32e-11
 5.85882e+16	8.33e-02	9.17e-01	1.49e-11
 5.87964e+16	9.06e-02	9.09e-01	1.65e-11
 5.90176e+16	9.99e-02	9.00e-01	1.85e-11
 5.92517e+16	1.11e-01	8.89e-01	2.11e-11
 5.94456e+16	1.22e-01	8.78e-01	2.38e-11
 5.96052e+16	1.32e-01	8.68e-01	2.61e-11
 5.97770e+16	1.45e-01	8.55e-01	2.93e-11
 5.99625e+16	1.60e-01	8.40e-01	3.33e-11
 6.01215e+16	1.75e-01	8.25e-01	3.72e-11
 6.02560e+16	1.89e-01	8.11e-01	4.10e-11
 6.04028e+16	2.06e-01	7.94e-01	4.60e-11
 6.05603e+16	2.27e-01	7.73e-01	5.22e-11
 6.06947e+16	2.47e-01	7.53e-01	5.84e-11
 6.08093e+16	2.64e-01	7.36e-01	6.42e-11
 6.09351e+16	2.87e-01	7.13e-01	7.20e-11
 6.10712e+16	3.12e-01	6.88e-01	8.11e-11
 6.11919e+16	3.37e-01	6.63e-01	9.09e-11
 6.12983e+16	3.60e-01	6.40e-01	1.00e-10
 6.14072e+16	3.86e-01	6.14e-01	1.11e-10
 6.15229e+16	4.14e-01	5.86e-01	1.24e-10
 6.16302e+16	4.42e-01	5.58e-01	1.38e-10
 6.17253e+16	4.67e-01	5.33e-01	1.51e-10
 6.18131e+16	4.91e-01	5.09e-01	1.65e-10
 6.18973e+16	5.14e-01	4.86e-01	1.79e-10
 6.19763e+16	5.36e-01	4.64e-01	1.94e-10
 6.20354e+16	5.52e-01	4.48e-01	2.05e-10
 6.20744e+16	5.62e-01	4.38e-01	2.13e-10
 6.21139e+16	5.73e-01	4.27e-01	2.21e-10
 6.21613e+16	5.87e-01	4.13e-01	2.33e-10
 6.22098e+16	6.00e-01	4.00e-01	2.43e-10
 6.22544e+16	6.13e-01	3.87e-01	2.55e-10
 6.22960e+16	6.25e-01	3.75e-01	2.66e-10
 6.23378e+16	6.37e-01	3.63e-01	2.77e-10
 6.23808e+16	6.48e-01	3.52e-01	2.89e-10
 6.24238e+16	6.61e-01	3.39e-01	3.02e-10
 6.24657e+16	6.72e-01	3.28e-01	3.16e-10
 6.25061e+16	6.83e-01	3.17e-01	3.28e-10
 6.25466e+16	6.94e-01	3.06e-01	3.43e-10
 6.25874e+16	7.05e-01	2.95e-01	3.57e-10
 6.26279e+16	7.16e-01	2.84e-01	3.73e-10
 6.26677e+16	7.26e-01	2.74e-01	3.87e-10
 6.27072e+16	7.36e-01	2.64e-01	4.05e-10
 6.27470e+16	7.46e-01	2.54e-01	4.22e-10
 6.27859e+16	7.56e-01	2.44e-01	4.39e-10
 6.28241e+16	7.65e-01	2.35e-01	4.57e-10
 6.28628e+16	7.75e-01	2.25e-01	4.77e-10
 6.29013e+16	7.83e-01	2.17e-01	4.96e-10
 6.29393e+16	7.92e-01	2.08e-01	5.18e-10
 6.29768e+16	8.00e-01	2.00e-01	5.37e-10
 6.30142e+16	8.08e-01	1.92e-01	5.61e-10
 6.30519e+16	8.17e-01	1.83e-01	5.85e-10
 6.30887e+16	8.24e-01	1.76e-01	6.09e-10
 6.31250e+16	8.31e-01	1.69e-01	6.33e-10
 6.31613e+16	8.38e-01	1.62e-01	6.61e-10
 6.31975e+16	8.45e-01	1.55e-01	6.90e-10
 6.32332e+16	8.52e-01	1.48e-01	7.19e-10
 6.32680e+16	8.58e-01	1.42e-01	7.47e-10
 6.33020e+16	8.64e-01	1.36e-01	7.80e-10
 6.33355e+16	8.69e-01	1.31e-01	8.13e-10
 6.33690e+16	8.75e-01	1.25e-01	8.47e-10
 6.34023e+16	8.80e-01	1.20e-01	8.80e-10
 6.34346e+16	8.85e-01	1.15e-01	9.20e-10
 6.34661e+16	8.89e-01	1.11e-01	9.59e-10
 6.34975e+16	8.94e-01	1.06e-01	1.00e-09
 6.35290e+16	8.98e-01	1.02e-01	1.04e-09
 6.35599e+16	9.02e-01	9.78e-02	1.09e-09
 6.35899e+16	9.06e-01	9.39e-02	1.14e-09
 6.36197e+16	9.10e-01	9.04e-02	1.18e-09
 6.36498e+16	9.13e-01	8.67e-02	1.23e-09
 6.36793e+16	9.17e-01	8.32e-02	1.29e-09
 6.37082e+16	9.20e-01	7.99e-02	1.34e-09
 6.37370e+16	9.23e-01	7.68e-02	1.41e-09
 6.37653e+16	9.26e-01	7.37e-02	1.47e-09
 6.37934e+16	9.29e-01	7.09e-02	1.55e-09
 6.38213e+16	9.32e-01	6.81e-02	1.62e-09
 6.38490e+16	9.35e-01	6.54e-02	1.70e-09
 6.38767e+16	9.37e-01	6.28e-02	1.80e-09
 6.39034e+16	9.40e-01	6.04e-02	1.89e-09
 6.39296e+16	9.42e-01	5.83e-02	1.96e-09
 6.39565e+16	9.44e-01	5.60e-02	2.08e-09
 6.39834e+16	9.46e-01	5.37e-02	2.20e-09
 6.40094e+16	9.48e-01	5.16e-02	2.33e-09
 6.40349e+16	9.50e-01	4.96e-02	2.48e-09
 6.40610e+16	9.52e-01	4.76e-02	2.63e-09
 6.40871e+16	9.54e-01	4.57e-02	2.80e-09
 6.41123e+16	9.56e-01	4.40e-02	2.97e-09
 6.41369e+16	9.58e-01	4.24e-02	3.17e-09
 6.41615e+16	9.59e-01	4.08e-02	3.39e-09
 6.41859e+16	9.61e-01	3.92e-02	3.63e-09
 6.42100e+16	9.62e-01	3.77e-02	3.92e-09
 6.42343e+16	9.64e-01	3.62e-02	4.24e-09
 6.42585e+16	9.65e-01	3.47e-02	4.64e-09
 6.42820e+16	9.67e-01	3.34e-02	5.04e-09
 6.43050e+16	9.68e-01	3.21e-02	5.54e-09
 6.43279e+16	9.69e-01	3.08e-02	6.12e-09
 6.43508e+16	9.70e-01	2.96e-02	6.80e-09
 6.43735e+16	9.72e-01	2.84e-02	7.61e-09
 6.43953e+16	9.73e-01	2.73e-02	8.55e-09
 6.44155e+16	9.74e-01	2.63e-02	9.56e-09
 6.44342e+16	9.75e-01	2.55e-02	1.07e-08
 6.44515e+16	9.75e-01	2.47e-02	1.21e-08
 6.44673e+16	9.76e-01	2.40e-02	1.35e-08
 6.44821e+16	9.77e-01	2.33e-02	1.51e-08
 6.44962e+16	9.77e-01	2.27e-02	1.69e-08
 6.45091e+16	9.78e-01	2.22e-02	1.89e-08
 6.45212e+16	9.78e-01	2.16e-02	2.11e-08
 6.45326e+16	9.79e-01	2.11e-02	2.36e-08
 6.45437e+16	9.79e-01	2.07e-02	2.64e-08
 6.45543e+16	9.80e-01	2.02e-02	2.95e-08
 6.45643e+16	9.80e-01	1.98e-02	3.29e-08
 6.45738e+16	9.81e-01	1.94e-02	3.67e-08
 6.45829e+16	9.81e-01	1.90e-02	4.09e-08
 6.45918e+16	9.81e-01	1.86e-02	4.57e-08
 6.46004e+16	9.82e-01	1.82e-02	5.09e-08
 6.46087e+16	9.82e-01	1.79e-02	5.65e-08
 6.46169e+16	9.82e-01	1.75e-02	6.28e-08
 6.46251e+16	9.83e-01	1.72e-02	6.98e-08
 6.46333e+16	9.83e-01	1.68e-02	7.73e-08
 6.46416e+16	9.84e-01	1.64e-02	8.55e-08
 6.46502e+16	9.84e-01	1.60e-02	9.44e-08
 6.46593e+16	9.84e-01	1.56e-02	1.03e-07
 6.46683e+16	9.85e-01	1.52e-02	1.12e-07
 6.46766e+16	9.85e-01	1.48e-02	1.19e-07
 6.46839e+16	9.86e-01	1.44e-02	1.25e-07
 6.46907e+16	9.86e-01	1.41e-02	1.30e-07
 6.46973e+16	9.86e-01	1.38e-02	1.34e-07
 6.47039e+16	9.87e-01	1.35e-02	1.37e-07
 6.47100e+16	9.87e-01	1.32e-02	1.40e-07
 6.47156e+16	9.87e-01	1.29e-02	1.43e-07
 6.47208e+16	9.87e-01	1.27e-02	1.45e-07
 6.47254e+16	9.88e-01	1.25e-02	1.48e-07
 6.47296e+16	9.88e-01	1.23e-02	1.50e-07
 6.47335e+16	9.88e-01	1.21e-02	1.51e-07
 6.47377e+16	9.88e-01	1.19e-02	1.53e-07
 6.47422e+16	9.88e-01	1.17e-02	1.56e-07
 6.47464e+16	9.88e-01	1.15e-02	1.58e-07
 6.47502e+16	9.89e-01	1.14e-02	1.60e-07
 6.47536e+16	9.89e-01	1.12e-02	1.61e-07
 6.47573e+16	9.89e-01	1.11e-02	1.63e-07
 6.47614e+16	9.89e-01	1.09e-02	1.66e-07
 6.47651e+16	9.89e-01	1.08e-02	1.68e-07
 6.47685e+16	9.89e-01	1.06e-02	1.70e-07
 6.47721e+16	9.90e-01	1.05e-02	1.72e-07
 6.47761e+16	9.90e-01	1.03e-02	1.75e-07
 6.47797e+16	9.90e-01	1.02e-02	1.77e-07
 6.47837e+16	9.90e-01	1.00e-02	1.79e-07
 6.47889e+16	9.90e-01	9.86e-03	1.82e-07
