#depth	He	He+	He+2
 6.91960e+11	5.58e-04	7.96e-01	2.03e-01
 4.15176e+12	5.59e-04	7.97e-01	2.03e-01
 1.79910e+13	5.60e-04	7.98e-01	2.02e-01
 7.33478e+13	5.65e-04	8.03e-01	1.97e-01
 1.75204e+14	5.68e-04	8.05e-01	1.95e-01
 3.07618e+14	5.76e-04	8.13e-01	1.86e-01
 4.79756e+14	5.89e-04	8.27e-01	1.72e-01
 7.03534e+14	6.08e-04	8.48e-01	1.52e-01
 9.94447e+14	6.32e-04	8.75e-01	1.24e-01
 1.37263e+15	6.61e-04	9.07e-01	9.24e-02
 1.86428e+15	6.94e-04	9.39e-01	5.98e-02
 2.50341e+15	7.27e-04	9.67e-01	3.25e-02
 3.33429e+15	7.57e-04	9.85e-01	1.43e-02
 4.41442e+15	7.87e-04	9.94e-01	4.98e-03
 5.81860e+15	8.20e-04	9.98e-01	1.37e-03
 7.64404e+15	8.63e-04	9.99e-01	2.99e-04
 1.00171e+16	9.20e-04	9.99e-01	5.36e-05
 1.30138e+16	9.96e-04	9.99e-01	8.47e-06
 1.63065e+16	1.08e-03	9.99e-01	1.51e-06
 1.94909e+16	1.18e-03	9.99e-01	3.75e-07
 2.20900e+16	1.27e-03	9.99e-01	1.42e-07
 2.42990e+16	1.35e-03	9.99e-01	6.65e-08
 2.67289e+16	1.45e-03	9.99e-01	3.10e-08
 2.94017e+16	1.58e-03	9.98e-01	1.44e-08
 3.14108e+16	1.69e-03	9.98e-01	8.68e-09
 3.23640e+16	1.74e-03	9.98e-01	6.92e-09
 3.31557e+16	1.79e-03	9.98e-01	5.64e-09
 3.41850e+16	1.86e-03	9.98e-01	4.36e-09
 3.55231e+16	1.96e-03	9.98e-01	3.15e-09
 3.68423e+16	2.06e-03	9.98e-01	2.37e-09
 3.78146e+16	2.15e-03	9.98e-01	1.93e-09
 3.86244e+16	2.23e-03	9.98e-01	1.63e-09
 3.95454e+16	2.32e-03	9.98e-01	1.34e-09
 4.05666e+16	2.44e-03	9.98e-01	1.09e-09
 4.14852e+16	2.55e-03	9.97e-01	9.20e-10
 4.22809e+16	2.65e-03	9.97e-01	7.93e-10
 4.31499e+16	2.78e-03	9.97e-01	6.76e-10
 4.40797e+16	2.93e-03	9.97e-01	5.76e-10
 4.48744e+16	3.08e-03	9.97e-01	5.05e-10
 4.55636e+16	3.21e-03	9.97e-01	4.52e-10
 4.63300e+16	3.38e-03	9.97e-01	4.00e-10
 4.71571e+16	3.58e-03	9.96e-01	3.53e-10
 4.78734e+16	3.77e-03	9.96e-01	3.19e-10
 4.85003e+16	3.96e-03	9.96e-01	2.93e-10
 4.92007e+16	4.21e-03	9.96e-01	2.66e-10
 4.99512e+16	4.49e-03	9.96e-01	2.43e-10
 5.06012e+16	4.78e-03	9.95e-01	2.25e-10
 5.11657e+16	5.06e-03	9.95e-01	2.11e-10
 5.17850e+16	5.41e-03	9.95e-01	1.97e-10
 5.24412e+16	5.83e-03	9.94e-01	1.84e-10
 5.29862e+16	6.24e-03	9.94e-01	1.75e-10
 5.34414e+16	6.63e-03	9.93e-01	1.69e-10
 5.39394e+16	7.11e-03	9.93e-01	1.62e-10
 5.44791e+16	7.72e-03	9.92e-01	1.55e-10
 5.49430e+16	8.33e-03	9.92e-01	1.51e-10
 5.53330e+16	8.92e-03	9.91e-01	1.49e-10
 5.57569e+16	9.67e-03	9.90e-01	1.46e-10
 5.62150e+16	1.06e-02	9.89e-01	1.44e-10
 5.66088e+16	1.16e-02	9.88e-01	1.43e-10
 5.69415e+16	1.25e-02	9.87e-01	1.44e-10
 5.73035e+16	1.38e-02	9.86e-01	1.44e-10
 5.76965e+16	1.54e-02	9.85e-01	1.47e-10
 5.80386e+16	1.70e-02	9.83e-01	1.54e-10
 5.83343e+16	1.88e-02	9.81e-01	1.60e-10
 5.85882e+16	2.06e-02	9.79e-01	1.66e-10
 5.87964e+16	2.22e-02	9.78e-01	1.75e-10
 5.90176e+16	2.43e-02	9.76e-01	1.84e-10
 5.92517e+16	2.69e-02	9.73e-01	1.96e-10
 5.94456e+16	2.94e-02	9.71e-01	2.07e-10
 5.96052e+16	3.17e-02	9.68e-01	2.24e-10
 5.97770e+16	3.47e-02	9.65e-01	2.41e-10
 5.99625e+16	3.84e-02	9.62e-01	2.63e-10
 6.01215e+16	4.20e-02	9.58e-01	2.89e-10
 6.02560e+16	4.54e-02	9.55e-01	3.17e-10
 6.04028e+16	4.99e-02	9.50e-01	3.49e-10
 6.05603e+16	5.53e-02	9.45e-01	3.92e-10
 6.06947e+16	6.07e-02	9.39e-01	4.34e-10
 6.08093e+16	6.57e-02	9.34e-01	4.83e-10
 6.09351e+16	7.24e-02	9.28e-01	5.37e-10
 6.10712e+16	8.01e-02	9.20e-01	6.19e-10
 6.11919e+16	8.84e-02	9.12e-01	6.93e-10
 6.12983e+16	9.63e-02	9.04e-01	7.83e-10
 6.14072e+16	1.06e-01	8.94e-01	8.76e-10
 6.15229e+16	1.17e-01	8.83e-01	1.01e-09
 6.16302e+16	1.28e-01	8.72e-01	1.14e-09
 6.17253e+16	1.40e-01	8.60e-01	1.28e-09
 6.18131e+16	1.52e-01	8.48e-01	1.42e-09
 6.18973e+16	1.64e-01	8.36e-01	1.58e-09
 6.19763e+16	1.77e-01	8.23e-01	1.73e-09
 6.20354e+16	1.86e-01	8.14e-01	1.87e-09
 6.20744e+16	1.93e-01	8.07e-01	1.95e-09
 6.21139e+16	2.01e-01	7.99e-01	2.04e-09
 6.21613e+16	2.11e-01	7.89e-01	2.15e-09
 6.22098e+16	2.20e-01	7.80e-01	2.29e-09
 6.22544e+16	2.30e-01	7.70e-01	2.41e-09
 6.22960e+16	2.39e-01	7.61e-01	2.54e-09
 6.23378e+16	2.49e-01	7.51e-01	2.67e-09
 6.23808e+16	2.59e-01	7.41e-01	2.81e-09
 6.24238e+16	2.70e-01	7.30e-01	2.96e-09
 6.24657e+16	2.81e-01	7.19e-01	3.11e-09
 6.25061e+16	2.92e-01	7.08e-01	3.26e-09
 6.25466e+16	3.04e-01	6.96e-01	3.41e-09
 6.25874e+16	3.15e-01	6.85e-01	3.58e-09
 6.26279e+16	3.28e-01	6.72e-01	3.74e-09
 6.26677e+16	3.40e-01	6.60e-01	3.92e-09
 6.27072e+16	3.52e-01	6.48e-01	4.09e-09
 6.27470e+16	3.66e-01	6.34e-01	4.27e-09
 6.27859e+16	3.79e-01	6.21e-01	4.45e-09
 6.28241e+16	3.92e-01	6.08e-01	4.64e-09
 6.28628e+16	4.06e-01	5.94e-01	4.81e-09
 6.29013e+16	4.19e-01	5.81e-01	5.02e-09
 6.29393e+16	4.34e-01	5.66e-01	5.19e-09
 6.29768e+16	4.47e-01	5.53e-01	5.40e-09
 6.30142e+16	4.62e-01	5.38e-01	5.59e-09
 6.30519e+16	4.77e-01	5.23e-01	5.78e-09
 6.30887e+16	4.91e-01	5.09e-01	5.97e-09
 6.31250e+16	5.05e-01	4.95e-01	6.16e-09
 6.31613e+16	5.20e-01	4.80e-01	6.35e-09
 6.31975e+16	5.35e-01	4.65e-01	6.53e-09
 6.32332e+16	5.49e-01	4.51e-01	6.71e-09
 6.32680e+16	5.63e-01	4.37e-01	6.90e-09
 6.33020e+16	5.77e-01	4.23e-01	7.07e-09
 6.33355e+16	5.91e-01	4.09e-01	7.22e-09
 6.33690e+16	6.05e-01	3.95e-01	7.38e-09
 6.34023e+16	6.18e-01	3.82e-01	7.54e-09
 6.34346e+16	6.31e-01	3.69e-01	7.69e-09
 6.34661e+16	6.44e-01	3.56e-01	7.82e-09
 6.34975e+16	6.56e-01	3.44e-01	7.95e-09
 6.35290e+16	6.69e-01	3.31e-01	8.09e-09
 6.35599e+16	6.81e-01	3.19e-01	8.22e-09
 6.35899e+16	6.92e-01	3.08e-01	8.32e-09
 6.36197e+16	7.04e-01	2.96e-01	8.44e-09
 6.36498e+16	7.15e-01	2.85e-01	8.55e-09
 6.36793e+16	7.26e-01	2.74e-01	8.63e-09
 6.37082e+16	7.36e-01	2.64e-01	8.72e-09
 6.37370e+16	7.47e-01	2.53e-01	8.80e-09
 6.37653e+16	7.56e-01	2.44e-01	8.87e-09
 6.37934e+16	7.66e-01	2.34e-01	8.95e-09
 6.38213e+16	7.75e-01	2.25e-01	9.00e-09
 6.38490e+16	7.84e-01	2.16e-01	9.06e-09
 6.38767e+16	7.93e-01	2.07e-01	9.12e-09
 6.39034e+16	8.01e-01	1.99e-01	9.16e-09
 6.39296e+16	8.09e-01	1.91e-01	9.21e-09
 6.39565e+16	8.17e-01	1.83e-01	9.24e-09
 6.39834e+16	8.24e-01	1.76e-01	9.27e-09
 6.40094e+16	8.32e-01	1.68e-01	9.29e-09
 6.40349e+16	8.39e-01	1.61e-01	9.27e-09
 6.40610e+16	8.46e-01	1.54e-01	9.28e-09
 6.40871e+16	8.52e-01	1.48e-01	9.30e-09
 6.41123e+16	8.58e-01	1.42e-01	9.31e-09
 6.41369e+16	8.64e-01	1.36e-01	9.31e-09
 6.41615e+16	8.69e-01	1.31e-01	9.32e-09
 6.41859e+16	8.75e-01	1.25e-01	9.31e-09
 6.42100e+16	8.80e-01	1.20e-01	9.28e-09
 6.42343e+16	8.85e-01	1.15e-01	9.26e-09
 6.42585e+16	8.90e-01	1.10e-01	9.23e-09
 6.42820e+16	8.94e-01	1.06e-01	9.21e-09
 6.43050e+16	8.99e-01	1.01e-01	9.17e-09
 6.43279e+16	9.03e-01	9.72e-02	9.13e-09
 6.43508e+16	9.07e-01	9.32e-02	9.08e-09
 6.43735e+16	9.11e-01	8.94e-02	9.05e-09
 6.43953e+16	9.14e-01	8.59e-02	9.00e-09
 6.44155e+16	9.17e-01	8.27e-02	8.95e-09
 6.44342e+16	9.20e-01	7.98e-02	8.88e-09
 6.44515e+16	9.23e-01	7.72e-02	8.82e-09
 6.44673e+16	9.25e-01	7.49e-02	8.77e-09
 6.44821e+16	9.27e-01	7.28e-02	8.70e-09
 6.44962e+16	9.29e-01	7.08e-02	8.64e-09
 6.45091e+16	9.31e-01	6.90e-02	8.57e-09
 6.45212e+16	9.33e-01	6.74e-02	8.51e-09
 6.45326e+16	9.34e-01	6.58e-02	8.44e-09
 6.45437e+16	9.36e-01	6.44e-02	8.38e-09
 6.45543e+16	9.37e-01	6.30e-02	8.32e-09
 6.45643e+16	9.38e-01	6.17e-02	8.26e-09
 6.45738e+16	9.39e-01	6.05e-02	8.20e-09
 6.45829e+16	9.41e-01	5.94e-02	8.14e-09
 6.45918e+16	9.42e-01	5.83e-02	8.08e-09
 6.46004e+16	9.43e-01	5.73e-02	8.02e-09
 6.46087e+16	9.44e-01	5.63e-02	7.96e-09
 6.46169e+16	9.45e-01	5.53e-02	7.90e-09
 6.46251e+16	9.46e-01	5.44e-02	7.84e-09
 6.46333e+16	9.47e-01	5.34e-02	7.77e-09
 6.46416e+16	9.48e-01	5.25e-02	7.70e-09
 6.46502e+16	9.49e-01	5.15e-02	7.62e-09
 6.46593e+16	9.50e-01	5.05e-02	7.54e-09
 6.46683e+16	9.51e-01	4.95e-02	7.45e-09
 6.46766e+16	9.51e-01	4.85e-02	7.36e-09
 6.46839e+16	9.52e-01	4.77e-02	7.28e-09
 6.46907e+16	9.53e-01	4.70e-02	7.20e-09
 6.46973e+16	9.54e-01	4.63e-02	7.13e-09
 6.47039e+16	9.54e-01	4.55e-02	7.04e-09
 6.47100e+16	9.55e-01	4.48e-02	6.96e-09
 6.47156e+16	9.56e-01	4.42e-02	6.88e-09
 6.47208e+16	9.56e-01	4.37e-02	6.81e-09
 6.47254e+16	9.57e-01	4.31e-02	6.73e-09
 6.47296e+16	9.57e-01	4.26e-02	6.67e-09
 6.47335e+16	9.58e-01	4.22e-02	6.63e-09
 6.47377e+16	9.58e-01	4.17e-02	6.54e-09
 6.47422e+16	9.59e-01	4.12e-02	6.49e-09
 6.47464e+16	9.59e-01	4.08e-02	6.42e-09
 6.47502e+16	9.60e-01	4.03e-02	6.36e-09
 6.47536e+16	9.60e-01	4.00e-02	6.32e-09
 6.47573e+16	9.60e-01	3.95e-02	6.25e-09
 6.47614e+16	9.61e-01	3.91e-02	6.18e-09
 6.47651e+16	9.61e-01	3.87e-02	6.14e-09
 6.47685e+16	9.62e-01	3.84e-02	6.09e-09
 6.47721e+16	9.62e-01	3.79e-02	6.03e-09
 6.47761e+16	9.63e-01	3.75e-02	5.96e-09
 6.47797e+16	9.63e-01	3.72e-02	5.93e-09
 6.47837e+16	9.63e-01	3.67e-02	5.87e-09
 6.47889e+16	9.64e-01	3.62e-02	5.82e-09
