#depth	O	O+	O+2	O+3	O+4	O+5	O+6	O+7	O+8	O[1]	O[2]	O[3]
 6.91960e+11	3.62e-06	6.97e-03	8.94e-01	9.93e-02	1.71e-05	0.00e+00	0.00e+00	0.00e+00	0.00e+00	2.58e-06	6.88e-07	3.51e-07
 4.15176e+12	3.63e-06	6.97e-03	8.94e-01	9.89e-02	1.70e-05	0.00e+00	0.00e+00	0.00e+00	0.00e+00	2.59e-06	6.88e-07	3.52e-07
 1.79910e+13	3.63e-06	6.98e-03	8.95e-01	9.77e-02	1.67e-05	0.00e+00	0.00e+00	0.00e+00	0.00e+00	2.59e-06	6.89e-07	3.52e-07
 7.33478e+13	3.66e-06	7.02e-03	9.00e-01	9.29e-02	1.54e-05	0.00e+00	0.00e+00	0.00e+00	0.00e+00	2.61e-06	6.95e-07	3.55e-07
 1.75204e+14	3.67e-06	7.07e-03	9.07e-01	8.64e-02	1.37e-05	0.00e+00	0.00e+00	0.00e+00	0.00e+00	2.61e-06	6.97e-07	3.56e-07
 3.07618e+14	3.69e-06	7.14e-03	9.15e-01	7.83e-02	1.17e-05	0.00e+00	0.00e+00	0.00e+00	0.00e+00	2.63e-06	7.02e-07	3.59e-07
 4.79756e+14	3.73e-06	7.23e-03	9.24e-01	6.85e-02	9.49e-06	0.00e+00	0.00e+00	0.00e+00	0.00e+00	2.66e-06	7.09e-07	3.62e-07
 7.03534e+14	3.79e-06	7.35e-03	9.36e-01	5.70e-02	7.15e-06	0.00e+00	0.00e+00	0.00e+00	0.00e+00	2.71e-06	7.20e-07	3.68e-07
 9.94447e+14	3.87e-06	7.49e-03	9.48e-01	4.44e-02	4.88e-06	0.00e+00	0.00e+00	0.00e+00	0.00e+00	2.76e-06	7.34e-07	3.76e-07
 1.37263e+15	3.98e-06	7.67e-03	9.61e-01	3.16e-02	2.91e-06	0.00e+00	0.00e+00	0.00e+00	0.00e+00	2.84e-06	7.54e-07	3.87e-07
 1.86428e+15	4.12e-06	7.88e-03	9.72e-01	1.98e-02	1.44e-06	0.00e+00	0.00e+00	0.00e+00	0.00e+00	2.94e-06	7.80e-07	4.00e-07
 2.50341e+15	4.31e-06	8.11e-03	9.81e-01	1.07e-02	5.69e-07	0.00e+00	0.00e+00	0.00e+00	0.00e+00	3.08e-06	8.14e-07	4.18e-07
 3.33429e+15	4.55e-06	8.38e-03	9.87e-01	4.76e-03	1.69e-07	0.00e+00	0.00e+00	0.00e+00	0.00e+00	3.25e-06	8.59e-07	4.42e-07
 4.41442e+15	4.89e-06	8.69e-03	9.90e-01	1.74e-03	0.00e+00	0.00e+00	0.00e+00	0.00e+00	0.00e+00	3.49e-06	9.21e-07	4.74e-07
 5.81860e+15	5.36e-06	9.08e-03	9.90e-01	5.27e-04	0.00e+00	0.00e+00	0.00e+00	0.00e+00	0.00e+00	3.83e-06	1.01e-06	5.20e-07
 7.64404e+15	6.09e-06	9.62e-03	9.90e-01	1.45e-04	0.00e+00	0.00e+00	0.00e+00	0.00e+00	0.00e+00	4.35e-06	1.15e-06	5.91e-07
 1.00171e+16	7.23e-06	1.04e-02	9.90e-01	4.74e-05	0.00e+00	0.00e+00	0.00e+00	0.00e+00	0.00e+00	5.17e-06	1.36e-06	7.02e-07
 1.30138e+16	9.07e-06	1.14e-02	9.89e-01	2.51e-05	0.00e+00	0.00e+00	0.00e+00	0.00e+00	0.00e+00	6.48e-06	1.70e-06	8.81e-07
 1.63065e+16	1.17e-05	1.26e-02	9.87e-01	1.87e-05	0.00e+00	0.00e+00	0.00e+00	0.00e+00	0.00e+00	8.38e-06	2.20e-06	1.14e-06
 1.94909e+16	1.53e-05	1.41e-02	9.86e-01	1.56e-05	0.00e+00	0.00e+00	0.00e+00	0.00e+00	0.00e+00	1.10e-05	2.89e-06	1.49e-06
 2.20900e+16	1.93e-05	1.54e-02	9.85e-01	1.38e-05	0.00e+00	0.00e+00	0.00e+00	0.00e+00	0.00e+00	1.38e-05	3.64e-06	1.87e-06
 2.42990e+16	2.40e-05	1.68e-02	9.83e-01	1.25e-05	0.00e+00	0.00e+00	0.00e+00	0.00e+00	0.00e+00	1.71e-05	4.53e-06	2.33e-06
 2.67289e+16	3.09e-05	1.86e-02	9.81e-01	1.13e-05	0.00e+00	0.00e+00	0.00e+00	0.00e+00	0.00e+00	2.20e-05	5.86e-06	3.01e-06
 2.94017e+16	4.16e-05	2.10e-02	9.79e-01	1.01e-05	0.00e+00	0.00e+00	0.00e+00	0.00e+00	0.00e+00	2.97e-05	7.91e-06	4.05e-06
 3.14108e+16	5.31e-05	2.32e-02	9.77e-01	9.25e-06	0.00e+00	0.00e+00	0.00e+00	0.00e+00	0.00e+00	3.78e-05	1.01e-05	5.16e-06
 3.23640e+16	5.99e-05	2.44e-02	9.75e-01	8.83e-06	0.00e+00	0.00e+00	0.00e+00	0.00e+00	0.00e+00	4.27e-05	1.14e-05	5.83e-06
 3.31557e+16	6.65e-05	2.56e-02	9.74e-01	8.57e-06	0.00e+00	0.00e+00	0.00e+00	0.00e+00	0.00e+00	4.73e-05	1.27e-05	6.47e-06
 3.41850e+16	7.65e-05	2.71e-02	9.73e-01	8.16e-06	0.00e+00	0.00e+00	0.00e+00	0.00e+00	0.00e+00	5.44e-05	1.46e-05	7.44e-06
 3.55231e+16	9.23e-05	2.94e-02	9.70e-01	7.66e-06	0.00e+00	0.00e+00	0.00e+00	0.00e+00	0.00e+00	6.56e-05	1.77e-05	8.98e-06
 3.68423e+16	1.12e-04	3.21e-02	9.68e-01	7.19e-06	0.00e+00	0.00e+00	0.00e+00	0.00e+00	0.00e+00	7.97e-05	2.15e-05	1.09e-05
 3.78146e+16	1.30e-04	3.43e-02	9.66e-01	6.80e-06	0.00e+00	0.00e+00	0.00e+00	0.00e+00	0.00e+00	9.24e-05	2.51e-05	1.27e-05
 3.86244e+16	1.49e-04	3.64e-02	9.63e-01	6.47e-06	0.00e+00	0.00e+00	0.00e+00	0.00e+00	0.00e+00	1.05e-04	2.86e-05	1.44e-05
 3.95454e+16	1.73e-04	3.91e-02	9.61e-01	6.16e-06	0.00e+00	0.00e+00	0.00e+00	0.00e+00	0.00e+00	1.23e-04	3.34e-05	1.68e-05
 4.05666e+16	2.06e-04	4.24e-02	9.57e-01	5.78e-06	0.00e+00	0.00e+00	0.00e+00	0.00e+00	0.00e+00	1.46e-04	4.00e-05	2.01e-05
 4.14852e+16	2.44e-04	4.58e-02	9.54e-01	5.43e-06	0.00e+00	0.00e+00	0.00e+00	0.00e+00	0.00e+00	1.73e-04	4.73e-05	2.37e-05
 4.22809e+16	2.83e-04	4.92e-02	9.50e-01	5.14e-06	0.00e+00	0.00e+00	0.00e+00	0.00e+00	0.00e+00	2.01e-04	5.50e-05	2.75e-05
 4.31499e+16	3.36e-04	5.34e-02	9.46e-01	4.82e-06	0.00e+00	0.00e+00	0.00e+00	0.00e+00	0.00e+00	2.38e-04	6.53e-05	3.26e-05
 4.40797e+16	4.06e-04	5.86e-02	9.41e-01	4.48e-06	0.00e+00	0.00e+00	0.00e+00	0.00e+00	0.00e+00	2.87e-04	7.89e-05	3.94e-05
 4.48744e+16	4.81e-04	6.37e-02	9.36e-01	4.17e-06	0.00e+00	0.00e+00	0.00e+00	0.00e+00	0.00e+00	3.41e-04	9.35e-05	4.67e-05
 4.55636e+16	5.60e-04	6.87e-02	9.31e-01	3.91e-06	0.00e+00	0.00e+00	0.00e+00	0.00e+00	0.00e+00	3.97e-04	1.09e-04	5.43e-05
 4.63300e+16	6.69e-04	7.51e-02	9.24e-01	3.62e-06	0.00e+00	0.00e+00	0.00e+00	0.00e+00	0.00e+00	4.74e-04	1.30e-04	6.48e-05
 4.71571e+16	8.18e-04	8.31e-02	9.16e-01	3.30e-06	0.00e+00	0.00e+00	0.00e+00	0.00e+00	0.00e+00	5.79e-04	1.59e-04	7.92e-05
 4.78734e+16	9.78e-04	9.10e-02	9.08e-01	3.05e-06	0.00e+00	0.00e+00	0.00e+00	0.00e+00	0.00e+00	6.93e-04	1.90e-04	9.46e-05
 4.85003e+16	1.15e-03	9.90e-02	9.00e-01	2.83e-06	0.00e+00	0.00e+00	0.00e+00	0.00e+00	0.00e+00	8.18e-04	2.24e-04	1.12e-04
 4.92007e+16	1.40e-03	1.09e-01	8.89e-01	2.56e-06	0.00e+00	0.00e+00	0.00e+00	0.00e+00	0.00e+00	9.94e-04	2.73e-04	1.36e-04
 4.99512e+16	1.74e-03	1.22e-01	8.76e-01	2.30e-06	0.00e+00	0.00e+00	0.00e+00	0.00e+00	0.00e+00	1.23e-03	3.37e-04	1.68e-04
 5.06012e+16	2.12e-03	1.35e-01	8.63e-01	2.06e-06	0.00e+00	0.00e+00	0.00e+00	0.00e+00	0.00e+00	1.50e-03	4.11e-04	2.04e-04
 5.11657e+16	2.53e-03	1.48e-01	8.49e-01	1.87e-06	0.00e+00	0.00e+00	0.00e+00	0.00e+00	0.00e+00	1.80e-03	4.92e-04	2.44e-04
 5.17850e+16	3.11e-03	1.65e-01	8.32e-01	1.65e-06	0.00e+00	0.00e+00	0.00e+00	0.00e+00	0.00e+00	2.21e-03	6.04e-04	3.00e-04
 5.24412e+16	3.91e-03	1.86e-01	8.10e-01	1.44e-06	0.00e+00	0.00e+00	0.00e+00	0.00e+00	0.00e+00	2.77e-03	7.58e-04	3.76e-04
 5.29862e+16	4.77e-03	2.06e-01	7.90e-01	1.27e-06	0.00e+00	0.00e+00	0.00e+00	0.00e+00	0.00e+00	3.39e-03	9.25e-04	4.59e-04
 5.34414e+16	5.68e-03	2.25e-01	7.70e-01	1.13e-06	0.00e+00	0.00e+00	0.00e+00	0.00e+00	0.00e+00	4.03e-03	1.10e-03	5.46e-04
 5.39394e+16	6.92e-03	2.48e-01	7.45e-01	9.77e-07	0.00e+00	0.00e+00	0.00e+00	0.00e+00	0.00e+00	4.91e-03	1.34e-03	6.64e-04
 5.44791e+16	8.65e-03	2.77e-01	7.14e-01	8.28e-07	0.00e+00	0.00e+00	0.00e+00	0.00e+00	0.00e+00	6.14e-03	1.67e-03	8.30e-04
 5.49430e+16	1.06e-02	3.06e-01	6.83e-01	7.05e-07	0.00e+00	0.00e+00	0.00e+00	0.00e+00	0.00e+00	7.52e-03	2.05e-03	1.02e-03
 5.53330e+16	1.26e-02	3.33e-01	6.54e-01	6.07e-07	0.00e+00	0.00e+00	0.00e+00	0.00e+00	0.00e+00	8.97e-03	2.44e-03	1.21e-03
 5.57569e+16	1.54e-02	3.66e-01	6.19e-01	5.04e-07	0.00e+00	0.00e+00	0.00e+00	0.00e+00	0.00e+00	1.09e-02	2.97e-03	1.47e-03
 5.62150e+16	1.92e-02	4.05e-01	5.76e-01	4.06e-07	0.00e+00	0.00e+00	0.00e+00	0.00e+00	0.00e+00	1.37e-02	3.70e-03	1.84e-03
 5.66088e+16	2.35e-02	4.42e-01	5.35e-01	3.30e-07	0.00e+00	0.00e+00	0.00e+00	0.00e+00	0.00e+00	1.67e-02	4.52e-03	2.25e-03
 5.69415e+16	2.80e-02	4.76e-01	4.96e-01	2.70e-07	0.00e+00	0.00e+00	0.00e+00	0.00e+00	0.00e+00	1.99e-02	5.38e-03	2.68e-03
 5.73035e+16	3.41e-02	5.15e-01	4.51e-01	2.11e-07	0.00e+00	0.00e+00	0.00e+00	0.00e+00	0.00e+00	2.43e-02	6.53e-03	3.25e-03
 5.76965e+16	4.24e-02	5.58e-01	3.99e-01	1.57e-07	0.00e+00	0.00e+00	0.00e+00	0.00e+00	0.00e+00	3.02e-02	8.11e-03	4.05e-03
 5.80386e+16	5.16e-02	5.97e-01	3.52e-01	0.00e+00	0.00e+00	0.00e+00	0.00e+00	0.00e+00	0.00e+00	3.68e-02	9.84e-03	4.92e-03
 5.83343e+16	6.14e-02	6.29e-01	3.09e-01	0.00e+00	0.00e+00	0.00e+00	0.00e+00	0.00e+00	0.00e+00	4.39e-02	1.17e-02	5.85e-03
 5.85882e+16	7.17e-02	6.56e-01	2.73e-01	0.00e+00	0.00e+00	0.00e+00	0.00e+00	0.00e+00	0.00e+00	5.12e-02	1.36e-02	6.82e-03
 5.87964e+16	8.12e-02	6.76e-01	2.43e-01	0.00e+00	0.00e+00	0.00e+00	0.00e+00	0.00e+00	0.00e+00	5.81e-02	1.53e-02	7.72e-03
 5.90176e+16	9.32e-02	6.95e-01	2.12e-01	0.00e+00	0.00e+00	0.00e+00	0.00e+00	0.00e+00	0.00e+00	6.68e-02	1.75e-02	8.85e-03
 5.92517e+16	1.08e-01	7.12e-01	1.80e-01	0.00e+00	0.00e+00	0.00e+00	0.00e+00	0.00e+00	0.00e+00	7.75e-02	2.02e-02	1.02e-02
 5.94456e+16	1.22e-01	7.23e-01	1.54e-01	0.00e+00	0.00e+00	0.00e+00	0.00e+00	0.00e+00	0.00e+00	8.79e-02	2.28e-02	1.16e-02
 5.96052e+16	1.35e-01	7.30e-01	1.35e-01	0.00e+00	0.00e+00	0.00e+00	0.00e+00	0.00e+00	0.00e+00	9.72e-02	2.51e-02	1.28e-02
 5.97770e+16	1.51e-01	7.34e-01	1.15e-01	0.00e+00	0.00e+00	0.00e+00	0.00e+00	0.00e+00	0.00e+00	1.09e-01	2.79e-02	1.43e-02
 5.99625e+16	1.71e-01	7.34e-01	9.55e-02	0.00e+00	0.00e+00	0.00e+00	0.00e+00	0.00e+00	0.00e+00	1.23e-01	3.13e-02	1.61e-02
 6.01215e+16	1.89e-01	7.30e-01	8.03e-02	0.00e+00	0.00e+00	0.00e+00	0.00e+00	0.00e+00	0.00e+00	1.37e-01	3.45e-02	1.78e-02
 6.02560e+16	2.06e-01	7.25e-01	6.86e-02	0.00e+00	0.00e+00	0.00e+00	0.00e+00	0.00e+00	0.00e+00	1.50e-01	3.74e-02	1.94e-02
 6.04028e+16	2.27e-01	7.16e-01	5.69e-02	0.00e+00	0.00e+00	0.00e+00	0.00e+00	0.00e+00	0.00e+00	1.65e-01	4.09e-02	2.13e-02
 6.05603e+16	2.52e-01	7.02e-01	4.59e-02	0.00e+00	0.00e+00	0.00e+00	0.00e+00	0.00e+00	0.00e+00	1.84e-01	4.49e-02	2.35e-02
 6.06947e+16	2.76e-01	6.87e-01	3.77e-02	0.00e+00	0.00e+00	0.00e+00	0.00e+00	0.00e+00	0.00e+00	2.01e-01	4.86e-02	2.56e-02
 6.08093e+16	2.96e-01	6.72e-01	3.16e-02	0.00e+00	0.00e+00	0.00e+00	0.00e+00	0.00e+00	0.00e+00	2.17e-01	5.18e-02	2.74e-02
 6.09351e+16	3.22e-01	6.52e-01	2.56e-02	0.00e+00	0.00e+00	0.00e+00	0.00e+00	0.00e+00	0.00e+00	2.37e-01	5.56e-02	2.96e-02
 6.10712e+16	3.51e-01	6.29e-01	2.02e-02	0.00e+00	0.00e+00	0.00e+00	0.00e+00	0.00e+00	0.00e+00	2.59e-01	5.98e-02	3.21e-02
 6.11919e+16	3.79e-01	6.05e-01	1.61e-02	0.00e+00	0.00e+00	0.00e+00	0.00e+00	0.00e+00	0.00e+00	2.81e-01	6.36e-02	3.45e-02
 6.12983e+16	4.04e-01	5.83e-01	1.31e-02	0.00e+00	0.00e+00	0.00e+00	0.00e+00	0.00e+00	0.00e+00	3.00e-01	6.69e-02	3.65e-02
 6.14072e+16	4.32e-01	5.58e-01	1.05e-02	0.00e+00	0.00e+00	0.00e+00	0.00e+00	0.00e+00	0.00e+00	3.22e-01	7.04e-02	3.88e-02
 6.15229e+16	4.61e-01	5.30e-01	8.17e-03	0.00e+00	0.00e+00	0.00e+00	0.00e+00	0.00e+00	0.00e+00	3.46e-01	7.39e-02	4.11e-02
 6.16302e+16	4.91e-01	5.03e-01	6.41e-03	0.00e+00	0.00e+00	0.00e+00	0.00e+00	0.00e+00	0.00e+00	3.70e-01	7.71e-02	4.33e-02
 6.17253e+16	5.17e-01	4.78e-01	5.13e-03	0.00e+00	0.00e+00	0.00e+00	0.00e+00	0.00e+00	0.00e+00	3.92e-01	7.96e-02	4.52e-02
 6.18131e+16	5.41e-01	4.55e-01	4.14e-03	0.00e+00	0.00e+00	0.00e+00	0.00e+00	0.00e+00	0.00e+00	4.12e-01	8.19e-02	4.69e-02
 6.18973e+16	5.64e-01	4.32e-01	3.35e-03	0.00e+00	0.00e+00	0.00e+00	0.00e+00	0.00e+00	0.00e+00	4.32e-01	8.38e-02	4.85e-02
 6.19763e+16	5.87e-01	4.10e-01	2.72e-03	0.00e+00	0.00e+00	0.00e+00	0.00e+00	0.00e+00	0.00e+00	4.52e-01	8.55e-02	4.99e-02
 6.20354e+16	6.03e-01	3.95e-01	2.34e-03	0.00e+00	0.00e+00	0.00e+00	0.00e+00	0.00e+00	0.00e+00	4.65e-01	8.64e-02	5.09e-02
 6.20744e+16	6.12e-01	3.85e-01	2.12e-03	0.00e+00	0.00e+00	0.00e+00	0.00e+00	0.00e+00	0.00e+00	4.74e-01	8.70e-02	5.14e-02
 6.21139e+16	6.23e-01	3.75e-01	1.90e-03	0.00e+00	0.00e+00	0.00e+00	0.00e+00	0.00e+00	0.00e+00	4.84e-01	8.75e-02	5.20e-02
 6.21613e+16	6.36e-01	3.62e-01	1.66e-03	0.00e+00	0.00e+00	0.00e+00	0.00e+00	0.00e+00	0.00e+00	4.96e-01	8.81e-02	5.27e-02
 6.22098e+16	6.49e-01	3.49e-01	1.45e-03	0.00e+00	0.00e+00	0.00e+00	0.00e+00	0.00e+00	0.00e+00	5.07e-01	8.86e-02	5.33e-02
 6.22544e+16	6.62e-01	3.37e-01	1.27e-03	0.00e+00	0.00e+00	0.00e+00	0.00e+00	0.00e+00	0.00e+00	5.19e-01	8.90e-02	5.39e-02
 6.22960e+16	6.73e-01	3.26e-01	1.13e-03	0.00e+00	0.00e+00	0.00e+00	0.00e+00	0.00e+00	0.00e+00	5.29e-01	8.92e-02	5.44e-02
 6.23378e+16	6.84e-01	3.15e-01	9.96e-04	0.00e+00	0.00e+00	0.00e+00	0.00e+00	0.00e+00	0.00e+00	5.39e-01	8.95e-02	5.49e-02
 6.23808e+16	6.95e-01	3.04e-01	8.75e-04	0.00e+00	0.00e+00	0.00e+00	0.00e+00	0.00e+00	0.00e+00	5.50e-01	8.96e-02	5.53e-02
 6.24238e+16	7.06e-01	2.93e-01	7.66e-04	0.00e+00	0.00e+00	0.00e+00	0.00e+00	0.00e+00	0.00e+00	5.61e-01	8.97e-02	5.57e-02
 6.24657e+16	7.17e-01	2.82e-01	6.72e-04	0.00e+00	0.00e+00	0.00e+00	0.00e+00	0.00e+00	0.00e+00	5.72e-01	8.96e-02	5.60e-02
 6.25061e+16	7.27e-01	2.72e-01	5.92e-04	0.00e+00	0.00e+00	0.00e+00	0.00e+00	0.00e+00	0.00e+00	5.81e-01	8.96e-02	5.63e-02
 6.25466e+16	7.38e-01	2.62e-01	5.19e-04	0.00e+00	0.00e+00	0.00e+00	0.00e+00	0.00e+00	0.00e+00	5.92e-01	8.94e-02	5.65e-02
 6.25874e+16	7.48e-01	2.52e-01	4.55e-04	0.00e+00	0.00e+00	0.00e+00	0.00e+00	0.00e+00	0.00e+00	6.02e-01	8.92e-02	5.67e-02
 6.26279e+16	7.58e-01	2.42e-01	3.98e-04	0.00e+00	0.00e+00	0.00e+00	0.00e+00	0.00e+00	0.00e+00	6.12e-01	8.89e-02	5.69e-02
 6.26677e+16	7.67e-01	2.33e-01	3.49e-04	0.00e+00	0.00e+00	0.00e+00	0.00e+00	0.00e+00	0.00e+00	6.21e-01	8.86e-02	5.70e-02
 6.27072e+16	7.76e-01	2.24e-01	3.05e-04	0.00e+00	0.00e+00	0.00e+00	0.00e+00	0.00e+00	0.00e+00	6.31e-01	8.82e-02	5.71e-02
 6.27470e+16	7.85e-01	2.15e-01	2.66e-04	0.00e+00	0.00e+00	0.00e+00	0.00e+00	0.00e+00	0.00e+00	6.40e-01	8.77e-02	5.71e-02
 6.27859e+16	7.94e-01	2.06e-01	2.33e-04	0.00e+00	0.00e+00	0.00e+00	0.00e+00	0.00e+00	0.00e+00	6.49e-01	8.72e-02	5.71e-02
 6.28241e+16	8.02e-01	1.98e-01	2.04e-04	0.00e+00	0.00e+00	0.00e+00	0.00e+00	0.00e+00	0.00e+00	6.58e-01	8.67e-02	5.71e-02
 6.28628e+16	8.10e-01	1.90e-01	1.77e-04	0.00e+00	0.00e+00	0.00e+00	0.00e+00	0.00e+00	0.00e+00	6.67e-01	8.61e-02	5.70e-02
 6.29013e+16	8.18e-01	1.82e-01	1.55e-04	0.00e+00	0.00e+00	0.00e+00	0.00e+00	0.00e+00	0.00e+00	6.75e-01	8.55e-02	5.69e-02
 6.29393e+16	8.26e-01	1.74e-01	1.35e-04	0.00e+00	0.00e+00	0.00e+00	0.00e+00	0.00e+00	0.00e+00	6.84e-01	8.48e-02	5.68e-02
 6.29768e+16	8.33e-01	1.67e-01	1.17e-04	0.00e+00	0.00e+00	0.00e+00	0.00e+00	0.00e+00	0.00e+00	6.92e-01	8.41e-02	5.66e-02
 6.30142e+16	8.40e-01	1.60e-01	1.02e-04	0.00e+00	0.00e+00	0.00e+00	0.00e+00	0.00e+00	0.00e+00	7.00e-01	8.34e-02	5.64e-02
 6.30519e+16	8.47e-01	1.53e-01	8.87e-05	0.00e+00	0.00e+00	0.00e+00	0.00e+00	0.00e+00	0.00e+00	7.08e-01	8.26e-02	5.62e-02
 6.30887e+16	8.54e-01	1.46e-01	7.72e-05	0.00e+00	0.00e+00	0.00e+00	0.00e+00	0.00e+00	0.00e+00	7.16e-01	8.19e-02	5.59e-02
 6.31250e+16	8.60e-01	1.40e-01	6.73e-05	0.00e+00	0.00e+00	0.00e+00	0.00e+00	0.00e+00	0.00e+00	7.23e-01	8.11e-02	5.57e-02
 6.31613e+16	8.66e-01	1.34e-01	5.85e-05	0.00e+00	0.00e+00	0.00e+00	0.00e+00	0.00e+00	0.00e+00	7.30e-01	8.03e-02	5.54e-02
 6.31975e+16	8.72e-01	1.28e-01	5.08e-05	0.00e+00	0.00e+00	0.00e+00	0.00e+00	0.00e+00	0.00e+00	7.37e-01	7.95e-02	5.50e-02
 6.32332e+16	8.77e-01	1.23e-01	4.42e-05	0.00e+00	0.00e+00	0.00e+00	0.00e+00	0.00e+00	0.00e+00	7.44e-01	7.87e-02	5.47e-02
 6.32680e+16	8.83e-01	1.17e-01	3.85e-05	0.00e+00	0.00e+00	0.00e+00	0.00e+00	0.00e+00	0.00e+00	7.50e-01	7.79e-02	5.44e-02
 6.33020e+16	8.88e-01	1.12e-01	3.37e-05	0.00e+00	0.00e+00	0.00e+00	0.00e+00	0.00e+00	0.00e+00	7.56e-01	7.72e-02	5.41e-02
 6.33355e+16	8.92e-01	1.08e-01	2.95e-05	0.00e+00	0.00e+00	0.00e+00	0.00e+00	0.00e+00	0.00e+00	7.62e-01	7.64e-02	5.37e-02
 6.33690e+16	8.97e-01	1.03e-01	2.57e-05	0.00e+00	0.00e+00	0.00e+00	0.00e+00	0.00e+00	0.00e+00	7.68e-01	7.56e-02	5.33e-02
 6.34023e+16	9.01e-01	9.87e-02	2.25e-05	0.00e+00	0.00e+00	0.00e+00	0.00e+00	0.00e+00	0.00e+00	7.73e-01	7.49e-02	5.30e-02
 6.34346e+16	9.05e-01	9.46e-02	1.97e-05	0.00e+00	0.00e+00	0.00e+00	0.00e+00	0.00e+00	0.00e+00	7.79e-01	7.41e-02	5.26e-02
 6.34661e+16	9.09e-01	9.07e-02	1.73e-05	0.00e+00	0.00e+00	0.00e+00	0.00e+00	0.00e+00	0.00e+00	7.84e-01	7.34e-02	5.23e-02
 6.34975e+16	9.13e-01	8.69e-02	1.52e-05	0.00e+00	0.00e+00	0.00e+00	0.00e+00	0.00e+00	0.00e+00	7.88e-01	7.27e-02	5.19e-02
 6.35290e+16	9.17e-01	8.34e-02	1.34e-05	0.00e+00	0.00e+00	0.00e+00	0.00e+00	0.00e+00	0.00e+00	7.93e-01	7.20e-02	5.15e-02
 6.35599e+16	9.20e-01	7.99e-02	1.17e-05	0.00e+00	0.00e+00	0.00e+00	0.00e+00	0.00e+00	0.00e+00	7.98e-01	7.13e-02	5.12e-02
 6.35899e+16	9.23e-01	7.66e-02	1.04e-05	0.00e+00	0.00e+00	0.00e+00	0.00e+00	0.00e+00	0.00e+00	8.02e-01	7.06e-02	5.08e-02
 6.36197e+16	9.26e-01	7.36e-02	9.13e-06	0.00e+00	0.00e+00	0.00e+00	0.00e+00	0.00e+00	0.00e+00	8.06e-01	7.00e-02	5.05e-02
 6.36498e+16	9.29e-01	7.06e-02	8.04e-06	0.00e+00	0.00e+00	0.00e+00	0.00e+00	0.00e+00	0.00e+00	8.10e-01	6.93e-02	5.01e-02
 6.36793e+16	9.32e-01	6.76e-02	7.09e-06	0.00e+00	0.00e+00	0.00e+00	0.00e+00	0.00e+00	0.00e+00	8.14e-01	6.87e-02	4.98e-02
 6.37082e+16	9.35e-01	6.49e-02	6.26e-06	0.00e+00	0.00e+00	0.00e+00	0.00e+00	0.00e+00	0.00e+00	8.18e-01	6.81e-02	4.94e-02
 6.37370e+16	9.38e-01	6.23e-02	5.54e-06	0.00e+00	0.00e+00	0.00e+00	0.00e+00	0.00e+00	0.00e+00	8.21e-01	6.74e-02	4.91e-02
 6.37653e+16	9.40e-01	5.98e-02	4.90e-06	0.00e+00	0.00e+00	0.00e+00	0.00e+00	0.00e+00	0.00e+00	8.25e-01	6.69e-02	4.88e-02
 6.37934e+16	9.43e-01	5.74e-02	4.34e-06	0.00e+00	0.00e+00	0.00e+00	0.00e+00	0.00e+00	0.00e+00	8.28e-01	6.63e-02	4.84e-02
 6.38213e+16	9.45e-01	5.51e-02	3.84e-06	0.00e+00	0.00e+00	0.00e+00	0.00e+00	0.00e+00	0.00e+00	8.31e-01	6.57e-02	4.80e-02
 6.38490e+16	9.47e-01	5.29e-02	3.41e-06	0.00e+00	0.00e+00	0.00e+00	0.00e+00	0.00e+00	0.00e+00	8.34e-01	6.52e-02	4.77e-02
 6.38767e+16	9.49e-01	5.08e-02	3.02e-06	0.00e+00	0.00e+00	0.00e+00	0.00e+00	0.00e+00	0.00e+00	8.37e-01	6.46e-02	4.73e-02
 6.39034e+16	9.51e-01	4.88e-02	2.69e-06	0.00e+00	0.00e+00	0.00e+00	0.00e+00	0.00e+00	0.00e+00	8.40e-01	6.41e-02	4.69e-02
 6.39296e+16	9.53e-01	4.70e-02	2.40e-06	0.00e+00	0.00e+00	0.00e+00	0.00e+00	0.00e+00	0.00e+00	8.43e-01	6.37e-02	4.66e-02
 6.39565e+16	9.55e-01	4.51e-02	2.13e-06	0.00e+00	0.00e+00	0.00e+00	0.00e+00	0.00e+00	0.00e+00	8.45e-01	6.31e-02	4.63e-02
 6.39834e+16	9.57e-01	4.33e-02	1.89e-06	0.00e+00	0.00e+00	0.00e+00	0.00e+00	0.00e+00	0.00e+00	8.48e-01	6.26e-02	4.59e-02
 6.40094e+16	9.58e-01	4.16e-02	1.68e-06	0.00e+00	0.00e+00	0.00e+00	0.00e+00	0.00e+00	0.00e+00	8.51e-01	6.22e-02	4.56e-02
 6.40349e+16	9.60e-01	3.99e-02	1.50e-06	0.00e+00	0.00e+00	0.00e+00	0.00e+00	0.00e+00	0.00e+00	8.53e-01	6.17e-02	4.53e-02
 6.40610e+16	9.62e-01	3.83e-02	1.34e-06	0.00e+00	0.00e+00	0.00e+00	0.00e+00	0.00e+00	0.00e+00	8.55e-01	6.13e-02	4.50e-02
 6.40871e+16	9.63e-01	3.67e-02	1.19e-06	0.00e+00	0.00e+00	0.00e+00	0.00e+00	0.00e+00	0.00e+00	8.58e-01	6.08e-02	4.47e-02
 6.41123e+16	9.65e-01	3.53e-02	1.06e-06	0.00e+00	0.00e+00	0.00e+00	0.00e+00	0.00e+00	0.00e+00	8.60e-01	6.04e-02	4.44e-02
 6.41369e+16	9.66e-01	3.40e-02	9.52e-07	0.00e+00	0.00e+00	0.00e+00	0.00e+00	0.00e+00	0.00e+00	8.62e-01	6.00e-02	4.41e-02
 6.41615e+16	9.67e-01	3.27e-02	8.52e-07	0.00e+00	0.00e+00	0.00e+00	0.00e+00	0.00e+00	0.00e+00	8.64e-01	5.96e-02	4.38e-02
 6.41859e+16	9.69e-01	3.14e-02	7.64e-07	0.00e+00	0.00e+00	0.00e+00	0.00e+00	0.00e+00	0.00e+00	8.66e-01	5.93e-02	4.36e-02
 6.42100e+16	9.70e-01	3.02e-02	6.85e-07	0.00e+00	0.00e+00	0.00e+00	0.00e+00	0.00e+00	0.00e+00	8.68e-01	5.89e-02	4.33e-02
 6.42343e+16	9.71e-01	2.90e-02	6.13e-07	0.00e+00	0.00e+00	0.00e+00	0.00e+00	0.00e+00	0.00e+00	8.69e-01	5.85e-02	4.30e-02
 6.42585e+16	9.72e-01	2.78e-02	5.49e-07	0.00e+00	0.00e+00	0.00e+00	0.00e+00	0.00e+00	0.00e+00	8.71e-01	5.82e-02	4.28e-02
 6.42820e+16	9.73e-01	2.67e-02	4.94e-07	0.00e+00	0.00e+00	0.00e+00	0.00e+00	0.00e+00	0.00e+00	8.73e-01	5.78e-02	4.25e-02
 6.43050e+16	9.74e-01	2.56e-02	4.45e-07	0.00e+00	0.00e+00	0.00e+00	0.00e+00	0.00e+00	0.00e+00	8.75e-01	5.75e-02	4.23e-02
 6.43279e+16	9.75e-01	2.46e-02	4.00e-07	0.00e+00	0.00e+00	0.00e+00	0.00e+00	0.00e+00	0.00e+00	8.76e-01	5.72e-02	4.20e-02
 6.43508e+16	9.76e-01	2.36e-02	3.61e-07	0.00e+00	0.00e+00	0.00e+00	0.00e+00	0.00e+00	0.00e+00	8.78e-01	5.68e-02	4.18e-02
 6.43735e+16	9.77e-01	2.26e-02	3.25e-07	0.00e+00	0.00e+00	0.00e+00	0.00e+00	0.00e+00	0.00e+00	8.79e-01	5.65e-02	4.16e-02
 6.43953e+16	9.78e-01	2.17e-02	2.94e-07	0.00e+00	0.00e+00	0.00e+00	0.00e+00	0.00e+00	0.00e+00	8.81e-01	5.62e-02	4.13e-02
 6.44155e+16	9.79e-01	2.09e-02	2.69e-07	0.00e+00	0.00e+00	0.00e+00	0.00e+00	0.00e+00	0.00e+00	8.82e-01	5.60e-02	4.11e-02
 6.44342e+16	9.80e-01	2.02e-02	2.47e-07	0.00e+00	0.00e+00	0.00e+00	0.00e+00	0.00e+00	0.00e+00	8.83e-01	5.57e-02	4.09e-02
 6.44515e+16	9.80e-01	1.96e-02	2.29e-07	0.00e+00	0.00e+00	0.00e+00	0.00e+00	0.00e+00	0.00e+00	8.84e-01	5.55e-02	4.08e-02
 6.44673e+16	9.81e-01	1.90e-02	2.13e-07	0.00e+00	0.00e+00	0.00e+00	0.00e+00	0.00e+00	0.00e+00	8.85e-01	5.53e-02	4.06e-02
 6.44821e+16	9.82e-01	1.85e-02	1.99e-07	0.00e+00	0.00e+00	0.00e+00	0.00e+00	0.00e+00	0.00e+00	8.86e-01	5.51e-02	4.05e-02
 6.44962e+16	9.82e-01	1.80e-02	1.87e-07	0.00e+00	0.00e+00	0.00e+00	0.00e+00	0.00e+00	0.00e+00	8.87e-01	5.49e-02	4.03e-02
 6.45091e+16	9.82e-01	1.75e-02	1.77e-07	0.00e+00	0.00e+00	0.00e+00	0.00e+00	0.00e+00	0.00e+00	8.88e-01	5.47e-02	4.02e-02
 6.45212e+16	9.83e-01	1.71e-02	1.67e-07	0.00e+00	0.00e+00	0.00e+00	0.00e+00	0.00e+00	0.00e+00	8.88e-01	5.45e-02	4.00e-02
 6.45326e+16	9.83e-01	1.67e-02	1.59e-07	0.00e+00	0.00e+00	0.00e+00	0.00e+00	0.00e+00	0.00e+00	8.89e-01	5.44e-02	3.99e-02
 6.45437e+16	9.84e-01	1.63e-02	1.51e-07	0.00e+00	0.00e+00	0.00e+00	0.00e+00	0.00e+00	0.00e+00	8.90e-01	5.42e-02	3.98e-02
 6.45543e+16	9.84e-01	1.59e-02	1.44e-07	0.00e+00	0.00e+00	0.00e+00	0.00e+00	0.00e+00	0.00e+00	8.90e-01	5.40e-02	3.96e-02
 6.45643e+16	9.84e-01	1.56e-02	1.38e-07	0.00e+00	0.00e+00	0.00e+00	0.00e+00	0.00e+00	0.00e+00	8.91e-01	5.39e-02	3.95e-02
 6.45738e+16	9.85e-01	1.52e-02	1.32e-07	0.00e+00	0.00e+00	0.00e+00	0.00e+00	0.00e+00	0.00e+00	8.92e-01	5.37e-02	3.94e-02
 6.45829e+16	9.85e-01	1.49e-02	1.26e-07	0.00e+00	0.00e+00	0.00e+00	0.00e+00	0.00e+00	0.00e+00	8.92e-01	5.36e-02	3.93e-02
 6.45918e+16	9.85e-01	1.46e-02	1.21e-07	0.00e+00	0.00e+00	0.00e+00	0.00e+00	0.00e+00	0.00e+00	8.93e-01	5.34e-02	3.92e-02
 6.46004e+16	9.86e-01	1.43e-02	1.17e-07	0.00e+00	0.00e+00	0.00e+00	0.00e+00	0.00e+00	0.00e+00	8.93e-01	5.33e-02	3.90e-02
 6.46087e+16	9.86e-01	1.40e-02	1.12e-07	0.00e+00	0.00e+00	0.00e+00	0.00e+00	0.00e+00	0.00e+00	8.94e-01	5.31e-02	3.89e-02
 6.46169e+16	9.86e-01	1.37e-02	1.08e-07	0.00e+00	0.00e+00	0.00e+00	0.00e+00	0.00e+00	0.00e+00	8.95e-01	5.30e-02	3.88e-02
 6.46251e+16	9.87e-01	1.34e-02	1.04e-07	0.00e+00	0.00e+00	0.00e+00	0.00e+00	0.00e+00	0.00e+00	8.95e-01	5.28e-02	3.87e-02
 6.46333e+16	9.87e-01	1.31e-02	1.00e-07	0.00e+00	0.00e+00	0.00e+00	0.00e+00	0.00e+00	0.00e+00	8.96e-01	5.27e-02	3.85e-02
 6.46416e+16	9.87e-01	1.28e-02	9.61e-08	0.00e+00	0.00e+00	0.00e+00	0.00e+00	0.00e+00	0.00e+00	8.96e-01	5.25e-02	3.84e-02
 6.46502e+16	9.88e-01	1.25e-02	9.22e-08	0.00e+00	0.00e+00	0.00e+00	0.00e+00	0.00e+00	0.00e+00	8.97e-01	5.23e-02	3.82e-02
 6.46593e+16	9.88e-01	1.21e-02	8.81e-08	0.00e+00	0.00e+00	0.00e+00	0.00e+00	0.00e+00	0.00e+00	8.98e-01	5.21e-02	3.81e-02
 6.46683e+16	9.88e-01	1.17e-02	8.42e-08	0.00e+00	0.00e+00	0.00e+00	0.00e+00	0.00e+00	0.00e+00	8.98e-01	5.19e-02	3.79e-02
 6.46766e+16	9.89e-01	1.14e-02	8.08e-08	0.00e+00	0.00e+00	0.00e+00	0.00e+00	0.00e+00	0.00e+00	8.99e-01	5.17e-02	3.77e-02
 6.46839e+16	9.89e-01	1.11e-02	7.79e-08	0.00e+00	0.00e+00	0.00e+00	0.00e+00	0.00e+00	0.00e+00	9.00e-01	5.15e-02	3.75e-02
 6.46907e+16	9.89e-01	1.09e-02	7.53e-08	0.00e+00	0.00e+00	0.00e+00	0.00e+00	0.00e+00	0.00e+00	9.00e-01	5.13e-02	3.74e-02
 6.46973e+16	9.89e-01	1.06e-02	7.27e-08	0.00e+00	0.00e+00	0.00e+00	0.00e+00	0.00e+00	0.00e+00	9.01e-01	5.11e-02	3.72e-02
 6.47039e+16	9.90e-01	1.04e-02	7.03e-08	0.00e+00	0.00e+00	0.00e+00	0.00e+00	0.00e+00	0.00e+00	9.02e-01	5.09e-02	3.71e-02
 6.47100e+16	9.90e-01	1.01e-02	6.80e-08	0.00e+00	0.00e+00	0.00e+00	0.00e+00	0.00e+00	0.00e+00	9.02e-01	5.07e-02	3.69e-02
 6.47156e+16	9.90e-01	9.88e-03	6.60e-08	0.00e+00	0.00e+00	0.00e+00	0.00e+00	0.00e+00	0.00e+00	9.03e-01	5.06e-02	3.67e-02
 6.47208e+16	9.90e-01	9.68e-03	6.41e-08	0.00e+00	0.00e+00	0.00e+00	0.00e+00	0.00e+00	0.00e+00	9.03e-01	5.04e-02	3.66e-02
 6.47254e+16	9.91e-01	9.49e-03	6.25e-08	0.00e+00	0.00e+00	0.00e+00	0.00e+00	0.00e+00	0.00e+00	9.04e-01	5.03e-02	3.65e-02
 6.47296e+16	9.91e-01	9.34e-03	6.10e-08	0.00e+00	0.00e+00	0.00e+00	0.00e+00	0.00e+00	0.00e+00	9.04e-01	5.01e-02	3.63e-02
 6.47335e+16	9.91e-01	9.21e-03	5.98e-08	0.00e+00	0.00e+00	0.00e+00	0.00e+00	0.00e+00	0.00e+00	9.05e-01	5.00e-02	3.62e-02
 6.47377e+16	9.91e-01	9.03e-03	5.82e-08	0.00e+00	0.00e+00	0.00e+00	0.00e+00	0.00e+00	0.00e+00	9.05e-01	4.98e-02	3.61e-02
 6.47422e+16	9.91e-01	8.87e-03	5.67e-08	0.00e+00	0.00e+00	0.00e+00	0.00e+00	0.00e+00	0.00e+00	9.06e-01	4.96e-02	3.59e-02
 6.47464e+16	9.91e-01	8.72e-03	5.53e-08	0.00e+00	0.00e+00	0.00e+00	0.00e+00	0.00e+00	0.00e+00	9.06e-01	4.95e-02	3.58e-02
 6.47502e+16	9.91e-01	8.57e-03	5.41e-08	0.00e+00	0.00e+00	0.00e+00	0.00e+00	0.00e+00	0.00e+00	9.06e-01	4.93e-02	3.57e-02
 6.47536e+16	9.92e-01	8.47e-03	5.30e-08	0.00e+00	0.00e+00	0.00e+00	0.00e+00	0.00e+00	0.00e+00	9.07e-01	4.92e-02	3.56e-02
 6.47573e+16	9.92e-01	8.32e-03	5.18e-08	0.00e+00	0.00e+00	0.00e+00	0.00e+00	0.00e+00	0.00e+00	9.07e-01	4.90e-02	3.55e-02
 6.47614e+16	9.92e-01	8.17e-03	5.04e-08	0.00e+00	0.00e+00	0.00e+00	0.00e+00	0.00e+00	0.00e+00	9.08e-01	4.88e-02	3.53e-02
 6.47651e+16	9.92e-01	8.05e-03	4.93e-08	0.00e+00	0.00e+00	0.00e+00	0.00e+00	0.00e+00	0.00e+00	9.08e-01	4.87e-02	3.52e-02
 6.47685e+16	9.92e-01	7.94e-03	4.83e-08	0.00e+00	0.00e+00	0.00e+00	0.00e+00	0.00e+00	0.00e+00	9.08e-01	4.85e-02	3.51e-02
 6.47721e+16	9.92e-01	7.81e-03	4.71e-08	0.00e+00	0.00e+00	0.00e+00	0.00e+00	0.00e+00	0.00e+00	9.09e-01	4.84e-02	3.50e-02
 6.47761e+16	9.92e-01	7.66e-03	4.58e-08	0.00e+00	0.00e+00	0.00e+00	0.00e+00	0.00e+00	0.00e+00	9.09e-01	4.82e-02	3.48e-02
 6.47797e+16	9.92e-01	7.57e-03	4.49e-08	0.00e+00	0.00e+00	0.00e+00	0.00e+00	0.00e+00	0.00e+00	9.10e-01	4.81e-02	3.47e-02
 6.47837e+16	9.93e-01	7.45e-03	4.37e-08	0.00e+00	0.00e+00	0.00e+00	0.00e+00	0.00e+00	0.00e+00	9.10e-01	4.79e-02	3.46e-02
 6.47889e+16	9.93e-01	7.30e-03	4.22e-08	0.00e+00	0.00e+00	0.00e+00	0.00e+00	0.00e+00	0.00e+00	9.11e-01	4.77e-02	3.44e-02
