#depth	He	He+	He+2
 4.96145e+11	6.07e-04	9.30e-01	6.99e-02
 2.97687e+12	6.06e-04	9.30e-01	6.98e-02
 1.28998e+13	6.07e-04	9.30e-01	6.95e-02
 5.25913e+13	6.09e-04	9.32e-01	6.77e-02
 1.25624e+14	6.11e-04	9.32e-01	6.71e-02
 2.20566e+14	6.15e-04	9.35e-01	6.42e-02
 3.43991e+14	6.21e-04	9.40e-01	5.91e-02
 5.04443e+14	6.29e-04	9.48e-01	5.16e-02
 7.13031e+14	6.39e-04	9.57e-01	4.20e-02
 9.84196e+14	6.52e-04	9.68e-01	3.12e-02
 1.33671e+15	6.67e-04	9.79e-01	2.05e-02
 1.79498e+15	6.82e-04	9.88e-01	1.16e-02
 2.39073e+15	7.00e-04	9.94e-01	5.52e-03
 3.16520e+15	7.20e-04	9.97e-01	2.14e-03
 4.17201e+15	7.45e-04	9.99e-01	6.66e-04
 5.48087e+15	7.77e-04	9.99e-01	1.67e-04
 7.18239e+15	8.21e-04	9.99e-01	3.48e-05
 9.39436e+15	8.82e-04	9.99e-01	6.23e-06
 1.22699e+16	9.70e-04	9.99e-01	9.83e-07
 1.58993e+16	1.10e-03	9.99e-01	1.42e-07
 1.87985e+16	1.20e-03	9.99e-01	3.68e-08
 2.06784e+16	1.29e-03	9.99e-01	1.68e-08
 2.27462e+16	1.40e-03	9.99e-01	7.53e-09
 2.50208e+16	1.53e-03	9.98e-01	3.31e-09
 2.67570e+16	1.63e-03	9.98e-01	1.91e-09
 2.76267e+16	1.70e-03	9.98e-01	1.47e-09
 2.83743e+16	1.76e-03	9.98e-01	1.16e-09
 2.93461e+16	1.84e-03	9.98e-01	8.60e-10
 3.04140e+16	1.94e-03	9.98e-01	6.37e-10
 3.13583e+16	2.03e-03	9.98e-01	4.98e-10
 3.21691e+16	2.12e-03	9.98e-01	4.06e-10
 3.30552e+16	2.22e-03	9.98e-01	3.27e-10
 3.39932e+16	2.35e-03	9.98e-01	2.66e-10
 3.47779e+16	2.46e-03	9.98e-01	2.27e-10
 3.54493e+16	2.56e-03	9.97e-01	1.99e-10
 3.61943e+16	2.69e-03	9.97e-01	1.74e-10
 3.69939e+16	2.85e-03	9.97e-01	1.52e-10
 3.76788e+16	3.00e-03	9.97e-01	1.37e-10
 3.82697e+16	3.13e-03	9.97e-01	1.27e-10
 3.89243e+16	3.31e-03	9.97e-01	1.16e-10
 3.96240e+16	3.51e-03	9.96e-01	1.07e-10
 4.02264e+16	3.71e-03	9.96e-01	1.00e-10
 4.07539e+16	3.90e-03	9.96e-01	9.53e-11
 4.13401e+16	4.15e-03	9.96e-01	9.04e-11
 4.19679e+16	4.44e-03	9.96e-01	8.61e-11
 4.25082e+16	4.73e-03	9.95e-01	8.29e-11
 4.29726e+16	5.01e-03	9.95e-01	8.05e-11
 4.34798e+16	5.37e-03	9.95e-01	7.82e-11
 4.40143e+16	5.78e-03	9.94e-01	7.66e-11
 4.44589e+16	6.19e-03	9.94e-01	7.53e-11
 4.48334e+16	6.58e-03	9.93e-01	7.46e-11
 4.52423e+16	7.08e-03	9.93e-01	7.38e-11
 4.56783e+16	7.69e-03	9.92e-01	7.35e-11
 4.60470e+16	8.28e-03	9.92e-01	7.34e-11
 4.63602e+16	8.87e-03	9.91e-01	7.39e-11
 4.67036e+16	9.63e-03	9.90e-01	7.54e-11
 4.70717e+16	1.06e-02	9.89e-01	7.64e-11
 4.73836e+16	1.15e-02	9.88e-01	7.82e-11
 4.76471e+16	1.25e-02	9.88e-01	7.97e-11
 4.79360e+16	1.37e-02	9.86e-01	8.21e-11
 4.82469e+16	1.53e-02	9.85e-01	8.72e-11
 4.85150e+16	1.70e-02	9.83e-01	9.12e-11
 4.87457e+16	1.88e-02	9.81e-01	9.69e-11
 4.89986e+16	2.11e-02	9.79e-01	1.06e-10
 4.92339e+16	2.37e-02	9.76e-01	1.16e-10
 4.93864e+16	2.57e-02	9.74e-01	1.26e-10
 4.95052e+16	2.75e-02	9.73e-01	1.33e-10
 4.96399e+16	2.99e-02	9.70e-01	1.44e-10
 4.97894e+16	3.29e-02	9.67e-01	1.57e-10
 4.99232e+16	3.60e-02	9.64e-01	1.73e-10
 5.00371e+16	3.91e-02	9.61e-01	1.87e-10
 5.01428e+16	4.22e-02	9.58e-01	2.09e-10
 5.02630e+16	4.64e-02	9.54e-01	2.34e-10
 5.03880e+16	5.14e-02	9.49e-01	2.63e-10
 5.04898e+16	5.61e-02	9.44e-01	2.92e-10
 5.05765e+16	6.06e-02	9.39e-01	3.25e-10
 5.06730e+16	6.65e-02	9.34e-01	3.64e-10
 5.07775e+16	7.34e-02	9.27e-01	4.15e-10
 5.08692e+16	8.05e-02	9.19e-01	4.67e-10
 5.09497e+16	8.73e-02	9.13e-01	5.26e-10
 5.10390e+16	9.62e-02	9.04e-01	5.98e-10
 5.11357e+16	1.07e-01	8.93e-01	6.92e-10
 5.12209e+16	1.18e-01	8.82e-01	7.80e-10
 5.12960e+16	1.28e-01	8.72e-01	8.84e-10
 5.13668e+16	1.39e-01	8.61e-01	9.87e-10
 5.14357e+16	1.51e-01	8.49e-01	1.10e-09
 5.15041e+16	1.63e-01	8.37e-01	1.23e-09
 5.15667e+16	1.76e-01	8.24e-01	1.35e-09
 5.16118e+16	1.85e-01	8.15e-01	1.45e-09
 5.16417e+16	1.92e-01	8.08e-01	1.52e-09
 5.16729e+16	2.00e-01	8.00e-01	1.59e-09
 5.17101e+16	2.09e-01	7.91e-01	1.68e-09
 5.17477e+16	2.18e-01	7.82e-01	1.79e-09
 5.17823e+16	2.28e-01	7.72e-01	1.89e-09
 5.18153e+16	2.37e-01	7.63e-01	1.99e-09
 5.18487e+16	2.47e-01	7.53e-01	2.10e-09
 5.18828e+16	2.57e-01	7.43e-01	2.20e-09
 5.19160e+16	2.68e-01	7.32e-01	2.32e-09
 5.19483e+16	2.78e-01	7.22e-01	2.44e-09
 5.19809e+16	2.89e-01	7.11e-01	2.56e-09
 5.20135e+16	3.00e-01	7.00e-01	2.69e-09
 5.20456e+16	3.12e-01	6.88e-01	2.81e-09
 5.20774e+16	3.24e-01	6.76e-01	2.95e-09
 5.21093e+16	3.36e-01	6.64e-01	3.09e-09
 5.21414e+16	3.49e-01	6.51e-01	3.23e-09
 5.21724e+16	3.61e-01	6.39e-01	3.37e-09
 5.22032e+16	3.75e-01	6.25e-01	3.51e-09
 5.22342e+16	3.88e-01	6.12e-01	3.66e-09
 5.22653e+16	4.01e-01	5.99e-01	3.80e-09
 5.22958e+16	4.15e-01	5.85e-01	3.97e-09
 5.23262e+16	4.29e-01	5.71e-01	4.12e-09
 5.23568e+16	4.43e-01	5.57e-01	4.27e-09
 5.23868e+16	4.57e-01	5.43e-01	4.42e-09
 5.24163e+16	4.71e-01	5.29e-01	4.58e-09
 5.24463e+16	4.86e-01	5.14e-01	4.72e-09
 5.24761e+16	5.00e-01	5.00e-01	4.89e-09
 5.25049e+16	5.15e-01	4.85e-01	5.04e-09
 5.25335e+16	5.29e-01	4.71e-01	5.18e-09
 5.25626e+16	5.44e-01	4.56e-01	5.33e-09
 5.25914e+16	5.58e-01	4.42e-01	5.48e-09
 5.26192e+16	5.72e-01	4.28e-01	5.62e-09
 5.26462e+16	5.86e-01	4.14e-01	5.75e-09
 5.26731e+16	5.99e-01	4.01e-01	5.88e-09
 5.26999e+16	6.13e-01	3.87e-01	6.00e-09
 5.27265e+16	6.26e-01	3.74e-01	6.12e-09
 5.27526e+16	6.39e-01	3.61e-01	6.25e-09
 5.27780e+16	6.52e-01	3.48e-01	6.35e-09
 5.28032e+16	6.64e-01	3.36e-01	6.44e-09
 5.28284e+16	6.76e-01	3.24e-01	6.55e-09
 5.28534e+16	6.88e-01	3.12e-01	6.65e-09
 5.28779e+16	7.00e-01	3.00e-01	6.74e-09
 5.29018e+16	7.11e-01	2.89e-01	6.81e-09
 5.29258e+16	7.22e-01	2.78e-01	6.90e-09
 5.29499e+16	7.33e-01	2.67e-01	6.97e-09
 5.29736e+16	7.43e-01	2.57e-01	7.03e-09
 5.29967e+16	7.53e-01	2.47e-01	7.10e-09
 5.30194e+16	7.63e-01	2.37e-01	7.15e-09
 5.30420e+16	7.72e-01	2.28e-01	7.20e-09
 5.30648e+16	7.81e-01	2.19e-01	7.24e-09
 5.30877e+16	7.90e-01	2.10e-01	7.29e-09
 5.31098e+16	7.99e-01	2.01e-01	7.33e-09
 5.31313e+16	8.07e-01	1.93e-01	7.36e-09
 5.31531e+16	8.15e-01	1.85e-01	7.38e-09
 5.31751e+16	8.22e-01	1.78e-01	7.40e-09
 5.31967e+16	8.30e-01	1.70e-01	7.42e-09
 5.32178e+16	8.37e-01	1.63e-01	7.42e-09
 5.32390e+16	8.44e-01	1.56e-01	7.44e-09
 5.32602e+16	8.50e-01	1.50e-01	7.44e-09
 5.32806e+16	8.57e-01	1.43e-01	7.42e-09
 5.33014e+16	8.63e-01	1.37e-01	7.41e-09
 5.33225e+16	8.69e-01	1.31e-01	7.41e-09
 5.33430e+16	8.74e-01	1.26e-01	7.42e-09
 5.33626e+16	8.79e-01	1.21e-01	7.42e-09
 5.33817e+16	8.84e-01	1.16e-01	7.39e-09
 5.34013e+16	8.89e-01	1.11e-01	7.37e-09
 5.34214e+16	8.94e-01	1.06e-01	7.35e-09
 5.34412e+16	8.98e-01	1.02e-01	7.32e-09
 5.34601e+16	9.02e-01	9.75e-02	7.31e-09
 5.34786e+16	9.07e-01	9.35e-02	7.26e-09
 5.34973e+16	9.10e-01	8.96e-02	7.23e-09
 5.35160e+16	9.14e-01	8.58e-02	7.19e-09
 5.35343e+16	9.18e-01	8.23e-02	7.15e-09
 5.35519e+16	9.21e-01	7.91e-02	7.12e-09
 5.35687e+16	9.24e-01	7.60e-02	7.07e-09
 5.35842e+16	9.27e-01	7.34e-02	7.04e-09
 5.35984e+16	9.29e-01	7.09e-02	6.97e-09
 5.36114e+16	9.31e-01	6.88e-02	6.93e-09
 5.36238e+16	9.33e-01	6.67e-02	6.88e-09
 5.36355e+16	9.35e-01	6.49e-02	6.82e-09
 5.36465e+16	9.37e-01	6.32e-02	6.77e-09
 5.36567e+16	9.38e-01	6.16e-02	6.72e-09
 5.36665e+16	9.40e-01	6.01e-02	6.67e-09
 5.36760e+16	9.41e-01	5.87e-02	6.62e-09
 5.36850e+16	9.43e-01	5.74e-02	6.57e-09
 5.36937e+16	9.44e-01	5.62e-02	6.52e-09
 5.37020e+16	9.45e-01	5.50e-02	6.47e-09
 5.37101e+16	9.46e-01	5.39e-02	6.41e-09
 5.37179e+16	9.47e-01	5.28e-02	6.37e-09
 5.37258e+16	9.48e-01	5.18e-02	6.31e-09
 5.37341e+16	9.49e-01	5.06e-02	6.24e-09
 5.37423e+16	9.50e-01	4.96e-02	6.19e-09
 5.37506e+16	9.51e-01	4.85e-02	6.13e-09
 5.37588e+16	9.53e-01	4.75e-02	6.06e-09
 5.37668e+16	9.54e-01	4.65e-02	5.99e-09
 5.37740e+16	9.54e-01	4.56e-02	5.92e-09
 5.37804e+16	9.55e-01	4.48e-02	5.86e-09
 5.37866e+16	9.56e-01	4.40e-02	5.79e-09
 5.37925e+16	9.57e-01	4.33e-02	5.73e-09
 5.37982e+16	9.57e-01	4.26e-02	5.66e-09
 5.38037e+16	9.58e-01	4.19e-02	5.59e-09
 5.38087e+16	9.59e-01	4.13e-02	5.53e-09
 5.38132e+16	9.59e-01	4.07e-02	5.47e-09
 5.38174e+16	9.60e-01	4.02e-02	5.41e-09
 5.38211e+16	9.60e-01	3.97e-02	5.35e-09
 5.38246e+16	9.61e-01	3.93e-02	5.30e-09
 5.38277e+16	9.61e-01	3.89e-02	5.27e-09
 5.38311e+16	9.62e-01	3.85e-02	5.21e-09
 5.38348e+16	9.62e-01	3.80e-02	5.16e-09
 5.38382e+16	9.62e-01	3.76e-02	5.11e-09
 5.38413e+16	9.63e-01	3.72e-02	5.07e-09
 5.38440e+16	9.63e-01	3.69e-02	5.03e-09
 5.38471e+16	9.64e-01	3.65e-02	4.98e-09
 5.38504e+16	9.64e-01	3.61e-02	4.94e-09
 5.38534e+16	9.64e-01	3.57e-02	4.89e-09
 5.38561e+16	9.65e-01	3.54e-02	4.87e-09
