#depth	H	H+	H2
 4.96145e+11	7.86e-04	9.99e-01	1.34e-14
 2.97687e+12	7.86e-04	9.99e-01	1.34e-14
 1.28998e+13	7.86e-04	9.99e-01	1.34e-14
 5.25913e+13	7.86e-04	9.99e-01	1.35e-14
 1.25624e+14	7.82e-04	9.99e-01	1.35e-14
 2.20566e+14	7.79e-04	9.99e-01	1.35e-14
 3.43991e+14	7.77e-04	9.99e-01	1.36e-14
 5.04443e+14	7.74e-04	9.99e-01	1.37e-14
 7.13031e+14	7.71e-04	9.99e-01	1.38e-14
 9.84196e+14	7.69e-04	9.99e-01	1.40e-14
 1.33671e+15	7.68e-04	9.99e-01	1.43e-14
 1.79498e+15	7.69e-04	9.99e-01	1.47e-14
 2.39073e+15	7.73e-04	9.99e-01	1.52e-14
 3.16520e+15	7.81e-04	9.99e-01	1.60e-14
 4.17201e+15	7.95e-04	9.99e-01	1.71e-14
 5.48087e+15	8.19e-04	9.99e-01	1.88e-14
 7.18239e+15	8.59e-04	9.99e-01	2.12e-14
 9.39436e+15	9.22e-04	9.99e-01	2.51e-14
 1.22699e+16	1.03e-03	9.99e-01	3.16e-14
 1.58993e+16	1.20e-03	9.99e-01	4.29e-14
 1.87985e+16	1.36e-03	9.99e-01	5.42e-14
 2.06784e+16	1.52e-03	9.98e-01	6.48e-14
 2.27462e+16	1.72e-03	9.98e-01	7.94e-14
 2.50208e+16	1.99e-03	9.98e-01	1.00e-13
 2.67570e+16	2.24e-03	9.98e-01	1.20e-13
 2.76267e+16	2.39e-03	9.98e-01	1.32e-13
 2.83743e+16	2.53e-03	9.97e-01	1.44e-13
 2.93461e+16	2.73e-03	9.97e-01	1.62e-13
 3.04140e+16	2.98e-03	9.97e-01	1.84e-13
 3.13583e+16	3.23e-03	9.97e-01	2.07e-13
 3.21691e+16	3.48e-03	9.97e-01	2.30e-13
 3.30552e+16	3.78e-03	9.96e-01	2.59e-13
 3.39932e+16	4.14e-03	9.96e-01	2.94e-13
 3.47779e+16	4.48e-03	9.96e-01	3.30e-13
 3.54493e+16	4.80e-03	9.95e-01	3.63e-13
 3.61943e+16	5.21e-03	9.95e-01	4.07e-13
 3.69939e+16	5.70e-03	9.94e-01	4.60e-13
 3.76788e+16	6.19e-03	9.94e-01	5.14e-13
 3.82697e+16	6.65e-03	9.93e-01	5.67e-13
 3.89243e+16	7.24e-03	9.93e-01	6.36e-13
 3.96240e+16	7.94e-03	9.92e-01	7.17e-13
 4.02264e+16	8.64e-03	9.91e-01	8.03e-13
 4.07539e+16	9.33e-03	9.91e-01	8.89e-13
 4.13401e+16	1.02e-02	9.90e-01	1.00e-12
 4.19679e+16	1.13e-02	9.89e-01	1.13e-12
 4.25082e+16	1.24e-02	9.88e-01	1.28e-12
 4.29726e+16	1.34e-02	9.87e-01	1.42e-12
 4.34798e+16	1.48e-02	9.85e-01	1.60e-12
 4.40143e+16	1.64e-02	9.84e-01	1.82e-12
 4.44589e+16	1.80e-02	9.82e-01	2.04e-12
 4.48334e+16	1.95e-02	9.80e-01	2.26e-12
 4.52423e+16	2.15e-02	9.78e-01	2.54e-12
 4.56783e+16	2.40e-02	9.76e-01	2.90e-12
 4.60470e+16	2.64e-02	9.74e-01	3.26e-12
 4.63602e+16	2.88e-02	9.71e-01	3.61e-12
 4.67036e+16	3.20e-02	9.68e-01	4.09e-12
 4.70717e+16	3.60e-02	9.64e-01	4.71e-12
 4.73836e+16	4.00e-02	9.60e-01	5.35e-12
 4.76471e+16	4.41e-02	9.56e-01	6.00e-12
 4.79360e+16	4.95e-02	9.51e-01	6.86e-12
 4.82469e+16	5.64e-02	9.44e-01	8.02e-12
 4.85150e+16	6.39e-02	9.36e-01	9.29e-12
 4.87457e+16	7.16e-02	9.28e-01	1.06e-11
 4.89986e+16	8.19e-02	9.18e-01	1.25e-11
 4.92339e+16	9.36e-02	9.06e-01	1.47e-11
 4.93864e+16	1.02e-01	8.98e-01	1.63e-11
 4.95052e+16	1.10e-01	8.90e-01	1.79e-11
 4.96399e+16	1.21e-01	8.79e-01	2.00e-11
 4.97894e+16	1.33e-01	8.67e-01	2.26e-11
 4.99232e+16	1.47e-01	8.53e-01	2.54e-11
 5.00371e+16	1.60e-01	8.40e-01	2.83e-11
 5.01428e+16	1.72e-01	8.28e-01	3.11e-11
 5.02630e+16	1.89e-01	8.11e-01	3.51e-11
 5.03880e+16	2.09e-01	7.91e-01	4.00e-11
 5.04898e+16	2.27e-01	7.73e-01	4.45e-11
 5.05765e+16	2.43e-01	7.57e-01	4.88e-11
 5.06730e+16	2.63e-01	7.37e-01	5.46e-11
 5.07775e+16	2.87e-01	7.13e-01	6.16e-11
 5.08692e+16	3.10e-01	6.90e-01	6.87e-11
 5.09497e+16	3.31e-01	6.69e-01	7.53e-11
 5.10390e+16	3.56e-01	6.44e-01	8.43e-11
 5.11357e+16	3.86e-01	6.14e-01	9.52e-11
 5.12209e+16	4.14e-01	5.86e-01	1.06e-10
 5.12960e+16	4.38e-01	5.62e-01	1.17e-10
 5.13668e+16	4.62e-01	5.38e-01	1.28e-10
 5.14357e+16	4.87e-01	5.13e-01	1.40e-10
 5.15041e+16	5.11e-01	4.89e-01	1.52e-10
 5.15667e+16	5.34e-01	4.66e-01	1.66e-10
 5.16118e+16	5.49e-01	4.51e-01	1.75e-10
 5.16417e+16	5.59e-01	4.41e-01	1.81e-10
 5.16729e+16	5.70e-01	4.30e-01	1.89e-10
 5.17101e+16	5.84e-01	4.16e-01	1.99e-10
 5.17477e+16	5.97e-01	4.03e-01	2.08e-10
 5.17823e+16	6.10e-01	3.90e-01	2.18e-10
 5.18153e+16	6.21e-01	3.79e-01	2.27e-10
 5.18487e+16	6.33e-01	3.67e-01	2.38e-10
 5.18828e+16	6.46e-01	3.54e-01	2.49e-10
 5.19160e+16	6.57e-01	3.43e-01	2.60e-10
 5.19483e+16	6.69e-01	3.31e-01	2.71e-10
 5.19809e+16	6.80e-01	3.20e-01	2.84e-10
 5.20135e+16	6.91e-01	3.09e-01	2.96e-10
 5.20456e+16	7.02e-01	2.98e-01	3.10e-10
 5.20774e+16	7.13e-01	2.87e-01	3.22e-10
 5.21093e+16	7.23e-01	2.77e-01	3.37e-10
 5.21414e+16	7.34e-01	2.66e-01	3.52e-10
 5.21724e+16	7.43e-01	2.57e-01	3.66e-10
 5.22032e+16	7.53e-01	2.47e-01	3.83e-10
 5.22342e+16	7.63e-01	2.37e-01	3.99e-10
 5.22653e+16	7.72e-01	2.28e-01	4.18e-10
 5.22958e+16	7.81e-01	2.19e-01	4.34e-10
 5.23262e+16	7.89e-01	2.11e-01	4.54e-10
 5.23568e+16	7.98e-01	2.02e-01	4.74e-10
 5.23868e+16	8.06e-01	1.94e-01	4.94e-10
 5.24163e+16	8.14e-01	1.86e-01	5.15e-10
 5.24463e+16	8.22e-01	1.78e-01	5.39e-10
 5.24761e+16	8.29e-01	1.71e-01	5.61e-10
 5.25049e+16	8.36e-01	1.64e-01	5.87e-10
 5.25335e+16	8.43e-01	1.57e-01	6.13e-10
 5.25626e+16	8.50e-01	1.50e-01	6.40e-10
 5.25914e+16	8.56e-01	1.44e-01	6.69e-10
 5.26192e+16	8.62e-01	1.38e-01	6.98e-10
 5.26462e+16	8.68e-01	1.32e-01	7.26e-10
 5.26731e+16	8.73e-01	1.27e-01	7.60e-10
 5.26999e+16	8.78e-01	1.22e-01	7.94e-10
 5.27265e+16	8.83e-01	1.17e-01	8.30e-10
 5.27526e+16	8.88e-01	1.12e-01	8.63e-10
 5.27780e+16	8.92e-01	1.08e-01	9.04e-10
 5.28032e+16	8.97e-01	1.03e-01	9.45e-10
 5.28284e+16	9.01e-01	9.91e-02	9.88e-10
 5.28534e+16	9.05e-01	9.51e-02	1.03e-09
 5.28779e+16	9.09e-01	9.13e-02	1.08e-09
 5.29018e+16	9.12e-01	8.77e-02	1.13e-09
 5.29258e+16	9.16e-01	8.44e-02	1.17e-09
 5.29499e+16	9.19e-01	8.09e-02	1.23e-09
 5.29736e+16	9.22e-01	7.77e-02	1.29e-09
 5.29967e+16	9.25e-01	7.47e-02	1.35e-09
 5.30194e+16	9.28e-01	7.18e-02	1.42e-09
 5.30420e+16	9.31e-01	6.91e-02	1.48e-09
 5.30648e+16	9.34e-01	6.63e-02	1.57e-09
 5.30877e+16	9.36e-01	6.37e-02	1.65e-09
 5.31098e+16	9.39e-01	6.12e-02	1.74e-09
 5.31313e+16	9.41e-01	5.90e-02	1.81e-09
 5.31531e+16	9.43e-01	5.67e-02	1.92e-09
 5.31751e+16	9.46e-01	5.45e-02	2.03e-09
 5.31967e+16	9.48e-01	5.23e-02	2.15e-09
 5.32178e+16	9.50e-01	5.04e-02	2.26e-09
 5.32390e+16	9.52e-01	4.84e-02	2.40e-09
 5.32602e+16	9.53e-01	4.65e-02	2.57e-09
 5.32806e+16	9.55e-01	4.47e-02	2.73e-09
 5.33014e+16	9.57e-01	4.30e-02	2.91e-09
 5.33225e+16	9.59e-01	4.12e-02	3.10e-09
 5.33430e+16	9.60e-01	3.97e-02	3.32e-09
 5.33626e+16	9.62e-01	3.82e-02	3.57e-09
 5.33817e+16	9.63e-01	3.68e-02	3.82e-09
 5.34013e+16	9.65e-01	3.54e-02	4.10e-09
 5.34214e+16	9.66e-01	3.40e-02	4.45e-09
 5.34412e+16	9.67e-01	3.26e-02	4.87e-09
 5.34601e+16	9.69e-01	3.13e-02	5.29e-09
 5.34786e+16	9.70e-01	3.01e-02	5.82e-09
 5.34973e+16	9.71e-01	2.90e-02	6.42e-09
 5.35160e+16	9.72e-01	2.78e-02	7.13e-09
 5.35343e+16	9.73e-01	2.67e-02	7.97e-09
 5.35519e+16	9.74e-01	2.57e-02	8.90e-09
 5.35687e+16	9.75e-01	2.47e-02	1.00e-08
 5.35842e+16	9.76e-01	2.39e-02	1.12e-08
 5.35984e+16	9.77e-01	2.31e-02	1.26e-08
 5.36114e+16	9.78e-01	2.24e-02	1.40e-08
 5.36238e+16	9.78e-01	2.18e-02	1.57e-08
 5.36355e+16	9.79e-01	2.12e-02	1.77e-08
 5.36465e+16	9.79e-01	2.06e-02	1.97e-08
 5.36567e+16	9.80e-01	2.01e-02	2.20e-08
 5.36665e+16	9.80e-01	1.96e-02	2.45e-08
 5.36760e+16	9.81e-01	1.92e-02	2.74e-08
 5.36850e+16	9.81e-01	1.87e-02	3.06e-08
 5.36937e+16	9.82e-01	1.83e-02	3.41e-08
 5.37020e+16	9.82e-01	1.79e-02	3.80e-08
 5.37101e+16	9.83e-01	1.74e-02	4.26e-08
 5.37179e+16	9.83e-01	1.71e-02	4.69e-08
 5.37258e+16	9.83e-01	1.67e-02	5.20e-08
 5.37341e+16	9.84e-01	1.62e-02	5.79e-08
 5.37423e+16	9.84e-01	1.58e-02	6.44e-08
 5.37506e+16	9.85e-01	1.54e-02	7.09e-08
 5.37588e+16	9.85e-01	1.49e-02	7.73e-08
 5.37668e+16	9.86e-01	1.45e-02	8.33e-08
 5.37740e+16	9.86e-01	1.41e-02	8.81e-08
 5.37804e+16	9.86e-01	1.38e-02	9.20e-08
 5.37866e+16	9.87e-01	1.34e-02	9.53e-08
 5.37925e+16	9.87e-01	1.31e-02	9.80e-08
 5.37982e+16	9.87e-01	1.28e-02	1.00e-07
 5.38037e+16	9.87e-01	1.26e-02	1.03e-07
 5.38087e+16	9.88e-01	1.23e-02	1.04e-07
 5.38132e+16	9.88e-01	1.20e-02	1.06e-07
 5.38174e+16	9.88e-01	1.18e-02	1.08e-07
 5.38211e+16	9.88e-01	1.16e-02	1.09e-07
 5.38246e+16	9.89e-01	1.15e-02	1.10e-07
 5.38277e+16	9.89e-01	1.13e-02	1.11e-07
 5.38311e+16	9.89e-01	1.11e-02	1.13e-07
 5.38348e+16	9.89e-01	1.10e-02	1.14e-07
 5.38382e+16	9.89e-01	1.08e-02	1.16e-07
 5.38413e+16	9.89e-01	1.06e-02	1.17e-07
 5.38440e+16	9.89e-01	1.05e-02	1.18e-07
 5.38471e+16	9.90e-01	1.04e-02	1.20e-07
 5.38504e+16	9.90e-01	1.02e-02	1.21e-07
 5.38534e+16	9.90e-01	1.00e-02	1.23e-07
 5.38561e+16	9.90e-01	9.88e-03	1.25e-07
