#depth	He	He+	He+2
 4.45351e+12	5.05e-05	1.14e-01	8.86e-01
 2.67211e+13	5.05e-05	1.14e-01	8.86e-01
 1.15791e+14	5.07e-05	1.14e-01	8.86e-01
 4.72072e+14	5.17e-05	1.16e-01	8.84e-01
 1.12763e+15	5.23e-05	1.16e-01	8.84e-01
 1.97985e+15	5.41e-05	1.19e-01	8.81e-01
 3.08774e+15	5.74e-05	1.24e-01	8.76e-01
 4.52800e+15	6.29e-05	1.32e-01	8.68e-01
 6.40034e+15	7.25e-05	1.48e-01	8.52e-01
 8.77753e+15	8.95e-05	1.75e-01	8.25e-01
 1.10752e+16	1.12e-04	2.11e-01	7.88e-01
 1.27921e+16	1.38e-04	2.52e-01	7.48e-01
 1.41767e+16	1.66e-04	2.95e-01	7.05e-01
 1.52985e+16	1.95e-04	3.39e-01	6.60e-01
 1.61821e+16	2.22e-04	3.81e-01	6.19e-01
 1.71213e+16	2.58e-04	4.32e-01	5.68e-01
 1.81496e+16	3.02e-04	4.95e-01	5.04e-01
 1.90814e+16	3.49e-04	5.60e-01	4.40e-01
 1.99372e+16	3.95e-04	6.23e-01	3.77e-01
 2.09062e+16	4.50e-04	6.94e-01	3.06e-01
 2.21660e+16	5.19e-04	7.78e-01	2.22e-01
 2.35744e+16	5.89e-04	8.55e-01	1.45e-01
 2.51761e+16	6.53e-04	9.14e-01	8.50e-02
 2.72583e+16	7.17e-04	9.58e-01	4.17e-02
 2.98570e+16	7.74e-04	9.82e-01	1.76e-02
 3.28427e+16	8.30e-04	9.92e-01	6.97e-03
 3.61270e+16	8.88e-04	9.96e-01	2.71e-03
 3.97396e+16	9.55e-04	9.98e-01	1.04e-03
 4.37136e+16	1.03e-03	9.99e-01	3.94e-04
 4.80850e+16	1.13e-03	9.99e-01	1.49e-04
 5.28935e+16	1.25e-03	9.99e-01	5.73e-05
 5.75417e+16	1.38e-03	9.99e-01	2.53e-05
 6.04395e+16	1.47e-03	9.99e-01	1.66e-05
 6.16581e+16	1.51e-03	9.98e-01	1.39e-05
 6.26942e+16	1.55e-03	9.98e-01	1.19e-05
 6.40411e+16	1.61e-03	9.98e-01	9.66e-06
 6.57921e+16	1.68e-03	9.98e-01	7.48e-06
 6.77015e+16	1.77e-03	9.98e-01	5.78e-06
 6.93716e+16	1.85e-03	9.98e-01	4.67e-06
 7.08124e+16	1.93e-03	9.98e-01	3.89e-06
 7.24002e+16	2.02e-03	9.98e-01	3.17e-06
 7.41164e+16	2.13e-03	9.98e-01	2.58e-06
 7.56132e+16	2.24e-03	9.98e-01	2.17e-06
 7.69191e+16	2.34e-03	9.98e-01	1.87e-06
 7.83634e+16	2.46e-03	9.98e-01	1.58e-06
 7.99269e+16	2.60e-03	9.97e-01	1.33e-06
 8.12942e+16	2.74e-03	9.97e-01	1.15e-06
 8.24907e+16	2.87e-03	9.97e-01	1.02e-06
 8.38161e+16	3.04e-03	9.97e-01	8.80e-07
 8.52501e+16	3.23e-03	9.97e-01	7.61e-07
 8.65046e+16	3.42e-03	9.97e-01	6.72e-07
 8.76058e+16	3.61e-03	9.96e-01	6.02e-07
 8.88281e+16	3.84e-03	9.96e-01	5.31e-07
 9.01451e+16	4.12e-03	9.96e-01	4.68e-07
 9.12862e+16	4.39e-03	9.96e-01	4.21e-07
 9.22680e+16	4.65e-03	9.95e-01	3.83e-07
 9.32496e+16	4.95e-03	9.95e-01	3.49e-07
 9.42787e+16	5.30e-03	9.95e-01	3.16e-07
 9.52692e+16	5.68e-03	9.94e-01	2.89e-07
 9.61871e+16	6.07e-03	9.94e-01	2.66e-07
 9.70570e+16	6.49e-03	9.94e-01	2.45e-07
 9.79094e+16	6.97e-03	9.93e-01	2.27e-07
 9.87474e+16	7.50e-03	9.93e-01	2.10e-07
 9.95523e+16	8.08e-03	9.92e-01	1.96e-07
 1.00315e+17	8.71e-03	9.91e-01	1.83e-07
 1.01049e+17	9.41e-03	9.91e-01	1.71e-07
 1.01763e+17	1.02e-02	9.90e-01	1.61e-07
 1.02458e+17	1.11e-02	9.89e-01	1.51e-07
 1.02882e+17	1.16e-02	9.88e-01	1.47e-07
