#depth	H	H+	H2
 4.45351e+12	8.63e-04	9.99e-01	1.33e-14
 2.67211e+13	8.62e-04	9.99e-01	1.33e-14
 1.15791e+14	8.61e-04	9.99e-01	1.33e-14
 4.72072e+14	8.58e-04	9.99e-01	1.35e-14
 1.12763e+15	8.39e-04	9.99e-01	1.35e-14
 1.97985e+15	8.26e-04	9.99e-01	1.36e-14
 3.08774e+15	8.16e-04	9.99e-01	1.38e-14
 4.52800e+15	8.10e-04	9.99e-01	1.43e-14
 6.40034e+15	8.10e-04	9.99e-01	1.52e-14
 8.77753e+15	8.18e-04	9.99e-01	1.64e-14
 1.10752e+16	8.19e-04	9.99e-01	1.76e-14
 1.27921e+16	8.28e-04	9.99e-01	1.87e-14
 1.41767e+16	8.43e-04	9.99e-01	1.99e-14
 1.52985e+16	8.57e-04	9.99e-01	2.10e-14
 1.61821e+16	8.70e-04	9.99e-01	2.20e-14
 1.71213e+16	8.92e-04	9.99e-01	2.34e-14
 1.81496e+16	9.15e-04	9.99e-01	2.51e-14
 1.90814e+16	9.38e-04	9.99e-01	2.68e-14
 1.99372e+16	9.61e-04	9.99e-01	2.85e-14
 2.09062e+16	9.92e-04	9.99e-01	3.07e-14
 2.21660e+16	1.03e-03	9.99e-01	3.39e-14
 2.35744e+16	1.08e-03	9.99e-01	3.75e-14
 2.51761e+16	1.13e-03	9.99e-01	4.20e-14
 2.72583e+16	1.20e-03	9.99e-01	4.79e-14
 2.98570e+16	1.29e-03	9.99e-01	5.53e-14
 3.28427e+16	1.39e-03	9.99e-01	6.44e-14
 3.61270e+16	1.51e-03	9.98e-01	7.58e-14
 3.97396e+16	1.67e-03	9.98e-01	9.07e-14
 4.37136e+16	1.88e-03	9.98e-01	1.11e-13
 4.80850e+16	2.15e-03	9.98e-01	1.39e-13
 5.28935e+16	2.52e-03	9.97e-01	1.80e-13
 5.75417e+16	2.97e-03	9.97e-01	2.34e-13
 6.04395e+16	3.32e-03	9.97e-01	2.77e-13
 6.16581e+16	3.48e-03	9.97e-01	2.98e-13
 6.26942e+16	3.62e-03	9.96e-01	3.17e-13
 6.40411e+16	3.83e-03	9.96e-01	3.46e-13
 6.57921e+16	4.11e-03	9.96e-01	3.86e-13
 6.77015e+16	4.46e-03	9.96e-01	4.37e-13
 6.93716e+16	4.80e-03	9.95e-01	4.87e-13
 7.08124e+16	5.12e-03	9.95e-01	5.38e-13
 7.24002e+16	5.51e-03	9.94e-01	6.01e-13
 7.41164e+16	5.96e-03	9.94e-01	6.74e-13
 7.56132e+16	6.41e-03	9.94e-01	7.52e-13
 7.69191e+16	6.84e-03	9.93e-01	8.29e-13
 7.83634e+16	7.36e-03	9.93e-01	9.24e-13
 7.99269e+16	7.97e-03	9.92e-01	1.04e-12
 8.12942e+16	8.59e-03	9.91e-01	1.16e-12
 8.24907e+16	9.17e-03	9.91e-01	1.27e-12
 8.38161e+16	9.90e-03	9.90e-01	1.42e-12
 8.52501e+16	1.08e-02	9.89e-01	1.60e-12
 8.65046e+16	1.16e-02	9.88e-01	1.79e-12
 8.76058e+16	1.25e-02	9.88e-01	1.98e-12
 8.88281e+16	1.35e-02	9.86e-01	2.21e-12
 9.01451e+16	1.48e-02	9.85e-01	2.50e-12
 9.12862e+16	1.60e-02	9.84e-01	2.80e-12
 9.22680e+16	1.72e-02	9.83e-01	3.10e-12
 9.32496e+16	1.86e-02	9.81e-01	3.44e-12
 9.42787e+16	2.02e-02	9.80e-01	3.85e-12
 9.52692e+16	2.20e-02	9.78e-01	4.31e-12
 9.61871e+16	2.38e-02	9.76e-01	4.79e-12
 9.70570e+16	2.58e-02	9.74e-01	5.32e-12
 9.79094e+16	2.79e-02	9.72e-01	5.93e-12
 9.87474e+16	3.04e-02	9.70e-01	6.63e-12
 9.95523e+16	3.31e-02	9.67e-01	7.42e-12
 1.00315e+17	3.61e-02	9.64e-01	8.29e-12
 1.01049e+17	3.93e-02	9.61e-01	9.28e-12
 1.01763e+17	4.30e-02	9.57e-01	1.04e-11
 1.02458e+17	4.72e-02	9.53e-01	1.17e-11
 1.02882e+17	5.03e-02	9.50e-01	1.27e-11
