#depth	O	O+	O+2	O+3	O+4	O+5	O+6	O+7	O+8	O[1]	O[2]	O[3]
 4.45351e+12	4.85e-07	8.83e-04	2.37e-01	7.27e-01	3.56e-02	3.20e-06	0.00e+00	0.00e+00	0.00e+00	3.68e-07	7.49e-08	4.23e-08
 2.67211e+13	4.84e-07	8.82e-04	2.37e-01	7.27e-01	3.55e-02	3.20e-06	0.00e+00	0.00e+00	0.00e+00	3.67e-07	7.47e-08	4.23e-08
 1.15791e+14	4.86e-07	8.87e-04	2.38e-01	7.25e-01	3.53e-02	3.16e-06	0.00e+00	0.00e+00	0.00e+00	3.69e-07	7.50e-08	4.24e-08
 4.72072e+14	4.95e-07	9.06e-04	2.44e-01	7.20e-01	3.42e-02	3.04e-06	0.00e+00	0.00e+00	0.00e+00	3.75e-07	7.63e-08	4.32e-08
 1.12763e+15	4.91e-07	9.24e-04	2.53e-01	7.13e-01	3.26e-02	2.84e-06	0.00e+00	0.00e+00	0.00e+00	3.72e-07	7.57e-08	4.29e-08
 1.97985e+15	5.03e-07	9.64e-04	2.65e-01	7.03e-01	3.05e-02	2.60e-06	0.00e+00	0.00e+00	0.00e+00	3.81e-07	7.74e-08	4.39e-08
 3.08774e+15	5.28e-07	1.03e-03	2.83e-01	6.88e-01	2.80e-02	2.31e-06	0.00e+00	0.00e+00	0.00e+00	4.00e-07	8.13e-08	4.62e-08
 4.52800e+15	5.73e-07	1.13e-03	3.08e-01	6.66e-01	2.48e-02	1.96e-06	0.00e+00	0.00e+00	0.00e+00	4.34e-07	8.82e-08	5.02e-08
 6.40034e+15	6.53e-07	1.29e-03	3.45e-01	6.32e-01	2.09e-02	1.55e-06	0.00e+00	0.00e+00	0.00e+00	4.95e-07	1.01e-07	5.73e-08
 8.77753e+15	7.94e-07	1.54e-03	4.02e-01	5.80e-01	1.64e-02	1.12e-06	0.00e+00	0.00e+00	0.00e+00	6.02e-07	1.22e-07	6.98e-08
 1.10752e+16	9.53e-07	1.84e-03	4.67e-01	5.19e-01	1.24e-02	7.82e-07	0.00e+00	0.00e+00	0.00e+00	7.23e-07	1.47e-07	8.39e-08
 1.27921e+16	1.13e-06	2.14e-03	5.26e-01	4.62e-01	9.61e-03	5.66e-07	0.00e+00	0.00e+00	0.00e+00	8.54e-07	1.73e-07	9.93e-08
 1.41767e+16	1.32e-06	2.45e-03	5.81e-01	4.09e-01	7.48e-03	4.14e-07	0.00e+00	0.00e+00	0.00e+00	9.98e-07	2.02e-07	1.16e-07
 1.52985e+16	1.50e-06	2.73e-03	6.29e-01	3.62e-01	5.91e-03	3.11e-07	0.00e+00	0.00e+00	0.00e+00	1.14e-06	2.30e-07	1.32e-07
 1.61821e+16	1.67e-06	2.98e-03	6.70e-01	3.23e-01	4.78e-03	2.40e-07	0.00e+00	0.00e+00	0.00e+00	1.26e-06	2.56e-07	1.47e-07
 1.71213e+16	1.90e-06	3.28e-03	7.14e-01	2.79e-01	3.67e-03	1.75e-07	0.00e+00	0.00e+00	0.00e+00	1.44e-06	2.91e-07	1.68e-07
 1.81496e+16	2.16e-06	3.63e-03	7.61e-01	2.32e-01	2.66e-03	0.00e+00	0.00e+00	0.00e+00	0.00e+00	1.64e-06	3.32e-07	1.91e-07
 1.90814e+16	2.43e-06	3.96e-03	8.03e-01	1.91e-01	1.90e-03	0.00e+00	0.00e+00	0.00e+00	0.00e+00	1.84e-06	3.73e-07	2.16e-07
 1.99372e+16	2.71e-06	4.27e-03	8.39e-01	1.55e-01	1.34e-03	0.00e+00	0.00e+00	0.00e+00	0.00e+00	2.05e-06	4.15e-07	2.40e-07
 2.09062e+16	3.05e-06	4.63e-03	8.75e-01	1.19e-01	8.59e-04	0.00e+00	0.00e+00	0.00e+00	0.00e+00	2.31e-06	4.67e-07	2.70e-07
 2.21660e+16	3.51e-06	5.07e-03	9.13e-01	8.18e-02	4.55e-04	0.00e+00	0.00e+00	0.00e+00	0.00e+00	2.66e-06	5.37e-07	3.11e-07
 2.35744e+16	4.02e-06	5.50e-03	9.43e-01	5.15e-02	2.11e-04	0.00e+00	0.00e+00	0.00e+00	0.00e+00	3.04e-06	6.15e-07	3.57e-07
 2.51761e+16	4.61e-06	5.94e-03	9.64e-01	2.96e-02	8.23e-05	0.00e+00	0.00e+00	0.00e+00	0.00e+00	3.49e-06	7.06e-07	4.10e-07
 2.72583e+16	5.38e-06	6.43e-03	9.79e-01	1.45e-02	2.40e-05	0.00e+00	0.00e+00	0.00e+00	0.00e+00	4.08e-06	8.24e-07	4.79e-07
 2.98570e+16	6.37e-06	6.96e-03	9.87e-01	6.20e-03	5.38e-06	0.00e+00	0.00e+00	0.00e+00	0.00e+00	4.82e-06	9.74e-07	5.67e-07
 3.28427e+16	7.62e-06	7.55e-03	9.90e-01	2.54e-03	1.06e-06	0.00e+00	0.00e+00	0.00e+00	0.00e+00	5.78e-06	1.17e-06	6.79e-07
 3.61270e+16	9.29e-06	8.23e-03	9.91e-01	1.05e-03	2.04e-07	0.00e+00	0.00e+00	0.00e+00	0.00e+00	7.04e-06	1.42e-06	8.28e-07
 3.97396e+16	1.16e-05	9.06e-03	9.90e-01	4.59e-04	0.00e+00	0.00e+00	0.00e+00	0.00e+00	0.00e+00	8.79e-06	1.77e-06	1.03e-06
 4.37136e+16	1.50e-05	1.01e-02	9.90e-01	2.24e-04	0.00e+00	0.00e+00	0.00e+00	0.00e+00	0.00e+00	1.13e-05	2.29e-06	1.33e-06
 4.80850e+16	2.01e-05	1.15e-02	9.88e-01	1.29e-04	0.00e+00	0.00e+00	0.00e+00	0.00e+00	0.00e+00	1.52e-05	3.06e-06	1.79e-06
 5.28935e+16	2.84e-05	1.34e-02	9.87e-01	8.63e-05	0.00e+00	0.00e+00	0.00e+00	0.00e+00	0.00e+00	2.15e-05	4.33e-06	2.52e-06
 5.75417e+16	4.06e-05	1.57e-02	9.84e-01	6.58e-05	0.00e+00	0.00e+00	0.00e+00	0.00e+00	0.00e+00	3.08e-05	6.21e-06	3.61e-06
 6.04395e+16	5.17e-05	1.75e-02	9.82e-01	5.74e-05	0.00e+00	0.00e+00	0.00e+00	0.00e+00	0.00e+00	3.92e-05	7.89e-06	4.59e-06
 6.16581e+16	5.73e-05	1.84e-02	9.82e-01	5.44e-05	0.00e+00	0.00e+00	0.00e+00	0.00e+00	0.00e+00	4.35e-05	8.76e-06	5.10e-06
 6.26942e+16	6.28e-05	1.92e-02	9.81e-01	5.18e-05	0.00e+00	0.00e+00	0.00e+00	0.00e+00	0.00e+00	4.76e-05	9.59e-06	5.58e-06
 6.40411e+16	7.10e-05	2.03e-02	9.80e-01	4.85e-05	0.00e+00	0.00e+00	0.00e+00	0.00e+00	0.00e+00	5.38e-05	1.08e-05	6.31e-06
 6.57921e+16	8.32e-05	2.19e-02	9.78e-01	4.47e-05	0.00e+00	0.00e+00	0.00e+00	0.00e+00	0.00e+00	6.31e-05	1.27e-05	7.39e-06
 6.77015e+16	9.99e-05	2.39e-02	9.76e-01	4.09e-05	0.00e+00	0.00e+00	0.00e+00	0.00e+00	0.00e+00	7.57e-05	1.52e-05	8.87e-06
 6.93716e+16	1.18e-04	2.58e-02	9.74e-01	3.78e-05	0.00e+00	0.00e+00	0.00e+00	0.00e+00	0.00e+00	8.92e-05	1.80e-05	1.04e-05
 7.08124e+16	1.36e-04	2.77e-02	9.72e-01	3.51e-05	0.00e+00	0.00e+00	0.00e+00	0.00e+00	0.00e+00	1.03e-04	2.08e-05	1.21e-05
 7.24002e+16	1.61e-04	3.01e-02	9.70e-01	3.24e-05	0.00e+00	0.00e+00	0.00e+00	0.00e+00	0.00e+00	1.22e-04	2.45e-05	1.43e-05
 7.41164e+16	1.93e-04	3.29e-02	9.67e-01	2.97e-05	0.00e+00	0.00e+00	0.00e+00	0.00e+00	0.00e+00	1.46e-04	2.94e-05	1.71e-05
 7.56132e+16	2.28e-04	3.58e-02	9.64e-01	2.73e-05	0.00e+00	0.00e+00	0.00e+00	0.00e+00	0.00e+00	1.73e-04	3.48e-05	2.02e-05
 7.69191e+16	2.65e-04	3.86e-02	9.61e-01	2.54e-05	0.00e+00	0.00e+00	0.00e+00	0.00e+00	0.00e+00	2.01e-04	4.04e-05	2.35e-05
 7.83634e+16	3.15e-04	4.21e-02	9.58e-01	2.33e-05	0.00e+00	0.00e+00	0.00e+00	0.00e+00	0.00e+00	2.39e-04	4.80e-05	2.79e-05
 7.99269e+16	3.80e-04	4.64e-02	9.53e-01	2.12e-05	0.00e+00	0.00e+00	0.00e+00	0.00e+00	0.00e+00	2.88e-04	5.80e-05	3.36e-05
 8.12942e+16	4.52e-04	5.08e-02	9.49e-01	1.94e-05	0.00e+00	0.00e+00	0.00e+00	0.00e+00	0.00e+00	3.43e-04	6.89e-05	4.00e-05
 8.24907e+16	5.29e-04	5.51e-02	9.44e-01	1.78e-05	0.00e+00	0.00e+00	0.00e+00	0.00e+00	0.00e+00	4.01e-04	8.06e-05	4.68e-05
 8.38161e+16	6.33e-04	6.05e-02	9.39e-01	1.63e-05	0.00e+00	0.00e+00	0.00e+00	0.00e+00	0.00e+00	4.81e-04	9.65e-05	5.60e-05
 8.52501e+16	7.73e-04	6.72e-02	9.32e-01	1.46e-05	0.00e+00	0.00e+00	0.00e+00	0.00e+00	0.00e+00	5.87e-04	1.18e-04	6.83e-05
 8.65046e+16	9.29e-04	7.40e-02	9.25e-01	1.32e-05	0.00e+00	0.00e+00	0.00e+00	0.00e+00	0.00e+00	7.05e-04	1.41e-04	8.20e-05
 8.76058e+16	1.10e-03	8.09e-02	9.18e-01	1.20e-05	0.00e+00	0.00e+00	0.00e+00	0.00e+00	0.00e+00	8.33e-04	1.67e-04	9.68e-05
 8.88281e+16	1.33e-03	8.96e-02	9.09e-01	1.08e-05	0.00e+00	0.00e+00	0.00e+00	0.00e+00	0.00e+00	1.01e-03	2.02e-04	1.17e-04
 9.01451e+16	1.64e-03	1.00e-01	8.98e-01	9.52e-06	0.00e+00	0.00e+00	0.00e+00	0.00e+00	0.00e+00	1.25e-03	2.50e-04	1.45e-04
 9.12862e+16	1.99e-03	1.11e-01	8.87e-01	8.47e-06	0.00e+00	0.00e+00	0.00e+00	0.00e+00	0.00e+00	1.51e-03	3.03e-04	1.76e-04
 9.22680e+16	2.37e-03	1.22e-01	8.76e-01	7.60e-06	0.00e+00	0.00e+00	0.00e+00	0.00e+00	0.00e+00	1.80e-03	3.60e-04	2.09e-04
 9.32496e+16	2.84e-03	1.34e-01	8.63e-01	6.81e-06	0.00e+00	0.00e+00	0.00e+00	0.00e+00	0.00e+00	2.16e-03	4.31e-04	2.50e-04
 9.42787e+16	3.45e-03	1.49e-01	8.47e-01	5.98e-06	0.00e+00	0.00e+00	0.00e+00	0.00e+00	0.00e+00	2.62e-03	5.23e-04	3.04e-04
 9.52692e+16	4.19e-03	1.66e-01	8.30e-01	5.24e-06	0.00e+00	0.00e+00	0.00e+00	0.00e+00	0.00e+00	3.19e-03	6.35e-04	3.69e-04
 9.61871e+16	5.06e-03	1.83e-01	8.12e-01	4.60e-06	0.00e+00	0.00e+00	0.00e+00	0.00e+00	0.00e+00	3.85e-03	7.65e-04	4.45e-04
 9.70570e+16	6.08e-03	2.02e-01	7.92e-01	4.03e-06	0.00e+00	0.00e+00	0.00e+00	0.00e+00	0.00e+00	4.62e-03	9.19e-04	5.34e-04
 9.79094e+16	7.33e-03	2.22e-01	7.70e-01	3.50e-06	0.00e+00	0.00e+00	0.00e+00	0.00e+00	0.00e+00	5.57e-03	1.11e-03	6.44e-04
 9.87474e+16	8.88e-03	2.46e-01	7.45e-01	3.01e-06	0.00e+00	0.00e+00	0.00e+00	0.00e+00	0.00e+00	6.76e-03	1.34e-03	7.79e-04
 9.95523e+16	1.07e-02	2.71e-01	7.18e-01	2.57e-06	0.00e+00	0.00e+00	0.00e+00	0.00e+00	0.00e+00	8.18e-03	1.62e-03	9.43e-04
 1.00315e+17	1.30e-02	2.98e-01	6.89e-01	2.18e-06	0.00e+00	0.00e+00	0.00e+00	0.00e+00	0.00e+00	9.87e-03	1.95e-03	1.14e-03
 1.01049e+17	1.56e-02	3.27e-01	6.58e-01	1.84e-06	0.00e+00	0.00e+00	0.00e+00	0.00e+00	0.00e+00	1.19e-02	2.34e-03	1.37e-03
 1.01763e+17	1.88e-02	3.58e-01	6.24e-01	1.53e-06	0.00e+00	0.00e+00	0.00e+00	0.00e+00	0.00e+00	1.44e-02	2.82e-03	1.65e-03
 1.02458e+17	2.28e-02	3.91e-01	5.86e-01	1.25e-06	0.00e+00	0.00e+00	0.00e+00	0.00e+00	0.00e+00	1.74e-02	3.41e-03	1.99e-03
 1.02882e+17	2.59e-02	4.14e-01	5.60e-01	1.09e-06	0.00e+00	0.00e+00	0.00e+00	0.00e+00	0.00e+00	1.97e-02	3.86e-03	2.26e-03
