#depth	O	O+	O+2	O+3	O+4	O+5	O+6	O+7	O+8	O[1]	O[2]	O[3]
 2.69964e+11	9.56e-06	1.24e-02	9.08e-01	8.00e-02	8.04e-06	0.00e+00	0.00e+00	0.00e+00	0.00e+00	7.18e-06	1.58e-06	8.02e-07
 1.61978e+12	9.54e-06	1.24e-02	9.08e-01	7.98e-02	8.01e-06	0.00e+00	0.00e+00	0.00e+00	0.00e+00	7.17e-06	1.57e-06	8.00e-07
 7.01905e+12	9.55e-06	1.24e-02	9.08e-01	7.92e-02	7.90e-06	0.00e+00	0.00e+00	0.00e+00	0.00e+00	7.17e-06	1.58e-06	8.02e-07
 2.86161e+13	9.57e-06	1.24e-02	9.11e-01	7.67e-02	7.51e-06	0.00e+00	0.00e+00	0.00e+00	0.00e+00	7.18e-06	1.58e-06	8.07e-07
 6.83548e+13	9.53e-06	1.24e-02	9.14e-01	7.31e-02	6.92e-06	0.00e+00	0.00e+00	0.00e+00	0.00e+00	7.14e-06	1.58e-06	8.09e-07
 1.20015e+14	9.52e-06	1.25e-02	9.19e-01	6.86e-02	6.22e-06	0.00e+00	0.00e+00	0.00e+00	0.00e+00	7.13e-06	1.58e-06	8.10e-07
 1.87173e+14	9.52e-06	1.25e-02	9.24e-01	6.30e-02	5.40e-06	0.00e+00	0.00e+00	0.00e+00	0.00e+00	7.12e-06	1.58e-06	8.11e-07
 2.74479e+14	9.54e-06	1.26e-02	9.31e-01	5.63e-02	4.50e-06	0.00e+00	0.00e+00	0.00e+00	0.00e+00	7.14e-06	1.59e-06	8.13e-07
 3.87977e+14	9.57e-06	1.27e-02	9.39e-01	4.85e-02	3.53e-06	0.00e+00	0.00e+00	0.00e+00	0.00e+00	7.16e-06	1.59e-06	8.16e-07
 5.35523e+14	9.62e-06	1.29e-02	9.47e-01	3.98e-02	2.57e-06	0.00e+00	0.00e+00	0.00e+00	0.00e+00	7.20e-06	1.60e-06	8.20e-07
 7.27334e+14	9.73e-06	1.31e-02	9.56e-01	3.05e-02	1.68e-06	0.00e+00	0.00e+00	0.00e+00	0.00e+00	7.28e-06	1.62e-06	8.29e-07
 9.76688e+14	9.88e-06	1.33e-02	9.65e-01	2.15e-02	9.59e-07	0.00e+00	0.00e+00	0.00e+00	0.00e+00	7.40e-06	1.64e-06	8.41e-07
 1.30085e+15	1.01e-05	1.36e-02	9.73e-01	1.35e-02	4.57e-07	0.00e+00	0.00e+00	0.00e+00	0.00e+00	7.59e-06	1.68e-06	8.61e-07
 1.72226e+15	1.05e-05	1.39e-02	9.79e-01	7.33e-03	1.74e-07	0.00e+00	0.00e+00	0.00e+00	0.00e+00	7.84e-06	1.73e-06	8.87e-07
 2.27009e+15	1.09e-05	1.44e-02	9.82e-01	3.33e-03	0.00e+00	0.00e+00	0.00e+00	0.00e+00	0.00e+00	8.21e-06	1.81e-06	9.25e-07
 2.98227e+15	1.16e-05	1.51e-02	9.84e-01	1.22e-03	0.00e+00	0.00e+00	0.00e+00	0.00e+00	0.00e+00	8.74e-06	1.91e-06	9.80e-07
 3.90810e+15	1.26e-05	1.59e-02	9.84e-01	3.52e-04	0.00e+00	0.00e+00	0.00e+00	0.00e+00	0.00e+00	9.48e-06	2.07e-06	1.06e-06
 4.88849e+15	1.35e-05	1.68e-02	9.83e-01	9.96e-05	0.00e+00	0.00e+00	0.00e+00	0.00e+00	0.00e+00	1.02e-05	2.22e-06	1.13e-06
 5.75585e+15	1.45e-05	1.76e-02	9.82e-01	3.51e-05	0.00e+00	0.00e+00	0.00e+00	0.00e+00	0.00e+00	1.09e-05	2.37e-06	1.21e-06
 6.69947e+15	1.58e-05	1.86e-02	9.81e-01	1.21e-05	0.00e+00	0.00e+00	0.00e+00	0.00e+00	0.00e+00	1.19e-05	2.58e-06	1.32e-06
 7.59446e+15	1.69e-05	1.95e-02	9.80e-01	4.84e-06	0.00e+00	0.00e+00	0.00e+00	0.00e+00	0.00e+00	1.27e-05	2.76e-06	1.41e-06
 8.35391e+15	1.81e-05	2.03e-02	9.80e-01	2.33e-06	0.00e+00	0.00e+00	0.00e+00	0.00e+00	0.00e+00	1.36e-05	2.95e-06	1.51e-06
 9.18930e+15	1.94e-05	2.12e-02	9.79e-01	1.11e-06	0.00e+00	0.00e+00	0.00e+00	0.00e+00	0.00e+00	1.46e-05	3.18e-06	1.63e-06
 1.01082e+16	2.10e-05	2.22e-02	9.78e-01	5.37e-07	0.00e+00	0.00e+00	0.00e+00	0.00e+00	0.00e+00	1.58e-05	3.45e-06	1.77e-06
 1.11190e+16	2.29e-05	2.33e-02	9.77e-01	2.68e-07	0.00e+00	0.00e+00	0.00e+00	0.00e+00	0.00e+00	1.72e-05	3.77e-06	1.93e-06
 1.22310e+16	2.52e-05	2.46e-02	9.75e-01	1.43e-07	0.00e+00	0.00e+00	0.00e+00	0.00e+00	0.00e+00	1.89e-05	4.16e-06	2.14e-06
 1.34540e+16	2.79e-05	2.59e-02	9.74e-01	0.00e+00	0.00e+00	0.00e+00	0.00e+00	0.00e+00	0.00e+00	2.09e-05	4.64e-06	2.39e-06
 1.47410e+16	3.12e-05	2.74e-02	9.73e-01	0.00e+00	0.00e+00	0.00e+00	0.00e+00	0.00e+00	0.00e+00	2.33e-05	5.22e-06	2.69e-06
 1.59794e+16	3.48e-05	2.89e-02	9.71e-01	0.00e+00	0.00e+00	0.00e+00	0.00e+00	0.00e+00	0.00e+00	2.59e-05	5.85e-06	3.01e-06
 1.71229e+16	3.85e-05	3.03e-02	9.70e-01	0.00e+00	0.00e+00	0.00e+00	0.00e+00	0.00e+00	0.00e+00	2.87e-05	6.52e-06	3.37e-06
 1.81943e+16	4.25e-05	3.17e-02	9.68e-01	0.00e+00	0.00e+00	0.00e+00	0.00e+00	0.00e+00	0.00e+00	3.16e-05	7.24e-06	3.74e-06
 1.92148e+16	4.69e-05	3.31e-02	9.67e-01	0.00e+00	0.00e+00	0.00e+00	0.00e+00	0.00e+00	0.00e+00	3.47e-05	8.02e-06	4.15e-06
 2.02002e+16	5.16e-05	3.45e-02	9.65e-01	0.00e+00	0.00e+00	0.00e+00	0.00e+00	0.00e+00	0.00e+00	3.81e-05	8.88e-06	4.59e-06
 2.11568e+16	5.67e-05	3.59e-02	9.64e-01	0.00e+00	0.00e+00	0.00e+00	0.00e+00	0.00e+00	0.00e+00	4.18e-05	9.83e-06	5.08e-06
 2.20891e+16	6.24e-05	3.73e-02	9.63e-01	0.00e+00	0.00e+00	0.00e+00	0.00e+00	0.00e+00	0.00e+00	4.59e-05	1.09e-05	5.63e-06
 2.30007e+16	6.84e-05	3.86e-02	9.61e-01	0.00e+00	0.00e+00	0.00e+00	0.00e+00	0.00e+00	0.00e+00	5.02e-05	1.20e-05	6.21e-06
 2.38946e+16	7.51e-05	4.00e-02	9.60e-01	0.00e+00	0.00e+00	0.00e+00	0.00e+00	0.00e+00	0.00e+00	5.50e-05	1.32e-05	6.86e-06
 2.47706e+16	8.25e-05	4.14e-02	9.58e-01	0.00e+00	0.00e+00	0.00e+00	0.00e+00	0.00e+00	0.00e+00	6.03e-05	1.46e-05	7.58e-06
 2.56259e+16	9.06e-05	4.29e-02	9.57e-01	0.00e+00	0.00e+00	0.00e+00	0.00e+00	0.00e+00	0.00e+00	6.62e-05	1.61e-05	8.37e-06
 2.64601e+16	9.96e-05	4.45e-02	9.55e-01	0.00e+00	0.00e+00	0.00e+00	0.00e+00	0.00e+00	0.00e+00	7.26e-05	1.78e-05	9.25e-06
 2.72732e+16	1.09e-04	4.61e-02	9.54e-01	0.00e+00	0.00e+00	0.00e+00	0.00e+00	0.00e+00	0.00e+00	7.96e-05	1.96e-05	1.02e-05
 2.80641e+16	1.20e-04	4.77e-02	9.52e-01	0.00e+00	0.00e+00	0.00e+00	0.00e+00	0.00e+00	0.00e+00	8.72e-05	2.17e-05	1.13e-05
 2.88316e+16	1.32e-04	4.95e-02	9.50e-01	0.00e+00	0.00e+00	0.00e+00	0.00e+00	0.00e+00	0.00e+00	9.56e-05	2.39e-05	1.25e-05
 2.95763e+16	1.45e-04	5.13e-02	9.49e-01	0.00e+00	0.00e+00	0.00e+00	0.00e+00	0.00e+00	0.00e+00	1.05e-04	2.64e-05	1.38e-05
 3.02989e+16	1.59e-04	5.32e-02	9.47e-01	0.00e+00	0.00e+00	0.00e+00	0.00e+00	0.00e+00	0.00e+00	1.15e-04	2.91e-05	1.52e-05
 3.09990e+16	1.74e-04	5.52e-02	9.45e-01	0.00e+00	0.00e+00	0.00e+00	0.00e+00	0.00e+00	0.00e+00	1.25e-04	3.20e-05	1.67e-05
 3.16773e+16	1.91e-04	5.72e-02	9.43e-01	0.00e+00	0.00e+00	0.00e+00	0.00e+00	0.00e+00	0.00e+00	1.37e-04	3.53e-05	1.84e-05
 3.23353e+16	2.09e-04	5.94e-02	9.40e-01	0.00e+00	0.00e+00	0.00e+00	0.00e+00	0.00e+00	0.00e+00	1.50e-04	3.88e-05	2.02e-05
 3.29747e+16	2.28e-04	6.17e-02	9.38e-01	0.00e+00	0.00e+00	0.00e+00	0.00e+00	0.00e+00	0.00e+00	1.63e-04	4.26e-05	2.21e-05
 3.35971e+16	2.50e-04	6.40e-02	9.36e-01	0.00e+00	0.00e+00	0.00e+00	0.00e+00	0.00e+00	0.00e+00	1.78e-04	4.68e-05	2.42e-05
 3.42052e+16	2.73e-04	6.66e-02	9.33e-01	0.00e+00	0.00e+00	0.00e+00	0.00e+00	0.00e+00	0.00e+00	1.95e-04	5.15e-05	2.65e-05
 3.48029e+16	2.99e-04	6.93e-02	9.30e-01	0.00e+00	0.00e+00	0.00e+00	0.00e+00	0.00e+00	0.00e+00	2.13e-04	5.66e-05	2.90e-05
 3.53685e+16	3.27e-04	7.22e-02	9.28e-01	0.00e+00	0.00e+00	0.00e+00	0.00e+00	0.00e+00	0.00e+00	2.33e-04	6.22e-05	3.17e-05
 3.58796e+16	3.56e-04	7.50e-02	9.25e-01	0.00e+00	0.00e+00	0.00e+00	0.00e+00	0.00e+00	0.00e+00	2.53e-04	6.79e-05	3.45e-05
 3.63396e+16	3.85e-04	7.78e-02	9.22e-01	0.00e+00	0.00e+00	0.00e+00	0.00e+00	0.00e+00	0.00e+00	2.74e-04	7.38e-05	3.74e-05
 3.67598e+16	4.14e-04	8.05e-02	9.19e-01	0.00e+00	0.00e+00	0.00e+00	0.00e+00	0.00e+00	0.00e+00	2.94e-04	7.96e-05	4.02e-05
 3.71646e+16	4.45e-04	8.32e-02	9.16e-01	0.00e+00	0.00e+00	0.00e+00	0.00e+00	0.00e+00	0.00e+00	3.16e-04	8.59e-05	4.32e-05
 3.75694e+16	4.80e-04	8.62e-02	9.13e-01	0.00e+00	0.00e+00	0.00e+00	0.00e+00	0.00e+00	0.00e+00	3.40e-04	9.28e-05	4.66e-05
 3.79742e+16	5.19e-04	8.95e-02	9.10e-01	0.00e+00	0.00e+00	0.00e+00	0.00e+00	0.00e+00	0.00e+00	3.68e-04	1.01e-04	5.03e-05
 3.83790e+16	5.63e-04	9.30e-02	9.06e-01	0.00e+00	0.00e+00	0.00e+00	0.00e+00	0.00e+00	0.00e+00	3.99e-04	1.09e-04	5.46e-05
 3.87838e+16	6.13e-04	9.68e-02	9.03e-01	0.00e+00	0.00e+00	0.00e+00	0.00e+00	0.00e+00	0.00e+00	4.34e-04	1.19e-04	5.94e-05
 3.91886e+16	6.70e-04	1.01e-01	8.98e-01	0.00e+00	0.00e+00	0.00e+00	0.00e+00	0.00e+00	0.00e+00	4.75e-04	1.30e-04	6.49e-05
 3.95934e+16	7.37e-04	1.06e-01	8.94e-01	0.00e+00	0.00e+00	0.00e+00	0.00e+00	0.00e+00	0.00e+00	5.22e-04	1.43e-04	7.13e-05
 3.99982e+16	8.16e-04	1.11e-01	8.88e-01	0.00e+00	0.00e+00	0.00e+00	0.00e+00	0.00e+00	0.00e+00	5.78e-04	1.58e-04	7.89e-05
 4.03401e+16	9.00e-04	1.16e-01	8.83e-01	0.00e+00	0.00e+00	0.00e+00	0.00e+00	0.00e+00	0.00e+00	6.38e-04	1.75e-04	8.70e-05
