#depth	O	O+	O+2	O+3	O+4	O+5	O+6	O+7	O+8	O[1]	O[2]	O[3]
 1.44327e+11	6.01e-05	4.23e-02	9.48e-01	9.54e-03	0.00e+00	0.00e+00	0.00e+00	0.00e+00	0.00e+00	4.79e-05	8.11e-06	4.04e-06
 8.65965e+11	6.01e-05	4.23e-02	9.48e-01	9.49e-03	0.00e+00	0.00e+00	0.00e+00	0.00e+00	0.00e+00	4.79e-05	8.11e-06	4.03e-06
 3.75251e+12	6.02e-05	4.24e-02	9.48e-01	9.33e-03	0.00e+00	0.00e+00	0.00e+00	0.00e+00	0.00e+00	4.80e-05	8.12e-06	4.04e-06
 1.52987e+13	6.07e-05	4.27e-02	9.49e-01	8.75e-03	0.00e+00	0.00e+00	0.00e+00	0.00e+00	0.00e+00	4.84e-05	8.17e-06	4.07e-06
 3.65437e+13	6.07e-05	4.30e-02	9.49e-01	7.89e-03	0.00e+00	0.00e+00	0.00e+00	0.00e+00	0.00e+00	4.84e-05	8.15e-06	4.07e-06
 6.41622e+13	6.09e-05	4.34e-02	9.50e-01	6.90e-03	0.00e+00	0.00e+00	0.00e+00	0.00e+00	0.00e+00	4.86e-05	8.16e-06	4.08e-06
 1.00066e+14	6.12e-05	4.40e-02	9.50e-01	5.80e-03	0.00e+00	0.00e+00	0.00e+00	0.00e+00	0.00e+00	4.89e-05	8.20e-06	4.12e-06
 1.46742e+14	6.18e-05	4.49e-02	9.50e-01	4.63e-03	0.00e+00	0.00e+00	0.00e+00	0.00e+00	0.00e+00	4.94e-05	8.27e-06	4.17e-06
 2.07419e+14	6.28e-05	4.60e-02	9.51e-01	3.45e-03	0.00e+00	0.00e+00	0.00e+00	0.00e+00	0.00e+00	5.01e-05	8.38e-06	4.25e-06
 2.86301e+14	6.42e-05	4.75e-02	9.50e-01	2.36e-03	0.00e+00	0.00e+00	0.00e+00	0.00e+00	0.00e+00	5.13e-05	8.55e-06	4.36e-06
 3.88846e+14	6.64e-05	4.97e-02	9.49e-01	1.44e-03	0.00e+00	0.00e+00	0.00e+00	0.00e+00	0.00e+00	5.30e-05	8.80e-06	4.52e-06
 5.22155e+14	6.96e-05	5.29e-02	9.46e-01	7.59e-04	0.00e+00	0.00e+00	0.00e+00	0.00e+00	0.00e+00	5.56e-05	9.19e-06	4.75e-06
 6.95457e+14	7.44e-05	5.75e-02	9.42e-01	3.34e-04	0.00e+00	0.00e+00	0.00e+00	0.00e+00	0.00e+00	5.95e-05	9.77e-06	5.09e-06
 8.68877e+14	7.78e-05	6.24e-02	9.37e-01	1.51e-04	0.00e+00	0.00e+00	0.00e+00	0.00e+00	0.00e+00	6.23e-05	1.02e-05	5.34e-06
 1.01458e+15	8.20e-05	6.73e-02	9.33e-01	7.75e-05	0.00e+00	0.00e+00	0.00e+00	0.00e+00	0.00e+00	6.56e-05	1.07e-05	5.63e-06
 1.17613e+15	8.86e-05	7.36e-02	9.26e-01	3.66e-05	0.00e+00	0.00e+00	0.00e+00	0.00e+00	0.00e+00	7.10e-05	1.15e-05	6.10e-06
 1.38615e+15	9.87e-05	8.30e-02	9.17e-01	1.40e-05	0.00e+00	0.00e+00	0.00e+00	0.00e+00	0.00e+00	7.91e-05	1.28e-05	6.80e-06
 1.65917e+15	1.15e-04	9.79e-02	9.02e-01	4.19e-06	0.00e+00	0.00e+00	0.00e+00	0.00e+00	0.00e+00	9.17e-05	1.49e-05	7.93e-06
 1.96011e+15	1.35e-04	1.19e-01	8.81e-01	1.14e-06	0.00e+00	0.00e+00	0.00e+00	0.00e+00	0.00e+00	1.08e-04	1.75e-05	9.43e-06
 2.23162e+15	1.60e-04	1.45e-01	8.55e-01	3.69e-07	0.00e+00	0.00e+00	0.00e+00	0.00e+00	0.00e+00	1.28e-04	2.08e-05	1.12e-05
 2.46783e+15	1.90e-04	1.76e-01	8.24e-01	1.43e-07	0.00e+00	0.00e+00	0.00e+00	0.00e+00	0.00e+00	1.52e-04	2.48e-05	1.34e-05
 2.68129e+15	2.26e-04	2.12e-01	7.88e-01	0.00e+00	0.00e+00	0.00e+00	0.00e+00	0.00e+00	0.00e+00	1.81e-04	2.96e-05	1.61e-05
 2.86785e+15	2.68e-04	2.54e-01	7.46e-01	0.00e+00	0.00e+00	0.00e+00	0.00e+00	0.00e+00	0.00e+00	2.13e-04	3.51e-05	1.92e-05
 3.03051e+15	3.15e-04	3.01e-01	6.98e-01	0.00e+00	0.00e+00	0.00e+00	0.00e+00	0.00e+00	0.00e+00	2.51e-04	4.15e-05	2.27e-05
 3.21046e+15	3.83e-04	3.68e-01	6.32e-01	0.00e+00	0.00e+00	0.00e+00	0.00e+00	0.00e+00	0.00e+00	3.05e-04	5.08e-05	2.77e-05
 3.39862e+15	4.71e-04	4.56e-01	5.43e-01	0.00e+00	0.00e+00	0.00e+00	0.00e+00	0.00e+00	0.00e+00	3.74e-04	6.28e-05	3.43e-05
 3.55218e+15	5.61e-04	5.47e-01	4.53e-01	0.00e+00	0.00e+00	0.00e+00	0.00e+00	0.00e+00	0.00e+00	4.45e-04	7.52e-05	4.12e-05
 3.68232e+15	6.44e-04	6.31e-01	3.68e-01	0.00e+00	0.00e+00	0.00e+00	0.00e+00	0.00e+00	0.00e+00	5.09e-04	8.69e-05	4.75e-05
 3.82727e+15	7.43e-04	7.26e-01	2.73e-01	0.00e+00	0.00e+00	0.00e+00	0.00e+00	0.00e+00	0.00e+00	5.87e-04	1.01e-04	5.51e-05
 4.01572e+15	8.62e-04	8.34e-01	1.65e-01	0.00e+00	0.00e+00	0.00e+00	0.00e+00	0.00e+00	0.00e+00	6.80e-04	1.18e-04	6.42e-05
 4.26070e+15	9.77e-04	9.27e-01	7.15e-02	0.00e+00	0.00e+00	0.00e+00	0.00e+00	0.00e+00	0.00e+00	7.71e-04	1.33e-04	7.29e-05
 4.51085e+15	1.05e-03	9.74e-01	2.52e-02	0.00e+00	0.00e+00	0.00e+00	0.00e+00	0.00e+00	0.00e+00	8.30e-04	1.43e-04	7.83e-05
 4.70710e+15	1.10e-03	9.88e-01	1.04e-02	0.00e+00	0.00e+00	0.00e+00	0.00e+00	0.00e+00	0.00e+00	8.71e-04	1.48e-04	8.16e-05
 4.86768e+15	1.15e-03	9.94e-01	4.98e-03	0.00e+00	0.00e+00	0.00e+00	0.00e+00	0.00e+00	0.00e+00	9.09e-04	1.53e-04	8.46e-05
 5.00229e+15	1.19e-03	9.96e-01	2.64e-03	0.00e+00	0.00e+00	0.00e+00	0.00e+00	0.00e+00	0.00e+00	9.46e-04	1.57e-04	8.72e-05
 5.10852e+15	1.23e-03	9.97e-01	1.58e-03	0.00e+00	0.00e+00	0.00e+00	0.00e+00	0.00e+00	0.00e+00	9.81e-04	1.61e-04	8.97e-05
 5.20116e+15	1.28e-03	9.98e-01	9.96e-04	0.00e+00	0.00e+00	0.00e+00	0.00e+00	0.00e+00	0.00e+00	1.02e-03	1.65e-04	9.22e-05
 5.30464e+15	1.33e-03	9.98e-01	5.89e-04	0.00e+00	0.00e+00	0.00e+00	0.00e+00	0.00e+00	0.00e+00	1.07e-03	1.71e-04	9.55e-05
 5.41203e+15	1.40e-03	9.98e-01	3.36e-04	0.00e+00	0.00e+00	0.00e+00	0.00e+00	0.00e+00	0.00e+00	1.13e-03	1.77e-04	9.93e-05
 5.50540e+15	1.47e-03	9.98e-01	2.03e-04	0.00e+00	0.00e+00	0.00e+00	0.00e+00	0.00e+00	0.00e+00	1.18e-03	1.83e-04	1.03e-04
 5.59038e+15	1.54e-03	9.98e-01	1.26e-04	0.00e+00	0.00e+00	0.00e+00	0.00e+00	0.00e+00	0.00e+00	1.25e-03	1.89e-04	1.07e-04
 5.66771e+15	1.61e-03	9.98e-01	8.09e-05	0.00e+00	0.00e+00	0.00e+00	0.00e+00	0.00e+00	0.00e+00	1.31e-03	1.95e-04	1.11e-04
 5.73807e+15	1.68e-03	9.98e-01	5.34e-05	0.00e+00	0.00e+00	0.00e+00	0.00e+00	0.00e+00	0.00e+00	1.37e-03	2.01e-04	1.14e-04
 5.80211e+15	1.75e-03	9.98e-01	3.62e-05	0.00e+00	0.00e+00	0.00e+00	0.00e+00	0.00e+00	0.00e+00	1.42e-03	2.06e-04	1.18e-04
 5.85728e+15	1.81e-03	9.98e-01	2.57e-05	0.00e+00	0.00e+00	0.00e+00	0.00e+00	0.00e+00	0.00e+00	1.47e-03	2.11e-04	1.21e-04
 5.90389e+15	1.86e-03	9.98e-01	1.91e-05	0.00e+00	0.00e+00	0.00e+00	0.00e+00	0.00e+00	0.00e+00	1.52e-03	2.15e-04	1.23e-04
 5.95437e+15	1.91e-03	9.98e-01	1.37e-05	0.00e+00	0.00e+00	0.00e+00	0.00e+00	0.00e+00	0.00e+00	1.57e-03	2.19e-04	1.26e-04
 6.01008e+15	1.97e-03	9.98e-01	9.46e-06	0.00e+00	0.00e+00	0.00e+00	0.00e+00	0.00e+00	0.00e+00	1.62e-03	2.24e-04	1.29e-04
 6.05896e+15	2.02e-03	9.98e-01	6.78e-06	0.00e+00	0.00e+00	0.00e+00	0.00e+00	0.00e+00	0.00e+00	1.66e-03	2.27e-04	1.31e-04
 6.09999e+15	2.06e-03	9.98e-01	5.10e-06	0.00e+00	0.00e+00	0.00e+00	0.00e+00	0.00e+00	0.00e+00	1.70e-03	2.30e-04	1.33e-04
 6.14441e+15	2.10e-03	9.98e-01	3.69e-06	0.00e+00	0.00e+00	0.00e+00	0.00e+00	0.00e+00	0.00e+00	1.73e-03	2.33e-04	1.35e-04
 6.20215e+15	2.16e-03	9.98e-01	2.41e-06	0.00e+00	0.00e+00	0.00e+00	0.00e+00	0.00e+00	0.00e+00	1.78e-03	2.37e-04	1.37e-04
 6.25965e+15	2.20e-03	9.98e-01	1.56e-06	0.00e+00	0.00e+00	0.00e+00	0.00e+00	0.00e+00	0.00e+00	1.82e-03	2.40e-04	1.39e-04
 6.30322e+15	2.23e-03	9.98e-01	1.11e-06	0.00e+00	0.00e+00	0.00e+00	0.00e+00	0.00e+00	0.00e+00	1.85e-03	2.41e-04	1.40e-04
 6.34626e+15	2.26e-03	9.98e-01	7.80e-07	0.00e+00	0.00e+00	0.00e+00	0.00e+00	0.00e+00	0.00e+00	1.88e-03	2.43e-04	1.41e-04
 6.40221e+15	2.30e-03	9.98e-01	4.90e-07	0.00e+00	0.00e+00	0.00e+00	0.00e+00	0.00e+00	0.00e+00	1.91e-03	2.45e-04	1.42e-04
 6.47495e+15	2.34e-03	9.98e-01	2.63e-07	0.00e+00	0.00e+00	0.00e+00	0.00e+00	0.00e+00	0.00e+00	1.95e-03	2.47e-04	1.44e-04
 6.55692e+15	2.38e-03	9.98e-01	1.28e-07	0.00e+00	0.00e+00	0.00e+00	0.00e+00	0.00e+00	0.00e+00	1.98e-03	2.50e-04	1.46e-04
 6.65088e+15	2.41e-03	9.98e-01	5.55e-08	0.00e+00	0.00e+00	0.00e+00	0.00e+00	0.00e+00	0.00e+00	2.01e-03	2.52e-04	1.47e-04
 6.77304e+15	2.46e-03	9.98e-01	1.89e-08	0.00e+00	0.00e+00	0.00e+00	0.00e+00	0.00e+00	0.00e+00	2.05e-03	2.57e-04	1.50e-04
 6.93184e+15	2.51e-03	9.97e-01	4.80e-09	0.00e+00	0.00e+00	0.00e+00	0.00e+00	0.00e+00	0.00e+00	2.10e-03	2.64e-04	1.53e-04
 7.13828e+15	2.59e-03	9.97e-01	8.76e-10	0.00e+00	0.00e+00	0.00e+00	0.00e+00	0.00e+00	0.00e+00	2.16e-03	2.74e-04	1.58e-04
 7.40665e+15	2.69e-03	9.97e-01	1.31e-10	0.00e+00	0.00e+00	0.00e+00	0.00e+00	0.00e+00	0.00e+00	2.24e-03	2.88e-04	1.64e-04
 7.75553e+15	2.83e-03	9.97e-01	3.90e-11	0.00e+00	0.00e+00	0.00e+00	0.00e+00	0.00e+00	0.00e+00	2.35e-03	3.07e-04	1.74e-04
 8.17335e+15	3.02e-03	9.97e-01	3.11e-11	0.00e+00	0.00e+00	0.00e+00	0.00e+00	0.00e+00	0.00e+00	2.50e-03	3.33e-04	1.86e-04
 8.59289e+15	3.24e-03	9.97e-01	2.99e-11	0.00e+00	0.00e+00	0.00e+00	0.00e+00	0.00e+00	0.00e+00	2.67e-03	3.65e-04	2.01e-04
 8.96687e+15	3.46e-03	9.97e-01	2.93e-11	0.00e+00	0.00e+00	0.00e+00	0.00e+00	0.00e+00	0.00e+00	2.84e-03	3.97e-04	2.16e-04
 9.30116e+15	3.67e-03	9.96e-01	2.89e-11	0.00e+00	0.00e+00	0.00e+00	0.00e+00	0.00e+00	0.00e+00	3.01e-03	4.29e-04	2.31e-04
 9.60853e+15	3.87e-03	9.96e-01	2.85e-11	0.00e+00	0.00e+00	0.00e+00	0.00e+00	0.00e+00	0.00e+00	3.16e-03	4.61e-04	2.46e-04
 9.89513e+15	4.07e-03	9.96e-01	2.82e-11	0.00e+00	0.00e+00	0.00e+00	0.00e+00	0.00e+00	0.00e+00	3.32e-03	4.94e-04	2.61e-04
 1.01642e+16	4.28e-03	9.96e-01	2.79e-11	0.00e+00	0.00e+00	0.00e+00	0.00e+00	0.00e+00	0.00e+00	3.47e-03	5.28e-04	2.76e-04
 1.04186e+16	4.47e-03	9.96e-01	2.76e-11	0.00e+00	0.00e+00	0.00e+00	0.00e+00	0.00e+00	0.00e+00	3.62e-03	5.63e-04	2.92e-04
 1.06591e+16	4.67e-03	9.95e-01	2.73e-11	0.00e+00	0.00e+00	0.00e+00	0.00e+00	0.00e+00	0.00e+00	3.76e-03	5.99e-04	3.08e-04
 1.08857e+16	4.86e-03	9.95e-01	2.70e-11	0.00e+00	0.00e+00	0.00e+00	0.00e+00	0.00e+00	0.00e+00	3.90e-03	6.35e-04	3.24e-04
 1.10985e+16	5.05e-03	9.95e-01	2.67e-11	0.00e+00	0.00e+00	0.00e+00	0.00e+00	0.00e+00	0.00e+00	4.04e-03	6.72e-04	3.40e-04
 1.12998e+16	5.23e-03	9.95e-01	2.65e-11	0.00e+00	0.00e+00	0.00e+00	0.00e+00	0.00e+00	0.00e+00	4.17e-03	7.08e-04	3.55e-04
 1.14923e+16	5.41e-03	9.95e-01	2.62e-11	0.00e+00	0.00e+00	0.00e+00	0.00e+00	0.00e+00	0.00e+00	4.29e-03	7.45e-04	3.71e-04
 1.16770e+16	5.59e-03	9.94e-01	2.59e-11	0.00e+00	0.00e+00	0.00e+00	0.00e+00	0.00e+00	0.00e+00	4.42e-03	7.83e-04	3.87e-04
 1.18541e+16	5.76e-03	9.94e-01	2.56e-11	0.00e+00	0.00e+00	0.00e+00	0.00e+00	0.00e+00	0.00e+00	4.53e-03	8.21e-04	4.03e-04
 1.20243e+16	5.92e-03	9.94e-01	2.53e-11	0.00e+00	0.00e+00	0.00e+00	0.00e+00	0.00e+00	0.00e+00	4.64e-03	8.59e-04	4.19e-04
 1.21886e+16	6.08e-03	9.94e-01	2.50e-11	0.00e+00	0.00e+00	0.00e+00	0.00e+00	0.00e+00	0.00e+00	4.75e-03	8.98e-04	4.34e-04
 1.23469e+16	6.25e-03	9.94e-01	2.46e-11	0.00e+00	0.00e+00	0.00e+00	0.00e+00	0.00e+00	0.00e+00	4.87e-03	9.37e-04	4.51e-04
 1.25063e+16	6.41e-03	9.94e-01	2.43e-11	0.00e+00	0.00e+00	0.00e+00	0.00e+00	0.00e+00	0.00e+00	4.96e-03	9.77e-04	4.66e-04
 1.26629e+16	6.57e-03	9.93e-01	2.40e-11	0.00e+00	0.00e+00	0.00e+00	0.00e+00	0.00e+00	0.00e+00	5.07e-03	1.02e-03	4.83e-04
 1.28098e+16	6.73e-03	9.93e-01	2.36e-11	0.00e+00	0.00e+00	0.00e+00	0.00e+00	0.00e+00	0.00e+00	5.17e-03	1.06e-03	4.99e-04
 1.29532e+16	6.88e-03	9.93e-01	2.33e-11	0.00e+00	0.00e+00	0.00e+00	0.00e+00	0.00e+00	0.00e+00	5.27e-03	1.10e-03	5.15e-04
 1.30955e+16	7.04e-03	9.93e-01	2.29e-11	0.00e+00	0.00e+00	0.00e+00	0.00e+00	0.00e+00	0.00e+00	5.36e-03	1.14e-03	5.32e-04
 1.32365e+16	7.19e-03	9.93e-01	2.25e-11	0.00e+00	0.00e+00	0.00e+00	0.00e+00	0.00e+00	0.00e+00	5.46e-03	1.19e-03	5.48e-04
 1.33768e+16	7.35e-03	9.93e-01	2.21e-11	0.00e+00	0.00e+00	0.00e+00	0.00e+00	0.00e+00	0.00e+00	5.56e-03	1.23e-03	5.65e-04
 1.35170e+16	7.52e-03	9.92e-01	2.17e-11	0.00e+00	0.00e+00	0.00e+00	0.00e+00	0.00e+00	0.00e+00	5.67e-03	1.26e-03	5.83e-04
 1.36579e+16	7.69e-03	9.92e-01	2.13e-11	0.00e+00	0.00e+00	0.00e+00	0.00e+00	0.00e+00	0.00e+00	5.78e-03	1.30e-03	6.02e-04
 1.38000e+16	7.87e-03	9.92e-01	2.09e-11	0.00e+00	0.00e+00	0.00e+00	0.00e+00	0.00e+00	0.00e+00	5.91e-03	1.34e-03	6.22e-04
 1.39441e+16	8.06e-03	9.92e-01	2.04e-11	0.00e+00	0.00e+00	0.00e+00	0.00e+00	0.00e+00	0.00e+00	6.04e-03	1.38e-03	6.42e-04
 1.40908e+16	8.26e-03	9.92e-01	1.99e-11	0.00e+00	0.00e+00	0.00e+00	0.00e+00	0.00e+00	0.00e+00	6.18e-03	1.42e-03	6.64e-04
 1.42406e+16	8.48e-03	9.92e-01	1.94e-11	0.00e+00	0.00e+00	0.00e+00	0.00e+00	0.00e+00	0.00e+00	6.33e-03	1.47e-03	6.88e-04
 1.43940e+16	8.72e-03	9.91e-01	1.89e-11	0.00e+00	0.00e+00	0.00e+00	0.00e+00	0.00e+00	0.00e+00	6.49e-03	1.52e-03	7.13e-04
 1.45516e+16	8.99e-03	9.91e-01	1.83e-11	0.00e+00	0.00e+00	0.00e+00	0.00e+00	0.00e+00	0.00e+00	6.67e-03	1.57e-03	7.40e-04
 1.47137e+16	9.27e-03	9.91e-01	1.78e-11	0.00e+00	0.00e+00	0.00e+00	0.00e+00	0.00e+00	0.00e+00	6.87e-03	1.63e-03	7.70e-04
 1.48786e+16	9.59e-03	9.90e-01	1.72e-11	0.00e+00	0.00e+00	0.00e+00	0.00e+00	0.00e+00	0.00e+00	7.09e-03	1.70e-03	8.02e-04
 1.50488e+16	9.93e-03	9.90e-01	1.66e-11	0.00e+00	0.00e+00	0.00e+00	0.00e+00	0.00e+00	0.00e+00	7.33e-03	1.77e-03	8.38e-04
 1.52264e+16	1.03e-02	9.90e-01	1.60e-11	0.00e+00	0.00e+00	0.00e+00	0.00e+00	0.00e+00	0.00e+00	7.60e-03	1.85e-03	8.77e-04
 1.54085e+16	1.08e-02	9.89e-01	1.54e-11	0.00e+00	0.00e+00	0.00e+00	0.00e+00	0.00e+00	0.00e+00	7.90e-03	1.93e-03	9.21e-04
 1.55943e+16	1.12e-02	9.89e-01	1.48e-11	0.00e+00	0.00e+00	0.00e+00	0.00e+00	0.00e+00	0.00e+00	8.23e-03	2.03e-03	9.69e-04
 1.57838e+16	1.18e-02	9.88e-01	1.42e-11	0.00e+00	0.00e+00	0.00e+00	0.00e+00	0.00e+00	0.00e+00	8.60e-03	2.14e-03	1.02e-03
 1.59768e+16	1.24e-02	9.88e-01	1.35e-11	0.00e+00	0.00e+00	0.00e+00	0.00e+00	0.00e+00	0.00e+00	9.01e-03	2.26e-03	1.08e-03
 1.61727e+16	1.30e-02	9.87e-01	1.29e-11	0.00e+00	0.00e+00	0.00e+00	0.00e+00	0.00e+00	0.00e+00	9.47e-03	2.39e-03	1.15e-03
 1.63709e+16	1.37e-02	9.86e-01	1.23e-11	0.00e+00	0.00e+00	0.00e+00	0.00e+00	0.00e+00	0.00e+00	9.98e-03	2.54e-03	1.22e-03
 1.65706e+16	1.45e-02	9.85e-01	1.17e-11	0.00e+00	0.00e+00	0.00e+00	0.00e+00	0.00e+00	0.00e+00	1.05e-02	2.71e-03	1.30e-03
 1.67705e+16	1.54e-02	9.85e-01	1.11e-11	0.00e+00	0.00e+00	0.00e+00	0.00e+00	0.00e+00	0.00e+00	1.12e-02	2.89e-03	1.39e-03
 1.69700e+16	1.64e-02	9.84e-01	1.06e-11	0.00e+00	0.00e+00	0.00e+00	0.00e+00	0.00e+00	0.00e+00	1.19e-02	3.09e-03	1.49e-03
 1.71683e+16	1.75e-02	9.82e-01	1.00e-11	0.00e+00	0.00e+00	0.00e+00	0.00e+00	0.00e+00	0.00e+00	1.26e-02	3.32e-03	1.60e-03
 1.73646e+16	1.87e-02	9.81e-01	9.48e-12	0.00e+00	0.00e+00	0.00e+00	0.00e+00	0.00e+00	0.00e+00	1.35e-02	3.57e-03	1.72e-03
 1.75583e+16	2.01e-02	9.80e-01	8.97e-12	0.00e+00	0.00e+00	0.00e+00	0.00e+00	0.00e+00	0.00e+00	1.44e-02	3.84e-03	1.86e-03
 1.77488e+16	2.16e-02	9.78e-01	8.48e-12	0.00e+00	0.00e+00	0.00e+00	0.00e+00	0.00e+00	0.00e+00	1.54e-02	4.15e-03	2.01e-03
 1.79357e+16	2.33e-02	9.77e-01	8.01e-12	0.00e+00	0.00e+00	0.00e+00	0.00e+00	0.00e+00	0.00e+00	1.66e-02	4.49e-03	2.18e-03
 1.81187e+16	2.51e-02	9.75e-01	7.56e-12	0.00e+00	0.00e+00	0.00e+00	0.00e+00	0.00e+00	0.00e+00	1.79e-02	4.87e-03	2.36e-03
 1.82974e+16	2.72e-02	9.73e-01	7.13e-12	0.00e+00	0.00e+00	0.00e+00	0.00e+00	0.00e+00	0.00e+00	1.93e-02	5.29e-03	2.57e-03
 1.84719e+16	2.96e-02	9.70e-01	6.72e-12	0.00e+00	0.00e+00	0.00e+00	0.00e+00	0.00e+00	0.00e+00	2.10e-02	5.77e-03	2.81e-03
 1.86421e+16	3.22e-02	9.68e-01	6.33e-12	0.00e+00	0.00e+00	0.00e+00	0.00e+00	0.00e+00	0.00e+00	2.28e-02	6.32e-03	3.08e-03
 1.88079e+16	3.52e-02	9.65e-01	5.96e-12	0.00e+00	0.00e+00	0.00e+00	0.00e+00	0.00e+00	0.00e+00	2.49e-02	6.94e-03	3.39e-03
 1.89697e+16	3.87e-02	9.61e-01	5.60e-12	0.00e+00	0.00e+00	0.00e+00	0.00e+00	0.00e+00	0.00e+00	2.73e-02	7.65e-03	3.74e-03
 1.91276e+16	4.27e-02	9.57e-01	5.25e-12	0.00e+00	0.00e+00	0.00e+00	0.00e+00	0.00e+00	0.00e+00	3.01e-02	8.48e-03	4.15e-03
 1.92821e+16	4.74e-02	9.53e-01	4.92e-12	0.00e+00	0.00e+00	0.00e+00	0.00e+00	0.00e+00	0.00e+00	3.33e-02	9.45e-03	4.63e-03
 1.94335e+16	5.31e-02	9.47e-01	4.60e-12	0.00e+00	0.00e+00	0.00e+00	0.00e+00	0.00e+00	0.00e+00	3.72e-02	1.06e-02	5.20e-03
 1.95825e+16	5.99e-02	9.40e-01	4.30e-12	0.00e+00	0.00e+00	0.00e+00	0.00e+00	0.00e+00	0.00e+00	4.20e-02	1.20e-02	5.89e-03
 1.97300e+16	6.84e-02	9.32e-01	4.00e-12	0.00e+00	0.00e+00	0.00e+00	0.00e+00	0.00e+00	0.00e+00	4.79e-02	1.38e-02	6.73e-03
 1.98772e+16	7.94e-02	9.21e-01	3.71e-12	0.00e+00	0.00e+00	0.00e+00	0.00e+00	0.00e+00	0.00e+00	5.56e-02	1.60e-02	7.80e-03
 2.00196e+16	9.38e-02	9.06e-01	3.42e-12	0.00e+00	0.00e+00	0.00e+00	0.00e+00	0.00e+00	0.00e+00	6.57e-02	1.89e-02	9.21e-03
 2.01448e+16	1.11e-01	8.89e-01	3.18e-12	0.00e+00	0.00e+00	0.00e+00	0.00e+00	0.00e+00	0.00e+00	7.81e-02	2.24e-02	1.09e-02
 2.02456e+16	1.31e-01	8.69e-01	2.99e-12	0.00e+00	0.00e+00	0.00e+00	0.00e+00	0.00e+00	0.00e+00	9.18e-02	2.62e-02	1.28e-02
 2.03276e+16	1.51e-01	8.49e-01	2.82e-12	0.00e+00	0.00e+00	0.00e+00	0.00e+00	0.00e+00	0.00e+00	1.06e-01	3.01e-02	1.48e-02
 2.04004e+16	1.74e-01	8.26e-01	2.73e-12	0.00e+00	0.00e+00	0.00e+00	0.00e+00	0.00e+00	0.00e+00	1.22e-01	3.44e-02	1.69e-02
 2.04703e+16	2.01e-01	7.99e-01	2.63e-12	0.00e+00	0.00e+00	0.00e+00	0.00e+00	0.00e+00	0.00e+00	1.42e-01	3.94e-02	1.95e-02
 2.05374e+16	2.33e-01	7.67e-01	2.54e-12	0.00e+00	0.00e+00	0.00e+00	0.00e+00	0.00e+00	0.00e+00	1.66e-01	4.54e-02	2.26e-02
 2.05982e+16	2.71e-01	7.29e-01	2.47e-12	0.00e+00	0.00e+00	0.00e+00	0.00e+00	0.00e+00	0.00e+00	1.93e-01	5.20e-02	2.61e-02
 2.06516e+16	3.13e-01	6.87e-01	2.41e-12	0.00e+00	0.00e+00	0.00e+00	0.00e+00	0.00e+00	0.00e+00	2.24e-01	5.89e-02	2.98e-02
 2.06962e+16	3.54e-01	6.46e-01	2.36e-12	0.00e+00	0.00e+00	0.00e+00	0.00e+00	0.00e+00	0.00e+00	2.55e-01	6.54e-02	3.35e-02
 2.07302e+16	3.91e-01	6.09e-01	2.32e-12	0.00e+00	0.00e+00	0.00e+00	0.00e+00	0.00e+00	0.00e+00	2.83e-01	7.09e-02	3.67e-02
 2.07557e+16	4.21e-01	5.79e-01	2.28e-12	0.00e+00	0.00e+00	0.00e+00	0.00e+00	0.00e+00	0.00e+00	3.07e-01	7.51e-02	3.93e-02
 2.07771e+16	4.47e-01	5.53e-01	2.27e-12	0.00e+00	0.00e+00	0.00e+00	0.00e+00	0.00e+00	0.00e+00	3.27e-01	7.86e-02	4.14e-02
 2.07971e+16	4.73e-01	5.27e-01	2.25e-12	0.00e+00	0.00e+00	0.00e+00	0.00e+00	0.00e+00	0.00e+00	3.48e-01	8.18e-02	4.35e-02
 2.08154e+16	4.99e-01	5.01e-01	2.21e-12	0.00e+00	0.00e+00	0.00e+00	0.00e+00	0.00e+00	0.00e+00	3.68e-01	8.47e-02	4.55e-02
 2.08326e+16	5.23e-01	4.77e-01	2.19e-12	0.00e+00	0.00e+00	0.00e+00	0.00e+00	0.00e+00	0.00e+00	3.88e-01	8.73e-02	4.73e-02
 2.08485e+16	5.45e-01	4.55e-01	2.17e-12	0.00e+00	0.00e+00	0.00e+00	0.00e+00	0.00e+00	0.00e+00	4.06e-01	8.95e-02	4.89e-02
 2.08625e+16	5.66e-01	4.34e-01	2.14e-12	0.00e+00	0.00e+00	0.00e+00	0.00e+00	0.00e+00	0.00e+00	4.24e-01	9.14e-02	5.04e-02
 2.08753e+16	5.84e-01	4.16e-01	2.12e-12	0.00e+00	0.00e+00	0.00e+00	0.00e+00	0.00e+00	0.00e+00	4.40e-01	9.30e-02	5.16e-02
 2.08860e+16	6.01e-01	3.99e-01	2.09e-12	0.00e+00	0.00e+00	0.00e+00	0.00e+00	0.00e+00	0.00e+00	4.54e-01	9.42e-02	5.26e-02
 2.08937e+16	6.12e-01	3.88e-01	2.08e-12	0.00e+00	0.00e+00	0.00e+00	0.00e+00	0.00e+00	0.00e+00	4.64e-01	9.50e-02	5.34e-02
 2.09007e+16	6.22e-01	3.78e-01	2.06e-12	0.00e+00	0.00e+00	0.00e+00	0.00e+00	0.00e+00	0.00e+00	4.73e-01	9.56e-02	5.40e-02
 2.09085e+16	6.34e-01	3.66e-01	2.04e-12	0.00e+00	0.00e+00	0.00e+00	0.00e+00	0.00e+00	0.00e+00	4.83e-01	9.63e-02	5.46e-02
 2.09170e+16	6.47e-01	3.53e-01	2.02e-12	0.00e+00	0.00e+00	0.00e+00	0.00e+00	0.00e+00	0.00e+00	4.95e-01	9.69e-02	5.53e-02
 2.09252e+16	6.59e-01	3.41e-01	2.00e-12	0.00e+00	0.00e+00	0.00e+00	0.00e+00	0.00e+00	0.00e+00	5.06e-01	9.75e-02	5.60e-02
 2.09331e+16	6.71e-01	3.29e-01	1.97e-12	0.00e+00	0.00e+00	0.00e+00	0.00e+00	0.00e+00	0.00e+00	5.16e-01	9.79e-02	5.65e-02
 2.09408e+16	6.82e-01	3.18e-01	1.95e-12	0.00e+00	0.00e+00	0.00e+00	0.00e+00	0.00e+00	0.00e+00	5.27e-01	9.83e-02	5.71e-02
 2.09484e+16	6.93e-01	3.07e-01	1.93e-12	0.00e+00	0.00e+00	0.00e+00	0.00e+00	0.00e+00	0.00e+00	5.37e-01	9.86e-02	5.75e-02
 2.09561e+16	7.04e-01	2.96e-01	1.90e-12	0.00e+00	0.00e+00	0.00e+00	0.00e+00	0.00e+00	0.00e+00	5.47e-01	9.88e-02	5.80e-02
 2.09637e+16	7.15e-01	2.85e-01	1.88e-12	0.00e+00	0.00e+00	0.00e+00	0.00e+00	0.00e+00	0.00e+00	5.57e-01	9.89e-02	5.84e-02
 2.09713e+16	7.25e-01	2.75e-01	1.85e-12	0.00e+00	0.00e+00	0.00e+00	0.00e+00	0.00e+00	0.00e+00	5.68e-01	9.89e-02	5.87e-02
 2.09788e+16	7.36e-01	2.64e-01	1.83e-12	0.00e+00	0.00e+00	0.00e+00	0.00e+00	0.00e+00	0.00e+00	5.78e-01	9.89e-02	5.90e-02
 2.09861e+16	7.45e-01	2.55e-01	1.80e-12	0.00e+00	0.00e+00	0.00e+00	0.00e+00	0.00e+00	0.00e+00	5.87e-01	9.88e-02	5.92e-02
 2.09934e+16	7.55e-01	2.45e-01	1.77e-12	0.00e+00	0.00e+00	0.00e+00	0.00e+00	0.00e+00	0.00e+00	5.97e-01	9.85e-02	5.94e-02
 2.10008e+16	7.65e-01	2.35e-01	1.74e-12	0.00e+00	0.00e+00	0.00e+00	0.00e+00	0.00e+00	0.00e+00	6.07e-01	9.83e-02	5.95e-02
 2.10080e+16	7.74e-01	2.26e-01	1.71e-12	0.00e+00	0.00e+00	0.00e+00	0.00e+00	0.00e+00	0.00e+00	6.17e-01	9.79e-02	5.95e-02
 2.10151e+16	7.83e-01	2.17e-01	1.69e-12	0.00e+00	0.00e+00	0.00e+00	0.00e+00	0.00e+00	0.00e+00	6.25e-01	9.76e-02	5.96e-02
 2.10223e+16	7.91e-01	2.09e-01	1.66e-12	0.00e+00	0.00e+00	0.00e+00	0.00e+00	0.00e+00	0.00e+00	6.35e-01	9.71e-02	5.95e-02
 2.10295e+16	8.00e-01	2.00e-01	1.62e-12	0.00e+00	0.00e+00	0.00e+00	0.00e+00	0.00e+00	0.00e+00	6.44e-01	9.66e-02	5.95e-02
 2.10365e+16	8.08e-01	1.92e-01	1.60e-12	0.00e+00	0.00e+00	0.00e+00	0.00e+00	0.00e+00	0.00e+00	6.53e-01	9.61e-02	5.94e-02
 2.10434e+16	8.16e-01	1.84e-01	1.57e-12	0.00e+00	0.00e+00	0.00e+00	0.00e+00	0.00e+00	0.00e+00	6.61e-01	9.55e-02	5.92e-02
 2.10502e+16	8.23e-01	1.77e-01	1.53e-12	0.00e+00	0.00e+00	0.00e+00	0.00e+00	0.00e+00	0.00e+00	6.70e-01	9.48e-02	5.91e-02
 2.10571e+16	8.31e-01	1.69e-01	1.50e-12	0.00e+00	0.00e+00	0.00e+00	0.00e+00	0.00e+00	0.00e+00	6.78e-01	9.42e-02	5.89e-02
 2.10639e+16	8.38e-01	1.62e-01	1.47e-12	0.00e+00	0.00e+00	0.00e+00	0.00e+00	0.00e+00	0.00e+00	6.85e-01	9.35e-02	5.87e-02
 2.10705e+16	8.44e-01	1.56e-01	1.44e-12	0.00e+00	0.00e+00	0.00e+00	0.00e+00	0.00e+00	0.00e+00	6.93e-01	9.28e-02	5.84e-02
 2.10770e+16	8.51e-01	1.49e-01	1.41e-12	0.00e+00	0.00e+00	0.00e+00	0.00e+00	0.00e+00	0.00e+00	7.00e-01	9.21e-02	5.82e-02
 2.10835e+16	8.57e-01	1.43e-01	1.38e-12	0.00e+00	0.00e+00	0.00e+00	0.00e+00	0.00e+00	0.00e+00	7.07e-01	9.14e-02	5.79e-02
 2.10899e+16	8.63e-01	1.37e-01	1.36e-12	0.00e+00	0.00e+00	0.00e+00	0.00e+00	0.00e+00	0.00e+00	7.14e-01	9.07e-02	5.76e-02
 2.10962e+16	8.68e-01	1.32e-01	1.33e-12	0.00e+00	0.00e+00	0.00e+00	0.00e+00	0.00e+00	0.00e+00	7.21e-01	8.99e-02	5.73e-02
 2.11024e+16	8.73e-01	1.27e-01	1.30e-12	0.00e+00	0.00e+00	0.00e+00	0.00e+00	0.00e+00	0.00e+00	7.27e-01	8.92e-02	5.70e-02
 2.11087e+16	8.78e-01	1.22e-01	1.27e-12	0.00e+00	0.00e+00	0.00e+00	0.00e+00	0.00e+00	0.00e+00	7.33e-01	8.85e-02	5.67e-02
 2.11149e+16	8.83e-01	1.17e-01	1.24e-12	0.00e+00	0.00e+00	0.00e+00	0.00e+00	0.00e+00	0.00e+00	7.39e-01	8.77e-02	5.63e-02
 2.11210e+16	8.88e-01	1.12e-01	1.21e-12	0.00e+00	0.00e+00	0.00e+00	0.00e+00	0.00e+00	0.00e+00	7.45e-01	8.70e-02	5.60e-02
 2.11269e+16	8.93e-01	1.07e-01	1.18e-12	0.00e+00	0.00e+00	0.00e+00	0.00e+00	0.00e+00	0.00e+00	7.51e-01	8.62e-02	5.56e-02
 2.11329e+16	8.97e-01	1.03e-01	1.16e-12	0.00e+00	0.00e+00	0.00e+00	0.00e+00	0.00e+00	0.00e+00	7.56e-01	8.55e-02	5.53e-02
 2.11389e+16	9.01e-01	9.89e-02	1.13e-12	0.00e+00	0.00e+00	0.00e+00	0.00e+00	0.00e+00	0.00e+00	7.61e-01	8.48e-02	5.49e-02
 2.11449e+16	9.05e-01	9.48e-02	1.10e-12	0.00e+00	0.00e+00	0.00e+00	0.00e+00	0.00e+00	0.00e+00	7.67e-01	8.41e-02	5.46e-02
 2.11507e+16	9.09e-01	9.10e-02	1.08e-12	0.00e+00	0.00e+00	0.00e+00	0.00e+00	0.00e+00	0.00e+00	7.71e-01	8.33e-02	5.42e-02
 2.11564e+16	9.12e-01	8.75e-02	1.05e-12	0.00e+00	0.00e+00	0.00e+00	0.00e+00	0.00e+00	0.00e+00	7.76e-01	8.27e-02	5.39e-02
 2.11622e+16	9.16e-01	8.40e-02	1.03e-12	0.00e+00	0.00e+00	0.00e+00	0.00e+00	0.00e+00	0.00e+00	7.81e-01	8.20e-02	5.35e-02
 2.11680e+16	9.19e-01	8.05e-02	1.00e-12	0.00e+00	0.00e+00	0.00e+00	0.00e+00	0.00e+00	0.00e+00	7.85e-01	8.13e-02	5.32e-02
 2.11737e+16	9.23e-01	7.72e-02	9.79e-13	0.00e+00	0.00e+00	0.00e+00	0.00e+00	0.00e+00	0.00e+00	7.89e-01	8.06e-02	5.28e-02
 2.11794e+16	9.26e-01	7.43e-02	9.56e-13	0.00e+00	0.00e+00	0.00e+00	0.00e+00	0.00e+00	0.00e+00	7.93e-01	8.00e-02	5.25e-02
 2.11851e+16	9.29e-01	7.12e-02	9.33e-13	0.00e+00	0.00e+00	0.00e+00	0.00e+00	0.00e+00	0.00e+00	7.97e-01	7.93e-02	5.21e-02
 2.11906e+16	9.32e-01	6.84e-02	9.10e-13	0.00e+00	0.00e+00	0.00e+00	0.00e+00	0.00e+00	0.00e+00	8.01e-01	7.87e-02	5.18e-02
 2.11961e+16	9.34e-01	6.56e-02	8.87e-13	0.00e+00	0.00e+00	0.00e+00	0.00e+00	0.00e+00	0.00e+00	8.05e-01	7.81e-02	5.14e-02
 2.12017e+16	9.37e-01	6.30e-02	8.65e-13	0.00e+00	0.00e+00	0.00e+00	0.00e+00	0.00e+00	0.00e+00	8.08e-01	7.75e-02	5.11e-02
 2.12073e+16	9.40e-01	6.05e-02	8.44e-13	0.00e+00	0.00e+00	0.00e+00	0.00e+00	0.00e+00	0.00e+00	8.12e-01	7.69e-02	5.08e-02
 2.12127e+16	9.42e-01	5.80e-02	8.23e-13	0.00e+00	0.00e+00	0.00e+00	0.00e+00	0.00e+00	0.00e+00	8.15e-01	7.63e-02	5.05e-02
 2.12180e+16	9.44e-01	5.57e-02	8.03e-13	0.00e+00	0.00e+00	0.00e+00	0.00e+00	0.00e+00	0.00e+00	8.18e-01	7.58e-02	5.01e-02
 2.12234e+16	9.47e-01	5.34e-02	7.83e-13	0.00e+00	0.00e+00	0.00e+00	0.00e+00	0.00e+00	0.00e+00	8.22e-01	7.52e-02	4.98e-02
 2.12289e+16	9.49e-01	5.12e-02	7.63e-13	0.00e+00	0.00e+00	0.00e+00	0.00e+00	0.00e+00	0.00e+00	8.25e-01	7.46e-02	4.95e-02
 2.12342e+16	9.51e-01	4.92e-02	7.44e-13	0.00e+00	0.00e+00	0.00e+00	0.00e+00	0.00e+00	0.00e+00	8.27e-01	7.41e-02	4.92e-02
 2.12395e+16	9.53e-01	4.72e-02	7.25e-13	0.00e+00	0.00e+00	0.00e+00	0.00e+00	0.00e+00	0.00e+00	8.30e-01	7.36e-02	4.89e-02
 2.12447e+16	9.55e-01	4.53e-02	7.08e-13	0.00e+00	0.00e+00	0.00e+00	0.00e+00	0.00e+00	0.00e+00	8.33e-01	7.31e-02	4.86e-02
 2.12498e+16	9.56e-01	4.35e-02	6.91e-13	0.00e+00	0.00e+00	0.00e+00	0.00e+00	0.00e+00	0.00e+00	8.35e-01	7.26e-02	4.84e-02
 2.12549e+16	9.58e-01	4.18e-02	6.74e-13	0.00e+00	0.00e+00	0.00e+00	0.00e+00	0.00e+00	0.00e+00	8.38e-01	7.22e-02	4.81e-02
 2.12599e+16	9.60e-01	4.01e-02	6.57e-13	0.00e+00	0.00e+00	0.00e+00	0.00e+00	0.00e+00	0.00e+00	8.40e-01	7.17e-02	4.78e-02
 2.12650e+16	9.62e-01	3.85e-02	6.41e-13	0.00e+00	0.00e+00	0.00e+00	0.00e+00	0.00e+00	0.00e+00	8.43e-01	7.12e-02	4.75e-02
 2.12700e+16	9.63e-01	3.69e-02	6.26e-13	0.00e+00	0.00e+00	0.00e+00	0.00e+00	0.00e+00	0.00e+00	8.45e-01	7.08e-02	4.72e-02
 2.12749e+16	9.65e-01	3.54e-02	6.11e-13	0.00e+00	0.00e+00	0.00e+00	0.00e+00	0.00e+00	0.00e+00	8.47e-01	7.03e-02	4.70e-02
 2.12797e+16	9.66e-01	3.40e-02	5.97e-13	0.00e+00	0.00e+00	0.00e+00	0.00e+00	0.00e+00	0.00e+00	8.49e-01	6.99e-02	4.67e-02
 2.12844e+16	9.67e-01	3.26e-02	5.83e-13	0.00e+00	0.00e+00	0.00e+00	0.00e+00	0.00e+00	0.00e+00	8.52e-01	6.94e-02	4.64e-02
 2.12891e+16	9.69e-01	3.13e-02	5.69e-13	0.00e+00	0.00e+00	0.00e+00	0.00e+00	0.00e+00	0.00e+00	8.54e-01	6.90e-02	4.62e-02
 2.12938e+16	9.70e-01	3.00e-02	5.56e-13	0.00e+00	0.00e+00	0.00e+00	0.00e+00	0.00e+00	0.00e+00	8.56e-01	6.85e-02	4.59e-02
 2.12983e+16	9.71e-01	2.88e-02	5.44e-13	0.00e+00	0.00e+00	0.00e+00	0.00e+00	0.00e+00	0.00e+00	8.58e-01	6.81e-02	4.56e-02
 2.13028e+16	9.72e-01	2.76e-02	5.31e-13	0.00e+00	0.00e+00	0.00e+00	0.00e+00	0.00e+00	0.00e+00	8.59e-01	6.77e-02	4.53e-02
 2.13072e+16	9.74e-01	2.64e-02	5.20e-13	0.00e+00	0.00e+00	0.00e+00	0.00e+00	0.00e+00	0.00e+00	8.61e-01	6.72e-02	4.51e-02
 2.13115e+16	9.75e-01	2.53e-02	5.08e-13	0.00e+00	0.00e+00	0.00e+00	0.00e+00	0.00e+00	0.00e+00	8.63e-01	6.68e-02	4.48e-02
 2.13157e+16	9.76e-01	2.43e-02	4.98e-13	0.00e+00	0.00e+00	0.00e+00	0.00e+00	0.00e+00	0.00e+00	8.65e-01	6.64e-02	4.45e-02
 2.13198e+16	9.77e-01	2.32e-02	4.87e-13	0.00e+00	0.00e+00	0.00e+00	0.00e+00	0.00e+00	0.00e+00	8.67e-01	6.60e-02	4.42e-02
 2.13238e+16	9.78e-01	2.22e-02	4.77e-13	0.00e+00	0.00e+00	0.00e+00	0.00e+00	0.00e+00	0.00e+00	8.68e-01	6.56e-02	4.39e-02
 2.13274e+16	9.79e-01	2.14e-02	4.69e-13	0.00e+00	0.00e+00	0.00e+00	0.00e+00	0.00e+00	0.00e+00	8.70e-01	6.52e-02	4.37e-02
 2.13306e+16	9.79e-01	2.06e-02	4.61e-13	0.00e+00	0.00e+00	0.00e+00	0.00e+00	0.00e+00	0.00e+00	8.71e-01	6.48e-02	4.34e-02
 2.13335e+16	9.80e-01	1.99e-02	4.54e-13	0.00e+00	0.00e+00	0.00e+00	0.00e+00	0.00e+00	0.00e+00	8.72e-01	6.45e-02	4.32e-02
 2.13362e+16	9.81e-01	1.93e-02	4.47e-13	0.00e+00	0.00e+00	0.00e+00	0.00e+00	0.00e+00	0.00e+00	8.74e-01	6.42e-02	4.29e-02
 2.13387e+16	9.81e-01	1.87e-02	4.41e-13	0.00e+00	0.00e+00	0.00e+00	0.00e+00	0.00e+00	0.00e+00	8.75e-01	6.38e-02	4.27e-02
 2.13411e+16	9.82e-01	1.81e-02	4.35e-13	0.00e+00	0.00e+00	0.00e+00	0.00e+00	0.00e+00	0.00e+00	8.76e-01	6.35e-02	4.25e-02
 2.13432e+16	9.82e-01	1.76e-02	4.29e-13	0.00e+00	0.00e+00	0.00e+00	0.00e+00	0.00e+00	0.00e+00	8.77e-01	6.33e-02	4.23e-02
 2.13453e+16	9.83e-01	1.71e-02	4.24e-13	0.00e+00	0.00e+00	0.00e+00	0.00e+00	0.00e+00	0.00e+00	8.78e-01	6.30e-02	4.21e-02
 2.13472e+16	9.83e-01	1.66e-02	4.19e-13	0.00e+00	0.00e+00	0.00e+00	0.00e+00	0.00e+00	0.00e+00	8.79e-01	6.27e-02	4.18e-02
 2.13489e+16	9.84e-01	1.62e-02	4.14e-13	0.00e+00	0.00e+00	0.00e+00	0.00e+00	0.00e+00	0.00e+00	8.80e-01	6.24e-02	4.17e-02
 2.13505e+16	9.84e-01	1.59e-02	4.09e-13	0.00e+00	0.00e+00	0.00e+00	0.00e+00	0.00e+00	0.00e+00	8.80e-01	6.22e-02	4.15e-02
 2.13520e+16	9.84e-01	1.55e-02	4.05e-13	0.00e+00	0.00e+00	0.00e+00	0.00e+00	0.00e+00	0.00e+00	8.81e-01	6.20e-02	4.13e-02
 2.13533e+16	9.85e-01	1.52e-02	4.01e-13	0.00e+00	0.00e+00	0.00e+00	0.00e+00	0.00e+00	0.00e+00	8.82e-01	6.18e-02	4.12e-02
 2.13545e+16	9.85e-01	1.50e-02	3.98e-13	0.00e+00	0.00e+00	0.00e+00	0.00e+00	0.00e+00	0.00e+00	8.82e-01	6.16e-02	4.10e-02
 2.13556e+16	9.85e-01	1.47e-02	3.94e-13	0.00e+00	0.00e+00	0.00e+00	0.00e+00	0.00e+00	0.00e+00	8.83e-01	6.14e-02	4.09e-02
 2.13567e+16	9.86e-01	1.45e-02	3.90e-13	0.00e+00	0.00e+00	0.00e+00	0.00e+00	0.00e+00	0.00e+00	8.84e-01	6.12e-02	4.08e-02
 2.13580e+16	9.86e-01	1.42e-02	3.86e-13	0.00e+00	0.00e+00	0.00e+00	0.00e+00	0.00e+00	0.00e+00	8.84e-01	6.09e-02	4.06e-02
 2.13592e+16	9.86e-01	1.39e-02	3.82e-13	0.00e+00	0.00e+00	0.00e+00	0.00e+00	0.00e+00	0.00e+00	8.85e-01	6.07e-02	4.04e-02
 2.13603e+16	9.86e-01	1.37e-02	3.79e-13	0.00e+00	0.00e+00	0.00e+00	0.00e+00	0.00e+00	0.00e+00	8.85e-01	6.05e-02	4.03e-02
 2.13614e+16	9.87e-01	1.35e-02	3.75e-13	0.00e+00	0.00e+00	0.00e+00	0.00e+00	0.00e+00	0.00e+00	8.86e-01	6.03e-02	4.02e-02
 2.13629e+16	9.87e-01	1.31e-02	3.69e-13	0.00e+00	0.00e+00	0.00e+00	0.00e+00	0.00e+00	0.00e+00	8.87e-01	5.99e-02	3.99e-02
 2.13646e+16	9.87e-01	1.28e-02	3.63e-13	0.00e+00	0.00e+00	0.00e+00	0.00e+00	0.00e+00	0.00e+00	8.88e-01	5.96e-02	3.97e-02
 2.13661e+16	9.88e-01	1.25e-02	3.58e-13	0.00e+00	0.00e+00	0.00e+00	0.00e+00	0.00e+00	0.00e+00	8.89e-01	5.93e-02	3.95e-02
 2.13674e+16	9.88e-01	1.23e-02	3.53e-13	0.00e+00	0.00e+00	0.00e+00	0.00e+00	0.00e+00	0.00e+00	8.89e-01	5.91e-02	3.93e-02
 2.13686e+16	9.88e-01	1.20e-02	3.49e-13	0.00e+00	0.00e+00	0.00e+00	0.00e+00	0.00e+00	0.00e+00	8.90e-01	5.89e-02	3.92e-02
 2.13698e+16	9.88e-01	1.18e-02	3.45e-13	0.00e+00	0.00e+00	0.00e+00	0.00e+00	0.00e+00	0.00e+00	8.90e-01	5.87e-02	3.91e-02
 2.13710e+16	9.88e-01	1.16e-02	3.41e-13	0.00e+00	0.00e+00	0.00e+00	0.00e+00	0.00e+00	0.00e+00	8.91e-01	5.85e-02	3.89e-02
 2.13723e+16	9.89e-01	1.14e-02	3.36e-13	0.00e+00	0.00e+00	0.00e+00	0.00e+00	0.00e+00	0.00e+00	8.92e-01	5.83e-02	3.88e-02
 2.13735e+16	9.89e-01	1.12e-02	3.32e-13	0.00e+00	0.00e+00	0.00e+00	0.00e+00	0.00e+00	0.00e+00	8.92e-01	5.81e-02	3.86e-02
 2.13749e+16	9.89e-01	1.10e-02	3.26e-13	0.00e+00	0.00e+00	0.00e+00	0.00e+00	0.00e+00	0.00e+00	8.93e-01	5.78e-02	3.84e-02
 2.13763e+16	9.89e-01	1.07e-02	3.21e-13	0.00e+00	0.00e+00	0.00e+00	0.00e+00	0.00e+00	0.00e+00	8.93e-01	5.76e-02	3.83e-02
 2.13776e+16	9.89e-01	1.05e-02	3.17e-13	0.00e+00	0.00e+00	0.00e+00	0.00e+00	0.00e+00	0.00e+00	8.94e-01	5.74e-02	3.81e-02
 2.13788e+16	9.90e-01	1.03e-02	3.12e-13	0.00e+00	0.00e+00	0.00e+00	0.00e+00	0.00e+00	0.00e+00	8.95e-01	5.72e-02	3.79e-02
 2.13801e+16	9.90e-01	1.02e-02	3.08e-13	0.00e+00	0.00e+00	0.00e+00	0.00e+00	0.00e+00	0.00e+00	8.95e-01	5.70e-02	3.78e-02
 2.13817e+16	9.90e-01	9.87e-03	3.01e-13	0.00e+00	0.00e+00	0.00e+00	0.00e+00	0.00e+00	0.00e+00	8.96e-01	5.66e-02	3.75e-02
 2.13836e+16	9.90e-01	9.61e-03	2.94e-13	0.00e+00	0.00e+00	0.00e+00	0.00e+00	0.00e+00	0.00e+00	8.97e-01	5.63e-02	3.73e-02
 2.13852e+16	9.91e-01	9.35e-03	2.87e-13	0.00e+00	0.00e+00	0.00e+00	0.00e+00	0.00e+00	0.00e+00	8.98e-01	5.60e-02	3.70e-02
 2.13867e+16	9.91e-01	9.14e-03	2.81e-13	0.00e+00	0.00e+00	0.00e+00	0.00e+00	0.00e+00	0.00e+00	8.98e-01	5.57e-02	3.68e-02
 2.13881e+16	9.91e-01	8.95e-03	2.75e-13	0.00e+00	0.00e+00	0.00e+00	0.00e+00	0.00e+00	0.00e+00	8.99e-01	5.55e-02	3.66e-02
 2.13893e+16	9.91e-01	8.77e-03	2.70e-13	0.00e+00	0.00e+00	0.00e+00	0.00e+00	0.00e+00	0.00e+00	9.00e-01	5.52e-02	3.64e-02
 2.13905e+16	9.91e-01	8.61e-03	2.66e-13	0.00e+00	0.00e+00	0.00e+00	0.00e+00	0.00e+00	0.00e+00	9.00e-01	5.50e-02	3.62e-02
 2.13917e+16	9.92e-01	8.45e-03	2.61e-13	0.00e+00	0.00e+00	0.00e+00	0.00e+00	0.00e+00	0.00e+00	9.01e-01	5.48e-02	3.61e-02
 2.13931e+16	9.92e-01	8.25e-03	2.56e-13	0.00e+00	0.00e+00	0.00e+00	0.00e+00	0.00e+00	0.00e+00	9.01e-01	5.45e-02	3.58e-02
 2.13943e+16	9.92e-01	8.10e-03	2.51e-13	0.00e+00	0.00e+00	0.00e+00	0.00e+00	0.00e+00	0.00e+00	9.02e-01	5.43e-02	3.56e-02
 2.13954e+16	9.92e-01	7.96e-03	2.47e-13	0.00e+00	0.00e+00	0.00e+00	0.00e+00	0.00e+00	0.00e+00	9.03e-01	5.41e-02	3.54e-02
 2.13966e+16	9.92e-01	7.80e-03	2.42e-13	0.00e+00	0.00e+00	0.00e+00	0.00e+00	0.00e+00	0.00e+00	9.03e-01	5.38e-02	3.52e-02
 2.13979e+16	9.92e-01	7.64e-03	2.38e-13	0.00e+00	0.00e+00	0.00e+00	0.00e+00	0.00e+00	0.00e+00	9.04e-01	5.36e-02	3.50e-02
 2.13991e+16	9.93e-01	7.49e-03	2.33e-13	0.00e+00	0.00e+00	0.00e+00	0.00e+00	0.00e+00	0.00e+00	9.04e-01	5.33e-02	3.48e-02
 2.14002e+16	9.93e-01	7.36e-03	2.30e-13	0.00e+00	0.00e+00	0.00e+00	0.00e+00	0.00e+00	0.00e+00	9.05e-01	5.31e-02	3.46e-02
 2.14014e+16	9.93e-01	7.24e-03	2.26e-13	0.00e+00	0.00e+00	0.00e+00	0.00e+00	0.00e+00	0.00e+00	9.05e-01	5.29e-02	3.45e-02
 2.14030e+16	9.93e-01	7.03e-03	2.20e-13	0.00e+00	0.00e+00	0.00e+00	0.00e+00	0.00e+00	0.00e+00	9.06e-01	5.25e-02	3.41e-02
 2.14046e+16	9.93e-01	6.85e-03	2.15e-13	0.00e+00	0.00e+00	0.00e+00	0.00e+00	0.00e+00	0.00e+00	9.07e-01	5.22e-02	3.39e-02
###########################
 1.44327e+11	5.50e-05	4.01e-02	9.50e-01	1.01e-02	0.00e+00	0.00e+00	0.00e+00	0.00e+00	0.00e+00	4.34e-05	7.77e-06	3.82e-06
 8.65965e+11	5.50e-05	4.02e-02	9.50e-01	1.00e-02	0.00e+00	0.00e+00	0.00e+00	0.00e+00	0.00e+00	4.34e-05	7.77e-06	3.83e-06
 3.75251e+12	5.51e-05	4.03e-02	9.50e-01	9.85e-03	0.00e+00	0.00e+00	0.00e+00	0.00e+00	0.00e+00	4.35e-05	7.79e-06	3.84e-06
 1.52987e+13	5.56e-05	4.05e-02	9.50e-01	9.23e-03	0.00e+00	0.00e+00	0.00e+00	0.00e+00	0.00e+00	4.38e-05	7.85e-06	3.88e-06
 3.65437e+13	5.54e-05	4.09e-02	9.51e-01	8.33e-03	0.00e+00	0.00e+00	0.00e+00	0.00e+00	0.00e+00	4.37e-05	7.82e-06	3.88e-06
 6.41622e+13	5.56e-05	4.13e-02	9.51e-01	7.28e-03	0.00e+00	0.00e+00	0.00e+00	0.00e+00	0.00e+00	4.38e-05	7.83e-06	3.90e-06
 1.00066e+14	5.59e-05	4.18e-02	9.52e-01	6.12e-03	0.00e+00	0.00e+00	0.00e+00	0.00e+00	0.00e+00	4.41e-05	7.86e-06	3.94e-06
 1.46742e+14	5.64e-05	4.26e-02	9.52e-01	4.88e-03	0.00e+00	0.00e+00	0.00e+00	0.00e+00	0.00e+00	4.45e-05	7.93e-06	3.99e-06
 2.07419e+14	5.74e-05	4.37e-02	9.53e-01	3.64e-03	0.00e+00	0.00e+00	0.00e+00	0.00e+00	0.00e+00	4.53e-05	8.04e-06	4.06e-06
 2.86301e+14	5.88e-05	4.52e-02	9.52e-01	2.48e-03	0.00e+00	0.00e+00	0.00e+00	0.00e+00	0.00e+00	4.64e-05	8.20e-06	4.17e-06
 3.88846e+14	6.09e-05	4.74e-02	9.51e-01	1.51e-03	0.00e+00	0.00e+00	0.00e+00	0.00e+00	0.00e+00	4.82e-05	8.45e-06	4.33e-06
 5.22155e+14	6.41e-05	5.04e-02	9.49e-01	7.96e-04	0.00e+00	0.00e+00	0.00e+00	0.00e+00	0.00e+00	5.07e-05	8.83e-06	4.55e-06
 6.95457e+14	6.89e-05	5.49e-02	9.45e-01	3.49e-04	0.00e+00	0.00e+00	0.00e+00	0.00e+00	0.00e+00	5.46e-05	9.41e-06	4.88e-06
 8.63565e+14	7.22e-05	5.96e-02	9.40e-01	1.62e-04	0.00e+00	0.00e+00	0.00e+00	0.00e+00	0.00e+00	5.73e-05	9.78e-06	5.12e-06
 9.94788e+14	7.58e-05	6.38e-02	9.36e-01	8.86e-05	0.00e+00	0.00e+00	0.00e+00	0.00e+00	0.00e+00	6.02e-05	1.02e-05	5.37e-06
 1.13524e+15	8.13e-05	6.90e-02	9.31e-01	4.59e-05	0.00e+00	0.00e+00	0.00e+00	0.00e+00	0.00e+00	6.46e-05	1.09e-05	5.76e-06
 1.31784e+15	8.99e-05	7.68e-02	9.23e-01	1.97e-05	0.00e+00	0.00e+00	0.00e+00	0.00e+00	0.00e+00	7.16e-05	1.20e-05	6.36e-06
 1.55521e+15	1.03e-04	8.87e-02	9.11e-01	6.77e-06	0.00e+00	0.00e+00	0.00e+00	0.00e+00	0.00e+00	8.18e-05	1.36e-05	7.26e-06
 1.82330e+15	1.20e-04	1.05e-01	8.94e-01	2.08e-06	0.00e+00	0.00e+00	0.00e+00	0.00e+00	0.00e+00	9.55e-05	1.58e-05	8.48e-06
 2.08085e+15	1.41e-04	1.26e-01	8.73e-01	6.93e-07	0.00e+00	0.00e+00	0.00e+00	0.00e+00	0.00e+00	1.13e-04	1.85e-05	1.00e-05
 2.31470e+15	1.67e-04	1.52e-01	8.48e-01	2.63e-07	0.00e+00	0.00e+00	0.00e+00	0.00e+00	0.00e+00	1.33e-04	2.18e-05	1.19e-05
 2.53016e+15	1.98e-04	1.82e-01	8.18e-01	0.00e+00	0.00e+00	0.00e+00	0.00e+00	0.00e+00	0.00e+00	1.58e-04	2.59e-05	1.42e-05
 2.71928e+15	2.33e-04	2.17e-01	7.83e-01	0.00e+00	0.00e+00	0.00e+00	0.00e+00	0.00e+00	0.00e+00	1.86e-04	3.04e-05	1.67e-05
 2.87890e+15	2.72e-04	2.54e-01	7.46e-01	0.00e+00	0.00e+00	0.00e+00	0.00e+00	0.00e+00	0.00e+00	2.17e-04	3.54e-05	1.95e-05
 3.05309e+15	3.26e-04	3.05e-01	6.94e-01	0.00e+00	0.00e+00	0.00e+00	0.00e+00	0.00e+00	0.00e+00	2.60e-04	4.27e-05	2.35e-05
 3.24324e+15	3.99e-04	3.76e-01	6.23e-01	0.00e+00	0.00e+00	0.00e+00	0.00e+00	0.00e+00	0.00e+00	3.17e-04	5.25e-05	2.89e-05
 3.40844e+15	4.77e-04	4.55e-01	5.44e-01	0.00e+00	0.00e+00	0.00e+00	0.00e+00	0.00e+00	0.00e+00	3.79e-04	6.33e-05	3.49e-05
 3.54655e+15	5.55e-04	5.34e-01	4.65e-01	0.00e+00	0.00e+00	0.00e+00	0.00e+00	0.00e+00	0.00e+00	4.40e-04	7.42e-05	4.08e-05
 3.69515e+15	6.49e-04	6.28e-01	3.71e-01	0.00e+00	0.00e+00	0.00e+00	0.00e+00	0.00e+00	0.00e+00	5.13e-04	8.76e-05	4.80e-05
 3.88832e+15	7.71e-04	7.49e-01	2.50e-01	0.00e+00	0.00e+00	0.00e+00	0.00e+00	0.00e+00	0.00e+00	6.08e-04	1.05e-04	5.76e-05
 4.09539e+15	8.83e-04	8.61e-01	1.38e-01	0.00e+00	0.00e+00	0.00e+00	0.00e+00	0.00e+00	0.00e+00	6.94e-04	1.22e-04	6.64e-05
 4.29034e+15	9.63e-04	9.31e-01	6.80e-02	0.00e+00	0.00e+00	0.00e+00	0.00e+00	0.00e+00	0.00e+00	7.57e-04	1.33e-04	7.26e-05
 4.47912e+15	1.02e-03	9.68e-01	3.15e-02	0.00e+00	0.00e+00	0.00e+00	0.00e+00	0.00e+00	0.00e+00	8.02e-04	1.41e-04	7.68e-05
 4.65138e+15	1.06e-03	9.84e-01	1.48e-02	0.00e+00	0.00e+00	0.00e+00	0.00e+00	0.00e+00	0.00e+00	8.37e-04	1.46e-04	7.97e-05
 4.80097e+15	1.10e-03	9.91e-01	7.55e-03	0.00e+00	0.00e+00	0.00e+00	0.00e+00	0.00e+00	0.00e+00	8.70e-04	1.50e-04	8.23e-05
 4.93095e+15	1.14e-03	9.95e-01	4.13e-03	0.00e+00	0.00e+00	0.00e+00	0.00e+00	0.00e+00	0.00e+00	9.02e-04	1.54e-04	8.47e-05
 5.04783e+15	1.18e-03	9.96e-01	2.37e-03	0.00e+00	0.00e+00	0.00e+00	0.00e+00	0.00e+00	0.00e+00	9.37e-04	1.58e-04	8.71e-05
 5.15553e+15	1.23e-03	9.97e-01	1.40e-03	0.00e+00	0.00e+00	0.00e+00	0.00e+00	0.00e+00	0.00e+00	9.75e-04	1.62e-04	8.97e-05
 5.25467e+15	1.28e-03	9.98e-01	8.56e-04	0.00e+00	0.00e+00	0.00e+00	0.00e+00	0.00e+00	0.00e+00	1.02e-03	1.67e-04	9.25e-05
 5.34491e+15	1.33e-03	9.98e-01	5.39e-04	0.00e+00	0.00e+00	0.00e+00	0.00e+00	0.00e+00	0.00e+00	1.06e-03	1.72e-04	9.54e-05
 5.42674e+15	1.38e-03	9.98e-01	3.51e-04	0.00e+00	0.00e+00	0.00e+00	0.00e+00	0.00e+00	0.00e+00	1.10e-03	1.76e-04	9.83e-05
 5.50171e+15	1.43e-03	9.98e-01	2.34e-04	0.00e+00	0.00e+00	0.00e+00	0.00e+00	0.00e+00	0.00e+00	1.15e-03	1.81e-04	1.01e-04
 5.57148e+15	1.49e-03	9.98e-01	1.59e-04	0.00e+00	0.00e+00	0.00e+00	0.00e+00	0.00e+00	0.00e+00	1.20e-03	1.86e-04	1.04e-04
 5.63697e+15	1.55e-03	9.98e-01	1.10e-04	0.00e+00	0.00e+00	0.00e+00	0.00e+00	0.00e+00	0.00e+00	1.25e-03	1.91e-04	1.07e-04
 5.69850e+15	1.60e-03	9.98e-01	7.70e-05	0.00e+00	0.00e+00	0.00e+00	0.00e+00	0.00e+00	0.00e+00	1.30e-03	1.96e-04	1.10e-04
 5.75651e+15	1.66e-03	9.98e-01	5.45e-05	0.00e+00	0.00e+00	0.00e+00	0.00e+00	0.00e+00	0.00e+00	1.35e-03	2.01e-04	1.13e-04
 5.81128e+15	1.72e-03	9.98e-01	3.91e-05	0.00e+00	0.00e+00	0.00e+00	0.00e+00	0.00e+00	0.00e+00	1.39e-03	2.05e-04	1.16e-04
 5.86321e+15	1.77e-03	9.98e-01	2.83e-05	0.00e+00	0.00e+00	0.00e+00	0.00e+00	0.00e+00	0.00e+00	1.44e-03	2.10e-04	1.19e-04
 5.91317e+15	1.82e-03	9.98e-01	2.06e-05	0.00e+00	0.00e+00	0.00e+00	0.00e+00	0.00e+00	0.00e+00	1.49e-03	2.14e-04	1.22e-04
 5.96150e+15	1.87e-03	9.98e-01	1.50e-05	0.00e+00	0.00e+00	0.00e+00	0.00e+00	0.00e+00	0.00e+00	1.53e-03	2.18e-04	1.24e-04
 6.00844e+15	1.92e-03	9.98e-01	1.10e-05	0.00e+00	0.00e+00	0.00e+00	0.00e+00	0.00e+00	0.00e+00	1.58e-03	2.22e-04	1.26e-04
 6.05418e+15	1.97e-03	9.98e-01	8.08e-06	0.00e+00	0.00e+00	0.00e+00	0.00e+00	0.00e+00	0.00e+00	1.61e-03	2.25e-04	1.29e-04
 6.09831e+15	2.02e-03	9.98e-01	5.95e-06	0.00e+00	0.00e+00	0.00e+00	0.00e+00	0.00e+00	0.00e+00	1.66e-03	2.28e-04	1.31e-04
 6.14797e+15	2.06e-03	9.98e-01	4.17e-06	0.00e+00	0.00e+00	0.00e+00	0.00e+00	0.00e+00	0.00e+00	1.70e-03	2.32e-04	1.33e-04
 6.20093e+15	2.11e-03	9.98e-01	2.83e-06	0.00e+00	0.00e+00	0.00e+00	0.00e+00	0.00e+00	0.00e+00	1.74e-03	2.35e-04	1.35e-04
 6.24588e+15	2.15e-03	9.98e-01	2.02e-06	0.00e+00	0.00e+00	0.00e+00	0.00e+00	0.00e+00	0.00e+00	1.78e-03	2.37e-04	1.37e-04
 6.28510e+15	2.18e-03	9.98e-01	1.49e-06	0.00e+00	0.00e+00	0.00e+00	0.00e+00	0.00e+00	0.00e+00	1.80e-03	2.39e-04	1.38e-04
 6.32914e+15	2.21e-03	9.98e-01	1.05e-06	0.00e+00	0.00e+00	0.00e+00	0.00e+00	0.00e+00	0.00e+00	1.83e-03	2.41e-04	1.39e-04
