#depth	H	H+	H2
 1.44327e+11	3.24e-03	9.97e-01	1.53e-11
 8.65965e+11	3.24e-03	9.97e-01	1.54e-11
 3.75251e+12	3.24e-03	9.97e-01	1.54e-11
 1.52987e+13	3.24e-03	9.97e-01	1.54e-11
 3.65437e+13	3.21e-03	9.97e-01	1.54e-11
 6.41622e+13	3.19e-03	9.97e-01	1.52e-11
 1.00066e+14	3.16e-03	9.97e-01	1.51e-11
 1.46742e+14	3.13e-03	9.97e-01	1.50e-11
 2.07419e+14	3.10e-03	9.97e-01	1.49e-11
 2.86301e+14	3.06e-03	9.97e-01	1.47e-11
 3.88846e+14	3.02e-03	9.97e-01	1.46e-11
 5.22155e+14	2.97e-03	9.97e-01	1.43e-11
 6.95457e+14	2.91e-03	9.97e-01	1.40e-11
 8.63565e+14	2.80e-03	9.97e-01	1.33e-11
 9.94789e+14	2.74e-03	9.97e-01	1.28e-11
 1.13525e+15	2.69e-03	9.97e-01	1.24e-11
 1.31784e+15	2.65e-03	9.97e-01	1.22e-11
 1.55522e+15	2.59e-03	9.97e-01	1.19e-11
 1.82327e+15	2.51e-03	9.97e-01	1.13e-11
 2.08079e+15	2.44e-03	9.98e-01	1.08e-11
 2.31464e+15	2.37e-03	9.98e-01	1.03e-11
 2.53007e+15	2.32e-03	9.98e-01	9.89e-12
 2.71915e+15	2.27e-03	9.98e-01	9.51e-12
 2.87875e+15	2.23e-03	9.98e-01	9.19e-12
 3.05293e+15	2.20e-03	9.98e-01	8.91e-12
 3.24306e+15	2.15e-03	9.98e-01	8.53e-12
 3.40825e+15	2.09e-03	9.98e-01	8.09e-12
 3.54635e+15	2.05e-03	9.98e-01	7.70e-12
 3.69495e+15	2.01e-03	9.98e-01	7.34e-12
 3.88812e+15	1.96e-03	9.98e-01	6.97e-12
 4.09521e+15	1.91e-03	9.98e-01	6.67e-12
 4.29021e+15	1.90e-03	9.98e-01	6.58e-12
 4.47904e+15	1.90e-03	9.98e-01	6.68e-12
 4.65132e+15	1.92e-03	9.98e-01	6.91e-12
 4.80090e+15	1.96e-03	9.98e-01	7.25e-12
 4.93086e+15	2.00e-03	9.98e-01	7.63e-12
 5.04773e+15	2.04e-03	9.98e-01	8.10e-12
 5.15543e+15	2.09e-03	9.98e-01	8.64e-12
 5.25457e+15	2.15e-03	9.98e-01	9.25e-12
 5.34481e+15	2.21e-03	9.98e-01	9.94e-12
 5.42663e+15	2.27e-03	9.98e-01	1.07e-11
 5.50160e+15	2.34e-03	9.98e-01	1.15e-11
 5.57136e+15	2.41e-03	9.98e-01	1.23e-11
 5.63685e+15	2.47e-03	9.98e-01	1.32e-11
 5.69839e+15	2.54e-03	9.97e-01	1.42e-11
 5.75639e+15	2.61e-03	9.97e-01	1.52e-11
 5.81117e+15	2.68e-03	9.97e-01	1.62e-11
 5.86309e+15	2.74e-03	9.97e-01	1.72e-11
 5.91305e+15	2.81e-03	9.97e-01	1.82e-11
 5.96138e+15	2.86e-03	9.97e-01	1.92e-11
 6.00832e+15	2.92e-03	9.97e-01	2.03e-11
 6.05406e+15	2.97e-03	9.97e-01	2.12e-11
 6.09819e+15	3.03e-03	9.97e-01	2.22e-11
 6.14785e+15	3.08e-03	9.97e-01	2.33e-11
 6.20081e+15	3.14e-03	9.97e-01	2.45e-11
 6.24577e+15	3.18e-03	9.97e-01	2.55e-11
 6.28500e+15	3.22e-03	9.97e-01	2.63e-11
 6.32908e+15	3.25e-03	9.97e-01	2.72e-11
 6.38637e+15	3.29e-03	9.97e-01	2.82e-11
 6.44964e+15	3.34e-03	9.97e-01	2.93e-11
 6.51077e+15	3.37e-03	9.97e-01	3.03e-11
 6.58035e+15	3.40e-03	9.97e-01	3.11e-11
 6.67081e+15	3.44e-03	9.97e-01	3.19e-11
 6.78841e+15	3.49e-03	9.97e-01	3.28e-11
 6.94129e+15	3.55e-03	9.96e-01	3.38e-11
 7.14003e+15	3.62e-03	9.96e-01	3.49e-11
 7.39839e+15	3.71e-03	9.96e-01	3.63e-11
 7.73426e+15	3.84e-03	9.96e-01	3.82e-11
 8.16844e+15	4.01e-03	9.96e-01	4.06e-11
 8.63547e+15	4.24e-03	9.96e-01	4.40e-11
 9.05415e+15	4.48e-03	9.96e-01	4.73e-11
 9.42528e+15	4.69e-03	9.95e-01	5.04e-11
 9.75938e+15	4.90e-03	9.95e-01	5.31e-11
 1.00640e+16	5.10e-03	9.95e-01	5.57e-11
 1.03452e+16	5.29e-03	9.95e-01	5.80e-11
 1.06080e+16	5.47e-03	9.95e-01	6.01e-11
 1.08548e+16	5.65e-03	9.94e-01	6.20e-11
 1.10860e+16	5.81e-03	9.94e-01	6.36e-11
 1.13015e+16	5.97e-03	9.94e-01	6.50e-11
 1.15034e+16	6.13e-03	9.94e-01	6.62e-11
 1.16953e+16	6.27e-03	9.94e-01	6.72e-11
 1.18785e+16	6.41e-03	9.94e-01	6.80e-11
 1.20535e+16	6.54e-03	9.93e-01	6.87e-11
 1.22210e+16	6.67e-03	9.93e-01	6.92e-11
 1.23821e+16	6.79e-03	9.93e-01	6.95e-11
 1.25375e+16	6.92e-03	9.93e-01	7.01e-11
 1.26930e+16	7.03e-03	9.93e-01	7.00e-11
 1.28447e+16	7.16e-03	9.93e-01	7.01e-11
 1.29869e+16	7.27e-03	9.93e-01	7.01e-11
 1.31256e+16	7.37e-03	9.93e-01	6.98e-11
 1.32627e+16	7.48e-03	9.93e-01	6.95e-11
 1.33983e+16	7.59e-03	9.92e-01	6.90e-11
 1.35328e+16	7.70e-03	9.92e-01	6.84e-11
 1.36670e+16	7.82e-03	9.92e-01	6.75e-11
 1.38015e+16	7.94e-03	9.92e-01	6.63e-11
 1.39370e+16	8.07e-03	9.92e-01	6.46e-11
 1.40741e+16	8.20e-03	9.92e-01	6.24e-11
 1.42134e+16	8.35e-03	9.92e-01	5.95e-11
 1.43556e+16	8.51e-03	9.91e-01	5.56e-11
 1.44985e+16	8.69e-03	9.91e-01	5.15e-11
 1.46461e+16	8.88e-03	9.91e-01	4.65e-11
 1.48017e+16	9.10e-03	9.91e-01	4.11e-11
 1.49614e+16	9.34e-03	9.91e-01	3.56e-11
 1.51246e+16	9.61e-03	9.90e-01	3.04e-11
 1.52921e+16	9.92e-03	9.90e-01	2.56e-11
 1.54643e+16	1.03e-02	9.90e-01	2.15e-11
 1.56410e+16	1.06e-02	9.89e-01	1.79e-11
 1.58219e+16	1.11e-02	9.89e-01	1.51e-11
 1.60065e+16	1.15e-02	9.88e-01	1.27e-11
 1.61942e+16	1.21e-02	9.88e-01	1.09e-11
 1.63847e+16	1.26e-02	9.87e-01	9.48e-12
 1.65773e+16	1.33e-02	9.87e-01	8.39e-12
 1.67707e+16	1.40e-02	9.86e-01	7.55e-12
 1.69642e+16	1.49e-02	9.85e-01	6.93e-12
 1.71572e+16	1.58e-02	9.84e-01	6.47e-12
 1.73488e+16	1.68e-02	9.83e-01	6.15e-12
 1.75383e+16	1.80e-02	9.82e-01	5.94e-12
 1.77252e+16	1.93e-02	9.81e-01	5.82e-12
 1.79090e+16	2.07e-02	9.79e-01	5.77e-12
 1.80893e+16	2.23e-02	9.78e-01	5.79e-12
 1.82659e+16	2.42e-02	9.76e-01	5.88e-12
 1.84386e+16	2.63e-02	9.74e-01	6.03e-12
 1.86073e+16	2.87e-02	9.71e-01	6.23e-12
 1.87719e+16	3.15e-02	9.69e-01	6.50e-12
 1.89325e+16	3.47e-02	9.65e-01	6.85e-12
 1.90896e+16	3.86e-02	9.61e-01	7.28e-12
 1.92435e+16	4.31e-02	9.57e-01	7.82e-12
 1.93944e+16	4.87e-02	9.51e-01	8.50e-12
 1.95430e+16	5.56e-02	9.44e-01	9.37e-12
 1.96903e+16	6.45e-02	9.35e-01	1.05e-11
 1.98328e+16	7.61e-02	9.24e-01	1.21e-11
 1.99593e+16	9.05e-02	9.09e-01	1.42e-11
 2.00622e+16	1.07e-01	8.93e-01	1.67e-11
 2.01461e+16	1.24e-01	8.76e-01	1.95e-11
 2.02205e+16	1.43e-01	8.57e-01	2.28e-11
 2.02910e+16	1.66e-01	8.34e-01	2.70e-11
 2.03581e+16	1.94e-01	8.06e-01	3.27e-11
 2.04197e+16	2.27e-01	7.73e-01	4.01e-11
 2.04743e+16	2.64e-01	7.36e-01	4.96e-11
 2.05203e+16	3.02e-01	6.98e-01	6.10e-11
 2.05556e+16	3.37e-01	6.63e-01	7.30e-11
 2.05818e+16	3.66e-01	6.34e-01	8.43e-11
 2.06032e+16	3.91e-01	6.09e-01	9.56e-11
 2.06232e+16	4.16e-01	5.84e-01	1.08e-10
 2.06424e+16	4.41e-01	5.59e-01	1.22e-10
 2.06597e+16	4.65e-01	5.35e-01	1.37e-10
 2.06754e+16	4.88e-01	5.12e-01	1.53e-10
 2.06898e+16	5.08e-01	4.92e-01	1.68e-10
 2.07028e+16	5.28e-01	4.72e-01	1.87e-10
 2.07130e+16	5.44e-01	4.56e-01	2.01e-10
 2.07204e+16	5.55e-01	4.45e-01	2.13e-10
 2.07275e+16	5.66e-01	4.34e-01	2.25e-10
 2.07355e+16	5.78e-01	4.22e-01	2.40e-10
 2.07442e+16	5.92e-01	4.08e-01	2.58e-10
 2.07525e+16	6.05e-01	3.95e-01	2.76e-10
 2.07602e+16	6.17e-01	3.83e-01	2.93e-10
 2.07680e+16	6.29e-01	3.71e-01	3.14e-10
 2.07758e+16	6.41e-01	3.59e-01	3.36e-10
 2.07835e+16	6.53e-01	3.47e-01	3.60e-10
 2.07910e+16	6.64e-01	3.36e-01	3.82e-10
 2.07985e+16	6.76e-01	3.24e-01	4.11e-10
 2.08061e+16	6.87e-01	3.13e-01	4.41e-10
 2.08135e+16	6.98e-01	3.02e-01	4.72e-10
 2.08207e+16	7.09e-01	2.91e-01	5.02e-10
 2.08280e+16	7.19e-01	2.81e-01	5.39e-10
 2.08354e+16	7.30e-01	2.70e-01	5.79e-10
 2.08426e+16	7.40e-01	2.60e-01	6.20e-10
 2.08496e+16	7.49e-01	2.51e-01	6.60e-10
 2.08568e+16	7.59e-01	2.41e-01	7.10e-10
 2.08640e+16	7.69e-01	2.31e-01	7.63e-10
 2.08710e+16	7.78e-01	2.22e-01	8.18e-10
 2.08778e+16	7.86e-01	2.14e-01	8.68e-10
 2.08846e+16	7.94e-01	2.06e-01	9.33e-10
 2.08913e+16	8.03e-01	1.97e-01	1.00e-09
 2.08980e+16	8.10e-01	1.90e-01	1.07e-09
 2.09047e+16	8.18e-01	1.82e-01	1.13e-09
 2.09111e+16	8.25e-01	1.75e-01	1.21e-09
 2.09176e+16	8.32e-01	1.68e-01	1.29e-09
 2.09239e+16	8.38e-01	1.62e-01	1.39e-09
 2.09301e+16	8.44e-01	1.56e-01	1.47e-09
 2.09364e+16	8.51e-01	1.49e-01	1.57e-09
 2.09426e+16	8.57e-01	1.43e-01	1.68e-09
 2.09486e+16	8.62e-01	1.38e-01	1.79e-09
 2.09546e+16	8.67e-01	1.33e-01	1.88e-09
 2.09606e+16	8.72e-01	1.28e-01	2.01e-09
 2.09666e+16	8.78e-01	1.22e-01	2.16e-09
 2.09725e+16	8.82e-01	1.18e-01	2.30e-09
 2.09782e+16	8.87e-01	1.13e-01	2.43e-09
 2.09842e+16	8.91e-01	1.09e-01	2.60e-09
 2.09900e+16	8.96e-01	1.04e-01	2.78e-09
 2.09956e+16	9.00e-01	1.00e-01	2.97e-09
 2.10012e+16	9.03e-01	9.66e-02	3.12e-09
 2.10069e+16	9.07e-01	9.28e-02	3.34e-09
 2.10126e+16	9.11e-01	8.91e-02	3.58e-09
 2.10182e+16	9.14e-01	8.56e-02	3.84e-09
 2.10237e+16	9.18e-01	8.22e-02	4.12e-09
 2.10291e+16	9.21e-01	7.91e-02	4.35e-09
 2.10347e+16	9.24e-01	7.59e-02	4.69e-09
 2.10402e+16	9.27e-01	7.29e-02	5.04e-09
 2.10455e+16	9.30e-01	7.01e-02	5.43e-09
 2.10508e+16	9.33e-01	6.73e-02	5.86e-09
 2.10561e+16	9.35e-01	6.46e-02	6.32e-09
 2.10616e+16	9.38e-01	6.20e-02	6.80e-09
 2.10668e+16	9.40e-01	5.96e-02	7.38e-09
 2.10719e+16	9.43e-01	5.73e-02	7.95e-09
 2.10770e+16	9.45e-01	5.51e-02	8.63e-09
 2.10820e+16	9.47e-01	5.29e-02	9.42e-09
 2.10871e+16	9.49e-01	5.08e-02	1.03e-08
 2.10921e+16	9.51e-01	4.88e-02	1.13e-08
 2.10970e+16	9.53e-01	4.69e-02	1.24e-08
 2.11018e+16	9.55e-01	4.51e-02	1.36e-08
 2.11065e+16	9.57e-01	4.33e-02	1.50e-08
 2.11112e+16	9.58e-01	4.16e-02	1.65e-08
 2.11159e+16	9.60e-01	3.99e-02	1.83e-08
 2.11205e+16	9.62e-01	3.83e-02	2.02e-08
 2.11250e+16	9.63e-01	3.68e-02	2.23e-08
 2.11294e+16	9.65e-01	3.53e-02	2.46e-08
 2.11337e+16	9.66e-01	3.39e-02	2.69e-08
 2.11379e+16	9.67e-01	3.25e-02	2.91e-08
 2.11421e+16	9.69e-01	3.12e-02	3.14e-08
 2.11460e+16	9.70e-01	3.00e-02	3.33e-08
 2.11496e+16	9.71e-01	2.88e-02	3.47e-08
 2.11529e+16	9.72e-01	2.78e-02	3.58e-08
 2.11559e+16	9.73e-01	2.69e-02	3.66e-08
 2.11587e+16	9.74e-01	2.61e-02	3.73e-08
 2.11612e+16	9.75e-01	2.53e-02	3.78e-08
 2.11636e+16	9.75e-01	2.46e-02	3.82e-08
 2.11658e+16	9.76e-01	2.40e-02	3.85e-08
 2.11680e+16	9.77e-01	2.33e-02	3.88e-08
 2.11699e+16	9.77e-01	2.27e-02	3.91e-08
 2.11718e+16	9.78e-01	2.22e-02	3.95e-08
 2.11734e+16	9.78e-01	2.17e-02	3.98e-08
 2.11749e+16	9.79e-01	2.13e-02	4.01e-08
 2.11763e+16	9.79e-01	2.09e-02	4.04e-08
 2.11775e+16	9.79e-01	2.06e-02	4.08e-08
 2.11786e+16	9.80e-01	2.03e-02	4.10e-08
 2.11799e+16	9.80e-01	1.99e-02	4.14e-08
 2.11815e+16	9.81e-01	1.95e-02	4.20e-08
 2.11832e+16	9.81e-01	1.90e-02	4.26e-08
 2.11848e+16	9.81e-01	1.86e-02	4.32e-08
 2.11862e+16	9.82e-01	1.83e-02	4.39e-08
 2.11876e+16	9.82e-01	1.79e-02	4.45e-08
 2.11887e+16	9.82e-01	1.76e-02	4.51e-08
 2.11898e+16	9.83e-01	1.74e-02	4.56e-08
 2.11910e+16	9.83e-01	1.71e-02	4.61e-08
 2.11926e+16	9.83e-01	1.67e-02	4.70e-08
 2.11942e+16	9.84e-01	1.64e-02	4.79e-08
 2.11957e+16	9.84e-01	1.61e-02	4.87e-08
 2.11971e+16	9.84e-01	1.58e-02	4.95e-08
 2.11984e+16	9.84e-01	1.55e-02	5.02e-08
 2.11995e+16	9.85e-01	1.53e-02	5.09e-08
 2.12008e+16	9.85e-01	1.50e-02	5.18e-08
 2.12021e+16	9.85e-01	1.48e-02	5.26e-08
 2.12034e+16	9.85e-01	1.45e-02	5.36e-08
 2.12045e+16	9.86e-01	1.43e-02	5.43e-08
 2.12057e+16	9.86e-01	1.41e-02	5.51e-08
 2.12073e+16	9.86e-01	1.38e-02	5.65e-08
 2.12090e+16	9.87e-01	1.34e-02	5.81e-08
 2.12106e+16	9.87e-01	1.32e-02	5.95e-08
 2.12120e+16	9.87e-01	1.29e-02	6.09e-08
 2.12133e+16	9.87e-01	1.27e-02	6.20e-08
 2.12145e+16	9.88e-01	1.25e-02	6.32e-08
 2.12156e+16	9.88e-01	1.23e-02	6.42e-08
 2.12168e+16	9.88e-01	1.21e-02	6.53e-08
 2.12183e+16	9.88e-01	1.18e-02	6.72e-08
 2.12200e+16	9.88e-01	1.16e-02	6.89e-08
 2.12215e+16	9.89e-01	1.13e-02	7.05e-08
 2.12228e+16	9.89e-01	1.11e-02	7.20e-08
 2.12241e+16	9.89e-01	1.09e-02	7.33e-08
 2.12252e+16	9.89e-01	1.08e-02	7.44e-08
 2.12264e+16	9.89e-01	1.06e-02	7.58e-08
 2.12278e+16	9.90e-01	1.04e-02	7.75e-08
 2.12290e+16	9.90e-01	1.03e-02	7.88e-08
 2.12303e+16	9.90e-01	1.01e-02	8.01e-08
 2.12321e+16	9.90e-01	9.87e-03	8.17e-08
