#depth	H	H+	H2
 2.76860e+11	1.69e-03	9.98e-01	1.19e-12
 1.66116e+12	1.69e-03	9.98e-01	1.19e-12
 7.19835e+12	1.69e-03	9.98e-01	1.19e-12
 2.93471e+13	1.69e-03	9.98e-01	1.19e-12
 7.01009e+13	1.68e-03	9.98e-01	1.20e-12
 1.23081e+14	1.67e-03	9.98e-01	1.20e-12
 1.91955e+14	1.66e-03	9.98e-01	1.20e-12
 2.81491e+14	1.65e-03	9.98e-01	1.20e-12
 3.97887e+14	1.64e-03	9.98e-01	1.20e-12
 5.49203e+14	1.63e-03	9.98e-01	1.21e-12
 7.45914e+14	1.62e-03	9.98e-01	1.23e-12
 1.00164e+15	1.61e-03	9.98e-01	1.25e-12
 1.33408e+15	1.61e-03	9.98e-01	1.30e-12
 1.76625e+15	1.62e-03	9.98e-01	1.39e-12
 2.32808e+15	1.63e-03	9.98e-01	1.52e-12
 3.05845e+15	1.65e-03	9.98e-01	1.68e-12
 3.87976e+15	1.67e-03	9.98e-01	1.84e-12
 4.65860e+15	1.69e-03	9.98e-01	1.98e-12
 5.51038e+15	1.72e-03	9.98e-01	2.11e-12
 6.45454e+15	1.74e-03	9.98e-01	2.22e-12
 7.26312e+15	1.76e-03	9.98e-01	2.30e-12
 7.98944e+15	1.78e-03	9.98e-01	2.31e-12
 8.78838e+15	1.81e-03	9.98e-01	2.30e-12
 9.66722e+15	1.84e-03	9.98e-01	2.30e-12
 1.06339e+16	1.88e-03	9.98e-01	2.25e-12
 1.16973e+16	2.00e-03	9.98e-01	1.98e-12
 1.27419e+16	2.06e-03	9.98e-01	1.91e-12
 1.38632e+16	2.13e-03	9.98e-01	1.80e-12
 1.52219e+16	2.23e-03	9.98e-01	1.64e-12
 1.65283e+16	2.33e-03	9.98e-01	1.53e-12
 1.75688e+16	2.44e-03	9.98e-01	1.45e-12
 1.84655e+16	2.53e-03	9.97e-01	1.39e-12
 1.94725e+16	2.64e-03	9.97e-01	1.28e-12
 2.06027e+16	2.79e-03	9.97e-01	1.21e-12
 2.16217e+16	2.95e-03	9.97e-01	1.16e-12
 2.24672e+16	3.09e-03	9.97e-01	1.14e-12
 2.33587e+16	3.24e-03	9.97e-01	1.10e-12
 2.43656e+16	3.44e-03	9.97e-01	1.08e-12
 2.52848e+16	3.66e-03	9.96e-01	1.08e-12
 2.60599e+16	3.87e-03	9.96e-01	1.09e-12
 2.68858e+16	4.08e-03	9.96e-01	1.09e-12
 2.79594e+16	4.38e-03	9.96e-01	1.09e-12
 2.90222e+16	4.78e-03	9.95e-01	1.15e-12
 2.97927e+16	5.14e-03	9.95e-01	1.21e-12
 3.03954e+16	5.42e-03	9.95e-01	1.26e-12
 3.10583e+16	5.71e-03	9.94e-01	1.29e-12
 3.19202e+16	6.12e-03	9.94e-01	1.34e-12
 3.28452e+16	6.70e-03	9.93e-01	1.42e-12
 3.36205e+16	7.29e-03	9.93e-01	1.52e-12
 3.42605e+16	7.81e-03	9.92e-01	1.61e-12
 3.49562e+16	8.35e-03	9.92e-01	1.68e-12
 3.58331e+16	9.12e-03	9.91e-01	1.77e-12
 3.67331e+16	1.02e-02	9.90e-01	1.91e-12
 3.74688e+16	1.12e-02	9.89e-01	2.07e-12
 3.80785e+16	1.21e-02	9.88e-01	2.19e-12
 3.87469e+16	1.31e-02	9.87e-01	2.29e-12
 3.95331e+16	1.46e-02	9.85e-01	2.44e-12
 4.03107e+16	1.63e-02	9.84e-01	2.63e-12
 4.09896e+16	1.82e-02	9.82e-01	2.84e-12
 4.15832e+16	2.01e-02	9.80e-01	3.04e-12
 4.22055e+16	2.22e-02	9.78e-01	3.22e-12
 4.29048e+16	2.51e-02	9.75e-01	3.47e-12
 4.35870e+16	2.87e-02	9.71e-01	3.82e-12
 4.41755e+16	3.27e-02	9.67e-01	4.22e-12
 4.46854e+16	3.70e-02	9.63e-01	4.63e-12
 4.52439e+16	4.21e-02	9.58e-01	5.11e-12
 4.58668e+16	5.01e-02	9.50e-01	5.90e-12
 4.64093e+16	6.00e-02	9.40e-01	6.97e-12
 4.68262e+16	7.03e-02	9.30e-01	8.15e-12
 4.71382e+16	8.03e-02	9.20e-01	9.32e-12
 4.73825e+16	8.96e-02	9.10e-01	1.04e-11
 4.76445e+16	1.01e-01	8.99e-01	1.19e-11
 4.79261e+16	1.17e-01	8.83e-01	1.40e-11
 4.81569e+16	1.34e-01	8.66e-01	1.63e-11
 4.83304e+16	1.49e-01	8.51e-01	1.86e-11
 4.84795e+16	1.65e-01	8.35e-01	2.10e-11
 4.86472e+16	1.84e-01	8.16e-01	2.44e-11
 4.88223e+16	2.10e-01	7.90e-01	2.89e-11
 4.89608e+16	2.34e-01	7.66e-01	3.37e-11
 4.90674e+16	2.56e-01	7.44e-01	3.82e-11
 4.91786e+16	2.80e-01	7.20e-01	4.37e-11
 4.93006e+16	3.10e-01	6.90e-01	5.13e-11
 4.94062e+16	3.41e-01	6.59e-01	5.97e-11
 4.94914e+16	3.67e-01	6.33e-01	6.78e-11
 4.95688e+16	3.93e-01	6.07e-01	7.64e-11
 4.96477e+16	4.21e-01	5.79e-01	8.68e-11
 4.97251e+16	4.50e-01	5.50e-01	9.87e-11
 4.97931e+16	4.77e-01	5.23e-01	1.11e-10
 4.98504e+16	5.01e-01	4.99e-01	1.23e-10
 4.99017e+16	5.22e-01	4.78e-01	1.35e-10
 4.99512e+16	5.43e-01	4.57e-01	1.48e-10
 4.99911e+16	5.61e-01	4.39e-01	1.60e-10
 5.00175e+16	5.72e-01	4.28e-01	1.68e-10
 5.00414e+16	5.82e-01	4.18e-01	1.75e-10
 5.00698e+16	5.94e-01	4.06e-01	1.86e-10
 5.01011e+16	6.08e-01	3.92e-01	1.98e-10
 5.01306e+16	6.21e-01	3.79e-01	2.10e-10
 5.01573e+16	6.33e-01	3.67e-01	2.21e-10
 5.01833e+16	6.45e-01	3.55e-01	2.33e-10
 5.02098e+16	6.56e-01	3.44e-01	2.46e-10
 5.02366e+16	6.68e-01	3.32e-01	2.61e-10
 5.02627e+16	6.80e-01	3.20e-01	2.76e-10
 5.02880e+16	6.91e-01	3.09e-01	2.91e-10
 5.03128e+16	7.02e-01	2.98e-01	3.07e-10
 5.03375e+16	7.13e-01	2.87e-01	3.25e-10
 5.03620e+16	7.23e-01	2.77e-01	3.43e-10
 5.03861e+16	7.34e-01	2.66e-01	3.62e-10
 5.04098e+16	7.44e-01	2.56e-01	3.83e-10
 5.04330e+16	7.53e-01	2.47e-01	4.04e-10
 5.04560e+16	7.63e-01	2.37e-01	4.27e-10
 5.04788e+16	7.72e-01	2.28e-01	4.51e-10
 5.05012e+16	7.81e-01	2.19e-01	4.76e-10
 5.05233e+16	7.90e-01	2.10e-01	5.03e-10
 5.05451e+16	7.99e-01	2.01e-01	5.31e-10
 5.05667e+16	8.07e-01	1.93e-01	5.61e-10
 5.05879e+16	8.15e-01	1.85e-01	5.93e-10
 5.06089e+16	8.22e-01	1.78e-01	6.27e-10
 5.06296e+16	8.30e-01	1.70e-01	6.63e-10
 5.06499e+16	8.37e-01	1.63e-01	7.01e-10
 5.06698e+16	8.44e-01	1.56e-01	7.41e-10
 5.06891e+16	8.51e-01	1.49e-01	7.83e-10
 5.07080e+16	8.57e-01	1.43e-01	8.28e-10
 5.07264e+16	8.63e-01	1.37e-01	8.74e-10
 5.07445e+16	8.68e-01	1.32e-01	9.24e-10
 5.07622e+16	8.74e-01	1.26e-01	9.76e-10
 5.07795e+16	8.79e-01	1.21e-01	1.03e-09
 5.07964e+16	8.84e-01	1.16e-01	1.09e-09
 5.08129e+16	8.89e-01	1.11e-01	1.15e-09
 5.08291e+16	8.93e-01	1.07e-01	1.21e-09
 5.08451e+16	8.97e-01	1.03e-01	1.28e-09
 5.08607e+16	9.02e-01	9.84e-02	1.36e-09
 5.08760e+16	9.06e-01	9.44e-02	1.44e-09
 5.08910e+16	9.09e-01	9.07e-02	1.52e-09
 5.09059e+16	9.13e-01	8.70e-02	1.61e-09
 5.09205e+16	9.17e-01	8.34e-02	1.70e-09
 5.09344e+16	9.20e-01	8.02e-02	1.80e-09
 5.09481e+16	9.23e-01	7.70e-02	1.90e-09
 5.09618e+16	9.26e-01	7.40e-02	2.02e-09
 5.09752e+16	9.29e-01	7.10e-02	2.14e-09
 5.09884e+16	9.32e-01	6.82e-02	2.27e-09
 5.10012e+16	9.34e-01	6.56e-02	2.40e-09
 5.10138e+16	9.37e-01	6.30e-02	2.55e-09
 5.10264e+16	9.39e-01	6.05e-02	2.71e-09
 5.10386e+16	9.42e-01	5.81e-02	2.89e-09
 5.10504e+16	9.44e-01	5.59e-02	3.07e-09
 5.10622e+16	9.46e-01	5.37e-02	3.28e-09
 5.10737e+16	9.48e-01	5.17e-02	3.47e-09
 5.10850e+16	9.50e-01	4.96e-02	3.73e-09
 5.10961e+16	9.52e-01	4.76e-02	3.99e-09
 5.11068e+16	9.54e-01	4.58e-02	4.28e-09
 5.11173e+16	9.56e-01	4.40e-02	4.58e-09
 5.11277e+16	9.58e-01	4.23e-02	4.93e-09
 5.11380e+16	9.59e-01	4.06e-02	5.31e-09
 5.11479e+16	9.61e-01	3.91e-02	5.73e-09
 5.11575e+16	9.62e-01	3.75e-02	6.20e-09
 5.11670e+16	9.64e-01	3.60e-02	6.74e-09
 5.11763e+16	9.65e-01	3.46e-02	7.33e-09
 5.11854e+16	9.67e-01	3.32e-02	8.02e-09
 5.11941e+16	9.68e-01	3.19e-02	8.75e-09
 5.12025e+16	9.69e-01	3.07e-02	9.61e-09
 5.12106e+16	9.71e-01	2.95e-02	1.06e-08
 5.12184e+16	9.72e-01	2.83e-02	1.17e-08
 5.12256e+16	9.73e-01	2.73e-02	1.29e-08
 5.12324e+16	9.74e-01	2.63e-02	1.43e-08
 5.12386e+16	9.75e-01	2.54e-02	1.58e-08
 5.12443e+16	9.75e-01	2.46e-02	1.75e-08
 5.12496e+16	9.76e-01	2.38e-02	1.93e-08
 5.12546e+16	9.77e-01	2.31e-02	2.13e-08
 5.12592e+16	9.78e-01	2.24e-02	2.36e-08
 5.12636e+16	9.78e-01	2.17e-02	2.62e-08
 5.12675e+16	9.79e-01	2.11e-02	2.89e-08
 5.12710e+16	9.79e-01	2.06e-02	3.19e-08
 5.12744e+16	9.80e-01	2.01e-02	3.52e-08
 5.12776e+16	9.80e-01	1.96e-02	3.89e-08
 5.12806e+16	9.81e-01	1.91e-02	4.30e-08
 5.12834e+16	9.81e-01	1.86e-02	4.75e-08
 5.12860e+16	9.82e-01	1.82e-02	5.23e-08
 5.12885e+16	9.82e-01	1.78e-02	5.79e-08
 5.12908e+16	9.83e-01	1.74e-02	6.42e-08
 5.12929e+16	9.83e-01	1.70e-02	7.09e-08
 5.12948e+16	9.83e-01	1.67e-02	7.83e-08
 5.12966e+16	9.84e-01	1.63e-02	8.64e-08
 5.12984e+16	9.84e-01	1.60e-02	9.54e-08
 5.13000e+16	9.84e-01	1.57e-02	1.05e-07
 5.13015e+16	9.85e-01	1.53e-02	1.16e-07
 5.13029e+16	9.85e-01	1.51e-02	1.26e-07
 5.13043e+16	9.85e-01	1.47e-02	1.43e-07
 5.13057e+16	9.86e-01	1.44e-02	1.58e-07
 5.13068e+16	9.86e-01	1.42e-02	1.71e-07
 5.13079e+16	9.86e-01	1.39e-02	1.90e-07
 5.13090e+16	9.86e-01	1.36e-02	2.10e-07
 5.13100e+16	9.87e-01	1.33e-02	2.30e-07
 5.13109e+16	9.87e-01	1.30e-02	2.51e-07
 5.13118e+16	9.87e-01	1.27e-02	2.75e-07
 5.13127e+16	9.88e-01	1.24e-02	3.01e-07
 5.13136e+16	9.88e-01	1.21e-02	3.30e-07
 5.13144e+16	9.88e-01	1.18e-02	3.58e-07
 5.13152e+16	9.89e-01	1.14e-02	3.96e-07
 5.13159e+16	9.89e-01	1.10e-02	4.31e-07
 5.13165e+16	9.89e-01	1.05e-02	4.67e-07
 5.13171e+16	9.90e-01	9.64e-03	5.34e-07
