#depth	O	O+	O+2	O+3	O+4	O+5	O+6	O+7	O+8	O[1]	O[2]	O[3]
 2.76860e+11	9.19e-06	1.22e-02	9.06e-01	8.14e-02	8.29e-06	0.00e+00	0.00e+00	0.00e+00	0.00e+00	6.93e-06	1.50e-06	7.64e-07
 1.66116e+12	9.22e-06	1.22e-02	9.07e-01	8.11e-02	8.23e-06	0.00e+00	0.00e+00	0.00e+00	0.00e+00	6.95e-06	1.51e-06	7.67e-07
 7.19835e+12	9.21e-06	1.22e-02	9.07e-01	8.05e-02	8.12e-06	0.00e+00	0.00e+00	0.00e+00	0.00e+00	6.94e-06	1.51e-06	7.67e-07
 2.93471e+13	9.24e-06	1.22e-02	9.10e-01	7.79e-02	7.71e-06	0.00e+00	0.00e+00	0.00e+00	0.00e+00	6.96e-06	1.51e-06	7.73e-07
 7.01009e+13	9.25e-06	1.23e-02	9.14e-01	7.41e-02	7.08e-06	0.00e+00	0.00e+00	0.00e+00	0.00e+00	6.95e-06	1.52e-06	7.78e-07
 1.23081e+14	9.27e-06	1.23e-02	9.18e-01	6.93e-02	6.33e-06	0.00e+00	0.00e+00	0.00e+00	0.00e+00	6.96e-06	1.53e-06	7.83e-07
 1.91955e+14	9.27e-06	1.24e-02	9.24e-01	6.36e-02	5.49e-06	0.00e+00	0.00e+00	0.00e+00	0.00e+00	6.96e-06	1.53e-06	7.84e-07
 2.81491e+14	9.31e-06	1.25e-02	9.31e-01	5.67e-02	4.55e-06	0.00e+00	0.00e+00	0.00e+00	0.00e+00	6.99e-06	1.54e-06	7.89e-07
 3.97887e+14	9.38e-06	1.26e-02	9.39e-01	4.86e-02	3.55e-06	0.00e+00	0.00e+00	0.00e+00	0.00e+00	7.03e-06	1.55e-06	7.95e-07
 5.49203e+14	9.48e-06	1.28e-02	9.48e-01	3.96e-02	2.55e-06	0.00e+00	0.00e+00	0.00e+00	0.00e+00	7.11e-06	1.57e-06	8.04e-07
 7.45914e+14	9.67e-06	1.30e-02	9.57e-01	3.01e-02	1.64e-06	0.00e+00	0.00e+00	0.00e+00	0.00e+00	7.25e-06	1.60e-06	8.21e-07
 1.00164e+15	9.92e-06	1.33e-02	9.66e-01	2.09e-02	9.18e-07	0.00e+00	0.00e+00	0.00e+00	0.00e+00	7.43e-06	1.65e-06	8.42e-07
 1.33408e+15	1.03e-05	1.37e-02	9.74e-01	1.28e-02	4.23e-07	0.00e+00	0.00e+00	0.00e+00	0.00e+00	7.72e-06	1.72e-06	8.76e-07
 1.76625e+15	1.09e-05	1.42e-02	9.79e-01	6.72e-03	1.52e-07	0.00e+00	0.00e+00	0.00e+00	0.00e+00	8.14e-06	1.82e-06	9.25e-07
 2.32808e+15	1.16e-05	1.48e-02	9.82e-01	2.91e-03	0.00e+00	0.00e+00	0.00e+00	0.00e+00	0.00e+00	8.70e-06	1.94e-06	9.87e-07
 3.05845e+15	1.27e-05	1.56e-02	9.83e-01	1.00e-03	0.00e+00	0.00e+00	0.00e+00	0.00e+00	0.00e+00	9.50e-06	2.13e-06	1.08e-06
 3.87976e+15	1.40e-05	1.66e-02	9.83e-01	3.09e-04	0.00e+00	0.00e+00	0.00e+00	0.00e+00	0.00e+00	1.04e-05	2.35e-06	1.18e-06
 4.65860e+15	1.52e-05	1.76e-02	9.82e-01	1.05e-04	0.00e+00	0.00e+00	0.00e+00	0.00e+00	0.00e+00	1.14e-05	2.57e-06	1.29e-06
 5.51038e+15	1.69e-05	1.88e-02	9.81e-01	3.42e-05	0.00e+00	0.00e+00	0.00e+00	0.00e+00	0.00e+00	1.26e-05	2.86e-06	1.44e-06
 6.45454e+15	1.88e-05	2.01e-02	9.80e-01	1.06e-05	0.00e+00	0.00e+00	0.00e+00	0.00e+00	0.00e+00	1.40e-05	3.19e-06	1.60e-06
 7.26312e+15	2.06e-05	2.14e-02	9.79e-01	4.21e-06	0.00e+00	0.00e+00	0.00e+00	0.00e+00	0.00e+00	1.53e-05	3.51e-06	1.75e-06
 7.98944e+15	2.24e-05	2.26e-02	9.77e-01	1.93e-06	0.00e+00	0.00e+00	0.00e+00	0.00e+00	0.00e+00	1.67e-05	3.83e-06	1.91e-06
 8.78838e+15	2.45e-05	2.39e-02	9.76e-01	8.74e-07	0.00e+00	0.00e+00	0.00e+00	0.00e+00	0.00e+00	1.82e-05	4.20e-06	2.09e-06
 9.66722e+15	2.72e-05	2.54e-02	9.75e-01	4.00e-07	0.00e+00	0.00e+00	0.00e+00	0.00e+00	0.00e+00	2.02e-05	4.65e-06	2.32e-06
 1.06339e+16	3.03e-05	2.71e-02	9.73e-01	1.89e-07	0.00e+00	0.00e+00	0.00e+00	0.00e+00	0.00e+00	2.25e-05	5.20e-06	2.60e-06
 1.16973e+16	3.87e-05	3.07e-02	9.69e-01	0.00e+00	0.00e+00	0.00e+00	0.00e+00	0.00e+00	0.00e+00	2.84e-05	6.86e-06	3.38e-06
 1.27419e+16	4.45e-05	3.34e-02	9.67e-01	0.00e+00	0.00e+00	0.00e+00	0.00e+00	0.00e+00	0.00e+00	3.27e-05	7.92e-06	3.90e-06
 1.38632e+16	5.16e-05	3.64e-02	9.64e-01	0.00e+00	0.00e+00	0.00e+00	0.00e+00	0.00e+00	0.00e+00	3.79e-05	9.18e-06	4.53e-06
 1.52219e+16	6.16e-05	4.02e-02	9.60e-01	0.00e+00	0.00e+00	0.00e+00	0.00e+00	0.00e+00	0.00e+00	4.52e-05	1.10e-05	5.43e-06
 1.65283e+16	7.40e-05	4.46e-02	9.55e-01	0.00e+00	0.00e+00	0.00e+00	0.00e+00	0.00e+00	0.00e+00	5.43e-05	1.32e-05	6.55e-06
 1.75688e+16	8.64e-05	4.86e-02	9.51e-01	0.00e+00	0.00e+00	0.00e+00	0.00e+00	0.00e+00	0.00e+00	6.33e-05	1.55e-05	7.66e-06
 1.84655e+16	9.89e-05	5.22e-02	9.48e-01	0.00e+00	0.00e+00	0.00e+00	0.00e+00	0.00e+00	0.00e+00	7.24e-05	1.77e-05	8.78e-06
 1.94725e+16	1.14e-04	5.65e-02	9.43e-01	0.00e+00	0.00e+00	0.00e+00	0.00e+00	0.00e+00	0.00e+00	8.36e-05	2.04e-05	1.02e-05
 2.06027e+16	1.36e-04	6.19e-02	9.38e-01	0.00e+00	0.00e+00	0.00e+00	0.00e+00	0.00e+00	0.00e+00	9.95e-05	2.43e-05	1.21e-05
 2.16217e+16	1.61e-04	6.76e-02	9.32e-01	0.00e+00	0.00e+00	0.00e+00	0.00e+00	0.00e+00	0.00e+00	1.18e-04	2.88e-05	1.44e-05
 2.24672e+16	1.86e-04	7.27e-02	9.27e-01	0.00e+00	0.00e+00	0.00e+00	0.00e+00	0.00e+00	0.00e+00	1.36e-04	3.32e-05	1.66e-05
 2.33587e+16	2.14e-04	7.83e-02	9.22e-01	0.00e+00	0.00e+00	0.00e+00	0.00e+00	0.00e+00	0.00e+00	1.57e-04	3.83e-05	1.92e-05
 2.43656e+16	2.55e-04	8.54e-02	9.14e-01	0.00e+00	0.00e+00	0.00e+00	0.00e+00	0.00e+00	0.00e+00	1.86e-04	4.54e-05	2.29e-05
 2.52848e+16	3.01e-04	9.28e-02	9.07e-01	0.00e+00	0.00e+00	0.00e+00	0.00e+00	0.00e+00	0.00e+00	2.20e-04	5.36e-05	2.71e-05
 2.60599e+16	3.48e-04	9.98e-02	9.00e-01	0.00e+00	0.00e+00	0.00e+00	0.00e+00	0.00e+00	0.00e+00	2.55e-04	6.19e-05	3.14e-05
 2.68858e+16	4.02e-04	1.07e-01	8.92e-01	0.00e+00	0.00e+00	0.00e+00	0.00e+00	0.00e+00	0.00e+00	2.94e-04	7.13e-05	3.63e-05
 2.79594e+16	4.85e-04	1.18e-01	8.82e-01	0.00e+00	0.00e+00	0.00e+00	0.00e+00	0.00e+00	0.00e+00	3.55e-04	8.57e-05	4.39e-05
 2.90222e+16	5.99e-04	1.30e-01	8.69e-01	0.00e+00	0.00e+00	0.00e+00	0.00e+00	0.00e+00	0.00e+00	4.39e-04	1.05e-04	5.43e-05
 2.97927e+16	7.07e-04	1.40e-01	8.59e-01	0.00e+00	0.00e+00	0.00e+00	0.00e+00	0.00e+00	0.00e+00	5.19e-04	1.24e-04	6.42e-05
 3.03954e+16	8.02e-04	1.49e-01	8.50e-01	0.00e+00	0.00e+00	0.00e+00	0.00e+00	0.00e+00	0.00e+00	5.89e-04	1.40e-04	7.29e-05
 3.10583e+16	9.12e-04	1.59e-01	8.40e-01	0.00e+00	0.00e+00	0.00e+00	0.00e+00	0.00e+00	0.00e+00	6.70e-04	1.59e-04	8.30e-05
 3.19202e+16	1.08e-03	1.72e-01	8.26e-01	0.00e+00	0.00e+00	0.00e+00	0.00e+00	0.00e+00	0.00e+00	7.94e-04	1.87e-04	9.85e-05
 3.28452e+16	1.32e-03	1.90e-01	8.09e-01	0.00e+00	0.00e+00	0.00e+00	0.00e+00	0.00e+00	0.00e+00	9.73e-04	2.28e-04	1.21e-04
 3.36205e+16	1.59e-03	2.06e-01	7.92e-01	0.00e+00	0.00e+00	0.00e+00	0.00e+00	0.00e+00	0.00e+00	1.17e-03	2.72e-04	1.45e-04
 3.42605e+16	1.84e-03	2.21e-01	7.77e-01	0.00e+00	0.00e+00	0.00e+00	0.00e+00	0.00e+00	0.00e+00	1.36e-03	3.15e-04	1.69e-04
 3.49562e+16	2.14e-03	2.38e-01	7.60e-01	0.00e+00	0.00e+00	0.00e+00	0.00e+00	0.00e+00	0.00e+00	1.58e-03	3.65e-04	1.97e-04
 3.58331e+16	2.60e-03	2.60e-01	7.37e-01	0.00e+00	0.00e+00	0.00e+00	0.00e+00	0.00e+00	0.00e+00	1.92e-03	4.39e-04	2.39e-04
 3.67331e+16	3.25e-03	2.88e-01	7.09e-01	0.00e+00	0.00e+00	0.00e+00	0.00e+00	0.00e+00	0.00e+00	2.41e-03	5.45e-04	2.99e-04
 3.74688e+16	3.96e-03	3.14e-01	6.82e-01	0.00e+00	0.00e+00	0.00e+00	0.00e+00	0.00e+00	0.00e+00	2.93e-03	6.60e-04	3.65e-04
 3.80785e+16	4.64e-03	3.37e-01	6.58e-01	0.00e+00	0.00e+00	0.00e+00	0.00e+00	0.00e+00	0.00e+00	3.45e-03	7.69e-04	4.29e-04
 3.87469e+16	5.46e-03	3.63e-01	6.32e-01	0.00e+00	0.00e+00	0.00e+00	0.00e+00	0.00e+00	0.00e+00	4.05e-03	8.98e-04	5.04e-04
 3.95331e+16	6.66e-03	3.95e-01	5.98e-01	0.00e+00	0.00e+00	0.00e+00	0.00e+00	0.00e+00	0.00e+00	4.96e-03	1.09e-03	6.16e-04
 4.03107e+16	8.25e-03	4.32e-01	5.60e-01	0.00e+00	0.00e+00	0.00e+00	0.00e+00	0.00e+00	0.00e+00	6.15e-03	1.34e-03	7.61e-04
 4.09896e+16	1.01e-02	4.68e-01	5.22e-01	0.00e+00	0.00e+00	0.00e+00	0.00e+00	0.00e+00	0.00e+00	7.51e-03	1.61e-03	9.23e-04
 4.15832e+16	1.20e-02	5.00e-01	4.88e-01	0.00e+00	0.00e+00	0.00e+00	0.00e+00	0.00e+00	0.00e+00	8.95e-03	1.91e-03	1.09e-03
 4.22055e+16	1.42e-02	5.34e-01	4.52e-01	0.00e+00	0.00e+00	0.00e+00	0.00e+00	0.00e+00	0.00e+00	1.07e-02	2.25e-03	1.29e-03
 4.29048e+16	1.74e-02	5.74e-01	4.09e-01	0.00e+00	0.00e+00	0.00e+00	0.00e+00	0.00e+00	0.00e+00	1.31e-02	2.72e-03	1.58e-03
 4.35870e+16	2.16e-02	6.15e-01	3.63e-01	0.00e+00	0.00e+00	0.00e+00	0.00e+00	0.00e+00	0.00e+00	1.63e-02	3.35e-03	1.95e-03
 4.41755e+16	2.63e-02	6.53e-01	3.21e-01	0.00e+00	0.00e+00	0.00e+00	0.00e+00	0.00e+00	0.00e+00	1.99e-02	4.06e-03	2.37e-03
 4.46854e+16	3.14e-02	6.85e-01	2.84e-01	0.00e+00	0.00e+00	0.00e+00	0.00e+00	0.00e+00	0.00e+00	2.38e-02	4.81e-03	2.82e-03
 4.52439e+16	3.78e-02	7.17e-01	2.45e-01	0.00e+00	0.00e+00	0.00e+00	0.00e+00	0.00e+00	0.00e+00	2.87e-02	5.75e-03	3.38e-03
 4.58668e+16	4.77e-02	7.51e-01	2.01e-01	0.00e+00	0.00e+00	0.00e+00	0.00e+00	0.00e+00	0.00e+00	3.63e-02	7.19e-03	4.24e-03
 4.64093e+16	6.01e-02	7.79e-01	1.61e-01	0.00e+00	0.00e+00	0.00e+00	0.00e+00	0.00e+00	0.00e+00	4.58e-02	8.99e-03	5.32e-03
 4.68262e+16	7.31e-02	7.96e-01	1.31e-01	0.00e+00	0.00e+00	0.00e+00	0.00e+00	0.00e+00	0.00e+00	5.57e-02	1.09e-02	6.44e-03
 4.71382e+16	8.54e-02	8.05e-01	1.09e-01	0.00e+00	0.00e+00	0.00e+00	0.00e+00	0.00e+00	0.00e+00	6.53e-02	1.26e-02	7.51e-03
 4.73825e+16	9.70e-02	8.10e-01	9.33e-02	0.00e+00	0.00e+00	0.00e+00	0.00e+00	0.00e+00	0.00e+00	7.42e-02	1.43e-02	8.50e-03
 4.76445e+16	1.11e-01	8.11e-01	7.78e-02	0.00e+00	0.00e+00	0.00e+00	0.00e+00	0.00e+00	0.00e+00	8.51e-02	1.62e-02	9.71e-03
 4.79261e+16	1.31e-01	8.07e-01	6.20e-02	0.00e+00	0.00e+00	0.00e+00	0.00e+00	0.00e+00	0.00e+00	1.00e-01	1.90e-02	1.14e-02
 4.81569e+16	1.51e-01	7.99e-01	4.99e-02	0.00e+00	0.00e+00	0.00e+00	0.00e+00	0.00e+00	0.00e+00	1.16e-01	2.18e-02	1.31e-02
 4.83304e+16	1.70e-01	7.89e-01	4.15e-02	0.00e+00	0.00e+00	0.00e+00	0.00e+00	0.00e+00	0.00e+00	1.30e-01	2.44e-02	1.47e-02
 4.84795e+16	1.88e-01	7.77e-01	3.49e-02	0.00e+00	0.00e+00	0.00e+00	0.00e+00	0.00e+00	0.00e+00	1.45e-01	2.69e-02	1.62e-02
 4.86472e+16	2.11e-01	7.61e-01	2.82e-02	0.00e+00	0.00e+00	0.00e+00	0.00e+00	0.00e+00	0.00e+00	1.63e-01	3.02e-02	1.82e-02
 4.88223e+16	2.41e-01	7.37e-01	2.20e-02	0.00e+00	0.00e+00	0.00e+00	0.00e+00	0.00e+00	0.00e+00	1.86e-01	3.42e-02	2.07e-02
 4.89608e+16	2.69e-01	7.14e-01	1.75e-02	0.00e+00	0.00e+00	0.00e+00	0.00e+00	0.00e+00	0.00e+00	2.08e-01	3.80e-02	2.30e-02
 4.90674e+16	2.93e-01	6.92e-01	1.45e-02	0.00e+00	0.00e+00	0.00e+00	0.00e+00	0.00e+00	0.00e+00	2.27e-01	4.12e-02	2.50e-02
 4.91786e+16	3.20e-01	6.68e-01	1.18e-02	0.00e+00	0.00e+00	0.00e+00	0.00e+00	0.00e+00	0.00e+00	2.48e-01	4.47e-02	2.72e-02
 4.93006e+16	3.54e-01	6.37e-01	9.19e-03	0.00e+00	0.00e+00	0.00e+00	0.00e+00	0.00e+00	0.00e+00	2.75e-01	4.90e-02	3.00e-02
 4.94062e+16	3.87e-01	6.06e-01	7.23e-03	0.00e+00	0.00e+00	0.00e+00	0.00e+00	0.00e+00	0.00e+00	3.01e-01	5.31e-02	3.26e-02
 4.94914e+16	4.15e-01	5.79e-01	5.87e-03	0.00e+00	0.00e+00	0.00e+00	0.00e+00	0.00e+00	0.00e+00	3.24e-01	5.66e-02	3.48e-02
 4.95688e+16	4.42e-01	5.53e-01	4.80e-03	0.00e+00	0.00e+00	0.00e+00	0.00e+00	0.00e+00	0.00e+00	3.45e-01	5.98e-02	3.69e-02
 4.96477e+16	4.71e-01	5.25e-01	3.87e-03	0.00e+00	0.00e+00	0.00e+00	0.00e+00	0.00e+00	0.00e+00	3.69e-01	6.31e-02	3.91e-02
 4.97251e+16	5.02e-01	4.95e-01	3.08e-03	0.00e+00	0.00e+00	0.00e+00	0.00e+00	0.00e+00	0.00e+00	3.94e-01	6.64e-02	4.13e-02
 4.97931e+16	5.29e-01	4.68e-01	2.49e-03	0.00e+00	0.00e+00	0.00e+00	0.00e+00	0.00e+00	0.00e+00	4.17e-01	6.93e-02	4.33e-02
 4.98504e+16	5.53e-01	4.45e-01	2.07e-03	0.00e+00	0.00e+00	0.00e+00	0.00e+00	0.00e+00	0.00e+00	4.36e-01	7.17e-02	4.49e-02
 4.99017e+16	5.74e-01	4.24e-01	1.73e-03	0.00e+00	0.00e+00	0.00e+00	0.00e+00	0.00e+00	0.00e+00	4.54e-01	7.37e-02	4.63e-02
 4.99512e+16	5.95e-01	4.04e-01	1.46e-03	0.00e+00	0.00e+00	0.00e+00	0.00e+00	0.00e+00	0.00e+00	4.71e-01	7.56e-02	4.77e-02
 4.99911e+16	6.12e-01	3.87e-01	1.26e-03	0.00e+00	0.00e+00	0.00e+00	0.00e+00	0.00e+00	0.00e+00	4.86e-01	7.71e-02	4.88e-02
 5.00175e+16	6.23e-01	3.76e-01	1.14e-03	0.00e+00	0.00e+00	0.00e+00	0.00e+00	0.00e+00	0.00e+00	4.95e-01	7.80e-02	4.94e-02
 5.00414e+16	6.32e-01	3.67e-01	1.05e-03	0.00e+00	0.00e+00	0.00e+00	0.00e+00	0.00e+00	0.00e+00	5.04e-01	7.88e-02	5.00e-02
 5.00698e+16	6.44e-01	3.55e-01	9.33e-04	0.00e+00	0.00e+00	0.00e+00	0.00e+00	0.00e+00	0.00e+00	5.14e-01	7.98e-02	5.07e-02
 5.01011e+16	6.58e-01	3.42e-01	8.22e-04	0.00e+00	0.00e+00	0.00e+00	0.00e+00	0.00e+00	0.00e+00	5.25e-01	8.08e-02	5.15e-02
 5.01306e+16	6.70e-01	3.29e-01	7.28e-04	0.00e+00	0.00e+00	0.00e+00	0.00e+00	0.00e+00	0.00e+00	5.36e-01	8.17e-02	5.22e-02
 5.01573e+16	6.81e-01	3.18e-01	6.51e-04	0.00e+00	0.00e+00	0.00e+00	0.00e+00	0.00e+00	0.00e+00	5.46e-01	8.24e-02	5.28e-02
 5.01833e+16	6.92e-01	3.07e-01	5.82e-04	0.00e+00	0.00e+00	0.00e+00	0.00e+00	0.00e+00	0.00e+00	5.56e-01	8.32e-02	5.33e-02
 5.02098e+16	7.03e-01	2.96e-01	5.18e-04	0.00e+00	0.00e+00	0.00e+00	0.00e+00	0.00e+00	0.00e+00	5.65e-01	8.38e-02	5.39e-02
 5.02366e+16	7.14e-01	2.85e-01	4.58e-04	0.00e+00	0.00e+00	0.00e+00	0.00e+00	0.00e+00	0.00e+00	5.75e-01	8.45e-02	5.44e-02
 5.02627e+16	7.25e-01	2.75e-01	4.06e-04	0.00e+00	0.00e+00	0.00e+00	0.00e+00	0.00e+00	0.00e+00	5.85e-01	8.51e-02	5.49e-02
 5.02880e+16	7.35e-01	2.64e-01	3.60e-04	0.00e+00	0.00e+00	0.00e+00	0.00e+00	0.00e+00	0.00e+00	5.94e-01	8.56e-02	5.53e-02
 5.03128e+16	7.45e-01	2.55e-01	3.20e-04	0.00e+00	0.00e+00	0.00e+00	0.00e+00	0.00e+00	0.00e+00	6.03e-01	8.60e-02	5.57e-02
 5.03375e+16	7.55e-01	2.45e-01	2.83e-04	0.00e+00	0.00e+00	0.00e+00	0.00e+00	0.00e+00	0.00e+00	6.12e-01	8.65e-02	5.61e-02
 5.03620e+16	7.64e-01	2.35e-01	2.50e-04	0.00e+00	0.00e+00	0.00e+00	0.00e+00	0.00e+00	0.00e+00	6.21e-01	8.69e-02	5.65e-02
 5.03861e+16	7.74e-01	2.26e-01	2.21e-04	0.00e+00	0.00e+00	0.00e+00	0.00e+00	0.00e+00	0.00e+00	6.30e-01	8.72e-02	5.68e-02
 5.04098e+16	7.83e-01	2.17e-01	1.95e-04	0.00e+00	0.00e+00	0.00e+00	0.00e+00	0.00e+00	0.00e+00	6.38e-01	8.74e-02	5.71e-02
 5.04330e+16	7.92e-01	2.08e-01	1.72e-04	0.00e+00	0.00e+00	0.00e+00	0.00e+00	0.00e+00	0.00e+00	6.47e-01	8.77e-02	5.73e-02
 5.04560e+16	8.00e-01	2.00e-01	1.51e-04	0.00e+00	0.00e+00	0.00e+00	0.00e+00	0.00e+00	0.00e+00	6.55e-01	8.79e-02	5.75e-02
 5.04788e+16	8.08e-01	1.92e-01	1.33e-04	0.00e+00	0.00e+00	0.00e+00	0.00e+00	0.00e+00	0.00e+00	6.63e-01	8.80e-02	5.77e-02
 5.05012e+16	8.16e-01	1.84e-01	1.17e-04	0.00e+00	0.00e+00	0.00e+00	0.00e+00	0.00e+00	0.00e+00	6.70e-01	8.81e-02	5.79e-02
 5.05233e+16	8.24e-01	1.76e-01	1.03e-04	0.00e+00	0.00e+00	0.00e+00	0.00e+00	0.00e+00	0.00e+00	6.78e-01	8.82e-02	5.80e-02
 5.05451e+16	8.31e-01	1.68e-01	9.05e-05	0.00e+00	0.00e+00	0.00e+00	0.00e+00	0.00e+00	0.00e+00	6.85e-01	8.83e-02	5.81e-02
 5.05667e+16	8.39e-01	1.61e-01	7.94e-05	0.00e+00	0.00e+00	0.00e+00	0.00e+00	0.00e+00	0.00e+00	6.92e-01	8.83e-02	5.82e-02
 5.05879e+16	8.46e-01	1.54e-01	6.96e-05	0.00e+00	0.00e+00	0.00e+00	0.00e+00	0.00e+00	0.00e+00	6.99e-01	8.83e-02	5.83e-02
 5.06089e+16	8.52e-01	1.48e-01	6.10e-05	0.00e+00	0.00e+00	0.00e+00	0.00e+00	0.00e+00	0.00e+00	7.06e-01	8.83e-02	5.83e-02
 5.06296e+16	8.59e-01	1.41e-01	5.34e-05	0.00e+00	0.00e+00	0.00e+00	0.00e+00	0.00e+00	0.00e+00	7.12e-01	8.82e-02	5.84e-02
 5.06499e+16	8.65e-01	1.35e-01	4.67e-05	0.00e+00	0.00e+00	0.00e+00	0.00e+00	0.00e+00	0.00e+00	7.18e-01	8.82e-02	5.84e-02
 5.06698e+16	8.71e-01	1.29e-01	4.09e-05	0.00e+00	0.00e+00	0.00e+00	0.00e+00	0.00e+00	0.00e+00	7.24e-01	8.81e-02	5.84e-02
 5.06891e+16	8.76e-01	1.24e-01	3.59e-05	0.00e+00	0.00e+00	0.00e+00	0.00e+00	0.00e+00	0.00e+00	7.30e-01	8.80e-02	5.83e-02
 5.07080e+16	8.82e-01	1.18e-01	3.15e-05	0.00e+00	0.00e+00	0.00e+00	0.00e+00	0.00e+00	0.00e+00	7.36e-01	8.79e-02	5.83e-02
 5.07264e+16	8.87e-01	1.13e-01	2.77e-05	0.00e+00	0.00e+00	0.00e+00	0.00e+00	0.00e+00	0.00e+00	7.41e-01	8.78e-02	5.83e-02
 5.07445e+16	8.92e-01	1.08e-01	2.43e-05	0.00e+00	0.00e+00	0.00e+00	0.00e+00	0.00e+00	0.00e+00	7.46e-01	8.77e-02	5.82e-02
 5.07622e+16	8.96e-01	1.04e-01	2.14e-05	0.00e+00	0.00e+00	0.00e+00	0.00e+00	0.00e+00	0.00e+00	7.50e-01	8.76e-02	5.81e-02
 5.07795e+16	9.01e-01	9.93e-02	1.88e-05	0.00e+00	0.00e+00	0.00e+00	0.00e+00	0.00e+00	0.00e+00	7.55e-01	8.75e-02	5.81e-02
 5.07964e+16	9.05e-01	9.51e-02	1.66e-05	0.00e+00	0.00e+00	0.00e+00	0.00e+00	0.00e+00	0.00e+00	7.59e-01	8.74e-02	5.80e-02
 5.08129e+16	9.09e-01	9.12e-02	1.46e-05	0.00e+00	0.00e+00	0.00e+00	0.00e+00	0.00e+00	0.00e+00	7.64e-01	8.73e-02	5.79e-02
 5.08291e+16	9.13e-01	8.74e-02	1.29e-05	0.00e+00	0.00e+00	0.00e+00	0.00e+00	0.00e+00	0.00e+00	7.68e-01	8.72e-02	5.78e-02
 5.08451e+16	9.16e-01	8.37e-02	1.14e-05	0.00e+00	0.00e+00	0.00e+00	0.00e+00	0.00e+00	0.00e+00	7.71e-01	8.71e-02	5.77e-02
 5.08607e+16	9.20e-01	8.03e-02	1.01e-05	0.00e+00	0.00e+00	0.00e+00	0.00e+00	0.00e+00	0.00e+00	7.75e-01	8.71e-02	5.77e-02
 5.08760e+16	9.23e-01	7.69e-02	8.89e-06	0.00e+00	0.00e+00	0.00e+00	0.00e+00	0.00e+00	0.00e+00	7.78e-01	8.70e-02	5.76e-02
 5.08910e+16	9.26e-01	7.38e-02	7.88e-06	0.00e+00	0.00e+00	0.00e+00	0.00e+00	0.00e+00	0.00e+00	7.82e-01	8.68e-02	5.75e-02
 5.09059e+16	9.29e-01	7.07e-02	6.94e-06	0.00e+00	0.00e+00	0.00e+00	0.00e+00	0.00e+00	0.00e+00	7.85e-01	8.69e-02	5.74e-02
 5.09205e+16	9.32e-01	6.78e-02	6.14e-06	0.00e+00	0.00e+00	0.00e+00	0.00e+00	0.00e+00	0.00e+00	7.88e-01	8.68e-02	5.73e-02
 5.09344e+16	9.35e-01	6.51e-02	5.45e-06	0.00e+00	0.00e+00	0.00e+00	0.00e+00	0.00e+00	0.00e+00	7.91e-01	8.68e-02	5.72e-02
 5.09481e+16	9.38e-01	6.25e-02	4.83e-06	0.00e+00	0.00e+00	0.00e+00	0.00e+00	0.00e+00	0.00e+00	7.94e-01	8.68e-02	5.71e-02
 5.09618e+16	9.40e-01	6.00e-02	4.29e-06	0.00e+00	0.00e+00	0.00e+00	0.00e+00	0.00e+00	0.00e+00	7.96e-01	8.67e-02	5.69e-02
 5.09752e+16	9.42e-01	5.75e-02	3.80e-06	0.00e+00	0.00e+00	0.00e+00	0.00e+00	0.00e+00	0.00e+00	7.99e-01	8.67e-02	5.68e-02
 5.09884e+16	9.45e-01	5.52e-02	3.37e-06	0.00e+00	0.00e+00	0.00e+00	0.00e+00	0.00e+00	0.00e+00	8.01e-01	8.67e-02	5.67e-02
 5.10012e+16	9.47e-01	5.30e-02	3.00e-06	0.00e+00	0.00e+00	0.00e+00	0.00e+00	0.00e+00	0.00e+00	8.04e-01	8.67e-02	5.66e-02
 5.10138e+16	9.49e-01	5.09e-02	2.67e-06	0.00e+00	0.00e+00	0.00e+00	0.00e+00	0.00e+00	0.00e+00	8.06e-01	8.67e-02	5.65e-02
 5.10264e+16	9.51e-01	4.88e-02	2.36e-06	0.00e+00	0.00e+00	0.00e+00	0.00e+00	0.00e+00	0.00e+00	8.08e-01	8.69e-02	5.65e-02
 5.10386e+16	9.53e-01	4.69e-02	2.10e-06	0.00e+00	0.00e+00	0.00e+00	0.00e+00	0.00e+00	0.00e+00	8.10e-01	8.69e-02	5.63e-02
 5.10504e+16	9.55e-01	4.50e-02	1.87e-06	0.00e+00	0.00e+00	0.00e+00	0.00e+00	0.00e+00	0.00e+00	8.12e-01	8.70e-02	5.63e-02
 5.10622e+16	9.57e-01	4.32e-02	1.67e-06	0.00e+00	0.00e+00	0.00e+00	0.00e+00	0.00e+00	0.00e+00	8.13e-01	8.71e-02	5.62e-02
 5.10737e+16	9.58e-01	4.16e-02	1.49e-06	0.00e+00	0.00e+00	0.00e+00	0.00e+00	0.00e+00	0.00e+00	8.15e-01	8.72e-02	5.61e-02
 5.10850e+16	9.60e-01	3.99e-02	1.32e-06	0.00e+00	0.00e+00	0.00e+00	0.00e+00	0.00e+00	0.00e+00	8.17e-01	8.74e-02	5.61e-02
 5.10961e+16	9.62e-01	3.83e-02	1.18e-06	0.00e+00	0.00e+00	0.00e+00	0.00e+00	0.00e+00	0.00e+00	8.18e-01	8.76e-02	5.61e-02
 5.11068e+16	9.63e-01	3.68e-02	1.05e-06	0.00e+00	0.00e+00	0.00e+00	0.00e+00	0.00e+00	0.00e+00	8.19e-01	8.78e-02	5.61e-02
 5.11173e+16	9.65e-01	3.53e-02	9.39e-07	0.00e+00	0.00e+00	0.00e+00	0.00e+00	0.00e+00	0.00e+00	8.21e-01	8.80e-02	5.60e-02
 5.11277e+16	9.66e-01	3.39e-02	8.38e-07	0.00e+00	0.00e+00	0.00e+00	0.00e+00	0.00e+00	0.00e+00	8.22e-01	8.82e-02	5.60e-02
 5.11380e+16	9.67e-01	3.26e-02	7.48e-07	0.00e+00	0.00e+00	0.00e+00	0.00e+00	0.00e+00	0.00e+00	8.23e-01	8.85e-02	5.60e-02
 5.11479e+16	9.69e-01	3.13e-02	6.68e-07	0.00e+00	0.00e+00	0.00e+00	0.00e+00	0.00e+00	0.00e+00	8.24e-01	8.88e-02	5.61e-02
 5.11575e+16	9.70e-01	3.00e-02	5.98e-07	0.00e+00	0.00e+00	0.00e+00	0.00e+00	0.00e+00	0.00e+00	8.25e-01	8.91e-02	5.61e-02
 5.11670e+16	9.71e-01	2.88e-02	5.36e-07	0.00e+00	0.00e+00	0.00e+00	0.00e+00	0.00e+00	0.00e+00	8.26e-01	8.94e-02	5.61e-02
 5.11763e+16	9.72e-01	2.76e-02	4.78e-07	0.00e+00	0.00e+00	0.00e+00	0.00e+00	0.00e+00	0.00e+00	8.26e-01	8.98e-02	5.62e-02
 5.11854e+16	9.73e-01	2.65e-02	4.28e-07	0.00e+00	0.00e+00	0.00e+00	0.00e+00	0.00e+00	0.00e+00	8.27e-01	9.02e-02	5.62e-02
 5.11941e+16	9.75e-01	2.55e-02	3.83e-07	0.00e+00	0.00e+00	0.00e+00	0.00e+00	0.00e+00	0.00e+00	8.28e-01	9.07e-02	5.63e-02
 5.12025e+16	9.76e-01	2.44e-02	3.44e-07	0.00e+00	0.00e+00	0.00e+00	0.00e+00	0.00e+00	0.00e+00	8.28e-01	9.12e-02	5.64e-02
 5.12106e+16	9.77e-01	2.35e-02	3.09e-07	0.00e+00	0.00e+00	0.00e+00	0.00e+00	0.00e+00	0.00e+00	8.28e-01	9.17e-02	5.65e-02
 5.12184e+16	9.77e-01	2.25e-02	2.78e-07	0.00e+00	0.00e+00	0.00e+00	0.00e+00	0.00e+00	0.00e+00	8.29e-01	9.22e-02	5.66e-02
 5.12256e+16	9.78e-01	2.17e-02	2.51e-07	0.00e+00	0.00e+00	0.00e+00	0.00e+00	0.00e+00	0.00e+00	8.29e-01	9.28e-02	5.67e-02
 5.12324e+16	9.79e-01	2.09e-02	2.29e-07	0.00e+00	0.00e+00	0.00e+00	0.00e+00	0.00e+00	0.00e+00	8.29e-01	9.34e-02	5.68e-02
 5.12386e+16	9.80e-01	2.02e-02	2.09e-07	0.00e+00	0.00e+00	0.00e+00	0.00e+00	0.00e+00	0.00e+00	8.29e-01	9.39e-02	5.70e-02
 5.12443e+16	9.81e-01	1.95e-02	1.92e-07	0.00e+00	0.00e+00	0.00e+00	0.00e+00	0.00e+00	0.00e+00	8.29e-01	9.45e-02	5.71e-02
 5.12496e+16	9.81e-01	1.89e-02	1.77e-07	0.00e+00	0.00e+00	0.00e+00	0.00e+00	0.00e+00	0.00e+00	8.29e-01	9.51e-02	5.72e-02
 5.12546e+16	9.82e-01	1.83e-02	1.64e-07	0.00e+00	0.00e+00	0.00e+00	0.00e+00	0.00e+00	0.00e+00	8.29e-01	9.57e-02	5.74e-02
 5.12592e+16	9.82e-01	1.77e-02	1.51e-07	0.00e+00	0.00e+00	0.00e+00	0.00e+00	0.00e+00	0.00e+00	8.28e-01	9.64e-02	5.76e-02
 5.12636e+16	9.83e-01	1.72e-02	1.41e-07	0.00e+00	0.00e+00	0.00e+00	0.00e+00	0.00e+00	0.00e+00	8.28e-01	9.71e-02	5.77e-02
 5.12675e+16	9.83e-01	1.67e-02	1.32e-07	0.00e+00	0.00e+00	0.00e+00	0.00e+00	0.00e+00	0.00e+00	8.28e-01	9.77e-02	5.79e-02
 5.12710e+16	9.84e-01	1.63e-02	1.24e-07	0.00e+00	0.00e+00	0.00e+00	0.00e+00	0.00e+00	0.00e+00	8.27e-01	9.84e-02	5.80e-02
 5.12744e+16	9.84e-01	1.59e-02	1.16e-07	0.00e+00	0.00e+00	0.00e+00	0.00e+00	0.00e+00	0.00e+00	8.27e-01	9.90e-02	5.82e-02
 5.12776e+16	9.85e-01	1.55e-02	1.09e-07	0.00e+00	0.00e+00	0.00e+00	0.00e+00	0.00e+00	0.00e+00	8.26e-01	9.97e-02	5.84e-02
 5.12806e+16	9.85e-01	1.51e-02	1.03e-07	0.00e+00	0.00e+00	0.00e+00	0.00e+00	0.00e+00	0.00e+00	8.26e-01	1.00e-01	5.86e-02
 5.12834e+16	9.85e-01	1.47e-02	9.72e-08	0.00e+00	0.00e+00	0.00e+00	0.00e+00	0.00e+00	0.00e+00	8.25e-01	1.01e-01	5.87e-02
 5.12860e+16	9.86e-01	1.44e-02	9.19e-08	0.00e+00	0.00e+00	0.00e+00	0.00e+00	0.00e+00	0.00e+00	8.25e-01	1.02e-01	5.89e-02
 5.12885e+16	9.86e-01	1.40e-02	8.71e-08	0.00e+00	0.00e+00	0.00e+00	0.00e+00	0.00e+00	0.00e+00	8.24e-01	1.03e-01	5.91e-02
 5.12908e+16	9.86e-01	1.37e-02	8.26e-08	0.00e+00	0.00e+00	0.00e+00	0.00e+00	0.00e+00	0.00e+00	8.24e-01	1.03e-01	5.93e-02
 5.12929e+16	9.87e-01	1.34e-02	7.86e-08	0.00e+00	0.00e+00	0.00e+00	0.00e+00	0.00e+00	0.00e+00	8.23e-01	1.04e-01	5.95e-02
 5.12948e+16	9.87e-01	1.31e-02	7.49e-08	0.00e+00	0.00e+00	0.00e+00	0.00e+00	0.00e+00	0.00e+00	8.22e-01	1.05e-01	5.97e-02
 5.12966e+16	9.87e-01	1.28e-02	7.15e-08	0.00e+00	0.00e+00	0.00e+00	0.00e+00	0.00e+00	0.00e+00	8.22e-01	1.05e-01	5.99e-02
 5.12984e+16	9.87e-01	1.25e-02	6.83e-08	0.00e+00	0.00e+00	0.00e+00	0.00e+00	0.00e+00	0.00e+00	8.21e-01	1.06e-01	6.00e-02
 5.13000e+16	9.88e-01	1.23e-02	6.53e-08	0.00e+00	0.00e+00	0.00e+00	0.00e+00	0.00e+00	0.00e+00	8.20e-01	1.07e-01	6.02e-02
 5.13015e+16	9.88e-01	1.20e-02	6.24e-08	0.00e+00	0.00e+00	0.00e+00	0.00e+00	0.00e+00	0.00e+00	8.20e-01	1.08e-01	6.04e-02
 5.13029e+16	9.88e-01	1.18e-02	6.01e-08	0.00e+00	0.00e+00	0.00e+00	0.00e+00	0.00e+00	0.00e+00	8.19e-01	1.08e-01	6.06e-02
 5.13043e+16	9.88e-01	1.15e-02	5.70e-08	0.00e+00	0.00e+00	0.00e+00	0.00e+00	0.00e+00	0.00e+00	8.18e-01	1.10e-01	6.09e-02
 5.13057e+16	9.89e-01	1.13e-02	5.45e-08	0.00e+00	0.00e+00	0.00e+00	0.00e+00	0.00e+00	0.00e+00	8.17e-01	1.11e-01	6.11e-02
 5.13068e+16	9.89e-01	1.11e-02	5.28e-08	0.00e+00	0.00e+00	0.00e+00	0.00e+00	0.00e+00	0.00e+00	8.17e-01	1.11e-01	6.12e-02
 5.13079e+16	9.89e-01	1.08e-02	5.02e-08	0.00e+00	0.00e+00	0.00e+00	0.00e+00	0.00e+00	0.00e+00	8.15e-01	1.12e-01	6.15e-02
 5.13090e+16	9.89e-01	1.06e-02	4.80e-08	0.00e+00	0.00e+00	0.00e+00	0.00e+00	0.00e+00	0.00e+00	8.14e-01	1.13e-01	6.18e-02
 5.13100e+16	9.90e-01	1.03e-02	4.60e-08	0.00e+00	0.00e+00	0.00e+00	0.00e+00	0.00e+00	0.00e+00	8.13e-01	1.14e-01	6.20e-02
 5.13109e+16	9.90e-01	1.01e-02	4.41e-08	0.00e+00	0.00e+00	0.00e+00	0.00e+00	0.00e+00	0.00e+00	8.12e-01	1.15e-01	6.22e-02
 5.13118e+16	9.90e-01	9.89e-03	4.22e-08	0.00e+00	0.00e+00	0.00e+00	0.00e+00	0.00e+00	0.00e+00	8.11e-01	1.16e-01	6.25e-02
 5.13127e+16	9.90e-01	9.64e-03	4.02e-08	0.00e+00	0.00e+00	0.00e+00	0.00e+00	0.00e+00	0.00e+00	8.10e-01	1.18e-01	6.28e-02
 5.13136e+16	9.91e-01	9.38e-03	3.82e-08	0.00e+00	0.00e+00	0.00e+00	0.00e+00	0.00e+00	0.00e+00	8.09e-01	1.19e-01	6.31e-02
 5.13144e+16	9.91e-01	9.12e-03	3.62e-08	0.00e+00	0.00e+00	0.00e+00	0.00e+00	0.00e+00	0.00e+00	8.07e-01	1.20e-01	6.34e-02
 5.13152e+16	9.91e-01	8.80e-03	3.38e-08	0.00e+00	0.00e+00	0.00e+00	0.00e+00	0.00e+00	0.00e+00	8.05e-01	1.22e-01	6.39e-02
 5.13159e+16	9.92e-01	8.47e-03	3.16e-08	0.00e+00	0.00e+00	0.00e+00	0.00e+00	0.00e+00	0.00e+00	8.03e-01	1.24e-01	6.43e-02
 5.13165e+16	9.92e-01	8.11e-03	2.94e-08	0.00e+00	0.00e+00	0.00e+00	0.00e+00	0.00e+00	0.00e+00	8.00e-01	1.27e-01	6.48e-02
 5.13171e+16	9.93e-01	7.38e-03	2.52e-08	0.00e+00	0.00e+00	0.00e+00	0.00e+00	0.00e+00	0.00e+00	7.96e-01	1.31e-01	6.57e-02
