#depth	He	He+	He+2
 2.76860e+11	1.06e-03	8.70e-01	1.29e-01
 1.66116e+12	1.06e-03	8.70e-01	1.29e-01
 7.19835e+12	1.06e-03	8.71e-01	1.28e-01
 2.93471e+13	1.06e-03	8.73e-01	1.26e-01
 7.01009e+13	1.07e-03	8.75e-01	1.24e-01
 1.23081e+14	1.07e-03	8.79e-01	1.20e-01
 1.91955e+14	1.08e-03	8.85e-01	1.14e-01
 2.81491e+14	1.09e-03	8.93e-01	1.06e-01
 3.97887e+14	1.11e-03	9.05e-01	9.40e-02
 5.49203e+14	1.13e-03	9.19e-01	7.96e-02
 7.45914e+14	1.16e-03	9.36e-01	6.27e-02
 1.00164e+15	1.19e-03	9.54e-01	4.49e-02
 1.33408e+15	1.23e-03	9.71e-01	2.83e-02
 1.76625e+15	1.28e-03	9.84e-01	1.50e-02
 2.32808e+15	1.32e-03	9.92e-01	6.54e-03
 3.05845e+15	1.38e-03	9.96e-01	2.23e-03
 3.87976e+15	1.45e-03	9.98e-01	6.56e-04
 4.65860e+15	1.50e-03	9.98e-01	2.11e-04
 5.51038e+15	1.57e-03	9.98e-01	6.58e-05
 6.45454e+15	1.65e-03	9.98e-01	1.89e-05
 7.26312e+15	1.71e-03	9.98e-01	6.97e-06
 7.98944e+15	1.77e-03	9.98e-01	3.02e-06
 8.78838e+15	1.84e-03	9.98e-01	1.28e-06
 9.66722e+15	1.92e-03	9.98e-01	5.40e-07
 1.06339e+16	2.00e-03	9.98e-01	2.27e-07
 1.16973e+16	2.20e-03	9.98e-01	9.16e-08
 1.27419e+16	2.33e-03	9.98e-01	3.97e-08
 1.38632e+16	2.47e-03	9.98e-01	1.79e-08
 1.52219e+16	2.65e-03	9.97e-01	7.60e-09
 1.65283e+16	2.84e-03	9.97e-01	3.66e-09
 1.75688e+16	3.02e-03	9.97e-01	2.15e-09
 1.84655e+16	3.18e-03	9.97e-01	1.39e-09
 1.94725e+16	3.36e-03	9.97e-01	8.79e-10
 2.06027e+16	3.59e-03	9.96e-01	5.55e-10
 2.16217e+16	3.83e-03	9.96e-01	3.82e-10
 2.24672e+16	4.04e-03	9.96e-01	2.88e-10
 2.33587e+16	4.26e-03	9.96e-01	2.17e-10
 2.43656e+16	4.54e-03	9.95e-01	1.65e-10
 2.52848e+16	4.83e-03	9.95e-01	1.33e-10
 2.60599e+16	5.09e-03	9.95e-01	1.13e-10
 2.68858e+16	5.37e-03	9.95e-01	9.59e-11
 2.79594e+16	5.75e-03	9.94e-01	8.12e-11
 2.90222e+16	6.20e-03	9.94e-01	7.09e-11
 2.97927e+16	6.57e-03	9.93e-01	6.59e-11
 3.03954e+16	6.87e-03	9.93e-01	6.26e-11
 3.10583e+16	7.19e-03	9.93e-01	5.94e-11
 3.19202e+16	7.63e-03	9.92e-01	5.69e-11
 3.28452e+16	8.17e-03	9.92e-01	5.49e-11
 3.36205e+16	8.68e-03	9.91e-01	5.32e-11
 3.42605e+16	9.12e-03	9.91e-01	5.28e-11
 3.49562e+16	9.59e-03	9.90e-01	5.29e-11
 3.58331e+16	1.02e-02	9.90e-01	5.33e-11
 3.67331e+16	1.10e-02	9.89e-01	5.38e-11
 3.74688e+16	1.17e-02	9.88e-01	5.51e-11
 3.80785e+16	1.23e-02	9.88e-01	5.56e-11
 3.87469e+16	1.29e-02	9.87e-01	5.79e-11
 3.95331e+16	1.37e-02	9.86e-01	6.02e-11
 4.03107e+16	1.47e-02	9.85e-01	6.32e-11
 4.09896e+16	1.56e-02	9.84e-01	6.72e-11
 4.15832e+16	1.65e-02	9.83e-01	7.00e-11
 4.22055e+16	1.75e-02	9.83e-01	7.47e-11
 4.29048e+16	1.87e-02	9.81e-01	7.95e-11
 4.35870e+16	2.02e-02	9.80e-01	8.63e-11
 4.41755e+16	2.18e-02	9.78e-01	9.37e-11
 4.46854e+16	2.33e-02	9.77e-01	1.01e-10
 4.52439e+16	2.52e-02	9.75e-01	1.12e-10
 4.58668e+16	2.79e-02	9.72e-01	1.25e-10
 4.64093e+16	3.11e-02	9.69e-01	1.44e-10
 4.68262e+16	3.43e-02	9.66e-01	1.62e-10
 4.71382e+16	3.73e-02	9.63e-01	1.82e-10
 4.73825e+16	4.00e-02	9.60e-01	2.00e-10
 4.76445e+16	4.34e-02	9.57e-01	2.23e-10
 4.79261e+16	4.80e-02	9.52e-01	2.58e-10
 4.81569e+16	5.26e-02	9.47e-01	2.97e-10
 4.83304e+16	5.69e-02	9.43e-01	3.33e-10
 4.84795e+16	6.12e-02	9.39e-01	3.71e-10
 4.86472e+16	6.70e-02	9.33e-01	4.21e-10
 4.88223e+16	7.42e-02	9.26e-01	4.92e-10
 4.89608e+16	8.13e-02	9.19e-01	5.66e-10
 4.90674e+16	8.77e-02	9.12e-01	6.34e-10
 4.91786e+16	9.53e-02	9.05e-01	7.17e-10
 4.93006e+16	1.05e-01	8.95e-01	8.31e-10
 4.94062e+16	1.15e-01	8.85e-01	9.53e-10
 4.94914e+16	1.25e-01	8.75e-01	1.07e-09
 4.95688e+16	1.35e-01	8.65e-01	1.19e-09
 4.96477e+16	1.46e-01	8.54e-01	1.33e-09
 4.97251e+16	1.59e-01	8.41e-01	1.49e-09
 4.97931e+16	1.72e-01	8.28e-01	1.65e-09
 4.98504e+16	1.84e-01	8.16e-01	1.79e-09
 4.99017e+16	1.96e-01	8.04e-01	1.93e-09
 4.99512e+16	2.08e-01	7.92e-01	2.08e-09
 4.99911e+16	2.19e-01	7.81e-01	2.21e-09
 5.00175e+16	2.27e-01	7.73e-01	2.30e-09
 5.00414e+16	2.34e-01	7.66e-01	2.38e-09
 5.00698e+16	2.43e-01	7.57e-01	2.47e-09
 5.01011e+16	2.54e-01	7.46e-01	2.59e-09
 5.01306e+16	2.64e-01	7.36e-01	2.70e-09
 5.01573e+16	2.74e-01	7.26e-01	2.81e-09
 5.01833e+16	2.84e-01	7.16e-01	2.92e-09
 5.02098e+16	2.94e-01	7.06e-01	3.03e-09
 5.02366e+16	3.06e-01	6.94e-01	3.14e-09
 5.02627e+16	3.17e-01	6.83e-01	3.26e-09
 5.02880e+16	3.29e-01	6.71e-01	3.38e-09
 5.03128e+16	3.40e-01	6.60e-01	3.49e-09
 5.03375e+16	3.52e-01	6.48e-01	3.61e-09
 5.03620e+16	3.65e-01	6.35e-01	3.73e-09
 5.03861e+16	3.78e-01	6.22e-01	3.85e-09
 5.04098e+16	3.90e-01	6.10e-01	3.96e-09
 5.04330e+16	4.04e-01	5.96e-01	4.08e-09
 5.04560e+16	4.17e-01	5.83e-01	4.19e-09
 5.04788e+16	4.30e-01	5.70e-01	4.31e-09
 5.05012e+16	4.44e-01	5.56e-01	4.42e-09
 5.05233e+16	4.58e-01	5.42e-01	4.53e-09
 5.05451e+16	4.72e-01	5.28e-01	4.64e-09
 5.05667e+16	4.86e-01	5.14e-01	4.74e-09
 5.05879e+16	5.00e-01	5.00e-01	4.84e-09
 5.06089e+16	5.14e-01	4.86e-01	4.94e-09
 5.06296e+16	5.29e-01	4.71e-01	5.04e-09
 5.06499e+16	5.43e-01	4.57e-01	5.13e-09
 5.06698e+16	5.57e-01	4.43e-01	5.21e-09
 5.06891e+16	5.71e-01	4.29e-01	5.29e-09
 5.07080e+16	5.85e-01	4.15e-01	5.36e-09
 5.07264e+16	5.98e-01	4.02e-01	5.43e-09
 5.07445e+16	6.12e-01	3.88e-01	5.49e-09
 5.07622e+16	6.25e-01	3.75e-01	5.54e-09
 5.07795e+16	6.38e-01	3.62e-01	5.59e-09
 5.07964e+16	6.50e-01	3.50e-01	5.64e-09
 5.08129e+16	6.62e-01	3.38e-01	5.68e-09
 5.08291e+16	6.74e-01	3.26e-01	5.71e-09
 5.08451e+16	6.86e-01	3.14e-01	5.74e-09
 5.08607e+16	6.98e-01	3.02e-01	5.76e-09
 5.08760e+16	7.09e-01	2.91e-01	5.77e-09
 5.08910e+16	7.20e-01	2.80e-01	5.79e-09
 5.09059e+16	7.31e-01	2.69e-01	5.79e-09
 5.09205e+16	7.41e-01	2.59e-01	5.80e-09
 5.09344e+16	7.51e-01	2.49e-01	5.79e-09
 5.09481e+16	7.60e-01	2.40e-01	5.78e-09
 5.09618e+16	7.70e-01	2.30e-01	5.77e-09
 5.09752e+16	7.79e-01	2.21e-01	5.76e-09
 5.09884e+16	7.88e-01	2.12e-01	5.74e-09
 5.10012e+16	7.96e-01	2.04e-01	5.71e-09
 5.10138e+16	8.04e-01	1.96e-01	5.68e-09
 5.10264e+16	8.13e-01	1.87e-01	5.65e-09
 5.10386e+16	8.20e-01	1.80e-01	5.62e-09
 5.10504e+16	8.28e-01	1.72e-01	5.57e-09
 5.10622e+16	8.35e-01	1.65e-01	5.53e-09
 5.10737e+16	8.41e-01	1.59e-01	5.50e-09
 5.10850e+16	8.48e-01	1.52e-01	5.43e-09
 5.10961e+16	8.55e-01	1.45e-01	5.38e-09
 5.11068e+16	8.61e-01	1.39e-01	5.33e-09
 5.11173e+16	8.67e-01	1.33e-01	5.27e-09
 5.11277e+16	8.72e-01	1.28e-01	5.20e-09
 5.11380e+16	8.78e-01	1.22e-01	5.14e-09
 5.11479e+16	8.83e-01	1.17e-01	5.07e-09
 5.11575e+16	8.88e-01	1.12e-01	5.00e-09
 5.11670e+16	8.93e-01	1.07e-01	4.93e-09
 5.11763e+16	8.97e-01	1.03e-01	4.85e-09
 5.11854e+16	9.02e-01	9.81e-02	4.78e-09
 5.11941e+16	9.06e-01	9.39e-02	4.70e-09
 5.12025e+16	9.10e-01	8.99e-02	4.61e-09
 5.12106e+16	9.14e-01	8.61e-02	4.53e-09
 5.12184e+16	9.18e-01	8.24e-02	4.44e-09
 5.12256e+16	9.21e-01	7.91e-02	4.36e-09
 5.12324e+16	9.24e-01	7.60e-02	4.27e-09
 5.12386e+16	9.27e-01	7.32e-02	4.19e-09
 5.12443e+16	9.29e-01	7.06e-02	4.11e-09
 5.12496e+16	9.32e-01	6.83e-02	4.02e-09
 5.12546e+16	9.34e-01	6.61e-02	3.95e-09
 5.12592e+16	9.36e-01	6.39e-02	3.87e-09
 5.12636e+16	9.38e-01	6.20e-02	3.79e-09
 5.12675e+16	9.40e-01	6.02e-02	3.72e-09
 5.12710e+16	9.41e-01	5.86e-02	3.65e-09
 5.12744e+16	9.43e-01	5.70e-02	3.58e-09
 5.12776e+16	9.44e-01	5.55e-02	3.51e-09
 5.12806e+16	9.46e-01	5.41e-02	3.44e-09
 5.12834e+16	9.47e-01	5.28e-02	3.38e-09
 5.12860e+16	9.48e-01	5.16e-02	3.32e-09
 5.12885e+16	9.50e-01	5.04e-02	3.25e-09
 5.12908e+16	9.51e-01	4.93e-02	3.19e-09
 5.12929e+16	9.52e-01	4.82e-02	3.13e-09
 5.12948e+16	9.53e-01	4.73e-02	3.07e-09
 5.12966e+16	9.54e-01	4.63e-02	3.01e-09
 5.12984e+16	9.55e-01	4.54e-02	2.95e-09
 5.13000e+16	9.55e-01	4.45e-02	2.89e-09
 5.13015e+16	9.56e-01	4.37e-02	2.83e-09
 5.13029e+16	9.57e-01	4.30e-02	2.79e-09
 5.13043e+16	9.58e-01	4.20e-02	2.71e-09
 5.13057e+16	9.59e-01	4.12e-02	2.66e-09
 5.13068e+16	9.59e-01	4.06e-02	2.62e-09
 5.13079e+16	9.60e-01	3.98e-02	2.55e-09
 5.13090e+16	9.61e-01	3.90e-02	2.49e-09
 5.13100e+16	9.62e-01	3.83e-02	2.43e-09
 5.13109e+16	9.62e-01	3.76e-02	2.37e-09
 5.13118e+16	9.63e-01	3.69e-02	2.31e-09
 5.13127e+16	9.64e-01	3.61e-02	2.24e-09
 5.13136e+16	9.65e-01	3.53e-02	2.18e-09
 5.13144e+16	9.65e-01	3.46e-02	2.11e-09
 5.13152e+16	9.66e-01	3.36e-02	2.02e-09
 5.13159e+16	9.67e-01	3.27e-02	1.93e-09
 5.13165e+16	9.68e-01	3.18e-02	1.85e-09
 5.13171e+16	9.70e-01	3.03e-02	1.70e-09
