#depth	He	He+	He+2
 1.34817e+12	1.82e-04	2.98e-01	7.02e-01
 8.08902e+12	1.83e-04	2.98e-01	7.02e-01
 3.50524e+13	1.84e-04	2.99e-01	7.01e-01
 1.42906e+14	1.88e-04	3.04e-01	6.96e-01
 3.41357e+14	1.93e-04	3.07e-01	6.93e-01
 5.99342e+14	2.03e-04	3.17e-01	6.83e-01
 9.34724e+14	2.18e-04	3.33e-01	6.67e-01
 1.37072e+15	2.43e-04	3.60e-01	6.40e-01
 1.93751e+15	2.83e-04	4.05e-01	5.95e-01
 2.55103e+15	3.36e-04	4.65e-01	5.35e-01
 3.07493e+15	3.95e-04	5.29e-01	4.70e-01
 3.50458e+15	4.55e-04	5.92e-01	4.08e-01
 3.89878e+15	5.14e-04	6.53e-01	3.47e-01
 4.34801e+15	5.85e-04	7.22e-01	2.77e-01
 4.93200e+15	6.74e-04	8.05e-01	1.95e-01
 5.58582e+15	7.63e-04	8.79e-01	1.20e-01
 6.33039e+15	8.41e-04	9.34e-01	6.49e-02
 7.29833e+15	9.10e-04	9.71e-01	2.81e-02
 8.55666e+15	9.69e-04	9.89e-01	9.67e-03
 1.01925e+16	1.03e-03	9.96e-01	2.69e-03
 1.16729e+16	1.07e-03	9.98e-01	9.29e-04
 1.28402e+16	1.11e-03	9.98e-01	4.28e-04
 1.41242e+16	1.15e-03	9.99e-01	1.93e-04
 1.55367e+16	1.20e-03	9.99e-01	8.51e-05
 1.70903e+16	1.25e-03	9.99e-01	3.70e-05
 1.87994e+16	1.34e-03	9.99e-01	1.56e-05
 2.06793e+16	1.42e-03	9.99e-01	6.62e-06
 2.27472e+16	1.50e-03	9.98e-01	2.91e-06
 2.50220e+16	1.60e-03	9.98e-01	1.33e-06
 2.68576e+16	1.69e-03	9.98e-01	7.85e-07
 2.79140e+16	1.75e-03	9.98e-01	5.95e-07
 2.88620e+16	1.80e-03	9.98e-01	4.60e-07
 3.00945e+16	1.87e-03	9.98e-01	3.37e-07
 3.14583e+16	1.96e-03	9.98e-01	2.46e-07
 3.26507e+16	2.04e-03	9.98e-01	1.92e-07
 3.36502e+16	2.11e-03	9.98e-01	1.56e-07
 3.47415e+16	2.19e-03	9.98e-01	1.26e-07
 3.61600e+16	2.31e-03	9.98e-01	9.56e-08
 3.75381e+16	2.45e-03	9.98e-01	7.56e-08
 3.85052e+16	2.55e-03	9.97e-01	6.46e-08
 3.92785e+16	2.64e-03	9.97e-01	5.69e-08
 4.01581e+16	2.75e-03	9.97e-01	4.91e-08
 4.13016e+16	2.89e-03	9.97e-01	4.11e-08
 4.24902e+16	3.07e-03	9.97e-01	3.45e-08
 4.34246e+16	3.22e-03	9.97e-01	3.04e-08
 4.41940e+16	3.36e-03	9.97e-01	2.72e-08
 4.50617e+16	3.53e-03	9.96e-01	2.41e-08
 4.60382e+16	3.75e-03	9.96e-01	2.11e-08
 4.69415e+16	3.97e-03	9.96e-01	1.88e-08
 4.77353e+16	4.19e-03	9.96e-01	1.70e-08
 4.86016e+16	4.46e-03	9.96e-01	1.52e-08
 4.95367e+16	4.80e-03	9.95e-01	1.35e-08
 5.03318e+16	5.12e-03	9.95e-01	1.23e-08
 5.09955e+16	5.44e-03	9.95e-01	1.14e-08
 5.17179e+16	5.82e-03	9.94e-01	1.04e-08
 5.25025e+16	6.30e-03	9.94e-01	9.49e-09
 5.31735e+16	6.79e-03	9.93e-01	8.79e-09
 5.37259e+16	7.25e-03	9.93e-01	8.24e-09
 5.43186e+16	7.82e-03	9.92e-01	7.66e-09
 5.49624e+16	8.54e-03	9.91e-01	7.10e-09
 5.55159e+16	9.28e-03	9.91e-01	6.66e-09
 5.59771e+16	1.00e-02	9.90e-01	6.30e-09
 5.64753e+16	1.09e-02	9.89e-01	5.91e-09
 5.70092e+16	1.21e-02	9.88e-01	5.54e-09
 5.74631e+16	1.33e-02	9.87e-01	5.25e-09
 5.78449e+16	1.45e-02	9.85e-01	5.00e-09
 5.82592e+16	1.61e-02	9.84e-01	4.73e-09
 5.87095e+16	1.82e-02	9.82e-01	4.47e-09
 5.90595e+16	2.02e-02	9.80e-01	4.27e-09
 5.92906e+16	2.18e-02	9.78e-01	4.15e-09
 5.95142e+16	2.37e-02	9.76e-01	4.02e-09
 5.98050e+16	2.65e-02	9.74e-01	3.85e-09
 6.00865e+16	2.98e-02	9.70e-01	3.71e-09
 6.02821e+16	3.26e-02	9.67e-01	3.62e-09
 6.04327e+16	3.52e-02	9.65e-01	3.55e-09
 6.05988e+16	3.85e-02	9.62e-01	3.46e-09
 6.07829e+16	4.27e-02	9.57e-01	3.38e-09
 6.09464e+16	4.72e-02	9.53e-01	3.32e-09
 6.10822e+16	5.17e-02	9.48e-01	3.27e-09
 6.12062e+16	5.65e-02	9.44e-01	3.23e-09
 6.13472e+16	6.29e-02	9.37e-01	3.19e-09
 6.14942e+16	7.09e-02	9.29e-01	3.16e-09
 6.16116e+16	7.88e-02	9.21e-01	3.16e-09
 6.17066e+16	8.62e-02	9.14e-01	3.16e-09
 6.18095e+16	9.58e-02	9.04e-01	3.17e-09
 6.19225e+16	1.08e-01	8.92e-01	3.20e-09
 6.20210e+16	1.21e-01	8.79e-01	3.25e-09
 6.20995e+16	1.33e-01	8.67e-01	3.30e-09
 6.21648e+16	1.45e-01	8.55e-01	3.36e-09
 6.22247e+16	1.57e-01	8.43e-01	3.41e-09
 6.22821e+16	1.70e-01	8.30e-01	3.48e-09
 6.23355e+16	1.83e-01	8.17e-01	3.56e-09
 6.23754e+16	1.94e-01	8.06e-01	3.62e-09
 6.24008e+16	2.01e-01	7.99e-01	3.66e-09
 6.24251e+16	2.09e-01	7.91e-01	3.69e-09
 6.24540e+16	2.19e-01	7.81e-01	3.74e-09
 6.24843e+16	2.29e-01	7.71e-01	3.80e-09
 6.25122e+16	2.39e-01	7.61e-01	3.86e-09
 6.25374e+16	2.49e-01	7.51e-01	3.91e-09
 6.25621e+16	2.59e-01	7.41e-01	3.96e-09
 6.25872e+16	2.70e-01	7.30e-01	4.02e-09
 6.26121e+16	2.81e-01	7.19e-01	4.09e-09
 6.26360e+16	2.93e-01	7.07e-01	4.15e-09
 6.26591e+16	3.04e-01	6.96e-01	4.21e-09
 6.26817e+16	3.16e-01	6.84e-01	4.27e-09
 6.27041e+16	3.29e-01	6.71e-01	4.33e-09
 6.27261e+16	3.41e-01	6.59e-01	4.40e-09
 6.27476e+16	3.54e-01	6.46e-01	4.46e-09
 6.27685e+16	3.67e-01	6.33e-01	4.52e-09
 6.27890e+16	3.80e-01	6.20e-01	4.59e-09
 6.28093e+16	3.94e-01	6.06e-01	4.65e-09
 6.28291e+16	4.07e-01	5.93e-01	4.71e-09
 6.28485e+16	4.21e-01	5.79e-01	4.77e-09
 6.28676e+16	4.35e-01	5.65e-01	4.83e-09
 6.28863e+16	4.50e-01	5.50e-01	4.88e-09
 6.29046e+16	4.64e-01	5.36e-01	4.94e-09
 6.29227e+16	4.79e-01	5.21e-01	4.99e-09
 6.29403e+16	4.93e-01	5.07e-01	5.04e-09
 6.29577e+16	5.08e-01	4.92e-01	5.09e-09
 6.29747e+16	5.22e-01	4.78e-01	5.13e-09
 6.29914e+16	5.37e-01	4.63e-01	5.17e-09
 6.30075e+16	5.51e-01	4.49e-01	5.21e-09
 6.30231e+16	5.65e-01	4.35e-01	5.24e-09
 6.30385e+16	5.79e-01	4.21e-01	5.27e-09
 6.30535e+16	5.93e-01	4.07e-01	5.30e-09
 6.30679e+16	6.06e-01	3.94e-01	5.31e-09
 6.30820e+16	6.19e-01	3.81e-01	5.33e-09
 6.30957e+16	6.33e-01	3.67e-01	5.34e-09
 6.31092e+16	6.45e-01	3.55e-01	5.36e-09
 6.31223e+16	6.58e-01	3.42e-01	5.36e-09
 6.31351e+16	6.70e-01	3.30e-01	5.36e-09
 6.31476e+16	6.82e-01	3.18e-01	5.36e-09
 6.31598e+16	6.93e-01	3.07e-01	5.36e-09
 6.31718e+16	7.04e-01	2.96e-01	5.35e-09
 6.31835e+16	7.15e-01	2.85e-01	5.34e-09
 6.31949e+16	7.26e-01	2.74e-01	5.32e-09
 6.32061e+16	7.36e-01	2.64e-01	5.30e-09
 6.32170e+16	7.46e-01	2.54e-01	5.28e-09
 6.32276e+16	7.56e-01	2.44e-01	5.25e-09
 6.32382e+16	7.65e-01	2.35e-01	5.22e-09
 6.32485e+16	7.75e-01	2.25e-01	5.19e-09
 6.32587e+16	7.84e-01	2.16e-01	5.16e-09
 6.32686e+16	7.92e-01	2.08e-01	5.12e-09
 6.32781e+16	8.00e-01	2.00e-01	5.09e-09
 6.32876e+16	8.08e-01	1.92e-01	5.03e-09
 6.32971e+16	8.16e-01	1.84e-01	4.99e-09
 6.33061e+16	8.24e-01	1.76e-01	4.94e-09
 6.33149e+16	8.31e-01	1.69e-01	4.90e-09
 6.33237e+16	8.38e-01	1.62e-01	4.83e-09
 6.33324e+16	8.45e-01	1.55e-01	4.78e-09
 6.33407e+16	8.51e-01	1.49e-01	4.72e-09
 6.33488e+16	8.57e-01	1.43e-01	4.66e-09
 6.33569e+16	8.63e-01	1.37e-01	4.59e-09
 6.33648e+16	8.69e-01	1.31e-01	4.53e-09
 6.33725e+16	8.74e-01	1.26e-01	4.46e-09
 6.33800e+16	8.80e-01	1.20e-01	4.39e-09
 6.33873e+16	8.85e-01	1.15e-01	4.32e-09
 6.33944e+16	8.90e-01	1.10e-01	4.24e-09
 6.34014e+16	8.94e-01	1.06e-01	4.17e-09
 6.34082e+16	8.99e-01	1.01e-01	4.09e-09
 6.34149e+16	9.03e-01	9.67e-02	4.01e-09
 6.34213e+16	9.07e-01	9.26e-02	3.93e-09
 6.34275e+16	9.11e-01	8.86e-02	3.85e-09
 6.34336e+16	9.15e-01	8.48e-02	3.76e-09
 6.34394e+16	9.19e-01	8.13e-02	3.68e-09
 6.34448e+16	9.22e-01	7.80e-02	3.60e-09
 6.34498e+16	9.25e-01	7.49e-02	3.51e-09
 6.34544e+16	9.28e-01	7.20e-02	3.43e-09
 6.34586e+16	9.30e-01	6.95e-02	3.35e-09
 6.34624e+16	9.33e-01	6.72e-02	3.27e-09
 6.34660e+16	9.35e-01	6.50e-02	3.20e-09
 6.34693e+16	9.37e-01	6.30e-02	3.13e-09
 6.34724e+16	9.39e-01	6.11e-02	3.06e-09
 6.34753e+16	9.41e-01	5.93e-02	2.99e-09
 6.34780e+16	9.42e-01	5.77e-02	2.93e-09
 6.34805e+16	9.44e-01	5.62e-02	2.87e-09
 6.34829e+16	9.45e-01	5.47e-02	2.81e-09
 6.34850e+16	9.47e-01	5.34e-02	2.75e-09
 6.34870e+16	9.48e-01	5.21e-02	2.70e-09
 6.34888e+16	9.49e-01	5.11e-02	2.65e-09
 6.34907e+16	9.50e-01	4.97e-02	2.58e-09
 6.34924e+16	9.51e-01	4.87e-02	2.53e-09
 6.34938e+16	9.52e-01	4.78e-02	2.49e-09
 6.34952e+16	9.53e-01	4.67e-02	2.43e-09
 6.34965e+16	9.54e-01	4.58e-02	2.38e-09
 6.34977e+16	9.55e-01	4.51e-02	2.35e-09
 6.34988e+16	9.56e-01	4.42e-02	2.29e-09
 6.35000e+16	9.57e-01	4.35e-02	2.26e-09
 6.35009e+16	9.57e-01	4.26e-02	2.20e-09
 6.35018e+16	9.58e-01	4.20e-02	2.17e-09
 6.35027e+16	9.59e-01	4.13e-02	2.12e-09
 6.35035e+16	9.59e-01	4.07e-02	2.09e-09
 6.35042e+16	9.60e-01	4.00e-02	2.04e-09
 6.35049e+16	9.61e-01	3.95e-02	2.01e-09
 6.35056e+16	9.61e-01	3.88e-02	1.97e-09
 6.35062e+16	9.62e-01	3.82e-02	1.92e-09
 6.35069e+16	9.62e-01	3.75e-02	1.88e-09
 6.35075e+16	9.63e-01	3.69e-02	1.83e-09
 6.35081e+16	9.64e-01	3.62e-02	1.78e-09
 6.35088e+16	9.65e-01	3.54e-02	1.73e-09
 6.35094e+16	9.65e-01	3.46e-02	1.67e-09
 6.35100e+16	9.66e-01	3.36e-02	1.58e-09
 6.35107e+16	9.68e-01	3.24e-02	1.50e-09
 6.35113e+16	9.70e-01	3.03e-02	1.32e-09
