#depth	H	H+	H2
 1.34817e+12	1.08e-03	9.99e-01	2.71e-14
 8.08902e+12	1.08e-03	9.99e-01	2.72e-14
 3.50524e+13	1.08e-03	9.99e-01	2.73e-14
 1.42906e+14	1.08e-03	9.99e-01	2.77e-14
 3.41357e+14	1.08e-03	9.99e-01	2.85e-14
 5.99342e+14	1.08e-03	9.99e-01	2.96e-14
 9.34724e+14	1.09e-03	9.99e-01	3.09e-14
 1.37072e+15	1.10e-03	9.99e-01	3.27e-14
 1.93751e+15	1.11e-03	9.99e-01	3.53e-14
 2.55103e+15	1.13e-03	9.99e-01	3.81e-14
 3.07493e+15	1.14e-03	9.99e-01	4.07e-14
 3.50458e+15	1.16e-03	9.99e-01	4.35e-14
 3.89878e+15	1.18e-03	9.99e-01	4.60e-14
 4.34801e+15	1.21e-03	9.99e-01	4.94e-14
 4.93200e+15	1.25e-03	9.99e-01	5.39e-14
 5.58582e+15	1.28e-03	9.99e-01	5.89e-14
 6.33039e+15	1.33e-03	9.99e-01	6.45e-14
 7.29833e+15	1.38e-03	9.99e-01	7.12e-14
 8.55666e+15	1.44e-03	9.99e-01	7.90e-14
 1.01925e+16	1.52e-03	9.98e-01	8.91e-14
 1.16729e+16	1.58e-03	9.98e-01	9.83e-14
 1.28402e+16	1.66e-03	9.98e-01	1.06e-13
 1.41242e+16	1.74e-03	9.98e-01	1.16e-13
 1.55367e+16	1.84e-03	9.98e-01	1.28e-13
 1.70903e+16	1.97e-03	9.98e-01	1.42e-13
 1.87994e+16	2.16e-03	9.98e-01	1.67e-13
 2.06793e+16	2.37e-03	9.98e-01	1.91e-13
 2.27472e+16	2.62e-03	9.97e-01	2.21e-13
 2.50220e+16	2.95e-03	9.97e-01	2.61e-13
 2.68576e+16	3.27e-03	9.97e-01	3.01e-13
 2.79140e+16	3.48e-03	9.97e-01	3.29e-13
 2.88620e+16	3.68e-03	9.96e-01	3.54e-13
 3.00945e+16	3.94e-03	9.96e-01	3.88e-13
 3.14583e+16	4.28e-03	9.96e-01	4.33e-13
 3.26507e+16	4.61e-03	9.95e-01	4.78e-13
 3.36502e+16	4.91e-03	9.95e-01	5.19e-13
 3.47415e+16	5.25e-03	9.95e-01	5.64e-13
 3.61600e+16	5.74e-03	9.94e-01	6.31e-13
 3.75381e+16	6.31e-03	9.94e-01	7.13e-13
 3.85052e+16	6.76e-03	9.93e-01	7.80e-13
 3.92785e+16	7.14e-03	9.93e-01	8.35e-13
 4.01581e+16	7.59e-03	9.92e-01	9.00e-13
 4.13016e+16	8.21e-03	9.92e-01	9.88e-13
 4.24902e+16	9.00e-03	9.91e-01	1.11e-12
 4.34246e+16	9.67e-03	9.90e-01	1.21e-12
 4.41940e+16	1.03e-02	9.90e-01	1.31e-12
 4.50617e+16	1.10e-02	9.89e-01	1.42e-12
 4.60382e+16	1.20e-02	9.88e-01	1.56e-12
 4.69415e+16	1.30e-02	9.87e-01	1.72e-12
 4.77353e+16	1.40e-02	9.86e-01	1.88e-12
 4.86016e+16	1.52e-02	9.85e-01	2.06e-12
 4.95367e+16	1.67e-02	9.83e-01	2.30e-12
 5.03318e+16	1.82e-02	9.82e-01	2.55e-12
 5.09955e+16	1.96e-02	9.80e-01	2.78e-12
 5.17179e+16	2.13e-02	9.79e-01	3.06e-12
 5.25025e+16	2.35e-02	9.77e-01	3.43e-12
 5.31735e+16	2.56e-02	9.74e-01	3.82e-12
 5.37259e+16	2.77e-02	9.72e-01	4.18e-12
 5.43186e+16	3.02e-02	9.70e-01	4.63e-12
 5.49624e+16	3.35e-02	9.67e-01	5.23e-12
 5.55159e+16	3.68e-02	9.63e-01	5.85e-12
 5.59771e+16	4.00e-02	9.60e-01	6.47e-12
 5.64753e+16	4.40e-02	9.56e-01	7.28e-12
 5.70092e+16	4.93e-02	9.51e-01	8.33e-12
 5.74631e+16	5.47e-02	9.45e-01	9.47e-12
 5.78449e+16	6.02e-02	9.40e-01	1.06e-11
 5.82592e+16	6.71e-02	9.33e-01	1.22e-11
 5.87095e+16	7.67e-02	9.23e-01	1.44e-11
 5.90595e+16	8.60e-02	9.14e-01	1.66e-11
 5.92906e+16	9.32e-02	9.07e-01	1.84e-11
 5.95142e+16	1.01e-01	8.99e-01	2.04e-11
 5.98050e+16	1.14e-01	8.86e-01	2.37e-11
 6.00865e+16	1.28e-01	8.72e-01	2.78e-11
 6.02821e+16	1.41e-01	8.59e-01	3.14e-11
 6.04327e+16	1.51e-01	8.49e-01	3.47e-11
 6.05988e+16	1.65e-01	8.35e-01	3.90e-11
 6.07829e+16	1.82e-01	8.18e-01	4.49e-11
 6.09464e+16	2.00e-01	8.00e-01	5.13e-11
 6.10822e+16	2.17e-01	7.83e-01	5.79e-11
 6.12062e+16	2.35e-01	7.65e-01	6.50e-11
 6.13472e+16	2.58e-01	7.42e-01	7.49e-11
 6.14942e+16	2.86e-01	7.14e-01	8.78e-11
 6.16116e+16	3.11e-01	6.89e-01	1.01e-10
 6.17066e+16	3.34e-01	6.66e-01	1.13e-10
 6.18095e+16	3.61e-01	6.39e-01	1.29e-10
 6.19225e+16	3.94e-01	6.06e-01	1.51e-10
 6.20210e+16	4.27e-01	5.73e-01	1.75e-10
 6.20995e+16	4.54e-01	5.46e-01	1.98e-10
 6.21648e+16	4.78e-01	5.22e-01	2.20e-10
 6.22247e+16	5.02e-01	4.98e-01	2.43e-10
 6.22821e+16	5.25e-01	4.75e-01	2.68e-10
 6.23355e+16	5.48e-01	4.52e-01	2.95e-10
 6.23754e+16	5.65e-01	4.35e-01	3.17e-10
 6.24008e+16	5.75e-01	4.25e-01	3.31e-10
 6.24251e+16	5.86e-01	4.14e-01	3.47e-10
 6.24540e+16	5.99e-01	4.01e-01	3.67e-10
 6.24843e+16	6.13e-01	3.87e-01	3.89e-10
 6.25122e+16	6.26e-01	3.74e-01	4.11e-10
 6.25374e+16	6.37e-01	3.63e-01	4.32e-10
 6.25621e+16	6.49e-01	3.51e-01	4.55e-10
 6.25872e+16	6.61e-01	3.39e-01	4.79e-10
 6.26121e+16	6.73e-01	3.27e-01	5.05e-10
 6.26360e+16	6.85e-01	3.15e-01	5.32e-10
 6.26591e+16	6.96e-01	3.04e-01	5.60e-10
 6.26817e+16	7.06e-01	2.94e-01	5.88e-10
 6.27041e+16	7.17e-01	2.83e-01	6.19e-10
 6.27261e+16	7.28e-01	2.72e-01	6.51e-10
 6.27476e+16	7.38e-01	2.62e-01	6.84e-10
 6.27685e+16	7.48e-01	2.52e-01	7.19e-10
 6.27890e+16	7.58e-01	2.42e-01	7.55e-10
 6.28093e+16	7.67e-01	2.33e-01	7.94e-10
 6.28291e+16	7.76e-01	2.24e-01	8.34e-10
 6.28485e+16	7.85e-01	2.15e-01	8.75e-10
 6.28676e+16	7.94e-01	2.06e-01	9.19e-10
 6.28863e+16	8.02e-01	1.98e-01	9.65e-10
 6.29046e+16	8.11e-01	1.89e-01	1.01e-09
 6.29227e+16	8.19e-01	1.81e-01	1.06e-09
 6.29403e+16	8.26e-01	1.74e-01	1.12e-09
 6.29577e+16	8.34e-01	1.66e-01	1.17e-09
 6.29747e+16	8.41e-01	1.59e-01	1.23e-09
 6.29914e+16	8.47e-01	1.53e-01	1.29e-09
 6.30075e+16	8.54e-01	1.46e-01	1.36e-09
 6.30231e+16	8.60e-01	1.40e-01	1.42e-09
 6.30385e+16	8.66e-01	1.34e-01	1.49e-09
 6.30535e+16	8.72e-01	1.28e-01	1.56e-09
 6.30679e+16	8.77e-01	1.23e-01	1.64e-09
 6.30820e+16	8.82e-01	1.18e-01	1.72e-09
 6.30957e+16	8.87e-01	1.13e-01	1.80e-09
 6.31092e+16	8.92e-01	1.08e-01	1.89e-09
 6.31223e+16	8.96e-01	1.04e-01	1.98e-09
 6.31351e+16	9.00e-01	9.97e-02	2.07e-09
 6.31476e+16	9.04e-01	9.56e-02	2.17e-09
 6.31598e+16	9.08e-01	9.17e-02	2.28e-09
 6.31718e+16	9.12e-01	8.80e-02	2.39e-09
 6.31835e+16	9.16e-01	8.44e-02	2.50e-09
 6.31949e+16	9.19e-01	8.10e-02	2.63e-09
 6.32061e+16	9.22e-01	7.77e-02	2.76e-09
 6.32170e+16	9.25e-01	7.47e-02	2.90e-09
 6.32276e+16	9.28e-01	7.17e-02	3.04e-09
 6.32382e+16	9.31e-01	6.88e-02	3.20e-09
 6.32485e+16	9.34e-01	6.61e-02	3.36e-09
 6.32587e+16	9.37e-01	6.34e-02	3.54e-09
 6.32686e+16	9.39e-01	6.09e-02	3.73e-09
 6.32781e+16	9.41e-01	5.86e-02	3.92e-09
 6.32876e+16	9.44e-01	5.62e-02	4.15e-09
 6.32971e+16	9.46e-01	5.40e-02	4.38e-09
 6.33061e+16	9.48e-01	5.18e-02	4.63e-09
 6.33149e+16	9.50e-01	4.99e-02	4.89e-09
 6.33237e+16	9.52e-01	4.79e-02	5.19e-09
 6.33324e+16	9.54e-01	4.60e-02	5.51e-09
 6.33407e+16	9.56e-01	4.42e-02	5.86e-09
 6.33488e+16	9.58e-01	4.25e-02	6.23e-09
 6.33569e+16	9.59e-01	4.08e-02	6.64e-09
 6.33648e+16	9.61e-01	3.92e-02	7.10e-09
 6.33725e+16	9.62e-01	3.77e-02	7.61e-09
 6.33800e+16	9.64e-01	3.62e-02	8.16e-09
 6.33873e+16	9.65e-01	3.48e-02	8.77e-09
 6.33944e+16	9.67e-01	3.34e-02	9.46e-09
 6.34014e+16	9.68e-01	3.21e-02	1.02e-08
 6.34082e+16	9.69e-01	3.08e-02	1.11e-08
 6.34149e+16	9.70e-01	2.96e-02	1.21e-08
 6.34213e+16	9.72e-01	2.84e-02	1.32e-08
 6.34275e+16	9.73e-01	2.73e-02	1.45e-08
 6.34336e+16	9.74e-01	2.62e-02	1.60e-08
 6.34394e+16	9.75e-01	2.52e-02	1.77e-08
 6.34448e+16	9.76e-01	2.43e-02	1.95e-08
 6.34498e+16	9.77e-01	2.34e-02	2.16e-08
 6.34544e+16	9.77e-01	2.26e-02	2.39e-08
 6.34586e+16	9.78e-01	2.19e-02	2.64e-08
 6.34624e+16	9.79e-01	2.12e-02	2.91e-08
 6.34660e+16	9.79e-01	2.06e-02	3.21e-08
 6.34693e+16	9.80e-01	2.00e-02	3.56e-08
 6.34724e+16	9.81e-01	1.95e-02	3.93e-08
 6.34753e+16	9.81e-01	1.89e-02	4.35e-08
 6.34780e+16	9.82e-01	1.85e-02	4.79e-08
 6.34805e+16	9.82e-01	1.80e-02	5.30e-08
 6.34829e+16	9.82e-01	1.76e-02	5.87e-08
 6.34850e+16	9.83e-01	1.72e-02	6.50e-08
 6.34870e+16	9.83e-01	1.68e-02	7.18e-08
 6.34888e+16	9.84e-01	1.65e-02	7.84e-08
 6.34907e+16	9.84e-01	1.61e-02	8.85e-08
 6.34924e+16	9.84e-01	1.57e-02	9.84e-08
 6.34938e+16	9.85e-01	1.55e-02	1.07e-07
 6.34952e+16	9.85e-01	1.51e-02	1.20e-07
 6.34965e+16	9.85e-01	1.48e-02	1.34e-07
 6.34977e+16	9.85e-01	1.46e-02	1.45e-07
 6.34988e+16	9.86e-01	1.43e-02	1.63e-07
 6.35000e+16	9.86e-01	1.41e-02	1.79e-07
 6.35009e+16	9.86e-01	1.38e-02	2.02e-07
 6.35018e+16	9.86e-01	1.36e-02	2.20e-07
 6.35027e+16	9.87e-01	1.33e-02	2.47e-07
 6.35035e+16	9.87e-01	1.32e-02	2.69e-07
 6.35042e+16	9.87e-01	1.29e-02	3.03e-07
 6.35049e+16	9.87e-01	1.27e-02	3.31e-07
 6.35056e+16	9.88e-01	1.25e-02	3.73e-07
 6.35062e+16	9.88e-01	1.23e-02	4.18e-07
 6.35069e+16	9.88e-01	1.20e-02	4.71e-07
 6.35075e+16	9.88e-01	1.18e-02	5.34e-07
 6.35081e+16	9.88e-01	1.16e-02	6.11e-07
 6.35088e+16	9.89e-01	1.13e-02	7.08e-07
 6.35094e+16	9.89e-01	1.10e-02	8.30e-07
 6.35100e+16	9.89e-01	1.06e-02	1.02e-06
 6.35107e+16	9.90e-01	1.01e-02	1.26e-06
 6.35113e+16	9.91e-01	9.06e-03	1.77e-06
