#depth	O	O+	O+2	O+3	O+4	O+5	O+6	O+7	O+8	O[1]	O[2]	O[3]
 1.34817e+12	1.70e-06	2.94e-03	5.01e-01	4.94e-01	2.26e-03	0.00e+00	0.00e+00	0.00e+00	0.00e+00	1.23e-06	3.05e-07	1.61e-07
 8.08902e+12	1.70e-06	2.94e-03	5.02e-01	4.93e-01	2.26e-03	0.00e+00	0.00e+00	0.00e+00	0.00e+00	1.23e-06	3.06e-07	1.61e-07
 3.50524e+13	1.71e-06	2.96e-03	5.04e-01	4.91e-01	2.23e-03	0.00e+00	0.00e+00	0.00e+00	0.00e+00	1.24e-06	3.08e-07	1.62e-07
 1.42906e+14	1.76e-06	3.02e-03	5.14e-01	4.81e-01	2.13e-03	0.00e+00	0.00e+00	0.00e+00	0.00e+00	1.27e-06	3.17e-07	1.67e-07
 3.41357e+14	1.82e-06	3.12e-03	5.30e-01	4.65e-01	1.96e-03	0.00e+00	0.00e+00	0.00e+00	0.00e+00	1.32e-06	3.28e-07	1.73e-07
 5.99342e+14	1.94e-06	3.29e-03	5.52e-01	4.43e-01	1.75e-03	0.00e+00	0.00e+00	0.00e+00	0.00e+00	1.40e-06	3.51e-07	1.84e-07
 9.34724e+14	2.08e-06	3.50e-03	5.80e-01	4.15e-01	1.51e-03	0.00e+00	0.00e+00	0.00e+00	0.00e+00	1.50e-06	3.79e-07	1.99e-07
 1.37072e+15	2.30e-06	3.79e-03	6.18e-01	3.77e-01	1.23e-03	0.00e+00	0.00e+00	0.00e+00	0.00e+00	1.66e-06	4.20e-07	2.20e-07
 1.93751e+15	2.63e-06	4.23e-03	6.70e-01	3.25e-01	9.16e-04	0.00e+00	0.00e+00	0.00e+00	0.00e+00	1.90e-06	4.84e-07	2.52e-07
 2.55103e+15	3.02e-06	4.73e-03	7.27e-01	2.68e-01	6.36e-04	0.00e+00	0.00e+00	0.00e+00	0.00e+00	2.17e-06	5.59e-07	2.91e-07
 3.07493e+15	3.41e-06	5.21e-03	7.77e-01	2.18e-01	4.41e-04	0.00e+00	0.00e+00	0.00e+00	0.00e+00	2.45e-06	6.34e-07	3.29e-07
 3.50458e+15	3.85e-06	5.68e-03	8.17e-01	1.77e-01	3.08e-04	0.00e+00	0.00e+00	0.00e+00	0.00e+00	2.75e-06	7.19e-07	3.71e-07
 3.89878e+15	4.25e-06	6.11e-03	8.52e-01	1.42e-01	2.14e-04	0.00e+00	0.00e+00	0.00e+00	0.00e+00	3.04e-06	7.97e-07	4.11e-07
 4.34801e+15	4.77e-06	6.61e-03	8.86e-01	1.07e-01	1.35e-04	0.00e+00	0.00e+00	0.00e+00	0.00e+00	3.41e-06	8.99e-07	4.62e-07
 4.93200e+15	5.47e-06	7.24e-03	9.22e-01	7.05e-02	6.90e-05	0.00e+00	0.00e+00	0.00e+00	0.00e+00	3.90e-06	1.04e-06	5.31e-07
 5.58582e+15	6.20e-06	7.84e-03	9.50e-01	4.19e-02	3.03e-05	0.00e+00	0.00e+00	0.00e+00	0.00e+00	4.42e-06	1.18e-06	6.04e-07
 6.33039e+15	7.02e-06	8.43e-03	9.69e-01	2.22e-02	1.10e-05	0.00e+00	0.00e+00	0.00e+00	0.00e+00	4.99e-06	1.34e-06	6.84e-07
 7.29833e+15	7.95e-06	9.01e-03	9.81e-01	9.70e-03	2.91e-06	0.00e+00	0.00e+00	0.00e+00	0.00e+00	5.65e-06	1.52e-06	7.76e-07
 8.55666e+15	9.04e-06	9.59e-03	9.87e-01	3.46e-03	5.40e-07	0.00e+00	0.00e+00	0.00e+00	0.00e+00	6.42e-06	1.73e-06	8.83e-07
 1.01925e+16	1.05e-05	1.03e-02	9.89e-01	1.03e-03	0.00e+00	0.00e+00	0.00e+00	0.00e+00	0.00e+00	7.44e-06	2.02e-06	1.02e-06
 1.16729e+16	1.18e-05	1.08e-02	9.89e-01	3.93e-04	0.00e+00	0.00e+00	0.00e+00	0.00e+00	0.00e+00	8.37e-06	2.27e-06	1.15e-06
 1.28402e+16	1.31e-05	1.13e-02	9.88e-01	2.03e-04	0.00e+00	0.00e+00	0.00e+00	0.00e+00	0.00e+00	9.29e-06	2.52e-06	1.28e-06
 1.41242e+16	1.47e-05	1.19e-02	9.88e-01	1.11e-04	0.00e+00	0.00e+00	0.00e+00	0.00e+00	0.00e+00	1.04e-05	2.83e-06	1.44e-06
 1.55367e+16	1.67e-05	1.25e-02	9.87e-01	6.71e-05	0.00e+00	0.00e+00	0.00e+00	0.00e+00	0.00e+00	1.19e-05	3.22e-06	1.63e-06
 1.70903e+16	1.93e-05	1.33e-02	9.87e-01	4.58e-05	0.00e+00	0.00e+00	0.00e+00	0.00e+00	0.00e+00	1.37e-05	3.72e-06	1.89e-06
 1.87994e+16	2.41e-05	1.46e-02	9.85e-01	3.46e-05	0.00e+00	0.00e+00	0.00e+00	0.00e+00	0.00e+00	1.70e-05	4.68e-06	2.36e-06
 2.06793e+16	2.92e-05	1.57e-02	9.84e-01	2.85e-05	0.00e+00	0.00e+00	0.00e+00	0.00e+00	0.00e+00	2.07e-05	5.67e-06	2.86e-06
 2.27472e+16	3.62e-05	1.72e-02	9.83e-01	2.44e-05	0.00e+00	0.00e+00	0.00e+00	0.00e+00	0.00e+00	2.57e-05	7.01e-06	3.55e-06
 2.50220e+16	4.64e-05	1.90e-02	9.81e-01	2.13e-05	0.00e+00	0.00e+00	0.00e+00	0.00e+00	0.00e+00	3.29e-05	8.96e-06	4.53e-06
 2.68576e+16	5.76e-05	2.08e-02	9.79e-01	1.93e-05	0.00e+00	0.00e+00	0.00e+00	0.00e+00	0.00e+00	4.09e-05	1.11e-05	5.62e-06
 2.79140e+16	6.58e-05	2.19e-02	9.78e-01	1.83e-05	0.00e+00	0.00e+00	0.00e+00	0.00e+00	0.00e+00	4.67e-05	1.27e-05	6.41e-06
 2.88620e+16	7.39e-05	2.31e-02	9.77e-01	1.73e-05	0.00e+00	0.00e+00	0.00e+00	0.00e+00	0.00e+00	5.25e-05	1.42e-05	7.20e-06
 3.00945e+16	8.59e-05	2.46e-02	9.75e-01	1.62e-05	0.00e+00	0.00e+00	0.00e+00	0.00e+00	0.00e+00	6.10e-05	1.65e-05	8.35e-06
 3.14583e+16	1.03e-04	2.66e-02	9.73e-01	1.51e-05	0.00e+00	0.00e+00	0.00e+00	0.00e+00	0.00e+00	7.32e-05	1.97e-05	1.00e-05
 3.26507e+16	1.21e-04	2.86e-02	9.71e-01	1.40e-05	0.00e+00	0.00e+00	0.00e+00	0.00e+00	0.00e+00	8.60e-05	2.31e-05	1.17e-05
 3.36502e+16	1.39e-04	3.05e-02	9.69e-01	1.33e-05	0.00e+00	0.00e+00	0.00e+00	0.00e+00	0.00e+00	9.89e-05	2.65e-05	1.35e-05
 3.47415e+16	1.61e-04	3.26e-02	9.67e-01	1.24e-05	0.00e+00	0.00e+00	0.00e+00	0.00e+00	0.00e+00	1.15e-04	3.06e-05	1.56e-05
 3.61600e+16	1.96e-04	3.58e-02	9.64e-01	1.14e-05	0.00e+00	0.00e+00	0.00e+00	0.00e+00	0.00e+00	1.40e-04	3.72e-05	1.90e-05
 3.75381e+16	2.43e-04	3.96e-02	9.60e-01	1.04e-05	0.00e+00	0.00e+00	0.00e+00	0.00e+00	0.00e+00	1.74e-04	4.61e-05	2.35e-05
 3.85052e+16	2.85e-04	4.27e-02	9.57e-01	9.77e-06	0.00e+00	0.00e+00	0.00e+00	0.00e+00	0.00e+00	2.03e-04	5.38e-05	2.75e-05
 3.92785e+16	3.22e-04	4.54e-02	9.54e-01	9.26e-06	0.00e+00	0.00e+00	0.00e+00	0.00e+00	0.00e+00	2.30e-04	6.08e-05	3.11e-05
 4.01581e+16	3.72e-04	4.87e-02	9.51e-01	8.70e-06	0.00e+00	0.00e+00	0.00e+00	0.00e+00	0.00e+00	2.66e-04	6.99e-05	3.57e-05
 4.13016e+16	4.46e-04	5.33e-02	9.46e-01	7.99e-06	0.00e+00	0.00e+00	0.00e+00	0.00e+00	0.00e+00	3.20e-04	8.35e-05	4.28e-05
 4.24902e+16	5.53e-04	5.94e-02	9.40e-01	7.27e-06	0.00e+00	0.00e+00	0.00e+00	0.00e+00	0.00e+00	3.97e-04	1.03e-04	5.30e-05
 4.34246e+16	6.55e-04	6.47e-02	9.35e-01	6.69e-06	0.00e+00	0.00e+00	0.00e+00	0.00e+00	0.00e+00	4.70e-04	1.22e-04	6.26e-05
 4.41940e+16	7.59e-04	6.99e-02	9.29e-01	6.26e-06	0.00e+00	0.00e+00	0.00e+00	0.00e+00	0.00e+00	5.46e-04	1.41e-04	7.25e-05
 4.50617e+16	8.98e-04	7.63e-02	9.23e-01	5.76e-06	0.00e+00	0.00e+00	0.00e+00	0.00e+00	0.00e+00	6.47e-04	1.66e-04	8.56e-05
 4.60382e+16	1.09e-03	8.45e-02	9.14e-01	5.23e-06	0.00e+00	0.00e+00	0.00e+00	0.00e+00	0.00e+00	7.88e-04	2.01e-04	1.04e-04
 4.69415e+16	1.32e-03	9.35e-02	9.05e-01	4.73e-06	0.00e+00	0.00e+00	0.00e+00	0.00e+00	0.00e+00	9.56e-04	2.43e-04	1.26e-04
 4.77353e+16	1.58e-03	1.02e-01	8.96e-01	4.31e-06	0.00e+00	0.00e+00	0.00e+00	0.00e+00	0.00e+00	1.14e-03	2.88e-04	1.49e-04
 4.86016e+16	1.92e-03	1.14e-01	8.84e-01	3.88e-06	0.00e+00	0.00e+00	0.00e+00	0.00e+00	0.00e+00	1.39e-03	3.49e-04	1.81e-04
 4.95367e+16	2.40e-03	1.28e-01	8.69e-01	3.42e-06	0.00e+00	0.00e+00	0.00e+00	0.00e+00	0.00e+00	1.74e-03	4.36e-04	2.27e-04
 5.03318e+16	2.94e-03	1.43e-01	8.54e-01	3.03e-06	0.00e+00	0.00e+00	0.00e+00	0.00e+00	0.00e+00	2.13e-03	5.31e-04	2.77e-04
 5.09955e+16	3.50e-03	1.57e-01	8.40e-01	2.72e-06	0.00e+00	0.00e+00	0.00e+00	0.00e+00	0.00e+00	2.54e-03	6.33e-04	3.30e-04
 5.17179e+16	4.26e-03	1.74e-01	8.22e-01	2.40e-06	0.00e+00	0.00e+00	0.00e+00	0.00e+00	0.00e+00	3.09e-03	7.68e-04	4.01e-04
 5.25025e+16	5.35e-03	1.96e-01	7.98e-01	2.07e-06	0.00e+00	0.00e+00	0.00e+00	0.00e+00	0.00e+00	3.89e-03	9.62e-04	5.03e-04
 5.31735e+16	6.58e-03	2.19e-01	7.75e-01	1.79e-06	0.00e+00	0.00e+00	0.00e+00	0.00e+00	0.00e+00	4.78e-03	1.18e-03	6.17e-04
 5.37259e+16	7.85e-03	2.40e-01	7.52e-01	1.57e-06	0.00e+00	0.00e+00	0.00e+00	0.00e+00	0.00e+00	5.71e-03	1.41e-03	7.36e-04
 5.43186e+16	9.55e-03	2.66e-01	7.25e-01	1.35e-06	0.00e+00	0.00e+00	0.00e+00	0.00e+00	0.00e+00	6.95e-03	1.71e-03	8.94e-04
 5.49624e+16	1.20e-02	2.98e-01	6.90e-01	1.12e-06	0.00e+00	0.00e+00	0.00e+00	0.00e+00	0.00e+00	8.71e-03	2.14e-03	1.12e-03
 5.55159e+16	1.47e-02	3.29e-01	6.56e-01	9.40e-07	0.00e+00	0.00e+00	0.00e+00	0.00e+00	0.00e+00	1.07e-02	2.62e-03	1.37e-03
 5.59771e+16	1.75e-02	3.59e-01	6.23e-01	7.94e-07	0.00e+00	0.00e+00	0.00e+00	0.00e+00	0.00e+00	1.28e-02	3.12e-03	1.64e-03
 5.64753e+16	2.14e-02	3.96e-01	5.83e-01	6.46e-07	0.00e+00	0.00e+00	0.00e+00	0.00e+00	0.00e+00	1.56e-02	3.82e-03	2.00e-03
 5.70092e+16	2.68e-02	4.38e-01	5.35e-01	5.07e-07	0.00e+00	0.00e+00	0.00e+00	0.00e+00	0.00e+00	1.95e-02	4.77e-03	2.50e-03
 5.74631e+16	3.28e-02	4.78e-01	4.89e-01	3.98e-07	0.00e+00	0.00e+00	0.00e+00	0.00e+00	0.00e+00	2.39e-02	5.84e-03	3.06e-03
 5.78449e+16	3.91e-02	5.13e-01	4.47e-01	3.17e-07	0.00e+00	0.00e+00	0.00e+00	0.00e+00	0.00e+00	2.85e-02	6.95e-03	3.65e-03
 5.82592e+16	4.76e-02	5.54e-01	3.99e-01	2.40e-07	0.00e+00	0.00e+00	0.00e+00	0.00e+00	0.00e+00	3.47e-02	8.46e-03	4.44e-03
 5.87095e+16	5.95e-02	5.98e-01	3.42e-01	1.69e-07	0.00e+00	0.00e+00	0.00e+00	0.00e+00	0.00e+00	4.34e-02	1.06e-02	5.55e-03
 5.90595e+16	7.16e-02	6.33e-01	2.96e-01	1.23e-07	0.00e+00	0.00e+00	0.00e+00	0.00e+00	0.00e+00	5.22e-02	1.27e-02	6.67e-03
 5.92906e+16	8.10e-02	6.54e-01	2.65e-01	0.00e+00	0.00e+00	0.00e+00	0.00e+00	0.00e+00	0.00e+00	5.91e-02	1.44e-02	7.55e-03
 5.95142e+16	9.15e-02	6.74e-01	2.35e-01	0.00e+00	0.00e+00	0.00e+00	0.00e+00	0.00e+00	0.00e+00	6.67e-02	1.62e-02	8.53e-03
 5.98050e+16	1.08e-01	6.96e-01	1.96e-01	0.00e+00	0.00e+00	0.00e+00	0.00e+00	0.00e+00	0.00e+00	7.86e-02	1.91e-02	1.00e-02
 6.00865e+16	1.27e-01	7.13e-01	1.60e-01	0.00e+00	0.00e+00	0.00e+00	0.00e+00	0.00e+00	0.00e+00	9.28e-02	2.26e-02	1.19e-02
 6.02821e+16	1.43e-01	7.21e-01	1.36e-01	0.00e+00	0.00e+00	0.00e+00	0.00e+00	0.00e+00	0.00e+00	1.04e-01	2.53e-02	1.33e-02
 6.04327e+16	1.57e-01	7.24e-01	1.19e-01	0.00e+00	0.00e+00	0.00e+00	0.00e+00	0.00e+00	0.00e+00	1.14e-01	2.77e-02	1.46e-02
 6.05988e+16	1.74e-01	7.25e-01	1.00e-01	0.00e+00	0.00e+00	0.00e+00	0.00e+00	0.00e+00	0.00e+00	1.27e-01	3.08e-02	1.62e-02
 6.07829e+16	1.96e-01	7.22e-01	8.18e-02	0.00e+00	0.00e+00	0.00e+00	0.00e+00	0.00e+00	0.00e+00	1.43e-01	3.46e-02	1.82e-02
 6.09464e+16	2.19e-01	7.15e-01	6.67e-02	0.00e+00	0.00e+00	0.00e+00	0.00e+00	0.00e+00	0.00e+00	1.60e-01	3.85e-02	2.03e-02
 6.10822e+16	2.40e-01	7.05e-01	5.52e-02	0.00e+00	0.00e+00	0.00e+00	0.00e+00	0.00e+00	0.00e+00	1.75e-01	4.22e-02	2.22e-02
 6.12062e+16	2.61e-01	6.93e-01	4.58e-02	0.00e+00	0.00e+00	0.00e+00	0.00e+00	0.00e+00	0.00e+00	1.91e-01	4.58e-02	2.42e-02
 6.13472e+16	2.88e-01	6.76e-01	3.62e-02	0.00e+00	0.00e+00	0.00e+00	0.00e+00	0.00e+00	0.00e+00	2.11e-01	5.04e-02	2.67e-02
 6.14942e+16	3.20e-01	6.52e-01	2.76e-02	0.00e+00	0.00e+00	0.00e+00	0.00e+00	0.00e+00	0.00e+00	2.35e-01	5.59e-02	2.96e-02
 6.16116e+16	3.49e-01	6.29e-01	2.17e-02	0.00e+00	0.00e+00	0.00e+00	0.00e+00	0.00e+00	0.00e+00	2.56e-01	6.07e-02	3.22e-02
 6.17066e+16	3.75e-01	6.08e-01	1.75e-02	0.00e+00	0.00e+00	0.00e+00	0.00e+00	0.00e+00	0.00e+00	2.75e-01	6.49e-02	3.45e-02
 6.18095e+16	4.04e-01	5.82e-01	1.37e-02	0.00e+00	0.00e+00	0.00e+00	0.00e+00	0.00e+00	0.00e+00	2.98e-01	6.97e-02	3.71e-02
 6.19225e+16	4.41e-01	5.49e-01	1.01e-02	0.00e+00	0.00e+00	0.00e+00	0.00e+00	0.00e+00	0.00e+00	3.25e-01	7.54e-02	4.03e-02
 6.20210e+16	4.75e-01	5.17e-01	7.56e-03	0.00e+00	0.00e+00	0.00e+00	0.00e+00	0.00e+00	0.00e+00	3.51e-01	8.07e-02	4.33e-02
 6.20995e+16	5.04e-01	4.90e-01	5.90e-03	0.00e+00	0.00e+00	0.00e+00	0.00e+00	0.00e+00	0.00e+00	3.73e-01	8.50e-02	4.57e-02
 6.21648e+16	5.29e-01	4.67e-01	4.73e-03	0.00e+00	0.00e+00	0.00e+00	0.00e+00	0.00e+00	0.00e+00	3.92e-01	8.86e-02	4.78e-02
 6.22247e+16	5.52e-01	4.44e-01	3.82e-03	0.00e+00	0.00e+00	0.00e+00	0.00e+00	0.00e+00	0.00e+00	4.11e-01	9.20e-02	4.97e-02
 6.22821e+16	5.76e-01	4.21e-01	3.07e-03	0.00e+00	0.00e+00	0.00e+00	0.00e+00	0.00e+00	0.00e+00	4.29e-01	9.52e-02	5.16e-02
 6.23355e+16	5.98e-01	3.99e-01	2.47e-03	0.00e+00	0.00e+00	0.00e+00	0.00e+00	0.00e+00	0.00e+00	4.47e-01	9.81e-02	5.34e-02
 6.23754e+16	6.15e-01	3.83e-01	2.10e-03	0.00e+00	0.00e+00	0.00e+00	0.00e+00	0.00e+00	0.00e+00	4.60e-01	1.00e-01	5.46e-02
 6.24008e+16	6.25e-01	3.73e-01	1.90e-03	0.00e+00	0.00e+00	0.00e+00	0.00e+00	0.00e+00	0.00e+00	4.68e-01	1.01e-01	5.53e-02
 6.24251e+16	6.35e-01	3.63e-01	1.70e-03	0.00e+00	0.00e+00	0.00e+00	0.00e+00	0.00e+00	0.00e+00	4.77e-01	1.03e-01	5.61e-02
 6.24540e+16	6.48e-01	3.51e-01	1.49e-03	0.00e+00	0.00e+00	0.00e+00	0.00e+00	0.00e+00	0.00e+00	4.87e-01	1.04e-01	5.70e-02
 6.24843e+16	6.61e-01	3.37e-01	1.29e-03	0.00e+00	0.00e+00	0.00e+00	0.00e+00	0.00e+00	0.00e+00	4.98e-01	1.05e-01	5.80e-02
 6.25122e+16	6.74e-01	3.25e-01	1.13e-03	0.00e+00	0.00e+00	0.00e+00	0.00e+00	0.00e+00	0.00e+00	5.08e-01	1.07e-01	5.88e-02
 6.25374e+16	6.85e-01	3.14e-01	9.94e-04	0.00e+00	0.00e+00	0.00e+00	0.00e+00	0.00e+00	0.00e+00	5.17e-01	1.08e-01	5.95e-02
 6.25621e+16	6.96e-01	3.03e-01	8.76e-04	0.00e+00	0.00e+00	0.00e+00	0.00e+00	0.00e+00	0.00e+00	5.26e-01	1.09e-01	6.03e-02
 6.25872e+16	7.07e-01	2.92e-01	7.66e-04	0.00e+00	0.00e+00	0.00e+00	0.00e+00	0.00e+00	0.00e+00	5.36e-01	1.10e-01	6.10e-02
 6.26121e+16	7.18e-01	2.81e-01	6.70e-04	0.00e+00	0.00e+00	0.00e+00	0.00e+00	0.00e+00	0.00e+00	5.45e-01	1.11e-01	6.17e-02
 6.26360e+16	7.29e-01	2.71e-01	5.86e-04	0.00e+00	0.00e+00	0.00e+00	0.00e+00	0.00e+00	0.00e+00	5.54e-01	1.12e-01	6.23e-02
 6.26591e+16	7.39e-01	2.61e-01	5.13e-04	0.00e+00	0.00e+00	0.00e+00	0.00e+00	0.00e+00	0.00e+00	5.63e-01	1.13e-01	6.29e-02
 6.26817e+16	7.49e-01	2.51e-01	4.49e-04	0.00e+00	0.00e+00	0.00e+00	0.00e+00	0.00e+00	0.00e+00	5.72e-01	1.13e-01	6.34e-02
 6.27041e+16	7.59e-01	2.41e-01	3.93e-04	0.00e+00	0.00e+00	0.00e+00	0.00e+00	0.00e+00	0.00e+00	5.80e-01	1.14e-01	6.39e-02
 6.27261e+16	7.68e-01	2.31e-01	3.43e-04	0.00e+00	0.00e+00	0.00e+00	0.00e+00	0.00e+00	0.00e+00	5.89e-01	1.15e-01	6.44e-02
 6.27476e+16	7.78e-01	2.22e-01	2.99e-04	0.00e+00	0.00e+00	0.00e+00	0.00e+00	0.00e+00	0.00e+00	5.97e-01	1.15e-01	6.49e-02
 6.27685e+16	7.86e-01	2.13e-01	2.61e-04	0.00e+00	0.00e+00	0.00e+00	0.00e+00	0.00e+00	0.00e+00	6.05e-01	1.16e-01	6.53e-02
 6.27890e+16	7.95e-01	2.05e-01	2.28e-04	0.00e+00	0.00e+00	0.00e+00	0.00e+00	0.00e+00	0.00e+00	6.13e-01	1.16e-01	6.56e-02
 6.28093e+16	8.04e-01	1.96e-01	1.98e-04	0.00e+00	0.00e+00	0.00e+00	0.00e+00	0.00e+00	0.00e+00	6.21e-01	1.17e-01	6.60e-02
 6.28291e+16	8.12e-01	1.88e-01	1.73e-04	0.00e+00	0.00e+00	0.00e+00	0.00e+00	0.00e+00	0.00e+00	6.28e-01	1.17e-01	6.63e-02
 6.28485e+16	8.20e-01	1.80e-01	1.50e-04	0.00e+00	0.00e+00	0.00e+00	0.00e+00	0.00e+00	0.00e+00	6.36e-01	1.17e-01	6.66e-02
 6.28676e+16	8.27e-01	1.73e-01	1.31e-04	0.00e+00	0.00e+00	0.00e+00	0.00e+00	0.00e+00	0.00e+00	6.43e-01	1.17e-01	6.68e-02
 6.28863e+16	8.35e-01	1.65e-01	1.14e-04	0.00e+00	0.00e+00	0.00e+00	0.00e+00	0.00e+00	0.00e+00	6.50e-01	1.18e-01	6.70e-02
 6.29046e+16	8.42e-01	1.58e-01	9.88e-05	0.00e+00	0.00e+00	0.00e+00	0.00e+00	0.00e+00	0.00e+00	6.57e-01	1.18e-01	6.72e-02
 6.29227e+16	8.49e-01	1.51e-01	8.59e-05	0.00e+00	0.00e+00	0.00e+00	0.00e+00	0.00e+00	0.00e+00	6.63e-01	1.18e-01	6.74e-02
 6.29403e+16	8.55e-01	1.45e-01	7.46e-05	0.00e+00	0.00e+00	0.00e+00	0.00e+00	0.00e+00	0.00e+00	6.70e-01	1.18e-01	6.75e-02
 6.29577e+16	8.62e-01	1.38e-01	6.48e-05	0.00e+00	0.00e+00	0.00e+00	0.00e+00	0.00e+00	0.00e+00	6.76e-01	1.18e-01	6.76e-02
 6.29747e+16	8.68e-01	1.32e-01	5.62e-05	0.00e+00	0.00e+00	0.00e+00	0.00e+00	0.00e+00	0.00e+00	6.82e-01	1.18e-01	6.77e-02
 6.29914e+16	8.74e-01	1.26e-01	4.88e-05	0.00e+00	0.00e+00	0.00e+00	0.00e+00	0.00e+00	0.00e+00	6.88e-01	1.18e-01	6.78e-02
 6.30075e+16	8.79e-01	1.21e-01	4.25e-05	0.00e+00	0.00e+00	0.00e+00	0.00e+00	0.00e+00	0.00e+00	6.93e-01	1.18e-01	6.78e-02
 6.30231e+16	8.84e-01	1.16e-01	3.71e-05	0.00e+00	0.00e+00	0.00e+00	0.00e+00	0.00e+00	0.00e+00	6.99e-01	1.18e-01	6.78e-02
 6.30385e+16	8.90e-01	1.10e-01	3.22e-05	0.00e+00	0.00e+00	0.00e+00	0.00e+00	0.00e+00	0.00e+00	7.04e-01	1.18e-01	6.78e-02
 6.30535e+16	8.94e-01	1.06e-01	2.82e-05	0.00e+00	0.00e+00	0.00e+00	0.00e+00	0.00e+00	0.00e+00	7.09e-01	1.18e-01	6.78e-02
 6.30679e+16	8.99e-01	1.01e-01	2.46e-05	0.00e+00	0.00e+00	0.00e+00	0.00e+00	0.00e+00	0.00e+00	7.13e-01	1.18e-01	6.78e-02
 6.30820e+16	9.03e-01	9.68e-02	2.16e-05	0.00e+00	0.00e+00	0.00e+00	0.00e+00	0.00e+00	0.00e+00	7.18e-01	1.18e-01	6.77e-02
 6.30957e+16	9.07e-01	9.27e-02	1.89e-05	0.00e+00	0.00e+00	0.00e+00	0.00e+00	0.00e+00	0.00e+00	7.22e-01	1.18e-01	6.77e-02
 6.31092e+16	9.11e-01	8.88e-02	1.66e-05	0.00e+00	0.00e+00	0.00e+00	0.00e+00	0.00e+00	0.00e+00	7.26e-01	1.17e-01	6.77e-02
 6.31223e+16	9.15e-01	8.50e-02	1.45e-05	0.00e+00	0.00e+00	0.00e+00	0.00e+00	0.00e+00	0.00e+00	7.30e-01	1.17e-01	6.76e-02
 6.31351e+16	9.19e-01	8.15e-02	1.28e-05	0.00e+00	0.00e+00	0.00e+00	0.00e+00	0.00e+00	0.00e+00	7.34e-01	1.17e-01	6.76e-02
 6.31476e+16	9.22e-01	7.80e-02	1.12e-05	0.00e+00	0.00e+00	0.00e+00	0.00e+00	0.00e+00	0.00e+00	7.37e-01	1.17e-01	6.75e-02
 6.31598e+16	9.25e-01	7.48e-02	9.89e-06	0.00e+00	0.00e+00	0.00e+00	0.00e+00	0.00e+00	0.00e+00	7.41e-01	1.17e-01	6.74e-02
 6.31718e+16	9.28e-01	7.17e-02	8.70e-06	0.00e+00	0.00e+00	0.00e+00	0.00e+00	0.00e+00	0.00e+00	7.44e-01	1.17e-01	6.74e-02
 6.31835e+16	9.31e-01	6.87e-02	7.69e-06	0.00e+00	0.00e+00	0.00e+00	0.00e+00	0.00e+00	0.00e+00	7.47e-01	1.17e-01	6.73e-02
 6.31949e+16	9.34e-01	6.59e-02	6.77e-06	0.00e+00	0.00e+00	0.00e+00	0.00e+00	0.00e+00	0.00e+00	7.50e-01	1.17e-01	6.73e-02
 6.32061e+16	9.37e-01	6.32e-02	5.98e-06	0.00e+00	0.00e+00	0.00e+00	0.00e+00	0.00e+00	0.00e+00	7.53e-01	1.17e-01	6.72e-02
 6.32170e+16	9.39e-01	6.06e-02	5.29e-06	0.00e+00	0.00e+00	0.00e+00	0.00e+00	0.00e+00	0.00e+00	7.55e-01	1.17e-01	6.72e-02
 6.32276e+16	9.42e-01	5.82e-02	4.68e-06	0.00e+00	0.00e+00	0.00e+00	0.00e+00	0.00e+00	0.00e+00	7.58e-01	1.17e-01	6.71e-02
 6.32382e+16	9.44e-01	5.58e-02	4.14e-06	0.00e+00	0.00e+00	0.00e+00	0.00e+00	0.00e+00	0.00e+00	7.60e-01	1.17e-01	6.70e-02
 6.32485e+16	9.46e-01	5.35e-02	3.67e-06	0.00e+00	0.00e+00	0.00e+00	0.00e+00	0.00e+00	0.00e+00	7.63e-01	1.17e-01	6.69e-02
 6.32587e+16	9.49e-01	5.13e-02	3.24e-06	0.00e+00	0.00e+00	0.00e+00	0.00e+00	0.00e+00	0.00e+00	7.65e-01	1.17e-01	6.69e-02
 6.32686e+16	9.51e-01	4.93e-02	2.88e-06	0.00e+00	0.00e+00	0.00e+00	0.00e+00	0.00e+00	0.00e+00	7.67e-01	1.17e-01	6.69e-02
 6.32781e+16	9.53e-01	4.73e-02	2.57e-06	0.00e+00	0.00e+00	0.00e+00	0.00e+00	0.00e+00	0.00e+00	7.69e-01	1.17e-01	6.68e-02
 6.32876e+16	9.55e-01	4.54e-02	2.27e-06	0.00e+00	0.00e+00	0.00e+00	0.00e+00	0.00e+00	0.00e+00	7.71e-01	1.17e-01	6.67e-02
 6.32971e+16	9.56e-01	4.35e-02	2.02e-06	0.00e+00	0.00e+00	0.00e+00	0.00e+00	0.00e+00	0.00e+00	7.72e-01	1.17e-01	6.66e-02
 6.33061e+16	9.58e-01	4.18e-02	1.79e-06	0.00e+00	0.00e+00	0.00e+00	0.00e+00	0.00e+00	0.00e+00	7.74e-01	1.18e-01	6.66e-02
 6.33149e+16	9.60e-01	4.02e-02	1.60e-06	0.00e+00	0.00e+00	0.00e+00	0.00e+00	0.00e+00	0.00e+00	7.76e-01	1.18e-01	6.65e-02
 6.33237e+16	9.61e-01	3.85e-02	1.42e-06	0.00e+00	0.00e+00	0.00e+00	0.00e+00	0.00e+00	0.00e+00	7.77e-01	1.18e-01	6.64e-02
 6.33324e+16	9.63e-01	3.70e-02	1.26e-06	0.00e+00	0.00e+00	0.00e+00	0.00e+00	0.00e+00	0.00e+00	7.78e-01	1.18e-01	6.64e-02
 6.33407e+16	9.64e-01	3.55e-02	1.13e-06	0.00e+00	0.00e+00	0.00e+00	0.00e+00	0.00e+00	0.00e+00	7.80e-01	1.18e-01	6.64e-02
 6.33488e+16	9.66e-01	3.41e-02	1.01e-06	0.00e+00	0.00e+00	0.00e+00	0.00e+00	0.00e+00	0.00e+00	7.81e-01	1.19e-01	6.63e-02
 6.33569e+16	9.67e-01	3.28e-02	8.98e-07	0.00e+00	0.00e+00	0.00e+00	0.00e+00	0.00e+00	0.00e+00	7.82e-01	1.19e-01	6.63e-02
 6.33648e+16	9.69e-01	3.14e-02	8.01e-07	0.00e+00	0.00e+00	0.00e+00	0.00e+00	0.00e+00	0.00e+00	7.83e-01	1.19e-01	6.63e-02
 6.33725e+16	9.70e-01	3.02e-02	7.16e-07	0.00e+00	0.00e+00	0.00e+00	0.00e+00	0.00e+00	0.00e+00	7.84e-01	1.20e-01	6.63e-02
 6.33800e+16	9.71e-01	2.90e-02	6.40e-07	0.00e+00	0.00e+00	0.00e+00	0.00e+00	0.00e+00	0.00e+00	7.85e-01	1.20e-01	6.63e-02
 6.33873e+16	9.72e-01	2.78e-02	5.72e-07	0.00e+00	0.00e+00	0.00e+00	0.00e+00	0.00e+00	0.00e+00	7.85e-01	1.20e-01	6.64e-02
 6.33944e+16	9.73e-01	2.67e-02	5.12e-07	0.00e+00	0.00e+00	0.00e+00	0.00e+00	0.00e+00	0.00e+00	7.86e-01	1.21e-01	6.64e-02
 6.34014e+16	9.74e-01	2.57e-02	4.58e-07	0.00e+00	0.00e+00	0.00e+00	0.00e+00	0.00e+00	0.00e+00	7.87e-01	1.21e-01	6.65e-02
 6.34082e+16	9.75e-01	2.46e-02	4.10e-07	0.00e+00	0.00e+00	0.00e+00	0.00e+00	0.00e+00	0.00e+00	7.87e-01	1.22e-01	6.65e-02
 6.34149e+16	9.76e-01	2.36e-02	3.68e-07	0.00e+00	0.00e+00	0.00e+00	0.00e+00	0.00e+00	0.00e+00	7.87e-01	1.22e-01	6.66e-02
 6.34213e+16	9.77e-01	2.27e-02	3.30e-07	0.00e+00	0.00e+00	0.00e+00	0.00e+00	0.00e+00	0.00e+00	7.88e-01	1.23e-01	6.67e-02
 6.34275e+16	9.78e-01	2.18e-02	2.96e-07	0.00e+00	0.00e+00	0.00e+00	0.00e+00	0.00e+00	0.00e+00	7.88e-01	1.24e-01	6.68e-02
 6.34336e+16	9.79e-01	2.09e-02	2.65e-07	0.00e+00	0.00e+00	0.00e+00	0.00e+00	0.00e+00	0.00e+00	7.88e-01	1.24e-01	6.69e-02
 6.34394e+16	9.80e-01	2.01e-02	2.39e-07	0.00e+00	0.00e+00	0.00e+00	0.00e+00	0.00e+00	0.00e+00	7.88e-01	1.25e-01	6.70e-02
 6.34448e+16	9.81e-01	1.93e-02	2.17e-07	0.00e+00	0.00e+00	0.00e+00	0.00e+00	0.00e+00	0.00e+00	7.88e-01	1.26e-01	6.71e-02
 6.34498e+16	9.81e-01	1.86e-02	1.97e-07	0.00e+00	0.00e+00	0.00e+00	0.00e+00	0.00e+00	0.00e+00	7.88e-01	1.27e-01	6.72e-02
 6.34544e+16	9.82e-01	1.79e-02	1.80e-07	0.00e+00	0.00e+00	0.00e+00	0.00e+00	0.00e+00	0.00e+00	7.87e-01	1.27e-01	6.74e-02
 6.34586e+16	9.83e-01	1.74e-02	1.65e-07	0.00e+00	0.00e+00	0.00e+00	0.00e+00	0.00e+00	0.00e+00	7.87e-01	1.28e-01	6.75e-02
 6.34624e+16	9.83e-01	1.68e-02	1.53e-07	0.00e+00	0.00e+00	0.00e+00	0.00e+00	0.00e+00	0.00e+00	7.87e-01	1.29e-01	6.76e-02
 6.34660e+16	9.84e-01	1.63e-02	1.42e-07	0.00e+00	0.00e+00	0.00e+00	0.00e+00	0.00e+00	0.00e+00	7.86e-01	1.30e-01	6.78e-02
 6.34693e+16	9.84e-01	1.59e-02	1.32e-07	0.00e+00	0.00e+00	0.00e+00	0.00e+00	0.00e+00	0.00e+00	7.86e-01	1.30e-01	6.79e-02
 6.34724e+16	9.85e-01	1.54e-02	1.23e-07	0.00e+00	0.00e+00	0.00e+00	0.00e+00	0.00e+00	0.00e+00	7.85e-01	1.31e-01	6.81e-02
 6.34753e+16	9.85e-01	1.50e-02	1.15e-07	0.00e+00	0.00e+00	0.00e+00	0.00e+00	0.00e+00	0.00e+00	7.85e-01	1.32e-01	6.82e-02
 6.34780e+16	9.85e-01	1.46e-02	1.08e-07	0.00e+00	0.00e+00	0.00e+00	0.00e+00	0.00e+00	0.00e+00	7.84e-01	1.33e-01	6.84e-02
 6.34805e+16	9.86e-01	1.42e-02	1.01e-07	0.00e+00	0.00e+00	0.00e+00	0.00e+00	0.00e+00	0.00e+00	7.84e-01	1.34e-01	6.86e-02
 6.34829e+16	9.86e-01	1.39e-02	9.55e-08	0.00e+00	0.00e+00	0.00e+00	0.00e+00	0.00e+00	0.00e+00	7.83e-01	1.34e-01	6.87e-02
 6.34850e+16	9.86e-01	1.36e-02	9.03e-08	0.00e+00	0.00e+00	0.00e+00	0.00e+00	0.00e+00	0.00e+00	7.82e-01	1.35e-01	6.89e-02
 6.34870e+16	9.87e-01	1.33e-02	8.56e-08	0.00e+00	0.00e+00	0.00e+00	0.00e+00	0.00e+00	0.00e+00	7.82e-01	1.36e-01	6.90e-02
 6.34888e+16	9.87e-01	1.30e-02	8.17e-08	0.00e+00	0.00e+00	0.00e+00	0.00e+00	0.00e+00	0.00e+00	7.81e-01	1.37e-01	6.91e-02
 6.34907e+16	9.87e-01	1.27e-02	7.71e-08	0.00e+00	0.00e+00	0.00e+00	0.00e+00	0.00e+00	0.00e+00	7.80e-01	1.38e-01	6.94e-02
 6.34924e+16	9.88e-01	1.24e-02	7.33e-08	0.00e+00	0.00e+00	0.00e+00	0.00e+00	0.00e+00	0.00e+00	7.80e-01	1.38e-01	6.95e-02
 6.34938e+16	9.88e-01	1.22e-02	7.05e-08	0.00e+00	0.00e+00	0.00e+00	0.00e+00	0.00e+00	0.00e+00	7.79e-01	1.39e-01	6.96e-02
 6.34952e+16	9.88e-01	1.19e-02	6.70e-08	0.00e+00	0.00e+00	0.00e+00	0.00e+00	0.00e+00	0.00e+00	7.78e-01	1.40e-01	6.98e-02
 6.34965e+16	9.88e-01	1.17e-02	6.40e-08	0.00e+00	0.00e+00	0.00e+00	0.00e+00	0.00e+00	0.00e+00	7.77e-01	1.41e-01	7.00e-02
 6.34977e+16	9.89e-01	1.15e-02	6.19e-08	0.00e+00	0.00e+00	0.00e+00	0.00e+00	0.00e+00	0.00e+00	7.77e-01	1.41e-01	7.01e-02
 6.34988e+16	9.89e-01	1.12e-02	5.90e-08	0.00e+00	0.00e+00	0.00e+00	0.00e+00	0.00e+00	0.00e+00	7.76e-01	1.42e-01	7.03e-02
 6.35000e+16	9.89e-01	1.10e-02	5.69e-08	0.00e+00	0.00e+00	0.00e+00	0.00e+00	0.00e+00	0.00e+00	7.75e-01	1.43e-01	7.04e-02
 6.35009e+16	9.89e-01	1.08e-02	5.45e-08	0.00e+00	0.00e+00	0.00e+00	0.00e+00	0.00e+00	0.00e+00	7.74e-01	1.44e-01	7.06e-02
 6.35018e+16	9.89e-01	1.06e-02	5.28e-08	0.00e+00	0.00e+00	0.00e+00	0.00e+00	0.00e+00	0.00e+00	7.74e-01	1.45e-01	7.07e-02
 6.35027e+16	9.90e-01	1.04e-02	5.07e-08	0.00e+00	0.00e+00	0.00e+00	0.00e+00	0.00e+00	0.00e+00	7.73e-01	1.46e-01	7.09e-02
 6.35035e+16	9.90e-01	1.03e-02	4.92e-08	0.00e+00	0.00e+00	0.00e+00	0.00e+00	0.00e+00	0.00e+00	7.72e-01	1.46e-01	7.10e-02
 6.35042e+16	9.90e-01	1.01e-02	4.72e-08	0.00e+00	0.00e+00	0.00e+00	0.00e+00	0.00e+00	0.00e+00	7.71e-01	1.47e-01	7.12e-02
 6.35049e+16	9.90e-01	9.95e-03	4.59e-08	0.00e+00	0.00e+00	0.00e+00	0.00e+00	0.00e+00	0.00e+00	7.71e-01	1.48e-01	7.13e-02
 6.35056e+16	9.90e-01	9.75e-03	4.41e-08	0.00e+00	0.00e+00	0.00e+00	0.00e+00	0.00e+00	0.00e+00	7.70e-01	1.49e-01	7.16e-02
 6.35062e+16	9.90e-01	9.57e-03	4.25e-08	0.00e+00	0.00e+00	0.00e+00	0.00e+00	0.00e+00	0.00e+00	7.69e-01	1.50e-01	7.18e-02
 6.35069e+16	9.91e-01	9.39e-03	4.09e-08	0.00e+00	0.00e+00	0.00e+00	0.00e+00	0.00e+00	0.00e+00	7.68e-01	1.51e-01	7.19e-02
 6.35075e+16	9.91e-01	9.20e-03	3.93e-08	0.00e+00	0.00e+00	0.00e+00	0.00e+00	0.00e+00	0.00e+00	7.66e-01	1.52e-01	7.21e-02
 6.35081e+16	9.91e-01	8.99e-03	3.76e-08	0.00e+00	0.00e+00	0.00e+00	0.00e+00	0.00e+00	0.00e+00	7.65e-01	1.53e-01	7.24e-02
 6.35088e+16	9.91e-01	8.77e-03	3.59e-08	0.00e+00	0.00e+00	0.00e+00	0.00e+00	0.00e+00	0.00e+00	7.64e-01	1.55e-01	7.26e-02
 6.35094e+16	9.91e-01	8.52e-03	3.40e-08	0.00e+00	0.00e+00	0.00e+00	0.00e+00	0.00e+00	0.00e+00	7.62e-01	1.56e-01	7.29e-02
 6.35100e+16	9.92e-01	8.18e-03	3.16e-08	0.00e+00	0.00e+00	0.00e+00	0.00e+00	0.00e+00	0.00e+00	7.60e-01	1.59e-01	7.33e-02
 6.35107e+16	9.92e-01	7.80e-03	2.90e-08	0.00e+00	0.00e+00	0.00e+00	0.00e+00	0.00e+00	0.00e+00	7.57e-01	1.62e-01	7.38e-02
 6.35113e+16	9.93e-01	6.95e-03	2.39e-08	0.00e+00	0.00e+00	0.00e+00	0.00e+00	0.00e+00	0.00e+00	7.50e-01	1.68e-01	7.48e-02
