#depth	H	H+	H2
 6.91959e+11	9.90e-04	9.99e-01	2.86e-14
 4.15175e+12	9.90e-04	9.99e-01	2.86e-14
 1.79909e+13	9.90e-04	9.99e-01	2.87e-14
 7.33477e+13	9.93e-04	9.99e-01	2.89e-14
 1.75204e+14	9.91e-04	9.99e-01	2.93e-14
 3.07617e+14	9.91e-04	9.99e-01	2.98e-14
 4.79755e+14	9.92e-04	9.99e-01	3.04e-14
 7.03533e+14	9.94e-04	9.99e-01	3.12e-14
 9.94445e+14	9.96e-04	9.99e-01	3.21e-14
 1.37263e+15	1.00e-03	9.99e-01	3.34e-14
 1.86427e+15	1.01e-03	9.99e-01	3.50e-14
 2.50341e+15	1.02e-03	9.99e-01	3.70e-14
 3.33428e+15	1.04e-03	9.99e-01	3.97e-14
 4.41441e+15	1.07e-03	9.99e-01	4.32e-14
 5.81859e+15	1.11e-03	9.99e-01	4.79e-14
 7.64402e+15	1.17e-03	9.99e-01	5.46e-14
 1.00171e+16	1.27e-03	9.99e-01	6.46e-14
 1.30214e+16	1.41e-03	9.99e-01	7.99e-14
 1.61299e+16	1.60e-03	9.98e-01	9.94e-14
 1.88807e+16	1.81e-03	9.98e-01	1.21e-13
 2.11954e+16	2.07e-03	9.98e-01	1.50e-13
 2.33149e+16	2.31e-03	9.98e-01	1.76e-13
 2.50728e+16	2.56e-03	9.97e-01	2.03e-13
 2.61674e+16	2.73e-03	9.97e-01	2.22e-13
 2.71955e+16	2.90e-03	9.97e-01	2.41e-13
 2.85319e+16	3.13e-03	9.97e-01	2.68e-13
 2.99416e+16	3.43e-03	9.97e-01	3.02e-13
 3.10925e+16	3.69e-03	9.96e-01	3.32e-13
 3.20592e+16	3.94e-03	9.96e-01	3.62e-13
 3.31404e+16	4.22e-03	9.96e-01	3.95e-13
 3.43456e+16	4.58e-03	9.95e-01	4.39e-13
 3.54303e+16	4.96e-03	9.95e-01	4.86e-13
 3.63457e+16	5.30e-03	9.95e-01	5.28e-13
 3.73229e+16	5.67e-03	9.94e-01	5.74e-13
 3.85933e+16	6.23e-03	9.94e-01	6.42e-13
 3.98238e+16	6.88e-03	9.93e-01	7.27e-13
 4.06855e+16	7.40e-03	9.93e-01	7.95e-13
 4.13785e+16	7.83e-03	9.92e-01	8.53e-13
 4.21690e+16	8.36e-03	9.92e-01	9.21e-13
 4.31966e+16	9.11e-03	9.91e-01	1.02e-12
 4.42513e+16	1.01e-02	9.90e-01	1.14e-12
 4.50683e+16	1.09e-02	9.89e-01	1.26e-12
 4.57362e+16	1.16e-02	9.88e-01	1.36e-12
 4.64834e+16	1.25e-02	9.87e-01	1.48e-12
 4.74549e+16	1.39e-02	9.86e-01	1.66e-12
 4.84111e+16	1.55e-02	9.85e-01	1.88e-12
 4.91034e+16	1.68e-02	9.83e-01	2.08e-12
 4.96594e+16	1.81e-02	9.82e-01	2.25e-12
 5.02821e+16	1.96e-02	9.80e-01	2.47e-12
 5.09841e+16	2.16e-02	9.78e-01	2.76e-12
 5.16197e+16	2.37e-02	9.76e-01	3.07e-12
 5.21495e+16	2.57e-02	9.74e-01	3.39e-12
 5.26370e+16	2.79e-02	9.72e-01	3.72e-12
 5.31965e+16	3.08e-02	9.69e-01	4.16e-12
 5.37831e+16	3.44e-02	9.66e-01	4.74e-12
 5.42596e+16	3.80e-02	9.62e-01	5.32e-12
 5.46526e+16	4.14e-02	9.59e-01	5.89e-12
 5.50820e+16	4.58e-02	9.54e-01	6.64e-12
 5.55477e+16	5.15e-02	9.48e-01	7.63e-12
 5.59516e+16	5.77e-02	9.42e-01	8.75e-12
 5.62945e+16	6.40e-02	9.36e-01	9.92e-12
 5.66671e+16	7.23e-02	9.28e-01	1.15e-11
 5.70663e+16	8.36e-02	9.16e-01	1.38e-11
 5.73637e+16	9.43e-02	9.06e-01	1.60e-11
 5.75492e+16	1.02e-01	8.98e-01	1.77e-11
 5.77259e+16	1.11e-01	8.89e-01	1.97e-11
 5.79555e+16	1.24e-01	8.76e-01	2.27e-11
 5.81818e+16	1.39e-01	8.61e-01	2.65e-11
 5.83451e+16	1.53e-01	8.47e-01	3.00e-11
 5.84734e+16	1.65e-01	8.35e-01	3.33e-11
 5.86145e+16	1.80e-01	8.20e-01	3.75e-11
 5.87686e+16	1.99e-01	8.01e-01	4.32e-11
 5.89020e+16	2.18e-01	7.82e-01	4.94e-11
 5.90120e+16	2.36e-01	7.64e-01	5.55e-11
 5.91138e+16	2.54e-01	7.46e-01	6.22e-11
 5.92306e+16	2.78e-01	7.22e-01	7.16e-11
 5.93516e+16	3.07e-01	6.93e-01	8.37e-11
 5.94479e+16	3.33e-01	6.67e-01	9.56e-11
 5.95266e+16	3.56e-01	6.44e-01	1.07e-10
 5.96101e+16	3.83e-01	6.17e-01	1.22e-10
 5.97006e+16	4.15e-01	5.85e-01	1.41e-10
 5.97809e+16	4.46e-01	5.54e-01	1.62e-10
 5.98452e+16	4.73e-01	5.27e-01	1.82e-10
 5.98989e+16	4.96e-01	5.04e-01	2.01e-10
 5.99491e+16	5.18e-01	4.82e-01	2.21e-10
 5.99976e+16	5.41e-01	4.59e-01	2.43e-10
 6.00349e+16	5.58e-01	4.42e-01	2.62e-10
 6.00585e+16	5.69e-01	4.31e-01	2.73e-10
 6.00804e+16	5.79e-01	4.21e-01	2.87e-10
 6.01063e+16	5.92e-01	4.08e-01	3.03e-10
 6.01336e+16	6.06e-01	3.94e-01	3.22e-10
 6.01591e+16	6.19e-01	3.81e-01	3.40e-10
 6.01824e+16	6.31e-01	3.69e-01	3.58e-10
 6.02050e+16	6.43e-01	3.57e-01	3.77e-10
 6.02278e+16	6.55e-01	3.45e-01	3.98e-10
 6.02505e+16	6.67e-01	3.33e-01	4.19e-10
 6.02725e+16	6.78e-01	3.22e-01	4.42e-10
 6.02937e+16	6.90e-01	3.10e-01	4.65e-10
 6.03145e+16	7.01e-01	2.99e-01	4.90e-10
 6.03349e+16	7.11e-01	2.89e-01	5.16e-10
 6.03551e+16	7.22e-01	2.78e-01	5.43e-10
 6.03748e+16	7.33e-01	2.67e-01	5.71e-10
 6.03941e+16	7.43e-01	2.57e-01	6.01e-10
 6.04130e+16	7.53e-01	2.47e-01	6.32e-10
 6.04316e+16	7.62e-01	2.38e-01	6.64e-10
 6.04498e+16	7.71e-01	2.29e-01	6.99e-10
 6.04677e+16	7.81e-01	2.19e-01	7.35e-10
 6.04853e+16	7.89e-01	2.11e-01	7.73e-10
 6.05025e+16	7.98e-01	2.02e-01	8.12e-10
 6.05195e+16	8.06e-01	1.94e-01	8.54e-10
 6.05361e+16	8.14e-01	1.86e-01	8.98e-10
 6.05524e+16	8.22e-01	1.78e-01	9.44e-10
 6.05685e+16	8.30e-01	1.70e-01	9.93e-10
 6.05842e+16	8.37e-01	1.63e-01	1.04e-09
 6.05996e+16	8.44e-01	1.56e-01	1.10e-09
 6.06146e+16	8.50e-01	1.50e-01	1.15e-09
 6.06291e+16	8.57e-01	1.43e-01	1.21e-09
 6.06432e+16	8.63e-01	1.37e-01	1.27e-09
 6.06573e+16	8.69e-01	1.31e-01	1.34e-09
 6.06708e+16	8.74e-01	1.26e-01	1.41e-09
 6.06837e+16	8.79e-01	1.21e-01	1.47e-09
 6.06965e+16	8.84e-01	1.16e-01	1.55e-09
 6.07091e+16	8.89e-01	1.11e-01	1.62e-09
 6.07214e+16	8.94e-01	1.06e-01	1.71e-09
 6.07332e+16	8.98e-01	1.02e-01	1.79e-09
 6.07448e+16	9.02e-01	9.79e-02	1.88e-09
 6.07561e+16	9.06e-01	9.39e-02	1.97e-09
 6.07673e+16	9.10e-01	9.01e-02	2.08e-09
 6.07782e+16	9.14e-01	8.64e-02	2.18e-09
 6.07887e+16	9.17e-01	8.30e-02	2.29e-09
 6.07991e+16	9.20e-01	7.97e-02	2.41e-09
 6.08093e+16	9.24e-01	7.65e-02	2.53e-09
 6.08194e+16	9.27e-01	7.34e-02	2.66e-09
 6.08292e+16	9.30e-01	7.05e-02	2.81e-09
 6.08388e+16	9.32e-01	6.77e-02	2.96e-09
 6.08481e+16	9.35e-01	6.50e-02	3.11e-09
 6.08573e+16	9.38e-01	6.24e-02	3.28e-09
 6.08664e+16	9.40e-01	6.00e-02	3.46e-09
 6.08753e+16	9.42e-01	5.76e-02	3.66e-09
 6.08840e+16	9.45e-01	5.53e-02	3.87e-09
 6.08926e+16	9.47e-01	5.31e-02	4.10e-09
 6.09009e+16	9.49e-01	5.10e-02	4.34e-09
 6.09090e+16	9.51e-01	4.91e-02	4.60e-09
 6.09170e+16	9.53e-01	4.72e-02	4.88e-09
 6.09250e+16	9.55e-01	4.53e-02	5.19e-09
 6.09327e+16	9.56e-01	4.35e-02	5.53e-09
 6.09401e+16	9.58e-01	4.18e-02	5.90e-09
 6.09475e+16	9.60e-01	4.02e-02	6.29e-09
 6.09548e+16	9.61e-01	3.86e-02	6.73e-09
 6.09619e+16	9.63e-01	3.71e-02	7.22e-09
 6.09688e+16	9.64e-01	3.57e-02	7.75e-09
 6.09755e+16	9.66e-01	3.43e-02	8.35e-09
 6.09821e+16	9.67e-01	3.29e-02	9.02e-09
 6.09886e+16	9.68e-01	3.16e-02	9.77e-09
 6.09949e+16	9.70e-01	3.04e-02	1.06e-08
 6.10010e+16	9.71e-01	2.92e-02	1.16e-08
 6.10069e+16	9.72e-01	2.80e-02	1.27e-08
 6.10127e+16	9.73e-01	2.69e-02	1.39e-08
 6.10183e+16	9.74e-01	2.59e-02	1.53e-08
 6.10237e+16	9.75e-01	2.49e-02	1.69e-08
 6.10287e+16	9.76e-01	2.39e-02	1.87e-08
 6.10334e+16	9.77e-01	2.31e-02	2.07e-08
 6.10376e+16	9.78e-01	2.23e-02	2.29e-08
 6.10415e+16	9.78e-01	2.16e-02	2.53e-08
 6.10450e+16	9.79e-01	2.09e-02	2.79e-08
 6.10484e+16	9.80e-01	2.03e-02	3.08e-08
 6.10516e+16	9.80e-01	1.97e-02	3.41e-08
 6.10545e+16	9.81e-01	1.92e-02	3.77e-08
 6.10572e+16	9.81e-01	1.87e-02	4.17e-08
 6.10597e+16	9.82e-01	1.82e-02	4.59e-08
 6.10621e+16	9.82e-01	1.77e-02	5.08e-08
 6.10643e+16	9.83e-01	1.73e-02	5.64e-08
 6.10663e+16	9.83e-01	1.69e-02	6.23e-08
 6.10682e+16	9.83e-01	1.65e-02	6.88e-08
 6.10700e+16	9.84e-01	1.61e-02	7.60e-08
 6.10716e+16	9.84e-01	1.58e-02	8.41e-08
 6.10731e+16	9.85e-01	1.55e-02	9.30e-08
 6.10746e+16	9.85e-01	1.52e-02	1.02e-07
 6.10760e+16	9.85e-01	1.48e-02	1.14e-07
 6.10773e+16	9.85e-01	1.45e-02	1.27e-07
 6.10784e+16	9.86e-01	1.43e-02	1.38e-07
 6.10795e+16	9.86e-01	1.40e-02	1.55e-07
 6.10805e+16	9.86e-01	1.37e-02	1.73e-07
 6.10814e+16	9.86e-01	1.35e-02	1.88e-07
 6.10823e+16	9.87e-01	1.33e-02	2.10e-07
 6.10832e+16	9.87e-01	1.30e-02	2.31e-07
 6.10840e+16	9.87e-01	1.28e-02	2.59e-07
 6.10847e+16	9.87e-01	1.26e-02	2.82e-07
 6.10854e+16	9.88e-01	1.24e-02	3.16e-07
 6.10861e+16	9.88e-01	1.21e-02	3.51e-07
 6.10867e+16	9.88e-01	1.20e-02	3.83e-07
 6.10873e+16	9.88e-01	1.17e-02	4.36e-07
 6.10880e+16	9.89e-01	1.14e-02	4.93e-07
 6.10886e+16	9.89e-01	1.12e-02	5.58e-07
 6.10892e+16	9.89e-01	1.09e-02	6.34e-07
 6.10898e+16	9.89e-01	1.06e-02	7.25e-07
 6.10904e+16	9.90e-01	1.02e-02	8.59e-07
 6.10910e+16	9.90e-01	9.71e-03	1.02e-06
