#depth	O	O+	O+2	O+3	O+4	O+5	O+6	O+7	O+8	O[1]	O[2]	O[3]
 6.91959e+11	3.65e-06	6.99e-03	8.94e-01	9.90e-02	1.70e-05	0.00e+00	0.00e+00	0.00e+00	0.00e+00	2.60e-06	6.93e-07	3.54e-07
 4.15175e+12	3.65e-06	6.99e-03	8.94e-01	9.87e-02	1.69e-05	0.00e+00	0.00e+00	0.00e+00	0.00e+00	2.60e-06	6.94e-07	3.54e-07
 1.79909e+13	3.66e-06	7.01e-03	8.96e-01	9.73e-02	1.66e-05	0.00e+00	0.00e+00	0.00e+00	0.00e+00	2.61e-06	6.96e-07	3.55e-07
 7.33477e+13	3.71e-06	7.07e-03	9.01e-01	9.24e-02	1.53e-05	0.00e+00	0.00e+00	0.00e+00	0.00e+00	2.64e-06	7.07e-07	3.60e-07
 1.75204e+14	3.76e-06	7.15e-03	9.07e-01	8.54e-02	1.34e-05	0.00e+00	0.00e+00	0.00e+00	0.00e+00	2.68e-06	7.18e-07	3.66e-07
 3.07617e+14	3.84e-06	7.27e-03	9.16e-01	7.69e-02	1.13e-05	0.00e+00	0.00e+00	0.00e+00	0.00e+00	2.73e-06	7.34e-07	3.74e-07
 4.79755e+14	3.94e-06	7.41e-03	9.26e-01	6.66e-02	9.02e-06	0.00e+00	0.00e+00	0.00e+00	0.00e+00	2.80e-06	7.55e-07	3.84e-07
 7.03533e+14	4.07e-06	7.59e-03	9.38e-01	5.48e-02	6.65e-06	0.00e+00	0.00e+00	0.00e+00	0.00e+00	2.89e-06	7.81e-07	3.97e-07
 9.94445e+14	4.23e-06	7.80e-03	9.50e-01	4.19e-02	4.41e-06	0.00e+00	0.00e+00	0.00e+00	0.00e+00	3.01e-06	8.14e-07	4.13e-07
 1.37263e+15	4.46e-06	8.07e-03	9.63e-01	2.90e-02	2.51e-06	0.00e+00	0.00e+00	0.00e+00	0.00e+00	3.16e-06	8.59e-07	4.35e-07
 1.86427e+15	4.74e-06	8.39e-03	9.74e-01	1.75e-02	1.18e-06	0.00e+00	0.00e+00	0.00e+00	0.00e+00	3.36e-06	9.15e-07	4.63e-07
 2.50341e+15	5.08e-06	8.74e-03	9.82e-01	8.95e-03	4.27e-07	0.00e+00	0.00e+00	0.00e+00	0.00e+00	3.60e-06	9.85e-07	4.97e-07
 3.33428e+15	5.53e-06	9.15e-03	9.87e-01	3.74e-03	0.00e+00	0.00e+00	0.00e+00	0.00e+00	0.00e+00	3.92e-06	1.07e-06	5.42e-07
 4.41441e+15	6.11e-06	9.61e-03	9.89e-01	1.26e-03	0.00e+00	0.00e+00	0.00e+00	0.00e+00	0.00e+00	4.32e-06	1.19e-06	5.99e-07
 5.81859e+15	6.91e-06	1.02e-02	9.89e-01	3.55e-04	0.00e+00	0.00e+00	0.00e+00	0.00e+00	0.00e+00	4.88e-06	1.35e-06	6.78e-07
 7.64402e+15	8.09e-06	1.09e-02	9.89e-01	9.54e-05	0.00e+00	0.00e+00	0.00e+00	0.00e+00	0.00e+00	5.71e-06	1.58e-06	7.95e-07
 1.00171e+16	9.94e-06	1.19e-02	9.88e-01	3.51e-05	0.00e+00	0.00e+00	0.00e+00	0.00e+00	0.00e+00	7.01e-06	1.95e-06	9.77e-07
 1.30214e+16	1.30e-05	1.34e-02	9.87e-01	2.11e-05	0.00e+00	0.00e+00	0.00e+00	0.00e+00	0.00e+00	9.19e-06	2.56e-06	1.28e-06
 1.61299e+16	1.73e-05	1.50e-02	9.85e-01	1.64e-05	0.00e+00	0.00e+00	0.00e+00	0.00e+00	0.00e+00	1.22e-05	3.41e-06	1.71e-06
 1.88807e+16	2.27e-05	1.67e-02	9.83e-01	1.39e-05	0.00e+00	0.00e+00	0.00e+00	0.00e+00	0.00e+00	1.60e-05	4.46e-06	2.23e-06
 2.11954e+16	3.05e-05	1.89e-02	9.81e-01	1.21e-05	0.00e+00	0.00e+00	0.00e+00	0.00e+00	0.00e+00	2.14e-05	6.04e-06	3.01e-06
 2.33149e+16	3.85e-05	2.07e-02	9.79e-01	1.08e-05	0.00e+00	0.00e+00	0.00e+00	0.00e+00	0.00e+00	2.71e-05	7.61e-06	3.79e-06
 2.50728e+16	4.72e-05	2.24e-02	9.78e-01	9.82e-06	0.00e+00	0.00e+00	0.00e+00	0.00e+00	0.00e+00	3.32e-05	9.31e-06	4.64e-06
 2.61674e+16	5.40e-05	2.37e-02	9.76e-01	9.32e-06	0.00e+00	0.00e+00	0.00e+00	0.00e+00	0.00e+00	3.80e-05	1.06e-05	5.31e-06
 2.71955e+16	6.13e-05	2.49e-02	9.75e-01	8.83e-06	0.00e+00	0.00e+00	0.00e+00	0.00e+00	0.00e+00	4.32e-05	1.21e-05	6.02e-06
 2.85319e+16	7.20e-05	2.66e-02	9.73e-01	8.19e-06	0.00e+00	0.00e+00	0.00e+00	0.00e+00	0.00e+00	5.08e-05	1.42e-05	7.07e-06
 2.99416e+16	8.68e-05	2.87e-02	9.71e-01	7.61e-06	0.00e+00	0.00e+00	0.00e+00	0.00e+00	0.00e+00	6.12e-05	1.70e-05	8.51e-06
 3.10925e+16	1.01e-04	3.06e-02	9.69e-01	7.14e-06	0.00e+00	0.00e+00	0.00e+00	0.00e+00	0.00e+00	7.14e-05	1.98e-05	9.90e-06
 3.20592e+16	1.16e-04	3.24e-02	9.67e-01	6.80e-06	0.00e+00	0.00e+00	0.00e+00	0.00e+00	0.00e+00	8.18e-05	2.26e-05	1.13e-05
 3.31404e+16	1.34e-04	3.46e-02	9.65e-01	6.37e-06	0.00e+00	0.00e+00	0.00e+00	0.00e+00	0.00e+00	9.50e-05	2.62e-05	1.31e-05
 3.43456e+16	1.60e-04	3.73e-02	9.62e-01	5.93e-06	0.00e+00	0.00e+00	0.00e+00	0.00e+00	0.00e+00	1.13e-04	3.11e-05	1.56e-05
 3.54303e+16	1.90e-04	4.03e-02	9.59e-01	5.56e-06	0.00e+00	0.00e+00	0.00e+00	0.00e+00	0.00e+00	1.34e-04	3.69e-05	1.85e-05
 3.63457e+16	2.19e-04	4.30e-02	9.57e-01	5.24e-06	0.00e+00	0.00e+00	0.00e+00	0.00e+00	0.00e+00	1.55e-04	4.25e-05	2.14e-05
 3.73229e+16	2.54e-04	4.60e-02	9.54e-01	4.92e-06	0.00e+00	0.00e+00	0.00e+00	0.00e+00	0.00e+00	1.80e-04	4.92e-05	2.47e-05
 3.85933e+16	3.13e-04	5.07e-02	9.49e-01	4.52e-06	0.00e+00	0.00e+00	0.00e+00	0.00e+00	0.00e+00	2.22e-04	6.02e-05	3.03e-05
 3.98238e+16	3.90e-04	5.63e-02	9.43e-01	4.12e-06	0.00e+00	0.00e+00	0.00e+00	0.00e+00	0.00e+00	2.77e-04	7.49e-05	3.78e-05
 4.06855e+16	4.58e-04	6.08e-02	9.39e-01	3.84e-06	0.00e+00	0.00e+00	0.00e+00	0.00e+00	0.00e+00	3.25e-04	8.79e-05	4.43e-05
 4.13785e+16	5.21e-04	6.48e-02	9.35e-01	3.63e-06	0.00e+00	0.00e+00	0.00e+00	0.00e+00	0.00e+00	3.71e-04	9.98e-05	5.04e-05
 4.21690e+16	6.04e-04	6.97e-02	9.30e-01	3.39e-06	0.00e+00	0.00e+00	0.00e+00	0.00e+00	0.00e+00	4.30e-04	1.15e-04	5.83e-05
 4.31966e+16	7.35e-04	7.68e-02	9.22e-01	3.10e-06	0.00e+00	0.00e+00	0.00e+00	0.00e+00	0.00e+00	5.25e-04	1.40e-04	7.08e-05
 4.42513e+16	9.21e-04	8.60e-02	9.13e-01	2.79e-06	0.00e+00	0.00e+00	0.00e+00	0.00e+00	0.00e+00	6.58e-04	1.74e-04	8.86e-05
 4.50683e+16	1.10e-03	9.42e-02	9.05e-01	2.55e-06	0.00e+00	0.00e+00	0.00e+00	0.00e+00	0.00e+00	7.90e-04	2.08e-04	1.06e-04
 4.57362e+16	1.28e-03	1.02e-01	8.97e-01	2.36e-06	0.00e+00	0.00e+00	0.00e+00	0.00e+00	0.00e+00	9.19e-04	2.41e-04	1.23e-04
 4.64834e+16	1.52e-03	1.11e-01	8.87e-01	2.16e-06	0.00e+00	0.00e+00	0.00e+00	0.00e+00	0.00e+00	1.09e-03	2.85e-04	1.46e-04
 4.74549e+16	1.93e-03	1.25e-01	8.73e-01	1.91e-06	0.00e+00	0.00e+00	0.00e+00	0.00e+00	0.00e+00	1.39e-03	3.60e-04	1.84e-04
 4.84111e+16	2.48e-03	1.43e-01	8.55e-01	1.66e-06	0.00e+00	0.00e+00	0.00e+00	0.00e+00	0.00e+00	1.78e-03	4.61e-04	2.36e-04
 4.91034e+16	3.00e-03	1.58e-01	8.39e-01	1.48e-06	0.00e+00	0.00e+00	0.00e+00	0.00e+00	0.00e+00	2.16e-03	5.57e-04	2.86e-04
 4.96594e+16	3.53e-03	1.71e-01	8.25e-01	1.34e-06	0.00e+00	0.00e+00	0.00e+00	0.00e+00	0.00e+00	2.54e-03	6.52e-04	3.35e-04
 5.02821e+16	4.24e-03	1.88e-01	8.07e-01	1.20e-06	0.00e+00	0.00e+00	0.00e+00	0.00e+00	0.00e+00	3.05e-03	7.81e-04	4.02e-04
 5.09841e+16	5.27e-03	2.11e-01	7.84e-01	1.03e-06	0.00e+00	0.00e+00	0.00e+00	0.00e+00	0.00e+00	3.80e-03	9.71e-04	5.00e-04
 5.16197e+16	6.51e-03	2.35e-01	7.59e-01	8.92e-07	0.00e+00	0.00e+00	0.00e+00	0.00e+00	0.00e+00	4.70e-03	1.19e-03	6.16e-04
 5.21495e+16	7.82e-03	2.58e-01	7.35e-01	7.78e-07	0.00e+00	0.00e+00	0.00e+00	0.00e+00	0.00e+00	5.64e-03	1.43e-03	7.39e-04
 5.26370e+16	9.32e-03	2.81e-01	7.09e-01	6.79e-07	0.00e+00	0.00e+00	0.00e+00	0.00e+00	0.00e+00	6.73e-03	1.71e-03	8.80e-04
 5.31965e+16	1.15e-02	3.12e-01	6.76e-01	5.71e-07	0.00e+00	0.00e+00	0.00e+00	0.00e+00	0.00e+00	8.31e-03	2.10e-03	1.08e-03
 5.37831e+16	1.45e-02	3.49e-01	6.36e-01	4.65e-07	0.00e+00	0.00e+00	0.00e+00	0.00e+00	0.00e+00	1.05e-02	2.65e-03	1.37e-03
 5.42596e+16	1.77e-02	3.83e-01	5.99e-01	3.85e-07	0.00e+00	0.00e+00	0.00e+00	0.00e+00	0.00e+00	1.28e-02	3.23e-03	1.67e-03
 5.46526e+16	2.10e-02	4.14e-01	5.64e-01	3.23e-07	0.00e+00	0.00e+00	0.00e+00	0.00e+00	0.00e+00	1.52e-02	3.83e-03	1.98e-03
 5.50820e+16	2.56e-02	4.52e-01	5.22e-01	2.60e-07	0.00e+00	0.00e+00	0.00e+00	0.00e+00	0.00e+00	1.85e-02	4.66e-03	2.41e-03
 5.55477e+16	3.19e-02	4.96e-01	4.72e-01	2.00e-07	0.00e+00	0.00e+00	0.00e+00	0.00e+00	0.00e+00	2.31e-02	5.80e-03	3.00e-03
 5.59516e+16	3.91e-02	5.36e-01	4.25e-01	1.54e-07	0.00e+00	0.00e+00	0.00e+00	0.00e+00	0.00e+00	2.83e-02	7.09e-03	3.67e-03
 5.62945e+16	4.67e-02	5.72e-01	3.81e-01	0.00e+00	0.00e+00	0.00e+00	0.00e+00	0.00e+00	0.00e+00	3.38e-02	8.47e-03	4.39e-03
 5.66671e+16	5.71e-02	6.11e-01	3.32e-01	0.00e+00	0.00e+00	0.00e+00	0.00e+00	0.00e+00	0.00e+00	4.14e-02	1.04e-02	5.37e-03
 5.70663e+16	7.16e-02	6.52e-01	2.76e-01	0.00e+00	0.00e+00	0.00e+00	0.00e+00	0.00e+00	0.00e+00	5.19e-02	1.30e-02	6.72e-03
 5.73637e+16	8.55e-02	6.80e-01	2.34e-01	0.00e+00	0.00e+00	0.00e+00	0.00e+00	0.00e+00	0.00e+00	6.20e-02	1.55e-02	8.02e-03
 5.75492e+16	9.57e-02	6.96e-01	2.08e-01	0.00e+00	0.00e+00	0.00e+00	0.00e+00	0.00e+00	0.00e+00	6.94e-02	1.73e-02	8.98e-03
 5.77259e+16	1.07e-01	7.09e-01	1.84e-01	0.00e+00	0.00e+00	0.00e+00	0.00e+00	0.00e+00	0.00e+00	7.75e-02	1.93e-02	1.00e-02
 5.79555e+16	1.24e-01	7.23e-01	1.53e-01	0.00e+00	0.00e+00	0.00e+00	0.00e+00	0.00e+00	0.00e+00	8.98e-02	2.24e-02	1.16e-02
 5.81818e+16	1.44e-01	7.32e-01	1.24e-01	0.00e+00	0.00e+00	0.00e+00	0.00e+00	0.00e+00	0.00e+00	1.04e-01	2.60e-02	1.35e-02
 5.83451e+16	1.61e-01	7.34e-01	1.05e-01	0.00e+00	0.00e+00	0.00e+00	0.00e+00	0.00e+00	0.00e+00	1.17e-01	2.90e-02	1.51e-02
 5.84734e+16	1.76e-01	7.33e-01	9.07e-02	0.00e+00	0.00e+00	0.00e+00	0.00e+00	0.00e+00	0.00e+00	1.28e-01	3.17e-02	1.65e-02
 5.86145e+16	1.95e-01	7.29e-01	7.59e-02	0.00e+00	0.00e+00	0.00e+00	0.00e+00	0.00e+00	0.00e+00	1.41e-01	3.51e-02	1.82e-02
 5.87686e+16	2.18e-01	7.20e-01	6.13e-02	0.00e+00	0.00e+00	0.00e+00	0.00e+00	0.00e+00	0.00e+00	1.59e-01	3.92e-02	2.04e-02
 5.89020e+16	2.41e-01	7.09e-01	4.99e-02	0.00e+00	0.00e+00	0.00e+00	0.00e+00	0.00e+00	0.00e+00	1.75e-01	4.33e-02	2.26e-02
 5.90120e+16	2.63e-01	6.96e-01	4.14e-02	0.00e+00	0.00e+00	0.00e+00	0.00e+00	0.00e+00	0.00e+00	1.91e-01	4.70e-02	2.45e-02
 5.91138e+16	2.85e-01	6.81e-01	3.43e-02	0.00e+00	0.00e+00	0.00e+00	0.00e+00	0.00e+00	0.00e+00	2.07e-01	5.08e-02	2.65e-02
 5.92306e+16	3.13e-01	6.60e-01	2.71e-02	0.00e+00	0.00e+00	0.00e+00	0.00e+00	0.00e+00	0.00e+00	2.28e-01	5.57e-02	2.91e-02
 5.93516e+16	3.45e-01	6.34e-01	2.07e-02	0.00e+00	0.00e+00	0.00e+00	0.00e+00	0.00e+00	0.00e+00	2.52e-01	6.12e-02	3.21e-02
 5.94479e+16	3.74e-01	6.09e-01	1.63e-02	0.00e+00	0.00e+00	0.00e+00	0.00e+00	0.00e+00	0.00e+00	2.73e-01	6.60e-02	3.47e-02
 5.95266e+16	4.00e-01	5.87e-01	1.32e-02	0.00e+00	0.00e+00	0.00e+00	0.00e+00	0.00e+00	0.00e+00	2.92e-01	7.02e-02	3.69e-02
 5.96101e+16	4.29e-01	5.61e-01	1.04e-02	0.00e+00	0.00e+00	0.00e+00	0.00e+00	0.00e+00	0.00e+00	3.14e-01	7.49e-02	3.95e-02
 5.97006e+16	4.63e-01	5.29e-01	7.83e-03	0.00e+00	0.00e+00	0.00e+00	0.00e+00	0.00e+00	0.00e+00	3.40e-01	8.04e-02	4.25e-02
 5.97809e+16	4.96e-01	4.99e-01	5.95e-03	0.00e+00	0.00e+00	0.00e+00	0.00e+00	0.00e+00	0.00e+00	3.65e-01	8.54e-02	4.53e-02
 5.98452e+16	5.23e-01	4.73e-01	4.70e-03	0.00e+00	0.00e+00	0.00e+00	0.00e+00	0.00e+00	0.00e+00	3.86e-01	8.95e-02	4.76e-02
 5.98989e+16	5.46e-01	4.50e-01	3.82e-03	0.00e+00	0.00e+00	0.00e+00	0.00e+00	0.00e+00	0.00e+00	4.04e-01	9.29e-02	4.96e-02
 5.99491e+16	5.69e-01	4.28e-01	3.10e-03	0.00e+00	0.00e+00	0.00e+00	0.00e+00	0.00e+00	0.00e+00	4.21e-01	9.61e-02	5.14e-02
 5.99976e+16	5.91e-01	4.06e-01	2.51e-03	0.00e+00	0.00e+00	0.00e+00	0.00e+00	0.00e+00	0.00e+00	4.39e-01	9.91e-02	5.32e-02
 6.00349e+16	6.09e-01	3.89e-01	2.13e-03	0.00e+00	0.00e+00	0.00e+00	0.00e+00	0.00e+00	0.00e+00	4.53e-01	1.01e-01	5.45e-02
 6.00585e+16	6.19e-01	3.79e-01	1.92e-03	0.00e+00	0.00e+00	0.00e+00	0.00e+00	0.00e+00	0.00e+00	4.61e-01	1.03e-01	5.53e-02
 6.00804e+16	6.29e-01	3.69e-01	1.73e-03	0.00e+00	0.00e+00	0.00e+00	0.00e+00	0.00e+00	0.00e+00	4.69e-01	1.04e-01	5.61e-02
 6.01063e+16	6.42e-01	3.57e-01	1.52e-03	0.00e+00	0.00e+00	0.00e+00	0.00e+00	0.00e+00	0.00e+00	4.79e-01	1.05e-01	5.70e-02
 6.01336e+16	6.55e-01	3.44e-01	1.32e-03	0.00e+00	0.00e+00	0.00e+00	0.00e+00	0.00e+00	0.00e+00	4.90e-01	1.07e-01	5.80e-02
 6.01591e+16	6.67e-01	3.31e-01	1.16e-03	0.00e+00	0.00e+00	0.00e+00	0.00e+00	0.00e+00	0.00e+00	5.00e-01	1.08e-01	5.88e-02
 6.01824e+16	6.79e-01	3.20e-01	1.02e-03	0.00e+00	0.00e+00	0.00e+00	0.00e+00	0.00e+00	0.00e+00	5.10e-01	1.09e-01	5.96e-02
 6.02050e+16	6.90e-01	3.09e-01	9.00e-04	0.00e+00	0.00e+00	0.00e+00	0.00e+00	0.00e+00	0.00e+00	5.19e-01	1.11e-01	6.04e-02
 6.02278e+16	7.01e-01	2.98e-01	7.90e-04	0.00e+00	0.00e+00	0.00e+00	0.00e+00	0.00e+00	0.00e+00	5.28e-01	1.12e-01	6.11e-02
 6.02505e+16	7.12e-01	2.87e-01	6.91e-04	0.00e+00	0.00e+00	0.00e+00	0.00e+00	0.00e+00	0.00e+00	5.38e-01	1.13e-01	6.18e-02
 6.02725e+16	7.23e-01	2.76e-01	6.05e-04	0.00e+00	0.00e+00	0.00e+00	0.00e+00	0.00e+00	0.00e+00	5.47e-01	1.14e-01	6.25e-02
 6.02937e+16	7.33e-01	2.66e-01	5.31e-04	0.00e+00	0.00e+00	0.00e+00	0.00e+00	0.00e+00	0.00e+00	5.56e-01	1.15e-01	6.31e-02
 6.03145e+16	7.44e-01	2.56e-01	4.66e-04	0.00e+00	0.00e+00	0.00e+00	0.00e+00	0.00e+00	0.00e+00	5.64e-01	1.15e-01	6.37e-02
 6.03349e+16	7.53e-01	2.46e-01	4.07e-04	0.00e+00	0.00e+00	0.00e+00	0.00e+00	0.00e+00	0.00e+00	5.73e-01	1.16e-01	6.42e-02
 6.03551e+16	7.63e-01	2.37e-01	3.56e-04	0.00e+00	0.00e+00	0.00e+00	0.00e+00	0.00e+00	0.00e+00	5.81e-01	1.17e-01	6.47e-02
 6.03748e+16	7.73e-01	2.27e-01	3.11e-04	0.00e+00	0.00e+00	0.00e+00	0.00e+00	0.00e+00	0.00e+00	5.90e-01	1.17e-01	6.52e-02
 6.03941e+16	7.82e-01	2.18e-01	2.72e-04	0.00e+00	0.00e+00	0.00e+00	0.00e+00	0.00e+00	0.00e+00	5.98e-01	1.18e-01	6.57e-02
 6.04130e+16	7.90e-01	2.09e-01	2.37e-04	0.00e+00	0.00e+00	0.00e+00	0.00e+00	0.00e+00	0.00e+00	6.06e-01	1.19e-01	6.61e-02
 6.04316e+16	7.99e-01	2.01e-01	2.07e-04	0.00e+00	0.00e+00	0.00e+00	0.00e+00	0.00e+00	0.00e+00	6.14e-01	1.19e-01	6.64e-02
 6.04498e+16	8.07e-01	1.92e-01	1.81e-04	0.00e+00	0.00e+00	0.00e+00	0.00e+00	0.00e+00	0.00e+00	6.21e-01	1.19e-01	6.68e-02
 6.04677e+16	8.15e-01	1.84e-01	1.57e-04	0.00e+00	0.00e+00	0.00e+00	0.00e+00	0.00e+00	0.00e+00	6.29e-01	1.20e-01	6.71e-02
 6.04853e+16	8.23e-01	1.77e-01	1.37e-04	0.00e+00	0.00e+00	0.00e+00	0.00e+00	0.00e+00	0.00e+00	6.36e-01	1.20e-01	6.73e-02
 6.05025e+16	8.31e-01	1.69e-01	1.19e-04	0.00e+00	0.00e+00	0.00e+00	0.00e+00	0.00e+00	0.00e+00	6.43e-01	1.20e-01	6.76e-02
 6.05195e+16	8.38e-01	1.62e-01	1.04e-04	0.00e+00	0.00e+00	0.00e+00	0.00e+00	0.00e+00	0.00e+00	6.50e-01	1.20e-01	6.78e-02
 6.05361e+16	8.45e-01	1.55e-01	9.03e-05	0.00e+00	0.00e+00	0.00e+00	0.00e+00	0.00e+00	0.00e+00	6.56e-01	1.21e-01	6.80e-02
 6.05524e+16	8.52e-01	1.48e-01	7.85e-05	0.00e+00	0.00e+00	0.00e+00	0.00e+00	0.00e+00	0.00e+00	6.63e-01	1.21e-01	6.81e-02
 6.05685e+16	8.58e-01	1.42e-01	6.82e-05	0.00e+00	0.00e+00	0.00e+00	0.00e+00	0.00e+00	0.00e+00	6.69e-01	1.21e-01	6.83e-02
 6.05842e+16	8.65e-01	1.35e-01	5.92e-05	0.00e+00	0.00e+00	0.00e+00	0.00e+00	0.00e+00	0.00e+00	6.75e-01	1.21e-01	6.84e-02
 6.05996e+16	8.71e-01	1.29e-01	5.15e-05	0.00e+00	0.00e+00	0.00e+00	0.00e+00	0.00e+00	0.00e+00	6.81e-01	1.21e-01	6.85e-02
 6.06146e+16	8.76e-01	1.24e-01	4.48e-05	0.00e+00	0.00e+00	0.00e+00	0.00e+00	0.00e+00	0.00e+00	6.87e-01	1.21e-01	6.85e-02
 6.06291e+16	8.82e-01	1.18e-01	3.90e-05	0.00e+00	0.00e+00	0.00e+00	0.00e+00	0.00e+00	0.00e+00	6.92e-01	1.21e-01	6.86e-02
 6.06432e+16	8.87e-01	1.13e-01	3.41e-05	0.00e+00	0.00e+00	0.00e+00	0.00e+00	0.00e+00	0.00e+00	6.97e-01	1.21e-01	6.86e-02
 6.06573e+16	8.92e-01	1.08e-01	2.97e-05	0.00e+00	0.00e+00	0.00e+00	0.00e+00	0.00e+00	0.00e+00	7.02e-01	1.21e-01	6.86e-02
 6.06708e+16	8.96e-01	1.04e-01	2.59e-05	0.00e+00	0.00e+00	0.00e+00	0.00e+00	0.00e+00	0.00e+00	7.07e-01	1.21e-01	6.86e-02
 6.06837e+16	9.01e-01	9.92e-02	2.28e-05	0.00e+00	0.00e+00	0.00e+00	0.00e+00	0.00e+00	0.00e+00	7.12e-01	1.21e-01	6.86e-02
 6.06965e+16	9.05e-01	9.50e-02	1.99e-05	0.00e+00	0.00e+00	0.00e+00	0.00e+00	0.00e+00	0.00e+00	7.16e-01	1.21e-01	6.86e-02
 6.07091e+16	9.09e-01	9.09e-02	1.75e-05	0.00e+00	0.00e+00	0.00e+00	0.00e+00	0.00e+00	0.00e+00	7.20e-01	1.20e-01	6.85e-02
 6.07214e+16	9.13e-01	8.71e-02	1.53e-05	0.00e+00	0.00e+00	0.00e+00	0.00e+00	0.00e+00	0.00e+00	7.24e-01	1.20e-01	6.85e-02
 6.07332e+16	9.17e-01	8.34e-02	1.35e-05	0.00e+00	0.00e+00	0.00e+00	0.00e+00	0.00e+00	0.00e+00	7.28e-01	1.20e-01	6.84e-02
 6.07448e+16	9.20e-01	8.00e-02	1.18e-05	0.00e+00	0.00e+00	0.00e+00	0.00e+00	0.00e+00	0.00e+00	7.31e-01	1.20e-01	6.84e-02
 6.07561e+16	9.23e-01	7.66e-02	1.04e-05	0.00e+00	0.00e+00	0.00e+00	0.00e+00	0.00e+00	0.00e+00	7.35e-01	1.20e-01	6.83e-02
 6.07673e+16	9.27e-01	7.34e-02	9.16e-06	0.00e+00	0.00e+00	0.00e+00	0.00e+00	0.00e+00	0.00e+00	7.38e-01	1.20e-01	6.83e-02
 6.07782e+16	9.30e-01	7.04e-02	8.08e-06	0.00e+00	0.00e+00	0.00e+00	0.00e+00	0.00e+00	0.00e+00	7.41e-01	1.20e-01	6.82e-02
 6.07887e+16	9.32e-01	6.75e-02	7.13e-06	0.00e+00	0.00e+00	0.00e+00	0.00e+00	0.00e+00	0.00e+00	7.44e-01	1.20e-01	6.82e-02
 6.07991e+16	9.35e-01	6.48e-02	6.31e-06	0.00e+00	0.00e+00	0.00e+00	0.00e+00	0.00e+00	0.00e+00	7.47e-01	1.20e-01	6.81e-02
 6.08093e+16	9.38e-01	6.21e-02	5.57e-06	0.00e+00	0.00e+00	0.00e+00	0.00e+00	0.00e+00	0.00e+00	7.50e-01	1.20e-01	6.81e-02
 6.08194e+16	9.40e-01	5.96e-02	4.93e-06	0.00e+00	0.00e+00	0.00e+00	0.00e+00	0.00e+00	0.00e+00	7.52e-01	1.20e-01	6.80e-02
 6.08292e+16	9.43e-01	5.71e-02	4.35e-06	0.00e+00	0.00e+00	0.00e+00	0.00e+00	0.00e+00	0.00e+00	7.55e-01	1.20e-01	6.79e-02
 6.08388e+16	9.45e-01	5.48e-02	3.85e-06	0.00e+00	0.00e+00	0.00e+00	0.00e+00	0.00e+00	0.00e+00	7.57e-01	1.20e-01	6.79e-02
 6.08481e+16	9.47e-01	5.26e-02	3.42e-06	0.00e+00	0.00e+00	0.00e+00	0.00e+00	0.00e+00	0.00e+00	7.59e-01	1.20e-01	6.78e-02
 6.08573e+16	9.50e-01	5.05e-02	3.03e-06	0.00e+00	0.00e+00	0.00e+00	0.00e+00	0.00e+00	0.00e+00	7.61e-01	1.20e-01	6.78e-02
 6.08664e+16	9.52e-01	4.85e-02	2.69e-06	0.00e+00	0.00e+00	0.00e+00	0.00e+00	0.00e+00	0.00e+00	7.63e-01	1.20e-01	6.77e-02
 6.08753e+16	9.53e-01	4.65e-02	2.39e-06	0.00e+00	0.00e+00	0.00e+00	0.00e+00	0.00e+00	0.00e+00	7.65e-01	1.20e-01	6.76e-02
 6.08840e+16	9.55e-01	4.46e-02	2.12e-06	0.00e+00	0.00e+00	0.00e+00	0.00e+00	0.00e+00	0.00e+00	7.67e-01	1.20e-01	6.75e-02
 6.08926e+16	9.57e-01	4.28e-02	1.88e-06	0.00e+00	0.00e+00	0.00e+00	0.00e+00	0.00e+00	0.00e+00	7.69e-01	1.21e-01	6.75e-02
 6.09009e+16	9.59e-01	4.11e-02	1.67e-06	0.00e+00	0.00e+00	0.00e+00	0.00e+00	0.00e+00	0.00e+00	7.71e-01	1.21e-01	6.74e-02
 6.09090e+16	9.60e-01	3.95e-02	1.49e-06	0.00e+00	0.00e+00	0.00e+00	0.00e+00	0.00e+00	0.00e+00	7.72e-01	1.21e-01	6.73e-02
 6.09170e+16	9.62e-01	3.80e-02	1.33e-06	0.00e+00	0.00e+00	0.00e+00	0.00e+00	0.00e+00	0.00e+00	7.73e-01	1.21e-01	6.73e-02
 6.09250e+16	9.64e-01	3.64e-02	1.18e-06	0.00e+00	0.00e+00	0.00e+00	0.00e+00	0.00e+00	0.00e+00	7.75e-01	1.21e-01	6.73e-02
 6.09327e+16	9.65e-01	3.50e-02	1.05e-06	0.00e+00	0.00e+00	0.00e+00	0.00e+00	0.00e+00	0.00e+00	7.76e-01	1.22e-01	6.72e-02
 6.09401e+16	9.66e-01	3.36e-02	9.40e-07	0.00e+00	0.00e+00	0.00e+00	0.00e+00	0.00e+00	0.00e+00	7.77e-01	1.22e-01	6.72e-02
 6.09475e+16	9.68e-01	3.23e-02	8.39e-07	0.00e+00	0.00e+00	0.00e+00	0.00e+00	0.00e+00	0.00e+00	7.78e-01	1.22e-01	6.72e-02
 6.09548e+16	9.69e-01	3.10e-02	7.49e-07	0.00e+00	0.00e+00	0.00e+00	0.00e+00	0.00e+00	0.00e+00	7.79e-01	1.23e-01	6.72e-02
 6.09619e+16	9.70e-01	2.97e-02	6.68e-07	0.00e+00	0.00e+00	0.00e+00	0.00e+00	0.00e+00	0.00e+00	7.80e-01	1.23e-01	6.72e-02
 6.09688e+16	9.71e-01	2.86e-02	5.97e-07	0.00e+00	0.00e+00	0.00e+00	0.00e+00	0.00e+00	0.00e+00	7.81e-01	1.23e-01	6.72e-02
 6.09755e+16	9.73e-01	2.74e-02	5.34e-07	0.00e+00	0.00e+00	0.00e+00	0.00e+00	0.00e+00	0.00e+00	7.82e-01	1.24e-01	6.73e-02
 6.09821e+16	9.74e-01	2.63e-02	4.78e-07	0.00e+00	0.00e+00	0.00e+00	0.00e+00	0.00e+00	0.00e+00	7.82e-01	1.24e-01	6.73e-02
 6.09886e+16	9.75e-01	2.53e-02	4.28e-07	0.00e+00	0.00e+00	0.00e+00	0.00e+00	0.00e+00	0.00e+00	7.83e-01	1.25e-01	6.73e-02
 6.09949e+16	9.76e-01	2.43e-02	3.83e-07	0.00e+00	0.00e+00	0.00e+00	0.00e+00	0.00e+00	0.00e+00	7.83e-01	1.25e-01	6.74e-02
 6.10010e+16	9.77e-01	2.33e-02	3.43e-07	0.00e+00	0.00e+00	0.00e+00	0.00e+00	0.00e+00	0.00e+00	7.83e-01	1.26e-01	6.75e-02
 6.10069e+16	9.78e-01	2.24e-02	3.07e-07	0.00e+00	0.00e+00	0.00e+00	0.00e+00	0.00e+00	0.00e+00	7.84e-01	1.26e-01	6.76e-02
 6.10127e+16	9.79e-01	2.15e-02	2.76e-07	0.00e+00	0.00e+00	0.00e+00	0.00e+00	0.00e+00	0.00e+00	7.84e-01	1.27e-01	6.76e-02
 6.10183e+16	9.79e-01	2.06e-02	2.48e-07	0.00e+00	0.00e+00	0.00e+00	0.00e+00	0.00e+00	0.00e+00	7.84e-01	1.28e-01	6.77e-02
 6.10237e+16	9.80e-01	1.98e-02	2.23e-07	0.00e+00	0.00e+00	0.00e+00	0.00e+00	0.00e+00	0.00e+00	7.84e-01	1.28e-01	6.78e-02
 6.10287e+16	9.81e-01	1.90e-02	2.02e-07	0.00e+00	0.00e+00	0.00e+00	0.00e+00	0.00e+00	0.00e+00	7.84e-01	1.29e-01	6.80e-02
 6.10334e+16	9.82e-01	1.83e-02	1.83e-07	0.00e+00	0.00e+00	0.00e+00	0.00e+00	0.00e+00	0.00e+00	7.84e-01	1.30e-01	6.81e-02
 6.10376e+16	9.82e-01	1.77e-02	1.67e-07	0.00e+00	0.00e+00	0.00e+00	0.00e+00	0.00e+00	0.00e+00	7.83e-01	1.31e-01	6.82e-02
 6.10415e+16	9.83e-01	1.71e-02	1.54e-07	0.00e+00	0.00e+00	0.00e+00	0.00e+00	0.00e+00	0.00e+00	7.83e-01	1.31e-01	6.84e-02
 6.10450e+16	9.83e-01	1.66e-02	1.42e-07	0.00e+00	0.00e+00	0.00e+00	0.00e+00	0.00e+00	0.00e+00	7.83e-01	1.32e-01	6.85e-02
 6.10484e+16	9.84e-01	1.61e-02	1.32e-07	0.00e+00	0.00e+00	0.00e+00	0.00e+00	0.00e+00	0.00e+00	7.82e-01	1.33e-01	6.87e-02
 6.10516e+16	9.84e-01	1.56e-02	1.22e-07	0.00e+00	0.00e+00	0.00e+00	0.00e+00	0.00e+00	0.00e+00	7.82e-01	1.34e-01	6.88e-02
 6.10545e+16	9.85e-01	1.52e-02	1.14e-07	0.00e+00	0.00e+00	0.00e+00	0.00e+00	0.00e+00	0.00e+00	7.81e-01	1.35e-01	6.90e-02
 6.10572e+16	9.85e-01	1.48e-02	1.06e-07	0.00e+00	0.00e+00	0.00e+00	0.00e+00	0.00e+00	0.00e+00	7.81e-01	1.35e-01	6.91e-02
 6.10597e+16	9.86e-01	1.44e-02	9.98e-08	0.00e+00	0.00e+00	0.00e+00	0.00e+00	0.00e+00	0.00e+00	7.80e-01	1.36e-01	6.93e-02
 6.10621e+16	9.86e-01	1.40e-02	9.37e-08	0.00e+00	0.00e+00	0.00e+00	0.00e+00	0.00e+00	0.00e+00	7.80e-01	1.37e-01	6.94e-02
 6.10643e+16	9.86e-01	1.36e-02	8.82e-08	0.00e+00	0.00e+00	0.00e+00	0.00e+00	0.00e+00	0.00e+00	7.79e-01	1.38e-01	6.96e-02
 6.10663e+16	9.87e-01	1.33e-02	8.33e-08	0.00e+00	0.00e+00	0.00e+00	0.00e+00	0.00e+00	0.00e+00	7.78e-01	1.39e-01	6.97e-02
 6.10682e+16	9.87e-01	1.30e-02	7.89e-08	0.00e+00	0.00e+00	0.00e+00	0.00e+00	0.00e+00	0.00e+00	7.78e-01	1.39e-01	6.99e-02
 6.10700e+16	9.87e-01	1.27e-02	7.48e-08	0.00e+00	0.00e+00	0.00e+00	0.00e+00	0.00e+00	0.00e+00	7.77e-01	1.40e-01	7.00e-02
 6.10716e+16	9.88e-01	1.24e-02	7.11e-08	0.00e+00	0.00e+00	0.00e+00	0.00e+00	0.00e+00	0.00e+00	7.76e-01	1.41e-01	7.02e-02
 6.10731e+16	9.88e-01	1.22e-02	6.77e-08	0.00e+00	0.00e+00	0.00e+00	0.00e+00	0.00e+00	0.00e+00	7.76e-01	1.42e-01	7.03e-02
 6.10746e+16	9.88e-01	1.19e-02	6.48e-08	0.00e+00	0.00e+00	0.00e+00	0.00e+00	0.00e+00	0.00e+00	7.75e-01	1.42e-01	7.04e-02
 6.10760e+16	9.88e-01	1.17e-02	6.14e-08	0.00e+00	0.00e+00	0.00e+00	0.00e+00	0.00e+00	0.00e+00	7.74e-01	1.43e-01	7.07e-02
 6.10773e+16	9.89e-01	1.14e-02	5.86e-08	0.00e+00	0.00e+00	0.00e+00	0.00e+00	0.00e+00	0.00e+00	7.73e-01	1.44e-01	7.08e-02
 6.10784e+16	9.89e-01	1.12e-02	5.66e-08	0.00e+00	0.00e+00	0.00e+00	0.00e+00	0.00e+00	0.00e+00	7.73e-01	1.45e-01	7.09e-02
 6.10795e+16	9.89e-01	1.10e-02	5.39e-08	0.00e+00	0.00e+00	0.00e+00	0.00e+00	0.00e+00	0.00e+00	7.72e-01	1.46e-01	7.11e-02
 6.10805e+16	9.89e-01	1.08e-02	5.17e-08	0.00e+00	0.00e+00	0.00e+00	0.00e+00	0.00e+00	0.00e+00	7.71e-01	1.47e-01	7.13e-02
 6.10814e+16	9.89e-01	1.06e-02	5.00e-08	0.00e+00	0.00e+00	0.00e+00	0.00e+00	0.00e+00	0.00e+00	7.71e-01	1.47e-01	7.14e-02
 6.10823e+16	9.90e-01	1.04e-02	4.78e-08	0.00e+00	0.00e+00	0.00e+00	0.00e+00	0.00e+00	0.00e+00	7.70e-01	1.48e-01	7.16e-02
 6.10832e+16	9.90e-01	1.02e-02	4.62e-08	0.00e+00	0.00e+00	0.00e+00	0.00e+00	0.00e+00	0.00e+00	7.69e-01	1.49e-01	7.17e-02
 6.10840e+16	9.90e-01	9.99e-03	4.42e-08	0.00e+00	0.00e+00	0.00e+00	0.00e+00	0.00e+00	0.00e+00	7.68e-01	1.50e-01	7.19e-02
 6.10847e+16	9.90e-01	9.84e-03	4.29e-08	0.00e+00	0.00e+00	0.00e+00	0.00e+00	0.00e+00	0.00e+00	7.67e-01	1.51e-01	7.20e-02
 6.10854e+16	9.90e-01	9.64e-03	4.11e-08	0.00e+00	0.00e+00	0.00e+00	0.00e+00	0.00e+00	0.00e+00	7.66e-01	1.52e-01	7.23e-02
 6.10861e+16	9.91e-01	9.47e-03	3.96e-08	0.00e+00	0.00e+00	0.00e+00	0.00e+00	0.00e+00	0.00e+00	7.65e-01	1.53e-01	7.24e-02
 6.10867e+16	9.91e-01	9.32e-03	3.84e-08	0.00e+00	0.00e+00	0.00e+00	0.00e+00	0.00e+00	0.00e+00	7.65e-01	1.53e-01	7.25e-02
 6.10873e+16	9.91e-01	9.11e-03	3.67e-08	0.00e+00	0.00e+00	0.00e+00	0.00e+00	0.00e+00	0.00e+00	7.63e-01	1.55e-01	7.28e-02
 6.10880e+16	9.91e-01	8.90e-03	3.51e-08	0.00e+00	0.00e+00	0.00e+00	0.00e+00	0.00e+00	0.00e+00	7.62e-01	1.56e-01	7.30e-02
 6.10886e+16	9.91e-01	8.69e-03	3.35e-08	0.00e+00	0.00e+00	0.00e+00	0.00e+00	0.00e+00	0.00e+00	7.61e-01	1.57e-01	7.32e-02
 6.10892e+16	9.92e-01	8.47e-03	3.19e-08	0.00e+00	0.00e+00	0.00e+00	0.00e+00	0.00e+00	0.00e+00	7.59e-01	1.59e-01	7.35e-02
 6.10898e+16	9.92e-01	8.22e-03	3.02e-08	0.00e+00	0.00e+00	0.00e+00	0.00e+00	0.00e+00	0.00e+00	7.58e-01	1.60e-01	7.38e-02
 6.10904e+16	9.92e-01	7.89e-03	2.80e-08	0.00e+00	0.00e+00	0.00e+00	0.00e+00	0.00e+00	0.00e+00	7.55e-01	1.63e-01	7.42e-02
 6.10910e+16	9.93e-01	7.49e-03	2.56e-08	0.00e+00	0.00e+00	0.00e+00	0.00e+00	0.00e+00	0.00e+00	7.52e-01	1.66e-01	7.46e-02
