#depth	He	He+	He+2
 6.91959e+11	5.60e-04	7.97e-01	2.02e-01
 4.15175e+12	5.61e-04	7.97e-01	2.02e-01
 1.79909e+13	5.62e-04	7.98e-01	2.01e-01
 7.33477e+13	5.68e-04	8.03e-01	1.96e-01
 1.75204e+14	5.74e-04	8.06e-01	1.93e-01
 3.07617e+14	5.86e-04	8.15e-01	1.84e-01
 4.79755e+14	6.03e-04	8.30e-01	1.69e-01
 7.03533e+14	6.27e-04	8.52e-01	1.47e-01
 9.94445e+14	6.57e-04	8.80e-01	1.19e-01
 1.37263e+15	6.94e-04	9.13e-01	8.61e-02
 1.86427e+15	7.35e-04	9.46e-01	5.37e-02
 2.50341e+15	7.77e-04	9.72e-01	2.76e-02
 3.33428e+15	8.18e-04	9.88e-01	1.13e-02
 4.41441e+15	8.59e-04	9.96e-01	3.62e-03
 5.81859e+15	9.05e-04	9.98e-01	8.99e-04
 7.64402e+15	9.63e-04	9.99e-01	1.77e-04
 1.00171e+16	1.04e-03	9.99e-01	2.84e-05
 1.30214e+16	1.14e-03	9.99e-01	4.04e-06
 1.61299e+16	1.25e-03	9.99e-01	7.26e-07
 1.88807e+16	1.36e-03	9.99e-01	2.07e-07
 2.11954e+16	1.49e-03	9.99e-01	8.14e-08
 2.33149e+16	1.59e-03	9.98e-01	3.74e-08
 2.50728e+16	1.67e-03	9.98e-01	2.14e-08
 2.61674e+16	1.73e-03	9.98e-01	1.54e-08
 2.71955e+16	1.79e-03	9.98e-01	1.13e-08
 2.85319e+16	1.87e-03	9.98e-01	7.66e-09
 2.99416e+16	1.96e-03	9.98e-01	5.28e-09
 3.10925e+16	2.04e-03	9.98e-01	3.99e-09
 3.20592e+16	2.11e-03	9.98e-01	3.16e-09
 3.31404e+16	2.20e-03	9.98e-01	2.44e-09
 3.43456e+16	2.30e-03	9.98e-01	1.88e-09
 3.54303e+16	2.40e-03	9.98e-01	1.50e-09
 3.63457e+16	2.49e-03	9.98e-01	1.25e-09
 3.73229e+16	2.59e-03	9.97e-01	1.03e-09
 3.85933e+16	2.74e-03	9.97e-01	8.15e-10
 3.98238e+16	2.90e-03	9.97e-01	6.64e-10
 4.06855e+16	3.04e-03	9.97e-01	5.81e-10
 4.13785e+16	3.15e-03	9.97e-01	5.22e-10
 4.21690e+16	3.28e-03	9.97e-01	4.63e-10
 4.31966e+16	3.46e-03	9.97e-01	3.99e-10
 4.42513e+16	3.70e-03	9.96e-01	3.46e-10
 4.50683e+16	3.89e-03	9.96e-01	3.14e-10
 4.57362e+16	4.07e-03	9.96e-01	2.91e-10
 4.64834e+16	4.29e-03	9.96e-01	2.68e-10
 4.74549e+16	4.62e-03	9.95e-01	2.39e-10
 4.84111e+16	4.99e-03	9.95e-01	2.19e-10
 4.91034e+16	5.30e-03	9.95e-01	2.08e-10
 4.96594e+16	5.59e-03	9.94e-01	1.98e-10
 5.02821e+16	5.95e-03	9.94e-01	1.88e-10
 5.09841e+16	6.42e-03	9.94e-01	1.79e-10
 5.16197e+16	6.91e-03	9.93e-01	1.72e-10
 5.21495e+16	7.38e-03	9.93e-01	1.68e-10
 5.26370e+16	7.89e-03	9.92e-01	1.64e-10
 5.31965e+16	8.56e-03	9.91e-01	1.60e-10
 5.37831e+16	9.39e-03	9.91e-01	1.58e-10
 5.42596e+16	1.02e-02	9.90e-01	1.56e-10
 5.46526e+16	1.10e-02	9.89e-01	1.56e-10
 5.50820e+16	1.20e-02	9.88e-01	1.57e-10
 5.55477e+16	1.33e-02	9.87e-01	1.58e-10
 5.59516e+16	1.47e-02	9.85e-01	1.62e-10
 5.62945e+16	1.61e-02	9.84e-01	1.66e-10
 5.66671e+16	1.80e-02	9.82e-01	1.72e-10
 5.70663e+16	2.05e-02	9.79e-01	1.82e-10
 5.73637e+16	2.29e-02	9.77e-01	1.93e-10
 5.75492e+16	2.47e-02	9.75e-01	2.01e-10
 5.77259e+16	2.67e-02	9.73e-01	2.11e-10
 5.79555e+16	2.98e-02	9.70e-01	2.26e-10
 5.81818e+16	3.34e-02	9.67e-01	2.46e-10
 5.83451e+16	3.65e-02	9.63e-01	2.65e-10
 5.84734e+16	3.95e-02	9.61e-01	2.82e-10
 5.86145e+16	4.33e-02	9.57e-01	3.05e-10
 5.87686e+16	4.81e-02	9.52e-01	3.36e-10
 5.89020e+16	5.31e-02	9.47e-01	3.70e-10
 5.90120e+16	5.80e-02	9.42e-01	4.03e-10
 5.91138e+16	6.33e-02	9.37e-01	4.39e-10
 5.92306e+16	7.05e-02	9.30e-01	4.90e-10
 5.93516e+16	7.92e-02	9.21e-01	5.55e-10
 5.94479e+16	8.77e-02	9.12e-01	6.18e-10
 5.95266e+16	9.58e-02	9.04e-01	6.77e-10
 5.96101e+16	1.06e-01	8.94e-01	7.52e-10
 5.97006e+16	1.19e-01	8.81e-01	8.49e-10
 5.97809e+16	1.32e-01	8.68e-01	9.53e-10
 5.98452e+16	1.44e-01	8.56e-01	1.05e-09
 5.98989e+16	1.56e-01	8.44e-01	1.13e-09
 5.99491e+16	1.68e-01	8.32e-01	1.22e-09
 5.99976e+16	1.82e-01	8.18e-01	1.32e-09
 6.00349e+16	1.92e-01	8.08e-01	1.40e-09
 6.00585e+16	2.00e-01	8.00e-01	1.45e-09
 6.00804e+16	2.07e-01	7.93e-01	1.50e-09
 6.01063e+16	2.17e-01	7.83e-01	1.56e-09
 6.01336e+16	2.27e-01	7.73e-01	1.63e-09
 6.01591e+16	2.37e-01	7.63e-01	1.70e-09
 6.01824e+16	2.47e-01	7.53e-01	1.77e-09
 6.02050e+16	2.57e-01	7.43e-01	1.84e-09
 6.02278e+16	2.68e-01	7.32e-01	1.91e-09
 6.02505e+16	2.79e-01	7.21e-01	1.98e-09
 6.02725e+16	2.90e-01	7.10e-01	2.05e-09
 6.02937e+16	3.02e-01	6.98e-01	2.13e-09
 6.03145e+16	3.13e-01	6.87e-01	2.20e-09
 6.03349e+16	3.25e-01	6.75e-01	2.27e-09
 6.03551e+16	3.38e-01	6.62e-01	2.35e-09
 6.03748e+16	3.51e-01	6.49e-01	2.43e-09
 6.03941e+16	3.63e-01	6.37e-01	2.50e-09
 6.04130e+16	3.77e-01	6.23e-01	2.58e-09
 6.04316e+16	3.90e-01	6.10e-01	2.65e-09
 6.04498e+16	4.04e-01	5.96e-01	2.72e-09
 6.04677e+16	4.17e-01	5.83e-01	2.80e-09
 6.04853e+16	4.31e-01	5.69e-01	2.87e-09
 6.05025e+16	4.46e-01	5.54e-01	2.94e-09
 6.05195e+16	4.60e-01	5.40e-01	3.01e-09
 6.05361e+16	4.74e-01	5.26e-01	3.08e-09
 6.05524e+16	4.89e-01	5.11e-01	3.14e-09
 6.05685e+16	5.03e-01	4.97e-01	3.21e-09
 6.05842e+16	5.18e-01	4.82e-01	3.27e-09
 6.05996e+16	5.32e-01	4.68e-01	3.33e-09
 6.06146e+16	5.47e-01	4.53e-01	3.38e-09
 6.06291e+16	5.61e-01	4.39e-01	3.44e-09
 6.06432e+16	5.75e-01	4.25e-01	3.48e-09
 6.06573e+16	5.89e-01	4.11e-01	3.53e-09
 6.06708e+16	6.02e-01	3.98e-01	3.57e-09
 6.06837e+16	6.15e-01	3.85e-01	3.61e-09
 6.06965e+16	6.29e-01	3.71e-01	3.64e-09
 6.07091e+16	6.41e-01	3.59e-01	3.68e-09
 6.07214e+16	6.54e-01	3.46e-01	3.70e-09
 6.07332e+16	6.66e-01	3.34e-01	3.73e-09
 6.07448e+16	6.78e-01	3.22e-01	3.75e-09
 6.07561e+16	6.90e-01	3.10e-01	3.77e-09
 6.07673e+16	7.01e-01	2.99e-01	3.78e-09
 6.07782e+16	7.12e-01	2.88e-01	3.79e-09
 6.07887e+16	7.23e-01	2.77e-01	3.80e-09
 6.07991e+16	7.33e-01	2.67e-01	3.80e-09
 6.08093e+16	7.43e-01	2.57e-01	3.80e-09
 6.08194e+16	7.53e-01	2.47e-01	3.81e-09
 6.08292e+16	7.63e-01	2.37e-01	3.80e-09
 6.08388e+16	7.72e-01	2.28e-01	3.79e-09
 6.08481e+16	7.81e-01	2.19e-01	3.78e-09
 6.08573e+16	7.90e-01	2.10e-01	3.77e-09
 6.08664e+16	7.98e-01	2.02e-01	3.75e-09
 6.08753e+16	8.06e-01	1.94e-01	3.73e-09
 6.08840e+16	8.14e-01	1.86e-01	3.71e-09
 6.08926e+16	8.22e-01	1.78e-01	3.69e-09
 6.09009e+16	8.29e-01	1.71e-01	3.67e-09
 6.09090e+16	8.36e-01	1.64e-01	3.64e-09
 6.09170e+16	8.43e-01	1.57e-01	3.60e-09
 6.09250e+16	8.50e-01	1.50e-01	3.57e-09
 6.09327e+16	8.56e-01	1.44e-01	3.54e-09
 6.09401e+16	8.62e-01	1.38e-01	3.50e-09
 6.09475e+16	8.68e-01	1.32e-01	3.46e-09
 6.09548e+16	8.73e-01	1.27e-01	3.42e-09
 6.09619e+16	8.79e-01	1.21e-01	3.38e-09
 6.09688e+16	8.84e-01	1.16e-01	3.33e-09
 6.09755e+16	8.89e-01	1.11e-01	3.28e-09
 6.09821e+16	8.94e-01	1.06e-01	3.23e-09
 6.09886e+16	8.98e-01	1.02e-01	3.18e-09
 6.09949e+16	9.03e-01	9.74e-02	3.13e-09
 6.10010e+16	9.07e-01	9.33e-02	3.08e-09
 6.10069e+16	9.11e-01	8.92e-02	3.02e-09
 6.10127e+16	9.15e-01	8.54e-02	2.96e-09
 6.10183e+16	9.18e-01	8.17e-02	2.90e-09
 6.10237e+16	9.22e-01	7.83e-02	2.85e-09
 6.10287e+16	9.25e-01	7.50e-02	2.79e-09
 6.10334e+16	9.28e-01	7.21e-02	2.73e-09
 6.10376e+16	9.31e-01	6.93e-02	2.67e-09
 6.10415e+16	9.33e-01	6.69e-02	2.61e-09
 6.10450e+16	9.35e-01	6.46e-02	2.56e-09
 6.10484e+16	9.37e-01	6.25e-02	2.50e-09
 6.10516e+16	9.39e-01	6.05e-02	2.45e-09
 6.10545e+16	9.41e-01	5.87e-02	2.40e-09
 6.10572e+16	9.43e-01	5.70e-02	2.35e-09
 6.10597e+16	9.45e-01	5.54e-02	2.31e-09
 6.10621e+16	9.46e-01	5.39e-02	2.26e-09
 6.10643e+16	9.48e-01	5.25e-02	2.21e-09
 6.10663e+16	9.49e-01	5.12e-02	2.17e-09
 6.10682e+16	9.50e-01	5.00e-02	2.13e-09
 6.10700e+16	9.51e-01	4.88e-02	2.09e-09
 6.10716e+16	9.52e-01	4.77e-02	2.04e-09
 6.10731e+16	9.53e-01	4.67e-02	2.01e-09
 6.10746e+16	9.54e-01	4.58e-02	1.97e-09
 6.10760e+16	9.55e-01	4.47e-02	1.93e-09
 6.10773e+16	9.56e-01	4.38e-02	1.89e-09
 6.10784e+16	9.57e-01	4.31e-02	1.86e-09
 6.10795e+16	9.58e-01	4.22e-02	1.82e-09
 6.10805e+16	9.59e-01	4.14e-02	1.78e-09
 6.10814e+16	9.59e-01	4.08e-02	1.76e-09
 6.10823e+16	9.60e-01	4.00e-02	1.72e-09
 6.10832e+16	9.61e-01	3.94e-02	1.69e-09
 6.10840e+16	9.61e-01	3.87e-02	1.65e-09
 6.10847e+16	9.62e-01	3.81e-02	1.63e-09
 6.10854e+16	9.63e-01	3.74e-02	1.59e-09
 6.10861e+16	9.63e-01	3.68e-02	1.55e-09
 6.10867e+16	9.64e-01	3.63e-02	1.53e-09
 6.10873e+16	9.64e-01	3.56e-02	1.49e-09
 6.10880e+16	9.65e-01	3.49e-02	1.45e-09
 6.10886e+16	9.66e-01	3.42e-02	1.41e-09
 6.10892e+16	9.67e-01	3.35e-02	1.37e-09
 6.10898e+16	9.67e-01	3.27e-02	1.32e-09
 6.10904e+16	9.68e-01	3.17e-02	1.25e-09
 6.10910e+16	9.69e-01	3.06e-02	1.18e-09
