#depth	O	O+	O+2	O+3	O+4	O+5	O+6	O+7	O+8	O[1]	O[2]	O[3]
 4.66548e+11	3.40e-06	3.54e-03	3.53e-01	6.32e-01	1.14e-02	5.42e-07	0.00e+00	0.00e+00	0.00e+00	2.78e-06	3.94e-07	2.23e-07
 2.79929e+12	3.39e-06	3.54e-03	3.53e-01	6.32e-01	1.14e-02	5.41e-07	0.00e+00	0.00e+00	0.00e+00	2.78e-06	3.93e-07	2.23e-07
 1.21303e+13	3.40e-06	3.55e-03	3.54e-01	6.32e-01	1.13e-02	5.37e-07	0.00e+00	0.00e+00	0.00e+00	2.78e-06	3.94e-07	2.23e-07
 4.94541e+13	3.43e-06	3.58e-03	3.57e-01	6.29e-01	1.11e-02	5.23e-07	0.00e+00	0.00e+00	0.00e+00	2.80e-06	3.98e-07	2.26e-07
 1.18130e+14	3.43e-06	3.62e-03	3.62e-01	6.24e-01	1.07e-02	4.98e-07	0.00e+00	0.00e+00	0.00e+00	2.81e-06	3.99e-07	2.27e-07
 2.07409e+14	3.46e-06	3.68e-03	3.69e-01	6.17e-01	1.03e-02	4.69e-07	0.00e+00	0.00e+00	0.00e+00	2.83e-06	4.03e-07	2.29e-07
 3.23471e+14	3.51e-06	3.76e-03	3.77e-01	6.09e-01	9.72e-03	4.35e-07	0.00e+00	0.00e+00	0.00e+00	2.87e-06	4.07e-07	2.31e-07
 4.74352e+14	3.58e-06	3.87e-03	3.89e-01	5.98e-01	9.05e-03	3.94e-07	0.00e+00	0.00e+00	0.00e+00	2.93e-06	4.14e-07	2.35e-07
 6.70497e+14	3.67e-06	4.01e-03	4.05e-01	5.83e-01	8.26e-03	3.48e-07	0.00e+00	0.00e+00	0.00e+00	3.00e-06	4.24e-07	2.40e-07
 9.25486e+14	3.80e-06	4.21e-03	4.26e-01	5.62e-01	7.32e-03	2.96e-07	0.00e+00	0.00e+00	0.00e+00	3.11e-06	4.37e-07	2.47e-07
 1.25697e+15	3.98e-06	4.47e-03	4.55e-01	5.35e-01	6.25e-03	2.40e-07	0.00e+00	0.00e+00	0.00e+00	3.26e-06	4.57e-07	2.58e-07
 1.68790e+15	4.22e-06	4.83e-03	4.94e-01	4.96e-01	5.07e-03	1.82e-07	0.00e+00	0.00e+00	0.00e+00	3.47e-06	4.84e-07	2.73e-07
 2.24811e+15	4.59e-06	5.33e-03	5.47e-01	4.43e-01	3.80e-03	0.00e+00	0.00e+00	0.00e+00	0.00e+00	3.76e-06	5.25e-07	2.96e-07
 2.97639e+15	5.07e-06	5.99e-03	6.20e-01	3.71e-01	2.54e-03	0.00e+00	0.00e+00	0.00e+00	0.00e+00	4.16e-06	5.82e-07	3.29e-07
 3.72577e+15	5.43e-06	6.60e-03	6.94e-01	2.97e-01	1.62e-03	0.00e+00	0.00e+00	0.00e+00	0.00e+00	4.45e-06	6.26e-07	3.55e-07
 4.35183e+15	5.74e-06	7.10e-03	7.55e-01	2.37e-01	1.06e-03	0.00e+00	0.00e+00	0.00e+00	0.00e+00	4.70e-06	6.67e-07	3.79e-07
 4.99686e+15	6.17e-06	7.64e-03	8.13e-01	1.79e-01	6.41e-04	0.00e+00	0.00e+00	0.00e+00	0.00e+00	5.03e-06	7.21e-07	4.12e-07
 5.72463e+15	6.61e-06	8.18e-03	8.67e-01	1.24e-01	3.42e-04	0.00e+00	0.00e+00	0.00e+00	0.00e+00	5.38e-06	7.77e-07	4.46e-07
 6.52315e+15	7.13e-06	8.73e-03	9.12e-01	7.88e-02	1.57e-04	0.00e+00	0.00e+00	0.00e+00	0.00e+00	5.80e-06	8.42e-07	4.85e-07
 7.50632e+15	7.81e-06	9.34e-03	9.48e-01	4.26e-02	5.55e-05	0.00e+00	0.00e+00	0.00e+00	0.00e+00	6.36e-06	9.25e-07	5.33e-07
 8.46512e+15	8.35e-06	9.82e-03	9.67e-01	2.31e-02	1.98e-05	0.00e+00	0.00e+00	0.00e+00	0.00e+00	6.80e-06	9.88e-07	5.69e-07
 9.31163e+15	8.90e-06	1.02e-02	9.76e-01	1.33e-02	7.79e-06	0.00e+00	0.00e+00	0.00e+00	0.00e+00	7.24e-06	1.05e-06	6.05e-07
 1.02428e+16	9.49e-06	1.06e-02	9.82e-01	7.42e-03	2.84e-06	0.00e+00	0.00e+00	0.00e+00	0.00e+00	7.73e-06	1.12e-06	6.45e-07
 1.12671e+16	1.01e-05	1.11e-02	9.85e-01	3.98e-03	9.65e-07	0.00e+00	0.00e+00	0.00e+00	0.00e+00	8.26e-06	1.20e-06	6.89e-07
 1.23938e+16	1.09e-05	1.15e-02	9.86e-01	2.07e-03	3.08e-07	0.00e+00	0.00e+00	0.00e+00	0.00e+00	8.85e-06	1.28e-06	7.38e-07
 1.36332e+16	1.17e-05	1.20e-02	9.87e-01	1.05e-03	0.00e+00	0.00e+00	0.00e+00	0.00e+00	0.00e+00	9.52e-06	1.38e-06	7.95e-07
 1.49965e+16	1.26e-05	1.25e-02	9.87e-01	5.19e-04	0.00e+00	0.00e+00	0.00e+00	0.00e+00	0.00e+00	1.03e-05	1.50e-06	8.62e-07
 1.64961e+16	1.37e-05	1.31e-02	9.87e-01	2.52e-04	0.00e+00	0.00e+00	0.00e+00	0.00e+00	0.00e+00	1.12e-05	1.63e-06	9.41e-07
 1.81457e+16	1.50e-05	1.37e-02	9.86e-01	1.21e-04	0.00e+00	0.00e+00	0.00e+00	0.00e+00	0.00e+00	1.22e-05	1.79e-06	1.04e-06
 1.99603e+16	1.65e-05	1.43e-02	9.86e-01	5.71e-05	0.00e+00	0.00e+00	0.00e+00	0.00e+00	0.00e+00	1.34e-05	1.98e-06	1.15e-06
 2.19426e+16	1.83e-05	1.50e-02	9.85e-01	2.72e-05	0.00e+00	0.00e+00	0.00e+00	0.00e+00	0.00e+00	1.48e-05	2.21e-06	1.29e-06
 2.38572e+16	2.02e-05	1.57e-02	9.84e-01	1.43e-05	0.00e+00	0.00e+00	0.00e+00	0.00e+00	0.00e+00	1.63e-05	2.46e-06	1.44e-06
 2.55294e+16	2.21e-05	1.63e-02	9.84e-01	8.56e-06	0.00e+00	0.00e+00	0.00e+00	0.00e+00	0.00e+00	1.78e-05	2.71e-06	1.59e-06
 2.70433e+16	2.39e-05	1.69e-02	9.83e-01	5.57e-06	0.00e+00	0.00e+00	0.00e+00	0.00e+00	0.00e+00	1.92e-05	2.96e-06	1.74e-06
 2.84530e+16	2.58e-05	1.74e-02	9.83e-01	3.84e-06	0.00e+00	0.00e+00	0.00e+00	0.00e+00	0.00e+00	2.07e-05	3.21e-06	1.90e-06
 2.97998e+16	2.77e-05	1.79e-02	9.82e-01	2.76e-06	0.00e+00	0.00e+00	0.00e+00	0.00e+00	0.00e+00	2.22e-05	3.48e-06	2.06e-06
 3.11084e+16	2.98e-05	1.84e-02	9.82e-01	2.04e-06	0.00e+00	0.00e+00	0.00e+00	0.00e+00	0.00e+00	2.38e-05	3.77e-06	2.24e-06
 3.23912e+16	3.20e-05	1.89e-02	9.81e-01	1.55e-06	0.00e+00	0.00e+00	0.00e+00	0.00e+00	0.00e+00	2.55e-05	4.09e-06	2.43e-06
 3.36561e+16	3.45e-05	1.95e-02	9.80e-01	1.21e-06	0.00e+00	0.00e+00	0.00e+00	0.00e+00	0.00e+00	2.74e-05	4.43e-06	2.64e-06
 3.49086e+16	3.72e-05	2.00e-02	9.80e-01	9.57e-07	0.00e+00	0.00e+00	0.00e+00	0.00e+00	0.00e+00	2.95e-05	4.81e-06	2.88e-06
 3.61519e+16	4.01e-05	2.06e-02	9.79e-01	7.74e-07	0.00e+00	0.00e+00	0.00e+00	0.00e+00	0.00e+00	3.17e-05	5.23e-06	3.14e-06
 3.73886e+16	4.33e-05	2.12e-02	9.79e-01	6.37e-07	0.00e+00	0.00e+00	0.00e+00	0.00e+00	0.00e+00	3.42e-05	5.70e-06	3.42e-06
 3.86203e+16	4.68e-05	2.18e-02	9.78e-01	5.34e-07	0.00e+00	0.00e+00	0.00e+00	0.00e+00	0.00e+00	3.69e-05	6.20e-06	3.73e-06
 3.98505e+16	5.08e-05	2.25e-02	9.77e-01	4.55e-07	0.00e+00	0.00e+00	0.00e+00	0.00e+00	0.00e+00	3.99e-05	6.76e-06	4.08e-06
 4.10791e+16	5.51e-05	2.32e-02	9.77e-01	3.97e-07	0.00e+00	0.00e+00	0.00e+00	0.00e+00	0.00e+00	4.33e-05	7.39e-06	4.47e-06
 4.23006e+16	6.00e-05	2.39e-02	9.76e-01	3.49e-07	0.00e+00	0.00e+00	0.00e+00	0.00e+00	0.00e+00	4.70e-05	8.09e-06	4.91e-06
 4.35123e+16	6.55e-05	2.47e-02	9.75e-01	3.15e-07	0.00e+00	0.00e+00	0.00e+00	0.00e+00	0.00e+00	5.12e-05	8.88e-06	5.41e-06
 4.47132e+16	7.15e-05	2.56e-02	9.74e-01	2.86e-07	0.00e+00	0.00e+00	0.00e+00	0.00e+00	0.00e+00	5.58e-05	9.77e-06	5.96e-06
 4.59006e+16	7.83e-05	2.65e-02	9.73e-01	2.65e-07	0.00e+00	0.00e+00	0.00e+00	0.00e+00	0.00e+00	6.09e-05	1.08e-05	6.58e-06
 4.70706e+16	8.57e-05	2.74e-02	9.72e-01	2.52e-07	0.00e+00	0.00e+00	0.00e+00	0.00e+00	0.00e+00	6.66e-05	1.19e-05	7.27e-06
 4.82215e+16	9.40e-05	2.85e-02	9.71e-01	2.41e-07	0.00e+00	0.00e+00	0.00e+00	0.00e+00	0.00e+00	7.29e-05	1.31e-05	8.04e-06
 4.93523e+16	1.03e-04	2.96e-02	9.70e-01	2.30e-07	0.00e+00	0.00e+00	0.00e+00	0.00e+00	0.00e+00	7.99e-05	1.45e-05	8.90e-06
 5.04611e+16	1.13e-04	3.08e-02	9.69e-01	2.25e-07	0.00e+00	0.00e+00	0.00e+00	0.00e+00	0.00e+00	8.75e-05	1.60e-05	9.85e-06
 5.15461e+16	1.25e-04	3.20e-02	9.68e-01	2.22e-07	0.00e+00	0.00e+00	0.00e+00	0.00e+00	0.00e+00	9.60e-05	1.77e-05	1.09e-05
 5.26070e+16	1.37e-04	3.33e-02	9.67e-01	2.20e-07	0.00e+00	0.00e+00	0.00e+00	0.00e+00	0.00e+00	1.05e-04	1.96e-05	1.21e-05
 5.36443e+16	1.50e-04	3.48e-02	9.65e-01	2.20e-07	0.00e+00	0.00e+00	0.00e+00	0.00e+00	0.00e+00	1.15e-04	2.17e-05	1.33e-05
 5.46580e+16	1.65e-04	3.63e-02	9.64e-01	2.21e-07	0.00e+00	0.00e+00	0.00e+00	0.00e+00	0.00e+00	1.27e-04	2.40e-05	1.46e-05
 5.56497e+16	1.82e-04	3.79e-02	9.62e-01	2.23e-07	0.00e+00	0.00e+00	0.00e+00	0.00e+00	0.00e+00	1.39e-04	2.65e-05	1.61e-05
 5.66225e+16	2.00e-04	3.96e-02	9.60e-01	2.26e-07	0.00e+00	0.00e+00	0.00e+00	0.00e+00	0.00e+00	1.53e-04	2.93e-05	1.77e-05
 5.75798e+16	2.20e-04	4.14e-02	9.58e-01	2.29e-07	0.00e+00	0.00e+00	0.00e+00	0.00e+00	0.00e+00	1.68e-04	3.25e-05	1.95e-05
 5.85252e+16	2.42e-04	4.34e-02	9.56e-01	2.34e-07	0.00e+00	0.00e+00	0.00e+00	0.00e+00	0.00e+00	1.84e-04	3.60e-05	2.15e-05
 5.94636e+16	2.67e-04	4.56e-02	9.54e-01	2.35e-07	0.00e+00	0.00e+00	0.00e+00	0.00e+00	0.00e+00	2.03e-04	3.99e-05	2.38e-05
 6.04037e+16	2.95e-04	4.79e-02	9.52e-01	2.37e-07	0.00e+00	0.00e+00	0.00e+00	0.00e+00	0.00e+00	2.25e-04	4.44e-05	2.64e-05
 6.13314e+16	3.28e-04	5.05e-02	9.49e-01	2.39e-07	0.00e+00	0.00e+00	0.00e+00	0.00e+00	0.00e+00	2.49e-04	4.96e-05	2.93e-05
 6.21974e+16	3.63e-04	5.32e-02	9.46e-01	2.38e-07	0.00e+00	0.00e+00	0.00e+00	0.00e+00	0.00e+00	2.76e-04	5.52e-05	3.24e-05
 6.29768e+16	4.00e-04	5.59e-02	9.44e-01	2.37e-07	0.00e+00	0.00e+00	0.00e+00	0.00e+00	0.00e+00	3.03e-04	6.07e-05	3.56e-05
 6.36959e+16	4.37e-04	5.85e-02	9.41e-01	2.35e-07	0.00e+00	0.00e+00	0.00e+00	0.00e+00	0.00e+00	3.32e-04	6.65e-05	3.90e-05
 6.43958e+16	4.78e-04	6.13e-02	9.38e-01	2.32e-07	0.00e+00	0.00e+00	0.00e+00	0.00e+00	0.00e+00	3.63e-04	7.27e-05	4.26e-05
 6.50957e+16	5.25e-04	6.43e-02	9.35e-01	2.28e-07	0.00e+00	0.00e+00	0.00e+00	0.00e+00	0.00e+00	3.99e-04	7.98e-05	4.67e-05
 6.57956e+16	5.79e-04	6.76e-02	9.32e-01	2.23e-07	0.00e+00	0.00e+00	0.00e+00	0.00e+00	0.00e+00	4.39e-04	8.80e-05	5.14e-05
 6.64955e+16	6.41e-04	7.12e-02	9.28e-01	2.15e-07	0.00e+00	0.00e+00	0.00e+00	0.00e+00	0.00e+00	4.86e-04	9.74e-05	5.68e-05
 6.71954e+16	7.13e-04	7.52e-02	9.24e-01	2.07e-07	0.00e+00	0.00e+00	0.00e+00	0.00e+00	0.00e+00	5.41e-04	1.08e-04	6.32e-05
 6.78954e+16	7.95e-04	7.95e-02	9.20e-01	1.97e-07	0.00e+00	0.00e+00	0.00e+00	0.00e+00	0.00e+00	6.03e-04	1.21e-04	7.04e-05
 6.85953e+16	8.95e-04	8.44e-02	9.15e-01	1.86e-07	0.00e+00	0.00e+00	0.00e+00	0.00e+00	0.00e+00	6.79e-04	1.36e-04	7.93e-05
 6.92952e+16	1.01e-03	8.98e-02	9.09e-01	1.74e-07	0.00e+00	0.00e+00	0.00e+00	0.00e+00	0.00e+00	7.69e-04	1.54e-04	8.97e-05
 6.98181e+16	1.13e-03	9.48e-02	9.04e-01	1.64e-07	0.00e+00	0.00e+00	0.00e+00	0.00e+00	0.00e+00	8.58e-04	1.72e-04	1.00e-04
