#depth	He	He+	He+2
 4.66548e+11	3.44e-04	2.68e-01	7.31e-01
 2.79929e+12	3.44e-04	2.68e-01	7.31e-01
 1.21303e+13	3.45e-04	2.69e-01	7.31e-01
 4.94541e+13	3.48e-04	2.71e-01	7.29e-01
 1.18130e+14	3.52e-04	2.73e-01	7.27e-01
 2.07409e+14	3.57e-04	2.76e-01	7.23e-01
 3.23471e+14	3.65e-04	2.81e-01	7.18e-01
 4.74352e+14	3.76e-04	2.88e-01	7.11e-01
 6.70497e+14	3.91e-04	2.99e-01	7.01e-01
 9.25486e+14	4.11e-04	3.13e-01	6.86e-01
 1.25697e+15	4.40e-04	3.34e-01	6.65e-01
 1.68790e+15	4.81e-04	3.65e-01	6.35e-01
 2.24811e+15	5.40e-04	4.10e-01	5.90e-01
 2.97639e+15	6.23e-04	4.77e-01	5.22e-01
 3.72577e+15	7.14e-04	5.56e-01	4.43e-01
 4.35183e+15	7.93e-04	6.29e-01	3.70e-01
 4.99686e+15	8.77e-04	7.05e-01	2.94e-01
 5.72463e+15	9.66e-04	7.85e-01	2.14e-01
 6.52315e+15	1.05e-03	8.59e-01	1.40e-01
 7.50632e+15	1.14e-03	9.21e-01	7.76e-02
 8.46512e+15	1.20e-03	9.58e-01	4.12e-02
 9.31163e+15	1.25e-03	9.75e-01	2.34e-02
 1.02428e+16	1.29e-03	9.86e-01	1.27e-02
 1.12671e+16	1.33e-03	9.92e-01	6.60e-03
 1.23938e+16	1.37e-03	9.95e-01	3.33e-03
 1.36332e+16	1.41e-03	9.97e-01	1.64e-03
 1.49965e+16	1.45e-03	9.98e-01	7.89e-04
 1.64961e+16	1.50e-03	9.98e-01	3.74e-04
 1.81457e+16	1.54e-03	9.98e-01	1.76e-04
 1.99603e+16	1.59e-03	9.98e-01	8.22e-05
 2.19426e+16	1.64e-03	9.98e-01	3.87e-05
 2.38572e+16	1.70e-03	9.98e-01	2.02e-05
 2.55294e+16	1.74e-03	9.98e-01	1.21e-05
 2.70433e+16	1.78e-03	9.98e-01	7.85e-06
 2.84530e+16	1.82e-03	9.98e-01	5.42e-06
 2.97998e+16	1.86e-03	9.98e-01	3.90e-06
 3.11084e+16	1.89e-03	9.98e-01	2.89e-06
 3.23912e+16	1.93e-03	9.98e-01	2.20e-06
 3.36561e+16	1.96e-03	9.98e-01	1.70e-06
 3.49086e+16	2.00e-03	9.98e-01	1.35e-06
 3.61519e+16	2.04e-03	9.98e-01	1.08e-06
 3.73886e+16	2.08e-03	9.98e-01	8.76e-07
 3.86203e+16	2.12e-03	9.98e-01	7.20e-07
 3.98505e+16	2.16e-03	9.98e-01	5.98e-07
 4.10791e+16	2.20e-03	9.98e-01	5.02e-07
 4.23006e+16	2.24e-03	9.98e-01	4.25e-07
 4.35123e+16	2.29e-03	9.98e-01	3.64e-07
 4.47132e+16	2.33e-03	9.98e-01	3.14e-07
 4.59006e+16	2.38e-03	9.98e-01	2.73e-07
 4.70706e+16	2.43e-03	9.98e-01	2.40e-07
 4.82215e+16	2.47e-03	9.98e-01	2.12e-07
 4.93523e+16	2.52e-03	9.97e-01	1.89e-07
 5.04611e+16	2.57e-03	9.97e-01	1.70e-07
 5.15461e+16	2.61e-03	9.97e-01	1.54e-07
 5.26070e+16	2.66e-03	9.97e-01	1.40e-07
 5.36443e+16	2.71e-03	9.97e-01	1.28e-07
 5.46580e+16	2.75e-03	9.97e-01	1.18e-07
 5.56497e+16	2.80e-03	9.97e-01	1.09e-07
 5.66225e+16	2.84e-03	9.97e-01	1.01e-07
 5.75798e+16	2.89e-03	9.97e-01	9.38e-08
 5.85252e+16	2.94e-03	9.97e-01	8.76e-08
 5.94636e+16	2.98e-03	9.97e-01	8.19e-08
 6.04037e+16	3.03e-03	9.97e-01	7.67e-08
 6.13314e+16	3.09e-03	9.97e-01	7.20e-08
 6.21974e+16	3.15e-03	9.97e-01	6.79e-08
 6.29768e+16	3.21e-03	9.97e-01	6.44e-08
 6.36959e+16	3.26e-03	9.97e-01	6.14e-08
 6.43958e+16	3.32e-03	9.97e-01	5.85e-08
 6.50957e+16	3.39e-03	9.97e-01	5.57e-08
 6.57956e+16	3.46e-03	9.97e-01	5.29e-08
 6.64955e+16	3.55e-03	9.96e-01	5.03e-08
 6.71954e+16	3.64e-03	9.96e-01	4.77e-08
 6.78954e+16	3.75e-03	9.96e-01	4.53e-08
 6.85953e+16	3.87e-03	9.96e-01	4.28e-08
 6.92952e+16	4.00e-03	9.96e-01	4.05e-08
 6.98181e+16	4.11e-03	9.96e-01	3.90e-08
