#depth	O	O+	O+2	O+3	O+4	O+5	O+6	O+7	O+8	O[1]	O[2]	O[3]
 3.27788e+12	5.15e-07	8.91e-04	2.06e-01	7.52e-01	4.03e-02	1.17e-06	0.00e+00	0.00e+00	0.00e+00	3.83e-07	8.57e-08	4.62e-08
 1.96673e+13	5.15e-07	8.92e-04	2.07e-01	7.52e-01	4.02e-02	1.17e-06	0.00e+00	0.00e+00	0.00e+00	3.83e-07	8.57e-08	4.62e-08
 8.52250e+13	5.18e-07	8.97e-04	2.08e-01	7.51e-01	4.00e-02	1.16e-06	0.00e+00	0.00e+00	0.00e+00	3.85e-07	8.62e-08	4.64e-08
 3.47456e+14	5.28e-07	9.15e-04	2.13e-01	7.47e-01	3.90e-02	1.11e-06	0.00e+00	0.00e+00	0.00e+00	3.92e-07	8.79e-08	4.73e-08
 8.29960e+14	5.25e-07	9.29e-04	2.20e-01	7.42e-01	3.73e-02	1.05e-06	0.00e+00	0.00e+00	0.00e+00	3.90e-07	8.77e-08	4.72e-08
 1.45722e+15	5.42e-07	9.70e-04	2.30e-01	7.34e-01	3.51e-02	9.60e-07	0.00e+00	0.00e+00	0.00e+00	4.02e-07	9.08e-08	4.88e-08
 2.27265e+15	5.72e-07	1.03e-03	2.44e-01	7.23e-01	3.25e-02	8.57e-07	0.00e+00	0.00e+00	0.00e+00	4.24e-07	9.63e-08	5.17e-08
 3.33271e+15	6.30e-07	1.13e-03	2.64e-01	7.05e-01	2.92e-02	7.31e-07	0.00e+00	0.00e+00	0.00e+00	4.66e-07	1.07e-07	5.70e-08
 4.71079e+15	7.22e-07	1.29e-03	2.94e-01	6.79e-01	2.52e-02	5.91e-07	0.00e+00	0.00e+00	0.00e+00	5.33e-07	1.23e-07	6.56e-08
 6.50230e+15	8.90e-07	1.55e-03	3.40e-01	6.38e-01	2.03e-02	4.36e-07	0.00e+00	0.00e+00	0.00e+00	6.55e-07	1.53e-07	8.13e-08
 8.26320e+15	1.08e-06	1.86e-03	3.95e-01	5.87e-01	1.59e-02	3.12e-07	0.00e+00	0.00e+00	0.00e+00	7.96e-07	1.88e-07	9.95e-08
 9.57029e+15	1.30e-06	2.17e-03	4.46e-01	5.39e-01	1.28e-02	2.32e-07	0.00e+00	0.00e+00	0.00e+00	9.52e-07	2.27e-07	1.20e-07
 1.06113e+16	1.54e-06	2.50e-03	4.93e-01	4.94e-01	1.04e-02	1.77e-07	0.00e+00	0.00e+00	0.00e+00	1.13e-06	2.70e-07	1.42e-07
 1.15557e+16	1.83e-06	2.87e-03	5.43e-01	4.46e-01	8.31e-03	1.32e-07	0.00e+00	0.00e+00	0.00e+00	1.34e-06	3.24e-07	1.70e-07
 1.24578e+16	2.25e-06	3.35e-03	5.98e-01	3.93e-01	6.37e-03	0.00e+00	0.00e+00	0.00e+00	0.00e+00	1.64e-06	4.02e-07	2.10e-07
 1.32637e+16	2.68e-06	3.82e-03	6.50e-01	3.42e-01	4.86e-03	0.00e+00	0.00e+00	0.00e+00	0.00e+00	1.95e-06	4.80e-07	2.50e-07
 1.39845e+16	3.17e-06	4.32e-03	6.99e-01	2.93e-01	3.65e-03	0.00e+00	0.00e+00	0.00e+00	0.00e+00	2.30e-06	5.71e-07	2.96e-07
 1.46186e+16	3.67e-06	4.81e-03	7.43e-01	2.49e-01	2.72e-03	0.00e+00	0.00e+00	0.00e+00	0.00e+00	2.66e-06	6.66e-07	3.45e-07
 1.51419e+16	4.16e-06	5.25e-03	7.80e-01	2.13e-01	2.07e-03	0.00e+00	0.00e+00	0.00e+00	0.00e+00	3.01e-06	7.58e-07	3.91e-07
 1.57032e+16	4.85e-06	5.82e-03	8.18e-01	1.75e-01	1.46e-03	0.00e+00	0.00e+00	0.00e+00	0.00e+00	3.50e-06	8.89e-07	4.58e-07
 1.63230e+16	5.67e-06	6.45e-03	8.56e-01	1.36e-01	9.60e-04	0.00e+00	0.00e+00	0.00e+00	0.00e+00	4.09e-06	1.05e-06	5.37e-07
 1.69042e+16	6.55e-06	7.07e-03	8.88e-01	1.05e-01	6.14e-04	0.00e+00	0.00e+00	0.00e+00	0.00e+00	4.71e-06	1.21e-06	6.21e-07
 1.75448e+16	7.65e-06	7.76e-03	9.16e-01	7.54e-02	3.53e-04	0.00e+00	0.00e+00	0.00e+00	0.00e+00	5.49e-06	1.43e-06	7.28e-07
 1.83775e+16	9.16e-06	8.61e-03	9.44e-01	4.77e-02	1.63e-04	0.00e+00	0.00e+00	0.00e+00	0.00e+00	6.56e-06	1.72e-06	8.74e-07
 1.94602e+16	1.11e-05	9.58e-03	9.65e-01	2.54e-02	5.58e-05	0.00e+00	0.00e+00	0.00e+00	0.00e+00	7.95e-06	2.10e-06	1.07e-06
 2.08676e+16	1.36e-05	1.06e-02	9.78e-01	1.12e-02	1.35e-05	0.00e+00	0.00e+00	0.00e+00	0.00e+00	9.69e-06	2.58e-06	1.30e-06
 2.26972e+16	1.66e-05	1.17e-02	9.84e-01	4.09e-03	2.25e-06	0.00e+00	0.00e+00	0.00e+00	0.00e+00	1.18e-05	3.17e-06	1.60e-06
 2.49179e+16	2.08e-05	1.29e-02	9.86e-01	1.36e-03	2.93e-07	0.00e+00	0.00e+00	0.00e+00	0.00e+00	1.48e-05	3.98e-06	2.00e-06
 2.74097e+16	2.67e-05	1.44e-02	9.85e-01	4.73e-04	0.00e+00	0.00e+00	0.00e+00	0.00e+00	0.00e+00	1.91e-05	5.11e-06	2.57e-06
 3.01507e+16	3.65e-05	1.65e-02	9.83e-01	1.98e-04	0.00e+00	0.00e+00	0.00e+00	0.00e+00	0.00e+00	2.60e-05	7.00e-06	3.52e-06
 3.21970e+16	4.59e-05	1.82e-02	9.82e-01	1.30e-04	0.00e+00	0.00e+00	0.00e+00	0.00e+00	0.00e+00	3.27e-05	8.79e-06	4.42e-06
 3.31867e+16	5.17e-05	1.91e-02	9.81e-01	1.12e-04	0.00e+00	0.00e+00	0.00e+00	0.00e+00	0.00e+00	3.68e-05	9.88e-06	4.97e-06
 3.40588e+16	5.75e-05	2.00e-02	9.80e-01	9.99e-05	0.00e+00	0.00e+00	0.00e+00	0.00e+00	0.00e+00	4.09e-05	1.10e-05	5.52e-06
 3.51926e+16	6.60e-05	2.13e-02	9.79e-01	8.81e-05	0.00e+00	0.00e+00	0.00e+00	0.00e+00	0.00e+00	4.71e-05	1.26e-05	6.34e-06
 3.66664e+16	7.95e-05	2.31e-02	9.77e-01	7.64e-05	0.00e+00	0.00e+00	0.00e+00	0.00e+00	0.00e+00	5.67e-05	1.51e-05	7.62e-06
 3.81514e+16	9.67e-05	2.53e-02	9.75e-01	6.80e-05	0.00e+00	0.00e+00	0.00e+00	0.00e+00	0.00e+00	6.90e-05	1.84e-05	9.26e-06
 3.92909e+16	1.13e-04	2.72e-02	9.73e-01	6.27e-05	0.00e+00	0.00e+00	0.00e+00	0.00e+00	0.00e+00	8.10e-05	2.15e-05	1.09e-05
 4.02417e+16	1.30e-04	2.90e-02	9.71e-01	5.82e-05	0.00e+00	0.00e+00	0.00e+00	0.00e+00	0.00e+00	9.30e-05	2.47e-05	1.24e-05
 4.13073e+16	1.53e-04	3.13e-02	9.69e-01	5.37e-05	0.00e+00	0.00e+00	0.00e+00	0.00e+00	0.00e+00	1.09e-04	2.89e-05	1.46e-05
 4.24855e+16	1.82e-04	3.40e-02	9.66e-01	4.91e-05	0.00e+00	0.00e+00	0.00e+00	0.00e+00	0.00e+00	1.30e-04	3.44e-05	1.74e-05
 4.35593e+16	2.16e-04	3.69e-02	9.63e-01	4.54e-05	0.00e+00	0.00e+00	0.00e+00	0.00e+00	0.00e+00	1.55e-04	4.07e-05	2.06e-05
 4.45038e+16	2.53e-04	3.99e-02	9.60e-01	4.19e-05	0.00e+00	0.00e+00	0.00e+00	0.00e+00	0.00e+00	1.81e-04	4.76e-05	2.41e-05
 4.53933e+16	2.94e-04	4.29e-02	9.57e-01	3.89e-05	0.00e+00	0.00e+00	0.00e+00	0.00e+00	0.00e+00	2.11e-04	5.54e-05	2.80e-05
 4.64121e+16	3.52e-04	4.70e-02	9.53e-01	3.55e-05	0.00e+00	0.00e+00	0.00e+00	0.00e+00	0.00e+00	2.53e-04	6.62e-05	3.35e-05
 4.74907e+16	4.29e-04	5.18e-02	9.48e-01	3.22e-05	0.00e+00	0.00e+00	0.00e+00	0.00e+00	0.00e+00	3.08e-04	8.05e-05	4.08e-05
 4.83969e+16	5.10e-04	5.66e-02	9.43e-01	2.95e-05	0.00e+00	0.00e+00	0.00e+00	0.00e+00	0.00e+00	3.66e-04	9.56e-05	4.84e-05
 4.91825e+16	5.96e-04	6.13e-02	9.38e-01	2.72e-05	0.00e+00	0.00e+00	0.00e+00	0.00e+00	0.00e+00	4.28e-04	1.12e-04	5.66e-05
 5.00609e+16	7.14e-04	6.72e-02	9.32e-01	2.47e-05	0.00e+00	0.00e+00	0.00e+00	0.00e+00	0.00e+00	5.12e-04	1.34e-04	6.78e-05
 5.10164e+16	8.76e-04	7.47e-02	9.24e-01	2.22e-05	0.00e+00	0.00e+00	0.00e+00	0.00e+00	0.00e+00	6.29e-04	1.64e-04	8.30e-05
 5.18530e+16	1.06e-03	8.23e-02	9.17e-01	2.00e-05	0.00e+00	0.00e+00	0.00e+00	0.00e+00	0.00e+00	7.58e-04	1.97e-04	1.00e-04
 5.25795e+16	1.25e-03	9.00e-02	9.09e-01	1.82e-05	0.00e+00	0.00e+00	0.00e+00	0.00e+00	0.00e+00	8.99e-04	2.34e-04	1.19e-04
 5.33819e+16	1.52e-03	9.97e-02	8.99e-01	1.63e-05	0.00e+00	0.00e+00	0.00e+00	0.00e+00	0.00e+00	1.09e-03	2.84e-04	1.44e-04
 5.42416e+16	1.89e-03	1.12e-01	8.86e-01	1.43e-05	0.00e+00	0.00e+00	0.00e+00	0.00e+00	0.00e+00	1.36e-03	3.53e-04	1.79e-04
 5.49734e+16	2.30e-03	1.24e-01	8.74e-01	1.27e-05	0.00e+00	0.00e+00	0.00e+00	0.00e+00	0.00e+00	1.65e-03	4.29e-04	2.18e-04
 5.55963e+16	2.73e-03	1.36e-01	8.61e-01	1.15e-05	0.00e+00	0.00e+00	0.00e+00	0.00e+00	0.00e+00	1.97e-03	5.09e-04	2.59e-04
 5.62801e+16	3.34e-03	1.51e-01	8.46e-01	1.01e-05	0.00e+00	0.00e+00	0.00e+00	0.00e+00	0.00e+00	2.40e-03	6.21e-04	3.16e-04
 5.70163e+16	4.17e-03	1.70e-01	8.26e-01	8.68e-06	0.00e+00	0.00e+00	0.00e+00	0.00e+00	0.00e+00	3.00e-03	7.77e-04	3.95e-04
 5.76450e+16	5.11e-03	1.89e-01	8.06e-01	7.55e-06	0.00e+00	0.00e+00	0.00e+00	0.00e+00	0.00e+00	3.67e-03	9.51e-04	4.83e-04
 5.81734e+16	6.11e-03	2.08e-01	7.86e-01	6.65e-06	0.00e+00	0.00e+00	0.00e+00	0.00e+00	0.00e+00	4.39e-03	1.14e-03	5.77e-04
 5.87467e+16	7.47e-03	2.30e-01	7.62e-01	5.71e-06	0.00e+00	0.00e+00	0.00e+00	0.00e+00	0.00e+00	5.37e-03	1.39e-03	7.05e-04
 5.93614e+16	9.36e-03	2.59e-01	7.32e-01	4.78e-06	0.00e+00	0.00e+00	0.00e+00	0.00e+00	0.00e+00	6.73e-03	1.74e-03	8.84e-04
 5.98815e+16	1.15e-02	2.87e-01	7.02e-01	4.04e-06	0.00e+00	0.00e+00	0.00e+00	0.00e+00	0.00e+00	8.23e-03	2.13e-03	1.08e-03
 6.03160e+16	1.37e-02	3.13e-01	6.73e-01	3.47e-06	0.00e+00	0.00e+00	0.00e+00	0.00e+00	0.00e+00	9.81e-03	2.54e-03	1.29e-03
 6.07877e+16	1.66e-02	3.45e-01	6.39e-01	2.88e-06	0.00e+00	0.00e+00	0.00e+00	0.00e+00	0.00e+00	1.20e-02	3.10e-03	1.57e-03
 6.12979e+16	2.08e-02	3.83e-01	5.96e-01	2.30e-06	0.00e+00	0.00e+00	0.00e+00	0.00e+00	0.00e+00	1.50e-02	3.88e-03	1.97e-03
 6.17351e+16	2.55e-02	4.21e-01	5.54e-01	1.85e-06	0.00e+00	0.00e+00	0.00e+00	0.00e+00	0.00e+00	1.83e-02	4.75e-03	2.41e-03
 6.21005e+16	3.04e-02	4.55e-01	5.15e-01	1.51e-06	0.00e+00	0.00e+00	0.00e+00	0.00e+00	0.00e+00	2.19e-02	5.67e-03	2.87e-03
 6.24957e+16	3.70e-02	4.94e-01	4.69e-01	1.18e-06	0.00e+00	0.00e+00	0.00e+00	0.00e+00	0.00e+00	2.66e-02	6.90e-03	3.50e-03
 6.29254e+16	4.62e-02	5.39e-01	4.15e-01	8.66e-07	0.00e+00	0.00e+00	0.00e+00	0.00e+00	0.00e+00	3.32e-02	8.61e-03	4.37e-03
 6.32974e+16	5.66e-02	5.79e-01	3.64e-01	6.36e-07	0.00e+00	0.00e+00	0.00e+00	0.00e+00	0.00e+00	4.07e-02	1.05e-02	5.35e-03
 6.35783e+16	6.63e-02	6.09e-01	3.24e-01	4.88e-07	0.00e+00	0.00e+00	0.00e+00	0.00e+00	0.00e+00	4.76e-02	1.24e-02	6.26e-03
 6.37936e+16	7.50e-02	6.32e-01	2.93e-01	3.90e-07	0.00e+00	0.00e+00	0.00e+00	0.00e+00	0.00e+00	5.39e-02	1.40e-02	7.09e-03
 6.40238e+16	8.58e-02	6.55e-01	2.59e-01	3.00e-07	0.00e+00	0.00e+00	0.00e+00	0.00e+00	0.00e+00	6.16e-02	1.60e-02	8.11e-03
 6.42768e+16	1.00e-01	6.78e-01	2.22e-01	2.16e-07	0.00e+00	0.00e+00	0.00e+00	0.00e+00	0.00e+00	7.19e-02	1.87e-02	9.46e-03
 6.44966e+16	1.15e-01	6.95e-01	1.91e-01	1.59e-07	0.00e+00	0.00e+00	0.00e+00	0.00e+00	0.00e+00	8.23e-02	2.13e-02	1.08e-02
 6.46771e+16	1.28e-01	7.06e-01	1.65e-01	1.20e-07	0.00e+00	0.00e+00	0.00e+00	0.00e+00	0.00e+00	9.22e-02	2.39e-02	1.21e-02
 6.48437e+16	1.43e-01	7.14e-01	1.43e-01	0.00e+00	0.00e+00	0.00e+00	0.00e+00	0.00e+00	0.00e+00	1.03e-01	2.67e-02	1.35e-02
 6.50345e+16	1.62e-01	7.19e-01	1.18e-01	0.00e+00	0.00e+00	0.00e+00	0.00e+00	0.00e+00	0.00e+00	1.17e-01	3.02e-02	1.53e-02
 6.52306e+16	1.86e-01	7.19e-01	9.51e-02	0.00e+00	0.00e+00	0.00e+00	0.00e+00	0.00e+00	0.00e+00	1.33e-01	3.45e-02	1.75e-02
 6.53840e+16	2.07e-01	7.15e-01	7.85e-02	0.00e+00	0.00e+00	0.00e+00	0.00e+00	0.00e+00	0.00e+00	1.49e-01	3.84e-02	1.95e-02
 6.55073e+16	2.25e-01	7.08e-01	6.63e-02	0.00e+00	0.00e+00	0.00e+00	0.00e+00	0.00e+00	0.00e+00	1.62e-01	4.18e-02	2.13e-02
 6.56412e+16	2.48e-01	6.98e-01	5.43e-02	0.00e+00	0.00e+00	0.00e+00	0.00e+00	0.00e+00	0.00e+00	1.78e-01	4.59e-02	2.34e-02
 6.57880e+16	2.76e-01	6.81e-01	4.25e-02	0.00e+00	0.00e+00	0.00e+00	0.00e+00	0.00e+00	0.00e+00	1.99e-01	5.11e-02	2.60e-02
 6.59158e+16	3.04e-01	6.62e-01	3.35e-02	0.00e+00	0.00e+00	0.00e+00	0.00e+00	0.00e+00	0.00e+00	2.19e-01	5.61e-02	2.86e-02
 6.60217e+16	3.30e-01	6.43e-01	2.71e-02	0.00e+00	0.00e+00	0.00e+00	0.00e+00	0.00e+00	0.00e+00	2.38e-01	6.06e-02	3.10e-02
 6.61349e+16	3.59e-01	6.19e-01	2.11e-02	0.00e+00	0.00e+00	0.00e+00	0.00e+00	0.00e+00	0.00e+00	2.60e-01	6.59e-02	3.37e-02
 6.62565e+16	3.95e-01	5.89e-01	1.57e-02	0.00e+00	0.00e+00	0.00e+00	0.00e+00	0.00e+00	0.00e+00	2.86e-01	7.21e-02	3.70e-02
 6.63594e+16	4.29e-01	5.59e-01	1.18e-02	0.00e+00	0.00e+00	0.00e+00	0.00e+00	0.00e+00	0.00e+00	3.11e-01	7.77e-02	4.00e-02
 6.64446e+16	4.58e-01	5.32e-01	9.22e-03	0.00e+00	0.00e+00	0.00e+00	0.00e+00	0.00e+00	0.00e+00	3.33e-01	8.26e-02	4.26e-02
 6.65229e+16	4.87e-01	5.06e-01	7.20e-03	0.00e+00	0.00e+00	0.00e+00	0.00e+00	0.00e+00	0.00e+00	3.55e-01	8.73e-02	4.51e-02
 6.65961e+16	5.16e-01	4.79e-01	5.62e-03	0.00e+00	0.00e+00	0.00e+00	0.00e+00	0.00e+00	0.00e+00	3.76e-01	9.17e-02	4.76e-02
 6.66615e+16	5.42e-01	4.53e-01	4.43e-03	0.00e+00	0.00e+00	0.00e+00	0.00e+00	0.00e+00	0.00e+00	3.96e-01	9.58e-02	4.98e-02
 6.67187e+16	5.66e-01	4.30e-01	3.56e-03	0.00e+00	0.00e+00	0.00e+00	0.00e+00	0.00e+00	0.00e+00	4.15e-01	9.94e-02	5.18e-02
 6.67699e+16	5.88e-01	4.09e-01	2.89e-03	0.00e+00	0.00e+00	0.00e+00	0.00e+00	0.00e+00	0.00e+00	4.32e-01	1.03e-01	5.36e-02
 6.68089e+16	6.05e-01	3.93e-01	2.46e-03	0.00e+00	0.00e+00	0.00e+00	0.00e+00	0.00e+00	0.00e+00	4.45e-01	1.05e-01	5.50e-02
 6.68344e+16	6.15e-01	3.83e-01	2.21e-03	0.00e+00	0.00e+00	0.00e+00	0.00e+00	0.00e+00	0.00e+00	4.53e-01	1.06e-01	5.58e-02
 6.68587e+16	6.25e-01	3.73e-01	1.98e-03	0.00e+00	0.00e+00	0.00e+00	0.00e+00	0.00e+00	0.00e+00	4.61e-01	1.08e-01	5.66e-02
 6.68873e+16	6.38e-01	3.60e-01	1.74e-03	0.00e+00	0.00e+00	0.00e+00	0.00e+00	0.00e+00	0.00e+00	4.71e-01	1.09e-01	5.76e-02
 6.69171e+16	6.52e-01	3.47e-01	1.51e-03	0.00e+00	0.00e+00	0.00e+00	0.00e+00	0.00e+00	0.00e+00	4.82e-01	1.11e-01	5.86e-02
 6.69446e+16	6.64e-01	3.35e-01	1.32e-03	0.00e+00	0.00e+00	0.00e+00	0.00e+00	0.00e+00	0.00e+00	4.92e-01	1.12e-01	5.95e-02
 6.69695e+16	6.75e-01	3.23e-01	1.16e-03	0.00e+00	0.00e+00	0.00e+00	0.00e+00	0.00e+00	0.00e+00	5.01e-01	1.14e-01	6.03e-02
 6.69939e+16	6.86e-01	3.12e-01	1.02e-03	0.00e+00	0.00e+00	0.00e+00	0.00e+00	0.00e+00	0.00e+00	5.10e-01	1.15e-01	6.11e-02
 6.70187e+16	6.98e-01	3.01e-01	8.96e-04	0.00e+00	0.00e+00	0.00e+00	0.00e+00	0.00e+00	0.00e+00	5.20e-01	1.16e-01	6.19e-02
 6.70434e+16	7.09e-01	2.90e-01	7.83e-04	0.00e+00	0.00e+00	0.00e+00	0.00e+00	0.00e+00	0.00e+00	5.29e-01	1.17e-01	6.26e-02
 6.70671e+16	7.20e-01	2.79e-01	6.85e-04	0.00e+00	0.00e+00	0.00e+00	0.00e+00	0.00e+00	0.00e+00	5.38e-01	1.18e-01	6.33e-02
 6.70900e+16	7.30e-01	2.69e-01	6.00e-04	0.00e+00	0.00e+00	0.00e+00	0.00e+00	0.00e+00	0.00e+00	5.47e-01	1.19e-01	6.40e-02
 6.71124e+16	7.41e-01	2.59e-01	5.26e-04	0.00e+00	0.00e+00	0.00e+00	0.00e+00	0.00e+00	0.00e+00	5.56e-01	1.20e-01	6.46e-02
 6.71346e+16	7.51e-01	2.49e-01	4.59e-04	0.00e+00	0.00e+00	0.00e+00	0.00e+00	0.00e+00	0.00e+00	5.64e-01	1.21e-01	6.52e-02
 6.71564e+16	7.60e-01	2.39e-01	4.01e-04	0.00e+00	0.00e+00	0.00e+00	0.00e+00	0.00e+00	0.00e+00	5.73e-01	1.22e-01	6.57e-02
 6.71777e+16	7.70e-01	2.30e-01	3.50e-04	0.00e+00	0.00e+00	0.00e+00	0.00e+00	0.00e+00	0.00e+00	5.81e-01	1.22e-01	6.62e-02
 6.71985e+16	7.79e-01	2.21e-01	3.05e-04	0.00e+00	0.00e+00	0.00e+00	0.00e+00	0.00e+00	0.00e+00	5.89e-01	1.23e-01	6.67e-02
 6.72190e+16	7.88e-01	2.12e-01	2.66e-04	0.00e+00	0.00e+00	0.00e+00	0.00e+00	0.00e+00	0.00e+00	5.97e-01	1.24e-01	6.71e-02
 6.72390e+16	7.97e-01	2.03e-01	2.32e-04	0.00e+00	0.00e+00	0.00e+00	0.00e+00	0.00e+00	0.00e+00	6.05e-01	1.24e-01	6.75e-02
 6.72587e+16	8.05e-01	1.95e-01	2.02e-04	0.00e+00	0.00e+00	0.00e+00	0.00e+00	0.00e+00	0.00e+00	6.13e-01	1.25e-01	6.79e-02
 6.72781e+16	8.13e-01	1.87e-01	1.76e-04	0.00e+00	0.00e+00	0.00e+00	0.00e+00	0.00e+00	0.00e+00	6.20e-01	1.25e-01	6.82e-02
 6.72970e+16	8.21e-01	1.79e-01	1.53e-04	0.00e+00	0.00e+00	0.00e+00	0.00e+00	0.00e+00	0.00e+00	6.27e-01	1.25e-01	6.85e-02
 6.73156e+16	8.29e-01	1.71e-01	1.33e-04	0.00e+00	0.00e+00	0.00e+00	0.00e+00	0.00e+00	0.00e+00	6.34e-01	1.26e-01	6.88e-02
 6.73339e+16	8.36e-01	1.64e-01	1.16e-04	0.00e+00	0.00e+00	0.00e+00	0.00e+00	0.00e+00	0.00e+00	6.41e-01	1.26e-01	6.90e-02
 6.73518e+16	8.43e-01	1.57e-01	1.01e-04	0.00e+00	0.00e+00	0.00e+00	0.00e+00	0.00e+00	0.00e+00	6.48e-01	1.26e-01	6.92e-02
 6.73694e+16	8.50e-01	1.50e-01	8.75e-05	0.00e+00	0.00e+00	0.00e+00	0.00e+00	0.00e+00	0.00e+00	6.54e-01	1.26e-01	6.94e-02
 6.73867e+16	8.56e-01	1.43e-01	7.60e-05	0.00e+00	0.00e+00	0.00e+00	0.00e+00	0.00e+00	0.00e+00	6.61e-01	1.26e-01	6.96e-02
 6.74037e+16	8.63e-01	1.37e-01	6.60e-05	0.00e+00	0.00e+00	0.00e+00	0.00e+00	0.00e+00	0.00e+00	6.67e-01	1.26e-01	6.97e-02
 6.74204e+16	8.69e-01	1.31e-01	5.73e-05	0.00e+00	0.00e+00	0.00e+00	0.00e+00	0.00e+00	0.00e+00	6.73e-01	1.26e-01	6.98e-02
 6.74367e+16	8.75e-01	1.25e-01	4.97e-05	0.00e+00	0.00e+00	0.00e+00	0.00e+00	0.00e+00	0.00e+00	6.79e-01	1.26e-01	6.99e-02
 6.74525e+16	8.80e-01	1.20e-01	4.33e-05	0.00e+00	0.00e+00	0.00e+00	0.00e+00	0.00e+00	0.00e+00	6.84e-01	1.26e-01	6.99e-02
 6.74681e+16	8.86e-01	1.14e-01	3.76e-05	0.00e+00	0.00e+00	0.00e+00	0.00e+00	0.00e+00	0.00e+00	6.89e-01	1.26e-01	7.00e-02
 6.74831e+16	8.91e-01	1.09e-01	3.28e-05	0.00e+00	0.00e+00	0.00e+00	0.00e+00	0.00e+00	0.00e+00	6.94e-01	1.26e-01	7.00e-02
 6.74977e+16	8.95e-01	1.05e-01	2.86e-05	0.00e+00	0.00e+00	0.00e+00	0.00e+00	0.00e+00	0.00e+00	6.99e-01	1.26e-01	7.00e-02
 6.75119e+16	9.00e-01	1.00e-01	2.51e-05	0.00e+00	0.00e+00	0.00e+00	0.00e+00	0.00e+00	0.00e+00	7.04e-01	1.26e-01	7.00e-02
 6.75258e+16	9.04e-01	9.59e-02	2.19e-05	0.00e+00	0.00e+00	0.00e+00	0.00e+00	0.00e+00	0.00e+00	7.08e-01	1.26e-01	7.00e-02
 6.75394e+16	9.08e-01	9.18e-02	1.92e-05	0.00e+00	0.00e+00	0.00e+00	0.00e+00	0.00e+00	0.00e+00	7.13e-01	1.26e-01	6.99e-02
 6.75526e+16	9.12e-01	8.79e-02	1.68e-05	0.00e+00	0.00e+00	0.00e+00	0.00e+00	0.00e+00	0.00e+00	7.16e-01	1.26e-01	6.99e-02
 6.75656e+16	9.16e-01	8.42e-02	1.48e-05	0.00e+00	0.00e+00	0.00e+00	0.00e+00	0.00e+00	0.00e+00	7.20e-01	1.25e-01	6.98e-02
 6.75782e+16	9.19e-01	8.07e-02	1.30e-05	0.00e+00	0.00e+00	0.00e+00	0.00e+00	0.00e+00	0.00e+00	7.24e-01	1.25e-01	6.98e-02
 6.75905e+16	9.23e-01	7.73e-02	1.14e-05	0.00e+00	0.00e+00	0.00e+00	0.00e+00	0.00e+00	0.00e+00	7.28e-01	1.25e-01	6.97e-02
 6.76026e+16	9.26e-01	7.40e-02	1.00e-05	0.00e+00	0.00e+00	0.00e+00	0.00e+00	0.00e+00	0.00e+00	7.31e-01	1.25e-01	6.97e-02
 6.76146e+16	9.29e-01	7.09e-02	8.80e-06	0.00e+00	0.00e+00	0.00e+00	0.00e+00	0.00e+00	0.00e+00	7.34e-01	1.25e-01	6.97e-02
 6.76261e+16	9.32e-01	6.80e-02	7.78e-06	0.00e+00	0.00e+00	0.00e+00	0.00e+00	0.00e+00	0.00e+00	7.37e-01	1.25e-01	6.96e-02
 6.76371e+16	9.35e-01	6.52e-02	6.89e-06	0.00e+00	0.00e+00	0.00e+00	0.00e+00	0.00e+00	0.00e+00	7.40e-01	1.25e-01	6.95e-02
 6.76483e+16	9.37e-01	6.25e-02	6.06e-06	0.00e+00	0.00e+00	0.00e+00	0.00e+00	0.00e+00	0.00e+00	7.43e-01	1.25e-01	6.95e-02
 6.76592e+16	9.40e-01	5.99e-02	5.36e-06	0.00e+00	0.00e+00	0.00e+00	0.00e+00	0.00e+00	0.00e+00	7.46e-01	1.25e-01	6.94e-02
 6.76698e+16	9.42e-01	5.75e-02	4.74e-06	0.00e+00	0.00e+00	0.00e+00	0.00e+00	0.00e+00	0.00e+00	7.48e-01	1.25e-01	6.93e-02
 6.76802e+16	9.45e-01	5.51e-02	4.20e-06	0.00e+00	0.00e+00	0.00e+00	0.00e+00	0.00e+00	0.00e+00	7.51e-01	1.25e-01	6.93e-02
 6.76905e+16	9.47e-01	5.29e-02	3.71e-06	0.00e+00	0.00e+00	0.00e+00	0.00e+00	0.00e+00	0.00e+00	7.53e-01	1.25e-01	6.92e-02
 6.77005e+16	9.49e-01	5.07e-02	3.29e-06	0.00e+00	0.00e+00	0.00e+00	0.00e+00	0.00e+00	0.00e+00	7.55e-01	1.25e-01	6.91e-02
 6.77102e+16	9.51e-01	4.87e-02	2.92e-06	0.00e+00	0.00e+00	0.00e+00	0.00e+00	0.00e+00	0.00e+00	7.57e-01	1.25e-01	6.91e-02
 6.77198e+16	9.53e-01	4.67e-02	2.59e-06	0.00e+00	0.00e+00	0.00e+00	0.00e+00	0.00e+00	0.00e+00	7.59e-01	1.25e-01	6.91e-02
 6.77291e+16	9.55e-01	4.49e-02	2.30e-06	0.00e+00	0.00e+00	0.00e+00	0.00e+00	0.00e+00	0.00e+00	7.61e-01	1.25e-01	6.90e-02
 6.77381e+16	9.57e-01	4.31e-02	2.05e-06	0.00e+00	0.00e+00	0.00e+00	0.00e+00	0.00e+00	0.00e+00	7.63e-01	1.25e-01	6.90e-02
 6.77473e+16	9.59e-01	4.13e-02	1.82e-06	0.00e+00	0.00e+00	0.00e+00	0.00e+00	0.00e+00	0.00e+00	7.64e-01	1.25e-01	6.90e-02
 6.77563e+16	9.60e-01	3.96e-02	1.62e-06	0.00e+00	0.00e+00	0.00e+00	0.00e+00	0.00e+00	0.00e+00	7.66e-01	1.26e-01	6.89e-02
 6.77648e+16	9.62e-01	3.81e-02	1.44e-06	0.00e+00	0.00e+00	0.00e+00	0.00e+00	0.00e+00	0.00e+00	7.67e-01	1.26e-01	6.88e-02
 6.77732e+16	9.63e-01	3.66e-02	1.29e-06	0.00e+00	0.00e+00	0.00e+00	0.00e+00	0.00e+00	0.00e+00	7.69e-01	1.26e-01	6.88e-02
 6.77815e+16	9.65e-01	3.51e-02	1.14e-06	0.00e+00	0.00e+00	0.00e+00	0.00e+00	0.00e+00	0.00e+00	7.70e-01	1.26e-01	6.87e-02
 6.77897e+16	9.66e-01	3.37e-02	1.02e-06	0.00e+00	0.00e+00	0.00e+00	0.00e+00	0.00e+00	0.00e+00	7.71e-01	1.26e-01	6.87e-02
 6.77976e+16	9.68e-01	3.24e-02	9.11e-07	0.00e+00	0.00e+00	0.00e+00	0.00e+00	0.00e+00	0.00e+00	7.72e-01	1.27e-01	6.87e-02
 6.78053e+16	9.69e-01	3.11e-02	8.14e-07	0.00e+00	0.00e+00	0.00e+00	0.00e+00	0.00e+00	0.00e+00	7.73e-01	1.27e-01	6.87e-02
 6.78129e+16	9.70e-01	2.98e-02	7.27e-07	0.00e+00	0.00e+00	0.00e+00	0.00e+00	0.00e+00	0.00e+00	7.74e-01	1.27e-01	6.87e-02
 6.78204e+16	9.71e-01	2.86e-02	6.49e-07	0.00e+00	0.00e+00	0.00e+00	0.00e+00	0.00e+00	0.00e+00	7.75e-01	1.28e-01	6.87e-02
 6.78277e+16	9.73e-01	2.75e-02	5.81e-07	0.00e+00	0.00e+00	0.00e+00	0.00e+00	0.00e+00	0.00e+00	7.76e-01	1.28e-01	6.87e-02
 6.78348e+16	9.74e-01	2.64e-02	5.20e-07	0.00e+00	0.00e+00	0.00e+00	0.00e+00	0.00e+00	0.00e+00	7.76e-01	1.29e-01	6.87e-02
 6.78417e+16	9.75e-01	2.53e-02	4.66e-07	0.00e+00	0.00e+00	0.00e+00	0.00e+00	0.00e+00	0.00e+00	7.77e-01	1.29e-01	6.88e-02
 6.78484e+16	9.76e-01	2.43e-02	4.17e-07	0.00e+00	0.00e+00	0.00e+00	0.00e+00	0.00e+00	0.00e+00	7.77e-01	1.30e-01	6.88e-02
 6.78550e+16	9.77e-01	2.34e-02	3.74e-07	0.00e+00	0.00e+00	0.00e+00	0.00e+00	0.00e+00	0.00e+00	7.78e-01	1.30e-01	6.88e-02
 6.78615e+16	9.78e-01	2.24e-02	3.35e-07	0.00e+00	0.00e+00	0.00e+00	0.00e+00	0.00e+00	0.00e+00	7.78e-01	1.31e-01	6.89e-02
 6.78678e+16	9.79e-01	2.15e-02	3.00e-07	0.00e+00	0.00e+00	0.00e+00	0.00e+00	0.00e+00	0.00e+00	7.78e-01	1.31e-01	6.90e-02
 6.78738e+16	9.79e-01	2.06e-02	2.70e-07	0.00e+00	0.00e+00	0.00e+00	0.00e+00	0.00e+00	0.00e+00	7.78e-01	1.32e-01	6.91e-02
 6.78796e+16	9.80e-01	1.98e-02	2.42e-07	0.00e+00	0.00e+00	0.00e+00	0.00e+00	0.00e+00	0.00e+00	7.78e-01	1.33e-01	6.92e-02
 6.78853e+16	9.81e-01	1.90e-02	2.18e-07	0.00e+00	0.00e+00	0.00e+00	0.00e+00	0.00e+00	0.00e+00	7.78e-01	1.33e-01	6.93e-02
 6.78907e+16	9.82e-01	1.82e-02	1.96e-07	0.00e+00	0.00e+00	0.00e+00	0.00e+00	0.00e+00	0.00e+00	7.78e-01	1.34e-01	6.95e-02
 6.78955e+16	9.82e-01	1.76e-02	1.78e-07	0.00e+00	0.00e+00	0.00e+00	0.00e+00	0.00e+00	0.00e+00	7.78e-01	1.35e-01	6.96e-02
 6.78999e+16	9.83e-01	1.70e-02	1.64e-07	0.00e+00	0.00e+00	0.00e+00	0.00e+00	0.00e+00	0.00e+00	7.77e-01	1.36e-01	6.97e-02
 6.79039e+16	9.84e-01	1.64e-02	1.51e-07	0.00e+00	0.00e+00	0.00e+00	0.00e+00	0.00e+00	0.00e+00	7.77e-01	1.37e-01	6.99e-02
 6.79077e+16	9.84e-01	1.59e-02	1.39e-07	0.00e+00	0.00e+00	0.00e+00	0.00e+00	0.00e+00	0.00e+00	7.77e-01	1.37e-01	7.00e-02
 6.79112e+16	9.85e-01	1.54e-02	1.29e-07	0.00e+00	0.00e+00	0.00e+00	0.00e+00	0.00e+00	0.00e+00	7.76e-01	1.38e-01	7.02e-02
 6.79145e+16	9.85e-01	1.50e-02	1.20e-07	0.00e+00	0.00e+00	0.00e+00	0.00e+00	0.00e+00	0.00e+00	7.76e-01	1.39e-01	7.03e-02
 6.79175e+16	9.85e-01	1.46e-02	1.11e-07	0.00e+00	0.00e+00	0.00e+00	0.00e+00	0.00e+00	0.00e+00	7.75e-01	1.40e-01	7.05e-02
 6.79203e+16	9.86e-01	1.42e-02	1.04e-07	0.00e+00	0.00e+00	0.00e+00	0.00e+00	0.00e+00	0.00e+00	7.74e-01	1.41e-01	7.06e-02
 6.79229e+16	9.86e-01	1.38e-02	9.79e-08	0.00e+00	0.00e+00	0.00e+00	0.00e+00	0.00e+00	0.00e+00	7.74e-01	1.42e-01	7.08e-02
 6.79253e+16	9.87e-01	1.35e-02	9.22e-08	0.00e+00	0.00e+00	0.00e+00	0.00e+00	0.00e+00	0.00e+00	7.73e-01	1.42e-01	7.09e-02
 6.79275e+16	9.87e-01	1.31e-02	8.69e-08	0.00e+00	0.00e+00	0.00e+00	0.00e+00	0.00e+00	0.00e+00	7.72e-01	1.43e-01	7.11e-02
 6.79297e+16	9.87e-01	1.28e-02	8.20e-08	0.00e+00	0.00e+00	0.00e+00	0.00e+00	0.00e+00	0.00e+00	7.72e-01	1.44e-01	7.12e-02
 6.79316e+16	9.87e-01	1.25e-02	7.77e-08	0.00e+00	0.00e+00	0.00e+00	0.00e+00	0.00e+00	0.00e+00	7.71e-01	1.45e-01	7.14e-02
 6.79334e+16	9.88e-01	1.23e-02	7.42e-08	0.00e+00	0.00e+00	0.00e+00	0.00e+00	0.00e+00	0.00e+00	7.71e-01	1.46e-01	7.15e-02
 6.79351e+16	9.88e-01	1.20e-02	7.01e-08	0.00e+00	0.00e+00	0.00e+00	0.00e+00	0.00e+00	0.00e+00	7.70e-01	1.47e-01	7.17e-02
 6.79367e+16	9.88e-01	1.17e-02	6.67e-08	0.00e+00	0.00e+00	0.00e+00	0.00e+00	0.00e+00	0.00e+00	7.69e-01	1.48e-01	7.19e-02
 6.79381e+16	9.88e-01	1.15e-02	6.41e-08	0.00e+00	0.00e+00	0.00e+00	0.00e+00	0.00e+00	0.00e+00	7.68e-01	1.48e-01	7.20e-02
 6.79395e+16	9.89e-01	1.13e-02	6.11e-08	0.00e+00	0.00e+00	0.00e+00	0.00e+00	0.00e+00	0.00e+00	7.67e-01	1.49e-01	7.22e-02
 6.79408e+16	9.89e-01	1.11e-02	5.87e-08	0.00e+00	0.00e+00	0.00e+00	0.00e+00	0.00e+00	0.00e+00	7.67e-01	1.50e-01	7.23e-02
 6.79420e+16	9.89e-01	1.08e-02	5.60e-08	0.00e+00	0.00e+00	0.00e+00	0.00e+00	0.00e+00	0.00e+00	7.66e-01	1.51e-01	7.25e-02
 6.79431e+16	9.89e-01	1.07e-02	5.40e-08	0.00e+00	0.00e+00	0.00e+00	0.00e+00	0.00e+00	0.00e+00	7.65e-01	1.51e-01	7.26e-02
 6.79441e+16	9.90e-01	1.04e-02	5.17e-08	0.00e+00	0.00e+00	0.00e+00	0.00e+00	0.00e+00	0.00e+00	7.64e-01	1.52e-01	7.28e-02
 6.79450e+16	9.90e-01	1.03e-02	5.01e-08	0.00e+00	0.00e+00	0.00e+00	0.00e+00	0.00e+00	0.00e+00	7.64e-01	1.53e-01	7.29e-02
 6.79459e+16	9.90e-01	1.01e-02	4.81e-08	0.00e+00	0.00e+00	0.00e+00	0.00e+00	0.00e+00	0.00e+00	7.63e-01	1.54e-01	7.31e-02
 6.79467e+16	9.90e-01	9.94e-03	4.66e-08	0.00e+00	0.00e+00	0.00e+00	0.00e+00	0.00e+00	0.00e+00	7.62e-01	1.55e-01	7.32e-02
 6.79474e+16	9.90e-01	9.75e-03	4.48e-08	0.00e+00	0.00e+00	0.00e+00	0.00e+00	0.00e+00	0.00e+00	7.61e-01	1.56e-01	7.34e-02
 6.79482e+16	9.90e-01	9.61e-03	4.35e-08	0.00e+00	0.00e+00	0.00e+00	0.00e+00	0.00e+00	0.00e+00	7.61e-01	1.56e-01	7.35e-02
 6.79489e+16	9.91e-01	9.42e-03	4.18e-08	0.00e+00	0.00e+00	0.00e+00	0.00e+00	0.00e+00	0.00e+00	7.60e-01	1.57e-01	7.37e-02
 6.79496e+16	9.91e-01	9.25e-03	4.02e-08	0.00e+00	0.00e+00	0.00e+00	0.00e+00	0.00e+00	0.00e+00	7.59e-01	1.58e-01	7.39e-02
 6.79502e+16	9.91e-01	9.07e-03	3.87e-08	0.00e+00	0.00e+00	0.00e+00	0.00e+00	0.00e+00	0.00e+00	7.58e-01	1.59e-01	7.40e-02
 6.79509e+16	9.91e-01	8.88e-03	3.72e-08	0.00e+00	0.00e+00	0.00e+00	0.00e+00	0.00e+00	0.00e+00	7.57e-01	1.60e-01	7.42e-02
 6.79516e+16	9.91e-01	8.69e-03	3.56e-08	0.00e+00	0.00e+00	0.00e+00	0.00e+00	0.00e+00	0.00e+00	7.55e-01	1.62e-01	7.44e-02
 6.79523e+16	9.92e-01	8.47e-03	3.39e-08	0.00e+00	0.00e+00	0.00e+00	0.00e+00	0.00e+00	0.00e+00	7.54e-01	1.63e-01	7.47e-02
 6.79530e+16	9.92e-01	8.23e-03	3.21e-08	0.00e+00	0.00e+00	0.00e+00	0.00e+00	0.00e+00	0.00e+00	7.52e-01	1.65e-01	7.49e-02
 6.79536e+16	9.92e-01	7.93e-03	3.00e-08	0.00e+00	0.00e+00	0.00e+00	0.00e+00	0.00e+00	0.00e+00	7.50e-01	1.67e-01	7.53e-02
 6.79543e+16	9.92e-01	7.58e-03	2.76e-08	0.00e+00	0.00e+00	0.00e+00	0.00e+00	0.00e+00	0.00e+00	7.47e-01	1.69e-01	7.57e-02
