#depth	He	He+	He+2
 3.27788e+12	4.65e-05	9.73e-02	9.03e-01
 1.96673e+13	4.65e-05	9.73e-02	9.03e-01
 8.52250e+13	4.67e-05	9.76e-02	9.02e-01
 3.47456e+14	4.77e-05	9.89e-02	9.01e-01
 8.29960e+14	4.84e-05	9.96e-02	9.00e-01
 1.45722e+15	5.02e-05	1.02e-01	8.98e-01
 2.27265e+15	5.32e-05	1.05e-01	8.95e-01
 3.33271e+15	5.82e-05	1.12e-01	8.88e-01
 4.71079e+15	6.63e-05	1.23e-01	8.77e-01
 6.50230e+15	8.07e-05	1.42e-01	8.58e-01
 8.26320e+15	9.99e-05	1.68e-01	8.32e-01
 9.57029e+15	1.21e-04	1.95e-01	8.05e-01
 1.06113e+16	1.45e-04	2.25e-01	7.75e-01
 1.15557e+16	1.73e-04	2.60e-01	7.40e-01
 1.24578e+16	2.11e-04	3.04e-01	6.96e-01
 1.32637e+16	2.53e-04	3.53e-01	6.47e-01
 1.39845e+16	3.02e-04	4.06e-01	5.94e-01
 1.46186e+16	3.53e-04	4.62e-01	5.38e-01
 1.51419e+16	4.03e-04	5.14e-01	4.86e-01
 1.57032e+16	4.67e-04	5.75e-01	4.25e-01
 1.63230e+16	5.43e-04	6.46e-01	3.54e-01
 1.69042e+16	6.19e-04	7.13e-01	2.86e-01
 1.75448e+16	7.05e-04	7.81e-01	2.18e-01
 1.83775e+16	8.09e-04	8.55e-01	1.45e-01
 1.94602e+16	9.19e-04	9.19e-01	7.98e-02
 2.08676e+16	1.02e-03	9.63e-01	3.56e-02
 2.26972e+16	1.11e-03	9.86e-01	1.29e-02
 2.49179e+16	1.20e-03	9.95e-01	4.06e-03
 2.74097e+16	1.30e-03	9.97e-01	1.22e-03
 3.01507e+16	1.42e-03	9.98e-01	3.57e-04
 3.21970e+16	1.51e-03	9.98e-01	1.54e-04
 3.31867e+16	1.55e-03	9.98e-01	1.06e-04
 3.40588e+16	1.60e-03	9.98e-01	7.47e-05
 3.51926e+16	1.66e-03	9.98e-01	4.83e-05
 3.66664e+16	1.74e-03	9.98e-01	2.82e-05
 3.81514e+16	1.83e-03	9.98e-01	1.73e-05
 3.92909e+16	1.91e-03	9.98e-01	1.22e-05
 4.02417e+16	1.98e-03	9.98e-01	9.15e-06
 4.13073e+16	2.06e-03	9.98e-01	6.63e-06
 4.24855e+16	2.16e-03	9.98e-01	4.80e-06
 4.35593e+16	2.27e-03	9.98e-01	3.64e-06
 4.45038e+16	2.36e-03	9.98e-01	2.87e-06
 4.53933e+16	2.47e-03	9.98e-01	2.32e-06
 4.64121e+16	2.60e-03	9.97e-01	1.81e-06
 4.74907e+16	2.75e-03	9.97e-01	1.43e-06
 4.83969e+16	2.89e-03	9.97e-01	1.18e-06
 4.91825e+16	3.02e-03	9.97e-01	1.01e-06
 5.00609e+16	3.19e-03	9.97e-01	8.36e-07
 5.10164e+16	3.40e-03	9.97e-01	6.94e-07
 5.18530e+16	3.60e-03	9.96e-01	5.94e-07
 5.25795e+16	3.80e-03	9.96e-01	5.19e-07
 5.33819e+16	4.04e-03	9.96e-01	4.45e-07
 5.42416e+16	4.34e-03	9.96e-01	3.82e-07
 5.49734e+16	4.63e-03	9.95e-01	3.37e-07
 5.55963e+16	4.90e-03	9.95e-01	3.03e-07
 5.62801e+16	5.25e-03	9.95e-01	2.68e-07
 5.70163e+16	5.68e-03	9.94e-01	2.36e-07
 5.76450e+16	6.10e-03	9.94e-01	2.13e-07
 5.81734e+16	6.51e-03	9.93e-01	1.95e-07
 5.87467e+16	7.03e-03	9.93e-01	1.77e-07
 5.93614e+16	7.66e-03	9.92e-01	1.59e-07
 5.98815e+16	8.29e-03	9.92e-01	1.46e-07
 6.03160e+16	8.91e-03	9.91e-01	1.36e-07
 6.07877e+16	9.68e-03	9.90e-01	1.25e-07
 6.12979e+16	1.07e-02	9.89e-01	1.15e-07
 6.17351e+16	1.17e-02	9.88e-01	1.07e-07
 6.21005e+16	1.27e-02	9.87e-01	1.00e-07
 6.24957e+16	1.40e-02	9.86e-01	9.32e-08
 6.29254e+16	1.56e-02	9.84e-01	8.64e-08
 6.32974e+16	1.74e-02	9.83e-01	8.08e-08
 6.35783e+16	1.91e-02	9.81e-01	7.68e-08
 6.37936e+16	2.05e-02	9.79e-01	7.37e-08
 6.40238e+16	2.24e-02	9.78e-01	7.04e-08
 6.42768e+16	2.47e-02	9.75e-01	6.68e-08
 6.44966e+16	2.71e-02	9.73e-01	6.40e-08
 6.46771e+16	2.95e-02	9.70e-01	6.16e-08
 6.48437e+16	3.21e-02	9.68e-01	5.93e-08
 6.50345e+16	3.55e-02	9.64e-01	5.67e-08
 6.52306e+16	3.98e-02	9.60e-01	5.43e-08
 6.53840e+16	4.38e-02	9.56e-01	5.24e-08
 6.55073e+16	4.76e-02	9.52e-01	5.08e-08
 6.56412e+16	5.24e-02	9.48e-01	4.91e-08
 6.57880e+16	5.86e-02	9.41e-01	4.73e-08
 6.59158e+16	6.52e-02	9.35e-01	4.58e-08
 6.60217e+16	7.17e-02	9.28e-01	4.45e-08
 6.61349e+16	7.99e-02	9.20e-01	4.31e-08
 6.62565e+16	9.03e-02	9.10e-01	4.18e-08
 6.63594e+16	1.01e-01	8.99e-01	4.06e-08
 6.64446e+16	1.12e-01	8.88e-01	3.97e-08
 6.65229e+16	1.23e-01	8.77e-01	3.88e-08
 6.65961e+16	1.35e-01	8.65e-01	3.81e-08
 6.66615e+16	1.48e-01	8.52e-01	3.74e-08
 6.67187e+16	1.60e-01	8.40e-01	3.68e-08
 6.67699e+16	1.72e-01	8.28e-01	3.63e-08
 6.68089e+16	1.82e-01	8.18e-01	3.60e-08
 6.68344e+16	1.89e-01	8.11e-01	3.58e-08
 6.68587e+16	1.97e-01	8.03e-01	3.54e-08
 6.68873e+16	2.06e-01	7.94e-01	3.52e-08
 6.69171e+16	2.16e-01	7.84e-01	3.49e-08
 6.69446e+16	2.26e-01	7.74e-01	3.46e-08
 6.69695e+16	2.35e-01	7.65e-01	3.44e-08
 6.69939e+16	2.45e-01	7.55e-01	3.42e-08
 6.70187e+16	2.55e-01	7.45e-01	3.39e-08
 6.70434e+16	2.66e-01	7.34e-01	3.37e-08
 6.70671e+16	2.77e-01	7.23e-01	3.35e-08
 6.70900e+16	2.88e-01	7.12e-01	3.33e-08
 6.71124e+16	3.00e-01	7.00e-01	3.31e-08
 6.71346e+16	3.12e-01	6.88e-01	3.29e-08
 6.71564e+16	3.24e-01	6.76e-01	3.27e-08
 6.71777e+16	3.36e-01	6.64e-01	3.24e-08
 6.71985e+16	3.49e-01	6.51e-01	3.22e-08
 6.72190e+16	3.62e-01	6.38e-01	3.20e-08
 6.72390e+16	3.75e-01	6.25e-01	3.18e-08
 6.72587e+16	3.88e-01	6.12e-01	3.16e-08
 6.72781e+16	4.02e-01	5.98e-01	3.13e-08
 6.72970e+16	4.16e-01	5.84e-01	3.11e-08
 6.73156e+16	4.30e-01	5.70e-01	3.09e-08
 6.73339e+16	4.44e-01	5.56e-01	3.06e-08
 6.73518e+16	4.58e-01	5.42e-01	3.04e-08
 6.73694e+16	4.72e-01	5.28e-01	3.01e-08
 6.73867e+16	4.87e-01	5.13e-01	2.98e-08
 6.74037e+16	5.01e-01	4.99e-01	2.96e-08
 6.74204e+16	5.16e-01	4.84e-01	2.93e-08
 6.74367e+16	5.31e-01	4.69e-01	2.90e-08
 6.74525e+16	5.45e-01	4.55e-01	2.87e-08
 6.74681e+16	5.59e-01	4.41e-01	2.84e-08
 6.74831e+16	5.73e-01	4.27e-01	2.81e-08
 6.74977e+16	5.87e-01	4.13e-01	2.78e-08
 6.75119e+16	6.00e-01	4.00e-01	2.75e-08
 6.75258e+16	6.13e-01	3.87e-01	2.71e-08
 6.75394e+16	6.26e-01	3.74e-01	2.68e-08
 6.75526e+16	6.39e-01	3.61e-01	2.65e-08
 6.75656e+16	6.51e-01	3.49e-01	2.62e-08
 6.75782e+16	6.64e-01	3.36e-01	2.58e-08
 6.75905e+16	6.76e-01	3.24e-01	2.55e-08
 6.76026e+16	6.87e-01	3.13e-01	2.51e-08
 6.76146e+16	6.99e-01	3.01e-01	2.48e-08
 6.76261e+16	7.10e-01	2.90e-01	2.44e-08
 6.76371e+16	7.20e-01	2.80e-01	2.41e-08
 6.76483e+16	7.31e-01	2.69e-01	2.37e-08
 6.76592e+16	7.41e-01	2.59e-01	2.33e-08
 6.76698e+16	7.51e-01	2.49e-01	2.30e-08
 6.76802e+16	7.60e-01	2.40e-01	2.26e-08
 6.76905e+16	7.70e-01	2.30e-01	2.22e-08
 6.77005e+16	7.79e-01	2.21e-01	2.18e-08
 6.77102e+16	7.87e-01	2.13e-01	2.14e-08
 6.77198e+16	7.96e-01	2.04e-01	2.10e-08
 6.77291e+16	8.04e-01	1.96e-01	2.07e-08
 6.77381e+16	8.11e-01	1.89e-01	2.03e-08
 6.77473e+16	8.19e-01	1.81e-01	1.99e-08
 6.77563e+16	8.27e-01	1.73e-01	1.95e-08
 6.77648e+16	8.34e-01	1.66e-01	1.91e-08
 6.77732e+16	8.40e-01	1.60e-01	1.87e-08
 6.77815e+16	8.47e-01	1.53e-01	1.83e-08
 6.77897e+16	8.53e-01	1.47e-01	1.79e-08
 6.77976e+16	8.59e-01	1.41e-01	1.75e-08
 6.78053e+16	8.65e-01	1.35e-01	1.71e-08
 6.78129e+16	8.71e-01	1.29e-01	1.67e-08
 6.78204e+16	8.76e-01	1.24e-01	1.63e-08
 6.78277e+16	8.82e-01	1.18e-01	1.59e-08
 6.78348e+16	8.87e-01	1.13e-01	1.55e-08
 6.78417e+16	8.91e-01	1.09e-01	1.51e-08
 6.78484e+16	8.96e-01	1.04e-01	1.47e-08
 6.78550e+16	9.00e-01	9.97e-02	1.43e-08
 6.78615e+16	9.05e-01	9.53e-02	1.39e-08
 6.78678e+16	9.09e-01	9.12e-02	1.35e-08
 6.78738e+16	9.13e-01	8.74e-02	1.31e-08
 6.78796e+16	9.16e-01	8.37e-02	1.28e-08
 6.78853e+16	9.20e-01	8.01e-02	1.24e-08
 6.78907e+16	9.23e-01	7.67e-02	1.20e-08
 6.78955e+16	9.26e-01	7.37e-02	1.16e-08
 6.78999e+16	9.29e-01	7.10e-02	1.13e-08
 6.79039e+16	9.32e-01	6.85e-02	1.09e-08
 6.79077e+16	9.34e-01	6.61e-02	1.06e-08
 6.79112e+16	9.36e-01	6.39e-02	1.03e-08
 6.79145e+16	9.38e-01	6.19e-02	1.00e-08
 6.79175e+16	9.40e-01	6.00e-02	9.75e-09
 6.79203e+16	9.42e-01	5.82e-02	9.49e-09
 6.79229e+16	9.43e-01	5.66e-02	9.24e-09
 6.79253e+16	9.45e-01	5.51e-02	9.01e-09
 6.79275e+16	9.46e-01	5.37e-02	8.78e-09
 6.79297e+16	9.48e-01	5.23e-02	8.56e-09
 6.79316e+16	9.49e-01	5.11e-02	8.35e-09
 6.79334e+16	9.50e-01	5.01e-02	8.18e-09
 6.79351e+16	9.51e-01	4.88e-02	7.94e-09
 6.79367e+16	9.52e-01	4.77e-02	7.75e-09
 6.79381e+16	9.53e-01	4.69e-02	7.61e-09
 6.79395e+16	9.54e-01	4.58e-02	7.41e-09
 6.79408e+16	9.55e-01	4.50e-02	7.27e-09
 6.79420e+16	9.56e-01	4.41e-02	7.08e-09
 6.79431e+16	9.57e-01	4.34e-02	6.95e-09
 6.79441e+16	9.57e-01	4.25e-02	6.77e-09
 6.79450e+16	9.58e-01	4.19e-02	6.66e-09
 6.79459e+16	9.59e-01	4.11e-02	6.49e-09
 6.79467e+16	9.59e-01	4.06e-02	6.39e-09
 6.79474e+16	9.60e-01	3.99e-02	6.22e-09
 6.79482e+16	9.61e-01	3.93e-02	6.12e-09
 6.79489e+16	9.61e-01	3.86e-02	5.96e-09
 6.79496e+16	9.62e-01	3.80e-02	5.82e-09
 6.79502e+16	9.63e-01	3.73e-02	5.68e-09
 6.79509e+16	9.63e-01	3.67e-02	5.53e-09
 6.79516e+16	9.64e-01	3.60e-02	5.36e-09
 6.79523e+16	9.65e-01	3.52e-02	5.19e-09
 6.79530e+16	9.66e-01	3.44e-02	4.99e-09
 6.79536e+16	9.67e-01	3.34e-02	4.74e-09
 6.79543e+16	9.68e-01	3.23e-02	4.47e-09
