#depth	H	H+	H2
 3.27788e+12	8.75e-04	9.99e-01	1.30e-14
 1.96673e+13	8.75e-04	9.99e-01	1.30e-14
 8.52250e+13	8.74e-04	9.99e-01	1.31e-14
 3.47456e+14	8.74e-04	9.99e-01	1.32e-14
 8.29960e+14	8.58e-04	9.99e-01	1.33e-14
 1.45722e+15	8.50e-04	9.99e-01	1.35e-14
 2.27265e+15	8.45e-04	9.99e-01	1.39e-14
 3.33271e+15	8.46e-04	9.99e-01	1.46e-14
 4.71079e+15	8.51e-04	9.99e-01	1.56e-14
 6.50230e+15	8.67e-04	9.99e-01	1.72e-14
 8.26320e+15	8.75e-04	9.99e-01	1.88e-14
 9.57029e+15	8.90e-04	9.99e-01	2.02e-14
 1.06113e+16	9.11e-04	9.99e-01	2.18e-14
 1.15557e+16	9.37e-04	9.99e-01	2.36e-14
 1.24578e+16	9.75e-04	9.99e-01	2.61e-14
 1.32637e+16	1.01e-03	9.99e-01	2.84e-14
 1.39845e+16	1.04e-03	9.99e-01	3.10e-14
 1.46186e+16	1.08e-03	9.99e-01	3.35e-14
 1.51419e+16	1.11e-03	9.99e-01	3.60e-14
 1.57032e+16	1.16e-03	9.99e-01	3.94e-14
 1.63230e+16	1.21e-03	9.99e-01	4.35e-14
 1.69042e+16	1.26e-03	9.99e-01	4.78e-14
 1.75448e+16	1.32e-03	9.99e-01	5.33e-14
 1.83775e+16	1.41e-03	9.99e-01	6.08e-14
 1.94602e+16	1.51e-03	9.98e-01	7.08e-14
 2.08676e+16	1.63e-03	9.98e-01	8.32e-14
 2.26972e+16	1.78e-03	9.98e-01	9.83e-14
 2.49179e+16	1.97e-03	9.98e-01	1.18e-13
 2.74097e+16	2.21e-03	9.98e-01	1.44e-13
 3.01507e+16	2.56e-03	9.97e-01	1.82e-13
 3.21970e+16	2.86e-03	9.97e-01	2.15e-13
 3.31867e+16	3.03e-03	9.97e-01	2.34e-13
 3.40588e+16	3.18e-03	9.97e-01	2.53e-13
 3.51926e+16	3.40e-03	9.97e-01	2.79e-13
 3.66664e+16	3.72e-03	9.96e-01	3.17e-13
 3.81514e+16	4.08e-03	9.96e-01	3.63e-13
 3.92909e+16	4.39e-03	9.96e-01	4.04e-13
 4.02417e+16	4.68e-03	9.95e-01	4.43e-13
 4.13073e+16	5.04e-03	9.95e-01	4.92e-13
 4.24855e+16	5.46e-03	9.95e-01	5.52e-13
 4.35593e+16	5.90e-03	9.94e-01	6.17e-13
 4.45038e+16	6.33e-03	9.94e-01	6.81e-13
 4.53933e+16	6.78e-03	9.93e-01	7.50e-13
 4.64121e+16	7.34e-03	9.93e-01	8.39e-13
 4.74907e+16	8.01e-03	9.92e-01	9.47e-13
 4.83969e+16	8.63e-03	9.91e-01	1.05e-12
 4.91825e+16	9.24e-03	9.91e-01	1.16e-12
 5.00609e+16	9.99e-03	9.90e-01	1.29e-12
 5.10164e+16	1.09e-02	9.89e-01	1.45e-12
 5.18530e+16	1.18e-02	9.88e-01	1.62e-12
 5.25795e+16	1.27e-02	9.87e-01	1.79e-12
 5.33819e+16	1.38e-02	9.86e-01	2.00e-12
 5.42416e+16	1.52e-02	9.85e-01	2.27e-12
 5.49734e+16	1.65e-02	9.84e-01	2.54e-12
 5.55963e+16	1.78e-02	9.82e-01	2.80e-12
 5.62801e+16	1.93e-02	9.81e-01	3.13e-12
 5.70163e+16	2.13e-02	9.79e-01	3.56e-12
 5.76450e+16	2.32e-02	9.77e-01	3.99e-12
 5.81734e+16	2.51e-02	9.75e-01	4.41e-12
 5.87467e+16	2.75e-02	9.73e-01	4.95e-12
 5.93614e+16	3.04e-02	9.70e-01	5.63e-12
 5.98815e+16	3.33e-02	9.67e-01	6.34e-12
 6.03160e+16	3.61e-02	9.64e-01	7.03e-12
 6.07877e+16	3.96e-02	9.60e-01	7.93e-12
 6.12979e+16	4.42e-02	9.56e-01	9.10e-12
 6.17351e+16	4.89e-02	9.51e-01	1.04e-11
 6.21005e+16	5.35e-02	9.47e-01	1.16e-11
 6.24957e+16	5.93e-02	9.41e-01	1.33e-11
 6.29254e+16	6.71e-02	9.33e-01	1.56e-11
 6.32974e+16	7.55e-02	9.25e-01	1.81e-11
 6.35783e+16	8.31e-02	9.17e-01	2.05e-11
 6.37936e+16	8.98e-02	9.10e-01	2.27e-11
 6.40238e+16	9.80e-02	9.02e-01	2.55e-11
 6.42768e+16	1.09e-01	8.91e-01	2.93e-11
 6.44966e+16	1.20e-01	8.80e-01	3.33e-11
 6.46771e+16	1.30e-01	8.70e-01	3.73e-11
 6.48437e+16	1.42e-01	8.58e-01	4.18e-11
 6.50345e+16	1.56e-01	8.44e-01	4.80e-11
 6.52306e+16	1.75e-01	8.25e-01	5.60e-11
 6.53840e+16	1.91e-01	8.09e-01	6.38e-11
 6.55073e+16	2.07e-01	7.93e-01	7.13e-11
 6.56412e+16	2.25e-01	7.75e-01	8.11e-11
 6.57880e+16	2.49e-01	7.51e-01	9.44e-11
 6.59158e+16	2.73e-01	7.27e-01	1.09e-10
 6.60217e+16	2.95e-01	7.05e-01	1.23e-10
 6.61349e+16	3.21e-01	6.79e-01	1.42e-10
 6.62565e+16	3.53e-01	6.47e-01	1.67e-10
 6.63594e+16	3.84e-01	6.16e-01	1.94e-10
 6.64446e+16	4.11e-01	5.89e-01	2.20e-10
 6.65229e+16	4.39e-01	5.61e-01	2.49e-10
 6.65961e+16	4.66e-01	5.34e-01	2.81e-10
 6.66615e+16	4.92e-01	5.08e-01	3.14e-10
 6.67187e+16	5.16e-01	4.84e-01	3.48e-10
 6.67699e+16	5.38e-01	4.62e-01	3.81e-10
 6.68089e+16	5.54e-01	4.46e-01	4.10e-10
 6.68344e+16	5.65e-01	4.35e-01	4.28e-10
 6.68587e+16	5.76e-01	4.24e-01	4.49e-10
 6.68873e+16	5.89e-01	4.11e-01	4.75e-10
 6.69171e+16	6.03e-01	3.97e-01	5.04e-10
 6.69446e+16	6.16e-01	3.84e-01	5.33e-10
 6.69695e+16	6.28e-01	3.72e-01	5.60e-10
 6.69939e+16	6.40e-01	3.60e-01	5.89e-10
 6.70187e+16	6.52e-01	3.48e-01	6.21e-10
 6.70434e+16	6.64e-01	3.36e-01	6.55e-10
 6.70671e+16	6.75e-01	3.25e-01	6.89e-10
 6.70900e+16	6.87e-01	3.13e-01	7.25e-10
 6.71124e+16	6.98e-01	3.02e-01	7.62e-10
 6.71346e+16	7.09e-01	2.91e-01	8.02e-10
 6.71564e+16	7.19e-01	2.81e-01	8.43e-10
 6.71777e+16	7.30e-01	2.70e-01	8.85e-10
 6.71985e+16	7.40e-01	2.60e-01	9.30e-10
 6.72190e+16	7.50e-01	2.50e-01	9.76e-10
 6.72390e+16	7.60e-01	2.40e-01	1.03e-09
 6.72587e+16	7.69e-01	2.31e-01	1.08e-09
 6.72781e+16	7.78e-01	2.22e-01	1.13e-09
 6.72970e+16	7.87e-01	2.13e-01	1.18e-09
 6.73156e+16	7.96e-01	2.04e-01	1.24e-09
 6.73339e+16	8.04e-01	1.96e-01	1.30e-09
 6.73518e+16	8.12e-01	1.88e-01	1.37e-09
 6.73694e+16	8.20e-01	1.80e-01	1.43e-09
 6.73867e+16	8.28e-01	1.72e-01	1.50e-09
 6.74037e+16	8.35e-01	1.65e-01	1.57e-09
 6.74204e+16	8.42e-01	1.58e-01	1.65e-09
 6.74367e+16	8.49e-01	1.51e-01	1.73e-09
 6.74525e+16	8.55e-01	1.45e-01	1.81e-09
 6.74681e+16	8.61e-01	1.39e-01	1.90e-09
 6.74831e+16	8.67e-01	1.33e-01	1.99e-09
 6.74977e+16	8.73e-01	1.27e-01	2.08e-09
 6.75119e+16	8.78e-01	1.22e-01	2.17e-09
 6.75258e+16	8.83e-01	1.17e-01	2.28e-09
 6.75394e+16	8.88e-01	1.12e-01	2.38e-09
 6.75526e+16	8.93e-01	1.07e-01	2.49e-09
 6.75656e+16	8.97e-01	1.03e-01	2.60e-09
 6.75782e+16	9.01e-01	9.86e-02	2.72e-09
 6.75905e+16	9.05e-01	9.46e-02	2.85e-09
 6.76026e+16	9.09e-01	9.07e-02	2.98e-09
 6.76146e+16	9.13e-01	8.70e-02	3.12e-09
 6.76261e+16	9.17e-01	8.34e-02	3.26e-09
 6.76371e+16	9.20e-01	8.02e-02	3.41e-09
 6.76483e+16	9.23e-01	7.69e-02	3.58e-09
 6.76592e+16	9.26e-01	7.38e-02	3.74e-09
 6.76698e+16	9.29e-01	7.08e-02	3.92e-09
 6.76802e+16	9.32e-01	6.80e-02	4.11e-09
 6.76905e+16	9.35e-01	6.52e-02	4.32e-09
 6.77005e+16	9.37e-01	6.26e-02	4.53e-09
 6.77102e+16	9.40e-01	6.02e-02	4.76e-09
 6.77198e+16	9.42e-01	5.78e-02	5.00e-09
 6.77291e+16	9.45e-01	5.55e-02	5.26e-09
 6.77381e+16	9.47e-01	5.34e-02	5.53e-09
 6.77473e+16	9.49e-01	5.12e-02	5.84e-09
 6.77563e+16	9.51e-01	4.91e-02	6.16e-09
 6.77648e+16	9.53e-01	4.72e-02	6.51e-09
 6.77732e+16	9.55e-01	4.54e-02	6.88e-09
 6.77815e+16	9.56e-01	4.36e-02	7.28e-09
 6.77897e+16	9.58e-01	4.19e-02	7.73e-09
 6.77976e+16	9.60e-01	4.03e-02	8.21e-09
 6.78053e+16	9.61e-01	3.87e-02	8.73e-09
 6.78129e+16	9.63e-01	3.72e-02	9.31e-09
 6.78204e+16	9.64e-01	3.57e-02	9.95e-09
 6.78277e+16	9.66e-01	3.43e-02	1.07e-08
 6.78348e+16	9.67e-01	3.30e-02	1.14e-08
 6.78417e+16	9.68e-01	3.17e-02	1.23e-08
 6.78484e+16	9.70e-01	3.04e-02	1.33e-08
 6.78550e+16	9.71e-01	2.92e-02	1.44e-08
 6.78615e+16	9.72e-01	2.80e-02	1.57e-08
 6.78678e+16	9.73e-01	2.69e-02	1.72e-08
 6.78738e+16	9.74e-01	2.58e-02	1.88e-08
 6.78796e+16	9.75e-01	2.48e-02	2.06e-08
 6.78853e+16	9.76e-01	2.38e-02	2.28e-08
 6.78907e+16	9.77e-01	2.29e-02	2.53e-08
 6.78955e+16	9.78e-01	2.21e-02	2.80e-08
 6.78999e+16	9.79e-01	2.13e-02	3.09e-08
 6.79039e+16	9.79e-01	2.07e-02	3.40e-08
 6.79077e+16	9.80e-01	2.00e-02	3.76e-08
 6.79112e+16	9.81e-01	1.94e-02	4.16e-08
 6.79145e+16	9.81e-01	1.89e-02	4.60e-08
 6.79175e+16	9.82e-01	1.84e-02	5.08e-08
 6.79203e+16	9.82e-01	1.79e-02	5.61e-08
 6.79229e+16	9.83e-01	1.74e-02	6.21e-08
 6.79253e+16	9.83e-01	1.70e-02	6.83e-08
 6.79275e+16	9.83e-01	1.66e-02	7.57e-08
 6.79297e+16	9.84e-01	1.62e-02	8.40e-08
 6.79316e+16	9.84e-01	1.59e-02	9.29e-08
 6.79334e+16	9.84e-01	1.56e-02	1.01e-07
 6.79351e+16	9.85e-01	1.52e-02	1.14e-07
 6.79367e+16	9.85e-01	1.49e-02	1.27e-07
 6.79381e+16	9.85e-01	1.46e-02	1.38e-07
 6.79395e+16	9.86e-01	1.43e-02	1.55e-07
 6.79408e+16	9.86e-01	1.41e-02	1.70e-07
 6.79420e+16	9.86e-01	1.38e-02	1.91e-07
 6.79431e+16	9.86e-01	1.36e-02	2.09e-07
 6.79441e+16	9.87e-01	1.33e-02	2.34e-07
 6.79450e+16	9.87e-01	1.31e-02	2.56e-07
 6.79459e+16	9.87e-01	1.29e-02	2.87e-07
 6.79467e+16	9.87e-01	1.27e-02	3.14e-07
 6.79474e+16	9.88e-01	1.24e-02	3.53e-07
 6.79482e+16	9.88e-01	1.23e-02	3.87e-07
 6.79489e+16	9.88e-01	1.20e-02	4.38e-07
 6.79496e+16	9.88e-01	1.18e-02	4.94e-07
 6.79502e+16	9.88e-01	1.16e-02	5.61e-07
 6.79509e+16	9.89e-01	1.14e-02	6.43e-07
 6.79516e+16	9.89e-01	1.11e-02	7.47e-07
 6.79523e+16	9.89e-01	1.09e-02	8.82e-07
 6.79530e+16	9.89e-01	1.06e-02	1.06e-06
 6.79536e+16	9.90e-01	1.02e-02	1.34e-06
 6.79543e+16	9.90e-01	9.79e-03	1.74e-06
