#depth	He	He+	He+2
 1.76538e+11	8.29e-04	5.20e-01	4.79e-01
 1.05923e+12	8.28e-04	5.20e-01	4.79e-01
 4.58998e+12	8.30e-04	5.21e-01	4.78e-01
 1.87130e+13	8.34e-04	5.23e-01	4.76e-01
 4.46993e+13	8.37e-04	5.25e-01	4.74e-01
 7.84816e+13	8.41e-04	5.29e-01	4.70e-01
 1.22399e+14	8.50e-04	5.35e-01	4.64e-01
 1.79491e+14	8.62e-04	5.43e-01	4.56e-01
 2.53710e+14	8.78e-04	5.55e-01	4.44e-01
 3.50196e+14	9.01e-04	5.71e-01	4.28e-01
 4.75627e+14	9.31e-04	5.94e-01	4.05e-01
 6.38687e+14	9.73e-04	6.26e-01	3.73e-01
 8.50666e+14	1.03e-03	6.69e-01	3.30e-01
 1.12624e+15	1.10e-03	7.25e-01	2.74e-01
 1.48448e+15	1.19e-03	7.93e-01	2.06e-01
 1.95020e+15	1.30e-03	8.68e-01	1.31e-01
 2.55563e+15	1.41e-03	9.33e-01	6.59e-02
 3.23602e+15	1.49e-03	9.71e-01	2.78e-02
 3.88199e+15	1.56e-03	9.87e-01	1.19e-02
 4.58988e+15	1.62e-03	9.94e-01	4.77e-03
 5.23949e+15	1.67e-03	9.96e-01	2.06e-03
 5.76344e+15	1.71e-03	9.97e-01	1.08e-03
 6.33978e+15	1.75e-03	9.98e-01	5.38e-04
 6.97376e+15	1.80e-03	9.98e-01	2.57e-04
 7.67113e+15	1.86e-03	9.98e-01	1.18e-04
 8.43825e+15	1.92e-03	9.98e-01	5.20e-05
 9.28207e+15	1.99e-03	9.98e-01	2.22e-05
 1.02103e+16	2.07e-03	9.98e-01	9.32e-06
 1.12313e+16	2.16e-03	9.98e-01	3.86e-06
 1.23544e+16	2.26e-03	9.98e-01	1.61e-06
 1.35899e+16	2.38e-03	9.98e-01	6.79e-07
 1.49489e+16	2.52e-03	9.97e-01	2.96e-07
 1.64438e+16	2.68e-03	9.97e-01	1.34e-07
 1.79194e+16	2.85e-03	9.97e-01	6.82e-08
 1.92216e+16	3.01e-03	9.97e-01	4.04e-08
 2.03800e+16	3.17e-03	9.97e-01	2.64e-08
 2.14409e+16	3.33e-03	9.97e-01	1.85e-08
 2.24394e+16	3.48e-03	9.97e-01	1.35e-08
 2.33923e+16	3.64e-03	9.96e-01	1.02e-08
 2.43124e+16	3.80e-03	9.96e-01	7.89e-09
 2.52093e+16	3.97e-03	9.96e-01	6.23e-09
 2.60910e+16	4.15e-03	9.96e-01	5.00e-09
 2.69633e+16	4.34e-03	9.96e-01	4.07e-09
 2.78294e+16	4.54e-03	9.95e-01	3.34e-09
 2.86926e+16	4.75e-03	9.95e-01	2.78e-09
 2.95561e+16	4.98e-03	9.95e-01	2.33e-09
 3.04225e+16	5.24e-03	9.95e-01	1.97e-09
 3.12915e+16	5.51e-03	9.94e-01	1.68e-09
 3.21606e+16	5.81e-03	9.94e-01	1.44e-09
 3.30150e+16	6.13e-03	9.94e-01	1.25e-09
 3.38361e+16	6.47e-03	9.94e-01	1.10e-09
 3.46240e+16	6.82e-03	9.93e-01	9.76e-10
 3.53914e+16	7.20e-03	9.93e-01	8.74e-10
 3.61499e+16	7.59e-03	9.92e-01	7.88e-10
 3.68988e+16	8.03e-03	9.92e-01	7.14e-10
 3.76283e+16	8.49e-03	9.92e-01	6.52e-10
 3.83331e+16	8.98e-03	9.91e-01	6.00e-10
 3.90173e+16	9.50e-03	9.91e-01	5.56e-10
 3.96870e+16	1.01e-02	9.90e-01	5.17e-10
 4.03442e+16	1.07e-02	9.89e-01	4.84e-10
 4.09860e+16	1.13e-02	9.89e-01	4.54e-10
 4.16095e+16	1.20e-02	9.88e-01	4.29e-10
 4.22147e+16	1.28e-02	9.87e-01	4.07e-10
 4.28036e+16	1.36e-02	9.86e-01	3.88e-10
 4.33774e+16	1.45e-02	9.85e-01	3.71e-10
 4.39359e+16	1.55e-02	9.84e-01	3.56e-10
 4.44751e+16	1.66e-02	9.83e-01	3.44e-10
 4.49859e+16	1.78e-02	9.82e-01	3.33e-10
 4.54632e+16	1.91e-02	9.81e-01	3.24e-10
 4.59117e+16	2.05e-02	9.80e-01	3.16e-10
 4.63400e+16	2.20e-02	9.78e-01	3.10e-10
 4.67528e+16	2.37e-02	9.76e-01	3.05e-10
 4.71489e+16	2.56e-02	9.74e-01	3.01e-10
 4.75236e+16	2.78e-02	9.72e-01	2.99e-10
 4.78733e+16	3.01e-02	9.70e-01	2.97e-10
 4.82006e+16	3.28e-02	9.67e-01	2.98e-10
 4.85111e+16	3.58e-02	9.64e-01	3.00e-10
 4.88075e+16	3.93e-02	9.61e-01	3.05e-10
 4.90677e+16	4.31e-02	9.57e-01	3.11e-10
 4.92738e+16	4.67e-02	9.53e-01	3.18e-10
 4.94448e+16	5.02e-02	9.50e-01	3.32e-10
 4.96302e+16	5.44e-02	9.46e-01	3.44e-10
 4.98275e+16	6.00e-02	9.40e-01	3.64e-10
 4.99858e+16	6.54e-02	9.35e-01	3.95e-10
 5.01049e+16	7.01e-02	9.30e-01	4.21e-10
 5.02278e+16	7.56e-02	9.24e-01	4.53e-10
 5.03627e+16	8.25e-02	9.18e-01	5.03e-10
 5.04788e+16	8.96e-02	9.10e-01	5.60e-10
 5.05708e+16	9.62e-02	9.04e-01	6.13e-10
 5.06522e+16	1.02e-01	8.98e-01	6.75e-10
 5.07443e+16	1.10e-01	8.90e-01	7.54e-10
 5.08449e+16	1.20e-01	8.80e-01	8.76e-10
 5.09333e+16	1.30e-01	8.70e-01	1.00e-09
 5.10078e+16	1.39e-01	8.61e-01	1.13e-09
 5.10775e+16	1.48e-01	8.52e-01	1.25e-09
 5.11482e+16	1.59e-01	8.41e-01	1.40e-09
 5.12170e+16	1.70e-01	8.30e-01	1.57e-09
 5.12790e+16	1.81e-01	8.19e-01	1.74e-09
 5.13344e+16	1.91e-01	8.09e-01	1.92e-09
 5.13863e+16	2.02e-01	7.98e-01	2.08e-09
 5.14392e+16	2.13e-01	7.87e-01	2.26e-09
 5.14841e+16	2.23e-01	7.77e-01	2.43e-09
 5.15146e+16	2.30e-01	7.70e-01	2.54e-09
 5.15419e+16	2.37e-01	7.63e-01	2.65e-09
 5.15743e+16	2.46e-01	7.54e-01	2.77e-09
 5.16113e+16	2.55e-01	7.45e-01	2.92e-09
 5.16477e+16	2.65e-01	7.35e-01	3.08e-09
 5.16812e+16	2.74e-01	7.26e-01	3.24e-09
 5.17141e+16	2.84e-01	7.16e-01	3.39e-09
 5.17479e+16	2.94e-01	7.06e-01	3.56e-09
 5.17825e+16	3.05e-01	6.95e-01	3.73e-09
 5.18175e+16	3.16e-01	6.84e-01	3.90e-09
 5.18513e+16	3.27e-01	6.73e-01	4.09e-09
 5.18847e+16	3.38e-01	6.62e-01	4.27e-09
 5.19190e+16	3.50e-01	6.50e-01	4.45e-09
 5.19536e+16	3.62e-01	6.38e-01	4.66e-09
 5.19880e+16	3.74e-01	6.26e-01	4.86e-09
 5.20225e+16	3.87e-01	6.13e-01	5.06e-09
 5.20564e+16	3.99e-01	6.01e-01	5.26e-09
 5.20902e+16	4.12e-01	5.88e-01	5.47e-09
 5.21247e+16	4.26e-01	5.74e-01	5.69e-09
 5.21596e+16	4.39e-01	5.61e-01	5.90e-09
 5.21936e+16	4.53e-01	5.47e-01	6.12e-09
 5.22273e+16	4.66e-01	5.34e-01	6.33e-09
 5.22617e+16	4.80e-01	5.20e-01	6.55e-09
 5.22966e+16	4.95e-01	5.05e-01	6.77e-09
 5.23307e+16	5.09e-01	4.91e-01	6.99e-09
 5.23641e+16	5.22e-01	4.78e-01	7.20e-09
 5.23980e+16	5.36e-01	4.64e-01	7.42e-09
 5.24320e+16	5.51e-01	4.49e-01	7.62e-09
 5.24657e+16	5.65e-01	4.35e-01	7.83e-09
 5.24987e+16	5.78e-01	4.22e-01	8.04e-09
 5.25308e+16	5.92e-01	4.08e-01	8.22e-09
 5.25626e+16	6.05e-01	3.95e-01	8.39e-09
 5.25947e+16	6.18e-01	3.82e-01	8.58e-09
 5.26266e+16	6.31e-01	3.69e-01	8.75e-09
 5.26578e+16	6.44e-01	3.56e-01	8.93e-09
 5.26884e+16	6.56e-01	3.44e-01	9.09e-09
 5.27189e+16	6.68e-01	3.32e-01	9.24e-09
 5.27492e+16	6.80e-01	3.20e-01	9.39e-09
 5.27793e+16	6.92e-01	3.08e-01	9.52e-09
 5.28090e+16	7.03e-01	2.97e-01	9.64e-09
 5.28385e+16	7.14e-01	2.86e-01	9.76e-09
 5.28676e+16	7.25e-01	2.75e-01	9.87e-09
 5.28964e+16	7.35e-01	2.65e-01	9.98e-09
 5.29251e+16	7.45e-01	2.55e-01	1.01e-08
 5.29531e+16	7.55e-01	2.45e-01	1.02e-08
 5.29809e+16	7.64e-01	2.36e-01	1.03e-08
 5.30090e+16	7.74e-01	2.26e-01	1.03e-08
 5.30369e+16	7.83e-01	2.17e-01	1.04e-08
 5.30641e+16	7.91e-01	2.09e-01	1.05e-08
 5.30909e+16	7.99e-01	2.01e-01	1.05e-08
 5.31180e+16	8.08e-01	1.92e-01	1.06e-08
 5.31453e+16	8.15e-01	1.85e-01	1.06e-08
 5.31715e+16	8.23e-01	1.77e-01	1.07e-08
 5.31970e+16	8.30e-01	1.70e-01	1.07e-08
 5.32233e+16	8.37e-01	1.63e-01	1.07e-08
 5.32498e+16	8.44e-01	1.56e-01	1.07e-08
 5.32750e+16	8.50e-01	1.50e-01	1.08e-08
 5.32997e+16	8.56e-01	1.44e-01	1.07e-08
 5.33253e+16	8.62e-01	1.38e-01	1.07e-08
 5.33513e+16	8.68e-01	1.32e-01	1.07e-08
 5.33763e+16	8.73e-01	1.27e-01	1.08e-08
 5.33998e+16	8.78e-01	1.22e-01	1.07e-08
 5.34229e+16	8.83e-01	1.17e-01	1.07e-08
 5.34471e+16	8.88e-01	1.12e-01	1.07e-08
 5.34715e+16	8.93e-01	1.07e-01	1.07e-08
 5.34948e+16	8.97e-01	1.03e-01	1.06e-08
 5.35174e+16	9.01e-01	9.88e-02	1.06e-08
 5.35399e+16	9.05e-01	9.48e-02	1.05e-08
 5.35622e+16	9.09e-01	9.10e-02	1.05e-08
 5.35832e+16	9.12e-01	8.76e-02	1.04e-08
 5.36027e+16	9.16e-01	8.45e-02	1.04e-08
 5.36207e+16	9.18e-01	8.17e-02	1.03e-08
 5.36372e+16	9.21e-01	7.92e-02	1.03e-08
 5.36526e+16	9.23e-01	7.69e-02	1.02e-08
 5.36673e+16	9.25e-01	7.48e-02	1.01e-08
 5.36809e+16	9.27e-01	7.28e-02	1.01e-08
 5.36936e+16	9.29e-01	7.10e-02	1.00e-08
 5.37059e+16	9.31e-01	6.93e-02	9.93e-09
 5.37176e+16	9.32e-01	6.77e-02	9.86e-09
 5.37288e+16	9.34e-01	6.62e-02	9.79e-09
 5.37394e+16	9.35e-01	6.48e-02	9.72e-09
 5.37496e+16	9.37e-01	6.35e-02	9.65e-09
 5.37594e+16	9.38e-01	6.22e-02	9.58e-09
 5.37690e+16	9.39e-01	6.10e-02	9.51e-09
 5.37785e+16	9.40e-01	5.98e-02	9.43e-09
 5.37879e+16	9.41e-01	5.87e-02	9.36e-09
 5.37973e+16	9.42e-01	5.75e-02	9.28e-09
 5.38068e+16	9.44e-01	5.63e-02	9.19e-09
 5.38166e+16	9.45e-01	5.52e-02	9.10e-09
 5.38268e+16	9.46e-01	5.39e-02	8.99e-09
 5.38369e+16	9.47e-01	5.28e-02	8.89e-09
 5.38459e+16	9.48e-01	5.17e-02	8.78e-09
 5.38539e+16	9.49e-01	5.08e-02	8.68e-09
 5.38613e+16	9.50e-01	4.99e-02	8.58e-09
 5.38686e+16	9.51e-01	4.91e-02	8.50e-09
 5.38757e+16	9.52e-01	4.83e-02	8.39e-09
 5.38824e+16	9.53e-01	4.75e-02	8.29e-09
 5.38886e+16	9.53e-01	4.68e-02	8.20e-09
 5.38942e+16	9.54e-01	4.61e-02	8.11e-09
 5.38993e+16	9.55e-01	4.55e-02	8.01e-09
 5.39039e+16	9.55e-01	4.49e-02	7.94e-09
 5.39081e+16	9.56e-01	4.45e-02	7.88e-09
 5.39128e+16	9.56e-01	4.39e-02	7.80e-09
 5.39177e+16	9.57e-01	4.33e-02	7.71e-09
 5.39223e+16	9.57e-01	4.28e-02	7.63e-09
 5.39264e+16	9.58e-01	4.23e-02	7.56e-09
 5.39302e+16	9.58e-01	4.19e-02	7.50e-09
 5.39343e+16	9.59e-01	4.14e-02	7.43e-09
 5.39388e+16	9.59e-01	4.09e-02	7.35e-09
 5.39428e+16	9.60e-01	4.05e-02	7.28e-09
 5.39465e+16	9.60e-01	4.00e-02	7.20e-09
 5.39499e+16	9.60e-01	3.97e-02	7.15e-09
 5.39535e+16	9.61e-01	3.92e-02	7.08e-09
 5.39575e+16	9.61e-01	3.88e-02	7.01e-09
 5.39611e+16	9.62e-01	3.85e-02	6.98e-09
 5.39651e+16	9.62e-01	3.80e-02	6.91e-09
 5.39702e+16	9.63e-01	3.75e-02	6.84e-09
 5.39758e+16	9.63e-01	3.69e-02	6.76e-09
 5.39809e+16	9.64e-01	3.65e-02	6.70e-09
 5.39855e+16	9.64e-01	3.60e-02	6.64e-09
 5.39896e+16	9.64e-01	3.57e-02	6.60e-09
 5.39942e+16	9.65e-01	3.52e-02	6.53e-09
