#depth	H	H+	H2
 1.76538e+11	2.67e-03	9.97e-01	9.44e-12
 1.05923e+12	2.67e-03	9.97e-01	9.45e-12
 4.58998e+12	2.67e-03	9.97e-01	9.46e-12
 1.87130e+13	2.66e-03	9.97e-01	9.46e-12
 4.46993e+13	2.64e-03	9.97e-01	9.42e-12
 7.84816e+13	2.62e-03	9.97e-01	9.31e-12
 1.22399e+14	2.60e-03	9.97e-01	9.24e-12
 1.79491e+14	2.58e-03	9.97e-01	9.12e-12
 2.53710e+14	2.54e-03	9.97e-01	8.97e-12
 3.50196e+14	2.51e-03	9.97e-01	8.80e-12
 4.75627e+14	2.46e-03	9.98e-01	8.57e-12
 6.38687e+14	2.41e-03	9.98e-01	8.28e-12
 8.50666e+14	2.35e-03	9.98e-01	7.93e-12
 1.12624e+15	2.29e-03	9.98e-01	7.54e-12
 1.48448e+15	2.23e-03	9.98e-01	7.16e-12
 1.95020e+15	2.18e-03	9.98e-01	6.90e-12
 2.55563e+15	2.15e-03	9.98e-01	6.83e-12
 3.23602e+15	2.14e-03	9.98e-01	6.97e-12
 3.88199e+15	2.13e-03	9.98e-01	7.13e-12
 4.58988e+15	2.14e-03	9.98e-01	7.35e-12
 5.23949e+15	2.12e-03	9.98e-01	7.45e-12
 5.76344e+15	2.12e-03	9.98e-01	7.50e-12
 6.33978e+15	2.13e-03	9.98e-01	7.61e-12
 6.97376e+15	2.13e-03	9.98e-01	7.72e-12
 7.67113e+15	2.14e-03	9.98e-01	7.83e-12
 8.43825e+15	2.14e-03	9.98e-01	7.93e-12
 9.28207e+15	2.16e-03	9.98e-01	8.05e-12
 1.02103e+16	2.17e-03	9.98e-01	8.12e-12
 1.12313e+16	2.18e-03	9.98e-01	8.22e-12
 1.23544e+16	2.20e-03	9.98e-01	8.31e-12
 1.35899e+16	2.23e-03	9.98e-01	8.39e-12
 1.49489e+16	2.26e-03	9.98e-01	8.46e-12
 1.64438e+16	2.31e-03	9.98e-01	8.47e-12
 1.79194e+16	2.36e-03	9.98e-01	8.45e-12
 1.92216e+16	2.41e-03	9.98e-01	8.30e-12
 2.03800e+16	2.46e-03	9.98e-01	8.02e-12
 2.14409e+16	2.52e-03	9.97e-01	7.59e-12
 2.24394e+16	2.58e-03	9.97e-01	7.02e-12
 2.33923e+16	2.64e-03	9.97e-01	6.33e-12
 2.43124e+16	2.71e-03	9.97e-01	5.58e-12
 2.52093e+16	2.78e-03	9.97e-01	4.82e-12
 2.60910e+16	2.86e-03	9.97e-01	4.11e-12
 2.69633e+16	2.95e-03	9.97e-01	3.47e-12
 2.78294e+16	3.05e-03	9.97e-01	2.93e-12
 2.86926e+16	3.16e-03	9.97e-01	2.49e-12
 2.95561e+16	3.29e-03	9.97e-01	2.15e-12
 3.04225e+16	3.43e-03	9.97e-01	1.88e-12
 3.12915e+16	3.58e-03	9.96e-01	1.68e-12
 3.21606e+16	3.76e-03	9.96e-01	1.53e-12
 3.30150e+16	3.96e-03	9.96e-01	1.43e-12
 3.38361e+16	4.18e-03	9.96e-01	1.38e-12
 3.46240e+16	4.41e-03	9.96e-01	1.35e-12
 3.53914e+16	4.67e-03	9.95e-01	1.34e-12
 3.61499e+16	4.95e-03	9.95e-01	1.35e-12
 3.68988e+16	5.26e-03	9.95e-01	1.38e-12
 3.76283e+16	5.61e-03	9.94e-01	1.42e-12
 3.83331e+16	6.00e-03	9.94e-01	1.48e-12
 3.90173e+16	6.42e-03	9.94e-01	1.55e-12
 3.96870e+16	6.89e-03	9.93e-01	1.64e-12
 4.03442e+16	7.42e-03	9.93e-01	1.74e-12
 4.09860e+16	8.02e-03	9.92e-01	1.86e-12
 4.16095e+16	8.69e-03	9.91e-01	2.00e-12
 4.22147e+16	9.45e-03	9.91e-01	2.15e-12
 4.28036e+16	1.03e-02	9.90e-01	2.32e-12
 4.33774e+16	1.13e-02	9.89e-01	2.52e-12
 4.39359e+16	1.24e-02	9.88e-01	2.75e-12
 4.44751e+16	1.37e-02	9.86e-01	3.02e-12
 4.49859e+16	1.52e-02	9.85e-01	3.32e-12
 4.54632e+16	1.69e-02	9.83e-01	3.67e-12
 4.59117e+16	1.89e-02	9.81e-01	4.05e-12
 4.63400e+16	2.11e-02	9.79e-01	4.50e-12
 4.67528e+16	2.37e-02	9.76e-01	5.01e-12
 4.71489e+16	2.69e-02	9.73e-01	5.63e-12
 4.75236e+16	3.07e-02	9.69e-01	6.39e-12
 4.78733e+16	3.51e-02	9.65e-01	7.27e-12
 4.82006e+16	4.04e-02	9.60e-01	8.32e-12
 4.85111e+16	4.67e-02	9.53e-01	9.58e-12
 4.88075e+16	5.45e-02	9.45e-01	1.11e-11
 4.90677e+16	6.39e-02	9.36e-01	1.31e-11
 4.92738e+16	7.35e-02	9.26e-01	1.51e-11
 4.94448e+16	8.29e-02	9.17e-01	1.70e-11
 4.96302e+16	9.46e-02	9.05e-01	1.95e-11
 4.98275e+16	1.12e-01	8.88e-01	2.32e-11
 4.99858e+16	1.29e-01	8.71e-01	2.71e-11
 5.01049e+16	1.45e-01	8.55e-01	3.08e-11
 5.02278e+16	1.63e-01	8.37e-01	3.51e-11
 5.03627e+16	1.87e-01	8.13e-01	4.11e-11
 5.04788e+16	2.12e-01	7.88e-01	4.79e-11
 5.05708e+16	2.36e-01	7.64e-01	5.44e-11
 5.06522e+16	2.58e-01	7.42e-01	6.08e-11
 5.07443e+16	2.85e-01	7.15e-01	6.89e-11
 5.08449e+16	3.17e-01	6.83e-01	7.94e-11
 5.09333e+16	3.49e-01	6.51e-01	9.05e-11
 5.10078e+16	3.77e-01	6.23e-01	1.01e-10
 5.10775e+16	4.03e-01	5.97e-01	1.12e-10
 5.11482e+16	4.31e-01	5.69e-01	1.24e-10
 5.12170e+16	4.58e-01	5.42e-01	1.37e-10
 5.12790e+16	4.83e-01	5.17e-01	1.50e-10
 5.13344e+16	5.05e-01	4.95e-01	1.62e-10
 5.13863e+16	5.25e-01	4.75e-01	1.74e-10
 5.14392e+16	5.46e-01	4.54e-01	1.87e-10
 5.14841e+16	5.63e-01	4.37e-01	1.98e-10
 5.15146e+16	5.74e-01	4.26e-01	2.07e-10
 5.15419e+16	5.84e-01	4.16e-01	2.15e-10
 5.15743e+16	5.96e-01	4.04e-01	2.24e-10
 5.16113e+16	6.09e-01	3.91e-01	2.35e-10
 5.16477e+16	6.23e-01	3.77e-01	2.47e-10
 5.16812e+16	6.34e-01	3.66e-01	2.58e-10
 5.17141e+16	6.46e-01	3.54e-01	2.70e-10
 5.17479e+16	6.57e-01	3.43e-01	2.81e-10
 5.17825e+16	6.69e-01	3.31e-01	2.94e-10
 5.18175e+16	6.80e-01	3.20e-01	3.08e-10
 5.18513e+16	6.91e-01	3.09e-01	3.22e-10
 5.18847e+16	7.02e-01	2.98e-01	3.36e-10
 5.19190e+16	7.13e-01	2.87e-01	3.52e-10
 5.19536e+16	7.23e-01	2.77e-01	3.67e-10
 5.19880e+16	7.33e-01	2.67e-01	3.84e-10
 5.20225e+16	7.43e-01	2.57e-01	4.02e-10
 5.20564e+16	7.53e-01	2.47e-01	4.20e-10
 5.20902e+16	7.62e-01	2.38e-01	4.38e-10
 5.21247e+16	7.71e-01	2.29e-01	4.59e-10
 5.21596e+16	7.80e-01	2.20e-01	4.81e-10
 5.21936e+16	7.89e-01	2.11e-01	5.03e-10
 5.22273e+16	7.97e-01	2.03e-01	5.24e-10
 5.22617e+16	8.05e-01	1.95e-01	5.50e-10
 5.22966e+16	8.14e-01	1.86e-01	5.77e-10
 5.23307e+16	8.21e-01	1.79e-01	6.04e-10
 5.23641e+16	8.28e-01	1.72e-01	6.30e-10
 5.23980e+16	8.35e-01	1.65e-01	6.61e-10
 5.24320e+16	8.42e-01	1.58e-01	6.94e-10
 5.24657e+16	8.49e-01	1.51e-01	7.27e-10
 5.24987e+16	8.55e-01	1.45e-01	7.59e-10
 5.25308e+16	8.61e-01	1.39e-01	7.96e-10
 5.25626e+16	8.67e-01	1.33e-01	8.35e-10
 5.25947e+16	8.72e-01	1.28e-01	8.75e-10
 5.26266e+16	8.77e-01	1.23e-01	9.18e-10
 5.26578e+16	8.82e-01	1.18e-01	9.55e-10
 5.26884e+16	8.87e-01	1.13e-01	1.00e-09
 5.27189e+16	8.91e-01	1.09e-01	1.05e-09
 5.27492e+16	8.96e-01	1.04e-01	1.10e-09
 5.27793e+16	9.00e-01	1.00e-01	1.15e-09
 5.28090e+16	9.04e-01	9.59e-02	1.21e-09
 5.28385e+16	9.08e-01	9.21e-02	1.28e-09
 5.28676e+16	9.12e-01	8.84e-02	1.34e-09
 5.28964e+16	9.15e-01	8.50e-02	1.41e-09
 5.29251e+16	9.18e-01	8.16e-02	1.49e-09
 5.29531e+16	9.22e-01	7.84e-02	1.56e-09
 5.29809e+16	9.25e-01	7.55e-02	1.63e-09
 5.30090e+16	9.28e-01	7.24e-02	1.73e-09
 5.30369e+16	9.30e-01	6.95e-02	1.83e-09
 5.30641e+16	9.33e-01	6.68e-02	1.93e-09
 5.30909e+16	9.36e-01	6.44e-02	2.01e-09
 5.31180e+16	9.38e-01	6.17e-02	2.15e-09
 5.31453e+16	9.41e-01	5.93e-02	2.29e-09
 5.31715e+16	9.43e-01	5.70e-02	2.43e-09
 5.31970e+16	9.45e-01	5.49e-02	2.56e-09
 5.32233e+16	9.47e-01	5.28e-02	2.73e-09
 5.32498e+16	9.49e-01	5.06e-02	2.92e-09
 5.32750e+16	9.51e-01	4.87e-02	3.13e-09
 5.32997e+16	9.53e-01	4.67e-02	3.35e-09
 5.33253e+16	9.55e-01	4.49e-02	3.60e-09
 5.33513e+16	9.57e-01	4.31e-02	3.87e-09
 5.33763e+16	9.59e-01	4.14e-02	4.16e-09
 5.33998e+16	9.60e-01	3.99e-02	4.50e-09
 5.34229e+16	9.62e-01	3.84e-02	4.88e-09
 5.34471e+16	9.63e-01	3.69e-02	5.36e-09
 5.34715e+16	9.65e-01	3.54e-02	5.90e-09
 5.34948e+16	9.66e-01	3.40e-02	6.50e-09
 5.35174e+16	9.67e-01	3.27e-02	7.19e-09
 5.35399e+16	9.69e-01	3.14e-02	8.02e-09
 5.35622e+16	9.70e-01	3.02e-02	9.01e-09
 5.35832e+16	9.71e-01	2.90e-02	1.01e-08
 5.36027e+16	9.72e-01	2.80e-02	1.13e-08
 5.36207e+16	9.73e-01	2.71e-02	1.27e-08
 5.36372e+16	9.74e-01	2.63e-02	1.42e-08
 5.36526e+16	9.74e-01	2.56e-02	1.59e-08
 5.36673e+16	9.75e-01	2.48e-02	1.78e-08
 5.36809e+16	9.76e-01	2.42e-02	1.99e-08
 5.36936e+16	9.76e-01	2.36e-02	2.22e-08
 5.37059e+16	9.77e-01	2.30e-02	2.48e-08
 5.37176e+16	9.78e-01	2.25e-02	2.77e-08
 5.37288e+16	9.78e-01	2.19e-02	3.10e-08
 5.37394e+16	9.79e-01	2.14e-02	3.46e-08
 5.37496e+16	9.79e-01	2.10e-02	3.85e-08
 5.37594e+16	9.79e-01	2.05e-02	4.29e-08
 5.37690e+16	9.80e-01	2.01e-02	4.77e-08
 5.37785e+16	9.80e-01	1.96e-02	5.31e-08
 5.37879e+16	9.81e-01	1.92e-02	5.89e-08
 5.37973e+16	9.81e-01	1.87e-02	6.53e-08
 5.38068e+16	9.82e-01	1.83e-02	7.23e-08
 5.38166e+16	9.82e-01	1.78e-02	7.97e-08
 5.38268e+16	9.83e-01	1.73e-02	8.73e-08
 5.38369e+16	9.83e-01	1.68e-02	9.42e-08
 5.38459e+16	9.84e-01	1.63e-02	9.99e-08
 5.38539e+16	9.84e-01	1.59e-02	1.04e-07
 5.38613e+16	9.84e-01	1.56e-02	1.08e-07
 5.38686e+16	9.85e-01	1.52e-02	1.11e-07
 5.38757e+16	9.85e-01	1.49e-02	1.13e-07
 5.38824e+16	9.85e-01	1.45e-02	1.15e-07
 5.38886e+16	9.86e-01	1.42e-02	1.17e-07
 5.38942e+16	9.86e-01	1.40e-02	1.19e-07
 5.38993e+16	9.86e-01	1.37e-02	1.20e-07
 5.39039e+16	9.87e-01	1.35e-02	1.22e-07
 5.39081e+16	9.87e-01	1.33e-02	1.23e-07
 5.39128e+16	9.87e-01	1.31e-02	1.24e-07
 5.39177e+16	9.87e-01	1.28e-02	1.26e-07
 5.39223e+16	9.87e-01	1.26e-02	1.27e-07
 5.39264e+16	9.88e-01	1.24e-02	1.28e-07
 5.39302e+16	9.88e-01	1.23e-02	1.30e-07
 5.39343e+16	9.88e-01	1.21e-02	1.31e-07
 5.39388e+16	9.88e-01	1.19e-02	1.33e-07
 5.39428e+16	9.88e-01	1.17e-02	1.35e-07
 5.39465e+16	9.88e-01	1.16e-02	1.36e-07
 5.39499e+16	9.89e-01	1.14e-02	1.38e-07
 5.39535e+16	9.89e-01	1.13e-02	1.39e-07
 5.39575e+16	9.89e-01	1.11e-02	1.41e-07
 5.39611e+16	9.89e-01	1.10e-02	1.42e-07
 5.39651e+16	9.89e-01	1.08e-02	1.44e-07
 5.39702e+16	9.89e-01	1.07e-02	1.46e-07
 5.39758e+16	9.90e-01	1.05e-02	1.48e-07
 5.39809e+16	9.90e-01	1.03e-02	1.51e-07
 5.39855e+16	9.90e-01	1.01e-02	1.53e-07
 5.39896e+16	9.90e-01	1.00e-02	1.55e-07
 5.39942e+16	9.90e-01	9.81e-03	1.57e-07
