#depth	O	O+	O+2	O+3	O+4	O+5	O+6	O+7	O+8	O[1]	O[2]	O[3]
 2.78509e+11	9.31e-06	1.33e-02	9.64e-01	2.25e-02	6.97e-07	0.00e+00	0.00e+00	0.00e+00	0.00e+00	6.55e-06	1.85e-06	9.05e-07
 1.67105e+12	9.29e-06	1.33e-02	9.64e-01	2.25e-02	6.93e-07	0.00e+00	0.00e+00	0.00e+00	0.00e+00	6.54e-06	1.85e-06	9.03e-07
 7.24123e+12	9.33e-06	1.33e-02	9.65e-01	2.21e-02	6.76e-07	0.00e+00	0.00e+00	0.00e+00	0.00e+00	6.56e-06	1.86e-06	9.08e-07
 2.95219e+13	9.50e-06	1.34e-02	9.66e-01	2.08e-02	6.13e-07	0.00e+00	0.00e+00	0.00e+00	0.00e+00	6.68e-06	1.89e-06	9.27e-07
 7.05184e+13	9.63e-06	1.35e-02	9.67e-01	1.90e-02	5.27e-07	0.00e+00	0.00e+00	0.00e+00	0.00e+00	6.76e-06	1.92e-06	9.43e-07
 1.23814e+14	9.89e-06	1.37e-02	9.69e-01	1.69e-02	4.31e-07	0.00e+00	0.00e+00	0.00e+00	0.00e+00	6.94e-06	1.97e-06	9.69e-07
 1.93098e+14	1.03e-05	1.40e-02	9.72e-01	1.44e-02	3.32e-07	0.00e+00	0.00e+00	0.00e+00	0.00e+00	7.22e-06	2.05e-06	1.01e-06
 2.83167e+14	1.09e-05	1.44e-02	9.74e-01	1.16e-02	2.35e-07	0.00e+00	0.00e+00	0.00e+00	0.00e+00	7.66e-06	2.18e-06	1.07e-06
 4.00257e+14	1.18e-05	1.49e-02	9.76e-01	8.76e-03	1.49e-07	0.00e+00	0.00e+00	0.00e+00	0.00e+00	8.31e-06	2.35e-06	1.16e-06
 5.52475e+14	1.32e-05	1.56e-02	9.78e-01	6.05e-03	0.00e+00	0.00e+00	0.00e+00	0.00e+00	0.00e+00	9.30e-06	2.63e-06	1.29e-06
 7.50357e+14	1.54e-05	1.66e-02	9.80e-01	3.72e-03	0.00e+00	0.00e+00	0.00e+00	0.00e+00	0.00e+00	1.08e-05	3.04e-06	1.49e-06
 1.00760e+15	1.88e-05	1.81e-02	9.80e-01	1.97e-03	0.00e+00	0.00e+00	0.00e+00	0.00e+00	0.00e+00	1.33e-05	3.71e-06	1.82e-06
 1.34202e+15	2.46e-05	2.02e-02	9.79e-01	8.71e-04	0.00e+00	0.00e+00	0.00e+00	0.00e+00	0.00e+00	1.74e-05	4.83e-06	2.37e-06
 1.69610e+15	3.18e-05	2.26e-02	9.77e-01	3.74e-04	0.00e+00	0.00e+00	0.00e+00	0.00e+00	0.00e+00	2.25e-05	6.22e-06	3.05e-06
 2.01334e+15	4.05e-05	2.52e-02	9.75e-01	1.78e-04	0.00e+00	0.00e+00	0.00e+00	0.00e+00	0.00e+00	2.87e-05	7.88e-06	3.86e-06
 2.36338e+15	5.38e-05	2.86e-02	9.71e-01	7.84e-05	0.00e+00	0.00e+00	0.00e+00	0.00e+00	0.00e+00	3.83e-05	1.04e-05	5.11e-06
 2.74217e+15	7.18e-05	3.27e-02	9.67e-01	3.37e-05	0.00e+00	0.00e+00	0.00e+00	0.00e+00	0.00e+00	5.11e-05	1.39e-05	6.78e-06
 3.01249e+15	8.64e-05	3.57e-02	9.64e-01	1.94e-05	0.00e+00	0.00e+00	0.00e+00	0.00e+00	0.00e+00	6.16e-05	1.67e-05	8.14e-06
 3.17473e+15	9.75e-05	3.79e-02	9.62e-01	1.38e-05	0.00e+00	0.00e+00	0.00e+00	0.00e+00	0.00e+00	6.96e-05	1.88e-05	9.17e-06
 3.34236e+15	1.12e-04	4.04e-02	9.60e-01	9.66e-06	0.00e+00	0.00e+00	0.00e+00	0.00e+00	0.00e+00	7.96e-05	2.15e-05	1.05e-05
 3.56027e+15	1.33e-04	4.39e-02	9.56e-01	6.12e-06	0.00e+00	0.00e+00	0.00e+00	0.00e+00	0.00e+00	9.47e-05	2.55e-05	1.24e-05
 3.78997e+15	1.57e-04	4.77e-02	9.52e-01	3.92e-06	0.00e+00	0.00e+00	0.00e+00	0.00e+00	0.00e+00	1.12e-04	3.02e-05	1.47e-05
 3.98986e+15	1.82e-04	5.13e-02	9.48e-01	2.69e-06	0.00e+00	0.00e+00	0.00e+00	0.00e+00	0.00e+00	1.30e-04	3.49e-05	1.70e-05
 4.20461e+15	2.15e-04	5.57e-02	9.44e-01	1.79e-06	0.00e+00	0.00e+00	0.00e+00	0.00e+00	0.00e+00	1.54e-04	4.12e-05	2.01e-05
 4.43572e+15	2.55e-04	6.07e-02	9.39e-01	1.19e-06	0.00e+00	0.00e+00	0.00e+00	0.00e+00	0.00e+00	1.83e-04	4.87e-05	2.37e-05
 4.64263e+15	2.97e-04	6.56e-02	9.34e-01	8.42e-07	0.00e+00	0.00e+00	0.00e+00	0.00e+00	0.00e+00	2.13e-04	5.67e-05	2.76e-05
 4.86614e+15	3.52e-04	7.15e-02	9.28e-01	5.77e-07	0.00e+00	0.00e+00	0.00e+00	0.00e+00	0.00e+00	2.52e-04	6.71e-05	3.27e-05
 5.10537e+15	4.19e-04	7.83e-02	9.21e-01	3.99e-07	0.00e+00	0.00e+00	0.00e+00	0.00e+00	0.00e+00	3.00e-04	7.98e-05	3.88e-05
 5.31751e+15	4.88e-04	8.49e-02	9.15e-01	2.92e-07	0.00e+00	0.00e+00	0.00e+00	0.00e+00	0.00e+00	3.50e-04	9.31e-05	4.53e-05
 5.54575e+15	5.79e-04	9.28e-02	9.07e-01	2.09e-07	0.00e+00	0.00e+00	0.00e+00	0.00e+00	0.00e+00	4.15e-04	1.10e-04	5.37e-05
 5.78932e+15	6.91e-04	1.02e-01	8.97e-01	1.52e-07	0.00e+00	0.00e+00	0.00e+00	0.00e+00	0.00e+00	4.95e-04	1.32e-04	6.40e-05
 6.00178e+15	8.06e-04	1.11e-01	8.89e-01	0.00e+00	0.00e+00	0.00e+00	0.00e+00	0.00e+00	0.00e+00	5.78e-04	1.54e-04	7.47e-05
 6.19624e+15	9.30e-04	1.19e-01	8.80e-01	0.00e+00	0.00e+00	0.00e+00	0.00e+00	0.00e+00	0.00e+00	6.67e-04	1.77e-04	8.62e-05
 6.41834e+15	1.10e-03	1.31e-01	8.68e-01	0.00e+00	0.00e+00	0.00e+00	0.00e+00	0.00e+00	0.00e+00	7.87e-04	2.09e-04	1.02e-04
 6.65657e+15	1.31e-03	1.44e-01	8.55e-01	0.00e+00	0.00e+00	0.00e+00	0.00e+00	0.00e+00	0.00e+00	9.37e-04	2.49e-04	1.21e-04
 6.86515e+15	1.53e-03	1.56e-01	8.42e-01	0.00e+00	0.00e+00	0.00e+00	0.00e+00	0.00e+00	0.00e+00	1.09e-03	2.91e-04	1.42e-04
 7.05484e+15	1.76e-03	1.69e-01	8.29e-01	0.00e+00	0.00e+00	0.00e+00	0.00e+00	0.00e+00	0.00e+00	1.26e-03	3.36e-04	1.64e-04
 7.27058e+15	2.08e-03	1.85e-01	8.13e-01	0.00e+00	0.00e+00	0.00e+00	0.00e+00	0.00e+00	0.00e+00	1.49e-03	3.97e-04	1.94e-04
 7.50285e+15	2.48e-03	2.03e-01	7.94e-01	0.00e+00	0.00e+00	0.00e+00	0.00e+00	0.00e+00	0.00e+00	1.78e-03	4.75e-04	2.32e-04
 7.70661e+15	2.91e-03	2.21e-01	7.76e-01	0.00e+00	0.00e+00	0.00e+00	0.00e+00	0.00e+00	0.00e+00	2.08e-03	5.57e-04	2.72e-04
 7.89080e+15	3.37e-03	2.39e-01	7.57e-01	0.00e+00	0.00e+00	0.00e+00	0.00e+00	0.00e+00	0.00e+00	2.41e-03	6.46e-04	3.15e-04
 8.09951e+15	3.97e-03	2.62e-01	7.34e-01	0.00e+00	0.00e+00	0.00e+00	0.00e+00	0.00e+00	0.00e+00	2.84e-03	7.63e-04	3.73e-04
 8.32698e+15	4.79e-03	2.89e-01	7.07e-01	0.00e+00	0.00e+00	0.00e+00	0.00e+00	0.00e+00	0.00e+00	3.42e-03	9.22e-04	4.51e-04
 8.52845e+15	5.67e-03	3.15e-01	6.79e-01	0.00e+00	0.00e+00	0.00e+00	0.00e+00	0.00e+00	0.00e+00	4.04e-03	1.09e-03	5.35e-04
 8.70867e+15	6.61e-03	3.41e-01	6.53e-01	0.00e+00	0.00e+00	0.00e+00	0.00e+00	0.00e+00	0.00e+00	4.71e-03	1.28e-03	6.25e-04
 8.91163e+15	7.86e-03	3.72e-01	6.20e-01	0.00e+00	0.00e+00	0.00e+00	0.00e+00	0.00e+00	0.00e+00	5.59e-03	1.52e-03	7.45e-04
 9.13748e+15	9.59e-03	4.09e-01	5.81e-01	0.00e+00	0.00e+00	0.00e+00	0.00e+00	0.00e+00	0.00e+00	6.82e-03	1.86e-03	9.12e-04
 9.34479e+15	1.16e-02	4.47e-01	5.41e-01	0.00e+00	0.00e+00	0.00e+00	0.00e+00	0.00e+00	0.00e+00	8.23e-03	2.25e-03	1.10e-03
 9.53291e+15	1.38e-02	4.84e-01	5.02e-01	0.00e+00	0.00e+00	0.00e+00	0.00e+00	0.00e+00	0.00e+00	9.79e-03	2.69e-03	1.32e-03
 9.74438e+15	1.68e-02	5.27e-01	4.56e-01	0.00e+00	0.00e+00	0.00e+00	0.00e+00	0.00e+00	0.00e+00	1.19e-02	3.28e-03	1.61e-03
 9.97334e+15	2.10e-02	5.76e-01	4.03e-01	0.00e+00	0.00e+00	0.00e+00	0.00e+00	0.00e+00	0.00e+00	1.49e-02	4.11e-03	2.02e-03
 1.01708e+16	2.56e-02	6.19e-01	3.56e-01	0.00e+00	0.00e+00	0.00e+00	0.00e+00	0.00e+00	0.00e+00	1.81e-02	5.03e-03	2.48e-03
 1.03383e+16	3.05e-02	6.55e-01	3.14e-01	0.00e+00	0.00e+00	0.00e+00	0.00e+00	0.00e+00	0.00e+00	2.15e-02	5.99e-03	2.95e-03
 1.05211e+16	3.67e-02	6.93e-01	2.70e-01	0.00e+00	0.00e+00	0.00e+00	0.00e+00	0.00e+00	0.00e+00	2.59e-02	7.23e-03	3.57e-03
 1.07260e+16	4.56e-02	7.32e-01	2.22e-01	0.00e+00	0.00e+00	0.00e+00	0.00e+00	0.00e+00	0.00e+00	3.21e-02	9.00e-03	4.45e-03
 1.09113e+16	5.61e-02	7.63e-01	1.81e-01	0.00e+00	0.00e+00	0.00e+00	0.00e+00	0.00e+00	0.00e+00	3.95e-02	1.11e-02	5.49e-03
 1.10674e+16	6.73e-02	7.85e-01	1.48e-01	0.00e+00	0.00e+00	0.00e+00	0.00e+00	0.00e+00	0.00e+00	4.73e-02	1.33e-02	6.60e-03
 1.12118e+16	7.97e-02	8.00e-01	1.20e-01	0.00e+00	0.00e+00	0.00e+00	0.00e+00	0.00e+00	0.00e+00	5.61e-02	1.58e-02	7.82e-03
 1.13478e+16	9.42e-02	8.09e-01	9.66e-02	0.00e+00	0.00e+00	0.00e+00	0.00e+00	0.00e+00	0.00e+00	6.63e-02	1.86e-02	9.23e-03
 1.14671e+16	1.10e-01	8.12e-01	7.81e-02	0.00e+00	0.00e+00	0.00e+00	0.00e+00	0.00e+00	0.00e+00	7.72e-02	2.16e-02	1.07e-02
 1.15717e+16	1.26e-01	8.11e-01	6.38e-02	0.00e+00	0.00e+00	0.00e+00	0.00e+00	0.00e+00	0.00e+00	8.86e-02	2.47e-02	1.23e-02
 1.16678e+16	1.43e-01	8.05e-01	5.21e-02	0.00e+00	0.00e+00	0.00e+00	0.00e+00	0.00e+00	0.00e+00	1.01e-01	2.81e-02	1.39e-02
 1.17586e+16	1.62e-01	7.96e-01	4.24e-02	0.00e+00	0.00e+00	0.00e+00	0.00e+00	0.00e+00	0.00e+00	1.14e-01	3.16e-02	1.58e-02
 1.18440e+16	1.82e-01	7.83e-01	3.43e-02	0.00e+00	0.00e+00	0.00e+00	0.00e+00	0.00e+00	0.00e+00	1.29e-01	3.55e-02	1.77e-02
 1.19229e+16	2.04e-01	7.68e-01	2.79e-02	0.00e+00	0.00e+00	0.00e+00	0.00e+00	0.00e+00	0.00e+00	1.45e-01	3.96e-02	1.98e-02
 1.19956e+16	2.28e-01	7.50e-01	2.27e-02	0.00e+00	0.00e+00	0.00e+00	0.00e+00	0.00e+00	0.00e+00	1.62e-01	4.38e-02	2.20e-02
 1.20631e+16	2.51e-01	7.30e-01	1.85e-02	0.00e+00	0.00e+00	0.00e+00	0.00e+00	0.00e+00	0.00e+00	1.79e-01	4.80e-02	2.42e-02
 1.21272e+16	2.77e-01	7.08e-01	1.51e-02	0.00e+00	0.00e+00	0.00e+00	0.00e+00	0.00e+00	0.00e+00	1.98e-01	5.24e-02	2.65e-02
 1.21885e+16	3.02e-01	6.85e-01	1.23e-02	0.00e+00	0.00e+00	0.00e+00	0.00e+00	0.00e+00	0.00e+00	2.17e-01	5.68e-02	2.89e-02
 1.22474e+16	3.30e-01	6.60e-01	1.00e-02	0.00e+00	0.00e+00	0.00e+00	0.00e+00	0.00e+00	0.00e+00	2.37e-01	6.12e-02	3.14e-02
 1.23040e+16	3.58e-01	6.34e-01	8.11e-03	0.00e+00	0.00e+00	0.00e+00	0.00e+00	0.00e+00	0.00e+00	2.59e-01	6.57e-02	3.39e-02
 1.23577e+16	3.87e-01	6.06e-01	6.59e-03	0.00e+00	0.00e+00	0.00e+00	0.00e+00	0.00e+00	0.00e+00	2.80e-01	7.00e-02	3.64e-02
 1.24089e+16	4.16e-01	5.79e-01	5.36e-03	0.00e+00	0.00e+00	0.00e+00	0.00e+00	0.00e+00	0.00e+00	3.03e-01	7.42e-02	3.89e-02
 1.24585e+16	4.44e-01	5.51e-01	4.35e-03	0.00e+00	0.00e+00	0.00e+00	0.00e+00	0.00e+00	0.00e+00	3.25e-01	7.81e-02	4.13e-02
 1.25069e+16	4.74e-01	5.23e-01	3.52e-03	0.00e+00	0.00e+00	0.00e+00	0.00e+00	0.00e+00	0.00e+00	3.48e-01	8.19e-02	4.36e-02
 1.25526e+16	5.02e-01	4.95e-01	2.86e-03	0.00e+00	0.00e+00	0.00e+00	0.00e+00	0.00e+00	0.00e+00	3.71e-01	8.53e-02	4.59e-02
 1.25949e+16	5.28e-01	4.69e-01	2.36e-03	0.00e+00	0.00e+00	0.00e+00	0.00e+00	0.00e+00	0.00e+00	3.92e-01	8.81e-02	4.79e-02
 1.26336e+16	5.52e-01	4.46e-01	1.96e-03	0.00e+00	0.00e+00	0.00e+00	0.00e+00	0.00e+00	0.00e+00	4.12e-01	9.05e-02	4.96e-02
 1.26688e+16	5.74e-01	4.24e-01	1.66e-03	0.00e+00	0.00e+00	0.00e+00	0.00e+00	0.00e+00	0.00e+00	4.30e-01	9.25e-02	5.11e-02
 1.27021e+16	5.94e-01	4.04e-01	1.41e-03	0.00e+00	0.00e+00	0.00e+00	0.00e+00	0.00e+00	0.00e+00	4.47e-01	9.42e-02	5.25e-02
 1.27288e+16	6.10e-01	3.89e-01	1.23e-03	0.00e+00	0.00e+00	0.00e+00	0.00e+00	0.00e+00	0.00e+00	4.61e-01	9.54e-02	5.35e-02
 1.27473e+16	6.20e-01	3.78e-01	1.13e-03	0.00e+00	0.00e+00	0.00e+00	0.00e+00	0.00e+00	0.00e+00	4.70e-01	9.61e-02	5.41e-02
 1.27649e+16	6.31e-01	3.68e-01	1.03e-03	0.00e+00	0.00e+00	0.00e+00	0.00e+00	0.00e+00	0.00e+00	4.79e-01	9.68e-02	5.48e-02
 1.27854e+16	6.42e-01	3.57e-01	9.28e-04	0.00e+00	0.00e+00	0.00e+00	0.00e+00	0.00e+00	0.00e+00	4.89e-01	9.74e-02	5.54e-02
 1.28078e+16	6.55e-01	3.44e-01	8.26e-04	0.00e+00	0.00e+00	0.00e+00	0.00e+00	0.00e+00	0.00e+00	5.01e-01	9.81e-02	5.61e-02
 1.28298e+16	6.68e-01	3.32e-01	7.36e-04	0.00e+00	0.00e+00	0.00e+00	0.00e+00	0.00e+00	0.00e+00	5.12e-01	9.87e-02	5.68e-02
 1.28500e+16	6.79e-01	3.21e-01	6.61e-04	0.00e+00	0.00e+00	0.00e+00	0.00e+00	0.00e+00	0.00e+00	5.22e-01	9.91e-02	5.73e-02
 1.28696e+16	6.89e-01	3.10e-01	5.96e-04	0.00e+00	0.00e+00	0.00e+00	0.00e+00	0.00e+00	0.00e+00	5.32e-01	9.94e-02	5.78e-02
 1.28902e+16	7.01e-01	2.99e-01	5.32e-04	0.00e+00	0.00e+00	0.00e+00	0.00e+00	0.00e+00	0.00e+00	5.42e-01	9.97e-02	5.83e-02
 1.29111e+16	7.11e-01	2.88e-01	4.75e-04	0.00e+00	0.00e+00	0.00e+00	0.00e+00	0.00e+00	0.00e+00	5.52e-01	9.99e-02	5.88e-02
 1.29317e+16	7.22e-01	2.78e-01	4.24e-04	0.00e+00	0.00e+00	0.00e+00	0.00e+00	0.00e+00	0.00e+00	5.63e-01	1.00e-01	5.92e-02
 1.29520e+16	7.32e-01	2.68e-01	3.79e-04	0.00e+00	0.00e+00	0.00e+00	0.00e+00	0.00e+00	0.00e+00	5.72e-01	1.00e-01	5.95e-02
 1.29723e+16	7.42e-01	2.58e-01	3.38e-04	0.00e+00	0.00e+00	0.00e+00	0.00e+00	0.00e+00	0.00e+00	5.82e-01	1.00e-01	5.98e-02
 1.29930e+16	7.52e-01	2.48e-01	3.01e-04	0.00e+00	0.00e+00	0.00e+00	0.00e+00	0.00e+00	0.00e+00	5.92e-01	9.99e-02	6.01e-02
 1.30133e+16	7.61e-01	2.38e-01	2.68e-04	0.00e+00	0.00e+00	0.00e+00	0.00e+00	0.00e+00	0.00e+00	6.01e-01	9.97e-02	6.03e-02
 1.30334e+16	7.70e-01	2.29e-01	2.39e-04	0.00e+00	0.00e+00	0.00e+00	0.00e+00	0.00e+00	0.00e+00	6.10e-01	9.95e-02	6.05e-02
 1.30539e+16	7.80e-01	2.20e-01	2.12e-04	0.00e+00	0.00e+00	0.00e+00	0.00e+00	0.00e+00	0.00e+00	6.20e-01	9.92e-02	6.07e-02
 1.30744e+16	7.88e-01	2.12e-01	1.88e-04	0.00e+00	0.00e+00	0.00e+00	0.00e+00	0.00e+00	0.00e+00	6.28e-01	9.89e-02	6.08e-02
 1.30949e+16	7.97e-01	2.03e-01	1.67e-04	0.00e+00	0.00e+00	0.00e+00	0.00e+00	0.00e+00	0.00e+00	6.37e-01	9.84e-02	6.08e-02
 1.31154e+16	8.05e-01	1.95e-01	1.47e-04	0.00e+00	0.00e+00	0.00e+00	0.00e+00	0.00e+00	0.00e+00	6.46e-01	9.79e-02	6.09e-02
 1.31357e+16	8.13e-01	1.87e-01	1.31e-04	0.00e+00	0.00e+00	0.00e+00	0.00e+00	0.00e+00	0.00e+00	6.55e-01	9.74e-02	6.08e-02
 1.31559e+16	8.20e-01	1.79e-01	1.16e-04	0.00e+00	0.00e+00	0.00e+00	0.00e+00	0.00e+00	0.00e+00	6.63e-01	9.69e-02	6.08e-02
 1.31765e+16	8.28e-01	1.72e-01	1.02e-04	0.00e+00	0.00e+00	0.00e+00	0.00e+00	0.00e+00	0.00e+00	6.71e-01	9.63e-02	6.07e-02
 1.31970e+16	8.35e-01	1.65e-01	9.01e-05	0.00e+00	0.00e+00	0.00e+00	0.00e+00	0.00e+00	0.00e+00	6.79e-01	9.57e-02	6.06e-02
 1.32174e+16	8.42e-01	1.58e-01	7.95e-05	0.00e+00	0.00e+00	0.00e+00	0.00e+00	0.00e+00	0.00e+00	6.87e-01	9.50e-02	6.05e-02
 1.32380e+16	8.49e-01	1.51e-01	7.00e-05	0.00e+00	0.00e+00	0.00e+00	0.00e+00	0.00e+00	0.00e+00	6.94e-01	9.43e-02	6.03e-02
 1.32584e+16	8.55e-01	1.45e-01	6.17e-05	0.00e+00	0.00e+00	0.00e+00	0.00e+00	0.00e+00	0.00e+00	7.02e-01	9.35e-02	6.01e-02
 1.32787e+16	8.62e-01	1.38e-01	5.44e-05	0.00e+00	0.00e+00	0.00e+00	0.00e+00	0.00e+00	0.00e+00	7.09e-01	9.28e-02	5.99e-02
 1.32992e+16	8.68e-01	1.32e-01	4.78e-05	0.00e+00	0.00e+00	0.00e+00	0.00e+00	0.00e+00	0.00e+00	7.16e-01	9.20e-02	5.97e-02
 1.33197e+16	8.73e-01	1.27e-01	4.20e-05	0.00e+00	0.00e+00	0.00e+00	0.00e+00	0.00e+00	0.00e+00	7.23e-01	9.12e-02	5.94e-02
 1.33399e+16	8.79e-01	1.21e-01	3.70e-05	0.00e+00	0.00e+00	0.00e+00	0.00e+00	0.00e+00	0.00e+00	7.29e-01	9.05e-02	5.91e-02
 1.33597e+16	8.84e-01	1.16e-01	3.26e-05	0.00e+00	0.00e+00	0.00e+00	0.00e+00	0.00e+00	0.00e+00	7.35e-01	8.97e-02	5.89e-02
 1.33793e+16	8.89e-01	1.11e-01	2.88e-05	0.00e+00	0.00e+00	0.00e+00	0.00e+00	0.00e+00	0.00e+00	7.42e-01	8.89e-02	5.85e-02
 1.33990e+16	8.94e-01	1.06e-01	2.54e-05	0.00e+00	0.00e+00	0.00e+00	0.00e+00	0.00e+00	0.00e+00	7.47e-01	8.81e-02	5.83e-02
 1.34185e+16	8.98e-01	1.02e-01	2.24e-05	0.00e+00	0.00e+00	0.00e+00	0.00e+00	0.00e+00	0.00e+00	7.53e-01	8.73e-02	5.79e-02
 1.34376e+16	9.03e-01	9.75e-02	1.98e-05	0.00e+00	0.00e+00	0.00e+00	0.00e+00	0.00e+00	0.00e+00	7.58e-01	8.66e-02	5.76e-02
 1.34566e+16	9.07e-01	9.34e-02	1.75e-05	0.00e+00	0.00e+00	0.00e+00	0.00e+00	0.00e+00	0.00e+00	7.63e-01	8.58e-02	5.73e-02
 1.34757e+16	9.11e-01	8.95e-02	1.55e-05	0.00e+00	0.00e+00	0.00e+00	0.00e+00	0.00e+00	0.00e+00	7.69e-01	8.51e-02	5.69e-02
 1.34946e+16	9.14e-01	8.57e-02	1.37e-05	0.00e+00	0.00e+00	0.00e+00	0.00e+00	0.00e+00	0.00e+00	7.73e-01	8.43e-02	5.66e-02
 1.35132e+16	9.18e-01	8.22e-02	1.21e-05	0.00e+00	0.00e+00	0.00e+00	0.00e+00	0.00e+00	0.00e+00	7.78e-01	8.36e-02	5.63e-02
 1.35316e+16	9.21e-01	7.88e-02	1.07e-05	0.00e+00	0.00e+00	0.00e+00	0.00e+00	0.00e+00	0.00e+00	7.82e-01	8.29e-02	5.59e-02
 1.35500e+16	9.24e-01	7.55e-02	9.50e-06	0.00e+00	0.00e+00	0.00e+00	0.00e+00	0.00e+00	0.00e+00	7.87e-01	8.22e-02	5.56e-02
 1.35683e+16	9.28e-01	7.24e-02	8.42e-06	0.00e+00	0.00e+00	0.00e+00	0.00e+00	0.00e+00	0.00e+00	7.91e-01	8.15e-02	5.53e-02
 1.35863e+16	9.31e-01	6.94e-02	7.47e-06	0.00e+00	0.00e+00	0.00e+00	0.00e+00	0.00e+00	0.00e+00	7.95e-01	8.08e-02	5.49e-02
 1.36042e+16	9.33e-01	6.66e-02	6.64e-06	0.00e+00	0.00e+00	0.00e+00	0.00e+00	0.00e+00	0.00e+00	7.99e-01	8.01e-02	5.45e-02
 1.36222e+16	9.36e-01	6.39e-02	5.89e-06	0.00e+00	0.00e+00	0.00e+00	0.00e+00	0.00e+00	0.00e+00	8.03e-01	7.94e-02	5.42e-02
 1.36400e+16	9.39e-01	6.13e-02	5.23e-06	0.00e+00	0.00e+00	0.00e+00	0.00e+00	0.00e+00	0.00e+00	8.06e-01	7.88e-02	5.38e-02
 1.36576e+16	9.41e-01	5.88e-02	4.65e-06	0.00e+00	0.00e+00	0.00e+00	0.00e+00	0.00e+00	0.00e+00	8.10e-01	7.82e-02	5.34e-02
 1.36750e+16	9.44e-01	5.65e-02	4.14e-06	0.00e+00	0.00e+00	0.00e+00	0.00e+00	0.00e+00	0.00e+00	8.13e-01	7.75e-02	5.31e-02
 1.36924e+16	9.46e-01	5.42e-02	3.69e-06	0.00e+00	0.00e+00	0.00e+00	0.00e+00	0.00e+00	0.00e+00	8.16e-01	7.69e-02	5.27e-02
 1.37095e+16	9.48e-01	5.20e-02	3.29e-06	0.00e+00	0.00e+00	0.00e+00	0.00e+00	0.00e+00	0.00e+00	8.19e-01	7.63e-02	5.23e-02
 1.37267e+16	9.50e-01	4.99e-02	2.93e-06	0.00e+00	0.00e+00	0.00e+00	0.00e+00	0.00e+00	0.00e+00	8.22e-01	7.58e-02	5.20e-02
 1.37439e+16	9.52e-01	4.79e-02	2.61e-06	0.00e+00	0.00e+00	0.00e+00	0.00e+00	0.00e+00	0.00e+00	8.25e-01	7.52e-02	5.17e-02
 1.37609e+16	9.54e-01	4.60e-02	2.33e-06	0.00e+00	0.00e+00	0.00e+00	0.00e+00	0.00e+00	0.00e+00	8.28e-01	7.47e-02	5.13e-02
 1.37776e+16	9.56e-01	4.42e-02	2.08e-06	0.00e+00	0.00e+00	0.00e+00	0.00e+00	0.00e+00	0.00e+00	8.31e-01	7.41e-02	5.10e-02
 1.37943e+16	9.58e-01	4.24e-02	1.86e-06	0.00e+00	0.00e+00	0.00e+00	0.00e+00	0.00e+00	0.00e+00	8.33e-01	7.36e-02	5.07e-02
 1.38109e+16	9.59e-01	4.07e-02	1.66e-06	0.00e+00	0.00e+00	0.00e+00	0.00e+00	0.00e+00	0.00e+00	8.36e-01	7.31e-02	5.03e-02
 1.38275e+16	9.61e-01	3.91e-02	1.49e-06	0.00e+00	0.00e+00	0.00e+00	0.00e+00	0.00e+00	0.00e+00	8.38e-01	7.26e-02	5.00e-02
 1.38440e+16	9.62e-01	3.75e-02	1.33e-06	0.00e+00	0.00e+00	0.00e+00	0.00e+00	0.00e+00	0.00e+00	8.41e-01	7.21e-02	4.97e-02
 1.38604e+16	9.64e-01	3.60e-02	1.19e-06	0.00e+00	0.00e+00	0.00e+00	0.00e+00	0.00e+00	0.00e+00	8.43e-01	7.17e-02	4.94e-02
 1.38765e+16	9.65e-01	3.46e-02	1.07e-06	0.00e+00	0.00e+00	0.00e+00	0.00e+00	0.00e+00	0.00e+00	8.45e-01	7.12e-02	4.91e-02
 1.38926e+16	9.67e-01	3.33e-02	9.58e-07	0.00e+00	0.00e+00	0.00e+00	0.00e+00	0.00e+00	0.00e+00	8.47e-01	7.08e-02	4.89e-02
 1.39085e+16	9.68e-01	3.19e-02	8.60e-07	0.00e+00	0.00e+00	0.00e+00	0.00e+00	0.00e+00	0.00e+00	8.49e-01	7.03e-02	4.86e-02
 1.39246e+16	9.69e-01	3.07e-02	7.72e-07	0.00e+00	0.00e+00	0.00e+00	0.00e+00	0.00e+00	0.00e+00	8.51e-01	6.99e-02	4.83e-02
 1.39406e+16	9.71e-01	2.94e-02	6.92e-07	0.00e+00	0.00e+00	0.00e+00	0.00e+00	0.00e+00	0.00e+00	8.53e-01	6.95e-02	4.80e-02
 1.39562e+16	9.72e-01	2.83e-02	6.23e-07	0.00e+00	0.00e+00	0.00e+00	0.00e+00	0.00e+00	0.00e+00	8.55e-01	6.91e-02	4.77e-02
 1.39718e+16	9.73e-01	2.71e-02	5.61e-07	0.00e+00	0.00e+00	0.00e+00	0.00e+00	0.00e+00	0.00e+00	8.57e-01	6.87e-02	4.75e-02
 1.39873e+16	9.74e-01	2.61e-02	5.06e-07	0.00e+00	0.00e+00	0.00e+00	0.00e+00	0.00e+00	0.00e+00	8.58e-01	6.83e-02	4.72e-02
 1.40026e+16	9.75e-01	2.50e-02	4.56e-07	0.00e+00	0.00e+00	0.00e+00	0.00e+00	0.00e+00	0.00e+00	8.60e-01	6.79e-02	4.70e-02
 1.40178e+16	9.76e-01	2.40e-02	4.12e-07	0.00e+00	0.00e+00	0.00e+00	0.00e+00	0.00e+00	0.00e+00	8.62e-01	6.76e-02	4.67e-02
 1.40329e+16	9.77e-01	2.31e-02	3.72e-07	0.00e+00	0.00e+00	0.00e+00	0.00e+00	0.00e+00	0.00e+00	8.63e-01	6.72e-02	4.65e-02
 1.40472e+16	9.78e-01	2.22e-02	3.38e-07	0.00e+00	0.00e+00	0.00e+00	0.00e+00	0.00e+00	0.00e+00	8.65e-01	6.69e-02	4.62e-02
 1.40601e+16	9.79e-01	2.14e-02	3.11e-07	0.00e+00	0.00e+00	0.00e+00	0.00e+00	0.00e+00	0.00e+00	8.66e-01	6.66e-02	4.60e-02
 1.40716e+16	9.79e-01	2.08e-02	2.88e-07	0.00e+00	0.00e+00	0.00e+00	0.00e+00	0.00e+00	0.00e+00	8.67e-01	6.63e-02	4.58e-02
 1.40822e+16	9.80e-01	2.02e-02	2.69e-07	0.00e+00	0.00e+00	0.00e+00	0.00e+00	0.00e+00	0.00e+00	8.68e-01	6.61e-02	4.57e-02
 1.40921e+16	9.80e-01	1.97e-02	2.52e-07	0.00e+00	0.00e+00	0.00e+00	0.00e+00	0.00e+00	0.00e+00	8.69e-01	6.59e-02	4.55e-02
 1.41011e+16	9.81e-01	1.92e-02	2.38e-07	0.00e+00	0.00e+00	0.00e+00	0.00e+00	0.00e+00	0.00e+00	8.70e-01	6.57e-02	4.53e-02
 1.41095e+16	9.81e-01	1.87e-02	2.25e-07	0.00e+00	0.00e+00	0.00e+00	0.00e+00	0.00e+00	0.00e+00	8.71e-01	6.54e-02	4.52e-02
 1.41174e+16	9.82e-01	1.83e-02	2.14e-07	0.00e+00	0.00e+00	0.00e+00	0.00e+00	0.00e+00	0.00e+00	8.71e-01	6.52e-02	4.50e-02
 1.41247e+16	9.82e-01	1.79e-02	2.04e-07	0.00e+00	0.00e+00	0.00e+00	0.00e+00	0.00e+00	0.00e+00	8.72e-01	6.51e-02	4.49e-02
 1.41315e+16	9.82e-01	1.76e-02	1.96e-07	0.00e+00	0.00e+00	0.00e+00	0.00e+00	0.00e+00	0.00e+00	8.73e-01	6.49e-02	4.48e-02
 1.41379e+16	9.83e-01	1.72e-02	1.88e-07	0.00e+00	0.00e+00	0.00e+00	0.00e+00	0.00e+00	0.00e+00	8.73e-01	6.47e-02	4.47e-02
 1.41439e+16	9.83e-01	1.69e-02	1.80e-07	0.00e+00	0.00e+00	0.00e+00	0.00e+00	0.00e+00	0.00e+00	8.74e-01	6.46e-02	4.45e-02
 1.41496e+16	9.83e-01	1.66e-02	1.74e-07	0.00e+00	0.00e+00	0.00e+00	0.00e+00	0.00e+00	0.00e+00	8.75e-01	6.44e-02	4.44e-02
 1.41549e+16	9.84e-01	1.63e-02	1.68e-07	0.00e+00	0.00e+00	0.00e+00	0.00e+00	0.00e+00	0.00e+00	8.75e-01	6.43e-02	4.43e-02
 1.41599e+16	9.84e-01	1.61e-02	1.63e-07	0.00e+00	0.00e+00	0.00e+00	0.00e+00	0.00e+00	0.00e+00	8.76e-01	6.41e-02	4.42e-02
 1.41647e+16	9.84e-01	1.58e-02	1.58e-07	0.00e+00	0.00e+00	0.00e+00	0.00e+00	0.00e+00	0.00e+00	8.76e-01	6.40e-02	4.41e-02
 1.41692e+16	9.84e-01	1.56e-02	1.53e-07	0.00e+00	0.00e+00	0.00e+00	0.00e+00	0.00e+00	0.00e+00	8.77e-01	6.38e-02	4.40e-02
 1.41735e+16	9.85e-01	1.54e-02	1.49e-07	0.00e+00	0.00e+00	0.00e+00	0.00e+00	0.00e+00	0.00e+00	8.77e-01	6.37e-02	4.39e-02
 1.41776e+16	9.85e-01	1.51e-02	1.45e-07	0.00e+00	0.00e+00	0.00e+00	0.00e+00	0.00e+00	0.00e+00	8.77e-01	6.36e-02	4.38e-02
 1.41815e+16	9.85e-01	1.49e-02	1.41e-07	0.00e+00	0.00e+00	0.00e+00	0.00e+00	0.00e+00	0.00e+00	8.78e-01	6.34e-02	4.37e-02
 1.41853e+16	9.85e-01	1.47e-02	1.38e-07	0.00e+00	0.00e+00	0.00e+00	0.00e+00	0.00e+00	0.00e+00	8.78e-01	6.33e-02	4.36e-02
 1.41890e+16	9.85e-01	1.45e-02	1.34e-07	0.00e+00	0.00e+00	0.00e+00	0.00e+00	0.00e+00	0.00e+00	8.79e-01	6.32e-02	4.35e-02
 1.41926e+16	9.86e-01	1.43e-02	1.31e-07	0.00e+00	0.00e+00	0.00e+00	0.00e+00	0.00e+00	0.00e+00	8.79e-01	6.31e-02	4.34e-02
 1.41960e+16	9.86e-01	1.41e-02	1.28e-07	0.00e+00	0.00e+00	0.00e+00	0.00e+00	0.00e+00	0.00e+00	8.80e-01	6.29e-02	4.33e-02
 1.41994e+16	9.86e-01	1.39e-02	1.25e-07	0.00e+00	0.00e+00	0.00e+00	0.00e+00	0.00e+00	0.00e+00	8.80e-01	6.28e-02	4.32e-02
 1.42028e+16	9.86e-01	1.37e-02	1.22e-07	0.00e+00	0.00e+00	0.00e+00	0.00e+00	0.00e+00	0.00e+00	8.81e-01	6.27e-02	4.31e-02
 1.42061e+16	9.86e-01	1.35e-02	1.20e-07	0.00e+00	0.00e+00	0.00e+00	0.00e+00	0.00e+00	0.00e+00	8.81e-01	6.25e-02	4.30e-02
 1.42095e+16	9.87e-01	1.33e-02	1.17e-07	0.00e+00	0.00e+00	0.00e+00	0.00e+00	0.00e+00	0.00e+00	8.81e-01	6.24e-02	4.29e-02
 1.42129e+16	9.87e-01	1.31e-02	1.14e-07	0.00e+00	0.00e+00	0.00e+00	0.00e+00	0.00e+00	0.00e+00	8.82e-01	6.22e-02	4.27e-02
 1.42164e+16	9.87e-01	1.29e-02	1.11e-07	0.00e+00	0.00e+00	0.00e+00	0.00e+00	0.00e+00	0.00e+00	8.82e-01	6.21e-02	4.26e-02
 1.42201e+16	9.87e-01	1.27e-02	1.08e-07	0.00e+00	0.00e+00	0.00e+00	0.00e+00	0.00e+00	0.00e+00	8.83e-01	6.19e-02	4.25e-02
 1.42241e+16	9.88e-01	1.24e-02	1.05e-07	0.00e+00	0.00e+00	0.00e+00	0.00e+00	0.00e+00	0.00e+00	8.84e-01	6.17e-02	4.23e-02
 1.42283e+16	9.88e-01	1.21e-02	1.02e-07	0.00e+00	0.00e+00	0.00e+00	0.00e+00	0.00e+00	0.00e+00	8.84e-01	6.15e-02	4.21e-02
 1.42324e+16	9.88e-01	1.18e-02	9.87e-08	0.00e+00	0.00e+00	0.00e+00	0.00e+00	0.00e+00	0.00e+00	8.85e-01	6.12e-02	4.19e-02
 1.42361e+16	9.88e-01	1.16e-02	9.59e-08	0.00e+00	0.00e+00	0.00e+00	0.00e+00	0.00e+00	0.00e+00	8.86e-01	6.10e-02	4.17e-02
 1.42395e+16	9.89e-01	1.13e-02	9.34e-08	0.00e+00	0.00e+00	0.00e+00	0.00e+00	0.00e+00	0.00e+00	8.86e-01	6.08e-02	4.16e-02
 1.42426e+16	9.89e-01	1.11e-02	9.11e-08	0.00e+00	0.00e+00	0.00e+00	0.00e+00	0.00e+00	0.00e+00	8.87e-01	6.06e-02	4.14e-02
 1.42453e+16	9.89e-01	1.09e-02	8.90e-08	0.00e+00	0.00e+00	0.00e+00	0.00e+00	0.00e+00	0.00e+00	8.87e-01	6.04e-02	4.12e-02
 1.42479e+16	9.89e-01	1.07e-02	8.71e-08	0.00e+00	0.00e+00	0.00e+00	0.00e+00	0.00e+00	0.00e+00	8.88e-01	6.02e-02	4.11e-02
 1.42502e+16	9.89e-01	1.06e-02	8.54e-08	0.00e+00	0.00e+00	0.00e+00	0.00e+00	0.00e+00	0.00e+00	8.88e-01	6.01e-02	4.09e-02
 1.42523e+16	9.90e-01	1.04e-02	8.39e-08	0.00e+00	0.00e+00	0.00e+00	0.00e+00	0.00e+00	0.00e+00	8.89e-01	5.99e-02	4.08e-02
 1.42542e+16	9.90e-01	1.03e-02	8.25e-08	0.00e+00	0.00e+00	0.00e+00	0.00e+00	0.00e+00	0.00e+00	8.89e-01	5.97e-02	4.07e-02
 1.42563e+16	9.90e-01	1.01e-02	8.09e-08	0.00e+00	0.00e+00	0.00e+00	0.00e+00	0.00e+00	0.00e+00	8.90e-01	5.96e-02	4.06e-02
 1.42585e+16	9.90e-01	9.98e-03	7.93e-08	0.00e+00	0.00e+00	0.00e+00	0.00e+00	0.00e+00	0.00e+00	8.90e-01	5.94e-02	4.04e-02
 1.42606e+16	9.90e-01	9.84e-03	7.78e-08	0.00e+00	0.00e+00	0.00e+00	0.00e+00	0.00e+00	0.00e+00	8.91e-01	5.92e-02	4.03e-02
 1.42624e+16	9.90e-01	9.71e-03	7.65e-08	0.00e+00	0.00e+00	0.00e+00	0.00e+00	0.00e+00	0.00e+00	8.91e-01	5.90e-02	4.02e-02
 1.42645e+16	9.90e-01	9.57e-03	7.50e-08	0.00e+00	0.00e+00	0.00e+00	0.00e+00	0.00e+00	0.00e+00	8.92e-01	5.88e-02	4.00e-02
 1.42667e+16	9.91e-01	9.42e-03	7.34e-08	0.00e+00	0.00e+00	0.00e+00	0.00e+00	0.00e+00	0.00e+00	8.92e-01	5.86e-02	3.99e-02
 1.42687e+16	9.91e-01	9.29e-03	7.20e-08	0.00e+00	0.00e+00	0.00e+00	0.00e+00	0.00e+00	0.00e+00	8.93e-01	5.84e-02	3.97e-02
 1.42705e+16	9.91e-01	9.17e-03	7.07e-08	0.00e+00	0.00e+00	0.00e+00	0.00e+00	0.00e+00	0.00e+00	8.93e-01	5.82e-02	3.96e-02
 1.42725e+16	9.91e-01	9.04e-03	6.92e-08	0.00e+00	0.00e+00	0.00e+00	0.00e+00	0.00e+00	0.00e+00	8.93e-01	5.80e-02	3.95e-02
 1.42747e+16	9.91e-01	8.89e-03	6.77e-08	0.00e+00	0.00e+00	0.00e+00	0.00e+00	0.00e+00	0.00e+00	8.94e-01	5.78e-02	3.93e-02
 1.42767e+16	9.91e-01	8.80e-03	6.65e-08	0.00e+00	0.00e+00	0.00e+00	0.00e+00	0.00e+00	0.00e+00	8.94e-01	5.77e-02	3.92e-02
 1.42788e+16	9.91e-01	8.68e-03	6.51e-08	0.00e+00	0.00e+00	0.00e+00	0.00e+00	0.00e+00	0.00e+00	8.95e-01	5.75e-02	3.91e-02
 1.42816e+16	9.91e-01	8.53e-03	6.33e-08	0.00e+00	0.00e+00	0.00e+00	0.00e+00	0.00e+00	0.00e+00	8.95e-01	5.73e-02	3.89e-02
 1.42847e+16	9.92e-01	8.38e-03	6.14e-08	0.00e+00	0.00e+00	0.00e+00	0.00e+00	0.00e+00	0.00e+00	8.96e-01	5.71e-02	3.87e-02
 1.42874e+16	9.92e-01	8.23e-03	5.98e-08	0.00e+00	0.00e+00	0.00e+00	0.00e+00	0.00e+00	0.00e+00	8.96e-01	5.69e-02	3.86e-02
 1.42899e+16	9.92e-01	8.10e-03	5.83e-08	0.00e+00	0.00e+00	0.00e+00	0.00e+00	0.00e+00	0.00e+00	8.97e-01	5.67e-02	3.84e-02
 1.42922e+16	9.92e-01	7.99e-03	5.69e-08	0.00e+00	0.00e+00	0.00e+00	0.00e+00	0.00e+00	0.00e+00	8.97e-01	5.65e-02	3.83e-02
 1.42947e+16	9.92e-01	7.87e-03	5.54e-08	0.00e+00	0.00e+00	0.00e+00	0.00e+00	0.00e+00	0.00e+00	8.98e-01	5.63e-02	3.81e-02
 1.42974e+16	9.92e-01	7.72e-03	5.38e-08	0.00e+00	0.00e+00	0.00e+00	0.00e+00	0.00e+00	0.00e+00	8.98e-01	5.61e-02	3.79e-02
 1.42999e+16	9.92e-01	7.61e-03	5.25e-08	0.00e+00	0.00e+00	0.00e+00	0.00e+00	0.00e+00	0.00e+00	8.99e-01	5.59e-02	3.78e-02
 1.43026e+16	9.93e-01	7.48e-03	5.10e-08	0.00e+00	0.00e+00	0.00e+00	0.00e+00	0.00e+00	0.00e+00	8.99e-01	5.57e-02	3.76e-02
 1.43055e+16	9.93e-01	7.32e-03	4.93e-08	0.00e+00	0.00e+00	0.00e+00	0.00e+00	0.00e+00	0.00e+00	9.00e-01	5.55e-02	3.74e-02
 1.43081e+16	9.93e-01	7.18e-03	4.78e-08	0.00e+00	0.00e+00	0.00e+00	0.00e+00	0.00e+00	0.00e+00	9.00e-01	5.53e-02	3.72e-02
