#depth	H	H+	H2
 2.78509e+11	1.21e-03	9.99e-01	1.71e-12
 1.67105e+12	1.21e-03	9.99e-01	1.70e-12
 7.24123e+12	1.21e-03	9.99e-01	1.71e-12
 2.95219e+13	1.22e-03	9.99e-01	1.73e-12
 7.05184e+13	1.21e-03	9.99e-01	1.77e-12
 1.23814e+14	1.21e-03	9.99e-01	1.82e-12
 1.93098e+14	1.22e-03	9.99e-01	1.90e-12
 2.83167e+14	1.24e-03	9.99e-01	2.03e-12
 4.00257e+14	1.27e-03	9.99e-01	2.21e-12
 5.52475e+14	1.31e-03	9.99e-01	2.48e-12
 7.50357e+14	1.39e-03	9.99e-01	2.90e-12
 1.00760e+15	1.51e-03	9.98e-01	3.58e-12
 1.34202e+15	1.70e-03	9.98e-01	4.70e-12
 1.69610e+15	1.90e-03	9.98e-01	6.19e-12
 2.01334e+15	2.12e-03	9.98e-01	7.89e-12
 2.36338e+15	2.42e-03	9.98e-01	1.03e-11
 2.74217e+15	2.75e-03	9.97e-01	1.35e-11
 3.01249e+15	2.98e-03	9.97e-01	1.62e-11
 3.17473e+15	3.14e-03	9.97e-01	1.80e-11
 3.34236e+15	3.34e-03	9.97e-01	2.00e-11
 3.56027e+15	3.60e-03	9.96e-01	2.29e-11
 3.78997e+15	3.87e-03	9.96e-01	2.62e-11
 3.98986e+15	4.12e-03	9.96e-01	2.93e-11
 4.20461e+15	4.41e-03	9.96e-01	3.28e-11
 4.43572e+15	4.73e-03	9.95e-01	3.69e-11
 4.64263e+15	5.03e-03	9.95e-01	4.08e-11
 4.86614e+15	5.38e-03	9.95e-01	4.50e-11
 5.10537e+15	5.77e-03	9.94e-01	4.99e-11
 5.31751e+15	6.13e-03	9.94e-01	5.45e-11
 5.54575e+15	6.54e-03	9.93e-01	5.91e-11
 5.78932e+15	7.00e-03	9.93e-01	6.47e-11
 6.00178e+15	7.42e-03	9.93e-01	6.98e-11
 6.19624e+15	7.84e-03	9.92e-01	7.44e-11
 6.41834e+15	8.34e-03	9.92e-01	7.91e-11
 6.65657e+15	8.91e-03	9.91e-01	8.51e-11
 6.86515e+15	9.45e-03	9.91e-01	9.07e-11
 7.05484e+15	9.98e-03	9.90e-01	9.58e-11
 7.27058e+15	1.06e-02	9.89e-01	1.01e-10
 7.50285e+15	1.14e-02	9.89e-01	1.07e-10
 7.70661e+15	1.21e-02	9.88e-01	1.14e-10
 7.89080e+15	1.28e-02	9.87e-01	1.20e-10
 8.09951e+15	1.37e-02	9.86e-01	1.24e-10
 8.32698e+15	1.48e-02	9.85e-01	1.33e-10
 8.52845e+15	1.59e-02	9.84e-01	1.41e-10
 8.70867e+15	1.70e-02	9.83e-01	1.48e-10
 8.91163e+15	1.83e-02	9.82e-01	1.54e-10
 9.13748e+15	2.00e-02	9.80e-01	1.63e-10
 9.34479e+15	2.19e-02	9.78e-01	1.75e-10
 9.53291e+15	2.39e-02	9.76e-01	1.85e-10
 9.74438e+15	2.65e-02	9.73e-01	1.95e-10
 9.97334e+15	3.00e-02	9.70e-01	2.10e-10
 1.01708e+16	3.37e-02	9.66e-01	2.28e-10
 1.03383e+16	3.75e-02	9.62e-01	2.44e-10
 1.05211e+16	4.23e-02	9.58e-01	2.56e-10
 1.07260e+16	4.91e-02	9.51e-01	2.77e-10
 1.09113e+16	5.73e-02	9.43e-01	3.05e-10
 1.10674e+16	6.59e-02	9.34e-01	3.32e-10
 1.12118e+16	7.56e-02	9.24e-01	3.58e-10
 1.13478e+16	8.70e-02	9.13e-01	3.88e-10
 1.14671e+16	9.93e-02	9.01e-01	4.21e-10
 1.15717e+16	1.12e-01	8.88e-01	4.53e-10
 1.16678e+16	1.26e-01	8.74e-01	4.87e-10
 1.17586e+16	1.42e-01	8.58e-01	5.23e-10
 1.18440e+16	1.59e-01	8.41e-01	5.63e-10
 1.19229e+16	1.78e-01	8.22e-01	6.07e-10
 1.19956e+16	1.97e-01	8.03e-01	6.53e-10
 1.20631e+16	2.18e-01	7.82e-01	7.04e-10
 1.21272e+16	2.40e-01	7.60e-01	7.55e-10
 1.21885e+16	2.63e-01	7.37e-01	8.09e-10
 1.22474e+16	2.88e-01	7.12e-01	8.70e-10
 1.23040e+16	3.14e-01	6.86e-01	9.36e-10
 1.23577e+16	3.40e-01	6.60e-01	1.01e-09
 1.24089e+16	3.67e-01	6.33e-01	1.08e-09
 1.24585e+16	3.94e-01	6.06e-01	1.15e-09
 1.25069e+16	4.22e-01	5.78e-01	1.24e-09
 1.25526e+16	4.50e-01	5.50e-01	1.33e-09
 1.25949e+16	4.76e-01	5.24e-01	1.41e-09
 1.26336e+16	5.00e-01	5.00e-01	1.49e-09
 1.26688e+16	5.21e-01	4.79e-01	1.57e-09
 1.27021e+16	5.42e-01	4.58e-01	1.64e-09
 1.27288e+16	5.58e-01	4.42e-01	1.71e-09
 1.27473e+16	5.69e-01	4.31e-01	1.76e-09
 1.27649e+16	5.80e-01	4.20e-01	1.80e-09
 1.27854e+16	5.92e-01	4.08e-01	1.84e-09
 1.28078e+16	6.05e-01	3.95e-01	1.90e-09
 1.28298e+16	6.18e-01	3.82e-01	1.96e-09
 1.28500e+16	6.30e-01	3.70e-01	2.01e-09
 1.28696e+16	6.41e-01	3.59e-01	2.06e-09
 1.28902e+16	6.53e-01	3.47e-01	2.12e-09
 1.29111e+16	6.65e-01	3.35e-01	2.17e-09
 1.29317e+16	6.76e-01	3.24e-01	2.24e-09
 1.29520e+16	6.87e-01	3.13e-01	2.29e-09
 1.29723e+16	6.98e-01	3.02e-01	2.35e-09
 1.29930e+16	7.09e-01	2.91e-01	2.41e-09
 1.30133e+16	7.20e-01	2.80e-01	2.47e-09
 1.30334e+16	7.29e-01	2.71e-01	2.53e-09
 1.30539e+16	7.40e-01	2.60e-01	2.60e-09
 1.30744e+16	7.49e-01	2.51e-01	2.66e-09
 1.30949e+16	7.59e-01	2.41e-01	2.73e-09
 1.31154e+16	7.68e-01	2.32e-01	2.80e-09
 1.31357e+16	7.77e-01	2.23e-01	2.87e-09
 1.31559e+16	7.86e-01	2.14e-01	2.93e-09
 1.31765e+16	7.95e-01	2.05e-01	3.01e-09
 1.31970e+16	8.03e-01	1.97e-01	3.07e-09
 1.32174e+16	8.11e-01	1.89e-01	3.16e-09
 1.32380e+16	8.19e-01	1.81e-01	3.24e-09
 1.32584e+16	8.26e-01	1.74e-01	3.32e-09
 1.32787e+16	8.33e-01	1.67e-01	3.40e-09
 1.32992e+16	8.40e-01	1.60e-01	3.49e-09
 1.33197e+16	8.47e-01	1.53e-01	3.57e-09
 1.33399e+16	8.53e-01	1.47e-01	3.66e-09
 1.33597e+16	8.59e-01	1.41e-01	3.76e-09
 1.33793e+16	8.65e-01	1.35e-01	3.87e-09
 1.33990e+16	8.71e-01	1.29e-01	3.95e-09
 1.34185e+16	8.76e-01	1.24e-01	4.06e-09
 1.34376e+16	8.81e-01	1.19e-01	4.18e-09
 1.34566e+16	8.86e-01	1.14e-01	4.29e-09
 1.34757e+16	8.91e-01	1.09e-01	4.41e-09
 1.34946e+16	8.95e-01	1.05e-01	4.53e-09
 1.35132e+16	8.99e-01	1.01e-01	4.66e-09
 1.35316e+16	9.03e-01	9.67e-02	4.79e-09
 1.35500e+16	9.07e-01	9.28e-02	4.92e-09
 1.35683e+16	9.11e-01	8.90e-02	5.08e-09
 1.35863e+16	9.15e-01	8.54e-02	5.25e-09
 1.36042e+16	9.18e-01	8.20e-02	5.41e-09
 1.36222e+16	9.21e-01	7.87e-02	5.59e-09
 1.36400e+16	9.24e-01	7.56e-02	5.78e-09
 1.36576e+16	9.27e-01	7.26e-02	5.97e-09
 1.36750e+16	9.30e-01	6.98e-02	6.18e-09
 1.36924e+16	9.33e-01	6.70e-02	6.42e-09
 1.37095e+16	9.36e-01	6.43e-02	6.68e-09
 1.37267e+16	9.38e-01	6.18e-02	6.94e-09
 1.37439e+16	9.41e-01	5.94e-02	7.23e-09
 1.37609e+16	9.43e-01	5.70e-02	7.53e-09
 1.37776e+16	9.45e-01	5.48e-02	7.86e-09
 1.37943e+16	9.47e-01	5.27e-02	8.25e-09
 1.38109e+16	9.49e-01	5.06e-02	8.66e-09
 1.38275e+16	9.51e-01	4.86e-02	9.11e-09
 1.38440e+16	9.53e-01	4.67e-02	9.61e-09
 1.38604e+16	9.55e-01	4.49e-02	1.01e-08
 1.38765e+16	9.57e-01	4.32e-02	1.08e-08
 1.38926e+16	9.58e-01	4.15e-02	1.14e-08
 1.39085e+16	9.60e-01	3.99e-02	1.22e-08
 1.39246e+16	9.62e-01	3.83e-02	1.31e-08
 1.39406e+16	9.63e-01	3.68e-02	1.41e-08
 1.39562e+16	9.65e-01	3.54e-02	1.53e-08
 1.39718e+16	9.66e-01	3.40e-02	1.66e-08
 1.39873e+16	9.67e-01	3.27e-02	1.83e-08
 1.40026e+16	9.69e-01	3.14e-02	2.01e-08
 1.40178e+16	9.70e-01	3.02e-02	2.24e-08
 1.40329e+16	9.71e-01	2.90e-02	2.52e-08
 1.40472e+16	9.72e-01	2.79e-02	2.84e-08
 1.40601e+16	9.73e-01	2.70e-02	3.19e-08
 1.40716e+16	9.74e-01	2.62e-02	3.56e-08
 1.40822e+16	9.75e-01	2.55e-02	4.02e-08
 1.40921e+16	9.75e-01	2.48e-02	4.49e-08
 1.41011e+16	9.76e-01	2.42e-02	5.03e-08
 1.41095e+16	9.76e-01	2.37e-02	5.64e-08
 1.41174e+16	9.77e-01	2.32e-02	6.32e-08
 1.41247e+16	9.77e-01	2.27e-02	7.07e-08
 1.41315e+16	9.78e-01	2.23e-02	7.91e-08
 1.41379e+16	9.78e-01	2.19e-02	8.86e-08
 1.41439e+16	9.79e-01	2.15e-02	9.91e-08
 1.41496e+16	9.79e-01	2.11e-02	1.11e-07
 1.41549e+16	9.79e-01	2.08e-02	1.24e-07
 1.41599e+16	9.80e-01	2.05e-02	1.39e-07
 1.41647e+16	9.80e-01	2.02e-02	1.55e-07
 1.41692e+16	9.80e-01	1.99e-02	1.73e-07
 1.41735e+16	9.80e-01	1.96e-02	1.93e-07
 1.41776e+16	9.81e-01	1.93e-02	2.16e-07
 1.41815e+16	9.81e-01	1.91e-02	2.40e-07
 1.41853e+16	9.81e-01	1.88e-02	2.68e-07
 1.41890e+16	9.81e-01	1.86e-02	2.99e-07
 1.41926e+16	9.82e-01	1.83e-02	3.33e-07
 1.41960e+16	9.82e-01	1.81e-02	3.71e-07
 1.41994e+16	9.82e-01	1.79e-02	4.12e-07
 1.42028e+16	9.82e-01	1.76e-02	4.59e-07
 1.42061e+16	9.83e-01	1.74e-02	5.09e-07
 1.42095e+16	9.83e-01	1.72e-02	5.63e-07
 1.42129e+16	9.83e-01	1.69e-02	6.24e-07
 1.42164e+16	9.83e-01	1.66e-02	6.88e-07
 1.42201e+16	9.84e-01	1.64e-02	7.59e-07
 1.42241e+16	9.84e-01	1.60e-02	8.33e-07
 1.42283e+16	9.84e-01	1.57e-02	9.08e-07
 1.42324e+16	9.85e-01	1.54e-02	9.70e-07
 1.42361e+16	9.85e-01	1.51e-02	1.02e-06
 1.42395e+16	9.85e-01	1.48e-02	1.05e-06
 1.42426e+16	9.85e-01	1.45e-02	1.08e-06
 1.42453e+16	9.86e-01	1.43e-02	1.10e-06
 1.42479e+16	9.86e-01	1.41e-02	1.12e-06
 1.42502e+16	9.86e-01	1.39e-02	1.13e-06
 1.42523e+16	9.86e-01	1.37e-02	1.14e-06
 1.42542e+16	9.86e-01	1.36e-02	1.15e-06
 1.42563e+16	9.87e-01	1.34e-02	1.16e-06
 1.42585e+16	9.87e-01	1.32e-02	1.17e-06
 1.42606e+16	9.87e-01	1.31e-02	1.18e-06
 1.42624e+16	9.87e-01	1.29e-02	1.19e-06
 1.42645e+16	9.87e-01	1.27e-02	1.20e-06
 1.42667e+16	9.87e-01	1.26e-02	1.21e-06
 1.42687e+16	9.88e-01	1.24e-02	1.22e-06
 1.42705e+16	9.88e-01	1.23e-02	1.23e-06
 1.42725e+16	9.88e-01	1.21e-02	1.25e-06
 1.42747e+16	9.88e-01	1.19e-02	1.26e-06
 1.42767e+16	9.88e-01	1.18e-02	1.27e-06
 1.42788e+16	9.88e-01	1.17e-02	1.28e-06
 1.42816e+16	9.88e-01	1.15e-02	1.29e-06
 1.42847e+16	9.89e-01	1.14e-02	1.31e-06
 1.42874e+16	9.89e-01	1.12e-02	1.32e-06
 1.42899e+16	9.89e-01	1.10e-02	1.34e-06
 1.42922e+16	9.89e-01	1.09e-02	1.35e-06
 1.42947e+16	9.89e-01	1.07e-02	1.37e-06
 1.42974e+16	9.89e-01	1.06e-02	1.39e-06
 1.42999e+16	9.90e-01	1.04e-02	1.40e-06
 1.43026e+16	9.90e-01	1.03e-02	1.42e-06
 1.43055e+16	9.90e-01	1.01e-02	1.45e-06
 1.43081e+16	9.90e-01	9.94e-03	1.47e-06
