#depth	He	He+	He+2
 2.78509e+11	9.81e-04	9.53e-01	4.61e-02
 1.67105e+12	9.81e-04	9.53e-01	4.61e-02
 7.24123e+12	9.83e-04	9.53e-01	4.57e-02
 2.95219e+13	9.91e-04	9.55e-01	4.40e-02
 7.05184e+13	1.00e-03	9.57e-01	4.22e-02
 1.23814e+14	1.02e-03	9.60e-01	3.91e-02
 1.93098e+14	1.04e-03	9.64e-01	3.47e-02
 2.83167e+14	1.07e-03	9.70e-01	2.92e-02
 4.00257e+14	1.11e-03	9.76e-01	2.28e-02
 5.52475e+14	1.16e-03	9.83e-01	1.63e-02
 7.50357e+14	1.23e-03	9.88e-01	1.03e-02
 1.00760e+15	1.32e-03	9.93e-01	5.62e-03
 1.34202e+15	1.46e-03	9.96e-01	2.56e-03
 1.69610e+15	1.61e-03	9.97e-01	1.11e-03
 2.01334e+15	1.75e-03	9.98e-01	5.32e-04
 2.36338e+15	1.94e-03	9.98e-01	2.41e-04
 2.74217e+15	2.16e-03	9.98e-01	1.04e-04
 3.01249e+15	2.31e-03	9.98e-01	5.90e-05
 3.17473e+15	2.42e-03	9.98e-01	4.22e-05
 3.34236e+15	2.54e-03	9.97e-01	2.96e-05
 3.56027e+15	2.71e-03	9.97e-01	1.90e-05
 3.78997e+15	2.88e-03	9.97e-01	1.21e-05
 3.98986e+15	3.05e-03	9.97e-01	8.27e-06
 4.20461e+15	3.24e-03	9.97e-01	5.51e-06
 4.43572e+15	3.45e-03	9.97e-01	3.64e-06
 4.64263e+15	3.65e-03	9.96e-01	2.54e-06
 4.86614e+15	3.89e-03	9.96e-01	1.73e-06
 5.10537e+15	4.16e-03	9.96e-01	1.18e-06
 5.31751e+15	4.40e-03	9.96e-01	8.52e-07
 5.54575e+15	4.70e-03	9.95e-01	6.01e-07
 5.78932e+15	5.02e-03	9.95e-01	4.27e-07
 6.00178e+15	5.32e-03	9.95e-01	3.21e-07
 6.19624e+15	5.62e-03	9.94e-01	2.49e-07
 6.41834e+15	5.98e-03	9.94e-01	1.88e-07
 6.65657e+15	6.39e-03	9.94e-01	1.42e-07
 6.86515e+15	6.77e-03	9.93e-01	1.13e-07
 7.05484e+15	7.15e-03	9.93e-01	9.17e-08
 7.27058e+15	7.61e-03	9.92e-01	7.28e-08
 7.50285e+15	8.13e-03	9.92e-01	5.81e-08
 7.70661e+15	8.63e-03	9.91e-01	4.82e-08
 7.89080e+15	9.12e-03	9.91e-01	4.08e-08
 8.09951e+15	9.70e-03	9.90e-01	3.40e-08
 8.32698e+15	1.04e-02	9.90e-01	2.82e-08
 8.52845e+15	1.11e-02	9.89e-01	2.42e-08
 8.70867e+15	1.18e-02	9.88e-01	2.11e-08
 8.91163e+15	1.26e-02	9.87e-01	1.82e-08
 9.13748e+15	1.36e-02	9.86e-01	1.56e-08
 9.34479e+15	1.46e-02	9.85e-01	1.37e-08
 9.53291e+15	1.56e-02	9.84e-01	1.22e-08
 9.74438e+15	1.70e-02	9.83e-01	1.07e-08
 9.97334e+15	1.86e-02	9.81e-01	9.41e-09
 1.01708e+16	2.02e-02	9.80e-01	8.49e-09
 1.03383e+16	2.18e-02	9.78e-01	7.80e-09
 1.05211e+16	2.38e-02	9.76e-01	7.11e-09
 1.07260e+16	2.63e-02	9.74e-01	6.47e-09
 1.09113e+16	2.91e-02	9.71e-01	5.99e-09
 1.10674e+16	3.20e-02	9.68e-01	5.62e-09
 1.12118e+16	3.51e-02	9.65e-01	5.31e-09
 1.13478e+16	3.85e-02	9.61e-01	5.06e-09
 1.14671e+16	4.22e-02	9.58e-01	4.86e-09
 1.15717e+16	4.59e-02	9.54e-01	4.70e-09
 1.16678e+16	5.00e-02	9.50e-01	4.57e-09
 1.17586e+16	5.44e-02	9.46e-01	4.46e-09
 1.18440e+16	5.93e-02	9.41e-01	4.37e-09
 1.19229e+16	6.46e-02	9.35e-01	4.30e-09
 1.19956e+16	7.02e-02	9.30e-01	4.25e-09
 1.20631e+16	7.62e-02	9.24e-01	4.21e-09
 1.21272e+16	8.28e-02	9.17e-01	4.19e-09
 1.21885e+16	8.97e-02	9.10e-01	4.19e-09
 1.22474e+16	9.74e-02	9.03e-01	4.20e-09
 1.23040e+16	1.06e-01	8.94e-01	4.22e-09
 1.23577e+16	1.15e-01	8.85e-01	4.26e-09
 1.24089e+16	1.24e-01	8.76e-01	4.31e-09
 1.24585e+16	1.35e-01	8.65e-01	4.38e-09
 1.25069e+16	1.46e-01	8.54e-01	4.46e-09
 1.25526e+16	1.58e-01	8.42e-01	4.55e-09
 1.25949e+16	1.70e-01	8.30e-01	4.65e-09
 1.26336e+16	1.82e-01	8.18e-01	4.76e-09
 1.26688e+16	1.94e-01	8.06e-01	4.87e-09
 1.27021e+16	2.05e-01	7.95e-01	4.99e-09
 1.27288e+16	2.15e-01	7.85e-01	5.09e-09
 1.27473e+16	2.22e-01	7.78e-01	5.17e-09
 1.27649e+16	2.30e-01	7.70e-01	5.22e-09
 1.27854e+16	2.38e-01	7.62e-01	5.31e-09
 1.28078e+16	2.48e-01	7.52e-01	5.40e-09
 1.28298e+16	2.58e-01	7.42e-01	5.49e-09
 1.28500e+16	2.67e-01	7.33e-01	5.59e-09
 1.28696e+16	2.76e-01	7.24e-01	5.69e-09
 1.28902e+16	2.86e-01	7.14e-01	5.78e-09
 1.29111e+16	2.97e-01	7.03e-01	5.90e-09
 1.29317e+16	3.08e-01	6.92e-01	6.00e-09
 1.29520e+16	3.18e-01	6.82e-01	6.12e-09
 1.29723e+16	3.29e-01	6.71e-01	6.23e-09
 1.29930e+16	3.41e-01	6.59e-01	6.35e-09
 1.30133e+16	3.52e-01	6.48e-01	6.47e-09
 1.30334e+16	3.64e-01	6.36e-01	6.60e-09
 1.30539e+16	3.76e-01	6.24e-01	6.71e-09
 1.30744e+16	3.88e-01	6.12e-01	6.85e-09
 1.30949e+16	4.01e-01	5.99e-01	6.97e-09
 1.31154e+16	4.14e-01	5.86e-01	7.10e-09
 1.31357e+16	4.27e-01	5.73e-01	7.23e-09
 1.31559e+16	4.39e-01	5.61e-01	7.36e-09
 1.31765e+16	4.53e-01	5.47e-01	7.48e-09
 1.31970e+16	4.66e-01	5.34e-01	7.63e-09
 1.32174e+16	4.80e-01	5.20e-01	7.75e-09
 1.32380e+16	4.94e-01	5.06e-01	7.87e-09
 1.32584e+16	5.07e-01	4.93e-01	8.00e-09
 1.32787e+16	5.21e-01	4.79e-01	8.13e-09
 1.32992e+16	5.34e-01	4.66e-01	8.25e-09
 1.33197e+16	5.48e-01	4.52e-01	8.38e-09
 1.33399e+16	5.61e-01	4.39e-01	8.50e-09
 1.33597e+16	5.75e-01	4.25e-01	8.61e-09
 1.33793e+16	5.88e-01	4.12e-01	8.70e-09
 1.33990e+16	6.00e-01	4.00e-01	8.83e-09
 1.34185e+16	6.13e-01	3.87e-01	8.92e-09
 1.34376e+16	6.26e-01	3.74e-01	9.01e-09
 1.34566e+16	6.38e-01	3.62e-01	9.09e-09
 1.34757e+16	6.50e-01	3.50e-01	9.18e-09
 1.34946e+16	6.62e-01	3.38e-01	9.26e-09
 1.35132e+16	6.73e-01	3.27e-01	9.33e-09
 1.35316e+16	6.85e-01	3.15e-01	9.40e-09
 1.35500e+16	6.96e-01	3.04e-01	9.47e-09
 1.35683e+16	7.07e-01	2.93e-01	9.53e-09
 1.35863e+16	7.17e-01	2.83e-01	9.57e-09
 1.36042e+16	7.27e-01	2.73e-01	9.62e-09
 1.36222e+16	7.37e-01	2.63e-01	9.66e-09
 1.36400e+16	7.47e-01	2.53e-01	9.70e-09
 1.36576e+16	7.56e-01	2.44e-01	9.73e-09
 1.36750e+16	7.65e-01	2.35e-01	9.76e-09
 1.36924e+16	7.74e-01	2.26e-01	9.79e-09
 1.37095e+16	7.83e-01	2.17e-01	9.79e-09
 1.37267e+16	7.91e-01	2.09e-01	9.80e-09
 1.37439e+16	7.99e-01	2.01e-01	9.81e-09
 1.37609e+16	8.07e-01	1.93e-01	9.82e-09
 1.37776e+16	8.14e-01	1.86e-01	9.82e-09
 1.37943e+16	8.22e-01	1.78e-01	9.81e-09
 1.38109e+16	8.29e-01	1.71e-01	9.78e-09
 1.38275e+16	8.35e-01	1.65e-01	9.76e-09
 1.38440e+16	8.42e-01	1.58e-01	9.74e-09
 1.38604e+16	8.48e-01	1.52e-01	9.71e-09
 1.38765e+16	8.54e-01	1.46e-01	9.68e-09
 1.38926e+16	8.60e-01	1.40e-01	9.66e-09
 1.39085e+16	8.66e-01	1.34e-01	9.59e-09
 1.39246e+16	8.71e-01	1.29e-01	9.55e-09
 1.39406e+16	8.76e-01	1.24e-01	9.49e-09
 1.39562e+16	8.81e-01	1.19e-01	9.44e-09
 1.39718e+16	8.86e-01	1.14e-01	9.37e-09
 1.39873e+16	8.91e-01	1.09e-01	9.30e-09
 1.40026e+16	8.95e-01	1.05e-01	9.22e-09
 1.40178e+16	9.00e-01	1.00e-01	9.14e-09
 1.40329e+16	9.04e-01	9.63e-02	9.05e-09
 1.40472e+16	9.07e-01	9.26e-02	8.97e-09
 1.40601e+16	9.11e-01	8.93e-02	8.88e-09
 1.40716e+16	9.13e-01	8.65e-02	8.80e-09
 1.40822e+16	9.16e-01	8.38e-02	8.69e-09
 1.40921e+16	9.18e-01	8.15e-02	8.62e-09
 1.41011e+16	9.21e-01	7.94e-02	8.53e-09
 1.41095e+16	9.23e-01	7.74e-02	8.44e-09
 1.41174e+16	9.24e-01	7.56e-02	8.36e-09
 1.41247e+16	9.26e-01	7.40e-02	8.28e-09
 1.41315e+16	9.28e-01	7.25e-02	8.21e-09
 1.41379e+16	9.29e-01	7.11e-02	8.13e-09
 1.41439e+16	9.30e-01	6.98e-02	8.06e-09
 1.41496e+16	9.31e-01	6.86e-02	7.99e-09
 1.41549e+16	9.33e-01	6.74e-02	7.93e-09
 1.41599e+16	9.34e-01	6.64e-02	7.86e-09
 1.41647e+16	9.35e-01	6.54e-02	7.80e-09
 1.41692e+16	9.36e-01	6.45e-02	7.74e-09
 1.41735e+16	9.36e-01	6.36e-02	7.68e-09
 1.41776e+16	9.37e-01	6.28e-02	7.62e-09
 1.41815e+16	9.38e-01	6.20e-02	7.56e-09
 1.41853e+16	9.39e-01	6.12e-02	7.50e-09
 1.41890e+16	9.40e-01	6.05e-02	7.45e-09
 1.41926e+16	9.40e-01	5.98e-02	7.39e-09
 1.41960e+16	9.41e-01	5.91e-02	7.33e-09
 1.41994e+16	9.42e-01	5.84e-02	7.28e-09
 1.42028e+16	9.42e-01	5.78e-02	7.22e-09
 1.42061e+16	9.43e-01	5.71e-02	7.16e-09
 1.42095e+16	9.44e-01	5.65e-02	7.10e-09
 1.42129e+16	9.44e-01	5.58e-02	7.03e-09
 1.42164e+16	9.45e-01	5.51e-02	6.96e-09
 1.42201e+16	9.46e-01	5.44e-02	6.89e-09
 1.42241e+16	9.46e-01	5.36e-02	6.80e-09
 1.42283e+16	9.47e-01	5.28e-02	6.72e-09
 1.42324e+16	9.48e-01	5.20e-02	6.63e-09
 1.42361e+16	9.49e-01	5.12e-02	6.53e-09
 1.42395e+16	9.49e-01	5.06e-02	6.45e-09
 1.42426e+16	9.50e-01	4.99e-02	6.37e-09
 1.42453e+16	9.51e-01	4.94e-02	6.30e-09
 1.42479e+16	9.51e-01	4.89e-02	6.24e-09
 1.42502e+16	9.52e-01	4.84e-02	6.17e-09
 1.42523e+16	9.52e-01	4.80e-02	6.12e-09
 1.42542e+16	9.52e-01	4.76e-02	6.06e-09
 1.42563e+16	9.53e-01	4.71e-02	6.01e-09
 1.42585e+16	9.53e-01	4.67e-02	5.94e-09
 1.42606e+16	9.54e-01	4.63e-02	5.90e-09
 1.42624e+16	9.54e-01	4.59e-02	5.84e-09
 1.42645e+16	9.55e-01	4.54e-02	5.78e-09
 1.42667e+16	9.55e-01	4.50e-02	5.72e-09
 1.42687e+16	9.55e-01	4.46e-02	5.67e-09
 1.42705e+16	9.56e-01	4.42e-02	5.62e-09
 1.42725e+16	9.56e-01	4.38e-02	5.56e-09
 1.42747e+16	9.57e-01	4.33e-02	5.50e-09
 1.42767e+16	9.57e-01	4.30e-02	5.46e-09
 1.42788e+16	9.57e-01	4.26e-02	5.41e-09
 1.42816e+16	9.58e-01	4.20e-02	5.35e-09
 1.42847e+16	9.58e-01	4.15e-02	5.29e-09
 1.42874e+16	9.59e-01	4.10e-02	5.23e-09
 1.42899e+16	9.59e-01	4.06e-02	5.18e-09
 1.42922e+16	9.60e-01	4.02e-02	5.13e-09
 1.42947e+16	9.60e-01	3.97e-02	5.08e-09
 1.42974e+16	9.61e-01	3.92e-02	5.02e-09
 1.42999e+16	9.61e-01	3.88e-02	4.97e-09
 1.43026e+16	9.62e-01	3.84e-02	4.92e-09
 1.43055e+16	9.62e-01	3.79e-02	4.86e-09
 1.43081e+16	9.63e-01	3.75e-02	4.82e-09
