#depth	O	O+	O+2	O+3	O+4	O+5	O+6	O+7	O+8	O[1]	O[2]	O[3]
 2.42237e+11	5.21e-06	4.72e-03	3.45e-01	6.40e-01	1.03e-02	1.36e-07	0.00e+00	0.00e+00	0.00e+00	4.24e-06	6.35e-07	3.37e-07
 1.45342e+12	5.20e-06	4.72e-03	3.45e-01	6.40e-01	1.03e-02	1.35e-07	0.00e+00	0.00e+00	0.00e+00	4.23e-06	6.34e-07	3.37e-07
 6.29817e+12	5.21e-06	4.73e-03	3.45e-01	6.40e-01	1.02e-02	1.34e-07	0.00e+00	0.00e+00	0.00e+00	4.24e-06	6.35e-07	3.38e-07
 2.56771e+13	5.25e-06	4.77e-03	3.48e-01	6.37e-01	1.00e-02	1.31e-07	0.00e+00	0.00e+00	0.00e+00	4.27e-06	6.40e-07	3.41e-07
 6.13345e+13	5.23e-06	4.80e-03	3.52e-01	6.33e-01	9.77e-03	1.26e-07	0.00e+00	0.00e+00	0.00e+00	4.25e-06	6.39e-07	3.41e-07
 1.07689e+14	5.25e-06	4.86e-03	3.57e-01	6.28e-01	9.42e-03	0.00e+00	0.00e+00	0.00e+00	0.00e+00	4.27e-06	6.42e-07	3.43e-07
 1.67950e+14	5.30e-06	4.94e-03	3.64e-01	6.22e-01	9.01e-03	0.00e+00	0.00e+00	0.00e+00	0.00e+00	4.30e-06	6.45e-07	3.45e-07
 2.46289e+14	5.36e-06	5.04e-03	3.73e-01	6.13e-01	8.49e-03	0.00e+00	0.00e+00	0.00e+00	0.00e+00	4.36e-06	6.49e-07	3.49e-07
 3.48130e+14	5.45e-06	5.19e-03	3.85e-01	6.02e-01	7.87e-03	0.00e+00	0.00e+00	0.00e+00	0.00e+00	4.44e-06	6.56e-07	3.54e-07
 4.80523e+14	5.60e-06	5.39e-03	4.02e-01	5.86e-01	7.12e-03	0.00e+00	0.00e+00	0.00e+00	0.00e+00	4.57e-06	6.68e-07	3.63e-07
 6.52634e+14	5.80e-06	5.67e-03	4.24e-01	5.64e-01	6.25e-03	0.00e+00	0.00e+00	0.00e+00	0.00e+00	4.74e-06	6.86e-07	3.74e-07
 8.76378e+14	6.09e-06	6.04e-03	4.53e-01	5.35e-01	5.26e-03	0.00e+00	0.00e+00	0.00e+00	0.00e+00	4.99e-06	7.13e-07	3.91e-07
 1.16725e+15	6.50e-06	6.56e-03	4.94e-01	4.95e-01	4.19e-03	0.00e+00	0.00e+00	0.00e+00	0.00e+00	5.33e-06	7.54e-07	4.15e-07
 1.54537e+15	7.12e-06	7.31e-03	5.49e-01	4.40e-01	3.05e-03	0.00e+00	0.00e+00	0.00e+00	0.00e+00	5.85e-06	8.19e-07	4.53e-07
 2.03694e+15	7.95e-06	8.31e-03	6.23e-01	3.66e-01	1.97e-03	0.00e+00	0.00e+00	0.00e+00	0.00e+00	6.53e-06	9.13e-07	5.06e-07
 2.53004e+15	8.56e-06	9.22e-03	6.96e-01	2.94e-01	1.23e-03	0.00e+00	0.00e+00	0.00e+00	0.00e+00	7.03e-06	9.84e-07	5.46e-07
 2.92991e+15	9.14e-06	9.98e-03	7.53e-01	2.36e-01	8.00e-04	0.00e+00	0.00e+00	0.00e+00	0.00e+00	7.50e-06	1.06e-06	5.85e-07
 3.35453e+15	9.94e-06	1.08e-02	8.09e-01	1.80e-01	4.79e-04	0.00e+00	0.00e+00	0.00e+00	0.00e+00	8.14e-06	1.16e-06	6.40e-07
 3.90653e+15	1.09e-05	1.19e-02	8.68e-01	1.20e-01	2.29e-04	0.00e+00	0.00e+00	0.00e+00	0.00e+00	8.94e-06	1.29e-06	7.08e-07
 4.50248e+15	1.18e-05	1.28e-02	9.14e-01	7.29e-02	9.64e-05	0.00e+00	0.00e+00	0.00e+00	0.00e+00	9.66e-06	1.40e-06	7.70e-07
 5.02575e+15	1.26e-05	1.35e-02	9.41e-01	4.55e-02	4.27e-05	0.00e+00	0.00e+00	0.00e+00	0.00e+00	1.03e-05	1.49e-06	8.19e-07
 5.52833e+15	1.34e-05	1.42e-02	9.58e-01	2.83e-02	1.88e-05	0.00e+00	0.00e+00	0.00e+00	0.00e+00	1.09e-05	1.59e-06	8.69e-07
 6.08116e+15	1.42e-05	1.48e-02	9.68e-01	1.67e-02	7.56e-06	0.00e+00	0.00e+00	0.00e+00	0.00e+00	1.16e-05	1.68e-06	9.22e-07
 6.68928e+15	1.51e-05	1.55e-02	9.75e-01	9.38e-03	2.78e-06	0.00e+00	0.00e+00	0.00e+00	0.00e+00	1.24e-05	1.78e-06	9.78e-07
 7.35821e+15	1.61e-05	1.62e-02	9.79e-01	5.03e-03	9.41e-07	0.00e+00	0.00e+00	0.00e+00	0.00e+00	1.32e-05	1.89e-06	1.04e-06
 8.09403e+15	1.72e-05	1.70e-02	9.80e-01	2.60e-03	2.94e-07	0.00e+00	0.00e+00	0.00e+00	0.00e+00	1.40e-05	2.00e-06	1.10e-06
 8.90343e+15	1.83e-05	1.78e-02	9.81e-01	1.29e-03	0.00e+00	0.00e+00	0.00e+00	0.00e+00	0.00e+00	1.50e-05	2.14e-06	1.18e-06
 9.79377e+15	1.96e-05	1.86e-02	9.81e-01	6.19e-04	0.00e+00	0.00e+00	0.00e+00	0.00e+00	0.00e+00	1.61e-05	2.30e-06	1.26e-06
 1.07732e+16	2.11e-05	1.96e-02	9.80e-01	2.87e-04	0.00e+00	0.00e+00	0.00e+00	0.00e+00	0.00e+00	1.73e-05	2.48e-06	1.36e-06
 1.18505e+16	2.29e-05	2.06e-02	9.79e-01	1.29e-04	0.00e+00	0.00e+00	0.00e+00	0.00e+00	0.00e+00	1.87e-05	2.70e-06	1.48e-06
 1.30355e+16	2.49e-05	2.17e-02	9.78e-01	5.67e-05	0.00e+00	0.00e+00	0.00e+00	0.00e+00	0.00e+00	2.03e-05	2.97e-06	1.62e-06
 1.43391e+16	2.73e-05	2.30e-02	9.77e-01	2.43e-05	0.00e+00	0.00e+00	0.00e+00	0.00e+00	0.00e+00	2.22e-05	3.30e-06	1.79e-06
 1.57730e+16	3.00e-05	2.43e-02	9.76e-01	1.03e-05	0.00e+00	0.00e+00	0.00e+00	0.00e+00	0.00e+00	2.43e-05	3.69e-06	1.99e-06
 1.72175e+16	3.31e-05	2.57e-02	9.74e-01	4.69e-06	0.00e+00	0.00e+00	0.00e+00	0.00e+00	0.00e+00	2.68e-05	4.09e-06	2.22e-06
 1.85111e+16	3.61e-05	2.70e-02	9.73e-01	2.48e-06	0.00e+00	0.00e+00	0.00e+00	0.00e+00	0.00e+00	2.91e-05	4.49e-06	2.45e-06
 1.96342e+16	3.88e-05	2.80e-02	9.72e-01	1.49e-06	0.00e+00	0.00e+00	0.00e+00	0.00e+00	0.00e+00	3.13e-05	4.87e-06	2.66e-06
 2.06314e+16	4.14e-05	2.90e-02	9.71e-01	9.78e-07	0.00e+00	0.00e+00	0.00e+00	0.00e+00	0.00e+00	3.33e-05	5.24e-06	2.87e-06
 2.15450e+16	4.39e-05	2.98e-02	9.70e-01	6.84e-07	0.00e+00	0.00e+00	0.00e+00	0.00e+00	0.00e+00	3.53e-05	5.59e-06	3.08e-06
 2.23982e+16	4.64e-05	3.06e-02	9.69e-01	5.00e-07	0.00e+00	0.00e+00	0.00e+00	0.00e+00	0.00e+00	3.72e-05	5.94e-06	3.29e-06
 2.32065e+16	4.88e-05	3.13e-02	9.69e-01	3.78e-07	0.00e+00	0.00e+00	0.00e+00	0.00e+00	0.00e+00	3.90e-05	6.30e-06	3.49e-06
 2.39810e+16	5.12e-05	3.19e-02	9.68e-01	2.94e-07	0.00e+00	0.00e+00	0.00e+00	0.00e+00	0.00e+00	4.09e-05	6.65e-06	3.70e-06
 2.47295e+16	5.37e-05	3.26e-02	9.67e-01	2.34e-07	0.00e+00	0.00e+00	0.00e+00	0.00e+00	0.00e+00	4.28e-05	7.02e-06	3.92e-06
 2.54588e+16	5.62e-05	3.32e-02	9.67e-01	1.89e-07	0.00e+00	0.00e+00	0.00e+00	0.00e+00	0.00e+00	4.47e-05	7.40e-06	4.15e-06
 2.61743e+16	5.88e-05	3.38e-02	9.66e-01	1.55e-07	0.00e+00	0.00e+00	0.00e+00	0.00e+00	0.00e+00	4.66e-05	7.80e-06	4.38e-06
 2.68807e+16	6.15e-05	3.44e-02	9.66e-01	1.29e-07	0.00e+00	0.00e+00	0.00e+00	0.00e+00	0.00e+00	4.87e-05	8.21e-06	4.63e-06
 2.75822e+16	6.44e-05	3.50e-02	9.65e-01	0.00e+00	0.00e+00	0.00e+00	0.00e+00	0.00e+00	0.00e+00	5.09e-05	8.66e-06	4.89e-06
 2.82812e+16	6.75e-05	3.56e-02	9.64e-01	0.00e+00	0.00e+00	0.00e+00	0.00e+00	0.00e+00	0.00e+00	5.32e-05	9.13e-06	5.17e-06
 2.89803e+16	7.07e-05	3.62e-02	9.64e-01	0.00e+00	0.00e+00	0.00e+00	0.00e+00	0.00e+00	0.00e+00	5.56e-05	9.64e-06	5.48e-06
 2.96828e+16	7.42e-05	3.69e-02	9.63e-01	0.00e+00	0.00e+00	0.00e+00	0.00e+00	0.00e+00	0.00e+00	5.83e-05	1.02e-05	5.80e-06
 3.03901e+16	7.80e-05	3.76e-02	9.62e-01	0.00e+00	0.00e+00	0.00e+00	0.00e+00	0.00e+00	0.00e+00	6.11e-05	1.08e-05	6.15e-06
 3.11026e+16	8.22e-05	3.83e-02	9.62e-01	0.00e+00	0.00e+00	0.00e+00	0.00e+00	0.00e+00	0.00e+00	6.42e-05	1.14e-05	6.54e-06
 3.18203e+16	8.67e-05	3.90e-02	9.61e-01	0.00e+00	0.00e+00	0.00e+00	0.00e+00	0.00e+00	0.00e+00	6.75e-05	1.22e-05	6.96e-06
 3.25424e+16	9.15e-05	3.98e-02	9.60e-01	0.00e+00	0.00e+00	0.00e+00	0.00e+00	0.00e+00	0.00e+00	7.12e-05	1.29e-05	7.42e-06
 3.32685e+16	9.68e-05	4.06e-02	9.59e-01	0.00e+00	0.00e+00	0.00e+00	0.00e+00	0.00e+00	0.00e+00	7.51e-05	1.38e-05	7.91e-06
 3.39980e+16	1.03e-04	4.15e-02	9.58e-01	0.00e+00	0.00e+00	0.00e+00	0.00e+00	0.00e+00	0.00e+00	7.94e-05	1.47e-05	8.46e-06
 3.47307e+16	1.09e-04	4.24e-02	9.58e-01	0.00e+00	0.00e+00	0.00e+00	0.00e+00	0.00e+00	0.00e+00	8.40e-05	1.57e-05	9.04e-06
 3.54668e+16	1.15e-04	4.33e-02	9.57e-01	0.00e+00	0.00e+00	0.00e+00	0.00e+00	0.00e+00	0.00e+00	8.90e-05	1.67e-05	9.68e-06
 3.62036e+16	1.23e-04	4.43e-02	9.56e-01	0.00e+00	0.00e+00	0.00e+00	0.00e+00	0.00e+00	0.00e+00	9.44e-05	1.79e-05	1.04e-05
 3.69373e+16	1.31e-04	4.53e-02	9.55e-01	0.00e+00	0.00e+00	0.00e+00	0.00e+00	0.00e+00	0.00e+00	1.00e-04	1.92e-05	1.11e-05
 3.76662e+16	1.39e-04	4.63e-02	9.54e-01	0.00e+00	0.00e+00	0.00e+00	0.00e+00	0.00e+00	0.00e+00	1.07e-04	2.05e-05	1.20e-05
 3.83888e+16	1.48e-04	4.75e-02	9.52e-01	0.00e+00	0.00e+00	0.00e+00	0.00e+00	0.00e+00	0.00e+00	1.13e-04	2.20e-05	1.28e-05
 3.91027e+16	1.58e-04	4.86e-02	9.51e-01	0.00e+00	0.00e+00	0.00e+00	0.00e+00	0.00e+00	0.00e+00	1.21e-04	2.36e-05	1.38e-05
 3.98055e+16	1.68e-04	4.99e-02	9.50e-01	0.00e+00	0.00e+00	0.00e+00	0.00e+00	0.00e+00	0.00e+00	1.28e-04	2.53e-05	1.48e-05
 4.04969e+16	1.79e-04	5.11e-02	9.49e-01	0.00e+00	0.00e+00	0.00e+00	0.00e+00	0.00e+00	0.00e+00	1.36e-04	2.72e-05	1.59e-05
 4.11760e+16	1.91e-04	5.24e-02	9.47e-01	0.00e+00	0.00e+00	0.00e+00	0.00e+00	0.00e+00	0.00e+00	1.45e-04	2.91e-05	1.71e-05
 4.18415e+16	2.04e-04	5.38e-02	9.46e-01	0.00e+00	0.00e+00	0.00e+00	0.00e+00	0.00e+00	0.00e+00	1.54e-04	3.12e-05	1.83e-05
 4.24933e+16	2.17e-04	5.52e-02	9.45e-01	0.00e+00	0.00e+00	0.00e+00	0.00e+00	0.00e+00	0.00e+00	1.64e-04	3.34e-05	1.96e-05
 4.31318e+16	2.30e-04	5.67e-02	9.43e-01	0.00e+00	0.00e+00	0.00e+00	0.00e+00	0.00e+00	0.00e+00	1.74e-04	3.58e-05	2.10e-05
 4.37576e+16	2.45e-04	5.82e-02	9.42e-01	0.00e+00	0.00e+00	0.00e+00	0.00e+00	0.00e+00	0.00e+00	1.84e-04	3.83e-05	2.23e-05
 4.43721e+16	2.60e-04	5.98e-02	9.40e-01	0.00e+00	0.00e+00	0.00e+00	0.00e+00	0.00e+00	0.00e+00	1.96e-04	4.09e-05	2.38e-05
 4.49774e+16	2.77e-04	6.15e-02	9.38e-01	0.00e+00	0.00e+00	0.00e+00	0.00e+00	0.00e+00	0.00e+00	2.08e-04	4.37e-05	2.53e-05
 4.55767e+16	2.94e-04	6.33e-02	9.36e-01	0.00e+00	0.00e+00	0.00e+00	0.00e+00	0.00e+00	0.00e+00	2.20e-04	4.67e-05	2.69e-05
 4.61687e+16	3.13e-04	6.51e-02	9.35e-01	0.00e+00	0.00e+00	0.00e+00	0.00e+00	0.00e+00	0.00e+00	2.34e-04	5.00e-05	2.87e-05
 4.67265e+16	3.33e-04	6.71e-02	9.33e-01	0.00e+00	0.00e+00	0.00e+00	0.00e+00	0.00e+00	0.00e+00	2.49e-04	5.35e-05	3.05e-05
 4.72494e+16	3.53e-04	6.90e-02	9.31e-01	0.00e+00	0.00e+00	0.00e+00	0.00e+00	0.00e+00	0.00e+00	2.64e-04	5.70e-05	3.24e-05
 4.77669e+16	3.75e-04	7.11e-02	9.29e-01	0.00e+00	0.00e+00	0.00e+00	0.00e+00	0.00e+00	0.00e+00	2.80e-04	6.08e-05	3.44e-05
 4.82843e+16	3.99e-04	7.32e-02	9.26e-01	0.00e+00	0.00e+00	0.00e+00	0.00e+00	0.00e+00	0.00e+00	2.97e-04	6.50e-05	3.66e-05
 4.88018e+16	4.27e-04	7.57e-02	9.24e-01	0.00e+00	0.00e+00	0.00e+00	0.00e+00	0.00e+00	0.00e+00	3.18e-04	6.98e-05	3.92e-05
 4.93192e+16	4.58e-04	7.83e-02	9.21e-01	0.00e+00	0.00e+00	0.00e+00	0.00e+00	0.00e+00	0.00e+00	3.41e-04	7.51e-05	4.21e-05
 4.98367e+16	4.94e-04	8.12e-02	9.18e-01	0.00e+00	0.00e+00	0.00e+00	0.00e+00	0.00e+00	0.00e+00	3.67e-04	8.10e-05	4.53e-05
 5.03542e+16	5.36e-04	8.44e-02	9.15e-01	0.00e+00	0.00e+00	0.00e+00	0.00e+00	0.00e+00	0.00e+00	3.99e-04	8.78e-05	4.91e-05
 5.08716e+16	5.84e-04	8.79e-02	9.12e-01	0.00e+00	0.00e+00	0.00e+00	0.00e+00	0.00e+00	0.00e+00	4.35e-04	9.58e-05	5.36e-05
 5.13891e+16	6.44e-04	9.19e-02	9.07e-01	0.00e+00	0.00e+00	0.00e+00	0.00e+00	0.00e+00	0.00e+00	4.79e-04	1.06e-04	5.90e-05
 5.16970e+16	6.98e-04	9.53e-02	9.04e-01	0.00e+00	0.00e+00	0.00e+00	0.00e+00	0.00e+00	0.00e+00	5.20e-04	1.14e-04	6.40e-05
