#depth	He	He+	He+2
 3.76389e+11	8.28e-04	9.90e-01	8.81e-03
 2.25833e+12	8.28e-04	9.90e-01	8.81e-03
 9.78610e+12	8.28e-04	9.90e-01	8.76e-03
 3.98972e+13	8.29e-04	9.91e-01	8.49e-03
 9.53016e+13	8.31e-04	9.91e-01	8.39e-03
 1.67327e+14	8.34e-04	9.91e-01	7.98e-03
 2.60961e+14	8.37e-04	9.92e-01	7.27e-03
 3.82684e+14	8.42e-04	9.93e-01	6.27e-03
 5.40925e+14	8.48e-04	9.94e-01	5.03e-03
 7.46637e+14	8.55e-04	9.95e-01	3.68e-03
 1.01406e+15	8.65e-04	9.97e-01	2.40e-03
 1.36172e+15	8.77e-04	9.98e-01	1.35e-03
 1.81367e+15	8.93e-04	9.98e-01	6.36e-04
 2.40120e+15	9.13e-04	9.99e-01	2.43e-04
 3.16500e+15	9.40e-04	9.99e-01	7.25e-05
 4.15794e+15	9.76e-04	9.99e-01	1.64e-05
 5.44875e+15	1.03e-03	9.99e-01	2.80e-06
 7.12681e+15	1.10e-03	9.99e-01	3.69e-07
 9.30829e+15	1.20e-03	9.99e-01	3.91e-08
 1.21442e+16	1.35e-03	9.99e-01	3.60e-09
 1.44345e+16	1.47e-03	9.99e-01	6.92e-10
 1.58779e+16	1.57e-03	9.98e-01	3.19e-10
 1.71839e+16	1.66e-03	9.98e-01	1.81e-10
 1.81687e+16	1.74e-03	9.98e-01	1.29e-10
 1.91690e+16	1.84e-03	9.98e-01	9.57e-11
 2.02375e+16	1.94e-03	9.98e-01	7.48e-11
 2.11464e+16	2.04e-03	9.98e-01	6.36e-11
 2.19226e+16	2.13e-03	9.98e-01	5.69e-11
 2.27749e+16	2.25e-03	9.98e-01	5.16e-11
 2.36677e+16	2.37e-03	9.98e-01	4.73e-11
 2.44035e+16	2.49e-03	9.98e-01	4.47e-11
 2.50288e+16	2.59e-03	9.97e-01	4.30e-11
 2.57203e+16	2.74e-03	9.97e-01	4.16e-11
 2.64546e+16	2.89e-03	9.97e-01	4.01e-11
 2.70751e+16	3.03e-03	9.97e-01	3.92e-11
 2.76077e+16	3.17e-03	9.97e-01	3.85e-11
 2.81954e+16	3.35e-03	9.97e-01	3.81e-11
 2.88212e+16	3.54e-03	9.96e-01	3.73e-11
 2.93518e+16	3.73e-03	9.96e-01	3.71e-11
 2.98099e+16	3.92e-03	9.96e-01	3.69e-11
 3.03186e+16	4.15e-03	9.96e-01	3.67e-11
 3.08615e+16	4.42e-03	9.96e-01	3.67e-11
 3.13255e+16	4.69e-03	9.95e-01	3.66e-11
 3.17280e+16	4.95e-03	9.95e-01	3.67e-11
 3.21737e+16	5.28e-03	9.95e-01	3.68e-11
 3.26435e+16	5.67e-03	9.94e-01	3.73e-11
 3.30332e+16	6.05e-03	9.94e-01	3.76e-11
 3.33591e+16	6.42e-03	9.94e-01	3.80e-11
 3.37135e+16	6.88e-03	9.93e-01	3.84e-11
 3.40903e+16	7.42e-03	9.93e-01	3.94e-11
 3.44085e+16	7.97e-03	9.92e-01	4.01e-11
 3.46776e+16	8.50e-03	9.91e-01	4.09e-11
 3.49706e+16	9.19e-03	9.91e-01	4.20e-11
 3.52816e+16	1.00e-02	9.90e-01	4.29e-11
 3.55412e+16	1.09e-02	9.89e-01	4.44e-11
 3.57595e+16	1.17e-02	9.88e-01	4.60e-11
 3.59989e+16	1.27e-02	9.87e-01	4.89e-11
 3.62569e+16	1.41e-02	9.86e-01	5.16e-11
 3.64772e+16	1.55e-02	9.84e-01	5.49e-11
 3.66631e+16	1.70e-02	9.83e-01	5.80e-11
 3.68659e+16	1.89e-02	9.81e-01	6.38e-11
 3.70851e+16	2.13e-02	9.79e-01	7.13e-11
 3.72742e+16	2.40e-02	9.76e-01	8.01e-11
 3.74122e+16	2.64e-02	9.74e-01	8.80e-11
 3.75089e+16	2.84e-02	9.72e-01	9.38e-11
 3.76090e+16	3.08e-02	9.69e-01	1.02e-10
 3.77212e+16	3.39e-02	9.66e-01	1.13e-10
 3.78232e+16	3.70e-02	9.63e-01	1.26e-10
 3.79096e+16	4.02e-02	9.60e-01	1.38e-10
 3.79885e+16	4.34e-02	9.57e-01	1.55e-10
 3.80774e+16	4.77e-02	9.52e-01	1.75e-10
 3.81698e+16	5.27e-02	9.47e-01	1.99e-10
 3.82451e+16	5.75e-02	9.43e-01	2.22e-10
 3.83091e+16	6.20e-02	9.38e-01	2.48e-10
 3.83799e+16	6.78e-02	9.32e-01	2.81e-10
 3.84565e+16	7.48e-02	9.25e-01	3.20e-10
 3.85231e+16	8.19e-02	9.18e-01	3.60e-10
 3.85812e+16	8.85e-02	9.11e-01	4.06e-10
 3.86454e+16	9.72e-02	9.03e-01	4.61e-10
 3.87148e+16	1.07e-01	8.93e-01	5.32e-10
 3.87759e+16	1.18e-01	8.82e-01	6.00e-10
 3.88305e+16	1.28e-01	8.72e-01	6.78e-10
 3.88831e+16	1.38e-01	8.62e-01	7.59e-10
 3.89353e+16	1.50e-01	8.50e-01	8.45e-10
 3.89871e+16	1.63e-01	8.37e-01	9.47e-10
 3.90354e+16	1.76e-01	8.24e-01	1.06e-09
 3.90709e+16	1.86e-01	8.14e-01	1.14e-09
 3.90937e+16	1.92e-01	8.08e-01	1.19e-09
 3.91158e+16	2.00e-01	8.00e-01	1.24e-09
 3.91424e+16	2.09e-01	7.91e-01	1.31e-09
 3.91703e+16	2.18e-01	7.82e-01	1.39e-09
 3.91965e+16	2.27e-01	7.73e-01	1.48e-09
 3.92216e+16	2.37e-01	7.63e-01	1.55e-09
 3.92464e+16	2.47e-01	7.53e-01	1.64e-09
 3.92715e+16	2.57e-01	7.43e-01	1.72e-09
 3.92964e+16	2.67e-01	7.33e-01	1.82e-09
 3.93211e+16	2.78e-01	7.22e-01	1.90e-09
 3.93454e+16	2.89e-01	7.11e-01	2.01e-09
 3.93698e+16	3.00e-01	7.00e-01	2.10e-09
 3.93943e+16	3.12e-01	6.88e-01	2.20e-09
 3.94181e+16	3.23e-01	6.77e-01	2.31e-09
 3.94417e+16	3.36e-01	6.64e-01	2.41e-09
 3.94655e+16	3.48e-01	6.52e-01	2.53e-09
 3.94892e+16	3.61e-01	6.39e-01	2.63e-09
 3.95127e+16	3.73e-01	6.27e-01	2.76e-09
 3.95359e+16	3.87e-01	6.13e-01	2.86e-09
 3.95591e+16	4.00e-01	6.00e-01	2.99e-09
 3.95823e+16	4.14e-01	5.86e-01	3.11e-09
 3.96056e+16	4.28e-01	5.72e-01	3.23e-09
 3.96283e+16	4.42e-01	5.58e-01	3.35e-09
 3.96507e+16	4.56e-01	5.44e-01	3.47e-09
 3.96736e+16	4.70e-01	5.30e-01	3.59e-09
 3.96965e+16	4.85e-01	5.15e-01	3.71e-09
 3.97187e+16	4.99e-01	5.01e-01	3.84e-09
 3.97405e+16	5.14e-01	4.86e-01	3.95e-09
 3.97624e+16	5.28e-01	4.72e-01	4.08e-09
 3.97841e+16	5.42e-01	4.58e-01	4.19e-09
 3.98055e+16	5.56e-01	4.44e-01	4.30e-09
 3.98267e+16	5.71e-01	4.29e-01	4.41e-09
 3.98478e+16	5.84e-01	4.16e-01	4.52e-09
 3.98683e+16	5.98e-01	4.02e-01	4.63e-09
 3.98884e+16	6.12e-01	3.88e-01	4.72e-09
 3.99084e+16	6.25e-01	3.75e-01	4.81e-09
 3.99284e+16	6.38e-01	3.62e-01	4.91e-09
 3.99480e+16	6.51e-01	3.49e-01	5.00e-09
 3.99672e+16	6.63e-01	3.37e-01	5.07e-09
 3.99862e+16	6.75e-01	3.25e-01	5.15e-09
 4.00052e+16	6.87e-01	3.13e-01	5.23e-09
 4.00240e+16	6.99e-01	3.01e-01	5.30e-09
 4.00423e+16	7.10e-01	2.90e-01	5.35e-09
 4.00606e+16	7.21e-01	2.79e-01	5.42e-09
 4.00789e+16	7.32e-01	2.68e-01	5.47e-09
 4.00970e+16	7.43e-01	2.57e-01	5.53e-09
 4.01146e+16	7.53e-01	2.47e-01	5.57e-09
 4.01319e+16	7.62e-01	2.38e-01	5.61e-09
 4.01496e+16	7.72e-01	2.28e-01	5.65e-09
 4.01672e+16	7.81e-01	2.19e-01	5.69e-09
 4.01840e+16	7.90e-01	2.10e-01	5.71e-09
 4.02008e+16	7.98e-01	2.02e-01	5.75e-09
 4.02178e+16	8.07e-01	1.93e-01	5.77e-09
 4.02348e+16	8.15e-01	1.85e-01	5.78e-09
 4.02514e+16	8.23e-01	1.77e-01	5.80e-09
 4.02677e+16	8.30e-01	1.70e-01	5.80e-09
 4.02843e+16	8.37e-01	1.63e-01	5.81e-09
 4.03008e+16	8.44e-01	1.56e-01	5.82e-09
 4.03166e+16	8.51e-01	1.49e-01	5.82e-09
 4.03324e+16	8.57e-01	1.43e-01	5.81e-09
 4.03484e+16	8.63e-01	1.37e-01	5.81e-09
 4.03644e+16	8.69e-01	1.31e-01	5.78e-09
 4.03804e+16	8.75e-01	1.25e-01	5.77e-09
 4.03963e+16	8.81e-01	1.19e-01	5.76e-09
 4.04118e+16	8.86e-01	1.14e-01	5.74e-09
 4.04270e+16	8.91e-01	1.09e-01	5.73e-09
 4.04419e+16	8.95e-01	1.05e-01	5.73e-09
 4.04563e+16	8.99e-01	1.01e-01	5.70e-09
 4.04710e+16	9.04e-01	9.63e-02	5.68e-09
 4.04861e+16	9.08e-01	9.20e-02	5.65e-09
 4.05011e+16	9.12e-01	8.80e-02	5.62e-09
 4.05155e+16	9.16e-01	8.43e-02	5.59e-09
 4.05295e+16	9.19e-01	8.08e-02	5.56e-09
 4.05434e+16	9.23e-01	7.74e-02	5.52e-09
 4.05575e+16	9.26e-01	7.41e-02	5.49e-09
 4.05713e+16	9.29e-01	7.11e-02	5.46e-09
 4.05845e+16	9.32e-01	6.83e-02	5.43e-09
 4.05967e+16	9.34e-01	6.57e-02	5.39e-09
 4.06079e+16	9.36e-01	6.35e-02	5.36e-09
 4.06187e+16	9.39e-01	6.14e-02	5.32e-09
 4.06290e+16	9.41e-01	5.94e-02	5.28e-09
 4.06387e+16	9.42e-01	5.76e-02	5.23e-09
 4.06479e+16	9.44e-01	5.59e-02	5.19e-09
 4.06568e+16	9.46e-01	5.43e-02	5.15e-09
 4.06655e+16	9.47e-01	5.28e-02	5.10e-09
 4.06739e+16	9.49e-01	5.14e-02	5.06e-09
 4.06821e+16	9.50e-01	5.00e-02	5.02e-09
 4.06903e+16	9.51e-01	4.87e-02	4.97e-09
 4.06985e+16	9.53e-01	4.74e-02	4.92e-09
 4.07070e+16	9.54e-01	4.60e-02	4.86e-09
 4.07152e+16	9.55e-01	4.48e-02	4.80e-09
 4.07226e+16	9.56e-01	4.37e-02	4.75e-09
 4.07291e+16	9.57e-01	4.27e-02	4.69e-09
 4.07351e+16	9.58e-01	4.19e-02	4.63e-09
 4.07407e+16	9.59e-01	4.10e-02	4.58e-09
 4.07462e+16	9.60e-01	4.02e-02	4.53e-09
 4.07513e+16	9.61e-01	3.95e-02	4.47e-09
 4.07561e+16	9.61e-01	3.88e-02	4.42e-09
 4.07606e+16	9.62e-01	3.81e-02	4.36e-09
 4.07649e+16	9.63e-01	3.75e-02	4.31e-09
 4.07690e+16	9.63e-01	3.69e-02	4.26e-09
 4.07727e+16	9.64e-01	3.64e-02	4.21e-09
 4.07760e+16	9.64e-01	3.59e-02	4.17e-09
 4.07791e+16	9.65e-01	3.55e-02	4.13e-09
 4.07818e+16	9.65e-01	3.51e-02	4.09e-09
 4.07844e+16	9.65e-01	3.47e-02	4.05e-09
 4.07871e+16	9.66e-01	3.43e-02	4.01e-09
 4.07901e+16	9.66e-01	3.39e-02	3.97e-09
 4.07928e+16	9.66e-01	3.35e-02	3.94e-09
 4.07953e+16	9.67e-01	3.32e-02	3.91e-09
