#depth	He	He+	He+2
 1.18653e+12	1.59e-04	1.93e-01	8.07e-01
 7.11917e+12	1.60e-04	1.93e-01	8.07e-01
 3.08498e+13	1.60e-04	1.93e-01	8.07e-01
 1.25772e+14	1.62e-04	1.95e-01	8.05e-01
 3.00429e+14	1.65e-04	1.97e-01	8.03e-01
 5.27483e+14	1.69e-04	2.01e-01	7.99e-01
 8.22654e+14	1.75e-04	2.07e-01	7.93e-01
 1.20638e+15	1.85e-04	2.16e-01	7.84e-01
 1.70521e+15	1.98e-04	2.29e-01	7.71e-01
 2.35370e+15	2.18e-04	2.49e-01	7.51e-01
 3.19674e+15	2.48e-04	2.81e-01	7.19e-01
 4.29269e+15	2.96e-04	3.31e-01	6.68e-01
 5.40426e+15	3.54e-04	3.96e-01	6.03e-01
 6.29462e+15	4.11e-04	4.62e-01	5.38e-01
 7.07782e+15	4.71e-04	5.29e-01	4.71e-01
 7.96325e+15	5.46e-04	6.12e-01	3.87e-01
 8.91634e+15	6.33e-04	7.06e-01	2.94e-01
 9.80538e+15	7.11e-04	7.87e-01	2.13e-01
 1.08091e+16	7.90e-04	8.61e-01	1.38e-01
 1.21140e+16	8.70e-04	9.25e-01	7.39e-02
 1.34941e+16	9.28e-04	9.63e-01	3.65e-02
 1.48435e+16	9.70e-04	9.81e-01	1.85e-02
 1.63279e+16	1.01e-03	9.90e-01	9.07e-03
 1.79607e+16	1.04e-03	9.95e-01	4.32e-03
 1.97567e+16	1.08e-03	9.97e-01	2.02e-03
 2.17324e+16	1.12e-03	9.98e-01	9.26e-04
 2.39057e+16	1.17e-03	9.98e-01	4.17e-04
 2.62962e+16	1.22e-03	9.99e-01	1.85e-04
 2.89258e+16	1.29e-03	9.99e-01	8.17e-05
 3.18184e+16	1.36e-03	9.99e-01	3.61e-05
 3.50003e+16	1.45e-03	9.99e-01	1.61e-05
 3.85003e+16	1.55e-03	9.98e-01	7.37e-06
 4.21222e+16	1.67e-03	9.98e-01	3.64e-06
 4.55107e+16	1.80e-03	9.98e-01	2.03e-06
 4.85650e+16	1.93e-03	9.98e-01	1.27e-06
 5.07617e+16	2.04e-03	9.98e-01	9.44e-07
 5.20034e+16	2.11e-03	9.98e-01	8.00e-07
 5.31519e+16	2.17e-03	9.98e-01	6.82e-07
 5.46450e+16	2.25e-03	9.98e-01	5.58e-07
 5.65859e+16	2.37e-03	9.98e-01	4.36e-07
 5.84783e+16	2.50e-03	9.97e-01	3.51e-07
 5.98099e+16	2.61e-03	9.97e-01	3.04e-07
 6.08533e+16	2.69e-03	9.97e-01	2.71e-07
 6.20196e+16	2.79e-03	9.97e-01	2.38e-07
 6.35359e+16	2.92e-03	9.97e-01	2.02e-07
 6.50877e+16	3.08e-03	9.97e-01	1.73e-07
 6.62863e+16	3.21e-03	9.97e-01	1.55e-07
 6.72528e+16	3.33e-03	9.97e-01	1.41e-07
 6.83171e+16	3.46e-03	9.97e-01	1.27e-07
 6.97007e+16	3.64e-03	9.96e-01	1.12e-07
 7.10958e+16	3.86e-03	9.96e-01	9.89e-08
 7.21451e+16	4.05e-03	9.96e-01	9.05e-08
 7.29900e+16	4.22e-03	9.96e-01	8.42e-08
 7.39297e+16	4.40e-03	9.96e-01	7.76e-08
 7.51514e+16	4.67e-03	9.95e-01	6.99e-08
 7.64016e+16	4.99e-03	9.95e-01	6.34e-08
 7.73702e+16	5.28e-03	9.95e-01	5.89e-08
 7.81545e+16	5.54e-03	9.94e-01	5.54e-08
 7.90175e+16	5.84e-03	9.94e-01	5.17e-08
 8.01395e+16	6.28e-03	9.94e-01	4.73e-08
 8.12549e+16	6.82e-03	9.93e-01	4.36e-08
 8.20591e+16	7.29e-03	9.93e-01	4.12e-08
 8.26733e+16	7.68e-03	9.92e-01	3.94e-08
 8.33432e+16	8.12e-03	9.92e-01	3.75e-08
 8.42140e+16	8.79e-03	9.91e-01	3.50e-08
 8.51043e+16	9.64e-03	9.90e-01	3.29e-08
 8.57830e+16	1.04e-02	9.90e-01	3.14e-08
 8.63189e+16	1.11e-02	9.89e-01	3.02e-08
 8.69061e+16	1.19e-02	9.88e-01	2.89e-08
 8.76696e+16	1.32e-02	9.87e-01	2.73e-08
 8.84329e+16	1.48e-02	9.85e-01	2.59e-08
 8.89968e+16	1.62e-02	9.84e-01	2.50e-08
 8.94477e+16	1.76e-02	9.82e-01	2.42e-08
 8.98832e+16	1.91e-02	9.81e-01	2.35e-08
 9.03112e+16	2.08e-02	9.79e-01	2.28e-08
 9.07177e+16	2.26e-02	9.77e-01	2.21e-08
 9.10916e+16	2.47e-02	9.75e-01	2.16e-08
 9.14391e+16	2.69e-02	9.73e-01	2.11e-08
 9.17680e+16	2.92e-02	9.71e-01	2.06e-08
 9.20825e+16	3.18e-02	9.68e-01	2.02e-08
 9.23853e+16	3.47e-02	9.65e-01	1.99e-08
 9.26789e+16	3.79e-02	9.62e-01	1.96e-08
 9.29608e+16	4.14e-02	9.59e-01	1.93e-08
 9.32256e+16	4.53e-02	9.55e-01	1.91e-08
 9.34760e+16	4.95e-02	9.51e-01	1.89e-08
 9.37179e+16	5.41e-02	9.46e-01	1.87e-08
 9.39543e+16	5.93e-02	9.41e-01	1.86e-08
 9.41840e+16	6.51e-02	9.35e-01	1.85e-08
 9.44053e+16	7.15e-02	9.28e-01	1.85e-08
 9.46194e+16	7.86e-02	9.21e-01	1.85e-08
 9.48283e+16	8.64e-02	9.14e-01	1.86e-08
 9.50332e+16	9.52e-02	9.05e-01	1.87e-08
 9.52340e+16	1.05e-01	8.95e-01	1.89e-08
 9.54305e+16	1.16e-01	8.84e-01	1.92e-08
 9.56138e+16	1.27e-01	8.73e-01	1.94e-08
 9.57823e+16	1.39e-01	8.61e-01	1.98e-08
 9.59363e+16	1.52e-01	8.48e-01	2.01e-08
 9.60765e+16	1.64e-01	8.36e-01	2.05e-08
 9.62084e+16	1.76e-01	8.24e-01	2.09e-08
 9.63086e+16	1.86e-01	8.14e-01	2.12e-08
 9.63740e+16	1.93e-01	8.07e-01	2.14e-08
 9.64391e+16	2.01e-01	7.99e-01	2.16e-08
 9.65199e+16	2.11e-01	7.89e-01	2.18e-08
 9.66059e+16	2.22e-01	7.78e-01	2.21e-08
 9.66816e+16	2.31e-01	7.69e-01	2.25e-08
 9.67491e+16	2.41e-01	7.59e-01	2.28e-08
 9.68177e+16	2.50e-01	7.50e-01	2.31e-08
 9.68904e+16	2.61e-01	7.39e-01	2.34e-08
 9.69638e+16	2.72e-01	7.28e-01	2.37e-08
 9.70325e+16	2.83e-01	7.17e-01	2.41e-08
 9.70986e+16	2.95e-01	7.05e-01	2.44e-08
 9.71655e+16	3.06e-01	6.94e-01	2.48e-08
 9.72336e+16	3.18e-01	6.82e-01	2.51e-08
 9.73006e+16	3.30e-01	6.70e-01	2.55e-08
 9.73658e+16	3.43e-01	6.57e-01	2.58e-08
 9.74309e+16	3.56e-01	6.44e-01	2.62e-08
 9.74950e+16	3.69e-01	6.31e-01	2.66e-08
 9.75583e+16	3.82e-01	6.18e-01	2.69e-08
 9.76221e+16	3.96e-01	6.04e-01	2.73e-08
 9.76850e+16	4.09e-01	5.91e-01	2.77e-08
 9.77472e+16	4.23e-01	5.77e-01	2.80e-08
 9.78093e+16	4.38e-01	5.62e-01	2.84e-08
 9.78701e+16	4.52e-01	5.48e-01	2.87e-08
 9.79300e+16	4.66e-01	5.34e-01	2.91e-08
 9.79907e+16	4.81e-01	5.19e-01	2.94e-08
 9.80515e+16	4.96e-01	5.04e-01	2.97e-08
 9.81103e+16	5.10e-01	4.90e-01	3.00e-08
 9.81675e+16	5.24e-01	4.76e-01	3.03e-08
 9.82247e+16	5.39e-01	4.61e-01	3.06e-08
 9.82818e+16	5.53e-01	4.47e-01	3.08e-08
 9.83381e+16	5.68e-01	4.32e-01	3.11e-08
 9.83930e+16	5.81e-01	4.19e-01	3.13e-08
 9.84461e+16	5.95e-01	4.05e-01	3.15e-08
 9.84986e+16	6.09e-01	3.91e-01	3.17e-08
 9.85512e+16	6.22e-01	3.78e-01	3.18e-08
 9.86034e+16	6.35e-01	3.65e-01	3.20e-08
 9.86539e+16	6.48e-01	3.52e-01	3.21e-08
 9.87030e+16	6.60e-01	3.40e-01	3.22e-08
 9.87520e+16	6.73e-01	3.27e-01	3.23e-08
 9.88013e+16	6.84e-01	3.16e-01	3.24e-08
 9.88495e+16	6.96e-01	3.04e-01	3.25e-08
 9.88963e+16	7.07e-01	2.93e-01	3.25e-08
 9.89423e+16	7.18e-01	2.82e-01	3.25e-08
 9.89887e+16	7.29e-01	2.71e-01	3.25e-08
 9.90351e+16	7.39e-01	2.61e-01	3.25e-08
 9.90799e+16	7.49e-01	2.51e-01	3.25e-08
 9.91238e+16	7.59e-01	2.41e-01	3.24e-08
 9.91680e+16	7.68e-01	2.32e-01	3.24e-08
 9.92114e+16	7.77e-01	2.23e-01	3.22e-08
 9.92541e+16	7.86e-01	2.14e-01	3.22e-08
 9.92968e+16	7.95e-01	2.05e-01	3.21e-08
 9.93392e+16	8.03e-01	1.97e-01	3.20e-08
 9.93810e+16	8.11e-01	1.89e-01	3.18e-08
 9.94221e+16	8.18e-01	1.82e-01	3.17e-08
 9.94623e+16	8.25e-01	1.75e-01	3.16e-08
 9.95020e+16	8.33e-01	1.67e-01	3.13e-08
 9.95425e+16	8.39e-01	1.61e-01	3.11e-08
 9.95833e+16	8.46e-01	1.54e-01	3.10e-08
 9.96222e+16	8.52e-01	1.48e-01	3.09e-08
 9.96594e+16	8.58e-01	1.42e-01	3.06e-08
 9.96974e+16	8.64e-01	1.36e-01	3.03e-08
 9.97365e+16	8.69e-01	1.31e-01	3.01e-08
 9.97745e+16	8.75e-01	1.25e-01	2.99e-08
 9.98108e+16	8.80e-01	1.20e-01	2.96e-08
 9.98466e+16	8.84e-01	1.16e-01	2.93e-08
 9.98831e+16	8.89e-01	1.11e-01	2.91e-08
 9.99191e+16	8.94e-01	1.06e-01	2.88e-08
 9.99536e+16	8.98e-01	1.02e-01	2.85e-08
 9.99856e+16	9.02e-01	9.84e-02	2.82e-08
 1.00014e+17	9.05e-01	9.51e-02	2.79e-08
 1.00040e+17	9.08e-01	9.21e-02	2.76e-08
 1.00064e+17	9.11e-01	8.95e-02	2.73e-08
 1.00087e+17	9.13e-01	8.70e-02	2.70e-08
 1.00109e+17	9.15e-01	8.47e-02	2.67e-08
 1.00128e+17	9.17e-01	8.26e-02	2.65e-08
 1.00146e+17	9.19e-01	8.07e-02	2.62e-08
 1.00163e+17	9.21e-01	7.90e-02	2.59e-08
 1.00179e+17	9.23e-01	7.73e-02	2.57e-08
 1.00195e+17	9.24e-01	7.58e-02	2.55e-08
 1.00210e+17	9.26e-01	7.44e-02	2.52e-08
 1.00223e+17	9.27e-01	7.30e-02	2.50e-08
 1.00236e+17	9.28e-01	7.18e-02	2.48e-08
 1.00249e+17	9.29e-01	7.06e-02	2.46e-08
 1.00261e+17	9.31e-01	6.95e-02	2.44e-08
 1.00272e+17	9.32e-01	6.84e-02	2.42e-08
 1.00283e+17	9.33e-01	6.74e-02	2.40e-08
 1.00293e+17	9.34e-01	6.65e-02	2.38e-08
 1.00303e+17	9.34e-01	6.56e-02	2.36e-08
 1.00313e+17	9.35e-01	6.46e-02	2.34e-08
 1.00322e+17	9.36e-01	6.38e-02	2.32e-08
 1.00332e+17	9.37e-01	6.30e-02	2.30e-08
 1.00341e+17	9.38e-01	6.21e-02	2.28e-08
 1.00351e+17	9.39e-01	6.13e-02	2.26e-08
 1.00361e+17	9.40e-01	6.04e-02	2.23e-08
 1.00370e+17	9.40e-01	5.95e-02	2.21e-08
 1.00381e+17	9.41e-01	5.86e-02	2.19e-08
 1.00392e+17	9.42e-01	5.76e-02	2.16e-08
 1.00403e+17	9.43e-01	5.66e-02	2.13e-08
 1.00414e+17	9.44e-01	5.57e-02	2.10e-08
 1.00423e+17	9.45e-01	5.49e-02	2.07e-08
 1.00433e+17	9.46e-01	5.40e-02	2.04e-08
 1.00441e+17	9.47e-01	5.33e-02	2.02e-08
 1.00450e+17	9.47e-01	5.25e-02	1.99e-08
 1.00457e+17	9.48e-01	5.19e-02	1.97e-08
 1.00464e+17	9.49e-01	5.13e-02	1.94e-08
 1.00470e+17	9.49e-01	5.07e-02	1.92e-08
 1.00476e+17	9.50e-01	5.02e-02	1.90e-08
 1.00481e+17	9.50e-01	4.98e-02	1.89e-08
 1.00487e+17	9.51e-01	4.92e-02	1.87e-08
 1.00493e+17	9.51e-01	4.86e-02	1.85e-08
 1.00499e+17	9.52e-01	4.82e-02	1.83e-08
 1.00505e+17	9.52e-01	4.76e-02	1.81e-08
 1.00511e+17	9.53e-01	4.70e-02	1.78e-08
 1.00517e+17	9.54e-01	4.65e-02	1.77e-08
 1.00523e+17	9.54e-01	4.60e-02	1.75e-08
 1.00528e+17	9.54e-01	4.56e-02	1.73e-08
 1.00533e+17	9.55e-01	4.51e-02	1.71e-08
 1.00539e+17	9.55e-01	4.46e-02	1.69e-08
 1.00545e+17	9.56e-01	4.42e-02	1.68e-08
 1.00550e+17	9.56e-01	4.37e-02	1.66e-08
 1.00558e+17	9.57e-01	4.31e-02	1.64e-08
 1.00566e+17	9.57e-01	4.25e-02	1.62e-08
 1.00574e+17	9.58e-01	4.20e-02	1.61e-08
 1.00581e+17	9.59e-01	4.14e-02	1.59e-08
 1.00587e+17	9.59e-01	4.10e-02	1.57e-08
 1.00594e+17	9.60e-01	4.05e-02	1.55e-08
 1.00601e+17	9.60e-01	3.99e-02	1.54e-08
 1.00608e+17	9.60e-01	3.95e-02	1.52e-08
 1.00615e+17	9.61e-01	3.89e-02	1.50e-08
 1.00623e+17	9.62e-01	3.84e-02	1.49e-08
 1.00630e+17	9.62e-01	3.79e-02	1.47e-08
 1.00637e+17	9.63e-01	3.75e-02	1.45e-08
