#depth	O	O+	O+2	O+3	O+4	O+5	O+6	O+7	O+8	O[1]	O[2]	O[3]
 1.15133e+12	1.43e-06	1.95e-03	3.02e-01	6.76e-01	2.03e-02	1.42e-06	0.00e+00	0.00e+00	0.00e+00	1.12e-06	1.93e-07	1.17e-07
 6.90797e+12	1.44e-06	1.95e-03	3.02e-01	6.76e-01	2.02e-02	1.41e-06	0.00e+00	0.00e+00	0.00e+00	1.13e-06	1.93e-07	1.17e-07
 2.99345e+13	1.44e-06	1.96e-03	3.03e-01	6.75e-01	2.01e-02	1.40e-06	0.00e+00	0.00e+00	0.00e+00	1.13e-06	1.94e-07	1.17e-07
 1.22041e+14	1.46e-06	1.99e-03	3.07e-01	6.71e-01	1.96e-02	1.35e-06	0.00e+00	0.00e+00	0.00e+00	1.15e-06	1.97e-07	1.19e-07
 2.91516e+14	1.48e-06	2.03e-03	3.13e-01	6.66e-01	1.88e-02	1.27e-06	0.00e+00	0.00e+00	0.00e+00	1.16e-06	1.99e-07	1.20e-07
 5.11835e+14	1.51e-06	2.09e-03	3.22e-01	6.59e-01	1.78e-02	1.18e-06	0.00e+00	0.00e+00	0.00e+00	1.18e-06	2.03e-07	1.22e-07
 7.98248e+14	1.55e-06	2.17e-03	3.33e-01	6.48e-01	1.66e-02	1.07e-06	0.00e+00	0.00e+00	0.00e+00	1.22e-06	2.08e-07	1.25e-07
 1.17059e+15	1.62e-06	2.27e-03	3.48e-01	6.34e-01	1.52e-02	9.45e-07	0.00e+00	0.00e+00	0.00e+00	1.27e-06	2.16e-07	1.29e-07
 1.65463e+15	1.71e-06	2.42e-03	3.70e-01	6.14e-01	1.34e-02	8.00e-07	0.00e+00	0.00e+00	0.00e+00	1.35e-06	2.28e-07	1.36e-07
 2.28388e+15	1.85e-06	2.63e-03	4.00e-01	5.85e-01	1.14e-02	6.41e-07	0.00e+00	0.00e+00	0.00e+00	1.46e-06	2.45e-07	1.46e-07
 3.10190e+15	2.04e-06	2.93e-03	4.45e-01	5.43e-01	9.14e-03	4.76e-07	0.00e+00	0.00e+00	0.00e+00	1.61e-06	2.71e-07	1.61e-07
 4.16534e+15	2.34e-06	3.37e-03	5.09e-01	4.81e-01	6.64e-03	3.14e-07	0.00e+00	0.00e+00	0.00e+00	1.85e-06	3.10e-07	1.85e-07
 5.25880e+15	2.62e-06	3.83e-03	5.82e-01	4.10e-01	4.61e-03	1.98e-07	0.00e+00	0.00e+00	0.00e+00	2.07e-06	3.47e-07	2.07e-07
 6.15679e+15	2.89e-06	4.25e-03	6.48e-01	3.45e-01	3.24e-03	1.29e-07	0.00e+00	0.00e+00	0.00e+00	2.28e-06	3.83e-07	2.29e-07
 6.95880e+15	3.18e-06	4.67e-03	7.08e-01	2.85e-01	2.25e-03	0.00e+00	0.00e+00	0.00e+00	0.00e+00	2.51e-06	4.22e-07	2.53e-07
 7.87054e+15	3.58e-06	5.17e-03	7.76e-01	2.18e-01	1.38e-03	0.00e+00	0.00e+00	0.00e+00	0.00e+00	2.82e-06	4.76e-07	2.85e-07
 8.85290e+15	3.99e-06	5.68e-03	8.39e-01	1.54e-01	7.54e-04	0.00e+00	0.00e+00	0.00e+00	0.00e+00	3.14e-06	5.32e-07	3.19e-07
 9.77264e+15	4.38e-06	6.11e-03	8.88e-01	1.05e-01	3.95e-04	0.00e+00	0.00e+00	0.00e+00	0.00e+00	3.44e-06	5.83e-07	3.50e-07
 1.08139e+16	4.86e-06	6.57e-03	9.28e-01	6.51e-02	1.75e-04	0.00e+00	0.00e+00	0.00e+00	0.00e+00	3.82e-06	6.47e-07	3.88e-07
 1.21676e+16	5.45e-06	7.06e-03	9.59e-01	3.34e-02	5.68e-05	0.00e+00	0.00e+00	0.00e+00	0.00e+00	4.29e-06	7.25e-07	4.35e-07
 1.35793e+16	5.96e-06	7.43e-03	9.76e-01	1.66e-02	1.75e-05	0.00e+00	0.00e+00	0.00e+00	0.00e+00	4.69e-06	7.91e-07	4.75e-07
 1.49372e+16	6.46e-06	7.75e-03	9.84e-01	8.61e-03	5.67e-06	0.00e+00	0.00e+00	0.00e+00	0.00e+00	5.09e-06	8.58e-07	5.15e-07
 1.64310e+16	7.05e-06	8.08e-03	9.88e-01	4.32e-03	1.71e-06	0.00e+00	0.00e+00	0.00e+00	0.00e+00	5.55e-06	9.35e-07	5.61e-07
 1.80741e+16	7.72e-06	8.43e-03	9.89e-01	2.11e-03	4.82e-07	0.00e+00	0.00e+00	0.00e+00	0.00e+00	6.08e-06	1.02e-06	6.15e-07
 1.98815e+16	8.52e-06	8.81e-03	9.90e-01	1.00e-03	1.28e-07	0.00e+00	0.00e+00	0.00e+00	0.00e+00	6.71e-06	1.13e-06	6.80e-07
 2.18696e+16	9.52e-06	9.25e-03	9.90e-01	4.68e-04	0.00e+00	0.00e+00	0.00e+00	0.00e+00	0.00e+00	7.49e-06	1.26e-06	7.61e-07
 2.40566e+16	1.08e-05	9.76e-03	9.90e-01	2.14e-04	0.00e+00	0.00e+00	0.00e+00	0.00e+00	0.00e+00	8.47e-06	1.43e-06	8.63e-07
 2.64622e+16	1.24e-05	1.04e-02	9.90e-01	9.69e-05	0.00e+00	0.00e+00	0.00e+00	0.00e+00	0.00e+00	9.72e-06	1.65e-06	9.96e-07
 2.91085e+16	1.45e-05	1.11e-02	9.89e-01	4.39e-05	0.00e+00	0.00e+00	0.00e+00	0.00e+00	0.00e+00	1.14e-05	1.94e-06	1.17e-06
 3.20193e+16	1.73e-05	1.19e-02	9.88e-01	2.03e-05	0.00e+00	0.00e+00	0.00e+00	0.00e+00	0.00e+00	1.36e-05	2.33e-06	1.41e-06
 3.52212e+16	2.12e-05	1.30e-02	9.87e-01	9.88e-06	0.00e+00	0.00e+00	0.00e+00	0.00e+00	0.00e+00	1.66e-05	2.87e-06	1.74e-06
 3.87434e+16	2.69e-05	1.43e-02	9.86e-01	5.17e-06	0.00e+00	0.00e+00	0.00e+00	0.00e+00	0.00e+00	2.10e-05	3.66e-06	2.22e-06
 4.23299e+16	3.47e-05	1.60e-02	9.84e-01	3.10e-06	0.00e+00	0.00e+00	0.00e+00	0.00e+00	0.00e+00	2.71e-05	4.75e-06	2.90e-06
 4.56304e+16	4.46e-05	1.77e-02	9.82e-01	2.16e-06	0.00e+00	0.00e+00	0.00e+00	0.00e+00	0.00e+00	3.47e-05	6.15e-06	3.76e-06
 4.85750e+16	5.68e-05	1.97e-02	9.80e-01	1.66e-06	0.00e+00	0.00e+00	0.00e+00	0.00e+00	0.00e+00	4.41e-05	7.87e-06	4.82e-06
 5.06952e+16	6.87e-05	2.13e-02	9.79e-01	1.42e-06	0.00e+00	0.00e+00	0.00e+00	0.00e+00	0.00e+00	5.33e-05	9.57e-06	5.87e-06
 5.19469e+16	7.72e-05	2.25e-02	9.77e-01	1.30e-06	0.00e+00	0.00e+00	0.00e+00	0.00e+00	0.00e+00	5.98e-05	1.08e-05	6.61e-06
 5.31366e+16	8.58e-05	2.35e-02	9.76e-01	1.21e-06	0.00e+00	0.00e+00	0.00e+00	0.00e+00	0.00e+00	6.64e-05	1.20e-05	7.38e-06
 5.46831e+16	9.88e-05	2.51e-02	9.75e-01	1.10e-06	0.00e+00	0.00e+00	0.00e+00	0.00e+00	0.00e+00	7.64e-05	1.39e-05	8.54e-06
 5.64014e+16	1.17e-04	2.70e-02	9.73e-01	1.01e-06	0.00e+00	0.00e+00	0.00e+00	0.00e+00	0.00e+00	9.02e-05	1.65e-05	1.02e-05
 5.79301e+16	1.37e-04	2.91e-02	9.71e-01	9.29e-07	0.00e+00	0.00e+00	0.00e+00	0.00e+00	0.00e+00	1.06e-04	1.94e-05	1.20e-05
 5.92116e+16	1.57e-04	3.10e-02	9.69e-01	8.71e-07	0.00e+00	0.00e+00	0.00e+00	0.00e+00	0.00e+00	1.21e-04	2.24e-05	1.38e-05
 6.05846e+16	1.82e-04	3.32e-02	9.67e-01	8.18e-07	0.00e+00	0.00e+00	0.00e+00	0.00e+00	0.00e+00	1.40e-04	2.60e-05	1.60e-05
 6.21076e+16	2.16e-04	3.61e-02	9.64e-01	7.63e-07	0.00e+00	0.00e+00	0.00e+00	0.00e+00	0.00e+00	1.66e-04	3.10e-05	1.91e-05
 6.34596e+16	2.55e-04	3.91e-02	9.61e-01	7.15e-07	0.00e+00	0.00e+00	0.00e+00	0.00e+00	0.00e+00	1.96e-04	3.67e-05	2.25e-05
 6.45940e+16	2.94e-04	4.19e-02	9.58e-01	6.77e-07	0.00e+00	0.00e+00	0.00e+00	0.00e+00	0.00e+00	2.25e-04	4.24e-05	2.60e-05
 6.58118e+16	3.41e-04	4.51e-02	9.55e-01	6.42e-07	0.00e+00	0.00e+00	0.00e+00	0.00e+00	0.00e+00	2.62e-04	4.94e-05	3.02e-05
 6.71721e+16	4.08e-04	4.94e-02	9.50e-01	6.01e-07	0.00e+00	0.00e+00	0.00e+00	0.00e+00	0.00e+00	3.13e-04	5.94e-05	3.62e-05
 6.83941e+16	4.86e-04	5.39e-02	9.46e-01	5.65e-07	0.00e+00	0.00e+00	0.00e+00	0.00e+00	0.00e+00	3.72e-04	7.08e-05	4.30e-05
 6.94256e+16	5.65e-04	5.83e-02	9.41e-01	5.34e-07	0.00e+00	0.00e+00	0.00e+00	0.00e+00	0.00e+00	4.32e-04	8.25e-05	5.00e-05
 7.05331e+16	6.62e-04	6.33e-02	9.36e-01	5.05e-07	0.00e+00	0.00e+00	0.00e+00	0.00e+00	0.00e+00	5.06e-04	9.71e-05	5.87e-05
 7.17727e+16	8.02e-04	7.00e-02	9.29e-01	4.71e-07	0.00e+00	0.00e+00	0.00e+00	0.00e+00	0.00e+00	6.13e-04	1.18e-04	7.12e-05
 7.28916e+16	9.65e-04	7.71e-02	9.22e-01	4.39e-07	0.00e+00	0.00e+00	0.00e+00	0.00e+00	0.00e+00	7.37e-04	1.42e-04	8.57e-05
 7.38422e+16	1.14e-03	8.41e-02	9.15e-01	4.13e-07	0.00e+00	0.00e+00	0.00e+00	0.00e+00	0.00e+00	8.67e-04	1.68e-04	1.01e-04
 7.48665e+16	1.35e-03	9.23e-02	9.06e-01	3.85e-07	0.00e+00	0.00e+00	0.00e+00	0.00e+00	0.00e+00	1.03e-03	2.00e-04	1.20e-04
 7.60161e+16	1.66e-03	1.03e-01	8.95e-01	3.54e-07	0.00e+00	0.00e+00	0.00e+00	0.00e+00	0.00e+00	1.27e-03	2.47e-04	1.48e-04
 7.70613e+16	2.03e-03	1.15e-01	8.83e-01	3.24e-07	0.00e+00	0.00e+00	0.00e+00	0.00e+00	0.00e+00	1.55e-03	3.04e-04	1.81e-04
 7.79509e+16	2.43e-03	1.27e-01	8.71e-01	2.99e-07	0.00e+00	0.00e+00	0.00e+00	0.00e+00	0.00e+00	1.85e-03	3.64e-04	2.16e-04
 7.89057e+16	2.93e-03	1.41e-01	8.57e-01	2.73e-07	0.00e+00	0.00e+00	0.00e+00	0.00e+00	0.00e+00	2.23e-03	4.41e-04	2.61e-04
 7.99656e+16	3.68e-03	1.59e-01	8.37e-01	2.44e-07	0.00e+00	0.00e+00	0.00e+00	0.00e+00	0.00e+00	2.80e-03	5.54e-04	3.28e-04
 8.08941e+16	4.55e-03	1.78e-01	8.17e-01	2.17e-07	0.00e+00	0.00e+00	0.00e+00	0.00e+00	0.00e+00	3.46e-03	6.86e-04	4.05e-04
 8.16478e+16	5.45e-03	1.96e-01	7.98e-01	1.95e-07	0.00e+00	0.00e+00	0.00e+00	0.00e+00	0.00e+00	4.14e-03	8.20e-04	4.84e-04
 8.24420e+16	6.55e-03	2.17e-01	7.77e-01	1.77e-07	0.00e+00	0.00e+00	0.00e+00	0.00e+00	0.00e+00	4.98e-03	9.85e-04	5.81e-04
 8.33364e+16	8.18e-03	2.44e-01	7.48e-01	1.53e-07	0.00e+00	0.00e+00	0.00e+00	0.00e+00	0.00e+00	6.22e-03	1.23e-03	7.25e-04
 8.41398e+16	1.01e-02	2.73e-01	7.17e-01	1.30e-07	0.00e+00	0.00e+00	0.00e+00	0.00e+00	0.00e+00	7.72e-03	1.52e-03	8.98e-04
 8.47951e+16	1.21e-02	2.99e-01	6.89e-01	0.00e+00	0.00e+00	0.00e+00	0.00e+00	0.00e+00	0.00e+00	9.24e-03	1.82e-03	1.07e-03
 8.54789e+16	1.46e-02	3.28e-01	6.57e-01	0.00e+00	0.00e+00	0.00e+00	0.00e+00	0.00e+00	0.00e+00	1.11e-02	2.19e-03	1.29e-03
 8.62424e+16	1.82e-02	3.66e-01	6.16e-01	0.00e+00	0.00e+00	0.00e+00	0.00e+00	0.00e+00	0.00e+00	1.38e-02	2.72e-03	1.60e-03
 8.69317e+16	2.24e-02	4.04e-01	5.74e-01	0.00e+00	0.00e+00	0.00e+00	0.00e+00	0.00e+00	0.00e+00	1.71e-02	3.35e-03	1.97e-03
 8.75108e+16	2.69e-02	4.39e-01	5.34e-01	0.00e+00	0.00e+00	0.00e+00	0.00e+00	0.00e+00	0.00e+00	2.05e-02	4.00e-03	2.36e-03
 8.81243e+16	3.24e-02	4.77e-01	4.91e-01	0.00e+00	0.00e+00	0.00e+00	0.00e+00	0.00e+00	0.00e+00	2.48e-02	4.83e-03	2.85e-03
 8.88038e+16	4.06e-02	5.23e-01	4.37e-01	0.00e+00	0.00e+00	0.00e+00	0.00e+00	0.00e+00	0.00e+00	3.10e-02	6.02e-03	3.56e-03
 8.94009e+16	4.97e-02	5.64e-01	3.86e-01	0.00e+00	0.00e+00	0.00e+00	0.00e+00	0.00e+00	0.00e+00	3.80e-02	7.34e-03	4.35e-03
 8.99013e+16	5.91e-02	5.99e-01	3.42e-01	0.00e+00	0.00e+00	0.00e+00	0.00e+00	0.00e+00	0.00e+00	4.52e-02	8.70e-03	5.16e-03
 9.03352e+16	6.89e-02	6.28e-01	3.03e-01	0.00e+00	0.00e+00	0.00e+00	0.00e+00	0.00e+00	0.00e+00	5.27e-02	1.01e-02	6.01e-03
 9.07135e+16	7.87e-02	6.52e-01	2.70e-01	0.00e+00	0.00e+00	0.00e+00	0.00e+00	0.00e+00	0.00e+00	6.03e-02	1.15e-02	6.85e-03
 9.11286e+16	9.11e-02	6.75e-01	2.34e-01	0.00e+00	0.00e+00	0.00e+00	0.00e+00	0.00e+00	0.00e+00	6.99e-02	1.32e-02	7.91e-03
 9.15671e+16	1.07e-01	6.97e-01	1.96e-01	0.00e+00	0.00e+00	0.00e+00	0.00e+00	0.00e+00	0.00e+00	8.22e-02	1.55e-02	9.26e-03
 9.19224e+16	1.22e-01	7.11e-01	1.67e-01	0.00e+00	0.00e+00	0.00e+00	0.00e+00	0.00e+00	0.00e+00	9.39e-02	1.75e-02	1.05e-02
 9.22067e+16	1.36e-01	7.19e-01	1.45e-01	0.00e+00	0.00e+00	0.00e+00	0.00e+00	0.00e+00	0.00e+00	1.04e-01	1.94e-02	1.17e-02
 9.25123e+16	1.52e-01	7.25e-01	1.24e-01	0.00e+00	0.00e+00	0.00e+00	0.00e+00	0.00e+00	0.00e+00	1.17e-01	2.15e-02	1.30e-02
 9.28479e+16	1.72e-01	7.27e-01	1.02e-01	0.00e+00	0.00e+00	0.00e+00	0.00e+00	0.00e+00	0.00e+00	1.33e-01	2.42e-02	1.47e-02
 9.31430e+16	1.92e-01	7.24e-01	8.40e-02	0.00e+00	0.00e+00	0.00e+00	0.00e+00	0.00e+00	0.00e+00	1.49e-01	2.68e-02	1.64e-02
 9.33895e+16	2.11e-01	7.19e-01	7.08e-02	0.00e+00	0.00e+00	0.00e+00	0.00e+00	0.00e+00	0.00e+00	1.64e-01	2.91e-02	1.79e-02
 9.36525e+16	2.32e-01	7.10e-01	5.84e-02	0.00e+00	0.00e+00	0.00e+00	0.00e+00	0.00e+00	0.00e+00	1.81e-01	3.17e-02	1.96e-02
 9.39407e+16	2.58e-01	6.95e-01	4.63e-02	0.00e+00	0.00e+00	0.00e+00	0.00e+00	0.00e+00	0.00e+00	2.02e-01	3.49e-02	2.17e-02
 9.41918e+16	2.85e-01	6.78e-01	3.70e-02	0.00e+00	0.00e+00	0.00e+00	0.00e+00	0.00e+00	0.00e+00	2.23e-01	3.79e-02	2.37e-02
 9.43986e+16	3.07e-01	6.63e-01	3.06e-02	0.00e+00	0.00e+00	0.00e+00	0.00e+00	0.00e+00	0.00e+00	2.41e-01	4.04e-02	2.54e-02
 9.46181e+16	3.32e-01	6.43e-01	2.47e-02	0.00e+00	0.00e+00	0.00e+00	0.00e+00	0.00e+00	0.00e+00	2.62e-01	4.30e-02	2.73e-02
 9.48655e+16	3.63e-01	6.18e-01	1.90e-02	0.00e+00	0.00e+00	0.00e+00	0.00e+00	0.00e+00	0.00e+00	2.88e-01	4.62e-02	2.95e-02
 9.50909e+16	3.95e-01	5.91e-01	1.47e-02	0.00e+00	0.00e+00	0.00e+00	0.00e+00	0.00e+00	0.00e+00	3.14e-01	4.92e-02	3.17e-02
 9.52819e+16	4.22e-01	5.66e-01	1.17e-02	0.00e+00	0.00e+00	0.00e+00	0.00e+00	0.00e+00	0.00e+00	3.37e-01	5.16e-02	3.36e-02
 9.54693e+16	4.50e-01	5.41e-01	9.27e-03	0.00e+00	0.00e+00	0.00e+00	0.00e+00	0.00e+00	0.00e+00	3.60e-01	5.38e-02	3.54e-02
 9.56691e+16	4.81e-01	5.12e-01	7.12e-03	0.00e+00	0.00e+00	0.00e+00	0.00e+00	0.00e+00	0.00e+00	3.87e-01	5.61e-02	3.73e-02
 9.58560e+16	5.11e-01	4.83e-01	5.48e-03	0.00e+00	0.00e+00	0.00e+00	0.00e+00	0.00e+00	0.00e+00	4.14e-01	5.82e-02	3.91e-02
 9.60116e+16	5.37e-01	4.59e-01	4.37e-03	0.00e+00	0.00e+00	0.00e+00	0.00e+00	0.00e+00	0.00e+00	4.36e-01	5.97e-02	4.04e-02
 9.61458e+16	5.58e-01	4.38e-01	3.58e-03	0.00e+00	0.00e+00	0.00e+00	0.00e+00	0.00e+00	0.00e+00	4.56e-01	6.08e-02	4.15e-02
 9.62749e+16	5.80e-01	4.17e-01	2.93e-03	0.00e+00	0.00e+00	0.00e+00	0.00e+00	0.00e+00	0.00e+00	4.75e-01	6.16e-02	4.25e-02
 9.63794e+16	5.97e-01	4.00e-01	2.48e-03	0.00e+00	0.00e+00	0.00e+00	0.00e+00	0.00e+00	0.00e+00	4.92e-01	6.22e-02	4.32e-02
 9.64481e+16	6.08e-01	3.90e-01	2.23e-03	0.00e+00	0.00e+00	0.00e+00	0.00e+00	0.00e+00	0.00e+00	5.01e-01	6.25e-02	4.36e-02
 9.65112e+16	6.17e-01	3.81e-01	2.01e-03	0.00e+00	0.00e+00	0.00e+00	0.00e+00	0.00e+00	0.00e+00	5.11e-01	6.27e-02	4.40e-02
 9.65891e+16	6.30e-01	3.68e-01	1.77e-03	0.00e+00	0.00e+00	0.00e+00	0.00e+00	0.00e+00	0.00e+00	5.23e-01	6.30e-02	4.44e-02
 9.66745e+16	6.44e-01	3.54e-01	1.53e-03	0.00e+00	0.00e+00	0.00e+00	0.00e+00	0.00e+00	0.00e+00	5.36e-01	6.32e-02	4.49e-02
 9.67517e+16	6.57e-01	3.42e-01	1.33e-03	0.00e+00	0.00e+00	0.00e+00	0.00e+00	0.00e+00	0.00e+00	5.48e-01	6.34e-02	4.52e-02
 9.68208e+16	6.68e-01	3.31e-01	1.18e-03	0.00e+00	0.00e+00	0.00e+00	0.00e+00	0.00e+00	0.00e+00	5.59e-01	6.34e-02	4.55e-02
 9.68892e+16	6.79e-01	3.20e-01	1.05e-03	0.00e+00	0.00e+00	0.00e+00	0.00e+00	0.00e+00	0.00e+00	5.69e-01	6.34e-02	4.58e-02
 9.69611e+16	6.91e-01	3.09e-01	9.15e-04	0.00e+00	0.00e+00	0.00e+00	0.00e+00	0.00e+00	0.00e+00	5.81e-01	6.34e-02	4.60e-02
 9.70335e+16	7.02e-01	2.97e-01	8.00e-04	0.00e+00	0.00e+00	0.00e+00	0.00e+00	0.00e+00	0.00e+00	5.92e-01	6.33e-02	4.62e-02
 9.71029e+16	7.13e-01	2.86e-01	7.01e-04	0.00e+00	0.00e+00	0.00e+00	0.00e+00	0.00e+00	0.00e+00	6.03e-01	6.31e-02	4.63e-02
 9.71705e+16	7.23e-01	2.76e-01	6.16e-04	0.00e+00	0.00e+00	0.00e+00	0.00e+00	0.00e+00	0.00e+00	6.14e-01	6.29e-02	4.64e-02
 9.72376e+16	7.34e-01	2.66e-01	5.39e-04	0.00e+00	0.00e+00	0.00e+00	0.00e+00	0.00e+00	0.00e+00	6.25e-01	6.26e-02	4.65e-02
 9.73042e+16	7.43e-01	2.56e-01	4.73e-04	0.00e+00	0.00e+00	0.00e+00	0.00e+00	0.00e+00	0.00e+00	6.35e-01	6.23e-02	4.65e-02
 9.73709e+16	7.53e-01	2.46e-01	4.14e-04	0.00e+00	0.00e+00	0.00e+00	0.00e+00	0.00e+00	0.00e+00	6.45e-01	6.20e-02	4.65e-02
 9.74376e+16	7.63e-01	2.36e-01	3.61e-04	0.00e+00	0.00e+00	0.00e+00	0.00e+00	0.00e+00	0.00e+00	6.55e-01	6.16e-02	4.64e-02
 9.75021e+16	7.72e-01	2.27e-01	3.16e-04	0.00e+00	0.00e+00	0.00e+00	0.00e+00	0.00e+00	0.00e+00	6.65e-01	6.11e-02	4.64e-02
 9.75652e+16	7.81e-01	2.19e-01	2.77e-04	0.00e+00	0.00e+00	0.00e+00	0.00e+00	0.00e+00	0.00e+00	6.74e-01	6.07e-02	4.62e-02
 9.76295e+16	7.90e-01	2.10e-01	2.41e-04	0.00e+00	0.00e+00	0.00e+00	0.00e+00	0.00e+00	0.00e+00	6.84e-01	6.02e-02	4.61e-02
 9.76942e+16	7.99e-01	2.01e-01	2.09e-04	0.00e+00	0.00e+00	0.00e+00	0.00e+00	0.00e+00	0.00e+00	6.93e-01	5.97e-02	4.59e-02
 9.77566e+16	8.07e-01	1.93e-01	1.83e-04	0.00e+00	0.00e+00	0.00e+00	0.00e+00	0.00e+00	0.00e+00	7.02e-01	5.91e-02	4.57e-02
 9.78177e+16	8.15e-01	1.85e-01	1.60e-04	0.00e+00	0.00e+00	0.00e+00	0.00e+00	0.00e+00	0.00e+00	7.11e-01	5.86e-02	4.55e-02
 9.78791e+16	8.22e-01	1.77e-01	1.39e-04	0.00e+00	0.00e+00	0.00e+00	0.00e+00	0.00e+00	0.00e+00	7.19e-01	5.80e-02	4.52e-02
 9.79412e+16	8.30e-01	1.70e-01	1.21e-04	0.00e+00	0.00e+00	0.00e+00	0.00e+00	0.00e+00	0.00e+00	7.28e-01	5.74e-02	4.49e-02
 9.80028e+16	8.38e-01	1.62e-01	1.05e-04	0.00e+00	0.00e+00	0.00e+00	0.00e+00	0.00e+00	0.00e+00	7.36e-01	5.67e-02	4.46e-02
 9.80622e+16	8.44e-01	1.56e-01	9.14e-05	0.00e+00	0.00e+00	0.00e+00	0.00e+00	0.00e+00	0.00e+00	7.44e-01	5.61e-02	4.43e-02
 9.81209e+16	8.51e-01	1.49e-01	7.96e-05	0.00e+00	0.00e+00	0.00e+00	0.00e+00	0.00e+00	0.00e+00	7.52e-01	5.55e-02	4.40e-02
 9.81800e+16	8.57e-01	1.43e-01	6.92e-05	0.00e+00	0.00e+00	0.00e+00	0.00e+00	0.00e+00	0.00e+00	7.59e-01	5.48e-02	4.36e-02
 9.82384e+16	8.63e-01	1.36e-01	6.02e-05	0.00e+00	0.00e+00	0.00e+00	0.00e+00	0.00e+00	0.00e+00	7.66e-01	5.42e-02	4.33e-02
 9.82958e+16	8.70e-01	1.30e-01	5.23e-05	0.00e+00	0.00e+00	0.00e+00	0.00e+00	0.00e+00	0.00e+00	7.73e-01	5.35e-02	4.29e-02
 9.83523e+16	8.75e-01	1.25e-01	4.56e-05	0.00e+00	0.00e+00	0.00e+00	0.00e+00	0.00e+00	0.00e+00	7.80e-01	5.29e-02	4.25e-02
 9.84078e+16	8.80e-01	1.20e-01	3.98e-05	0.00e+00	0.00e+00	0.00e+00	0.00e+00	0.00e+00	0.00e+00	7.86e-01	5.23e-02	4.21e-02
 9.84623e+16	8.85e-01	1.15e-01	3.48e-05	0.00e+00	0.00e+00	0.00e+00	0.00e+00	0.00e+00	0.00e+00	7.92e-01	5.16e-02	4.18e-02
 9.85159e+16	8.90e-01	1.10e-01	3.04e-05	0.00e+00	0.00e+00	0.00e+00	0.00e+00	0.00e+00	0.00e+00	7.98e-01	5.10e-02	4.14e-02
 9.85693e+16	8.95e-01	1.05e-01	2.65e-05	0.00e+00	0.00e+00	0.00e+00	0.00e+00	0.00e+00	0.00e+00	8.04e-01	5.04e-02	4.10e-02
 9.86221e+16	8.99e-01	1.01e-01	2.32e-05	0.00e+00	0.00e+00	0.00e+00	0.00e+00	0.00e+00	0.00e+00	8.09e-01	4.98e-02	4.06e-02
 9.86734e+16	9.04e-01	9.63e-02	2.03e-05	0.00e+00	0.00e+00	0.00e+00	0.00e+00	0.00e+00	0.00e+00	8.14e-01	4.92e-02	4.02e-02
 9.87234e+16	9.08e-01	9.23e-02	1.79e-05	0.00e+00	0.00e+00	0.00e+00	0.00e+00	0.00e+00	0.00e+00	8.19e-01	4.86e-02	3.99e-02
 9.87734e+16	9.11e-01	8.85e-02	1.57e-05	0.00e+00	0.00e+00	0.00e+00	0.00e+00	0.00e+00	0.00e+00	8.24e-01	4.81e-02	3.95e-02
 9.88234e+16	9.15e-01	8.48e-02	1.38e-05	0.00e+00	0.00e+00	0.00e+00	0.00e+00	0.00e+00	0.00e+00	8.28e-01	4.76e-02	3.91e-02
 9.88722e+16	9.19e-01	8.13e-02	1.21e-05	0.00e+00	0.00e+00	0.00e+00	0.00e+00	0.00e+00	0.00e+00	8.33e-01	4.70e-02	3.88e-02
 9.89197e+16	9.22e-01	7.80e-02	1.07e-05	0.00e+00	0.00e+00	0.00e+00	0.00e+00	0.00e+00	0.00e+00	8.37e-01	4.65e-02	3.84e-02
 9.89665e+16	9.25e-01	7.48e-02	9.42e-06	0.00e+00	0.00e+00	0.00e+00	0.00e+00	0.00e+00	0.00e+00	8.41e-01	4.60e-02	3.81e-02
 9.90136e+16	9.28e-01	7.18e-02	8.30e-06	0.00e+00	0.00e+00	0.00e+00	0.00e+00	0.00e+00	0.00e+00	8.45e-01	4.55e-02	3.77e-02
 9.90606e+16	9.31e-01	6.88e-02	7.31e-06	0.00e+00	0.00e+00	0.00e+00	0.00e+00	0.00e+00	0.00e+00	8.49e-01	4.51e-02	3.74e-02
 9.91060e+16	9.34e-01	6.60e-02	6.47e-06	0.00e+00	0.00e+00	0.00e+00	0.00e+00	0.00e+00	0.00e+00	8.52e-01	4.46e-02	3.71e-02
 9.91502e+16	9.37e-01	6.34e-02	5.73e-06	0.00e+00	0.00e+00	0.00e+00	0.00e+00	0.00e+00	0.00e+00	8.56e-01	4.41e-02	3.67e-02
 9.91950e+16	9.39e-01	6.08e-02	5.07e-06	0.00e+00	0.00e+00	0.00e+00	0.00e+00	0.00e+00	0.00e+00	8.59e-01	4.37e-02	3.64e-02
 9.92396e+16	9.42e-01	5.83e-02	4.48e-06	0.00e+00	0.00e+00	0.00e+00	0.00e+00	0.00e+00	0.00e+00	8.63e-01	4.32e-02	3.60e-02
 9.92831e+16	9.44e-01	5.60e-02	3.98e-06	0.00e+00	0.00e+00	0.00e+00	0.00e+00	0.00e+00	0.00e+00	8.65e-01	4.28e-02	3.57e-02
 9.93261e+16	9.46e-01	5.38e-02	3.53e-06	0.00e+00	0.00e+00	0.00e+00	0.00e+00	0.00e+00	0.00e+00	8.68e-01	4.24e-02	3.53e-02
 9.93688e+16	9.48e-01	5.16e-02	3.13e-06	0.00e+00	0.00e+00	0.00e+00	0.00e+00	0.00e+00	0.00e+00	8.71e-01	4.20e-02	3.50e-02
 9.94112e+16	9.50e-01	4.96e-02	2.78e-06	0.00e+00	0.00e+00	0.00e+00	0.00e+00	0.00e+00	0.00e+00	8.74e-01	4.16e-02	3.47e-02
 9.94531e+16	9.52e-01	4.75e-02	2.47e-06	0.00e+00	0.00e+00	0.00e+00	0.00e+00	0.00e+00	0.00e+00	8.77e-01	4.12e-02	3.43e-02
 9.94939e+16	9.54e-01	4.56e-02	2.21e-06	0.00e+00	0.00e+00	0.00e+00	0.00e+00	0.00e+00	0.00e+00	8.79e-01	4.09e-02	3.40e-02
 9.95343e+16	9.56e-01	4.39e-02	1.97e-06	0.00e+00	0.00e+00	0.00e+00	0.00e+00	0.00e+00	0.00e+00	8.82e-01	4.05e-02	3.37e-02
 9.95754e+16	9.58e-01	4.21e-02	1.75e-06	0.00e+00	0.00e+00	0.00e+00	0.00e+00	0.00e+00	0.00e+00	8.84e-01	4.02e-02	3.34e-02
 9.96162e+16	9.60e-01	4.04e-02	1.56e-06	0.00e+00	0.00e+00	0.00e+00	0.00e+00	0.00e+00	0.00e+00	8.87e-01	3.98e-02	3.31e-02
 9.96557e+16	9.61e-01	3.88e-02	1.39e-06	0.00e+00	0.00e+00	0.00e+00	0.00e+00	0.00e+00	0.00e+00	8.89e-01	3.95e-02	3.29e-02
 9.96944e+16	9.63e-01	3.73e-02	1.25e-06	0.00e+00	0.00e+00	0.00e+00	0.00e+00	0.00e+00	0.00e+00	8.91e-01	3.92e-02	3.26e-02
 9.97333e+16	9.64e-01	3.58e-02	1.12e-06	0.00e+00	0.00e+00	0.00e+00	0.00e+00	0.00e+00	0.00e+00	8.93e-01	3.89e-02	3.23e-02
 9.97723e+16	9.66e-01	3.44e-02	9.98e-07	0.00e+00	0.00e+00	0.00e+00	0.00e+00	0.00e+00	0.00e+00	8.95e-01	3.86e-02	3.21e-02
 9.98105e+16	9.67e-01	3.30e-02	8.94e-07	0.00e+00	0.00e+00	0.00e+00	0.00e+00	0.00e+00	0.00e+00	8.97e-01	3.83e-02	3.18e-02
 9.98478e+16	9.68e-01	3.17e-02	8.03e-07	0.00e+00	0.00e+00	0.00e+00	0.00e+00	0.00e+00	0.00e+00	8.99e-01	3.80e-02	3.16e-02
 9.98849e+16	9.70e-01	3.04e-02	7.21e-07	0.00e+00	0.00e+00	0.00e+00	0.00e+00	0.00e+00	0.00e+00	9.00e-01	3.78e-02	3.13e-02
 9.99218e+16	9.71e-01	2.92e-02	6.48e-07	0.00e+00	0.00e+00	0.00e+00	0.00e+00	0.00e+00	0.00e+00	9.02e-01	3.75e-02	3.11e-02
 9.99583e+16	9.72e-01	2.80e-02	5.83e-07	0.00e+00	0.00e+00	0.00e+00	0.00e+00	0.00e+00	0.00e+00	9.04e-01	3.72e-02	3.09e-02
 9.99942e+16	9.73e-01	2.69e-02	5.25e-07	0.00e+00	0.00e+00	0.00e+00	0.00e+00	0.00e+00	0.00e+00	9.05e-01	3.70e-02	3.06e-02
 1.00029e+17	9.74e-01	2.58e-02	4.74e-07	0.00e+00	0.00e+00	0.00e+00	0.00e+00	0.00e+00	0.00e+00	9.07e-01	3.67e-02	3.04e-02
 1.00063e+17	9.75e-01	2.48e-02	4.30e-07	0.00e+00	0.00e+00	0.00e+00	0.00e+00	0.00e+00	0.00e+00	9.08e-01	3.65e-02	3.02e-02
 1.00094e+17	9.76e-01	2.39e-02	3.94e-07	0.00e+00	0.00e+00	0.00e+00	0.00e+00	0.00e+00	0.00e+00	9.10e-01	3.63e-02	3.00e-02
 1.00121e+17	9.77e-01	2.32e-02	3.64e-07	0.00e+00	0.00e+00	0.00e+00	0.00e+00	0.00e+00	0.00e+00	9.11e-01	3.61e-02	2.99e-02
 1.00147e+17	9.77e-01	2.25e-02	3.39e-07	0.00e+00	0.00e+00	0.00e+00	0.00e+00	0.00e+00	0.00e+00	9.12e-01	3.60e-02	2.97e-02
 1.00171e+17	9.78e-01	2.19e-02	3.16e-07	0.00e+00	0.00e+00	0.00e+00	0.00e+00	0.00e+00	0.00e+00	9.13e-01	3.58e-02	2.96e-02
 1.00193e+17	9.79e-01	2.13e-02	2.97e-07	0.00e+00	0.00e+00	0.00e+00	0.00e+00	0.00e+00	0.00e+00	9.14e-01	3.57e-02	2.94e-02
 1.00214e+17	9.79e-01	2.07e-02	2.80e-07	0.00e+00	0.00e+00	0.00e+00	0.00e+00	0.00e+00	0.00e+00	9.14e-01	3.55e-02	2.93e-02
 1.00233e+17	9.80e-01	2.03e-02	2.65e-07	0.00e+00	0.00e+00	0.00e+00	0.00e+00	0.00e+00	0.00e+00	9.15e-01	3.54e-02	2.92e-02
 1.00250e+17	9.80e-01	1.98e-02	2.52e-07	0.00e+00	0.00e+00	0.00e+00	0.00e+00	0.00e+00	0.00e+00	9.16e-01	3.53e-02	2.91e-02
 1.00267e+17	9.81e-01	1.94e-02	2.40e-07	0.00e+00	0.00e+00	0.00e+00	0.00e+00	0.00e+00	0.00e+00	9.16e-01	3.52e-02	2.90e-02
 1.00283e+17	9.81e-01	1.90e-02	2.30e-07	0.00e+00	0.00e+00	0.00e+00	0.00e+00	0.00e+00	0.00e+00	9.17e-01	3.50e-02	2.89e-02
 1.00298e+17	9.81e-01	1.86e-02	2.20e-07	0.00e+00	0.00e+00	0.00e+00	0.00e+00	0.00e+00	0.00e+00	9.18e-01	3.49e-02	2.88e-02
 1.00313e+17	9.82e-01	1.82e-02	2.11e-07	0.00e+00	0.00e+00	0.00e+00	0.00e+00	0.00e+00	0.00e+00	9.18e-01	3.48e-02	2.87e-02
 1.00326e+17	9.82e-01	1.79e-02	2.03e-07	0.00e+00	0.00e+00	0.00e+00	0.00e+00	0.00e+00	0.00e+00	9.19e-01	3.47e-02	2.86e-02
 1.00339e+17	9.82e-01	1.76e-02	1.96e-07	0.00e+00	0.00e+00	0.00e+00	0.00e+00	0.00e+00	0.00e+00	9.19e-01	3.46e-02	2.85e-02
 1.00351e+17	9.83e-01	1.72e-02	1.89e-07	0.00e+00	0.00e+00	0.00e+00	0.00e+00	0.00e+00	0.00e+00	9.20e-01	3.45e-02	2.84e-02
 1.00363e+17	9.83e-01	1.69e-02	1.82e-07	0.00e+00	0.00e+00	0.00e+00	0.00e+00	0.00e+00	0.00e+00	9.20e-01	3.44e-02	2.83e-02
 1.00374e+17	9.83e-01	1.67e-02	1.77e-07	0.00e+00	0.00e+00	0.00e+00	0.00e+00	0.00e+00	0.00e+00	9.21e-01	3.43e-02	2.82e-02
 1.00385e+17	9.84e-01	1.64e-02	1.71e-07	0.00e+00	0.00e+00	0.00e+00	0.00e+00	0.00e+00	0.00e+00	9.21e-01	3.42e-02	2.81e-02
 1.00395e+17	9.84e-01	1.61e-02	1.66e-07	0.00e+00	0.00e+00	0.00e+00	0.00e+00	0.00e+00	0.00e+00	9.22e-01	3.41e-02	2.80e-02
 1.00405e+17	9.84e-01	1.58e-02	1.61e-07	0.00e+00	0.00e+00	0.00e+00	0.00e+00	0.00e+00	0.00e+00	9.22e-01	3.41e-02	2.79e-02
 1.00415e+17	9.84e-01	1.56e-02	1.57e-07	0.00e+00	0.00e+00	0.00e+00	0.00e+00	0.00e+00	0.00e+00	9.23e-01	3.40e-02	2.79e-02
 1.00424e+17	9.85e-01	1.53e-02	1.52e-07	0.00e+00	0.00e+00	0.00e+00	0.00e+00	0.00e+00	0.00e+00	9.23e-01	3.39e-02	2.78e-02
 1.00434e+17	9.85e-01	1.51e-02	1.48e-07	0.00e+00	0.00e+00	0.00e+00	0.00e+00	0.00e+00	0.00e+00	9.23e-01	3.38e-02	2.77e-02
 1.00443e+17	9.85e-01	1.48e-02	1.44e-07	0.00e+00	0.00e+00	0.00e+00	0.00e+00	0.00e+00	0.00e+00	9.24e-01	3.37e-02	2.76e-02
 1.00453e+17	9.85e-01	1.45e-02	1.40e-07	0.00e+00	0.00e+00	0.00e+00	0.00e+00	0.00e+00	0.00e+00	9.24e-01	3.36e-02	2.75e-02
 1.00462e+17	9.86e-01	1.42e-02	1.35e-07	0.00e+00	0.00e+00	0.00e+00	0.00e+00	0.00e+00	0.00e+00	9.25e-01	3.35e-02	2.74e-02
 1.00472e+17	9.86e-01	1.39e-02	1.31e-07	0.00e+00	0.00e+00	0.00e+00	0.00e+00	0.00e+00	0.00e+00	9.25e-01	3.34e-02	2.73e-02
 1.00483e+17	9.86e-01	1.36e-02	1.27e-07	0.00e+00	0.00e+00	0.00e+00	0.00e+00	0.00e+00	0.00e+00	9.26e-01	3.32e-02	2.72e-02
 1.00494e+17	9.87e-01	1.33e-02	1.22e-07	0.00e+00	0.00e+00	0.00e+00	0.00e+00	0.00e+00	0.00e+00	9.27e-01	3.31e-02	2.70e-02
 1.00506e+17	9.87e-01	1.29e-02	1.18e-07	0.00e+00	0.00e+00	0.00e+00	0.00e+00	0.00e+00	0.00e+00	9.27e-01	3.30e-02	2.69e-02
 1.00516e+17	9.87e-01	1.26e-02	1.14e-07	0.00e+00	0.00e+00	0.00e+00	0.00e+00	0.00e+00	0.00e+00	9.28e-01	3.28e-02	2.68e-02
 1.00525e+17	9.88e-01	1.23e-02	1.10e-07	0.00e+00	0.00e+00	0.00e+00	0.00e+00	0.00e+00	0.00e+00	9.28e-01	3.27e-02	2.66e-02
 1.00534e+17	9.88e-01	1.20e-02	1.07e-07	0.00e+00	0.00e+00	0.00e+00	0.00e+00	0.00e+00	0.00e+00	9.29e-01	3.26e-02	2.65e-02
 1.00543e+17	9.88e-01	1.18e-02	1.04e-07	0.00e+00	0.00e+00	0.00e+00	0.00e+00	0.00e+00	0.00e+00	9.29e-01	3.24e-02	2.64e-02
 1.00550e+17	9.88e-01	1.15e-02	1.01e-07	0.00e+00	0.00e+00	0.00e+00	0.00e+00	0.00e+00	0.00e+00	9.30e-01	3.23e-02	2.63e-02
 1.00557e+17	9.89e-01	1.13e-02	9.85e-08	0.00e+00	0.00e+00	0.00e+00	0.00e+00	0.00e+00	0.00e+00	9.30e-01	3.22e-02	2.62e-02
 1.00563e+17	9.89e-01	1.11e-02	9.63e-08	0.00e+00	0.00e+00	0.00e+00	0.00e+00	0.00e+00	0.00e+00	9.31e-01	3.21e-02	2.61e-02
 1.00569e+17	9.89e-01	1.10e-02	9.42e-08	0.00e+00	0.00e+00	0.00e+00	0.00e+00	0.00e+00	0.00e+00	9.31e-01	3.20e-02	2.60e-02
 1.00574e+17	9.89e-01	1.08e-02	9.25e-08	0.00e+00	0.00e+00	0.00e+00	0.00e+00	0.00e+00	0.00e+00	9.31e-01	3.19e-02	2.59e-02
 1.00580e+17	9.89e-01	1.06e-02	9.04e-08	0.00e+00	0.00e+00	0.00e+00	0.00e+00	0.00e+00	0.00e+00	9.32e-01	3.18e-02	2.58e-02
 1.00586e+17	9.90e-01	1.04e-02	8.82e-08	0.00e+00	0.00e+00	0.00e+00	0.00e+00	0.00e+00	0.00e+00	9.32e-01	3.17e-02	2.57e-02
 1.00592e+17	9.90e-01	1.03e-02	8.64e-08	0.00e+00	0.00e+00	0.00e+00	0.00e+00	0.00e+00	0.00e+00	9.33e-01	3.16e-02	2.56e-02
 1.00597e+17	9.90e-01	1.01e-02	8.47e-08	0.00e+00	0.00e+00	0.00e+00	0.00e+00	0.00e+00	0.00e+00	9.33e-01	3.15e-02	2.55e-02
 1.00603e+17	9.90e-01	9.97e-03	8.27e-08	0.00e+00	0.00e+00	0.00e+00	0.00e+00	0.00e+00	0.00e+00	9.33e-01	3.14e-02	2.54e-02
 1.00609e+17	9.90e-01	9.81e-03	8.08e-08	0.00e+00	0.00e+00	0.00e+00	0.00e+00	0.00e+00	0.00e+00	9.34e-01	3.12e-02	2.53e-02
 1.00614e+17	9.90e-01	9.65e-03	7.89e-08	0.00e+00	0.00e+00	0.00e+00	0.00e+00	0.00e+00	0.00e+00	9.34e-01	3.11e-02	2.52e-02
 1.00619e+17	9.90e-01	9.52e-03	7.74e-08	0.00e+00	0.00e+00	0.00e+00	0.00e+00	0.00e+00	0.00e+00	9.34e-01	3.10e-02	2.51e-02
 1.00625e+17	9.91e-01	9.36e-03	7.55e-08	0.00e+00	0.00e+00	0.00e+00	0.00e+00	0.00e+00	0.00e+00	9.35e-01	3.09e-02	2.50e-02
 1.00631e+17	9.91e-01	9.20e-03	7.37e-08	0.00e+00	0.00e+00	0.00e+00	0.00e+00	0.00e+00	0.00e+00	9.35e-01	3.08e-02	2.49e-02
 1.00636e+17	9.91e-01	9.05e-03	7.19e-08	0.00e+00	0.00e+00	0.00e+00	0.00e+00	0.00e+00	0.00e+00	9.35e-01	3.07e-02	2.48e-02
 1.00641e+17	9.91e-01	8.94e-03	7.05e-08	0.00e+00	0.00e+00	0.00e+00	0.00e+00	0.00e+00	0.00e+00	9.36e-01	3.06e-02	2.47e-02
 1.00646e+17	9.91e-01	8.84e-03	6.91e-08	0.00e+00	0.00e+00	0.00e+00	0.00e+00	0.00e+00	0.00e+00	9.36e-01	3.05e-02	2.47e-02
 1.00653e+17	9.91e-01	8.68e-03	6.70e-08	0.00e+00	0.00e+00	0.00e+00	0.00e+00	0.00e+00	0.00e+00	9.36e-01	3.04e-02	2.46e-02
 1.00661e+17	9.91e-01	8.52e-03	6.50e-08	0.00e+00	0.00e+00	0.00e+00	0.00e+00	0.00e+00	0.00e+00	9.37e-01	3.03e-02	2.44e-02
 1.00668e+17	9.92e-01	8.38e-03	6.32e-08	0.00e+00	0.00e+00	0.00e+00	0.00e+00	0.00e+00	0.00e+00	9.37e-01	3.02e-02	2.43e-02
 1.00674e+17	9.92e-01	8.25e-03	6.15e-08	0.00e+00	0.00e+00	0.00e+00	0.00e+00	0.00e+00	0.00e+00	9.37e-01	3.01e-02	2.43e-02
 1.00681e+17	9.92e-01	8.11e-03	5.97e-08	0.00e+00	0.00e+00	0.00e+00	0.00e+00	0.00e+00	0.00e+00	9.38e-01	3.00e-02	2.42e-02
 1.00688e+17	9.92e-01	7.97e-03	5.79e-08	0.00e+00	0.00e+00	0.00e+00	0.00e+00	0.00e+00	0.00e+00	9.38e-01	2.99e-02	2.40e-02
 1.00695e+17	9.92e-01	7.83e-03	5.63e-08	0.00e+00	0.00e+00	0.00e+00	0.00e+00	0.00e+00	0.00e+00	9.38e-01	2.97e-02	2.39e-02
 1.00701e+17	9.92e-01	7.71e-03	5.48e-08	0.00e+00	0.00e+00	0.00e+00	0.00e+00	0.00e+00	0.00e+00	9.39e-01	2.96e-02	2.38e-02
 1.00708e+17	9.92e-01	7.59e-03	5.32e-08	0.00e+00	0.00e+00	0.00e+00	0.00e+00	0.00e+00	0.00e+00	9.39e-01	2.95e-02	2.37e-02
 1.00715e+17	9.93e-01	7.44e-03	5.14e-08	0.00e+00	0.00e+00	0.00e+00	0.00e+00	0.00e+00	0.00e+00	9.40e-01	2.94e-02	2.36e-02
 1.00722e+17	9.93e-01	7.33e-03	5.00e-08	0.00e+00	0.00e+00	0.00e+00	0.00e+00	0.00e+00	0.00e+00	9.40e-01	2.93e-02	2.35e-02
 1.00729e+17	9.93e-01	7.19e-03	4.83e-08	0.00e+00	0.00e+00	0.00e+00	0.00e+00	0.00e+00	0.00e+00	9.40e-01	2.92e-02	2.34e-02
###########################
 1.18668e+12	1.39e-06	1.91e-03	3.01e-01	6.77e-01	2.06e-02	1.45e-06	0.00e+00	0.00e+00	0.00e+00	1.09e-06	1.88e-07	1.14e-07
 7.12008e+12	1.38e-06	1.91e-03	3.01e-01	6.77e-01	2.05e-02	1.45e-06	0.00e+00	0.00e+00	0.00e+00	1.08e-06	1.87e-07	1.13e-07
 3.08537e+13	1.39e-06	1.92e-03	3.02e-01	6.76e-01	2.04e-02	1.44e-06	0.00e+00	0.00e+00	0.00e+00	1.09e-06	1.88e-07	1.14e-07
 1.25788e+14	1.40e-06	1.94e-03	3.06e-01	6.72e-01	1.99e-02	1.39e-06	0.00e+00	0.00e+00	0.00e+00	1.10e-06	1.90e-07	1.15e-07
 3.00467e+14	1.40e-06	1.97e-03	3.12e-01	6.67e-01	1.91e-02	1.31e-06	0.00e+00	0.00e+00	0.00e+00	1.10e-06	1.90e-07	1.15e-07
 5.27550e+14	1.42e-06	2.01e-03	3.20e-01	6.60e-01	1.81e-02	1.21e-06	0.00e+00	0.00e+00	0.00e+00	1.12e-06	1.92e-07	1.16e-07
 8.22758e+14	1.46e-06	2.08e-03	3.32e-01	6.49e-01	1.68e-02	1.10e-06	0.00e+00	0.00e+00	0.00e+00	1.14e-06	1.96e-07	1.18e-07
 1.20653e+15	1.51e-06	2.18e-03	3.48e-01	6.35e-01	1.53e-02	9.65e-07	0.00e+00	0.00e+00	0.00e+00	1.18e-06	2.02e-07	1.21e-07
 1.70543e+15	1.58e-06	2.31e-03	3.70e-01	6.14e-01	1.35e-02	8.13e-07	0.00e+00	0.00e+00	0.00e+00	1.25e-06	2.12e-07	1.27e-07
 2.35400e+15	1.70e-06	2.51e-03	4.01e-01	5.85e-01	1.14e-02	6.47e-07	0.00e+00	0.00e+00	0.00e+00	1.34e-06	2.27e-07	1.36e-07
 3.19714e+15	1.89e-06	2.80e-03	4.47e-01	5.41e-01	9.07e-03	4.74e-07	0.00e+00	0.00e+00	0.00e+00	1.49e-06	2.50e-07	1.49e-07
 4.29323e+15	2.17e-06	3.23e-03	5.14e-01	4.77e-01	6.50e-03	3.08e-07	0.00e+00	0.00e+00	0.00e+00	1.71e-06	2.88e-07	1.72e-07
 5.40486e+15	2.43e-06	3.68e-03	5.88e-01	4.04e-01	4.46e-03	1.92e-07	0.00e+00	0.00e+00	0.00e+00	1.92e-06	3.23e-07	1.93e-07
 6.29514e+15	2.70e-06	4.10e-03	6.54e-01	3.39e-01	3.13e-03	0.00e+00	0.00e+00	0.00e+00	0.00e+00	2.12e-06	3.58e-07	2.14e-07
 7.07828e+15	2.98e-06	4.51e-03	7.13e-01	2.80e-01	2.18e-03	0.00e+00	0.00e+00	0.00e+00	0.00e+00	2.35e-06	3.96e-07	2.37e-07
 7.96366e+15	3.37e-06	5.02e-03	7.79e-01	2.15e-01	1.35e-03	0.00e+00	0.00e+00	0.00e+00	0.00e+00	2.66e-06	4.50e-07	2.70e-07
 8.91674e+15	3.79e-06	5.53e-03	8.40e-01	1.54e-01	7.49e-04	0.00e+00	0.00e+00	0.00e+00	0.00e+00	2.98e-06	5.06e-07	3.04e-07
 9.80582e+15	4.19e-06	5.97e-03	8.87e-01	1.06e-01	4.01e-04	0.00e+00	0.00e+00	0.00e+00	0.00e+00	3.29e-06	5.59e-07	3.36e-07
 1.08096e+16	4.68e-06	6.45e-03	9.27e-01	6.69e-02	1.83e-04	0.00e+00	0.00e+00	0.00e+00	0.00e+00	3.68e-06	6.24e-07	3.75e-07
 1.21146e+16	5.28e-06	6.95e-03	9.58e-01	3.52e-02	6.20e-05	0.00e+00	0.00e+00	0.00e+00	0.00e+00	4.15e-06	7.03e-07	4.23e-07
 1.34948e+16	5.81e-06	7.35e-03	9.75e-01	1.78e-02	1.96e-05	0.00e+00	0.00e+00	0.00e+00	0.00e+00	4.57e-06	7.72e-07	4.64e-07
 1.48442e+16	6.32e-06	7.68e-03	9.83e-01	9.21e-03	6.37e-06	0.00e+00	0.00e+00	0.00e+00	0.00e+00	4.98e-06	8.41e-07	5.05e-07
 1.63287e+16	6.91e-06	8.03e-03	9.87e-01	4.63e-03	1.93e-06	0.00e+00	0.00e+00	0.00e+00	0.00e+00	5.44e-06	9.18e-07	5.52e-07
 1.79615e+16	7.59e-06	8.38e-03	9.89e-01	2.26e-03	5.44e-07	0.00e+00	0.00e+00	0.00e+00	0.00e+00	5.97e-06	1.01e-06	6.05e-07
 1.97577e+16	8.39e-06	8.77e-03	9.90e-01	1.08e-03	1.44e-07	0.00e+00	0.00e+00	0.00e+00	0.00e+00	6.60e-06	1.11e-06	6.70e-07
 2.17335e+16	9.37e-06	9.22e-03	9.90e-01	5.01e-04	0.00e+00	0.00e+00	0.00e+00	0.00e+00	0.00e+00	7.38e-06	1.25e-06	7.50e-07
 2.39068e+16	1.06e-05	9.73e-03	9.90e-01	2.29e-04	0.00e+00	0.00e+00	0.00e+00	0.00e+00	0.00e+00	8.35e-06	1.41e-06	8.51e-07
 2.62975e+16	1.22e-05	1.03e-02	9.90e-01	1.03e-04	0.00e+00	0.00e+00	0.00e+00	0.00e+00	0.00e+00	9.59e-06	1.63e-06	9.82e-07
 2.89272e+16	1.43e-05	1.11e-02	9.89e-01	4.68e-05	0.00e+00	0.00e+00	0.00e+00	0.00e+00	0.00e+00	1.12e-05	1.91e-06	1.15e-06
 3.18199e+16	1.71e-05	1.19e-02	9.88e-01	2.16e-05	0.00e+00	0.00e+00	0.00e+00	0.00e+00	0.00e+00	1.34e-05	2.29e-06	1.39e-06
 3.50019e+16	2.09e-05	1.30e-02	9.87e-01	1.04e-05	0.00e+00	0.00e+00	0.00e+00	0.00e+00	0.00e+00	1.64e-05	2.83e-06	1.71e-06
 3.85021e+16	2.65e-05	1.43e-02	9.86e-01	5.37e-06	0.00e+00	0.00e+00	0.00e+00	0.00e+00	0.00e+00	2.07e-05	3.59e-06	2.19e-06
 4.21239e+16	3.42e-05	1.59e-02	9.84e-01	3.16e-06	0.00e+00	0.00e+00	0.00e+00	0.00e+00	0.00e+00	2.67e-05	4.68e-06	2.85e-06
 4.55121e+16	4.43e-05	1.77e-02	9.82e-01	2.15e-06	0.00e+00	0.00e+00	0.00e+00	0.00e+00	0.00e+00	3.45e-05	6.10e-06	3.73e-06
 4.85661e+16	5.68e-05	1.97e-02	9.80e-01	1.64e-06	0.00e+00	0.00e+00	0.00e+00	0.00e+00	0.00e+00	4.41e-05	7.87e-06	4.82e-06
 5.07626e+16	6.93e-05	2.15e-02	9.78e-01	1.39e-06	0.00e+00	0.00e+00	0.00e+00	0.00e+00	0.00e+00	5.37e-05	9.65e-06	5.91e-06
 5.20043e+16	7.79e-05	2.26e-02	9.77e-01	1.27e-06	0.00e+00	0.00e+00	0.00e+00	0.00e+00	0.00e+00	6.03e-05	1.09e-05	6.66e-06
 5.31528e+16	8.63e-05	2.37e-02	9.76e-01	1.19e-06	0.00e+00	0.00e+00	0.00e+00	0.00e+00	0.00e+00	6.68e-05	1.21e-05	7.41e-06
 5.46459e+16	9.89e-05	2.51e-02	9.75e-01	1.09e-06	0.00e+00	0.00e+00	0.00e+00	0.00e+00	0.00e+00	7.65e-05	1.39e-05	8.54e-06
 5.65869e+16	1.19e-04	2.73e-02	9.73e-01	9.80e-07	0.00e+00	0.00e+00	0.00e+00	0.00e+00	0.00e+00	9.17e-05	1.68e-05	1.03e-05
 5.84792e+16	1.45e-04	3.00e-02	9.70e-01	8.89e-07	0.00e+00	0.00e+00	0.00e+00	0.00e+00	0.00e+00	1.12e-04	2.06e-05	1.27e-05
 5.98107e+16	1.69e-04	3.21e-02	9.68e-01	8.35e-07	0.00e+00	0.00e+00	0.00e+00	0.00e+00	0.00e+00	1.30e-04	2.41e-05	1.48e-05
 6.08540e+16	1.90e-04	3.39e-02	9.66e-01	7.94e-07	0.00e+00	0.00e+00	0.00e+00	0.00e+00	0.00e+00	1.46e-04	2.71e-05	1.67e-05
 6.20203e+16	2.16e-04	3.61e-02	9.64e-01	7.50e-07	0.00e+00	0.00e+00	0.00e+00	0.00e+00	0.00e+00	1.66e-04	3.10e-05	1.90e-05
 6.35364e+16	2.57e-04	3.93e-02	9.60e-01	7.03e-07	0.00e+00	0.00e+00	0.00e+00	0.00e+00	0.00e+00	1.97e-04	3.70e-05	2.27e-05
 6.50882e+16	3.13e-04	4.33e-02	9.56e-01	6.53e-07	0.00e+00	0.00e+00	0.00e+00	0.00e+00	0.00e+00	2.40e-04	4.52e-05	2.76e-05
 6.62868e+16	3.68e-04	4.69e-02	9.53e-01	6.17e-07	0.00e+00	0.00e+00	0.00e+00	0.00e+00	0.00e+00	2.82e-04	5.34e-05	3.25e-05
 6.72532e+16	4.19e-04	5.01e-02	9.49e-01	5.88e-07	0.00e+00	0.00e+00	0.00e+00	0.00e+00	0.00e+00	3.21e-04	6.10e-05	3.71e-05
 6.83175e+16	4.84e-04	5.39e-02	9.46e-01	5.57e-07	0.00e+00	0.00e+00	0.00e+00	0.00e+00	0.00e+00	3.70e-04	7.06e-05	4.28e-05
 6.97011e+16	5.86e-04	5.95e-02	9.40e-01	5.22e-07	0.00e+00	0.00e+00	0.00e+00	0.00e+00	0.00e+00	4.48e-04	8.58e-05	5.19e-05
 7.10961e+16	7.28e-04	6.65e-02	9.33e-01	4.82e-07	0.00e+00	0.00e+00	0.00e+00	0.00e+00	0.00e+00	5.56e-04	1.07e-04	6.45e-05
 7.21454e+16	8.66e-04	7.29e-02	9.26e-01	4.52e-07	0.00e+00	0.00e+00	0.00e+00	0.00e+00	0.00e+00	6.61e-04	1.28e-04	7.68e-05
 7.29903e+16	9.96e-04	7.85e-02	9.21e-01	4.29e-07	0.00e+00	0.00e+00	0.00e+00	0.00e+00	0.00e+00	7.60e-04	1.47e-04	8.84e-05
 7.39300e+16	1.16e-03	8.52e-02	9.14e-01	4.03e-07	0.00e+00	0.00e+00	0.00e+00	0.00e+00	0.00e+00	8.85e-04	1.72e-04	1.03e-04
 7.51516e+16	1.43e-03	9.52e-02	9.03e-01	3.73e-07	0.00e+00	0.00e+00	0.00e+00	0.00e+00	0.00e+00	1.09e-03	2.13e-04	1.27e-04
 7.64017e+16	1.81e-03	1.08e-01	8.90e-01	3.37e-07	0.00e+00	0.00e+00	0.00e+00	0.00e+00	0.00e+00	1.38e-03	2.70e-04	1.61e-04
 7.73704e+16	2.19e-03	1.20e-01	8.78e-01	3.10e-07	0.00e+00	0.00e+00	0.00e+00	0.00e+00	0.00e+00	1.67e-03	3.29e-04	1.95e-04
 7.81545e+16	2.57e-03	1.31e-01	8.67e-01	2.88e-07	0.00e+00	0.00e+00	0.00e+00	0.00e+00	0.00e+00	1.96e-03	3.86e-04	2.29e-04
 7.90175e+16	3.06e-03	1.44e-01	8.53e-01	2.67e-07	0.00e+00	0.00e+00	0.00e+00	0.00e+00	0.00e+00	2.32e-03	4.60e-04	2.72e-04
 8.01394e+16	3.86e-03	1.63e-01	8.33e-01	2.36e-07	0.00e+00	0.00e+00	0.00e+00	0.00e+00	0.00e+00	2.93e-03	5.83e-04	3.44e-04
 8.12548e+16	5.01e-03	1.88e-01	8.07e-01	2.05e-07	0.00e+00	0.00e+00	0.00e+00	0.00e+00	0.00e+00	3.81e-03	7.58e-04	4.45e-04
 8.20590e+16	6.12e-03	2.09e-01	7.85e-01	1.81e-07	0.00e+00	0.00e+00	0.00e+00	0.00e+00	0.00e+00	4.65e-03	9.25e-04	5.44e-04
 8.26731e+16	7.13e-03	2.26e-01	7.66e-01	1.65e-07	0.00e+00	0.00e+00	0.00e+00	0.00e+00	0.00e+00	5.42e-03	1.08e-03	6.33e-04
 8.33430e+16	8.38e-03	2.47e-01	7.45e-01	1.48e-07	0.00e+00	0.00e+00	0.00e+00	0.00e+00	0.00e+00	6.37e-03	1.26e-03	7.43e-04
 8.42138e+16	1.05e-02	2.77e-01	7.12e-01	1.26e-07	0.00e+00	0.00e+00	0.00e+00	0.00e+00	0.00e+00	7.95e-03	1.58e-03	9.25e-04
 8.51040e+16	1.34e-02	3.15e-01	6.72e-01	0.00e+00	0.00e+00	0.00e+00	0.00e+00	0.00e+00	0.00e+00	1.02e-02	2.02e-03	1.19e-03
 8.57826e+16	1.64e-02	3.47e-01	6.36e-01	0.00e+00	0.00e+00	0.00e+00	0.00e+00	0.00e+00	0.00e+00	1.25e-02	2.46e-03	1.44e-03
 8.63185e+16	1.92e-02	3.75e-01	6.06e-01	0.00e+00	0.00e+00	0.00e+00	0.00e+00	0.00e+00	0.00e+00	1.46e-02	2.88e-03	1.69e-03
 8.69058e+16	2.28e-02	4.07e-01	5.70e-01	0.00e+00	0.00e+00	0.00e+00	0.00e+00	0.00e+00	0.00e+00	1.73e-02	3.41e-03	2.00e-03
 8.76692e+16	2.87e-02	4.52e-01	5.19e-01	0.00e+00	0.00e+00	0.00e+00	0.00e+00	0.00e+00	0.00e+00	2.19e-02	4.29e-03	2.52e-03
 8.84325e+16	3.69e-02	5.03e-01	4.60e-01	0.00e+00	0.00e+00	0.00e+00	0.00e+00	0.00e+00	0.00e+00	2.81e-02	5.50e-03	3.24e-03
 8.89963e+16	4.47e-02	5.42e-01	4.13e-01	0.00e+00	0.00e+00	0.00e+00	0.00e+00	0.00e+00	0.00e+00	3.41e-02	6.64e-03	3.92e-03
 8.94472e+16	5.21e-02	5.74e-01	3.74e-01	0.00e+00	0.00e+00	0.00e+00	0.00e+00	0.00e+00	0.00e+00	3.98e-02	7.72e-03	4.56e-03
 8.98827e+16	6.04e-02	6.03e-01	3.36e-01	0.00e+00	0.00e+00	0.00e+00	0.00e+00	0.00e+00	0.00e+00	4.62e-02	8.93e-03	5.28e-03
 9.03107e+16	7.02e-02	6.32e-01	2.98e-01	0.00e+00	0.00e+00	0.00e+00	0.00e+00	0.00e+00	0.00e+00	5.38e-02	1.03e-02	6.12e-03
 9.07171e+16	8.12e-02	6.57e-01	2.62e-01	0.00e+00	0.00e+00	0.00e+00	0.00e+00	0.00e+00	0.00e+00	6.22e-02	1.19e-02	7.06e-03
 9.10910e+16	9.29e-02	6.78e-01	2.29e-01	0.00e+00	0.00e+00	0.00e+00	0.00e+00	0.00e+00	0.00e+00	7.12e-02	1.35e-02	8.06e-03
 9.14384e+16	1.06e-01	6.95e-01	1.99e-01	0.00e+00	0.00e+00	0.00e+00	0.00e+00	0.00e+00	0.00e+00	8.10e-02	1.53e-02	9.14e-03
 9.17673e+16	1.19e-01	7.08e-01	1.73e-01	0.00e+00	0.00e+00	0.00e+00	0.00e+00	0.00e+00	0.00e+00	9.16e-02	1.72e-02	1.03e-02
 9.20818e+16	1.34e-01	7.18e-01	1.48e-01	0.00e+00	0.00e+00	0.00e+00	0.00e+00	0.00e+00	0.00e+00	1.03e-01	1.92e-02	1.15e-02
 9.23846e+16	1.49e-01	7.24e-01	1.27e-01	0.00e+00	0.00e+00	0.00e+00	0.00e+00	0.00e+00	0.00e+00	1.15e-01	2.13e-02	1.28e-02
 9.26781e+16	1.66e-01	7.27e-01	1.07e-01	0.00e+00	0.00e+00	0.00e+00	0.00e+00	0.00e+00	0.00e+00	1.29e-01	2.36e-02	1.43e-02
 9.29600e+16	1.85e-01	7.25e-01	8.96e-02	0.00e+00	0.00e+00	0.00e+00	0.00e+00	0.00e+00	0.00e+00	1.43e-01	2.60e-02	1.58e-02
 9.32249e+16	2.04e-01	7.21e-01	7.49e-02	0.00e+00	0.00e+00	0.00e+00	0.00e+00	0.00e+00	0.00e+00	1.58e-01	2.84e-02	1.74e-02
 9.34752e+16	2.24e-01	7.13e-01	6.24e-02	0.00e+00	0.00e+00	0.00e+00	0.00e+00	0.00e+00	0.00e+00	1.74e-01	3.09e-02	1.90e-02
 9.37171e+16	2.46e-01	7.03e-01	5.17e-02	0.00e+00	0.00e+00	0.00e+00	0.00e+00	0.00e+00	0.00e+00	1.91e-01	3.35e-02	2.07e-02
 9.39535e+16	2.68e-01	6.89e-01	4.24e-02	0.00e+00	0.00e+00	0.00e+00	0.00e+00	0.00e+00	0.00e+00	2.10e-01	3.62e-02	2.24e-02
 9.41831e+16	2.92e-01	6.73e-01	3.45e-02	0.00e+00	0.00e+00	0.00e+00	0.00e+00	0.00e+00	0.00e+00	2.29e-01	3.89e-02	2.43e-02
 9.44045e+16	3.17e-01	6.55e-01	2.80e-02	0.00e+00	0.00e+00	0.00e+00	0.00e+00	0.00e+00	0.00e+00	2.50e-01	4.17e-02	2.62e-02
 9.46186e+16	3.43e-01	6.34e-01	2.25e-02	0.00e+00	0.00e+00	0.00e+00	0.00e+00	0.00e+00	0.00e+00	2.71e-01	4.44e-02	2.81e-02
 9.48275e+16	3.70e-01	6.12e-01	1.80e-02	0.00e+00	0.00e+00	0.00e+00	0.00e+00	0.00e+00	0.00e+00	2.93e-01	4.71e-02	3.00e-02
 9.50324e+16	3.99e-01	5.87e-01	1.42e-02	0.00e+00	0.00e+00	0.00e+00	0.00e+00	0.00e+00	0.00e+00	3.17e-01	4.97e-02	3.20e-02
 9.52331e+16	4.28e-01	5.61e-01	1.12e-02	0.00e+00	0.00e+00	0.00e+00	0.00e+00	0.00e+00	0.00e+00	3.42e-01	5.22e-02	3.40e-02
 9.54296e+16	4.57e-01	5.34e-01	8.71e-03	0.00e+00	0.00e+00	0.00e+00	0.00e+00	0.00e+00	0.00e+00	3.67e-01	5.46e-02	3.58e-02
 9.56129e+16	4.87e-01	5.07e-01	6.80e-03	0.00e+00	0.00e+00	0.00e+00	0.00e+00	0.00e+00	0.00e+00	3.92e-01	5.67e-02	3.76e-02
 9.57814e+16	5.13e-01	4.82e-01	5.38e-03	0.00e+00	0.00e+00	0.00e+00	0.00e+00	0.00e+00	0.00e+00	4.15e-01	5.85e-02	3.92e-02
 9.59354e+16	5.39e-01	4.57e-01	4.29e-03	0.00e+00	0.00e+00	0.00e+00	0.00e+00	0.00e+00	0.00e+00	4.38e-01	6.00e-02	4.05e-02
