#depth	H	H+	H2
 1.18653e+12	1.57e-03	9.98e-01	1.36e-13
 7.11917e+12	1.57e-03	9.98e-01	1.36e-13
 3.08498e+13	1.57e-03	9.98e-01	1.37e-13
 1.25772e+14	1.57e-03	9.98e-01	1.39e-13
 3.00429e+14	1.55e-03	9.98e-01	1.45e-13
 5.27483e+14	1.54e-03	9.98e-01	1.52e-13
 8.22654e+14	1.53e-03	9.98e-01	1.61e-13
 1.20638e+15	1.52e-03	9.98e-01	1.72e-13
 1.70521e+15	1.50e-03	9.98e-01	1.85e-13
 2.35370e+15	1.49e-03	9.99e-01	1.99e-13
 3.19674e+15	1.47e-03	9.99e-01	2.12e-13
 4.29269e+15	1.45e-03	9.99e-01	2.20e-13
 5.40426e+15	1.41e-03	9.99e-01	2.18e-13
 6.29462e+15	1.39e-03	9.99e-01	2.08e-13
 7.07782e+15	1.38e-03	9.99e-01	1.99e-13
 7.96325e+15	1.38e-03	9.99e-01	1.93e-13
 8.91634e+15	1.39e-03	9.99e-01	1.90e-13
 9.80538e+15	1.40e-03	9.99e-01	1.93e-13
 1.08091e+16	1.43e-03	9.99e-01	2.02e-13
 1.21140e+16	1.47e-03	9.99e-01	2.17e-13
 1.34941e+16	1.51e-03	9.98e-01	2.33e-13
 1.48435e+16	1.55e-03	9.98e-01	2.49e-13
 1.63279e+16	1.60e-03	9.98e-01	2.63e-13
 1.79607e+16	1.65e-03	9.98e-01	2.77e-13
 1.97567e+16	1.71e-03	9.98e-01	2.91e-13
 2.17324e+16	1.78e-03	9.98e-01	3.04e-13
 2.39057e+16	1.86e-03	9.98e-01	3.17e-13
 2.62962e+16	1.95e-03	9.98e-01	3.31e-13
 2.89258e+16	2.07e-03	9.98e-01	3.47e-13
 3.18184e+16	2.22e-03	9.98e-01	3.66e-13
 3.50003e+16	2.40e-03	9.98e-01	3.91e-13
 3.85003e+16	2.64e-03	9.97e-01	4.25e-13
 4.21222e+16	2.93e-03	9.97e-01	4.73e-13
 4.55107e+16	3.26e-03	9.97e-01	5.34e-13
 4.85650e+16	3.62e-03	9.96e-01	6.04e-13
 5.07617e+16	3.94e-03	9.96e-01	6.74e-13
 5.20034e+16	4.14e-03	9.96e-01	7.22e-13
 5.31519e+16	4.32e-03	9.96e-01	7.61e-13
 5.46450e+16	4.57e-03	9.95e-01	8.14e-13
 5.65859e+16	4.94e-03	9.95e-01	8.92e-13
 5.84783e+16	5.38e-03	9.95e-01	9.96e-13
 5.98099e+16	5.74e-03	9.94e-01	1.09e-12
 6.08533e+16	6.02e-03	9.94e-01	1.16e-12
 6.20196e+16	6.35e-03	9.94e-01	1.23e-12
 6.35359e+16	6.82e-03	9.93e-01	1.34e-12
 6.50877e+16	7.40e-03	9.93e-01	1.49e-12
 6.62863e+16	7.93e-03	9.92e-01	1.62e-12
 6.72528e+16	8.37e-03	9.92e-01	1.73e-12
 6.83171e+16	8.86e-03	9.91e-01	1.85e-12
 6.97007e+16	9.58e-03	9.90e-01	2.03e-12
 7.10958e+16	1.05e-02	9.90e-01	2.25e-12
 7.21451e+16	1.13e-02	9.89e-01	2.46e-12
 7.29900e+16	1.19e-02	9.88e-01	2.63e-12
 7.39297e+16	1.27e-02	9.87e-01	2.81e-12
 7.51514e+16	1.38e-02	9.86e-01	3.08e-12
 7.64016e+16	1.51e-02	9.85e-01	3.44e-12
 7.73702e+16	1.64e-02	9.84e-01	3.77e-12
 7.81545e+16	1.75e-02	9.82e-01	4.05e-12
 7.90175e+16	1.88e-02	9.81e-01	4.36e-12
 8.01395e+16	2.06e-02	9.79e-01	4.83e-12
 8.12549e+16	2.30e-02	9.77e-01	5.45e-12
 8.20591e+16	2.51e-02	9.75e-01	6.01e-12
 8.26733e+16	2.68e-02	9.73e-01	6.44e-12
 8.33432e+16	2.86e-02	9.71e-01	6.90e-12
 8.42140e+16	3.15e-02	9.68e-01	7.65e-12
 8.51043e+16	3.53e-02	9.65e-01	8.68e-12
 8.57830e+16	3.87e-02	9.61e-01	9.58e-12
 8.63189e+16	4.17e-02	9.58e-01	1.04e-11
 8.69061e+16	4.53e-02	9.55e-01	1.14e-11
 8.76696e+16	5.08e-02	9.49e-01	1.30e-11
 8.84329e+16	5.80e-02	9.42e-01	1.50e-11
 8.89968e+16	6.46e-02	9.35e-01	1.69e-11
 8.94477e+16	7.05e-02	9.30e-01	1.87e-11
 8.98832e+16	7.70e-02	9.23e-01	2.08e-11
 9.03112e+16	8.46e-02	9.15e-01	2.31e-11
 9.07177e+16	9.29e-02	9.07e-01	2.59e-11
 9.10916e+16	1.02e-01	8.98e-01	2.88e-11
 9.14391e+16	1.11e-01	8.89e-01	3.21e-11
 9.17680e+16	1.22e-01	8.78e-01	3.57e-11
 9.20825e+16	1.33e-01	8.67e-01	3.98e-11
 9.23853e+16	1.45e-01	8.55e-01	4.42e-11
 9.26789e+16	1.58e-01	8.42e-01	4.94e-11
 9.29608e+16	1.73e-01	8.27e-01	5.52e-11
 9.32256e+16	1.88e-01	8.12e-01	6.16e-11
 9.34760e+16	2.05e-01	7.95e-01	6.87e-11
 9.37179e+16	2.22e-01	7.78e-01	7.65e-11
 9.39543e+16	2.41e-01	7.59e-01	8.55e-11
 9.41840e+16	2.62e-01	7.38e-01	9.55e-11
 9.44053e+16	2.83e-01	7.17e-01	1.07e-10
 9.46194e+16	3.06e-01	6.94e-01	1.19e-10
 9.48283e+16	3.30e-01	6.70e-01	1.33e-10
 9.50332e+16	3.55e-01	6.45e-01	1.49e-10
 9.52340e+16	3.82e-01	6.18e-01	1.66e-10
 9.54305e+16	4.10e-01	5.90e-01	1.85e-10
 9.56138e+16	4.38e-01	5.62e-01	2.06e-10
 9.57823e+16	4.63e-01	5.37e-01	2.27e-10
 9.59363e+16	4.88e-01	5.12e-01	2.49e-10
 9.60765e+16	5.11e-01	4.89e-01	2.69e-10
 9.62084e+16	5.33e-01	4.67e-01	2.92e-10
 9.63086e+16	5.50e-01	4.50e-01	3.09e-10
 9.63740e+16	5.59e-01	4.41e-01	3.21e-10
 9.64391e+16	5.70e-01	4.30e-01	3.33e-10
 9.65199e+16	5.83e-01	4.17e-01	3.50e-10
 9.66059e+16	5.98e-01	4.02e-01	3.69e-10
 9.66816e+16	6.11e-01	3.89e-01	3.85e-10
 9.67491e+16	6.22e-01	3.78e-01	4.02e-10
 9.68177e+16	6.34e-01	3.66e-01	4.18e-10
 9.68904e+16	6.46e-01	3.54e-01	4.37e-10
 9.69638e+16	6.59e-01	3.41e-01	4.58e-10
 9.70325e+16	6.70e-01	3.30e-01	4.77e-10
 9.70986e+16	6.81e-01	3.19e-01	4.97e-10
 9.71655e+16	6.92e-01	3.08e-01	5.17e-10
 9.72336e+16	7.03e-01	2.97e-01	5.41e-10
 9.73006e+16	7.14e-01	2.86e-01	5.62e-10
 9.73658e+16	7.24e-01	2.76e-01	5.86e-10
 9.74309e+16	7.35e-01	2.65e-01	6.11e-10
 9.74950e+16	7.45e-01	2.55e-01	6.36e-10
 9.75583e+16	7.54e-01	2.46e-01	6.62e-10
 9.76221e+16	7.64e-01	2.36e-01	6.91e-10
 9.76850e+16	7.73e-01	2.27e-01	7.17e-10
 9.77472e+16	7.82e-01	2.18e-01	7.48e-10
 9.78093e+16	7.91e-01	2.09e-01	7.80e-10
 9.78701e+16	7.99e-01	2.01e-01	8.12e-10
 9.79300e+16	8.07e-01	1.93e-01	8.43e-10
 9.79907e+16	8.15e-01	1.85e-01	8.79e-10
 9.80515e+16	8.23e-01	1.77e-01	9.17e-10
 9.81103e+16	8.30e-01	1.70e-01	9.55e-10
 9.81675e+16	8.37e-01	1.63e-01	9.91e-10
 9.82247e+16	8.44e-01	1.56e-01	1.03e-09
 9.82818e+16	8.51e-01	1.49e-01	1.08e-09
 9.83381e+16	8.57e-01	1.43e-01	1.12e-09
 9.83930e+16	8.63e-01	1.37e-01	1.16e-09
 9.84461e+16	8.68e-01	1.32e-01	1.22e-09
 9.84986e+16	8.74e-01	1.26e-01	1.27e-09
 9.85512e+16	8.79e-01	1.21e-01	1.32e-09
 9.86034e+16	8.84e-01	1.16e-01	1.37e-09
 9.86539e+16	8.89e-01	1.11e-01	1.43e-09
 9.87030e+16	8.93e-01	1.07e-01	1.49e-09
 9.87520e+16	8.97e-01	1.03e-01	1.56e-09
 9.88013e+16	9.01e-01	9.86e-02	1.62e-09
 9.88495e+16	9.05e-01	9.46e-02	1.69e-09
 9.88963e+16	9.09e-01	9.09e-02	1.77e-09
 9.89423e+16	9.13e-01	8.72e-02	1.85e-09
 9.89887e+16	9.16e-01	8.39e-02	1.92e-09
 9.90351e+16	9.20e-01	8.05e-02	2.01e-09
 9.90799e+16	9.23e-01	7.73e-02	2.11e-09
 9.91238e+16	9.26e-01	7.43e-02	2.21e-09
 9.91680e+16	9.29e-01	7.13e-02	2.33e-09
 9.92114e+16	9.32e-01	6.84e-02	2.45e-09
 9.92541e+16	9.34e-01	6.59e-02	2.55e-09
 9.92968e+16	9.37e-01	6.33e-02	2.69e-09
 9.93392e+16	9.39e-01	6.08e-02	2.84e-09
 9.93810e+16	9.42e-01	5.84e-02	3.00e-09
 9.94221e+16	9.44e-01	5.61e-02	3.19e-09
 9.94623e+16	9.46e-01	5.39e-02	3.39e-09
 9.95020e+16	9.48e-01	5.18e-02	3.60e-09
 9.95425e+16	9.50e-01	4.98e-02	3.84e-09
 9.95833e+16	9.52e-01	4.78e-02	4.10e-09
 9.96222e+16	9.54e-01	4.60e-02	4.38e-09
 9.96594e+16	9.56e-01	4.42e-02	4.71e-09
 9.96974e+16	9.57e-01	4.25e-02	5.09e-09
 9.97365e+16	9.59e-01	4.08e-02	5.54e-09
 9.97745e+16	9.61e-01	3.91e-02	6.08e-09
 9.98108e+16	9.62e-01	3.76e-02	6.63e-09
 9.98466e+16	9.64e-01	3.62e-02	7.30e-09
 9.98831e+16	9.65e-01	3.48e-02	8.15e-09
 9.99191e+16	9.67e-01	3.34e-02	9.09e-09
 9.99536e+16	9.68e-01	3.21e-02	1.02e-08
 9.99856e+16	9.69e-01	3.09e-02	1.15e-08
 1.00014e+17	9.70e-01	2.99e-02	1.29e-08
 1.00040e+17	9.71e-01	2.90e-02	1.45e-08
 1.00064e+17	9.72e-01	2.83e-02	1.62e-08
 1.00087e+17	9.72e-01	2.75e-02	1.81e-08
 1.00109e+17	9.73e-01	2.68e-02	2.04e-08
 1.00128e+17	9.74e-01	2.62e-02	2.28e-08
 1.00146e+17	9.74e-01	2.56e-02	2.55e-08
 1.00163e+17	9.75e-01	2.51e-02	2.85e-08
 1.00179e+17	9.75e-01	2.46e-02	3.18e-08
 1.00195e+17	9.76e-01	2.41e-02	3.56e-08
 1.00210e+17	9.76e-01	2.36e-02	3.99e-08
 1.00223e+17	9.77e-01	2.32e-02	4.46e-08
 1.00236e+17	9.77e-01	2.28e-02	4.98e-08
 1.00249e+17	9.78e-01	2.24e-02	5.56e-08
 1.00261e+17	9.78e-01	2.20e-02	6.21e-08
 1.00272e+17	9.78e-01	2.16e-02	6.93e-08
 1.00283e+17	9.79e-01	2.13e-02	7.73e-08
 1.00293e+17	9.79e-01	2.10e-02	8.62e-08
 1.00303e+17	9.79e-01	2.06e-02	9.60e-08
 1.00313e+17	9.80e-01	2.03e-02	1.08e-07
 1.00322e+17	9.80e-01	2.00e-02	1.19e-07
 1.00332e+17	9.80e-01	1.97e-02	1.32e-07
 1.00341e+17	9.81e-01	1.94e-02	1.46e-07
 1.00351e+17	9.81e-01	1.90e-02	1.63e-07
 1.00361e+17	9.81e-01	1.87e-02	1.80e-07
 1.00370e+17	9.82e-01	1.83e-02	1.99e-07
 1.00381e+17	9.82e-01	1.80e-02	2.19e-07
 1.00392e+17	9.82e-01	1.76e-02	2.41e-07
 1.00403e+17	9.83e-01	1.71e-02	2.62e-07
 1.00414e+17	9.83e-01	1.67e-02	2.80e-07
 1.00423e+17	9.84e-01	1.64e-02	2.94e-07
 1.00433e+17	9.84e-01	1.60e-02	3.06e-07
 1.00441e+17	9.84e-01	1.57e-02	3.15e-07
 1.00450e+17	9.85e-01	1.54e-02	3.23e-07
 1.00457e+17	9.85e-01	1.51e-02	3.30e-07
 1.00464e+17	9.85e-01	1.49e-02	3.35e-07
 1.00470e+17	9.85e-01	1.46e-02	3.40e-07
 1.00476e+17	9.86e-01	1.44e-02	3.44e-07
 1.00481e+17	9.86e-01	1.43e-02	3.47e-07
 1.00487e+17	9.86e-01	1.40e-02	3.52e-07
 1.00493e+17	9.86e-01	1.38e-02	3.56e-07
 1.00499e+17	9.86e-01	1.36e-02	3.60e-07
 1.00505e+17	9.87e-01	1.34e-02	3.65e-07
 1.00511e+17	9.87e-01	1.32e-02	3.70e-07
 1.00517e+17	9.87e-01	1.30e-02	3.75e-07
 1.00523e+17	9.87e-01	1.28e-02	3.80e-07
 1.00528e+17	9.87e-01	1.27e-02	3.84e-07
 1.00533e+17	9.88e-01	1.25e-02	3.89e-07
 1.00539e+17	9.88e-01	1.23e-02	3.95e-07
 1.00545e+17	9.88e-01	1.22e-02	3.99e-07
 1.00550e+17	9.88e-01	1.20e-02	4.03e-07
 1.00558e+17	9.88e-01	1.18e-02	4.09e-07
 1.00566e+17	9.88e-01	1.16e-02	4.16e-07
 1.00574e+17	9.89e-01	1.14e-02	4.22e-07
 1.00581e+17	9.89e-01	1.12e-02	4.29e-07
 1.00587e+17	9.89e-01	1.11e-02	4.34e-07
 1.00594e+17	9.89e-01	1.09e-02	4.40e-07
 1.00601e+17	9.89e-01	1.07e-02	4.48e-07
 1.00608e+17	9.89e-01	1.06e-02	4.54e-07
 1.00615e+17	9.90e-01	1.04e-02	4.62e-07
 1.00623e+17	9.90e-01	1.02e-02	4.71e-07
 1.00630e+17	9.90e-01	1.01e-02	4.79e-07
 1.00637e+17	9.90e-01	9.87e-03	4.88e-07
