#depth	O	O+	O+2	O+3	O+4	O+5	O+6	O+7	O+8	O[1]	O[2]	O[3]
 1.18653e+12	1.39e-06	1.91e-03	3.01e-01	6.77e-01	2.06e-02	1.45e-06	0.00e+00	0.00e+00	0.00e+00	1.09e-06	1.88e-07	1.14e-07
 7.11917e+12	1.38e-06	1.91e-03	3.01e-01	6.77e-01	2.05e-02	1.45e-06	0.00e+00	0.00e+00	0.00e+00	1.08e-06	1.87e-07	1.13e-07
 3.08498e+13	1.39e-06	1.92e-03	3.02e-01	6.76e-01	2.04e-02	1.44e-06	0.00e+00	0.00e+00	0.00e+00	1.09e-06	1.88e-07	1.14e-07
 1.25772e+14	1.40e-06	1.94e-03	3.06e-01	6.72e-01	1.99e-02	1.39e-06	0.00e+00	0.00e+00	0.00e+00	1.10e-06	1.90e-07	1.15e-07
 3.00429e+14	1.40e-06	1.97e-03	3.12e-01	6.67e-01	1.91e-02	1.31e-06	0.00e+00	0.00e+00	0.00e+00	1.10e-06	1.90e-07	1.15e-07
 5.27483e+14	1.42e-06	2.01e-03	3.20e-01	6.60e-01	1.81e-02	1.21e-06	0.00e+00	0.00e+00	0.00e+00	1.12e-06	1.92e-07	1.16e-07
 8.22654e+14	1.46e-06	2.08e-03	3.32e-01	6.49e-01	1.68e-02	1.10e-06	0.00e+00	0.00e+00	0.00e+00	1.14e-06	1.96e-07	1.18e-07
 1.20638e+15	1.51e-06	2.18e-03	3.48e-01	6.35e-01	1.53e-02	9.65e-07	0.00e+00	0.00e+00	0.00e+00	1.18e-06	2.02e-07	1.21e-07
 1.70521e+15	1.58e-06	2.31e-03	3.70e-01	6.14e-01	1.35e-02	8.13e-07	0.00e+00	0.00e+00	0.00e+00	1.25e-06	2.12e-07	1.27e-07
 2.35370e+15	1.70e-06	2.51e-03	4.01e-01	5.85e-01	1.14e-02	6.47e-07	0.00e+00	0.00e+00	0.00e+00	1.34e-06	2.27e-07	1.36e-07
 3.19674e+15	1.89e-06	2.80e-03	4.47e-01	5.41e-01	9.07e-03	4.74e-07	0.00e+00	0.00e+00	0.00e+00	1.49e-06	2.50e-07	1.49e-07
 4.29269e+15	2.17e-06	3.23e-03	5.14e-01	4.77e-01	6.50e-03	3.08e-07	0.00e+00	0.00e+00	0.00e+00	1.71e-06	2.88e-07	1.72e-07
 5.40426e+15	2.43e-06	3.68e-03	5.88e-01	4.04e-01	4.46e-03	1.92e-07	0.00e+00	0.00e+00	0.00e+00	1.92e-06	3.23e-07	1.93e-07
 6.29462e+15	2.70e-06	4.10e-03	6.54e-01	3.39e-01	3.13e-03	0.00e+00	0.00e+00	0.00e+00	0.00e+00	2.12e-06	3.58e-07	2.14e-07
 7.07782e+15	2.98e-06	4.51e-03	7.13e-01	2.80e-01	2.18e-03	0.00e+00	0.00e+00	0.00e+00	0.00e+00	2.35e-06	3.96e-07	2.37e-07
 7.96325e+15	3.37e-06	5.02e-03	7.78e-01	2.15e-01	1.35e-03	0.00e+00	0.00e+00	0.00e+00	0.00e+00	2.65e-06	4.50e-07	2.70e-07
 8.91634e+15	3.79e-06	5.53e-03	8.40e-01	1.54e-01	7.49e-04	0.00e+00	0.00e+00	0.00e+00	0.00e+00	2.98e-06	5.06e-07	3.04e-07
 9.80538e+15	4.19e-06	5.97e-03	8.87e-01	1.06e-01	4.01e-04	0.00e+00	0.00e+00	0.00e+00	0.00e+00	3.29e-06	5.59e-07	3.36e-07
 1.08091e+16	4.68e-06	6.45e-03	9.26e-01	6.69e-02	1.83e-04	0.00e+00	0.00e+00	0.00e+00	0.00e+00	3.68e-06	6.24e-07	3.75e-07
 1.21140e+16	5.28e-06	6.95e-03	9.58e-01	3.52e-02	6.21e-05	0.00e+00	0.00e+00	0.00e+00	0.00e+00	4.15e-06	7.03e-07	4.23e-07
 1.34941e+16	5.80e-06	7.35e-03	9.75e-01	1.78e-02	1.96e-05	0.00e+00	0.00e+00	0.00e+00	0.00e+00	4.57e-06	7.72e-07	4.64e-07
 1.48435e+16	6.32e-06	7.68e-03	9.83e-01	9.22e-03	6.38e-06	0.00e+00	0.00e+00	0.00e+00	0.00e+00	4.98e-06	8.41e-07	5.05e-07
 1.63279e+16	6.91e-06	8.02e-03	9.87e-01	4.63e-03	1.93e-06	0.00e+00	0.00e+00	0.00e+00	0.00e+00	5.44e-06	9.18e-07	5.52e-07
 1.79607e+16	7.59e-06	8.38e-03	9.89e-01	2.26e-03	5.45e-07	0.00e+00	0.00e+00	0.00e+00	0.00e+00	5.97e-06	1.01e-06	6.05e-07
 1.97567e+16	8.39e-06	8.77e-03	9.90e-01	1.08e-03	1.45e-07	0.00e+00	0.00e+00	0.00e+00	0.00e+00	6.60e-06	1.11e-06	6.70e-07
 2.17324e+16	9.37e-06	9.22e-03	9.90e-01	5.01e-04	0.00e+00	0.00e+00	0.00e+00	0.00e+00	0.00e+00	7.38e-06	1.25e-06	7.50e-07
 2.39057e+16	1.06e-05	9.73e-03	9.90e-01	2.29e-04	0.00e+00	0.00e+00	0.00e+00	0.00e+00	0.00e+00	8.35e-06	1.41e-06	8.51e-07
 2.62962e+16	1.22e-05	1.03e-02	9.90e-01	1.04e-04	0.00e+00	0.00e+00	0.00e+00	0.00e+00	0.00e+00	9.59e-06	1.63e-06	9.81e-07
 2.89258e+16	1.43e-05	1.11e-02	9.89e-01	4.68e-05	0.00e+00	0.00e+00	0.00e+00	0.00e+00	0.00e+00	1.12e-05	1.91e-06	1.15e-06
 3.18184e+16	1.71e-05	1.19e-02	9.88e-01	2.16e-05	0.00e+00	0.00e+00	0.00e+00	0.00e+00	0.00e+00	1.34e-05	2.29e-06	1.39e-06
 3.50003e+16	2.09e-05	1.30e-02	9.87e-01	1.04e-05	0.00e+00	0.00e+00	0.00e+00	0.00e+00	0.00e+00	1.64e-05	2.83e-06	1.71e-06
 3.85003e+16	2.65e-05	1.43e-02	9.86e-01	5.37e-06	0.00e+00	0.00e+00	0.00e+00	0.00e+00	0.00e+00	2.07e-05	3.59e-06	2.19e-06
 4.21222e+16	3.42e-05	1.59e-02	9.84e-01	3.16e-06	0.00e+00	0.00e+00	0.00e+00	0.00e+00	0.00e+00	2.67e-05	4.68e-06	2.85e-06
 4.55107e+16	4.43e-05	1.77e-02	9.82e-01	2.15e-06	0.00e+00	0.00e+00	0.00e+00	0.00e+00	0.00e+00	3.45e-05	6.10e-06	3.73e-06
 4.85650e+16	5.68e-05	1.97e-02	9.80e-01	1.64e-06	0.00e+00	0.00e+00	0.00e+00	0.00e+00	0.00e+00	4.41e-05	7.87e-06	4.82e-06
 5.07617e+16	6.93e-05	2.15e-02	9.78e-01	1.39e-06	0.00e+00	0.00e+00	0.00e+00	0.00e+00	0.00e+00	5.37e-05	9.65e-06	5.91e-06
 5.20034e+16	7.79e-05	2.26e-02	9.77e-01	1.28e-06	0.00e+00	0.00e+00	0.00e+00	0.00e+00	0.00e+00	6.03e-05	1.09e-05	6.66e-06
 5.31519e+16	8.63e-05	2.37e-02	9.76e-01	1.19e-06	0.00e+00	0.00e+00	0.00e+00	0.00e+00	0.00e+00	6.68e-05	1.21e-05	7.41e-06
 5.46450e+16	9.89e-05	2.51e-02	9.75e-01	1.09e-06	0.00e+00	0.00e+00	0.00e+00	0.00e+00	0.00e+00	7.64e-05	1.39e-05	8.54e-06
 5.65859e+16	1.19e-04	2.73e-02	9.73e-01	9.80e-07	0.00e+00	0.00e+00	0.00e+00	0.00e+00	0.00e+00	9.16e-05	1.68e-05	1.03e-05
 5.84783e+16	1.45e-04	3.00e-02	9.70e-01	8.89e-07	0.00e+00	0.00e+00	0.00e+00	0.00e+00	0.00e+00	1.12e-04	2.06e-05	1.27e-05
 5.98099e+16	1.69e-04	3.21e-02	9.68e-01	8.35e-07	0.00e+00	0.00e+00	0.00e+00	0.00e+00	0.00e+00	1.30e-04	2.41e-05	1.48e-05
 6.08533e+16	1.90e-04	3.39e-02	9.66e-01	7.94e-07	0.00e+00	0.00e+00	0.00e+00	0.00e+00	0.00e+00	1.46e-04	2.71e-05	1.67e-05
 6.20196e+16	2.16e-04	3.61e-02	9.64e-01	7.50e-07	0.00e+00	0.00e+00	0.00e+00	0.00e+00	0.00e+00	1.66e-04	3.10e-05	1.90e-05
 6.35359e+16	2.57e-04	3.93e-02	9.60e-01	7.03e-07	0.00e+00	0.00e+00	0.00e+00	0.00e+00	0.00e+00	1.97e-04	3.70e-05	2.27e-05
 6.50877e+16	3.13e-04	4.33e-02	9.56e-01	6.53e-07	0.00e+00	0.00e+00	0.00e+00	0.00e+00	0.00e+00	2.40e-04	4.52e-05	2.76e-05
 6.62863e+16	3.68e-04	4.69e-02	9.53e-01	6.18e-07	0.00e+00	0.00e+00	0.00e+00	0.00e+00	0.00e+00	2.82e-04	5.33e-05	3.25e-05
 6.72528e+16	4.19e-04	5.01e-02	9.49e-01	5.89e-07	0.00e+00	0.00e+00	0.00e+00	0.00e+00	0.00e+00	3.21e-04	6.10e-05	3.71e-05
 6.83171e+16	4.83e-04	5.39e-02	9.46e-01	5.57e-07	0.00e+00	0.00e+00	0.00e+00	0.00e+00	0.00e+00	3.70e-04	7.05e-05	4.28e-05
 6.97007e+16	5.86e-04	5.95e-02	9.40e-01	5.22e-07	0.00e+00	0.00e+00	0.00e+00	0.00e+00	0.00e+00	4.48e-04	8.58e-05	5.19e-05
 7.10958e+16	7.28e-04	6.65e-02	9.33e-01	4.82e-07	0.00e+00	0.00e+00	0.00e+00	0.00e+00	0.00e+00	5.56e-04	1.07e-04	6.45e-05
 7.21451e+16	8.66e-04	7.29e-02	9.26e-01	4.52e-07	0.00e+00	0.00e+00	0.00e+00	0.00e+00	0.00e+00	6.61e-04	1.28e-04	7.68e-05
 7.29900e+16	9.96e-04	7.84e-02	9.21e-01	4.29e-07	0.00e+00	0.00e+00	0.00e+00	0.00e+00	0.00e+00	7.60e-04	1.47e-04	8.84e-05
 7.39297e+16	1.16e-03	8.51e-02	9.14e-01	4.03e-07	0.00e+00	0.00e+00	0.00e+00	0.00e+00	0.00e+00	8.85e-04	1.72e-04	1.03e-04
 7.51514e+16	1.43e-03	9.52e-02	9.03e-01	3.73e-07	0.00e+00	0.00e+00	0.00e+00	0.00e+00	0.00e+00	1.09e-03	2.12e-04	1.27e-04
 7.64016e+16	1.81e-03	1.08e-01	8.90e-01	3.37e-07	0.00e+00	0.00e+00	0.00e+00	0.00e+00	0.00e+00	1.38e-03	2.70e-04	1.61e-04
 7.73702e+16	2.19e-03	1.20e-01	8.78e-01	3.10e-07	0.00e+00	0.00e+00	0.00e+00	0.00e+00	0.00e+00	1.67e-03	3.29e-04	1.95e-04
 7.81545e+16	2.57e-03	1.31e-01	8.67e-01	2.88e-07	0.00e+00	0.00e+00	0.00e+00	0.00e+00	0.00e+00	1.96e-03	3.86e-04	2.29e-04
 7.90175e+16	3.06e-03	1.44e-01	8.53e-01	2.67e-07	0.00e+00	0.00e+00	0.00e+00	0.00e+00	0.00e+00	2.32e-03	4.60e-04	2.72e-04
 8.01395e+16	3.86e-03	1.63e-01	8.33e-01	2.36e-07	0.00e+00	0.00e+00	0.00e+00	0.00e+00	0.00e+00	2.93e-03	5.83e-04	3.43e-04
 8.12549e+16	5.01e-03	1.88e-01	8.07e-01	2.05e-07	0.00e+00	0.00e+00	0.00e+00	0.00e+00	0.00e+00	3.81e-03	7.57e-04	4.45e-04
 8.20591e+16	6.12e-03	2.09e-01	7.85e-01	1.81e-07	0.00e+00	0.00e+00	0.00e+00	0.00e+00	0.00e+00	4.65e-03	9.25e-04	5.44e-04
 8.26733e+16	7.13e-03	2.26e-01	7.66e-01	1.65e-07	0.00e+00	0.00e+00	0.00e+00	0.00e+00	0.00e+00	5.42e-03	1.08e-03	6.32e-04
 8.33432e+16	8.38e-03	2.47e-01	7.45e-01	1.48e-07	0.00e+00	0.00e+00	0.00e+00	0.00e+00	0.00e+00	6.37e-03	1.26e-03	7.42e-04
 8.42140e+16	1.04e-02	2.77e-01	7.12e-01	1.26e-07	0.00e+00	0.00e+00	0.00e+00	0.00e+00	0.00e+00	7.95e-03	1.57e-03	9.25e-04
 8.51043e+16	1.34e-02	3.15e-01	6.72e-01	0.00e+00	0.00e+00	0.00e+00	0.00e+00	0.00e+00	0.00e+00	1.02e-02	2.02e-03	1.19e-03
 8.57830e+16	1.64e-02	3.47e-01	6.36e-01	0.00e+00	0.00e+00	0.00e+00	0.00e+00	0.00e+00	0.00e+00	1.25e-02	2.46e-03	1.44e-03
 8.63189e+16	1.92e-02	3.75e-01	6.06e-01	0.00e+00	0.00e+00	0.00e+00	0.00e+00	0.00e+00	0.00e+00	1.46e-02	2.88e-03	1.69e-03
 8.69061e+16	2.28e-02	4.07e-01	5.70e-01	0.00e+00	0.00e+00	0.00e+00	0.00e+00	0.00e+00	0.00e+00	1.73e-02	3.41e-03	2.00e-03
 8.76696e+16	2.87e-02	4.52e-01	5.19e-01	0.00e+00	0.00e+00	0.00e+00	0.00e+00	0.00e+00	0.00e+00	2.19e-02	4.29e-03	2.52e-03
 8.84329e+16	3.69e-02	5.03e-01	4.60e-01	0.00e+00	0.00e+00	0.00e+00	0.00e+00	0.00e+00	0.00e+00	2.81e-02	5.49e-03	3.24e-03
 8.89968e+16	4.47e-02	5.42e-01	4.13e-01	0.00e+00	0.00e+00	0.00e+00	0.00e+00	0.00e+00	0.00e+00	3.41e-02	6.64e-03	3.92e-03
 8.94477e+16	5.21e-02	5.73e-01	3.74e-01	0.00e+00	0.00e+00	0.00e+00	0.00e+00	0.00e+00	0.00e+00	3.98e-02	7.71e-03	4.56e-03
 8.98832e+16	6.04e-02	6.03e-01	3.36e-01	0.00e+00	0.00e+00	0.00e+00	0.00e+00	0.00e+00	0.00e+00	4.62e-02	8.92e-03	5.28e-03
 9.03112e+16	7.02e-02	6.31e-01	2.98e-01	0.00e+00	0.00e+00	0.00e+00	0.00e+00	0.00e+00	0.00e+00	5.37e-02	1.03e-02	6.12e-03
 9.07177e+16	8.11e-02	6.57e-01	2.62e-01	0.00e+00	0.00e+00	0.00e+00	0.00e+00	0.00e+00	0.00e+00	6.22e-02	1.19e-02	7.06e-03
 9.10916e+16	9.28e-02	6.78e-01	2.29e-01	0.00e+00	0.00e+00	0.00e+00	0.00e+00	0.00e+00	0.00e+00	7.12e-02	1.35e-02	8.06e-03
 9.14391e+16	1.06e-01	6.95e-01	1.99e-01	0.00e+00	0.00e+00	0.00e+00	0.00e+00	0.00e+00	0.00e+00	8.10e-02	1.53e-02	9.14e-03
 9.17680e+16	1.19e-01	7.08e-01	1.73e-01	0.00e+00	0.00e+00	0.00e+00	0.00e+00	0.00e+00	0.00e+00	9.16e-02	1.72e-02	1.03e-02
 9.20825e+16	1.34e-01	7.18e-01	1.48e-01	0.00e+00	0.00e+00	0.00e+00	0.00e+00	0.00e+00	0.00e+00	1.03e-01	1.92e-02	1.15e-02
 9.23853e+16	1.49e-01	7.24e-01	1.27e-01	0.00e+00	0.00e+00	0.00e+00	0.00e+00	0.00e+00	0.00e+00	1.15e-01	2.13e-02	1.28e-02
 9.26789e+16	1.66e-01	7.27e-01	1.07e-01	0.00e+00	0.00e+00	0.00e+00	0.00e+00	0.00e+00	0.00e+00	1.29e-01	2.36e-02	1.43e-02
 9.29608e+16	1.85e-01	7.25e-01	8.97e-02	0.00e+00	0.00e+00	0.00e+00	0.00e+00	0.00e+00	0.00e+00	1.43e-01	2.60e-02	1.58e-02
 9.32256e+16	2.04e-01	7.21e-01	7.49e-02	0.00e+00	0.00e+00	0.00e+00	0.00e+00	0.00e+00	0.00e+00	1.58e-01	2.84e-02	1.74e-02
 9.34760e+16	2.24e-01	7.13e-01	6.25e-02	0.00e+00	0.00e+00	0.00e+00	0.00e+00	0.00e+00	0.00e+00	1.74e-01	3.09e-02	1.90e-02
 9.37179e+16	2.46e-01	7.03e-01	5.17e-02	0.00e+00	0.00e+00	0.00e+00	0.00e+00	0.00e+00	0.00e+00	1.91e-01	3.35e-02	2.07e-02
 9.39543e+16	2.68e-01	6.89e-01	4.24e-02	0.00e+00	0.00e+00	0.00e+00	0.00e+00	0.00e+00	0.00e+00	2.10e-01	3.62e-02	2.24e-02
 9.41840e+16	2.92e-01	6.73e-01	3.45e-02	0.00e+00	0.00e+00	0.00e+00	0.00e+00	0.00e+00	0.00e+00	2.29e-01	3.89e-02	2.43e-02
 9.44053e+16	3.17e-01	6.55e-01	2.80e-02	0.00e+00	0.00e+00	0.00e+00	0.00e+00	0.00e+00	0.00e+00	2.50e-01	4.17e-02	2.62e-02
 9.46194e+16	3.43e-01	6.34e-01	2.25e-02	0.00e+00	0.00e+00	0.00e+00	0.00e+00	0.00e+00	0.00e+00	2.71e-01	4.44e-02	2.81e-02
 9.48283e+16	3.70e-01	6.12e-01	1.80e-02	0.00e+00	0.00e+00	0.00e+00	0.00e+00	0.00e+00	0.00e+00	2.93e-01	4.71e-02	3.00e-02
 9.50332e+16	3.99e-01	5.87e-01	1.42e-02	0.00e+00	0.00e+00	0.00e+00	0.00e+00	0.00e+00	0.00e+00	3.17e-01	4.97e-02	3.20e-02
 9.52340e+16	4.28e-01	5.61e-01	1.12e-02	0.00e+00	0.00e+00	0.00e+00	0.00e+00	0.00e+00	0.00e+00	3.41e-01	5.22e-02	3.40e-02
 9.54305e+16	4.57e-01	5.34e-01	8.71e-03	0.00e+00	0.00e+00	0.00e+00	0.00e+00	0.00e+00	0.00e+00	3.66e-01	5.46e-02	3.58e-02
 9.56138e+16	4.86e-01	5.07e-01	6.80e-03	0.00e+00	0.00e+00	0.00e+00	0.00e+00	0.00e+00	0.00e+00	3.92e-01	5.67e-02	3.76e-02
 9.57823e+16	5.13e-01	4.82e-01	5.38e-03	0.00e+00	0.00e+00	0.00e+00	0.00e+00	0.00e+00	0.00e+00	4.15e-01	5.85e-02	3.92e-02
 9.59363e+16	5.39e-01	4.57e-01	4.29e-03	0.00e+00	0.00e+00	0.00e+00	0.00e+00	0.00e+00	0.00e+00	4.38e-01	6.00e-02	4.05e-02
 9.60765e+16	5.61e-01	4.35e-01	3.48e-03	0.00e+00	0.00e+00	0.00e+00	0.00e+00	0.00e+00	0.00e+00	4.58e-01	6.11e-02	4.17e-02
 9.62084e+16	5.84e-01	4.14e-01	2.83e-03	0.00e+00	0.00e+00	0.00e+00	0.00e+00	0.00e+00	0.00e+00	4.79e-01	6.19e-02	4.27e-02
 9.63086e+16	6.00e-01	3.98e-01	2.41e-03	0.00e+00	0.00e+00	0.00e+00	0.00e+00	0.00e+00	0.00e+00	4.94e-01	6.25e-02	4.34e-02
 9.63740e+16	6.10e-01	3.88e-01	2.18e-03	0.00e+00	0.00e+00	0.00e+00	0.00e+00	0.00e+00	0.00e+00	5.03e-01	6.27e-02	4.37e-02
 9.64391e+16	6.20e-01	3.78e-01	1.96e-03	0.00e+00	0.00e+00	0.00e+00	0.00e+00	0.00e+00	0.00e+00	5.13e-01	6.30e-02	4.41e-02
 9.65199e+16	6.33e-01	3.65e-01	1.72e-03	0.00e+00	0.00e+00	0.00e+00	0.00e+00	0.00e+00	0.00e+00	5.25e-01	6.32e-02	4.45e-02
 9.66059e+16	6.48e-01	3.51e-01	1.48e-03	0.00e+00	0.00e+00	0.00e+00	0.00e+00	0.00e+00	0.00e+00	5.39e-01	6.34e-02	4.50e-02
 9.66816e+16	6.60e-01	3.39e-01	1.30e-03	0.00e+00	0.00e+00	0.00e+00	0.00e+00	0.00e+00	0.00e+00	5.51e-01	6.35e-02	4.53e-02
 9.67491e+16	6.70e-01	3.28e-01	1.15e-03	0.00e+00	0.00e+00	0.00e+00	0.00e+00	0.00e+00	0.00e+00	5.61e-01	6.36e-02	4.56e-02
 9.68177e+16	6.81e-01	3.18e-01	1.02e-03	0.00e+00	0.00e+00	0.00e+00	0.00e+00	0.00e+00	0.00e+00	5.72e-01	6.36e-02	4.58e-02
 9.68904e+16	6.93e-01	3.06e-01	8.89e-04	0.00e+00	0.00e+00	0.00e+00	0.00e+00	0.00e+00	0.00e+00	5.83e-01	6.35e-02	4.61e-02
 9.69638e+16	7.05e-01	2.94e-01	7.74e-04	0.00e+00	0.00e+00	0.00e+00	0.00e+00	0.00e+00	0.00e+00	5.95e-01	6.34e-02	4.62e-02
 9.70325e+16	7.15e-01	2.84e-01	6.80e-04	0.00e+00	0.00e+00	0.00e+00	0.00e+00	0.00e+00	0.00e+00	6.06e-01	6.32e-02	4.64e-02
 9.70986e+16	7.26e-01	2.74e-01	5.98e-04	0.00e+00	0.00e+00	0.00e+00	0.00e+00	0.00e+00	0.00e+00	6.16e-01	6.30e-02	4.65e-02
 9.71655e+16	7.35e-01	2.64e-01	5.25e-04	0.00e+00	0.00e+00	0.00e+00	0.00e+00	0.00e+00	0.00e+00	6.26e-01	6.27e-02	4.65e-02
 9.72336e+16	7.46e-01	2.53e-01	4.58e-04	0.00e+00	0.00e+00	0.00e+00	0.00e+00	0.00e+00	0.00e+00	6.37e-01	6.24e-02	4.65e-02
 9.73006e+16	7.56e-01	2.44e-01	4.00e-04	0.00e+00	0.00e+00	0.00e+00	0.00e+00	0.00e+00	0.00e+00	6.47e-01	6.20e-02	4.65e-02
 9.73658e+16	7.65e-01	2.34e-01	3.50e-04	0.00e+00	0.00e+00	0.00e+00	0.00e+00	0.00e+00	0.00e+00	6.57e-01	6.16e-02	4.64e-02
 9.74309e+16	7.75e-01	2.25e-01	3.06e-04	0.00e+00	0.00e+00	0.00e+00	0.00e+00	0.00e+00	0.00e+00	6.67e-01	6.12e-02	4.63e-02
 9.74950e+16	7.83e-01	2.16e-01	2.67e-04	0.00e+00	0.00e+00	0.00e+00	0.00e+00	0.00e+00	0.00e+00	6.76e-01	6.07e-02	4.62e-02
 9.75583e+16	7.92e-01	2.08e-01	2.33e-04	0.00e+00	0.00e+00	0.00e+00	0.00e+00	0.00e+00	0.00e+00	6.86e-01	6.02e-02	4.61e-02
 9.76221e+16	8.01e-01	1.99e-01	2.03e-04	0.00e+00	0.00e+00	0.00e+00	0.00e+00	0.00e+00	0.00e+00	6.95e-01	5.96e-02	4.59e-02
 9.76850e+16	8.09e-01	1.91e-01	1.77e-04	0.00e+00	0.00e+00	0.00e+00	0.00e+00	0.00e+00	0.00e+00	7.04e-01	5.91e-02	4.57e-02
 9.77472e+16	8.17e-01	1.83e-01	1.54e-04	0.00e+00	0.00e+00	0.00e+00	0.00e+00	0.00e+00	0.00e+00	7.13e-01	5.85e-02	4.54e-02
 9.78093e+16	8.24e-01	1.75e-01	1.34e-04	0.00e+00	0.00e+00	0.00e+00	0.00e+00	0.00e+00	0.00e+00	7.21e-01	5.79e-02	4.52e-02
 9.78701e+16	8.32e-01	1.68e-01	1.17e-04	0.00e+00	0.00e+00	0.00e+00	0.00e+00	0.00e+00	0.00e+00	7.30e-01	5.73e-02	4.49e-02
 9.79300e+16	8.39e-01	1.61e-01	1.02e-04	0.00e+00	0.00e+00	0.00e+00	0.00e+00	0.00e+00	0.00e+00	7.37e-01	5.67e-02	4.46e-02
 9.79907e+16	8.46e-01	1.54e-01	8.85e-05	0.00e+00	0.00e+00	0.00e+00	0.00e+00	0.00e+00	0.00e+00	7.45e-01	5.60e-02	4.42e-02
 9.80515e+16	8.53e-01	1.47e-01	7.66e-05	0.00e+00	0.00e+00	0.00e+00	0.00e+00	0.00e+00	0.00e+00	7.53e-01	5.53e-02	4.39e-02
 9.81103e+16	8.59e-01	1.41e-01	6.66e-05	0.00e+00	0.00e+00	0.00e+00	0.00e+00	0.00e+00	0.00e+00	7.61e-01	5.47e-02	4.35e-02
 9.81675e+16	8.65e-01	1.35e-01	5.81e-05	0.00e+00	0.00e+00	0.00e+00	0.00e+00	0.00e+00	0.00e+00	7.68e-01	5.41e-02	4.32e-02
 9.82247e+16	8.71e-01	1.29e-01	5.06e-05	0.00e+00	0.00e+00	0.00e+00	0.00e+00	0.00e+00	0.00e+00	7.74e-01	5.34e-02	4.28e-02
 9.82818e+16	8.76e-01	1.24e-01	4.40e-05	0.00e+00	0.00e+00	0.00e+00	0.00e+00	0.00e+00	0.00e+00	7.81e-01	5.27e-02	4.24e-02
 9.83381e+16	8.82e-01	1.18e-01	3.83e-05	0.00e+00	0.00e+00	0.00e+00	0.00e+00	0.00e+00	0.00e+00	7.88e-01	5.21e-02	4.20e-02
 9.83930e+16	8.87e-01	1.13e-01	3.34e-05	0.00e+00	0.00e+00	0.00e+00	0.00e+00	0.00e+00	0.00e+00	7.94e-01	5.15e-02	4.17e-02
 9.84461e+16	8.92e-01	1.08e-01	2.93e-05	0.00e+00	0.00e+00	0.00e+00	0.00e+00	0.00e+00	0.00e+00	7.99e-01	5.08e-02	4.13e-02
 9.84986e+16	8.96e-01	1.04e-01	2.56e-05	0.00e+00	0.00e+00	0.00e+00	0.00e+00	0.00e+00	0.00e+00	8.05e-01	5.02e-02	4.09e-02
 9.85512e+16	9.00e-01	9.95e-02	2.24e-05	0.00e+00	0.00e+00	0.00e+00	0.00e+00	0.00e+00	0.00e+00	8.10e-01	4.96e-02	4.05e-02
 9.86034e+16	9.05e-01	9.53e-02	1.96e-05	0.00e+00	0.00e+00	0.00e+00	0.00e+00	0.00e+00	0.00e+00	8.15e-01	4.91e-02	4.02e-02
 9.86539e+16	9.09e-01	9.13e-02	1.72e-05	0.00e+00	0.00e+00	0.00e+00	0.00e+00	0.00e+00	0.00e+00	8.20e-01	4.85e-02	3.98e-02
 9.87030e+16	9.12e-01	8.75e-02	1.51e-05	0.00e+00	0.00e+00	0.00e+00	0.00e+00	0.00e+00	0.00e+00	8.25e-01	4.79e-02	3.94e-02
 9.87520e+16	9.16e-01	8.40e-02	1.33e-05	0.00e+00	0.00e+00	0.00e+00	0.00e+00	0.00e+00	0.00e+00	8.30e-01	4.74e-02	3.90e-02
 9.88013e+16	9.19e-01	8.05e-02	1.17e-05	0.00e+00	0.00e+00	0.00e+00	0.00e+00	0.00e+00	0.00e+00	8.34e-01	4.69e-02	3.87e-02
 9.88495e+16	9.23e-01	7.72e-02	1.03e-05	0.00e+00	0.00e+00	0.00e+00	0.00e+00	0.00e+00	0.00e+00	8.38e-01	4.63e-02	3.83e-02
 9.88963e+16	9.26e-01	7.40e-02	9.07e-06	0.00e+00	0.00e+00	0.00e+00	0.00e+00	0.00e+00	0.00e+00	8.42e-01	4.58e-02	3.80e-02
 9.89423e+16	9.29e-01	7.10e-02	8.02e-06	0.00e+00	0.00e+00	0.00e+00	0.00e+00	0.00e+00	0.00e+00	8.46e-01	4.53e-02	3.76e-02
 9.89887e+16	9.32e-01	6.82e-02	7.08e-06	0.00e+00	0.00e+00	0.00e+00	0.00e+00	0.00e+00	0.00e+00	8.50e-01	4.49e-02	3.73e-02
 9.90351e+16	9.35e-01	6.54e-02	6.24e-06	0.00e+00	0.00e+00	0.00e+00	0.00e+00	0.00e+00	0.00e+00	8.53e-01	4.44e-02	3.70e-02
 9.90799e+16	9.37e-01	6.27e-02	5.52e-06	0.00e+00	0.00e+00	0.00e+00	0.00e+00	0.00e+00	0.00e+00	8.57e-01	4.40e-02	3.66e-02
 9.91238e+16	9.40e-01	6.02e-02	4.89e-06	0.00e+00	0.00e+00	0.00e+00	0.00e+00	0.00e+00	0.00e+00	8.60e-01	4.35e-02	3.63e-02
 9.91680e+16	9.42e-01	5.78e-02	4.33e-06	0.00e+00	0.00e+00	0.00e+00	0.00e+00	0.00e+00	0.00e+00	8.63e-01	4.31e-02	3.59e-02
 9.92114e+16	9.45e-01	5.54e-02	3.84e-06	0.00e+00	0.00e+00	0.00e+00	0.00e+00	0.00e+00	0.00e+00	8.66e-01	4.26e-02	3.56e-02
 9.92541e+16	9.47e-01	5.33e-02	3.42e-06	0.00e+00	0.00e+00	0.00e+00	0.00e+00	0.00e+00	0.00e+00	8.69e-01	4.22e-02	3.52e-02
 9.92968e+16	9.49e-01	5.11e-02	3.03e-06	0.00e+00	0.00e+00	0.00e+00	0.00e+00	0.00e+00	0.00e+00	8.72e-01	4.18e-02	3.49e-02
 9.93392e+16	9.51e-01	4.91e-02	2.69e-06	0.00e+00	0.00e+00	0.00e+00	0.00e+00	0.00e+00	0.00e+00	8.75e-01	4.14e-02	3.46e-02
 9.93810e+16	9.53e-01	4.71e-02	2.39e-06	0.00e+00	0.00e+00	0.00e+00	0.00e+00	0.00e+00	0.00e+00	8.78e-01	4.11e-02	3.43e-02
 9.94221e+16	9.55e-01	4.52e-02	2.13e-06	0.00e+00	0.00e+00	0.00e+00	0.00e+00	0.00e+00	0.00e+00	8.80e-01	4.07e-02	3.39e-02
 9.94623e+16	9.57e-01	4.34e-02	1.90e-06	0.00e+00	0.00e+00	0.00e+00	0.00e+00	0.00e+00	0.00e+00	8.83e-01	4.03e-02	3.36e-02
 9.95020e+16	9.58e-01	4.17e-02	1.70e-06	0.00e+00	0.00e+00	0.00e+00	0.00e+00	0.00e+00	0.00e+00	8.85e-01	4.00e-02	3.33e-02
 9.95425e+16	9.60e-01	4.00e-02	1.51e-06	0.00e+00	0.00e+00	0.00e+00	0.00e+00	0.00e+00	0.00e+00	8.87e-01	3.96e-02	3.31e-02
 9.95833e+16	9.62e-01	3.84e-02	1.35e-06	0.00e+00	0.00e+00	0.00e+00	0.00e+00	0.00e+00	0.00e+00	8.89e-01	3.93e-02	3.28e-02
 9.96222e+16	9.63e-01	3.69e-02	1.21e-06	0.00e+00	0.00e+00	0.00e+00	0.00e+00	0.00e+00	0.00e+00	8.92e-01	3.90e-02	3.25e-02
 9.96594e+16	9.65e-01	3.55e-02	1.09e-06	0.00e+00	0.00e+00	0.00e+00	0.00e+00	0.00e+00	0.00e+00	8.94e-01	3.87e-02	3.23e-02
 9.96974e+16	9.66e-01	3.41e-02	9.73e-07	0.00e+00	0.00e+00	0.00e+00	0.00e+00	0.00e+00	0.00e+00	8.96e-01	3.84e-02	3.20e-02
 9.97365e+16	9.67e-01	3.27e-02	8.69e-07	0.00e+00	0.00e+00	0.00e+00	0.00e+00	0.00e+00	0.00e+00	8.98e-01	3.81e-02	3.17e-02
 9.97745e+16	9.69e-01	3.13e-02	7.78e-07	0.00e+00	0.00e+00	0.00e+00	0.00e+00	0.00e+00	0.00e+00	8.99e-01	3.78e-02	3.15e-02
 9.98108e+16	9.70e-01	3.01e-02	7.01e-07	0.00e+00	0.00e+00	0.00e+00	0.00e+00	0.00e+00	0.00e+00	9.01e-01	3.75e-02	3.12e-02
 9.98466e+16	9.71e-01	2.89e-02	6.32e-07	0.00e+00	0.00e+00	0.00e+00	0.00e+00	0.00e+00	0.00e+00	9.03e-01	3.73e-02	3.10e-02
 9.98831e+16	9.72e-01	2.77e-02	5.68e-07	0.00e+00	0.00e+00	0.00e+00	0.00e+00	0.00e+00	0.00e+00	9.04e-01	3.70e-02	3.08e-02
 9.99191e+16	9.73e-01	2.66e-02	5.11e-07	0.00e+00	0.00e+00	0.00e+00	0.00e+00	0.00e+00	0.00e+00	9.06e-01	3.68e-02	3.06e-02
 9.99536e+16	9.74e-01	2.55e-02	4.63e-07	0.00e+00	0.00e+00	0.00e+00	0.00e+00	0.00e+00	0.00e+00	9.08e-01	3.65e-02	3.03e-02
 9.99856e+16	9.75e-01	2.46e-02	4.22e-07	0.00e+00	0.00e+00	0.00e+00	0.00e+00	0.00e+00	0.00e+00	9.09e-01	3.63e-02	3.01e-02
 1.00014e+17	9.76e-01	2.38e-02	3.89e-07	0.00e+00	0.00e+00	0.00e+00	0.00e+00	0.00e+00	0.00e+00	9.10e-01	3.61e-02	3.00e-02
 1.00040e+17	9.77e-01	2.31e-02	3.61e-07	0.00e+00	0.00e+00	0.00e+00	0.00e+00	0.00e+00	0.00e+00	9.11e-01	3.59e-02	2.98e-02
 1.00064e+17	9.78e-01	2.24e-02	3.37e-07	0.00e+00	0.00e+00	0.00e+00	0.00e+00	0.00e+00	0.00e+00	9.12e-01	3.58e-02	2.97e-02
 1.00087e+17	9.78e-01	2.18e-02	3.16e-07	0.00e+00	0.00e+00	0.00e+00	0.00e+00	0.00e+00	0.00e+00	9.13e-01	3.56e-02	2.95e-02
 1.00109e+17	9.79e-01	2.12e-02	2.97e-07	0.00e+00	0.00e+00	0.00e+00	0.00e+00	0.00e+00	0.00e+00	9.14e-01	3.55e-02	2.94e-02
 1.00128e+17	9.79e-01	2.07e-02	2.81e-07	0.00e+00	0.00e+00	0.00e+00	0.00e+00	0.00e+00	0.00e+00	9.15e-01	3.53e-02	2.93e-02
 1.00146e+17	9.80e-01	2.02e-02	2.67e-07	0.00e+00	0.00e+00	0.00e+00	0.00e+00	0.00e+00	0.00e+00	9.15e-01	3.52e-02	2.91e-02
 1.00163e+17	9.80e-01	1.98e-02	2.54e-07	0.00e+00	0.00e+00	0.00e+00	0.00e+00	0.00e+00	0.00e+00	9.16e-01	3.51e-02	2.90e-02
 1.00179e+17	9.81e-01	1.94e-02	2.43e-07	0.00e+00	0.00e+00	0.00e+00	0.00e+00	0.00e+00	0.00e+00	9.17e-01	3.50e-02	2.89e-02
 1.00195e+17	9.81e-01	1.90e-02	2.32e-07	0.00e+00	0.00e+00	0.00e+00	0.00e+00	0.00e+00	0.00e+00	9.17e-01	3.48e-02	2.88e-02
 1.00210e+17	9.81e-01	1.86e-02	2.23e-07	0.00e+00	0.00e+00	0.00e+00	0.00e+00	0.00e+00	0.00e+00	9.18e-01	3.47e-02	2.87e-02
 1.00223e+17	9.82e-01	1.83e-02	2.14e-07	0.00e+00	0.00e+00	0.00e+00	0.00e+00	0.00e+00	0.00e+00	9.19e-01	3.46e-02	2.86e-02
 1.00236e+17	9.82e-01	1.79e-02	2.06e-07	0.00e+00	0.00e+00	0.00e+00	0.00e+00	0.00e+00	0.00e+00	9.19e-01	3.45e-02	2.85e-02
 1.00249e+17	9.82e-01	1.76e-02	1.99e-07	0.00e+00	0.00e+00	0.00e+00	0.00e+00	0.00e+00	0.00e+00	9.20e-01	3.44e-02	2.84e-02
 1.00261e+17	9.83e-01	1.73e-02	1.92e-07	0.00e+00	0.00e+00	0.00e+00	0.00e+00	0.00e+00	0.00e+00	9.20e-01	3.43e-02	2.83e-02
 1.00272e+17	9.83e-01	1.70e-02	1.86e-07	0.00e+00	0.00e+00	0.00e+00	0.00e+00	0.00e+00	0.00e+00	9.21e-01	3.42e-02	2.83e-02
 1.00283e+17	9.83e-01	1.67e-02	1.80e-07	0.00e+00	0.00e+00	0.00e+00	0.00e+00	0.00e+00	0.00e+00	9.21e-01	3.41e-02	2.82e-02
 1.00293e+17	9.84e-01	1.64e-02	1.75e-07	0.00e+00	0.00e+00	0.00e+00	0.00e+00	0.00e+00	0.00e+00	9.21e-01	3.40e-02	2.81e-02
 1.00303e+17	9.84e-01	1.62e-02	1.70e-07	0.00e+00	0.00e+00	0.00e+00	0.00e+00	0.00e+00	0.00e+00	9.22e-01	3.39e-02	2.80e-02
 1.00313e+17	9.84e-01	1.59e-02	1.65e-07	0.00e+00	0.00e+00	0.00e+00	0.00e+00	0.00e+00	0.00e+00	9.22e-01	3.38e-02	2.79e-02
 1.00322e+17	9.84e-01	1.56e-02	1.60e-07	0.00e+00	0.00e+00	0.00e+00	0.00e+00	0.00e+00	0.00e+00	9.23e-01	3.38e-02	2.78e-02
 1.00332e+17	9.85e-01	1.54e-02	1.56e-07	0.00e+00	0.00e+00	0.00e+00	0.00e+00	0.00e+00	0.00e+00	9.23e-01	3.37e-02	2.77e-02
 1.00341e+17	9.85e-01	1.51e-02	1.51e-07	0.00e+00	0.00e+00	0.00e+00	0.00e+00	0.00e+00	0.00e+00	9.24e-01	3.36e-02	2.77e-02
 1.00351e+17	9.85e-01	1.48e-02	1.47e-07	0.00e+00	0.00e+00	0.00e+00	0.00e+00	0.00e+00	0.00e+00	9.24e-01	3.35e-02	2.76e-02
 1.00361e+17	9.85e-01	1.46e-02	1.43e-07	0.00e+00	0.00e+00	0.00e+00	0.00e+00	0.00e+00	0.00e+00	9.25e-01	3.34e-02	2.75e-02
 1.00370e+17	9.86e-01	1.43e-02	1.38e-07	0.00e+00	0.00e+00	0.00e+00	0.00e+00	0.00e+00	0.00e+00	9.25e-01	3.33e-02	2.74e-02
 1.00381e+17	9.86e-01	1.40e-02	1.34e-07	0.00e+00	0.00e+00	0.00e+00	0.00e+00	0.00e+00	0.00e+00	9.26e-01	3.31e-02	2.72e-02
 1.00392e+17	9.86e-01	1.36e-02	1.29e-07	0.00e+00	0.00e+00	0.00e+00	0.00e+00	0.00e+00	0.00e+00	9.26e-01	3.30e-02	2.71e-02
 1.00403e+17	9.87e-01	1.33e-02	1.24e-07	0.00e+00	0.00e+00	0.00e+00	0.00e+00	0.00e+00	0.00e+00	9.27e-01	3.29e-02	2.70e-02
 1.00414e+17	9.87e-01	1.29e-02	1.20e-07	0.00e+00	0.00e+00	0.00e+00	0.00e+00	0.00e+00	0.00e+00	9.28e-01	3.27e-02	2.68e-02
 1.00423e+17	9.87e-01	1.26e-02	1.16e-07	0.00e+00	0.00e+00	0.00e+00	0.00e+00	0.00e+00	0.00e+00	9.28e-01	3.26e-02	2.67e-02
 1.00433e+17	9.88e-01	1.23e-02	1.13e-07	0.00e+00	0.00e+00	0.00e+00	0.00e+00	0.00e+00	0.00e+00	9.29e-01	3.24e-02	2.66e-02
 1.00441e+17	9.88e-01	1.20e-02	1.09e-07	0.00e+00	0.00e+00	0.00e+00	0.00e+00	0.00e+00	0.00e+00	9.29e-01	3.23e-02	2.64e-02
 1.00450e+17	9.88e-01	1.18e-02	1.06e-07	0.00e+00	0.00e+00	0.00e+00	0.00e+00	0.00e+00	0.00e+00	9.30e-01	3.22e-02	2.63e-02
 1.00457e+17	9.88e-01	1.15e-02	1.03e-07	0.00e+00	0.00e+00	0.00e+00	0.00e+00	0.00e+00	0.00e+00	9.30e-01	3.21e-02	2.62e-02
 1.00464e+17	9.89e-01	1.13e-02	1.01e-07	0.00e+00	0.00e+00	0.00e+00	0.00e+00	0.00e+00	0.00e+00	9.31e-01	3.20e-02	2.61e-02
 1.00470e+17	9.89e-01	1.11e-02	9.83e-08	0.00e+00	0.00e+00	0.00e+00	0.00e+00	0.00e+00	0.00e+00	9.31e-01	3.19e-02	2.60e-02
 1.00476e+17	9.89e-01	1.10e-02	9.62e-08	0.00e+00	0.00e+00	0.00e+00	0.00e+00	0.00e+00	0.00e+00	9.31e-01	3.18e-02	2.59e-02
 1.00481e+17	9.89e-01	1.08e-02	9.44e-08	0.00e+00	0.00e+00	0.00e+00	0.00e+00	0.00e+00	0.00e+00	9.32e-01	3.17e-02	2.58e-02
 1.00487e+17	9.89e-01	1.06e-02	9.23e-08	0.00e+00	0.00e+00	0.00e+00	0.00e+00	0.00e+00	0.00e+00	9.32e-01	3.16e-02	2.57e-02
 1.00493e+17	9.90e-01	1.04e-02	9.01e-08	0.00e+00	0.00e+00	0.00e+00	0.00e+00	0.00e+00	0.00e+00	9.32e-01	3.14e-02	2.56e-02
 1.00499e+17	9.90e-01	1.03e-02	8.83e-08	0.00e+00	0.00e+00	0.00e+00	0.00e+00	0.00e+00	0.00e+00	9.33e-01	3.13e-02	2.55e-02
 1.00505e+17	9.90e-01	1.01e-02	8.60e-08	0.00e+00	0.00e+00	0.00e+00	0.00e+00	0.00e+00	0.00e+00	9.33e-01	3.12e-02	2.54e-02
 1.00511e+17	9.90e-01	9.91e-03	8.37e-08	0.00e+00	0.00e+00	0.00e+00	0.00e+00	0.00e+00	0.00e+00	9.34e-01	3.11e-02	2.53e-02
 1.00517e+17	9.90e-01	9.75e-03	8.17e-08	0.00e+00	0.00e+00	0.00e+00	0.00e+00	0.00e+00	0.00e+00	9.34e-01	3.09e-02	2.52e-02
 1.00523e+17	9.90e-01	9.60e-03	7.99e-08	0.00e+00	0.00e+00	0.00e+00	0.00e+00	0.00e+00	0.00e+00	9.34e-01	3.08e-02	2.51e-02
 1.00528e+17	9.91e-01	9.47e-03	7.83e-08	0.00e+00	0.00e+00	0.00e+00	0.00e+00	0.00e+00	0.00e+00	9.35e-01	3.07e-02	2.50e-02
 1.00533e+17	9.91e-01	9.31e-03	7.64e-08	0.00e+00	0.00e+00	0.00e+00	0.00e+00	0.00e+00	0.00e+00	9.35e-01	3.06e-02	2.49e-02
 1.00539e+17	9.91e-01	9.15e-03	7.45e-08	0.00e+00	0.00e+00	0.00e+00	0.00e+00	0.00e+00	0.00e+00	9.36e-01	3.05e-02	2.48e-02
 1.00545e+17	9.91e-01	9.05e-03	7.30e-08	0.00e+00	0.00e+00	0.00e+00	0.00e+00	0.00e+00	0.00e+00	9.36e-01	3.04e-02	2.47e-02
 1.00550e+17	9.91e-01	8.91e-03	7.12e-08	0.00e+00	0.00e+00	0.00e+00	0.00e+00	0.00e+00	0.00e+00	9.36e-01	3.03e-02	2.46e-02
 1.00558e+17	9.91e-01	8.74e-03	6.90e-08	0.00e+00	0.00e+00	0.00e+00	0.00e+00	0.00e+00	0.00e+00	9.37e-01	3.02e-02	2.45e-02
 1.00566e+17	9.91e-01	8.57e-03	6.67e-08	0.00e+00	0.00e+00	0.00e+00	0.00e+00	0.00e+00	0.00e+00	9.37e-01	3.01e-02	2.44e-02
 1.00574e+17	9.92e-01	8.41e-03	6.46e-08	0.00e+00	0.00e+00	0.00e+00	0.00e+00	0.00e+00	0.00e+00	9.37e-01	2.99e-02	2.43e-02
 1.00581e+17	9.92e-01	8.26e-03	6.27e-08	0.00e+00	0.00e+00	0.00e+00	0.00e+00	0.00e+00	0.00e+00	9.38e-01	2.98e-02	2.42e-02
 1.00587e+17	9.92e-01	8.14e-03	6.11e-08	0.00e+00	0.00e+00	0.00e+00	0.00e+00	0.00e+00	0.00e+00	9.38e-01	2.97e-02	2.41e-02
 1.00594e+17	9.92e-01	8.00e-03	5.93e-08	0.00e+00	0.00e+00	0.00e+00	0.00e+00	0.00e+00	0.00e+00	9.38e-01	2.96e-02	2.40e-02
 1.00601e+17	9.92e-01	7.85e-03	5.74e-08	0.00e+00	0.00e+00	0.00e+00	0.00e+00	0.00e+00	0.00e+00	9.39e-01	2.95e-02	2.39e-02
 1.00608e+17	9.92e-01	7.73e-03	5.59e-08	0.00e+00	0.00e+00	0.00e+00	0.00e+00	0.00e+00	0.00e+00	9.39e-01	2.94e-02	2.38e-02
 1.00615e+17	9.92e-01	7.57e-03	5.39e-08	0.00e+00	0.00e+00	0.00e+00	0.00e+00	0.00e+00	0.00e+00	9.40e-01	2.93e-02	2.37e-02
 1.00623e+17	9.93e-01	7.42e-03	5.21e-08	0.00e+00	0.00e+00	0.00e+00	0.00e+00	0.00e+00	0.00e+00	9.40e-01	2.91e-02	2.35e-02
 1.00630e+17	9.93e-01	7.28e-03	5.03e-08	0.00e+00	0.00e+00	0.00e+00	0.00e+00	0.00e+00	0.00e+00	9.40e-01	2.90e-02	2.34e-02
 1.00637e+17	9.93e-01	7.12e-03	4.85e-08	0.00e+00	0.00e+00	0.00e+00	0.00e+00	0.00e+00	0.00e+00	9.41e-01	2.89e-02	2.33e-02
