#depth	H	H+	H2
 4.82490e+11	8.75e-04	9.99e-01	3.80e-14
 2.89494e+12	8.75e-04	9.99e-01	3.80e-14
 1.25447e+13	8.74e-04	9.99e-01	3.81e-14
 5.11439e+13	8.75e-04	9.99e-01	3.82e-14
 1.22166e+14	8.70e-04	9.99e-01	3.83e-14
 2.14496e+14	8.66e-04	9.99e-01	3.84e-14
 3.34524e+14	8.63e-04	9.99e-01	3.88e-14
 4.90560e+14	8.60e-04	9.99e-01	3.91e-14
 6.93407e+14	8.58e-04	9.99e-01	3.97e-14
 9.57109e+14	8.57e-04	9.99e-01	4.04e-14
 1.29992e+15	8.58e-04	9.99e-01	4.15e-14
 1.74558e+15	8.62e-04	9.99e-01	4.30e-14
 2.32493e+15	8.71e-04	9.99e-01	4.51e-14
 3.07809e+15	8.87e-04	9.99e-01	4.80e-14
 4.05719e+15	9.13e-04	9.99e-01	5.22e-14
 5.33003e+15	9.55e-04	9.99e-01	5.83e-14
 6.98471e+15	1.02e-03	9.99e-01	6.73e-14
 9.05736e+15	1.12e-03	9.99e-01	8.05e-14
 1.13321e+16	1.25e-03	9.99e-01	9.75e-14
 1.36069e+16	1.42e-03	9.99e-01	1.18e-13
 1.54815e+16	1.58e-03	9.98e-01	1.39e-13
 1.70297e+16	1.74e-03	9.98e-01	1.59e-13
 1.87327e+16	1.95e-03	9.98e-01	1.85e-13
 2.01404e+16	2.15e-03	9.98e-01	2.11e-13
 2.10241e+16	2.30e-03	9.98e-01	2.29e-13
 2.18702e+16	2.46e-03	9.98e-01	2.47e-13
 2.29702e+16	2.68e-03	9.97e-01	2.74e-13
 2.40765e+16	2.93e-03	9.97e-01	3.05e-13
 2.49308e+16	3.16e-03	9.97e-01	3.34e-13
 2.56599e+16	3.37e-03	9.97e-01	3.59e-13
 2.64862e+16	3.63e-03	9.96e-01	3.91e-13
 2.73788e+16	3.95e-03	9.96e-01	4.30e-13
 2.81557e+16	4.27e-03	9.96e-01	4.70e-13
 2.88342e+16	4.57e-03	9.95e-01	5.08e-13
 2.95864e+16	4.95e-03	9.95e-01	5.54e-13
 3.03856e+16	5.40e-03	9.95e-01	6.13e-13
 3.10628e+16	5.83e-03	9.94e-01	6.69e-13
 3.16520e+16	6.25e-03	9.94e-01	7.25e-13
 3.23102e+16	6.77e-03	9.93e-01	7.90e-13
 3.30181e+16	7.42e-03	9.93e-01	8.80e-13
 3.36275e+16	8.03e-03	9.92e-01	9.62e-13
 3.41584e+16	8.65e-03	9.91e-01	1.05e-12
 3.47505e+16	9.43e-03	9.91e-01	1.16e-12
 3.53846e+16	1.04e-02	9.90e-01	1.29e-12
 3.59325e+16	1.13e-02	9.89e-01	1.43e-12
 3.64124e+16	1.23e-02	9.88e-01	1.56e-12
 3.69448e+16	1.35e-02	9.87e-01	1.74e-12
 3.75054e+16	1.50e-02	9.85e-01	1.97e-12
 3.79674e+16	1.64e-02	9.84e-01	2.18e-12
 3.83550e+16	1.77e-02	9.82e-01	2.39e-12
 3.87810e+16	1.95e-02	9.80e-01	2.67e-12
 3.92372e+16	2.17e-02	9.78e-01	3.02e-12
 3.96244e+16	2.39e-02	9.76e-01	3.37e-12
 3.99517e+16	2.60e-02	9.74e-01	3.72e-12
 4.03090e+16	2.88e-02	9.71e-01	4.18e-12
 4.06905e+16	3.23e-02	9.68e-01	4.78e-12
 4.10132e+16	3.58e-02	9.64e-01	5.39e-12
 4.12870e+16	3.94e-02	9.61e-01	6.00e-12
 4.15878e+16	4.40e-02	9.56e-01	6.83e-12
 4.19108e+16	5.00e-02	9.50e-01	7.93e-12
 4.21880e+16	5.64e-02	9.44e-01	9.12e-12
 4.24249e+16	6.29e-02	9.37e-01	1.04e-11
 4.26844e+16	7.15e-02	9.28e-01	1.21e-11
 4.29661e+16	8.30e-02	9.17e-01	1.44e-11
 4.31794e+16	9.40e-02	9.06e-01	1.67e-11
 4.33134e+16	1.02e-01	8.98e-01	1.84e-11
 4.34415e+16	1.11e-01	8.89e-01	2.04e-11
 4.36080e+16	1.24e-01	8.76e-01	2.34e-11
 4.37729e+16	1.39e-01	8.61e-01	2.69e-11
 4.38947e+16	1.52e-01	8.48e-01	3.00e-11
 4.39946e+16	1.64e-01	8.36e-01	3.30e-11
 4.41068e+16	1.79e-01	8.21e-01	3.69e-11
 4.42290e+16	1.97e-01	8.03e-01	4.18e-11
 4.43355e+16	2.14e-01	7.86e-01	4.68e-11
 4.44266e+16	2.31e-01	7.69e-01	5.14e-11
 4.45263e+16	2.51e-01	7.49e-01	5.77e-11
 4.46328e+16	2.75e-01	7.25e-01	6.53e-11
 4.47237e+16	2.97e-01	7.03e-01	7.28e-11
 4.48023e+16	3.17e-01	6.83e-01	7.97e-11
 4.48894e+16	3.41e-01	6.59e-01	8.90e-11
 4.49844e+16	3.70e-01	6.30e-01	1.00e-10
 4.50687e+16	3.97e-01	6.03e-01	1.12e-10
 4.51427e+16	4.21e-01	5.79e-01	1.23e-10
 4.52133e+16	4.45e-01	5.55e-01	1.35e-10
 4.52843e+16	4.70e-01	5.30e-01	1.48e-10
 4.53539e+16	4.96e-01	5.04e-01	1.62e-10
 4.54187e+16	5.19e-01	4.81e-01	1.76e-10
 4.54762e+16	5.41e-01	4.59e-01	1.90e-10
 4.55187e+16	5.56e-01	4.44e-01	2.01e-10
 4.55484e+16	5.66e-01	4.34e-01	2.08e-10
 4.55790e+16	5.77e-01	4.23e-01	2.17e-10
 4.56148e+16	5.91e-01	4.09e-01	2.27e-10
 4.56513e+16	6.05e-01	3.95e-01	2.39e-10
 4.56846e+16	6.17e-01	3.83e-01	2.49e-10
 4.57163e+16	6.28e-01	3.72e-01	2.60e-10
 4.57486e+16	6.40e-01	3.60e-01	2.71e-10
 4.57815e+16	6.53e-01	3.47e-01	2.84e-10
 4.58138e+16	6.64e-01	3.36e-01	2.96e-10
 4.58452e+16	6.75e-01	3.25e-01	3.09e-10
 4.58767e+16	6.86e-01	3.14e-01	3.22e-10
 4.59083e+16	6.98e-01	3.02e-01	3.37e-10
 4.59396e+16	7.08e-01	2.92e-01	3.50e-10
 4.59706e+16	7.19e-01	2.81e-01	3.66e-10
 4.60017e+16	7.29e-01	2.71e-01	3.82e-10
 4.60320e+16	7.39e-01	2.61e-01	3.98e-10
 4.60620e+16	7.49e-01	2.51e-01	4.14e-10
 4.60924e+16	7.59e-01	2.41e-01	4.33e-10
 4.61226e+16	7.68e-01	2.32e-01	4.49e-10
 4.61525e+16	7.77e-01	2.23e-01	4.70e-10
 4.61824e+16	7.86e-01	2.14e-01	4.90e-10
 4.62116e+16	7.95e-01	2.05e-01	5.10e-10
 4.62406e+16	8.03e-01	1.97e-01	5.31e-10
 4.62701e+16	8.11e-01	1.89e-01	5.55e-10
 4.62996e+16	8.19e-01	1.81e-01	5.79e-10
 4.63282e+16	8.26e-01	1.74e-01	6.02e-10
 4.63562e+16	8.33e-01	1.67e-01	6.29e-10
 4.63844e+16	8.40e-01	1.60e-01	6.54e-10
 4.64125e+16	8.47e-01	1.53e-01	6.83e-10
 4.64400e+16	8.53e-01	1.47e-01	7.13e-10
 4.64673e+16	8.59e-01	1.41e-01	7.44e-10
 4.64944e+16	8.65e-01	1.35e-01	7.73e-10
 4.65208e+16	8.71e-01	1.29e-01	8.08e-10
 4.65466e+16	8.76e-01	1.24e-01	8.43e-10
 4.65724e+16	8.81e-01	1.19e-01	8.79e-10
 4.65981e+16	8.86e-01	1.14e-01	9.14e-10
 4.66233e+16	8.91e-01	1.09e-01	9.56e-10
 4.66479e+16	8.95e-01	1.05e-01	9.99e-10
 4.66723e+16	8.99e-01	1.01e-01	1.04e-09
 4.66968e+16	9.03e-01	9.69e-02	1.08e-09
 4.67208e+16	9.07e-01	9.29e-02	1.14e-09
 4.67443e+16	9.11e-01	8.93e-02	1.19e-09
 4.67676e+16	9.14e-01	8.58e-02	1.24e-09
 4.67911e+16	9.18e-01	8.24e-02	1.29e-09
 4.68143e+16	9.21e-01	7.91e-02	1.36e-09
 4.68369e+16	9.24e-01	7.60e-02	1.42e-09
 4.68591e+16	9.27e-01	7.30e-02	1.49e-09
 4.68817e+16	9.30e-01	7.02e-02	1.55e-09
 4.69042e+16	9.33e-01	6.74e-02	1.63e-09
 4.69259e+16	9.35e-01	6.48e-02	1.72e-09
 4.69472e+16	9.38e-01	6.23e-02	1.80e-09
 4.69690e+16	9.40e-01	6.00e-02	1.88e-09
 4.69909e+16	9.43e-01	5.75e-02	1.99e-09
 4.70122e+16	9.45e-01	5.53e-02	2.11e-09
 4.70327e+16	9.47e-01	5.32e-02	2.22e-09
 4.70532e+16	9.49e-01	5.13e-02	2.32e-09
 4.70743e+16	9.51e-01	4.92e-02	2.48e-09
 4.70954e+16	9.53e-01	4.72e-02	2.64e-09
 4.71155e+16	9.55e-01	4.54e-02	2.80e-09
 4.71350e+16	9.56e-01	4.37e-02	2.98e-09
 4.71553e+16	9.58e-01	4.20e-02	3.17e-09
 4.71762e+16	9.60e-01	4.03e-02	3.39e-09
 4.71960e+16	9.61e-01	3.88e-02	3.63e-09
 4.72146e+16	9.63e-01	3.74e-02	3.88e-09
 4.72333e+16	9.64e-01	3.60e-02	4.18e-09
 4.72530e+16	9.65e-01	3.45e-02	4.53e-09
 4.72728e+16	9.67e-01	3.31e-02	4.97e-09
 4.72914e+16	9.68e-01	3.18e-02	5.39e-09
 4.73094e+16	9.69e-01	3.06e-02	5.91e-09
 4.73276e+16	9.71e-01	2.94e-02	6.52e-09
 4.73461e+16	9.72e-01	2.82e-02	7.25e-09
 4.73643e+16	9.73e-01	2.71e-02	8.10e-09
 4.73816e+16	9.74e-01	2.61e-02	9.08e-09
 4.73978e+16	9.75e-01	2.51e-02	1.01e-08
 4.74131e+16	9.76e-01	2.43e-02	1.14e-08
 4.74272e+16	9.77e-01	2.35e-02	1.28e-08
 4.74401e+16	9.77e-01	2.28e-02	1.43e-08
 4.74522e+16	9.78e-01	2.22e-02	1.60e-08
 4.74636e+16	9.78e-01	2.16e-02	1.80e-08
 4.74742e+16	9.79e-01	2.10e-02	2.01e-08
 4.74842e+16	9.80e-01	2.05e-02	2.24e-08
 4.74937e+16	9.80e-01	2.00e-02	2.50e-08
 4.75028e+16	9.80e-01	1.95e-02	2.79e-08
 4.75116e+16	9.81e-01	1.91e-02	3.12e-08
 4.75199e+16	9.81e-01	1.87e-02	3.48e-08
 4.75278e+16	9.82e-01	1.83e-02	3.88e-08
 4.75355e+16	9.82e-01	1.79e-02	4.33e-08
 4.75430e+16	9.83e-01	1.75e-02	4.82e-08
 4.75502e+16	9.83e-01	1.71e-02	5.35e-08
 4.75575e+16	9.83e-01	1.67e-02	5.95e-08
 4.75647e+16	9.84e-01	1.63e-02	6.60e-08
 4.75720e+16	9.84e-01	1.60e-02	7.31e-08
 4.75794e+16	9.84e-01	1.55e-02	8.07e-08
 4.75871e+16	9.85e-01	1.51e-02	8.87e-08
 4.75949e+16	9.85e-01	1.47e-02	9.63e-08
 4.76021e+16	9.86e-01	1.43e-02	1.03e-07
 4.76084e+16	9.86e-01	1.39e-02	1.08e-07
 4.76142e+16	9.86e-01	1.36e-02	1.12e-07
 4.76199e+16	9.87e-01	1.33e-02	1.16e-07
 4.76255e+16	9.87e-01	1.30e-02	1.19e-07
 4.76308e+16	9.87e-01	1.27e-02	1.22e-07
 4.76356e+16	9.88e-01	1.24e-02	1.24e-07
 4.76400e+16	9.88e-01	1.22e-02	1.26e-07
 4.76440e+16	9.88e-01	1.20e-02	1.28e-07
 4.76477e+16	9.88e-01	1.18e-02	1.30e-07
 4.76510e+16	9.88e-01	1.16e-02	1.31e-07
 4.76540e+16	9.89e-01	1.15e-02	1.33e-07
 4.76573e+16	9.89e-01	1.13e-02	1.34e-07
 4.76609e+16	9.89e-01	1.11e-02	1.36e-07
 4.76642e+16	9.89e-01	1.09e-02	1.38e-07
 4.76671e+16	9.89e-01	1.08e-02	1.39e-07
 4.76704e+16	9.89e-01	1.06e-02	1.41e-07
 4.76739e+16	9.90e-01	1.04e-02	1.43e-07
 4.76771e+16	9.90e-01	1.03e-02	1.45e-07
 4.76800e+16	9.90e-01	1.01e-02	1.47e-07
 4.76826e+16	9.90e-01	1.00e-02	1.49e-07
 4.76855e+16	9.90e-01	9.85e-03	1.51e-07
