#depth	He	He+	He+2
 4.82490e+11	6.79e-04	9.36e-01	6.35e-02
 2.89494e+12	6.78e-04	9.36e-01	6.35e-02
 1.25447e+13	6.79e-04	9.36e-01	6.32e-02
 5.11439e+13	6.82e-04	9.38e-01	6.14e-02
 1.22166e+14	6.84e-04	9.39e-01	6.07e-02
 2.14496e+14	6.88e-04	9.41e-01	5.79e-02
 3.34524e+14	6.95e-04	9.46e-01	5.30e-02
 4.90560e+14	7.04e-04	9.53e-01	4.61e-02
 6.93407e+14	7.16e-04	9.62e-01	3.73e-02
 9.57109e+14	7.31e-04	9.72e-01	2.75e-02
 1.29992e+15	7.47e-04	9.81e-01	1.80e-02
 1.74558e+15	7.66e-04	9.89e-01	1.02e-02
 2.32493e+15	7.88e-04	9.94e-01	4.82e-03
 3.07809e+15	8.13e-04	9.97e-01	1.86e-03
 4.05719e+15	8.46e-04	9.99e-01	5.76e-04
 5.33003e+15	8.89e-04	9.99e-01	1.43e-04
 6.98471e+15	9.49e-04	9.99e-01	2.91e-05
 9.05736e+15	1.03e-03	9.99e-01	5.33e-06
 1.13321e+16	1.12e-03	9.99e-01	1.10e-06
 1.36069e+16	1.23e-03	9.99e-01	2.84e-07
 1.54815e+16	1.32e-03	9.99e-01	1.07e-07
 1.70297e+16	1.40e-03	9.99e-01	5.08e-08
 1.87327e+16	1.51e-03	9.98e-01	2.36e-08
 2.01404e+16	1.60e-03	9.98e-01	1.34e-08
 2.10241e+16	1.66e-03	9.98e-01	9.54e-09
 2.18702e+16	1.73e-03	9.98e-01	6.79e-09
 2.29702e+16	1.82e-03	9.98e-01	4.44e-09
 2.40765e+16	1.92e-03	9.98e-01	3.01e-09
 2.49308e+16	2.00e-03	9.98e-01	2.25e-09
 2.56599e+16	2.08e-03	9.98e-01	1.76e-09
 2.64862e+16	2.18e-03	9.98e-01	1.33e-09
 2.73788e+16	2.29e-03	9.98e-01	1.01e-09
 2.81557e+16	2.39e-03	9.98e-01	7.99e-10
 2.88342e+16	2.49e-03	9.98e-01	6.56e-10
 2.95864e+16	2.62e-03	9.97e-01	5.27e-10
 3.03856e+16	2.76e-03	9.97e-01	4.25e-10
 3.10628e+16	2.89e-03	9.97e-01	3.58e-10
 3.16520e+16	3.02e-03	9.97e-01	3.10e-10
 3.23102e+16	3.18e-03	9.97e-01	2.64e-10
 3.30181e+16	3.36e-03	9.97e-01	2.26e-10
 3.36275e+16	3.54e-03	9.96e-01	2.00e-10
 3.41584e+16	3.72e-03	9.96e-01	1.80e-10
 3.47505e+16	3.94e-03	9.96e-01	1.60e-10
 3.53846e+16	4.19e-03	9.96e-01	1.44e-10
 3.59325e+16	4.45e-03	9.96e-01	1.32e-10
 3.64124e+16	4.71e-03	9.95e-01	1.23e-10
 3.69448e+16	5.03e-03	9.95e-01	1.14e-10
 3.75054e+16	5.42e-03	9.95e-01	1.06e-10
 3.79674e+16	5.78e-03	9.94e-01	1.01e-10
 3.83550e+16	6.13e-03	9.94e-01	9.77e-11
 3.87810e+16	6.58e-03	9.93e-01	9.41e-11
 3.92372e+16	7.13e-03	9.93e-01	9.09e-11
 3.96244e+16	7.67e-03	9.92e-01	8.86e-11
 3.99517e+16	8.20e-03	9.92e-01	8.73e-11
 4.03090e+16	8.88e-03	9.91e-01	8.61e-11
 4.06905e+16	9.72e-03	9.90e-01	8.53e-11
 4.10132e+16	1.06e-02	9.89e-01	8.57e-11
 4.12870e+16	1.14e-02	9.89e-01	8.66e-11
 4.15878e+16	1.25e-02	9.88e-01	8.78e-11
 4.19108e+16	1.39e-02	9.86e-01	9.10e-11
 4.21880e+16	1.53e-02	9.85e-01	9.37e-11
 4.24249e+16	1.68e-02	9.83e-01	9.76e-11
 4.26844e+16	1.88e-02	9.81e-01	1.04e-10
 4.29661e+16	2.14e-02	9.79e-01	1.15e-10
 4.31794e+16	2.38e-02	9.76e-01	1.24e-10
 4.33134e+16	2.57e-02	9.74e-01	1.31e-10
 4.34415e+16	2.77e-02	9.72e-01	1.38e-10
 4.36080e+16	3.08e-02	9.69e-01	1.52e-10
 4.37729e+16	3.43e-02	9.66e-01	1.68e-10
 4.38947e+16	3.73e-02	9.63e-01	1.85e-10
 4.39946e+16	4.02e-02	9.60e-01	1.99e-10
 4.41068e+16	4.39e-02	9.56e-01	2.20e-10
 4.42290e+16	4.85e-02	9.51e-01	2.46e-10
 4.43355e+16	5.31e-02	9.47e-01	2.75e-10
 4.44266e+16	5.75e-02	9.43e-01	3.06e-10
 4.45263e+16	6.32e-02	9.37e-01	3.44e-10
 4.46328e+16	7.00e-02	9.30e-01	3.92e-10
 4.47237e+16	7.67e-02	9.23e-01	4.39e-10
 4.48023e+16	8.30e-02	9.17e-01	4.92e-10
 4.48894e+16	9.13e-02	9.09e-01	5.58e-10
 4.49844e+16	1.01e-01	8.99e-01	6.42e-10
 4.50687e+16	1.12e-01	8.88e-01	7.24e-10
 4.51427e+16	1.21e-01	8.79e-01	8.20e-10
 4.52133e+16	1.32e-01	8.68e-01	9.17e-10
 4.52843e+16	1.43e-01	8.57e-01	1.03e-09
 4.53539e+16	1.56e-01	8.44e-01	1.15e-09
 4.54187e+16	1.69e-01	8.31e-01	1.28e-09
 4.54762e+16	1.81e-01	8.19e-01	1.40e-09
 4.55187e+16	1.90e-01	8.10e-01	1.50e-09
 4.55484e+16	1.97e-01	8.03e-01	1.57e-09
 4.55790e+16	2.05e-01	7.95e-01	1.65e-09
 4.56148e+16	2.15e-01	7.85e-01	1.74e-09
 4.56513e+16	2.25e-01	7.75e-01	1.84e-09
 4.56846e+16	2.34e-01	7.66e-01	1.95e-09
 4.57163e+16	2.44e-01	7.56e-01	2.05e-09
 4.57486e+16	2.53e-01	7.47e-01	2.16e-09
 4.57815e+16	2.64e-01	7.36e-01	2.27e-09
 4.58138e+16	2.75e-01	7.25e-01	2.39e-09
 4.58452e+16	2.86e-01	7.14e-01	2.50e-09
 4.58767e+16	2.97e-01	7.03e-01	2.63e-09
 4.59083e+16	3.09e-01	6.91e-01	2.75e-09
 4.59396e+16	3.20e-01	6.80e-01	2.90e-09
 4.59706e+16	3.32e-01	6.68e-01	3.03e-09
 4.60017e+16	3.45e-01	6.55e-01	3.16e-09
 4.60320e+16	3.57e-01	6.43e-01	3.30e-09
 4.60620e+16	3.70e-01	6.30e-01	3.45e-09
 4.60924e+16	3.84e-01	6.16e-01	3.59e-09
 4.61226e+16	3.96e-01	6.04e-01	3.75e-09
 4.61525e+16	4.10e-01	5.90e-01	3.89e-09
 4.61824e+16	4.24e-01	5.76e-01	4.04e-09
 4.62116e+16	4.38e-01	5.62e-01	4.19e-09
 4.62406e+16	4.52e-01	5.48e-01	4.35e-09
 4.62701e+16	4.66e-01	5.34e-01	4.51e-09
 4.62996e+16	4.81e-01	5.19e-01	4.66e-09
 4.63282e+16	4.95e-01	5.05e-01	4.82e-09
 4.63562e+16	5.10e-01	4.90e-01	4.96e-09
 4.63844e+16	5.24e-01	4.76e-01	5.12e-09
 4.64125e+16	5.38e-01	4.62e-01	5.26e-09
 4.64400e+16	5.53e-01	4.47e-01	5.40e-09
 4.64673e+16	5.67e-01	4.33e-01	5.54e-09
 4.64944e+16	5.81e-01	4.19e-01	5.69e-09
 4.65208e+16	5.94e-01	4.06e-01	5.82e-09
 4.65466e+16	6.08e-01	3.92e-01	5.94e-09
 4.65724e+16	6.21e-01	3.79e-01	6.06e-09
 4.65981e+16	6.34e-01	3.66e-01	6.19e-09
 4.66233e+16	6.47e-01	3.53e-01	6.30e-09
 4.66479e+16	6.59e-01	3.41e-01	6.40e-09
 4.66723e+16	6.72e-01	3.28e-01	6.50e-09
 4.66968e+16	6.83e-01	3.17e-01	6.60e-09
 4.67208e+16	6.95e-01	3.05e-01	6.70e-09
 4.67443e+16	7.06e-01	2.94e-01	6.78e-09
 4.67676e+16	7.17e-01	2.83e-01	6.85e-09
 4.67911e+16	7.28e-01	2.72e-01	6.94e-09
 4.68143e+16	7.39e-01	2.61e-01	7.01e-09
 4.68369e+16	7.49e-01	2.51e-01	7.07e-09
 4.68591e+16	7.59e-01	2.41e-01	7.12e-09
 4.68817e+16	7.68e-01	2.32e-01	7.18e-09
 4.69042e+16	7.77e-01	2.23e-01	7.24e-09
 4.69259e+16	7.86e-01	2.14e-01	7.28e-09
 4.69472e+16	7.95e-01	2.05e-01	7.30e-09
 4.69690e+16	8.03e-01	1.97e-01	7.36e-09
 4.69909e+16	8.11e-01	1.89e-01	7.38e-09
 4.70122e+16	8.19e-01	1.81e-01	7.41e-09
 4.70327e+16	8.26e-01	1.74e-01	7.42e-09
 4.70532e+16	8.33e-01	1.67e-01	7.45e-09
 4.70743e+16	8.41e-01	1.59e-01	7.44e-09
 4.70954e+16	8.47e-01	1.53e-01	7.46e-09
 4.71155e+16	8.54e-01	1.46e-01	7.47e-09
 4.71350e+16	8.60e-01	1.40e-01	7.44e-09
 4.71553e+16	8.66e-01	1.34e-01	7.43e-09
 4.71762e+16	8.71e-01	1.29e-01	7.44e-09
 4.71960e+16	8.77e-01	1.23e-01	7.46e-09
 4.72146e+16	8.82e-01	1.18e-01	7.44e-09
 4.72333e+16	8.87e-01	1.13e-01	7.40e-09
 4.72530e+16	8.92e-01	1.08e-01	7.38e-09
 4.72728e+16	8.96e-01	1.04e-01	7.36e-09
 4.72914e+16	9.00e-01	9.96e-02	7.35e-09
 4.73094e+16	9.04e-01	9.56e-02	7.30e-09
 4.73276e+16	9.08e-01	9.16e-02	7.26e-09
 4.73461e+16	9.12e-01	8.77e-02	7.23e-09
 4.73643e+16	9.16e-01	8.41e-02	7.19e-09
 4.73816e+16	9.19e-01	8.07e-02	7.15e-09
 4.73978e+16	9.22e-01	7.77e-02	7.11e-09
 4.74131e+16	9.25e-01	7.49e-02	7.06e-09
 4.74272e+16	9.28e-01	7.24e-02	7.01e-09
 4.74401e+16	9.30e-01	7.02e-02	6.97e-09
 4.74522e+16	9.32e-01	6.82e-02	6.91e-09
 4.74636e+16	9.34e-01	6.63e-02	6.86e-09
 4.74742e+16	9.35e-01	6.45e-02	6.81e-09
 4.74842e+16	9.37e-01	6.30e-02	6.75e-09
 4.74937e+16	9.39e-01	6.15e-02	6.70e-09
 4.75028e+16	9.40e-01	6.00e-02	6.65e-09
 4.75116e+16	9.41e-01	5.87e-02	6.60e-09
 4.75199e+16	9.42e-01	5.75e-02	6.55e-09
 4.75278e+16	9.44e-01	5.63e-02	6.50e-09
 4.75355e+16	9.45e-01	5.52e-02	6.45e-09
 4.75430e+16	9.46e-01	5.42e-02	6.40e-09
 4.75502e+16	9.47e-01	5.31e-02	6.35e-09
 4.75575e+16	9.48e-01	5.21e-02	6.30e-09
 4.75647e+16	9.49e-01	5.12e-02	6.25e-09
 4.75720e+16	9.50e-01	5.02e-02	6.19e-09
 4.75794e+16	9.51e-01	4.92e-02	6.13e-09
 4.75871e+16	9.52e-01	4.81e-02	6.06e-09
 4.75949e+16	9.53e-01	4.71e-02	5.99e-09
 4.76021e+16	9.54e-01	4.62e-02	5.92e-09
 4.76084e+16	9.55e-01	4.54e-02	5.86e-09
 4.76142e+16	9.55e-01	4.47e-02	5.79e-09
 4.76199e+16	9.56e-01	4.39e-02	5.73e-09
 4.76255e+16	9.57e-01	4.32e-02	5.66e-09
 4.76308e+16	9.57e-01	4.25e-02	5.60e-09
 4.76356e+16	9.58e-01	4.19e-02	5.53e-09
 4.76400e+16	9.59e-01	4.13e-02	5.47e-09
 4.76440e+16	9.59e-01	4.08e-02	5.42e-09
 4.76477e+16	9.60e-01	4.03e-02	5.36e-09
 4.76510e+16	9.60e-01	3.99e-02	5.31e-09
 4.76540e+16	9.60e-01	3.95e-02	5.27e-09
 4.76573e+16	9.61e-01	3.91e-02	5.22e-09
 4.76609e+16	9.61e-01	3.86e-02	5.16e-09
 4.76642e+16	9.62e-01	3.82e-02	5.12e-09
 4.76671e+16	9.62e-01	3.78e-02	5.08e-09
 4.76704e+16	9.63e-01	3.74e-02	5.02e-09
 4.76739e+16	9.63e-01	3.69e-02	4.97e-09
 4.76771e+16	9.63e-01	3.66e-02	4.93e-09
 4.76800e+16	9.64e-01	3.62e-02	4.88e-09
 4.76826e+16	9.64e-01	3.59e-02	4.85e-09
 4.76855e+16	9.64e-01	3.55e-02	4.81e-09
