#depth	O	O+	O+2	O+3	O+4	O+5	O+6	O+7	O+8	O[1]	O[2]	O[3]
 4.82490e+11	4.84e-06	9.69e-03	9.63e-01	2.69e-02	1.09e-06	0.00e+00	0.00e+00	0.00e+00	0.00e+00	3.34e-06	1.02e-06	4.80e-07
 2.89494e+12	4.83e-06	9.69e-03	9.63e-01	2.68e-02	1.09e-06	0.00e+00	0.00e+00	0.00e+00	0.00e+00	3.33e-06	1.02e-06	4.80e-07
 1.25447e+13	4.83e-06	9.69e-03	9.64e-01	2.65e-02	1.07e-06	0.00e+00	0.00e+00	0.00e+00	0.00e+00	3.33e-06	1.02e-06	4.80e-07
 5.11439e+13	4.85e-06	9.72e-03	9.65e-01	2.51e-02	9.83e-07	0.00e+00	0.00e+00	0.00e+00	0.00e+00	3.35e-06	1.02e-06	4.82e-07
 1.22166e+14	4.85e-06	9.75e-03	9.67e-01	2.32e-02	8.71e-07	0.00e+00	0.00e+00	0.00e+00	0.00e+00	3.35e-06	1.02e-06	4.82e-07
 2.14496e+14	4.87e-06	9.79e-03	9.69e-01	2.09e-02	7.42e-07	0.00e+00	0.00e+00	0.00e+00	0.00e+00	3.36e-06	1.03e-06	4.84e-07
 3.34524e+14	4.90e-06	9.86e-03	9.72e-01	1.81e-02	6.00e-07	0.00e+00	0.00e+00	0.00e+00	0.00e+00	3.38e-06	1.03e-06	4.87e-07
 4.90560e+14	4.94e-06	9.94e-03	9.75e-01	1.50e-02	4.53e-07	0.00e+00	0.00e+00	0.00e+00	0.00e+00	3.41e-06	1.04e-06	4.92e-07
 6.93407e+14	5.02e-06	1.01e-02	9.78e-01	1.17e-02	3.12e-07	0.00e+00	0.00e+00	0.00e+00	0.00e+00	3.46e-06	1.06e-06	4.99e-07
 9.57109e+14	5.12e-06	1.02e-02	9.81e-01	8.39e-03	1.91e-07	0.00e+00	0.00e+00	0.00e+00	0.00e+00	3.53e-06	1.08e-06	5.09e-07
 1.29992e+15	5.26e-06	1.04e-02	9.84e-01	5.42e-03	0.00e+00	0.00e+00	0.00e+00	0.00e+00	0.00e+00	3.63e-06	1.11e-06	5.23e-07
 1.74558e+15	5.47e-06	1.06e-02	9.86e-01	3.07e-03	0.00e+00	0.00e+00	0.00e+00	0.00e+00	0.00e+00	3.77e-06	1.15e-06	5.44e-07
 2.32493e+15	5.76e-06	1.09e-02	9.88e-01	1.49e-03	0.00e+00	0.00e+00	0.00e+00	0.00e+00	0.00e+00	3.98e-06	1.21e-06	5.73e-07
 3.07809e+15	6.18e-06	1.13e-02	9.88e-01	6.11e-04	0.00e+00	0.00e+00	0.00e+00	0.00e+00	0.00e+00	4.27e-06	1.29e-06	6.14e-07
 4.05719e+15	6.79e-06	1.18e-02	9.88e-01	2.17e-04	0.00e+00	0.00e+00	0.00e+00	0.00e+00	0.00e+00	4.69e-06	1.42e-06	6.76e-07
 5.33003e+15	7.73e-06	1.25e-02	9.87e-01	7.61e-05	0.00e+00	0.00e+00	0.00e+00	0.00e+00	0.00e+00	5.35e-06	1.62e-06	7.70e-07
 6.98471e+15	9.22e-06	1.34e-02	9.87e-01	3.42e-05	0.00e+00	0.00e+00	0.00e+00	0.00e+00	0.00e+00	6.38e-06	1.93e-06	9.18e-07
 9.05736e+15	1.16e-05	1.48e-02	9.85e-01	2.22e-05	0.00e+00	0.00e+00	0.00e+00	0.00e+00	0.00e+00	8.02e-06	2.42e-06	1.15e-06
 1.13321e+16	1.50e-05	1.64e-02	9.84e-01	1.76e-05	0.00e+00	0.00e+00	0.00e+00	0.00e+00	0.00e+00	1.04e-05	3.12e-06	1.49e-06
 1.36069e+16	1.97e-05	1.83e-02	9.82e-01	1.48e-05	0.00e+00	0.00e+00	0.00e+00	0.00e+00	0.00e+00	1.36e-05	4.10e-06	1.96e-06
 1.54815e+16	2.47e-05	2.01e-02	9.80e-01	1.32e-05	0.00e+00	0.00e+00	0.00e+00	0.00e+00	0.00e+00	1.71e-05	5.14e-06	2.46e-06
 1.70297e+16	3.04e-05	2.18e-02	9.78e-01	1.19e-05	0.00e+00	0.00e+00	0.00e+00	0.00e+00	0.00e+00	2.10e-05	6.34e-06	3.03e-06
 1.87327e+16	3.87e-05	2.41e-02	9.76e-01	1.07e-05	0.00e+00	0.00e+00	0.00e+00	0.00e+00	0.00e+00	2.67e-05	8.08e-06	3.85e-06
 2.01404e+16	4.73e-05	2.61e-02	9.74e-01	9.84e-06	0.00e+00	0.00e+00	0.00e+00	0.00e+00	0.00e+00	3.27e-05	9.89e-06	4.71e-06
 2.10241e+16	5.40e-05	2.76e-02	9.72e-01	9.36e-06	0.00e+00	0.00e+00	0.00e+00	0.00e+00	0.00e+00	3.73e-05	1.13e-05	5.38e-06
 2.18702e+16	6.20e-05	2.92e-02	9.71e-01	8.88e-06	0.00e+00	0.00e+00	0.00e+00	0.00e+00	0.00e+00	4.28e-05	1.30e-05	6.17e-06
 2.29702e+16	7.45e-05	3.15e-02	9.68e-01	8.30e-06	0.00e+00	0.00e+00	0.00e+00	0.00e+00	0.00e+00	5.14e-05	1.56e-05	7.42e-06
 2.40765e+16	8.99e-05	3.42e-02	9.66e-01	7.73e-06	0.00e+00	0.00e+00	0.00e+00	0.00e+00	0.00e+00	6.21e-05	1.89e-05	8.95e-06
 2.49308e+16	1.05e-04	3.65e-02	9.63e-01	7.30e-06	0.00e+00	0.00e+00	0.00e+00	0.00e+00	0.00e+00	7.22e-05	2.20e-05	1.04e-05
 2.56599e+16	1.20e-04	3.87e-02	9.61e-01	6.95e-06	0.00e+00	0.00e+00	0.00e+00	0.00e+00	0.00e+00	8.27e-05	2.52e-05	1.19e-05
 2.64862e+16	1.41e-04	4.15e-02	9.58e-01	6.56e-06	0.00e+00	0.00e+00	0.00e+00	0.00e+00	0.00e+00	9.71e-05	2.97e-05	1.40e-05
 2.73788e+16	1.68e-04	4.49e-02	9.55e-01	6.11e-06	0.00e+00	0.00e+00	0.00e+00	0.00e+00	0.00e+00	1.16e-04	3.56e-05	1.67e-05
 2.81557e+16	1.98e-04	4.83e-02	9.51e-01	5.75e-06	0.00e+00	0.00e+00	0.00e+00	0.00e+00	0.00e+00	1.37e-04	4.18e-05	1.97e-05
 2.88342e+16	2.30e-04	5.17e-02	9.48e-01	5.43e-06	0.00e+00	0.00e+00	0.00e+00	0.00e+00	0.00e+00	1.58e-04	4.85e-05	2.28e-05
 2.95864e+16	2.73e-04	5.60e-02	9.44e-01	5.06e-06	0.00e+00	0.00e+00	0.00e+00	0.00e+00	0.00e+00	1.88e-04	5.76e-05	2.71e-05
 3.03856e+16	3.30e-04	6.11e-02	9.39e-01	4.69e-06	0.00e+00	0.00e+00	0.00e+00	0.00e+00	0.00e+00	2.27e-04	6.96e-05	3.27e-05
 3.10628e+16	3.89e-04	6.61e-02	9.33e-01	4.38e-06	0.00e+00	0.00e+00	0.00e+00	0.00e+00	0.00e+00	2.68e-04	8.22e-05	3.86e-05
 3.16520e+16	4.53e-04	7.11e-02	9.28e-01	4.11e-06	0.00e+00	0.00e+00	0.00e+00	0.00e+00	0.00e+00	3.13e-04	9.57e-05	4.49e-05
 3.23102e+16	5.41e-04	7.74e-02	9.22e-01	3.80e-06	0.00e+00	0.00e+00	0.00e+00	0.00e+00	0.00e+00	3.73e-04	1.14e-04	5.36e-05
 3.30181e+16	6.61e-04	8.53e-02	9.14e-01	3.48e-06	0.00e+00	0.00e+00	0.00e+00	0.00e+00	0.00e+00	4.56e-04	1.39e-04	6.54e-05
 3.36275e+16	7.89e-04	9.30e-02	9.06e-01	3.20e-06	0.00e+00	0.00e+00	0.00e+00	0.00e+00	0.00e+00	5.44e-04	1.66e-04	7.80e-05
 3.41584e+16	9.29e-04	1.01e-01	8.98e-01	2.97e-06	0.00e+00	0.00e+00	0.00e+00	0.00e+00	0.00e+00	6.41e-04	1.96e-04	9.18e-05
 3.47505e+16	1.13e-03	1.11e-01	8.88e-01	2.70e-06	0.00e+00	0.00e+00	0.00e+00	0.00e+00	0.00e+00	7.77e-04	2.38e-04	1.11e-04
 3.53846e+16	1.39e-03	1.23e-01	8.76e-01	2.42e-06	0.00e+00	0.00e+00	0.00e+00	0.00e+00	0.00e+00	9.59e-04	2.93e-04	1.37e-04
 3.59325e+16	1.69e-03	1.35e-01	8.63e-01	2.18e-06	0.00e+00	0.00e+00	0.00e+00	0.00e+00	0.00e+00	1.16e-03	3.56e-04	1.66e-04
 3.64124e+16	2.01e-03	1.48e-01	8.50e-01	1.98e-06	0.00e+00	0.00e+00	0.00e+00	0.00e+00	0.00e+00	1.39e-03	4.25e-04	1.98e-04
 3.69448e+16	2.48e-03	1.64e-01	8.33e-01	1.75e-06	0.00e+00	0.00e+00	0.00e+00	0.00e+00	0.00e+00	1.71e-03	5.23e-04	2.44e-04
 3.75054e+16	3.12e-03	1.84e-01	8.13e-01	1.53e-06	0.00e+00	0.00e+00	0.00e+00	0.00e+00	0.00e+00	2.15e-03	6.57e-04	3.07e-04
 3.79674e+16	3.80e-03	2.03e-01	7.93e-01	1.35e-06	0.00e+00	0.00e+00	0.00e+00	0.00e+00	0.00e+00	2.62e-03	8.00e-04	3.74e-04
 3.83550e+16	4.52e-03	2.21e-01	7.74e-01	1.21e-06	0.00e+00	0.00e+00	0.00e+00	0.00e+00	0.00e+00	3.12e-03	9.51e-04	4.44e-04
 3.87810e+16	5.53e-03	2.44e-01	7.50e-01	1.04e-06	0.00e+00	0.00e+00	0.00e+00	0.00e+00	0.00e+00	3.82e-03	1.16e-03	5.43e-04
 3.92372e+16	6.91e-03	2.72e-01	7.21e-01	8.87e-07	0.00e+00	0.00e+00	0.00e+00	0.00e+00	0.00e+00	4.78e-03	1.45e-03	6.79e-04
 3.96244e+16	8.44e-03	3.00e-01	6.92e-01	7.62e-07	0.00e+00	0.00e+00	0.00e+00	0.00e+00	0.00e+00	5.84e-03	1.77e-03	8.28e-04
 3.99517e+16	1.01e-02	3.26e-01	6.64e-01	6.60e-07	0.00e+00	0.00e+00	0.00e+00	0.00e+00	0.00e+00	6.96e-03	2.12e-03	9.88e-04
 4.03090e+16	1.23e-02	3.58e-01	6.30e-01	5.52e-07	0.00e+00	0.00e+00	0.00e+00	0.00e+00	0.00e+00	8.53e-03	2.59e-03	1.21e-03
 4.06905e+16	1.54e-02	3.96e-01	5.89e-01	4.47e-07	0.00e+00	0.00e+00	0.00e+00	0.00e+00	0.00e+00	1.07e-02	3.24e-03	1.51e-03
 4.10132e+16	1.88e-02	4.31e-01	5.50e-01	3.66e-07	0.00e+00	0.00e+00	0.00e+00	0.00e+00	0.00e+00	1.30e-02	3.94e-03	1.84e-03
 4.12870e+16	2.24e-02	4.64e-01	5.14e-01	3.03e-07	0.00e+00	0.00e+00	0.00e+00	0.00e+00	0.00e+00	1.55e-02	4.68e-03	2.19e-03
 4.15878e+16	2.74e-02	5.02e-01	4.70e-01	2.39e-07	0.00e+00	0.00e+00	0.00e+00	0.00e+00	0.00e+00	1.90e-02	5.72e-03	2.68e-03
 4.19108e+16	3.41e-02	5.45e-01	4.20e-01	1.80e-07	0.00e+00	0.00e+00	0.00e+00	0.00e+00	0.00e+00	2.37e-02	7.11e-03	3.33e-03
 4.21880e+16	4.16e-02	5.84e-01	3.74e-01	1.36e-07	0.00e+00	0.00e+00	0.00e+00	0.00e+00	0.00e+00	2.89e-02	8.66e-03	4.07e-03
 4.24249e+16	4.96e-02	6.17e-01	3.33e-01	0.00e+00	0.00e+00	0.00e+00	0.00e+00	0.00e+00	0.00e+00	3.44e-02	1.03e-02	4.84e-03
 4.26844e+16	6.04e-02	6.53e-01	2.87e-01	0.00e+00	0.00e+00	0.00e+00	0.00e+00	0.00e+00	0.00e+00	4.20e-02	1.25e-02	5.89e-03
 4.29661e+16	7.50e-02	6.87e-01	2.38e-01	0.00e+00	0.00e+00	0.00e+00	0.00e+00	0.00e+00	0.00e+00	5.22e-02	1.55e-02	7.31e-03
 4.31794e+16	8.90e-02	7.10e-01	2.01e-01	0.00e+00	0.00e+00	0.00e+00	0.00e+00	0.00e+00	0.00e+00	6.20e-02	1.83e-02	8.67e-03
 4.33134e+16	9.93e-02	7.22e-01	1.78e-01	0.00e+00	0.00e+00	0.00e+00	0.00e+00	0.00e+00	0.00e+00	6.92e-02	2.03e-02	9.66e-03
 4.34415e+16	1.11e-01	7.32e-01	1.57e-01	0.00e+00	0.00e+00	0.00e+00	0.00e+00	0.00e+00	0.00e+00	7.73e-02	2.26e-02	1.08e-02
 4.36080e+16	1.27e-01	7.41e-01	1.32e-01	0.00e+00	0.00e+00	0.00e+00	0.00e+00	0.00e+00	0.00e+00	8.90e-02	2.59e-02	1.24e-02
 4.37729e+16	1.47e-01	7.45e-01	1.08e-01	0.00e+00	0.00e+00	0.00e+00	0.00e+00	0.00e+00	0.00e+00	1.03e-01	2.96e-02	1.42e-02
 4.38947e+16	1.62e-01	7.45e-01	9.27e-02	0.00e+00	0.00e+00	0.00e+00	0.00e+00	0.00e+00	0.00e+00	1.14e-01	3.27e-02	1.57e-02
 4.39946e+16	1.77e-01	7.42e-01	8.06e-02	0.00e+00	0.00e+00	0.00e+00	0.00e+00	0.00e+00	0.00e+00	1.25e-01	3.55e-02	1.71e-02
 4.41068e+16	1.95e-01	7.37e-01	6.80e-02	0.00e+00	0.00e+00	0.00e+00	0.00e+00	0.00e+00	0.00e+00	1.38e-01	3.89e-02	1.89e-02
 4.42290e+16	2.18e-01	7.27e-01	5.59e-02	0.00e+00	0.00e+00	0.00e+00	0.00e+00	0.00e+00	0.00e+00	1.54e-01	4.30e-02	2.09e-02
 4.43355e+16	2.39e-01	7.15e-01	4.65e-02	0.00e+00	0.00e+00	0.00e+00	0.00e+00	0.00e+00	0.00e+00	1.69e-01	4.68e-02	2.29e-02
 4.44266e+16	2.58e-01	7.03e-01	3.94e-02	0.00e+00	0.00e+00	0.00e+00	0.00e+00	0.00e+00	0.00e+00	1.83e-01	5.03e-02	2.47e-02
 4.45263e+16	2.82e-01	6.86e-01	3.23e-02	0.00e+00	0.00e+00	0.00e+00	0.00e+00	0.00e+00	0.00e+00	2.00e-01	5.44e-02	2.69e-02
 4.46328e+16	3.09e-01	6.65e-01	2.59e-02	0.00e+00	0.00e+00	0.00e+00	0.00e+00	0.00e+00	0.00e+00	2.21e-01	5.90e-02	2.94e-02
 4.47237e+16	3.34e-01	6.44e-01	2.12e-02	0.00e+00	0.00e+00	0.00e+00	0.00e+00	0.00e+00	0.00e+00	2.39e-01	6.32e-02	3.17e-02
 4.48023e+16	3.57e-01	6.26e-01	1.76e-02	0.00e+00	0.00e+00	0.00e+00	0.00e+00	0.00e+00	0.00e+00	2.56e-01	6.67e-02	3.37e-02
 4.48894e+16	3.84e-01	6.02e-01	1.42e-02	0.00e+00	0.00e+00	0.00e+00	0.00e+00	0.00e+00	0.00e+00	2.77e-01	7.09e-02	3.61e-02
 4.49844e+16	4.15e-01	5.74e-01	1.11e-02	0.00e+00	0.00e+00	0.00e+00	0.00e+00	0.00e+00	0.00e+00	3.00e-01	7.55e-02	3.88e-02
 4.50687e+16	4.44e-01	5.47e-01	8.80e-03	0.00e+00	0.00e+00	0.00e+00	0.00e+00	0.00e+00	0.00e+00	3.23e-01	7.95e-02	4.12e-02
 4.51427e+16	4.69e-01	5.24e-01	7.14e-03	0.00e+00	0.00e+00	0.00e+00	0.00e+00	0.00e+00	0.00e+00	3.43e-01	8.29e-02	4.33e-02
 4.52133e+16	4.94e-01	5.00e-01	5.79e-03	0.00e+00	0.00e+00	0.00e+00	0.00e+00	0.00e+00	0.00e+00	3.63e-01	8.60e-02	4.53e-02
 4.52843e+16	5.21e-01	4.75e-01	4.65e-03	0.00e+00	0.00e+00	0.00e+00	0.00e+00	0.00e+00	0.00e+00	3.84e-01	8.90e-02	4.74e-02
 4.53539e+16	5.47e-01	4.50e-01	3.71e-03	0.00e+00	0.00e+00	0.00e+00	0.00e+00	0.00e+00	0.00e+00	4.05e-01	9.18e-02	4.94e-02
 4.54187e+16	5.70e-01	4.27e-01	3.00e-03	0.00e+00	0.00e+00	0.00e+00	0.00e+00	0.00e+00	0.00e+00	4.25e-01	9.41e-02	5.11e-02
 4.54762e+16	5.92e-01	4.06e-01	2.47e-03	0.00e+00	0.00e+00	0.00e+00	0.00e+00	0.00e+00	0.00e+00	4.43e-01	9.59e-02	5.25e-02
 4.55187e+16	6.06e-01	3.92e-01	2.15e-03	0.00e+00	0.00e+00	0.00e+00	0.00e+00	0.00e+00	0.00e+00	4.56e-01	9.70e-02	5.35e-02
 4.55484e+16	6.16e-01	3.82e-01	1.94e-03	0.00e+00	0.00e+00	0.00e+00	0.00e+00	0.00e+00	0.00e+00	4.64e-01	9.77e-02	5.41e-02
 4.55790e+16	6.27e-01	3.71e-01	1.74e-03	0.00e+00	0.00e+00	0.00e+00	0.00e+00	0.00e+00	0.00e+00	4.74e-01	9.84e-02	5.48e-02
 4.56148e+16	6.40e-01	3.58e-01	1.53e-03	0.00e+00	0.00e+00	0.00e+00	0.00e+00	0.00e+00	0.00e+00	4.85e-01	9.91e-02	5.56e-02
 4.56513e+16	6.54e-01	3.45e-01	1.33e-03	0.00e+00	0.00e+00	0.00e+00	0.00e+00	0.00e+00	0.00e+00	4.97e-01	9.98e-02	5.63e-02
 4.56846e+16	6.65e-01	3.34e-01	1.18e-03	0.00e+00	0.00e+00	0.00e+00	0.00e+00	0.00e+00	0.00e+00	5.08e-01	1.00e-01	5.69e-02
 4.57163e+16	6.76e-01	3.23e-01	1.05e-03	0.00e+00	0.00e+00	0.00e+00	0.00e+00	0.00e+00	0.00e+00	5.18e-01	1.01e-01	5.75e-02
 4.57486e+16	6.87e-01	3.12e-01	9.23e-04	0.00e+00	0.00e+00	0.00e+00	0.00e+00	0.00e+00	0.00e+00	5.28e-01	1.01e-01	5.80e-02
 4.57815e+16	6.99e-01	3.00e-01	8.10e-04	0.00e+00	0.00e+00	0.00e+00	0.00e+00	0.00e+00	0.00e+00	5.39e-01	1.01e-01	5.86e-02
 4.58138e+16	7.10e-01	2.90e-01	7.13e-04	0.00e+00	0.00e+00	0.00e+00	0.00e+00	0.00e+00	0.00e+00	5.49e-01	1.01e-01	5.90e-02
 4.58452e+16	7.20e-01	2.79e-01	6.28e-04	0.00e+00	0.00e+00	0.00e+00	0.00e+00	0.00e+00	0.00e+00	5.59e-01	1.02e-01	5.94e-02
 4.58767e+16	7.30e-01	2.69e-01	5.53e-04	0.00e+00	0.00e+00	0.00e+00	0.00e+00	0.00e+00	0.00e+00	5.69e-01	1.02e-01	5.98e-02
 4.59083e+16	7.41e-01	2.59e-01	4.84e-04	0.00e+00	0.00e+00	0.00e+00	0.00e+00	0.00e+00	0.00e+00	5.79e-01	1.02e-01	6.01e-02
 4.59396e+16	7.50e-01	2.49e-01	4.26e-04	0.00e+00	0.00e+00	0.00e+00	0.00e+00	0.00e+00	0.00e+00	5.89e-01	1.01e-01	6.04e-02
 4.59706e+16	7.60e-01	2.39e-01	3.73e-04	0.00e+00	0.00e+00	0.00e+00	0.00e+00	0.00e+00	0.00e+00	5.98e-01	1.01e-01	6.06e-02
 4.60017e+16	7.70e-01	2.30e-01	3.26e-04	0.00e+00	0.00e+00	0.00e+00	0.00e+00	0.00e+00	0.00e+00	6.08e-01	1.01e-01	6.08e-02
 4.60320e+16	7.79e-01	2.21e-01	2.86e-04	0.00e+00	0.00e+00	0.00e+00	0.00e+00	0.00e+00	0.00e+00	6.17e-01	1.01e-01	6.10e-02
 4.60620e+16	7.87e-01	2.12e-01	2.51e-04	0.00e+00	0.00e+00	0.00e+00	0.00e+00	0.00e+00	0.00e+00	6.26e-01	1.00e-01	6.11e-02
 4.60924e+16	7.96e-01	2.04e-01	2.19e-04	0.00e+00	0.00e+00	0.00e+00	0.00e+00	0.00e+00	0.00e+00	6.35e-01	9.97e-02	6.12e-02
 4.61226e+16	8.04e-01	1.96e-01	1.91e-04	0.00e+00	0.00e+00	0.00e+00	0.00e+00	0.00e+00	0.00e+00	6.44e-01	9.92e-02	6.12e-02
 4.61525e+16	8.12e-01	1.87e-01	1.67e-04	0.00e+00	0.00e+00	0.00e+00	0.00e+00	0.00e+00	0.00e+00	6.53e-01	9.86e-02	6.12e-02
 4.61824e+16	8.20e-01	1.80e-01	1.46e-04	0.00e+00	0.00e+00	0.00e+00	0.00e+00	0.00e+00	0.00e+00	6.61e-01	9.80e-02	6.11e-02
 4.62116e+16	8.28e-01	1.72e-01	1.27e-04	0.00e+00	0.00e+00	0.00e+00	0.00e+00	0.00e+00	0.00e+00	6.69e-01	9.73e-02	6.11e-02
 4.62406e+16	8.35e-01	1.65e-01	1.11e-04	0.00e+00	0.00e+00	0.00e+00	0.00e+00	0.00e+00	0.00e+00	6.77e-01	9.67e-02	6.10e-02
 4.62701e+16	8.42e-01	1.58e-01	9.66e-05	0.00e+00	0.00e+00	0.00e+00	0.00e+00	0.00e+00	0.00e+00	6.85e-01	9.59e-02	6.08e-02
 4.62996e+16	8.49e-01	1.51e-01	8.39e-05	0.00e+00	0.00e+00	0.00e+00	0.00e+00	0.00e+00	0.00e+00	6.93e-01	9.51e-02	6.06e-02
 4.63282e+16	8.55e-01	1.45e-01	7.32e-05	0.00e+00	0.00e+00	0.00e+00	0.00e+00	0.00e+00	0.00e+00	7.00e-01	9.44e-02	6.04e-02
 4.63562e+16	8.62e-01	1.38e-01	6.39e-05	0.00e+00	0.00e+00	0.00e+00	0.00e+00	0.00e+00	0.00e+00	7.08e-01	9.36e-02	6.02e-02
 4.63844e+16	8.67e-01	1.33e-01	5.57e-05	0.00e+00	0.00e+00	0.00e+00	0.00e+00	0.00e+00	0.00e+00	7.15e-01	9.28e-02	6.00e-02
 4.64125e+16	8.73e-01	1.27e-01	4.85e-05	0.00e+00	0.00e+00	0.00e+00	0.00e+00	0.00e+00	0.00e+00	7.21e-01	9.20e-02	5.97e-02
 4.64400e+16	8.79e-01	1.21e-01	4.23e-05	0.00e+00	0.00e+00	0.00e+00	0.00e+00	0.00e+00	0.00e+00	7.28e-01	9.11e-02	5.94e-02
 4.64673e+16	8.84e-01	1.16e-01	3.69e-05	0.00e+00	0.00e+00	0.00e+00	0.00e+00	0.00e+00	0.00e+00	7.34e-01	9.03e-02	5.91e-02
 4.64944e+16	8.89e-01	1.11e-01	3.22e-05	0.00e+00	0.00e+00	0.00e+00	0.00e+00	0.00e+00	0.00e+00	7.40e-01	8.95e-02	5.88e-02
 4.65208e+16	8.94e-01	1.06e-01	2.82e-05	0.00e+00	0.00e+00	0.00e+00	0.00e+00	0.00e+00	0.00e+00	7.46e-01	8.87e-02	5.85e-02
 4.65466e+16	8.98e-01	1.02e-01	2.47e-05	0.00e+00	0.00e+00	0.00e+00	0.00e+00	0.00e+00	0.00e+00	7.52e-01	8.79e-02	5.82e-02
 4.65724e+16	9.02e-01	9.77e-02	2.16e-05	0.00e+00	0.00e+00	0.00e+00	0.00e+00	0.00e+00	0.00e+00	7.57e-01	8.71e-02	5.79e-02
 4.65981e+16	9.06e-01	9.36e-02	1.89e-05	0.00e+00	0.00e+00	0.00e+00	0.00e+00	0.00e+00	0.00e+00	7.63e-01	8.63e-02	5.75e-02
 4.66233e+16	9.10e-01	8.96e-02	1.66e-05	0.00e+00	0.00e+00	0.00e+00	0.00e+00	0.00e+00	0.00e+00	7.68e-01	8.55e-02	5.72e-02
 4.66479e+16	9.14e-01	8.59e-02	1.46e-05	0.00e+00	0.00e+00	0.00e+00	0.00e+00	0.00e+00	0.00e+00	7.72e-01	8.47e-02	5.68e-02
 4.66723e+16	9.18e-01	8.24e-02	1.29e-05	0.00e+00	0.00e+00	0.00e+00	0.00e+00	0.00e+00	0.00e+00	7.77e-01	8.40e-02	5.65e-02
 4.66968e+16	9.21e-01	7.91e-02	1.13e-05	0.00e+00	0.00e+00	0.00e+00	0.00e+00	0.00e+00	0.00e+00	7.82e-01	8.32e-02	5.62e-02
 4.67208e+16	9.24e-01	7.58e-02	9.96e-06	0.00e+00	0.00e+00	0.00e+00	0.00e+00	0.00e+00	0.00e+00	7.86e-01	8.25e-02	5.58e-02
 4.67443e+16	9.27e-01	7.27e-02	8.79e-06	0.00e+00	0.00e+00	0.00e+00	0.00e+00	0.00e+00	0.00e+00	7.90e-01	8.18e-02	5.55e-02
 4.67676e+16	9.30e-01	6.98e-02	7.76e-06	0.00e+00	0.00e+00	0.00e+00	0.00e+00	0.00e+00	0.00e+00	7.94e-01	8.11e-02	5.51e-02
 4.67911e+16	9.33e-01	6.70e-02	6.84e-06	0.00e+00	0.00e+00	0.00e+00	0.00e+00	0.00e+00	0.00e+00	7.98e-01	8.04e-02	5.48e-02
 4.68143e+16	9.36e-01	6.42e-02	6.04e-06	0.00e+00	0.00e+00	0.00e+00	0.00e+00	0.00e+00	0.00e+00	8.02e-01	7.97e-02	5.45e-02
 4.68369e+16	9.38e-01	6.16e-02	5.35e-06	0.00e+00	0.00e+00	0.00e+00	0.00e+00	0.00e+00	0.00e+00	8.05e-01	7.91e-02	5.41e-02
 4.68591e+16	9.41e-01	5.92e-02	4.74e-06	0.00e+00	0.00e+00	0.00e+00	0.00e+00	0.00e+00	0.00e+00	8.08e-01	7.85e-02	5.38e-02
 4.68817e+16	9.43e-01	5.69e-02	4.19e-06	0.00e+00	0.00e+00	0.00e+00	0.00e+00	0.00e+00	0.00e+00	8.12e-01	7.79e-02	5.35e-02
 4.69042e+16	9.45e-01	5.46e-02	3.70e-06	0.00e+00	0.00e+00	0.00e+00	0.00e+00	0.00e+00	0.00e+00	8.15e-01	7.72e-02	5.31e-02
 4.69259e+16	9.48e-01	5.24e-02	3.29e-06	0.00e+00	0.00e+00	0.00e+00	0.00e+00	0.00e+00	0.00e+00	8.18e-01	7.66e-02	5.27e-02
 4.69472e+16	9.50e-01	5.03e-02	2.93e-06	0.00e+00	0.00e+00	0.00e+00	0.00e+00	0.00e+00	0.00e+00	8.21e-01	7.60e-02	5.24e-02
 4.69690e+16	9.52e-01	4.85e-02	2.60e-06	0.00e+00	0.00e+00	0.00e+00	0.00e+00	0.00e+00	0.00e+00	8.24e-01	7.55e-02	5.21e-02
 4.69909e+16	9.54e-01	4.64e-02	2.30e-06	0.00e+00	0.00e+00	0.00e+00	0.00e+00	0.00e+00	0.00e+00	8.27e-01	7.49e-02	5.17e-02
 4.70122e+16	9.55e-01	4.46e-02	2.05e-06	0.00e+00	0.00e+00	0.00e+00	0.00e+00	0.00e+00	0.00e+00	8.30e-01	7.44e-02	5.13e-02
 4.70327e+16	9.57e-01	4.29e-02	1.83e-06	0.00e+00	0.00e+00	0.00e+00	0.00e+00	0.00e+00	0.00e+00	8.32e-01	7.39e-02	5.10e-02
 4.70532e+16	9.59e-01	4.13e-02	1.63e-06	0.00e+00	0.00e+00	0.00e+00	0.00e+00	0.00e+00	0.00e+00	8.35e-01	7.34e-02	5.07e-02
 4.70743e+16	9.60e-01	3.96e-02	1.45e-06	0.00e+00	0.00e+00	0.00e+00	0.00e+00	0.00e+00	0.00e+00	8.37e-01	7.29e-02	5.04e-02
 4.70954e+16	9.62e-01	3.80e-02	1.29e-06	0.00e+00	0.00e+00	0.00e+00	0.00e+00	0.00e+00	0.00e+00	8.40e-01	7.24e-02	5.01e-02
 4.71155e+16	9.64e-01	3.65e-02	1.15e-06	0.00e+00	0.00e+00	0.00e+00	0.00e+00	0.00e+00	0.00e+00	8.42e-01	7.19e-02	4.98e-02
 4.71350e+16	9.65e-01	3.51e-02	1.03e-06	0.00e+00	0.00e+00	0.00e+00	0.00e+00	0.00e+00	0.00e+00	8.44e-01	7.14e-02	4.95e-02
 4.71553e+16	9.66e-01	3.37e-02	9.18e-07	0.00e+00	0.00e+00	0.00e+00	0.00e+00	0.00e+00	0.00e+00	8.46e-01	7.10e-02	4.92e-02
 4.71762e+16	9.68e-01	3.23e-02	8.16e-07	0.00e+00	0.00e+00	0.00e+00	0.00e+00	0.00e+00	0.00e+00	8.48e-01	7.06e-02	4.89e-02
 4.71960e+16	9.69e-01	3.10e-02	7.30e-07	0.00e+00	0.00e+00	0.00e+00	0.00e+00	0.00e+00	0.00e+00	8.50e-01	7.01e-02	4.86e-02
 4.72146e+16	9.70e-01	2.99e-02	6.58e-07	0.00e+00	0.00e+00	0.00e+00	0.00e+00	0.00e+00	0.00e+00	8.52e-01	6.98e-02	4.84e-02
 4.72333e+16	9.71e-01	2.88e-02	5.92e-07	0.00e+00	0.00e+00	0.00e+00	0.00e+00	0.00e+00	0.00e+00	8.54e-01	6.94e-02	4.81e-02
 4.72530e+16	9.72e-01	2.76e-02	5.29e-07	0.00e+00	0.00e+00	0.00e+00	0.00e+00	0.00e+00	0.00e+00	8.56e-01	6.90e-02	4.78e-02
 4.72728e+16	9.74e-01	2.64e-02	4.72e-07	0.00e+00	0.00e+00	0.00e+00	0.00e+00	0.00e+00	0.00e+00	8.57e-01	6.86e-02	4.76e-02
 4.72914e+16	9.75e-01	2.54e-02	4.25e-07	0.00e+00	0.00e+00	0.00e+00	0.00e+00	0.00e+00	0.00e+00	8.59e-01	6.82e-02	4.73e-02
 4.73094e+16	9.76e-01	2.44e-02	3.83e-07	0.00e+00	0.00e+00	0.00e+00	0.00e+00	0.00e+00	0.00e+00	8.61e-01	6.79e-02	4.71e-02
 4.73276e+16	9.77e-01	2.34e-02	3.45e-07	0.00e+00	0.00e+00	0.00e+00	0.00e+00	0.00e+00	0.00e+00	8.62e-01	6.75e-02	4.69e-02
 4.73461e+16	9.78e-01	2.25e-02	3.10e-07	0.00e+00	0.00e+00	0.00e+00	0.00e+00	0.00e+00	0.00e+00	8.64e-01	6.72e-02	4.66e-02
 4.73643e+16	9.78e-01	2.16e-02	2.80e-07	0.00e+00	0.00e+00	0.00e+00	0.00e+00	0.00e+00	0.00e+00	8.65e-01	6.68e-02	4.64e-02
 4.73816e+16	9.79e-01	2.07e-02	2.53e-07	0.00e+00	0.00e+00	0.00e+00	0.00e+00	0.00e+00	0.00e+00	8.67e-01	6.65e-02	4.62e-02
 4.73978e+16	9.80e-01	1.99e-02	2.31e-07	0.00e+00	0.00e+00	0.00e+00	0.00e+00	0.00e+00	0.00e+00	8.68e-01	6.62e-02	4.59e-02
 4.74131e+16	9.81e-01	1.92e-02	2.12e-07	0.00e+00	0.00e+00	0.00e+00	0.00e+00	0.00e+00	0.00e+00	8.69e-01	6.59e-02	4.57e-02
 4.74272e+16	9.81e-01	1.86e-02	1.96e-07	0.00e+00	0.00e+00	0.00e+00	0.00e+00	0.00e+00	0.00e+00	8.70e-01	6.57e-02	4.56e-02
 4.74401e+16	9.82e-01	1.80e-02	1.82e-07	0.00e+00	0.00e+00	0.00e+00	0.00e+00	0.00e+00	0.00e+00	8.71e-01	6.54e-02	4.54e-02
 4.74522e+16	9.82e-01	1.75e-02	1.70e-07	0.00e+00	0.00e+00	0.00e+00	0.00e+00	0.00e+00	0.00e+00	8.72e-01	6.52e-02	4.52e-02
 4.74636e+16	9.83e-01	1.70e-02	1.59e-07	0.00e+00	0.00e+00	0.00e+00	0.00e+00	0.00e+00	0.00e+00	8.73e-01	6.50e-02	4.51e-02
 4.74742e+16	9.83e-01	1.66e-02	1.50e-07	0.00e+00	0.00e+00	0.00e+00	0.00e+00	0.00e+00	0.00e+00	8.74e-01	6.48e-02	4.49e-02
 4.74842e+16	9.84e-01	1.62e-02	1.42e-07	0.00e+00	0.00e+00	0.00e+00	0.00e+00	0.00e+00	0.00e+00	8.74e-01	6.46e-02	4.48e-02
 4.74937e+16	9.84e-01	1.58e-02	1.34e-07	0.00e+00	0.00e+00	0.00e+00	0.00e+00	0.00e+00	0.00e+00	8.75e-01	6.44e-02	4.47e-02
 4.75028e+16	9.85e-01	1.54e-02	1.28e-07	0.00e+00	0.00e+00	0.00e+00	0.00e+00	0.00e+00	0.00e+00	8.76e-01	6.42e-02	4.45e-02
 4.75116e+16	9.85e-01	1.50e-02	1.21e-07	0.00e+00	0.00e+00	0.00e+00	0.00e+00	0.00e+00	0.00e+00	8.77e-01	6.40e-02	4.44e-02
 4.75199e+16	9.85e-01	1.47e-02	1.16e-07	0.00e+00	0.00e+00	0.00e+00	0.00e+00	0.00e+00	0.00e+00	8.77e-01	6.39e-02	4.43e-02
 4.75278e+16	9.86e-01	1.43e-02	1.11e-07	0.00e+00	0.00e+00	0.00e+00	0.00e+00	0.00e+00	0.00e+00	8.78e-01	6.37e-02	4.41e-02
 4.75355e+16	9.86e-01	1.40e-02	1.06e-07	0.00e+00	0.00e+00	0.00e+00	0.00e+00	0.00e+00	0.00e+00	8.78e-01	6.35e-02	4.40e-02
 4.75430e+16	9.86e-01	1.37e-02	1.01e-07	0.00e+00	0.00e+00	0.00e+00	0.00e+00	0.00e+00	0.00e+00	8.79e-01	6.33e-02	4.39e-02
 4.75502e+16	9.87e-01	1.34e-02	9.71e-08	0.00e+00	0.00e+00	0.00e+00	0.00e+00	0.00e+00	0.00e+00	8.80e-01	6.32e-02	4.37e-02
 4.75575e+16	9.87e-01	1.31e-02	9.30e-08	0.00e+00	0.00e+00	0.00e+00	0.00e+00	0.00e+00	0.00e+00	8.80e-01	6.30e-02	4.36e-02
 4.75647e+16	9.87e-01	1.28e-02	8.91e-08	0.00e+00	0.00e+00	0.00e+00	0.00e+00	0.00e+00	0.00e+00	8.81e-01	6.28e-02	4.34e-02
 4.75720e+16	9.88e-01	1.24e-02	8.54e-08	0.00e+00	0.00e+00	0.00e+00	0.00e+00	0.00e+00	0.00e+00	8.82e-01	6.26e-02	4.33e-02
 4.75794e+16	9.88e-01	1.21e-02	8.16e-08	0.00e+00	0.00e+00	0.00e+00	0.00e+00	0.00e+00	0.00e+00	8.82e-01	6.24e-02	4.31e-02
 4.75871e+16	9.88e-01	1.18e-02	7.78e-08	0.00e+00	0.00e+00	0.00e+00	0.00e+00	0.00e+00	0.00e+00	8.83e-01	6.21e-02	4.29e-02
 4.75949e+16	9.89e-01	1.14e-02	7.42e-08	0.00e+00	0.00e+00	0.00e+00	0.00e+00	0.00e+00	0.00e+00	8.84e-01	6.19e-02	4.27e-02
 4.76021e+16	9.89e-01	1.11e-02	7.10e-08	0.00e+00	0.00e+00	0.00e+00	0.00e+00	0.00e+00	0.00e+00	8.85e-01	6.17e-02	4.26e-02
 4.76084e+16	9.89e-01	1.08e-02	6.82e-08	0.00e+00	0.00e+00	0.00e+00	0.00e+00	0.00e+00	0.00e+00	8.85e-01	6.14e-02	4.24e-02
 4.76142e+16	9.89e-01	1.05e-02	6.58e-08	0.00e+00	0.00e+00	0.00e+00	0.00e+00	0.00e+00	0.00e+00	8.86e-01	6.12e-02	4.22e-02
 4.76199e+16	9.90e-01	1.03e-02	6.34e-08	0.00e+00	0.00e+00	0.00e+00	0.00e+00	0.00e+00	0.00e+00	8.87e-01	6.10e-02	4.20e-02
 4.76255e+16	9.90e-01	1.00e-02	6.12e-08	0.00e+00	0.00e+00	0.00e+00	0.00e+00	0.00e+00	0.00e+00	8.87e-01	6.08e-02	4.19e-02
 4.76308e+16	9.90e-01	9.75e-03	5.91e-08	0.00e+00	0.00e+00	0.00e+00	0.00e+00	0.00e+00	0.00e+00	8.88e-01	6.06e-02	4.17e-02
 4.76356e+16	9.90e-01	9.53e-03	5.72e-08	0.00e+00	0.00e+00	0.00e+00	0.00e+00	0.00e+00	0.00e+00	8.89e-01	6.04e-02	4.15e-02
 4.76400e+16	9.91e-01	9.33e-03	5.55e-08	0.00e+00	0.00e+00	0.00e+00	0.00e+00	0.00e+00	0.00e+00	8.89e-01	6.02e-02	4.13e-02
 4.76440e+16	9.91e-01	9.15e-03	5.40e-08	0.00e+00	0.00e+00	0.00e+00	0.00e+00	0.00e+00	0.00e+00	8.90e-01	6.00e-02	4.12e-02
 4.76477e+16	9.91e-01	8.97e-03	5.26e-08	0.00e+00	0.00e+00	0.00e+00	0.00e+00	0.00e+00	0.00e+00	8.90e-01	5.99e-02	4.10e-02
 4.76510e+16	9.91e-01	8.83e-03	5.14e-08	0.00e+00	0.00e+00	0.00e+00	0.00e+00	0.00e+00	0.00e+00	8.91e-01	5.97e-02	4.09e-02
 4.76540e+16	9.91e-01	8.71e-03	5.04e-08	0.00e+00	0.00e+00	0.00e+00	0.00e+00	0.00e+00	0.00e+00	8.91e-01	5.96e-02	4.08e-02
 4.76573e+16	9.91e-01	8.55e-03	4.92e-08	0.00e+00	0.00e+00	0.00e+00	0.00e+00	0.00e+00	0.00e+00	8.91e-01	5.94e-02	4.07e-02
 4.76609e+16	9.92e-01	8.39e-03	4.79e-08	0.00e+00	0.00e+00	0.00e+00	0.00e+00	0.00e+00	0.00e+00	8.92e-01	5.92e-02	4.05e-02
 4.76642e+16	9.92e-01	8.26e-03	4.68e-08	0.00e+00	0.00e+00	0.00e+00	0.00e+00	0.00e+00	0.00e+00	8.92e-01	5.90e-02	4.04e-02
 4.76671e+16	9.92e-01	8.14e-03	4.58e-08	0.00e+00	0.00e+00	0.00e+00	0.00e+00	0.00e+00	0.00e+00	8.93e-01	5.88e-02	4.03e-02
 4.76704e+16	9.92e-01	7.99e-03	4.46e-08	0.00e+00	0.00e+00	0.00e+00	0.00e+00	0.00e+00	0.00e+00	8.93e-01	5.86e-02	4.01e-02
 4.76739e+16	9.92e-01	7.84e-03	4.34e-08	0.00e+00	0.00e+00	0.00e+00	0.00e+00	0.00e+00	0.00e+00	8.94e-01	5.84e-02	3.99e-02
 4.76771e+16	9.92e-01	7.71e-03	4.23e-08	0.00e+00	0.00e+00	0.00e+00	0.00e+00	0.00e+00	0.00e+00	8.94e-01	5.82e-02	3.98e-02
 4.76800e+16	9.92e-01	7.58e-03	4.13e-08	0.00e+00	0.00e+00	0.00e+00	0.00e+00	0.00e+00	0.00e+00	8.95e-01	5.80e-02	3.97e-02
 4.76826e+16	9.93e-01	7.48e-03	4.04e-08	0.00e+00	0.00e+00	0.00e+00	0.00e+00	0.00e+00	0.00e+00	8.95e-01	5.79e-02	3.95e-02
 4.76855e+16	9.93e-01	7.34e-03	3.94e-08	0.00e+00	0.00e+00	0.00e+00	0.00e+00	0.00e+00	0.00e+00	8.96e-01	5.77e-02	3.94e-02
