#depth	He	He+	He+2
 2.15093e+11	1.29e-03	9.93e-01	5.74e-03
 1.29056e+12	1.29e-03	9.93e-01	5.73e-03
 5.59243e+12	1.30e-03	9.93e-01	5.68e-03
 2.27999e+13	1.31e-03	9.93e-01	5.45e-03
 5.44617e+13	1.32e-03	9.93e-01	5.20e-03
 9.56220e+13	1.33e-03	9.94e-01	4.79e-03
 1.49130e+14	1.36e-03	9.94e-01	4.22e-03
 2.18691e+14	1.39e-03	9.95e-01	3.52e-03
 3.09120e+14	1.43e-03	9.96e-01	2.73e-03
 4.26678e+14	1.49e-03	9.97e-01	1.93e-03
 5.79504e+14	1.57e-03	9.97e-01	1.22e-03
 7.78176e+14	1.69e-03	9.98e-01	6.64e-04
 1.03645e+15	1.86e-03	9.98e-01	3.03e-04
 1.32602e+15	2.05e-03	9.98e-01	1.26e-04
 1.60686e+15	2.26e-03	9.98e-01	5.44e-05
 1.82068e+15	2.42e-03	9.98e-01	2.91e-05
 1.96249e+15	2.55e-03	9.97e-01	1.94e-05
 2.11254e+15	2.70e-03	9.97e-01	1.25e-05
 2.30761e+15	2.90e-03	9.97e-01	7.17e-06
 2.50133e+15	3.10e-03	9.97e-01	4.21e-06
 2.65602e+15	3.27e-03	9.97e-01	2.76e-06
 2.81982e+15	3.48e-03	9.97e-01	1.76e-06
 2.99880e+15	3.71e-03	9.96e-01	1.10e-06
 3.16352e+15	3.94e-03	9.96e-01	7.15e-07
 3.34366e+15	4.21e-03	9.96e-01	4.49e-07
 3.53455e+15	4.50e-03	9.95e-01	2.79e-07
 3.70148e+15	4.78e-03	9.95e-01	1.87e-07
 3.88058e+15	5.10e-03	9.95e-01	1.21e-07
 4.07109e+15	5.46e-03	9.95e-01	7.82e-08
 4.23711e+15	5.80e-03	9.94e-01	5.40e-08
 4.39003e+15	6.13e-03	9.94e-01	3.87e-08
 4.56523e+15	6.54e-03	9.93e-01	2.65e-08
 4.75267e+15	7.00e-03	9.93e-01	1.81e-08
 4.91660e+15	7.43e-03	9.93e-01	1.31e-08
 5.06642e+15	7.86e-03	9.92e-01	9.85e-09
 5.23730e+15	8.39e-03	9.92e-01	7.13e-09
 5.42137e+15	8.99e-03	9.91e-01	5.17e-09
 5.58362e+15	9.56e-03	9.90e-01	3.94e-09
 5.73162e+15	1.01e-02	9.90e-01	3.10e-09
 5.90007e+15	1.08e-02	9.89e-01	2.37e-09
 6.08365e+15	1.17e-02	9.88e-01	1.81e-09
 6.24715e+15	1.25e-02	9.88e-01	1.44e-09
 6.39528e+15	1.33e-02	9.87e-01	1.18e-09
 6.56321e+15	1.43e-02	9.86e-01	9.50e-10
 6.74974e+15	1.55e-02	9.85e-01	7.62e-10
 6.92265e+15	1.67e-02	9.83e-01	6.29e-10
 7.08304e+15	1.80e-02	9.82e-01	5.31e-10
 7.26496e+15	1.97e-02	9.80e-01	4.41e-10
 7.46182e+15	2.18e-02	9.78e-01	3.70e-10
 7.63212e+15	2.39e-02	9.76e-01	3.23e-10
 7.77776e+15	2.60e-02	9.74e-01	2.90e-10
 7.93733e+15	2.87e-02	9.71e-01	2.58e-10
 8.11415e+15	3.22e-02	9.68e-01	2.33e-10
 8.27135e+15	3.60e-02	9.64e-01	2.16e-10
 8.40201e+15	4.00e-02	9.60e-01	2.07e-10
 8.50986e+15	4.40e-02	9.56e-01	2.02e-10
 8.59966e+15	4.79e-02	9.52e-01	2.01e-10
 8.68260e+15	5.21e-02	9.48e-01	2.02e-10
 8.76302e+15	5.69e-02	9.43e-01	2.05e-10
 8.83851e+15	6.23e-02	9.38e-01	2.12e-10
 8.90647e+15	6.80e-02	9.32e-01	2.22e-10
 8.96746e+15	7.40e-02	9.26e-01	2.34e-10
 9.02355e+15	8.05e-02	9.20e-01	2.50e-10
 9.07599e+15	8.74e-02	9.13e-01	2.69e-10
 9.12525e+15	9.47e-02	9.05e-01	2.97e-10
 9.17234e+15	1.03e-01	8.97e-01	3.28e-10
 9.21731e+15	1.12e-01	8.88e-01	3.65e-10
 9.25929e+15	1.21e-01	8.79e-01	4.09e-10
 9.29864e+15	1.31e-01	8.69e-01	4.60e-10
 9.33630e+15	1.42e-01	8.58e-01	5.19e-10
 9.37271e+15	1.54e-01	8.46e-01	5.86e-10
 9.40675e+15	1.66e-01	8.34e-01	6.57e-10
 9.43770e+15	1.78e-01	8.22e-01	7.37e-10
 9.46552e+15	1.89e-01	8.11e-01	8.19e-10
 9.49047e+15	2.01e-01	7.99e-01	9.00e-10
 9.51396e+15	2.12e-01	7.88e-01	9.85e-10
 9.53693e+15	2.24e-01	7.76e-01	1.07e-09
 9.55538e+15	2.33e-01	7.67e-01	1.15e-09
 9.56787e+15	2.40e-01	7.60e-01	1.21e-09
 9.57971e+15	2.47e-01	7.53e-01	1.26e-09
 9.59337e+15	2.55e-01	7.45e-01	1.33e-09
 9.60839e+15	2.64e-01	7.36e-01	1.40e-09
 9.62333e+15	2.74e-01	7.26e-01	1.48e-09
 9.63717e+15	2.83e-01	7.17e-01	1.55e-09
 9.65065e+15	2.92e-01	7.08e-01	1.63e-09
 9.66468e+15	3.02e-01	6.98e-01	1.71e-09
 9.67894e+15	3.12e-01	6.88e-01	1.80e-09
 9.69312e+15	3.22e-01	6.78e-01	1.89e-09
 9.70714e+15	3.32e-01	6.68e-01	1.98e-09
 9.72120e+15	3.43e-01	6.57e-01	2.08e-09
 9.73550e+15	3.55e-01	6.45e-01	2.17e-09
 9.74961e+15	3.66e-01	6.34e-01	2.27e-09
 9.76364e+15	3.77e-01	6.23e-01	2.38e-09
 9.77794e+15	3.89e-01	6.11e-01	2.47e-09
 9.79225e+15	4.01e-01	5.99e-01	2.59e-09
 9.80659e+15	4.13e-01	5.87e-01	2.70e-09
 9.82108e+15	4.26e-01	5.74e-01	2.80e-09
 9.83537e+15	4.38e-01	5.62e-01	2.92e-09
 9.84963e+15	4.51e-01	5.49e-01	3.03e-09
 9.86420e+15	4.64e-01	5.36e-01	3.14e-09
 9.87879e+15	4.77e-01	5.23e-01	3.27e-09
 9.89335e+15	4.90e-01	5.10e-01	3.39e-09
 9.90805e+15	5.03e-01	4.97e-01	3.50e-09
 9.92262e+15	5.17e-01	4.83e-01	3.62e-09
 9.93719e+15	5.30e-01	4.70e-01	3.74e-09
 9.95194e+15	5.43e-01	4.57e-01	3.86e-09
 9.96673e+15	5.57e-01	4.43e-01	3.97e-09
 9.98135e+15	5.70e-01	4.30e-01	4.09e-09
 9.99574e+15	5.83e-01	4.17e-01	4.21e-09
 1.00100e+16	5.95e-01	4.05e-01	4.31e-09
 1.00243e+16	6.08e-01	3.92e-01	4.42e-09
 1.00384e+16	6.21e-01	3.79e-01	4.52e-09
 1.00525e+16	6.33e-01	3.67e-01	4.63e-09
 1.00667e+16	6.45e-01	3.55e-01	4.73e-09
 1.00806e+16	6.57e-01	3.43e-01	4.82e-09
 1.00944e+16	6.68e-01	3.32e-01	4.91e-09
 1.01083e+16	6.79e-01	3.21e-01	5.01e-09
 1.01221e+16	6.90e-01	3.10e-01	5.10e-09
 1.01357e+16	7.01e-01	2.99e-01	5.18e-09
 1.01493e+16	7.12e-01	2.88e-01	5.26e-09
 1.01628e+16	7.22e-01	2.78e-01	5.33e-09
 1.01763e+16	7.32e-01	2.68e-01	5.39e-09
 1.01898e+16	7.42e-01	2.58e-01	5.47e-09
 1.02032e+16	7.51e-01	2.49e-01	5.53e-09
 1.02164e+16	7.61e-01	2.39e-01	5.58e-09
 1.02296e+16	7.70e-01	2.30e-01	5.64e-09
 1.02430e+16	7.78e-01	2.22e-01	5.70e-09
 1.02562e+16	7.87e-01	2.13e-01	5.74e-09
 1.02692e+16	7.95e-01	2.05e-01	5.79e-09
 1.02822e+16	8.03e-01	1.97e-01	5.83e-09
 1.02953e+16	8.11e-01	1.89e-01	5.87e-09
 1.03083e+16	8.18e-01	1.82e-01	5.91e-09
 1.03210e+16	8.25e-01	1.75e-01	5.92e-09
 1.03338e+16	8.32e-01	1.68e-01	5.95e-09
 1.03467e+16	8.39e-01	1.61e-01	5.97e-09
 1.03596e+16	8.45e-01	1.55e-01	5.99e-09
 1.03723e+16	8.51e-01	1.49e-01	6.01e-09
 1.03848e+16	8.57e-01	1.43e-01	6.02e-09
 1.03972e+16	8.63e-01	1.37e-01	6.01e-09
 1.04098e+16	8.69e-01	1.31e-01	6.01e-09
 1.04225e+16	8.74e-01	1.26e-01	6.01e-09
 1.04350e+16	8.79e-01	1.21e-01	6.02e-09
 1.04470e+16	8.84e-01	1.16e-01	6.02e-09
 1.04591e+16	8.89e-01	1.11e-01	5.99e-09
 1.04716e+16	8.94e-01	1.06e-01	5.97e-09
 1.04840e+16	8.98e-01	1.02e-01	5.95e-09
 1.04960e+16	9.02e-01	9.78e-02	5.93e-09
 1.05078e+16	9.06e-01	9.38e-02	5.90e-09
 1.05195e+16	9.10e-01	9.00e-02	5.86e-09
 1.05312e+16	9.14e-01	8.62e-02	5.83e-09
 1.05424e+16	9.17e-01	8.29e-02	5.79e-09
 1.05524e+16	9.20e-01	8.00e-02	5.75e-09
 1.05615e+16	9.23e-01	7.74e-02	5.71e-09
 1.05699e+16	9.25e-01	7.50e-02	5.67e-09
 1.05779e+16	9.27e-01	7.28e-02	5.62e-09
 1.05852e+16	9.29e-01	7.09e-02	5.58e-09
 1.05918e+16	9.31e-01	6.91e-02	5.53e-09
 1.05980e+16	9.33e-01	6.75e-02	5.49e-09
 1.06040e+16	9.34e-01	6.60e-02	5.44e-09
 1.06096e+16	9.35e-01	6.45e-02	5.40e-09
 1.06149e+16	9.37e-01	6.32e-02	5.36e-09
 1.06198e+16	9.38e-01	6.20e-02	5.32e-09
 1.06245e+16	9.39e-01	6.09e-02	5.28e-09
 1.06289e+16	9.40e-01	5.99e-02	5.24e-09
 1.06332e+16	9.41e-01	5.89e-02	5.20e-09
 1.06372e+16	9.42e-01	5.79e-02	5.17e-09
 1.06411e+16	9.43e-01	5.70e-02	5.13e-09
 1.06448e+16	9.44e-01	5.62e-02	5.09e-09
 1.06484e+16	9.45e-01	5.54e-02	5.05e-09
 1.06519e+16	9.45e-01	5.46e-02	5.02e-09
 1.06553e+16	9.46e-01	5.38e-02	4.97e-09
 1.06585e+16	9.47e-01	5.31e-02	4.94e-09
 1.06618e+16	9.48e-01	5.24e-02	4.90e-09
 1.06653e+16	9.48e-01	5.16e-02	4.86e-09
 1.06687e+16	9.49e-01	5.09e-02	4.82e-09
 1.06722e+16	9.50e-01	5.01e-02	4.77e-09
 1.06759e+16	9.51e-01	4.94e-02	4.73e-09
 1.06799e+16	9.51e-01	4.85e-02	4.67e-09
 1.06839e+16	9.52e-01	4.76e-02	4.61e-09
 1.06875e+16	9.53e-01	4.69e-02	4.55e-09
 1.06907e+16	9.54e-01	4.62e-02	4.50e-09
 1.06937e+16	9.54e-01	4.55e-02	4.45e-09
 1.06966e+16	9.55e-01	4.49e-02	4.39e-09
 1.06991e+16	9.56e-01	4.44e-02	4.35e-09
 1.07015e+16	9.56e-01	4.39e-02	4.30e-09
 1.07037e+16	9.57e-01	4.34e-02	4.26e-09
 1.07056e+16	9.57e-01	4.30e-02	4.22e-09
 1.07074e+16	9.57e-01	4.26e-02	4.19e-09
 1.07090e+16	9.58e-01	4.22e-02	4.15e-09
 1.07108e+16	9.58e-01	4.18e-02	4.11e-09
 1.07127e+16	9.59e-01	4.14e-02	4.08e-09
 1.07144e+16	9.59e-01	4.10e-02	4.04e-09
 1.07160e+16	9.59e-01	4.07e-02	4.01e-09
 1.07177e+16	9.60e-01	4.03e-02	3.97e-09
 1.07196e+16	9.60e-01	3.98e-02	3.93e-09
 1.07213e+16	9.61e-01	3.95e-02	3.90e-09
 1.07229e+16	9.61e-01	3.91e-02	3.87e-09
 1.07246e+16	9.61e-01	3.88e-02	3.83e-09
 1.07264e+16	9.62e-01	3.83e-02	3.79e-09
 1.07281e+16	9.62e-01	3.80e-02	3.77e-09
 1.07299e+16	9.62e-01	3.77e-02	3.74e-09
 1.07323e+16	9.63e-01	3.72e-02	3.69e-09
 1.07349e+16	9.63e-01	3.67e-02	3.65e-09
 1.07372e+16	9.64e-01	3.62e-02	3.62e-09
 1.07393e+16	9.64e-01	3.59e-02	3.60e-09
