#depth	O	O+	O+2	O+3	O+4	O+5	O+6	O+7	O+8	O[1]	O[2]	O[3]
 2.15093e+11	1.58e-05	2.07e-02	9.77e-01	2.65e-03	0.00e+00	0.00e+00	0.00e+00	0.00e+00	0.00e+00	1.08e-05	3.38e-06	1.56e-06
 1.29056e+12	1.57e-05	2.07e-02	9.77e-01	2.64e-03	0.00e+00	0.00e+00	0.00e+00	0.00e+00	0.00e+00	1.08e-05	3.37e-06	1.56e-06
 5.59243e+12	1.58e-05	2.08e-02	9.77e-01	2.60e-03	0.00e+00	0.00e+00	0.00e+00	0.00e+00	0.00e+00	1.08e-05	3.39e-06	1.57e-06
 2.27999e+13	1.61e-05	2.09e-02	9.77e-01	2.44e-03	0.00e+00	0.00e+00	0.00e+00	0.00e+00	0.00e+00	1.10e-05	3.45e-06	1.60e-06
 5.44617e+13	1.63e-05	2.11e-02	9.77e-01	2.22e-03	0.00e+00	0.00e+00	0.00e+00	0.00e+00	0.00e+00	1.12e-05	3.50e-06	1.62e-06
 9.56220e+13	1.67e-05	2.14e-02	9.77e-01	1.95e-03	0.00e+00	0.00e+00	0.00e+00	0.00e+00	0.00e+00	1.14e-05	3.59e-06	1.67e-06
 1.49130e+14	1.73e-05	2.18e-02	9.77e-01	1.66e-03	0.00e+00	0.00e+00	0.00e+00	0.00e+00	0.00e+00	1.19e-05	3.72e-06	1.73e-06
 2.18691e+14	1.83e-05	2.24e-02	9.76e-01	1.33e-03	0.00e+00	0.00e+00	0.00e+00	0.00e+00	0.00e+00	1.25e-05	3.93e-06	1.83e-06
 3.09120e+14	1.98e-05	2.31e-02	9.76e-01	9.96e-04	0.00e+00	0.00e+00	0.00e+00	0.00e+00	0.00e+00	1.36e-05	4.24e-06	1.97e-06
 4.26678e+14	2.20e-05	2.42e-02	9.75e-01	6.83e-04	0.00e+00	0.00e+00	0.00e+00	0.00e+00	0.00e+00	1.51e-05	4.71e-06	2.19e-06
 5.79504e+14	2.54e-05	2.57e-02	9.74e-01	4.18e-04	0.00e+00	0.00e+00	0.00e+00	0.00e+00	0.00e+00	1.75e-05	5.43e-06	2.52e-06
 7.78176e+14	3.09e-05	2.79e-02	9.72e-01	2.21e-04	0.00e+00	0.00e+00	0.00e+00	0.00e+00	0.00e+00	2.12e-05	6.57e-06	3.05e-06
 1.03645e+15	4.00e-05	3.12e-02	9.69e-01	9.71e-05	0.00e+00	0.00e+00	0.00e+00	0.00e+00	0.00e+00	2.76e-05	8.49e-06	3.94e-06
 1.32602e+15	5.27e-05	3.52e-02	9.65e-01	3.93e-05	0.00e+00	0.00e+00	0.00e+00	0.00e+00	0.00e+00	3.64e-05	1.11e-05	5.17e-06
 1.60686e+15	6.92e-05	3.98e-02	9.60e-01	1.66e-05	0.00e+00	0.00e+00	0.00e+00	0.00e+00	0.00e+00	4.79e-05	1.45e-05	6.75e-06
 1.82068e+15	8.33e-05	4.34e-02	9.57e-01	8.90e-06	0.00e+00	0.00e+00	0.00e+00	0.00e+00	0.00e+00	5.77e-05	1.75e-05	8.11e-06
 1.96249e+15	9.54e-05	4.62e-02	9.54e-01	5.87e-06	0.00e+00	0.00e+00	0.00e+00	0.00e+00	0.00e+00	6.61e-05	2.00e-05	9.27e-06
 2.11254e+15	1.12e-04	4.96e-02	9.50e-01	3.73e-06	0.00e+00	0.00e+00	0.00e+00	0.00e+00	0.00e+00	7.75e-05	2.33e-05	1.08e-05
 2.30761e+15	1.37e-04	5.45e-02	9.45e-01	2.10e-06	0.00e+00	0.00e+00	0.00e+00	0.00e+00	0.00e+00	9.49e-05	2.85e-05	1.32e-05
 2.50133e+15	1.64e-04	5.95e-02	9.40e-01	1.24e-06	0.00e+00	0.00e+00	0.00e+00	0.00e+00	0.00e+00	1.14e-04	3.41e-05	1.58e-05
 2.65602e+15	1.90e-04	6.39e-02	9.36e-01	8.16e-07	0.00e+00	0.00e+00	0.00e+00	0.00e+00	0.00e+00	1.32e-04	3.95e-05	1.83e-05
 2.81982e+15	2.25e-04	6.93e-02	9.30e-01	5.22e-07	0.00e+00	0.00e+00	0.00e+00	0.00e+00	0.00e+00	1.56e-04	4.67e-05	2.16e-05
 2.99880e+15	2.67e-04	7.55e-02	9.24e-01	3.31e-07	0.00e+00	0.00e+00	0.00e+00	0.00e+00	0.00e+00	1.86e-04	5.54e-05	2.56e-05
 3.16352e+15	3.13e-04	8.17e-02	9.18e-01	2.22e-07	0.00e+00	0.00e+00	0.00e+00	0.00e+00	0.00e+00	2.18e-04	6.48e-05	3.00e-05
 3.34366e+15	3.74e-04	8.94e-02	9.10e-01	1.43e-07	0.00e+00	0.00e+00	0.00e+00	0.00e+00	0.00e+00	2.61e-04	7.74e-05	3.58e-05
 3.53455e+15	4.48e-04	9.80e-02	9.02e-01	0.00e+00	0.00e+00	0.00e+00	0.00e+00	0.00e+00	0.00e+00	3.13e-04	9.26e-05	4.28e-05
 3.70148e+15	5.25e-04	1.06e-01	8.93e-01	0.00e+00	0.00e+00	0.00e+00	0.00e+00	0.00e+00	0.00e+00	3.67e-04	1.08e-04	5.01e-05
 3.88058e+15	6.26e-04	1.16e-01	8.83e-01	0.00e+00	0.00e+00	0.00e+00	0.00e+00	0.00e+00	0.00e+00	4.37e-04	1.29e-04	5.97e-05
 4.07109e+15	7.50e-04	1.28e-01	8.71e-01	0.00e+00	0.00e+00	0.00e+00	0.00e+00	0.00e+00	0.00e+00	5.24e-04	1.55e-04	7.15e-05
 4.23711e+15	8.78e-04	1.39e-01	8.60e-01	0.00e+00	0.00e+00	0.00e+00	0.00e+00	0.00e+00	0.00e+00	6.13e-04	1.81e-04	8.36e-05
 4.39003e+15	1.02e-03	1.50e-01	8.49e-01	0.00e+00	0.00e+00	0.00e+00	0.00e+00	0.00e+00	0.00e+00	7.10e-04	2.09e-04	9.68e-05
 4.56523e+15	1.20e-03	1.65e-01	8.34e-01	0.00e+00	0.00e+00	0.00e+00	0.00e+00	0.00e+00	0.00e+00	8.41e-04	2.48e-04	1.15e-04
 4.75267e+15	1.44e-03	1.81e-01	8.17e-01	0.00e+00	0.00e+00	0.00e+00	0.00e+00	0.00e+00	0.00e+00	1.01e-03	2.97e-04	1.37e-04
 4.91660e+15	1.68e-03	1.97e-01	8.01e-01	0.00e+00	0.00e+00	0.00e+00	0.00e+00	0.00e+00	0.00e+00	1.18e-03	3.48e-04	1.61e-04
 5.06642e+15	1.95e-03	2.13e-01	7.85e-01	0.00e+00	0.00e+00	0.00e+00	0.00e+00	0.00e+00	0.00e+00	1.36e-03	4.02e-04	1.86e-04
 5.23730e+15	2.30e-03	2.33e-01	7.65e-01	0.00e+00	0.00e+00	0.00e+00	0.00e+00	0.00e+00	0.00e+00	1.61e-03	4.76e-04	2.20e-04
 5.42137e+15	2.76e-03	2.56e-01	7.41e-01	0.00e+00	0.00e+00	0.00e+00	0.00e+00	0.00e+00	0.00e+00	1.92e-03	5.70e-04	2.64e-04
 5.58362e+15	3.23e-03	2.79e-01	7.18e-01	0.00e+00	0.00e+00	0.00e+00	0.00e+00	0.00e+00	0.00e+00	2.25e-03	6.68e-04	3.10e-04
 5.73162e+15	3.75e-03	3.01e-01	6.95e-01	0.00e+00	0.00e+00	0.00e+00	0.00e+00	0.00e+00	0.00e+00	2.61e-03	7.76e-04	3.59e-04
 5.90007e+15	4.43e-03	3.29e-01	6.66e-01	0.00e+00	0.00e+00	0.00e+00	0.00e+00	0.00e+00	0.00e+00	3.08e-03	9.19e-04	4.26e-04
 6.08365e+15	5.34e-03	3.62e-01	6.33e-01	0.00e+00	0.00e+00	0.00e+00	0.00e+00	0.00e+00	0.00e+00	3.71e-03	1.11e-03	5.14e-04
 6.24715e+15	6.31e-03	3.93e-01	6.00e-01	0.00e+00	0.00e+00	0.00e+00	0.00e+00	0.00e+00	0.00e+00	4.39e-03	1.31e-03	6.09e-04
 6.39528e+15	7.36e-03	4.24e-01	5.69e-01	0.00e+00	0.00e+00	0.00e+00	0.00e+00	0.00e+00	0.00e+00	5.12e-03	1.53e-03	7.12e-04
 6.56321e+15	8.76e-03	4.61e-01	5.30e-01	0.00e+00	0.00e+00	0.00e+00	0.00e+00	0.00e+00	0.00e+00	6.08e-03	1.83e-03	8.49e-04
 6.74974e+15	1.06e-02	5.04e-01	4.86e-01	0.00e+00	0.00e+00	0.00e+00	0.00e+00	0.00e+00	0.00e+00	7.38e-03	2.23e-03	1.04e-03
 6.92265e+15	1.28e-02	5.45e-01	4.42e-01	0.00e+00	0.00e+00	0.00e+00	0.00e+00	0.00e+00	0.00e+00	8.89e-03	2.69e-03	1.25e-03
 7.08304e+15	1.53e-02	5.85e-01	4.00e-01	0.00e+00	0.00e+00	0.00e+00	0.00e+00	0.00e+00	0.00e+00	1.06e-02	3.21e-03	1.49e-03
 7.26496e+15	1.86e-02	6.30e-01	3.51e-01	0.00e+00	0.00e+00	0.00e+00	0.00e+00	0.00e+00	0.00e+00	1.28e-02	3.91e-03	1.82e-03
 7.46182e+15	2.31e-02	6.78e-01	2.99e-01	0.00e+00	0.00e+00	0.00e+00	0.00e+00	0.00e+00	0.00e+00	1.60e-02	4.89e-03	2.28e-03
 7.63212e+15	2.82e-02	7.18e-01	2.54e-01	0.00e+00	0.00e+00	0.00e+00	0.00e+00	0.00e+00	0.00e+00	1.95e-02	5.97e-03	2.79e-03
 7.77776e+15	3.35e-02	7.50e-01	2.16e-01	0.00e+00	0.00e+00	0.00e+00	0.00e+00	0.00e+00	0.00e+00	2.31e-02	7.12e-03	3.32e-03
 7.93733e+15	4.04e-02	7.81e-01	1.78e-01	0.00e+00	0.00e+00	0.00e+00	0.00e+00	0.00e+00	0.00e+00	2.78e-02	8.59e-03	4.01e-03
 8.11415e+15	5.03e-02	8.10e-01	1.39e-01	0.00e+00	0.00e+00	0.00e+00	0.00e+00	0.00e+00	0.00e+00	3.46e-02	1.07e-02	5.02e-03
 8.27135e+15	6.21e-02	8.30e-01	1.08e-01	0.00e+00	0.00e+00	0.00e+00	0.00e+00	0.00e+00	0.00e+00	4.27e-02	1.33e-02	6.21e-03
 8.40201e+15	7.48e-02	8.40e-01	8.49e-02	0.00e+00	0.00e+00	0.00e+00	0.00e+00	0.00e+00	0.00e+00	5.13e-02	1.60e-02	7.49e-03
 8.50986e+15	8.80e-02	8.44e-01	6.79e-02	0.00e+00	0.00e+00	0.00e+00	0.00e+00	0.00e+00	0.00e+00	6.04e-02	1.88e-02	8.81e-03
 8.59966e+15	1.01e-01	8.43e-01	5.54e-02	0.00e+00	0.00e+00	0.00e+00	0.00e+00	0.00e+00	0.00e+00	6.95e-02	2.16e-02	1.01e-02
 8.68260e+15	1.16e-01	8.39e-01	4.51e-02	0.00e+00	0.00e+00	0.00e+00	0.00e+00	0.00e+00	0.00e+00	7.94e-02	2.46e-02	1.16e-02
 8.76302e+15	1.32e-01	8.31e-01	3.64e-02	0.00e+00	0.00e+00	0.00e+00	0.00e+00	0.00e+00	0.00e+00	9.11e-02	2.81e-02	1.32e-02
 8.83851e+15	1.51e-01	8.19e-01	2.91e-02	0.00e+00	0.00e+00	0.00e+00	0.00e+00	0.00e+00	0.00e+00	1.04e-01	3.21e-02	1.51e-02
 8.90647e+15	1.72e-01	8.05e-01	2.34e-02	0.00e+00	0.00e+00	0.00e+00	0.00e+00	0.00e+00	0.00e+00	1.18e-01	3.63e-02	1.71e-02
 8.96746e+15	1.93e-01	7.88e-01	1.90e-02	0.00e+00	0.00e+00	0.00e+00	0.00e+00	0.00e+00	0.00e+00	1.33e-01	4.06e-02	1.92e-02
 9.02355e+15	2.16e-01	7.68e-01	1.54e-02	0.00e+00	0.00e+00	0.00e+00	0.00e+00	0.00e+00	0.00e+00	1.50e-01	4.52e-02	2.14e-02
 9.07599e+15	2.41e-01	7.47e-01	1.25e-02	0.00e+00	0.00e+00	0.00e+00	0.00e+00	0.00e+00	0.00e+00	1.67e-01	5.00e-02	2.38e-02
 9.12525e+15	2.66e-01	7.24e-01	1.01e-02	0.00e+00	0.00e+00	0.00e+00	0.00e+00	0.00e+00	0.00e+00	1.85e-01	5.48e-02	2.62e-02
 9.17234e+15	2.94e-01	6.98e-01	8.17e-03	0.00e+00	0.00e+00	0.00e+00	0.00e+00	0.00e+00	0.00e+00	2.05e-01	6.00e-02	2.88e-02
 9.21731e+15	3.23e-01	6.70e-01	6.58e-03	0.00e+00	0.00e+00	0.00e+00	0.00e+00	0.00e+00	0.00e+00	2.26e-01	6.53e-02	3.16e-02
 9.25929e+15	3.53e-01	6.42e-01	5.31e-03	0.00e+00	0.00e+00	0.00e+00	0.00e+00	0.00e+00	0.00e+00	2.48e-01	7.06e-02	3.43e-02
 9.29864e+15	3.83e-01	6.12e-01	4.30e-03	0.00e+00	0.00e+00	0.00e+00	0.00e+00	0.00e+00	0.00e+00	2.70e-01	7.57e-02	3.71e-02
 9.33630e+15	4.14e-01	5.83e-01	3.48e-03	0.00e+00	0.00e+00	0.00e+00	0.00e+00	0.00e+00	0.00e+00	2.93e-01	8.06e-02	3.98e-02
 9.37271e+15	4.45e-01	5.52e-01	2.81e-03	0.00e+00	0.00e+00	0.00e+00	0.00e+00	0.00e+00	0.00e+00	3.17e-01	8.54e-02	4.25e-02
 9.40675e+15	4.76e-01	5.22e-01	2.28e-03	0.00e+00	0.00e+00	0.00e+00	0.00e+00	0.00e+00	0.00e+00	3.41e-01	8.98e-02	4.52e-02
 9.43770e+15	5.04e-01	4.94e-01	1.88e-03	0.00e+00	0.00e+00	0.00e+00	0.00e+00	0.00e+00	0.00e+00	3.63e-01	9.36e-02	4.75e-02
 9.46552e+15	5.29e-01	4.69e-01	1.57e-03	0.00e+00	0.00e+00	0.00e+00	0.00e+00	0.00e+00	0.00e+00	3.83e-01	9.68e-02	4.95e-02
 9.49047e+15	5.52e-01	4.47e-01	1.34e-03	0.00e+00	0.00e+00	0.00e+00	0.00e+00	0.00e+00	0.00e+00	4.01e-01	9.95e-02	5.13e-02
 9.51396e+15	5.73e-01	4.26e-01	1.14e-03	0.00e+00	0.00e+00	0.00e+00	0.00e+00	0.00e+00	0.00e+00	4.18e-01	1.02e-01	5.29e-02
 9.53693e+15	5.94e-01	4.05e-01	9.76e-04	0.00e+00	0.00e+00	0.00e+00	0.00e+00	0.00e+00	0.00e+00	4.35e-01	1.04e-01	5.44e-02
 9.55538e+15	6.10e-01	3.89e-01	8.62e-04	0.00e+00	0.00e+00	0.00e+00	0.00e+00	0.00e+00	0.00e+00	4.49e-01	1.05e-01	5.56e-02
 9.56787e+15	6.20e-01	3.79e-01	7.92e-04	0.00e+00	0.00e+00	0.00e+00	0.00e+00	0.00e+00	0.00e+00	4.58e-01	1.06e-01	5.63e-02
 9.57971e+15	6.31e-01	3.68e-01	7.28e-04	0.00e+00	0.00e+00	0.00e+00	0.00e+00	0.00e+00	0.00e+00	4.67e-01	1.07e-01	5.70e-02
 9.59337e+15	6.42e-01	3.57e-01	6.61e-04	0.00e+00	0.00e+00	0.00e+00	0.00e+00	0.00e+00	0.00e+00	4.76e-01	1.08e-01	5.77e-02
 9.60839e+15	6.55e-01	3.45e-01	5.94e-04	0.00e+00	0.00e+00	0.00e+00	0.00e+00	0.00e+00	0.00e+00	4.87e-01	1.09e-01	5.85e-02
 9.62333e+15	6.67e-01	3.32e-01	5.33e-04	0.00e+00	0.00e+00	0.00e+00	0.00e+00	0.00e+00	0.00e+00	4.98e-01	1.09e-01	5.92e-02
 9.63717e+15	6.78e-01	3.21e-01	4.82e-04	0.00e+00	0.00e+00	0.00e+00	0.00e+00	0.00e+00	0.00e+00	5.08e-01	1.10e-01	5.99e-02
 9.65065e+15	6.89e-01	3.11e-01	4.37e-04	0.00e+00	0.00e+00	0.00e+00	0.00e+00	0.00e+00	0.00e+00	5.18e-01	1.11e-01	6.04e-02
 9.66468e+15	7.00e-01	3.00e-01	3.94e-04	0.00e+00	0.00e+00	0.00e+00	0.00e+00	0.00e+00	0.00e+00	5.28e-01	1.11e-01	6.10e-02
 9.67894e+15	7.11e-01	2.89e-01	3.55e-04	0.00e+00	0.00e+00	0.00e+00	0.00e+00	0.00e+00	0.00e+00	5.38e-01	1.11e-01	6.15e-02
 9.69312e+15	7.21e-01	2.78e-01	3.19e-04	0.00e+00	0.00e+00	0.00e+00	0.00e+00	0.00e+00	0.00e+00	5.48e-01	1.12e-01	6.20e-02
 9.70714e+15	7.31e-01	2.68e-01	2.87e-04	0.00e+00	0.00e+00	0.00e+00	0.00e+00	0.00e+00	0.00e+00	5.57e-01	1.12e-01	6.25e-02
 9.72120e+15	7.41e-01	2.58e-01	2.58e-04	0.00e+00	0.00e+00	0.00e+00	0.00e+00	0.00e+00	0.00e+00	5.66e-01	1.12e-01	6.29e-02
 9.73550e+15	7.51e-01	2.48e-01	2.31e-04	0.00e+00	0.00e+00	0.00e+00	0.00e+00	0.00e+00	0.00e+00	5.76e-01	1.12e-01	6.32e-02
 9.74961e+15	7.61e-01	2.39e-01	2.07e-04	0.00e+00	0.00e+00	0.00e+00	0.00e+00	0.00e+00	0.00e+00	5.85e-01	1.12e-01	6.35e-02
 9.76364e+15	7.70e-01	2.30e-01	1.86e-04	0.00e+00	0.00e+00	0.00e+00	0.00e+00	0.00e+00	0.00e+00	5.94e-01	1.12e-01	6.38e-02
 9.77794e+15	7.79e-01	2.21e-01	1.66e-04	0.00e+00	0.00e+00	0.00e+00	0.00e+00	0.00e+00	0.00e+00	6.03e-01	1.12e-01	6.40e-02
 9.79225e+15	7.87e-01	2.12e-01	1.49e-04	0.00e+00	0.00e+00	0.00e+00	0.00e+00	0.00e+00	0.00e+00	6.12e-01	1.11e-01	6.42e-02
 9.80659e+15	7.96e-01	2.04e-01	1.33e-04	0.00e+00	0.00e+00	0.00e+00	0.00e+00	0.00e+00	0.00e+00	6.21e-01	1.11e-01	6.43e-02
 9.82108e+15	8.04e-01	1.96e-01	1.18e-04	0.00e+00	0.00e+00	0.00e+00	0.00e+00	0.00e+00	0.00e+00	6.29e-01	1.11e-01	6.45e-02
 9.83537e+15	8.12e-01	1.88e-01	1.05e-04	0.00e+00	0.00e+00	0.00e+00	0.00e+00	0.00e+00	0.00e+00	6.38e-01	1.10e-01	6.45e-02
 9.84963e+15	8.20e-01	1.80e-01	9.41e-05	0.00e+00	0.00e+00	0.00e+00	0.00e+00	0.00e+00	0.00e+00	6.46e-01	1.10e-01	6.46e-02
 9.86420e+15	8.27e-01	1.72e-01	8.36e-05	0.00e+00	0.00e+00	0.00e+00	0.00e+00	0.00e+00	0.00e+00	6.54e-01	1.09e-01	6.45e-02
 9.87879e+15	8.34e-01	1.65e-01	7.44e-05	0.00e+00	0.00e+00	0.00e+00	0.00e+00	0.00e+00	0.00e+00	6.61e-01	1.08e-01	6.45e-02
 9.89335e+15	8.41e-01	1.58e-01	6.60e-05	0.00e+00	0.00e+00	0.00e+00	0.00e+00	0.00e+00	0.00e+00	6.69e-01	1.08e-01	6.44e-02
 9.90805e+15	8.48e-01	1.52e-01	5.85e-05	0.00e+00	0.00e+00	0.00e+00	0.00e+00	0.00e+00	0.00e+00	6.77e-01	1.07e-01	6.43e-02
 9.92262e+15	8.55e-01	1.45e-01	5.19e-05	0.00e+00	0.00e+00	0.00e+00	0.00e+00	0.00e+00	0.00e+00	6.84e-01	1.06e-01	6.42e-02
 9.93719e+15	8.61e-01	1.39e-01	4.61e-05	0.00e+00	0.00e+00	0.00e+00	0.00e+00	0.00e+00	0.00e+00	6.91e-01	1.06e-01	6.41e-02
 9.95194e+15	8.67e-01	1.33e-01	4.07e-05	0.00e+00	0.00e+00	0.00e+00	0.00e+00	0.00e+00	0.00e+00	6.98e-01	1.05e-01	6.39e-02
 9.96673e+15	8.73e-01	1.27e-01	3.60e-05	0.00e+00	0.00e+00	0.00e+00	0.00e+00	0.00e+00	0.00e+00	7.05e-01	1.04e-01	6.37e-02
 9.98135e+15	8.78e-01	1.22e-01	3.19e-05	0.00e+00	0.00e+00	0.00e+00	0.00e+00	0.00e+00	0.00e+00	7.11e-01	1.03e-01	6.35e-02
 9.99574e+15	8.83e-01	1.17e-01	2.83e-05	0.00e+00	0.00e+00	0.00e+00	0.00e+00	0.00e+00	0.00e+00	7.18e-01	1.03e-01	6.32e-02
 1.00100e+16	8.88e-01	1.12e-01	2.51e-05	0.00e+00	0.00e+00	0.00e+00	0.00e+00	0.00e+00	0.00e+00	7.23e-01	1.02e-01	6.30e-02
 1.00243e+16	8.93e-01	1.07e-01	2.23e-05	0.00e+00	0.00e+00	0.00e+00	0.00e+00	0.00e+00	0.00e+00	7.29e-01	1.01e-01	6.27e-02
 1.00384e+16	8.98e-01	1.02e-01	1.98e-05	0.00e+00	0.00e+00	0.00e+00	0.00e+00	0.00e+00	0.00e+00	7.35e-01	1.00e-01	6.24e-02
 1.00525e+16	9.02e-01	9.82e-02	1.75e-05	0.00e+00	0.00e+00	0.00e+00	0.00e+00	0.00e+00	0.00e+00	7.40e-01	9.95e-02	6.22e-02
 1.00667e+16	9.06e-01	9.40e-02	1.56e-05	0.00e+00	0.00e+00	0.00e+00	0.00e+00	0.00e+00	0.00e+00	7.45e-01	9.86e-02	6.19e-02
 1.00806e+16	9.10e-01	9.00e-02	1.38e-05	0.00e+00	0.00e+00	0.00e+00	0.00e+00	0.00e+00	0.00e+00	7.50e-01	9.79e-02	6.16e-02
 1.00944e+16	9.14e-01	8.63e-02	1.23e-05	0.00e+00	0.00e+00	0.00e+00	0.00e+00	0.00e+00	0.00e+00	7.55e-01	9.71e-02	6.13e-02
 1.01083e+16	9.17e-01	8.28e-02	1.09e-05	0.00e+00	0.00e+00	0.00e+00	0.00e+00	0.00e+00	0.00e+00	7.60e-01	9.64e-02	6.10e-02
 1.01221e+16	9.21e-01	7.94e-02	9.71e-06	0.00e+00	0.00e+00	0.00e+00	0.00e+00	0.00e+00	0.00e+00	7.64e-01	9.56e-02	6.07e-02
 1.01357e+16	9.24e-01	7.61e-02	8.64e-06	0.00e+00	0.00e+00	0.00e+00	0.00e+00	0.00e+00	0.00e+00	7.69e-01	9.49e-02	6.03e-02
 1.01493e+16	9.27e-01	7.31e-02	7.70e-06	0.00e+00	0.00e+00	0.00e+00	0.00e+00	0.00e+00	0.00e+00	7.73e-01	9.42e-02	6.00e-02
 1.01628e+16	9.30e-01	7.00e-02	6.85e-06	0.00e+00	0.00e+00	0.00e+00	0.00e+00	0.00e+00	0.00e+00	7.77e-01	9.34e-02	5.97e-02
 1.01763e+16	9.33e-01	6.71e-02	6.10e-06	0.00e+00	0.00e+00	0.00e+00	0.00e+00	0.00e+00	0.00e+00	7.81e-01	9.27e-02	5.93e-02
 1.01898e+16	9.36e-01	6.45e-02	5.43e-06	0.00e+00	0.00e+00	0.00e+00	0.00e+00	0.00e+00	0.00e+00	7.85e-01	9.20e-02	5.90e-02
 1.02032e+16	9.38e-01	6.18e-02	4.84e-06	0.00e+00	0.00e+00	0.00e+00	0.00e+00	0.00e+00	0.00e+00	7.88e-01	9.13e-02	5.86e-02
 1.02164e+16	9.41e-01	5.93e-02	4.32e-06	0.00e+00	0.00e+00	0.00e+00	0.00e+00	0.00e+00	0.00e+00	7.92e-01	9.06e-02	5.82e-02
 1.02296e+16	9.43e-01	5.69e-02	3.85e-06	0.00e+00	0.00e+00	0.00e+00	0.00e+00	0.00e+00	0.00e+00	7.95e-01	9.00e-02	5.79e-02
 1.02430e+16	9.45e-01	5.46e-02	3.43e-06	0.00e+00	0.00e+00	0.00e+00	0.00e+00	0.00e+00	0.00e+00	7.99e-01	8.93e-02	5.75e-02
 1.02562e+16	9.48e-01	5.24e-02	3.06e-06	0.00e+00	0.00e+00	0.00e+00	0.00e+00	0.00e+00	0.00e+00	8.02e-01	8.87e-02	5.72e-02
 1.02692e+16	9.50e-01	5.04e-02	2.74e-06	0.00e+00	0.00e+00	0.00e+00	0.00e+00	0.00e+00	0.00e+00	8.05e-01	8.81e-02	5.69e-02
 1.02822e+16	9.52e-01	4.84e-02	2.45e-06	0.00e+00	0.00e+00	0.00e+00	0.00e+00	0.00e+00	0.00e+00	8.08e-01	8.75e-02	5.66e-02
 1.02953e+16	9.54e-01	4.64e-02	2.18e-06	0.00e+00	0.00e+00	0.00e+00	0.00e+00	0.00e+00	0.00e+00	8.10e-01	8.69e-02	5.62e-02
 1.03083e+16	9.55e-01	4.46e-02	1.95e-06	0.00e+00	0.00e+00	0.00e+00	0.00e+00	0.00e+00	0.00e+00	8.13e-01	8.63e-02	5.59e-02
 1.03210e+16	9.57e-01	4.28e-02	1.75e-06	0.00e+00	0.00e+00	0.00e+00	0.00e+00	0.00e+00	0.00e+00	8.16e-01	8.58e-02	5.56e-02
 1.03338e+16	9.59e-01	4.11e-02	1.57e-06	0.00e+00	0.00e+00	0.00e+00	0.00e+00	0.00e+00	0.00e+00	8.18e-01	8.52e-02	5.53e-02
 1.03467e+16	9.61e-01	3.95e-02	1.40e-06	0.00e+00	0.00e+00	0.00e+00	0.00e+00	0.00e+00	0.00e+00	8.21e-01	8.47e-02	5.50e-02
 1.03596e+16	9.62e-01	3.79e-02	1.25e-06	0.00e+00	0.00e+00	0.00e+00	0.00e+00	0.00e+00	0.00e+00	8.23e-01	8.42e-02	5.47e-02
 1.03723e+16	9.64e-01	3.65e-02	1.12e-06	0.00e+00	0.00e+00	0.00e+00	0.00e+00	0.00e+00	0.00e+00	8.25e-01	8.37e-02	5.44e-02
 1.03848e+16	9.65e-01	3.50e-02	1.01e-06	0.00e+00	0.00e+00	0.00e+00	0.00e+00	0.00e+00	0.00e+00	8.28e-01	8.32e-02	5.41e-02
 1.03972e+16	9.66e-01	3.36e-02	9.05e-07	0.00e+00	0.00e+00	0.00e+00	0.00e+00	0.00e+00	0.00e+00	8.30e-01	8.27e-02	5.38e-02
 1.04098e+16	9.68e-01	3.23e-02	8.12e-07	0.00e+00	0.00e+00	0.00e+00	0.00e+00	0.00e+00	0.00e+00	8.32e-01	8.22e-02	5.36e-02
 1.04225e+16	9.69e-01	3.10e-02	7.27e-07	0.00e+00	0.00e+00	0.00e+00	0.00e+00	0.00e+00	0.00e+00	8.34e-01	8.18e-02	5.33e-02
 1.04350e+16	9.70e-01	2.98e-02	6.54e-07	0.00e+00	0.00e+00	0.00e+00	0.00e+00	0.00e+00	0.00e+00	8.36e-01	8.13e-02	5.30e-02
 1.04470e+16	9.71e-01	2.87e-02	5.90e-07	0.00e+00	0.00e+00	0.00e+00	0.00e+00	0.00e+00	0.00e+00	8.38e-01	8.09e-02	5.28e-02
 1.04591e+16	9.72e-01	2.75e-02	5.31e-07	0.00e+00	0.00e+00	0.00e+00	0.00e+00	0.00e+00	0.00e+00	8.39e-01	8.05e-02	5.25e-02
 1.04716e+16	9.74e-01	2.64e-02	4.77e-07	0.00e+00	0.00e+00	0.00e+00	0.00e+00	0.00e+00	0.00e+00	8.41e-01	8.01e-02	5.23e-02
 1.04840e+16	9.75e-01	2.53e-02	4.28e-07	0.00e+00	0.00e+00	0.00e+00	0.00e+00	0.00e+00	0.00e+00	8.43e-01	7.97e-02	5.20e-02
 1.04960e+16	9.76e-01	2.43e-02	3.86e-07	0.00e+00	0.00e+00	0.00e+00	0.00e+00	0.00e+00	0.00e+00	8.45e-01	7.93e-02	5.18e-02
 1.05078e+16	9.77e-01	2.34e-02	3.49e-07	0.00e+00	0.00e+00	0.00e+00	0.00e+00	0.00e+00	0.00e+00	8.46e-01	7.89e-02	5.15e-02
 1.05195e+16	9.78e-01	2.25e-02	3.16e-07	0.00e+00	0.00e+00	0.00e+00	0.00e+00	0.00e+00	0.00e+00	8.48e-01	7.85e-02	5.13e-02
 1.05312e+16	9.78e-01	2.16e-02	2.85e-07	0.00e+00	0.00e+00	0.00e+00	0.00e+00	0.00e+00	0.00e+00	8.49e-01	7.82e-02	5.10e-02
 1.05424e+16	9.79e-01	2.07e-02	2.60e-07	0.00e+00	0.00e+00	0.00e+00	0.00e+00	0.00e+00	0.00e+00	8.51e-01	7.78e-02	5.08e-02
 1.05524e+16	9.80e-01	2.00e-02	2.39e-07	0.00e+00	0.00e+00	0.00e+00	0.00e+00	0.00e+00	0.00e+00	8.52e-01	7.75e-02	5.06e-02
 1.05615e+16	9.81e-01	1.94e-02	2.21e-07	0.00e+00	0.00e+00	0.00e+00	0.00e+00	0.00e+00	0.00e+00	8.53e-01	7.72e-02	5.04e-02
 1.05699e+16	9.81e-01	1.89e-02	2.06e-07	0.00e+00	0.00e+00	0.00e+00	0.00e+00	0.00e+00	0.00e+00	8.54e-01	7.70e-02	5.03e-02
 1.05779e+16	9.82e-01	1.83e-02	1.93e-07	0.00e+00	0.00e+00	0.00e+00	0.00e+00	0.00e+00	0.00e+00	8.55e-01	7.67e-02	5.01e-02
 1.05852e+16	9.82e-01	1.78e-02	1.82e-07	0.00e+00	0.00e+00	0.00e+00	0.00e+00	0.00e+00	0.00e+00	8.56e-01	7.65e-02	4.99e-02
 1.05918e+16	9.83e-01	1.74e-02	1.72e-07	0.00e+00	0.00e+00	0.00e+00	0.00e+00	0.00e+00	0.00e+00	8.57e-01	7.63e-02	4.98e-02
 1.05980e+16	9.83e-01	1.70e-02	1.63e-07	0.00e+00	0.00e+00	0.00e+00	0.00e+00	0.00e+00	0.00e+00	8.57e-01	7.61e-02	4.96e-02
 1.06040e+16	9.83e-01	1.66e-02	1.55e-07	0.00e+00	0.00e+00	0.00e+00	0.00e+00	0.00e+00	0.00e+00	8.58e-01	7.59e-02	4.95e-02
 1.06096e+16	9.84e-01	1.63e-02	1.48e-07	0.00e+00	0.00e+00	0.00e+00	0.00e+00	0.00e+00	0.00e+00	8.59e-01	7.57e-02	4.94e-02
 1.06149e+16	9.84e-01	1.60e-02	1.42e-07	0.00e+00	0.00e+00	0.00e+00	0.00e+00	0.00e+00	0.00e+00	8.59e-01	7.55e-02	4.92e-02
 1.06198e+16	9.84e-01	1.57e-02	1.36e-07	0.00e+00	0.00e+00	0.00e+00	0.00e+00	0.00e+00	0.00e+00	8.60e-01	7.53e-02	4.91e-02
 1.06245e+16	9.85e-01	1.54e-02	1.31e-07	0.00e+00	0.00e+00	0.00e+00	0.00e+00	0.00e+00	0.00e+00	8.61e-01	7.51e-02	4.90e-02
 1.06289e+16	9.85e-01	1.51e-02	1.26e-07	0.00e+00	0.00e+00	0.00e+00	0.00e+00	0.00e+00	0.00e+00	8.61e-01	7.50e-02	4.89e-02
 1.06332e+16	9.85e-01	1.48e-02	1.22e-07	0.00e+00	0.00e+00	0.00e+00	0.00e+00	0.00e+00	0.00e+00	8.62e-01	7.48e-02	4.88e-02
 1.06372e+16	9.85e-01	1.46e-02	1.18e-07	0.00e+00	0.00e+00	0.00e+00	0.00e+00	0.00e+00	0.00e+00	8.62e-01	7.46e-02	4.86e-02
 1.06411e+16	9.86e-01	1.43e-02	1.14e-07	0.00e+00	0.00e+00	0.00e+00	0.00e+00	0.00e+00	0.00e+00	8.63e-01	7.45e-02	4.85e-02
 1.06448e+16	9.86e-01	1.41e-02	1.10e-07	0.00e+00	0.00e+00	0.00e+00	0.00e+00	0.00e+00	0.00e+00	8.63e-01	7.43e-02	4.84e-02
 1.06484e+16	9.86e-01	1.38e-02	1.07e-07	0.00e+00	0.00e+00	0.00e+00	0.00e+00	0.00e+00	0.00e+00	8.64e-01	7.42e-02	4.83e-02
 1.06519e+16	9.86e-01	1.36e-02	1.04e-07	0.00e+00	0.00e+00	0.00e+00	0.00e+00	0.00e+00	0.00e+00	8.64e-01	7.40e-02	4.82e-02
 1.06553e+16	9.87e-01	1.34e-02	1.01e-07	0.00e+00	0.00e+00	0.00e+00	0.00e+00	0.00e+00	0.00e+00	8.65e-01	7.38e-02	4.81e-02
 1.06585e+16	9.87e-01	1.32e-02	9.82e-08	0.00e+00	0.00e+00	0.00e+00	0.00e+00	0.00e+00	0.00e+00	8.65e-01	7.37e-02	4.80e-02
 1.06618e+16	9.87e-01	1.29e-02	9.54e-08	0.00e+00	0.00e+00	0.00e+00	0.00e+00	0.00e+00	0.00e+00	8.66e-01	7.35e-02	4.78e-02
 1.06653e+16	9.87e-01	1.27e-02	9.25e-08	0.00e+00	0.00e+00	0.00e+00	0.00e+00	0.00e+00	0.00e+00	8.66e-01	7.33e-02	4.77e-02
 1.06687e+16	9.88e-01	1.25e-02	8.97e-08	0.00e+00	0.00e+00	0.00e+00	0.00e+00	0.00e+00	0.00e+00	8.67e-01	7.32e-02	4.76e-02
 1.06722e+16	9.88e-01	1.22e-02	8.69e-08	0.00e+00	0.00e+00	0.00e+00	0.00e+00	0.00e+00	0.00e+00	8.67e-01	7.30e-02	4.74e-02
 1.06759e+16	9.88e-01	1.19e-02	8.40e-08	0.00e+00	0.00e+00	0.00e+00	0.00e+00	0.00e+00	0.00e+00	8.68e-01	7.27e-02	4.72e-02
 1.06799e+16	9.88e-01	1.17e-02	8.10e-08	0.00e+00	0.00e+00	0.00e+00	0.00e+00	0.00e+00	0.00e+00	8.69e-01	7.25e-02	4.70e-02
 1.06839e+16	9.89e-01	1.13e-02	7.80e-08	0.00e+00	0.00e+00	0.00e+00	0.00e+00	0.00e+00	0.00e+00	8.70e-01	7.22e-02	4.68e-02
 1.06875e+16	9.89e-01	1.11e-02	7.53e-08	0.00e+00	0.00e+00	0.00e+00	0.00e+00	0.00e+00	0.00e+00	8.70e-01	7.20e-02	4.66e-02
 1.06907e+16	9.89e-01	1.08e-02	7.30e-08	0.00e+00	0.00e+00	0.00e+00	0.00e+00	0.00e+00	0.00e+00	8.71e-01	7.17e-02	4.64e-02
 1.06937e+16	9.89e-01	1.06e-02	7.08e-08	0.00e+00	0.00e+00	0.00e+00	0.00e+00	0.00e+00	0.00e+00	8.72e-01	7.15e-02	4.63e-02
 1.06966e+16	9.90e-01	1.03e-02	6.88e-08	0.00e+00	0.00e+00	0.00e+00	0.00e+00	0.00e+00	0.00e+00	8.72e-01	7.12e-02	4.61e-02
 1.06991e+16	9.90e-01	1.01e-02	6.70e-08	0.00e+00	0.00e+00	0.00e+00	0.00e+00	0.00e+00	0.00e+00	8.73e-01	7.10e-02	4.59e-02
 1.07015e+16	9.90e-01	9.94e-03	6.54e-08	0.00e+00	0.00e+00	0.00e+00	0.00e+00	0.00e+00	0.00e+00	8.74e-01	7.08e-02	4.57e-02
 1.07037e+16	9.90e-01	9.77e-03	6.39e-08	0.00e+00	0.00e+00	0.00e+00	0.00e+00	0.00e+00	0.00e+00	8.74e-01	7.06e-02	4.56e-02
 1.07056e+16	9.90e-01	9.61e-03	6.26e-08	0.00e+00	0.00e+00	0.00e+00	0.00e+00	0.00e+00	0.00e+00	8.75e-01	7.04e-02	4.54e-02
 1.07074e+16	9.91e-01	9.47e-03	6.13e-08	0.00e+00	0.00e+00	0.00e+00	0.00e+00	0.00e+00	0.00e+00	8.75e-01	7.03e-02	4.53e-02
 1.07090e+16	9.91e-01	9.34e-03	6.02e-08	0.00e+00	0.00e+00	0.00e+00	0.00e+00	0.00e+00	0.00e+00	8.75e-01	7.01e-02	4.52e-02
 1.07108e+16	9.91e-01	9.21e-03	5.90e-08	0.00e+00	0.00e+00	0.00e+00	0.00e+00	0.00e+00	0.00e+00	8.76e-01	6.99e-02	4.50e-02
 1.07127e+16	9.91e-01	9.06e-03	5.78e-08	0.00e+00	0.00e+00	0.00e+00	0.00e+00	0.00e+00	0.00e+00	8.76e-01	6.96e-02	4.49e-02
 1.07144e+16	9.91e-01	8.93e-03	5.66e-08	0.00e+00	0.00e+00	0.00e+00	0.00e+00	0.00e+00	0.00e+00	8.77e-01	6.94e-02	4.47e-02
 1.07160e+16	9.91e-01	8.81e-03	5.56e-08	0.00e+00	0.00e+00	0.00e+00	0.00e+00	0.00e+00	0.00e+00	8.77e-01	6.92e-02	4.46e-02
 1.07177e+16	9.91e-01	8.68e-03	5.44e-08	0.00e+00	0.00e+00	0.00e+00	0.00e+00	0.00e+00	0.00e+00	8.78e-01	6.90e-02	4.44e-02
 1.07196e+16	9.91e-01	8.54e-03	5.32e-08	0.00e+00	0.00e+00	0.00e+00	0.00e+00	0.00e+00	0.00e+00	8.78e-01	6.88e-02	4.43e-02
 1.07213e+16	9.92e-01	8.42e-03	5.21e-08	0.00e+00	0.00e+00	0.00e+00	0.00e+00	0.00e+00	0.00e+00	8.79e-01	6.86e-02	4.41e-02
 1.07229e+16	9.92e-01	8.30e-03	5.11e-08	0.00e+00	0.00e+00	0.00e+00	0.00e+00	0.00e+00	0.00e+00	8.79e-01	6.84e-02	4.40e-02
 1.07246e+16	9.92e-01	8.17e-03	5.00e-08	0.00e+00	0.00e+00	0.00e+00	0.00e+00	0.00e+00	0.00e+00	8.80e-01	6.82e-02	4.38e-02
 1.07264e+16	9.92e-01	8.04e-03	4.88e-08	0.00e+00	0.00e+00	0.00e+00	0.00e+00	0.00e+00	0.00e+00	8.80e-01	6.80e-02	4.37e-02
 1.07281e+16	9.92e-01	7.94e-03	4.79e-08	0.00e+00	0.00e+00	0.00e+00	0.00e+00	0.00e+00	0.00e+00	8.81e-01	6.78e-02	4.35e-02
 1.07299e+16	9.92e-01	7.83e-03	4.68e-08	0.00e+00	0.00e+00	0.00e+00	0.00e+00	0.00e+00	0.00e+00	8.81e-01	6.76e-02	4.34e-02
 1.07323e+16	9.92e-01	7.69e-03	4.54e-08	0.00e+00	0.00e+00	0.00e+00	0.00e+00	0.00e+00	0.00e+00	8.82e-01	6.74e-02	4.32e-02
 1.07349e+16	9.92e-01	7.53e-03	4.40e-08	0.00e+00	0.00e+00	0.00e+00	0.00e+00	0.00e+00	0.00e+00	8.82e-01	6.71e-02	4.30e-02
 1.07372e+16	9.93e-01	7.39e-03	4.26e-08	0.00e+00	0.00e+00	0.00e+00	0.00e+00	0.00e+00	0.00e+00	8.83e-01	6.69e-02	4.28e-02
 1.07393e+16	9.93e-01	7.24e-03	4.14e-08	0.00e+00	0.00e+00	0.00e+00	0.00e+00	0.00e+00	0.00e+00	8.83e-01	6.66e-02	4.27e-02
