#depth	H	H+	H2
 2.15093e+11	1.27e-03	9.99e-01	1.83e-12
 1.29056e+12	1.26e-03	9.99e-01	1.83e-12
 5.59243e+12	1.26e-03	9.99e-01	1.84e-12
 2.27999e+13	1.27e-03	9.99e-01	1.86e-12
 5.44617e+13	1.26e-03	9.99e-01	1.90e-12
 9.56220e+13	1.26e-03	9.99e-01	1.95e-12
 1.49130e+14	1.27e-03	9.99e-01	2.03e-12
 2.18691e+14	1.29e-03	9.99e-01	2.16e-12
 3.09120e+14	1.32e-03	9.99e-01	2.35e-12
 4.26678e+14	1.37e-03	9.99e-01	2.63e-12
 5.79504e+14	1.45e-03	9.99e-01	3.06e-12
 7.78176e+14	1.57e-03	9.98e-01	3.73e-12
 1.03645e+15	1.75e-03	9.98e-01	4.85e-12
 1.32602e+15	1.98e-03	9.98e-01	6.43e-12
 1.60686e+15	2.23e-03	9.98e-01	8.39e-12
 1.82068e+15	2.41e-03	9.98e-01	1.02e-11
 1.96249e+15	2.56e-03	9.97e-01	1.15e-11
 2.11254e+15	2.75e-03	9.97e-01	1.32e-11
 2.30761e+15	3.01e-03	9.97e-01	1.56e-11
 2.50133e+15	3.25e-03	9.97e-01	1.83e-11
 2.65602e+15	3.47e-03	9.97e-01	2.05e-11
 2.81982e+15	3.73e-03	9.96e-01	2.33e-11
 2.99880e+15	4.01e-03	9.96e-01	2.65e-11
 3.16352e+15	4.28e-03	9.96e-01	2.96e-11
 3.34366e+15	4.60e-03	9.95e-01	3.31e-11
 3.53455e+15	4.95e-03	9.95e-01	3.72e-11
 3.70148e+15	5.28e-03	9.95e-01	4.09e-11
 3.88058e+15	5.66e-03	9.94e-01	4.48e-11
 4.07109e+15	6.07e-03	9.94e-01	4.93e-11
 4.23711e+15	6.46e-03	9.94e-01	5.35e-11
 4.39003e+15	6.83e-03	9.93e-01	5.72e-11
 4.56523e+15	7.29e-03	9.93e-01	6.10e-11
 4.75267e+15	7.81e-03	9.92e-01	6.59e-11
 4.91660e+15	8.30e-03	9.92e-01	7.04e-11
 5.06642e+15	8.77e-03	9.91e-01	7.43e-11
 5.23730e+15	9.36e-03	9.91e-01	7.79e-11
 5.42137e+15	1.00e-02	9.90e-01	8.29e-11
 5.58362e+15	1.07e-02	9.89e-01	8.77e-11
 5.73162e+15	1.14e-02	9.89e-01	9.20e-11
 5.90007e+15	1.22e-02	9.88e-01	9.53e-11
 6.08365e+15	1.32e-02	9.87e-01	1.01e-10
 6.24715e+15	1.42e-02	9.86e-01	1.07e-10
 6.39528e+15	1.52e-02	9.85e-01	1.12e-10
 6.56321e+15	1.65e-02	9.84e-01	1.16e-10
 6.74974e+15	1.81e-02	9.82e-01	1.23e-10
 6.92265e+15	2.00e-02	9.80e-01	1.30e-10
 7.08304e+15	2.19e-02	9.78e-01	1.38e-10
 7.26496e+15	2.45e-02	9.76e-01	1.43e-10
 7.46182e+15	2.80e-02	9.72e-01	1.53e-10
 7.63212e+15	3.19e-02	9.68e-01	1.66e-10
 7.77776e+15	3.60e-02	9.64e-01	1.77e-10
 7.93733e+15	4.12e-02	9.59e-01	1.84e-10
 8.11415e+15	4.88e-02	9.51e-01	1.99e-10
 8.27135e+15	5.81e-02	9.42e-01	2.19e-10
 8.40201e+15	6.81e-02	9.32e-01	2.38e-10
 8.50986e+15	7.86e-02	9.21e-01	2.59e-10
 8.59966e+15	8.92e-02	9.11e-01	2.78e-10
 8.68260e+15	1.01e-01	8.99e-01	2.96e-10
 8.76302e+15	1.15e-01	8.85e-01	3.18e-10
 8.83851e+15	1.31e-01	8.69e-01	3.43e-10
 8.90647e+15	1.48e-01	8.52e-01	3.71e-10
 8.96746e+15	1.66e-01	8.34e-01	4.00e-10
 9.02355e+15	1.86e-01	8.14e-01	4.32e-10
 9.07599e+15	2.07e-01	7.93e-01	4.67e-10
 9.12525e+15	2.29e-01	7.71e-01	5.02e-10
 9.17234e+15	2.54e-01	7.46e-01	5.42e-10
 9.21731e+15	2.80e-01	7.20e-01	5.87e-10
 9.25929e+15	3.08e-01	6.92e-01	6.35e-10
 9.29864e+15	3.36e-01	6.64e-01	6.85e-10
 9.33630e+15	3.64e-01	6.36e-01	7.36e-10
 9.37271e+15	3.94e-01	6.06e-01	7.95e-10
 9.40675e+15	4.24e-01	5.76e-01	8.56e-10
 9.43770e+15	4.51e-01	5.49e-01	9.13e-10
 9.46552e+15	4.76e-01	5.24e-01	9.68e-10
 9.49047e+15	4.99e-01	5.01e-01	1.02e-09
 9.51396e+15	5.20e-01	4.80e-01	1.07e-09
 9.53693e+15	5.41e-01	4.59e-01	1.12e-09
 9.55538e+15	5.58e-01	4.42e-01	1.17e-09
 9.56787e+15	5.68e-01	4.32e-01	1.19e-09
 9.57971e+15	5.79e-01	4.21e-01	1.22e-09
 9.59337e+15	5.91e-01	4.09e-01	1.25e-09
 9.60839e+15	6.04e-01	3.96e-01	1.29e-09
 9.62333e+15	6.17e-01	3.83e-01	1.33e-09
 9.63717e+15	6.29e-01	3.71e-01	1.36e-09
 9.65065e+15	6.40e-01	3.60e-01	1.39e-09
 9.66468e+15	6.52e-01	3.48e-01	1.43e-09
 9.67894e+15	6.64e-01	3.36e-01	1.47e-09
 9.69312e+15	6.76e-01	3.24e-01	1.51e-09
 9.70714e+15	6.86e-01	3.14e-01	1.54e-09
 9.72120e+15	6.97e-01	3.03e-01	1.59e-09
 9.73550e+15	7.08e-01	2.92e-01	1.63e-09
 9.74961e+15	7.19e-01	2.81e-01	1.67e-09
 9.76364e+15	7.29e-01	2.71e-01	1.71e-09
 9.77794e+15	7.39e-01	2.61e-01	1.75e-09
 9.79225e+15	7.48e-01	2.52e-01	1.79e-09
 9.80659e+15	7.58e-01	2.42e-01	1.84e-09
 9.82108e+15	7.67e-01	2.33e-01	1.89e-09
 9.83537e+15	7.76e-01	2.24e-01	1.93e-09
 9.84963e+15	7.85e-01	2.15e-01	1.98e-09
 9.86420e+15	7.94e-01	2.06e-01	2.03e-09
 9.87879e+15	8.02e-01	1.98e-01	2.08e-09
 9.89335e+15	8.10e-01	1.90e-01	2.13e-09
 9.90805e+15	8.18e-01	1.82e-01	2.19e-09
 9.92262e+15	8.25e-01	1.75e-01	2.25e-09
 9.93719e+15	8.32e-01	1.68e-01	2.31e-09
 9.95194e+15	8.39e-01	1.61e-01	2.37e-09
 9.96673e+15	8.46e-01	1.54e-01	2.43e-09
 9.98135e+15	8.52e-01	1.48e-01	2.49e-09
 9.99574e+15	8.58e-01	1.42e-01	2.56e-09
 1.00100e+16	8.64e-01	1.36e-01	2.62e-09
 1.00243e+16	8.70e-01	1.30e-01	2.70e-09
 1.00384e+16	8.75e-01	1.25e-01	2.78e-09
 1.00525e+16	8.80e-01	1.20e-01	2.84e-09
 1.00667e+16	8.85e-01	1.15e-01	2.93e-09
 1.00806e+16	8.90e-01	1.10e-01	3.02e-09
 1.00944e+16	8.94e-01	1.06e-01	3.11e-09
 1.01083e+16	8.98e-01	1.02e-01	3.18e-09
 1.01221e+16	9.03e-01	9.74e-02	3.28e-09
 1.01357e+16	9.06e-01	9.35e-02	3.38e-09
 1.01493e+16	9.10e-01	8.98e-02	3.48e-09
 1.01628e+16	9.14e-01	8.62e-02	3.61e-09
 1.01763e+16	9.17e-01	8.27e-02	3.74e-09
 1.01898e+16	9.21e-01	7.94e-02	3.84e-09
 1.02032e+16	9.24e-01	7.63e-02	3.99e-09
 1.02164e+16	9.27e-01	7.32e-02	4.14e-09
 1.02296e+16	9.30e-01	7.04e-02	4.28e-09
 1.02430e+16	9.32e-01	6.76e-02	4.45e-09
 1.02562e+16	9.35e-01	6.49e-02	4.62e-09
 1.02692e+16	9.38e-01	6.24e-02	4.80e-09
 1.02822e+16	9.40e-01	6.00e-02	4.99e-09
 1.02953e+16	9.42e-01	5.76e-02	5.20e-09
 1.03083e+16	9.45e-01	5.54e-02	5.45e-09
 1.03210e+16	9.47e-01	5.32e-02	5.70e-09
 1.03338e+16	9.49e-01	5.12e-02	5.97e-09
 1.03467e+16	9.51e-01	4.91e-02	6.27e-09
 1.03596e+16	9.53e-01	4.72e-02	6.59e-09
 1.03723e+16	9.55e-01	4.54e-02	6.94e-09
 1.03848e+16	9.56e-01	4.37e-02	7.36e-09
 1.03972e+16	9.58e-01	4.20e-02	7.81e-09
 1.04098e+16	9.60e-01	4.03e-02	8.29e-09
 1.04225e+16	9.61e-01	3.87e-02	8.89e-09
 1.04350e+16	9.63e-01	3.73e-02	9.48e-09
 1.04470e+16	9.64e-01	3.59e-02	1.01e-08
 1.04591e+16	9.66e-01	3.45e-02	1.09e-08
 1.04716e+16	9.67e-01	3.31e-02	1.19e-08
 1.04840e+16	9.68e-01	3.18e-02	1.30e-08
 1.04960e+16	9.69e-01	3.06e-02	1.43e-08
 1.05078e+16	9.71e-01	2.94e-02	1.57e-08
 1.05195e+16	9.72e-01	2.83e-02	1.75e-08
 1.05312e+16	9.73e-01	2.72e-02	1.97e-08
 1.05424e+16	9.74e-01	2.61e-02	2.22e-08
 1.05524e+16	9.75e-01	2.53e-02	2.49e-08
 1.05615e+16	9.75e-01	2.45e-02	2.78e-08
 1.05699e+16	9.76e-01	2.38e-02	3.11e-08
 1.05779e+16	9.77e-01	2.32e-02	3.50e-08
 1.05852e+16	9.77e-01	2.26e-02	3.93e-08
 1.05918e+16	9.78e-01	2.21e-02	4.39e-08
 1.05980e+16	9.78e-01	2.16e-02	4.90e-08
 1.06040e+16	9.79e-01	2.11e-02	5.49e-08
 1.06096e+16	9.79e-01	2.07e-02	6.14e-08
 1.06149e+16	9.80e-01	2.03e-02	6.87e-08
 1.06198e+16	9.80e-01	1.99e-02	7.68e-08
 1.06245e+16	9.80e-01	1.95e-02	8.58e-08
 1.06289e+16	9.81e-01	1.92e-02	9.59e-08
 1.06332e+16	9.81e-01	1.89e-02	1.07e-07
 1.06372e+16	9.81e-01	1.86e-02	1.20e-07
 1.06411e+16	9.82e-01	1.83e-02	1.33e-07
 1.06448e+16	9.82e-01	1.80e-02	1.49e-07
 1.06484e+16	9.82e-01	1.77e-02	1.66e-07
 1.06519e+16	9.83e-01	1.74e-02	1.85e-07
 1.06553e+16	9.83e-01	1.71e-02	2.08e-07
 1.06585e+16	9.83e-01	1.69e-02	2.27e-07
 1.06618e+16	9.83e-01	1.66e-02	2.53e-07
 1.06653e+16	9.84e-01	1.63e-02	2.81e-07
 1.06687e+16	9.84e-01	1.60e-02	3.11e-07
 1.06722e+16	9.84e-01	1.57e-02	3.43e-07
 1.06759e+16	9.85e-01	1.54e-02	3.79e-07
 1.06799e+16	9.85e-01	1.51e-02	4.15e-07
 1.06839e+16	9.85e-01	1.47e-02	4.48e-07
 1.06875e+16	9.86e-01	1.44e-02	4.74e-07
 1.06907e+16	9.86e-01	1.41e-02	4.94e-07
 1.06937e+16	9.86e-01	1.38e-02	5.09e-07
 1.06966e+16	9.86e-01	1.35e-02	5.22e-07
 1.06991e+16	9.87e-01	1.33e-02	5.31e-07
 1.07015e+16	9.87e-01	1.30e-02	5.39e-07
 1.07037e+16	9.87e-01	1.28e-02	5.45e-07
 1.07056e+16	9.87e-01	1.27e-02	5.50e-07
 1.07074e+16	9.88e-01	1.25e-02	5.55e-07
 1.07090e+16	9.88e-01	1.23e-02	5.59e-07
 1.07108e+16	9.88e-01	1.22e-02	5.64e-07
 1.07127e+16	9.88e-01	1.20e-02	5.69e-07
 1.07144e+16	9.88e-01	1.19e-02	5.73e-07
 1.07160e+16	9.88e-01	1.17e-02	5.78e-07
 1.07177e+16	9.88e-01	1.16e-02	5.83e-07
 1.07196e+16	9.89e-01	1.14e-02	5.89e-07
 1.07213e+16	9.89e-01	1.12e-02	5.94e-07
 1.07229e+16	9.89e-01	1.11e-02	5.99e-07
 1.07246e+16	9.89e-01	1.10e-02	6.05e-07
 1.07264e+16	9.89e-01	1.08e-02	6.12e-07
 1.07281e+16	9.89e-01	1.07e-02	6.17e-07
 1.07299e+16	9.89e-01	1.06e-02	6.22e-07
 1.07323e+16	9.90e-01	1.04e-02	6.30e-07
 1.07349e+16	9.90e-01	1.02e-02	6.39e-07
 1.07372e+16	9.90e-01	1.00e-02	6.47e-07
 1.07393e+16	9.90e-01	9.86e-03	6.55e-07
