#depth	He	He+	He+2
 3.52975e+12	6.23e-05	1.25e-01	8.75e-01
 2.11785e+13	6.23e-05	1.25e-01	8.75e-01
 9.17735e+13	6.25e-05	1.26e-01	8.74e-01
 3.74154e+14	6.36e-05	1.27e-01	8.73e-01
 8.93733e+14	6.43e-05	1.28e-01	8.72e-01
 1.56919e+15	6.63e-05	1.31e-01	8.69e-01
 2.44727e+15	6.98e-05	1.36e-01	8.64e-01
 3.58879e+15	7.57e-05	1.44e-01	8.56e-01
 5.07276e+15	8.57e-05	1.59e-01	8.41e-01
 7.00192e+15	1.03e-04	1.85e-01	8.15e-01
 9.01086e+15	1.28e-04	2.22e-01	7.78e-01
 1.06552e+16	1.58e-04	2.65e-01	7.35e-01
 1.19951e+16	1.91e-04	3.13e-01	6.87e-01
 1.31839e+16	2.30e-04	3.66e-01	6.33e-01
 1.43272e+16	2.76e-04	4.29e-01	5.70e-01
 1.54570e+16	3.31e-04	5.03e-01	4.96e-01
 1.65753e+16	3.95e-04	5.86e-01	4.14e-01
 1.75666e+16	4.57e-04	6.63e-01	3.36e-01
 1.84183e+16	5.13e-04	7.28e-01	2.71e-01
 1.93789e+16	5.72e-04	7.94e-01	2.06e-01
 2.06276e+16	6.39e-04	8.62e-01	1.37e-01
 2.22509e+16	7.09e-04	9.22e-01	7.72e-02
 2.43268e+16	7.73e-04	9.63e-01	3.64e-02
 2.67595e+16	8.27e-04	9.84e-01	1.56e-02
 2.94354e+16	8.77e-04	9.93e-01	6.51e-03
 3.23790e+16	9.30e-04	9.96e-01	2.68e-03
 3.56169e+16	9.89e-04	9.98e-01	1.08e-03
 3.91786e+16	1.06e-03	9.99e-01	4.33e-04
 4.30964e+16	1.14e-03	9.99e-01	1.72e-04
 4.74061e+16	1.24e-03	9.99e-01	6.88e-05
 5.21467e+16	1.37e-03	9.99e-01	2.81e-05
 5.67731e+16	1.51e-03	9.98e-01	1.30e-05
 5.96485e+16	1.61e-03	9.98e-01	8.77e-06
 6.07816e+16	1.65e-03	9.98e-01	7.54e-06
 6.17039e+16	1.69e-03	9.98e-01	6.58e-06
 6.29028e+16	1.75e-03	9.98e-01	5.54e-06
 6.44615e+16	1.82e-03	9.98e-01	4.46e-06
 6.64877e+16	1.92e-03	9.98e-01	3.40e-06
 6.84713e+16	2.02e-03	9.98e-01	2.68e-06
 6.99176e+16	2.11e-03	9.98e-01	2.27e-06
 7.11262e+16	2.19e-03	9.98e-01	1.97e-06
 7.25076e+16	2.29e-03	9.98e-01	1.67e-06
 7.43034e+16	2.43e-03	9.98e-01	1.35e-06
 7.60574e+16	2.58e-03	9.97e-01	1.12e-06
 7.73292e+16	2.70e-03	9.97e-01	9.87e-07
 7.85546e+16	2.83e-03	9.97e-01	8.63e-07
 8.01477e+16	3.01e-03	9.97e-01	7.28e-07
 8.17288e+16	3.22e-03	9.97e-01	6.24e-07
 8.29085e+16	3.39e-03	9.97e-01	5.58e-07
 8.39037e+16	3.55e-03	9.96e-01	5.06e-07
 8.50448e+16	3.76e-03	9.96e-01	4.50e-07
 8.63280e+16	4.01e-03	9.96e-01	3.99e-07
 8.75186e+16	4.28e-03	9.96e-01	3.57e-07
 8.85553e+16	4.54e-03	9.95e-01	3.24e-07
 8.95193e+16	4.81e-03	9.95e-01	2.96e-07
 9.06221e+16	5.16e-03	9.95e-01	2.67e-07
 9.17907e+16	5.58e-03	9.94e-01	2.40e-07
 9.27621e+16	5.98e-03	9.94e-01	2.21e-07
 9.35787e+16	6.37e-03	9.94e-01	2.05e-07
 9.44766e+16	6.85e-03	9.93e-01	1.89e-07
 9.54545e+16	7.45e-03	9.93e-01	1.73e-07
 9.63031e+16	8.05e-03	9.92e-01	1.61e-07
 9.70185e+16	8.64e-03	9.91e-01	1.51e-07
 9.77944e+16	9.37e-03	9.91e-01	1.41e-07
 9.86383e+16	1.03e-02	9.90e-01	1.31e-07
 9.93689e+16	1.12e-02	9.89e-01	1.23e-07
 9.99873e+16	1.22e-02	9.88e-01	1.17e-07
 1.00662e+17	1.33e-02	9.87e-01	1.10e-07
 1.01401e+17	1.49e-02	9.85e-01	1.03e-07
 1.02050e+17	1.65e-02	9.84e-01	9.78e-08
 1.02551e+17	1.80e-02	9.82e-01	9.40e-08
 1.02952e+17	1.93e-02	9.81e-01	9.10e-08
 1.03391e+17	2.10e-02	9.79e-01	8.75e-08
 1.03871e+17	2.32e-02	9.77e-01	8.40e-08
 1.04288e+17	2.53e-02	9.75e-01	8.13e-08
 1.04638e+17	2.74e-02	9.73e-01	7.93e-08
 1.05015e+17	3.00e-02	9.70e-01	7.68e-08
 1.05420e+17	3.32e-02	9.67e-01	7.45e-08
 1.05763e+17	3.64e-02	9.64e-01	7.28e-08
 1.06051e+17	3.94e-02	9.61e-01	7.14e-08
 1.06365e+17	4.34e-02	9.57e-01	6.97e-08
 1.06705e+17	4.82e-02	9.52e-01	6.82e-08
 1.07000e+17	5.30e-02	9.47e-01	6.72e-08
 1.07253e+17	5.77e-02	9.42e-01	6.65e-08
 1.07532e+17	6.37e-02	9.36e-01	6.55e-08
 1.07838e+17	7.13e-02	9.29e-01	6.48e-08
 1.08108e+17	7.93e-02	9.21e-01	6.42e-08
 1.08337e+17	8.68e-02	9.13e-01	6.41e-08
 1.08568e+17	9.58e-02	9.04e-01	6.37e-08
 1.08834e+17	1.07e-01	8.93e-01	6.39e-08
 1.09092e+17	1.20e-01	8.80e-01	6.43e-08
 1.09293e+17	1.31e-01	8.69e-01	6.46e-08
 1.09460e+17	1.42e-01	8.58e-01	6.49e-08
 1.09624e+17	1.54e-01	8.46e-01	6.52e-08
 1.09793e+17	1.66e-01	8.34e-01	6.58e-08
 1.09924e+17	1.76e-01	8.24e-01	6.63e-08
 1.10002e+17	1.83e-01	8.17e-01	6.65e-08
 1.10076e+17	1.91e-01	8.09e-01	6.66e-08
 1.10172e+17	2.00e-01	8.00e-01	6.68e-08
 1.10275e+17	2.10e-01	7.90e-01	6.73e-08
 1.10364e+17	2.19e-01	7.81e-01	6.79e-08
 1.10444e+17	2.29e-01	7.71e-01	6.82e-08
 1.10527e+17	2.38e-01	7.62e-01	6.86e-08
 1.10613e+17	2.49e-01	7.51e-01	6.90e-08
 1.10699e+17	2.59e-01	7.41e-01	6.97e-08
 1.10780e+17	2.70e-01	7.30e-01	7.01e-08
 1.10860e+17	2.80e-01	7.20e-01	7.06e-08
 1.10940e+17	2.92e-01	7.08e-01	7.09e-08
 1.11019e+17	3.03e-01	6.97e-01	7.16e-08
 1.11098e+17	3.15e-01	6.85e-01	7.20e-08
 1.11177e+17	3.28e-01	6.72e-01	7.25e-08
 1.11253e+17	3.40e-01	6.60e-01	7.30e-08
 1.11329e+17	3.52e-01	6.48e-01	7.35e-08
 1.11406e+17	3.66e-01	6.34e-01	7.38e-08
 1.11482e+17	3.78e-01	6.22e-01	7.45e-08
 1.11556e+17	3.92e-01	6.08e-01	7.49e-08
 1.11630e+17	4.06e-01	5.94e-01	7.52e-08
 1.11703e+17	4.20e-01	5.80e-01	7.56e-08
 1.11776e+17	4.34e-01	5.66e-01	7.60e-08
 1.11848e+17	4.48e-01	5.52e-01	7.64e-08
 1.11920e+17	4.62e-01	5.38e-01	7.67e-08
 1.11992e+17	4.77e-01	5.23e-01	7.70e-08
 1.12062e+17	4.91e-01	5.09e-01	7.73e-08
 1.12132e+17	5.06e-01	4.94e-01	7.74e-08
 1.12201e+17	5.20e-01	4.80e-01	7.78e-08
 1.12269e+17	5.34e-01	4.66e-01	7.79e-08
 1.12335e+17	5.49e-01	4.51e-01	7.79e-08
 1.12402e+17	5.63e-01	4.37e-01	7.80e-08
 1.12468e+17	5.77e-01	4.23e-01	7.81e-08
 1.12532e+17	5.91e-01	4.09e-01	7.81e-08
 1.12593e+17	6.04e-01	3.96e-01	7.79e-08
 1.12655e+17	6.18e-01	3.82e-01	7.78e-08
 1.12718e+17	6.31e-01	3.69e-01	7.77e-08
 1.12778e+17	6.43e-01	3.57e-01	7.76e-08
 1.12837e+17	6.56e-01	3.44e-01	7.73e-08
 1.12895e+17	6.68e-01	3.32e-01	7.71e-08
 1.12954e+17	6.80e-01	3.20e-01	7.68e-08
 1.13011e+17	6.92e-01	3.08e-01	7.65e-08
 1.13068e+17	7.03e-01	2.97e-01	7.62e-08
 1.13123e+17	7.14e-01	2.86e-01	7.58e-08
 1.13178e+17	7.25e-01	2.75e-01	7.53e-08
 1.13232e+17	7.35e-01	2.65e-01	7.48e-08
 1.13287e+17	7.45e-01	2.55e-01	7.44e-08
 1.13340e+17	7.55e-01	2.45e-01	7.39e-08
 1.13392e+17	7.64e-01	2.36e-01	7.34e-08
 1.13444e+17	7.74e-01	2.26e-01	7.28e-08
 1.13496e+17	7.83e-01	2.17e-01	7.23e-08
 1.13548e+17	7.91e-01	2.09e-01	7.17e-08
 1.13597e+17	7.99e-01	2.01e-01	7.10e-08
 1.13647e+17	8.07e-01	1.93e-01	7.03e-08
 1.13697e+17	8.15e-01	1.85e-01	6.97e-08
 1.13747e+17	8.23e-01	1.77e-01	6.90e-08
 1.13795e+17	8.30e-01	1.70e-01	6.84e-08
 1.13843e+17	8.36e-01	1.64e-01	6.77e-08
 1.13890e+17	8.43e-01	1.57e-01	6.69e-08
 1.13937e+17	8.50e-01	1.50e-01	6.61e-08
 1.13985e+17	8.56e-01	1.44e-01	6.53e-08
 1.14031e+17	8.62e-01	1.38e-01	6.45e-08
 1.14076e+17	8.67e-01	1.33e-01	6.37e-08
 1.14121e+17	8.73e-01	1.27e-01	6.29e-08
 1.14166e+17	8.78e-01	1.22e-01	6.20e-08
 1.14211e+17	8.83e-01	1.17e-01	6.12e-08
 1.14254e+17	8.87e-01	1.13e-01	6.03e-08
 1.14297e+17	8.92e-01	1.08e-01	5.94e-08
 1.14339e+17	8.96e-01	1.04e-01	5.85e-08
 1.14377e+17	9.00e-01	1.00e-01	5.77e-08
 1.14413e+17	9.03e-01	9.66e-02	5.68e-08
 1.14445e+17	9.07e-01	9.35e-02	5.59e-08
 1.14474e+17	9.09e-01	9.07e-02	5.51e-08
 1.14501e+17	9.12e-01	8.82e-02	5.44e-08
 1.14527e+17	9.14e-01	8.58e-02	5.36e-08
 1.14551e+17	9.16e-01	8.37e-02	5.29e-08
 1.14573e+17	9.18e-01	8.18e-02	5.22e-08
 1.14593e+17	9.20e-01	8.00e-02	5.16e-08
 1.14613e+17	9.22e-01	7.84e-02	5.09e-08
 1.14631e+17	9.23e-01	7.68e-02	5.04e-08
 1.14648e+17	9.25e-01	7.54e-02	4.98e-08
 1.14664e+17	9.26e-01	7.41e-02	4.92e-08
 1.14679e+17	9.27e-01	7.28e-02	4.87e-08
 1.14694e+17	9.28e-01	7.16e-02	4.82e-08
 1.14708e+17	9.29e-01	7.06e-02	4.77e-08
 1.14721e+17	9.30e-01	6.95e-02	4.73e-08
 1.14733e+17	9.31e-01	6.85e-02	4.68e-08
 1.14745e+17	9.32e-01	6.76e-02	4.63e-08
 1.14756e+17	9.33e-01	6.67e-02	4.59e-08
 1.14767e+17	9.34e-01	6.59e-02	4.55e-08
 1.14778e+17	9.35e-01	6.51e-02	4.51e-08
 1.14788e+17	9.36e-01	6.43e-02	4.46e-08
 1.14799e+17	9.37e-01	6.35e-02	4.42e-08
 1.14808e+17	9.37e-01	6.28e-02	4.38e-08
 1.14818e+17	9.38e-01	6.20e-02	4.34e-08
 1.14828e+17	9.39e-01	6.13e-02	4.29e-08
 1.14838e+17	9.39e-01	6.05e-02	4.25e-08
 1.14848e+17	9.40e-01	5.98e-02	4.20e-08
 1.14859e+17	9.41e-01	5.89e-02	4.15e-08
 1.14870e+17	9.42e-01	5.81e-02	4.09e-08
 1.14882e+17	9.43e-01	5.72e-02	4.03e-08
 1.14894e+17	9.44e-01	5.63e-02	3.97e-08
 1.14905e+17	9.45e-01	5.55e-02	3.91e-08
 1.14915e+17	9.45e-01	5.47e-02	3.86e-08
 1.14924e+17	9.46e-01	5.40e-02	3.80e-08
 1.14933e+17	9.47e-01	5.33e-02	3.75e-08
 1.14942e+17	9.47e-01	5.27e-02	3.70e-08
 1.14949e+17	9.48e-01	5.21e-02	3.66e-08
 1.14956e+17	9.48e-01	5.16e-02	3.61e-08
 1.14962e+17	9.49e-01	5.11e-02	3.58e-08
 1.14968e+17	9.49e-01	5.07e-02	3.54e-08
 1.14973e+17	9.50e-01	5.02e-02	3.51e-08
 1.14978e+17	9.50e-01	4.98e-02	3.47e-08
 1.14984e+17	9.51e-01	4.93e-02	3.43e-08
 1.14990e+17	9.51e-01	4.89e-02	3.40e-08
 1.14996e+17	9.52e-01	4.84e-02	3.36e-08
 1.15003e+17	9.52e-01	4.79e-02	3.32e-08
 1.15008e+17	9.53e-01	4.75e-02	3.29e-08
 1.15014e+17	9.53e-01	4.71e-02	3.26e-08
 1.15020e+17	9.53e-01	4.66e-02	3.22e-08
 1.15026e+17	9.54e-01	4.61e-02	3.18e-08
 1.15032e+17	9.54e-01	4.56e-02	3.14e-08
 1.15037e+17	9.55e-01	4.53e-02	3.12e-08
 1.15043e+17	9.55e-01	4.49e-02	3.09e-08
 1.15051e+17	9.56e-01	4.44e-02	3.05e-08
 1.15059e+17	9.56e-01	4.38e-02	3.02e-08
 1.15066e+17	9.57e-01	4.33e-02	2.98e-08
 1.15073e+17	9.57e-01	4.29e-02	2.95e-08
 1.15080e+17	9.58e-01	4.24e-02	2.92e-08
 1.15088e+17	9.58e-01	4.19e-02	2.89e-08
 1.15096e+17	9.59e-01	4.15e-02	2.86e-08
 1.15102e+17	9.59e-01	4.10e-02	2.83e-08
 1.15109e+17	9.59e-01	4.06e-02	2.80e-08
 1.15117e+17	9.60e-01	4.01e-02	2.76e-08
 1.15124e+17	9.60e-01	3.97e-02	2.74e-08
 1.15132e+17	9.61e-01	3.92e-02	2.70e-08
