#depth	O	O+	O+2	O+3	O+4	O+5	O+6	O+7	O+8	O[1]	O[2]	O[3]
 3.52975e+12	5.77e-07	1.02e-03	2.52e-01	7.15e-01	3.22e-02	2.82e-06	0.00e+00	0.00e+00	0.00e+00	4.37e-07	8.86e-08	5.10e-08
 2.11785e+13	5.76e-07	1.02e-03	2.52e-01	7.15e-01	3.22e-02	2.81e-06	0.00e+00	0.00e+00	0.00e+00	4.36e-07	8.84e-08	5.09e-08
 9.17735e+13	5.78e-07	1.03e-03	2.53e-01	7.14e-01	3.19e-02	2.79e-06	0.00e+00	0.00e+00	0.00e+00	4.38e-07	8.87e-08	5.11e-08
 3.74154e+14	5.86e-07	1.05e-03	2.59e-01	7.09e-01	3.10e-02	2.68e-06	0.00e+00	0.00e+00	0.00e+00	4.44e-07	9.00e-08	5.19e-08
 8.93733e+14	5.82e-07	1.06e-03	2.67e-01	7.02e-01	2.96e-02	2.52e-06	0.00e+00	0.00e+00	0.00e+00	4.41e-07	8.93e-08	5.15e-08
 1.56919e+15	5.93e-07	1.10e-03	2.79e-01	6.92e-01	2.78e-02	2.31e-06	0.00e+00	0.00e+00	0.00e+00	4.49e-07	9.09e-08	5.25e-08
 2.44727e+15	6.16e-07	1.16e-03	2.95e-01	6.78e-01	2.56e-02	2.06e-06	0.00e+00	0.00e+00	0.00e+00	4.67e-07	9.45e-08	5.46e-08
 3.58879e+15	6.60e-07	1.26e-03	3.18e-01	6.58e-01	2.28e-02	1.76e-06	0.00e+00	0.00e+00	0.00e+00	5.00e-07	1.01e-07	5.86e-08
 5.07276e+15	7.36e-07	1.41e-03	3.52e-01	6.27e-01	1.94e-02	1.42e-06	0.00e+00	0.00e+00	0.00e+00	5.57e-07	1.13e-07	6.54e-08
 7.00192e+15	8.73e-07	1.65e-03	4.04e-01	5.79e-01	1.54e-02	1.04e-06	0.00e+00	0.00e+00	0.00e+00	6.61e-07	1.34e-07	7.77e-08
 9.01086e+15	1.04e-06	1.96e-03	4.67e-01	5.20e-01	1.17e-02	7.25e-07	0.00e+00	0.00e+00	0.00e+00	7.86e-07	1.59e-07	9.25e-08
 1.06552e+16	1.23e-06	2.28e-03	5.29e-01	4.60e-01	8.85e-03	5.11e-07	0.00e+00	0.00e+00	0.00e+00	9.30e-07	1.88e-07	1.10e-07
 1.19951e+16	1.44e-06	2.61e-03	5.87e-01	4.04e-01	6.75e-03	3.64e-07	0.00e+00	0.00e+00	0.00e+00	1.09e-06	2.20e-07	1.28e-07
 1.31839e+16	1.67e-06	2.95e-03	6.43e-01	3.49e-01	5.07e-03	2.57e-07	0.00e+00	0.00e+00	0.00e+00	1.27e-06	2.56e-07	1.49e-07
 1.43272e+16	1.95e-06	3.33e-03	7.00e-01	2.93e-01	3.67e-03	1.73e-07	0.00e+00	0.00e+00	0.00e+00	1.48e-06	2.98e-07	1.74e-07
 1.54570e+16	2.27e-06	3.75e-03	7.56e-01	2.37e-01	2.51e-03	0.00e+00	0.00e+00	0.00e+00	0.00e+00	1.72e-06	3.47e-07	2.03e-07
 1.65753e+16	2.63e-06	4.18e-03	8.10e-01	1.84e-01	1.62e-03	0.00e+00	0.00e+00	0.00e+00	0.00e+00	2.00e-06	4.01e-07	2.35e-07
 1.75666e+16	2.97e-06	4.56e-03	8.53e-01	1.42e-01	1.04e-03	0.00e+00	0.00e+00	0.00e+00	0.00e+00	2.26e-06	4.52e-07	2.66e-07
 1.84183e+16	3.31e-06	4.90e-03	8.85e-01	1.10e-01	6.77e-04	0.00e+00	0.00e+00	0.00e+00	0.00e+00	2.51e-06	5.01e-07	2.95e-07
 1.93789e+16	3.70e-06	5.26e-03	9.15e-01	7.98e-02	3.98e-04	0.00e+00	0.00e+00	0.00e+00	0.00e+00	2.81e-06	5.59e-07	3.30e-07
 2.06276e+16	4.19e-06	5.67e-03	9.43e-01	5.16e-02	1.92e-04	0.00e+00	0.00e+00	0.00e+00	0.00e+00	3.19e-06	6.33e-07	3.74e-07
 2.22509e+16	4.84e-06	6.13e-03	9.65e-01	2.85e-02	7.05e-05	0.00e+00	0.00e+00	0.00e+00	0.00e+00	3.68e-06	7.28e-07	4.31e-07
 2.43268e+16	5.62e-06	6.61e-03	9.80e-01	1.35e-02	1.95e-05	0.00e+00	0.00e+00	0.00e+00	0.00e+00	4.27e-06	8.43e-07	5.01e-07
 2.67595e+16	6.54e-06	7.10e-03	9.87e-01	5.85e-03	4.52e-06	0.00e+00	0.00e+00	0.00e+00	0.00e+00	4.97e-06	9.81e-07	5.83e-07
 2.94354e+16	7.67e-06	7.61e-03	9.90e-01	2.50e-03	9.83e-07	0.00e+00	0.00e+00	0.00e+00	0.00e+00	5.83e-06	1.15e-06	6.84e-07
 3.23790e+16	9.12e-06	8.20e-03	9.91e-01	1.07e-03	2.05e-07	0.00e+00	0.00e+00	0.00e+00	0.00e+00	6.94e-06	1.37e-06	8.14e-07
 3.56169e+16	1.11e-05	8.90e-03	9.91e-01	4.65e-04	0.00e+00	0.00e+00	0.00e+00	0.00e+00	0.00e+00	8.43e-06	1.67e-06	9.89e-07
 3.91786e+16	1.38e-05	9.77e-03	9.90e-01	2.15e-04	0.00e+00	0.00e+00	0.00e+00	0.00e+00	0.00e+00	1.05e-05	2.08e-06	1.24e-06
 4.30964e+16	1.78e-05	1.09e-02	9.89e-01	1.12e-04	0.00e+00	0.00e+00	0.00e+00	0.00e+00	0.00e+00	1.35e-05	2.69e-06	1.59e-06
 4.74061e+16	2.40e-05	1.24e-02	9.88e-01	6.87e-05	0.00e+00	0.00e+00	0.00e+00	0.00e+00	0.00e+00	1.82e-05	3.63e-06	2.14e-06
 5.21467e+16	3.40e-05	1.44e-02	9.86e-01	4.84e-05	0.00e+00	0.00e+00	0.00e+00	0.00e+00	0.00e+00	2.58e-05	5.16e-06	3.04e-06
 5.67731e+16	4.91e-05	1.70e-02	9.83e-01	3.79e-05	0.00e+00	0.00e+00	0.00e+00	0.00e+00	0.00e+00	3.72e-05	7.48e-06	4.39e-06
 5.96485e+16	6.33e-05	1.90e-02	9.81e-01	3.34e-05	0.00e+00	0.00e+00	0.00e+00	0.00e+00	0.00e+00	4.79e-05	9.63e-06	5.65e-06
 6.07816e+16	7.00e-05	2.00e-02	9.80e-01	3.17e-05	0.00e+00	0.00e+00	0.00e+00	0.00e+00	0.00e+00	5.31e-05	1.07e-05	6.26e-06
 6.17039e+16	7.61e-05	2.07e-02	9.79e-01	3.05e-05	0.00e+00	0.00e+00	0.00e+00	0.00e+00	0.00e+00	5.77e-05	1.16e-05	6.80e-06
 6.29028e+16	8.50e-05	2.19e-02	9.78e-01	2.90e-05	0.00e+00	0.00e+00	0.00e+00	0.00e+00	0.00e+00	6.44e-05	1.29e-05	7.59e-06
 6.44615e+16	9.84e-05	2.34e-02	9.76e-01	2.70e-05	0.00e+00	0.00e+00	0.00e+00	0.00e+00	0.00e+00	7.46e-05	1.50e-05	8.78e-06
 6.64877e+16	1.20e-04	2.58e-02	9.74e-01	2.47e-05	0.00e+00	0.00e+00	0.00e+00	0.00e+00	0.00e+00	9.08e-05	1.82e-05	1.07e-05
 6.84713e+16	1.46e-04	2.84e-02	9.71e-01	2.26e-05	0.00e+00	0.00e+00	0.00e+00	0.00e+00	0.00e+00	1.11e-04	2.23e-05	1.30e-05
 6.99176e+16	1.71e-04	3.06e-02	9.69e-01	2.12e-05	0.00e+00	0.00e+00	0.00e+00	0.00e+00	0.00e+00	1.29e-04	2.60e-05	1.52e-05
 7.11262e+16	1.94e-04	3.27e-02	9.67e-01	2.00e-05	0.00e+00	0.00e+00	0.00e+00	0.00e+00	0.00e+00	1.48e-04	2.96e-05	1.73e-05
 7.25076e+16	2.27e-04	3.53e-02	9.64e-01	1.86e-05	0.00e+00	0.00e+00	0.00e+00	0.00e+00	0.00e+00	1.72e-04	3.45e-05	2.02e-05
 7.43034e+16	2.78e-04	3.92e-02	9.61e-01	1.70e-05	0.00e+00	0.00e+00	0.00e+00	0.00e+00	0.00e+00	2.11e-04	4.24e-05	2.47e-05
 7.60574e+16	3.44e-04	4.37e-02	9.56e-01	1.54e-05	0.00e+00	0.00e+00	0.00e+00	0.00e+00	0.00e+00	2.61e-04	5.23e-05	3.05e-05
 7.73292e+16	4.03e-04	4.74e-02	9.52e-01	1.43e-05	0.00e+00	0.00e+00	0.00e+00	0.00e+00	0.00e+00	3.05e-04	6.13e-05	3.57e-05
 7.85546e+16	4.70e-04	5.14e-02	9.48e-01	1.32e-05	0.00e+00	0.00e+00	0.00e+00	0.00e+00	0.00e+00	3.57e-04	7.16e-05	4.18e-05
 8.01477e+16	5.80e-04	5.74e-02	9.42e-01	1.19e-05	0.00e+00	0.00e+00	0.00e+00	0.00e+00	0.00e+00	4.40e-04	8.83e-05	5.14e-05
 8.17288e+16	7.23e-04	6.44e-02	9.35e-01	1.07e-05	0.00e+00	0.00e+00	0.00e+00	0.00e+00	0.00e+00	5.48e-04	1.10e-04	6.40e-05
 8.29085e+16	8.56e-04	7.05e-02	9.29e-01	9.82e-06	0.00e+00	0.00e+00	0.00e+00	0.00e+00	0.00e+00	6.50e-04	1.30e-04	7.58e-05
 8.39037e+16	9.93e-04	7.63e-02	9.23e-01	9.09e-06	0.00e+00	0.00e+00	0.00e+00	0.00e+00	0.00e+00	7.54e-04	1.51e-04	8.79e-05
 8.50448e+16	1.18e-03	8.38e-02	9.15e-01	8.28e-06	0.00e+00	0.00e+00	0.00e+00	0.00e+00	0.00e+00	8.99e-04	1.80e-04	1.05e-04
 8.63280e+16	1.45e-03	9.35e-02	9.05e-01	7.39e-06	0.00e+00	0.00e+00	0.00e+00	0.00e+00	0.00e+00	1.10e-03	2.21e-04	1.28e-04
 8.75186e+16	1.77e-03	1.04e-01	8.94e-01	6.59e-06	0.00e+00	0.00e+00	0.00e+00	0.00e+00	0.00e+00	1.34e-03	2.69e-04	1.56e-04
 8.85553e+16	2.12e-03	1.15e-01	8.83e-01	5.97e-06	0.00e+00	0.00e+00	0.00e+00	0.00e+00	0.00e+00	1.61e-03	3.22e-04	1.87e-04
 8.95193e+16	2.52e-03	1.26e-01	8.72e-01	5.38e-06	0.00e+00	0.00e+00	0.00e+00	0.00e+00	0.00e+00	1.91e-03	3.83e-04	2.22e-04
 9.06221e+16	3.09e-03	1.41e-01	8.56e-01	4.72e-06	0.00e+00	0.00e+00	0.00e+00	0.00e+00	0.00e+00	2.35e-03	4.69e-04	2.72e-04
 9.17907e+16	3.88e-03	1.59e-01	8.37e-01	4.08e-06	0.00e+00	0.00e+00	0.00e+00	0.00e+00	0.00e+00	2.95e-03	5.89e-04	3.42e-04
 9.27621e+16	4.73e-03	1.77e-01	8.19e-01	3.58e-06	0.00e+00	0.00e+00	0.00e+00	0.00e+00	0.00e+00	3.59e-03	7.17e-04	4.16e-04
 9.35787e+16	5.61e-03	1.94e-01	8.01e-01	3.18e-06	0.00e+00	0.00e+00	0.00e+00	0.00e+00	0.00e+00	4.27e-03	8.51e-04	4.94e-04
 9.44766e+16	6.82e-03	2.15e-01	7.79e-01	2.74e-06	0.00e+00	0.00e+00	0.00e+00	0.00e+00	0.00e+00	5.19e-03	1.03e-03	6.00e-04
 9.54545e+16	8.52e-03	2.41e-01	7.50e-01	2.33e-06	0.00e+00	0.00e+00	0.00e+00	0.00e+00	0.00e+00	6.48e-03	1.29e-03	7.49e-04
 9.63031e+16	1.04e-02	2.68e-01	7.22e-01	1.97e-06	0.00e+00	0.00e+00	0.00e+00	0.00e+00	0.00e+00	7.93e-03	1.58e-03	9.16e-04
 9.70185e+16	1.24e-02	2.93e-01	6.95e-01	1.70e-06	0.00e+00	0.00e+00	0.00e+00	0.00e+00	0.00e+00	9.47e-03	1.88e-03	1.09e-03
 9.77944e+16	1.51e-02	3.23e-01	6.62e-01	1.42e-06	0.00e+00	0.00e+00	0.00e+00	0.00e+00	0.00e+00	1.15e-02	2.28e-03	1.33e-03
 9.86383e+16	1.89e-02	3.60e-01	6.21e-01	1.15e-06	0.00e+00	0.00e+00	0.00e+00	0.00e+00	0.00e+00	1.44e-02	2.85e-03	1.66e-03
 9.93689e+16	2.31e-02	3.96e-01	5.81e-01	9.33e-07	0.00e+00	0.00e+00	0.00e+00	0.00e+00	0.00e+00	1.76e-02	3.47e-03	2.02e-03
 9.99873e+16	2.75e-02	4.28e-01	5.44e-01	7.66e-07	0.00e+00	0.00e+00	0.00e+00	0.00e+00	0.00e+00	2.09e-02	4.12e-03	2.40e-03
 1.00662e+17	3.33e-02	4.66e-01	5.01e-01	6.04e-07	0.00e+00	0.00e+00	0.00e+00	0.00e+00	0.00e+00	2.54e-02	4.98e-03	2.91e-03
 1.01401e+17	4.15e-02	5.10e-01	4.48e-01	4.54e-07	0.00e+00	0.00e+00	0.00e+00	0.00e+00	0.00e+00	3.17e-02	6.19e-03	3.63e-03
 1.02050e+17	5.08e-02	5.51e-01	3.98e-01	3.40e-07	0.00e+00	0.00e+00	0.00e+00	0.00e+00	0.00e+00	3.88e-02	7.53e-03	4.42e-03
 1.02551e+17	5.93e-02	5.82e-01	3.59e-01	2.65e-07	0.00e+00	0.00e+00	0.00e+00	0.00e+00	0.00e+00	4.54e-02	8.77e-03	5.16e-03
 1.02952e+17	6.71e-02	6.06e-01	3.27e-01	2.13e-07	0.00e+00	0.00e+00	0.00e+00	0.00e+00	0.00e+00	5.13e-02	9.89e-03	5.83e-03
 1.03391e+17	7.72e-02	6.32e-01	2.91e-01	1.65e-07	0.00e+00	0.00e+00	0.00e+00	0.00e+00	0.00e+00	5.91e-02	1.13e-02	6.70e-03
 1.03871e+17	9.02e-02	6.57e-01	2.52e-01	0.00e+00	0.00e+00	0.00e+00	0.00e+00	0.00e+00	0.00e+00	6.92e-02	1.32e-02	7.81e-03
 1.04288e+17	1.03e-01	6.77e-01	2.19e-01	0.00e+00	0.00e+00	0.00e+00	0.00e+00	0.00e+00	0.00e+00	7.94e-02	1.50e-02	8.93e-03
 1.04638e+17	1.16e-01	6.92e-01	1.93e-01	0.00e+00	0.00e+00	0.00e+00	0.00e+00	0.00e+00	0.00e+00	8.88e-02	1.67e-02	9.96e-03
 1.05015e+17	1.31e-01	7.04e-01	1.65e-01	0.00e+00	0.00e+00	0.00e+00	0.00e+00	0.00e+00	0.00e+00	1.01e-01	1.88e-02	1.12e-02
 1.05420e+17	1.50e-01	7.13e-01	1.38e-01	0.00e+00	0.00e+00	0.00e+00	0.00e+00	0.00e+00	0.00e+00	1.15e-01	2.13e-02	1.28e-02
 1.05763e+17	1.68e-01	7.17e-01	1.16e-01	0.00e+00	0.00e+00	0.00e+00	0.00e+00	0.00e+00	0.00e+00	1.30e-01	2.37e-02	1.43e-02
 1.06051e+17	1.84e-01	7.17e-01	9.93e-02	0.00e+00	0.00e+00	0.00e+00	0.00e+00	0.00e+00	0.00e+00	1.42e-01	2.59e-02	1.57e-02
 1.06365e+17	2.04e-01	7.13e-01	8.25e-02	0.00e+00	0.00e+00	0.00e+00	0.00e+00	0.00e+00	0.00e+00	1.59e-01	2.84e-02	1.73e-02
 1.06705e+17	2.29e-01	7.05e-01	6.63e-02	0.00e+00	0.00e+00	0.00e+00	0.00e+00	0.00e+00	0.00e+00	1.78e-01	3.15e-02	1.93e-02
 1.07000e+17	2.52e-01	6.94e-01	5.41e-02	0.00e+00	0.00e+00	0.00e+00	0.00e+00	0.00e+00	0.00e+00	1.97e-01	3.43e-02	2.11e-02
 1.07253e+17	2.73e-01	6.82e-01	4.50e-02	0.00e+00	0.00e+00	0.00e+00	0.00e+00	0.00e+00	0.00e+00	2.14e-01	3.68e-02	2.28e-02
 1.07532e+17	2.99e-01	6.65e-01	3.61e-02	0.00e+00	0.00e+00	0.00e+00	0.00e+00	0.00e+00	0.00e+00	2.35e-01	3.97e-02	2.48e-02
 1.07838e+17	3.30e-01	6.42e-01	2.79e-02	0.00e+00	0.00e+00	0.00e+00	0.00e+00	0.00e+00	0.00e+00	2.60e-01	4.30e-02	2.71e-02
 1.08108e+17	3.61e-01	6.18e-01	2.17e-02	0.00e+00	0.00e+00	0.00e+00	0.00e+00	0.00e+00	0.00e+00	2.85e-01	4.61e-02	2.93e-02
 1.08337e+17	3.86e-01	5.96e-01	1.75e-02	0.00e+00	0.00e+00	0.00e+00	0.00e+00	0.00e+00	0.00e+00	3.06e-01	4.86e-02	3.11e-02
 1.08568e+17	4.15e-01	5.72e-01	1.38e-02	0.00e+00	0.00e+00	0.00e+00	0.00e+00	0.00e+00	0.00e+00	3.30e-01	5.11e-02	3.30e-02
 1.08834e+17	4.48e-01	5.41e-01	1.04e-02	0.00e+00	0.00e+00	0.00e+00	0.00e+00	0.00e+00	0.00e+00	3.59e-01	5.39e-02	3.53e-02
 1.09092e+17	4.84e-01	5.09e-01	7.73e-03	0.00e+00	0.00e+00	0.00e+00	0.00e+00	0.00e+00	0.00e+00	3.90e-01	5.66e-02	3.74e-02
 1.09293e+17	5.11e-01	4.83e-01	6.09e-03	0.00e+00	0.00e+00	0.00e+00	0.00e+00	0.00e+00	0.00e+00	4.13e-01	5.84e-02	3.90e-02
 1.09460e+17	5.33e-01	4.62e-01	4.97e-03	0.00e+00	0.00e+00	0.00e+00	0.00e+00	0.00e+00	0.00e+00	4.33e-01	5.97e-02	4.02e-02
 1.09624e+17	5.56e-01	4.40e-01	4.02e-03	0.00e+00	0.00e+00	0.00e+00	0.00e+00	0.00e+00	0.00e+00	4.54e-01	6.09e-02	4.14e-02
 1.09793e+17	5.80e-01	4.17e-01	3.22e-03	0.00e+00	0.00e+00	0.00e+00	0.00e+00	0.00e+00	0.00e+00	4.76e-01	6.20e-02	4.25e-02
 1.09924e+17	5.99e-01	3.99e-01	2.70e-03	0.00e+00	0.00e+00	0.00e+00	0.00e+00	0.00e+00	0.00e+00	4.92e-01	6.27e-02	4.33e-02
 1.10002e+17	6.08e-01	3.90e-01	2.44e-03	0.00e+00	0.00e+00	0.00e+00	0.00e+00	0.00e+00	0.00e+00	5.01e-01	6.30e-02	4.37e-02
 1.10076e+17	6.18e-01	3.80e-01	2.21e-03	0.00e+00	0.00e+00	0.00e+00	0.00e+00	0.00e+00	0.00e+00	5.10e-01	6.32e-02	4.41e-02
 1.10172e+17	6.31e-01	3.67e-01	1.92e-03	0.00e+00	0.00e+00	0.00e+00	0.00e+00	0.00e+00	0.00e+00	5.23e-01	6.35e-02	4.46e-02
 1.10275e+17	6.46e-01	3.53e-01	1.65e-03	0.00e+00	0.00e+00	0.00e+00	0.00e+00	0.00e+00	0.00e+00	5.37e-01	6.37e-02	4.50e-02
 1.10364e+17	6.58e-01	3.41e-01	1.45e-03	0.00e+00	0.00e+00	0.00e+00	0.00e+00	0.00e+00	0.00e+00	5.48e-01	6.39e-02	4.54e-02
 1.10444e+17	6.69e-01	3.30e-01	1.29e-03	0.00e+00	0.00e+00	0.00e+00	0.00e+00	0.00e+00	0.00e+00	5.59e-01	6.39e-02	4.56e-02
 1.10527e+17	6.79e-01	3.19e-01	1.14e-03	0.00e+00	0.00e+00	0.00e+00	0.00e+00	0.00e+00	0.00e+00	5.70e-01	6.39e-02	4.59e-02
 1.10613e+17	6.92e-01	3.07e-01	9.90e-04	0.00e+00	0.00e+00	0.00e+00	0.00e+00	0.00e+00	0.00e+00	5.82e-01	6.38e-02	4.61e-02
 1.10699e+17	7.03e-01	2.96e-01	8.65e-04	0.00e+00	0.00e+00	0.00e+00	0.00e+00	0.00e+00	0.00e+00	5.93e-01	6.37e-02	4.63e-02
 1.10780e+17	7.14e-01	2.86e-01	7.60e-04	0.00e+00	0.00e+00	0.00e+00	0.00e+00	0.00e+00	0.00e+00	6.04e-01	6.36e-02	4.64e-02
 1.10860e+17	7.24e-01	2.75e-01	6.67e-04	0.00e+00	0.00e+00	0.00e+00	0.00e+00	0.00e+00	0.00e+00	6.14e-01	6.33e-02	4.65e-02
 1.10940e+17	7.34e-01	2.65e-01	5.84e-04	0.00e+00	0.00e+00	0.00e+00	0.00e+00	0.00e+00	0.00e+00	6.25e-01	6.31e-02	4.66e-02
 1.11019e+17	7.44e-01	2.55e-01	5.11e-04	0.00e+00	0.00e+00	0.00e+00	0.00e+00	0.00e+00	0.00e+00	6.35e-01	6.28e-02	4.66e-02
 1.11098e+17	7.54e-01	2.45e-01	4.47e-04	0.00e+00	0.00e+00	0.00e+00	0.00e+00	0.00e+00	0.00e+00	6.45e-01	6.24e-02	4.66e-02
 1.11177e+17	7.64e-01	2.36e-01	3.90e-04	0.00e+00	0.00e+00	0.00e+00	0.00e+00	0.00e+00	0.00e+00	6.55e-01	6.20e-02	4.66e-02
 1.11253e+17	7.73e-01	2.27e-01	3.41e-04	0.00e+00	0.00e+00	0.00e+00	0.00e+00	0.00e+00	0.00e+00	6.65e-01	6.16e-02	4.65e-02
 1.11329e+17	7.82e-01	2.18e-01	2.99e-04	0.00e+00	0.00e+00	0.00e+00	0.00e+00	0.00e+00	0.00e+00	6.74e-01	6.11e-02	4.64e-02
 1.11406e+17	7.91e-01	2.09e-01	2.60e-04	0.00e+00	0.00e+00	0.00e+00	0.00e+00	0.00e+00	0.00e+00	6.84e-01	6.06e-02	4.62e-02
 1.11482e+17	7.99e-01	2.00e-01	2.26e-04	0.00e+00	0.00e+00	0.00e+00	0.00e+00	0.00e+00	0.00e+00	6.93e-01	6.01e-02	4.60e-02
 1.11556e+17	8.07e-01	1.92e-01	1.97e-04	0.00e+00	0.00e+00	0.00e+00	0.00e+00	0.00e+00	0.00e+00	7.02e-01	5.95e-02	4.58e-02
 1.11630e+17	8.16e-01	1.84e-01	1.72e-04	0.00e+00	0.00e+00	0.00e+00	0.00e+00	0.00e+00	0.00e+00	7.11e-01	5.89e-02	4.56e-02
 1.11703e+17	8.23e-01	1.77e-01	1.50e-04	0.00e+00	0.00e+00	0.00e+00	0.00e+00	0.00e+00	0.00e+00	7.20e-01	5.83e-02	4.53e-02
 1.11776e+17	8.31e-01	1.69e-01	1.30e-04	0.00e+00	0.00e+00	0.00e+00	0.00e+00	0.00e+00	0.00e+00	7.28e-01	5.77e-02	4.50e-02
 1.11848e+17	8.38e-01	1.62e-01	1.13e-04	0.00e+00	0.00e+00	0.00e+00	0.00e+00	0.00e+00	0.00e+00	7.36e-01	5.71e-02	4.47e-02
 1.11920e+17	8.45e-01	1.55e-01	9.85e-05	0.00e+00	0.00e+00	0.00e+00	0.00e+00	0.00e+00	0.00e+00	7.44e-01	5.64e-02	4.44e-02
 1.11992e+17	8.51e-01	1.48e-01	8.56e-05	0.00e+00	0.00e+00	0.00e+00	0.00e+00	0.00e+00	0.00e+00	7.52e-01	5.58e-02	4.41e-02
 1.12062e+17	8.58e-01	1.42e-01	7.44e-05	0.00e+00	0.00e+00	0.00e+00	0.00e+00	0.00e+00	0.00e+00	7.59e-01	5.51e-02	4.37e-02
 1.12132e+17	8.64e-01	1.36e-01	6.46e-05	0.00e+00	0.00e+00	0.00e+00	0.00e+00	0.00e+00	0.00e+00	7.66e-01	5.44e-02	4.34e-02
 1.12201e+17	8.70e-01	1.30e-01	5.62e-05	0.00e+00	0.00e+00	0.00e+00	0.00e+00	0.00e+00	0.00e+00	7.73e-01	5.38e-02	4.30e-02
 1.12269e+17	8.76e-01	1.24e-01	4.90e-05	0.00e+00	0.00e+00	0.00e+00	0.00e+00	0.00e+00	0.00e+00	7.80e-01	5.31e-02	4.26e-02
 1.12335e+17	8.81e-01	1.19e-01	4.27e-05	0.00e+00	0.00e+00	0.00e+00	0.00e+00	0.00e+00	0.00e+00	7.86e-01	5.25e-02	4.23e-02
 1.12402e+17	8.86e-01	1.14e-01	3.72e-05	0.00e+00	0.00e+00	0.00e+00	0.00e+00	0.00e+00	0.00e+00	7.92e-01	5.19e-02	4.19e-02
 1.12468e+17	8.91e-01	1.09e-01	3.23e-05	0.00e+00	0.00e+00	0.00e+00	0.00e+00	0.00e+00	0.00e+00	7.98e-01	5.12e-02	4.15e-02
 1.12532e+17	8.96e-01	1.04e-01	2.83e-05	0.00e+00	0.00e+00	0.00e+00	0.00e+00	0.00e+00	0.00e+00	8.04e-01	5.06e-02	4.11e-02
 1.12593e+17	9.00e-01	1.00e-01	2.48e-05	0.00e+00	0.00e+00	0.00e+00	0.00e+00	0.00e+00	0.00e+00	8.09e-01	5.00e-02	4.07e-02
 1.12655e+17	9.04e-01	9.58e-02	2.17e-05	0.00e+00	0.00e+00	0.00e+00	0.00e+00	0.00e+00	0.00e+00	8.14e-01	4.94e-02	4.03e-02
 1.12718e+17	9.08e-01	9.17e-02	1.90e-05	0.00e+00	0.00e+00	0.00e+00	0.00e+00	0.00e+00	0.00e+00	8.20e-01	4.88e-02	4.00e-02
 1.12778e+17	9.12e-01	8.78e-02	1.66e-05	0.00e+00	0.00e+00	0.00e+00	0.00e+00	0.00e+00	0.00e+00	8.24e-01	4.82e-02	3.96e-02
 1.12837e+17	9.16e-01	8.42e-02	1.46e-05	0.00e+00	0.00e+00	0.00e+00	0.00e+00	0.00e+00	0.00e+00	8.29e-01	4.77e-02	3.92e-02
 1.12895e+17	9.19e-01	8.08e-02	1.29e-05	0.00e+00	0.00e+00	0.00e+00	0.00e+00	0.00e+00	0.00e+00	8.33e-01	4.72e-02	3.89e-02
 1.12954e+17	9.23e-01	7.74e-02	1.13e-05	0.00e+00	0.00e+00	0.00e+00	0.00e+00	0.00e+00	0.00e+00	8.37e-01	4.66e-02	3.85e-02
 1.13011e+17	9.26e-01	7.42e-02	9.95e-06	0.00e+00	0.00e+00	0.00e+00	0.00e+00	0.00e+00	0.00e+00	8.42e-01	4.61e-02	3.81e-02
 1.13068e+17	9.29e-01	7.11e-02	8.77e-06	0.00e+00	0.00e+00	0.00e+00	0.00e+00	0.00e+00	0.00e+00	8.45e-01	4.56e-02	3.78e-02
 1.13123e+17	9.32e-01	6.83e-02	7.75e-06	0.00e+00	0.00e+00	0.00e+00	0.00e+00	0.00e+00	0.00e+00	8.49e-01	4.52e-02	3.75e-02
 1.13178e+17	9.35e-01	6.55e-02	6.85e-06	0.00e+00	0.00e+00	0.00e+00	0.00e+00	0.00e+00	0.00e+00	8.53e-01	4.47e-02	3.71e-02
 1.13232e+17	9.37e-01	6.28e-02	6.05e-06	0.00e+00	0.00e+00	0.00e+00	0.00e+00	0.00e+00	0.00e+00	8.56e-01	4.42e-02	3.68e-02
 1.13287e+17	9.40e-01	6.02e-02	5.34e-06	0.00e+00	0.00e+00	0.00e+00	0.00e+00	0.00e+00	0.00e+00	8.60e-01	4.38e-02	3.65e-02
 1.13340e+17	9.42e-01	5.78e-02	4.73e-06	0.00e+00	0.00e+00	0.00e+00	0.00e+00	0.00e+00	0.00e+00	8.63e-01	4.33e-02	3.62e-02
 1.13392e+17	9.44e-01	5.55e-02	4.20e-06	0.00e+00	0.00e+00	0.00e+00	0.00e+00	0.00e+00	0.00e+00	8.66e-01	4.29e-02	3.59e-02
 1.13444e+17	9.47e-01	5.33e-02	3.72e-06	0.00e+00	0.00e+00	0.00e+00	0.00e+00	0.00e+00	0.00e+00	8.69e-01	4.25e-02	3.56e-02
 1.13496e+17	9.49e-01	5.12e-02	3.30e-06	0.00e+00	0.00e+00	0.00e+00	0.00e+00	0.00e+00	0.00e+00	8.71e-01	4.21e-02	3.53e-02
 1.13548e+17	9.51e-01	4.91e-02	2.93e-06	0.00e+00	0.00e+00	0.00e+00	0.00e+00	0.00e+00	0.00e+00	8.74e-01	4.17e-02	3.49e-02
 1.13597e+17	9.53e-01	4.71e-02	2.61e-06	0.00e+00	0.00e+00	0.00e+00	0.00e+00	0.00e+00	0.00e+00	8.77e-01	4.13e-02	3.46e-02
 1.13647e+17	9.55e-01	4.53e-02	2.33e-06	0.00e+00	0.00e+00	0.00e+00	0.00e+00	0.00e+00	0.00e+00	8.79e-01	4.10e-02	3.43e-02
 1.13697e+17	9.57e-01	4.35e-02	2.07e-06	0.00e+00	0.00e+00	0.00e+00	0.00e+00	0.00e+00	0.00e+00	8.82e-01	4.06e-02	3.40e-02
 1.13747e+17	9.58e-01	4.17e-02	1.84e-06	0.00e+00	0.00e+00	0.00e+00	0.00e+00	0.00e+00	0.00e+00	8.84e-01	4.02e-02	3.37e-02
 1.13795e+17	9.60e-01	4.01e-02	1.64e-06	0.00e+00	0.00e+00	0.00e+00	0.00e+00	0.00e+00	0.00e+00	8.87e-01	3.99e-02	3.34e-02
 1.13843e+17	9.61e-01	3.85e-02	1.47e-06	0.00e+00	0.00e+00	0.00e+00	0.00e+00	0.00e+00	0.00e+00	8.89e-01	3.96e-02	3.31e-02
 1.13890e+17	9.63e-01	3.70e-02	1.31e-06	0.00e+00	0.00e+00	0.00e+00	0.00e+00	0.00e+00	0.00e+00	8.91e-01	3.93e-02	3.28e-02
 1.13937e+17	9.64e-01	3.55e-02	1.17e-06	0.00e+00	0.00e+00	0.00e+00	0.00e+00	0.00e+00	0.00e+00	8.93e-01	3.89e-02	3.25e-02
 1.13985e+17	9.66e-01	3.41e-02	1.05e-06	0.00e+00	0.00e+00	0.00e+00	0.00e+00	0.00e+00	0.00e+00	8.95e-01	3.86e-02	3.23e-02
 1.14031e+17	9.67e-01	3.27e-02	9.38e-07	0.00e+00	0.00e+00	0.00e+00	0.00e+00	0.00e+00	0.00e+00	8.97e-01	3.83e-02	3.20e-02
 1.14076e+17	9.69e-01	3.14e-02	8.43e-07	0.00e+00	0.00e+00	0.00e+00	0.00e+00	0.00e+00	0.00e+00	8.99e-01	3.81e-02	3.18e-02
 1.14121e+17	9.70e-01	3.02e-02	7.57e-07	0.00e+00	0.00e+00	0.00e+00	0.00e+00	0.00e+00	0.00e+00	9.01e-01	3.78e-02	3.15e-02
 1.14166e+17	9.71e-01	2.89e-02	6.80e-07	0.00e+00	0.00e+00	0.00e+00	0.00e+00	0.00e+00	0.00e+00	9.02e-01	3.75e-02	3.13e-02
 1.14211e+17	9.72e-01	2.78e-02	6.11e-07	0.00e+00	0.00e+00	0.00e+00	0.00e+00	0.00e+00	0.00e+00	9.04e-01	3.72e-02	3.10e-02
 1.14254e+17	9.73e-01	2.67e-02	5.51e-07	0.00e+00	0.00e+00	0.00e+00	0.00e+00	0.00e+00	0.00e+00	9.06e-01	3.70e-02	3.08e-02
 1.14297e+17	9.74e-01	2.56e-02	4.97e-07	0.00e+00	0.00e+00	0.00e+00	0.00e+00	0.00e+00	0.00e+00	9.07e-01	3.67e-02	3.06e-02
 1.14339e+17	9.75e-01	2.46e-02	4.50e-07	0.00e+00	0.00e+00	0.00e+00	0.00e+00	0.00e+00	0.00e+00	9.09e-01	3.65e-02	3.04e-02
 1.14377e+17	9.76e-01	2.37e-02	4.10e-07	0.00e+00	0.00e+00	0.00e+00	0.00e+00	0.00e+00	0.00e+00	9.10e-01	3.63e-02	3.02e-02
 1.14413e+17	9.77e-01	2.29e-02	3.78e-07	0.00e+00	0.00e+00	0.00e+00	0.00e+00	0.00e+00	0.00e+00	9.11e-01	3.61e-02	3.00e-02
 1.14445e+17	9.78e-01	2.22e-02	3.51e-07	0.00e+00	0.00e+00	0.00e+00	0.00e+00	0.00e+00	0.00e+00	9.12e-01	3.59e-02	2.98e-02
 1.14474e+17	9.78e-01	2.16e-02	3.28e-07	0.00e+00	0.00e+00	0.00e+00	0.00e+00	0.00e+00	0.00e+00	9.13e-01	3.57e-02	2.97e-02
 1.14501e+17	9.79e-01	2.10e-02	3.08e-07	0.00e+00	0.00e+00	0.00e+00	0.00e+00	0.00e+00	0.00e+00	9.14e-01	3.56e-02	2.95e-02
 1.14527e+17	9.79e-01	2.05e-02	2.90e-07	0.00e+00	0.00e+00	0.00e+00	0.00e+00	0.00e+00	0.00e+00	9.15e-01	3.54e-02	2.94e-02
 1.14551e+17	9.80e-01	2.00e-02	2.74e-07	0.00e+00	0.00e+00	0.00e+00	0.00e+00	0.00e+00	0.00e+00	9.15e-01	3.53e-02	2.93e-02
 1.14573e+17	9.80e-01	1.96e-02	2.60e-07	0.00e+00	0.00e+00	0.00e+00	0.00e+00	0.00e+00	0.00e+00	9.16e-01	3.52e-02	2.92e-02
 1.14593e+17	9.81e-01	1.92e-02	2.48e-07	0.00e+00	0.00e+00	0.00e+00	0.00e+00	0.00e+00	0.00e+00	9.17e-01	3.51e-02	2.91e-02
 1.14613e+17	9.81e-01	1.88e-02	2.38e-07	0.00e+00	0.00e+00	0.00e+00	0.00e+00	0.00e+00	0.00e+00	9.17e-01	3.50e-02	2.90e-02
 1.14631e+17	9.82e-01	1.84e-02	2.28e-07	0.00e+00	0.00e+00	0.00e+00	0.00e+00	0.00e+00	0.00e+00	9.18e-01	3.49e-02	2.89e-02
 1.14648e+17	9.82e-01	1.80e-02	2.19e-07	0.00e+00	0.00e+00	0.00e+00	0.00e+00	0.00e+00	0.00e+00	9.18e-01	3.47e-02	2.88e-02
 1.14664e+17	9.82e-01	1.77e-02	2.11e-07	0.00e+00	0.00e+00	0.00e+00	0.00e+00	0.00e+00	0.00e+00	9.19e-01	3.46e-02	2.87e-02
 1.14679e+17	9.83e-01	1.74e-02	2.03e-07	0.00e+00	0.00e+00	0.00e+00	0.00e+00	0.00e+00	0.00e+00	9.19e-01	3.45e-02	2.86e-02
 1.14694e+17	9.83e-01	1.71e-02	1.96e-07	0.00e+00	0.00e+00	0.00e+00	0.00e+00	0.00e+00	0.00e+00	9.20e-01	3.44e-02	2.85e-02
 1.14708e+17	9.83e-01	1.68e-02	1.90e-07	0.00e+00	0.00e+00	0.00e+00	0.00e+00	0.00e+00	0.00e+00	9.20e-01	3.43e-02	2.84e-02
 1.14721e+17	9.83e-01	1.66e-02	1.84e-07	0.00e+00	0.00e+00	0.00e+00	0.00e+00	0.00e+00	0.00e+00	9.21e-01	3.43e-02	2.83e-02
 1.14733e+17	9.84e-01	1.63e-02	1.79e-07	0.00e+00	0.00e+00	0.00e+00	0.00e+00	0.00e+00	0.00e+00	9.21e-01	3.42e-02	2.82e-02
 1.14745e+17	9.84e-01	1.60e-02	1.74e-07	0.00e+00	0.00e+00	0.00e+00	0.00e+00	0.00e+00	0.00e+00	9.22e-01	3.41e-02	2.81e-02
 1.14756e+17	9.84e-01	1.58e-02	1.69e-07	0.00e+00	0.00e+00	0.00e+00	0.00e+00	0.00e+00	0.00e+00	9.22e-01	3.40e-02	2.81e-02
 1.14767e+17	9.84e-01	1.56e-02	1.65e-07	0.00e+00	0.00e+00	0.00e+00	0.00e+00	0.00e+00	0.00e+00	9.23e-01	3.39e-02	2.80e-02
 1.14778e+17	9.85e-01	1.53e-02	1.61e-07	0.00e+00	0.00e+00	0.00e+00	0.00e+00	0.00e+00	0.00e+00	9.23e-01	3.38e-02	2.79e-02
 1.14788e+17	9.85e-01	1.51e-02	1.57e-07	0.00e+00	0.00e+00	0.00e+00	0.00e+00	0.00e+00	0.00e+00	9.23e-01	3.37e-02	2.78e-02
 1.14799e+17	9.85e-01	1.49e-02	1.53e-07	0.00e+00	0.00e+00	0.00e+00	0.00e+00	0.00e+00	0.00e+00	9.24e-01	3.37e-02	2.77e-02
 1.14808e+17	9.85e-01	1.46e-02	1.49e-07	0.00e+00	0.00e+00	0.00e+00	0.00e+00	0.00e+00	0.00e+00	9.24e-01	3.36e-02	2.77e-02
 1.14818e+17	9.86e-01	1.44e-02	1.45e-07	0.00e+00	0.00e+00	0.00e+00	0.00e+00	0.00e+00	0.00e+00	9.25e-01	3.35e-02	2.76e-02
 1.14828e+17	9.86e-01	1.42e-02	1.42e-07	0.00e+00	0.00e+00	0.00e+00	0.00e+00	0.00e+00	0.00e+00	9.25e-01	3.34e-02	2.75e-02
 1.14838e+17	9.86e-01	1.40e-02	1.38e-07	0.00e+00	0.00e+00	0.00e+00	0.00e+00	0.00e+00	0.00e+00	9.25e-01	3.33e-02	2.74e-02
 1.14848e+17	9.86e-01	1.37e-02	1.35e-07	0.00e+00	0.00e+00	0.00e+00	0.00e+00	0.00e+00	0.00e+00	9.26e-01	3.32e-02	2.73e-02
 1.14859e+17	9.87e-01	1.34e-02	1.31e-07	0.00e+00	0.00e+00	0.00e+00	0.00e+00	0.00e+00	0.00e+00	9.26e-01	3.31e-02	2.72e-02
 1.14870e+17	9.87e-01	1.31e-02	1.27e-07	0.00e+00	0.00e+00	0.00e+00	0.00e+00	0.00e+00	0.00e+00	9.27e-01	3.30e-02	2.71e-02
 1.14882e+17	9.87e-01	1.28e-02	1.23e-07	0.00e+00	0.00e+00	0.00e+00	0.00e+00	0.00e+00	0.00e+00	9.27e-01	3.28e-02	2.69e-02
 1.14894e+17	9.87e-01	1.25e-02	1.19e-07	0.00e+00	0.00e+00	0.00e+00	0.00e+00	0.00e+00	0.00e+00	9.28e-01	3.27e-02	2.68e-02
 1.14905e+17	9.88e-01	1.22e-02	1.15e-07	0.00e+00	0.00e+00	0.00e+00	0.00e+00	0.00e+00	0.00e+00	9.29e-01	3.26e-02	2.67e-02
 1.14915e+17	9.88e-01	1.19e-02	1.12e-07	0.00e+00	0.00e+00	0.00e+00	0.00e+00	0.00e+00	0.00e+00	9.29e-01	3.24e-02	2.66e-02
 1.14924e+17	9.88e-01	1.17e-02	1.09e-07	0.00e+00	0.00e+00	0.00e+00	0.00e+00	0.00e+00	0.00e+00	9.30e-01	3.23e-02	2.64e-02
 1.14933e+17	9.89e-01	1.14e-02	1.06e-07	0.00e+00	0.00e+00	0.00e+00	0.00e+00	0.00e+00	0.00e+00	9.30e-01	3.22e-02	2.63e-02
 1.14942e+17	9.89e-01	1.12e-02	1.03e-07	0.00e+00	0.00e+00	0.00e+00	0.00e+00	0.00e+00	0.00e+00	9.31e-01	3.21e-02	2.62e-02
 1.14949e+17	9.89e-01	1.10e-02	1.01e-07	0.00e+00	0.00e+00	0.00e+00	0.00e+00	0.00e+00	0.00e+00	9.31e-01	3.20e-02	2.61e-02
 1.14956e+17	9.89e-01	1.08e-02	9.90e-08	0.00e+00	0.00e+00	0.00e+00	0.00e+00	0.00e+00	0.00e+00	9.31e-01	3.19e-02	2.60e-02
 1.14962e+17	9.89e-01	1.07e-02	9.71e-08	0.00e+00	0.00e+00	0.00e+00	0.00e+00	0.00e+00	0.00e+00	9.32e-01	3.18e-02	2.59e-02
 1.14968e+17	9.89e-01	1.05e-02	9.54e-08	0.00e+00	0.00e+00	0.00e+00	0.00e+00	0.00e+00	0.00e+00	9.32e-01	3.17e-02	2.58e-02
 1.14973e+17	9.90e-01	1.04e-02	9.39e-08	0.00e+00	0.00e+00	0.00e+00	0.00e+00	0.00e+00	0.00e+00	9.32e-01	3.16e-02	2.57e-02
 1.14978e+17	9.90e-01	1.03e-02	9.21e-08	0.00e+00	0.00e+00	0.00e+00	0.00e+00	0.00e+00	0.00e+00	9.33e-01	3.15e-02	2.57e-02
 1.14984e+17	9.90e-01	1.01e-02	9.03e-08	0.00e+00	0.00e+00	0.00e+00	0.00e+00	0.00e+00	0.00e+00	9.33e-01	3.14e-02	2.56e-02
 1.14990e+17	9.90e-01	9.98e-03	8.87e-08	0.00e+00	0.00e+00	0.00e+00	0.00e+00	0.00e+00	0.00e+00	9.33e-01	3.13e-02	2.55e-02
 1.14996e+17	9.90e-01	9.82e-03	8.68e-08	0.00e+00	0.00e+00	0.00e+00	0.00e+00	0.00e+00	0.00e+00	9.34e-01	3.12e-02	2.54e-02
 1.15003e+17	9.90e-01	9.66e-03	8.49e-08	0.00e+00	0.00e+00	0.00e+00	0.00e+00	0.00e+00	0.00e+00	9.34e-01	3.10e-02	2.53e-02
 1.15008e+17	9.90e-01	9.52e-03	8.32e-08	0.00e+00	0.00e+00	0.00e+00	0.00e+00	0.00e+00	0.00e+00	9.34e-01	3.09e-02	2.52e-02
 1.15014e+17	9.91e-01	9.40e-03	8.17e-08	0.00e+00	0.00e+00	0.00e+00	0.00e+00	0.00e+00	0.00e+00	9.35e-01	3.08e-02	2.51e-02
 1.15020e+17	9.91e-01	9.25e-03	7.99e-08	0.00e+00	0.00e+00	0.00e+00	0.00e+00	0.00e+00	0.00e+00	9.35e-01	3.07e-02	2.50e-02
 1.15026e+17	9.91e-01	9.10e-03	7.80e-08	0.00e+00	0.00e+00	0.00e+00	0.00e+00	0.00e+00	0.00e+00	9.35e-01	3.06e-02	2.49e-02
 1.15032e+17	9.91e-01	8.96e-03	7.64e-08	0.00e+00	0.00e+00	0.00e+00	0.00e+00	0.00e+00	0.00e+00	9.36e-01	3.05e-02	2.48e-02
 1.15037e+17	9.91e-01	8.86e-03	7.51e-08	0.00e+00	0.00e+00	0.00e+00	0.00e+00	0.00e+00	0.00e+00	9.36e-01	3.04e-02	2.47e-02
 1.15043e+17	9.91e-01	8.76e-03	7.36e-08	0.00e+00	0.00e+00	0.00e+00	0.00e+00	0.00e+00	0.00e+00	9.36e-01	3.03e-02	2.47e-02
 1.15051e+17	9.91e-01	8.62e-03	7.16e-08	0.00e+00	0.00e+00	0.00e+00	0.00e+00	0.00e+00	0.00e+00	9.37e-01	3.02e-02	2.46e-02
 1.15059e+17	9.92e-01	8.47e-03	6.96e-08	0.00e+00	0.00e+00	0.00e+00	0.00e+00	0.00e+00	0.00e+00	9.37e-01	3.01e-02	2.45e-02
 1.15066e+17	9.92e-01	8.33e-03	6.78e-08	0.00e+00	0.00e+00	0.00e+00	0.00e+00	0.00e+00	0.00e+00	9.37e-01	3.00e-02	2.44e-02
 1.15073e+17	9.92e-01	8.21e-03	6.62e-08	0.00e+00	0.00e+00	0.00e+00	0.00e+00	0.00e+00	0.00e+00	9.38e-01	2.99e-02	2.43e-02
 1.15080e+17	9.92e-01	8.08e-03	6.44e-08	0.00e+00	0.00e+00	0.00e+00	0.00e+00	0.00e+00	0.00e+00	9.38e-01	2.98e-02	2.42e-02
 1.15088e+17	9.92e-01	7.94e-03	6.26e-08	0.00e+00	0.00e+00	0.00e+00	0.00e+00	0.00e+00	0.00e+00	9.38e-01	2.97e-02	2.41e-02
 1.15096e+17	9.92e-01	7.82e-03	6.10e-08	0.00e+00	0.00e+00	0.00e+00	0.00e+00	0.00e+00	0.00e+00	9.39e-01	2.96e-02	2.40e-02
 1.15102e+17	9.92e-01	7.70e-03	5.95e-08	0.00e+00	0.00e+00	0.00e+00	0.00e+00	0.00e+00	0.00e+00	9.39e-01	2.95e-02	2.39e-02
 1.15109e+17	9.92e-01	7.58e-03	5.79e-08	0.00e+00	0.00e+00	0.00e+00	0.00e+00	0.00e+00	0.00e+00	9.39e-01	2.94e-02	2.38e-02
 1.15117e+17	9.93e-01	7.44e-03	5.61e-08	0.00e+00	0.00e+00	0.00e+00	0.00e+00	0.00e+00	0.00e+00	9.40e-01	2.93e-02	2.36e-02
 1.15124e+17	9.93e-01	7.32e-03	5.46e-08	0.00e+00	0.00e+00	0.00e+00	0.00e+00	0.00e+00	0.00e+00	9.40e-01	2.92e-02	2.35e-02
 1.15132e+17	9.93e-01	7.18e-03	5.28e-08	0.00e+00	0.00e+00	0.00e+00	0.00e+00	0.00e+00	0.00e+00	9.40e-01	2.90e-02	2.34e-02
