#depth	H	H+	H2
 3.52975e+12	9.62e-04	9.99e-01	1.91e-14
 2.11785e+13	9.61e-04	9.99e-01	1.91e-14
 9.17735e+13	9.60e-04	9.99e-01	1.91e-14
 3.74154e+14	9.57e-04	9.99e-01	1.93e-14
 8.93733e+14	9.38e-04	9.99e-01	1.93e-14
 1.56919e+15	9.24e-04	9.99e-01	1.95e-14
 2.44727e+15	9.13e-04	9.99e-01	1.98e-14
 3.58879e+15	9.05e-04	9.99e-01	2.05e-14
 5.07276e+15	9.02e-04	9.99e-01	2.15e-14
 7.00192e+15	9.07e-04	9.99e-01	2.31e-14
 9.01086e+15	9.08e-04	9.99e-01	2.48e-14
 1.06552e+16	9.16e-04	9.99e-01	2.64e-14
 1.19951e+16	9.30e-04	9.99e-01	2.81e-14
 1.31839e+16	9.48e-04	9.99e-01	3.00e-14
 1.43272e+16	9.71e-04	9.99e-01	3.22e-14
 1.54570e+16	9.98e-04	9.99e-01	3.47e-14
 1.65753e+16	1.03e-03	9.99e-01	3.75e-14
 1.75666e+16	1.06e-03	9.99e-01	4.03e-14
 1.84183e+16	1.08e-03	9.99e-01	4.32e-14
 1.93789e+16	1.12e-03	9.99e-01	4.67e-14
 2.06276e+16	1.17e-03	9.99e-01	5.12e-14
 2.22509e+16	1.22e-03	9.99e-01	5.73e-14
 2.43268e+16	1.29e-03	9.99e-01	6.49e-14
 2.67595e+16	1.37e-03	9.99e-01	7.35e-14
 2.94354e+16	1.47e-03	9.99e-01	8.36e-14
 3.23790e+16	1.58e-03	9.98e-01	9.57e-14
 3.56169e+16	1.72e-03	9.98e-01	1.11e-13
 3.91786e+16	1.90e-03	9.98e-01	1.31e-13
 4.30964e+16	2.12e-03	9.98e-01	1.57e-13
 4.74061e+16	2.43e-03	9.98e-01	1.94e-13
 5.21467e+16	2.84e-03	9.97e-01	2.47e-13
 5.67731e+16	3.35e-03	9.97e-01	3.16e-13
 5.96485e+16	3.76e-03	9.96e-01	3.75e-13
 6.07816e+16	3.93e-03	9.96e-01	4.01e-13
 6.17039e+16	4.08e-03	9.96e-01	4.23e-13
 6.29028e+16	4.28e-03	9.96e-01	4.55e-13
 6.44615e+16	4.56e-03	9.95e-01	4.98e-13
 6.64877e+16	4.96e-03	9.95e-01	5.63e-13
 6.84713e+16	5.41e-03	9.95e-01	6.36e-13
 6.99176e+16	5.78e-03	9.94e-01	7.01e-13
 7.11262e+16	6.11e-03	9.94e-01	7.59e-13
 7.25076e+16	6.51e-03	9.93e-01	8.33e-13
 7.43034e+16	7.10e-03	9.93e-01	9.39e-13
 7.60574e+16	7.76e-03	9.92e-01	1.07e-12
 7.73292e+16	8.30e-03	9.92e-01	1.17e-12
 7.85546e+16	8.85e-03	9.91e-01	1.28e-12
 8.01477e+16	9.64e-03	9.90e-01	1.44e-12
 8.17288e+16	1.06e-02	9.89e-01	1.64e-12
 8.29085e+16	1.13e-02	9.89e-01	1.80e-12
 8.39037e+16	1.21e-02	9.88e-01	1.96e-12
 8.50448e+16	1.30e-02	9.87e-01	2.16e-12
 8.63280e+16	1.41e-02	9.86e-01	2.41e-12
 8.75186e+16	1.53e-02	9.85e-01	2.69e-12
 8.85553e+16	1.65e-02	9.84e-01	2.98e-12
 8.95193e+16	1.77e-02	9.82e-01	3.27e-12
 9.06221e+16	1.93e-02	9.81e-01	3.66e-12
 9.17907e+16	2.12e-02	9.79e-01	4.14e-12
 9.27621e+16	2.31e-02	9.77e-01	4.61e-12
 9.35787e+16	2.48e-02	9.75e-01	5.07e-12
 9.44766e+16	2.70e-02	9.73e-01	5.65e-12
 9.54545e+16	2.98e-02	9.70e-01	6.38e-12
 9.63031e+16	3.26e-02	9.67e-01	7.16e-12
 9.70185e+16	3.53e-02	9.65e-01	7.93e-12
 9.77944e+16	3.86e-02	9.61e-01	8.88e-12
 9.86383e+16	4.29e-02	9.57e-01	1.01e-11
 9.93689e+16	4.72e-02	9.53e-01	1.14e-11
 9.99873e+16	5.15e-02	9.49e-01	1.28e-11
 1.00662e+17	5.68e-02	9.43e-01	1.44e-11
 1.01401e+17	6.40e-02	9.36e-01	1.67e-11
 1.02050e+17	7.16e-02	9.28e-01	1.93e-11
 1.02551e+17	7.84e-02	9.22e-01	2.16e-11
 1.02952e+17	8.44e-02	9.16e-01	2.37e-11
 1.03391e+17	9.22e-02	9.08e-01	2.65e-11
 1.03871e+17	1.02e-01	8.98e-01	3.02e-11
 1.04288e+17	1.12e-01	8.88e-01	3.40e-11
 1.04638e+17	1.21e-01	8.79e-01	3.75e-11
 1.05015e+17	1.33e-01	8.67e-01	4.22e-11
 1.05420e+17	1.47e-01	8.53e-01	4.83e-11
 1.05763e+17	1.61e-01	8.39e-01	5.44e-11
 1.06051e+17	1.74e-01	8.26e-01	6.01e-11
 1.06365e+17	1.90e-01	8.10e-01	6.78e-11
 1.06705e+17	2.10e-01	7.90e-01	7.75e-11
 1.07000e+17	2.29e-01	7.71e-01	8.73e-11
 1.07253e+17	2.47e-01	7.53e-01	9.67e-11
 1.07532e+17	2.68e-01	7.32e-01	1.09e-10
 1.07838e+17	2.96e-01	7.04e-01	1.25e-10
 1.08108e+17	3.22e-01	6.78e-01	1.42e-10
 1.08337e+17	3.45e-01	6.55e-01	1.58e-10
 1.08568e+17	3.71e-01	6.29e-01	1.77e-10
 1.08834e+17	4.02e-01	5.98e-01	2.01e-10
 1.09092e+17	4.35e-01	5.65e-01	2.29e-10
 1.09293e+17	4.62e-01	5.38e-01	2.53e-10
 1.09460e+17	4.84e-01	5.16e-01	2.75e-10
 1.09624e+17	5.06e-01	4.94e-01	2.99e-10
 1.09793e+17	5.30e-01	4.70e-01	3.26e-10
 1.09924e+17	5.48e-01	4.52e-01	3.47e-10
 1.10002e+17	5.58e-01	4.42e-01	3.60e-10
 1.10076e+17	5.68e-01	4.32e-01	3.73e-10
 1.10172e+17	5.82e-01	4.18e-01	3.93e-10
 1.10275e+17	5.97e-01	4.03e-01	4.14e-10
 1.10364e+17	6.09e-01	3.91e-01	4.32e-10
 1.10444e+17	6.21e-01	3.79e-01	4.50e-10
 1.10527e+17	6.32e-01	3.68e-01	4.69e-10
 1.10613e+17	6.45e-01	3.55e-01	4.92e-10
 1.10699e+17	6.57e-01	3.43e-01	5.12e-10
 1.10780e+17	6.68e-01	3.32e-01	5.35e-10
 1.10860e+17	6.79e-01	3.21e-01	5.56e-10
 1.10940e+17	6.91e-01	3.09e-01	5.81e-10
 1.11019e+17	7.02e-01	2.98e-01	6.03e-10
 1.11098e+17	7.12e-01	2.88e-01	6.30e-10
 1.11177e+17	7.23e-01	2.77e-01	6.56e-10
 1.11253e+17	7.33e-01	2.67e-01	6.83e-10
 1.11329e+17	7.43e-01	2.57e-01	7.08e-10
 1.11406e+17	7.53e-01	2.47e-01	7.40e-10
 1.11482e+17	7.62e-01	2.38e-01	7.67e-10
 1.11556e+17	7.72e-01	2.28e-01	7.99e-10
 1.11630e+17	7.81e-01	2.19e-01	8.31e-10
 1.11703e+17	7.89e-01	2.11e-01	8.63e-10
 1.11776e+17	7.98e-01	2.02e-01	8.97e-10
 1.11848e+17	8.06e-01	1.94e-01	9.33e-10
 1.11920e+17	8.14e-01	1.86e-01	9.69e-10
 1.11992e+17	8.22e-01	1.78e-01	1.01e-09
 1.12062e+17	8.29e-01	1.71e-01	1.05e-09
 1.12132e+17	8.36e-01	1.64e-01	1.09e-09
 1.12201e+17	8.43e-01	1.57e-01	1.13e-09
 1.12269e+17	8.50e-01	1.50e-01	1.17e-09
 1.12335e+17	8.56e-01	1.44e-01	1.22e-09
 1.12402e+17	8.62e-01	1.38e-01	1.27e-09
 1.12468e+17	8.68e-01	1.32e-01	1.31e-09
 1.12532e+17	8.73e-01	1.27e-01	1.37e-09
 1.12593e+17	8.78e-01	1.22e-01	1.42e-09
 1.12655e+17	8.83e-01	1.17e-01	1.47e-09
 1.12718e+17	8.88e-01	1.12e-01	1.53e-09
 1.12778e+17	8.93e-01	1.07e-01	1.59e-09
 1.12837e+17	8.97e-01	1.03e-01	1.65e-09
 1.12895e+17	9.01e-01	9.88e-02	1.72e-09
 1.12954e+17	9.05e-01	9.48e-02	1.79e-09
 1.13011e+17	9.09e-01	9.09e-02	1.86e-09
 1.13068e+17	9.13e-01	8.73e-02	1.93e-09
 1.13123e+17	9.16e-01	8.39e-02	2.01e-09
 1.13178e+17	9.19e-01	8.05e-02	2.10e-09
 1.13232e+17	9.23e-01	7.73e-02	2.19e-09
 1.13287e+17	9.26e-01	7.42e-02	2.29e-09
 1.13340e+17	9.29e-01	7.13e-02	2.39e-09
 1.13392e+17	9.31e-01	6.85e-02	2.50e-09
 1.13444e+17	9.34e-01	6.59e-02	2.61e-09
 1.13496e+17	9.37e-01	6.33e-02	2.74e-09
 1.13548e+17	9.39e-01	6.07e-02	2.88e-09
 1.13597e+17	9.42e-01	5.84e-02	3.03e-09
 1.13647e+17	9.44e-01	5.61e-02	3.19e-09
 1.13697e+17	9.46e-01	5.39e-02	3.37e-09
 1.13747e+17	9.48e-01	5.17e-02	3.56e-09
 1.13795e+17	9.50e-01	4.98e-02	3.77e-09
 1.13843e+17	9.52e-01	4.79e-02	3.99e-09
 1.13890e+17	9.54e-01	4.60e-02	4.25e-09
 1.13937e+17	9.56e-01	4.42e-02	4.55e-09
 1.13985e+17	9.58e-01	4.24e-02	4.89e-09
 1.14031e+17	9.59e-01	4.08e-02	5.27e-09
 1.14076e+17	9.61e-01	3.92e-02	5.70e-09
 1.14121e+17	9.62e-01	3.77e-02	6.20e-09
 1.14166e+17	9.64e-01	3.62e-02	6.79e-09
 1.14211e+17	9.65e-01	3.47e-02	7.48e-09
 1.14254e+17	9.67e-01	3.34e-02	8.29e-09
 1.14297e+17	9.68e-01	3.21e-02	9.26e-09
 1.14339e+17	9.69e-01	3.08e-02	1.04e-08
 1.14377e+17	9.70e-01	2.97e-02	1.17e-08
 1.14413e+17	9.71e-01	2.88e-02	1.31e-08
 1.14445e+17	9.72e-01	2.79e-02	1.47e-08
 1.14474e+17	9.73e-01	2.72e-02	1.65e-08
 1.14501e+17	9.73e-01	2.65e-02	1.84e-08
 1.14527e+17	9.74e-01	2.59e-02	2.07e-08
 1.14551e+17	9.75e-01	2.53e-02	2.33e-08
 1.14573e+17	9.75e-01	2.47e-02	2.60e-08
 1.14593e+17	9.76e-01	2.42e-02	2.91e-08
 1.14613e+17	9.76e-01	2.37e-02	3.25e-08
 1.14631e+17	9.77e-01	2.33e-02	3.63e-08
 1.14648e+17	9.77e-01	2.29e-02	4.07e-08
 1.14664e+17	9.78e-01	2.25e-02	4.55e-08
 1.14679e+17	9.78e-01	2.21e-02	5.08e-08
 1.14694e+17	9.78e-01	2.17e-02	5.68e-08
 1.14708e+17	9.79e-01	2.14e-02	6.35e-08
 1.14721e+17	9.79e-01	2.11e-02	7.09e-08
 1.14733e+17	9.79e-01	2.08e-02	7.92e-08
 1.14745e+17	9.80e-01	2.04e-02	8.84e-08
 1.14756e+17	9.80e-01	2.02e-02	9.86e-08
 1.14767e+17	9.80e-01	1.99e-02	1.10e-07
 1.14778e+17	9.80e-01	1.96e-02	1.22e-07
 1.14788e+17	9.81e-01	1.93e-02	1.36e-07
 1.14799e+17	9.81e-01	1.90e-02	1.52e-07
 1.14808e+17	9.81e-01	1.88e-02	1.69e-07
 1.14818e+17	9.82e-01	1.85e-02	1.88e-07
 1.14828e+17	9.82e-01	1.82e-02	2.08e-07
 1.14838e+17	9.82e-01	1.79e-02	2.30e-07
 1.14848e+17	9.82e-01	1.76e-02	2.54e-07
 1.14859e+17	9.83e-01	1.73e-02	2.81e-07
 1.14870e+17	9.83e-01	1.70e-02	3.09e-07
 1.14882e+17	9.83e-01	1.66e-02	3.39e-07
 1.14894e+17	9.84e-01	1.62e-02	3.65e-07
 1.14905e+17	9.84e-01	1.58e-02	3.86e-07
 1.14915e+17	9.84e-01	1.55e-02	4.03e-07
 1.14924e+17	9.85e-01	1.52e-02	4.17e-07
 1.14933e+17	9.85e-01	1.49e-02	4.29e-07
 1.14942e+17	9.85e-01	1.47e-02	4.37e-07
 1.14949e+17	9.86e-01	1.44e-02	4.45e-07
 1.14956e+17	9.86e-01	1.42e-02	4.51e-07
 1.14962e+17	9.86e-01	1.40e-02	4.57e-07
 1.14968e+17	9.86e-01	1.39e-02	4.62e-07
 1.14973e+17	9.86e-01	1.37e-02	4.66e-07
 1.14978e+17	9.86e-01	1.36e-02	4.71e-07
 1.14984e+17	9.87e-01	1.34e-02	4.77e-07
 1.14990e+17	9.87e-01	1.32e-02	4.81e-07
 1.14996e+17	9.87e-01	1.30e-02	4.87e-07
 1.15003e+17	9.87e-01	1.29e-02	4.93e-07
 1.15008e+17	9.87e-01	1.27e-02	4.99e-07
 1.15014e+17	9.87e-01	1.25e-02	5.05e-07
 1.15020e+17	9.88e-01	1.24e-02	5.11e-07
 1.15026e+17	9.88e-01	1.22e-02	5.18e-07
 1.15032e+17	9.88e-01	1.20e-02	5.25e-07
 1.15037e+17	9.88e-01	1.19e-02	5.29e-07
 1.15043e+17	9.88e-01	1.18e-02	5.34e-07
 1.15051e+17	9.88e-01	1.16e-02	5.41e-07
 1.15059e+17	9.89e-01	1.15e-02	5.49e-07
 1.15066e+17	9.89e-01	1.13e-02	5.56e-07
 1.15073e+17	9.89e-01	1.12e-02	5.63e-07
 1.15080e+17	9.89e-01	1.10e-02	5.71e-07
 1.15088e+17	9.89e-01	1.08e-02	5.79e-07
 1.15096e+17	9.89e-01	1.07e-02	5.87e-07
 1.15102e+17	9.89e-01	1.05e-02	5.95e-07
 1.15109e+17	9.90e-01	1.04e-02	6.03e-07
 1.15117e+17	9.90e-01	1.02e-02	6.13e-07
 1.15124e+17	9.90e-01	1.01e-02	6.22e-07
 1.15132e+17	9.90e-01	9.93e-03	6.33e-07
