#depth	He	He+	He+2
 2.88069e+11	1.59e-03	9.69e-01	2.94e-02
 1.72841e+12	1.59e-03	9.69e-01	2.94e-02
 7.48979e+12	1.59e-03	9.69e-01	2.91e-02
 3.05353e+13	1.60e-03	9.70e-01	2.79e-02
 7.29391e+13	1.60e-03	9.72e-01	2.66e-02
 1.28064e+14	1.61e-03	9.74e-01	2.45e-02
 1.99726e+14	1.62e-03	9.77e-01	2.17e-02
 2.92887e+14	1.64e-03	9.80e-01	1.82e-02
 4.13997e+14	1.66e-03	9.84e-01	1.42e-02
 5.71439e+14	1.68e-03	9.88e-01	1.02e-02
 7.76114e+14	1.71e-03	9.92e-01	6.50e-03
 1.04219e+15	1.75e-03	9.95e-01	3.61e-03
 1.38809e+15	1.80e-03	9.97e-01	1.68e-03
 1.83776e+15	1.86e-03	9.98e-01	6.37e-04
 2.42233e+15	1.93e-03	9.98e-01	1.87e-04
 3.03287e+15	2.00e-03	9.98e-01	5.13e-05
 3.57864e+15	2.07e-03	9.98e-01	1.71e-05
 4.18961e+15	2.15e-03	9.98e-01	5.45e-06
 4.98386e+15	2.26e-03	9.98e-01	1.37e-06
 6.01640e+15	2.40e-03	9.98e-01	2.71e-07
 6.93000e+15	2.52e-03	9.97e-01	7.23e-08
 7.62300e+15	2.62e-03	9.97e-01	3.11e-08
 8.38530e+15	2.74e-03	9.97e-01	1.36e-08
 9.22383e+15	2.87e-03	9.97e-01	6.01e-09
 1.00589e+16	3.00e-03	9.97e-01	2.93e-09
 1.08149e+16	3.13e-03	9.97e-01	1.62e-09
 1.15065e+16	3.25e-03	9.97e-01	9.88e-10
 1.21526e+16	3.37e-03	9.97e-01	6.45e-10
 1.27630e+16	3.48e-03	9.97e-01	4.45e-10
 1.33473e+16	3.60e-03	9.96e-01	3.19e-10
 1.39181e+16	3.71e-03	9.96e-01	2.37e-10
 1.44768e+16	3.83e-03	9.96e-01	1.82e-10
 1.50266e+16	3.95e-03	9.96e-01	1.43e-10
 1.55698e+16	4.07e-03	9.96e-01	1.16e-10
 1.61069e+16	4.19e-03	9.96e-01	9.55e-11
 1.66379e+16	4.31e-03	9.96e-01	8.07e-11
 1.71626e+16	4.44e-03	9.96e-01	6.96e-11
 1.76801e+16	4.56e-03	9.95e-01	6.11e-11
 1.81899e+16	4.68e-03	9.95e-01	5.46e-11
 1.86912e+16	4.81e-03	9.95e-01	4.96e-11
 1.91852e+16	4.93e-03	9.95e-01	4.55e-11
 1.96711e+16	5.05e-03	9.95e-01	4.24e-11
 2.01460e+16	5.16e-03	9.95e-01	3.98e-11
 2.06092e+16	5.28e-03	9.95e-01	3.78e-11
 2.10609e+16	5.38e-03	9.95e-01	3.61e-11
 2.15006e+16	5.49e-03	9.95e-01	3.48e-11
 2.19274e+16	5.59e-03	9.94e-01	3.38e-11
 2.23418e+16	5.68e-03	9.94e-01	3.30e-11
 2.27446e+16	5.77e-03	9.94e-01	3.23e-11
 2.31362e+16	5.85e-03	9.94e-01	3.18e-11
 2.35170e+16	5.93e-03	9.94e-01	3.14e-11
 2.38886e+16	6.01e-03	9.94e-01	3.12e-11
 2.42525e+16	6.08e-03	9.94e-01	3.10e-11
 2.45977e+16	6.15e-03	9.94e-01	3.09e-11
 2.49110e+16	6.22e-03	9.94e-01	3.09e-11
 2.51981e+16	6.29e-03	9.94e-01	3.09e-11
 2.54754e+16	6.35e-03	9.94e-01	3.10e-11
 2.57527e+16	6.42e-03	9.94e-01	3.10e-11
 2.60300e+16	6.49e-03	9.94e-01	3.11e-11
 2.63073e+16	6.58e-03	9.93e-01	3.12e-11
 2.65846e+16	6.67e-03	9.93e-01	3.13e-11
 2.68620e+16	6.79e-03	9.93e-01	3.14e-11
 2.71393e+16	6.92e-03	9.93e-01	3.14e-11
 2.74166e+16	7.07e-03	9.93e-01	3.14e-11
 2.76430e+16	7.23e-03	9.93e-01	3.14e-11
