#depth	O	O+	O+2	O+3	O+4	O+5	O+6	O+7	O+8	O[1]	O[2]	O[3]
 2.88069e+11	1.96e-05	2.18e-02	9.60e-01	1.80e-02	3.24e-07	0.00e+00	0.00e+00	0.00e+00	0.00e+00	1.45e-05	3.44e-06	1.63e-06
 1.72841e+12	1.96e-05	2.18e-02	9.60e-01	1.80e-02	3.21e-07	0.00e+00	0.00e+00	0.00e+00	0.00e+00	1.45e-05	3.44e-06	1.63e-06
 7.48979e+12	1.96e-05	2.18e-02	9.60e-01	1.77e-02	3.13e-07	0.00e+00	0.00e+00	0.00e+00	0.00e+00	1.45e-05	3.44e-06	1.64e-06
 3.05353e+13	1.97e-05	2.19e-02	9.61e-01	1.67e-02	2.84e-07	0.00e+00	0.00e+00	0.00e+00	0.00e+00	1.46e-05	3.47e-06	1.65e-06
 7.29391e+13	1.96e-05	2.20e-02	9.63e-01	1.52e-02	2.43e-07	0.00e+00	0.00e+00	0.00e+00	0.00e+00	1.45e-05	3.47e-06	1.66e-06
 1.28064e+14	1.97e-05	2.21e-02	9.64e-01	1.34e-02	1.99e-07	0.00e+00	0.00e+00	0.00e+00	0.00e+00	1.45e-05	3.47e-06	1.67e-06
 1.99726e+14	1.97e-05	2.23e-02	9.66e-01	1.14e-02	1.53e-07	0.00e+00	0.00e+00	0.00e+00	0.00e+00	1.46e-05	3.49e-06	1.67e-06
 2.92887e+14	1.99e-05	2.25e-02	9.68e-01	9.20e-03	0.00e+00	0.00e+00	0.00e+00	0.00e+00	0.00e+00	1.47e-05	3.51e-06	1.68e-06
 4.13997e+14	2.01e-05	2.28e-02	9.70e-01	6.96e-03	0.00e+00	0.00e+00	0.00e+00	0.00e+00	0.00e+00	1.48e-05	3.54e-06	1.70e-06
 5.71439e+14	2.04e-05	2.33e-02	9.72e-01	4.85e-03	0.00e+00	0.00e+00	0.00e+00	0.00e+00	0.00e+00	1.51e-05	3.60e-06	1.73e-06
 7.76114e+14	2.09e-05	2.38e-02	9.73e-01	3.03e-03	0.00e+00	0.00e+00	0.00e+00	0.00e+00	0.00e+00	1.54e-05	3.67e-06	1.77e-06
 1.04219e+15	2.16e-05	2.46e-02	9.74e-01	1.65e-03	0.00e+00	0.00e+00	0.00e+00	0.00e+00	0.00e+00	1.60e-05	3.79e-06	1.82e-06
 1.38809e+15	2.26e-05	2.56e-02	9.74e-01	7.58e-04	0.00e+00	0.00e+00	0.00e+00	0.00e+00	0.00e+00	1.68e-05	3.96e-06	1.90e-06
 1.83776e+15	2.40e-05	2.70e-02	9.73e-01	2.83e-04	0.00e+00	0.00e+00	0.00e+00	0.00e+00	0.00e+00	1.78e-05	4.20e-06	2.01e-06
 2.42233e+15	2.61e-05	2.89e-02	9.71e-01	8.25e-05	0.00e+00	0.00e+00	0.00e+00	0.00e+00	0.00e+00	1.94e-05	4.55e-06	2.18e-06
 3.03287e+15	2.80e-05	3.10e-02	9.69e-01	2.38e-05	0.00e+00	0.00e+00	0.00e+00	0.00e+00	0.00e+00	2.08e-05	4.87e-06	2.34e-06
 3.57864e+15	3.00e-05	3.31e-02	9.67e-01	8.35e-06	0.00e+00	0.00e+00	0.00e+00	0.00e+00	0.00e+00	2.23e-05	5.21e-06	2.50e-06
 4.18961e+15	3.28e-05	3.55e-02	9.64e-01	2.76e-06	0.00e+00	0.00e+00	0.00e+00	0.00e+00	0.00e+00	2.44e-05	5.70e-06	2.74e-06
 4.98386e+15	3.68e-05	3.89e-02	9.61e-01	7.39e-07	0.00e+00	0.00e+00	0.00e+00	0.00e+00	0.00e+00	2.73e-05	6.40e-06	3.08e-06
 6.01640e+15	4.27e-05	4.35e-02	9.56e-01	1.64e-07	0.00e+00	0.00e+00	0.00e+00	0.00e+00	0.00e+00	3.17e-05	7.45e-06	3.58e-06
 6.93000e+15	4.79e-05	4.83e-02	9.52e-01	0.00e+00	0.00e+00	0.00e+00	0.00e+00	0.00e+00	0.00e+00	3.55e-05	8.36e-06	4.03e-06
 7.62300e+15	5.29e-05	5.20e-02	9.48e-01	0.00e+00	0.00e+00	0.00e+00	0.00e+00	0.00e+00	0.00e+00	3.91e-05	9.26e-06	4.47e-06
 8.38530e+15	5.90e-05	5.64e-02	9.44e-01	0.00e+00	0.00e+00	0.00e+00	0.00e+00	0.00e+00	0.00e+00	4.36e-05	1.04e-05	5.01e-06
 9.22383e+15	6.66e-05	6.16e-02	9.38e-01	0.00e+00	0.00e+00	0.00e+00	0.00e+00	0.00e+00	0.00e+00	4.91e-05	1.18e-05	5.70e-06
 1.00589e+16	7.52e-05	6.72e-02	9.33e-01	0.00e+00	0.00e+00	0.00e+00	0.00e+00	0.00e+00	0.00e+00	5.54e-05	1.34e-05	6.47e-06
 1.08149e+16	8.42e-05	7.27e-02	9.27e-01	0.00e+00	0.00e+00	0.00e+00	0.00e+00	0.00e+00	0.00e+00	6.19e-05	1.50e-05	7.29e-06
 1.15065e+16	9.35e-05	7.80e-02	9.22e-01	0.00e+00	0.00e+00	0.00e+00	0.00e+00	0.00e+00	0.00e+00	6.86e-05	1.68e-05	8.15e-06
 1.21526e+16	1.03e-04	8.33e-02	9.17e-01	0.00e+00	0.00e+00	0.00e+00	0.00e+00	0.00e+00	0.00e+00	7.56e-05	1.86e-05	9.06e-06
 1.27630e+16	1.14e-04	8.86e-02	9.11e-01	0.00e+00	0.00e+00	0.00e+00	0.00e+00	0.00e+00	0.00e+00	8.30e-05	2.06e-05	1.00e-05
 1.33473e+16	1.25e-04	9.39e-02	9.06e-01	0.00e+00	0.00e+00	0.00e+00	0.00e+00	0.00e+00	0.00e+00	9.08e-05	2.27e-05	1.11e-05
 1.39181e+16	1.36e-04	9.93e-02	9.01e-01	0.00e+00	0.00e+00	0.00e+00	0.00e+00	0.00e+00	0.00e+00	9.93e-05	2.50e-05	1.22e-05
 1.44768e+16	1.49e-04	1.05e-01	8.95e-01	0.00e+00	0.00e+00	0.00e+00	0.00e+00	0.00e+00	0.00e+00	1.08e-04	2.75e-05	1.34e-05
 1.50266e+16	1.63e-04	1.11e-01	8.89e-01	0.00e+00	0.00e+00	0.00e+00	0.00e+00	0.00e+00	0.00e+00	1.18e-04	3.02e-05	1.47e-05
 1.55698e+16	1.79e-04	1.16e-01	8.83e-01	0.00e+00	0.00e+00	0.00e+00	0.00e+00	0.00e+00	0.00e+00	1.29e-04	3.32e-05	1.62e-05
 1.61069e+16	1.95e-04	1.22e-01	8.77e-01	0.00e+00	0.00e+00	0.00e+00	0.00e+00	0.00e+00	0.00e+00	1.41e-04	3.64e-05	1.78e-05
 1.66379e+16	2.13e-04	1.28e-01	8.71e-01	0.00e+00	0.00e+00	0.00e+00	0.00e+00	0.00e+00	0.00e+00	1.53e-04	4.00e-05	1.96e-05
 1.71626e+16	2.32e-04	1.35e-01	8.65e-01	0.00e+00	0.00e+00	0.00e+00	0.00e+00	0.00e+00	0.00e+00	1.67e-04	4.39e-05	2.14e-05
 1.76801e+16	2.53e-04	1.41e-01	8.59e-01	0.00e+00	0.00e+00	0.00e+00	0.00e+00	0.00e+00	0.00e+00	1.81e-04	4.80e-05	2.35e-05
 1.81899e+16	2.75e-04	1.47e-01	8.53e-01	0.00e+00	0.00e+00	0.00e+00	0.00e+00	0.00e+00	0.00e+00	1.97e-04	5.25e-05	2.57e-05
 1.86912e+16	2.98e-04	1.53e-01	8.47e-01	0.00e+00	0.00e+00	0.00e+00	0.00e+00	0.00e+00	0.00e+00	2.13e-04	5.71e-05	2.80e-05
 1.91852e+16	3.22e-04	1.59e-01	8.41e-01	0.00e+00	0.00e+00	0.00e+00	0.00e+00	0.00e+00	0.00e+00	2.30e-04	6.20e-05	3.04e-05
 1.96711e+16	3.48e-04	1.65e-01	8.35e-01	0.00e+00	0.00e+00	0.00e+00	0.00e+00	0.00e+00	0.00e+00	2.48e-04	6.73e-05	3.30e-05
 2.01460e+16	3.75e-04	1.71e-01	8.29e-01	0.00e+00	0.00e+00	0.00e+00	0.00e+00	0.00e+00	0.00e+00	2.66e-04	7.28e-05	3.57e-05
 2.06092e+16	4.03e-04	1.76e-01	8.23e-01	0.00e+00	0.00e+00	0.00e+00	0.00e+00	0.00e+00	0.00e+00	2.86e-04	7.86e-05	3.86e-05
 2.10609e+16	4.32e-04	1.82e-01	8.18e-01	0.00e+00	0.00e+00	0.00e+00	0.00e+00	0.00e+00	0.00e+00	3.05e-04	8.46e-05	4.15e-05
 2.15006e+16	4.61e-04	1.87e-01	8.12e-01	0.00e+00	0.00e+00	0.00e+00	0.00e+00	0.00e+00	0.00e+00	3.26e-04	9.08e-05	4.46e-05
 2.19274e+16	4.92e-04	1.93e-01	8.07e-01	0.00e+00	0.00e+00	0.00e+00	0.00e+00	0.00e+00	0.00e+00	3.47e-04	9.73e-05	4.78e-05
 2.23418e+16	5.23e-04	1.98e-01	8.02e-01	0.00e+00	0.00e+00	0.00e+00	0.00e+00	0.00e+00	0.00e+00	3.68e-04	1.04e-04	5.10e-05
 2.27446e+16	5.55e-04	2.03e-01	7.96e-01	0.00e+00	0.00e+00	0.00e+00	0.00e+00	0.00e+00	0.00e+00	3.89e-04	1.11e-04	5.44e-05
 2.31362e+16	5.87e-04	2.08e-01	7.91e-01	0.00e+00	0.00e+00	0.00e+00	0.00e+00	0.00e+00	0.00e+00	4.11e-04	1.18e-04	5.78e-05
 2.35170e+16	6.20e-04	2.13e-01	7.86e-01	0.00e+00	0.00e+00	0.00e+00	0.00e+00	0.00e+00	0.00e+00	4.33e-04	1.25e-04	6.13e-05
 2.38886e+16	6.53e-04	2.18e-01	7.81e-01	0.00e+00	0.00e+00	0.00e+00	0.00e+00	0.00e+00	0.00e+00	4.56e-04	1.32e-04	6.49e-05
 2.42525e+16	6.88e-04	2.23e-01	7.76e-01	0.00e+00	0.00e+00	0.00e+00	0.00e+00	0.00e+00	0.00e+00	4.80e-04	1.40e-04	6.83e-05
 2.45977e+16	7.23e-04	2.28e-01	7.71e-01	0.00e+00	0.00e+00	0.00e+00	0.00e+00	0.00e+00	0.00e+00	5.04e-04	1.48e-04	7.18e-05
 2.49110e+16	7.58e-04	2.32e-01	7.67e-01	0.00e+00	0.00e+00	0.00e+00	0.00e+00	0.00e+00	0.00e+00	5.27e-04	1.55e-04	7.53e-05
 2.51981e+16	7.91e-04	2.37e-01	7.62e-01	0.00e+00	0.00e+00	0.00e+00	0.00e+00	0.00e+00	0.00e+00	5.50e-04	1.63e-04	7.86e-05
 2.54754e+16	8.25e-04	2.41e-01	7.58e-01	0.00e+00	0.00e+00	0.00e+00	0.00e+00	0.00e+00	0.00e+00	5.73e-04	1.70e-04	8.19e-05
 2.57527e+16	8.61e-04	2.46e-01	7.53e-01	0.00e+00	0.00e+00	0.00e+00	0.00e+00	0.00e+00	0.00e+00	5.97e-04	1.78e-04	8.55e-05
 2.60300e+16	9.00e-04	2.51e-01	7.49e-01	0.00e+00	0.00e+00	0.00e+00	0.00e+00	0.00e+00	0.00e+00	6.24e-04	1.87e-04	8.94e-05
 2.63073e+16	9.44e-04	2.56e-01	7.43e-01	0.00e+00	0.00e+00	0.00e+00	0.00e+00	0.00e+00	0.00e+00	6.54e-04	1.96e-04	9.37e-05
 2.65846e+16	9.91e-04	2.61e-01	7.38e-01	0.00e+00	0.00e+00	0.00e+00	0.00e+00	0.00e+00	0.00e+00	6.86e-04	2.07e-04	9.84e-05
 2.68620e+16	1.05e-03	2.67e-01	7.32e-01	0.00e+00	0.00e+00	0.00e+00	0.00e+00	0.00e+00	0.00e+00	7.25e-04	2.19e-04	1.04e-04
 2.71393e+16	1.11e-03	2.74e-01	7.25e-01	0.00e+00	0.00e+00	0.00e+00	0.00e+00	0.00e+00	0.00e+00	7.68e-04	2.32e-04	1.10e-04
 2.74166e+16	1.19e-03	2.81e-01	7.18e-01	0.00e+00	0.00e+00	0.00e+00	0.00e+00	0.00e+00	0.00e+00	8.20e-04	2.48e-04	1.18e-04
 2.76430e+16	1.27e-03	2.88e-01	7.10e-01	0.00e+00	0.00e+00	0.00e+00	0.00e+00	0.00e+00	0.00e+00	8.75e-04	2.65e-04	1.26e-04
