#depth	H	H+	H2
 3.61199e+11	1.02e-03	9.99e-01	3.04e-14
 2.16720e+12	1.02e-03	9.99e-01	3.04e-14
 9.39118e+12	1.02e-03	9.99e-01	3.04e-14
 3.82871e+13	1.02e-03	9.99e-01	3.05e-14
 9.14557e+13	1.01e-03	9.99e-01	3.05e-14
 1.60575e+14	1.01e-03	9.99e-01	3.05e-14
 2.50430e+14	1.00e-03	9.99e-01	3.07e-14
 3.67241e+14	9.99e-04	9.99e-01	3.08e-14
 5.19096e+14	9.96e-04	9.99e-01	3.11e-14
 7.16507e+14	9.92e-04	9.99e-01	3.14e-14
 9.73141e+14	9.90e-04	9.99e-01	3.19e-14
 1.30677e+15	9.90e-04	9.99e-01	3.26e-14
 1.74048e+15	9.93e-04	9.99e-01	3.36e-14
 2.30430e+15	1.00e-03	9.99e-01	3.50e-14
 3.03728e+15	1.02e-03	9.99e-01	3.70e-14
 3.99014e+15	1.04e-03	9.99e-01	3.98e-14
 5.22887e+15	1.09e-03	9.99e-01	4.40e-14
 6.83921e+15	1.16e-03	9.99e-01	5.01e-14
 8.72419e+15	1.26e-03	9.99e-01	5.84e-14
 1.06738e+16	1.39e-03	9.99e-01	6.88e-14
 1.22310e+16	1.51e-03	9.98e-01	7.88e-14
 1.34541e+16	1.63e-03	9.98e-01	8.84e-14
 1.46460e+16	1.77e-03	9.98e-01	9.93e-14
 1.56682e+16	1.91e-03	9.98e-01	1.10e-13
 1.65833e+16	2.05e-03	9.98e-01	1.21e-13
 1.74696e+16	2.20e-03	9.98e-01	1.34e-13
 1.83418e+16	2.37e-03	9.98e-01	1.48e-13
 1.91762e+16	2.56e-03	9.97e-01	1.63e-13
 1.99590e+16	2.76e-03	9.97e-01	1.80e-13
 2.06983e+16	2.97e-03	9.97e-01	1.97e-13
 2.14072e+16	3.20e-03	9.97e-01	2.17e-13
 2.20904e+16	3.45e-03	9.97e-01	2.38e-13
 2.27465e+16	3.72e-03	9.96e-01	2.62e-13
 2.33745e+16	4.01e-03	9.96e-01	2.87e-13
 2.39765e+16	4.32e-03	9.96e-01	3.15e-13
 2.45560e+16	4.66e-03	9.95e-01	3.46e-13
 2.51149e+16	5.04e-03	9.95e-01	3.80e-13
 2.56540e+16	5.44e-03	9.95e-01	4.17e-13
 2.61742e+16	5.89e-03	9.94e-01	4.58e-13
 2.66765e+16	6.37e-03	9.94e-01	5.03e-13
 2.71623e+16	6.90e-03	9.93e-01	5.53e-13
 2.76329e+16	7.49e-03	9.93e-01	6.08e-13
 2.80891e+16	8.15e-03	9.92e-01	6.73e-13
 2.85297e+16	8.86e-03	9.91e-01	7.40e-13
 2.89568e+16	9.67e-03	9.90e-01	8.21e-13
 2.93720e+16	1.05e-02	9.89e-01	9.04e-13
 2.97759e+16	1.16e-02	9.88e-01	1.01e-12
 3.01618e+16	1.27e-02	9.87e-01	1.12e-12
 3.05210e+16	1.39e-02	9.86e-01	1.24e-12
 3.08589e+16	1.52e-02	9.85e-01	1.37e-12
 3.11832e+16	1.67e-02	9.83e-01	1.52e-12
 3.14952e+16	1.83e-02	9.82e-01	1.69e-12
 3.17928e+16	2.02e-02	9.80e-01	1.88e-12
 3.20746e+16	2.22e-02	9.78e-01	2.10e-12
 3.23420e+16	2.45e-02	9.75e-01	2.34e-12
 3.25974e+16	2.71e-02	9.73e-01	2.62e-12
 3.28425e+16	3.00e-02	9.70e-01	2.94e-12
 3.30777e+16	3.34e-02	9.67e-01	3.30e-12
 3.33029e+16	3.73e-02	9.63e-01	3.73e-12
 3.35183e+16	4.17e-02	9.58e-01	4.24e-12
 3.37247e+16	4.69e-02	9.53e-01	4.83e-12
 3.39226e+16	5.29e-02	9.47e-01	5.53e-12
 3.41134e+16	6.00e-02	9.40e-01	6.38e-12
 3.42986e+16	6.84e-02	9.32e-01	7.41e-12
 3.44779e+16	7.87e-02	9.21e-01	8.70e-12
 3.46494e+16	9.08e-02	9.09e-01	1.03e-11
 3.47878e+16	1.03e-01	8.97e-01	1.19e-11
 3.48836e+16	1.13e-01	8.87e-01	1.33e-11
 3.49779e+16	1.24e-01	8.76e-01	1.49e-11
 3.50826e+16	1.38e-01	8.62e-01	1.69e-11
 3.51773e+16	1.52e-01	8.48e-01	1.91e-11
 3.52582e+16	1.66e-01	8.34e-01	2.13e-11
 3.53327e+16	1.81e-01	8.19e-01	2.37e-11
 3.54174e+16	2.00e-01	8.00e-01	2.69e-11
 3.55053e+16	2.21e-01	7.79e-01	3.08e-11
 3.55757e+16	2.41e-01	7.59e-01	3.44e-11
 3.56345e+16	2.58e-01	7.42e-01	3.78e-11
 3.56993e+16	2.79e-01	7.21e-01	4.22e-11
 3.57702e+16	3.05e-01	6.95e-01	4.77e-11
 3.58331e+16	3.29e-01	6.71e-01	5.34e-11
 3.58881e+16	3.50e-01	6.50e-01	5.87e-11
 3.59463e+16	3.76e-01	6.24e-01	6.56e-11
 3.60081e+16	4.03e-01	5.97e-01	7.33e-11
 3.60648e+16	4.30e-01	5.70e-01	8.16e-11
 3.61174e+16	4.55e-01	5.45e-01	9.01e-11
 3.61672e+16	4.81e-01	5.19e-01	9.94e-11
 3.62146e+16	5.04e-01	4.96e-01	1.09e-10
 3.62588e+16	5.27e-01	4.73e-01	1.19e-10
 3.62913e+16	5.43e-01	4.57e-01	1.26e-10
 3.63126e+16	5.53e-01	4.47e-01	1.31e-10
 3.63340e+16	5.64e-01	4.36e-01	1.36e-10
 3.63596e+16	5.78e-01	4.22e-01	1.44e-10
 3.63862e+16	5.91e-01	4.09e-01	1.51e-10
 3.64108e+16	6.03e-01	3.97e-01	1.58e-10
 3.64344e+16	6.16e-01	3.84e-01	1.66e-10
 3.64580e+16	6.28e-01	3.72e-01	1.74e-10
 3.64817e+16	6.40e-01	3.60e-01	1.83e-10
 3.65054e+16	6.52e-01	3.48e-01	1.91e-10
 3.65288e+16	6.63e-01	3.37e-01	2.01e-10
 3.65520e+16	6.75e-01	3.25e-01	2.10e-10
 3.65751e+16	6.86e-01	3.14e-01	2.20e-10
 3.65979e+16	6.97e-01	3.03e-01	2.30e-10
 3.66207e+16	7.08e-01	2.92e-01	2.42e-10
 3.66433e+16	7.18e-01	2.82e-01	2.53e-10
 3.66659e+16	7.29e-01	2.71e-01	2.65e-10
 3.66885e+16	7.39e-01	2.61e-01	2.78e-10
 3.67106e+16	7.49e-01	2.51e-01	2.91e-10
 3.67324e+16	7.58e-01	2.42e-01	3.04e-10
 3.67546e+16	7.68e-01	2.32e-01	3.20e-10
 3.67767e+16	7.76e-01	2.24e-01	3.34e-10
 3.67985e+16	7.85e-01	2.15e-01	3.50e-10
 3.68203e+16	7.94e-01	2.06e-01	3.68e-10
 3.68418e+16	8.02e-01	1.98e-01	3.85e-10
 3.68631e+16	8.10e-01	1.90e-01	4.02e-10
 3.68846e+16	8.18e-01	1.82e-01	4.23e-10
 3.69062e+16	8.26e-01	1.74e-01	4.44e-10
 3.69272e+16	8.33e-01	1.67e-01	4.66e-10
 3.69479e+16	8.40e-01	1.60e-01	4.87e-10
 3.69684e+16	8.46e-01	1.54e-01	5.13e-10
 3.69889e+16	8.53e-01	1.47e-01	5.35e-10
 3.70090e+16	8.59e-01	1.41e-01	5.63e-10
 3.70285e+16	8.65e-01	1.35e-01	5.91e-10
 3.70480e+16	8.70e-01	1.30e-01	6.20e-10
 3.70675e+16	8.76e-01	1.24e-01	6.51e-10
 3.70867e+16	8.81e-01	1.19e-01	6.83e-10
 3.71053e+16	8.85e-01	1.15e-01	7.17e-10
 3.71237e+16	8.90e-01	1.10e-01	7.52e-10
 3.71420e+16	8.94e-01	1.06e-01	7.90e-10
 3.71603e+16	8.99e-01	1.01e-01	8.29e-10
 3.71783e+16	9.03e-01	9.73e-02	8.71e-10
 3.71960e+16	9.07e-01	9.35e-02	9.14e-10
 3.72135e+16	9.10e-01	8.98e-02	9.60e-10
 3.72310e+16	9.14e-01	8.63e-02	1.01e-09
 3.72482e+16	9.17e-01	8.29e-02	1.06e-09
 3.72653e+16	9.20e-01	7.96e-02	1.12e-09
 3.72819e+16	9.23e-01	7.65e-02	1.18e-09
 3.72985e+16	9.26e-01	7.37e-02	1.23e-09
 3.73153e+16	9.29e-01	7.08e-02	1.30e-09
 3.73319e+16	9.32e-01	6.79e-02	1.38e-09
 3.73481e+16	9.35e-01	6.53e-02	1.46e-09
 3.73641e+16	9.37e-01	6.29e-02	1.53e-09
 3.73805e+16	9.40e-01	6.04e-02	1.63e-09
 3.73967e+16	9.42e-01	5.80e-02	1.73e-09
 3.74121e+16	9.44e-01	5.59e-02	1.81e-09
 3.74277e+16	9.46e-01	5.38e-02	1.93e-09
 3.74436e+16	9.48e-01	5.16e-02	2.05e-09
 3.74590e+16	9.50e-01	4.96e-02	2.19e-09
 3.74745e+16	9.52e-01	4.78e-02	2.30e-09
 3.74900e+16	9.54e-01	4.59e-02	2.47e-09
 3.75049e+16	9.56e-01	4.42e-02	2.64e-09
 3.75195e+16	9.58e-01	4.25e-02	2.82e-09
 3.75347e+16	9.59e-01	4.08e-02	3.02e-09
 3.75504e+16	9.61e-01	3.91e-02	3.23e-09
 3.75653e+16	9.62e-01	3.76e-02	3.49e-09
 3.75793e+16	9.64e-01	3.63e-02	3.75e-09
 3.75929e+16	9.65e-01	3.49e-02	4.03e-09
 3.76077e+16	9.66e-01	3.37e-02	4.34e-09
 3.76228e+16	9.68e-01	3.22e-02	4.77e-09
 3.76361e+16	9.69e-01	3.10e-02	5.15e-09
 3.76494e+16	9.70e-01	2.99e-02	5.62e-09
 3.76637e+16	9.71e-01	2.87e-02	6.21e-09
 3.76779e+16	9.73e-01	2.75e-02	6.86e-09
 3.76912e+16	9.74e-01	2.64e-02	7.60e-09
 3.77040e+16	9.75e-01	2.54e-02	8.39e-09
 3.77169e+16	9.76e-01	2.44e-02	9.40e-09
 3.77297e+16	9.77e-01	2.35e-02	1.06e-08
 3.77414e+16	9.77e-01	2.26e-02	1.19e-08
 3.77520e+16	9.78e-01	2.19e-02	1.32e-08
 3.77621e+16	9.79e-01	2.12e-02	1.47e-08
 3.77720e+16	9.80e-01	2.05e-02	1.65e-08
 3.77814e+16	9.80e-01	1.98e-02	1.84e-08
 3.77904e+16	9.81e-01	1.92e-02	2.05e-08
 3.77992e+16	9.81e-01	1.86e-02	2.28e-08
 3.78076e+16	9.82e-01	1.80e-02	2.54e-08
 3.78160e+16	9.83e-01	1.75e-02	2.82e-08
 3.78243e+16	9.83e-01	1.69e-02	3.13e-08
 3.78326e+16	9.84e-01	1.63e-02	3.46e-08
 3.78411e+16	9.84e-01	1.58e-02	3.81e-08
 3.78492e+16	9.85e-01	1.52e-02	4.14e-08
 3.78564e+16	9.85e-01	1.47e-02	4.40e-08
 3.78627e+16	9.86e-01	1.43e-02	4.62e-08
 3.78686e+16	9.86e-01	1.39e-02	4.79e-08
 3.78741e+16	9.86e-01	1.36e-02	4.95e-08
 3.78794e+16	9.87e-01	1.32e-02	5.08e-08
 3.78844e+16	9.87e-01	1.29e-02	5.19e-08
 3.78891e+16	9.87e-01	1.26e-02	5.29e-08
 3.78935e+16	9.88e-01	1.23e-02	5.39e-08
 3.78975e+16	9.88e-01	1.20e-02	5.47e-08
 3.79013e+16	9.88e-01	1.18e-02	5.55e-08
 3.79046e+16	9.88e-01	1.16e-02	5.63e-08
 3.79077e+16	9.89e-01	1.14e-02	5.70e-08
 3.79105e+16	9.89e-01	1.12e-02	5.76e-08
 3.79131e+16	9.89e-01	1.11e-02	5.82e-08
 3.79154e+16	9.89e-01	1.09e-02	5.88e-08
 3.79179e+16	9.89e-01	1.07e-02	5.96e-08
 3.79207e+16	9.89e-01	1.06e-02	6.03e-08
 3.79232e+16	9.90e-01	1.04e-02	6.11e-08
 3.79254e+16	9.90e-01	1.03e-02	6.17e-08
 3.79279e+16	9.90e-01	1.01e-02	6.25e-08
 3.79306e+16	9.90e-01	9.94e-03	6.37e-08
