#depth	O	O+	O+2	O+3	O+4	O+5	O+6	O+7	O+8	O[1]	O[2]	O[3]
 3.61199e+11	1.01e-05	1.69e-02	9.80e-01	3.01e-03	0.00e+00	0.00e+00	0.00e+00	0.00e+00	0.00e+00	6.85e-06	2.22e-06	1.02e-06
 2.16720e+12	1.01e-05	1.69e-02	9.80e-01	3.00e-03	0.00e+00	0.00e+00	0.00e+00	0.00e+00	0.00e+00	6.85e-06	2.22e-06	1.02e-06
 9.39118e+12	1.01e-05	1.69e-02	9.80e-01	2.95e-03	0.00e+00	0.00e+00	0.00e+00	0.00e+00	0.00e+00	6.84e-06	2.22e-06	1.02e-06
 3.82871e+13	1.01e-05	1.69e-02	9.80e-01	2.79e-03	0.00e+00	0.00e+00	0.00e+00	0.00e+00	0.00e+00	6.86e-06	2.23e-06	1.02e-06
 9.14557e+13	1.01e-05	1.69e-02	9.81e-01	2.56e-03	0.00e+00	0.00e+00	0.00e+00	0.00e+00	0.00e+00	6.84e-06	2.23e-06	1.02e-06
 1.60575e+14	1.01e-05	1.70e-02	9.81e-01	2.29e-03	0.00e+00	0.00e+00	0.00e+00	0.00e+00	0.00e+00	6.84e-06	2.23e-06	1.02e-06
 2.50430e+14	1.01e-05	1.70e-02	9.81e-01	1.97e-03	0.00e+00	0.00e+00	0.00e+00	0.00e+00	0.00e+00	6.86e-06	2.24e-06	1.03e-06
 3.67241e+14	1.02e-05	1.71e-02	9.81e-01	1.62e-03	0.00e+00	0.00e+00	0.00e+00	0.00e+00	0.00e+00	6.89e-06	2.24e-06	1.03e-06
 5.19096e+14	1.02e-05	1.72e-02	9.82e-01	1.24e-03	0.00e+00	0.00e+00	0.00e+00	0.00e+00	0.00e+00	6.94e-06	2.26e-06	1.04e-06
 7.16507e+14	1.04e-05	1.74e-02	9.82e-01	8.82e-04	0.00e+00	0.00e+00	0.00e+00	0.00e+00	0.00e+00	7.02e-06	2.28e-06	1.05e-06
 9.73141e+14	1.05e-05	1.76e-02	9.82e-01	5.64e-04	0.00e+00	0.00e+00	0.00e+00	0.00e+00	0.00e+00	7.14e-06	2.32e-06	1.07e-06
 1.30677e+15	1.08e-05	1.78e-02	9.82e-01	3.17e-04	0.00e+00	0.00e+00	0.00e+00	0.00e+00	0.00e+00	7.31e-06	2.38e-06	1.09e-06
 1.74048e+15	1.12e-05	1.82e-02	9.82e-01	1.52e-04	0.00e+00	0.00e+00	0.00e+00	0.00e+00	0.00e+00	7.56e-06	2.46e-06	1.13e-06
 2.30430e+15	1.17e-05	1.86e-02	9.81e-01	6.18e-05	0.00e+00	0.00e+00	0.00e+00	0.00e+00	0.00e+00	7.93e-06	2.57e-06	1.19e-06
 3.03728e+15	1.25e-05	1.92e-02	9.81e-01	2.18e-05	0.00e+00	0.00e+00	0.00e+00	0.00e+00	0.00e+00	8.47e-06	2.74e-06	1.27e-06
 3.99014e+15	1.37e-05	2.01e-02	9.80e-01	8.05e-06	0.00e+00	0.00e+00	0.00e+00	0.00e+00	0.00e+00	9.27e-06	3.00e-06	1.39e-06
 5.22887e+15	1.55e-05	2.13e-02	9.79e-01	4.22e-06	0.00e+00	0.00e+00	0.00e+00	0.00e+00	0.00e+00	1.05e-05	3.40e-06	1.57e-06
 6.83921e+15	1.84e-05	2.29e-02	9.77e-01	3.09e-06	0.00e+00	0.00e+00	0.00e+00	0.00e+00	0.00e+00	1.25e-05	4.04e-06	1.87e-06
 8.72419e+15	2.26e-05	2.50e-02	9.75e-01	2.54e-06	0.00e+00	0.00e+00	0.00e+00	0.00e+00	0.00e+00	1.54e-05	4.97e-06	2.30e-06
 1.06738e+16	2.85e-05	2.74e-02	9.73e-01	2.15e-06	0.00e+00	0.00e+00	0.00e+00	0.00e+00	0.00e+00	1.93e-05	6.25e-06	2.89e-06
 1.22310e+16	3.43e-05	2.96e-02	9.70e-01	1.93e-06	0.00e+00	0.00e+00	0.00e+00	0.00e+00	0.00e+00	2.33e-05	7.55e-06	3.49e-06
 1.34541e+16	4.07e-05	3.16e-02	9.68e-01	1.76e-06	0.00e+00	0.00e+00	0.00e+00	0.00e+00	0.00e+00	2.76e-05	8.95e-06	4.13e-06
 1.46460e+16	4.82e-05	3.37e-02	9.66e-01	1.63e-06	0.00e+00	0.00e+00	0.00e+00	0.00e+00	0.00e+00	3.27e-05	1.06e-05	4.89e-06
 1.56682e+16	5.63e-05	3.58e-02	9.64e-01	1.52e-06	0.00e+00	0.00e+00	0.00e+00	0.00e+00	0.00e+00	3.82e-05	1.24e-05	5.71e-06
 1.65833e+16	6.51e-05	3.79e-02	9.62e-01	1.44e-06	0.00e+00	0.00e+00	0.00e+00	0.00e+00	0.00e+00	4.41e-05	1.44e-05	6.61e-06
 1.74696e+16	7.56e-05	4.02e-02	9.60e-01	1.36e-06	0.00e+00	0.00e+00	0.00e+00	0.00e+00	0.00e+00	5.12e-05	1.67e-05	7.67e-06
 1.83418e+16	8.82e-05	4.28e-02	9.57e-01	1.29e-06	0.00e+00	0.00e+00	0.00e+00	0.00e+00	0.00e+00	5.97e-05	1.95e-05	8.94e-06
 1.91762e+16	1.03e-04	4.55e-02	9.54e-01	1.22e-06	0.00e+00	0.00e+00	0.00e+00	0.00e+00	0.00e+00	6.96e-05	2.28e-05	1.04e-05
 1.99590e+16	1.20e-04	4.84e-02	9.52e-01	1.16e-06	0.00e+00	0.00e+00	0.00e+00	0.00e+00	0.00e+00	8.10e-05	2.66e-05	1.21e-05
 2.06983e+16	1.39e-04	5.14e-02	9.48e-01	1.10e-06	0.00e+00	0.00e+00	0.00e+00	0.00e+00	0.00e+00	9.42e-05	3.09e-05	1.41e-05
 2.14072e+16	1.62e-04	5.48e-02	9.45e-01	1.05e-06	0.00e+00	0.00e+00	0.00e+00	0.00e+00	0.00e+00	1.10e-04	3.61e-05	1.64e-05
 2.20904e+16	1.89e-04	5.84e-02	9.41e-01	9.99e-07	0.00e+00	0.00e+00	0.00e+00	0.00e+00	0.00e+00	1.28e-04	4.21e-05	1.92e-05
 2.27465e+16	2.21e-04	6.24e-02	9.37e-01	9.49e-07	0.00e+00	0.00e+00	0.00e+00	0.00e+00	0.00e+00	1.49e-04	4.93e-05	2.24e-05
 2.33745e+16	2.58e-04	6.67e-02	9.33e-01	9.01e-07	0.00e+00	0.00e+00	0.00e+00	0.00e+00	0.00e+00	1.74e-04	5.77e-05	2.62e-05
 2.39765e+16	3.02e-04	7.15e-02	9.28e-01	8.53e-07	0.00e+00	0.00e+00	0.00e+00	0.00e+00	0.00e+00	2.04e-04	6.76e-05	3.06e-05
 2.45560e+16	3.55e-04	7.67e-02	9.23e-01	8.07e-07	0.00e+00	0.00e+00	0.00e+00	0.00e+00	0.00e+00	2.39e-04	7.94e-05	3.59e-05
 2.51149e+16	4.17e-04	8.24e-02	9.17e-01	7.62e-07	0.00e+00	0.00e+00	0.00e+00	0.00e+00	0.00e+00	2.81e-04	9.34e-05	4.22e-05
 2.56540e+16	4.91e-04	8.87e-02	9.11e-01	7.17e-07	0.00e+00	0.00e+00	0.00e+00	0.00e+00	0.00e+00	3.31e-04	1.10e-04	4.96e-05
 2.61742e+16	5.79e-04	9.57e-02	9.04e-01	6.73e-07	0.00e+00	0.00e+00	0.00e+00	0.00e+00	0.00e+00	3.90e-04	1.30e-04	5.86e-05
 2.66765e+16	6.85e-04	1.03e-01	8.96e-01	6.29e-07	0.00e+00	0.00e+00	0.00e+00	0.00e+00	0.00e+00	4.61e-04	1.54e-04	6.93e-05
 2.71623e+16	8.13e-04	1.12e-01	8.87e-01	5.84e-07	0.00e+00	0.00e+00	0.00e+00	0.00e+00	0.00e+00	5.47e-04	1.83e-04	8.21e-05
 2.76329e+16	9.67e-04	1.21e-01	8.78e-01	5.45e-07	0.00e+00	0.00e+00	0.00e+00	0.00e+00	0.00e+00	6.51e-04	2.18e-04	9.77e-05
 2.80891e+16	1.16e-03	1.32e-01	8.67e-01	5.03e-07	0.00e+00	0.00e+00	0.00e+00	0.00e+00	0.00e+00	7.78e-04	2.61e-04	1.17e-04
 2.85297e+16	1.38e-03	1.44e-01	8.55e-01	4.62e-07	0.00e+00	0.00e+00	0.00e+00	0.00e+00	0.00e+00	9.31e-04	3.12e-04	1.40e-04
 2.89568e+16	1.67e-03	1.57e-01	8.41e-01	4.23e-07	0.00e+00	0.00e+00	0.00e+00	0.00e+00	0.00e+00	1.12e-03	3.76e-04	1.68e-04
 2.93720e+16	2.01e-03	1.72e-01	8.26e-01	3.84e-07	0.00e+00	0.00e+00	0.00e+00	0.00e+00	0.00e+00	1.35e-03	4.53e-04	2.02e-04
 2.97759e+16	2.44e-03	1.89e-01	8.09e-01	3.45e-07	0.00e+00	0.00e+00	0.00e+00	0.00e+00	0.00e+00	1.64e-03	5.50e-04	2.45e-04
 3.01618e+16	2.96e-03	2.07e-01	7.90e-01	3.10e-07	0.00e+00	0.00e+00	0.00e+00	0.00e+00	0.00e+00	1.99e-03	6.68e-04	2.98e-04
 3.05210e+16	3.58e-03	2.27e-01	7.69e-01	2.77e-07	0.00e+00	0.00e+00	0.00e+00	0.00e+00	0.00e+00	2.41e-03	8.08e-04	3.60e-04
 3.08589e+16	4.33e-03	2.48e-01	7.47e-01	2.46e-07	0.00e+00	0.00e+00	0.00e+00	0.00e+00	0.00e+00	2.91e-03	9.75e-04	4.34e-04
 3.11832e+16	5.23e-03	2.72e-01	7.23e-01	2.17e-07	0.00e+00	0.00e+00	0.00e+00	0.00e+00	0.00e+00	3.52e-03	1.18e-03	5.25e-04
 3.14952e+16	6.33e-03	2.97e-01	6.97e-01	1.90e-07	0.00e+00	0.00e+00	0.00e+00	0.00e+00	0.00e+00	4.27e-03	1.43e-03	6.35e-04
 3.17928e+16	7.67e-03	3.24e-01	6.68e-01	1.65e-07	0.00e+00	0.00e+00	0.00e+00	0.00e+00	0.00e+00	5.17e-03	1.73e-03	7.68e-04
 3.20746e+16	9.28e-03	3.54e-01	6.37e-01	1.41e-07	0.00e+00	0.00e+00	0.00e+00	0.00e+00	0.00e+00	6.26e-03	2.09e-03	9.29e-04
 3.23420e+16	1.12e-02	3.84e-01	6.04e-01	0.00e+00	0.00e+00	0.00e+00	0.00e+00	0.00e+00	0.00e+00	7.56e-03	2.52e-03	1.12e-03
 3.25974e+16	1.36e-02	4.17e-01	5.70e-01	0.00e+00	0.00e+00	0.00e+00	0.00e+00	0.00e+00	0.00e+00	9.14e-03	3.05e-03	1.35e-03
 3.28425e+16	1.64e-02	4.51e-01	5.32e-01	0.00e+00	0.00e+00	0.00e+00	0.00e+00	0.00e+00	0.00e+00	1.11e-02	3.68e-03	1.64e-03
 3.30777e+16	1.98e-02	4.87e-01	4.93e-01	0.00e+00	0.00e+00	0.00e+00	0.00e+00	0.00e+00	0.00e+00	1.34e-02	4.44e-03	1.98e-03
 3.33029e+16	2.39e-02	5.23e-01	4.53e-01	0.00e+00	0.00e+00	0.00e+00	0.00e+00	0.00e+00	0.00e+00	1.62e-02	5.37e-03	2.39e-03
 3.35183e+16	2.89e-02	5.60e-01	4.11e-01	0.00e+00	0.00e+00	0.00e+00	0.00e+00	0.00e+00	0.00e+00	1.96e-02	6.48e-03	2.89e-03
 3.37247e+16	3.50e-02	5.96e-01	3.69e-01	0.00e+00	0.00e+00	0.00e+00	0.00e+00	0.00e+00	0.00e+00	2.36e-02	7.82e-03	3.48e-03
 3.39226e+16	4.22e-02	6.31e-01	3.26e-01	0.00e+00	0.00e+00	0.00e+00	0.00e+00	0.00e+00	0.00e+00	2.85e-02	9.42e-03	4.20e-03
 3.41134e+16	5.09e-02	6.64e-01	2.85e-01	0.00e+00	0.00e+00	0.00e+00	0.00e+00	0.00e+00	0.00e+00	3.44e-02	1.13e-02	5.06e-03
 3.42986e+16	6.14e-02	6.95e-01	2.44e-01	0.00e+00	0.00e+00	0.00e+00	0.00e+00	0.00e+00	0.00e+00	4.16e-02	1.37e-02	6.11e-03
 3.44779e+16	7.44e-02	7.21e-01	2.04e-01	0.00e+00	0.00e+00	0.00e+00	0.00e+00	0.00e+00	0.00e+00	5.04e-02	1.65e-02	7.39e-03
 3.46494e+16	8.96e-02	7.42e-01	1.68e-01	0.00e+00	0.00e+00	0.00e+00	0.00e+00	0.00e+00	0.00e+00	6.09e-02	1.98e-02	8.90e-03
 3.47878e+16	1.05e-01	7.54e-01	1.41e-01	0.00e+00	0.00e+00	0.00e+00	0.00e+00	0.00e+00	0.00e+00	7.14e-02	2.31e-02	1.04e-02
 3.48836e+16	1.17e-01	7.60e-01	1.22e-01	0.00e+00	0.00e+00	0.00e+00	0.00e+00	0.00e+00	0.00e+00	7.99e-02	2.57e-02	1.16e-02
 3.49779e+16	1.31e-01	7.63e-01	1.05e-01	0.00e+00	0.00e+00	0.00e+00	0.00e+00	0.00e+00	0.00e+00	8.95e-02	2.87e-02	1.30e-02
 3.50826e+16	1.49e-01	7.63e-01	8.84e-02	0.00e+00	0.00e+00	0.00e+00	0.00e+00	0.00e+00	0.00e+00	1.01e-01	3.23e-02	1.47e-02
 3.51773e+16	1.67e-01	7.59e-01	7.42e-02	0.00e+00	0.00e+00	0.00e+00	0.00e+00	0.00e+00	0.00e+00	1.14e-01	3.61e-02	1.65e-02
 3.52582e+16	1.84e-01	7.53e-01	6.31e-02	0.00e+00	0.00e+00	0.00e+00	0.00e+00	0.00e+00	0.00e+00	1.26e-01	3.96e-02	1.81e-02
 3.53327e+16	2.01e-01	7.45e-01	5.38e-02	0.00e+00	0.00e+00	0.00e+00	0.00e+00	0.00e+00	0.00e+00	1.38e-01	4.32e-02	1.98e-02
 3.54174e+16	2.23e-01	7.32e-01	4.42e-02	0.00e+00	0.00e+00	0.00e+00	0.00e+00	0.00e+00	0.00e+00	1.54e-01	4.76e-02	2.20e-02
 3.55053e+16	2.49e-01	7.15e-01	3.56e-02	0.00e+00	0.00e+00	0.00e+00	0.00e+00	0.00e+00	0.00e+00	1.72e-01	5.26e-02	2.44e-02
 3.55757e+16	2.72e-01	6.98e-01	2.96e-02	0.00e+00	0.00e+00	0.00e+00	0.00e+00	0.00e+00	0.00e+00	1.88e-01	5.70e-02	2.66e-02
 3.56345e+16	2.92e-01	6.83e-01	2.52e-02	0.00e+00	0.00e+00	0.00e+00	0.00e+00	0.00e+00	0.00e+00	2.02e-01	6.08e-02	2.85e-02
 3.56993e+16	3.16e-01	6.63e-01	2.07e-02	0.00e+00	0.00e+00	0.00e+00	0.00e+00	0.00e+00	0.00e+00	2.20e-01	6.52e-02	3.08e-02
 3.57702e+16	3.44e-01	6.39e-01	1.66e-02	0.00e+00	0.00e+00	0.00e+00	0.00e+00	0.00e+00	0.00e+00	2.40e-01	7.03e-02	3.34e-02
 3.58331e+16	3.71e-01	6.15e-01	1.35e-02	0.00e+00	0.00e+00	0.00e+00	0.00e+00	0.00e+00	0.00e+00	2.60e-01	7.50e-02	3.59e-02
 3.58881e+16	3.95e-01	5.94e-01	1.12e-02	0.00e+00	0.00e+00	0.00e+00	0.00e+00	0.00e+00	0.00e+00	2.78e-01	7.89e-02	3.80e-02
 3.59463e+16	4.22e-01	5.69e-01	9.07e-03	0.00e+00	0.00e+00	0.00e+00	0.00e+00	0.00e+00	0.00e+00	2.98e-01	8.34e-02	4.05e-02
 3.60081e+16	4.51e-01	5.42e-01	7.20e-03	0.00e+00	0.00e+00	0.00e+00	0.00e+00	0.00e+00	0.00e+00	3.20e-01	8.79e-02	4.31e-02
 3.60648e+16	4.79e-01	5.15e-01	5.76e-03	0.00e+00	0.00e+00	0.00e+00	0.00e+00	0.00e+00	0.00e+00	3.42e-01	9.20e-02	4.55e-02
 3.61174e+16	5.06e-01	4.90e-01	4.64e-03	0.00e+00	0.00e+00	0.00e+00	0.00e+00	0.00e+00	0.00e+00	3.62e-01	9.56e-02	4.77e-02
 3.61672e+16	5.31e-01	4.65e-01	3.75e-03	0.00e+00	0.00e+00	0.00e+00	0.00e+00	0.00e+00	0.00e+00	3.83e-01	9.90e-02	4.98e-02
 3.62146e+16	5.55e-01	4.42e-01	3.05e-03	0.00e+00	0.00e+00	0.00e+00	0.00e+00	0.00e+00	0.00e+00	4.02e-01	1.02e-01	5.17e-02
 3.62588e+16	5.78e-01	4.19e-01	2.50e-03	0.00e+00	0.00e+00	0.00e+00	0.00e+00	0.00e+00	0.00e+00	4.20e-01	1.04e-01	5.34e-02
 3.62913e+16	5.94e-01	4.04e-01	2.17e-03	0.00e+00	0.00e+00	0.00e+00	0.00e+00	0.00e+00	0.00e+00	4.33e-01	1.06e-01	5.46e-02
 3.63126e+16	6.04e-01	3.94e-01	1.97e-03	0.00e+00	0.00e+00	0.00e+00	0.00e+00	0.00e+00	0.00e+00	4.42e-01	1.07e-01	5.53e-02
 3.63340e+16	6.15e-01	3.84e-01	1.78e-03	0.00e+00	0.00e+00	0.00e+00	0.00e+00	0.00e+00	0.00e+00	4.51e-01	1.08e-01	5.61e-02
 3.63596e+16	6.28e-01	3.71e-01	1.57e-03	0.00e+00	0.00e+00	0.00e+00	0.00e+00	0.00e+00	0.00e+00	4.62e-01	1.09e-01	5.69e-02
 3.63862e+16	6.41e-01	3.58e-01	1.38e-03	0.00e+00	0.00e+00	0.00e+00	0.00e+00	0.00e+00	0.00e+00	4.73e-01	1.10e-01	5.78e-02
 3.64108e+16	6.53e-01	3.46e-01	1.22e-03	0.00e+00	0.00e+00	0.00e+00	0.00e+00	0.00e+00	0.00e+00	4.84e-01	1.10e-01	5.86e-02
 3.64344e+16	6.64e-01	3.35e-01	1.08e-03	0.00e+00	0.00e+00	0.00e+00	0.00e+00	0.00e+00	0.00e+00	4.94e-01	1.11e-01	5.93e-02
 3.64580e+16	6.76e-01	3.23e-01	9.57e-04	0.00e+00	0.00e+00	0.00e+00	0.00e+00	0.00e+00	0.00e+00	5.04e-01	1.12e-01	5.99e-02
 3.64817e+16	6.87e-01	3.12e-01	8.46e-04	0.00e+00	0.00e+00	0.00e+00	0.00e+00	0.00e+00	0.00e+00	5.14e-01	1.12e-01	6.06e-02
 3.65054e+16	6.98e-01	3.01e-01	7.46e-04	0.00e+00	0.00e+00	0.00e+00	0.00e+00	0.00e+00	0.00e+00	5.24e-01	1.13e-01	6.12e-02
 3.65288e+16	7.09e-01	2.90e-01	6.58e-04	0.00e+00	0.00e+00	0.00e+00	0.00e+00	0.00e+00	0.00e+00	5.34e-01	1.13e-01	6.17e-02
 3.65520e+16	7.20e-01	2.80e-01	5.80e-04	0.00e+00	0.00e+00	0.00e+00	0.00e+00	0.00e+00	0.00e+00	5.44e-01	1.13e-01	6.22e-02
 3.65751e+16	7.30e-01	2.69e-01	5.11e-04	0.00e+00	0.00e+00	0.00e+00	0.00e+00	0.00e+00	0.00e+00	5.54e-01	1.13e-01	6.27e-02
 3.65979e+16	7.40e-01	2.59e-01	4.50e-04	0.00e+00	0.00e+00	0.00e+00	0.00e+00	0.00e+00	0.00e+00	5.63e-01	1.13e-01	6.31e-02
 3.66207e+16	7.50e-01	2.49e-01	3.95e-04	0.00e+00	0.00e+00	0.00e+00	0.00e+00	0.00e+00	0.00e+00	5.73e-01	1.13e-01	6.35e-02
 3.66433e+16	7.60e-01	2.40e-01	3.48e-04	0.00e+00	0.00e+00	0.00e+00	0.00e+00	0.00e+00	0.00e+00	5.82e-01	1.13e-01	6.38e-02
 3.66659e+16	7.69e-01	2.31e-01	3.05e-04	0.00e+00	0.00e+00	0.00e+00	0.00e+00	0.00e+00	0.00e+00	5.92e-01	1.13e-01	6.40e-02
 3.66885e+16	7.78e-01	2.21e-01	2.67e-04	0.00e+00	0.00e+00	0.00e+00	0.00e+00	0.00e+00	0.00e+00	6.01e-01	1.13e-01	6.43e-02
 3.67106e+16	7.87e-01	2.13e-01	2.34e-04	0.00e+00	0.00e+00	0.00e+00	0.00e+00	0.00e+00	0.00e+00	6.10e-01	1.13e-01	6.45e-02
 3.67324e+16	7.95e-01	2.04e-01	2.06e-04	0.00e+00	0.00e+00	0.00e+00	0.00e+00	0.00e+00	0.00e+00	6.18e-01	1.12e-01	6.46e-02
 3.67546e+16	8.04e-01	1.96e-01	1.80e-04	0.00e+00	0.00e+00	0.00e+00	0.00e+00	0.00e+00	0.00e+00	6.27e-01	1.12e-01	6.47e-02
 3.67767e+16	8.12e-01	1.88e-01	1.57e-04	0.00e+00	0.00e+00	0.00e+00	0.00e+00	0.00e+00	0.00e+00	6.36e-01	1.11e-01	6.48e-02
 3.67985e+16	8.20e-01	1.80e-01	1.37e-04	0.00e+00	0.00e+00	0.00e+00	0.00e+00	0.00e+00	0.00e+00	6.44e-01	1.11e-01	6.48e-02
 3.68203e+16	8.27e-01	1.73e-01	1.20e-04	0.00e+00	0.00e+00	0.00e+00	0.00e+00	0.00e+00	0.00e+00	6.52e-01	1.10e-01	6.48e-02
 3.68418e+16	8.35e-01	1.65e-01	1.05e-04	0.00e+00	0.00e+00	0.00e+00	0.00e+00	0.00e+00	0.00e+00	6.60e-01	1.09e-01	6.48e-02
 3.68631e+16	8.41e-01	1.58e-01	9.15e-05	0.00e+00	0.00e+00	0.00e+00	0.00e+00	0.00e+00	0.00e+00	6.68e-01	1.09e-01	6.47e-02
 3.68846e+16	8.48e-01	1.52e-01	7.96e-05	0.00e+00	0.00e+00	0.00e+00	0.00e+00	0.00e+00	0.00e+00	6.76e-01	1.08e-01	6.46e-02
 3.69062e+16	8.55e-01	1.45e-01	6.92e-05	0.00e+00	0.00e+00	0.00e+00	0.00e+00	0.00e+00	0.00e+00	6.83e-01	1.07e-01	6.45e-02
 3.69272e+16	8.61e-01	1.39e-01	6.03e-05	0.00e+00	0.00e+00	0.00e+00	0.00e+00	0.00e+00	0.00e+00	6.91e-01	1.06e-01	6.43e-02
 3.69479e+16	8.67e-01	1.33e-01	5.27e-05	0.00e+00	0.00e+00	0.00e+00	0.00e+00	0.00e+00	0.00e+00	6.97e-01	1.06e-01	6.41e-02
 3.69684e+16	8.73e-01	1.27e-01	4.60e-05	0.00e+00	0.00e+00	0.00e+00	0.00e+00	0.00e+00	0.00e+00	7.04e-01	1.05e-01	6.39e-02
 3.69889e+16	8.78e-01	1.22e-01	4.01e-05	0.00e+00	0.00e+00	0.00e+00	0.00e+00	0.00e+00	0.00e+00	7.11e-01	1.04e-01	6.37e-02
 3.70090e+16	8.84e-01	1.16e-01	3.50e-05	0.00e+00	0.00e+00	0.00e+00	0.00e+00	0.00e+00	0.00e+00	7.17e-01	1.03e-01	6.34e-02
 3.70285e+16	8.88e-01	1.12e-01	3.07e-05	0.00e+00	0.00e+00	0.00e+00	0.00e+00	0.00e+00	0.00e+00	7.23e-01	1.02e-01	6.32e-02
 3.70480e+16	8.93e-01	1.07e-01	2.69e-05	0.00e+00	0.00e+00	0.00e+00	0.00e+00	0.00e+00	0.00e+00	7.29e-01	1.01e-01	6.29e-02
 3.70675e+16	8.98e-01	1.02e-01	2.35e-05	0.00e+00	0.00e+00	0.00e+00	0.00e+00	0.00e+00	0.00e+00	7.34e-01	1.01e-01	6.26e-02
 3.70867e+16	9.02e-01	9.80e-02	2.06e-05	0.00e+00	0.00e+00	0.00e+00	0.00e+00	0.00e+00	0.00e+00	7.40e-01	9.98e-02	6.23e-02
 3.71053e+16	9.06e-01	9.39e-02	1.81e-05	0.00e+00	0.00e+00	0.00e+00	0.00e+00	0.00e+00	0.00e+00	7.45e-01	9.90e-02	6.20e-02
 3.71237e+16	9.10e-01	9.01e-02	1.59e-05	0.00e+00	0.00e+00	0.00e+00	0.00e+00	0.00e+00	0.00e+00	7.50e-01	9.82e-02	6.17e-02
 3.71420e+16	9.14e-01	8.64e-02	1.40e-05	0.00e+00	0.00e+00	0.00e+00	0.00e+00	0.00e+00	0.00e+00	7.55e-01	9.74e-02	6.14e-02
 3.71603e+16	9.17e-01	8.28e-02	1.23e-05	0.00e+00	0.00e+00	0.00e+00	0.00e+00	0.00e+00	0.00e+00	7.60e-01	9.66e-02	6.11e-02
 3.71783e+16	9.21e-01	7.94e-02	1.08e-05	0.00e+00	0.00e+00	0.00e+00	0.00e+00	0.00e+00	0.00e+00	7.64e-01	9.58e-02	6.08e-02
 3.71960e+16	9.24e-01	7.62e-02	9.56e-06	0.00e+00	0.00e+00	0.00e+00	0.00e+00	0.00e+00	0.00e+00	7.68e-01	9.50e-02	6.04e-02
 3.72135e+16	9.27e-01	7.31e-02	8.44e-06	0.00e+00	0.00e+00	0.00e+00	0.00e+00	0.00e+00	0.00e+00	7.72e-01	9.43e-02	6.01e-02
 3.72310e+16	9.30e-01	7.01e-02	7.44e-06	0.00e+00	0.00e+00	0.00e+00	0.00e+00	0.00e+00	0.00e+00	7.76e-01	9.36e-02	5.98e-02
 3.72482e+16	9.33e-01	6.73e-02	6.57e-06	0.00e+00	0.00e+00	0.00e+00	0.00e+00	0.00e+00	0.00e+00	7.80e-01	9.28e-02	5.95e-02
 3.72653e+16	9.35e-01	6.46e-02	5.81e-06	0.00e+00	0.00e+00	0.00e+00	0.00e+00	0.00e+00	0.00e+00	7.84e-01	9.21e-02	5.91e-02
 3.72819e+16	9.38e-01	6.20e-02	5.15e-06	0.00e+00	0.00e+00	0.00e+00	0.00e+00	0.00e+00	0.00e+00	7.88e-01	9.14e-02	5.87e-02
 3.72985e+16	9.40e-01	5.97e-02	4.57e-06	0.00e+00	0.00e+00	0.00e+00	0.00e+00	0.00e+00	0.00e+00	7.91e-01	9.08e-02	5.84e-02
 3.73153e+16	9.43e-01	5.73e-02	4.04e-06	0.00e+00	0.00e+00	0.00e+00	0.00e+00	0.00e+00	0.00e+00	7.95e-01	9.01e-02	5.80e-02
 3.73319e+16	9.45e-01	5.49e-02	3.58e-06	0.00e+00	0.00e+00	0.00e+00	0.00e+00	0.00e+00	0.00e+00	7.98e-01	8.94e-02	5.77e-02
 3.73481e+16	9.47e-01	5.28e-02	3.17e-06	0.00e+00	0.00e+00	0.00e+00	0.00e+00	0.00e+00	0.00e+00	8.01e-01	8.87e-02	5.73e-02
 3.73641e+16	9.49e-01	5.08e-02	2.82e-06	0.00e+00	0.00e+00	0.00e+00	0.00e+00	0.00e+00	0.00e+00	8.04e-01	8.81e-02	5.70e-02
 3.73805e+16	9.51e-01	4.87e-02	2.50e-06	0.00e+00	0.00e+00	0.00e+00	0.00e+00	0.00e+00	0.00e+00	8.07e-01	8.75e-02	5.66e-02
 3.73967e+16	9.53e-01	4.67e-02	2.22e-06	0.00e+00	0.00e+00	0.00e+00	0.00e+00	0.00e+00	0.00e+00	8.10e-01	8.69e-02	5.63e-02
 3.74121e+16	9.55e-01	4.50e-02	1.98e-06	0.00e+00	0.00e+00	0.00e+00	0.00e+00	0.00e+00	0.00e+00	8.13e-01	8.64e-02	5.60e-02
 3.74277e+16	9.57e-01	4.33e-02	1.76e-06	0.00e+00	0.00e+00	0.00e+00	0.00e+00	0.00e+00	0.00e+00	8.15e-01	8.58e-02	5.57e-02
 3.74436e+16	9.58e-01	4.15e-02	1.56e-06	0.00e+00	0.00e+00	0.00e+00	0.00e+00	0.00e+00	0.00e+00	8.18e-01	8.52e-02	5.53e-02
 3.74590e+16	9.60e-01	3.98e-02	1.39e-06	0.00e+00	0.00e+00	0.00e+00	0.00e+00	0.00e+00	0.00e+00	8.20e-01	8.47e-02	5.50e-02
 3.74745e+16	9.62e-01	3.84e-02	1.24e-06	0.00e+00	0.00e+00	0.00e+00	0.00e+00	0.00e+00	0.00e+00	8.23e-01	8.42e-02	5.47e-02
 3.74900e+16	9.63e-01	3.69e-02	1.10e-06	0.00e+00	0.00e+00	0.00e+00	0.00e+00	0.00e+00	0.00e+00	8.25e-01	8.37e-02	5.44e-02
 3.75049e+16	9.65e-01	3.54e-02	9.86e-07	0.00e+00	0.00e+00	0.00e+00	0.00e+00	0.00e+00	0.00e+00	8.27e-01	8.32e-02	5.41e-02
 3.75195e+16	9.66e-01	3.40e-02	8.83e-07	0.00e+00	0.00e+00	0.00e+00	0.00e+00	0.00e+00	0.00e+00	8.29e-01	8.27e-02	5.39e-02
 3.75347e+16	9.67e-01	3.27e-02	7.85e-07	0.00e+00	0.00e+00	0.00e+00	0.00e+00	0.00e+00	0.00e+00	8.31e-01	8.22e-02	5.36e-02
 3.75504e+16	9.69e-01	3.13e-02	6.97e-07	0.00e+00	0.00e+00	0.00e+00	0.00e+00	0.00e+00	0.00e+00	8.34e-01	8.18e-02	5.33e-02
 3.75653e+16	9.70e-01	3.01e-02	6.23e-07	0.00e+00	0.00e+00	0.00e+00	0.00e+00	0.00e+00	0.00e+00	8.36e-01	8.13e-02	5.30e-02
 3.75793e+16	9.71e-01	2.90e-02	5.61e-07	0.00e+00	0.00e+00	0.00e+00	0.00e+00	0.00e+00	0.00e+00	8.37e-01	8.09e-02	5.28e-02
 3.75929e+16	9.72e-01	2.79e-02	5.05e-07	0.00e+00	0.00e+00	0.00e+00	0.00e+00	0.00e+00	0.00e+00	8.39e-01	8.05e-02	5.26e-02
 3.76077e+16	9.73e-01	2.69e-02	4.51e-07	0.00e+00	0.00e+00	0.00e+00	0.00e+00	0.00e+00	0.00e+00	8.41e-01	8.01e-02	5.23e-02
 3.76228e+16	9.74e-01	2.57e-02	4.02e-07	0.00e+00	0.00e+00	0.00e+00	0.00e+00	0.00e+00	0.00e+00	8.43e-01	7.97e-02	5.21e-02
 3.76361e+16	9.75e-01	2.47e-02	3.63e-07	0.00e+00	0.00e+00	0.00e+00	0.00e+00	0.00e+00	0.00e+00	8.44e-01	7.93e-02	5.18e-02
 3.76494e+16	9.76e-01	2.38e-02	3.28e-07	0.00e+00	0.00e+00	0.00e+00	0.00e+00	0.00e+00	0.00e+00	8.46e-01	7.90e-02	5.16e-02
 3.76637e+16	9.77e-01	2.28e-02	2.93e-07	0.00e+00	0.00e+00	0.00e+00	0.00e+00	0.00e+00	0.00e+00	8.47e-01	7.86e-02	5.14e-02
 3.76779e+16	9.78e-01	2.18e-02	2.62e-07	0.00e+00	0.00e+00	0.00e+00	0.00e+00	0.00e+00	0.00e+00	8.49e-01	7.82e-02	5.11e-02
 3.76912e+16	9.79e-01	2.10e-02	2.37e-07	0.00e+00	0.00e+00	0.00e+00	0.00e+00	0.00e+00	0.00e+00	8.50e-01	7.79e-02	5.09e-02
 3.77040e+16	9.80e-01	2.02e-02	2.15e-07	0.00e+00	0.00e+00	0.00e+00	0.00e+00	0.00e+00	0.00e+00	8.52e-01	7.75e-02	5.07e-02
 3.77169e+16	9.81e-01	1.94e-02	1.94e-07	0.00e+00	0.00e+00	0.00e+00	0.00e+00	0.00e+00	0.00e+00	8.53e-01	7.72e-02	5.05e-02
 3.77297e+16	9.81e-01	1.86e-02	1.76e-07	0.00e+00	0.00e+00	0.00e+00	0.00e+00	0.00e+00	0.00e+00	8.54e-01	7.69e-02	5.03e-02
 3.77414e+16	9.82e-01	1.79e-02	1.60e-07	0.00e+00	0.00e+00	0.00e+00	0.00e+00	0.00e+00	0.00e+00	8.55e-01	7.66e-02	5.01e-02
 3.77520e+16	9.83e-01	1.73e-02	1.48e-07	0.00e+00	0.00e+00	0.00e+00	0.00e+00	0.00e+00	0.00e+00	8.57e-01	7.63e-02	4.99e-02
 3.77621e+16	9.83e-01	1.67e-02	1.37e-07	0.00e+00	0.00e+00	0.00e+00	0.00e+00	0.00e+00	0.00e+00	8.58e-01	7.60e-02	4.97e-02
 3.77720e+16	9.84e-01	1.61e-02	1.27e-07	0.00e+00	0.00e+00	0.00e+00	0.00e+00	0.00e+00	0.00e+00	8.59e-01	7.57e-02	4.95e-02
 3.77814e+16	9.84e-01	1.56e-02	1.18e-07	0.00e+00	0.00e+00	0.00e+00	0.00e+00	0.00e+00	0.00e+00	8.60e-01	7.55e-02	4.94e-02
 3.77904e+16	9.85e-01	1.51e-02	1.10e-07	0.00e+00	0.00e+00	0.00e+00	0.00e+00	0.00e+00	0.00e+00	8.60e-01	7.52e-02	4.92e-02
 3.77992e+16	9.85e-01	1.46e-02	1.02e-07	0.00e+00	0.00e+00	0.00e+00	0.00e+00	0.00e+00	0.00e+00	8.61e-01	7.50e-02	4.90e-02
 3.78076e+16	9.86e-01	1.42e-02	9.57e-08	0.00e+00	0.00e+00	0.00e+00	0.00e+00	0.00e+00	0.00e+00	8.62e-01	7.47e-02	4.88e-02
 3.78160e+16	9.86e-01	1.37e-02	8.95e-08	0.00e+00	0.00e+00	0.00e+00	0.00e+00	0.00e+00	0.00e+00	8.63e-01	7.44e-02	4.87e-02
 3.78243e+16	9.87e-01	1.32e-02	8.38e-08	0.00e+00	0.00e+00	0.00e+00	0.00e+00	0.00e+00	0.00e+00	8.64e-01	7.42e-02	4.85e-02
 3.78326e+16	9.87e-01	1.28e-02	7.84e-08	0.00e+00	0.00e+00	0.00e+00	0.00e+00	0.00e+00	0.00e+00	8.65e-01	7.39e-02	4.83e-02
 3.78411e+16	9.88e-01	1.23e-02	7.31e-08	0.00e+00	0.00e+00	0.00e+00	0.00e+00	0.00e+00	0.00e+00	8.66e-01	7.36e-02	4.80e-02
 3.78492e+16	9.88e-01	1.18e-02	6.85e-08	0.00e+00	0.00e+00	0.00e+00	0.00e+00	0.00e+00	0.00e+00	8.67e-01	7.33e-02	4.78e-02
 3.78564e+16	9.89e-01	1.14e-02	6.47e-08	0.00e+00	0.00e+00	0.00e+00	0.00e+00	0.00e+00	0.00e+00	8.68e-01	7.30e-02	4.76e-02
 3.78627e+16	9.89e-01	1.11e-02	6.14e-08	0.00e+00	0.00e+00	0.00e+00	0.00e+00	0.00e+00	0.00e+00	8.69e-01	7.27e-02	4.74e-02
 3.78686e+16	9.89e-01	1.08e-02	5.86e-08	0.00e+00	0.00e+00	0.00e+00	0.00e+00	0.00e+00	0.00e+00	8.70e-01	7.25e-02	4.72e-02
 3.78741e+16	9.90e-01	1.05e-02	5.60e-08	0.00e+00	0.00e+00	0.00e+00	0.00e+00	0.00e+00	0.00e+00	8.70e-01	7.22e-02	4.70e-02
 3.78794e+16	9.90e-01	1.02e-02	5.36e-08	0.00e+00	0.00e+00	0.00e+00	0.00e+00	0.00e+00	0.00e+00	8.71e-01	7.20e-02	4.68e-02
 3.78844e+16	9.90e-01	9.94e-03	5.14e-08	0.00e+00	0.00e+00	0.00e+00	0.00e+00	0.00e+00	0.00e+00	8.72e-01	7.17e-02	4.67e-02
 3.78891e+16	9.90e-01	9.68e-03	4.94e-08	0.00e+00	0.00e+00	0.00e+00	0.00e+00	0.00e+00	0.00e+00	8.72e-01	7.15e-02	4.65e-02
 3.78935e+16	9.91e-01	9.44e-03	4.76e-08	0.00e+00	0.00e+00	0.00e+00	0.00e+00	0.00e+00	0.00e+00	8.73e-01	7.12e-02	4.63e-02
 3.78975e+16	9.91e-01	9.22e-03	4.59e-08	0.00e+00	0.00e+00	0.00e+00	0.00e+00	0.00e+00	0.00e+00	8.74e-01	7.10e-02	4.61e-02
 3.79013e+16	9.91e-01	9.02e-03	4.45e-08	0.00e+00	0.00e+00	0.00e+00	0.00e+00	0.00e+00	0.00e+00	8.74e-01	7.08e-02	4.59e-02
 3.79046e+16	9.91e-01	8.84e-03	4.31e-08	0.00e+00	0.00e+00	0.00e+00	0.00e+00	0.00e+00	0.00e+00	8.75e-01	7.06e-02	4.58e-02
 3.79077e+16	9.91e-01	8.68e-03	4.20e-08	0.00e+00	0.00e+00	0.00e+00	0.00e+00	0.00e+00	0.00e+00	8.75e-01	7.04e-02	4.56e-02
 3.79105e+16	9.91e-01	8.53e-03	4.09e-08	0.00e+00	0.00e+00	0.00e+00	0.00e+00	0.00e+00	0.00e+00	8.76e-01	7.02e-02	4.55e-02
 3.79131e+16	9.92e-01	8.40e-03	4.00e-08	0.00e+00	0.00e+00	0.00e+00	0.00e+00	0.00e+00	0.00e+00	8.76e-01	7.01e-02	4.54e-02
 3.79154e+16	9.92e-01	8.28e-03	3.91e-08	0.00e+00	0.00e+00	0.00e+00	0.00e+00	0.00e+00	0.00e+00	8.77e-01	6.99e-02	4.52e-02
 3.79179e+16	9.92e-01	8.14e-03	3.81e-08	0.00e+00	0.00e+00	0.00e+00	0.00e+00	0.00e+00	0.00e+00	8.77e-01	6.97e-02	4.51e-02
 3.79207e+16	9.92e-01	8.00e-03	3.72e-08	0.00e+00	0.00e+00	0.00e+00	0.00e+00	0.00e+00	0.00e+00	8.78e-01	6.95e-02	4.49e-02
 3.79232e+16	9.92e-01	7.87e-03	3.63e-08	0.00e+00	0.00e+00	0.00e+00	0.00e+00	0.00e+00	0.00e+00	8.78e-01	6.93e-02	4.48e-02
 3.79254e+16	9.92e-01	7.76e-03	3.55e-08	0.00e+00	0.00e+00	0.00e+00	0.00e+00	0.00e+00	0.00e+00	8.78e-01	6.92e-02	4.47e-02
 3.79279e+16	9.92e-01	7.63e-03	3.46e-08	0.00e+00	0.00e+00	0.00e+00	0.00e+00	0.00e+00	0.00e+00	8.79e-01	6.90e-02	4.45e-02
 3.79306e+16	9.93e-01	7.46e-03	3.35e-08	0.00e+00	0.00e+00	0.00e+00	0.00e+00	0.00e+00	0.00e+00	8.80e-01	6.87e-02	4.43e-02
