#depth	He	He+	He+2
 3.61199e+11	1.03e-03	9.92e-01	7.14e-03
 2.16720e+12	1.03e-03	9.92e-01	7.13e-03
 9.39118e+12	1.03e-03	9.92e-01	7.09e-03
 3.82871e+13	1.03e-03	9.92e-01	6.86e-03
 9.14557e+13	1.03e-03	9.92e-01	6.73e-03
 1.60575e+14	1.04e-03	9.93e-01	6.35e-03
 2.50430e+14	1.04e-03	9.93e-01	5.75e-03
 3.67241e+14	1.05e-03	9.94e-01	4.92e-03
 5.19096e+14	1.05e-03	9.95e-01	3.92e-03
 7.16507e+14	1.06e-03	9.96e-01	2.85e-03
 9.73141e+14	1.07e-03	9.97e-01	1.84e-03
 1.30677e+15	1.09e-03	9.98e-01	1.03e-03
 1.74048e+15	1.11e-03	9.98e-01	4.82e-04
 2.30430e+15	1.13e-03	9.99e-01	1.82e-04
 3.03728e+15	1.17e-03	9.99e-01	5.38e-05
 3.99014e+15	1.21e-03	9.99e-01	1.20e-05
 5.22887e+15	1.27e-03	9.99e-01	1.97e-06
 6.83921e+15	1.36e-03	9.99e-01	2.47e-07
 8.72419e+15	1.46e-03	9.99e-01	2.91e-08
 1.06738e+16	1.58e-03	9.98e-01	4.48e-09
 1.22310e+16	1.68e-03	9.98e-01	1.25e-09
 1.34541e+16	1.77e-03	9.98e-01	5.35e-10
 1.46460e+16	1.86e-03	9.98e-01	2.64e-10
 1.56682e+16	1.95e-03	9.98e-01	1.59e-10
 1.65833e+16	2.04e-03	9.98e-01	1.08e-10
 1.74696e+16	2.13e-03	9.98e-01	7.96e-11
 1.83418e+16	2.23e-03	9.98e-01	6.23e-11
 1.91762e+16	2.33e-03	9.98e-01	5.17e-11
 1.99590e+16	2.43e-03	9.98e-01	4.51e-11
 2.06983e+16	2.54e-03	9.97e-01	4.08e-11
 2.14072e+16	2.65e-03	9.97e-01	3.78e-11
 2.20904e+16	2.77e-03	9.97e-01	3.56e-11
 2.27465e+16	2.89e-03	9.97e-01	3.41e-11
 2.33745e+16	3.02e-03	9.97e-01	3.30e-11
 2.39765e+16	3.16e-03	9.97e-01	3.22e-11
 2.45560e+16	3.30e-03	9.97e-01	3.16e-11
 2.51149e+16	3.46e-03	9.97e-01	3.12e-11
 2.56540e+16	3.62e-03	9.96e-01	3.10e-11
 2.61742e+16	3.79e-03	9.96e-01	3.08e-11
 2.66765e+16	3.98e-03	9.96e-01	3.07e-11
 2.71623e+16	4.17e-03	9.96e-01	3.07e-11
 2.76329e+16	4.39e-03	9.96e-01	3.09e-11
 2.80891e+16	4.62e-03	9.95e-01	3.09e-11
 2.85297e+16	4.87e-03	9.95e-01	3.12e-11
 2.89568e+16	5.15e-03	9.95e-01	3.14e-11
 2.93720e+16	5.44e-03	9.95e-01	3.18e-11
 2.97759e+16	5.78e-03	9.94e-01	3.22e-11
 3.01618e+16	6.14e-03	9.94e-01	3.25e-11
 3.05210e+16	6.52e-03	9.93e-01	3.31e-11
 3.08589e+16	6.92e-03	9.93e-01	3.36e-11
 3.11832e+16	7.37e-03	9.93e-01	3.43e-11
 3.14952e+16	7.86e-03	9.92e-01	3.51e-11
 3.17928e+16	8.41e-03	9.92e-01	3.60e-11
 3.20746e+16	9.00e-03	9.91e-01	3.69e-11
 3.23420e+16	9.65e-03	9.90e-01	3.81e-11
 3.25974e+16	1.04e-02	9.90e-01	3.94e-11
 3.28425e+16	1.12e-02	9.89e-01	4.08e-11
 3.30777e+16	1.21e-02	9.88e-01	4.26e-11
 3.33029e+16	1.31e-02	9.87e-01	4.46e-11
 3.35183e+16	1.43e-02	9.86e-01	4.70e-11
 3.37247e+16	1.56e-02	9.84e-01	4.98e-11
 3.39226e+16	1.71e-02	9.83e-01	5.35e-11
 3.41134e+16	1.88e-02	9.81e-01	5.88e-11
 3.42986e+16	2.09e-02	9.79e-01	6.50e-11
 3.44779e+16	2.33e-02	9.77e-01	7.16e-11
 3.46494e+16	2.62e-02	9.74e-01	8.17e-11
 3.47878e+16	2.90e-02	9.71e-01	9.03e-11
 3.48836e+16	3.14e-02	9.69e-01	9.78e-11
 3.49779e+16	3.41e-02	9.66e-01	1.07e-10
 3.50826e+16	3.74e-02	9.63e-01	1.21e-10
 3.51773e+16	4.09e-02	9.59e-01	1.36e-10
 3.52582e+16	4.44e-02	9.56e-01	1.51e-10
 3.53327e+16	4.81e-02	9.52e-01	1.68e-10
 3.54174e+16	5.30e-02	9.47e-01	1.92e-10
 3.55053e+16	5.87e-02	9.41e-01	2.21e-10
 3.55757e+16	6.41e-02	9.36e-01	2.48e-10
 3.56345e+16	6.91e-02	9.31e-01	2.77e-10
 3.56993e+16	7.56e-02	9.24e-01	3.13e-10
 3.57702e+16	8.33e-02	9.17e-01	3.59e-10
 3.58331e+16	9.13e-02	9.09e-01	4.05e-10
 3.58881e+16	9.88e-02	9.01e-01	4.58e-10
 3.59463e+16	1.08e-01	8.92e-01	5.15e-10
 3.60081e+16	1.19e-01	8.81e-01	5.96e-10
 3.60648e+16	1.30e-01	8.70e-01	6.74e-10
 3.61174e+16	1.42e-01	8.58e-01	7.61e-10
 3.61672e+16	1.54e-01	8.46e-01	8.47e-10
 3.62146e+16	1.66e-01	8.34e-01	9.49e-10
 3.62588e+16	1.79e-01	8.21e-01	1.05e-09
 3.62913e+16	1.88e-01	8.12e-01	1.13e-09
 3.63126e+16	1.95e-01	8.05e-01	1.18e-09
 3.63340e+16	2.03e-01	7.97e-01	1.24e-09
 3.63596e+16	2.12e-01	7.88e-01	1.30e-09
 3.63862e+16	2.22e-01	7.78e-01	1.38e-09
 3.64108e+16	2.31e-01	7.69e-01	1.47e-09
 3.64344e+16	2.40e-01	7.60e-01	1.54e-09
 3.64580e+16	2.50e-01	7.50e-01	1.62e-09
 3.64817e+16	2.60e-01	7.40e-01	1.71e-09
 3.65054e+16	2.71e-01	7.29e-01	1.80e-09
 3.65288e+16	2.81e-01	7.19e-01	1.89e-09
 3.65520e+16	2.93e-01	7.07e-01	1.99e-09
 3.65751e+16	3.04e-01	6.96e-01	2.08e-09
 3.65979e+16	3.15e-01	6.85e-01	2.19e-09
 3.66207e+16	3.28e-01	6.72e-01	2.28e-09
 3.66433e+16	3.39e-01	6.61e-01	2.40e-09
 3.66659e+16	3.52e-01	6.48e-01	2.50e-09
 3.66885e+16	3.65e-01	6.35e-01	2.61e-09
 3.67106e+16	3.78e-01	6.22e-01	2.73e-09
 3.67324e+16	3.91e-01	6.09e-01	2.84e-09
 3.67546e+16	4.05e-01	5.95e-01	2.95e-09
 3.67767e+16	4.18e-01	5.82e-01	3.08e-09
 3.67985e+16	4.32e-01	5.68e-01	3.20e-09
 3.68203e+16	4.46e-01	5.54e-01	3.31e-09
 3.68418e+16	4.60e-01	5.40e-01	3.43e-09
 3.68631e+16	4.74e-01	5.26e-01	3.55e-09
 3.68846e+16	4.89e-01	5.11e-01	3.67e-09
 3.69062e+16	5.04e-01	4.96e-01	3.79e-09
 3.69272e+16	5.18e-01	4.82e-01	3.91e-09
 3.69479e+16	5.32e-01	4.68e-01	4.03e-09
 3.69684e+16	5.47e-01	4.53e-01	4.13e-09
 3.69889e+16	5.61e-01	4.39e-01	4.25e-09
 3.70090e+16	5.75e-01	4.25e-01	4.36e-09
 3.70285e+16	5.89e-01	4.11e-01	4.46e-09
 3.70480e+16	6.03e-01	3.97e-01	4.55e-09
 3.70675e+16	6.16e-01	3.84e-01	4.65e-09
 3.70867e+16	6.29e-01	3.71e-01	4.75e-09
 3.71053e+16	6.42e-01	3.58e-01	4.83e-09
 3.71237e+16	6.55e-01	3.45e-01	4.91e-09
 3.71420e+16	6.67e-01	3.33e-01	4.99e-09
 3.71603e+16	6.79e-01	3.21e-01	5.07e-09
 3.71783e+16	6.91e-01	3.09e-01	5.14e-09
 3.71960e+16	7.03e-01	2.97e-01	5.21e-09
 3.72135e+16	7.14e-01	2.86e-01	5.27e-09
 3.72310e+16	7.25e-01	2.75e-01	5.33e-09
 3.72482e+16	7.36e-01	2.64e-01	5.38e-09
 3.72653e+16	7.46e-01	2.54e-01	5.43e-09
 3.72819e+16	7.56e-01	2.44e-01	5.47e-09
 3.72985e+16	7.65e-01	2.35e-01	5.52e-09
 3.73153e+16	7.75e-01	2.25e-01	5.55e-09
 3.73319e+16	7.84e-01	2.16e-01	5.59e-09
 3.73481e+16	7.93e-01	2.07e-01	5.61e-09
 3.73641e+16	8.01e-01	1.99e-01	5.63e-09
 3.73805e+16	8.10e-01	1.90e-01	5.66e-09
 3.73967e+16	8.18e-01	1.82e-01	5.68e-09
 3.74121e+16	8.25e-01	1.75e-01	5.68e-09
 3.74277e+16	8.32e-01	1.68e-01	5.70e-09
 3.74436e+16	8.40e-01	1.60e-01	5.70e-09
 3.74590e+16	8.47e-01	1.53e-01	5.68e-09
 3.74745e+16	8.53e-01	1.47e-01	5.70e-09
 3.74900e+16	8.59e-01	1.41e-01	5.71e-09
 3.75049e+16	8.65e-01	1.35e-01	5.70e-09
 3.75195e+16	8.71e-01	1.29e-01	5.66e-09
 3.75347e+16	8.77e-01	1.23e-01	5.65e-09
 3.75504e+16	8.82e-01	1.18e-01	5.64e-09
 3.75653e+16	8.87e-01	1.13e-01	5.64e-09
 3.75793e+16	8.92e-01	1.08e-01	5.63e-09
 3.75929e+16	8.97e-01	1.03e-01	5.58e-09
 3.76077e+16	9.01e-01	9.88e-02	5.58e-09
 3.76228e+16	9.05e-01	9.45e-02	5.58e-09
 3.76361e+16	9.09e-01	9.06e-02	5.54e-09
 3.76494e+16	9.13e-01	8.68e-02	5.50e-09
 3.76637e+16	9.17e-01	8.28e-02	5.46e-09
 3.76779e+16	9.21e-01	7.93e-02	5.44e-09
 3.76912e+16	9.24e-01	7.60e-02	5.41e-09
 3.77040e+16	9.27e-01	7.29e-02	5.38e-09
 3.77169e+16	9.30e-01	6.99e-02	5.33e-09
 3.77297e+16	9.33e-01	6.71e-02	5.30e-09
 3.77414e+16	9.35e-01	6.46e-02	5.27e-09
 3.77520e+16	9.38e-01	6.24e-02	5.24e-09
 3.77621e+16	9.40e-01	6.03e-02	5.19e-09
 3.77720e+16	9.42e-01	5.84e-02	5.15e-09
 3.77814e+16	9.43e-01	5.66e-02	5.11e-09
 3.77904e+16	9.45e-01	5.49e-02	5.07e-09
 3.77992e+16	9.47e-01	5.33e-02	5.02e-09
 3.78076e+16	9.48e-01	5.17e-02	4.98e-09
 3.78160e+16	9.50e-01	5.03e-02	4.93e-09
 3.78243e+16	9.51e-01	4.89e-02	4.88e-09
 3.78326e+16	9.53e-01	4.75e-02	4.83e-09
 3.78411e+16	9.54e-01	4.61e-02	4.78e-09
 3.78492e+16	9.55e-01	4.48e-02	4.72e-09
 3.78564e+16	9.56e-01	4.37e-02	4.66e-09
 3.78627e+16	9.57e-01	4.27e-02	4.61e-09
 3.78686e+16	9.58e-01	4.17e-02	4.55e-09
 3.78741e+16	9.59e-01	4.09e-02	4.49e-09
 3.78794e+16	9.60e-01	4.01e-02	4.44e-09
 3.78844e+16	9.61e-01	3.93e-02	4.39e-09
 3.78891e+16	9.61e-01	3.86e-02	4.33e-09
 3.78935e+16	9.62e-01	3.79e-02	4.28e-09
 3.78975e+16	9.63e-01	3.73e-02	4.23e-09
 3.79013e+16	9.63e-01	3.68e-02	4.18e-09
 3.79046e+16	9.64e-01	3.62e-02	4.14e-09
 3.79077e+16	9.64e-01	3.58e-02	4.10e-09
 3.79105e+16	9.65e-01	3.54e-02	4.06e-09
 3.79131e+16	9.65e-01	3.50e-02	4.02e-09
 3.79154e+16	9.65e-01	3.46e-02	3.99e-09
 3.79179e+16	9.66e-01	3.42e-02	3.95e-09
 3.79207e+16	9.66e-01	3.38e-02	3.91e-09
 3.79232e+16	9.67e-01	3.35e-02	3.88e-09
 3.79254e+16	9.67e-01	3.32e-02	3.85e-09
 3.79279e+16	9.67e-01	3.28e-02	3.82e-09
 3.79306e+16	9.68e-01	3.24e-02	3.79e-09
