#depth	He	He+	He+2
 4.11287e+11	2.76e-04	2.20e-01	7.80e-01
 2.46772e+12	2.77e-04	2.20e-01	7.79e-01
 1.06935e+13	2.78e-04	2.21e-01	7.79e-01
 4.35964e+13	2.81e-04	2.23e-01	7.77e-01
 1.04138e+14	2.86e-04	2.25e-01	7.75e-01
 1.82842e+14	2.91e-04	2.28e-01	7.71e-01
 2.85157e+14	3.00e-04	2.34e-01	7.66e-01
 4.18166e+14	3.12e-04	2.40e-01	7.59e-01
 5.91079e+14	3.26e-04	2.50e-01	7.50e-01
 8.15865e+14	3.49e-04	2.64e-01	7.36e-01
 1.10809e+15	3.80e-04	2.84e-01	7.16e-01
 1.48797e+15	4.24e-04	3.13e-01	6.86e-01
 1.98183e+15	4.91e-04	3.58e-01	6.41e-01
 2.50733e+15	5.66e-04	4.14e-01	5.86e-01
 2.97961e+15	6.44e-04	4.72e-01	5.27e-01
 3.49923e+15	7.43e-04	5.46e-01	4.54e-01
 4.03078e+15	8.44e-04	6.26e-01	3.73e-01
 4.50147e+15	9.34e-04	6.99e-01	3.00e-01
 5.03699e+15	1.03e-03	7.76e-01	2.23e-01
 5.73316e+15	1.15e-03	8.59e-01	1.40e-01
 6.43299e+15	1.25e-03	9.18e-01	8.08e-02
 7.07628e+15	1.33e-03	9.52e-01	4.67e-02
 7.78391e+15	1.40e-03	9.74e-01	2.50e-02
 8.56230e+15	1.46e-03	9.86e-01	1.26e-02
 9.41853e+15	1.52e-03	9.92e-01	6.03e-03
 1.03604e+16	1.58e-03	9.96e-01	2.75e-03
 1.13964e+16	1.65e-03	9.97e-01	1.21e-03
 1.25361e+16	1.71e-03	9.98e-01	5.11e-04
 1.37897e+16	1.87e-03	9.98e-01	2.01e-04
 1.50158e+16	1.96e-03	9.98e-01	8.15e-05
 1.63257e+16	2.06e-03	9.98e-01	3.36e-05
 1.79194e+16	2.18e-03	9.98e-01	1.24e-05
 1.97114e+16	2.32e-03	9.98e-01	4.49e-06
 2.16825e+16	2.48e-03	9.98e-01	1.66e-06
 2.38508e+16	2.68e-03	9.97e-01	6.48e-07
 2.57150e+16	2.89e-03	9.97e-01	3.27e-07
 2.69410e+16	3.04e-03	9.97e-01	2.20e-07
 2.80849e+16	3.17e-03	9.97e-01	1.52e-07
 2.95721e+16	3.35e-03	9.97e-01	9.95e-08
 3.11573e+16	3.58e-03	9.96e-01	6.70e-08
 3.24509e+16	3.78e-03	9.96e-01	5.02e-08
 3.34669e+16	3.95e-03	9.96e-01	4.04e-08
 3.45410e+16	4.13e-03	9.96e-01	3.23e-08
 3.59373e+16	4.37e-03	9.96e-01	2.46e-08
 3.73761e+16	4.66e-03	9.95e-01	1.93e-08
 3.84750e+16	4.92e-03	9.95e-01	1.63e-08
 3.93140e+16	5.13e-03	9.95e-01	1.44e-08
 4.02101e+16	5.32e-03	9.95e-01	1.26e-08
 4.13751e+16	5.60e-03	9.94e-01	1.07e-08
 4.26140e+16	5.94e-03	9.94e-01	9.14e-09
 4.36321e+16	6.26e-03	9.94e-01	8.15e-09
 4.44512e+16	6.54e-03	9.93e-01	7.45e-09
 4.53286e+16	6.81e-03	9.93e-01	6.77e-09
 4.64693e+16	7.19e-03	9.93e-01	6.03e-09
 4.76534e+16	7.66e-03	9.92e-01	5.44e-09
 4.85764e+16	8.08e-03	9.92e-01	5.06e-09
 4.92999e+16	8.42e-03	9.92e-01	4.78e-09
 5.00818e+16	8.77e-03	9.91e-01	4.51e-09
 5.10983e+16	9.26e-03	9.91e-01	4.20e-09
 5.21839e+16	9.87e-03	9.90e-01	3.94e-09
 5.30735e+16	1.04e-02	9.90e-01	3.77e-09
 5.37779e+16	1.09e-02	9.89e-01	3.64e-09
 5.45272e+16	1.14e-02	9.89e-01	3.51e-09
 5.55013e+16	1.21e-02	9.88e-01	3.37e-09
 5.65207e+16	1.30e-02	9.87e-01	3.26e-09
 5.73105e+16	1.39e-02	9.86e-01	3.19e-09
 5.78945e+16	1.45e-02	9.85e-01	3.14e-09
 5.84997e+16	1.52e-02	9.85e-01	3.09e-09
 5.92864e+16	1.62e-02	9.84e-01	3.05e-09
 6.01467e+16	1.74e-02	9.83e-01	3.01e-09
 6.08746e+16	1.87e-02	9.81e-01	2.99e-09
 6.14445e+16	1.99e-02	9.80e-01	2.98e-09
 6.20368e+16	2.12e-02	9.79e-01	2.97e-09
 6.28067e+16	2.30e-02	9.77e-01	2.97e-09
 6.36171e+16	2.55e-02	9.74e-01	2.97e-09
 6.42235e+16	2.81e-02	9.72e-01	2.97e-09
 6.46144e+16	3.01e-02	9.70e-01	2.98e-09
 6.49818e+16	3.21e-02	9.68e-01	3.00e-09
 6.54593e+16	3.50e-02	9.65e-01	3.01e-09
 6.59464e+16	3.89e-02	9.61e-01	3.04e-09
 6.63097e+16	4.26e-02	9.57e-01	3.07e-09
 6.65734e+16	4.57e-02	9.54e-01	3.10e-09
 6.68443e+16	4.93e-02	9.51e-01	3.13e-09
 6.71964e+16	5.46e-02	9.45e-01	3.18e-09
 6.75422e+16	6.16e-02	9.38e-01	3.25e-09
 6.77814e+16	6.76e-02	9.32e-01	3.32e-09
 6.79522e+16	7.25e-02	9.28e-01	3.38e-09
 6.81323e+16	7.82e-02	9.22e-01	3.44e-09
 6.83664e+16	8.67e-02	9.13e-01	3.55e-09
 6.86063e+16	9.75e-02	9.03e-01	3.72e-09
 6.87889e+16	1.08e-01	8.92e-01	3.87e-09
 6.89288e+16	1.16e-01	8.84e-01	4.00e-09
 6.90708e+16	1.27e-01	8.73e-01	4.15e-09
 6.92318e+16	1.40e-01	8.60e-01	4.35e-09
 6.93856e+16	1.54e-01	8.46e-01	4.60e-09
 6.95078e+16	1.68e-01	8.32e-01	4.82e-09
 6.96043e+16	1.80e-01	8.20e-01	5.00e-09
 6.96942e+16	1.92e-01	8.08e-01	5.18e-09
 6.97694e+16	2.03e-01	7.97e-01	5.35e-09
 6.98215e+16	2.11e-01	7.89e-01	5.47e-09
 6.98682e+16	2.19e-01	7.81e-01	5.57e-09
 6.99217e+16	2.28e-01	7.72e-01	5.70e-09
 6.99803e+16	2.39e-01	7.61e-01	5.85e-09
 7.00361e+16	2.50e-01	7.50e-01	6.01e-09
 7.00860e+16	2.60e-01	7.40e-01	6.16e-09
 7.01331e+16	2.70e-01	7.30e-01	6.30e-09
 7.01810e+16	2.81e-01	7.19e-01	6.44e-09
 7.02298e+16	2.92e-01	7.08e-01	6.60e-09
 7.02774e+16	3.04e-01	6.96e-01	6.76e-09
 7.03227e+16	3.16e-01	6.84e-01	6.92e-09
 7.03665e+16	3.28e-01	6.72e-01	7.08e-09
 7.04100e+16	3.40e-01	6.60e-01	7.23e-09
 7.04533e+16	3.53e-01	6.47e-01	7.39e-09
 7.04957e+16	3.66e-01	6.34e-01	7.55e-09
 7.05369e+16	3.79e-01	6.21e-01	7.71e-09
 7.05771e+16	3.93e-01	6.07e-01	7.86e-09
 7.06167e+16	4.06e-01	5.94e-01	8.01e-09
 7.06558e+16	4.20e-01	5.80e-01	8.16e-09
 7.06942e+16	4.34e-01	5.66e-01	8.31e-09
 7.07317e+16	4.49e-01	5.51e-01	8.45e-09
 7.07684e+16	4.63e-01	5.37e-01	8.59e-09
 7.08045e+16	4.77e-01	5.23e-01	8.72e-09
 7.08401e+16	4.92e-01	5.08e-01	8.85e-09
 7.08750e+16	5.07e-01	4.93e-01	8.97e-09
 7.09093e+16	5.21e-01	4.79e-01	9.08e-09
 7.09428e+16	5.36e-01	4.64e-01	9.19e-09
 7.09754e+16	5.50e-01	4.50e-01	9.29e-09
 7.10069e+16	5.65e-01	4.35e-01	9.38e-09
 7.10375e+16	5.79e-01	4.21e-01	9.46e-09
 7.10674e+16	5.92e-01	4.08e-01	9.53e-09
 7.10965e+16	6.06e-01	3.94e-01	9.59e-09
 7.11247e+16	6.19e-01	3.81e-01	9.64e-09
 7.11522e+16	6.32e-01	3.68e-01	9.69e-09
 7.11791e+16	6.45e-01	3.55e-01	9.72e-09
 7.12054e+16	6.58e-01	3.42e-01	9.75e-09
 7.12311e+16	6.70e-01	3.30e-01	9.77e-09
 7.12561e+16	6.82e-01	3.18e-01	9.78e-09
 7.12804e+16	6.94e-01	3.06e-01	9.79e-09
 7.13041e+16	7.05e-01	2.95e-01	9.78e-09
 7.13274e+16	7.16e-01	2.84e-01	9.77e-09
 7.13501e+16	7.27e-01	2.73e-01	9.75e-09
 7.13722e+16	7.37e-01	2.63e-01	9.73e-09
 7.13936e+16	7.47e-01	2.53e-01	9.70e-09
 7.14147e+16	7.57e-01	2.43e-01	9.66e-09
 7.14355e+16	7.67e-01	2.33e-01	9.61e-09
 7.14558e+16	7.76e-01	2.24e-01	9.56e-09
 7.14756e+16	7.85e-01	2.15e-01	9.50e-09
 7.14949e+16	7.93e-01	2.07e-01	9.44e-09
 7.15140e+16	8.02e-01	1.98e-01	9.37e-09
 7.15323e+16	8.10e-01	1.90e-01	9.29e-09
 7.15501e+16	8.17e-01	1.83e-01	9.21e-09
 7.15677e+16	8.25e-01	1.75e-01	9.12e-09
 7.15851e+16	8.32e-01	1.68e-01	9.02e-09
 7.16018e+16	8.39e-01	1.61e-01	8.93e-09
 7.16181e+16	8.45e-01	1.55e-01	8.82e-09
 7.16339e+16	8.52e-01	1.48e-01	8.71e-09
 7.16495e+16	8.58e-01	1.42e-01	8.60e-09
 7.16647e+16	8.64e-01	1.36e-01	8.48e-09
 7.16793e+16	8.70e-01	1.30e-01	8.35e-09
 7.16936e+16	8.75e-01	1.25e-01	8.22e-09
 7.17074e+16	8.80e-01	1.20e-01	8.09e-09
 7.17209e+16	8.85e-01	1.15e-01	7.95e-09
 7.17339e+16	8.90e-01	1.10e-01	7.80e-09
 7.17463e+16	8.95e-01	1.05e-01	7.65e-09
 7.17576e+16	8.99e-01	1.01e-01	7.51e-09
 7.17679e+16	9.03e-01	9.75e-02	7.36e-09
 7.17774e+16	9.06e-01	9.40e-02	7.23e-09
 7.17863e+16	9.09e-01	9.07e-02	7.08e-09
 7.17947e+16	9.12e-01	8.77e-02	6.95e-09
 7.18025e+16	9.15e-01	8.49e-02	6.80e-09
 7.18096e+16	9.18e-01	8.23e-02	6.67e-09
 7.18159e+16	9.20e-01	7.99e-02	6.54e-09
 7.18217e+16	9.22e-01	7.77e-02	6.41e-09
 7.18273e+16	9.24e-01	7.56e-02	6.29e-09
 7.18324e+16	9.26e-01	7.37e-02	6.17e-09
 7.18372e+16	9.28e-01	7.19e-02	6.05e-09
 7.18416e+16	9.30e-01	7.02e-02	5.94e-09
 7.18457e+16	9.31e-01	6.86e-02	5.83e-09
 7.18495e+16	9.33e-01	6.70e-02	5.72e-09
 7.18530e+16	9.34e-01	6.56e-02	5.61e-09
 7.18563e+16	9.36e-01	6.44e-02	5.53e-09
 7.18596e+16	9.37e-01	6.29e-02	5.40e-09
 7.18626e+16	9.38e-01	6.16e-02	5.29e-09
 7.18650e+16	9.39e-01	6.06e-02	5.22e-09
 7.18674e+16	9.41e-01	5.94e-02	5.11e-09
 7.18698e+16	9.42e-01	5.85e-02	5.03e-09
 7.18719e+16	9.43e-01	5.73e-02	4.92e-09
 7.18739e+16	9.43e-01	5.65e-02	4.85e-09
 7.18756e+16	9.45e-01	5.55e-02	4.74e-09
 7.18773e+16	9.45e-01	5.47e-02	4.67e-09
 7.18788e+16	9.46e-01	5.37e-02	4.56e-09
 7.18803e+16	9.47e-01	5.29e-02	4.47e-09
 7.18815e+16	9.48e-01	5.23e-02	4.42e-09
 7.18827e+16	9.49e-01	5.14e-02	4.31e-09
 7.18839e+16	9.49e-01	5.07e-02	4.24e-09
 7.18850e+16	9.50e-01	4.98e-02	4.14e-09
 7.18860e+16	9.51e-01	4.93e-02	4.07e-09
 7.18869e+16	9.52e-01	4.84e-02	3.97e-09
 7.18877e+16	9.52e-01	4.77e-02	3.88e-09
 7.18885e+16	9.53e-01	4.72e-02	3.82e-09
 7.18893e+16	9.54e-01	4.62e-02	3.70e-09
 7.18901e+16	9.55e-01	4.51e-02	3.54e-09
 7.18909e+16	9.56e-01	4.40e-02	3.40e-09
 7.18916e+16	9.57e-01	4.28e-02	3.24e-09
 7.18923e+16	9.85e-01	1.53e-02	4.50e-10
