#depth	O	O+	O+2	O+3	O+4	O+5	O+6	O+7	O+8	O[1]	O[2]	O[3]
 4.11287e+11	2.88e-06	3.11e-03	2.97e-01	6.85e-01	1.52e-02	2.59e-07	0.00e+00	0.00e+00	0.00e+00	2.30e-06	3.71e-07	2.07e-07
 2.46772e+12	2.91e-06	3.13e-03	2.98e-01	6.84e-01	1.52e-02	2.57e-07	0.00e+00	0.00e+00	0.00e+00	2.32e-06	3.76e-07	2.09e-07
 1.06935e+13	2.91e-06	3.14e-03	2.98e-01	6.83e-01	1.51e-02	2.55e-07	0.00e+00	0.00e+00	0.00e+00	2.32e-06	3.75e-07	2.09e-07
 4.35964e+13	2.96e-06	3.18e-03	3.02e-01	6.80e-01	1.48e-02	2.48e-07	0.00e+00	0.00e+00	0.00e+00	2.36e-06	3.84e-07	2.13e-07
 1.04138e+14	3.00e-06	3.23e-03	3.07e-01	6.75e-01	1.43e-02	2.35e-07	0.00e+00	0.00e+00	0.00e+00	2.39e-06	3.91e-07	2.17e-07
 1.82842e+14	3.04e-06	3.29e-03	3.14e-01	6.69e-01	1.37e-02	2.20e-07	0.00e+00	0.00e+00	0.00e+00	2.42e-06	3.98e-07	2.21e-07
 2.85157e+14	3.14e-06	3.39e-03	3.23e-01	6.61e-01	1.29e-02	2.02e-07	0.00e+00	0.00e+00	0.00e+00	2.50e-06	4.13e-07	2.29e-07
 4.18166e+14	3.25e-06	3.51e-03	3.34e-01	6.50e-01	1.20e-02	1.82e-07	0.00e+00	0.00e+00	0.00e+00	2.58e-06	4.28e-07	2.37e-07
 5.91079e+14	3.36e-06	3.66e-03	3.49e-01	6.36e-01	1.10e-02	1.60e-07	0.00e+00	0.00e+00	0.00e+00	2.67e-06	4.43e-07	2.45e-07
 8.15865e+14	3.58e-06	3.90e-03	3.70e-01	6.16e-01	9.68e-03	1.34e-07	0.00e+00	0.00e+00	0.00e+00	2.85e-06	4.75e-07	2.61e-07
 1.10809e+15	3.86e-06	4.21e-03	3.99e-01	5.89e-01	8.21e-03	0.00e+00	0.00e+00	0.00e+00	0.00e+00	3.06e-06	5.13e-07	2.81e-07
 1.48797e+15	4.26e-06	4.65e-03	4.40e-01	5.49e-01	6.58e-03	0.00e+00	0.00e+00	0.00e+00	0.00e+00	3.38e-06	5.69e-07	3.11e-07
 1.98183e+15	4.83e-06	5.29e-03	4.97e-01	4.93e-01	4.85e-03	0.00e+00	0.00e+00	0.00e+00	0.00e+00	3.83e-06	6.50e-07	3.54e-07
 2.50733e+15	5.29e-06	5.93e-03	5.60e-01	4.31e-01	3.44e-03	0.00e+00	0.00e+00	0.00e+00	0.00e+00	4.19e-06	7.13e-07	3.88e-07
 2.97961e+15	5.79e-06	6.57e-03	6.20e-01	3.71e-01	2.45e-03	0.00e+00	0.00e+00	0.00e+00	0.00e+00	4.58e-06	7.84e-07	4.26e-07
 3.49923e+15	6.54e-06	7.38e-03	6.90e-01	3.01e-01	1.60e-03	0.00e+00	0.00e+00	0.00e+00	0.00e+00	5.16e-06	8.93e-07	4.86e-07
 4.03078e+15	7.09e-06	8.10e-03	7.57e-01	2.34e-01	9.91e-04	0.00e+00	0.00e+00	0.00e+00	0.00e+00	5.59e-06	9.70e-07	5.29e-07
 4.50147e+15	7.58e-06	8.72e-03	8.10e-01	1.80e-01	6.15e-04	0.00e+00	0.00e+00	0.00e+00	0.00e+00	5.98e-06	1.04e-06	5.66e-07
 5.03699e+15	8.25e-06	9.43e-03	8.63e-01	1.28e-01	3.34e-04	0.00e+00	0.00e+00	0.00e+00	0.00e+00	6.51e-06	1.13e-06	6.19e-07
 5.73316e+15	9.19e-06	1.03e-02	9.13e-01	7.68e-02	1.38e-04	0.00e+00	0.00e+00	0.00e+00	0.00e+00	7.24e-06	1.26e-06	6.91e-07
 6.43299e+15	1.01e-05	1.10e-02	9.45e-01	4.39e-02	5.31e-05	0.00e+00	0.00e+00	0.00e+00	0.00e+00	7.93e-06	1.38e-06	7.58e-07
 7.07628e+15	1.10e-05	1.17e-02	9.63e-01	2.53e-02	2.07e-05	0.00e+00	0.00e+00	0.00e+00	0.00e+00	8.68e-06	1.52e-06	8.34e-07
 7.78391e+15	1.21e-05	1.24e-02	9.74e-01	1.37e-02	7.21e-06	0.00e+00	0.00e+00	0.00e+00	0.00e+00	9.49e-06	1.67e-06	9.13e-07
 8.56230e+15	1.32e-05	1.31e-02	9.80e-01	7.05e-03	2.27e-06	0.00e+00	0.00e+00	0.00e+00	0.00e+00	1.04e-05	1.83e-06	9.98e-07
 9.41853e+15	1.44e-05	1.38e-02	9.83e-01	3.46e-03	6.53e-07	0.00e+00	0.00e+00	0.00e+00	0.00e+00	1.13e-05	2.01e-06	1.09e-06
 1.03604e+16	1.59e-05	1.45e-02	9.84e-01	1.62e-03	1.70e-07	0.00e+00	0.00e+00	0.00e+00	0.00e+00	1.24e-05	2.22e-06	1.20e-06
 1.13964e+16	1.74e-05	1.53e-02	9.84e-01	7.30e-04	0.00e+00	0.00e+00	0.00e+00	0.00e+00	0.00e+00	1.36e-05	2.44e-06	1.32e-06
 1.25361e+16	1.92e-05	1.62e-02	9.83e-01	3.17e-04	0.00e+00	0.00e+00	0.00e+00	0.00e+00	0.00e+00	1.50e-05	2.70e-06	1.46e-06
 1.37897e+16	2.41e-05	1.81e-02	9.82e-01	1.24e-04	0.00e+00	0.00e+00	0.00e+00	0.00e+00	0.00e+00	1.87e-05	3.54e-06	1.89e-06
 1.50158e+16	2.72e-05	1.94e-02	9.80e-01	5.11e-05	0.00e+00	0.00e+00	0.00e+00	0.00e+00	0.00e+00	2.10e-05	4.00e-06	2.13e-06
 1.63257e+16	3.06e-05	2.07e-02	9.79e-01	2.13e-05	0.00e+00	0.00e+00	0.00e+00	0.00e+00	0.00e+00	2.37e-05	4.51e-06	2.41e-06
 1.79194e+16	3.53e-05	2.25e-02	9.78e-01	7.98e-06	0.00e+00	0.00e+00	0.00e+00	0.00e+00	0.00e+00	2.73e-05	5.23e-06	2.79e-06
 1.97114e+16	4.15e-05	2.45e-02	9.75e-01	2.94e-06	0.00e+00	0.00e+00	0.00e+00	0.00e+00	0.00e+00	3.21e-05	6.15e-06	3.30e-06
 2.16825e+16	4.97e-05	2.69e-02	9.73e-01	1.12e-06	0.00e+00	0.00e+00	0.00e+00	0.00e+00	0.00e+00	3.84e-05	7.38e-06	3.97e-06
 2.38508e+16	6.10e-05	2.99e-02	9.70e-01	4.48e-07	0.00e+00	0.00e+00	0.00e+00	0.00e+00	0.00e+00	4.70e-05	9.07e-06	4.90e-06
 2.57150e+16	7.45e-05	3.31e-02	9.67e-01	2.33e-07	0.00e+00	0.00e+00	0.00e+00	0.00e+00	0.00e+00	5.74e-05	1.11e-05	6.01e-06
 2.69410e+16	8.57e-05	3.55e-02	9.64e-01	1.60e-07	0.00e+00	0.00e+00	0.00e+00	0.00e+00	0.00e+00	6.59e-05	1.28e-05	6.93e-06
 2.80849e+16	9.60e-05	3.75e-02	9.62e-01	0.00e+00	0.00e+00	0.00e+00	0.00e+00	0.00e+00	0.00e+00	7.39e-05	1.43e-05	7.79e-06
 2.95721e+16	1.11e-04	4.03e-02	9.60e-01	0.00e+00	0.00e+00	0.00e+00	0.00e+00	0.00e+00	0.00e+00	8.58e-05	1.66e-05	9.07e-06
 3.11573e+16	1.33e-04	4.39e-02	9.56e-01	0.00e+00	0.00e+00	0.00e+00	0.00e+00	0.00e+00	0.00e+00	1.03e-04	1.98e-05	1.09e-05
 3.24509e+16	1.56e-04	4.74e-02	9.52e-01	0.00e+00	0.00e+00	0.00e+00	0.00e+00	0.00e+00	0.00e+00	1.20e-04	2.32e-05	1.28e-05
 3.34669e+16	1.77e-04	5.03e-02	9.50e-01	0.00e+00	0.00e+00	0.00e+00	0.00e+00	0.00e+00	0.00e+00	1.36e-04	2.63e-05	1.45e-05
 3.45410e+16	2.00e-04	5.33e-02	9.47e-01	0.00e+00	0.00e+00	0.00e+00	0.00e+00	0.00e+00	0.00e+00	1.54e-04	2.96e-05	1.65e-05
 3.59373e+16	2.35e-04	5.74e-02	9.42e-01	0.00e+00	0.00e+00	0.00e+00	0.00e+00	0.00e+00	0.00e+00	1.81e-04	3.47e-05	1.94e-05
 3.73761e+16	2.84e-04	6.28e-02	9.37e-01	0.00e+00	0.00e+00	0.00e+00	0.00e+00	0.00e+00	0.00e+00	2.19e-04	4.19e-05	2.35e-05
 3.84750e+16	3.34e-04	6.77e-02	9.32e-01	0.00e+00	0.00e+00	0.00e+00	0.00e+00	0.00e+00	0.00e+00	2.57e-04	4.91e-05	2.77e-05
 3.93140e+16	3.77e-04	7.16e-02	9.28e-01	0.00e+00	0.00e+00	0.00e+00	0.00e+00	0.00e+00	0.00e+00	2.90e-04	5.54e-05	3.13e-05
 4.02101e+16	4.22e-04	7.55e-02	9.24e-01	0.00e+00	0.00e+00	0.00e+00	0.00e+00	0.00e+00	0.00e+00	3.25e-04	6.17e-05	3.51e-05
 4.13751e+16	4.93e-04	8.12e-02	9.18e-01	0.00e+00	0.00e+00	0.00e+00	0.00e+00	0.00e+00	0.00e+00	3.80e-04	7.18e-05	4.11e-05
 4.26140e+16	5.94e-04	8.86e-02	9.11e-01	0.00e+00	0.00e+00	0.00e+00	0.00e+00	0.00e+00	0.00e+00	4.58e-04	8.60e-05	4.96e-05
 4.36321e+16	7.02e-04	9.57e-02	9.04e-01	0.00e+00	0.00e+00	0.00e+00	0.00e+00	0.00e+00	0.00e+00	5.42e-04	1.01e-04	5.87e-05
 4.44512e+16	8.05e-04	1.02e-01	8.97e-01	0.00e+00	0.00e+00	0.00e+00	0.00e+00	0.00e+00	0.00e+00	6.22e-04	1.16e-04	6.74e-05
 4.53286e+16	9.18e-04	1.09e-01	8.90e-01	0.00e+00	0.00e+00	0.00e+00	0.00e+00	0.00e+00	0.00e+00	7.10e-04	1.31e-04	7.70e-05
 4.64693e+16	1.10e-03	1.19e-01	8.80e-01	0.00e+00	0.00e+00	0.00e+00	0.00e+00	0.00e+00	0.00e+00	8.48e-04	1.56e-04	9.21e-05
 4.76534e+16	1.36e-03	1.31e-01	8.67e-01	0.00e+00	0.00e+00	0.00e+00	0.00e+00	0.00e+00	0.00e+00	1.05e-03	1.92e-04	1.15e-04
 4.85764e+16	1.64e-03	1.43e-01	8.55e-01	0.00e+00	0.00e+00	0.00e+00	0.00e+00	0.00e+00	0.00e+00	1.27e-03	2.30e-04	1.38e-04
 4.92999e+16	1.89e-03	1.54e-01	8.45e-01	0.00e+00	0.00e+00	0.00e+00	0.00e+00	0.00e+00	0.00e+00	1.47e-03	2.65e-04	1.59e-04
 5.00818e+16	2.17e-03	1.64e-01	8.33e-01	0.00e+00	0.00e+00	0.00e+00	0.00e+00	0.00e+00	0.00e+00	1.69e-03	3.03e-04	1.84e-04
 5.10983e+16	2.62e-03	1.80e-01	8.17e-01	0.00e+00	0.00e+00	0.00e+00	0.00e+00	0.00e+00	0.00e+00	2.04e-03	3.63e-04	2.22e-04
 5.21839e+16	3.31e-03	2.02e-01	7.95e-01	0.00e+00	0.00e+00	0.00e+00	0.00e+00	0.00e+00	0.00e+00	2.57e-03	4.55e-04	2.80e-04
 5.30735e+16	4.07e-03	2.23e-01	7.73e-01	0.00e+00	0.00e+00	0.00e+00	0.00e+00	0.00e+00	0.00e+00	3.17e-03	5.57e-04	3.46e-04
 5.37779e+16	4.80e-03	2.41e-01	7.54e-01	0.00e+00	0.00e+00	0.00e+00	0.00e+00	0.00e+00	0.00e+00	3.74e-03	6.53e-04	4.08e-04
 5.45272e+16	5.64e-03	2.60e-01	7.34e-01	0.00e+00	0.00e+00	0.00e+00	0.00e+00	0.00e+00	0.00e+00	4.40e-03	7.61e-04	4.79e-04
 5.55013e+16	6.96e-03	2.88e-01	7.05e-01	0.00e+00	0.00e+00	0.00e+00	0.00e+00	0.00e+00	0.00e+00	5.43e-03	9.32e-04	5.92e-04
 5.65207e+16	8.99e-03	3.25e-01	6.66e-01	0.00e+00	0.00e+00	0.00e+00	0.00e+00	0.00e+00	0.00e+00	7.03e-03	1.19e-03	7.65e-04
 5.73105e+16	1.12e-02	3.58e-01	6.31e-01	0.00e+00	0.00e+00	0.00e+00	0.00e+00	0.00e+00	0.00e+00	8.76e-03	1.47e-03	9.48e-04
 5.78945e+16	1.31e-02	3.85e-01	6.02e-01	0.00e+00	0.00e+00	0.00e+00	0.00e+00	0.00e+00	0.00e+00	1.03e-02	1.72e-03	1.11e-03
 5.84997e+16	1.52e-02	4.11e-01	5.73e-01	0.00e+00	0.00e+00	0.00e+00	0.00e+00	0.00e+00	0.00e+00	1.20e-02	1.99e-03	1.28e-03
 5.92864e+16	1.85e-02	4.47e-01	5.34e-01	0.00e+00	0.00e+00	0.00e+00	0.00e+00	0.00e+00	0.00e+00	1.46e-02	2.39e-03	1.55e-03
 6.01467e+16	2.34e-02	4.92e-01	4.85e-01	0.00e+00	0.00e+00	0.00e+00	0.00e+00	0.00e+00	0.00e+00	1.85e-02	2.99e-03	1.95e-03
 6.08746e+16	2.91e-02	5.34e-01	4.37e-01	0.00e+00	0.00e+00	0.00e+00	0.00e+00	0.00e+00	0.00e+00	2.30e-02	3.69e-03	2.41e-03
 6.14445e+16	3.45e-02	5.68e-01	3.98e-01	0.00e+00	0.00e+00	0.00e+00	0.00e+00	0.00e+00	0.00e+00	2.73e-02	4.34e-03	2.85e-03
 6.20368e+16	4.06e-02	5.99e-01	3.60e-01	0.00e+00	0.00e+00	0.00e+00	0.00e+00	0.00e+00	0.00e+00	3.22e-02	5.06e-03	3.33e-03
 6.28067e+16	5.00e-02	6.39e-01	3.11e-01	0.00e+00	0.00e+00	0.00e+00	0.00e+00	0.00e+00	0.00e+00	3.97e-02	6.17e-03	4.08e-03
 6.36171e+16	6.41e-02	6.81e-01	2.55e-01	0.00e+00	0.00e+00	0.00e+00	0.00e+00	0.00e+00	0.00e+00	5.11e-02	7.83e-03	5.20e-03
 6.42235e+16	7.89e-02	7.11e-01	2.10e-01	0.00e+00	0.00e+00	0.00e+00	0.00e+00	0.00e+00	0.00e+00	6.30e-02	9.57e-03	6.37e-03
 6.46144e+16	9.01e-02	7.27e-01	1.83e-01	0.00e+00	0.00e+00	0.00e+00	0.00e+00	0.00e+00	0.00e+00	7.20e-02	1.09e-02	7.24e-03
 6.49818e+16	1.01e-01	7.38e-01	1.61e-01	0.00e+00	0.00e+00	0.00e+00	0.00e+00	0.00e+00	0.00e+00	8.07e-02	1.21e-02	8.08e-03
 6.54593e+16	1.17e-01	7.49e-01	1.33e-01	0.00e+00	0.00e+00	0.00e+00	0.00e+00	0.00e+00	0.00e+00	9.38e-02	1.39e-02	9.34e-03
 6.59464e+16	1.39e-01	7.55e-01	1.06e-01	0.00e+00	0.00e+00	0.00e+00	0.00e+00	0.00e+00	0.00e+00	1.11e-01	1.64e-02	1.10e-02
 6.63097e+16	1.59e-01	7.54e-01	8.69e-02	0.00e+00	0.00e+00	0.00e+00	0.00e+00	0.00e+00	0.00e+00	1.28e-01	1.86e-02	1.25e-02
 6.65734e+16	1.75e-01	7.51e-01	7.43e-02	0.00e+00	0.00e+00	0.00e+00	0.00e+00	0.00e+00	0.00e+00	1.41e-01	2.03e-02	1.37e-02
 6.68443e+16	1.92e-01	7.45e-01	6.31e-02	0.00e+00	0.00e+00	0.00e+00	0.00e+00	0.00e+00	0.00e+00	1.55e-01	2.22e-02	1.50e-02
 6.71964e+16	2.18e-01	7.33e-01	4.99e-02	0.00e+00	0.00e+00	0.00e+00	0.00e+00	0.00e+00	0.00e+00	1.76e-01	2.49e-02	1.69e-02
 6.75422e+16	2.50e-01	7.12e-01	3.78e-02	0.00e+00	0.00e+00	0.00e+00	0.00e+00	0.00e+00	0.00e+00	2.02e-01	2.84e-02	1.93e-02
 6.77814e+16	2.76e-01	6.94e-01	3.04e-02	0.00e+00	0.00e+00	0.00e+00	0.00e+00	0.00e+00	0.00e+00	2.23e-01	3.11e-02	2.12e-02
 6.79522e+16	2.95e-01	6.79e-01	2.60e-02	0.00e+00	0.00e+00	0.00e+00	0.00e+00	0.00e+00	0.00e+00	2.39e-01	3.31e-02	2.26e-02
 6.81323e+16	3.16e-01	6.62e-01	2.18e-02	0.00e+00	0.00e+00	0.00e+00	0.00e+00	0.00e+00	0.00e+00	2.56e-01	3.53e-02	2.42e-02
 6.83664e+16	3.46e-01	6.37e-01	1.70e-02	0.00e+00	0.00e+00	0.00e+00	0.00e+00	0.00e+00	0.00e+00	2.81e-01	3.83e-02	2.63e-02
 6.86063e+16	3.83e-01	6.04e-01	1.28e-02	0.00e+00	0.00e+00	0.00e+00	0.00e+00	0.00e+00	0.00e+00	3.12e-01	4.19e-02	2.89e-02
 6.87889e+16	4.14e-01	5.76e-01	9.98e-03	0.00e+00	0.00e+00	0.00e+00	0.00e+00	0.00e+00	0.00e+00	3.38e-01	4.48e-02	3.10e-02
 6.89288e+16	4.38e-01	5.54e-01	8.20e-03	0.00e+00	0.00e+00	0.00e+00	0.00e+00	0.00e+00	0.00e+00	3.58e-01	4.71e-02	3.26e-02
 6.90708e+16	4.63e-01	5.30e-01	6.67e-03	0.00e+00	0.00e+00	0.00e+00	0.00e+00	0.00e+00	0.00e+00	3.79e-01	4.93e-02	3.43e-02
 6.92318e+16	4.94e-01	5.01e-01	5.17e-03	0.00e+00	0.00e+00	0.00e+00	0.00e+00	0.00e+00	0.00e+00	4.06e-01	5.19e-02	3.63e-02
 6.93856e+16	5.26e-01	4.70e-01	3.96e-03	0.00e+00	0.00e+00	0.00e+00	0.00e+00	0.00e+00	0.00e+00	4.33e-01	5.45e-02	3.82e-02
 6.95078e+16	5.53e-01	4.44e-01	3.15e-03	0.00e+00	0.00e+00	0.00e+00	0.00e+00	0.00e+00	0.00e+00	4.56e-01	5.65e-02	3.98e-02
 6.96043e+16	5.73e-01	4.24e-01	2.61e-03	0.00e+00	0.00e+00	0.00e+00	0.00e+00	0.00e+00	0.00e+00	4.74e-01	5.80e-02	4.09e-02
 6.96942e+16	5.93e-01	4.05e-01	2.18e-03	0.00e+00	0.00e+00	0.00e+00	0.00e+00	0.00e+00	0.00e+00	4.91e-01	5.93e-02	4.20e-02
 6.97694e+16	6.10e-01	3.88e-01	1.86e-03	0.00e+00	0.00e+00	0.00e+00	0.00e+00	0.00e+00	0.00e+00	5.06e-01	6.04e-02	4.29e-02
 6.98215e+16	6.21e-01	3.78e-01	1.67e-03	0.00e+00	0.00e+00	0.00e+00	0.00e+00	0.00e+00	0.00e+00	5.16e-01	6.11e-02	4.35e-02
 6.98682e+16	6.31e-01	3.68e-01	1.50e-03	0.00e+00	0.00e+00	0.00e+00	0.00e+00	0.00e+00	0.00e+00	5.25e-01	6.18e-02	4.40e-02
 6.99217e+16	6.43e-01	3.56e-01	1.33e-03	0.00e+00	0.00e+00	0.00e+00	0.00e+00	0.00e+00	0.00e+00	5.36e-01	6.24e-02	4.46e-02
 6.99803e+16	6.56e-01	3.43e-01	1.16e-03	0.00e+00	0.00e+00	0.00e+00	0.00e+00	0.00e+00	0.00e+00	5.48e-01	6.32e-02	4.52e-02
 7.00361e+16	6.69e-01	3.30e-01	1.01e-03	0.00e+00	0.00e+00	0.00e+00	0.00e+00	0.00e+00	0.00e+00	5.59e-01	6.38e-02	4.58e-02
 7.00860e+16	6.80e-01	3.19e-01	8.96e-04	0.00e+00	0.00e+00	0.00e+00	0.00e+00	0.00e+00	0.00e+00	5.70e-01	6.44e-02	4.62e-02
 7.01331e+16	6.91e-01	3.08e-01	7.95e-04	0.00e+00	0.00e+00	0.00e+00	0.00e+00	0.00e+00	0.00e+00	5.80e-01	6.49e-02	4.67e-02
 7.01810e+16	7.02e-01	2.97e-01	7.00e-04	0.00e+00	0.00e+00	0.00e+00	0.00e+00	0.00e+00	0.00e+00	5.90e-01	6.54e-02	4.71e-02
 7.02298e+16	7.13e-01	2.86e-01	6.14e-04	0.00e+00	0.00e+00	0.00e+00	0.00e+00	0.00e+00	0.00e+00	6.00e-01	6.58e-02	4.75e-02
 7.02774e+16	7.24e-01	2.75e-01	5.38e-04	0.00e+00	0.00e+00	0.00e+00	0.00e+00	0.00e+00	0.00e+00	6.10e-01	6.62e-02	4.79e-02
 7.03227e+16	7.35e-01	2.65e-01	4.72e-04	0.00e+00	0.00e+00	0.00e+00	0.00e+00	0.00e+00	0.00e+00	6.20e-01	6.66e-02	4.82e-02
 7.03665e+16	7.45e-01	2.55e-01	4.16e-04	0.00e+00	0.00e+00	0.00e+00	0.00e+00	0.00e+00	0.00e+00	6.29e-01	6.69e-02	4.85e-02
 7.04100e+16	7.54e-01	2.45e-01	3.65e-04	0.00e+00	0.00e+00	0.00e+00	0.00e+00	0.00e+00	0.00e+00	6.38e-01	6.71e-02	4.88e-02
 7.04533e+16	7.64e-01	2.35e-01	3.19e-04	0.00e+00	0.00e+00	0.00e+00	0.00e+00	0.00e+00	0.00e+00	6.48e-01	6.74e-02	4.91e-02
 7.04957e+16	7.74e-01	2.26e-01	2.79e-04	0.00e+00	0.00e+00	0.00e+00	0.00e+00	0.00e+00	0.00e+00	6.57e-01	6.76e-02	4.93e-02
 7.05369e+16	7.83e-01	2.17e-01	2.44e-04	0.00e+00	0.00e+00	0.00e+00	0.00e+00	0.00e+00	0.00e+00	6.66e-01	6.77e-02	4.95e-02
 7.05771e+16	7.91e-01	2.08e-01	2.14e-04	0.00e+00	0.00e+00	0.00e+00	0.00e+00	0.00e+00	0.00e+00	6.74e-01	6.78e-02	4.96e-02
 7.06167e+16	8.00e-01	2.00e-01	1.87e-04	0.00e+00	0.00e+00	0.00e+00	0.00e+00	0.00e+00	0.00e+00	6.82e-01	6.79e-02	4.98e-02
 7.06558e+16	8.08e-01	1.92e-01	1.63e-04	0.00e+00	0.00e+00	0.00e+00	0.00e+00	0.00e+00	0.00e+00	6.90e-01	6.80e-02	4.99e-02
 7.06942e+16	8.16e-01	1.83e-01	1.42e-04	0.00e+00	0.00e+00	0.00e+00	0.00e+00	0.00e+00	0.00e+00	6.98e-01	6.80e-02	5.00e-02
 7.07317e+16	8.24e-01	1.76e-01	1.24e-04	0.00e+00	0.00e+00	0.00e+00	0.00e+00	0.00e+00	0.00e+00	7.06e-01	6.80e-02	5.00e-02
 7.07684e+16	8.32e-01	1.68e-01	1.08e-04	0.00e+00	0.00e+00	0.00e+00	0.00e+00	0.00e+00	0.00e+00	7.13e-01	6.80e-02	5.01e-02
 7.08045e+16	8.39e-01	1.61e-01	9.41e-05	0.00e+00	0.00e+00	0.00e+00	0.00e+00	0.00e+00	0.00e+00	7.21e-01	6.80e-02	5.01e-02
 7.08401e+16	8.46e-01	1.54e-01	8.19e-05	0.00e+00	0.00e+00	0.00e+00	0.00e+00	0.00e+00	0.00e+00	7.28e-01	6.79e-02	5.01e-02
 7.08750e+16	8.53e-01	1.47e-01	7.13e-05	0.00e+00	0.00e+00	0.00e+00	0.00e+00	0.00e+00	0.00e+00	7.35e-01	6.78e-02	5.01e-02
 7.09093e+16	8.59e-01	1.41e-01	6.20e-05	0.00e+00	0.00e+00	0.00e+00	0.00e+00	0.00e+00	0.00e+00	7.41e-01	6.77e-02	5.00e-02
 7.09428e+16	8.65e-01	1.35e-01	5.39e-05	0.00e+00	0.00e+00	0.00e+00	0.00e+00	0.00e+00	0.00e+00	7.48e-01	6.76e-02	5.00e-02
 7.09754e+16	8.71e-01	1.29e-01	4.69e-05	0.00e+00	0.00e+00	0.00e+00	0.00e+00	0.00e+00	0.00e+00	7.54e-01	6.75e-02	4.99e-02
 7.10069e+16	8.77e-01	1.23e-01	4.09e-05	0.00e+00	0.00e+00	0.00e+00	0.00e+00	0.00e+00	0.00e+00	7.59e-01	6.74e-02	4.99e-02
 7.10375e+16	8.82e-01	1.18e-01	3.57e-05	0.00e+00	0.00e+00	0.00e+00	0.00e+00	0.00e+00	0.00e+00	7.65e-01	6.73e-02	4.98e-02
 7.10674e+16	8.87e-01	1.13e-01	3.12e-05	0.00e+00	0.00e+00	0.00e+00	0.00e+00	0.00e+00	0.00e+00	7.70e-01	6.72e-02	4.97e-02
 7.10965e+16	8.92e-01	1.08e-01	2.73e-05	0.00e+00	0.00e+00	0.00e+00	0.00e+00	0.00e+00	0.00e+00	7.75e-01	6.71e-02	4.96e-02
 7.11247e+16	8.97e-01	1.03e-01	2.39e-05	0.00e+00	0.00e+00	0.00e+00	0.00e+00	0.00e+00	0.00e+00	7.80e-01	6.70e-02	4.95e-02
 7.11522e+16	9.01e-01	9.90e-02	2.10e-05	0.00e+00	0.00e+00	0.00e+00	0.00e+00	0.00e+00	0.00e+00	7.85e-01	6.69e-02	4.95e-02
 7.11791e+16	9.05e-01	9.48e-02	1.84e-05	0.00e+00	0.00e+00	0.00e+00	0.00e+00	0.00e+00	0.00e+00	7.89e-01	6.68e-02	4.94e-02
 7.12054e+16	9.09e-01	9.08e-02	1.61e-05	0.00e+00	0.00e+00	0.00e+00	0.00e+00	0.00e+00	0.00e+00	7.93e-01	6.66e-02	4.93e-02
 7.12311e+16	9.13e-01	8.70e-02	1.42e-05	0.00e+00	0.00e+00	0.00e+00	0.00e+00	0.00e+00	0.00e+00	7.97e-01	6.65e-02	4.92e-02
 7.12561e+16	9.17e-01	8.33e-02	1.25e-05	0.00e+00	0.00e+00	0.00e+00	0.00e+00	0.00e+00	0.00e+00	8.01e-01	6.64e-02	4.90e-02
 7.12804e+16	9.20e-01	7.99e-02	1.10e-05	0.00e+00	0.00e+00	0.00e+00	0.00e+00	0.00e+00	0.00e+00	8.05e-01	6.64e-02	4.90e-02
 7.13041e+16	9.23e-01	7.66e-02	9.67e-06	0.00e+00	0.00e+00	0.00e+00	0.00e+00	0.00e+00	0.00e+00	8.08e-01	6.63e-02	4.89e-02
 7.13274e+16	9.27e-01	7.34e-02	8.52e-06	0.00e+00	0.00e+00	0.00e+00	0.00e+00	0.00e+00	0.00e+00	8.12e-01	6.62e-02	4.88e-02
 7.13501e+16	9.30e-01	7.04e-02	7.51e-06	0.00e+00	0.00e+00	0.00e+00	0.00e+00	0.00e+00	0.00e+00	8.15e-01	6.62e-02	4.87e-02
 7.13722e+16	9.33e-01	6.75e-02	6.64e-06	0.00e+00	0.00e+00	0.00e+00	0.00e+00	0.00e+00	0.00e+00	8.18e-01	6.61e-02	4.85e-02
 7.13936e+16	9.35e-01	6.48e-02	5.87e-06	0.00e+00	0.00e+00	0.00e+00	0.00e+00	0.00e+00	0.00e+00	8.21e-01	6.61e-02	4.84e-02
 7.14147e+16	9.38e-01	6.21e-02	5.20e-06	0.00e+00	0.00e+00	0.00e+00	0.00e+00	0.00e+00	0.00e+00	8.24e-01	6.61e-02	4.83e-02
 7.14355e+16	9.40e-01	5.96e-02	4.60e-06	0.00e+00	0.00e+00	0.00e+00	0.00e+00	0.00e+00	0.00e+00	8.26e-01	6.60e-02	4.81e-02
 7.14558e+16	9.43e-01	5.71e-02	4.07e-06	0.00e+00	0.00e+00	0.00e+00	0.00e+00	0.00e+00	0.00e+00	8.29e-01	6.60e-02	4.80e-02
 7.14756e+16	9.45e-01	5.48e-02	3.61e-06	0.00e+00	0.00e+00	0.00e+00	0.00e+00	0.00e+00	0.00e+00	8.31e-01	6.60e-02	4.79e-02
 7.14949e+16	9.47e-01	5.26e-02	3.20e-06	0.00e+00	0.00e+00	0.00e+00	0.00e+00	0.00e+00	0.00e+00	8.34e-01	6.60e-02	4.78e-02
 7.15140e+16	9.50e-01	5.05e-02	2.83e-06	0.00e+00	0.00e+00	0.00e+00	0.00e+00	0.00e+00	0.00e+00	8.36e-01	6.61e-02	4.78e-02
 7.15323e+16	9.52e-01	4.84e-02	2.52e-06	0.00e+00	0.00e+00	0.00e+00	0.00e+00	0.00e+00	0.00e+00	8.38e-01	6.62e-02	4.77e-02
 7.15501e+16	9.54e-01	4.65e-02	2.24e-06	0.00e+00	0.00e+00	0.00e+00	0.00e+00	0.00e+00	0.00e+00	8.40e-01	6.62e-02	4.76e-02
 7.15677e+16	9.55e-01	4.46e-02	1.99e-06	0.00e+00	0.00e+00	0.00e+00	0.00e+00	0.00e+00	0.00e+00	8.41e-01	6.63e-02	4.75e-02
 7.15851e+16	9.57e-01	4.28e-02	1.77e-06	0.00e+00	0.00e+00	0.00e+00	0.00e+00	0.00e+00	0.00e+00	8.43e-01	6.65e-02	4.75e-02
 7.16018e+16	9.59e-01	4.11e-02	1.58e-06	0.00e+00	0.00e+00	0.00e+00	0.00e+00	0.00e+00	0.00e+00	8.45e-01	6.66e-02	4.75e-02
 7.16181e+16	9.61e-01	3.94e-02	1.41e-06	0.00e+00	0.00e+00	0.00e+00	0.00e+00	0.00e+00	0.00e+00	8.46e-01	6.68e-02	4.74e-02
 7.16339e+16	9.62e-01	3.78e-02	1.25e-06	0.00e+00	0.00e+00	0.00e+00	0.00e+00	0.00e+00	0.00e+00	8.48e-01	6.69e-02	4.74e-02
 7.16495e+16	9.64e-01	3.63e-02	1.12e-06	0.00e+00	0.00e+00	0.00e+00	0.00e+00	0.00e+00	0.00e+00	8.49e-01	6.72e-02	4.74e-02
 7.16647e+16	9.65e-01	3.48e-02	9.97e-07	0.00e+00	0.00e+00	0.00e+00	0.00e+00	0.00e+00	0.00e+00	8.50e-01	6.74e-02	4.75e-02
 7.16793e+16	9.67e-01	3.34e-02	8.91e-07	0.00e+00	0.00e+00	0.00e+00	0.00e+00	0.00e+00	0.00e+00	8.51e-01	6.77e-02	4.75e-02
 7.16936e+16	9.68e-01	3.21e-02	7.96e-07	0.00e+00	0.00e+00	0.00e+00	0.00e+00	0.00e+00	0.00e+00	8.52e-01	6.80e-02	4.75e-02
 7.17074e+16	9.69e-01	3.08e-02	7.12e-07	0.00e+00	0.00e+00	0.00e+00	0.00e+00	0.00e+00	0.00e+00	8.53e-01	6.83e-02	4.76e-02
 7.17209e+16	9.70e-01	2.95e-02	6.37e-07	0.00e+00	0.00e+00	0.00e+00	0.00e+00	0.00e+00	0.00e+00	8.54e-01	6.87e-02	4.76e-02
 7.17339e+16	9.72e-01	2.83e-02	5.70e-07	0.00e+00	0.00e+00	0.00e+00	0.00e+00	0.00e+00	0.00e+00	8.55e-01	6.91e-02	4.77e-02
 7.17463e+16	9.73e-01	2.72e-02	5.12e-07	0.00e+00	0.00e+00	0.00e+00	0.00e+00	0.00e+00	0.00e+00	8.55e-01	6.95e-02	4.78e-02
 7.17576e+16	9.74e-01	2.61e-02	4.63e-07	0.00e+00	0.00e+00	0.00e+00	0.00e+00	0.00e+00	0.00e+00	8.56e-01	6.99e-02	4.79e-02
 7.17679e+16	9.75e-01	2.52e-02	4.22e-07	0.00e+00	0.00e+00	0.00e+00	0.00e+00	0.00e+00	0.00e+00	8.56e-01	7.03e-02	4.80e-02
 7.17774e+16	9.76e-01	2.44e-02	3.86e-07	0.00e+00	0.00e+00	0.00e+00	0.00e+00	0.00e+00	0.00e+00	8.57e-01	7.08e-02	4.82e-02
 7.17863e+16	9.76e-01	2.36e-02	3.54e-07	0.00e+00	0.00e+00	0.00e+00	0.00e+00	0.00e+00	0.00e+00	8.57e-01	7.12e-02	4.83e-02
 7.17947e+16	9.77e-01	2.28e-02	3.26e-07	0.00e+00	0.00e+00	0.00e+00	0.00e+00	0.00e+00	0.00e+00	8.57e-01	7.17e-02	4.84e-02
 7.18025e+16	9.78e-01	2.21e-02	3.01e-07	0.00e+00	0.00e+00	0.00e+00	0.00e+00	0.00e+00	0.00e+00	8.57e-01	7.22e-02	4.86e-02
 7.18096e+16	9.79e-01	2.15e-02	2.79e-07	0.00e+00	0.00e+00	0.00e+00	0.00e+00	0.00e+00	0.00e+00	8.57e-01	7.28e-02	4.87e-02
 7.18159e+16	9.79e-01	2.09e-02	2.61e-07	0.00e+00	0.00e+00	0.00e+00	0.00e+00	0.00e+00	0.00e+00	8.57e-01	7.33e-02	4.89e-02
 7.18217e+16	9.80e-01	2.03e-02	2.44e-07	0.00e+00	0.00e+00	0.00e+00	0.00e+00	0.00e+00	0.00e+00	8.57e-01	7.38e-02	4.91e-02
 7.18273e+16	9.80e-01	1.98e-02	2.29e-07	0.00e+00	0.00e+00	0.00e+00	0.00e+00	0.00e+00	0.00e+00	8.57e-01	7.43e-02	4.92e-02
 7.18324e+16	9.81e-01	1.93e-02	2.15e-07	0.00e+00	0.00e+00	0.00e+00	0.00e+00	0.00e+00	0.00e+00	8.56e-01	7.49e-02	4.94e-02
 7.18372e+16	9.81e-01	1.88e-02	2.03e-07	0.00e+00	0.00e+00	0.00e+00	0.00e+00	0.00e+00	0.00e+00	8.56e-01	7.54e-02	4.96e-02
 7.18416e+16	9.82e-01	1.84e-02	1.92e-07	0.00e+00	0.00e+00	0.00e+00	0.00e+00	0.00e+00	0.00e+00	8.56e-01	7.60e-02	4.97e-02
 7.18457e+16	9.82e-01	1.80e-02	1.82e-07	0.00e+00	0.00e+00	0.00e+00	0.00e+00	0.00e+00	0.00e+00	8.56e-01	7.65e-02	4.99e-02
 7.18495e+16	9.82e-01	1.76e-02	1.73e-07	0.00e+00	0.00e+00	0.00e+00	0.00e+00	0.00e+00	0.00e+00	8.55e-01	7.70e-02	5.01e-02
 7.18530e+16	9.83e-01	1.72e-02	1.64e-07	0.00e+00	0.00e+00	0.00e+00	0.00e+00	0.00e+00	0.00e+00	8.55e-01	7.76e-02	5.03e-02
 7.18563e+16	9.83e-01	1.68e-02	1.57e-07	0.00e+00	0.00e+00	0.00e+00	0.00e+00	0.00e+00	0.00e+00	8.55e-01	7.80e-02	5.04e-02
 7.18596e+16	9.84e-01	1.64e-02	1.49e-07	0.00e+00	0.00e+00	0.00e+00	0.00e+00	0.00e+00	0.00e+00	8.54e-01	7.88e-02	5.06e-02
 7.18626e+16	9.84e-01	1.61e-02	1.42e-07	0.00e+00	0.00e+00	0.00e+00	0.00e+00	0.00e+00	0.00e+00	8.54e-01	7.94e-02	5.08e-02
 7.18650e+16	9.84e-01	1.58e-02	1.37e-07	0.00e+00	0.00e+00	0.00e+00	0.00e+00	0.00e+00	0.00e+00	8.53e-01	7.98e-02	5.10e-02
 7.18674e+16	9.85e-01	1.55e-02	1.30e-07	0.00e+00	0.00e+00	0.00e+00	0.00e+00	0.00e+00	0.00e+00	8.53e-01	8.05e-02	5.12e-02
 7.18698e+16	9.85e-01	1.52e-02	1.26e-07	0.00e+00	0.00e+00	0.00e+00	0.00e+00	0.00e+00	0.00e+00	8.52e-01	8.10e-02	5.13e-02
 7.18719e+16	9.85e-01	1.49e-02	1.20e-07	0.00e+00	0.00e+00	0.00e+00	0.00e+00	0.00e+00	0.00e+00	8.52e-01	8.18e-02	5.16e-02
 7.18739e+16	9.85e-01	1.47e-02	1.16e-07	0.00e+00	0.00e+00	0.00e+00	0.00e+00	0.00e+00	0.00e+00	8.51e-01	8.22e-02	5.17e-02
 7.18756e+16	9.86e-01	1.44e-02	1.11e-07	0.00e+00	0.00e+00	0.00e+00	0.00e+00	0.00e+00	0.00e+00	8.51e-01	8.30e-02	5.20e-02
 7.18773e+16	9.86e-01	1.41e-02	1.08e-07	0.00e+00	0.00e+00	0.00e+00	0.00e+00	0.00e+00	0.00e+00	8.50e-01	8.35e-02	5.21e-02
 7.18788e+16	9.86e-01	1.39e-02	1.04e-07	0.00e+00	0.00e+00	0.00e+00	0.00e+00	0.00e+00	0.00e+00	8.49e-01	8.43e-02	5.23e-02
 7.18803e+16	9.86e-01	1.36e-02	9.98e-08	0.00e+00	0.00e+00	0.00e+00	0.00e+00	0.00e+00	0.00e+00	8.49e-01	8.50e-02	5.26e-02
 7.18815e+16	9.87e-01	1.34e-02	9.74e-08	0.00e+00	0.00e+00	0.00e+00	0.00e+00	0.00e+00	0.00e+00	8.48e-01	8.54e-02	5.27e-02
 7.18827e+16	9.87e-01	1.32e-02	9.35e-08	0.00e+00	0.00e+00	0.00e+00	0.00e+00	0.00e+00	0.00e+00	8.48e-01	8.63e-02	5.30e-02
 7.18839e+16	9.87e-01	1.30e-02	9.09e-08	0.00e+00	0.00e+00	0.00e+00	0.00e+00	0.00e+00	0.00e+00	8.47e-01	8.68e-02	5.31e-02
 7.18850e+16	9.87e-01	1.27e-02	8.72e-08	0.00e+00	0.00e+00	0.00e+00	0.00e+00	0.00e+00	0.00e+00	8.46e-01	8.78e-02	5.34e-02
 7.18860e+16	9.87e-01	1.25e-02	8.50e-08	0.00e+00	0.00e+00	0.00e+00	0.00e+00	0.00e+00	0.00e+00	8.46e-01	8.82e-02	5.35e-02
 7.18869e+16	9.88e-01	1.23e-02	8.16e-08	0.00e+00	0.00e+00	0.00e+00	0.00e+00	0.00e+00	0.00e+00	8.45e-01	8.93e-02	5.38e-02
 7.18877e+16	9.88e-01	1.20e-02	7.87e-08	0.00e+00	0.00e+00	0.00e+00	0.00e+00	0.00e+00	0.00e+00	8.44e-01	9.02e-02	5.41e-02
 7.18885e+16	9.88e-01	1.19e-02	7.69e-08	0.00e+00	0.00e+00	0.00e+00	0.00e+00	0.00e+00	0.00e+00	8.43e-01	9.06e-02	5.42e-02
 7.18893e+16	9.88e-01	1.16e-02	7.34e-08	0.00e+00	0.00e+00	0.00e+00	0.00e+00	0.00e+00	0.00e+00	8.42e-01	9.19e-02	5.46e-02
 7.18901e+16	9.89e-01	1.12e-02	6.92e-08	0.00e+00	0.00e+00	0.00e+00	0.00e+00	0.00e+00	0.00e+00	8.40e-01	9.35e-02	5.50e-02
 7.18909e+16	9.89e-01	1.09e-02	6.54e-08	0.00e+00	0.00e+00	0.00e+00	0.00e+00	0.00e+00	0.00e+00	8.39e-01	9.51e-02	5.55e-02
 7.18916e+16	9.90e-01	1.05e-02	6.13e-08	0.00e+00	0.00e+00	0.00e+00	0.00e+00	0.00e+00	0.00e+00	8.36e-01	9.70e-02	5.60e-02
 7.18923e+16	9.97e-01	2.60e-03	4.36e-09	0.00e+00	0.00e+00	0.00e+00	0.00e+00	0.00e+00	0.00e+00	7.69e-01	1.65e-01	6.39e-02
