#depth	H	H+	H2
 4.11287e+11	2.19e-03	9.98e-01	3.43e-12
 2.46772e+12	2.19e-03	9.98e-01	3.42e-12
 1.06935e+13	2.19e-03	9.98e-01	3.48e-12
 4.35964e+13	2.19e-03	9.98e-01	3.46e-12
 1.04138e+14	2.18e-03	9.98e-01	3.56e-12
 1.82842e+14	2.17e-03	9.98e-01	3.67e-12
 2.85157e+14	2.17e-03	9.98e-01	3.78e-12
 4.18166e+14	2.16e-03	9.98e-01	3.94e-12
 5.91079e+14	2.14e-03	9.98e-01	4.11e-12
 8.15865e+14	2.13e-03	9.98e-01	4.27e-12
 1.10809e+15	2.12e-03	9.98e-01	4.51e-12
 1.48797e+15	2.10e-03	9.98e-01	4.65e-12
 1.98183e+15	2.07e-03	9.98e-01	4.75e-12
 2.50733e+15	2.01e-03	9.98e-01	4.74e-12
 2.97961e+15	1.97e-03	9.98e-01	4.52e-12
 3.49923e+15	1.94e-03	9.98e-01	4.15e-12
 4.03078e+15	1.90e-03	9.98e-01	3.86e-12
 4.50147e+15	1.87e-03	9.98e-01	3.65e-12
 5.03699e+15	1.87e-03	9.98e-01	3.45e-12
 5.73316e+15	1.88e-03	9.98e-01	3.34e-12
 6.43299e+15	1.89e-03	9.98e-01	3.43e-12
 7.07628e+15	1.92e-03	9.98e-01	3.52e-12
 7.78391e+15	1.96e-03	9.98e-01	3.72e-12
 8.56230e+15	2.00e-03	9.98e-01	3.97e-12
 9.41853e+15	2.03e-03	9.98e-01	4.12e-12
 1.03604e+16	2.08e-03	9.98e-01	4.31e-12
 1.13964e+16	2.11e-03	9.98e-01	4.43e-12
 1.25361e+16	2.16e-03	9.98e-01	4.51e-12
 1.37897e+16	2.29e-03	9.98e-01	4.12e-12
 1.50158e+16	2.35e-03	9.98e-01	4.09e-12
 1.63257e+16	2.41e-03	9.98e-01	4.01e-12
 1.79194e+16	2.49e-03	9.98e-01	3.79e-12
 1.97114e+16	2.60e-03	9.97e-01	3.53e-12
 2.16825e+16	2.72e-03	9.97e-01	3.19e-12
 2.38508e+16	2.88e-03	9.97e-01	2.73e-12
 2.57150e+16	3.07e-03	9.97e-01	2.55e-12
 2.69410e+16	3.21e-03	9.97e-01	2.42e-12
 2.80849e+16	3.33e-03	9.97e-01	2.24e-12
 2.95721e+16	3.49e-03	9.97e-01	2.06e-12
 3.11573e+16	3.72e-03	9.96e-01	1.94e-12
 3.24509e+16	3.95e-03	9.96e-01	1.89e-12
 3.34669e+16	4.13e-03	9.96e-01	1.86e-12
 3.45410e+16	4.32e-03	9.96e-01	1.81e-12
 3.59373e+16	4.59e-03	9.95e-01	1.77e-12
 3.73761e+16	4.96e-03	9.95e-01	1.80e-12
 3.84750e+16	5.30e-03	9.95e-01	1.86e-12
 3.93140e+16	5.57e-03	9.94e-01	1.91e-12
 4.02101e+16	5.83e-03	9.94e-01	1.94e-12
 4.13751e+16	6.22e-03	9.94e-01	2.00e-12
 4.26140e+16	6.74e-03	9.93e-01	2.11e-12
 4.36321e+16	7.26e-03	9.93e-01	2.25e-12
 4.44512e+16	7.70e-03	9.92e-01	2.37e-12
 4.53286e+16	8.15e-03	9.92e-01	2.46e-12
 4.64693e+16	8.80e-03	9.91e-01	2.60e-12
 4.76534e+16	9.70e-03	9.90e-01	2.83e-12
 4.85764e+16	1.06e-02	9.89e-01	3.06e-12
 4.92999e+16	1.13e-02	9.89e-01	3.24e-12
 5.00818e+16	1.20e-02	9.88e-01	3.40e-12
 5.10983e+16	1.30e-02	9.87e-01	3.61e-12
 5.21839e+16	1.45e-02	9.85e-01	3.95e-12
 5.30735e+16	1.60e-02	9.84e-01	4.31e-12
 5.37779e+16	1.73e-02	9.83e-01	4.60e-12
 5.45272e+16	1.86e-02	9.81e-01	4.84e-12
 5.55013e+16	2.06e-02	9.79e-01	5.18e-12
 5.65207e+16	2.34e-02	9.77e-01	5.72e-12
 5.73105e+16	2.61e-02	9.74e-01	6.26e-12
 5.78945e+16	2.83e-02	9.72e-01	6.68e-12
 5.84997e+16	3.06e-02	9.69e-01	7.04e-12
 5.92864e+16	3.39e-02	9.66e-01	7.52e-12
 6.01467e+16	3.86e-02	9.61e-01	8.28e-12
 6.08746e+16	4.37e-02	9.56e-01	9.14e-12
 6.14445e+16	4.84e-02	9.52e-01	9.90e-12
 6.20368e+16	5.34e-02	9.47e-01	1.06e-11
 6.28067e+16	6.10e-02	9.39e-01	1.17e-11
 6.36171e+16	7.23e-02	9.28e-01	1.34e-11
 6.42235e+16	8.40e-02	9.16e-01	1.54e-11
 6.46144e+16	9.27e-02	9.07e-01	1.69e-11
 6.49818e+16	1.01e-01	8.99e-01	1.83e-11
 6.54593e+16	1.14e-01	8.86e-01	2.05e-11
 6.59464e+16	1.31e-01	8.69e-01	2.36e-11
 6.63097e+16	1.47e-01	8.53e-01	2.68e-11
 6.65734e+16	1.60e-01	8.40e-01	2.95e-11
 6.68443e+16	1.74e-01	8.26e-01	3.25e-11
 6.71964e+16	1.95e-01	8.05e-01	3.73e-11
 6.75422e+16	2.22e-01	7.78e-01	4.40e-11
 6.77814e+16	2.44e-01	7.56e-01	5.01e-11
 6.79522e+16	2.61e-01	7.39e-01	5.49e-11
 6.81323e+16	2.79e-01	7.21e-01	6.06e-11
 6.83664e+16	3.06e-01	6.94e-01	6.96e-11
 6.86063e+16	3.39e-01	6.61e-01	8.17e-11
 6.87889e+16	3.68e-01	6.32e-01	9.34e-11
 6.89288e+16	3.90e-01	6.10e-01	1.04e-10
 6.90708e+16	4.14e-01	5.86e-01	1.15e-10
 6.92318e+16	4.44e-01	5.56e-01	1.31e-10
 6.93856e+16	4.75e-01	5.25e-01	1.50e-10
 6.95078e+16	5.01e-01	4.99e-01	1.68e-10
 6.96043e+16	5.22e-01	4.78e-01	1.84e-10
 6.96942e+16	5.41e-01	4.59e-01	2.00e-10
 6.97694e+16	5.59e-01	4.41e-01	2.16e-10
 6.98215e+16	5.70e-01	4.30e-01	2.26e-10
 6.98682e+16	5.81e-01	4.19e-01	2.38e-10
 6.99217e+16	5.93e-01	4.07e-01	2.51e-10
 6.99803e+16	6.07e-01	3.93e-01	2.67e-10
 7.00361e+16	6.20e-01	3.80e-01	2.83e-10
 7.00860e+16	6.32e-01	3.68e-01	2.99e-10
 7.01331e+16	6.44e-01	3.56e-01	3.15e-10
 7.01810e+16	6.56e-01	3.44e-01	3.33e-10
 7.02298e+16	6.68e-01	3.32e-01	3.52e-10
 7.02774e+16	6.79e-01	3.21e-01	3.72e-10
 7.03227e+16	6.91e-01	3.09e-01	3.93e-10
 7.03665e+16	7.02e-01	2.98e-01	4.15e-10
 7.04100e+16	7.12e-01	2.88e-01	4.38e-10
 7.04533e+16	7.23e-01	2.77e-01	4.62e-10
 7.04957e+16	7.34e-01	2.66e-01	4.88e-10
 7.05369e+16	7.44e-01	2.56e-01	5.16e-10
 7.05771e+16	7.53e-01	2.47e-01	5.44e-10
 7.06167e+16	7.63e-01	2.37e-01	5.74e-10
 7.06558e+16	7.72e-01	2.28e-01	6.07e-10
 7.06942e+16	7.81e-01	2.19e-01	6.41e-10
 7.07317e+16	7.90e-01	2.10e-01	6.77e-10
 7.07684e+16	7.99e-01	2.01e-01	7.15e-10
 7.08045e+16	8.07e-01	1.93e-01	7.55e-10
 7.08401e+16	8.15e-01	1.85e-01	7.98e-10
 7.08750e+16	8.23e-01	1.77e-01	8.43e-10
 7.09093e+16	8.30e-01	1.70e-01	8.92e-10
 7.09428e+16	8.37e-01	1.63e-01	9.43e-10
 7.09754e+16	8.44e-01	1.56e-01	9.97e-10
 7.10069e+16	8.51e-01	1.49e-01	1.05e-09
 7.10375e+16	8.57e-01	1.43e-01	1.11e-09
 7.10674e+16	8.63e-01	1.37e-01	1.18e-09
 7.10965e+16	8.69e-01	1.31e-01	1.24e-09
 7.11247e+16	8.74e-01	1.26e-01	1.31e-09
 7.11522e+16	8.79e-01	1.21e-01	1.39e-09
 7.11791e+16	8.84e-01	1.16e-01	1.47e-09
 7.12054e+16	8.89e-01	1.11e-01	1.55e-09
 7.12311e+16	8.94e-01	1.06e-01	1.64e-09
 7.12561e+16	8.98e-01	1.02e-01	1.73e-09
 7.12804e+16	9.02e-01	9.80e-02	1.83e-09
 7.13041e+16	9.06e-01	9.40e-02	1.94e-09
 7.13274e+16	9.10e-01	9.02e-02	2.05e-09
 7.13501e+16	9.13e-01	8.66e-02	2.17e-09
 7.13722e+16	9.17e-01	8.31e-02	2.30e-09
 7.13936e+16	9.20e-01	7.98e-02	2.44e-09
 7.14147e+16	9.23e-01	7.66e-02	2.59e-09
 7.14355e+16	9.26e-01	7.36e-02	2.75e-09
 7.14558e+16	9.29e-01	7.06e-02	2.92e-09
 7.14756e+16	9.32e-01	6.78e-02	3.11e-09
 7.14949e+16	9.35e-01	6.51e-02	3.31e-09
 7.15140e+16	9.37e-01	6.25e-02	3.53e-09
 7.15323e+16	9.40e-01	6.00e-02	3.76e-09
 7.15501e+16	9.42e-01	5.77e-02	4.02e-09
 7.15677e+16	9.45e-01	5.54e-02	4.30e-09
 7.15851e+16	9.47e-01	5.32e-02	4.62e-09
 7.16018e+16	9.49e-01	5.11e-02	4.96e-09
 7.16181e+16	9.51e-01	4.91e-02	5.33e-09
 7.16339e+16	9.53e-01	4.72e-02	5.76e-09
 7.16495e+16	9.55e-01	4.53e-02	6.22e-09
 7.16647e+16	9.57e-01	4.35e-02	6.75e-09
 7.16793e+16	9.58e-01	4.18e-02	7.34e-09
 7.16936e+16	9.60e-01	4.01e-02	8.00e-09
 7.17074e+16	9.61e-01	3.85e-02	8.77e-09
 7.17209e+16	9.63e-01	3.70e-02	9.64e-09
 7.17339e+16	9.65e-01	3.55e-02	1.06e-08
 7.17463e+16	9.66e-01	3.41e-02	1.18e-08
 7.17576e+16	9.67e-01	3.28e-02	1.30e-08
 7.17679e+16	9.68e-01	3.17e-02	1.44e-08
 7.17774e+16	9.69e-01	3.07e-02	1.59e-08
 7.17863e+16	9.70e-01	2.97e-02	1.75e-08
 7.17947e+16	9.71e-01	2.87e-02	1.94e-08
 7.18025e+16	9.72e-01	2.78e-02	2.15e-08
 7.18096e+16	9.73e-01	2.70e-02	2.38e-08
 7.18159e+16	9.74e-01	2.63e-02	2.63e-08
 7.18217e+16	9.74e-01	2.56e-02	2.90e-08
 7.18273e+16	9.75e-01	2.50e-02	3.21e-08
 7.18324e+16	9.76e-01	2.44e-02	3.55e-08
 7.18372e+16	9.76e-01	2.38e-02	3.93e-08
 7.18416e+16	9.77e-01	2.32e-02	4.35e-08
 7.18457e+16	9.77e-01	2.27e-02	4.80e-08
 7.18495e+16	9.78e-01	2.22e-02	5.31e-08
 7.18530e+16	9.78e-01	2.18e-02	5.88e-08
 7.18563e+16	9.79e-01	2.14e-02	6.42e-08
 7.18596e+16	9.79e-01	2.09e-02	7.23e-08
 7.18626e+16	9.80e-01	2.04e-02	8.07e-08
 7.18650e+16	9.80e-01	2.01e-02	8.79e-08
 7.18674e+16	9.80e-01	1.97e-02	9.83e-08
 7.18698e+16	9.81e-01	1.94e-02	1.08e-07
 7.18719e+16	9.81e-01	1.90e-02	1.21e-07
 7.18739e+16	9.81e-01	1.87e-02	1.33e-07
 7.18756e+16	9.82e-01	1.83e-02	1.49e-07
 7.18773e+16	9.82e-01	1.81e-02	1.62e-07
 7.18788e+16	9.82e-01	1.77e-02	1.83e-07
 7.18803e+16	9.83e-01	1.74e-02	2.04e-07
 7.18815e+16	9.83e-01	1.72e-02	2.19e-07
 7.18827e+16	9.83e-01	1.69e-02	2.47e-07
 7.18839e+16	9.83e-01	1.66e-02	2.72e-07
 7.18850e+16	9.84e-01	1.63e-02	3.05e-07
 7.18860e+16	9.84e-01	1.61e-02	3.33e-07
 7.18869e+16	9.84e-01	1.58e-02	3.72e-07
 7.18877e+16	9.85e-01	1.55e-02	4.14e-07
 7.18885e+16	9.85e-01	1.53e-02	4.44e-07
 7.18893e+16	9.85e-01	1.49e-02	5.06e-07
 7.18901e+16	9.86e-01	1.45e-02	5.89e-07
 7.18909e+16	9.86e-01	1.40e-02	6.72e-07
 7.18916e+16	9.86e-01	1.36e-02	7.70e-07
 7.18923e+16	9.96e-01	3.91e-03	6.27e-06
