#depth	O	O+	O+2	O+3	O+4	O+5	O+6	O+7	O+8	O[1]	O[2]	O[3]
 3.76389e+11	7.14e-06	1.41e-02	9.83e-01	3.36e-03	0.00e+00	0.00e+00	0.00e+00	0.00e+00	0.00e+00	4.80e-06	1.62e-06	7.19e-07
 2.25833e+12	7.14e-06	1.41e-02	9.83e-01	3.35e-03	0.00e+00	0.00e+00	0.00e+00	0.00e+00	0.00e+00	4.80e-06	1.62e-06	7.18e-07
 9.78610e+12	7.14e-06	1.41e-02	9.83e-01	3.30e-03	0.00e+00	0.00e+00	0.00e+00	0.00e+00	0.00e+00	4.80e-06	1.62e-06	7.18e-07
 3.98972e+13	7.16e-06	1.41e-02	9.83e-01	3.12e-03	0.00e+00	0.00e+00	0.00e+00	0.00e+00	0.00e+00	4.81e-06	1.63e-06	7.20e-07
 9.53016e+13	7.15e-06	1.41e-02	9.83e-01	2.88e-03	0.00e+00	0.00e+00	0.00e+00	0.00e+00	0.00e+00	4.80e-06	1.63e-06	7.19e-07
 1.67327e+14	7.15e-06	1.41e-02	9.83e-01	2.58e-03	0.00e+00	0.00e+00	0.00e+00	0.00e+00	0.00e+00	4.80e-06	1.63e-06	7.20e-07
 2.60961e+14	7.17e-06	1.42e-02	9.84e-01	2.24e-03	0.00e+00	0.00e+00	0.00e+00	0.00e+00	0.00e+00	4.81e-06	1.63e-06	7.22e-07
 3.82684e+14	7.20e-06	1.43e-02	9.84e-01	1.85e-03	0.00e+00	0.00e+00	0.00e+00	0.00e+00	0.00e+00	4.83e-06	1.64e-06	7.25e-07
 5.40925e+14	7.25e-06	1.43e-02	9.84e-01	1.43e-03	0.00e+00	0.00e+00	0.00e+00	0.00e+00	0.00e+00	4.87e-06	1.65e-06	7.31e-07
 7.46637e+14	7.33e-06	1.45e-02	9.85e-01	1.03e-03	0.00e+00	0.00e+00	0.00e+00	0.00e+00	0.00e+00	4.92e-06	1.67e-06	7.39e-07
 1.01406e+15	7.46e-06	1.46e-02	9.85e-01	6.63e-04	0.00e+00	0.00e+00	0.00e+00	0.00e+00	0.00e+00	5.00e-06	1.70e-06	7.51e-07
 1.36172e+15	7.63e-06	1.48e-02	9.85e-01	3.79e-04	0.00e+00	0.00e+00	0.00e+00	0.00e+00	0.00e+00	5.12e-06	1.74e-06	7.69e-07
 1.81367e+15	7.89e-06	1.51e-02	9.85e-01	1.88e-04	0.00e+00	0.00e+00	0.00e+00	0.00e+00	0.00e+00	5.29e-06	1.79e-06	7.95e-07
 2.40120e+15	8.26e-06	1.55e-02	9.84e-01	8.24e-05	0.00e+00	0.00e+00	0.00e+00	0.00e+00	0.00e+00	5.54e-06	1.88e-06	8.33e-07
 3.16500e+15	8.81e-06	1.60e-02	9.84e-01	3.48e-05	0.00e+00	0.00e+00	0.00e+00	0.00e+00	0.00e+00	5.91e-06	2.00e-06	8.89e-07
 4.15794e+15	9.63e-06	1.67e-02	9.83e-01	1.79e-05	0.00e+00	0.00e+00	0.00e+00	0.00e+00	0.00e+00	6.46e-06	2.19e-06	9.72e-07
 5.44875e+15	1.09e-05	1.77e-02	9.82e-01	1.26e-05	0.00e+00	0.00e+00	0.00e+00	0.00e+00	0.00e+00	7.31e-06	2.48e-06	1.10e-06
 7.12681e+15	1.29e-05	1.91e-02	9.81e-01	1.05e-05	0.00e+00	0.00e+00	0.00e+00	0.00e+00	0.00e+00	8.67e-06	2.94e-06	1.31e-06
 9.30829e+15	1.64e-05	2.11e-02	9.79e-01	8.92e-06	0.00e+00	0.00e+00	0.00e+00	0.00e+00	0.00e+00	1.10e-05	3.72e-06	1.66e-06
 1.21442e+16	2.29e-05	2.42e-02	9.76e-01	7.33e-06	0.00e+00	0.00e+00	0.00e+00	0.00e+00	0.00e+00	1.54e-05	5.20e-06	2.32e-06
 1.44345e+16	2.99e-05	2.70e-02	9.73e-01	6.33e-06	0.00e+00	0.00e+00	0.00e+00	0.00e+00	0.00e+00	2.01e-05	6.77e-06	3.02e-06
 1.58779e+16	3.66e-05	2.93e-02	9.71e-01	5.74e-06	0.00e+00	0.00e+00	0.00e+00	0.00e+00	0.00e+00	2.46e-05	8.30e-06	3.70e-06
 1.71839e+16	4.43e-05	3.16e-02	9.68e-01	5.26e-06	0.00e+00	0.00e+00	0.00e+00	0.00e+00	0.00e+00	2.97e-05	1.00e-05	4.47e-06
 1.81687e+16	5.14e-05	3.35e-02	9.66e-01	4.91e-06	0.00e+00	0.00e+00	0.00e+00	0.00e+00	0.00e+00	3.45e-05	1.17e-05	5.20e-06
 1.91690e+16	6.09e-05	3.58e-02	9.64e-01	4.56e-06	0.00e+00	0.00e+00	0.00e+00	0.00e+00	0.00e+00	4.09e-05	1.38e-05	6.16e-06
 2.02375e+16	7.31e-05	3.86e-02	9.61e-01	4.21e-06	0.00e+00	0.00e+00	0.00e+00	0.00e+00	0.00e+00	4.91e-05	1.66e-05	7.39e-06
 2.11464e+16	8.62e-05	4.12e-02	9.59e-01	3.92e-06	0.00e+00	0.00e+00	0.00e+00	0.00e+00	0.00e+00	5.79e-05	1.95e-05	8.71e-06
 2.19226e+16	1.00e-04	4.38e-02	9.56e-01	3.69e-06	0.00e+00	0.00e+00	0.00e+00	0.00e+00	0.00e+00	6.72e-05	2.27e-05	1.01e-05
 2.27749e+16	1.19e-04	4.71e-02	9.53e-01	3.42e-06	0.00e+00	0.00e+00	0.00e+00	0.00e+00	0.00e+00	8.00e-05	2.70e-05	1.20e-05
 2.36677e+16	1.44e-04	5.10e-02	9.49e-01	3.16e-06	0.00e+00	0.00e+00	0.00e+00	0.00e+00	0.00e+00	9.66e-05	3.26e-05	1.45e-05
 2.44035e+16	1.70e-04	5.46e-02	9.45e-01	2.95e-06	0.00e+00	0.00e+00	0.00e+00	0.00e+00	0.00e+00	1.14e-04	3.84e-05	1.71e-05
 2.50288e+16	1.97e-04	5.82e-02	9.42e-01	2.77e-06	0.00e+00	0.00e+00	0.00e+00	0.00e+00	0.00e+00	1.32e-04	4.45e-05	1.98e-05
 2.57203e+16	2.34e-04	6.28e-02	9.37e-01	2.57e-06	0.00e+00	0.00e+00	0.00e+00	0.00e+00	0.00e+00	1.57e-04	5.30e-05	2.36e-05
 2.64546e+16	2.83e-04	6.82e-02	9.31e-01	2.37e-06	0.00e+00	0.00e+00	0.00e+00	0.00e+00	0.00e+00	1.90e-04	6.41e-05	2.85e-05
 2.70751e+16	3.36e-04	7.36e-02	9.26e-01	2.19e-06	0.00e+00	0.00e+00	0.00e+00	0.00e+00	0.00e+00	2.26e-04	7.61e-05	3.39e-05
 2.76077e+16	3.92e-04	7.89e-02	9.21e-01	2.05e-06	0.00e+00	0.00e+00	0.00e+00	0.00e+00	0.00e+00	2.64e-04	8.87e-05	3.95e-05
 2.81954e+16	4.70e-04	8.56e-02	9.14e-01	1.89e-06	0.00e+00	0.00e+00	0.00e+00	0.00e+00	0.00e+00	3.16e-04	1.06e-04	4.73e-05
 2.88212e+16	5.75e-04	9.38e-02	9.06e-01	1.71e-06	0.00e+00	0.00e+00	0.00e+00	0.00e+00	0.00e+00	3.86e-04	1.30e-04	5.78e-05
 2.93518e+16	6.87e-04	1.02e-01	8.97e-01	1.58e-06	0.00e+00	0.00e+00	0.00e+00	0.00e+00	0.00e+00	4.62e-04	1.55e-04	6.90e-05
 2.98099e+16	8.09e-04	1.10e-01	8.89e-01	1.45e-06	0.00e+00	0.00e+00	0.00e+00	0.00e+00	0.00e+00	5.44e-04	1.83e-04	8.13e-05
 3.03186e+16	9.81e-04	1.20e-01	8.79e-01	1.32e-06	0.00e+00	0.00e+00	0.00e+00	0.00e+00	0.00e+00	6.60e-04	2.22e-04	9.85e-05
 3.08615e+16	1.21e-03	1.33e-01	8.66e-01	1.18e-06	0.00e+00	0.00e+00	0.00e+00	0.00e+00	0.00e+00	8.16e-04	2.74e-04	1.22e-04
 3.13255e+16	1.47e-03	1.46e-01	8.53e-01	1.06e-06	0.00e+00	0.00e+00	0.00e+00	0.00e+00	0.00e+00	9.90e-04	3.33e-04	1.48e-04
 3.17280e+16	1.76e-03	1.59e-01	8.40e-01	9.66e-07	0.00e+00	0.00e+00	0.00e+00	0.00e+00	0.00e+00	1.18e-03	3.97e-04	1.76e-04
 3.21737e+16	2.16e-03	1.75e-01	8.23e-01	8.54e-07	0.00e+00	0.00e+00	0.00e+00	0.00e+00	0.00e+00	1.46e-03	4.89e-04	2.17e-04
 3.26435e+16	2.71e-03	1.95e-01	8.02e-01	7.45e-07	0.00e+00	0.00e+00	0.00e+00	0.00e+00	0.00e+00	1.82e-03	6.12e-04	2.72e-04
 3.30332e+16	3.32e-03	2.15e-01	7.82e-01	6.54e-07	0.00e+00	0.00e+00	0.00e+00	0.00e+00	0.00e+00	2.23e-03	7.49e-04	3.32e-04
 3.33591e+16	3.95e-03	2.34e-01	7.62e-01	5.84e-07	0.00e+00	0.00e+00	0.00e+00	0.00e+00	0.00e+00	2.66e-03	8.93e-04	3.96e-04
 3.37135e+16	4.85e-03	2.57e-01	7.38e-01	5.09e-07	0.00e+00	0.00e+00	0.00e+00	0.00e+00	0.00e+00	3.27e-03	1.09e-03	4.85e-04
 3.40903e+16	6.06e-03	2.85e-01	7.08e-01	4.31e-07	0.00e+00	0.00e+00	0.00e+00	0.00e+00	0.00e+00	4.08e-03	1.37e-03	6.06e-04
 3.44085e+16	7.41e-03	3.13e-01	6.80e-01	3.69e-07	0.00e+00	0.00e+00	0.00e+00	0.00e+00	0.00e+00	4.99e-03	1.67e-03	7.40e-04
 3.46776e+16	8.86e-03	3.39e-01	6.52e-01	3.19e-07	0.00e+00	0.00e+00	0.00e+00	0.00e+00	0.00e+00	5.97e-03	2.00e-03	8.85e-04
 3.49706e+16	1.09e-02	3.72e-01	6.17e-01	2.67e-07	0.00e+00	0.00e+00	0.00e+00	0.00e+00	0.00e+00	7.34e-03	2.45e-03	1.09e-03
 3.52816e+16	1.36e-02	4.10e-01	5.76e-01	2.17e-07	0.00e+00	0.00e+00	0.00e+00	0.00e+00	0.00e+00	9.21e-03	3.07e-03	1.36e-03
 3.55412e+16	1.66e-02	4.45e-01	5.38e-01	1.77e-07	0.00e+00	0.00e+00	0.00e+00	0.00e+00	0.00e+00	1.12e-02	3.74e-03	1.66e-03
 3.57595e+16	1.98e-02	4.77e-01	5.03e-01	1.47e-07	0.00e+00	0.00e+00	0.00e+00	0.00e+00	0.00e+00	1.34e-02	4.45e-03	1.97e-03
 3.59989e+16	2.42e-02	5.15e-01	4.60e-01	0.00e+00	0.00e+00	0.00e+00	0.00e+00	0.00e+00	0.00e+00	1.63e-02	5.42e-03	2.41e-03
 3.62569e+16	3.02e-02	5.58e-01	4.11e-01	0.00e+00	0.00e+00	0.00e+00	0.00e+00	0.00e+00	0.00e+00	2.04e-02	6.77e-03	3.01e-03
 3.64772e+16	3.69e-02	5.96e-01	3.67e-01	0.00e+00	0.00e+00	0.00e+00	0.00e+00	0.00e+00	0.00e+00	2.50e-02	8.26e-03	3.68e-03
 3.66631e+16	4.40e-02	6.29e-01	3.27e-01	0.00e+00	0.00e+00	0.00e+00	0.00e+00	0.00e+00	0.00e+00	2.98e-02	9.83e-03	4.38e-03
 3.68659e+16	5.37e-02	6.64e-01	2.83e-01	0.00e+00	0.00e+00	0.00e+00	0.00e+00	0.00e+00	0.00e+00	3.64e-02	1.20e-02	5.34e-03
 3.70851e+16	6.70e-02	6.98e-01	2.35e-01	0.00e+00	0.00e+00	0.00e+00	0.00e+00	0.00e+00	0.00e+00	4.54e-02	1.49e-02	6.65e-03
 3.72742e+16	8.17e-02	7.24e-01	1.94e-01	0.00e+00	0.00e+00	0.00e+00	0.00e+00	0.00e+00	0.00e+00	5.55e-02	1.81e-02	8.10e-03
 3.74122e+16	9.49e-02	7.39e-01	1.66e-01	0.00e+00	0.00e+00	0.00e+00	0.00e+00	0.00e+00	0.00e+00	6.45e-02	2.09e-02	9.40e-03
 3.75089e+16	1.06e-01	7.48e-01	1.47e-01	0.00e+00	0.00e+00	0.00e+00	0.00e+00	0.00e+00	0.00e+00	7.19e-02	2.32e-02	1.05e-02
 3.76090e+16	1.18e-01	7.54e-01	1.27e-01	0.00e+00	0.00e+00	0.00e+00	0.00e+00	0.00e+00	0.00e+00	8.06e-02	2.59e-02	1.17e-02
 3.77212e+16	1.35e-01	7.58e-01	1.08e-01	0.00e+00	0.00e+00	0.00e+00	0.00e+00	0.00e+00	0.00e+00	9.18e-02	2.94e-02	1.33e-02
 3.78232e+16	1.51e-01	7.58e-01	9.09e-02	0.00e+00	0.00e+00	0.00e+00	0.00e+00	0.00e+00	0.00e+00	1.03e-01	3.29e-02	1.50e-02
 3.79096e+16	1.68e-01	7.55e-01	7.78e-02	0.00e+00	0.00e+00	0.00e+00	0.00e+00	0.00e+00	0.00e+00	1.15e-01	3.63e-02	1.65e-02
 3.79885e+16	1.83e-01	7.50e-01	6.70e-02	0.00e+00	0.00e+00	0.00e+00	0.00e+00	0.00e+00	0.00e+00	1.26e-01	3.95e-02	1.81e-02
 3.80774e+16	2.04e-01	7.40e-01	5.56e-02	0.00e+00	0.00e+00	0.00e+00	0.00e+00	0.00e+00	0.00e+00	1.40e-01	4.37e-02	2.01e-02
 3.81698e+16	2.28e-01	7.27e-01	4.54e-02	0.00e+00	0.00e+00	0.00e+00	0.00e+00	0.00e+00	0.00e+00	1.57e-01	4.84e-02	2.24e-02
 3.82451e+16	2.49e-01	7.13e-01	3.80e-02	0.00e+00	0.00e+00	0.00e+00	0.00e+00	0.00e+00	0.00e+00	1.72e-01	5.26e-02	2.44e-02
 3.83091e+16	2.68e-01	7.00e-01	3.24e-02	0.00e+00	0.00e+00	0.00e+00	0.00e+00	0.00e+00	0.00e+00	1.85e-01	5.63e-02	2.62e-02
 3.83799e+16	2.92e-01	6.82e-01	2.67e-02	0.00e+00	0.00e+00	0.00e+00	0.00e+00	0.00e+00	0.00e+00	2.02e-01	6.07e-02	2.85e-02
 3.84565e+16	3.19e-01	6.59e-01	2.15e-02	0.00e+00	0.00e+00	0.00e+00	0.00e+00	0.00e+00	0.00e+00	2.22e-01	6.58e-02	3.10e-02
 3.85231e+16	3.44e-01	6.38e-01	1.77e-02	0.00e+00	0.00e+00	0.00e+00	0.00e+00	0.00e+00	0.00e+00	2.41e-01	7.03e-02	3.34e-02
 3.85812e+16	3.67e-01	6.18e-01	1.48e-02	0.00e+00	0.00e+00	0.00e+00	0.00e+00	0.00e+00	0.00e+00	2.57e-01	7.43e-02	3.55e-02
 3.86454e+16	3.95e-01	5.94e-01	1.19e-02	0.00e+00	0.00e+00	0.00e+00	0.00e+00	0.00e+00	0.00e+00	2.77e-01	7.89e-02	3.80e-02
 3.87148e+16	4.25e-01	5.66e-01	9.38e-03	0.00e+00	0.00e+00	0.00e+00	0.00e+00	0.00e+00	0.00e+00	3.00e-01	8.38e-02	4.07e-02
 3.87759e+16	4.53e-01	5.39e-01	7.51e-03	0.00e+00	0.00e+00	0.00e+00	0.00e+00	0.00e+00	0.00e+00	3.22e-01	8.82e-02	4.32e-02
 3.88305e+16	4.78e-01	5.15e-01	6.13e-03	0.00e+00	0.00e+00	0.00e+00	0.00e+00	0.00e+00	0.00e+00	3.41e-01	9.19e-02	4.54e-02
 3.88831e+16	5.03e-01	4.92e-01	4.99e-03	0.00e+00	0.00e+00	0.00e+00	0.00e+00	0.00e+00	0.00e+00	3.60e-01	9.53e-02	4.75e-02
 3.89353e+16	5.29e-01	4.67e-01	4.03e-03	0.00e+00	0.00e+00	0.00e+00	0.00e+00	0.00e+00	0.00e+00	3.81e-01	9.87e-02	4.96e-02
 3.89871e+16	5.54e-01	4.42e-01	3.24e-03	0.00e+00	0.00e+00	0.00e+00	0.00e+00	0.00e+00	0.00e+00	4.01e-01	1.02e-01	5.16e-02
 3.90354e+16	5.77e-01	4.20e-01	2.64e-03	0.00e+00	0.00e+00	0.00e+00	0.00e+00	0.00e+00	0.00e+00	4.20e-01	1.04e-01	5.34e-02
 3.90709e+16	5.94e-01	4.04e-01	2.27e-03	0.00e+00	0.00e+00	0.00e+00	0.00e+00	0.00e+00	0.00e+00	4.33e-01	1.06e-01	5.46e-02
 3.90937e+16	6.04e-01	3.94e-01	2.06e-03	0.00e+00	0.00e+00	0.00e+00	0.00e+00	0.00e+00	0.00e+00	4.42e-01	1.07e-01	5.53e-02
 3.91158e+16	6.15e-01	3.84e-01	1.86e-03	0.00e+00	0.00e+00	0.00e+00	0.00e+00	0.00e+00	0.00e+00	4.51e-01	1.08e-01	5.61e-02
 3.91424e+16	6.27e-01	3.71e-01	1.65e-03	0.00e+00	0.00e+00	0.00e+00	0.00e+00	0.00e+00	0.00e+00	4.62e-01	1.09e-01	5.69e-02
 3.91703e+16	6.41e-01	3.58e-01	1.44e-03	0.00e+00	0.00e+00	0.00e+00	0.00e+00	0.00e+00	0.00e+00	4.73e-01	1.10e-01	5.78e-02
 3.91965e+16	6.52e-01	3.46e-01	1.28e-03	0.00e+00	0.00e+00	0.00e+00	0.00e+00	0.00e+00	0.00e+00	4.83e-01	1.11e-01	5.86e-02
 3.92216e+16	6.64e-01	3.35e-01	1.13e-03	0.00e+00	0.00e+00	0.00e+00	0.00e+00	0.00e+00	0.00e+00	4.94e-01	1.11e-01	5.93e-02
 3.92464e+16	6.75e-01	3.24e-01	1.00e-03	0.00e+00	0.00e+00	0.00e+00	0.00e+00	0.00e+00	0.00e+00	5.04e-01	1.12e-01	5.99e-02
 3.92715e+16	6.87e-01	3.12e-01	8.83e-04	0.00e+00	0.00e+00	0.00e+00	0.00e+00	0.00e+00	0.00e+00	5.14e-01	1.12e-01	6.06e-02
 3.92964e+16	6.98e-01	3.01e-01	7.80e-04	0.00e+00	0.00e+00	0.00e+00	0.00e+00	0.00e+00	0.00e+00	5.24e-01	1.13e-01	6.12e-02
 3.93211e+16	7.09e-01	2.90e-01	6.87e-04	0.00e+00	0.00e+00	0.00e+00	0.00e+00	0.00e+00	0.00e+00	5.34e-01	1.13e-01	6.17e-02
 3.93454e+16	7.19e-01	2.80e-01	6.06e-04	0.00e+00	0.00e+00	0.00e+00	0.00e+00	0.00e+00	0.00e+00	5.44e-01	1.13e-01	6.22e-02
 3.93698e+16	7.30e-01	2.70e-01	5.33e-04	0.00e+00	0.00e+00	0.00e+00	0.00e+00	0.00e+00	0.00e+00	5.54e-01	1.13e-01	6.27e-02
 3.93943e+16	7.40e-01	2.59e-01	4.67e-04	0.00e+00	0.00e+00	0.00e+00	0.00e+00	0.00e+00	0.00e+00	5.64e-01	1.14e-01	6.31e-02
 3.94181e+16	7.50e-01	2.50e-01	4.11e-04	0.00e+00	0.00e+00	0.00e+00	0.00e+00	0.00e+00	0.00e+00	5.73e-01	1.14e-01	6.35e-02
 3.94417e+16	7.60e-01	2.40e-01	3.62e-04	0.00e+00	0.00e+00	0.00e+00	0.00e+00	0.00e+00	0.00e+00	5.82e-01	1.13e-01	6.38e-02
 3.94655e+16	7.69e-01	2.31e-01	3.17e-04	0.00e+00	0.00e+00	0.00e+00	0.00e+00	0.00e+00	0.00e+00	5.91e-01	1.13e-01	6.41e-02
 3.94892e+16	7.78e-01	2.21e-01	2.78e-04	0.00e+00	0.00e+00	0.00e+00	0.00e+00	0.00e+00	0.00e+00	6.01e-01	1.13e-01	6.43e-02
 3.95127e+16	7.87e-01	2.13e-01	2.43e-04	0.00e+00	0.00e+00	0.00e+00	0.00e+00	0.00e+00	0.00e+00	6.10e-01	1.13e-01	6.45e-02
 3.95359e+16	7.96e-01	2.04e-01	2.13e-04	0.00e+00	0.00e+00	0.00e+00	0.00e+00	0.00e+00	0.00e+00	6.19e-01	1.12e-01	6.47e-02
 3.95591e+16	8.04e-01	1.96e-01	1.86e-04	0.00e+00	0.00e+00	0.00e+00	0.00e+00	0.00e+00	0.00e+00	6.27e-01	1.12e-01	6.48e-02
 3.95823e+16	8.12e-01	1.88e-01	1.63e-04	0.00e+00	0.00e+00	0.00e+00	0.00e+00	0.00e+00	0.00e+00	6.36e-01	1.11e-01	6.48e-02
 3.96056e+16	8.20e-01	1.80e-01	1.42e-04	0.00e+00	0.00e+00	0.00e+00	0.00e+00	0.00e+00	0.00e+00	6.44e-01	1.11e-01	6.49e-02
 3.96283e+16	8.27e-01	1.73e-01	1.24e-04	0.00e+00	0.00e+00	0.00e+00	0.00e+00	0.00e+00	0.00e+00	6.52e-01	1.10e-01	6.49e-02
 3.96507e+16	8.34e-01	1.66e-01	1.08e-04	0.00e+00	0.00e+00	0.00e+00	0.00e+00	0.00e+00	0.00e+00	6.60e-01	1.10e-01	6.48e-02
 3.96736e+16	8.41e-01	1.58e-01	9.44e-05	0.00e+00	0.00e+00	0.00e+00	0.00e+00	0.00e+00	0.00e+00	6.68e-01	1.09e-01	6.47e-02
 3.96965e+16	8.48e-01	1.51e-01	8.20e-05	0.00e+00	0.00e+00	0.00e+00	0.00e+00	0.00e+00	0.00e+00	6.76e-01	1.08e-01	6.46e-02
 3.97187e+16	8.55e-01	1.45e-01	7.15e-05	0.00e+00	0.00e+00	0.00e+00	0.00e+00	0.00e+00	0.00e+00	6.83e-01	1.07e-01	6.45e-02
 3.97405e+16	8.61e-01	1.39e-01	6.24e-05	0.00e+00	0.00e+00	0.00e+00	0.00e+00	0.00e+00	0.00e+00	6.90e-01	1.07e-01	6.43e-02
 3.97624e+16	8.67e-01	1.33e-01	5.44e-05	0.00e+00	0.00e+00	0.00e+00	0.00e+00	0.00e+00	0.00e+00	6.97e-01	1.06e-01	6.42e-02
 3.97841e+16	8.73e-01	1.27e-01	4.75e-05	0.00e+00	0.00e+00	0.00e+00	0.00e+00	0.00e+00	0.00e+00	7.04e-01	1.05e-01	6.40e-02
 3.98055e+16	8.78e-01	1.22e-01	4.14e-05	0.00e+00	0.00e+00	0.00e+00	0.00e+00	0.00e+00	0.00e+00	7.10e-01	1.04e-01	6.37e-02
 3.98267e+16	8.83e-01	1.17e-01	3.61e-05	0.00e+00	0.00e+00	0.00e+00	0.00e+00	0.00e+00	0.00e+00	7.17e-01	1.03e-01	6.35e-02
 3.98478e+16	8.88e-01	1.12e-01	3.16e-05	0.00e+00	0.00e+00	0.00e+00	0.00e+00	0.00e+00	0.00e+00	7.23e-01	1.02e-01	6.32e-02
 3.98683e+16	8.93e-01	1.07e-01	2.76e-05	0.00e+00	0.00e+00	0.00e+00	0.00e+00	0.00e+00	0.00e+00	7.29e-01	1.02e-01	6.29e-02
 3.98884e+16	8.98e-01	1.02e-01	2.42e-05	0.00e+00	0.00e+00	0.00e+00	0.00e+00	0.00e+00	0.00e+00	7.34e-01	1.01e-01	6.27e-02
 3.99084e+16	9.02e-01	9.81e-02	2.12e-05	0.00e+00	0.00e+00	0.00e+00	0.00e+00	0.00e+00	0.00e+00	7.40e-01	9.99e-02	6.24e-02
 3.99284e+16	9.06e-01	9.40e-02	1.86e-05	0.00e+00	0.00e+00	0.00e+00	0.00e+00	0.00e+00	0.00e+00	7.45e-01	9.91e-02	6.21e-02
 3.99480e+16	9.10e-01	9.00e-02	1.63e-05	0.00e+00	0.00e+00	0.00e+00	0.00e+00	0.00e+00	0.00e+00	7.50e-01	9.83e-02	6.18e-02
 3.99672e+16	9.14e-01	8.63e-02	1.44e-05	0.00e+00	0.00e+00	0.00e+00	0.00e+00	0.00e+00	0.00e+00	7.55e-01	9.75e-02	6.14e-02
 3.99862e+16	9.17e-01	8.28e-02	1.26e-05	0.00e+00	0.00e+00	0.00e+00	0.00e+00	0.00e+00	0.00e+00	7.59e-01	9.67e-02	6.11e-02
 4.00052e+16	9.21e-01	7.94e-02	1.11e-05	0.00e+00	0.00e+00	0.00e+00	0.00e+00	0.00e+00	0.00e+00	7.64e-01	9.59e-02	6.08e-02
 4.00240e+16	9.24e-01	7.62e-02	9.79e-06	0.00e+00	0.00e+00	0.00e+00	0.00e+00	0.00e+00	0.00e+00	7.68e-01	9.52e-02	6.05e-02
 4.00423e+16	9.27e-01	7.30e-02	8.64e-06	0.00e+00	0.00e+00	0.00e+00	0.00e+00	0.00e+00	0.00e+00	7.72e-01	9.44e-02	6.02e-02
 4.00606e+16	9.30e-01	7.02e-02	7.63e-06	0.00e+00	0.00e+00	0.00e+00	0.00e+00	0.00e+00	0.00e+00	7.76e-01	9.37e-02	5.99e-02
 4.00789e+16	9.33e-01	6.73e-02	6.72e-06	0.00e+00	0.00e+00	0.00e+00	0.00e+00	0.00e+00	0.00e+00	7.80e-01	9.30e-02	5.95e-02
 4.00970e+16	9.35e-01	6.46e-02	5.94e-06	0.00e+00	0.00e+00	0.00e+00	0.00e+00	0.00e+00	0.00e+00	7.84e-01	9.23e-02	5.92e-02
 4.01146e+16	9.38e-01	6.20e-02	5.26e-06	0.00e+00	0.00e+00	0.00e+00	0.00e+00	0.00e+00	0.00e+00	7.88e-01	9.16e-02	5.89e-02
 4.01319e+16	9.40e-01	5.96e-02	4.66e-06	0.00e+00	0.00e+00	0.00e+00	0.00e+00	0.00e+00	0.00e+00	7.91e-01	9.09e-02	5.85e-02
 4.01496e+16	9.43e-01	5.72e-02	4.12e-06	0.00e+00	0.00e+00	0.00e+00	0.00e+00	0.00e+00	0.00e+00	7.94e-01	9.02e-02	5.82e-02
 4.01672e+16	9.45e-01	5.49e-02	3.64e-06	0.00e+00	0.00e+00	0.00e+00	0.00e+00	0.00e+00	0.00e+00	7.98e-01	8.95e-02	5.78e-02
 4.01840e+16	9.47e-01	5.27e-02	3.24e-06	0.00e+00	0.00e+00	0.00e+00	0.00e+00	0.00e+00	0.00e+00	8.01e-01	8.89e-02	5.74e-02
 4.02008e+16	9.49e-01	5.08e-02	2.88e-06	0.00e+00	0.00e+00	0.00e+00	0.00e+00	0.00e+00	0.00e+00	8.04e-01	8.83e-02	5.71e-02
 4.02178e+16	9.51e-01	4.88e-02	2.55e-06	0.00e+00	0.00e+00	0.00e+00	0.00e+00	0.00e+00	0.00e+00	8.07e-01	8.77e-02	5.68e-02
 4.02348e+16	9.53e-01	4.68e-02	2.26e-06	0.00e+00	0.00e+00	0.00e+00	0.00e+00	0.00e+00	0.00e+00	8.10e-01	8.70e-02	5.64e-02
 4.02514e+16	9.55e-01	4.49e-02	2.01e-06	0.00e+00	0.00e+00	0.00e+00	0.00e+00	0.00e+00	0.00e+00	8.13e-01	8.65e-02	5.61e-02
 4.02677e+16	9.57e-01	4.33e-02	1.79e-06	0.00e+00	0.00e+00	0.00e+00	0.00e+00	0.00e+00	0.00e+00	8.15e-01	8.59e-02	5.58e-02
 4.02843e+16	9.58e-01	4.15e-02	1.59e-06	0.00e+00	0.00e+00	0.00e+00	0.00e+00	0.00e+00	0.00e+00	8.18e-01	8.54e-02	5.55e-02
 4.03008e+16	9.60e-01	3.99e-02	1.42e-06	0.00e+00	0.00e+00	0.00e+00	0.00e+00	0.00e+00	0.00e+00	8.20e-01	8.48e-02	5.51e-02
 4.03166e+16	9.62e-01	3.83e-02	1.26e-06	0.00e+00	0.00e+00	0.00e+00	0.00e+00	0.00e+00	0.00e+00	8.23e-01	8.43e-02	5.48e-02
 4.03324e+16	9.63e-01	3.69e-02	1.13e-06	0.00e+00	0.00e+00	0.00e+00	0.00e+00	0.00e+00	0.00e+00	8.25e-01	8.38e-02	5.45e-02
 4.03484e+16	9.65e-01	3.54e-02	1.01e-06	0.00e+00	0.00e+00	0.00e+00	0.00e+00	0.00e+00	0.00e+00	8.27e-01	8.33e-02	5.43e-02
 4.03644e+16	9.66e-01	3.40e-02	8.96e-07	0.00e+00	0.00e+00	0.00e+00	0.00e+00	0.00e+00	0.00e+00	8.29e-01	8.28e-02	5.40e-02
 4.03804e+16	9.67e-01	3.26e-02	7.98e-07	0.00e+00	0.00e+00	0.00e+00	0.00e+00	0.00e+00	0.00e+00	8.31e-01	8.23e-02	5.37e-02
 4.03963e+16	9.69e-01	3.13e-02	7.11e-07	0.00e+00	0.00e+00	0.00e+00	0.00e+00	0.00e+00	0.00e+00	8.33e-01	8.19e-02	5.34e-02
 4.04118e+16	9.70e-01	3.01e-02	6.36e-07	0.00e+00	0.00e+00	0.00e+00	0.00e+00	0.00e+00	0.00e+00	8.35e-01	8.14e-02	5.32e-02
 4.04270e+16	9.71e-01	2.90e-02	5.70e-07	0.00e+00	0.00e+00	0.00e+00	0.00e+00	0.00e+00	0.00e+00	8.37e-01	8.10e-02	5.29e-02
 4.04419e+16	9.72e-01	2.79e-02	5.12e-07	0.00e+00	0.00e+00	0.00e+00	0.00e+00	0.00e+00	0.00e+00	8.39e-01	8.06e-02	5.27e-02
 4.04563e+16	9.73e-01	2.68e-02	4.61e-07	0.00e+00	0.00e+00	0.00e+00	0.00e+00	0.00e+00	0.00e+00	8.41e-01	8.02e-02	5.24e-02
 4.04710e+16	9.74e-01	2.58e-02	4.14e-07	0.00e+00	0.00e+00	0.00e+00	0.00e+00	0.00e+00	0.00e+00	8.42e-01	7.99e-02	5.22e-02
 4.04861e+16	9.75e-01	2.48e-02	3.70e-07	0.00e+00	0.00e+00	0.00e+00	0.00e+00	0.00e+00	0.00e+00	8.44e-01	7.95e-02	5.20e-02
 4.05011e+16	9.76e-01	2.37e-02	3.32e-07	0.00e+00	0.00e+00	0.00e+00	0.00e+00	0.00e+00	0.00e+00	8.46e-01	7.91e-02	5.17e-02
 4.05155e+16	9.77e-01	2.28e-02	2.98e-07	0.00e+00	0.00e+00	0.00e+00	0.00e+00	0.00e+00	0.00e+00	8.47e-01	7.87e-02	5.15e-02
 4.05295e+16	9.78e-01	2.19e-02	2.69e-07	0.00e+00	0.00e+00	0.00e+00	0.00e+00	0.00e+00	0.00e+00	8.48e-01	7.83e-02	5.13e-02
 4.05434e+16	9.79e-01	2.10e-02	2.43e-07	0.00e+00	0.00e+00	0.00e+00	0.00e+00	0.00e+00	0.00e+00	8.50e-01	7.80e-02	5.10e-02
 4.05575e+16	9.80e-01	2.02e-02	2.19e-07	0.00e+00	0.00e+00	0.00e+00	0.00e+00	0.00e+00	0.00e+00	8.51e-01	7.77e-02	5.08e-02
 4.05713e+16	9.81e-01	1.94e-02	1.97e-07	0.00e+00	0.00e+00	0.00e+00	0.00e+00	0.00e+00	0.00e+00	8.53e-01	7.73e-02	5.06e-02
 4.05845e+16	9.81e-01	1.86e-02	1.79e-07	0.00e+00	0.00e+00	0.00e+00	0.00e+00	0.00e+00	0.00e+00	8.54e-01	7.70e-02	5.04e-02
 4.05967e+16	9.82e-01	1.79e-02	1.64e-07	0.00e+00	0.00e+00	0.00e+00	0.00e+00	0.00e+00	0.00e+00	8.55e-01	7.67e-02	5.02e-02
 4.06079e+16	9.83e-01	1.73e-02	1.51e-07	0.00e+00	0.00e+00	0.00e+00	0.00e+00	0.00e+00	0.00e+00	8.56e-01	7.64e-02	5.00e-02
 4.06187e+16	9.83e-01	1.67e-02	1.39e-07	0.00e+00	0.00e+00	0.00e+00	0.00e+00	0.00e+00	0.00e+00	8.57e-01	7.61e-02	4.98e-02
 4.06290e+16	9.84e-01	1.62e-02	1.29e-07	0.00e+00	0.00e+00	0.00e+00	0.00e+00	0.00e+00	0.00e+00	8.58e-01	7.59e-02	4.96e-02
 4.06387e+16	9.84e-01	1.56e-02	1.20e-07	0.00e+00	0.00e+00	0.00e+00	0.00e+00	0.00e+00	0.00e+00	8.59e-01	7.56e-02	4.95e-02
 4.06479e+16	9.85e-01	1.52e-02	1.12e-07	0.00e+00	0.00e+00	0.00e+00	0.00e+00	0.00e+00	0.00e+00	8.60e-01	7.54e-02	4.93e-02
 4.06568e+16	9.85e-01	1.47e-02	1.05e-07	0.00e+00	0.00e+00	0.00e+00	0.00e+00	0.00e+00	0.00e+00	8.61e-01	7.51e-02	4.91e-02
 4.06655e+16	9.86e-01	1.42e-02	9.83e-08	0.00e+00	0.00e+00	0.00e+00	0.00e+00	0.00e+00	0.00e+00	8.62e-01	7.49e-02	4.90e-02
 4.06739e+16	9.86e-01	1.38e-02	9.23e-08	0.00e+00	0.00e+00	0.00e+00	0.00e+00	0.00e+00	0.00e+00	8.63e-01	7.46e-02	4.88e-02
 4.06821e+16	9.87e-01	1.34e-02	8.67e-08	0.00e+00	0.00e+00	0.00e+00	0.00e+00	0.00e+00	0.00e+00	8.64e-01	7.44e-02	4.86e-02
 4.06903e+16	9.87e-01	1.30e-02	8.15e-08	0.00e+00	0.00e+00	0.00e+00	0.00e+00	0.00e+00	0.00e+00	8.64e-01	7.41e-02	4.84e-02
 4.06985e+16	9.87e-01	1.25e-02	7.65e-08	0.00e+00	0.00e+00	0.00e+00	0.00e+00	0.00e+00	0.00e+00	8.65e-01	7.38e-02	4.82e-02
 4.07070e+16	9.88e-01	1.21e-02	7.16e-08	0.00e+00	0.00e+00	0.00e+00	0.00e+00	0.00e+00	0.00e+00	8.66e-01	7.35e-02	4.80e-02
 4.07152e+16	9.88e-01	1.16e-02	6.72e-08	0.00e+00	0.00e+00	0.00e+00	0.00e+00	0.00e+00	0.00e+00	8.67e-01	7.32e-02	4.78e-02
 4.07226e+16	9.89e-01	1.12e-02	6.34e-08	0.00e+00	0.00e+00	0.00e+00	0.00e+00	0.00e+00	0.00e+00	8.68e-01	7.29e-02	4.76e-02
 4.07291e+16	9.89e-01	1.09e-02	6.04e-08	0.00e+00	0.00e+00	0.00e+00	0.00e+00	0.00e+00	0.00e+00	8.69e-01	7.27e-02	4.74e-02
 4.07351e+16	9.89e-01	1.06e-02	5.76e-08	0.00e+00	0.00e+00	0.00e+00	0.00e+00	0.00e+00	0.00e+00	8.70e-01	7.24e-02	4.72e-02
 4.07407e+16	9.90e-01	1.03e-02	5.51e-08	0.00e+00	0.00e+00	0.00e+00	0.00e+00	0.00e+00	0.00e+00	8.70e-01	7.22e-02	4.70e-02
 4.07462e+16	9.90e-01	1.00e-02	5.28e-08	0.00e+00	0.00e+00	0.00e+00	0.00e+00	0.00e+00	0.00e+00	8.71e-01	7.19e-02	4.68e-02
 4.07513e+16	9.90e-01	9.77e-03	5.07e-08	0.00e+00	0.00e+00	0.00e+00	0.00e+00	0.00e+00	0.00e+00	8.72e-01	7.17e-02	4.67e-02
 4.07561e+16	9.90e-01	9.52e-03	4.88e-08	0.00e+00	0.00e+00	0.00e+00	0.00e+00	0.00e+00	0.00e+00	8.73e-01	7.15e-02	4.65e-02
 4.07606e+16	9.91e-01	9.29e-03	4.70e-08	0.00e+00	0.00e+00	0.00e+00	0.00e+00	0.00e+00	0.00e+00	8.73e-01	7.12e-02	4.63e-02
 4.07649e+16	9.91e-01	9.06e-03	4.53e-08	0.00e+00	0.00e+00	0.00e+00	0.00e+00	0.00e+00	0.00e+00	8.74e-01	7.10e-02	4.61e-02
 4.07690e+16	9.91e-01	8.85e-03	4.38e-08	0.00e+00	0.00e+00	0.00e+00	0.00e+00	0.00e+00	0.00e+00	8.74e-01	7.08e-02	4.59e-02
 4.07727e+16	9.91e-01	8.66e-03	4.25e-08	0.00e+00	0.00e+00	0.00e+00	0.00e+00	0.00e+00	0.00e+00	8.75e-01	7.06e-02	4.57e-02
 4.07760e+16	9.92e-01	8.49e-03	4.12e-08	0.00e+00	0.00e+00	0.00e+00	0.00e+00	0.00e+00	0.00e+00	8.76e-01	7.04e-02	4.56e-02
 4.07791e+16	9.92e-01	8.34e-03	4.01e-08	0.00e+00	0.00e+00	0.00e+00	0.00e+00	0.00e+00	0.00e+00	8.76e-01	7.02e-02	4.54e-02
 4.07818e+16	9.92e-01	8.20e-03	3.92e-08	0.00e+00	0.00e+00	0.00e+00	0.00e+00	0.00e+00	0.00e+00	8.76e-01	7.00e-02	4.53e-02
 4.07844e+16	9.92e-01	8.08e-03	3.83e-08	0.00e+00	0.00e+00	0.00e+00	0.00e+00	0.00e+00	0.00e+00	8.77e-01	6.98e-02	4.52e-02
 4.07871e+16	9.92e-01	7.94e-03	3.73e-08	0.00e+00	0.00e+00	0.00e+00	0.00e+00	0.00e+00	0.00e+00	8.77e-01	6.96e-02	4.50e-02
 4.07901e+16	9.92e-01	7.78e-03	3.63e-08	0.00e+00	0.00e+00	0.00e+00	0.00e+00	0.00e+00	0.00e+00	8.78e-01	6.94e-02	4.49e-02
 4.07928e+16	9.92e-01	7.65e-03	3.54e-08	0.00e+00	0.00e+00	0.00e+00	0.00e+00	0.00e+00	0.00e+00	8.78e-01	6.92e-02	4.47e-02
 4.07953e+16	9.92e-01	7.52e-03	3.45e-08	0.00e+00	0.00e+00	0.00e+00	0.00e+00	0.00e+00	0.00e+00	8.79e-01	6.90e-02	4.46e-02
