#depth	H	H+	H2
 3.76389e+11	8.17e-04	9.99e-01	1.41e-14
 2.25833e+12	8.17e-04	9.99e-01	1.41e-14
 9.78610e+12	8.17e-04	9.99e-01	1.41e-14
 3.98972e+13	8.17e-04	9.99e-01	1.41e-14
 9.53016e+13	8.13e-04	9.99e-01	1.41e-14
 1.67327e+14	8.10e-04	9.99e-01	1.42e-14
 2.60961e+14	8.07e-04	9.99e-01	1.42e-14
 3.82684e+14	8.04e-04	9.99e-01	1.43e-14
 5.40925e+14	8.01e-04	9.99e-01	1.44e-14
 7.46637e+14	7.99e-04	9.99e-01	1.46e-14
 1.01406e+15	7.98e-04	9.99e-01	1.48e-14
 1.36172e+15	7.98e-04	9.99e-01	1.51e-14
 1.81367e+15	8.01e-04	9.99e-01	1.56e-14
 2.40120e+15	8.08e-04	9.99e-01	1.63e-14
 3.16500e+15	8.20e-04	9.99e-01	1.73e-14
 4.15794e+15	8.42e-04	9.99e-01	1.87e-14
 5.44875e+15	8.78e-04	9.99e-01	2.09e-14
 7.12681e+15	9.37e-04	9.99e-01	2.44e-14
 9.30829e+15	1.03e-03	9.99e-01	3.00e-14
 1.21442e+16	1.20e-03	9.99e-01	4.00e-14
 1.44345e+16	1.36e-03	9.99e-01	4.99e-14
 1.58779e+16	1.50e-03	9.98e-01	5.89e-14
 1.71839e+16	1.65e-03	9.98e-01	6.86e-14
 1.81687e+16	1.78e-03	9.98e-01	7.72e-14
 1.91690e+16	1.94e-03	9.98e-01	8.80e-14
 2.02375e+16	2.13e-03	9.98e-01	1.01e-13
 2.11464e+16	2.31e-03	9.98e-01	1.14e-13
 2.19226e+16	2.49e-03	9.98e-01	1.28e-13
 2.27749e+16	2.72e-03	9.97e-01	1.45e-13
 2.36677e+16	2.99e-03	9.97e-01	1.66e-13
 2.44035e+16	3.25e-03	9.97e-01	1.86e-13
 2.50288e+16	3.49e-03	9.97e-01	2.06e-13
 2.57203e+16	3.81e-03	9.96e-01	2.32e-13
 2.64546e+16	4.18e-03	9.96e-01	2.63e-13
 2.70751e+16	4.55e-03	9.95e-01	2.95e-13
 2.76077e+16	4.90e-03	9.95e-01	3.26e-13
 2.81954e+16	5.35e-03	9.95e-01	3.65e-13
 2.88212e+16	5.89e-03	9.94e-01	4.16e-13
 2.93518e+16	6.42e-03	9.94e-01	4.64e-13
 2.98099e+16	6.94e-03	9.93e-01	5.13e-13
 3.03186e+16	7.61e-03	9.92e-01	5.77e-13
 3.08615e+16	8.41e-03	9.92e-01	6.54e-13
 3.13255e+16	9.23e-03	9.91e-01	7.35e-13
 3.17280e+16	1.00e-02	9.90e-01	8.17e-13
 3.21737e+16	1.11e-02	9.89e-01	9.23e-13
 3.26435e+16	1.23e-02	9.88e-01	1.05e-12
 3.30332e+16	1.36e-02	9.86e-01	1.18e-12
 3.33591e+16	1.48e-02	9.85e-01	1.31e-12
 3.37135e+16	1.64e-02	9.84e-01	1.48e-12
 3.40903e+16	1.83e-02	9.82e-01	1.68e-12
 3.44085e+16	2.02e-02	9.80e-01	1.89e-12
 3.46776e+16	2.21e-02	9.78e-01	2.11e-12
 3.49706e+16	2.46e-02	9.75e-01	2.38e-12
 3.52816e+16	2.77e-02	9.72e-01	2.74e-12
 3.55412e+16	3.09e-02	9.69e-01	3.11e-12
 3.57595e+16	3.40e-02	9.66e-01	3.47e-12
 3.59989e+16	3.82e-02	9.62e-01	3.96e-12
 3.62569e+16	4.36e-02	9.56e-01	4.62e-12
 3.64772e+16	4.94e-02	9.51e-01	5.34e-12
 3.66631e+16	5.53e-02	9.45e-01	6.07e-12
 3.68659e+16	6.32e-02	9.37e-01	7.09e-12
 3.70851e+16	7.38e-02	9.26e-01	8.49e-12
 3.72742e+16	8.54e-02	9.15e-01	1.01e-11
 3.74122e+16	9.58e-02	9.04e-01	1.15e-11
 3.75089e+16	1.04e-01	8.96e-01	1.28e-11
 3.76090e+16	1.14e-01	8.86e-01	1.43e-11
 3.77212e+16	1.27e-01	8.73e-01	1.63e-11
 3.78232e+16	1.41e-01	8.59e-01	1.84e-11
 3.79096e+16	1.54e-01	8.46e-01	2.06e-11
 3.79885e+16	1.67e-01	8.33e-01	2.27e-11
 3.80774e+16	1.84e-01	8.16e-01	2.57e-11
 3.81698e+16	2.04e-01	7.96e-01	2.93e-11
 3.82451e+16	2.22e-01	7.78e-01	3.28e-11
 3.83091e+16	2.38e-01	7.62e-01	3.60e-11
 3.83799e+16	2.58e-01	7.42e-01	4.03e-11
 3.84565e+16	2.82e-01	7.18e-01	4.56e-11
 3.85231e+16	3.05e-01	6.95e-01	5.09e-11
 3.85812e+16	3.26e-01	6.74e-01	5.60e-11
 3.86454e+16	3.51e-01	6.49e-01	6.26e-11
 3.87148e+16	3.79e-01	6.21e-01	7.05e-11
 3.87759e+16	4.06e-01	5.94e-01	7.87e-11
 3.88305e+16	4.29e-01	5.71e-01	8.65e-11
 3.88831e+16	4.53e-01	5.47e-01	9.50e-11
 3.89353e+16	4.79e-01	5.21e-01	1.05e-10
 3.89871e+16	5.04e-01	4.96e-01	1.15e-10
 3.90354e+16	5.27e-01	4.73e-01	1.25e-10
 3.90709e+16	5.43e-01	4.57e-01	1.33e-10
 3.90937e+16	5.53e-01	4.47e-01	1.39e-10
 3.91158e+16	5.64e-01	4.36e-01	1.45e-10
 3.91424e+16	5.77e-01	4.23e-01	1.52e-10
 3.91703e+16	5.91e-01	4.09e-01	1.60e-10
 3.91965e+16	6.03e-01	3.97e-01	1.68e-10
 3.92216e+16	6.16e-01	3.84e-01	1.76e-10
 3.92464e+16	6.28e-01	3.72e-01	1.84e-10
 3.92715e+16	6.40e-01	3.60e-01	1.93e-10
 3.92964e+16	6.51e-01	3.49e-01	2.02e-10
 3.93211e+16	6.63e-01	3.37e-01	2.12e-10
 3.93454e+16	6.74e-01	3.26e-01	2.21e-10
 3.93698e+16	6.86e-01	3.14e-01	2.32e-10
 3.93943e+16	6.97e-01	3.03e-01	2.44e-10
 3.94181e+16	7.08e-01	2.92e-01	2.55e-10
 3.94417e+16	7.18e-01	2.82e-01	2.67e-10
 3.94655e+16	7.28e-01	2.72e-01	2.79e-10
 3.94892e+16	7.39e-01	2.61e-01	2.93e-10
 3.95127e+16	7.48e-01	2.52e-01	3.06e-10
 3.95359e+16	7.58e-01	2.42e-01	3.22e-10
 3.95591e+16	7.67e-01	2.33e-01	3.35e-10
 3.95823e+16	7.76e-01	2.24e-01	3.52e-10
 3.96056e+16	7.85e-01	2.15e-01	3.69e-10
 3.96283e+16	7.94e-01	2.06e-01	3.86e-10
 3.96507e+16	8.02e-01	1.98e-01	4.03e-10
 3.96736e+16	8.10e-01	1.90e-01	4.24e-10
 3.96965e+16	8.18e-01	1.82e-01	4.45e-10
 3.97187e+16	8.26e-01	1.74e-01	4.65e-10
 3.97405e+16	8.33e-01	1.67e-01	4.88e-10
 3.97624e+16	8.40e-01	1.60e-01	5.09e-10
 3.97841e+16	8.46e-01	1.54e-01	5.36e-10
 3.98055e+16	8.53e-01	1.47e-01	5.62e-10
 3.98267e+16	8.59e-01	1.41e-01	5.89e-10
 3.98478e+16	8.65e-01	1.35e-01	6.15e-10
 3.98683e+16	8.70e-01	1.30e-01	6.47e-10
 3.98884e+16	8.75e-01	1.25e-01	6.79e-10
 3.99084e+16	8.80e-01	1.20e-01	7.11e-10
 3.99284e+16	8.85e-01	1.15e-01	7.42e-10
 3.99480e+16	8.90e-01	1.10e-01	7.82e-10
 3.99672e+16	8.94e-01	1.06e-01	8.21e-10
 3.99862e+16	8.99e-01	1.01e-01	8.61e-10
 4.00052e+16	9.03e-01	9.74e-02	9.00e-10
 4.00240e+16	9.07e-01	9.34e-02	9.48e-10
 4.00423e+16	9.10e-01	8.97e-02	9.97e-10
 4.00606e+16	9.14e-01	8.63e-02	1.04e-09
 4.00789e+16	9.17e-01	8.28e-02	1.09e-09
 4.00970e+16	9.20e-01	7.95e-02	1.15e-09
 4.01146e+16	9.24e-01	7.64e-02	1.22e-09
 4.01319e+16	9.26e-01	7.35e-02	1.27e-09
 4.01496e+16	9.29e-01	7.07e-02	1.35e-09
 4.01672e+16	9.32e-01	6.78e-02	1.42e-09
 4.01840e+16	9.35e-01	6.52e-02	1.50e-09
 4.02008e+16	9.37e-01	6.29e-02	1.57e-09
 4.02178e+16	9.40e-01	6.04e-02	1.66e-09
 4.02348e+16	9.42e-01	5.80e-02	1.76e-09
 4.02514e+16	9.44e-01	5.58e-02	1.87e-09
 4.02677e+16	9.46e-01	5.37e-02	1.96e-09
 4.02843e+16	9.48e-01	5.16e-02	2.09e-09
 4.03008e+16	9.50e-01	4.96e-02	2.22e-09
 4.03166e+16	9.52e-01	4.77e-02	2.36e-09
 4.03324e+16	9.54e-01	4.59e-02	2.52e-09
 4.03484e+16	9.56e-01	4.42e-02	2.68e-09
 4.03644e+16	9.58e-01	4.24e-02	2.86e-09
 4.03804e+16	9.59e-01	4.07e-02	3.06e-09
 4.03963e+16	9.61e-01	3.91e-02	3.27e-09
 4.04118e+16	9.62e-01	3.76e-02	3.50e-09
 4.04270e+16	9.64e-01	3.62e-02	3.79e-09
 4.04419e+16	9.65e-01	3.49e-02	4.08e-09
 4.04563e+16	9.66e-01	3.36e-02	4.39e-09
 4.04710e+16	9.68e-01	3.24e-02	4.72e-09
 4.04861e+16	9.69e-01	3.11e-02	5.15e-09
 4.05011e+16	9.70e-01	2.98e-02	5.66e-09
 4.05155e+16	9.71e-01	2.86e-02	6.21e-09
 4.05295e+16	9.72e-01	2.75e-02	6.82e-09
 4.05434e+16	9.74e-01	2.65e-02	7.54e-09
 4.05575e+16	9.75e-01	2.54e-02	8.36e-09
 4.05713e+16	9.76e-01	2.44e-02	9.37e-09
 4.05845e+16	9.77e-01	2.35e-02	1.05e-08
 4.05967e+16	9.77e-01	2.26e-02	1.18e-08
 4.06079e+16	9.78e-01	2.19e-02	1.31e-08
 4.06187e+16	9.79e-01	2.12e-02	1.47e-08
 4.06290e+16	9.80e-01	2.05e-02	1.64e-08
 4.06387e+16	9.80e-01	1.98e-02	1.83e-08
 4.06479e+16	9.81e-01	1.92e-02	2.04e-08
 4.06568e+16	9.81e-01	1.87e-02	2.28e-08
 4.06655e+16	9.82e-01	1.81e-02	2.54e-08
 4.06739e+16	9.82e-01	1.76e-02	2.83e-08
 4.06821e+16	9.83e-01	1.71e-02	3.14e-08
 4.06903e+16	9.83e-01	1.65e-02	3.48e-08
 4.06985e+16	9.84e-01	1.60e-02	3.85e-08
 4.07070e+16	9.85e-01	1.55e-02	4.25e-08
 4.07152e+16	9.85e-01	1.49e-02	4.65e-08
 4.07226e+16	9.86e-01	1.44e-02	4.97e-08
 4.07291e+16	9.86e-01	1.40e-02	5.22e-08
 4.07351e+16	9.86e-01	1.37e-02	5.43e-08
 4.07407e+16	9.87e-01	1.33e-02	5.61e-08
 4.07462e+16	9.87e-01	1.30e-02	5.76e-08
 4.07513e+16	9.87e-01	1.27e-02	5.90e-08
 4.07561e+16	9.88e-01	1.24e-02	6.01e-08
 4.07606e+16	9.88e-01	1.21e-02	6.12e-08
 4.07649e+16	9.88e-01	1.18e-02	6.21e-08
 4.07690e+16	9.88e-01	1.16e-02	6.31e-08
 4.07727e+16	9.89e-01	1.14e-02	6.39e-08
 4.07760e+16	9.89e-01	1.12e-02	6.47e-08
 4.07791e+16	9.89e-01	1.10e-02	6.55e-08
 4.07818e+16	9.89e-01	1.08e-02	6.63e-08
 4.07844e+16	9.89e-01	1.07e-02	6.69e-08
 4.07871e+16	9.90e-01	1.05e-02	6.77e-08
 4.07901e+16	9.90e-01	1.03e-02	6.87e-08
 4.07928e+16	9.90e-01	1.02e-02	6.96e-08
 4.07953e+16	9.90e-01	9.99e-03	7.05e-08
