#depth	He	He+	He+2
 2.09382e+12	1.01e-04	1.54e-01	8.46e-01
 1.25629e+13	1.01e-04	1.54e-01	8.46e-01
 5.44393e+13	1.02e-04	1.54e-01	8.45e-01
 2.21945e+14	1.05e-04	1.58e-01	8.42e-01
 5.30155e+14	1.08e-04	1.60e-01	8.39e-01
 9.30828e+14	1.14e-04	1.66e-01	8.34e-01
 1.45170e+15	1.24e-04	1.76e-01	8.24e-01
 2.12884e+15	1.40e-04	1.91e-01	8.08e-01
 2.96813e+15	1.64e-04	2.15e-01	7.85e-01
 3.84038e+15	1.93e-04	2.45e-01	7.55e-01
 4.62163e+15	2.27e-04	2.79e-01	7.21e-01
 5.32390e+15	2.65e-04	3.17e-01	6.83e-01
 5.98789e+15	3.09e-04	3.59e-01	6.41e-01
 6.63770e+15	3.60e-04	4.08e-01	5.92e-01
 7.27858e+15	4.17e-04	4.62e-01	5.38e-01
 7.89756e+15	4.81e-04	5.20e-01	4.79e-01
 8.49195e+15	5.48e-04	5.81e-01	4.18e-01
 9.16763e+15	6.35e-04	6.53e-01	3.46e-01
 9.91113e+15	7.31e-04	7.30e-01	2.70e-01
 1.06301e+16	8.20e-04	7.96e-01	2.03e-01
 1.14520e+16	9.19e-04	8.59e-01	1.40e-01
 1.25124e+16	1.03e-03	9.16e-01	8.29e-02
 1.37636e+16	1.14e-03	9.56e-01	4.33e-02
 1.51400e+16	1.25e-03	9.77e-01	2.13e-02
 1.66540e+16	1.36e-03	9.89e-01	1.01e-02
 1.83193e+16	1.49e-03	9.94e-01	4.67e-03
 2.00199e+16	1.63e-03	9.96e-01	2.26e-03
 2.16632e+16	1.76e-03	9.97e-01	1.18e-03
 2.28981e+16	1.87e-03	9.97e-01	7.62e-04
 2.36245e+16	1.94e-03	9.97e-01	5.92e-04
 2.43296e+16	2.02e-03	9.98e-01	4.58e-04
 2.52463e+16	2.11e-03	9.98e-01	3.32e-04
 2.62549e+16	2.22e-03	9.98e-01	2.39e-04
 2.71695e+16	2.33e-03	9.97e-01	1.80e-04
 2.80035e+16	2.43e-03	9.97e-01	1.39e-04
 2.89461e+16	2.55e-03	9.97e-01	1.05e-04
 2.99585e+16	2.69e-03	9.97e-01	7.88e-05
 3.08414e+16	2.82e-03	9.97e-01	6.22e-05
 3.16378e+16	2.94e-03	9.97e-01	5.05e-05
 3.25420e+16	3.09e-03	9.97e-01	3.98e-05
 3.35288e+16	3.26e-03	9.97e-01	3.13e-05
 3.44043e+16	3.42e-03	9.97e-01	2.56e-05
 3.51849e+16	3.58e-03	9.96e-01	2.14e-05
 3.60609e+16	3.76e-03	9.96e-01	1.75e-05
 3.70194e+16	3.98e-03	9.96e-01	1.44e-05
 3.78759e+16	4.19e-03	9.96e-01	1.21e-05
 3.86409e+16	4.40e-03	9.96e-01	1.04e-05
 3.94961e+16	4.64e-03	9.95e-01	8.82e-06
 4.04343e+16	4.93e-03	9.95e-01	7.44e-06
 4.12613e+16	5.22e-03	9.95e-01	6.46e-06
 4.19753e+16	5.49e-03	9.95e-01	5.73e-06
 4.27610e+16	5.81e-03	9.94e-01	5.01e-06
 4.36400e+16	6.21e-03	9.94e-01	4.36e-06
 4.44374e+16	6.62e-03	9.93e-01	3.87e-06
 4.51305e+16	7.02e-03	9.93e-01	3.49e-06
 4.58912e+16	7.49e-03	9.93e-01	3.11e-06
 4.67190e+16	8.08e-03	9.92e-01	2.77e-06
 4.74312e+16	8.68e-03	9.91e-01	2.52e-06
 4.80259e+16	9.23e-03	9.91e-01	2.33e-06
 4.86709e+16	9.90e-03	9.90e-01	2.13e-06
 4.93853e+16	1.08e-02	9.89e-01	1.95e-06
 5.00207e+16	1.17e-02	9.88e-01	1.80e-06
 5.05586e+16	1.26e-02	9.87e-01	1.69e-06
 5.11392e+16	1.36e-02	9.86e-01	1.57e-06
 5.17831e+16	1.50e-02	9.85e-01	1.45e-06
 5.23534e+16	1.66e-02	9.83e-01	1.36e-06
 5.28309e+16	1.80e-02	9.82e-01	1.29e-06
 5.32571e+16	1.96e-02	9.80e-01	1.23e-06
 5.36513e+16	2.12e-02	9.79e-01	1.17e-06
 5.40262e+16	2.31e-02	9.77e-01	1.13e-06
 5.43860e+16	2.51e-02	9.75e-01	1.08e-06
 5.47253e+16	2.73e-02	9.73e-01	1.04e-06
 5.50436e+16	2.96e-02	9.70e-01	1.01e-06
 5.53471e+16	3.22e-02	9.68e-01	9.74e-07
 5.56369e+16	3.51e-02	9.65e-01	9.45e-07
 5.59124e+16	3.83e-02	9.62e-01	9.16e-07
 5.61713e+16	4.16e-02	9.58e-01	8.94e-07
 5.64199e+16	4.53e-02	9.55e-01	8.73e-07
 5.66662e+16	4.94e-02	9.51e-01	8.52e-07
 5.69055e+16	5.40e-02	9.46e-01	8.34e-07
 5.71336e+16	5.91e-02	9.41e-01	8.18e-07
 5.73524e+16	6.45e-02	9.35e-01	8.04e-07
 5.75663e+16	7.06e-02	9.29e-01	7.91e-07
 5.77770e+16	7.74e-02	9.23e-01	7.80e-07
 5.79838e+16	8.50e-02	9.15e-01	7.70e-07
 5.81858e+16	9.34e-02	9.07e-01	7.62e-07
 5.83838e+16	1.03e-01	8.97e-01	7.55e-07
 5.85794e+16	1.13e-01	8.87e-01	7.52e-07
 5.87643e+16	1.24e-01	8.76e-01	7.47e-07
 5.89371e+16	1.35e-01	8.65e-01	7.46e-07
 5.90962e+16	1.47e-01	8.53e-01	7.44e-07
 5.92409e+16	1.59e-01	8.41e-01	7.44e-07
 5.93768e+16	1.71e-01	8.29e-01	7.43e-07
 5.94801e+16	1.81e-01	8.19e-01	7.46e-07
 5.95486e+16	1.88e-01	8.12e-01	7.45e-07
 5.96165e+16	1.96e-01	8.04e-01	7.43e-07
 5.96990e+16	2.05e-01	7.95e-01	7.42e-07
 5.97856e+16	2.15e-01	7.85e-01	7.43e-07
 5.98632e+16	2.24e-01	7.76e-01	7.45e-07
 5.99349e+16	2.34e-01	7.66e-01	7.44e-07
 6.00071e+16	2.43e-01	7.57e-01	7.46e-07
 6.00820e+16	2.54e-01	7.46e-01	7.45e-07
 6.01564e+16	2.64e-01	7.36e-01	7.48e-07
 6.02281e+16	2.75e-01	7.25e-01	7.48e-07
 6.02979e+16	2.86e-01	7.14e-01	7.49e-07
 6.03675e+16	2.97e-01	7.03e-01	7.49e-07
 6.04380e+16	3.08e-01	6.92e-01	7.52e-07
 6.05083e+16	3.21e-01	6.79e-01	7.52e-07
 6.05773e+16	3.33e-01	6.67e-01	7.53e-07
 6.06442e+16	3.45e-01	6.55e-01	7.53e-07
 6.07106e+16	3.57e-01	6.43e-01	7.54e-07
 6.07782e+16	3.71e-01	6.29e-01	7.53e-07
 6.08453e+16	3.84e-01	6.16e-01	7.55e-07
 6.09108e+16	3.97e-01	6.03e-01	7.54e-07
 6.09760e+16	4.11e-01	5.89e-01	7.53e-07
 6.10404e+16	4.25e-01	5.75e-01	7.53e-07
 6.11042e+16	4.38e-01	5.62e-01	7.53e-07
 6.11684e+16	4.53e-01	5.47e-01	7.50e-07
 6.12318e+16	4.67e-01	5.33e-01	7.51e-07
 6.12939e+16	4.81e-01	5.19e-01	7.49e-07
 6.13559e+16	4.96e-01	5.04e-01	7.46e-07
 6.14174e+16	5.10e-01	4.90e-01	7.44e-07
 6.14784e+16	5.24e-01	4.76e-01	7.42e-07
 6.15383e+16	5.39e-01	4.61e-01	7.37e-07
 6.15971e+16	5.52e-01	4.48e-01	7.36e-07
 6.16546e+16	5.66e-01	4.34e-01	7.32e-07
 6.17111e+16	5.80e-01	4.20e-01	7.27e-07
 6.17676e+16	5.94e-01	4.06e-01	7.23e-07
 6.18237e+16	6.07e-01	3.93e-01	7.18e-07
 6.18783e+16	6.20e-01	3.80e-01	7.14e-07
 6.19315e+16	6.33e-01	3.67e-01	7.08e-07
 6.19845e+16	6.45e-01	3.55e-01	7.04e-07
 6.20371e+16	6.57e-01	3.43e-01	6.98e-07
 6.20884e+16	6.69e-01	3.31e-01	6.92e-07
 6.21389e+16	6.81e-01	3.19e-01	6.86e-07
 6.21894e+16	6.93e-01	3.07e-01	6.79e-07
 6.22393e+16	7.04e-01	2.96e-01	6.73e-07
 6.22882e+16	7.14e-01	2.86e-01	6.67e-07
 6.23364e+16	7.25e-01	2.75e-01	6.60e-07
 6.23842e+16	7.35e-01	2.65e-01	6.52e-07
 6.24317e+16	7.45e-01	2.55e-01	6.46e-07
 6.24784e+16	7.54e-01	2.46e-01	6.39e-07
 6.25242e+16	7.64e-01	2.36e-01	6.30e-07
 6.25698e+16	7.73e-01	2.27e-01	6.23e-07
 6.26157e+16	7.81e-01	2.19e-01	6.15e-07
 6.26607e+16	7.90e-01	2.10e-01	6.08e-07
 6.27048e+16	7.98e-01	2.02e-01	6.00e-07
 6.27486e+16	8.06e-01	1.94e-01	5.91e-07
 6.27923e+16	8.13e-01	1.87e-01	5.83e-07
 6.28355e+16	8.21e-01	1.79e-01	5.74e-07
 6.28783e+16	8.28e-01	1.72e-01	5.66e-07
 6.29208e+16	8.35e-01	1.65e-01	5.59e-07
 6.29625e+16	8.41e-01	1.59e-01	5.49e-07
 6.30039e+16	8.47e-01	1.53e-01	5.40e-07
 6.30453e+16	8.54e-01	1.46e-01	5.31e-07
 6.30864e+16	8.59e-01	1.41e-01	5.23e-07
 6.31267e+16	8.65e-01	1.35e-01	5.13e-07
 6.31666e+16	8.70e-01	1.30e-01	5.04e-07
 6.32063e+16	8.76e-01	1.24e-01	4.95e-07
 6.32456e+16	8.80e-01	1.20e-01	4.86e-07
 6.32844e+16	8.85e-01	1.15e-01	4.76e-07
 6.33218e+16	8.90e-01	1.10e-01	4.67e-07
 6.33561e+16	8.94e-01	1.06e-01	4.58e-07
 6.33868e+16	8.97e-01	1.03e-01	4.49e-07
 6.34147e+16	9.00e-01	9.96e-02	4.41e-07
 6.34403e+16	9.03e-01	9.67e-02	4.33e-07
 6.34639e+16	9.06e-01	9.42e-02	4.26e-07
 6.34861e+16	9.08e-01	9.17e-02	4.19e-07
 6.35065e+16	9.10e-01	8.97e-02	4.13e-07
 6.35252e+16	9.12e-01	8.77e-02	4.06e-07
 6.35428e+16	9.14e-01	8.59e-02	4.01e-07
 6.35591e+16	9.16e-01	8.42e-02	3.95e-07
 6.35743e+16	9.17e-01	8.27e-02	3.90e-07
 6.35886e+16	9.19e-01	8.13e-02	3.85e-07
 6.36020e+16	9.20e-01	7.99e-02	3.80e-07
 6.36146e+16	9.21e-01	7.87e-02	3.75e-07
 6.36265e+16	9.22e-01	7.76e-02	3.71e-07
 6.36377e+16	9.24e-01	7.65e-02	3.67e-07
 6.36485e+16	9.25e-01	7.54e-02	3.62e-07
 6.36585e+16	9.26e-01	7.45e-02	3.59e-07
 6.36679e+16	9.26e-01	7.36e-02	3.55e-07
 6.36770e+16	9.27e-01	7.27e-02	3.52e-07
 6.36857e+16	9.28e-01	7.19e-02	3.48e-07
 6.36940e+16	9.29e-01	7.11e-02	3.45e-07
 6.37019e+16	9.30e-01	7.04e-02	3.42e-07
 6.37094e+16	9.30e-01	6.97e-02	3.38e-07
 6.37167e+16	9.31e-01	6.90e-02	3.35e-07
 6.37238e+16	9.32e-01	6.84e-02	3.32e-07
 6.37307e+16	9.32e-01	6.77e-02	3.28e-07
 6.37372e+16	9.33e-01	6.71e-02	3.26e-07
 6.37437e+16	9.34e-01	6.65e-02	3.22e-07
 6.37502e+16	9.34e-01	6.59e-02	3.19e-07
 6.37567e+16	9.35e-01	6.53e-02	3.16e-07
 6.37632e+16	9.35e-01	6.47e-02	3.13e-07
 6.37698e+16	9.36e-01	6.41e-02	3.10e-07
 6.37764e+16	9.37e-01	6.34e-02	3.06e-07
 6.37833e+16	9.37e-01	6.28e-02	3.03e-07
 6.37907e+16	9.38e-01	6.21e-02	2.99e-07
 6.37987e+16	9.39e-01	6.13e-02	2.94e-07
 6.38073e+16	9.40e-01	6.04e-02	2.89e-07
 6.38158e+16	9.40e-01	5.96e-02	2.84e-07
 6.38235e+16	9.41e-01	5.89e-02	2.80e-07
 6.38305e+16	9.42e-01	5.82e-02	2.75e-07
 6.38369e+16	9.42e-01	5.76e-02	2.71e-07
 6.38428e+16	9.43e-01	5.70e-02	2.68e-07
 6.38481e+16	9.44e-01	5.64e-02	2.64e-07
 6.38529e+16	9.44e-01	5.59e-02	2.61e-07
 6.38573e+16	9.45e-01	5.55e-02	2.58e-07
 6.38613e+16	9.45e-01	5.51e-02	2.56e-07
 6.38656e+16	9.45e-01	5.46e-02	2.53e-07
 6.38704e+16	9.46e-01	5.42e-02	2.50e-07
 6.38747e+16	9.46e-01	5.37e-02	2.48e-07
 6.38794e+16	9.47e-01	5.32e-02	2.45e-07
 6.38845e+16	9.47e-01	5.27e-02	2.42e-07
 6.38891e+16	9.48e-01	5.23e-02	2.39e-07
 6.38933e+16	9.48e-01	5.19e-02	2.36e-07
 6.38979e+16	9.49e-01	5.14e-02	2.33e-07
 6.39029e+16	9.49e-01	5.09e-02	2.30e-07
 6.39074e+16	9.50e-01	5.05e-02	2.28e-07
 6.39124e+16	9.50e-01	5.00e-02	2.26e-07
 6.39189e+16	9.51e-01	4.94e-02	2.23e-07
 6.39258e+16	9.51e-01	4.88e-02	2.20e-07
 6.39322e+16	9.52e-01	4.83e-02	2.17e-07
 6.39380e+16	9.52e-01	4.78e-02	2.14e-07
 6.39432e+16	9.53e-01	4.74e-02	2.12e-07
 6.39490e+16	9.53e-01	4.69e-02	2.09e-07
 6.39552e+16	9.54e-01	4.64e-02	2.07e-07
 6.39608e+16	9.54e-01	4.59e-02	2.04e-07
 6.39670e+16	9.55e-01	4.54e-02	2.02e-07
 6.39737e+16	9.55e-01	4.49e-02	1.99e-07
 6.39798e+16	9.56e-01	4.44e-02	1.96e-07
 6.39854e+16	9.56e-01	4.39e-02	1.94e-07
 6.39914e+16	9.57e-01	4.34e-02	1.91e-07
 6.39980e+16	9.57e-01	4.29e-02	1.88e-07
 6.40040e+16	9.58e-01	4.24e-02	1.86e-07
 6.40094e+16	9.58e-01	4.19e-02	1.83e-07
 6.40143e+16	9.58e-01	4.15e-02	1.81e-07
 6.40188e+16	9.59e-01	4.12e-02	1.79e-07
 6.40238e+16	9.59e-01	4.07e-02	1.77e-07
 6.40291e+16	9.60e-01	4.03e-02	1.75e-07
 6.40339e+16	9.60e-01	4.00e-02	1.73e-07
