#depth	H	H+	H2
 2.09382e+12	1.18e-03	9.99e-01	3.90e-13
 1.25629e+13	1.18e-03	9.99e-01	3.91e-13
 5.44393e+13	1.18e-03	9.99e-01	3.93e-13
 2.21945e+14	1.18e-03	9.99e-01	4.03e-13
 5.30155e+14	1.16e-03	9.99e-01	4.14e-13
 9.30828e+14	1.16e-03	9.99e-01	4.32e-13
 1.45170e+15	1.16e-03	9.99e-01	4.63e-13
 2.12884e+15	1.18e-03	9.99e-01	5.10e-13
 2.96813e+15	1.21e-03	9.99e-01	5.76e-13
 3.84038e+15	1.24e-03	9.99e-01	6.47e-13
 4.62163e+15	1.27e-03	9.99e-01	7.18e-13
 5.32390e+15	1.31e-03	9.99e-01	7.89e-13
 5.98789e+15	1.35e-03	9.99e-01	8.64e-13
 6.63770e+15	1.40e-03	9.99e-01	9.45e-13
 7.27858e+15	1.45e-03	9.99e-01	1.03e-12
 7.89756e+15	1.51e-03	9.98e-01	1.12e-12
 8.49195e+15	1.57e-03	9.98e-01	1.22e-12
 9.16763e+15	1.65e-03	9.98e-01	1.35e-12
 9.91113e+15	1.73e-03	9.98e-01	1.51e-12
 1.06301e+16	1.82e-03	9.98e-01	1.67e-12
 1.14520e+16	1.94e-03	9.98e-01	1.89e-12
 1.25124e+16	2.11e-03	9.98e-01	2.20e-12
 1.37636e+16	2.31e-03	9.98e-01	2.59e-12
 1.51400e+16	2.54e-03	9.97e-01	3.07e-12
 1.66540e+16	2.82e-03	9.97e-01	3.64e-12
 1.83193e+16	3.16e-03	9.97e-01	4.35e-12
 2.00199e+16	3.55e-03	9.96e-01	5.18e-12
 2.16632e+16	3.95e-03	9.96e-01	6.04e-12
 2.28981e+16	4.29e-03	9.96e-01	6.89e-12
 2.36245e+16	4.50e-03	9.95e-01	7.38e-12
 2.43296e+16	4.72e-03	9.95e-01	7.82e-12
 2.52463e+16	5.02e-03	9.95e-01	8.42e-12
 2.62549e+16	5.36e-03	9.95e-01	9.18e-12
 2.71695e+16	5.69e-03	9.94e-01	9.91e-12
 2.80035e+16	6.02e-03	9.94e-01	1.06e-11
 2.89461e+16	6.41e-03	9.94e-01	1.13e-11
 2.99585e+16	6.87e-03	9.93e-01	1.23e-11
 3.08414e+16	7.29e-03	9.93e-01	1.32e-11
 3.16378e+16	7.70e-03	9.92e-01	1.40e-11
 3.25420e+16	8.19e-03	9.92e-01	1.48e-11
 3.35288e+16	8.78e-03	9.91e-01	1.59e-11
 3.44043e+16	9.35e-03	9.91e-01	1.70e-11
 3.51849e+16	9.90e-03	9.90e-01	1.80e-11
 3.60609e+16	1.05e-02	9.89e-01	1.88e-11
 3.70194e+16	1.13e-02	9.89e-01	2.01e-11
 3.78759e+16	1.21e-02	9.88e-01	2.14e-11
 3.86409e+16	1.29e-02	9.87e-01	2.25e-11
 3.94961e+16	1.38e-02	9.86e-01	2.34e-11
 4.04343e+16	1.49e-02	9.85e-01	2.49e-11
 4.12613e+16	1.60e-02	9.84e-01	2.64e-11
 4.19753e+16	1.71e-02	9.83e-01	2.77e-11
 4.27610e+16	1.83e-02	9.82e-01	2.87e-11
 4.36400e+16	1.99e-02	9.80e-01	3.03e-11
 4.44374e+16	2.15e-02	9.78e-01	3.21e-11
 4.51305e+16	2.31e-02	9.77e-01	3.37e-11
 4.58912e+16	2.51e-02	9.75e-01	3.49e-11
 4.67190e+16	2.75e-02	9.72e-01	3.70e-11
 4.74312e+16	3.00e-02	9.70e-01	3.93e-11
 4.80259e+16	3.23e-02	9.68e-01	4.12e-11
 4.86709e+16	3.51e-02	9.65e-01	4.29e-11
 4.93853e+16	3.88e-02	9.61e-01	4.56e-11
 5.00207e+16	4.27e-02	9.57e-01	4.88e-11
 5.05586e+16	4.66e-02	9.53e-01	5.20e-11
 5.11392e+16	5.12e-02	9.49e-01	5.46e-11
 5.17831e+16	5.75e-02	9.42e-01	5.92e-11
 5.23534e+16	6.45e-02	9.36e-01	6.48e-11
 5.28309e+16	7.10e-02	9.29e-01	6.97e-11
 5.32571e+16	7.80e-02	9.22e-01	7.55e-11
 5.36513e+16	8.55e-02	9.15e-01	8.15e-11
 5.40262e+16	9.37e-02	9.06e-01	8.82e-11
 5.43860e+16	1.03e-01	8.97e-01	9.60e-11
 5.47253e+16	1.13e-01	8.87e-01	1.05e-10
 5.50436e+16	1.23e-01	8.77e-01	1.14e-10
 5.53471e+16	1.35e-01	8.65e-01	1.25e-10
 5.56369e+16	1.47e-01	8.53e-01	1.37e-10
 5.59124e+16	1.61e-01	8.39e-01	1.51e-10
 5.61713e+16	1.75e-01	8.25e-01	1.65e-10
 5.64199e+16	1.90e-01	8.10e-01	1.81e-10
 5.66662e+16	2.06e-01	7.94e-01	2.00e-10
 5.69055e+16	2.24e-01	7.76e-01	2.21e-10
 5.71336e+16	2.43e-01	7.57e-01	2.44e-10
 5.73524e+16	2.63e-01	7.37e-01	2.70e-10
 5.75663e+16	2.84e-01	7.16e-01	2.99e-10
 5.77770e+16	3.06e-01	6.94e-01	3.32e-10
 5.79838e+16	3.30e-01	6.70e-01	3.70e-10
 5.81858e+16	3.55e-01	6.45e-01	4.11e-10
 5.83838e+16	3.82e-01	6.18e-01	4.58e-10
 5.85794e+16	4.09e-01	5.91e-01	5.10e-10
 5.87643e+16	4.36e-01	5.64e-01	5.68e-10
 5.89371e+16	4.62e-01	5.38e-01	6.25e-10
 5.90962e+16	4.87e-01	5.13e-01	6.89e-10
 5.92409e+16	5.10e-01	4.90e-01	7.48e-10
 5.93768e+16	5.32e-01	4.68e-01	8.12e-10
 5.94801e+16	5.48e-01	4.52e-01	8.61e-10
 5.95486e+16	5.58e-01	4.42e-01	8.94e-10
 5.96165e+16	5.69e-01	4.31e-01	9.30e-10
 5.96990e+16	5.82e-01	4.18e-01	9.78e-10
 5.97856e+16	5.97e-01	4.03e-01	1.03e-09
 5.98632e+16	6.09e-01	3.91e-01	1.08e-09
 5.99349e+16	6.21e-01	3.79e-01	1.12e-09
 6.00071e+16	6.33e-01	3.67e-01	1.17e-09
 6.00820e+16	6.45e-01	3.55e-01	1.23e-09
 6.01564e+16	6.57e-01	3.43e-01	1.28e-09
 6.02281e+16	6.69e-01	3.31e-01	1.34e-09
 6.02979e+16	6.80e-01	3.20e-01	1.40e-09
 6.03675e+16	6.91e-01	3.09e-01	1.46e-09
 6.04380e+16	7.02e-01	2.98e-01	1.52e-09
 6.05083e+16	7.13e-01	2.87e-01	1.59e-09
 6.05773e+16	7.23e-01	2.77e-01	1.65e-09
 6.06442e+16	7.33e-01	2.67e-01	1.72e-09
 6.07106e+16	7.43e-01	2.57e-01	1.79e-09
 6.07782e+16	7.53e-01	2.47e-01	1.87e-09
 6.08453e+16	7.63e-01	2.37e-01	1.94e-09
 6.09108e+16	7.72e-01	2.28e-01	2.02e-09
 6.09760e+16	7.81e-01	2.19e-01	2.11e-09
 6.10404e+16	7.90e-01	2.10e-01	2.19e-09
 6.11042e+16	7.98e-01	2.02e-01	2.27e-09
 6.11684e+16	8.06e-01	1.94e-01	2.37e-09
 6.12318e+16	8.14e-01	1.86e-01	2.45e-09
 6.12939e+16	8.22e-01	1.78e-01	2.56e-09
 6.13559e+16	8.29e-01	1.71e-01	2.66e-09
 6.14174e+16	8.36e-01	1.64e-01	2.76e-09
 6.14784e+16	8.43e-01	1.57e-01	2.86e-09
 6.15383e+16	8.50e-01	1.50e-01	2.98e-09
 6.15971e+16	8.56e-01	1.44e-01	3.08e-09
 6.16546e+16	8.62e-01	1.38e-01	3.21e-09
 6.17111e+16	8.68e-01	1.32e-01	3.33e-09
 6.17676e+16	8.73e-01	1.27e-01	3.46e-09
 6.18237e+16	8.79e-01	1.21e-01	3.59e-09
 6.18783e+16	8.84e-01	1.16e-01	3.72e-09
 6.19315e+16	8.88e-01	1.12e-01	3.87e-09
 6.19845e+16	8.93e-01	1.07e-01	4.01e-09
 6.20371e+16	8.97e-01	1.03e-01	4.17e-09
 6.20884e+16	9.01e-01	9.86e-02	4.33e-09
 6.21389e+16	9.05e-01	9.47e-02	4.50e-09
 6.21894e+16	9.09e-01	9.08e-02	4.67e-09
 6.22393e+16	9.13e-01	8.71e-02	4.86e-09
 6.22882e+16	9.16e-01	8.36e-02	5.05e-09
 6.23364e+16	9.20e-01	8.03e-02	5.26e-09
 6.23842e+16	9.23e-01	7.70e-02	5.50e-09
 6.24317e+16	9.26e-01	7.40e-02	5.71e-09
 6.24784e+16	9.29e-01	7.11e-02	5.97e-09
 6.25242e+16	9.32e-01	6.82e-02	6.25e-09
 6.25698e+16	9.34e-01	6.56e-02	6.53e-09
 6.26157e+16	9.37e-01	6.29e-02	6.85e-09
 6.26607e+16	9.40e-01	6.04e-02	7.18e-09
 6.27048e+16	9.42e-01	5.81e-02	7.54e-09
 6.27486e+16	9.44e-01	5.58e-02	7.97e-09
 6.27923e+16	9.46e-01	5.36e-02	8.42e-09
 6.28355e+16	9.49e-01	5.15e-02	8.90e-09
 6.28783e+16	9.51e-01	4.94e-02	9.43e-09
 6.29208e+16	9.52e-01	4.76e-02	1.00e-08
 6.29625e+16	9.54e-01	4.57e-02	1.07e-08
 6.30039e+16	9.56e-01	4.39e-02	1.15e-08
 6.30453e+16	9.58e-01	4.22e-02	1.24e-08
 6.30864e+16	9.60e-01	4.05e-02	1.34e-08
 6.31267e+16	9.61e-01	3.89e-02	1.45e-08
 6.31666e+16	9.63e-01	3.74e-02	1.59e-08
 6.32063e+16	9.64e-01	3.59e-02	1.75e-08
 6.32456e+16	9.66e-01	3.45e-02	1.94e-08
 6.32844e+16	9.67e-01	3.31e-02	2.17e-08
 6.33218e+16	9.68e-01	3.19e-02	2.45e-08
 6.33561e+16	9.69e-01	3.08e-02	2.75e-08
 6.33868e+16	9.70e-01	2.98e-02	3.09e-08
 6.34147e+16	9.71e-01	2.90e-02	3.47e-08
 6.34403e+16	9.72e-01	2.82e-02	3.89e-08
 6.34639e+16	9.72e-01	2.76e-02	4.34e-08
 6.34861e+16	9.73e-01	2.69e-02	4.90e-08
 6.35065e+16	9.74e-01	2.64e-02	5.47e-08
 6.35252e+16	9.74e-01	2.58e-02	6.13e-08
 6.35428e+16	9.75e-01	2.53e-02	6.88e-08
 6.35591e+16	9.75e-01	2.49e-02	7.69e-08
 6.35743e+16	9.76e-01	2.45e-02	8.61e-08
 6.35886e+16	9.76e-01	2.41e-02	9.65e-08
 6.36020e+16	9.76e-01	2.37e-02	1.08e-07
 6.36146e+16	9.77e-01	2.33e-02	1.21e-07
 6.36265e+16	9.77e-01	2.30e-02	1.35e-07
 6.36377e+16	9.77e-01	2.27e-02	1.50e-07
 6.36485e+16	9.78e-01	2.23e-02	1.70e-07
 6.36585e+16	9.78e-01	2.21e-02	1.89e-07
 6.36679e+16	9.78e-01	2.18e-02	2.10e-07
 6.36770e+16	9.78e-01	2.15e-02	2.35e-07
 6.36857e+16	9.79e-01	2.13e-02	2.63e-07
 6.36940e+16	9.79e-01	2.10e-02	2.94e-07
 6.37019e+16	9.79e-01	2.08e-02	3.28e-07
 6.37094e+16	9.79e-01	2.06e-02	3.65e-07
 6.37167e+16	9.80e-01	2.03e-02	4.07e-07
 6.37238e+16	9.80e-01	2.01e-02	4.54e-07
 6.37307e+16	9.80e-01	1.99e-02	5.09e-07
 6.37372e+16	9.80e-01	1.97e-02	5.62e-07
 6.37437e+16	9.81e-01	1.94e-02	6.27e-07
 6.37502e+16	9.81e-01	1.92e-02	6.97e-07
 6.37567e+16	9.81e-01	1.90e-02	7.73e-07
 6.37632e+16	9.81e-01	1.88e-02	8.57e-07
 6.37698e+16	9.81e-01	1.86e-02	9.51e-07
 6.37764e+16	9.82e-01	1.83e-02	1.05e-06
 6.37833e+16	9.82e-01	1.81e-02	1.16e-06
 6.37907e+16	9.82e-01	1.78e-02	1.27e-06
 6.37987e+16	9.83e-01	1.75e-02	1.40e-06
 6.38073e+16	9.83e-01	1.71e-02	1.52e-06
 6.38158e+16	9.83e-01	1.68e-02	1.63e-06
 6.38235e+16	9.84e-01	1.65e-02	1.71e-06
 6.38305e+16	9.84e-01	1.62e-02	1.77e-06
 6.38369e+16	9.84e-01	1.60e-02	1.82e-06
 6.38428e+16	9.84e-01	1.57e-02	1.86e-06
 6.38481e+16	9.84e-01	1.55e-02	1.89e-06
 6.38529e+16	9.85e-01	1.53e-02	1.91e-06
 6.38573e+16	9.85e-01	1.51e-02	1.93e-06
 6.38613e+16	9.85e-01	1.50e-02	1.95e-06
 6.38656e+16	9.85e-01	1.48e-02	1.97e-06
 6.38704e+16	9.85e-01	1.47e-02	1.99e-06
 6.38747e+16	9.86e-01	1.45e-02	2.01e-06
 6.38794e+16	9.86e-01	1.43e-02	2.03e-06
 6.38845e+16	9.86e-01	1.41e-02	2.06e-06
 6.38891e+16	9.86e-01	1.40e-02	2.08e-06
 6.38933e+16	9.86e-01	1.38e-02	2.10e-06
 6.38979e+16	9.86e-01	1.36e-02	2.12e-06
 6.39029e+16	9.87e-01	1.35e-02	2.15e-06
 6.39074e+16	9.87e-01	1.33e-02	2.17e-06
 6.39124e+16	9.87e-01	1.32e-02	2.19e-06
 6.39189e+16	9.87e-01	1.30e-02	2.21e-06
 6.39258e+16	9.87e-01	1.28e-02	2.24e-06
 6.39322e+16	9.87e-01	1.26e-02	2.27e-06
 6.39380e+16	9.88e-01	1.25e-02	2.30e-06
 6.39432e+16	9.88e-01	1.23e-02	2.32e-06
 6.39490e+16	9.88e-01	1.22e-02	2.35e-06
 6.39552e+16	9.88e-01	1.20e-02	2.38e-06
 6.39608e+16	9.88e-01	1.19e-02	2.41e-06
 6.39670e+16	9.88e-01	1.17e-02	2.44e-06
 6.39737e+16	9.88e-01	1.15e-02	2.48e-06
 6.39798e+16	9.89e-01	1.14e-02	2.52e-06
 6.39854e+16	9.89e-01	1.12e-02	2.55e-06
 6.39914e+16	9.89e-01	1.11e-02	2.59e-06
 6.39980e+16	9.89e-01	1.09e-02	2.64e-06
 6.40040e+16	9.89e-01	1.07e-02	2.69e-06
 6.40094e+16	9.89e-01	1.06e-02	2.73e-06
 6.40143e+16	9.90e-01	1.05e-02	2.77e-06
 6.40188e+16	9.90e-01	1.04e-02	2.81e-06
 6.40238e+16	9.90e-01	1.02e-02	2.85e-06
 6.40291e+16	9.90e-01	1.01e-02	2.89e-06
 6.40339e+16	9.90e-01	9.95e-03	2.94e-06
