#depth	O	O+	O+2	O+3	O+4	O+5	O+6	O+7	O+8	O[1]	O[2]	O[3]
 2.09382e+12	1.25e-06	1.38e-03	2.79e-01	6.93e-01	2.62e-02	2.13e-06	0.00e+00	0.00e+00	0.00e+00	9.53e-07	1.86e-07	1.11e-07
 1.25629e+13	1.25e-06	1.38e-03	2.80e-01	6.93e-01	2.61e-02	2.12e-06	0.00e+00	0.00e+00	0.00e+00	9.54e-07	1.86e-07	1.11e-07
 5.44393e+13	1.26e-06	1.39e-03	2.81e-01	6.91e-01	2.58e-02	2.09e-06	0.00e+00	0.00e+00	0.00e+00	9.61e-07	1.87e-07	1.12e-07
 2.21945e+14	1.30e-06	1.43e-03	2.89e-01	6.85e-01	2.48e-02	1.97e-06	0.00e+00	0.00e+00	0.00e+00	9.88e-07	1.93e-07	1.15e-07
 5.30155e+14	1.31e-06	1.48e-03	2.99e-01	6.76e-01	2.32e-02	1.79e-06	0.00e+00	0.00e+00	0.00e+00	9.97e-07	1.94e-07	1.16e-07
 9.30828e+14	1.37e-06	1.58e-03	3.14e-01	6.64e-01	2.12e-02	1.58e-06	0.00e+00	0.00e+00	0.00e+00	1.04e-06	2.02e-07	1.22e-07
 1.45170e+15	1.47e-06	1.71e-03	3.35e-01	6.45e-01	1.88e-02	1.32e-06	0.00e+00	0.00e+00	0.00e+00	1.13e-06	2.17e-07	1.31e-07
 2.12884e+15	1.66e-06	1.93e-03	3.65e-01	6.17e-01	1.59e-02	1.04e-06	0.00e+00	0.00e+00	0.00e+00	1.27e-06	2.43e-07	1.47e-07
 2.96813e+15	1.95e-06	2.23e-03	4.07e-01	5.78e-01	1.28e-02	7.66e-07	0.00e+00	0.00e+00	0.00e+00	1.49e-06	2.84e-07	1.73e-07
 3.84038e+15	2.28e-06	2.59e-03	4.55e-01	5.33e-01	1.00e-02	5.48e-07	0.00e+00	0.00e+00	0.00e+00	1.75e-06	3.31e-07	2.02e-07
 4.62163e+15	2.67e-06	2.97e-03	5.03e-01	4.86e-01	7.88e-03	3.95e-07	0.00e+00	0.00e+00	0.00e+00	2.05e-06	3.85e-07	2.36e-07
 5.32390e+15	3.10e-06	3.37e-03	5.52e-01	4.39e-01	6.18e-03	2.86e-07	0.00e+00	0.00e+00	0.00e+00	2.38e-06	4.45e-07	2.73e-07
 5.98789e+15	3.59e-06	3.80e-03	6.01e-01	3.91e-01	4.79e-03	2.04e-07	0.00e+00	0.00e+00	0.00e+00	2.76e-06	5.15e-07	3.16e-07
 6.63770e+15	4.17e-06	4.27e-03	6.51e-01	3.41e-01	3.62e-03	1.42e-07	0.00e+00	0.00e+00	0.00e+00	3.21e-06	5.96e-07	3.66e-07
 7.27858e+15	4.82e-06	4.77e-03	7.01e-01	2.92e-01	2.67e-03	0.00e+00	0.00e+00	0.00e+00	0.00e+00	3.71e-06	6.88e-07	4.22e-07
 7.89756e+15	5.55e-06	5.29e-03	7.48e-01	2.45e-01	1.92e-03	0.00e+00	0.00e+00	0.00e+00	0.00e+00	4.27e-06	7.90e-07	4.85e-07
 8.49195e+15	6.33e-06	5.80e-03	7.91e-01	2.01e-01	1.35e-03	0.00e+00	0.00e+00	0.00e+00	0.00e+00	4.88e-06	9.00e-07	5.52e-07
 9.16763e+15	7.41e-06	6.44e-03	8.37e-01	1.56e-01	8.64e-04	0.00e+00	0.00e+00	0.00e+00	0.00e+00	5.72e-06	1.05e-06	6.46e-07
 9.91113e+15	8.67e-06	7.11e-03	8.78e-01	1.14e-01	5.07e-04	0.00e+00	0.00e+00	0.00e+00	0.00e+00	6.69e-06	1.23e-06	7.53e-07
 1.06301e+16	9.98e-06	7.73e-03	9.10e-01	8.15e-02	2.90e-04	0.00e+00	0.00e+00	0.00e+00	0.00e+00	7.70e-06	1.41e-06	8.65e-07
 1.14520e+16	1.17e-05	8.45e-03	9.38e-01	5.37e-02	1.45e-04	0.00e+00	0.00e+00	0.00e+00	0.00e+00	9.06e-06	1.65e-06	1.01e-06
 1.25124e+16	1.43e-05	9.35e-03	9.60e-01	3.06e-02	5.70e-05	0.00e+00	0.00e+00	0.00e+00	0.00e+00	1.10e-05	2.00e-06	1.23e-06
 1.37636e+16	1.76e-05	1.04e-02	9.74e-01	1.57e-02	1.88e-05	0.00e+00	0.00e+00	0.00e+00	0.00e+00	1.36e-05	2.47e-06	1.51e-06
 1.51400e+16	2.19e-05	1.15e-02	9.81e-01	7.63e-03	5.62e-06	0.00e+00	0.00e+00	0.00e+00	0.00e+00	1.70e-05	3.07e-06	1.88e-06
 1.66540e+16	2.78e-05	1.28e-02	9.84e-01	3.58e-03	1.56e-06	0.00e+00	0.00e+00	0.00e+00	0.00e+00	2.15e-05	3.88e-06	2.38e-06
 1.83193e+16	3.59e-05	1.44e-02	9.84e-01	1.63e-03	4.03e-07	0.00e+00	0.00e+00	0.00e+00	0.00e+00	2.78e-05	5.02e-06	3.08e-06
 2.00199e+16	4.66e-05	1.63e-02	9.83e-01	7.72e-04	0.00e+00	0.00e+00	0.00e+00	0.00e+00	0.00e+00	3.61e-05	6.51e-06	4.00e-06
 2.16632e+16	6.00e-05	1.84e-02	9.81e-01	3.91e-04	0.00e+00	0.00e+00	0.00e+00	0.00e+00	0.00e+00	4.65e-05	8.40e-06	5.15e-06
 2.28981e+16	7.25e-05	2.01e-02	9.80e-01	2.47e-04	0.00e+00	0.00e+00	0.00e+00	0.00e+00	0.00e+00	5.62e-05	1.02e-05	6.23e-06
 2.36245e+16	8.12e-05	2.12e-02	9.79e-01	1.89e-04	0.00e+00	0.00e+00	0.00e+00	0.00e+00	0.00e+00	6.29e-05	1.14e-05	6.98e-06
 2.43296e+16	9.09e-05	2.24e-02	9.77e-01	1.44e-04	0.00e+00	0.00e+00	0.00e+00	0.00e+00	0.00e+00	7.03e-05	1.27e-05	7.82e-06
 2.52463e+16	1.05e-04	2.41e-02	9.76e-01	1.02e-04	0.00e+00	0.00e+00	0.00e+00	0.00e+00	0.00e+00	8.15e-05	1.48e-05	9.08e-06
 2.62549e+16	1.24e-04	2.61e-02	9.74e-01	7.19e-05	0.00e+00	0.00e+00	0.00e+00	0.00e+00	0.00e+00	9.58e-05	1.74e-05	1.07e-05
 2.71695e+16	1.43e-04	2.81e-02	9.72e-01	5.30e-05	0.00e+00	0.00e+00	0.00e+00	0.00e+00	0.00e+00	1.11e-04	2.02e-05	1.24e-05
 2.80035e+16	1.65e-04	3.00e-02	9.70e-01	4.04e-05	0.00e+00	0.00e+00	0.00e+00	0.00e+00	0.00e+00	1.27e-04	2.32e-05	1.42e-05
 2.89461e+16	1.92e-04	3.25e-02	9.67e-01	2.98e-05	0.00e+00	0.00e+00	0.00e+00	0.00e+00	0.00e+00	1.49e-04	2.72e-05	1.67e-05
 2.99585e+16	2.28e-04	3.54e-02	9.64e-01	2.20e-05	0.00e+00	0.00e+00	0.00e+00	0.00e+00	0.00e+00	1.76e-04	3.23e-05	1.98e-05
 3.08414e+16	2.65e-04	3.83e-02	9.61e-01	1.71e-05	0.00e+00	0.00e+00	0.00e+00	0.00e+00	0.00e+00	2.04e-04	3.76e-05	2.31e-05
 3.16378e+16	3.04e-04	4.11e-02	9.59e-01	1.37e-05	0.00e+00	0.00e+00	0.00e+00	0.00e+00	0.00e+00	2.34e-04	4.32e-05	2.66e-05
 3.25420e+16	3.56e-04	4.46e-02	9.55e-01	1.07e-05	0.00e+00	0.00e+00	0.00e+00	0.00e+00	0.00e+00	2.74e-04	5.07e-05	3.12e-05
 3.35288e+16	4.24e-04	4.89e-02	9.51e-01	8.39e-06	0.00e+00	0.00e+00	0.00e+00	0.00e+00	0.00e+00	3.26e-04	6.06e-05	3.73e-05
 3.44043e+16	4.97e-04	5.31e-02	9.46e-01	6.80e-06	0.00e+00	0.00e+00	0.00e+00	0.00e+00	0.00e+00	3.82e-04	7.13e-05	4.38e-05
 3.51849e+16	5.75e-04	5.73e-02	9.42e-01	5.68e-06	0.00e+00	0.00e+00	0.00e+00	0.00e+00	0.00e+00	4.42e-04	8.25e-05	5.06e-05
 3.60609e+16	6.77e-04	6.26e-02	9.37e-01	4.67e-06	0.00e+00	0.00e+00	0.00e+00	0.00e+00	0.00e+00	5.20e-04	9.74e-05	5.97e-05
 3.70194e+16	8.14e-04	6.91e-02	9.30e-01	3.82e-06	0.00e+00	0.00e+00	0.00e+00	0.00e+00	0.00e+00	6.25e-04	1.17e-04	7.18e-05
 3.78759e+16	9.66e-04	7.58e-02	9.23e-01	3.22e-06	0.00e+00	0.00e+00	0.00e+00	0.00e+00	0.00e+00	7.41e-04	1.40e-04	8.52e-05
 3.86409e+16	1.13e-03	8.24e-02	9.16e-01	2.78e-06	0.00e+00	0.00e+00	0.00e+00	0.00e+00	0.00e+00	8.64e-04	1.63e-04	9.95e-05
 3.94961e+16	1.34e-03	9.06e-02	9.08e-01	2.36e-06	0.00e+00	0.00e+00	0.00e+00	0.00e+00	0.00e+00	1.03e-03	1.95e-04	1.18e-04
 4.04343e+16	1.64e-03	1.01e-01	8.97e-01	2.00e-06	0.00e+00	0.00e+00	0.00e+00	0.00e+00	0.00e+00	1.26e-03	2.39e-04	1.45e-04
 4.12613e+16	1.97e-03	1.12e-01	8.86e-01	1.73e-06	0.00e+00	0.00e+00	0.00e+00	0.00e+00	0.00e+00	1.51e-03	2.88e-04	1.74e-04
 4.19753e+16	2.31e-03	1.22e-01	8.76e-01	1.53e-06	0.00e+00	0.00e+00	0.00e+00	0.00e+00	0.00e+00	1.77e-03	3.39e-04	2.05e-04
 4.27610e+16	2.76e-03	1.35e-01	8.62e-01	1.33e-06	0.00e+00	0.00e+00	0.00e+00	0.00e+00	0.00e+00	2.11e-03	4.06e-04	2.45e-04
 4.36400e+16	3.41e-03	1.51e-01	8.45e-01	1.15e-06	0.00e+00	0.00e+00	0.00e+00	0.00e+00	0.00e+00	2.61e-03	5.02e-04	3.02e-04
 4.44374e+16	4.16e-03	1.69e-01	8.27e-01	9.98e-07	0.00e+00	0.00e+00	0.00e+00	0.00e+00	0.00e+00	3.17e-03	6.14e-04	3.68e-04
 4.51305e+16	4.96e-03	1.86e-01	8.09e-01	8.81e-07	0.00e+00	0.00e+00	0.00e+00	0.00e+00	0.00e+00	3.79e-03	7.34e-04	4.40e-04
 4.58912e+16	6.04e-03	2.07e-01	7.87e-01	7.67e-07	0.00e+00	0.00e+00	0.00e+00	0.00e+00	0.00e+00	4.60e-03	8.96e-04	5.35e-04
 4.67190e+16	7.56e-03	2.33e-01	7.59e-01	6.52e-07	0.00e+00	0.00e+00	0.00e+00	0.00e+00	0.00e+00	5.77e-03	1.13e-03	6.70e-04
 4.74312e+16	9.26e-03	2.60e-01	7.31e-01	5.60e-07	0.00e+00	0.00e+00	0.00e+00	0.00e+00	0.00e+00	7.06e-03	1.38e-03	8.20e-04
 4.80259e+16	1.10e-02	2.84e-01	7.05e-01	4.90e-07	0.00e+00	0.00e+00	0.00e+00	0.00e+00	0.00e+00	8.38e-03	1.64e-03	9.75e-04
 4.86709e+16	1.33e-02	3.14e-01	6.73e-01	4.20e-07	0.00e+00	0.00e+00	0.00e+00	0.00e+00	0.00e+00	1.01e-02	1.99e-03	1.18e-03
 4.93853e+16	1.66e-02	3.50e-01	6.33e-01	3.48e-07	0.00e+00	0.00e+00	0.00e+00	0.00e+00	0.00e+00	1.26e-02	2.48e-03	1.47e-03
 5.00207e+16	2.03e-02	3.87e-01	5.93e-01	2.86e-07	0.00e+00	0.00e+00	0.00e+00	0.00e+00	0.00e+00	1.55e-02	3.04e-03	1.80e-03
 5.05586e+16	2.43e-02	4.20e-01	5.55e-01	2.40e-07	0.00e+00	0.00e+00	0.00e+00	0.00e+00	0.00e+00	1.85e-02	3.63e-03	2.14e-03
 5.11392e+16	2.93e-02	4.58e-01	5.12e-01	1.97e-07	0.00e+00	0.00e+00	0.00e+00	0.00e+00	0.00e+00	2.23e-02	4.38e-03	2.59e-03
 5.17831e+16	3.66e-02	5.03e-01	4.60e-01	1.52e-07	0.00e+00	0.00e+00	0.00e+00	0.00e+00	0.00e+00	2.79e-02	5.45e-03	3.22e-03
 5.23534e+16	4.49e-02	5.46e-01	4.09e-01	0.00e+00	0.00e+00	0.00e+00	0.00e+00	0.00e+00	0.00e+00	3.43e-02	6.67e-03	3.95e-03
 5.28309e+16	5.32e-02	5.80e-01	3.66e-01	0.00e+00	0.00e+00	0.00e+00	0.00e+00	0.00e+00	0.00e+00	4.06e-02	7.87e-03	4.66e-03
 5.32571e+16	6.21e-02	6.11e-01	3.27e-01	0.00e+00	0.00e+00	0.00e+00	0.00e+00	0.00e+00	0.00e+00	4.75e-02	9.17e-03	5.44e-03
 5.36513e+16	7.18e-02	6.38e-01	2.90e-01	0.00e+00	0.00e+00	0.00e+00	0.00e+00	0.00e+00	0.00e+00	5.50e-02	1.06e-02	6.28e-03
 5.40262e+16	8.26e-02	6.62e-01	2.55e-01	0.00e+00	0.00e+00	0.00e+00	0.00e+00	0.00e+00	0.00e+00	6.33e-02	1.21e-02	7.20e-03
 5.43860e+16	9.46e-02	6.83e-01	2.23e-01	0.00e+00	0.00e+00	0.00e+00	0.00e+00	0.00e+00	0.00e+00	7.26e-02	1.38e-02	8.23e-03
 5.47253e+16	1.08e-01	6.99e-01	1.93e-01	0.00e+00	0.00e+00	0.00e+00	0.00e+00	0.00e+00	0.00e+00	8.26e-02	1.56e-02	9.33e-03
 5.50436e+16	1.21e-01	7.12e-01	1.67e-01	0.00e+00	0.00e+00	0.00e+00	0.00e+00	0.00e+00	0.00e+00	9.33e-02	1.75e-02	1.05e-02
 5.53471e+16	1.36e-01	7.21e-01	1.43e-01	0.00e+00	0.00e+00	0.00e+00	0.00e+00	0.00e+00	0.00e+00	1.05e-01	1.95e-02	1.18e-02
 5.56369e+16	1.52e-01	7.26e-01	1.22e-01	0.00e+00	0.00e+00	0.00e+00	0.00e+00	0.00e+00	0.00e+00	1.17e-01	2.17e-02	1.31e-02
 5.59124e+16	1.70e-01	7.27e-01	1.03e-01	0.00e+00	0.00e+00	0.00e+00	0.00e+00	0.00e+00	0.00e+00	1.31e-01	2.40e-02	1.45e-02
 5.61713e+16	1.87e-01	7.25e-01	8.74e-02	0.00e+00	0.00e+00	0.00e+00	0.00e+00	0.00e+00	0.00e+00	1.45e-01	2.63e-02	1.60e-02
 5.64199e+16	2.06e-01	7.20e-01	7.36e-02	0.00e+00	0.00e+00	0.00e+00	0.00e+00	0.00e+00	0.00e+00	1.60e-01	2.86e-02	1.75e-02
 5.66662e+16	2.26e-01	7.12e-01	6.13e-02	0.00e+00	0.00e+00	0.00e+00	0.00e+00	0.00e+00	0.00e+00	1.76e-01	3.12e-02	1.91e-02
 5.69055e+16	2.48e-01	7.01e-01	5.07e-02	0.00e+00	0.00e+00	0.00e+00	0.00e+00	0.00e+00	0.00e+00	1.93e-01	3.38e-02	2.09e-02
 5.71336e+16	2.71e-01	6.88e-01	4.18e-02	0.00e+00	0.00e+00	0.00e+00	0.00e+00	0.00e+00	0.00e+00	2.11e-01	3.64e-02	2.26e-02
 5.73524e+16	2.94e-01	6.72e-01	3.44e-02	0.00e+00	0.00e+00	0.00e+00	0.00e+00	0.00e+00	0.00e+00	2.30e-01	3.91e-02	2.44e-02
 5.75663e+16	3.18e-01	6.54e-01	2.80e-02	0.00e+00	0.00e+00	0.00e+00	0.00e+00	0.00e+00	0.00e+00	2.50e-01	4.18e-02	2.63e-02
 5.77770e+16	3.44e-01	6.33e-01	2.27e-02	0.00e+00	0.00e+00	0.00e+00	0.00e+00	0.00e+00	0.00e+00	2.71e-01	4.44e-02	2.82e-02
 5.79838e+16	3.71e-01	6.11e-01	1.82e-02	0.00e+00	0.00e+00	0.00e+00	0.00e+00	0.00e+00	0.00e+00	2.94e-01	4.71e-02	3.01e-02
 5.81858e+16	3.99e-01	5.87e-01	1.45e-02	0.00e+00	0.00e+00	0.00e+00	0.00e+00	0.00e+00	0.00e+00	3.17e-01	4.97e-02	3.20e-02
 5.83838e+16	4.27e-01	5.62e-01	1.15e-02	0.00e+00	0.00e+00	0.00e+00	0.00e+00	0.00e+00	0.00e+00	3.41e-01	5.22e-02	3.39e-02
 5.85794e+16	4.56e-01	5.35e-01	9.00e-03	0.00e+00	0.00e+00	0.00e+00	0.00e+00	0.00e+00	0.00e+00	3.65e-01	5.45e-02	3.58e-02
 5.87643e+16	4.85e-01	5.08e-01	7.06e-03	0.00e+00	0.00e+00	0.00e+00	0.00e+00	0.00e+00	0.00e+00	3.91e-01	5.67e-02	3.75e-02
 5.89371e+16	5.12e-01	4.83e-01	5.59e-03	0.00e+00	0.00e+00	0.00e+00	0.00e+00	0.00e+00	0.00e+00	4.14e-01	5.84e-02	3.91e-02
 5.90962e+16	5.38e-01	4.58e-01	4.46e-03	0.00e+00	0.00e+00	0.00e+00	0.00e+00	0.00e+00	0.00e+00	4.37e-01	5.99e-02	4.05e-02
 5.92409e+16	5.60e-01	4.36e-01	3.62e-03	0.00e+00	0.00e+00	0.00e+00	0.00e+00	0.00e+00	0.00e+00	4.58e-01	6.11e-02	4.16e-02
 5.93768e+16	5.83e-01	4.14e-01	2.95e-03	0.00e+00	0.00e+00	0.00e+00	0.00e+00	0.00e+00	0.00e+00	4.78e-01	6.20e-02	4.26e-02
 5.94801e+16	5.99e-01	3.99e-01	2.53e-03	0.00e+00	0.00e+00	0.00e+00	0.00e+00	0.00e+00	0.00e+00	4.93e-01	6.25e-02	4.33e-02
 5.95486e+16	6.09e-01	3.89e-01	2.28e-03	0.00e+00	0.00e+00	0.00e+00	0.00e+00	0.00e+00	0.00e+00	5.02e-01	6.28e-02	4.37e-02
 5.96165e+16	6.19e-01	3.79e-01	2.05e-03	0.00e+00	0.00e+00	0.00e+00	0.00e+00	0.00e+00	0.00e+00	5.12e-01	6.30e-02	4.41e-02
 5.96990e+16	6.32e-01	3.66e-01	1.79e-03	0.00e+00	0.00e+00	0.00e+00	0.00e+00	0.00e+00	0.00e+00	5.24e-01	6.33e-02	4.45e-02
 5.97856e+16	6.46e-01	3.52e-01	1.55e-03	0.00e+00	0.00e+00	0.00e+00	0.00e+00	0.00e+00	0.00e+00	5.38e-01	6.35e-02	4.50e-02
 5.98632e+16	6.58e-01	3.41e-01	1.37e-03	0.00e+00	0.00e+00	0.00e+00	0.00e+00	0.00e+00	0.00e+00	5.49e-01	6.36e-02	4.53e-02
 5.99349e+16	6.69e-01	3.30e-01	1.21e-03	0.00e+00	0.00e+00	0.00e+00	0.00e+00	0.00e+00	0.00e+00	5.60e-01	6.37e-02	4.56e-02
 6.00071e+16	6.80e-01	3.19e-01	1.07e-03	0.00e+00	0.00e+00	0.00e+00	0.00e+00	0.00e+00	0.00e+00	5.71e-01	6.37e-02	4.58e-02
 6.00820e+16	6.92e-01	3.07e-01	9.36e-04	0.00e+00	0.00e+00	0.00e+00	0.00e+00	0.00e+00	0.00e+00	5.82e-01	6.36e-02	4.61e-02
 6.01564e+16	7.03e-01	2.96e-01	8.20e-04	0.00e+00	0.00e+00	0.00e+00	0.00e+00	0.00e+00	0.00e+00	5.93e-01	6.35e-02	4.63e-02
 6.02281e+16	7.14e-01	2.85e-01	7.19e-04	0.00e+00	0.00e+00	0.00e+00	0.00e+00	0.00e+00	0.00e+00	6.04e-01	6.33e-02	4.64e-02
 6.02979e+16	7.24e-01	2.75e-01	6.33e-04	0.00e+00	0.00e+00	0.00e+00	0.00e+00	0.00e+00	0.00e+00	6.15e-01	6.31e-02	4.65e-02
 6.03675e+16	7.35e-01	2.65e-01	5.56e-04	0.00e+00	0.00e+00	0.00e+00	0.00e+00	0.00e+00	0.00e+00	6.25e-01	6.29e-02	4.65e-02
 6.04380e+16	7.45e-01	2.55e-01	4.86e-04	0.00e+00	0.00e+00	0.00e+00	0.00e+00	0.00e+00	0.00e+00	6.35e-01	6.26e-02	4.66e-02
 6.05083e+16	7.55e-01	2.45e-01	4.25e-04	0.00e+00	0.00e+00	0.00e+00	0.00e+00	0.00e+00	0.00e+00	6.46e-01	6.22e-02	4.65e-02
 6.05773e+16	7.64e-01	2.35e-01	3.71e-04	0.00e+00	0.00e+00	0.00e+00	0.00e+00	0.00e+00	0.00e+00	6.56e-01	6.18e-02	4.65e-02
 6.06442e+16	7.73e-01	2.26e-01	3.25e-04	0.00e+00	0.00e+00	0.00e+00	0.00e+00	0.00e+00	0.00e+00	6.65e-01	6.14e-02	4.64e-02
 6.07106e+16	7.82e-01	2.18e-01	2.85e-04	0.00e+00	0.00e+00	0.00e+00	0.00e+00	0.00e+00	0.00e+00	6.75e-01	6.09e-02	4.63e-02
 6.07782e+16	7.91e-01	2.09e-01	2.48e-04	0.00e+00	0.00e+00	0.00e+00	0.00e+00	0.00e+00	0.00e+00	6.84e-01	6.04e-02	4.61e-02
 6.08453e+16	7.99e-01	2.00e-01	2.17e-04	0.00e+00	0.00e+00	0.00e+00	0.00e+00	0.00e+00	0.00e+00	6.94e-01	5.99e-02	4.60e-02
 6.09108e+16	8.08e-01	1.92e-01	1.89e-04	0.00e+00	0.00e+00	0.00e+00	0.00e+00	0.00e+00	0.00e+00	7.03e-01	5.94e-02	4.58e-02
 6.09760e+16	8.16e-01	1.84e-01	1.65e-04	0.00e+00	0.00e+00	0.00e+00	0.00e+00	0.00e+00	0.00e+00	7.11e-01	5.88e-02	4.55e-02
 6.10404e+16	8.23e-01	1.76e-01	1.44e-04	0.00e+00	0.00e+00	0.00e+00	0.00e+00	0.00e+00	0.00e+00	7.20e-01	5.82e-02	4.53e-02
 6.11042e+16	8.31e-01	1.69e-01	1.25e-04	0.00e+00	0.00e+00	0.00e+00	0.00e+00	0.00e+00	0.00e+00	7.28e-01	5.76e-02	4.50e-02
 6.11684e+16	8.38e-01	1.62e-01	1.09e-04	0.00e+00	0.00e+00	0.00e+00	0.00e+00	0.00e+00	0.00e+00	7.36e-01	5.69e-02	4.47e-02
 6.12318e+16	8.45e-01	1.55e-01	9.49e-05	0.00e+00	0.00e+00	0.00e+00	0.00e+00	0.00e+00	0.00e+00	7.44e-01	5.63e-02	4.44e-02
 6.12939e+16	8.52e-01	1.48e-01	8.27e-05	0.00e+00	0.00e+00	0.00e+00	0.00e+00	0.00e+00	0.00e+00	7.52e-01	5.57e-02	4.40e-02
 6.13559e+16	8.58e-01	1.42e-01	7.19e-05	0.00e+00	0.00e+00	0.00e+00	0.00e+00	0.00e+00	0.00e+00	7.59e-01	5.50e-02	4.37e-02
 6.14174e+16	8.64e-01	1.36e-01	6.26e-05	0.00e+00	0.00e+00	0.00e+00	0.00e+00	0.00e+00	0.00e+00	7.66e-01	5.44e-02	4.33e-02
 6.14784e+16	8.70e-01	1.30e-01	5.44e-05	0.00e+00	0.00e+00	0.00e+00	0.00e+00	0.00e+00	0.00e+00	7.73e-01	5.37e-02	4.30e-02
 6.15383e+16	8.76e-01	1.24e-01	4.74e-05	0.00e+00	0.00e+00	0.00e+00	0.00e+00	0.00e+00	0.00e+00	7.80e-01	5.30e-02	4.26e-02
 6.15971e+16	8.81e-01	1.19e-01	4.14e-05	0.00e+00	0.00e+00	0.00e+00	0.00e+00	0.00e+00	0.00e+00	7.86e-01	5.24e-02	4.22e-02
 6.16546e+16	8.86e-01	1.14e-01	3.62e-05	0.00e+00	0.00e+00	0.00e+00	0.00e+00	0.00e+00	0.00e+00	7.93e-01	5.18e-02	4.18e-02
 6.17111e+16	8.91e-01	1.09e-01	3.16e-05	0.00e+00	0.00e+00	0.00e+00	0.00e+00	0.00e+00	0.00e+00	7.98e-01	5.12e-02	4.14e-02
 6.17676e+16	8.96e-01	1.04e-01	2.77e-05	0.00e+00	0.00e+00	0.00e+00	0.00e+00	0.00e+00	0.00e+00	8.04e-01	5.05e-02	4.11e-02
 6.18237e+16	9.00e-01	9.98e-02	2.42e-05	0.00e+00	0.00e+00	0.00e+00	0.00e+00	0.00e+00	0.00e+00	8.10e-01	4.99e-02	4.07e-02
 6.18783e+16	9.04e-01	9.56e-02	2.12e-05	0.00e+00	0.00e+00	0.00e+00	0.00e+00	0.00e+00	0.00e+00	8.15e-01	4.93e-02	4.03e-02
 6.19315e+16	9.08e-01	9.15e-02	1.86e-05	0.00e+00	0.00e+00	0.00e+00	0.00e+00	0.00e+00	0.00e+00	8.20e-01	4.88e-02	3.99e-02
 6.19845e+16	9.12e-01	8.78e-02	1.64e-05	0.00e+00	0.00e+00	0.00e+00	0.00e+00	0.00e+00	0.00e+00	8.24e-01	4.82e-02	3.96e-02
 6.20371e+16	9.16e-01	8.41e-02	1.44e-05	0.00e+00	0.00e+00	0.00e+00	0.00e+00	0.00e+00	0.00e+00	8.29e-01	4.77e-02	3.92e-02
 6.20884e+16	9.19e-01	8.05e-02	1.27e-05	0.00e+00	0.00e+00	0.00e+00	0.00e+00	0.00e+00	0.00e+00	8.34e-01	4.71e-02	3.88e-02
 6.21389e+16	9.23e-01	7.73e-02	1.12e-05	0.00e+00	0.00e+00	0.00e+00	0.00e+00	0.00e+00	0.00e+00	8.38e-01	4.66e-02	3.85e-02
 6.21894e+16	9.26e-01	7.40e-02	9.84e-06	0.00e+00	0.00e+00	0.00e+00	0.00e+00	0.00e+00	0.00e+00	8.42e-01	4.61e-02	3.81e-02
 6.22393e+16	9.29e-01	7.10e-02	8.68e-06	0.00e+00	0.00e+00	0.00e+00	0.00e+00	0.00e+00	0.00e+00	8.46e-01	4.56e-02	3.78e-02
 6.22882e+16	9.32e-01	6.81e-02	7.67e-06	0.00e+00	0.00e+00	0.00e+00	0.00e+00	0.00e+00	0.00e+00	8.49e-01	4.51e-02	3.74e-02
 6.23364e+16	9.35e-01	6.53e-02	6.79e-06	0.00e+00	0.00e+00	0.00e+00	0.00e+00	0.00e+00	0.00e+00	8.53e-01	4.46e-02	3.71e-02
 6.23842e+16	9.37e-01	6.26e-02	6.01e-06	0.00e+00	0.00e+00	0.00e+00	0.00e+00	0.00e+00	0.00e+00	8.57e-01	4.42e-02	3.67e-02
 6.24317e+16	9.40e-01	6.01e-02	5.32e-06	0.00e+00	0.00e+00	0.00e+00	0.00e+00	0.00e+00	0.00e+00	8.60e-01	4.37e-02	3.64e-02
 6.24784e+16	9.42e-01	5.76e-02	4.72e-06	0.00e+00	0.00e+00	0.00e+00	0.00e+00	0.00e+00	0.00e+00	8.63e-01	4.33e-02	3.61e-02
 6.25242e+16	9.45e-01	5.53e-02	4.19e-06	0.00e+00	0.00e+00	0.00e+00	0.00e+00	0.00e+00	0.00e+00	8.66e-01	4.29e-02	3.58e-02
 6.25698e+16	9.47e-01	5.31e-02	3.73e-06	0.00e+00	0.00e+00	0.00e+00	0.00e+00	0.00e+00	0.00e+00	8.69e-01	4.25e-02	3.55e-02
 6.26157e+16	9.49e-01	5.09e-02	3.31e-06	0.00e+00	0.00e+00	0.00e+00	0.00e+00	0.00e+00	0.00e+00	8.72e-01	4.20e-02	3.51e-02
 6.26607e+16	9.51e-01	4.88e-02	2.94e-06	0.00e+00	0.00e+00	0.00e+00	0.00e+00	0.00e+00	0.00e+00	8.75e-01	4.16e-02	3.48e-02
 6.27048e+16	9.53e-01	4.69e-02	2.62e-06	0.00e+00	0.00e+00	0.00e+00	0.00e+00	0.00e+00	0.00e+00	8.77e-01	4.13e-02	3.45e-02
 6.27486e+16	9.55e-01	4.50e-02	2.34e-06	0.00e+00	0.00e+00	0.00e+00	0.00e+00	0.00e+00	0.00e+00	8.80e-01	4.09e-02	3.42e-02
 6.27923e+16	9.57e-01	4.32e-02	2.09e-06	0.00e+00	0.00e+00	0.00e+00	0.00e+00	0.00e+00	0.00e+00	8.82e-01	4.05e-02	3.38e-02
 6.28355e+16	9.59e-01	4.15e-02	1.86e-06	0.00e+00	0.00e+00	0.00e+00	0.00e+00	0.00e+00	0.00e+00	8.85e-01	4.02e-02	3.36e-02
 6.28783e+16	9.60e-01	3.98e-02	1.66e-06	0.00e+00	0.00e+00	0.00e+00	0.00e+00	0.00e+00	0.00e+00	8.87e-01	3.98e-02	3.33e-02
 6.29208e+16	9.62e-01	3.82e-02	1.49e-06	0.00e+00	0.00e+00	0.00e+00	0.00e+00	0.00e+00	0.00e+00	8.89e-01	3.95e-02	3.30e-02
 6.29625e+16	9.63e-01	3.67e-02	1.33e-06	0.00e+00	0.00e+00	0.00e+00	0.00e+00	0.00e+00	0.00e+00	8.91e-01	3.92e-02	3.27e-02
 6.30039e+16	9.65e-01	3.52e-02	1.20e-06	0.00e+00	0.00e+00	0.00e+00	0.00e+00	0.00e+00	0.00e+00	8.94e-01	3.88e-02	3.24e-02
 6.30453e+16	9.66e-01	3.38e-02	1.07e-06	0.00e+00	0.00e+00	0.00e+00	0.00e+00	0.00e+00	0.00e+00	8.96e-01	3.85e-02	3.21e-02
 6.30864e+16	9.68e-01	3.24e-02	9.61e-07	0.00e+00	0.00e+00	0.00e+00	0.00e+00	0.00e+00	0.00e+00	8.97e-01	3.82e-02	3.19e-02
 6.31267e+16	9.69e-01	3.11e-02	8.64e-07	0.00e+00	0.00e+00	0.00e+00	0.00e+00	0.00e+00	0.00e+00	8.99e-01	3.79e-02	3.16e-02
 6.31666e+16	9.70e-01	2.99e-02	7.78e-07	0.00e+00	0.00e+00	0.00e+00	0.00e+00	0.00e+00	0.00e+00	9.01e-01	3.77e-02	3.14e-02
 6.32063e+16	9.71e-01	2.87e-02	7.00e-07	0.00e+00	0.00e+00	0.00e+00	0.00e+00	0.00e+00	0.00e+00	9.03e-01	3.74e-02	3.11e-02
 6.32456e+16	9.72e-01	2.75e-02	6.31e-07	0.00e+00	0.00e+00	0.00e+00	0.00e+00	0.00e+00	0.00e+00	9.04e-01	3.71e-02	3.09e-02
 6.32844e+16	9.74e-01	2.64e-02	5.69e-07	0.00e+00	0.00e+00	0.00e+00	0.00e+00	0.00e+00	0.00e+00	9.06e-01	3.69e-02	3.06e-02
 6.33218e+16	9.75e-01	2.54e-02	5.16e-07	0.00e+00	0.00e+00	0.00e+00	0.00e+00	0.00e+00	0.00e+00	9.08e-01	3.66e-02	3.04e-02
 6.33561e+16	9.76e-01	2.45e-02	4.72e-07	0.00e+00	0.00e+00	0.00e+00	0.00e+00	0.00e+00	0.00e+00	9.09e-01	3.64e-02	3.02e-02
 6.33868e+16	9.76e-01	2.37e-02	4.37e-07	0.00e+00	0.00e+00	0.00e+00	0.00e+00	0.00e+00	0.00e+00	9.10e-01	3.62e-02	3.00e-02
 6.34147e+16	9.77e-01	2.30e-02	4.07e-07	0.00e+00	0.00e+00	0.00e+00	0.00e+00	0.00e+00	0.00e+00	9.11e-01	3.60e-02	2.99e-02
 6.34403e+16	9.78e-01	2.24e-02	3.81e-07	0.00e+00	0.00e+00	0.00e+00	0.00e+00	0.00e+00	0.00e+00	9.12e-01	3.59e-02	2.97e-02
 6.34639e+16	9.78e-01	2.19e-02	3.59e-07	0.00e+00	0.00e+00	0.00e+00	0.00e+00	0.00e+00	0.00e+00	9.13e-01	3.57e-02	2.96e-02
 6.34861e+16	9.79e-01	2.13e-02	3.40e-07	0.00e+00	0.00e+00	0.00e+00	0.00e+00	0.00e+00	0.00e+00	9.14e-01	3.56e-02	2.95e-02
 6.35065e+16	9.79e-01	2.09e-02	3.23e-07	0.00e+00	0.00e+00	0.00e+00	0.00e+00	0.00e+00	0.00e+00	9.14e-01	3.54e-02	2.93e-02
 6.35252e+16	9.80e-01	2.04e-02	3.08e-07	0.00e+00	0.00e+00	0.00e+00	0.00e+00	0.00e+00	0.00e+00	9.15e-01	3.53e-02	2.92e-02
 6.35428e+16	9.80e-01	2.00e-02	2.95e-07	0.00e+00	0.00e+00	0.00e+00	0.00e+00	0.00e+00	0.00e+00	9.16e-01	3.52e-02	2.91e-02
 6.35591e+16	9.80e-01	1.97e-02	2.83e-07	0.00e+00	0.00e+00	0.00e+00	0.00e+00	0.00e+00	0.00e+00	9.16e-01	3.51e-02	2.90e-02
 6.35743e+16	9.81e-01	1.93e-02	2.72e-07	0.00e+00	0.00e+00	0.00e+00	0.00e+00	0.00e+00	0.00e+00	9.17e-01	3.50e-02	2.89e-02
 6.35886e+16	9.81e-01	1.90e-02	2.62e-07	0.00e+00	0.00e+00	0.00e+00	0.00e+00	0.00e+00	0.00e+00	9.17e-01	3.49e-02	2.88e-02
 6.36020e+16	9.81e-01	1.87e-02	2.54e-07	0.00e+00	0.00e+00	0.00e+00	0.00e+00	0.00e+00	0.00e+00	9.18e-01	3.48e-02	2.87e-02
 6.36146e+16	9.82e-01	1.84e-02	2.46e-07	0.00e+00	0.00e+00	0.00e+00	0.00e+00	0.00e+00	0.00e+00	9.18e-01	3.47e-02	2.86e-02
 6.36265e+16	9.82e-01	1.81e-02	2.38e-07	0.00e+00	0.00e+00	0.00e+00	0.00e+00	0.00e+00	0.00e+00	9.19e-01	3.46e-02	2.85e-02
 6.36377e+16	9.82e-01	1.78e-02	2.32e-07	0.00e+00	0.00e+00	0.00e+00	0.00e+00	0.00e+00	0.00e+00	9.19e-01	3.45e-02	2.85e-02
 6.36485e+16	9.82e-01	1.76e-02	2.25e-07	0.00e+00	0.00e+00	0.00e+00	0.00e+00	0.00e+00	0.00e+00	9.20e-01	3.44e-02	2.84e-02
 6.36585e+16	9.83e-01	1.73e-02	2.20e-07	0.00e+00	0.00e+00	0.00e+00	0.00e+00	0.00e+00	0.00e+00	9.20e-01	3.43e-02	2.83e-02
 6.36679e+16	9.83e-01	1.71e-02	2.15e-07	0.00e+00	0.00e+00	0.00e+00	0.00e+00	0.00e+00	0.00e+00	9.20e-01	3.42e-02	2.82e-02
 6.36770e+16	9.83e-01	1.69e-02	2.10e-07	0.00e+00	0.00e+00	0.00e+00	0.00e+00	0.00e+00	0.00e+00	9.21e-01	3.42e-02	2.82e-02
 6.36857e+16	9.83e-01	1.67e-02	2.05e-07	0.00e+00	0.00e+00	0.00e+00	0.00e+00	0.00e+00	0.00e+00	9.21e-01	3.41e-02	2.81e-02
 6.36940e+16	9.84e-01	1.65e-02	2.01e-07	0.00e+00	0.00e+00	0.00e+00	0.00e+00	0.00e+00	0.00e+00	9.22e-01	3.40e-02	2.80e-02
 6.37019e+16	9.84e-01	1.63e-02	1.97e-07	0.00e+00	0.00e+00	0.00e+00	0.00e+00	0.00e+00	0.00e+00	9.22e-01	3.39e-02	2.79e-02
 6.37094e+16	9.84e-01	1.61e-02	1.93e-07	0.00e+00	0.00e+00	0.00e+00	0.00e+00	0.00e+00	0.00e+00	9.22e-01	3.39e-02	2.79e-02
 6.37167e+16	9.84e-01	1.59e-02	1.89e-07	0.00e+00	0.00e+00	0.00e+00	0.00e+00	0.00e+00	0.00e+00	9.23e-01	3.38e-02	2.78e-02
 6.37238e+16	9.84e-01	1.57e-02	1.86e-07	0.00e+00	0.00e+00	0.00e+00	0.00e+00	0.00e+00	0.00e+00	9.23e-01	3.37e-02	2.77e-02
 6.37307e+16	9.84e-01	1.55e-02	1.82e-07	0.00e+00	0.00e+00	0.00e+00	0.00e+00	0.00e+00	0.00e+00	9.23e-01	3.36e-02	2.77e-02
 6.37372e+16	9.85e-01	1.53e-02	1.79e-07	0.00e+00	0.00e+00	0.00e+00	0.00e+00	0.00e+00	0.00e+00	9.23e-01	3.36e-02	2.76e-02
 6.37437e+16	9.85e-01	1.51e-02	1.76e-07	0.00e+00	0.00e+00	0.00e+00	0.00e+00	0.00e+00	0.00e+00	9.24e-01	3.35e-02	2.75e-02
 6.37502e+16	9.85e-01	1.50e-02	1.73e-07	0.00e+00	0.00e+00	0.00e+00	0.00e+00	0.00e+00	0.00e+00	9.24e-01	3.34e-02	2.74e-02
 6.37567e+16	9.85e-01	1.48e-02	1.70e-07	0.00e+00	0.00e+00	0.00e+00	0.00e+00	0.00e+00	0.00e+00	9.25e-01	3.33e-02	2.74e-02
 6.37632e+16	9.85e-01	1.46e-02	1.67e-07	0.00e+00	0.00e+00	0.00e+00	0.00e+00	0.00e+00	0.00e+00	9.25e-01	3.33e-02	2.73e-02
 6.37698e+16	9.86e-01	1.44e-02	1.64e-07	0.00e+00	0.00e+00	0.00e+00	0.00e+00	0.00e+00	0.00e+00	9.25e-01	3.32e-02	2.72e-02
 6.37764e+16	9.86e-01	1.42e-02	1.61e-07	0.00e+00	0.00e+00	0.00e+00	0.00e+00	0.00e+00	0.00e+00	9.26e-01	3.31e-02	2.71e-02
 6.37833e+16	9.86e-01	1.40e-02	1.57e-07	0.00e+00	0.00e+00	0.00e+00	0.00e+00	0.00e+00	0.00e+00	9.26e-01	3.30e-02	2.70e-02
 6.37907e+16	9.86e-01	1.37e-02	1.54e-07	0.00e+00	0.00e+00	0.00e+00	0.00e+00	0.00e+00	0.00e+00	9.26e-01	3.29e-02	2.69e-02
 6.37987e+16	9.87e-01	1.35e-02	1.50e-07	0.00e+00	0.00e+00	0.00e+00	0.00e+00	0.00e+00	0.00e+00	9.27e-01	3.28e-02	2.68e-02
 6.38073e+16	9.87e-01	1.32e-02	1.46e-07	0.00e+00	0.00e+00	0.00e+00	0.00e+00	0.00e+00	0.00e+00	9.28e-01	3.26e-02	2.67e-02
 6.38158e+16	9.87e-01	1.29e-02	1.42e-07	0.00e+00	0.00e+00	0.00e+00	0.00e+00	0.00e+00	0.00e+00	9.28e-01	3.25e-02	2.65e-02
 6.38235e+16	9.87e-01	1.26e-02	1.39e-07	0.00e+00	0.00e+00	0.00e+00	0.00e+00	0.00e+00	0.00e+00	9.29e-01	3.24e-02	2.64e-02
 6.38305e+16	9.88e-01	1.24e-02	1.36e-07	0.00e+00	0.00e+00	0.00e+00	0.00e+00	0.00e+00	0.00e+00	9.29e-01	3.22e-02	2.63e-02
 6.38369e+16	9.88e-01	1.22e-02	1.33e-07	0.00e+00	0.00e+00	0.00e+00	0.00e+00	0.00e+00	0.00e+00	9.30e-01	3.21e-02	2.62e-02
 6.38428e+16	9.88e-01	1.20e-02	1.30e-07	0.00e+00	0.00e+00	0.00e+00	0.00e+00	0.00e+00	0.00e+00	9.30e-01	3.20e-02	2.61e-02
 6.38481e+16	9.88e-01	1.18e-02	1.28e-07	0.00e+00	0.00e+00	0.00e+00	0.00e+00	0.00e+00	0.00e+00	9.30e-01	3.19e-02	2.60e-02
 6.38529e+16	9.88e-01	1.16e-02	1.26e-07	0.00e+00	0.00e+00	0.00e+00	0.00e+00	0.00e+00	0.00e+00	9.31e-01	3.18e-02	2.59e-02
 6.38573e+16	9.89e-01	1.15e-02	1.24e-07	0.00e+00	0.00e+00	0.00e+00	0.00e+00	0.00e+00	0.00e+00	9.31e-01	3.17e-02	2.58e-02
 6.38613e+16	9.89e-01	1.14e-02	1.22e-07	0.00e+00	0.00e+00	0.00e+00	0.00e+00	0.00e+00	0.00e+00	9.31e-01	3.16e-02	2.57e-02
 6.38656e+16	9.89e-01	1.12e-02	1.20e-07	0.00e+00	0.00e+00	0.00e+00	0.00e+00	0.00e+00	0.00e+00	9.32e-01	3.15e-02	2.56e-02
 6.38704e+16	9.89e-01	1.11e-02	1.18e-07	0.00e+00	0.00e+00	0.00e+00	0.00e+00	0.00e+00	0.00e+00	9.32e-01	3.14e-02	2.55e-02
 6.38747e+16	9.89e-01	1.09e-02	1.16e-07	0.00e+00	0.00e+00	0.00e+00	0.00e+00	0.00e+00	0.00e+00	9.32e-01	3.13e-02	2.54e-02
 6.38794e+16	9.89e-01	1.08e-02	1.14e-07	0.00e+00	0.00e+00	0.00e+00	0.00e+00	0.00e+00	0.00e+00	9.33e-01	3.12e-02	2.53e-02
 6.38845e+16	9.89e-01	1.06e-02	1.12e-07	0.00e+00	0.00e+00	0.00e+00	0.00e+00	0.00e+00	0.00e+00	9.33e-01	3.11e-02	2.52e-02
 6.38891e+16	9.90e-01	1.05e-02	1.10e-07	0.00e+00	0.00e+00	0.00e+00	0.00e+00	0.00e+00	0.00e+00	9.33e-01	3.10e-02	2.51e-02
 6.38933e+16	9.90e-01	1.03e-02	1.08e-07	0.00e+00	0.00e+00	0.00e+00	0.00e+00	0.00e+00	0.00e+00	9.34e-01	3.09e-02	2.51e-02
 6.38979e+16	9.90e-01	1.02e-02	1.06e-07	0.00e+00	0.00e+00	0.00e+00	0.00e+00	0.00e+00	0.00e+00	9.34e-01	3.07e-02	2.50e-02
 6.39029e+16	9.90e-01	1.00e-02	1.03e-07	0.00e+00	0.00e+00	0.00e+00	0.00e+00	0.00e+00	0.00e+00	9.34e-01	3.06e-02	2.49e-02
 6.39074e+16	9.90e-01	9.91e-03	1.02e-07	0.00e+00	0.00e+00	0.00e+00	0.00e+00	0.00e+00	0.00e+00	9.35e-01	3.05e-02	2.48e-02
 6.39124e+16	9.90e-01	9.79e-03	9.97e-08	0.00e+00	0.00e+00	0.00e+00	0.00e+00	0.00e+00	0.00e+00	9.35e-01	3.04e-02	2.47e-02
 6.39189e+16	9.90e-01	9.64e-03	9.72e-08	0.00e+00	0.00e+00	0.00e+00	0.00e+00	0.00e+00	0.00e+00	9.35e-01	3.03e-02	2.46e-02
 6.39258e+16	9.91e-01	9.47e-03	9.45e-08	0.00e+00	0.00e+00	0.00e+00	0.00e+00	0.00e+00	0.00e+00	9.36e-01	3.02e-02	2.45e-02
 6.39322e+16	9.91e-01	9.32e-03	9.22e-08	0.00e+00	0.00e+00	0.00e+00	0.00e+00	0.00e+00	0.00e+00	9.36e-01	3.01e-02	2.44e-02
 6.39380e+16	9.91e-01	9.19e-03	9.01e-08	0.00e+00	0.00e+00	0.00e+00	0.00e+00	0.00e+00	0.00e+00	9.37e-01	3.00e-02	2.43e-02
 6.39432e+16	9.91e-01	9.07e-03	8.82e-08	0.00e+00	0.00e+00	0.00e+00	0.00e+00	0.00e+00	0.00e+00	9.37e-01	2.99e-02	2.42e-02
 6.39490e+16	9.91e-01	8.93e-03	8.61e-08	0.00e+00	0.00e+00	0.00e+00	0.00e+00	0.00e+00	0.00e+00	9.37e-01	2.98e-02	2.41e-02
 6.39552e+16	9.91e-01	8.80e-03	8.39e-08	0.00e+00	0.00e+00	0.00e+00	0.00e+00	0.00e+00	0.00e+00	9.38e-01	2.97e-02	2.40e-02
 6.39608e+16	9.91e-01	8.67e-03	8.20e-08	0.00e+00	0.00e+00	0.00e+00	0.00e+00	0.00e+00	0.00e+00	9.38e-01	2.96e-02	2.39e-02
 6.39670e+16	9.91e-01	8.53e-03	7.98e-08	0.00e+00	0.00e+00	0.00e+00	0.00e+00	0.00e+00	0.00e+00	9.38e-01	2.94e-02	2.38e-02
 6.39737e+16	9.92e-01	8.38e-03	7.75e-08	0.00e+00	0.00e+00	0.00e+00	0.00e+00	0.00e+00	0.00e+00	9.39e-01	2.93e-02	2.37e-02
 6.39798e+16	9.92e-01	8.25e-03	7.55e-08	0.00e+00	0.00e+00	0.00e+00	0.00e+00	0.00e+00	0.00e+00	9.39e-01	2.92e-02	2.35e-02
 6.39854e+16	9.92e-01	8.13e-03	7.37e-08	0.00e+00	0.00e+00	0.00e+00	0.00e+00	0.00e+00	0.00e+00	9.39e-01	2.91e-02	2.34e-02
 6.39914e+16	9.92e-01	7.99e-03	7.15e-08	0.00e+00	0.00e+00	0.00e+00	0.00e+00	0.00e+00	0.00e+00	9.40e-01	2.90e-02	2.33e-02
 6.39980e+16	9.92e-01	7.84e-03	6.92e-08	0.00e+00	0.00e+00	0.00e+00	0.00e+00	0.00e+00	0.00e+00	9.40e-01	2.88e-02	2.32e-02
 6.40040e+16	9.92e-01	7.70e-03	6.71e-08	0.00e+00	0.00e+00	0.00e+00	0.00e+00	0.00e+00	0.00e+00	9.41e-01	2.87e-02	2.30e-02
 6.40094e+16	9.92e-01	7.58e-03	6.53e-08	0.00e+00	0.00e+00	0.00e+00	0.00e+00	0.00e+00	0.00e+00	9.41e-01	2.86e-02	2.29e-02
 6.40143e+16	9.93e-01	7.47e-03	6.36e-08	0.00e+00	0.00e+00	0.00e+00	0.00e+00	0.00e+00	0.00e+00	9.41e-01	2.84e-02	2.28e-02
 6.40188e+16	9.93e-01	7.37e-03	6.22e-08	0.00e+00	0.00e+00	0.00e+00	0.00e+00	0.00e+00	0.00e+00	9.42e-01	2.83e-02	2.27e-02
 6.40238e+16	9.93e-01	7.26e-03	6.06e-08	0.00e+00	0.00e+00	0.00e+00	0.00e+00	0.00e+00	0.00e+00	9.42e-01	2.82e-02	2.26e-02
 6.40291e+16	9.93e-01	7.14e-03	5.90e-08	0.00e+00	0.00e+00	0.00e+00	0.00e+00	0.00e+00	0.00e+00	9.42e-01	2.81e-02	2.25e-02
 6.40339e+16	9.93e-01	7.02e-03	5.74e-08	0.00e+00	0.00e+00	0.00e+00	0.00e+00	0.00e+00	0.00e+00	9.43e-01	2.80e-02	2.23e-02
