#depth	He	He+	He+2
 3.13100e+11	1.34e-03	9.93e-01	5.50e-03
 1.87860e+12	1.34e-03	9.93e-01	5.49e-03
 8.14061e+12	1.34e-03	9.93e-01	5.45e-03
 3.31887e+13	1.35e-03	9.93e-01	5.24e-03
 7.92770e+13	1.35e-03	9.94e-01	5.07e-03
 1.39192e+14	1.36e-03	9.94e-01	4.72e-03
 2.17081e+14	1.37e-03	9.94e-01	4.21e-03
 3.18338e+14	1.38e-03	9.95e-01	3.55e-03
 4.49971e+14	1.39e-03	9.96e-01	2.79e-03
 6.21094e+14	1.41e-03	9.97e-01	1.99e-03
 8.43553e+14	1.43e-03	9.97e-01	1.26e-03
 1.13275e+15	1.46e-03	9.98e-01	6.87e-04
 1.50871e+15	1.49e-03	9.98e-01	3.11e-04
 1.99745e+15	1.54e-03	9.98e-01	1.12e-04
 2.63282e+15	1.60e-03	9.98e-01	3.09e-05
 3.45880e+15	1.67e-03	9.98e-01	6.13e-06
 4.53257e+15	1.78e-03	9.98e-01	8.49e-07
 5.92847e+15	1.92e-03	9.98e-01	8.25e-08
 7.42105e+15	2.08e-03	9.98e-01	8.39e-09
 9.01365e+15	2.26e-03	9.98e-01	1.20e-09
 1.03978e+16	2.54e-03	9.97e-01	2.78e-10
 1.11125e+16	2.66e-03	9.97e-01	1.52e-10
 1.16174e+16	2.75e-03	9.97e-01	1.03e-10
 1.22737e+16	2.86e-03	9.97e-01	6.78e-11
 1.31270e+16	3.02e-03	9.97e-01	4.50e-11
 1.40622e+16	3.21e-03	9.97e-01	3.32e-11
 1.48794e+16	3.39e-03	9.97e-01	2.81e-11
 1.55636e+16	3.55e-03	9.96e-01	2.56e-11
 1.62989e+16	3.72e-03	9.96e-01	2.43e-11
 1.71158e+16	3.93e-03	9.96e-01	2.32e-11
 1.78498e+16	4.15e-03	9.96e-01	2.26e-11
 1.84747e+16	4.34e-03	9.96e-01	2.25e-11
 1.91470e+16	4.55e-03	9.95e-01	2.28e-11
 1.98895e+16	4.80e-03	9.95e-01	2.26e-11
 2.05554e+16	5.05e-03	9.95e-01	2.34e-11
 2.11255e+16	5.28e-03	9.95e-01	2.35e-11
 2.17391e+16	5.53e-03	9.94e-01	2.39e-11
 2.25368e+16	5.87e-03	9.94e-01	2.50e-11
 2.33232e+16	6.26e-03	9.94e-01	2.60e-11
 2.38880e+16	6.58e-03	9.93e-01	2.65e-11
 2.43347e+16	6.84e-03	9.93e-01	2.74e-11
 2.48345e+16	7.13e-03	9.93e-01	2.81e-11
 2.54843e+16	7.52e-03	9.92e-01	2.98e-11
 2.61753e+16	8.01e-03	9.92e-01	3.14e-11
 2.67485e+16	8.47e-03	9.92e-01	3.30e-11
 2.72221e+16	8.90e-03	9.91e-01	3.42e-11
 2.77372e+16	9.38e-03	9.91e-01	3.63e-11
 2.83805e+16	1.00e-02	9.90e-01	3.88e-11
 2.90036e+16	1.09e-02	9.89e-01	4.17e-11
 2.94611e+16	1.16e-02	9.88e-01	4.48e-11
 2.98156e+16	1.22e-02	9.88e-01	4.65e-11
 3.02017e+16	1.30e-02	9.87e-01	4.93e-11
 3.07037e+16	1.41e-02	9.86e-01	5.27e-11
 3.12062e+16	1.56e-02	9.84e-01	5.81e-11
 3.15704e+16	1.71e-02	9.83e-01	6.21e-11
 3.18387e+16	1.83e-02	9.82e-01	6.72e-11
 3.21211e+16	1.99e-02	9.80e-01	7.25e-11
 3.24883e+16	2.23e-02	9.78e-01	8.12e-11
 3.28538e+16	2.56e-02	9.74e-01	9.43e-11
 3.31172e+16	2.89e-02	9.71e-01	1.08e-10
 3.32880e+16	3.16e-02	9.68e-01	1.19e-10
 3.34105e+16	3.39e-02	9.66e-01	1.28e-10
 3.35421e+16	3.67e-02	9.63e-01	1.41e-10
 3.36905e+16	4.05e-02	9.59e-01	1.59e-10
 3.38230e+16	4.48e-02	9.55e-01	1.79e-10
 3.39275e+16	4.88e-02	9.51e-01	1.99e-10
 3.40168e+16	5.29e-02	9.47e-01	2.20e-10
 3.41162e+16	5.82e-02	9.42e-01	2.49e-10
 3.42195e+16	6.48e-02	9.35e-01	2.87e-10
 3.43010e+16	7.12e-02	9.29e-01	3.26e-10
 3.43649e+16	7.72e-02	9.23e-01	3.61e-10
 3.44327e+16	8.45e-02	9.16e-01	4.06e-10
 3.45061e+16	9.38e-02	9.06e-01	4.65e-10
 3.45689e+16	1.03e-01	8.97e-01	5.27e-10
 3.46203e+16	1.12e-01	8.88e-01	5.86e-10
 3.46710e+16	1.23e-01	8.77e-01	6.53e-10
 3.47243e+16	1.35e-01	8.65e-01	7.35e-10
 3.47732e+16	1.48e-01	8.52e-01	8.25e-10
 3.48144e+16	1.61e-01	8.39e-01	9.09e-10
 3.48494e+16	1.74e-01	8.26e-01	9.89e-10
 3.48814e+16	1.86e-01	8.14e-01	1.07e-09
 3.49121e+16	1.99e-01	8.01e-01	1.15e-09
 3.49362e+16	2.10e-01	7.90e-01	1.23e-09
 3.49517e+16	2.18e-01	7.82e-01	1.27e-09
 3.49659e+16	2.25e-01	7.75e-01	1.32e-09
 3.49825e+16	2.35e-01	7.65e-01	1.37e-09
 3.50006e+16	2.45e-01	7.55e-01	1.43e-09
 3.50178e+16	2.55e-01	7.45e-01	1.49e-09
 3.50337e+16	2.65e-01	7.35e-01	1.55e-09
 3.50489e+16	2.76e-01	7.24e-01	1.61e-09
 3.50642e+16	2.86e-01	7.14e-01	1.67e-09
 3.50796e+16	2.97e-01	7.03e-01	1.74e-09
 3.50946e+16	3.09e-01	6.91e-01	1.80e-09
 3.51092e+16	3.21e-01	6.79e-01	1.87e-09
 3.51235e+16	3.32e-01	6.68e-01	1.93e-09
 3.51376e+16	3.45e-01	6.55e-01	2.00e-09
 3.51515e+16	3.57e-01	6.43e-01	2.06e-09
 3.51652e+16	3.70e-01	6.30e-01	2.13e-09
 3.51787e+16	3.83e-01	6.17e-01	2.19e-09
 3.51919e+16	3.96e-01	6.04e-01	2.25e-09
 3.52049e+16	4.09e-01	5.91e-01	2.32e-09
 3.52177e+16	4.23e-01	5.77e-01	2.38e-09
 3.52304e+16	4.37e-01	5.63e-01	2.44e-09
 3.52428e+16	4.51e-01	5.49e-01	2.50e-09
 3.52550e+16	4.65e-01	5.35e-01	2.56e-09
 3.52671e+16	4.79e-01	5.21e-01	2.62e-09
 3.52789e+16	4.93e-01	5.07e-01	2.68e-09
 3.52907e+16	5.08e-01	4.92e-01	2.73e-09
 3.53022e+16	5.22e-01	4.78e-01	2.78e-09
 3.53135e+16	5.37e-01	4.63e-01	2.83e-09
 3.53246e+16	5.51e-01	4.49e-01	2.88e-09
 3.53354e+16	5.65e-01	4.35e-01	2.93e-09
 3.53458e+16	5.79e-01	4.21e-01	2.97e-09
 3.53561e+16	5.92e-01	4.08e-01	3.00e-09
 3.53661e+16	6.06e-01	3.94e-01	3.04e-09
 3.53759e+16	6.19e-01	3.81e-01	3.07e-09
 3.53855e+16	6.32e-01	3.68e-01	3.09e-09
 3.53949e+16	6.45e-01	3.55e-01	3.12e-09
 3.54040e+16	6.57e-01	3.43e-01	3.14e-09
 3.54132e+16	6.70e-01	3.30e-01	3.16e-09
 3.54220e+16	6.82e-01	3.18e-01	3.17e-09
 3.54304e+16	6.93e-01	3.07e-01	3.18e-09
 3.54388e+16	7.05e-01	2.95e-01	3.19e-09
 3.54472e+16	7.16e-01	2.84e-01	3.20e-09
 3.54554e+16	7.27e-01	2.73e-01	3.20e-09
 3.54634e+16	7.37e-01	2.63e-01	3.20e-09
 3.54712e+16	7.47e-01	2.53e-01	3.20e-09
 3.54789e+16	7.57e-01	2.43e-01	3.20e-09
 3.54865e+16	7.67e-01	2.33e-01	3.19e-09
 3.54939e+16	7.76e-01	2.24e-01	3.18e-09
 3.55012e+16	7.85e-01	2.15e-01	3.17e-09
 3.55084e+16	7.94e-01	2.06e-01	3.15e-09
 3.55156e+16	8.03e-01	1.97e-01	3.14e-09
 3.55226e+16	8.11e-01	1.89e-01	3.12e-09
 3.55293e+16	8.19e-01	1.81e-01	3.10e-09
 3.55360e+16	8.26e-01	1.74e-01	3.08e-09
 3.55427e+16	8.34e-01	1.66e-01	3.05e-09
 3.55493e+16	8.41e-01	1.59e-01	3.02e-09
 3.55557e+16	8.47e-01	1.53e-01	3.00e-09
 3.55620e+16	8.54e-01	1.46e-01	2.97e-09
 3.55682e+16	8.60e-01	1.40e-01	2.94e-09
 3.55742e+16	8.67e-01	1.33e-01	2.90e-09
 3.55803e+16	8.72e-01	1.28e-01	2.87e-09
 3.55862e+16	8.78e-01	1.22e-01	2.84e-09
 3.55921e+16	8.83e-01	1.17e-01	2.80e-09
 3.55977e+16	8.89e-01	1.11e-01	2.76e-09
 3.56034e+16	8.94e-01	1.06e-01	2.73e-09
 3.56090e+16	8.98e-01	1.02e-01	2.68e-09
 3.56144e+16	9.03e-01	9.70e-02	2.65e-09
 3.56197e+16	9.07e-01	9.26e-02	2.60e-09
 3.56248e+16	9.12e-01	8.85e-02	2.56e-09
 3.56298e+16	9.15e-01	8.46e-02	2.52e-09
 3.56348e+16	9.19e-01	8.07e-02	2.48e-09
 3.56397e+16	9.23e-01	7.70e-02	2.43e-09
 3.56445e+16	9.26e-01	7.35e-02	2.39e-09
 3.56491e+16	9.30e-01	7.02e-02	2.34e-09
 3.56535e+16	9.33e-01	6.71e-02	2.29e-09
 3.56579e+16	9.36e-01	6.40e-02	2.25e-09
 3.56622e+16	9.39e-01	6.12e-02	2.20e-09
 3.56662e+16	9.42e-01	5.85e-02	2.15e-09
 3.56700e+16	9.44e-01	5.60e-02	2.10e-09
 3.56734e+16	9.46e-01	5.38e-02	2.06e-09
 3.56767e+16	9.48e-01	5.17e-02	2.01e-09
 3.56797e+16	9.50e-01	4.98e-02	1.97e-09
 3.56825e+16	9.52e-01	4.80e-02	1.93e-09
 3.56852e+16	9.54e-01	4.63e-02	1.89e-09
 3.56876e+16	9.55e-01	4.48e-02	1.85e-09
 3.56899e+16	9.57e-01	4.34e-02	1.81e-09
 3.56921e+16	9.58e-01	4.20e-02	1.77e-09
 3.56942e+16	9.59e-01	4.07e-02	1.73e-09
 3.56961e+16	9.60e-01	3.95e-02	1.70e-09
 3.56979e+16	9.62e-01	3.84e-02	1.66e-09
 3.56996e+16	9.63e-01	3.73e-02	1.62e-09
 3.57012e+16	9.64e-01	3.63e-02	1.59e-09
 3.57027e+16	9.65e-01	3.53e-02	1.55e-09
 3.57041e+16	9.66e-01	3.44e-02	1.52e-09
 3.57055e+16	9.66e-01	3.35e-02	1.48e-09
 3.57068e+16	9.67e-01	3.26e-02	1.45e-09
 3.57080e+16	9.68e-01	3.18e-02	1.41e-09
 3.57092e+16	9.69e-01	3.10e-02	1.38e-09
 3.57103e+16	9.70e-01	3.02e-02	1.34e-09
 3.57114e+16	9.71e-01	2.94e-02	1.30e-09
 3.57124e+16	9.71e-01	2.86e-02	1.27e-09
 3.57134e+16	9.72e-01	2.79e-02	1.23e-09
 3.57144e+16	9.73e-01	2.71e-02	1.19e-09
 3.57154e+16	9.74e-01	2.63e-02	1.15e-09
 3.57164e+16	9.75e-01	2.54e-02	1.11e-09
