#depth	O	O+	O+2	O+3	O+4	O+5	O+6	O+7	O+8	O[1]	O[2]	O[3]
 3.13100e+11	1.58e-05	2.17e-02	9.76e-01	2.71e-03	0.00e+00	0.00e+00	0.00e+00	0.00e+00	0.00e+00	1.10e-05	3.31e-06	1.53e-06
 1.87860e+12	1.58e-05	2.17e-02	9.76e-01	2.70e-03	0.00e+00	0.00e+00	0.00e+00	0.00e+00	0.00e+00	1.10e-05	3.31e-06	1.53e-06
 8.14061e+12	1.58e-05	2.17e-02	9.76e-01	2.66e-03	0.00e+00	0.00e+00	0.00e+00	0.00e+00	0.00e+00	1.10e-05	3.32e-06	1.53e-06
 3.31887e+13	1.59e-05	2.17e-02	9.76e-01	2.50e-03	0.00e+00	0.00e+00	0.00e+00	0.00e+00	0.00e+00	1.10e-05	3.34e-06	1.55e-06
 7.92770e+13	1.59e-05	2.18e-02	9.76e-01	2.28e-03	0.00e+00	0.00e+00	0.00e+00	0.00e+00	0.00e+00	1.10e-05	3.36e-06	1.55e-06
 1.39192e+14	1.60e-05	2.19e-02	9.76e-01	2.02e-03	0.00e+00	0.00e+00	0.00e+00	0.00e+00	0.00e+00	1.11e-05	3.38e-06	1.56e-06
 2.17081e+14	1.61e-05	2.21e-02	9.76e-01	1.72e-03	0.00e+00	0.00e+00	0.00e+00	0.00e+00	0.00e+00	1.12e-05	3.41e-06	1.58e-06
 3.18338e+14	1.63e-05	2.23e-02	9.76e-01	1.39e-03	0.00e+00	0.00e+00	0.00e+00	0.00e+00	0.00e+00	1.13e-05	3.44e-06	1.59e-06
 4.49971e+14	1.65e-05	2.25e-02	9.76e-01	1.05e-03	0.00e+00	0.00e+00	0.00e+00	0.00e+00	0.00e+00	1.14e-05	3.49e-06	1.61e-06
 6.21094e+14	1.68e-05	2.28e-02	9.76e-01	7.32e-04	0.00e+00	0.00e+00	0.00e+00	0.00e+00	0.00e+00	1.16e-05	3.56e-06	1.64e-06
 8.43553e+14	1.73e-05	2.32e-02	9.76e-01	4.55e-04	0.00e+00	0.00e+00	0.00e+00	0.00e+00	0.00e+00	1.20e-05	3.67e-06	1.69e-06
 1.13275e+15	1.80e-05	2.37e-02	9.76e-01	2.46e-04	0.00e+00	0.00e+00	0.00e+00	0.00e+00	0.00e+00	1.24e-05	3.81e-06	1.75e-06
 1.50871e+15	1.88e-05	2.44e-02	9.75e-01	1.12e-04	0.00e+00	0.00e+00	0.00e+00	0.00e+00	0.00e+00	1.30e-05	3.99e-06	1.84e-06
 1.99745e+15	2.00e-05	2.53e-02	9.75e-01	4.12e-05	0.00e+00	0.00e+00	0.00e+00	0.00e+00	0.00e+00	1.38e-05	4.25e-06	1.95e-06
 2.63282e+15	2.17e-05	2.65e-02	9.73e-01	1.19e-05	0.00e+00	0.00e+00	0.00e+00	0.00e+00	0.00e+00	1.50e-05	4.62e-06	2.12e-06
 3.45880e+15	2.42e-05	2.81e-02	9.72e-01	2.77e-06	0.00e+00	0.00e+00	0.00e+00	0.00e+00	0.00e+00	1.67e-05	5.16e-06	2.37e-06
 4.53257e+15	2.80e-05	3.03e-02	9.70e-01	6.66e-07	0.00e+00	0.00e+00	0.00e+00	0.00e+00	0.00e+00	1.93e-05	5.98e-06	2.74e-06
 5.92847e+15	3.40e-05	3.34e-02	9.67e-01	2.62e-07	0.00e+00	0.00e+00	0.00e+00	0.00e+00	0.00e+00	2.34e-05	7.25e-06	3.32e-06
 7.42105e+15	4.16e-05	3.70e-02	9.63e-01	1.64e-07	0.00e+00	0.00e+00	0.00e+00	0.00e+00	0.00e+00	2.86e-05	8.89e-06	4.06e-06
 9.01365e+15	5.25e-05	4.13e-02	9.59e-01	0.00e+00	0.00e+00	0.00e+00	0.00e+00	0.00e+00	0.00e+00	3.61e-05	1.12e-05	5.14e-06
 1.03978e+16	7.16e-05	4.78e-02	9.52e-01	0.00e+00	0.00e+00	0.00e+00	0.00e+00	0.00e+00	0.00e+00	4.90e-05	1.56e-05	7.06e-06
 1.11125e+16	8.17e-05	5.09e-02	9.49e-01	0.00e+00	0.00e+00	0.00e+00	0.00e+00	0.00e+00	0.00e+00	5.59e-05	1.78e-05	8.06e-06
 1.16174e+16	8.96e-05	5.31e-02	9.47e-01	0.00e+00	0.00e+00	0.00e+00	0.00e+00	0.00e+00	0.00e+00	6.13e-05	1.95e-05	8.84e-06
 1.22737e+16	1.01e-04	5.59e-02	9.44e-01	0.00e+00	0.00e+00	0.00e+00	0.00e+00	0.00e+00	0.00e+00	6.90e-05	2.19e-05	9.95e-06
 1.31270e+16	1.18e-04	5.98e-02	9.40e-01	0.00e+00	0.00e+00	0.00e+00	0.00e+00	0.00e+00	0.00e+00	8.05e-05	2.55e-05	1.16e-05
 1.40622e+16	1.40e-04	6.47e-02	9.35e-01	0.00e+00	0.00e+00	0.00e+00	0.00e+00	0.00e+00	0.00e+00	9.61e-05	3.04e-05	1.39e-05
 1.48794e+16	1.66e-04	6.95e-02	9.30e-01	0.00e+00	0.00e+00	0.00e+00	0.00e+00	0.00e+00	0.00e+00	1.13e-04	3.58e-05	1.64e-05
 1.55636e+16	1.91e-04	7.38e-02	9.26e-01	0.00e+00	0.00e+00	0.00e+00	0.00e+00	0.00e+00	0.00e+00	1.31e-04	4.12e-05	1.89e-05
 1.62989e+16	2.21e-04	7.86e-02	9.21e-01	0.00e+00	0.00e+00	0.00e+00	0.00e+00	0.00e+00	0.00e+00	1.51e-04	4.76e-05	2.19e-05
 1.71158e+16	2.63e-04	8.46e-02	9.15e-01	0.00e+00	0.00e+00	0.00e+00	0.00e+00	0.00e+00	0.00e+00	1.80e-04	5.65e-05	2.60e-05
 1.78498e+16	3.10e-04	9.08e-02	9.09e-01	0.00e+00	0.00e+00	0.00e+00	0.00e+00	0.00e+00	0.00e+00	2.13e-04	6.65e-05	3.08e-05
 1.84747e+16	3.59e-04	9.67e-02	9.03e-01	0.00e+00	0.00e+00	0.00e+00	0.00e+00	0.00e+00	0.00e+00	2.46e-04	7.68e-05	3.56e-05
 1.91470e+16	4.18e-04	1.03e-01	8.96e-01	0.00e+00	0.00e+00	0.00e+00	0.00e+00	0.00e+00	0.00e+00	2.87e-04	8.92e-05	4.15e-05
 1.98895e+16	4.99e-04	1.11e-01	8.88e-01	0.00e+00	0.00e+00	0.00e+00	0.00e+00	0.00e+00	0.00e+00	3.43e-04	1.06e-04	4.96e-05
 2.05554e+16	5.92e-04	1.20e-01	8.79e-01	0.00e+00	0.00e+00	0.00e+00	0.00e+00	0.00e+00	0.00e+00	4.07e-04	1.26e-04	5.89e-05
 2.11255e+16	6.87e-04	1.28e-01	8.71e-01	0.00e+00	0.00e+00	0.00e+00	0.00e+00	0.00e+00	0.00e+00	4.73e-04	1.45e-04	6.84e-05
 2.17391e+16	8.01e-04	1.37e-01	8.62e-01	0.00e+00	0.00e+00	0.00e+00	0.00e+00	0.00e+00	0.00e+00	5.52e-04	1.69e-04	7.98e-05
 2.25368e+16	9.81e-04	1.50e-01	8.49e-01	0.00e+00	0.00e+00	0.00e+00	0.00e+00	0.00e+00	0.00e+00	6.77e-04	2.06e-04	9.79e-05
 2.33232e+16	1.24e-03	1.66e-01	8.33e-01	0.00e+00	0.00e+00	0.00e+00	0.00e+00	0.00e+00	0.00e+00	8.54e-04	2.58e-04	1.23e-04
 2.38880e+16	1.47e-03	1.79e-01	8.19e-01	0.00e+00	0.00e+00	0.00e+00	0.00e+00	0.00e+00	0.00e+00	1.02e-03	3.07e-04	1.47e-04
 2.43347e+16	1.69e-03	1.91e-01	8.08e-01	0.00e+00	0.00e+00	0.00e+00	0.00e+00	0.00e+00	0.00e+00	1.17e-03	3.51e-04	1.69e-04
 2.48345e+16	1.95e-03	2.04e-01	7.94e-01	0.00e+00	0.00e+00	0.00e+00	0.00e+00	0.00e+00	0.00e+00	1.36e-03	4.04e-04	1.94e-04
 2.54843e+16	2.37e-03	2.22e-01	7.75e-01	0.00e+00	0.00e+00	0.00e+00	0.00e+00	0.00e+00	0.00e+00	1.65e-03	4.87e-04	2.35e-04
 2.61753e+16	2.97e-03	2.46e-01	7.51e-01	0.00e+00	0.00e+00	0.00e+00	0.00e+00	0.00e+00	0.00e+00	2.07e-03	6.08e-04	2.95e-04
 2.67485e+16	3.64e-03	2.70e-01	7.27e-01	0.00e+00	0.00e+00	0.00e+00	0.00e+00	0.00e+00	0.00e+00	2.54e-03	7.39e-04	3.59e-04
 2.72221e+16	4.32e-03	2.91e-01	7.04e-01	0.00e+00	0.00e+00	0.00e+00	0.00e+00	0.00e+00	0.00e+00	3.02e-03	8.74e-04	4.26e-04
 2.77372e+16	5.16e-03	3.16e-01	6.79e-01	0.00e+00	0.00e+00	0.00e+00	0.00e+00	0.00e+00	0.00e+00	3.61e-03	1.04e-03	5.08e-04
 2.83805e+16	6.50e-03	3.50e-01	6.44e-01	0.00e+00	0.00e+00	0.00e+00	0.00e+00	0.00e+00	0.00e+00	4.56e-03	1.30e-03	6.38e-04
 2.90036e+16	8.39e-03	3.90e-01	6.01e-01	0.00e+00	0.00e+00	0.00e+00	0.00e+00	0.00e+00	0.00e+00	5.89e-03	1.67e-03	8.21e-04
 2.94611e+16	1.03e-02	4.24e-01	5.65e-01	0.00e+00	0.00e+00	0.00e+00	0.00e+00	0.00e+00	0.00e+00	7.21e-03	2.03e-03	1.00e-03
 2.98156e+16	1.20e-02	4.53e-01	5.35e-01	0.00e+00	0.00e+00	0.00e+00	0.00e+00	0.00e+00	0.00e+00	8.48e-03	2.38e-03	1.17e-03
 3.02017e+16	1.42e-02	4.85e-01	5.01e-01	0.00e+00	0.00e+00	0.00e+00	0.00e+00	0.00e+00	0.00e+00	1.01e-02	2.81e-03	1.39e-03
 3.07037e+16	1.79e-02	5.29e-01	4.53e-01	0.00e+00	0.00e+00	0.00e+00	0.00e+00	0.00e+00	0.00e+00	1.27e-02	3.51e-03	1.74e-03
 3.12062e+16	2.33e-02	5.80e-01	3.97e-01	0.00e+00	0.00e+00	0.00e+00	0.00e+00	0.00e+00	0.00e+00	1.65e-02	4.53e-03	2.26e-03
 3.15704e+16	2.89e-02	6.21e-01	3.50e-01	0.00e+00	0.00e+00	0.00e+00	0.00e+00	0.00e+00	0.00e+00	2.05e-02	5.58e-03	2.78e-03
 3.18387e+16	3.38e-02	6.51e-01	3.16e-01	0.00e+00	0.00e+00	0.00e+00	0.00e+00	0.00e+00	0.00e+00	2.41e-02	6.52e-03	3.26e-03
 3.21211e+16	4.02e-02	6.81e-01	2.79e-01	0.00e+00	0.00e+00	0.00e+00	0.00e+00	0.00e+00	0.00e+00	2.86e-02	7.71e-03	3.86e-03
 3.24883e+16	5.07e-02	7.19e-01	2.30e-01	0.00e+00	0.00e+00	0.00e+00	0.00e+00	0.00e+00	0.00e+00	3.61e-02	9.69e-03	4.86e-03
 3.28538e+16	6.59e-02	7.54e-01	1.80e-01	0.00e+00	0.00e+00	0.00e+00	0.00e+00	0.00e+00	0.00e+00	4.70e-02	1.25e-02	6.31e-03
 3.31172e+16	8.13e-02	7.75e-01	1.44e-01	0.00e+00	0.00e+00	0.00e+00	0.00e+00	0.00e+00	0.00e+00	5.81e-02	1.54e-02	7.78e-03
 3.32880e+16	9.41e-02	7.85e-01	1.21e-01	0.00e+00	0.00e+00	0.00e+00	0.00e+00	0.00e+00	0.00e+00	6.73e-02	1.78e-02	8.99e-03
 3.34105e+16	1.05e-01	7.89e-01	1.06e-01	0.00e+00	0.00e+00	0.00e+00	0.00e+00	0.00e+00	0.00e+00	7.50e-02	1.98e-02	1.00e-02
 3.35421e+16	1.18e-01	7.92e-01	9.04e-02	0.00e+00	0.00e+00	0.00e+00	0.00e+00	0.00e+00	0.00e+00	8.44e-02	2.23e-02	1.13e-02
 3.36905e+16	1.36e-01	7.90e-01	7.40e-02	0.00e+00	0.00e+00	0.00e+00	0.00e+00	0.00e+00	0.00e+00	9.72e-02	2.56e-02	1.29e-02
 3.38230e+16	1.56e-01	7.84e-01	6.00e-02	0.00e+00	0.00e+00	0.00e+00	0.00e+00	0.00e+00	0.00e+00	1.11e-01	2.93e-02	1.48e-02
 3.39275e+16	1.74e-01	7.76e-01	5.01e-02	0.00e+00	0.00e+00	0.00e+00	0.00e+00	0.00e+00	0.00e+00	1.25e-01	3.26e-02	1.65e-02
 3.40168e+16	1.92e-01	7.66e-01	4.22e-02	0.00e+00	0.00e+00	0.00e+00	0.00e+00	0.00e+00	0.00e+00	1.38e-01	3.60e-02	1.82e-02
 3.41162e+16	2.15e-01	7.51e-01	3.43e-02	0.00e+00	0.00e+00	0.00e+00	0.00e+00	0.00e+00	0.00e+00	1.54e-01	4.01e-02	2.04e-02
 3.42195e+16	2.43e-01	7.30e-01	2.69e-02	0.00e+00	0.00e+00	0.00e+00	0.00e+00	0.00e+00	0.00e+00	1.74e-01	4.52e-02	2.30e-02
 3.43010e+16	2.68e-01	7.10e-01	2.17e-02	0.00e+00	0.00e+00	0.00e+00	0.00e+00	0.00e+00	0.00e+00	1.93e-01	4.99e-02	2.54e-02
 3.43649e+16	2.91e-01	6.91e-01	1.81e-02	0.00e+00	0.00e+00	0.00e+00	0.00e+00	0.00e+00	0.00e+00	2.09e-01	5.39e-02	2.75e-02
 3.44327e+16	3.17e-01	6.68e-01	1.47e-02	0.00e+00	0.00e+00	0.00e+00	0.00e+00	0.00e+00	0.00e+00	2.29e-01	5.86e-02	2.99e-02
 3.45061e+16	3.49e-01	6.40e-01	1.15e-02	0.00e+00	0.00e+00	0.00e+00	0.00e+00	0.00e+00	0.00e+00	2.52e-01	6.41e-02	3.29e-02
 3.45689e+16	3.79e-01	6.12e-01	9.10e-03	0.00e+00	0.00e+00	0.00e+00	0.00e+00	0.00e+00	0.00e+00	2.74e-01	6.94e-02	3.56e-02
 3.46203e+16	4.06e-01	5.87e-01	7.41e-03	0.00e+00	0.00e+00	0.00e+00	0.00e+00	0.00e+00	0.00e+00	2.94e-01	7.39e-02	3.80e-02
 3.46710e+16	4.34e-01	5.60e-01	5.97e-03	0.00e+00	0.00e+00	0.00e+00	0.00e+00	0.00e+00	0.00e+00	3.15e-01	7.86e-02	4.06e-02
 3.47243e+16	4.66e-01	5.30e-01	4.68e-03	0.00e+00	0.00e+00	0.00e+00	0.00e+00	0.00e+00	0.00e+00	3.39e-01	8.38e-02	4.34e-02
 3.47732e+16	4.97e-01	5.00e-01	3.67e-03	0.00e+00	0.00e+00	0.00e+00	0.00e+00	0.00e+00	0.00e+00	3.62e-01	8.87e-02	4.60e-02
 3.48144e+16	5.24e-01	4.73e-01	2.95e-03	0.00e+00	0.00e+00	0.00e+00	0.00e+00	0.00e+00	0.00e+00	3.83e-01	9.28e-02	4.84e-02
 3.48494e+16	5.48e-01	4.50e-01	2.43e-03	0.00e+00	0.00e+00	0.00e+00	0.00e+00	0.00e+00	0.00e+00	4.01e-01	9.63e-02	5.03e-02
 3.48814e+16	5.70e-01	4.28e-01	2.01e-03	0.00e+00	0.00e+00	0.00e+00	0.00e+00	0.00e+00	0.00e+00	4.18e-01	9.94e-02	5.21e-02
 3.49121e+16	5.91e-01	4.07e-01	1.67e-03	0.00e+00	0.00e+00	0.00e+00	0.00e+00	0.00e+00	0.00e+00	4.35e-01	1.02e-01	5.39e-02
 3.49362e+16	6.08e-01	3.90e-01	1.43e-03	0.00e+00	0.00e+00	0.00e+00	0.00e+00	0.00e+00	0.00e+00	4.48e-01	1.05e-01	5.52e-02
 3.49517e+16	6.19e-01	3.80e-01	1.30e-03	0.00e+00	0.00e+00	0.00e+00	0.00e+00	0.00e+00	0.00e+00	4.57e-01	1.06e-01	5.60e-02
 3.49659e+16	6.29e-01	3.70e-01	1.18e-03	0.00e+00	0.00e+00	0.00e+00	0.00e+00	0.00e+00	0.00e+00	4.65e-01	1.07e-01	5.68e-02
 3.49825e+16	6.41e-01	3.58e-01	1.05e-03	0.00e+00	0.00e+00	0.00e+00	0.00e+00	0.00e+00	0.00e+00	4.75e-01	1.09e-01	5.77e-02
 3.50006e+16	6.54e-01	3.45e-01	9.24e-04	0.00e+00	0.00e+00	0.00e+00	0.00e+00	0.00e+00	0.00e+00	4.85e-01	1.10e-01	5.87e-02
 3.50178e+16	6.67e-01	3.32e-01	8.15e-04	0.00e+00	0.00e+00	0.00e+00	0.00e+00	0.00e+00	0.00e+00	4.95e-01	1.12e-01	5.96e-02
 3.50337e+16	6.78e-01	3.21e-01	7.24e-04	0.00e+00	0.00e+00	0.00e+00	0.00e+00	0.00e+00	0.00e+00	5.05e-01	1.13e-01	6.04e-02
 3.50489e+16	6.89e-01	3.10e-01	6.45e-04	0.00e+00	0.00e+00	0.00e+00	0.00e+00	0.00e+00	0.00e+00	5.14e-01	1.14e-01	6.12e-02
 3.50642e+16	7.00e-01	2.99e-01	5.72e-04	0.00e+00	0.00e+00	0.00e+00	0.00e+00	0.00e+00	0.00e+00	5.23e-01	1.15e-01	6.19e-02
 3.50796e+16	7.11e-01	2.88e-01	5.05e-04	0.00e+00	0.00e+00	0.00e+00	0.00e+00	0.00e+00	0.00e+00	5.32e-01	1.17e-01	6.26e-02
 3.50946e+16	7.22e-01	2.77e-01	4.46e-04	0.00e+00	0.00e+00	0.00e+00	0.00e+00	0.00e+00	0.00e+00	5.41e-01	1.18e-01	6.33e-02
 3.51092e+16	7.33e-01	2.67e-01	3.94e-04	0.00e+00	0.00e+00	0.00e+00	0.00e+00	0.00e+00	0.00e+00	5.50e-01	1.19e-01	6.40e-02
 3.51235e+16	7.43e-01	2.57e-01	3.48e-04	0.00e+00	0.00e+00	0.00e+00	0.00e+00	0.00e+00	0.00e+00	5.59e-01	1.19e-01	6.46e-02
 3.51376e+16	7.53e-01	2.47e-01	3.07e-04	0.00e+00	0.00e+00	0.00e+00	0.00e+00	0.00e+00	0.00e+00	5.67e-01	1.20e-01	6.51e-02
 3.51515e+16	7.62e-01	2.38e-01	2.71e-04	0.00e+00	0.00e+00	0.00e+00	0.00e+00	0.00e+00	0.00e+00	5.75e-01	1.21e-01	6.57e-02
 3.51652e+16	7.72e-01	2.28e-01	2.39e-04	0.00e+00	0.00e+00	0.00e+00	0.00e+00	0.00e+00	0.00e+00	5.84e-01	1.22e-01	6.62e-02
 3.51787e+16	7.81e-01	2.19e-01	2.10e-04	0.00e+00	0.00e+00	0.00e+00	0.00e+00	0.00e+00	0.00e+00	5.92e-01	1.22e-01	6.67e-02
 3.51919e+16	7.90e-01	2.10e-01	1.85e-04	0.00e+00	0.00e+00	0.00e+00	0.00e+00	0.00e+00	0.00e+00	5.99e-01	1.23e-01	6.71e-02
 3.52049e+16	7.98e-01	2.02e-01	1.62e-04	0.00e+00	0.00e+00	0.00e+00	0.00e+00	0.00e+00	0.00e+00	6.07e-01	1.23e-01	6.75e-02
 3.52177e+16	8.06e-01	1.93e-01	1.43e-04	0.00e+00	0.00e+00	0.00e+00	0.00e+00	0.00e+00	0.00e+00	6.15e-01	1.24e-01	6.78e-02
 3.52304e+16	8.14e-01	1.85e-01	1.25e-04	0.00e+00	0.00e+00	0.00e+00	0.00e+00	0.00e+00	0.00e+00	6.22e-01	1.24e-01	6.82e-02
 3.52428e+16	8.22e-01	1.78e-01	1.10e-04	0.00e+00	0.00e+00	0.00e+00	0.00e+00	0.00e+00	0.00e+00	6.29e-01	1.25e-01	6.85e-02
 3.52550e+16	8.30e-01	1.70e-01	9.61e-05	0.00e+00	0.00e+00	0.00e+00	0.00e+00	0.00e+00	0.00e+00	6.36e-01	1.25e-01	6.87e-02
 3.52671e+16	8.37e-01	1.63e-01	8.41e-05	0.00e+00	0.00e+00	0.00e+00	0.00e+00	0.00e+00	0.00e+00	6.43e-01	1.25e-01	6.90e-02
 3.52789e+16	8.44e-01	1.56e-01	7.36e-05	0.00e+00	0.00e+00	0.00e+00	0.00e+00	0.00e+00	0.00e+00	6.49e-01	1.26e-01	6.92e-02
 3.52907e+16	8.51e-01	1.49e-01	6.44e-05	0.00e+00	0.00e+00	0.00e+00	0.00e+00	0.00e+00	0.00e+00	6.56e-01	1.26e-01	6.94e-02
 3.53022e+16	8.57e-01	1.43e-01	5.63e-05	0.00e+00	0.00e+00	0.00e+00	0.00e+00	0.00e+00	0.00e+00	6.62e-01	1.26e-01	6.95e-02
 3.53135e+16	8.64e-01	1.36e-01	4.91e-05	0.00e+00	0.00e+00	0.00e+00	0.00e+00	0.00e+00	0.00e+00	6.68e-01	1.26e-01	6.97e-02
 3.53246e+16	8.70e-01	1.30e-01	4.30e-05	0.00e+00	0.00e+00	0.00e+00	0.00e+00	0.00e+00	0.00e+00	6.74e-01	1.26e-01	6.98e-02
 3.53354e+16	8.75e-01	1.25e-01	3.76e-05	0.00e+00	0.00e+00	0.00e+00	0.00e+00	0.00e+00	0.00e+00	6.79e-01	1.26e-01	6.99e-02
 3.53458e+16	8.81e-01	1.19e-01	3.30e-05	0.00e+00	0.00e+00	0.00e+00	0.00e+00	0.00e+00	0.00e+00	6.84e-01	1.26e-01	7.00e-02
 3.53561e+16	8.86e-01	1.14e-01	2.89e-05	0.00e+00	0.00e+00	0.00e+00	0.00e+00	0.00e+00	0.00e+00	6.89e-01	1.26e-01	7.00e-02
 3.53661e+16	8.91e-01	1.09e-01	2.54e-05	0.00e+00	0.00e+00	0.00e+00	0.00e+00	0.00e+00	0.00e+00	6.94e-01	1.26e-01	7.00e-02
 3.53759e+16	8.95e-01	1.05e-01	2.23e-05	0.00e+00	0.00e+00	0.00e+00	0.00e+00	0.00e+00	0.00e+00	6.99e-01	1.26e-01	7.01e-02
 3.53855e+16	9.00e-01	1.00e-01	1.96e-05	0.00e+00	0.00e+00	0.00e+00	0.00e+00	0.00e+00	0.00e+00	7.03e-01	1.26e-01	7.01e-02
 3.53949e+16	9.04e-01	9.60e-02	1.72e-05	0.00e+00	0.00e+00	0.00e+00	0.00e+00	0.00e+00	0.00e+00	7.07e-01	1.26e-01	7.01e-02
 3.54040e+16	9.08e-01	9.20e-02	1.52e-05	0.00e+00	0.00e+00	0.00e+00	0.00e+00	0.00e+00	0.00e+00	7.12e-01	1.26e-01	7.01e-02
 3.54132e+16	9.12e-01	8.81e-02	1.33e-05	0.00e+00	0.00e+00	0.00e+00	0.00e+00	0.00e+00	0.00e+00	7.15e-01	1.26e-01	7.01e-02
 3.54220e+16	9.16e-01	8.44e-02	1.18e-05	0.00e+00	0.00e+00	0.00e+00	0.00e+00	0.00e+00	0.00e+00	7.19e-01	1.26e-01	7.01e-02
 3.54304e+16	9.19e-01	8.10e-02	1.04e-05	0.00e+00	0.00e+00	0.00e+00	0.00e+00	0.00e+00	0.00e+00	7.23e-01	1.26e-01	7.00e-02
 3.54388e+16	9.22e-01	7.77e-02	9.20e-06	0.00e+00	0.00e+00	0.00e+00	0.00e+00	0.00e+00	0.00e+00	7.26e-01	1.26e-01	7.00e-02
 3.54472e+16	9.26e-01	7.44e-02	8.11e-06	0.00e+00	0.00e+00	0.00e+00	0.00e+00	0.00e+00	0.00e+00	7.29e-01	1.26e-01	7.00e-02
 3.54554e+16	9.29e-01	7.14e-02	7.16e-06	0.00e+00	0.00e+00	0.00e+00	0.00e+00	0.00e+00	0.00e+00	7.32e-01	1.26e-01	6.99e-02
 3.54634e+16	9.32e-01	6.85e-02	6.33e-06	0.00e+00	0.00e+00	0.00e+00	0.00e+00	0.00e+00	0.00e+00	7.35e-01	1.27e-01	6.99e-02
 3.54712e+16	9.34e-01	6.57e-02	5.61e-06	0.00e+00	0.00e+00	0.00e+00	0.00e+00	0.00e+00	0.00e+00	7.38e-01	1.27e-01	6.98e-02
 3.54789e+16	9.37e-01	6.31e-02	4.97e-06	0.00e+00	0.00e+00	0.00e+00	0.00e+00	0.00e+00	0.00e+00	7.41e-01	1.27e-01	6.98e-02
 3.54865e+16	9.39e-01	6.05e-02	4.40e-06	0.00e+00	0.00e+00	0.00e+00	0.00e+00	0.00e+00	0.00e+00	7.43e-01	1.27e-01	6.97e-02
 3.54939e+16	9.42e-01	5.81e-02	3.90e-06	0.00e+00	0.00e+00	0.00e+00	0.00e+00	0.00e+00	0.00e+00	7.46e-01	1.27e-01	6.96e-02
 3.55012e+16	9.44e-01	5.58e-02	3.46e-06	0.00e+00	0.00e+00	0.00e+00	0.00e+00	0.00e+00	0.00e+00	7.48e-01	1.27e-01	6.95e-02
 3.55084e+16	9.46e-01	5.36e-02	3.07e-06	0.00e+00	0.00e+00	0.00e+00	0.00e+00	0.00e+00	0.00e+00	7.50e-01	1.27e-01	6.94e-02
 3.55156e+16	9.49e-01	5.14e-02	2.72e-06	0.00e+00	0.00e+00	0.00e+00	0.00e+00	0.00e+00	0.00e+00	7.52e-01	1.27e-01	6.94e-02
 3.55226e+16	9.51e-01	4.93e-02	2.41e-06	0.00e+00	0.00e+00	0.00e+00	0.00e+00	0.00e+00	0.00e+00	7.54e-01	1.27e-01	6.93e-02
 3.55293e+16	9.53e-01	4.74e-02	2.15e-06	0.00e+00	0.00e+00	0.00e+00	0.00e+00	0.00e+00	0.00e+00	7.56e-01	1.27e-01	6.92e-02
 3.55360e+16	9.54e-01	4.56e-02	1.91e-06	0.00e+00	0.00e+00	0.00e+00	0.00e+00	0.00e+00	0.00e+00	7.58e-01	1.27e-01	6.91e-02
 3.55427e+16	9.56e-01	4.38e-02	1.70e-06	0.00e+00	0.00e+00	0.00e+00	0.00e+00	0.00e+00	0.00e+00	7.60e-01	1.27e-01	6.91e-02
 3.55493e+16	9.58e-01	4.20e-02	1.51e-06	0.00e+00	0.00e+00	0.00e+00	0.00e+00	0.00e+00	0.00e+00	7.61e-01	1.28e-01	6.90e-02
 3.55557e+16	9.60e-01	4.04e-02	1.34e-06	0.00e+00	0.00e+00	0.00e+00	0.00e+00	0.00e+00	0.00e+00	7.63e-01	1.28e-01	6.90e-02
 3.55620e+16	9.61e-01	3.88e-02	1.19e-06	0.00e+00	0.00e+00	0.00e+00	0.00e+00	0.00e+00	0.00e+00	7.64e-01	1.28e-01	6.90e-02
 3.55682e+16	9.63e-01	3.73e-02	1.06e-06	0.00e+00	0.00e+00	0.00e+00	0.00e+00	0.00e+00	0.00e+00	7.66e-01	1.28e-01	6.89e-02
 3.55742e+16	9.64e-01	3.59e-02	9.47e-07	0.00e+00	0.00e+00	0.00e+00	0.00e+00	0.00e+00	0.00e+00	7.67e-01	1.29e-01	6.89e-02
 3.55803e+16	9.66e-01	3.45e-02	8.46e-07	0.00e+00	0.00e+00	0.00e+00	0.00e+00	0.00e+00	0.00e+00	7.68e-01	1.29e-01	6.89e-02
 3.55862e+16	9.67e-01	3.31e-02	7.51e-07	0.00e+00	0.00e+00	0.00e+00	0.00e+00	0.00e+00	0.00e+00	7.69e-01	1.29e-01	6.89e-02
 3.55921e+16	9.68e-01	3.18e-02	6.71e-07	0.00e+00	0.00e+00	0.00e+00	0.00e+00	0.00e+00	0.00e+00	7.70e-01	1.29e-01	6.89e-02
 3.55977e+16	9.69e-01	3.06e-02	5.99e-07	0.00e+00	0.00e+00	0.00e+00	0.00e+00	0.00e+00	0.00e+00	7.71e-01	1.30e-01	6.89e-02
 3.56034e+16	9.71e-01	2.94e-02	5.35e-07	0.00e+00	0.00e+00	0.00e+00	0.00e+00	0.00e+00	0.00e+00	7.72e-01	1.30e-01	6.89e-02
 3.56090e+16	9.72e-01	2.82e-02	4.76e-07	0.00e+00	0.00e+00	0.00e+00	0.00e+00	0.00e+00	0.00e+00	7.73e-01	1.30e-01	6.89e-02
 3.56144e+16	9.73e-01	2.71e-02	4.26e-07	0.00e+00	0.00e+00	0.00e+00	0.00e+00	0.00e+00	0.00e+00	7.73e-01	1.31e-01	6.89e-02
 3.56197e+16	9.74e-01	2.61e-02	3.80e-07	0.00e+00	0.00e+00	0.00e+00	0.00e+00	0.00e+00	0.00e+00	7.74e-01	1.31e-01	6.90e-02
 3.56248e+16	9.75e-01	2.50e-02	3.40e-07	0.00e+00	0.00e+00	0.00e+00	0.00e+00	0.00e+00	0.00e+00	7.74e-01	1.31e-01	6.90e-02
 3.56298e+16	9.76e-01	2.41e-02	3.04e-07	0.00e+00	0.00e+00	0.00e+00	0.00e+00	0.00e+00	0.00e+00	7.75e-01	1.32e-01	6.90e-02
 3.56348e+16	9.77e-01	2.31e-02	2.72e-07	0.00e+00	0.00e+00	0.00e+00	0.00e+00	0.00e+00	0.00e+00	7.75e-01	1.32e-01	6.91e-02
 3.56397e+16	9.78e-01	2.22e-02	2.43e-07	0.00e+00	0.00e+00	0.00e+00	0.00e+00	0.00e+00	0.00e+00	7.76e-01	1.33e-01	6.92e-02
 3.56445e+16	9.79e-01	2.13e-02	2.18e-07	0.00e+00	0.00e+00	0.00e+00	0.00e+00	0.00e+00	0.00e+00	7.76e-01	1.34e-01	6.92e-02
 3.56491e+16	9.80e-01	2.05e-02	1.95e-07	0.00e+00	0.00e+00	0.00e+00	0.00e+00	0.00e+00	0.00e+00	7.76e-01	1.34e-01	6.93e-02
 3.56535e+16	9.80e-01	1.97e-02	1.75e-07	0.00e+00	0.00e+00	0.00e+00	0.00e+00	0.00e+00	0.00e+00	7.76e-01	1.35e-01	6.94e-02
 3.56579e+16	9.81e-01	1.89e-02	1.57e-07	0.00e+00	0.00e+00	0.00e+00	0.00e+00	0.00e+00	0.00e+00	7.76e-01	1.35e-01	6.95e-02
 3.56622e+16	9.82e-01	1.81e-02	1.41e-07	0.00e+00	0.00e+00	0.00e+00	0.00e+00	0.00e+00	0.00e+00	7.76e-01	1.36e-01	6.96e-02
 3.56662e+16	9.83e-01	1.74e-02	1.27e-07	0.00e+00	0.00e+00	0.00e+00	0.00e+00	0.00e+00	0.00e+00	7.76e-01	1.37e-01	6.98e-02
 3.56700e+16	9.83e-01	1.67e-02	1.15e-07	0.00e+00	0.00e+00	0.00e+00	0.00e+00	0.00e+00	0.00e+00	7.76e-01	1.38e-01	6.99e-02
 3.56734e+16	9.84e-01	1.61e-02	1.04e-07	0.00e+00	0.00e+00	0.00e+00	0.00e+00	0.00e+00	0.00e+00	7.76e-01	1.38e-01	7.00e-02
 3.56767e+16	9.84e-01	1.55e-02	9.51e-08	0.00e+00	0.00e+00	0.00e+00	0.00e+00	0.00e+00	0.00e+00	7.75e-01	1.39e-01	7.02e-02
 3.56797e+16	9.85e-01	1.50e-02	8.72e-08	0.00e+00	0.00e+00	0.00e+00	0.00e+00	0.00e+00	0.00e+00	7.75e-01	1.40e-01	7.03e-02
 3.56825e+16	9.85e-01	1.45e-02	8.02e-08	0.00e+00	0.00e+00	0.00e+00	0.00e+00	0.00e+00	0.00e+00	7.74e-01	1.41e-01	7.04e-02
 3.56852e+16	9.86e-01	1.40e-02	7.39e-08	0.00e+00	0.00e+00	0.00e+00	0.00e+00	0.00e+00	0.00e+00	7.74e-01	1.41e-01	7.06e-02
 3.56876e+16	9.86e-01	1.36e-02	6.83e-08	0.00e+00	0.00e+00	0.00e+00	0.00e+00	0.00e+00	0.00e+00	7.73e-01	1.42e-01	7.07e-02
 3.56899e+16	9.87e-01	1.32e-02	6.34e-08	0.00e+00	0.00e+00	0.00e+00	0.00e+00	0.00e+00	0.00e+00	7.73e-01	1.43e-01	7.09e-02
 3.56921e+16	9.87e-01	1.28e-02	5.89e-08	0.00e+00	0.00e+00	0.00e+00	0.00e+00	0.00e+00	0.00e+00	7.72e-01	1.44e-01	7.10e-02
 3.56942e+16	9.88e-01	1.24e-02	5.48e-08	0.00e+00	0.00e+00	0.00e+00	0.00e+00	0.00e+00	0.00e+00	7.72e-01	1.45e-01	7.12e-02
 3.56961e+16	9.88e-01	1.20e-02	5.11e-08	0.00e+00	0.00e+00	0.00e+00	0.00e+00	0.00e+00	0.00e+00	7.71e-01	1.46e-01	7.14e-02
 3.56979e+16	9.88e-01	1.17e-02	4.78e-08	0.00e+00	0.00e+00	0.00e+00	0.00e+00	0.00e+00	0.00e+00	7.70e-01	1.47e-01	7.15e-02
 3.56996e+16	9.89e-01	1.14e-02	4.48e-08	0.00e+00	0.00e+00	0.00e+00	0.00e+00	0.00e+00	0.00e+00	7.69e-01	1.48e-01	7.17e-02
 3.57012e+16	9.89e-01	1.11e-02	4.20e-08	0.00e+00	0.00e+00	0.00e+00	0.00e+00	0.00e+00	0.00e+00	7.69e-01	1.48e-01	7.19e-02
 3.57027e+16	9.89e-01	1.07e-02	3.95e-08	0.00e+00	0.00e+00	0.00e+00	0.00e+00	0.00e+00	0.00e+00	7.68e-01	1.49e-01	7.20e-02
 3.57041e+16	9.90e-01	1.05e-02	3.71e-08	0.00e+00	0.00e+00	0.00e+00	0.00e+00	0.00e+00	0.00e+00	7.67e-01	1.50e-01	7.22e-02
 3.57055e+16	9.90e-01	1.02e-02	3.49e-08	0.00e+00	0.00e+00	0.00e+00	0.00e+00	0.00e+00	0.00e+00	7.66e-01	1.51e-01	7.24e-02
 3.57068e+16	9.90e-01	9.89e-03	3.29e-08	0.00e+00	0.00e+00	0.00e+00	0.00e+00	0.00e+00	0.00e+00	7.65e-01	1.52e-01	7.26e-02
 3.57080e+16	9.90e-01	9.62e-03	3.09e-08	0.00e+00	0.00e+00	0.00e+00	0.00e+00	0.00e+00	0.00e+00	7.64e-01	1.53e-01	7.28e-02
 3.57092e+16	9.91e-01	9.36e-03	2.91e-08	0.00e+00	0.00e+00	0.00e+00	0.00e+00	0.00e+00	0.00e+00	7.63e-01	1.55e-01	7.30e-02
 3.57103e+16	9.91e-01	9.09e-03	2.74e-08	0.00e+00	0.00e+00	0.00e+00	0.00e+00	0.00e+00	0.00e+00	7.62e-01	1.56e-01	7.32e-02
 3.57114e+16	9.91e-01	8.83e-03	2.58e-08	0.00e+00	0.00e+00	0.00e+00	0.00e+00	0.00e+00	0.00e+00	7.61e-01	1.57e-01	7.34e-02
 3.57124e+16	9.91e-01	8.57e-03	2.42e-08	0.00e+00	0.00e+00	0.00e+00	0.00e+00	0.00e+00	0.00e+00	7.59e-01	1.58e-01	7.37e-02
 3.57134e+16	9.92e-01	8.32e-03	2.27e-08	0.00e+00	0.00e+00	0.00e+00	0.00e+00	0.00e+00	0.00e+00	7.58e-01	1.60e-01	7.39e-02
 3.57144e+16	9.92e-01	8.05e-03	2.13e-08	0.00e+00	0.00e+00	0.00e+00	0.00e+00	0.00e+00	0.00e+00	7.57e-01	1.61e-01	7.42e-02
 3.57154e+16	9.92e-01	7.77e-03	1.98e-08	0.00e+00	0.00e+00	0.00e+00	0.00e+00	0.00e+00	0.00e+00	7.55e-01	1.63e-01	7.44e-02
 3.57164e+16	9.93e-01	7.44e-03	1.82e-08	0.00e+00	0.00e+00	0.00e+00	0.00e+00	0.00e+00	0.00e+00	7.53e-01	1.65e-01	7.48e-02
