#depth	H	H+	H2
 3.13100e+11	1.33e-03	9.99e-01	1.17e-13
 1.87860e+12	1.33e-03	9.99e-01	1.17e-13
 8.14061e+12	1.33e-03	9.99e-01	1.17e-13
 3.31887e+13	1.33e-03	9.99e-01	1.18e-13
 7.92770e+13	1.32e-03	9.99e-01	1.19e-13
 1.39192e+14	1.32e-03	9.99e-01	1.20e-13
 2.17081e+14	1.32e-03	9.99e-01	1.21e-13
 3.18338e+14	1.31e-03	9.99e-01	1.23e-13
 4.49971e+14	1.31e-03	9.99e-01	1.26e-13
 6.21094e+14	1.31e-03	9.99e-01	1.29e-13
 8.43553e+14	1.31e-03	9.99e-01	1.32e-13
 1.13275e+15	1.31e-03	9.99e-01	1.37e-13
 1.50871e+15	1.32e-03	9.99e-01	1.43e-13
 1.99745e+15	1.33e-03	9.99e-01	1.50e-13
 2.63282e+15	1.35e-03	9.99e-01	1.60e-13
 3.45880e+15	1.38e-03	9.99e-01	1.71e-13
 4.53257e+15	1.44e-03	9.99e-01	1.84e-13
 5.92847e+15	1.52e-03	9.98e-01	1.99e-13
 7.42105e+15	1.61e-03	9.98e-01	2.14e-13
 9.01365e+15	1.75e-03	9.98e-01	2.26e-13
 1.03978e+16	1.97e-03	9.98e-01	2.56e-13
 1.11125e+16	2.07e-03	9.98e-01	2.69e-13
 1.16174e+16	2.15e-03	9.98e-01	2.76e-13
 1.22737e+16	2.26e-03	9.98e-01	2.84e-13
 1.31270e+16	2.40e-03	9.98e-01	2.98e-13
 1.40622e+16	2.59e-03	9.97e-01	3.16e-13
 1.48794e+16	2.79e-03	9.97e-01	3.37e-13
 1.55636e+16	2.97e-03	9.97e-01	3.56e-13
 1.62989e+16	3.17e-03	9.97e-01	3.74e-13
 1.71158e+16	3.43e-03	9.97e-01	4.00e-13
 1.78498e+16	3.70e-03	9.96e-01	4.29e-13
 1.84747e+16	3.96e-03	9.96e-01	4.57e-13
 1.91470e+16	4.24e-03	9.96e-01	4.83e-13
 1.98895e+16	4.61e-03	9.95e-01	5.19e-13
 2.05554e+16	5.00e-03	9.95e-01	5.60e-13
 2.11255e+16	5.37e-03	9.95e-01	5.96e-13
 2.17391e+16	5.77e-03	9.94e-01	6.30e-13
 2.25368e+16	6.34e-03	9.94e-01	6.76e-13
 2.33232e+16	7.09e-03	9.93e-01	7.45e-13
 2.38880e+16	7.73e-03	9.92e-01	8.05e-13
 2.43347e+16	8.25e-03	9.92e-01	8.48e-13
 2.48345e+16	8.84e-03	9.91e-01	8.89e-13
 2.54843e+16	9.69e-03	9.90e-01	9.45e-13
 2.61753e+16	1.08e-02	9.89e-01	1.03e-12
 2.67485e+16	1.20e-02	9.88e-01	1.11e-12
 2.72221e+16	1.31e-02	9.87e-01	1.18e-12
 2.77372e+16	1.43e-02	9.86e-01	1.26e-12
 2.83805e+16	1.60e-02	9.84e-01	1.36e-12
 2.90036e+16	1.83e-02	9.82e-01	1.51e-12
 2.94611e+16	2.04e-02	9.80e-01	1.65e-12
 2.98156e+16	2.23e-02	9.78e-01	1.78e-12
 3.02017e+16	2.45e-02	9.75e-01	1.91e-12
 3.07037e+16	2.80e-02	9.72e-01	2.13e-12
 3.12062e+16	3.29e-02	9.67e-01	2.47e-12
 3.15704e+16	3.76e-02	9.62e-01	2.81e-12
 3.18387e+16	4.18e-02	9.58e-01	3.12e-12
 3.21211e+16	4.69e-02	9.53e-01	3.50e-12
 3.24883e+16	5.54e-02	9.45e-01	4.16e-12
 3.28538e+16	6.75e-02	9.33e-01	5.16e-12
 3.31172e+16	7.97e-02	9.20e-01	6.23e-12
 3.32880e+16	8.99e-02	9.10e-01	7.17e-12
 3.34105e+16	9.85e-02	9.01e-01	7.98e-12
 3.35421e+16	1.09e-01	8.91e-01	9.03e-12
 3.36905e+16	1.24e-01	8.76e-01	1.05e-11
 3.38230e+16	1.40e-01	8.60e-01	1.23e-11
 3.39275e+16	1.55e-01	8.45e-01	1.41e-11
 3.40168e+16	1.70e-01	8.30e-01	1.60e-11
 3.41162e+16	1.89e-01	8.11e-01	1.85e-11
 3.42195e+16	2.13e-01	7.87e-01	2.19e-11
 3.43010e+16	2.35e-01	7.65e-01	2.53e-11
 3.43649e+16	2.55e-01	7.45e-01	2.86e-11
 3.44327e+16	2.78e-01	7.22e-01	3.28e-11
 3.45061e+16	3.07e-01	6.93e-01	3.85e-11
 3.45689e+16	3.35e-01	6.65e-01	4.45e-11
 3.46203e+16	3.60e-01	6.40e-01	5.05e-11
 3.46710e+16	3.86e-01	6.14e-01	5.75e-11
 3.47243e+16	4.16e-01	5.84e-01	6.64e-11
 3.47732e+16	4.46e-01	5.54e-01	7.63e-11
 3.48144e+16	4.72e-01	5.28e-01	8.63e-11
 3.48494e+16	4.96e-01	5.04e-01	9.60e-11
 3.48814e+16	5.18e-01	4.82e-01	1.06e-10
 3.49121e+16	5.40e-01	4.60e-01	1.17e-10
 3.49362e+16	5.57e-01	4.43e-01	1.27e-10
 3.49517e+16	5.68e-01	4.32e-01	1.33e-10
 3.49659e+16	5.79e-01	4.21e-01	1.40e-10
 3.49825e+16	5.91e-01	4.09e-01	1.48e-10
 3.50006e+16	6.05e-01	3.95e-01	1.58e-10
 3.50178e+16	6.18e-01	3.82e-01	1.68e-10
 3.50337e+16	6.30e-01	3.70e-01	1.78e-10
 3.50489e+16	6.42e-01	3.58e-01	1.88e-10
 3.50642e+16	6.54e-01	3.46e-01	1.99e-10
 3.50796e+16	6.65e-01	3.35e-01	2.12e-10
 3.50946e+16	6.77e-01	3.23e-01	2.24e-10
 3.51092e+16	6.88e-01	3.12e-01	2.37e-10
 3.51235e+16	6.99e-01	3.01e-01	2.51e-10
 3.51376e+16	7.10e-01	2.90e-01	2.66e-10
 3.51515e+16	7.21e-01	2.79e-01	2.82e-10
 3.51652e+16	7.31e-01	2.69e-01	2.98e-10
 3.51787e+16	7.41e-01	2.59e-01	3.16e-10
 3.51919e+16	7.51e-01	2.49e-01	3.34e-10
 3.52049e+16	7.61e-01	2.39e-01	3.54e-10
 3.52177e+16	7.70e-01	2.30e-01	3.74e-10
 3.52304e+16	7.79e-01	2.21e-01	3.96e-10
 3.52428e+16	7.88e-01	2.12e-01	4.20e-10
 3.52550e+16	7.97e-01	2.03e-01	4.45e-10
 3.52671e+16	8.05e-01	1.95e-01	4.71e-10
 3.52789e+16	8.13e-01	1.87e-01	4.99e-10
 3.52907e+16	8.21e-01	1.79e-01	5.28e-10
 3.53022e+16	8.28e-01	1.72e-01	5.60e-10
 3.53135e+16	8.36e-01	1.64e-01	5.94e-10
 3.53246e+16	8.43e-01	1.57e-01	6.29e-10
 3.53354e+16	8.49e-01	1.51e-01	6.66e-10
 3.53458e+16	8.55e-01	1.45e-01	7.06e-10
 3.53561e+16	8.61e-01	1.39e-01	7.47e-10
 3.53661e+16	8.67e-01	1.33e-01	7.91e-10
 3.53759e+16	8.73e-01	1.27e-01	8.37e-10
 3.53855e+16	8.78e-01	1.22e-01	8.86e-10
 3.53949e+16	8.83e-01	1.17e-01	9.38e-10
 3.54040e+16	8.88e-01	1.12e-01	9.92e-10
 3.54132e+16	8.92e-01	1.08e-01	1.05e-09
 3.54220e+16	8.97e-01	1.03e-01	1.11e-09
 3.54304e+16	9.01e-01	9.92e-02	1.18e-09
 3.54388e+16	9.05e-01	9.53e-02	1.25e-09
 3.54472e+16	9.09e-01	9.14e-02	1.32e-09
 3.54554e+16	9.12e-01	8.77e-02	1.40e-09
 3.54634e+16	9.16e-01	8.42e-02	1.48e-09
 3.54712e+16	9.19e-01	8.09e-02	1.57e-09
 3.54789e+16	9.22e-01	7.77e-02	1.66e-09
 3.54865e+16	9.25e-01	7.47e-02	1.76e-09
 3.54939e+16	9.28e-01	7.17e-02	1.87e-09
 3.55012e+16	9.31e-01	6.89e-02	1.98e-09
 3.55084e+16	9.34e-01	6.62e-02	2.10e-09
 3.55156e+16	9.36e-01	6.36e-02	2.23e-09
 3.55226e+16	9.39e-01	6.11e-02	2.38e-09
 3.55293e+16	9.41e-01	5.88e-02	2.52e-09
 3.55360e+16	9.43e-01	5.65e-02	2.68e-09
 3.55427e+16	9.46e-01	5.44e-02	2.84e-09
 3.55493e+16	9.48e-01	5.22e-02	3.03e-09
 3.55557e+16	9.50e-01	5.02e-02	3.22e-09
 3.55620e+16	9.52e-01	4.83e-02	3.43e-09
 3.55682e+16	9.54e-01	4.64e-02	3.66e-09
 3.55742e+16	9.55e-01	4.47e-02	3.90e-09
 3.55803e+16	9.57e-01	4.30e-02	4.17e-09
 3.55862e+16	9.59e-01	4.13e-02	4.45e-09
 3.55921e+16	9.60e-01	3.97e-02	4.77e-09
 3.55977e+16	9.62e-01	3.82e-02	5.09e-09
 3.56034e+16	9.63e-01	3.67e-02	5.47e-09
 3.56090e+16	9.65e-01	3.53e-02	5.88e-09
 3.56144e+16	9.66e-01	3.39e-02	6.33e-09
 3.56197e+16	9.67e-01	3.26e-02	6.81e-09
 3.56248e+16	9.69e-01	3.14e-02	7.35e-09
 3.56298e+16	9.70e-01	3.02e-02	7.94e-09
 3.56348e+16	9.71e-01	2.90e-02	8.61e-09
 3.56397e+16	9.72e-01	2.79e-02	9.36e-09
 3.56445e+16	9.73e-01	2.68e-02	1.02e-08
 3.56491e+16	9.74e-01	2.57e-02	1.11e-08
 3.56535e+16	9.75e-01	2.47e-02	1.22e-08
 3.56579e+16	9.76e-01	2.38e-02	1.34e-08
 3.56622e+16	9.77e-01	2.28e-02	1.48e-08
 3.56662e+16	9.78e-01	2.19e-02	1.64e-08
 3.56700e+16	9.79e-01	2.11e-02	1.81e-08
 3.56734e+16	9.80e-01	2.03e-02	2.00e-08
 3.56767e+16	9.80e-01	1.96e-02	2.20e-08
 3.56797e+16	9.81e-01	1.90e-02	2.43e-08
 3.56825e+16	9.82e-01	1.84e-02	2.69e-08
 3.56852e+16	9.82e-01	1.78e-02	2.97e-08
 3.56876e+16	9.83e-01	1.72e-02	3.28e-08
 3.56899e+16	9.83e-01	1.67e-02	3.61e-08
 3.56921e+16	9.84e-01	1.62e-02	3.98e-08
 3.56942e+16	9.84e-01	1.57e-02	4.40e-08
 3.56961e+16	9.85e-01	1.53e-02	4.85e-08
 3.56979e+16	9.85e-01	1.49e-02	5.35e-08
 3.56996e+16	9.86e-01	1.45e-02	5.90e-08
 3.57012e+16	9.86e-01	1.41e-02	6.50e-08
 3.57027e+16	9.86e-01	1.37e-02	7.16e-08
 3.57041e+16	9.87e-01	1.33e-02	7.88e-08
 3.57055e+16	9.87e-01	1.30e-02	8.65e-08
 3.57068e+16	9.87e-01	1.26e-02	9.53e-08
 3.57080e+16	9.88e-01	1.23e-02	1.05e-07
 3.57092e+16	9.88e-01	1.20e-02	1.15e-07
 3.57103e+16	9.88e-01	1.16e-02	1.26e-07
 3.57114e+16	9.89e-01	1.13e-02	1.38e-07
 3.57124e+16	9.89e-01	1.10e-02	1.51e-07
 3.57134e+16	9.89e-01	1.07e-02	1.64e-07
 3.57144e+16	9.90e-01	1.04e-02	1.78e-07
 3.57154e+16	9.90e-01	1.00e-02	1.94e-07
 3.57164e+16	9.90e-01	9.61e-03	2.11e-07
