#depth	O	O+	O+2	O+3	O+4	O+5	O+6	O+7	O+8	O[1]	O[2]	O[3]
 9.60861e+11	1.36e-06	1.84e-03	2.63e-01	7.11e-01	2.46e-02	5.79e-07	0.00e+00	0.00e+00	0.00e+00	1.04e-06	2.04e-07	1.19e-07
 5.76517e+12	1.36e-06	1.84e-03	2.63e-01	7.11e-01	2.46e-02	5.79e-07	0.00e+00	0.00e+00	0.00e+00	1.04e-06	2.03e-07	1.18e-07
 2.49824e+13	1.36e-06	1.85e-03	2.64e-01	7.10e-01	2.45e-02	5.75e-07	0.00e+00	0.00e+00	0.00e+00	1.04e-06	2.04e-07	1.18e-07
 1.01851e+14	1.37e-06	1.87e-03	2.67e-01	7.07e-01	2.40e-02	5.58e-07	0.00e+00	0.00e+00	0.00e+00	1.05e-06	2.06e-07	1.19e-07
 2.43290e+14	1.36e-06	1.88e-03	2.71e-01	7.04e-01	2.31e-02	5.31e-07	0.00e+00	0.00e+00	0.00e+00	1.04e-06	2.04e-07	1.18e-07
 4.27161e+14	1.37e-06	1.91e-03	2.78e-01	6.98e-01	2.21e-02	4.98e-07	0.00e+00	0.00e+00	0.00e+00	1.04e-06	2.04e-07	1.18e-07
 6.66192e+14	1.39e-06	1.96e-03	2.86e-01	6.91e-01	2.08e-02	4.58e-07	0.00e+00	0.00e+00	0.00e+00	1.06e-06	2.07e-07	1.20e-07
 9.76933e+14	1.42e-06	2.03e-03	2.98e-01	6.81e-01	1.92e-02	4.10e-07	0.00e+00	0.00e+00	0.00e+00	1.09e-06	2.11e-07	1.22e-07
 1.38090e+15	1.48e-06	2.13e-03	3.15e-01	6.66e-01	1.73e-02	3.54e-07	0.00e+00	0.00e+00	0.00e+00	1.13e-06	2.18e-07	1.26e-07
 1.90605e+15	1.57e-06	2.28e-03	3.39e-01	6.44e-01	1.51e-02	2.92e-07	0.00e+00	0.00e+00	0.00e+00	1.20e-06	2.31e-07	1.33e-07
 2.58875e+15	1.71e-06	2.52e-03	3.73e-01	6.12e-01	1.25e-02	2.24e-07	0.00e+00	0.00e+00	0.00e+00	1.32e-06	2.51e-07	1.44e-07
 3.46205e+15	1.94e-06	2.87e-03	4.24e-01	5.64e-01	9.57e-03	1.57e-07	0.00e+00	0.00e+00	0.00e+00	1.49e-06	2.83e-07	1.63e-07
 4.38708e+15	2.19e-06	3.28e-03	4.84e-01	5.05e-01	7.06e-03	0.00e+00	0.00e+00	0.00e+00	0.00e+00	1.68e-06	3.19e-07	1.83e-07
 5.20569e+15	2.46e-06	3.71e-03	5.46e-01	4.45e-01	5.19e-03	0.00e+00	0.00e+00	0.00e+00	0.00e+00	1.90e-06	3.58e-07	2.05e-07
 5.93865e+15	2.76e-06	4.16e-03	6.07e-01	3.85e-01	3.78e-03	0.00e+00	0.00e+00	0.00e+00	0.00e+00	2.13e-06	4.02e-07	2.31e-07
 6.62732e+15	3.10e-06	4.63e-03	6.67e-01	3.25e-01	2.69e-03	0.00e+00	0.00e+00	0.00e+00	0.00e+00	2.39e-06	4.51e-07	2.59e-07
 7.29563e+15	3.47e-06	5.13e-03	7.27e-01	2.67e-01	1.84e-03	0.00e+00	0.00e+00	0.00e+00	0.00e+00	2.67e-06	5.06e-07	2.91e-07
 7.95813e+15	3.88e-06	5.64e-03	7.83e-01	2.11e-01	1.20e-03	0.00e+00	0.00e+00	0.00e+00	0.00e+00	2.99e-06	5.66e-07	3.26e-07
 8.71919e+15	4.42e-06	6.24e-03	8.40e-01	1.53e-01	6.77e-04	0.00e+00	0.00e+00	0.00e+00	0.00e+00	3.40e-06	6.45e-07	3.72e-07
 9.55987e+15	4.98e-06	6.83e-03	8.91e-01	1.02e-01	3.36e-04	0.00e+00	0.00e+00	0.00e+00	0.00e+00	3.83e-06	7.27e-07	4.19e-07
 1.04689e+16	5.59e-06	7.40e-03	9.31e-01	6.19e-02	1.44e-04	0.00e+00	0.00e+00	0.00e+00	0.00e+00	4.31e-06	8.16e-07	4.70e-07
 1.15158e+16	6.24e-06	7.93e-03	9.58e-01	3.38e-02	5.17e-05	0.00e+00	0.00e+00	0.00e+00	0.00e+00	4.81e-06	9.10e-07	5.24e-07
 1.26674e+16	6.88e-06	8.37e-03	9.74e-01	1.72e-02	1.63e-05	0.00e+00	0.00e+00	0.00e+00	0.00e+00	5.30e-06	1.00e-06	5.77e-07
 1.39341e+16	7.52e-06	8.78e-03	9.83e-01	8.37e-03	4.68e-06	0.00e+00	0.00e+00	0.00e+00	0.00e+00	5.80e-06	1.09e-06	6.31e-07
 1.53275e+16	8.23e-06	9.16e-03	9.87e-01	3.91e-03	1.23e-06	0.00e+00	0.00e+00	0.00e+00	0.00e+00	6.34e-06	1.20e-06	6.91e-07
 1.68603e+16	9.04e-06	9.56e-03	9.89e-01	1.77e-03	3.01e-07	0.00e+00	0.00e+00	0.00e+00	0.00e+00	6.96e-06	1.32e-06	7.60e-07
 1.85463e+16	1.00e-05	9.99e-03	9.89e-01	7.78e-04	0.00e+00	0.00e+00	0.00e+00	0.00e+00	0.00e+00	7.70e-06	1.46e-06	8.43e-07
 2.04009e+16	1.12e-05	1.05e-02	9.89e-01	3.32e-04	0.00e+00	0.00e+00	0.00e+00	0.00e+00	0.00e+00	8.61e-06	1.64e-06	9.47e-07
 2.24410e+16	1.27e-05	1.10e-02	9.89e-01	1.39e-04	0.00e+00	0.00e+00	0.00e+00	0.00e+00	0.00e+00	9.74e-06	1.86e-06	1.08e-06
 2.46851e+16	1.46e-05	1.17e-02	9.88e-01	5.72e-05	0.00e+00	0.00e+00	0.00e+00	0.00e+00	0.00e+00	1.12e-05	2.15e-06	1.25e-06
 2.71536e+16	1.71e-05	1.25e-02	9.87e-01	2.42e-05	0.00e+00	0.00e+00	0.00e+00	0.00e+00	0.00e+00	1.31e-05	2.54e-06	1.48e-06
 2.97950e+16	2.05e-05	1.34e-02	9.87e-01	1.14e-05	0.00e+00	0.00e+00	0.00e+00	0.00e+00	0.00e+00	1.56e-05	3.05e-06	1.78e-06
 3.23535e+16	2.45e-05	1.44e-02	9.86e-01	6.62e-06	0.00e+00	0.00e+00	0.00e+00	0.00e+00	0.00e+00	1.87e-05	3.68e-06	2.15e-06
 3.46528e+16	2.91e-05	1.54e-02	9.85e-01	4.72e-06	0.00e+00	0.00e+00	0.00e+00	0.00e+00	0.00e+00	2.22e-05	4.39e-06	2.57e-06
 3.67550e+16	3.43e-05	1.65e-02	9.84e-01	3.84e-06	0.00e+00	0.00e+00	0.00e+00	0.00e+00	0.00e+00	2.60e-05	5.21e-06	3.05e-06
 3.87246e+16	4.02e-05	1.75e-02	9.82e-01	3.37e-06	0.00e+00	0.00e+00	0.00e+00	0.00e+00	0.00e+00	3.04e-05	6.14e-06	3.60e-06
 4.04658e+16	4.66e-05	1.86e-02	9.81e-01	3.10e-06	0.00e+00	0.00e+00	0.00e+00	0.00e+00	0.00e+00	3.52e-05	7.17e-06	4.20e-06
 4.19491e+16	5.31e-05	1.97e-02	9.80e-01	2.95e-06	0.00e+00	0.00e+00	0.00e+00	0.00e+00	0.00e+00	4.01e-05	8.20e-06	4.81e-06
 4.34773e+16	6.06e-05	2.08e-02	9.79e-01	2.86e-06	0.00e+00	0.00e+00	0.00e+00	0.00e+00	0.00e+00	4.57e-05	9.42e-06	5.53e-06
 4.51273e+16	7.05e-05	2.22e-02	9.78e-01	2.78e-06	0.00e+00	0.00e+00	0.00e+00	0.00e+00	0.00e+00	5.30e-05	1.10e-05	6.44e-06
 4.66585e+16	8.18e-05	2.37e-02	9.76e-01	2.72e-06	0.00e+00	0.00e+00	0.00e+00	0.00e+00	0.00e+00	6.15e-05	1.29e-05	7.48e-06
 4.80066e+16	9.37e-05	2.52e-02	9.75e-01	2.68e-06	0.00e+00	0.00e+00	0.00e+00	0.00e+00	0.00e+00	7.03e-05	1.48e-05	8.58e-06
 4.93668e+16	1.07e-04	2.68e-02	9.73e-01	2.67e-06	0.00e+00	0.00e+00	0.00e+00	0.00e+00	0.00e+00	8.04e-05	1.70e-05	9.83e-06
 5.08079e+16	1.25e-04	2.87e-02	9.71e-01	2.65e-06	0.00e+00	0.00e+00	0.00e+00	0.00e+00	0.00e+00	9.34e-05	1.99e-05	1.14e-05
 5.21683e+16	1.45e-04	3.08e-02	9.69e-01	2.62e-06	0.00e+00	0.00e+00	0.00e+00	0.00e+00	0.00e+00	1.08e-04	2.33e-05	1.33e-05
 5.33983e+16	1.67e-04	3.30e-02	9.67e-01	2.61e-06	0.00e+00	0.00e+00	0.00e+00	0.00e+00	0.00e+00	1.25e-04	2.69e-05	1.53e-05
 5.45722e+16	1.91e-04	3.52e-02	9.65e-01	2.56e-06	0.00e+00	0.00e+00	0.00e+00	0.00e+00	0.00e+00	1.43e-04	3.10e-05	1.76e-05
 5.58158e+16	2.22e-04	3.79e-02	9.62e-01	2.56e-06	0.00e+00	0.00e+00	0.00e+00	0.00e+00	0.00e+00	1.65e-04	3.61e-05	2.04e-05
 5.70643e+16	2.60e-04	4.10e-02	9.59e-01	2.49e-06	0.00e+00	0.00e+00	0.00e+00	0.00e+00	0.00e+00	1.93e-04	4.25e-05	2.39e-05
 5.81880e+16	3.01e-04	4.42e-02	9.56e-01	2.44e-06	0.00e+00	0.00e+00	0.00e+00	0.00e+00	0.00e+00	2.24e-04	4.94e-05	2.76e-05
 5.91993e+16	3.45e-04	4.74e-02	9.52e-01	2.36e-06	0.00e+00	0.00e+00	0.00e+00	0.00e+00	0.00e+00	2.57e-04	5.67e-05	3.17e-05
 6.01094e+16	3.93e-04	5.07e-02	9.49e-01	2.31e-06	0.00e+00	0.00e+00	0.00e+00	0.00e+00	0.00e+00	2.92e-04	6.44e-05	3.60e-05
 6.09286e+16	4.42e-04	5.39e-02	9.46e-01	2.23e-06	0.00e+00	0.00e+00	0.00e+00	0.00e+00	0.00e+00	3.29e-04	7.26e-05	4.05e-05
 6.16658e+16	4.94e-04	5.71e-02	9.42e-01	2.17e-06	0.00e+00	0.00e+00	0.00e+00	0.00e+00	0.00e+00	3.67e-04	8.10e-05	4.52e-05
 6.23566e+16	5.49e-04	6.03e-02	9.39e-01	2.10e-06	0.00e+00	0.00e+00	0.00e+00	0.00e+00	0.00e+00	4.08e-04	9.00e-05	5.01e-05
 6.30396e+16	6.10e-04	6.38e-02	9.36e-01	2.03e-06	0.00e+00	0.00e+00	0.00e+00	0.00e+00	0.00e+00	4.54e-04	1.00e-04	5.57e-05
 6.37226e+16	6.81e-04	6.76e-02	9.32e-01	1.95e-06	0.00e+00	0.00e+00	0.00e+00	0.00e+00	0.00e+00	5.07e-04	1.12e-04	6.21e-05
 6.44056e+16	7.63e-04	7.18e-02	9.27e-01	1.87e-06	0.00e+00	0.00e+00	0.00e+00	0.00e+00	0.00e+00	5.68e-04	1.25e-04	6.95e-05
 6.50886e+16	8.57e-04	7.64e-02	9.23e-01	1.79e-06	0.00e+00	0.00e+00	0.00e+00	0.00e+00	0.00e+00	6.38e-04	1.41e-04	7.81e-05
 6.57716e+16	9.67e-04	8.14e-02	9.18e-01	1.69e-06	0.00e+00	0.00e+00	0.00e+00	0.00e+00	0.00e+00	7.20e-04	1.59e-04	8.80e-05
 6.64546e+16	1.10e-03	8.69e-02	9.12e-01	1.60e-06	0.00e+00	0.00e+00	0.00e+00	0.00e+00	0.00e+00	8.16e-04	1.80e-04	9.97e-05
 6.71376e+16	1.25e-03	9.31e-02	9.06e-01	1.50e-06	0.00e+00	0.00e+00	0.00e+00	0.00e+00	0.00e+00	9.30e-04	2.05e-04	1.14e-04
 6.78206e+16	1.43e-03	1.00e-01	8.98e-01	1.40e-06	0.00e+00	0.00e+00	0.00e+00	0.00e+00	0.00e+00	1.07e-03	2.35e-04	1.30e-04
 6.82316e+16	1.59e-03	1.06e-01	8.93e-01	1.33e-06	0.00e+00	0.00e+00	0.00e+00	0.00e+00	0.00e+00	1.18e-03	2.60e-04	1.44e-04
