#depth	He	He+	He+2
 9.60861e+11	1.36e-04	1.61e-01	8.39e-01
 5.76517e+12	1.36e-04	1.61e-01	8.39e-01
 2.49824e+13	1.37e-04	1.61e-01	8.39e-01
 1.01851e+14	1.38e-04	1.63e-01	8.37e-01
 2.43290e+14	1.40e-04	1.64e-01	8.36e-01
 4.27161e+14	1.43e-04	1.67e-01	8.33e-01
 6.66192e+14	1.48e-04	1.71e-01	8.29e-01
 9.76933e+14	1.54e-04	1.77e-01	8.23e-01
 1.38090e+15	1.64e-04	1.87e-01	8.13e-01
 1.90605e+15	1.79e-04	2.01e-01	7.99e-01
 2.58875e+15	2.01e-04	2.23e-01	7.77e-01
 3.46205e+15	2.36e-04	2.58e-01	7.42e-01
 4.38708e+15	2.80e-04	3.03e-01	6.96e-01
 5.20569e+15	3.29e-04	3.55e-01	6.45e-01
 5.93865e+15	3.83e-04	4.11e-01	5.88e-01
 6.62732e+15	4.43e-04	4.74e-01	5.25e-01
 7.29563e+15	5.09e-04	5.44e-01	4.56e-01
 7.95813e+15	5.82e-04	6.19e-01	3.81e-01
 8.71919e+15	6.71e-04	7.06e-01	2.94e-01
 9.55987e+15	7.65e-04	7.94e-01	2.05e-01
 1.04689e+16	8.52e-04	8.70e-01	1.29e-01
 1.15158e+16	9.29e-04	9.28e-01	7.13e-02
 1.26674e+16	9.87e-04	9.63e-01	3.60e-02
 1.39341e+16	1.03e-03	9.82e-01	1.72e-02
 1.53275e+16	1.07e-03	9.91e-01	7.87e-03
 1.68603e+16	1.11e-03	9.95e-01	3.51e-03
 1.85463e+16	1.15e-03	9.97e-01	1.53e-03
 2.04009e+16	1.19e-03	9.98e-01	6.46e-04
 2.24410e+16	1.23e-03	9.98e-01	2.67e-04
 2.46851e+16	1.29e-03	9.99e-01	1.08e-04
 2.71536e+16	1.35e-03	9.99e-01	4.27e-05
 2.97950e+16	1.41e-03	9.99e-01	1.73e-05
 3.23535e+16	1.48e-03	9.99e-01	7.86e-06
 3.46528e+16	1.55e-03	9.98e-01	4.16e-06
 3.67550e+16	1.62e-03	9.98e-01	2.46e-06
 3.87246e+16	1.68e-03	9.98e-01	1.57e-06
 4.04658e+16	1.75e-03	9.98e-01	1.09e-06
 4.19491e+16	1.80e-03	9.98e-01	8.21e-07
 4.34773e+16	1.86e-03	9.98e-01	6.18e-07
 4.51273e+16	1.93e-03	9.98e-01	4.67e-07
 4.66585e+16	1.99e-03	9.98e-01	3.67e-07
 4.80066e+16	2.06e-03	9.98e-01	3.01e-07
 4.93668e+16	2.12e-03	9.98e-01	2.47e-07
 5.08079e+16	2.19e-03	9.98e-01	2.03e-07
 5.21683e+16	2.27e-03	9.98e-01	1.71e-07
 5.33983e+16	2.34e-03	9.98e-01	1.47e-07
 5.45722e+16	2.41e-03	9.98e-01	1.27e-07
 5.58158e+16	2.49e-03	9.98e-01	1.10e-07
 5.70643e+16	2.58e-03	9.97e-01	9.59e-08
 5.81880e+16	2.67e-03	9.97e-01	8.49e-08
 5.91993e+16	2.76e-03	9.97e-01	7.63e-08
 6.01094e+16	2.84e-03	9.97e-01	6.94e-08
 6.09286e+16	2.93e-03	9.97e-01	6.37e-08
 6.16658e+16	3.01e-03	9.97e-01	5.91e-08
 6.23566e+16	3.09e-03	9.97e-01	5.51e-08
 6.30396e+16	3.17e-03	9.97e-01	5.14e-08
 6.37226e+16	3.26e-03	9.97e-01	4.79e-08
 6.44056e+16	3.37e-03	9.97e-01	4.47e-08
 6.50886e+16	3.48e-03	9.97e-01	4.17e-08
 6.57716e+16	3.60e-03	9.96e-01	3.89e-08
 6.64546e+16	3.73e-03	9.96e-01	3.63e-08
 6.71376e+16	3.87e-03	9.96e-01	3.38e-08
 6.78206e+16	4.03e-03	9.96e-01	3.16e-08
 6.82316e+16	4.14e-03	9.96e-01	3.05e-08
