#depth	H	H+	H2
 9.60861e+11	1.51e-03	9.98e-01	1.01e-13
 5.76517e+12	1.51e-03	9.98e-01	1.01e-13
 2.49824e+13	1.51e-03	9.98e-01	1.01e-13
 1.01851e+14	1.51e-03	9.98e-01	1.03e-13
 2.43290e+14	1.49e-03	9.99e-01	1.05e-13
 4.27161e+14	1.48e-03	9.99e-01	1.09e-13
 6.66192e+14	1.47e-03	9.99e-01	1.13e-13
 9.76933e+14	1.46e-03	9.99e-01	1.19e-13
 1.38090e+15	1.44e-03	9.99e-01	1.27e-13
 1.90605e+15	1.43e-03	9.99e-01	1.36e-13
 2.58875e+15	1.42e-03	9.99e-01	1.49e-13
 3.46205e+15	1.41e-03	9.99e-01	1.62e-13
 4.38708e+15	1.38e-03	9.99e-01	1.71e-13
 5.20569e+15	1.36e-03	9.99e-01	1.74e-13
 5.93865e+15	1.35e-03	9.99e-01	1.73e-13
 6.62732e+15	1.35e-03	9.99e-01	1.70e-13
 7.29563e+15	1.35e-03	9.99e-01	1.68e-13
 7.95813e+15	1.36e-03	9.99e-01	1.68e-13
 8.71919e+15	1.38e-03	9.99e-01	1.71e-13
 9.55987e+15	1.40e-03	9.99e-01	1.77e-13
 1.04689e+16	1.43e-03	9.99e-01	1.87e-13
 1.15158e+16	1.47e-03	9.99e-01	2.01e-13
 1.26674e+16	1.51e-03	9.98e-01	2.13e-13
 1.39341e+16	1.55e-03	9.98e-01	2.24e-13
 1.53275e+16	1.60e-03	9.98e-01	2.34e-13
 1.68603e+16	1.65e-03	9.98e-01	2.41e-13
 1.85463e+16	1.71e-03	9.98e-01	2.47e-13
 2.04009e+16	1.78e-03	9.98e-01	2.53e-13
 2.24410e+16	1.86e-03	9.98e-01	2.58e-13
 2.46851e+16	1.96e-03	9.98e-01	2.65e-13
 2.71536e+16	2.08e-03	9.98e-01	2.73e-13
 2.97950e+16	2.23e-03	9.98e-01	2.86e-13
 3.23535e+16	2.40e-03	9.98e-01	3.04e-13
 3.46528e+16	2.57e-03	9.97e-01	3.24e-13
 3.67550e+16	2.76e-03	9.97e-01	3.46e-13
 3.87246e+16	2.95e-03	9.97e-01	3.70e-13
 4.04658e+16	3.14e-03	9.97e-01	3.96e-13
 4.19491e+16	3.32e-03	9.97e-01	4.20e-13
 4.34773e+16	3.50e-03	9.96e-01	4.43e-13
 4.51273e+16	3.74e-03	9.96e-01	4.73e-13
 4.66585e+16	3.98e-03	9.96e-01	5.07e-13
 4.80066e+16	4.21e-03	9.96e-01	5.38e-13
 4.93668e+16	4.46e-03	9.96e-01	5.68e-13
 5.08079e+16	4.74e-03	9.95e-01	6.05e-13
 5.21683e+16	5.05e-03	9.95e-01	6.46e-13
 5.33983e+16	5.35e-03	9.95e-01	6.86e-13
 5.45722e+16	5.66e-03	9.94e-01	7.25e-13
 5.58158e+16	6.01e-03	9.94e-01	7.67e-13
 5.70643e+16	6.41e-03	9.94e-01	8.19e-13
 5.81880e+16	6.81e-03	9.93e-01	8.72e-13
 5.91993e+16	7.20e-03	9.93e-01	9.24e-13
 6.01094e+16	7.59e-03	9.92e-01	9.77e-13
 6.09286e+16	7.97e-03	9.92e-01	1.03e-12
 6.16658e+16	8.33e-03	9.92e-01	1.08e-12
 6.23566e+16	8.70e-03	9.91e-01	1.13e-12
 6.30396e+16	9.09e-03	9.91e-01	1.19e-12
 6.37226e+16	9.51e-03	9.90e-01	1.25e-12
 6.44056e+16	9.97e-03	9.90e-01	1.33e-12
 6.50886e+16	1.05e-02	9.90e-01	1.40e-12
 6.57716e+16	1.10e-02	9.89e-01	1.49e-12
 6.64546e+16	1.16e-02	9.88e-01	1.60e-12
 6.71376e+16	1.23e-02	9.88e-01	1.71e-12
 6.78206e+16	1.30e-02	9.87e-01	1.85e-12
 6.82316e+16	1.36e-02	9.86e-01	1.96e-12
