#depth	O	O+	O+2	O+3	O+4	O+5	O+6	O+7	O+8	O[1]	O[2]	O[3]
 4.96145e+11	4.07e-06	8.89e-03	9.63e-01	2.85e-02	1.25e-06	0.00e+00	0.00e+00	0.00e+00	0.00e+00	2.80e-06	8.64e-07	4.02e-07
 2.97687e+12	4.07e-06	8.88e-03	9.63e-01	2.84e-02	1.24e-06	0.00e+00	0.00e+00	0.00e+00	0.00e+00	2.80e-06	8.63e-07	4.02e-07
 1.28998e+13	4.07e-06	8.88e-03	9.63e-01	2.80e-02	1.22e-06	0.00e+00	0.00e+00	0.00e+00	0.00e+00	2.80e-06	8.64e-07	4.02e-07
 5.25913e+13	4.08e-06	8.91e-03	9.65e-01	2.66e-02	1.13e-06	0.00e+00	0.00e+00	0.00e+00	0.00e+00	2.81e-06	8.67e-07	4.03e-07
 1.25624e+14	4.08e-06	8.93e-03	9.66e-01	2.46e-02	1.00e-06	0.00e+00	0.00e+00	0.00e+00	0.00e+00	2.81e-06	8.67e-07	4.03e-07
 2.20566e+14	4.09e-06	8.96e-03	9.69e-01	2.22e-02	8.56e-07	0.00e+00	0.00e+00	0.00e+00	0.00e+00	2.81e-06	8.69e-07	4.04e-07
 3.43991e+14	4.11e-06	9.02e-03	9.72e-01	1.94e-02	6.96e-07	0.00e+00	0.00e+00	0.00e+00	0.00e+00	2.83e-06	8.74e-07	4.07e-07
 5.04443e+14	4.14e-06	9.08e-03	9.75e-01	1.61e-02	5.29e-07	0.00e+00	0.00e+00	0.00e+00	0.00e+00	2.85e-06	8.80e-07	4.10e-07
 7.13031e+14	4.19e-06	9.17e-03	9.78e-01	1.26e-02	3.67e-07	0.00e+00	0.00e+00	0.00e+00	0.00e+00	2.88e-06	8.90e-07	4.14e-07
 9.84196e+14	4.25e-06	9.28e-03	9.82e-01	9.08e-03	2.26e-07	0.00e+00	0.00e+00	0.00e+00	0.00e+00	2.93e-06	9.03e-07	4.21e-07
 1.33671e+15	4.34e-06	9.43e-03	9.85e-01	5.89e-03	0.00e+00	0.00e+00	0.00e+00	0.00e+00	0.00e+00	2.99e-06	9.23e-07	4.30e-07
 1.79498e+15	4.47e-06	9.60e-03	9.87e-01	3.35e-03	0.00e+00	0.00e+00	0.00e+00	0.00e+00	0.00e+00	3.08e-06	9.50e-07	4.43e-07
 2.39073e+15	4.65e-06	9.83e-03	9.89e-01	1.64e-03	0.00e+00	0.00e+00	0.00e+00	0.00e+00	0.00e+00	3.20e-06	9.89e-07	4.61e-07
 3.16520e+15	4.91e-06	1.01e-02	9.89e-01	6.88e-04	0.00e+00	0.00e+00	0.00e+00	0.00e+00	0.00e+00	3.38e-06	1.04e-06	4.87e-07
 4.17201e+15	5.28e-06	1.05e-02	9.89e-01	2.58e-04	0.00e+00	0.00e+00	0.00e+00	0.00e+00	0.00e+00	3.64e-06	1.12e-06	5.24e-07
 5.48087e+15	5.84e-06	1.10e-02	9.89e-01	1.02e-04	0.00e+00	0.00e+00	0.00e+00	0.00e+00	0.00e+00	4.02e-06	1.24e-06	5.79e-07
 7.18239e+15	6.70e-06	1.17e-02	9.88e-01	5.48e-05	0.00e+00	0.00e+00	0.00e+00	0.00e+00	0.00e+00	4.61e-06	1.42e-06	6.65e-07
 9.39436e+15	8.09e-06	1.27e-02	9.87e-01	3.98e-05	0.00e+00	0.00e+00	0.00e+00	0.00e+00	0.00e+00	5.57e-06	1.72e-06	8.03e-07
 1.22534e+16	1.05e-05	1.42e-02	9.86e-01	3.22e-05	0.00e+00	0.00e+00	0.00e+00	0.00e+00	0.00e+00	7.21e-06	2.22e-06	1.04e-06
 1.53101e+16	1.39e-05	1.60e-02	9.84e-01	2.71e-05	0.00e+00	0.00e+00	0.00e+00	0.00e+00	0.00e+00	9.59e-06	2.96e-06	1.38e-06
 1.75959e+16	1.73e-05	1.75e-02	9.82e-01	2.40e-05	0.00e+00	0.00e+00	0.00e+00	0.00e+00	0.00e+00	1.19e-05	3.68e-06	1.72e-06
 1.93555e+16	2.11e-05	1.89e-02	9.81e-01	2.18e-05	0.00e+00	0.00e+00	0.00e+00	0.00e+00	0.00e+00	1.45e-05	4.47e-06	2.10e-06
 2.12910e+16	2.65e-05	2.07e-02	9.79e-01	1.97e-05	0.00e+00	0.00e+00	0.00e+00	0.00e+00	0.00e+00	1.82e-05	5.61e-06	2.63e-06
 2.33307e+16	3.41e-05	2.30e-02	9.77e-01	1.76e-05	0.00e+00	0.00e+00	0.00e+00	0.00e+00	0.00e+00	2.35e-05	7.22e-06	3.39e-06
 2.52797e+16	4.41e-05	2.55e-02	9.74e-01	1.56e-05	0.00e+00	0.00e+00	0.00e+00	0.00e+00	0.00e+00	3.03e-05	9.33e-06	4.38e-06
 2.67064e+16	5.38e-05	2.77e-02	9.72e-01	1.44e-05	0.00e+00	0.00e+00	0.00e+00	0.00e+00	0.00e+00	3.70e-05	1.14e-05	5.34e-06
 2.75794e+16	6.12e-05	2.92e-02	9.71e-01	1.36e-05	0.00e+00	0.00e+00	0.00e+00	0.00e+00	0.00e+00	4.21e-05	1.30e-05	6.08e-06
 2.84293e+16	7.00e-05	3.09e-02	9.69e-01	1.29e-05	0.00e+00	0.00e+00	0.00e+00	0.00e+00	0.00e+00	4.82e-05	1.48e-05	6.95e-06
 2.95341e+16	8.37e-05	3.33e-02	9.67e-01	1.19e-05	0.00e+00	0.00e+00	0.00e+00	0.00e+00	0.00e+00	5.77e-05	1.77e-05	8.31e-06
 3.06690e+16	1.02e-04	3.62e-02	9.64e-01	1.10e-05	0.00e+00	0.00e+00	0.00e+00	0.00e+00	0.00e+00	7.00e-05	2.15e-05	1.01e-05
 3.15683e+16	1.19e-04	3.87e-02	9.61e-01	1.03e-05	0.00e+00	0.00e+00	0.00e+00	0.00e+00	0.00e+00	8.20e-05	2.52e-05	1.18e-05
 3.23249e+16	1.37e-04	4.12e-02	9.59e-01	9.72e-06	0.00e+00	0.00e+00	0.00e+00	0.00e+00	0.00e+00	9.46e-05	2.90e-05	1.36e-05
 3.31707e+16	1.62e-04	4.44e-02	9.55e-01	9.05e-06	0.00e+00	0.00e+00	0.00e+00	0.00e+00	0.00e+00	1.12e-04	3.43e-05	1.61e-05
 3.40821e+16	1.95e-04	4.82e-02	9.52e-01	8.36e-06	0.00e+00	0.00e+00	0.00e+00	0.00e+00	0.00e+00	1.34e-04	4.12e-05	1.93e-05
 3.48714e+16	2.31e-04	5.20e-02	9.48e-01	7.75e-06	0.00e+00	0.00e+00	0.00e+00	0.00e+00	0.00e+00	1.59e-04	4.88e-05	2.28e-05
 3.55527e+16	2.69e-04	5.57e-02	9.44e-01	7.27e-06	0.00e+00	0.00e+00	0.00e+00	0.00e+00	0.00e+00	1.85e-04	5.68e-05	2.66e-05
 3.62252e+16	3.15e-04	6.00e-02	9.40e-01	6.77e-06	0.00e+00	0.00e+00	0.00e+00	0.00e+00	0.00e+00	2.17e-04	6.65e-05	3.11e-05
 3.68847e+16	3.68e-04	6.46e-02	9.35e-01	6.30e-06	0.00e+00	0.00e+00	0.00e+00	0.00e+00	0.00e+00	2.54e-04	7.78e-05	3.64e-05
 3.74782e+16	4.28e-04	6.93e-02	9.30e-01	5.86e-06	0.00e+00	0.00e+00	0.00e+00	0.00e+00	0.00e+00	2.95e-04	9.04e-05	4.23e-05
 3.80125e+16	4.92e-04	7.40e-02	9.25e-01	5.51e-06	0.00e+00	0.00e+00	0.00e+00	0.00e+00	0.00e+00	3.39e-04	1.04e-04	4.86e-05
 3.84933e+16	5.61e-04	7.88e-02	9.21e-01	5.17e-06	0.00e+00	0.00e+00	0.00e+00	0.00e+00	0.00e+00	3.87e-04	1.18e-04	5.53e-05
 3.89351e+16	6.34e-04	8.36e-02	9.16e-01	4.87e-06	0.00e+00	0.00e+00	0.00e+00	0.00e+00	0.00e+00	4.37e-04	1.34e-04	6.25e-05
 3.93633e+16	7.17e-04	8.87e-02	9.11e-01	4.59e-06	0.00e+00	0.00e+00	0.00e+00	0.00e+00	0.00e+00	4.95e-04	1.51e-04	7.08e-05
 3.97915e+16	8.15e-04	9.44e-02	9.05e-01	4.30e-06	0.00e+00	0.00e+00	0.00e+00	0.00e+00	0.00e+00	5.62e-04	1.72e-04	8.03e-05
 4.02197e+16	9.30e-04	1.01e-01	8.98e-01	4.02e-06	0.00e+00	0.00e+00	0.00e+00	0.00e+00	0.00e+00	6.42e-04	1.96e-04	9.17e-05
 4.06479e+16	1.07e-03	1.08e-01	8.91e-01	3.73e-06	0.00e+00	0.00e+00	0.00e+00	0.00e+00	0.00e+00	7.35e-04	2.25e-04	1.05e-04
 4.10761e+16	1.23e-03	1.15e-01	8.83e-01	3.47e-06	0.00e+00	0.00e+00	0.00e+00	0.00e+00	0.00e+00	8.48e-04	2.59e-04	1.21e-04
 4.15043e+16	1.42e-03	1.24e-01	8.74e-01	3.20e-06	0.00e+00	0.00e+00	0.00e+00	0.00e+00	0.00e+00	9.81e-04	3.00e-04	1.40e-04
 4.19325e+16	1.66e-03	1.34e-01	8.64e-01	2.93e-06	0.00e+00	0.00e+00	0.00e+00	0.00e+00	0.00e+00	1.15e-03	3.50e-04	1.63e-04
 4.23607e+16	1.95e-03	1.45e-01	8.53e-01	2.68e-06	0.00e+00	0.00e+00	0.00e+00	0.00e+00	0.00e+00	1.35e-03	4.11e-04	1.92e-04
 4.26976e+16	2.23e-03	1.55e-01	8.43e-01	2.48e-06	0.00e+00	0.00e+00	0.00e+00	0.00e+00	0.00e+00	1.54e-03	4.70e-04	2.19e-04
