#depth	H	H+	H2
 1.70888e+12	1.17e-03	9.99e-01	3.56e-14
 1.02533e+13	1.17e-03	9.99e-01	3.56e-14
 4.44308e+13	1.17e-03	9.99e-01	3.58e-14
 1.81141e+14	1.17e-03	9.99e-01	3.63e-14
 4.32688e+14	1.17e-03	9.99e-01	3.72e-14
 7.59699e+14	1.16e-03	9.99e-01	3.82e-14
 1.18481e+15	1.17e-03	9.99e-01	3.98e-14
 1.73746e+15	1.17e-03	9.99e-01	4.20e-14
 2.45590e+15	1.18e-03	9.99e-01	4.49e-14
 3.38988e+15	1.20e-03	9.99e-01	4.91e-14
 4.39074e+15	1.21e-03	9.99e-01	5.35e-14
 5.25452e+15	1.22e-03	9.99e-01	5.77e-14
 5.98519e+15	1.24e-03	9.99e-01	6.17e-14
 6.63628e+15	1.26e-03	9.99e-01	6.58e-14
 7.25076e+15	1.30e-03	9.99e-01	7.18e-14
 7.80905e+15	1.33e-03	9.99e-01	7.67e-14
 8.28169e+15	1.36e-03	9.99e-01	8.14e-14
 8.78215e+15	1.40e-03	9.99e-01	8.78e-14
 9.32488e+15	1.45e-03	9.99e-01	9.50e-14
 9.82082e+15	1.49e-03	9.99e-01	1.03e-13
 1.03638e+16	1.55e-03	9.98e-01	1.12e-13
 1.10697e+16	1.63e-03	9.98e-01	1.26e-13
 1.19873e+16	1.73e-03	9.98e-01	1.43e-13
 1.31313e+16	1.83e-03	9.98e-01	1.63e-13
 1.44444e+16	1.94e-03	9.98e-01	1.82e-13
 1.58889e+16	2.05e-03	9.98e-01	2.01e-13
 1.74778e+16	2.18e-03	9.98e-01	2.22e-13
 1.92256e+16	2.33e-03	9.98e-01	2.46e-13
 2.11481e+16	2.58e-03	9.97e-01	2.89e-13
 2.32629e+16	2.83e-03	9.97e-01	3.29e-13
 2.55892e+16	3.15e-03	9.97e-01	3.80e-13
 2.75066e+16	3.48e-03	9.97e-01	4.35e-13
 2.86579e+16	3.70e-03	9.96e-01	4.73e-13
 2.96985e+16	3.90e-03	9.96e-01	5.07e-13
 3.10513e+16	4.17e-03	9.96e-01	5.51e-13
 3.25502e+16	4.52e-03	9.95e-01	6.11e-13
 3.38623e+16	4.87e-03	9.95e-01	6.73e-13
 3.49441e+16	5.19e-03	9.95e-01	7.30e-13
 3.61034e+16	5.51e-03	9.94e-01	7.85e-13
 3.76105e+16	5.98e-03	9.94e-01	8.64e-13
 3.91137e+16	6.55e-03	9.93e-01	9.67e-13
 4.02191e+16	7.02e-03	9.93e-01	1.06e-12
 4.10993e+16	7.42e-03	9.93e-01	1.13e-12
 4.20794e+16	7.84e-03	9.92e-01	1.20e-12
 4.33535e+16	8.45e-03	9.92e-01	1.30e-12
 4.46858e+16	9.21e-03	9.91e-01	1.44e-12
 4.57606e+16	9.90e-03	9.90e-01	1.56e-12
 4.66498e+16	1.05e-02	9.89e-01	1.67e-12
 4.76308e+16	1.12e-02	9.89e-01	1.78e-12
 4.89061e+16	1.22e-02	9.88e-01	1.94e-12
 5.02139e+16	1.34e-02	9.87e-01	2.15e-12
 5.12316e+16	1.45e-02	9.86e-01	2.34e-12
 5.20585e+16	1.54e-02	9.85e-01	2.51e-12
 5.29699e+16	1.65e-02	9.84e-01	2.68e-12
 5.41546e+16	1.81e-02	9.82e-01	2.94e-12
 5.53591e+16	2.02e-02	9.80e-01	3.30e-12
 5.62508e+16	2.20e-02	9.78e-01	3.63e-12
 5.69211e+16	2.34e-02	9.77e-01	3.90e-12
 5.76420e+16	2.51e-02	9.75e-01	4.20e-12
 5.85791e+16	2.76e-02	9.72e-01	4.65e-12
 5.95295e+16	3.08e-02	9.69e-01	5.26e-12
 6.02427e+16	3.37e-02	9.66e-01	5.83e-12
 6.07960e+16	3.63e-02	9.64e-01	6.33e-12
 6.13955e+16	3.93e-02	9.61e-01	6.94e-12
 6.21748e+16	4.40e-02	9.56e-01	7.90e-12
 6.29431e+16	5.00e-02	9.50e-01	9.20e-12
 6.34914e+16	5.53e-02	9.45e-01	1.04e-11
 6.39125e+16	6.01e-02	9.40e-01	1.15e-11
 6.43739e+16	6.59e-02	9.34e-01	1.28e-11
 6.49736e+16	7.50e-02	9.25e-01	1.51e-11
 6.55245e+16	8.67e-02	9.13e-01	1.81e-11
 6.58576e+16	9.53e-02	9.05e-01	2.04e-11
 6.60862e+16	1.02e-01	8.98e-01	2.22e-11
 6.63332e+16	1.10e-01	8.90e-01	2.45e-11
 6.66542e+16	1.21e-01	8.79e-01	2.80e-11
 6.69841e+16	1.37e-01	8.63e-01	3.27e-11
 6.72353e+16	1.51e-01	8.49e-01	3.74e-11
 6.74254e+16	1.63e-01	8.37e-01	4.15e-11
 6.76260e+16	1.77e-01	8.23e-01	4.67e-11
 6.78513e+16	1.96e-01	8.04e-01	5.39e-11
 6.80538e+16	2.16e-01	7.84e-01	6.21e-11
 6.82196e+16	2.35e-01	7.65e-01	7.03e-11
 6.83674e+16	2.54e-01	7.46e-01	7.89e-11
 6.85344e+16	2.77e-01	7.23e-01	9.07e-11
 6.87121e+16	3.07e-01	6.93e-01	1.07e-10
 6.88576e+16	3.35e-01	6.65e-01	1.24e-10
 6.89733e+16	3.60e-01	6.40e-01	1.39e-10
 6.90886e+16	3.86e-01	6.14e-01	1.58e-10
 6.92145e+16	4.18e-01	5.82e-01	1.83e-10
 6.93302e+16	4.51e-01	5.49e-01	2.12e-10
 6.94200e+16	4.78e-01	5.22e-01	2.38e-10
 6.94909e+16	5.01e-01	4.99e-01	2.62e-10
 6.95566e+16	5.22e-01	4.78e-01	2.87e-10
 6.96226e+16	5.44e-01	4.56e-01	3.15e-10
 6.96746e+16	5.63e-01	4.37e-01	3.41e-10
 6.97070e+16	5.73e-01	4.27e-01	3.56e-10
 6.97358e+16	5.84e-01	4.16e-01	3.73e-10
 6.97705e+16	5.96e-01	4.04e-01	3.93e-10
 6.98088e+16	6.10e-01	3.90e-01	4.18e-10
 6.98443e+16	6.24e-01	3.76e-01	4.43e-10
 6.98756e+16	6.36e-01	3.64e-01	4.66e-10
 6.99054e+16	6.47e-01	3.53e-01	4.89e-10
 6.99360e+16	6.59e-01	3.41e-01	5.15e-10
 6.99670e+16	6.71e-01	3.29e-01	5.43e-10
 6.99969e+16	6.83e-01	3.17e-01	5.73e-10
 7.00253e+16	6.94e-01	3.06e-01	6.02e-10
 7.00529e+16	7.05e-01	2.95e-01	6.33e-10
 7.00803e+16	7.15e-01	2.85e-01	6.66e-10
 7.01075e+16	7.26e-01	2.74e-01	7.00e-10
 7.01340e+16	7.36e-01	2.64e-01	7.36e-10
 7.01597e+16	7.46e-01	2.54e-01	7.74e-10
 7.01848e+16	7.56e-01	2.44e-01	8.13e-10
 7.02096e+16	7.66e-01	2.34e-01	8.53e-10
 7.02340e+16	7.75e-01	2.25e-01	8.96e-10
 7.02578e+16	7.84e-01	2.16e-01	9.41e-10
 7.02811e+16	7.93e-01	2.07e-01	9.88e-10
 7.03040e+16	8.01e-01	1.99e-01	1.04e-09
 7.03265e+16	8.09e-01	1.91e-01	1.09e-09
 7.03486e+16	8.17e-01	1.83e-01	1.14e-09
 7.03702e+16	8.25e-01	1.75e-01	1.20e-09
 7.03915e+16	8.32e-01	1.68e-01	1.26e-09
 7.04123e+16	8.40e-01	1.60e-01	1.32e-09
 7.04327e+16	8.46e-01	1.54e-01	1.39e-09
 7.04524e+16	8.53e-01	1.47e-01	1.45e-09
 7.04714e+16	8.59e-01	1.41e-01	1.52e-09
 7.04903e+16	8.65e-01	1.35e-01	1.60e-09
 7.05086e+16	8.71e-01	1.29e-01	1.67e-09
 7.05263e+16	8.76e-01	1.24e-01	1.76e-09
 7.05434e+16	8.81e-01	1.19e-01	1.84e-09
 7.05602e+16	8.86e-01	1.14e-01	1.93e-09
 7.05767e+16	8.91e-01	1.09e-01	2.02e-09
 7.05927e+16	8.95e-01	1.05e-01	2.11e-09
 7.06084e+16	9.00e-01	1.00e-01	2.21e-09
 7.06236e+16	9.04e-01	9.63e-02	2.32e-09
 7.06386e+16	9.08e-01	9.24e-02	2.43e-09
 7.06532e+16	9.11e-01	8.87e-02	2.55e-09
 7.06675e+16	9.15e-01	8.51e-02	2.67e-09
 7.06815e+16	9.18e-01	8.17e-02	2.80e-09
 7.06951e+16	9.22e-01	7.84e-02	2.94e-09
 7.07084e+16	9.25e-01	7.53e-02	3.08e-09
 7.07217e+16	9.28e-01	7.22e-02	3.24e-09
 7.07346e+16	9.31e-01	6.93e-02	3.40e-09
 7.07471e+16	9.33e-01	6.66e-02	3.58e-09
 7.07593e+16	9.36e-01	6.40e-02	3.76e-09
 7.07714e+16	9.39e-01	6.14e-02	3.96e-09
 7.07832e+16	9.41e-01	5.90e-02	4.18e-09
 7.07948e+16	9.43e-01	5.66e-02	4.41e-09
 7.08061e+16	9.46e-01	5.44e-02	4.65e-09
 7.08171e+16	9.48e-01	5.23e-02	4.92e-09
 7.08280e+16	9.50e-01	5.02e-02	5.21e-09
 7.08387e+16	9.52e-01	4.82e-02	5.52e-09
 7.08491e+16	9.54e-01	4.63e-02	5.86e-09
 7.08593e+16	9.55e-01	4.45e-02	6.23e-09
 7.08692e+16	9.57e-01	4.28e-02	6.64e-09
 7.08790e+16	9.59e-01	4.11e-02	7.09e-09
 7.08885e+16	9.61e-01	3.95e-02	7.58e-09
 7.08978e+16	9.62e-01	3.79e-02	8.13e-09
 7.09069e+16	9.64e-01	3.64e-02	8.73e-09
 7.09158e+16	9.65e-01	3.50e-02	9.42e-09
 7.09244e+16	9.66e-01	3.36e-02	1.02e-08
 7.09328e+16	9.68e-01	3.23e-02	1.10e-08
 7.09410e+16	9.69e-01	3.10e-02	1.20e-08
 7.09490e+16	9.70e-01	2.98e-02	1.31e-08
 7.09567e+16	9.71e-01	2.86e-02	1.44e-08
 7.09642e+16	9.73e-01	2.75e-02	1.59e-08
 7.09713e+16	9.74e-01	2.64e-02	1.76e-08
 7.09778e+16	9.75e-01	2.54e-02	1.94e-08
 7.09839e+16	9.75e-01	2.45e-02	2.14e-08
 7.09895e+16	9.76e-01	2.37e-02	2.37e-08
 7.09946e+16	9.77e-01	2.30e-02	2.62e-08
 7.09994e+16	9.78e-01	2.23e-02	2.90e-08
 7.10037e+16	9.78e-01	2.16e-02	3.20e-08
 7.10077e+16	9.79e-01	2.10e-02	3.54e-08
 7.10114e+16	9.80e-01	2.04e-02	3.91e-08
 7.10149e+16	9.80e-01	1.99e-02	4.33e-08
 7.10181e+16	9.81e-01	1.94e-02	4.79e-08
 7.10210e+16	9.81e-01	1.90e-02	5.29e-08
 7.10237e+16	9.81e-01	1.85e-02	5.85e-08
 7.10263e+16	9.82e-01	1.81e-02	6.48e-08
 7.10286e+16	9.82e-01	1.77e-02	7.17e-08
 7.10308e+16	9.83e-01	1.74e-02	7.81e-08
 7.10330e+16	9.83e-01	1.70e-02	8.81e-08
 7.10350e+16	9.83e-01	1.66e-02	9.83e-08
 7.10366e+16	9.84e-01	1.63e-02	1.07e-07
 7.10382e+16	9.84e-01	1.60e-02	1.20e-07
 7.10398e+16	9.84e-01	1.57e-02	1.32e-07
 7.10412e+16	9.85e-01	1.54e-02	1.48e-07
 7.10425e+16	9.85e-01	1.52e-02	1.62e-07
 7.10437e+16	9.85e-01	1.49e-02	1.82e-07
 7.10448e+16	9.85e-01	1.47e-02	1.98e-07
 7.10458e+16	9.86e-01	1.44e-02	2.23e-07
 7.10468e+16	9.86e-01	1.42e-02	2.44e-07
 7.10477e+16	9.86e-01	1.40e-02	2.75e-07
 7.10485e+16	9.86e-01	1.38e-02	2.99e-07
 7.10493e+16	9.86e-01	1.35e-02	3.38e-07
 7.10500e+16	9.87e-01	1.33e-02	3.70e-07
 7.10507e+16	9.87e-01	1.31e-02	4.22e-07
 7.10515e+16	9.87e-01	1.28e-02	4.81e-07
 7.10522e+16	9.87e-01	1.26e-02	5.50e-07
 7.10529e+16	9.88e-01	1.23e-02	6.38e-07
 7.10536e+16	9.88e-01	1.20e-02	7.51e-07
 7.10543e+16	9.88e-01	1.16e-02	9.29e-07
 7.10550e+16	9.89e-01	1.12e-02	1.16e-06
 7.10557e+16	9.89e-01	1.06e-02	1.55e-06
 7.10564e+16	9.96e-01	4.30e-03	7.96e-06
