#depth	He	He+	He+2
 1.70888e+12	8.28e-05	1.28e-01	8.72e-01
 1.02533e+13	8.29e-05	1.28e-01	8.72e-01
 4.44308e+13	8.33e-05	1.28e-01	8.72e-01
 1.81141e+14	8.50e-05	1.30e-01	8.70e-01
 4.32688e+14	8.73e-05	1.32e-01	8.68e-01
 7.59699e+14	9.11e-05	1.35e-01	8.65e-01
 1.18481e+15	9.68e-05	1.41e-01	8.59e-01
 1.73746e+15	1.05e-04	1.49e-01	8.51e-01
 2.45590e+15	1.18e-04	1.62e-01	8.38e-01
 3.38988e+15	1.40e-04	1.84e-01	8.16e-01
 4.39074e+15	1.69e-04	2.13e-01	7.87e-01
 5.25452e+15	2.03e-04	2.47e-01	7.53e-01
 5.98519e+15	2.42e-04	2.85e-01	7.15e-01
 6.63628e+15	2.86e-04	3.27e-01	6.73e-01
 7.25076e+15	3.44e-04	3.78e-01	6.21e-01
 7.80905e+15	4.04e-04	4.33e-01	5.66e-01
 8.28169e+15	4.64e-04	4.86e-01	5.13e-01
 8.78215e+15	5.40e-04	5.50e-01	4.50e-01
 9.32488e+15	6.29e-04	6.23e-01	3.77e-01
 9.82082e+15	7.19e-04	6.92e-01	3.07e-01
 1.03638e+16	8.19e-04	7.64e-01	2.35e-01
 1.10697e+16	9.40e-04	8.42e-01	1.57e-01
 1.19873e+16	1.07e-03	9.13e-01	8.55e-02
 1.31313e+16	1.18e-03	9.61e-01	3.81e-02
 1.44444e+16	1.26e-03	9.83e-01	1.53e-02
 1.58889e+16	1.33e-03	9.93e-01	5.95e-03
 1.74778e+16	1.39e-03	9.96e-01	2.28e-03
 1.92256e+16	1.45e-03	9.98e-01	8.60e-04
 2.11481e+16	1.56e-03	9.98e-01	3.09e-04
 2.32629e+16	1.65e-03	9.98e-01	1.08e-04
 2.55892e+16	1.75e-03	9.98e-01	3.81e-05
 2.75066e+16	1.84e-03	9.98e-01	1.78e-05
 2.86579e+16	1.91e-03	9.98e-01	1.18e-05
 2.96985e+16	1.97e-03	9.98e-01	8.05e-06
 3.10513e+16	2.04e-03	9.98e-01	5.10e-06
 3.25502e+16	2.13e-03	9.98e-01	3.25e-06
 3.38623e+16	2.22e-03	9.98e-01	2.28e-06
 3.49441e+16	2.30e-03	9.98e-01	1.72e-06
 3.61034e+16	2.38e-03	9.98e-01	1.29e-06
 3.76105e+16	2.49e-03	9.98e-01	9.18e-07
 3.91137e+16	2.62e-03	9.97e-01	6.82e-07
 4.02191e+16	2.73e-03	9.97e-01	5.58e-07
 4.10993e+16	2.82e-03	9.97e-01	4.76e-07
 4.20794e+16	2.91e-03	9.97e-01	4.01e-07
 4.33535e+16	3.05e-03	9.97e-01	3.24e-07
 4.46858e+16	3.22e-03	9.97e-01	2.66e-07
 4.57606e+16	3.37e-03	9.97e-01	2.29e-07
 4.66498e+16	3.51e-03	9.96e-01	2.03e-07
 4.76308e+16	3.65e-03	9.96e-01	1.78e-07
 4.89061e+16	3.86e-03	9.96e-01	1.51e-07
 5.02139e+16	4.12e-03	9.96e-01	1.30e-07
 5.12316e+16	4.35e-03	9.96e-01	1.16e-07
 5.20585e+16	4.57e-03	9.95e-01	1.05e-07
 5.29699e+16	4.79e-03	9.95e-01	9.55e-08
 5.41546e+16	5.13e-03	9.95e-01	8.40e-08
 5.53591e+16	5.58e-03	9.94e-01	7.44e-08
 5.62508e+16	5.97e-03	9.94e-01	6.83e-08
 5.69211e+16	6.29e-03	9.94e-01	6.40e-08
 5.76420e+16	6.67e-03	9.93e-01	5.94e-08
 5.85791e+16	7.22e-03	9.93e-01	5.40e-08
 5.95295e+16	7.92e-03	9.92e-01	4.94e-08
 6.02427e+16	8.55e-03	9.91e-01	4.62e-08
 6.07960e+16	9.12e-03	9.91e-01	4.38e-08
 6.13955e+16	9.81e-03	9.90e-01	4.11e-08
 6.21748e+16	1.08e-02	9.89e-01	3.79e-08
 6.29431e+16	1.22e-02	9.88e-01	3.52e-08
 6.34914e+16	1.33e-02	9.87e-01	3.33e-08
 6.39125e+16	1.44e-02	9.86e-01	3.18e-08
 6.43739e+16	1.57e-02	9.84e-01	3.02e-08
 6.49736e+16	1.77e-02	9.82e-01	2.82e-08
 6.55245e+16	2.03e-02	9.80e-01	2.65e-08
 6.58576e+16	2.22e-02	9.78e-01	2.55e-08
 6.60862e+16	2.37e-02	9.76e-01	2.48e-08
 6.63332e+16	2.55e-02	9.74e-01	2.40e-08
 6.66542e+16	2.82e-02	9.72e-01	2.30e-08
 6.69841e+16	3.17e-02	9.68e-01	2.20e-08
 6.72353e+16	3.50e-02	9.65e-01	2.13e-08
 6.74254e+16	3.79e-02	9.62e-01	2.07e-08
 6.76260e+16	4.15e-02	9.58e-01	2.01e-08
 6.78513e+16	4.62e-02	9.54e-01	1.94e-08
 6.80538e+16	5.14e-02	9.49e-01	1.88e-08
 6.82196e+16	5.65e-02	9.44e-01	1.84e-08
 6.83674e+16	6.18e-02	9.38e-01	1.79e-08
 6.85344e+16	6.88e-02	9.31e-01	1.75e-08
 6.87121e+16	7.78e-02	9.22e-01	1.70e-08
 6.88576e+16	8.69e-02	9.13e-01	1.67e-08
 6.89733e+16	9.55e-02	9.04e-01	1.64e-08
 6.90886e+16	1.05e-01	8.95e-01	1.61e-08
 6.92145e+16	1.18e-01	8.82e-01	1.59e-08
 6.93302e+16	1.32e-01	8.68e-01	1.57e-08
 6.94200e+16	1.45e-01	8.55e-01	1.55e-08
 6.94909e+16	1.57e-01	8.43e-01	1.54e-08
 6.95566e+16	1.69e-01	8.31e-01	1.53e-08
 6.96226e+16	1.82e-01	8.18e-01	1.53e-08
 6.96746e+16	1.94e-01	8.06e-01	1.52e-08
 6.97070e+16	2.01e-01	7.99e-01	1.52e-08
 6.97358e+16	2.09e-01	7.91e-01	1.51e-08
 6.97705e+16	2.18e-01	7.82e-01	1.51e-08
 6.98088e+16	2.29e-01	7.71e-01	1.51e-08
 6.98443e+16	2.39e-01	7.61e-01	1.51e-08
 6.98756e+16	2.49e-01	7.51e-01	1.51e-08
 6.99054e+16	2.59e-01	7.41e-01	1.50e-08
 6.99360e+16	2.70e-01	7.30e-01	1.50e-08
 6.99670e+16	2.82e-01	7.18e-01	1.50e-08
 6.99969e+16	2.93e-01	7.07e-01	1.50e-08
 7.00253e+16	3.05e-01	6.95e-01	1.50e-08
 7.00529e+16	3.17e-01	6.83e-01	1.50e-08
 7.00803e+16	3.29e-01	6.71e-01	1.50e-08
 7.01075e+16	3.42e-01	6.58e-01	1.50e-08
 7.01340e+16	3.55e-01	6.45e-01	1.50e-08
 7.01597e+16	3.68e-01	6.32e-01	1.50e-08
 7.01848e+16	3.81e-01	6.19e-01	1.50e-08
 7.02096e+16	3.94e-01	6.06e-01	1.50e-08
 7.02340e+16	4.08e-01	5.92e-01	1.49e-08
 7.02578e+16	4.22e-01	5.78e-01	1.49e-08
 7.02811e+16	4.36e-01	5.64e-01	1.49e-08
 7.03040e+16	4.50e-01	5.50e-01	1.49e-08
 7.03265e+16	4.65e-01	5.35e-01	1.49e-08
 7.03486e+16	4.79e-01	5.21e-01	1.48e-08
 7.03702e+16	4.94e-01	5.06e-01	1.48e-08
 7.03915e+16	5.09e-01	4.91e-01	1.47e-08
 7.04123e+16	5.23e-01	4.77e-01	1.47e-08
 7.04327e+16	5.38e-01	4.62e-01	1.46e-08
 7.04524e+16	5.52e-01	4.48e-01	1.46e-08
 7.04714e+16	5.66e-01	4.34e-01	1.45e-08
 7.04903e+16	5.80e-01	4.20e-01	1.44e-08
 7.05086e+16	5.94e-01	4.06e-01	1.43e-08
 7.05263e+16	6.07e-01	3.93e-01	1.42e-08
 7.05434e+16	6.20e-01	3.80e-01	1.42e-08
 7.05602e+16	6.33e-01	3.67e-01	1.41e-08
 7.05767e+16	6.46e-01	3.54e-01	1.40e-08
 7.05927e+16	6.59e-01	3.41e-01	1.38e-08
 7.06084e+16	6.70e-01	3.30e-01	1.37e-08
 7.06236e+16	6.82e-01	3.18e-01	1.36e-08
 7.06386e+16	6.94e-01	3.06e-01	1.35e-08
 7.06532e+16	7.05e-01	2.95e-01	1.34e-08
 7.06675e+16	7.16e-01	2.84e-01	1.32e-08
 7.06815e+16	7.27e-01	2.73e-01	1.31e-08
 7.06951e+16	7.37e-01	2.63e-01	1.29e-08
 7.07084e+16	7.47e-01	2.53e-01	1.28e-08
 7.07217e+16	7.57e-01	2.43e-01	1.26e-08
 7.07346e+16	7.66e-01	2.34e-01	1.25e-08
 7.07471e+16	7.75e-01	2.25e-01	1.23e-08
 7.07593e+16	7.84e-01	2.16e-01	1.22e-08
 7.07714e+16	7.93e-01	2.07e-01	1.20e-08
 7.07832e+16	8.01e-01	1.99e-01	1.18e-08
 7.07948e+16	8.09e-01	1.91e-01	1.17e-08
 7.08061e+16	8.17e-01	1.83e-01	1.15e-08
 7.08171e+16	8.24e-01	1.76e-01	1.13e-08
 7.08280e+16	8.31e-01	1.69e-01	1.11e-08
 7.08387e+16	8.38e-01	1.62e-01	1.09e-08
 7.08491e+16	8.45e-01	1.55e-01	1.07e-08
 7.08593e+16	8.51e-01	1.49e-01	1.06e-08
 7.08692e+16	8.57e-01	1.43e-01	1.04e-08
 7.08790e+16	8.63e-01	1.37e-01	1.02e-08
 7.08885e+16	8.69e-01	1.31e-01	9.97e-09
 7.08978e+16	8.75e-01	1.25e-01	9.77e-09
 7.09069e+16	8.80e-01	1.20e-01	9.56e-09
 7.09158e+16	8.85e-01	1.15e-01	9.36e-09
 7.09244e+16	8.90e-01	1.10e-01	9.15e-09
 7.09328e+16	8.94e-01	1.05e-01	8.94e-09
 7.09410e+16	8.99e-01	1.01e-01	8.73e-09
 7.09490e+16	9.03e-01	9.67e-02	8.51e-09
 7.09567e+16	9.07e-01	9.26e-02	8.30e-09
 7.09642e+16	9.11e-01	8.87e-02	8.08e-09
 7.09713e+16	9.15e-01	8.50e-02	7.87e-09
 7.09778e+16	9.18e-01	8.15e-02	7.66e-09
 7.09839e+16	9.22e-01	7.85e-02	7.47e-09
 7.09895e+16	9.24e-01	7.56e-02	7.27e-09
 7.09946e+16	9.27e-01	7.29e-02	7.08e-09
 7.09994e+16	9.30e-01	7.04e-02	6.90e-09
 7.10037e+16	9.32e-01	6.82e-02	6.73e-09
 7.10077e+16	9.34e-01	6.61e-02	6.56e-09
 7.10114e+16	9.36e-01	6.42e-02	6.40e-09
 7.10149e+16	9.38e-01	6.24e-02	6.25e-09
 7.10181e+16	9.39e-01	6.07e-02	6.10e-09
 7.10210e+16	9.41e-01	5.91e-02	5.96e-09
 7.10237e+16	9.42e-01	5.77e-02	5.83e-09
 7.10263e+16	9.44e-01	5.63e-02	5.70e-09
 7.10286e+16	9.45e-01	5.50e-02	5.57e-09
 7.10308e+16	9.46e-01	5.39e-02	5.47e-09
 7.10330e+16	9.47e-01	5.26e-02	5.32e-09
 7.10350e+16	9.49e-01	5.15e-02	5.21e-09
 7.10366e+16	9.49e-01	5.06e-02	5.12e-09
 7.10382e+16	9.50e-01	4.95e-02	4.99e-09
 7.10398e+16	9.51e-01	4.87e-02	4.91e-09
 7.10412e+16	9.52e-01	4.77e-02	4.79e-09
 7.10425e+16	9.53e-01	4.70e-02	4.71e-09
 7.10437e+16	9.54e-01	4.61e-02	4.60e-09
 7.10448e+16	9.55e-01	4.55e-02	4.53e-09
 7.10458e+16	9.55e-01	4.47e-02	4.42e-09
 7.10468e+16	9.56e-01	4.41e-02	4.35e-09
 7.10477e+16	9.57e-01	4.33e-02	4.25e-09
 7.10485e+16	9.57e-01	4.28e-02	4.19e-09
 7.10493e+16	9.58e-01	4.21e-02	4.08e-09
 7.10500e+16	9.58e-01	4.16e-02	4.02e-09
 7.10507e+16	9.59e-01	4.08e-02	3.92e-09
 7.10515e+16	9.60e-01	4.02e-02	3.82e-09
 7.10522e+16	9.61e-01	3.95e-02	3.72e-09
 7.10529e+16	9.61e-01	3.87e-02	3.62e-09
 7.10536e+16	9.62e-01	3.79e-02	3.50e-09
 7.10543e+16	9.63e-01	3.69e-02	3.34e-09
 7.10550e+16	9.64e-01	3.58e-02	3.16e-09
 7.10557e+16	9.66e-01	3.43e-02	2.91e-09
 7.10564e+16	9.83e-01	1.68e-02	6.82e-10
