#depth	O	O+	O+2	O+3	O+4	O+5	O+6	O+7	O+8	O[1]	O[2]	O[3]
 1.70888e+12	8.44e-07	1.32e-03	2.41e-01	7.27e-01	3.11e-02	8.31e-07	0.00e+00	0.00e+00	0.00e+00	6.30e-07	1.36e-07	7.74e-08
 1.02533e+13	8.44e-07	1.33e-03	2.41e-01	7.27e-01	3.10e-02	8.29e-07	0.00e+00	0.00e+00	0.00e+00	6.30e-07	1.36e-07	7.74e-08
 4.44308e+13	8.48e-07	1.33e-03	2.42e-01	7.26e-01	3.08e-02	8.20e-07	0.00e+00	0.00e+00	0.00e+00	6.33e-07	1.37e-07	7.78e-08
 1.81141e+14	8.68e-07	1.36e-03	2.47e-01	7.22e-01	3.00e-02	7.88e-07	0.00e+00	0.00e+00	0.00e+00	6.48e-07	1.41e-07	7.97e-08
 4.32688e+14	8.84e-07	1.39e-03	2.54e-01	7.16e-01	2.85e-02	7.32e-07	0.00e+00	0.00e+00	0.00e+00	6.59e-07	1.44e-07	8.13e-08
 7.59699e+14	9.23e-07	1.45e-03	2.65e-01	7.07e-01	2.68e-02	6.65e-07	0.00e+00	0.00e+00	0.00e+00	6.87e-07	1.50e-07	8.50e-08
 1.18481e+15	9.83e-07	1.54e-03	2.79e-01	6.95e-01	2.46e-02	5.87e-07	0.00e+00	0.00e+00	0.00e+00	7.31e-07	1.61e-07	9.07e-08
 1.73746e+15	1.07e-06	1.67e-03	2.98e-01	6.78e-01	2.20e-02	4.98e-07	0.00e+00	0.00e+00	0.00e+00	7.97e-07	1.76e-07	9.92e-08
 2.45590e+15	1.21e-06	1.86e-03	3.27e-01	6.53e-01	1.89e-02	3.98e-07	0.00e+00	0.00e+00	0.00e+00	9.00e-07	2.01e-07	1.13e-07
 3.38988e+15	1.44e-06	2.15e-03	3.68e-01	6.14e-01	1.53e-02	2.93e-07	0.00e+00	0.00e+00	0.00e+00	1.07e-06	2.40e-07	1.34e-07
 4.39074e+15	1.72e-06	2.51e-03	4.20e-01	5.66e-01	1.19e-02	2.06e-07	0.00e+00	0.00e+00	0.00e+00	1.27e-06	2.88e-07	1.60e-07
 5.25452e+15	2.03e-06	2.90e-03	4.72e-01	5.16e-01	9.20e-03	1.46e-07	0.00e+00	0.00e+00	0.00e+00	1.50e-06	3.44e-07	1.90e-07
 5.98519e+15	2.39e-06	3.33e-03	5.24e-01	4.65e-01	7.17e-03	0.00e+00	0.00e+00	0.00e+00	0.00e+00	1.76e-06	4.08e-07	2.25e-07
 6.63628e+15	2.79e-06	3.77e-03	5.75e-01	4.15e-01	5.56e-03	0.00e+00	0.00e+00	0.00e+00	0.00e+00	2.05e-06	4.78e-07	2.63e-07
 7.25076e+15	3.38e-06	4.35e-03	6.31e-01	3.61e-01	4.14e-03	0.00e+00	0.00e+00	0.00e+00	0.00e+00	2.48e-06	5.84e-07	3.19e-07
 7.80905e+15	3.93e-06	4.88e-03	6.82e-01	3.10e-01	3.07e-03	0.00e+00	0.00e+00	0.00e+00	0.00e+00	2.87e-06	6.82e-07	3.72e-07
 8.28169e+15	4.46e-06	5.38e-03	7.26e-01	2.67e-01	2.31e-03	0.00e+00	0.00e+00	0.00e+00	0.00e+00	3.26e-06	7.76e-07	4.22e-07
 8.78215e+15	5.20e-06	6.00e-03	7.72e-01	2.20e-01	1.63e-03	0.00e+00	0.00e+00	0.00e+00	0.00e+00	3.80e-06	9.10e-07	4.93e-07
 9.32488e+15	6.03e-06	6.67e-03	8.19e-01	1.73e-01	1.07e-03	0.00e+00	0.00e+00	0.00e+00	0.00e+00	4.40e-06	1.06e-06	5.72e-07
 9.82082e+15	6.91e-06	7.31e-03	8.58e-01	1.34e-01	6.88e-04	0.00e+00	0.00e+00	0.00e+00	0.00e+00	5.04e-06	1.22e-06	6.56e-07
 1.03638e+16	8.02e-06	8.04e-03	8.94e-01	9.77e-02	4.00e-04	0.00e+00	0.00e+00	0.00e+00	0.00e+00	5.84e-06	1.42e-06	7.62e-07
 1.10697e+16	9.52e-06	8.93e-03	9.29e-01	6.19e-02	1.85e-04	0.00e+00	0.00e+00	0.00e+00	0.00e+00	6.92e-06	1.69e-06	9.05e-07
 1.19873e+16	1.14e-05	9.90e-03	9.57e-01	3.27e-02	6.31e-05	0.00e+00	0.00e+00	0.00e+00	0.00e+00	8.29e-06	2.04e-06	1.08e-06
 1.31313e+16	1.35e-05	1.08e-02	9.75e-01	1.45e-02	1.58e-05	0.00e+00	0.00e+00	0.00e+00	0.00e+00	9.81e-06	2.43e-06	1.29e-06
 1.44444e+16	1.56e-05	1.16e-02	9.82e-01	5.90e-03	3.33e-06	0.00e+00	0.00e+00	0.00e+00	0.00e+00	1.13e-05	2.81e-06	1.49e-06
 1.58889e+16	1.80e-05	1.24e-02	9.85e-01	2.33e-03	6.44e-07	0.00e+00	0.00e+00	0.00e+00	0.00e+00	1.30e-05	3.23e-06	1.71e-06
 1.74778e+16	2.07e-05	1.31e-02	9.86e-01	9.08e-04	0.00e+00	0.00e+00	0.00e+00	0.00e+00	0.00e+00	1.50e-05	3.73e-06	1.97e-06
 1.92256e+16	2.42e-05	1.40e-02	9.86e-01	3.50e-04	0.00e+00	0.00e+00	0.00e+00	0.00e+00	0.00e+00	1.75e-05	4.35e-06	2.31e-06
 2.11481e+16	3.07e-05	1.55e-02	9.84e-01	1.33e-04	0.00e+00	0.00e+00	0.00e+00	0.00e+00	0.00e+00	2.22e-05	5.58e-06	2.94e-06
 2.32629e+16	3.76e-05	1.69e-02	9.83e-01	5.47e-05	0.00e+00	0.00e+00	0.00e+00	0.00e+00	0.00e+00	2.72e-05	6.83e-06	3.61e-06
 2.55892e+16	4.74e-05	1.85e-02	9.81e-01	2.70e-05	0.00e+00	0.00e+00	0.00e+00	0.00e+00	0.00e+00	3.42e-05	8.58e-06	4.55e-06
 2.75066e+16	5.85e-05	2.02e-02	9.80e-01	1.84e-05	0.00e+00	0.00e+00	0.00e+00	0.00e+00	0.00e+00	4.23e-05	1.06e-05	5.62e-06
 2.86579e+16	6.69e-05	2.14e-02	9.79e-01	1.55e-05	0.00e+00	0.00e+00	0.00e+00	0.00e+00	0.00e+00	4.84e-05	1.21e-05	6.43e-06
 2.96985e+16	7.51e-05	2.25e-02	9.77e-01	1.36e-05	0.00e+00	0.00e+00	0.00e+00	0.00e+00	0.00e+00	5.44e-05	1.35e-05	7.20e-06
 3.10513e+16	8.68e-05	2.39e-02	9.76e-01	1.18e-05	0.00e+00	0.00e+00	0.00e+00	0.00e+00	0.00e+00	6.29e-05	1.56e-05	8.31e-06
 3.25502e+16	1.04e-04	2.58e-02	9.74e-01	1.04e-05	0.00e+00	0.00e+00	0.00e+00	0.00e+00	0.00e+00	7.51e-05	1.85e-05	9.90e-06
 3.38623e+16	1.22e-04	2.77e-02	9.72e-01	9.47e-06	0.00e+00	0.00e+00	0.00e+00	0.00e+00	0.00e+00	8.85e-05	2.18e-05	1.16e-05
 3.49441e+16	1.40e-04	2.95e-02	9.70e-01	8.82e-06	0.00e+00	0.00e+00	0.00e+00	0.00e+00	0.00e+00	1.02e-04	2.50e-05	1.34e-05
 3.61034e+16	1.61e-04	3.14e-02	9.68e-01	8.19e-06	0.00e+00	0.00e+00	0.00e+00	0.00e+00	0.00e+00	1.17e-04	2.86e-05	1.53e-05
 3.76105e+16	1.93e-04	3.42e-02	9.66e-01	7.50e-06	0.00e+00	0.00e+00	0.00e+00	0.00e+00	0.00e+00	1.41e-04	3.42e-05	1.84e-05
 3.91137e+16	2.38e-04	3.77e-02	9.62e-01	6.85e-06	0.00e+00	0.00e+00	0.00e+00	0.00e+00	0.00e+00	1.73e-04	4.19e-05	2.25e-05
 4.02191e+16	2.79e-04	4.06e-02	9.59e-01	6.39e-06	0.00e+00	0.00e+00	0.00e+00	0.00e+00	0.00e+00	2.03e-04	4.90e-05	2.64e-05
 4.10993e+16	3.16e-04	4.32e-02	9.56e-01	6.07e-06	0.00e+00	0.00e+00	0.00e+00	0.00e+00	0.00e+00	2.31e-04	5.55e-05	2.99e-05
 4.20794e+16	3.59e-04	4.60e-02	9.54e-01	5.73e-06	0.00e+00	0.00e+00	0.00e+00	0.00e+00	0.00e+00	2.63e-04	6.28e-05	3.39e-05
 4.33535e+16	4.29e-04	5.02e-02	9.49e-01	5.33e-06	0.00e+00	0.00e+00	0.00e+00	0.00e+00	0.00e+00	3.14e-04	7.47e-05	4.04e-05
 4.46858e+16	5.25e-04	5.56e-02	9.44e-01	4.89e-06	0.00e+00	0.00e+00	0.00e+00	0.00e+00	0.00e+00	3.85e-04	9.11e-05	4.94e-05
 4.57606e+16	6.24e-04	6.07e-02	9.39e-01	4.54e-06	0.00e+00	0.00e+00	0.00e+00	0.00e+00	0.00e+00	4.57e-04	1.08e-04	5.86e-05
 4.66498e+16	7.21e-04	6.54e-02	9.34e-01	4.27e-06	0.00e+00	0.00e+00	0.00e+00	0.00e+00	0.00e+00	5.29e-04	1.24e-04	6.76e-05
 4.76308e+16	8.37e-04	7.06e-02	9.29e-01	4.00e-06	0.00e+00	0.00e+00	0.00e+00	0.00e+00	0.00e+00	6.15e-04	1.44e-04	7.83e-05
 4.89061e+16	1.02e-03	7.84e-02	9.21e-01	3.66e-06	0.00e+00	0.00e+00	0.00e+00	0.00e+00	0.00e+00	7.52e-04	1.75e-04	9.54e-05
 5.02139e+16	1.28e-03	8.85e-02	9.10e-01	3.30e-06	0.00e+00	0.00e+00	0.00e+00	0.00e+00	0.00e+00	9.47e-04	2.18e-04	1.19e-04
 5.12316e+16	1.55e-03	9.79e-02	9.00e-01	3.01e-06	0.00e+00	0.00e+00	0.00e+00	0.00e+00	0.00e+00	1.15e-03	2.63e-04	1.44e-04
 5.20585e+16	1.82e-03	1.07e-01	8.92e-01	2.79e-06	0.00e+00	0.00e+00	0.00e+00	0.00e+00	0.00e+00	1.35e-03	3.07e-04	1.69e-04
 5.29699e+16	2.14e-03	1.16e-01	8.82e-01	2.56e-06	0.00e+00	0.00e+00	0.00e+00	0.00e+00	0.00e+00	1.58e-03	3.58e-04	1.97e-04
 5.41546e+16	2.68e-03	1.31e-01	8.66e-01	2.28e-06	0.00e+00	0.00e+00	0.00e+00	0.00e+00	0.00e+00	1.99e-03	4.44e-04	2.46e-04
 5.53591e+16	3.48e-03	1.51e-01	8.45e-01	1.98e-06	0.00e+00	0.00e+00	0.00e+00	0.00e+00	0.00e+00	2.58e-03	5.74e-04	3.18e-04
 5.62508e+16	4.27e-03	1.69e-01	8.27e-01	1.75e-06	0.00e+00	0.00e+00	0.00e+00	0.00e+00	0.00e+00	3.18e-03	7.02e-04	3.90e-04
 5.69211e+16	4.98e-03	1.83e-01	8.12e-01	1.58e-06	0.00e+00	0.00e+00	0.00e+00	0.00e+00	0.00e+00	3.71e-03	8.16e-04	4.54e-04
 5.76420e+16	5.88e-03	2.01e-01	7.93e-01	1.42e-06	0.00e+00	0.00e+00	0.00e+00	0.00e+00	0.00e+00	4.39e-03	9.61e-04	5.35e-04
 5.85791e+16	7.37e-03	2.26e-01	7.66e-01	1.22e-06	0.00e+00	0.00e+00	0.00e+00	0.00e+00	0.00e+00	5.50e-03	1.20e-03	6.69e-04
 5.95295e+16	9.48e-03	2.58e-01	7.32e-01	1.01e-06	0.00e+00	0.00e+00	0.00e+00	0.00e+00	0.00e+00	7.09e-03	1.54e-03	8.59e-04
 6.02427e+16	1.16e-02	2.87e-01	7.02e-01	8.64e-07	0.00e+00	0.00e+00	0.00e+00	0.00e+00	0.00e+00	8.68e-03	1.88e-03	1.05e-03
 6.07960e+16	1.37e-02	3.11e-01	6.75e-01	7.52e-07	0.00e+00	0.00e+00	0.00e+00	0.00e+00	0.00e+00	1.02e-02	2.20e-03	1.23e-03
 6.13955e+16	1.63e-02	3.40e-01	6.43e-01	6.42e-07	0.00e+00	0.00e+00	0.00e+00	0.00e+00	0.00e+00	1.22e-02	2.62e-03	1.47e-03
 6.21748e+16	2.07e-02	3.82e-01	5.97e-01	5.09e-07	0.00e+00	0.00e+00	0.00e+00	0.00e+00	0.00e+00	1.55e-02	3.32e-03	1.86e-03
 6.29431e+16	2.68e-02	4.31e-01	5.42e-01	3.87e-07	0.00e+00	0.00e+00	0.00e+00	0.00e+00	0.00e+00	2.01e-02	4.30e-03	2.41e-03
 6.34914e+16	3.27e-02	4.70e-01	4.97e-01	3.07e-07	0.00e+00	0.00e+00	0.00e+00	0.00e+00	0.00e+00	2.45e-02	5.24e-03	2.94e-03
 6.39125e+16	3.82e-02	5.02e-01	4.60e-01	2.52e-07	0.00e+00	0.00e+00	0.00e+00	0.00e+00	0.00e+00	2.86e-02	6.11e-03	3.43e-03
 6.43739e+16	4.52e-02	5.37e-01	4.18e-01	1.99e-07	0.00e+00	0.00e+00	0.00e+00	0.00e+00	0.00e+00	3.39e-02	7.22e-03	4.06e-03
 6.49736e+16	5.67e-02	5.83e-01	3.60e-01	1.41e-07	0.00e+00	0.00e+00	0.00e+00	0.00e+00	0.00e+00	4.25e-02	9.05e-03	5.09e-03
 6.55245e+16	7.16e-02	6.28e-01	3.01e-01	0.00e+00	0.00e+00	0.00e+00	0.00e+00	0.00e+00	0.00e+00	5.37e-02	1.14e-02	6.43e-03
 6.58576e+16	8.30e-02	6.54e-01	2.63e-01	0.00e+00	0.00e+00	0.00e+00	0.00e+00	0.00e+00	0.00e+00	6.23e-02	1.32e-02	7.45e-03
 6.60862e+16	9.17e-02	6.70e-01	2.38e-01	0.00e+00	0.00e+00	0.00e+00	0.00e+00	0.00e+00	0.00e+00	6.88e-02	1.46e-02	8.23e-03
 6.63332e+16	1.02e-01	6.85e-01	2.12e-01	0.00e+00	0.00e+00	0.00e+00	0.00e+00	0.00e+00	0.00e+00	7.66e-02	1.63e-02	9.16e-03
 6.66542e+16	1.18e-01	7.03e-01	1.80e-01	0.00e+00	0.00e+00	0.00e+00	0.00e+00	0.00e+00	0.00e+00	8.83e-02	1.87e-02	1.06e-02
 6.69841e+16	1.38e-01	7.16e-01	1.46e-01	0.00e+00	0.00e+00	0.00e+00	0.00e+00	0.00e+00	0.00e+00	1.03e-01	2.20e-02	1.24e-02
 6.72353e+16	1.56e-01	7.22e-01	1.22e-01	0.00e+00	0.00e+00	0.00e+00	0.00e+00	0.00e+00	0.00e+00	1.17e-01	2.48e-02	1.40e-02
 6.74254e+16	1.71e-01	7.24e-01	1.05e-01	0.00e+00	0.00e+00	0.00e+00	0.00e+00	0.00e+00	0.00e+00	1.29e-01	2.72e-02	1.54e-02
 6.76260e+16	1.90e-01	7.22e-01	8.80e-02	0.00e+00	0.00e+00	0.00e+00	0.00e+00	0.00e+00	0.00e+00	1.42e-01	3.01e-02	1.70e-02
 6.78513e+16	2.13e-01	7.16e-01	7.08e-02	0.00e+00	0.00e+00	0.00e+00	0.00e+00	0.00e+00	0.00e+00	1.60e-01	3.38e-02	1.91e-02
 6.80538e+16	2.38e-01	7.05e-01	5.67e-02	0.00e+00	0.00e+00	0.00e+00	0.00e+00	0.00e+00	0.00e+00	1.79e-01	3.76e-02	2.13e-02
 6.82196e+16	2.61e-01	6.93e-01	4.64e-02	0.00e+00	0.00e+00	0.00e+00	0.00e+00	0.00e+00	0.00e+00	1.96e-01	4.11e-02	2.33e-02
 6.83674e+16	2.83e-01	6.79e-01	3.82e-02	0.00e+00	0.00e+00	0.00e+00	0.00e+00	0.00e+00	0.00e+00	2.13e-01	4.45e-02	2.52e-02
 6.85344e+16	3.11e-01	6.59e-01	3.01e-02	0.00e+00	0.00e+00	0.00e+00	0.00e+00	0.00e+00	0.00e+00	2.34e-01	4.87e-02	2.76e-02
 6.87121e+16	3.45e-01	6.33e-01	2.26e-02	0.00e+00	0.00e+00	0.00e+00	0.00e+00	0.00e+00	0.00e+00	2.60e-01	5.38e-02	3.06e-02
 6.88576e+16	3.76e-01	6.06e-01	1.73e-02	0.00e+00	0.00e+00	0.00e+00	0.00e+00	0.00e+00	0.00e+00	2.85e-01	5.84e-02	3.33e-02
 6.89733e+16	4.03e-01	5.83e-01	1.38e-02	0.00e+00	0.00e+00	0.00e+00	0.00e+00	0.00e+00	0.00e+00	3.05e-01	6.23e-02	3.55e-02
 6.90886e+16	4.32e-01	5.57e-01	1.09e-02	0.00e+00	0.00e+00	0.00e+00	0.00e+00	0.00e+00	0.00e+00	3.28e-01	6.63e-02	3.79e-02
 6.92145e+16	4.66e-01	5.26e-01	8.12e-03	0.00e+00	0.00e+00	0.00e+00	0.00e+00	0.00e+00	0.00e+00	3.54e-01	7.10e-02	4.07e-02
 6.93302e+16	5.01e-01	4.93e-01	6.04e-03	0.00e+00	0.00e+00	0.00e+00	0.00e+00	0.00e+00	0.00e+00	3.81e-01	7.56e-02	4.35e-02
 6.94200e+16	5.29e-01	4.67e-01	4.72e-03	0.00e+00	0.00e+00	0.00e+00	0.00e+00	0.00e+00	0.00e+00	4.04e-01	7.92e-02	4.57e-02
 6.94909e+16	5.51e-01	4.45e-01	3.84e-03	0.00e+00	0.00e+00	0.00e+00	0.00e+00	0.00e+00	0.00e+00	4.22e-01	8.20e-02	4.75e-02
 6.95566e+16	5.72e-01	4.24e-01	3.14e-03	0.00e+00	0.00e+00	0.00e+00	0.00e+00	0.00e+00	0.00e+00	4.39e-01	8.45e-02	4.91e-02
 6.96226e+16	5.95e-01	4.03e-01	2.54e-03	0.00e+00	0.00e+00	0.00e+00	0.00e+00	0.00e+00	0.00e+00	4.57e-01	8.71e-02	5.07e-02
 6.96746e+16	6.13e-01	3.85e-01	2.12e-03	0.00e+00	0.00e+00	0.00e+00	0.00e+00	0.00e+00	0.00e+00	4.72e-01	8.90e-02	5.20e-02
 6.97070e+16	6.23e-01	3.75e-01	1.91e-03	0.00e+00	0.00e+00	0.00e+00	0.00e+00	0.00e+00	0.00e+00	4.81e-01	9.00e-02	5.27e-02
 6.97358e+16	6.33e-01	3.65e-01	1.72e-03	0.00e+00	0.00e+00	0.00e+00	0.00e+00	0.00e+00	0.00e+00	4.89e-01	9.11e-02	5.34e-02
 6.97705e+16	6.45e-01	3.53e-01	1.51e-03	0.00e+00	0.00e+00	0.00e+00	0.00e+00	0.00e+00	0.00e+00	4.99e-01	9.22e-02	5.42e-02
 6.98088e+16	6.59e-01	3.40e-01	1.31e-03	0.00e+00	0.00e+00	0.00e+00	0.00e+00	0.00e+00	0.00e+00	5.10e-01	9.35e-02	5.50e-02
 6.98443e+16	6.72e-01	3.27e-01	1.13e-03	0.00e+00	0.00e+00	0.00e+00	0.00e+00	0.00e+00	0.00e+00	5.21e-01	9.47e-02	5.59e-02
 6.98756e+16	6.83e-01	3.16e-01	1.00e-03	0.00e+00	0.00e+00	0.00e+00	0.00e+00	0.00e+00	0.00e+00	5.31e-01	9.56e-02	5.65e-02
 6.99054e+16	6.94e-01	3.05e-01	8.83e-04	0.00e+00	0.00e+00	0.00e+00	0.00e+00	0.00e+00	0.00e+00	5.40e-01	9.65e-02	5.72e-02
 6.99360e+16	7.05e-01	2.94e-01	7.75e-04	0.00e+00	0.00e+00	0.00e+00	0.00e+00	0.00e+00	0.00e+00	5.50e-01	9.73e-02	5.78e-02
 6.99670e+16	7.16e-01	2.83e-01	6.75e-04	0.00e+00	0.00e+00	0.00e+00	0.00e+00	0.00e+00	0.00e+00	5.59e-01	9.82e-02	5.84e-02
 6.99969e+16	7.27e-01	2.72e-01	5.89e-04	0.00e+00	0.00e+00	0.00e+00	0.00e+00	0.00e+00	0.00e+00	5.69e-01	9.89e-02	5.90e-02
 7.00253e+16	7.37e-01	2.62e-01	5.16e-04	0.00e+00	0.00e+00	0.00e+00	0.00e+00	0.00e+00	0.00e+00	5.78e-01	9.96e-02	5.95e-02
 7.00529e+16	7.47e-01	2.52e-01	4.52e-04	0.00e+00	0.00e+00	0.00e+00	0.00e+00	0.00e+00	0.00e+00	5.87e-01	1.00e-01	6.00e-02
 7.00803e+16	7.57e-01	2.43e-01	3.95e-04	0.00e+00	0.00e+00	0.00e+00	0.00e+00	0.00e+00	0.00e+00	5.96e-01	1.01e-01	6.04e-02
 7.01075e+16	7.67e-01	2.33e-01	3.45e-04	0.00e+00	0.00e+00	0.00e+00	0.00e+00	0.00e+00	0.00e+00	6.04e-01	1.01e-01	6.09e-02
 7.01340e+16	7.76e-01	2.24e-01	3.00e-04	0.00e+00	0.00e+00	0.00e+00	0.00e+00	0.00e+00	0.00e+00	6.13e-01	1.02e-01	6.13e-02
 7.01597e+16	7.85e-01	2.15e-01	2.62e-04	0.00e+00	0.00e+00	0.00e+00	0.00e+00	0.00e+00	0.00e+00	6.21e-01	1.02e-01	6.16e-02
 7.01848e+16	7.94e-01	2.06e-01	2.29e-04	0.00e+00	0.00e+00	0.00e+00	0.00e+00	0.00e+00	0.00e+00	6.29e-01	1.02e-01	6.19e-02
 7.02096e+16	8.02e-01	1.98e-01	1.99e-04	0.00e+00	0.00e+00	0.00e+00	0.00e+00	0.00e+00	0.00e+00	6.37e-01	1.03e-01	6.22e-02
 7.02340e+16	8.10e-01	1.89e-01	1.73e-04	0.00e+00	0.00e+00	0.00e+00	0.00e+00	0.00e+00	0.00e+00	6.45e-01	1.03e-01	6.24e-02
 7.02578e+16	8.18e-01	1.81e-01	1.51e-04	0.00e+00	0.00e+00	0.00e+00	0.00e+00	0.00e+00	0.00e+00	6.53e-01	1.03e-01	6.27e-02
 7.02811e+16	8.26e-01	1.74e-01	1.31e-04	0.00e+00	0.00e+00	0.00e+00	0.00e+00	0.00e+00	0.00e+00	6.60e-01	1.03e-01	6.29e-02
 7.03040e+16	8.33e-01	1.66e-01	1.14e-04	0.00e+00	0.00e+00	0.00e+00	0.00e+00	0.00e+00	0.00e+00	6.67e-01	1.03e-01	6.30e-02
 7.03265e+16	8.41e-01	1.59e-01	9.92e-05	0.00e+00	0.00e+00	0.00e+00	0.00e+00	0.00e+00	0.00e+00	6.74e-01	1.03e-01	6.31e-02
 7.03486e+16	8.48e-01	1.52e-01	8.62e-05	0.00e+00	0.00e+00	0.00e+00	0.00e+00	0.00e+00	0.00e+00	6.81e-01	1.03e-01	6.32e-02
 7.03702e+16	8.54e-01	1.46e-01	7.48e-05	0.00e+00	0.00e+00	0.00e+00	0.00e+00	0.00e+00	0.00e+00	6.88e-01	1.03e-01	6.33e-02
 7.03915e+16	8.61e-01	1.39e-01	6.50e-05	0.00e+00	0.00e+00	0.00e+00	0.00e+00	0.00e+00	0.00e+00	6.94e-01	1.03e-01	6.34e-02
 7.04123e+16	8.67e-01	1.33e-01	5.64e-05	0.00e+00	0.00e+00	0.00e+00	0.00e+00	0.00e+00	0.00e+00	7.00e-01	1.03e-01	6.34e-02
 7.04327e+16	8.73e-01	1.27e-01	4.90e-05	0.00e+00	0.00e+00	0.00e+00	0.00e+00	0.00e+00	0.00e+00	7.06e-01	1.03e-01	6.34e-02
 7.04524e+16	8.78e-01	1.22e-01	4.26e-05	0.00e+00	0.00e+00	0.00e+00	0.00e+00	0.00e+00	0.00e+00	7.12e-01	1.03e-01	6.34e-02
 7.04714e+16	8.84e-01	1.16e-01	3.72e-05	0.00e+00	0.00e+00	0.00e+00	0.00e+00	0.00e+00	0.00e+00	7.17e-01	1.03e-01	6.34e-02
 7.04903e+16	8.89e-01	1.11e-01	3.24e-05	0.00e+00	0.00e+00	0.00e+00	0.00e+00	0.00e+00	0.00e+00	7.22e-01	1.03e-01	6.34e-02
 7.05086e+16	8.94e-01	1.06e-01	2.83e-05	0.00e+00	0.00e+00	0.00e+00	0.00e+00	0.00e+00	0.00e+00	7.27e-01	1.03e-01	6.33e-02
 7.05263e+16	8.98e-01	1.02e-01	2.47e-05	0.00e+00	0.00e+00	0.00e+00	0.00e+00	0.00e+00	0.00e+00	7.32e-01	1.03e-01	6.33e-02
 7.05434e+16	9.02e-01	9.76e-02	2.17e-05	0.00e+00	0.00e+00	0.00e+00	0.00e+00	0.00e+00	0.00e+00	7.37e-01	1.02e-01	6.32e-02
 7.05602e+16	9.07e-01	9.34e-02	1.89e-05	0.00e+00	0.00e+00	0.00e+00	0.00e+00	0.00e+00	0.00e+00	7.41e-01	1.02e-01	6.32e-02
 7.05767e+16	9.11e-01	8.95e-02	1.66e-05	0.00e+00	0.00e+00	0.00e+00	0.00e+00	0.00e+00	0.00e+00	7.45e-01	1.02e-01	6.31e-02
 7.05927e+16	9.14e-01	8.57e-02	1.46e-05	0.00e+00	0.00e+00	0.00e+00	0.00e+00	0.00e+00	0.00e+00	7.49e-01	1.02e-01	6.30e-02
 7.06084e+16	9.18e-01	8.21e-02	1.28e-05	0.00e+00	0.00e+00	0.00e+00	0.00e+00	0.00e+00	0.00e+00	7.53e-01	1.02e-01	6.29e-02
 7.06236e+16	9.21e-01	7.87e-02	1.13e-05	0.00e+00	0.00e+00	0.00e+00	0.00e+00	0.00e+00	0.00e+00	7.56e-01	1.02e-01	6.29e-02
 7.06386e+16	9.25e-01	7.54e-02	9.92e-06	0.00e+00	0.00e+00	0.00e+00	0.00e+00	0.00e+00	0.00e+00	7.60e-01	1.02e-01	6.28e-02
 7.06532e+16	9.28e-01	7.23e-02	8.73e-06	0.00e+00	0.00e+00	0.00e+00	0.00e+00	0.00e+00	0.00e+00	7.63e-01	1.02e-01	6.27e-02
 7.06675e+16	9.31e-01	6.93e-02	7.71e-06	0.00e+00	0.00e+00	0.00e+00	0.00e+00	0.00e+00	0.00e+00	7.66e-01	1.02e-01	6.26e-02
 7.06815e+16	9.34e-01	6.64e-02	6.79e-06	0.00e+00	0.00e+00	0.00e+00	0.00e+00	0.00e+00	0.00e+00	7.69e-01	1.02e-01	6.25e-02
 7.06951e+16	9.36e-01	6.37e-02	6.00e-06	0.00e+00	0.00e+00	0.00e+00	0.00e+00	0.00e+00	0.00e+00	7.72e-01	1.02e-01	6.24e-02
 7.07084e+16	9.39e-01	6.11e-02	5.32e-06	0.00e+00	0.00e+00	0.00e+00	0.00e+00	0.00e+00	0.00e+00	7.75e-01	1.01e-01	6.24e-02
 7.07217e+16	9.41e-01	5.86e-02	4.69e-06	0.00e+00	0.00e+00	0.00e+00	0.00e+00	0.00e+00	0.00e+00	7.78e-01	1.02e-01	6.23e-02
 7.07346e+16	9.44e-01	5.62e-02	4.15e-06	0.00e+00	0.00e+00	0.00e+00	0.00e+00	0.00e+00	0.00e+00	7.80e-01	1.02e-01	6.22e-02
 7.07471e+16	9.46e-01	5.39e-02	3.68e-06	0.00e+00	0.00e+00	0.00e+00	0.00e+00	0.00e+00	0.00e+00	7.82e-01	1.02e-01	6.22e-02
 7.07593e+16	9.48e-01	5.18e-02	3.27e-06	0.00e+00	0.00e+00	0.00e+00	0.00e+00	0.00e+00	0.00e+00	7.85e-01	1.02e-01	6.21e-02
 7.07714e+16	9.50e-01	4.97e-02	2.89e-06	0.00e+00	0.00e+00	0.00e+00	0.00e+00	0.00e+00	0.00e+00	7.87e-01	1.02e-01	6.20e-02
 7.07832e+16	9.52e-01	4.77e-02	2.57e-06	0.00e+00	0.00e+00	0.00e+00	0.00e+00	0.00e+00	0.00e+00	7.89e-01	1.02e-01	6.19e-02
 7.07948e+16	9.54e-01	4.57e-02	2.28e-06	0.00e+00	0.00e+00	0.00e+00	0.00e+00	0.00e+00	0.00e+00	7.91e-01	1.02e-01	6.19e-02
 7.08061e+16	9.56e-01	4.39e-02	2.03e-06	0.00e+00	0.00e+00	0.00e+00	0.00e+00	0.00e+00	0.00e+00	7.92e-01	1.02e-01	6.18e-02
 7.08171e+16	9.58e-01	4.22e-02	1.80e-06	0.00e+00	0.00e+00	0.00e+00	0.00e+00	0.00e+00	0.00e+00	7.94e-01	1.02e-01	6.17e-02
 7.08280e+16	9.60e-01	4.05e-02	1.61e-06	0.00e+00	0.00e+00	0.00e+00	0.00e+00	0.00e+00	0.00e+00	7.96e-01	1.02e-01	6.16e-02
 7.08387e+16	9.61e-01	3.88e-02	1.43e-06	0.00e+00	0.00e+00	0.00e+00	0.00e+00	0.00e+00	0.00e+00	7.97e-01	1.02e-01	6.16e-02
 7.08491e+16	9.63e-01	3.73e-02	1.27e-06	0.00e+00	0.00e+00	0.00e+00	0.00e+00	0.00e+00	0.00e+00	7.99e-01	1.02e-01	6.15e-02
 7.08593e+16	9.64e-01	3.58e-02	1.13e-06	0.00e+00	0.00e+00	0.00e+00	0.00e+00	0.00e+00	0.00e+00	8.00e-01	1.03e-01	6.15e-02
 7.08692e+16	9.66e-01	3.44e-02	1.01e-06	0.00e+00	0.00e+00	0.00e+00	0.00e+00	0.00e+00	0.00e+00	8.01e-01	1.03e-01	6.15e-02
 7.08790e+16	9.67e-01	3.30e-02	9.03e-07	0.00e+00	0.00e+00	0.00e+00	0.00e+00	0.00e+00	0.00e+00	8.02e-01	1.03e-01	6.15e-02
 7.08885e+16	9.68e-01	3.17e-02	8.07e-07	0.00e+00	0.00e+00	0.00e+00	0.00e+00	0.00e+00	0.00e+00	8.03e-01	1.03e-01	6.15e-02
 7.08978e+16	9.70e-01	3.04e-02	7.21e-07	0.00e+00	0.00e+00	0.00e+00	0.00e+00	0.00e+00	0.00e+00	8.04e-01	1.04e-01	6.15e-02
 7.09069e+16	9.71e-01	2.92e-02	6.44e-07	0.00e+00	0.00e+00	0.00e+00	0.00e+00	0.00e+00	0.00e+00	8.05e-01	1.04e-01	6.15e-02
 7.09158e+16	9.72e-01	2.80e-02	5.76e-07	0.00e+00	0.00e+00	0.00e+00	0.00e+00	0.00e+00	0.00e+00	8.06e-01	1.05e-01	6.15e-02
 7.09244e+16	9.73e-01	2.69e-02	5.16e-07	0.00e+00	0.00e+00	0.00e+00	0.00e+00	0.00e+00	0.00e+00	8.07e-01	1.05e-01	6.16e-02
 7.09328e+16	9.74e-01	2.58e-02	4.62e-07	0.00e+00	0.00e+00	0.00e+00	0.00e+00	0.00e+00	0.00e+00	8.07e-01	1.05e-01	6.16e-02
 7.09410e+16	9.75e-01	2.48e-02	4.14e-07	0.00e+00	0.00e+00	0.00e+00	0.00e+00	0.00e+00	0.00e+00	8.08e-01	1.06e-01	6.17e-02
 7.09490e+16	9.76e-01	2.38e-02	3.71e-07	0.00e+00	0.00e+00	0.00e+00	0.00e+00	0.00e+00	0.00e+00	8.08e-01	1.07e-01	6.18e-02
 7.09567e+16	9.77e-01	2.28e-02	3.33e-07	0.00e+00	0.00e+00	0.00e+00	0.00e+00	0.00e+00	0.00e+00	8.08e-01	1.07e-01	6.19e-02
 7.09642e+16	9.78e-01	2.19e-02	2.99e-07	0.00e+00	0.00e+00	0.00e+00	0.00e+00	0.00e+00	0.00e+00	8.08e-01	1.08e-01	6.20e-02
 7.09713e+16	9.79e-01	2.10e-02	2.69e-07	0.00e+00	0.00e+00	0.00e+00	0.00e+00	0.00e+00	0.00e+00	8.08e-01	1.08e-01	6.21e-02
 7.09778e+16	9.80e-01	2.02e-02	2.43e-07	0.00e+00	0.00e+00	0.00e+00	0.00e+00	0.00e+00	0.00e+00	8.08e-01	1.09e-01	6.22e-02
 7.09839e+16	9.80e-01	1.95e-02	2.22e-07	0.00e+00	0.00e+00	0.00e+00	0.00e+00	0.00e+00	0.00e+00	8.08e-01	1.10e-01	6.23e-02
 7.09895e+16	9.81e-01	1.89e-02	2.03e-07	0.00e+00	0.00e+00	0.00e+00	0.00e+00	0.00e+00	0.00e+00	8.08e-01	1.11e-01	6.25e-02
 7.09946e+16	9.82e-01	1.82e-02	1.87e-07	0.00e+00	0.00e+00	0.00e+00	0.00e+00	0.00e+00	0.00e+00	8.08e-01	1.11e-01	6.26e-02
 7.09994e+16	9.82e-01	1.77e-02	1.73e-07	0.00e+00	0.00e+00	0.00e+00	0.00e+00	0.00e+00	0.00e+00	8.08e-01	1.12e-01	6.28e-02
 7.10037e+16	9.83e-01	1.71e-02	1.60e-07	0.00e+00	0.00e+00	0.00e+00	0.00e+00	0.00e+00	0.00e+00	8.07e-01	1.13e-01	6.30e-02
 7.10077e+16	9.83e-01	1.67e-02	1.49e-07	0.00e+00	0.00e+00	0.00e+00	0.00e+00	0.00e+00	0.00e+00	8.07e-01	1.13e-01	6.31e-02
 7.10114e+16	9.84e-01	1.62e-02	1.39e-07	0.00e+00	0.00e+00	0.00e+00	0.00e+00	0.00e+00	0.00e+00	8.06e-01	1.14e-01	6.33e-02
 7.10149e+16	9.84e-01	1.58e-02	1.30e-07	0.00e+00	0.00e+00	0.00e+00	0.00e+00	0.00e+00	0.00e+00	8.06e-01	1.15e-01	6.34e-02
 7.10181e+16	9.85e-01	1.54e-02	1.23e-07	0.00e+00	0.00e+00	0.00e+00	0.00e+00	0.00e+00	0.00e+00	8.05e-01	1.16e-01	6.36e-02
 7.10210e+16	9.85e-01	1.50e-02	1.16e-07	0.00e+00	0.00e+00	0.00e+00	0.00e+00	0.00e+00	0.00e+00	8.05e-01	1.16e-01	6.38e-02
 7.10237e+16	9.85e-01	1.46e-02	1.09e-07	0.00e+00	0.00e+00	0.00e+00	0.00e+00	0.00e+00	0.00e+00	8.04e-01	1.17e-01	6.39e-02
 7.10263e+16	9.86e-01	1.43e-02	1.03e-07	0.00e+00	0.00e+00	0.00e+00	0.00e+00	0.00e+00	0.00e+00	8.04e-01	1.18e-01	6.41e-02
 7.10286e+16	9.86e-01	1.40e-02	9.82e-08	0.00e+00	0.00e+00	0.00e+00	0.00e+00	0.00e+00	0.00e+00	8.03e-01	1.19e-01	6.43e-02
 7.10308e+16	9.86e-01	1.37e-02	9.39e-08	0.00e+00	0.00e+00	0.00e+00	0.00e+00	0.00e+00	0.00e+00	8.03e-01	1.19e-01	6.44e-02
 7.10330e+16	9.87e-01	1.34e-02	8.87e-08	0.00e+00	0.00e+00	0.00e+00	0.00e+00	0.00e+00	0.00e+00	8.02e-01	1.20e-01	6.46e-02
 7.10350e+16	9.87e-01	1.31e-02	8.44e-08	0.00e+00	0.00e+00	0.00e+00	0.00e+00	0.00e+00	0.00e+00	8.01e-01	1.21e-01	6.48e-02
 7.10366e+16	9.87e-01	1.29e-02	8.13e-08	0.00e+00	0.00e+00	0.00e+00	0.00e+00	0.00e+00	0.00e+00	8.01e-01	1.22e-01	6.49e-02
 7.10382e+16	9.87e-01	1.26e-02	7.75e-08	0.00e+00	0.00e+00	0.00e+00	0.00e+00	0.00e+00	0.00e+00	8.00e-01	1.23e-01	6.51e-02
 7.10398e+16	9.88e-01	1.24e-02	7.46e-08	0.00e+00	0.00e+00	0.00e+00	0.00e+00	0.00e+00	0.00e+00	7.99e-01	1.23e-01	6.52e-02
 7.10412e+16	9.88e-01	1.21e-02	7.13e-08	0.00e+00	0.00e+00	0.00e+00	0.00e+00	0.00e+00	0.00e+00	7.98e-01	1.24e-01	6.55e-02
 7.10425e+16	9.88e-01	1.19e-02	6.89e-08	0.00e+00	0.00e+00	0.00e+00	0.00e+00	0.00e+00	0.00e+00	7.98e-01	1.25e-01	6.56e-02
 7.10437e+16	9.88e-01	1.17e-02	6.60e-08	0.00e+00	0.00e+00	0.00e+00	0.00e+00	0.00e+00	0.00e+00	7.97e-01	1.26e-01	6.58e-02
 7.10448e+16	9.88e-01	1.15e-02	6.40e-08	0.00e+00	0.00e+00	0.00e+00	0.00e+00	0.00e+00	0.00e+00	7.96e-01	1.26e-01	6.59e-02
 7.10458e+16	9.89e-01	1.13e-02	6.15e-08	0.00e+00	0.00e+00	0.00e+00	0.00e+00	0.00e+00	0.00e+00	7.95e-01	1.27e-01	6.61e-02
 7.10468e+16	9.89e-01	1.11e-02	5.97e-08	0.00e+00	0.00e+00	0.00e+00	0.00e+00	0.00e+00	0.00e+00	7.95e-01	1.28e-01	6.62e-02
 7.10477e+16	9.89e-01	1.09e-02	5.74e-08	0.00e+00	0.00e+00	0.00e+00	0.00e+00	0.00e+00	0.00e+00	7.94e-01	1.29e-01	6.65e-02
 7.10485e+16	9.89e-01	1.08e-02	5.59e-08	0.00e+00	0.00e+00	0.00e+00	0.00e+00	0.00e+00	0.00e+00	7.93e-01	1.29e-01	6.66e-02
 7.10493e+16	9.89e-01	1.06e-02	5.38e-08	0.00e+00	0.00e+00	0.00e+00	0.00e+00	0.00e+00	0.00e+00	7.92e-01	1.30e-01	6.68e-02
 7.10500e+16	9.90e-01	1.04e-02	5.23e-08	0.00e+00	0.00e+00	0.00e+00	0.00e+00	0.00e+00	0.00e+00	7.92e-01	1.31e-01	6.69e-02
 7.10507e+16	9.90e-01	1.02e-02	5.03e-08	0.00e+00	0.00e+00	0.00e+00	0.00e+00	0.00e+00	0.00e+00	7.91e-01	1.32e-01	6.72e-02
 7.10515e+16	9.90e-01	1.00e-02	4.84e-08	0.00e+00	0.00e+00	0.00e+00	0.00e+00	0.00e+00	0.00e+00	7.90e-01	1.33e-01	6.74e-02
 7.10522e+16	9.90e-01	9.81e-03	4.65e-08	0.00e+00	0.00e+00	0.00e+00	0.00e+00	0.00e+00	0.00e+00	7.88e-01	1.34e-01	6.76e-02
 7.10529e+16	9.90e-01	9.60e-03	4.46e-08	0.00e+00	0.00e+00	0.00e+00	0.00e+00	0.00e+00	0.00e+00	7.87e-01	1.35e-01	6.78e-02
 7.10536e+16	9.91e-01	9.35e-03	4.25e-08	0.00e+00	0.00e+00	0.00e+00	0.00e+00	0.00e+00	0.00e+00	7.86e-01	1.37e-01	6.81e-02
 7.10543e+16	9.91e-01	9.04e-03	3.99e-08	0.00e+00	0.00e+00	0.00e+00	0.00e+00	0.00e+00	0.00e+00	7.84e-01	1.39e-01	6.85e-02
 7.10550e+16	9.91e-01	8.69e-03	3.72e-08	0.00e+00	0.00e+00	0.00e+00	0.00e+00	0.00e+00	0.00e+00	7.81e-01	1.41e-01	6.90e-02
 7.10557e+16	9.92e-01	8.19e-03	3.35e-08	0.00e+00	0.00e+00	0.00e+00	0.00e+00	0.00e+00	0.00e+00	7.77e-01	1.45e-01	6.97e-02
 7.10564e+16	9.97e-01	3.03e-03	5.33e-09	0.00e+00	0.00e+00	0.00e+00	0.00e+00	0.00e+00	0.00e+00	7.22e-01	2.00e-01	7.53e-02
