#depth	O	O+	O+2	O+3	O+4	O+5	O+6	O+7	O+8	O[1]	O[2]	O[3]
 2.71138e+11	9.52e-06	1.23e-02	9.08e-01	8.01e-02	8.07e-06	0.00e+00	0.00e+00	0.00e+00	0.00e+00	7.16e-06	1.57e-06	7.96e-07
 1.62683e+12	9.50e-06	1.23e-02	9.08e-01	7.99e-02	8.04e-06	0.00e+00	0.00e+00	0.00e+00	0.00e+00	7.14e-06	1.57e-06	7.95e-07
 7.04958e+12	9.51e-06	1.23e-02	9.08e-01	7.93e-02	7.93e-06	0.00e+00	0.00e+00	0.00e+00	0.00e+00	7.14e-06	1.57e-06	7.96e-07
 2.87406e+13	9.53e-06	1.24e-02	9.11e-01	7.68e-02	7.54e-06	0.00e+00	0.00e+00	0.00e+00	0.00e+00	7.16e-06	1.57e-06	8.01e-07
 6.86521e+13	9.50e-06	1.24e-02	9.14e-01	7.32e-02	6.94e-06	0.00e+00	0.00e+00	0.00e+00	0.00e+00	7.12e-06	1.57e-06	8.03e-07
 1.20537e+14	9.48e-06	1.24e-02	9.19e-01	6.86e-02	6.23e-06	0.00e+00	0.00e+00	0.00e+00	0.00e+00	7.10e-06	1.57e-06	8.03e-07
 1.87987e+14	9.48e-06	1.25e-02	9.24e-01	6.30e-02	5.42e-06	0.00e+00	0.00e+00	0.00e+00	0.00e+00	7.10e-06	1.57e-06	8.04e-07
 2.75673e+14	9.50e-06	1.26e-02	9.31e-01	5.63e-02	4.51e-06	0.00e+00	0.00e+00	0.00e+00	0.00e+00	7.11e-06	1.58e-06	8.06e-07
 3.89664e+14	9.53e-06	1.27e-02	9.39e-01	4.85e-02	3.53e-06	0.00e+00	0.00e+00	0.00e+00	0.00e+00	7.14e-06	1.58e-06	8.09e-07
 5.37852e+14	9.58e-06	1.28e-02	9.47e-01	3.97e-02	2.56e-06	0.00e+00	0.00e+00	0.00e+00	0.00e+00	7.18e-06	1.59e-06	8.14e-07
 7.30497e+14	9.69e-06	1.30e-02	9.57e-01	3.05e-02	1.67e-06	0.00e+00	0.00e+00	0.00e+00	0.00e+00	7.26e-06	1.61e-06	8.22e-07
 9.80936e+14	9.84e-06	1.32e-02	9.65e-01	2.14e-02	9.54e-07	0.00e+00	0.00e+00	0.00e+00	0.00e+00	7.38e-06	1.63e-06	8.35e-07
 1.30651e+15	1.01e-05	1.35e-02	9.73e-01	1.34e-02	4.54e-07	0.00e+00	0.00e+00	0.00e+00	0.00e+00	7.55e-06	1.67e-06	8.53e-07
 1.72975e+15	1.04e-05	1.39e-02	9.79e-01	7.26e-03	1.72e-07	0.00e+00	0.00e+00	0.00e+00	0.00e+00	7.82e-06	1.72e-06	8.81e-07
 2.27996e+15	1.09e-05	1.44e-02	9.82e-01	3.28e-03	0.00e+00	0.00e+00	0.00e+00	0.00e+00	0.00e+00	8.22e-06	1.80e-06	9.21e-07
 2.99524e+15	1.16e-05	1.51e-02	9.84e-01	1.20e-03	0.00e+00	0.00e+00	0.00e+00	0.00e+00	0.00e+00	8.75e-06	1.91e-06	9.76e-07
 3.92510e+15	1.27e-05	1.59e-02	9.84e-01	3.42e-04	0.00e+00	0.00e+00	0.00e+00	0.00e+00	0.00e+00	9.53e-06	2.07e-06	1.06e-06
 4.89935e+15	1.36e-05	1.69e-02	9.83e-01	9.69e-05	0.00e+00	0.00e+00	0.00e+00	0.00e+00	0.00e+00	1.03e-05	2.23e-06	1.14e-06
 5.74385e+15	1.46e-05	1.77e-02	9.82e-01	3.49e-05	0.00e+00	0.00e+00	0.00e+00	0.00e+00	0.00e+00	1.10e-05	2.38e-06	1.21e-06
 6.65426e+15	1.60e-05	1.88e-02	9.81e-01	1.23e-05	0.00e+00	0.00e+00	0.00e+00	0.00e+00	0.00e+00	1.21e-05	2.60e-06	1.33e-06
 7.52728e+15	1.72e-05	1.98e-02	9.80e-01	4.93e-06	0.00e+00	0.00e+00	0.00e+00	0.00e+00	0.00e+00	1.30e-05	2.79e-06	1.42e-06
 8.28000e+15	1.85e-05	2.07e-02	9.79e-01	2.34e-06	0.00e+00	0.00e+00	0.00e+00	0.00e+00	0.00e+00	1.39e-05	3.00e-06	1.53e-06
 9.10800e+15	2.00e-05	2.17e-02	9.78e-01	1.10e-06	0.00e+00	0.00e+00	0.00e+00	0.00e+00	0.00e+00	1.51e-05	3.25e-06	1.66e-06
 1.00188e+16	2.18e-05	2.29e-02	9.77e-01	5.15e-07	0.00e+00	0.00e+00	0.00e+00	0.00e+00	0.00e+00	1.65e-05	3.56e-06	1.81e-06
 1.10207e+16	2.41e-05	2.42e-02	9.76e-01	2.46e-07	0.00e+00	0.00e+00	0.00e+00	0.00e+00	0.00e+00	1.81e-05	3.92e-06	2.00e-06
 1.21228e+16	2.68e-05	2.58e-02	9.74e-01	0.00e+00	0.00e+00	0.00e+00	0.00e+00	0.00e+00	0.00e+00	2.02e-05	4.38e-06	2.24e-06
 1.33350e+16	3.02e-05	2.76e-02	9.72e-01	0.00e+00	0.00e+00	0.00e+00	0.00e+00	0.00e+00	0.00e+00	2.27e-05	4.95e-06	2.53e-06
 1.46685e+16	3.45e-05	2.97e-02	9.70e-01	0.00e+00	0.00e+00	0.00e+00	0.00e+00	0.00e+00	0.00e+00	2.59e-05	5.68e-06	2.91e-06
 1.61354e+16	4.01e-05	3.21e-02	9.68e-01	0.00e+00	0.00e+00	0.00e+00	0.00e+00	0.00e+00	0.00e+00	3.01e-05	6.64e-06	3.41e-06
 1.77001e+16	4.73e-05	3.50e-02	9.65e-01	0.00e+00	0.00e+00	0.00e+00	0.00e+00	0.00e+00	0.00e+00	3.54e-05	7.88e-06	4.05e-06
 1.92284e+16	5.61e-05	3.81e-02	9.62e-01	0.00e+00	0.00e+00	0.00e+00	0.00e+00	0.00e+00	0.00e+00	4.19e-05	9.39e-06	4.83e-06
 2.06428e+16	6.61e-05	4.14e-02	9.59e-01	0.00e+00	0.00e+00	0.00e+00	0.00e+00	0.00e+00	0.00e+00	4.92e-05	1.11e-05	5.74e-06
 2.18917e+16	7.70e-05	4.45e-02	9.55e-01	0.00e+00	0.00e+00	0.00e+00	0.00e+00	0.00e+00	0.00e+00	5.73e-05	1.30e-05	6.72e-06
 2.29691e+16	8.84e-05	4.75e-02	9.52e-01	0.00e+00	0.00e+00	0.00e+00	0.00e+00	0.00e+00	0.00e+00	6.56e-05	1.50e-05	7.76e-06
 2.40891e+16	1.02e-04	5.09e-02	9.49e-01	0.00e+00	0.00e+00	0.00e+00	0.00e+00	0.00e+00	0.00e+00	7.57e-05	1.75e-05	9.03e-06
 2.52581e+16	1.20e-04	5.48e-02	9.45e-01	0.00e+00	0.00e+00	0.00e+00	0.00e+00	0.00e+00	0.00e+00	8.88e-05	2.07e-05	1.07e-05
 2.62863e+16	1.40e-04	5.87e-02	9.41e-01	0.00e+00	0.00e+00	0.00e+00	0.00e+00	0.00e+00	0.00e+00	1.03e-04	2.41e-05	1.25e-05
 2.71815e+16	1.60e-04	6.25e-02	9.37e-01	0.00e+00	0.00e+00	0.00e+00	0.00e+00	0.00e+00	0.00e+00	1.18e-04	2.77e-05	1.43e-05
 2.81633e+16	1.85e-04	6.67e-02	9.33e-01	0.00e+00	0.00e+00	0.00e+00	0.00e+00	0.00e+00	0.00e+00	1.36e-04	3.22e-05	1.67e-05
 2.92237e+16	2.19e-04	7.18e-02	9.28e-01	0.00e+00	0.00e+00	0.00e+00	0.00e+00	0.00e+00	0.00e+00	1.61e-04	3.84e-05	1.99e-05
 3.01290e+16	2.56e-04	7.69e-02	9.23e-01	0.00e+00	0.00e+00	0.00e+00	0.00e+00	0.00e+00	0.00e+00	1.88e-04	4.50e-05	2.33e-05
 3.08828e+16	2.93e-04	8.16e-02	9.18e-01	0.00e+00	0.00e+00	0.00e+00	0.00e+00	0.00e+00	0.00e+00	2.14e-04	5.16e-05	2.68e-05
 3.16971e+16	3.38e-04	8.71e-02	9.13e-01	0.00e+00	0.00e+00	0.00e+00	0.00e+00	0.00e+00	0.00e+00	2.47e-04	5.99e-05	3.11e-05
 3.25939e+16	4.02e-04	9.41e-02	9.05e-01	0.00e+00	0.00e+00	0.00e+00	0.00e+00	0.00e+00	0.00e+00	2.93e-04	7.14e-05	3.72e-05
 3.33814e+16	4.74e-04	1.01e-01	8.98e-01	0.00e+00	0.00e+00	0.00e+00	0.00e+00	0.00e+00	0.00e+00	3.45e-04	8.45e-05	4.40e-05
 3.40384e+16	5.46e-04	1.08e-01	8.91e-01	0.00e+00	0.00e+00	0.00e+00	0.00e+00	0.00e+00	0.00e+00	3.97e-04	9.78e-05	5.09e-05
 3.47424e+16	6.35e-04	1.16e-01	8.84e-01	0.00e+00	0.00e+00	0.00e+00	0.00e+00	0.00e+00	0.00e+00	4.61e-04	1.14e-04	5.95e-05
 3.55228e+16	7.62e-04	1.26e-01	8.73e-01	0.00e+00	0.00e+00	0.00e+00	0.00e+00	0.00e+00	0.00e+00	5.53e-04	1.38e-04	7.17e-05
 3.62137e+16	9.10e-04	1.37e-01	8.63e-01	0.00e+00	0.00e+00	0.00e+00	0.00e+00	0.00e+00	0.00e+00	6.59e-04	1.65e-04	8.60e-05
 3.67888e+16	1.06e-03	1.47e-01	8.52e-01	0.00e+00	0.00e+00	0.00e+00	0.00e+00	0.00e+00	0.00e+00	7.68e-04	1.93e-04	1.01e-04
 3.74022e+16	1.25e-03	1.58e-01	8.40e-01	0.00e+00	0.00e+00	0.00e+00	0.00e+00	0.00e+00	0.00e+00	9.00e-04	2.28e-04	1.19e-04
 3.80871e+16	1.52e-03	1.74e-01	8.25e-01	0.00e+00	0.00e+00	0.00e+00	0.00e+00	0.00e+00	0.00e+00	1.10e-03	2.79e-04	1.45e-04
 3.86998e+16	1.85e-03	1.90e-01	8.08e-01	0.00e+00	0.00e+00	0.00e+00	0.00e+00	0.00e+00	0.00e+00	1.33e-03	3.40e-04	1.77e-04
 3.92103e+16	2.19e-03	2.06e-01	7.92e-01	0.00e+00	0.00e+00	0.00e+00	0.00e+00	0.00e+00	0.00e+00	1.57e-03	4.04e-04	2.11e-04
 3.97531e+16	2.62e-03	2.25e-01	7.73e-01	0.00e+00	0.00e+00	0.00e+00	0.00e+00	0.00e+00	0.00e+00	1.88e-03	4.85e-04	2.53e-04
 4.03607e+16	3.26e-03	2.49e-01	7.48e-01	0.00e+00	0.00e+00	0.00e+00	0.00e+00	0.00e+00	0.00e+00	2.33e-03	6.06e-04	3.15e-04
 4.09066e+16	4.05e-03	2.76e-01	7.20e-01	0.00e+00	0.00e+00	0.00e+00	0.00e+00	0.00e+00	0.00e+00	2.90e-03	7.55e-04	3.91e-04
 4.13540e+16	4.89e-03	3.01e-01	6.95e-01	0.00e+00	0.00e+00	0.00e+00	0.00e+00	0.00e+00	0.00e+00	3.50e-03	9.15e-04	4.72e-04
 4.17510e+16	5.80e-03	3.25e-01	6.69e-01	0.00e+00	0.00e+00	0.00e+00	0.00e+00	0.00e+00	0.00e+00	4.15e-03	1.09e-03	5.61e-04
 4.21989e+16	7.03e-03	3.56e-01	6.37e-01	0.00e+00	0.00e+00	0.00e+00	0.00e+00	0.00e+00	0.00e+00	5.03e-03	1.32e-03	6.80e-04
 4.26905e+16	8.88e-03	3.94e-01	5.97e-01	0.00e+00	0.00e+00	0.00e+00	0.00e+00	0.00e+00	0.00e+00	6.34e-03	1.68e-03	8.59e-04
 4.31100e+16	1.11e-02	4.33e-01	5.56e-01	0.00e+00	0.00e+00	0.00e+00	0.00e+00	0.00e+00	0.00e+00	7.89e-03	2.10e-03	1.07e-03
 4.34389e+16	1.32e-02	4.66e-01	5.21e-01	0.00e+00	0.00e+00	0.00e+00	0.00e+00	0.00e+00	0.00e+00	9.44e-03	2.51e-03	1.28e-03
 4.37787e+16	1.59e-02	5.01e-01	4.83e-01	0.00e+00	0.00e+00	0.00e+00	0.00e+00	0.00e+00	0.00e+00	1.13e-02	3.02e-03	1.53e-03
 4.42205e+16	2.02e-02	5.49e-01	4.30e-01	0.00e+00	0.00e+00	0.00e+00	0.00e+00	0.00e+00	0.00e+00	1.44e-02	3.85e-03	1.95e-03
 4.46516e+16	2.66e-02	6.02e-01	3.71e-01	0.00e+00	0.00e+00	0.00e+00	0.00e+00	0.00e+00	0.00e+00	1.89e-02	5.07e-03	2.57e-03
 4.49487e+16	3.26e-02	6.41e-01	3.26e-01	0.00e+00	0.00e+00	0.00e+00	0.00e+00	0.00e+00	0.00e+00	2.32e-02	6.22e-03	3.14e-03
 4.51668e+16	3.79e-02	6.69e-01	2.93e-01	0.00e+00	0.00e+00	0.00e+00	0.00e+00	0.00e+00	0.00e+00	2.70e-02	7.25e-03	3.66e-03
 4.54023e+16	4.44e-02	6.97e-01	2.59e-01	0.00e+00	0.00e+00	0.00e+00	0.00e+00	0.00e+00	0.00e+00	3.16e-02	8.49e-03	4.28e-03
 4.57084e+16	5.51e-02	7.30e-01	2.15e-01	0.00e+00	0.00e+00	0.00e+00	0.00e+00	0.00e+00	0.00e+00	3.93e-02	1.05e-02	5.31e-03
 4.60249e+16	7.05e-02	7.60e-01	1.69e-01	0.00e+00	0.00e+00	0.00e+00	0.00e+00	0.00e+00	0.00e+00	5.03e-02	1.34e-02	6.77e-03
 4.62713e+16	8.68e-02	7.78e-01	1.35e-01	0.00e+00	0.00e+00	0.00e+00	0.00e+00	0.00e+00	0.00e+00	6.20e-02	1.64e-02	8.31e-03
 4.64408e+16	1.01e-01	7.86e-01	1.13e-01	0.00e+00	0.00e+00	0.00e+00	0.00e+00	0.00e+00	0.00e+00	7.22e-02	1.90e-02	9.65e-03
 4.65651e+16	1.13e-01	7.89e-01	9.82e-02	0.00e+00	0.00e+00	0.00e+00	0.00e+00	0.00e+00	0.00e+00	8.07e-02	2.11e-02	1.08e-02
 4.66979e+16	1.27e-01	7.90e-01	8.38e-02	0.00e+00	0.00e+00	0.00e+00	0.00e+00	0.00e+00	0.00e+00	9.08e-02	2.36e-02	1.21e-02
 4.68704e+16	1.48e-01	7.85e-01	6.69e-02	0.00e+00	0.00e+00	0.00e+00	0.00e+00	0.00e+00	0.00e+00	1.06e-01	2.74e-02	1.40e-02
 4.70369e+16	1.73e-01	7.75e-01	5.21e-02	0.00e+00	0.00e+00	0.00e+00	0.00e+00	0.00e+00	0.00e+00	1.25e-01	3.18e-02	1.64e-02
 4.71511e+16	1.94e-01	7.63e-01	4.31e-02	0.00e+00	0.00e+00	0.00e+00	0.00e+00	0.00e+00	0.00e+00	1.41e-01	3.54e-02	1.84e-02
 4.72369e+16	2.12e-01	7.51e-01	3.71e-02	0.00e+00	0.00e+00	0.00e+00	0.00e+00	0.00e+00	0.00e+00	1.53e-01	3.83e-02	1.99e-02
 4.73299e+16	2.31e-01	7.37e-01	3.14e-02	0.00e+00	0.00e+00	0.00e+00	0.00e+00	0.00e+00	0.00e+00	1.68e-01	4.16e-02	2.17e-02
 4.74507e+16	2.60e-01	7.16e-01	2.48e-02	0.00e+00	0.00e+00	0.00e+00	0.00e+00	0.00e+00	0.00e+00	1.89e-01	4.61e-02	2.43e-02
 4.75702e+16	2.92e-01	6.89e-01	1.93e-02	0.00e+00	0.00e+00	0.00e+00	0.00e+00	0.00e+00	0.00e+00	2.14e-01	5.12e-02	2.71e-02
 4.76575e+16	3.18e-01	6.66e-01	1.59e-02	0.00e+00	0.00e+00	0.00e+00	0.00e+00	0.00e+00	0.00e+00	2.34e-01	5.51e-02	2.94e-02
 4.77270e+16	3.39e-01	6.47e-01	1.35e-02	0.00e+00	0.00e+00	0.00e+00	0.00e+00	0.00e+00	0.00e+00	2.50e-01	5.82e-02	3.12e-02
 4.78038e+16	3.64e-01	6.25e-01	1.12e-02	0.00e+00	0.00e+00	0.00e+00	0.00e+00	0.00e+00	0.00e+00	2.69e-01	6.16e-02	3.33e-02
 4.79036e+16	3.98e-01	5.94e-01	8.73e-03	0.00e+00	0.00e+00	0.00e+00	0.00e+00	0.00e+00	0.00e+00	2.95e-01	6.61e-02	3.61e-02
 4.80032e+16	4.34e-01	5.59e-01	6.67e-03	0.00e+00	0.00e+00	0.00e+00	0.00e+00	0.00e+00	0.00e+00	3.24e-01	7.07e-02	3.91e-02
 4.80776e+16	4.63e-01	5.32e-01	5.41e-03	0.00e+00	0.00e+00	0.00e+00	0.00e+00	0.00e+00	0.00e+00	3.47e-01	7.40e-02	4.13e-02
 4.81384e+16	4.85e-01	5.11e-01	4.55e-03	0.00e+00	0.00e+00	0.00e+00	0.00e+00	0.00e+00	0.00e+00	3.66e-01	7.63e-02	4.30e-02
 4.82003e+16	5.08e-01	4.88e-01	3.79e-03	0.00e+00	0.00e+00	0.00e+00	0.00e+00	0.00e+00	0.00e+00	3.85e-01	7.86e-02	4.46e-02
 4.82666e+16	5.34e-01	4.63e-01	3.09e-03	0.00e+00	0.00e+00	0.00e+00	0.00e+00	0.00e+00	0.00e+00	4.06e-01	8.09e-02	4.64e-02
 4.83323e+16	5.60e-01	4.38e-01	2.50e-03	0.00e+00	0.00e+00	0.00e+00	0.00e+00	0.00e+00	0.00e+00	4.28e-01	8.30e-02	4.81e-02
 4.83923e+16	5.82e-01	4.16e-01	2.06e-03	0.00e+00	0.00e+00	0.00e+00	0.00e+00	0.00e+00	0.00e+00	4.48e-01	8.46e-02	4.96e-02
 4.84372e+16	5.99e-01	3.99e-01	1.78e-03	0.00e+00	0.00e+00	0.00e+00	0.00e+00	0.00e+00	0.00e+00	4.63e-01	8.57e-02	5.06e-02
 4.84658e+16	6.09e-01	3.89e-01	1.63e-03	0.00e+00	0.00e+00	0.00e+00	0.00e+00	0.00e+00	0.00e+00	4.72e-01	8.62e-02	5.11e-02
 4.84931e+16	6.19e-01	3.80e-01	1.48e-03	0.00e+00	0.00e+00	0.00e+00	0.00e+00	0.00e+00	0.00e+00	4.80e-01	8.67e-02	5.17e-02
 4.85269e+16	6.31e-01	3.67e-01	1.32e-03	0.00e+00	0.00e+00	0.00e+00	0.00e+00	0.00e+00	0.00e+00	4.92e-01	8.73e-02	5.23e-02
 4.85639e+16	6.45e-01	3.54e-01	1.16e-03	0.00e+00	0.00e+00	0.00e+00	0.00e+00	0.00e+00	0.00e+00	5.04e-01	8.79e-02	5.30e-02
 4.85984e+16	6.57e-01	3.42e-01	1.03e-03	0.00e+00	0.00e+00	0.00e+00	0.00e+00	0.00e+00	0.00e+00	5.15e-01	8.83e-02	5.36e-02
 4.86302e+16	6.68e-01	3.31e-01	9.18e-04	0.00e+00	0.00e+00	0.00e+00	0.00e+00	0.00e+00	0.00e+00	5.25e-01	8.86e-02	5.41e-02
 4.86620e+16	6.80e-01	3.20e-01	8.17e-04	0.00e+00	0.00e+00	0.00e+00	0.00e+00	0.00e+00	0.00e+00	5.36e-01	8.88e-02	5.46e-02
 4.86947e+16	6.91e-01	3.09e-01	7.25e-04	0.00e+00	0.00e+00	0.00e+00	0.00e+00	0.00e+00	0.00e+00	5.46e-01	8.90e-02	5.50e-02
 4.87275e+16	7.02e-01	2.97e-01	6.41e-04	0.00e+00	0.00e+00	0.00e+00	0.00e+00	0.00e+00	0.00e+00	5.58e-01	8.91e-02	5.54e-02
 4.87597e+16	7.12e-01	2.87e-01	5.68e-04	0.00e+00	0.00e+00	0.00e+00	0.00e+00	0.00e+00	0.00e+00	5.68e-01	8.91e-02	5.58e-02
 4.87915e+16	7.23e-01	2.76e-01	5.03e-04	0.00e+00	0.00e+00	0.00e+00	0.00e+00	0.00e+00	0.00e+00	5.78e-01	8.91e-02	5.61e-02
 4.88236e+16	7.34e-01	2.66e-01	4.44e-04	0.00e+00	0.00e+00	0.00e+00	0.00e+00	0.00e+00	0.00e+00	5.88e-01	8.89e-02	5.63e-02
 4.88551e+16	7.44e-01	2.56e-01	3.92e-04	0.00e+00	0.00e+00	0.00e+00	0.00e+00	0.00e+00	0.00e+00	5.98e-01	8.88e-02	5.65e-02
 4.88862e+16	7.53e-01	2.47e-01	3.47e-04	0.00e+00	0.00e+00	0.00e+00	0.00e+00	0.00e+00	0.00e+00	6.08e-01	8.85e-02	5.67e-02
 4.89178e+16	7.63e-01	2.37e-01	3.05e-04	0.00e+00	0.00e+00	0.00e+00	0.00e+00	0.00e+00	0.00e+00	6.18e-01	8.82e-02	5.68e-02
 4.89493e+16	7.72e-01	2.28e-01	2.69e-04	0.00e+00	0.00e+00	0.00e+00	0.00e+00	0.00e+00	0.00e+00	6.27e-01	8.78e-02	5.69e-02
 4.89805e+16	7.81e-01	2.19e-01	2.37e-04	0.00e+00	0.00e+00	0.00e+00	0.00e+00	0.00e+00	0.00e+00	6.37e-01	8.74e-02	5.70e-02
 4.90114e+16	7.90e-01	2.10e-01	2.08e-04	0.00e+00	0.00e+00	0.00e+00	0.00e+00	0.00e+00	0.00e+00	6.46e-01	8.70e-02	5.70e-02
 4.90423e+16	7.98e-01	2.02e-01	1.83e-04	0.00e+00	0.00e+00	0.00e+00	0.00e+00	0.00e+00	0.00e+00	6.55e-01	8.64e-02	5.70e-02
 4.90736e+16	8.07e-01	1.93e-01	1.60e-04	0.00e+00	0.00e+00	0.00e+00	0.00e+00	0.00e+00	0.00e+00	6.64e-01	8.58e-02	5.69e-02
 4.91041e+16	8.14e-01	1.85e-01	1.41e-04	0.00e+00	0.00e+00	0.00e+00	0.00e+00	0.00e+00	0.00e+00	6.72e-01	8.52e-02	5.68e-02
 4.91343e+16	8.22e-01	1.78e-01	1.24e-04	0.00e+00	0.00e+00	0.00e+00	0.00e+00	0.00e+00	0.00e+00	6.80e-01	8.46e-02	5.67e-02
 4.91650e+16	8.30e-01	1.70e-01	1.08e-04	0.00e+00	0.00e+00	0.00e+00	0.00e+00	0.00e+00	0.00e+00	6.89e-01	8.39e-02	5.65e-02
 4.91956e+16	8.37e-01	1.63e-01	9.45e-05	0.00e+00	0.00e+00	0.00e+00	0.00e+00	0.00e+00	0.00e+00	6.97e-01	8.33e-02	5.64e-02
 4.92257e+16	8.44e-01	1.56e-01	8.27e-05	0.00e+00	0.00e+00	0.00e+00	0.00e+00	0.00e+00	0.00e+00	7.05e-01	8.25e-02	5.61e-02
 4.92558e+16	8.50e-01	1.50e-01	7.22e-05	0.00e+00	0.00e+00	0.00e+00	0.00e+00	0.00e+00	0.00e+00	7.13e-01	8.18e-02	5.59e-02
 4.92857e+16	8.57e-01	1.43e-01	6.31e-05	0.00e+00	0.00e+00	0.00e+00	0.00e+00	0.00e+00	0.00e+00	7.20e-01	8.10e-02	5.56e-02
 4.93154e+16	8.63e-01	1.37e-01	5.51e-05	0.00e+00	0.00e+00	0.00e+00	0.00e+00	0.00e+00	0.00e+00	7.27e-01	8.02e-02	5.53e-02
 4.93451e+16	8.69e-01	1.31e-01	4.81e-05	0.00e+00	0.00e+00	0.00e+00	0.00e+00	0.00e+00	0.00e+00	7.34e-01	7.95e-02	5.50e-02
 4.93743e+16	8.75e-01	1.25e-01	4.20e-05	0.00e+00	0.00e+00	0.00e+00	0.00e+00	0.00e+00	0.00e+00	7.41e-01	7.87e-02	5.47e-02
 4.94030e+16	8.80e-01	1.20e-01	3.68e-05	0.00e+00	0.00e+00	0.00e+00	0.00e+00	0.00e+00	0.00e+00	7.48e-01	7.79e-02	5.44e-02
 4.94313e+16	8.85e-01	1.15e-01	3.22e-05	0.00e+00	0.00e+00	0.00e+00	0.00e+00	0.00e+00	0.00e+00	7.54e-01	7.71e-02	5.41e-02
 4.94593e+16	8.90e-01	1.10e-01	2.83e-05	0.00e+00	0.00e+00	0.00e+00	0.00e+00	0.00e+00	0.00e+00	7.60e-01	7.64e-02	5.37e-02
 4.94870e+16	8.94e-01	1.06e-01	2.48e-05	0.00e+00	0.00e+00	0.00e+00	0.00e+00	0.00e+00	0.00e+00	7.65e-01	7.56e-02	5.34e-02
 4.95143e+16	8.99e-01	1.01e-01	2.18e-05	0.00e+00	0.00e+00	0.00e+00	0.00e+00	0.00e+00	0.00e+00	7.71e-01	7.48e-02	5.30e-02
 4.95410e+16	9.03e-01	9.69e-02	1.91e-05	0.00e+00	0.00e+00	0.00e+00	0.00e+00	0.00e+00	0.00e+00	7.76e-01	7.41e-02	5.27e-02
 4.95675e+16	9.07e-01	9.30e-02	1.68e-05	0.00e+00	0.00e+00	0.00e+00	0.00e+00	0.00e+00	0.00e+00	7.81e-01	7.34e-02	5.23e-02
 4.95941e+16	9.11e-01	8.91e-02	1.48e-05	0.00e+00	0.00e+00	0.00e+00	0.00e+00	0.00e+00	0.00e+00	7.86e-01	7.27e-02	5.19e-02
 4.96202e+16	9.15e-01	8.54e-02	1.30e-05	0.00e+00	0.00e+00	0.00e+00	0.00e+00	0.00e+00	0.00e+00	7.91e-01	7.20e-02	5.16e-02
 4.96457e+16	9.18e-01	8.19e-02	1.15e-05	0.00e+00	0.00e+00	0.00e+00	0.00e+00	0.00e+00	0.00e+00	7.96e-01	7.13e-02	5.12e-02
 4.96712e+16	9.21e-01	7.85e-02	1.01e-05	0.00e+00	0.00e+00	0.00e+00	0.00e+00	0.00e+00	0.00e+00	8.00e-01	7.06e-02	5.09e-02
 4.96965e+16	9.25e-01	7.53e-02	8.94e-06	0.00e+00	0.00e+00	0.00e+00	0.00e+00	0.00e+00	0.00e+00	8.04e-01	6.99e-02	5.05e-02
 4.97212e+16	9.28e-01	7.23e-02	7.91e-06	0.00e+00	0.00e+00	0.00e+00	0.00e+00	0.00e+00	0.00e+00	8.08e-01	6.93e-02	5.02e-02
 4.97458e+16	9.31e-01	6.94e-02	7.00e-06	0.00e+00	0.00e+00	0.00e+00	0.00e+00	0.00e+00	0.00e+00	8.12e-01	6.87e-02	4.98e-02
 4.97703e+16	9.33e-01	6.65e-02	6.19e-06	0.00e+00	0.00e+00	0.00e+00	0.00e+00	0.00e+00	0.00e+00	8.16e-01	6.80e-02	4.94e-02
 4.97944e+16	9.36e-01	6.39e-02	5.47e-06	0.00e+00	0.00e+00	0.00e+00	0.00e+00	0.00e+00	0.00e+00	8.20e-01	6.74e-02	4.90e-02
 4.98185e+16	9.39e-01	6.14e-02	4.85e-06	0.00e+00	0.00e+00	0.00e+00	0.00e+00	0.00e+00	0.00e+00	8.23e-01	6.68e-02	4.86e-02
 4.98424e+16	9.41e-01	5.89e-02	4.29e-06	0.00e+00	0.00e+00	0.00e+00	0.00e+00	0.00e+00	0.00e+00	8.27e-01	6.62e-02	4.82e-02
 4.98657e+16	9.43e-01	5.65e-02	3.81e-06	0.00e+00	0.00e+00	0.00e+00	0.00e+00	0.00e+00	0.00e+00	8.30e-01	6.56e-02	4.78e-02
 4.98886e+16	9.46e-01	5.43e-02	3.39e-06	0.00e+00	0.00e+00	0.00e+00	0.00e+00	0.00e+00	0.00e+00	8.33e-01	6.51e-02	4.75e-02
 4.99117e+16	9.48e-01	5.23e-02	3.01e-06	0.00e+00	0.00e+00	0.00e+00	0.00e+00	0.00e+00	0.00e+00	8.36e-01	6.46e-02	4.72e-02
 4.99350e+16	9.50e-01	5.01e-02	2.67e-06	0.00e+00	0.00e+00	0.00e+00	0.00e+00	0.00e+00	0.00e+00	8.39e-01	6.40e-02	4.68e-02
 4.99580e+16	9.52e-01	4.80e-02	2.37e-06	0.00e+00	0.00e+00	0.00e+00	0.00e+00	0.00e+00	0.00e+00	8.42e-01	6.35e-02	4.64e-02
 4.99802e+16	9.54e-01	4.62e-02	2.11e-06	0.00e+00	0.00e+00	0.00e+00	0.00e+00	0.00e+00	0.00e+00	8.45e-01	6.30e-02	4.61e-02
 5.00019e+16	9.56e-01	4.44e-02	1.89e-06	0.00e+00	0.00e+00	0.00e+00	0.00e+00	0.00e+00	0.00e+00	8.47e-01	6.26e-02	4.58e-02
 5.00242e+16	9.57e-01	4.27e-02	1.68e-06	0.00e+00	0.00e+00	0.00e+00	0.00e+00	0.00e+00	0.00e+00	8.50e-01	6.21e-02	4.55e-02
 5.00465e+16	9.59e-01	4.09e-02	1.49e-06	0.00e+00	0.00e+00	0.00e+00	0.00e+00	0.00e+00	0.00e+00	8.52e-01	6.16e-02	4.51e-02
 5.00680e+16	9.61e-01	3.93e-02	1.33e-06	0.00e+00	0.00e+00	0.00e+00	0.00e+00	0.00e+00	0.00e+00	8.55e-01	6.12e-02	4.48e-02
 5.00891e+16	9.62e-01	3.77e-02	1.19e-06	0.00e+00	0.00e+00	0.00e+00	0.00e+00	0.00e+00	0.00e+00	8.57e-01	6.08e-02	4.45e-02
 5.01107e+16	9.64e-01	3.62e-02	1.06e-06	0.00e+00	0.00e+00	0.00e+00	0.00e+00	0.00e+00	0.00e+00	8.59e-01	6.03e-02	4.42e-02
 5.01327e+16	9.65e-01	3.47e-02	9.44e-07	0.00e+00	0.00e+00	0.00e+00	0.00e+00	0.00e+00	0.00e+00	8.61e-01	5.99e-02	4.39e-02
 5.01538e+16	9.67e-01	3.34e-02	8.44e-07	0.00e+00	0.00e+00	0.00e+00	0.00e+00	0.00e+00	0.00e+00	8.63e-01	5.95e-02	4.37e-02
 5.01739e+16	9.68e-01	3.21e-02	7.59e-07	0.00e+00	0.00e+00	0.00e+00	0.00e+00	0.00e+00	0.00e+00	8.65e-01	5.92e-02	4.34e-02
 5.01934e+16	9.69e-01	3.09e-02	6.84e-07	0.00e+00	0.00e+00	0.00e+00	0.00e+00	0.00e+00	0.00e+00	8.67e-01	5.88e-02	4.32e-02
 5.02136e+16	9.70e-01	2.97e-02	6.14e-07	0.00e+00	0.00e+00	0.00e+00	0.00e+00	0.00e+00	0.00e+00	8.69e-01	5.85e-02	4.29e-02
 5.02344e+16	9.72e-01	2.85e-02	5.48e-07	0.00e+00	0.00e+00	0.00e+00	0.00e+00	0.00e+00	0.00e+00	8.71e-01	5.81e-02	4.26e-02
 5.02547e+16	9.73e-01	2.73e-02	4.91e-07	0.00e+00	0.00e+00	0.00e+00	0.00e+00	0.00e+00	0.00e+00	8.73e-01	5.77e-02	4.24e-02
 5.02742e+16	9.74e-01	2.62e-02	4.42e-07	0.00e+00	0.00e+00	0.00e+00	0.00e+00	0.00e+00	0.00e+00	8.74e-01	5.74e-02	4.21e-02
 5.02931e+16	9.75e-01	2.52e-02	3.99e-07	0.00e+00	0.00e+00	0.00e+00	0.00e+00	0.00e+00	0.00e+00	8.76e-01	5.71e-02	4.19e-02
 5.03121e+16	9.76e-01	2.42e-02	3.60e-07	0.00e+00	0.00e+00	0.00e+00	0.00e+00	0.00e+00	0.00e+00	8.77e-01	5.68e-02	4.17e-02
 5.03313e+16	9.77e-01	2.32e-02	3.24e-07	0.00e+00	0.00e+00	0.00e+00	0.00e+00	0.00e+00	0.00e+00	8.79e-01	5.65e-02	4.14e-02
 5.03496e+16	9.78e-01	2.23e-02	2.94e-07	0.00e+00	0.00e+00	0.00e+00	0.00e+00	0.00e+00	0.00e+00	8.80e-01	5.62e-02	4.12e-02
 5.03666e+16	9.79e-01	2.14e-02	2.68e-07	0.00e+00	0.00e+00	0.00e+00	0.00e+00	0.00e+00	0.00e+00	8.82e-01	5.59e-02	4.10e-02
 5.03823e+16	9.79e-01	2.07e-02	2.46e-07	0.00e+00	0.00e+00	0.00e+00	0.00e+00	0.00e+00	0.00e+00	8.83e-01	5.56e-02	4.08e-02
 5.03967e+16	9.80e-01	2.00e-02	2.28e-07	0.00e+00	0.00e+00	0.00e+00	0.00e+00	0.00e+00	0.00e+00	8.84e-01	5.54e-02	4.07e-02
 5.04100e+16	9.81e-01	1.94e-02	2.12e-07	0.00e+00	0.00e+00	0.00e+00	0.00e+00	0.00e+00	0.00e+00	8.85e-01	5.52e-02	4.05e-02
 5.04226e+16	9.81e-01	1.89e-02	1.98e-07	0.00e+00	0.00e+00	0.00e+00	0.00e+00	0.00e+00	0.00e+00	8.86e-01	5.50e-02	4.03e-02
 5.04347e+16	9.82e-01	1.83e-02	1.85e-07	0.00e+00	0.00e+00	0.00e+00	0.00e+00	0.00e+00	0.00e+00	8.87e-01	5.48e-02	4.02e-02
 5.04461e+16	9.82e-01	1.78e-02	1.74e-07	0.00e+00	0.00e+00	0.00e+00	0.00e+00	0.00e+00	0.00e+00	8.88e-01	5.46e-02	4.00e-02
 5.04569e+16	9.83e-01	1.73e-02	1.64e-07	0.00e+00	0.00e+00	0.00e+00	0.00e+00	0.00e+00	0.00e+00	8.88e-01	5.44e-02	3.99e-02
 5.04671e+16	9.83e-01	1.69e-02	1.55e-07	0.00e+00	0.00e+00	0.00e+00	0.00e+00	0.00e+00	0.00e+00	8.89e-01	5.42e-02	3.97e-02
 5.04769e+16	9.84e-01	1.65e-02	1.47e-07	0.00e+00	0.00e+00	0.00e+00	0.00e+00	0.00e+00	0.00e+00	8.90e-01	5.40e-02	3.96e-02
 5.04863e+16	9.84e-01	1.61e-02	1.40e-07	0.00e+00	0.00e+00	0.00e+00	0.00e+00	0.00e+00	0.00e+00	8.91e-01	5.38e-02	3.95e-02
 5.04954e+16	9.84e-01	1.57e-02	1.33e-07	0.00e+00	0.00e+00	0.00e+00	0.00e+00	0.00e+00	0.00e+00	8.91e-01	5.37e-02	3.93e-02
 5.05042e+16	9.85e-01	1.53e-02	1.27e-07	0.00e+00	0.00e+00	0.00e+00	0.00e+00	0.00e+00	0.00e+00	8.92e-01	5.35e-02	3.92e-02
 5.05129e+16	9.85e-01	1.49e-02	1.21e-07	0.00e+00	0.00e+00	0.00e+00	0.00e+00	0.00e+00	0.00e+00	8.93e-01	5.33e-02	3.91e-02
 5.05215e+16	9.85e-01	1.45e-02	1.15e-07	0.00e+00	0.00e+00	0.00e+00	0.00e+00	0.00e+00	0.00e+00	8.93e-01	5.31e-02	3.89e-02
 5.05300e+16	9.86e-01	1.41e-02	1.09e-07	0.00e+00	0.00e+00	0.00e+00	0.00e+00	0.00e+00	0.00e+00	8.94e-01	5.30e-02	3.88e-02
 5.05388e+16	9.86e-01	1.37e-02	1.04e-07	0.00e+00	0.00e+00	0.00e+00	0.00e+00	0.00e+00	0.00e+00	8.95e-01	5.28e-02	3.86e-02
 5.05479e+16	9.87e-01	1.33e-02	9.88e-08	0.00e+00	0.00e+00	0.00e+00	0.00e+00	0.00e+00	0.00e+00	8.96e-01	5.25e-02	3.84e-02
 5.05569e+16	9.87e-01	1.29e-02	9.38e-08	0.00e+00	0.00e+00	0.00e+00	0.00e+00	0.00e+00	0.00e+00	8.97e-01	5.23e-02	3.82e-02
 5.05656e+16	9.87e-01	1.25e-02	8.91e-08	0.00e+00	0.00e+00	0.00e+00	0.00e+00	0.00e+00	0.00e+00	8.97e-01	5.21e-02	3.80e-02
 5.05735e+16	9.88e-01	1.21e-02	8.51e-08	0.00e+00	0.00e+00	0.00e+00	0.00e+00	0.00e+00	0.00e+00	8.98e-01	5.19e-02	3.79e-02
 5.05806e+16	9.88e-01	1.18e-02	8.16e-08	0.00e+00	0.00e+00	0.00e+00	0.00e+00	0.00e+00	0.00e+00	8.99e-01	5.17e-02	3.77e-02
 5.05872e+16	9.88e-01	1.15e-02	7.85e-08	0.00e+00	0.00e+00	0.00e+00	0.00e+00	0.00e+00	0.00e+00	8.99e-01	5.15e-02	3.75e-02
 5.05936e+16	9.89e-01	1.12e-02	7.55e-08	0.00e+00	0.00e+00	0.00e+00	0.00e+00	0.00e+00	0.00e+00	9.00e-01	5.13e-02	3.74e-02
 5.05998e+16	9.89e-01	1.09e-02	7.27e-08	0.00e+00	0.00e+00	0.00e+00	0.00e+00	0.00e+00	0.00e+00	9.01e-01	5.11e-02	3.72e-02
 5.06056e+16	9.89e-01	1.07e-02	7.01e-08	0.00e+00	0.00e+00	0.00e+00	0.00e+00	0.00e+00	0.00e+00	9.01e-01	5.09e-02	3.70e-02
 5.06110e+16	9.90e-01	1.04e-02	6.77e-08	0.00e+00	0.00e+00	0.00e+00	0.00e+00	0.00e+00	0.00e+00	9.02e-01	5.07e-02	3.69e-02
 5.06160e+16	9.90e-01	1.02e-02	6.56e-08	0.00e+00	0.00e+00	0.00e+00	0.00e+00	0.00e+00	0.00e+00	9.03e-01	5.06e-02	3.67e-02
 5.06204e+16	9.90e-01	9.97e-03	6.37e-08	0.00e+00	0.00e+00	0.00e+00	0.00e+00	0.00e+00	0.00e+00	9.03e-01	5.04e-02	3.66e-02
 5.06245e+16	9.90e-01	9.79e-03	6.20e-08	0.00e+00	0.00e+00	0.00e+00	0.00e+00	0.00e+00	0.00e+00	9.04e-01	5.02e-02	3.64e-02
 5.06282e+16	9.90e-01	9.65e-03	6.06e-08	0.00e+00	0.00e+00	0.00e+00	0.00e+00	0.00e+00	0.00e+00	9.04e-01	5.01e-02	3.63e-02
 5.06323e+16	9.91e-01	9.46e-03	5.89e-08	0.00e+00	0.00e+00	0.00e+00	0.00e+00	0.00e+00	0.00e+00	9.04e-01	5.00e-02	3.62e-02
 5.06366e+16	9.91e-01	9.26e-03	5.71e-08	0.00e+00	0.00e+00	0.00e+00	0.00e+00	0.00e+00	0.00e+00	9.05e-01	4.98e-02	3.60e-02
 5.06406e+16	9.91e-01	9.09e-03	5.56e-08	0.00e+00	0.00e+00	0.00e+00	0.00e+00	0.00e+00	0.00e+00	9.05e-01	4.96e-02	3.59e-02
 5.06443e+16	9.91e-01	8.94e-03	5.42e-08	0.00e+00	0.00e+00	0.00e+00	0.00e+00	0.00e+00	0.00e+00	9.06e-01	4.94e-02	3.58e-02
 5.06476e+16	9.91e-01	8.79e-03	5.30e-08	0.00e+00	0.00e+00	0.00e+00	0.00e+00	0.00e+00	0.00e+00	9.06e-01	4.93e-02	3.57e-02
 5.06506e+16	9.91e-01	8.68e-03	5.19e-08	0.00e+00	0.00e+00	0.00e+00	0.00e+00	0.00e+00	0.00e+00	9.07e-01	4.91e-02	3.56e-02
 5.06539e+16	9.91e-01	8.53e-03	5.06e-08	0.00e+00	0.00e+00	0.00e+00	0.00e+00	0.00e+00	0.00e+00	9.07e-01	4.90e-02	3.54e-02
 5.06574e+16	9.92e-01	8.39e-03	4.93e-08	0.00e+00	0.00e+00	0.00e+00	0.00e+00	0.00e+00	0.00e+00	9.08e-01	4.88e-02	3.53e-02
 5.06607e+16	9.92e-01	8.26e-03	4.81e-08	0.00e+00	0.00e+00	0.00e+00	0.00e+00	0.00e+00	0.00e+00	9.08e-01	4.86e-02	3.52e-02
 5.06636e+16	9.92e-01	8.14e-03	4.71e-08	0.00e+00	0.00e+00	0.00e+00	0.00e+00	0.00e+00	0.00e+00	9.08e-01	4.85e-02	3.51e-02
 5.06668e+16	9.92e-01	8.01e-03	4.59e-08	0.00e+00	0.00e+00	0.00e+00	0.00e+00	0.00e+00	0.00e+00	9.09e-01	4.83e-02	3.49e-02
 5.06703e+16	9.92e-01	7.87e-03	4.47e-08	0.00e+00	0.00e+00	0.00e+00	0.00e+00	0.00e+00	0.00e+00	9.09e-01	4.82e-02	3.48e-02
 5.06735e+16	9.92e-01	7.77e-03	4.37e-08	0.00e+00	0.00e+00	0.00e+00	0.00e+00	0.00e+00	0.00e+00	9.09e-01	4.81e-02	3.47e-02
 5.06770e+16	9.92e-01	7.66e-03	4.26e-08	0.00e+00	0.00e+00	0.00e+00	0.00e+00	0.00e+00	0.00e+00	9.10e-01	4.79e-02	3.46e-02
 5.06815e+16	9.92e-01	7.51e-03	4.12e-08	0.00e+00	0.00e+00	0.00e+00	0.00e+00	0.00e+00	0.00e+00	9.10e-01	4.78e-02	3.45e-02
 5.06863e+16	9.93e-01	7.32e-03	3.95e-08	0.00e+00	0.00e+00	0.00e+00	0.00e+00	0.00e+00	0.00e+00	9.11e-01	4.75e-02	3.43e-02
