#depth	He	He+	He+2
 2.71138e+11	1.07e-03	8.71e-01	1.28e-01
 1.62683e+12	1.07e-03	8.71e-01	1.28e-01
 7.04958e+12	1.07e-03	8.72e-01	1.27e-01
 2.87406e+13	1.08e-03	8.74e-01	1.25e-01
 6.86521e+13	1.08e-03	8.76e-01	1.23e-01
 1.20537e+14	1.08e-03	8.80e-01	1.19e-01
 1.87987e+14	1.09e-03	8.85e-01	1.13e-01
 2.75673e+14	1.10e-03	8.94e-01	1.05e-01
 3.89664e+14	1.12e-03	9.05e-01	9.39e-02
 5.37852e+14	1.14e-03	9.19e-01	7.99e-02
 7.30497e+14	1.16e-03	9.35e-01	6.34e-02
 9.80936e+14	1.19e-03	9.53e-01	4.59e-02
 1.30651e+15	1.22e-03	9.69e-01	2.94e-02
 1.72975e+15	1.25e-03	9.83e-01	1.61e-02
 2.27996e+15	1.29e-03	9.91e-01	7.30e-03
 2.99524e+15	1.34e-03	9.96e-01	2.64e-03
 3.92510e+15	1.39e-03	9.98e-01	7.30e-04
 4.89935e+15	1.45e-03	9.98e-01	1.91e-04
 5.74385e+15	1.49e-03	9.98e-01	6.44e-05
 6.65426e+15	1.55e-03	9.98e-01	2.16e-05
 7.52728e+15	1.60e-03	9.98e-01	8.00e-06
 8.28000e+15	1.65e-03	9.98e-01	3.63e-06
 9.10800e+15	1.70e-03	9.98e-01	1.61e-06
 1.00188e+16	1.76e-03	9.98e-01	7.07e-07
 1.10207e+16	1.83e-03	9.98e-01	3.09e-07
 1.21228e+16	1.90e-03	9.98e-01	1.35e-07
 1.33350e+16	1.99e-03	9.98e-01	5.97e-08
 1.46685e+16	2.09e-03	9.98e-01	2.65e-08
 1.61354e+16	2.21e-03	9.98e-01	1.19e-08
 1.77001e+16	2.35e-03	9.98e-01	5.51e-09
 1.92284e+16	2.50e-03	9.98e-01	2.81e-09
 2.06428e+16	2.65e-03	9.97e-01	1.59e-09
 2.18917e+16	2.79e-03	9.97e-01	1.01e-09
 2.29691e+16	2.93e-03	9.97e-01	6.98e-10
 2.40891e+16	3.08e-03	9.97e-01	4.84e-10
 2.52581e+16	3.26e-03	9.97e-01	3.44e-10
 2.62863e+16	3.43e-03	9.97e-01	2.62e-10
 2.71815e+16	3.59e-03	9.96e-01	2.11e-10
 2.81633e+16	3.77e-03	9.96e-01	1.67e-10
 2.92237e+16	3.99e-03	9.96e-01	1.35e-10
 3.01290e+16	4.20e-03	9.96e-01	1.15e-10
 3.08828e+16	4.39e-03	9.96e-01	1.02e-10
 3.16971e+16	4.60e-03	9.95e-01	8.95e-11
 3.25939e+16	4.87e-03	9.95e-01	7.95e-11
 3.33814e+16	5.13e-03	9.95e-01	7.27e-11
 3.40384e+16	5.36e-03	9.95e-01	6.80e-11
 3.47424e+16	5.62e-03	9.94e-01	6.35e-11
 3.55228e+16	5.95e-03	9.94e-01	5.97e-11
 3.62137e+16	6.28e-03	9.94e-01	5.71e-11
 3.67888e+16	6.58e-03	9.93e-01	5.52e-11
 3.74022e+16	6.91e-03	9.93e-01	5.35e-11
 3.80871e+16	7.33e-03	9.93e-01	5.21e-11
 3.86998e+16	7.76e-03	9.92e-01	5.12e-11
 3.92103e+16	8.16e-03	9.92e-01	5.07e-11
 3.97531e+16	8.61e-03	9.91e-01	5.03e-11
 4.03607e+16	9.19e-03	9.91e-01	5.02e-11
 4.09066e+16	9.80e-03	9.90e-01	5.05e-11
 4.13540e+16	1.04e-02	9.90e-01	5.09e-11
 4.17510e+16	1.09e-02	9.89e-01	5.14e-11
 4.21989e+16	1.16e-02	9.88e-01	5.23e-11
 4.26905e+16	1.25e-02	9.87e-01	5.35e-11
 4.31100e+16	1.34e-02	9.87e-01	5.51e-11
 4.34389e+16	1.43e-02	9.86e-01	5.68e-11
 4.37787e+16	1.52e-02	9.85e-01	5.86e-11
 4.42205e+16	1.67e-02	9.83e-01	6.16e-11
 4.46516e+16	1.85e-02	9.82e-01	6.64e-11
 4.49487e+16	2.01e-02	9.80e-01	7.10e-11
 4.51668e+16	2.14e-02	9.79e-01	7.43e-11
 4.54023e+16	2.30e-02	9.77e-01	7.96e-11
 4.57084e+16	2.55e-02	9.74e-01	8.65e-11
 4.60249e+16	2.89e-02	9.71e-01	9.93e-11
 4.62713e+16	3.23e-02	9.68e-01	1.14e-10
 4.64408e+16	3.52e-02	9.65e-01	1.28e-10
 4.65651e+16	3.76e-02	9.62e-01	1.39e-10
 4.66979e+16	4.05e-02	9.60e-01	1.54e-10
 4.68704e+16	4.49e-02	9.55e-01	1.76e-10
 4.70369e+16	5.01e-02	9.50e-01	2.10e-10
 4.71511e+16	5.45e-02	9.45e-01	2.39e-10
 4.72369e+16	5.83e-02	9.42e-01	2.63e-10
 4.73299e+16	6.28e-02	9.37e-01	2.96e-10
 4.74507e+16	6.95e-02	9.31e-01	3.45e-10
 4.75702e+16	7.72e-02	9.23e-01	4.13e-10
 4.76575e+16	8.39e-02	9.16e-01	4.71e-10
 4.77270e+16	8.99e-02	9.10e-01	5.26e-10
 4.78038e+16	9.72e-02	9.03e-01	5.92e-10
 4.79036e+16	1.08e-01	8.92e-01	6.96e-10
 4.80032e+16	1.20e-01	8.80e-01	8.27e-10
 4.80776e+16	1.31e-01	8.69e-01	9.34e-10
 4.81384e+16	1.40e-01	8.60e-01	1.04e-09
 4.82003e+16	1.50e-01	8.50e-01	1.16e-09
 4.82666e+16	1.63e-01	8.37e-01	1.30e-09
 4.83323e+16	1.76e-01	8.24e-01	1.45e-09
 4.83923e+16	1.89e-01	8.11e-01	1.62e-09
 4.84372e+16	1.99e-01	8.01e-01	1.74e-09
 4.84658e+16	2.06e-01	7.94e-01	1.82e-09
 4.84931e+16	2.13e-01	7.87e-01	1.90e-09
 4.85269e+16	2.22e-01	7.78e-01	2.00e-09
 4.85639e+16	2.32e-01	7.68e-01	2.13e-09
 4.85984e+16	2.42e-01	7.58e-01	2.25e-09
 4.86302e+16	2.51e-01	7.49e-01	2.37e-09
 4.86620e+16	2.61e-01	7.39e-01	2.49e-09
 4.86947e+16	2.71e-01	7.29e-01	2.63e-09
 4.87275e+16	2.82e-01	7.18e-01	2.76e-09
 4.87597e+16	2.93e-01	7.07e-01	2.91e-09
 4.87915e+16	3.04e-01	6.96e-01	3.05e-09
 4.88236e+16	3.16e-01	6.84e-01	3.19e-09
 4.88551e+16	3.28e-01	6.72e-01	3.35e-09
 4.88862e+16	3.39e-01	6.61e-01	3.51e-09
 4.89178e+16	3.52e-01	6.48e-01	3.66e-09
 4.89493e+16	3.64e-01	6.36e-01	3.84e-09
 4.89805e+16	3.77e-01	6.23e-01	3.99e-09
 4.90114e+16	3.90e-01	6.10e-01	4.17e-09
 4.90423e+16	4.03e-01	5.97e-01	4.34e-09
 4.90736e+16	4.17e-01	5.83e-01	4.52e-09
 4.91041e+16	4.31e-01	5.69e-01	4.69e-09
 4.91343e+16	4.44e-01	5.56e-01	4.87e-09
 4.91650e+16	4.59e-01	5.41e-01	5.04e-09
 4.91956e+16	4.73e-01	5.27e-01	5.24e-09
 4.92257e+16	4.87e-01	5.13e-01	5.42e-09
 4.92558e+16	5.01e-01	4.99e-01	5.59e-09
 4.92857e+16	5.16e-01	4.84e-01	5.77e-09
 4.93154e+16	5.30e-01	4.70e-01	5.94e-09
 4.93451e+16	5.44e-01	4.56e-01	6.12e-09
 4.93743e+16	5.59e-01	4.41e-01	6.29e-09
 4.94030e+16	5.73e-01	4.27e-01	6.45e-09
 4.94313e+16	5.86e-01	4.14e-01	6.62e-09
 4.94593e+16	6.00e-01	4.00e-01	6.77e-09
 4.94870e+16	6.13e-01	3.87e-01	6.92e-09
 4.95143e+16	6.26e-01	3.74e-01	7.06e-09
 4.95410e+16	6.39e-01	3.61e-01	7.19e-09
 4.95675e+16	6.52e-01	3.48e-01	7.33e-09
 4.95941e+16	6.64e-01	3.36e-01	7.46e-09
 4.96202e+16	6.76e-01	3.24e-01	7.58e-09
 4.96457e+16	6.88e-01	3.12e-01	7.68e-09
 4.96712e+16	7.00e-01	3.00e-01	7.79e-09
 4.96965e+16	7.11e-01	2.89e-01	7.89e-09
 4.97212e+16	7.21e-01	2.79e-01	7.99e-09
 4.97458e+16	7.32e-01	2.68e-01	8.08e-09
 4.97703e+16	7.42e-01	2.58e-01	8.16e-09
 4.97944e+16	7.53e-01	2.47e-01	8.22e-09
 4.98185e+16	7.62e-01	2.38e-01	8.31e-09
 4.98424e+16	7.72e-01	2.28e-01	8.38e-09
 4.98657e+16	7.81e-01	2.19e-01	8.43e-09
 4.98886e+16	7.89e-01	2.11e-01	8.48e-09
 4.99117e+16	7.98e-01	2.02e-01	8.54e-09
 4.99350e+16	8.06e-01	1.94e-01	8.56e-09
 4.99580e+16	8.14e-01	1.86e-01	8.61e-09
 4.99802e+16	8.21e-01	1.79e-01	8.64e-09
 5.00019e+16	8.29e-01	1.71e-01	8.66e-09
 5.00242e+16	8.36e-01	1.64e-01	8.69e-09
 5.00465e+16	8.43e-01	1.57e-01	8.71e-09
 5.00680e+16	8.49e-01	1.51e-01	8.71e-09
 5.00891e+16	8.55e-01	1.45e-01	8.69e-09
 5.01107e+16	8.62e-01	1.38e-01	8.69e-09
 5.01327e+16	8.68e-01	1.32e-01	8.69e-09
 5.01538e+16	8.73e-01	1.27e-01	8.71e-09
 5.01739e+16	8.78e-01	1.22e-01	8.72e-09
 5.01934e+16	8.83e-01	1.17e-01	8.69e-09
 5.02136e+16	8.88e-01	1.12e-01	8.68e-09
 5.02344e+16	8.93e-01	1.07e-01	8.65e-09
 5.02547e+16	8.97e-01	1.03e-01	8.63e-09
 5.02742e+16	9.01e-01	9.87e-02	8.60e-09
 5.02931e+16	9.05e-01	9.47e-02	8.56e-09
 5.03121e+16	9.09e-01	9.08e-02	8.52e-09
 5.03313e+16	9.13e-01	8.71e-02	8.48e-09
 5.03496e+16	9.16e-01	8.37e-02	8.45e-09
 5.03666e+16	9.19e-01	8.06e-02	8.40e-09
 5.03823e+16	9.22e-01	7.78e-02	8.36e-09
 5.03967e+16	9.25e-01	7.53e-02	8.30e-09
 5.04100e+16	9.27e-01	7.31e-02	8.26e-09
 5.04226e+16	9.29e-01	7.09e-02	8.20e-09
 5.04347e+16	9.31e-01	6.90e-02	8.15e-09
 5.04461e+16	9.33e-01	6.72e-02	8.09e-09
 5.04569e+16	9.35e-01	6.55e-02	8.03e-09
 5.04671e+16	9.36e-01	6.39e-02	7.97e-09
 5.04769e+16	9.38e-01	6.24e-02	7.92e-09
 5.04863e+16	9.39e-01	6.10e-02	7.86e-09
 5.04954e+16	9.40e-01	5.97e-02	7.80e-09
 5.05042e+16	9.42e-01	5.84e-02	7.74e-09
 5.05129e+16	9.43e-01	5.72e-02	7.68e-09
 5.05215e+16	9.44e-01	5.60e-02	7.62e-09
 5.05300e+16	9.45e-01	5.47e-02	7.54e-09
 5.05388e+16	9.46e-01	5.36e-02	7.48e-09
 5.05479e+16	9.48e-01	5.23e-02	7.40e-09
 5.05569e+16	9.49e-01	5.11e-02	7.32e-09
 5.05656e+16	9.50e-01	5.00e-02	7.23e-09
 5.05735e+16	9.51e-01	4.90e-02	7.15e-09
 5.05806e+16	9.52e-01	4.80e-02	7.07e-09
 5.05872e+16	9.53e-01	4.72e-02	6.98e-09
 5.05936e+16	9.54e-01	4.64e-02	6.91e-09
 5.05998e+16	9.54e-01	4.56e-02	6.83e-09
 5.06056e+16	9.55e-01	4.48e-02	6.75e-09
 5.06110e+16	9.56e-01	4.41e-02	6.67e-09
 5.06160e+16	9.57e-01	4.35e-02	6.60e-09
 5.06204e+16	9.57e-01	4.28e-02	6.52e-09
 5.06245e+16	9.58e-01	4.23e-02	6.45e-09
 5.06282e+16	9.58e-01	4.19e-02	6.41e-09
 5.06323e+16	9.59e-01	4.13e-02	6.34e-09
 5.06366e+16	9.59e-01	4.07e-02	6.26e-09
 5.06406e+16	9.60e-01	4.03e-02	6.21e-09
 5.06443e+16	9.60e-01	3.98e-02	6.15e-09
 5.06476e+16	9.61e-01	3.94e-02	6.09e-09
 5.06506e+16	9.61e-01	3.90e-02	6.05e-09
 5.06539e+16	9.61e-01	3.85e-02	5.98e-09
 5.06574e+16	9.62e-01	3.81e-02	5.93e-09
 5.06607e+16	9.62e-01	3.77e-02	5.87e-09
 5.06636e+16	9.63e-01	3.74e-02	5.83e-09
 5.06668e+16	9.63e-01	3.69e-02	5.77e-09
 5.06703e+16	9.63e-01	3.65e-02	5.71e-09
 5.06735e+16	9.64e-01	3.62e-02	5.68e-09
 5.06770e+16	9.64e-01	3.58e-02	5.63e-09
 5.06815e+16	9.65e-01	3.52e-02	5.57e-09
 5.06863e+16	9.65e-01	3.47e-02	5.51e-09
