#depth	O	O+	O+2	O+3	O+4	O+5	O+6	O+7	O+8	O[1]	O[2]	O[3]
 2.60960e+11	9.92e-06	1.26e-02	9.08e-01	7.93e-02	7.80e-06	0.00e+00	0.00e+00	0.00e+00	0.00e+00	7.48e-06	1.62e-06	8.19e-07
 1.56576e+12	9.92e-06	1.26e-02	9.08e-01	7.91e-02	7.76e-06	0.00e+00	0.00e+00	0.00e+00	0.00e+00	7.48e-06	1.62e-06	8.18e-07
 6.78496e+12	9.92e-06	1.26e-02	9.09e-01	7.85e-02	7.66e-06	0.00e+00	0.00e+00	0.00e+00	0.00e+00	7.48e-06	1.62e-06	8.18e-07
 2.76618e+13	9.94e-06	1.27e-02	9.11e-01	7.61e-02	7.29e-06	0.00e+00	0.00e+00	0.00e+00	0.00e+00	7.50e-06	1.63e-06	8.21e-07
 6.60751e+13	9.94e-06	1.27e-02	9.15e-01	7.25e-02	6.72e-06	0.00e+00	0.00e+00	0.00e+00	0.00e+00	7.48e-06	1.63e-06	8.26e-07
 1.16012e+14	9.93e-06	1.28e-02	9.19e-01	6.82e-02	6.07e-06	0.00e+00	0.00e+00	0.00e+00	0.00e+00	7.47e-06	1.63e-06	8.29e-07
 1.80931e+14	9.95e-06	1.28e-02	9.24e-01	6.28e-02	5.29e-06	0.00e+00	0.00e+00	0.00e+00	0.00e+00	7.48e-06	1.64e-06	8.34e-07
 2.65325e+14	9.97e-06	1.29e-02	9.31e-01	5.63e-02	4.43e-06	0.00e+00	0.00e+00	0.00e+00	0.00e+00	7.49e-06	1.64e-06	8.37e-07
 3.75037e+14	1.00e-05	1.31e-02	9.38e-01	4.87e-02	3.51e-06	0.00e+00	0.00e+00	0.00e+00	0.00e+00	7.52e-06	1.65e-06	8.41e-07
 5.17663e+14	1.01e-05	1.32e-02	9.47e-01	4.02e-02	2.57e-06	0.00e+00	0.00e+00	0.00e+00	0.00e+00	7.58e-06	1.66e-06	8.48e-07
 7.03077e+14	1.02e-05	1.34e-02	9.55e-01	3.12e-02	1.71e-06	0.00e+00	0.00e+00	0.00e+00	0.00e+00	7.65e-06	1.68e-06	8.56e-07
 9.44115e+14	1.03e-05	1.36e-02	9.64e-01	2.22e-02	9.93e-07	0.00e+00	0.00e+00	0.00e+00	0.00e+00	7.76e-06	1.70e-06	8.68e-07
 1.25746e+15	1.06e-05	1.39e-02	9.72e-01	1.41e-02	4.86e-07	0.00e+00	0.00e+00	0.00e+00	0.00e+00	7.94e-06	1.74e-06	8.86e-07
 1.66482e+15	1.09e-05	1.43e-02	9.78e-01	7.83e-03	1.90e-07	0.00e+00	0.00e+00	0.00e+00	0.00e+00	8.20e-06	1.79e-06	9.12e-07
 2.19438e+15	1.14e-05	1.47e-02	9.82e-01	3.65e-03	0.00e+00	0.00e+00	0.00e+00	0.00e+00	0.00e+00	8.55e-06	1.86e-06	9.49e-07
 2.88281e+15	1.21e-05	1.53e-02	9.83e-01	1.38e-03	0.00e+00	0.00e+00	0.00e+00	0.00e+00	0.00e+00	9.08e-06	1.97e-06	1.00e-06
 3.77776e+15	1.30e-05	1.62e-02	9.83e-01	4.08e-04	0.00e+00	0.00e+00	0.00e+00	0.00e+00	0.00e+00	9.83e-06	2.12e-06	1.08e-06
 4.73566e+15	1.40e-05	1.71e-02	9.83e-01	1.17e-04	0.00e+00	0.00e+00	0.00e+00	0.00e+00	0.00e+00	1.06e-05	2.27e-06	1.16e-06
 5.59210e+15	1.50e-05	1.79e-02	9.82e-01	4.11e-05	0.00e+00	0.00e+00	0.00e+00	0.00e+00	0.00e+00	1.13e-05	2.43e-06	1.23e-06
 6.52218e+15	1.63e-05	1.90e-02	9.81e-01	1.41e-05	0.00e+00	0.00e+00	0.00e+00	0.00e+00	0.00e+00	1.23e-05	2.65e-06	1.35e-06
 7.40027e+15	1.75e-05	1.99e-02	9.80e-01	5.55e-06	0.00e+00	0.00e+00	0.00e+00	0.00e+00	0.00e+00	1.32e-05	2.83e-06	1.44e-06
 8.14030e+15	1.87e-05	2.08e-02	9.79e-01	2.65e-06	0.00e+00	0.00e+00	0.00e+00	0.00e+00	0.00e+00	1.41e-05	3.04e-06	1.54e-06
 8.95433e+15	2.02e-05	2.18e-02	9.78e-01	1.24e-06	0.00e+00	0.00e+00	0.00e+00	0.00e+00	0.00e+00	1.52e-05	3.28e-06	1.67e-06
 9.84976e+15	2.19e-05	2.29e-02	9.77e-01	5.83e-07	0.00e+00	0.00e+00	0.00e+00	0.00e+00	0.00e+00	1.66e-05	3.57e-06	1.82e-06
 1.08347e+16	2.40e-05	2.42e-02	9.76e-01	2.77e-07	0.00e+00	0.00e+00	0.00e+00	0.00e+00	0.00e+00	1.81e-05	3.92e-06	2.00e-06
 1.19182e+16	2.66e-05	2.57e-02	9.74e-01	1.37e-07	0.00e+00	0.00e+00	0.00e+00	0.00e+00	0.00e+00	2.01e-05	4.35e-06	2.22e-06
 1.31100e+16	2.98e-05	2.74e-02	9.73e-01	0.00e+00	0.00e+00	0.00e+00	0.00e+00	0.00e+00	0.00e+00	2.25e-05	4.90e-06	2.50e-06
 1.44210e+16	3.39e-05	2.94e-02	9.71e-01	0.00e+00	0.00e+00	0.00e+00	0.00e+00	0.00e+00	0.00e+00	2.55e-05	5.59e-06	2.86e-06
 1.58631e+16	3.92e-05	3.17e-02	9.68e-01	0.00e+00	0.00e+00	0.00e+00	0.00e+00	0.00e+00	0.00e+00	2.94e-05	6.49e-06	3.33e-06
 1.73659e+16	4.58e-05	3.44e-02	9.66e-01	0.00e+00	0.00e+00	0.00e+00	0.00e+00	0.00e+00	0.00e+00	3.42e-05	7.63e-06	3.92e-06
 1.88105e+16	5.36e-05	3.73e-02	9.63e-01	0.00e+00	0.00e+00	0.00e+00	0.00e+00	0.00e+00	0.00e+00	4.00e-05	8.97e-06	4.62e-06
 2.01685e+16	6.25e-05	4.02e-02	9.60e-01	0.00e+00	0.00e+00	0.00e+00	0.00e+00	0.00e+00	0.00e+00	4.65e-05	1.05e-05	5.42e-06
 2.14155e+16	7.25e-05	4.33e-02	9.57e-01	0.00e+00	0.00e+00	0.00e+00	0.00e+00	0.00e+00	0.00e+00	5.39e-05	1.23e-05	6.33e-06
 2.25436e+16	8.35e-05	4.63e-02	9.54e-01	0.00e+00	0.00e+00	0.00e+00	0.00e+00	0.00e+00	0.00e+00	6.19e-05	1.42e-05	7.33e-06
 2.36150e+16	9.59e-05	4.94e-02	9.50e-01	0.00e+00	0.00e+00	0.00e+00	0.00e+00	0.00e+00	0.00e+00	7.10e-05	1.64e-05	8.47e-06
 2.46662e+16	1.11e-04	5.28e-02	9.47e-01	0.00e+00	0.00e+00	0.00e+00	0.00e+00	0.00e+00	0.00e+00	8.17e-05	1.90e-05	9.81e-06
 2.56895e+16	1.28e-04	5.64e-02	9.43e-01	0.00e+00	0.00e+00	0.00e+00	0.00e+00	0.00e+00	0.00e+00	9.42e-05	2.20e-05	1.14e-05
 2.66654e+16	1.47e-04	6.03e-02	9.40e-01	0.00e+00	0.00e+00	0.00e+00	0.00e+00	0.00e+00	0.00e+00	1.09e-04	2.55e-05	1.32e-05
 2.75914e+16	1.69e-04	6.41e-02	9.36e-01	0.00e+00	0.00e+00	0.00e+00	0.00e+00	0.00e+00	0.00e+00	1.24e-04	2.94e-05	1.52e-05
 2.84891e+16	1.94e-04	6.82e-02	9.32e-01	0.00e+00	0.00e+00	0.00e+00	0.00e+00	0.00e+00	0.00e+00	1.43e-04	3.39e-05	1.76e-05
 2.93721e+16	2.24e-04	7.26e-02	9.27e-01	0.00e+00	0.00e+00	0.00e+00	0.00e+00	0.00e+00	0.00e+00	1.65e-04	3.93e-05	2.04e-05
 3.02267e+16	2.59e-04	7.75e-02	9.22e-01	0.00e+00	0.00e+00	0.00e+00	0.00e+00	0.00e+00	0.00e+00	1.90e-04	4.56e-05	2.37e-05
 3.10406e+16	3.00e-04	8.26e-02	9.17e-01	0.00e+00	0.00e+00	0.00e+00	0.00e+00	0.00e+00	0.00e+00	2.19e-04	5.29e-05	2.75e-05
 3.18173e+16	3.46e-04	8.81e-02	9.12e-01	0.00e+00	0.00e+00	0.00e+00	0.00e+00	0.00e+00	0.00e+00	2.53e-04	6.12e-05	3.19e-05
 3.25689e+16	4.00e-04	9.41e-02	9.05e-01	0.00e+00	0.00e+00	0.00e+00	0.00e+00	0.00e+00	0.00e+00	2.92e-04	7.11e-05	3.71e-05
 3.33002e+16	4.64e-04	1.01e-01	8.99e-01	0.00e+00	0.00e+00	0.00e+00	0.00e+00	0.00e+00	0.00e+00	3.38e-04	8.28e-05	4.32e-05
 3.40076e+16	5.39e-04	1.08e-01	8.92e-01	0.00e+00	0.00e+00	0.00e+00	0.00e+00	0.00e+00	0.00e+00	3.92e-04	9.65e-05	5.03e-05
 3.46917e+16	6.29e-04	1.15e-01	8.84e-01	0.00e+00	0.00e+00	0.00e+00	0.00e+00	0.00e+00	0.00e+00	4.57e-04	1.13e-04	5.89e-05
 3.53530e+16	7.34e-04	1.24e-01	8.75e-01	0.00e+00	0.00e+00	0.00e+00	0.00e+00	0.00e+00	0.00e+00	5.33e-04	1.32e-04	6.91e-05
 3.59922e+16	8.59e-04	1.33e-01	8.66e-01	0.00e+00	0.00e+00	0.00e+00	0.00e+00	0.00e+00	0.00e+00	6.22e-04	1.55e-04	8.11e-05
 3.66126e+16	1.01e-03	1.44e-01	8.55e-01	0.00e+00	0.00e+00	0.00e+00	0.00e+00	0.00e+00	0.00e+00	7.29e-04	1.83e-04	9.55e-05
 3.72162e+16	1.19e-03	1.55e-01	8.44e-01	0.00e+00	0.00e+00	0.00e+00	0.00e+00	0.00e+00	0.00e+00	8.57e-04	2.16e-04	1.13e-04
 3.78028e+16	1.40e-03	1.68e-01	8.31e-01	0.00e+00	0.00e+00	0.00e+00	0.00e+00	0.00e+00	0.00e+00	1.01e-03	2.56e-04	1.34e-04
 3.83719e+16	1.66e-03	1.82e-01	8.17e-01	0.00e+00	0.00e+00	0.00e+00	0.00e+00	0.00e+00	0.00e+00	1.20e-03	3.05e-04	1.60e-04
 3.89241e+16	1.98e-03	1.97e-01	8.01e-01	0.00e+00	0.00e+00	0.00e+00	0.00e+00	0.00e+00	0.00e+00	1.43e-03	3.65e-04	1.91e-04
 3.94609e+16	2.37e-03	2.15e-01	7.83e-01	0.00e+00	0.00e+00	0.00e+00	0.00e+00	0.00e+00	0.00e+00	1.70e-03	4.38e-04	2.29e-04
 3.99834e+16	2.85e-03	2.34e-01	7.63e-01	0.00e+00	0.00e+00	0.00e+00	0.00e+00	0.00e+00	0.00e+00	2.04e-03	5.28e-04	2.75e-04
 4.04922e+16	3.44e-03	2.56e-01	7.40e-01	0.00e+00	0.00e+00	0.00e+00	0.00e+00	0.00e+00	0.00e+00	2.47e-03	6.39e-04	3.32e-04
 4.09852e+16	4.17e-03	2.80e-01	7.15e-01	0.00e+00	0.00e+00	0.00e+00	0.00e+00	0.00e+00	0.00e+00	2.99e-03	7.78e-04	4.03e-04
 4.14544e+16	5.07e-03	3.07e-01	6.88e-01	0.00e+00	0.00e+00	0.00e+00	0.00e+00	0.00e+00	0.00e+00	3.63e-03	9.48e-04	4.90e-04
 4.18931e+16	6.14e-03	3.35e-01	6.59e-01	0.00e+00	0.00e+00	0.00e+00	0.00e+00	0.00e+00	0.00e+00	4.39e-03	1.15e-03	5.94e-04
 4.23041e+16	7.42e-03	3.65e-01	6.28e-01	0.00e+00	0.00e+00	0.00e+00	0.00e+00	0.00e+00	0.00e+00	5.30e-03	1.39e-03	7.17e-04
 4.26956e+16	8.95e-03	3.96e-01	5.95e-01	0.00e+00	0.00e+00	0.00e+00	0.00e+00	0.00e+00	0.00e+00	6.40e-03	1.69e-03	8.66e-04
 4.30730e+16	1.08e-02	4.30e-01	5.59e-01	0.00e+00	0.00e+00	0.00e+00	0.00e+00	0.00e+00	0.00e+00	7.73e-03	2.05e-03	1.05e-03
 4.34360e+16	1.31e-02	4.65e-01	5.21e-01	0.00e+00	0.00e+00	0.00e+00	0.00e+00	0.00e+00	0.00e+00	9.36e-03	2.48e-03	1.27e-03
 4.37816e+16	1.59e-02	5.02e-01	4.82e-01	0.00e+00	0.00e+00	0.00e+00	0.00e+00	0.00e+00	0.00e+00	1.13e-02	3.01e-03	1.53e-03
 4.41094e+16	1.92e-02	5.39e-01	4.42e-01	0.00e+00	0.00e+00	0.00e+00	0.00e+00	0.00e+00	0.00e+00	1.37e-02	3.65e-03	1.85e-03
 4.44222e+16	2.32e-02	5.77e-01	4.00e-01	0.00e+00	0.00e+00	0.00e+00	0.00e+00	0.00e+00	0.00e+00	1.65e-02	4.41e-03	2.24e-03
 4.47228e+16	2.80e-02	6.14e-01	3.58e-01	0.00e+00	0.00e+00	0.00e+00	0.00e+00	0.00e+00	0.00e+00	2.00e-02	5.33e-03	2.70e-03
 4.50115e+16	3.39e-02	6.50e-01	3.16e-01	0.00e+00	0.00e+00	0.00e+00	0.00e+00	0.00e+00	0.00e+00	2.41e-02	6.45e-03	3.27e-03
 4.52875e+16	4.09e-02	6.84e-01	2.76e-01	0.00e+00	0.00e+00	0.00e+00	0.00e+00	0.00e+00	0.00e+00	2.91e-02	7.79e-03	3.94e-03
 4.55528e+16	4.94e-02	7.15e-01	2.36e-01	0.00e+00	0.00e+00	0.00e+00	0.00e+00	0.00e+00	0.00e+00	3.52e-02	9.42e-03	4.77e-03
 4.58074e+16	5.99e-02	7.42e-01	1.98e-01	0.00e+00	0.00e+00	0.00e+00	0.00e+00	0.00e+00	0.00e+00	4.28e-02	1.14e-02	5.77e-03
 4.60486e+16	7.24e-02	7.64e-01	1.64e-01	0.00e+00	0.00e+00	0.00e+00	0.00e+00	0.00e+00	0.00e+00	5.17e-02	1.37e-02	6.95e-03
 4.62537e+16	8.59e-02	7.78e-01	1.36e-01	0.00e+00	0.00e+00	0.00e+00	0.00e+00	0.00e+00	0.00e+00	6.14e-02	1.62e-02	8.23e-03
 4.64127e+16	9.86e-02	7.86e-01	1.15e-01	0.00e+00	0.00e+00	0.00e+00	0.00e+00	0.00e+00	0.00e+00	7.06e-02	1.85e-02	9.43e-03
 4.65510e+16	1.11e-01	7.90e-01	9.90e-02	0.00e+00	0.00e+00	0.00e+00	0.00e+00	0.00e+00	0.00e+00	7.98e-02	2.08e-02	1.06e-02
 4.67061e+16	1.27e-01	7.90e-01	8.22e-02	0.00e+00	0.00e+00	0.00e+00	0.00e+00	0.00e+00	0.00e+00	9.16e-02	2.37e-02	1.22e-02
 4.68693e+16	1.48e-01	7.86e-01	6.60e-02	0.00e+00	0.00e+00	0.00e+00	0.00e+00	0.00e+00	0.00e+00	1.07e-01	2.75e-02	1.41e-02
 4.70003e+16	1.69e-01	7.77e-01	5.42e-02	0.00e+00	0.00e+00	0.00e+00	0.00e+00	0.00e+00	0.00e+00	1.22e-01	3.10e-02	1.60e-02
 4.71029e+16	1.86e-01	7.68e-01	4.60e-02	0.00e+00	0.00e+00	0.00e+00	0.00e+00	0.00e+00	0.00e+00	1.35e-01	3.40e-02	1.76e-02
 4.72113e+16	2.07e-01	7.55e-01	3.82e-02	0.00e+00	0.00e+00	0.00e+00	0.00e+00	0.00e+00	0.00e+00	1.50e-01	3.75e-02	1.95e-02
 4.73292e+16	2.32e-01	7.37e-01	3.08e-02	0.00e+00	0.00e+00	0.00e+00	0.00e+00	0.00e+00	0.00e+00	1.69e-01	4.17e-02	2.18e-02
 4.74318e+16	2.57e-01	7.17e-01	2.52e-02	0.00e+00	0.00e+00	0.00e+00	0.00e+00	0.00e+00	0.00e+00	1.88e-01	4.57e-02	2.41e-02
 4.75180e+16	2.80e-01	6.99e-01	2.10e-02	0.00e+00	0.00e+00	0.00e+00	0.00e+00	0.00e+00	0.00e+00	2.05e-01	4.93e-02	2.61e-02
 4.75985e+16	3.03e-01	6.79e-01	1.77e-02	0.00e+00	0.00e+00	0.00e+00	0.00e+00	0.00e+00	0.00e+00	2.22e-01	5.27e-02	2.81e-02
 4.76909e+16	3.31e-01	6.55e-01	1.43e-02	0.00e+00	0.00e+00	0.00e+00	0.00e+00	0.00e+00	0.00e+00	2.43e-01	5.68e-02	3.05e-02
 4.77890e+16	3.62e-01	6.27e-01	1.13e-02	0.00e+00	0.00e+00	0.00e+00	0.00e+00	0.00e+00	0.00e+00	2.68e-01	6.12e-02	3.32e-02
 4.78717e+16	3.91e-01	6.00e-01	9.17e-03	0.00e+00	0.00e+00	0.00e+00	0.00e+00	0.00e+00	0.00e+00	2.90e-01	6.51e-02	3.56e-02
 4.79422e+16	4.16e-01	5.76e-01	7.61e-03	0.00e+00	0.00e+00	0.00e+00	0.00e+00	0.00e+00	0.00e+00	3.10e-01	6.83e-02	3.76e-02
 4.80170e+16	4.43e-01	5.51e-01	6.21e-03	0.00e+00	0.00e+00	0.00e+00	0.00e+00	0.00e+00	0.00e+00	3.32e-01	7.16e-02	3.98e-02
 4.81004e+16	4.74e-01	5.21e-01	4.90e-03	0.00e+00	0.00e+00	0.00e+00	0.00e+00	0.00e+00	0.00e+00	3.57e-01	7.50e-02	4.22e-02
 4.81781e+16	5.04e-01	4.92e-01	3.89e-03	0.00e+00	0.00e+00	0.00e+00	0.00e+00	0.00e+00	0.00e+00	3.82e-01	7.81e-02	4.44e-02
 4.82430e+16	5.29e-01	4.67e-01	3.19e-03	0.00e+00	0.00e+00	0.00e+00	0.00e+00	0.00e+00	0.00e+00	4.03e-01	8.04e-02	4.61e-02
 4.83002e+16	5.52e-01	4.46e-01	2.67e-03	0.00e+00	0.00e+00	0.00e+00	0.00e+00	0.00e+00	0.00e+00	4.22e-01	8.22e-02	4.76e-02
 4.83570e+16	5.73e-01	4.25e-01	2.22e-03	0.00e+00	0.00e+00	0.00e+00	0.00e+00	0.00e+00	0.00e+00	4.40e-01	8.38e-02	4.90e-02
 4.84138e+16	5.95e-01	4.03e-01	1.84e-03	0.00e+00	0.00e+00	0.00e+00	0.00e+00	0.00e+00	0.00e+00	4.59e-01	8.52e-02	5.03e-02
 4.84576e+16	6.11e-01	3.87e-01	1.59e-03	0.00e+00	0.00e+00	0.00e+00	0.00e+00	0.00e+00	0.00e+00	4.74e-01	8.62e-02	5.13e-02
 4.84862e+16	6.21e-01	3.77e-01	1.45e-03	0.00e+00	0.00e+00	0.00e+00	0.00e+00	0.00e+00	0.00e+00	4.83e-01	8.67e-02	5.18e-02
 4.85136e+16	6.31e-01	3.68e-01	1.32e-03	0.00e+00	0.00e+00	0.00e+00	0.00e+00	0.00e+00	0.00e+00	4.92e-01	8.71e-02	5.23e-02
 4.85472e+16	6.43e-01	3.56e-01	1.18e-03	0.00e+00	0.00e+00	0.00e+00	0.00e+00	0.00e+00	0.00e+00	5.03e-01	8.76e-02	5.29e-02
 4.85841e+16	6.57e-01	3.42e-01	1.03e-03	0.00e+00	0.00e+00	0.00e+00	0.00e+00	0.00e+00	0.00e+00	5.15e-01	8.81e-02	5.36e-02
 4.86184e+16	6.69e-01	3.30e-01	9.12e-04	0.00e+00	0.00e+00	0.00e+00	0.00e+00	0.00e+00	0.00e+00	5.26e-01	8.84e-02	5.41e-02
 4.86499e+16	6.80e-01	3.19e-01	8.13e-04	0.00e+00	0.00e+00	0.00e+00	0.00e+00	0.00e+00	0.00e+00	5.37e-01	8.86e-02	5.46e-02
 4.86811e+16	6.90e-01	3.09e-01	7.25e-04	0.00e+00	0.00e+00	0.00e+00	0.00e+00	0.00e+00	0.00e+00	5.46e-01	8.88e-02	5.50e-02
 4.87135e+16	7.02e-01	2.98e-01	6.42e-04	0.00e+00	0.00e+00	0.00e+00	0.00e+00	0.00e+00	0.00e+00	5.57e-01	8.89e-02	5.54e-02
 4.87466e+16	7.13e-01	2.87e-01	5.66e-04	0.00e+00	0.00e+00	0.00e+00	0.00e+00	0.00e+00	0.00e+00	5.68e-01	8.89e-02	5.58e-02
 4.87786e+16	7.23e-01	2.76e-01	5.01e-04	0.00e+00	0.00e+00	0.00e+00	0.00e+00	0.00e+00	0.00e+00	5.78e-01	8.89e-02	5.61e-02
 4.88096e+16	7.33e-01	2.66e-01	4.45e-04	0.00e+00	0.00e+00	0.00e+00	0.00e+00	0.00e+00	0.00e+00	5.88e-01	8.88e-02	5.63e-02
 4.88411e+16	7.43e-01	2.56e-01	3.93e-04	0.00e+00	0.00e+00	0.00e+00	0.00e+00	0.00e+00	0.00e+00	5.98e-01	8.86e-02	5.65e-02
 4.88728e+16	7.53e-01	2.47e-01	3.46e-04	0.00e+00	0.00e+00	0.00e+00	0.00e+00	0.00e+00	0.00e+00	6.08e-01	8.84e-02	5.67e-02
 4.89043e+16	7.63e-01	2.37e-01	3.05e-04	0.00e+00	0.00e+00	0.00e+00	0.00e+00	0.00e+00	0.00e+00	6.18e-01	8.80e-02	5.68e-02
 4.89354e+16	7.72e-01	2.28e-01	2.69e-04	0.00e+00	0.00e+00	0.00e+00	0.00e+00	0.00e+00	0.00e+00	6.27e-01	8.77e-02	5.69e-02
 4.89664e+16	7.81e-01	2.19e-01	2.37e-04	0.00e+00	0.00e+00	0.00e+00	0.00e+00	0.00e+00	0.00e+00	6.37e-01	8.73e-02	5.70e-02
 4.89978e+16	7.90e-01	2.10e-01	2.08e-04	0.00e+00	0.00e+00	0.00e+00	0.00e+00	0.00e+00	0.00e+00	6.46e-01	8.68e-02	5.70e-02
 4.90285e+16	7.98e-01	2.02e-01	1.83e-04	0.00e+00	0.00e+00	0.00e+00	0.00e+00	0.00e+00	0.00e+00	6.55e-01	8.63e-02	5.70e-02
 4.90588e+16	8.06e-01	1.94e-01	1.61e-04	0.00e+00	0.00e+00	0.00e+00	0.00e+00	0.00e+00	0.00e+00	6.63e-01	8.58e-02	5.69e-02
 4.90897e+16	8.14e-01	1.86e-01	1.41e-04	0.00e+00	0.00e+00	0.00e+00	0.00e+00	0.00e+00	0.00e+00	6.72e-01	8.51e-02	5.68e-02
 4.91207e+16	8.22e-01	1.78e-01	1.23e-04	0.00e+00	0.00e+00	0.00e+00	0.00e+00	0.00e+00	0.00e+00	6.81e-01	8.45e-02	5.67e-02
 4.91509e+16	8.29e-01	1.70e-01	1.08e-04	0.00e+00	0.00e+00	0.00e+00	0.00e+00	0.00e+00	0.00e+00	6.89e-01	8.39e-02	5.65e-02
 4.91809e+16	8.37e-01	1.63e-01	9.46e-05	0.00e+00	0.00e+00	0.00e+00	0.00e+00	0.00e+00	0.00e+00	6.97e-01	8.31e-02	5.63e-02
 4.92111e+16	8.43e-01	1.56e-01	8.28e-05	0.00e+00	0.00e+00	0.00e+00	0.00e+00	0.00e+00	0.00e+00	7.05e-01	8.25e-02	5.61e-02
 4.92411e+16	8.50e-01	1.50e-01	7.24e-05	0.00e+00	0.00e+00	0.00e+00	0.00e+00	0.00e+00	0.00e+00	7.13e-01	8.17e-02	5.59e-02
 4.92711e+16	8.57e-01	1.43e-01	6.32e-05	0.00e+00	0.00e+00	0.00e+00	0.00e+00	0.00e+00	0.00e+00	7.20e-01	8.09e-02	5.56e-02
 4.93007e+16	8.63e-01	1.37e-01	5.52e-05	0.00e+00	0.00e+00	0.00e+00	0.00e+00	0.00e+00	0.00e+00	7.27e-01	8.02e-02	5.53e-02
 4.93301e+16	8.69e-01	1.31e-01	4.83e-05	0.00e+00	0.00e+00	0.00e+00	0.00e+00	0.00e+00	0.00e+00	7.34e-01	7.94e-02	5.50e-02
 4.93590e+16	8.74e-01	1.26e-01	4.22e-05	0.00e+00	0.00e+00	0.00e+00	0.00e+00	0.00e+00	0.00e+00	7.41e-01	7.86e-02	5.47e-02
 4.93876e+16	8.80e-01	1.20e-01	3.70e-05	0.00e+00	0.00e+00	0.00e+00	0.00e+00	0.00e+00	0.00e+00	7.48e-01	7.79e-02	5.44e-02
 4.94160e+16	8.85e-01	1.15e-01	3.24e-05	0.00e+00	0.00e+00	0.00e+00	0.00e+00	0.00e+00	0.00e+00	7.54e-01	7.71e-02	5.41e-02
 4.94442e+16	8.90e-01	1.10e-01	2.83e-05	0.00e+00	0.00e+00	0.00e+00	0.00e+00	0.00e+00	0.00e+00	7.60e-01	7.63e-02	5.37e-02
 4.94717e+16	8.94e-01	1.06e-01	2.49e-05	0.00e+00	0.00e+00	0.00e+00	0.00e+00	0.00e+00	0.00e+00	7.65e-01	7.56e-02	5.34e-02
 4.94987e+16	8.99e-01	1.01e-01	2.19e-05	0.00e+00	0.00e+00	0.00e+00	0.00e+00	0.00e+00	0.00e+00	7.71e-01	7.48e-02	5.30e-02
 4.95256e+16	9.03e-01	9.70e-02	1.92e-05	0.00e+00	0.00e+00	0.00e+00	0.00e+00	0.00e+00	0.00e+00	7.76e-01	7.41e-02	5.26e-02
 4.95524e+16	9.07e-01	9.30e-02	1.69e-05	0.00e+00	0.00e+00	0.00e+00	0.00e+00	0.00e+00	0.00e+00	7.81e-01	7.34e-02	5.23e-02
 4.95788e+16	9.11e-01	8.90e-02	1.49e-05	0.00e+00	0.00e+00	0.00e+00	0.00e+00	0.00e+00	0.00e+00	7.86e-01	7.27e-02	5.19e-02
 4.96046e+16	9.15e-01	8.54e-02	1.31e-05	0.00e+00	0.00e+00	0.00e+00	0.00e+00	0.00e+00	0.00e+00	7.91e-01	7.20e-02	5.16e-02
 4.96300e+16	9.18e-01	8.19e-02	1.16e-05	0.00e+00	0.00e+00	0.00e+00	0.00e+00	0.00e+00	0.00e+00	7.96e-01	7.13e-02	5.12e-02
 4.96557e+16	9.21e-01	7.87e-02	1.02e-05	0.00e+00	0.00e+00	0.00e+00	0.00e+00	0.00e+00	0.00e+00	8.00e-01	7.07e-02	5.09e-02
 4.96813e+16	9.25e-01	7.53e-02	8.97e-06	0.00e+00	0.00e+00	0.00e+00	0.00e+00	0.00e+00	0.00e+00	8.04e-01	7.00e-02	5.05e-02
 4.97062e+16	9.28e-01	7.23e-02	7.92e-06	0.00e+00	0.00e+00	0.00e+00	0.00e+00	0.00e+00	0.00e+00	8.08e-01	6.93e-02	5.02e-02
 4.97308e+16	9.31e-01	6.94e-02	7.01e-06	0.00e+00	0.00e+00	0.00e+00	0.00e+00	0.00e+00	0.00e+00	8.12e-01	6.87e-02	4.98e-02
 4.97549e+16	9.33e-01	6.66e-02	6.21e-06	0.00e+00	0.00e+00	0.00e+00	0.00e+00	0.00e+00	0.00e+00	8.16e-01	6.81e-02	4.94e-02
 4.97789e+16	9.36e-01	6.40e-02	5.50e-06	0.00e+00	0.00e+00	0.00e+00	0.00e+00	0.00e+00	0.00e+00	8.19e-01	6.75e-02	4.90e-02
 4.98029e+16	9.39e-01	6.14e-02	4.87e-06	0.00e+00	0.00e+00	0.00e+00	0.00e+00	0.00e+00	0.00e+00	8.23e-01	6.69e-02	4.86e-02
 4.98269e+16	9.41e-01	5.89e-02	4.31e-06	0.00e+00	0.00e+00	0.00e+00	0.00e+00	0.00e+00	0.00e+00	8.27e-01	6.63e-02	4.82e-02
 4.98503e+16	9.43e-01	5.66e-02	3.82e-06	0.00e+00	0.00e+00	0.00e+00	0.00e+00	0.00e+00	0.00e+00	8.30e-01	6.57e-02	4.78e-02
 4.98734e+16	9.46e-01	5.44e-02	3.40e-06	0.00e+00	0.00e+00	0.00e+00	0.00e+00	0.00e+00	0.00e+00	8.33e-01	6.52e-02	4.75e-02
 4.98968e+16	9.48e-01	5.22e-02	3.01e-06	0.00e+00	0.00e+00	0.00e+00	0.00e+00	0.00e+00	0.00e+00	8.36e-01	6.47e-02	4.71e-02
 4.99201e+16	9.50e-01	5.00e-02	2.67e-06	0.00e+00	0.00e+00	0.00e+00	0.00e+00	0.00e+00	0.00e+00	8.39e-01	6.41e-02	4.68e-02
 4.99423e+16	9.52e-01	4.81e-02	2.38e-06	0.00e+00	0.00e+00	0.00e+00	0.00e+00	0.00e+00	0.00e+00	8.42e-01	6.36e-02	4.64e-02
 4.99644e+16	9.54e-01	4.63e-02	2.12e-06	0.00e+00	0.00e+00	0.00e+00	0.00e+00	0.00e+00	0.00e+00	8.44e-01	6.32e-02	4.61e-02
 4.99870e+16	9.56e-01	4.45e-02	1.89e-06	0.00e+00	0.00e+00	0.00e+00	0.00e+00	0.00e+00	0.00e+00	8.47e-01	6.27e-02	4.58e-02
 5.00094e+16	9.57e-01	4.27e-02	1.68e-06	0.00e+00	0.00e+00	0.00e+00	0.00e+00	0.00e+00	0.00e+00	8.50e-01	6.22e-02	4.55e-02
 5.00313e+16	9.59e-01	4.10e-02	1.49e-06	0.00e+00	0.00e+00	0.00e+00	0.00e+00	0.00e+00	0.00e+00	8.52e-01	6.18e-02	4.51e-02
 5.00528e+16	9.61e-01	3.94e-02	1.34e-06	0.00e+00	0.00e+00	0.00e+00	0.00e+00	0.00e+00	0.00e+00	8.54e-01	6.13e-02	4.48e-02
 5.00743e+16	9.62e-01	3.78e-02	1.19e-06	0.00e+00	0.00e+00	0.00e+00	0.00e+00	0.00e+00	0.00e+00	8.57e-01	6.09e-02	4.45e-02
 5.00961e+16	9.64e-01	3.63e-02	1.06e-06	0.00e+00	0.00e+00	0.00e+00	0.00e+00	0.00e+00	0.00e+00	8.59e-01	6.05e-02	4.43e-02
 5.01179e+16	9.65e-01	3.48e-02	9.44e-07	0.00e+00	0.00e+00	0.00e+00	0.00e+00	0.00e+00	0.00e+00	8.61e-01	6.01e-02	4.40e-02
 5.01391e+16	9.67e-01	3.35e-02	8.45e-07	0.00e+00	0.00e+00	0.00e+00	0.00e+00	0.00e+00	0.00e+00	8.63e-01	5.97e-02	4.37e-02
 5.01594e+16	9.68e-01	3.22e-02	7.59e-07	0.00e+00	0.00e+00	0.00e+00	0.00e+00	0.00e+00	0.00e+00	8.65e-01	5.93e-02	4.34e-02
 5.01792e+16	9.69e-01	3.10e-02	6.83e-07	0.00e+00	0.00e+00	0.00e+00	0.00e+00	0.00e+00	0.00e+00	8.67e-01	5.90e-02	4.32e-02
 5.01994e+16	9.70e-01	2.98e-02	6.12e-07	0.00e+00	0.00e+00	0.00e+00	0.00e+00	0.00e+00	0.00e+00	8.69e-01	5.86e-02	4.29e-02
 5.02201e+16	9.71e-01	2.85e-02	5.47e-07	0.00e+00	0.00e+00	0.00e+00	0.00e+00	0.00e+00	0.00e+00	8.71e-01	5.83e-02	4.27e-02
 5.02406e+16	9.73e-01	2.74e-02	4.90e-07	0.00e+00	0.00e+00	0.00e+00	0.00e+00	0.00e+00	0.00e+00	8.72e-01	5.79e-02	4.24e-02
 5.02601e+16	9.74e-01	2.63e-02	4.41e-07	0.00e+00	0.00e+00	0.00e+00	0.00e+00	0.00e+00	0.00e+00	8.74e-01	5.76e-02	4.22e-02
 5.02792e+16	9.75e-01	2.53e-02	3.98e-07	0.00e+00	0.00e+00	0.00e+00	0.00e+00	0.00e+00	0.00e+00	8.75e-01	5.73e-02	4.20e-02
 5.02984e+16	9.76e-01	2.42e-02	3.58e-07	0.00e+00	0.00e+00	0.00e+00	0.00e+00	0.00e+00	0.00e+00	8.77e-01	5.70e-02	4.17e-02
 5.03177e+16	9.77e-01	2.32e-02	3.22e-07	0.00e+00	0.00e+00	0.00e+00	0.00e+00	0.00e+00	0.00e+00	8.79e-01	5.67e-02	4.15e-02
 5.03363e+16	9.78e-01	2.23e-02	2.91e-07	0.00e+00	0.00e+00	0.00e+00	0.00e+00	0.00e+00	0.00e+00	8.80e-01	5.64e-02	4.13e-02
 5.03541e+16	9.79e-01	2.14e-02	2.64e-07	0.00e+00	0.00e+00	0.00e+00	0.00e+00	0.00e+00	0.00e+00	8.81e-01	5.61e-02	4.11e-02
 5.03705e+16	9.79e-01	2.07e-02	2.42e-07	0.00e+00	0.00e+00	0.00e+00	0.00e+00	0.00e+00	0.00e+00	8.83e-01	5.58e-02	4.09e-02
 5.03854e+16	9.80e-01	2.00e-02	2.23e-07	0.00e+00	0.00e+00	0.00e+00	0.00e+00	0.00e+00	0.00e+00	8.84e-01	5.56e-02	4.07e-02
 5.03991e+16	9.81e-01	1.94e-02	2.07e-07	0.00e+00	0.00e+00	0.00e+00	0.00e+00	0.00e+00	0.00e+00	8.85e-01	5.54e-02	4.05e-02
 5.04123e+16	9.81e-01	1.88e-02	1.93e-07	0.00e+00	0.00e+00	0.00e+00	0.00e+00	0.00e+00	0.00e+00	8.86e-01	5.52e-02	4.04e-02
 5.04248e+16	9.82e-01	1.82e-02	1.80e-07	0.00e+00	0.00e+00	0.00e+00	0.00e+00	0.00e+00	0.00e+00	8.87e-01	5.50e-02	4.02e-02
 5.04365e+16	9.82e-01	1.77e-02	1.69e-07	0.00e+00	0.00e+00	0.00e+00	0.00e+00	0.00e+00	0.00e+00	8.87e-01	5.48e-02	4.01e-02
 5.04474e+16	9.83e-01	1.73e-02	1.60e-07	0.00e+00	0.00e+00	0.00e+00	0.00e+00	0.00e+00	0.00e+00	8.88e-01	5.46e-02	3.99e-02
 5.04579e+16	9.83e-01	1.68e-02	1.51e-07	0.00e+00	0.00e+00	0.00e+00	0.00e+00	0.00e+00	0.00e+00	8.89e-01	5.44e-02	3.98e-02
 5.04680e+16	9.84e-01	1.64e-02	1.43e-07	0.00e+00	0.00e+00	0.00e+00	0.00e+00	0.00e+00	0.00e+00	8.90e-01	5.42e-02	3.96e-02
 5.04777e+16	9.84e-01	1.59e-02	1.35e-07	0.00e+00	0.00e+00	0.00e+00	0.00e+00	0.00e+00	0.00e+00	8.90e-01	5.41e-02	3.95e-02
 5.04869e+16	9.84e-01	1.56e-02	1.29e-07	0.00e+00	0.00e+00	0.00e+00	0.00e+00	0.00e+00	0.00e+00	8.91e-01	5.39e-02	3.94e-02
 5.04958e+16	9.85e-01	1.52e-02	1.22e-07	0.00e+00	0.00e+00	0.00e+00	0.00e+00	0.00e+00	0.00e+00	8.92e-01	5.37e-02	3.92e-02
 5.05047e+16	9.85e-01	1.48e-02	1.16e-07	0.00e+00	0.00e+00	0.00e+00	0.00e+00	0.00e+00	0.00e+00	8.93e-01	5.35e-02	3.91e-02
 5.05131e+16	9.86e-01	1.44e-02	1.11e-07	0.00e+00	0.00e+00	0.00e+00	0.00e+00	0.00e+00	0.00e+00	8.93e-01	5.34e-02	3.90e-02
 5.05216e+16	9.86e-01	1.41e-02	1.06e-07	0.00e+00	0.00e+00	0.00e+00	0.00e+00	0.00e+00	0.00e+00	8.94e-01	5.32e-02	3.88e-02
 5.05307e+16	9.86e-01	1.37e-02	1.01e-07	0.00e+00	0.00e+00	0.00e+00	0.00e+00	0.00e+00	0.00e+00	8.95e-01	5.30e-02	3.86e-02
 5.05397e+16	9.87e-01	1.32e-02	9.55e-08	0.00e+00	0.00e+00	0.00e+00	0.00e+00	0.00e+00	0.00e+00	8.95e-01	5.28e-02	3.85e-02
 5.05488e+16	9.87e-01	1.28e-02	9.06e-08	0.00e+00	0.00e+00	0.00e+00	0.00e+00	0.00e+00	0.00e+00	8.96e-01	5.26e-02	3.83e-02
 5.05578e+16	9.88e-01	1.24e-02	8.60e-08	0.00e+00	0.00e+00	0.00e+00	0.00e+00	0.00e+00	0.00e+00	8.97e-01	5.24e-02	3.81e-02
 5.05659e+16	9.88e-01	1.21e-02	8.20e-08	0.00e+00	0.00e+00	0.00e+00	0.00e+00	0.00e+00	0.00e+00	8.98e-01	5.21e-02	3.79e-02
 5.05733e+16	9.88e-01	1.17e-02	7.85e-08	0.00e+00	0.00e+00	0.00e+00	0.00e+00	0.00e+00	0.00e+00	8.99e-01	5.19e-02	3.77e-02
 5.05800e+16	9.89e-01	1.14e-02	7.54e-08	0.00e+00	0.00e+00	0.00e+00	0.00e+00	0.00e+00	0.00e+00	8.99e-01	5.18e-02	3.76e-02
 5.05864e+16	9.89e-01	1.11e-02	7.26e-08	0.00e+00	0.00e+00	0.00e+00	0.00e+00	0.00e+00	0.00e+00	9.00e-01	5.16e-02	3.74e-02
 5.05927e+16	9.89e-01	1.09e-02	6.98e-08	0.00e+00	0.00e+00	0.00e+00	0.00e+00	0.00e+00	0.00e+00	9.01e-01	5.14e-02	3.73e-02
 5.05988e+16	9.89e-01	1.06e-02	6.73e-08	0.00e+00	0.00e+00	0.00e+00	0.00e+00	0.00e+00	0.00e+00	9.01e-01	5.12e-02	3.71e-02
 5.06044e+16	9.90e-01	1.03e-02	6.49e-08	0.00e+00	0.00e+00	0.00e+00	0.00e+00	0.00e+00	0.00e+00	9.02e-01	5.10e-02	3.69e-02
 5.06095e+16	9.90e-01	1.01e-02	6.29e-08	0.00e+00	0.00e+00	0.00e+00	0.00e+00	0.00e+00	0.00e+00	9.02e-01	5.08e-02	3.68e-02
 5.06142e+16	9.90e-01	9.88e-03	6.10e-08	0.00e+00	0.00e+00	0.00e+00	0.00e+00	0.00e+00	0.00e+00	9.03e-01	5.07e-02	3.66e-02
 5.06185e+16	9.90e-01	9.69e-03	5.93e-08	0.00e+00	0.00e+00	0.00e+00	0.00e+00	0.00e+00	0.00e+00	9.03e-01	5.05e-02	3.65e-02
 5.06223e+16	9.90e-01	9.51e-03	5.78e-08	0.00e+00	0.00e+00	0.00e+00	0.00e+00	0.00e+00	0.00e+00	9.04e-01	5.04e-02	3.64e-02
 5.06258e+16	9.91e-01	9.38e-03	5.65e-08	0.00e+00	0.00e+00	0.00e+00	0.00e+00	0.00e+00	0.00e+00	9.04e-01	5.02e-02	3.63e-02
 5.06297e+16	9.91e-01	9.19e-03	5.50e-08	0.00e+00	0.00e+00	0.00e+00	0.00e+00	0.00e+00	0.00e+00	9.05e-01	5.01e-02	3.61e-02
 5.06339e+16	9.91e-01	9.02e-03	5.34e-08	0.00e+00	0.00e+00	0.00e+00	0.00e+00	0.00e+00	0.00e+00	9.05e-01	4.99e-02	3.60e-02
 5.06377e+16	9.91e-01	8.86e-03	5.20e-08	0.00e+00	0.00e+00	0.00e+00	0.00e+00	0.00e+00	0.00e+00	9.06e-01	4.97e-02	3.58e-02
 5.06411e+16	9.91e-01	8.72e-03	5.08e-08	0.00e+00	0.00e+00	0.00e+00	0.00e+00	0.00e+00	0.00e+00	9.06e-01	4.96e-02	3.57e-02
 5.06443e+16	9.91e-01	8.60e-03	4.97e-08	0.00e+00	0.00e+00	0.00e+00	0.00e+00	0.00e+00	0.00e+00	9.06e-01	4.94e-02	3.56e-02
 5.06477e+16	9.92e-01	8.45e-03	4.84e-08	0.00e+00	0.00e+00	0.00e+00	0.00e+00	0.00e+00	0.00e+00	9.07e-01	4.93e-02	3.55e-02
 5.06514e+16	9.92e-01	8.30e-03	4.72e-08	0.00e+00	0.00e+00	0.00e+00	0.00e+00	0.00e+00	0.00e+00	9.07e-01	4.91e-02	3.53e-02
 5.06548e+16	9.92e-01	8.17e-03	4.60e-08	0.00e+00	0.00e+00	0.00e+00	0.00e+00	0.00e+00	0.00e+00	9.08e-01	4.89e-02	3.52e-02
 5.06579e+16	9.92e-01	8.05e-03	4.50e-08	0.00e+00	0.00e+00	0.00e+00	0.00e+00	0.00e+00	0.00e+00	9.08e-01	4.88e-02	3.51e-02
 5.06613e+16	9.92e-01	7.91e-03	4.38e-08	0.00e+00	0.00e+00	0.00e+00	0.00e+00	0.00e+00	0.00e+00	9.08e-01	4.86e-02	3.50e-02
 5.06649e+16	9.92e-01	7.78e-03	4.26e-08	0.00e+00	0.00e+00	0.00e+00	0.00e+00	0.00e+00	0.00e+00	9.09e-01	4.84e-02	3.48e-02
 5.06682e+16	9.92e-01	7.68e-03	4.17e-08	0.00e+00	0.00e+00	0.00e+00	0.00e+00	0.00e+00	0.00e+00	9.09e-01	4.83e-02	3.47e-02
 5.06718e+16	9.92e-01	7.56e-03	4.05e-08	0.00e+00	0.00e+00	0.00e+00	0.00e+00	0.00e+00	0.00e+00	9.10e-01	4.82e-02	3.46e-02
 5.06766e+16	9.93e-01	7.40e-03	3.91e-08	0.00e+00	0.00e+00	0.00e+00	0.00e+00	0.00e+00	0.00e+00	9.10e-01	4.80e-02	3.45e-02
 5.06817e+16	9.93e-01	7.25e-03	3.77e-08	0.00e+00	0.00e+00	0.00e+00	0.00e+00	0.00e+00	0.00e+00	9.11e-01	4.78e-02	3.43e-02
###########################
 2.71161e+11	9.52e-06	1.23e-02	9.08e-01	8.01e-02	8.07e-06	0.00e+00	0.00e+00	0.00e+00	0.00e+00	7.16e-06	1.57e-06	7.97e-07
 1.62697e+12	9.50e-06	1.23e-02	9.08e-01	7.99e-02	8.04e-06	0.00e+00	0.00e+00	0.00e+00	0.00e+00	7.14e-06	1.57e-06	7.95e-07
 7.05020e+12	9.51e-06	1.23e-02	9.08e-01	7.93e-02	7.93e-06	0.00e+00	0.00e+00	0.00e+00	0.00e+00	7.14e-06	1.57e-06	7.96e-07
 2.87431e+13	9.53e-06	1.24e-02	9.11e-01	7.68e-02	7.54e-06	0.00e+00	0.00e+00	0.00e+00	0.00e+00	7.16e-06	1.57e-06	8.01e-07
 6.86581e+13	9.50e-06	1.24e-02	9.14e-01	7.32e-02	6.94e-06	0.00e+00	0.00e+00	0.00e+00	0.00e+00	7.12e-06	1.57e-06	8.03e-07
 1.20548e+14	9.48e-06	1.24e-02	9.19e-01	6.86e-02	6.23e-06	0.00e+00	0.00e+00	0.00e+00	0.00e+00	7.10e-06	1.57e-06	8.03e-07
 1.88004e+14	9.48e-06	1.25e-02	9.24e-01	6.30e-02	5.42e-06	0.00e+00	0.00e+00	0.00e+00	0.00e+00	7.10e-06	1.57e-06	8.04e-07
 2.75697e+14	9.50e-06	1.26e-02	9.31e-01	5.63e-02	4.51e-06	0.00e+00	0.00e+00	0.00e+00	0.00e+00	7.11e-06	1.58e-06	8.07e-07
 3.89698e+14	9.53e-06	1.27e-02	9.39e-01	4.85e-02	3.53e-06	0.00e+00	0.00e+00	0.00e+00	0.00e+00	7.14e-06	1.58e-06	8.09e-07
 5.37900e+14	9.58e-06	1.28e-02	9.47e-01	3.97e-02	2.56e-06	0.00e+00	0.00e+00	0.00e+00	0.00e+00	7.18e-06	1.59e-06	8.14e-07
 7.30562e+14	9.69e-06	1.30e-02	9.57e-01	3.05e-02	1.67e-06	0.00e+00	0.00e+00	0.00e+00	0.00e+00	7.26e-06	1.61e-06	8.22e-07
 9.81022e+14	9.84e-06	1.33e-02	9.65e-01	2.14e-02	9.53e-07	0.00e+00	0.00e+00	0.00e+00	0.00e+00	7.38e-06	1.63e-06	8.35e-07
 1.30662e+15	1.01e-05	1.35e-02	9.73e-01	1.34e-02	4.54e-07	0.00e+00	0.00e+00	0.00e+00	0.00e+00	7.55e-06	1.67e-06	8.53e-07
 1.72990e+15	1.04e-05	1.39e-02	9.79e-01	7.26e-03	1.72e-07	0.00e+00	0.00e+00	0.00e+00	0.00e+00	7.82e-06	1.72e-06	8.81e-07
 2.28016e+15	1.09e-05	1.44e-02	9.82e-01	3.28e-03	0.00e+00	0.00e+00	0.00e+00	0.00e+00	0.00e+00	8.22e-06	1.80e-06	9.21e-07
 2.99550e+15	1.16e-05	1.51e-02	9.84e-01	1.20e-03	0.00e+00	0.00e+00	0.00e+00	0.00e+00	0.00e+00	8.75e-06	1.91e-06	9.76e-07
 3.92544e+15	1.27e-05	1.59e-02	9.84e-01	3.42e-04	0.00e+00	0.00e+00	0.00e+00	0.00e+00	0.00e+00	9.53e-06	2.07e-06	1.06e-06
 4.89973e+15	1.36e-05	1.69e-02	9.83e-01	9.69e-05	0.00e+00	0.00e+00	0.00e+00	0.00e+00	0.00e+00	1.03e-05	2.23e-06	1.14e-06
 5.74422e+15	1.46e-05	1.77e-02	9.82e-01	3.49e-05	0.00e+00	0.00e+00	0.00e+00	0.00e+00	0.00e+00	1.10e-05	2.38e-06	1.21e-06
 6.65459e+15	1.60e-05	1.88e-02	9.81e-01	1.23e-05	0.00e+00	0.00e+00	0.00e+00	0.00e+00	0.00e+00	1.21e-05	2.60e-06	1.33e-06
 7.52761e+15	1.72e-05	1.98e-02	9.80e-01	4.93e-06	0.00e+00	0.00e+00	0.00e+00	0.00e+00	0.00e+00	1.30e-05	2.79e-06	1.42e-06
 8.28037e+15	1.85e-05	2.07e-02	9.79e-01	2.34e-06	0.00e+00	0.00e+00	0.00e+00	0.00e+00	0.00e+00	1.39e-05	3.00e-06	1.53e-06
 9.10840e+15	2.00e-05	2.17e-02	9.78e-01	1.10e-06	0.00e+00	0.00e+00	0.00e+00	0.00e+00	0.00e+00	1.51e-05	3.25e-06	1.66e-06
 1.00192e+16	2.18e-05	2.29e-02	9.77e-01	5.15e-07	0.00e+00	0.00e+00	0.00e+00	0.00e+00	0.00e+00	1.65e-05	3.56e-06	1.82e-06
 1.10212e+16	2.41e-05	2.43e-02	9.76e-01	2.46e-07	0.00e+00	0.00e+00	0.00e+00	0.00e+00	0.00e+00	1.81e-05	3.93e-06	2.00e-06
 1.21233e+16	2.68e-05	2.58e-02	9.74e-01	0.00e+00	0.00e+00	0.00e+00	0.00e+00	0.00e+00	0.00e+00	2.02e-05	4.38e-06	2.24e-06
 1.33356e+16	3.02e-05	2.76e-02	9.72e-01	0.00e+00	0.00e+00	0.00e+00	0.00e+00	0.00e+00	0.00e+00	2.27e-05	4.95e-06	2.53e-06
 1.46692e+16	3.45e-05	2.97e-02	9.70e-01	0.00e+00	0.00e+00	0.00e+00	0.00e+00	0.00e+00	0.00e+00	2.59e-05	5.68e-06	2.91e-06
 1.61361e+16	4.01e-05	3.21e-02	9.68e-01	0.00e+00	0.00e+00	0.00e+00	0.00e+00	0.00e+00	0.00e+00	3.01e-05	6.64e-06	3.41e-06
 1.77007e+16	4.74e-05	3.50e-02	9.65e-01	0.00e+00	0.00e+00	0.00e+00	0.00e+00	0.00e+00	0.00e+00	3.54e-05	7.89e-06	4.05e-06
 1.92288e+16	5.61e-05	3.81e-02	9.62e-01	0.00e+00	0.00e+00	0.00e+00	0.00e+00	0.00e+00	0.00e+00	4.19e-05	9.40e-06	4.83e-06
 2.06431e+16	6.61e-05	4.14e-02	9.59e-01	0.00e+00	0.00e+00	0.00e+00	0.00e+00	0.00e+00	0.00e+00	4.93e-05	1.11e-05	5.74e-06
 2.18919e+16	7.71e-05	4.45e-02	9.55e-01	0.00e+00	0.00e+00	0.00e+00	0.00e+00	0.00e+00	0.00e+00	5.73e-05	1.30e-05	6.73e-06
 2.29692e+16	8.84e-05	4.75e-02	9.52e-01	0.00e+00	0.00e+00	0.00e+00	0.00e+00	0.00e+00	0.00e+00	6.56e-05	1.50e-05	7.76e-06
 2.40891e+16	1.02e-04	5.09e-02	9.49e-01	0.00e+00	0.00e+00	0.00e+00	0.00e+00	0.00e+00	0.00e+00	7.58e-05	1.75e-05	9.03e-06
 2.52579e+16	1.20e-04	5.48e-02	9.45e-01	0.00e+00	0.00e+00	0.00e+00	0.00e+00	0.00e+00	0.00e+00	8.88e-05	2.07e-05	1.07e-05
 2.62860e+16	1.40e-04	5.87e-02	9.41e-01	0.00e+00	0.00e+00	0.00e+00	0.00e+00	0.00e+00	0.00e+00	1.03e-04	2.41e-05	1.25e-05
 2.71811e+16	1.60e-04	6.25e-02	9.37e-01	0.00e+00	0.00e+00	0.00e+00	0.00e+00	0.00e+00	0.00e+00	1.18e-04	2.77e-05	1.43e-05
 2.81629e+16	1.85e-04	6.67e-02	9.33e-01	0.00e+00	0.00e+00	0.00e+00	0.00e+00	0.00e+00	0.00e+00	1.36e-04	3.22e-05	1.67e-05
 2.92232e+16	2.19e-04	7.18e-02	9.28e-01	0.00e+00	0.00e+00	0.00e+00	0.00e+00	0.00e+00	0.00e+00	1.61e-04	3.84e-05	1.99e-05
 3.01284e+16	2.56e-04	7.69e-02	9.23e-01	0.00e+00	0.00e+00	0.00e+00	0.00e+00	0.00e+00	0.00e+00	1.88e-04	4.50e-05	2.33e-05
 3.08822e+16	2.93e-04	8.16e-02	9.18e-01	0.00e+00	0.00e+00	0.00e+00	0.00e+00	0.00e+00	0.00e+00	2.14e-04	5.16e-05	2.68e-05
 3.16961e+16	3.38e-04	8.71e-02	9.13e-01	0.00e+00	0.00e+00	0.00e+00	0.00e+00	0.00e+00	0.00e+00	2.47e-04	5.99e-05	3.11e-05
 3.25931e+16	4.02e-04	9.41e-02	9.05e-01	0.00e+00	0.00e+00	0.00e+00	0.00e+00	0.00e+00	0.00e+00	2.93e-04	7.15e-05	3.72e-05
 3.33809e+16	4.74e-04	1.01e-01	8.98e-01	0.00e+00	0.00e+00	0.00e+00	0.00e+00	0.00e+00	0.00e+00	3.45e-04	8.45e-05	4.40e-05
 3.40377e+16	5.46e-04	1.08e-01	8.91e-01	0.00e+00	0.00e+00	0.00e+00	0.00e+00	0.00e+00	0.00e+00	3.98e-04	9.78e-05	5.09e-05
 3.47412e+16	6.35e-04	1.16e-01	8.84e-01	0.00e+00	0.00e+00	0.00e+00	0.00e+00	0.00e+00	0.00e+00	4.61e-04	1.14e-04	5.95e-05
 3.55213e+16	7.62e-04	1.26e-01	8.73e-01	0.00e+00	0.00e+00	0.00e+00	0.00e+00	0.00e+00	0.00e+00	5.53e-04	1.38e-04	7.18e-05
 3.62122e+16	9.10e-04	1.37e-01	8.63e-01	0.00e+00	0.00e+00	0.00e+00	0.00e+00	0.00e+00	0.00e+00	6.59e-04	1.65e-04	8.60e-05
 3.67875e+16	1.06e-03	1.47e-01	8.52e-01	0.00e+00	0.00e+00	0.00e+00	0.00e+00	0.00e+00	0.00e+00	7.68e-04	1.93e-04	1.01e-04
 3.74011e+16	1.25e-03	1.58e-01	8.40e-01	0.00e+00	0.00e+00	0.00e+00	0.00e+00	0.00e+00	0.00e+00	9.01e-04	2.28e-04	1.19e-04
 3.80860e+16	1.52e-03	1.74e-01	8.25e-01	0.00e+00	0.00e+00	0.00e+00	0.00e+00	0.00e+00	0.00e+00	1.10e-03	2.79e-04	1.45e-04
 3.86985e+16	1.85e-03	1.90e-01	8.08e-01	0.00e+00	0.00e+00	0.00e+00	0.00e+00	0.00e+00	0.00e+00	1.33e-03	3.40e-04	1.77e-04
 3.92089e+16	2.19e-03	2.06e-01	7.92e-01	0.00e+00	0.00e+00	0.00e+00	0.00e+00	0.00e+00	0.00e+00	1.57e-03	4.05e-04	2.11e-04
 3.97516e+16	2.62e-03	2.25e-01	7.73e-01	0.00e+00	0.00e+00	0.00e+00	0.00e+00	0.00e+00	0.00e+00	1.88e-03	4.85e-04	2.53e-04
 4.03591e+16	3.26e-03	2.49e-01	7.48e-01	0.00e+00	0.00e+00	0.00e+00	0.00e+00	0.00e+00	0.00e+00	2.34e-03	6.06e-04	3.15e-04
 4.09050e+16	4.05e-03	2.76e-01	7.20e-01	0.00e+00	0.00e+00	0.00e+00	0.00e+00	0.00e+00	0.00e+00	2.90e-03	7.56e-04	3.91e-04
 4.13523e+16	4.89e-03	3.01e-01	6.94e-01	0.00e+00	0.00e+00	0.00e+00	0.00e+00	0.00e+00	0.00e+00	3.50e-03	9.15e-04	4.72e-04
 4.17493e+16	5.80e-03	3.25e-01	6.69e-01	0.00e+00	0.00e+00	0.00e+00	0.00e+00	0.00e+00	0.00e+00	4.15e-03	1.09e-03	5.61e-04
 4.21971e+16	7.04e-03	3.56e-01	6.37e-01	0.00e+00	0.00e+00	0.00e+00	0.00e+00	0.00e+00	0.00e+00	5.03e-03	1.33e-03	6.80e-04
 4.26886e+16	8.89e-03	3.94e-01	5.97e-01	0.00e+00	0.00e+00	0.00e+00	0.00e+00	0.00e+00	0.00e+00	6.35e-03	1.68e-03	8.59e-04
 4.31081e+16	1.11e-02	4.33e-01	5.56e-01	0.00e+00	0.00e+00	0.00e+00	0.00e+00	0.00e+00	0.00e+00	7.90e-03	2.10e-03	1.07e-03
 4.34369e+16	1.32e-02	4.66e-01	5.21e-01	0.00e+00	0.00e+00	0.00e+00	0.00e+00	0.00e+00	0.00e+00	9.44e-03	2.51e-03	1.28e-03
 4.37767e+16	1.59e-02	5.01e-01	4.83e-01	0.00e+00	0.00e+00	0.00e+00	0.00e+00	0.00e+00	0.00e+00	1.13e-02	3.02e-03	1.53e-03
 4.42185e+16	2.02e-02	5.49e-01	4.30e-01	0.00e+00	0.00e+00	0.00e+00	0.00e+00	0.00e+00	0.00e+00	1.44e-02	3.86e-03	1.95e-03
 4.46495e+16	2.66e-02	6.03e-01	3.71e-01	0.00e+00	0.00e+00	0.00e+00	0.00e+00	0.00e+00	0.00e+00	1.89e-02	5.07e-03	2.57e-03
 4.49466e+16	3.26e-02	6.41e-01	3.26e-01	0.00e+00	0.00e+00	0.00e+00	0.00e+00	0.00e+00	0.00e+00	2.32e-02	6.22e-03	3.14e-03
 4.51646e+16	3.80e-02	6.69e-01	2.93e-01	0.00e+00	0.00e+00	0.00e+00	0.00e+00	0.00e+00	0.00e+00	2.70e-02	7.25e-03	3.66e-03
 4.54001e+16	4.44e-02	6.97e-01	2.59e-01	0.00e+00	0.00e+00	0.00e+00	0.00e+00	0.00e+00	0.00e+00	3.16e-02	8.49e-03	4.28e-03
 4.57061e+16	5.51e-02	7.30e-01	2.15e-01	0.00e+00	0.00e+00	0.00e+00	0.00e+00	0.00e+00	0.00e+00	3.93e-02	1.05e-02	5.31e-03
 4.60226e+16	7.05e-02	7.60e-01	1.69e-01	0.00e+00	0.00e+00	0.00e+00	0.00e+00	0.00e+00	0.00e+00	5.03e-02	1.34e-02	6.77e-03
 4.62689e+16	8.68e-02	7.78e-01	1.35e-01	0.00e+00	0.00e+00	0.00e+00	0.00e+00	0.00e+00	0.00e+00	6.20e-02	1.64e-02	8.32e-03
 4.64383e+16	1.01e-01	7.86e-01	1.13e-01	0.00e+00	0.00e+00	0.00e+00	0.00e+00	0.00e+00	0.00e+00	7.22e-02	1.90e-02	9.65e-03
 4.65627e+16	1.13e-01	7.89e-01	9.82e-02	0.00e+00	0.00e+00	0.00e+00	0.00e+00	0.00e+00	0.00e+00	8.08e-02	2.11e-02	1.08e-02
 4.66955e+16	1.27e-01	7.90e-01	8.37e-02	0.00e+00	0.00e+00	0.00e+00	0.00e+00	0.00e+00	0.00e+00	9.08e-02	2.36e-02	1.21e-02
 4.68682e+16	1.48e-01	7.85e-01	6.68e-02	0.00e+00	0.00e+00	0.00e+00	0.00e+00	0.00e+00	0.00e+00	1.06e-01	2.74e-02	1.40e-02
 4.70346e+16	1.73e-01	7.74e-01	5.21e-02	0.00e+00	0.00e+00	0.00e+00	0.00e+00	0.00e+00	0.00e+00	1.25e-01	3.19e-02	1.64e-02
 4.71488e+16	1.94e-01	7.62e-01	4.31e-02	0.00e+00	0.00e+00	0.00e+00	0.00e+00	0.00e+00	0.00e+00	1.41e-01	3.55e-02	1.84e-02
 4.72345e+16	2.12e-01	7.51e-01	3.71e-02	0.00e+00	0.00e+00	0.00e+00	0.00e+00	0.00e+00	0.00e+00	1.53e-01	3.83e-02	1.99e-02
 4.73274e+16	2.31e-01	7.37e-01	3.13e-02	0.00e+00	0.00e+00	0.00e+00	0.00e+00	0.00e+00	0.00e+00	1.68e-01	4.16e-02	2.17e-02
 4.74482e+16	2.60e-01	7.15e-01	2.48e-02	0.00e+00	0.00e+00	0.00e+00	0.00e+00	0.00e+00	0.00e+00	1.89e-01	4.62e-02	2.43e-02
 4.75676e+16	2.92e-01	6.89e-01	1.93e-02	0.00e+00	0.00e+00	0.00e+00	0.00e+00	0.00e+00	0.00e+00	2.14e-01	5.12e-02	2.71e-02
 4.76549e+16	3.18e-01	6.66e-01	1.59e-02	0.00e+00	0.00e+00	0.00e+00	0.00e+00	0.00e+00	0.00e+00	2.34e-01	5.51e-02	2.94e-02
 4.77244e+16	3.39e-01	6.47e-01	1.35e-02	0.00e+00	0.00e+00	0.00e+00	0.00e+00	0.00e+00	0.00e+00	2.50e-01	5.82e-02	3.13e-02
 4.78012e+16	3.64e-01	6.25e-01	1.12e-02	0.00e+00	0.00e+00	0.00e+00	0.00e+00	0.00e+00	0.00e+00	2.69e-01	6.16e-02	3.33e-02
 4.79011e+16	3.98e-01	5.94e-01	8.73e-03	0.00e+00	0.00e+00	0.00e+00	0.00e+00	0.00e+00	0.00e+00	2.95e-01	6.61e-02	3.61e-02
 4.80007e+16	4.34e-01	5.59e-01	6.67e-03	0.00e+00	0.00e+00	0.00e+00	0.00e+00	0.00e+00	0.00e+00	3.24e-01	7.07e-02	3.91e-02
 4.80751e+16	4.63e-01	5.32e-01	5.40e-03	0.00e+00	0.00e+00	0.00e+00	0.00e+00	0.00e+00	0.00e+00	3.47e-01	7.40e-02	4.13e-02
 4.81358e+16	4.85e-01	5.11e-01	4.54e-03	0.00e+00	0.00e+00	0.00e+00	0.00e+00	0.00e+00	0.00e+00	3.66e-01	7.63e-02	4.30e-02
 4.81975e+16	5.08e-01	4.88e-01	3.79e-03	0.00e+00	0.00e+00	0.00e+00	0.00e+00	0.00e+00	0.00e+00	3.85e-01	7.86e-02	4.46e-02
 4.82637e+16	5.34e-01	4.63e-01	3.09e-03	0.00e+00	0.00e+00	0.00e+00	0.00e+00	0.00e+00	0.00e+00	4.06e-01	8.09e-02	4.64e-02
 4.83297e+16	5.60e-01	4.38e-01	2.50e-03	0.00e+00	0.00e+00	0.00e+00	0.00e+00	0.00e+00	0.00e+00	4.28e-01	8.30e-02	4.82e-02
 4.83899e+16	5.82e-01	4.16e-01	2.06e-03	0.00e+00	0.00e+00	0.00e+00	0.00e+00	0.00e+00	0.00e+00	4.48e-01	8.46e-02	4.96e-02
 4.84348e+16	5.99e-01	3.99e-01	1.78e-03	0.00e+00	0.00e+00	0.00e+00	0.00e+00	0.00e+00	0.00e+00	4.63e-01	8.57e-02	5.06e-02
 4.84634e+16	6.09e-01	3.89e-01	1.62e-03	0.00e+00	0.00e+00	0.00e+00	0.00e+00	0.00e+00	0.00e+00	4.72e-01	8.62e-02	5.12e-02
 4.84906e+16	6.19e-01	3.80e-01	1.48e-03	0.00e+00	0.00e+00	0.00e+00	0.00e+00	0.00e+00	0.00e+00	4.80e-01	8.67e-02	5.17e-02
 4.85244e+16	6.32e-01	3.67e-01	1.32e-03	0.00e+00	0.00e+00	0.00e+00	0.00e+00	0.00e+00	0.00e+00	4.92e-01	8.73e-02	5.24e-02
 4.85615e+16	6.45e-01	3.54e-01	1.16e-03	0.00e+00	0.00e+00	0.00e+00	0.00e+00	0.00e+00	0.00e+00	5.04e-01	8.79e-02	5.30e-02
 4.85960e+16	6.57e-01	3.42e-01	1.03e-03	0.00e+00	0.00e+00	0.00e+00	0.00e+00	0.00e+00	0.00e+00	5.15e-01	8.83e-02	5.36e-02
 4.86280e+16	6.69e-01	3.31e-01	9.15e-04	0.00e+00	0.00e+00	0.00e+00	0.00e+00	0.00e+00	0.00e+00	5.26e-01	8.86e-02	5.41e-02
 4.86597e+16	6.79e-01	3.20e-01	8.17e-04	0.00e+00	0.00e+00	0.00e+00	0.00e+00	0.00e+00	0.00e+00	5.36e-01	8.88e-02	5.46e-02
 4.86922e+16	6.91e-01	3.08e-01	7.24e-04	0.00e+00	0.00e+00	0.00e+00	0.00e+00	0.00e+00	0.00e+00	5.47e-01	8.90e-02	5.50e-02
 4.87249e+16	7.02e-01	2.97e-01	6.41e-04	0.00e+00	0.00e+00	0.00e+00	0.00e+00	0.00e+00	0.00e+00	5.57e-01	8.91e-02	5.54e-02
 4.87572e+16	7.13e-01	2.86e-01	5.67e-04	0.00e+00	0.00e+00	0.00e+00	0.00e+00	0.00e+00	0.00e+00	5.68e-01	8.91e-02	5.58e-02
 4.87889e+16	7.23e-01	2.76e-01	5.03e-04	0.00e+00	0.00e+00	0.00e+00	0.00e+00	0.00e+00	0.00e+00	5.78e-01	8.91e-02	5.61e-02
 4.88207e+16	7.33e-01	2.66e-01	4.44e-04	0.00e+00	0.00e+00	0.00e+00	0.00e+00	0.00e+00	0.00e+00	5.88e-01	8.89e-02	5.63e-02
 4.88529e+16	7.44e-01	2.56e-01	3.91e-04	0.00e+00	0.00e+00	0.00e+00	0.00e+00	0.00e+00	0.00e+00	5.98e-01	8.87e-02	5.65e-02
 4.88842e+16	7.53e-01	2.46e-01	3.46e-04	0.00e+00	0.00e+00	0.00e+00	0.00e+00	0.00e+00	0.00e+00	6.08e-01	8.85e-02	5.67e-02
 4.89151e+16	7.63e-01	2.37e-01	3.06e-04	0.00e+00	0.00e+00	0.00e+00	0.00e+00	0.00e+00	0.00e+00	6.17e-01	8.82e-02	5.68e-02
 4.89466e+16	7.72e-01	2.28e-01	2.69e-04	0.00e+00	0.00e+00	0.00e+00	0.00e+00	0.00e+00	0.00e+00	6.27e-01	8.78e-02	5.69e-02
 4.89780e+16	7.81e-01	2.19e-01	2.36e-04	0.00e+00	0.00e+00	0.00e+00	0.00e+00	0.00e+00	0.00e+00	6.36e-01	8.74e-02	5.70e-02
 4.90091e+16	7.90e-01	2.10e-01	2.08e-04	0.00e+00	0.00e+00	0.00e+00	0.00e+00	0.00e+00	0.00e+00	6.46e-01	8.69e-02	5.70e-02
 4.90402e+16	7.98e-01	2.01e-01	1.82e-04	0.00e+00	0.00e+00	0.00e+00	0.00e+00	0.00e+00	0.00e+00	6.55e-01	8.64e-02	5.70e-02
