#depth	H	H+	H2
 2.71138e+11	1.71e-03	9.98e-01	1.14e-12
 1.62683e+12	1.71e-03	9.98e-01	1.15e-12
 7.04958e+12	1.71e-03	9.98e-01	1.16e-12
 2.87406e+13	1.71e-03	9.98e-01	1.15e-12
 6.86521e+13	1.69e-03	9.98e-01	1.16e-12
 1.20537e+14	1.68e-03	9.98e-01	1.17e-12
 1.87987e+14	1.67e-03	9.98e-01	1.17e-12
 2.75673e+14	1.66e-03	9.98e-01	1.18e-12
 3.89664e+14	1.65e-03	9.98e-01	1.19e-12
 5.37852e+14	1.64e-03	9.98e-01	1.19e-12
 7.30497e+14	1.62e-03	9.98e-01	1.23e-12
 9.80936e+14	1.61e-03	9.98e-01	1.26e-12
 1.30651e+15	1.60e-03	9.98e-01	1.32e-12
 1.72975e+15	1.60e-03	9.98e-01	1.41e-12
 2.27996e+15	1.60e-03	9.98e-01	1.56e-12
 2.99524e+15	1.61e-03	9.98e-01	1.73e-12
 3.92510e+15	1.63e-03	9.98e-01	1.93e-12
 4.89935e+15	1.63e-03	9.98e-01	2.15e-12
 5.74385e+15	1.63e-03	9.98e-01	2.29e-12
 6.65426e+15	1.66e-03	9.98e-01	2.38e-12
 7.52728e+15	1.66e-03	9.98e-01	2.49e-12
 8.28000e+15	1.68e-03	9.98e-01	2.51e-12
 9.10800e+15	1.70e-03	9.98e-01	2.52e-12
 1.00188e+16	1.73e-03	9.98e-01	2.50e-12
 1.10207e+16	1.76e-03	9.98e-01	2.44e-12
 1.21228e+16	1.79e-03	9.98e-01	2.33e-12
 1.33350e+16	1.84e-03	9.98e-01	2.17e-12
 1.46685e+16	1.89e-03	9.98e-01	1.95e-12
 1.61354e+16	1.96e-03	9.98e-01	1.70e-12
 1.77001e+16	2.05e-03	9.98e-01	1.44e-12
 1.92284e+16	2.15e-03	9.98e-01	1.23e-12
 2.06428e+16	2.25e-03	9.98e-01	1.06e-12
 2.18917e+16	2.37e-03	9.98e-01	9.58e-13
 2.29691e+16	2.48e-03	9.98e-01	8.79e-13
 2.40891e+16	2.60e-03	9.97e-01	8.01e-13
 2.52581e+16	2.76e-03	9.97e-01	7.55e-13
 2.62863e+16	2.92e-03	9.97e-01	7.34e-13
 2.71815e+16	3.07e-03	9.97e-01	7.23e-13
 2.81633e+16	3.25e-03	9.97e-01	7.10e-13
 2.92237e+16	3.48e-03	9.97e-01	7.21e-13
 3.01290e+16	3.72e-03	9.96e-01	7.46e-13
 3.08828e+16	3.93e-03	9.96e-01	7.72e-13
 3.16971e+16	4.17e-03	9.96e-01	7.95e-13
 3.25939e+16	4.50e-03	9.96e-01	8.40e-13
 3.33814e+16	4.84e-03	9.95e-01	8.97e-13
 3.40384e+16	5.15e-03	9.95e-01	9.51e-13
 3.47424e+16	5.50e-03	9.95e-01	1.00e-12
 3.55228e+16	5.97e-03	9.94e-01	1.08e-12
 3.62137e+16	6.47e-03	9.94e-01	1.17e-12
 3.67888e+16	6.94e-03	9.93e-01	1.26e-12
 3.74022e+16	7.45e-03	9.93e-01	1.35e-12
 3.80871e+16	8.15e-03	9.92e-01	1.47e-12
 3.86998e+16	8.93e-03	9.91e-01	1.61e-12
 3.92103e+16	9.67e-03	9.90e-01	1.75e-12
 3.97531e+16	1.05e-02	9.90e-01	1.88e-12
 4.03607e+16	1.16e-02	9.88e-01	2.08e-12
 4.09066e+16	1.29e-02	9.87e-01	2.30e-12
 4.13540e+16	1.42e-02	9.86e-01	2.53e-12
 4.17510e+16	1.54e-02	9.85e-01	2.74e-12
 4.21989e+16	1.70e-02	9.83e-01	2.99e-12
 4.26905e+16	1.91e-02	9.81e-01	3.35e-12
 4.31100e+16	2.15e-02	9.78e-01	3.76e-12
 4.34389e+16	2.37e-02	9.76e-01	4.14e-12
 4.37787e+16	2.62e-02	9.74e-01	4.54e-12
 4.42205e+16	3.02e-02	9.70e-01	5.18e-12
 4.46516e+16	3.57e-02	9.64e-01	6.12e-12
 4.49487e+16	4.08e-02	9.59e-01	6.97e-12
 4.51668e+16	4.52e-02	9.55e-01	7.75e-12
 4.54023e+16	5.04e-02	9.50e-01	8.60e-12
 4.57084e+16	5.89e-02	9.41e-01	1.01e-11
 4.60249e+16	7.12e-02	9.29e-01	1.22e-11
 4.62713e+16	8.41e-02	9.16e-01	1.46e-11
 4.64408e+16	9.54e-02	9.05e-01	1.67e-11
 4.65651e+16	1.05e-01	8.95e-01	1.85e-11
 4.66979e+16	1.16e-01	8.84e-01	2.07e-11
 4.68704e+16	1.33e-01	8.67e-01	2.42e-11
 4.70369e+16	1.55e-01	8.45e-01	2.86e-11
 4.71511e+16	1.72e-01	8.28e-01	3.25e-11
 4.72369e+16	1.87e-01	8.13e-01	3.58e-11
 4.73299e+16	2.03e-01	7.97e-01	3.97e-11
 4.74507e+16	2.28e-01	7.72e-01	4.57e-11
 4.75702e+16	2.56e-01	7.44e-01	5.31e-11
 4.76575e+16	2.80e-01	7.20e-01	5.95e-11
 4.77270e+16	2.99e-01	7.01e-01	6.51e-11
 4.78038e+16	3.21e-01	6.79e-01	7.20e-11
 4.79036e+16	3.52e-01	6.48e-01	8.21e-11
 4.80032e+16	3.86e-01	6.14e-01	9.42e-11
 4.80776e+16	4.13e-01	5.87e-01	1.05e-10
 4.81384e+16	4.35e-01	5.65e-01	1.14e-10
 4.82003e+16	4.57e-01	5.43e-01	1.23e-10
 4.82666e+16	4.82e-01	5.18e-01	1.36e-10
 4.83323e+16	5.08e-01	4.92e-01	1.49e-10
 4.83923e+16	5.31e-01	4.69e-01	1.61e-10
 4.84372e+16	5.48e-01	4.52e-01	1.72e-10
 4.84658e+16	5.58e-01	4.42e-01	1.78e-10
 4.84931e+16	5.68e-01	4.32e-01	1.85e-10
 4.85269e+16	5.81e-01	4.19e-01	1.95e-10
 4.85639e+16	5.95e-01	4.05e-01	2.05e-10
 4.85984e+16	6.08e-01	3.92e-01	2.15e-10
 4.86302e+16	6.19e-01	3.81e-01	2.24e-10
 4.86620e+16	6.31e-01	3.69e-01	2.35e-10
 4.86947e+16	6.43e-01	3.57e-01	2.45e-10
 4.87275e+16	6.56e-01	3.44e-01	2.57e-10
 4.87597e+16	6.67e-01	3.33e-01	2.68e-10
 4.87915e+16	6.78e-01	3.22e-01	2.81e-10
 4.88236e+16	6.90e-01	3.10e-01	2.94e-10
 4.88551e+16	7.00e-01	3.00e-01	3.07e-10
 4.88862e+16	7.11e-01	2.89e-01	3.21e-10
 4.89178e+16	7.21e-01	2.79e-01	3.36e-10
 4.89493e+16	7.32e-01	2.68e-01	3.51e-10
 4.89805e+16	7.42e-01	2.58e-01	3.68e-10
 4.90114e+16	7.51e-01	2.49e-01	3.83e-10
 4.90423e+16	7.61e-01	2.39e-01	4.02e-10
 4.90736e+16	7.70e-01	2.30e-01	4.21e-10
 4.91041e+16	7.79e-01	2.21e-01	4.40e-10
 4.91343e+16	7.88e-01	2.12e-01	4.59e-10
 4.91650e+16	7.96e-01	2.04e-01	4.82e-10
 4.91956e+16	8.04e-01	1.96e-01	5.02e-10
 4.92257e+16	8.12e-01	1.88e-01	5.27e-10
 4.92558e+16	8.20e-01	1.80e-01	5.52e-10
 4.92857e+16	8.28e-01	1.72e-01	5.78e-10
 4.93154e+16	8.35e-01	1.65e-01	6.06e-10
 4.93451e+16	8.42e-01	1.58e-01	6.35e-10
 4.93743e+16	8.48e-01	1.52e-01	6.65e-10
 4.94030e+16	8.54e-01	1.46e-01	6.96e-10
 4.94313e+16	8.60e-01	1.40e-01	7.29e-10
 4.94593e+16	8.66e-01	1.34e-01	7.63e-10
 4.94870e+16	8.72e-01	1.28e-01	7.99e-10
 4.95143e+16	8.77e-01	1.23e-01	8.39e-10
 4.95410e+16	8.82e-01	1.18e-01	8.80e-10
 4.95675e+16	8.86e-01	1.14e-01	9.16e-10
 4.95941e+16	8.91e-01	1.09e-01	9.61e-10
 4.96202e+16	8.95e-01	1.05e-01	1.01e-09
 4.96457e+16	9.00e-01	1.00e-01	1.06e-09
 4.96712e+16	9.04e-01	9.63e-02	1.12e-09
 4.96965e+16	9.08e-01	9.24e-02	1.17e-09
 4.97212e+16	9.11e-01	8.89e-02	1.22e-09
 4.97458e+16	9.15e-01	8.54e-02	1.29e-09
 4.97703e+16	9.18e-01	8.20e-02	1.36e-09
 4.97944e+16	9.21e-01	7.87e-02	1.43e-09
 4.98185e+16	9.24e-01	7.57e-02	1.50e-09
 4.98424e+16	9.27e-01	7.27e-02	1.58e-09
 4.98657e+16	9.30e-01	6.99e-02	1.67e-09
 4.98886e+16	9.33e-01	6.72e-02	1.76e-09
 4.99117e+16	9.35e-01	6.47e-02	1.84e-09
 4.99350e+16	9.38e-01	6.20e-02	1.96e-09
 4.99580e+16	9.40e-01	5.96e-02	2.08e-09
 4.99802e+16	9.43e-01	5.73e-02	2.21e-09
 5.00019e+16	9.45e-01	5.52e-02	2.32e-09
 5.00242e+16	9.47e-01	5.31e-02	2.47e-09
 5.00465e+16	9.49e-01	5.09e-02	2.64e-09
 5.00680e+16	9.51e-01	4.90e-02	2.82e-09
 5.00891e+16	9.53e-01	4.70e-02	3.01e-09
 5.01107e+16	9.55e-01	4.52e-02	3.23e-09
 5.01327e+16	9.57e-01	4.34e-02	3.46e-09
 5.01538e+16	9.58e-01	4.17e-02	3.74e-09
 5.01739e+16	9.60e-01	4.01e-02	4.02e-09
 5.01934e+16	9.61e-01	3.87e-02	4.32e-09
 5.02136e+16	9.63e-01	3.72e-02	4.65e-09
 5.02344e+16	9.64e-01	3.57e-02	5.09e-09
 5.02547e+16	9.66e-01	3.42e-02	5.62e-09
 5.02742e+16	9.67e-01	3.29e-02	6.17e-09
 5.02931e+16	9.68e-01	3.16e-02	6.80e-09
 5.03121e+16	9.70e-01	3.04e-02	7.56e-09
 5.03313e+16	9.71e-01	2.92e-02	8.48e-09
 5.03496e+16	9.72e-01	2.81e-02	9.49e-09
 5.03666e+16	9.73e-01	2.70e-02	1.07e-08
 5.03823e+16	9.74e-01	2.61e-02	1.20e-08
 5.03967e+16	9.75e-01	2.53e-02	1.34e-08
 5.04100e+16	9.75e-01	2.46e-02	1.49e-08
 5.04226e+16	9.76e-01	2.39e-02	1.67e-08
 5.04347e+16	9.77e-01	2.32e-02	1.87e-08
 5.04461e+16	9.77e-01	2.26e-02	2.09e-08
 5.04569e+16	9.78e-01	2.20e-02	2.33e-08
 5.04671e+16	9.79e-01	2.14e-02	2.61e-08
 5.04769e+16	9.79e-01	2.09e-02	2.91e-08
 5.04863e+16	9.80e-01	2.04e-02	3.25e-08
 5.04954e+16	9.80e-01	1.99e-02	3.61e-08
 5.05042e+16	9.81e-01	1.95e-02	4.02e-08
 5.05129e+16	9.81e-01	1.90e-02	4.47e-08
 5.05215e+16	9.81e-01	1.85e-02	4.97e-08
 5.05300e+16	9.82e-01	1.81e-02	5.49e-08
 5.05388e+16	9.82e-01	1.76e-02	6.10e-08
 5.05479e+16	9.83e-01	1.71e-02	6.73e-08
 5.05569e+16	9.83e-01	1.66e-02	7.34e-08
 5.05656e+16	9.84e-01	1.61e-02	7.89e-08
 5.05735e+16	9.84e-01	1.57e-02	8.35e-08
 5.05806e+16	9.85e-01	1.53e-02	8.71e-08
 5.05872e+16	9.85e-01	1.49e-02	9.00e-08
 5.05936e+16	9.85e-01	1.46e-02	9.25e-08
 5.05998e+16	9.86e-01	1.42e-02	9.47e-08
 5.06056e+16	9.86e-01	1.39e-02	9.66e-08
 5.06110e+16	9.86e-01	1.36e-02	9.82e-08
 5.06160e+16	9.87e-01	1.33e-02	9.96e-08
 5.06204e+16	9.87e-01	1.31e-02	1.01e-07
 5.06245e+16	9.87e-01	1.29e-02	1.02e-07
 5.06282e+16	9.87e-01	1.27e-02	1.03e-07
 5.06323e+16	9.88e-01	1.25e-02	1.04e-07
 5.06366e+16	9.88e-01	1.22e-02	1.06e-07
 5.06406e+16	9.88e-01	1.20e-02	1.07e-07
 5.06443e+16	9.88e-01	1.18e-02	1.09e-07
 5.06476e+16	9.88e-01	1.17e-02	1.10e-07
 5.06506e+16	9.88e-01	1.15e-02	1.11e-07
 5.06539e+16	9.89e-01	1.14e-02	1.12e-07
 5.06574e+16	9.89e-01	1.12e-02	1.14e-07
 5.06607e+16	9.89e-01	1.10e-02	1.15e-07
 5.06636e+16	9.89e-01	1.09e-02	1.16e-07
 5.06668e+16	9.89e-01	1.07e-02	1.18e-07
 5.06703e+16	9.89e-01	1.06e-02	1.20e-07
 5.06735e+16	9.90e-01	1.05e-02	1.21e-07
 5.06770e+16	9.90e-01	1.03e-02	1.22e-07
 5.06815e+16	9.90e-01	1.01e-02	1.24e-07
 5.06863e+16	9.90e-01	9.92e-03	1.27e-07
