#depth	He	He+	He+2
 4.45360e+12	5.05e-05	1.14e-01	8.86e-01
 2.67216e+13	5.05e-05	1.14e-01	8.86e-01
 1.15794e+14	5.07e-05	1.14e-01	8.86e-01
 4.72082e+14	5.17e-05	1.16e-01	8.84e-01
 1.12765e+15	5.23e-05	1.16e-01	8.84e-01
 1.97989e+15	5.41e-05	1.19e-01	8.81e-01
 3.08781e+15	5.74e-05	1.24e-01	8.76e-01
 4.52810e+15	6.29e-05	1.32e-01	8.68e-01
 6.40047e+15	7.25e-05	1.48e-01	8.52e-01
 8.77758e+15	8.94e-05	1.75e-01	8.25e-01
 1.10754e+16	1.12e-04	2.11e-01	7.88e-01
 1.27928e+16	1.38e-04	2.52e-01	7.48e-01
 1.41778e+16	1.66e-04	2.95e-01	7.04e-01
 1.52997e+16	1.95e-04	3.39e-01	6.60e-01
 1.61843e+16	2.22e-04	3.81e-01	6.19e-01
 1.71260e+16	2.58e-04	4.32e-01	5.68e-01
 1.81555e+16	3.03e-04	4.96e-01	5.04e-01
 1.90797e+16	3.49e-04	5.60e-01	4.40e-01
 1.99309e+16	3.95e-04	6.23e-01	3.77e-01
 2.09067e+16	4.51e-04	6.94e-01	3.06e-01
 2.21753e+16	5.20e-04	7.79e-01	2.21e-01
 2.35959e+16	5.90e-04	8.56e-01	1.44e-01
 2.52140e+16	6.54e-04	9.15e-01	8.39e-02
 2.73175e+16	7.18e-04	9.58e-01	4.09e-02
 2.99318e+16	7.76e-04	9.82e-01	1.72e-02
 3.29250e+16	8.31e-04	9.92e-01	6.80e-03
 3.62175e+16	8.90e-04	9.96e-01	2.65e-03
 3.98392e+16	9.56e-04	9.98e-01	1.01e-03
 4.37404e+16	1.03e-03	9.99e-01	3.92e-04
 4.77485e+16	1.12e-03	9.99e-01	1.61e-04
 5.17566e+16	1.22e-03	9.99e-01	7.16e-05
 5.57647e+16	1.33e-03	9.99e-01	3.44e-05
 5.97527e+16	1.45e-03	9.99e-01	1.77e-05
 6.25549e+16	1.55e-03	9.98e-01	1.20e-05
 6.38538e+16	1.60e-03	9.98e-01	1.00e-05
 6.49587e+16	1.64e-03	9.98e-01	8.52e-06
 6.63951e+16	1.71e-03	9.98e-01	6.92e-06
 6.82625e+16	1.80e-03	9.98e-01	5.34e-06
 7.01947e+16	1.89e-03	9.98e-01	4.18e-06
 7.17485e+16	1.98e-03	9.98e-01	3.46e-06
 7.30734e+16	2.06e-03	9.98e-01	2.94e-06
 7.45632e+16	2.16e-03	9.98e-01	2.45e-06
 7.62019e+16	2.28e-03	9.98e-01	2.02e-06
 7.76629e+16	2.40e-03	9.98e-01	1.72e-06
 7.89382e+16	2.51e-03	9.97e-01	1.49e-06
 8.03437e+16	2.64e-03	9.97e-01	1.27e-06
 8.18641e+16	2.80e-03	9.97e-01	1.08e-06
 8.31859e+16	2.95e-03	9.97e-01	9.45e-07
 8.43384e+16	3.10e-03	9.97e-01	8.39e-07
 8.56189e+16	3.28e-03	9.97e-01	7.32e-07
 8.70056e+16	3.50e-03	9.97e-01	6.38e-07
 8.82254e+16	3.72e-03	9.96e-01	5.66e-07
 8.92964e+16	3.93e-03	9.96e-01	5.10e-07
 9.04792e+16	4.19e-03	9.96e-01	4.52e-07
 9.17458e+16	4.50e-03	9.95e-01	4.01e-07
 9.28321e+16	4.81e-03	9.95e-01	3.63e-07
 9.37648e+16	5.10e-03	9.95e-01	3.33e-07
 9.47873e+16	5.47e-03	9.95e-01	3.01e-07
 9.58954e+16	5.92e-03	9.94e-01	2.72e-07
 9.68554e+16	6.37e-03	9.94e-01	2.50e-07
 9.76706e+16	6.80e-03	9.93e-01	2.32e-07
 9.85568e+16	7.35e-03	9.93e-01	2.13e-07
 9.95096e+16	8.01e-03	9.92e-01	1.96e-07
 1.00327e+17	8.67e-03	9.91e-01	1.83e-07
 1.01025e+17	9.32e-03	9.91e-01	1.72e-07
 1.01789e+17	1.02e-02	9.90e-01	1.60e-07
 1.02617e+17	1.12e-02	9.89e-01	1.49e-07
 1.03328e+17	1.23e-02	9.88e-01	1.40e-07
 1.03929e+17	1.33e-02	9.87e-01	1.33e-07
 1.04587e+17	1.46e-02	9.85e-01	1.25e-07
 1.05316e+17	1.64e-02	9.84e-01	1.17e-07
 1.05906e+17	1.81e-02	9.82e-01	1.12e-07
 1.06316e+17	1.94e-02	9.81e-01	1.08e-07
 1.06721e+17	2.10e-02	9.79e-01	1.04e-07
 1.07247e+17	2.33e-02	9.77e-01	9.97e-08
 1.07765e+17	2.61e-02	9.74e-01	9.56e-08
 1.08139e+17	2.83e-02	9.72e-01	9.31e-08
 1.08439e+17	3.05e-02	9.70e-01	9.07e-08
 1.08777e+17	3.33e-02	9.67e-01	8.81e-08
 1.09153e+17	3.66e-02	9.63e-01	8.59e-08
 1.09499e+17	4.03e-02	9.60e-01	8.38e-08
 1.09799e+17	4.39e-02	9.56e-01	8.23e-08
 1.10119e+17	4.84e-02	9.52e-01	8.05e-08
 1.10464e+17	5.41e-02	9.46e-01	7.89e-08
 1.10758e+17	5.97e-02	9.40e-01	7.77e-08
 1.11007e+17	6.50e-02	9.35e-01	7.69e-08
 1.11281e+17	7.21e-02	9.28e-01	7.58e-08
 1.11584e+17	8.05e-02	9.19e-01	7.54e-08
 1.11858e+17	8.97e-02	9.10e-01	7.49e-08
 1.12101e+17	9.89e-02	9.01e-01	7.48e-08
 1.12336e+17	1.09e-01	8.91e-01	7.47e-08
 1.12568e+17	1.21e-01	8.79e-01	7.50e-08
 1.12781e+17	1.32e-01	8.68e-01	7.52e-08
 1.12967e+17	1.44e-01	8.56e-01	7.56e-08
 1.13136e+17	1.55e-01	8.45e-01	7.60e-08
 1.13297e+17	1.67e-01	8.33e-01	7.66e-08
 1.13424e+17	1.77e-01	8.23e-01	7.70e-08
 1.13507e+17	1.84e-01	8.16e-01	7.72e-08
 1.13588e+17	1.92e-01	8.08e-01	7.73e-08
 1.13686e+17	2.02e-01	7.98e-01	7.75e-08
 1.13790e+17	2.11e-01	7.89e-01	7.82e-08
 1.13881e+17	2.21e-01	7.79e-01	7.85e-08
 1.13964e+17	2.29e-01	7.71e-01	7.90e-08
 1.14049e+17	2.39e-01	7.61e-01	7.93e-08
 1.14138e+17	2.49e-01	7.51e-01	7.99e-08
 1.14227e+17	2.60e-01	7.40e-01	8.03e-08
 1.14311e+17	2.71e-01	7.29e-01	8.09e-08
 1.14391e+17	2.82e-01	7.18e-01	8.13e-08
 1.14474e+17	2.93e-01	7.07e-01	8.19e-08
 1.14559e+17	3.05e-01	6.95e-01	8.24e-08
 1.14641e+17	3.17e-01	6.83e-01	8.29e-08
 1.14720e+17	3.28e-01	6.72e-01	8.35e-08
 1.14798e+17	3.41e-01	6.59e-01	8.38e-08
 1.14878e+17	3.54e-01	6.46e-01	8.44e-08
 1.14958e+17	3.67e-01	6.33e-01	8.47e-08
 1.15035e+17	3.80e-01	6.20e-01	8.54e-08
 1.15112e+17	3.94e-01	6.06e-01	8.58e-08
 1.15189e+17	4.08e-01	5.92e-01	8.61e-08
 1.15265e+17	4.21e-01	5.79e-01	8.65e-08
 1.15339e+17	4.35e-01	5.65e-01	8.70e-08
 1.15414e+17	4.50e-01	5.50e-01	8.71e-08
 1.15489e+17	4.64e-01	5.36e-01	8.77e-08
 1.15562e+17	4.78e-01	5.22e-01	8.79e-08
 1.15634e+17	4.93e-01	5.07e-01	8.80e-08
 1.15705e+17	5.08e-01	4.92e-01	8.82e-08
 1.15777e+17	5.22e-01	4.78e-01	8.83e-08
 1.15848e+17	5.37e-01	4.63e-01	8.85e-08
 1.15916e+17	5.51e-01	4.49e-01	8.85e-08
 1.15984e+17	5.65e-01	4.35e-01	8.85e-08
 1.16051e+17	5.79e-01	4.21e-01	8.85e-08
 1.16117e+17	5.93e-01	4.07e-01	8.84e-08
 1.16181e+17	6.06e-01	3.94e-01	8.83e-08
 1.16245e+17	6.19e-01	3.81e-01	8.81e-08
 1.16308e+17	6.32e-01	3.68e-01	8.79e-08
 1.16369e+17	6.45e-01	3.55e-01	8.75e-08
 1.16430e+17	6.58e-01	3.42e-01	8.72e-08
 1.16491e+17	6.70e-01	3.30e-01	8.70e-08
 1.16550e+17	6.82e-01	3.18e-01	8.66e-08
 1.16608e+17	6.93e-01	3.07e-01	8.61e-08
 1.16666e+17	7.05e-01	2.95e-01	8.56e-08
 1.16724e+17	7.16e-01	2.84e-01	8.51e-08
 1.16780e+17	7.26e-01	2.74e-01	8.46e-08
 1.16836e+17	7.37e-01	2.63e-01	8.40e-08
 1.16891e+17	7.47e-01	2.53e-01	8.34e-08
 1.16946e+17	7.56e-01	2.44e-01	8.29e-08
 1.16999e+17	7.66e-01	2.34e-01	8.23e-08
 1.17052e+17	7.75e-01	2.25e-01	8.15e-08
 1.17104e+17	7.84e-01	2.16e-01	8.08e-08
 1.17157e+17	7.92e-01	2.08e-01	8.01e-08
 1.17209e+17	8.01e-01	1.99e-01	7.94e-08
 1.17260e+17	8.09e-01	1.91e-01	7.86e-08
 1.17310e+17	8.16e-01	1.84e-01	7.78e-08
 1.17360e+17	8.24e-01	1.76e-01	7.70e-08
 1.17410e+17	8.31e-01	1.69e-01	7.60e-08
 1.17459e+17	8.38e-01	1.62e-01	7.51e-08
 1.17508e+17	8.44e-01	1.56e-01	7.44e-08
 1.17556e+17	8.50e-01	1.50e-01	7.35e-08
 1.17603e+17	8.56e-01	1.44e-01	7.26e-08
 1.17650e+17	8.62e-01	1.38e-01	7.15e-08
 1.17698e+17	8.68e-01	1.32e-01	7.06e-08
 1.17744e+17	8.73e-01	1.27e-01	6.97e-08
 1.17788e+17	8.78e-01	1.22e-01	6.87e-08
 1.17833e+17	8.83e-01	1.17e-01	6.77e-08
 1.17878e+17	8.88e-01	1.12e-01	6.67e-08
 1.17922e+17	8.93e-01	1.07e-01	6.57e-08
 1.17964e+17	8.97e-01	1.03e-01	6.47e-08
 1.18002e+17	9.01e-01	9.95e-02	6.37e-08
 1.18036e+17	9.04e-01	9.62e-02	6.28e-08
 1.18068e+17	9.07e-01	9.32e-02	6.17e-08
 1.18098e+17	9.10e-01	9.04e-02	6.08e-08
 1.18125e+17	9.12e-01	8.79e-02	5.99e-08
 1.18150e+17	9.14e-01	8.57e-02	5.91e-08
 1.18173e+17	9.16e-01	8.36e-02	5.83e-08
 1.18195e+17	9.18e-01	8.17e-02	5.75e-08
 1.18215e+17	9.20e-01	8.00e-02	5.68e-08
 1.18234e+17	9.22e-01	7.84e-02	5.61e-08
 1.18252e+17	9.23e-01	7.69e-02	5.54e-08
 1.18269e+17	9.25e-01	7.55e-02	5.48e-08
 1.18285e+17	9.26e-01	7.42e-02	5.42e-08
 1.18301e+17	9.27e-01	7.30e-02	5.36e-08
 1.18315e+17	9.28e-01	7.18e-02	5.30e-08
 1.18329e+17	9.29e-01	7.07e-02	5.25e-08
 1.18342e+17	9.30e-01	6.97e-02	5.20e-08
 1.18354e+17	9.31e-01	6.88e-02	5.14e-08
 1.18366e+17	9.32e-01	6.78e-02	5.10e-08
 1.18377e+17	9.33e-01	6.70e-02	5.05e-08
 1.18388e+17	9.34e-01	6.61e-02	5.00e-08
 1.18398e+17	9.35e-01	6.53e-02	4.95e-08
 1.18409e+17	9.35e-01	6.46e-02	4.91e-08
 1.18419e+17	9.36e-01	6.38e-02	4.86e-08
 1.18429e+17	9.37e-01	6.31e-02	4.81e-08
 1.18438e+17	9.38e-01	6.23e-02	4.76e-08
 1.18448e+17	9.38e-01	6.16e-02	4.71e-08
 1.18457e+17	9.39e-01	6.09e-02	4.67e-08
 1.18467e+17	9.40e-01	6.01e-02	4.61e-08
 1.18479e+17	9.41e-01	5.93e-02	4.55e-08
 1.18490e+17	9.42e-01	5.85e-02	4.50e-08
 1.18502e+17	9.42e-01	5.76e-02	4.43e-08
 1.18513e+17	9.43e-01	5.67e-02	4.36e-08
 1.18524e+17	9.44e-01	5.59e-02	4.29e-08
 1.18534e+17	9.45e-01	5.51e-02	4.23e-08
 1.18544e+17	9.46e-01	5.44e-02	4.17e-08
 1.18553e+17	9.46e-01	5.37e-02	4.11e-08
 1.18561e+17	9.47e-01	5.31e-02	4.06e-08
 1.18568e+17	9.47e-01	5.25e-02	4.01e-08
 1.18575e+17	9.48e-01	5.20e-02	3.96e-08
 1.18581e+17	9.48e-01	5.15e-02	3.92e-08
 1.18586e+17	9.49e-01	5.11e-02	3.88e-08
 1.18591e+17	9.49e-01	5.07e-02	3.85e-08
 1.18597e+17	9.50e-01	5.02e-02	3.81e-08
 1.18603e+17	9.50e-01	4.98e-02	3.77e-08
 1.18608e+17	9.51e-01	4.94e-02	3.73e-08
 1.18614e+17	9.51e-01	4.89e-02	3.69e-08
 1.18621e+17	9.52e-01	4.84e-02	3.64e-08
 1.18627e+17	9.52e-01	4.79e-02	3.60e-08
 1.18632e+17	9.52e-01	4.75e-02	3.57e-08
 1.18638e+17	9.53e-01	4.71e-02	3.53e-08
 1.18644e+17	9.53e-01	4.66e-02	3.49e-08
 1.18650e+17	9.54e-01	4.61e-02	3.45e-08
 1.18655e+17	9.54e-01	4.58e-02	3.42e-08
 1.18661e+17	9.55e-01	4.54e-02	3.39e-08
 1.18668e+17	9.55e-01	4.49e-02	3.35e-08
 1.18676e+17	9.56e-01	4.44e-02	3.31e-08
 1.18683e+17	9.56e-01	4.39e-02	3.27e-08
 1.18690e+17	9.57e-01	4.34e-02	3.24e-08
 1.18697e+17	9.57e-01	4.30e-02	3.21e-08
 1.18705e+17	9.58e-01	4.24e-02	3.17e-08
 1.18712e+17	9.58e-01	4.20e-02	3.14e-08
 1.18720e+17	9.59e-01	4.15e-02	3.09e-08
 1.18728e+17	9.59e-01	4.10e-02	3.05e-08
 1.18736e+17	9.60e-01	4.05e-02	3.02e-08
 1.18743e+17	9.60e-01	4.01e-02	2.99e-08
 1.18751e+17	9.60e-01	3.96e-02	2.96e-08
