#depth	H	H+	H2
 4.45360e+12	8.63e-04	9.99e-01	1.33e-14
 2.67216e+13	8.62e-04	9.99e-01	1.33e-14
 1.15794e+14	8.61e-04	9.99e-01	1.33e-14
 4.72082e+14	8.58e-04	9.99e-01	1.34e-14
 1.12765e+15	8.39e-04	9.99e-01	1.35e-14
 1.97989e+15	8.26e-04	9.99e-01	1.36e-14
 3.08781e+15	8.16e-04	9.99e-01	1.38e-14
 4.52810e+15	8.10e-04	9.99e-01	1.43e-14
 6.40047e+15	8.10e-04	9.99e-01	1.51e-14
 8.77758e+15	8.18e-04	9.99e-01	1.64e-14
 1.10754e+16	8.19e-04	9.99e-01	1.76e-14
 1.27928e+16	8.28e-04	9.99e-01	1.87e-14
 1.41778e+16	8.43e-04	9.99e-01	1.99e-14
 1.52997e+16	8.56e-04	9.99e-01	2.09e-14
 1.61843e+16	8.70e-04	9.99e-01	2.20e-14
 1.71260e+16	8.92e-04	9.99e-01	2.34e-14
 1.81555e+16	9.16e-04	9.99e-01	2.51e-14
 1.90797e+16	9.37e-04	9.99e-01	2.67e-14
 1.99309e+16	9.61e-04	9.99e-01	2.84e-14
 2.09067e+16	9.93e-04	9.99e-01	3.08e-14
 2.21753e+16	1.03e-03	9.99e-01	3.38e-14
 2.35959e+16	1.08e-03	9.99e-01	3.76e-14
 2.52140e+16	1.13e-03	9.99e-01	4.21e-14
 2.73175e+16	1.20e-03	9.99e-01	4.80e-14
 2.99318e+16	1.29e-03	9.99e-01	5.54e-14
 3.29250e+16	1.39e-03	9.99e-01	6.46e-14
 3.62175e+16	1.52e-03	9.98e-01	7.60e-14
 3.98392e+16	1.68e-03	9.98e-01	9.10e-14
 4.37404e+16	1.88e-03	9.98e-01	1.11e-13
 4.77485e+16	2.12e-03	9.98e-01	1.36e-13
 5.17566e+16	2.42e-03	9.98e-01	1.69e-13
 5.57647e+16	2.78e-03	9.97e-01	2.11e-13
 5.97527e+16	3.23e-03	9.97e-01	2.66e-13
 6.25549e+16	3.60e-03	9.96e-01	3.14e-13
 6.38538e+16	3.79e-03	9.96e-01	3.40e-13
 6.49587e+16	3.97e-03	9.96e-01	3.64e-13
 6.63951e+16	4.22e-03	9.96e-01	4.01e-13
 6.82625e+16	4.56e-03	9.95e-01	4.51e-13
 7.01947e+16	4.97e-03	9.95e-01	5.14e-13
 7.17485e+16	5.34e-03	9.95e-01	5.71e-13
 7.30734e+16	5.67e-03	9.94e-01	6.26e-13
 7.45632e+16	6.08e-03	9.94e-01	6.95e-13
 7.62019e+16	6.59e-03	9.93e-01	7.80e-13
 7.76629e+16	7.09e-03	9.93e-01	8.71e-13
 7.89382e+16	7.56e-03	9.92e-01	9.59e-13
 8.03437e+16	8.15e-03	9.92e-01	1.07e-12
 8.18641e+16	8.84e-03	9.91e-01	1.20e-12
 8.31859e+16	9.53e-03	9.90e-01	1.34e-12
 8.43384e+16	1.02e-02	9.90e-01	1.47e-12
 8.56189e+16	1.10e-02	9.89e-01	1.65e-12
 8.70056e+16	1.20e-02	9.88e-01	1.85e-12
 8.82254e+16	1.30e-02	9.87e-01	2.07e-12
 8.92964e+16	1.39e-02	9.86e-01	2.29e-12
 9.04792e+16	1.51e-02	9.85e-01	2.56e-12
 9.17458e+16	1.65e-02	9.83e-01	2.89e-12
 9.28321e+16	1.79e-02	9.82e-01	3.24e-12
 9.37648e+16	1.93e-02	9.81e-01	3.58e-12
 9.47873e+16	2.10e-02	9.79e-01	4.01e-12
 9.58954e+16	2.31e-02	9.77e-01	4.53e-12
 9.68554e+16	2.52e-02	9.75e-01	5.08e-12
 9.76706e+16	2.72e-02	9.73e-01	5.63e-12
 9.85568e+16	2.97e-02	9.70e-01	6.33e-12
 9.95096e+16	3.28e-02	9.67e-01	7.17e-12
 1.00327e+17	3.59e-02	9.64e-01	8.06e-12
 1.01025e+17	3.89e-02	9.61e-01	8.96e-12
 1.01789e+17	4.27e-02	9.57e-01	1.01e-11
 1.02617e+17	4.76e-02	9.52e-01	1.16e-11
 1.03328e+17	5.26e-02	9.47e-01	1.32e-11
 1.03929e+17	5.75e-02	9.42e-01	1.48e-11
 1.04587e+17	6.36e-02	9.36e-01	1.68e-11
 1.05316e+17	7.19e-02	9.28e-01	1.96e-11
 1.05906e+17	8.01e-02	9.20e-01	2.25e-11
 1.06316e+17	8.63e-02	9.14e-01	2.47e-11
 1.06721e+17	9.34e-02	9.07e-01	2.73e-11
 1.07247e+17	1.04e-01	8.96e-01	3.14e-11
 1.07765e+17	1.17e-01	8.83e-01	3.65e-11
 1.08139e+17	1.27e-01	8.73e-01	4.06e-11
 1.08439e+17	1.37e-01	8.63e-01	4.48e-11
 1.08777e+17	1.49e-01	8.51e-01	5.00e-11
 1.09153e+17	1.64e-01	8.36e-01	5.66e-11
 1.09499e+17	1.80e-01	8.20e-01	6.42e-11
 1.09799e+17	1.95e-01	8.05e-01	7.15e-11
 1.10119e+17	2.13e-01	7.87e-01	8.09e-11
 1.10464e+17	2.36e-01	7.64e-01	9.30e-11
 1.10758e+17	2.57e-01	7.43e-01	1.05e-10
 1.11007e+17	2.76e-01	7.24e-01	1.17e-10
 1.11281e+17	3.00e-01	7.00e-01	1.32e-10
 1.11584e+17	3.29e-01	6.71e-01	1.51e-10
 1.11858e+17	3.57e-01	6.43e-01	1.72e-10
 1.12101e+17	3.84e-01	6.16e-01	1.92e-10
 1.12336e+17	4.11e-01	5.89e-01	2.15e-10
 1.12568e+17	4.39e-01	5.61e-01	2.40e-10
 1.12781e+17	4.67e-01	5.33e-01	2.67e-10
 1.12967e+17	4.91e-01	5.09e-01	2.92e-10
 1.13136e+17	5.13e-01	4.87e-01	3.17e-10
 1.13297e+17	5.35e-01	4.65e-01	3.42e-10
 1.13424e+17	5.52e-01	4.48e-01	3.64e-10
 1.13507e+17	5.62e-01	4.38e-01	3.78e-10
 1.13588e+17	5.72e-01	4.28e-01	3.93e-10
 1.13686e+17	5.86e-01	4.14e-01	4.14e-10
 1.13790e+17	6.01e-01	3.99e-01	4.34e-10
 1.13881e+17	6.14e-01	3.86e-01	4.55e-10
 1.13964e+17	6.25e-01	3.75e-01	4.73e-10
 1.14049e+17	6.36e-01	3.64e-01	4.94e-10
 1.14138e+17	6.48e-01	3.52e-01	5.16e-10
 1.14227e+17	6.61e-01	3.39e-01	5.41e-10
 1.14311e+17	6.72e-01	3.28e-01	5.63e-10
 1.14391e+17	6.83e-01	3.17e-01	5.86e-10
 1.14474e+17	6.94e-01	3.06e-01	6.10e-10
 1.14559e+17	7.05e-01	2.95e-01	6.37e-10
 1.14641e+17	7.16e-01	2.84e-01	6.65e-10
 1.14720e+17	7.26e-01	2.74e-01	6.90e-10
 1.14798e+17	7.36e-01	2.64e-01	7.19e-10
 1.14878e+17	7.46e-01	2.54e-01	7.47e-10
 1.14958e+17	7.57e-01	2.43e-01	7.81e-10
 1.15035e+17	7.66e-01	2.34e-01	8.08e-10
 1.15112e+17	7.75e-01	2.25e-01	8.41e-10
 1.15189e+17	7.84e-01	2.16e-01	8.77e-10
 1.15265e+17	7.92e-01	2.08e-01	9.12e-10
 1.15339e+17	8.00e-01	2.00e-01	9.45e-10
 1.15414e+17	8.09e-01	1.91e-01	9.86e-10
 1.15489e+17	8.17e-01	1.83e-01	1.02e-09
 1.15562e+17	8.24e-01	1.76e-01	1.06e-09
 1.15634e+17	8.32e-01	1.68e-01	1.11e-09
 1.15705e+17	8.39e-01	1.61e-01	1.15e-09
 1.15777e+17	8.45e-01	1.55e-01	1.20e-09
 1.15848e+17	8.52e-01	1.48e-01	1.24e-09
 1.15916e+17	8.58e-01	1.42e-01	1.29e-09
 1.15984e+17	8.64e-01	1.36e-01	1.34e-09
 1.16051e+17	8.70e-01	1.30e-01	1.39e-09
 1.16117e+17	8.75e-01	1.25e-01	1.44e-09
 1.16181e+17	8.80e-01	1.20e-01	1.50e-09
 1.16245e+17	8.85e-01	1.15e-01	1.56e-09
 1.16308e+17	8.90e-01	1.10e-01	1.62e-09
 1.16369e+17	8.94e-01	1.06e-01	1.68e-09
 1.16430e+17	8.99e-01	1.01e-01	1.75e-09
 1.16491e+17	9.03e-01	9.73e-02	1.82e-09
 1.16550e+17	9.07e-01	9.34e-02	1.89e-09
 1.16608e+17	9.10e-01	8.96e-02	1.97e-09
 1.16666e+17	9.14e-01	8.61e-02	2.05e-09
 1.16724e+17	9.17e-01	8.26e-02	2.14e-09
 1.16780e+17	9.21e-01	7.93e-02	2.23e-09
 1.16836e+17	9.24e-01	7.62e-02	2.32e-09
 1.16891e+17	9.27e-01	7.32e-02	2.42e-09
 1.16946e+17	9.30e-01	7.03e-02	2.53e-09
 1.16999e+17	9.33e-01	6.75e-02	2.65e-09
 1.17052e+17	9.35e-01	6.48e-02	2.78e-09
 1.17104e+17	9.38e-01	6.23e-02	2.92e-09
 1.17157e+17	9.40e-01	5.98e-02	3.06e-09
 1.17209e+17	9.43e-01	5.75e-02	3.22e-09
 1.17260e+17	9.45e-01	5.53e-02	3.39e-09
 1.17310e+17	9.47e-01	5.31e-02	3.58e-09
 1.17360e+17	9.49e-01	5.11e-02	3.80e-09
 1.17410e+17	9.51e-01	4.90e-02	4.03e-09
 1.17459e+17	9.53e-01	4.71e-02	4.29e-09
 1.17508e+17	9.55e-01	4.53e-02	4.55e-09
 1.17556e+17	9.57e-01	4.35e-02	4.88e-09
 1.17603e+17	9.58e-01	4.19e-02	5.24e-09
 1.17650e+17	9.60e-01	4.02e-02	5.64e-09
 1.17698e+17	9.61e-01	3.86e-02	6.15e-09
 1.17744e+17	9.63e-01	3.70e-02	6.70e-09
 1.17788e+17	9.64e-01	3.56e-02	7.33e-09
 1.17833e+17	9.66e-01	3.43e-02	8.08e-09
 1.17878e+17	9.67e-01	3.29e-02	9.00e-09
 1.17922e+17	9.68e-01	3.16e-02	1.01e-08
 1.17964e+17	9.70e-01	3.04e-02	1.14e-08
 1.18002e+17	9.71e-01	2.93e-02	1.28e-08
 1.18036e+17	9.72e-01	2.85e-02	1.43e-08
 1.18068e+17	9.72e-01	2.77e-02	1.60e-08
 1.18098e+17	9.73e-01	2.69e-02	1.80e-08
 1.18125e+17	9.74e-01	2.62e-02	2.02e-08
 1.18150e+17	9.74e-01	2.56e-02	2.26e-08
 1.18173e+17	9.75e-01	2.51e-02	2.53e-08
 1.18195e+17	9.75e-01	2.45e-02	2.83e-08
 1.18215e+17	9.76e-01	2.41e-02	3.17e-08
 1.18234e+17	9.76e-01	2.36e-02	3.55e-08
 1.18252e+17	9.77e-01	2.32e-02	3.96e-08
 1.18269e+17	9.77e-01	2.28e-02	4.43e-08
 1.18285e+17	9.78e-01	2.24e-02	4.96e-08
 1.18301e+17	9.78e-01	2.20e-02	5.55e-08
 1.18315e+17	9.78e-01	2.16e-02	6.20e-08
 1.18329e+17	9.79e-01	2.13e-02	6.93e-08
 1.18342e+17	9.79e-01	2.10e-02	7.74e-08
 1.18354e+17	9.79e-01	2.07e-02	8.64e-08
 1.18366e+17	9.80e-01	2.04e-02	9.64e-08
 1.18377e+17	9.80e-01	2.01e-02	1.08e-07
 1.18388e+17	9.80e-01	1.98e-02	1.20e-07
 1.18398e+17	9.80e-01	1.95e-02	1.34e-07
 1.18409e+17	9.81e-01	1.93e-02	1.49e-07
 1.18419e+17	9.81e-01	1.90e-02	1.66e-07
 1.18429e+17	9.81e-01	1.87e-02	1.85e-07
 1.18438e+17	9.82e-01	1.85e-02	2.05e-07
 1.18448e+17	9.82e-01	1.82e-02	2.28e-07
 1.18457e+17	9.82e-01	1.79e-02	2.50e-07
 1.18467e+17	9.82e-01	1.76e-02	2.76e-07
 1.18479e+17	9.83e-01	1.73e-02	3.07e-07
 1.18490e+17	9.83e-01	1.70e-02	3.38e-07
 1.18502e+17	9.83e-01	1.66e-02	3.70e-07
 1.18513e+17	9.84e-01	1.62e-02	3.99e-07
 1.18524e+17	9.84e-01	1.59e-02	4.22e-07
 1.18534e+17	9.84e-01	1.56e-02	4.40e-07
 1.18544e+17	9.85e-01	1.53e-02	4.55e-07
 1.18553e+17	9.85e-01	1.50e-02	4.67e-07
 1.18561e+17	9.85e-01	1.47e-02	4.76e-07
 1.18568e+17	9.86e-01	1.45e-02	4.84e-07
 1.18575e+17	9.86e-01	1.43e-02	4.91e-07
 1.18581e+17	9.86e-01	1.41e-02	4.97e-07
 1.18586e+17	9.86e-01	1.39e-02	5.02e-07
 1.18591e+17	9.86e-01	1.38e-02	5.07e-07
 1.18597e+17	9.86e-01	1.36e-02	5.12e-07
 1.18603e+17	9.87e-01	1.34e-02	5.17e-07
 1.18608e+17	9.87e-01	1.33e-02	5.22e-07
 1.18614e+17	9.87e-01	1.31e-02	5.28e-07
 1.18621e+17	9.87e-01	1.29e-02	5.35e-07
 1.18627e+17	9.87e-01	1.28e-02	5.41e-07
 1.18632e+17	9.87e-01	1.26e-02	5.46e-07
 1.18638e+17	9.88e-01	1.24e-02	5.53e-07
 1.18644e+17	9.88e-01	1.23e-02	5.60e-07
 1.18650e+17	9.88e-01	1.21e-02	5.67e-07
 1.18655e+17	9.88e-01	1.20e-02	5.72e-07
 1.18661e+17	9.88e-01	1.19e-02	5.77e-07
 1.18668e+17	9.88e-01	1.17e-02	5.84e-07
 1.18676e+17	9.88e-01	1.15e-02	5.92e-07
 1.18683e+17	9.89e-01	1.14e-02	5.99e-07
 1.18690e+17	9.89e-01	1.12e-02	6.06e-07
 1.18697e+17	9.89e-01	1.11e-02	6.14e-07
 1.18705e+17	9.89e-01	1.09e-02	6.23e-07
 1.18712e+17	9.89e-01	1.08e-02	6.31e-07
 1.18720e+17	9.89e-01	1.06e-02	6.41e-07
 1.18728e+17	9.90e-01	1.04e-02	6.51e-07
 1.18736e+17	9.90e-01	1.03e-02	6.61e-07
 1.18743e+17	9.90e-01	1.02e-02	6.70e-07
 1.18751e+17	9.90e-01	9.98e-03	6.82e-07
