#depth	O	O+	O+2	O+3	O+4	O+5	O+6	O+7	O+8	O[1]	O[2]	O[3]
 4.45281e+12	4.86e-07	8.83e-04	2.36e-01	7.27e-01	3.56e-02	3.21e-06	0.00e+00	0.00e+00	0.00e+00	3.68e-07	7.48e-08	4.23e-08
 2.67169e+13	4.86e-07	8.85e-04	2.37e-01	7.27e-01	3.55e-02	3.20e-06	0.00e+00	0.00e+00	0.00e+00	3.69e-07	7.49e-08	4.24e-08
 1.15773e+14	4.89e-07	8.91e-04	2.39e-01	7.25e-01	3.53e-02	3.16e-06	0.00e+00	0.00e+00	0.00e+00	3.71e-07	7.53e-08	4.26e-08
 4.71998e+14	5.01e-07	9.15e-04	2.45e-01	7.20e-01	3.42e-02	3.03e-06	0.00e+00	0.00e+00	0.00e+00	3.80e-07	7.71e-08	4.36e-08
 1.12745e+15	5.03e-07	9.45e-04	2.54e-01	7.13e-01	3.25e-02	2.83e-06	0.00e+00	0.00e+00	0.00e+00	3.81e-07	7.75e-08	4.39e-08
 1.97954e+15	5.19e-07	9.95e-04	2.66e-01	7.02e-01	3.05e-02	2.59e-06	0.00e+00	0.00e+00	0.00e+00	3.94e-07	7.99e-08	4.53e-08
 3.08726e+15	5.51e-07	1.07e-03	2.84e-01	6.87e-01	2.79e-02	2.29e-06	0.00e+00	0.00e+00	0.00e+00	4.18e-07	8.48e-08	4.82e-08
 4.52729e+15	6.06e-07	1.18e-03	3.09e-01	6.65e-01	2.47e-02	1.94e-06	0.00e+00	0.00e+00	0.00e+00	4.60e-07	9.33e-08	5.31e-08
 6.39933e+15	7.01e-07	1.36e-03	3.47e-01	6.31e-01	2.09e-02	1.54e-06	0.00e+00	0.00e+00	0.00e+00	5.32e-07	1.08e-07	6.15e-08
 8.77374e+15	8.62e-07	1.64e-03	4.03e-01	5.79e-01	1.63e-02	1.11e-06	0.00e+00	0.00e+00	0.00e+00	6.54e-07	1.33e-07	7.57e-08
 1.10431e+16	1.04e-06	1.96e-03	4.68e-01	5.18e-01	1.24e-02	7.77e-07	0.00e+00	0.00e+00	0.00e+00	7.89e-07	1.60e-07	9.15e-08
 1.27152e+16	1.23e-06	2.27e-03	5.26e-01	4.62e-01	9.66e-03	5.67e-07	0.00e+00	0.00e+00	0.00e+00	9.30e-07	1.88e-07	1.08e-07
 1.40830e+16	1.43e-06	2.58e-03	5.80e-01	4.10e-01	7.55e-03	4.17e-07	0.00e+00	0.00e+00	0.00e+00	1.08e-06	2.19e-07	1.26e-07
 1.52158e+16	1.62e-06	2.87e-03	6.28e-01	3.63e-01	5.97e-03	3.13e-07	0.00e+00	0.00e+00	0.00e+00	1.23e-06	2.48e-07	1.43e-07
 1.61229e+16	1.80e-06	3.12e-03	6.69e-01	3.23e-01	4.80e-03	2.41e-07	0.00e+00	0.00e+00	0.00e+00	1.36e-06	2.76e-07	1.59e-07
 1.70962e+16	2.04e-06	3.44e-03	7.14e-01	2.78e-01	3.66e-03	1.73e-07	0.00e+00	0.00e+00	0.00e+00	1.55e-06	3.13e-07	1.80e-07
 1.81590e+16	2.31e-06	3.79e-03	7.63e-01	2.30e-01	2.62e-03	0.00e+00	0.00e+00	0.00e+00	0.00e+00	1.75e-06	3.55e-07	2.05e-07
 1.91107e+16	2.59e-06	4.12e-03	8.06e-01	1.88e-01	1.85e-03	0.00e+00	0.00e+00	0.00e+00	0.00e+00	1.96e-06	3.97e-07	2.29e-07
 1.99694e+16	2.86e-06	4.42e-03	8.42e-01	1.53e-01	1.30e-03	0.00e+00	0.00e+00	0.00e+00	0.00e+00	2.17e-06	4.38e-07	2.53e-07
 2.09346e+16	3.20e-06	4.76e-03	8.77e-01	1.17e-01	8.34e-04	0.00e+00	0.00e+00	0.00e+00	0.00e+00	2.42e-06	4.90e-07	2.83e-07
 2.21893e+16	3.62e-06	5.15e-03	9.14e-01	8.05e-02	4.44e-04	0.00e+00	0.00e+00	0.00e+00	0.00e+00	2.74e-06	5.54e-07	3.21e-07
 2.38205e+16	4.20e-06	5.63e-03	9.47e-01	4.69e-02	1.79e-04	0.00e+00	0.00e+00	0.00e+00	0.00e+00	3.19e-06	6.44e-07	3.73e-07
 2.56607e+16	4.83e-06	6.08e-03	9.69e-01	2.49e-02	6.13e-05	0.00e+00	0.00e+00	0.00e+00	0.00e+00	3.66e-06	7.40e-07	4.30e-07
 2.77728e+16	5.59e-06	6.52e-03	9.81e-01	1.21e-02	1.76e-05	0.00e+00	0.00e+00	0.00e+00	0.00e+00	4.23e-06	8.55e-07	4.97e-07
 3.04149e+16	6.59e-06	7.04e-03	9.88e-01	5.18e-03	3.90e-06	0.00e+00	0.00e+00	0.00e+00	0.00e+00	5.00e-06	1.01e-06	5.86e-07
 3.34564e+16	7.90e-06	7.63e-03	9.90e-01	2.12e-03	7.65e-07	0.00e+00	0.00e+00	0.00e+00	0.00e+00	5.99e-06	1.21e-06	7.03e-07
 3.68021e+16	9.66e-06	8.33e-03	9.91e-01	8.86e-04	1.47e-07	0.00e+00	0.00e+00	0.00e+00	0.00e+00	7.32e-06	1.48e-06	8.60e-07
 4.04823e+16	1.21e-05	9.18e-03	9.90e-01	3.95e-04	0.00e+00	0.00e+00	0.00e+00	0.00e+00	0.00e+00	9.18e-06	1.85e-06	1.08e-06
 4.44141e+16	1.56e-05	1.02e-02	9.90e-01	2.03e-04	0.00e+00	0.00e+00	0.00e+00	0.00e+00	0.00e+00	1.18e-05	2.39e-06	1.39e-06
 4.84222e+16	2.04e-05	1.15e-02	9.88e-01	1.25e-04	0.00e+00	0.00e+00	0.00e+00	0.00e+00	0.00e+00	1.55e-05	3.12e-06	1.82e-06
 5.24303e+16	2.73e-05	1.31e-02	9.87e-01	9.01e-05	0.00e+00	0.00e+00	0.00e+00	0.00e+00	0.00e+00	2.07e-05	4.17e-06	2.43e-06
 5.64384e+16	3.71e-05	1.50e-02	9.85e-01	7.08e-05	0.00e+00	0.00e+00	0.00e+00	0.00e+00	0.00e+00	2.81e-05	5.66e-06	3.30e-06
 5.93214e+16	4.68e-05	1.67e-02	9.83e-01	6.13e-05	0.00e+00	0.00e+00	0.00e+00	0.00e+00	0.00e+00	3.55e-05	7.15e-06	4.16e-06
 6.07349e+16	5.27e-05	1.76e-02	9.82e-01	5.75e-05	0.00e+00	0.00e+00	0.00e+00	0.00e+00	0.00e+00	4.00e-05	8.05e-06	4.69e-06
 6.19642e+16	5.86e-05	1.85e-02	9.81e-01	5.42e-05	0.00e+00	0.00e+00	0.00e+00	0.00e+00	0.00e+00	4.44e-05	8.95e-06	5.21e-06
 6.35622e+16	6.76e-05	1.98e-02	9.80e-01	5.02e-05	0.00e+00	0.00e+00	0.00e+00	0.00e+00	0.00e+00	5.12e-05	1.03e-05	6.00e-06
 6.56397e+16	8.16e-05	2.16e-02	9.78e-01	4.55e-05	0.00e+00	0.00e+00	0.00e+00	0.00e+00	0.00e+00	6.19e-05	1.25e-05	7.25e-06
 6.77218e+16	9.92e-05	2.37e-02	9.76e-01	4.14e-05	0.00e+00	0.00e+00	0.00e+00	0.00e+00	0.00e+00	7.52e-05	1.51e-05	8.80e-06
 6.93119e+16	1.16e-04	2.55e-02	9.74e-01	3.84e-05	0.00e+00	0.00e+00	0.00e+00	0.00e+00	0.00e+00	8.80e-05	1.77e-05	1.03e-05
 7.06553e+16	1.33e-04	2.73e-02	9.73e-01	3.59e-05	0.00e+00	0.00e+00	0.00e+00	0.00e+00	0.00e+00	1.01e-04	2.03e-05	1.18e-05
 7.21761e+16	1.55e-04	2.95e-02	9.70e-01	3.33e-05	0.00e+00	0.00e+00	0.00e+00	0.00e+00	0.00e+00	1.18e-04	2.37e-05	1.38e-05
 7.38705e+16	1.86e-04	3.22e-02	9.68e-01	3.05e-05	0.00e+00	0.00e+00	0.00e+00	0.00e+00	0.00e+00	1.41e-04	2.84e-05	1.65e-05
 7.54087e+16	2.21e-04	3.51e-02	9.65e-01	2.80e-05	0.00e+00	0.00e+00	0.00e+00	0.00e+00	0.00e+00	1.67e-04	3.36e-05	1.95e-05
 7.67496e+16	2.57e-04	3.79e-02	9.62e-01	2.61e-05	0.00e+00	0.00e+00	0.00e+00	0.00e+00	0.00e+00	1.95e-04	3.91e-05	2.27e-05
 7.82158e+16	3.05e-04	4.13e-02	9.58e-01	2.39e-05	0.00e+00	0.00e+00	0.00e+00	0.00e+00	0.00e+00	2.31e-04	4.65e-05	2.70e-05
 7.97982e+16	3.69e-04	4.56e-02	9.54e-01	2.17e-05	0.00e+00	0.00e+00	0.00e+00	0.00e+00	0.00e+00	2.80e-04	5.62e-05	3.26e-05
 8.11693e+16	4.38e-04	4.98e-02	9.50e-01	1.99e-05	0.00e+00	0.00e+00	0.00e+00	0.00e+00	0.00e+00	3.33e-04	6.68e-05	3.88e-05
 8.23627e+16	5.12e-04	5.40e-02	9.45e-01	1.83e-05	0.00e+00	0.00e+00	0.00e+00	0.00e+00	0.00e+00	3.88e-04	7.80e-05	4.52e-05
 8.36873e+16	6.11e-04	5.92e-02	9.40e-01	1.67e-05	0.00e+00	0.00e+00	0.00e+00	0.00e+00	0.00e+00	4.64e-04	9.30e-05	5.40e-05
 8.51326e+16	7.45e-04	6.58e-02	9.33e-01	1.50e-05	0.00e+00	0.00e+00	0.00e+00	0.00e+00	0.00e+00	5.66e-04	1.14e-04	6.58e-05
 8.64046e+16	8.96e-04	7.25e-02	9.27e-01	1.36e-05	0.00e+00	0.00e+00	0.00e+00	0.00e+00	0.00e+00	6.80e-04	1.36e-04	7.91e-05
 8.75129e+16	1.06e-03	7.91e-02	9.20e-01	1.23e-05	0.00e+00	0.00e+00	0.00e+00	0.00e+00	0.00e+00	8.03e-04	1.61e-04	9.33e-05
 8.87388e+16	1.28e-03	8.75e-02	9.11e-01	1.11e-05	0.00e+00	0.00e+00	0.00e+00	0.00e+00	0.00e+00	9.70e-04	1.94e-04	1.13e-04
 9.00667e+16	1.58e-03	9.81e-02	9.00e-01	9.81e-06	0.00e+00	0.00e+00	0.00e+00	0.00e+00	0.00e+00	1.20e-03	2.40e-04	1.39e-04
 9.12220e+16	1.92e-03	1.09e-01	8.89e-01	8.73e-06	0.00e+00	0.00e+00	0.00e+00	0.00e+00	0.00e+00	1.46e-03	2.92e-04	1.69e-04
 9.22108e+16	2.28e-03	1.19e-01	8.78e-01	7.84e-06	0.00e+00	0.00e+00	0.00e+00	0.00e+00	0.00e+00	1.73e-03	3.46e-04	2.01e-04
 9.32887e+16	2.77e-03	1.32e-01	8.65e-01	6.96e-06	0.00e+00	0.00e+00	0.00e+00	0.00e+00	0.00e+00	2.10e-03	4.20e-04	2.44e-04
 9.44566e+16	3.44e-03	1.49e-01	8.48e-01	6.02e-06	0.00e+00	0.00e+00	0.00e+00	0.00e+00	0.00e+00	2.62e-03	5.22e-04	3.03e-04
 9.54716e+16	4.21e-03	1.66e-01	8.30e-01	5.24e-06	0.00e+00	0.00e+00	0.00e+00	0.00e+00	0.00e+00	3.20e-03	6.38e-04	3.71e-04
 9.63375e+16	5.03e-03	1.82e-01	8.13e-01	4.65e-06	0.00e+00	0.00e+00	0.00e+00	0.00e+00	0.00e+00	3.82e-03	7.61e-04	4.42e-04
 9.72797e+16	6.14e-03	2.02e-01	7.92e-01	4.02e-06	0.00e+00	0.00e+00	0.00e+00	0.00e+00	0.00e+00	4.67e-03	9.27e-04	5.39e-04
 9.82961e+16	7.66e-03	2.27e-01	7.65e-01	3.40e-06	0.00e+00	0.00e+00	0.00e+00	0.00e+00	0.00e+00	5.83e-03	1.16e-03	6.72e-04
 9.91707e+16	9.37e-03	2.52e-01	7.38e-01	2.89e-06	0.00e+00	0.00e+00	0.00e+00	0.00e+00	0.00e+00	7.13e-03	1.41e-03	8.22e-04
 9.99114e+16	1.12e-02	2.76e-01	7.13e-01	2.49e-06	0.00e+00	0.00e+00	0.00e+00	0.00e+00	0.00e+00	8.50e-03	1.68e-03	9.80e-04
 1.00716e+17	1.36e-02	3.05e-01	6.81e-01	2.09e-06	0.00e+00	0.00e+00	0.00e+00	0.00e+00	0.00e+00	1.04e-02	2.04e-03	1.19e-03
 1.01589e+17	1.70e-02	3.40e-01	6.43e-01	1.70e-06	0.00e+00	0.00e+00	0.00e+00	0.00e+00	0.00e+00	1.30e-02	2.55e-03	1.49e-03
 1.02342e+17	2.08e-02	3.74e-01	6.05e-01	1.39e-06	0.00e+00	0.00e+00	0.00e+00	0.00e+00	0.00e+00	1.58e-02	3.11e-03	1.82e-03
 1.02980e+17	2.47e-02	4.06e-01	5.70e-01	1.15e-06	0.00e+00	0.00e+00	0.00e+00	0.00e+00	0.00e+00	1.88e-02	3.68e-03	2.16e-03
 1.03677e+17	3.00e-02	4.43e-01	5.27e-01	9.17e-07	0.00e+00	0.00e+00	0.00e+00	0.00e+00	0.00e+00	2.29e-02	4.47e-03	2.62e-03
 1.04436e+17	3.73e-02	4.86e-01	4.77e-01	6.96e-07	0.00e+00	0.00e+00	0.00e+00	0.00e+00	0.00e+00	2.85e-02	5.54e-03	3.26e-03
 1.05100e+17	4.53e-02	5.25e-01	4.29e-01	5.29e-07	0.00e+00	0.00e+00	0.00e+00	0.00e+00	0.00e+00	3.47e-02	6.71e-03	3.95e-03
 1.05627e+17	5.32e-02	5.58e-01	3.89e-01	4.17e-07	0.00e+00	0.00e+00	0.00e+00	0.00e+00	0.00e+00	4.07e-02	7.85e-03	4.63e-03
 1.06060e+17	6.06e-02	5.84e-01	3.56e-01	3.36e-07	0.00e+00	0.00e+00	0.00e+00	0.00e+00	0.00e+00	4.64e-02	8.92e-03	5.27e-03
 1.06533e+17	7.01e-02	6.11e-01	3.19e-01	2.59e-07	0.00e+00	0.00e+00	0.00e+00	0.00e+00	0.00e+00	5.37e-02	1.03e-02	6.09e-03
 1.07046e+17	8.26e-02	6.40e-01	2.77e-01	1.92e-07	0.00e+00	0.00e+00	0.00e+00	0.00e+00	0.00e+00	6.33e-02	1.20e-02	7.15e-03
 1.07483e+17	9.46e-02	6.62e-01	2.43e-01	1.43e-07	0.00e+00	0.00e+00	0.00e+00	0.00e+00	0.00e+00	7.26e-02	1.37e-02	8.18e-03
 1.07851e+17	1.06e-01	6.79e-01	2.15e-01	0.00e+00	0.00e+00	0.00e+00	0.00e+00	0.00e+00	0.00e+00	8.18e-02	1.54e-02	9.19e-03
 1.08254e+17	1.21e-01	6.94e-01	1.85e-01	0.00e+00	0.00e+00	0.00e+00	0.00e+00	0.00e+00	0.00e+00	9.33e-02	1.74e-02	1.04e-02
 1.08681e+17	1.39e-01	7.06e-01	1.55e-01	0.00e+00	0.00e+00	0.00e+00	0.00e+00	0.00e+00	0.00e+00	1.07e-01	1.98e-02	1.19e-02
 1.09040e+17	1.56e-01	7.13e-01	1.31e-01	0.00e+00	0.00e+00	0.00e+00	0.00e+00	0.00e+00	0.00e+00	1.21e-01	2.21e-02	1.33e-02
 1.09346e+17	1.72e-01	7.15e-01	1.13e-01	0.00e+00	0.00e+00	0.00e+00	0.00e+00	0.00e+00	0.00e+00	1.33e-01	2.42e-02	1.47e-02
 1.09682e+17	1.91e-01	7.14e-01	9.43e-02	0.00e+00	0.00e+00	0.00e+00	0.00e+00	0.00e+00	0.00e+00	1.48e-01	2.67e-02	1.63e-02
 1.10050e+17	2.16e-01	7.08e-01	7.58e-02	0.00e+00	0.00e+00	0.00e+00	0.00e+00	0.00e+00	0.00e+00	1.68e-01	2.97e-02	1.82e-02
 1.10370e+17	2.39e-01	6.99e-01	6.16e-02	0.00e+00	0.00e+00	0.00e+00	0.00e+00	0.00e+00	0.00e+00	1.87e-01	3.26e-02	2.01e-02
 1.10634e+17	2.60e-01	6.89e-01	5.15e-02	0.00e+00	0.00e+00	0.00e+00	0.00e+00	0.00e+00	0.00e+00	2.03e-01	3.51e-02	2.17e-02
 1.10919e+17	2.85e-01	6.74e-01	4.17e-02	0.00e+00	0.00e+00	0.00e+00	0.00e+00	0.00e+00	0.00e+00	2.23e-01	3.79e-02	2.37e-02
 1.11234e+17	3.15e-01	6.53e-01	3.25e-02	0.00e+00	0.00e+00	0.00e+00	0.00e+00	0.00e+00	0.00e+00	2.47e-01	4.12e-02	2.59e-02
 1.11516e+17	3.43e-01	6.31e-01	2.56e-02	0.00e+00	0.00e+00	0.00e+00	0.00e+00	0.00e+00	0.00e+00	2.71e-01	4.42e-02	2.81e-02
 1.11763e+17	3.69e-01	6.10e-01	2.05e-02	0.00e+00	0.00e+00	0.00e+00	0.00e+00	0.00e+00	0.00e+00	2.92e-01	4.68e-02	2.99e-02
 1.12022e+17	3.99e-01	5.85e-01	1.61e-02	0.00e+00	0.00e+00	0.00e+00	0.00e+00	0.00e+00	0.00e+00	3.17e-01	4.95e-02	3.20e-02
 1.12311e+17	4.34e-01	5.54e-01	1.20e-02	0.00e+00	0.00e+00	0.00e+00	0.00e+00	0.00e+00	0.00e+00	3.47e-01	5.26e-02	3.43e-02
 1.12585e+17	4.70e-01	5.21e-01	8.89e-03	0.00e+00	0.00e+00	0.00e+00	0.00e+00	0.00e+00	0.00e+00	3.78e-01	5.53e-02	3.66e-02
 1.12807e+17	4.98e-01	4.95e-01	6.93e-03	0.00e+00	0.00e+00	0.00e+00	0.00e+00	0.00e+00	0.00e+00	4.03e-01	5.73e-02	3.83e-02
 1.12991e+17	5.22e-01	4.72e-01	5.59e-03	0.00e+00	0.00e+00	0.00e+00	0.00e+00	0.00e+00	0.00e+00	4.24e-01	5.88e-02	3.96e-02
 1.13166e+17	5.46e-01	4.50e-01	4.52e-03	0.00e+00	0.00e+00	0.00e+00	0.00e+00	0.00e+00	0.00e+00	4.45e-01	6.01e-02	4.08e-02
 1.13343e+17	5.70e-01	4.26e-01	3.61e-03	0.00e+00	0.00e+00	0.00e+00	0.00e+00	0.00e+00	0.00e+00	4.67e-01	6.13e-02	4.20e-02
 1.13511e+17	5.93e-01	4.04e-01	2.91e-03	0.00e+00	0.00e+00	0.00e+00	0.00e+00	0.00e+00	0.00e+00	4.87e-01	6.22e-02	4.31e-02
 1.13634e+17	6.09e-01	3.89e-01	2.48e-03	0.00e+00	0.00e+00	0.00e+00	0.00e+00	0.00e+00	0.00e+00	5.02e-01	6.28e-02	4.37e-02
 1.13713e+17	6.18e-01	3.80e-01	2.24e-03	0.00e+00	0.00e+00	0.00e+00	0.00e+00	0.00e+00	0.00e+00	5.11e-01	6.31e-02	4.41e-02
 1.13792e+17	6.28e-01	3.70e-01	2.01e-03	0.00e+00	0.00e+00	0.00e+00	0.00e+00	0.00e+00	0.00e+00	5.20e-01	6.33e-02	4.45e-02
 1.13892e+17	6.42e-01	3.56e-01	1.75e-03	0.00e+00	0.00e+00	0.00e+00	0.00e+00	0.00e+00	0.00e+00	5.33e-01	6.35e-02	4.49e-02
 1.13996e+17	6.56e-01	3.42e-01	1.50e-03	0.00e+00	0.00e+00	0.00e+00	0.00e+00	0.00e+00	0.00e+00	5.47e-01	6.37e-02	4.53e-02
 1.14085e+17	6.67e-01	3.31e-01	1.33e-03	0.00e+00	0.00e+00	0.00e+00	0.00e+00	0.00e+00	0.00e+00	5.58e-01	6.38e-02	4.56e-02
 1.14167e+17	6.78e-01	3.21e-01	1.17e-03	0.00e+00	0.00e+00	0.00e+00	0.00e+00	0.00e+00	0.00e+00	5.69e-01	6.38e-02	4.59e-02
 1.14253e+17	6.89e-01	3.10e-01	1.03e-03	0.00e+00	0.00e+00	0.00e+00	0.00e+00	0.00e+00	0.00e+00	5.79e-01	6.37e-02	4.61e-02
 1.14342e+17	7.01e-01	2.98e-01	9.00e-04	0.00e+00	0.00e+00	0.00e+00	0.00e+00	0.00e+00	0.00e+00	5.91e-01	6.36e-02	4.63e-02
 1.14429e+17	7.12e-01	2.87e-01	7.87e-04	0.00e+00	0.00e+00	0.00e+00	0.00e+00	0.00e+00	0.00e+00	6.02e-01	6.35e-02	4.64e-02
 1.14511e+17	7.23e-01	2.77e-01	6.92e-04	0.00e+00	0.00e+00	0.00e+00	0.00e+00	0.00e+00	0.00e+00	6.13e-01	6.32e-02	4.65e-02
 1.14592e+17	7.32e-01	2.67e-01	6.08e-04	0.00e+00	0.00e+00	0.00e+00	0.00e+00	0.00e+00	0.00e+00	6.23e-01	6.30e-02	4.66e-02
 1.14676e+17	7.43e-01	2.56e-01	5.30e-04	0.00e+00	0.00e+00	0.00e+00	0.00e+00	0.00e+00	0.00e+00	6.34e-01	6.27e-02	4.66e-02
 1.14759e+17	7.53e-01	2.47e-01	4.63e-04	0.00e+00	0.00e+00	0.00e+00	0.00e+00	0.00e+00	0.00e+00	6.44e-01	6.24e-02	4.66e-02
 1.14839e+17	7.62e-01	2.37e-01	4.05e-04	0.00e+00	0.00e+00	0.00e+00	0.00e+00	0.00e+00	0.00e+00	6.54e-01	6.20e-02	4.66e-02
 1.14919e+17	7.72e-01	2.28e-01	3.54e-04	0.00e+00	0.00e+00	0.00e+00	0.00e+00	0.00e+00	0.00e+00	6.64e-01	6.15e-02	4.65e-02
 1.14998e+17	7.81e-01	2.19e-01	3.09e-04	0.00e+00	0.00e+00	0.00e+00	0.00e+00	0.00e+00	0.00e+00	6.73e-01	6.11e-02	4.64e-02
 1.15076e+17	7.89e-01	2.10e-01	2.70e-04	0.00e+00	0.00e+00	0.00e+00	0.00e+00	0.00e+00	0.00e+00	6.83e-01	6.06e-02	4.62e-02
 1.15154e+17	7.98e-01	2.02e-01	2.35e-04	0.00e+00	0.00e+00	0.00e+00	0.00e+00	0.00e+00	0.00e+00	6.92e-01	6.01e-02	4.61e-02
 1.15232e+17	8.06e-01	1.93e-01	2.05e-04	0.00e+00	0.00e+00	0.00e+00	0.00e+00	0.00e+00	0.00e+00	7.01e-01	5.95e-02	4.59e-02
 1.15308e+17	8.14e-01	1.86e-01	1.79e-04	0.00e+00	0.00e+00	0.00e+00	0.00e+00	0.00e+00	0.00e+00	7.10e-01	5.90e-02	4.56e-02
 1.15384e+17	8.22e-01	1.78e-01	1.55e-04	0.00e+00	0.00e+00	0.00e+00	0.00e+00	0.00e+00	0.00e+00	7.18e-01	5.84e-02	4.54e-02
 1.15459e+17	8.30e-01	1.70e-01	1.35e-04	0.00e+00	0.00e+00	0.00e+00	0.00e+00	0.00e+00	0.00e+00	7.27e-01	5.78e-02	4.51e-02
 1.15534e+17	8.37e-01	1.63e-01	1.18e-04	0.00e+00	0.00e+00	0.00e+00	0.00e+00	0.00e+00	0.00e+00	7.35e-01	5.72e-02	4.48e-02
 1.15608e+17	8.44e-01	1.56e-01	1.02e-04	0.00e+00	0.00e+00	0.00e+00	0.00e+00	0.00e+00	0.00e+00	7.43e-01	5.65e-02	4.45e-02
 1.15682e+17	8.51e-01	1.49e-01	8.89e-05	0.00e+00	0.00e+00	0.00e+00	0.00e+00	0.00e+00	0.00e+00	7.50e-01	5.59e-02	4.41e-02
 1.15754e+17	8.57e-01	1.43e-01	7.74e-05	0.00e+00	0.00e+00	0.00e+00	0.00e+00	0.00e+00	0.00e+00	7.58e-01	5.52e-02	4.38e-02
 1.15825e+17	8.63e-01	1.37e-01	6.75e-05	0.00e+00	0.00e+00	0.00e+00	0.00e+00	0.00e+00	0.00e+00	7.65e-01	5.46e-02	4.35e-02
 1.15895e+17	8.69e-01	1.31e-01	5.87e-05	0.00e+00	0.00e+00	0.00e+00	0.00e+00	0.00e+00	0.00e+00	7.72e-01	5.39e-02	4.31e-02
 1.15966e+17	8.75e-01	1.25e-01	5.10e-05	0.00e+00	0.00e+00	0.00e+00	0.00e+00	0.00e+00	0.00e+00	7.79e-01	5.33e-02	4.27e-02
 1.16036e+17	8.80e-01	1.20e-01	4.43e-05	0.00e+00	0.00e+00	0.00e+00	0.00e+00	0.00e+00	0.00e+00	7.85e-01	5.26e-02	4.23e-02
 1.16105e+17	8.85e-01	1.15e-01	3.86e-05	0.00e+00	0.00e+00	0.00e+00	0.00e+00	0.00e+00	0.00e+00	7.91e-01	5.20e-02	4.19e-02
 1.16171e+17	8.90e-01	1.10e-01	3.37e-05	0.00e+00	0.00e+00	0.00e+00	0.00e+00	0.00e+00	0.00e+00	7.97e-01	5.13e-02	4.15e-02
 1.16237e+17	8.95e-01	1.05e-01	2.95e-05	0.00e+00	0.00e+00	0.00e+00	0.00e+00	0.00e+00	0.00e+00	8.03e-01	5.07e-02	4.12e-02
 1.16302e+17	8.99e-01	1.01e-01	2.58e-05	0.00e+00	0.00e+00	0.00e+00	0.00e+00	0.00e+00	0.00e+00	8.08e-01	5.01e-02	4.08e-02
 1.16367e+17	9.04e-01	9.63e-02	2.25e-05	0.00e+00	0.00e+00	0.00e+00	0.00e+00	0.00e+00	0.00e+00	8.14e-01	4.95e-02	4.04e-02
 1.16430e+17	9.08e-01	9.22e-02	1.97e-05	0.00e+00	0.00e+00	0.00e+00	0.00e+00	0.00e+00	0.00e+00	8.19e-01	4.90e-02	4.00e-02
 1.16491e+17	9.12e-01	8.84e-02	1.73e-05	0.00e+00	0.00e+00	0.00e+00	0.00e+00	0.00e+00	0.00e+00	8.24e-01	4.84e-02	3.96e-02
 1.16553e+17	9.15e-01	8.47e-02	1.52e-05	0.00e+00	0.00e+00	0.00e+00	0.00e+00	0.00e+00	0.00e+00	8.28e-01	4.79e-02	3.93e-02
 1.16614e+17	9.19e-01	8.11e-02	1.33e-05	0.00e+00	0.00e+00	0.00e+00	0.00e+00	0.00e+00	0.00e+00	8.33e-01	4.73e-02	3.89e-02
 1.16674e+17	9.22e-01	7.77e-02	1.17e-05	0.00e+00	0.00e+00	0.00e+00	0.00e+00	0.00e+00	0.00e+00	8.37e-01	4.68e-02	3.85e-02
 1.16732e+17	9.25e-01	7.46e-02	1.03e-05	0.00e+00	0.00e+00	0.00e+00	0.00e+00	0.00e+00	0.00e+00	8.41e-01	4.63e-02	3.82e-02
 1.16790e+17	9.28e-01	7.16e-02	9.13e-06	0.00e+00	0.00e+00	0.00e+00	0.00e+00	0.00e+00	0.00e+00	8.45e-01	4.58e-02	3.79e-02
 1.16847e+17	9.31e-01	6.86e-02	8.04e-06	0.00e+00	0.00e+00	0.00e+00	0.00e+00	0.00e+00	0.00e+00	8.49e-01	4.53e-02	3.75e-02
 1.16905e+17	9.34e-01	6.58e-02	7.08e-06	0.00e+00	0.00e+00	0.00e+00	0.00e+00	0.00e+00	0.00e+00	8.52e-01	4.48e-02	3.72e-02
 1.16961e+17	9.37e-01	6.31e-02	6.26e-06	0.00e+00	0.00e+00	0.00e+00	0.00e+00	0.00e+00	0.00e+00	8.56e-01	4.44e-02	3.68e-02
 1.17015e+17	9.39e-01	6.06e-02	5.55e-06	0.00e+00	0.00e+00	0.00e+00	0.00e+00	0.00e+00	0.00e+00	8.59e-01	4.39e-02	3.65e-02
 1.17070e+17	9.42e-01	5.81e-02	4.91e-06	0.00e+00	0.00e+00	0.00e+00	0.00e+00	0.00e+00	0.00e+00	8.62e-01	4.35e-02	3.62e-02
 1.17124e+17	9.44e-01	5.58e-02	4.35e-06	0.00e+00	0.00e+00	0.00e+00	0.00e+00	0.00e+00	0.00e+00	8.65e-01	4.31e-02	3.59e-02
 1.17178e+17	9.47e-01	5.35e-02	3.85e-06	0.00e+00	0.00e+00	0.00e+00	0.00e+00	0.00e+00	0.00e+00	8.68e-01	4.27e-02	3.56e-02
 1.17231e+17	9.49e-01	5.13e-02	3.42e-06	0.00e+00	0.00e+00	0.00e+00	0.00e+00	0.00e+00	0.00e+00	8.71e-01	4.23e-02	3.53e-02
 1.17283e+17	9.51e-01	4.93e-02	3.04e-06	0.00e+00	0.00e+00	0.00e+00	0.00e+00	0.00e+00	0.00e+00	8.74e-01	4.19e-02	3.50e-02
 1.17335e+17	9.53e-01	4.74e-02	2.70e-06	0.00e+00	0.00e+00	0.00e+00	0.00e+00	0.00e+00	0.00e+00	8.76e-01	4.15e-02	3.47e-02
 1.17387e+17	9.55e-01	4.55e-02	2.40e-06	0.00e+00	0.00e+00	0.00e+00	0.00e+00	0.00e+00	0.00e+00	8.79e-01	4.12e-02	3.44e-02
 1.17437e+17	9.56e-01	4.36e-02	2.14e-06	0.00e+00	0.00e+00	0.00e+00	0.00e+00	0.00e+00	0.00e+00	8.82e-01	4.08e-02	3.40e-02
 1.17487e+17	9.58e-01	4.19e-02	1.91e-06	0.00e+00	0.00e+00	0.00e+00	0.00e+00	0.00e+00	0.00e+00	8.84e-01	4.04e-02	3.37e-02
 1.17537e+17	9.60e-01	4.02e-02	1.70e-06	0.00e+00	0.00e+00	0.00e+00	0.00e+00	0.00e+00	0.00e+00	8.86e-01	4.01e-02	3.35e-02
 1.17587e+17	9.61e-01	3.86e-02	1.51e-06	0.00e+00	0.00e+00	0.00e+00	0.00e+00	0.00e+00	0.00e+00	8.88e-01	3.98e-02	3.32e-02
 1.17636e+17	9.63e-01	3.71e-02	1.35e-06	0.00e+00	0.00e+00	0.00e+00	0.00e+00	0.00e+00	0.00e+00	8.91e-01	3.95e-02	3.29e-02
 1.17683e+17	9.64e-01	3.57e-02	1.21e-06	0.00e+00	0.00e+00	0.00e+00	0.00e+00	0.00e+00	0.00e+00	8.93e-01	3.92e-02	3.26e-02
 1.17731e+17	9.66e-01	3.43e-02	1.09e-06	0.00e+00	0.00e+00	0.00e+00	0.00e+00	0.00e+00	0.00e+00	8.95e-01	3.88e-02	3.24e-02
 1.17780e+17	9.67e-01	3.28e-02	9.68e-07	0.00e+00	0.00e+00	0.00e+00	0.00e+00	0.00e+00	0.00e+00	8.97e-01	3.85e-02	3.21e-02
 1.17827e+17	9.68e-01	3.15e-02	8.68e-07	0.00e+00	0.00e+00	0.00e+00	0.00e+00	0.00e+00	0.00e+00	8.98e-01	3.83e-02	3.18e-02
 1.17873e+17	9.70e-01	3.03e-02	7.81e-07	0.00e+00	0.00e+00	0.00e+00	0.00e+00	0.00e+00	0.00e+00	9.00e-01	3.80e-02	3.16e-02
 1.17918e+17	9.71e-01	2.91e-02	7.02e-07	0.00e+00	0.00e+00	0.00e+00	0.00e+00	0.00e+00	0.00e+00	9.02e-01	3.77e-02	3.13e-02
 1.17964e+17	9.72e-01	2.79e-02	6.30e-07	0.00e+00	0.00e+00	0.00e+00	0.00e+00	0.00e+00	0.00e+00	9.04e-01	3.75e-02	3.11e-02
 1.18009e+17	9.73e-01	2.68e-02	5.67e-07	0.00e+00	0.00e+00	0.00e+00	0.00e+00	0.00e+00	0.00e+00	9.05e-01	3.72e-02	3.09e-02
 1.18054e+17	9.74e-01	2.57e-02	5.11e-07	0.00e+00	0.00e+00	0.00e+00	0.00e+00	0.00e+00	0.00e+00	9.07e-01	3.69e-02	3.06e-02
 1.18097e+17	9.75e-01	2.47e-02	4.62e-07	0.00e+00	0.00e+00	0.00e+00	0.00e+00	0.00e+00	0.00e+00	9.08e-01	3.67e-02	3.04e-02
 1.18137e+17	9.76e-01	2.37e-02	4.20e-07	0.00e+00	0.00e+00	0.00e+00	0.00e+00	0.00e+00	0.00e+00	9.10e-01	3.65e-02	3.02e-02
 1.18175e+17	9.77e-01	2.29e-02	3.86e-07	0.00e+00	0.00e+00	0.00e+00	0.00e+00	0.00e+00	0.00e+00	9.11e-01	3.63e-02	3.00e-02
 1.18208e+17	9.78e-01	2.22e-02	3.57e-07	0.00e+00	0.00e+00	0.00e+00	0.00e+00	0.00e+00	0.00e+00	9.12e-01	3.61e-02	2.99e-02
 1.18239e+17	9.78e-01	2.16e-02	3.33e-07	0.00e+00	0.00e+00	0.00e+00	0.00e+00	0.00e+00	0.00e+00	9.13e-01	3.60e-02	2.97e-02
 1.18268e+17	9.79e-01	2.10e-02	3.12e-07	0.00e+00	0.00e+00	0.00e+00	0.00e+00	0.00e+00	0.00e+00	9.14e-01	3.58e-02	2.96e-02
 1.18295e+17	9.79e-01	2.05e-02	2.94e-07	0.00e+00	0.00e+00	0.00e+00	0.00e+00	0.00e+00	0.00e+00	9.14e-01	3.57e-02	2.95e-02
 1.18320e+17	9.80e-01	2.00e-02	2.78e-07	0.00e+00	0.00e+00	0.00e+00	0.00e+00	0.00e+00	0.00e+00	9.15e-01	3.55e-02	2.93e-02
 1.18343e+17	9.80e-01	1.96e-02	2.64e-07	0.00e+00	0.00e+00	0.00e+00	0.00e+00	0.00e+00	0.00e+00	9.16e-01	3.54e-02	2.92e-02
 1.18364e+17	9.81e-01	1.91e-02	2.51e-07	0.00e+00	0.00e+00	0.00e+00	0.00e+00	0.00e+00	0.00e+00	9.16e-01	3.53e-02	2.91e-02
 1.18384e+17	9.81e-01	1.88e-02	2.40e-07	0.00e+00	0.00e+00	0.00e+00	0.00e+00	0.00e+00	0.00e+00	9.17e-01	3.52e-02	2.90e-02
 1.18403e+17	9.82e-01	1.84e-02	2.30e-07	0.00e+00	0.00e+00	0.00e+00	0.00e+00	0.00e+00	0.00e+00	9.18e-01	3.51e-02	2.89e-02
 1.18421e+17	9.82e-01	1.81e-02	2.21e-07	0.00e+00	0.00e+00	0.00e+00	0.00e+00	0.00e+00	0.00e+00	9.18e-01	3.50e-02	2.88e-02
 1.18437e+17	9.82e-01	1.77e-02	2.13e-07	0.00e+00	0.00e+00	0.00e+00	0.00e+00	0.00e+00	0.00e+00	9.19e-01	3.49e-02	2.87e-02
 1.18453e+17	9.83e-01	1.74e-02	2.05e-07	0.00e+00	0.00e+00	0.00e+00	0.00e+00	0.00e+00	0.00e+00	9.19e-01	3.48e-02	2.86e-02
 1.18468e+17	9.83e-01	1.71e-02	1.98e-07	0.00e+00	0.00e+00	0.00e+00	0.00e+00	0.00e+00	0.00e+00	9.20e-01	3.47e-02	2.85e-02
 1.18482e+17	9.83e-01	1.68e-02	1.92e-07	0.00e+00	0.00e+00	0.00e+00	0.00e+00	0.00e+00	0.00e+00	9.20e-01	3.46e-02	2.84e-02
 1.18496e+17	9.83e-01	1.66e-02	1.86e-07	0.00e+00	0.00e+00	0.00e+00	0.00e+00	0.00e+00	0.00e+00	9.21e-01	3.45e-02	2.83e-02
 1.18509e+17	9.84e-01	1.63e-02	1.81e-07	0.00e+00	0.00e+00	0.00e+00	0.00e+00	0.00e+00	0.00e+00	9.21e-01	3.44e-02	2.83e-02
 1.18521e+17	9.84e-01	1.61e-02	1.76e-07	0.00e+00	0.00e+00	0.00e+00	0.00e+00	0.00e+00	0.00e+00	9.21e-01	3.43e-02	2.82e-02
 1.18532e+17	9.84e-01	1.58e-02	1.71e-07	0.00e+00	0.00e+00	0.00e+00	0.00e+00	0.00e+00	0.00e+00	9.22e-01	3.42e-02	2.81e-02
 1.18544e+17	9.84e-01	1.56e-02	1.66e-07	0.00e+00	0.00e+00	0.00e+00	0.00e+00	0.00e+00	0.00e+00	9.22e-01	3.42e-02	2.80e-02
 1.18554e+17	9.85e-01	1.54e-02	1.62e-07	0.00e+00	0.00e+00	0.00e+00	0.00e+00	0.00e+00	0.00e+00	9.23e-01	3.41e-02	2.79e-02
 1.18565e+17	9.85e-01	1.51e-02	1.58e-07	0.00e+00	0.00e+00	0.00e+00	0.00e+00	0.00e+00	0.00e+00	9.23e-01	3.40e-02	2.79e-02
 1.18575e+17	9.85e-01	1.49e-02	1.54e-07	0.00e+00	0.00e+00	0.00e+00	0.00e+00	0.00e+00	0.00e+00	9.23e-01	3.39e-02	2.78e-02
 1.18585e+17	9.85e-01	1.47e-02	1.51e-07	0.00e+00	0.00e+00	0.00e+00	0.00e+00	0.00e+00	0.00e+00	9.24e-01	3.38e-02	2.77e-02
 1.18595e+17	9.86e-01	1.45e-02	1.47e-07	0.00e+00	0.00e+00	0.00e+00	0.00e+00	0.00e+00	0.00e+00	9.24e-01	3.37e-02	2.76e-02
 1.18604e+17	9.86e-01	1.43e-02	1.44e-07	0.00e+00	0.00e+00	0.00e+00	0.00e+00	0.00e+00	0.00e+00	9.25e-01	3.37e-02	2.75e-02
 1.18614e+17	9.86e-01	1.40e-02	1.40e-07	0.00e+00	0.00e+00	0.00e+00	0.00e+00	0.00e+00	0.00e+00	9.25e-01	3.36e-02	2.75e-02
 1.18624e+17	9.86e-01	1.38e-02	1.37e-07	0.00e+00	0.00e+00	0.00e+00	0.00e+00	0.00e+00	0.00e+00	9.25e-01	3.35e-02	2.74e-02
 1.18634e+17	9.86e-01	1.36e-02	1.33e-07	0.00e+00	0.00e+00	0.00e+00	0.00e+00	0.00e+00	0.00e+00	9.26e-01	3.34e-02	2.73e-02
 1.18645e+17	9.87e-01	1.33e-02	1.30e-07	0.00e+00	0.00e+00	0.00e+00	0.00e+00	0.00e+00	0.00e+00	9.26e-01	3.33e-02	2.72e-02
 1.18656e+17	9.87e-01	1.30e-02	1.26e-07	0.00e+00	0.00e+00	0.00e+00	0.00e+00	0.00e+00	0.00e+00	9.27e-01	3.31e-02	2.70e-02
 1.18668e+17	9.87e-01	1.27e-02	1.22e-07	0.00e+00	0.00e+00	0.00e+00	0.00e+00	0.00e+00	0.00e+00	9.27e-01	3.30e-02	2.69e-02
 1.18679e+17	9.88e-01	1.24e-02	1.18e-07	0.00e+00	0.00e+00	0.00e+00	0.00e+00	0.00e+00	0.00e+00	9.28e-01	3.29e-02	2.68e-02
 1.18690e+17	9.88e-01	1.21e-02	1.15e-07	0.00e+00	0.00e+00	0.00e+00	0.00e+00	0.00e+00	0.00e+00	9.29e-01	3.27e-02	2.66e-02
 1.18700e+17	9.88e-01	1.18e-02	1.12e-07	0.00e+00	0.00e+00	0.00e+00	0.00e+00	0.00e+00	0.00e+00	9.29e-01	3.26e-02	2.65e-02
 1.18709e+17	9.88e-01	1.16e-02	1.09e-07	0.00e+00	0.00e+00	0.00e+00	0.00e+00	0.00e+00	0.00e+00	9.30e-01	3.25e-02	2.64e-02
 1.18717e+17	9.89e-01	1.14e-02	1.06e-07	0.00e+00	0.00e+00	0.00e+00	0.00e+00	0.00e+00	0.00e+00	9.30e-01	3.24e-02	2.63e-02
 1.18725e+17	9.89e-01	1.12e-02	1.04e-07	0.00e+00	0.00e+00	0.00e+00	0.00e+00	0.00e+00	0.00e+00	9.30e-01	3.23e-02	2.62e-02
 1.18731e+17	9.89e-01	1.10e-02	1.02e-07	0.00e+00	0.00e+00	0.00e+00	0.00e+00	0.00e+00	0.00e+00	9.31e-01	3.22e-02	2.61e-02
 1.18738e+17	9.89e-01	1.08e-02	9.98e-08	0.00e+00	0.00e+00	0.00e+00	0.00e+00	0.00e+00	0.00e+00	9.31e-01	3.21e-02	2.60e-02
 1.18743e+17	9.89e-01	1.07e-02	9.81e-08	0.00e+00	0.00e+00	0.00e+00	0.00e+00	0.00e+00	0.00e+00	9.31e-01	3.20e-02	2.59e-02
 1.18748e+17	9.89e-01	1.06e-02	9.65e-08	0.00e+00	0.00e+00	0.00e+00	0.00e+00	0.00e+00	0.00e+00	9.32e-01	3.19e-02	2.58e-02
 1.18754e+17	9.90e-01	1.04e-02	9.47e-08	0.00e+00	0.00e+00	0.00e+00	0.00e+00	0.00e+00	0.00e+00	9.32e-01	3.18e-02	2.57e-02
 1.18760e+17	9.90e-01	1.02e-02	9.29e-08	0.00e+00	0.00e+00	0.00e+00	0.00e+00	0.00e+00	0.00e+00	9.32e-01	3.17e-02	2.56e-02
 1.18766e+17	9.90e-01	1.01e-02	9.13e-08	0.00e+00	0.00e+00	0.00e+00	0.00e+00	0.00e+00	0.00e+00	9.33e-01	3.16e-02	2.56e-02
 1.18772e+17	9.90e-01	9.96e-03	8.94e-08	0.00e+00	0.00e+00	0.00e+00	0.00e+00	0.00e+00	0.00e+00	9.33e-01	3.15e-02	2.55e-02
 1.18778e+17	9.90e-01	9.79e-03	8.75e-08	0.00e+00	0.00e+00	0.00e+00	0.00e+00	0.00e+00	0.00e+00	9.33e-01	3.14e-02	2.54e-02
 1.18784e+17	9.90e-01	9.65e-03	8.57e-08	0.00e+00	0.00e+00	0.00e+00	0.00e+00	0.00e+00	0.00e+00	9.34e-01	3.13e-02	2.53e-02
 1.18790e+17	9.90e-01	9.52e-03	8.41e-08	0.00e+00	0.00e+00	0.00e+00	0.00e+00	0.00e+00	0.00e+00	9.34e-01	3.11e-02	2.52e-02
 1.18794e+17	9.91e-01	9.40e-03	8.27e-08	0.00e+00	0.00e+00	0.00e+00	0.00e+00	0.00e+00	0.00e+00	9.34e-01	3.11e-02	2.51e-02
 1.18800e+17	9.91e-01	9.27e-03	8.11e-08	0.00e+00	0.00e+00	0.00e+00	0.00e+00	0.00e+00	0.00e+00	9.35e-01	3.10e-02	2.50e-02
 1.18806e+17	9.91e-01	9.13e-03	7.94e-08	0.00e+00	0.00e+00	0.00e+00	0.00e+00	0.00e+00	0.00e+00	9.35e-01	3.08e-02	2.49e-02
 1.18811e+17	9.91e-01	9.01e-03	7.79e-08	0.00e+00	0.00e+00	0.00e+00	0.00e+00	0.00e+00	0.00e+00	9.35e-01	3.07e-02	2.48e-02
 1.18817e+17	9.91e-01	8.89e-03	7.63e-08	0.00e+00	0.00e+00	0.00e+00	0.00e+00	0.00e+00	0.00e+00	9.36e-01	3.06e-02	2.47e-02
 1.18824e+17	9.91e-01	8.76e-03	7.44e-08	0.00e+00	0.00e+00	0.00e+00	0.00e+00	0.00e+00	0.00e+00	9.36e-01	3.05e-02	2.46e-02
 1.18833e+17	9.91e-01	8.60e-03	7.23e-08	0.00e+00	0.00e+00	0.00e+00	0.00e+00	0.00e+00	0.00e+00	9.36e-01	3.04e-02	2.45e-02
 1.18840e+17	9.92e-01	8.46e-03	7.05e-08	0.00e+00	0.00e+00	0.00e+00	0.00e+00	0.00e+00	0.00e+00	9.37e-01	3.03e-02	2.44e-02
 1.18847e+17	9.92e-01	8.35e-03	6.89e-08	0.00e+00	0.00e+00	0.00e+00	0.00e+00	0.00e+00	0.00e+00	9.37e-01	3.02e-02	2.43e-02
 1.18854e+17	9.92e-01	8.21e-03	6.70e-08	0.00e+00	0.00e+00	0.00e+00	0.00e+00	0.00e+00	0.00e+00	9.37e-01	3.01e-02	2.42e-02
 1.18862e+17	9.92e-01	8.07e-03	6.52e-08	0.00e+00	0.00e+00	0.00e+00	0.00e+00	0.00e+00	0.00e+00	9.38e-01	3.00e-02	2.41e-02
 1.18869e+17	9.92e-01	7.94e-03	6.35e-08	0.00e+00	0.00e+00	0.00e+00	0.00e+00	0.00e+00	0.00e+00	9.38e-01	2.99e-02	2.40e-02
 1.18876e+17	9.92e-01	7.84e-03	6.20e-08	0.00e+00	0.00e+00	0.00e+00	0.00e+00	0.00e+00	0.00e+00	9.38e-01	2.98e-02	2.39e-02
 1.18883e+17	9.92e-01	7.71e-03	6.03e-08	0.00e+00	0.00e+00	0.00e+00	0.00e+00	0.00e+00	0.00e+00	9.39e-01	2.97e-02	2.38e-02
 1.18891e+17	9.92e-01	7.57e-03	5.85e-08	0.00e+00	0.00e+00	0.00e+00	0.00e+00	0.00e+00	0.00e+00	9.39e-01	2.96e-02	2.37e-02
 1.18898e+17	9.93e-01	7.46e-03	5.70e-08	0.00e+00	0.00e+00	0.00e+00	0.00e+00	0.00e+00	0.00e+00	9.39e-01	2.95e-02	2.36e-02
 1.18906e+17	9.93e-01	7.33e-03	5.53e-08	0.00e+00	0.00e+00	0.00e+00	0.00e+00	0.00e+00	0.00e+00	9.40e-01	2.94e-02	2.35e-02
 1.18915e+17	9.93e-01	7.20e-03	5.36e-08	0.00e+00	0.00e+00	0.00e+00	0.00e+00	0.00e+00	0.00e+00	9.40e-01	2.92e-02	2.34e-02
###########################
 4.45384e+12	4.85e-07	8.83e-04	2.37e-01	7.27e-01	3.56e-02	3.20e-06	0.00e+00	0.00e+00	0.00e+00	3.68e-07	7.48e-08	4.23e-08
 2.67230e+13	4.84e-07	8.82e-04	2.37e-01	7.27e-01	3.55e-02	3.20e-06	0.00e+00	0.00e+00	0.00e+00	3.67e-07	7.47e-08	4.23e-08
 1.15800e+14	4.86e-07	8.87e-04	2.38e-01	7.25e-01	3.53e-02	3.16e-06	0.00e+00	0.00e+00	0.00e+00	3.68e-07	7.49e-08	4.24e-08
 4.72107e+14	4.94e-07	9.06e-04	2.44e-01	7.20e-01	3.42e-02	3.04e-06	0.00e+00	0.00e+00	0.00e+00	3.75e-07	7.62e-08	4.31e-08
 1.12771e+15	4.90e-07	9.24e-04	2.53e-01	7.13e-01	3.26e-02	2.84e-06	0.00e+00	0.00e+00	0.00e+00	3.72e-07	7.55e-08	4.28e-08
 1.98000e+15	5.01e-07	9.64e-04	2.65e-01	7.03e-01	3.05e-02	2.60e-06	0.00e+00	0.00e+00	0.00e+00	3.80e-07	7.72e-08	4.38e-08
 3.08797e+15	5.26e-07	1.03e-03	2.83e-01	6.88e-01	2.80e-02	2.31e-06	0.00e+00	0.00e+00	0.00e+00	3.98e-07	8.09e-08	4.60e-08
 4.52834e+15	5.71e-07	1.13e-03	3.08e-01	6.66e-01	2.48e-02	1.96e-06	0.00e+00	0.00e+00	0.00e+00	4.32e-07	8.78e-08	5.00e-08
 6.40081e+15	6.51e-07	1.29e-03	3.45e-01	6.32e-01	2.09e-02	1.55e-06	0.00e+00	0.00e+00	0.00e+00	4.93e-07	1.00e-07	5.71e-08
 8.77795e+15	7.91e-07	1.54e-03	4.02e-01	5.80e-01	1.64e-02	1.12e-06	0.00e+00	0.00e+00	0.00e+00	6.00e-07	1.22e-07	6.96e-08
 1.10757e+16	9.50e-07	1.84e-03	4.67e-01	5.19e-01	1.24e-02	7.82e-07	0.00e+00	0.00e+00	0.00e+00	7.20e-07	1.46e-07	8.37e-08
 1.27930e+16	1.12e-06	2.14e-03	5.26e-01	4.62e-01	9.60e-03	5.65e-07	0.00e+00	0.00e+00	0.00e+00	8.52e-07	1.73e-07	9.90e-08
 1.41781e+16	1.31e-06	2.45e-03	5.81e-01	4.09e-01	7.48e-03	4.14e-07	0.00e+00	0.00e+00	0.00e+00	9.95e-07	2.02e-07	1.16e-07
 1.52999e+16	1.49e-06	2.73e-03	6.29e-01	3.62e-01	5.91e-03	3.11e-07	0.00e+00	0.00e+00	0.00e+00	1.13e-06	2.29e-07	1.32e-07
 1.61845e+16	1.66e-06	2.98e-03	6.70e-01	3.23e-01	4.77e-03	2.40e-07	0.00e+00	0.00e+00	0.00e+00	1.26e-06	2.55e-07	1.47e-07
 1.71262e+16	1.89e-06	3.29e-03	7.14e-01	2.79e-01	3.66e-03	1.74e-07	0.00e+00	0.00e+00	0.00e+00	1.44e-06	2.91e-07	1.67e-07
 1.81557e+16	2.16e-06	3.63e-03	7.62e-01	2.32e-01	2.65e-03	0.00e+00	0.00e+00	0.00e+00	0.00e+00	1.64e-06	3.32e-07	1.91e-07
 1.90799e+16	2.43e-06	3.96e-03	8.03e-01	1.91e-01	1.90e-03	0.00e+00	0.00e+00	0.00e+00	0.00e+00	1.84e-06	3.72e-07	2.15e-07
 1.99311e+16	2.70e-06	4.27e-03	8.39e-01	1.56e-01	1.34e-03	0.00e+00	0.00e+00	0.00e+00	0.00e+00	2.05e-06	4.14e-07	2.39e-07
 2.09070e+16	3.05e-06	4.63e-03	8.75e-01	1.19e-01	8.57e-04	0.00e+00	0.00e+00	0.00e+00	0.00e+00	2.31e-06	4.67e-07	2.70e-07
 2.21756e+16	3.51e-06	5.07e-03	9.13e-01	8.15e-02	4.53e-04	0.00e+00	0.00e+00	0.00e+00	0.00e+00	2.66e-06	5.37e-07	3.11e-07
 2.35961e+16	4.02e-06	5.51e-03	9.43e-01	5.11e-02	2.08e-04	0.00e+00	0.00e+00	0.00e+00	0.00e+00	3.05e-06	6.15e-07	3.57e-07
 2.52143e+16	4.62e-06	5.95e-03	9.65e-01	2.92e-02	8.04e-05	0.00e+00	0.00e+00	0.00e+00	0.00e+00	3.50e-06	7.07e-07	4.11e-07
 2.73179e+16	5.40e-06	6.44e-03	9.79e-01	1.42e-02	2.31e-05	0.00e+00	0.00e+00	0.00e+00	0.00e+00	4.09e-06	8.26e-07	4.80e-07
 2.99322e+16	6.39e-06	6.97e-03	9.87e-01	6.06e-03	5.15e-06	0.00e+00	0.00e+00	0.00e+00	0.00e+00	4.84e-06	9.77e-07	5.69e-07
 3.29255e+16	7.65e-06	7.56e-03	9.90e-01	2.48e-03	1.02e-06	0.00e+00	0.00e+00	0.00e+00	0.00e+00	5.80e-06	1.17e-06	6.81e-07
 3.62180e+16	9.33e-06	8.25e-03	9.91e-01	1.03e-03	1.95e-07	0.00e+00	0.00e+00	0.00e+00	0.00e+00	7.07e-06	1.43e-06	8.31e-07
 3.98398e+16	1.17e-05	9.08e-03	9.90e-01	4.50e-04	0.00e+00	0.00e+00	0.00e+00	0.00e+00	0.00e+00	8.84e-06	1.78e-06	1.04e-06
 4.37410e+16	1.50e-05	1.01e-02	9.90e-01	2.23e-04	0.00e+00	0.00e+00	0.00e+00	0.00e+00	0.00e+00	1.13e-05	2.29e-06	1.33e-06
 4.77491e+16	1.96e-05	1.14e-02	9.88e-01	1.33e-04	0.00e+00	0.00e+00	0.00e+00	0.00e+00	0.00e+00	1.48e-05	2.99e-06	1.74e-06
 5.17572e+16	2.60e-05	1.29e-02	9.87e-01	9.37e-05	0.00e+00	0.00e+00	0.00e+00	0.00e+00	0.00e+00	1.97e-05	3.98e-06	2.32e-06
 5.57653e+16	3.53e-05	1.47e-02	9.85e-01	7.26e-05	0.00e+00	0.00e+00	0.00e+00	0.00e+00	0.00e+00	2.67e-05	5.39e-06	3.14e-06
 5.97533e+16	4.87e-05	1.71e-02	9.83e-01	5.91e-05	0.00e+00	0.00e+00	0.00e+00	0.00e+00	0.00e+00	3.69e-05	7.44e-06	4.33e-06
 6.25555e+16	6.20e-05	1.91e-02	9.81e-01	5.19e-05	0.00e+00	0.00e+00	0.00e+00	0.00e+00	0.00e+00	4.70e-05	9.46e-06	5.50e-06
 6.38543e+16	6.95e-05	2.01e-02	9.80e-01	4.91e-05	0.00e+00	0.00e+00	0.00e+00	0.00e+00	0.00e+00	5.27e-05	1.06e-05	6.17e-06
 6.49592e+16	7.69e-05	2.11e-02	9.79e-01	4.66e-05	0.00e+00	0.00e+00	0.00e+00	0.00e+00	0.00e+00	5.83e-05	1.17e-05	6.83e-06
 6.63956e+16	8.81e-05	2.25e-02	9.77e-01	4.35e-05	0.00e+00	0.00e+00	0.00e+00	0.00e+00	0.00e+00	6.68e-05	1.34e-05	7.82e-06
 6.82630e+16	1.05e-04	2.45e-02	9.75e-01	3.98e-05	0.00e+00	0.00e+00	0.00e+00	0.00e+00	0.00e+00	7.98e-05	1.61e-05	9.33e-06
 7.01951e+16	1.28e-04	2.69e-02	9.73e-01	3.63e-05	0.00e+00	0.00e+00	0.00e+00	0.00e+00	0.00e+00	9.68e-05	1.95e-05	1.13e-05
 7.17490e+16	1.50e-04	2.90e-02	9.71e-01	3.36e-05	0.00e+00	0.00e+00	0.00e+00	0.00e+00	0.00e+00	1.14e-04	2.28e-05	1.33e-05
 7.30738e+16	1.72e-04	3.11e-02	9.69e-01	3.14e-05	0.00e+00	0.00e+00	0.00e+00	0.00e+00	0.00e+00	1.31e-04	2.63e-05	1.53e-05
 7.45636e+16	2.02e-04	3.37e-02	9.66e-01	2.90e-05	0.00e+00	0.00e+00	0.00e+00	0.00e+00	0.00e+00	1.54e-04	3.09e-05	1.79e-05
 7.62024e+16	2.43e-04	3.70e-02	9.63e-01	2.65e-05	0.00e+00	0.00e+00	0.00e+00	0.00e+00	0.00e+00	1.85e-04	3.71e-05	2.15e-05
 7.76633e+16	2.89e-04	4.03e-02	9.59e-01	2.43e-05	0.00e+00	0.00e+00	0.00e+00	0.00e+00	0.00e+00	2.19e-04	4.40e-05	2.55e-05
 7.89386e+16	3.36e-04	4.36e-02	9.56e-01	2.26e-05	0.00e+00	0.00e+00	0.00e+00	0.00e+00	0.00e+00	2.55e-04	5.12e-05	2.97e-05
 8.03441e+16	4.00e-04	4.77e-02	9.52e-01	2.06e-05	0.00e+00	0.00e+00	0.00e+00	0.00e+00	0.00e+00	3.03e-04	6.10e-05	3.54e-05
 8.18645e+16	4.85e-04	5.27e-02	9.47e-01	1.87e-05	0.00e+00	0.00e+00	0.00e+00	0.00e+00	0.00e+00	3.68e-04	7.40e-05	4.29e-05
 8.31863e+16	5.79e-04	5.78e-02	9.42e-01	1.70e-05	0.00e+00	0.00e+00	0.00e+00	0.00e+00	0.00e+00	4.39e-04	8.82e-05	5.11e-05
 8.43388e+16	6.77e-04	6.27e-02	9.37e-01	1.57e-05	0.00e+00	0.00e+00	0.00e+00	0.00e+00	0.00e+00	5.14e-04	1.03e-04	5.98e-05
 8.56193e+16	8.14e-04	6.91e-02	9.30e-01	1.42e-05	0.00e+00	0.00e+00	0.00e+00	0.00e+00	0.00e+00	6.18e-04	1.24e-04	7.19e-05
 8.70060e+16	9.96e-04	7.69e-02	9.22e-01	1.27e-05	0.00e+00	0.00e+00	0.00e+00	0.00e+00	0.00e+00	7.56e-04	1.52e-04	8.79e-05
 8.82257e+16	1.20e-03	8.49e-02	9.14e-01	1.14e-05	0.00e+00	0.00e+00	0.00e+00	0.00e+00	0.00e+00	9.12e-04	1.83e-04	1.06e-04
 8.92967e+16	1.42e-03	9.30e-02	9.06e-01	1.04e-05	0.00e+00	0.00e+00	0.00e+00	0.00e+00	0.00e+00	1.08e-03	2.17e-04	1.26e-04
 9.04795e+16	1.73e-03	1.03e-01	8.95e-01	9.21e-06	0.00e+00	0.00e+00	0.00e+00	0.00e+00	0.00e+00	1.32e-03	2.64e-04	1.53e-04
 9.17461e+16	2.15e-03	1.16e-01	8.82e-01	8.08e-06	0.00e+00	0.00e+00	0.00e+00	0.00e+00	0.00e+00	1.63e-03	3.27e-04	1.89e-04
 9.28324e+16	2.61e-03	1.29e-01	8.69e-01	7.14e-06	0.00e+00	0.00e+00	0.00e+00	0.00e+00	0.00e+00	1.98e-03	3.97e-04	2.30e-04
 9.37651e+16	3.11e-03	1.41e-01	8.56e-01	6.41e-06	0.00e+00	0.00e+00	0.00e+00	0.00e+00	0.00e+00	2.36e-03	4.72e-04	2.73e-04
 9.47875e+16	3.78e-03	1.57e-01	8.39e-01	5.62e-06	0.00e+00	0.00e+00	0.00e+00	0.00e+00	0.00e+00	2.87e-03	5.75e-04	3.33e-04
 9.58956e+16	4.72e-03	1.76e-01	8.19e-01	4.82e-06	0.00e+00	0.00e+00	0.00e+00	0.00e+00	0.00e+00	3.58e-03	7.16e-04	4.15e-04
 9.68557e+16	5.77e-03	1.96e-01	7.98e-01	4.18e-06	0.00e+00	0.00e+00	0.00e+00	0.00e+00	0.00e+00	4.39e-03	8.75e-04	5.07e-04
 9.76708e+16	6.89e-03	2.15e-01	7.78e-01	3.65e-06	0.00e+00	0.00e+00	0.00e+00	0.00e+00	0.00e+00	5.24e-03	1.04e-03	6.05e-04
 9.85570e+16	8.42e-03	2.39e-01	7.53e-01	3.13e-06	0.00e+00	0.00e+00	0.00e+00	0.00e+00	0.00e+00	6.40e-03	1.27e-03	7.39e-04
 9.95098e+16	1.05e-02	2.68e-01	7.22e-01	2.61e-06	0.00e+00	0.00e+00	0.00e+00	0.00e+00	0.00e+00	7.99e-03	1.59e-03	9.21e-04
 1.00327e+17	1.28e-02	2.96e-01	6.91e-01	2.19e-06	0.00e+00	0.00e+00	0.00e+00	0.00e+00	0.00e+00	9.75e-03	1.93e-03	1.12e-03
 1.01025e+17	1.53e-02	3.23e-01	6.61e-01	1.87e-06	0.00e+00	0.00e+00	0.00e+00	0.00e+00	0.00e+00	1.16e-02	2.30e-03	1.34e-03
 1.01789e+17	1.86e-02	3.56e-01	6.25e-01	1.54e-06	0.00e+00	0.00e+00	0.00e+00	0.00e+00	0.00e+00	1.42e-02	2.80e-03	1.63e-03
 1.02618e+17	2.33e-02	3.95e-01	5.81e-01	1.22e-06	0.00e+00	0.00e+00	0.00e+00	0.00e+00	0.00e+00	1.77e-02	3.50e-03	2.04e-03
 1.03328e+17	2.84e-02	4.33e-01	5.39e-01	9.74e-07	0.00e+00	0.00e+00	0.00e+00	0.00e+00	0.00e+00	2.17e-02	4.26e-03	2.48e-03
 1.03929e+17	3.37e-02	4.66e-01	5.00e-01	7.88e-07	0.00e+00	0.00e+00	0.00e+00	0.00e+00	0.00e+00	2.57e-02	5.04e-03	2.95e-03
 1.04587e+17	4.08e-02	5.04e-01	4.55e-01	6.10e-07	0.00e+00	0.00e+00	0.00e+00	0.00e+00	0.00e+00	3.11e-02	6.07e-03	3.55e-03
 1.05316e+17	5.07e-02	5.48e-01	4.01e-01	4.43e-07	0.00e+00	0.00e+00	0.00e+00	0.00e+00	0.00e+00	3.88e-02	7.53e-03	4.42e-03
 1.05907e+17	6.10e-02	5.85e-01	3.55e-01	3.32e-07	0.00e+00	0.00e+00	0.00e+00	0.00e+00	0.00e+00	4.66e-02	9.01e-03	5.30e-03
 1.06316e+17	6.90e-02	6.08e-01	3.23e-01	2.66e-07	0.00e+00	0.00e+00	0.00e+00	0.00e+00	0.00e+00	5.28e-02	1.02e-02	5.99e-03
 1.06721e+17	7.82e-02	6.31e-01	2.90e-01	2.10e-07	0.00e+00	0.00e+00	0.00e+00	0.00e+00	0.00e+00	5.99e-02	1.15e-02	6.78e-03
 1.07247e+17	9.23e-02	6.59e-01	2.49e-01	1.50e-07	0.00e+00	0.00e+00	0.00e+00	0.00e+00	0.00e+00	7.08e-02	1.35e-02	7.98e-03
 1.07765e+17	1.09e-01	6.82e-01	2.09e-01	0.00e+00	0.00e+00	0.00e+00	0.00e+00	0.00e+00	0.00e+00	8.39e-02	1.58e-02	9.42e-03
 1.08139e+17	1.23e-01	6.96e-01	1.81e-01	0.00e+00	0.00e+00	0.00e+00	0.00e+00	0.00e+00	0.00e+00	9.46e-02	1.77e-02	1.06e-02
 1.08439e+17	1.35e-01	7.04e-01	1.60e-01	0.00e+00	0.00e+00	0.00e+00	0.00e+00	0.00e+00	0.00e+00	1.04e-01	1.94e-02	1.16e-02
 1.08777e+17	1.51e-01	7.11e-01	1.38e-01	0.00e+00	0.00e+00	0.00e+00	0.00e+00	0.00e+00	0.00e+00	1.17e-01	2.15e-02	1.29e-02
 1.09154e+17	1.70e-01	7.15e-01	1.15e-01	0.00e+00	0.00e+00	0.00e+00	0.00e+00	0.00e+00	0.00e+00	1.32e-01	2.41e-02	1.45e-02
 1.09499e+17	1.91e-01	7.14e-01	9.51e-02	0.00e+00	0.00e+00	0.00e+00	0.00e+00	0.00e+00	0.00e+00	1.48e-01	2.67e-02	1.62e-02
 1.09799e+17	2.10e-01	7.10e-01	8.00e-02	0.00e+00	0.00e+00	0.00e+00	0.00e+00	0.00e+00	0.00e+00	1.63e-01	2.91e-02	1.77e-02
 1.10119e+17	2.32e-01	7.02e-01	6.54e-02	0.00e+00	0.00e+00	0.00e+00	0.00e+00	0.00e+00	0.00e+00	1.81e-01	3.19e-02	1.95e-02
 1.10464e+17	2.60e-01	6.89e-01	5.17e-02	0.00e+00	0.00e+00	0.00e+00	0.00e+00	0.00e+00	0.00e+00	2.03e-01	3.52e-02	2.17e-02
 1.10758e+17	2.85e-01	6.73e-01	4.16e-02	0.00e+00	0.00e+00	0.00e+00	0.00e+00	0.00e+00	0.00e+00	2.23e-01	3.81e-02	2.37e-02
 1.11007e+17	3.08e-01	6.58e-01	3.43e-02	0.00e+00	0.00e+00	0.00e+00	0.00e+00	0.00e+00	0.00e+00	2.42e-01	4.06e-02	2.54e-02
 1.11281e+17	3.35e-01	6.37e-01	2.73e-02	0.00e+00	0.00e+00	0.00e+00	0.00e+00	0.00e+00	0.00e+00	2.64e-01	4.36e-02	2.75e-02
 1.11584e+17	3.68e-01	6.12e-01	2.08e-02	0.00e+00	0.00e+00	0.00e+00	0.00e+00	0.00e+00	0.00e+00	2.91e-01	4.68e-02	2.98e-02
 1.11858e+17	3.99e-01	5.85e-01	1.60e-02	0.00e+00	0.00e+00	0.00e+00	0.00e+00	0.00e+00	0.00e+00	3.18e-01	4.98e-02	3.20e-02
 1.12101e+17	4.28e-01	5.59e-01	1.26e-02	0.00e+00	0.00e+00	0.00e+00	0.00e+00	0.00e+00	0.00e+00	3.42e-01	5.23e-02	3.39e-02
 1.12336e+17	4.58e-01	5.33e-01	9.82e-03	0.00e+00	0.00e+00	0.00e+00	0.00e+00	0.00e+00	0.00e+00	3.67e-01	5.47e-02	3.58e-02
 1.12568e+17	4.87e-01	5.05e-01	7.59e-03	0.00e+00	0.00e+00	0.00e+00	0.00e+00	0.00e+00	0.00e+00	3.93e-01	5.68e-02	3.76e-02
 1.12781e+17	5.16e-01	4.78e-01	5.92e-03	0.00e+00	0.00e+00	0.00e+00	0.00e+00	0.00e+00	0.00e+00	4.18e-01	5.87e-02	3.93e-02
 1.12967e+17	5.41e-01	4.54e-01	4.74e-03	0.00e+00	0.00e+00	0.00e+00	0.00e+00	0.00e+00	0.00e+00	4.40e-01	6.01e-02	4.06e-02
 1.13135e+17	5.63e-01	4.33e-01	3.84e-03	0.00e+00	0.00e+00	0.00e+00	0.00e+00	0.00e+00	0.00e+00	4.60e-01	6.13e-02	4.17e-02
