#depth	O	O+	O+2	O+3	O+4	O+5	O+6	O+7	O+8	O[1]	O[2]	O[3]
 4.45360e+12	4.85e-07	8.83e-04	2.37e-01	7.27e-01	3.56e-02	3.20e-06	0.00e+00	0.00e+00	0.00e+00	3.68e-07	7.48e-08	4.23e-08
 2.67216e+13	4.84e-07	8.82e-04	2.37e-01	7.27e-01	3.55e-02	3.20e-06	0.00e+00	0.00e+00	0.00e+00	3.67e-07	7.47e-08	4.23e-08
 1.15794e+14	4.86e-07	8.87e-04	2.38e-01	7.25e-01	3.53e-02	3.16e-06	0.00e+00	0.00e+00	0.00e+00	3.68e-07	7.49e-08	4.24e-08
 4.72082e+14	4.94e-07	9.06e-04	2.44e-01	7.20e-01	3.42e-02	3.04e-06	0.00e+00	0.00e+00	0.00e+00	3.75e-07	7.62e-08	4.31e-08
 1.12765e+15	4.90e-07	9.24e-04	2.53e-01	7.13e-01	3.26e-02	2.84e-06	0.00e+00	0.00e+00	0.00e+00	3.72e-07	7.55e-08	4.28e-08
 1.97989e+15	5.01e-07	9.64e-04	2.65e-01	7.03e-01	3.05e-02	2.60e-06	0.00e+00	0.00e+00	0.00e+00	3.80e-07	7.72e-08	4.38e-08
 3.08781e+15	5.26e-07	1.03e-03	2.83e-01	6.88e-01	2.80e-02	2.31e-06	0.00e+00	0.00e+00	0.00e+00	3.98e-07	8.09e-08	4.60e-08
 4.52810e+15	5.71e-07	1.13e-03	3.08e-01	6.66e-01	2.48e-02	1.96e-06	0.00e+00	0.00e+00	0.00e+00	4.32e-07	8.78e-08	5.00e-08
 6.40047e+15	6.51e-07	1.29e-03	3.45e-01	6.32e-01	2.09e-02	1.55e-06	0.00e+00	0.00e+00	0.00e+00	4.93e-07	1.00e-07	5.71e-08
 8.77758e+15	7.91e-07	1.54e-03	4.02e-01	5.80e-01	1.64e-02	1.12e-06	0.00e+00	0.00e+00	0.00e+00	6.00e-07	1.22e-07	6.96e-08
 1.10754e+16	9.50e-07	1.84e-03	4.67e-01	5.19e-01	1.24e-02	7.82e-07	0.00e+00	0.00e+00	0.00e+00	7.20e-07	1.46e-07	8.37e-08
 1.27928e+16	1.12e-06	2.14e-03	5.26e-01	4.62e-01	9.60e-03	5.65e-07	0.00e+00	0.00e+00	0.00e+00	8.52e-07	1.73e-07	9.90e-08
 1.41778e+16	1.31e-06	2.45e-03	5.81e-01	4.09e-01	7.48e-03	4.14e-07	0.00e+00	0.00e+00	0.00e+00	9.95e-07	2.02e-07	1.16e-07
 1.52997e+16	1.49e-06	2.73e-03	6.29e-01	3.62e-01	5.91e-03	3.11e-07	0.00e+00	0.00e+00	0.00e+00	1.13e-06	2.29e-07	1.32e-07
 1.61843e+16	1.66e-06	2.98e-03	6.70e-01	3.23e-01	4.77e-03	2.40e-07	0.00e+00	0.00e+00	0.00e+00	1.26e-06	2.55e-07	1.47e-07
 1.71260e+16	1.89e-06	3.29e-03	7.14e-01	2.79e-01	3.66e-03	1.74e-07	0.00e+00	0.00e+00	0.00e+00	1.44e-06	2.91e-07	1.67e-07
 1.81555e+16	2.16e-06	3.63e-03	7.62e-01	2.32e-01	2.65e-03	0.00e+00	0.00e+00	0.00e+00	0.00e+00	1.64e-06	3.32e-07	1.91e-07
 1.90797e+16	2.43e-06	3.96e-03	8.03e-01	1.91e-01	1.90e-03	0.00e+00	0.00e+00	0.00e+00	0.00e+00	1.84e-06	3.72e-07	2.15e-07
 1.99309e+16	2.70e-06	4.27e-03	8.39e-01	1.56e-01	1.34e-03	0.00e+00	0.00e+00	0.00e+00	0.00e+00	2.05e-06	4.14e-07	2.39e-07
 2.09067e+16	3.05e-06	4.63e-03	8.75e-01	1.19e-01	8.57e-04	0.00e+00	0.00e+00	0.00e+00	0.00e+00	2.31e-06	4.67e-07	2.70e-07
 2.21753e+16	3.51e-06	5.07e-03	9.13e-01	8.15e-02	4.53e-04	0.00e+00	0.00e+00	0.00e+00	0.00e+00	2.66e-06	5.37e-07	3.11e-07
 2.35959e+16	4.02e-06	5.51e-03	9.43e-01	5.11e-02	2.08e-04	0.00e+00	0.00e+00	0.00e+00	0.00e+00	3.05e-06	6.15e-07	3.57e-07
 2.52140e+16	4.62e-06	5.95e-03	9.65e-01	2.92e-02	8.04e-05	0.00e+00	0.00e+00	0.00e+00	0.00e+00	3.50e-06	7.07e-07	4.11e-07
 2.73175e+16	5.40e-06	6.44e-03	9.79e-01	1.42e-02	2.31e-05	0.00e+00	0.00e+00	0.00e+00	0.00e+00	4.09e-06	8.26e-07	4.80e-07
 2.99318e+16	6.39e-06	6.97e-03	9.87e-01	6.06e-03	5.16e-06	0.00e+00	0.00e+00	0.00e+00	0.00e+00	4.84e-06	9.77e-07	5.69e-07
 3.29250e+16	7.65e-06	7.56e-03	9.90e-01	2.48e-03	1.02e-06	0.00e+00	0.00e+00	0.00e+00	0.00e+00	5.80e-06	1.17e-06	6.81e-07
 3.62175e+16	9.33e-06	8.25e-03	9.91e-01	1.03e-03	1.95e-07	0.00e+00	0.00e+00	0.00e+00	0.00e+00	7.07e-06	1.43e-06	8.31e-07
 3.98392e+16	1.17e-05	9.08e-03	9.90e-01	4.50e-04	0.00e+00	0.00e+00	0.00e+00	0.00e+00	0.00e+00	8.84e-06	1.78e-06	1.04e-06
 4.37404e+16	1.50e-05	1.01e-02	9.90e-01	2.23e-04	0.00e+00	0.00e+00	0.00e+00	0.00e+00	0.00e+00	1.13e-05	2.29e-06	1.33e-06
 4.77485e+16	1.96e-05	1.14e-02	9.88e-01	1.33e-04	0.00e+00	0.00e+00	0.00e+00	0.00e+00	0.00e+00	1.48e-05	2.99e-06	1.74e-06
 5.17566e+16	2.60e-05	1.29e-02	9.87e-01	9.37e-05	0.00e+00	0.00e+00	0.00e+00	0.00e+00	0.00e+00	1.97e-05	3.98e-06	2.32e-06
 5.57647e+16	3.53e-05	1.47e-02	9.85e-01	7.26e-05	0.00e+00	0.00e+00	0.00e+00	0.00e+00	0.00e+00	2.67e-05	5.39e-06	3.14e-06
 5.97527e+16	4.87e-05	1.71e-02	9.83e-01	5.91e-05	0.00e+00	0.00e+00	0.00e+00	0.00e+00	0.00e+00	3.69e-05	7.44e-06	4.33e-06
 6.25549e+16	6.20e-05	1.91e-02	9.81e-01	5.19e-05	0.00e+00	0.00e+00	0.00e+00	0.00e+00	0.00e+00	4.70e-05	9.46e-06	5.50e-06
 6.38538e+16	6.95e-05	2.01e-02	9.80e-01	4.91e-05	0.00e+00	0.00e+00	0.00e+00	0.00e+00	0.00e+00	5.27e-05	1.06e-05	6.17e-06
 6.49587e+16	7.69e-05	2.11e-02	9.79e-01	4.66e-05	0.00e+00	0.00e+00	0.00e+00	0.00e+00	0.00e+00	5.83e-05	1.17e-05	6.83e-06
 6.63951e+16	8.81e-05	2.25e-02	9.77e-01	4.35e-05	0.00e+00	0.00e+00	0.00e+00	0.00e+00	0.00e+00	6.68e-05	1.34e-05	7.82e-06
 6.82625e+16	1.05e-04	2.45e-02	9.75e-01	3.98e-05	0.00e+00	0.00e+00	0.00e+00	0.00e+00	0.00e+00	7.98e-05	1.61e-05	9.33e-06
 7.01947e+16	1.28e-04	2.69e-02	9.73e-01	3.63e-05	0.00e+00	0.00e+00	0.00e+00	0.00e+00	0.00e+00	9.67e-05	1.95e-05	1.13e-05
 7.17485e+16	1.50e-04	2.90e-02	9.71e-01	3.36e-05	0.00e+00	0.00e+00	0.00e+00	0.00e+00	0.00e+00	1.14e-04	2.28e-05	1.33e-05
 7.30734e+16	1.72e-04	3.11e-02	9.69e-01	3.14e-05	0.00e+00	0.00e+00	0.00e+00	0.00e+00	0.00e+00	1.31e-04	2.63e-05	1.53e-05
 7.45632e+16	2.02e-04	3.37e-02	9.66e-01	2.90e-05	0.00e+00	0.00e+00	0.00e+00	0.00e+00	0.00e+00	1.54e-04	3.09e-05	1.79e-05
 7.62019e+16	2.43e-04	3.70e-02	9.63e-01	2.65e-05	0.00e+00	0.00e+00	0.00e+00	0.00e+00	0.00e+00	1.85e-04	3.71e-05	2.15e-05
 7.76629e+16	2.89e-04	4.03e-02	9.59e-01	2.43e-05	0.00e+00	0.00e+00	0.00e+00	0.00e+00	0.00e+00	2.19e-04	4.40e-05	2.55e-05
 7.89382e+16	3.36e-04	4.36e-02	9.56e-01	2.26e-05	0.00e+00	0.00e+00	0.00e+00	0.00e+00	0.00e+00	2.55e-04	5.12e-05	2.97e-05
 8.03437e+16	4.00e-04	4.77e-02	9.52e-01	2.06e-05	0.00e+00	0.00e+00	0.00e+00	0.00e+00	0.00e+00	3.03e-04	6.10e-05	3.54e-05
 8.18641e+16	4.85e-04	5.27e-02	9.47e-01	1.87e-05	0.00e+00	0.00e+00	0.00e+00	0.00e+00	0.00e+00	3.68e-04	7.40e-05	4.29e-05
 8.31859e+16	5.79e-04	5.77e-02	9.42e-01	1.70e-05	0.00e+00	0.00e+00	0.00e+00	0.00e+00	0.00e+00	4.39e-04	8.82e-05	5.11e-05
 8.43384e+16	6.77e-04	6.27e-02	9.37e-01	1.57e-05	0.00e+00	0.00e+00	0.00e+00	0.00e+00	0.00e+00	5.14e-04	1.03e-04	5.98e-05
 8.56189e+16	8.14e-04	6.91e-02	9.30e-01	1.42e-05	0.00e+00	0.00e+00	0.00e+00	0.00e+00	0.00e+00	6.18e-04	1.24e-04	7.18e-05
 8.70056e+16	9.96e-04	7.69e-02	9.22e-01	1.27e-05	0.00e+00	0.00e+00	0.00e+00	0.00e+00	0.00e+00	7.56e-04	1.52e-04	8.79e-05
 8.82254e+16	1.20e-03	8.49e-02	9.14e-01	1.14e-05	0.00e+00	0.00e+00	0.00e+00	0.00e+00	0.00e+00	9.12e-04	1.83e-04	1.06e-04
 8.92964e+16	1.42e-03	9.30e-02	9.06e-01	1.04e-05	0.00e+00	0.00e+00	0.00e+00	0.00e+00	0.00e+00	1.08e-03	2.17e-04	1.26e-04
 9.04792e+16	1.73e-03	1.03e-01	8.95e-01	9.21e-06	0.00e+00	0.00e+00	0.00e+00	0.00e+00	0.00e+00	1.32e-03	2.64e-04	1.53e-04
 9.17458e+16	2.15e-03	1.16e-01	8.82e-01	8.08e-06	0.00e+00	0.00e+00	0.00e+00	0.00e+00	0.00e+00	1.63e-03	3.27e-04	1.89e-04
 9.28321e+16	2.61e-03	1.29e-01	8.69e-01	7.14e-06	0.00e+00	0.00e+00	0.00e+00	0.00e+00	0.00e+00	1.98e-03	3.97e-04	2.30e-04
 9.37648e+16	3.11e-03	1.41e-01	8.56e-01	6.41e-06	0.00e+00	0.00e+00	0.00e+00	0.00e+00	0.00e+00	2.36e-03	4.72e-04	2.73e-04
 9.47873e+16	3.78e-03	1.57e-01	8.39e-01	5.62e-06	0.00e+00	0.00e+00	0.00e+00	0.00e+00	0.00e+00	2.87e-03	5.75e-04	3.33e-04
 9.58954e+16	4.72e-03	1.76e-01	8.19e-01	4.82e-06	0.00e+00	0.00e+00	0.00e+00	0.00e+00	0.00e+00	3.58e-03	7.16e-04	4.15e-04
 9.68554e+16	5.77e-03	1.96e-01	7.98e-01	4.18e-06	0.00e+00	0.00e+00	0.00e+00	0.00e+00	0.00e+00	4.38e-03	8.75e-04	5.07e-04
 9.76706e+16	6.89e-03	2.15e-01	7.78e-01	3.65e-06	0.00e+00	0.00e+00	0.00e+00	0.00e+00	0.00e+00	5.24e-03	1.04e-03	6.05e-04
 9.85568e+16	8.42e-03	2.39e-01	7.53e-01	3.13e-06	0.00e+00	0.00e+00	0.00e+00	0.00e+00	0.00e+00	6.40e-03	1.27e-03	7.39e-04
 9.95096e+16	1.05e-02	2.68e-01	7.22e-01	2.61e-06	0.00e+00	0.00e+00	0.00e+00	0.00e+00	0.00e+00	7.99e-03	1.59e-03	9.21e-04
 1.00327e+17	1.28e-02	2.96e-01	6.91e-01	2.19e-06	0.00e+00	0.00e+00	0.00e+00	0.00e+00	0.00e+00	9.75e-03	1.93e-03	1.12e-03
 1.01025e+17	1.53e-02	3.23e-01	6.61e-01	1.87e-06	0.00e+00	0.00e+00	0.00e+00	0.00e+00	0.00e+00	1.16e-02	2.30e-03	1.34e-03
 1.01789e+17	1.86e-02	3.56e-01	6.25e-01	1.54e-06	0.00e+00	0.00e+00	0.00e+00	0.00e+00	0.00e+00	1.42e-02	2.80e-03	1.63e-03
 1.02617e+17	2.33e-02	3.95e-01	5.81e-01	1.22e-06	0.00e+00	0.00e+00	0.00e+00	0.00e+00	0.00e+00	1.77e-02	3.50e-03	2.04e-03
 1.03328e+17	2.84e-02	4.33e-01	5.39e-01	9.74e-07	0.00e+00	0.00e+00	0.00e+00	0.00e+00	0.00e+00	2.17e-02	4.25e-03	2.48e-03
 1.03929e+17	3.37e-02	4.66e-01	5.00e-01	7.88e-07	0.00e+00	0.00e+00	0.00e+00	0.00e+00	0.00e+00	2.57e-02	5.04e-03	2.95e-03
 1.04587e+17	4.08e-02	5.04e-01	4.55e-01	6.10e-07	0.00e+00	0.00e+00	0.00e+00	0.00e+00	0.00e+00	3.11e-02	6.07e-03	3.55e-03
 1.05316e+17	5.07e-02	5.48e-01	4.01e-01	4.43e-07	0.00e+00	0.00e+00	0.00e+00	0.00e+00	0.00e+00	3.88e-02	7.53e-03	4.42e-03
 1.05906e+17	6.10e-02	5.85e-01	3.55e-01	3.32e-07	0.00e+00	0.00e+00	0.00e+00	0.00e+00	0.00e+00	4.66e-02	9.01e-03	5.30e-03
 1.06316e+17	6.90e-02	6.08e-01	3.23e-01	2.66e-07	0.00e+00	0.00e+00	0.00e+00	0.00e+00	0.00e+00	5.28e-02	1.02e-02	5.99e-03
 1.06721e+17	7.82e-02	6.31e-01	2.90e-01	2.10e-07	0.00e+00	0.00e+00	0.00e+00	0.00e+00	0.00e+00	5.99e-02	1.15e-02	6.78e-03
 1.07247e+17	9.23e-02	6.59e-01	2.49e-01	1.50e-07	0.00e+00	0.00e+00	0.00e+00	0.00e+00	0.00e+00	7.08e-02	1.35e-02	7.98e-03
 1.07765e+17	1.09e-01	6.82e-01	2.09e-01	0.00e+00	0.00e+00	0.00e+00	0.00e+00	0.00e+00	0.00e+00	8.39e-02	1.58e-02	9.42e-03
 1.08139e+17	1.23e-01	6.96e-01	1.81e-01	0.00e+00	0.00e+00	0.00e+00	0.00e+00	0.00e+00	0.00e+00	9.46e-02	1.77e-02	1.06e-02
 1.08439e+17	1.35e-01	7.04e-01	1.60e-01	0.00e+00	0.00e+00	0.00e+00	0.00e+00	0.00e+00	0.00e+00	1.04e-01	1.94e-02	1.16e-02
 1.08777e+17	1.51e-01	7.11e-01	1.38e-01	0.00e+00	0.00e+00	0.00e+00	0.00e+00	0.00e+00	0.00e+00	1.17e-01	2.15e-02	1.29e-02
 1.09153e+17	1.70e-01	7.15e-01	1.15e-01	0.00e+00	0.00e+00	0.00e+00	0.00e+00	0.00e+00	0.00e+00	1.32e-01	2.41e-02	1.45e-02
 1.09499e+17	1.91e-01	7.14e-01	9.51e-02	0.00e+00	0.00e+00	0.00e+00	0.00e+00	0.00e+00	0.00e+00	1.48e-01	2.67e-02	1.62e-02
 1.09799e+17	2.10e-01	7.10e-01	8.00e-02	0.00e+00	0.00e+00	0.00e+00	0.00e+00	0.00e+00	0.00e+00	1.63e-01	2.91e-02	1.77e-02
 1.10119e+17	2.32e-01	7.02e-01	6.54e-02	0.00e+00	0.00e+00	0.00e+00	0.00e+00	0.00e+00	0.00e+00	1.81e-01	3.19e-02	1.95e-02
 1.10464e+17	2.60e-01	6.89e-01	5.17e-02	0.00e+00	0.00e+00	0.00e+00	0.00e+00	0.00e+00	0.00e+00	2.03e-01	3.52e-02	2.17e-02
 1.10758e+17	2.85e-01	6.73e-01	4.16e-02	0.00e+00	0.00e+00	0.00e+00	0.00e+00	0.00e+00	0.00e+00	2.23e-01	3.81e-02	2.37e-02
 1.11007e+17	3.08e-01	6.58e-01	3.43e-02	0.00e+00	0.00e+00	0.00e+00	0.00e+00	0.00e+00	0.00e+00	2.42e-01	4.06e-02	2.54e-02
 1.11281e+17	3.35e-01	6.37e-01	2.73e-02	0.00e+00	0.00e+00	0.00e+00	0.00e+00	0.00e+00	0.00e+00	2.64e-01	4.36e-02	2.75e-02
 1.11584e+17	3.68e-01	6.12e-01	2.08e-02	0.00e+00	0.00e+00	0.00e+00	0.00e+00	0.00e+00	0.00e+00	2.91e-01	4.68e-02	2.98e-02
 1.11858e+17	3.99e-01	5.85e-01	1.60e-02	0.00e+00	0.00e+00	0.00e+00	0.00e+00	0.00e+00	0.00e+00	3.17e-01	4.98e-02	3.20e-02
 1.12101e+17	4.28e-01	5.59e-01	1.26e-02	0.00e+00	0.00e+00	0.00e+00	0.00e+00	0.00e+00	0.00e+00	3.42e-01	5.23e-02	3.39e-02
 1.12336e+17	4.58e-01	5.33e-01	9.82e-03	0.00e+00	0.00e+00	0.00e+00	0.00e+00	0.00e+00	0.00e+00	3.67e-01	5.47e-02	3.58e-02
 1.12568e+17	4.87e-01	5.05e-01	7.59e-03	0.00e+00	0.00e+00	0.00e+00	0.00e+00	0.00e+00	0.00e+00	3.93e-01	5.68e-02	3.76e-02
 1.12781e+17	5.16e-01	4.78e-01	5.92e-03	0.00e+00	0.00e+00	0.00e+00	0.00e+00	0.00e+00	0.00e+00	4.18e-01	5.87e-02	3.93e-02
 1.12967e+17	5.41e-01	4.54e-01	4.74e-03	0.00e+00	0.00e+00	0.00e+00	0.00e+00	0.00e+00	0.00e+00	4.40e-01	6.01e-02	4.06e-02
 1.13136e+17	5.63e-01	4.33e-01	3.84e-03	0.00e+00	0.00e+00	0.00e+00	0.00e+00	0.00e+00	0.00e+00	4.60e-01	6.13e-02	4.17e-02
 1.13297e+17	5.85e-01	4.12e-01	3.12e-03	0.00e+00	0.00e+00	0.00e+00	0.00e+00	0.00e+00	0.00e+00	4.80e-01	6.22e-02	4.27e-02
 1.13424e+17	6.02e-01	3.95e-01	2.65e-03	0.00e+00	0.00e+00	0.00e+00	0.00e+00	0.00e+00	0.00e+00	4.96e-01	6.28e-02	4.35e-02
 1.13507e+17	6.12e-01	3.86e-01	2.39e-03	0.00e+00	0.00e+00	0.00e+00	0.00e+00	0.00e+00	0.00e+00	5.05e-01	6.31e-02	4.39e-02
 1.13588e+17	6.22e-01	3.76e-01	2.14e-03	0.00e+00	0.00e+00	0.00e+00	0.00e+00	0.00e+00	0.00e+00	5.14e-01	6.34e-02	4.43e-02
 1.13686e+17	6.36e-01	3.63e-01	1.87e-03	0.00e+00	0.00e+00	0.00e+00	0.00e+00	0.00e+00	0.00e+00	5.27e-01	6.36e-02	4.47e-02
 1.13790e+17	6.49e-01	3.49e-01	1.61e-03	0.00e+00	0.00e+00	0.00e+00	0.00e+00	0.00e+00	0.00e+00	5.40e-01	6.38e-02	4.52e-02
 1.13881e+17	6.62e-01	3.37e-01	1.41e-03	0.00e+00	0.00e+00	0.00e+00	0.00e+00	0.00e+00	0.00e+00	5.52e-01	6.39e-02	4.55e-02
 1.13964e+17	6.72e-01	3.26e-01	1.25e-03	0.00e+00	0.00e+00	0.00e+00	0.00e+00	0.00e+00	0.00e+00	5.63e-01	6.40e-02	4.58e-02
 1.14049e+17	6.83e-01	3.16e-01	1.11e-03	0.00e+00	0.00e+00	0.00e+00	0.00e+00	0.00e+00	0.00e+00	5.73e-01	6.39e-02	4.60e-02
 1.14138e+17	6.95e-01	3.04e-01	9.66e-04	0.00e+00	0.00e+00	0.00e+00	0.00e+00	0.00e+00	0.00e+00	5.85e-01	6.39e-02	4.62e-02
 1.14227e+17	7.07e-01	2.92e-01	8.41e-04	0.00e+00	0.00e+00	0.00e+00	0.00e+00	0.00e+00	0.00e+00	5.97e-01	6.37e-02	4.64e-02
 1.14311e+17	7.17e-01	2.82e-01	7.39e-04	0.00e+00	0.00e+00	0.00e+00	0.00e+00	0.00e+00	0.00e+00	6.07e-01	6.35e-02	4.65e-02
 1.14391e+17	7.27e-01	2.72e-01	6.51e-04	0.00e+00	0.00e+00	0.00e+00	0.00e+00	0.00e+00	0.00e+00	6.17e-01	6.33e-02	4.66e-02
 1.14474e+17	7.37e-01	2.62e-01	5.70e-04	0.00e+00	0.00e+00	0.00e+00	0.00e+00	0.00e+00	0.00e+00	6.28e-01	6.30e-02	4.66e-02
 1.14559e+17	7.48e-01	2.52e-01	4.96e-04	0.00e+00	0.00e+00	0.00e+00	0.00e+00	0.00e+00	0.00e+00	6.38e-01	6.27e-02	4.66e-02
 1.14641e+17	7.58e-01	2.42e-01	4.32e-04	0.00e+00	0.00e+00	0.00e+00	0.00e+00	0.00e+00	0.00e+00	6.49e-01	6.23e-02	4.66e-02
 1.14720e+17	7.67e-01	2.33e-01	3.80e-04	0.00e+00	0.00e+00	0.00e+00	0.00e+00	0.00e+00	0.00e+00	6.58e-01	6.19e-02	4.66e-02
 1.14798e+17	7.76e-01	2.24e-01	3.32e-04	0.00e+00	0.00e+00	0.00e+00	0.00e+00	0.00e+00	0.00e+00	6.68e-01	6.15e-02	4.65e-02
 1.14878e+17	7.85e-01	2.15e-01	2.89e-04	0.00e+00	0.00e+00	0.00e+00	0.00e+00	0.00e+00	0.00e+00	6.77e-01	6.10e-02	4.63e-02
 1.14958e+17	7.94e-01	2.06e-01	2.51e-04	0.00e+00	0.00e+00	0.00e+00	0.00e+00	0.00e+00	0.00e+00	6.87e-01	6.05e-02	4.62e-02
 1.15035e+17	8.02e-01	1.98e-01	2.20e-04	0.00e+00	0.00e+00	0.00e+00	0.00e+00	0.00e+00	0.00e+00	6.96e-01	6.00e-02	4.60e-02
 1.15112e+17	8.10e-01	1.90e-01	1.92e-04	0.00e+00	0.00e+00	0.00e+00	0.00e+00	0.00e+00	0.00e+00	7.05e-01	5.94e-02	4.58e-02
 1.15189e+17	8.18e-01	1.82e-01	1.66e-04	0.00e+00	0.00e+00	0.00e+00	0.00e+00	0.00e+00	0.00e+00	7.14e-01	5.88e-02	4.55e-02
 1.15265e+17	8.26e-01	1.74e-01	1.45e-04	0.00e+00	0.00e+00	0.00e+00	0.00e+00	0.00e+00	0.00e+00	7.22e-01	5.82e-02	4.53e-02
 1.15339e+17	8.33e-01	1.67e-01	1.26e-04	0.00e+00	0.00e+00	0.00e+00	0.00e+00	0.00e+00	0.00e+00	7.30e-01	5.76e-02	4.50e-02
 1.15414e+17	8.40e-01	1.60e-01	1.10e-04	0.00e+00	0.00e+00	0.00e+00	0.00e+00	0.00e+00	0.00e+00	7.39e-01	5.69e-02	4.47e-02
 1.15489e+17	8.47e-01	1.53e-01	9.53e-05	0.00e+00	0.00e+00	0.00e+00	0.00e+00	0.00e+00	0.00e+00	7.46e-01	5.63e-02	4.43e-02
 1.15562e+17	8.54e-01	1.46e-01	8.29e-05	0.00e+00	0.00e+00	0.00e+00	0.00e+00	0.00e+00	0.00e+00	7.54e-01	5.56e-02	4.40e-02
 1.15634e+17	8.60e-01	1.40e-01	7.21e-05	0.00e+00	0.00e+00	0.00e+00	0.00e+00	0.00e+00	0.00e+00	7.61e-01	5.50e-02	4.36e-02
 1.15705e+17	8.66e-01	1.34e-01	6.27e-05	0.00e+00	0.00e+00	0.00e+00	0.00e+00	0.00e+00	0.00e+00	7.68e-01	5.43e-02	4.33e-02
 1.15777e+17	8.72e-01	1.28e-01	5.44e-05	0.00e+00	0.00e+00	0.00e+00	0.00e+00	0.00e+00	0.00e+00	7.75e-01	5.36e-02	4.29e-02
 1.15848e+17	8.78e-01	1.22e-01	4.72e-05	0.00e+00	0.00e+00	0.00e+00	0.00e+00	0.00e+00	0.00e+00	7.82e-01	5.30e-02	4.25e-02
 1.15916e+17	8.83e-01	1.17e-01	4.12e-05	0.00e+00	0.00e+00	0.00e+00	0.00e+00	0.00e+00	0.00e+00	7.88e-01	5.23e-02	4.21e-02
 1.15984e+17	8.88e-01	1.12e-01	3.59e-05	0.00e+00	0.00e+00	0.00e+00	0.00e+00	0.00e+00	0.00e+00	7.94e-01	5.17e-02	4.18e-02
 1.16051e+17	8.93e-01	1.07e-01	3.14e-05	0.00e+00	0.00e+00	0.00e+00	0.00e+00	0.00e+00	0.00e+00	8.00e-01	5.11e-02	4.14e-02
 1.16117e+17	8.97e-01	1.03e-01	2.74e-05	0.00e+00	0.00e+00	0.00e+00	0.00e+00	0.00e+00	0.00e+00	8.06e-01	5.04e-02	4.10e-02
 1.16181e+17	9.02e-01	9.84e-02	2.39e-05	0.00e+00	0.00e+00	0.00e+00	0.00e+00	0.00e+00	0.00e+00	8.11e-01	4.98e-02	4.06e-02
 1.16245e+17	9.06e-01	9.43e-02	2.10e-05	0.00e+00	0.00e+00	0.00e+00	0.00e+00	0.00e+00	0.00e+00	8.16e-01	4.92e-02	4.02e-02
 1.16308e+17	9.10e-01	9.03e-02	1.84e-05	0.00e+00	0.00e+00	0.00e+00	0.00e+00	0.00e+00	0.00e+00	8.21e-01	4.87e-02	3.98e-02
 1.16369e+17	9.13e-01	8.66e-02	1.61e-05	0.00e+00	0.00e+00	0.00e+00	0.00e+00	0.00e+00	0.00e+00	8.26e-01	4.81e-02	3.95e-02
 1.16430e+17	9.17e-01	8.30e-02	1.42e-05	0.00e+00	0.00e+00	0.00e+00	0.00e+00	0.00e+00	0.00e+00	8.30e-01	4.76e-02	3.91e-02
 1.16491e+17	9.20e-01	7.95e-02	1.24e-05	0.00e+00	0.00e+00	0.00e+00	0.00e+00	0.00e+00	0.00e+00	8.35e-01	4.70e-02	3.88e-02
 1.16550e+17	9.24e-01	7.62e-02	1.09e-05	0.00e+00	0.00e+00	0.00e+00	0.00e+00	0.00e+00	0.00e+00	8.39e-01	4.65e-02	3.84e-02
 1.16608e+17	9.27e-01	7.31e-02	9.65e-06	0.00e+00	0.00e+00	0.00e+00	0.00e+00	0.00e+00	0.00e+00	8.43e-01	4.60e-02	3.80e-02
 1.16666e+17	9.30e-01	7.01e-02	8.51e-06	0.00e+00	0.00e+00	0.00e+00	0.00e+00	0.00e+00	0.00e+00	8.47e-01	4.55e-02	3.77e-02
 1.16724e+17	9.33e-01	6.72e-02	7.50e-06	0.00e+00	0.00e+00	0.00e+00	0.00e+00	0.00e+00	0.00e+00	8.50e-01	4.50e-02	3.74e-02
 1.16780e+17	9.36e-01	6.44e-02	6.62e-06	0.00e+00	0.00e+00	0.00e+00	0.00e+00	0.00e+00	0.00e+00	8.54e-01	4.45e-02	3.70e-02
 1.16836e+17	9.38e-01	6.19e-02	5.86e-06	0.00e+00	0.00e+00	0.00e+00	0.00e+00	0.00e+00	0.00e+00	8.57e-01	4.41e-02	3.67e-02
 1.16891e+17	9.41e-01	5.94e-02	5.18e-06	0.00e+00	0.00e+00	0.00e+00	0.00e+00	0.00e+00	0.00e+00	8.61e-01	4.37e-02	3.64e-02
 1.16946e+17	9.43e-01	5.70e-02	4.58e-06	0.00e+00	0.00e+00	0.00e+00	0.00e+00	0.00e+00	0.00e+00	8.64e-01	4.32e-02	3.61e-02
 1.16999e+17	9.45e-01	5.47e-02	4.06e-06	0.00e+00	0.00e+00	0.00e+00	0.00e+00	0.00e+00	0.00e+00	8.67e-01	4.28e-02	3.58e-02
 1.17052e+17	9.48e-01	5.25e-02	3.61e-06	0.00e+00	0.00e+00	0.00e+00	0.00e+00	0.00e+00	0.00e+00	8.70e-01	4.24e-02	3.55e-02
 1.17104e+17	9.50e-01	5.04e-02	3.21e-06	0.00e+00	0.00e+00	0.00e+00	0.00e+00	0.00e+00	0.00e+00	8.72e-01	4.20e-02	3.52e-02
 1.17157e+17	9.52e-01	4.84e-02	2.84e-06	0.00e+00	0.00e+00	0.00e+00	0.00e+00	0.00e+00	0.00e+00	8.75e-01	4.16e-02	3.48e-02
 1.17209e+17	9.54e-01	4.64e-02	2.52e-06	0.00e+00	0.00e+00	0.00e+00	0.00e+00	0.00e+00	0.00e+00	8.78e-01	4.12e-02	3.45e-02
 1.17260e+17	9.55e-01	4.46e-02	2.25e-06	0.00e+00	0.00e+00	0.00e+00	0.00e+00	0.00e+00	0.00e+00	8.80e-01	4.09e-02	3.42e-02
 1.17310e+17	9.57e-01	4.28e-02	2.01e-06	0.00e+00	0.00e+00	0.00e+00	0.00e+00	0.00e+00	0.00e+00	8.83e-01	4.05e-02	3.39e-02
 1.17360e+17	9.59e-01	4.11e-02	1.79e-06	0.00e+00	0.00e+00	0.00e+00	0.00e+00	0.00e+00	0.00e+00	8.85e-01	4.02e-02	3.36e-02
 1.17410e+17	9.61e-01	3.95e-02	1.59e-06	0.00e+00	0.00e+00	0.00e+00	0.00e+00	0.00e+00	0.00e+00	8.87e-01	3.98e-02	3.33e-02
 1.17459e+17	9.62e-01	3.79e-02	1.42e-06	0.00e+00	0.00e+00	0.00e+00	0.00e+00	0.00e+00	0.00e+00	8.90e-01	3.95e-02	3.30e-02
 1.17508e+17	9.64e-01	3.64e-02	1.27e-06	0.00e+00	0.00e+00	0.00e+00	0.00e+00	0.00e+00	0.00e+00	8.92e-01	3.92e-02	3.28e-02
 1.17556e+17	9.65e-01	3.49e-02	1.14e-06	0.00e+00	0.00e+00	0.00e+00	0.00e+00	0.00e+00	0.00e+00	8.94e-01	3.89e-02	3.25e-02
 1.17603e+17	9.66e-01	3.36e-02	1.02e-06	0.00e+00	0.00e+00	0.00e+00	0.00e+00	0.00e+00	0.00e+00	8.96e-01	3.86e-02	3.22e-02
 1.17650e+17	9.68e-01	3.22e-02	9.14e-07	0.00e+00	0.00e+00	0.00e+00	0.00e+00	0.00e+00	0.00e+00	8.98e-01	3.83e-02	3.20e-02
 1.17698e+17	9.69e-01	3.09e-02	8.17e-07	0.00e+00	0.00e+00	0.00e+00	0.00e+00	0.00e+00	0.00e+00	8.99e-01	3.80e-02	3.17e-02
 1.17744e+17	9.70e-01	2.97e-02	7.33e-07	0.00e+00	0.00e+00	0.00e+00	0.00e+00	0.00e+00	0.00e+00	9.01e-01	3.77e-02	3.14e-02
 1.17788e+17	9.71e-01	2.85e-02	6.61e-07	0.00e+00	0.00e+00	0.00e+00	0.00e+00	0.00e+00	0.00e+00	9.03e-01	3.74e-02	3.12e-02
 1.17833e+17	9.73e-01	2.74e-02	5.96e-07	0.00e+00	0.00e+00	0.00e+00	0.00e+00	0.00e+00	0.00e+00	9.04e-01	3.72e-02	3.10e-02
 1.17878e+17	9.74e-01	2.63e-02	5.36e-07	0.00e+00	0.00e+00	0.00e+00	0.00e+00	0.00e+00	0.00e+00	9.06e-01	3.69e-02	3.07e-02
 1.17922e+17	9.75e-01	2.52e-02	4.83e-07	0.00e+00	0.00e+00	0.00e+00	0.00e+00	0.00e+00	0.00e+00	9.08e-01	3.66e-02	3.05e-02
 1.17964e+17	9.76e-01	2.42e-02	4.38e-07	0.00e+00	0.00e+00	0.00e+00	0.00e+00	0.00e+00	0.00e+00	9.09e-01	3.64e-02	3.03e-02
 1.18002e+17	9.77e-01	2.34e-02	4.01e-07	0.00e+00	0.00e+00	0.00e+00	0.00e+00	0.00e+00	0.00e+00	9.10e-01	3.62e-02	3.01e-02
 1.18036e+17	9.77e-01	2.26e-02	3.71e-07	0.00e+00	0.00e+00	0.00e+00	0.00e+00	0.00e+00	0.00e+00	9.11e-01	3.60e-02	3.00e-02
 1.18068e+17	9.78e-01	2.20e-02	3.45e-07	0.00e+00	0.00e+00	0.00e+00	0.00e+00	0.00e+00	0.00e+00	9.12e-01	3.59e-02	2.98e-02
 1.18098e+17	9.79e-01	2.14e-02	3.23e-07	0.00e+00	0.00e+00	0.00e+00	0.00e+00	0.00e+00	0.00e+00	9.13e-01	3.57e-02	2.96e-02
 1.18125e+17	9.79e-01	2.08e-02	3.03e-07	0.00e+00	0.00e+00	0.00e+00	0.00e+00	0.00e+00	0.00e+00	9.14e-01	3.55e-02	2.95e-02
 1.18150e+17	9.80e-01	2.03e-02	2.87e-07	0.00e+00	0.00e+00	0.00e+00	0.00e+00	0.00e+00	0.00e+00	9.15e-01	3.54e-02	2.94e-02
 1.18173e+17	9.80e-01	1.99e-02	2.72e-07	0.00e+00	0.00e+00	0.00e+00	0.00e+00	0.00e+00	0.00e+00	9.16e-01	3.53e-02	2.93e-02
 1.18195e+17	9.81e-01	1.94e-02	2.59e-07	0.00e+00	0.00e+00	0.00e+00	0.00e+00	0.00e+00	0.00e+00	9.16e-01	3.52e-02	2.91e-02
 1.18215e+17	9.81e-01	1.90e-02	2.47e-07	0.00e+00	0.00e+00	0.00e+00	0.00e+00	0.00e+00	0.00e+00	9.17e-01	3.51e-02	2.90e-02
 1.18234e+17	9.81e-01	1.86e-02	2.37e-07	0.00e+00	0.00e+00	0.00e+00	0.00e+00	0.00e+00	0.00e+00	9.17e-01	3.49e-02	2.89e-02
 1.18252e+17	9.82e-01	1.83e-02	2.27e-07	0.00e+00	0.00e+00	0.00e+00	0.00e+00	0.00e+00	0.00e+00	9.18e-01	3.48e-02	2.88e-02
 1.18269e+17	9.82e-01	1.80e-02	2.19e-07	0.00e+00	0.00e+00	0.00e+00	0.00e+00	0.00e+00	0.00e+00	9.19e-01	3.47e-02	2.87e-02
 1.18285e+17	9.82e-01	1.76e-02	2.11e-07	0.00e+00	0.00e+00	0.00e+00	0.00e+00	0.00e+00	0.00e+00	9.19e-01	3.46e-02	2.86e-02
 1.18301e+17	9.83e-01	1.73e-02	2.03e-07	0.00e+00	0.00e+00	0.00e+00	0.00e+00	0.00e+00	0.00e+00	9.20e-01	3.45e-02	2.86e-02
 1.18315e+17	9.83e-01	1.70e-02	1.97e-07	0.00e+00	0.00e+00	0.00e+00	0.00e+00	0.00e+00	0.00e+00	9.20e-01	3.44e-02	2.85e-02
 1.18329e+17	9.83e-01	1.68e-02	1.91e-07	0.00e+00	0.00e+00	0.00e+00	0.00e+00	0.00e+00	0.00e+00	9.21e-01	3.43e-02	2.84e-02
 1.18342e+17	9.84e-01	1.65e-02	1.85e-07	0.00e+00	0.00e+00	0.00e+00	0.00e+00	0.00e+00	0.00e+00	9.21e-01	3.42e-02	2.83e-02
 1.18354e+17	9.84e-01	1.62e-02	1.80e-07	0.00e+00	0.00e+00	0.00e+00	0.00e+00	0.00e+00	0.00e+00	9.21e-01	3.42e-02	2.82e-02
 1.18366e+17	9.84e-01	1.60e-02	1.75e-07	0.00e+00	0.00e+00	0.00e+00	0.00e+00	0.00e+00	0.00e+00	9.22e-01	3.41e-02	2.81e-02
 1.18377e+17	9.84e-01	1.58e-02	1.70e-07	0.00e+00	0.00e+00	0.00e+00	0.00e+00	0.00e+00	0.00e+00	9.22e-01	3.40e-02	2.81e-02
 1.18388e+17	9.84e-01	1.55e-02	1.66e-07	0.00e+00	0.00e+00	0.00e+00	0.00e+00	0.00e+00	0.00e+00	9.23e-01	3.39e-02	2.80e-02
 1.18398e+17	9.85e-01	1.53e-02	1.62e-07	0.00e+00	0.00e+00	0.00e+00	0.00e+00	0.00e+00	0.00e+00	9.23e-01	3.38e-02	2.79e-02
 1.18409e+17	9.85e-01	1.51e-02	1.58e-07	0.00e+00	0.00e+00	0.00e+00	0.00e+00	0.00e+00	0.00e+00	9.23e-01	3.37e-02	2.78e-02
 1.18419e+17	9.85e-01	1.48e-02	1.54e-07	0.00e+00	0.00e+00	0.00e+00	0.00e+00	0.00e+00	0.00e+00	9.24e-01	3.37e-02	2.77e-02
 1.18429e+17	9.85e-01	1.46e-02	1.50e-07	0.00e+00	0.00e+00	0.00e+00	0.00e+00	0.00e+00	0.00e+00	9.24e-01	3.36e-02	2.77e-02
 1.18438e+17	9.86e-01	1.44e-02	1.47e-07	0.00e+00	0.00e+00	0.00e+00	0.00e+00	0.00e+00	0.00e+00	9.25e-01	3.35e-02	2.76e-02
 1.18448e+17	9.86e-01	1.42e-02	1.43e-07	0.00e+00	0.00e+00	0.00e+00	0.00e+00	0.00e+00	0.00e+00	9.25e-01	3.34e-02	2.75e-02
 1.18457e+17	9.86e-01	1.40e-02	1.40e-07	0.00e+00	0.00e+00	0.00e+00	0.00e+00	0.00e+00	0.00e+00	9.25e-01	3.33e-02	2.74e-02
 1.18467e+17	9.86e-01	1.37e-02	1.36e-07	0.00e+00	0.00e+00	0.00e+00	0.00e+00	0.00e+00	0.00e+00	9.26e-01	3.32e-02	2.73e-02
 1.18479e+17	9.87e-01	1.34e-02	1.33e-07	0.00e+00	0.00e+00	0.00e+00	0.00e+00	0.00e+00	0.00e+00	9.26e-01	3.31e-02	2.72e-02
 1.18490e+17	9.87e-01	1.32e-02	1.29e-07	0.00e+00	0.00e+00	0.00e+00	0.00e+00	0.00e+00	0.00e+00	9.27e-01	3.30e-02	2.71e-02
 1.18502e+17	9.87e-01	1.28e-02	1.25e-07	0.00e+00	0.00e+00	0.00e+00	0.00e+00	0.00e+00	0.00e+00	9.27e-01	3.28e-02	2.69e-02
 1.18513e+17	9.87e-01	1.25e-02	1.21e-07	0.00e+00	0.00e+00	0.00e+00	0.00e+00	0.00e+00	0.00e+00	9.28e-01	3.27e-02	2.68e-02
 1.18524e+17	9.88e-01	1.22e-02	1.17e-07	0.00e+00	0.00e+00	0.00e+00	0.00e+00	0.00e+00	0.00e+00	9.29e-01	3.26e-02	2.67e-02
 1.18534e+17	9.88e-01	1.20e-02	1.14e-07	0.00e+00	0.00e+00	0.00e+00	0.00e+00	0.00e+00	0.00e+00	9.29e-01	3.24e-02	2.65e-02
 1.18544e+17	9.88e-01	1.17e-02	1.11e-07	0.00e+00	0.00e+00	0.00e+00	0.00e+00	0.00e+00	0.00e+00	9.30e-01	3.23e-02	2.64e-02
 1.18553e+17	9.89e-01	1.15e-02	1.08e-07	0.00e+00	0.00e+00	0.00e+00	0.00e+00	0.00e+00	0.00e+00	9.30e-01	3.22e-02	2.63e-02
 1.18561e+17	9.89e-01	1.12e-02	1.05e-07	0.00e+00	0.00e+00	0.00e+00	0.00e+00	0.00e+00	0.00e+00	9.30e-01	3.21e-02	2.62e-02
 1.18568e+17	9.89e-01	1.11e-02	1.03e-07	0.00e+00	0.00e+00	0.00e+00	0.00e+00	0.00e+00	0.00e+00	9.31e-01	3.20e-02	2.61e-02
 1.18575e+17	9.89e-01	1.09e-02	1.01e-07	0.00e+00	0.00e+00	0.00e+00	0.00e+00	0.00e+00	0.00e+00	9.31e-01	3.19e-02	2.60e-02
 1.18581e+17	9.89e-01	1.07e-02	9.90e-08	0.00e+00	0.00e+00	0.00e+00	0.00e+00	0.00e+00	0.00e+00	9.32e-01	3.18e-02	2.59e-02
 1.18586e+17	9.89e-01	1.06e-02	9.73e-08	0.00e+00	0.00e+00	0.00e+00	0.00e+00	0.00e+00	0.00e+00	9.32e-01	3.17e-02	2.58e-02
 1.18591e+17	9.90e-01	1.04e-02	9.58e-08	0.00e+00	0.00e+00	0.00e+00	0.00e+00	0.00e+00	0.00e+00	9.32e-01	3.16e-02	2.57e-02
 1.18597e+17	9.90e-01	1.03e-02	9.41e-08	0.00e+00	0.00e+00	0.00e+00	0.00e+00	0.00e+00	0.00e+00	9.33e-01	3.15e-02	2.57e-02
 1.18603e+17	9.90e-01	1.02e-02	9.23e-08	0.00e+00	0.00e+00	0.00e+00	0.00e+00	0.00e+00	0.00e+00	9.33e-01	3.14e-02	2.56e-02
 1.18608e+17	9.90e-01	1.00e-02	9.07e-08	0.00e+00	0.00e+00	0.00e+00	0.00e+00	0.00e+00	0.00e+00	9.33e-01	3.13e-02	2.55e-02
 1.18614e+17	9.90e-01	9.87e-03	8.88e-08	0.00e+00	0.00e+00	0.00e+00	0.00e+00	0.00e+00	0.00e+00	9.34e-01	3.12e-02	2.54e-02
 1.18621e+17	9.90e-01	9.71e-03	8.69e-08	0.00e+00	0.00e+00	0.00e+00	0.00e+00	0.00e+00	0.00e+00	9.34e-01	3.11e-02	2.53e-02
 1.18627e+17	9.90e-01	9.57e-03	8.52e-08	0.00e+00	0.00e+00	0.00e+00	0.00e+00	0.00e+00	0.00e+00	9.34e-01	3.09e-02	2.52e-02
 1.18632e+17	9.91e-01	9.45e-03	8.37e-08	0.00e+00	0.00e+00	0.00e+00	0.00e+00	0.00e+00	0.00e+00	9.35e-01	3.09e-02	2.51e-02
 1.18638e+17	9.91e-01	9.31e-03	8.19e-08	0.00e+00	0.00e+00	0.00e+00	0.00e+00	0.00e+00	0.00e+00	9.35e-01	3.07e-02	2.50e-02
 1.18644e+17	9.91e-01	9.16e-03	8.00e-08	0.00e+00	0.00e+00	0.00e+00	0.00e+00	0.00e+00	0.00e+00	9.35e-01	3.06e-02	2.49e-02
 1.18650e+17	9.91e-01	9.02e-03	7.84e-08	0.00e+00	0.00e+00	0.00e+00	0.00e+00	0.00e+00	0.00e+00	9.36e-01	3.05e-02	2.48e-02
 1.18655e+17	9.91e-01	8.93e-03	7.71e-08	0.00e+00	0.00e+00	0.00e+00	0.00e+00	0.00e+00	0.00e+00	9.36e-01	3.04e-02	2.47e-02
 1.18661e+17	9.91e-01	8.82e-03	7.56e-08	0.00e+00	0.00e+00	0.00e+00	0.00e+00	0.00e+00	0.00e+00	9.36e-01	3.04e-02	2.47e-02
 1.18668e+17	9.91e-01	8.68e-03	7.36e-08	0.00e+00	0.00e+00	0.00e+00	0.00e+00	0.00e+00	0.00e+00	9.37e-01	3.02e-02	2.46e-02
 1.18676e+17	9.91e-01	8.54e-03	7.16e-08	0.00e+00	0.00e+00	0.00e+00	0.00e+00	0.00e+00	0.00e+00	9.37e-01	3.01e-02	2.45e-02
 1.18683e+17	9.92e-01	8.40e-03	6.98e-08	0.00e+00	0.00e+00	0.00e+00	0.00e+00	0.00e+00	0.00e+00	9.37e-01	3.00e-02	2.44e-02
 1.18690e+17	9.92e-01	8.28e-03	6.82e-08	0.00e+00	0.00e+00	0.00e+00	0.00e+00	0.00e+00	0.00e+00	9.37e-01	2.99e-02	2.43e-02
 1.18697e+17	9.92e-01	8.16e-03	6.65e-08	0.00e+00	0.00e+00	0.00e+00	0.00e+00	0.00e+00	0.00e+00	9.38e-01	2.98e-02	2.42e-02
 1.18705e+17	9.92e-01	8.01e-03	6.46e-08	0.00e+00	0.00e+00	0.00e+00	0.00e+00	0.00e+00	0.00e+00	9.38e-01	2.97e-02	2.41e-02
 1.18712e+17	9.92e-01	7.89e-03	6.30e-08	0.00e+00	0.00e+00	0.00e+00	0.00e+00	0.00e+00	0.00e+00	9.39e-01	2.96e-02	2.40e-02
 1.18720e+17	9.92e-01	7.75e-03	6.11e-08	0.00e+00	0.00e+00	0.00e+00	0.00e+00	0.00e+00	0.00e+00	9.39e-01	2.95e-02	2.39e-02
 1.18728e+17	9.92e-01	7.61e-03	5.92e-08	0.00e+00	0.00e+00	0.00e+00	0.00e+00	0.00e+00	0.00e+00	9.39e-01	2.94e-02	2.37e-02
 1.18736e+17	9.93e-01	7.47e-03	5.75e-08	0.00e+00	0.00e+00	0.00e+00	0.00e+00	0.00e+00	0.00e+00	9.40e-01	2.93e-02	2.36e-02
 1.18743e+17	9.93e-01	7.36e-03	5.60e-08	0.00e+00	0.00e+00	0.00e+00	0.00e+00	0.00e+00	0.00e+00	9.40e-01	2.91e-02	2.35e-02
 1.18751e+17	9.93e-01	7.22e-03	5.42e-08	0.00e+00	0.00e+00	0.00e+00	0.00e+00	0.00e+00	0.00e+00	9.40e-01	2.90e-02	2.34e-02
