#depth	O	O+	O+2	O+3	O+4	O+5	O+6	O+7	O+8	O[1]	O[2]	O[3]
 3.24922e+11	1.00e-05	5.88e-03	5.82e-01	4.11e-01	1.11e-03	0.00e+00	0.00e+00	0.00e+00	0.00e+00	7.45e-06	1.65e-06	8.96e-07
 1.94953e+12	9.94e-06	5.87e-03	5.83e-01	4.10e-01	1.11e-03	0.00e+00	0.00e+00	0.00e+00	0.00e+00	7.41e-06	1.64e-06	8.91e-07
 8.44796e+12	1.01e-05	5.93e-03	5.86e-01	4.07e-01	1.09e-03	0.00e+00	0.00e+00	0.00e+00	0.00e+00	7.50e-06	1.66e-06	9.03e-07
 3.44417e+13	1.06e-05	6.20e-03	6.02e-01	3.90e-01	9.79e-04	0.00e+00	0.00e+00	0.00e+00	0.00e+00	7.92e-06	1.75e-06	9.55e-07
 8.22702e+13	1.12e-05	6.53e-03	6.26e-01	3.66e-01	8.32e-04	0.00e+00	0.00e+00	0.00e+00	0.00e+00	8.37e-06	1.85e-06	1.01e-06
 1.44447e+14	1.23e-05	7.03e-03	6.58e-01	3.34e-01	6.67e-04	0.00e+00	0.00e+00	0.00e+00	0.00e+00	9.19e-06	2.03e-06	1.11e-06
 2.25277e+14	1.40e-05	7.74e-03	7.00e-01	2.92e-01	4.93e-04	0.00e+00	0.00e+00	0.00e+00	0.00e+00	1.05e-05	2.31e-06	1.26e-06
 3.30356e+14	1.66e-05	8.74e-03	7.51e-01	2.40e-01	3.24e-04	0.00e+00	0.00e+00	0.00e+00	0.00e+00	1.24e-05	2.72e-06	1.48e-06
 4.45157e+14	1.95e-05	9.79e-03	8.01e-01	1.89e-01	2.02e-04	0.00e+00	0.00e+00	0.00e+00	0.00e+00	1.46e-05	3.18e-06	1.73e-06
 5.53814e+14	2.28e-05	1.09e-02	8.42e-01	1.47e-01	1.25e-04	0.00e+00	0.00e+00	0.00e+00	0.00e+00	1.70e-05	3.71e-06	2.02e-06
 6.76286e+14	2.76e-05	1.23e-02	8.82e-01	1.06e-01	6.84e-05	0.00e+00	0.00e+00	0.00e+00	0.00e+00	2.07e-05	4.47e-06	2.43e-06
 8.06701e+14	3.30e-05	1.37e-02	9.12e-01	7.40e-02	3.60e-05	0.00e+00	0.00e+00	0.00e+00	0.00e+00	2.47e-05	5.33e-06	2.89e-06
 9.28724e+14	3.92e-05	1.52e-02	9.33e-01	5.14e-02	1.90e-05	0.00e+00	0.00e+00	0.00e+00	0.00e+00	2.95e-05	6.31e-06	3.41e-06
 1.06864e+15	4.83e-05	1.72e-02	9.50e-01	3.29e-02	8.80e-06	0.00e+00	0.00e+00	0.00e+00	0.00e+00	3.64e-05	7.73e-06	4.17e-06
 1.22137e+15	5.98e-05	1.95e-02	9.60e-01	2.03e-02	3.84e-06	0.00e+00	0.00e+00	0.00e+00	0.00e+00	4.52e-05	9.50e-06	5.12e-06
 1.36274e+15	7.28e-05	2.19e-02	9.65e-01	1.29e-02	1.77e-06	0.00e+00	0.00e+00	0.00e+00	0.00e+00	5.52e-05	1.15e-05	6.18e-06
 1.50965e+15	8.96e-05	2.47e-02	9.67e-01	7.93e-03	7.78e-07	0.00e+00	0.00e+00	0.00e+00	0.00e+00	6.80e-05	1.40e-05	7.54e-06
 1.63762e+15	1.05e-04	2.73e-02	9.67e-01	5.36e-03	4.02e-07	0.00e+00	0.00e+00	0.00e+00	0.00e+00	8.02e-05	1.64e-05	8.81e-06
 1.72686e+15	1.19e-04	2.93e-02	9.67e-01	4.04e-03	2.50e-07	0.00e+00	0.00e+00	0.00e+00	0.00e+00	9.03e-05	1.84e-05	9.85e-06
 1.81989e+15	1.35e-04	3.16e-02	9.65e-01	2.97e-03	1.48e-07	0.00e+00	0.00e+00	0.00e+00	0.00e+00	1.03e-04	2.08e-05	1.11e-05
 1.94082e+15	1.59e-04	3.50e-02	9.63e-01	2.00e-03	0.00e+00	0.00e+00	0.00e+00	0.00e+00	0.00e+00	1.22e-04	2.45e-05	1.31e-05
 2.06598e+15	1.87e-04	3.86e-02	9.60e-01	1.36e-03	0.00e+00	0.00e+00	0.00e+00	0.00e+00	0.00e+00	1.43e-04	2.86e-05	1.52e-05
 2.17203e+15	2.15e-04	4.20e-02	9.57e-01	9.85e-04	0.00e+00	0.00e+00	0.00e+00	0.00e+00	0.00e+00	1.65e-04	3.27e-05	1.74e-05
 2.28529e+15	2.50e-04	4.60e-02	9.53e-01	6.88e-04	0.00e+00	0.00e+00	0.00e+00	0.00e+00	0.00e+00	1.92e-04	3.79e-05	2.01e-05
 2.40977e+15	2.94e-04	5.08e-02	9.48e-01	4.74e-04	0.00e+00	0.00e+00	0.00e+00	0.00e+00	0.00e+00	2.27e-04	4.44e-05	2.35e-05
 2.52461e+15	3.42e-04	5.57e-02	9.44e-01	3.39e-04	0.00e+00	0.00e+00	0.00e+00	0.00e+00	0.00e+00	2.63e-04	5.13e-05	2.71e-05
 2.64970e+15	4.04e-04	6.16e-02	9.38e-01	2.32e-04	0.00e+00	0.00e+00	0.00e+00	0.00e+00	0.00e+00	3.11e-04	6.03e-05	3.18e-05
 2.78311e+15	4.79e-04	6.86e-02	9.31e-01	1.60e-04	0.00e+00	0.00e+00	0.00e+00	0.00e+00	0.00e+00	3.70e-04	7.13e-05	3.76e-05
 2.89930e+15	5.57e-04	7.53e-02	9.24e-01	1.16e-04	0.00e+00	0.00e+00	0.00e+00	0.00e+00	0.00e+00	4.31e-04	8.25e-05	4.34e-05
 3.00556e+15	6.40e-04	8.20e-02	9.17e-01	8.64e-05	0.00e+00	0.00e+00	0.00e+00	0.00e+00	0.00e+00	4.96e-04	9.44e-05	4.96e-05
 3.12694e+15	7.51e-04	9.06e-02	9.09e-01	6.14e-05	0.00e+00	0.00e+00	0.00e+00	0.00e+00	0.00e+00	5.83e-04	1.10e-04	5.79e-05
 3.25777e+15	8.90e-04	1.01e-01	8.98e-01	4.36e-05	0.00e+00	0.00e+00	0.00e+00	0.00e+00	0.00e+00	6.91e-04	1.30e-04	6.82e-05
 3.37308e+15	1.03e-03	1.11e-01	8.88e-01	3.24e-05	0.00e+00	0.00e+00	0.00e+00	0.00e+00	0.00e+00	8.05e-04	1.51e-04	7.90e-05
 3.47769e+15	1.19e-03	1.21e-01	8.78e-01	2.48e-05	0.00e+00	0.00e+00	0.00e+00	0.00e+00	0.00e+00	9.26e-04	1.73e-04	9.03e-05
 3.59622e+15	1.39e-03	1.33e-01	8.65e-01	1.82e-05	0.00e+00	0.00e+00	0.00e+00	0.00e+00	0.00e+00	1.08e-03	2.02e-04	1.05e-04
 3.72376e+15	1.65e-03	1.48e-01	8.50e-01	1.33e-05	0.00e+00	0.00e+00	0.00e+00	0.00e+00	0.00e+00	1.29e-03	2.39e-04	1.24e-04
 3.83539e+15	1.91e-03	1.63e-01	8.35e-01	1.02e-05	0.00e+00	0.00e+00	0.00e+00	0.00e+00	0.00e+00	1.49e-03	2.76e-04	1.44e-04
 3.93533e+15	2.19e-03	1.77e-01	8.21e-01	8.03e-06	0.00e+00	0.00e+00	0.00e+00	0.00e+00	0.00e+00	1.71e-03	3.16e-04	1.64e-04
 4.04049e+15	2.53e-03	1.94e-01	8.04e-01	6.22e-06	0.00e+00	0.00e+00	0.00e+00	0.00e+00	0.00e+00	1.98e-03	3.64e-04	1.89e-04
 4.15305e+15	2.95e-03	2.13e-01	7.84e-01	4.77e-06	0.00e+00	0.00e+00	0.00e+00	0.00e+00	0.00e+00	2.31e-03	4.24e-04	2.20e-04
 4.26092e+15	3.42e-03	2.34e-01	7.63e-01	3.72e-06	0.00e+00	0.00e+00	0.00e+00	0.00e+00	0.00e+00	2.68e-03	4.91e-04	2.55e-04
 4.36223e+15	3.94e-03	2.55e-01	7.41e-01	2.94e-06	0.00e+00	0.00e+00	0.00e+00	0.00e+00	0.00e+00	3.08e-03	5.66e-04	2.93e-04
 4.47649e+15	4.62e-03	2.81e-01	7.14e-01	2.23e-06	0.00e+00	0.00e+00	0.00e+00	0.00e+00	0.00e+00	3.62e-03	6.63e-04	3.44e-04
 4.59758e+15	5.49e-03	3.11e-01	6.83e-01	1.69e-06	0.00e+00	0.00e+00	0.00e+00	0.00e+00	0.00e+00	4.30e-03	7.87e-04	4.08e-04
 4.70061e+15	6.35e-03	3.40e-01	6.54e-01	1.34e-06	0.00e+00	0.00e+00	0.00e+00	0.00e+00	0.00e+00	4.97e-03	9.11e-04	4.72e-04
 4.79273e+15	7.25e-03	3.67e-01	6.26e-01	1.07e-06	0.00e+00	0.00e+00	0.00e+00	0.00e+00	0.00e+00	5.67e-03	1.04e-03	5.40e-04
 4.89761e+15	8.43e-03	4.00e-01	5.92e-01	8.30e-07	0.00e+00	0.00e+00	0.00e+00	0.00e+00	0.00e+00	6.59e-03	1.21e-03	6.28e-04
 5.01343e+15	9.96e-03	4.39e-01	5.51e-01	6.25e-07	0.00e+00	0.00e+00	0.00e+00	0.00e+00	0.00e+00	7.78e-03	1.43e-03	7.45e-04
 5.11906e+15	1.16e-02	4.77e-01	5.12e-01	4.80e-07	0.00e+00	0.00e+00	0.00e+00	0.00e+00	0.00e+00	9.08e-03	1.67e-03	8.71e-04
 5.21572e+15	1.34e-02	5.13e-01	4.74e-01	3.73e-07	0.00e+00	0.00e+00	0.00e+00	0.00e+00	0.00e+00	1.05e-02	1.93e-03	1.01e-03
 5.32512e+15	1.57e-02	5.55e-01	4.30e-01	2.77e-07	0.00e+00	0.00e+00	0.00e+00	0.00e+00	0.00e+00	1.22e-02	2.27e-03	1.18e-03
 5.44769e+15	1.87e-02	6.02e-01	3.80e-01	1.96e-07	0.00e+00	0.00e+00	0.00e+00	0.00e+00	0.00e+00	1.46e-02	2.71e-03	1.42e-03
 5.56361e+15	2.22e-02	6.46e-01	3.32e-01	1.39e-07	0.00e+00	0.00e+00	0.00e+00	0.00e+00	0.00e+00	1.73e-02	3.22e-03	1.69e-03
 5.69051e+15	2.65e-02	6.92e-01	2.81e-01	0.00e+00	0.00e+00	0.00e+00	0.00e+00	0.00e+00	0.00e+00	2.06e-02	3.86e-03	2.03e-03
 5.85549e+15	3.31e-02	7.46e-01	2.21e-01	0.00e+00	0.00e+00	0.00e+00	0.00e+00	0.00e+00	0.00e+00	2.57e-02	4.85e-03	2.55e-03
 6.02261e+15	4.20e-02	7.92e-01	1.66e-01	0.00e+00	0.00e+00	0.00e+00	0.00e+00	0.00e+00	0.00e+00	3.26e-02	6.16e-03	3.26e-03
 6.14967e+15	5.05e-02	8.19e-01	1.30e-01	0.00e+00	0.00e+00	0.00e+00	0.00e+00	0.00e+00	0.00e+00	3.91e-02	7.42e-03	3.94e-03
 6.25097e+15	5.83e-02	8.36e-01	1.05e-01	0.00e+00	0.00e+00	0.00e+00	0.00e+00	0.00e+00	0.00e+00	4.51e-02	8.58e-03	4.56e-03
 6.36163e+15	6.74e-02	8.49e-01	8.32e-02	0.00e+00	0.00e+00	0.00e+00	0.00e+00	0.00e+00	0.00e+00	5.21e-02	9.93e-03	5.30e-03
 6.50550e+15	8.12e-02	8.59e-01	6.02e-02	0.00e+00	0.00e+00	0.00e+00	0.00e+00	0.00e+00	0.00e+00	6.27e-02	1.20e-02	6.43e-03
 6.64726e+15	1.01e-01	8.57e-01	4.18e-02	0.00e+00	0.00e+00	0.00e+00	0.00e+00	0.00e+00	0.00e+00	7.80e-02	1.49e-02	8.04e-03
 6.74969e+15	1.20e-01	8.49e-01	3.12e-02	0.00e+00	0.00e+00	0.00e+00	0.00e+00	0.00e+00	0.00e+00	9.26e-02	1.77e-02	9.57e-03
 6.82523e+15	1.36e-01	8.39e-01	2.47e-02	0.00e+00	0.00e+00	0.00e+00	0.00e+00	0.00e+00	0.00e+00	1.05e-01	2.01e-02	1.09e-02
 6.89330e+15	1.53e-01	8.27e-01	2.00e-02	0.00e+00	0.00e+00	0.00e+00	0.00e+00	0.00e+00	0.00e+00	1.18e-01	2.24e-02	1.22e-02
 6.97097e+15	1.73e-01	8.12e-01	1.56e-02	0.00e+00	0.00e+00	0.00e+00	0.00e+00	0.00e+00	0.00e+00	1.34e-01	2.53e-02	1.39e-02
 7.06620e+15	2.03e-01	7.86e-01	1.12e-02	0.00e+00	0.00e+00	0.00e+00	0.00e+00	0.00e+00	0.00e+00	1.57e-01	2.95e-02	1.63e-02
 7.16095e+15	2.43e-01	7.49e-01	7.78e-03	0.00e+00	0.00e+00	0.00e+00	0.00e+00	0.00e+00	0.00e+00	1.89e-01	3.50e-02	1.95e-02
 7.23180e+15	2.82e-01	7.12e-01	5.70e-03	0.00e+00	0.00e+00	0.00e+00	0.00e+00	0.00e+00	0.00e+00	2.20e-01	4.01e-02	2.26e-02
 7.27972e+15	3.12e-01	6.83e-01	4.57e-03	0.00e+00	0.00e+00	0.00e+00	0.00e+00	0.00e+00	0.00e+00	2.44e-01	4.37e-02	2.48e-02
 7.31851e+15	3.37e-01	6.60e-01	3.82e-03	0.00e+00	0.00e+00	0.00e+00	0.00e+00	0.00e+00	0.00e+00	2.63e-01	4.66e-02	2.66e-02
 7.36234e+15	3.64e-01	6.33e-01	3.12e-03	0.00e+00	0.00e+00	0.00e+00	0.00e+00	0.00e+00	0.00e+00	2.86e-01	4.97e-02	2.86e-02
 7.41480e+15	4.00e-01	5.97e-01	2.43e-03	0.00e+00	0.00e+00	0.00e+00	0.00e+00	0.00e+00	0.00e+00	3.15e-01	5.36e-02	3.12e-02
 7.46470e+15	4.40e-01	5.58e-01	1.87e-03	0.00e+00	0.00e+00	0.00e+00	0.00e+00	0.00e+00	0.00e+00	3.48e-01	5.75e-02	3.39e-02
 7.50260e+15	4.72e-01	5.27e-01	1.53e-03	0.00e+00	0.00e+00	0.00e+00	0.00e+00	0.00e+00	0.00e+00	3.75e-01	6.04e-02	3.59e-02
 7.53128e+15	4.95e-01	5.03e-01	1.31e-03	0.00e+00	0.00e+00	0.00e+00	0.00e+00	0.00e+00	0.00e+00	3.96e-01	6.24e-02	3.73e-02
 7.55777e+15	5.17e-01	4.82e-01	1.13e-03	0.00e+00	0.00e+00	0.00e+00	0.00e+00	0.00e+00	0.00e+00	4.14e-01	6.41e-02	3.86e-02
 7.58612e+15	5.40e-01	4.59e-01	9.68e-04	0.00e+00	0.00e+00	0.00e+00	0.00e+00	0.00e+00	0.00e+00	4.34e-01	6.57e-02	3.99e-02
 7.61549e+15	5.65e-01	4.35e-01	8.19e-04	0.00e+00	0.00e+00	0.00e+00	0.00e+00	0.00e+00	0.00e+00	4.56e-01	6.73e-02	4.12e-02
 7.64331e+15	5.88e-01	4.12e-01	6.99e-04	0.00e+00	0.00e+00	0.00e+00	0.00e+00	0.00e+00	0.00e+00	4.77e-01	6.86e-02	4.23e-02
 7.66407e+15	6.05e-01	3.95e-01	6.21e-04	0.00e+00	0.00e+00	0.00e+00	0.00e+00	0.00e+00	0.00e+00	4.92e-01	6.94e-02	4.31e-02
 7.67688e+15	6.15e-01	3.84e-01	5.76e-04	0.00e+00	0.00e+00	0.00e+00	0.00e+00	0.00e+00	0.00e+00	5.02e-01	6.99e-02	4.35e-02
 7.68856e+15	6.24e-01	3.75e-01	5.39e-04	0.00e+00	0.00e+00	0.00e+00	0.00e+00	0.00e+00	0.00e+00	5.10e-01	7.02e-02	4.39e-02
 7.70304e+15	6.35e-01	3.64e-01	4.96e-04	0.00e+00	0.00e+00	0.00e+00	0.00e+00	0.00e+00	0.00e+00	5.20e-01	7.07e-02	4.44e-02
 7.72015e+15	6.49e-01	3.51e-01	4.49e-04	0.00e+00	0.00e+00	0.00e+00	0.00e+00	0.00e+00	0.00e+00	5.33e-01	7.11e-02	4.49e-02
 7.73709e+15	6.62e-01	3.38e-01	4.06e-04	0.00e+00	0.00e+00	0.00e+00	0.00e+00	0.00e+00	0.00e+00	5.45e-01	7.14e-02	4.53e-02
 7.75231e+15	6.73e-01	3.27e-01	3.72e-04	0.00e+00	0.00e+00	0.00e+00	0.00e+00	0.00e+00	0.00e+00	5.55e-01	7.17e-02	4.57e-02
 7.76687e+15	6.84e-01	3.16e-01	3.41e-04	0.00e+00	0.00e+00	0.00e+00	0.00e+00	0.00e+00	0.00e+00	5.66e-01	7.19e-02	4.60e-02
 7.78185e+15	6.94e-01	3.05e-01	3.12e-04	0.00e+00	0.00e+00	0.00e+00	0.00e+00	0.00e+00	0.00e+00	5.76e-01	7.20e-02	4.63e-02
 7.79741e+15	7.05e-01	2.95e-01	2.85e-04	0.00e+00	0.00e+00	0.00e+00	0.00e+00	0.00e+00	0.00e+00	5.86e-01	7.21e-02	4.66e-02
 7.81320e+15	7.16e-01	2.84e-01	2.59e-04	0.00e+00	0.00e+00	0.00e+00	0.00e+00	0.00e+00	0.00e+00	5.97e-01	7.21e-02	4.68e-02
 7.82880e+15	7.26e-01	2.74e-01	2.36e-04	0.00e+00	0.00e+00	0.00e+00	0.00e+00	0.00e+00	0.00e+00	6.07e-01	7.21e-02	4.70e-02
 7.84422e+15	7.36e-01	2.64e-01	2.16e-04	0.00e+00	0.00e+00	0.00e+00	0.00e+00	0.00e+00	0.00e+00	6.17e-01	7.20e-02	4.72e-02
 7.85975e+15	7.46e-01	2.54e-01	1.97e-04	0.00e+00	0.00e+00	0.00e+00	0.00e+00	0.00e+00	0.00e+00	6.27e-01	7.19e-02	4.73e-02
 7.87544e+15	7.56e-01	2.44e-01	1.79e-04	0.00e+00	0.00e+00	0.00e+00	0.00e+00	0.00e+00	0.00e+00	6.36e-01	7.17e-02	4.74e-02
 7.89120e+15	7.65e-01	2.35e-01	1.63e-04	0.00e+00	0.00e+00	0.00e+00	0.00e+00	0.00e+00	0.00e+00	6.46e-01	7.15e-02	4.75e-02
 7.90700e+15	7.74e-01	2.26e-01	1.49e-04	0.00e+00	0.00e+00	0.00e+00	0.00e+00	0.00e+00	0.00e+00	6.55e-01	7.12e-02	4.75e-02
 7.92291e+15	7.83e-01	2.17e-01	1.35e-04	0.00e+00	0.00e+00	0.00e+00	0.00e+00	0.00e+00	0.00e+00	6.64e-01	7.09e-02	4.75e-02
 7.93898e+15	7.91e-01	2.09e-01	1.23e-04	0.00e+00	0.00e+00	0.00e+00	0.00e+00	0.00e+00	0.00e+00	6.73e-01	7.06e-02	4.75e-02
 7.95519e+15	8.00e-01	2.00e-01	1.12e-04	0.00e+00	0.00e+00	0.00e+00	0.00e+00	0.00e+00	0.00e+00	6.82e-01	7.02e-02	4.75e-02
 7.97152e+15	8.08e-01	1.92e-01	1.01e-04	0.00e+00	0.00e+00	0.00e+00	0.00e+00	0.00e+00	0.00e+00	6.90e-01	6.98e-02	4.74e-02
 7.98798e+15	8.15e-01	1.85e-01	9.20e-05	0.00e+00	0.00e+00	0.00e+00	0.00e+00	0.00e+00	0.00e+00	6.99e-01	6.94e-02	4.73e-02
 8.00454e+15	8.23e-01	1.77e-01	8.35e-05	0.00e+00	0.00e+00	0.00e+00	0.00e+00	0.00e+00	0.00e+00	7.07e-01	6.89e-02	4.72e-02
 8.02123e+15	8.30e-01	1.70e-01	7.57e-05	0.00e+00	0.00e+00	0.00e+00	0.00e+00	0.00e+00	0.00e+00	7.15e-01	6.85e-02	4.70e-02
 8.03819e+15	8.37e-01	1.63e-01	6.86e-05	0.00e+00	0.00e+00	0.00e+00	0.00e+00	0.00e+00	0.00e+00	7.22e-01	6.80e-02	4.68e-02
 8.05537e+15	8.44e-01	1.56e-01	6.20e-05	0.00e+00	0.00e+00	0.00e+00	0.00e+00	0.00e+00	0.00e+00	7.30e-01	6.74e-02	4.67e-02
 8.07272e+15	8.51e-01	1.49e-01	5.61e-05	0.00e+00	0.00e+00	0.00e+00	0.00e+00	0.00e+00	0.00e+00	7.37e-01	6.69e-02	4.65e-02
 8.09027e+15	8.57e-01	1.43e-01	5.07e-05	0.00e+00	0.00e+00	0.00e+00	0.00e+00	0.00e+00	0.00e+00	7.44e-01	6.64e-02	4.63e-02
 8.10796e+15	8.63e-01	1.37e-01	4.58e-05	0.00e+00	0.00e+00	0.00e+00	0.00e+00	0.00e+00	0.00e+00	7.51e-01	6.58e-02	4.60e-02
 8.12578e+15	8.69e-01	1.31e-01	4.13e-05	0.00e+00	0.00e+00	0.00e+00	0.00e+00	0.00e+00	0.00e+00	7.58e-01	6.52e-02	4.58e-02
 8.14400e+15	8.75e-01	1.25e-01	3.73e-05	0.00e+00	0.00e+00	0.00e+00	0.00e+00	0.00e+00	0.00e+00	7.64e-01	6.47e-02	4.55e-02
 8.16262e+15	8.80e-01	1.20e-01	3.35e-05	0.00e+00	0.00e+00	0.00e+00	0.00e+00	0.00e+00	0.00e+00	7.71e-01	6.41e-02	4.53e-02
 8.18124e+15	8.85e-01	1.15e-01	3.02e-05	0.00e+00	0.00e+00	0.00e+00	0.00e+00	0.00e+00	0.00e+00	7.77e-01	6.35e-02	4.50e-02
 8.19986e+15	8.90e-01	1.10e-01	2.72e-05	0.00e+00	0.00e+00	0.00e+00	0.00e+00	0.00e+00	0.00e+00	7.83e-01	6.29e-02	4.47e-02
 8.21863e+15	8.95e-01	1.05e-01	2.45e-05	0.00e+00	0.00e+00	0.00e+00	0.00e+00	0.00e+00	0.00e+00	7.88e-01	6.24e-02	4.45e-02
 8.23759e+15	9.00e-01	1.00e-01	2.20e-05	0.00e+00	0.00e+00	0.00e+00	0.00e+00	0.00e+00	0.00e+00	7.94e-01	6.18e-02	4.42e-02
 8.25688e+15	9.04e-01	9.61e-02	1.98e-05	0.00e+00	0.00e+00	0.00e+00	0.00e+00	0.00e+00	0.00e+00	7.99e-01	6.12e-02	4.39e-02
 8.27622e+15	9.08e-01	9.20e-02	1.78e-05	0.00e+00	0.00e+00	0.00e+00	0.00e+00	0.00e+00	0.00e+00	8.04e-01	6.07e-02	4.36e-02
 8.29537e+15	9.12e-01	8.80e-02	1.60e-05	0.00e+00	0.00e+00	0.00e+00	0.00e+00	0.00e+00	0.00e+00	8.09e-01	6.01e-02	4.33e-02
 8.31480e+15	9.16e-01	8.43e-02	1.44e-05	0.00e+00	0.00e+00	0.00e+00	0.00e+00	0.00e+00	0.00e+00	8.13e-01	5.96e-02	4.30e-02
 8.33466e+15	9.19e-01	8.07e-02	1.30e-05	0.00e+00	0.00e+00	0.00e+00	0.00e+00	0.00e+00	0.00e+00	8.17e-01	5.91e-02	4.28e-02
 8.35460e+15	9.23e-01	7.73e-02	1.16e-05	0.00e+00	0.00e+00	0.00e+00	0.00e+00	0.00e+00	0.00e+00	8.22e-01	5.86e-02	4.25e-02
 8.37447e+15	9.26e-01	7.40e-02	1.05e-05	0.00e+00	0.00e+00	0.00e+00	0.00e+00	0.00e+00	0.00e+00	8.26e-01	5.81e-02	4.22e-02
 8.39441e+15	9.29e-01	7.09e-02	9.41e-06	0.00e+00	0.00e+00	0.00e+00	0.00e+00	0.00e+00	0.00e+00	8.30e-01	5.76e-02	4.19e-02
 8.41452e+15	9.32e-01	6.79e-02	8.46e-06	0.00e+00	0.00e+00	0.00e+00	0.00e+00	0.00e+00	0.00e+00	8.33e-01	5.71e-02	4.17e-02
 8.43490e+15	9.35e-01	6.52e-02	7.60e-06	0.00e+00	0.00e+00	0.00e+00	0.00e+00	0.00e+00	0.00e+00	8.37e-01	5.67e-02	4.14e-02
 8.45545e+15	9.38e-01	6.25e-02	6.82e-06	0.00e+00	0.00e+00	0.00e+00	0.00e+00	0.00e+00	0.00e+00	8.40e-01	5.62e-02	4.12e-02
 8.47596e+15	9.40e-01	5.99e-02	6.13e-06	0.00e+00	0.00e+00	0.00e+00	0.00e+00	0.00e+00	0.00e+00	8.43e-01	5.58e-02	4.09e-02
 8.49669e+15	9.43e-01	5.74e-02	5.51e-06	0.00e+00	0.00e+00	0.00e+00	0.00e+00	0.00e+00	0.00e+00	8.47e-01	5.54e-02	4.07e-02
 8.51766e+15	9.45e-01	5.51e-02	4.94e-06	0.00e+00	0.00e+00	0.00e+00	0.00e+00	0.00e+00	0.00e+00	8.49e-01	5.50e-02	4.05e-02
 8.53863e+15	9.47e-01	5.28e-02	4.44e-06	0.00e+00	0.00e+00	0.00e+00	0.00e+00	0.00e+00	0.00e+00	8.52e-01	5.45e-02	4.02e-02
 8.55975e+15	9.49e-01	5.07e-02	3.98e-06	0.00e+00	0.00e+00	0.00e+00	0.00e+00	0.00e+00	0.00e+00	8.55e-01	5.42e-02	4.00e-02
 8.58104e+15	9.51e-01	4.87e-02	3.57e-06	0.00e+00	0.00e+00	0.00e+00	0.00e+00	0.00e+00	0.00e+00	8.58e-01	5.38e-02	3.98e-02
 8.60229e+15	9.53e-01	4.67e-02	3.21e-06	0.00e+00	0.00e+00	0.00e+00	0.00e+00	0.00e+00	0.00e+00	8.60e-01	5.34e-02	3.95e-02
 8.62372e+15	9.55e-01	4.49e-02	2.88e-06	0.00e+00	0.00e+00	0.00e+00	0.00e+00	0.00e+00	0.00e+00	8.63e-01	5.31e-02	3.93e-02
 8.64551e+15	9.57e-01	4.31e-02	2.58e-06	0.00e+00	0.00e+00	0.00e+00	0.00e+00	0.00e+00	0.00e+00	8.65e-01	5.27e-02	3.91e-02
 8.66737e+15	9.59e-01	4.14e-02	2.32e-06	0.00e+00	0.00e+00	0.00e+00	0.00e+00	0.00e+00	0.00e+00	8.67e-01	5.24e-02	3.89e-02
 8.68917e+15	9.60e-01	3.97e-02	2.08e-06	0.00e+00	0.00e+00	0.00e+00	0.00e+00	0.00e+00	0.00e+00	8.69e-01	5.21e-02	3.87e-02
 8.71097e+15	9.62e-01	3.82e-02	1.87e-06	0.00e+00	0.00e+00	0.00e+00	0.00e+00	0.00e+00	0.00e+00	8.72e-01	5.18e-02	3.85e-02
 8.73299e+15	9.63e-01	3.67e-02	1.67e-06	0.00e+00	0.00e+00	0.00e+00	0.00e+00	0.00e+00	0.00e+00	8.73e-01	5.15e-02	3.84e-02
 8.75518e+15	9.65e-01	3.52e-02	1.50e-06	0.00e+00	0.00e+00	0.00e+00	0.00e+00	0.00e+00	0.00e+00	8.75e-01	5.12e-02	3.82e-02
 8.77728e+15	9.66e-01	3.39e-02	1.35e-06	0.00e+00	0.00e+00	0.00e+00	0.00e+00	0.00e+00	0.00e+00	8.77e-01	5.09e-02	3.80e-02
 8.79946e+15	9.67e-01	3.25e-02	1.21e-06	0.00e+00	0.00e+00	0.00e+00	0.00e+00	0.00e+00	0.00e+00	8.79e-01	5.06e-02	3.78e-02
 8.82185e+15	9.69e-01	3.13e-02	1.08e-06	0.00e+00	0.00e+00	0.00e+00	0.00e+00	0.00e+00	0.00e+00	8.81e-01	5.03e-02	3.76e-02
 8.84424e+15	9.70e-01	3.00e-02	9.74e-07	0.00e+00	0.00e+00	0.00e+00	0.00e+00	0.00e+00	0.00e+00	8.82e-01	5.01e-02	3.75e-02
 8.86654e+15	9.71e-01	2.89e-02	8.75e-07	0.00e+00	0.00e+00	0.00e+00	0.00e+00	0.00e+00	0.00e+00	8.84e-01	4.98e-02	3.73e-02
 8.88882e+15	9.72e-01	2.78e-02	7.86e-07	0.00e+00	0.00e+00	0.00e+00	0.00e+00	0.00e+00	0.00e+00	8.86e-01	4.95e-02	3.71e-02
 8.91105e+15	9.73e-01	2.67e-02	7.07e-07	0.00e+00	0.00e+00	0.00e+00	0.00e+00	0.00e+00	0.00e+00	8.87e-01	4.93e-02	3.70e-02
 8.93319e+15	9.74e-01	2.57e-02	6.36e-07	0.00e+00	0.00e+00	0.00e+00	0.00e+00	0.00e+00	0.00e+00	8.89e-01	4.90e-02	3.68e-02
 8.95510e+15	9.75e-01	2.47e-02	5.74e-07	0.00e+00	0.00e+00	0.00e+00	0.00e+00	0.00e+00	0.00e+00	8.90e-01	4.88e-02	3.66e-02
 8.97685e+15	9.76e-01	2.37e-02	5.18e-07	0.00e+00	0.00e+00	0.00e+00	0.00e+00	0.00e+00	0.00e+00	8.91e-01	4.85e-02	3.64e-02
 8.99872e+15	9.77e-01	2.28e-02	4.67e-07	0.00e+00	0.00e+00	0.00e+00	0.00e+00	0.00e+00	0.00e+00	8.93e-01	4.83e-02	3.63e-02
 9.01958e+15	9.78e-01	2.19e-02	4.23e-07	0.00e+00	0.00e+00	0.00e+00	0.00e+00	0.00e+00	0.00e+00	8.94e-01	4.80e-02	3.61e-02
 9.03723e+15	9.79e-01	2.12e-02	3.91e-07	0.00e+00	0.00e+00	0.00e+00	0.00e+00	0.00e+00	0.00e+00	8.95e-01	4.78e-02	3.59e-02
 9.05129e+15	9.79e-01	2.06e-02	3.67e-07	0.00e+00	0.00e+00	0.00e+00	0.00e+00	0.00e+00	0.00e+00	8.96e-01	4.76e-02	3.58e-02
 9.06296e+15	9.80e-01	2.02e-02	3.49e-07	0.00e+00	0.00e+00	0.00e+00	0.00e+00	0.00e+00	0.00e+00	8.97e-01	4.75e-02	3.57e-02
 9.07394e+15	9.80e-01	1.98e-02	3.32e-07	0.00e+00	0.00e+00	0.00e+00	0.00e+00	0.00e+00	0.00e+00	8.97e-01	4.74e-02	3.56e-02
 9.08529e+15	9.81e-01	1.94e-02	3.15e-07	0.00e+00	0.00e+00	0.00e+00	0.00e+00	0.00e+00	0.00e+00	8.98e-01	4.72e-02	3.55e-02
 9.09621e+15	9.81e-01	1.90e-02	3.01e-07	0.00e+00	0.00e+00	0.00e+00	0.00e+00	0.00e+00	0.00e+00	8.99e-01	4.71e-02	3.54e-02
 9.10572e+15	9.81e-01	1.86e-02	2.88e-07	0.00e+00	0.00e+00	0.00e+00	0.00e+00	0.00e+00	0.00e+00	8.99e-01	4.69e-02	3.53e-02
 9.11387e+15	9.82e-01	1.83e-02	2.78e-07	0.00e+00	0.00e+00	0.00e+00	0.00e+00	0.00e+00	0.00e+00	9.00e-01	4.68e-02	3.52e-02
 9.12140e+15	9.82e-01	1.80e-02	2.69e-07	0.00e+00	0.00e+00	0.00e+00	0.00e+00	0.00e+00	0.00e+00	9.00e-01	4.67e-02	3.51e-02
 9.12882e+15	9.82e-01	1.77e-02	2.60e-07	0.00e+00	0.00e+00	0.00e+00	0.00e+00	0.00e+00	0.00e+00	9.01e-01	4.66e-02	3.50e-02
 9.13582e+15	9.82e-01	1.75e-02	2.53e-07	0.00e+00	0.00e+00	0.00e+00	0.00e+00	0.00e+00	0.00e+00	9.01e-01	4.65e-02	3.49e-02
 9.14199e+15	9.83e-01	1.72e-02	2.46e-07	0.00e+00	0.00e+00	0.00e+00	0.00e+00	0.00e+00	0.00e+00	9.02e-01	4.64e-02	3.48e-02
 9.14794e+15	9.83e-01	1.70e-02	2.39e-07	0.00e+00	0.00e+00	0.00e+00	0.00e+00	0.00e+00	0.00e+00	9.02e-01	4.63e-02	3.47e-02
 9.15406e+15	9.83e-01	1.68e-02	2.32e-07	0.00e+00	0.00e+00	0.00e+00	0.00e+00	0.00e+00	0.00e+00	9.02e-01	4.62e-02	3.46e-02
 9.15991e+15	9.83e-01	1.66e-02	2.27e-07	0.00e+00	0.00e+00	0.00e+00	0.00e+00	0.00e+00	0.00e+00	9.03e-01	4.61e-02	3.45e-02
 9.16514e+15	9.84e-01	1.63e-02	2.21e-07	0.00e+00	0.00e+00	0.00e+00	0.00e+00	0.00e+00	0.00e+00	9.03e-01	4.60e-02	3.45e-02
 9.16998e+15	9.84e-01	1.61e-02	2.16e-07	0.00e+00	0.00e+00	0.00e+00	0.00e+00	0.00e+00	0.00e+00	9.04e-01	4.59e-02	3.44e-02
 9.17493e+15	9.84e-01	1.59e-02	2.11e-07	0.00e+00	0.00e+00	0.00e+00	0.00e+00	0.00e+00	0.00e+00	9.04e-01	4.58e-02	3.43e-02
 9.17998e+15	9.84e-01	1.57e-02	2.07e-07	0.00e+00	0.00e+00	0.00e+00	0.00e+00	0.00e+00	0.00e+00	9.04e-01	4.57e-02	3.42e-02
 9.18502e+15	9.85e-01	1.55e-02	2.02e-07	0.00e+00	0.00e+00	0.00e+00	0.00e+00	0.00e+00	0.00e+00	9.05e-01	4.56e-02	3.41e-02
 9.19001e+15	9.85e-01	1.53e-02	1.97e-07	0.00e+00	0.00e+00	0.00e+00	0.00e+00	0.00e+00	0.00e+00	9.05e-01	4.55e-02	3.40e-02
 9.19496e+15	9.85e-01	1.50e-02	1.93e-07	0.00e+00	0.00e+00	0.00e+00	0.00e+00	0.00e+00	0.00e+00	9.06e-01	4.53e-02	3.39e-02
 9.20024e+15	9.85e-01	1.48e-02	1.88e-07	0.00e+00	0.00e+00	0.00e+00	0.00e+00	0.00e+00	0.00e+00	9.06e-01	4.52e-02	3.38e-02
 9.20596e+15	9.85e-01	1.45e-02	1.83e-07	0.00e+00	0.00e+00	0.00e+00	0.00e+00	0.00e+00	0.00e+00	9.07e-01	4.51e-02	3.37e-02
 9.21189e+15	9.86e-01	1.43e-02	1.77e-07	0.00e+00	0.00e+00	0.00e+00	0.00e+00	0.00e+00	0.00e+00	9.07e-01	4.49e-02	3.35e-02
 9.21811e+15	9.86e-01	1.39e-02	1.72e-07	0.00e+00	0.00e+00	0.00e+00	0.00e+00	0.00e+00	0.00e+00	9.08e-01	4.47e-02	3.33e-02
 9.22426e+15	9.86e-01	1.36e-02	1.67e-07	0.00e+00	0.00e+00	0.00e+00	0.00e+00	0.00e+00	0.00e+00	9.09e-01	4.45e-02	3.32e-02
 9.22985e+15	9.87e-01	1.33e-02	1.62e-07	0.00e+00	0.00e+00	0.00e+00	0.00e+00	0.00e+00	0.00e+00	9.09e-01	4.43e-02	3.30e-02
 9.23494e+15	9.87e-01	1.30e-02	1.57e-07	0.00e+00	0.00e+00	0.00e+00	0.00e+00	0.00e+00	0.00e+00	9.10e-01	4.41e-02	3.28e-02
 9.23957e+15	9.87e-01	1.28e-02	1.53e-07	0.00e+00	0.00e+00	0.00e+00	0.00e+00	0.00e+00	0.00e+00	9.11e-01	4.40e-02	3.27e-02
 9.24378e+15	9.87e-01	1.26e-02	1.50e-07	0.00e+00	0.00e+00	0.00e+00	0.00e+00	0.00e+00	0.00e+00	9.11e-01	4.38e-02	3.25e-02
 9.24762e+15	9.88e-01	1.24e-02	1.46e-07	0.00e+00	0.00e+00	0.00e+00	0.00e+00	0.00e+00	0.00e+00	9.12e-01	4.36e-02	3.24e-02
 9.25111e+15	9.88e-01	1.22e-02	1.43e-07	0.00e+00	0.00e+00	0.00e+00	0.00e+00	0.00e+00	0.00e+00	9.12e-01	4.35e-02	3.23e-02
 9.25428e+15	9.88e-01	1.20e-02	1.41e-07	0.00e+00	0.00e+00	0.00e+00	0.00e+00	0.00e+00	0.00e+00	9.13e-01	4.33e-02	3.22e-02
 9.25717e+15	9.88e-01	1.18e-02	1.38e-07	0.00e+00	0.00e+00	0.00e+00	0.00e+00	0.00e+00	0.00e+00	9.13e-01	4.32e-02	3.20e-02
 9.25980e+15	9.88e-01	1.17e-02	1.36e-07	0.00e+00	0.00e+00	0.00e+00	0.00e+00	0.00e+00	0.00e+00	9.13e-01	4.30e-02	3.19e-02
 9.26269e+15	9.88e-01	1.16e-02	1.34e-07	0.00e+00	0.00e+00	0.00e+00	0.00e+00	0.00e+00	0.00e+00	9.14e-01	4.29e-02	3.18e-02
 9.26580e+15	9.89e-01	1.14e-02	1.31e-07	0.00e+00	0.00e+00	0.00e+00	0.00e+00	0.00e+00	0.00e+00	9.14e-01	4.27e-02	3.17e-02
 9.26863e+15	9.89e-01	1.12e-02	1.28e-07	0.00e+00	0.00e+00	0.00e+00	0.00e+00	0.00e+00	0.00e+00	9.15e-01	4.26e-02	3.16e-02
 9.27120e+15	9.89e-01	1.11e-02	1.26e-07	0.00e+00	0.00e+00	0.00e+00	0.00e+00	0.00e+00	0.00e+00	9.15e-01	4.24e-02	3.15e-02
 9.27403e+15	9.89e-01	1.10e-02	1.24e-07	0.00e+00	0.00e+00	0.00e+00	0.00e+00	0.00e+00	0.00e+00	9.15e-01	4.23e-02	3.14e-02
 9.27708e+15	9.89e-01	1.08e-02	1.21e-07	0.00e+00	0.00e+00	0.00e+00	0.00e+00	0.00e+00	0.00e+00	9.16e-01	4.21e-02	3.12e-02
 9.27985e+15	9.89e-01	1.07e-02	1.19e-07	0.00e+00	0.00e+00	0.00e+00	0.00e+00	0.00e+00	0.00e+00	9.16e-01	4.20e-02	3.11e-02
 9.28289e+15	9.89e-01	1.06e-02	1.17e-07	0.00e+00	0.00e+00	0.00e+00	0.00e+00	0.00e+00	0.00e+00	9.17e-01	4.19e-02	3.10e-02
 9.28684e+15	9.90e-01	1.04e-02	1.14e-07	0.00e+00	0.00e+00	0.00e+00	0.00e+00	0.00e+00	0.00e+00	9.17e-01	4.17e-02	3.09e-02
 9.29110e+15	9.90e-01	1.02e-02	1.11e-07	0.00e+00	0.00e+00	0.00e+00	0.00e+00	0.00e+00	0.00e+00	9.18e-01	4.15e-02	3.07e-02
 9.29499e+15	9.90e-01	1.00e-02	1.08e-07	0.00e+00	0.00e+00	0.00e+00	0.00e+00	0.00e+00	0.00e+00	9.18e-01	4.14e-02	3.06e-02
 9.29852e+15	9.90e-01	9.88e-03	1.05e-07	0.00e+00	0.00e+00	0.00e+00	0.00e+00	0.00e+00	0.00e+00	9.18e-01	4.12e-02	3.05e-02
 9.30173e+15	9.90e-01	9.74e-03	1.03e-07	0.00e+00	0.00e+00	0.00e+00	0.00e+00	0.00e+00	0.00e+00	9.19e-01	4.10e-02	3.03e-02
 9.30466e+15	9.90e-01	9.61e-03	1.01e-07	0.00e+00	0.00e+00	0.00e+00	0.00e+00	0.00e+00	0.00e+00	9.19e-01	4.09e-02	3.02e-02
 9.30786e+15	9.91e-01	9.48e-03	9.83e-08	0.00e+00	0.00e+00	0.00e+00	0.00e+00	0.00e+00	0.00e+00	9.20e-01	4.08e-02	3.01e-02
 9.31132e+15	9.91e-01	9.34e-03	9.59e-08	0.00e+00	0.00e+00	0.00e+00	0.00e+00	0.00e+00	0.00e+00	9.20e-01	4.06e-02	3.00e-02
 9.31447e+15	9.91e-01	9.20e-03	9.36e-08	0.00e+00	0.00e+00	0.00e+00	0.00e+00	0.00e+00	0.00e+00	9.21e-01	4.05e-02	2.98e-02
 9.31734e+15	9.91e-01	9.08e-03	9.16e-08	0.00e+00	0.00e+00	0.00e+00	0.00e+00	0.00e+00	0.00e+00	9.21e-01	4.03e-02	2.97e-02
 9.32048e+15	9.91e-01	8.95e-03	8.94e-08	0.00e+00	0.00e+00	0.00e+00	0.00e+00	0.00e+00	0.00e+00	9.21e-01	4.02e-02	2.96e-02
 9.32387e+15	9.91e-01	8.80e-03	8.70e-08	0.00e+00	0.00e+00	0.00e+00	0.00e+00	0.00e+00	0.00e+00	9.22e-01	4.00e-02	2.94e-02
 9.32695e+15	9.91e-01	8.66e-03	8.46e-08	0.00e+00	0.00e+00	0.00e+00	0.00e+00	0.00e+00	0.00e+00	9.22e-01	3.98e-02	2.93e-02
 9.32976e+15	9.91e-01	8.53e-03	8.25e-08	0.00e+00	0.00e+00	0.00e+00	0.00e+00	0.00e+00	0.00e+00	9.23e-01	3.96e-02	2.91e-02
 9.33231e+15	9.92e-01	8.41e-03	8.05e-08	0.00e+00	0.00e+00	0.00e+00	0.00e+00	0.00e+00	0.00e+00	9.23e-01	3.95e-02	2.90e-02
 9.33464e+15	9.92e-01	8.31e-03	7.89e-08	0.00e+00	0.00e+00	0.00e+00	0.00e+00	0.00e+00	0.00e+00	9.24e-01	3.93e-02	2.88e-02
 9.33719e+15	9.92e-01	8.20e-03	7.71e-08	0.00e+00	0.00e+00	0.00e+00	0.00e+00	0.00e+00	0.00e+00	9.24e-01	3.92e-02	2.87e-02
 9.33994e+15	9.92e-01	8.08e-03	7.52e-08	0.00e+00	0.00e+00	0.00e+00	0.00e+00	0.00e+00	0.00e+00	9.24e-01	3.90e-02	2.85e-02
 9.34244e+15	9.92e-01	7.96e-03	7.34e-08	0.00e+00	0.00e+00	0.00e+00	0.00e+00	0.00e+00	0.00e+00	9.25e-01	3.88e-02	2.84e-02
 9.34471e+15	9.92e-01	7.86e-03	7.19e-08	0.00e+00	0.00e+00	0.00e+00	0.00e+00	0.00e+00	0.00e+00	9.25e-01	3.87e-02	2.83e-02
 9.34721e+15	9.92e-01	7.76e-03	7.03e-08	0.00e+00	0.00e+00	0.00e+00	0.00e+00	0.00e+00	0.00e+00	9.26e-01	3.86e-02	2.81e-02
 9.34990e+15	9.92e-01	7.65e-03	6.86e-08	0.00e+00	0.00e+00	0.00e+00	0.00e+00	0.00e+00	0.00e+00	9.26e-01	3.84e-02	2.80e-02
 9.35236e+15	9.92e-01	7.53e-03	6.69e-08	0.00e+00	0.00e+00	0.00e+00	0.00e+00	0.00e+00	0.00e+00	9.26e-01	3.82e-02	2.78e-02
 9.35459e+15	9.93e-01	7.44e-03	6.56e-08	0.00e+00	0.00e+00	0.00e+00	0.00e+00	0.00e+00	0.00e+00	9.27e-01	3.81e-02	2.77e-02
 9.35703e+15	9.93e-01	7.35e-03	6.41e-08	0.00e+00	0.00e+00	0.00e+00	0.00e+00	0.00e+00	0.00e+00	9.27e-01	3.79e-02	2.75e-02
 9.36021e+15	9.93e-01	7.21e-03	6.22e-08	0.00e+00	0.00e+00	0.00e+00	0.00e+00	0.00e+00	0.00e+00	9.28e-01	3.77e-02	2.73e-02
 9.36364e+15	9.93e-01	7.07e-03	6.02e-08	0.00e+00	0.00e+00	0.00e+00	0.00e+00	0.00e+00	0.00e+00	9.28e-01	3.75e-02	2.71e-02
 9.36676e+15	9.93e-01	6.93e-03	5.83e-08	0.00e+00	0.00e+00	0.00e+00	0.00e+00	0.00e+00	0.00e+00	9.29e-01	3.72e-02	2.69e-02
 9.36960e+15	9.93e-01	6.77e-03	5.63e-08	0.00e+00	0.00e+00	0.00e+00	0.00e+00	0.00e+00	0.00e+00	9.30e-01	3.70e-02	2.67e-02
