#depth	H	H+	H2
 3.24922e+11	1.56e-03	9.98e-01	1.09e-11
 1.94953e+12	1.55e-03	9.98e-01	1.10e-11
 8.44796e+12	1.56e-03	9.98e-01	1.10e-11
 3.44417e+13	1.58e-03	9.98e-01	1.17e-11
 8.22702e+13	1.58e-03	9.98e-01	1.24e-11
 1.44447e+14	1.60e-03	9.98e-01	1.36e-11
 2.25277e+14	1.66e-03	9.98e-01	1.55e-11
 3.30356e+14	1.75e-03	9.98e-01	1.83e-11
 4.45157e+14	1.85e-03	9.98e-01	2.16e-11
 5.53814e+14	1.98e-03	9.98e-01	2.55e-11
 6.76286e+14	2.16e-03	9.98e-01	3.14e-11
 8.06701e+14	2.35e-03	9.98e-01	3.88e-11
 9.28724e+14	2.57e-03	9.97e-01	4.79e-11
 1.06864e+15	2.85e-03	9.97e-01	6.21e-11
 1.22137e+15	3.17e-03	9.97e-01	8.20e-11
 1.36274e+15	3.48e-03	9.97e-01	1.06e-10
 1.50965e+15	3.84e-03	9.96e-01	1.40e-10
 1.63762e+15	4.13e-03	9.96e-01	1.76e-10
 1.72686e+15	4.35e-03	9.96e-01	2.08e-10
 1.81989e+15	4.60e-03	9.95e-01	2.48e-10
 1.94082e+15	4.94e-03	9.95e-01	3.11e-10
 2.06598e+15	5.27e-03	9.95e-01	3.90e-10
 2.17203e+15	5.57e-03	9.94e-01	4.72e-10
 2.28529e+15	5.91e-03	9.94e-01	5.78e-10
 2.40977e+15	6.27e-03	9.94e-01	7.17e-10
 2.52461e+15	6.62e-03	9.93e-01	8.71e-10
 2.64970e+15	7.01e-03	9.93e-01	1.07e-09
 2.78311e+15	7.44e-03	9.93e-01	1.33e-09
 2.89930e+15	7.82e-03	9.92e-01	1.61e-09
 3.00556e+15	8.17e-03	9.92e-01	1.87e-09
 3.12694e+15	8.60e-03	9.91e-01	2.24e-09
 3.25777e+15	9.06e-03	9.91e-01	2.66e-09
 3.37308e+15	9.49e-03	9.91e-01	3.10e-09
 3.47769e+15	9.90e-03	9.90e-01	3.55e-09
 3.59622e+15	1.04e-02	9.90e-01	3.99e-09
 3.72376e+15	1.09e-02	9.89e-01	4.63e-09
 3.83539e+15	1.14e-02	9.89e-01	5.17e-09
 3.93533e+15	1.19e-02	9.88e-01	5.66e-09
 4.04049e+15	1.24e-02	9.88e-01	6.12e-09
 4.15305e+15	1.30e-02	9.87e-01	6.68e-09
 4.26092e+15	1.36e-02	9.86e-01	7.06e-09
 4.36223e+15	1.42e-02	9.86e-01	7.42e-09
 4.47649e+15	1.49e-02	9.85e-01	7.62e-09
 4.59758e+15	1.58e-02	9.84e-01	7.97e-09
 4.70061e+15	1.65e-02	9.83e-01	8.05e-09
 4.79273e+15	1.73e-02	9.83e-01	8.07e-09
 4.89761e+15	1.82e-02	9.82e-01	7.85e-09
 5.01343e+15	1.94e-02	9.81e-01	7.66e-09
 5.11906e+15	2.07e-02	9.79e-01	7.48e-09
 5.21572e+15	2.19e-02	9.78e-01	7.28e-09
 5.32512e+15	2.35e-02	9.77e-01	6.79e-09
 5.44769e+15	2.56e-02	9.74e-01	6.49e-09
 5.56361e+15	2.79e-02	9.72e-01	6.31e-09
 5.69051e+15	3.08e-02	9.69e-01	5.94e-09
 5.85549e+15	3.52e-02	9.65e-01	5.62e-09
 6.02261e+15	4.15e-02	9.59e-01	5.82e-09
 6.14967e+15	4.77e-02	9.52e-01	6.23e-09
 6.25097e+15	5.34e-02	9.47e-01	6.57e-09
 6.36163e+15	6.01e-02	9.40e-01	6.81e-09
 6.50550e+15	7.05e-02	9.29e-01	7.20e-09
 6.64726e+15	8.61e-02	9.14e-01	8.27e-09
 6.74969e+15	1.01e-01	8.99e-01	9.45e-09
 6.82523e+15	1.15e-01	8.85e-01	1.05e-08
 6.89330e+15	1.28e-01	8.72e-01	1.14e-08
 6.97097e+15	1.45e-01	8.55e-01	1.24e-08
 7.06620e+15	1.70e-01	8.30e-01	1.39e-08
 7.16095e+15	2.05e-01	7.95e-01	1.64e-08
 7.23180e+15	2.39e-01	7.61e-01	1.92e-08
 7.27972e+15	2.66e-01	7.34e-01	2.14e-08
 7.31851e+15	2.88e-01	7.12e-01	2.31e-08
 7.36234e+15	3.13e-01	6.87e-01	2.49e-08
 7.41480e+15	3.47e-01	6.53e-01	2.75e-08
 7.46470e+15	3.84e-01	6.16e-01	3.08e-08
 7.50260e+15	4.15e-01	5.85e-01	3.38e-08
 7.53128e+15	4.38e-01	5.62e-01	3.61e-08
 7.55777e+15	4.59e-01	5.41e-01	3.80e-08
 7.58612e+15	4.82e-01	5.18e-01	4.04e-08
 7.61549e+15	5.07e-01	4.93e-01	4.30e-08
 7.64331e+15	5.31e-01	4.69e-01	4.56e-08
 7.66407e+15	5.48e-01	4.52e-01	4.79e-08
 7.67688e+15	5.59e-01	4.41e-01	4.93e-08
 7.68856e+15	5.69e-01	4.31e-01	5.04e-08
 7.70304e+15	5.80e-01	4.20e-01	5.15e-08
 7.72015e+15	5.94e-01	4.06e-01	5.32e-08
 7.73709e+15	6.08e-01	3.92e-01	5.50e-08
 7.75231e+15	6.20e-01	3.80e-01	5.65e-08
 7.76687e+15	6.31e-01	3.69e-01	5.80e-08
 7.78185e+15	6.43e-01	3.57e-01	5.95e-08
 7.79741e+15	6.54e-01	3.46e-01	6.10e-08
 7.81320e+15	6.66e-01	3.34e-01	6.26e-08
 7.82880e+15	6.77e-01	3.23e-01	6.42e-08
 7.84422e+15	6.88e-01	3.12e-01	6.57e-08
 7.85975e+15	6.99e-01	3.01e-01	6.73e-08
 7.87544e+15	7.10e-01	2.90e-01	6.90e-08
 7.89120e+15	7.20e-01	2.80e-01	7.06e-08
 7.90700e+15	7.30e-01	2.70e-01	7.22e-08
 7.92291e+15	7.40e-01	2.60e-01	7.38e-08
 7.93898e+15	7.50e-01	2.50e-01	7.54e-08
 7.95519e+15	7.59e-01	2.41e-01	7.70e-08
 7.97152e+15	7.69e-01	2.31e-01	7.85e-08
 7.98798e+15	7.78e-01	2.22e-01	8.03e-08
 8.00454e+15	7.86e-01	2.14e-01	8.19e-08
 8.02123e+15	7.94e-01	2.06e-01	8.36e-08
 8.03819e+15	8.03e-01	1.97e-01	8.52e-08
 8.05537e+15	8.11e-01	1.89e-01	8.68e-08
 8.07272e+15	8.18e-01	1.82e-01	8.84e-08
 8.09027e+15	8.26e-01	1.74e-01	9.02e-08
 8.10796e+15	8.33e-01	1.67e-01	9.21e-08
 8.12578e+15	8.40e-01	1.60e-01	9.35e-08
 8.14400e+15	8.46e-01	1.54e-01	9.54e-08
 8.16262e+15	8.53e-01	1.47e-01	9.74e-08
 8.18124e+15	8.59e-01	1.41e-01	9.93e-08
 8.19986e+15	8.65e-01	1.35e-01	1.01e-07
 8.21863e+15	8.71e-01	1.29e-01	1.03e-07
 8.23759e+15	8.76e-01	1.24e-01	1.05e-07
 8.25688e+15	8.81e-01	1.19e-01	1.07e-07
 8.27622e+15	8.86e-01	1.14e-01	1.09e-07
 8.29537e+15	8.91e-01	1.09e-01	1.12e-07
 8.31480e+15	8.96e-01	1.04e-01	1.14e-07
 8.33466e+15	9.00e-01	1.00e-01	1.16e-07
 8.35460e+15	9.04e-01	9.59e-02	1.19e-07
 8.37447e+15	9.08e-01	9.19e-02	1.21e-07
 8.39441e+15	9.12e-01	8.82e-02	1.24e-07
 8.41452e+15	9.15e-01	8.46e-02	1.27e-07
 8.43490e+15	9.19e-01	8.12e-02	1.29e-07
 8.45545e+15	9.22e-01	7.79e-02	1.32e-07
 8.47596e+15	9.25e-01	7.47e-02	1.36e-07
 8.49669e+15	9.28e-01	7.17e-02	1.39e-07
 8.51766e+15	9.31e-01	6.88e-02	1.42e-07
 8.53863e+15	9.34e-01	6.60e-02	1.47e-07
 8.55975e+15	9.37e-01	6.35e-02	1.50e-07
 8.58104e+15	9.39e-01	6.09e-02	1.55e-07
 8.60229e+15	9.41e-01	5.85e-02	1.60e-07
 8.62372e+15	9.44e-01	5.63e-02	1.65e-07
 8.64551e+15	9.46e-01	5.40e-02	1.70e-07
 8.66737e+15	9.48e-01	5.19e-02	1.76e-07
 8.68917e+15	9.50e-01	4.99e-02	1.82e-07
 8.71097e+15	9.52e-01	4.80e-02	1.90e-07
 8.73299e+15	9.54e-01	4.61e-02	1.96e-07
 8.75518e+15	9.56e-01	4.43e-02	2.05e-07
 8.77728e+15	9.57e-01	4.26e-02	2.15e-07
 8.79946e+15	9.59e-01	4.10e-02	2.25e-07
 8.82185e+15	9.61e-01	3.94e-02	2.37e-07
 8.84424e+15	9.62e-01	3.79e-02	2.51e-07
 8.86654e+15	9.64e-01	3.65e-02	2.67e-07
 8.88882e+15	9.65e-01	3.51e-02	2.86e-07
 8.91105e+15	9.66e-01	3.37e-02	3.08e-07
 8.93319e+15	9.68e-01	3.24e-02	3.34e-07
 8.95510e+15	9.69e-01	3.12e-02	3.65e-07
 8.97685e+15	9.70e-01	3.00e-02	4.05e-07
 8.99872e+15	9.71e-01	2.89e-02	4.55e-07
 9.01958e+15	9.72e-01	2.77e-02	5.22e-07
 9.03723e+15	9.73e-01	2.69e-02	5.95e-07
 9.05129e+15	9.74e-01	2.62e-02	6.74e-07
 9.06296e+15	9.74e-01	2.57e-02	7.46e-07
 9.07394e+15	9.75e-01	2.52e-02	8.26e-07
 9.08529e+15	9.75e-01	2.47e-02	9.30e-07
 9.09621e+15	9.76e-01	2.42e-02	1.05e-06
 9.10572e+15	9.76e-01	2.37e-02	1.19e-06
 9.11387e+15	9.77e-01	2.34e-02	1.33e-06
 9.12140e+15	9.77e-01	2.31e-02	1.48e-06
 9.12882e+15	9.77e-01	2.27e-02	1.66e-06
 9.13582e+15	9.78e-01	2.24e-02	1.88e-06
 9.14199e+15	9.78e-01	2.21e-02	2.07e-06
 9.14794e+15	9.78e-01	2.18e-02	2.30e-06
 9.15406e+15	9.78e-01	2.15e-02	2.58e-06
 9.15991e+15	9.79e-01	2.13e-02	2.92e-06
 9.16514e+15	9.79e-01	2.10e-02	3.25e-06
 9.16998e+15	9.79e-01	2.07e-02	3.59e-06
 9.17493e+15	9.80e-01	2.05e-02	3.99e-06
 9.17998e+15	9.80e-01	2.03e-02	4.44e-06
 9.18502e+15	9.80e-01	2.00e-02	4.94e-06
 9.19001e+15	9.80e-01	1.97e-02	5.49e-06
 9.19496e+15	9.81e-01	1.94e-02	6.02e-06
 9.20024e+15	9.81e-01	1.92e-02	6.66e-06
 9.20596e+15	9.81e-01	1.89e-02	7.37e-06
 9.21189e+15	9.81e-01	1.85e-02	8.09e-06
 9.21811e+15	9.82e-01	1.81e-02	8.79e-06
 9.22426e+15	9.82e-01	1.78e-02	9.35e-06
 9.22985e+15	9.83e-01	1.74e-02	9.76e-06
 9.23494e+15	9.83e-01	1.71e-02	1.00e-05
 9.23957e+15	9.83e-01	1.68e-02	1.02e-05
 9.24378e+15	9.83e-01	1.65e-02	1.04e-05
 9.24762e+15	9.84e-01	1.63e-02	1.05e-05
 9.25111e+15	9.84e-01	1.61e-02	1.05e-05
 9.25428e+15	9.84e-01	1.59e-02	1.06e-05
 9.25717e+15	9.84e-01	1.57e-02	1.06e-05
 9.25980e+15	9.84e-01	1.56e-02	1.07e-05
 9.26269e+15	9.85e-01	1.54e-02	1.07e-05
 9.26580e+15	9.85e-01	1.52e-02	1.08e-05
 9.26863e+15	9.85e-01	1.50e-02	1.08e-05
 9.27120e+15	9.85e-01	1.49e-02	1.09e-05
 9.27403e+15	9.85e-01	1.47e-02	1.09e-05
 9.27708e+15	9.85e-01	1.45e-02	1.10e-05
 9.27985e+15	9.86e-01	1.44e-02	1.10e-05
 9.28289e+15	9.86e-01	1.42e-02	1.11e-05
 9.28684e+15	9.86e-01	1.40e-02	1.11e-05
 9.29110e+15	9.86e-01	1.38e-02	1.12e-05
 9.29499e+15	9.86e-01	1.36e-02	1.13e-05
 9.29852e+15	9.87e-01	1.34e-02	1.14e-05
 9.30173e+15	9.87e-01	1.33e-02	1.15e-05
 9.30466e+15	9.87e-01	1.31e-02	1.15e-05
 9.30786e+15	9.87e-01	1.30e-02	1.16e-05
 9.31132e+15	9.87e-01	1.28e-02	1.17e-05
 9.31447e+15	9.87e-01	1.26e-02	1.18e-05
 9.31734e+15	9.87e-01	1.25e-02	1.19e-05
 9.32048e+15	9.88e-01	1.24e-02	1.20e-05
 9.32387e+15	9.88e-01	1.22e-02	1.22e-05
 9.32695e+15	9.88e-01	1.20e-02	1.23e-05
 9.32976e+15	9.88e-01	1.19e-02	1.25e-05
 9.33231e+15	9.88e-01	1.17e-02	1.26e-05
 9.33464e+15	9.88e-01	1.16e-02	1.27e-05
 9.33719e+15	9.88e-01	1.15e-02	1.29e-05
 9.33994e+15	9.89e-01	1.14e-02	1.30e-05
 9.34244e+15	9.89e-01	1.12e-02	1.32e-05
 9.34471e+15	9.89e-01	1.11e-02	1.33e-05
 9.34721e+15	9.89e-01	1.10e-02	1.35e-05
 9.34990e+15	9.89e-01	1.09e-02	1.36e-05
 9.35236e+15	9.89e-01	1.07e-02	1.38e-05
 9.35459e+15	9.89e-01	1.06e-02	1.40e-05
 9.35703e+15	9.89e-01	1.05e-02	1.41e-05
 9.36021e+15	9.90e-01	1.04e-02	1.43e-05
 9.36364e+15	9.90e-01	1.02e-02	1.46e-05
 9.36676e+15	9.90e-01	1.01e-02	1.48e-05
 9.36960e+15	9.90e-01	9.85e-03	1.51e-05
