#depth	He	He+	He+2
 3.24922e+11	5.33e-04	4.38e-01	5.62e-01
 1.94953e+12	5.32e-04	4.38e-01	5.62e-01
 8.44796e+12	5.37e-04	4.41e-01	5.59e-01
 3.44417e+13	5.64e-04	4.55e-01	5.44e-01
 8.22702e+13	5.99e-04	4.75e-01	5.24e-01
 1.44447e+14	6.52e-04	5.05e-01	4.94e-01
 2.25277e+14	7.30e-04	5.48e-01	4.51e-01
 3.30356e+14	8.42e-04	6.06e-01	3.93e-01
 4.45157e+14	9.66e-04	6.68e-01	3.31e-01
 5.53814e+14	1.09e-03	7.26e-01	2.73e-01
 6.76286e+14	1.26e-03	7.88e-01	2.11e-01
 8.06701e+14	1.42e-03	8.42e-01	1.57e-01
 9.28724e+14	1.58e-03	8.83e-01	1.15e-01
 1.06864e+15	1.78e-03	9.20e-01	7.82e-02
 1.22137e+15	1.99e-03	9.47e-01	5.08e-02
 1.36274e+15	2.20e-03	9.64e-01	3.38e-02
 1.50965e+15	2.44e-03	9.76e-01	2.18e-02
 1.63762e+15	2.64e-03	9.82e-01	1.52e-02
 1.72686e+15	2.79e-03	9.85e-01	1.18e-02
 1.81989e+15	2.97e-03	9.88e-01	8.91e-03
 1.94082e+15	3.22e-03	9.91e-01	6.24e-03
 2.06598e+15	3.48e-03	9.92e-01	4.39e-03
 2.17203e+15	3.71e-03	9.93e-01	3.27e-03
 2.28529e+15	3.99e-03	9.94e-01	2.38e-03
 2.40977e+15	4.31e-03	9.94e-01	1.69e-03
 2.52461e+15	4.63e-03	9.94e-01	1.25e-03
 2.64970e+15	5.02e-03	9.94e-01	8.93e-04
 2.78311e+15	5.45e-03	9.94e-01	6.35e-04
 2.89930e+15	5.86e-03	9.94e-01	4.75e-04
 3.00556e+15	6.26e-03	9.93e-01	3.64e-04
 3.12694e+15	6.76e-03	9.93e-01	2.69e-04
 3.25777e+15	7.34e-03	9.92e-01	1.98e-04
 3.37308e+15	7.90e-03	9.92e-01	1.51e-04
 3.47769e+15	8.45e-03	9.91e-01	1.19e-04
 3.59622e+15	9.13e-03	9.91e-01	9.09e-05
 3.72376e+15	9.92e-03	9.90e-01	6.88e-05
 3.83539e+15	1.07e-02	9.89e-01	5.44e-05
 3.93533e+15	1.14e-02	9.89e-01	4.42e-05
 4.04049e+15	1.22e-02	9.88e-01	3.56e-05
 4.15305e+15	1.32e-02	9.87e-01	2.84e-05
 4.26092e+15	1.42e-02	9.86e-01	2.31e-05
 4.36223e+15	1.52e-02	9.85e-01	1.91e-05
 4.47649e+15	1.65e-02	9.83e-01	1.54e-05
 4.59758e+15	1.80e-02	9.82e-01	1.25e-05
 4.70061e+15	1.94e-02	9.81e-01	1.05e-05
 4.79273e+15	2.08e-02	9.79e-01	8.98e-06
 4.89761e+15	2.25e-02	9.77e-01	7.56e-06
 5.01343e+15	2.46e-02	9.75e-01	6.33e-06
 5.11906e+15	2.67e-02	9.73e-01	5.42e-06
 5.21572e+15	2.89e-02	9.71e-01	4.72e-06
 5.32512e+15	3.16e-02	9.68e-01	4.05e-06
 5.44769e+15	3.50e-02	9.65e-01	3.45e-06
 5.56361e+15	3.87e-02	9.61e-01	2.99e-06
 5.69051e+15	4.32e-02	9.57e-01	2.57e-06
 5.85549e+15	4.99e-02	9.50e-01	2.14e-06
 6.02261e+15	5.80e-02	9.42e-01	1.82e-06
 6.14967e+15	6.54e-02	9.35e-01	1.62e-06
 6.25097e+15	7.21e-02	9.28e-01	1.48e-06
 6.36163e+15	7.99e-02	9.20e-01	1.35e-06
 6.50550e+15	9.13e-02	9.09e-01	1.21e-06
 6.64726e+15	1.05e-01	8.95e-01	1.10e-06
 6.74969e+15	1.16e-01	8.84e-01	1.04e-06
 6.82523e+15	1.26e-01	8.74e-01	9.95e-07
 6.89330e+15	1.35e-01	8.65e-01	9.59e-07
 6.97097e+15	1.47e-01	8.53e-01	9.22e-07
 7.06620e+15	1.63e-01	8.37e-01	8.83e-07
 7.16095e+15	1.81e-01	8.19e-01	8.57e-07
 7.23180e+15	1.97e-01	8.03e-01	8.45e-07
 7.27972e+15	2.09e-01	7.91e-01	8.39e-07
 7.31851e+15	2.20e-01	7.80e-01	8.33e-07
 7.36234e+15	2.32e-01	7.68e-01	8.28e-07
 7.41480e+15	2.48e-01	7.52e-01	8.25e-07
 7.46470e+15	2.64e-01	7.36e-01	8.28e-07
 7.50260e+15	2.77e-01	7.23e-01	8.33e-07
 7.53128e+15	2.87e-01	7.13e-01	8.38e-07
 7.55777e+15	2.97e-01	7.03e-01	8.42e-07
 7.58612e+15	3.09e-01	6.91e-01	8.46e-07
 7.61549e+15	3.21e-01	6.79e-01	8.51e-07
 7.64331e+15	3.32e-01	6.68e-01	8.59e-07
 7.66407e+15	3.41e-01	6.59e-01	8.70e-07
 7.67688e+15	3.46e-01	6.54e-01	8.74e-07
 7.68856e+15	3.52e-01	6.48e-01	8.77e-07
 7.70304e+15	3.58e-01	6.42e-01	8.81e-07
 7.72015e+15	3.66e-01	6.34e-01	8.86e-07
 7.73709e+15	3.74e-01	6.26e-01	8.92e-07
 7.75231e+15	3.80e-01	6.20e-01	9.00e-07
 7.76687e+15	3.88e-01	6.12e-01	9.05e-07
 7.78185e+15	3.95e-01	6.05e-01	9.11e-07
 7.79741e+15	4.02e-01	5.98e-01	9.18e-07
 7.81320e+15	4.10e-01	5.90e-01	9.24e-07
 7.82880e+15	4.17e-01	5.83e-01	9.31e-07
 7.84422e+15	4.25e-01	5.75e-01	9.39e-07
 7.85975e+15	4.33e-01	5.67e-01	9.45e-07
 7.87544e+15	4.41e-01	5.59e-01	9.52e-07
 7.89120e+15	4.49e-01	5.51e-01	9.59e-07
 7.90700e+15	4.57e-01	5.43e-01	9.66e-07
 7.92291e+15	4.65e-01	5.35e-01	9.73e-07
 7.93898e+15	4.73e-01	5.27e-01	9.80e-07
 7.95519e+15	4.82e-01	5.18e-01	9.87e-07
 7.97152e+15	4.90e-01	5.10e-01	9.94e-07
 7.98798e+15	4.99e-01	5.01e-01	9.99e-07
 8.00454e+15	5.08e-01	4.92e-01	1.01e-06
 8.02123e+15	5.16e-01	4.84e-01	1.01e-06
 8.03819e+15	5.25e-01	4.75e-01	1.02e-06
 8.05537e+15	5.35e-01	4.65e-01	1.02e-06
 8.07272e+15	5.44e-01	4.56e-01	1.03e-06
 8.09027e+15	5.53e-01	4.47e-01	1.03e-06
 8.10796e+15	5.63e-01	4.37e-01	1.03e-06
 8.12578e+15	5.72e-01	4.28e-01	1.04e-06
 8.14400e+15	5.82e-01	4.18e-01	1.04e-06
 8.16262e+15	5.92e-01	4.08e-01	1.04e-06
 8.18124e+15	6.01e-01	3.99e-01	1.04e-06
 8.19986e+15	6.11e-01	3.89e-01	1.04e-06
 8.21863e+15	6.21e-01	3.79e-01	1.04e-06
 8.23759e+15	6.31e-01	3.69e-01	1.04e-06
 8.25688e+15	6.40e-01	3.60e-01	1.04e-06
 8.27622e+15	6.50e-01	3.50e-01	1.04e-06
 8.29537e+15	6.59e-01	3.41e-01	1.04e-06
 8.31480e+15	6.69e-01	3.31e-01	1.03e-06
 8.33466e+15	6.78e-01	3.22e-01	1.03e-06
 8.35460e+15	6.88e-01	3.12e-01	1.02e-06
 8.37447e+15	6.97e-01	3.03e-01	1.02e-06
 8.39441e+15	7.06e-01	2.94e-01	1.01e-06
 8.41452e+15	7.15e-01	2.85e-01	1.00e-06
 8.43490e+15	7.24e-01	2.76e-01	1.00e-06
 8.45545e+15	7.33e-01	2.67e-01	9.92e-07
 8.47596e+15	7.41e-01	2.59e-01	9.82e-07
 8.49669e+15	7.50e-01	2.50e-01	9.74e-07
 8.51766e+15	7.58e-01	2.42e-01	9.66e-07
 8.53863e+15	7.66e-01	2.34e-01	9.54e-07
 8.55975e+15	7.74e-01	2.26e-01	9.46e-07
 8.58104e+15	7.82e-01	2.18e-01	9.36e-07
 8.60229e+15	7.90e-01	2.10e-01	9.24e-07
 8.62372e+15	7.97e-01	2.03e-01	9.13e-07
 8.64551e+15	8.04e-01	1.96e-01	9.01e-07
 8.66737e+15	8.12e-01	1.88e-01	8.90e-07
 8.68917e+15	8.18e-01	1.82e-01	8.78e-07
 8.71097e+15	8.25e-01	1.75e-01	8.65e-07
 8.73299e+15	8.32e-01	1.68e-01	8.53e-07
 8.75518e+15	8.38e-01	1.62e-01	8.40e-07
 8.77728e+15	8.44e-01	1.56e-01	8.26e-07
 8.79946e+15	8.50e-01	1.50e-01	8.12e-07
 8.82185e+15	8.56e-01	1.44e-01	7.98e-07
 8.84424e+15	8.62e-01	1.38e-01	7.84e-07
 8.86654e+15	8.67e-01	1.33e-01	7.69e-07
 8.88882e+15	8.72e-01	1.28e-01	7.55e-07
 8.91105e+15	8.78e-01	1.22e-01	7.40e-07
 8.93319e+15	8.82e-01	1.18e-01	7.26e-07
 8.95510e+15	8.87e-01	1.13e-01	7.11e-07
 8.97685e+15	8.92e-01	1.08e-01	6.94e-07
 8.99872e+15	8.96e-01	1.04e-01	6.78e-07
 9.01958e+15	9.00e-01	9.99e-02	6.63e-07
 9.03723e+15	9.03e-01	9.67e-02	6.50e-07
 9.05129e+15	9.06e-01	9.41e-02	6.37e-07
 9.06296e+15	9.08e-01	9.19e-02	6.27e-07
 9.07394e+15	9.10e-01	8.98e-02	6.16e-07
 9.08529e+15	9.12e-01	8.76e-02	6.04e-07
 9.09621e+15	9.14e-01	8.57e-02	5.94e-07
 9.10572e+15	9.16e-01	8.40e-02	5.85e-07
 9.11387e+15	9.17e-01	8.27e-02	5.78e-07
 9.12140e+15	9.19e-01	8.13e-02	5.70e-07
 9.12882e+15	9.20e-01	8.00e-02	5.61e-07
 9.13582e+15	9.21e-01	7.89e-02	5.55e-07
 9.14199e+15	9.22e-01	7.78e-02	5.47e-07
 9.14794e+15	9.23e-01	7.67e-02	5.40e-07
 9.15406e+15	9.24e-01	7.56e-02	5.33e-07
 9.15991e+15	9.25e-01	7.48e-02	5.28e-07
 9.16514e+15	9.26e-01	7.38e-02	5.20e-07
 9.16998e+15	9.27e-01	7.29e-02	5.14e-07
 9.17493e+15	9.28e-01	7.21e-02	5.07e-07
 9.17998e+15	9.29e-01	7.14e-02	5.03e-07
 9.18502e+15	9.30e-01	7.04e-02	4.95e-07
 9.19001e+15	9.30e-01	6.95e-02	4.88e-07
 9.19496e+15	9.31e-01	6.87e-02	4.81e-07
 9.20024e+15	9.32e-01	6.78e-02	4.75e-07
 9.20596e+15	9.33e-01	6.69e-02	4.67e-07
 9.21189e+15	9.34e-01	6.59e-02	4.58e-07
 9.21811e+15	9.35e-01	6.48e-02	4.48e-07
 9.22426e+15	9.36e-01	6.38e-02	4.40e-07
 9.22985e+15	9.37e-01	6.28e-02	4.31e-07
 9.23494e+15	9.38e-01	6.19e-02	4.23e-07
 9.23957e+15	9.39e-01	6.11e-02	4.15e-07
 9.24378e+15	9.40e-01	6.03e-02	4.08e-07
 9.24762e+15	9.40e-01	5.96e-02	4.02e-07
 9.25111e+15	9.41e-01	5.90e-02	3.96e-07
 9.25428e+15	9.42e-01	5.84e-02	3.91e-07
 9.25717e+15	9.42e-01	5.79e-02	3.85e-07
 9.25980e+15	9.43e-01	5.74e-02	3.81e-07
 9.26269e+15	9.43e-01	5.69e-02	3.77e-07
 9.26580e+15	9.44e-01	5.63e-02	3.71e-07
 9.26863e+15	9.44e-01	5.58e-02	3.66e-07
 9.27120e+15	9.45e-01	5.53e-02	3.62e-07
 9.27403e+15	9.45e-01	5.48e-02	3.57e-07
 9.27708e+15	9.46e-01	5.43e-02	3.52e-07
 9.27985e+15	9.46e-01	5.38e-02	3.48e-07
 9.28289e+15	9.47e-01	5.33e-02	3.44e-07
 9.28684e+15	9.47e-01	5.26e-02	3.39e-07
 9.29110e+15	9.48e-01	5.19e-02	3.33e-07
 9.29499e+15	9.49e-01	5.13e-02	3.28e-07
 9.29852e+15	9.49e-01	5.07e-02	3.23e-07
 9.30173e+15	9.50e-01	5.02e-02	3.19e-07
 9.30466e+15	9.50e-01	4.97e-02	3.15e-07
 9.30786e+15	9.51e-01	4.92e-02	3.11e-07
 9.31132e+15	9.51e-01	4.87e-02	3.07e-07
 9.31447e+15	9.52e-01	4.82e-02	3.02e-07
 9.31734e+15	9.52e-01	4.77e-02	2.98e-07
 9.32048e+15	9.53e-01	4.72e-02	2.95e-07
 9.32387e+15	9.53e-01	4.67e-02	2.90e-07
 9.32695e+15	9.54e-01	4.62e-02	2.86e-07
 9.32976e+15	9.54e-01	4.57e-02	2.82e-07
 9.33231e+15	9.55e-01	4.52e-02	2.78e-07
 9.33464e+15	9.55e-01	4.49e-02	2.75e-07
 9.33719e+15	9.56e-01	4.45e-02	2.71e-07
 9.33994e+15	9.56e-01	4.40e-02	2.68e-07
 9.34244e+15	9.56e-01	4.36e-02	2.64e-07
 9.34471e+15	9.57e-01	4.32e-02	2.61e-07
 9.34721e+15	9.57e-01	4.28e-02	2.58e-07
 9.34990e+15	9.58e-01	4.24e-02	2.54e-07
 9.35236e+15	9.58e-01	4.20e-02	2.51e-07
 9.35459e+15	9.58e-01	4.16e-02	2.48e-07
 9.35703e+15	9.59e-01	4.13e-02	2.45e-07
 9.36021e+15	9.59e-01	4.08e-02	2.41e-07
 9.36364e+15	9.60e-01	4.03e-02	2.37e-07
 9.36676e+15	9.60e-01	3.98e-02	2.34e-07
 9.36960e+15	9.61e-01	3.95e-02	2.31e-07
