#depth	H	H+	H2
 7.58790e+11	1.32e-03	9.99e-01	1.15e-12
 4.55274e+12	1.32e-03	9.99e-01	1.16e-12
 1.97285e+13	1.32e-03	9.99e-01	1.16e-12
 8.04317e+13	1.33e-03	9.99e-01	1.19e-12
 1.92126e+14	1.31e-03	9.99e-01	1.22e-12
 3.37328e+14	1.31e-03	9.99e-01	1.27e-12
 5.26090e+14	1.31e-03	9.99e-01	1.34e-12
 7.71481e+14	1.33e-03	9.99e-01	1.45e-12
 1.09049e+15	1.37e-03	9.99e-01	1.61e-12
 1.45035e+15	1.40e-03	9.99e-01	1.80e-12
 1.79454e+15	1.44e-03	9.99e-01	2.00e-12
 2.12212e+15	1.50e-03	9.98e-01	2.22e-12
 2.49689e+15	1.59e-03	9.98e-01	2.53e-12
 2.92023e+15	1.68e-03	9.98e-01	2.92e-12
 3.40670e+15	1.81e-03	9.98e-01	3.46e-12
 4.03910e+15	2.01e-03	9.98e-01	4.31e-12
 4.72500e+15	2.23e-03	9.98e-01	5.40e-12
 5.35808e+15	2.46e-03	9.98e-01	6.60e-12
 6.05869e+15	2.76e-03	9.97e-01	8.19e-12
 6.81551e+15	3.10e-03	9.97e-01	1.02e-11
 7.51267e+15	3.45e-03	9.97e-01	1.23e-11
 8.03956e+15	3.71e-03	9.96e-01	1.41e-11
 8.38905e+15	3.90e-03	9.96e-01	1.54e-11
 8.75461e+15	4.12e-03	9.96e-01	1.68e-11
 9.22983e+15	4.42e-03	9.96e-01	1.87e-11
 9.72487e+15	4.74e-03	9.95e-01	2.09e-11
 1.01429e+16	5.02e-03	9.95e-01	2.29e-11
 1.05836e+16	5.34e-03	9.95e-01	2.49e-11
 1.10636e+16	5.70e-03	9.94e-01	2.74e-11
 1.14964e+16	6.04e-03	9.94e-01	2.98e-11
 1.18985e+16	6.37e-03	9.94e-01	3.21e-11
 1.23590e+16	6.78e-03	9.93e-01	3.45e-11
 1.28527e+16	7.24e-03	9.93e-01	3.76e-11
 1.32865e+16	7.67e-03	9.92e-01	4.05e-11
 1.36872e+16	8.10e-03	9.92e-01	4.31e-11
 1.41480e+16	8.62e-03	9.91e-01	4.59e-11
 1.46460e+16	9.21e-03	9.91e-01	4.95e-11
 1.50860e+16	9.80e-03	9.90e-01	5.32e-11
 1.54817e+16	1.04e-02	9.90e-01	5.63e-11
 1.59263e+16	1.10e-02	9.89e-01	5.93e-11
 1.64078e+16	1.18e-02	9.88e-01	6.35e-11
 1.68299e+16	1.26e-02	9.87e-01	6.78e-11
 1.72033e+16	1.33e-02	9.87e-01	7.13e-11
 1.76207e+16	1.42e-02	9.86e-01	7.44e-11
 1.80784e+16	1.53e-02	9.85e-01	7.93e-11
 1.84836e+16	1.64e-02	9.84e-01	8.43e-11
 1.88386e+16	1.74e-02	9.83e-01	8.86e-11
 1.92328e+16	1.87e-02	9.81e-01	9.20e-11
 1.96693e+16	2.03e-02	9.80e-01	9.73e-11
 2.00636e+16	2.19e-02	9.78e-01	1.03e-10
 2.04122e+16	2.36e-02	9.76e-01	1.08e-10
 2.07986e+16	2.56e-02	9.74e-01	1.12e-10
 2.12249e+16	2.82e-02	9.72e-01	1.19e-10
 2.16009e+16	3.10e-02	9.69e-01	1.26e-10
 2.19171e+16	3.36e-02	9.66e-01	1.33e-10
 2.22575e+16	3.68e-02	9.63e-01	1.37e-10
 2.26348e+16	4.11e-02	9.59e-01	1.45e-10
 2.29707e+16	4.58e-02	9.54e-01	1.54e-10
 2.32550e+16	5.03e-02	9.50e-01	1.62e-10
 2.35619e+16	5.59e-02	9.44e-01	1.68e-10
 2.39044e+16	6.37e-02	9.36e-01	1.79e-10
 2.42137e+16	7.25e-02	9.27e-01	1.93e-10
 2.44788e+16	8.16e-02	9.18e-01	2.06e-10
 2.47119e+16	9.10e-02	9.09e-01	2.19e-10
 2.49196e+16	1.01e-01	8.99e-01	2.33e-10
 2.51147e+16	1.11e-01	8.89e-01	2.47e-10
 2.53024e+16	1.23e-01	8.77e-01	2.64e-10
 2.54799e+16	1.36e-01	8.64e-01	2.82e-10
 2.56460e+16	1.49e-01	8.51e-01	3.01e-10
 2.58044e+16	1.64e-01	8.36e-01	3.22e-10
 2.59558e+16	1.80e-01	8.20e-01	3.46e-10
 2.60988e+16	1.96e-01	8.04e-01	3.72e-10
 2.62336e+16	2.14e-01	7.86e-01	4.00e-10
 2.63626e+16	2.32e-01	7.68e-01	4.31e-10
 2.64875e+16	2.52e-01	7.48e-01	4.63e-10
 2.66090e+16	2.73e-01	7.27e-01	5.02e-10
 2.67266e+16	2.95e-01	7.05e-01	5.45e-10
 2.68389e+16	3.17e-01	6.83e-01	5.90e-10
 2.69476e+16	3.40e-01	6.60e-01	6.38e-10
 2.70702e+16	3.67e-01	6.33e-01	6.94e-10
 2.71994e+16	3.98e-01	6.02e-01	7.69e-10
 2.73086e+16	4.26e-01	5.74e-01	8.41e-10
 2.74019e+16	4.50e-01	5.50e-01	9.10e-10
 2.74946e+16	4.74e-01	5.26e-01	9.79e-10
 2.75884e+16	5.00e-01	5.00e-01	1.06e-09
 2.76733e+16	5.23e-01	4.77e-01	1.14e-09
 2.77491e+16	5.44e-01	4.56e-01	1.21e-09
 2.78087e+16	5.59e-01	4.41e-01	1.27e-09
 2.78503e+16	5.70e-01	4.30e-01	1.31e-09
 2.78906e+16	5.81e-01	4.19e-01	1.36e-09
 2.79370e+16	5.93e-01	4.07e-01	1.41e-09
 2.79871e+16	6.07e-01	3.93e-01	1.47e-09
 2.80347e+16	6.20e-01	3.80e-01	1.53e-09
 2.80781e+16	6.32e-01	3.68e-01	1.59e-09
 2.81212e+16	6.43e-01	3.57e-01	1.64e-09
 2.81660e+16	6.55e-01	3.45e-01	1.70e-09
 2.82113e+16	6.67e-01	3.33e-01	1.77e-09
 2.82548e+16	6.78e-01	3.22e-01	1.83e-09
 2.82973e+16	6.90e-01	3.10e-01	1.90e-09
 2.83400e+16	7.00e-01	3.00e-01	1.97e-09
 2.83831e+16	7.11e-01	2.89e-01	2.04e-09
 2.84257e+16	7.22e-01	2.78e-01	2.11e-09
 2.84679e+16	7.32e-01	2.68e-01	2.19e-09
 2.85100e+16	7.42e-01	2.58e-01	2.27e-09
 2.85514e+16	7.52e-01	2.48e-01	2.34e-09
 2.85924e+16	7.61e-01	2.39e-01	2.42e-09
 2.86338e+16	7.71e-01	2.29e-01	2.51e-09
 2.86750e+16	7.79e-01	2.21e-01	2.59e-09
 2.87156e+16	7.88e-01	2.12e-01	2.69e-09
 2.87558e+16	7.97e-01	2.03e-01	2.77e-09
 2.87960e+16	8.05e-01	1.95e-01	2.88e-09
 2.88366e+16	8.13e-01	1.87e-01	2.98e-09
 2.88762e+16	8.21e-01	1.79e-01	3.08e-09
 2.89150e+16	8.28e-01	1.72e-01	3.18e-09
 2.89541e+16	8.35e-01	1.65e-01	3.30e-09
 2.89929e+16	8.42e-01	1.58e-01	3.40e-09
 2.90307e+16	8.49e-01	1.51e-01	3.53e-09
 2.90677e+16	8.55e-01	1.45e-01	3.63e-09
 2.91045e+16	8.61e-01	1.39e-01	3.76e-09
 2.91409e+16	8.67e-01	1.33e-01	3.89e-09
 2.91771e+16	8.72e-01	1.28e-01	4.03e-09
 2.92129e+16	8.78e-01	1.22e-01	4.17e-09
 2.92477e+16	8.83e-01	1.17e-01	4.31e-09
 2.92819e+16	8.87e-01	1.13e-01	4.45e-09
 2.93159e+16	8.92e-01	1.08e-01	4.60e-09
 2.93497e+16	8.96e-01	1.04e-01	4.76e-09
 2.93830e+16	9.01e-01	9.93e-02	4.95e-09
 2.94156e+16	9.05e-01	9.55e-02	5.10e-09
 2.94478e+16	9.08e-01	9.16e-02	5.30e-09
 2.94794e+16	9.12e-01	8.79e-02	5.49e-09
 2.95110e+16	9.16e-01	8.44e-02	5.70e-09
 2.95424e+16	9.19e-01	8.10e-02	5.92e-09
 2.95733e+16	9.22e-01	7.77e-02	6.14e-09
 2.96036e+16	9.25e-01	7.46e-02	6.38e-09
 2.96338e+16	9.28e-01	7.17e-02	6.64e-09
 2.96637e+16	9.31e-01	6.88e-02	6.94e-09
 2.96932e+16	9.34e-01	6.61e-02	7.20e-09
 2.97224e+16	9.36e-01	6.35e-02	7.53e-09
 2.97511e+16	9.39e-01	6.10e-02	7.89e-09
 2.97795e+16	9.41e-01	5.86e-02	8.27e-09
 2.98082e+16	9.44e-01	5.63e-02	8.69e-09
 2.98366e+16	9.46e-01	5.40e-02	9.14e-09
 2.98643e+16	9.48e-01	5.19e-02	9.61e-09
 2.98916e+16	9.50e-01	4.99e-02	1.02e-08
 2.99189e+16	9.52e-01	4.80e-02	1.08e-08
 2.99460e+16	9.54e-01	4.61e-02	1.14e-08
 2.99728e+16	9.56e-01	4.43e-02	1.22e-08
 2.99997e+16	9.57e-01	4.26e-02	1.30e-08
 3.00262e+16	9.59e-01	4.08e-02	1.40e-08
 3.00521e+16	9.61e-01	3.93e-02	1.51e-08
 3.00781e+16	9.62e-01	3.77e-02	1.64e-08
 3.01038e+16	9.64e-01	3.62e-02	1.79e-08
 3.01293e+16	9.65e-01	3.48e-02	1.96e-08
 3.01544e+16	9.67e-01	3.34e-02	2.17e-08
 3.01792e+16	9.68e-01	3.21e-02	2.43e-08
 3.02035e+16	9.69e-01	3.09e-02	2.73e-08
 3.02262e+16	9.70e-01	2.98e-02	3.07e-08
 3.02465e+16	9.71e-01	2.88e-02	3.45e-08
 3.02648e+16	9.72e-01	2.80e-02	3.87e-08
 3.02815e+16	9.73e-01	2.72e-02	4.34e-08
 3.02970e+16	9.73e-01	2.66e-02	4.85e-08
 3.03115e+16	9.74e-01	2.60e-02	5.45e-08
 3.03250e+16	9.75e-01	2.54e-02	6.13e-08
 3.03373e+16	9.75e-01	2.49e-02	6.88e-08
 3.03484e+16	9.76e-01	2.44e-02	7.68e-08
 3.03589e+16	9.76e-01	2.40e-02	8.59e-08
 3.03689e+16	9.76e-01	2.35e-02	9.62e-08
 3.03783e+16	9.77e-01	2.32e-02	1.08e-07
 3.03870e+16	9.77e-01	2.28e-02	1.21e-07
 3.03951e+16	9.78e-01	2.25e-02	1.35e-07
 3.04027e+16	9.78e-01	2.21e-02	1.50e-07
 3.04101e+16	9.78e-01	2.18e-02	1.69e-07
 3.04171e+16	9.78e-01	2.15e-02	1.89e-07
 3.04236e+16	9.79e-01	2.12e-02	2.11e-07
 3.04297e+16	9.79e-01	2.10e-02	2.36e-07
 3.04355e+16	9.79e-01	2.07e-02	2.63e-07
 3.04410e+16	9.80e-01	2.05e-02	2.94e-07
 3.04463e+16	9.80e-01	2.02e-02	3.28e-07
 3.04515e+16	9.80e-01	2.00e-02	3.66e-07
 3.04564e+16	9.80e-01	1.98e-02	4.08e-07
 3.04612e+16	9.80e-01	1.96e-02	4.55e-07
 3.04658e+16	9.81e-01	1.93e-02	5.07e-07
 3.04703e+16	9.81e-01	1.91e-02	5.67e-07
 3.04746e+16	9.81e-01	1.89e-02	6.26e-07
 3.04789e+16	9.81e-01	1.87e-02	6.99e-07
 3.04832e+16	9.82e-01	1.85e-02	7.77e-07
 3.04875e+16	9.82e-01	1.83e-02	8.61e-07
 3.04918e+16	9.82e-01	1.81e-02	9.53e-07
 3.04962e+16	9.82e-01	1.78e-02	1.06e-06
 3.05007e+16	9.82e-01	1.76e-02	1.17e-06
 3.05054e+16	9.83e-01	1.73e-02	1.28e-06
 3.05105e+16	9.83e-01	1.70e-02	1.41e-06
 3.05161e+16	9.83e-01	1.67e-02	1.55e-06
 3.05219e+16	9.84e-01	1.64e-02	1.66e-06
 3.05272e+16	9.84e-01	1.61e-02	1.76e-06
 3.05321e+16	9.84e-01	1.58e-02	1.83e-06
 3.05365e+16	9.84e-01	1.55e-02	1.88e-06
 3.05405e+16	9.85e-01	1.53e-02	1.93e-06
 3.05441e+16	9.85e-01	1.51e-02	1.96e-06
 3.05475e+16	9.85e-01	1.49e-02	1.98e-06
 3.05505e+16	9.85e-01	1.47e-02	2.01e-06
 3.05532e+16	9.85e-01	1.45e-02	2.03e-06
 3.05563e+16	9.86e-01	1.44e-02	2.05e-06
 3.05595e+16	9.86e-01	1.42e-02	2.07e-06
 3.05625e+16	9.86e-01	1.40e-02	2.09e-06
 3.05652e+16	9.86e-01	1.39e-02	2.11e-06
 3.05681e+16	9.86e-01	1.37e-02	2.13e-06
 3.05713e+16	9.86e-01	1.35e-02	2.15e-06
 3.05742e+16	9.87e-01	1.34e-02	2.17e-06
 3.05769e+16	9.87e-01	1.32e-02	2.19e-06
 3.05798e+16	9.87e-01	1.31e-02	2.21e-06
 3.05829e+16	9.87e-01	1.29e-02	2.23e-06
 3.05863e+16	9.87e-01	1.28e-02	2.25e-06
 3.05908e+16	9.87e-01	1.26e-02	2.28e-06
 3.05956e+16	9.88e-01	1.24e-02	2.31e-06
 3.06000e+16	9.88e-01	1.22e-02	2.34e-06
 3.06039e+16	9.88e-01	1.21e-02	2.37e-06
 3.06076e+16	9.88e-01	1.19e-02	2.40e-06
 3.06115e+16	9.88e-01	1.17e-02	2.43e-06
 3.06158e+16	9.88e-01	1.16e-02	2.46e-06
 3.06197e+16	9.89e-01	1.14e-02	2.49e-06
 3.06233e+16	9.89e-01	1.13e-02	2.52e-06
 3.06272e+16	9.89e-01	1.11e-02	2.56e-06
 3.06314e+16	9.89e-01	1.10e-02	2.60e-06
 3.06352e+16	9.89e-01	1.08e-02	2.64e-06
 3.06387e+16	9.89e-01	1.07e-02	2.68e-06
 3.06418e+16	9.89e-01	1.05e-02	2.71e-06
 3.06447e+16	9.90e-01	1.04e-02	2.75e-06
 3.06479e+16	9.90e-01	1.03e-02	2.79e-06
 3.06513e+16	9.90e-01	1.02e-02	2.83e-06
 3.06544e+16	9.90e-01	1.00e-02	2.87e-06
 3.06572e+16	9.90e-01	9.85e-03	2.92e-06
