#depth	He	He+	He+2
 7.58790e+11	2.86e-04	3.53e-01	6.47e-01
 4.55274e+12	2.87e-04	3.54e-01	6.46e-01
 1.97285e+13	2.89e-04	3.55e-01	6.45e-01
 8.04317e+13	2.97e-04	3.62e-01	6.37e-01
 1.92126e+14	3.06e-04	3.69e-01	6.30e-01
 3.37328e+14	3.22e-04	3.83e-01	6.17e-01
 5.26090e+14	3.47e-04	4.05e-01	5.95e-01
 7.71481e+14	3.85e-04	4.38e-01	5.61e-01
 1.09049e+15	4.43e-04	4.89e-01	5.11e-01
 1.45035e+15	5.16e-04	5.52e-01	4.47e-01
 1.79454e+15	5.94e-04	6.19e-01	3.81e-01
 2.12212e+15	6.78e-04	6.85e-01	3.14e-01
 2.49689e+15	7.80e-04	7.59e-01	2.40e-01
 2.92023e+15	8.86e-04	8.30e-01	1.69e-01
 3.40670e+15	1.00e-03	8.93e-01	1.06e-01
 4.03910e+15	1.14e-03	9.45e-01	5.42e-02
 4.72500e+15	1.28e-03	9.74e-01	2.50e-02
 5.35808e+15	1.39e-03	9.86e-01	1.23e-02
 6.05869e+15	1.53e-03	9.93e-01	5.65e-03
 6.81551e+15	1.69e-03	9.96e-01	2.53e-03
 7.51267e+15	1.84e-03	9.97e-01	1.25e-03
 8.03956e+15	1.95e-03	9.97e-01	7.62e-04
 8.38905e+15	2.04e-03	9.97e-01	5.52e-04
 8.75461e+15	2.14e-03	9.97e-01	3.91e-04
 9.22983e+15	2.27e-03	9.97e-01	2.54e-04
 9.72487e+15	2.41e-03	9.97e-01	1.68e-04
 1.01429e+16	2.53e-03	9.97e-01	1.20e-04
 1.05836e+16	2.67e-03	9.97e-01	8.37e-05
 1.10636e+16	2.83e-03	9.97e-01	5.82e-05
 1.14964e+16	2.98e-03	9.97e-01	4.25e-05
 1.18985e+16	3.13e-03	9.97e-01	3.20e-05
 1.23590e+16	3.31e-03	9.97e-01	2.31e-05
 1.28527e+16	3.51e-03	9.96e-01	1.68e-05
 1.32865e+16	3.70e-03	9.96e-01	1.28e-05
 1.36872e+16	3.88e-03	9.96e-01	1.01e-05
 1.41480e+16	4.11e-03	9.96e-01	7.63e-06
 1.46460e+16	4.36e-03	9.96e-01	5.81e-06
 1.50860e+16	4.61e-03	9.95e-01	4.61e-06
 1.54817e+16	4.84e-03	9.95e-01	3.77e-06
 1.59263e+16	5.12e-03	9.95e-01	3.00e-06
 1.64078e+16	5.44e-03	9.95e-01	2.40e-06
 1.68299e+16	5.75e-03	9.94e-01	2.00e-06
 1.72033e+16	6.03e-03	9.94e-01	1.70e-06
 1.76207e+16	6.37e-03	9.94e-01	1.42e-06
 1.80784e+16	6.79e-03	9.93e-01	1.19e-06
 1.84836e+16	7.18e-03	9.93e-01	1.02e-06
 1.88386e+16	7.56e-03	9.92e-01	8.99e-07
 1.92328e+16	8.01e-03	9.92e-01	7.80e-07
 1.96693e+16	8.55e-03	9.91e-01	6.75e-07
 2.00636e+16	9.10e-03	9.91e-01	5.96e-07
 2.04122e+16	9.64e-03	9.90e-01	5.36e-07
 2.07986e+16	1.03e-02	9.90e-01	4.76e-07
 2.12249e+16	1.11e-02	9.89e-01	4.23e-07
 2.16009e+16	1.19e-02	9.88e-01	3.83e-07
 2.19171e+16	1.27e-02	9.87e-01	3.54e-07
 2.22575e+16	1.36e-02	9.86e-01	3.24e-07
 2.26348e+16	1.48e-02	9.85e-01	2.96e-07
 2.29707e+16	1.60e-02	9.84e-01	2.75e-07
 2.32550e+16	1.72e-02	9.83e-01	2.59e-07
 2.35619e+16	1.86e-02	9.81e-01	2.42e-07
 2.39044e+16	2.05e-02	9.79e-01	2.26e-07
 2.42137e+16	2.26e-02	9.77e-01	2.13e-07
 2.44788e+16	2.47e-02	9.75e-01	2.03e-07
 2.47119e+16	2.69e-02	9.73e-01	1.94e-07
 2.49196e+16	2.92e-02	9.71e-01	1.87e-07
 2.51147e+16	3.17e-02	9.68e-01	1.81e-07
 2.53024e+16	3.44e-02	9.66e-01	1.75e-07
 2.54799e+16	3.74e-02	9.63e-01	1.71e-07
 2.56460e+16	4.06e-02	9.59e-01	1.67e-07
 2.58044e+16	4.41e-02	9.56e-01	1.63e-07
 2.59558e+16	4.79e-02	9.52e-01	1.59e-07
 2.60988e+16	5.21e-02	9.48e-01	1.56e-07
 2.62336e+16	5.66e-02	9.43e-01	1.53e-07
 2.63626e+16	6.15e-02	9.38e-01	1.51e-07
 2.64875e+16	6.68e-02	9.33e-01	1.49e-07
 2.66090e+16	7.28e-02	9.27e-01	1.46e-07
 2.67266e+16	7.94e-02	9.21e-01	1.44e-07
 2.68389e+16	8.64e-02	9.14e-01	1.43e-07
 2.69476e+16	9.40e-02	9.06e-01	1.42e-07
 2.70702e+16	1.03e-01	8.97e-01	1.41e-07
 2.71994e+16	1.15e-01	8.85e-01	1.40e-07
 2.73086e+16	1.26e-01	8.74e-01	1.40e-07
 2.74019e+16	1.36e-01	8.64e-01	1.39e-07
 2.74946e+16	1.48e-01	8.52e-01	1.39e-07
 2.75884e+16	1.60e-01	8.40e-01	1.39e-07
 2.76733e+16	1.73e-01	8.27e-01	1.39e-07
 2.77491e+16	1.85e-01	8.15e-01	1.39e-07
 2.78087e+16	1.94e-01	8.06e-01	1.40e-07
 2.78503e+16	2.02e-01	7.98e-01	1.40e-07
 2.78906e+16	2.10e-01	7.90e-01	1.39e-07
 2.79370e+16	2.19e-01	7.81e-01	1.39e-07
 2.79871e+16	2.29e-01	7.71e-01	1.39e-07
 2.80347e+16	2.39e-01	7.61e-01	1.40e-07
 2.80781e+16	2.48e-01	7.52e-01	1.40e-07
 2.81212e+16	2.58e-01	7.42e-01	1.40e-07
 2.81660e+16	2.68e-01	7.32e-01	1.40e-07
 2.82113e+16	2.80e-01	7.20e-01	1.40e-07
 2.82548e+16	2.90e-01	7.10e-01	1.41e-07
 2.82973e+16	3.01e-01	6.99e-01	1.41e-07
 2.83400e+16	3.13e-01	6.87e-01	1.41e-07
 2.83831e+16	3.25e-01	6.75e-01	1.41e-07
 2.84257e+16	3.37e-01	6.63e-01	1.41e-07
 2.84679e+16	3.49e-01	6.51e-01	1.41e-07
 2.85100e+16	3.62e-01	6.38e-01	1.41e-07
 2.85514e+16	3.74e-01	6.26e-01	1.41e-07
 2.85924e+16	3.87e-01	6.13e-01	1.42e-07
 2.86338e+16	4.01e-01	5.99e-01	1.41e-07
 2.86750e+16	4.14e-01	5.86e-01	1.42e-07
 2.87156e+16	4.28e-01	5.72e-01	1.41e-07
 2.87558e+16	4.41e-01	5.59e-01	1.41e-07
 2.87960e+16	4.56e-01	5.44e-01	1.41e-07
 2.88366e+16	4.70e-01	5.30e-01	1.41e-07
 2.88762e+16	4.84e-01	5.16e-01	1.40e-07
 2.89150e+16	4.98e-01	5.02e-01	1.40e-07
 2.89541e+16	5.12e-01	4.88e-01	1.40e-07
 2.89929e+16	5.26e-01	4.74e-01	1.39e-07
 2.90307e+16	5.41e-01	4.59e-01	1.39e-07
 2.90677e+16	5.54e-01	4.46e-01	1.38e-07
 2.91045e+16	5.68e-01	4.32e-01	1.38e-07
 2.91409e+16	5.82e-01	4.18e-01	1.37e-07
 2.91771e+16	5.95e-01	4.05e-01	1.36e-07
 2.92129e+16	6.08e-01	3.92e-01	1.35e-07
 2.92477e+16	6.21e-01	3.79e-01	1.34e-07
 2.92819e+16	6.34e-01	3.66e-01	1.34e-07
 2.93159e+16	6.46e-01	3.54e-01	1.33e-07
 2.93497e+16	6.58e-01	3.42e-01	1.32e-07
 2.93830e+16	6.70e-01	3.30e-01	1.30e-07
 2.94156e+16	6.82e-01	3.18e-01	1.30e-07
 2.94478e+16	6.93e-01	3.07e-01	1.28e-07
 2.94794e+16	7.04e-01	2.96e-01	1.27e-07
 2.95110e+16	7.15e-01	2.85e-01	1.26e-07
 2.95424e+16	7.25e-01	2.75e-01	1.25e-07
 2.95733e+16	7.36e-01	2.64e-01	1.24e-07
 2.96036e+16	7.45e-01	2.55e-01	1.22e-07
 2.96338e+16	7.55e-01	2.45e-01	1.21e-07
 2.96637e+16	7.64e-01	2.36e-01	1.19e-07
 2.96932e+16	7.73e-01	2.27e-01	1.18e-07
 2.97224e+16	7.82e-01	2.18e-01	1.17e-07
 2.97511e+16	7.90e-01	2.10e-01	1.16e-07
 2.97795e+16	7.98e-01	2.02e-01	1.14e-07
 2.98082e+16	8.06e-01	1.94e-01	1.12e-07
 2.98366e+16	8.14e-01	1.86e-01	1.11e-07
 2.98643e+16	8.21e-01	1.79e-01	1.10e-07
 2.98916e+16	8.28e-01	1.72e-01	1.08e-07
 2.99189e+16	8.35e-01	1.65e-01	1.07e-07
 2.99460e+16	8.41e-01	1.59e-01	1.05e-07
 2.99728e+16	8.48e-01	1.52e-01	1.03e-07
 2.99997e+16	8.54e-01	1.46e-01	1.02e-07
 3.00262e+16	8.60e-01	1.40e-01	1.00e-07
 3.00521e+16	8.65e-01	1.35e-01	9.85e-08
 3.00781e+16	8.71e-01	1.29e-01	9.68e-08
 3.01038e+16	8.76e-01	1.24e-01	9.52e-08
 3.01293e+16	8.81e-01	1.19e-01	9.35e-08
 3.01544e+16	8.85e-01	1.15e-01	9.18e-08
 3.01792e+16	8.90e-01	1.10e-01	9.00e-08
 3.02035e+16	8.94e-01	1.06e-01	8.83e-08
 3.02262e+16	8.98e-01	1.02e-01	8.66e-08
 3.02465e+16	9.02e-01	9.81e-02	8.51e-08
 3.02648e+16	9.05e-01	9.51e-02	8.35e-08
 3.02815e+16	9.08e-01	9.23e-02	8.21e-08
 3.02970e+16	9.10e-01	8.98e-02	8.08e-08
 3.03115e+16	9.13e-01	8.75e-02	7.95e-08
 3.03250e+16	9.15e-01	8.54e-02	7.83e-08
 3.03373e+16	9.17e-01	8.35e-02	7.71e-08
 3.03484e+16	9.18e-01	8.18e-02	7.61e-08
 3.03589e+16	9.20e-01	8.02e-02	7.50e-08
 3.03689e+16	9.21e-01	7.87e-02	7.40e-08
 3.03783e+16	9.23e-01	7.73e-02	7.31e-08
 3.03870e+16	9.24e-01	7.61e-02	7.22e-08
 3.03951e+16	9.25e-01	7.49e-02	7.14e-08
 3.04027e+16	9.26e-01	7.38e-02	7.06e-08
 3.04101e+16	9.27e-01	7.27e-02	6.98e-08
 3.04171e+16	9.28e-01	7.17e-02	6.90e-08
 3.04236e+16	9.29e-01	7.08e-02	6.83e-08
 3.04297e+16	9.30e-01	7.00e-02	6.76e-08
 3.04355e+16	9.31e-01	6.92e-02	6.70e-08
 3.04410e+16	9.32e-01	6.84e-02	6.63e-08
 3.04463e+16	9.32e-01	6.77e-02	6.57e-08
 3.04515e+16	9.33e-01	6.70e-02	6.51e-08
 3.04564e+16	9.34e-01	6.63e-02	6.45e-08
 3.04612e+16	9.34e-01	6.56e-02	6.39e-08
 3.04658e+16	9.35e-01	6.50e-02	6.33e-08
 3.04703e+16	9.36e-01	6.43e-02	6.26e-08
 3.04746e+16	9.36e-01	6.38e-02	6.21e-08
 3.04789e+16	9.37e-01	6.31e-02	6.14e-08
 3.04832e+16	9.37e-01	6.25e-02	6.08e-08
 3.04875e+16	9.38e-01	6.20e-02	6.02e-08
 3.04918e+16	9.39e-01	6.14e-02	5.97e-08
 3.04962e+16	9.39e-01	6.08e-02	5.90e-08
 3.05007e+16	9.40e-01	6.01e-02	5.83e-08
 3.05054e+16	9.41e-01	5.95e-02	5.76e-08
 3.05105e+16	9.41e-01	5.88e-02	5.68e-08
 3.05161e+16	9.42e-01	5.80e-02	5.59e-08
 3.05219e+16	9.43e-01	5.72e-02	5.49e-08
 3.05272e+16	9.44e-01	5.64e-02	5.40e-08
 3.05321e+16	9.44e-01	5.57e-02	5.32e-08
 3.05365e+16	9.45e-01	5.51e-02	5.24e-08
 3.05405e+16	9.46e-01	5.45e-02	5.16e-08
 3.05441e+16	9.46e-01	5.39e-02	5.10e-08
 3.05475e+16	9.47e-01	5.34e-02	5.04e-08
 3.05505e+16	9.47e-01	5.30e-02	4.98e-08
 3.05532e+16	9.47e-01	5.26e-02	4.93e-08
 3.05563e+16	9.48e-01	5.21e-02	4.87e-08
 3.05595e+16	9.48e-01	5.16e-02	4.82e-08
 3.05625e+16	9.49e-01	5.12e-02	4.76e-08
 3.05652e+16	9.49e-01	5.08e-02	4.71e-08
 3.05681e+16	9.50e-01	5.03e-02	4.66e-08
 3.05713e+16	9.50e-01	4.99e-02	4.60e-08
 3.05742e+16	9.51e-01	4.94e-02	4.55e-08
 3.05769e+16	9.51e-01	4.91e-02	4.50e-08
 3.05798e+16	9.51e-01	4.86e-02	4.45e-08
 3.05829e+16	9.52e-01	4.82e-02	4.40e-08
 3.05863e+16	9.52e-01	4.77e-02	4.35e-08
 3.05908e+16	9.53e-01	4.71e-02	4.29e-08
 3.05956e+16	9.53e-01	4.65e-02	4.23e-08
 3.06000e+16	9.54e-01	4.60e-02	4.17e-08
 3.06039e+16	9.55e-01	4.55e-02	4.12e-08
 3.06076e+16	9.55e-01	4.50e-02	4.07e-08
 3.06115e+16	9.55e-01	4.45e-02	4.02e-08
 3.06158e+16	9.56e-01	4.40e-02	3.96e-08
 3.06197e+16	9.56e-01	4.35e-02	3.91e-08
 3.06233e+16	9.57e-01	4.31e-02	3.87e-08
 3.06272e+16	9.57e-01	4.26e-02	3.82e-08
 3.06314e+16	9.58e-01	4.21e-02	3.77e-08
 3.06352e+16	9.58e-01	4.16e-02	3.71e-08
 3.06387e+16	9.59e-01	4.12e-02	3.67e-08
 3.06418e+16	9.59e-01	4.08e-02	3.63e-08
 3.06447e+16	9.60e-01	4.04e-02	3.59e-08
 3.06479e+16	9.60e-01	4.00e-02	3.55e-08
 3.06513e+16	9.60e-01	3.96e-02	3.51e-08
 3.06544e+16	9.61e-01	3.93e-02	3.47e-08
 3.06572e+16	9.61e-01	3.90e-02	3.45e-08
