#depth	O	O+	O+2	O+3	O+4	O+5	O+6	O+7	O+8	O[1]	O[2]	O[3]
 2.71079e+11	3.14e-05	4.25e-02	9.57e-01	2.04e-04	0.00e+00	0.00e+00	0.00e+00	0.00e+00	0.00e+00	2.07e-05	7.47e-06	3.23e-06
 1.62647e+12	3.14e-05	4.25e-02	9.57e-01	2.03e-04	0.00e+00	0.00e+00	0.00e+00	0.00e+00	0.00e+00	2.07e-05	7.47e-06	3.23e-06
 7.04806e+12	3.14e-05	4.25e-02	9.57e-01	2.00e-04	0.00e+00	0.00e+00	0.00e+00	0.00e+00	0.00e+00	2.06e-05	7.47e-06	3.23e-06
 2.87344e+13	3.15e-05	4.26e-02	9.57e-01	1.88e-04	0.00e+00	0.00e+00	0.00e+00	0.00e+00	0.00e+00	2.07e-05	7.51e-06	3.25e-06
 6.86372e+13	3.14e-05	4.27e-02	9.57e-01	1.73e-04	0.00e+00	0.00e+00	0.00e+00	0.00e+00	0.00e+00	2.06e-05	7.50e-06	3.24e-06
 1.20511e+14	3.14e-05	4.28e-02	9.57e-01	1.54e-04	0.00e+00	0.00e+00	0.00e+00	0.00e+00	0.00e+00	2.06e-05	7.50e-06	3.25e-06
 1.87947e+14	3.15e-05	4.30e-02	9.57e-01	1.32e-04	0.00e+00	0.00e+00	0.00e+00	0.00e+00	0.00e+00	2.07e-05	7.52e-06	3.25e-06
 2.75613e+14	3.16e-05	4.32e-02	9.57e-01	1.08e-04	0.00e+00	0.00e+00	0.00e+00	0.00e+00	0.00e+00	2.08e-05	7.54e-06	3.27e-06
 3.89580e+14	3.18e-05	4.35e-02	9.56e-01	8.24e-05	0.00e+00	0.00e+00	0.00e+00	0.00e+00	0.00e+00	2.09e-05	7.60e-06	3.29e-06
 5.37736e+14	3.22e-05	4.39e-02	9.56e-01	5.80e-05	0.00e+00	0.00e+00	0.00e+00	0.00e+00	0.00e+00	2.12e-05	7.68e-06	3.33e-06
 7.30340e+14	3.27e-05	4.44e-02	9.55e-01	3.67e-05	0.00e+00	0.00e+00	0.00e+00	0.00e+00	0.00e+00	2.15e-05	7.80e-06	3.38e-06
 9.80724e+14	3.35e-05	4.51e-02	9.55e-01	2.03e-05	0.00e+00	0.00e+00	0.00e+00	0.00e+00	0.00e+00	2.20e-05	7.99e-06	3.46e-06
 1.30622e+15	3.47e-05	4.61e-02	9.54e-01	9.53e-06	0.00e+00	0.00e+00	0.00e+00	0.00e+00	0.00e+00	2.28e-05	8.27e-06	3.58e-06
 1.72937e+15	3.64e-05	4.74e-02	9.53e-01	3.69e-06	0.00e+00	0.00e+00	0.00e+00	0.00e+00	0.00e+00	2.40e-05	8.67e-06	3.76e-06
 2.27947e+15	3.90e-05	4.91e-02	9.51e-01	1.18e-06	0.00e+00	0.00e+00	0.00e+00	0.00e+00	0.00e+00	2.57e-05	9.27e-06	4.02e-06
 2.99459e+15	4.28e-05	5.14e-02	9.49e-01	3.56e-07	0.00e+00	0.00e+00	0.00e+00	0.00e+00	0.00e+00	2.82e-05	1.02e-05	4.42e-06
 3.92425e+15	4.87e-05	5.46e-02	9.45e-01	1.46e-07	0.00e+00	0.00e+00	0.00e+00	0.00e+00	0.00e+00	3.21e-05	1.16e-05	5.03e-06
 5.05076e+15	5.73e-05	5.87e-02	9.41e-01	0.00e+00	0.00e+00	0.00e+00	0.00e+00	0.00e+00	0.00e+00	3.77e-05	1.36e-05	5.91e-06
 6.24102e+15	6.84e-05	6.34e-02	9.36e-01	0.00e+00	0.00e+00	0.00e+00	0.00e+00	0.00e+00	0.00e+00	4.50e-05	1.63e-05	7.06e-06
 7.34263e+15	8.14e-05	6.83e-02	9.32e-01	0.00e+00	0.00e+00	0.00e+00	0.00e+00	0.00e+00	0.00e+00	5.36e-05	1.94e-05	8.41e-06
 8.24778e+15	9.48e-05	7.27e-02	9.27e-01	0.00e+00	0.00e+00	0.00e+00	0.00e+00	0.00e+00	0.00e+00	6.24e-05	2.26e-05	9.80e-06
 9.07256e+15	1.11e-04	7.73e-02	9.23e-01	0.00e+00	0.00e+00	0.00e+00	0.00e+00	0.00e+00	0.00e+00	7.27e-05	2.63e-05	1.14e-05
 9.92981e+15	1.31e-04	8.26e-02	9.17e-01	0.00e+00	0.00e+00	0.00e+00	0.00e+00	0.00e+00	0.00e+00	8.59e-05	3.12e-05	1.35e-05
 1.07367e+16	1.54e-04	8.82e-02	9.12e-01	0.00e+00	0.00e+00	0.00e+00	0.00e+00	0.00e+00	0.00e+00	1.01e-04	3.68e-05	1.59e-05
 1.14637e+16	1.81e-04	9.40e-02	9.06e-01	0.00e+00	0.00e+00	0.00e+00	0.00e+00	0.00e+00	0.00e+00	1.19e-04	4.33e-05	1.87e-05
 1.21339e+16	2.11e-04	1.00e-01	9.00e-01	0.00e+00	0.00e+00	0.00e+00	0.00e+00	0.00e+00	0.00e+00	1.39e-04	5.06e-05	2.19e-05
 1.27741e+16	2.48e-04	1.07e-01	8.93e-01	0.00e+00	0.00e+00	0.00e+00	0.00e+00	0.00e+00	0.00e+00	1.63e-04	5.94e-05	2.56e-05
 1.33908e+16	2.92e-04	1.14e-01	8.86e-01	0.00e+00	0.00e+00	0.00e+00	0.00e+00	0.00e+00	0.00e+00	1.91e-04	6.99e-05	3.01e-05
 1.39766e+16	3.43e-04	1.21e-01	8.78e-01	0.00e+00	0.00e+00	0.00e+00	0.00e+00	0.00e+00	0.00e+00	2.25e-04	8.24e-05	3.54e-05
 1.45298e+16	4.04e-04	1.30e-01	8.70e-01	0.00e+00	0.00e+00	0.00e+00	0.00e+00	0.00e+00	0.00e+00	2.65e-04	9.72e-05	4.17e-05
 1.50546e+16	4.77e-04	1.39e-01	8.61e-01	0.00e+00	0.00e+00	0.00e+00	0.00e+00	0.00e+00	0.00e+00	3.12e-04	1.15e-04	4.92e-05
 1.55559e+16	5.63e-04	1.49e-01	8.50e-01	0.00e+00	0.00e+00	0.00e+00	0.00e+00	0.00e+00	0.00e+00	3.69e-04	1.36e-04	5.81e-05
 1.60358e+16	6.67e-04	1.60e-01	8.39e-01	0.00e+00	0.00e+00	0.00e+00	0.00e+00	0.00e+00	0.00e+00	4.37e-04	1.61e-04	6.88e-05
 1.64947e+16	7.93e-04	1.72e-01	8.27e-01	0.00e+00	0.00e+00	0.00e+00	0.00e+00	0.00e+00	0.00e+00	5.20e-04	1.92e-04	8.17e-05
 1.69325e+16	9.44e-04	1.85e-01	8.14e-01	0.00e+00	0.00e+00	0.00e+00	0.00e+00	0.00e+00	0.00e+00	6.18e-04	2.29e-04	9.72e-05
 1.73510e+16	1.13e-03	2.00e-01	7.99e-01	0.00e+00	0.00e+00	0.00e+00	0.00e+00	0.00e+00	0.00e+00	7.39e-04	2.74e-04	1.16e-04
 1.77514e+16	1.35e-03	2.16e-01	7.82e-01	0.00e+00	0.00e+00	0.00e+00	0.00e+00	0.00e+00	0.00e+00	8.85e-04	3.28e-04	1.39e-04
 1.81344e+16	1.63e-03	2.34e-01	7.64e-01	0.00e+00	0.00e+00	0.00e+00	0.00e+00	0.00e+00	0.00e+00	1.06e-03	3.95e-04	1.67e-04
 1.85013e+16	1.96e-03	2.54e-01	7.44e-01	0.00e+00	0.00e+00	0.00e+00	0.00e+00	0.00e+00	0.00e+00	1.28e-03	4.76e-04	2.01e-04
 1.88529e+16	2.37e-03	2.76e-01	7.22e-01	0.00e+00	0.00e+00	0.00e+00	0.00e+00	0.00e+00	0.00e+00	1.55e-03	5.77e-04	2.43e-04
 1.91891e+16	2.88e-03	3.00e-01	6.97e-01	0.00e+00	0.00e+00	0.00e+00	0.00e+00	0.00e+00	0.00e+00	1.88e-03	7.00e-04	2.95e-04
 1.95073e+16	3.49e-03	3.26e-01	6.71e-01	0.00e+00	0.00e+00	0.00e+00	0.00e+00	0.00e+00	0.00e+00	2.28e-03	8.50e-04	3.57e-04
 1.98063e+16	4.24e-03	3.54e-01	6.42e-01	0.00e+00	0.00e+00	0.00e+00	0.00e+00	0.00e+00	0.00e+00	2.77e-03	1.03e-03	4.34e-04
 2.00858e+16	5.14e-03	3.83e-01	6.11e-01	0.00e+00	0.00e+00	0.00e+00	0.00e+00	0.00e+00	0.00e+00	3.36e-03	1.25e-03	5.26e-04
 2.03474e+16	6.21e-03	4.14e-01	5.79e-01	0.00e+00	0.00e+00	0.00e+00	0.00e+00	0.00e+00	0.00e+00	4.06e-03	1.51e-03	6.35e-04
 2.05961e+16	7.51e-03	4.47e-01	5.45e-01	0.00e+00	0.00e+00	0.00e+00	0.00e+00	0.00e+00	0.00e+00	4.91e-03	1.83e-03	7.67e-04
 2.08338e+16	9.10e-03	4.82e-01	5.09e-01	0.00e+00	0.00e+00	0.00e+00	0.00e+00	0.00e+00	0.00e+00	5.95e-03	2.21e-03	9.29e-04
 2.10594e+16	1.10e-02	5.18e-01	4.71e-01	0.00e+00	0.00e+00	0.00e+00	0.00e+00	0.00e+00	0.00e+00	7.22e-03	2.69e-03	1.13e-03
 2.12717e+16	1.34e-02	5.54e-01	4.33e-01	0.00e+00	0.00e+00	0.00e+00	0.00e+00	0.00e+00	0.00e+00	8.75e-03	3.25e-03	1.36e-03
 2.14718e+16	1.62e-02	5.91e-01	3.93e-01	0.00e+00	0.00e+00	0.00e+00	0.00e+00	0.00e+00	0.00e+00	1.06e-02	3.93e-03	1.65e-03
 2.16615e+16	1.96e-02	6.27e-01	3.53e-01	0.00e+00	0.00e+00	0.00e+00	0.00e+00	0.00e+00	0.00e+00	1.28e-02	4.76e-03	2.00e-03
 2.18414e+16	2.38e-02	6.63e-01	3.13e-01	0.00e+00	0.00e+00	0.00e+00	0.00e+00	0.00e+00	0.00e+00	1.56e-02	5.77e-03	2.42e-03
 2.20112e+16	2.88e-02	6.97e-01	2.74e-01	0.00e+00	0.00e+00	0.00e+00	0.00e+00	0.00e+00	0.00e+00	1.89e-02	6.99e-03	2.93e-03
 2.21710e+16	3.50e-02	7.29e-01	2.36e-01	0.00e+00	0.00e+00	0.00e+00	0.00e+00	0.00e+00	0.00e+00	2.29e-02	8.47e-03	3.55e-03
 2.23212e+16	4.24e-02	7.57e-01	2.01e-01	0.00e+00	0.00e+00	0.00e+00	0.00e+00	0.00e+00	0.00e+00	2.78e-02	1.02e-02	4.30e-03
 2.24626e+16	5.14e-02	7.81e-01	1.68e-01	0.00e+00	0.00e+00	0.00e+00	0.00e+00	0.00e+00	0.00e+00	3.37e-02	1.24e-02	5.21e-03
 2.25959e+16	6.25e-02	8.00e-01	1.37e-01	0.00e+00	0.00e+00	0.00e+00	0.00e+00	0.00e+00	0.00e+00	4.11e-02	1.51e-02	6.34e-03
 2.27202e+16	7.61e-02	8.13e-01	1.10e-01	0.00e+00	0.00e+00	0.00e+00	0.00e+00	0.00e+00	0.00e+00	5.01e-02	1.83e-02	7.71e-03
 2.28198e+16	9.01e-02	8.20e-01	9.03e-02	0.00e+00	0.00e+00	0.00e+00	0.00e+00	0.00e+00	0.00e+00	5.93e-02	2.16e-02	9.12e-03
 2.28899e+16	1.02e-01	8.21e-01	7.67e-02	0.00e+00	0.00e+00	0.00e+00	0.00e+00	0.00e+00	0.00e+00	6.75e-02	2.45e-02	1.04e-02
 2.29497e+16	1.15e-01	8.19e-01	6.60e-02	0.00e+00	0.00e+00	0.00e+00	0.00e+00	0.00e+00	0.00e+00	7.56e-02	2.73e-02	1.16e-02
 2.30176e+16	1.31e-01	8.15e-01	5.48e-02	0.00e+00	0.00e+00	0.00e+00	0.00e+00	0.00e+00	0.00e+00	8.63e-02	3.10e-02	1.32e-02
 2.30901e+16	1.51e-01	8.05e-01	4.40e-02	0.00e+00	0.00e+00	0.00e+00	0.00e+00	0.00e+00	0.00e+00	1.00e-01	3.58e-02	1.53e-02
 2.31497e+16	1.72e-01	7.92e-01	3.60e-02	0.00e+00	0.00e+00	0.00e+00	0.00e+00	0.00e+00	0.00e+00	1.14e-01	4.04e-02	1.73e-02
 2.31967e+16	1.90e-01	7.79e-01	3.03e-02	0.00e+00	0.00e+00	0.00e+00	0.00e+00	0.00e+00	0.00e+00	1.27e-01	4.46e-02	1.92e-02
 2.32461e+16	2.13e-01	7.62e-01	2.49e-02	0.00e+00	0.00e+00	0.00e+00	0.00e+00	0.00e+00	0.00e+00	1.42e-01	4.96e-02	2.14e-02
 2.32989e+16	2.40e-01	7.40e-01	1.99e-02	0.00e+00	0.00e+00	0.00e+00	0.00e+00	0.00e+00	0.00e+00	1.60e-01	5.55e-02	2.41e-02
 2.33432e+16	2.66e-01	7.18e-01	1.62e-02	0.00e+00	0.00e+00	0.00e+00	0.00e+00	0.00e+00	0.00e+00	1.78e-01	6.11e-02	2.67e-02
 2.33799e+16	2.89e-01	6.97e-01	1.36e-02	0.00e+00	0.00e+00	0.00e+00	0.00e+00	0.00e+00	0.00e+00	1.94e-01	6.60e-02	2.90e-02
 2.34193e+16	3.18e-01	6.71e-01	1.10e-02	0.00e+00	0.00e+00	0.00e+00	0.00e+00	0.00e+00	0.00e+00	2.14e-01	7.18e-02	3.17e-02
 2.34610e+16	3.49e-01	6.43e-01	8.82e-03	0.00e+00	0.00e+00	0.00e+00	0.00e+00	0.00e+00	0.00e+00	2.36e-01	7.80e-02	3.47e-02
 2.34969e+16	3.78e-01	6.14e-01	7.15e-03	0.00e+00	0.00e+00	0.00e+00	0.00e+00	0.00e+00	0.00e+00	2.57e-01	8.38e-02	3.75e-02
 2.35282e+16	4.05e-01	5.90e-01	5.93e-03	0.00e+00	0.00e+00	0.00e+00	0.00e+00	0.00e+00	0.00e+00	2.76e-01	8.88e-02	4.00e-02
 2.35590e+16	4.32e-01	5.63e-01	4.88e-03	0.00e+00	0.00e+00	0.00e+00	0.00e+00	0.00e+00	0.00e+00	2.96e-01	9.38e-02	4.26e-02
 2.35925e+16	4.63e-01	5.34e-01	3.92e-03	0.00e+00	0.00e+00	0.00e+00	0.00e+00	0.00e+00	0.00e+00	3.18e-01	9.91e-02	4.54e-02
 2.36251e+16	4.93e-01	5.04e-01	3.15e-03	0.00e+00	0.00e+00	0.00e+00	0.00e+00	0.00e+00	0.00e+00	3.41e-01	1.04e-01	4.81e-02
 2.36527e+16	5.19e-01	4.79e-01	2.59e-03	0.00e+00	0.00e+00	0.00e+00	0.00e+00	0.00e+00	0.00e+00	3.60e-01	1.08e-01	5.04e-02
 2.36772e+16	5.41e-01	4.56e-01	2.18e-03	0.00e+00	0.00e+00	0.00e+00	0.00e+00	0.00e+00	0.00e+00	3.78e-01	1.11e-01	5.23e-02
 2.37009e+16	5.64e-01	4.34e-01	1.83e-03	0.00e+00	0.00e+00	0.00e+00	0.00e+00	0.00e+00	0.00e+00	3.95e-01	1.14e-01	5.42e-02
 2.37246e+16	5.86e-01	4.13e-01	1.53e-03	0.00e+00	0.00e+00	0.00e+00	0.00e+00	0.00e+00	0.00e+00	4.12e-01	1.17e-01	5.60e-02
 2.37435e+16	6.03e-01	3.96e-01	1.33e-03	0.00e+00	0.00e+00	0.00e+00	0.00e+00	0.00e+00	0.00e+00	4.26e-01	1.19e-01	5.73e-02
 2.37559e+16	6.13e-01	3.85e-01	1.21e-03	0.00e+00	0.00e+00	0.00e+00	0.00e+00	0.00e+00	0.00e+00	4.35e-01	1.20e-01	5.82e-02
 2.37672e+16	6.23e-01	3.75e-01	1.11e-03	0.00e+00	0.00e+00	0.00e+00	0.00e+00	0.00e+00	0.00e+00	4.43e-01	1.21e-01	5.89e-02
 2.37806e+16	6.36e-01	3.63e-01	9.94e-04	0.00e+00	0.00e+00	0.00e+00	0.00e+00	0.00e+00	0.00e+00	4.53e-01	1.23e-01	5.98e-02
 2.37952e+16	6.48e-01	3.51e-01	8.84e-04	0.00e+00	0.00e+00	0.00e+00	0.00e+00	0.00e+00	0.00e+00	4.64e-01	1.24e-01	6.07e-02
 2.38093e+16	6.60e-01	3.39e-01	7.89e-04	0.00e+00	0.00e+00	0.00e+00	0.00e+00	0.00e+00	0.00e+00	4.74e-01	1.25e-01	6.16e-02
 2.38228e+16	6.71e-01	3.28e-01	7.07e-04	0.00e+00	0.00e+00	0.00e+00	0.00e+00	0.00e+00	0.00e+00	4.83e-01	1.26e-01	6.23e-02
 2.38362e+16	6.83e-01	3.16e-01	6.32e-04	0.00e+00	0.00e+00	0.00e+00	0.00e+00	0.00e+00	0.00e+00	4.93e-01	1.26e-01	6.31e-02
 2.38497e+16	6.94e-01	3.06e-01	5.64e-04	0.00e+00	0.00e+00	0.00e+00	0.00e+00	0.00e+00	0.00e+00	5.03e-01	1.27e-01	6.38e-02
 2.38633e+16	7.05e-01	2.94e-01	5.02e-04	0.00e+00	0.00e+00	0.00e+00	0.00e+00	0.00e+00	0.00e+00	5.13e-01	1.28e-01	6.45e-02
 2.38768e+16	7.15e-01	2.84e-01	4.48e-04	0.00e+00	0.00e+00	0.00e+00	0.00e+00	0.00e+00	0.00e+00	5.22e-01	1.28e-01	6.51e-02
 2.38902e+16	7.26e-01	2.74e-01	3.98e-04	0.00e+00	0.00e+00	0.00e+00	0.00e+00	0.00e+00	0.00e+00	5.31e-01	1.29e-01	6.57e-02
 2.39038e+16	7.36e-01	2.63e-01	3.53e-04	0.00e+00	0.00e+00	0.00e+00	0.00e+00	0.00e+00	0.00e+00	5.41e-01	1.29e-01	6.62e-02
 2.39171e+16	7.46e-01	2.54e-01	3.14e-04	0.00e+00	0.00e+00	0.00e+00	0.00e+00	0.00e+00	0.00e+00	5.50e-01	1.29e-01	6.67e-02
 2.39303e+16	7.56e-01	2.44e-01	2.79e-04	0.00e+00	0.00e+00	0.00e+00	0.00e+00	0.00e+00	0.00e+00	5.59e-01	1.29e-01	6.71e-02
 2.39437e+16	7.65e-01	2.35e-01	2.47e-04	0.00e+00	0.00e+00	0.00e+00	0.00e+00	0.00e+00	0.00e+00	5.68e-01	1.29e-01	6.75e-02
 2.39571e+16	7.74e-01	2.26e-01	2.19e-04	0.00e+00	0.00e+00	0.00e+00	0.00e+00	0.00e+00	0.00e+00	5.77e-01	1.29e-01	6.79e-02
 2.39704e+16	7.83e-01	2.16e-01	1.93e-04	0.00e+00	0.00e+00	0.00e+00	0.00e+00	0.00e+00	0.00e+00	5.86e-01	1.29e-01	6.82e-02
 2.39837e+16	7.92e-01	2.08e-01	1.71e-04	0.00e+00	0.00e+00	0.00e+00	0.00e+00	0.00e+00	0.00e+00	5.94e-01	1.29e-01	6.85e-02
 2.39970e+16	8.00e-01	2.00e-01	1.51e-04	0.00e+00	0.00e+00	0.00e+00	0.00e+00	0.00e+00	0.00e+00	6.03e-01	1.29e-01	6.87e-02
 2.40104e+16	8.08e-01	1.91e-01	1.33e-04	0.00e+00	0.00e+00	0.00e+00	0.00e+00	0.00e+00	0.00e+00	6.11e-01	1.29e-01	6.89e-02
 2.40236e+16	8.16e-01	1.84e-01	1.17e-04	0.00e+00	0.00e+00	0.00e+00	0.00e+00	0.00e+00	0.00e+00	6.19e-01	1.28e-01	6.91e-02
 2.40366e+16	8.24e-01	1.76e-01	1.03e-04	0.00e+00	0.00e+00	0.00e+00	0.00e+00	0.00e+00	0.00e+00	6.27e-01	1.28e-01	6.92e-02
 2.40499e+16	8.31e-01	1.69e-01	9.07e-05	0.00e+00	0.00e+00	0.00e+00	0.00e+00	0.00e+00	0.00e+00	6.35e-01	1.27e-01	6.92e-02
 2.40632e+16	8.38e-01	1.62e-01	7.98e-05	0.00e+00	0.00e+00	0.00e+00	0.00e+00	0.00e+00	0.00e+00	6.42e-01	1.27e-01	6.93e-02
 2.40763e+16	8.45e-01	1.55e-01	7.01e-05	0.00e+00	0.00e+00	0.00e+00	0.00e+00	0.00e+00	0.00e+00	6.50e-01	1.26e-01	6.93e-02
 2.40894e+16	8.52e-01	1.48e-01	6.16e-05	0.00e+00	0.00e+00	0.00e+00	0.00e+00	0.00e+00	0.00e+00	6.57e-01	1.25e-01	6.92e-02
 2.41025e+16	8.58e-01	1.42e-01	5.41e-05	0.00e+00	0.00e+00	0.00e+00	0.00e+00	0.00e+00	0.00e+00	6.64e-01	1.25e-01	6.92e-02
 2.41155e+16	8.64e-01	1.36e-01	4.74e-05	0.00e+00	0.00e+00	0.00e+00	0.00e+00	0.00e+00	0.00e+00	6.71e-01	1.24e-01	6.91e-02
 2.41285e+16	8.70e-01	1.30e-01	4.16e-05	0.00e+00	0.00e+00	0.00e+00	0.00e+00	0.00e+00	0.00e+00	6.78e-01	1.23e-01	6.90e-02
 2.41413e+16	8.76e-01	1.24e-01	3.65e-05	0.00e+00	0.00e+00	0.00e+00	0.00e+00	0.00e+00	0.00e+00	6.85e-01	1.22e-01	6.88e-02
 2.41540e+16	8.81e-01	1.19e-01	3.21e-05	0.00e+00	0.00e+00	0.00e+00	0.00e+00	0.00e+00	0.00e+00	6.91e-01	1.21e-01	6.87e-02
 2.41665e+16	8.86e-01	1.14e-01	2.82e-05	0.00e+00	0.00e+00	0.00e+00	0.00e+00	0.00e+00	0.00e+00	6.97e-01	1.21e-01	6.85e-02
 2.41789e+16	8.91e-01	1.09e-01	2.48e-05	0.00e+00	0.00e+00	0.00e+00	0.00e+00	0.00e+00	0.00e+00	7.03e-01	1.20e-01	6.83e-02
 2.41912e+16	8.95e-01	1.05e-01	2.19e-05	0.00e+00	0.00e+00	0.00e+00	0.00e+00	0.00e+00	0.00e+00	7.08e-01	1.19e-01	6.81e-02
 2.42033e+16	9.00e-01	1.00e-01	1.93e-05	0.00e+00	0.00e+00	0.00e+00	0.00e+00	0.00e+00	0.00e+00	7.14e-01	1.18e-01	6.78e-02
 2.42153e+16	9.04e-01	9.61e-02	1.70e-05	0.00e+00	0.00e+00	0.00e+00	0.00e+00	0.00e+00	0.00e+00	7.19e-01	1.17e-01	6.76e-02
 2.42272e+16	9.08e-01	9.21e-02	1.50e-05	0.00e+00	0.00e+00	0.00e+00	0.00e+00	0.00e+00	0.00e+00	7.24e-01	1.17e-01	6.74e-02
 2.42391e+16	9.12e-01	8.84e-02	1.33e-05	0.00e+00	0.00e+00	0.00e+00	0.00e+00	0.00e+00	0.00e+00	7.29e-01	1.16e-01	6.71e-02
 2.42509e+16	9.15e-01	8.47e-02	1.17e-05	0.00e+00	0.00e+00	0.00e+00	0.00e+00	0.00e+00	0.00e+00	7.34e-01	1.15e-01	6.68e-02
 2.42625e+16	9.19e-01	8.12e-02	1.04e-05	0.00e+00	0.00e+00	0.00e+00	0.00e+00	0.00e+00	0.00e+00	7.38e-01	1.14e-01	6.66e-02
 2.42739e+16	9.22e-01	7.79e-02	9.18e-06	0.00e+00	0.00e+00	0.00e+00	0.00e+00	0.00e+00	0.00e+00	7.42e-01	1.13e-01	6.63e-02
 2.42854e+16	9.25e-01	7.48e-02	8.12e-06	0.00e+00	0.00e+00	0.00e+00	0.00e+00	0.00e+00	0.00e+00	7.47e-01	1.13e-01	6.60e-02
 2.42969e+16	9.28e-01	7.18e-02	7.19e-06	0.00e+00	0.00e+00	0.00e+00	0.00e+00	0.00e+00	0.00e+00	7.51e-01	1.12e-01	6.57e-02
 2.43082e+16	9.31e-01	6.89e-02	6.37e-06	0.00e+00	0.00e+00	0.00e+00	0.00e+00	0.00e+00	0.00e+00	7.55e-01	1.11e-01	6.53e-02
 2.43194e+16	9.34e-01	6.62e-02	5.66e-06	0.00e+00	0.00e+00	0.00e+00	0.00e+00	0.00e+00	0.00e+00	7.59e-01	1.10e-01	6.50e-02
 2.43305e+16	9.36e-01	6.35e-02	5.02e-06	0.00e+00	0.00e+00	0.00e+00	0.00e+00	0.00e+00	0.00e+00	7.62e-01	1.09e-01	6.46e-02
 2.43417e+16	9.39e-01	6.10e-02	4.45e-06	0.00e+00	0.00e+00	0.00e+00	0.00e+00	0.00e+00	0.00e+00	7.66e-01	1.09e-01	6.43e-02
 2.43528e+16	9.42e-01	5.85e-02	3.95e-06	0.00e+00	0.00e+00	0.00e+00	0.00e+00	0.00e+00	0.00e+00	7.70e-01	1.08e-01	6.39e-02
 2.43636e+16	9.44e-01	5.63e-02	3.51e-06	0.00e+00	0.00e+00	0.00e+00	0.00e+00	0.00e+00	0.00e+00	7.73e-01	1.07e-01	6.36e-02
 2.43746e+16	9.46e-01	5.41e-02	3.12e-06	0.00e+00	0.00e+00	0.00e+00	0.00e+00	0.00e+00	0.00e+00	7.76e-01	1.07e-01	6.33e-02
 2.43854e+16	9.48e-01	5.19e-02	2.78e-06	0.00e+00	0.00e+00	0.00e+00	0.00e+00	0.00e+00	0.00e+00	7.79e-01	1.06e-01	6.30e-02
 2.43962e+16	9.50e-01	4.99e-02	2.47e-06	0.00e+00	0.00e+00	0.00e+00	0.00e+00	0.00e+00	0.00e+00	7.82e-01	1.05e-01	6.26e-02
 2.44072e+16	9.52e-01	4.80e-02	2.19e-06	0.00e+00	0.00e+00	0.00e+00	0.00e+00	0.00e+00	0.00e+00	7.85e-01	1.05e-01	6.23e-02
 2.44179e+16	9.54e-01	4.61e-02	1.95e-06	0.00e+00	0.00e+00	0.00e+00	0.00e+00	0.00e+00	0.00e+00	7.88e-01	1.04e-01	6.20e-02
 2.44284e+16	9.56e-01	4.43e-02	1.74e-06	0.00e+00	0.00e+00	0.00e+00	0.00e+00	0.00e+00	0.00e+00	7.91e-01	1.03e-01	6.17e-02
 2.44389e+16	9.57e-01	4.26e-02	1.55e-06	0.00e+00	0.00e+00	0.00e+00	0.00e+00	0.00e+00	0.00e+00	7.93e-01	1.03e-01	6.14e-02
 2.44497e+16	9.59e-01	4.11e-02	1.38e-06	0.00e+00	0.00e+00	0.00e+00	0.00e+00	0.00e+00	0.00e+00	7.96e-01	1.02e-01	6.12e-02
 2.44606e+16	9.61e-01	3.93e-02	1.23e-06	0.00e+00	0.00e+00	0.00e+00	0.00e+00	0.00e+00	0.00e+00	7.98e-01	1.02e-01	6.08e-02
 2.44710e+16	9.62e-01	3.78e-02	1.10e-06	0.00e+00	0.00e+00	0.00e+00	0.00e+00	0.00e+00	0.00e+00	8.01e-01	1.01e-01	6.05e-02
 2.44812e+16	9.64e-01	3.64e-02	9.81e-07	0.00e+00	0.00e+00	0.00e+00	0.00e+00	0.00e+00	0.00e+00	8.03e-01	1.01e-01	6.03e-02
 2.44917e+16	9.65e-01	3.50e-02	8.75e-07	0.00e+00	0.00e+00	0.00e+00	0.00e+00	0.00e+00	0.00e+00	8.05e-01	1.00e-01	6.00e-02
 2.45025e+16	9.66e-01	3.36e-02	7.77e-07	0.00e+00	0.00e+00	0.00e+00	0.00e+00	0.00e+00	0.00e+00	8.07e-01	9.95e-02	5.97e-02
 2.45132e+16	9.68e-01	3.23e-02	6.93e-07	0.00e+00	0.00e+00	0.00e+00	0.00e+00	0.00e+00	0.00e+00	8.09e-01	9.90e-02	5.95e-02
 2.45233e+16	9.69e-01	3.11e-02	6.21e-07	0.00e+00	0.00e+00	0.00e+00	0.00e+00	0.00e+00	0.00e+00	8.11e-01	9.86e-02	5.92e-02
 2.45331e+16	9.70e-01	2.99e-02	5.58e-07	0.00e+00	0.00e+00	0.00e+00	0.00e+00	0.00e+00	0.00e+00	8.13e-01	9.81e-02	5.90e-02
 2.45435e+16	9.71e-01	2.88e-02	4.97e-07	0.00e+00	0.00e+00	0.00e+00	0.00e+00	0.00e+00	0.00e+00	8.15e-01	9.76e-02	5.87e-02
 2.45545e+16	9.72e-01	2.77e-02	4.41e-07	0.00e+00	0.00e+00	0.00e+00	0.00e+00	0.00e+00	0.00e+00	8.17e-01	9.72e-02	5.85e-02
 2.45647e+16	9.73e-01	2.66e-02	3.96e-07	0.00e+00	0.00e+00	0.00e+00	0.00e+00	0.00e+00	0.00e+00	8.18e-01	9.68e-02	5.83e-02
 2.45741e+16	9.74e-01	2.57e-02	3.57e-07	0.00e+00	0.00e+00	0.00e+00	0.00e+00	0.00e+00	0.00e+00	8.20e-01	9.64e-02	5.81e-02
 2.45839e+16	9.75e-01	2.47e-02	3.21e-07	0.00e+00	0.00e+00	0.00e+00	0.00e+00	0.00e+00	0.00e+00	8.21e-01	9.60e-02	5.78e-02
 2.45943e+16	9.76e-01	2.37e-02	2.86e-07	0.00e+00	0.00e+00	0.00e+00	0.00e+00	0.00e+00	0.00e+00	8.23e-01	9.56e-02	5.76e-02
 2.46045e+16	9.77e-01	2.27e-02	2.56e-07	0.00e+00	0.00e+00	0.00e+00	0.00e+00	0.00e+00	0.00e+00	8.25e-01	9.52e-02	5.74e-02
 2.46143e+16	9.78e-01	2.19e-02	2.30e-07	0.00e+00	0.00e+00	0.00e+00	0.00e+00	0.00e+00	0.00e+00	8.26e-01	9.48e-02	5.72e-02
 2.46238e+16	9.79e-01	2.11e-02	2.08e-07	0.00e+00	0.00e+00	0.00e+00	0.00e+00	0.00e+00	0.00e+00	8.28e-01	9.44e-02	5.70e-02
 2.46334e+16	9.80e-01	2.02e-02	1.87e-07	0.00e+00	0.00e+00	0.00e+00	0.00e+00	0.00e+00	0.00e+00	8.29e-01	9.41e-02	5.68e-02
 2.46431e+16	9.81e-01	1.94e-02	1.68e-07	0.00e+00	0.00e+00	0.00e+00	0.00e+00	0.00e+00	0.00e+00	8.30e-01	9.37e-02	5.65e-02
 2.46526e+16	9.81e-01	1.87e-02	1.51e-07	0.00e+00	0.00e+00	0.00e+00	0.00e+00	0.00e+00	0.00e+00	8.32e-01	9.33e-02	5.63e-02
 2.46619e+16	9.82e-01	1.79e-02	1.37e-07	0.00e+00	0.00e+00	0.00e+00	0.00e+00	0.00e+00	0.00e+00	8.33e-01	9.29e-02	5.61e-02
 2.46710e+16	9.83e-01	1.72e-02	1.24e-07	0.00e+00	0.00e+00	0.00e+00	0.00e+00	0.00e+00	0.00e+00	8.34e-01	9.26e-02	5.59e-02
 2.46799e+16	9.83e-01	1.65e-02	1.12e-07	0.00e+00	0.00e+00	0.00e+00	0.00e+00	0.00e+00	0.00e+00	8.36e-01	9.22e-02	5.57e-02
 2.46887e+16	9.84e-01	1.59e-02	1.02e-07	0.00e+00	0.00e+00	0.00e+00	0.00e+00	0.00e+00	0.00e+00	8.37e-01	9.18e-02	5.55e-02
 2.46975e+16	9.85e-01	1.52e-02	9.21e-08	0.00e+00	0.00e+00	0.00e+00	0.00e+00	0.00e+00	0.00e+00	8.38e-01	9.15e-02	5.52e-02
 2.47062e+16	9.85e-01	1.46e-02	8.37e-08	0.00e+00	0.00e+00	0.00e+00	0.00e+00	0.00e+00	0.00e+00	8.39e-01	9.11e-02	5.50e-02
 2.47146e+16	9.86e-01	1.40e-02	7.62e-08	0.00e+00	0.00e+00	0.00e+00	0.00e+00	0.00e+00	0.00e+00	8.41e-01	9.07e-02	5.48e-02
 2.47228e+16	9.87e-01	1.34e-02	6.95e-08	0.00e+00	0.00e+00	0.00e+00	0.00e+00	0.00e+00	0.00e+00	8.42e-01	9.03e-02	5.45e-02
 2.47305e+16	9.87e-01	1.28e-02	6.39e-08	0.00e+00	0.00e+00	0.00e+00	0.00e+00	0.00e+00	0.00e+00	8.43e-01	8.99e-02	5.43e-02
 2.47373e+16	9.88e-01	1.24e-02	5.93e-08	0.00e+00	0.00e+00	0.00e+00	0.00e+00	0.00e+00	0.00e+00	8.44e-01	8.96e-02	5.40e-02
 2.47433e+16	9.88e-01	1.19e-02	5.55e-08	0.00e+00	0.00e+00	0.00e+00	0.00e+00	0.00e+00	0.00e+00	8.45e-01	8.92e-02	5.38e-02
 2.47488e+16	9.88e-01	1.16e-02	5.22e-08	0.00e+00	0.00e+00	0.00e+00	0.00e+00	0.00e+00	0.00e+00	8.46e-01	8.89e-02	5.36e-02
 2.47540e+16	9.89e-01	1.12e-02	4.93e-08	0.00e+00	0.00e+00	0.00e+00	0.00e+00	0.00e+00	0.00e+00	8.47e-01	8.86e-02	5.34e-02
 2.47589e+16	9.89e-01	1.09e-02	4.67e-08	0.00e+00	0.00e+00	0.00e+00	0.00e+00	0.00e+00	0.00e+00	8.48e-01	8.83e-02	5.32e-02
 2.47634e+16	9.89e-01	1.06e-02	4.44e-08	0.00e+00	0.00e+00	0.00e+00	0.00e+00	0.00e+00	0.00e+00	8.48e-01	8.80e-02	5.30e-02
 2.47676e+16	9.90e-01	1.03e-02	4.23e-08	0.00e+00	0.00e+00	0.00e+00	0.00e+00	0.00e+00	0.00e+00	8.49e-01	8.77e-02	5.27e-02
 2.47715e+16	9.90e-01	1.00e-02	4.04e-08	0.00e+00	0.00e+00	0.00e+00	0.00e+00	0.00e+00	0.00e+00	8.50e-01	8.75e-02	5.25e-02
 2.47752e+16	9.90e-01	9.77e-03	3.87e-08	0.00e+00	0.00e+00	0.00e+00	0.00e+00	0.00e+00	0.00e+00	8.51e-01	8.72e-02	5.23e-02
 2.47787e+16	9.90e-01	9.54e-03	3.72e-08	0.00e+00	0.00e+00	0.00e+00	0.00e+00	0.00e+00	0.00e+00	8.51e-01	8.69e-02	5.21e-02
 2.47818e+16	9.91e-01	9.32e-03	3.58e-08	0.00e+00	0.00e+00	0.00e+00	0.00e+00	0.00e+00	0.00e+00	8.52e-01	8.66e-02	5.19e-02
 2.47847e+16	9.91e-01	9.13e-03	3.46e-08	0.00e+00	0.00e+00	0.00e+00	0.00e+00	0.00e+00	0.00e+00	8.53e-01	8.64e-02	5.18e-02
 2.47873e+16	9.91e-01	8.95e-03	3.35e-08	0.00e+00	0.00e+00	0.00e+00	0.00e+00	0.00e+00	0.00e+00	8.53e-01	8.62e-02	5.16e-02
 2.47896e+16	9.91e-01	8.79e-03	3.25e-08	0.00e+00	0.00e+00	0.00e+00	0.00e+00	0.00e+00	0.00e+00	8.54e-01	8.60e-02	5.14e-02
 2.47918e+16	9.91e-01	8.65e-03	3.17e-08	0.00e+00	0.00e+00	0.00e+00	0.00e+00	0.00e+00	0.00e+00	8.54e-01	8.58e-02	5.13e-02
 2.47937e+16	9.91e-01	8.52e-03	3.09e-08	0.00e+00	0.00e+00	0.00e+00	0.00e+00	0.00e+00	0.00e+00	8.55e-01	8.56e-02	5.11e-02
 2.47959e+16	9.92e-01	8.39e-03	3.01e-08	0.00e+00	0.00e+00	0.00e+00	0.00e+00	0.00e+00	0.00e+00	8.55e-01	8.54e-02	5.10e-02
 2.47987e+16	9.92e-01	8.19e-03	2.89e-08	0.00e+00	0.00e+00	0.00e+00	0.00e+00	0.00e+00	0.00e+00	8.56e-01	8.50e-02	5.08e-02
 2.48017e+16	9.92e-01	7.98e-03	2.78e-08	0.00e+00	0.00e+00	0.00e+00	0.00e+00	0.00e+00	0.00e+00	8.57e-01	8.46e-02	5.05e-02
 2.48044e+16	9.92e-01	7.79e-03	2.67e-08	0.00e+00	0.00e+00	0.00e+00	0.00e+00	0.00e+00	0.00e+00	8.58e-01	8.43e-02	5.03e-02
 2.48069e+16	9.92e-01	7.62e-03	2.58e-08	0.00e+00	0.00e+00	0.00e+00	0.00e+00	0.00e+00	0.00e+00	8.58e-01	8.40e-02	5.01e-02
 2.48092e+16	9.93e-01	7.47e-03	2.50e-08	0.00e+00	0.00e+00	0.00e+00	0.00e+00	0.00e+00	0.00e+00	8.59e-01	8.37e-02	4.99e-02
