#depth	He	He+	He+2
 2.71079e+11	1.63e-03	9.98e-01	5.12e-04
 1.62647e+12	1.63e-03	9.98e-01	5.12e-04
 7.04806e+12	1.63e-03	9.98e-01	5.08e-04
 2.87344e+13	1.63e-03	9.98e-01	4.91e-04
 6.86372e+13	1.64e-03	9.98e-01	4.80e-04
 1.20511e+14	1.64e-03	9.98e-01	4.52e-04
 1.87947e+14	1.65e-03	9.98e-01	4.06e-04
 2.75613e+14	1.65e-03	9.98e-01	3.46e-04
 3.89580e+14	1.66e-03	9.98e-01	2.74e-04
 5.37736e+14	1.67e-03	9.98e-01	1.98e-04
 7.30340e+14	1.69e-03	9.98e-01	1.27e-04
 9.80724e+14	1.71e-03	9.98e-01	7.00e-05
 1.30622e+15	1.74e-03	9.98e-01	3.23e-05
 1.72937e+15	1.78e-03	9.98e-01	1.20e-05
 2.27947e+15	1.83e-03	9.98e-01	3.45e-06
 2.99459e+15	1.91e-03	9.98e-01	7.33e-07
 3.92425e+15	2.00e-03	9.98e-01	1.13e-07
 5.05076e+15	2.13e-03	9.98e-01	1.43e-08
 6.24102e+15	2.27e-03	9.98e-01	2.09e-09
 7.34263e+15	2.42e-03	9.98e-01	4.57e-10
 8.24778e+15	2.54e-03	9.97e-01	1.60e-10
 9.07256e+15	2.68e-03	9.97e-01	7.38e-11
 9.92981e+15	2.83e-03	9.97e-01	4.08e-11
 1.07367e+16	2.99e-03	9.97e-01	2.85e-11
 1.14637e+16	3.15e-03	9.97e-01	2.34e-11
 1.21339e+16	3.31e-03	9.97e-01	2.10e-11
 1.27741e+16	3.48e-03	9.97e-01	1.97e-11
 1.33908e+16	3.66e-03	9.96e-01	1.90e-11
 1.39766e+16	3.86e-03	9.96e-01	1.87e-11
 1.45298e+16	4.06e-03	9.96e-01	1.85e-11
 1.50546e+16	4.27e-03	9.96e-01	1.84e-11
 1.55559e+16	4.50e-03	9.96e-01	1.85e-11
 1.60358e+16	4.74e-03	9.95e-01	1.86e-11
 1.64947e+16	5.00e-03	9.95e-01	1.87e-11
 1.69325e+16	5.28e-03	9.95e-01	1.89e-11
 1.73510e+16	5.58e-03	9.94e-01	1.90e-11
 1.77514e+16	5.91e-03	9.94e-01	1.93e-11
 1.81344e+16	6.26e-03	9.94e-01	1.95e-11
 1.85013e+16	6.65e-03	9.93e-01	1.98e-11
 1.88529e+16	7.07e-03	9.93e-01	2.01e-11
 1.91891e+16	7.54e-03	9.92e-01	2.05e-11
 1.95073e+16	8.05e-03	9.92e-01	2.10e-11
 1.98063e+16	8.60e-03	9.91e-01	2.13e-11
 2.00858e+16	9.20e-03	9.91e-01	2.17e-11
 2.03474e+16	9.85e-03	9.90e-01	2.22e-11
 2.05961e+16	1.06e-02	9.89e-01	2.28e-11
 2.08338e+16	1.14e-02	9.89e-01	2.34e-11
 2.10594e+16	1.23e-02	9.88e-01	2.42e-11
 2.12717e+16	1.33e-02	9.87e-01	2.52e-11
 2.14718e+16	1.44e-02	9.86e-01	2.63e-11
 2.16615e+16	1.57e-02	9.84e-01	2.75e-11
 2.18414e+16	1.72e-02	9.83e-01	2.89e-11
 2.20112e+16	1.88e-02	9.81e-01	3.06e-11
 2.21710e+16	2.07e-02	9.79e-01	3.26e-11
 2.23212e+16	2.30e-02	9.77e-01	3.55e-11
 2.24626e+16	2.55e-02	9.74e-01	3.90e-11
 2.25959e+16	2.86e-02	9.71e-01	4.33e-11
 2.27202e+16	3.21e-02	9.68e-01	4.87e-11
 2.28198e+16	3.57e-02	9.64e-01	5.48e-11
 2.28899e+16	3.87e-02	9.61e-01	5.91e-11
 2.29497e+16	4.17e-02	9.58e-01	6.46e-11
 2.30176e+16	4.57e-02	9.54e-01	7.44e-11
 2.30901e+16	5.07e-02	9.49e-01	8.55e-11
 2.31497e+16	5.56e-02	9.44e-01	9.71e-11
 2.31967e+16	6.01e-02	9.40e-01	1.10e-10
 2.32461e+16	6.57e-02	9.34e-01	1.27e-10
 2.32989e+16	7.25e-02	9.28e-01	1.48e-10
 2.33432e+16	7.92e-02	9.21e-01	1.70e-10
 2.33799e+16	8.54e-02	9.15e-01	1.96e-10
 2.34193e+16	9.34e-02	9.07e-01	2.24e-10
 2.34610e+16	1.02e-01	8.98e-01	2.66e-10
 2.34969e+16	1.12e-01	8.88e-01	3.03e-10
 2.35282e+16	1.20e-01	8.80e-01	3.48e-10
 2.35590e+16	1.30e-01	8.70e-01	3.93e-10
 2.35925e+16	1.42e-01	8.58e-01	4.56e-10
 2.36251e+16	1.54e-01	8.46e-01	5.23e-10
 2.36527e+16	1.66e-01	8.34e-01	5.88e-10
 2.36772e+16	1.77e-01	8.23e-01	6.53e-10
 2.37009e+16	1.89e-01	8.11e-01	7.18e-10
 2.37246e+16	2.01e-01	7.99e-01	7.96e-10
 2.37435e+16	2.12e-01	7.88e-01	8.58e-10
 2.37559e+16	2.19e-01	7.81e-01	9.02e-10
 2.37672e+16	2.26e-01	7.74e-01	9.42e-10
 2.37806e+16	2.35e-01	7.65e-01	9.93e-10
 2.37952e+16	2.44e-01	7.56e-01	1.05e-09
 2.38093e+16	2.54e-01	7.46e-01	1.11e-09
 2.38228e+16	2.63e-01	7.37e-01	1.17e-09
 2.38362e+16	2.73e-01	7.27e-01	1.23e-09
 2.38497e+16	2.83e-01	7.17e-01	1.30e-09
 2.38633e+16	2.94e-01	7.06e-01	1.36e-09
 2.38768e+16	3.05e-01	6.95e-01	1.43e-09
 2.38902e+16	3.16e-01	6.84e-01	1.50e-09
 2.39038e+16	3.28e-01	6.72e-01	1.58e-09
 2.39171e+16	3.39e-01	6.61e-01	1.65e-09
 2.39303e+16	3.51e-01	6.49e-01	1.73e-09
 2.39437e+16	3.63e-01	6.37e-01	1.80e-09
 2.39571e+16	3.75e-01	6.25e-01	1.89e-09
 2.39704e+16	3.89e-01	6.11e-01	1.97e-09
 2.39837e+16	4.01e-01	5.99e-01	2.05e-09
 2.39970e+16	4.14e-01	5.86e-01	2.14e-09
 2.40104e+16	4.28e-01	5.72e-01	2.22e-09
 2.40236e+16	4.41e-01	5.59e-01	2.31e-09
 2.40366e+16	4.55e-01	5.45e-01	2.40e-09
 2.40499e+16	4.69e-01	5.31e-01	2.48e-09
 2.40632e+16	4.83e-01	5.17e-01	2.57e-09
 2.40763e+16	4.97e-01	5.03e-01	2.66e-09
 2.40894e+16	5.11e-01	4.89e-01	2.74e-09
 2.41025e+16	5.25e-01	4.75e-01	2.83e-09
 2.41155e+16	5.39e-01	4.61e-01	2.91e-09
 2.41285e+16	5.53e-01	4.47e-01	3.00e-09
 2.41413e+16	5.67e-01	4.33e-01	3.08e-09
 2.41540e+16	5.81e-01	4.19e-01	3.16e-09
 2.41665e+16	5.94e-01	4.06e-01	3.23e-09
 2.41789e+16	6.08e-01	3.92e-01	3.30e-09
 2.41912e+16	6.21e-01	3.79e-01	3.38e-09
 2.42033e+16	6.34e-01	3.66e-01	3.45e-09
 2.42153e+16	6.46e-01	3.54e-01	3.51e-09
 2.42272e+16	6.59e-01	3.41e-01	3.57e-09
 2.42391e+16	6.71e-01	3.29e-01	3.63e-09
 2.42509e+16	6.83e-01	3.17e-01	3.69e-09
 2.42625e+16	6.94e-01	3.06e-01	3.73e-09
 2.42739e+16	7.06e-01	2.94e-01	3.78e-09
 2.42854e+16	7.17e-01	2.83e-01	3.83e-09
 2.42969e+16	7.27e-01	2.73e-01	3.88e-09
 2.43082e+16	7.38e-01	2.62e-01	3.92e-09
 2.43194e+16	7.48e-01	2.52e-01	3.95e-09
 2.43305e+16	7.58e-01	2.42e-01	3.98e-09
 2.43417e+16	7.68e-01	2.32e-01	4.01e-09
 2.43528e+16	7.77e-01	2.23e-01	4.03e-09
 2.43636e+16	7.86e-01	2.14e-01	4.06e-09
 2.43746e+16	7.95e-01	2.05e-01	4.07e-09
 2.43854e+16	8.03e-01	1.97e-01	4.08e-09
 2.43962e+16	8.12e-01	1.88e-01	4.09e-09
 2.44072e+16	8.19e-01	1.81e-01	4.11e-09
 2.44179e+16	8.27e-01	1.73e-01	4.12e-09
 2.44284e+16	8.34e-01	1.66e-01	4.12e-09
 2.44389e+16	8.42e-01	1.58e-01	4.10e-09
 2.44497e+16	8.49e-01	1.51e-01	4.12e-09
 2.44606e+16	8.55e-01	1.45e-01	4.10e-09
 2.44710e+16	8.62e-01	1.38e-01	4.10e-09
 2.44812e+16	8.68e-01	1.32e-01	4.07e-09
 2.44917e+16	8.74e-01	1.26e-01	4.05e-09
 2.45025e+16	8.80e-01	1.20e-01	4.04e-09
 2.45132e+16	8.85e-01	1.15e-01	4.03e-09
 2.45233e+16	8.90e-01	1.10e-01	4.02e-09
 2.45331e+16	8.95e-01	1.05e-01	3.97e-09
 2.45435e+16	9.00e-01	9.97e-02	3.94e-09
 2.45545e+16	9.05e-01	9.50e-02	3.93e-09
 2.45647e+16	9.09e-01	9.07e-02	3.91e-09
 2.45741e+16	9.13e-01	8.67e-02	3.87e-09
 2.45839e+16	9.17e-01	8.27e-02	3.83e-09
 2.45943e+16	9.21e-01	7.87e-02	3.79e-09
 2.46045e+16	9.25e-01	7.50e-02	3.76e-09
 2.46143e+16	9.28e-01	7.15e-02	3.72e-09
 2.46238e+16	9.32e-01	6.83e-02	3.68e-09
 2.46334e+16	9.35e-01	6.51e-02	3.64e-09
 2.46431e+16	9.38e-01	6.21e-02	3.60e-09
 2.46526e+16	9.41e-01	5.93e-02	3.56e-09
 2.46619e+16	9.43e-01	5.66e-02	3.52e-09
 2.46710e+16	9.46e-01	5.42e-02	3.48e-09
 2.46799e+16	9.48e-01	5.18e-02	3.44e-09
 2.46887e+16	9.50e-01	4.95e-02	3.39e-09
 2.46975e+16	9.53e-01	4.74e-02	3.34e-09
 2.47062e+16	9.55e-01	4.54e-02	3.29e-09
 2.47146e+16	9.57e-01	4.34e-02	3.24e-09
 2.47228e+16	9.58e-01	4.16e-02	3.19e-09
 2.47305e+16	9.60e-01	4.00e-02	3.13e-09
 2.47373e+16	9.61e-01	3.86e-02	3.08e-09
 2.47433e+16	9.63e-01	3.74e-02	3.03e-09
 2.47488e+16	9.64e-01	3.63e-02	2.98e-09
 2.47540e+16	9.65e-01	3.53e-02	2.93e-09
 2.47589e+16	9.66e-01	3.44e-02	2.89e-09
 2.47634e+16	9.66e-01	3.35e-02	2.84e-09
 2.47676e+16	9.67e-01	3.27e-02	2.80e-09
 2.47715e+16	9.68e-01	3.20e-02	2.76e-09
 2.47752e+16	9.69e-01	3.13e-02	2.72e-09
 2.47787e+16	9.69e-01	3.07e-02	2.68e-09
 2.47818e+16	9.70e-01	3.01e-02	2.64e-09
 2.47847e+16	9.70e-01	2.96e-02	2.61e-09
 2.47873e+16	9.71e-01	2.92e-02	2.58e-09
 2.47896e+16	9.71e-01	2.87e-02	2.55e-09
 2.47918e+16	9.72e-01	2.84e-02	2.52e-09
 2.47937e+16	9.72e-01	2.80e-02	2.50e-09
 2.47959e+16	9.72e-01	2.76e-02	2.47e-09
 2.47987e+16	9.73e-01	2.71e-02	2.44e-09
 2.48017e+16	9.73e-01	2.67e-02	2.40e-09
 2.48044e+16	9.74e-01	2.62e-02	2.37e-09
 2.48069e+16	9.74e-01	2.58e-02	2.34e-09
 2.48092e+16	9.75e-01	2.54e-02	2.32e-09
