#depth	H	H+	H2
 2.71079e+11	1.11e-03	9.99e-01	3.51e-14
 1.62647e+12	1.11e-03	9.99e-01	3.51e-14
 7.04806e+12	1.11e-03	9.99e-01	3.51e-14
 2.87344e+13	1.11e-03	9.99e-01	3.52e-14
 6.86372e+13	1.10e-03	9.99e-01	3.52e-14
 1.20511e+14	1.10e-03	9.99e-01	3.52e-14
 1.87947e+14	1.09e-03	9.99e-01	3.54e-14
 2.75613e+14	1.09e-03	9.99e-01	3.55e-14
 3.89580e+14	1.08e-03	9.99e-01	3.57e-14
 5.37736e+14	1.08e-03	9.99e-01	3.61e-14
 7.30340e+14	1.08e-03	9.99e-01	3.66e-14
 9.80724e+14	1.07e-03	9.99e-01	3.74e-14
 1.30622e+15	1.08e-03	9.99e-01	3.84e-14
 1.72937e+15	1.09e-03	9.99e-01	3.99e-14
 2.27947e+15	1.10e-03	9.99e-01	4.20e-14
 2.99459e+15	1.13e-03	9.99e-01	4.50e-14
 3.92425e+15	1.18e-03	9.99e-01	4.93e-14
 5.05076e+15	1.26e-03	9.99e-01	5.49e-14
 6.24102e+15	1.35e-03	9.99e-01	6.18e-14
 7.34263e+15	1.45e-03	9.99e-01	6.91e-14
 8.24778e+15	1.55e-03	9.98e-01	7.63e-14
 9.07256e+15	1.67e-03	9.98e-01	8.38e-14
 9.92981e+15	1.81e-03	9.98e-01	9.28e-14
 1.07367e+16	1.96e-03	9.98e-01	1.03e-13
 1.14637e+16	2.12e-03	9.98e-01	1.13e-13
 1.21339e+16	2.29e-03	9.98e-01	1.24e-13
 1.27741e+16	2.48e-03	9.98e-01	1.37e-13
 1.33908e+16	2.69e-03	9.97e-01	1.50e-13
 1.39766e+16	2.92e-03	9.97e-01	1.65e-13
 1.45298e+16	3.18e-03	9.97e-01	1.82e-13
 1.50546e+16	3.45e-03	9.97e-01	2.00e-13
 1.55559e+16	3.75e-03	9.96e-01	2.20e-13
 1.60358e+16	4.09e-03	9.96e-01	2.42e-13
 1.64947e+16	4.46e-03	9.96e-01	2.67e-13
 1.69325e+16	4.87e-03	9.95e-01	2.94e-13
 1.73510e+16	5.33e-03	9.95e-01	3.26e-13
 1.77514e+16	5.84e-03	9.94e-01	3.61e-13
 1.81344e+16	6.42e-03	9.94e-01	4.00e-13
 1.85013e+16	7.06e-03	9.93e-01	4.44e-13
 1.88529e+16	7.78e-03	9.92e-01	4.94e-13
 1.91891e+16	8.60e-03	9.91e-01	5.52e-13
 1.95073e+16	9.51e-03	9.90e-01	6.14e-13
 1.98063e+16	1.05e-02	9.89e-01	6.89e-13
 2.00858e+16	1.17e-02	9.88e-01	7.72e-13
 2.03474e+16	1.30e-02	9.87e-01	8.63e-13
 2.05961e+16	1.44e-02	9.86e-01	9.69e-13
 2.08338e+16	1.61e-02	9.84e-01	1.09e-12
 2.10594e+16	1.80e-02	9.82e-01	1.23e-12
 2.12717e+16	2.02e-02	9.80e-01	1.40e-12
 2.14718e+16	2.28e-02	9.77e-01	1.60e-12
 2.16615e+16	2.58e-02	9.74e-01	1.83e-12
 2.18414e+16	2.94e-02	9.71e-01	2.11e-12
 2.20112e+16	3.36e-02	9.66e-01	2.44e-12
 2.21710e+16	3.86e-02	9.61e-01	2.85e-12
 2.23212e+16	4.46e-02	9.55e-01	3.34e-12
 2.24626e+16	5.18e-02	9.48e-01	3.95e-12
 2.25959e+16	6.07e-02	9.39e-01	4.73e-12
 2.27202e+16	7.16e-02	9.28e-01	5.71e-12
 2.28198e+16	8.29e-02	9.17e-01	6.75e-12
 2.28899e+16	9.30e-02	9.07e-01	7.72e-12
 2.29497e+16	1.03e-01	8.97e-01	8.69e-12
 2.30176e+16	1.16e-01	8.84e-01	1.00e-11
 2.30901e+16	1.33e-01	8.67e-01	1.18e-11
 2.31497e+16	1.51e-01	8.49e-01	1.38e-11
 2.31967e+16	1.66e-01	8.34e-01	1.56e-11
 2.32461e+16	1.85e-01	8.15e-01	1.79e-11
 2.32989e+16	2.09e-01	7.91e-01	2.09e-11
 2.33432e+16	2.32e-01	7.68e-01	2.41e-11
 2.33799e+16	2.52e-01	7.48e-01	2.70e-11
 2.34193e+16	2.78e-01	7.22e-01	3.10e-11
 2.34610e+16	3.06e-01	6.94e-01	3.57e-11
 2.34969e+16	3.33e-01	6.67e-01	4.07e-11
 2.35282e+16	3.57e-01	6.43e-01	4.55e-11
 2.35590e+16	3.83e-01	6.17e-01	5.11e-11
 2.35925e+16	4.12e-01	5.88e-01	5.79e-11
 2.36251e+16	4.42e-01	5.58e-01	6.55e-11
 2.36527e+16	4.67e-01	5.33e-01	7.27e-11
 2.36772e+16	4.89e-01	5.11e-01	7.96e-11
 2.37009e+16	5.12e-01	4.88e-01	8.76e-11
 2.37246e+16	5.34e-01	4.66e-01	9.56e-11
 2.37435e+16	5.51e-01	4.49e-01	1.03e-10
 2.37559e+16	5.62e-01	4.38e-01	1.07e-10
 2.37672e+16	5.73e-01	4.27e-01	1.12e-10
 2.37806e+16	5.85e-01	4.15e-01	1.18e-10
 2.37952e+16	5.98e-01	4.02e-01	1.25e-10
 2.38093e+16	6.11e-01	3.89e-01	1.32e-10
 2.38228e+16	6.23e-01	3.77e-01	1.39e-10
 2.38362e+16	6.35e-01	3.65e-01	1.46e-10
 2.38497e+16	6.47e-01	3.53e-01	1.54e-10
 2.38633e+16	6.59e-01	3.41e-01	1.62e-10
 2.38768e+16	6.70e-01	3.30e-01	1.70e-10
 2.38902e+16	6.81e-01	3.19e-01	1.80e-10
 2.39038e+16	6.92e-01	3.08e-01	1.89e-10
 2.39171e+16	7.03e-01	2.97e-01	1.99e-10
 2.39303e+16	7.13e-01	2.87e-01	2.09e-10
 2.39437e+16	7.24e-01	2.76e-01	2.21e-10
 2.39571e+16	7.34e-01	2.66e-01	2.32e-10
 2.39704e+16	7.44e-01	2.56e-01	2.45e-10
 2.39837e+16	7.54e-01	2.46e-01	2.57e-10
 2.39970e+16	7.63e-01	2.37e-01	2.71e-10
 2.40104e+16	7.72e-01	2.28e-01	2.86e-10
 2.40236e+16	7.81e-01	2.19e-01	3.01e-10
 2.40366e+16	7.90e-01	2.10e-01	3.16e-10
 2.40499e+16	7.98e-01	2.02e-01	3.34e-10
 2.40632e+16	8.06e-01	1.94e-01	3.50e-10
 2.40763e+16	8.14e-01	1.86e-01	3.70e-10
 2.40894e+16	8.22e-01	1.78e-01	3.90e-10
 2.41025e+16	8.29e-01	1.71e-01	4.11e-10
 2.41155e+16	8.36e-01	1.64e-01	4.34e-10
 2.41285e+16	8.43e-01	1.57e-01	4.58e-10
 2.41413e+16	8.50e-01	1.50e-01	4.82e-10
 2.41540e+16	8.56e-01	1.44e-01	5.08e-10
 2.41665e+16	8.62e-01	1.38e-01	5.35e-10
 2.41789e+16	8.67e-01	1.33e-01	5.67e-10
 2.41912e+16	8.73e-01	1.27e-01	5.94e-10
 2.42033e+16	8.78e-01	1.22e-01	6.29e-10
 2.42153e+16	8.83e-01	1.17e-01	6.64e-10
 2.42272e+16	8.87e-01	1.13e-01	7.00e-10
 2.42391e+16	8.92e-01	1.08e-01	7.35e-10
 2.42509e+16	8.96e-01	1.04e-01	7.80e-10
 2.42625e+16	9.00e-01	9.95e-02	8.25e-10
 2.42739e+16	9.04e-01	9.56e-02	8.71e-10
 2.42854e+16	9.08e-01	9.19e-02	9.14e-10
 2.42969e+16	9.12e-01	8.83e-02	9.66e-10
 2.43082e+16	9.15e-01	8.49e-02	1.02e-09
 2.43194e+16	9.18e-01	8.16e-02	1.08e-09
 2.43305e+16	9.22e-01	7.83e-02	1.14e-09
 2.43417e+16	9.25e-01	7.53e-02	1.22e-09
 2.43528e+16	9.28e-01	7.23e-02	1.29e-09
 2.43636e+16	9.30e-01	6.96e-02	1.36e-09
 2.43746e+16	9.33e-01	6.69e-02	1.45e-09
 2.43854e+16	9.36e-01	6.43e-02	1.54e-09
 2.43962e+16	9.38e-01	6.18e-02	1.64e-09
 2.44072e+16	9.40e-01	5.95e-02	1.72e-09
 2.44179e+16	9.43e-01	5.73e-02	1.84e-09
 2.44284e+16	9.45e-01	5.51e-02	1.96e-09
 2.44389e+16	9.47e-01	5.30e-02	2.09e-09
 2.44497e+16	9.49e-01	5.11e-02	2.20e-09
 2.44606e+16	9.51e-01	4.90e-02	2.37e-09
 2.44710e+16	9.53e-01	4.72e-02	2.54e-09
 2.44812e+16	9.55e-01	4.54e-02	2.72e-09
 2.44917e+16	9.56e-01	4.37e-02	2.90e-09
 2.45025e+16	9.58e-01	4.20e-02	3.10e-09
 2.45132e+16	9.60e-01	4.04e-02	3.33e-09
 2.45233e+16	9.61e-01	3.89e-02	3.58e-09
 2.45331e+16	9.63e-01	3.75e-02	3.84e-09
 2.45435e+16	9.64e-01	3.61e-02	4.13e-09
 2.45545e+16	9.65e-01	3.47e-02	4.45e-09
 2.45647e+16	9.67e-01	3.34e-02	4.81e-09
 2.45741e+16	9.68e-01	3.22e-02	5.17e-09
 2.45839e+16	9.69e-01	3.11e-02	5.60e-09
 2.45943e+16	9.70e-01	2.98e-02	6.13e-09
 2.46045e+16	9.71e-01	2.86e-02	6.70e-09
 2.46143e+16	9.72e-01	2.76e-02	7.28e-09
 2.46238e+16	9.73e-01	2.66e-02	7.95e-09
 2.46334e+16	9.74e-01	2.56e-02	8.72e-09
 2.46431e+16	9.75e-01	2.46e-02	9.60e-09
 2.46526e+16	9.76e-01	2.36e-02	1.06e-08
 2.46619e+16	9.77e-01	2.27e-02	1.17e-08
 2.46710e+16	9.78e-01	2.18e-02	1.28e-08
 2.46799e+16	9.79e-01	2.10e-02	1.41e-08
 2.46887e+16	9.80e-01	2.02e-02	1.55e-08
 2.46975e+16	9.81e-01	1.94e-02	1.70e-08
 2.47062e+16	9.81e-01	1.86e-02	1.86e-08
 2.47146e+16	9.82e-01	1.78e-02	2.02e-08
 2.47228e+16	9.83e-01	1.71e-02	2.18e-08
 2.47305e+16	9.84e-01	1.64e-02	2.32e-08
 2.47373e+16	9.84e-01	1.58e-02	2.44e-08
 2.47433e+16	9.85e-01	1.53e-02	2.53e-08
 2.47488e+16	9.85e-01	1.49e-02	2.60e-08
 2.47540e+16	9.86e-01	1.45e-02	2.66e-08
 2.47589e+16	9.86e-01	1.41e-02	2.71e-08
 2.47634e+16	9.86e-01	1.37e-02	2.75e-08
 2.47676e+16	9.87e-01	1.34e-02	2.79e-08
 2.47715e+16	9.87e-01	1.30e-02	2.83e-08
 2.47752e+16	9.87e-01	1.27e-02	2.87e-08
 2.47787e+16	9.88e-01	1.24e-02	2.91e-08
 2.47818e+16	9.88e-01	1.22e-02	2.94e-08
 2.47847e+16	9.88e-01	1.20e-02	2.98e-08
 2.47873e+16	9.88e-01	1.17e-02	3.01e-08
 2.47896e+16	9.88e-01	1.16e-02	3.05e-08
 2.47918e+16	9.89e-01	1.14e-02	3.08e-08
 2.47937e+16	9.89e-01	1.12e-02	3.11e-08
 2.47959e+16	9.89e-01	1.11e-02	3.14e-08
 2.47987e+16	9.89e-01	1.08e-02	3.20e-08
 2.48017e+16	9.89e-01	1.06e-02	3.26e-08
 2.48044e+16	9.90e-01	1.04e-02	3.32e-08
 2.48069e+16	9.90e-01	1.02e-02	3.38e-08
 2.48092e+16	9.90e-01	9.99e-03	3.44e-08
