#depth	O	O+	O+2	O+3	O+4	O+5	O+6	O+7	O+8	O[1]	O[2]	O[3]
 6.94326e+11	3.41e-06	6.65e-03	8.92e-01	1.01e-01	1.81e-05	0.00e+00	0.00e+00	0.00e+00	0.00e+00	2.42e-06	6.56e-07	3.31e-07
 4.16596e+12	3.40e-06	6.64e-03	8.92e-01	1.01e-01	1.81e-05	0.00e+00	0.00e+00	0.00e+00	0.00e+00	2.42e-06	6.54e-07	3.30e-07
 1.80525e+13	3.40e-06	6.65e-03	8.93e-01	9.99e-02	1.77e-05	0.00e+00	0.00e+00	0.00e+00	0.00e+00	2.42e-06	6.55e-07	3.31e-07
 7.35986e+13	3.43e-06	6.69e-03	8.98e-01	9.50e-02	1.64e-05	0.00e+00	0.00e+00	0.00e+00	0.00e+00	2.44e-06	6.61e-07	3.34e-07
 1.75803e+14	3.45e-06	6.75e-03	9.05e-01	8.84e-02	1.46e-05	0.00e+00	0.00e+00	0.00e+00	0.00e+00	2.45e-06	6.64e-07	3.35e-07
 3.08670e+14	3.48e-06	6.82e-03	9.13e-01	8.02e-02	1.25e-05	0.00e+00	0.00e+00	0.00e+00	0.00e+00	2.47e-06	6.69e-07	3.38e-07
 4.81396e+14	3.53e-06	6.92e-03	9.23e-01	7.01e-02	1.01e-05	0.00e+00	0.00e+00	0.00e+00	0.00e+00	2.51e-06	6.79e-07	3.43e-07
 7.05940e+14	3.61e-06	7.06e-03	9.35e-01	5.84e-02	7.59e-06	0.00e+00	0.00e+00	0.00e+00	0.00e+00	2.56e-06	6.94e-07	3.51e-07
 9.97847e+14	3.72e-06	7.23e-03	9.47e-01	4.55e-02	5.17e-06	0.00e+00	0.00e+00	0.00e+00	0.00e+00	2.64e-06	7.13e-07	3.61e-07
 1.37733e+15	3.87e-06	7.44e-03	9.60e-01	3.22e-02	3.07e-06	0.00e+00	0.00e+00	0.00e+00	0.00e+00	2.75e-06	7.42e-07	3.76e-07
 1.87065e+15	4.08e-06	7.69e-03	9.72e-01	2.02e-02	1.51e-06	0.00e+00	0.00e+00	0.00e+00	0.00e+00	2.90e-06	7.81e-07	3.96e-07
 2.51197e+15	4.36e-06	7.99e-03	9.81e-01	1.08e-02	5.89e-07	0.00e+00	0.00e+00	0.00e+00	0.00e+00	3.10e-06	8.33e-07	4.24e-07
 3.34568e+15	4.74e-06	8.35e-03	9.87e-01	4.76e-03	1.72e-07	0.00e+00	0.00e+00	0.00e+00	0.00e+00	3.38e-06	9.06e-07	4.61e-07
 4.42952e+15	5.30e-06	8.79e-03	9.89e-01	1.72e-03	0.00e+00	0.00e+00	0.00e+00	0.00e+00	0.00e+00	3.77e-06	1.01e-06	5.15e-07
 5.83850e+15	6.15e-06	9.38e-03	9.90e-01	5.15e-04	0.00e+00	0.00e+00	0.00e+00	0.00e+00	0.00e+00	4.38e-06	1.17e-06	5.98e-07
 7.67017e+15	7.50e-06	1.02e-02	9.90e-01	1.43e-04	0.00e+00	0.00e+00	0.00e+00	0.00e+00	0.00e+00	5.34e-06	1.43e-06	7.29e-07
 1.00513e+16	9.80e-06	1.14e-02	9.89e-01	4.90e-05	0.00e+00	0.00e+00	0.00e+00	0.00e+00	0.00e+00	6.99e-06	1.86e-06	9.53e-07
 1.25272e+16	1.28e-05	1.27e-02	9.87e-01	2.85e-05	0.00e+00	0.00e+00	0.00e+00	0.00e+00	0.00e+00	9.13e-06	2.43e-06	1.25e-06
 1.46733e+16	1.64e-05	1.41e-02	9.86e-01	2.22e-05	0.00e+00	0.00e+00	0.00e+00	0.00e+00	0.00e+00	1.17e-05	3.12e-06	1.60e-06
 1.70103e+16	2.21e-05	1.59e-02	9.84e-01	1.83e-05	0.00e+00	0.00e+00	0.00e+00	0.00e+00	0.00e+00	1.58e-05	4.20e-06	2.15e-06
 1.92477e+16	2.92e-05	1.78e-02	9.82e-01	1.58e-05	0.00e+00	0.00e+00	0.00e+00	0.00e+00	0.00e+00	2.08e-05	5.56e-06	2.84e-06
 2.11725e+16	3.81e-05	1.98e-02	9.80e-01	1.40e-05	0.00e+00	0.00e+00	0.00e+00	0.00e+00	0.00e+00	2.71e-05	7.25e-06	3.70e-06
 2.32898e+16	5.14e-05	2.25e-02	9.77e-01	1.23e-05	0.00e+00	0.00e+00	0.00e+00	0.00e+00	0.00e+00	3.66e-05	9.81e-06	5.00e-06
 2.48801e+16	6.47e-05	2.49e-02	9.75e-01	1.12e-05	0.00e+00	0.00e+00	0.00e+00	0.00e+00	0.00e+00	4.60e-05	1.24e-05	6.29e-06
 2.56513e+16	7.28e-05	2.62e-02	9.74e-01	1.07e-05	0.00e+00	0.00e+00	0.00e+00	0.00e+00	0.00e+00	5.18e-05	1.39e-05	7.08e-06
 2.63180e+16	8.09e-05	2.74e-02	9.73e-01	1.03e-05	0.00e+00	0.00e+00	0.00e+00	0.00e+00	0.00e+00	5.75e-05	1.55e-05	7.87e-06
 2.71848e+16	9.32e-05	2.92e-02	9.71e-01	9.74e-06	0.00e+00	0.00e+00	0.00e+00	0.00e+00	0.00e+00	6.62e-05	1.79e-05	9.06e-06
 2.83117e+16	1.12e-04	3.18e-02	9.68e-01	9.10e-06	0.00e+00	0.00e+00	0.00e+00	0.00e+00	0.00e+00	7.98e-05	2.16e-05	1.09e-05
 2.94276e+16	1.36e-04	3.46e-02	9.65e-01	8.47e-06	0.00e+00	0.00e+00	0.00e+00	0.00e+00	0.00e+00	9.64e-05	2.62e-05	1.32e-05
 3.02681e+16	1.58e-04	3.71e-02	9.63e-01	7.98e-06	0.00e+00	0.00e+00	0.00e+00	0.00e+00	0.00e+00	1.12e-04	3.04e-05	1.53e-05
 3.09878e+16	1.80e-04	3.95e-02	9.60e-01	7.64e-06	0.00e+00	0.00e+00	0.00e+00	0.00e+00	0.00e+00	1.28e-04	3.48e-05	1.75e-05
 3.18115e+16	2.10e-04	4.25e-02	9.57e-01	7.20e-06	0.00e+00	0.00e+00	0.00e+00	0.00e+00	0.00e+00	1.49e-04	4.07e-05	2.05e-05
 3.27193e+16	2.51e-04	4.62e-02	9.54e-01	6.74e-06	0.00e+00	0.00e+00	0.00e+00	0.00e+00	0.00e+00	1.78e-04	4.86e-05	2.44e-05
 3.35368e+16	2.95e-04	5.00e-02	9.50e-01	6.32e-06	0.00e+00	0.00e+00	0.00e+00	0.00e+00	0.00e+00	2.09e-04	5.73e-05	2.87e-05
 3.42631e+16	3.43e-04	5.38e-02	9.46e-01	5.96e-06	0.00e+00	0.00e+00	0.00e+00	0.00e+00	0.00e+00	2.43e-04	6.67e-05	3.33e-05
 3.50702e+16	4.09e-04	5.86e-02	9.41e-01	5.57e-06	0.00e+00	0.00e+00	0.00e+00	0.00e+00	0.00e+00	2.89e-04	7.94e-05	3.97e-05
 3.59288e+16	4.94e-04	6.44e-02	9.35e-01	5.16e-06	0.00e+00	0.00e+00	0.00e+00	0.00e+00	0.00e+00	3.50e-04	9.60e-05	4.79e-05
 3.66621e+16	5.86e-04	7.02e-02	9.29e-01	4.78e-06	0.00e+00	0.00e+00	0.00e+00	0.00e+00	0.00e+00	4.15e-04	1.14e-04	5.68e-05
 3.73063e+16	6.83e-04	7.58e-02	9.23e-01	4.50e-06	0.00e+00	0.00e+00	0.00e+00	0.00e+00	0.00e+00	4.84e-04	1.33e-04	6.62e-05
 3.80267e+16	8.17e-04	8.31e-02	9.16e-01	4.14e-06	0.00e+00	0.00e+00	0.00e+00	0.00e+00	0.00e+00	5.79e-04	1.59e-04	7.91e-05
 3.88056e+16	1.00e-03	9.21e-02	9.07e-01	3.78e-06	0.00e+00	0.00e+00	0.00e+00	0.00e+00	0.00e+00	7.09e-04	1.94e-04	9.68e-05
 3.94854e+16	1.20e-03	1.01e-01	8.98e-01	3.46e-06	0.00e+00	0.00e+00	0.00e+00	0.00e+00	0.00e+00	8.51e-04	2.33e-04	1.16e-04
 4.00849e+16	1.42e-03	1.10e-01	8.88e-01	3.20e-06	0.00e+00	0.00e+00	0.00e+00	0.00e+00	0.00e+00	1.01e-03	2.76e-04	1.37e-04
 4.07548e+16	1.73e-03	1.22e-01	8.76e-01	2.88e-06	0.00e+00	0.00e+00	0.00e+00	0.00e+00	0.00e+00	1.23e-03	3.36e-04	1.67e-04
 4.14771e+16	2.15e-03	1.37e-01	8.61e-01	2.56e-06	0.00e+00	0.00e+00	0.00e+00	0.00e+00	0.00e+00	1.53e-03	4.18e-04	2.08e-04
 4.20995e+16	2.63e-03	1.52e-01	8.46e-01	2.30e-06	0.00e+00	0.00e+00	0.00e+00	0.00e+00	0.00e+00	1.86e-03	5.10e-04	2.53e-04
 4.26325e+16	3.14e-03	1.66e-01	8.30e-01	2.07e-06	0.00e+00	0.00e+00	0.00e+00	0.00e+00	0.00e+00	2.23e-03	6.09e-04	3.02e-04
 4.32174e+16	3.85e-03	1.85e-01	8.11e-01	1.82e-06	0.00e+00	0.00e+00	0.00e+00	0.00e+00	0.00e+00	2.73e-03	7.47e-04	3.71e-04
 4.38396e+16	4.83e-03	2.08e-01	7.88e-01	1.58e-06	0.00e+00	0.00e+00	0.00e+00	0.00e+00	0.00e+00	3.43e-03	9.37e-04	4.64e-04
 4.43608e+16	5.89e-03	2.30e-01	7.64e-01	1.38e-06	0.00e+00	0.00e+00	0.00e+00	0.00e+00	0.00e+00	4.18e-03	1.14e-03	5.66e-04
 4.47997e+16	7.01e-03	2.51e-01	7.42e-01	1.22e-06	0.00e+00	0.00e+00	0.00e+00	0.00e+00	0.00e+00	4.98e-03	1.36e-03	6.73e-04
 4.52811e+16	8.56e-03	2.77e-01	7.14e-01	1.05e-06	0.00e+00	0.00e+00	0.00e+00	0.00e+00	0.00e+00	6.08e-03	1.66e-03	8.21e-04
 4.57992e+16	1.07e-02	3.09e-01	6.80e-01	8.73e-07	0.00e+00	0.00e+00	0.00e+00	0.00e+00	0.00e+00	7.61e-03	2.07e-03	1.03e-03
 4.62410e+16	1.31e-02	3.40e-01	6.47e-01	7.39e-07	0.00e+00	0.00e+00	0.00e+00	0.00e+00	0.00e+00	9.30e-03	2.53e-03	1.25e-03
 4.66134e+16	1.56e-02	3.69e-01	6.15e-01	6.29e-07	0.00e+00	0.00e+00	0.00e+00	0.00e+00	0.00e+00	1.11e-02	3.01e-03	1.49e-03
 4.70192e+16	1.90e-02	4.04e-01	5.77e-01	5.17e-07	0.00e+00	0.00e+00	0.00e+00	0.00e+00	0.00e+00	1.35e-02	3.66e-03	1.82e-03
 4.74578e+16	2.37e-02	4.45e-01	5.31e-01	4.08e-07	0.00e+00	0.00e+00	0.00e+00	0.00e+00	0.00e+00	1.69e-02	4.56e-03	2.27e-03
 4.78357e+16	2.89e-02	4.83e-01	4.88e-01	3.25e-07	0.00e+00	0.00e+00	0.00e+00	0.00e+00	0.00e+00	2.06e-02	5.55e-03	2.76e-03
 4.81586e+16	3.44e-02	5.18e-01	4.48e-01	2.61e-07	0.00e+00	0.00e+00	0.00e+00	0.00e+00	0.00e+00	2.45e-02	6.60e-03	3.29e-03
 4.85131e+16	4.19e-02	5.57e-01	4.01e-01	1.98e-07	0.00e+00	0.00e+00	0.00e+00	0.00e+00	0.00e+00	2.99e-02	8.02e-03	4.00e-03
 4.88974e+16	5.23e-02	6.00e-01	3.48e-01	1.42e-07	0.00e+00	0.00e+00	0.00e+00	0.00e+00	0.00e+00	3.73e-02	9.98e-03	4.99e-03
 4.92296e+16	6.37e-02	6.36e-01	3.00e-01	0.00e+00	0.00e+00	0.00e+00	0.00e+00	0.00e+00	0.00e+00	4.55e-02	1.21e-02	6.07e-03
 4.94787e+16	7.40e-02	6.61e-01	2.65e-01	0.00e+00	0.00e+00	0.00e+00	0.00e+00	0.00e+00	0.00e+00	5.29e-02	1.40e-02	7.04e-03
 4.96681e+16	8.29e-02	6.79e-01	2.38e-01	0.00e+00	0.00e+00	0.00e+00	0.00e+00	0.00e+00	0.00e+00	5.93e-02	1.57e-02	7.88e-03
 4.98716e+16	9.41e-02	6.97e-01	2.09e-01	0.00e+00	0.00e+00	0.00e+00	0.00e+00	0.00e+00	0.00e+00	6.74e-02	1.77e-02	8.93e-03
 5.00954e+16	1.08e-01	7.13e-01	1.79e-01	0.00e+00	0.00e+00	0.00e+00	0.00e+00	0.00e+00	0.00e+00	7.76e-02	2.03e-02	1.03e-02
 5.02935e+16	1.23e-01	7.24e-01	1.54e-01	0.00e+00	0.00e+00	0.00e+00	0.00e+00	0.00e+00	0.00e+00	8.82e-02	2.29e-02	1.16e-02
 5.04598e+16	1.36e-01	7.30e-01	1.34e-01	0.00e+00	0.00e+00	0.00e+00	0.00e+00	0.00e+00	0.00e+00	9.79e-02	2.53e-02	1.29e-02
 5.06366e+16	1.53e-01	7.34e-01	1.14e-01	0.00e+00	0.00e+00	0.00e+00	0.00e+00	0.00e+00	0.00e+00	1.10e-01	2.82e-02	1.44e-02
 5.08242e+16	1.72e-01	7.34e-01	9.41e-02	0.00e+00	0.00e+00	0.00e+00	0.00e+00	0.00e+00	0.00e+00	1.24e-01	3.16e-02	1.62e-02
 5.09810e+16	1.91e-01	7.30e-01	7.92e-02	0.00e+00	0.00e+00	0.00e+00	0.00e+00	0.00e+00	0.00e+00	1.38e-01	3.48e-02	1.79e-02
 5.11129e+16	2.08e-01	7.24e-01	6.79e-02	0.00e+00	0.00e+00	0.00e+00	0.00e+00	0.00e+00	0.00e+00	1.51e-01	3.77e-02	1.95e-02
 5.12570e+16	2.28e-01	7.15e-01	5.66e-02	0.00e+00	0.00e+00	0.00e+00	0.00e+00	0.00e+00	0.00e+00	1.66e-01	4.11e-02	2.14e-02
 5.14132e+16	2.53e-01	7.01e-01	4.58e-02	0.00e+00	0.00e+00	0.00e+00	0.00e+00	0.00e+00	0.00e+00	1.84e-01	4.50e-02	2.36e-02
 5.15487e+16	2.76e-01	6.86e-01	3.76e-02	0.00e+00	0.00e+00	0.00e+00	0.00e+00	0.00e+00	0.00e+00	2.02e-01	4.88e-02	2.57e-02
 5.16647e+16	2.97e-01	6.71e-01	3.16e-02	0.00e+00	0.00e+00	0.00e+00	0.00e+00	0.00e+00	0.00e+00	2.18e-01	5.20e-02	2.75e-02
 5.17916e+16	3.23e-01	6.51e-01	2.56e-02	0.00e+00	0.00e+00	0.00e+00	0.00e+00	0.00e+00	0.00e+00	2.37e-01	5.58e-02	2.97e-02
 5.19284e+16	3.52e-01	6.28e-01	2.02e-02	0.00e+00	0.00e+00	0.00e+00	0.00e+00	0.00e+00	0.00e+00	2.60e-01	5.99e-02	3.22e-02
 5.20492e+16	3.80e-01	6.04e-01	1.62e-02	0.00e+00	0.00e+00	0.00e+00	0.00e+00	0.00e+00	0.00e+00	2.81e-01	6.38e-02	3.45e-02
 5.21563e+16	4.05e-01	5.82e-01	1.32e-02	0.00e+00	0.00e+00	0.00e+00	0.00e+00	0.00e+00	0.00e+00	3.01e-01	6.70e-02	3.66e-02
 5.22666e+16	4.33e-01	5.57e-01	1.05e-02	0.00e+00	0.00e+00	0.00e+00	0.00e+00	0.00e+00	0.00e+00	3.23e-01	7.05e-02	3.88e-02
 5.23836e+16	4.62e-01	5.30e-01	8.20e-03	0.00e+00	0.00e+00	0.00e+00	0.00e+00	0.00e+00	0.00e+00	3.47e-01	7.40e-02	4.12e-02
 5.24918e+16	4.91e-01	5.02e-01	6.44e-03	0.00e+00	0.00e+00	0.00e+00	0.00e+00	0.00e+00	0.00e+00	3.71e-01	7.71e-02	4.34e-02
 5.25877e+16	5.17e-01	4.78e-01	5.16e-03	0.00e+00	0.00e+00	0.00e+00	0.00e+00	0.00e+00	0.00e+00	3.92e-01	7.97e-02	4.52e-02
 5.26768e+16	5.42e-01	4.54e-01	4.16e-03	0.00e+00	0.00e+00	0.00e+00	0.00e+00	0.00e+00	0.00e+00	4.13e-01	8.20e-02	4.70e-02
 5.27624e+16	5.65e-01	4.32e-01	3.37e-03	0.00e+00	0.00e+00	0.00e+00	0.00e+00	0.00e+00	0.00e+00	4.32e-01	8.39e-02	4.85e-02
 5.28428e+16	5.87e-01	4.10e-01	2.74e-03	0.00e+00	0.00e+00	0.00e+00	0.00e+00	0.00e+00	0.00e+00	4.52e-01	8.55e-02	4.99e-02
 5.29028e+16	6.03e-01	3.94e-01	2.36e-03	0.00e+00	0.00e+00	0.00e+00	0.00e+00	0.00e+00	0.00e+00	4.66e-01	8.65e-02	5.09e-02
 5.29425e+16	6.13e-01	3.85e-01	2.14e-03	0.00e+00	0.00e+00	0.00e+00	0.00e+00	0.00e+00	0.00e+00	4.74e-01	8.71e-02	5.14e-02
 5.29824e+16	6.23e-01	3.75e-01	1.92e-03	0.00e+00	0.00e+00	0.00e+00	0.00e+00	0.00e+00	0.00e+00	4.84e-01	8.76e-02	5.20e-02
 5.30308e+16	6.37e-01	3.61e-01	1.67e-03	0.00e+00	0.00e+00	0.00e+00	0.00e+00	0.00e+00	0.00e+00	4.96e-01	8.82e-02	5.27e-02
 5.30803e+16	6.50e-01	3.49e-01	1.46e-03	0.00e+00	0.00e+00	0.00e+00	0.00e+00	0.00e+00	0.00e+00	5.08e-01	8.87e-02	5.34e-02
 5.31254e+16	6.62e-01	3.37e-01	1.28e-03	0.00e+00	0.00e+00	0.00e+00	0.00e+00	0.00e+00	0.00e+00	5.19e-01	8.91e-02	5.39e-02
 5.31677e+16	6.73e-01	3.26e-01	1.14e-03	0.00e+00	0.00e+00	0.00e+00	0.00e+00	0.00e+00	0.00e+00	5.29e-01	8.93e-02	5.44e-02
 5.32106e+16	6.84e-01	3.15e-01	1.00e-03	0.00e+00	0.00e+00	0.00e+00	0.00e+00	0.00e+00	0.00e+00	5.40e-01	8.95e-02	5.49e-02
 5.32549e+16	6.96e-01	3.03e-01	8.79e-04	0.00e+00	0.00e+00	0.00e+00	0.00e+00	0.00e+00	0.00e+00	5.51e-01	8.97e-02	5.53e-02
 5.32979e+16	7.07e-01	2.92e-01	7.72e-04	0.00e+00	0.00e+00	0.00e+00	0.00e+00	0.00e+00	0.00e+00	5.61e-01	8.97e-02	5.57e-02
 5.33394e+16	7.17e-01	2.82e-01	6.80e-04	0.00e+00	0.00e+00	0.00e+00	0.00e+00	0.00e+00	0.00e+00	5.71e-01	8.97e-02	5.60e-02
 5.33813e+16	7.28e-01	2.71e-01	5.97e-04	0.00e+00	0.00e+00	0.00e+00	0.00e+00	0.00e+00	0.00e+00	5.82e-01	8.96e-02	5.63e-02
 5.34232e+16	7.38e-01	2.61e-01	5.23e-04	0.00e+00	0.00e+00	0.00e+00	0.00e+00	0.00e+00	0.00e+00	5.92e-01	8.95e-02	5.66e-02
 5.34646e+16	7.48e-01	2.51e-01	4.58e-04	0.00e+00	0.00e+00	0.00e+00	0.00e+00	0.00e+00	0.00e+00	6.02e-01	8.93e-02	5.68e-02
 5.35054e+16	7.58e-01	2.42e-01	4.02e-04	0.00e+00	0.00e+00	0.00e+00	0.00e+00	0.00e+00	0.00e+00	6.12e-01	8.90e-02	5.69e-02
 5.35460e+16	7.67e-01	2.33e-01	3.52e-04	0.00e+00	0.00e+00	0.00e+00	0.00e+00	0.00e+00	0.00e+00	6.21e-01	8.87e-02	5.70e-02
 5.35869e+16	7.77e-01	2.23e-01	3.07e-04	0.00e+00	0.00e+00	0.00e+00	0.00e+00	0.00e+00	0.00e+00	6.31e-01	8.83e-02	5.71e-02
 5.36268e+16	7.85e-01	2.14e-01	2.69e-04	0.00e+00	0.00e+00	0.00e+00	0.00e+00	0.00e+00	0.00e+00	6.40e-01	8.78e-02	5.72e-02
 5.36659e+16	7.94e-01	2.06e-01	2.35e-04	0.00e+00	0.00e+00	0.00e+00	0.00e+00	0.00e+00	0.00e+00	6.49e-01	8.73e-02	5.72e-02
 5.37057e+16	8.02e-01	1.97e-01	2.05e-04	0.00e+00	0.00e+00	0.00e+00	0.00e+00	0.00e+00	0.00e+00	6.58e-01	8.68e-02	5.71e-02
 5.37452e+16	8.10e-01	1.89e-01	1.79e-04	0.00e+00	0.00e+00	0.00e+00	0.00e+00	0.00e+00	0.00e+00	6.67e-01	8.62e-02	5.71e-02
 5.37839e+16	8.18e-01	1.81e-01	1.56e-04	0.00e+00	0.00e+00	0.00e+00	0.00e+00	0.00e+00	0.00e+00	6.76e-01	8.55e-02	5.69e-02
 5.38224e+16	8.26e-01	1.74e-01	1.36e-04	0.00e+00	0.00e+00	0.00e+00	0.00e+00	0.00e+00	0.00e+00	6.84e-01	8.49e-02	5.68e-02
 5.38610e+16	8.33e-01	1.67e-01	1.18e-04	0.00e+00	0.00e+00	0.00e+00	0.00e+00	0.00e+00	0.00e+00	6.92e-01	8.42e-02	5.66e-02
 5.38998e+16	8.40e-01	1.59e-01	1.03e-04	0.00e+00	0.00e+00	0.00e+00	0.00e+00	0.00e+00	0.00e+00	7.01e-01	8.35e-02	5.64e-02
 5.39374e+16	8.47e-01	1.53e-01	8.96e-05	0.00e+00	0.00e+00	0.00e+00	0.00e+00	0.00e+00	0.00e+00	7.08e-01	8.27e-02	5.62e-02
 5.39744e+16	8.54e-01	1.46e-01	7.82e-05	0.00e+00	0.00e+00	0.00e+00	0.00e+00	0.00e+00	0.00e+00	7.16e-01	8.20e-02	5.60e-02
 5.40119e+16	8.60e-01	1.40e-01	6.79e-05	0.00e+00	0.00e+00	0.00e+00	0.00e+00	0.00e+00	0.00e+00	7.23e-01	8.12e-02	5.57e-02
 5.40496e+16	8.66e-01	1.34e-01	5.88e-05	0.00e+00	0.00e+00	0.00e+00	0.00e+00	0.00e+00	0.00e+00	7.31e-01	8.04e-02	5.54e-02
 5.40863e+16	8.72e-01	1.28e-01	5.12e-05	0.00e+00	0.00e+00	0.00e+00	0.00e+00	0.00e+00	0.00e+00	7.37e-01	7.96e-02	5.51e-02
 5.41219e+16	8.77e-01	1.22e-01	4.47e-05	0.00e+00	0.00e+00	0.00e+00	0.00e+00	0.00e+00	0.00e+00	7.44e-01	7.88e-02	5.48e-02
 5.41569e+16	8.83e-01	1.17e-01	3.90e-05	0.00e+00	0.00e+00	0.00e+00	0.00e+00	0.00e+00	0.00e+00	7.50e-01	7.80e-02	5.44e-02
 5.41918e+16	8.88e-01	1.12e-01	3.41e-05	0.00e+00	0.00e+00	0.00e+00	0.00e+00	0.00e+00	0.00e+00	7.56e-01	7.72e-02	5.41e-02
 5.42267e+16	8.93e-01	1.07e-01	2.97e-05	0.00e+00	0.00e+00	0.00e+00	0.00e+00	0.00e+00	0.00e+00	7.62e-01	7.64e-02	5.37e-02
 5.42610e+16	8.97e-01	1.03e-01	2.59e-05	0.00e+00	0.00e+00	0.00e+00	0.00e+00	0.00e+00	0.00e+00	7.68e-01	7.57e-02	5.34e-02
 5.42940e+16	9.02e-01	9.84e-02	2.27e-05	0.00e+00	0.00e+00	0.00e+00	0.00e+00	0.00e+00	0.00e+00	7.74e-01	7.49e-02	5.30e-02
 5.43264e+16	9.06e-01	9.44e-02	2.00e-05	0.00e+00	0.00e+00	0.00e+00	0.00e+00	0.00e+00	0.00e+00	7.79e-01	7.42e-02	5.27e-02
 5.43591e+16	9.10e-01	9.04e-02	1.75e-05	0.00e+00	0.00e+00	0.00e+00	0.00e+00	0.00e+00	0.00e+00	7.84e-01	7.35e-02	5.23e-02
 5.43917e+16	9.13e-01	8.66e-02	1.53e-05	0.00e+00	0.00e+00	0.00e+00	0.00e+00	0.00e+00	0.00e+00	7.89e-01	7.27e-02	5.19e-02
 5.44234e+16	9.17e-01	8.30e-02	1.35e-05	0.00e+00	0.00e+00	0.00e+00	0.00e+00	0.00e+00	0.00e+00	7.93e-01	7.20e-02	5.16e-02
 5.44543e+16	9.20e-01	7.96e-02	1.19e-05	0.00e+00	0.00e+00	0.00e+00	0.00e+00	0.00e+00	0.00e+00	7.98e-01	7.13e-02	5.12e-02
 5.44849e+16	9.24e-01	7.64e-02	1.05e-05	0.00e+00	0.00e+00	0.00e+00	0.00e+00	0.00e+00	0.00e+00	8.02e-01	7.07e-02	5.09e-02
 5.45156e+16	9.27e-01	7.32e-02	9.22e-06	0.00e+00	0.00e+00	0.00e+00	0.00e+00	0.00e+00	0.00e+00	8.06e-01	7.00e-02	5.05e-02
 5.45462e+16	9.30e-01	7.02e-02	8.12e-06	0.00e+00	0.00e+00	0.00e+00	0.00e+00	0.00e+00	0.00e+00	8.10e-01	6.94e-02	5.01e-02
 5.45760e+16	9.33e-01	6.74e-02	7.17e-06	0.00e+00	0.00e+00	0.00e+00	0.00e+00	0.00e+00	0.00e+00	8.14e-01	6.87e-02	4.98e-02
 5.46050e+16	9.35e-01	6.46e-02	6.35e-06	0.00e+00	0.00e+00	0.00e+00	0.00e+00	0.00e+00	0.00e+00	8.18e-01	6.81e-02	4.94e-02
 5.46342e+16	9.38e-01	6.20e-02	5.61e-06	0.00e+00	0.00e+00	0.00e+00	0.00e+00	0.00e+00	0.00e+00	8.21e-01	6.75e-02	4.91e-02
 5.46637e+16	9.40e-01	5.96e-02	4.95e-06	0.00e+00	0.00e+00	0.00e+00	0.00e+00	0.00e+00	0.00e+00	8.25e-01	6.69e-02	4.88e-02
 5.46924e+16	9.43e-01	5.72e-02	4.38e-06	0.00e+00	0.00e+00	0.00e+00	0.00e+00	0.00e+00	0.00e+00	8.28e-01	6.64e-02	4.85e-02
 5.47202e+16	9.45e-01	5.49e-02	3.89e-06	0.00e+00	0.00e+00	0.00e+00	0.00e+00	0.00e+00	0.00e+00	8.31e-01	6.58e-02	4.81e-02
 5.47482e+16	9.47e-01	5.27e-02	3.45e-06	0.00e+00	0.00e+00	0.00e+00	0.00e+00	0.00e+00	0.00e+00	8.34e-01	6.53e-02	4.78e-02
 5.47765e+16	9.49e-01	5.06e-02	3.06e-06	0.00e+00	0.00e+00	0.00e+00	0.00e+00	0.00e+00	0.00e+00	8.37e-01	6.47e-02	4.74e-02
 5.48041e+16	9.52e-01	4.85e-02	2.71e-06	0.00e+00	0.00e+00	0.00e+00	0.00e+00	0.00e+00	0.00e+00	8.40e-01	6.42e-02	4.70e-02
 5.48311e+16	9.53e-01	4.67e-02	2.42e-06	0.00e+00	0.00e+00	0.00e+00	0.00e+00	0.00e+00	0.00e+00	8.43e-01	6.37e-02	4.67e-02
 5.48582e+16	9.55e-01	4.48e-02	2.15e-06	0.00e+00	0.00e+00	0.00e+00	0.00e+00	0.00e+00	0.00e+00	8.46e-01	6.32e-02	4.64e-02
 5.48851e+16	9.57e-01	4.31e-02	1.91e-06	0.00e+00	0.00e+00	0.00e+00	0.00e+00	0.00e+00	0.00e+00	8.48e-01	6.27e-02	4.60e-02
 5.49116e+16	9.59e-01	4.13e-02	1.71e-06	0.00e+00	0.00e+00	0.00e+00	0.00e+00	0.00e+00	0.00e+00	8.51e-01	6.22e-02	4.57e-02
 5.49376e+16	9.60e-01	3.97e-02	1.52e-06	0.00e+00	0.00e+00	0.00e+00	0.00e+00	0.00e+00	0.00e+00	8.53e-01	6.18e-02	4.54e-02
 5.49640e+16	9.62e-01	3.81e-02	1.36e-06	0.00e+00	0.00e+00	0.00e+00	0.00e+00	0.00e+00	0.00e+00	8.56e-01	6.13e-02	4.51e-02
 5.49905e+16	9.63e-01	3.66e-02	1.21e-06	0.00e+00	0.00e+00	0.00e+00	0.00e+00	0.00e+00	0.00e+00	8.58e-01	6.09e-02	4.47e-02
 5.50161e+16	9.65e-01	3.51e-02	1.08e-06	0.00e+00	0.00e+00	0.00e+00	0.00e+00	0.00e+00	0.00e+00	8.60e-01	6.05e-02	4.45e-02
 5.50413e+16	9.66e-01	3.38e-02	9.66e-07	0.00e+00	0.00e+00	0.00e+00	0.00e+00	0.00e+00	0.00e+00	8.62e-01	6.01e-02	4.42e-02
 5.50664e+16	9.68e-01	3.25e-02	8.66e-07	0.00e+00	0.00e+00	0.00e+00	0.00e+00	0.00e+00	0.00e+00	8.64e-01	5.97e-02	4.39e-02
 5.50911e+16	9.69e-01	3.12e-02	7.76e-07	0.00e+00	0.00e+00	0.00e+00	0.00e+00	0.00e+00	0.00e+00	8.66e-01	5.93e-02	4.36e-02
 5.51156e+16	9.70e-01	3.00e-02	6.96e-07	0.00e+00	0.00e+00	0.00e+00	0.00e+00	0.00e+00	0.00e+00	8.68e-01	5.89e-02	4.34e-02
 5.51404e+16	9.71e-01	2.88e-02	6.24e-07	0.00e+00	0.00e+00	0.00e+00	0.00e+00	0.00e+00	0.00e+00	8.70e-01	5.86e-02	4.31e-02
 5.51652e+16	9.72e-01	2.76e-02	5.59e-07	0.00e+00	0.00e+00	0.00e+00	0.00e+00	0.00e+00	0.00e+00	8.71e-01	5.82e-02	4.28e-02
 5.51892e+16	9.74e-01	2.65e-02	5.02e-07	0.00e+00	0.00e+00	0.00e+00	0.00e+00	0.00e+00	0.00e+00	8.73e-01	5.78e-02	4.26e-02
 5.52126e+16	9.75e-01	2.55e-02	4.52e-07	0.00e+00	0.00e+00	0.00e+00	0.00e+00	0.00e+00	0.00e+00	8.75e-01	5.75e-02	4.23e-02
 5.52360e+16	9.76e-01	2.44e-02	4.08e-07	0.00e+00	0.00e+00	0.00e+00	0.00e+00	0.00e+00	0.00e+00	8.76e-01	5.72e-02	4.21e-02
 5.52594e+16	9.77e-01	2.34e-02	3.67e-07	0.00e+00	0.00e+00	0.00e+00	0.00e+00	0.00e+00	0.00e+00	8.78e-01	5.69e-02	4.18e-02
 5.52823e+16	9.77e-01	2.25e-02	3.32e-07	0.00e+00	0.00e+00	0.00e+00	0.00e+00	0.00e+00	0.00e+00	8.79e-01	5.65e-02	4.16e-02
 5.53041e+16	9.78e-01	2.16e-02	3.01e-07	0.00e+00	0.00e+00	0.00e+00	0.00e+00	0.00e+00	0.00e+00	8.81e-01	5.62e-02	4.14e-02
 5.53243e+16	9.79e-01	2.09e-02	2.75e-07	0.00e+00	0.00e+00	0.00e+00	0.00e+00	0.00e+00	0.00e+00	8.82e-01	5.60e-02	4.12e-02
 5.53427e+16	9.80e-01	2.02e-02	2.54e-07	0.00e+00	0.00e+00	0.00e+00	0.00e+00	0.00e+00	0.00e+00	8.83e-01	5.57e-02	4.10e-02
 5.53595e+16	9.80e-01	1.96e-02	2.36e-07	0.00e+00	0.00e+00	0.00e+00	0.00e+00	0.00e+00	0.00e+00	8.84e-01	5.55e-02	4.08e-02
 5.53749e+16	9.81e-01	1.90e-02	2.21e-07	0.00e+00	0.00e+00	0.00e+00	0.00e+00	0.00e+00	0.00e+00	8.85e-01	5.53e-02	4.06e-02
 5.53896e+16	9.81e-01	1.85e-02	2.07e-07	0.00e+00	0.00e+00	0.00e+00	0.00e+00	0.00e+00	0.00e+00	8.86e-01	5.51e-02	4.05e-02
 5.54034e+16	9.82e-01	1.81e-02	1.95e-07	0.00e+00	0.00e+00	0.00e+00	0.00e+00	0.00e+00	0.00e+00	8.87e-01	5.49e-02	4.03e-02
 5.54160e+16	9.82e-01	1.76e-02	1.85e-07	0.00e+00	0.00e+00	0.00e+00	0.00e+00	0.00e+00	0.00e+00	8.87e-01	5.48e-02	4.02e-02
 5.54277e+16	9.83e-01	1.72e-02	1.76e-07	0.00e+00	0.00e+00	0.00e+00	0.00e+00	0.00e+00	0.00e+00	8.88e-01	5.46e-02	4.01e-02
 5.54388e+16	9.83e-01	1.68e-02	1.68e-07	0.00e+00	0.00e+00	0.00e+00	0.00e+00	0.00e+00	0.00e+00	8.89e-01	5.44e-02	3.99e-02
 5.54494e+16	9.84e-01	1.65e-02	1.60e-07	0.00e+00	0.00e+00	0.00e+00	0.00e+00	0.00e+00	0.00e+00	8.89e-01	5.43e-02	3.98e-02
 5.54595e+16	9.84e-01	1.61e-02	1.53e-07	0.00e+00	0.00e+00	0.00e+00	0.00e+00	0.00e+00	0.00e+00	8.90e-01	5.41e-02	3.97e-02
 5.54691e+16	9.84e-01	1.58e-02	1.47e-07	0.00e+00	0.00e+00	0.00e+00	0.00e+00	0.00e+00	0.00e+00	8.91e-01	5.40e-02	3.96e-02
 5.54781e+16	9.84e-01	1.55e-02	1.41e-07	0.00e+00	0.00e+00	0.00e+00	0.00e+00	0.00e+00	0.00e+00	8.91e-01	5.38e-02	3.95e-02
 5.54867e+16	9.85e-01	1.52e-02	1.36e-07	0.00e+00	0.00e+00	0.00e+00	0.00e+00	0.00e+00	0.00e+00	8.92e-01	5.37e-02	3.94e-02
 5.54949e+16	9.85e-01	1.49e-02	1.31e-07	0.00e+00	0.00e+00	0.00e+00	0.00e+00	0.00e+00	0.00e+00	8.92e-01	5.36e-02	3.93e-02
 5.55028e+16	9.85e-01	1.47e-02	1.26e-07	0.00e+00	0.00e+00	0.00e+00	0.00e+00	0.00e+00	0.00e+00	8.93e-01	5.34e-02	3.91e-02
 5.55104e+16	9.86e-01	1.44e-02	1.22e-07	0.00e+00	0.00e+00	0.00e+00	0.00e+00	0.00e+00	0.00e+00	8.93e-01	5.33e-02	3.90e-02
 5.55178e+16	9.86e-01	1.41e-02	1.18e-07	0.00e+00	0.00e+00	0.00e+00	0.00e+00	0.00e+00	0.00e+00	8.94e-01	5.32e-02	3.89e-02
 5.55249e+16	9.86e-01	1.39e-02	1.14e-07	0.00e+00	0.00e+00	0.00e+00	0.00e+00	0.00e+00	0.00e+00	8.94e-01	5.30e-02	3.88e-02
 5.55319e+16	9.86e-01	1.36e-02	1.11e-07	0.00e+00	0.00e+00	0.00e+00	0.00e+00	0.00e+00	0.00e+00	8.95e-01	5.29e-02	3.87e-02
 5.55389e+16	9.87e-01	1.34e-02	1.07e-07	0.00e+00	0.00e+00	0.00e+00	0.00e+00	0.00e+00	0.00e+00	8.95e-01	5.28e-02	3.86e-02
 5.55458e+16	9.87e-01	1.31e-02	1.04e-07	0.00e+00	0.00e+00	0.00e+00	0.00e+00	0.00e+00	0.00e+00	8.96e-01	5.26e-02	3.85e-02
 5.55529e+16	9.87e-01	1.29e-02	1.01e-07	0.00e+00	0.00e+00	0.00e+00	0.00e+00	0.00e+00	0.00e+00	8.96e-01	5.25e-02	3.84e-02
 5.55600e+16	9.87e-01	1.26e-02	9.73e-08	0.00e+00	0.00e+00	0.00e+00	0.00e+00	0.00e+00	0.00e+00	8.97e-01	5.23e-02	3.82e-02
 5.55675e+16	9.88e-01	1.23e-02	9.38e-08	0.00e+00	0.00e+00	0.00e+00	0.00e+00	0.00e+00	0.00e+00	8.98e-01	5.21e-02	3.81e-02
 5.55755e+16	9.88e-01	1.20e-02	9.02e-08	0.00e+00	0.00e+00	0.00e+00	0.00e+00	0.00e+00	0.00e+00	8.98e-01	5.19e-02	3.79e-02
 5.55836e+16	9.88e-01	1.16e-02	8.66e-08	0.00e+00	0.00e+00	0.00e+00	0.00e+00	0.00e+00	0.00e+00	8.99e-01	5.17e-02	3.77e-02
 5.55909e+16	9.89e-01	1.13e-02	8.35e-08	0.00e+00	0.00e+00	0.00e+00	0.00e+00	0.00e+00	0.00e+00	9.00e-01	5.15e-02	3.76e-02
 5.55975e+16	9.89e-01	1.11e-02	8.08e-08	0.00e+00	0.00e+00	0.00e+00	0.00e+00	0.00e+00	0.00e+00	9.00e-01	5.13e-02	3.74e-02
 5.56038e+16	9.89e-01	1.08e-02	7.82e-08	0.00e+00	0.00e+00	0.00e+00	0.00e+00	0.00e+00	0.00e+00	9.01e-01	5.12e-02	3.72e-02
 5.56098e+16	9.89e-01	1.05e-02	7.58e-08	0.00e+00	0.00e+00	0.00e+00	0.00e+00	0.00e+00	0.00e+00	9.01e-01	5.10e-02	3.71e-02
 5.56155e+16	9.90e-01	1.03e-02	7.35e-08	0.00e+00	0.00e+00	0.00e+00	0.00e+00	0.00e+00	0.00e+00	9.02e-01	5.08e-02	3.69e-02
 5.56207e+16	9.90e-01	1.01e-02	7.15e-08	0.00e+00	0.00e+00	0.00e+00	0.00e+00	0.00e+00	0.00e+00	9.03e-01	5.06e-02	3.68e-02
 5.56255e+16	9.90e-01	9.91e-03	6.97e-08	0.00e+00	0.00e+00	0.00e+00	0.00e+00	0.00e+00	0.00e+00	9.03e-01	5.05e-02	3.66e-02
 5.56297e+16	9.90e-01	9.73e-03	6.81e-08	0.00e+00	0.00e+00	0.00e+00	0.00e+00	0.00e+00	0.00e+00	9.03e-01	5.03e-02	3.65e-02
 5.56337e+16	9.90e-01	9.58e-03	6.66e-08	0.00e+00	0.00e+00	0.00e+00	0.00e+00	0.00e+00	0.00e+00	9.04e-01	5.02e-02	3.64e-02
 5.56372e+16	9.91e-01	9.44e-03	6.53e-08	0.00e+00	0.00e+00	0.00e+00	0.00e+00	0.00e+00	0.00e+00	9.04e-01	5.01e-02	3.63e-02
 5.56405e+16	9.91e-01	9.31e-03	6.41e-08	0.00e+00	0.00e+00	0.00e+00	0.00e+00	0.00e+00	0.00e+00	9.05e-01	4.99e-02	3.62e-02
 5.56440e+16	9.91e-01	9.17e-03	6.28e-08	0.00e+00	0.00e+00	0.00e+00	0.00e+00	0.00e+00	0.00e+00	9.05e-01	4.98e-02	3.60e-02
 5.56478e+16	9.91e-01	9.02e-03	6.14e-08	0.00e+00	0.00e+00	0.00e+00	0.00e+00	0.00e+00	0.00e+00	9.05e-01	4.96e-02	3.59e-02
 5.56513e+16	9.91e-01	8.89e-03	6.01e-08	0.00e+00	0.00e+00	0.00e+00	0.00e+00	0.00e+00	0.00e+00	9.06e-01	4.95e-02	3.58e-02
 5.56545e+16	9.91e-01	8.77e-03	5.90e-08	0.00e+00	0.00e+00	0.00e+00	0.00e+00	0.00e+00	0.00e+00	9.06e-01	4.93e-02	3.57e-02
 5.56580e+16	9.91e-01	8.64e-03	5.77e-08	0.00e+00	0.00e+00	0.00e+00	0.00e+00	0.00e+00	0.00e+00	9.07e-01	4.92e-02	3.56e-02
 5.56617e+16	9.92e-01	8.49e-03	5.64e-08	0.00e+00	0.00e+00	0.00e+00	0.00e+00	0.00e+00	0.00e+00	9.07e-01	4.90e-02	3.54e-02
 5.56651e+16	9.92e-01	8.38e-03	5.52e-08	0.00e+00	0.00e+00	0.00e+00	0.00e+00	0.00e+00	0.00e+00	9.07e-01	4.89e-02	3.53e-02
 5.56689e+16	9.92e-01	8.22e-03	5.38e-08	0.00e+00	0.00e+00	0.00e+00	0.00e+00	0.00e+00	0.00e+00	9.08e-01	4.87e-02	3.52e-02
 5.56729e+16	9.92e-01	8.08e-03	5.25e-08	0.00e+00	0.00e+00	0.00e+00	0.00e+00	0.00e+00	0.00e+00	9.08e-01	4.85e-02	3.50e-02
 5.56766e+16	9.92e-01	7.94e-03	5.12e-08	0.00e+00	0.00e+00	0.00e+00	0.00e+00	0.00e+00	0.00e+00	9.09e-01	4.83e-02	3.49e-02
 5.56799e+16	9.92e-01	7.84e-03	5.01e-08	0.00e+00	0.00e+00	0.00e+00	0.00e+00	0.00e+00	0.00e+00	9.09e-01	4.82e-02	3.48e-02
 5.56836e+16	9.92e-01	7.73e-03	4.90e-08	0.00e+00	0.00e+00	0.00e+00	0.00e+00	0.00e+00	0.00e+00	9.10e-01	4.80e-02	3.47e-02
 5.56883e+16	9.92e-01	7.59e-03	4.75e-08	0.00e+00	0.00e+00	0.00e+00	0.00e+00	0.00e+00	0.00e+00	9.10e-01	4.79e-02	3.45e-02
 5.56935e+16	9.93e-01	7.43e-03	4.59e-08	0.00e+00	0.00e+00	0.00e+00	0.00e+00	0.00e+00	0.00e+00	9.11e-01	4.77e-02	3.44e-02
 5.56982e+16	9.93e-01	7.28e-03	4.45e-08	0.00e+00	0.00e+00	0.00e+00	0.00e+00	0.00e+00	0.00e+00	9.11e-01	4.75e-02	3.42e-02
