#depth	He	He+	He+2
 6.94326e+11	5.24e-04	7.88e-01	2.12e-01
 4.16596e+12	5.24e-04	7.88e-01	2.12e-01
 1.80525e+13	5.25e-04	7.89e-01	2.11e-01
 7.35986e+13	5.29e-04	7.94e-01	2.06e-01
 1.75803e+14	5.33e-04	7.96e-01	2.03e-01
 3.08670e+14	5.41e-04	8.04e-01	1.95e-01
 4.81396e+14	5.54e-04	8.19e-01	1.81e-01
 7.05940e+14	5.73e-04	8.40e-01	1.59e-01
 9.97847e+14	5.99e-04	8.69e-01	1.31e-01
 1.37733e+15	6.31e-04	9.02e-01	9.72e-02
 1.87065e+15	6.66e-04	9.36e-01	6.28e-02
 2.51197e+15	7.03e-04	9.65e-01	3.40e-02
 3.34568e+15	7.39e-04	9.84e-01	1.48e-02
 4.42952e+15	7.78e-04	9.94e-01	5.11e-03
 5.83850e+15	8.24e-04	9.98e-01	1.38e-03
 7.67017e+15	8.85e-04	9.99e-01	2.97e-04
 1.00513e+16	9.71e-04	9.99e-01	5.24e-05
 1.25272e+16	1.06e-03	9.99e-01	1.07e-05
 1.46733e+16	1.15e-03	9.99e-01	3.27e-06
 1.70103e+16	1.26e-03	9.99e-01	1.05e-06
 1.92477e+16	1.37e-03	9.99e-01	4.07e-07
 2.11725e+16	1.48e-03	9.99e-01	1.93e-07
 2.32898e+16	1.62e-03	9.98e-01	9.09e-08
 2.48801e+16	1.72e-03	9.98e-01	5.60e-08
 2.56513e+16	1.78e-03	9.98e-01	4.46e-08
 2.63180e+16	1.83e-03	9.98e-01	3.62e-08
 2.71848e+16	1.91e-03	9.98e-01	2.77e-08
 2.83117e+16	2.01e-03	9.98e-01	1.99e-08
 2.94276e+16	2.11e-03	9.98e-01	1.47e-08
 3.02681e+16	2.20e-03	9.98e-01	1.18e-08
 3.09878e+16	2.28e-03	9.98e-01	9.79e-09
 3.18115e+16	2.39e-03	9.98e-01	7.88e-09
 3.27193e+16	2.51e-03	9.97e-01	6.29e-09
 3.35368e+16	2.62e-03	9.97e-01	5.17e-09
 3.42631e+16	2.73e-03	9.97e-01	4.36e-09
 3.50702e+16	2.87e-03	9.97e-01	3.60e-09
 3.59288e+16	3.03e-03	9.97e-01	2.97e-09
 3.66621e+16	3.18e-03	9.97e-01	2.53e-09
 3.73063e+16	3.32e-03	9.97e-01	2.21e-09
 3.80267e+16	3.50e-03	9.96e-01	1.89e-09
 3.88056e+16	3.72e-03	9.96e-01	1.60e-09
 3.94854e+16	3.93e-03	9.96e-01	1.40e-09
 4.00849e+16	4.13e-03	9.96e-01	1.25e-09
 4.07548e+16	4.39e-03	9.96e-01	1.09e-09
 4.14771e+16	4.71e-03	9.95e-01	9.52e-10
 4.20995e+16	5.01e-03	9.95e-01	8.52e-10
 4.26325e+16	5.32e-03	9.95e-01	7.75e-10
 4.32174e+16	5.70e-03	9.94e-01	6.97e-10
 4.38396e+16	6.15e-03	9.94e-01	6.26e-10
 4.43608e+16	6.59e-03	9.93e-01	5.76e-10
 4.47997e+16	7.02e-03	9.93e-01	5.38e-10
 4.52811e+16	7.56e-03	9.92e-01	4.97e-10
 4.57992e+16	8.24e-03	9.92e-01	4.59e-10
 4.62410e+16	8.91e-03	9.91e-01	4.31e-10
 4.66134e+16	9.57e-03	9.90e-01	4.09e-10
 4.70192e+16	1.04e-02	9.90e-01	3.86e-10
 4.74578e+16	1.15e-02	9.89e-01	3.66e-10
 4.78357e+16	1.26e-02	9.87e-01	3.51e-10
 4.81586e+16	1.37e-02	9.86e-01	3.40e-10
 4.85131e+16	1.51e-02	9.85e-01	3.31e-10
 4.88974e+16	1.70e-02	9.83e-01	3.21e-10
 4.92296e+16	1.90e-02	9.81e-01	3.17e-10
 4.94787e+16	2.07e-02	9.79e-01	3.18e-10
 4.96681e+16	2.23e-02	9.78e-01	3.21e-10
 4.98716e+16	2.42e-02	9.76e-01	3.23e-10
 5.00954e+16	2.67e-02	9.73e-01	3.31e-10
 5.02935e+16	2.92e-02	9.71e-01	3.37e-10
 5.04598e+16	3.16e-02	9.68e-01	3.52e-10
 5.06366e+16	3.46e-02	9.65e-01	3.67e-10
 5.08242e+16	3.83e-02	9.62e-01	3.87e-10
 5.09810e+16	4.19e-02	9.58e-01	4.07e-10
 5.11129e+16	4.53e-02	9.55e-01	4.30e-10
 5.12570e+16	4.96e-02	9.50e-01	4.61e-10
 5.14132e+16	5.49e-02	9.45e-01	5.01e-10
 5.15487e+16	6.03e-02	9.40e-01	5.41e-10
 5.16647e+16	6.53e-02	9.35e-01	5.89e-10
 5.17916e+16	7.20e-02	9.28e-01	6.42e-10
 5.19284e+16	7.97e-02	9.20e-01	7.24e-10
 5.20492e+16	8.78e-02	9.12e-01	7.96e-10
 5.21563e+16	9.56e-02	9.04e-01	8.85e-10
 5.22666e+16	1.05e-01	8.95e-01	9.78e-10
 5.23836e+16	1.16e-01	8.84e-01	1.11e-09
 5.24918e+16	1.27e-01	8.73e-01	1.25e-09
 5.25877e+16	1.39e-01	8.61e-01	1.38e-09
 5.26768e+16	1.50e-01	8.50e-01	1.52e-09
 5.27624e+16	1.62e-01	8.38e-01	1.69e-09
 5.28428e+16	1.75e-01	8.25e-01	1.85e-09
 5.29028e+16	1.85e-01	8.15e-01	1.97e-09
 5.29425e+16	1.91e-01	8.09e-01	2.06e-09
 5.29824e+16	1.99e-01	8.01e-01	2.15e-09
 5.30308e+16	2.09e-01	7.91e-01	2.26e-09
 5.30803e+16	2.18e-01	7.82e-01	2.40e-09
 5.31254e+16	2.28e-01	7.72e-01	2.52e-09
 5.31677e+16	2.37e-01	7.63e-01	2.65e-09
 5.32106e+16	2.47e-01	7.53e-01	2.78e-09
 5.32549e+16	2.58e-01	7.42e-01	2.92e-09
 5.32979e+16	2.68e-01	7.32e-01	3.07e-09
 5.33394e+16	2.79e-01	7.21e-01	3.23e-09
 5.33813e+16	2.90e-01	7.10e-01	3.37e-09
 5.34232e+16	3.01e-01	6.99e-01	3.54e-09
 5.34646e+16	3.13e-01	6.87e-01	3.70e-09
 5.35054e+16	3.25e-01	6.75e-01	3.88e-09
 5.35460e+16	3.37e-01	6.63e-01	4.05e-09
 5.35869e+16	3.50e-01	6.50e-01	4.22e-09
 5.36268e+16	3.63e-01	6.37e-01	4.40e-09
 5.36659e+16	3.75e-01	6.25e-01	4.59e-09
 5.37057e+16	3.89e-01	6.11e-01	4.76e-09
 5.37452e+16	4.02e-01	5.98e-01	4.97e-09
 5.37839e+16	4.16e-01	5.84e-01	5.15e-09
 5.38224e+16	4.30e-01	5.70e-01	5.35e-09
 5.38610e+16	4.44e-01	5.56e-01	5.55e-09
 5.38998e+16	4.59e-01	5.41e-01	5.74e-09
 5.39374e+16	4.73e-01	5.27e-01	5.94e-09
 5.39744e+16	4.87e-01	5.13e-01	6.13e-09
 5.40119e+16	5.02e-01	4.98e-01	6.33e-09
 5.40496e+16	5.17e-01	4.83e-01	6.52e-09
 5.40863e+16	5.31e-01	4.69e-01	6.71e-09
 5.41219e+16	5.45e-01	4.55e-01	6.90e-09
 5.41569e+16	5.59e-01	4.41e-01	7.07e-09
 5.41918e+16	5.73e-01	4.27e-01	7.24e-09
 5.42267e+16	5.87e-01	4.13e-01	7.42e-09
 5.42610e+16	6.01e-01	3.99e-01	7.59e-09
 5.42940e+16	6.14e-01	3.86e-01	7.75e-09
 5.43264e+16	6.27e-01	3.73e-01	7.89e-09
 5.43591e+16	6.40e-01	3.60e-01	8.04e-09
 5.43917e+16	6.53e-01	3.47e-01	8.18e-09
 5.44234e+16	6.65e-01	3.35e-01	8.33e-09
 5.44543e+16	6.77e-01	3.23e-01	8.45e-09
 5.44849e+16	6.89e-01	3.11e-01	8.55e-09
 5.45156e+16	7.00e-01	3.00e-01	8.67e-09
 5.45462e+16	7.11e-01	2.89e-01	8.80e-09
 5.45760e+16	7.22e-01	2.78e-01	8.90e-09
 5.46050e+16	7.33e-01	2.67e-01	8.97e-09
 5.46342e+16	7.43e-01	2.57e-01	9.06e-09
 5.46637e+16	7.53e-01	2.47e-01	9.16e-09
 5.46924e+16	7.62e-01	2.38e-01	9.25e-09
 5.47202e+16	7.72e-01	2.28e-01	9.29e-09
 5.47482e+16	7.81e-01	2.19e-01	9.35e-09
 5.47765e+16	7.89e-01	2.11e-01	9.42e-09
 5.48041e+16	7.98e-01	2.02e-01	9.44e-09
 5.48311e+16	8.06e-01	1.94e-01	9.51e-09
 5.48582e+16	8.14e-01	1.86e-01	9.54e-09
 5.48851e+16	8.21e-01	1.79e-01	9.58e-09
 5.49116e+16	8.29e-01	1.71e-01	9.60e-09
 5.49376e+16	8.36e-01	1.64e-01	9.58e-09
 5.49640e+16	8.43e-01	1.57e-01	9.60e-09
 5.49905e+16	8.49e-01	1.51e-01	9.62e-09
 5.50161e+16	8.55e-01	1.45e-01	9.62e-09
 5.50413e+16	8.61e-01	1.39e-01	9.62e-09
 5.50664e+16	8.67e-01	1.33e-01	9.63e-09
 5.50911e+16	8.72e-01	1.28e-01	9.62e-09
 5.51156e+16	8.78e-01	1.22e-01	9.58e-09
 5.51404e+16	8.83e-01	1.17e-01	9.56e-09
 5.51652e+16	8.88e-01	1.12e-01	9.53e-09
 5.51892e+16	8.92e-01	1.08e-01	9.49e-09
 5.52126e+16	8.97e-01	1.03e-01	9.46e-09
 5.52360e+16	9.01e-01	9.92e-02	9.41e-09
 5.52594e+16	9.05e-01	9.51e-02	9.36e-09
 5.52823e+16	9.09e-01	9.12e-02	9.31e-09
 5.53041e+16	9.12e-01	8.77e-02	9.26e-09
 5.53243e+16	9.16e-01	8.45e-02	9.19e-09
 5.53427e+16	9.18e-01	8.16e-02	9.12e-09
 5.53595e+16	9.21e-01	7.91e-02	9.05e-09
 5.53749e+16	9.23e-01	7.68e-02	8.99e-09
 5.53896e+16	9.25e-01	7.47e-02	8.91e-09
 5.54034e+16	9.27e-01	7.27e-02	8.84e-09
 5.54160e+16	9.29e-01	7.09e-02	8.77e-09
 5.54277e+16	9.31e-01	6.93e-02	8.70e-09
 5.54388e+16	9.32e-01	6.78e-02	8.63e-09
 5.54494e+16	9.34e-01	6.64e-02	8.57e-09
 5.54595e+16	9.35e-01	6.50e-02	8.50e-09
 5.54691e+16	9.36e-01	6.38e-02	8.44e-09
 5.54781e+16	9.37e-01	6.26e-02	8.38e-09
 5.54867e+16	9.38e-01	6.16e-02	8.32e-09
 5.54949e+16	9.39e-01	6.05e-02	8.26e-09
 5.55028e+16	9.40e-01	5.95e-02	8.20e-09
 5.55104e+16	9.41e-01	5.86e-02	8.14e-09
 5.55178e+16	9.42e-01	5.77e-02	8.08e-09
 5.55249e+16	9.43e-01	5.69e-02	8.02e-09
 5.55319e+16	9.44e-01	5.60e-02	7.96e-09
 5.55389e+16	9.45e-01	5.52e-02	7.90e-09
 5.55458e+16	9.46e-01	5.44e-02	7.84e-09
 5.55529e+16	9.46e-01	5.35e-02	7.77e-09
 5.55600e+16	9.47e-01	5.27e-02	7.70e-09
 5.55675e+16	9.48e-01	5.18e-02	7.62e-09
 5.55755e+16	9.49e-01	5.09e-02	7.54e-09
 5.55836e+16	9.50e-01	5.00e-02	7.45e-09
 5.55909e+16	9.51e-01	4.92e-02	7.37e-09
 5.55975e+16	9.52e-01	4.84e-02	7.28e-09
 5.56038e+16	9.52e-01	4.77e-02	7.20e-09
 5.56098e+16	9.53e-01	4.70e-02	7.12e-09
 5.56155e+16	9.54e-01	4.64e-02	7.03e-09
 5.56207e+16	9.54e-01	4.58e-02	6.96e-09
 5.56255e+16	9.55e-01	4.52e-02	6.89e-09
 5.56297e+16	9.55e-01	4.47e-02	6.83e-09
 5.56337e+16	9.56e-01	4.43e-02	6.76e-09
 5.56372e+16	9.56e-01	4.39e-02	6.71e-09
 5.56405e+16	9.57e-01	4.35e-02	6.66e-09
 5.56440e+16	9.57e-01	4.30e-02	6.60e-09
 5.56478e+16	9.57e-01	4.26e-02	6.54e-09
 5.56513e+16	9.58e-01	4.22e-02	6.48e-09
 5.56545e+16	9.58e-01	4.18e-02	6.43e-09
 5.56580e+16	9.59e-01	4.14e-02	6.37e-09
 5.56617e+16	9.59e-01	4.10e-02	6.31e-09
 5.56651e+16	9.59e-01	4.06e-02	6.26e-09
 5.56689e+16	9.60e-01	4.01e-02	6.19e-09
 5.56729e+16	9.60e-01	3.97e-02	6.13e-09
 5.56766e+16	9.61e-01	3.93e-02	6.06e-09
 5.56799e+16	9.61e-01	3.89e-02	6.02e-09
 5.56836e+16	9.61e-01	3.85e-02	5.97e-09
 5.56883e+16	9.62e-01	3.80e-02	5.90e-09
 5.56935e+16	9.62e-01	3.75e-02	5.85e-09
 5.56982e+16	9.63e-01	3.71e-02	5.80e-09
