#depth	H	H+	H2
 6.94326e+11	9.37e-04	9.99e-01	6.96e-14
 4.16596e+12	9.36e-04	9.99e-01	6.95e-14
 1.80525e+13	9.35e-04	9.99e-01	6.96e-14
 7.35986e+13	9.36e-04	9.99e-01	7.01e-14
 1.75803e+14	9.30e-04	9.99e-01	7.05e-14
 3.08670e+14	9.24e-04	9.99e-01	7.08e-14
 4.81396e+14	9.21e-04	9.99e-01	7.19e-14
 7.05940e+14	9.19e-04	9.99e-01	7.32e-14
 9.97847e+14	9.18e-04	9.99e-01	7.50e-14
 1.37733e+15	9.20e-04	9.99e-01	7.77e-14
 1.87065e+15	9.26e-04	9.99e-01	8.12e-14
 2.51197e+15	9.38e-04	9.99e-01	8.60e-14
 3.34568e+15	9.58e-04	9.99e-01	9.29e-14
 4.42952e+15	9.92e-04	9.99e-01	1.03e-13
 5.83850e+15	1.05e-03	9.99e-01	1.17e-13
 7.67017e+15	1.13e-03	9.99e-01	1.38e-13
 1.00513e+16	1.27e-03	9.99e-01	1.70e-13
 1.25272e+16	1.42e-03	9.99e-01	2.09e-13
 1.46733e+16	1.59e-03	9.98e-01	2.50e-13
 1.70103e+16	1.82e-03	9.98e-01	3.02e-13
 1.92477e+16	2.08e-03	9.98e-01	3.64e-13
 2.11725e+16	2.35e-03	9.98e-01	4.24e-13
 2.32898e+16	2.70e-03	9.97e-01	4.99e-13
 2.48801e+16	3.02e-03	9.97e-01	5.78e-13
 2.56513e+16	3.19e-03	9.97e-01	6.19e-13
 2.63180e+16	3.34e-03	9.97e-01	6.50e-13
 2.71848e+16	3.57e-03	9.96e-01	6.95e-13
 2.83117e+16	3.88e-03	9.96e-01	7.54e-13
 2.94276e+16	4.23e-03	9.96e-01	8.31e-13
 3.02681e+16	4.53e-03	9.95e-01	8.98e-13
 3.09878e+16	4.80e-03	9.95e-01	9.55e-13
 3.18115e+16	5.14e-03	9.95e-01	1.02e-12
 3.27193e+16	5.56e-03	9.94e-01	1.10e-12
 3.35368e+16	5.97e-03	9.94e-01	1.19e-12
 3.42631e+16	6.38e-03	9.94e-01	1.27e-12
 3.50702e+16	6.88e-03	9.93e-01	1.36e-12
 3.59288e+16	7.47e-03	9.93e-01	1.48e-12
 3.66621e+16	8.05e-03	9.92e-01	1.60e-12
 3.73063e+16	8.60e-03	9.91e-01	1.71e-12
 3.80267e+16	9.29e-03	9.91e-01	1.84e-12
 3.88056e+16	1.01e-02	9.90e-01	2.01e-12
 3.94854e+16	1.10e-02	9.89e-01	2.18e-12
 4.00849e+16	1.18e-02	9.88e-01	2.34e-12
 4.07548e+16	1.28e-02	9.87e-01	2.55e-12
 4.14771e+16	1.41e-02	9.86e-01	2.82e-12
 4.20995e+16	1.54e-02	9.85e-01	3.08e-12
 4.26325e+16	1.66e-02	9.83e-01	3.35e-12
 4.32174e+16	1.82e-02	9.82e-01	3.67e-12
 4.38396e+16	2.01e-02	9.80e-01	4.09e-12
 4.43608e+16	2.20e-02	9.78e-01	4.50e-12
 4.47997e+16	2.38e-02	9.76e-01	4.90e-12
 4.52811e+16	2.61e-02	9.74e-01	5.40e-12
 4.57992e+16	2.91e-02	9.71e-01	6.07e-12
 4.62410e+16	3.20e-02	9.68e-01	6.77e-12
 4.66134e+16	3.49e-02	9.65e-01	7.44e-12
 4.70192e+16	3.85e-02	9.61e-01	8.31e-12
 4.74578e+16	4.32e-02	9.57e-01	9.46e-12
 4.78357e+16	4.81e-02	9.52e-01	1.07e-11
 4.81586e+16	5.30e-02	9.47e-01	1.19e-11
 4.85131e+16	5.94e-02	9.41e-01	1.36e-11
 4.88974e+16	6.79e-02	9.32e-01	1.59e-11
 4.92296e+16	7.70e-02	9.23e-01	1.84e-11
 4.94787e+16	8.50e-02	9.15e-01	2.07e-11
 4.96681e+16	9.19e-02	9.08e-01	2.27e-11
 4.98716e+16	1.01e-01	8.99e-01	2.53e-11
 5.00954e+16	1.11e-01	8.89e-01	2.86e-11
 5.02935e+16	1.23e-01	8.77e-01	3.22e-11
 5.04598e+16	1.33e-01	8.67e-01	3.56e-11
 5.06366e+16	1.46e-01	8.54e-01	4.00e-11
 5.08242e+16	1.62e-01	8.38e-01	4.54e-11
 5.09810e+16	1.77e-01	8.23e-01	5.08e-11
 5.11129e+16	1.90e-01	8.10e-01	5.59e-11
 5.12570e+16	2.07e-01	7.93e-01	6.26e-11
 5.14132e+16	2.28e-01	7.72e-01	7.09e-11
 5.15487e+16	2.48e-01	7.52e-01	7.93e-11
 5.16647e+16	2.65e-01	7.35e-01	8.72e-11
 5.17916e+16	2.88e-01	7.12e-01	9.78e-11
 5.19284e+16	3.13e-01	6.87e-01	1.10e-10
 5.20492e+16	3.38e-01	6.62e-01	1.23e-10
 5.21563e+16	3.61e-01	6.39e-01	1.36e-10
 5.22666e+16	3.87e-01	6.13e-01	1.51e-10
 5.23836e+16	4.15e-01	5.85e-01	1.68e-10
 5.24918e+16	4.42e-01	5.58e-01	1.87e-10
 5.25877e+16	4.67e-01	5.33e-01	2.04e-10
 5.26768e+16	4.91e-01	5.09e-01	2.23e-10
 5.27624e+16	5.14e-01	4.86e-01	2.42e-10
 5.28428e+16	5.37e-01	4.63e-01	2.62e-10
 5.29028e+16	5.53e-01	4.47e-01	2.77e-10
 5.29425e+16	5.63e-01	4.37e-01	2.87e-10
 5.29824e+16	5.74e-01	4.26e-01	2.98e-10
 5.30308e+16	5.87e-01	4.13e-01	3.13e-10
 5.30803e+16	6.01e-01	3.99e-01	3.28e-10
 5.31254e+16	6.14e-01	3.86e-01	3.43e-10
 5.31677e+16	6.25e-01	3.75e-01	3.56e-10
 5.32106e+16	6.37e-01	3.63e-01	3.72e-10
 5.32549e+16	6.49e-01	3.51e-01	3.88e-10
 5.32979e+16	6.61e-01	3.39e-01	4.05e-10
 5.33394e+16	6.72e-01	3.28e-01	4.21e-10
 5.33813e+16	6.84e-01	3.16e-01	4.39e-10
 5.34232e+16	6.95e-01	3.05e-01	4.57e-10
 5.34646e+16	7.06e-01	2.94e-01	4.77e-10
 5.35054e+16	7.16e-01	2.84e-01	4.94e-10
 5.35460e+16	7.27e-01	2.73e-01	5.16e-10
 5.35869e+16	7.37e-01	2.63e-01	5.37e-10
 5.36268e+16	7.47e-01	2.53e-01	5.58e-10
 5.36659e+16	7.56e-01	2.44e-01	5.79e-10
 5.37057e+16	7.66e-01	2.34e-01	6.04e-10
 5.37452e+16	7.75e-01	2.25e-01	6.27e-10
 5.37839e+16	7.84e-01	2.16e-01	6.54e-10
 5.38224e+16	7.92e-01	2.08e-01	6.77e-10
 5.38610e+16	8.01e-01	1.99e-01	7.05e-10
 5.38998e+16	8.09e-01	1.91e-01	7.34e-10
 5.39374e+16	8.17e-01	1.83e-01	7.63e-10
 5.39744e+16	8.24e-01	1.76e-01	7.91e-10
 5.40119e+16	8.32e-01	1.68e-01	8.24e-10
 5.40496e+16	8.39e-01	1.61e-01	8.58e-10
 5.40863e+16	8.46e-01	1.54e-01	8.92e-10
 5.41219e+16	8.52e-01	1.48e-01	9.24e-10
 5.41569e+16	8.58e-01	1.42e-01	9.62e-10
 5.41918e+16	8.64e-01	1.36e-01	1.00e-09
 5.42267e+16	8.70e-01	1.30e-01	1.04e-09
 5.42610e+16	8.75e-01	1.25e-01	1.08e-09
 5.42940e+16	8.80e-01	1.20e-01	1.12e-09
 5.43264e+16	8.85e-01	1.15e-01	1.17e-09
 5.43591e+16	8.90e-01	1.10e-01	1.21e-09
 5.43917e+16	8.94e-01	1.06e-01	1.26e-09
 5.44234e+16	8.98e-01	1.02e-01	1.31e-09
 5.44543e+16	9.02e-01	9.75e-02	1.36e-09
 5.44849e+16	9.06e-01	9.36e-02	1.42e-09
 5.45156e+16	9.10e-01	8.98e-02	1.48e-09
 5.45462e+16	9.14e-01	8.62e-02	1.53e-09
 5.45760e+16	9.17e-01	8.28e-02	1.60e-09
 5.46050e+16	9.20e-01	7.95e-02	1.67e-09
 5.46342e+16	9.24e-01	7.64e-02	1.74e-09
 5.46637e+16	9.27e-01	7.34e-02	1.81e-09
 5.46924e+16	9.29e-01	7.05e-02	1.89e-09
 5.47202e+16	9.32e-01	6.78e-02	1.98e-09
 5.47482e+16	9.35e-01	6.52e-02	2.07e-09
 5.47765e+16	9.37e-01	6.26e-02	2.17e-09
 5.48041e+16	9.40e-01	6.00e-02	2.29e-09
 5.48311e+16	9.42e-01	5.79e-02	2.38e-09
 5.48582e+16	9.44e-01	5.56e-02	2.51e-09
 5.48851e+16	9.47e-01	5.34e-02	2.65e-09
 5.49116e+16	9.49e-01	5.13e-02	2.79e-09
 5.49376e+16	9.51e-01	4.93e-02	2.97e-09
 5.49640e+16	9.53e-01	4.74e-02	3.15e-09
 5.49905e+16	9.55e-01	4.55e-02	3.34e-09
 5.50161e+16	9.56e-01	4.37e-02	3.54e-09
 5.50413e+16	9.58e-01	4.21e-02	3.79e-09
 5.50664e+16	9.59e-01	4.05e-02	4.04e-09
 5.50911e+16	9.61e-01	3.90e-02	4.32e-09
 5.51156e+16	9.63e-01	3.75e-02	4.66e-09
 5.51404e+16	9.64e-01	3.60e-02	5.04e-09
 5.51652e+16	9.65e-01	3.45e-02	5.49e-09
 5.51892e+16	9.67e-01	3.32e-02	6.02e-09
 5.52126e+16	9.68e-01	3.19e-02	6.57e-09
 5.52360e+16	9.69e-01	3.06e-02	7.30e-09
 5.52594e+16	9.71e-01	2.94e-02	8.12e-09
 5.52823e+16	9.72e-01	2.83e-02	9.11e-09
 5.53041e+16	9.73e-01	2.72e-02	1.02e-08
 5.53243e+16	9.74e-01	2.63e-02	1.15e-08
 5.53427e+16	9.75e-01	2.54e-02	1.29e-08
 5.53595e+16	9.75e-01	2.47e-02	1.44e-08
 5.53749e+16	9.76e-01	2.40e-02	1.61e-08
 5.53896e+16	9.77e-01	2.34e-02	1.81e-08
 5.54034e+16	9.77e-01	2.28e-02	2.03e-08
 5.54160e+16	9.78e-01	2.23e-02	2.27e-08
 5.54277e+16	9.78e-01	2.18e-02	2.54e-08
 5.54388e+16	9.79e-01	2.14e-02	2.83e-08
 5.54494e+16	9.79e-01	2.09e-02	3.17e-08
 5.54595e+16	9.80e-01	2.05e-02	3.55e-08
 5.54691e+16	9.80e-01	2.01e-02	3.96e-08
 5.54781e+16	9.80e-01	1.97e-02	4.43e-08
 5.54867e+16	9.81e-01	1.94e-02	4.94e-08
 5.54949e+16	9.81e-01	1.90e-02	5.52e-08
 5.55028e+16	9.81e-01	1.87e-02	6.15e-08
 5.55104e+16	9.82e-01	1.84e-02	6.86e-08
 5.55178e+16	9.82e-01	1.80e-02	7.65e-08
 5.55249e+16	9.82e-01	1.77e-02	8.51e-08
 5.55319e+16	9.83e-01	1.74e-02	9.45e-08
 5.55389e+16	9.83e-01	1.71e-02	1.05e-07
 5.55458e+16	9.83e-01	1.68e-02	1.17e-07
 5.55529e+16	9.84e-01	1.65e-02	1.29e-07
 5.55600e+16	9.84e-01	1.62e-02	1.43e-07
 5.55675e+16	9.84e-01	1.58e-02	1.57e-07
 5.55755e+16	9.85e-01	1.54e-02	1.73e-07
 5.55836e+16	9.85e-01	1.50e-02	1.88e-07
 5.55909e+16	9.85e-01	1.47e-02	2.00e-07
 5.55975e+16	9.86e-01	1.43e-02	2.09e-07
 5.56038e+16	9.86e-01	1.40e-02	2.17e-07
 5.56098e+16	9.86e-01	1.37e-02	2.24e-07
 5.56155e+16	9.87e-01	1.34e-02	2.30e-07
 5.56207e+16	9.87e-01	1.32e-02	2.34e-07
 5.56255e+16	9.87e-01	1.30e-02	2.38e-07
 5.56297e+16	9.87e-01	1.28e-02	2.42e-07
 5.56337e+16	9.87e-01	1.26e-02	2.45e-07
 5.56372e+16	9.88e-01	1.24e-02	2.47e-07
 5.56405e+16	9.88e-01	1.23e-02	2.50e-07
 5.56440e+16	9.88e-01	1.21e-02	2.53e-07
 5.56478e+16	9.88e-01	1.19e-02	2.56e-07
 5.56513e+16	9.88e-01	1.18e-02	2.59e-07
 5.56545e+16	9.88e-01	1.16e-02	2.61e-07
 5.56580e+16	9.89e-01	1.15e-02	2.64e-07
 5.56617e+16	9.89e-01	1.13e-02	2.68e-07
 5.56651e+16	9.89e-01	1.12e-02	2.71e-07
 5.56689e+16	9.89e-01	1.10e-02	2.75e-07
 5.56729e+16	9.89e-01	1.08e-02	2.79e-07
 5.56766e+16	9.89e-01	1.07e-02	2.83e-07
 5.56799e+16	9.89e-01	1.05e-02	2.86e-07
 5.56836e+16	9.90e-01	1.04e-02	2.89e-07
 5.56883e+16	9.90e-01	1.02e-02	2.93e-07
 5.56935e+16	9.90e-01	1.01e-02	2.98e-07
 5.56982e+16	9.90e-01	9.88e-03	3.03e-07
