#depth	He	He+	He+2
 2.59282e+11	1.80e-03	9.98e-01	4.63e-04
 1.55569e+12	1.80e-03	9.98e-01	4.62e-04
 6.74132e+12	1.81e-03	9.98e-01	4.59e-04
 2.74839e+13	1.81e-03	9.98e-01	4.42e-04
 6.56501e+13	1.82e-03	9.98e-01	4.30e-04
 1.15266e+14	1.82e-03	9.98e-01	4.02e-04
 1.79767e+14	1.83e-03	9.98e-01	3.60e-04
 2.63619e+14	1.85e-03	9.98e-01	3.03e-04
 3.72625e+14	1.86e-03	9.98e-01	2.38e-04
 5.14334e+14	1.88e-03	9.98e-01	1.70e-04
 6.98555e+14	1.91e-03	9.98e-01	1.07e-04
 9.38043e+14	1.95e-03	9.98e-01	5.81e-05
 1.24938e+15	1.99e-03	9.98e-01	2.62e-05
 1.65411e+15	2.05e-03	9.98e-01	9.37e-06
 2.18027e+15	2.13e-03	9.98e-01	2.55e-06
 2.86427e+15	2.23e-03	9.98e-01	5.04e-07
 3.75347e+15	2.37e-03	9.98e-01	7.06e-08
 4.88110e+15	2.56e-03	9.97e-01	7.45e-09
 6.00460e+15	2.75e-03	9.97e-01	9.78e-10
 6.90554e+15	2.92e-03	9.97e-01	2.55e-10
 7.67342e+15	3.08e-03	9.97e-01	9.93e-11
 8.44077e+15	3.36e-03	9.97e-01	4.70e-11
 9.09633e+15	3.54e-03	9.96e-01	2.96e-11
 9.67965e+15	3.70e-03	9.96e-01	2.29e-11
 1.04380e+16	3.92e-03	9.96e-01	1.92e-11
 1.12446e+16	4.17e-03	9.96e-01	1.75e-11
 1.19192e+16	4.40e-03	9.96e-01	1.70e-11
 1.24839e+16	4.62e-03	9.95e-01	1.69e-11
 1.31004e+16	4.85e-03	9.95e-01	1.68e-11
 1.37945e+16	5.14e-03	9.95e-01	1.70e-11
 1.44271e+16	5.44e-03	9.95e-01	1.75e-11
 1.49648e+16	5.71e-03	9.94e-01	1.79e-11
 1.55420e+16	6.02e-03	9.94e-01	1.84e-11
 1.61811e+16	6.40e-03	9.94e-01	1.94e-11
 1.67477e+16	6.78e-03	9.93e-01	2.01e-11
 1.72294e+16	7.14e-03	9.93e-01	2.05e-11
 1.77535e+16	7.56e-03	9.92e-01	2.16e-11
 1.83288e+16	8.09e-03	9.92e-01	2.29e-11
 1.88345e+16	8.64e-03	9.91e-01	2.37e-11
 1.92628e+16	9.18e-03	9.91e-01	2.44e-11
 1.96659e+16	9.74e-03	9.90e-01	2.57e-11
 2.01291e+16	1.05e-02	9.90e-01	2.69e-11
 2.06165e+16	1.15e-02	9.89e-01	2.85e-11
 2.10066e+16	1.24e-02	9.88e-01	3.00e-11
 2.13098e+16	1.33e-02	9.87e-01	3.04e-11
 2.16284e+16	1.45e-02	9.86e-01	3.18e-11
 2.19798e+16	1.59e-02	9.84e-01	3.39e-11
 2.22863e+16	1.76e-02	9.82e-01	3.65e-11
 2.25339e+16	1.92e-02	9.81e-01	3.89e-11
 2.27547e+16	2.10e-02	9.79e-01	4.16e-11
 2.30042e+16	2.36e-02	9.76e-01	4.56e-11
 2.32625e+16	2.70e-02	9.73e-01	5.09e-11
 2.34640e+16	3.06e-02	9.69e-01	5.65e-11
 2.36175e+16	3.42e-02	9.66e-01	6.37e-11
 2.37368e+16	3.77e-02	9.62e-01	6.97e-11
 2.38285e+16	4.10e-02	9.59e-01	7.68e-11
 2.39115e+16	4.46e-02	9.55e-01	8.38e-11
 2.39934e+16	4.87e-02	9.51e-01	9.31e-11
 2.40710e+16	5.35e-02	9.46e-01	1.04e-10
 2.41397e+16	5.86e-02	9.41e-01	1.17e-10
 2.41994e+16	6.40e-02	9.36e-01	1.31e-10
 2.42533e+16	6.97e-02	9.30e-01	1.48e-10
 2.43036e+16	7.61e-02	9.24e-01	1.67e-10
 2.43504e+16	8.31e-02	9.17e-01	1.90e-10
 2.43932e+16	9.07e-02	9.09e-01	2.15e-10
 2.44322e+16	9.89e-02	9.01e-01	2.44e-10
 2.44682e+16	1.08e-01	8.92e-01	2.77e-10
 2.45017e+16	1.17e-01	8.83e-01	3.14e-10
 2.45331e+16	1.28e-01	8.72e-01	3.56e-10
 2.45626e+16	1.39e-01	8.61e-01	4.02e-10
 2.45902e+16	1.52e-01	8.48e-01	4.54e-10
 2.46154e+16	1.64e-01	8.36e-01	5.09e-10
 2.46372e+16	1.77e-01	8.23e-01	5.63e-10
 2.46561e+16	1.89e-01	8.11e-01	6.16e-10
 2.46734e+16	2.01e-01	7.99e-01	6.68e-10
 2.46896e+16	2.14e-01	7.86e-01	7.23e-10
 2.47022e+16	2.24e-01	7.76e-01	7.67e-10
 2.47104e+16	2.31e-01	7.69e-01	7.98e-10
 2.47179e+16	2.39e-01	7.61e-01	8.27e-10
 2.47266e+16	2.47e-01	7.53e-01	8.62e-10
 2.47360e+16	2.57e-01	7.43e-01	9.01e-10
 2.47450e+16	2.66e-01	7.34e-01	9.41e-10
 2.47535e+16	2.76e-01	7.24e-01	9.79e-10
 2.47618e+16	2.85e-01	7.15e-01	1.02e-09
 2.47700e+16	2.95e-01	7.05e-01	1.06e-09
 2.47783e+16	3.06e-01	6.94e-01	1.10e-09
 2.47865e+16	3.17e-01	6.83e-01	1.14e-09
 2.47944e+16	3.28e-01	6.72e-01	1.18e-09
 2.48023e+16	3.39e-01	6.61e-01	1.22e-09
 2.48101e+16	3.50e-01	6.50e-01	1.27e-09
 2.48177e+16	3.62e-01	6.38e-01	1.31e-09
 2.48253e+16	3.74e-01	6.26e-01	1.35e-09
 2.48328e+16	3.87e-01	6.13e-01	1.40e-09
 2.48402e+16	3.99e-01	6.01e-01	1.44e-09
 2.48475e+16	4.12e-01	5.88e-01	1.48e-09
 2.48547e+16	4.25e-01	5.75e-01	1.52e-09
 2.48618e+16	4.38e-01	5.62e-01	1.56e-09
 2.48688e+16	4.52e-01	5.48e-01	1.61e-09
 2.48757e+16	4.65e-01	5.35e-01	1.65e-09
 2.48826e+16	4.79e-01	5.21e-01	1.69e-09
 2.48894e+16	4.92e-01	5.08e-01	1.72e-09
 2.48961e+16	5.06e-01	4.94e-01	1.76e-09
 2.49027e+16	5.20e-01	4.80e-01	1.80e-09
 2.49093e+16	5.34e-01	4.66e-01	1.83e-09
 2.49157e+16	5.48e-01	4.52e-01	1.86e-09
 2.49220e+16	5.62e-01	4.38e-01	1.89e-09
 2.49282e+16	5.76e-01	4.24e-01	1.92e-09
 2.49342e+16	5.89e-01	4.11e-01	1.95e-09
 2.49401e+16	6.02e-01	3.98e-01	1.97e-09
 2.49459e+16	6.15e-01	3.85e-01	2.00e-09
 2.49516e+16	6.28e-01	3.72e-01	2.02e-09
 2.49571e+16	6.41e-01	3.59e-01	2.04e-09
 2.49626e+16	6.53e-01	3.47e-01	2.05e-09
 2.49679e+16	6.65e-01	3.35e-01	2.07e-09
 2.49733e+16	6.77e-01	3.23e-01	2.08e-09
 2.49785e+16	6.89e-01	3.11e-01	2.09e-09
 2.49835e+16	7.00e-01	3.00e-01	2.10e-09
 2.49884e+16	7.11e-01	2.89e-01	2.10e-09
 2.49934e+16	7.22e-01	2.78e-01	2.11e-09
 2.49983e+16	7.32e-01	2.68e-01	2.11e-09
 2.50031e+16	7.43e-01	2.57e-01	2.11e-09
 2.50078e+16	7.53e-01	2.47e-01	2.11e-09
 2.50123e+16	7.63e-01	2.37e-01	2.11e-09
 2.50169e+16	7.72e-01	2.28e-01	2.10e-09
 2.50214e+16	7.81e-01	2.19e-01	2.09e-09
 2.50259e+16	7.90e-01	2.10e-01	2.09e-09
 2.50303e+16	7.99e-01	2.01e-01	2.08e-09
 2.50346e+16	8.07e-01	1.93e-01	2.06e-09
 2.50389e+16	8.15e-01	1.85e-01	2.05e-09
 2.50431e+16	8.23e-01	1.77e-01	2.04e-09
 2.50473e+16	8.30e-01	1.70e-01	2.02e-09
 2.50514e+16	8.38e-01	1.62e-01	2.01e-09
 2.50555e+16	8.45e-01	1.55e-01	1.99e-09
 2.50595e+16	8.51e-01	1.49e-01	1.97e-09
 2.50635e+16	8.58e-01	1.42e-01	1.95e-09
 2.50675e+16	8.64e-01	1.36e-01	1.93e-09
 2.50713e+16	8.70e-01	1.30e-01	1.91e-09
 2.50752e+16	8.76e-01	1.24e-01	1.88e-09
 2.50790e+16	8.82e-01	1.18e-01	1.86e-09
 2.50828e+16	8.87e-01	1.13e-01	1.83e-09
 2.50865e+16	8.93e-01	1.07e-01	1.81e-09
 2.50902e+16	8.97e-01	1.03e-01	1.78e-09
 2.50938e+16	9.02e-01	9.78e-02	1.75e-09
 2.50974e+16	9.07e-01	9.32e-02	1.73e-09
 2.51010e+16	9.11e-01	8.87e-02	1.70e-09
 2.51044e+16	9.15e-01	8.46e-02	1.67e-09
 2.51079e+16	9.19e-01	8.05e-02	1.64e-09
 2.51113e+16	9.23e-01	7.67e-02	1.61e-09
 2.51146e+16	9.27e-01	7.30e-02	1.58e-09
 2.51179e+16	9.31e-01	6.95e-02	1.55e-09
 2.51211e+16	9.34e-01	6.62e-02	1.52e-09
 2.51243e+16	9.37e-01	6.30e-02	1.49e-09
 2.51274e+16	9.40e-01	5.99e-02	1.45e-09
 2.51305e+16	9.43e-01	5.70e-02	1.42e-09
 2.51334e+16	9.46e-01	5.43e-02	1.39e-09
 2.51363e+16	9.48e-01	5.17e-02	1.36e-09
 2.51392e+16	9.51e-01	4.92e-02	1.33e-09
 2.51420e+16	9.53e-01	4.68e-02	1.30e-09
 2.51447e+16	9.55e-01	4.46e-02	1.26e-09
 2.51473e+16	9.58e-01	4.25e-02	1.23e-09
 2.51498e+16	9.60e-01	4.04e-02	1.20e-09
 2.51523e+16	9.61e-01	3.86e-02	1.17e-09
 2.51545e+16	9.63e-01	3.69e-02	1.14e-09
 2.51566e+16	9.65e-01	3.53e-02	1.11e-09
 2.51586e+16	9.66e-01	3.38e-02	1.08e-09
 2.51605e+16	9.68e-01	3.24e-02	1.05e-09
 2.51623e+16	9.69e-01	3.11e-02	1.03e-09
 2.51641e+16	9.70e-01	2.99e-02	9.99e-10
 2.51657e+16	9.71e-01	2.88e-02	9.72e-10
 2.51672e+16	9.72e-01	2.77e-02	9.45e-10
 2.51687e+16	9.73e-01	2.67e-02	9.19e-10
 2.51701e+16	9.74e-01	2.57e-02	8.92e-10
 2.51714e+16	9.75e-01	2.47e-02	8.65e-10
 2.51727e+16	9.76e-01	2.38e-02	8.38e-10
 2.51740e+16	9.77e-01	2.29e-02	8.11e-10
 2.51752e+16	9.78e-01	2.20e-02	7.82e-10
 2.51764e+16	9.79e-01	2.12e-02	7.54e-10
