#depth	O	O+	O+2	O+3	O+4	O+5	O+6	O+7	O+8	O[1]	O[2]	O[3]
 2.59282e+11	3.73e-05	4.66e-02	9.53e-01	1.95e-04	0.00e+00	0.00e+00	0.00e+00	0.00e+00	0.00e+00	2.48e-05	8.74e-06	3.79e-06
 1.55569e+12	3.73e-05	4.66e-02	9.53e-01	1.94e-04	0.00e+00	0.00e+00	0.00e+00	0.00e+00	0.00e+00	2.48e-05	8.75e-06	3.79e-06
 6.74132e+12	3.73e-05	4.66e-02	9.53e-01	1.91e-04	0.00e+00	0.00e+00	0.00e+00	0.00e+00	0.00e+00	2.48e-05	8.76e-06	3.80e-06
 2.74839e+13	3.75e-05	4.68e-02	9.53e-01	1.80e-04	0.00e+00	0.00e+00	0.00e+00	0.00e+00	0.00e+00	2.49e-05	8.82e-06	3.83e-06
 6.56501e+13	3.76e-05	4.69e-02	9.53e-01	1.64e-04	0.00e+00	0.00e+00	0.00e+00	0.00e+00	0.00e+00	2.49e-05	8.85e-06	3.84e-06
 1.15266e+14	3.77e-05	4.72e-02	9.53e-01	1.46e-04	0.00e+00	0.00e+00	0.00e+00	0.00e+00	0.00e+00	2.50e-05	8.88e-06	3.86e-06
 1.79767e+14	3.80e-05	4.75e-02	9.52e-01	1.24e-04	0.00e+00	0.00e+00	0.00e+00	0.00e+00	0.00e+00	2.51e-05	8.94e-06	3.88e-06
 2.63619e+14	3.85e-05	4.79e-02	9.52e-01	1.00e-04	0.00e+00	0.00e+00	0.00e+00	0.00e+00	0.00e+00	2.54e-05	9.07e-06	3.94e-06
 3.72625e+14	3.90e-05	4.84e-02	9.51e-01	7.59e-05	0.00e+00	0.00e+00	0.00e+00	0.00e+00	0.00e+00	2.58e-05	9.20e-06	3.99e-06
 5.14334e+14	3.98e-05	4.91e-02	9.51e-01	5.28e-05	0.00e+00	0.00e+00	0.00e+00	0.00e+00	0.00e+00	2.63e-05	9.39e-06	4.07e-06
 6.98555e+14	4.09e-05	5.00e-02	9.50e-01	3.28e-05	0.00e+00	0.00e+00	0.00e+00	0.00e+00	0.00e+00	2.70e-05	9.65e-06	4.18e-06
 9.38043e+14	4.24e-05	5.11e-02	9.49e-01	1.77e-05	0.00e+00	0.00e+00	0.00e+00	0.00e+00	0.00e+00	2.80e-05	1.00e-05	4.34e-06
 1.24938e+15	4.44e-05	5.26e-02	9.47e-01	8.05e-06	0.00e+00	0.00e+00	0.00e+00	0.00e+00	0.00e+00	2.94e-05	1.05e-05	4.55e-06
 1.65411e+15	4.74e-05	5.45e-02	9.45e-01	2.97e-06	0.00e+00	0.00e+00	0.00e+00	0.00e+00	0.00e+00	3.13e-05	1.12e-05	4.85e-06
 2.18027e+15	5.17e-05	5.71e-02	9.43e-01	8.72e-07	0.00e+00	0.00e+00	0.00e+00	0.00e+00	0.00e+00	3.41e-05	1.22e-05	5.29e-06
 2.86427e+15	5.79e-05	6.05e-02	9.39e-01	2.21e-07	0.00e+00	0.00e+00	0.00e+00	0.00e+00	0.00e+00	3.83e-05	1.37e-05	5.93e-06
 3.75347e+15	6.75e-05	6.52e-02	9.35e-01	0.00e+00	0.00e+00	0.00e+00	0.00e+00	0.00e+00	0.00e+00	4.46e-05	1.60e-05	6.91e-06
 4.88110e+15	8.21e-05	7.16e-02	9.28e-01	0.00e+00	0.00e+00	0.00e+00	0.00e+00	0.00e+00	0.00e+00	5.43e-05	1.95e-05	8.41e-06
 6.00460e+15	9.96e-05	7.84e-02	9.22e-01	0.00e+00	0.00e+00	0.00e+00	0.00e+00	0.00e+00	0.00e+00	6.58e-05	2.36e-05	1.02e-05
 6.90554e+15	1.18e-04	8.44e-02	9.15e-01	0.00e+00	0.00e+00	0.00e+00	0.00e+00	0.00e+00	0.00e+00	7.77e-05	2.79e-05	1.21e-05
 7.67342e+15	1.37e-04	9.01e-02	9.10e-01	0.00e+00	0.00e+00	0.00e+00	0.00e+00	0.00e+00	0.00e+00	9.02e-05	3.24e-05	1.40e-05
 8.44077e+15	1.73e-04	9.98e-02	9.00e-01	0.00e+00	0.00e+00	0.00e+00	0.00e+00	0.00e+00	0.00e+00	1.14e-04	4.12e-05	1.77e-05
 9.09633e+15	2.01e-04	1.06e-01	8.93e-01	0.00e+00	0.00e+00	0.00e+00	0.00e+00	0.00e+00	0.00e+00	1.32e-04	4.79e-05	2.06e-05
 9.67965e+15	2.29e-04	1.12e-01	8.87e-01	0.00e+00	0.00e+00	0.00e+00	0.00e+00	0.00e+00	0.00e+00	1.51e-04	5.46e-05	2.35e-05
 1.04380e+16	2.71e-04	1.20e-01	8.79e-01	0.00e+00	0.00e+00	0.00e+00	0.00e+00	0.00e+00	0.00e+00	1.79e-04	6.46e-05	2.79e-05
 1.12446e+16	3.29e-04	1.30e-01	8.69e-01	0.00e+00	0.00e+00	0.00e+00	0.00e+00	0.00e+00	0.00e+00	2.17e-04	7.81e-05	3.39e-05
 1.19192e+16	3.91e-04	1.40e-01	8.60e-01	0.00e+00	0.00e+00	0.00e+00	0.00e+00	0.00e+00	0.00e+00	2.58e-04	9.26e-05	4.02e-05
 1.24839e+16	4.53e-04	1.48e-01	8.51e-01	0.00e+00	0.00e+00	0.00e+00	0.00e+00	0.00e+00	0.00e+00	2.99e-04	1.07e-04	4.67e-05
 1.31004e+16	5.30e-04	1.58e-01	8.41e-01	0.00e+00	0.00e+00	0.00e+00	0.00e+00	0.00e+00	0.00e+00	3.51e-04	1.25e-04	5.46e-05
 1.37945e+16	6.40e-04	1.71e-01	8.29e-01	0.00e+00	0.00e+00	0.00e+00	0.00e+00	0.00e+00	0.00e+00	4.24e-04	1.50e-04	6.59e-05
 1.44271e+16	7.69e-04	1.84e-01	8.15e-01	0.00e+00	0.00e+00	0.00e+00	0.00e+00	0.00e+00	0.00e+00	5.09e-04	1.80e-04	7.90e-05
 1.49648e+16	9.03e-04	1.97e-01	8.02e-01	0.00e+00	0.00e+00	0.00e+00	0.00e+00	0.00e+00	0.00e+00	5.99e-04	2.11e-04	9.27e-05
 1.55420e+16	1.07e-03	2.11e-01	7.88e-01	0.00e+00	0.00e+00	0.00e+00	0.00e+00	0.00e+00	0.00e+00	7.11e-04	2.49e-04	1.10e-04
 1.61811e+16	1.31e-03	2.29e-01	7.69e-01	0.00e+00	0.00e+00	0.00e+00	0.00e+00	0.00e+00	0.00e+00	8.71e-04	3.03e-04	1.34e-04
 1.67477e+16	1.58e-03	2.48e-01	7.50e-01	0.00e+00	0.00e+00	0.00e+00	0.00e+00	0.00e+00	0.00e+00	1.05e-03	3.65e-04	1.62e-04
 1.72294e+16	1.87e-03	2.66e-01	7.32e-01	0.00e+00	0.00e+00	0.00e+00	0.00e+00	0.00e+00	0.00e+00	1.25e-03	4.31e-04	1.91e-04
 1.77535e+16	2.25e-03	2.88e-01	7.10e-01	0.00e+00	0.00e+00	0.00e+00	0.00e+00	0.00e+00	0.00e+00	1.50e-03	5.16e-04	2.29e-04
 1.83288e+16	2.79e-03	3.15e-01	6.82e-01	0.00e+00	0.00e+00	0.00e+00	0.00e+00	0.00e+00	0.00e+00	1.87e-03	6.37e-04	2.83e-04
 1.88345e+16	3.41e-03	3.42e-01	6.54e-01	0.00e+00	0.00e+00	0.00e+00	0.00e+00	0.00e+00	0.00e+00	2.29e-03	7.78e-04	3.46e-04
 1.92628e+16	4.10e-03	3.69e-01	6.27e-01	0.00e+00	0.00e+00	0.00e+00	0.00e+00	0.00e+00	0.00e+00	2.75e-03	9.31e-04	4.15e-04
 1.96659e+16	4.89e-03	3.97e-01	5.98e-01	0.00e+00	0.00e+00	0.00e+00	0.00e+00	0.00e+00	0.00e+00	3.29e-03	1.11e-03	4.94e-04
 2.01291e+16	6.02e-03	4.31e-01	5.63e-01	0.00e+00	0.00e+00	0.00e+00	0.00e+00	0.00e+00	0.00e+00	4.05e-03	1.36e-03	6.08e-04
 2.06165e+16	7.68e-03	4.74e-01	5.18e-01	0.00e+00	0.00e+00	0.00e+00	0.00e+00	0.00e+00	0.00e+00	5.17e-03	1.73e-03	7.73e-04
 2.10066e+16	9.50e-03	5.13e-01	4.77e-01	0.00e+00	0.00e+00	0.00e+00	0.00e+00	0.00e+00	0.00e+00	6.41e-03	2.13e-03	9.55e-04
 2.13098e+16	1.14e-02	5.47e-01	4.42e-01	0.00e+00	0.00e+00	0.00e+00	0.00e+00	0.00e+00	0.00e+00	7.67e-03	2.54e-03	1.14e-03
 2.16284e+16	1.37e-02	5.84e-01	4.02e-01	0.00e+00	0.00e+00	0.00e+00	0.00e+00	0.00e+00	0.00e+00	9.29e-03	3.07e-03	1.38e-03
 2.19798e+16	1.72e-02	6.27e-01	3.55e-01	0.00e+00	0.00e+00	0.00e+00	0.00e+00	0.00e+00	0.00e+00	1.17e-02	3.83e-03	1.72e-03
 2.22863e+16	2.14e-02	6.68e-01	3.11e-01	0.00e+00	0.00e+00	0.00e+00	0.00e+00	0.00e+00	0.00e+00	1.45e-02	4.74e-03	2.14e-03
 2.25339e+16	2.58e-02	7.01e-01	2.73e-01	0.00e+00	0.00e+00	0.00e+00	0.00e+00	0.00e+00	0.00e+00	1.75e-02	5.71e-03	2.58e-03
 2.27547e+16	3.09e-02	7.31e-01	2.38e-01	0.00e+00	0.00e+00	0.00e+00	0.00e+00	0.00e+00	0.00e+00	2.09e-02	6.81e-03	3.08e-03
 2.30042e+16	3.83e-02	7.64e-01	1.98e-01	0.00e+00	0.00e+00	0.00e+00	0.00e+00	0.00e+00	0.00e+00	2.60e-02	8.44e-03	3.82e-03
 2.32625e+16	4.89e-02	7.94e-01	1.57e-01	0.00e+00	0.00e+00	0.00e+00	0.00e+00	0.00e+00	0.00e+00	3.33e-02	1.08e-02	4.87e-03
 2.34640e+16	6.08e-02	8.15e-01	1.25e-01	0.00e+00	0.00e+00	0.00e+00	0.00e+00	0.00e+00	0.00e+00	4.14e-02	1.33e-02	6.05e-03
 2.36175e+16	7.30e-02	8.26e-01	1.01e-01	0.00e+00	0.00e+00	0.00e+00	0.00e+00	0.00e+00	0.00e+00	4.97e-02	1.60e-02	7.26e-03
 2.37368e+16	8.52e-02	8.31e-01	8.34e-02	0.00e+00	0.00e+00	0.00e+00	0.00e+00	0.00e+00	0.00e+00	5.80e-02	1.87e-02	8.47e-03
 2.38285e+16	9.67e-02	8.33e-01	7.06e-02	0.00e+00	0.00e+00	0.00e+00	0.00e+00	0.00e+00	0.00e+00	6.59e-02	2.12e-02	9.62e-03
 2.39115e+16	1.09e-01	8.31e-01	5.95e-02	0.00e+00	0.00e+00	0.00e+00	0.00e+00	0.00e+00	0.00e+00	7.46e-02	2.39e-02	1.09e-02
 2.39934e+16	1.25e-01	8.26e-01	4.94e-02	0.00e+00	0.00e+00	0.00e+00	0.00e+00	0.00e+00	0.00e+00	8.49e-02	2.72e-02	1.24e-02
 2.40710e+16	1.42e-01	8.18e-01	4.04e-02	0.00e+00	0.00e+00	0.00e+00	0.00e+00	0.00e+00	0.00e+00	9.69e-02	3.10e-02	1.41e-02
 2.41397e+16	1.61e-01	8.06e-01	3.30e-02	0.00e+00	0.00e+00	0.00e+00	0.00e+00	0.00e+00	0.00e+00	1.10e-01	3.51e-02	1.60e-02
 2.41994e+16	1.81e-01	7.92e-01	2.72e-02	0.00e+00	0.00e+00	0.00e+00	0.00e+00	0.00e+00	0.00e+00	1.23e-01	3.93e-02	1.79e-02
 2.42533e+16	2.02e-01	7.76e-01	2.23e-02	0.00e+00	0.00e+00	0.00e+00	0.00e+00	0.00e+00	0.00e+00	1.38e-01	4.38e-02	2.00e-02
 2.43036e+16	2.25e-01	7.57e-01	1.82e-02	0.00e+00	0.00e+00	0.00e+00	0.00e+00	0.00e+00	0.00e+00	1.53e-01	4.87e-02	2.22e-02
 2.43504e+16	2.49e-01	7.36e-01	1.48e-02	0.00e+00	0.00e+00	0.00e+00	0.00e+00	0.00e+00	0.00e+00	1.71e-01	5.40e-02	2.47e-02
 2.43932e+16	2.76e-01	7.12e-01	1.20e-02	0.00e+00	0.00e+00	0.00e+00	0.00e+00	0.00e+00	0.00e+00	1.89e-01	5.95e-02	2.73e-02
 2.44322e+16	3.03e-01	6.87e-01	9.69e-03	0.00e+00	0.00e+00	0.00e+00	0.00e+00	0.00e+00	0.00e+00	2.08e-01	6.53e-02	2.99e-02
 2.44682e+16	3.32e-01	6.61e-01	7.82e-03	0.00e+00	0.00e+00	0.00e+00	0.00e+00	0.00e+00	0.00e+00	2.28e-01	7.12e-02	3.27e-02
 2.45017e+16	3.61e-01	6.32e-01	6.29e-03	0.00e+00	0.00e+00	0.00e+00	0.00e+00	0.00e+00	0.00e+00	2.48e-01	7.72e-02	3.56e-02
 2.45331e+16	3.92e-01	6.03e-01	5.04e-03	0.00e+00	0.00e+00	0.00e+00	0.00e+00	0.00e+00	0.00e+00	2.70e-01	8.34e-02	3.85e-02
 2.45626e+16	4.23e-01	5.73e-01	4.03e-03	0.00e+00	0.00e+00	0.00e+00	0.00e+00	0.00e+00	0.00e+00	2.92e-01	8.96e-02	4.15e-02
 2.45902e+16	4.54e-01	5.43e-01	3.21e-03	0.00e+00	0.00e+00	0.00e+00	0.00e+00	0.00e+00	0.00e+00	3.14e-01	9.57e-02	4.44e-02
 2.46154e+16	4.85e-01	5.13e-01	2.57e-03	0.00e+00	0.00e+00	0.00e+00	0.00e+00	0.00e+00	0.00e+00	3.36e-01	1.01e-01	4.72e-02
 2.46372e+16	5.12e-01	4.86e-01	2.09e-03	0.00e+00	0.00e+00	0.00e+00	0.00e+00	0.00e+00	0.00e+00	3.56e-01	1.06e-01	4.98e-02
 2.46561e+16	5.37e-01	4.62e-01	1.73e-03	0.00e+00	0.00e+00	0.00e+00	0.00e+00	0.00e+00	0.00e+00	3.74e-01	1.11e-01	5.20e-02
 2.46734e+16	5.60e-01	4.39e-01	1.45e-03	0.00e+00	0.00e+00	0.00e+00	0.00e+00	0.00e+00	0.00e+00	3.90e-01	1.15e-01	5.41e-02
 2.46896e+16	5.82e-01	4.17e-01	1.22e-03	0.00e+00	0.00e+00	0.00e+00	0.00e+00	0.00e+00	0.00e+00	4.07e-01	1.19e-01	5.60e-02
 2.47022e+16	5.99e-01	4.00e-01	1.06e-03	0.00e+00	0.00e+00	0.00e+00	0.00e+00	0.00e+00	0.00e+00	4.19e-01	1.22e-01	5.75e-02
 2.47104e+16	6.09e-01	3.90e-01	9.66e-04	0.00e+00	0.00e+00	0.00e+00	0.00e+00	0.00e+00	0.00e+00	4.27e-01	1.23e-01	5.84e-02
 2.47179e+16	6.20e-01	3.79e-01	8.82e-04	0.00e+00	0.00e+00	0.00e+00	0.00e+00	0.00e+00	0.00e+00	4.35e-01	1.25e-01	5.93e-02
 2.47266e+16	6.32e-01	3.67e-01	7.94e-04	0.00e+00	0.00e+00	0.00e+00	0.00e+00	0.00e+00	0.00e+00	4.44e-01	1.27e-01	6.03e-02
 2.47360e+16	6.45e-01	3.55e-01	7.07e-04	0.00e+00	0.00e+00	0.00e+00	0.00e+00	0.00e+00	0.00e+00	4.54e-01	1.29e-01	6.14e-02
 2.47450e+16	6.57e-01	3.42e-01	6.31e-04	0.00e+00	0.00e+00	0.00e+00	0.00e+00	0.00e+00	0.00e+00	4.64e-01	1.31e-01	6.24e-02
 2.47535e+16	6.69e-01	3.31e-01	5.65e-04	0.00e+00	0.00e+00	0.00e+00	0.00e+00	0.00e+00	0.00e+00	4.73e-01	1.32e-01	6.33e-02
 2.47618e+16	6.80e-01	3.20e-01	5.07e-04	0.00e+00	0.00e+00	0.00e+00	0.00e+00	0.00e+00	0.00e+00	4.81e-01	1.34e-01	6.42e-02
 2.47700e+16	6.91e-01	3.08e-01	4.54e-04	0.00e+00	0.00e+00	0.00e+00	0.00e+00	0.00e+00	0.00e+00	4.90e-01	1.36e-01	6.51e-02
 2.47783e+16	7.02e-01	2.97e-01	4.05e-04	0.00e+00	0.00e+00	0.00e+00	0.00e+00	0.00e+00	0.00e+00	4.99e-01	1.37e-01	6.59e-02
 2.47865e+16	7.13e-01	2.87e-01	3.61e-04	0.00e+00	0.00e+00	0.00e+00	0.00e+00	0.00e+00	0.00e+00	5.08e-01	1.39e-01	6.68e-02
 2.47944e+16	7.24e-01	2.76e-01	3.22e-04	0.00e+00	0.00e+00	0.00e+00	0.00e+00	0.00e+00	0.00e+00	5.16e-01	1.40e-01	6.75e-02
 2.48023e+16	7.34e-01	2.66e-01	2.87e-04	0.00e+00	0.00e+00	0.00e+00	0.00e+00	0.00e+00	0.00e+00	5.24e-01	1.41e-01	6.83e-02
 2.48101e+16	7.44e-01	2.56e-01	2.55e-04	0.00e+00	0.00e+00	0.00e+00	0.00e+00	0.00e+00	0.00e+00	5.32e-01	1.43e-01	6.90e-02
 2.48177e+16	7.54e-01	2.46e-01	2.27e-04	0.00e+00	0.00e+00	0.00e+00	0.00e+00	0.00e+00	0.00e+00	5.40e-01	1.44e-01	6.97e-02
 2.48253e+16	7.63e-01	2.36e-01	2.01e-04	0.00e+00	0.00e+00	0.00e+00	0.00e+00	0.00e+00	0.00e+00	5.48e-01	1.45e-01	7.03e-02
 2.48328e+16	7.73e-01	2.27e-01	1.79e-04	0.00e+00	0.00e+00	0.00e+00	0.00e+00	0.00e+00	0.00e+00	5.56e-01	1.46e-01	7.09e-02
 2.48402e+16	7.82e-01	2.18e-01	1.59e-04	0.00e+00	0.00e+00	0.00e+00	0.00e+00	0.00e+00	0.00e+00	5.64e-01	1.47e-01	7.15e-02
 2.48475e+16	7.91e-01	2.09e-01	1.40e-04	0.00e+00	0.00e+00	0.00e+00	0.00e+00	0.00e+00	0.00e+00	5.71e-01	1.47e-01	7.20e-02
 2.48547e+16	7.99e-01	2.01e-01	1.24e-04	0.00e+00	0.00e+00	0.00e+00	0.00e+00	0.00e+00	0.00e+00	5.78e-01	1.48e-01	7.25e-02
 2.48618e+16	8.07e-01	1.93e-01	1.10e-04	0.00e+00	0.00e+00	0.00e+00	0.00e+00	0.00e+00	0.00e+00	5.85e-01	1.49e-01	7.30e-02
 2.48688e+16	8.15e-01	1.85e-01	9.72e-05	0.00e+00	0.00e+00	0.00e+00	0.00e+00	0.00e+00	0.00e+00	5.92e-01	1.50e-01	7.34e-02
 2.48757e+16	8.23e-01	1.77e-01	8.58e-05	0.00e+00	0.00e+00	0.00e+00	0.00e+00	0.00e+00	0.00e+00	5.99e-01	1.50e-01	7.38e-02
 2.48826e+16	8.31e-01	1.69e-01	7.57e-05	0.00e+00	0.00e+00	0.00e+00	0.00e+00	0.00e+00	0.00e+00	6.05e-01	1.51e-01	7.42e-02
 2.48894e+16	8.38e-01	1.62e-01	6.68e-05	0.00e+00	0.00e+00	0.00e+00	0.00e+00	0.00e+00	0.00e+00	6.12e-01	1.51e-01	7.45e-02
 2.48961e+16	8.45e-01	1.55e-01	5.88e-05	0.00e+00	0.00e+00	0.00e+00	0.00e+00	0.00e+00	0.00e+00	6.18e-01	1.52e-01	7.48e-02
 2.49027e+16	8.51e-01	1.48e-01	5.18e-05	0.00e+00	0.00e+00	0.00e+00	0.00e+00	0.00e+00	0.00e+00	6.24e-01	1.52e-01	7.51e-02
 2.49093e+16	8.58e-01	1.42e-01	4.55e-05	0.00e+00	0.00e+00	0.00e+00	0.00e+00	0.00e+00	0.00e+00	6.30e-01	1.52e-01	7.54e-02
 2.49157e+16	8.64e-01	1.36e-01	4.00e-05	0.00e+00	0.00e+00	0.00e+00	0.00e+00	0.00e+00	0.00e+00	6.36e-01	1.53e-01	7.56e-02
 2.49220e+16	8.70e-01	1.30e-01	3.52e-05	0.00e+00	0.00e+00	0.00e+00	0.00e+00	0.00e+00	0.00e+00	6.41e-01	1.53e-01	7.58e-02
 2.49282e+16	8.76e-01	1.24e-01	3.10e-05	0.00e+00	0.00e+00	0.00e+00	0.00e+00	0.00e+00	0.00e+00	6.46e-01	1.53e-01	7.60e-02
 2.49342e+16	8.81e-01	1.19e-01	2.74e-05	0.00e+00	0.00e+00	0.00e+00	0.00e+00	0.00e+00	0.00e+00	6.51e-01	1.54e-01	7.61e-02
 2.49401e+16	8.86e-01	1.14e-01	2.41e-05	0.00e+00	0.00e+00	0.00e+00	0.00e+00	0.00e+00	0.00e+00	6.56e-01	1.54e-01	7.62e-02
 2.49459e+16	8.91e-01	1.09e-01	2.13e-05	0.00e+00	0.00e+00	0.00e+00	0.00e+00	0.00e+00	0.00e+00	6.61e-01	1.54e-01	7.64e-02
 2.49516e+16	8.96e-01	1.04e-01	1.88e-05	0.00e+00	0.00e+00	0.00e+00	0.00e+00	0.00e+00	0.00e+00	6.65e-01	1.54e-01	7.64e-02
 2.49571e+16	9.00e-01	9.99e-02	1.66e-05	0.00e+00	0.00e+00	0.00e+00	0.00e+00	0.00e+00	0.00e+00	6.69e-01	1.54e-01	7.65e-02
 2.49626e+16	9.04e-01	9.57e-02	1.47e-05	0.00e+00	0.00e+00	0.00e+00	0.00e+00	0.00e+00	0.00e+00	6.73e-01	1.54e-01	7.66e-02
 2.49679e+16	9.08e-01	9.18e-02	1.30e-05	0.00e+00	0.00e+00	0.00e+00	0.00e+00	0.00e+00	0.00e+00	6.77e-01	1.54e-01	7.66e-02
 2.49733e+16	9.12e-01	8.79e-02	1.15e-05	0.00e+00	0.00e+00	0.00e+00	0.00e+00	0.00e+00	0.00e+00	6.81e-01	1.55e-01	7.67e-02
 2.49785e+16	9.16e-01	8.42e-02	1.02e-05	0.00e+00	0.00e+00	0.00e+00	0.00e+00	0.00e+00	0.00e+00	6.84e-01	1.55e-01	7.67e-02
 2.49835e+16	9.19e-01	8.08e-02	9.06e-06	0.00e+00	0.00e+00	0.00e+00	0.00e+00	0.00e+00	0.00e+00	6.88e-01	1.55e-01	7.68e-02
 2.49884e+16	9.22e-01	7.75e-02	8.03e-06	0.00e+00	0.00e+00	0.00e+00	0.00e+00	0.00e+00	0.00e+00	6.91e-01	1.55e-01	7.68e-02
 2.49934e+16	9.26e-01	7.43e-02	7.11e-06	0.00e+00	0.00e+00	0.00e+00	0.00e+00	0.00e+00	0.00e+00	6.94e-01	1.55e-01	7.68e-02
 2.49983e+16	9.29e-01	7.13e-02	6.33e-06	0.00e+00	0.00e+00	0.00e+00	0.00e+00	0.00e+00	0.00e+00	6.97e-01	1.55e-01	7.68e-02
 2.50031e+16	9.32e-01	6.84e-02	5.60e-06	0.00e+00	0.00e+00	0.00e+00	0.00e+00	0.00e+00	0.00e+00	6.99e-01	1.55e-01	7.68e-02
 2.50078e+16	9.34e-01	6.56e-02	4.97e-06	0.00e+00	0.00e+00	0.00e+00	0.00e+00	0.00e+00	0.00e+00	7.02e-01	1.55e-01	7.67e-02
 2.50123e+16	9.37e-01	6.30e-02	4.43e-06	0.00e+00	0.00e+00	0.00e+00	0.00e+00	0.00e+00	0.00e+00	7.05e-01	1.56e-01	7.67e-02
 2.50169e+16	9.40e-01	6.05e-02	3.94e-06	0.00e+00	0.00e+00	0.00e+00	0.00e+00	0.00e+00	0.00e+00	7.07e-01	1.56e-01	7.67e-02
 2.50214e+16	9.42e-01	5.80e-02	3.50e-06	0.00e+00	0.00e+00	0.00e+00	0.00e+00	0.00e+00	0.00e+00	7.10e-01	1.56e-01	7.66e-02
 2.50259e+16	9.44e-01	5.57e-02	3.11e-06	0.00e+00	0.00e+00	0.00e+00	0.00e+00	0.00e+00	0.00e+00	7.12e-01	1.56e-01	7.66e-02
 2.50303e+16	9.46e-01	5.35e-02	2.77e-06	0.00e+00	0.00e+00	0.00e+00	0.00e+00	0.00e+00	0.00e+00	7.14e-01	1.56e-01	7.65e-02
 2.50346e+16	9.49e-01	5.14e-02	2.46e-06	0.00e+00	0.00e+00	0.00e+00	0.00e+00	0.00e+00	0.00e+00	7.16e-01	1.56e-01	7.65e-02
 2.50389e+16	9.51e-01	4.94e-02	2.20e-06	0.00e+00	0.00e+00	0.00e+00	0.00e+00	0.00e+00	0.00e+00	7.18e-01	1.56e-01	7.64e-02
 2.50431e+16	9.53e-01	4.74e-02	1.95e-06	0.00e+00	0.00e+00	0.00e+00	0.00e+00	0.00e+00	0.00e+00	7.20e-01	1.57e-01	7.64e-02
 2.50473e+16	9.54e-01	4.56e-02	1.74e-06	0.00e+00	0.00e+00	0.00e+00	0.00e+00	0.00e+00	0.00e+00	7.21e-01	1.57e-01	7.64e-02
 2.50514e+16	9.56e-01	4.38e-02	1.55e-06	0.00e+00	0.00e+00	0.00e+00	0.00e+00	0.00e+00	0.00e+00	7.23e-01	1.57e-01	7.64e-02
 2.50555e+16	9.58e-01	4.21e-02	1.38e-06	0.00e+00	0.00e+00	0.00e+00	0.00e+00	0.00e+00	0.00e+00	7.24e-01	1.57e-01	7.63e-02
 2.50595e+16	9.60e-01	4.05e-02	1.23e-06	0.00e+00	0.00e+00	0.00e+00	0.00e+00	0.00e+00	0.00e+00	7.26e-01	1.57e-01	7.63e-02
 2.50635e+16	9.61e-01	3.89e-02	1.09e-06	0.00e+00	0.00e+00	0.00e+00	0.00e+00	0.00e+00	0.00e+00	7.27e-01	1.58e-01	7.63e-02
 2.50675e+16	9.63e-01	3.74e-02	9.78e-07	0.00e+00	0.00e+00	0.00e+00	0.00e+00	0.00e+00	0.00e+00	7.29e-01	1.58e-01	7.63e-02
 2.50713e+16	9.64e-01	3.60e-02	8.73e-07	0.00e+00	0.00e+00	0.00e+00	0.00e+00	0.00e+00	0.00e+00	7.30e-01	1.58e-01	7.62e-02
 2.50752e+16	9.65e-01	3.46e-02	7.77e-07	0.00e+00	0.00e+00	0.00e+00	0.00e+00	0.00e+00	0.00e+00	7.31e-01	1.58e-01	7.63e-02
 2.50790e+16	9.67e-01	3.33e-02	6.93e-07	0.00e+00	0.00e+00	0.00e+00	0.00e+00	0.00e+00	0.00e+00	7.32e-01	1.59e-01	7.62e-02
 2.50828e+16	9.68e-01	3.20e-02	6.20e-07	0.00e+00	0.00e+00	0.00e+00	0.00e+00	0.00e+00	0.00e+00	7.33e-01	1.59e-01	7.62e-02
 2.50865e+16	9.69e-01	3.08e-02	5.52e-07	0.00e+00	0.00e+00	0.00e+00	0.00e+00	0.00e+00	0.00e+00	7.34e-01	1.59e-01	7.63e-02
 2.50902e+16	9.70e-01	2.96e-02	4.93e-07	0.00e+00	0.00e+00	0.00e+00	0.00e+00	0.00e+00	0.00e+00	7.35e-01	1.60e-01	7.63e-02
 2.50938e+16	9.72e-01	2.85e-02	4.40e-07	0.00e+00	0.00e+00	0.00e+00	0.00e+00	0.00e+00	0.00e+00	7.35e-01	1.60e-01	7.63e-02
 2.50974e+16	9.73e-01	2.74e-02	3.93e-07	0.00e+00	0.00e+00	0.00e+00	0.00e+00	0.00e+00	0.00e+00	7.36e-01	1.60e-01	7.63e-02
 2.51010e+16	9.74e-01	2.63e-02	3.50e-07	0.00e+00	0.00e+00	0.00e+00	0.00e+00	0.00e+00	0.00e+00	7.37e-01	1.61e-01	7.63e-02
 2.51044e+16	9.75e-01	2.53e-02	3.13e-07	0.00e+00	0.00e+00	0.00e+00	0.00e+00	0.00e+00	0.00e+00	7.37e-01	1.61e-01	7.63e-02
 2.51079e+16	9.76e-01	2.43e-02	2.79e-07	0.00e+00	0.00e+00	0.00e+00	0.00e+00	0.00e+00	0.00e+00	7.38e-01	1.62e-01	7.64e-02
 2.51113e+16	9.77e-01	2.34e-02	2.50e-07	0.00e+00	0.00e+00	0.00e+00	0.00e+00	0.00e+00	0.00e+00	7.38e-01	1.62e-01	7.64e-02
 2.51146e+16	9.77e-01	2.25e-02	2.23e-07	0.00e+00	0.00e+00	0.00e+00	0.00e+00	0.00e+00	0.00e+00	7.39e-01	1.62e-01	7.65e-02
 2.51179e+16	9.78e-01	2.16e-02	1.99e-07	0.00e+00	0.00e+00	0.00e+00	0.00e+00	0.00e+00	0.00e+00	7.39e-01	1.63e-01	7.65e-02
 2.51211e+16	9.79e-01	2.08e-02	1.79e-07	0.00e+00	0.00e+00	0.00e+00	0.00e+00	0.00e+00	0.00e+00	7.39e-01	1.63e-01	7.66e-02
 2.51243e+16	9.80e-01	2.00e-02	1.60e-07	0.00e+00	0.00e+00	0.00e+00	0.00e+00	0.00e+00	0.00e+00	7.39e-01	1.64e-01	7.66e-02
 2.51274e+16	9.81e-01	1.92e-02	1.43e-07	0.00e+00	0.00e+00	0.00e+00	0.00e+00	0.00e+00	0.00e+00	7.40e-01	1.64e-01	7.67e-02
 2.51305e+16	9.82e-01	1.85e-02	1.28e-07	0.00e+00	0.00e+00	0.00e+00	0.00e+00	0.00e+00	0.00e+00	7.40e-01	1.65e-01	7.68e-02
 2.51334e+16	9.82e-01	1.78e-02	1.15e-07	0.00e+00	0.00e+00	0.00e+00	0.00e+00	0.00e+00	0.00e+00	7.40e-01	1.66e-01	7.69e-02
 2.51363e+16	9.83e-01	1.71e-02	1.03e-07	0.00e+00	0.00e+00	0.00e+00	0.00e+00	0.00e+00	0.00e+00	7.40e-01	1.66e-01	7.70e-02
 2.51392e+16	9.84e-01	1.64e-02	9.20e-08	0.00e+00	0.00e+00	0.00e+00	0.00e+00	0.00e+00	0.00e+00	7.40e-01	1.67e-01	7.70e-02
 2.51420e+16	9.84e-01	1.57e-02	8.25e-08	0.00e+00	0.00e+00	0.00e+00	0.00e+00	0.00e+00	0.00e+00	7.39e-01	1.68e-01	7.72e-02
 2.51447e+16	9.85e-01	1.51e-02	7.39e-08	0.00e+00	0.00e+00	0.00e+00	0.00e+00	0.00e+00	0.00e+00	7.39e-01	1.68e-01	7.73e-02
 2.51473e+16	9.85e-01	1.45e-02	6.63e-08	0.00e+00	0.00e+00	0.00e+00	0.00e+00	0.00e+00	0.00e+00	7.39e-01	1.69e-01	7.74e-02
 2.51498e+16	9.86e-01	1.39e-02	5.96e-08	0.00e+00	0.00e+00	0.00e+00	0.00e+00	0.00e+00	0.00e+00	7.38e-01	1.70e-01	7.75e-02
 2.51523e+16	9.87e-01	1.34e-02	5.36e-08	0.00e+00	0.00e+00	0.00e+00	0.00e+00	0.00e+00	0.00e+00	7.38e-01	1.71e-01	7.76e-02
 2.51545e+16	9.87e-01	1.28e-02	4.84e-08	0.00e+00	0.00e+00	0.00e+00	0.00e+00	0.00e+00	0.00e+00	7.37e-01	1.72e-01	7.78e-02
 2.51566e+16	9.88e-01	1.23e-02	4.39e-08	0.00e+00	0.00e+00	0.00e+00	0.00e+00	0.00e+00	0.00e+00	7.37e-01	1.73e-01	7.79e-02
 2.51586e+16	9.88e-01	1.19e-02	3.99e-08	0.00e+00	0.00e+00	0.00e+00	0.00e+00	0.00e+00	0.00e+00	7.36e-01	1.74e-01	7.81e-02
 2.51605e+16	9.89e-01	1.15e-02	3.64e-08	0.00e+00	0.00e+00	0.00e+00	0.00e+00	0.00e+00	0.00e+00	7.36e-01	1.75e-01	7.82e-02
 2.51623e+16	9.89e-01	1.10e-02	3.32e-08	0.00e+00	0.00e+00	0.00e+00	0.00e+00	0.00e+00	0.00e+00	7.35e-01	1.76e-01	7.84e-02
 2.51641e+16	9.89e-01	1.06e-02	3.04e-08	0.00e+00	0.00e+00	0.00e+00	0.00e+00	0.00e+00	0.00e+00	7.34e-01	1.77e-01	7.85e-02
 2.51657e+16	9.90e-01	1.03e-02	2.78e-08	0.00e+00	0.00e+00	0.00e+00	0.00e+00	0.00e+00	0.00e+00	7.33e-01	1.78e-01	7.87e-02
 2.51672e+16	9.90e-01	9.88e-03	2.55e-08	0.00e+00	0.00e+00	0.00e+00	0.00e+00	0.00e+00	0.00e+00	7.33e-01	1.79e-01	7.89e-02
 2.51687e+16	9.90e-01	9.53e-03	2.34e-08	0.00e+00	0.00e+00	0.00e+00	0.00e+00	0.00e+00	0.00e+00	7.32e-01	1.80e-01	7.90e-02
 2.51701e+16	9.91e-01	9.18e-03	2.15e-08	0.00e+00	0.00e+00	0.00e+00	0.00e+00	0.00e+00	0.00e+00	7.31e-01	1.81e-01	7.92e-02
 2.51714e+16	9.91e-01	8.84e-03	1.97e-08	0.00e+00	0.00e+00	0.00e+00	0.00e+00	0.00e+00	0.00e+00	7.30e-01	1.82e-01	7.94e-02
 2.51727e+16	9.91e-01	8.51e-03	1.81e-08	0.00e+00	0.00e+00	0.00e+00	0.00e+00	0.00e+00	0.00e+00	7.28e-01	1.83e-01	7.96e-02
 2.51740e+16	9.92e-01	8.18e-03	1.66e-08	0.00e+00	0.00e+00	0.00e+00	0.00e+00	0.00e+00	0.00e+00	7.27e-01	1.85e-01	7.98e-02
 2.51752e+16	9.92e-01	7.85e-03	1.51e-08	0.00e+00	0.00e+00	0.00e+00	0.00e+00	0.00e+00	0.00e+00	7.26e-01	1.86e-01	8.00e-02
 2.51764e+16	9.92e-01	7.52e-03	1.38e-08	0.00e+00	0.00e+00	0.00e+00	0.00e+00	0.00e+00	0.00e+00	7.24e-01	1.88e-01	8.02e-02
