#depth	H	H+	H2
 2.59282e+11	1.23e-03	9.99e-01	5.54e-14
 1.55569e+12	1.23e-03	9.99e-01	5.54e-14
 6.74132e+12	1.23e-03	9.99e-01	5.54e-14
 2.74839e+13	1.23e-03	9.99e-01	5.56e-14
 6.56501e+13	1.22e-03	9.99e-01	5.59e-14
 1.15266e+14	1.22e-03	9.99e-01	5.61e-14
 1.79767e+14	1.22e-03	9.99e-01	5.65e-14
 2.63619e+14	1.21e-03	9.99e-01	5.71e-14
 3.72625e+14	1.21e-03	9.99e-01	5.78e-14
 5.14334e+14	1.21e-03	9.99e-01	5.88e-14
 6.98555e+14	1.21e-03	9.99e-01	6.00e-14
 9.38043e+14	1.21e-03	9.99e-01	6.17e-14
 1.24938e+15	1.22e-03	9.99e-01	6.40e-14
 1.65411e+15	1.24e-03	9.99e-01	6.71e-14
 2.18027e+15	1.26e-03	9.99e-01	7.12e-14
 2.86427e+15	1.31e-03	9.99e-01	7.67e-14
 3.75347e+15	1.37e-03	9.99e-01	8.39e-14
 4.88110e+15	1.47e-03	9.99e-01	9.38e-14
 6.00460e+15	1.58e-03	9.98e-01	1.05e-13
 6.90554e+15	1.69e-03	9.98e-01	1.14e-13
 7.67342e+15	1.80e-03	9.98e-01	1.23e-13
 8.44077e+15	2.00e-03	9.98e-01	1.41e-13
 9.09633e+15	2.14e-03	9.98e-01	1.53e-13
 9.67965e+15	2.28e-03	9.98e-01	1.62e-13
 1.04380e+16	2.47e-03	9.98e-01	1.75e-13
 1.12446e+16	2.71e-03	9.97e-01	1.93e-13
 1.19192e+16	2.95e-03	9.97e-01	2.10e-13
 1.24839e+16	3.18e-03	9.97e-01	2.25e-13
 1.31004e+16	3.44e-03	9.97e-01	2.41e-13
 1.37945e+16	3.78e-03	9.96e-01	2.62e-13
 1.44271e+16	4.15e-03	9.96e-01	2.86e-13
 1.49648e+16	4.50e-03	9.95e-01	3.07e-13
 1.55420e+16	4.91e-03	9.95e-01	3.29e-13
 1.61811e+16	5.44e-03	9.95e-01	3.59e-13
 1.67477e+16	5.99e-03	9.94e-01	3.90e-13
 1.72294e+16	6.54e-03	9.93e-01	4.20e-13
 1.77535e+16	7.18e-03	9.93e-01	4.52e-13
 1.83288e+16	8.03e-03	9.92e-01	4.96e-13
 1.88345e+16	8.94e-03	9.91e-01	5.44e-13
 1.92628e+16	9.86e-03	9.90e-01	5.92e-13
 1.96659e+16	1.08e-02	9.89e-01	6.42e-13
 2.01291e+16	1.22e-02	9.88e-01	7.07e-13
 2.06165e+16	1.39e-02	9.86e-01	8.02e-13
 2.10066e+16	1.58e-02	9.84e-01	9.03e-13
 2.13098e+16	1.76e-02	9.82e-01	1.00e-12
 2.16284e+16	1.98e-02	9.80e-01	1.12e-12
 2.19798e+16	2.28e-02	9.77e-01	1.30e-12
 2.22863e+16	2.64e-02	9.74e-01	1.50e-12
 2.25339e+16	3.00e-02	9.70e-01	1.73e-12
 2.27547e+16	3.42e-02	9.66e-01	1.98e-12
 2.30042e+16	4.01e-02	9.60e-01	2.36e-12
 2.32625e+16	4.87e-02	9.51e-01	2.93e-12
 2.34640e+16	5.82e-02	9.42e-01	3.58e-12
 2.36175e+16	6.79e-02	9.32e-01	4.29e-12
 2.37368e+16	7.77e-02	9.22e-01	5.03e-12
 2.38285e+16	8.71e-02	9.13e-01	5.78e-12
 2.39115e+16	9.75e-02	9.03e-01	6.64e-12
 2.39934e+16	1.10e-01	8.90e-01	7.70e-12
 2.40710e+16	1.24e-01	8.76e-01	9.03e-12
 2.41397e+16	1.40e-01	8.60e-01	1.05e-11
 2.41994e+16	1.57e-01	8.43e-01	1.23e-11
 2.42533e+16	1.75e-01	8.25e-01	1.42e-11
 2.43036e+16	1.94e-01	8.06e-01	1.65e-11
 2.43504e+16	2.16e-01	7.84e-01	1.93e-11
 2.43932e+16	2.39e-01	7.61e-01	2.25e-11
 2.44322e+16	2.64e-01	7.36e-01	2.63e-11
 2.44682e+16	2.89e-01	7.11e-01	3.05e-11
 2.45017e+16	3.16e-01	6.84e-01	3.55e-11
 2.45331e+16	3.45e-01	6.55e-01	4.13e-11
 2.45626e+16	3.74e-01	6.26e-01	4.80e-11
 2.45902e+16	4.04e-01	5.96e-01	5.58e-11
 2.46154e+16	4.33e-01	5.67e-01	6.43e-11
 2.46372e+16	4.60e-01	5.40e-01	7.31e-11
 2.46561e+16	4.84e-01	5.16e-01	8.20e-11
 2.46734e+16	5.07e-01	4.93e-01	9.14e-11
 2.46896e+16	5.29e-01	4.71e-01	1.01e-10
 2.47022e+16	5.47e-01	4.53e-01	1.10e-10
 2.47104e+16	5.58e-01	4.42e-01	1.16e-10
 2.47179e+16	5.69e-01	4.31e-01	1.22e-10
 2.47266e+16	5.81e-01	4.19e-01	1.30e-10
 2.47360e+16	5.94e-01	4.06e-01	1.38e-10
 2.47450e+16	6.07e-01	3.93e-01	1.47e-10
 2.47535e+16	6.20e-01	3.80e-01	1.56e-10
 2.47618e+16	6.31e-01	3.69e-01	1.66e-10
 2.47700e+16	6.43e-01	3.57e-01	1.76e-10
 2.47783e+16	6.55e-01	3.45e-01	1.87e-10
 2.47865e+16	6.67e-01	3.33e-01	1.99e-10
 2.47944e+16	6.79e-01	3.21e-01	2.11e-10
 2.48023e+16	6.90e-01	3.10e-01	2.24e-10
 2.48101e+16	7.01e-01	2.99e-01	2.38e-10
 2.48177e+16	7.12e-01	2.88e-01	2.52e-10
 2.48253e+16	7.22e-01	2.78e-01	2.68e-10
 2.48328e+16	7.32e-01	2.68e-01	2.84e-10
 2.48402e+16	7.42e-01	2.58e-01	3.02e-10
 2.48475e+16	7.52e-01	2.48e-01	3.20e-10
 2.48547e+16	7.62e-01	2.38e-01	3.40e-10
 2.48618e+16	7.71e-01	2.29e-01	3.61e-10
 2.48688e+16	7.80e-01	2.20e-01	3.84e-10
 2.48757e+16	7.89e-01	2.11e-01	4.08e-10
 2.48826e+16	7.97e-01	2.03e-01	4.33e-10
 2.48894e+16	8.06e-01	1.94e-01	4.60e-10
 2.48961e+16	8.14e-01	1.86e-01	4.89e-10
 2.49027e+16	8.21e-01	1.79e-01	5.20e-10
 2.49093e+16	8.29e-01	1.71e-01	5.53e-10
 2.49157e+16	8.36e-01	1.64e-01	5.88e-10
 2.49220e+16	8.43e-01	1.57e-01	6.25e-10
 2.49282e+16	8.50e-01	1.50e-01	6.64e-10
 2.49342e+16	8.56e-01	1.44e-01	7.06e-10
 2.49401e+16	8.62e-01	1.38e-01	7.50e-10
 2.49459e+16	8.68e-01	1.32e-01	7.96e-10
 2.49516e+16	8.73e-01	1.27e-01	8.46e-10
 2.49571e+16	8.78e-01	1.22e-01	8.98e-10
 2.49626e+16	8.83e-01	1.17e-01	9.53e-10
 2.49679e+16	8.88e-01	1.12e-01	1.01e-09
 2.49733e+16	8.93e-01	1.07e-01	1.08e-09
 2.49785e+16	8.97e-01	1.03e-01	1.14e-09
 2.49835e+16	9.01e-01	9.91e-02	1.21e-09
 2.49884e+16	9.05e-01	9.51e-02	1.28e-09
 2.49934e+16	9.09e-01	9.13e-02	1.37e-09
 2.49983e+16	9.12e-01	8.77e-02	1.45e-09
 2.50031e+16	9.16e-01	8.41e-02	1.54e-09
 2.50078e+16	9.19e-01	8.08e-02	1.64e-09
 2.50123e+16	9.22e-01	7.77e-02	1.74e-09
 2.50169e+16	9.25e-01	7.46e-02	1.85e-09
 2.50214e+16	9.28e-01	7.17e-02	1.96e-09
 2.50259e+16	9.31e-01	6.89e-02	2.08e-09
 2.50303e+16	9.34e-01	6.62e-02	2.21e-09
 2.50346e+16	9.36e-01	6.37e-02	2.35e-09
 2.50389e+16	9.39e-01	6.12e-02	2.50e-09
 2.50431e+16	9.41e-01	5.88e-02	2.66e-09
 2.50473e+16	9.43e-01	5.66e-02	2.83e-09
 2.50514e+16	9.46e-01	5.44e-02	3.00e-09
 2.50555e+16	9.48e-01	5.24e-02	3.19e-09
 2.50595e+16	9.50e-01	5.04e-02	3.40e-09
 2.50635e+16	9.52e-01	4.84e-02	3.62e-09
 2.50675e+16	9.53e-01	4.66e-02	3.86e-09
 2.50713e+16	9.55e-01	4.49e-02	4.10e-09
 2.50752e+16	9.57e-01	4.31e-02	4.38e-09
 2.50790e+16	9.58e-01	4.15e-02	4.67e-09
 2.50828e+16	9.60e-01	4.00e-02	4.98e-09
 2.50865e+16	9.62e-01	3.84e-02	5.32e-09
 2.50902e+16	9.63e-01	3.70e-02	5.68e-09
 2.50938e+16	9.64e-01	3.56e-02	6.07e-09
 2.50974e+16	9.66e-01	3.43e-02	6.50e-09
 2.51010e+16	9.67e-01	3.30e-02	6.94e-09
 2.51044e+16	9.68e-01	3.17e-02	7.46e-09
 2.51079e+16	9.69e-01	3.05e-02	7.98e-09
 2.51113e+16	9.71e-01	2.94e-02	8.60e-09
 2.51146e+16	9.72e-01	2.82e-02	9.23e-09
 2.51179e+16	9.73e-01	2.72e-02	9.94e-09
 2.51211e+16	9.74e-01	2.62e-02	1.07e-08
 2.51243e+16	9.75e-01	2.52e-02	1.16e-08
 2.51274e+16	9.76e-01	2.42e-02	1.25e-08
 2.51305e+16	9.77e-01	2.33e-02	1.36e-08
 2.51334e+16	9.78e-01	2.24e-02	1.47e-08
 2.51363e+16	9.78e-01	2.15e-02	1.60e-08
 2.51392e+16	9.79e-01	2.07e-02	1.75e-08
 2.51420e+16	9.80e-01	1.99e-02	1.91e-08
 2.51447e+16	9.81e-01	1.91e-02	2.10e-08
 2.51473e+16	9.82e-01	1.83e-02	2.30e-08
 2.51498e+16	9.82e-01	1.76e-02	2.54e-08
 2.51523e+16	9.83e-01	1.69e-02	2.81e-08
 2.51545e+16	9.84e-01	1.63e-02	3.09e-08
 2.51566e+16	9.84e-01	1.57e-02	3.41e-08
 2.51586e+16	9.85e-01	1.51e-02	3.75e-08
 2.51605e+16	9.85e-01	1.45e-02	4.12e-08
 2.51623e+16	9.86e-01	1.40e-02	4.54e-08
 2.51641e+16	9.86e-01	1.35e-02	5.00e-08
 2.51657e+16	9.87e-01	1.30e-02	5.49e-08
 2.51672e+16	9.87e-01	1.26e-02	6.03e-08
 2.51687e+16	9.88e-01	1.21e-02	6.61e-08
 2.51701e+16	9.88e-01	1.17e-02	7.25e-08
 2.51714e+16	9.89e-01	1.13e-02	7.94e-08
 2.51727e+16	9.89e-01	1.09e-02	8.68e-08
 2.51740e+16	9.90e-01	1.05e-02	9.47e-08
 2.51752e+16	9.90e-01	1.01e-02	1.03e-07
 2.51764e+16	9.90e-01	9.66e-03	1.12e-07
