#depth	O	O+	O+2	O+3	O+4	O+5	O+6	O+7	O+8	O[1]	O[2]	O[3]
 4.70624e+11	5.74e-06	1.07e-02	9.64e-01	2.55e-02	9.56e-07	0.00e+00	0.00e+00	0.00e+00	0.00e+00	3.99e-06	1.18e-06	5.71e-07
 2.82374e+12	5.74e-06	1.07e-02	9.64e-01	2.55e-02	9.51e-07	0.00e+00	0.00e+00	0.00e+00	0.00e+00	3.99e-06	1.18e-06	5.71e-07
 1.22362e+13	5.74e-06	1.07e-02	9.64e-01	2.51e-02	9.32e-07	0.00e+00	0.00e+00	0.00e+00	0.00e+00	3.99e-06	1.18e-06	5.71e-07
 4.98861e+13	5.77e-06	1.07e-02	9.66e-01	2.38e-02	8.58e-07	0.00e+00	0.00e+00	0.00e+00	0.00e+00	4.00e-06	1.19e-06	5.74e-07
 1.19162e+14	5.76e-06	1.07e-02	9.67e-01	2.19e-02	7.59e-07	0.00e+00	0.00e+00	0.00e+00	0.00e+00	3.99e-06	1.19e-06	5.73e-07
 2.09221e+14	5.77e-06	1.08e-02	9.69e-01	1.97e-02	6.45e-07	0.00e+00	0.00e+00	0.00e+00	0.00e+00	4.00e-06	1.19e-06	5.74e-07
 3.26297e+14	5.79e-06	1.09e-02	9.72e-01	1.71e-02	5.19e-07	0.00e+00	0.00e+00	0.00e+00	0.00e+00	4.02e-06	1.20e-06	5.77e-07
 4.78496e+14	5.83e-06	1.09e-02	9.75e-01	1.42e-02	3.91e-07	0.00e+00	0.00e+00	0.00e+00	0.00e+00	4.05e-06	1.20e-06	5.81e-07
 6.76354e+14	5.89e-06	1.10e-02	9.78e-01	1.10e-02	2.68e-07	0.00e+00	0.00e+00	0.00e+00	0.00e+00	4.09e-06	1.21e-06	5.87e-07
 9.33571e+14	5.98e-06	1.12e-02	9.81e-01	7.87e-03	1.63e-07	0.00e+00	0.00e+00	0.00e+00	0.00e+00	4.15e-06	1.23e-06	5.96e-07
 1.26795e+15	6.10e-06	1.13e-02	9.84e-01	5.07e-03	0.00e+00	0.00e+00	0.00e+00	0.00e+00	0.00e+00	4.24e-06	1.26e-06	6.08e-07
 1.70265e+15	6.28e-06	1.15e-02	9.86e-01	2.87e-03	0.00e+00	0.00e+00	0.00e+00	0.00e+00	0.00e+00	4.36e-06	1.29e-06	6.25e-07
 2.26775e+15	6.52e-06	1.18e-02	9.87e-01	1.39e-03	0.00e+00	0.00e+00	0.00e+00	0.00e+00	0.00e+00	4.53e-06	1.34e-06	6.50e-07
 3.00239e+15	6.87e-06	1.21e-02	9.87e-01	5.66e-04	0.00e+00	0.00e+00	0.00e+00	0.00e+00	0.00e+00	4.77e-06	1.41e-06	6.84e-07
 3.95741e+15	7.37e-06	1.25e-02	9.87e-01	1.95e-04	0.00e+00	0.00e+00	0.00e+00	0.00e+00	0.00e+00	5.12e-06	1.51e-06	7.34e-07
 5.19895e+15	8.12e-06	1.31e-02	9.87e-01	6.22e-05	0.00e+00	0.00e+00	0.00e+00	0.00e+00	0.00e+00	5.64e-06	1.66e-06	8.09e-07
 6.81294e+15	9.25e-06	1.39e-02	9.86e-01	2.37e-05	0.00e+00	0.00e+00	0.00e+00	0.00e+00	0.00e+00	6.43e-06	1.90e-06	9.22e-07
 8.69328e+15	1.08e-05	1.48e-02	9.85e-01	1.41e-05	0.00e+00	0.00e+00	0.00e+00	0.00e+00	0.00e+00	7.48e-06	2.21e-06	1.07e-06
 1.06294e+16	1.27e-05	1.58e-02	9.84e-01	1.11e-05	0.00e+00	0.00e+00	0.00e+00	0.00e+00	0.00e+00	8.81e-06	2.60e-06	1.26e-06
 1.25656e+16	1.51e-05	1.70e-02	9.83e-01	9.75e-06	0.00e+00	0.00e+00	0.00e+00	0.00e+00	0.00e+00	1.05e-05	3.10e-06	1.50e-06
 1.42103e+16	1.75e-05	1.80e-02	9.82e-01	8.96e-06	0.00e+00	0.00e+00	0.00e+00	0.00e+00	0.00e+00	1.22e-05	3.60e-06	1.75e-06
 1.56314e+16	2.02e-05	1.91e-02	9.81e-01	8.40e-06	0.00e+00	0.00e+00	0.00e+00	0.00e+00	0.00e+00	1.40e-05	4.16e-06	2.01e-06
 1.71945e+16	2.38e-05	2.03e-02	9.80e-01	7.93e-06	0.00e+00	0.00e+00	0.00e+00	0.00e+00	0.00e+00	1.65e-05	4.91e-06	2.37e-06
 1.89140e+16	2.87e-05	2.19e-02	9.78e-01	7.50e-06	0.00e+00	0.00e+00	0.00e+00	0.00e+00	0.00e+00	1.99e-05	5.94e-06	2.86e-06
 2.07827e+16	3.56e-05	2.38e-02	9.76e-01	7.10e-06	0.00e+00	0.00e+00	0.00e+00	0.00e+00	0.00e+00	2.47e-05	7.40e-06	3.55e-06
 2.26890e+16	4.51e-05	2.61e-02	9.74e-01	6.73e-06	0.00e+00	0.00e+00	0.00e+00	0.00e+00	0.00e+00	3.12e-05	9.39e-06	4.49e-06
 2.41592e+16	5.47e-05	2.82e-02	9.72e-01	6.41e-06	0.00e+00	0.00e+00	0.00e+00	0.00e+00	0.00e+00	3.78e-05	1.14e-05	5.45e-06
 2.50730e+16	6.22e-05	2.97e-02	9.70e-01	6.22e-06	0.00e+00	0.00e+00	0.00e+00	0.00e+00	0.00e+00	4.30e-05	1.30e-05	6.20e-06
 2.59509e+16	7.06e-05	3.13e-02	9.69e-01	6.06e-06	0.00e+00	0.00e+00	0.00e+00	0.00e+00	0.00e+00	4.87e-05	1.48e-05	7.03e-06
 2.70922e+16	8.38e-05	3.36e-02	9.66e-01	5.84e-06	0.00e+00	0.00e+00	0.00e+00	0.00e+00	0.00e+00	5.78e-05	1.76e-05	8.35e-06
 2.82585e+16	1.01e-04	3.63e-02	9.64e-01	5.58e-06	0.00e+00	0.00e+00	0.00e+00	0.00e+00	0.00e+00	6.96e-05	2.13e-05	1.00e-05
 2.91748e+16	1.18e-04	3.89e-02	9.61e-01	5.36e-06	0.00e+00	0.00e+00	0.00e+00	0.00e+00	0.00e+00	8.13e-05	2.49e-05	1.17e-05
 2.99370e+16	1.35e-04	4.12e-02	9.59e-01	5.17e-06	0.00e+00	0.00e+00	0.00e+00	0.00e+00	0.00e+00	9.31e-05	2.86e-05	1.34e-05
 3.07816e+16	1.58e-04	4.41e-02	9.56e-01	4.94e-06	0.00e+00	0.00e+00	0.00e+00	0.00e+00	0.00e+00	1.09e-04	3.33e-05	1.57e-05
 3.17093e+16	1.89e-04	4.79e-02	9.52e-01	4.68e-06	0.00e+00	0.00e+00	0.00e+00	0.00e+00	0.00e+00	1.30e-04	3.99e-05	1.87e-05
 3.25268e+16	2.23e-04	5.16e-02	9.48e-01	4.42e-06	0.00e+00	0.00e+00	0.00e+00	0.00e+00	0.00e+00	1.54e-04	4.72e-05	2.21e-05
 3.32234e+16	2.59e-04	5.53e-02	9.44e-01	4.18e-06	0.00e+00	0.00e+00	0.00e+00	0.00e+00	0.00e+00	1.79e-04	5.48e-05	2.57e-05
 3.39012e+16	3.02e-04	5.94e-02	9.40e-01	3.95e-06	0.00e+00	0.00e+00	0.00e+00	0.00e+00	0.00e+00	2.08e-04	6.38e-05	2.99e-05
 3.45625e+16	3.52e-04	6.38e-02	9.36e-01	3.73e-06	0.00e+00	0.00e+00	0.00e+00	0.00e+00	0.00e+00	2.43e-04	7.44e-05	3.49e-05
 3.51578e+16	4.07e-04	6.83e-02	9.31e-01	3.51e-06	0.00e+00	0.00e+00	0.00e+00	0.00e+00	0.00e+00	2.81e-04	8.60e-05	4.03e-05
 3.56934e+16	4.67e-04	7.29e-02	9.27e-01	3.31e-06	0.00e+00	0.00e+00	0.00e+00	0.00e+00	0.00e+00	3.22e-04	9.86e-05	4.61e-05
 3.61756e+16	5.30e-04	7.75e-02	9.22e-01	3.13e-06	0.00e+00	0.00e+00	0.00e+00	0.00e+00	0.00e+00	3.66e-04	1.12e-04	5.24e-05
 3.66095e+16	5.97e-04	8.20e-02	9.17e-01	2.97e-06	0.00e+00	0.00e+00	0.00e+00	0.00e+00	0.00e+00	4.12e-04	1.26e-04	5.89e-05
 3.70176e+16	6.70e-04	8.67e-02	9.13e-01	2.81e-06	0.00e+00	0.00e+00	0.00e+00	0.00e+00	0.00e+00	4.62e-04	1.41e-04	6.61e-05
 3.74227e+16	7.54e-04	9.18e-02	9.07e-01	2.66e-06	0.00e+00	0.00e+00	0.00e+00	0.00e+00	0.00e+00	5.20e-04	1.59e-04	7.44e-05
 3.78279e+16	8.52e-04	9.75e-02	9.02e-01	2.50e-06	0.00e+00	0.00e+00	0.00e+00	0.00e+00	0.00e+00	5.88e-04	1.80e-04	8.40e-05
 3.82330e+16	9.67e-04	1.04e-01	8.95e-01	2.34e-06	0.00e+00	0.00e+00	0.00e+00	0.00e+00	0.00e+00	6.67e-04	2.04e-04	9.53e-05
 3.86382e+16	1.10e-03	1.11e-01	8.88e-01	2.19e-06	0.00e+00	0.00e+00	0.00e+00	0.00e+00	0.00e+00	7.60e-04	2.32e-04	1.09e-04
 3.90433e+16	1.26e-03	1.18e-01	8.81e-01	2.03e-06	0.00e+00	0.00e+00	0.00e+00	0.00e+00	0.00e+00	8.71e-04	2.66e-04	1.24e-04
 3.94484e+16	1.45e-03	1.27e-01	8.72e-01	1.88e-06	0.00e+00	0.00e+00	0.00e+00	0.00e+00	0.00e+00	1.00e-03	3.07e-04	1.43e-04
 3.98536e+16	1.69e-03	1.36e-01	8.62e-01	1.73e-06	0.00e+00	0.00e+00	0.00e+00	0.00e+00	0.00e+00	1.16e-03	3.55e-04	1.66e-04
 4.02587e+16	1.97e-03	1.47e-01	8.51e-01	1.58e-06	0.00e+00	0.00e+00	0.00e+00	0.00e+00	0.00e+00	1.36e-03	4.16e-04	1.94e-04
 4.04880e+16	2.18e-03	1.54e-01	8.44e-01	1.50e-06	0.00e+00	0.00e+00	0.00e+00	0.00e+00	0.00e+00	1.50e-03	4.58e-04	2.14e-04
