#depth	H	H+	H2
 4.70624e+11	9.80e-04	9.99e-01	2.88e-14
 2.82374e+12	9.80e-04	9.99e-01	2.88e-14
 1.22362e+13	9.80e-04	9.99e-01	2.88e-14
 4.98861e+13	9.81e-04	9.99e-01	2.89e-14
 1.19162e+14	9.75e-04	9.99e-01	2.89e-14
 2.09221e+14	9.71e-04	9.99e-01	2.90e-14
 3.26297e+14	9.67e-04	9.99e-01	2.92e-14
 4.78496e+14	9.63e-04	9.99e-01	2.94e-14
 6.76354e+14	9.59e-04	9.99e-01	2.97e-14
 9.33571e+14	9.56e-04	9.99e-01	3.01e-14
 1.26795e+15	9.55e-04	9.99e-01	3.07e-14
 1.70265e+15	9.55e-04	9.99e-01	3.15e-14
 2.26775e+15	9.59e-04	9.99e-01	3.26e-14
 3.00239e+15	9.68e-04	9.99e-01	3.41e-14
 3.95741e+15	9.84e-04	9.99e-01	3.61e-14
 5.19895e+15	1.01e-03	9.99e-01	3.91e-14
 6.81294e+15	1.06e-03	9.99e-01	4.33e-14
 8.69328e+15	1.11e-03	9.99e-01	4.85e-14
 1.06294e+16	1.18e-03	9.99e-01	5.45e-14
 1.25656e+16	1.27e-03	9.99e-01	6.15e-14
 1.42103e+16	1.35e-03	9.99e-01	6.83e-14
 1.56314e+16	1.44e-03	9.99e-01	7.49e-14
 1.71945e+16	1.55e-03	9.98e-01	8.32e-14
 1.89140e+16	1.69e-03	9.98e-01	9.37e-14
 2.07827e+16	1.87e-03	9.98e-01	1.07e-13
 2.26890e+16	2.08e-03	9.98e-01	1.24e-13
 2.41592e+16	2.29e-03	9.98e-01	1.40e-13
 2.50730e+16	2.43e-03	9.98e-01	1.53e-13
 2.59509e+16	2.58e-03	9.97e-01	1.64e-13
 2.70922e+16	2.80e-03	9.97e-01	1.81e-13
 2.82585e+16	3.05e-03	9.97e-01	2.03e-13
 2.91748e+16	3.29e-03	9.97e-01	2.24e-13
 2.99370e+16	3.51e-03	9.96e-01	2.43e-13
 3.07816e+16	3.76e-03	9.96e-01	2.66e-13
 3.17093e+16	4.10e-03	9.96e-01	2.97e-13
 3.25268e+16	4.43e-03	9.96e-01	3.28e-13
 3.32234e+16	4.75e-03	9.95e-01	3.60e-13
 3.39012e+16	5.10e-03	9.95e-01	3.94e-13
 3.45625e+16	5.47e-03	9.95e-01	4.32e-13
 3.51578e+16	5.85e-03	9.94e-01	4.72e-13
 3.56934e+16	6.23e-03	9.94e-01	5.13e-13
 3.61756e+16	6.61e-03	9.93e-01	5.54e-13
 3.66095e+16	6.98e-03	9.93e-01	5.95e-13
 3.70176e+16	7.35e-03	9.93e-01	6.38e-13
 3.74227e+16	7.76e-03	9.92e-01	6.86e-13
 3.78279e+16	8.21e-03	9.92e-01	7.38e-13
 3.82330e+16	8.70e-03	9.91e-01	7.97e-13
 3.86382e+16	9.24e-03	9.91e-01	8.63e-13
 3.90433e+16	9.83e-03	9.90e-01	9.38e-13
 3.94484e+16	1.05e-02	9.90e-01	1.02e-12
 3.98536e+16	1.12e-02	9.89e-01	1.12e-12
 4.02587e+16	1.21e-02	9.88e-01	1.23e-12
 4.04880e+16	1.27e-02	9.87e-01	1.30e-12
