#depth	O	O+	O+2	O+3	O+4	O+5	O+6	O+7	O+8	O[1]	O[2]	O[3]
 2.61855e+12	6.10e-07	1.03e-03	2.20e-01	7.42e-01	3.67e-02	1.04e-06	0.00e+00	0.00e+00	0.00e+00	4.54e-07	1.01e-07	5.55e-08
 1.57113e+13	6.09e-07	1.03e-03	2.20e-01	7.42e-01	3.67e-02	1.04e-06	0.00e+00	0.00e+00	0.00e+00	4.52e-07	1.01e-07	5.53e-08
 6.80822e+13	6.10e-07	1.03e-03	2.21e-01	7.41e-01	3.65e-02	1.03e-06	0.00e+00	0.00e+00	0.00e+00	4.53e-07	1.01e-07	5.54e-08
 2.77566e+14	6.15e-07	1.05e-03	2.25e-01	7.38e-01	3.57e-02	9.98e-07	0.00e+00	0.00e+00	0.00e+00	4.57e-07	1.02e-07	5.59e-08
 6.63016e+14	6.00e-07	1.05e-03	2.30e-01	7.34e-01	3.44e-02	9.52e-07	0.00e+00	0.00e+00	0.00e+00	4.46e-07	9.93e-08	5.45e-08
 1.16410e+15	6.01e-07	1.07e-03	2.38e-01	7.28e-01	3.28e-02	8.94e-07	0.00e+00	0.00e+00	0.00e+00	4.46e-07	9.95e-08	5.47e-08
 1.81551e+15	6.12e-07	1.11e-03	2.49e-01	7.19e-01	3.09e-02	8.20e-07	0.00e+00	0.00e+00	0.00e+00	4.54e-07	1.01e-07	5.57e-08
 2.66235e+15	6.36e-07	1.17e-03	2.64e-01	7.06e-01	2.84e-02	7.31e-07	0.00e+00	0.00e+00	0.00e+00	4.72e-07	1.05e-07	5.80e-08
 3.76323e+15	6.81e-07	1.27e-03	2.86e-01	6.87e-01	2.53e-02	6.24e-07	0.00e+00	0.00e+00	0.00e+00	5.06e-07	1.13e-07	6.21e-08
 5.19438e+15	7.62e-07	1.42e-03	3.19e-01	6.58e-01	2.16e-02	5.02e-07	0.00e+00	0.00e+00	0.00e+00	5.66e-07	1.26e-07	6.97e-08
 7.05487e+15	9.13e-07	1.68e-03	3.69e-01	6.12e-01	1.71e-02	3.66e-07	0.00e+00	0.00e+00	0.00e+00	6.78e-07	1.51e-07	8.36e-08
 8.93581e+15	1.09e-06	2.00e-03	4.29e-01	5.56e-01	1.31e-02	2.57e-07	0.00e+00	0.00e+00	0.00e+00	8.07e-07	1.80e-07	9.96e-08
 1.04040e+16	1.29e-06	2.33e-03	4.88e-01	5.00e-01	1.01e-02	1.85e-07	0.00e+00	0.00e+00	0.00e+00	9.56e-07	2.13e-07	1.18e-07
 1.15809e+16	1.51e-06	2.67e-03	5.42e-01	4.47e-01	7.91e-03	1.36e-07	0.00e+00	0.00e+00	0.00e+00	1.12e-06	2.49e-07	1.38e-07
 1.26252e+16	1.76e-06	3.03e-03	5.96e-01	3.95e-01	6.11e-03	0.00e+00	0.00e+00	0.00e+00	0.00e+00	1.31e-06	2.90e-07	1.61e-07
 1.36283e+16	2.06e-06	3.44e-03	6.52e-01	3.40e-01	4.56e-03	0.00e+00	0.00e+00	0.00e+00	0.00e+00	1.53e-06	3.40e-07	1.90e-07
 1.46023e+16	2.41e-06	3.89e-03	7.09e-01	2.84e-01	3.27e-03	0.00e+00	0.00e+00	0.00e+00	0.00e+00	1.79e-06	3.98e-07	2.22e-07
 1.55390e+16	2.81e-06	4.37e-03	7.63e-01	2.30e-01	2.24e-03	0.00e+00	0.00e+00	0.00e+00	0.00e+00	2.09e-06	4.63e-07	2.59e-07
 1.64583e+16	3.26e-06	4.87e-03	8.14e-01	1.80e-01	1.45e-03	0.00e+00	0.00e+00	0.00e+00	0.00e+00	2.43e-06	5.36e-07	3.00e-07
 1.72948e+16	3.70e-06	5.32e-03	8.56e-01	1.38e-01	9.29e-04	0.00e+00	0.00e+00	0.00e+00	0.00e+00	2.75e-06	6.06e-07	3.40e-07
 1.80428e+16	4.14e-06	5.73e-03	8.88e-01	1.06e-01	5.92e-04	0.00e+00	0.00e+00	0.00e+00	0.00e+00	3.08e-06	6.76e-07	3.80e-07
 1.88966e+16	4.66e-06	6.18e-03	9.17e-01	7.60e-02	3.37e-04	0.00e+00	0.00e+00	0.00e+00	0.00e+00	3.47e-06	7.60e-07	4.29e-07
 2.00065e+16	5.32e-06	6.69e-03	9.45e-01	4.80e-02	1.54e-04	0.00e+00	0.00e+00	0.00e+00	0.00e+00	3.97e-06	8.66e-07	4.89e-07
 2.14493e+16	6.16e-06	7.24e-03	9.67e-01	2.58e-02	5.33e-05	0.00e+00	0.00e+00	0.00e+00	0.00e+00	4.59e-06	9.99e-07	5.66e-07
 2.33250e+16	7.19e-06	7.82e-03	9.81e-01	1.16e-02	1.32e-05	0.00e+00	0.00e+00	0.00e+00	0.00e+00	5.36e-06	1.16e-06	6.60e-07
 2.56045e+16	8.46e-06	8.42e-03	9.87e-01	4.59e-03	2.54e-06	0.00e+00	0.00e+00	0.00e+00	0.00e+00	6.31e-06	1.37e-06	7.77e-07
 2.81649e+16	1.01e-05	9.08e-03	9.89e-01	1.75e-03	4.35e-07	0.00e+00	0.00e+00	0.00e+00	0.00e+00	7.51e-06	1.63e-06	9.25e-07
 3.09814e+16	1.22e-05	9.84e-03	9.89e-01	6.67e-04	0.00e+00	0.00e+00	0.00e+00	0.00e+00	0.00e+00	9.10e-06	1.98e-06	1.12e-06
 3.40796e+16	1.52e-05	1.08e-02	9.89e-01	2.68e-04	0.00e+00	0.00e+00	0.00e+00	0.00e+00	0.00e+00	1.13e-05	2.46e-06	1.39e-06
 3.74875e+16	1.94e-05	1.20e-02	9.88e-01	1.24e-04	0.00e+00	0.00e+00	0.00e+00	0.00e+00	0.00e+00	1.45e-05	3.16e-06	1.79e-06
 4.12363e+16	2.60e-05	1.35e-02	9.86e-01	7.20e-05	0.00e+00	0.00e+00	0.00e+00	0.00e+00	0.00e+00	1.94e-05	4.25e-06	2.40e-06
 4.53599e+16	3.67e-05	1.57e-02	9.84e-01	5.10e-05	0.00e+00	0.00e+00	0.00e+00	0.00e+00	0.00e+00	2.73e-05	6.02e-06	3.38e-06
 4.94439e+16	5.33e-05	1.85e-02	9.81e-01	4.09e-05	0.00e+00	0.00e+00	0.00e+00	0.00e+00	0.00e+00	3.96e-05	8.76e-06	4.90e-06
 5.20173e+16	6.93e-05	2.09e-02	9.79e-01	3.64e-05	0.00e+00	0.00e+00	0.00e+00	0.00e+00	0.00e+00	5.15e-05	1.14e-05	6.37e-06
 5.30080e+16	7.68e-05	2.19e-02	9.78e-01	3.47e-05	0.00e+00	0.00e+00	0.00e+00	0.00e+00	0.00e+00	5.71e-05	1.26e-05	7.06e-06
 5.37929e+16	8.34e-05	2.27e-02	9.77e-01	3.35e-05	0.00e+00	0.00e+00	0.00e+00	0.00e+00	0.00e+00	6.20e-05	1.37e-05	7.67e-06
 5.48132e+16	9.29e-05	2.39e-02	9.76e-01	3.19e-05	0.00e+00	0.00e+00	0.00e+00	0.00e+00	0.00e+00	6.91e-05	1.53e-05	8.54e-06
 5.61397e+16	1.07e-04	2.56e-02	9.74e-01	3.01e-05	0.00e+00	0.00e+00	0.00e+00	0.00e+00	0.00e+00	7.97e-05	1.76e-05	9.85e-06
 5.78641e+16	1.30e-04	2.81e-02	9.72e-01	2.77e-05	0.00e+00	0.00e+00	0.00e+00	0.00e+00	0.00e+00	9.69e-05	2.14e-05	1.20e-05
 5.95626e+16	1.59e-04	3.09e-02	9.69e-01	2.55e-05	0.00e+00	0.00e+00	0.00e+00	0.00e+00	0.00e+00	1.18e-04	2.62e-05	1.46e-05
 6.08128e+16	1.86e-04	3.34e-02	9.66e-01	2.39e-05	0.00e+00	0.00e+00	0.00e+00	0.00e+00	0.00e+00	1.38e-04	3.05e-05	1.70e-05
 6.18577e+16	2.12e-04	3.56e-02	9.64e-01	2.26e-05	0.00e+00	0.00e+00	0.00e+00	0.00e+00	0.00e+00	1.57e-04	3.48e-05	1.94e-05
 6.30502e+16	2.47e-04	3.84e-02	9.61e-01	2.11e-05	0.00e+00	0.00e+00	0.00e+00	0.00e+00	0.00e+00	1.84e-04	4.06e-05	2.26e-05
 6.43946e+16	2.96e-04	4.21e-02	9.58e-01	1.95e-05	0.00e+00	0.00e+00	0.00e+00	0.00e+00	0.00e+00	2.20e-04	4.86e-05	2.71e-05
 6.56366e+16	3.52e-04	4.60e-02	9.54e-01	1.80e-05	0.00e+00	0.00e+00	0.00e+00	0.00e+00	0.00e+00	2.62e-04	5.78e-05	3.21e-05
 6.67219e+16	4.11e-04	4.98e-02	9.50e-01	1.68e-05	0.00e+00	0.00e+00	0.00e+00	0.00e+00	0.00e+00	3.06e-04	6.76e-05	3.76e-05
 6.79036e+16	4.90e-04	5.45e-02	9.45e-01	1.54e-05	0.00e+00	0.00e+00	0.00e+00	0.00e+00	0.00e+00	3.65e-04	8.05e-05	4.48e-05
 6.91811e+16	5.97e-04	6.04e-02	9.39e-01	1.41e-05	0.00e+00	0.00e+00	0.00e+00	0.00e+00	0.00e+00	4.44e-04	9.80e-05	5.45e-05
 7.02852e+16	7.14e-04	6.63e-02	9.33e-01	1.29e-05	0.00e+00	0.00e+00	0.00e+00	0.00e+00	0.00e+00	5.31e-04	1.17e-04	6.51e-05
 7.12368e+16	8.37e-04	7.21e-02	9.27e-01	1.19e-05	0.00e+00	0.00e+00	0.00e+00	0.00e+00	0.00e+00	6.23e-04	1.37e-04	7.63e-05
 7.22882e+16	1.00e-03	7.93e-02	9.20e-01	1.08e-05	0.00e+00	0.00e+00	0.00e+00	0.00e+00	0.00e+00	7.47e-04	1.65e-04	9.14e-05
 7.34410e+16	1.24e-03	8.86e-02	9.10e-01	9.68e-06	0.00e+00	0.00e+00	0.00e+00	0.00e+00	0.00e+00	9.19e-04	2.03e-04	1.12e-04
 7.44636e+16	1.50e-03	9.82e-02	9.00e-01	8.73e-06	0.00e+00	0.00e+00	0.00e+00	0.00e+00	0.00e+00	1.11e-03	2.46e-04	1.36e-04
 7.53523e+16	1.78e-03	1.08e-01	8.91e-01	7.94e-06	0.00e+00	0.00e+00	0.00e+00	0.00e+00	0.00e+00	1.32e-03	2.92e-04	1.62e-04
 7.63291e+16	2.17e-03	1.20e-01	8.78e-01	7.06e-06	0.00e+00	0.00e+00	0.00e+00	0.00e+00	0.00e+00	1.61e-03	3.56e-04	1.97e-04
 7.73771e+16	2.71e-03	1.35e-01	8.63e-01	6.20e-06	0.00e+00	0.00e+00	0.00e+00	0.00e+00	0.00e+00	2.02e-03	4.44e-04	2.46e-04
 7.82673e+16	3.30e-03	1.50e-01	8.47e-01	5.48e-06	0.00e+00	0.00e+00	0.00e+00	0.00e+00	0.00e+00	2.46e-03	5.42e-04	3.00e-04
 7.90209e+16	3.93e-03	1.64e-01	8.32e-01	4.91e-06	0.00e+00	0.00e+00	0.00e+00	0.00e+00	0.00e+00	2.93e-03	6.44e-04	3.57e-04
 7.98476e+16	4.78e-03	1.82e-01	8.13e-01	4.30e-06	0.00e+00	0.00e+00	0.00e+00	0.00e+00	0.00e+00	3.57e-03	7.83e-04	4.34e-04
 8.07445e+16	5.99e-03	2.05e-01	7.89e-01	3.67e-06	0.00e+00	0.00e+00	0.00e+00	0.00e+00	0.00e+00	4.46e-03	9.80e-04	5.43e-04
 8.15157e+16	7.33e-03	2.28e-01	7.65e-01	3.17e-06	0.00e+00	0.00e+00	0.00e+00	0.00e+00	0.00e+00	5.47e-03	1.20e-03	6.64e-04
 8.21617e+16	8.73e-03	2.50e-01	7.41e-01	2.77e-06	0.00e+00	0.00e+00	0.00e+00	0.00e+00	0.00e+00	6.51e-03	1.43e-03	7.90e-04
 8.28618e+16	1.06e-02	2.76e-01	7.13e-01	2.36e-06	0.00e+00	0.00e+00	0.00e+00	0.00e+00	0.00e+00	7.92e-03	1.73e-03	9.60e-04
 8.36247e+16	1.33e-02	3.09e-01	6.78e-01	1.95e-06	0.00e+00	0.00e+00	0.00e+00	0.00e+00	0.00e+00	9.90e-03	2.16e-03	1.20e-03
 8.42857e+16	1.62e-02	3.41e-01	6.43e-01	1.61e-06	0.00e+00	0.00e+00	0.00e+00	0.00e+00	0.00e+00	1.21e-02	2.64e-03	1.47e-03
 8.48417e+16	1.93e-02	3.71e-01	6.10e-01	1.36e-06	0.00e+00	0.00e+00	0.00e+00	0.00e+00	0.00e+00	1.44e-02	3.14e-03	1.74e-03
 8.54446e+16	2.35e-02	4.05e-01	5.71e-01	1.11e-06	0.00e+00	0.00e+00	0.00e+00	0.00e+00	0.00e+00	1.75e-02	3.80e-03	2.11e-03
 8.61053e+16	2.93e-02	4.47e-01	5.23e-01	8.65e-07	0.00e+00	0.00e+00	0.00e+00	0.00e+00	0.00e+00	2.19e-02	4.73e-03	2.64e-03
 8.66832e+16	3.58e-02	4.87e-01	4.77e-01	6.72e-07	0.00e+00	0.00e+00	0.00e+00	0.00e+00	0.00e+00	2.68e-02	5.77e-03	3.22e-03
 8.71738e+16	4.25e-02	5.22e-01	4.35e-01	5.30e-07	0.00e+00	0.00e+00	0.00e+00	0.00e+00	0.00e+00	3.19e-02	6.84e-03	3.82e-03
 8.77089e+16	5.15e-02	5.61e-01	3.88e-01	3.98e-07	0.00e+00	0.00e+00	0.00e+00	0.00e+00	0.00e+00	3.86e-02	8.26e-03	4.62e-03
 8.82379e+16	6.29e-02	5.99e-01	3.38e-01	2.90e-07	0.00e+00	0.00e+00	0.00e+00	0.00e+00	0.00e+00	4.72e-02	1.00e-02	5.64e-03
 8.86195e+16	7.25e-02	6.26e-01	3.01e-01	2.24e-07	0.00e+00	0.00e+00	0.00e+00	0.00e+00	0.00e+00	5.45e-02	1.15e-02	6.49e-03
 8.89203e+16	8.13e-02	6.46e-01	2.73e-01	1.80e-07	0.00e+00	0.00e+00	0.00e+00	0.00e+00	0.00e+00	6.11e-02	1.29e-02	7.27e-03
 8.92549e+16	9.22e-02	6.66e-01	2.41e-01	1.38e-07	0.00e+00	0.00e+00	0.00e+00	0.00e+00	0.00e+00	6.94e-02	1.46e-02	8.23e-03
 8.96291e+16	1.07e-01	6.86e-01	2.07e-01	0.00e+00	0.00e+00	0.00e+00	0.00e+00	0.00e+00	0.00e+00	8.03e-02	1.67e-02	9.50e-03
 8.99646e+16	1.22e-01	7.01e-01	1.77e-01	0.00e+00	0.00e+00	0.00e+00	0.00e+00	0.00e+00	0.00e+00	9.20e-02	1.90e-02	1.08e-02
 9.02419e+16	1.36e-01	7.10e-01	1.54e-01	0.00e+00	0.00e+00	0.00e+00	0.00e+00	0.00e+00	0.00e+00	1.02e-01	2.11e-02	1.20e-02
 9.05337e+16	1.52e-01	7.17e-01	1.31e-01	0.00e+00	0.00e+00	0.00e+00	0.00e+00	0.00e+00	0.00e+00	1.15e-01	2.35e-02	1.34e-02
 9.08502e+16	1.72e-01	7.20e-01	1.08e-01	0.00e+00	0.00e+00	0.00e+00	0.00e+00	0.00e+00	0.00e+00	1.31e-01	2.64e-02	1.52e-02
 9.11224e+16	1.92e-01	7.18e-01	9.01e-02	0.00e+00	0.00e+00	0.00e+00	0.00e+00	0.00e+00	0.00e+00	1.46e-01	2.92e-02	1.69e-02
 9.13513e+16	2.10e-01	7.14e-01	7.66e-02	0.00e+00	0.00e+00	0.00e+00	0.00e+00	0.00e+00	0.00e+00	1.60e-01	3.16e-02	1.84e-02
 9.16004e+16	2.31e-01	7.06e-01	6.32e-02	0.00e+00	0.00e+00	0.00e+00	0.00e+00	0.00e+00	0.00e+00	1.76e-01	3.45e-02	2.02e-02
 9.18725e+16	2.58e-01	6.92e-01	5.03e-02	0.00e+00	0.00e+00	0.00e+00	0.00e+00	0.00e+00	0.00e+00	1.97e-01	3.80e-02	2.23e-02
 9.21101e+16	2.83e-01	6.76e-01	4.06e-02	0.00e+00	0.00e+00	0.00e+00	0.00e+00	0.00e+00	0.00e+00	2.17e-01	4.12e-02	2.44e-02
 9.23116e+16	3.05e-01	6.61e-01	3.35e-02	0.00e+00	0.00e+00	0.00e+00	0.00e+00	0.00e+00	0.00e+00	2.35e-01	4.39e-02	2.62e-02
 9.25304e+16	3.32e-01	6.41e-01	2.68e-02	0.00e+00	0.00e+00	0.00e+00	0.00e+00	0.00e+00	0.00e+00	2.57e-01	4.71e-02	2.83e-02
 9.27712e+16	3.64e-01	6.16e-01	2.06e-02	0.00e+00	0.00e+00	0.00e+00	0.00e+00	0.00e+00	0.00e+00	2.82e-01	5.06e-02	3.07e-02
 9.29883e+16	3.95e-01	5.89e-01	1.60e-02	0.00e+00	0.00e+00	0.00e+00	0.00e+00	0.00e+00	0.00e+00	3.08e-01	5.39e-02	3.30e-02
 9.31793e+16	4.23e-01	5.65e-01	1.27e-02	0.00e+00	0.00e+00	0.00e+00	0.00e+00	0.00e+00	0.00e+00	3.31e-01	5.66e-02	3.50e-02
 9.33675e+16	4.51e-01	5.39e-01	9.93e-03	0.00e+00	0.00e+00	0.00e+00	0.00e+00	0.00e+00	0.00e+00	3.55e-01	5.93e-02	3.70e-02
 9.35603e+16	4.82e-01	5.10e-01	7.64e-03	0.00e+00	0.00e+00	0.00e+00	0.00e+00	0.00e+00	0.00e+00	3.81e-01	6.19e-02	3.90e-02
 9.37376e+16	5.12e-01	4.83e-01	5.93e-03	0.00e+00	0.00e+00	0.00e+00	0.00e+00	0.00e+00	0.00e+00	4.07e-01	6.41e-02	4.09e-02
 9.38887e+16	5.36e-01	4.59e-01	4.75e-03	0.00e+00	0.00e+00	0.00e+00	0.00e+00	0.00e+00	0.00e+00	4.28e-01	6.57e-02	4.23e-02
 9.40242e+16	5.59e-01	4.37e-01	3.86e-03	0.00e+00	0.00e+00	0.00e+00	0.00e+00	0.00e+00	0.00e+00	4.48e-01	6.71e-02	4.36e-02
 9.41551e+16	5.81e-01	4.16e-01	3.14e-03	0.00e+00	0.00e+00	0.00e+00	0.00e+00	0.00e+00	0.00e+00	4.68e-01	6.82e-02	4.47e-02
 9.42590e+16	5.98e-01	3.99e-01	2.66e-03	0.00e+00	0.00e+00	0.00e+00	0.00e+00	0.00e+00	0.00e+00	4.84e-01	6.90e-02	4.56e-02
 9.43262e+16	6.08e-01	3.89e-01	2.40e-03	0.00e+00	0.00e+00	0.00e+00	0.00e+00	0.00e+00	0.00e+00	4.93e-01	6.94e-02	4.60e-02
 9.43899e+16	6.18e-01	3.80e-01	2.16e-03	0.00e+00	0.00e+00	0.00e+00	0.00e+00	0.00e+00	0.00e+00	5.02e-01	6.97e-02	4.65e-02
 9.44688e+16	6.31e-01	3.67e-01	1.89e-03	0.00e+00	0.00e+00	0.00e+00	0.00e+00	0.00e+00	0.00e+00	5.14e-01	7.01e-02	4.70e-02
 9.45529e+16	6.46e-01	3.53e-01	1.63e-03	0.00e+00	0.00e+00	0.00e+00	0.00e+00	0.00e+00	0.00e+00	5.28e-01	7.04e-02	4.75e-02
 9.46276e+16	6.58e-01	3.41e-01	1.43e-03	0.00e+00	0.00e+00	0.00e+00	0.00e+00	0.00e+00	0.00e+00	5.39e-01	7.06e-02	4.79e-02
 9.46955e+16	6.69e-01	3.30e-01	1.27e-03	0.00e+00	0.00e+00	0.00e+00	0.00e+00	0.00e+00	0.00e+00	5.50e-01	7.07e-02	4.83e-02
 9.47650e+16	6.80e-01	3.19e-01	1.12e-03	0.00e+00	0.00e+00	0.00e+00	0.00e+00	0.00e+00	0.00e+00	5.61e-01	7.07e-02	4.86e-02
 9.48368e+16	6.91e-01	3.08e-01	9.79e-04	0.00e+00	0.00e+00	0.00e+00	0.00e+00	0.00e+00	0.00e+00	5.72e-01	7.07e-02	4.89e-02
 9.49081e+16	7.03e-01	2.96e-01	8.55e-04	0.00e+00	0.00e+00	0.00e+00	0.00e+00	0.00e+00	0.00e+00	5.83e-01	7.06e-02	4.91e-02
 9.49765e+16	7.14e-01	2.86e-01	7.51e-04	0.00e+00	0.00e+00	0.00e+00	0.00e+00	0.00e+00	0.00e+00	5.94e-01	7.05e-02	4.93e-02
 9.50429e+16	7.24e-01	2.75e-01	6.61e-04	0.00e+00	0.00e+00	0.00e+00	0.00e+00	0.00e+00	0.00e+00	6.04e-01	7.03e-02	4.95e-02
 9.51103e+16	7.34e-01	2.65e-01	5.79e-04	0.00e+00	0.00e+00	0.00e+00	0.00e+00	0.00e+00	0.00e+00	6.14e-01	7.01e-02	4.96e-02
 9.51786e+16	7.44e-01	2.55e-01	5.06e-04	0.00e+00	0.00e+00	0.00e+00	0.00e+00	0.00e+00	0.00e+00	6.25e-01	6.98e-02	4.96e-02
 9.52460e+16	7.55e-01	2.45e-01	4.41e-04	0.00e+00	0.00e+00	0.00e+00	0.00e+00	0.00e+00	0.00e+00	6.35e-01	6.94e-02	4.97e-02
 9.53107e+16	7.64e-01	2.36e-01	3.87e-04	0.00e+00	0.00e+00	0.00e+00	0.00e+00	0.00e+00	0.00e+00	6.45e-01	6.90e-02	4.97e-02
 9.53750e+16	7.73e-01	2.27e-01	3.39e-04	0.00e+00	0.00e+00	0.00e+00	0.00e+00	0.00e+00	0.00e+00	6.55e-01	6.86e-02	4.96e-02
 9.54400e+16	7.82e-01	2.18e-01	2.96e-04	0.00e+00	0.00e+00	0.00e+00	0.00e+00	0.00e+00	0.00e+00	6.64e-01	6.82e-02	4.96e-02
 9.55050e+16	7.91e-01	2.09e-01	2.57e-04	0.00e+00	0.00e+00	0.00e+00	0.00e+00	0.00e+00	0.00e+00	6.74e-01	6.76e-02	4.94e-02
 9.55686e+16	7.99e-01	2.01e-01	2.25e-04	0.00e+00	0.00e+00	0.00e+00	0.00e+00	0.00e+00	0.00e+00	6.83e-01	6.71e-02	4.93e-02
 9.56313e+16	8.07e-01	1.92e-01	1.96e-04	0.00e+00	0.00e+00	0.00e+00	0.00e+00	0.00e+00	0.00e+00	6.92e-01	6.65e-02	4.91e-02
 9.56947e+16	8.16e-01	1.84e-01	1.71e-04	0.00e+00	0.00e+00	0.00e+00	0.00e+00	0.00e+00	0.00e+00	7.01e-01	6.59e-02	4.89e-02
 9.57569e+16	8.23e-01	1.77e-01	1.49e-04	0.00e+00	0.00e+00	0.00e+00	0.00e+00	0.00e+00	0.00e+00	7.09e-01	6.53e-02	4.87e-02
 9.58179e+16	8.30e-01	1.69e-01	1.30e-04	0.00e+00	0.00e+00	0.00e+00	0.00e+00	0.00e+00	0.00e+00	7.17e-01	6.47e-02	4.85e-02
 9.58796e+16	8.38e-01	1.62e-01	1.13e-04	0.00e+00	0.00e+00	0.00e+00	0.00e+00	0.00e+00	0.00e+00	7.26e-01	6.40e-02	4.82e-02
 9.59415e+16	8.45e-01	1.55e-01	9.77e-05	0.00e+00	0.00e+00	0.00e+00	0.00e+00	0.00e+00	0.00e+00	7.34e-01	6.33e-02	4.79e-02
 9.60017e+16	8.51e-01	1.49e-01	8.51e-05	0.00e+00	0.00e+00	0.00e+00	0.00e+00	0.00e+00	0.00e+00	7.41e-01	6.26e-02	4.76e-02
 9.60607e+16	8.58e-01	1.42e-01	7.41e-05	0.00e+00	0.00e+00	0.00e+00	0.00e+00	0.00e+00	0.00e+00	7.49e-01	6.19e-02	4.72e-02
 9.61198e+16	8.64e-01	1.36e-01	6.45e-05	0.00e+00	0.00e+00	0.00e+00	0.00e+00	0.00e+00	0.00e+00	7.56e-01	6.12e-02	4.69e-02
 9.61784e+16	8.70e-01	1.30e-01	5.61e-05	0.00e+00	0.00e+00	0.00e+00	0.00e+00	0.00e+00	0.00e+00	7.63e-01	6.05e-02	4.65e-02
 9.62362e+16	8.75e-01	1.25e-01	4.88e-05	0.00e+00	0.00e+00	0.00e+00	0.00e+00	0.00e+00	0.00e+00	7.69e-01	5.98e-02	4.61e-02
 9.62937e+16	8.81e-01	1.19e-01	4.25e-05	0.00e+00	0.00e+00	0.00e+00	0.00e+00	0.00e+00	0.00e+00	7.76e-01	5.91e-02	4.58e-02
 9.63507e+16	8.86e-01	1.14e-01	3.70e-05	0.00e+00	0.00e+00	0.00e+00	0.00e+00	0.00e+00	0.00e+00	7.82e-01	5.84e-02	4.54e-02
 9.64059e+16	8.91e-01	1.09e-01	3.23e-05	0.00e+00	0.00e+00	0.00e+00	0.00e+00	0.00e+00	0.00e+00	7.88e-01	5.77e-02	4.50e-02
 9.64597e+16	8.95e-01	1.05e-01	2.83e-05	0.00e+00	0.00e+00	0.00e+00	0.00e+00	0.00e+00	0.00e+00	7.94e-01	5.71e-02	4.46e-02
 9.65136e+16	9.00e-01	1.00e-01	2.47e-05	0.00e+00	0.00e+00	0.00e+00	0.00e+00	0.00e+00	0.00e+00	7.99e-01	5.64e-02	4.42e-02
 9.65676e+16	9.04e-01	9.58e-02	2.16e-05	0.00e+00	0.00e+00	0.00e+00	0.00e+00	0.00e+00	0.00e+00	8.05e-01	5.58e-02	4.39e-02
 9.66201e+16	9.08e-01	9.18e-02	1.89e-05	0.00e+00	0.00e+00	0.00e+00	0.00e+00	0.00e+00	0.00e+00	8.10e-01	5.52e-02	4.35e-02
 9.66711e+16	9.12e-01	8.80e-02	1.66e-05	0.00e+00	0.00e+00	0.00e+00	0.00e+00	0.00e+00	0.00e+00	8.14e-01	5.45e-02	4.31e-02
 9.67215e+16	9.16e-01	8.43e-02	1.46e-05	0.00e+00	0.00e+00	0.00e+00	0.00e+00	0.00e+00	0.00e+00	8.19e-01	5.39e-02	4.27e-02
 9.67722e+16	9.19e-01	8.08e-02	1.28e-05	0.00e+00	0.00e+00	0.00e+00	0.00e+00	0.00e+00	0.00e+00	8.23e-01	5.33e-02	4.24e-02
 9.68225e+16	9.23e-01	7.74e-02	1.13e-05	0.00e+00	0.00e+00	0.00e+00	0.00e+00	0.00e+00	0.00e+00	8.28e-01	5.28e-02	4.20e-02
 9.68714e+16	9.26e-01	7.43e-02	9.93e-06	0.00e+00	0.00e+00	0.00e+00	0.00e+00	0.00e+00	0.00e+00	8.32e-01	5.22e-02	4.16e-02
 9.69193e+16	9.29e-01	7.13e-02	8.77e-06	0.00e+00	0.00e+00	0.00e+00	0.00e+00	0.00e+00	0.00e+00	8.36e-01	5.17e-02	4.13e-02
 9.69671e+16	9.32e-01	6.84e-02	7.73e-06	0.00e+00	0.00e+00	0.00e+00	0.00e+00	0.00e+00	0.00e+00	8.39e-01	5.12e-02	4.09e-02
 9.70147e+16	9.34e-01	6.55e-02	6.82e-06	0.00e+00	0.00e+00	0.00e+00	0.00e+00	0.00e+00	0.00e+00	8.43e-01	5.06e-02	4.06e-02
 9.70619e+16	9.37e-01	6.29e-02	6.02e-06	0.00e+00	0.00e+00	0.00e+00	0.00e+00	0.00e+00	0.00e+00	8.47e-01	5.01e-02	4.03e-02
 9.71083e+16	9.40e-01	6.04e-02	5.33e-06	0.00e+00	0.00e+00	0.00e+00	0.00e+00	0.00e+00	0.00e+00	8.50e-01	4.96e-02	3.99e-02
 9.71534e+16	9.42e-01	5.79e-02	4.72e-06	0.00e+00	0.00e+00	0.00e+00	0.00e+00	0.00e+00	0.00e+00	8.53e-01	4.92e-02	3.96e-02
 9.71986e+16	9.44e-01	5.56e-02	4.19e-06	0.00e+00	0.00e+00	0.00e+00	0.00e+00	0.00e+00	0.00e+00	8.56e-01	4.87e-02	3.93e-02
 9.72443e+16	9.47e-01	5.34e-02	3.70e-06	0.00e+00	0.00e+00	0.00e+00	0.00e+00	0.00e+00	0.00e+00	8.59e-01	4.83e-02	3.90e-02
 9.72891e+16	9.49e-01	5.12e-02	3.28e-06	0.00e+00	0.00e+00	0.00e+00	0.00e+00	0.00e+00	0.00e+00	8.62e-01	4.78e-02	3.87e-02
 9.73326e+16	9.51e-01	4.92e-02	2.92e-06	0.00e+00	0.00e+00	0.00e+00	0.00e+00	0.00e+00	0.00e+00	8.65e-01	4.74e-02	3.83e-02
 9.73759e+16	9.53e-01	4.73e-02	2.60e-06	0.00e+00	0.00e+00	0.00e+00	0.00e+00	0.00e+00	0.00e+00	8.68e-01	4.70e-02	3.80e-02
 9.74195e+16	9.55e-01	4.54e-02	2.31e-06	0.00e+00	0.00e+00	0.00e+00	0.00e+00	0.00e+00	0.00e+00	8.70e-01	4.66e-02	3.77e-02
 9.74625e+16	9.56e-01	4.35e-02	2.05e-06	0.00e+00	0.00e+00	0.00e+00	0.00e+00	0.00e+00	0.00e+00	8.73e-01	4.62e-02	3.73e-02
 9.75040e+16	9.58e-01	4.18e-02	1.83e-06	0.00e+00	0.00e+00	0.00e+00	0.00e+00	0.00e+00	0.00e+00	8.75e-01	4.58e-02	3.70e-02
 9.75456e+16	9.60e-01	4.02e-02	1.64e-06	0.00e+00	0.00e+00	0.00e+00	0.00e+00	0.00e+00	0.00e+00	8.78e-01	4.54e-02	3.67e-02
 9.75881e+16	9.61e-01	3.86e-02	1.45e-06	0.00e+00	0.00e+00	0.00e+00	0.00e+00	0.00e+00	0.00e+00	8.80e-01	4.50e-02	3.64e-02
 9.76301e+16	9.63e-01	3.70e-02	1.30e-06	0.00e+00	0.00e+00	0.00e+00	0.00e+00	0.00e+00	0.00e+00	8.82e-01	4.47e-02	3.61e-02
 9.76704e+16	9.64e-01	3.56e-02	1.16e-06	0.00e+00	0.00e+00	0.00e+00	0.00e+00	0.00e+00	0.00e+00	8.84e-01	4.44e-02	3.59e-02
 9.77099e+16	9.66e-01	3.42e-02	1.04e-06	0.00e+00	0.00e+00	0.00e+00	0.00e+00	0.00e+00	0.00e+00	8.86e-01	4.40e-02	3.56e-02
 9.77501e+16	9.67e-01	3.29e-02	9.32e-07	0.00e+00	0.00e+00	0.00e+00	0.00e+00	0.00e+00	0.00e+00	8.88e-01	4.37e-02	3.53e-02
 9.77906e+16	9.69e-01	3.15e-02	8.32e-07	0.00e+00	0.00e+00	0.00e+00	0.00e+00	0.00e+00	0.00e+00	8.90e-01	4.34e-02	3.51e-02
 9.78300e+16	9.70e-01	3.02e-02	7.46e-07	0.00e+00	0.00e+00	0.00e+00	0.00e+00	0.00e+00	0.00e+00	8.92e-01	4.31e-02	3.48e-02
 9.78682e+16	9.71e-01	2.90e-02	6.72e-07	0.00e+00	0.00e+00	0.00e+00	0.00e+00	0.00e+00	0.00e+00	8.94e-01	4.28e-02	3.45e-02
 9.79062e+16	9.72e-01	2.79e-02	6.04e-07	0.00e+00	0.00e+00	0.00e+00	0.00e+00	0.00e+00	0.00e+00	8.95e-01	4.25e-02	3.43e-02
 9.79444e+16	9.73e-01	2.68e-02	5.43e-07	0.00e+00	0.00e+00	0.00e+00	0.00e+00	0.00e+00	0.00e+00	8.97e-01	4.22e-02	3.41e-02
 9.79820e+16	9.74e-01	2.57e-02	4.89e-07	0.00e+00	0.00e+00	0.00e+00	0.00e+00	0.00e+00	0.00e+00	8.99e-01	4.19e-02	3.38e-02
 9.80187e+16	9.75e-01	2.47e-02	4.41e-07	0.00e+00	0.00e+00	0.00e+00	0.00e+00	0.00e+00	0.00e+00	9.00e-01	4.17e-02	3.36e-02
 9.80545e+16	9.76e-01	2.37e-02	3.99e-07	0.00e+00	0.00e+00	0.00e+00	0.00e+00	0.00e+00	0.00e+00	9.02e-01	4.14e-02	3.34e-02
 9.80883e+16	9.77e-01	2.28e-02	3.64e-07	0.00e+00	0.00e+00	0.00e+00	0.00e+00	0.00e+00	0.00e+00	9.03e-01	4.12e-02	3.32e-02
 9.81190e+16	9.78e-01	2.20e-02	3.35e-07	0.00e+00	0.00e+00	0.00e+00	0.00e+00	0.00e+00	0.00e+00	9.04e-01	4.09e-02	3.30e-02
 9.81468e+16	9.79e-01	2.14e-02	3.10e-07	0.00e+00	0.00e+00	0.00e+00	0.00e+00	0.00e+00	0.00e+00	9.05e-01	4.08e-02	3.28e-02
 9.81725e+16	9.79e-01	2.07e-02	2.90e-07	0.00e+00	0.00e+00	0.00e+00	0.00e+00	0.00e+00	0.00e+00	9.06e-01	4.06e-02	3.27e-02
 9.81965e+16	9.80e-01	2.02e-02	2.71e-07	0.00e+00	0.00e+00	0.00e+00	0.00e+00	0.00e+00	0.00e+00	9.07e-01	4.04e-02	3.25e-02
 9.82191e+16	9.80e-01	1.97e-02	2.55e-07	0.00e+00	0.00e+00	0.00e+00	0.00e+00	0.00e+00	0.00e+00	9.08e-01	4.03e-02	3.24e-02
 9.82402e+16	9.81e-01	1.92e-02	2.41e-07	0.00e+00	0.00e+00	0.00e+00	0.00e+00	0.00e+00	0.00e+00	9.08e-01	4.01e-02	3.22e-02
 9.82595e+16	9.81e-01	1.87e-02	2.29e-07	0.00e+00	0.00e+00	0.00e+00	0.00e+00	0.00e+00	0.00e+00	9.09e-01	4.00e-02	3.21e-02
 9.82772e+16	9.82e-01	1.83e-02	2.18e-07	0.00e+00	0.00e+00	0.00e+00	0.00e+00	0.00e+00	0.00e+00	9.10e-01	3.99e-02	3.20e-02
 9.82939e+16	9.82e-01	1.80e-02	2.09e-07	0.00e+00	0.00e+00	0.00e+00	0.00e+00	0.00e+00	0.00e+00	9.10e-01	3.97e-02	3.19e-02
 9.83098e+16	9.82e-01	1.76e-02	2.00e-07	0.00e+00	0.00e+00	0.00e+00	0.00e+00	0.00e+00	0.00e+00	9.11e-01	3.96e-02	3.18e-02
 9.83251e+16	9.83e-01	1.73e-02	1.92e-07	0.00e+00	0.00e+00	0.00e+00	0.00e+00	0.00e+00	0.00e+00	9.12e-01	3.95e-02	3.17e-02
 9.83395e+16	9.83e-01	1.69e-02	1.84e-07	0.00e+00	0.00e+00	0.00e+00	0.00e+00	0.00e+00	0.00e+00	9.12e-01	3.94e-02	3.16e-02
 9.83531e+16	9.83e-01	1.66e-02	1.77e-07	0.00e+00	0.00e+00	0.00e+00	0.00e+00	0.00e+00	0.00e+00	9.13e-01	3.93e-02	3.15e-02
 9.83659e+16	9.84e-01	1.63e-02	1.71e-07	0.00e+00	0.00e+00	0.00e+00	0.00e+00	0.00e+00	0.00e+00	9.13e-01	3.92e-02	3.14e-02
 9.83781e+16	9.84e-01	1.61e-02	1.66e-07	0.00e+00	0.00e+00	0.00e+00	0.00e+00	0.00e+00	0.00e+00	9.14e-01	3.91e-02	3.13e-02
 9.83897e+16	9.84e-01	1.58e-02	1.60e-07	0.00e+00	0.00e+00	0.00e+00	0.00e+00	0.00e+00	0.00e+00	9.14e-01	3.90e-02	3.12e-02
 9.84009e+16	9.84e-01	1.55e-02	1.55e-07	0.00e+00	0.00e+00	0.00e+00	0.00e+00	0.00e+00	0.00e+00	9.15e-01	3.89e-02	3.11e-02
 9.84116e+16	9.85e-01	1.53e-02	1.51e-07	0.00e+00	0.00e+00	0.00e+00	0.00e+00	0.00e+00	0.00e+00	9.15e-01	3.88e-02	3.10e-02
 9.84220e+16	9.85e-01	1.50e-02	1.47e-07	0.00e+00	0.00e+00	0.00e+00	0.00e+00	0.00e+00	0.00e+00	9.15e-01	3.87e-02	3.09e-02
 9.84320e+16	9.85e-01	1.48e-02	1.42e-07	0.00e+00	0.00e+00	0.00e+00	0.00e+00	0.00e+00	0.00e+00	9.16e-01	3.86e-02	3.09e-02
 9.84418e+16	9.85e-01	1.45e-02	1.39e-07	0.00e+00	0.00e+00	0.00e+00	0.00e+00	0.00e+00	0.00e+00	9.16e-01	3.85e-02	3.08e-02
 9.84515e+16	9.86e-01	1.43e-02	1.35e-07	0.00e+00	0.00e+00	0.00e+00	0.00e+00	0.00e+00	0.00e+00	9.17e-01	3.84e-02	3.07e-02
 9.84609e+16	9.86e-01	1.41e-02	1.31e-07	0.00e+00	0.00e+00	0.00e+00	0.00e+00	0.00e+00	0.00e+00	9.17e-01	3.83e-02	3.06e-02
 9.84702e+16	9.86e-01	1.38e-02	1.28e-07	0.00e+00	0.00e+00	0.00e+00	0.00e+00	0.00e+00	0.00e+00	9.18e-01	3.82e-02	3.05e-02
 9.84796e+16	9.86e-01	1.36e-02	1.24e-07	0.00e+00	0.00e+00	0.00e+00	0.00e+00	0.00e+00	0.00e+00	9.18e-01	3.81e-02	3.04e-02
 9.84893e+16	9.87e-01	1.33e-02	1.21e-07	0.00e+00	0.00e+00	0.00e+00	0.00e+00	0.00e+00	0.00e+00	9.18e-01	3.79e-02	3.03e-02
 9.84993e+16	9.87e-01	1.31e-02	1.17e-07	0.00e+00	0.00e+00	0.00e+00	0.00e+00	0.00e+00	0.00e+00	9.19e-01	3.78e-02	3.02e-02
 9.85099e+16	9.87e-01	1.28e-02	1.13e-07	0.00e+00	0.00e+00	0.00e+00	0.00e+00	0.00e+00	0.00e+00	9.20e-01	3.77e-02	3.00e-02
 9.85212e+16	9.88e-01	1.24e-02	1.09e-07	0.00e+00	0.00e+00	0.00e+00	0.00e+00	0.00e+00	0.00e+00	9.20e-01	3.75e-02	2.99e-02
 9.85324e+16	9.88e-01	1.21e-02	1.05e-07	0.00e+00	0.00e+00	0.00e+00	0.00e+00	0.00e+00	0.00e+00	9.21e-01	3.74e-02	2.97e-02
 9.85426e+16	9.88e-01	1.18e-02	1.02e-07	0.00e+00	0.00e+00	0.00e+00	0.00e+00	0.00e+00	0.00e+00	9.21e-01	3.72e-02	2.96e-02
 9.85519e+16	9.88e-01	1.16e-02	9.90e-08	0.00e+00	0.00e+00	0.00e+00	0.00e+00	0.00e+00	0.00e+00	9.22e-01	3.71e-02	2.95e-02
 9.85608e+16	9.89e-01	1.13e-02	9.61e-08	0.00e+00	0.00e+00	0.00e+00	0.00e+00	0.00e+00	0.00e+00	9.22e-01	3.69e-02	2.93e-02
 9.85692e+16	9.89e-01	1.11e-02	9.35e-08	0.00e+00	0.00e+00	0.00e+00	0.00e+00	0.00e+00	0.00e+00	9.23e-01	3.68e-02	2.92e-02
 9.85768e+16	9.89e-01	1.08e-02	9.11e-08	0.00e+00	0.00e+00	0.00e+00	0.00e+00	0.00e+00	0.00e+00	9.23e-01	3.67e-02	2.91e-02
 9.85838e+16	9.89e-01	1.06e-02	8.89e-08	0.00e+00	0.00e+00	0.00e+00	0.00e+00	0.00e+00	0.00e+00	9.24e-01	3.65e-02	2.90e-02
 9.85901e+16	9.90e-01	1.05e-02	8.69e-08	0.00e+00	0.00e+00	0.00e+00	0.00e+00	0.00e+00	0.00e+00	9.24e-01	3.64e-02	2.89e-02
 9.85959e+16	9.90e-01	1.03e-02	8.52e-08	0.00e+00	0.00e+00	0.00e+00	0.00e+00	0.00e+00	0.00e+00	9.25e-01	3.63e-02	2.88e-02
 9.86011e+16	9.90e-01	1.02e-02	8.36e-08	0.00e+00	0.00e+00	0.00e+00	0.00e+00	0.00e+00	0.00e+00	9.25e-01	3.62e-02	2.87e-02
 9.86059e+16	9.90e-01	1.00e-02	8.22e-08	0.00e+00	0.00e+00	0.00e+00	0.00e+00	0.00e+00	0.00e+00	9.25e-01	3.62e-02	2.86e-02
 9.86111e+16	9.90e-01	9.87e-03	8.06e-08	0.00e+00	0.00e+00	0.00e+00	0.00e+00	0.00e+00	0.00e+00	9.26e-01	3.60e-02	2.85e-02
 9.86167e+16	9.90e-01	9.72e-03	7.89e-08	0.00e+00	0.00e+00	0.00e+00	0.00e+00	0.00e+00	0.00e+00	9.26e-01	3.59e-02	2.84e-02
 9.86218e+16	9.90e-01	9.59e-03	7.74e-08	0.00e+00	0.00e+00	0.00e+00	0.00e+00	0.00e+00	0.00e+00	9.26e-01	3.58e-02	2.83e-02
 9.86275e+16	9.91e-01	9.43e-03	7.57e-08	0.00e+00	0.00e+00	0.00e+00	0.00e+00	0.00e+00	0.00e+00	9.27e-01	3.57e-02	2.82e-02
 9.86335e+16	9.91e-01	9.26e-03	7.39e-08	0.00e+00	0.00e+00	0.00e+00	0.00e+00	0.00e+00	0.00e+00	9.27e-01	3.55e-02	2.81e-02
 9.86391e+16	9.91e-01	9.12e-03	7.23e-08	0.00e+00	0.00e+00	0.00e+00	0.00e+00	0.00e+00	0.00e+00	9.28e-01	3.54e-02	2.80e-02
 9.86441e+16	9.91e-01	9.00e-03	7.09e-08	0.00e+00	0.00e+00	0.00e+00	0.00e+00	0.00e+00	0.00e+00	9.28e-01	3.53e-02	2.79e-02
 9.86496e+16	9.91e-01	8.85e-03	6.93e-08	0.00e+00	0.00e+00	0.00e+00	0.00e+00	0.00e+00	0.00e+00	9.28e-01	3.52e-02	2.78e-02
 9.86555e+16	9.91e-01	8.70e-03	6.76e-08	0.00e+00	0.00e+00	0.00e+00	0.00e+00	0.00e+00	0.00e+00	9.29e-01	3.50e-02	2.76e-02
 9.86609e+16	9.91e-01	8.57e-03	6.61e-08	0.00e+00	0.00e+00	0.00e+00	0.00e+00	0.00e+00	0.00e+00	9.29e-01	3.49e-02	2.75e-02
 9.86659e+16	9.92e-01	8.46e-03	6.48e-08	0.00e+00	0.00e+00	0.00e+00	0.00e+00	0.00e+00	0.00e+00	9.29e-01	3.48e-02	2.74e-02
 9.86713e+16	9.92e-01	8.34e-03	6.34e-08	0.00e+00	0.00e+00	0.00e+00	0.00e+00	0.00e+00	0.00e+00	9.30e-01	3.47e-02	2.74e-02
 9.86783e+16	9.92e-01	8.21e-03	6.17e-08	0.00e+00	0.00e+00	0.00e+00	0.00e+00	0.00e+00	0.00e+00	9.30e-01	3.46e-02	2.72e-02
 9.86858e+16	9.92e-01	8.05e-03	5.98e-08	0.00e+00	0.00e+00	0.00e+00	0.00e+00	0.00e+00	0.00e+00	9.30e-01	3.44e-02	2.71e-02
 9.86927e+16	9.92e-01	7.91e-03	5.81e-08	0.00e+00	0.00e+00	0.00e+00	0.00e+00	0.00e+00	0.00e+00	9.31e-01	3.43e-02	2.70e-02
 9.86990e+16	9.92e-01	7.80e-03	5.67e-08	0.00e+00	0.00e+00	0.00e+00	0.00e+00	0.00e+00	0.00e+00	9.31e-01	3.42e-02	2.69e-02
 9.87059e+16	9.92e-01	7.66e-03	5.50e-08	0.00e+00	0.00e+00	0.00e+00	0.00e+00	0.00e+00	0.00e+00	9.31e-01	3.41e-02	2.68e-02
 9.87133e+16	9.92e-01	7.51e-03	5.33e-08	0.00e+00	0.00e+00	0.00e+00	0.00e+00	0.00e+00	0.00e+00	9.32e-01	3.39e-02	2.67e-02
 9.87200e+16	9.93e-01	7.38e-03	5.18e-08	0.00e+00	0.00e+00	0.00e+00	0.00e+00	0.00e+00	0.00e+00	9.32e-01	3.38e-02	2.65e-02
 9.87262e+16	9.93e-01	7.25e-03	5.03e-08	0.00e+00	0.00e+00	0.00e+00	0.00e+00	0.00e+00	0.00e+00	9.33e-01	3.37e-02	2.64e-02
