#depth	He	He+	He+2
 2.61855e+12	5.70e-05	1.07e-01	8.93e-01
 1.57113e+13	5.70e-05	1.07e-01	8.93e-01
 6.80822e+13	5.71e-05	1.07e-01	8.93e-01
 2.77566e+14	5.79e-05	1.08e-01	8.91e-01
 6.63016e+14	5.81e-05	1.09e-01	8.91e-01
 1.16410e+15	5.92e-05	1.10e-01	8.90e-01
 1.81551e+15	6.13e-05	1.13e-01	8.87e-01
 2.66235e+15	6.48e-05	1.18e-01	8.82e-01
 3.76323e+15	7.06e-05	1.26e-01	8.74e-01
 5.19438e+15	8.03e-05	1.40e-01	8.60e-01
 7.05487e+15	9.77e-05	1.64e-01	8.36e-01
 8.93581e+15	1.22e-04	1.97e-01	8.03e-01
 1.04040e+16	1.49e-04	2.35e-01	7.65e-01
 1.15809e+16	1.79e-04	2.75e-01	7.24e-01
 1.26252e+16	2.14e-04	3.21e-01	6.79e-01
 1.36283e+16	2.57e-04	3.76e-01	6.24e-01
 1.46023e+16	3.08e-04	4.41e-01	5.59e-01
 1.55390e+16	3.68e-04	5.14e-01	4.86e-01
 1.64583e+16	4.35e-04	5.94e-01	4.06e-01
 1.72948e+16	5.02e-04	6.69e-01	3.30e-01
 1.80428e+16	5.63e-04	7.35e-01	2.64e-01
 1.88966e+16	6.30e-04	8.02e-01	1.97e-01
 2.00065e+16	7.04e-04	8.70e-01	1.29e-01
 2.14493e+16	7.80e-04	9.29e-01	7.07e-02
 2.33250e+16	8.48e-04	9.67e-01	3.18e-02
 2.56045e+16	9.09e-04	9.87e-01	1.24e-02
 2.81649e+16	9.66e-04	9.94e-01	4.63e-03
 3.09814e+16	1.03e-03	9.97e-01	1.67e-03
 3.40796e+16	1.10e-03	9.98e-01	5.84e-04
 3.74875e+16	1.18e-03	9.99e-01	1.98e-04
 4.12363e+16	1.28e-03	9.99e-01	6.55e-05
 4.53599e+16	1.41e-03	9.99e-01	2.17e-05
 4.94439e+16	1.56e-03	9.98e-01	8.19e-06
 5.20173e+16	1.67e-03	9.98e-01	4.91e-06
 5.30080e+16	1.71e-03	9.98e-01	4.08e-06
 5.37929e+16	1.75e-03	9.98e-01	3.47e-06
 5.48132e+16	1.81e-03	9.98e-01	2.84e-06
 5.61397e+16	1.88e-03	9.98e-01	2.20e-06
 5.78641e+16	1.98e-03	9.98e-01	1.61e-06
 5.95626e+16	2.09e-03	9.98e-01	1.22e-06
 6.08128e+16	2.18e-03	9.98e-01	1.01e-06
 6.18577e+16	2.27e-03	9.98e-01	8.58e-07
 6.30502e+16	2.37e-03	9.98e-01	7.11e-07
 6.43946e+16	2.49e-03	9.98e-01	5.83e-07
 6.56366e+16	2.62e-03	9.97e-01	4.91e-07
 6.67219e+16	2.74e-03	9.97e-01	4.22e-07
 6.79036e+16	2.89e-03	9.97e-01	3.57e-07
 6.91811e+16	3.06e-03	9.97e-01	3.03e-07
 7.02852e+16	3.23e-03	9.97e-01	2.63e-07
 7.12368e+16	3.39e-03	9.97e-01	2.34e-07
 7.22882e+16	3.58e-03	9.96e-01	2.04e-07
 7.34410e+16	3.83e-03	9.96e-01	1.77e-07
 7.44636e+16	4.07e-03	9.96e-01	1.57e-07
 7.53523e+16	4.30e-03	9.96e-01	1.41e-07
 7.63291e+16	4.59e-03	9.95e-01	1.25e-07
 7.73771e+16	4.94e-03	9.95e-01	1.11e-07
 7.82673e+16	5.29e-03	9.95e-01	1.01e-07
 7.90209e+16	5.61e-03	9.94e-01	9.25e-08
 7.98476e+16	6.02e-03	9.94e-01	8.40e-08
 8.07445e+16	6.53e-03	9.93e-01	7.60e-08
 8.15157e+16	7.04e-03	9.93e-01	7.00e-08
 8.21617e+16	7.52e-03	9.92e-01	6.52e-08
 8.28618e+16	8.12e-03	9.92e-01	6.02e-08
 8.36247e+16	8.88e-03	9.91e-01	5.54e-08
 8.42857e+16	9.65e-03	9.90e-01	5.17e-08
 8.48417e+16	1.04e-02	9.90e-01	4.87e-08
 8.54446e+16	1.13e-02	9.89e-01	4.55e-08
 8.61053e+16	1.25e-02	9.87e-01	4.24e-08
 8.66832e+16	1.38e-02	9.86e-01	4.00e-08
 8.71738e+16	1.51e-02	9.85e-01	3.80e-08
 8.77089e+16	1.67e-02	9.83e-01	3.58e-08
 8.82379e+16	1.86e-02	9.81e-01	3.39e-08
 8.86195e+16	2.02e-02	9.80e-01	3.27e-08
 8.89203e+16	2.17e-02	9.78e-01	3.17e-08
 8.92549e+16	2.36e-02	9.76e-01	3.06e-08
 8.96291e+16	2.60e-02	9.74e-01	2.95e-08
 8.99646e+16	2.85e-02	9.71e-01	2.85e-08
 9.02419e+16	3.09e-02	9.69e-01	2.79e-08
 9.05337e+16	3.38e-02	9.66e-01	2.71e-08
 9.08502e+16	3.75e-02	9.63e-01	2.63e-08
 9.11224e+16	4.11e-02	9.59e-01	2.58e-08
 9.13513e+16	4.46e-02	9.55e-01	2.54e-08
 9.16004e+16	4.90e-02	9.51e-01	2.49e-08
 9.18725e+16	5.45e-02	9.45e-01	2.44e-08
 9.21101e+16	6.02e-02	9.40e-01	2.41e-08
 9.23116e+16	6.56e-02	9.34e-01	2.39e-08
 9.25304e+16	7.26e-02	9.27e-01	2.36e-08
 9.27712e+16	8.09e-02	9.19e-01	2.36e-08
 9.29883e+16	8.99e-02	9.10e-01	2.35e-08
 9.31793e+16	9.89e-02	9.01e-01	2.35e-08
 9.33675e+16	1.09e-01	8.91e-01	2.36e-08
 9.35603e+16	1.21e-01	8.79e-01	2.38e-08
 9.37376e+16	1.33e-01	8.67e-01	2.40e-08
 9.38887e+16	1.44e-01	8.56e-01	2.43e-08
 9.40242e+16	1.56e-01	8.44e-01	2.45e-08
 9.41551e+16	1.68e-01	8.32e-01	2.48e-08
 9.42590e+16	1.78e-01	8.22e-01	2.51e-08
 9.43262e+16	1.85e-01	8.15e-01	2.52e-08
 9.43899e+16	1.92e-01	8.08e-01	2.53e-08
 9.44688e+16	2.02e-01	7.98e-01	2.55e-08
 9.45529e+16	2.11e-01	7.89e-01	2.58e-08
 9.46276e+16	2.20e-01	7.80e-01	2.61e-08
 9.46955e+16	2.30e-01	7.70e-01	2.63e-08
 9.47650e+16	2.39e-01	7.61e-01	2.65e-08
 9.48368e+16	2.49e-01	7.51e-01	2.68e-08
 9.49081e+16	2.60e-01	7.40e-01	2.71e-08
 9.49765e+16	2.71e-01	7.29e-01	2.74e-08
 9.50429e+16	2.81e-01	7.19e-01	2.77e-08
 9.51103e+16	2.92e-01	7.08e-01	2.80e-08
 9.51786e+16	3.04e-01	6.96e-01	2.83e-08
 9.52460e+16	3.16e-01	6.84e-01	2.86e-08
 9.53107e+16	3.28e-01	6.72e-01	2.89e-08
 9.53750e+16	3.41e-01	6.59e-01	2.92e-08
 9.54400e+16	3.53e-01	6.47e-01	2.96e-08
 9.55050e+16	3.67e-01	6.33e-01	2.98e-08
 9.55686e+16	3.79e-01	6.21e-01	3.02e-08
 9.56313e+16	3.93e-01	6.07e-01	3.05e-08
 9.56947e+16	4.07e-01	5.93e-01	3.08e-08
 9.57569e+16	4.20e-01	5.80e-01	3.11e-08
 9.58179e+16	4.34e-01	5.66e-01	3.14e-08
 9.58796e+16	4.48e-01	5.52e-01	3.17e-08
 9.59415e+16	4.63e-01	5.37e-01	3.19e-08
 9.60017e+16	4.77e-01	5.23e-01	3.22e-08
 9.60607e+16	4.92e-01	5.08e-01	3.24e-08
 9.61198e+16	5.06e-01	4.94e-01	3.27e-08
 9.61784e+16	5.20e-01	4.80e-01	3.29e-08
 9.62362e+16	5.35e-01	4.65e-01	3.31e-08
 9.62937e+16	5.49e-01	4.51e-01	3.33e-08
 9.63507e+16	5.63e-01	4.37e-01	3.35e-08
 9.64059e+16	5.77e-01	4.23e-01	3.37e-08
 9.64597e+16	5.91e-01	4.09e-01	3.37e-08
 9.65136e+16	6.05e-01	3.95e-01	3.38e-08
 9.65676e+16	6.18e-01	3.82e-01	3.40e-08
 9.66201e+16	6.31e-01	3.69e-01	3.41e-08
 9.66711e+16	6.44e-01	3.56e-01	3.41e-08
 9.67215e+16	6.56e-01	3.44e-01	3.41e-08
 9.67722e+16	6.69e-01	3.31e-01	3.41e-08
 9.68225e+16	6.81e-01	3.19e-01	3.41e-08
 9.68714e+16	6.92e-01	3.08e-01	3.42e-08
 9.69193e+16	7.03e-01	2.97e-01	3.41e-08
 9.69671e+16	7.14e-01	2.86e-01	3.41e-08
 9.70147e+16	7.25e-01	2.75e-01	3.39e-08
 9.70619e+16	7.36e-01	2.64e-01	3.39e-08
 9.71083e+16	7.46e-01	2.54e-01	3.38e-08
 9.71534e+16	7.55e-01	2.45e-01	3.37e-08
 9.71986e+16	7.65e-01	2.35e-01	3.35e-08
 9.72443e+16	7.74e-01	2.26e-01	3.34e-08
 9.72891e+16	7.83e-01	2.17e-01	3.33e-08
 9.73326e+16	7.92e-01	2.08e-01	3.31e-08
 9.73759e+16	8.00e-01	2.00e-01	3.29e-08
 9.74195e+16	8.08e-01	1.92e-01	3.27e-08
 9.74625e+16	8.16e-01	1.84e-01	3.25e-08
 9.75040e+16	8.23e-01	1.77e-01	3.23e-08
 9.75456e+16	8.30e-01	1.70e-01	3.20e-08
 9.75881e+16	8.37e-01	1.63e-01	3.18e-08
 9.76301e+16	8.44e-01	1.56e-01	3.16e-08
 9.76704e+16	8.50e-01	1.50e-01	3.13e-08
 9.77099e+16	8.56e-01	1.44e-01	3.10e-08
 9.77501e+16	8.62e-01	1.38e-01	3.07e-08
 9.77906e+16	8.68e-01	1.32e-01	3.04e-08
 9.78300e+16	8.73e-01	1.27e-01	3.02e-08
 9.78682e+16	8.78e-01	1.22e-01	2.98e-08
 9.79062e+16	8.83e-01	1.17e-01	2.95e-08
 9.79444e+16	8.88e-01	1.12e-01	2.92e-08
 9.79820e+16	8.93e-01	1.07e-01	2.89e-08
 9.80187e+16	8.97e-01	1.03e-01	2.85e-08
 9.80545e+16	9.01e-01	9.90e-02	2.82e-08
 9.80883e+16	9.05e-01	9.53e-02	2.78e-08
 9.81190e+16	9.08e-01	9.20e-02	2.75e-08
 9.81468e+16	9.11e-01	8.90e-02	2.71e-08
 9.81725e+16	9.14e-01	8.63e-02	2.68e-08
 9.81965e+16	9.16e-01	8.39e-02	2.65e-08
 9.82191e+16	9.18e-01	8.16e-02	2.61e-08
 9.82402e+16	9.20e-01	7.95e-02	2.58e-08
 9.82595e+16	9.22e-01	7.77e-02	2.55e-08
 9.82772e+16	9.24e-01	7.60e-02	2.52e-08
 9.82939e+16	9.26e-01	7.44e-02	2.50e-08
 9.83098e+16	9.27e-01	7.29e-02	2.47e-08
 9.83251e+16	9.28e-01	7.15e-02	2.45e-08
 9.83395e+16	9.30e-01	7.02e-02	2.42e-08
 9.83531e+16	9.31e-01	6.90e-02	2.40e-08
 9.83659e+16	9.32e-01	6.79e-02	2.38e-08
 9.83781e+16	9.33e-01	6.68e-02	2.35e-08
 9.83897e+16	9.34e-01	6.58e-02	2.33e-08
 9.84009e+16	9.35e-01	6.49e-02	2.31e-08
 9.84116e+16	9.36e-01	6.39e-02	2.29e-08
 9.84220e+16	9.37e-01	6.31e-02	2.27e-08
 9.84320e+16	9.38e-01	6.22e-02	2.25e-08
 9.84418e+16	9.39e-01	6.14e-02	2.23e-08
 9.84515e+16	9.39e-01	6.06e-02	2.21e-08
 9.84609e+16	9.40e-01	5.98e-02	2.19e-08
 9.84702e+16	9.41e-01	5.91e-02	2.17e-08
 9.84796e+16	9.42e-01	5.83e-02	2.15e-08
 9.84893e+16	9.43e-01	5.75e-02	2.13e-08
 9.84993e+16	9.43e-01	5.67e-02	2.10e-08
 9.85099e+16	9.44e-01	5.58e-02	2.08e-08
 9.85212e+16	9.45e-01	5.49e-02	2.05e-08
 9.85324e+16	9.46e-01	5.40e-02	2.02e-08
 9.85426e+16	9.47e-01	5.32e-02	1.99e-08
 9.85519e+16	9.48e-01	5.24e-02	1.96e-08
 9.85608e+16	9.48e-01	5.17e-02	1.94e-08
 9.85692e+16	9.49e-01	5.10e-02	1.91e-08
 9.85768e+16	9.50e-01	5.04e-02	1.89e-08
 9.85838e+16	9.50e-01	4.98e-02	1.87e-08
 9.85901e+16	9.51e-01	4.93e-02	1.85e-08
 9.85959e+16	9.51e-01	4.88e-02	1.83e-08
 9.86011e+16	9.52e-01	4.84e-02	1.81e-08
 9.86059e+16	9.52e-01	4.80e-02	1.80e-08
 9.86111e+16	9.53e-01	4.75e-02	1.78e-08
 9.86167e+16	9.53e-01	4.70e-02	1.76e-08
 9.86218e+16	9.53e-01	4.66e-02	1.74e-08
 9.86275e+16	9.54e-01	4.61e-02	1.72e-08
 9.86335e+16	9.54e-01	4.56e-02	1.70e-08
 9.86391e+16	9.55e-01	4.52e-02	1.68e-08
 9.86441e+16	9.55e-01	4.48e-02	1.67e-08
 9.86496e+16	9.56e-01	4.43e-02	1.65e-08
 9.86555e+16	9.56e-01	4.38e-02	1.63e-08
 9.86609e+16	9.57e-01	4.34e-02	1.61e-08
 9.86659e+16	9.57e-01	4.30e-02	1.60e-08
 9.86713e+16	9.57e-01	4.26e-02	1.58e-08
 9.86783e+16	9.58e-01	4.21e-02	1.57e-08
 9.86858e+16	9.58e-01	4.15e-02	1.55e-08
 9.86927e+16	9.59e-01	4.10e-02	1.53e-08
 9.86990e+16	9.59e-01	4.06e-02	1.52e-08
 9.87059e+16	9.60e-01	4.01e-02	1.50e-08
 9.87133e+16	9.60e-01	3.96e-02	1.48e-08
 9.87200e+16	9.61e-01	3.91e-02	1.47e-08
 9.87262e+16	9.61e-01	3.88e-02	1.46e-08
