#depth	H	H+	H2
 2.61855e+12	9.72e-04	9.99e-01	1.84e-14
 1.57113e+13	9.71e-04	9.99e-01	1.84e-14
 6.80822e+13	9.69e-04	9.99e-01	1.85e-14
 2.77566e+14	9.67e-04	9.99e-01	1.86e-14
 6.63016e+14	9.46e-04	9.99e-01	1.85e-14
 1.16410e+15	9.31e-04	9.99e-01	1.85e-14
 1.81551e+15	9.17e-04	9.99e-01	1.87e-14
 2.66235e+15	9.06e-04	9.99e-01	1.90e-14
 3.76323e+15	8.98e-04	9.99e-01	1.96e-14
 5.19438e+15	8.95e-04	9.99e-01	2.06e-14
 7.05487e+15	9.01e-04	9.99e-01	2.22e-14
 8.93581e+15	9.00e-04	9.99e-01	2.38e-14
 1.04040e+16	9.09e-04	9.99e-01	2.53e-14
 1.15809e+16	9.24e-04	9.99e-01	2.69e-14
 1.26252e+16	9.42e-04	9.99e-01	2.86e-14
 1.36283e+16	9.66e-04	9.99e-01	3.08e-14
 1.46023e+16	9.93e-04	9.99e-01	3.32e-14
 1.55390e+16	1.02e-03	9.99e-01	3.58e-14
 1.64583e+16	1.06e-03	9.99e-01	3.88e-14
 1.72948e+16	1.09e-03	9.99e-01	4.18e-14
 1.80428e+16	1.12e-03	9.99e-01	4.50e-14
 1.88966e+16	1.16e-03	9.99e-01	4.89e-14
 2.00065e+16	1.21e-03	9.99e-01	5.39e-14
 2.14493e+16	1.28e-03	9.99e-01	6.04e-14
 2.33250e+16	1.35e-03	9.99e-01	6.85e-14
 2.56045e+16	1.45e-03	9.99e-01	7.82e-14
 2.81649e+16	1.56e-03	9.98e-01	8.97e-14
 3.09814e+16	1.70e-03	9.98e-01	1.04e-13
 3.40796e+16	1.87e-03	9.98e-01	1.22e-13
 3.74875e+16	2.09e-03	9.98e-01	1.46e-13
 4.12363e+16	2.39e-03	9.98e-01	1.80e-13
 4.53599e+16	2.79e-03	9.97e-01	2.27e-13
 4.94439e+16	3.30e-03	9.97e-01	2.92e-13
 5.20173e+16	3.72e-03	9.96e-01	3.48e-13
 5.30080e+16	3.90e-03	9.96e-01	3.73e-13
 5.37929e+16	4.05e-03	9.96e-01	3.93e-13
 5.48132e+16	4.24e-03	9.96e-01	4.21e-13
 5.61397e+16	4.52e-03	9.95e-01	4.59e-13
 5.78641e+16	4.92e-03	9.95e-01	5.19e-13
 5.95626e+16	5.37e-03	9.95e-01	5.88e-13
 6.08128e+16	5.74e-03	9.94e-01	6.46e-13
 6.18577e+16	6.07e-03	9.94e-01	6.98e-13
 6.30502e+16	6.48e-03	9.94e-01	7.65e-13
 6.43946e+16	7.01e-03	9.93e-01	8.55e-13
 6.56366e+16	7.54e-03	9.92e-01	9.43e-13
 6.67219e+16	8.06e-03	9.92e-01	1.04e-12
 6.79036e+16	8.67e-03	9.91e-01	1.15e-12
 6.91811e+16	9.42e-03	9.91e-01	1.28e-12
 7.02852e+16	1.02e-02	9.90e-01	1.42e-12
 7.12368e+16	1.09e-02	9.89e-01	1.55e-12
 7.22882e+16	1.17e-02	9.88e-01	1.72e-12
 7.34410e+16	1.28e-02	9.87e-01	1.93e-12
 7.44636e+16	1.38e-02	9.86e-01	2.15e-12
 7.53523e+16	1.49e-02	9.85e-01	2.36e-12
 7.63291e+16	1.62e-02	9.84e-01	2.63e-12
 7.73771e+16	1.78e-02	9.82e-01	2.98e-12
 7.82673e+16	1.93e-02	9.81e-01	3.32e-12
 7.90209e+16	2.08e-02	9.79e-01	3.64e-12
 7.98476e+16	2.26e-02	9.77e-01	4.06e-12
 8.07445e+16	2.49e-02	9.75e-01	4.59e-12
 8.15157e+16	2.73e-02	9.73e-01	5.14e-12
 8.21617e+16	2.95e-02	9.71e-01	5.67e-12
 8.28618e+16	3.22e-02	9.68e-01	6.33e-12
 8.36247e+16	3.56e-02	9.64e-01	7.19e-12
 8.42857e+16	3.92e-02	9.61e-01	8.10e-12
 8.48417e+16	4.26e-02	9.57e-01	8.98e-12
 8.54446e+16	4.68e-02	9.53e-01	1.01e-11
 8.61053e+16	5.24e-02	9.48e-01	1.16e-11
 8.66832e+16	5.82e-02	9.42e-01	1.33e-11
 8.71738e+16	6.40e-02	9.36e-01	1.49e-11
 8.77089e+16	7.14e-02	9.29e-01	1.70e-11
 8.82379e+16	8.05e-02	9.20e-01	1.98e-11
 8.86195e+16	8.79e-02	9.12e-01	2.21e-11
 8.89203e+16	9.46e-02	9.05e-01	2.42e-11
 8.92549e+16	1.03e-01	8.97e-01	2.69e-11
 8.96291e+16	1.14e-01	8.86e-01	3.06e-11
 8.99646e+16	1.26e-01	8.74e-01	3.46e-11
 9.02419e+16	1.36e-01	8.64e-01	3.83e-11
 9.05337e+16	1.48e-01	8.52e-01	4.30e-11
 9.08502e+16	1.64e-01	8.36e-01	4.91e-11
 9.11224e+16	1.80e-01	8.20e-01	5.52e-11
 9.13513e+16	1.94e-01	8.06e-01	6.10e-11
 9.16004e+16	2.11e-01	7.89e-01	6.86e-11
 9.18725e+16	2.33e-01	7.67e-01	7.83e-11
 9.21101e+16	2.55e-01	7.45e-01	8.85e-11
 9.23116e+16	2.74e-01	7.26e-01	9.79e-11
 9.25304e+16	2.97e-01	7.03e-01	1.10e-10
 9.27712e+16	3.25e-01	6.75e-01	1.26e-10
 9.29883e+16	3.53e-01	6.47e-01	1.42e-10
 9.31793e+16	3.78e-01	6.22e-01	1.58e-10
 9.33675e+16	4.05e-01	5.95e-01	1.77e-10
 9.35603e+16	4.34e-01	5.66e-01	1.97e-10
 9.37376e+16	4.62e-01	5.38e-01	2.20e-10
 9.38887e+16	4.86e-01	5.14e-01	2.40e-10
 9.40242e+16	5.09e-01	4.91e-01	2.60e-10
 9.41551e+16	5.31e-01	4.69e-01	2.81e-10
 9.42590e+16	5.48e-01	4.52e-01	2.99e-10
 9.43262e+16	5.58e-01	4.42e-01	3.10e-10
 9.43899e+16	5.68e-01	4.32e-01	3.22e-10
 9.44688e+16	5.82e-01	4.18e-01	3.38e-10
 9.45529e+16	5.97e-01	4.03e-01	3.56e-10
 9.46276e+16	6.09e-01	3.91e-01	3.71e-10
 9.46955e+16	6.21e-01	3.79e-01	3.87e-10
 9.47650e+16	6.33e-01	3.67e-01	4.04e-10
 9.48368e+16	6.45e-01	3.55e-01	4.21e-10
 9.49081e+16	6.57e-01	3.43e-01	4.41e-10
 9.49765e+16	6.68e-01	3.32e-01	4.58e-10
 9.50429e+16	6.79e-01	3.21e-01	4.78e-10
 9.51103e+16	6.90e-01	3.10e-01	4.97e-10
 9.51786e+16	7.02e-01	2.98e-01	5.18e-10
 9.52460e+16	7.13e-01	2.87e-01	5.40e-10
 9.53107e+16	7.23e-01	2.77e-01	5.61e-10
 9.53750e+16	7.33e-01	2.67e-01	5.84e-10
 9.54400e+16	7.43e-01	2.57e-01	6.07e-10
 9.55050e+16	7.53e-01	2.47e-01	6.33e-10
 9.55686e+16	7.62e-01	2.38e-01	6.56e-10
 9.56313e+16	7.72e-01	2.28e-01	6.83e-10
 9.56947e+16	7.81e-01	2.19e-01	7.11e-10
 9.57569e+16	7.89e-01	2.11e-01	7.39e-10
 9.58179e+16	7.98e-01	2.02e-01	7.66e-10
 9.58796e+16	8.06e-01	1.94e-01	7.98e-10
 9.59415e+16	8.14e-01	1.86e-01	8.30e-10
 9.60017e+16	8.22e-01	1.78e-01	8.60e-10
 9.60607e+16	8.29e-01	1.71e-01	8.97e-10
 9.61198e+16	8.36e-01	1.64e-01	9.28e-10
 9.61784e+16	8.43e-01	1.57e-01	9.67e-10
 9.62362e+16	8.50e-01	1.50e-01	1.01e-09
 9.62937e+16	8.56e-01	1.44e-01	1.04e-09
 9.63507e+16	8.62e-01	1.38e-01	1.08e-09
 9.64059e+16	8.68e-01	1.32e-01	1.13e-09
 9.64597e+16	8.73e-01	1.27e-01	1.17e-09
 9.65136e+16	8.78e-01	1.22e-01	1.22e-09
 9.65676e+16	8.83e-01	1.17e-01	1.26e-09
 9.66201e+16	8.88e-01	1.12e-01	1.31e-09
 9.66711e+16	8.93e-01	1.07e-01	1.36e-09
 9.67215e+16	8.97e-01	1.03e-01	1.42e-09
 9.67722e+16	9.01e-01	9.89e-02	1.47e-09
 9.68225e+16	9.05e-01	9.48e-02	1.53e-09
 9.68714e+16	9.09e-01	9.11e-02	1.59e-09
 9.69193e+16	9.12e-01	8.76e-02	1.65e-09
 9.69671e+16	9.16e-01	8.40e-02	1.73e-09
 9.70147e+16	9.19e-01	8.06e-02	1.80e-09
 9.70619e+16	9.23e-01	7.75e-02	1.87e-09
 9.71083e+16	9.26e-01	7.44e-02	1.96e-09
 9.71534e+16	9.29e-01	7.14e-02	2.05e-09
 9.71986e+16	9.31e-01	6.87e-02	2.14e-09
 9.72443e+16	9.34e-01	6.59e-02	2.24e-09
 9.72891e+16	9.37e-01	6.33e-02	2.35e-09
 9.73326e+16	9.39e-01	6.09e-02	2.46e-09
 9.73759e+16	9.41e-01	5.85e-02	2.58e-09
 9.74195e+16	9.44e-01	5.62e-02	2.71e-09
 9.74625e+16	9.46e-01	5.40e-02	2.87e-09
 9.75040e+16	9.48e-01	5.19e-02	3.03e-09
 9.75456e+16	9.50e-01	4.99e-02	3.20e-09
 9.75881e+16	9.52e-01	4.79e-02	3.39e-09
 9.76301e+16	9.54e-01	4.60e-02	3.61e-09
 9.76704e+16	9.56e-01	4.43e-02	3.83e-09
 9.77099e+16	9.57e-01	4.26e-02	4.09e-09
 9.77501e+16	9.59e-01	4.10e-02	4.40e-09
 9.77906e+16	9.61e-01	3.93e-02	4.75e-09
 9.78300e+16	9.62e-01	3.77e-02	5.14e-09
 9.78682e+16	9.64e-01	3.63e-02	5.58e-09
 9.79062e+16	9.65e-01	3.49e-02	6.10e-09
 9.79444e+16	9.66e-01	3.35e-02	6.75e-09
 9.79820e+16	9.68e-01	3.22e-02	7.45e-09
 9.80187e+16	9.69e-01	3.09e-02	8.31e-09
 9.80545e+16	9.70e-01	2.97e-02	9.33e-09
 9.80883e+16	9.71e-01	2.86e-02	1.05e-08
 9.81190e+16	9.72e-01	2.77e-02	1.18e-08
 9.81468e+16	9.73e-01	2.69e-02	1.32e-08
 9.81725e+16	9.74e-01	2.61e-02	1.48e-08
 9.81965e+16	9.75e-01	2.55e-02	1.65e-08
 9.82191e+16	9.75e-01	2.48e-02	1.85e-08
 9.82402e+16	9.76e-01	2.42e-02	2.08e-08
 9.82595e+16	9.76e-01	2.37e-02	2.33e-08
 9.82772e+16	9.77e-01	2.32e-02	2.61e-08
 9.82939e+16	9.77e-01	2.28e-02	2.91e-08
 9.83098e+16	9.78e-01	2.23e-02	3.25e-08
 9.83251e+16	9.78e-01	2.19e-02	3.64e-08
 9.83395e+16	9.79e-01	2.15e-02	4.07e-08
 9.83531e+16	9.79e-01	2.11e-02	4.55e-08
 9.83659e+16	9.79e-01	2.08e-02	5.09e-08
 9.83781e+16	9.80e-01	2.04e-02	5.68e-08
 9.83897e+16	9.80e-01	2.01e-02	6.34e-08
 9.84009e+16	9.80e-01	1.98e-02	7.07e-08
 9.84116e+16	9.81e-01	1.95e-02	7.89e-08
 9.84220e+16	9.81e-01	1.92e-02	8.79e-08
 9.84320e+16	9.81e-01	1.89e-02	9.79e-08
 9.84418e+16	9.81e-01	1.86e-02	1.09e-07
 9.84515e+16	9.82e-01	1.83e-02	1.22e-07
 9.84609e+16	9.82e-01	1.80e-02	1.35e-07
 9.84702e+16	9.82e-01	1.77e-02	1.50e-07
 9.84796e+16	9.83e-01	1.74e-02	1.66e-07
 9.84893e+16	9.83e-01	1.71e-02	1.83e-07
 9.84993e+16	9.83e-01	1.68e-02	2.02e-07
 9.85099e+16	9.84e-01	1.65e-02	2.23e-07
 9.85212e+16	9.84e-01	1.61e-02	2.45e-07
 9.85324e+16	9.84e-01	1.57e-02	2.64e-07
 9.85426e+16	9.85e-01	1.53e-02	2.80e-07
 9.85519e+16	9.85e-01	1.50e-02	2.92e-07
 9.85608e+16	9.85e-01	1.47e-02	3.03e-07
 9.85692e+16	9.86e-01	1.44e-02	3.12e-07
 9.85768e+16	9.86e-01	1.42e-02	3.18e-07
 9.85838e+16	9.86e-01	1.39e-02	3.24e-07
 9.85901e+16	9.86e-01	1.37e-02	3.29e-07
 9.85959e+16	9.86e-01	1.35e-02	3.33e-07
 9.86011e+16	9.87e-01	1.34e-02	3.37e-07
 9.86059e+16	9.87e-01	1.32e-02	3.41e-07
 9.86111e+16	9.87e-01	1.30e-02	3.44e-07
 9.86167e+16	9.87e-01	1.28e-02	3.49e-07
 9.86218e+16	9.87e-01	1.27e-02	3.52e-07
 9.86275e+16	9.87e-01	1.25e-02	3.57e-07
 9.86335e+16	9.88e-01	1.23e-02	3.62e-07
 9.86391e+16	9.88e-01	1.21e-02	3.66e-07
 9.86441e+16	9.88e-01	1.20e-02	3.70e-07
 9.86496e+16	9.88e-01	1.18e-02	3.75e-07
 9.86555e+16	9.88e-01	1.16e-02	3.81e-07
 9.86609e+16	9.88e-01	1.15e-02	3.85e-07
 9.86659e+16	9.89e-01	1.14e-02	3.90e-07
 9.86713e+16	9.89e-01	1.12e-02	3.94e-07
 9.86783e+16	9.89e-01	1.11e-02	3.99e-07
 9.86858e+16	9.89e-01	1.09e-02	4.05e-07
 9.86927e+16	9.89e-01	1.07e-02	4.11e-07
 9.86990e+16	9.89e-01	1.06e-02	4.16e-07
 9.87059e+16	9.90e-01	1.04e-02	4.22e-07
 9.87133e+16	9.90e-01	1.02e-02	4.29e-07
 9.87200e+16	9.90e-01	1.01e-02	4.36e-07
 9.87262e+16	9.90e-01	9.94e-03	4.42e-07
