#depth	O	O+	O+2	O+3	O+4	O+5	O+6	O+7	O+8	O[1]	O[2]	O[3]
 2.61585e+12	6.12e-07	1.03e-03	2.20e-01	7.42e-01	3.67e-02	1.04e-06	0.00e+00	0.00e+00	0.00e+00	4.55e-07	1.01e-07	5.55e-08
 1.56951e+13	6.12e-07	1.03e-03	2.20e-01	7.42e-01	3.66e-02	1.04e-06	0.00e+00	0.00e+00	0.00e+00	4.55e-07	1.01e-07	5.56e-08
 6.80122e+13	6.14e-07	1.04e-03	2.21e-01	7.41e-01	3.64e-02	1.03e-06	0.00e+00	0.00e+00	0.00e+00	4.56e-07	1.02e-07	5.57e-08
 2.77280e+14	6.23e-07	1.06e-03	2.25e-01	7.38e-01	3.57e-02	9.96e-07	0.00e+00	0.00e+00	0.00e+00	4.63e-07	1.03e-07	5.66e-08
 6.62334e+14	6.18e-07	1.07e-03	2.31e-01	7.34e-01	3.44e-02	9.49e-07	0.00e+00	0.00e+00	0.00e+00	4.59e-07	1.02e-07	5.61e-08
 1.16290e+15	6.25e-07	1.11e-03	2.39e-01	7.27e-01	3.28e-02	8.90e-07	0.00e+00	0.00e+00	0.00e+00	4.64e-07	1.03e-07	5.68e-08
 1.81364e+15	6.43e-07	1.16e-03	2.50e-01	7.18e-01	3.08e-02	8.16e-07	0.00e+00	0.00e+00	0.00e+00	4.78e-07	1.06e-07	5.85e-08
 2.65961e+15	6.77e-07	1.23e-03	2.65e-01	7.05e-01	2.83e-02	7.26e-07	0.00e+00	0.00e+00	0.00e+00	5.03e-07	1.12e-07	6.17e-08
 3.75936e+15	7.36e-07	1.34e-03	2.87e-01	6.86e-01	2.53e-02	6.20e-07	0.00e+00	0.00e+00	0.00e+00	5.47e-07	1.22e-07	6.71e-08
 5.18903e+15	8.36e-07	1.52e-03	3.20e-01	6.57e-01	2.15e-02	4.97e-07	0.00e+00	0.00e+00	0.00e+00	6.21e-07	1.38e-07	7.63e-08
 7.04761e+15	1.01e-06	1.81e-03	3.70e-01	6.11e-01	1.70e-02	3.62e-07	0.00e+00	0.00e+00	0.00e+00	7.52e-07	1.67e-07	9.25e-08
 8.90254e+15	1.21e-06	2.15e-03	4.30e-01	5.55e-01	1.31e-02	2.56e-07	0.00e+00	0.00e+00	0.00e+00	8.99e-07	2.00e-07	1.11e-07
 1.03269e+16	1.43e-06	2.49e-03	4.87e-01	5.01e-01	1.02e-02	1.86e-07	0.00e+00	0.00e+00	0.00e+00	1.06e-06	2.36e-07	1.31e-07
 1.14881e+16	1.67e-06	2.84e-03	5.40e-01	4.49e-01	7.99e-03	1.37e-07	0.00e+00	0.00e+00	0.00e+00	1.24e-06	2.75e-07	1.53e-07
 1.25497e+16	1.94e-06	3.22e-03	5.95e-01	3.96e-01	6.16e-03	0.00e+00	0.00e+00	0.00e+00	0.00e+00	1.44e-06	3.21e-07	1.78e-07
 1.35796e+16	2.27e-06	3.65e-03	6.52e-01	3.40e-01	4.57e-03	0.00e+00	0.00e+00	0.00e+00	0.00e+00	1.68e-06	3.74e-07	2.08e-07
 1.45806e+16	2.64e-06	4.11e-03	7.10e-01	2.83e-01	3.24e-03	0.00e+00	0.00e+00	0.00e+00	0.00e+00	1.96e-06	4.36e-07	2.43e-07
 1.55492e+16	3.06e-06	4.60e-03	7.66e-01	2.27e-01	2.19e-03	0.00e+00	0.00e+00	0.00e+00	0.00e+00	2.28e-06	5.04e-07	2.81e-07
 1.63883e+16	3.46e-06	5.03e-03	8.13e-01	1.81e-01	1.48e-03	0.00e+00	0.00e+00	0.00e+00	0.00e+00	2.57e-06	5.68e-07	3.18e-07
 1.70800e+16	3.80e-06	5.38e-03	8.48e-01	1.46e-01	1.02e-03	0.00e+00	0.00e+00	0.00e+00	0.00e+00	2.83e-06	6.23e-07	3.50e-07
 1.78381e+16	4.23e-06	5.79e-03	8.81e-01	1.12e-01	6.52e-04	0.00e+00	0.00e+00	0.00e+00	0.00e+00	3.15e-06	6.92e-07	3.89e-07
 1.88237e+16	4.79e-06	6.25e-03	9.16e-01	7.71e-02	3.45e-04	0.00e+00	0.00e+00	0.00e+00	0.00e+00	3.56e-06	7.80e-07	4.40e-07
 2.01049e+16	5.50e-06	6.78e-03	9.48e-01	4.55e-02	1.41e-04	0.00e+00	0.00e+00	0.00e+00	0.00e+00	4.10e-06	8.95e-07	5.05e-07
 2.17704e+16	6.41e-06	7.36e-03	9.70e-01	2.22e-02	4.10e-05	0.00e+00	0.00e+00	0.00e+00	0.00e+00	4.78e-06	1.04e-06	5.89e-07
 2.38474e+16	7.50e-06	7.93e-03	9.83e-01	9.20e-03	8.80e-06	0.00e+00	0.00e+00	0.00e+00	0.00e+00	5.60e-06	1.22e-06	6.89e-07
 2.62321e+16	8.84e-06	8.53e-03	9.88e-01	3.55e-03	1.60e-06	0.00e+00	0.00e+00	0.00e+00	0.00e+00	6.60e-06	1.43e-06	8.12e-07
 2.88553e+16	1.05e-05	9.19e-03	9.89e-01	1.35e-03	2.70e-07	0.00e+00	0.00e+00	0.00e+00	0.00e+00	7.86e-06	1.71e-06	9.68e-07
 3.17409e+16	1.28e-05	9.98e-03	9.89e-01	5.21e-04	0.00e+00	0.00e+00	0.00e+00	0.00e+00	0.00e+00	9.57e-06	2.08e-06	1.18e-06
 3.49150e+16	1.61e-05	1.10e-02	9.89e-01	2.16e-04	0.00e+00	0.00e+00	0.00e+00	0.00e+00	0.00e+00	1.20e-05	2.61e-06	1.48e-06
 3.84065e+16	2.08e-05	1.22e-02	9.88e-01	1.06e-04	0.00e+00	0.00e+00	0.00e+00	0.00e+00	0.00e+00	1.55e-05	3.39e-06	1.91e-06
 4.22471e+16	2.82e-05	1.39e-02	9.86e-01	6.56e-05	0.00e+00	0.00e+00	0.00e+00	0.00e+00	0.00e+00	2.10e-05	4.61e-06	2.59e-06
 4.64718e+16	4.03e-05	1.63e-02	9.84e-01	4.84e-05	0.00e+00	0.00e+00	0.00e+00	0.00e+00	0.00e+00	3.00e-05	6.62e-06	3.71e-06
 4.94629e+16	5.36e-05	1.85e-02	9.81e-01	4.16e-05	0.00e+00	0.00e+00	0.00e+00	0.00e+00	0.00e+00	3.99e-05	8.81e-06	4.94e-06
 5.06106e+16	6.01e-05	1.94e-02	9.80e-01	3.93e-05	0.00e+00	0.00e+00	0.00e+00	0.00e+00	0.00e+00	4.47e-05	9.87e-06	5.53e-06
 5.14605e+16	6.54e-05	2.02e-02	9.80e-01	3.78e-05	0.00e+00	0.00e+00	0.00e+00	0.00e+00	0.00e+00	4.86e-05	1.07e-05	6.01e-06
 5.25654e+16	7.31e-05	2.13e-02	9.79e-01	3.58e-05	0.00e+00	0.00e+00	0.00e+00	0.00e+00	0.00e+00	5.43e-05	1.20e-05	6.72e-06
 5.40018e+16	8.47e-05	2.28e-02	9.77e-01	3.37e-05	0.00e+00	0.00e+00	0.00e+00	0.00e+00	0.00e+00	6.30e-05	1.39e-05	7.79e-06
 5.56162e+16	1.01e-04	2.47e-02	9.75e-01	3.14e-05	0.00e+00	0.00e+00	0.00e+00	0.00e+00	0.00e+00	7.49e-05	1.66e-05	9.25e-06
 5.70942e+16	1.19e-04	2.67e-02	9.73e-01	2.92e-05	0.00e+00	0.00e+00	0.00e+00	0.00e+00	0.00e+00	8.82e-05	1.95e-05	1.09e-05
 5.83752e+16	1.38e-04	2.87e-02	9.71e-01	2.75e-05	0.00e+00	0.00e+00	0.00e+00	0.00e+00	0.00e+00	1.02e-04	2.26e-05	1.26e-05
 5.97678e+16	1.62e-04	3.10e-02	9.69e-01	2.56e-05	0.00e+00	0.00e+00	0.00e+00	0.00e+00	0.00e+00	1.21e-04	2.66e-05	1.49e-05
 6.12704e+16	1.95e-04	3.40e-02	9.66e-01	2.37e-05	0.00e+00	0.00e+00	0.00e+00	0.00e+00	0.00e+00	1.45e-04	3.20e-05	1.78e-05
 6.25631e+16	2.30e-04	3.69e-02	9.63e-01	2.20e-05	0.00e+00	0.00e+00	0.00e+00	0.00e+00	0.00e+00	1.71e-04	3.78e-05	2.11e-05
 6.36708e+16	2.66e-04	3.97e-02	9.60e-01	2.07e-05	0.00e+00	0.00e+00	0.00e+00	0.00e+00	0.00e+00	1.98e-04	4.37e-05	2.43e-05
 6.48905e+16	3.14e-04	4.32e-02	9.56e-01	1.92e-05	0.00e+00	0.00e+00	0.00e+00	0.00e+00	0.00e+00	2.34e-04	5.16e-05	2.87e-05
 6.62251e+16	3.78e-04	4.75e-02	9.52e-01	1.76e-05	0.00e+00	0.00e+00	0.00e+00	0.00e+00	0.00e+00	2.82e-04	6.21e-05	3.46e-05
 6.74060e+16	4.50e-04	5.19e-02	9.48e-01	1.62e-05	0.00e+00	0.00e+00	0.00e+00	0.00e+00	0.00e+00	3.35e-04	7.39e-05	4.11e-05
 6.84329e+16	5.26e-04	5.63e-02	9.43e-01	1.51e-05	0.00e+00	0.00e+00	0.00e+00	0.00e+00	0.00e+00	3.91e-04	8.63e-05	4.80e-05
 6.95626e+16	6.26e-04	6.17e-02	9.38e-01	1.39e-05	0.00e+00	0.00e+00	0.00e+00	0.00e+00	0.00e+00	4.66e-04	1.03e-04	5.71e-05
 7.07966e+16	7.64e-04	6.85e-02	9.31e-01	1.26e-05	0.00e+00	0.00e+00	0.00e+00	0.00e+00	0.00e+00	5.69e-04	1.25e-04	6.97e-05
 7.18797e+16	9.19e-04	7.55e-02	9.24e-01	1.15e-05	0.00e+00	0.00e+00	0.00e+00	0.00e+00	0.00e+00	6.85e-04	1.51e-04	8.38e-05
 7.28145e+16	1.08e-03	8.24e-02	9.17e-01	1.05e-05	0.00e+00	0.00e+00	0.00e+00	0.00e+00	0.00e+00	8.07e-04	1.78e-04	9.87e-05
 7.38432e+16	1.31e-03	9.10e-02	9.08e-01	9.49e-06	0.00e+00	0.00e+00	0.00e+00	0.00e+00	0.00e+00	9.73e-04	2.14e-04	1.19e-04
 7.49694e+16	1.62e-03	1.02e-01	8.97e-01	8.45e-06	0.00e+00	0.00e+00	0.00e+00	0.00e+00	0.00e+00	1.20e-03	2.65e-04	1.47e-04
 7.59603e+16	1.97e-03	1.13e-01	8.85e-01	7.56e-06	0.00e+00	0.00e+00	0.00e+00	0.00e+00	0.00e+00	1.47e-03	3.22e-04	1.79e-04
 7.68081e+16	2.35e-03	1.24e-01	8.73e-01	6.83e-06	0.00e+00	0.00e+00	0.00e+00	0.00e+00	0.00e+00	1.75e-03	3.84e-04	2.13e-04
 7.77321e+16	2.85e-03	1.38e-01	8.59e-01	6.07e-06	0.00e+00	0.00e+00	0.00e+00	0.00e+00	0.00e+00	2.13e-03	4.67e-04	2.59e-04
 7.87343e+16	3.58e-03	1.56e-01	8.41e-01	5.25e-06	0.00e+00	0.00e+00	0.00e+00	0.00e+00	0.00e+00	2.67e-03	5.85e-04	3.25e-04
 7.95900e+16	4.38e-03	1.74e-01	8.22e-01	4.60e-06	0.00e+00	0.00e+00	0.00e+00	0.00e+00	0.00e+00	3.27e-03	7.16e-04	3.97e-04
 8.03021e+16	5.21e-03	1.90e-01	8.04e-01	4.09e-06	0.00e+00	0.00e+00	0.00e+00	0.00e+00	0.00e+00	3.89e-03	8.50e-04	4.72e-04
 8.10752e+16	6.33e-03	2.11e-01	7.83e-01	3.57e-06	0.00e+00	0.00e+00	0.00e+00	0.00e+00	0.00e+00	4.72e-03	1.03e-03	5.73e-04
 8.19207e+16	7.91e-03	2.37e-01	7.55e-01	3.02e-06	0.00e+00	0.00e+00	0.00e+00	0.00e+00	0.00e+00	5.90e-03	1.29e-03	7.16e-04
 8.26557e+16	9.69e-03	2.63e-01	7.27e-01	2.57e-06	0.00e+00	0.00e+00	0.00e+00	0.00e+00	0.00e+00	7.24e-03	1.58e-03	8.77e-04
 8.32715e+16	1.16e-02	2.87e-01	7.01e-01	2.22e-06	0.00e+00	0.00e+00	0.00e+00	0.00e+00	0.00e+00	8.63e-03	1.88e-03	1.04e-03
 8.39365e+16	1.40e-02	3.17e-01	6.69e-01	1.87e-06	0.00e+00	0.00e+00	0.00e+00	0.00e+00	0.00e+00	1.05e-02	2.28e-03	1.27e-03
 8.46628e+16	1.75e-02	3.53e-01	6.29e-01	1.51e-06	0.00e+00	0.00e+00	0.00e+00	0.00e+00	0.00e+00	1.31e-02	2.84e-03	1.58e-03
 8.52948e+16	2.14e-02	3.88e-01	5.90e-01	1.23e-06	0.00e+00	0.00e+00	0.00e+00	0.00e+00	0.00e+00	1.60e-02	3.46e-03	1.93e-03
 8.58296e+16	2.55e-02	4.21e-01	5.54e-01	1.01e-06	0.00e+00	0.00e+00	0.00e+00	0.00e+00	0.00e+00	1.91e-02	4.12e-03	2.30e-03
 8.64113e+16	3.10e-02	4.58e-01	5.11e-01	8.07e-07	0.00e+00	0.00e+00	0.00e+00	0.00e+00	0.00e+00	2.32e-02	4.99e-03	2.79e-03
 8.70471e+16	3.87e-02	5.03e-01	4.59e-01	6.11e-07	0.00e+00	0.00e+00	0.00e+00	0.00e+00	0.00e+00	2.90e-02	6.22e-03	3.48e-03
 8.76010e+16	4.74e-02	5.43e-01	4.10e-01	4.61e-07	0.00e+00	0.00e+00	0.00e+00	0.00e+00	0.00e+00	3.55e-02	7.57e-03	4.25e-03
 8.80289e+16	5.54e-02	5.74e-01	3.70e-01	3.61e-07	0.00e+00	0.00e+00	0.00e+00	0.00e+00	0.00e+00	4.16e-02	8.83e-03	4.97e-03
 8.83760e+16	6.28e-02	5.99e-01	3.38e-01	2.91e-07	0.00e+00	0.00e+00	0.00e+00	0.00e+00	0.00e+00	4.71e-02	9.98e-03	5.63e-03
 8.87577e+16	7.24e-02	6.26e-01	3.02e-01	2.26e-07	0.00e+00	0.00e+00	0.00e+00	0.00e+00	0.00e+00	5.45e-02	1.15e-02	6.49e-03
 8.91723e+16	8.50e-02	6.53e-01	2.62e-01	1.67e-07	0.00e+00	0.00e+00	0.00e+00	0.00e+00	0.00e+00	6.39e-02	1.34e-02	7.59e-03
 8.95289e+16	9.76e-02	6.74e-01	2.29e-01	1.24e-07	0.00e+00	0.00e+00	0.00e+00	0.00e+00	0.00e+00	7.35e-02	1.53e-02	8.71e-03
 8.98261e+16	1.09e-01	6.89e-01	2.02e-01	0.00e+00	0.00e+00	0.00e+00	0.00e+00	0.00e+00	0.00e+00	8.23e-02	1.70e-02	9.71e-03
 9.01465e+16	1.23e-01	7.02e-01	1.74e-01	0.00e+00	0.00e+00	0.00e+00	0.00e+00	0.00e+00	0.00e+00	9.33e-02	1.92e-02	1.10e-02
 9.04912e+16	1.42e-01	7.13e-01	1.45e-01	0.00e+00	0.00e+00	0.00e+00	0.00e+00	0.00e+00	0.00e+00	1.07e-01	2.19e-02	1.25e-02
 9.07838e+16	1.59e-01	7.18e-01	1.23e-01	0.00e+00	0.00e+00	0.00e+00	0.00e+00	0.00e+00	0.00e+00	1.20e-01	2.44e-02	1.40e-02
 9.10284e+16	1.75e-01	7.20e-01	1.06e-01	0.00e+00	0.00e+00	0.00e+00	0.00e+00	0.00e+00	0.00e+00	1.33e-01	2.66e-02	1.54e-02
 9.12945e+16	1.94e-01	7.18e-01	8.85e-02	0.00e+00	0.00e+00	0.00e+00	0.00e+00	0.00e+00	0.00e+00	1.47e-01	2.93e-02	1.70e-02
 9.15843e+16	2.17e-01	7.11e-01	7.16e-02	0.00e+00	0.00e+00	0.00e+00	0.00e+00	0.00e+00	0.00e+00	1.66e-01	3.25e-02	1.90e-02
 9.18359e+16	2.41e-01	7.01e-01	5.85e-02	0.00e+00	0.00e+00	0.00e+00	0.00e+00	0.00e+00	0.00e+00	1.84e-01	3.56e-02	2.09e-02
 9.20483e+16	2.61e-01	6.90e-01	4.89e-02	0.00e+00	0.00e+00	0.00e+00	0.00e+00	0.00e+00	0.00e+00	2.00e-01	3.82e-02	2.26e-02
 9.22784e+16	2.85e-01	6.75e-01	3.97e-02	0.00e+00	0.00e+00	0.00e+00	0.00e+00	0.00e+00	0.00e+00	2.19e-01	4.13e-02	2.46e-02
 9.25307e+16	3.15e-01	6.54e-01	3.10e-02	0.00e+00	0.00e+00	0.00e+00	0.00e+00	0.00e+00	0.00e+00	2.43e-01	4.49e-02	2.70e-02
 9.27538e+16	3.43e-01	6.32e-01	2.45e-02	0.00e+00	0.00e+00	0.00e+00	0.00e+00	0.00e+00	0.00e+00	2.66e-01	4.82e-02	2.92e-02
 9.29477e+16	3.68e-01	6.12e-01	1.98e-02	0.00e+00	0.00e+00	0.00e+00	0.00e+00	0.00e+00	0.00e+00	2.86e-01	5.09e-02	3.11e-02
 9.31531e+16	3.97e-01	5.87e-01	1.56e-02	0.00e+00	0.00e+00	0.00e+00	0.00e+00	0.00e+00	0.00e+00	3.10e-01	5.39e-02	3.32e-02
 9.33770e+16	4.31e-01	5.57e-01	1.18e-02	0.00e+00	0.00e+00	0.00e+00	0.00e+00	0.00e+00	0.00e+00	3.38e-01	5.72e-02	3.56e-02
 9.35868e+16	4.64e-01	5.27e-01	8.95e-03	0.00e+00	0.00e+00	0.00e+00	0.00e+00	0.00e+00	0.00e+00	3.66e-01	6.01e-02	3.78e-02
 9.37674e+16	4.93e-01	5.00e-01	6.97e-03	0.00e+00	0.00e+00	0.00e+00	0.00e+00	0.00e+00	0.00e+00	3.91e-01	6.25e-02	3.97e-02
 9.39236e+16	5.19e-01	4.76e-01	5.56e-03	0.00e+00	0.00e+00	0.00e+00	0.00e+00	0.00e+00	0.00e+00	4.13e-01	6.44e-02	4.13e-02
 9.40698e+16	5.43e-01	4.53e-01	4.47e-03	0.00e+00	0.00e+00	0.00e+00	0.00e+00	0.00e+00	0.00e+00	4.34e-01	6.59e-02	4.27e-02
 9.42118e+16	5.67e-01	4.29e-01	3.59e-03	0.00e+00	0.00e+00	0.00e+00	0.00e+00	0.00e+00	0.00e+00	4.56e-01	6.73e-02	4.40e-02
 9.43450e+16	5.89e-01	4.08e-01	2.90e-03	0.00e+00	0.00e+00	0.00e+00	0.00e+00	0.00e+00	0.00e+00	4.76e-01	6.84e-02	4.51e-02
 9.44462e+16	6.06e-01	3.91e-01	2.47e-03	0.00e+00	0.00e+00	0.00e+00	0.00e+00	0.00e+00	0.00e+00	4.91e-01	6.91e-02	4.59e-02
 9.45117e+16	6.16e-01	3.82e-01	2.22e-03	0.00e+00	0.00e+00	0.00e+00	0.00e+00	0.00e+00	0.00e+00	5.00e-01	6.95e-02	4.64e-02
 9.45752e+16	6.26e-01	3.72e-01	2.00e-03	0.00e+00	0.00e+00	0.00e+00	0.00e+00	0.00e+00	0.00e+00	5.09e-01	6.97e-02	4.68e-02
 9.46545e+16	6.39e-01	3.59e-01	1.75e-03	0.00e+00	0.00e+00	0.00e+00	0.00e+00	0.00e+00	0.00e+00	5.21e-01	7.00e-02	4.73e-02
 9.47392e+16	6.53e-01	3.45e-01	1.50e-03	0.00e+00	0.00e+00	0.00e+00	0.00e+00	0.00e+00	0.00e+00	5.35e-01	7.03e-02	4.78e-02
 9.48133e+16	6.65e-01	3.33e-01	1.32e-03	0.00e+00	0.00e+00	0.00e+00	0.00e+00	0.00e+00	0.00e+00	5.47e-01	7.04e-02	4.82e-02
 9.48796e+16	6.76e-01	3.23e-01	1.17e-03	0.00e+00	0.00e+00	0.00e+00	0.00e+00	0.00e+00	0.00e+00	5.57e-01	7.05e-02	4.85e-02
 9.49477e+16	6.87e-01	3.12e-01	1.03e-03	0.00e+00	0.00e+00	0.00e+00	0.00e+00	0.00e+00	0.00e+00	5.67e-01	7.05e-02	4.87e-02
 9.50202e+16	6.98e-01	3.01e-01	9.02e-04	0.00e+00	0.00e+00	0.00e+00	0.00e+00	0.00e+00	0.00e+00	5.79e-01	7.05e-02	4.90e-02
 9.50926e+16	7.10e-01	2.89e-01	7.85e-04	0.00e+00	0.00e+00	0.00e+00	0.00e+00	0.00e+00	0.00e+00	5.91e-01	7.04e-02	4.92e-02
 9.51598e+16	7.20e-01	2.79e-01	6.91e-04	0.00e+00	0.00e+00	0.00e+00	0.00e+00	0.00e+00	0.00e+00	6.01e-01	7.02e-02	4.94e-02
 9.52251e+16	7.31e-01	2.69e-01	6.08e-04	0.00e+00	0.00e+00	0.00e+00	0.00e+00	0.00e+00	0.00e+00	6.11e-01	7.00e-02	4.95e-02
 9.52920e+16	7.40e-01	2.59e-01	5.33e-04	0.00e+00	0.00e+00	0.00e+00	0.00e+00	0.00e+00	0.00e+00	6.21e-01	6.97e-02	4.96e-02
 9.53599e+16	7.51e-01	2.49e-01	4.64e-04	0.00e+00	0.00e+00	0.00e+00	0.00e+00	0.00e+00	0.00e+00	6.32e-01	6.94e-02	4.97e-02
 9.54261e+16	7.60e-01	2.39e-01	4.06e-04	0.00e+00	0.00e+00	0.00e+00	0.00e+00	0.00e+00	0.00e+00	6.42e-01	6.90e-02	4.97e-02
 9.54908e+16	7.70e-01	2.30e-01	3.56e-04	0.00e+00	0.00e+00	0.00e+00	0.00e+00	0.00e+00	0.00e+00	6.51e-01	6.86e-02	4.96e-02
 9.55557e+16	7.79e-01	2.21e-01	3.10e-04	0.00e+00	0.00e+00	0.00e+00	0.00e+00	0.00e+00	0.00e+00	6.61e-01	6.81e-02	4.96e-02
 9.56197e+16	7.88e-01	2.12e-01	2.71e-04	0.00e+00	0.00e+00	0.00e+00	0.00e+00	0.00e+00	0.00e+00	6.71e-01	6.77e-02	4.95e-02
 9.56829e+16	7.96e-01	2.04e-01	2.37e-04	0.00e+00	0.00e+00	0.00e+00	0.00e+00	0.00e+00	0.00e+00	6.80e-01	6.72e-02	4.93e-02
 9.57464e+16	8.05e-01	1.95e-01	2.06e-04	0.00e+00	0.00e+00	0.00e+00	0.00e+00	0.00e+00	0.00e+00	6.89e-01	6.66e-02	4.92e-02
 9.58094e+16	8.12e-01	1.87e-01	1.80e-04	0.00e+00	0.00e+00	0.00e+00	0.00e+00	0.00e+00	0.00e+00	6.97e-01	6.60e-02	4.90e-02
 9.58717e+16	8.20e-01	1.80e-01	1.57e-04	0.00e+00	0.00e+00	0.00e+00	0.00e+00	0.00e+00	0.00e+00	7.06e-01	6.54e-02	4.88e-02
 9.59338e+16	8.28e-01	1.72e-01	1.36e-04	0.00e+00	0.00e+00	0.00e+00	0.00e+00	0.00e+00	0.00e+00	7.15e-01	6.48e-02	4.85e-02
 9.59948e+16	8.35e-01	1.65e-01	1.19e-04	0.00e+00	0.00e+00	0.00e+00	0.00e+00	0.00e+00	0.00e+00	7.23e-01	6.41e-02	4.83e-02
 9.60550e+16	8.42e-01	1.58e-01	1.04e-04	0.00e+00	0.00e+00	0.00e+00	0.00e+00	0.00e+00	0.00e+00	7.31e-01	6.35e-02	4.80e-02
 9.61161e+16	8.49e-01	1.51e-01	8.99e-05	0.00e+00	0.00e+00	0.00e+00	0.00e+00	0.00e+00	0.00e+00	7.38e-01	6.28e-02	4.77e-02
 9.61772e+16	8.56e-01	1.44e-01	7.79e-05	0.00e+00	0.00e+00	0.00e+00	0.00e+00	0.00e+00	0.00e+00	7.46e-01	6.21e-02	4.73e-02
 9.62363e+16	8.62e-01	1.38e-01	6.78e-05	0.00e+00	0.00e+00	0.00e+00	0.00e+00	0.00e+00	0.00e+00	7.53e-01	6.14e-02	4.70e-02
 9.62939e+16	8.68e-01	1.32e-01	5.91e-05	0.00e+00	0.00e+00	0.00e+00	0.00e+00	0.00e+00	0.00e+00	7.60e-01	6.07e-02	4.66e-02
 9.63516e+16	8.73e-01	1.27e-01	5.15e-05	0.00e+00	0.00e+00	0.00e+00	0.00e+00	0.00e+00	0.00e+00	7.67e-01	6.00e-02	4.63e-02
 9.64090e+16	8.79e-01	1.21e-01	4.49e-05	0.00e+00	0.00e+00	0.00e+00	0.00e+00	0.00e+00	0.00e+00	7.74e-01	5.93e-02	4.59e-02
 9.64653e+16	8.84e-01	1.16e-01	3.91e-05	0.00e+00	0.00e+00	0.00e+00	0.00e+00	0.00e+00	0.00e+00	7.80e-01	5.86e-02	4.55e-02
 9.65210e+16	8.89e-01	1.11e-01	3.41e-05	0.00e+00	0.00e+00	0.00e+00	0.00e+00	0.00e+00	0.00e+00	7.86e-01	5.80e-02	4.51e-02
 9.65762e+16	8.94e-01	1.06e-01	2.98e-05	0.00e+00	0.00e+00	0.00e+00	0.00e+00	0.00e+00	0.00e+00	7.92e-01	5.73e-02	4.48e-02
 9.66302e+16	8.98e-01	1.02e-01	2.60e-05	0.00e+00	0.00e+00	0.00e+00	0.00e+00	0.00e+00	0.00e+00	7.97e-01	5.66e-02	4.44e-02
 9.66828e+16	9.03e-01	9.73e-02	2.28e-05	0.00e+00	0.00e+00	0.00e+00	0.00e+00	0.00e+00	0.00e+00	8.03e-01	5.60e-02	4.40e-02
 9.67352e+16	9.07e-01	9.33e-02	2.00e-05	0.00e+00	0.00e+00	0.00e+00	0.00e+00	0.00e+00	0.00e+00	8.08e-01	5.54e-02	4.36e-02
 9.67876e+16	9.11e-01	8.94e-02	1.75e-05	0.00e+00	0.00e+00	0.00e+00	0.00e+00	0.00e+00	0.00e+00	8.13e-01	5.48e-02	4.32e-02
 9.68389e+16	9.14e-01	8.56e-02	1.54e-05	0.00e+00	0.00e+00	0.00e+00	0.00e+00	0.00e+00	0.00e+00	8.17e-01	5.42e-02	4.29e-02
 9.68887e+16	9.18e-01	8.20e-02	1.35e-05	0.00e+00	0.00e+00	0.00e+00	0.00e+00	0.00e+00	0.00e+00	8.22e-01	5.36e-02	4.25e-02
 9.69381e+16	9.21e-01	7.87e-02	1.19e-05	0.00e+00	0.00e+00	0.00e+00	0.00e+00	0.00e+00	0.00e+00	8.26e-01	5.30e-02	4.21e-02
 9.69878e+16	9.25e-01	7.54e-02	1.05e-05	0.00e+00	0.00e+00	0.00e+00	0.00e+00	0.00e+00	0.00e+00	8.30e-01	5.25e-02	4.18e-02
 9.70368e+16	9.28e-01	7.23e-02	9.22e-06	0.00e+00	0.00e+00	0.00e+00	0.00e+00	0.00e+00	0.00e+00	8.34e-01	5.19e-02	4.14e-02
 9.70842e+16	9.31e-01	6.93e-02	8.14e-06	0.00e+00	0.00e+00	0.00e+00	0.00e+00	0.00e+00	0.00e+00	8.38e-01	5.14e-02	4.11e-02
 9.71313e+16	9.33e-01	6.66e-02	7.20e-06	0.00e+00	0.00e+00	0.00e+00	0.00e+00	0.00e+00	0.00e+00	8.42e-01	5.09e-02	4.07e-02
 9.71788e+16	9.36e-01	6.38e-02	6.34e-06	0.00e+00	0.00e+00	0.00e+00	0.00e+00	0.00e+00	0.00e+00	8.45e-01	5.04e-02	4.04e-02
 9.72258e+16	9.39e-01	6.12e-02	5.60e-06	0.00e+00	0.00e+00	0.00e+00	0.00e+00	0.00e+00	0.00e+00	8.49e-01	4.99e-02	4.00e-02
 9.72716e+16	9.41e-01	5.87e-02	4.96e-06	0.00e+00	0.00e+00	0.00e+00	0.00e+00	0.00e+00	0.00e+00	8.52e-01	4.94e-02	3.97e-02
 9.73167e+16	9.44e-01	5.64e-02	4.40e-06	0.00e+00	0.00e+00	0.00e+00	0.00e+00	0.00e+00	0.00e+00	8.55e-01	4.90e-02	3.94e-02
 9.73619e+16	9.46e-01	5.42e-02	3.90e-06	0.00e+00	0.00e+00	0.00e+00	0.00e+00	0.00e+00	0.00e+00	8.58e-01	4.85e-02	3.91e-02
 9.74067e+16	9.48e-01	5.20e-02	3.45e-06	0.00e+00	0.00e+00	0.00e+00	0.00e+00	0.00e+00	0.00e+00	8.61e-01	4.81e-02	3.88e-02
 9.74507e+16	9.50e-01	4.99e-02	3.07e-06	0.00e+00	0.00e+00	0.00e+00	0.00e+00	0.00e+00	0.00e+00	8.64e-01	4.77e-02	3.84e-02
 9.74938e+16	9.52e-01	4.79e-02	2.73e-06	0.00e+00	0.00e+00	0.00e+00	0.00e+00	0.00e+00	0.00e+00	8.67e-01	4.72e-02	3.81e-02
 9.75372e+16	9.54e-01	4.60e-02	2.43e-06	0.00e+00	0.00e+00	0.00e+00	0.00e+00	0.00e+00	0.00e+00	8.69e-01	4.68e-02	3.78e-02
 9.75809e+16	9.56e-01	4.42e-02	2.15e-06	0.00e+00	0.00e+00	0.00e+00	0.00e+00	0.00e+00	0.00e+00	8.72e-01	4.64e-02	3.74e-02
 9.76237e+16	9.58e-01	4.24e-02	1.92e-06	0.00e+00	0.00e+00	0.00e+00	0.00e+00	0.00e+00	0.00e+00	8.74e-01	4.60e-02	3.71e-02
 9.76654e+16	9.59e-01	4.07e-02	1.71e-06	0.00e+00	0.00e+00	0.00e+00	0.00e+00	0.00e+00	0.00e+00	8.77e-01	4.57e-02	3.68e-02
 9.77071e+16	9.61e-01	3.92e-02	1.53e-06	0.00e+00	0.00e+00	0.00e+00	0.00e+00	0.00e+00	0.00e+00	8.79e-01	4.53e-02	3.65e-02
 9.77486e+16	9.62e-01	3.76e-02	1.36e-06	0.00e+00	0.00e+00	0.00e+00	0.00e+00	0.00e+00	0.00e+00	8.81e-01	4.50e-02	3.63e-02
 9.77893e+16	9.64e-01	3.61e-02	1.22e-06	0.00e+00	0.00e+00	0.00e+00	0.00e+00	0.00e+00	0.00e+00	8.83e-01	4.46e-02	3.60e-02
 9.78299e+16	9.65e-01	3.47e-02	1.09e-06	0.00e+00	0.00e+00	0.00e+00	0.00e+00	0.00e+00	0.00e+00	8.85e-01	4.43e-02	3.57e-02
 9.78709e+16	9.67e-01	3.33e-02	9.73e-07	0.00e+00	0.00e+00	0.00e+00	0.00e+00	0.00e+00	0.00e+00	8.87e-01	4.40e-02	3.54e-02
 9.79111e+16	9.68e-01	3.19e-02	8.71e-07	0.00e+00	0.00e+00	0.00e+00	0.00e+00	0.00e+00	0.00e+00	8.89e-01	4.36e-02	3.52e-02
 9.79500e+16	9.69e-01	3.07e-02	7.82e-07	0.00e+00	0.00e+00	0.00e+00	0.00e+00	0.00e+00	0.00e+00	8.91e-01	4.33e-02	3.49e-02
 9.79886e+16	9.70e-01	2.95e-02	7.03e-07	0.00e+00	0.00e+00	0.00e+00	0.00e+00	0.00e+00	0.00e+00	8.93e-01	4.31e-02	3.47e-02
 9.80278e+16	9.72e-01	2.83e-02	6.30e-07	0.00e+00	0.00e+00	0.00e+00	0.00e+00	0.00e+00	0.00e+00	8.95e-01	4.28e-02	3.44e-02
 9.80665e+16	9.73e-01	2.72e-02	5.66e-07	0.00e+00	0.00e+00	0.00e+00	0.00e+00	0.00e+00	0.00e+00	8.96e-01	4.25e-02	3.42e-02
 9.81040e+16	9.74e-01	2.61e-02	5.10e-07	0.00e+00	0.00e+00	0.00e+00	0.00e+00	0.00e+00	0.00e+00	8.98e-01	4.22e-02	3.39e-02
 9.81410e+16	9.75e-01	2.50e-02	4.60e-07	0.00e+00	0.00e+00	0.00e+00	0.00e+00	0.00e+00	0.00e+00	8.99e-01	4.19e-02	3.37e-02
 9.81780e+16	9.76e-01	2.40e-02	4.15e-07	0.00e+00	0.00e+00	0.00e+00	0.00e+00	0.00e+00	0.00e+00	9.01e-01	4.17e-02	3.35e-02
 9.82140e+16	9.77e-01	2.31e-02	3.75e-07	0.00e+00	0.00e+00	0.00e+00	0.00e+00	0.00e+00	0.00e+00	9.02e-01	4.14e-02	3.33e-02
 9.82469e+16	9.78e-01	2.22e-02	3.43e-07	0.00e+00	0.00e+00	0.00e+00	0.00e+00	0.00e+00	0.00e+00	9.03e-01	4.12e-02	3.31e-02
 9.82764e+16	9.78e-01	2.15e-02	3.17e-07	0.00e+00	0.00e+00	0.00e+00	0.00e+00	0.00e+00	0.00e+00	9.05e-01	4.10e-02	3.29e-02
 9.83034e+16	9.79e-01	2.09e-02	2.95e-07	0.00e+00	0.00e+00	0.00e+00	0.00e+00	0.00e+00	0.00e+00	9.06e-01	4.08e-02	3.27e-02
 9.83285e+16	9.80e-01	2.03e-02	2.75e-07	0.00e+00	0.00e+00	0.00e+00	0.00e+00	0.00e+00	0.00e+00	9.06e-01	4.07e-02	3.26e-02
 9.83519e+16	9.80e-01	1.98e-02	2.59e-07	0.00e+00	0.00e+00	0.00e+00	0.00e+00	0.00e+00	0.00e+00	9.07e-01	4.05e-02	3.24e-02
 9.83740e+16	9.81e-01	1.93e-02	2.44e-07	0.00e+00	0.00e+00	0.00e+00	0.00e+00	0.00e+00	0.00e+00	9.08e-01	4.04e-02	3.23e-02
 9.83945e+16	9.81e-01	1.88e-02	2.30e-07	0.00e+00	0.00e+00	0.00e+00	0.00e+00	0.00e+00	0.00e+00	9.09e-01	4.02e-02	3.22e-02
 9.84132e+16	9.82e-01	1.84e-02	2.19e-07	0.00e+00	0.00e+00	0.00e+00	0.00e+00	0.00e+00	0.00e+00	9.09e-01	4.01e-02	3.21e-02
 9.84309e+16	9.82e-01	1.80e-02	2.09e-07	0.00e+00	0.00e+00	0.00e+00	0.00e+00	0.00e+00	0.00e+00	9.10e-01	4.00e-02	3.19e-02
 9.84474e+16	9.82e-01	1.77e-02	2.00e-07	0.00e+00	0.00e+00	0.00e+00	0.00e+00	0.00e+00	0.00e+00	9.11e-01	3.99e-02	3.18e-02
 9.84632e+16	9.83e-01	1.73e-02	1.91e-07	0.00e+00	0.00e+00	0.00e+00	0.00e+00	0.00e+00	0.00e+00	9.11e-01	3.97e-02	3.17e-02
 9.84781e+16	9.83e-01	1.70e-02	1.84e-07	0.00e+00	0.00e+00	0.00e+00	0.00e+00	0.00e+00	0.00e+00	9.12e-01	3.96e-02	3.16e-02
 9.84923e+16	9.83e-01	1.67e-02	1.77e-07	0.00e+00	0.00e+00	0.00e+00	0.00e+00	0.00e+00	0.00e+00	9.12e-01	3.95e-02	3.15e-02
 9.85056e+16	9.84e-01	1.64e-02	1.70e-07	0.00e+00	0.00e+00	0.00e+00	0.00e+00	0.00e+00	0.00e+00	9.13e-01	3.94e-02	3.14e-02
 9.85182e+16	9.84e-01	1.61e-02	1.65e-07	0.00e+00	0.00e+00	0.00e+00	0.00e+00	0.00e+00	0.00e+00	9.13e-01	3.93e-02	3.13e-02
 9.85304e+16	9.84e-01	1.58e-02	1.59e-07	0.00e+00	0.00e+00	0.00e+00	0.00e+00	0.00e+00	0.00e+00	9.14e-01	3.92e-02	3.13e-02
 9.85419e+16	9.84e-01	1.55e-02	1.54e-07	0.00e+00	0.00e+00	0.00e+00	0.00e+00	0.00e+00	0.00e+00	9.14e-01	3.91e-02	3.12e-02
 9.85529e+16	9.85e-01	1.53e-02	1.50e-07	0.00e+00	0.00e+00	0.00e+00	0.00e+00	0.00e+00	0.00e+00	9.15e-01	3.90e-02	3.11e-02
 9.85636e+16	9.85e-01	1.50e-02	1.45e-07	0.00e+00	0.00e+00	0.00e+00	0.00e+00	0.00e+00	0.00e+00	9.15e-01	3.89e-02	3.10e-02
 9.85738e+16	9.85e-01	1.48e-02	1.41e-07	0.00e+00	0.00e+00	0.00e+00	0.00e+00	0.00e+00	0.00e+00	9.16e-01	3.88e-02	3.09e-02
 9.85837e+16	9.85e-01	1.45e-02	1.37e-07	0.00e+00	0.00e+00	0.00e+00	0.00e+00	0.00e+00	0.00e+00	9.16e-01	3.87e-02	3.08e-02
 9.85934e+16	9.86e-01	1.43e-02	1.33e-07	0.00e+00	0.00e+00	0.00e+00	0.00e+00	0.00e+00	0.00e+00	9.16e-01	3.86e-02	3.07e-02
 9.86030e+16	9.86e-01	1.41e-02	1.30e-07	0.00e+00	0.00e+00	0.00e+00	0.00e+00	0.00e+00	0.00e+00	9.17e-01	3.85e-02	3.06e-02
 9.86124e+16	9.86e-01	1.38e-02	1.26e-07	0.00e+00	0.00e+00	0.00e+00	0.00e+00	0.00e+00	0.00e+00	9.17e-01	3.84e-02	3.05e-02
 9.86218e+16	9.86e-01	1.36e-02	1.23e-07	0.00e+00	0.00e+00	0.00e+00	0.00e+00	0.00e+00	0.00e+00	9.18e-01	3.83e-02	3.04e-02
 9.86313e+16	9.87e-01	1.34e-02	1.20e-07	0.00e+00	0.00e+00	0.00e+00	0.00e+00	0.00e+00	0.00e+00	9.18e-01	3.82e-02	3.03e-02
 9.86410e+16	9.87e-01	1.31e-02	1.16e-07	0.00e+00	0.00e+00	0.00e+00	0.00e+00	0.00e+00	0.00e+00	9.19e-01	3.81e-02	3.02e-02
 9.86512e+16	9.87e-01	1.28e-02	1.13e-07	0.00e+00	0.00e+00	0.00e+00	0.00e+00	0.00e+00	0.00e+00	9.19e-01	3.80e-02	3.01e-02
 9.86619e+16	9.87e-01	1.25e-02	1.09e-07	0.00e+00	0.00e+00	0.00e+00	0.00e+00	0.00e+00	0.00e+00	9.20e-01	3.78e-02	3.00e-02
 9.86731e+16	9.88e-01	1.22e-02	1.05e-07	0.00e+00	0.00e+00	0.00e+00	0.00e+00	0.00e+00	0.00e+00	9.20e-01	3.77e-02	2.98e-02
 9.86839e+16	9.88e-01	1.19e-02	1.02e-07	0.00e+00	0.00e+00	0.00e+00	0.00e+00	0.00e+00	0.00e+00	9.21e-01	3.75e-02	2.97e-02
 9.86938e+16	9.88e-01	1.16e-02	9.85e-08	0.00e+00	0.00e+00	0.00e+00	0.00e+00	0.00e+00	0.00e+00	9.21e-01	3.74e-02	2.95e-02
 9.87029e+16	9.89e-01	1.14e-02	9.56e-08	0.00e+00	0.00e+00	0.00e+00	0.00e+00	0.00e+00	0.00e+00	9.22e-01	3.72e-02	2.94e-02
 9.87116e+16	9.89e-01	1.11e-02	9.28e-08	0.00e+00	0.00e+00	0.00e+00	0.00e+00	0.00e+00	0.00e+00	9.23e-01	3.71e-02	2.93e-02
 9.87198e+16	9.89e-01	1.09e-02	9.03e-08	0.00e+00	0.00e+00	0.00e+00	0.00e+00	0.00e+00	0.00e+00	9.23e-01	3.70e-02	2.91e-02
 9.87273e+16	9.89e-01	1.07e-02	8.80e-08	0.00e+00	0.00e+00	0.00e+00	0.00e+00	0.00e+00	0.00e+00	9.23e-01	3.68e-02	2.90e-02
 9.87341e+16	9.90e-01	1.05e-02	8.59e-08	0.00e+00	0.00e+00	0.00e+00	0.00e+00	0.00e+00	0.00e+00	9.24e-01	3.67e-02	2.89e-02
 9.87402e+16	9.90e-01	1.03e-02	8.40e-08	0.00e+00	0.00e+00	0.00e+00	0.00e+00	0.00e+00	0.00e+00	9.24e-01	3.66e-02	2.88e-02
 9.87459e+16	9.90e-01	1.01e-02	8.24e-08	0.00e+00	0.00e+00	0.00e+00	0.00e+00	0.00e+00	0.00e+00	9.25e-01	3.65e-02	2.87e-02
 9.87510e+16	9.90e-01	1.00e-02	8.09e-08	0.00e+00	0.00e+00	0.00e+00	0.00e+00	0.00e+00	0.00e+00	9.25e-01	3.64e-02	2.86e-02
 9.87566e+16	9.90e-01	9.83e-03	7.91e-08	0.00e+00	0.00e+00	0.00e+00	0.00e+00	0.00e+00	0.00e+00	9.25e-01	3.63e-02	2.85e-02
 9.87627e+16	9.90e-01	9.67e-03	7.74e-08	0.00e+00	0.00e+00	0.00e+00	0.00e+00	0.00e+00	0.00e+00	9.26e-01	3.62e-02	2.84e-02
 9.87682e+16	9.90e-01	9.52e-03	7.58e-08	0.00e+00	0.00e+00	0.00e+00	0.00e+00	0.00e+00	0.00e+00	9.26e-01	3.60e-02	2.83e-02
 9.87732e+16	9.91e-01	9.40e-03	7.44e-08	0.00e+00	0.00e+00	0.00e+00	0.00e+00	0.00e+00	0.00e+00	9.26e-01	3.59e-02	2.82e-02
 9.87787e+16	9.91e-01	9.25e-03	7.28e-08	0.00e+00	0.00e+00	0.00e+00	0.00e+00	0.00e+00	0.00e+00	9.27e-01	3.58e-02	2.81e-02
 9.87847e+16	9.91e-01	9.09e-03	7.11e-08	0.00e+00	0.00e+00	0.00e+00	0.00e+00	0.00e+00	0.00e+00	9.27e-01	3.57e-02	2.80e-02
 9.87901e+16	9.91e-01	8.95e-03	6.96e-08	0.00e+00	0.00e+00	0.00e+00	0.00e+00	0.00e+00	0.00e+00	9.28e-01	3.55e-02	2.79e-02
 9.87950e+16	9.91e-01	8.83e-03	6.82e-08	0.00e+00	0.00e+00	0.00e+00	0.00e+00	0.00e+00	0.00e+00	9.28e-01	3.54e-02	2.78e-02
 9.88004e+16	9.91e-01	8.69e-03	6.67e-08	0.00e+00	0.00e+00	0.00e+00	0.00e+00	0.00e+00	0.00e+00	9.28e-01	3.53e-02	2.77e-02
 9.88062e+16	9.91e-01	8.54e-03	6.51e-08	0.00e+00	0.00e+00	0.00e+00	0.00e+00	0.00e+00	0.00e+00	9.29e-01	3.52e-02	2.76e-02
 9.88115e+16	9.92e-01	8.42e-03	6.37e-08	0.00e+00	0.00e+00	0.00e+00	0.00e+00	0.00e+00	0.00e+00	9.29e-01	3.51e-02	2.75e-02
 9.88163e+16	9.92e-01	8.32e-03	6.25e-08	0.00e+00	0.00e+00	0.00e+00	0.00e+00	0.00e+00	0.00e+00	9.29e-01	3.50e-02	2.74e-02
 9.88216e+16	9.92e-01	8.22e-03	6.12e-08	0.00e+00	0.00e+00	0.00e+00	0.00e+00	0.00e+00	0.00e+00	9.30e-01	3.49e-02	2.73e-02
 9.88284e+16	9.92e-01	8.08e-03	5.96e-08	0.00e+00	0.00e+00	0.00e+00	0.00e+00	0.00e+00	0.00e+00	9.30e-01	3.48e-02	2.72e-02
 9.88358e+16	9.92e-01	7.94e-03	5.78e-08	0.00e+00	0.00e+00	0.00e+00	0.00e+00	0.00e+00	0.00e+00	9.30e-01	3.46e-02	2.71e-02
 9.88426e+16	9.92e-01	7.81e-03	5.63e-08	0.00e+00	0.00e+00	0.00e+00	0.00e+00	0.00e+00	0.00e+00	9.31e-01	3.45e-02	2.70e-02
 9.88487e+16	9.92e-01	7.69e-03	5.49e-08	0.00e+00	0.00e+00	0.00e+00	0.00e+00	0.00e+00	0.00e+00	9.31e-01	3.44e-02	2.69e-02
 9.88554e+16	9.92e-01	7.57e-03	5.34e-08	0.00e+00	0.00e+00	0.00e+00	0.00e+00	0.00e+00	0.00e+00	9.31e-01	3.43e-02	2.68e-02
 9.88627e+16	9.93e-01	7.43e-03	5.18e-08	0.00e+00	0.00e+00	0.00e+00	0.00e+00	0.00e+00	0.00e+00	9.32e-01	3.41e-02	2.66e-02
 9.88693e+16	9.93e-01	7.32e-03	5.04e-08	0.00e+00	0.00e+00	0.00e+00	0.00e+00	0.00e+00	0.00e+00	9.32e-01	3.40e-02	2.65e-02
 9.88765e+16	9.93e-01	7.18e-03	4.88e-08	0.00e+00	0.00e+00	0.00e+00	0.00e+00	0.00e+00	0.00e+00	9.33e-01	3.39e-02	2.64e-02
###########################
 2.61765e+12	6.10e-07	1.03e-03	2.20e-01	7.42e-01	3.67e-02	1.04e-06	0.00e+00	0.00e+00	0.00e+00	4.53e-07	1.01e-07	5.54e-08
 1.57059e+13	6.09e-07	1.03e-03	2.20e-01	7.42e-01	3.67e-02	1.04e-06	0.00e+00	0.00e+00	0.00e+00	4.52e-07	1.01e-07	5.53e-08
 6.80589e+13	6.10e-07	1.03e-03	2.21e-01	7.41e-01	3.65e-02	1.03e-06	0.00e+00	0.00e+00	0.00e+00	4.53e-07	1.01e-07	5.54e-08
 2.77471e+14	6.15e-07	1.05e-03	2.25e-01	7.38e-01	3.57e-02	9.98e-07	0.00e+00	0.00e+00	0.00e+00	4.57e-07	1.02e-07	5.59e-08
 6.62789e+14	6.00e-07	1.05e-03	2.30e-01	7.34e-01	3.44e-02	9.53e-07	0.00e+00	0.00e+00	0.00e+00	4.46e-07	9.93e-08	5.45e-08
 1.16370e+15	6.01e-07	1.07e-03	2.38e-01	7.28e-01	3.28e-02	8.94e-07	0.00e+00	0.00e+00	0.00e+00	4.46e-07	9.95e-08	5.47e-08
 1.81489e+15	6.12e-07	1.11e-03	2.49e-01	7.19e-01	3.09e-02	8.20e-07	0.00e+00	0.00e+00	0.00e+00	4.54e-07	1.01e-07	5.57e-08
 2.66143e+15	6.36e-07	1.17e-03	2.64e-01	7.06e-01	2.84e-02	7.31e-07	0.00e+00	0.00e+00	0.00e+00	4.72e-07	1.05e-07	5.80e-08
 3.76194e+15	6.81e-07	1.27e-03	2.86e-01	6.87e-01	2.53e-02	6.24e-07	0.00e+00	0.00e+00	0.00e+00	5.06e-07	1.13e-07	6.21e-08
 5.19260e+15	7.62e-07	1.42e-03	3.19e-01	6.58e-01	2.16e-02	5.02e-07	0.00e+00	0.00e+00	0.00e+00	5.66e-07	1.26e-07	6.97e-08
 7.05246e+15	9.13e-07	1.68e-03	3.69e-01	6.12e-01	1.71e-02	3.66e-07	0.00e+00	0.00e+00	0.00e+00	6.78e-07	1.51e-07	8.35e-08
 8.93320e+15	1.09e-06	2.00e-03	4.29e-01	5.56e-01	1.31e-02	2.57e-07	0.00e+00	0.00e+00	0.00e+00	8.07e-07	1.79e-07	9.96e-08
 1.04019e+16	1.29e-06	2.33e-03	4.88e-01	5.00e-01	1.01e-02	1.85e-07	0.00e+00	0.00e+00	0.00e+00	9.56e-07	2.13e-07	1.18e-07
 1.15792e+16	1.51e-06	2.67e-03	5.42e-01	4.47e-01	7.91e-03	1.36e-07	0.00e+00	0.00e+00	0.00e+00	1.12e-06	2.49e-07	1.38e-07
 1.26237e+16	1.76e-06	3.03e-03	5.96e-01	3.95e-01	6.12e-03	0.00e+00	0.00e+00	0.00e+00	0.00e+00	1.30e-06	2.90e-07	1.61e-07
 1.36268e+16	2.06e-06	3.44e-03	6.52e-01	3.40e-01	4.57e-03	0.00e+00	0.00e+00	0.00e+00	0.00e+00	1.53e-06	3.40e-07	1.90e-07
 1.46008e+16	2.41e-06	3.89e-03	7.09e-01	2.84e-01	3.27e-03	0.00e+00	0.00e+00	0.00e+00	0.00e+00	1.79e-06	3.98e-07	2.22e-07
 1.55376e+16	2.81e-06	4.37e-03	7.63e-01	2.30e-01	2.24e-03	0.00e+00	0.00e+00	0.00e+00	0.00e+00	2.09e-06	4.63e-07	2.59e-07
 1.64569e+16	3.26e-06	4.87e-03	8.14e-01	1.80e-01	1.45e-03	0.00e+00	0.00e+00	0.00e+00	0.00e+00	2.43e-06	5.36e-07	3.00e-07
 1.72933e+16	3.70e-06	5.32e-03	8.55e-01	1.38e-01	9.29e-04	0.00e+00	0.00e+00	0.00e+00	0.00e+00	2.75e-06	6.06e-07	3.40e-07
 1.80412e+16	4.14e-06	5.73e-03	8.88e-01	1.06e-01	5.92e-04	0.00e+00	0.00e+00	0.00e+00	0.00e+00	3.08e-06	6.76e-07	3.80e-07
 1.88948e+16	4.66e-06	6.18e-03	9.17e-01	7.61e-02	3.37e-04	0.00e+00	0.00e+00	0.00e+00	0.00e+00	3.47e-06	7.60e-07	4.29e-07
 2.00044e+16	5.32e-06	6.69e-03	9.45e-01	4.81e-02	1.55e-04	0.00e+00	0.00e+00	0.00e+00	0.00e+00	3.96e-06	8.65e-07	4.89e-07
 2.14469e+16	6.16e-06	7.24e-03	9.67e-01	2.58e-02	5.34e-05	0.00e+00	0.00e+00	0.00e+00	0.00e+00	4.59e-06	9.99e-07	5.66e-07
 2.33222e+16	7.19e-06	7.82e-03	9.81e-01	1.16e-02	1.32e-05	0.00e+00	0.00e+00	0.00e+00	0.00e+00	5.36e-06	1.16e-06	6.60e-07
 2.56012e+16	8.46e-06	8.42e-03	9.87e-01	4.59e-03	2.54e-06	0.00e+00	0.00e+00	0.00e+00	0.00e+00	6.31e-06	1.37e-06	7.77e-07
 2.81613e+16	1.01e-05	9.08e-03	9.89e-01	1.75e-03	4.36e-07	0.00e+00	0.00e+00	0.00e+00	0.00e+00	7.51e-06	1.63e-06	9.25e-07
 3.09774e+16	1.22e-05	9.84e-03	9.89e-01	6.68e-04	0.00e+00	0.00e+00	0.00e+00	0.00e+00	0.00e+00	9.09e-06	1.98e-06	1.12e-06
 3.40752e+16	1.52e-05	1.08e-02	9.89e-01	2.68e-04	0.00e+00	0.00e+00	0.00e+00	0.00e+00	0.00e+00	1.13e-05	2.46e-06	1.39e-06
 3.74827e+16	1.94e-05	1.20e-02	9.88e-01	1.24e-04	0.00e+00	0.00e+00	0.00e+00	0.00e+00	0.00e+00	1.45e-05	3.16e-06	1.79e-06
 4.12310e+16	2.60e-05	1.35e-02	9.86e-01	7.21e-05	0.00e+00	0.00e+00	0.00e+00	0.00e+00	0.00e+00	1.94e-05	4.25e-06	2.39e-06
 4.53541e+16	3.67e-05	1.57e-02	9.84e-01	5.11e-05	0.00e+00	0.00e+00	0.00e+00	0.00e+00	0.00e+00	2.73e-05	6.02e-06	3.38e-06
 4.94380e+16	5.32e-05	1.85e-02	9.81e-01	4.09e-05	0.00e+00	0.00e+00	0.00e+00	0.00e+00	0.00e+00	3.96e-05	8.75e-06	4.90e-06
 5.20118e+16	6.92e-05	2.09e-02	9.79e-01	3.64e-05	0.00e+00	0.00e+00	0.00e+00	0.00e+00	0.00e+00	5.15e-05	1.14e-05	6.37e-06
 5.30027e+16	7.68e-05	2.19e-02	9.78e-01	3.47e-05	0.00e+00	0.00e+00	0.00e+00	0.00e+00	0.00e+00	5.71e-05	1.26e-05	7.06e-06
 5.37878e+16	8.33e-05	2.27e-02	9.77e-01	3.35e-05	0.00e+00	0.00e+00	0.00e+00	0.00e+00	0.00e+00	6.20e-05	1.37e-05	7.66e-06
 5.48085e+16	9.29e-05	2.39e-02	9.76e-01	3.19e-05	0.00e+00	0.00e+00	0.00e+00	0.00e+00	0.00e+00	6.91e-05	1.53e-05	8.54e-06
 5.61353e+16	1.07e-04	2.56e-02	9.74e-01	3.01e-05	0.00e+00	0.00e+00	0.00e+00	0.00e+00	0.00e+00	7.97e-05	1.76e-05	9.84e-06
 5.78601e+16	1.30e-04	2.81e-02	9.72e-01	2.77e-05	0.00e+00	0.00e+00	0.00e+00	0.00e+00	0.00e+00	9.68e-05	2.14e-05	1.20e-05
 5.95589e+16	1.59e-04	3.09e-02	9.69e-01	2.55e-05	0.00e+00	0.00e+00	0.00e+00	0.00e+00	0.00e+00	1.18e-04	2.62e-05	1.46e-05
 6.08092e+16	1.86e-04	3.34e-02	9.66e-01	2.39e-05	0.00e+00	0.00e+00	0.00e+00	0.00e+00	0.00e+00	1.38e-04	3.05e-05	1.70e-05
 6.18540e+16	2.12e-04	3.56e-02	9.64e-01	2.26e-05	0.00e+00	0.00e+00	0.00e+00	0.00e+00	0.00e+00	1.57e-04	3.48e-05	1.94e-05
 6.30465e+16	2.47e-04	3.84e-02	9.61e-01	2.11e-05	0.00e+00	0.00e+00	0.00e+00	0.00e+00	0.00e+00	1.84e-04	4.06e-05	2.26e-05
 6.43887e+16	2.96e-04	4.21e-02	9.58e-01	1.95e-05	0.00e+00	0.00e+00	0.00e+00	0.00e+00	0.00e+00	2.20e-04	4.86e-05	2.70e-05
 6.56294e+16	3.51e-04	4.60e-02	9.54e-01	1.80e-05	0.00e+00	0.00e+00	0.00e+00	0.00e+00	0.00e+00	2.61e-04	5.78e-05	3.21e-05
 6.67154e+16	4.11e-04	4.98e-02	9.50e-01	1.67e-05	0.00e+00	0.00e+00	0.00e+00	0.00e+00	0.00e+00	3.06e-04	6.76e-05	3.76e-05
 6.78967e+16	4.90e-04	5.45e-02	9.45e-01	1.54e-05	0.00e+00	0.00e+00	0.00e+00	0.00e+00	0.00e+00	3.64e-04	8.04e-05	4.47e-05
 6.91752e+16	5.96e-04	6.04e-02	9.39e-01	1.41e-05	0.00e+00	0.00e+00	0.00e+00	0.00e+00	0.00e+00	4.44e-04	9.80e-05	5.44e-05
 7.02808e+16	7.13e-04	6.63e-02	9.33e-01	1.29e-05	0.00e+00	0.00e+00	0.00e+00	0.00e+00	0.00e+00	5.31e-04	1.17e-04	6.51e-05
 7.12327e+16	8.35e-04	7.21e-02	9.27e-01	1.19e-05	0.00e+00	0.00e+00	0.00e+00	0.00e+00	0.00e+00	6.22e-04	1.37e-04	7.61e-05
 7.22841e+16	1.00e-03	7.93e-02	9.20e-01	1.08e-05	0.00e+00	0.00e+00	0.00e+00	0.00e+00	0.00e+00	7.46e-04	1.65e-04	9.13e-05
 7.34369e+16	1.23e-03	8.86e-02	9.10e-01	9.70e-06	0.00e+00	0.00e+00	0.00e+00	0.00e+00	0.00e+00	9.19e-04	2.03e-04	1.12e-04
 7.44570e+16	1.50e-03	9.81e-02	9.00e-01	8.73e-06	0.00e+00	0.00e+00	0.00e+00	0.00e+00	0.00e+00	1.11e-03	2.46e-04	1.36e-04
 7.53418e+16	1.78e-03	1.08e-01	8.91e-01	7.94e-06	0.00e+00	0.00e+00	0.00e+00	0.00e+00	0.00e+00	1.32e-03	2.92e-04	1.62e-04
 7.63152e+16	2.16e-03	1.19e-01	8.78e-01	7.09e-06	0.00e+00	0.00e+00	0.00e+00	0.00e+00	0.00e+00	1.61e-03	3.55e-04	1.96e-04
 7.73652e+16	2.70e-03	1.34e-01	8.63e-01	6.21e-06	0.00e+00	0.00e+00	0.00e+00	0.00e+00	0.00e+00	2.01e-03	4.43e-04	2.45e-04
 7.82660e+16	3.30e-03	1.50e-01	8.47e-01	5.46e-06	0.00e+00	0.00e+00	0.00e+00	0.00e+00	0.00e+00	2.46e-03	5.41e-04	3.00e-04
 7.90266e+16	3.93e-03	1.64e-01	8.32e-01	4.89e-06	0.00e+00	0.00e+00	0.00e+00	0.00e+00	0.00e+00	2.93e-03	6.44e-04	3.57e-04
 7.98536e+16	4.79e-03	1.83e-01	8.13e-01	4.29e-06	0.00e+00	0.00e+00	0.00e+00	0.00e+00	0.00e+00	3.57e-03	7.85e-04	4.35e-04
 8.07487e+16	6.00e-03	2.05e-01	7.89e-01	3.66e-06	0.00e+00	0.00e+00	0.00e+00	0.00e+00	0.00e+00	4.47e-03	9.81e-04	5.43e-04
 8.15166e+16	7.33e-03	2.28e-01	7.64e-01	3.16e-06	0.00e+00	0.00e+00	0.00e+00	0.00e+00	0.00e+00	5.47e-03	1.20e-03	6.64e-04
 8.21621e+16	8.73e-03	2.50e-01	7.41e-01	2.77e-06	0.00e+00	0.00e+00	0.00e+00	0.00e+00	0.00e+00	6.51e-03	1.43e-03	7.90e-04
 8.28640e+16	1.06e-02	2.76e-01	7.13e-01	2.36e-06	0.00e+00	0.00e+00	0.00e+00	0.00e+00	0.00e+00	7.92e-03	1.73e-03	9.60e-04
 8.36284e+16	1.33e-02	3.09e-01	6.78e-01	1.94e-06	0.00e+00	0.00e+00	0.00e+00	0.00e+00	0.00e+00	9.90e-03	2.16e-03	1.20e-03
 8.42899e+16	1.63e-02	3.41e-01	6.43e-01	1.61e-06	0.00e+00	0.00e+00	0.00e+00	0.00e+00	0.00e+00	1.21e-02	2.64e-03	1.47e-03
 8.48453e+16	1.93e-02	3.71e-01	6.10e-01	1.36e-06	0.00e+00	0.00e+00	0.00e+00	0.00e+00	0.00e+00	1.45e-02	3.14e-03	1.75e-03
 8.54468e+16	2.34e-02	4.05e-01	5.71e-01	1.11e-06	0.00e+00	0.00e+00	0.00e+00	0.00e+00	0.00e+00	1.75e-02	3.80e-03	2.11e-03
 8.61079e+16	2.93e-02	4.47e-01	5.23e-01	8.63e-07	0.00e+00	0.00e+00	0.00e+00	0.00e+00	0.00e+00	2.19e-02	4.73e-03	2.64e-03
 8.66875e+16	3.58e-02	4.87e-01	4.77e-01	6.72e-07	0.00e+00	0.00e+00	0.00e+00	0.00e+00	0.00e+00	2.68e-02	5.78e-03	3.22e-03
 8.71768e+16	4.26e-02	5.22e-01	4.35e-01	5.31e-07	0.00e+00	0.00e+00	0.00e+00	0.00e+00	0.00e+00	3.19e-02	6.85e-03	3.83e-03
 8.77077e+16	5.16e-02	5.61e-01	3.88e-01	4.00e-07	0.00e+00	0.00e+00	0.00e+00	0.00e+00	0.00e+00	3.87e-02	8.27e-03	4.63e-03
 8.82321e+16	6.28e-02	5.99e-01	3.38e-01	2.91e-07	0.00e+00	0.00e+00	0.00e+00	0.00e+00	0.00e+00	4.71e-02	1.00e-02	5.63e-03
 8.86129e+16	7.24e-02	6.26e-01	3.02e-01	2.25e-07	0.00e+00	0.00e+00	0.00e+00	0.00e+00	0.00e+00	5.43e-02	1.15e-02	6.48e-03
 8.89172e+16	8.10e-02	6.46e-01	2.73e-01	1.80e-07	0.00e+00	0.00e+00	0.00e+00	0.00e+00	0.00e+00	6.09e-02	1.29e-02	7.25e-03
 8.92572e+16	9.24e-02	6.67e-01	2.41e-01	1.38e-07	0.00e+00	0.00e+00	0.00e+00	0.00e+00	0.00e+00	6.95e-02	1.46e-02	8.25e-03
 8.96299e+16	1.07e-01	6.87e-01	2.07e-01	0.00e+00	0.00e+00	0.00e+00	0.00e+00	0.00e+00	0.00e+00	8.06e-02	1.68e-02	9.53e-03
 8.99558e+16	1.21e-01	7.01e-01	1.78e-01	0.00e+00	0.00e+00	0.00e+00	0.00e+00	0.00e+00	0.00e+00	9.13e-02	1.89e-02	1.08e-02
 9.02352e+16	1.35e-01	7.10e-01	1.54e-01	0.00e+00	0.00e+00	0.00e+00	0.00e+00	0.00e+00	0.00e+00	1.02e-01	2.10e-02	1.20e-02
 9.05004e+16	1.50e-01	7.16e-01	1.33e-01	0.00e+00	0.00e+00	0.00e+00	0.00e+00	0.00e+00	0.00e+00	1.14e-01	2.32e-02	1.33e-02
 9.08019e+16	1.69e-01	7.20e-01	1.12e-01	0.00e+00	0.00e+00	0.00e+00	0.00e+00	0.00e+00	0.00e+00	1.28e-01	2.59e-02	1.49e-02
 9.11211e+16	1.92e-01	7.18e-01	9.03e-02	0.00e+00	0.00e+00	0.00e+00	0.00e+00	0.00e+00	0.00e+00	1.46e-01	2.91e-02	1.68e-02
 9.13826e+16	2.13e-01	7.12e-01	7.46e-02	0.00e+00	0.00e+00	0.00e+00	0.00e+00	0.00e+00	0.00e+00	1.62e-01	3.20e-02	1.86e-02
 9.15957e+16	2.31e-01	7.06e-01	6.33e-02	0.00e+00	0.00e+00	0.00e+00	0.00e+00	0.00e+00	0.00e+00	1.76e-01	3.45e-02	2.02e-02
 9.18265e+16	2.53e-01	6.95e-01	5.24e-02	0.00e+00	0.00e+00	0.00e+00	0.00e+00	0.00e+00	0.00e+00	1.93e-01	3.73e-02	2.19e-02
 9.20861e+16	2.80e-01	6.79e-01	4.16e-02	0.00e+00	0.00e+00	0.00e+00	0.00e+00	0.00e+00	0.00e+00	2.15e-01	4.08e-02	2.42e-02
 9.23228e+16	3.07e-01	6.59e-01	3.30e-02	0.00e+00	0.00e+00	0.00e+00	0.00e+00	0.00e+00	0.00e+00	2.37e-01	4.42e-02	2.64e-02
 9.25243e+16	3.31e-01	6.42e-01	2.70e-02	0.00e+00	0.00e+00	0.00e+00	0.00e+00	0.00e+00	0.00e+00	2.56e-01	4.70e-02	2.82e-02
 9.27405e+16	3.60e-01	6.19e-01	2.13e-02	0.00e+00	0.00e+00	0.00e+00	0.00e+00	0.00e+00	0.00e+00	2.79e-01	5.02e-02	3.04e-02
 9.29776e+16	3.93e-01	5.91e-01	1.62e-02	0.00e+00	0.00e+00	0.00e+00	0.00e+00	0.00e+00	0.00e+00	3.06e-01	5.37e-02	3.29e-02
 9.31904e+16	4.25e-01	5.63e-01	1.25e-02	0.00e+00	0.00e+00	0.00e+00	0.00e+00	0.00e+00	0.00e+00	3.33e-01	5.68e-02	3.51e-02
 9.33786e+16	4.53e-01	5.37e-01	9.78e-03	0.00e+00	0.00e+00	0.00e+00	0.00e+00	0.00e+00	0.00e+00	3.57e-01	5.94e-02	3.71e-02
 9.35571e+16	4.82e-01	5.10e-01	7.66e-03	0.00e+00	0.00e+00	0.00e+00	0.00e+00	0.00e+00	0.00e+00	3.81e-01	6.19e-02	3.90e-02
 9.37320e+16	5.10e-01	4.84e-01	5.98e-03	0.00e+00	0.00e+00	0.00e+00	0.00e+00	0.00e+00	0.00e+00	4.06e-01	6.40e-02	4.08e-02
 9.38912e+16	5.38e-01	4.58e-01	4.72e-03	0.00e+00	0.00e+00	0.00e+00	0.00e+00	0.00e+00	0.00e+00	4.29e-01	6.58e-02	4.24e-02
 9.40304e+16	5.60e-01	4.36e-01	3.82e-03	0.00e+00	0.00e+00	0.00e+00	0.00e+00	0.00e+00	0.00e+00	4.49e-01	6.72e-02	4.37e-02
 9.41581e+16	5.82e-01	4.15e-01	3.12e-03	0.00e+00	0.00e+00	0.00e+00	0.00e+00	0.00e+00	0.00e+00	4.68e-01	6.83e-02	4.48e-02
 9.42569e+16	5.98e-01	3.99e-01	2.67e-03	0.00e+00	0.00e+00	0.00e+00	0.00e+00	0.00e+00	0.00e+00	4.83e-01	6.90e-02	4.56e-02
 9.43238e+16	6.08e-01	3.90e-01	2.41e-03	0.00e+00	0.00e+00	0.00e+00	0.00e+00	0.00e+00	0.00e+00	4.92e-01	6.94e-02	4.60e-02
 9.43893e+16	6.18e-01	3.80e-01	2.16e-03	0.00e+00	0.00e+00	0.00e+00	0.00e+00	0.00e+00	0.00e+00	5.02e-01	6.97e-02	4.65e-02
 9.44689e+16	6.32e-01	3.67e-01	1.88e-03	0.00e+00	0.00e+00	0.00e+00	0.00e+00	0.00e+00	0.00e+00	5.14e-01	7.01e-02	4.70e-02
