#depth	H	H+	H2
 2.56336e+11	1.13e-03	9.99e-01	1.82e-13
 1.53801e+12	1.13e-03	9.99e-01	1.82e-13
 6.66473e+12	1.13e-03	9.99e-01	1.82e-13
 2.71716e+13	1.13e-03	9.99e-01	1.83e-13
 6.49042e+13	1.12e-03	9.99e-01	1.83e-13
 1.13957e+14	1.12e-03	9.99e-01	1.84e-13
 1.77725e+14	1.11e-03	9.99e-01	1.86e-13
 2.60623e+14	1.11e-03	9.99e-01	1.89e-13
 3.68392e+14	1.11e-03	9.99e-01	1.93e-13
 5.08490e+14	1.12e-03	9.99e-01	1.99e-13
 6.90618e+14	1.13e-03	9.99e-01	2.07e-13
 9.27385e+14	1.14e-03	9.99e-01	2.18e-13
 1.23518e+15	1.17e-03	9.99e-01	2.35e-13
 1.63532e+15	1.22e-03	9.99e-01	2.58e-13
 2.15549e+15	1.29e-03	9.99e-01	2.92e-13
 2.83172e+15	1.41e-03	9.99e-01	3.40e-13
 3.50901e+15	1.52e-03	9.98e-01	3.95e-13
 4.05395e+15	1.64e-03	9.98e-01	4.46e-13
 4.54673e+15	1.76e-03	9.98e-01	4.95e-13
 5.10546e+15	1.93e-03	9.98e-01	5.53e-13
 5.67511e+15	2.11e-03	9.98e-01	6.21e-13
 6.14022e+15	2.28e-03	9.98e-01	6.81e-13
 6.56113e+15	2.45e-03	9.98e-01	7.35e-13
 7.04332e+15	2.68e-03	9.97e-01	7.94e-13
 7.54869e+15	2.93e-03	9.97e-01	8.69e-13
 7.97510e+15	3.18e-03	9.97e-01	9.37e-13
 8.35656e+15	3.42e-03	9.97e-01	9.94e-13
 8.78870e+15	3.73e-03	9.96e-01	1.05e-12
 9.24577e+15	4.11e-03	9.96e-01	1.13e-12
 9.63483e+15	4.47e-03	9.96e-01	1.21e-12
 9.97960e+15	4.83e-03	9.95e-01	1.28e-12
 1.03672e+16	5.29e-03	9.95e-01	1.34e-12
 1.07811e+16	5.85e-03	9.94e-01	1.43e-12
 1.11355e+16	6.41e-03	9.94e-01	1.52e-12
 1.14443e+16	6.97e-03	9.93e-01	1.60e-12
 1.17874e+16	7.68e-03	9.92e-01	1.67e-12
 1.21554e+16	8.58e-03	9.91e-01	1.79e-12
 1.24710e+16	9.51e-03	9.90e-01	1.92e-12
 1.27402e+16	1.04e-02	9.90e-01	2.04e-12
 1.30337e+16	1.16e-02	9.88e-01	2.16e-12
 1.33457e+16	1.31e-02	9.87e-01	2.35e-12
 1.36064e+16	1.47e-02	9.85e-01	2.56e-12
 1.38211e+16	1.63e-02	9.84e-01	2.76e-12
 1.40518e+16	1.83e-02	9.82e-01	2.99e-12
 1.43016e+16	2.09e-02	9.79e-01	3.33e-12
 1.45153e+16	2.39e-02	9.76e-01	3.72e-12
 1.46918e+16	2.69e-02	9.73e-01	4.13e-12
 1.48812e+16	3.09e-02	9.69e-01	4.65e-12
 1.50828e+16	3.65e-02	9.64e-01	5.41e-12
 1.52500e+16	4.26e-02	9.57e-01	6.28e-12
 1.53858e+16	4.90e-02	9.51e-01	7.18e-12
 1.55313e+16	5.78e-02	9.42e-01	8.44e-12
 1.56859e+16	7.06e-02	9.29e-01	1.04e-11
 1.58127e+16	8.52e-02	9.15e-01	1.27e-11
 1.58981e+16	9.81e-02	9.02e-01	1.48e-11
 1.59531e+16	1.08e-01	8.92e-01	1.65e-11
 1.60084e+16	1.20e-01	8.80e-01	1.84e-11
 1.60803e+16	1.38e-01	8.62e-01	2.15e-11
 1.61503e+16	1.60e-01	8.40e-01	2.56e-11
 1.61997e+16	1.78e-01	8.22e-01	2.92e-11
 1.62377e+16	1.94e-01	8.06e-01	3.23e-11
 1.62788e+16	2.14e-01	7.86e-01	3.65e-11
 1.63242e+16	2.39e-01	7.61e-01	4.19e-11
 1.63646e+16	2.64e-01	7.36e-01	4.75e-11
 1.63992e+16	2.86e-01	7.14e-01	5.30e-11
 1.64359e+16	3.13e-01	6.87e-01	6.01e-11
 1.64743e+16	3.44e-01	6.56e-01	6.84e-11
 1.65073e+16	3.72e-01	6.28e-01	7.70e-11
 1.65359e+16	3.97e-01	6.03e-01	8.50e-11
 1.65632e+16	4.23e-01	5.77e-01	9.39e-11
 1.65908e+16	4.49e-01	5.51e-01	1.04e-10
 1.66182e+16	4.76e-01	5.24e-01	1.14e-10
 1.66424e+16	4.99e-01	5.01e-01	1.25e-10
 1.66637e+16	5.20e-01	4.80e-01	1.35e-10
 1.66845e+16	5.41e-01	4.59e-01	1.46e-10
 1.67014e+16	5.57e-01	4.43e-01	1.55e-10
 1.67131e+16	5.68e-01	4.32e-01	1.61e-10
 1.67242e+16	5.79e-01	4.21e-01	1.68e-10
 1.67370e+16	5.91e-01	4.09e-01	1.76e-10
 1.67507e+16	6.05e-01	3.95e-01	1.85e-10
 1.67641e+16	6.17e-01	3.83e-01	1.94e-10
 1.67768e+16	6.29e-01	3.71e-01	2.03e-10
 1.67894e+16	6.40e-01	3.60e-01	2.12e-10
 1.68022e+16	6.52e-01	3.48e-01	2.23e-10
 1.68152e+16	6.64e-01	3.36e-01	2.34e-10
 1.68279e+16	6.75e-01	3.25e-01	2.45e-10
 1.68404e+16	6.86e-01	3.14e-01	2.56e-10
 1.68532e+16	6.98e-01	3.02e-01	2.69e-10
 1.68659e+16	7.08e-01	2.92e-01	2.81e-10
 1.68786e+16	7.19e-01	2.81e-01	2.96e-10
 1.68913e+16	7.29e-01	2.71e-01	3.08e-10
 1.69039e+16	7.39e-01	2.61e-01	3.24e-10
 1.69168e+16	7.49e-01	2.51e-01	3.40e-10
 1.69293e+16	7.58e-01	2.42e-01	3.56e-10
 1.69418e+16	7.67e-01	2.33e-01	3.72e-10
 1.69545e+16	7.77e-01	2.23e-01	3.92e-10
 1.69672e+16	7.85e-01	2.15e-01	4.09e-10
 1.69798e+16	7.94e-01	2.06e-01	4.30e-10
 1.69925e+16	8.02e-01	1.98e-01	4.52e-10
 1.70051e+16	8.10e-01	1.90e-01	4.74e-10
 1.70176e+16	8.18e-01	1.82e-01	4.96e-10
 1.70302e+16	8.26e-01	1.74e-01	5.23e-10
 1.70428e+16	8.33e-01	1.67e-01	5.47e-10
 1.70551e+16	8.39e-01	1.61e-01	5.75e-10
 1.70673e+16	8.46e-01	1.54e-01	6.04e-10
 1.70796e+16	8.52e-01	1.48e-01	6.34e-10
 1.70920e+16	8.59e-01	1.41e-01	6.67e-10
 1.71041e+16	8.64e-01	1.36e-01	7.00e-10
 1.71159e+16	8.70e-01	1.30e-01	7.35e-10
 1.71276e+16	8.75e-01	1.25e-01	7.72e-10
 1.71393e+16	8.80e-01	1.20e-01	8.10e-10
 1.71510e+16	8.85e-01	1.15e-01	8.51e-10
 1.71625e+16	8.90e-01	1.10e-01	8.93e-10
 1.71740e+16	8.94e-01	1.06e-01	9.38e-10
 1.71853e+16	8.98e-01	1.02e-01	9.85e-10
 1.71967e+16	9.02e-01	9.77e-02	1.03e-09
 1.72079e+16	9.06e-01	9.38e-02	1.09e-09
 1.72190e+16	9.10e-01	9.01e-02	1.15e-09
 1.72299e+16	9.13e-01	8.65e-02	1.21e-09
 1.72408e+16	9.17e-01	8.33e-02	1.26e-09
 1.72518e+16	9.20e-01	8.00e-02	1.33e-09
 1.72629e+16	9.23e-01	7.68e-02	1.40e-09
 1.72737e+16	9.26e-01	7.38e-02	1.48e-09
 1.72842e+16	9.29e-01	7.10e-02	1.55e-09
 1.72950e+16	9.32e-01	6.83e-02	1.65e-09
 1.73058e+16	9.34e-01	6.55e-02	1.74e-09
 1.73162e+16	9.37e-01	6.30e-02	1.84e-09
 1.73266e+16	9.39e-01	6.08e-02	1.93e-09
 1.73372e+16	9.42e-01	5.84e-02	2.04e-09
 1.73477e+16	9.44e-01	5.61e-02	2.17e-09
 1.73581e+16	9.46e-01	5.39e-02	2.30e-09
 1.73684e+16	9.48e-01	5.20e-02	2.41e-09
 1.73787e+16	9.50e-01	5.00e-02	2.57e-09
 1.73890e+16	9.52e-01	4.81e-02	2.73e-09
 1.73992e+16	9.54e-01	4.62e-02	2.91e-09
 1.74093e+16	9.56e-01	4.45e-02	3.07e-09
 1.74195e+16	9.57e-01	4.28e-02	3.28e-09
 1.74297e+16	9.59e-01	4.11e-02	3.52e-09
 1.74395e+16	9.60e-01	3.96e-02	3.76e-09
 1.74493e+16	9.62e-01	3.80e-02	4.02e-09
 1.74596e+16	9.63e-01	3.65e-02	4.31e-09
 1.74699e+16	9.65e-01	3.50e-02	4.62e-09
 1.74798e+16	9.66e-01	3.38e-02	4.99e-09
 1.74890e+16	9.67e-01	3.25e-02	5.36e-09
 1.74981e+16	9.69e-01	3.14e-02	5.76e-09
 1.75077e+16	9.70e-01	3.02e-02	6.23e-09
 1.75176e+16	9.71e-01	2.89e-02	6.85e-09
 1.75273e+16	9.72e-01	2.78e-02	7.50e-09
 1.75364e+16	9.73e-01	2.67e-02	8.16e-09
 1.75453e+16	9.74e-01	2.57e-02	8.96e-09
 1.75545e+16	9.75e-01	2.47e-02	9.92e-09
 1.75636e+16	9.76e-01	2.37e-02	1.10e-08
 1.75725e+16	9.77e-01	2.28e-02	1.23e-08
 1.75810e+16	9.78e-01	2.19e-02	1.38e-08
 1.75891e+16	9.79e-01	2.11e-02	1.54e-08
 1.75968e+16	9.80e-01	2.03e-02	1.72e-08
 1.76042e+16	9.80e-01	1.96e-02	1.92e-08
 1.76114e+16	9.81e-01	1.89e-02	2.14e-08
 1.76182e+16	9.82e-01	1.82e-02	2.39e-08
 1.76248e+16	9.82e-01	1.76e-02	2.65e-08
 1.76313e+16	9.83e-01	1.70e-02	2.94e-08
 1.76379e+16	9.84e-01	1.64e-02	3.26e-08
 1.76445e+16	9.84e-01	1.58e-02	3.61e-08
 1.76510e+16	9.85e-01	1.52e-02	3.95e-08
 1.76569e+16	9.85e-01	1.46e-02	4.25e-08
 1.76620e+16	9.86e-01	1.42e-02	4.49e-08
 1.76667e+16	9.86e-01	1.37e-02	4.68e-08
 1.76710e+16	9.87e-01	1.34e-02	4.84e-08
 1.76751e+16	9.87e-01	1.30e-02	4.97e-08
 1.76790e+16	9.87e-01	1.27e-02	5.08e-08
 1.76826e+16	9.88e-01	1.24e-02	5.17e-08
 1.76860e+16	9.88e-01	1.21e-02	5.25e-08
 1.76892e+16	9.88e-01	1.18e-02	5.33e-08
 1.76922e+16	9.89e-01	1.15e-02	5.40e-08
 1.76950e+16	9.89e-01	1.12e-02	5.47e-08
 1.76976e+16	9.89e-01	1.10e-02	5.54e-08
 1.77000e+16	9.89e-01	1.08e-02	5.61e-08
 1.77021e+16	9.89e-01	1.06e-02	5.67e-08
 1.77041e+16	9.90e-01	1.05e-02	5.73e-08
 1.77058e+16	9.90e-01	1.03e-02	5.78e-08
 1.77075e+16	9.90e-01	1.02e-02	5.84e-08
 1.77092e+16	9.90e-01	1.00e-02	5.89e-08
 1.77115e+16	9.90e-01	9.81e-03	6.00e-08
