#depth	O	O+	O+2	O+3	O+4	O+5	O+6	O+7	O+8	O[1]	O[2]	O[3]
 2.56336e+11	3.24e-05	4.31e-02	9.57e-01	2.02e-04	0.00e+00	0.00e+00	0.00e+00	0.00e+00	0.00e+00	2.14e-05	7.72e-06	3.34e-06
 1.53801e+12	3.24e-05	4.31e-02	9.57e-01	2.01e-04	0.00e+00	0.00e+00	0.00e+00	0.00e+00	0.00e+00	2.14e-05	7.71e-06	3.34e-06
 6.66473e+12	3.24e-05	4.31e-02	9.57e-01	1.98e-04	0.00e+00	0.00e+00	0.00e+00	0.00e+00	0.00e+00	2.14e-05	7.72e-06	3.34e-06
 2.71716e+13	3.26e-05	4.32e-02	9.57e-01	1.86e-04	0.00e+00	0.00e+00	0.00e+00	0.00e+00	0.00e+00	2.15e-05	7.78e-06	3.37e-06
 6.49042e+13	3.27e-05	4.34e-02	9.56e-01	1.71e-04	0.00e+00	0.00e+00	0.00e+00	0.00e+00	0.00e+00	2.15e-05	7.79e-06	3.38e-06
 1.13957e+14	3.28e-05	4.36e-02	9.56e-01	1.52e-04	0.00e+00	0.00e+00	0.00e+00	0.00e+00	0.00e+00	2.16e-05	7.83e-06	3.39e-06
 1.77725e+14	3.31e-05	4.39e-02	9.56e-01	1.30e-04	0.00e+00	0.00e+00	0.00e+00	0.00e+00	0.00e+00	2.18e-05	7.91e-06	3.43e-06
 2.60623e+14	3.36e-05	4.44e-02	9.56e-01	1.06e-04	0.00e+00	0.00e+00	0.00e+00	0.00e+00	0.00e+00	2.21e-05	8.01e-06	3.48e-06
 3.68392e+14	3.43e-05	4.49e-02	9.55e-01	8.05e-05	0.00e+00	0.00e+00	0.00e+00	0.00e+00	0.00e+00	2.26e-05	8.18e-06	3.55e-06
 5.08490e+14	3.54e-05	4.57e-02	9.54e-01	5.64e-05	0.00e+00	0.00e+00	0.00e+00	0.00e+00	0.00e+00	2.33e-05	8.43e-06	3.66e-06
 6.90618e+14	3.69e-05	4.67e-02	9.53e-01	3.55e-05	0.00e+00	0.00e+00	0.00e+00	0.00e+00	0.00e+00	2.43e-05	8.79e-06	3.81e-06
 9.27385e+14	3.92e-05	4.81e-02	9.52e-01	1.95e-05	0.00e+00	0.00e+00	0.00e+00	0.00e+00	0.00e+00	2.58e-05	9.32e-06	4.05e-06
 1.23518e+15	4.25e-05	5.00e-02	9.50e-01	9.02e-06	0.00e+00	0.00e+00	0.00e+00	0.00e+00	0.00e+00	2.80e-05	1.01e-05	4.39e-06
 1.63532e+15	4.75e-05	5.26e-02	9.47e-01	3.42e-06	0.00e+00	0.00e+00	0.00e+00	0.00e+00	0.00e+00	3.13e-05	1.13e-05	4.90e-06
 2.15549e+15	5.53e-05	5.63e-02	9.44e-01	1.05e-06	0.00e+00	0.00e+00	0.00e+00	0.00e+00	0.00e+00	3.65e-05	1.31e-05	5.71e-06
 2.83172e+15	6.80e-05	6.15e-02	9.38e-01	2.85e-07	0.00e+00	0.00e+00	0.00e+00	0.00e+00	0.00e+00	4.49e-05	1.61e-05	7.01e-06
 3.50901e+15	8.21e-05	6.68e-02	9.33e-01	0.00e+00	0.00e+00	0.00e+00	0.00e+00	0.00e+00	0.00e+00	5.42e-05	1.94e-05	8.45e-06
 4.05395e+15	9.68e-05	7.16e-02	9.28e-01	0.00e+00	0.00e+00	0.00e+00	0.00e+00	0.00e+00	0.00e+00	6.40e-05	2.29e-05	9.97e-06
 4.54673e+15	1.13e-04	7.65e-02	9.23e-01	0.00e+00	0.00e+00	0.00e+00	0.00e+00	0.00e+00	0.00e+00	7.49e-05	2.68e-05	1.17e-05
 5.10546e+15	1.38e-04	8.28e-02	9.17e-01	0.00e+00	0.00e+00	0.00e+00	0.00e+00	0.00e+00	0.00e+00	9.09e-05	3.25e-05	1.41e-05
 5.67511e+15	1.66e-04	8.95e-02	9.10e-01	0.00e+00	0.00e+00	0.00e+00	0.00e+00	0.00e+00	0.00e+00	1.10e-04	3.91e-05	1.70e-05
 6.14022e+15	1.94e-04	9.56e-02	9.04e-01	0.00e+00	0.00e+00	0.00e+00	0.00e+00	0.00e+00	0.00e+00	1.28e-04	4.59e-05	2.00e-05
 6.56113e+15	2.26e-04	1.02e-01	8.98e-01	0.00e+00	0.00e+00	0.00e+00	0.00e+00	0.00e+00	0.00e+00	1.49e-04	5.33e-05	2.32e-05
 7.04332e+15	2.71e-04	1.10e-01	8.90e-01	0.00e+00	0.00e+00	0.00e+00	0.00e+00	0.00e+00	0.00e+00	1.79e-04	6.39e-05	2.79e-05
 7.54869e+15	3.26e-04	1.19e-01	8.81e-01	0.00e+00	0.00e+00	0.00e+00	0.00e+00	0.00e+00	0.00e+00	2.15e-04	7.71e-05	3.36e-05
 7.97510e+15	3.84e-04	1.27e-01	8.73e-01	0.00e+00	0.00e+00	0.00e+00	0.00e+00	0.00e+00	0.00e+00	2.54e-04	9.09e-05	3.96e-05
 8.35656e+15	4.47e-04	1.35e-01	8.64e-01	0.00e+00	0.00e+00	0.00e+00	0.00e+00	0.00e+00	0.00e+00	2.95e-04	1.06e-04	4.61e-05
 8.78870e+15	5.36e-04	1.46e-01	8.53e-01	0.00e+00	0.00e+00	0.00e+00	0.00e+00	0.00e+00	0.00e+00	3.53e-04	1.27e-04	5.53e-05
 9.24577e+15	6.50e-04	1.59e-01	8.41e-01	0.00e+00	0.00e+00	0.00e+00	0.00e+00	0.00e+00	0.00e+00	4.28e-04	1.54e-04	6.70e-05
 9.63483e+15	7.71e-04	1.71e-01	8.28e-01	0.00e+00	0.00e+00	0.00e+00	0.00e+00	0.00e+00	0.00e+00	5.08e-04	1.83e-04	7.95e-05
 9.97960e+15	9.04e-04	1.83e-01	8.16e-01	0.00e+00	0.00e+00	0.00e+00	0.00e+00	0.00e+00	0.00e+00	5.95e-04	2.15e-04	9.32e-05
 1.03672e+16	1.09e-03	1.99e-01	8.00e-01	0.00e+00	0.00e+00	0.00e+00	0.00e+00	0.00e+00	0.00e+00	7.17e-04	2.59e-04	1.12e-04
 1.07811e+16	1.34e-03	2.17e-01	7.81e-01	0.00e+00	0.00e+00	0.00e+00	0.00e+00	0.00e+00	0.00e+00	8.80e-04	3.19e-04	1.38e-04
 1.11355e+16	1.61e-03	2.36e-01	7.63e-01	0.00e+00	0.00e+00	0.00e+00	0.00e+00	0.00e+00	0.00e+00	1.06e-03	3.85e-04	1.66e-04
 1.14443e+16	1.90e-03	2.54e-01	7.44e-01	0.00e+00	0.00e+00	0.00e+00	0.00e+00	0.00e+00	0.00e+00	1.25e-03	4.56e-04	1.96e-04
 1.17874e+16	2.32e-03	2.77e-01	7.21e-01	0.00e+00	0.00e+00	0.00e+00	0.00e+00	0.00e+00	0.00e+00	1.52e-03	5.56e-04	2.38e-04
 1.21554e+16	2.89e-03	3.05e-01	6.92e-01	0.00e+00	0.00e+00	0.00e+00	0.00e+00	0.00e+00	0.00e+00	1.90e-03	6.93e-04	2.96e-04
 1.24710e+16	3.53e-03	3.32e-01	6.64e-01	0.00e+00	0.00e+00	0.00e+00	0.00e+00	0.00e+00	0.00e+00	2.31e-03	8.49e-04	3.62e-04
 1.27402e+16	4.23e-03	3.59e-01	6.37e-01	0.00e+00	0.00e+00	0.00e+00	0.00e+00	0.00e+00	0.00e+00	2.77e-03	1.02e-03	4.34e-04
 1.30337e+16	5.19e-03	3.92e-01	6.03e-01	0.00e+00	0.00e+00	0.00e+00	0.00e+00	0.00e+00	0.00e+00	3.40e-03	1.25e-03	5.32e-04
 1.33457e+16	6.51e-03	4.31e-01	5.63e-01	0.00e+00	0.00e+00	0.00e+00	0.00e+00	0.00e+00	0.00e+00	4.26e-03	1.57e-03	6.67e-04
 1.36064e+16	8.00e-03	4.67e-01	5.25e-01	0.00e+00	0.00e+00	0.00e+00	0.00e+00	0.00e+00	0.00e+00	5.24e-03	1.94e-03	8.19e-04
 1.38211e+16	9.54e-03	5.00e-01	4.90e-01	0.00e+00	0.00e+00	0.00e+00	0.00e+00	0.00e+00	0.00e+00	6.25e-03	2.31e-03	9.77e-04
 1.40518e+16	1.16e-02	5.39e-01	4.50e-01	0.00e+00	0.00e+00	0.00e+00	0.00e+00	0.00e+00	0.00e+00	7.61e-03	2.82e-03	1.19e-03
 1.43016e+16	1.46e-02	5.83e-01	4.02e-01	0.00e+00	0.00e+00	0.00e+00	0.00e+00	0.00e+00	0.00e+00	9.54e-03	3.54e-03	1.49e-03
 1.45153e+16	1.79e-02	6.23e-01	3.59e-01	0.00e+00	0.00e+00	0.00e+00	0.00e+00	0.00e+00	0.00e+00	1.17e-02	4.35e-03	1.83e-03
 1.46918e+16	2.15e-02	6.58e-01	3.21e-01	0.00e+00	0.00e+00	0.00e+00	0.00e+00	0.00e+00	0.00e+00	1.41e-02	5.21e-03	2.19e-03
 1.48812e+16	2.63e-02	6.95e-01	2.78e-01	0.00e+00	0.00e+00	0.00e+00	0.00e+00	0.00e+00	0.00e+00	1.73e-02	6.38e-03	2.68e-03
 1.50828e+16	3.32e-02	7.34e-01	2.33e-01	0.00e+00	0.00e+00	0.00e+00	0.00e+00	0.00e+00	0.00e+00	2.18e-02	8.04e-03	3.38e-03
 1.52500e+16	4.08e-02	7.65e-01	1.95e-01	0.00e+00	0.00e+00	0.00e+00	0.00e+00	0.00e+00	0.00e+00	2.68e-02	9.87e-03	4.15e-03
 1.53858e+16	4.88e-02	7.87e-01	1.64e-01	0.00e+00	0.00e+00	0.00e+00	0.00e+00	0.00e+00	0.00e+00	3.20e-02	1.18e-02	4.96e-03
 1.55313e+16	5.99e-02	8.08e-01	1.33e-01	0.00e+00	0.00e+00	0.00e+00	0.00e+00	0.00e+00	0.00e+00	3.93e-02	1.44e-02	6.08e-03
 1.56859e+16	7.58e-02	8.23e-01	1.01e-01	0.00e+00	0.00e+00	0.00e+00	0.00e+00	0.00e+00	0.00e+00	4.98e-02	1.82e-02	7.69e-03
 1.58127e+16	9.39e-02	8.28e-01	7.78e-02	0.00e+00	0.00e+00	0.00e+00	0.00e+00	0.00e+00	0.00e+00	6.18e-02	2.25e-02	9.52e-03
 1.58981e+16	1.10e-01	8.27e-01	6.32e-02	0.00e+00	0.00e+00	0.00e+00	0.00e+00	0.00e+00	0.00e+00	7.23e-02	2.62e-02	1.11e-02
 1.59531e+16	1.22e-01	8.24e-01	5.45e-02	0.00e+00	0.00e+00	0.00e+00	0.00e+00	0.00e+00	0.00e+00	8.05e-02	2.90e-02	1.23e-02
 1.60084e+16	1.36e-01	8.18e-01	4.64e-02	0.00e+00	0.00e+00	0.00e+00	0.00e+00	0.00e+00	0.00e+00	8.99e-02	3.23e-02	1.38e-02
 1.60803e+16	1.58e-01	8.06e-01	3.69e-02	0.00e+00	0.00e+00	0.00e+00	0.00e+00	0.00e+00	0.00e+00	1.04e-01	3.72e-02	1.59e-02
 1.61503e+16	1.83e-01	7.88e-01	2.88e-02	0.00e+00	0.00e+00	0.00e+00	0.00e+00	0.00e+00	0.00e+00	1.22e-01	4.30e-02	1.85e-02
 1.61997e+16	2.05e-01	7.71e-01	2.37e-02	0.00e+00	0.00e+00	0.00e+00	0.00e+00	0.00e+00	0.00e+00	1.37e-01	4.79e-02	2.07e-02
 1.62377e+16	2.24e-01	7.56e-01	2.02e-02	0.00e+00	0.00e+00	0.00e+00	0.00e+00	0.00e+00	0.00e+00	1.49e-01	5.20e-02	2.25e-02
 1.62788e+16	2.47e-01	7.36e-01	1.68e-02	0.00e+00	0.00e+00	0.00e+00	0.00e+00	0.00e+00	0.00e+00	1.65e-01	5.70e-02	2.48e-02
 1.63242e+16	2.75e-01	7.12e-01	1.35e-02	0.00e+00	0.00e+00	0.00e+00	0.00e+00	0.00e+00	0.00e+00	1.84e-01	6.30e-02	2.76e-02
 1.63646e+16	3.03e-01	6.86e-01	1.10e-02	0.00e+00	0.00e+00	0.00e+00	0.00e+00	0.00e+00	0.00e+00	2.03e-01	6.87e-02	3.03e-02
 1.63992e+16	3.28e-01	6.63e-01	9.10e-03	0.00e+00	0.00e+00	0.00e+00	0.00e+00	0.00e+00	0.00e+00	2.21e-01	7.39e-02	3.27e-02
 1.64359e+16	3.58e-01	6.35e-01	7.36e-03	0.00e+00	0.00e+00	0.00e+00	0.00e+00	0.00e+00	0.00e+00	2.42e-01	7.98e-02	3.56e-02
 1.64743e+16	3.90e-01	6.04e-01	5.84e-03	0.00e+00	0.00e+00	0.00e+00	0.00e+00	0.00e+00	0.00e+00	2.65e-01	8.61e-02	3.87e-02
 1.65073e+16	4.21e-01	5.75e-01	4.73e-03	0.00e+00	0.00e+00	0.00e+00	0.00e+00	0.00e+00	0.00e+00	2.87e-01	9.17e-02	4.16e-02
 1.65359e+16	4.47e-01	5.49e-01	3.92e-03	0.00e+00	0.00e+00	0.00e+00	0.00e+00	0.00e+00	0.00e+00	3.07e-01	9.64e-02	4.40e-02
 1.65632e+16	4.74e-01	5.23e-01	3.25e-03	0.00e+00	0.00e+00	0.00e+00	0.00e+00	0.00e+00	0.00e+00	3.26e-01	1.01e-01	4.64e-02
 1.65908e+16	5.01e-01	4.96e-01	2.66e-03	0.00e+00	0.00e+00	0.00e+00	0.00e+00	0.00e+00	0.00e+00	3.47e-01	1.05e-01	4.88e-02
 1.66182e+16	5.28e-01	4.70e-01	2.18e-03	0.00e+00	0.00e+00	0.00e+00	0.00e+00	0.00e+00	0.00e+00	3.67e-01	1.09e-01	5.12e-02
 1.66424e+16	5.51e-01	4.47e-01	1.82e-03	0.00e+00	0.00e+00	0.00e+00	0.00e+00	0.00e+00	0.00e+00	3.85e-01	1.13e-01	5.32e-02
 1.66637e+16	5.72e-01	4.26e-01	1.55e-03	0.00e+00	0.00e+00	0.00e+00	0.00e+00	0.00e+00	0.00e+00	4.02e-01	1.15e-01	5.49e-02
 1.66845e+16	5.93e-01	4.06e-01	1.31e-03	0.00e+00	0.00e+00	0.00e+00	0.00e+00	0.00e+00	0.00e+00	4.18e-01	1.18e-01	5.66e-02
 1.67014e+16	6.08e-01	3.90e-01	1.15e-03	0.00e+00	0.00e+00	0.00e+00	0.00e+00	0.00e+00	0.00e+00	4.31e-01	1.20e-01	5.78e-02
 1.67131e+16	6.19e-01	3.80e-01	1.05e-03	0.00e+00	0.00e+00	0.00e+00	0.00e+00	0.00e+00	0.00e+00	4.40e-01	1.21e-01	5.86e-02
 1.67242e+16	6.30e-01	3.69e-01	9.60e-04	0.00e+00	0.00e+00	0.00e+00	0.00e+00	0.00e+00	0.00e+00	4.48e-01	1.22e-01	5.94e-02
 1.67370e+16	6.41e-01	3.58e-01	8.64e-04	0.00e+00	0.00e+00	0.00e+00	0.00e+00	0.00e+00	0.00e+00	4.58e-01	1.23e-01	6.02e-02
 1.67507e+16	6.54e-01	3.45e-01	7.70e-04	0.00e+00	0.00e+00	0.00e+00	0.00e+00	0.00e+00	0.00e+00	4.69e-01	1.24e-01	6.12e-02
 1.67641e+16	6.66e-01	3.33e-01	6.89e-04	0.00e+00	0.00e+00	0.00e+00	0.00e+00	0.00e+00	0.00e+00	4.79e-01	1.25e-01	6.20e-02
 1.67768e+16	6.77e-01	3.22e-01	6.17e-04	0.00e+00	0.00e+00	0.00e+00	0.00e+00	0.00e+00	0.00e+00	4.89e-01	1.26e-01	6.27e-02
 1.67894e+16	6.88e-01	3.11e-01	5.54e-04	0.00e+00	0.00e+00	0.00e+00	0.00e+00	0.00e+00	0.00e+00	4.98e-01	1.27e-01	6.34e-02
 1.68022e+16	6.99e-01	3.00e-01	4.95e-04	0.00e+00	0.00e+00	0.00e+00	0.00e+00	0.00e+00	0.00e+00	5.08e-01	1.27e-01	6.41e-02
 1.68152e+16	7.10e-01	2.89e-01	4.41e-04	0.00e+00	0.00e+00	0.00e+00	0.00e+00	0.00e+00	0.00e+00	5.17e-01	1.28e-01	6.48e-02
 1.68279e+16	7.21e-01	2.79e-01	3.94e-04	0.00e+00	0.00e+00	0.00e+00	0.00e+00	0.00e+00	0.00e+00	5.27e-01	1.28e-01	6.54e-02
 1.68404e+16	7.31e-01	2.69e-01	3.52e-04	0.00e+00	0.00e+00	0.00e+00	0.00e+00	0.00e+00	0.00e+00	5.36e-01	1.29e-01	6.59e-02
 1.68532e+16	7.41e-01	2.59e-01	3.13e-04	0.00e+00	0.00e+00	0.00e+00	0.00e+00	0.00e+00	0.00e+00	5.45e-01	1.29e-01	6.64e-02
 1.68659e+16	7.51e-01	2.49e-01	2.79e-04	0.00e+00	0.00e+00	0.00e+00	0.00e+00	0.00e+00	0.00e+00	5.54e-01	1.29e-01	6.69e-02
 1.68786e+16	7.60e-01	2.39e-01	2.47e-04	0.00e+00	0.00e+00	0.00e+00	0.00e+00	0.00e+00	0.00e+00	5.64e-01	1.29e-01	6.73e-02
 1.68913e+16	7.69e-01	2.30e-01	2.20e-04	0.00e+00	0.00e+00	0.00e+00	0.00e+00	0.00e+00	0.00e+00	5.72e-01	1.29e-01	6.77e-02
 1.69039e+16	7.79e-01	2.21e-01	1.95e-04	0.00e+00	0.00e+00	0.00e+00	0.00e+00	0.00e+00	0.00e+00	5.81e-01	1.29e-01	6.81e-02
 1.69168e+16	7.88e-01	2.12e-01	1.73e-04	0.00e+00	0.00e+00	0.00e+00	0.00e+00	0.00e+00	0.00e+00	5.90e-01	1.29e-01	6.84e-02
 1.69293e+16	7.96e-01	2.04e-01	1.53e-04	0.00e+00	0.00e+00	0.00e+00	0.00e+00	0.00e+00	0.00e+00	5.98e-01	1.29e-01	6.86e-02
 1.69418e+16	8.04e-01	1.96e-01	1.36e-04	0.00e+00	0.00e+00	0.00e+00	0.00e+00	0.00e+00	0.00e+00	6.06e-01	1.29e-01	6.88e-02
 1.69545e+16	8.12e-01	1.88e-01	1.20e-04	0.00e+00	0.00e+00	0.00e+00	0.00e+00	0.00e+00	0.00e+00	6.15e-01	1.28e-01	6.90e-02
 1.69672e+16	8.20e-01	1.80e-01	1.06e-04	0.00e+00	0.00e+00	0.00e+00	0.00e+00	0.00e+00	0.00e+00	6.23e-01	1.28e-01	6.91e-02
 1.69798e+16	8.27e-01	1.73e-01	9.32e-05	0.00e+00	0.00e+00	0.00e+00	0.00e+00	0.00e+00	0.00e+00	6.31e-01	1.27e-01	6.92e-02
 1.69925e+16	8.35e-01	1.65e-01	8.20e-05	0.00e+00	0.00e+00	0.00e+00	0.00e+00	0.00e+00	0.00e+00	6.39e-01	1.27e-01	6.93e-02
 1.70051e+16	8.42e-01	1.58e-01	7.23e-05	0.00e+00	0.00e+00	0.00e+00	0.00e+00	0.00e+00	0.00e+00	6.46e-01	1.26e-01	6.93e-02
 1.70176e+16	8.48e-01	1.52e-01	6.37e-05	0.00e+00	0.00e+00	0.00e+00	0.00e+00	0.00e+00	0.00e+00	6.53e-01	1.26e-01	6.93e-02
 1.70302e+16	8.55e-01	1.45e-01	5.60e-05	0.00e+00	0.00e+00	0.00e+00	0.00e+00	0.00e+00	0.00e+00	6.61e-01	1.25e-01	6.92e-02
 1.70428e+16	8.61e-01	1.39e-01	4.92e-05	0.00e+00	0.00e+00	0.00e+00	0.00e+00	0.00e+00	0.00e+00	6.68e-01	1.24e-01	6.92e-02
 1.70551e+16	8.67e-01	1.33e-01	4.34e-05	0.00e+00	0.00e+00	0.00e+00	0.00e+00	0.00e+00	0.00e+00	6.74e-01	1.23e-01	6.90e-02
 1.70673e+16	8.73e-01	1.27e-01	3.82e-05	0.00e+00	0.00e+00	0.00e+00	0.00e+00	0.00e+00	0.00e+00	6.81e-01	1.23e-01	6.89e-02
 1.70796e+16	8.78e-01	1.22e-01	3.36e-05	0.00e+00	0.00e+00	0.00e+00	0.00e+00	0.00e+00	0.00e+00	6.87e-01	1.22e-01	6.88e-02
 1.70920e+16	8.83e-01	1.17e-01	2.95e-05	0.00e+00	0.00e+00	0.00e+00	0.00e+00	0.00e+00	0.00e+00	6.94e-01	1.21e-01	6.86e-02
 1.71041e+16	8.88e-01	1.12e-01	2.60e-05	0.00e+00	0.00e+00	0.00e+00	0.00e+00	0.00e+00	0.00e+00	7.00e-01	1.20e-01	6.84e-02
 1.71159e+16	8.93e-01	1.07e-01	2.30e-05	0.00e+00	0.00e+00	0.00e+00	0.00e+00	0.00e+00	0.00e+00	7.05e-01	1.19e-01	6.82e-02
 1.71276e+16	8.97e-01	1.03e-01	2.03e-05	0.00e+00	0.00e+00	0.00e+00	0.00e+00	0.00e+00	0.00e+00	7.11e-01	1.19e-01	6.80e-02
 1.71393e+16	9.02e-01	9.83e-02	1.79e-05	0.00e+00	0.00e+00	0.00e+00	0.00e+00	0.00e+00	0.00e+00	7.16e-01	1.18e-01	6.78e-02
 1.71510e+16	9.06e-01	9.42e-02	1.58e-05	0.00e+00	0.00e+00	0.00e+00	0.00e+00	0.00e+00	0.00e+00	7.21e-01	1.17e-01	6.75e-02
 1.71625e+16	9.10e-01	9.03e-02	1.40e-05	0.00e+00	0.00e+00	0.00e+00	0.00e+00	0.00e+00	0.00e+00	7.26e-01	1.16e-01	6.73e-02
 1.71740e+16	9.13e-01	8.66e-02	1.23e-05	0.00e+00	0.00e+00	0.00e+00	0.00e+00	0.00e+00	0.00e+00	7.31e-01	1.15e-01	6.70e-02
 1.71853e+16	9.17e-01	8.30e-02	1.09e-05	0.00e+00	0.00e+00	0.00e+00	0.00e+00	0.00e+00	0.00e+00	7.36e-01	1.15e-01	6.67e-02
 1.71967e+16	9.20e-01	7.96e-02	9.66e-06	0.00e+00	0.00e+00	0.00e+00	0.00e+00	0.00e+00	0.00e+00	7.40e-01	1.14e-01	6.65e-02
 1.72079e+16	9.24e-01	7.64e-02	8.56e-06	0.00e+00	0.00e+00	0.00e+00	0.00e+00	0.00e+00	0.00e+00	7.44e-01	1.13e-01	6.62e-02
 1.72190e+16	9.27e-01	7.33e-02	7.59e-06	0.00e+00	0.00e+00	0.00e+00	0.00e+00	0.00e+00	0.00e+00	7.49e-01	1.12e-01	6.59e-02
 1.72299e+16	9.30e-01	7.04e-02	6.73e-06	0.00e+00	0.00e+00	0.00e+00	0.00e+00	0.00e+00	0.00e+00	7.53e-01	1.11e-01	6.56e-02
 1.72408e+16	9.32e-01	6.76e-02	5.98e-06	0.00e+00	0.00e+00	0.00e+00	0.00e+00	0.00e+00	0.00e+00	7.56e-01	1.11e-01	6.53e-02
 1.72518e+16	9.35e-01	6.49e-02	5.30e-06	0.00e+00	0.00e+00	0.00e+00	0.00e+00	0.00e+00	0.00e+00	7.60e-01	1.10e-01	6.49e-02
 1.72629e+16	9.38e-01	6.23e-02	4.69e-06	0.00e+00	0.00e+00	0.00e+00	0.00e+00	0.00e+00	0.00e+00	7.64e-01	1.09e-01	6.46e-02
 1.72737e+16	9.40e-01	5.97e-02	4.17e-06	0.00e+00	0.00e+00	0.00e+00	0.00e+00	0.00e+00	0.00e+00	7.68e-01	1.08e-01	6.42e-02
 1.72842e+16	9.43e-01	5.75e-02	3.71e-06	0.00e+00	0.00e+00	0.00e+00	0.00e+00	0.00e+00	0.00e+00	7.71e-01	1.08e-01	6.39e-02
 1.72950e+16	9.45e-01	5.52e-02	3.30e-06	0.00e+00	0.00e+00	0.00e+00	0.00e+00	0.00e+00	0.00e+00	7.74e-01	1.07e-01	6.36e-02
 1.73058e+16	9.47e-01	5.29e-02	2.93e-06	0.00e+00	0.00e+00	0.00e+00	0.00e+00	0.00e+00	0.00e+00	7.77e-01	1.06e-01	6.33e-02
 1.73162e+16	9.49e-01	5.09e-02	2.61e-06	0.00e+00	0.00e+00	0.00e+00	0.00e+00	0.00e+00	0.00e+00	7.80e-01	1.06e-01	6.30e-02
 1.73266e+16	9.51e-01	4.90e-02	2.33e-06	0.00e+00	0.00e+00	0.00e+00	0.00e+00	0.00e+00	0.00e+00	7.83e-01	1.05e-01	6.27e-02
 1.73372e+16	9.53e-01	4.71e-02	2.07e-06	0.00e+00	0.00e+00	0.00e+00	0.00e+00	0.00e+00	0.00e+00	7.86e-01	1.04e-01	6.24e-02
 1.73477e+16	9.55e-01	4.52e-02	1.84e-06	0.00e+00	0.00e+00	0.00e+00	0.00e+00	0.00e+00	0.00e+00	7.89e-01	1.04e-01	6.20e-02
 1.73581e+16	9.57e-01	4.34e-02	1.64e-06	0.00e+00	0.00e+00	0.00e+00	0.00e+00	0.00e+00	0.00e+00	7.92e-01	1.03e-01	6.17e-02
 1.73684e+16	9.58e-01	4.18e-02	1.47e-06	0.00e+00	0.00e+00	0.00e+00	0.00e+00	0.00e+00	0.00e+00	7.94e-01	1.03e-01	6.15e-02
 1.73787e+16	9.60e-01	4.02e-02	1.31e-06	0.00e+00	0.00e+00	0.00e+00	0.00e+00	0.00e+00	0.00e+00	7.97e-01	1.02e-01	6.12e-02
 1.73890e+16	9.61e-01	3.86e-02	1.17e-06	0.00e+00	0.00e+00	0.00e+00	0.00e+00	0.00e+00	0.00e+00	7.99e-01	1.02e-01	6.09e-02
 1.73992e+16	9.63e-01	3.71e-02	1.04e-06	0.00e+00	0.00e+00	0.00e+00	0.00e+00	0.00e+00	0.00e+00	8.01e-01	1.01e-01	6.06e-02
 1.74093e+16	9.64e-01	3.57e-02	9.30e-07	0.00e+00	0.00e+00	0.00e+00	0.00e+00	0.00e+00	0.00e+00	8.03e-01	1.01e-01	6.04e-02
 1.74195e+16	9.66e-01	3.43e-02	8.29e-07	0.00e+00	0.00e+00	0.00e+00	0.00e+00	0.00e+00	0.00e+00	8.06e-01	1.00e-01	6.01e-02
 1.74297e+16	9.67e-01	3.29e-02	7.40e-07	0.00e+00	0.00e+00	0.00e+00	0.00e+00	0.00e+00	0.00e+00	8.08e-01	9.95e-02	5.98e-02
 1.74395e+16	9.68e-01	3.17e-02	6.64e-07	0.00e+00	0.00e+00	0.00e+00	0.00e+00	0.00e+00	0.00e+00	8.10e-01	9.90e-02	5.96e-02
 1.74493e+16	9.70e-01	3.04e-02	5.94e-07	0.00e+00	0.00e+00	0.00e+00	0.00e+00	0.00e+00	0.00e+00	8.12e-01	9.85e-02	5.93e-02
 1.74596e+16	9.71e-01	2.92e-02	5.29e-07	0.00e+00	0.00e+00	0.00e+00	0.00e+00	0.00e+00	0.00e+00	8.14e-01	9.80e-02	5.91e-02
 1.74699e+16	9.72e-01	2.80e-02	4.71e-07	0.00e+00	0.00e+00	0.00e+00	0.00e+00	0.00e+00	0.00e+00	8.16e-01	9.76e-02	5.88e-02
 1.74798e+16	9.73e-01	2.69e-02	4.22e-07	0.00e+00	0.00e+00	0.00e+00	0.00e+00	0.00e+00	0.00e+00	8.17e-01	9.71e-02	5.86e-02
 1.74890e+16	9.74e-01	2.59e-02	3.81e-07	0.00e+00	0.00e+00	0.00e+00	0.00e+00	0.00e+00	0.00e+00	8.19e-01	9.68e-02	5.84e-02
 1.74981e+16	9.75e-01	2.50e-02	3.44e-07	0.00e+00	0.00e+00	0.00e+00	0.00e+00	0.00e+00	0.00e+00	8.20e-01	9.64e-02	5.82e-02
 1.75077e+16	9.76e-01	2.41e-02	3.09e-07	0.00e+00	0.00e+00	0.00e+00	0.00e+00	0.00e+00	0.00e+00	8.22e-01	9.60e-02	5.79e-02
 1.75176e+16	9.77e-01	2.30e-02	2.76e-07	0.00e+00	0.00e+00	0.00e+00	0.00e+00	0.00e+00	0.00e+00	8.24e-01	9.55e-02	5.77e-02
 1.75273e+16	9.78e-01	2.21e-02	2.47e-07	0.00e+00	0.00e+00	0.00e+00	0.00e+00	0.00e+00	0.00e+00	8.25e-01	9.51e-02	5.75e-02
 1.75364e+16	9.79e-01	2.12e-02	2.23e-07	0.00e+00	0.00e+00	0.00e+00	0.00e+00	0.00e+00	0.00e+00	8.27e-01	9.48e-02	5.73e-02
 1.75453e+16	9.80e-01	2.04e-02	2.02e-07	0.00e+00	0.00e+00	0.00e+00	0.00e+00	0.00e+00	0.00e+00	8.28e-01	9.44e-02	5.71e-02
 1.75545e+16	9.80e-01	1.96e-02	1.82e-07	0.00e+00	0.00e+00	0.00e+00	0.00e+00	0.00e+00	0.00e+00	8.30e-01	9.40e-02	5.68e-02
 1.75636e+16	9.81e-01	1.88e-02	1.64e-07	0.00e+00	0.00e+00	0.00e+00	0.00e+00	0.00e+00	0.00e+00	8.31e-01	9.37e-02	5.66e-02
 1.75725e+16	9.82e-01	1.80e-02	1.48e-07	0.00e+00	0.00e+00	0.00e+00	0.00e+00	0.00e+00	0.00e+00	8.32e-01	9.33e-02	5.64e-02
 1.75810e+16	9.83e-01	1.73e-02	1.34e-07	0.00e+00	0.00e+00	0.00e+00	0.00e+00	0.00e+00	0.00e+00	8.34e-01	9.30e-02	5.62e-02
 1.75891e+16	9.83e-01	1.66e-02	1.23e-07	0.00e+00	0.00e+00	0.00e+00	0.00e+00	0.00e+00	0.00e+00	8.35e-01	9.26e-02	5.60e-02
 1.75968e+16	9.84e-01	1.60e-02	1.12e-07	0.00e+00	0.00e+00	0.00e+00	0.00e+00	0.00e+00	0.00e+00	8.36e-01	9.23e-02	5.58e-02
 1.76042e+16	9.85e-01	1.54e-02	1.03e-07	0.00e+00	0.00e+00	0.00e+00	0.00e+00	0.00e+00	0.00e+00	8.37e-01	9.20e-02	5.56e-02
 1.76114e+16	9.85e-01	1.49e-02	9.50e-08	0.00e+00	0.00e+00	0.00e+00	0.00e+00	0.00e+00	0.00e+00	8.38e-01	9.16e-02	5.54e-02
 1.76182e+16	9.86e-01	1.43e-02	8.78e-08	0.00e+00	0.00e+00	0.00e+00	0.00e+00	0.00e+00	0.00e+00	8.39e-01	9.13e-02	5.52e-02
 1.76248e+16	9.86e-01	1.38e-02	8.14e-08	0.00e+00	0.00e+00	0.00e+00	0.00e+00	0.00e+00	0.00e+00	8.40e-01	9.10e-02	5.51e-02
 1.76313e+16	9.87e-01	1.33e-02	7.55e-08	0.00e+00	0.00e+00	0.00e+00	0.00e+00	0.00e+00	0.00e+00	8.41e-01	9.07e-02	5.49e-02
 1.76379e+16	9.87e-01	1.28e-02	7.00e-08	0.00e+00	0.00e+00	0.00e+00	0.00e+00	0.00e+00	0.00e+00	8.42e-01	9.04e-02	5.46e-02
 1.76445e+16	9.88e-01	1.23e-02	6.47e-08	0.00e+00	0.00e+00	0.00e+00	0.00e+00	0.00e+00	0.00e+00	8.43e-01	9.00e-02	5.44e-02
 1.76510e+16	9.88e-01	1.18e-02	6.00e-08	0.00e+00	0.00e+00	0.00e+00	0.00e+00	0.00e+00	0.00e+00	8.44e-01	8.97e-02	5.42e-02
 1.76569e+16	9.89e-01	1.14e-02	5.60e-08	0.00e+00	0.00e+00	0.00e+00	0.00e+00	0.00e+00	0.00e+00	8.45e-01	8.93e-02	5.39e-02
 1.76620e+16	9.89e-01	1.10e-02	5.28e-08	0.00e+00	0.00e+00	0.00e+00	0.00e+00	0.00e+00	0.00e+00	8.46e-01	8.90e-02	5.37e-02
 1.76667e+16	9.89e-01	1.07e-02	5.00e-08	0.00e+00	0.00e+00	0.00e+00	0.00e+00	0.00e+00	0.00e+00	8.47e-01	8.87e-02	5.35e-02
 1.76710e+16	9.90e-01	1.04e-02	4.75e-08	0.00e+00	0.00e+00	0.00e+00	0.00e+00	0.00e+00	0.00e+00	8.48e-01	8.84e-02	5.33e-02
 1.76751e+16	9.90e-01	1.01e-02	4.52e-08	0.00e+00	0.00e+00	0.00e+00	0.00e+00	0.00e+00	0.00e+00	8.49e-01	8.81e-02	5.31e-02
 1.76790e+16	9.90e-01	9.78e-03	4.32e-08	0.00e+00	0.00e+00	0.00e+00	0.00e+00	0.00e+00	0.00e+00	8.49e-01	8.78e-02	5.29e-02
 1.76826e+16	9.90e-01	9.52e-03	4.14e-08	0.00e+00	0.00e+00	0.00e+00	0.00e+00	0.00e+00	0.00e+00	8.50e-01	8.76e-02	5.27e-02
 1.76860e+16	9.91e-01	9.27e-03	3.97e-08	0.00e+00	0.00e+00	0.00e+00	0.00e+00	0.00e+00	0.00e+00	8.51e-01	8.73e-02	5.25e-02
 1.76892e+16	9.91e-01	9.03e-03	3.81e-08	0.00e+00	0.00e+00	0.00e+00	0.00e+00	0.00e+00	0.00e+00	8.52e-01	8.70e-02	5.23e-02
 1.76922e+16	9.91e-01	8.80e-03	3.67e-08	0.00e+00	0.00e+00	0.00e+00	0.00e+00	0.00e+00	0.00e+00	8.52e-01	8.67e-02	5.21e-02
 1.76950e+16	9.91e-01	8.59e-03	3.54e-08	0.00e+00	0.00e+00	0.00e+00	0.00e+00	0.00e+00	0.00e+00	8.53e-01	8.65e-02	5.19e-02
 1.76976e+16	9.92e-01	8.40e-03	3.42e-08	0.00e+00	0.00e+00	0.00e+00	0.00e+00	0.00e+00	0.00e+00	8.54e-01	8.62e-02	5.17e-02
 1.77000e+16	9.92e-01	8.23e-03	3.32e-08	0.00e+00	0.00e+00	0.00e+00	0.00e+00	0.00e+00	0.00e+00	8.54e-01	8.60e-02	5.15e-02
 1.77021e+16	9.92e-01	8.09e-03	3.23e-08	0.00e+00	0.00e+00	0.00e+00	0.00e+00	0.00e+00	0.00e+00	8.55e-01	8.58e-02	5.14e-02
 1.77041e+16	9.92e-01	7.95e-03	3.14e-08	0.00e+00	0.00e+00	0.00e+00	0.00e+00	0.00e+00	0.00e+00	8.55e-01	8.56e-02	5.12e-02
 1.77058e+16	9.92e-01	7.82e-03	3.07e-08	0.00e+00	0.00e+00	0.00e+00	0.00e+00	0.00e+00	0.00e+00	8.56e-01	8.54e-02	5.11e-02
 1.77075e+16	9.92e-01	7.70e-03	3.00e-08	0.00e+00	0.00e+00	0.00e+00	0.00e+00	0.00e+00	0.00e+00	8.56e-01	8.52e-02	5.09e-02
 1.77092e+16	9.92e-01	7.58e-03	2.93e-08	0.00e+00	0.00e+00	0.00e+00	0.00e+00	0.00e+00	0.00e+00	8.57e-01	8.50e-02	5.08e-02
 1.77115e+16	9.93e-01	7.40e-03	2.82e-08	0.00e+00	0.00e+00	0.00e+00	0.00e+00	0.00e+00	0.00e+00	8.57e-01	8.46e-02	5.06e-02
