#depth	He	He+	He+2
 2.56336e+11	1.66e-03	9.98e-01	5.05e-04
 1.53801e+12	1.66e-03	9.98e-01	5.05e-04
 6.66473e+12	1.66e-03	9.98e-01	5.01e-04
 2.71716e+13	1.66e-03	9.98e-01	4.83e-04
 6.49042e+13	1.67e-03	9.98e-01	4.71e-04
 1.13957e+14	1.67e-03	9.98e-01	4.42e-04
 1.77725e+14	1.68e-03	9.98e-01	3.97e-04
 2.60623e+14	1.69e-03	9.98e-01	3.37e-04
 3.68392e+14	1.71e-03	9.98e-01	2.66e-04
 5.08490e+14	1.73e-03	9.98e-01	1.91e-04
 6.90618e+14	1.76e-03	9.98e-01	1.22e-04
 9.27385e+14	1.81e-03	9.98e-01	6.73e-05
 1.23518e+15	1.86e-03	9.98e-01	3.10e-05
 1.63532e+15	1.94e-03	9.98e-01	1.15e-05
 2.15549e+15	2.05e-03	9.98e-01	3.26e-06
 2.83172e+15	2.21e-03	9.98e-01	6.83e-07
 3.50901e+15	2.36e-03	9.98e-01	1.43e-07
 4.05395e+15	2.50e-03	9.98e-01	4.53e-08
 4.54673e+15	2.64e-03	9.97e-01	1.74e-08
 5.10546e+15	2.82e-03	9.97e-01	6.28e-09
 5.67511e+15	3.00e-03	9.97e-01	2.41e-09
 6.14022e+15	3.16e-03	9.97e-01	1.17e-09
 6.56113e+15	3.32e-03	9.97e-01	6.32e-10
 7.04332e+15	3.52e-03	9.96e-01	3.25e-10
 7.54869e+15	3.74e-03	9.96e-01	1.76e-10
 7.97510e+15	3.94e-03	9.96e-01	1.11e-10
 8.35656e+15	4.13e-03	9.96e-01	7.69e-11
 8.78870e+15	4.38e-03	9.96e-01	5.36e-11
 9.24577e+15	4.65e-03	9.95e-01	3.99e-11
 9.63483e+15	4.90e-03	9.95e-01	3.28e-11
 9.97960e+15	5.15e-03	9.95e-01	2.87e-11
 1.03672e+16	5.46e-03	9.95e-01	2.55e-11
 1.07811e+16	5.82e-03	9.94e-01	2.35e-11
 1.11355e+16	6.17e-03	9.94e-01	2.24e-11
 1.14443e+16	6.50e-03	9.94e-01	2.18e-11
 1.17874e+16	6.92e-03	9.93e-01	2.14e-11
 1.21554e+16	7.42e-03	9.93e-01	2.13e-11
 1.24710e+16	7.92e-03	9.92e-01	2.14e-11
 1.27402e+16	8.42e-03	9.92e-01	2.15e-11
 1.30337e+16	9.03e-03	9.91e-01	2.18e-11
 1.33457e+16	9.78e-03	9.90e-01	2.24e-11
 1.36064e+16	1.05e-02	9.89e-01	2.28e-11
 1.38211e+16	1.13e-02	9.89e-01	2.34e-11
 1.40518e+16	1.22e-02	9.88e-01	2.43e-11
 1.43016e+16	1.34e-02	9.87e-01	2.52e-11
 1.45153e+16	1.46e-02	9.85e-01	2.65e-11
 1.46918e+16	1.59e-02	9.84e-01	2.76e-11
 1.48812e+16	1.75e-02	9.83e-01	2.91e-11
 1.50828e+16	1.96e-02	9.80e-01	3.07e-11
 1.52500e+16	2.19e-02	9.78e-01	3.39e-11
 1.53858e+16	2.42e-02	9.76e-01	3.74e-11
 1.55313e+16	2.73e-02	9.73e-01	4.15e-11
 1.56859e+16	3.15e-02	9.69e-01	4.78e-11
 1.58127e+16	3.61e-02	9.64e-01	5.56e-11
 1.58981e+16	4.00e-02	9.60e-01	6.30e-11
 1.59531e+16	4.31e-02	9.57e-01	6.87e-11
 1.60084e+16	4.66e-02	9.53e-01	7.66e-11
 1.60803e+16	5.20e-02	9.48e-01	8.90e-11
 1.61503e+16	5.83e-02	9.42e-01	1.05e-10
 1.61997e+16	6.38e-02	9.36e-01	1.19e-10
 1.62377e+16	6.85e-02	9.31e-01	1.34e-10
 1.62788e+16	7.46e-02	9.25e-01	1.51e-10
 1.63242e+16	8.21e-02	9.18e-01	1.76e-10
 1.63646e+16	8.97e-02	9.10e-01	2.04e-10
 1.63992e+16	9.70e-02	9.03e-01	2.36e-10
 1.64359e+16	1.06e-01	8.94e-01	2.74e-10
 1.64743e+16	1.17e-01	8.83e-01	3.22e-10
 1.65073e+16	1.27e-01	8.73e-01	3.68e-10
 1.65359e+16	1.37e-01	8.63e-01	4.21e-10
 1.65632e+16	1.48e-01	8.52e-01	4.72e-10
 1.65908e+16	1.60e-01	8.40e-01	5.34e-10
 1.66182e+16	1.72e-01	8.28e-01	6.08e-10
 1.66424e+16	1.84e-01	8.16e-01	6.77e-10
 1.66637e+16	1.95e-01	8.05e-01	7.43e-10
 1.66845e+16	2.08e-01	7.92e-01	8.11e-10
 1.67014e+16	2.17e-01	7.83e-01	8.74e-10
 1.67131e+16	2.25e-01	7.75e-01	9.18e-10
 1.67242e+16	2.32e-01	7.68e-01	9.59e-10
 1.67370e+16	2.41e-01	7.59e-01	1.01e-09
 1.67507e+16	2.51e-01	7.49e-01	1.07e-09
 1.67641e+16	2.60e-01	7.40e-01	1.13e-09
 1.67768e+16	2.70e-01	7.30e-01	1.19e-09
 1.67894e+16	2.80e-01	7.20e-01	1.26e-09
 1.68022e+16	2.90e-01	7.10e-01	1.32e-09
 1.68152e+16	3.01e-01	6.99e-01	1.39e-09
 1.68279e+16	3.12e-01	6.88e-01	1.46e-09
 1.68404e+16	3.23e-01	6.77e-01	1.53e-09
 1.68532e+16	3.34e-01	6.66e-01	1.60e-09
 1.68659e+16	3.46e-01	6.54e-01	1.68e-09
 1.68786e+16	3.58e-01	6.42e-01	1.75e-09
 1.68913e+16	3.70e-01	6.30e-01	1.84e-09
 1.69039e+16	3.83e-01	6.17e-01	1.92e-09
 1.69168e+16	3.96e-01	6.04e-01	2.00e-09
 1.69293e+16	4.08e-01	5.92e-01	2.08e-09
 1.69418e+16	4.21e-01	5.79e-01	2.17e-09
 1.69545e+16	4.35e-01	5.65e-01	2.25e-09
 1.69672e+16	4.48e-01	5.52e-01	2.34e-09
 1.69798e+16	4.62e-01	5.38e-01	2.43e-09
 1.69925e+16	4.76e-01	5.24e-01	2.51e-09
 1.70051e+16	4.90e-01	5.10e-01	2.60e-09
 1.70176e+16	5.03e-01	4.97e-01	2.69e-09
 1.70302e+16	5.18e-01	4.82e-01	2.77e-09
 1.70428e+16	5.31e-01	4.69e-01	2.87e-09
 1.70551e+16	5.45e-01	4.55e-01	2.95e-09
 1.70673e+16	5.59e-01	4.41e-01	3.03e-09
 1.70796e+16	5.73e-01	4.27e-01	3.11e-09
 1.70920e+16	5.87e-01	4.13e-01	3.19e-09
 1.71041e+16	6.00e-01	4.00e-01	3.27e-09
 1.71159e+16	6.13e-01	3.87e-01	3.34e-09
 1.71276e+16	6.26e-01	3.74e-01	3.41e-09
 1.71393e+16	6.39e-01	3.61e-01	3.48e-09
 1.71510e+16	6.51e-01	3.49e-01	3.55e-09
 1.71625e+16	6.63e-01	3.37e-01	3.61e-09
 1.71740e+16	6.75e-01	3.25e-01	3.67e-09
 1.71853e+16	6.87e-01	3.13e-01	3.73e-09
 1.71967e+16	6.98e-01	3.02e-01	3.78e-09
 1.72079e+16	7.09e-01	2.91e-01	3.83e-09
 1.72190e+16	7.20e-01	2.80e-01	3.88e-09
 1.72299e+16	7.31e-01	2.69e-01	3.92e-09
 1.72408e+16	7.41e-01	2.59e-01	3.97e-09
 1.72518e+16	7.51e-01	2.49e-01	4.00e-09
 1.72629e+16	7.61e-01	2.39e-01	4.04e-09
 1.72737e+16	7.70e-01	2.30e-01	4.07e-09
 1.72842e+16	7.79e-01	2.21e-01	4.09e-09
 1.72950e+16	7.88e-01	2.12e-01	4.12e-09
 1.73058e+16	7.97e-01	2.03e-01	4.15e-09
 1.73162e+16	8.05e-01	1.95e-01	4.16e-09
 1.73266e+16	8.13e-01	1.87e-01	4.19e-09
 1.73372e+16	8.21e-01	1.79e-01	4.20e-09
 1.73477e+16	8.29e-01	1.71e-01	4.21e-09
 1.73581e+16	8.36e-01	1.64e-01	4.21e-09
 1.73684e+16	8.43e-01	1.57e-01	4.22e-09
 1.73787e+16	8.49e-01	1.51e-01	4.22e-09
 1.73890e+16	8.56e-01	1.44e-01	4.22e-09
 1.73992e+16	8.62e-01	1.38e-01	4.22e-09
 1.74093e+16	8.68e-01	1.32e-01	4.21e-09
 1.74195e+16	8.74e-01	1.26e-01	4.21e-09
 1.74297e+16	8.79e-01	1.21e-01	4.20e-09
 1.74395e+16	8.84e-01	1.16e-01	4.19e-09
 1.74493e+16	8.90e-01	1.10e-01	4.16e-09
 1.74596e+16	8.95e-01	1.05e-01	4.14e-09
 1.74699e+16	9.00e-01	1.00e-01	4.13e-09
 1.74798e+16	9.04e-01	9.63e-02	4.13e-09
 1.74890e+16	9.08e-01	9.23e-02	4.12e-09
 1.74981e+16	9.12e-01	8.84e-02	4.09e-09
 1.75077e+16	9.16e-01	8.44e-02	4.06e-09
 1.75176e+16	9.19e-01	8.05e-02	4.03e-09
 1.75273e+16	9.23e-01	7.70e-02	4.01e-09
 1.75364e+16	9.26e-01	7.38e-02	3.99e-09
 1.75453e+16	9.29e-01	7.07e-02	3.96e-09
 1.75545e+16	9.32e-01	6.76e-02	3.93e-09
 1.75636e+16	9.35e-01	6.47e-02	3.90e-09
 1.75725e+16	9.38e-01	6.20e-02	3.87e-09
 1.75810e+16	9.40e-01	5.95e-02	3.85e-09
 1.75891e+16	9.43e-01	5.72e-02	3.82e-09
 1.75968e+16	9.45e-01	5.52e-02	3.79e-09
 1.76042e+16	9.47e-01	5.32e-02	3.76e-09
 1.76114e+16	9.49e-01	5.13e-02	3.72e-09
 1.76182e+16	9.50e-01	4.96e-02	3.69e-09
 1.76248e+16	9.52e-01	4.80e-02	3.65e-09
 1.76313e+16	9.54e-01	4.65e-02	3.62e-09
 1.76379e+16	9.55e-01	4.50e-02	3.58e-09
 1.76445e+16	9.57e-01	4.35e-02	3.53e-09
 1.76510e+16	9.58e-01	4.21e-02	3.49e-09
 1.76569e+16	9.59e-01	4.08e-02	3.45e-09
 1.76620e+16	9.60e-01	3.98e-02	3.41e-09
 1.76667e+16	9.61e-01	3.88e-02	3.36e-09
 1.76710e+16	9.62e-01	3.79e-02	3.32e-09
 1.76751e+16	9.63e-01	3.71e-02	3.28e-09
 1.76790e+16	9.64e-01	3.63e-02	3.24e-09
 1.76826e+16	9.64e-01	3.56e-02	3.20e-09
 1.76860e+16	9.65e-01	3.49e-02	3.16e-09
 1.76892e+16	9.66e-01	3.43e-02	3.12e-09
 1.76922e+16	9.66e-01	3.37e-02	3.08e-09
 1.76950e+16	9.67e-01	3.31e-02	3.04e-09
 1.76976e+16	9.67e-01	3.26e-02	3.01e-09
 1.77000e+16	9.68e-01	3.22e-02	2.98e-09
 1.77021e+16	9.68e-01	3.18e-02	2.95e-09
 1.77041e+16	9.69e-01	3.14e-02	2.92e-09
 1.77058e+16	9.69e-01	3.11e-02	2.90e-09
 1.77075e+16	9.69e-01	3.08e-02	2.87e-09
 1.77092e+16	9.70e-01	3.04e-02	2.85e-09
 1.77115e+16	9.70e-01	3.00e-02	2.82e-09
