#depth	O	O+	O+2	O+3	O+4	O+5	O+6	O+7	O+8	O[1]	O[2]	O[3]
 2.92715e+11	2.90e-05	1.94e-02	7.27e-01	2.53e-01	2.25e-04	0.00e+00	0.00e+00	0.00e+00	0.00e+00	2.44e-05	2.96e-06	1.65e-06
 1.75629e+12	2.89e-05	1.94e-02	7.28e-01	2.52e-01	2.24e-04	0.00e+00	0.00e+00	0.00e+00	0.00e+00	2.43e-05	2.95e-06	1.65e-06
 7.61059e+12	2.90e-05	1.95e-02	7.31e-01	2.49e-01	2.18e-04	0.00e+00	0.00e+00	0.00e+00	0.00e+00	2.44e-05	2.96e-06	1.66e-06
 3.10278e+13	2.94e-05	1.98e-02	7.42e-01	2.38e-01	1.99e-04	0.00e+00	0.00e+00	0.00e+00	0.00e+00	2.47e-05	3.00e-06	1.68e-06
 7.41154e+13	2.91e-05	2.01e-02	7.59e-01	2.21e-01	1.70e-04	0.00e+00	0.00e+00	0.00e+00	0.00e+00	2.44e-05	2.97e-06	1.67e-06
 1.30129e+14	2.91e-05	2.05e-02	7.80e-01	2.00e-01	1.38e-04	0.00e+00	0.00e+00	0.00e+00	0.00e+00	2.44e-05	2.97e-06	1.67e-06
 2.02947e+14	2.91e-05	2.10e-02	8.05e-01	1.73e-01	1.04e-04	0.00e+00	0.00e+00	0.00e+00	0.00e+00	2.44e-05	2.98e-06	1.69e-06
 2.97611e+14	2.96e-05	2.18e-02	8.36e-01	1.43e-01	7.17e-05	0.00e+00	0.00e+00	0.00e+00	0.00e+00	2.48e-05	3.04e-06	1.72e-06
 4.20673e+14	3.03e-05	2.28e-02	8.69e-01	1.08e-01	4.28e-05	0.00e+00	0.00e+00	0.00e+00	0.00e+00	2.54e-05	3.11e-06	1.77e-06
 5.80655e+14	3.14e-05	2.40e-02	9.03e-01	7.34e-02	2.12e-05	0.00e+00	0.00e+00	0.00e+00	0.00e+00	2.63e-05	3.23e-06	1.84e-06
 7.88630e+14	3.31e-05	2.56e-02	9.32e-01	4.26e-02	8.07e-06	0.00e+00	0.00e+00	0.00e+00	0.00e+00	2.77e-05	3.39e-06	1.94e-06
 1.00889e+15	3.42e-05	2.72e-02	9.49e-01	2.34e-02	2.86e-06	0.00e+00	0.00e+00	0.00e+00	0.00e+00	2.87e-05	3.48e-06	2.01e-06
 1.20388e+15	3.54e-05	2.87e-02	9.58e-01	1.36e-02	1.12e-06	0.00e+00	0.00e+00	0.00e+00	0.00e+00	2.98e-05	3.58e-06	2.08e-06
 1.41615e+15	3.74e-05	3.05e-02	9.62e-01	7.37e-03	3.88e-07	0.00e+00	0.00e+00	0.00e+00	0.00e+00	3.15e-05	3.75e-06	2.19e-06
 1.69209e+15	4.01e-05	3.30e-02	9.64e-01	3.33e-03	0.00e+00	0.00e+00	0.00e+00	0.00e+00	0.00e+00	3.38e-05	3.99e-06	2.34e-06
 1.98765e+15	4.24e-05	3.57e-02	9.63e-01	1.45e-03	0.00e+00	0.00e+00	0.00e+00	0.00e+00	0.00e+00	3.58e-05	4.18e-06	2.47e-06
 2.26371e+15	4.49e-05	3.85e-02	9.61e-01	6.74e-04	0.00e+00	0.00e+00	0.00e+00	0.00e+00	0.00e+00	3.79e-05	4.39e-06	2.61e-06
 2.52649e+15	4.74e-05	4.14e-02	9.58e-01	3.29e-04	0.00e+00	0.00e+00	0.00e+00	0.00e+00	0.00e+00	4.00e-05	4.61e-06	2.75e-06
 2.81700e+15	5.10e-05	4.49e-02	9.55e-01	1.49e-04	0.00e+00	0.00e+00	0.00e+00	0.00e+00	0.00e+00	4.31e-05	4.94e-06	2.96e-06
 3.19466e+15	5.64e-05	4.99e-02	9.50e-01	5.55e-05	0.00e+00	0.00e+00	0.00e+00	0.00e+00	0.00e+00	4.77e-05	5.43e-06	3.27e-06
 3.57853e+15	6.19e-05	5.61e-02	9.44e-01	2.12e-05	0.00e+00	0.00e+00	0.00e+00	0.00e+00	0.00e+00	5.24e-05	5.93e-06	3.59e-06
 3.93639e+15	6.88e-05	6.27e-02	9.37e-01	8.90e-06	0.00e+00	0.00e+00	0.00e+00	0.00e+00	0.00e+00	5.82e-05	6.56e-06	3.99e-06
 4.33002e+15	7.78e-05	7.13e-02	9.29e-01	3.59e-06	0.00e+00	0.00e+00	0.00e+00	0.00e+00	0.00e+00	6.59e-05	7.39e-06	4.52e-06
 4.76303e+15	9.02e-05	8.29e-02	9.17e-01	1.40e-06	0.00e+00	0.00e+00	0.00e+00	0.00e+00	0.00e+00	7.65e-05	8.54e-06	5.24e-06
 5.20439e+15	1.06e-04	9.80e-02	9.02e-01	5.79e-07	0.00e+00	0.00e+00	0.00e+00	0.00e+00	0.00e+00	9.02e-05	1.00e-05	6.19e-06
 5.60550e+15	1.26e-04	1.16e-01	8.84e-01	2.76e-07	0.00e+00	0.00e+00	0.00e+00	0.00e+00	0.00e+00	1.07e-04	1.19e-05	7.34e-06
 5.95823e+15	1.48e-04	1.36e-01	8.63e-01	1.50e-07	0.00e+00	0.00e+00	0.00e+00	0.00e+00	0.00e+00	1.26e-04	1.39e-05	8.65e-06
 6.28449e+15	1.76e-04	1.61e-01	8.39e-01	0.00e+00	0.00e+00	0.00e+00	0.00e+00	0.00e+00	0.00e+00	1.49e-04	1.65e-05	1.03e-05
 6.59879e+15	2.11e-04	1.90e-01	8.10e-01	0.00e+00	0.00e+00	0.00e+00	0.00e+00	0.00e+00	0.00e+00	1.79e-04	1.97e-05	1.23e-05
 6.88180e+15	2.50e-04	2.24e-01	7.75e-01	0.00e+00	0.00e+00	0.00e+00	0.00e+00	0.00e+00	0.00e+00	2.12e-04	2.34e-05	1.46e-05
 7.12668e+15	2.94e-04	2.62e-01	7.38e-01	0.00e+00	0.00e+00	0.00e+00	0.00e+00	0.00e+00	0.00e+00	2.49e-04	2.75e-05	1.72e-05
 7.39370e+15	3.54e-04	3.11e-01	6.88e-01	0.00e+00	0.00e+00	0.00e+00	0.00e+00	0.00e+00	0.00e+00	3.00e-04	3.33e-05	2.08e-05
 7.68008e+15	4.34e-04	3.79e-01	6.21e-01	0.00e+00	0.00e+00	0.00e+00	0.00e+00	0.00e+00	0.00e+00	3.67e-04	4.11e-05	2.56e-05
 7.92852e+15	5.21e-04	4.52e-01	5.47e-01	0.00e+00	0.00e+00	0.00e+00	0.00e+00	0.00e+00	0.00e+00	4.40e-04	4.97e-05	3.09e-05
 8.14446e+15	6.09e-04	5.27e-01	4.72e-01	0.00e+00	0.00e+00	0.00e+00	0.00e+00	0.00e+00	0.00e+00	5.14e-04	5.87e-05	3.64e-05
 8.38126e+15	7.16e-04	6.16e-01	3.83e-01	0.00e+00	0.00e+00	0.00e+00	0.00e+00	0.00e+00	0.00e+00	6.03e-04	6.99e-05	4.31e-05
 8.64350e+15	8.38e-04	7.19e-01	2.80e-01	0.00e+00	0.00e+00	0.00e+00	0.00e+00	0.00e+00	0.00e+00	7.04e-04	8.31e-05	5.09e-05
 8.89616e+15	9.52e-04	8.10e-01	1.89e-01	0.00e+00	0.00e+00	0.00e+00	0.00e+00	0.00e+00	0.00e+00	7.98e-04	9.57e-05	5.83e-05
 9.18197e+15	1.07e-03	8.89e-01	1.10e-01	0.00e+00	0.00e+00	0.00e+00	0.00e+00	0.00e+00	0.00e+00	8.91e-04	1.08e-04	6.56e-05
 9.49919e+15	1.17e-03	9.46e-01	5.32e-02	0.00e+00	0.00e+00	0.00e+00	0.00e+00	0.00e+00	0.00e+00	9.77e-04	1.19e-04	7.20e-05
 9.80006e+15	1.26e-03	9.74e-01	2.46e-02	0.00e+00	0.00e+00	0.00e+00	0.00e+00	0.00e+00	0.00e+00	1.06e-03	1.28e-04	7.73e-05
 1.00762e+16	1.35e-03	9.87e-01	1.16e-02	0.00e+00	0.00e+00	0.00e+00	0.00e+00	0.00e+00	0.00e+00	1.13e-03	1.36e-04	8.20e-05
 1.02947e+16	1.43e-03	9.92e-01	6.15e-03	0.00e+00	0.00e+00	0.00e+00	0.00e+00	0.00e+00	0.00e+00	1.20e-03	1.42e-04	8.61e-05
 1.04454e+16	1.49e-03	9.95e-01	3.94e-03	0.00e+00	0.00e+00	0.00e+00	0.00e+00	0.00e+00	0.00e+00	1.26e-03	1.47e-04	8.93e-05
 1.05696e+16	1.55e-03	9.96e-01	2.72e-03	0.00e+00	0.00e+00	0.00e+00	0.00e+00	0.00e+00	0.00e+00	1.31e-03	1.52e-04	9.21e-05
 1.07099e+16	1.63e-03	9.97e-01	1.79e-03	0.00e+00	0.00e+00	0.00e+00	0.00e+00	0.00e+00	0.00e+00	1.37e-03	1.58e-04	9.57e-05
 1.08668e+16	1.72e-03	9.97e-01	1.10e-03	0.00e+00	0.00e+00	0.00e+00	0.00e+00	0.00e+00	0.00e+00	1.46e-03	1.65e-04	1.00e-04
 1.10042e+16	1.81e-03	9.97e-01	7.03e-04	0.00e+00	0.00e+00	0.00e+00	0.00e+00	0.00e+00	0.00e+00	1.54e-03	1.71e-04	1.04e-04
 1.11104e+16	1.89e-03	9.98e-01	4.94e-04	0.00e+00	0.00e+00	0.00e+00	0.00e+00	0.00e+00	0.00e+00	1.61e-03	1.77e-04	1.08e-04
 1.12007e+16	1.96e-03	9.98e-01	3.64e-04	0.00e+00	0.00e+00	0.00e+00	0.00e+00	0.00e+00	0.00e+00	1.67e-03	1.82e-04	1.11e-04
 1.13018e+16	2.05e-03	9.98e-01	2.58e-04	0.00e+00	0.00e+00	0.00e+00	0.00e+00	0.00e+00	0.00e+00	1.74e-03	1.88e-04	1.15e-04
 1.14136e+16	2.14e-03	9.98e-01	1.74e-04	0.00e+00	0.00e+00	0.00e+00	0.00e+00	0.00e+00	0.00e+00	1.83e-03	1.94e-04	1.19e-04
 1.15116e+16	2.23e-03	9.98e-01	1.22e-04	0.00e+00	0.00e+00	0.00e+00	0.00e+00	0.00e+00	0.00e+00	1.91e-03	2.00e-04	1.23e-04
 1.15906e+16	2.30e-03	9.98e-01	9.10e-05	0.00e+00	0.00e+00	0.00e+00	0.00e+00	0.00e+00	0.00e+00	1.97e-03	2.05e-04	1.26e-04
 1.16617e+16	2.36e-03	9.98e-01	6.95e-05	0.00e+00	0.00e+00	0.00e+00	0.00e+00	0.00e+00	0.00e+00	2.02e-03	2.09e-04	1.28e-04
 1.17431e+16	2.44e-03	9.98e-01	5.09e-05	0.00e+00	0.00e+00	0.00e+00	0.00e+00	0.00e+00	0.00e+00	2.09e-03	2.13e-04	1.31e-04
 1.18346e+16	2.52e-03	9.97e-01	3.55e-05	0.00e+00	0.00e+00	0.00e+00	0.00e+00	0.00e+00	0.00e+00	2.16e-03	2.18e-04	1.35e-04
 1.19169e+16	2.59e-03	9.97e-01	2.53e-05	0.00e+00	0.00e+00	0.00e+00	0.00e+00	0.00e+00	0.00e+00	2.23e-03	2.23e-04	1.37e-04
 1.19849e+16	2.65e-03	9.97e-01	1.90e-05	0.00e+00	0.00e+00	0.00e+00	0.00e+00	0.00e+00	0.00e+00	2.28e-03	2.26e-04	1.40e-04
 1.20565e+16	2.70e-03	9.97e-01	1.40e-05	0.00e+00	0.00e+00	0.00e+00	0.00e+00	0.00e+00	0.00e+00	2.33e-03	2.29e-04	1.42e-04
 1.21496e+16	2.76e-03	9.97e-01	9.36e-06	0.00e+00	0.00e+00	0.00e+00	0.00e+00	0.00e+00	0.00e+00	2.39e-03	2.33e-04	1.44e-04
 1.22459e+16	2.83e-03	9.97e-01	6.01e-06	0.00e+00	0.00e+00	0.00e+00	0.00e+00	0.00e+00	0.00e+00	2.45e-03	2.36e-04	1.46e-04
 1.23231e+16	2.88e-03	9.97e-01	4.15e-06	0.00e+00	0.00e+00	0.00e+00	0.00e+00	0.00e+00	0.00e+00	2.49e-03	2.39e-04	1.48e-04
 1.24001e+16	2.92e-03	9.97e-01	2.85e-06	0.00e+00	0.00e+00	0.00e+00	0.00e+00	0.00e+00	0.00e+00	2.53e-03	2.41e-04	1.49e-04
 1.25003e+16	2.96e-03	9.97e-01	1.73e-06	0.00e+00	0.00e+00	0.00e+00	0.00e+00	0.00e+00	0.00e+00	2.57e-03	2.43e-04	1.51e-04
 1.26304e+16	3.02e-03	9.97e-01	8.97e-07	0.00e+00	0.00e+00	0.00e+00	0.00e+00	0.00e+00	0.00e+00	2.62e-03	2.46e-04	1.53e-04
 1.27996e+16	3.08e-03	9.97e-01	3.78e-07	0.00e+00	0.00e+00	0.00e+00	0.00e+00	0.00e+00	0.00e+00	2.67e-03	2.51e-04	1.55e-04
 1.30196e+16	3.16e-03	9.97e-01	1.23e-07	0.00e+00	0.00e+00	0.00e+00	0.00e+00	0.00e+00	0.00e+00	2.74e-03	2.58e-04	1.59e-04
 1.33056e+16	3.26e-03	9.97e-01	3.00e-08	0.00e+00	0.00e+00	0.00e+00	0.00e+00	0.00e+00	0.00e+00	2.83e-03	2.69e-04	1.65e-04
 1.36773e+16	3.39e-03	9.97e-01	5.35e-09	0.00e+00	0.00e+00	0.00e+00	0.00e+00	0.00e+00	0.00e+00	2.93e-03	2.84e-04	1.73e-04
 1.41579e+16	3.57e-03	9.96e-01	8.76e-10	0.00e+00	0.00e+00	0.00e+00	0.00e+00	0.00e+00	0.00e+00	3.08e-03	3.05e-04	1.84e-04
 1.46769e+16	3.81e-03	9.96e-01	3.16e-10	0.00e+00	0.00e+00	0.00e+00	0.00e+00	0.00e+00	0.00e+00	3.28e-03	3.33e-04	1.98e-04
 1.51470e+16	4.06e-03	9.96e-01	2.30e-10	0.00e+00	0.00e+00	0.00e+00	0.00e+00	0.00e+00	0.00e+00	3.48e-03	3.61e-04	2.13e-04
 1.55724e+16	4.29e-03	9.96e-01	1.94e-10	0.00e+00	0.00e+00	0.00e+00	0.00e+00	0.00e+00	0.00e+00	3.67e-03	3.90e-04	2.28e-04
 1.59671e+16	4.52e-03	9.95e-01	1.69e-10	0.00e+00	0.00e+00	0.00e+00	0.00e+00	0.00e+00	0.00e+00	3.86e-03	4.19e-04	2.43e-04
 1.63377e+16	4.75e-03	9.95e-01	1.51e-10	0.00e+00	0.00e+00	0.00e+00	0.00e+00	0.00e+00	0.00e+00	4.04e-03	4.49e-04	2.58e-04
 1.66884e+16	4.97e-03	9.95e-01	1.37e-10	0.00e+00	0.00e+00	0.00e+00	0.00e+00	0.00e+00	0.00e+00	4.22e-03	4.80e-04	2.73e-04
 1.70211e+16	5.19e-03	9.95e-01	1.25e-10	0.00e+00	0.00e+00	0.00e+00	0.00e+00	0.00e+00	0.00e+00	4.39e-03	5.12e-04	2.89e-04
 1.73356e+16	5.41e-03	9.95e-01	1.16e-10	0.00e+00	0.00e+00	0.00e+00	0.00e+00	0.00e+00	0.00e+00	4.56e-03	5.45e-04	3.05e-04
 1.76311e+16	5.62e-03	9.94e-01	1.08e-10	0.00e+00	0.00e+00	0.00e+00	0.00e+00	0.00e+00	0.00e+00	4.72e-03	5.78e-04	3.21e-04
 1.79094e+16	5.82e-03	9.94e-01	1.02e-10	0.00e+00	0.00e+00	0.00e+00	0.00e+00	0.00e+00	0.00e+00	4.87e-03	6.11e-04	3.37e-04
 1.81752e+16	6.02e-03	9.94e-01	9.60e-11	0.00e+00	0.00e+00	0.00e+00	0.00e+00	0.00e+00	0.00e+00	5.02e-03	6.45e-04	3.53e-04
 1.84304e+16	6.21e-03	9.94e-01	9.11e-11	0.00e+00	0.00e+00	0.00e+00	0.00e+00	0.00e+00	0.00e+00	5.17e-03	6.79e-04	3.69e-04
 1.86751e+16	6.40e-03	9.94e-01	8.68e-11	0.00e+00	0.00e+00	0.00e+00	0.00e+00	0.00e+00	0.00e+00	5.30e-03	7.14e-04	3.85e-04
 1.89102e+16	6.59e-03	9.93e-01	8.30e-11	0.00e+00	0.00e+00	0.00e+00	0.00e+00	0.00e+00	0.00e+00	5.44e-03	7.49e-04	4.01e-04
 1.91369e+16	6.77e-03	9.93e-01	7.96e-11	0.00e+00	0.00e+00	0.00e+00	0.00e+00	0.00e+00	0.00e+00	5.57e-03	7.85e-04	4.17e-04
 1.93562e+16	6.95e-03	9.93e-01	7.64e-11	0.00e+00	0.00e+00	0.00e+00	0.00e+00	0.00e+00	0.00e+00	5.70e-03	8.21e-04	4.33e-04
 1.95749e+16	7.12e-03	9.93e-01	7.35e-11	0.00e+00	0.00e+00	0.00e+00	0.00e+00	0.00e+00	0.00e+00	5.81e-03	8.58e-04	4.49e-04
 1.97892e+16	7.30e-03	9.93e-01	7.08e-11	0.00e+00	0.00e+00	0.00e+00	0.00e+00	0.00e+00	0.00e+00	5.94e-03	8.97e-04	4.66e-04
 1.99920e+16	7.47e-03	9.93e-01	6.84e-11	0.00e+00	0.00e+00	0.00e+00	0.00e+00	0.00e+00	0.00e+00	6.05e-03	9.35e-04	4.83e-04
 2.01893e+16	7.63e-03	9.92e-01	6.61e-11	0.00e+00	0.00e+00	0.00e+00	0.00e+00	0.00e+00	0.00e+00	6.16e-03	9.73e-04	4.99e-04
 2.03840e+16	7.80e-03	9.92e-01	6.39e-11	0.00e+00	0.00e+00	0.00e+00	0.00e+00	0.00e+00	0.00e+00	6.27e-03	1.01e-03	5.16e-04
 2.05767e+16	7.96e-03	9.92e-01	6.19e-11	0.00e+00	0.00e+00	0.00e+00	0.00e+00	0.00e+00	0.00e+00	6.38e-03	1.05e-03	5.33e-04
 2.07680e+16	8.13e-03	9.92e-01	5.99e-11	0.00e+00	0.00e+00	0.00e+00	0.00e+00	0.00e+00	0.00e+00	6.49e-03	1.09e-03	5.50e-04
 2.09588e+16	8.30e-03	9.92e-01	5.79e-11	0.00e+00	0.00e+00	0.00e+00	0.00e+00	0.00e+00	0.00e+00	6.61e-03	1.13e-03	5.68e-04
 2.11501e+16	8.48e-03	9.92e-01	5.61e-11	0.00e+00	0.00e+00	0.00e+00	0.00e+00	0.00e+00	0.00e+00	6.73e-03	1.16e-03	5.87e-04
 2.13428e+16	8.66e-03	9.91e-01	5.42e-11	0.00e+00	0.00e+00	0.00e+00	0.00e+00	0.00e+00	0.00e+00	6.86e-03	1.19e-03	6.06e-04
 2.15378e+16	8.86e-03	9.91e-01	5.24e-11	0.00e+00	0.00e+00	0.00e+00	0.00e+00	0.00e+00	0.00e+00	7.00e-03	1.23e-03	6.27e-04
 2.17360e+16	9.07e-03	9.91e-01	5.06e-11	0.00e+00	0.00e+00	0.00e+00	0.00e+00	0.00e+00	0.00e+00	7.15e-03	1.27e-03	6.48e-04
 2.19381e+16	9.29e-03	9.91e-01	4.89e-11	0.00e+00	0.00e+00	0.00e+00	0.00e+00	0.00e+00	0.00e+00	7.31e-03	1.31e-03	6.71e-04
 2.21451e+16	9.52e-03	9.90e-01	4.71e-11	0.00e+00	0.00e+00	0.00e+00	0.00e+00	0.00e+00	0.00e+00	7.48e-03	1.35e-03	6.96e-04
 2.23539e+16	9.79e-03	9.90e-01	4.54e-11	0.00e+00	0.00e+00	0.00e+00	0.00e+00	0.00e+00	0.00e+00	7.68e-03	1.39e-03	7.22e-04
 2.25704e+16	1.01e-02	9.90e-01	4.36e-11	0.00e+00	0.00e+00	0.00e+00	0.00e+00	0.00e+00	0.00e+00	7.87e-03	1.44e-03	7.50e-04
 2.27985e+16	1.04e-02	9.90e-01	4.18e-11	0.00e+00	0.00e+00	0.00e+00	0.00e+00	0.00e+00	0.00e+00	8.11e-03	1.50e-03	7.82e-04
 2.30324e+16	1.07e-02	9.89e-01	4.01e-11	0.00e+00	0.00e+00	0.00e+00	0.00e+00	0.00e+00	0.00e+00	8.37e-03	1.56e-03	8.16e-04
 2.32719e+16	1.11e-02	9.89e-01	3.84e-11	0.00e+00	0.00e+00	0.00e+00	0.00e+00	0.00e+00	0.00e+00	8.65e-03	1.62e-03	8.54e-04
 2.35182e+16	1.16e-02	9.88e-01	3.66e-11	0.00e+00	0.00e+00	0.00e+00	0.00e+00	0.00e+00	0.00e+00	8.96e-03	1.70e-03	8.95e-04
 2.37715e+16	1.20e-02	9.88e-01	3.50e-11	0.00e+00	0.00e+00	0.00e+00	0.00e+00	0.00e+00	0.00e+00	9.31e-03	1.78e-03	9.41e-04
 2.40312e+16	1.26e-02	9.87e-01	3.33e-11	0.00e+00	0.00e+00	0.00e+00	0.00e+00	0.00e+00	0.00e+00	9.70e-03	1.87e-03	9.92e-04
 2.42969e+16	1.32e-02	9.87e-01	3.16e-11	0.00e+00	0.00e+00	0.00e+00	0.00e+00	0.00e+00	0.00e+00	1.01e-02	1.97e-03	1.05e-03
 2.45678e+16	1.38e-02	9.86e-01	3.00e-11	0.00e+00	0.00e+00	0.00e+00	0.00e+00	0.00e+00	0.00e+00	1.06e-02	2.08e-03	1.11e-03
 2.48433e+16	1.45e-02	9.85e-01	2.85e-11	0.00e+00	0.00e+00	0.00e+00	0.00e+00	0.00e+00	0.00e+00	1.12e-02	2.21e-03	1.18e-03
 2.51224e+16	1.54e-02	9.85e-01	2.69e-11	0.00e+00	0.00e+00	0.00e+00	0.00e+00	0.00e+00	0.00e+00	1.18e-02	2.35e-03	1.26e-03
 2.54037e+16	1.63e-02	9.84e-01	2.55e-11	0.00e+00	0.00e+00	0.00e+00	0.00e+00	0.00e+00	0.00e+00	1.24e-02	2.51e-03	1.34e-03
 2.56859e+16	1.73e-02	9.83e-01	2.40e-11	0.00e+00	0.00e+00	0.00e+00	0.00e+00	0.00e+00	0.00e+00	1.32e-02	2.68e-03	1.44e-03
 2.59679e+16	1.84e-02	9.82e-01	2.27e-11	0.00e+00	0.00e+00	0.00e+00	0.00e+00	0.00e+00	0.00e+00	1.40e-02	2.88e-03	1.55e-03
 2.62486e+16	1.97e-02	9.80e-01	2.13e-11	0.00e+00	0.00e+00	0.00e+00	0.00e+00	0.00e+00	0.00e+00	1.49e-02	3.09e-03	1.67e-03
 2.65269e+16	2.11e-02	9.79e-01	2.01e-11	0.00e+00	0.00e+00	0.00e+00	0.00e+00	0.00e+00	0.00e+00	1.59e-02	3.33e-03	1.80e-03
 2.68020e+16	2.26e-02	9.77e-01	1.89e-11	0.00e+00	0.00e+00	0.00e+00	0.00e+00	0.00e+00	0.00e+00	1.71e-02	3.60e-03	1.95e-03
 2.70730e+16	2.44e-02	9.76e-01	1.77e-11	0.00e+00	0.00e+00	0.00e+00	0.00e+00	0.00e+00	0.00e+00	1.84e-02	3.90e-03	2.12e-03
 2.73394e+16	2.64e-02	9.74e-01	1.66e-11	0.00e+00	0.00e+00	0.00e+00	0.00e+00	0.00e+00	0.00e+00	1.98e-02	4.24e-03	2.31e-03
 2.76007e+16	2.86e-02	9.71e-01	1.55e-11	0.00e+00	0.00e+00	0.00e+00	0.00e+00	0.00e+00	0.00e+00	2.15e-02	4.62e-03	2.52e-03
 2.78564e+16	3.11e-02	9.69e-01	1.45e-11	0.00e+00	0.00e+00	0.00e+00	0.00e+00	0.00e+00	0.00e+00	2.33e-02	5.05e-03	2.76e-03
 2.81065e+16	3.40e-02	9.66e-01	1.36e-11	0.00e+00	0.00e+00	0.00e+00	0.00e+00	0.00e+00	0.00e+00	2.54e-02	5.54e-03	3.04e-03
 2.83507e+16	3.73e-02	9.63e-01	1.26e-11	0.00e+00	0.00e+00	0.00e+00	0.00e+00	0.00e+00	0.00e+00	2.78e-02	6.11e-03	3.36e-03
 2.85894e+16	4.11e-02	9.59e-01	1.17e-11	0.00e+00	0.00e+00	0.00e+00	0.00e+00	0.00e+00	0.00e+00	3.06e-02	6.77e-03	3.73e-03
 2.88228e+16	4.56e-02	9.54e-01	1.09e-11	0.00e+00	0.00e+00	0.00e+00	0.00e+00	0.00e+00	0.00e+00	3.39e-02	7.54e-03	4.16e-03
 2.90514e+16	5.09e-02	9.49e-01	1.01e-11	0.00e+00	0.00e+00	0.00e+00	0.00e+00	0.00e+00	0.00e+00	3.77e-02	8.45e-03	4.67e-03
 2.92758e+16	5.73e-02	9.43e-01	9.25e-12	0.00e+00	0.00e+00	0.00e+00	0.00e+00	0.00e+00	0.00e+00	4.24e-02	9.56e-03	5.29e-03
 2.94969e+16	6.51e-02	9.35e-01	8.48e-12	0.00e+00	0.00e+00	0.00e+00	0.00e+00	0.00e+00	0.00e+00	4.82e-02	1.09e-02	6.05e-03
 2.97159e+16	7.51e-02	9.25e-01	7.74e-12	0.00e+00	0.00e+00	0.00e+00	0.00e+00	0.00e+00	0.00e+00	5.55e-02	1.26e-02	6.99e-03
 2.99324e+16	8.80e-02	9.12e-01	7.03e-12	0.00e+00	0.00e+00	0.00e+00	0.00e+00	0.00e+00	0.00e+00	6.50e-02	1.48e-02	8.18e-03
 3.01328e+16	1.05e-01	8.95e-01	6.34e-12	0.00e+00	0.00e+00	0.00e+00	0.00e+00	0.00e+00	0.00e+00	7.75e-02	1.76e-02	9.73e-03
 3.02983e+16	1.24e-01	8.76e-01	5.79e-12	0.00e+00	0.00e+00	0.00e+00	0.00e+00	0.00e+00	0.00e+00	9.19e-02	2.07e-02	1.15e-02
 3.04283e+16	1.44e-01	8.56e-01	5.38e-12	0.00e+00	0.00e+00	0.00e+00	0.00e+00	0.00e+00	0.00e+00	1.07e-01	2.40e-02	1.33e-02
 3.05381e+16	1.66e-01	8.34e-01	5.00e-12	0.00e+00	0.00e+00	0.00e+00	0.00e+00	0.00e+00	0.00e+00	1.23e-01	2.74e-02	1.53e-02
 3.06416e+16	1.90e-01	8.10e-01	4.76e-12	0.00e+00	0.00e+00	0.00e+00	0.00e+00	0.00e+00	0.00e+00	1.41e-01	3.11e-02	1.74e-02
 3.07439e+16	2.20e-01	7.80e-01	4.49e-12	0.00e+00	0.00e+00	0.00e+00	0.00e+00	0.00e+00	0.00e+00	1.65e-01	3.57e-02	2.01e-02
 3.08408e+16	2.57e-01	7.43e-01	4.27e-12	0.00e+00	0.00e+00	0.00e+00	0.00e+00	0.00e+00	0.00e+00	1.93e-01	4.09e-02	2.33e-02
 3.09261e+16	2.98e-01	7.02e-01	4.08e-12	0.00e+00	0.00e+00	0.00e+00	0.00e+00	0.00e+00	0.00e+00	2.25e-01	4.65e-02	2.67e-02
 3.09973e+16	3.40e-01	6.60e-01	3.93e-12	0.00e+00	0.00e+00	0.00e+00	0.00e+00	0.00e+00	0.00e+00	2.58e-01	5.19e-02	3.02e-02
 3.10526e+16	3.79e-01	6.21e-01	3.82e-12	0.00e+00	0.00e+00	0.00e+00	0.00e+00	0.00e+00	0.00e+00	2.89e-01	5.65e-02	3.32e-02
 3.10937e+16	4.11e-01	5.89e-01	3.73e-12	0.00e+00	0.00e+00	0.00e+00	0.00e+00	0.00e+00	0.00e+00	3.15e-01	6.00e-02	3.56e-02
 3.11265e+16	4.38e-01	5.62e-01	3.66e-12	0.00e+00	0.00e+00	0.00e+00	0.00e+00	0.00e+00	0.00e+00	3.38e-01	6.28e-02	3.76e-02
 3.11569e+16	4.63e-01	5.37e-01	3.61e-12	0.00e+00	0.00e+00	0.00e+00	0.00e+00	0.00e+00	0.00e+00	3.59e-01	6.52e-02	3.94e-02
 3.11860e+16	4.89e-01	5.11e-01	3.55e-12	0.00e+00	0.00e+00	0.00e+00	0.00e+00	0.00e+00	0.00e+00	3.81e-01	6.75e-02	4.12e-02
 3.12125e+16	5.14e-01	4.86e-01	3.48e-12	0.00e+00	0.00e+00	0.00e+00	0.00e+00	0.00e+00	0.00e+00	4.02e-01	6.95e-02	4.28e-02
 3.12366e+16	5.37e-01	4.63e-01	3.43e-12	0.00e+00	0.00e+00	0.00e+00	0.00e+00	0.00e+00	0.00e+00	4.22e-01	7.11e-02	4.42e-02
 3.12585e+16	5.58e-01	4.42e-01	3.40e-12	0.00e+00	0.00e+00	0.00e+00	0.00e+00	0.00e+00	0.00e+00	4.40e-01	7.25e-02	4.54e-02
 3.12782e+16	5.78e-01	4.22e-01	3.34e-12	0.00e+00	0.00e+00	0.00e+00	0.00e+00	0.00e+00	0.00e+00	4.58e-01	7.36e-02	4.65e-02
 3.12967e+16	5.96e-01	4.04e-01	3.30e-12	0.00e+00	0.00e+00	0.00e+00	0.00e+00	0.00e+00	0.00e+00	4.74e-01	7.45e-02	4.75e-02
 3.13124e+16	6.13e-01	3.87e-01	3.25e-12	0.00e+00	0.00e+00	0.00e+00	0.00e+00	0.00e+00	0.00e+00	4.89e-01	7.52e-02	4.83e-02
 3.13239e+16	6.24e-01	3.76e-01	3.22e-12	0.00e+00	0.00e+00	0.00e+00	0.00e+00	0.00e+00	0.00e+00	4.99e-01	7.56e-02	4.88e-02
 3.13340e+16	6.34e-01	3.66e-01	3.19e-12	0.00e+00	0.00e+00	0.00e+00	0.00e+00	0.00e+00	0.00e+00	5.09e-01	7.59e-02	4.92e-02
 3.13457e+16	6.45e-01	3.55e-01	3.16e-12	0.00e+00	0.00e+00	0.00e+00	0.00e+00	0.00e+00	0.00e+00	5.20e-01	7.62e-02	4.97e-02
 3.13586e+16	6.58e-01	3.42e-01	3.12e-12	0.00e+00	0.00e+00	0.00e+00	0.00e+00	0.00e+00	0.00e+00	5.32e-01	7.65e-02	5.02e-02
 3.13711e+16	6.71e-01	3.29e-01	3.07e-12	0.00e+00	0.00e+00	0.00e+00	0.00e+00	0.00e+00	0.00e+00	5.43e-01	7.67e-02	5.06e-02
 3.13826e+16	6.81e-01	3.19e-01	3.04e-12	0.00e+00	0.00e+00	0.00e+00	0.00e+00	0.00e+00	0.00e+00	5.54e-01	7.68e-02	5.09e-02
 3.13938e+16	6.93e-01	3.07e-01	3.00e-12	0.00e+00	0.00e+00	0.00e+00	0.00e+00	0.00e+00	0.00e+00	5.64e-01	7.69e-02	5.12e-02
 3.14053e+16	7.04e-01	2.96e-01	2.95e-12	0.00e+00	0.00e+00	0.00e+00	0.00e+00	0.00e+00	0.00e+00	5.75e-01	7.68e-02	5.15e-02
 3.14167e+16	7.14e-01	2.86e-01	2.91e-12	0.00e+00	0.00e+00	0.00e+00	0.00e+00	0.00e+00	0.00e+00	5.86e-01	7.68e-02	5.18e-02
 3.14279e+16	7.25e-01	2.75e-01	2.87e-12	0.00e+00	0.00e+00	0.00e+00	0.00e+00	0.00e+00	0.00e+00	5.96e-01	7.66e-02	5.19e-02
 3.14391e+16	7.35e-01	2.65e-01	2.83e-12	0.00e+00	0.00e+00	0.00e+00	0.00e+00	0.00e+00	0.00e+00	6.07e-01	7.64e-02	5.20e-02
 3.14504e+16	7.45e-01	2.55e-01	2.78e-12	0.00e+00	0.00e+00	0.00e+00	0.00e+00	0.00e+00	0.00e+00	6.17e-01	7.61e-02	5.20e-02
 3.14613e+16	7.55e-01	2.45e-01	2.74e-12	0.00e+00	0.00e+00	0.00e+00	0.00e+00	0.00e+00	0.00e+00	6.27e-01	7.58e-02	5.20e-02
 3.14720e+16	7.64e-01	2.36e-01	2.69e-12	0.00e+00	0.00e+00	0.00e+00	0.00e+00	0.00e+00	0.00e+00	6.37e-01	7.54e-02	5.20e-02
 3.14829e+16	7.73e-01	2.27e-01	2.65e-12	0.00e+00	0.00e+00	0.00e+00	0.00e+00	0.00e+00	0.00e+00	6.46e-01	7.50e-02	5.19e-02
 3.14941e+16	7.82e-01	2.18e-01	2.60e-12	0.00e+00	0.00e+00	0.00e+00	0.00e+00	0.00e+00	0.00e+00	6.56e-01	7.45e-02	5.18e-02
 3.15049e+16	7.91e-01	2.09e-01	2.55e-12	0.00e+00	0.00e+00	0.00e+00	0.00e+00	0.00e+00	0.00e+00	6.66e-01	7.40e-02	5.16e-02
 3.15154e+16	8.00e-01	2.00e-01	2.50e-12	0.00e+00	0.00e+00	0.00e+00	0.00e+00	0.00e+00	0.00e+00	6.75e-01	7.34e-02	5.14e-02
 3.15257e+16	8.08e-01	1.92e-01	2.45e-12	0.00e+00	0.00e+00	0.00e+00	0.00e+00	0.00e+00	0.00e+00	6.84e-01	7.29e-02	5.12e-02
 3.15361e+16	8.15e-01	1.85e-01	2.41e-12	0.00e+00	0.00e+00	0.00e+00	0.00e+00	0.00e+00	0.00e+00	6.92e-01	7.23e-02	5.10e-02
 3.15465e+16	8.23e-01	1.77e-01	2.36e-12	0.00e+00	0.00e+00	0.00e+00	0.00e+00	0.00e+00	0.00e+00	7.01e-01	7.17e-02	5.07e-02
 3.15569e+16	8.30e-01	1.70e-01	2.31e-12	0.00e+00	0.00e+00	0.00e+00	0.00e+00	0.00e+00	0.00e+00	7.09e-01	7.10e-02	5.04e-02
 3.15671e+16	8.38e-01	1.62e-01	2.26e-12	0.00e+00	0.00e+00	0.00e+00	0.00e+00	0.00e+00	0.00e+00	7.17e-01	7.04e-02	5.01e-02
 3.15770e+16	8.44e-01	1.56e-01	2.21e-12	0.00e+00	0.00e+00	0.00e+00	0.00e+00	0.00e+00	0.00e+00	7.25e-01	6.97e-02	4.97e-02
 3.15866e+16	8.50e-01	1.50e-01	2.17e-12	0.00e+00	0.00e+00	0.00e+00	0.00e+00	0.00e+00	0.00e+00	7.32e-01	6.91e-02	4.94e-02
 3.15962e+16	8.56e-01	1.44e-01	2.12e-12	0.00e+00	0.00e+00	0.00e+00	0.00e+00	0.00e+00	0.00e+00	7.39e-01	6.84e-02	4.90e-02
 3.16058e+16	8.62e-01	1.38e-01	2.08e-12	0.00e+00	0.00e+00	0.00e+00	0.00e+00	0.00e+00	0.00e+00	7.46e-01	6.77e-02	4.87e-02
 3.16153e+16	8.68e-01	1.32e-01	2.03e-12	0.00e+00	0.00e+00	0.00e+00	0.00e+00	0.00e+00	0.00e+00	7.53e-01	6.70e-02	4.83e-02
 3.16246e+16	8.73e-01	1.27e-01	1.99e-12	0.00e+00	0.00e+00	0.00e+00	0.00e+00	0.00e+00	0.00e+00	7.59e-01	6.64e-02	4.79e-02
 3.16339e+16	8.78e-01	1.22e-01	1.94e-12	0.00e+00	0.00e+00	0.00e+00	0.00e+00	0.00e+00	0.00e+00	7.65e-01	6.57e-02	4.75e-02
 3.16431e+16	8.83e-01	1.17e-01	1.90e-12	0.00e+00	0.00e+00	0.00e+00	0.00e+00	0.00e+00	0.00e+00	7.71e-01	6.50e-02	4.71e-02
 3.16520e+16	8.88e-01	1.12e-01	1.85e-12	0.00e+00	0.00e+00	0.00e+00	0.00e+00	0.00e+00	0.00e+00	7.77e-01	6.43e-02	4.67e-02
 3.16610e+16	8.92e-01	1.08e-01	1.81e-12	0.00e+00	0.00e+00	0.00e+00	0.00e+00	0.00e+00	0.00e+00	7.82e-01	6.37e-02	4.64e-02
 3.16700e+16	8.97e-01	1.03e-01	1.77e-12	0.00e+00	0.00e+00	0.00e+00	0.00e+00	0.00e+00	0.00e+00	7.88e-01	6.31e-02	4.60e-02
 3.16788e+16	9.01e-01	9.89e-02	1.73e-12	0.00e+00	0.00e+00	0.00e+00	0.00e+00	0.00e+00	0.00e+00	7.93e-01	6.24e-02	4.56e-02
 3.16875e+16	9.05e-01	9.49e-02	1.69e-12	0.00e+00	0.00e+00	0.00e+00	0.00e+00	0.00e+00	0.00e+00	7.98e-01	6.18e-02	4.52e-02
 3.16961e+16	9.09e-01	9.11e-02	1.65e-12	0.00e+00	0.00e+00	0.00e+00	0.00e+00	0.00e+00	0.00e+00	8.03e-01	6.12e-02	4.48e-02
 3.17047e+16	9.12e-01	8.75e-02	1.61e-12	0.00e+00	0.00e+00	0.00e+00	0.00e+00	0.00e+00	0.00e+00	8.07e-01	6.06e-02	4.45e-02
 3.17133e+16	9.16e-01	8.40e-02	1.58e-12	0.00e+00	0.00e+00	0.00e+00	0.00e+00	0.00e+00	0.00e+00	8.12e-01	6.00e-02	4.41e-02
 3.17218e+16	9.19e-01	8.06e-02	1.54e-12	0.00e+00	0.00e+00	0.00e+00	0.00e+00	0.00e+00	0.00e+00	8.16e-01	5.94e-02	4.37e-02
 3.17301e+16	9.23e-01	7.73e-02	1.50e-12	0.00e+00	0.00e+00	0.00e+00	0.00e+00	0.00e+00	0.00e+00	8.21e-01	5.88e-02	4.33e-02
 3.17384e+16	9.26e-01	7.41e-02	1.46e-12	0.00e+00	0.00e+00	0.00e+00	0.00e+00	0.00e+00	0.00e+00	8.25e-01	5.83e-02	4.30e-02
 3.17467e+16	9.29e-01	7.13e-02	1.43e-12	0.00e+00	0.00e+00	0.00e+00	0.00e+00	0.00e+00	0.00e+00	8.28e-01	5.77e-02	4.26e-02
 3.17550e+16	9.32e-01	6.83e-02	1.39e-12	0.00e+00	0.00e+00	0.00e+00	0.00e+00	0.00e+00	0.00e+00	8.32e-01	5.72e-02	4.23e-02
 3.17631e+16	9.34e-01	6.56e-02	1.36e-12	0.00e+00	0.00e+00	0.00e+00	0.00e+00	0.00e+00	0.00e+00	8.36e-01	5.67e-02	4.19e-02
 3.17712e+16	9.37e-01	6.30e-02	1.33e-12	0.00e+00	0.00e+00	0.00e+00	0.00e+00	0.00e+00	0.00e+00	8.39e-01	5.61e-02	4.16e-02
 3.17790e+16	9.40e-01	6.04e-02	1.30e-12	0.00e+00	0.00e+00	0.00e+00	0.00e+00	0.00e+00	0.00e+00	8.43e-01	5.56e-02	4.12e-02
 3.17870e+16	9.42e-01	5.79e-02	1.27e-12	0.00e+00	0.00e+00	0.00e+00	0.00e+00	0.00e+00	0.00e+00	8.46e-01	5.52e-02	4.09e-02
 3.17951e+16	9.44e-01	5.56e-02	1.24e-12	0.00e+00	0.00e+00	0.00e+00	0.00e+00	0.00e+00	0.00e+00	8.49e-01	5.47e-02	4.06e-02
 3.18029e+16	9.47e-01	5.34e-02	1.21e-12	0.00e+00	0.00e+00	0.00e+00	0.00e+00	0.00e+00	0.00e+00	8.52e-01	5.42e-02	4.03e-02
 3.18102e+16	9.49e-01	5.13e-02	1.18e-12	0.00e+00	0.00e+00	0.00e+00	0.00e+00	0.00e+00	0.00e+00	8.55e-01	5.38e-02	4.00e-02
 3.18177e+16	9.51e-01	4.93e-02	1.15e-12	0.00e+00	0.00e+00	0.00e+00	0.00e+00	0.00e+00	0.00e+00	8.58e-01	5.33e-02	3.97e-02
 3.18256e+16	9.53e-01	4.72e-02	1.12e-12	0.00e+00	0.00e+00	0.00e+00	0.00e+00	0.00e+00	0.00e+00	8.61e-01	5.29e-02	3.93e-02
 3.18333e+16	9.55e-01	4.52e-02	1.10e-12	0.00e+00	0.00e+00	0.00e+00	0.00e+00	0.00e+00	0.00e+00	8.63e-01	5.24e-02	3.90e-02
 3.18405e+16	9.57e-01	4.34e-02	1.07e-12	0.00e+00	0.00e+00	0.00e+00	0.00e+00	0.00e+00	0.00e+00	8.66e-01	5.20e-02	3.87e-02
 3.18474e+16	9.58e-01	4.18e-02	1.05e-12	0.00e+00	0.00e+00	0.00e+00	0.00e+00	0.00e+00	0.00e+00	8.68e-01	5.16e-02	3.85e-02
 3.18540e+16	9.60e-01	4.02e-02	1.03e-12	0.00e+00	0.00e+00	0.00e+00	0.00e+00	0.00e+00	0.00e+00	8.70e-01	5.12e-02	3.82e-02
 3.18604e+16	9.61e-01	3.87e-02	1.01e-12	0.00e+00	0.00e+00	0.00e+00	0.00e+00	0.00e+00	0.00e+00	8.73e-01	5.09e-02	3.79e-02
 3.18663e+16	9.63e-01	3.73e-02	9.87e-13	0.00e+00	0.00e+00	0.00e+00	0.00e+00	0.00e+00	0.00e+00	8.74e-01	5.05e-02	3.77e-02
 3.18719e+16	9.64e-01	3.61e-02	9.70e-13	0.00e+00	0.00e+00	0.00e+00	0.00e+00	0.00e+00	0.00e+00	8.76e-01	5.02e-02	3.74e-02
 3.18772e+16	9.65e-01	3.49e-02	9.53e-13	0.00e+00	0.00e+00	0.00e+00	0.00e+00	0.00e+00	0.00e+00	8.78e-01	4.99e-02	3.72e-02
 3.18824e+16	9.66e-01	3.38e-02	9.37e-13	0.00e+00	0.00e+00	0.00e+00	0.00e+00	0.00e+00	0.00e+00	8.80e-01	4.96e-02	3.70e-02
 3.18874e+16	9.67e-01	3.27e-02	9.22e-13	0.00e+00	0.00e+00	0.00e+00	0.00e+00	0.00e+00	0.00e+00	8.81e-01	4.93e-02	3.68e-02
 3.18923e+16	9.68e-01	3.17e-02	9.07e-13	0.00e+00	0.00e+00	0.00e+00	0.00e+00	0.00e+00	0.00e+00	8.83e-01	4.90e-02	3.65e-02
 3.18971e+16	9.69e-01	3.07e-02	8.93e-13	0.00e+00	0.00e+00	0.00e+00	0.00e+00	0.00e+00	0.00e+00	8.84e-01	4.87e-02	3.63e-02
 3.19019e+16	9.70e-01	2.97e-02	8.80e-13	0.00e+00	0.00e+00	0.00e+00	0.00e+00	0.00e+00	0.00e+00	8.86e-01	4.84e-02	3.61e-02
 3.19067e+16	9.71e-01	2.87e-02	8.66e-13	0.00e+00	0.00e+00	0.00e+00	0.00e+00	0.00e+00	0.00e+00	8.87e-01	4.81e-02	3.59e-02
 3.19117e+16	9.72e-01	2.77e-02	8.52e-13	0.00e+00	0.00e+00	0.00e+00	0.00e+00	0.00e+00	0.00e+00	8.89e-01	4.78e-02	3.56e-02
 3.19168e+16	9.73e-01	2.67e-02	8.37e-13	0.00e+00	0.00e+00	0.00e+00	0.00e+00	0.00e+00	0.00e+00	8.91e-01	4.74e-02	3.54e-02
 3.19219e+16	9.74e-01	2.56e-02	8.23e-13	0.00e+00	0.00e+00	0.00e+00	0.00e+00	0.00e+00	0.00e+00	8.92e-01	4.71e-02	3.51e-02
 3.19264e+16	9.75e-01	2.47e-02	8.10e-13	0.00e+00	0.00e+00	0.00e+00	0.00e+00	0.00e+00	0.00e+00	8.94e-01	4.68e-02	3.49e-02
 3.19304e+16	9.76e-01	2.39e-02	7.99e-13	0.00e+00	0.00e+00	0.00e+00	0.00e+00	0.00e+00	0.00e+00	8.95e-01	4.65e-02	3.46e-02
 3.19340e+16	9.77e-01	2.32e-02	7.89e-13	0.00e+00	0.00e+00	0.00e+00	0.00e+00	0.00e+00	0.00e+00	8.96e-01	4.62e-02	3.44e-02
 3.19374e+16	9.77e-01	2.25e-02	7.79e-13	0.00e+00	0.00e+00	0.00e+00	0.00e+00	0.00e+00	0.00e+00	8.97e-01	4.60e-02	3.42e-02
 3.19407e+16	9.78e-01	2.19e-02	7.69e-13	0.00e+00	0.00e+00	0.00e+00	0.00e+00	0.00e+00	0.00e+00	8.98e-01	4.57e-02	3.40e-02
 3.19438e+16	9.79e-01	2.13e-02	7.60e-13	0.00e+00	0.00e+00	0.00e+00	0.00e+00	0.00e+00	0.00e+00	8.99e-01	4.55e-02	3.38e-02
 3.19466e+16	9.79e-01	2.07e-02	7.51e-13	0.00e+00	0.00e+00	0.00e+00	0.00e+00	0.00e+00	0.00e+00	9.00e-01	4.52e-02	3.36e-02
 3.19492e+16	9.80e-01	2.02e-02	7.43e-13	0.00e+00	0.00e+00	0.00e+00	0.00e+00	0.00e+00	0.00e+00	9.01e-01	4.50e-02	3.34e-02
 3.19515e+16	9.80e-01	1.97e-02	7.35e-13	0.00e+00	0.00e+00	0.00e+00	0.00e+00	0.00e+00	0.00e+00	9.02e-01	4.48e-02	3.33e-02
 3.19536e+16	9.81e-01	1.93e-02	7.27e-13	0.00e+00	0.00e+00	0.00e+00	0.00e+00	0.00e+00	0.00e+00	9.03e-01	4.46e-02	3.31e-02
 3.19556e+16	9.81e-01	1.89e-02	7.21e-13	0.00e+00	0.00e+00	0.00e+00	0.00e+00	0.00e+00	0.00e+00	9.04e-01	4.45e-02	3.30e-02
 3.19573e+16	9.81e-01	1.86e-02	7.14e-13	0.00e+00	0.00e+00	0.00e+00	0.00e+00	0.00e+00	0.00e+00	9.04e-01	4.43e-02	3.28e-02
 3.19589e+16	9.82e-01	1.83e-02	7.08e-13	0.00e+00	0.00e+00	0.00e+00	0.00e+00	0.00e+00	0.00e+00	9.05e-01	4.42e-02	3.27e-02
 3.19607e+16	9.82e-01	1.80e-02	7.01e-13	0.00e+00	0.00e+00	0.00e+00	0.00e+00	0.00e+00	0.00e+00	9.05e-01	4.40e-02	3.26e-02
 3.19626e+16	9.82e-01	1.76e-02	6.94e-13	0.00e+00	0.00e+00	0.00e+00	0.00e+00	0.00e+00	0.00e+00	9.06e-01	4.37e-02	3.24e-02
 3.19643e+16	9.83e-01	1.73e-02	6.87e-13	0.00e+00	0.00e+00	0.00e+00	0.00e+00	0.00e+00	0.00e+00	9.07e-01	4.35e-02	3.23e-02
 3.19659e+16	9.83e-01	1.70e-02	6.81e-13	0.00e+00	0.00e+00	0.00e+00	0.00e+00	0.00e+00	0.00e+00	9.07e-01	4.34e-02	3.22e-02
 3.19676e+16	9.83e-01	1.67e-02	6.74e-13	0.00e+00	0.00e+00	0.00e+00	0.00e+00	0.00e+00	0.00e+00	9.08e-01	4.32e-02	3.21e-02
 3.19695e+16	9.84e-01	1.64e-02	6.66e-13	0.00e+00	0.00e+00	0.00e+00	0.00e+00	0.00e+00	0.00e+00	9.09e-01	4.29e-02	3.19e-02
 3.19712e+16	9.84e-01	1.61e-02	6.59e-13	0.00e+00	0.00e+00	0.00e+00	0.00e+00	0.00e+00	0.00e+00	9.09e-01	4.28e-02	3.18e-02
 3.19727e+16	9.84e-01	1.58e-02	6.52e-13	0.00e+00	0.00e+00	0.00e+00	0.00e+00	0.00e+00	0.00e+00	9.10e-01	4.26e-02	3.16e-02
 3.19741e+16	9.84e-01	1.56e-02	6.46e-13	0.00e+00	0.00e+00	0.00e+00	0.00e+00	0.00e+00	0.00e+00	9.10e-01	4.24e-02	3.15e-02
 3.19756e+16	9.85e-01	1.53e-02	6.39e-13	0.00e+00	0.00e+00	0.00e+00	0.00e+00	0.00e+00	0.00e+00	9.11e-01	4.23e-02	3.14e-02
 3.19776e+16	9.85e-01	1.50e-02	6.30e-13	0.00e+00	0.00e+00	0.00e+00	0.00e+00	0.00e+00	0.00e+00	9.12e-01	4.20e-02	3.12e-02
 3.19798e+16	9.85e-01	1.47e-02	6.22e-13	0.00e+00	0.00e+00	0.00e+00	0.00e+00	0.00e+00	0.00e+00	9.12e-01	4.18e-02	3.11e-02
 3.19817e+16	9.86e-01	1.44e-02	6.13e-13	0.00e+00	0.00e+00	0.00e+00	0.00e+00	0.00e+00	0.00e+00	9.13e-01	4.17e-02	3.10e-02
 3.19835e+16	9.86e-01	1.41e-02	6.06e-13	0.00e+00	0.00e+00	0.00e+00	0.00e+00	0.00e+00	0.00e+00	9.14e-01	4.15e-02	3.08e-02
 3.19852e+16	9.86e-01	1.39e-02	5.98e-13	0.00e+00	0.00e+00	0.00e+00	0.00e+00	0.00e+00	0.00e+00	9.14e-01	4.13e-02	3.07e-02
 3.19869e+16	9.86e-01	1.36e-02	5.90e-13	0.00e+00	0.00e+00	0.00e+00	0.00e+00	0.00e+00	0.00e+00	9.15e-01	4.12e-02	3.06e-02
 3.19892e+16	9.87e-01	1.33e-02	5.79e-13	0.00e+00	0.00e+00	0.00e+00	0.00e+00	0.00e+00	0.00e+00	9.15e-01	4.09e-02	3.04e-02
 3.19917e+16	9.87e-01	1.30e-02	5.68e-13	0.00e+00	0.00e+00	0.00e+00	0.00e+00	0.00e+00	0.00e+00	9.16e-01	4.07e-02	3.02e-02
 3.19940e+16	9.87e-01	1.27e-02	5.58e-13	0.00e+00	0.00e+00	0.00e+00	0.00e+00	0.00e+00	0.00e+00	9.17e-01	4.05e-02	3.00e-02
 3.19961e+16	9.88e-01	1.24e-02	5.49e-13	0.00e+00	0.00e+00	0.00e+00	0.00e+00	0.00e+00	0.00e+00	9.17e-01	4.03e-02	2.99e-02
 3.19980e+16	9.88e-01	1.22e-02	5.40e-13	0.00e+00	0.00e+00	0.00e+00	0.00e+00	0.00e+00	0.00e+00	9.18e-01	4.01e-02	2.97e-02
 3.19997e+16	9.88e-01	1.19e-02	5.33e-13	0.00e+00	0.00e+00	0.00e+00	0.00e+00	0.00e+00	0.00e+00	9.18e-01	4.00e-02	2.96e-02
 3.20016e+16	9.88e-01	1.17e-02	5.24e-13	0.00e+00	0.00e+00	0.00e+00	0.00e+00	0.00e+00	0.00e+00	9.19e-01	3.98e-02	2.95e-02
 3.20040e+16	9.89e-01	1.14e-02	5.10e-13	0.00e+00	0.00e+00	0.00e+00	0.00e+00	0.00e+00	0.00e+00	9.20e-01	3.95e-02	2.92e-02
 3.20066e+16	9.89e-01	1.10e-02	4.96e-13	0.00e+00	0.00e+00	0.00e+00	0.00e+00	0.00e+00	0.00e+00	9.21e-01	3.93e-02	2.90e-02
 3.20090e+16	9.89e-01	1.08e-02	4.84e-13	0.00e+00	0.00e+00	0.00e+00	0.00e+00	0.00e+00	0.00e+00	9.21e-01	3.90e-02	2.88e-02
 3.20112e+16	9.90e-01	1.05e-02	4.73e-13	0.00e+00	0.00e+00	0.00e+00	0.00e+00	0.00e+00	0.00e+00	9.22e-01	3.88e-02	2.85e-02
 3.20132e+16	9.90e-01	1.03e-02	4.64e-13	0.00e+00	0.00e+00	0.00e+00	0.00e+00	0.00e+00	0.00e+00	9.23e-01	3.86e-02	2.84e-02
 3.20150e+16	9.90e-01	1.01e-02	4.55e-13	0.00e+00	0.00e+00	0.00e+00	0.00e+00	0.00e+00	0.00e+00	9.23e-01	3.84e-02	2.82e-02
 3.20166e+16	9.90e-01	9.88e-03	4.48e-13	0.00e+00	0.00e+00	0.00e+00	0.00e+00	0.00e+00	0.00e+00	9.24e-01	3.82e-02	2.80e-02
 3.20181e+16	9.90e-01	9.72e-03	4.41e-13	0.00e+00	0.00e+00	0.00e+00	0.00e+00	0.00e+00	0.00e+00	9.24e-01	3.81e-02	2.79e-02
 3.20198e+16	9.90e-01	9.54e-03	4.33e-13	0.00e+00	0.00e+00	0.00e+00	0.00e+00	0.00e+00	0.00e+00	9.25e-01	3.79e-02	2.78e-02
 3.20215e+16	9.91e-01	9.35e-03	4.25e-13	0.00e+00	0.00e+00	0.00e+00	0.00e+00	0.00e+00	0.00e+00	9.25e-01	3.77e-02	2.76e-02
 3.20232e+16	9.91e-01	9.19e-03	4.18e-13	0.00e+00	0.00e+00	0.00e+00	0.00e+00	0.00e+00	0.00e+00	9.26e-01	3.75e-02	2.74e-02
 3.20249e+16	9.91e-01	8.99e-03	4.10e-13	0.00e+00	0.00e+00	0.00e+00	0.00e+00	0.00e+00	0.00e+00	9.26e-01	3.73e-02	2.72e-02
 3.20268e+16	9.91e-01	8.81e-03	4.02e-13	0.00e+00	0.00e+00	0.00e+00	0.00e+00	0.00e+00	0.00e+00	9.27e-01	3.71e-02	2.70e-02
 3.20286e+16	9.91e-01	8.65e-03	3.96e-13	0.00e+00	0.00e+00	0.00e+00	0.00e+00	0.00e+00	0.00e+00	9.28e-01	3.69e-02	2.69e-02
 3.20301e+16	9.92e-01	8.50e-03	3.89e-13	0.00e+00	0.00e+00	0.00e+00	0.00e+00	0.00e+00	0.00e+00	9.28e-01	3.68e-02	2.67e-02
 3.20319e+16	9.92e-01	8.34e-03	3.82e-13	0.00e+00	0.00e+00	0.00e+00	0.00e+00	0.00e+00	0.00e+00	9.28e-01	3.66e-02	2.66e-02
 3.20341e+16	9.92e-01	8.14e-03	3.74e-13	0.00e+00	0.00e+00	0.00e+00	0.00e+00	0.00e+00	0.00e+00	9.29e-01	3.62e-02	2.63e-02
 3.20365e+16	9.92e-01	7.97e-03	3.67e-13	0.00e+00	0.00e+00	0.00e+00	0.00e+00	0.00e+00	0.00e+00	9.30e-01	3.58e-02	2.60e-02
 3.20392e+16	9.92e-01	7.77e-03	3.58e-13	0.00e+00	0.00e+00	0.00e+00	0.00e+00	0.00e+00	0.00e+00	9.31e-01	3.54e-02	2.57e-02
 3.20421e+16	9.92e-01	7.57e-03	3.50e-13	0.00e+00	0.00e+00	0.00e+00	0.00e+00	0.00e+00	0.00e+00	9.32e-01	3.49e-02	2.54e-02
 3.20447e+16	9.93e-01	7.41e-03	3.43e-13	0.00e+00	0.00e+00	0.00e+00	0.00e+00	0.00e+00	0.00e+00	9.33e-01	3.45e-02	2.52e-02
 3.20475e+16	9.93e-01	7.20e-03	3.34e-13	0.00e+00	0.00e+00	0.00e+00	0.00e+00	0.00e+00	0.00e+00	9.34e-01	3.40e-02	2.48e-02
 3.20506e+16	9.93e-01	7.00e-03	3.25e-13	0.00e+00	0.00e+00	0.00e+00	0.00e+00	0.00e+00	0.00e+00	9.35e-01	3.35e-02	2.45e-02
 3.20534e+16	9.93e-01	6.83e-03	3.18e-13	0.00e+00	0.00e+00	0.00e+00	0.00e+00	0.00e+00	0.00e+00	9.36e-01	3.31e-02	2.42e-02
 3.20560e+16	9.93e-01	6.68e-03	3.12e-13	0.00e+00	0.00e+00	0.00e+00	0.00e+00	0.00e+00	0.00e+00	9.37e-01	3.28e-02	2.40e-02
 3.20588e+16	9.94e-01	6.50e-03	3.04e-13	0.00e+00	0.00e+00	0.00e+00	0.00e+00	0.00e+00	0.00e+00	9.37e-01	3.23e-02	2.37e-02
