#depth	H	H+	H2
 2.92715e+11	3.89e-03	9.96e-01	2.62e-11
 1.75629e+12	3.89e-03	9.96e-01	2.62e-11
 7.61059e+12	3.88e-03	9.96e-01	2.62e-11
 3.10278e+13	3.87e-03	9.96e-01	2.60e-11
 7.41154e+13	3.79e-03	9.96e-01	2.54e-11
 1.30129e+14	3.72e-03	9.96e-01	2.45e-11
 2.02947e+14	3.65e-03	9.96e-01	2.35e-11
 2.97611e+14	3.58e-03	9.96e-01	2.26e-11
 4.20673e+14	3.51e-03	9.96e-01	2.19e-11
 5.80655e+14	3.44e-03	9.97e-01	2.10e-11
 7.88630e+14	3.39e-03	9.97e-01	2.05e-11
 1.00889e+15	3.30e-03	9.97e-01	1.98e-11
 1.20388e+15	3.23e-03	9.97e-01	1.92e-11
 1.41615e+15	3.19e-03	9.97e-01	1.88e-11
 1.69209e+15	3.14e-03	9.97e-01	1.85e-11
 1.98765e+15	3.05e-03	9.97e-01	1.78e-11
 2.26371e+15	2.97e-03	9.97e-01	1.70e-11
 2.52649e+15	2.90e-03	9.97e-01	1.63e-11
 2.81700e+15	2.85e-03	9.97e-01	1.57e-11
 3.19466e+15	2.79e-03	9.97e-01	1.53e-11
 3.57853e+15	2.70e-03	9.97e-01	1.46e-11
 3.93639e+15	2.65e-03	9.97e-01	1.40e-11
 4.33002e+15	2.60e-03	9.97e-01	1.36e-11
 4.76303e+15	2.55e-03	9.97e-01	1.32e-11
 5.20439e+15	2.51e-03	9.97e-01	1.28e-11
 5.60550e+15	2.47e-03	9.98e-01	1.24e-11
 5.95823e+15	2.44e-03	9.98e-01	1.22e-11
 6.28449e+15	2.43e-03	9.98e-01	1.21e-11
 6.59879e+15	2.41e-03	9.98e-01	1.20e-11
 6.88180e+15	2.40e-03	9.98e-01	1.19e-11
 7.12668e+15	2.38e-03	9.98e-01	1.17e-11
 7.39370e+15	2.37e-03	9.98e-01	1.16e-11
 7.68008e+15	2.35e-03	9.98e-01	1.14e-11
 7.92852e+15	2.31e-03	9.98e-01	1.11e-11
 8.14446e+15	2.28e-03	9.98e-01	1.08e-11
 8.38126e+15	2.25e-03	9.98e-01	1.04e-11
 8.64350e+15	2.22e-03	9.98e-01	1.01e-11
 8.89616e+15	2.19e-03	9.98e-01	9.80e-12
 9.18197e+15	2.19e-03	9.98e-01	9.73e-12
 9.49919e+15	2.21e-03	9.98e-01	9.93e-12
 9.80006e+15	2.26e-03	9.98e-01	1.05e-11
 1.00762e+16	2.34e-03	9.98e-01	1.14e-11
 1.02947e+16	2.42e-03	9.98e-01	1.25e-11
 1.04454e+16	2.49e-03	9.98e-01	1.34e-11
 1.05696e+16	2.55e-03	9.97e-01	1.43e-11
 1.07099e+16	2.64e-03	9.97e-01	1.54e-11
 1.08668e+16	2.75e-03	9.97e-01	1.69e-11
 1.10042e+16	2.85e-03	9.97e-01	1.85e-11
 1.11104e+16	2.94e-03	9.97e-01	2.01e-11
 1.12007e+16	3.02e-03	9.97e-01	2.15e-11
 1.13018e+16	3.12e-03	9.97e-01	2.31e-11
 1.14136e+16	3.22e-03	9.97e-01	2.49e-11
 1.15116e+16	3.32e-03	9.97e-01	2.69e-11
 1.15906e+16	3.40e-03	9.97e-01	2.86e-11
 1.16617e+16	3.46e-03	9.97e-01	3.01e-11
 1.17431e+16	3.55e-03	9.96e-01	3.18e-11
 1.18346e+16	3.63e-03	9.96e-01	3.38e-11
 1.19169e+16	3.71e-03	9.96e-01	3.56e-11
 1.19849e+16	3.77e-03	9.96e-01	3.72e-11
 1.20565e+16	3.83e-03	9.96e-01	3.87e-11
 1.21496e+16	3.90e-03	9.96e-01	4.05e-11
 1.22459e+16	3.97e-03	9.96e-01	4.25e-11
 1.23231e+16	4.02e-03	9.96e-01	4.42e-11
 1.24001e+16	4.06e-03	9.96e-01	4.55e-11
 1.25003e+16	4.11e-03	9.96e-01	4.70e-11
 1.26304e+16	4.16e-03	9.96e-01	4.87e-11
 1.27996e+16	4.22e-03	9.96e-01	5.02e-11
 1.30196e+16	4.29e-03	9.96e-01	5.20e-11
 1.33056e+16	4.38e-03	9.96e-01	5.37e-11
 1.36773e+16	4.50e-03	9.96e-01	5.57e-11
 1.41579e+16	4.65e-03	9.95e-01	5.82e-11
 1.46769e+16	4.86e-03	9.95e-01	6.20e-11
 1.51470e+16	5.07e-03	9.95e-01	6.57e-11
 1.55724e+16	5.27e-03	9.95e-01	6.90e-11
 1.59671e+16	5.46e-03	9.95e-01	7.20e-11
 1.63377e+16	5.64e-03	9.94e-01	7.49e-11
 1.66884e+16	5.81e-03	9.94e-01	7.75e-11
 1.70211e+16	5.98e-03	9.94e-01	7.99e-11
 1.73356e+16	6.15e-03	9.94e-01	8.21e-11
 1.76311e+16	6.30e-03	9.94e-01	8.40e-11
 1.79094e+16	6.45e-03	9.94e-01	8.56e-11
 1.81752e+16	6.59e-03	9.93e-01	8.70e-11
 1.84304e+16	6.73e-03	9.93e-01	8.82e-11
 1.86751e+16	6.86e-03	9.93e-01	8.93e-11
 1.89102e+16	6.99e-03	9.93e-01	9.01e-11
 1.91369e+16	7.11e-03	9.93e-01	9.07e-11
 1.93562e+16	7.24e-03	9.93e-01	9.15e-11
 1.95749e+16	7.35e-03	9.93e-01	9.17e-11
 1.97892e+16	7.47e-03	9.93e-01	9.21e-11
 1.99920e+16	7.58e-03	9.92e-01	9.22e-11
 2.01893e+16	7.68e-03	9.92e-01	9.21e-11
 2.03840e+16	7.79e-03	9.92e-01	9.18e-11
 2.05767e+16	7.90e-03	9.92e-01	9.13e-11
 2.07680e+16	8.00e-03	9.92e-01	9.06e-11
 2.09588e+16	8.12e-03	9.92e-01	8.95e-11
 2.11501e+16	8.23e-03	9.92e-01	8.78e-11
 2.13428e+16	8.36e-03	9.92e-01	8.55e-11
 2.15378e+16	8.49e-03	9.92e-01	8.24e-11
 2.17360e+16	8.63e-03	9.91e-01	7.82e-11
 2.19381e+16	8.79e-03	9.91e-01	7.29e-11
 2.21451e+16	8.95e-03	9.91e-01	6.62e-11
 2.23539e+16	9.15e-03	9.91e-01	5.96e-11
 2.25704e+16	9.35e-03	9.91e-01	5.20e-11
 2.27985e+16	9.58e-03	9.90e-01	4.45e-11
 2.30324e+16	9.85e-03	9.90e-01	3.75e-11
 2.32719e+16	1.01e-02	9.90e-01	3.13e-11
 2.35182e+16	1.05e-02	9.90e-01	2.60e-11
 2.37715e+16	1.08e-02	9.89e-01	2.16e-11
 2.40312e+16	1.12e-02	9.89e-01	1.81e-11
 2.42969e+16	1.17e-02	9.88e-01	1.53e-11
 2.45678e+16	1.22e-02	9.88e-01	1.31e-11
 2.48433e+16	1.28e-02	9.87e-01	1.15e-11
 2.51224e+16	1.34e-02	9.87e-01	1.02e-11
 2.54037e+16	1.41e-02	9.86e-01	9.25e-12
 2.56859e+16	1.49e-02	9.85e-01	8.55e-12
 2.59679e+16	1.58e-02	9.84e-01	8.06e-12
 2.62486e+16	1.68e-02	9.83e-01	7.73e-12
 2.65269e+16	1.79e-02	9.82e-01	7.52e-12
 2.68020e+16	1.92e-02	9.81e-01	7.43e-12
 2.70730e+16	2.06e-02	9.79e-01	7.43e-12
 2.73394e+16	2.21e-02	9.78e-01	7.51e-12
 2.76007e+16	2.39e-02	9.76e-01	7.67e-12
 2.78564e+16	2.60e-02	9.74e-01	7.91e-12
 2.81065e+16	2.83e-02	9.72e-01	8.22e-12
 2.83507e+16	3.09e-02	9.69e-01	8.60e-12
 2.85894e+16	3.40e-02	9.66e-01	9.08e-12
 2.88228e+16	3.76e-02	9.62e-01	9.67e-12
 2.90514e+16	4.20e-02	9.58e-01	1.04e-11
 2.92758e+16	4.72e-02	9.53e-01	1.13e-11
 2.94969e+16	5.37e-02	9.46e-01	1.24e-11
 2.97159e+16	6.19e-02	9.38e-01	1.39e-11
 2.99324e+16	7.26e-02	9.27e-01	1.58e-11
 3.01328e+16	8.66e-02	9.13e-01	1.86e-11
 3.02983e+16	1.03e-01	8.97e-01	2.20e-11
 3.04283e+16	1.20e-01	8.80e-01	2.57e-11
 3.05381e+16	1.38e-01	8.62e-01	2.98e-11
 3.06416e+16	1.59e-01	8.41e-01	3.48e-11
 3.07439e+16	1.86e-01	8.14e-01	4.16e-11
 3.08408e+16	2.18e-01	7.82e-01	5.08e-11
 3.09261e+16	2.55e-01	7.45e-01	6.24e-11
 3.09973e+16	2.93e-01	7.07e-01	7.62e-11
 3.10526e+16	3.29e-01	6.71e-01	9.08e-11
 3.10937e+16	3.59e-01	6.41e-01	1.05e-10
 3.11265e+16	3.85e-01	6.15e-01	1.18e-10
 3.11569e+16	4.09e-01	5.91e-01	1.32e-10
 3.11860e+16	4.35e-01	5.65e-01	1.48e-10
 3.12125e+16	4.59e-01	5.41e-01	1.66e-10
 3.12366e+16	4.82e-01	5.18e-01	1.84e-10
 3.12585e+16	5.03e-01	4.97e-01	2.02e-10
 3.12782e+16	5.23e-01	4.77e-01	2.22e-10
 3.12967e+16	5.42e-01	4.58e-01	2.41e-10
 3.13124e+16	5.59e-01	4.41e-01	2.62e-10
 3.13239e+16	5.70e-01	4.30e-01	2.76e-10
 3.13340e+16	5.81e-01	4.19e-01	2.90e-10
 3.13457e+16	5.93e-01	4.07e-01	3.09e-10
 3.13586e+16	6.06e-01	3.94e-01	3.30e-10
 3.13711e+16	6.20e-01	3.80e-01	3.53e-10
 3.13826e+16	6.31e-01	3.69e-01	3.73e-10
 3.13938e+16	6.43e-01	3.57e-01	3.98e-10
 3.14053e+16	6.55e-01	3.45e-01	4.25e-10
 3.14167e+16	6.67e-01	3.33e-01	4.53e-10
 3.14279e+16	6.78e-01	3.22e-01	4.79e-10
 3.14391e+16	6.89e-01	3.11e-01	5.13e-10
 3.14504e+16	7.00e-01	3.00e-01	5.49e-10
 3.14613e+16	7.11e-01	2.89e-01	5.85e-10
 3.14720e+16	7.21e-01	2.79e-01	6.18e-10
 3.14829e+16	7.31e-01	2.69e-01	6.60e-10
 3.14941e+16	7.42e-01	2.58e-01	7.05e-10
 3.15049e+16	7.52e-01	2.48e-01	7.55e-10
 3.15154e+16	7.61e-01	2.39e-01	8.09e-10
 3.15257e+16	7.70e-01	2.30e-01	8.65e-10
 3.15361e+16	7.79e-01	2.21e-01	9.14e-10
 3.15465e+16	7.88e-01	2.12e-01	9.77e-10
 3.15569e+16	7.96e-01	2.04e-01	1.04e-09
 3.15671e+16	8.04e-01	1.96e-01	1.11e-09
 3.15770e+16	8.12e-01	1.88e-01	1.20e-09
 3.15866e+16	8.19e-01	1.81e-01	1.26e-09
 3.15962e+16	8.26e-01	1.74e-01	1.35e-09
 3.16058e+16	8.33e-01	1.67e-01	1.45e-09
 3.16153e+16	8.39e-01	1.61e-01	1.54e-09
 3.16246e+16	8.46e-01	1.54e-01	1.62e-09
 3.16339e+16	8.52e-01	1.48e-01	1.74e-09
 3.16431e+16	8.57e-01	1.43e-01	1.86e-09
 3.16520e+16	8.63e-01	1.37e-01	1.99e-09
 3.16610e+16	8.68e-01	1.32e-01	2.09e-09
 3.16700e+16	8.73e-01	1.27e-01	2.24e-09
 3.16788e+16	8.78e-01	1.22e-01	2.40e-09
 3.16875e+16	8.83e-01	1.17e-01	2.57e-09
 3.16961e+16	8.88e-01	1.12e-01	2.75e-09
 3.17047e+16	8.92e-01	1.08e-01	2.90e-09
 3.17133e+16	8.96e-01	1.04e-01	3.12e-09
 3.17218e+16	9.00e-01	9.96e-02	3.34e-09
 3.17301e+16	9.04e-01	9.57e-02	3.60e-09
 3.17384e+16	9.08e-01	9.19e-02	3.88e-09
 3.17467e+16	9.12e-01	8.85e-02	4.12e-09
 3.17550e+16	9.15e-01	8.49e-02	4.46e-09
 3.17631e+16	9.18e-01	8.16e-02	4.83e-09
 3.17712e+16	9.22e-01	7.84e-02	5.24e-09
 3.17790e+16	9.25e-01	7.52e-02	5.69e-09
 3.17870e+16	9.28e-01	7.23e-02	6.18e-09
 3.17951e+16	9.31e-01	6.95e-02	6.70e-09
 3.18029e+16	9.33e-01	6.68e-02	7.39e-09
 3.18102e+16	9.36e-01	6.42e-02	8.05e-09
 3.18177e+16	9.38e-01	6.17e-02	8.88e-09
 3.18256e+16	9.41e-01	5.92e-02	9.89e-09
 3.18333e+16	9.43e-01	5.68e-02	1.11e-08
 3.18405e+16	9.45e-01	5.46e-02	1.24e-08
 3.18474e+16	9.47e-01	5.26e-02	1.38e-08
 3.18540e+16	9.49e-01	5.06e-02	1.54e-08
 3.18604e+16	9.51e-01	4.88e-02	1.73e-08
 3.18663e+16	9.53e-01	4.72e-02	1.93e-08
 3.18719e+16	9.54e-01	4.57e-02	2.15e-08
 3.18772e+16	9.56e-01	4.42e-02	2.40e-08
 3.18824e+16	9.57e-01	4.28e-02	2.68e-08
 3.18874e+16	9.58e-01	4.15e-02	2.98e-08
 3.18923e+16	9.60e-01	4.03e-02	3.32e-08
 3.18971e+16	9.61e-01	3.90e-02	3.68e-08
 3.19019e+16	9.62e-01	3.78e-02	4.09e-08
 3.19067e+16	9.63e-01	3.66e-02	4.53e-08
 3.19117e+16	9.65e-01	3.54e-02	4.99e-08
 3.19168e+16	9.66e-01	3.41e-02	5.46e-08
 3.19219e+16	9.67e-01	3.29e-02	5.88e-08
 3.19264e+16	9.68e-01	3.18e-02	6.21e-08
 3.19304e+16	9.69e-01	3.08e-02	6.44e-08
 3.19340e+16	9.70e-01	3.00e-02	6.62e-08
 3.19374e+16	9.71e-01	2.91e-02	6.77e-08
 3.19407e+16	9.72e-01	2.84e-02	6.88e-08
 3.19438e+16	9.72e-01	2.76e-02	6.97e-08
 3.19466e+16	9.73e-01	2.70e-02	7.04e-08
 3.19492e+16	9.74e-01	2.63e-02	7.10e-08
 3.19515e+16	9.74e-01	2.58e-02	7.16e-08
 3.19536e+16	9.75e-01	2.53e-02	7.21e-08
 3.19556e+16	9.75e-01	2.48e-02	7.26e-08
 3.19573e+16	9.76e-01	2.44e-02	7.31e-08
 3.19589e+16	9.76e-01	2.41e-02	7.36e-08
 3.19607e+16	9.76e-01	2.37e-02	7.41e-08
 3.19626e+16	9.77e-01	2.32e-02	7.48e-08
 3.19643e+16	9.77e-01	2.29e-02	7.55e-08
 3.19659e+16	9.77e-01	2.25e-02	7.61e-08
 3.19676e+16	9.78e-01	2.22e-02	7.68e-08
 3.19695e+16	9.78e-01	2.18e-02	7.78e-08
 3.19712e+16	9.79e-01	2.14e-02	7.86e-08
 3.19727e+16	9.79e-01	2.11e-02	7.95e-08
 3.19741e+16	9.79e-01	2.08e-02	8.02e-08
 3.19756e+16	9.79e-01	2.05e-02	8.11e-08
 3.19776e+16	9.80e-01	2.01e-02	8.23e-08
 3.19798e+16	9.80e-01	1.97e-02	8.36e-08
 3.19817e+16	9.81e-01	1.94e-02	8.46e-08
 3.19835e+16	9.81e-01	1.91e-02	8.58e-08
 3.19852e+16	9.81e-01	1.88e-02	8.69e-08
 3.19869e+16	9.81e-01	1.85e-02	8.80e-08
 3.19892e+16	9.82e-01	1.81e-02	8.98e-08
 3.19917e+16	9.82e-01	1.77e-02	9.17e-08
 3.19940e+16	9.83e-01	1.73e-02	9.35e-08
 3.19961e+16	9.83e-01	1.70e-02	9.52e-08
 3.19980e+16	9.83e-01	1.67e-02	9.68e-08
 3.19997e+16	9.84e-01	1.65e-02	9.83e-08
 3.20016e+16	9.84e-01	1.62e-02	9.98e-08
 3.20040e+16	9.84e-01	1.58e-02	1.03e-07
 3.20066e+16	9.85e-01	1.54e-02	1.06e-07
 3.20090e+16	9.85e-01	1.51e-02	1.09e-07
 3.20112e+16	9.85e-01	1.47e-02	1.11e-07
 3.20132e+16	9.86e-01	1.45e-02	1.14e-07
 3.20150e+16	9.86e-01	1.42e-02	1.16e-07
 3.20166e+16	9.86e-01	1.40e-02	1.18e-07
 3.20181e+16	9.86e-01	1.38e-02	1.20e-07
 3.20198e+16	9.86e-01	1.36e-02	1.22e-07
 3.20215e+16	9.87e-01	1.34e-02	1.24e-07
 3.20232e+16	9.87e-01	1.32e-02	1.26e-07
 3.20249e+16	9.87e-01	1.30e-02	1.29e-07
 3.20268e+16	9.87e-01	1.27e-02	1.31e-07
 3.20286e+16	9.87e-01	1.25e-02	1.34e-07
 3.20301e+16	9.88e-01	1.24e-02	1.36e-07
 3.20319e+16	9.88e-01	1.22e-02	1.38e-07
 3.20341e+16	9.88e-01	1.19e-02	1.41e-07
 3.20365e+16	9.88e-01	1.17e-02	1.43e-07
 3.20392e+16	9.89e-01	1.15e-02	1.46e-07
 3.20421e+16	9.89e-01	1.12e-02	1.49e-07
 3.20447e+16	9.89e-01	1.10e-02	1.51e-07
 3.20475e+16	9.89e-01	1.07e-02	1.54e-07
 3.20506e+16	9.90e-01	1.05e-02	1.57e-07
 3.20534e+16	9.90e-01	1.03e-02	1.60e-07
 3.20560e+16	9.90e-01	1.01e-02	1.62e-07
 3.20588e+16	9.90e-01	9.85e-03	1.66e-07
