#depth	He	He+	He+2
 7.77706e+10	9.43e-04	3.67e-01	6.32e-01
 4.66624e+11	9.43e-04	3.67e-01	6.32e-01
 2.02204e+12	9.45e-04	3.68e-01	6.31e-01
 8.24369e+12	9.51e-04	3.70e-01	6.29e-01
 1.96915e+13	9.57e-04	3.73e-01	6.26e-01
 3.45737e+13	9.67e-04	3.76e-01	6.23e-01
 5.39206e+13	9.80e-04	3.81e-01	6.18e-01
 7.90715e+13	9.97e-04	3.88e-01	6.11e-01
 1.11768e+14	1.02e-03	3.98e-01	6.01e-01
 1.54273e+14	1.05e-03	4.11e-01	5.88e-01
 2.09529e+14	1.10e-03	4.28e-01	5.71e-01
 2.81363e+14	1.16e-03	4.52e-01	5.47e-01
 3.74746e+14	1.25e-03	4.85e-01	5.14e-01
 4.96145e+14	1.36e-03	5.30e-01	4.68e-01
 6.53963e+14	1.52e-03	5.91e-01	4.07e-01
 8.28794e+14	1.68e-03	6.59e-01	3.39e-01
 9.96435e+14	1.84e-03	7.22e-01	2.76e-01
 1.18506e+15	2.01e-03	7.88e-01	2.10e-01
 1.39520e+15	2.18e-03	8.49e-01	1.49e-01
 1.59839e+15	2.31e-03	8.94e-01	1.03e-01
 1.78295e+15	2.41e-03	9.25e-01	7.27e-02
 1.96124e+15	2.50e-03	9.47e-01	5.08e-02
 2.15737e+15	2.58e-03	9.64e-01	3.39e-02
 2.37310e+15	2.66e-03	9.76e-01	2.17e-02
 2.61041e+15	2.73e-03	9.84e-01	1.32e-02
 2.87145e+15	2.81e-03	9.90e-01	7.67e-03
 3.15860e+15	2.88e-03	9.93e-01	4.25e-03
 3.47446e+15	2.96e-03	9.95e-01	2.24e-03
 3.82191e+15	3.05e-03	9.96e-01	1.13e-03
 4.20410e+15	3.15e-03	9.96e-01	5.43e-04
 4.62451e+15	3.27e-03	9.96e-01	2.47e-04
 5.08696e+15	3.41e-03	9.96e-01	1.06e-04
 5.59565e+15	3.58e-03	9.96e-01	4.32e-05
 6.15522e+15	3.79e-03	9.96e-01	1.67e-05
 6.73989e+15	4.03e-03	9.96e-01	6.37e-06
 7.29325e+15	4.30e-03	9.96e-01	2.65e-06
 7.78913e+15	4.58e-03	9.95e-01	1.26e-06
 8.24741e+15	4.89e-03	9.95e-01	6.65e-07
 8.68890e+15	5.23e-03	9.95e-01	3.75e-07
 9.11660e+15	5.61e-03	9.94e-01	2.24e-07
 9.51024e+15	6.03e-03	9.94e-01	1.45e-07
 9.86098e+15	6.46e-03	9.94e-01	1.01e-07
 1.02462e+16	7.00e-03	9.93e-01	6.94e-08
 1.06609e+16	7.70e-03	9.92e-01	4.85e-08
 1.10258e+16	8.46e-03	9.92e-01	3.64e-08
 1.13473e+16	9.24e-03	9.91e-01	2.87e-08
 1.16996e+16	1.02e-02	9.90e-01	2.24e-08
 1.20887e+16	1.15e-02	9.89e-01	1.75e-08
 1.24313e+16	1.28e-02	9.87e-01	1.44e-08
 1.27177e+16	1.42e-02	9.86e-01	1.23e-08
 1.30006e+16	1.56e-02	9.84e-01	1.05e-08
 1.33300e+16	1.76e-02	9.82e-01	8.69e-09
 1.37283e+16	2.04e-02	9.80e-01	7.04e-09
 1.41490e+16	2.44e-02	9.76e-01	5.72e-09
 1.45066e+16	2.92e-02	9.71e-01	4.83e-09
 1.47797e+16	3.39e-02	9.66e-01	4.26e-09
 1.50087e+16	3.86e-02	9.61e-01	3.83e-09
 1.52624e+16	4.45e-02	9.56e-01	3.40e-09
 1.55467e+16	5.33e-02	9.47e-01	2.99e-09
 1.57946e+16	6.37e-02	9.36e-01	2.68e-09
 1.59835e+16	7.40e-02	9.26e-01	2.47e-09
 1.61416e+16	8.40e-02	9.16e-01	2.30e-09
 1.63166e+16	9.60e-02	9.04e-01	2.12e-09
 1.65442e+16	1.15e-01	8.85e-01	1.90e-09
 1.67687e+16	1.43e-01	8.57e-01	1.70e-09
 1.69239e+16	1.69e-01	8.31e-01	1.57e-09
 1.70317e+16	1.90e-01	8.10e-01	1.48e-09
 1.71433e+16	2.13e-01	7.87e-01	1.38e-09
 1.72884e+16	2.46e-01	7.54e-01	1.26e-09
 1.74492e+16	2.95e-01	7.05e-01	1.12e-09
 1.75872e+16	3.48e-01	6.52e-01	9.97e-10
 1.76956e+16	3.97e-01	6.03e-01	8.93e-10
 1.78091e+16	4.50e-01	5.50e-01	7.86e-10
 1.79566e+16	5.27e-01	4.73e-01	6.48e-10
 1.81129e+16	6.23e-01	3.77e-01	4.95e-10
 1.82458e+16	7.09e-01	2.91e-01	3.69e-10
 1.83838e+16	7.84e-01	2.16e-01	2.65e-10
 1.85631e+16	8.63e-01	1.37e-01	1.61e-10
 1.87963e+16	9.31e-01	6.94e-02	7.73e-11
 1.90869e+16	9.73e-01	2.68e-02	2.82e-11
 1.93697e+16	9.91e-01	9.23e-03	9.25e-12
 1.96015e+16	9.96e-01	3.98e-03	3.84e-12
 1.98124e+16	9.98e-01	1.92e-03	1.79e-12
 2.00123e+16	9.99e-01	9.72e-04	8.82e-13
 2.02014e+16	9.99e-01	5.21e-04	4.61e-13
 2.03842e+16	1.00e+00	2.91e-04	2.51e-13
 2.05636e+16	1.00e+00	1.68e-04	1.42e-13
 2.07407e+16	1.00e+00	9.97e-05	8.27e-14
 2.09162e+16	1.00e+00	6.15e-05	5.00e-14
 2.10909e+16	1.00e+00	3.95e-05	3.16e-14
 2.12659e+16	1.00e+00	2.66e-05	2.09e-14
 2.14420e+16	1.00e+00	1.89e-05	1.46e-14
 2.16200e+16	1.00e+00	1.42e-05	1.08e-14
 2.18006e+16	1.00e+00	1.13e-05	8.46e-15
 2.19846e+16	1.00e+00	9.49e-06	6.98e-15
 2.21726e+16	1.00e+00	8.29e-06	6.00e-15
 2.23654e+16	1.00e+00	7.48e-06	5.32e-15
 2.25634e+16	1.00e+00	6.89e-06	4.83e-15
 2.27672e+16	1.00e+00	6.45e-06	4.45e-15
 2.29770e+16	1.00e+00	6.10e-06	4.14e-15
 2.31929e+16	1.00e+00	5.81e-06	3.87e-15
 2.34151e+16	1.00e+00	5.55e-06	3.64e-15
 2.36434e+16	1.00e+00	5.31e-06	3.43e-15
 2.38773e+16	1.00e+00	5.10e-06	3.24e-15
 2.41166e+16	1.00e+00	4.90e-06	3.06e-15
 2.43556e+16	1.00e+00	4.71e-06	2.90e-15
 2.46042e+16	1.00e+00	4.54e-06	2.75e-15
 2.48584e+16	1.00e+00	4.36e-06	2.61e-15
 2.51085e+16	1.00e+00	4.20e-06	2.48e-15
 2.53631e+16	1.00e+00	4.05e-06	2.37e-15
 2.56198e+16	1.00e+00	3.91e-06	2.26e-15
 2.58748e+16	1.00e+00	3.78e-06	2.16e-15
 2.61271e+16	1.00e+00	3.66e-06	2.08e-15
 2.63764e+16	1.00e+00	3.55e-06	2.00e-15
 2.66223e+16	1.00e+00	3.44e-06	1.93e-15
 2.68643e+16	1.00e+00	3.35e-06	1.86e-15
 2.71024e+16	1.00e+00	3.26e-06	1.81e-15
 2.73361e+16	1.00e+00	3.18e-06	1.76e-15
 2.75655e+16	1.00e+00	3.10e-06	1.71e-15
 2.77907e+16	1.00e+00	3.03e-06	1.68e-15
 2.80121e+16	1.00e+00	2.97e-06	1.64e-15
 2.82305e+16	1.00e+00	2.92e-06	1.61e-15
 2.84469e+16	1.00e+00	2.87e-06	1.59e-15
 2.86623e+16	1.00e+00	2.83e-06	1.57e-15
 2.88782e+16	1.00e+00	2.79e-06	1.55e-15
 2.90972e+16	1.00e+00	2.76e-06	1.54e-15
 2.93227e+16	1.00e+00	2.74e-06	1.52e-15
 2.95608e+16	1.00e+00	2.71e-06	1.51e-15
 2.98225e+16	1.00e+00	2.68e-06	1.49e-15
 3.01140e+16	1.00e+00	2.63e-06	1.44e-15
 3.04197e+16	1.00e+00	2.54e-06	1.37e-15
 3.05728e+16	1.00e+00	2.35e-06	1.26e-15
