#depth	He	He+	He+2
 1.02107e+12	2.28e-04	3.26e-01	6.74e-01
 6.12645e+12	2.28e-04	3.26e-01	6.74e-01
 2.65479e+13	2.29e-04	3.27e-01	6.73e-01
 1.08234e+14	2.34e-04	3.32e-01	6.68e-01
 2.58536e+14	2.40e-04	3.36e-01	6.64e-01
 4.53929e+14	2.49e-04	3.44e-01	6.56e-01
 7.07940e+14	2.65e-04	3.59e-01	6.41e-01
 1.03815e+15	2.88e-04	3.82e-01	6.18e-01
 1.46743e+15	3.23e-04	4.19e-01	5.81e-01
 2.00054e+15	3.77e-04	4.74e-01	5.25e-01
 2.55360e+15	4.44e-04	5.44e-01	4.55e-01
 3.03586e+15	5.18e-04	6.17e-01	3.83e-01
 3.45386e+15	5.86e-04	6.83e-01	3.16e-01
 3.91000e+15	6.63e-04	7.54e-01	2.45e-01
 4.50298e+15	7.56e-04	8.34e-01	1.65e-01
 5.27387e+15	8.56e-04	9.10e-01	8.93e-02
 6.27601e+15	9.45e-04	9.62e-01	3.69e-02
 7.57880e+15	1.02e-03	9.87e-01	1.15e-02
 9.27242e+15	1.08e-03	9.96e-01	2.80e-03
 1.14741e+16	1.16e-03	9.98e-01	5.50e-04
 1.33545e+16	1.22e-03	9.99e-01	1.55e-04
 1.46900e+16	1.27e-03	9.99e-01	6.83e-05
 1.61590e+16	1.32e-03	9.99e-01	2.98e-05
 1.77749e+16	1.42e-03	9.99e-01	1.26e-05
 1.95523e+16	1.50e-03	9.98e-01	5.27e-06
 2.15076e+16	1.59e-03	9.98e-01	2.31e-06
 2.36583e+16	1.69e-03	9.98e-01	1.05e-06
 2.54375e+16	1.78e-03	9.98e-01	6.07e-07
 2.65235e+16	1.85e-03	9.98e-01	4.48e-07
 2.75205e+16	1.91e-03	9.98e-01	3.38e-07
 2.88166e+16	1.98e-03	9.98e-01	2.40e-07
 3.02190e+16	2.08e-03	9.98e-01	1.73e-07
 3.14118e+16	2.16e-03	9.98e-01	1.34e-07
 3.24076e+16	2.25e-03	9.98e-01	1.08e-07
 3.34950e+16	2.33e-03	9.98e-01	8.68e-08
 3.49087e+16	2.44e-03	9.98e-01	6.61e-08
 3.63097e+16	2.58e-03	9.97e-01	5.21e-08
 3.73239e+16	2.69e-03	9.97e-01	4.42e-08
 3.81170e+16	2.78e-03	9.97e-01	3.90e-08
 3.89929e+16	2.87e-03	9.97e-01	3.39e-08
 4.01317e+16	3.01e-03	9.97e-01	2.84e-08
 4.13324e+16	3.17e-03	9.97e-01	2.41e-08
 4.23180e+16	3.32e-03	9.97e-01	2.11e-08
 4.31415e+16	3.46e-03	9.97e-01	1.90e-08
 4.40500e+16	3.61e-03	9.96e-01	1.69e-08
 4.52310e+16	3.83e-03	9.96e-01	1.45e-08
 4.64146e+16	4.09e-03	9.96e-01	1.27e-08
 4.73039e+16	4.32e-03	9.96e-01	1.15e-08
 4.80272e+16	4.52e-03	9.95e-01	1.07e-08
 4.88322e+16	4.74e-03	9.95e-01	9.78e-09
 4.98787e+16	5.07e-03	9.95e-01	8.75e-09
 5.09531e+16	5.48e-03	9.95e-01	7.87e-09
 5.17767e+16	5.87e-03	9.94e-01	7.26e-09
 5.24099e+16	6.19e-03	9.94e-01	6.84e-09
 5.30826e+16	6.58e-03	9.93e-01	6.39e-09
 5.39571e+16	7.14e-03	9.93e-01	5.86e-09
 5.48296e+16	7.82e-03	9.92e-01	5.41e-09
 5.54690e+16	8.43e-03	9.92e-01	5.11e-09
 5.59689e+16	8.98e-03	9.91e-01	4.87e-09
 5.65176e+16	9.65e-03	9.90e-01	4.61e-09
 5.72310e+16	1.07e-02	9.89e-01	4.30e-09
 5.79303e+16	1.19e-02	9.88e-01	4.03e-09
 5.84278e+16	1.31e-02	9.87e-01	3.84e-09
 5.88158e+16	1.41e-02	9.86e-01	3.70e-09
 5.92449e+16	1.54e-02	9.85e-01	3.54e-09
 5.98027e+16	1.74e-02	9.83e-01	3.34e-09
 6.03586e+16	2.01e-02	9.80e-01	3.16e-09
 6.07240e+16	2.24e-02	9.78e-01	3.05e-09
 6.09383e+16	2.41e-02	9.76e-01	2.98e-09
 6.11437e+16	2.58e-02	9.74e-01	2.92e-09
 6.14108e+16	2.84e-02	9.72e-01	2.84e-09
 6.16927e+16	3.17e-02	9.68e-01	2.76e-09
 6.19192e+16	3.49e-02	9.65e-01	2.71e-09
 6.20971e+16	3.80e-02	9.62e-01	2.66e-09
 6.22862e+16	4.18e-02	9.58e-01	2.61e-09
 6.24912e+16	4.66e-02	9.53e-01	2.58e-09
 6.26657e+16	5.16e-02	9.48e-01	2.56e-09
 6.28069e+16	5.65e-02	9.44e-01	2.54e-09
 6.29562e+16	6.25e-02	9.38e-01	2.53e-09
 6.31171e+16	7.01e-02	9.30e-01	2.54e-09
 6.32530e+16	7.81e-02	9.22e-01	2.56e-09
 6.33632e+16	8.57e-02	9.14e-01	2.59e-09
 6.34795e+16	9.52e-02	9.05e-01	2.63e-09
 6.36058e+16	1.07e-01	8.93e-01	2.69e-09
 6.37153e+16	1.20e-01	8.80e-01	2.77e-09
 6.38030e+16	1.32e-01	8.68e-01	2.85e-09
 6.38772e+16	1.44e-01	8.56e-01	2.93e-09
 6.39457e+16	1.56e-01	8.44e-01	3.01e-09
 6.40109e+16	1.69e-01	8.31e-01	3.10e-09
 6.40707e+16	1.83e-01	8.17e-01	3.20e-09
 6.41150e+16	1.93e-01	8.07e-01	3.28e-09
 6.41431e+16	2.01e-01	7.99e-01	3.33e-09
 6.41699e+16	2.09e-01	7.91e-01	3.37e-09
 6.42021e+16	2.18e-01	7.82e-01	3.43e-09
 6.42360e+16	2.29e-01	7.71e-01	3.51e-09
 6.42671e+16	2.39e-01	7.61e-01	3.58e-09
 6.42951e+16	2.49e-01	7.51e-01	3.65e-09
 6.43224e+16	2.59e-01	7.41e-01	3.72e-09
 6.43501e+16	2.70e-01	7.30e-01	3.79e-09
 6.43778e+16	2.81e-01	7.19e-01	3.87e-09
 6.44044e+16	2.93e-01	7.07e-01	3.95e-09
 6.44300e+16	3.04e-01	6.96e-01	4.02e-09
 6.44550e+16	3.16e-01	6.84e-01	4.10e-09
 6.44798e+16	3.29e-01	6.71e-01	4.18e-09
 6.45041e+16	3.41e-01	6.59e-01	4.25e-09
 6.45278e+16	3.54e-01	6.46e-01	4.33e-09
 6.45509e+16	3.67e-01	6.33e-01	4.41e-09
 6.45736e+16	3.80e-01	6.20e-01	4.49e-09
 6.45959e+16	3.94e-01	6.06e-01	4.56e-09
 6.46178e+16	4.08e-01	5.92e-01	4.64e-09
 6.46392e+16	4.22e-01	5.78e-01	4.71e-09
 6.46602e+16	4.36e-01	5.64e-01	4.78e-09
 6.46808e+16	4.50e-01	5.50e-01	4.85e-09
 6.47010e+16	4.64e-01	5.36e-01	4.92e-09
 6.47208e+16	4.79e-01	5.21e-01	4.99e-09
 6.47402e+16	4.93e-01	5.07e-01	5.05e-09
 6.47593e+16	5.08e-01	4.92e-01	5.11e-09
 6.47780e+16	5.23e-01	4.77e-01	5.17e-09
 6.47963e+16	5.37e-01	4.63e-01	5.22e-09
 6.48140e+16	5.52e-01	4.48e-01	5.27e-09
 6.48311e+16	5.66e-01	4.34e-01	5.31e-09
 6.48478e+16	5.80e-01	4.20e-01	5.35e-09
 6.48644e+16	5.94e-01	4.06e-01	5.39e-09
 6.48804e+16	6.07e-01	3.93e-01	5.42e-09
 6.48955e+16	6.20e-01	3.80e-01	5.45e-09
 6.49105e+16	6.33e-01	3.67e-01	5.46e-09
 6.49254e+16	6.46e-01	3.54e-01	5.49e-09
 6.49399e+16	6.59e-01	3.41e-01	5.50e-09
 6.49538e+16	6.71e-01	3.29e-01	5.51e-09
 6.49673e+16	6.82e-01	3.18e-01	5.51e-09
 6.49807e+16	6.94e-01	3.06e-01	5.51e-09
 6.49936e+16	7.05e-01	2.95e-01	5.51e-09
 6.50064e+16	7.16e-01	2.84e-01	5.51e-09
 6.50191e+16	7.27e-01	2.73e-01	5.49e-09
 6.50313e+16	7.37e-01	2.63e-01	5.48e-09
 6.50430e+16	7.47e-01	2.53e-01	5.46e-09
 6.50546e+16	7.57e-01	2.43e-01	5.44e-09
 6.50661e+16	7.67e-01	2.33e-01	5.41e-09
 6.50774e+16	7.76e-01	2.24e-01	5.39e-09
 6.50883e+16	7.84e-01	2.16e-01	5.36e-09
 6.50992e+16	7.93e-01	2.07e-01	5.32e-09
 6.51097e+16	8.01e-01	1.99e-01	5.28e-09
 6.51198e+16	8.09e-01	1.91e-01	5.24e-09
 6.51298e+16	8.17e-01	1.83e-01	5.19e-09
 6.51398e+16	8.25e-01	1.75e-01	5.15e-09
 6.51496e+16	8.32e-01	1.68e-01	5.10e-09
 6.51590e+16	8.39e-01	1.61e-01	5.04e-09
 6.51682e+16	8.45e-01	1.55e-01	4.99e-09
 6.51773e+16	8.52e-01	1.48e-01	4.93e-09
 6.51862e+16	8.58e-01	1.42e-01	4.87e-09
 6.51949e+16	8.64e-01	1.36e-01	4.82e-09
 6.52035e+16	8.70e-01	1.30e-01	4.73e-09
 6.52118e+16	8.75e-01	1.25e-01	4.67e-09
 6.52198e+16	8.80e-01	1.20e-01	4.60e-09
 6.52276e+16	8.86e-01	1.14e-01	4.52e-09
 6.52354e+16	8.90e-01	1.10e-01	4.44e-09
 6.52429e+16	8.95e-01	1.05e-01	4.37e-09
 6.52502e+16	9.00e-01	1.00e-01	4.29e-09
 6.52573e+16	9.04e-01	9.61e-02	4.21e-09
 6.52642e+16	9.08e-01	9.20e-02	4.12e-09
 6.52709e+16	9.12e-01	8.81e-02	4.03e-09
 6.52773e+16	9.16e-01	8.43e-02	3.95e-09
 6.52832e+16	9.19e-01	8.09e-02	3.86e-09
 6.52887e+16	9.22e-01	7.78e-02	3.78e-09
 6.52937e+16	9.25e-01	7.49e-02	3.70e-09
 6.52985e+16	9.28e-01	7.22e-02	3.62e-09
 6.53029e+16	9.30e-01	6.97e-02	3.53e-09
 6.53068e+16	9.33e-01	6.74e-02	3.46e-09
 6.53105e+16	9.35e-01	6.54e-02	3.38e-09
 6.53139e+16	9.37e-01	6.34e-02	3.31e-09
 6.53170e+16	9.38e-01	6.16e-02	3.24e-09
 6.53200e+16	9.40e-01	5.99e-02	3.17e-09
 6.53227e+16	9.42e-01	5.83e-02	3.11e-09
 6.53252e+16	9.43e-01	5.68e-02	3.05e-09
 6.53275e+16	9.45e-01	5.54e-02	2.98e-09
 6.53297e+16	9.46e-01	5.41e-02	2.92e-09
 6.53318e+16	9.47e-01	5.29e-02	2.87e-09
 6.53336e+16	9.48e-01	5.19e-02	2.82e-09
 6.53355e+16	9.49e-01	5.06e-02	2.75e-09
 6.53373e+16	9.50e-01	4.95e-02	2.70e-09
 6.53387e+16	9.51e-01	4.87e-02	2.66e-09
 6.53401e+16	9.52e-01	4.77e-02	2.60e-09
 6.53415e+16	9.53e-01	4.67e-02	2.54e-09
 6.53427e+16	9.54e-01	4.60e-02	2.51e-09
 6.53438e+16	9.55e-01	4.51e-02	2.45e-09
 6.53449e+16	9.56e-01	4.44e-02	2.41e-09
 6.53459e+16	9.56e-01	4.36e-02	2.36e-09
 6.53468e+16	9.57e-01	4.30e-02	2.32e-09
 6.53477e+16	9.58e-01	4.22e-02	2.27e-09
 6.53485e+16	9.58e-01	4.17e-02	2.24e-09
 6.53492e+16	9.59e-01	4.10e-02	2.19e-09
 6.53499e+16	9.60e-01	4.05e-02	2.15e-09
 6.53506e+16	9.60e-01	3.97e-02	2.10e-09
 6.53513e+16	9.61e-01	3.91e-02	2.05e-09
 6.53519e+16	9.62e-01	3.84e-02	2.00e-09
 6.53526e+16	9.62e-01	3.77e-02	1.95e-09
 6.53533e+16	9.63e-01	3.70e-02	1.89e-09
 6.53539e+16	9.64e-01	3.62e-02	1.83e-09
 6.53546e+16	9.65e-01	3.51e-02	1.74e-09
 6.53552e+16	9.66e-01	3.40e-02	1.65e-09
 6.53559e+16	9.68e-01	3.25e-02	1.52e-09
 6.53565e+16	9.78e-01	2.23e-02	7.30e-10
