#depth	H	H+	H2
 1.02107e+12	1.22e-03	9.99e-01	4.30e-14
 6.12645e+12	1.22e-03	9.99e-01	4.31e-14
 2.65479e+13	1.22e-03	9.99e-01	4.32e-14
 1.08234e+14	1.23e-03	9.99e-01	4.38e-14
 2.58536e+14	1.22e-03	9.99e-01	4.49e-14
 4.53929e+14	1.22e-03	9.99e-01	4.62e-14
 7.07940e+14	1.23e-03	9.99e-01	4.79e-14
 1.03815e+15	1.23e-03	9.99e-01	4.99e-14
 1.46743e+15	1.24e-03	9.99e-01	5.27e-14
 2.00054e+15	1.25e-03	9.99e-01	5.61e-14
 2.55360e+15	1.26e-03	9.99e-01	5.96e-14
 3.03586e+15	1.28e-03	9.99e-01	6.35e-14
 3.45386e+15	1.29e-03	9.99e-01	6.67e-14
 3.91000e+15	1.32e-03	9.99e-01	7.10e-14
 4.50298e+15	1.35e-03	9.99e-01	7.69e-14
 5.27387e+15	1.40e-03	9.99e-01	8.45e-14
 6.27601e+15	1.45e-03	9.99e-01	9.38e-14
 7.57880e+15	1.51e-03	9.98e-01	1.05e-13
 9.27242e+15	1.60e-03	9.98e-01	1.18e-13
 1.14741e+16	1.71e-03	9.98e-01	1.36e-13
 1.33545e+16	1.81e-03	9.98e-01	1.52e-13
 1.46900e+16	1.91e-03	9.98e-01	1.65e-13
 1.61590e+16	2.02e-03	9.98e-01	1.81e-13
 1.77749e+16	2.22e-03	9.98e-01	2.10e-13
 1.95523e+16	2.41e-03	9.98e-01	2.36e-13
 2.15076e+16	2.65e-03	9.97e-01	2.69e-13
 2.36583e+16	2.94e-03	9.97e-01	3.11e-13
 2.54375e+16	3.24e-03	9.97e-01	3.55e-13
 2.65235e+16	3.44e-03	9.97e-01	3.87e-13
 2.75205e+16	3.64e-03	9.96e-01	4.16e-13
 2.88166e+16	3.90e-03	9.96e-01	4.54e-13
 3.02190e+16	4.23e-03	9.96e-01	5.05e-13
 3.14118e+16	4.55e-03	9.95e-01	5.55e-13
 3.24076e+16	4.85e-03	9.95e-01	6.01e-13
 3.34950e+16	5.16e-03	9.95e-01	6.49e-13
 3.49087e+16	5.61e-03	9.94e-01	7.16e-13
 3.63097e+16	6.15e-03	9.94e-01	8.04e-13
 3.73239e+16	6.61e-03	9.93e-01	8.79e-13
 3.81170e+16	6.96e-03	9.93e-01	9.37e-13
 3.89929e+16	7.36e-03	9.93e-01	9.97e-13
 4.01317e+16	7.93e-03	9.92e-01	1.08e-12
 4.13324e+16	8.63e-03	9.91e-01	1.19e-12
 4.23180e+16	9.29e-03	9.91e-01	1.30e-12
 4.31415e+16	9.88e-03	9.90e-01	1.40e-12
 4.40500e+16	1.05e-02	9.89e-01	1.49e-12
 4.52310e+16	1.15e-02	9.89e-01	1.63e-12
 4.64146e+16	1.27e-02	9.87e-01	1.81e-12
 4.73039e+16	1.37e-02	9.86e-01	1.98e-12
 4.80272e+16	1.46e-02	9.85e-01	2.11e-12
 4.88322e+16	1.56e-02	9.84e-01	2.26e-12
 4.98787e+16	1.70e-02	9.83e-01	2.47e-12
 5.09531e+16	1.89e-02	9.81e-01	2.76e-12
 5.17767e+16	2.07e-02	9.79e-01	3.04e-12
 5.24099e+16	2.21e-02	9.78e-01	3.26e-12
 5.30826e+16	2.38e-02	9.76e-01	3.52e-12
 5.39571e+16	2.63e-02	9.74e-01	3.91e-12
 5.48296e+16	2.94e-02	9.71e-01	4.41e-12
 5.54690e+16	3.21e-02	9.68e-01	4.87e-12
 5.59689e+16	3.45e-02	9.65e-01	5.28e-12
 5.65176e+16	3.75e-02	9.63e-01	5.78e-12
 5.72310e+16	4.20e-02	9.58e-01	6.56e-12
 5.79303e+16	4.77e-02	9.52e-01	7.60e-12
 5.84278e+16	5.27e-02	9.47e-01	8.55e-12
 5.88158e+16	5.73e-02	9.43e-01	9.42e-12
 5.92449e+16	6.30e-02	9.37e-01	1.06e-11
 5.98027e+16	7.20e-02	9.28e-01	1.24e-11
 6.03586e+16	8.43e-02	9.16e-01	1.50e-11
 6.07240e+16	9.48e-02	9.05e-01	1.74e-11
 6.09383e+16	1.02e-01	8.98e-01	1.90e-11
 6.11437e+16	1.09e-01	8.91e-01	2.08e-11
 6.14108e+16	1.20e-01	8.80e-01	2.36e-11
 6.16927e+16	1.35e-01	8.65e-01	2.73e-11
 6.19192e+16	1.48e-01	8.52e-01	3.11e-11
 6.20971e+16	1.61e-01	8.39e-01	3.47e-11
 6.22862e+16	1.76e-01	8.24e-01	3.92e-11
 6.24912e+16	1.95e-01	8.05e-01	4.54e-11
 6.26657e+16	2.15e-01	7.85e-01	5.20e-11
 6.28069e+16	2.32e-01	7.68e-01	5.84e-11
 6.29562e+16	2.53e-01	7.47e-01	6.66e-11
 6.31171e+16	2.80e-01	7.20e-01	7.77e-11
 6.32530e+16	3.06e-01	6.94e-01	8.94e-11
 6.33632e+16	3.29e-01	6.71e-01	1.01e-10
 6.34795e+16	3.56e-01	6.44e-01	1.15e-10
 6.36058e+16	3.89e-01	6.11e-01	1.35e-10
 6.37153e+16	4.21e-01	5.79e-01	1.56e-10
 6.38030e+16	4.48e-01	5.52e-01	1.76e-10
 6.38772e+16	4.73e-01	5.27e-01	1.96e-10
 6.39457e+16	4.97e-01	5.03e-01	2.17e-10
 6.40109e+16	5.21e-01	4.79e-01	2.40e-10
 6.40707e+16	5.43e-01	4.57e-01	2.64e-10
 6.41150e+16	5.61e-01	4.39e-01	2.84e-10
 6.41431e+16	5.71e-01	4.29e-01	2.96e-10
 6.41699e+16	5.81e-01	4.19e-01	3.11e-10
 6.42021e+16	5.94e-01	4.06e-01	3.29e-10
 6.42360e+16	6.09e-01	3.91e-01	3.49e-10
 6.42671e+16	6.22e-01	3.78e-01	3.69e-10
 6.42951e+16	6.33e-01	3.67e-01	3.88e-10
 6.43224e+16	6.45e-01	3.55e-01	4.09e-10
 6.43501e+16	6.57e-01	3.43e-01	4.31e-10
 6.43778e+16	6.69e-01	3.31e-01	4.54e-10
 6.44044e+16	6.81e-01	3.19e-01	4.79e-10
 6.44300e+16	6.92e-01	3.08e-01	5.04e-10
 6.44550e+16	7.03e-01	2.97e-01	5.30e-10
 6.44798e+16	7.14e-01	2.86e-01	5.58e-10
 6.45041e+16	7.24e-01	2.76e-01	5.87e-10
 6.45278e+16	7.35e-01	2.65e-01	6.18e-10
 6.45509e+16	7.45e-01	2.55e-01	6.49e-10
 6.45736e+16	7.54e-01	2.46e-01	6.83e-10
 6.45959e+16	7.64e-01	2.36e-01	7.18e-10
 6.46178e+16	7.73e-01	2.27e-01	7.55e-10
 6.46392e+16	7.82e-01	2.18e-01	7.93e-10
 6.46602e+16	7.91e-01	2.09e-01	8.33e-10
 6.46808e+16	8.00e-01	2.00e-01	8.76e-10
 6.47010e+16	8.08e-01	1.92e-01	9.20e-10
 6.47208e+16	8.16e-01	1.84e-01	9.67e-10
 6.47402e+16	8.24e-01	1.76e-01	1.02e-09
 6.47593e+16	8.31e-01	1.69e-01	1.07e-09
 6.47780e+16	8.38e-01	1.62e-01	1.12e-09
 6.47963e+16	8.45e-01	1.55e-01	1.18e-09
 6.48140e+16	8.52e-01	1.48e-01	1.24e-09
 6.48311e+16	8.58e-01	1.42e-01	1.30e-09
 6.48478e+16	8.64e-01	1.36e-01	1.36e-09
 6.48644e+16	8.70e-01	1.30e-01	1.43e-09
 6.48804e+16	8.75e-01	1.25e-01	1.51e-09
 6.48955e+16	8.80e-01	1.20e-01	1.58e-09
 6.49105e+16	8.85e-01	1.15e-01	1.66e-09
 6.49254e+16	8.90e-01	1.10e-01	1.74e-09
 6.49399e+16	8.95e-01	1.05e-01	1.82e-09
 6.49538e+16	8.99e-01	1.01e-01	1.91e-09
 6.49673e+16	9.03e-01	9.71e-02	2.01e-09
 6.49807e+16	9.07e-01	9.31e-02	2.11e-09
 6.49936e+16	9.11e-01	8.94e-02	2.21e-09
 6.50064e+16	9.14e-01	8.58e-02	2.32e-09
 6.50191e+16	9.18e-01	8.22e-02	2.44e-09
 6.50313e+16	9.21e-01	7.89e-02	2.57e-09
 6.50430e+16	9.24e-01	7.58e-02	2.70e-09
 6.50546e+16	9.27e-01	7.29e-02	2.83e-09
 6.50661e+16	9.30e-01	6.99e-02	2.99e-09
 6.50774e+16	9.33e-01	6.71e-02	3.14e-09
 6.50883e+16	9.36e-01	6.45e-02	3.31e-09
 6.50992e+16	9.38e-01	6.19e-02	3.50e-09
 6.51097e+16	9.41e-01	5.94e-02	3.70e-09
 6.51198e+16	9.43e-01	5.71e-02	3.90e-09
 6.51298e+16	9.45e-01	5.49e-02	4.13e-09
 6.51398e+16	9.47e-01	5.27e-02	4.37e-09
 6.51496e+16	9.49e-01	5.06e-02	4.64e-09
 6.51590e+16	9.51e-01	4.86e-02	4.92e-09
 6.51682e+16	9.53e-01	4.67e-02	5.23e-09
 6.51773e+16	9.55e-01	4.49e-02	5.57e-09
 6.51862e+16	9.57e-01	4.32e-02	5.94e-09
 6.51949e+16	9.58e-01	4.15e-02	6.30e-09
 6.52035e+16	9.60e-01	3.98e-02	6.81e-09
 6.52118e+16	9.62e-01	3.82e-02	7.30e-09
 6.52198e+16	9.63e-01	3.68e-02	7.84e-09
 6.52276e+16	9.65e-01	3.53e-02	8.46e-09
 6.52354e+16	9.66e-01	3.39e-02	9.16e-09
 6.52429e+16	9.67e-01	3.26e-02	9.94e-09
 6.52502e+16	9.69e-01	3.13e-02	1.08e-08
 6.52573e+16	9.70e-01	3.01e-02	1.18e-08
 6.52642e+16	9.71e-01	2.89e-02	1.30e-08
 6.52709e+16	9.72e-01	2.77e-02	1.43e-08
 6.52773e+16	9.73e-01	2.66e-02	1.58e-08
 6.52832e+16	9.74e-01	2.56e-02	1.75e-08
 6.52887e+16	9.75e-01	2.47e-02	1.93e-08
 6.52937e+16	9.76e-01	2.39e-02	2.13e-08
 6.52985e+16	9.77e-01	2.31e-02	2.36e-08
 6.53029e+16	9.78e-01	2.24e-02	2.61e-08
 6.53068e+16	9.78e-01	2.17e-02	2.88e-08
 6.53105e+16	9.79e-01	2.11e-02	3.18e-08
 6.53139e+16	9.79e-01	2.05e-02	3.52e-08
 6.53170e+16	9.80e-01	2.00e-02	3.89e-08
 6.53200e+16	9.81e-01	1.95e-02	4.30e-08
 6.53227e+16	9.81e-01	1.90e-02	4.76e-08
 6.53252e+16	9.81e-01	1.86e-02	5.26e-08
 6.53275e+16	9.82e-01	1.81e-02	5.81e-08
 6.53297e+16	9.82e-01	1.77e-02	6.43e-08
 6.53318e+16	9.83e-01	1.74e-02	7.11e-08
 6.53336e+16	9.83e-01	1.70e-02	7.76e-08
 6.53355e+16	9.83e-01	1.66e-02	8.76e-08
 6.53373e+16	9.84e-01	1.63e-02	9.76e-08
 6.53387e+16	9.84e-01	1.60e-02	1.06e-07
 6.53401e+16	9.84e-01	1.57e-02	1.19e-07
 6.53415e+16	9.85e-01	1.54e-02	1.32e-07
 6.53427e+16	9.85e-01	1.51e-02	1.44e-07
 6.53438e+16	9.85e-01	1.48e-02	1.62e-07
 6.53449e+16	9.85e-01	1.46e-02	1.77e-07
 6.53459e+16	9.86e-01	1.43e-02	1.99e-07
 6.53468e+16	9.86e-01	1.41e-02	2.18e-07
 6.53477e+16	9.86e-01	1.38e-02	2.44e-07
 6.53485e+16	9.86e-01	1.37e-02	2.66e-07
 6.53492e+16	9.87e-01	1.34e-02	3.00e-07
 6.53499e+16	9.87e-01	1.32e-02	3.27e-07
 6.53506e+16	9.87e-01	1.30e-02	3.70e-07
 6.53513e+16	9.87e-01	1.27e-02	4.16e-07
 6.53519e+16	9.88e-01	1.25e-02	4.70e-07
 6.53526e+16	9.88e-01	1.22e-02	5.34e-07
 6.53533e+16	9.88e-01	1.19e-02	6.14e-07
 6.53539e+16	9.88e-01	1.16e-02	7.13e-07
 6.53546e+16	9.89e-01	1.12e-02	8.63e-07
 6.53552e+16	9.89e-01	1.08e-02	1.04e-06
 6.53559e+16	9.90e-01	1.02e-02	1.31e-06
 6.53565e+16	9.94e-01	6.24e-03	3.00e-06
