#depth	O	O+	O+2	O+3	O+4	O+5	O+6	O+7	O+8	O[1]	O[2]	O[3]
 1.02107e+12	2.13e-06	3.39e-03	5.16e-01	4.78e-01	1.99e-03	0.00e+00	0.00e+00	0.00e+00	0.00e+00	1.56e-06	3.70e-07	2.01e-07
 6.12645e+12	2.13e-06	3.39e-03	5.17e-01	4.78e-01	1.98e-03	0.00e+00	0.00e+00	0.00e+00	0.00e+00	1.56e-06	3.71e-07	2.01e-07
 2.65479e+13	2.14e-06	3.41e-03	5.19e-01	4.75e-01	1.96e-03	0.00e+00	0.00e+00	0.00e+00	0.00e+00	1.57e-06	3.73e-07	2.03e-07
 1.08234e+14	2.20e-06	3.48e-03	5.28e-01	4.66e-01	1.88e-03	0.00e+00	0.00e+00	0.00e+00	0.00e+00	1.60e-06	3.83e-07	2.08e-07
 2.58536e+14	2.26e-06	3.58e-03	5.42e-01	4.53e-01	1.74e-03	0.00e+00	0.00e+00	0.00e+00	0.00e+00	1.65e-06	3.96e-07	2.14e-07
 4.53929e+14	2.37e-06	3.72e-03	5.61e-01	4.34e-01	1.58e-03	0.00e+00	0.00e+00	0.00e+00	0.00e+00	1.73e-06	4.15e-07	2.24e-07
 7.07940e+14	2.51e-06	3.92e-03	5.85e-01	4.10e-01	1.38e-03	0.00e+00	0.00e+00	0.00e+00	0.00e+00	1.83e-06	4.42e-07	2.39e-07
 1.03815e+15	2.71e-06	4.18e-03	6.18e-01	3.77e-01	1.16e-03	0.00e+00	0.00e+00	0.00e+00	0.00e+00	1.97e-06	4.79e-07	2.58e-07
 1.46743e+15	3.00e-06	4.55e-03	6.61e-01	3.34e-01	9.00e-04	0.00e+00	0.00e+00	0.00e+00	0.00e+00	2.18e-06	5.32e-07	2.86e-07
 2.00054e+15	3.39e-06	5.04e-03	7.16e-01	2.78e-01	6.36e-04	0.00e+00	0.00e+00	0.00e+00	0.00e+00	2.46e-06	6.06e-07	3.24e-07
 2.55360e+15	3.84e-06	5.58e-03	7.72e-01	2.22e-01	4.22e-04	0.00e+00	0.00e+00	0.00e+00	0.00e+00	2.78e-06	6.88e-07	3.66e-07
 3.03586e+15	4.34e-06	6.14e-03	8.20e-01	1.73e-01	2.75e-04	0.00e+00	0.00e+00	0.00e+00	0.00e+00	3.14e-06	7.83e-07	4.15e-07
 3.45386e+15	4.77e-06	6.60e-03	8.58e-01	1.35e-01	1.81e-04	0.00e+00	0.00e+00	0.00e+00	0.00e+00	3.45e-06	8.65e-07	4.57e-07
 3.91000e+15	5.33e-06	7.13e-03	8.94e-01	9.89e-02	1.09e-04	0.00e+00	0.00e+00	0.00e+00	0.00e+00	3.85e-06	9.69e-07	5.10e-07
 4.50298e+15	6.05e-06	7.76e-03	9.29e-01	6.28e-02	5.21e-05	0.00e+00	0.00e+00	0.00e+00	0.00e+00	4.37e-06	1.11e-06	5.80e-07
 5.27387e+15	6.96e-06	8.46e-03	9.59e-01	3.28e-02	1.84e-05	0.00e+00	0.00e+00	0.00e+00	0.00e+00	5.01e-06	1.28e-06	6.67e-07
 6.27601e+15	8.00e-06	9.16e-03	9.77e-01	1.35e-02	4.40e-06	0.00e+00	0.00e+00	0.00e+00	0.00e+00	5.76e-06	1.47e-06	7.67e-07
 7.57880e+15	9.21e-06	9.83e-03	9.86e-01	4.33e-03	6.95e-07	0.00e+00	0.00e+00	0.00e+00	0.00e+00	6.62e-06	1.70e-06	8.83e-07
 9.27242e+15	1.07e-05	1.06e-02	9.88e-01	1.12e-03	0.00e+00	0.00e+00	0.00e+00	0.00e+00	0.00e+00	7.71e-06	1.99e-06	1.03e-06
 1.14741e+16	1.30e-05	1.15e-02	9.88e-01	2.44e-04	0.00e+00	0.00e+00	0.00e+00	0.00e+00	0.00e+00	9.31e-06	2.40e-06	1.24e-06
 1.33545e+16	1.51e-05	1.23e-02	9.88e-01	8.17e-05	0.00e+00	0.00e+00	0.00e+00	0.00e+00	0.00e+00	1.08e-05	2.81e-06	1.45e-06
 1.46900e+16	1.70e-05	1.29e-02	9.87e-01	4.40e-05	0.00e+00	0.00e+00	0.00e+00	0.00e+00	0.00e+00	1.22e-05	3.17e-06	1.64e-06
 1.61590e+16	1.95e-05	1.36e-02	9.86e-01	2.63e-05	0.00e+00	0.00e+00	0.00e+00	0.00e+00	0.00e+00	1.40e-05	3.63e-06	1.88e-06
 1.77749e+16	2.44e-05	1.50e-02	9.85e-01	1.74e-05	0.00e+00	0.00e+00	0.00e+00	0.00e+00	0.00e+00	1.74e-05	4.59e-06	2.36e-06
 1.95523e+16	2.93e-05	1.62e-02	9.84e-01	1.29e-05	0.00e+00	0.00e+00	0.00e+00	0.00e+00	0.00e+00	2.09e-05	5.50e-06	2.83e-06
 2.15076e+16	3.59e-05	1.75e-02	9.82e-01	1.04e-05	0.00e+00	0.00e+00	0.00e+00	0.00e+00	0.00e+00	2.57e-05	6.73e-06	3.48e-06
 2.36583e+16	4.51e-05	1.92e-02	9.81e-01	8.66e-06	0.00e+00	0.00e+00	0.00e+00	0.00e+00	0.00e+00	3.23e-05	8.46e-06	4.38e-06
 2.54375e+16	5.55e-05	2.10e-02	9.79e-01	7.63e-06	0.00e+00	0.00e+00	0.00e+00	0.00e+00	0.00e+00	3.97e-05	1.04e-05	5.39e-06
 2.65235e+16	6.33e-05	2.21e-02	9.78e-01	7.09e-06	0.00e+00	0.00e+00	0.00e+00	0.00e+00	0.00e+00	4.53e-05	1.18e-05	6.15e-06
 2.75205e+16	7.15e-05	2.33e-02	9.77e-01	6.69e-06	0.00e+00	0.00e+00	0.00e+00	0.00e+00	0.00e+00	5.12e-05	1.33e-05	6.94e-06
 2.88166e+16	8.32e-05	2.48e-02	9.75e-01	6.13e-06	0.00e+00	0.00e+00	0.00e+00	0.00e+00	0.00e+00	5.97e-05	1.55e-05	8.07e-06
 3.02190e+16	9.95e-05	2.68e-02	9.73e-01	5.62e-06	0.00e+00	0.00e+00	0.00e+00	0.00e+00	0.00e+00	7.13e-05	1.85e-05	9.63e-06
 3.14118e+16	1.16e-04	2.87e-02	9.71e-01	5.23e-06	0.00e+00	0.00e+00	0.00e+00	0.00e+00	0.00e+00	8.36e-05	2.16e-05	1.13e-05
 3.24076e+16	1.34e-04	3.05e-02	9.69e-01	4.93e-06	0.00e+00	0.00e+00	0.00e+00	0.00e+00	0.00e+00	9.61e-05	2.48e-05	1.29e-05
 3.34950e+16	1.54e-04	3.25e-02	9.67e-01	4.61e-06	0.00e+00	0.00e+00	0.00e+00	0.00e+00	0.00e+00	1.11e-04	2.84e-05	1.48e-05
 3.49087e+16	1.85e-04	3.53e-02	9.64e-01	4.25e-06	0.00e+00	0.00e+00	0.00e+00	0.00e+00	0.00e+00	1.34e-04	3.40e-05	1.78e-05
 3.63097e+16	2.28e-04	3.89e-02	9.61e-01	3.89e-06	0.00e+00	0.00e+00	0.00e+00	0.00e+00	0.00e+00	1.64e-04	4.18e-05	2.19e-05
 3.73239e+16	2.68e-04	4.20e-02	9.58e-01	3.64e-06	0.00e+00	0.00e+00	0.00e+00	0.00e+00	0.00e+00	1.94e-04	4.91e-05	2.58e-05
 3.81170e+16	3.03e-04	4.45e-02	9.55e-01	3.45e-06	0.00e+00	0.00e+00	0.00e+00	0.00e+00	0.00e+00	2.18e-04	5.52e-05	2.90e-05
 3.89929e+16	3.44e-04	4.73e-02	9.52e-01	3.27e-06	0.00e+00	0.00e+00	0.00e+00	0.00e+00	0.00e+00	2.48e-04	6.25e-05	3.29e-05
 4.01317e+16	4.09e-04	5.14e-02	9.48e-01	3.04e-06	0.00e+00	0.00e+00	0.00e+00	0.00e+00	0.00e+00	2.95e-04	7.40e-05	3.90e-05
 4.13324e+16	4.98e-04	5.67e-02	9.43e-01	2.80e-06	0.00e+00	0.00e+00	0.00e+00	0.00e+00	0.00e+00	3.61e-04	8.99e-05	4.75e-05
 4.23180e+16	5.91e-04	6.18e-02	9.38e-01	2.60e-06	0.00e+00	0.00e+00	0.00e+00	0.00e+00	0.00e+00	4.28e-04	1.06e-04	5.63e-05
 4.31415e+16	6.85e-04	6.65e-02	9.33e-01	2.44e-06	0.00e+00	0.00e+00	0.00e+00	0.00e+00	0.00e+00	4.96e-04	1.23e-04	6.51e-05
 4.40500e+16	7.97e-04	7.19e-02	9.27e-01	2.28e-06	0.00e+00	0.00e+00	0.00e+00	0.00e+00	0.00e+00	5.78e-04	1.43e-04	7.56e-05
 4.52310e+16	9.81e-04	8.01e-02	9.19e-01	2.08e-06	0.00e+00	0.00e+00	0.00e+00	0.00e+00	0.00e+00	7.13e-04	1.75e-04	9.29e-05
 4.64146e+16	1.23e-03	9.02e-02	9.09e-01	1.87e-06	0.00e+00	0.00e+00	0.00e+00	0.00e+00	0.00e+00	8.98e-04	2.19e-04	1.17e-04
 4.73039e+16	1.49e-03	9.95e-02	8.99e-01	1.72e-06	0.00e+00	0.00e+00	0.00e+00	0.00e+00	0.00e+00	1.08e-03	2.64e-04	1.40e-04
 4.80272e+16	1.73e-03	1.08e-01	8.91e-01	1.59e-06	0.00e+00	0.00e+00	0.00e+00	0.00e+00	0.00e+00	1.26e-03	3.05e-04	1.63e-04
 4.88322e+16	2.02e-03	1.17e-01	8.81e-01	1.47e-06	0.00e+00	0.00e+00	0.00e+00	0.00e+00	0.00e+00	1.48e-03	3.55e-04	1.90e-04
 4.98787e+16	2.52e-03	1.32e-01	8.66e-01	1.31e-06	0.00e+00	0.00e+00	0.00e+00	0.00e+00	0.00e+00	1.84e-03	4.39e-04	2.36e-04
 5.09531e+16	3.23e-03	1.50e-01	8.46e-01	1.14e-06	0.00e+00	0.00e+00	0.00e+00	0.00e+00	0.00e+00	2.37e-03	5.60e-04	3.02e-04
 5.17767e+16	3.99e-03	1.68e-01	8.28e-01	1.01e-06	0.00e+00	0.00e+00	0.00e+00	0.00e+00	0.00e+00	2.93e-03	6.88e-04	3.71e-04
 5.24099e+16	4.68e-03	1.83e-01	8.12e-01	9.16e-07	0.00e+00	0.00e+00	0.00e+00	0.00e+00	0.00e+00	3.44e-03	8.05e-04	4.35e-04
 5.30826e+16	5.56e-03	2.01e-01	7.94e-01	8.22e-07	0.00e+00	0.00e+00	0.00e+00	0.00e+00	0.00e+00	4.09e-03	9.53e-04	5.16e-04
 5.39571e+16	7.01e-03	2.27e-01	7.66e-01	7.03e-07	0.00e+00	0.00e+00	0.00e+00	0.00e+00	0.00e+00	5.17e-03	1.20e-03	6.49e-04
 5.48296e+16	9.04e-03	2.59e-01	7.32e-01	5.85e-07	0.00e+00	0.00e+00	0.00e+00	0.00e+00	0.00e+00	6.67e-03	1.54e-03	8.34e-04
 5.54690e+16	1.10e-02	2.87e-01	7.02e-01	5.00e-07	0.00e+00	0.00e+00	0.00e+00	0.00e+00	0.00e+00	8.14e-03	1.87e-03	1.02e-03
 5.59689e+16	1.29e-02	3.11e-01	6.76e-01	4.38e-07	0.00e+00	0.00e+00	0.00e+00	0.00e+00	0.00e+00	9.55e-03	2.19e-03	1.19e-03
 5.65176e+16	1.54e-02	3.40e-01	6.45e-01	3.75e-07	0.00e+00	0.00e+00	0.00e+00	0.00e+00	0.00e+00	1.14e-02	2.60e-03	1.42e-03
 5.72310e+16	1.96e-02	3.82e-01	5.99e-01	2.98e-07	0.00e+00	0.00e+00	0.00e+00	0.00e+00	0.00e+00	1.45e-02	3.30e-03	1.80e-03
 5.79303e+16	2.54e-02	4.30e-01	5.45e-01	2.28e-07	0.00e+00	0.00e+00	0.00e+00	0.00e+00	0.00e+00	1.88e-02	4.26e-03	2.33e-03
 5.84278e+16	3.09e-02	4.68e-01	5.01e-01	1.82e-07	0.00e+00	0.00e+00	0.00e+00	0.00e+00	0.00e+00	2.29e-02	5.18e-03	2.83e-03
 5.88158e+16	3.61e-02	5.00e-01	4.64e-01	1.50e-07	0.00e+00	0.00e+00	0.00e+00	0.00e+00	0.00e+00	2.67e-02	6.05e-03	3.30e-03
 5.92449e+16	4.29e-02	5.36e-01	4.21e-01	0.00e+00	0.00e+00	0.00e+00	0.00e+00	0.00e+00	0.00e+00	3.18e-02	7.18e-03	3.93e-03
 5.98027e+16	5.42e-02	5.83e-01	3.63e-01	0.00e+00	0.00e+00	0.00e+00	0.00e+00	0.00e+00	0.00e+00	4.02e-02	9.04e-03	4.95e-03
 6.03586e+16	6.99e-02	6.32e-01	2.98e-01	0.00e+00	0.00e+00	0.00e+00	0.00e+00	0.00e+00	0.00e+00	5.19e-02	1.17e-02	6.38e-03
 6.07240e+16	8.36e-02	6.63e-01	2.54e-01	0.00e+00	0.00e+00	0.00e+00	0.00e+00	0.00e+00	0.00e+00	6.20e-02	1.39e-02	7.63e-03
 6.09383e+16	9.29e-02	6.79e-01	2.28e-01	0.00e+00	0.00e+00	0.00e+00	0.00e+00	0.00e+00	0.00e+00	6.89e-02	1.55e-02	8.47e-03
 6.11437e+16	1.03e-01	6.93e-01	2.04e-01	0.00e+00	0.00e+00	0.00e+00	0.00e+00	0.00e+00	0.00e+00	7.62e-02	1.71e-02	9.36e-03
 6.14108e+16	1.17e-01	7.08e-01	1.75e-01	0.00e+00	0.00e+00	0.00e+00	0.00e+00	0.00e+00	0.00e+00	8.70e-02	1.95e-02	1.07e-02
 6.16927e+16	1.36e-01	7.21e-01	1.43e-01	0.00e+00	0.00e+00	0.00e+00	0.00e+00	0.00e+00	0.00e+00	1.01e-01	2.26e-02	1.24e-02
 6.19192e+16	1.54e-01	7.26e-01	1.20e-01	0.00e+00	0.00e+00	0.00e+00	0.00e+00	0.00e+00	0.00e+00	1.14e-01	2.55e-02	1.40e-02
 6.20971e+16	1.70e-01	7.28e-01	1.02e-01	0.00e+00	0.00e+00	0.00e+00	0.00e+00	0.00e+00	0.00e+00	1.26e-01	2.82e-02	1.55e-02
 6.22862e+16	1.89e-01	7.26e-01	8.53e-02	0.00e+00	0.00e+00	0.00e+00	0.00e+00	0.00e+00	0.00e+00	1.40e-01	3.13e-02	1.72e-02
 6.24912e+16	2.13e-01	7.19e-01	6.83e-02	0.00e+00	0.00e+00	0.00e+00	0.00e+00	0.00e+00	0.00e+00	1.58e-01	3.52e-02	1.94e-02
 6.26657e+16	2.37e-01	7.08e-01	5.52e-02	0.00e+00	0.00e+00	0.00e+00	0.00e+00	0.00e+00	0.00e+00	1.76e-01	3.90e-02	2.15e-02
 6.28069e+16	2.58e-01	6.96e-01	4.57e-02	0.00e+00	0.00e+00	0.00e+00	0.00e+00	0.00e+00	0.00e+00	1.92e-01	4.24e-02	2.34e-02
 6.29562e+16	2.83e-01	6.80e-01	3.68e-02	0.00e+00	0.00e+00	0.00e+00	0.00e+00	0.00e+00	0.00e+00	2.11e-01	4.64e-02	2.56e-02
 6.31171e+16	3.14e-01	6.58e-01	2.83e-02	0.00e+00	0.00e+00	0.00e+00	0.00e+00	0.00e+00	0.00e+00	2.34e-01	5.13e-02	2.84e-02
 6.32530e+16	3.43e-01	6.34e-01	2.21e-02	0.00e+00	0.00e+00	0.00e+00	0.00e+00	0.00e+00	0.00e+00	2.57e-01	5.59e-02	3.09e-02
 6.33632e+16	3.69e-01	6.13e-01	1.78e-02	0.00e+00	0.00e+00	0.00e+00	0.00e+00	0.00e+00	0.00e+00	2.76e-01	5.98e-02	3.32e-02
 6.34795e+16	3.99e-01	5.87e-01	1.39e-02	0.00e+00	0.00e+00	0.00e+00	0.00e+00	0.00e+00	0.00e+00	2.99e-01	6.43e-02	3.58e-02
 6.36058e+16	4.35e-01	5.55e-01	1.03e-02	0.00e+00	0.00e+00	0.00e+00	0.00e+00	0.00e+00	0.00e+00	3.26e-01	6.96e-02	3.88e-02
 6.37153e+16	4.69e-01	5.23e-01	7.73e-03	0.00e+00	0.00e+00	0.00e+00	0.00e+00	0.00e+00	0.00e+00	3.53e-01	7.44e-02	4.17e-02
 6.38030e+16	4.98e-01	4.96e-01	6.04e-03	0.00e+00	0.00e+00	0.00e+00	0.00e+00	0.00e+00	0.00e+00	3.75e-01	7.84e-02	4.40e-02
 6.38772e+16	5.23e-01	4.72e-01	4.83e-03	0.00e+00	0.00e+00	0.00e+00	0.00e+00	0.00e+00	0.00e+00	3.95e-01	8.19e-02	4.61e-02
 6.39457e+16	5.47e-01	4.49e-01	3.88e-03	0.00e+00	0.00e+00	0.00e+00	0.00e+00	0.00e+00	0.00e+00	4.14e-01	8.50e-02	4.80e-02
 6.40109e+16	5.71e-01	4.26e-01	3.11e-03	0.00e+00	0.00e+00	0.00e+00	0.00e+00	0.00e+00	0.00e+00	4.33e-01	8.81e-02	4.99e-02
 6.40707e+16	5.94e-01	4.03e-01	2.51e-03	0.00e+00	0.00e+00	0.00e+00	0.00e+00	0.00e+00	0.00e+00	4.52e-01	9.08e-02	5.15e-02
 6.41150e+16	6.11e-01	3.87e-01	2.13e-03	0.00e+00	0.00e+00	0.00e+00	0.00e+00	0.00e+00	0.00e+00	4.65e-01	9.27e-02	5.28e-02
 6.41431e+16	6.21e-01	3.77e-01	1.92e-03	0.00e+00	0.00e+00	0.00e+00	0.00e+00	0.00e+00	0.00e+00	4.74e-01	9.37e-02	5.35e-02
 6.41699e+16	6.31e-01	3.67e-01	1.72e-03	0.00e+00	0.00e+00	0.00e+00	0.00e+00	0.00e+00	0.00e+00	4.82e-01	9.49e-02	5.42e-02
 6.42021e+16	6.44e-01	3.55e-01	1.51e-03	0.00e+00	0.00e+00	0.00e+00	0.00e+00	0.00e+00	0.00e+00	4.92e-01	9.62e-02	5.51e-02
 6.42360e+16	6.57e-01	3.41e-01	1.31e-03	0.00e+00	0.00e+00	0.00e+00	0.00e+00	0.00e+00	0.00e+00	5.04e-01	9.75e-02	5.60e-02
 6.42671e+16	6.70e-01	3.29e-01	1.14e-03	0.00e+00	0.00e+00	0.00e+00	0.00e+00	0.00e+00	0.00e+00	5.14e-01	9.87e-02	5.68e-02
 6.42951e+16	6.81e-01	3.18e-01	1.01e-03	0.00e+00	0.00e+00	0.00e+00	0.00e+00	0.00e+00	0.00e+00	5.24e-01	9.97e-02	5.75e-02
 6.43224e+16	6.92e-01	3.07e-01	8.89e-04	0.00e+00	0.00e+00	0.00e+00	0.00e+00	0.00e+00	0.00e+00	5.33e-01	1.01e-01	5.82e-02
 6.43501e+16	7.03e-01	2.96e-01	7.79e-04	0.00e+00	0.00e+00	0.00e+00	0.00e+00	0.00e+00	0.00e+00	5.43e-01	1.02e-01	5.88e-02
 6.43778e+16	7.14e-01	2.85e-01	6.80e-04	0.00e+00	0.00e+00	0.00e+00	0.00e+00	0.00e+00	0.00e+00	5.52e-01	1.03e-01	5.95e-02
 6.44044e+16	7.25e-01	2.74e-01	5.95e-04	0.00e+00	0.00e+00	0.00e+00	0.00e+00	0.00e+00	0.00e+00	5.62e-01	1.03e-01	6.01e-02
 6.44300e+16	7.35e-01	2.64e-01	5.21e-04	0.00e+00	0.00e+00	0.00e+00	0.00e+00	0.00e+00	0.00e+00	5.71e-01	1.04e-01	6.07e-02
 6.44550e+16	7.45e-01	2.54e-01	4.56e-04	0.00e+00	0.00e+00	0.00e+00	0.00e+00	0.00e+00	0.00e+00	5.79e-01	1.05e-01	6.12e-02
 6.44798e+16	7.55e-01	2.44e-01	3.99e-04	0.00e+00	0.00e+00	0.00e+00	0.00e+00	0.00e+00	0.00e+00	5.88e-01	1.05e-01	6.17e-02
 6.45041e+16	7.65e-01	2.35e-01	3.48e-04	0.00e+00	0.00e+00	0.00e+00	0.00e+00	0.00e+00	0.00e+00	5.97e-01	1.06e-01	6.21e-02
 6.45278e+16	7.74e-01	2.25e-01	3.04e-04	0.00e+00	0.00e+00	0.00e+00	0.00e+00	0.00e+00	0.00e+00	6.05e-01	1.06e-01	6.25e-02
 6.45509e+16	7.83e-01	2.16e-01	2.65e-04	0.00e+00	0.00e+00	0.00e+00	0.00e+00	0.00e+00	0.00e+00	6.14e-01	1.07e-01	6.29e-02
 6.45736e+16	7.92e-01	2.08e-01	2.31e-04	0.00e+00	0.00e+00	0.00e+00	0.00e+00	0.00e+00	0.00e+00	6.22e-01	1.07e-01	6.32e-02
 6.45959e+16	8.01e-01	1.99e-01	2.02e-04	0.00e+00	0.00e+00	0.00e+00	0.00e+00	0.00e+00	0.00e+00	6.30e-01	1.08e-01	6.36e-02
 6.46178e+16	8.09e-01	1.91e-01	1.76e-04	0.00e+00	0.00e+00	0.00e+00	0.00e+00	0.00e+00	0.00e+00	6.37e-01	1.08e-01	6.38e-02
 6.46392e+16	8.17e-01	1.83e-01	1.53e-04	0.00e+00	0.00e+00	0.00e+00	0.00e+00	0.00e+00	0.00e+00	6.45e-01	1.08e-01	6.41e-02
 6.46602e+16	8.25e-01	1.75e-01	1.33e-04	0.00e+00	0.00e+00	0.00e+00	0.00e+00	0.00e+00	0.00e+00	6.52e-01	1.08e-01	6.43e-02
 6.46808e+16	8.32e-01	1.68e-01	1.16e-04	0.00e+00	0.00e+00	0.00e+00	0.00e+00	0.00e+00	0.00e+00	6.59e-01	1.08e-01	6.45e-02
 6.47010e+16	8.39e-01	1.60e-01	1.01e-04	0.00e+00	0.00e+00	0.00e+00	0.00e+00	0.00e+00	0.00e+00	6.66e-01	1.09e-01	6.47e-02
 6.47208e+16	8.46e-01	1.53e-01	8.74e-05	0.00e+00	0.00e+00	0.00e+00	0.00e+00	0.00e+00	0.00e+00	6.73e-01	1.09e-01	6.48e-02
 6.47402e+16	8.53e-01	1.47e-01	7.59e-05	0.00e+00	0.00e+00	0.00e+00	0.00e+00	0.00e+00	0.00e+00	6.80e-01	1.09e-01	6.49e-02
 6.47593e+16	8.60e-01	1.40e-01	6.59e-05	0.00e+00	0.00e+00	0.00e+00	0.00e+00	0.00e+00	0.00e+00	6.86e-01	1.09e-01	6.50e-02
 6.47780e+16	8.66e-01	1.34e-01	5.72e-05	0.00e+00	0.00e+00	0.00e+00	0.00e+00	0.00e+00	0.00e+00	6.92e-01	1.09e-01	6.50e-02
 6.47963e+16	8.72e-01	1.28e-01	4.97e-05	0.00e+00	0.00e+00	0.00e+00	0.00e+00	0.00e+00	0.00e+00	6.98e-01	1.09e-01	6.51e-02
 6.48140e+16	8.77e-01	1.23e-01	4.32e-05	0.00e+00	0.00e+00	0.00e+00	0.00e+00	0.00e+00	0.00e+00	7.04e-01	1.09e-01	6.51e-02
 6.48311e+16	8.83e-01	1.17e-01	3.77e-05	0.00e+00	0.00e+00	0.00e+00	0.00e+00	0.00e+00	0.00e+00	7.09e-01	1.09e-01	6.51e-02
 6.48478e+16	8.88e-01	1.12e-01	3.30e-05	0.00e+00	0.00e+00	0.00e+00	0.00e+00	0.00e+00	0.00e+00	7.14e-01	1.08e-01	6.51e-02
 6.48644e+16	8.93e-01	1.07e-01	2.86e-05	0.00e+00	0.00e+00	0.00e+00	0.00e+00	0.00e+00	0.00e+00	7.19e-01	1.08e-01	6.51e-02
 6.48804e+16	8.97e-01	1.03e-01	2.50e-05	0.00e+00	0.00e+00	0.00e+00	0.00e+00	0.00e+00	0.00e+00	7.24e-01	1.08e-01	6.50e-02
 6.48955e+16	9.02e-01	9.83e-02	2.20e-05	0.00e+00	0.00e+00	0.00e+00	0.00e+00	0.00e+00	0.00e+00	7.29e-01	1.08e-01	6.50e-02
 6.49105e+16	9.06e-01	9.42e-02	1.92e-05	0.00e+00	0.00e+00	0.00e+00	0.00e+00	0.00e+00	0.00e+00	7.33e-01	1.08e-01	6.50e-02
 6.49254e+16	9.10e-01	9.01e-02	1.69e-05	0.00e+00	0.00e+00	0.00e+00	0.00e+00	0.00e+00	0.00e+00	7.37e-01	1.08e-01	6.49e-02
 6.49399e+16	9.14e-01	8.63e-02	1.47e-05	0.00e+00	0.00e+00	0.00e+00	0.00e+00	0.00e+00	0.00e+00	7.41e-01	1.08e-01	6.48e-02
 6.49538e+16	9.17e-01	8.27e-02	1.30e-05	0.00e+00	0.00e+00	0.00e+00	0.00e+00	0.00e+00	0.00e+00	7.45e-01	1.08e-01	6.47e-02
 6.49673e+16	9.21e-01	7.93e-02	1.14e-05	0.00e+00	0.00e+00	0.00e+00	0.00e+00	0.00e+00	0.00e+00	7.48e-01	1.08e-01	6.47e-02
 6.49807e+16	9.24e-01	7.59e-02	1.00e-05	0.00e+00	0.00e+00	0.00e+00	0.00e+00	0.00e+00	0.00e+00	7.52e-01	1.08e-01	6.46e-02
 6.49936e+16	9.27e-01	7.28e-02	8.87e-06	0.00e+00	0.00e+00	0.00e+00	0.00e+00	0.00e+00	0.00e+00	7.55e-01	1.08e-01	6.45e-02
 6.50064e+16	9.30e-01	6.98e-02	7.82e-06	0.00e+00	0.00e+00	0.00e+00	0.00e+00	0.00e+00	0.00e+00	7.58e-01	1.07e-01	6.45e-02
 6.50191e+16	9.33e-01	6.69e-02	6.87e-06	0.00e+00	0.00e+00	0.00e+00	0.00e+00	0.00e+00	0.00e+00	7.61e-01	1.08e-01	6.44e-02
 6.50313e+16	9.36e-01	6.41e-02	6.07e-06	0.00e+00	0.00e+00	0.00e+00	0.00e+00	0.00e+00	0.00e+00	7.64e-01	1.07e-01	6.43e-02
 6.50430e+16	9.38e-01	6.16e-02	5.37e-06	0.00e+00	0.00e+00	0.00e+00	0.00e+00	0.00e+00	0.00e+00	7.67e-01	1.08e-01	6.43e-02
 6.50546e+16	9.41e-01	5.91e-02	4.76e-06	0.00e+00	0.00e+00	0.00e+00	0.00e+00	0.00e+00	0.00e+00	7.69e-01	1.07e-01	6.42e-02
 6.50661e+16	9.43e-01	5.67e-02	4.20e-06	0.00e+00	0.00e+00	0.00e+00	0.00e+00	0.00e+00	0.00e+00	7.72e-01	1.08e-01	6.42e-02
 6.50774e+16	9.46e-01	5.44e-02	3.72e-06	0.00e+00	0.00e+00	0.00e+00	0.00e+00	0.00e+00	0.00e+00	7.74e-01	1.07e-01	6.41e-02
 6.50883e+16	9.48e-01	5.22e-02	3.31e-06	0.00e+00	0.00e+00	0.00e+00	0.00e+00	0.00e+00	0.00e+00	7.76e-01	1.07e-01	6.40e-02
 6.50992e+16	9.50e-01	5.00e-02	2.92e-06	0.00e+00	0.00e+00	0.00e+00	0.00e+00	0.00e+00	0.00e+00	7.78e-01	1.08e-01	6.39e-02
 6.51097e+16	9.52e-01	4.80e-02	2.59e-06	0.00e+00	0.00e+00	0.00e+00	0.00e+00	0.00e+00	0.00e+00	7.80e-01	1.08e-01	6.38e-02
 6.51198e+16	9.54e-01	4.61e-02	2.31e-06	0.00e+00	0.00e+00	0.00e+00	0.00e+00	0.00e+00	0.00e+00	7.82e-01	1.08e-01	6.37e-02
 6.51298e+16	9.56e-01	4.43e-02	2.05e-06	0.00e+00	0.00e+00	0.00e+00	0.00e+00	0.00e+00	0.00e+00	7.84e-01	1.08e-01	6.36e-02
 6.51398e+16	9.58e-01	4.25e-02	1.82e-06	0.00e+00	0.00e+00	0.00e+00	0.00e+00	0.00e+00	0.00e+00	7.86e-01	1.08e-01	6.36e-02
 6.51496e+16	9.59e-01	4.08e-02	1.62e-06	0.00e+00	0.00e+00	0.00e+00	0.00e+00	0.00e+00	0.00e+00	7.88e-01	1.08e-01	6.35e-02
 6.51590e+16	9.61e-01	3.91e-02	1.44e-06	0.00e+00	0.00e+00	0.00e+00	0.00e+00	0.00e+00	0.00e+00	7.89e-01	1.08e-01	6.35e-02
 6.51682e+16	9.62e-01	3.76e-02	1.28e-06	0.00e+00	0.00e+00	0.00e+00	0.00e+00	0.00e+00	0.00e+00	7.90e-01	1.09e-01	6.34e-02
 6.51773e+16	9.64e-01	3.61e-02	1.15e-06	0.00e+00	0.00e+00	0.00e+00	0.00e+00	0.00e+00	0.00e+00	7.92e-01	1.09e-01	6.34e-02
 6.51862e+16	9.65e-01	3.47e-02	1.02e-06	0.00e+00	0.00e+00	0.00e+00	0.00e+00	0.00e+00	0.00e+00	7.93e-01	1.09e-01	6.34e-02
 6.51949e+16	9.67e-01	3.33e-02	9.13e-07	0.00e+00	0.00e+00	0.00e+00	0.00e+00	0.00e+00	0.00e+00	7.94e-01	1.09e-01	6.33e-02
 6.52035e+16	9.68e-01	3.19e-02	8.11e-07	0.00e+00	0.00e+00	0.00e+00	0.00e+00	0.00e+00	0.00e+00	7.95e-01	1.10e-01	6.34e-02
 6.52118e+16	9.69e-01	3.06e-02	7.24e-07	0.00e+00	0.00e+00	0.00e+00	0.00e+00	0.00e+00	0.00e+00	7.96e-01	1.10e-01	6.34e-02
 6.52198e+16	9.71e-01	2.94e-02	6.49e-07	0.00e+00	0.00e+00	0.00e+00	0.00e+00	0.00e+00	0.00e+00	7.97e-01	1.10e-01	6.34e-02
 6.52276e+16	9.72e-01	2.83e-02	5.81e-07	0.00e+00	0.00e+00	0.00e+00	0.00e+00	0.00e+00	0.00e+00	7.98e-01	1.11e-01	6.34e-02
 6.52354e+16	9.73e-01	2.71e-02	5.19e-07	0.00e+00	0.00e+00	0.00e+00	0.00e+00	0.00e+00	0.00e+00	7.98e-01	1.11e-01	6.34e-02
 6.52429e+16	9.74e-01	2.60e-02	4.64e-07	0.00e+00	0.00e+00	0.00e+00	0.00e+00	0.00e+00	0.00e+00	7.99e-01	1.12e-01	6.35e-02
 6.52502e+16	9.75e-01	2.50e-02	4.15e-07	0.00e+00	0.00e+00	0.00e+00	0.00e+00	0.00e+00	0.00e+00	7.99e-01	1.12e-01	6.36e-02
 6.52573e+16	9.76e-01	2.40e-02	3.73e-07	0.00e+00	0.00e+00	0.00e+00	0.00e+00	0.00e+00	0.00e+00	8.00e-01	1.13e-01	6.36e-02
 6.52642e+16	9.77e-01	2.30e-02	3.34e-07	0.00e+00	0.00e+00	0.00e+00	0.00e+00	0.00e+00	0.00e+00	8.00e-01	1.13e-01	6.37e-02
 6.52709e+16	9.78e-01	2.21e-02	3.00e-07	0.00e+00	0.00e+00	0.00e+00	0.00e+00	0.00e+00	0.00e+00	8.00e-01	1.14e-01	6.38e-02
 6.52773e+16	9.79e-01	2.12e-02	2.70e-07	0.00e+00	0.00e+00	0.00e+00	0.00e+00	0.00e+00	0.00e+00	8.00e-01	1.15e-01	6.39e-02
 6.52832e+16	9.80e-01	2.04e-02	2.44e-07	0.00e+00	0.00e+00	0.00e+00	0.00e+00	0.00e+00	0.00e+00	8.00e-01	1.15e-01	6.41e-02
 6.52887e+16	9.80e-01	1.97e-02	2.22e-07	0.00e+00	0.00e+00	0.00e+00	0.00e+00	0.00e+00	0.00e+00	8.00e-01	1.16e-01	6.42e-02
 6.52937e+16	9.81e-01	1.90e-02	2.03e-07	0.00e+00	0.00e+00	0.00e+00	0.00e+00	0.00e+00	0.00e+00	8.00e-01	1.17e-01	6.43e-02
 6.52985e+16	9.82e-01	1.83e-02	1.86e-07	0.00e+00	0.00e+00	0.00e+00	0.00e+00	0.00e+00	0.00e+00	8.00e-01	1.17e-01	6.45e-02
 6.53029e+16	9.82e-01	1.78e-02	1.71e-07	0.00e+00	0.00e+00	0.00e+00	0.00e+00	0.00e+00	0.00e+00	7.99e-01	1.18e-01	6.46e-02
 6.53068e+16	9.83e-01	1.72e-02	1.59e-07	0.00e+00	0.00e+00	0.00e+00	0.00e+00	0.00e+00	0.00e+00	7.99e-01	1.19e-01	6.48e-02
 6.53105e+16	9.83e-01	1.67e-02	1.48e-07	0.00e+00	0.00e+00	0.00e+00	0.00e+00	0.00e+00	0.00e+00	7.99e-01	1.20e-01	6.49e-02
 6.53139e+16	9.84e-01	1.63e-02	1.38e-07	0.00e+00	0.00e+00	0.00e+00	0.00e+00	0.00e+00	0.00e+00	7.98e-01	1.20e-01	6.51e-02
 6.53170e+16	9.84e-01	1.58e-02	1.29e-07	0.00e+00	0.00e+00	0.00e+00	0.00e+00	0.00e+00	0.00e+00	7.98e-01	1.21e-01	6.52e-02
 6.53200e+16	9.85e-01	1.54e-02	1.21e-07	0.00e+00	0.00e+00	0.00e+00	0.00e+00	0.00e+00	0.00e+00	7.97e-01	1.22e-01	6.54e-02
 6.53227e+16	9.85e-01	1.50e-02	1.14e-07	0.00e+00	0.00e+00	0.00e+00	0.00e+00	0.00e+00	0.00e+00	7.97e-01	1.23e-01	6.56e-02
 6.53252e+16	9.85e-01	1.47e-02	1.07e-07	0.00e+00	0.00e+00	0.00e+00	0.00e+00	0.00e+00	0.00e+00	7.96e-01	1.23e-01	6.57e-02
 6.53275e+16	9.86e-01	1.43e-02	1.01e-07	0.00e+00	0.00e+00	0.00e+00	0.00e+00	0.00e+00	0.00e+00	7.96e-01	1.24e-01	6.59e-02
 6.53297e+16	9.86e-01	1.40e-02	9.60e-08	0.00e+00	0.00e+00	0.00e+00	0.00e+00	0.00e+00	0.00e+00	7.95e-01	1.25e-01	6.60e-02
 6.53318e+16	9.86e-01	1.37e-02	9.11e-08	0.00e+00	0.00e+00	0.00e+00	0.00e+00	0.00e+00	0.00e+00	7.94e-01	1.26e-01	6.62e-02
 6.53336e+16	9.87e-01	1.34e-02	8.71e-08	0.00e+00	0.00e+00	0.00e+00	0.00e+00	0.00e+00	0.00e+00	7.94e-01	1.26e-01	6.63e-02
 6.53355e+16	9.87e-01	1.31e-02	8.23e-08	0.00e+00	0.00e+00	0.00e+00	0.00e+00	0.00e+00	0.00e+00	7.93e-01	1.27e-01	6.65e-02
 6.53373e+16	9.87e-01	1.28e-02	7.84e-08	0.00e+00	0.00e+00	0.00e+00	0.00e+00	0.00e+00	0.00e+00	7.92e-01	1.28e-01	6.67e-02
 6.53387e+16	9.87e-01	1.26e-02	7.55e-08	0.00e+00	0.00e+00	0.00e+00	0.00e+00	0.00e+00	0.00e+00	7.92e-01	1.29e-01	6.68e-02
 6.53401e+16	9.88e-01	1.23e-02	7.19e-08	0.00e+00	0.00e+00	0.00e+00	0.00e+00	0.00e+00	0.00e+00	7.91e-01	1.30e-01	6.70e-02
 6.53415e+16	9.88e-01	1.21e-02	6.88e-08	0.00e+00	0.00e+00	0.00e+00	0.00e+00	0.00e+00	0.00e+00	7.90e-01	1.30e-01	6.72e-02
 6.53427e+16	9.88e-01	1.19e-02	6.65e-08	0.00e+00	0.00e+00	0.00e+00	0.00e+00	0.00e+00	0.00e+00	7.90e-01	1.31e-01	6.73e-02
 6.53438e+16	9.88e-01	1.16e-02	6.36e-08	0.00e+00	0.00e+00	0.00e+00	0.00e+00	0.00e+00	0.00e+00	7.89e-01	1.32e-01	6.75e-02
 6.53449e+16	9.89e-01	1.14e-02	6.15e-08	0.00e+00	0.00e+00	0.00e+00	0.00e+00	0.00e+00	0.00e+00	7.88e-01	1.33e-01	6.76e-02
 6.53459e+16	9.89e-01	1.12e-02	5.88e-08	0.00e+00	0.00e+00	0.00e+00	0.00e+00	0.00e+00	0.00e+00	7.87e-01	1.34e-01	6.78e-02
 6.53468e+16	9.89e-01	1.10e-02	5.71e-08	0.00e+00	0.00e+00	0.00e+00	0.00e+00	0.00e+00	0.00e+00	7.87e-01	1.34e-01	6.80e-02
 6.53477e+16	9.89e-01	1.08e-02	5.48e-08	0.00e+00	0.00e+00	0.00e+00	0.00e+00	0.00e+00	0.00e+00	7.86e-01	1.35e-01	6.82e-02
 6.53485e+16	9.89e-01	1.07e-02	5.32e-08	0.00e+00	0.00e+00	0.00e+00	0.00e+00	0.00e+00	0.00e+00	7.85e-01	1.36e-01	6.83e-02
 6.53492e+16	9.90e-01	1.05e-02	5.11e-08	0.00e+00	0.00e+00	0.00e+00	0.00e+00	0.00e+00	0.00e+00	7.84e-01	1.37e-01	6.85e-02
 6.53499e+16	9.90e-01	1.03e-02	4.97e-08	0.00e+00	0.00e+00	0.00e+00	0.00e+00	0.00e+00	0.00e+00	7.84e-01	1.37e-01	6.86e-02
 6.53506e+16	9.90e-01	1.01e-02	4.77e-08	0.00e+00	0.00e+00	0.00e+00	0.00e+00	0.00e+00	0.00e+00	7.82e-01	1.39e-01	6.89e-02
 6.53513e+16	9.90e-01	9.91e-03	4.59e-08	0.00e+00	0.00e+00	0.00e+00	0.00e+00	0.00e+00	0.00e+00	7.81e-01	1.40e-01	6.91e-02
 6.53519e+16	9.90e-01	9.72e-03	4.42e-08	0.00e+00	0.00e+00	0.00e+00	0.00e+00	0.00e+00	0.00e+00	7.80e-01	1.41e-01	6.93e-02
 6.53526e+16	9.90e-01	9.51e-03	4.24e-08	0.00e+00	0.00e+00	0.00e+00	0.00e+00	0.00e+00	0.00e+00	7.79e-01	1.42e-01	6.95e-02
 6.53533e+16	9.91e-01	9.28e-03	4.05e-08	0.00e+00	0.00e+00	0.00e+00	0.00e+00	0.00e+00	0.00e+00	7.78e-01	1.43e-01	6.98e-02
 6.53539e+16	9.91e-01	9.03e-03	3.84e-08	0.00e+00	0.00e+00	0.00e+00	0.00e+00	0.00e+00	0.00e+00	7.76e-01	1.45e-01	7.00e-02
 6.53546e+16	9.91e-01	8.69e-03	3.58e-08	0.00e+00	0.00e+00	0.00e+00	0.00e+00	0.00e+00	0.00e+00	7.74e-01	1.47e-01	7.05e-02
 6.53552e+16	9.92e-01	8.33e-03	3.32e-08	0.00e+00	0.00e+00	0.00e+00	0.00e+00	0.00e+00	0.00e+00	7.71e-01	1.49e-01	7.09e-02
 6.53559e+16	9.92e-01	7.83e-03	2.98e-08	0.00e+00	0.00e+00	0.00e+00	0.00e+00	0.00e+00	0.00e+00	7.67e-01	1.53e-01	7.16e-02
 6.53565e+16	9.95e-01	4.61e-03	1.16e-08	0.00e+00	0.00e+00	0.00e+00	0.00e+00	0.00e+00	0.00e+00	7.34e-01	1.85e-01	7.59e-02
